time,x,y,z
1776884400.008103,6.0,-7.0,-51.0
1776884400.0181026,10.0,-5.0,-54.0
1776884400.0281026,7.0,-4.0,-56.0
1776884400.0381026,1.0,-2.0,-54.0
1776884400.0481029,-2.0,0.0,-56.0
1776884400.0581028,-3.0,0.0,-47.0
1776884400.0681028,-7.0,0.0,-44.0
1776884400.0781028,-1.0,0.0,-47.0
1776884400.0881028,0.0,-3.0,-49.0
1776884400.0981028,3.0,-1.0,-52.0
1776884400.1081028,7.0,0.0,-49.0
1776884400.1181028,4.0,0.0,-49.0
1776884400.1281028,1.0,0.0,-56.0
1776884400.1381028,2.0,2.0,-53.0
1776884400.1481028,3.0,1.0,-43.0
1776884400.1581028,7.0,2.0,-42.0
1776884400.1681027,7.0,2.0,-39.0
1776884400.1781027,1.0,2.0,-35.0
1776884400.1881027,-1.0,2.0,-37.0
1776884400.1981027,-1.0,-1.0,-34.0
1776884400.2081027,-3.0,0.0,-41.0
1776884400.2181027,-6.0,-2.0,-44.0
1776884400.2281027,-4.0,-2.0,-41.0
1776884400.238103,-4.0,-3.0,-41.0
1776884400.248103,-4.0,-4.0,-38.0
1776884400.258103,0.0,-4.0,-40.0
1776884400.2681026,0.0,-2.0,-46.0
1776884400.2781026,1.0,-5.0,-40.0
1776884400.2881026,6.0,0.0,-34.0
1776884400.2981029,6.0,0.0,-32.0
1776884400.3081028,7.0,0.0,-28.0
1776884400.3181028,7.0,0.0,-31.0
1776884400.3281028,7.0,2.0,-34.0
1776884400.3381028,4.0,1.0,-34.0
1776884400.3481028,4.0,-2.0,-39.0
1776884400.3581028,5.0,-5.0,-39.0
1776884400.3681028,4.0,-3.0,-40.0
1776884400.3781028,-5.0,-1.0,-36.0
1776884400.3881028,-8.0,-1.0,-41.0
1776884400.3981028,-7.0,-4.0,-46.0
1776884400.4081028,-5.0,-1.0,-49.0
1776884400.4181027,-2.0,0.0,-52.0
1776884400.4281027,-3.0,0.0,-49.0
1776884400.4381027,-8.0,-3.0,-45.0
1776884400.4481027,-12.0,-4.0,-39.0
1776884400.4581027,-10.0,0.0,-35.0
1776884400.4681027,-7.0,2.0,-37.0
1776884400.4781027,-6.0,0.0,-43.0
1776884400.488103,-2.0,4.0,-40.0
1776884400.498103,-1.0,1.0,-39.0
1776884400.508103,2.0,1.0,-42.0
1776884400.5181026,1.0,0.0,-47.0
1776884400.5281026,-3.0,2.0,-50.0
1776884400.5381026,-1.0,-1.0,-52.0
1776884400.5481029,-1.0,-3.0,-55.0
1776884400.5581028,-3.0,-2.0,-53.0
1776884400.5681028,-7.0,-3.0,-55.0
1776884400.5781028,-4.0,-2.0,-48.0
1776884400.5881028,-5.0,1.0,-39.0
1776884400.5981028,-1.0,1.0,-36.0
1776884400.6081028,0.0,3.0,-45.0
1776884400.6181028,-2.0,2.0,-48.0
1776884400.6281028,-2.0,0.0,-46.0
1776884400.6381028,0.0,0.0,-50.0
1776884400.6481028,0.0,-3.0,-50.0
1776884400.6581028,2.0,-5.0,-52.0
1776884400.6681027,-1.0,-5.0,-54.0
1776884400.6781027,2.0,-1.0,-48.0
1776884400.6881027,1.0,0.0,-52.0
1776884400.6981027,-2.0,0.0,-52.0
1776884400.7081027,0.0,-2.0,-55.0
1776884400.7181027,-1.0,-5.0,-53.0
1776884400.7281027,0.0,-4.0,-56.0
1776884400.738103,1.0,-3.0,-58.0
1776884400.748103,-2.0,-4.0,-56.0
1776884400.758103,-3.0,1.0,-55.0
1776884400.7681026,0.0,0.0,-53.0
1776884400.7781026,0.0,-3.0,-55.0
1776884400.7881026,2.0,-2.0,-50.0
1776884400.7981029,0.0,0.0,-42.0
1776884400.8081028,-6.0,-2.0,-37.0
1776884400.8181028,-3.0,-4.0,-43.0
1776884400.8281028,-7.0,-2.0,-46.0
1776884400.8381028,-7.0,-2.0,-43.0
1776884400.8481028,-8.0,-1.0,-43.0
1776884400.8581028,-12.0,0.0,-43.0
1776884400.8681028,-8.0,2.0,-41.0
1776884400.8781028,-3.0,1.0,-36.0
1776884400.8881028,-4.0,1.0,-38.0
1776884400.8981028,-3.0,0.0,-44.0
1776884400.9081028,-1.0,-1.0,-42.0
1776884400.9181027,3.0,0.0,-40.0
1776884400.9281027,6.0,0.0,-47.0
1776884400.9381027,8.0,0.0,-53.0
1776884400.9481027,4.0,0.0,-49.0
1776884400.9581027,3.0,0.0,-46.0
1776884400.9681027,3.0,-1.0,-51.0
1776884400.9781027,0.0,-4.0,-48.0
1776884400.988103,0.0,-8.0,-53.0
1776884400.998103,0.0,-8.0,-56.0
1776884401.008103,0.0,-3.0,-50.0
1776884401.0181026,5.0,-3.0,-45.0
1776884401.0281026,10.0,-5.0,-48.0
1776884401.0381026,8.0,-6.0,-53.0
1776884401.0481029,5.0,-6.0,-58.0
1776884401.0581028,5.0,-2.0,-57.0
1776884401.0681028,1.0,-5.0,-55.0
1776884401.0781028,1.0,-4.0,-59.0
1776884401.0881028,0.0,-1.0,-55.0
1776884401.0981028,0.0,-2.0,-57.0
1776884401.1081028,5.0,0.0,-53.0
1776884401.1181028,3.0,2.0,-51.0
1776884401.1281028,3.0,0.0,-47.0
1776884401.1381028,0.0,-2.0,-51.0
1776884401.1481028,0.0,-2.0,-54.0
1776884401.1581028,-1.0,1.0,-54.0
1776884401.1681027,1.0,-3.0,-50.0
1776884401.1781027,-2.0,0.0,-47.0
1776884401.1881027,-3.0,0.0,-43.0
1776884401.1981027,-3.0,4.0,-40.0
1776884401.2081027,-2.0,3.0,-40.0
1776884401.2181027,-3.0,1.0,-41.0
1776884401.2281027,-4.0,3.0,-47.0
1776884401.238103,-6.0,1.0,-55.0
1776884401.248103,-5.0,0.0,-58.0
1776884401.258103,-5.0,-1.0,-55.0
1776884401.2681026,-3.0,0.0,-65.0
1776884401.2781026,-3.0,0.0,-62.0
1776884401.2881026,-3.0,0.0,-61.0
1776884401.2981029,-7.0,-5.0,-52.0
1776884401.3081028,-9.0,-5.0,-54.0
1776884401.3181028,-7.0,-4.0,-51.0
1776884401.3281028,-6.0,-3.0,-49.0
1776884401.3381028,-4.0,-4.0,-50.0
1776884401.3481028,-5.0,-5.0,-50.0
1776884401.3581028,0.0,-4.0,-38.0
1776884401.3681028,-1.0,-3.0,-40.0
1776884401.3781028,1.0,-3.0,-41.0
1776884401.3881028,4.0,1.0,-43.0
1776884401.3981028,2.0,1.0,-41.0
1776884401.4081028,-1.0,0.0,-43.0
1776884401.4181027,-5.0,-1.0,-43.0
1776884401.4281027,1.0,-2.0,-38.0
1776884401.4381027,2.0,0.0,-38.0
1776884401.4481027,4.0,0.0,-38.0
1776884401.4581027,9.0,-7.0,-40.0
1776884401.4681027,6.0,-7.0,-45.0
1776884401.4781027,0.0,-10.0,-50.0
1776884401.488103,-4.0,-9.0,-52.0
1776884401.498103,-1.0,-8.0,-55.0
1776884401.508103,-1.0,-5.0,-58.0
1776884401.5181026,0.0,-3.0,-62.0
1776884401.5281026,0.0,1.0,-59.0
1776884401.5381026,-2.0,2.0,-52.0
1776884401.5481029,-3.0,-1.0,-52.0
1776884401.5581028,-5.0,-2.0,-51.0
1776884401.5681028,-5.0,-2.0,-55.0
1776884401.5781028,-5.0,-3.0,-51.0
1776884401.5881028,-2.0,0.0,-47.0
1776884401.5981028,4.0,2.0,-48.0
1776884401.6081028,4.0,-1.0,-55.0
1776884401.6181028,2.0,-1.0,-55.0
1776884401.6281028,4.0,0.0,-51.0
1776884401.6381028,7.0,-5.0,-50.0
1776884401.6481028,7.0,-6.0,-51.0
1776884401.6581028,9.0,-4.0,-53.0
1776884401.6681027,3.0,-4.0,-52.0
1776884401.6781027,-2.0,-10.0,-48.0
1776884401.6881027,0.0,-8.0,-46.0
1776884401.6981027,2.0,-8.0,-47.0
1776884401.7091026,4.0,-5.0,-43.0
1776884401.7191026,4.0,-3.0,-46.0
1776884401.7281027,5.0,-3.0,-41.0
1776884401.738103,6.0,1.0,-37.0
1776884401.7491028,7.0,0.0,-39.0
1776884401.7591028,5.0,-4.0,-38.0
1776884401.7691028,2.0,-1.0,-39.0
1776884401.7791028,0.0,-2.0,-44.0
1776884401.7891028,-4.0,-6.0,-50.0
1776884401.7991028,-6.0,-5.0,-50.0
1776884401.8091028,-3.0,-3.0,-50.0
1776884401.8191028,2.0,-3.0,-51.0
1776884401.8291028,7.0,-7.0,-42.0
1776884401.8391027,2.0,-5.0,-37.0
1776884401.8491027,0.0,-1.0,-35.0
1776884401.8591027,-2.0,-2.0,-38.0
1776884401.8691027,-2.0,0.0,-45.0
1776884401.8791027,-1.0,1.0,-55.0
1776884401.8891027,3.0,2.0,-51.0
1776884401.8991027,0.0,0.0,-50.0
1776884401.909103,0.0,-4.0,-54.0
1776884401.919103,2.0,-4.0,-54.0
1776884401.929103,1.0,-1.0,-51.0
1776884401.9391026,-1.0,0.0,-58.0
1776884401.9491026,0.0,-3.0,-56.0
1776884401.9591026,5.0,-2.0,-56.0
1776884401.9691026,4.0,-4.0,-57.0
1776884401.9791028,4.0,-3.0,-53.0
1776884401.9891028,7.0,-4.0,-46.0
1776884401.9991028,10.0,-9.0,-38.0
1776884402.0091028,8.0,-10.0,-40.0
1776884402.0191028,11.0,-5.0,-39.0
1776884402.0291028,7.0,-1.0,-34.0
1776884402.0391028,6.0,-2.0,-37.0
1776884402.0491028,5.0,-3.0,-44.0
1776884402.0591028,8.0,-6.0,-49.0
1776884402.0691028,9.0,-6.0,-52.0
1776884402.0791028,7.0,-10.0,-53.0
1776884402.0891027,8.0,-9.0,-45.0
1776884402.0991027,5.0,-8.0,-41.0
1776884402.1091027,6.0,-7.0,-45.0
1776884402.1191027,9.0,-4.0,-45.0
1776884402.1291027,4.0,-1.0,-45.0
1776884402.1391027,5.0,-2.0,-47.0
1776884402.1491027,6.0,-1.0,-48.0
1776884402.159103,9.0,0.0,-47.0
1776884402.169103,7.0,-3.0,-49.0
1776884402.179103,5.0,-4.0,-55.0
1776884402.1891026,6.0,0.0,-49.0
1776884402.1991026,4.0,1.0,-50.0
1776884402.2091026,4.0,1.0,-55.0
1776884402.2191026,3.0,-1.0,-54.0
1776884402.2291028,7.0,0.0,-50.0
1776884402.2391028,4.0,-1.0,-45.0
1776884402.2491028,1.0,0.0,-45.0
1776884402.2591028,4.0,2.0,-48.0
1776884402.2691028,0.0,-1.0,-48.0
1776884402.2791028,-1.0,0.0,-44.0
1776884402.2891028,1.0,-2.0,-44.0
1776884402.2991028,0.0,-4.0,-48.0
1776884402.3091028,3.0,-5.0,-52.0
1776884402.3191028,2.0,-3.0,-50.0
1776884402.3291028,-2.0,1.0,-49.0
1776884402.3391027,-3.0,-1.0,-47.0
1776884402.3491027,0.0,0.0,-44.0
1776884402.3591027,1.0,1.0,-39.0
1776884402.3691027,4.0,0.0,-47.0
1776884402.3791027,6.0,1.0,-48.0
1776884402.3891027,8.0,0.0,-47.0
1776884402.3991027,6.0,-1.0,-41.0
1776884402.409103,6.0,-4.0,-50.0
1776884402.419103,-1.0,-8.0,-54.0
1776884402.429103,0.0,-4.0,-50.0
1776884402.4391026,-2.0,-1.0,-52.0
1776884402.4491026,-3.0,-1.0,-47.0
1776884402.4591026,-4.0,-4.0,-49.0
1776884402.4691026,0.0,-3.0,-45.0
1776884402.4791028,0.0,-3.0,-41.0
1776884402.4891028,-1.0,-1.0,-43.0
1776884402.4991028,-1.0,-4.0,-40.0
1776884402.5091028,-2.0,-5.0,-45.0
1776884402.5191028,-9.0,-5.0,-55.0
1776884402.5291028,-7.0,-1.0,-58.0
1776884402.5391028,-3.0,0.0,-57.0
1776884402.5491028,0.0,0.0,-53.0
1776884402.5591028,4.0,0.0,-48.0
1776884402.5691028,6.0,-4.0,-46.0
1776884402.5791028,2.0,-3.0,-48.0
1776884402.5891027,1.0,-4.0,-51.0
1776884402.5991027,2.0,-3.0,-45.0
1776884402.6091027,1.0,-4.0,-52.0
1776884402.6191027,5.0,-3.0,-48.0
1776884402.6291027,6.0,-4.0,-46.0
1776884402.6391027,2.0,-5.0,-52.0
1776884402.6491027,3.0,-3.0,-54.0
1776884402.659103,8.0,1.0,-48.0
1776884402.669103,5.0,8.0,-46.0
1776884402.679103,6.0,4.0,-47.0
1776884402.6891026,10.0,0.0,-50.0
1776884402.6991026,9.0,0.0,-48.0
1776884402.7091026,6.0,3.0,-46.0
1776884402.7191026,8.0,-2.0,-44.0
1776884402.7291028,7.0,0.0,-48.0
1776884402.7391028,3.0,0.0,-51.0
1776884402.7491028,-2.0,-3.0,-54.0
1776884402.7591028,0.0,-6.0,-44.0
1776884402.7691028,1.0,-3.0,-44.0
1776884402.7791028,5.0,-3.0,-44.0
1776884402.7891028,5.0,-3.0,-45.0
1776884402.7991028,4.0,-1.0,-42.0
1776884402.8091028,5.0,-1.0,-46.0
1776884402.8191028,5.0,-2.0,-45.0
1776884402.8291028,4.0,-2.0,-46.0
1776884402.8391027,7.0,0.0,-43.0
1776884402.8491027,0.0,-2.0,-41.0
1776884402.8591027,0.0,-3.0,-42.0
1776884402.8691027,3.0,-2.0,-38.0
1776884402.8791027,3.0,-3.0,-41.0
1776884402.8891027,1.0,-2.0,-46.0
1776884402.8991027,-1.0,-2.0,-48.0
1776884402.909103,-1.0,-2.0,-48.0
1776884402.919103,-1.0,0.0,-56.0
1776884402.929103,-1.0,0.0,-56.0
1776884402.9391026,6.0,-1.0,-58.0
1776884402.9491026,11.0,-2.0,-59.0
1776884402.9591026,5.0,-2.0,-64.0
1776884402.9691026,-4.0,-2.0,-61.0
1776884402.9791028,-2.0,0.0,-55.0
1776884402.9891028,0.0,0.0,-51.0
1776884402.9991028,2.0,0.0,-49.0
1776884403.0091028,1.0,-2.0,-45.0
1776884403.0191028,-1.0,-1.0,-47.0
1776884403.0291028,1.0,0.0,-48.0
1776884403.0391028,-1.0,4.0,-50.0
1776884403.0491028,0.0,4.0,-48.0
1776884403.0591028,0.0,3.0,-47.0
1776884403.0691028,1.0,3.0,-49.0
1776884403.0791028,0.0,-1.0,-46.0
1776884403.0891027,0.0,-7.0,-54.0
1776884403.0991027,2.0,-4.0,-54.0
1776884403.1091027,0.0,-7.0,-53.0
1776884403.1191027,-1.0,-12.0,-53.0
1776884403.1291027,-3.0,-16.0,-48.0
1776884403.1391027,-1.0,-12.0,-50.0
1776884403.1491027,0.0,-10.0,-48.0
1776884403.159103,1.0,-4.0,-45.0
1776884403.169103,3.0,0.0,-43.0
1776884403.179103,1.0,0.0,-47.0
1776884403.1891026,-2.0,-2.0,-52.0
1776884403.1991026,-4.0,-3.0,-49.0
1776884403.2091026,-2.0,-3.0,-48.0
1776884403.2191026,2.0,1.0,-41.0
1776884403.2291028,6.0,3.0,-40.0
1776884403.2391028,4.0,0.0,-35.0
1776884403.2491028,7.0,-2.0,-39.0
1776884403.2591028,7.0,0.0,-49.0
1776884403.2691028,4.0,0.0,-52.0
1776884403.2791028,3.0,0.0,-50.0
1776884403.2891028,6.0,0.0,-45.0
1776884403.2991028,9.0,0.0,-47.0
1776884403.3091028,4.0,0.0,-52.0
1776884403.3191028,2.0,0.0,-49.0
1776884403.3291028,0.0,-2.0,-45.0
1776884403.3391027,0.0,-3.0,-51.0
1776884403.3491027,5.0,-6.0,-57.0
1776884403.3591027,8.0,-6.0,-55.0
1776884403.3691027,10.0,-2.0,-53.0
1776884403.3791027,7.0,-2.0,-50.0
1776884403.3891027,7.0,-5.0,-48.0
1776884403.3991027,7.0,-10.0,-43.0
1776884403.409103,6.0,-5.0,-40.0
1776884403.419103,9.0,0.0,-35.0
1776884403.429103,9.0,2.0,-41.0
1776884403.4391026,7.0,0.0,-45.0
1776884403.4491026,3.0,2.0,-45.0
1776884403.4591026,4.0,2.0,-44.0
1776884403.4691026,2.0,-1.0,-41.0
1776884403.4791028,2.0,-1.0,-46.0
1776884403.4891028,2.0,0.0,-50.0
1776884403.4991028,2.0,0.0,-44.0
1776884403.5091028,0.0,-1.0,-42.0
1776884403.5191028,5.0,-1.0,-54.0
1776884403.5291028,2.0,1.0,-47.0
1776884403.5391028,2.0,0.0,-45.0
1776884403.5491028,7.0,-2.0,-38.0
1776884403.5591028,7.0,-2.0,-40.0
1776884403.5691028,7.0,-1.0,-42.0
1776884403.5791028,-3.0,-3.0,-40.0
1776884403.5891027,-6.0,-3.0,-40.0
1776884403.5991027,-7.0,0.0,-38.0
1776884403.6091027,2.0,2.0,-36.0
1776884403.6191027,5.0,4.0,-31.0
1776884403.6291027,3.0,3.0,-29.0
1776884403.6391027,0.0,0.0,-31.0
1776884403.6491027,-1.0,-3.0,-33.0
1776884403.659103,0.0,3.0,-35.0
1776884403.669103,-1.0,0.0,-42.0
1776884403.679103,0.0,-5.0,-44.0
1776884403.6891026,4.0,-7.0,-52.0
1776884403.6991026,2.0,-1.0,-52.0
1776884403.7091026,0.0,-2.0,-50.0
1776884403.7191026,0.0,-4.0,-49.0
1776884403.7301028,0.0,-2.0,-53.0
1776884403.7401028,0.0,-1.0,-53.0
1776884403.7501028,1.0,-2.0,-48.0
1776884403.7601027,-1.0,-3.0,-49.0
1776884403.7701027,-2.0,-1.0,-43.0
1776884403.7801027,-3.0,-3.0,-48.0
1776884403.7901027,-4.0,-2.0,-51.0
1776884403.8001027,-5.0,-2.0,-49.0
1776884403.8101027,-3.0,-4.0,-46.0
1776884403.8201027,-7.0,-4.0,-39.0
1776884403.8301027,0.0,-2.0,-40.0
1776884403.840103,3.0,0.0,-44.0
1776884403.850103,8.0,3.0,-41.0
1776884403.860103,4.0,1.0,-44.0
1776884403.8701026,0.0,0.0,-45.0
1776884403.8801026,-2.0,-1.0,-49.0
1776884403.8901026,-4.0,-2.0,-49.0
1776884403.9001029,-3.0,-1.0,-51.0
1776884403.9101028,-6.0,0.0,-54.0
1776884403.9201028,-5.0,3.0,-52.0
1776884403.9301028,-5.0,1.0,-55.0
1776884403.9401028,-1.0,4.0,-60.0
1776884403.9501028,-1.0,2.0,-62.0
1776884403.9601028,1.0,2.0,-59.0
1776884403.9701028,-2.0,4.0,-56.0
1776884403.9801028,-2.0,5.0,-56.0
1776884403.9901028,0.0,5.0,-51.0
1776884404.0001028,2.0,6.0,-49.0
1776884404.0101027,4.0,4.0,-46.0
1776884404.0201027,0.0,4.0,-46.0
1776884404.0301027,4.0,2.0,-37.0
1776884404.0401027,2.0,-1.0,-35.0
1776884404.0501027,1.0,0.0,-31.0
1776884404.0601027,0.0,0.0,-34.0
1776884404.0701027,0.0,-2.0,-38.0
1776884404.0801027,-4.0,-6.0,-39.0
1776884404.090103,2.0,-5.0,-41.0
1776884404.100103,2.0,-10.0,-35.0
1776884404.110103,2.0,-10.0,-34.0
1776884404.1201026,0.0,-7.0,-40.0
1776884404.1301026,2.0,-3.0,-43.0
1776884404.1401026,3.0,-4.0,-49.0
1776884404.1501029,0.0,0.0,-40.0
1776884404.1601028,3.0,-3.0,-45.0
1776884404.1701028,1.0,-1.0,-45.0
1776884404.1801028,0.0,0.0,-41.0
1776884404.1901028,9.0,2.0,-43.0
1776884404.2001028,3.0,2.0,-51.0
1776884404.2101028,-1.0,3.0,-54.0
1776884404.2201028,-1.0,0.0,-59.0
1776884404.2301028,0.0,0.0,-54.0
1776884404.2401028,-1.0,1.0,-54.0
1776884404.2501028,1.0,0.0,-48.0
1776884404.2601027,-1.0,4.0,-43.0
1776884404.2701027,-6.0,0.0,-44.0
1776884404.2801027,-9.0,0.0,-43.0
1776884404.2901027,-1.0,0.0,-45.0
1776884404.3001027,-3.0,-1.0,-41.0
1776884404.3101027,-2.0,-2.0,-43.0
1776884404.3201027,-8.0,-1.0,-44.0
1776884404.3301027,-1.0,-1.0,-45.0
1776884404.340103,1.0,-1.0,-50.0
1776884404.350103,4.0,2.0,-46.0
1776884404.360103,2.0,3.0,-45.0
1776884404.3701026,3.0,0.0,-42.0
1776884404.3801026,2.0,1.0,-39.0
1776884404.3901026,4.0,2.0,-38.0
1776884404.4001029,1.0,1.0,-43.0
1776884404.4101028,1.0,0.0,-46.0
1776884404.4201028,-3.0,0.0,-45.0
1776884404.4301028,0.0,-1.0,-45.0
1776884404.4401028,-3.0,-2.0,-42.0
1776884404.4501028,-1.0,-5.0,-47.0
1776884404.4601028,-1.0,-2.0,-44.0
1776884404.4701028,1.0,-2.0,-45.0
1776884404.4801028,-3.0,-1.0,-40.0
1776884404.4901028,-5.0,0.0,-39.0
1776884404.5001028,-2.0,0.0,-37.0
1776884404.5101027,-3.0,-2.0,-44.0
1776884404.5201027,0.0,-1.0,-45.0
1776884404.5301027,-6.0,1.0,-47.0
1776884404.5401027,-5.0,-1.0,-46.0
1776884404.5501027,-2.0,-4.0,-42.0
1776884404.5601027,0.0,-1.0,-45.0
1776884404.5701027,0.0,0.0,-45.0
1776884404.5801027,1.0,-3.0,-44.0
1776884404.590103,2.0,-2.0,-45.0
1776884404.600103,5.0,0.0,-45.0
1776884404.610103,1.0,0.0,-49.0
1776884404.6201026,5.0,5.0,-50.0
1776884404.6301026,5.0,4.0,-53.0
1776884404.6401026,1.0,2.0,-56.0
1776884404.6501029,2.0,2.0,-56.0
1776884404.6601028,0.0,0.0,-53.0
1776884404.6701028,3.0,0.0,-48.0
1776884404.6801028,2.0,-4.0,-48.0
1776884404.6901028,-1.0,-7.0,-51.0
1776884404.7001028,0.0,-7.0,-46.0
1776884404.7101028,6.0,-6.0,-42.0
1776884404.7201028,5.0,-4.0,-42.0
1776884404.7301028,3.0,-2.0,-50.0
1776884404.7401028,4.0,-3.0,-49.0
1776884404.7501028,4.0,-5.0,-55.0
1776884404.7601027,6.0,-1.0,-59.0
1776884404.7701027,6.0,-6.0,-56.0
1776884404.7801027,5.0,-8.0,-55.0
1776884404.7901027,7.0,-10.0,-48.0
1776884404.8001027,5.0,-6.0,-47.0
1776884404.8101027,6.0,-6.0,-49.0
1776884404.8201027,5.0,-3.0,-44.0
1776884404.8301027,2.0,0.0,-48.0
1776884404.840103,4.0,1.0,-45.0
1776884404.850103,6.0,0.0,-52.0
1776884404.860103,3.0,0.0,-52.0
1776884404.8701026,-2.0,1.0,-50.0
1776884404.8801026,-6.0,-1.0,-55.0
1776884404.8901026,-1.0,-3.0,-61.0
1776884404.9001029,3.0,-8.0,-67.0
1776884404.9101028,0.0,-6.0,-64.0
1776884404.9201028,-3.0,-13.0,-61.0
1776884404.9301028,-2.0,-15.0,-57.0
1776884404.9401028,0.0,-12.0,-58.0
1776884404.9501028,-1.0,-10.0,-55.0
1776884404.9601028,3.0,-11.0,-45.0
1776884404.9701028,3.0,-11.0,-44.0
1776884404.9801028,3.0,-11.0,-45.0
1776884404.9901028,3.0,-13.0,-43.0
1776884405.0001028,0.0,-9.0,-39.0
1776884405.0101027,3.0,-6.0,-40.0
1776884405.0201027,6.0,-2.0,-31.0
1776884405.0301027,4.0,0.0,-32.0
1776884405.0401027,3.0,0.0,-40.0
1776884405.0501027,4.0,0.0,-36.0
1776884405.0601027,4.0,0.0,-42.0
1776884405.0701027,5.0,0.0,-40.0
1776884405.0801027,4.0,2.0,-39.0
1776884405.090103,4.0,4.0,-41.0
1776884405.100103,3.0,1.0,-37.0
1776884405.110103,0.0,5.0,-39.0
1776884405.1201026,0.0,2.0,-42.0
1776884405.1301026,0.0,1.0,-44.0
1776884405.1401026,-4.0,-1.0,-44.0
1776884405.1501029,-6.0,-1.0,-52.0
1776884405.1601028,-4.0,0.0,-50.0
1776884405.1701028,-4.0,-2.0,-48.0
1776884405.1801028,-3.0,-6.0,-44.0
1776884405.1901028,-3.0,-3.0,-53.0
1776884405.2001028,-2.0,-3.0,-54.0
1776884405.2101028,-1.0,0.0,-50.0
1776884405.2201028,4.0,-1.0,-47.0
1776884405.2301028,1.0,-3.0,-44.0
1776884405.2401028,4.0,-1.0,-46.0
1776884405.2501028,3.0,0.0,-48.0
1776884405.2601027,1.0,0.0,-49.0
1776884405.2701027,1.0,-2.0,-48.0
1776884405.2801027,0.0,-4.0,-54.0
1776884405.2901027,-2.0,-5.0,-50.0
1776884405.3001027,-3.0,-3.0,-59.0
1776884405.3101027,-2.0,-6.0,-57.0
1776884405.3201027,-2.0,-5.0,-55.0
1776884405.3301027,-3.0,-4.0,-54.0
1776884405.340103,-4.0,-9.0,-55.0
1776884405.350103,-1.0,-7.0,-48.0
1776884405.360103,1.0,0.0,-44.0
1776884405.3701026,2.0,-3.0,-44.0
1776884405.3801026,3.0,-4.0,-47.0
1776884405.3901026,4.0,-2.0,-50.0
1776884405.4001029,2.0,0.0,-52.0
1776884405.4101028,-1.0,0.0,-48.0
1776884405.4201028,4.0,0.0,-47.0
1776884405.4301028,0.0,1.0,-44.0
1776884405.4401028,1.0,3.0,-52.0
1776884405.4501028,-4.0,1.0,-54.0
1776884405.4601028,-3.0,1.0,-51.0
1776884405.4701028,-5.0,4.0,-49.0
1776884405.4801028,-4.0,0.0,-56.0
1776884405.4901028,-2.0,1.0,-54.0
1776884405.5001028,0.0,-4.0,-51.0
1776884405.5101027,-6.0,-7.0,-52.0
1776884405.5201027,-6.0,-7.0,-48.0
1776884405.5301027,-2.0,-3.0,-48.0
1776884405.5401027,-3.0,-2.0,-50.0
1776884405.5501027,-5.0,0.0,-56.0
1776884405.5601027,-7.0,0.0,-55.0
1776884405.5701027,-4.0,-2.0,-56.0
1776884405.5801027,0.0,0.0,-50.0
1776884405.590103,2.0,8.0,-46.0
1776884405.600103,3.0,9.0,-50.0
1776884405.610103,3.0,5.0,-51.0
1776884405.6201026,2.0,3.0,-49.0
1776884405.6301026,0.0,3.0,-54.0
1776884405.6401026,4.0,-1.0,-62.0
1776884405.6501029,5.0,1.0,-64.0
1776884405.6601028,-1.0,-2.0,-58.0
1776884405.6711028,0.0,-1.0,-49.0
1776884405.6811028,0.0,2.0,-47.0
1776884405.6911027,-1.0,5.0,-49.0
1776884405.7011027,-4.0,1.0,-53.0
1776884405.7111027,-5.0,1.0,-53.0
1776884405.7211027,-3.0,0.0,-51.0
1776884405.7311027,-1.0,1.0,-49.0
1776884405.7411027,-1.0,1.0,-47.0
1776884405.7511027,-1.0,3.0,-48.0
1776884405.761103,1.0,2.0,-47.0
1776884405.771103,-3.0,0.0,-43.0
1776884405.781103,-3.0,0.0,-47.0
1776884405.7911026,-2.0,0.0,-52.0
1776884405.8011026,-4.0,2.0,-58.0
1776884405.8111026,-1.0,-4.0,-50.0
1776884405.8211029,-1.0,-6.0,-51.0
1776884405.8311028,2.0,-10.0,-58.0
1776884405.8411028,-2.0,-3.0,-60.0
1776884405.8511028,1.0,-5.0,-61.0
1776884405.8611028,0.0,-5.0,-64.0
1776884405.8711028,0.0,0.0,-68.0
1776884405.8811028,1.0,-4.0,-68.0
1776884405.8911028,-2.0,-5.0,-68.0
1776884405.9011028,-3.0,-5.0,-63.0
1776884405.9111028,-3.0,-3.0,-56.0
1776884405.9211028,-1.0,0.0,-52.0
1776884405.9311028,-2.0,2.0,-51.0
1776884405.9411027,-3.0,1.0,-51.0
1776884405.9511027,2.0,-1.0,-53.0
1776884405.9611027,1.0,-3.0,-60.0
1776884405.9711027,-1.0,-2.0,-54.0
1776884405.9811027,-2.0,2.0,-50.0
1776884405.9911027,-2.0,1.0,-47.0
1776884406.0011027,-4.0,1.0,-43.0
1776884406.011103,-3.0,2.0,-41.0
1776884406.021103,-2.0,-2.0,-43.0
1776884406.031103,-1.0,0.0,-49.0
1776884406.0411026,0.0,4.0,-48.0
1776884406.0511026,-2.0,0.0,-43.0
1776884406.0611026,-7.0,0.0,-41.0
1776884406.0711029,-3.0,-3.0,-43.0
1776884406.0811028,-2.0,-11.0,-36.0
1776884406.0911028,1.0,-5.0,-37.0
1776884406.1011028,0.0,-5.0,-39.0
1776884406.1111028,1.0,-4.0,-42.0
1776884406.1211028,-1.0,-6.0,-49.0
1776884406.1311028,1.0,-3.0,-53.0
1776884406.1411028,2.0,0.0,-48.0
1776884406.1511028,3.0,0.0,-47.0
1776884406.1611028,5.0,0.0,-48.0
1776884406.1711028,1.0,1.0,-49.0
1776884406.1811028,0.0,2.0,-45.0
1776884406.1911027,0.0,4.0,-47.0
1776884406.2011027,3.0,-1.0,-55.0
1776884406.2111027,6.0,-2.0,-55.0
1776884406.2211027,5.0,-2.0,-50.0
1776884406.2311027,4.0,-4.0,-51.0
1776884406.2411027,8.0,-4.0,-45.0
1776884406.2511027,10.0,0.0,-42.0
1776884406.261103,10.0,3.0,-42.0
1776884406.271103,6.0,-1.0,-41.0
1776884406.281103,2.0,-1.0,-46.0
1776884406.2911026,-1.0,-2.0,-43.0
1776884406.3011026,0.0,-1.0,-52.0
1776884406.3111026,5.0,-1.0,-54.0
1776884406.3211029,6.0,-1.0,-56.0
1776884406.3311028,4.0,-2.0,-49.0
1776884406.3411028,6.0,-3.0,-44.0
1776884406.3511028,4.0,-1.0,-52.0
1776884406.3611028,4.0,0.0,-54.0
1776884406.3711028,2.0,-1.0,-57.0
1776884406.3811028,1.0,0.0,-59.0
1776884406.3911028,1.0,-2.0,-54.0
1776884406.4011028,-3.0,-3.0,-52.0
1776884406.4111028,-4.0,-3.0,-49.0
1776884406.4211028,1.0,-1.0,-47.0
1776884406.4311028,2.0,-1.0,-43.0
1776884406.4411027,0.0,2.0,-43.0
1776884406.4511027,2.0,5.0,-47.0
1776884406.4611027,0.0,6.0,-46.0
1776884406.4711027,-1.0,1.0,-55.0
1776884406.4811027,-5.0,0.0,-50.0
1776884406.4911027,-2.0,0.0,-49.0
1776884406.5011027,0.0,-1.0,-47.0
1776884406.511103,1.0,-2.0,-46.0
1776884406.521103,0.0,-2.0,-49.0
1776884406.531103,3.0,-1.0,-46.0
1776884406.5411026,4.0,0.0,-55.0
1776884406.5511026,3.0,0.0,-55.0
1776884406.5611026,4.0,2.0,-54.0
1776884406.5711029,2.0,1.0,-48.0
1776884406.5811028,-4.0,-1.0,-50.0
1776884406.5911028,-1.0,-3.0,-51.0
1776884406.6011028,0.0,0.0,-51.0
1776884406.6111028,0.0,2.0,-58.0
1776884406.6211028,2.0,6.0,-52.0
1776884406.6311028,-4.0,6.0,-54.0
1776884406.6411028,-5.0,1.0,-58.0
1776884406.6511028,-4.0,-1.0,-58.0
1776884406.6611028,-4.0,-5.0,-57.0
1776884406.6711028,-2.0,-2.0,-56.0
1776884406.6811028,-1.0,1.0,-55.0
1776884406.6911027,-1.0,1.0,-51.0
1776884406.7011027,-5.0,-2.0,-46.0
1776884406.7111027,-9.0,1.0,-41.0
1776884406.7211027,-7.0,1.0,-39.0
1776884406.7311027,-6.0,0.0,-38.0
1776884406.7411027,-6.0,-2.0,-40.0
1776884406.7511027,-5.0,1.0,-47.0
1776884406.761103,-5.0,-2.0,-46.0
1776884406.771103,-2.0,-1.0,-48.0
1776884406.781103,-1.0,-6.0,-51.0
1776884406.7911026,0.0,-8.0,-47.0
1776884406.8011026,3.0,-5.0,-48.0
1776884406.8111026,0.0,-3.0,-50.0
1776884406.8211029,1.0,-5.0,-49.0
1776884406.8311028,8.0,2.0,-43.0
1776884406.8411028,8.0,4.0,-45.0
1776884406.8511028,11.0,2.0,-47.0
1776884406.8611028,10.0,3.0,-44.0
1776884406.8711028,6.0,4.0,-45.0
1776884406.8811028,3.0,0.0,-41.0
1776884406.8911028,3.0,1.0,-36.0
1776884406.9011028,0.0,0.0,-45.0
1776884406.9111028,-1.0,-1.0,-45.0
1776884406.9211028,-3.0,1.0,-41.0
1776884406.9311028,-3.0,2.0,-43.0
1776884406.9411027,-1.0,2.0,-50.0
1776884406.9511027,0.0,6.0,-52.0
1776884406.9611027,-1.0,3.0,-53.0
1776884406.9711027,0.0,4.0,-47.0
1776884406.9811027,1.0,5.0,-46.0
1776884406.9911027,2.0,3.0,-48.0
1776884407.0011027,0.0,0.0,-52.0
1776884407.011103,-1.0,0.0,-50.0
1776884407.021103,-1.0,2.0,-49.0
1776884407.031103,-5.0,0.0,-52.0
1776884407.0411026,-10.0,0.0,-58.0
1776884407.0511026,-6.0,2.0,-52.0
1776884407.0611026,-5.0,2.0,-54.0
1776884407.0711029,-5.0,-2.0,-50.0
1776884407.0811028,-3.0,-1.0,-53.0
1776884407.0911028,-5.0,-1.0,-44.0
1776884407.1011028,-2.0,-3.0,-41.0
1776884407.1111028,0.0,-5.0,-38.0
1776884407.1211028,-1.0,-9.0,-29.0
1776884407.1311028,0.0,-8.0,-27.0
1776884407.1411028,3.0,-10.0,-36.0
1776884407.1511028,1.0,-8.0,-42.0
1776884407.1611028,-1.0,-6.0,-47.0
1776884407.1711028,-3.0,-4.0,-41.0
1776884407.1811028,-4.0,-3.0,-39.0
1776884407.1911027,-3.0,-1.0,-40.0
1776884407.2011027,-4.0,1.0,-47.0
1776884407.2111027,-4.0,1.0,-49.0
1776884407.2211027,-1.0,2.0,-50.0
1776884407.2311027,3.0,3.0,-47.0
1776884407.2411027,1.0,5.0,-45.0
1776884407.2511027,1.0,7.0,-47.0
1776884407.261103,-3.0,6.0,-47.0
1776884407.271103,-10.0,3.0,-49.0
1776884407.281103,-6.0,5.0,-46.0
1776884407.2911026,-2.0,2.0,-48.0
1776884407.3011026,-4.0,3.0,-55.0
1776884407.3111026,-1.0,0.0,-56.0
1776884407.3211029,0.0,1.0,-55.0
1776884407.3311028,3.0,2.0,-56.0
1776884407.3411028,2.0,0.0,-51.0
1776884407.3511028,4.0,0.0,-52.0
1776884407.3611028,0.0,0.0,-51.0
1776884407.3711028,0.0,0.0,-51.0
1776884407.3811028,3.0,1.0,-53.0
1776884407.3911028,4.0,-2.0,-54.0
1776884407.4011028,2.0,-2.0,-53.0
1776884407.4111028,4.0,-3.0,-53.0
1776884407.4211028,3.0,-3.0,-54.0
1776884407.4311028,3.0,0.0,-56.0
1776884407.4411027,5.0,-2.0,-59.0
1776884407.4511027,4.0,0.0,-62.0
1776884407.4611027,7.0,1.0,-63.0
1776884407.4711027,7.0,1.0,-56.0
1776884407.4811027,5.0,-4.0,-52.0
1776884407.4911027,5.0,-7.0,-56.0
1776884407.5011027,2.0,-7.0,-50.0
1776884407.511103,3.0,-7.0,-45.0
1776884407.521103,4.0,-8.0,-44.0
1776884407.531103,4.0,-5.0,-51.0
1776884407.5411026,4.0,-6.0,-54.0
1776884407.5511026,7.0,-7.0,-52.0
1776884407.5611026,7.0,-7.0,-53.0
1776884407.5711029,6.0,-4.0,-54.0
1776884407.5811028,5.0,-4.0,-56.0
1776884407.5911028,3.0,1.0,-51.0
1776884407.6011028,-3.0,0.0,-47.0
1776884407.6121027,-4.0,3.0,-42.0
1776884407.6211028,-4.0,0.0,-38.0
1776884407.6311028,-2.0,-2.0,-40.0
1776884407.6421027,-1.0,0.0,-40.0
1776884407.6521027,-2.0,0.0,-41.0
1776884407.6621027,-5.0,0.0,-37.0
1776884407.6721027,-6.0,2.0,-38.0
1776884407.682103,-5.0,-1.0,-39.0
1776884407.692103,-3.0,-4.0,-37.0
1776884407.702103,-2.0,-8.0,-37.0
1776884407.712103,0.0,-9.0,-42.0
1776884407.7221026,0.0,-6.0,-43.0
1776884407.7321026,3.0,-1.0,-41.0
1776884407.7421026,5.0,0.0,-42.0
1776884407.7521029,5.0,2.0,-40.0
1776884407.7621028,5.0,0.0,-43.0
1776884407.7721028,4.0,2.0,-46.0
1776884407.7821028,1.0,1.0,-44.0
1776884407.7921028,0.0,2.0,-42.0
1776884407.8021028,0.0,2.0,-43.0
1776884407.8121028,2.0,-1.0,-43.0
1776884407.8221028,3.0,-3.0,-47.0
1776884407.8321028,0.0,-7.0,-53.0
1776884407.8421028,-1.0,-8.0,-58.0
1776884407.8521028,-2.0,-8.0,-58.0
1776884407.8621027,-3.0,-9.0,-61.0
1776884407.8721027,1.0,-9.0,-50.0
1776884407.8821027,5.0,-5.0,-49.0
1776884407.8921027,2.0,-1.0,-48.0
1776884407.9021027,1.0,-3.0,-49.0
1776884407.9121027,3.0,-2.0,-50.0
1776884407.9221027,2.0,-2.0,-54.0
1776884407.932103,1.0,2.0,-56.0
1776884407.942103,6.0,4.0,-58.0
1776884407.952103,8.0,4.0,-48.0
1776884407.962103,11.0,-1.0,-43.0
1776884407.9721026,8.0,0.0,-45.0
1776884407.9821026,8.0,2.0,-50.0
1776884407.9921026,12.0,3.0,-51.0
1776884408.0021029,11.0,3.0,-50.0
1776884408.0121028,6.0,-1.0,-53.0
1776884408.0221028,2.0,-4.0,-46.0
1776884408.0321028,3.0,-10.0,-41.0
1776884408.0421028,3.0,-6.0,-40.0
1776884408.0521028,-1.0,-4.0,-41.0
1776884408.0621028,-1.0,-7.0,-52.0
1776884408.0721028,0.0,-10.0,-52.0
1776884408.0821028,0.0,-10.0,-52.0
1776884408.0921028,0.0,-5.0,-55.0
1776884408.1021028,2.0,0.0,-55.0
1776884408.1121027,0.0,0.0,-58.0
1776884408.1221027,-1.0,3.0,-51.0
1776884408.1321027,2.0,3.0,-52.0
1776884408.1421027,6.0,2.0,-50.0
1776884408.1521027,6.0,6.0,-49.0
1776884408.1621027,10.0,5.0,-46.0
1776884408.1721027,7.0,0.0,-40.0
1776884408.182103,2.0,-1.0,-47.0
1776884408.192103,-7.0,-1.0,-42.0
1776884408.202103,-7.0,-1.0,-41.0
1776884408.212103,-6.0,-4.0,-44.0
1776884408.2221026,-2.0,1.0,-41.0
1776884408.2321026,0.0,-1.0,-47.0
1776884408.2421026,2.0,0.0,-50.0
1776884408.2521029,0.0,0.0,-49.0
1776884408.2621028,4.0,-4.0,-48.0
1776884408.2721028,1.0,-3.0,-54.0
1776884408.2821028,-1.0,-7.0,-51.0
1776884408.2921028,0.0,-9.0,-48.0
1776884408.3021028,0.0,-8.0,-45.0
1776884408.3121028,2.0,-8.0,-49.0
1776884408.3221028,4.0,-9.0,-57.0
1776884408.3321028,4.0,-9.0,-59.0
1776884408.3421028,10.0,-8.0,-56.0
1776884408.3521028,11.0,-10.0,-59.0
1776884408.3621027,5.0,-5.0,-63.0
1776884408.3721027,3.0,-5.0,-56.0
1776884408.3821027,3.0,-2.0,-49.0
1776884408.3921027,5.0,-7.0,-46.0
1776884408.4021027,2.0,-5.0,-48.0
1776884408.4121027,4.0,-5.0,-50.0
1776884408.4221027,5.0,-1.0,-53.0
1776884408.432103,4.0,-3.0,-59.0
1776884408.442103,5.0,-3.0,-57.0
1776884408.452103,5.0,-3.0,-53.0
1776884408.462103,2.0,-1.0,-51.0
1776884408.4721026,1.0,-1.0,-60.0
1776884408.4821026,0.0,-2.0,-54.0
1776884408.4921026,0.0,1.0,-52.0
1776884408.5021029,0.0,0.0,-42.0
1776884408.5121028,0.0,0.0,-36.0
1776884408.5221028,2.0,-1.0,-34.0
1776884408.5321028,-1.0,-1.0,-35.0
1776884408.5421028,2.0,-4.0,-36.0
1776884408.5521028,3.0,-4.0,-40.0
1776884408.5621028,3.0,-5.0,-48.0
1776884408.5721028,2.0,-3.0,-49.0
1776884408.5821028,3.0,-3.0,-52.0
1776884408.5921028,8.0,-2.0,-54.0
1776884408.6021028,4.0,-6.0,-53.0
1776884408.6121027,0.0,-4.0,-53.0
1776884408.6221027,0.0,0.0,-52.0
1776884408.6321027,0.0,0.0,-52.0
1776884408.6421027,0.0,0.0,-52.0
1776884408.6521027,0.0,-2.0,-51.0
1776884408.6621027,-1.0,-1.0,-53.0
1776884408.6721027,-5.0,1.0,-49.0
1776884408.682103,-5.0,2.0,-48.0
1776884408.692103,-5.0,2.0,-51.0
1776884408.702103,-8.0,-1.0,-51.0
1776884408.712103,-6.0,-3.0,-53.0
1776884408.7221026,-3.0,-1.0,-52.0
1776884408.7321026,-1.0,-1.0,-50.0
1776884408.7421026,4.0,1.0,-49.0
1776884408.7521029,0.0,2.0,-48.0
1776884408.7621028,-4.0,2.0,-52.0
1776884408.7721028,-4.0,0.0,-60.0
1776884408.7821028,-9.0,-2.0,-53.0
1776884408.7921028,-8.0,-2.0,-57.0
1776884408.8021028,-10.0,-6.0,-46.0
1776884408.8121028,-7.0,-8.0,-48.0
1776884408.8221028,-7.0,-5.0,-45.0
1776884408.8321028,0.0,-7.0,-49.0
1776884408.8421028,0.0,-5.0,-47.0
1776884408.8521028,-2.0,-1.0,-48.0
1776884408.8621027,-3.0,0.0,-45.0
1776884408.8721027,-1.0,-4.0,-42.0
1776884408.8821027,2.0,-2.0,-40.0
1776884408.8921027,0.0,-3.0,-49.0
1776884408.9021027,0.0,-1.0,-50.0
1776884408.9121027,-1.0,-4.0,-44.0
1776884408.9221027,-1.0,-8.0,-48.0
1776884408.932103,-2.0,-12.0,-51.0
1776884408.942103,-2.0,-8.0,-49.0
1776884408.952103,0.0,-4.0,-49.0
1776884408.962103,-3.0,-4.0,-49.0
1776884408.9721026,-5.0,-4.0,-48.0
1776884408.9821026,0.0,-3.0,-43.0
1776884408.9921026,0.0,-2.0,-44.0
1776884409.0021029,0.0,-1.0,-51.0
1776884409.0121028,0.0,-2.0,-60.0
1776884409.0221028,4.0,0.0,-59.0
1776884409.0321028,8.0,-1.0,-53.0
1776884409.0421028,10.0,0.0,-56.0
1776884409.0521028,8.0,-1.0,-51.0
1776884409.0621028,7.0,0.0,-47.0
1776884409.0721028,0.0,0.0,-52.0
1776884409.0821028,-3.0,0.0,-55.0
1776884409.0921028,-2.0,-2.0,-50.0
1776884409.1021028,-1.0,-6.0,-52.0
1776884409.1121027,-6.0,-4.0,-54.0
1776884409.1221027,-4.0,-5.0,-49.0
1776884409.1321027,-2.0,-5.0,-49.0
1776884409.1421027,0.0,-5.0,-51.0
1776884409.1521027,-4.0,-1.0,-46.0
1776884409.1621027,-6.0,-2.0,-45.0
1776884409.1721027,-6.0,-3.0,-49.0
1776884409.182103,-5.0,1.0,-46.0
1776884409.192103,-1.0,1.0,-41.0
1776884409.202103,4.0,-1.0,-42.0
1776884409.212103,2.0,-1.0,-43.0
1776884409.2221026,3.0,-3.0,-44.0
1776884409.2321026,0.0,-3.0,-50.0
1776884409.2421026,-2.0,-1.0,-47.0
1776884409.2521029,-7.0,-6.0,-48.0
1776884409.2621028,-7.0,-7.0,-55.0
1776884409.2721028,-4.0,-6.0,-57.0
1776884409.2821028,-7.0,-8.0,-55.0
1776884409.2921028,-6.0,-7.0,-44.0
1776884409.3021028,-5.0,-6.0,-42.0
1776884409.3121028,0.0,-3.0,-41.0
1776884409.3221028,4.0,-6.0,-45.0
1776884409.3321028,9.0,-6.0,-43.0
1776884409.3421028,8.0,-6.0,-47.0
1776884409.3521028,4.0,-8.0,-47.0
1776884409.3621027,5.0,-3.0,-48.0
1776884409.3721027,5.0,-5.0,-53.0
1776884409.3821027,6.0,-6.0,-50.0
1776884409.3921027,5.0,-5.0,-45.0
1776884409.4021027,6.0,-7.0,-42.0
1776884409.4121027,5.0,-4.0,-39.0
1776884409.4221027,6.0,-1.0,-41.0
1776884409.432103,8.0,-3.0,-44.0
1776884409.442103,5.0,-3.0,-47.0
1776884409.452103,3.0,-5.0,-52.0
1776884409.462103,4.0,-3.0,-55.0
1776884409.4721026,7.0,-2.0,-54.0
1776884409.4821026,7.0,-1.0,-52.0
1776884409.4921026,8.0,0.0,-54.0
1776884409.5021029,9.0,-1.0,-51.0
1776884409.5121028,8.0,-7.0,-48.0
1776884409.5221028,0.0,-8.0,-57.0
1776884409.5321028,0.0,-3.0,-59.0
1776884409.5421028,1.0,-5.0,-58.0
1776884409.5521028,1.0,-5.0,-61.0
1776884409.5621028,0.0,-3.0,-61.0
1776884409.5731027,0.0,-3.0,-62.0
1776884409.5821028,-2.0,-2.0,-57.0
1776884409.5921028,-3.0,-2.0,-51.0
1776884409.6031027,-3.0,-2.0,-45.0
1776884409.613103,-3.0,-6.0,-44.0
1776884409.623103,0.0,-9.0,-50.0
1776884409.633103,-1.0,-8.0,-51.0
1776884409.6431026,-1.0,-10.0,-51.0
1776884409.6531026,-1.0,-11.0,-49.0
1776884409.6631026,-5.0,-12.0,-50.0
1776884409.6731029,-8.0,-9.0,-49.0
1776884409.6831028,-3.0,-9.0,-42.0
1776884409.6931028,1.0,-8.0,-43.0
1776884409.7031028,5.0,-2.0,-46.0
1776884409.7131028,6.0,-3.0,-47.0
1776884409.7231028,-2.0,-3.0,-45.0
1776884409.7331028,0.0,-3.0,-43.0
1776884409.7431028,2.0,-3.0,-36.0
1776884409.7531028,1.0,-2.0,-35.0
1776884409.7631028,3.0,1.0,-39.0
1776884409.7731028,0.0,-3.0,-39.0
1776884409.7831028,1.0,-6.0,-45.0
1776884409.7931027,0.0,-8.0,-47.0
1776884409.8031027,-2.0,-7.0,-50.0
1776884409.8131027,-2.0,-8.0,-49.0
1776884409.8231027,0.0,-6.0,-51.0
1776884409.8331027,0.0,-1.0,-45.0
1776884409.8431027,5.0,-2.0,-46.0
1776884409.8531027,5.0,2.0,-48.0
1776884409.863103,9.0,2.0,-46.0
1776884409.873103,8.0,2.0,-48.0
1776884409.883103,4.0,3.0,-44.0
1776884409.8931026,3.0,4.0,-42.0
1776884409.9031026,5.0,4.0,-39.0
1776884409.9131026,7.0,-1.0,-41.0
1776884409.9231029,3.0,0.0,-43.0
1776884409.9331028,6.0,3.0,-38.0
1776884409.9431028,0.0,6.0,-38.0
1776884409.9531028,0.0,3.0,-41.0
1776884409.9631028,-2.0,0.0,-47.0
1776884409.9731028,-9.0,-1.0,-48.0
1776884409.9831028,-2.0,0.0,-46.0
1776884409.9931028,-2.0,0.0,-44.0
1776884410.0031028,-1.0,-1.0,-43.0
1776884410.0131028,-2.0,0.0,-37.0
1776884410.0231028,-3.0,0.0,-39.0
1776884410.0331028,-1.0,0.0,-49.0
1776884410.0431027,-3.0,-3.0,-45.0
1776884410.0531027,-3.0,0.0,-50.0
1776884410.0631027,0.0,1.0,-48.0
1776884410.0731027,0.0,0.0,-54.0
1776884410.0831027,2.0,0.0,-60.0
1776884410.0931027,2.0,0.0,-66.0
1776884410.1031027,1.0,-3.0,-60.0
1776884410.113103,1.0,0.0,-60.0
1776884410.123103,2.0,-1.0,-57.0
1776884410.133103,0.0,-4.0,-55.0
1776884410.1431026,3.0,-9.0,-55.0
1776884410.1531026,1.0,-6.0,-49.0
1776884410.1631026,0.0,-3.0,-46.0
1776884410.1731029,0.0,1.0,-44.0
1776884410.1831028,0.0,1.0,-40.0
1776884410.1931028,-3.0,-4.0,-38.0
1776884410.2031028,-2.0,-3.0,-40.0
1776884410.2131028,-3.0,0.0,-37.0
1776884410.2231028,0.0,-2.0,-40.0
1776884410.2331028,3.0,-2.0,-49.0
1776884410.2431028,0.0,0.0,-46.0
1776884410.2531028,-2.0,-1.0,-48.0
1776884410.2631028,-4.0,-4.0,-51.0
1776884410.2731028,-2.0,-6.0,-61.0
1776884410.2831028,-1.0,-2.0,-60.0
1776884410.2931027,5.0,-3.0,-58.0
1776884410.3031027,4.0,-2.0,-57.0
1776884410.3131027,6.0,0.0,-56.0
1776884410.3231027,6.0,0.0,-50.0
1776884410.3331027,2.0,-2.0,-44.0
1776884410.3431027,2.0,-2.0,-43.0
1776884410.3531027,-1.0,-3.0,-43.0
1776884410.363103,-1.0,-2.0,-51.0
1776884410.373103,0.0,-2.0,-59.0
1776884410.383103,3.0,0.0,-57.0
1776884410.3931026,0.0,-2.0,-59.0
1776884410.4031026,-3.0,2.0,-61.0
1776884410.4131026,-8.0,2.0,-56.0
1776884410.4231029,-4.0,2.0,-52.0
1776884410.4331028,1.0,3.0,-55.0
1776884410.4431028,1.0,0.0,-49.0
1776884410.4531028,4.0,0.0,-55.0
1776884410.4631028,1.0,-4.0,-51.0
1776884410.4731028,4.0,-2.0,-48.0
1776884410.4831028,3.0,-4.0,-38.0
1776884410.4931028,1.0,-3.0,-42.0
1776884410.5031028,0.0,-3.0,-40.0
1776884410.5131028,4.0,-4.0,-39.0
1776884410.5231028,2.0,-2.0,-44.0
1776884410.5331028,0.0,0.0,-44.0
1776884410.5431027,-1.0,2.0,-50.0
1776884410.5531027,-2.0,-1.0,-51.0
1776884410.5631027,1.0,-1.0,-51.0
1776884410.5731027,-1.0,-3.0,-50.0
1776884410.5831027,0.0,-6.0,-48.0
1776884410.5931027,0.0,-6.0,-45.0
1776884410.6031027,0.0,-4.0,-41.0
1776884410.613103,-2.0,-3.0,-48.0
1776884410.623103,0.0,-2.0,-46.0
1776884410.633103,-1.0,-2.0,-48.0
1776884410.6431026,1.0,3.0,-48.0
1776884410.6531026,-5.0,3.0,-47.0
1776884410.6631026,-4.0,4.0,-47.0
1776884410.6731029,-2.0,-2.0,-39.0
1776884410.6831028,-4.0,-5.0,-40.0
1776884410.6931028,-2.0,-8.0,-50.0
1776884410.7031028,0.0,-3.0,-49.0
1776884410.7131028,3.0,-1.0,-48.0
1776884410.7231028,7.0,-2.0,-51.0
1776884410.7331028,4.0,-1.0,-50.0
1776884410.7431028,6.0,0.0,-46.0
1776884410.7531028,6.0,-1.0,-44.0
1776884410.7631028,7.0,0.0,-39.0
1776884410.7731028,4.0,0.0,-40.0
1776884410.7831028,1.0,-3.0,-38.0
1776884410.7931027,0.0,-2.0,-46.0
1776884410.8031027,-1.0,-6.0,-49.0
1776884410.8131027,-1.0,-5.0,-51.0
1776884410.8231027,0.0,-1.0,-43.0
1776884410.8331027,3.0,-1.0,-46.0
1776884410.8431027,4.0,-1.0,-42.0
1776884410.8531027,2.0,0.0,-42.0
1776884410.863103,5.0,3.0,-46.0
1776884410.873103,1.0,8.0,-43.0
1776884410.883103,4.0,9.0,-44.0
1776884410.8931026,3.0,4.0,-48.0
1776884410.9031026,5.0,2.0,-49.0
1776884410.9131026,2.0,-3.0,-46.0
1776884410.9231029,-1.0,-3.0,-49.0
1776884410.9331028,-2.0,0.0,-49.0
1776884410.9431028,1.0,-1.0,-52.0
1776884410.9531028,0.0,0.0,-56.0
1776884410.9631028,2.0,-1.0,-53.0
1776884410.9731028,2.0,-2.0,-55.0
1776884410.9831028,0.0,0.0,-50.0
1776884410.9931028,-3.0,-2.0,-49.0
1776884411.0031028,-3.0,-8.0,-51.0
1776884411.0131028,-3.0,-4.0,-51.0
1776884411.0231028,0.0,-6.0,-50.0
1776884411.0331028,-3.0,-5.0,-54.0
1776884411.0431027,0.0,-2.0,-46.0
1776884411.0531027,2.0,2.0,-40.0
1776884411.0631027,3.0,0.0,-40.0
1776884411.0731027,-1.0,0.0,-48.0
1776884411.0831027,-1.0,-2.0,-47.0
1776884411.0931027,0.0,-6.0,-48.0
1776884411.1031027,1.0,-6.0,-54.0
1776884411.113103,4.0,-7.0,-49.0
1776884411.123103,6.0,-7.0,-54.0
1776884411.133103,0.0,-7.0,-51.0
1776884411.1431026,-2.0,-6.0,-52.0
1776884411.1531026,-1.0,-5.0,-49.0
1776884411.1631026,-6.0,-4.0,-51.0
1776884411.1731029,-6.0,-1.0,-51.0
1776884411.1831028,-7.0,-5.0,-49.0
1776884411.1931028,-10.0,-6.0,-49.0
1776884411.2031028,-12.0,-2.0,-40.0
1776884411.2131028,-14.0,-1.0,-36.0
1776884411.2231028,-17.0,-1.0,-37.0
1776884411.2331028,-12.0,-3.0,-44.0
1776884411.2431028,-9.0,-6.0,-47.0
1776884411.2531028,-4.0,-6.0,-52.0
1776884411.2631028,0.0,-4.0,-53.0
1776884411.2731028,0.0,-3.0,-50.0
1776884411.2831028,-2.0,0.0,-54.0
1776884411.2931027,-6.0,0.0,-54.0
1776884411.3031027,-3.0,1.0,-58.0
1776884411.3131027,-4.0,0.0,-58.0
1776884411.3231027,0.0,1.0,-57.0
1776884411.3331027,0.0,2.0,-52.0
1776884411.3431027,-2.0,0.0,-51.0
1776884411.3531027,-2.0,1.0,-45.0
1776884411.363103,-4.0,1.0,-52.0
1776884411.373103,-5.0,0.0,-55.0
1776884411.383103,-4.0,1.0,-56.0
1776884411.3931026,-2.0,1.0,-51.0
1776884411.4031026,4.0,-1.0,-50.0
1776884411.4131026,-1.0,-1.0,-54.0
1776884411.4231029,-2.0,-6.0,-60.0
1776884411.4331028,-3.0,-9.0,-56.0
1776884411.4431028,-7.0,-10.0,-59.0
1776884411.4531028,-1.0,-8.0,-60.0
1776884411.4631028,2.0,-6.0,-61.0
1776884411.4731028,2.0,-1.0,-59.0
1776884411.4831028,1.0,-1.0,-62.0
1776884411.4931028,2.0,0.0,-57.0
1776884411.5031028,3.0,2.0,-57.0
1776884411.5131028,7.0,0.0,-56.0
1776884411.5231028,1.0,0.0,-53.0
1776884411.5331028,1.0,-2.0,-49.0
1776884411.5431027,0.0,-2.0,-49.0
1776884411.5531027,-4.0,-4.0,-46.0
1776884411.5641026,0.0,-7.0,-47.0
1776884411.5741026,4.0,-5.0,-45.0
1776884411.5841026,0.0,0.0,-43.0
1776884411.5941026,0.0,1.0,-44.0
1776884411.6041028,5.0,-5.0,-45.0
1776884411.6141028,7.0,0.0,-49.0
1776884411.6241028,4.0,-2.0,-56.0
1776884411.6341028,2.0,0.0,-55.0
1776884411.6441028,3.0,0.0,-52.0
1776884411.6541028,1.0,-4.0,-50.0
1776884411.6641028,0.0,-2.0,-49.0
1776884411.6741028,0.0,-1.0,-52.0
1776884411.6841028,2.0,0.0,-50.0
1776884411.6941028,5.0,-4.0,-49.0
1776884411.7041028,7.0,0.0,-51.0
1776884411.7141027,4.0,-2.0,-45.0
1776884411.7241027,2.0,-7.0,-41.0
1776884411.7341027,5.0,-9.0,-45.0
1776884411.7441027,5.0,-4.0,-52.0
1776884411.7541027,4.0,-2.0,-46.0
1776884411.7641027,3.0,1.0,-50.0
1776884411.7741027,4.0,-2.0,-50.0
1776884411.784103,3.0,-1.0,-46.0
1776884411.794103,0.0,-2.0,-44.0
1776884411.804103,0.0,0.0,-41.0
1776884411.8141026,-3.0,0.0,-36.0
1776884411.8241026,-4.0,-2.0,-33.0
1776884411.8341026,0.0,0.0,-32.0
1776884411.8441026,-2.0,-1.0,-38.0
1776884411.8541028,-3.0,-2.0,-44.0
1776884411.8641028,-2.0,-2.0,-45.0
1776884411.8741028,-1.0,-2.0,-49.0
1776884411.8841028,-3.0,0.0,-51.0
1776884411.8941028,-6.0,0.0,-45.0
1776884411.9041028,-5.0,0.0,-49.0
1776884411.9141028,-5.0,1.0,-55.0
1776884411.9241028,-6.0,0.0,-59.0
1776884411.9341028,-4.0,0.0,-57.0
1776884411.9441028,-1.0,2.0,-50.0
1776884411.9541028,-2.0,0.0,-46.0
1776884411.9641027,-1.0,-3.0,-47.0
1776884411.9741027,-3.0,-1.0,-41.0
1776884411.9841027,0.0,-1.0,-43.0
1776884411.9941027,2.0,-3.0,-44.0
1776884412.0041027,3.0,-5.0,-48.0
1776884412.0141027,4.0,-3.0,-53.0
1776884412.0241027,6.0,-3.0,-55.0
1776884412.034103,4.0,0.0,-51.0
1776884412.044103,4.0,0.0,-53.0
1776884412.054103,5.0,-4.0,-60.0
1776884412.0641026,4.0,-7.0,-58.0
1776884412.0741026,7.0,-4.0,-58.0
1776884412.0841026,3.0,-5.0,-53.0
1776884412.0941026,1.0,-9.0,-57.0
1776884412.1041028,-6.0,-6.0,-56.0
1776884412.1141028,-7.0,-4.0,-57.0
1776884412.1241028,-4.0,-3.0,-51.0
1776884412.1341028,-2.0,-5.0,-56.0
1776884412.1441028,-1.0,-6.0,-54.0
1776884412.1541028,-3.0,-4.0,-51.0
1776884412.1641028,-6.0,-5.0,-49.0
1776884412.1741028,-8.0,-3.0,-44.0
1776884412.1841028,-6.0,-5.0,-43.0
1776884412.1941028,-7.0,-7.0,-43.0
1776884412.2041028,0.0,-7.0,-41.0
1776884412.2141027,0.0,-6.0,-38.0
1776884412.2241027,4.0,-8.0,-36.0
1776884412.2341027,2.0,-10.0,-39.0
1776884412.2441027,0.0,-9.0,-45.0
1776884412.2541027,1.0,-7.0,-50.0
1776884412.2641027,-1.0,-4.0,-50.0
1776884412.2741027,-4.0,-1.0,-55.0
1776884412.284103,-5.0,0.0,-60.0
1776884412.294103,-2.0,3.0,-58.0
1776884412.304103,-2.0,0.0,-54.0
1776884412.3141026,1.0,0.0,-55.0
1776884412.3241026,0.0,-1.0,-50.0
1776884412.3341026,-2.0,0.0,-48.0
1776884412.3441026,-5.0,0.0,-43.0
1776884412.3541028,-6.0,-2.0,-46.0
1776884412.3641028,-5.0,0.0,-44.0
1776884412.3741028,-2.0,2.0,-40.0
1776884412.3841028,-2.0,6.0,-41.0
1776884412.3941028,-2.0,3.0,-35.0
1776884412.4041028,0.0,4.0,-41.0
1776884412.4141028,-6.0,6.0,-44.0
1776884412.4241028,-5.0,5.0,-44.0
1776884412.4341028,-3.0,0.0,-42.0
1776884412.4441028,-6.0,0.0,-40.0
1776884412.4541028,-5.0,3.0,-45.0
1776884412.4641027,-1.0,6.0,-49.0
1776884412.4741027,3.0,3.0,-52.0
1776884412.4841027,2.0,-2.0,-56.0
1776884412.4941027,5.0,-4.0,-51.0
1776884412.5041027,2.0,-3.0,-57.0
1776884412.5141027,1.0,0.0,-54.0
1776884412.5241027,-1.0,-1.0,-48.0
1776884412.534103,-3.0,0.0,-47.0
1776884412.544103,0.0,2.0,-53.0
1776884412.554103,4.0,0.0,-50.0
1776884412.5641026,3.0,-3.0,-50.0
1776884412.5741026,0.0,0.0,-50.0
1776884412.5841026,0.0,0.0,-44.0
1776884412.5941026,0.0,0.0,-40.0
1776884412.6041028,0.0,4.0,-41.0
1776884412.6141028,0.0,7.0,-44.0
1776884412.6241028,-2.0,9.0,-44.0
1776884412.6341028,-3.0,1.0,-49.0
1776884412.6441028,1.0,-1.0,-43.0
1776884412.6541028,5.0,-1.0,-41.0
1776884412.6641028,2.0,-2.0,-42.0
1776884412.6741028,0.0,-1.0,-44.0
1776884412.6841028,-2.0,2.0,-52.0
1776884412.6941028,-1.0,-5.0,-58.0
1776884412.7041028,-1.0,-5.0,-53.0
1776884412.7141027,-3.0,-2.0,-56.0
1776884412.7241027,-5.0,0.0,-55.0
1776884412.7341027,-6.0,-1.0,-52.0
1776884412.7441027,0.0,0.0,-54.0
1776884412.7541027,1.0,0.0,-52.0
1776884412.7641027,0.0,0.0,-49.0
1776884412.7741027,0.0,0.0,-51.0
1776884412.784103,-4.0,-3.0,-50.0
1776884412.794103,0.0,2.0,-56.0
1776884412.804103,2.0,0.0,-58.0
1776884412.8141026,5.0,-1.0,-55.0
1776884412.8241026,7.0,-1.0,-54.0
1776884412.8341026,5.0,0.0,-58.0
1776884412.8441026,3.0,-4.0,-59.0
1776884412.8541028,1.0,-1.0,-59.0
1776884412.8641028,7.0,-1.0,-57.0
1776884412.8741028,6.0,1.0,-53.0
1776884412.8841028,5.0,0.0,-52.0
1776884412.8941028,6.0,3.0,-51.0
1776884412.9041028,0.0,3.0,-50.0
1776884412.9141028,0.0,-1.0,-57.0
1776884412.9241028,0.0,-2.0,-55.0
1776884412.9341028,0.0,-1.0,-52.0
1776884412.9441028,-1.0,1.0,-52.0
1776884412.9541028,2.0,0.0,-46.0
1776884412.9641027,2.0,-2.0,-42.0
1776884412.9741027,0.0,3.0,-45.0
1776884412.9841027,2.0,4.0,-47.0
1776884412.9941027,4.0,3.0,-50.0
1776884413.0041027,8.0,3.0,-51.0
1776884413.0141027,1.0,4.0,-49.0
1776884413.0241027,4.0,5.0,-52.0
1776884413.034103,-2.0,5.0,-55.0
1776884413.044103,0.0,7.0,-56.0
1776884413.054103,0.0,8.0,-52.0
1776884413.0641026,1.0,3.0,-56.0
1776884413.0741026,-2.0,0.0,-51.0
1776884413.0841026,1.0,-5.0,-50.0
1776884413.0941026,-1.0,0.0,-50.0
1776884413.1041028,4.0,0.0,-44.0
1776884413.1141028,2.0,0.0,-42.0
1776884413.1241028,-1.0,0.0,-45.0
1776884413.1341028,-3.0,0.0,-56.0
1776884413.1441028,-2.0,0.0,-54.0
1776884413.1541028,0.0,-3.0,-42.0
1776884413.1641028,-3.0,-2.0,-41.0
1776884413.1741028,0.0,-2.0,-50.0
1776884413.1841028,-3.0,-2.0,-50.0
1776884413.1941028,0.0,-1.0,-49.0
1776884413.2041028,2.0,0.0,-53.0
1776884413.2141027,5.0,0.0,-51.0
1776884413.2241027,5.0,0.0,-45.0
1776884413.2341027,4.0,-1.0,-42.0
1776884413.2441027,3.0,-1.0,-45.0
1776884413.2541027,6.0,-3.0,-46.0
1776884413.2641027,9.0,-5.0,-48.0
1776884413.2741027,6.0,-7.0,-51.0
1776884413.284103,6.0,-4.0,-53.0
1776884413.294103,4.0,-1.0,-53.0
1776884413.304103,9.0,-1.0,-52.0
1776884413.3141026,7.0,4.0,-53.0
1776884413.3241026,5.0,3.0,-47.0
1776884413.3341026,6.0,0.0,-48.0
1776884413.3441026,7.0,-3.0,-50.0
1776884413.3541028,2.0,-4.0,-44.0
1776884413.3641028,-1.0,-6.0,-44.0
1776884413.3741028,-3.0,-2.0,-47.0
1776884413.3841028,-4.0,-4.0,-47.0
1776884413.3941028,-4.0,-3.0,-42.0
1776884413.4041028,-6.0,-3.0,-45.0
1776884413.4141028,-7.0,-1.0,-47.0
1776884413.4241028,-1.0,-7.0,-47.0
1776884413.4341028,0.0,-7.0,-49.0
1776884413.4441028,2.0,-5.0,-55.0
1776884413.4541028,7.0,1.0,-54.0
1776884413.4641027,9.0,0.0,-59.0
1776884413.4741027,11.0,-1.0,-58.0
1776884413.4841027,7.0,-4.0,-55.0
1776884413.4941027,5.0,-3.0,-50.0
1776884413.5051026,5.0,-2.0,-52.0
1776884413.5141027,4.0,-4.0,-58.0
1776884413.5251029,0.0,-7.0,-53.0
1776884413.5351028,-4.0,-8.0,-48.0
1776884413.5451028,-7.0,-4.0,-45.0
1776884413.5551028,-4.0,-3.0,-50.0
1776884413.5651028,-1.0,-1.0,-47.0
1776884413.5751028,-1.0,-5.0,-39.0
1776884413.5851028,2.0,-8.0,-44.0
1776884413.5951028,2.0,-5.0,-46.0
1776884413.6051028,-3.0,-8.0,-44.0
1776884413.6151028,-6.0,-5.0,-46.0
1776884413.6251028,-3.0,-2.0,-50.0
1776884413.6351027,-2.0,1.0,-53.0
1776884413.6451027,-3.0,1.0,-52.0
1776884413.6551027,-7.0,0.0,-47.0
1776884413.6651027,-1.0,1.0,-53.0
1776884413.6751027,-5.0,-2.0,-54.0
1776884413.6851027,-6.0,-1.0,-47.0
1776884413.6951027,-4.0,-2.0,-46.0
1776884413.7051027,-3.0,-2.0,-52.0
1776884413.715103,-1.0,-2.0,-52.0
1776884413.725103,0.0,-4.0,-53.0
1776884413.735103,2.0,-4.0,-53.0
1776884413.7451026,1.0,-2.0,-54.0
1776884413.7551026,-1.0,-3.0,-52.0
1776884413.7651026,3.0,-7.0,-46.0
1776884413.7751029,1.0,-10.0,-46.0
1776884413.7851028,4.0,-3.0,-45.0
1776884413.7951028,2.0,-2.0,-46.0
1776884413.8051028,4.0,-3.0,-44.0
1776884413.8151028,1.0,-1.0,-50.0
1776884413.8251028,0.0,-3.0,-47.0
1776884413.8351028,-3.0,-3.0,-48.0
1776884413.8451028,-6.0,-4.0,-56.0
1776884413.8551028,-8.0,-2.0,-52.0
1776884413.8651028,-1.0,-3.0,-54.0
1776884413.8751028,1.0,-3.0,-52.0
1776884413.8851027,2.0,-1.0,-51.0
1776884413.8951027,1.0,3.0,-44.0
1776884413.9051027,1.0,2.0,-40.0
1776884413.9151027,0.0,0.0,-40.0
1776884413.9251027,3.0,0.0,-37.0
1776884413.9351027,1.0,1.0,-38.0
1776884413.9451027,4.0,3.0,-45.0
1776884413.9551027,5.0,1.0,-41.0
1776884413.965103,5.0,6.0,-46.0
1776884413.975103,1.0,-2.0,-43.0
1776884413.985103,6.0,-4.0,-38.0
1776884413.9951026,13.0,-7.0,-36.0
1776884414.0051026,9.0,-8.0,-39.0
1776884414.0151026,7.0,-4.0,-43.0
1776884414.0251029,9.0,-5.0,-37.0
1776884414.0351028,11.0,-4.0,-34.0
1776884414.0451028,8.0,0.0,-39.0
1776884414.0551028,4.0,1.0,-39.0
1776884414.0651028,3.0,3.0,-39.0
1776884414.0751028,0.0,3.0,-35.0
1776884414.0851028,-2.0,2.0,-37.0
1776884414.0951028,-4.0,0.0,-40.0
1776884414.1051028,-1.0,0.0,-49.0
1776884414.1151028,0.0,-4.0,-50.0
1776884414.1251028,1.0,-4.0,-55.0
1776884414.1351027,0.0,-5.0,-56.0
1776884414.1451027,0.0,-3.0,-52.0
1776884414.1551027,1.0,-5.0,-46.0
1776884414.1651027,1.0,-5.0,-47.0
1776884414.1751027,4.0,-9.0,-44.0
1776884414.1851027,1.0,-5.0,-45.0
1776884414.1951027,0.0,-6.0,-48.0
1776884414.2051027,4.0,-3.0,-50.0
1776884414.215103,3.0,-7.0,-57.0
1776884414.225103,4.0,-10.0,-50.0
1776884414.235103,1.0,-7.0,-48.0
1776884414.2451026,2.0,-4.0,-49.0
1776884414.2551026,4.0,-1.0,-45.0
1776884414.2651026,3.0,-3.0,-52.0
1776884414.2751029,2.0,-3.0,-53.0
1776884414.2851028,2.0,-3.0,-52.0
1776884414.2951028,7.0,-2.0,-51.0
1776884414.3051028,12.0,1.0,-49.0
1776884414.3151028,9.0,3.0,-43.0
1776884414.3251028,2.0,0.0,-49.0
1776884414.3351028,6.0,3.0,-47.0
1776884414.3451028,4.0,5.0,-40.0
1776884414.3551028,6.0,4.0,-48.0
1776884414.3651028,1.0,2.0,-45.0
1776884414.3751028,-4.0,0.0,-52.0
1776884414.3851027,-2.0,-2.0,-54.0
1776884414.3951027,0.0,0.0,-60.0
1776884414.4051027,0.0,0.0,-53.0
1776884414.4151027,1.0,-4.0,-49.0
1776884414.4251027,3.0,-6.0,-41.0
1776884414.4351027,4.0,-6.0,-41.0
1776884414.4451027,0.0,-7.0,-47.0
1776884414.4561028,4.0,-5.0,-40.0
1776884414.465103,5.0,-6.0,-40.0
1776884414.475103,4.0,-9.0,-35.0
1776884414.485103,5.0,-6.0,-36.0
1776884414.4951026,4.0,-1.0,-37.0
1776884414.5051026,2.0,-2.0,-37.0
1776884414.5151026,2.0,3.0,-41.0
1776884414.5251029,1.0,-1.0,-44.0
1776884414.5351028,0.0,-4.0,-45.0
1776884414.5451028,1.0,-3.0,-46.0
1776884414.5551028,-1.0,0.0,-49.0
1776884414.5651028,1.0,1.0,-51.0
1776884414.5751028,1.0,1.0,-52.0
1776884414.5851028,0.0,0.0,-50.0
1776884414.5951028,5.0,0.0,-52.0
1776884414.6051028,2.0,-3.0,-52.0
1776884414.6151028,1.0,-4.0,-53.0
1776884414.6251028,0.0,-3.0,-50.0
1776884414.6351027,-5.0,-4.0,-54.0
1776884414.6451027,0.0,-2.0,-49.0
1776884414.6551027,3.0,0.0,-45.0
1776884414.6651027,1.0,4.0,-44.0
1776884414.6751027,3.0,0.0,-37.0
1776884414.6851027,1.0,2.0,-34.0
1776884414.6951027,0.0,0.0,-40.0
1776884414.7051027,3.0,0.0,-38.0
1776884414.715103,3.0,-2.0,-39.0
1776884414.725103,-1.0,-5.0,-41.0
1776884414.735103,-2.0,-3.0,-44.0
1776884414.7451026,-5.0,-5.0,-45.0
1776884414.7551026,0.0,-7.0,-48.0
1776884414.7651026,-1.0,-4.0,-48.0
1776884414.7751029,-5.0,-4.0,-56.0
1776884414.7851028,0.0,-6.0,-60.0
1776884414.7951028,2.0,-4.0,-62.0
1776884414.8051028,3.0,-2.0,-68.0
1776884414.8151028,-2.0,0.0,-63.0
1776884414.8251028,-5.0,-2.0,-52.0
1776884414.8351028,-6.0,-1.0,-49.0
1776884414.8451028,-11.0,3.0,-40.0
1776884414.8551028,-11.0,2.0,-35.0
1776884414.8651028,-1.0,2.0,-33.0
1776884414.8751028,1.0,1.0,-32.0
1776884414.8851027,3.0,0.0,-34.0
1776884414.8951027,2.0,0.0,-42.0
1776884414.9051027,2.0,2.0,-37.0
1776884414.9151027,0.0,1.0,-32.0
1776884414.9251027,0.0,0.0,-33.0
1776884414.9351027,0.0,0.0,-33.0
1776884414.9451027,-1.0,2.0,-32.0
1776884414.9551027,-2.0,6.0,-37.0
1776884414.965103,-4.0,3.0,-45.0
1776884414.975103,-4.0,1.0,-42.0
1776884414.985103,-3.0,0.0,-45.0
1776884414.9951026,1.0,0.0,-43.0
1776884415.0051026,-2.0,2.0,-47.0
1776884415.0151026,1.0,3.0,-45.0
1776884415.0251029,7.0,0.0,-48.0
1776884415.0351028,5.0,-8.0,-51.0
1776884415.0451028,0.0,-9.0,-57.0
1776884415.0551028,-4.0,-6.0,-55.0
1776884415.0651028,-4.0,-5.0,-54.0
1776884415.0751028,2.0,-7.0,-51.0
1776884415.0851028,7.0,-3.0,-50.0
1776884415.0951028,7.0,-7.0,-43.0
1776884415.1051028,4.0,-10.0,-49.0
1776884415.1151028,-3.0,-14.0,-47.0
1776884415.1251028,-9.0,-11.0,-46.0
1776884415.1351027,-5.0,-9.0,-50.0
1776884415.1451027,-5.0,-5.0,-51.0
1776884415.1551027,-1.0,-2.0,-55.0
1776884415.1651027,-3.0,-1.0,-57.0
1776884415.1751027,-5.0,2.0,-53.0
1776884415.1851027,0.0,1.0,-53.0
1776884415.1951027,3.0,0.0,-54.0
1776884415.2051027,2.0,0.0,-59.0
1776884415.215103,7.0,-1.0,-53.0
1776884415.225103,8.0,3.0,-56.0
1776884415.235103,5.0,1.0,-57.0
1776884415.2451026,6.0,1.0,-54.0
1776884415.2551026,7.0,4.0,-52.0
1776884415.2651026,6.0,1.0,-53.0
1776884415.2751029,7.0,4.0,-53.0
1776884415.2851028,0.0,4.0,-51.0
1776884415.2951028,-2.0,8.0,-61.0
1776884415.3051028,-2.0,7.0,-55.0
1776884415.3151028,-4.0,5.0,-48.0
1776884415.3251028,-3.0,5.0,-40.0
1776884415.3351028,0.0,1.0,-38.0
1776884415.3451028,2.0,3.0,-41.0
1776884415.3551028,0.0,0.0,-45.0
1776884415.3651028,3.0,0.0,-47.0
1776884415.3751028,0.0,-1.0,-46.0
1776884415.3851027,-5.0,-1.0,-44.0
1776884415.3951027,-7.0,-2.0,-38.0
1776884415.4051027,-2.0,-4.0,-39.0
1776884415.4151027,3.0,-4.0,-40.0
1776884415.4251027,7.0,-7.0,-39.0
1776884415.4351027,3.0,-8.0,-44.0
1776884415.4451027,2.0,-7.0,-44.0
1776884415.4551027,5.0,-4.0,-47.0
1776884415.465103,10.0,-1.0,-44.0
1776884415.475103,10.0,0.0,-40.0
1776884415.485103,8.0,1.0,-36.0
1776884415.4961028,2.0,0.0,-37.0
1776884415.5051026,3.0,1.0,-50.0
1776884415.5161028,0.0,1.0,-48.0
1776884415.5261028,1.0,0.0,-44.0
1776884415.5361028,0.0,1.0,-45.0
1776884415.5461028,1.0,-2.0,-39.0
1776884415.5561028,0.0,-2.0,-38.0
1776884415.5661027,0.0,-4.0,-42.0
1776884415.5761027,1.0,-4.0,-43.0
1776884415.5861027,-1.0,-1.0,-45.0
1776884415.5961027,-1.0,1.0,-46.0
1776884415.6061027,0.0,1.0,-48.0
1776884415.6161027,-2.0,2.0,-46.0
1776884415.6261027,-3.0,0.0,-55.0
1776884415.636103,-3.0,-1.0,-52.0
1776884415.646103,0.0,0.0,-55.0
1776884415.656103,-3.0,-1.0,-56.0
1776884415.6661026,-1.0,-2.0,-57.0
1776884415.6761026,0.0,-7.0,-54.0
1776884415.6861026,1.0,-6.0,-52.0
1776884415.6961029,0.0,-4.0,-54.0
1776884415.7061028,0.0,-5.0,-56.0
1776884415.7161028,-1.0,-5.0,-56.0
1776884415.7261028,0.0,-4.0,-53.0
1776884415.7361028,0.0,-7.0,-55.0
1776884415.7461028,0.0,-8.0,-53.0
1776884415.7561028,1.0,-5.0,-51.0
1776884415.7661028,2.0,-2.0,-48.0
1776884415.7761028,-1.0,-2.0,-45.0
1776884415.7861028,1.0,0.0,-47.0
1776884415.7961028,0.0,0.0,-46.0
1776884415.8061028,0.0,1.0,-40.0
1776884415.8161027,-2.0,2.0,-41.0
1776884415.8261027,-2.0,4.0,-44.0
1776884415.8361027,0.0,4.0,-42.0
1776884415.8461027,-1.0,2.0,-39.0
1776884415.8561027,1.0,-1.0,-41.0
1776884415.8661027,1.0,2.0,-51.0
1776884415.8761027,3.0,1.0,-57.0
1776884415.886103,5.0,1.0,-53.0
1776884415.896103,7.0,0.0,-49.0
1776884415.906103,2.0,1.0,-56.0
1776884415.9161026,4.0,3.0,-60.0
1776884415.9261026,6.0,7.0,-58.0
1776884415.9361026,7.0,5.0,-50.0
1776884415.9461029,5.0,0.0,-46.0
1776884415.9561028,7.0,1.0,-45.0
1776884415.9661028,7.0,0.0,-42.0
1776884415.9761028,9.0,1.0,-38.0
1776884415.9861028,6.0,4.0,-38.0
1776884415.9961028,3.0,6.0,-45.0
1776884416.0061028,4.0,5.0,-39.0
1776884416.0161028,0.0,4.0,-41.0
1776884416.0261028,3.0,-1.0,-44.0
1776884416.0361028,0.0,-1.0,-45.0
1776884416.0461028,0.0,-2.0,-42.0
1776884416.0561028,0.0,-1.0,-47.0
1776884416.0661027,3.0,0.0,-48.0
1776884416.0761027,0.0,3.0,-47.0
1776884416.0861027,2.0,3.0,-46.0
1776884416.0961027,-1.0,1.0,-45.0
1776884416.1061027,1.0,1.0,-46.0
1776884416.1161027,5.0,0.0,-46.0
1776884416.1261027,10.0,1.0,-41.0
1776884416.136103,7.0,0.0,-42.0
1776884416.146103,8.0,-1.0,-42.0
1776884416.156103,5.0,0.0,-48.0
1776884416.1661026,4.0,-4.0,-46.0
1776884416.1761026,1.0,-2.0,-51.0
1776884416.1861026,-2.0,-5.0,-51.0
1776884416.1961029,0.0,0.0,-53.0
1776884416.2061028,2.0,-3.0,-53.0
1776884416.2161028,2.0,-6.0,-54.0
1776884416.2261028,3.0,-3.0,-53.0
1776884416.2361028,-2.0,0.0,-52.0
1776884416.2461028,0.0,3.0,-58.0
1776884416.2561028,1.0,1.0,-67.0
1776884416.2661028,0.0,1.0,-66.0
1776884416.2761028,5.0,-2.0,-67.0
1776884416.2861028,6.0,-1.0,-64.0
1776884416.2961028,6.0,0.0,-58.0
1776884416.3061028,4.0,1.0,-58.0
1776884416.3161027,1.0,0.0,-58.0
1776884416.3261027,-4.0,0.0,-57.0
1776884416.3361027,-2.0,3.0,-55.0
1776884416.3461027,2.0,3.0,-52.0
1776884416.3561027,0.0,2.0,-47.0
1776884416.3661027,1.0,3.0,-50.0
1776884416.3761027,-1.0,2.0,-49.0
1776884416.386103,-3.0,-1.0,-51.0
1776884416.396103,1.0,-3.0,-47.0
1776884416.406103,2.0,-2.0,-45.0
1776884416.4161026,4.0,-3.0,-47.0
1776884416.4261026,0.0,-1.0,-48.0
1776884416.4361026,-5.0,-1.0,-53.0
1776884416.4461029,-3.0,3.0,-52.0
1776884416.4561028,-3.0,0.0,-52.0
1776884416.4661028,4.0,0.0,-53.0
1776884416.4761028,8.0,2.0,-49.0
1776884416.4861028,5.0,3.0,-43.0
1776884416.4961028,3.0,1.0,-48.0
1776884416.5061028,0.0,0.0,-51.0
1776884416.5161028,-4.0,-3.0,-62.0
1776884416.5261028,1.0,-4.0,-55.0
1776884416.5361028,1.0,-5.0,-55.0
1776884416.5461028,-3.0,-5.0,-59.0
1776884416.5561028,0.0,-5.0,-61.0
1776884416.5661027,0.0,-7.0,-59.0
1776884416.5761027,-2.0,-7.0,-53.0
1776884416.5861027,-4.0,-1.0,-48.0
1776884416.5961027,0.0,-2.0,-46.0
1776884416.6061027,-3.0,-3.0,-50.0
1776884416.6161027,-1.0,-2.0,-46.0
1776884416.6261027,1.0,-1.0,-45.0
1776884416.636103,3.0,-2.0,-49.0
1776884416.646103,3.0,0.0,-49.0
1776884416.656103,1.0,-1.0,-43.0
1776884416.6661026,2.0,-2.0,-39.0
1776884416.6761026,4.0,-5.0,-42.0
1776884416.6861026,4.0,-3.0,-51.0
1776884416.6961029,2.0,-7.0,-53.0
1776884416.7061028,0.0,-4.0,-51.0
1776884416.7161028,0.0,-4.0,-50.0
1776884416.7261028,-4.0,-6.0,-54.0
1776884416.7361028,0.0,-3.0,-53.0
1776884416.7461028,3.0,-3.0,-43.0
1776884416.7561028,5.0,0.0,-49.0
1776884416.7661028,0.0,4.0,-51.0
1776884416.7761028,-2.0,2.0,-53.0
1776884416.7861028,4.0,3.0,-55.0
1776884416.7961028,9.0,7.0,-45.0
1776884416.8061028,7.0,5.0,-48.0
1776884416.8161027,2.0,5.0,-49.0
1776884416.8261027,1.0,4.0,-49.0
1776884416.8361027,-2.0,6.0,-45.0
1776884416.8461027,0.0,2.0,-44.0
1776884416.8561027,2.0,0.0,-48.0
1776884416.8661027,-2.0,2.0,-46.0
1776884416.8761027,6.0,5.0,-51.0
1776884416.886103,4.0,9.0,-59.0
1776884416.896103,5.0,2.0,-65.0
1776884416.906103,7.0,0.0,-58.0
1776884416.9161026,6.0,2.0,-60.0
1776884416.9261026,3.0,0.0,-56.0
1776884416.9361026,2.0,0.0,-50.0
1776884416.9461029,2.0,0.0,-44.0
1776884416.9561028,2.0,0.0,-41.0
1776884416.9661028,0.0,2.0,-47.0
1776884416.9761028,-5.0,0.0,-48.0
1776884416.9861028,1.0,-3.0,-46.0
1776884416.9961028,1.0,-2.0,-41.0
1776884417.0061028,3.0,-2.0,-50.0
1776884417.0161028,3.0,-5.0,-47.0
1776884417.0261028,0.0,-5.0,-43.0
1776884417.0361028,0.0,0.0,-45.0
1776884417.0461028,0.0,0.0,-46.0
1776884417.0561028,0.0,-4.0,-39.0
1776884417.0661027,-1.0,-6.0,-41.0
1776884417.0761027,0.0,-5.0,-37.0
1776884417.0861027,3.0,-7.0,-40.0
1776884417.0961027,1.0,-5.0,-39.0
1776884417.1061027,3.0,-2.0,-45.0
1776884417.1161027,4.0,-3.0,-48.0
1776884417.1261027,3.0,-5.0,-45.0
1776884417.136103,1.0,-3.0,-46.0
1776884417.146103,2.0,-3.0,-45.0
1776884417.156103,1.0,-1.0,-41.0
1776884417.1661026,-2.0,-5.0,-44.0
1776884417.1761026,-4.0,-5.0,-42.0
1776884417.1861026,-1.0,-3.0,-40.0
1776884417.1961029,1.0,-1.0,-43.0
1776884417.2061028,0.0,0.0,-42.0
1776884417.2161028,3.0,2.0,-46.0
1776884417.2261028,4.0,4.0,-43.0
1776884417.2361028,4.0,3.0,-40.0
1776884417.2461028,0.0,0.0,-40.0
1776884417.2561028,-1.0,0.0,-45.0
1776884417.2661028,0.0,0.0,-45.0
1776884417.2761028,-2.0,-1.0,-49.0
1776884417.2861028,-7.0,0.0,-47.0
1776884417.2961028,-6.0,-1.0,-47.0
1776884417.3061028,-6.0,-2.0,-48.0
1776884417.3161027,-5.0,-2.0,-49.0
1776884417.3261027,-2.0,-3.0,-51.0
1776884417.3361027,-2.0,-5.0,-57.0
1776884417.3461027,-2.0,-11.0,-50.0
1776884417.3561027,-2.0,-7.0,-51.0
1776884417.3661027,-4.0,-4.0,-48.0
1776884417.3761027,5.0,-2.0,-42.0
1776884417.386103,3.0,-3.0,-47.0
1776884417.396103,-1.0,-3.0,-51.0
1776884417.406103,-1.0,-1.0,-51.0
1776884417.4161026,-5.0,-2.0,-49.0
1776884417.4261026,-7.0,2.0,-46.0
1776884417.4361026,-4.0,0.0,-45.0
1776884417.4461029,-6.0,1.0,-42.0
1776884417.4561028,-2.0,0.0,-40.0
1776884417.4671028,-3.0,-3.0,-40.0
1776884417.4771028,-6.0,0.0,-36.0
1776884417.4871027,-2.0,-1.0,-46.0
1776884417.4971027,-7.0,-5.0,-50.0
1776884417.5071027,-7.0,-6.0,-50.0
1776884417.5171027,-11.0,-4.0,-44.0
1776884417.5271027,-9.0,0.0,-41.0
1776884417.5371027,-4.0,-3.0,-46.0
1776884417.5471027,1.0,-4.0,-45.0
1776884417.557103,2.0,-4.0,-50.0
1776884417.567103,3.0,-4.0,-49.0
1776884417.577103,4.0,-5.0,-47.0
1776884417.587103,1.0,-8.0,-48.0
1776884417.5971026,1.0,-4.0,-48.0
1776884417.6071026,0.0,-4.0,-51.0
1776884417.6171026,-1.0,-3.0,-53.0
1776884417.6271029,-5.0,0.0,-50.0
1776884417.6371028,-4.0,-5.0,-47.0
1776884417.6471028,1.0,-2.0,-48.0
1776884417.6571028,2.0,2.0,-52.0
1776884417.6671028,1.0,5.0,-48.0
1776884417.6771028,-2.0,4.0,-47.0
1776884417.6871028,-4.0,3.0,-55.0
1776884417.6971028,-1.0,9.0,-55.0
1776884417.7071028,-5.0,4.0,-55.0
1776884417.7171028,-8.0,3.0,-62.0
1776884417.7271028,-1.0,6.0,-60.0
1776884417.7371027,-1.0,6.0,-55.0
1776884417.7471027,-2.0,1.0,-50.0
1776884417.7571027,-6.0,-2.0,-46.0
1776884417.7671027,-4.0,-1.0,-51.0
1776884417.7771027,-2.0,1.0,-50.0
1776884417.7871027,-2.0,1.0,-54.0
1776884417.7971027,0.0,1.0,-53.0
1776884417.807103,-1.0,0.0,-51.0
1776884417.817103,-3.0,0.0,-47.0
1776884417.827103,-2.0,-1.0,-46.0
1776884417.837103,-1.0,-1.0,-46.0
1776884417.8471026,2.0,0.0,-50.0
1776884417.8571026,0.0,-1.0,-45.0
1776884417.8671026,4.0,2.0,-41.0
1776884417.8771029,1.0,-1.0,-38.0
1776884417.8871028,1.0,0.0,-45.0
1776884417.8971028,3.0,2.0,-45.0
1776884417.9071028,3.0,0.0,-41.0
1776884417.9171028,0.0,1.0,-44.0
1776884417.9271028,2.0,0.0,-47.0
1776884417.9371028,5.0,2.0,-43.0
1776884417.9471028,10.0,3.0,-40.0
1776884417.9571028,11.0,0.0,-42.0
1776884417.9671028,7.0,0.0,-42.0
1776884417.9771028,0.0,-1.0,-45.0
1776884417.9871027,2.0,0.0,-44.0
1776884417.9971027,-3.0,3.0,-48.0
1776884418.0071027,-3.0,0.0,-52.0
1776884418.0171027,-5.0,0.0,-48.0
1776884418.0271027,-4.0,-3.0,-50.0
1776884418.0371027,0.0,-6.0,-54.0
1776884418.0471027,-2.0,-4.0,-59.0
1776884418.057103,0.0,-3.0,-46.0
1776884418.067103,-2.0,-7.0,-45.0
1776884418.077103,-3.0,-7.0,-40.0
1776884418.087103,-2.0,-6.0,-42.0
1776884418.0971026,1.0,-5.0,-39.0
1776884418.1071026,2.0,-4.0,-42.0
1776884418.1171026,7.0,-4.0,-42.0
1776884418.1271029,7.0,-3.0,-42.0
1776884418.1371028,7.0,0.0,-47.0
1776884418.1471028,0.0,-2.0,-49.0
1776884418.1571028,-2.0,-2.0,-51.0
1776884418.1671028,-2.0,0.0,-56.0
1776884418.1771028,0.0,0.0,-51.0
1776884418.1871028,3.0,0.0,-45.0
1776884418.1971028,4.0,-3.0,-48.0
1776884418.2071028,1.0,-1.0,-48.0
1776884418.2171028,3.0,-3.0,-43.0
1776884418.2271028,-2.0,-4.0,-49.0
1776884418.2371027,-2.0,-6.0,-48.0
1776884418.2471027,-1.0,-6.0,-54.0
1776884418.2571027,-2.0,-7.0,-53.0
1776884418.2671027,-3.0,0.0,-50.0
1776884418.2771027,-2.0,-3.0,-48.0
1776884418.2871027,0.0,-3.0,-50.0
1776884418.2971027,0.0,-4.0,-47.0
1776884418.307103,3.0,-4.0,-53.0
1776884418.317103,1.0,-4.0,-50.0
1776884418.327103,1.0,-5.0,-44.0
1776884418.337103,1.0,0.0,-44.0
1776884418.3471026,0.0,0.0,-50.0
1776884418.3571026,0.0,4.0,-48.0
1776884418.3671026,1.0,4.0,-47.0
1776884418.3771029,-3.0,0.0,-49.0
1776884418.3871028,-1.0,2.0,-48.0
1776884418.3971028,-3.0,5.0,-45.0
1776884418.4071028,-1.0,3.0,-48.0
1776884418.4171028,1.0,-2.0,-46.0
1776884418.4271028,5.0,-2.0,-39.0
1776884418.4371028,2.0,-2.0,-37.0
1776884418.4471028,2.0,0.0,-44.0
1776884418.4571028,4.0,-2.0,-47.0
1776884418.4671028,4.0,-1.0,-45.0
1776884418.4771028,0.0,-1.0,-48.0
1776884418.4871027,2.0,-2.0,-44.0
1776884418.4971027,5.0,-5.0,-42.0
1776884418.5071027,5.0,0.0,-41.0
1776884418.5171027,6.0,0.0,-40.0
1776884418.5271027,1.0,0.0,-43.0
1776884418.5371027,-1.0,0.0,-44.0
1776884418.5471027,-3.0,1.0,-50.0
1776884418.557103,-2.0,-1.0,-50.0
1776884418.567103,1.0,-2.0,-51.0
1776884418.577103,4.0,-3.0,-57.0
1776884418.587103,1.0,-4.0,-56.0
1776884418.5971026,0.0,-2.0,-57.0
1776884418.6071026,1.0,-2.0,-53.0
1776884418.6171026,2.0,-4.0,-50.0
1776884418.6271029,0.0,0.0,-45.0
1776884418.6371028,2.0,1.0,-45.0
1776884418.6471028,2.0,0.0,-41.0
1776884418.6571028,2.0,0.0,-47.0
1776884418.6671028,8.0,-1.0,-49.0
1776884418.6771028,9.0,4.0,-47.0
1776884418.6871028,8.0,0.0,-46.0
1776884418.6971028,9.0,0.0,-43.0
1776884418.7071028,9.0,5.0,-40.0
1776884418.7171028,9.0,2.0,-41.0
1776884418.7271028,7.0,0.0,-35.0
1776884418.7371027,10.0,-1.0,-37.0
1776884418.7471027,4.0,0.0,-39.0
1776884418.7571027,2.0,0.0,-40.0
1776884418.7671027,4.0,0.0,-34.0
1776884418.7771027,5.0,-1.0,-44.0
1776884418.7871027,7.0,-1.0,-47.0
1776884418.7971027,1.0,-2.0,-51.0
1776884418.807103,3.0,0.0,-51.0
1776884418.817103,1.0,-1.0,-54.0
1776884418.827103,0.0,-6.0,-57.0
1776884418.837103,-3.0,-6.0,-56.0
1776884418.8471026,-3.0,-7.0,-56.0
1776884418.8571026,-3.0,-7.0,-59.0
1776884418.8671026,-3.0,-9.0,-47.0
1776884418.8771029,-7.0,-11.0,-47.0
1776884418.8871028,-3.0,-9.0,-52.0
1776884418.8971028,-4.0,-8.0,-48.0
1776884418.9071028,-1.0,-4.0,-49.0
1776884418.9171028,-3.0,-6.0,-47.0
1776884418.9271028,-5.0,-4.0,-50.0
1776884418.9371028,-3.0,-6.0,-53.0
1776884418.9471028,-3.0,-8.0,-46.0
1776884418.9571028,-4.0,-7.0,-42.0
1776884418.9671028,-7.0,-5.0,-44.0
1776884418.9771028,-9.0,-4.0,-48.0
1776884418.9871027,-4.0,-3.0,-46.0
1776884418.9971027,-5.0,-2.0,-44.0
1776884419.0071027,-2.0,-2.0,-48.0
1776884419.0171027,0.0,-4.0,-45.0
1776884419.0271027,-1.0,-2.0,-41.0
1776884419.0371027,-3.0,-1.0,-37.0
1776884419.0471027,0.0,-3.0,-41.0
1776884419.057103,0.0,-1.0,-39.0
1776884419.067103,-1.0,3.0,-40.0
1776884419.077103,6.0,3.0,-39.0
1776884419.087103,10.0,4.0,-41.0
1776884419.0971026,8.0,0.0,-40.0
1776884419.1071026,4.0,0.0,-44.0
1776884419.1171026,0.0,1.0,-43.0
1776884419.1271029,0.0,1.0,-41.0
1776884419.1371028,0.0,3.0,-49.0
1776884419.1471028,3.0,4.0,-47.0
1776884419.1571028,2.0,3.0,-52.0
1776884419.1671028,0.0,4.0,-44.0
1776884419.1771028,-3.0,2.0,-42.0
1776884419.1871028,-2.0,0.0,-40.0
1776884419.1971028,3.0,-1.0,-45.0
1776884419.2071028,2.0,0.0,-49.0
1776884419.2171028,2.0,-1.0,-48.0
1776884419.2271028,2.0,0.0,-58.0
1776884419.2371027,0.0,-4.0,-58.0
1776884419.2471027,2.0,-4.0,-55.0
1776884419.2571027,0.0,-2.0,-46.0
1776884419.2671027,-5.0,0.0,-37.0
1776884419.2771027,-1.0,1.0,-43.0
1776884419.2871027,2.0,-1.0,-45.0
1776884419.2971027,3.0,2.0,-46.0
1776884419.307103,8.0,2.0,-50.0
1776884419.317103,7.0,1.0,-42.0
1776884419.327103,8.0,3.0,-45.0
1776884419.337103,8.0,3.0,-49.0
1776884419.3471026,5.0,4.0,-49.0
1776884419.3571026,4.0,6.0,-43.0
1776884419.3671026,4.0,3.0,-40.0
1776884419.3771029,5.0,4.0,-41.0
1776884419.3871028,7.0,0.0,-40.0
1776884419.3971028,7.0,0.0,-37.0
1776884419.4081028,3.0,-3.0,-38.0
1776884419.4181027,0.0,3.0,-39.0
1776884419.4281027,-1.0,1.0,-40.0
1776884419.4381027,0.0,0.0,-38.0
1776884419.4481027,0.0,1.0,-41.0
1776884419.4581027,0.0,-2.0,-40.0
1776884419.4681027,-3.0,-3.0,-51.0
1776884419.4781027,-1.0,-5.0,-41.0
1776884419.488103,-3.0,-8.0,-38.0
1776884419.498103,-3.0,-9.0,-42.0
1776884419.508103,-5.0,-6.0,-39.0
1776884419.5181026,-8.0,-2.0,-43.0
1776884419.5281026,-8.0,-1.0,-42.0
1776884419.5381026,-4.0,-1.0,-41.0
1776884419.5481029,-8.0,-1.0,-46.0
1776884419.5581028,-10.0,1.0,-43.0
1776884419.5681028,-10.0,-1.0,-47.0
1776884419.5781028,-12.0,-3.0,-47.0
1776884419.5881028,-3.0,-3.0,-46.0
1776884419.5981028,0.0,-7.0,-52.0
1776884419.6081028,-2.0,-2.0,-48.0
1776884419.6181028,0.0,-4.0,-49.0
1776884419.6281028,2.0,-8.0,-51.0
1776884419.6381028,0.0,-9.0,-58.0
1776884419.6481028,-1.0,-7.0,-66.0
1776884419.6581028,-4.0,-7.0,-67.0
1776884419.6681027,-4.0,-6.0,-59.0
1776884419.6781027,-2.0,-2.0,-59.0
1776884419.6881027,2.0,-5.0,-55.0
1776884419.6981027,5.0,-5.0,-53.0
1776884419.7081027,1.0,-4.0,-49.0
1776884419.7181027,0.0,-1.0,-48.0
1776884419.7281027,-2.0,3.0,-44.0
1776884419.738103,-3.0,6.0,-51.0
1776884419.748103,-7.0,4.0,-52.0
1776884419.758103,-7.0,0.0,-52.0
1776884419.7681026,-7.0,-2.0,-54.0
1776884419.7781026,-7.0,0.0,-57.0
1776884419.7881026,-6.0,1.0,-56.0
1776884419.7981029,-6.0,1.0,-58.0
1776884419.8081028,-6.0,0.0,-58.0
1776884419.8181028,-6.0,1.0,-56.0
1776884419.8281028,-11.0,0.0,-54.0
1776884419.8381028,-12.0,-2.0,-47.0
1776884419.8481028,-4.0,-4.0,-47.0
1776884419.8581028,-1.0,-8.0,-54.0
1776884419.8681028,-2.0,-9.0,-48.0
1776884419.8781028,0.0,-7.0,-46.0
1776884419.8881028,0.0,-8.0,-45.0
1776884419.8981028,-1.0,-4.0,-44.0
1776884419.9081028,0.0,2.0,-53.0
1776884419.9181027,0.0,3.0,-55.0
1776884419.9281027,-2.0,-1.0,-53.0
1776884419.9381027,0.0,-3.0,-56.0
1776884419.9481027,-3.0,-7.0,-56.0
1776884419.9581027,-2.0,-7.0,-54.0
1776884419.9681027,-1.0,-6.0,-49.0
1776884419.9781027,-1.0,-5.0,-47.0
1776884419.988103,-2.0,-2.0,-48.0
1776884419.998103,-2.0,-1.0,-42.0
1776884420.008103,0.0,-4.0,-39.0
1776884420.0181026,2.0,-5.0,-48.0
1776884420.0281026,3.0,-8.0,-49.0
1776884420.0381026,4.0,-4.0,-43.0
1776884420.0481029,5.0,-3.0,-40.0
1776884420.0581028,1.0,-1.0,-44.0
1776884420.0681028,0.0,0.0,-50.0
1776884420.0781028,-2.0,-2.0,-46.0
1776884420.0881028,-2.0,0.0,-38.0
1776884420.0981028,1.0,-3.0,-44.0
1776884420.1081028,7.0,0.0,-52.0
1776884420.1181028,4.0,0.0,-55.0
1776884420.1281028,5.0,0.0,-51.0
1776884420.1381028,5.0,0.0,-50.0
1776884420.1481028,4.0,3.0,-49.0
1776884420.1581028,2.0,0.0,-53.0
1776884420.1681027,-4.0,-4.0,-51.0
1776884420.1781027,-2.0,-7.0,-56.0
1776884420.1881027,4.0,-5.0,-51.0
1776884420.1981027,0.0,-2.0,-55.0
1776884420.2081027,4.0,-6.0,-54.0
1776884420.2181027,0.0,-3.0,-49.0
1776884420.2281027,1.0,-3.0,-50.0
1776884420.238103,0.0,-8.0,-48.0
1776884420.248103,2.0,-9.0,-54.0
1776884420.258103,1.0,-9.0,-60.0
1776884420.2681026,-4.0,-12.0,-58.0
1776884420.2781026,-1.0,-7.0,-59.0
1776884420.2881026,0.0,-4.0,-55.0
1776884420.2981029,1.0,-1.0,-52.0
1776884420.3081028,2.0,0.0,-55.0
1776884420.3181028,0.0,-2.0,-57.0
1776884420.3281028,0.0,-3.0,-56.0
1776884420.3381028,2.0,-4.0,-57.0
1776884420.3481028,0.0,-3.0,-50.0
1776884420.3581028,-5.0,-2.0,-43.0
1776884420.3681028,-4.0,-3.0,-43.0
1776884420.3781028,0.0,-5.0,-48.0
1776884420.3881028,-4.0,-6.0,-47.0
1776884420.3981028,-4.0,-6.0,-44.0
1776884420.4081028,-4.0,-4.0,-48.0
1776884420.4181027,0.0,-5.0,-52.0
1776884420.4281027,4.0,-5.0,-50.0
1776884420.4381027,2.0,0.0,-43.0
1776884420.4481027,5.0,3.0,-41.0
1776884420.4581027,6.0,-2.0,-42.0
1776884420.4681027,6.0,-8.0,-44.0
1776884420.4781027,7.0,-10.0,-47.0
1776884420.488103,5.0,-5.0,-46.0
1776884420.498103,0.0,-6.0,-47.0
1776884420.508103,4.0,-3.0,-51.0
1776884420.5191028,-4.0,1.0,-51.0
1776884420.5281026,-7.0,0.0,-52.0
1776884420.5381026,-9.0,1.0,-55.0
1776884420.5481029,-10.0,0.0,-51.0
1776884420.5581028,-7.0,0.0,-52.0
1776884420.5681028,-8.0,0.0,-50.0
1776884420.5781028,0.0,-1.0,-50.0
1776884420.5881028,2.0,-5.0,-49.0
1776884420.5981028,0.0,-9.0,-53.0
1776884420.6081028,0.0,-8.0,-50.0
1776884420.6181028,-3.0,-7.0,-51.0
1776884420.6281028,-4.0,-12.0,-48.0
1776884420.6381028,-4.0,-11.0,-48.0
1776884420.6481028,-4.0,-11.0,-49.0
1776884420.6581028,-2.0,-13.0,-46.0
1776884420.6681027,0.0,-8.0,-47.0
1776884420.6781027,1.0,-9.0,-44.0
1776884420.6881027,8.0,-4.0,-48.0
1776884420.6981027,8.0,-7.0,-54.0
1776884420.7081027,2.0,0.0,-50.0
1776884420.7181027,-2.0,2.0,-52.0
1776884420.7281027,-6.0,3.0,-53.0
1776884420.738103,-10.0,0.0,-51.0
1776884420.748103,-7.0,1.0,-56.0
1776884420.758103,-4.0,0.0,-48.0
1776884420.7681026,-6.0,5.0,-43.0
1776884420.7781026,-1.0,6.0,-38.0
1776884420.7881026,0.0,7.0,-37.0
1776884420.7981029,2.0,9.0,-39.0
1776884420.8081028,1.0,6.0,-42.0
1776884420.8181028,0.0,1.0,-45.0
1776884420.8281028,0.0,2.0,-46.0
1776884420.8381028,0.0,6.0,-49.0
1776884420.8481028,2.0,6.0,-46.0
1776884420.8581028,0.0,6.0,-47.0
1776884420.8681028,0.0,-1.0,-46.0
1776884420.8781028,1.0,0.0,-49.0
1776884420.8881028,6.0,0.0,-50.0
1776884420.8981028,4.0,1.0,-52.0
1776884420.9081028,3.0,-3.0,-50.0
1776884420.9181027,0.0,-5.0,-45.0
1776884420.9281027,0.0,0.0,-46.0
1776884420.9381027,0.0,0.0,-48.0
1776884420.9481027,1.0,0.0,-45.0
1776884420.9581027,0.0,-5.0,-41.0
1776884420.9681027,-1.0,-4.0,-45.0
1776884420.9781027,0.0,-7.0,-47.0
1776884420.988103,0.0,-3.0,-50.0
1776884420.998103,-1.0,-6.0,-49.0
1776884421.008103,-3.0,-6.0,-43.0
1776884421.0181026,-4.0,-7.0,-42.0
1776884421.0281026,-3.0,-7.0,-48.0
1776884421.0381026,0.0,-5.0,-46.0
1776884421.0481029,-1.0,-1.0,-51.0
1776884421.0581028,0.0,-5.0,-52.0
1776884421.0681028,-1.0,-4.0,-49.0
1776884421.0781028,-2.0,-1.0,-52.0
1776884421.0881028,1.0,-4.0,-57.0
1776884421.0981028,-3.0,-4.0,-57.0
1776884421.1081028,-9.0,-8.0,-54.0
1776884421.1181028,-9.0,-8.0,-50.0
1776884421.1281028,-7.0,-7.0,-47.0
1776884421.1381028,0.0,-7.0,-43.0
1776884421.1481028,0.0,-6.0,-49.0
1776884421.1581028,-5.0,-3.0,-46.0
1776884421.1681027,-6.0,-1.0,-42.0
1776884421.1781027,-1.0,-2.0,-52.0
1776884421.1881027,2.0,-1.0,-56.0
1776884421.1981027,-1.0,-1.0,-64.0
1776884421.2081027,-2.0,-4.0,-58.0
1776884421.2181027,-3.0,-5.0,-59.0
1776884421.2281027,-1.0,-8.0,-55.0
1776884421.238103,-2.0,-7.0,-60.0
1776884421.248103,-4.0,-8.0,-56.0
1776884421.258103,-4.0,-5.0,-54.0
1776884421.2681026,-2.0,-3.0,-49.0
1776884421.2781026,0.0,-4.0,-47.0
1776884421.2881026,-2.0,-2.0,-53.0
1776884421.2981029,-6.0,0.0,-48.0
1776884421.3081028,-3.0,4.0,-47.0
1776884421.3181028,0.0,3.0,-45.0
1776884421.3281028,2.0,3.0,-45.0
1776884421.3381028,2.0,4.0,-40.0
1776884421.3481028,0.0,2.0,-42.0
1776884421.3591027,-2.0,4.0,-45.0
1776884421.3691027,-4.0,6.0,-51.0
1776884421.3791027,-7.0,2.0,-56.0
1776884421.3891027,-8.0,1.0,-51.0
1776884421.3991027,-7.0,0.0,-43.0
1776884421.409103,-2.0,-5.0,-39.0
1776884421.419103,2.0,-4.0,-31.0
1776884421.429103,4.0,-3.0,-36.0
1776884421.4391026,6.0,-3.0,-36.0
1776884421.4491026,2.0,-5.0,-39.0
1776884421.4591026,0.0,-1.0,-40.0
1776884421.4691026,-1.0,0.0,-38.0
1776884421.4791028,-1.0,2.0,-31.0
1776884421.4891028,1.0,0.0,-33.0
1776884421.4991028,1.0,0.0,-46.0
1776884421.5091028,4.0,2.0,-51.0
1776884421.5191028,5.0,1.0,-45.0
1776884421.5291028,5.0,0.0,-48.0
1776884421.5391028,5.0,-5.0,-46.0
1776884421.5491028,2.0,-7.0,-48.0
1776884421.5591028,2.0,-4.0,-50.0
1776884421.5691028,0.0,-2.0,-51.0
1776884421.5791028,-1.0,-7.0,-53.0
1776884421.5891027,0.0,-8.0,-50.0
1776884421.5991027,1.0,-2.0,-50.0
1776884421.6091027,3.0,0.0,-50.0
1776884421.6191027,0.0,2.0,-45.0
1776884421.6291027,0.0,6.0,-41.0
1776884421.6391027,-2.0,4.0,-48.0
1776884421.6491027,-1.0,3.0,-52.0
1776884421.659103,2.0,4.0,-52.0
1776884421.669103,-1.0,1.0,-55.0
1776884421.679103,-4.0,0.0,-47.0
1776884421.6891026,-3.0,0.0,-51.0
1776884421.6991026,-3.0,-7.0,-50.0
1776884421.7091026,-3.0,-7.0,-48.0
1776884421.7191026,-3.0,-6.0,-51.0
1776884421.7291028,-9.0,-7.0,-53.0
1776884421.7391028,-9.0,-1.0,-55.0
1776884421.7491028,-7.0,-4.0,-45.0
1776884421.7591028,-1.0,-7.0,-38.0
1776884421.7691028,0.0,-8.0,-38.0
1776884421.7791028,-1.0,-4.0,-43.0
1776884421.7891028,1.0,-5.0,-45.0
1776884421.7991028,0.0,-3.0,-45.0
1776884421.8091028,0.0,0.0,-43.0
1776884421.8191028,-2.0,-1.0,-42.0
1776884421.8291028,-2.0,-2.0,-41.0
1776884421.8391027,-3.0,-4.0,-38.0
1776884421.8491027,-6.0,-4.0,-36.0
1776884421.8591027,-7.0,-6.0,-44.0
1776884421.8691027,-1.0,-6.0,-43.0
1776884421.8791027,-1.0,-9.0,-49.0
1776884421.8891027,0.0,-13.0,-53.0
1776884421.8991027,0.0,-9.0,-56.0
1776884421.909103,2.0,-11.0,-51.0
1776884421.919103,0.0,-8.0,-47.0
1776884421.929103,-1.0,-6.0,-44.0
1776884421.9391026,1.0,-7.0,-42.0
1776884421.9491026,5.0,-6.0,-49.0
1776884421.9591026,6.0,-3.0,-50.0
1776884421.9691026,3.0,0.0,-51.0
1776884421.9791028,4.0,0.0,-52.0
1776884421.9891028,1.0,0.0,-50.0
1776884421.9991028,0.0,0.0,-51.0
1776884422.0091028,0.0,0.0,-49.0
1776884422.0191028,0.0,-2.0,-47.0
1776884422.0291028,-1.0,0.0,-47.0
1776884422.0391028,-6.0,0.0,-44.0
1776884422.0491028,-6.0,-1.0,-51.0
1776884422.0591028,-4.0,-1.0,-52.0
1776884422.0691028,-5.0,-1.0,-52.0
1776884422.0791028,-3.0,0.0,-45.0
1776884422.0891027,-2.0,0.0,-47.0
1776884422.0991027,1.0,1.0,-46.0
1776884422.1091027,-1.0,0.0,-40.0
1776884422.1191027,-1.0,4.0,-40.0
1776884422.1291027,0.0,0.0,-38.0
1776884422.1391027,5.0,-1.0,-41.0
1776884422.1491027,1.0,-1.0,-49.0
1776884422.159103,1.0,-5.0,-53.0
1776884422.169103,3.0,-7.0,-52.0
1776884422.179103,3.0,-7.0,-54.0
1776884422.1891026,1.0,-9.0,-52.0
1776884422.1991026,2.0,-8.0,-52.0
1776884422.2091026,4.0,-6.0,-53.0
1776884422.2191026,5.0,-1.0,-55.0
1776884422.2291028,6.0,0.0,-53.0
1776884422.2391028,0.0,-2.0,-50.0
1776884422.2491028,-3.0,-2.0,-52.0
1776884422.2591028,-4.0,0.0,-49.0
1776884422.2691028,-7.0,0.0,-54.0
1776884422.2791028,-8.0,-1.0,-56.0
1776884422.2891028,-8.0,-2.0,-53.0
1776884422.2991028,-8.0,-1.0,-54.0
1776884422.3091028,-4.0,-2.0,-49.0
1776884422.3191028,-7.0,1.0,-53.0
1776884422.3291028,-6.0,1.0,-54.0
1776884422.3391027,-7.0,0.0,-51.0
1776884422.3491027,-7.0,3.0,-53.0
1776884422.3591027,-4.0,4.0,-54.0
1776884422.3691027,-2.0,0.0,-51.0
1776884422.3791027,-8.0,3.0,-49.0
1776884422.3891027,-6.0,2.0,-45.0
1776884422.3991027,-4.0,0.0,-42.0
1776884422.409103,-4.0,-6.0,-33.0
1776884422.419103,-2.0,-4.0,-37.0
1776884422.429103,-3.0,-5.0,-42.0
1776884422.4391026,-6.0,-6.0,-53.0
1776884422.4491026,-5.0,-3.0,-52.0
1776884422.4591026,-4.0,-2.0,-55.0
1776884422.4691026,0.0,-3.0,-53.0
1776884422.4791028,1.0,-3.0,-50.0
1776884422.4891028,3.0,1.0,-49.0
1776884422.4991028,3.0,4.0,-51.0
1776884422.5091028,3.0,2.0,-46.0
1776884422.5191028,4.0,0.0,-49.0
1776884422.5291028,8.0,-2.0,-54.0
1776884422.5391028,6.0,1.0,-51.0
1776884422.5491028,2.0,-2.0,-49.0
1776884422.5591028,1.0,0.0,-44.0
1776884422.5691028,0.0,0.0,-41.0
1776884422.5791028,-3.0,-1.0,-42.0
1776884422.5891027,-5.0,0.0,-34.0
1776884422.5991027,-3.0,1.0,-28.0
1776884422.6091027,0.0,-1.0,-33.0
1776884422.6191027,0.0,2.0,-38.0
1776884422.6291027,0.0,3.0,-37.0
1776884422.6391027,1.0,0.0,-35.0
1776884422.6491027,-1.0,-1.0,-42.0
1776884422.659103,-2.0,0.0,-42.0
1776884422.669103,0.0,3.0,-46.0
1776884422.679103,1.0,1.0,-52.0
1776884422.6891026,-2.0,0.0,-51.0
1776884422.6991026,-4.0,-1.0,-52.0
1776884422.7091026,1.0,0.0,-49.0
1776884422.7191026,0.0,0.0,-49.0
1776884422.7291028,3.0,-5.0,-45.0
1776884422.7391028,6.0,-5.0,-45.0
1776884422.7491028,7.0,-4.0,-46.0
1776884422.7591028,5.0,-7.0,-46.0
1776884422.7691028,2.0,-5.0,-41.0
1776884422.7791028,0.0,-3.0,-40.0
1776884422.7891028,-3.0,0.0,-41.0
1776884422.7991028,-4.0,0.0,-40.0
1776884422.8091028,-1.0,0.0,-40.0
1776884422.8191028,0.0,4.0,-38.0
1776884422.8291028,1.0,1.0,-33.0
1776884422.8391027,3.0,-1.0,-40.0
1776884422.8491027,3.0,-4.0,-46.0
1776884422.8591027,2.0,-2.0,-48.0
1776884422.8691027,1.0,4.0,-50.0
1776884422.8791027,5.0,2.0,-46.0
1776884422.8891027,5.0,0.0,-45.0
1776884422.8991027,1.0,1.0,-42.0
1776884422.909103,0.0,-1.0,-43.0
1776884422.919103,0.0,-3.0,-36.0
1776884422.929103,0.0,0.0,-42.0
1776884422.9391026,0.0,0.0,-49.0
1776884422.9491026,-1.0,-7.0,-50.0
1776884422.9591026,-1.0,-8.0,-53.0
1776884422.9691026,3.0,-6.0,-50.0
1776884422.9791028,4.0,-5.0,-49.0
1776884422.9891028,5.0,-5.0,-41.0
1776884422.9991028,2.0,-3.0,-46.0
1776884423.0091028,2.0,-3.0,-43.0
1776884423.0191028,0.0,-9.0,-42.0
1776884423.0291028,0.0,-8.0,-41.0
1776884423.0391028,-1.0,-8.0,-46.0
1776884423.0491028,-2.0,-7.0,-50.0
1776884423.0591028,-1.0,-4.0,-52.0
1776884423.0691028,0.0,-7.0,-53.0
1776884423.0791028,-2.0,-9.0,-50.0
1776884423.0891027,-2.0,-9.0,-48.0
1776884423.0991027,-3.0,-8.0,-46.0
1776884423.1091027,-5.0,-6.0,-40.0
1776884423.1191027,-10.0,0.0,-39.0
1776884423.1291027,-9.0,-3.0,-46.0
1776884423.1391027,-11.0,0.0,-51.0
1776884423.1491027,-11.0,5.0,-53.0
1776884423.159103,-8.0,6.0,-57.0
1776884423.169103,-6.0,4.0,-61.0
1776884423.179103,-6.0,-3.0,-71.0
1776884423.1891026,-1.0,-4.0,-69.0
1776884423.1991026,2.0,-4.0,-67.0
1776884423.2091026,0.0,-3.0,-62.0
1776884423.2191026,0.0,-3.0,-58.0
1776884423.2291028,0.0,-2.0,-61.0
1776884423.2391028,0.0,-4.0,-61.0
1776884423.2491028,2.0,-5.0,-53.0
1776884423.2591028,0.0,-8.0,-51.0
1776884423.2691028,1.0,-6.0,-51.0
1776884423.2791028,-5.0,-5.0,-54.0
1776884423.2891028,-9.0,-8.0,-53.0
1776884423.2991028,-6.0,-10.0,-51.0
1776884423.3091028,-2.0,-11.0,-55.0
1776884423.3191028,-4.0,-5.0,-50.0
1776884423.3301027,-3.0,-5.0,-48.0
1776884423.340103,-1.0,-6.0,-57.0
1776884423.350103,-1.0,-5.0,-62.0
1776884423.360103,-2.0,-5.0,-64.0
1776884423.3701026,-2.0,-3.0,-61.0
1776884423.3801026,0.0,-2.0,-64.0
1776884423.3901026,6.0,-3.0,-61.0
1776884423.4001029,6.0,0.0,-58.0
1776884423.4101028,3.0,0.0,-56.0
1776884423.4201028,4.0,0.0,-52.0
1776884423.4301028,0.0,-1.0,-48.0
1776884423.4401028,-1.0,0.0,-50.0
1776884423.4501028,0.0,1.0,-59.0
1776884423.4601028,1.0,1.0,-61.0
1776884423.4701028,0.0,4.0,-62.0
1776884423.4801028,1.0,2.0,-62.0
1776884423.4901028,3.0,-3.0,-61.0
1776884423.5001028,6.0,-3.0,-60.0
1776884423.5101027,5.0,-2.0,-57.0
1776884423.5201027,8.0,-3.0,-58.0
1776884423.5301027,7.0,-5.0,-55.0
1776884423.5401027,12.0,-9.0,-52.0
1776884423.5501027,13.0,-7.0,-48.0
1776884423.5601027,13.0,-4.0,-45.0
1776884423.5701027,11.0,-6.0,-49.0
1776884423.5801027,10.0,-10.0,-49.0
1776884423.590103,9.0,-12.0,-51.0
1776884423.600103,8.0,-8.0,-46.0
1776884423.610103,8.0,-5.0,-44.0
1776884423.6201026,11.0,-7.0,-39.0
1776884423.6301026,12.0,-2.0,-42.0
1776884423.6401026,12.0,-6.0,-38.0
1776884423.6501029,8.0,-7.0,-35.0
1776884423.6601028,6.0,-3.0,-38.0
1776884423.6701028,1.0,0.0,-45.0
1776884423.6801028,3.0,-1.0,-43.0
1776884423.6901028,4.0,1.0,-38.0
1776884423.7001028,3.0,0.0,-35.0
1776884423.7101028,4.0,2.0,-41.0
1776884423.7201028,4.0,0.0,-45.0
1776884423.7301028,3.0,-3.0,-47.0
1776884423.7401028,4.0,-7.0,-46.0
1776884423.7501028,2.0,-6.0,-49.0
1776884423.7601027,1.0,-3.0,-45.0
1776884423.7701027,-3.0,-2.0,-48.0
1776884423.7801027,0.0,-3.0,-46.0
1776884423.7901027,1.0,-1.0,-50.0
1776884423.8001027,4.0,0.0,-49.0
1776884423.8101027,8.0,0.0,-42.0
1776884423.8201027,9.0,2.0,-50.0
1776884423.8301027,7.0,4.0,-54.0
1776884423.840103,8.0,1.0,-57.0
1776884423.850103,7.0,2.0,-55.0
1776884423.860103,5.0,2.0,-53.0
1776884423.8701026,-1.0,1.0,-48.0
1776884423.8801026,3.0,2.0,-43.0
1776884423.8901026,5.0,0.0,-45.0
1776884423.9001029,4.0,1.0,-41.0
1776884423.9101028,-1.0,0.0,-44.0
1776884423.9201028,-1.0,0.0,-43.0
1776884423.9301028,-2.0,2.0,-48.0
1776884423.9401028,0.0,2.0,-52.0
1776884423.9501028,3.0,1.0,-49.0
1776884423.9601028,1.0,3.0,-47.0
1776884423.9701028,0.0,5.0,-53.0
1776884423.9801028,-7.0,2.0,-47.0
1776884423.9901028,-11.0,1.0,-42.0
1776884424.0001028,-8.0,0.0,-37.0
1776884424.0101027,-5.0,2.0,-39.0
1776884424.0201027,0.0,3.0,-40.0
1776884424.0301027,4.0,-3.0,-38.0
1776884424.0401027,0.0,0.0,-36.0
1776884424.0501027,0.0,1.0,-36.0
1776884424.0601027,-7.0,2.0,-33.0
1776884424.0701027,-5.0,1.0,-46.0
1776884424.0801027,-1.0,0.0,-47.0
1776884424.090103,-2.0,0.0,-42.0
1776884424.100103,0.0,0.0,-39.0
1776884424.110103,3.0,0.0,-42.0
1776884424.1201026,8.0,0.0,-40.0
1776884424.1301026,5.0,0.0,-43.0
1776884424.1401026,7.0,0.0,-46.0
1776884424.1501029,2.0,-1.0,-42.0
1776884424.1601028,1.0,-1.0,-42.0
1776884424.1701028,1.0,0.0,-44.0
1776884424.1801028,-1.0,0.0,-42.0
1776884424.1901028,0.0,1.0,-46.0
1776884424.2001028,2.0,-3.0,-45.0
1776884424.2101028,2.0,-2.0,-43.0
1776884424.2201028,0.0,-1.0,-43.0
1776884424.2301028,-7.0,-2.0,-50.0
1776884424.2401028,-10.0,4.0,-50.0
1776884424.2501028,-7.0,0.0,-53.0
1776884424.2601027,-7.0,1.0,-53.0
1776884424.2701027,-6.0,5.0,-52.0
1776884424.2801027,-4.0,2.0,-51.0
1776884424.2901027,-2.0,3.0,-52.0
1776884424.3001027,5.0,3.0,-51.0
1776884424.3101027,2.0,2.0,-51.0
1776884424.3201027,0.0,3.0,-46.0
1776884424.3301027,2.0,5.0,-47.0
1776884424.340103,-1.0,1.0,-47.0
1776884424.350103,2.0,0.0,-45.0
1776884424.360103,5.0,0.0,-43.0
1776884424.3701026,0.0,-5.0,-40.0
1776884424.3801026,1.0,-6.0,-35.0
1776884424.3901026,0.0,-5.0,-39.0
1776884424.4001029,-5.0,-5.0,-35.0
1776884424.4101028,-4.0,0.0,-37.0
1776884424.4201028,-7.0,-1.0,-45.0
1776884424.4301028,-9.0,-1.0,-50.0
1776884424.4401028,-12.0,2.0,-50.0
1776884424.4501028,-9.0,3.0,-58.0
1776884424.4601028,-7.0,7.0,-52.0
1776884424.4701028,-4.0,5.0,-59.0
1776884424.4801028,-1.0,5.0,-61.0
1776884424.4901028,0.0,5.0,-60.0
1776884424.5001028,-5.0,1.0,-54.0
1776884424.5101027,-5.0,-2.0,-56.0
1776884424.5201027,-1.0,0.0,-63.0
1776884424.5301027,0.0,-5.0,-58.0
1776884424.5401027,-2.0,-6.0,-57.0
1776884424.5501027,-5.0,-5.0,-52.0
1776884424.5601027,-7.0,-5.0,-52.0
1776884424.5701027,-4.0,-5.0,-64.0
1776884424.5801027,-4.0,-3.0,-58.0
1776884424.590103,-7.0,-4.0,-61.0
1776884424.600103,-7.0,-1.0,-61.0
1776884424.610103,-5.0,3.0,-56.0
1776884424.6201026,-3.0,5.0,-55.0
1776884424.6301026,0.0,2.0,-55.0
1776884424.6401026,0.0,-4.0,-61.0
1776884424.6501029,-1.0,-10.0,-52.0
1776884424.6601028,4.0,-7.0,-54.0
1776884424.6701028,0.0,-6.0,-55.0
1776884424.6801028,-1.0,-6.0,-54.0
1776884424.6901028,-2.0,-1.0,-52.0
1776884424.7001028,-2.0,-4.0,-51.0
1776884424.7101028,-4.0,-8.0,-49.0
1776884424.7201028,-6.0,-8.0,-44.0
1776884424.7301028,-6.0,-9.0,-43.0
1776884424.7401028,-8.0,-10.0,-42.0
1776884424.7501028,-4.0,-6.0,-43.0
1776884424.7601027,0.0,-5.0,-41.0
1776884424.7701027,1.0,0.0,-41.0
1776884424.7801027,0.0,1.0,-40.0
1776884424.7901027,1.0,-1.0,-41.0
1776884424.8001027,0.0,-2.0,-38.0
1776884424.8101027,-2.0,-5.0,-41.0
1776884424.8201027,-2.0,-4.0,-40.0
1776884424.8301027,1.0,-5.0,-43.0
1776884424.840103,2.0,-2.0,-46.0
1776884424.850103,3.0,-4.0,-51.0
1776884424.860103,0.0,-1.0,-49.0
1776884424.8701026,-3.0,-3.0,-48.0
1776884424.8801026,-8.0,-5.0,-49.0
1776884424.8901026,-10.0,0.0,-51.0
1776884424.9001029,-7.0,0.0,-51.0
1776884424.9101028,-5.0,-3.0,-49.0
1776884424.9201028,-6.0,-6.0,-50.0
1776884424.9301028,-6.0,-9.0,-49.0
1776884424.9401028,0.0,-7.0,-44.0
1776884424.9501028,2.0,-2.0,-42.0
1776884424.9601028,0.0,-1.0,-35.0
1776884424.9701028,0.0,0.0,-35.0
1776884424.9801028,-2.0,-3.0,-43.0
1776884424.9901028,6.0,-6.0,-44.0
1776884425.0001028,4.0,-8.0,-53.0
1776884425.0101027,5.0,-8.0,-54.0
1776884425.0201027,7.0,-8.0,-57.0
1776884425.0301027,2.0,-7.0,-53.0
1776884425.0401027,0.0,-3.0,-50.0
1776884425.0501027,-1.0,-6.0,-48.0
1776884425.0601027,-1.0,-7.0,-50.0
1776884425.0701027,6.0,-6.0,-51.0
1776884425.0801027,4.0,-6.0,-57.0
1776884425.090103,1.0,-6.0,-54.0
1776884425.100103,0.0,-3.0,-51.0
1776884425.110103,-3.0,-5.0,-51.0
1776884425.1201026,-4.0,0.0,-50.0
1776884425.1301026,-5.0,-4.0,-48.0
1776884425.1401026,-1.0,-5.0,-47.0
1776884425.1501029,2.0,-3.0,-53.0
1776884425.1601028,3.0,-2.0,-49.0
1776884425.1701028,6.0,-7.0,-51.0
1776884425.1801028,6.0,-7.0,-49.0
1776884425.1901028,8.0,-10.0,-48.0
1776884425.2001028,8.0,-8.0,-54.0
1776884425.2101028,3.0,-4.0,-51.0
1776884425.2201028,-4.0,-5.0,-47.0
1776884425.2301028,-1.0,-4.0,-50.0
1776884425.2401028,4.0,0.0,-46.0
1776884425.2501028,0.0,0.0,-47.0
1776884425.2601027,0.0,-3.0,-51.0
1776884425.2701027,-2.0,-4.0,-52.0
1776884425.2801027,3.0,0.0,-54.0
1776884425.2911026,4.0,1.0,-57.0
1776884425.3011026,6.0,1.0,-55.0
1776884425.3101027,4.0,-1.0,-47.0
1776884425.3201027,6.0,-3.0,-45.0
1776884425.3311028,3.0,0.0,-47.0
1776884425.3411028,4.0,-3.0,-49.0
1776884425.3511028,0.0,0.0,-53.0
1776884425.3611028,0.0,2.0,-56.0
1776884425.3711028,-2.0,0.0,-52.0
1776884425.3811028,0.0,-1.0,-48.0
1776884425.3911028,0.0,-3.0,-44.0
1776884425.4011028,2.0,-5.0,-45.0
1776884425.4111028,6.0,-4.0,-48.0
1776884425.4211028,4.0,-1.0,-53.0
1776884425.4311028,4.0,3.0,-60.0
1776884425.4411027,2.0,5.0,-57.0
1776884425.4511027,1.0,0.0,-54.0
1776884425.4611027,2.0,-3.0,-50.0
1776884425.4711027,0.0,-2.0,-45.0
1776884425.4811027,0.0,1.0,-41.0
1776884425.4911027,1.0,2.0,-36.0
1776884425.5011027,3.0,6.0,-39.0
1776884425.511103,-1.0,10.0,-44.0
1776884425.521103,3.0,5.0,-44.0
1776884425.531103,5.0,2.0,-46.0
1776884425.5411026,3.0,4.0,-46.0
1776884425.5511026,2.0,0.0,-48.0
1776884425.5611026,0.0,1.0,-50.0
1776884425.5711029,1.0,0.0,-51.0
1776884425.5811028,1.0,0.0,-48.0
1776884425.5911028,0.0,-1.0,-49.0
1776884425.6011028,0.0,0.0,-50.0
1776884425.6111028,-4.0,0.0,-46.0
1776884425.6211028,-9.0,0.0,-48.0
1776884425.6311028,-7.0,2.0,-48.0
1776884425.6411028,-5.0,-2.0,-52.0
1776884425.6511028,0.0,0.0,-54.0
1776884425.6611028,-2.0,-1.0,-56.0
1776884425.6711028,-3.0,-4.0,-62.0
1776884425.6811028,-4.0,-4.0,-64.0
1776884425.6911027,-5.0,0.0,-61.0
1776884425.7011027,-4.0,1.0,-63.0
1776884425.7111027,-4.0,1.0,-53.0
1776884425.7211027,0.0,4.0,-54.0
1776884425.7311027,-1.0,6.0,-54.0
1776884425.7411027,-1.0,5.0,-51.0
1776884425.7511027,-2.0,6.0,-48.0
1776884425.761103,0.0,6.0,-44.0
1776884425.771103,0.0,4.0,-45.0
1776884425.781103,0.0,1.0,-41.0
1776884425.7911026,2.0,-2.0,-39.0
1776884425.8011026,3.0,-4.0,-46.0
1776884425.8111026,2.0,-4.0,-44.0
1776884425.8211029,0.0,1.0,-42.0
1776884425.8311028,0.0,0.0,-43.0
1776884425.8411028,0.0,0.0,-53.0
1776884425.8511028,-1.0,0.0,-59.0
1776884425.8611028,-2.0,-2.0,-63.0
1776884425.8711028,-4.0,-4.0,-60.0
1776884425.8811028,-1.0,-2.0,-50.0
1776884425.8911028,-3.0,-3.0,-49.0
1776884425.9011028,-1.0,-3.0,-53.0
1776884425.9111028,2.0,0.0,-52.0
1776884425.9211028,1.0,-1.0,-54.0
1776884425.9311028,0.0,0.0,-52.0
1776884425.9411027,0.0,-3.0,-59.0
1776884425.9511027,0.0,-6.0,-55.0
1776884425.9611027,-2.0,-4.0,-58.0
1776884425.9711027,-1.0,-5.0,-56.0
1776884425.9811027,-4.0,-5.0,-55.0
1776884425.9911027,0.0,-2.0,-55.0
1776884426.0011027,1.0,0.0,-46.0
1776884426.011103,1.0,-2.0,-44.0
1776884426.021103,3.0,-3.0,-50.0
1776884426.031103,-1.0,-4.0,-53.0
1776884426.0411026,-5.0,-7.0,-54.0
1776884426.0511026,-2.0,-7.0,-49.0
1776884426.0611026,-3.0,-5.0,-50.0
1776884426.0711029,0.0,-2.0,-53.0
1776884426.0811028,3.0,-2.0,-52.0
1776884426.0911028,6.0,1.0,-50.0
1776884426.1011028,3.0,-2.0,-52.0
1776884426.1111028,-1.0,-6.0,-53.0
1776884426.1211028,-6.0,-7.0,-53.0
1776884426.1311028,-7.0,-6.0,-50.0
1776884426.1411028,-4.0,-4.0,-54.0
1776884426.1511028,-5.0,-4.0,-59.0
1776884426.1611028,-6.0,-7.0,-53.0
1776884426.1711028,-3.0,-2.0,-55.0
1776884426.1811028,-6.0,0.0,-49.0
1776884426.1911027,-2.0,-4.0,-43.0
1776884426.2011027,0.0,-5.0,-42.0
1776884426.2111027,6.0,-5.0,-46.0
1776884426.2211027,3.0,-4.0,-51.0
1776884426.2311027,0.0,-6.0,-55.0
1776884426.2411027,0.0,-2.0,-52.0
1776884426.2511027,-1.0,-1.0,-48.0
1776884426.261103,-5.0,2.0,-50.0
1776884426.271103,-3.0,0.0,-50.0
1776884426.281103,3.0,-2.0,-50.0
1776884426.2911026,2.0,0.0,-48.0
1776884426.3011026,0.0,-3.0,-39.0
1776884426.3111026,2.0,0.0,-36.0
1776884426.3211029,-2.0,0.0,-39.0
1776884426.3311028,-1.0,2.0,-38.0
1776884426.3411028,-3.0,4.0,-42.0
1776884426.3511028,-3.0,1.0,-46.0
1776884426.3611028,-2.0,-5.0,-48.0
1776884426.3711028,-2.0,-7.0,-46.0
1776884426.3811028,-6.0,-7.0,-47.0
1776884426.3911028,-6.0,-3.0,-45.0
1776884426.4011028,-4.0,-6.0,-50.0
1776884426.4111028,-3.0,-7.0,-55.0
1776884426.4211028,-1.0,-9.0,-51.0
1776884426.4311028,-1.0,-13.0,-45.0
1776884426.4411027,2.0,-6.0,-51.0
1776884426.4511027,8.0,-6.0,-51.0
1776884426.4611027,7.0,-5.0,-46.0
1776884426.4711027,8.0,-5.0,-46.0
1776884426.4811027,6.0,-6.0,-44.0
1776884426.4911027,5.0,0.0,-40.0
1776884426.5011027,3.0,0.0,-45.0
1776884426.511103,0.0,4.0,-41.0
1776884426.521103,-3.0,4.0,-46.0
1776884426.531103,-1.0,1.0,-49.0
1776884426.5411026,0.0,4.0,-46.0
1776884426.5511026,1.0,4.0,-47.0
1776884426.5611026,1.0,1.0,-47.0
1776884426.5711029,0.0,0.0,-47.0
1776884426.5811028,0.0,-2.0,-46.0
1776884426.5911028,2.0,0.0,-48.0
1776884426.6011028,6.0,2.0,-49.0
1776884426.6111028,3.0,2.0,-51.0
1776884426.6211028,4.0,-1.0,-47.0
1776884426.6311028,3.0,-7.0,-40.0
1776884426.6411028,2.0,-5.0,-45.0
1776884426.6511028,5.0,0.0,-48.0
1776884426.6611028,1.0,0.0,-39.0
1776884426.6711028,4.0,-1.0,-43.0
1776884426.6811028,6.0,0.0,-41.0
1776884426.6911027,5.0,-5.0,-36.0
1776884426.7011027,3.0,-7.0,-38.0
1776884426.7111027,2.0,-2.0,-42.0
1776884426.7211027,4.0,-3.0,-43.0
1776884426.7311027,4.0,0.0,-52.0
1776884426.7411027,4.0,2.0,-60.0
1776884426.7511027,5.0,5.0,-58.0
1776884426.761103,3.0,3.0,-63.0
1776884426.771103,0.0,2.0,-60.0
1776884426.781103,2.0,0.0,-58.0
1776884426.7911026,2.0,0.0,-53.0
1776884426.8011026,2.0,-4.0,-52.0
1776884426.8111026,0.0,-2.0,-48.0
1776884426.8211029,1.0,-3.0,-46.0
1776884426.8311028,-1.0,-2.0,-53.0
1776884426.8411028,-5.0,-2.0,-54.0
1776884426.8511028,-2.0,-3.0,-51.0
1776884426.8611028,-5.0,-2.0,-55.0
1776884426.8711028,-6.0,-4.0,-62.0
1776884426.8811028,0.0,-3.0,-52.0
1776884426.8911028,-2.0,-1.0,-56.0
1776884426.9011028,-1.0,0.0,-56.0
1776884426.9111028,-1.0,5.0,-49.0
1776884426.9211028,0.0,3.0,-46.0
1776884426.9311028,1.0,0.0,-42.0
1776884426.9411027,2.0,-3.0,-41.0
1776884426.9511027,3.0,-7.0,-44.0
1776884426.9611027,0.0,-6.0,-52.0
1776884426.9711027,0.0,-5.0,-56.0
1776884426.9811027,2.0,-5.0,-49.0
1776884426.9911027,-1.0,-4.0,-51.0
1776884427.0011027,-2.0,-7.0,-50.0
1776884427.011103,-2.0,-7.0,-49.0
1776884427.021103,0.0,-3.0,-53.0
1776884427.031103,0.0,-5.0,-50.0
1776884427.0411026,-3.0,-6.0,-51.0
1776884427.0511026,-3.0,-5.0,-53.0
1776884427.0611026,-1.0,-4.0,-52.0
1776884427.0711029,-6.0,-5.0,-49.0
1776884427.0811028,-2.0,-8.0,-52.0
1776884427.0911028,-5.0,-7.0,-53.0
1776884427.1011028,-7.0,-4.0,-53.0
1776884427.1111028,-6.0,-3.0,-52.0
1776884427.1211028,0.0,0.0,-59.0
1776884427.1311028,0.0,3.0,-53.0
1776884427.1411028,-2.0,3.0,-53.0
1776884427.1511028,0.0,0.0,-51.0
1776884427.1611028,-2.0,-1.0,-54.0
1776884427.1711028,2.0,-1.0,-54.0
1776884427.1811028,4.0,1.0,-47.0
1776884427.1911027,3.0,-1.0,-43.0
1776884427.2011027,5.0,-3.0,-45.0
1776884427.2111027,4.0,-3.0,-52.0
1776884427.2211027,5.0,-4.0,-52.0
1776884427.2311027,1.0,1.0,-53.0
1776884427.2411027,0.0,-1.0,-52.0
1776884427.2521029,0.0,0.0,-56.0
1776884427.2621028,-1.0,-2.0,-56.0
1776884427.2721028,-2.0,-1.0,-55.0
1776884427.2821028,0.0,-1.0,-57.0
1776884427.2921028,-1.0,2.0,-52.0
1776884427.3021028,0.0,0.0,-49.0
1776884427.3121028,0.0,0.0,-46.0
1776884427.3221028,0.0,-2.0,-39.0
1776884427.3321028,0.0,-3.0,-45.0
1776884427.3421028,3.0,-2.0,-49.0
1776884427.3521028,2.0,0.0,-49.0
1776884427.3621027,0.0,0.0,-52.0
1776884427.3721027,1.0,2.0,-50.0
1776884427.3821027,0.0,4.0,-55.0
1776884427.3921027,1.0,2.0,-50.0
1776884427.4021027,-4.0,0.0,-48.0
1776884427.4121027,-5.0,4.0,-48.0
1776884427.4221027,-6.0,5.0,-47.0
1776884427.432103,-10.0,4.0,-50.0
1776884427.442103,-12.0,-1.0,-43.0
1776884427.452103,-10.0,0.0,-44.0
1776884427.462103,-11.0,0.0,-44.0
1776884427.4721026,-9.0,0.0,-44.0
1776884427.4821026,-6.0,0.0,-47.0
1776884427.4921026,-6.0,1.0,-47.0
1776884427.5021029,-10.0,4.0,-43.0
1776884427.5121028,-5.0,10.0,-44.0
1776884427.5221028,3.0,10.0,-53.0
1776884427.5321028,-3.0,4.0,-58.0
1776884427.5421028,1.0,2.0,-57.0
1776884427.5521028,3.0,1.0,-61.0
1776884427.5621028,3.0,0.0,-64.0
1776884427.5721028,-2.0,-4.0,-62.0
1776884427.5821028,0.0,-1.0,-58.0
1776884427.5921028,0.0,-2.0,-58.0
1776884427.6021028,2.0,0.0,-49.0
1776884427.6121027,1.0,2.0,-50.0
1776884427.6221027,1.0,1.0,-54.0
1776884427.6321027,-1.0,-1.0,-52.0
1776884427.6421027,-3.0,-5.0,-52.0
1776884427.6521027,-2.0,-3.0,-50.0
1776884427.6621027,-1.0,-3.0,-52.0
1776884427.6721027,-2.0,-2.0,-55.0
1776884427.682103,0.0,-2.0,-53.0
1776884427.692103,7.0,-8.0,-52.0
1776884427.702103,4.0,-8.0,-48.0
1776884427.712103,3.0,-5.0,-48.0
1776884427.7221026,0.0,-3.0,-47.0
1776884427.7321026,-1.0,-7.0,-44.0
1776884427.7421026,0.0,-7.0,-49.0
1776884427.7521029,1.0,-4.0,-49.0
1776884427.7621028,-1.0,0.0,-54.0
1776884427.7721028,1.0,0.0,-52.0
1776884427.7821028,-1.0,0.0,-51.0
1776884427.7921028,-1.0,0.0,-40.0
1776884427.8021028,-3.0,0.0,-46.0
1776884427.8121028,-9.0,0.0,-46.0
1776884427.8221028,-8.0,-2.0,-42.0
1776884427.8321028,-1.0,-1.0,-41.0
1776884427.8421028,-2.0,0.0,-43.0
1776884427.8521028,-2.0,-3.0,-40.0
1776884427.8621027,4.0,0.0,-46.0
1776884427.8721027,0.0,-3.0,-45.0
1776884427.8821027,0.0,-1.0,-51.0
1776884427.8921027,2.0,0.0,-55.0
1776884427.9021027,-1.0,1.0,-55.0
1776884427.9121027,-2.0,-3.0,-59.0
1776884427.9221027,0.0,-1.0,-56.0
1776884427.932103,-2.0,-2.0,-50.0
1776884427.942103,0.0,0.0,-56.0
1776884427.952103,-4.0,4.0,-59.0
1776884427.962103,-6.0,3.0,-54.0
1776884427.9721026,-6.0,3.0,-52.0
1776884427.9821026,-9.0,-2.0,-54.0
1776884427.9921026,-5.0,-3.0,-51.0
1776884428.0021029,0.0,0.0,-49.0
1776884428.0121028,1.0,-1.0,-52.0
1776884428.0221028,3.0,0.0,-52.0
1776884428.0321028,4.0,2.0,-53.0
1776884428.0421028,5.0,0.0,-50.0
1776884428.0521028,5.0,-3.0,-43.0
1776884428.0621028,5.0,0.0,-43.0
1776884428.0721028,8.0,-1.0,-39.0
1776884428.0821028,9.0,-2.0,-47.0
1776884428.0921028,9.0,-5.0,-50.0
1776884428.1021028,4.0,-6.0,-55.0
1776884428.1121027,4.0,-6.0,-47.0
1776884428.1221027,3.0,-3.0,-45.0
1776884428.1321027,4.0,0.0,-43.0
1776884428.1421027,0.0,-4.0,-43.0
1776884428.1521027,0.0,-3.0,-45.0
1776884428.1621027,1.0,-5.0,-46.0
1776884428.1721027,-2.0,0.0,-44.0
1776884428.182103,-3.0,6.0,-43.0
1776884428.192103,-5.0,6.0,-47.0
1776884428.202103,-2.0,1.0,-48.0
1776884428.212103,0.0,0.0,-47.0
1776884428.2221026,1.0,0.0,-55.0
1776884428.2321026,1.0,-1.0,-51.0
1776884428.2421026,1.0,0.0,-52.0
1776884428.2521029,0.0,-2.0,-50.0
1776884428.2621028,1.0,-2.0,-52.0
1776884428.2721028,2.0,-1.0,-49.0
1776884428.2821028,2.0,-4.0,-41.0
1776884428.2921028,2.0,-2.0,-39.0
1776884428.3021028,1.0,-2.0,-41.0
1776884428.3121028,3.0,-8.0,-46.0
1776884428.3221028,0.0,-9.0,-47.0
1776884428.3321028,1.0,-6.0,-44.0
1776884428.3421028,3.0,-8.0,-49.0
1776884428.3521028,6.0,-4.0,-54.0
1776884428.3621027,7.0,-4.0,-52.0
1776884428.3721027,3.0,-5.0,-47.0
1776884428.3821027,5.0,-3.0,-47.0
1776884428.3921027,0.0,-5.0,-50.0
1776884428.4021027,-3.0,-3.0,-51.0
1776884428.4121027,-2.0,0.0,-51.0
1776884428.4221027,-1.0,0.0,-48.0
1776884428.432103,0.0,1.0,-49.0
1776884428.442103,0.0,1.0,-41.0
1776884428.452103,-2.0,0.0,-40.0
1776884428.462103,0.0,2.0,-47.0
1776884428.4721026,2.0,3.0,-48.0
1776884428.4821026,2.0,4.0,-44.0
1776884428.4921026,-1.0,4.0,-43.0
1776884428.5021029,-3.0,1.0,-48.0
1776884428.5121028,0.0,0.0,-49.0
1776884428.5221028,3.0,0.0,-49.0
1776884428.5321028,5.0,-1.0,-54.0
1776884428.5421028,5.0,-1.0,-49.0
1776884428.5521028,-1.0,-5.0,-46.0
1776884428.5621028,-1.0,-8.0,-44.0
1776884428.5721028,-1.0,-7.0,-42.0
1776884428.5821028,0.0,0.0,-45.0
1776884428.5921028,0.0,1.0,-48.0
1776884428.6021028,1.0,1.0,-43.0
1776884428.6121027,-3.0,5.0,-45.0
1776884428.6221027,0.0,2.0,-45.0
1776884428.6321027,2.0,2.0,-44.0
1776884428.6421027,5.0,0.0,-42.0
1776884428.6521027,1.0,-3.0,-42.0
1776884428.6621027,2.0,-3.0,-47.0
1776884428.6721027,0.0,-4.0,-46.0
1776884428.682103,-4.0,-7.0,-51.0
1776884428.692103,-6.0,-7.0,-51.0
1776884428.702103,-5.0,-8.0,-50.0
1776884428.712103,-3.0,-14.0,-53.0
1776884428.7221026,0.0,-13.0,-53.0
1776884428.7321026,1.0,-12.0,-51.0
1776884428.7421026,2.0,-12.0,-43.0
1776884428.7521029,4.0,-11.0,-44.0
1776884428.7621028,5.0,-6.0,-48.0
1776884428.7721028,5.0,-6.0,-44.0
1776884428.7821028,8.0,-3.0,-45.0
1776884428.7921028,4.0,-2.0,-46.0
1776884428.8021028,2.0,-2.0,-49.0
1776884428.8121028,-1.0,-1.0,-51.0
1776884428.8221028,-1.0,1.0,-49.0
1776884428.8321028,2.0,4.0,-49.0
1776884428.8421028,4.0,7.0,-45.0
1776884428.8521028,0.0,0.0,-44.0
1776884428.8621027,-6.0,-3.0,-41.0
1776884428.8721027,-5.0,-6.0,-41.0
1776884428.8821027,-4.0,-6.0,-48.0
1776884428.8921027,-3.0,-2.0,-56.0
1776884428.9021027,-5.0,-7.0,-55.0
1776884428.9121027,-2.0,-6.0,-55.0
1776884428.9221027,-3.0,-7.0,-55.0
1776884428.932103,-3.0,-8.0,-47.0
1776884428.942103,-4.0,-5.0,-39.0
1776884428.952103,-5.0,-6.0,-48.0
1776884428.962103,-5.0,-8.0,-49.0
1776884428.9721026,-6.0,-4.0,-48.0
1776884428.9821026,-5.0,-4.0,-48.0
1776884428.9921026,-5.0,-6.0,-50.0
1776884429.0021029,-3.0,-7.0,-46.0
1776884429.0121028,3.0,-6.0,-36.0
1776884429.0221028,6.0,-7.0,-35.0
1776884429.0321028,3.0,-5.0,-38.0
1776884429.0421028,2.0,-6.0,-41.0
1776884429.0521028,3.0,-6.0,-50.0
1776884429.0621028,1.0,-9.0,-51.0
1776884429.0721028,8.0,-6.0,-52.0
1776884429.0821028,9.0,-5.0,-45.0
1776884429.0921028,9.0,0.0,-40.0
1776884429.1021028,4.0,0.0,-44.0
1776884429.1121027,1.0,-4.0,-48.0
1776884429.1221027,2.0,-3.0,-45.0
1776884429.1321027,0.0,-4.0,-40.0
1776884429.1421027,-1.0,-4.0,-45.0
1776884429.1521027,0.0,0.0,-53.0
1776884429.1621027,0.0,-1.0,-57.0
1776884429.1721027,1.0,-1.0,-56.0
1776884429.1831028,7.0,-2.0,-52.0
1776884429.192103,7.0,-3.0,-54.0
1776884429.202103,3.0,-2.0,-55.0
1776884429.212103,0.0,-1.0,-59.0
1776884429.2231028,-1.0,-2.0,-60.0
1776884429.2331028,0.0,-2.0,-55.0
1776884429.2431028,-2.0,-2.0,-55.0
1776884429.2531028,-2.0,-1.0,-48.0
1776884429.2631028,-3.0,-4.0,-44.0
1776884429.2731028,-3.0,-4.0,-46.0
1776884429.2831028,-3.0,0.0,-41.0
1776884429.2931027,0.0,-1.0,-36.0
1776884429.3031027,1.0,-2.0,-41.0
1776884429.3131027,2.0,-2.0,-44.0
1776884429.3231027,0.0,1.0,-41.0
1776884429.3331027,0.0,2.0,-47.0
1776884429.3431027,1.0,1.0,-48.0
1776884429.3531027,3.0,1.0,-55.0
1776884429.363103,4.0,-1.0,-56.0
1776884429.373103,1.0,-1.0,-48.0
1776884429.383103,3.0,0.0,-52.0
1776884429.3931026,3.0,1.0,-49.0
1776884429.4031026,5.0,-3.0,-55.0
1776884429.4131026,1.0,-1.0,-60.0
1776884429.4231029,-1.0,-2.0,-55.0
1776884429.4331028,-4.0,-3.0,-59.0
1776884429.4431028,-1.0,-1.0,-57.0
1776884429.4531028,-1.0,0.0,-50.0
1776884429.4641027,-1.0,0.0,-52.0
1776884429.4731028,-1.0,0.0,-51.0
1776884429.4831028,0.0,1.0,-56.0
1776884429.4931028,1.0,3.0,-56.0
1776884429.5031028,0.0,-1.0,-58.0
1776884429.5131028,0.0,-7.0,-56.0
1776884429.5231028,-3.0,-10.0,-50.0
1776884429.5331028,-1.0,-9.0,-43.0
1776884429.5431027,0.0,-11.0,-38.0
1776884429.5531027,-2.0,-9.0,-37.0
1776884429.5631027,-7.0,-6.0,-33.0
1776884429.5731027,-5.0,-4.0,-31.0
1776884429.5831027,0.0,-4.0,-39.0
1776884429.5931027,2.0,-2.0,-38.0
1776884429.6031027,-3.0,1.0,-34.0
1776884429.613103,0.0,-3.0,-38.0
1776884429.623103,1.0,-5.0,-42.0
1776884429.633103,0.0,-6.0,-45.0
1776884429.6431026,-1.0,-7.0,-48.0
1776884429.6531026,-4.0,-10.0,-49.0
1776884429.6631026,0.0,-4.0,-41.0
1776884429.6731029,3.0,0.0,-41.0
1776884429.6831028,4.0,-2.0,-43.0
1776884429.6931028,0.0,-4.0,-46.0
1776884429.7031028,1.0,-4.0,-48.0
1776884429.7131028,-1.0,-7.0,-43.0
1776884429.7231028,-2.0,-10.0,-46.0
1776884429.7331028,0.0,-13.0,-47.0
1776884429.7431028,0.0,-7.0,-49.0
1776884429.7531028,2.0,-5.0,-48.0
1776884429.7631028,2.0,-4.0,-47.0
1776884429.7731028,-2.0,-3.0,-55.0
1776884429.7831028,0.0,-4.0,-58.0
1776884429.7931027,-4.0,-1.0,-54.0
1776884429.8031027,-3.0,5.0,-52.0
1776884429.8131027,-5.0,5.0,-47.0
1776884429.8231027,-8.0,5.0,-48.0
1776884429.8331027,-2.0,3.0,-54.0
1776884429.8431027,0.0,1.0,-50.0
1776884429.8531027,2.0,2.0,-46.0
1776884429.863103,3.0,2.0,-43.0
1776884429.873103,1.0,0.0,-43.0
1776884429.883103,0.0,1.0,-45.0
1776884429.8931026,-1.0,0.0,-49.0
1776884429.9031026,1.0,1.0,-50.0
1776884429.9131026,5.0,0.0,-38.0
1776884429.9231029,3.0,0.0,-38.0
1776884429.9331028,4.0,2.0,-46.0
1776884429.9431028,0.0,4.0,-44.0
1776884429.9531028,3.0,5.0,-38.0
1776884429.9631028,7.0,4.0,-39.0
1776884429.9731028,5.0,1.0,-45.0
1776884429.9831028,0.0,-2.0,-47.0
1776884429.9931028,1.0,3.0,-53.0
1776884430.0031028,2.0,3.0,-54.0
1776884430.0131028,2.0,5.0,-51.0
1776884430.0231028,-1.0,3.0,-60.0
1776884430.0331028,0.0,3.0,-59.0
1776884430.0431027,0.0,0.0,-48.0
1776884430.0531027,2.0,3.0,-45.0
1776884430.0631027,6.0,1.0,-35.0
1776884430.0731027,2.0,0.0,-39.0
1776884430.0831027,0.0,6.0,-43.0
1776884430.0931027,2.0,2.0,-46.0
1776884430.1031027,1.0,0.0,-50.0
1776884430.113103,1.0,2.0,-50.0
1776884430.123103,-1.0,8.0,-46.0
1776884430.133103,-3.0,5.0,-49.0
1776884430.1431026,-3.0,5.0,-47.0
1776884430.1531026,-5.0,9.0,-47.0
1776884430.1631026,-5.0,10.0,-47.0
1776884430.1731029,-3.0,8.0,-48.0
1776884430.1831028,-2.0,4.0,-46.0
1776884430.1931028,0.0,-1.0,-46.0
1776884430.2031028,0.0,-4.0,-43.0
1776884430.2131028,-3.0,-2.0,-43.0
1776884430.2231028,-2.0,-1.0,-46.0
1776884430.2331028,0.0,-3.0,-44.0
1776884430.2431028,1.0,-2.0,-47.0
1776884430.2531028,5.0,-2.0,-53.0
1776884430.2631028,6.0,1.0,-50.0
1776884430.2731028,10.0,-1.0,-48.0
1776884430.2831028,8.0,-5.0,-53.0
1776884430.2931027,8.0,-8.0,-55.0
1776884430.3031027,5.0,-8.0,-48.0
1776884430.3131027,3.0,-7.0,-41.0
1776884430.3231027,2.0,-5.0,-40.0
1776884430.3331027,3.0,-2.0,-38.0
1776884430.3431027,4.0,-3.0,-43.0
1776884430.3531027,0.0,0.0,-49.0
1776884430.363103,2.0,0.0,-48.0
1776884430.373103,0.0,2.0,-44.0
1776884430.383103,0.0,2.0,-42.0
1776884430.3931026,3.0,0.0,-40.0
1776884430.4031026,3.0,3.0,-41.0
1776884430.4131026,2.0,3.0,-48.0
1776884430.4231029,2.0,1.0,-51.0
1776884430.4331028,4.0,0.0,-50.0
1776884430.4431028,4.0,2.0,-48.0
1776884430.4531028,6.0,1.0,-49.0
1776884430.4631028,4.0,0.0,-52.0
1776884430.4731028,0.0,0.0,-52.0
1776884430.4831028,0.0,-1.0,-55.0
1776884430.4931028,0.0,-3.0,-51.0
1776884430.5031028,1.0,-6.0,-44.0
1776884430.5131028,0.0,-4.0,-45.0
1776884430.5231028,-1.0,-1.0,-46.0
1776884430.5331028,-2.0,-2.0,-55.0
1776884430.5431027,0.0,-4.0,-64.0
1776884430.5531027,1.0,-1.0,-58.0
1776884430.5631027,0.0,-2.0,-56.0
1776884430.5731027,-5.0,-2.0,-52.0
1776884430.5831027,-6.0,2.0,-58.0
1776884430.5931027,-10.0,1.0,-58.0
1776884430.6031027,-7.0,1.0,-60.0
1776884430.613103,-3.0,-1.0,-56.0
1776884430.623103,-5.0,0.0,-53.0
1776884430.633103,-3.0,-6.0,-54.0
1776884430.6431026,-3.0,-11.0,-57.0
1776884430.6531026,-5.0,-12.0,-53.0
1776884430.6631026,2.0,-9.0,-48.0
1776884430.6731029,2.0,-10.0,-47.0
1776884430.6831028,2.0,-8.0,-49.0
1776884430.6931028,2.0,-9.0,-52.0
1776884430.7031028,0.0,-10.0,-57.0
1776884430.7131028,0.0,-9.0,-61.0
1776884430.7231028,2.0,-6.0,-56.0
1776884430.7331028,2.0,-2.0,-55.0
1776884430.7431028,2.0,-1.0,-52.0
1776884430.7531028,5.0,0.0,-53.0
1776884430.7631028,5.0,-8.0,-48.0
1776884430.7731028,5.0,-5.0,-53.0
1776884430.7831028,2.0,-4.0,-48.0
1776884430.7931027,0.0,0.0,-43.0
1776884430.8031027,0.0,-1.0,-43.0
1776884430.8131027,-4.0,-5.0,-50.0
1776884430.8231027,-3.0,-3.0,-57.0
1776884430.8331027,-5.0,-2.0,-57.0
1776884430.8431027,-1.0,-1.0,-60.0
1776884430.8531027,-2.0,-1.0,-59.0
1776884430.863103,1.0,-3.0,-51.0
1776884430.873103,5.0,-5.0,-53.0
1776884430.883103,8.0,-9.0,-53.0
1776884430.8931026,11.0,-6.0,-53.0
1776884430.9031026,9.0,-9.0,-54.0
1776884430.9131026,8.0,-5.0,-46.0
1776884430.9231029,2.0,-2.0,-44.0
1776884430.9331028,0.0,-4.0,-39.0
1776884430.9431028,0.0,-1.0,-40.0
1776884430.9531028,0.0,-4.0,-35.0
1776884430.9631028,1.0,-5.0,-40.0
1776884430.9731028,0.0,-1.0,-40.0
1776884430.9831028,0.0,0.0,-39.0
1776884430.9931028,3.0,-1.0,-41.0
1776884431.0031028,0.0,0.0,-43.0
1776884431.0131028,2.0,0.0,-41.0
1776884431.0231028,3.0,0.0,-51.0
1776884431.0331028,-2.0,0.0,-49.0
1776884431.0431027,-4.0,0.0,-52.0
1776884431.0531027,-5.0,-5.0,-55.0
1776884431.0631027,1.0,-10.0,-57.0
1776884431.0731027,-1.0,-7.0,-54.0
1776884431.0831027,-1.0,-8.0,-49.0
1776884431.0931027,-5.0,-6.0,-54.0
1776884431.1031027,0.0,-4.0,-46.0
1776884431.113103,-2.0,-2.0,-47.0
1776884431.123103,-1.0,0.0,-47.0
1776884431.133103,-3.0,-2.0,-53.0
1776884431.1431026,0.0,-3.0,-58.0
1776884431.1531026,0.0,-5.0,-55.0
1776884431.1631026,2.0,-4.0,-56.0
1776884431.1731029,1.0,0.0,-53.0
1776884431.1841028,0.0,4.0,-53.0
1776884431.1931028,0.0,0.0,-51.0
1776884431.2041028,0.0,-2.0,-53.0
1776884431.2131028,2.0,-5.0,-50.0
1776884431.2241027,-2.0,-6.0,-48.0
1776884431.2341027,1.0,-5.0,-56.0
1776884431.2441027,-1.0,-2.0,-57.0
1776884431.2541027,-2.0,-4.0,-49.0
1776884431.2641027,-4.0,-3.0,-48.0
1776884431.2741027,-2.0,-3.0,-47.0
1776884431.284103,0.0,-2.0,-43.0
1776884431.294103,6.0,-3.0,-39.0
1776884431.304103,7.0,-1.0,-43.0
1776884431.3141026,2.0,0.0,-38.0
1776884431.3241026,-3.0,3.0,-38.0
1776884431.3341026,-3.0,2.0,-39.0
1776884431.3441026,-4.0,5.0,-42.0
1776884431.3541028,-1.0,8.0,-38.0
1776884431.3641028,0.0,4.0,-38.0
1776884431.3741028,0.0,2.0,-40.0
1776884431.3841028,6.0,0.0,-49.0
1776884431.3941028,6.0,3.0,-51.0
1776884431.4041028,0.0,3.0,-56.0
1776884431.4141028,-4.0,3.0,-48.0
1776884431.4241028,-5.0,0.0,-51.0
1776884431.4341028,-2.0,-3.0,-52.0
1776884431.4441028,-4.0,-5.0,-55.0
1776884431.4541028,-3.0,-6.0,-51.0
1776884431.4641027,0.0,-5.0,-52.0
1776884431.4741027,5.0,-3.0,-58.0
1776884431.4841027,3.0,-1.0,-56.0
1776884431.4941027,4.0,-4.0,-56.0
1776884431.5041027,5.0,0.0,-51.0
1776884431.5141027,7.0,-1.0,-48.0
1776884431.5241027,3.0,-2.0,-45.0
1776884431.534103,1.0,-2.0,-42.0
1776884431.544103,0.0,-5.0,-43.0
1776884431.554103,3.0,-3.0,-45.0
1776884431.5641026,5.0,1.0,-44.0
1776884431.5741026,0.0,2.0,-53.0
1776884431.5841026,2.0,-2.0,-47.0
1776884431.5941026,4.0,-2.0,-51.0
1776884431.6041028,3.0,-2.0,-56.0
1776884431.6141028,1.0,1.0,-65.0
1776884431.6241028,1.0,0.0,-62.0
1776884431.6341028,4.0,0.0,-56.0
1776884431.6451027,6.0,0.0,-59.0
1776884431.6541028,5.0,-3.0,-54.0
1776884431.6641028,2.0,-5.0,-54.0
1776884431.6741028,9.0,-6.0,-53.0
1776884431.6841028,8.0,-4.0,-62.0
1776884431.6941028,6.0,0.0,-65.0
1776884431.7041028,3.0,1.0,-64.0
1776884431.7141027,8.0,1.0,-59.0
1776884431.7241027,2.0,-4.0,-60.0
1776884431.7341027,4.0,-4.0,-58.0
1776884431.7441027,0.0,-1.0,-53.0
1776884431.7541027,-3.0,-3.0,-50.0
1776884431.7641027,0.0,-3.0,-52.0
1776884431.7741027,0.0,-1.0,-51.0
1776884431.784103,2.0,2.0,-57.0
1776884431.794103,2.0,0.0,-59.0
1776884431.804103,2.0,-1.0,-63.0
1776884431.8141026,1.0,1.0,-57.0
1776884431.8241026,-1.0,0.0,-51.0
1776884431.8341026,0.0,0.0,-47.0
1776884431.8441026,-1.0,0.0,-44.0
1776884431.8541028,1.0,-5.0,-45.0
1776884431.8641028,1.0,-6.0,-46.0
1776884431.8741028,7.0,-4.0,-49.0
1776884431.8841028,7.0,-3.0,-45.0
1776884431.8941028,5.0,-5.0,-35.0
1776884431.9041028,2.0,-3.0,-37.0
1776884431.9141028,1.0,-1.0,-40.0
1776884431.9241028,1.0,1.0,-39.0
1776884431.9341028,0.0,-1.0,-45.0
1776884431.9441028,0.0,-1.0,-47.0
1776884431.9541028,5.0,-1.0,-44.0
1776884431.9641027,9.0,-4.0,-50.0
1776884431.9741027,7.0,-2.0,-56.0
1776884431.9841027,7.0,-2.0,-50.0
1776884431.9941027,5.0,-3.0,-55.0
1776884432.0041027,8.0,-6.0,-55.0
1776884432.0141027,3.0,-7.0,-54.0
1776884432.0241027,0.0,-3.0,-54.0
1776884432.034103,1.0,-3.0,-48.0
1776884432.044103,-1.0,0.0,-48.0
1776884432.054103,-2.0,0.0,-50.0
1776884432.0641026,1.0,-3.0,-52.0
1776884432.0741026,4.0,-5.0,-48.0
1776884432.0841026,3.0,-6.0,-47.0
1776884432.0941026,-2.0,-6.0,-43.0
1776884432.1041028,-2.0,-6.0,-43.0
1776884432.1141028,1.0,-8.0,-47.0
1776884432.1241028,0.0,-4.0,-44.0
1776884432.1341028,-2.0,-2.0,-49.0
1776884432.1441028,-2.0,-4.0,-46.0
1776884432.1541028,-2.0,-6.0,-43.0
1776884432.1641028,-1.0,-8.0,-42.0
1776884432.1741028,1.0,-8.0,-42.0
1776884432.1841028,1.0,-7.0,-42.0
1776884432.1941028,-2.0,-6.0,-42.0
1776884432.2041028,-7.0,-7.0,-41.0
1776884432.2141027,-2.0,-5.0,-38.0
1776884432.2241027,-3.0,-7.0,-45.0
1776884432.2341027,-4.0,-3.0,-46.0
1776884432.2441027,0.0,-3.0,-46.0
1776884432.2541027,-1.0,-1.0,-49.0
1776884432.2641027,-3.0,-1.0,-50.0
1776884432.2741027,-6.0,-1.0,-46.0
1776884432.284103,-7.0,1.0,-50.0
1776884432.294103,-4.0,0.0,-55.0
1776884432.304103,-3.0,-2.0,-60.0
1776884432.3141026,-1.0,-2.0,-56.0
1776884432.3241026,3.0,0.0,-55.0
1776884432.3341026,1.0,-1.0,-58.0
1776884432.3441026,0.0,-1.0,-61.0
1776884432.3541028,0.0,-4.0,-52.0
1776884432.3641028,0.0,-5.0,-50.0
1776884432.3741028,1.0,-2.0,-51.0
1776884432.3841028,4.0,2.0,-53.0
1776884432.3941028,4.0,3.0,-54.0
1776884432.4041028,3.0,1.0,-58.0
1776884432.4141028,4.0,-2.0,-58.0
1776884432.4241028,2.0,-2.0,-52.0
1776884432.4341028,1.0,0.0,-49.0
1776884432.4441028,0.0,-1.0,-49.0
1776884432.4541028,0.0,-1.0,-49.0
1776884432.4641027,1.0,0.0,-53.0
1776884432.4741027,5.0,0.0,-56.0
1776884432.4841027,4.0,3.0,-52.0
1776884432.4941027,5.0,0.0,-50.0
1776884432.5041027,3.0,2.0,-51.0
1776884432.5141027,4.0,5.0,-54.0
1776884432.5241027,1.0,6.0,-51.0
1776884432.534103,7.0,2.0,-45.0
1776884432.544103,13.0,2.0,-42.0
1776884432.554103,10.0,1.0,-39.0
1776884432.5641026,6.0,2.0,-36.0
1776884432.5741026,7.0,0.0,-34.0
1776884432.5841026,5.0,1.0,-35.0
1776884432.5941026,0.0,4.0,-47.0
1776884432.6041028,-1.0,4.0,-49.0
1776884432.6141028,-1.0,2.0,-49.0
1776884432.6241028,-2.0,1.0,-51.0
1776884432.6341028,-1.0,6.0,-41.0
1776884432.6441028,4.0,4.0,-41.0
1776884432.6541028,7.0,1.0,-39.0
1776884432.6641028,0.0,0.0,-44.0
1776884432.6741028,1.0,0.0,-43.0
1776884432.6841028,1.0,3.0,-47.0
1776884432.6941028,0.0,2.0,-50.0
1776884432.7041028,0.0,0.0,-46.0
1776884432.7141027,1.0,-2.0,-47.0
1776884432.7241027,-2.0,-2.0,-45.0
1776884432.7341027,2.0,0.0,-36.0
1776884432.7441027,2.0,3.0,-37.0
1776884432.7541027,1.0,1.0,-41.0
1776884432.7641027,4.0,1.0,-40.0
1776884432.7741027,3.0,-1.0,-42.0
1776884432.784103,5.0,0.0,-39.0
1776884432.794103,1.0,1.0,-37.0
1776884432.804103,1.0,2.0,-38.0
1776884432.8141026,-1.0,1.0,-37.0
1776884432.8241026,0.0,1.0,-41.0
1776884432.8341026,0.0,0.0,-48.0
1776884432.8441026,-3.0,-3.0,-52.0
1776884432.8541028,-2.0,0.0,-51.0
1776884432.8641028,-5.0,-2.0,-49.0
1776884432.8741028,-3.0,-3.0,-51.0
1776884432.8841028,0.0,-4.0,-50.0
1776884432.8941028,1.0,-1.0,-59.0
1776884432.9041028,-2.0,-2.0,-54.0
1776884432.9141028,0.0,-5.0,-52.0
1776884432.9241028,0.0,-3.0,-54.0
1776884432.9341028,2.0,0.0,-60.0
1776884432.9441028,5.0,1.0,-61.0
1776884432.9541028,0.0,-4.0,-52.0
1776884432.9641027,-4.0,-1.0,-47.0
1776884432.9741027,-2.0,0.0,-46.0
1776884432.9841027,0.0,-2.0,-43.0
1776884432.9941027,0.0,-2.0,-44.0
1776884433.0041027,-3.0,0.0,-46.0
1776884433.0141027,-1.0,-2.0,-45.0
1776884433.0241027,-3.0,-2.0,-47.0
1776884433.034103,-4.0,-5.0,-48.0
1776884433.044103,-3.0,-9.0,-44.0
1776884433.054103,0.0,-9.0,-41.0
1776884433.0641026,0.0,-6.0,-49.0
1776884433.0741026,0.0,-4.0,-47.0
1776884433.0841026,3.0,-2.0,-51.0
1776884433.0941026,3.0,-6.0,-56.0
1776884433.1041028,3.0,-8.0,-49.0
1776884433.1141028,0.0,-8.0,-52.0
1776884433.1241028,0.0,-9.0,-52.0
1776884433.1341028,0.0,-8.0,-54.0
1776884433.1441028,-2.0,-3.0,-56.0
1776884433.1551027,1.0,-4.0,-52.0
1776884433.1641028,1.0,-2.0,-48.0
1776884433.1751027,3.0,-2.0,-50.0
1776884433.1851027,3.0,1.0,-50.0
1776884433.1951027,2.0,1.0,-57.0
1776884433.2051027,5.0,0.0,-58.0
1776884433.215103,5.0,0.0,-54.0
1776884433.225103,4.0,-4.0,-53.0
1776884433.235103,4.0,-2.0,-50.0
1776884433.2451026,5.0,-6.0,-47.0
1776884433.2551026,9.0,-2.0,-51.0
1776884433.2651026,6.0,-1.0,-56.0
1776884433.2751029,5.0,-2.0,-52.0
1776884433.2851028,3.0,-4.0,-54.0
1776884433.2951028,-1.0,-5.0,-53.0
1776884433.3051028,-3.0,-1.0,-51.0
1776884433.3151028,0.0,0.0,-49.0
1776884433.3251028,1.0,-2.0,-45.0
1776884433.3351028,2.0,-2.0,-45.0
1776884433.3451028,1.0,-4.0,-44.0
1776884433.3551028,0.0,-2.0,-49.0
1776884433.3651028,-4.0,-4.0,-55.0
1776884433.3751028,-4.0,-5.0,-54.0
1776884433.3851027,-1.0,-3.0,-53.0
1776884433.3951027,2.0,1.0,-51.0
1776884433.4051027,0.0,-2.0,-54.0
1776884433.4151027,0.0,-1.0,-48.0
1776884433.4251027,0.0,0.0,-49.0
1776884433.4351027,0.0,2.0,-51.0
1776884433.4451027,-3.0,-2.0,-47.0
1776884433.4551027,0.0,-4.0,-52.0
1776884433.465103,-2.0,-3.0,-54.0
1776884433.475103,-3.0,-10.0,-54.0
1776884433.485103,-6.0,-13.0,-54.0
1776884433.4951026,-2.0,-10.0,-51.0
1776884433.5051026,1.0,-7.0,-52.0
1776884433.5151026,-1.0,-5.0,-50.0
1776884433.5251029,1.0,-4.0,-48.0
1776884433.5351028,0.0,1.0,-47.0
1776884433.5451028,2.0,0.0,-56.0
1776884433.5551028,2.0,-1.0,-48.0
1776884433.5651028,1.0,0.0,-43.0
1776884433.5751028,-1.0,0.0,-43.0
1776884433.5851028,-1.0,0.0,-39.0
1776884433.5951028,0.0,0.0,-34.0
1776884433.6051028,-4.0,-3.0,-31.0
1776884433.6151028,-5.0,-1.0,-32.0
1776884433.6251028,-3.0,-2.0,-37.0
1776884433.6351027,0.0,-10.0,-41.0
1776884433.6451027,0.0,-7.0,-47.0
1776884433.6551027,-1.0,-7.0,-50.0
1776884433.6651027,-3.0,-9.0,-48.0
1776884433.6751027,0.0,-8.0,-48.0
1776884433.6851027,1.0,-4.0,-52.0
1776884433.6961029,0.0,-1.0,-52.0
1776884433.7051027,0.0,0.0,-56.0
1776884433.715103,-4.0,2.0,-58.0
1776884433.725103,-2.0,-2.0,-63.0
1776884433.735103,-5.0,0.0,-60.0
1776884433.7451026,-4.0,4.0,-60.0
1776884433.7551026,-5.0,4.0,-61.0
1776884433.7651026,0.0,-1.0,-69.0
1776884433.7751029,-3.0,1.0,-64.0
1776884433.7851028,-2.0,0.0,-53.0
1776884433.7951028,-3.0,-2.0,-43.0
1776884433.8051028,-4.0,-2.0,-44.0
1776884433.8151028,-2.0,-1.0,-50.0
1776884433.8251028,-2.0,-3.0,-49.0
1776884433.8351028,-3.0,-2.0,-46.0
1776884433.8451028,-5.0,0.0,-48.0
1776884433.8551028,-6.0,1.0,-42.0
1776884433.8651028,-6.0,0.0,-45.0
1776884433.8751028,-7.0,-7.0,-48.0
1776884433.8851027,-10.0,-6.0,-48.0
1776884433.8951027,-5.0,-4.0,-43.0
1776884433.9051027,-6.0,-4.0,-46.0
1776884433.9151027,-5.0,-7.0,-49.0
1776884433.9251027,-2.0,-9.0,-48.0
1776884433.9351027,0.0,-8.0,-46.0
1776884433.9451027,-1.0,-5.0,-47.0
1776884433.9551027,-3.0,-6.0,-42.0
1776884433.965103,-5.0,-4.0,-43.0
1776884433.975103,-5.0,-5.0,-47.0
1776884433.985103,-4.0,-3.0,-43.0
1776884433.9951026,-3.0,0.0,-51.0
1776884434.0051026,-4.0,0.0,-54.0
1776884434.0151026,-1.0,0.0,-52.0
1776884434.0251029,0.0,0.0,-48.0
1776884434.0351028,0.0,5.0,-48.0
1776884434.0451028,0.0,5.0,-44.0
1776884434.0551028,0.0,0.0,-49.0
1776884434.0651028,-2.0,-3.0,-53.0
1776884434.0751028,0.0,-4.0,-55.0
1776884434.0851028,-1.0,-6.0,-52.0
1776884434.0951028,0.0,-2.0,-51.0
1776884434.1051028,-2.0,-3.0,-47.0
1776884434.1151028,-3.0,-4.0,-46.0
1776884434.1251028,-4.0,-8.0,-47.0
1776884434.1351027,0.0,-9.0,-50.0
1776884434.1451027,0.0,-10.0,-53.0
1776884434.1551027,-2.0,-9.0,-49.0
1776884434.1651027,0.0,-8.0,-47.0
1776884434.1751027,-1.0,-9.0,-49.0
1776884434.1851027,-3.0,-9.0,-56.0
1776884434.1951027,-3.0,-5.0,-49.0
1776884434.2051027,-6.0,-4.0,-49.0
1776884434.215103,-2.0,-3.0,-49.0
1776884434.225103,0.0,-6.0,-53.0
1776884434.235103,1.0,-5.0,-58.0
1776884434.2451026,4.0,-7.0,-55.0
1776884434.2551026,5.0,-6.0,-50.0
1776884434.2651026,4.0,-6.0,-46.0
1776884434.2751029,0.0,-7.0,-45.0
1776884434.2851028,-2.0,-1.0,-47.0
1776884434.2951028,-3.0,-1.0,-48.0
1776884434.3051028,-3.0,0.0,-49.0
1776884434.3151028,0.0,-2.0,-50.0
1776884434.3251028,2.0,-7.0,-47.0
1776884434.3351028,1.0,-8.0,-44.0
1776884434.3451028,0.0,-9.0,-49.0
1776884434.3551028,2.0,-6.0,-53.0
1776884434.3651028,5.0,-7.0,-51.0
1776884434.3751028,3.0,-7.0,-48.0
1776884434.3851027,2.0,-2.0,-45.0
1776884434.3951027,-1.0,-1.0,-41.0
1776884434.4051027,-6.0,-1.0,-46.0
1776884434.4151027,-4.0,-5.0,-43.0
1776884434.4251027,-1.0,-4.0,-40.0
1776884434.4351027,-1.0,-6.0,-37.0
1776884434.4451027,0.0,-7.0,-40.0
1776884434.4551027,0.0,-3.0,-44.0
1776884434.465103,1.0,-2.0,-47.0
1776884434.475103,0.0,0.0,-50.0
1776884434.485103,1.0,2.0,-47.0
1776884434.4951026,2.0,2.0,-45.0
1776884434.5051026,4.0,2.0,-44.0
1776884434.5151026,-2.0,2.0,-46.0
1776884434.5251029,-5.0,1.0,-51.0
1776884434.5351028,-3.0,0.0,-55.0
1776884434.5451028,-3.0,-2.0,-51.0
1776884434.5551028,-5.0,-1.0,-46.0
1776884434.5651028,-6.0,-3.0,-39.0
1776884434.5751028,0.0,-1.0,-45.0
1776884434.5851028,0.0,-2.0,-49.0
1776884434.5951028,2.0,0.0,-54.0
1776884434.6051028,2.0,3.0,-44.0
1776884434.6151028,-1.0,1.0,-47.0
1776884434.6251028,1.0,0.0,-45.0
1776884434.6351027,2.0,-1.0,-40.0
1776884434.6451027,0.0,0.0,-46.0
1776884434.6551027,1.0,1.0,-48.0
1776884434.6651027,4.0,-2.0,-51.0
1776884434.6751027,4.0,-2.0,-44.0
1776884434.6851027,-1.0,-1.0,-43.0
1776884434.6951027,5.0,-2.0,-49.0
1776884434.7051027,5.0,-2.0,-56.0
1776884434.715103,4.0,-7.0,-52.0
1776884434.725103,1.0,-6.0,-41.0
1776884434.735103,-1.0,-6.0,-35.0
1776884434.7451026,0.0,-4.0,-38.0
1776884434.7551026,-2.0,-5.0,-41.0
1776884434.7651026,2.0,-2.0,-44.0
1776884434.7751029,5.0,-4.0,-51.0
1776884434.7851028,5.0,-3.0,-53.0
1776884434.7951028,5.0,0.0,-56.0
1776884434.8051028,5.0,3.0,-53.0
1776884434.8151028,4.0,0.0,-56.0
1776884434.8251028,3.0,-3.0,-59.0
1776884434.8351028,3.0,-5.0,-58.0
1776884434.8451028,0.0,-7.0,-59.0
1776884434.8551028,2.0,-4.0,-63.0
1776884434.8651028,5.0,0.0,-56.0
1776884434.8751028,8.0,-3.0,-57.0
1776884434.8851027,8.0,-2.0,-54.0
1776884434.8951027,10.0,0.0,-60.0
1776884434.9051027,8.0,0.0,-58.0
1776884434.9151027,5.0,-3.0,-62.0
1776884434.9251027,4.0,-3.0,-61.0
1776884434.9351027,5.0,-3.0,-53.0
1776884434.9451027,4.0,1.0,-46.0
1776884434.9551027,5.0,2.0,-49.0
1776884434.965103,8.0,1.0,-55.0
1776884434.975103,6.0,0.0,-54.0
1776884434.985103,6.0,0.0,-54.0
1776884434.9951026,4.0,1.0,-52.0
1776884435.0051026,2.0,-2.0,-52.0
1776884435.0151026,-2.0,-3.0,-47.0
1776884435.0251029,-2.0,-4.0,-51.0
1776884435.0351028,-4.0,-5.0,-56.0
1776884435.0451028,-1.0,-8.0,-59.0
1776884435.0551028,-1.0,-13.0,-53.0
1776884435.0651028,0.0,-10.0,-47.0
1776884435.0751028,0.0,-8.0,-49.0
1776884435.0851028,-4.0,-7.0,-51.0
1776884435.0951028,-4.0,-9.0,-49.0
1776884435.1051028,-3.0,-11.0,-45.0
1776884435.1161027,-3.0,-8.0,-46.0
1776884435.1261027,-6.0,-7.0,-45.0
1776884435.136103,-3.0,-4.0,-46.0
1776884435.146103,-1.0,-3.0,-47.0
1776884435.156103,2.0,-2.0,-47.0
1776884435.1661026,1.0,-2.0,-43.0
1776884435.1761026,6.0,-1.0,-41.0
1776884435.1861026,6.0,-2.0,-42.0
1776884435.1961029,6.0,-5.0,-43.0
1776884435.2061028,12.0,-7.0,-42.0
1776884435.2161028,6.0,-10.0,-42.0
1776884435.2261028,4.0,-11.0,-47.0
1776884435.2361028,4.0,-7.0,-49.0
1776884435.2461028,-3.0,-7.0,-48.0
1776884435.2561028,-7.0,-3.0,-43.0
1776884435.2661028,-6.0,3.0,-36.0
1776884435.2761028,-9.0,0.0,-32.0
1776884435.2861028,-6.0,-5.0,-36.0
1776884435.2961028,-7.0,-3.0,-39.0
1776884435.3061028,-4.0,0.0,-42.0
1776884435.3161027,-5.0,0.0,-40.0
1776884435.3261027,-4.0,-2.0,-46.0
1776884435.3361027,-5.0,-1.0,-48.0
1776884435.3461027,-2.0,-3.0,-42.0
1776884435.3561027,0.0,-6.0,-40.0
1776884435.3661027,1.0,-1.0,-44.0
1776884435.3761027,2.0,-6.0,-49.0
1776884435.386103,2.0,-7.0,-54.0
1776884435.396103,1.0,-6.0,-54.0
1776884435.406103,0.0,-4.0,-63.0
1776884435.4161026,2.0,-3.0,-64.0
1776884435.4261026,0.0,-7.0,-70.0
1776884435.4361026,7.0,-10.0,-67.0
1776884435.4461029,9.0,-9.0,-60.0
1776884435.4561028,2.0,-7.0,-57.0
1776884435.4661028,-1.0,-5.0,-55.0
1776884435.4761028,-1.0,-9.0,-51.0
1776884435.4861028,0.0,-3.0,-44.0
1776884435.4961028,2.0,-3.0,-41.0
1776884435.5061028,0.0,-5.0,-42.0
1776884435.5161028,-1.0,-4.0,-47.0
1776884435.5261028,-1.0,-3.0,-48.0
1776884435.5361028,-1.0,-1.0,-44.0
1776884435.5461028,0.0,-2.0,-46.0
1776884435.5561028,1.0,0.0,-45.0
1776884435.5661027,1.0,1.0,-40.0
1776884435.5761027,-1.0,0.0,-41.0
1776884435.5861027,-2.0,-1.0,-46.0
1776884435.5961027,0.0,-4.0,-47.0
1776884435.6061027,3.0,-4.0,-50.0
1776884435.6161027,1.0,-5.0,-52.0
1776884435.6261027,-3.0,-3.0,-52.0
1776884435.636103,-4.0,-2.0,-51.0
1776884435.646103,0.0,0.0,-42.0
1776884435.656103,2.0,0.0,-42.0
1776884435.6661026,3.0,1.0,-42.0
1776884435.6761026,2.0,-1.0,-46.0
1776884435.6861026,4.0,-1.0,-50.0
1776884435.6961029,3.0,-1.0,-45.0
1776884435.7061028,2.0,0.0,-45.0
1776884435.7161028,4.0,2.0,-48.0
1776884435.7261028,0.0,0.0,-53.0
1776884435.7361028,-2.0,-3.0,-51.0
1776884435.7461028,-6.0,-5.0,-45.0
1776884435.7561028,-3.0,-2.0,-40.0
1776884435.7661028,-7.0,-4.0,-40.0
1776884435.7761028,-7.0,-2.0,-40.0
1776884435.7861028,-2.0,4.0,-43.0
1776884435.7961028,0.0,2.0,-36.0
1776884435.8061028,0.0,-2.0,-39.0
1776884435.8161027,0.0,-1.0,-39.0
1776884435.8261027,2.0,2.0,-39.0
1776884435.8361027,0.0,5.0,-42.0
1776884435.8461027,0.0,3.0,-44.0
1776884435.8561027,6.0,4.0,-43.0
1776884435.8661027,5.0,5.0,-53.0
1776884435.8761027,0.0,12.0,-53.0
1776884435.886103,0.0,8.0,-53.0
1776884435.896103,1.0,1.0,-58.0
1776884435.906103,3.0,0.0,-54.0
1776884435.9161026,0.0,0.0,-52.0
1776884435.9261026,-2.0,-2.0,-46.0
1776884435.9361026,-1.0,-10.0,-42.0
1776884435.9461029,0.0,-10.0,-44.0
1776884435.9561028,0.0,-7.0,-42.0
1776884435.9661028,-2.0,-7.0,-46.0
1776884435.9761028,2.0,-6.0,-50.0
1776884435.9861028,3.0,-5.0,-48.0
1776884435.9961028,9.0,-2.0,-55.0
1776884436.0061028,2.0,-4.0,-52.0
1776884436.0161028,2.0,-4.0,-51.0
1776884436.0261028,0.0,0.0,-46.0
1776884436.0361028,1.0,1.0,-44.0
1776884436.0461028,0.0,0.0,-40.0
1776884436.0561028,0.0,0.0,-47.0
1776884436.0661027,-3.0,-1.0,-49.0
1776884436.0761027,-2.0,-2.0,-43.0
1776884436.0861027,-7.0,-2.0,-39.0
1776884436.0961027,0.0,-8.0,-40.0
1776884436.1061027,0.0,-6.0,-39.0
1776884436.1161027,3.0,-4.0,-40.0
1776884436.1261027,0.0,1.0,-36.0
1776884436.136103,1.0,0.0,-36.0
1776884436.146103,-4.0,1.0,-42.0
1776884436.156103,-5.0,0.0,-41.0
1776884436.1661026,-7.0,0.0,-43.0
1776884436.1761026,-6.0,0.0,-46.0
1776884436.1861026,-7.0,0.0,-51.0
1776884436.1961029,-3.0,-2.0,-51.0
1776884436.2061028,-1.0,-6.0,-60.0
1776884436.2161028,-2.0,-4.0,-64.0
1776884436.2261028,-2.0,-6.0,-59.0
1776884436.2361028,-3.0,-4.0,-59.0
1776884436.2461028,-4.0,-4.0,-59.0
1776884436.2561028,-2.0,0.0,-62.0
1776884436.2661028,0.0,-1.0,-58.0
1776884436.2761028,-2.0,-2.0,-52.0
1776884436.2861028,-2.0,-2.0,-51.0
1776884436.2961028,-3.0,0.0,-49.0
1776884436.3061028,-1.0,0.0,-54.0
1776884436.3161027,-3.0,0.0,-53.0
1776884436.3261027,-3.0,1.0,-51.0
1776884436.3361027,0.0,1.0,-51.0
1776884436.3461027,-2.0,0.0,-58.0
1776884436.3561027,-2.0,1.0,-63.0
1776884436.3661027,1.0,0.0,-63.0
1776884436.3761027,-2.0,0.0,-63.0
1776884436.386103,0.0,-3.0,-59.0
1776884436.396103,-1.0,-5.0,-51.0
1776884436.406103,-4.0,-2.0,-55.0
1776884436.4161026,-2.0,-5.0,-45.0
1776884436.4261026,-4.0,-4.0,-46.0
1776884436.4361026,-5.0,-3.0,-52.0
1776884436.4461029,-1.0,-3.0,-47.0
1776884436.4561028,0.0,-4.0,-45.0
1776884436.4661028,0.0,-4.0,-39.0
1776884436.4761028,0.0,-7.0,-44.0
1776884436.4861028,0.0,-6.0,-46.0
1776884436.4961028,1.0,-4.0,-50.0
1776884436.5061028,0.0,-9.0,-52.0
1776884436.5161028,1.0,-7.0,-48.0
1776884436.5261028,1.0,-4.0,-48.0
1776884436.5361028,4.0,-5.0,-50.0
1776884436.5461028,4.0,-9.0,-50.0
1776884436.5561028,4.0,-7.0,-48.0
1776884436.5661027,2.0,-4.0,-52.0
1776884436.5761027,3.0,-2.0,-47.0
1776884436.5861027,-1.0,-2.0,-42.0
1776884436.5961027,0.0,-2.0,-41.0
1776884436.6061027,-2.0,-5.0,-43.0
1776884436.6161027,-4.0,-2.0,-46.0
1776884436.6261027,0.0,-4.0,-42.0
1776884436.636103,1.0,-5.0,-42.0
1776884436.646103,3.0,-8.0,-47.0
1776884436.656103,2.0,-9.0,-43.0
1776884436.6661026,1.0,-8.0,-46.0
1776884436.6761026,3.0,-4.0,-52.0
1776884436.6861026,8.0,-5.0,-45.0
1776884436.6961029,7.0,-6.0,-44.0
1776884436.7061028,2.0,-7.0,-46.0
1776884436.7161028,2.0,-2.0,-43.0
1776884436.7261028,2.0,-2.0,-50.0
1776884436.7361028,3.0,0.0,-52.0
1776884436.7461028,3.0,1.0,-47.0
1776884436.7561028,0.0,1.0,-44.0
1776884436.7661028,2.0,-5.0,-40.0
1776884436.7761028,2.0,-7.0,-48.0
1776884436.7861028,2.0,-10.0,-46.0
1776884436.7961028,-2.0,-9.0,-44.0
1776884436.8061028,-4.0,-7.0,-48.0
1776884436.8161027,-1.0,-4.0,-44.0
1776884436.8261027,0.0,1.0,-40.0
1776884436.8361027,0.0,0.0,-42.0
1776884436.8461027,1.0,0.0,-45.0
1776884436.8561027,2.0,-2.0,-47.0
1776884436.8661027,3.0,-2.0,-45.0
1776884436.8761027,4.0,-5.0,-48.0
1776884436.886103,4.0,-6.0,-48.0
1776884436.896103,1.0,-6.0,-50.0
1776884436.906103,5.0,-4.0,-59.0
1776884436.9161026,4.0,-1.0,-57.0
1776884436.9261026,0.0,2.0,-52.0
1776884436.9361026,-2.0,1.0,-50.0
1776884436.9461029,0.0,2.0,-49.0
1776884436.9561028,1.0,1.0,-50.0
1776884436.9661028,0.0,0.0,-48.0
1776884436.9761028,0.0,0.0,-53.0
1776884436.9861028,0.0,-1.0,-48.0
1776884436.9961028,-3.0,0.0,-49.0
1776884437.0061028,1.0,-2.0,-52.0
1776884437.0161028,2.0,0.0,-54.0
1776884437.0261028,3.0,-2.0,-58.0
1776884437.0361028,-1.0,0.0,-54.0
1776884437.0461028,0.0,-1.0,-49.0
1776884437.057103,0.0,2.0,-47.0
1776884437.0661027,1.0,2.0,-50.0
1776884437.0761027,2.0,-4.0,-49.0
1776884437.087103,3.0,-4.0,-51.0
1776884437.0971026,1.0,-6.0,-44.0
1776884437.1071026,2.0,-5.0,-42.0
1776884437.1171026,0.0,-4.0,-47.0
1776884437.1271029,-1.0,-2.0,-50.0
1776884437.1371028,-5.0,-1.0,-46.0
1776884437.1471028,-6.0,-2.0,-45.0
1776884437.1571028,-5.0,-3.0,-48.0
1776884437.1671028,-7.0,-5.0,-49.0
1776884437.1771028,-5.0,-2.0,-48.0
1776884437.1871028,-3.0,0.0,-47.0
1776884437.1971028,-4.0,2.0,-51.0
1776884437.2071028,-2.0,4.0,-55.0
1776884437.2171028,2.0,3.0,-53.0
1776884437.2271028,2.0,3.0,-50.0
1776884437.2371027,2.0,0.0,-50.0
1776884437.2471027,-3.0,0.0,-51.0
1776884437.2571027,-2.0,0.0,-51.0
1776884437.2671027,-1.0,-5.0,-50.0
1776884437.2771027,-2.0,-5.0,-47.0
1776884437.2871027,-2.0,-1.0,-50.0
1776884437.2971027,-6.0,0.0,-46.0
1776884437.307103,-2.0,-1.0,-47.0
1776884437.317103,-2.0,0.0,-58.0
1776884437.327103,-3.0,2.0,-58.0
1776884437.337103,-4.0,1.0,-59.0
1776884437.3471026,-7.0,0.0,-51.0
1776884437.3571026,-9.0,0.0,-50.0
1776884437.3671026,-10.0,-1.0,-49.0
1776884437.3771029,-4.0,0.0,-41.0
1776884437.3871028,-3.0,2.0,-41.0
1776884437.3971028,-3.0,-2.0,-44.0
1776884437.4071028,1.0,-5.0,-54.0
1776884437.4171028,0.0,-6.0,-62.0
1776884437.4271028,1.0,-3.0,-58.0
1776884437.4371028,3.0,-2.0,-56.0
1776884437.4471028,0.0,-3.0,-61.0
1776884437.4571028,4.0,-1.0,-57.0
1776884437.4671028,3.0,-4.0,-57.0
1776884437.4771028,8.0,-2.0,-57.0
1776884437.4871027,9.0,-4.0,-57.0
1776884437.4971027,9.0,-8.0,-53.0
1776884437.5071027,5.0,-7.0,-54.0
1776884437.5171027,5.0,-2.0,-50.0
1776884437.5271027,5.0,-4.0,-45.0
1776884437.5371027,6.0,0.0,-51.0
1776884437.5471027,4.0,-1.0,-52.0
1776884437.557103,0.0,-2.0,-48.0
1776884437.567103,2.0,-1.0,-48.0
1776884437.577103,0.0,-1.0,-48.0
1776884437.587103,-2.0,-1.0,-48.0
1776884437.5971026,3.0,0.0,-56.0
1776884437.6071026,4.0,1.0,-50.0
1776884437.6171026,-1.0,-1.0,-48.0
1776884437.6271029,-1.0,-2.0,-51.0
1776884437.6371028,0.0,-2.0,-54.0
1776884437.6471028,3.0,-1.0,-52.0
1776884437.6571028,4.0,0.0,-50.0
1776884437.6671028,5.0,0.0,-50.0
1776884437.6771028,0.0,0.0,-46.0
1776884437.6871028,-1.0,1.0,-51.0
1776884437.6971028,-3.0,1.0,-50.0
1776884437.7071028,-5.0,0.0,-52.0
1776884437.7171028,-3.0,-2.0,-49.0
1776884437.7271028,2.0,-4.0,-41.0
1776884437.7371027,2.0,-2.0,-44.0
1776884437.7471027,-1.0,-3.0,-48.0
1776884437.7571027,-3.0,-6.0,-51.0
1776884437.7671027,1.0,-7.0,-50.0
1776884437.7771027,1.0,-4.0,-43.0
1776884437.7871027,0.0,-1.0,-48.0
1776884437.7971027,0.0,-5.0,-54.0
1776884437.807103,5.0,-4.0,-50.0
1776884437.817103,3.0,0.0,-47.0
1776884437.827103,2.0,0.0,-50.0
1776884437.837103,-3.0,-1.0,-48.0
1776884437.8471026,-6.0,0.0,-50.0
1776884437.8571026,-6.0,0.0,-44.0
1776884437.8671026,-1.0,0.0,-46.0
1776884437.8771029,1.0,3.0,-51.0
1776884437.8871028,0.0,0.0,-55.0
1776884437.8971028,-1.0,0.0,-55.0
1776884437.9071028,-2.0,-5.0,-57.0
1776884437.9171028,-1.0,-5.0,-53.0
1776884437.9271028,0.0,-4.0,-54.0
1776884437.9371028,1.0,-3.0,-55.0
1776884437.9471028,-1.0,-6.0,-54.0
1776884437.9571028,-5.0,-3.0,-52.0
1776884437.9671028,-3.0,-1.0,-57.0
1776884437.9771028,0.0,-2.0,-54.0
1776884437.9871027,4.0,0.0,-49.0
1776884437.9971027,1.0,-5.0,-47.0
1776884438.0071027,0.0,-9.0,-45.0
1776884438.0171027,-1.0,-7.0,-46.0
1776884438.0271027,-5.0,-3.0,-45.0
1776884438.0371027,-1.0,-2.0,-40.0
1776884438.0471027,-3.0,0.0,-44.0
1776884438.057103,-3.0,0.0,-47.0
1776884438.067103,-6.0,0.0,-53.0
1776884438.077103,-4.0,1.0,-56.0
1776884438.087103,-4.0,4.0,-53.0
1776884438.0971026,2.0,0.0,-49.0
1776884438.1071026,-1.0,0.0,-48.0
1776884438.1171026,-5.0,0.0,-49.0
1776884438.1271029,-9.0,0.0,-55.0
1776884438.1371028,-6.0,-1.0,-56.0
1776884438.1471028,-7.0,-1.0,-53.0
1776884438.1571028,-6.0,-3.0,-46.0
1776884438.1671028,-8.0,-1.0,-40.0
1776884438.1771028,-5.0,0.0,-40.0
1776884438.1871028,-4.0,0.0,-42.0
1776884438.1971028,-3.0,-1.0,-44.0
1776884438.2071028,-5.0,-5.0,-47.0
1776884438.2171028,-1.0,-4.0,-46.0
1776884438.2271028,1.0,-1.0,-46.0
1776884438.2371027,-2.0,0.0,-53.0
1776884438.2471027,-4.0,-3.0,-59.0
1776884438.2571027,-4.0,-2.0,-60.0
1776884438.2671027,-5.0,-2.0,-59.0
1776884438.2771027,0.0,-3.0,-59.0
1776884438.2871027,0.0,0.0,-60.0
1776884438.2971027,1.0,2.0,-55.0
1776884438.307103,-2.0,2.0,-58.0
1776884438.317103,-1.0,1.0,-58.0
1776884438.327103,-1.0,-1.0,-60.0
1776884438.337103,-1.0,-1.0,-56.0
1776884438.3471026,-2.0,-1.0,-53.0
1776884438.3571026,-3.0,-1.0,-57.0
1776884438.3671026,0.0,0.0,-59.0
1776884438.3771029,0.0,2.0,-51.0
1776884438.3871028,-1.0,2.0,-49.0
1776884438.3971028,0.0,0.0,-51.0
1776884438.4071028,1.0,0.0,-50.0
1776884438.4171028,4.0,-1.0,-50.0
1776884438.4271028,3.0,-1.0,-49.0
1776884438.4371028,2.0,1.0,-51.0
1776884438.4471028,8.0,2.0,-50.0
1776884438.4571028,5.0,2.0,-55.0
1776884438.4671028,3.0,0.0,-52.0
1776884438.4771028,0.0,-1.0,-46.0
1776884438.4871027,5.0,-3.0,-40.0
1776884438.4971027,8.0,0.0,-40.0
1776884438.5071027,1.0,-3.0,-46.0
1776884438.5171027,-2.0,-5.0,-41.0
1776884438.5271027,-2.0,-4.0,-39.0
1776884438.5371027,0.0,-1.0,-43.0
1776884438.5471027,0.0,-3.0,-43.0
1776884438.557103,2.0,-5.0,-45.0
1776884438.567103,4.0,-3.0,-44.0
1776884438.577103,1.0,-2.0,-49.0
1776884438.587103,2.0,-2.0,-46.0
1776884438.5971026,2.0,-3.0,-45.0
1776884438.6071026,8.0,-1.0,-45.0
1776884438.6171026,8.0,6.0,-47.0
1776884438.6271029,9.0,6.0,-50.0
1776884438.6371028,8.0,0.0,-48.0
1776884438.6471028,12.0,-2.0,-45.0
1776884438.6571028,10.0,0.0,-49.0
1776884438.6671028,11.0,-2.0,-50.0
1776884438.6771028,6.0,-3.0,-49.0
1776884438.6871028,2.0,-1.0,-47.0
1776884438.6971028,2.0,0.0,-49.0
1776884438.7071028,4.0,0.0,-53.0
1776884438.7171028,-1.0,-1.0,-57.0
1776884438.7271028,2.0,-2.0,-51.0
1776884438.7371027,6.0,0.0,-53.0
1776884438.7471027,4.0,0.0,-56.0
1776884438.7571027,3.0,-3.0,-50.0
1776884438.7671027,0.0,-2.0,-44.0
1776884438.7771027,0.0,-1.0,-42.0
1776884438.7871027,-3.0,-1.0,-44.0
1776884438.7971027,-4.0,-4.0,-46.0
1776884438.807103,-8.0,-3.0,-49.0
1776884438.817103,-8.0,-1.0,-53.0
1776884438.827103,-9.0,4.0,-47.0
1776884438.837103,-9.0,6.0,-38.0
1776884438.8471026,-6.0,1.0,-44.0
1776884438.8571026,-1.0,-1.0,-45.0
1776884438.8671026,1.0,0.0,-50.0
1776884438.8771029,2.0,-3.0,-52.0
1776884438.8871028,0.0,-2.0,-48.0
1776884438.8971028,0.0,-5.0,-49.0
1776884438.9071028,-2.0,-6.0,-53.0
1776884438.9171028,-3.0,-5.0,-49.0
1776884438.9271028,-9.0,0.0,-47.0
1776884438.9371028,-9.0,0.0,-48.0
1776884438.9471028,-4.0,1.0,-53.0
1776884438.9571028,-4.0,4.0,-52.0
1776884438.9671028,-7.0,10.0,-50.0
1776884438.9771028,-3.0,4.0,-49.0
1776884438.9871027,3.0,0.0,-50.0
1776884438.9971027,3.0,-2.0,-53.0
1776884439.0071027,4.0,-2.0,-47.0
1776884439.0181026,1.0,-5.0,-47.0
1776884439.0271027,1.0,0.0,-52.0
1776884439.0381026,-1.0,0.0,-51.0
1776884439.0481029,4.0,0.0,-54.0
1776884439.057103,7.0,0.0,-60.0
1776884439.0681028,4.0,-1.0,-53.0
1776884439.0781028,2.0,1.0,-53.0
1776884439.0881028,4.0,0.0,-55.0
1776884439.0981028,-2.0,-4.0,-56.0
1776884439.1081028,-3.0,-3.0,-55.0
1776884439.1181028,-4.0,-2.0,-51.0
1776884439.1281028,-3.0,0.0,-51.0
1776884439.1381028,-3.0,-1.0,-50.0
1776884439.1481028,0.0,0.0,-49.0
1776884439.1581028,-1.0,1.0,-50.0
1776884439.1681027,0.0,1.0,-45.0
1776884439.1781027,3.0,-5.0,-42.0
1776884439.1881027,1.0,-8.0,-42.0
1776884439.1981027,-1.0,-9.0,-34.0
1776884439.2081027,-3.0,-13.0,-44.0
1776884439.2181027,-5.0,-13.0,-50.0
1776884439.2281027,-7.0,-11.0,-56.0
1776884439.238103,-4.0,-8.0,-60.0
1776884439.248103,-4.0,-6.0,-59.0
1776884439.258103,-2.0,-5.0,-52.0
1776884439.2681026,-1.0,-3.0,-45.0
1776884439.2781026,-1.0,-1.0,-49.0
1776884439.2881026,-7.0,-1.0,-51.0
1776884439.2981029,-4.0,0.0,-48.0
1776884439.3081028,-4.0,0.0,-46.0
1776884439.3181028,-4.0,0.0,-44.0
1776884439.3281028,-2.0,2.0,-54.0
1776884439.3381028,1.0,-2.0,-51.0
1776884439.3481028,5.0,-6.0,-50.0
1776884439.3581028,4.0,-6.0,-53.0
1776884439.3681028,6.0,-4.0,-60.0
1776884439.3781028,5.0,-5.0,-60.0
1776884439.3881028,4.0,-1.0,-55.0
1776884439.3981028,7.0,0.0,-52.0
1776884439.4081028,11.0,0.0,-46.0
1776884439.4181027,14.0,0.0,-47.0
1776884439.4281027,10.0,0.0,-43.0
1776884439.4381027,7.0,0.0,-45.0
1776884439.4481027,8.0,-2.0,-50.0
1776884439.4581027,3.0,-2.0,-49.0
1776884439.4681027,-1.0,-5.0,-55.0
1776884439.4781027,-4.0,-1.0,-53.0
1776884439.488103,-1.0,5.0,-51.0
1776884439.498103,2.0,4.0,-49.0
1776884439.508103,0.0,4.0,-52.0
1776884439.5181026,4.0,1.0,-50.0
1776884439.5281026,4.0,0.0,-51.0
1776884439.5381026,3.0,0.0,-49.0
1776884439.5481029,0.0,1.0,-51.0
1776884439.5581028,5.0,0.0,-52.0
1776884439.5681028,3.0,0.0,-45.0
1776884439.5781028,2.0,-4.0,-43.0
1776884439.5881028,2.0,-4.0,-41.0
1776884439.5981028,2.0,-1.0,-41.0
1776884439.6081028,3.0,-1.0,-47.0
1776884439.6181028,1.0,-5.0,-49.0
1776884439.6281028,3.0,-7.0,-47.0
1776884439.6381028,0.0,-6.0,-46.0
1776884439.6481028,0.0,-6.0,-46.0
1776884439.6581028,7.0,-6.0,-41.0
1776884439.6681027,3.0,-6.0,-38.0
1776884439.6781027,3.0,-5.0,-41.0
1776884439.6881027,4.0,0.0,-41.0
1776884439.6981027,1.0,-2.0,-41.0
1776884439.7081027,1.0,0.0,-45.0
1776884439.7181027,2.0,0.0,-46.0
1776884439.7281027,3.0,0.0,-50.0
1776884439.738103,0.0,-1.0,-46.0
1776884439.748103,0.0,0.0,-49.0
1776884439.758103,0.0,-5.0,-45.0
1776884439.7681026,2.0,-2.0,-45.0
1776884439.7781026,4.0,-3.0,-42.0
1776884439.7881026,4.0,-1.0,-42.0
1776884439.7981029,1.0,0.0,-43.0
1776884439.8081028,1.0,0.0,-47.0
1776884439.8181028,2.0,-1.0,-52.0
1776884439.8281028,4.0,1.0,-42.0
1776884439.8381028,6.0,5.0,-45.0
1776884439.8481028,6.0,6.0,-44.0
1776884439.8581028,4.0,1.0,-46.0
1776884439.8681028,4.0,-1.0,-48.0
1776884439.8781028,1.0,1.0,-49.0
1776884439.8881028,2.0,1.0,-51.0
1776884439.8981028,5.0,1.0,-51.0
1776884439.9081028,7.0,-1.0,-50.0
1776884439.9181027,3.0,0.0,-52.0
1776884439.9281027,6.0,0.0,-55.0
1776884439.9381027,4.0,1.0,-51.0
1776884439.9481027,0.0,5.0,-53.0
1776884439.9581027,-3.0,3.0,-54.0
1776884439.9681027,0.0,0.0,-51.0
1776884439.9781027,0.0,2.0,-48.0
1776884439.988103,2.0,0.0,-46.0
1776884439.998103,0.0,-2.0,-48.0
1776884440.008103,3.0,-6.0,-43.0
1776884440.0181026,6.0,-3.0,-39.0
1776884440.0281026,3.0,0.0,-39.0
1776884440.0381026,5.0,1.0,-42.0
1776884440.0481029,6.0,0.0,-47.0
1776884440.0581028,4.0,-2.0,-52.0
1776884440.0681028,3.0,-5.0,-51.0
1776884440.0781028,1.0,-2.0,-51.0
1776884440.0881028,0.0,0.0,-53.0
1776884440.0981028,-1.0,-1.0,-49.0
1776884440.1081028,-2.0,-3.0,-48.0
1776884440.1181028,-3.0,-4.0,-54.0
1776884440.1281028,-4.0,-3.0,-48.0
1776884440.1381028,-6.0,-2.0,-52.0
1776884440.1481028,2.0,2.0,-50.0
1776884440.1581028,0.0,2.0,-49.0
1776884440.1681027,-1.0,4.0,-50.0
1776884440.1781027,-2.0,1.0,-50.0
1776884440.1881027,-6.0,3.0,-48.0
1776884440.1981027,-6.0,4.0,-45.0
1776884440.2081027,-3.0,1.0,-50.0
1776884440.2181027,0.0,0.0,-45.0
1776884440.2281027,2.0,-2.0,-39.0
1776884440.238103,2.0,-2.0,-39.0
1776884440.248103,2.0,2.0,-44.0
1776884440.258103,-1.0,4.0,-39.0
1776884440.2681026,0.0,2.0,-36.0
1776884440.2781026,1.0,2.0,-41.0
1776884440.2881026,0.0,0.0,-43.0
1776884440.2981029,4.0,-4.0,-46.0
1776884440.3081028,5.0,-8.0,-47.0
1776884440.3181028,3.0,-3.0,-53.0
1776884440.3281028,6.0,-1.0,-49.0
1776884440.3381028,6.0,-2.0,-48.0
1776884440.3481028,7.0,0.0,-50.0
1776884440.3581028,8.0,-3.0,-52.0
1776884440.3681028,10.0,0.0,-51.0
1776884440.3781028,3.0,-2.0,-53.0
1776884440.3881028,3.0,0.0,-56.0
1776884440.3981028,1.0,-6.0,-56.0
1776884440.4081028,4.0,-4.0,-45.0
1776884440.4181027,3.0,-3.0,-44.0
1776884440.4281027,1.0,-2.0,-46.0
1776884440.4381027,2.0,1.0,-51.0
1776884440.4481027,-1.0,0.0,-51.0
1776884440.4581027,-2.0,-3.0,-51.0
1776884440.4681027,-4.0,-4.0,-46.0
1776884440.4781027,-3.0,-8.0,-40.0
1776884440.488103,-7.0,-5.0,-48.0
1776884440.498103,-5.0,-6.0,-54.0
1776884440.508103,1.0,-7.0,-50.0
1776884440.5181026,2.0,-8.0,-43.0
1776884440.5281026,-1.0,-11.0,-39.0
1776884440.5381026,1.0,-10.0,-46.0
1776884440.5481029,3.0,-8.0,-39.0
1776884440.5581028,5.0,-6.0,-39.0
1776884440.5681028,5.0,-7.0,-40.0
1776884440.5781028,6.0,-8.0,-45.0
1776884440.5881028,3.0,-6.0,-44.0
1776884440.5981028,-1.0,-5.0,-41.0
1776884440.6081028,0.0,-3.0,-43.0
1776884440.6181028,-2.0,-3.0,-41.0
1776884440.6281028,-6.0,-5.0,-45.0
1776884440.6381028,-9.0,-4.0,-46.0
1776884440.6481028,-13.0,-5.0,-44.0
1776884440.6581028,-8.0,-4.0,-42.0
1776884440.6681027,-4.0,-3.0,-42.0
1776884440.6781027,-3.0,-3.0,-40.0
1776884440.6881027,-3.0,-2.0,-42.0
1776884440.6981027,0.0,-1.0,-41.0
1776884440.7081027,-4.0,-4.0,-44.0
1776884440.7181027,-3.0,-5.0,-38.0
1776884440.7281027,-4.0,-7.0,-38.0
1776884440.738103,-5.0,-8.0,-37.0
1776884440.748103,-3.0,-3.0,-41.0
1776884440.758103,-3.0,-9.0,-45.0
1776884440.7681026,-1.0,-9.0,-41.0
1776884440.7781026,1.0,-4.0,-43.0
1776884440.7881026,2.0,-6.0,-40.0
1776884440.7981029,1.0,-2.0,-47.0
1776884440.8081028,0.0,-1.0,-39.0
1776884440.8181028,-4.0,0.0,-42.0
1776884440.8281028,2.0,1.0,-44.0
1776884440.8381028,6.0,-1.0,-44.0
1776884440.8481028,3.0,-3.0,-50.0
1776884440.8581028,0.0,1.0,-46.0
1776884440.8681028,-2.0,3.0,-46.0
1776884440.8781028,-4.0,4.0,-45.0
1776884440.8881028,-3.0,5.0,-43.0
1776884440.8981028,-5.0,3.0,-43.0
1776884440.9081028,-4.0,4.0,-42.0
1776884440.9181027,-4.0,0.0,-41.0
1776884440.9281027,-1.0,2.0,-44.0
1776884440.9381027,0.0,1.0,-46.0
1776884440.9481027,-2.0,0.0,-46.0
1776884440.9581027,-1.0,-1.0,-44.0
1776884440.9681027,0.0,-2.0,-46.0
1776884440.9781027,-3.0,-4.0,-52.0
1776884440.988103,0.0,-6.0,-54.0
1776884440.998103,-1.0,-3.0,-46.0
1776884441.0091028,3.0,-6.0,-44.0
1776884441.0191028,6.0,-3.0,-46.0
1776884441.0291028,2.0,-3.0,-46.0
1776884441.0391028,-2.0,-4.0,-45.0
1776884441.0491028,-3.0,-1.0,-43.0
1776884441.0591028,1.0,-5.0,-42.0
1776884441.0691028,-1.0,-3.0,-47.0
1776884441.0791028,1.0,0.0,-43.0
1776884441.0891027,0.0,1.0,-45.0
1776884441.0991027,0.0,2.0,-40.0
1776884441.1091027,-2.0,-4.0,-40.0
1776884441.1191027,-1.0,-5.0,-43.0
1776884441.1291027,-3.0,-2.0,-45.0
1776884441.1391027,-5.0,-2.0,-50.0
1776884441.1491027,1.0,-5.0,-49.0
1776884441.159103,1.0,-5.0,-45.0
1776884441.169103,-2.0,-8.0,-40.0
1776884441.179103,0.0,-5.0,-41.0
1776884441.1891026,0.0,-4.0,-42.0
1776884441.1991026,3.0,-4.0,-40.0
1776884441.2091026,7.0,-3.0,-33.0
1776884441.2191026,5.0,-6.0,-32.0
1776884441.2291028,5.0,-5.0,-32.0
1776884441.2391028,3.0,-1.0,-37.0
1776884441.2491028,3.0,-3.0,-39.0
1776884441.2591028,3.0,-1.0,-37.0
1776884441.2691028,2.0,0.0,-34.0
1776884441.2791028,1.0,-2.0,-37.0
1776884441.2891028,0.0,-7.0,-37.0
1776884441.2991028,-1.0,-7.0,-40.0
1776884441.3091028,1.0,-9.0,-46.0
1776884441.3191028,0.0,-8.0,-53.0
1776884441.3291028,0.0,-5.0,-57.0
1776884441.3391027,0.0,-5.0,-52.0
1776884441.3491027,1.0,-3.0,-52.0
1776884441.3591027,-2.0,-5.0,-42.0
1776884441.3691027,0.0,-3.0,-36.0
1776884441.3791027,4.0,-1.0,-36.0
1776884441.3891027,3.0,0.0,-36.0
1776884441.3991027,3.0,-1.0,-34.0
1776884441.409103,2.0,0.0,-38.0
1776884441.419103,0.0,3.0,-34.0
1776884441.429103,0.0,1.0,-30.0
1776884441.4391026,3.0,0.0,-35.0
1776884441.4491026,3.0,-3.0,-43.0
1776884441.4591026,3.0,0.0,-41.0
1776884441.4691026,1.0,-5.0,-43.0
1776884441.4791028,-3.0,-8.0,-43.0
1776884441.4891028,-2.0,-10.0,-43.0
1776884441.4991028,0.0,-8.0,-47.0
1776884441.5091028,-2.0,-11.0,-40.0
1776884441.5191028,-2.0,-6.0,-44.0
1776884441.5291028,-3.0,-5.0,-49.0
1776884441.5391028,-5.0,-6.0,-48.0
1776884441.5491028,-4.0,-4.0,-49.0
1776884441.5591028,-3.0,-6.0,-50.0
1776884441.5691028,-3.0,-7.0,-42.0
1776884441.5791028,-1.0,-8.0,-44.0
1776884441.5891027,-2.0,-9.0,-49.0
1776884441.5991027,0.0,-6.0,-47.0
1776884441.6091027,0.0,-7.0,-48.0
1776884441.6191027,2.0,-3.0,-53.0
1776884441.6291027,0.0,0.0,-56.0
1776884441.6391027,-1.0,-2.0,-52.0
1776884441.6501029,-2.0,-4.0,-47.0
1776884441.659103,0.0,-1.0,-50.0
1776884441.669103,2.0,-2.0,-50.0
1776884441.679103,6.0,0.0,-55.0
1776884441.6891026,5.0,2.0,-51.0
1776884441.6991026,7.0,6.0,-49.0
1776884441.7091026,5.0,5.0,-44.0
1776884441.7191026,2.0,5.0,-45.0
1776884441.7291028,0.0,2.0,-51.0
1776884441.7391028,-2.0,0.0,-63.0
1776884441.7491028,-2.0,2.0,-63.0
1776884441.7591028,-2.0,1.0,-59.0
1776884441.7691028,-3.0,2.0,-57.0
1776884441.7791028,-1.0,1.0,-57.0
1776884441.7891028,0.0,-2.0,-56.0
1776884441.7991028,-2.0,-4.0,-49.0
1776884441.8091028,-7.0,-6.0,-47.0
1776884441.8191028,-7.0,-8.0,-42.0
1776884441.8291028,-8.0,-6.0,-40.0
1776884441.8391027,-5.0,0.0,-41.0
1776884441.8491027,-1.0,0.0,-45.0
1776884441.8591027,0.0,3.0,-45.0
1776884441.8691027,3.0,3.0,-48.0
1776884441.8791027,4.0,3.0,-53.0
1776884441.8891027,0.0,5.0,-52.0
1776884441.8991027,3.0,3.0,-51.0
1776884441.909103,0.0,2.0,-49.0
1776884441.919103,0.0,0.0,-50.0
1776884441.929103,1.0,-3.0,-44.0
1776884441.9391026,-2.0,-6.0,-43.0
1776884441.9491026,-1.0,-8.0,-45.0
1776884441.9591026,-4.0,-5.0,-42.0
1776884441.9691026,-3.0,-7.0,-49.0
1776884441.9791028,-8.0,-11.0,-52.0
1776884441.9891028,-6.0,-7.0,-57.0
1776884441.9991028,0.0,-13.0,-58.0
1776884442.0091028,1.0,-13.0,-60.0
1776884442.0191028,3.0,-17.0,-67.0
1776884442.0291028,0.0,-14.0,-63.0
1776884442.0391028,0.0,-11.0,-61.0
1776884442.0491028,0.0,-9.0,-63.0
1776884442.0591028,2.0,-3.0,-56.0
1776884442.0691028,4.0,-6.0,-54.0
1776884442.0791028,4.0,-6.0,-53.0
1776884442.0891027,4.0,-9.0,-54.0
1776884442.0991027,4.0,-9.0,-52.0
1776884442.1091027,3.0,-5.0,-45.0
1776884442.1191027,-3.0,-8.0,-47.0
1776884442.1291027,1.0,-8.0,-48.0
1776884442.1391027,3.0,-7.0,-42.0
1776884442.1491027,2.0,-7.0,-46.0
1776884442.159103,1.0,-7.0,-52.0
1776884442.169103,1.0,-8.0,-48.0
1776884442.179103,3.0,-4.0,-44.0
1776884442.1891026,5.0,0.0,-44.0
1776884442.1991026,1.0,0.0,-45.0
1776884442.2091026,0.0,2.0,-42.0
1776884442.2191026,-3.0,2.0,-46.0
1776884442.2291028,-4.0,0.0,-55.0
1776884442.2391028,-1.0,-1.0,-52.0
1776884442.2491028,-5.0,-6.0,-51.0
1776884442.2591028,-6.0,-9.0,-56.0
1776884442.2691028,-4.0,-7.0,-62.0
1776884442.2791028,-3.0,-6.0,-52.0
1776884442.2891028,0.0,-5.0,-42.0
1776884442.2991028,-2.0,-1.0,-45.0
1776884442.3091028,0.0,0.0,-43.0
1776884442.3191028,-3.0,0.0,-52.0
1776884442.3291028,0.0,1.0,-44.0
1776884442.3391027,2.0,0.0,-48.0
1776884442.3491027,-2.0,-1.0,-55.0
1776884442.3591027,-5.0,-6.0,-51.0
1776884442.3691027,-5.0,-7.0,-55.0
1776884442.3791027,-4.0,-5.0,-55.0
1776884442.3891027,-3.0,-5.0,-50.0
1776884442.3991027,0.0,-6.0,-46.0
1776884442.409103,0.0,-3.0,-45.0
1776884442.419103,-3.0,-2.0,-47.0
1776884442.429103,-5.0,2.0,-41.0
1776884442.4391026,-2.0,2.0,-42.0
1776884442.4491026,-4.0,2.0,-41.0
1776884442.4591026,0.0,0.0,-41.0
1776884442.4691026,2.0,-2.0,-46.0
1776884442.4791028,4.0,0.0,-45.0
1776884442.4891028,3.0,-1.0,-53.0
1776884442.4991028,-1.0,-2.0,-56.0
1776884442.5091028,-2.0,-3.0,-54.0
1776884442.5191028,-3.0,0.0,-47.0
1776884442.5291028,-1.0,-3.0,-52.0
1776884442.5391028,0.0,-1.0,-49.0
1776884442.5491028,1.0,0.0,-45.0
1776884442.5591028,0.0,1.0,-41.0
1776884442.5691028,0.0,0.0,-44.0
1776884442.5791028,-2.0,-3.0,-43.0
1776884442.5891027,0.0,-6.0,-41.0
1776884442.5991027,0.0,-4.0,-35.0
1776884442.6091027,1.0,-5.0,-35.0
1776884442.6191027,0.0,-2.0,-39.0
1776884442.6291027,3.0,-1.0,-38.0
1776884442.6391027,3.0,-2.0,-42.0
1776884442.6491027,0.0,-3.0,-43.0
1776884442.659103,2.0,-1.0,-44.0
1776884442.669103,2.0,-1.0,-46.0
1776884442.679103,3.0,0.0,-39.0
1776884442.6891026,1.0,-4.0,-38.0
1776884442.6991026,-4.0,-4.0,-41.0
1776884442.7091026,-5.0,-5.0,-44.0
1776884442.7191026,-1.0,-5.0,-47.0
1776884442.7291028,0.0,-1.0,-48.0
1776884442.7391028,-1.0,-1.0,-40.0
1776884442.7491028,-4.0,0.0,-50.0
1776884442.7591028,0.0,4.0,-51.0
1776884442.7691028,1.0,4.0,-50.0
1776884442.7791028,-4.0,0.0,-46.0
1776884442.7891028,-2.0,0.0,-40.0
1776884442.7991028,-2.0,-1.0,-35.0
1776884442.8091028,-4.0,1.0,-36.0
1776884442.8191028,-2.0,2.0,-34.0
1776884442.8291028,0.0,4.0,-34.0
1776884442.8391027,3.0,4.0,-37.0
1776884442.8491027,1.0,4.0,-40.0
1776884442.8591027,-1.0,2.0,-37.0
1776884442.8691027,0.0,1.0,-39.0
1776884442.8791027,-5.0,0.0,-48.0
1776884442.8891027,-2.0,2.0,-48.0
1776884442.8991027,0.0,2.0,-48.0
1776884442.909103,0.0,0.0,-50.0
1776884442.919103,4.0,-2.0,-45.0
1776884442.929103,6.0,-4.0,-43.0
1776884442.9391026,3.0,-5.0,-46.0
1776884442.9501028,-1.0,-3.0,-46.0
1776884442.9601028,0.0,0.0,-40.0
1776884442.9701028,0.0,-2.0,-36.0
1776884442.9801028,1.0,-2.0,-34.0
1776884442.9891028,0.0,0.0,-32.0
1776884443.0001028,0.0,0.0,-34.0
1776884443.0101027,-5.0,0.0,-34.0
1776884443.0201027,-6.0,0.0,-32.0
1776884443.0301027,-8.0,0.0,-36.0
1776884443.0401027,2.0,-3.0,-42.0
1776884443.0501027,4.0,-7.0,-48.0
1776884443.0601027,3.0,-6.0,-45.0
1776884443.0701027,0.0,-4.0,-37.0
1776884443.0801027,0.0,1.0,-39.0
1776884443.090103,1.0,0.0,-49.0
1776884443.100103,4.0,0.0,-50.0
1776884443.110103,5.0,-2.0,-57.0
1776884443.1201026,2.0,-7.0,-58.0
1776884443.1301026,-1.0,-4.0,-64.0
1776884443.1401026,-1.0,-3.0,-62.0
1776884443.1501029,-2.0,-3.0,-62.0
1776884443.1601028,-1.0,-1.0,-53.0
1776884443.1701028,0.0,-8.0,-51.0
1776884443.1801028,2.0,-8.0,-46.0
1776884443.1901028,1.0,-5.0,-41.0
1776884443.2001028,2.0,-1.0,-43.0
1776884443.2101028,0.0,-5.0,-46.0
1776884443.2201028,-2.0,-1.0,-45.0
1776884443.2301028,0.0,-2.0,-47.0
1776884443.2401028,-1.0,0.0,-50.0
1776884443.2501028,0.0,2.0,-48.0
1776884443.2601027,5.0,2.0,-54.0
1776884443.2701027,5.0,5.0,-52.0
1776884443.2801027,2.0,2.0,-47.0
1776884443.2901027,-2.0,-4.0,-54.0
1776884443.3001027,-1.0,-1.0,-58.0
1776884443.3101027,0.0,-2.0,-50.0
1776884443.3201027,0.0,-3.0,-45.0
1776884443.3301027,0.0,-4.0,-48.0
1776884443.340103,2.0,-8.0,-43.0
1776884443.350103,4.0,-8.0,-43.0
1776884443.360103,0.0,-6.0,-50.0
1776884443.3701026,0.0,-4.0,-51.0
1776884443.3801026,1.0,-2.0,-53.0
1776884443.3901026,3.0,-2.0,-55.0
1776884443.4001029,2.0,0.0,-57.0
1776884443.4101028,4.0,-2.0,-57.0
1776884443.4201028,0.0,-4.0,-56.0
1776884443.4301028,0.0,-1.0,-49.0
1776884443.4401028,5.0,0.0,-47.0
1776884443.4501028,3.0,1.0,-44.0
1776884443.4601028,3.0,0.0,-48.0
1776884443.4701028,3.0,-1.0,-44.0
1776884443.4801028,8.0,0.0,-40.0
1776884443.4901028,3.0,0.0,-39.0
1776884443.5001028,2.0,0.0,-36.0
1776884443.5101027,0.0,1.0,-42.0
1776884443.5201027,-3.0,1.0,-41.0
1776884443.5301027,-3.0,-1.0,-38.0
1776884443.5401027,1.0,-3.0,-41.0
1776884443.5501027,0.0,0.0,-46.0
1776884443.5601027,0.0,-2.0,-47.0
1776884443.5701027,2.0,-3.0,-53.0
1776884443.5801027,4.0,-5.0,-52.0
1776884443.590103,1.0,-2.0,-46.0
1776884443.600103,0.0,-3.0,-48.0
1776884443.610103,1.0,0.0,-43.0
1776884443.6201026,-6.0,0.0,-46.0
1776884443.6301026,-5.0,3.0,-46.0
1776884443.6401026,-4.0,-1.0,-48.0
1776884443.6501029,-5.0,-3.0,-54.0
1776884443.6601028,-8.0,-1.0,-56.0
1776884443.6701028,-5.0,0.0,-57.0
1776884443.6801028,-1.0,0.0,-58.0
1776884443.6901028,1.0,-2.0,-64.0
1776884443.7001028,-3.0,-2.0,-62.0
1776884443.7101028,-3.0,0.0,-64.0
1776884443.7201028,0.0,-3.0,-62.0
1776884443.7301028,-1.0,-3.0,-59.0
1776884443.7401028,0.0,-6.0,-57.0
1776884443.7501028,1.0,-6.0,-57.0
1776884443.7601027,0.0,-5.0,-47.0
1776884443.7701027,3.0,-3.0,-48.0
1776884443.7801027,-4.0,-6.0,-51.0
1776884443.7901027,0.0,-6.0,-53.0
1776884443.8001027,3.0,-3.0,-53.0
1776884443.8101027,0.0,-1.0,-55.0
1776884443.8201027,0.0,-4.0,-58.0
1776884443.8301027,0.0,-6.0,-58.0
1776884443.840103,2.0,-5.0,-52.0
1776884443.850103,0.0,-7.0,-50.0
1776884443.860103,1.0,-5.0,-45.0
1776884443.8701026,-1.0,-5.0,-45.0
1776884443.8801026,2.0,-6.0,-42.0
1776884443.8901026,0.0,-5.0,-39.0
1776884443.9001029,-6.0,-5.0,-46.0
1776884443.9101028,-6.0,-3.0,-47.0
1776884443.9201028,-8.0,-1.0,-45.0
1776884443.9301028,-9.0,0.0,-47.0
1776884443.9401028,-6.0,4.0,-43.0
1776884443.9501028,-5.0,2.0,-43.0
1776884443.9601028,-9.0,0.0,-44.0
1776884443.9701028,-8.0,1.0,-49.0
1776884443.9801028,-4.0,1.0,-49.0
1776884443.9901028,-8.0,0.0,-47.0
1776884444.0001028,-4.0,-5.0,-46.0
1776884444.0101027,-1.0,-6.0,-48.0
1776884444.0201027,-4.0,-6.0,-52.0
1776884444.0301027,-5.0,-6.0,-48.0
1776884444.0401027,-8.0,-4.0,-51.0
1776884444.0501027,-7.0,-7.0,-51.0
1776884444.0601027,-4.0,-11.0,-47.0
1776884444.0701027,0.0,-11.0,-49.0
1776884444.0801027,2.0,-10.0,-53.0
1776884444.090103,2.0,-2.0,-47.0
1776884444.100103,-1.0,-3.0,-45.0
1776884444.110103,0.0,-4.0,-43.0
1776884444.1201026,2.0,-6.0,-39.0
1776884444.1301026,12.0,-6.0,-42.0
1776884444.1401026,9.0,-4.0,-45.0
1776884444.1501029,2.0,-4.0,-36.0
1776884444.1601028,4.0,-5.0,-37.0
1776884444.1701028,-1.0,-2.0,-38.0
1776884444.1801028,1.0,-1.0,-44.0
1776884444.1901028,-1.0,-1.0,-43.0
1776884444.2001028,-1.0,-4.0,-47.0
1776884444.2101028,-4.0,-5.0,-46.0
1776884444.2201028,-5.0,-1.0,-43.0
1776884444.2301028,1.0,-1.0,-51.0
1776884444.2401028,0.0,1.0,-51.0
1776884444.2501028,0.0,-1.0,-47.0
1776884444.2601027,1.0,1.0,-46.0
1776884444.2701027,1.0,3.0,-45.0
1776884444.2801027,-1.0,0.0,-52.0
1776884444.2901027,-4.0,0.0,-54.0
1776884444.3001027,0.0,-1.0,-58.0
1776884444.3101027,5.0,-7.0,-61.0
1776884444.3201027,6.0,-4.0,-51.0
1776884444.3301027,3.0,0.0,-49.0
1776884444.340103,4.0,2.0,-45.0
1776884444.350103,0.0,0.0,-46.0
1776884444.360103,-2.0,-2.0,-41.0
1776884444.3701026,-3.0,-1.0,-42.0
1776884444.3801026,0.0,3.0,-48.0
1776884444.3901026,3.0,2.0,-54.0
1776884444.4001029,5.0,4.0,-48.0
1776884444.4101028,1.0,1.0,-49.0
1776884444.4201028,-5.0,0.0,-43.0
1776884444.4301028,-5.0,0.0,-45.0
1776884444.4401028,-1.0,-3.0,-43.0
1776884444.4501028,2.0,-3.0,-48.0
1776884444.4601028,6.0,-2.0,-45.0
1776884444.4701028,8.0,-3.0,-40.0
1776884444.4801028,8.0,-3.0,-38.0
1776884444.4901028,4.0,0.0,-41.0
1776884444.5001028,1.0,-1.0,-47.0
1776884444.5101027,2.0,0.0,-40.0
1776884444.5201027,3.0,0.0,-33.0
1776884444.5301027,1.0,1.0,-37.0
1776884444.5401027,-3.0,0.0,-41.0
1776884444.5501027,-1.0,-2.0,-40.0
1776884444.5601027,-4.0,-2.0,-41.0
1776884444.5701027,-4.0,-1.0,-47.0
1776884444.5801027,0.0,2.0,-47.0
1776884444.590103,5.0,3.0,-38.0
1776884444.600103,2.0,4.0,-37.0
1776884444.610103,0.0,5.0,-41.0
1776884444.6201026,0.0,6.0,-41.0
1776884444.6301026,1.0,6.0,-42.0
1776884444.6401026,6.0,6.0,-47.0
1776884444.6501029,7.0,5.0,-50.0
1776884444.6601028,7.0,-1.0,-53.0
1776884444.6701028,3.0,-3.0,-48.0
1776884444.6801028,0.0,-2.0,-56.0
1776884444.6901028,0.0,1.0,-62.0
1776884444.7001028,2.0,1.0,-64.0
1776884444.7101028,0.0,3.0,-66.0
1776884444.7201028,1.0,3.0,-68.0
1776884444.7301028,1.0,5.0,-60.0
1776884444.7401028,0.0,9.0,-57.0
1776884444.7501028,0.0,3.0,-57.0
1776884444.7601027,-1.0,1.0,-54.0
1776884444.7701027,-3.0,3.0,-61.0
1776884444.7801027,-5.0,0.0,-58.0
1776884444.7901027,-1.0,-2.0,-57.0
1776884444.8001027,0.0,-4.0,-60.0
1776884444.8101027,3.0,-2.0,-60.0
1776884444.8201027,4.0,-4.0,-61.0
1776884444.8301027,10.0,-4.0,-55.0
1776884444.840103,9.0,-6.0,-49.0
1776884444.850103,3.0,-10.0,-46.0
1776884444.860103,1.0,-3.0,-46.0
1776884444.8701026,0.0,-3.0,-45.0
1776884444.8801026,-1.0,-3.0,-53.0
1776884444.8901026,2.0,-4.0,-57.0
1776884444.9001029,4.0,-3.0,-53.0
1776884444.9101028,4.0,-1.0,-56.0
1776884444.9211028,7.0,-5.0,-56.0
1776884444.9301028,9.0,-5.0,-54.0
1776884444.9411027,8.0,-5.0,-51.0
1776884444.9511027,5.0,-9.0,-57.0
1776884444.9611027,4.0,-10.0,-58.0
1776884444.9711027,0.0,-10.0,-56.0
1776884444.9811027,2.0,-7.0,-53.0
1776884444.9911027,5.0,-3.0,-48.0
1776884445.0011027,0.0,0.0,-43.0
1776884445.011103,0.0,0.0,-45.0
1776884445.021103,3.0,0.0,-47.0
1776884445.031103,-1.0,-1.0,-48.0
1776884445.0411026,-1.0,-3.0,-46.0
1776884445.0511026,-2.0,-3.0,-50.0
1776884445.0611026,-3.0,-4.0,-54.0
1776884445.0711029,-5.0,-4.0,-54.0
1776884445.0811028,-2.0,0.0,-46.0
1776884445.0911028,-6.0,2.0,-46.0
1776884445.1011028,-4.0,0.0,-50.0
1776884445.1111028,-1.0,-2.0,-53.0
1776884445.1211028,0.0,-2.0,-55.0
1776884445.1311028,-4.0,-3.0,-54.0
1776884445.1411028,-8.0,-4.0,-60.0
1776884445.1511028,-4.0,-5.0,-56.0
1776884445.1611028,-3.0,-9.0,-57.0
1776884445.1711028,-5.0,-8.0,-54.0
1776884445.1811028,-11.0,-10.0,-55.0
1776884445.1911027,-8.0,-10.0,-57.0
1776884445.2011027,-5.0,-11.0,-57.0
1776884445.2111027,-4.0,-8.0,-55.0
1776884445.2211027,-7.0,-10.0,-51.0
1776884445.2311027,-4.0,-8.0,-50.0
1776884445.2411027,-4.0,-6.0,-51.0
1776884445.2511027,-2.0,-3.0,-49.0
1776884445.261103,0.0,-2.0,-50.0
1776884445.271103,2.0,-1.0,-50.0
1776884445.281103,4.0,-2.0,-46.0
1776884445.2911026,4.0,-4.0,-48.0
1776884445.3011026,4.0,-7.0,-42.0
1776884445.3111026,0.0,-8.0,-47.0
1776884445.3211029,2.0,-6.0,-48.0
1776884445.3311028,3.0,-4.0,-54.0
1776884445.3411028,3.0,-5.0,-49.0
1776884445.3511028,1.0,-6.0,-49.0
1776884445.3611028,4.0,-1.0,-50.0
1776884445.3711028,3.0,1.0,-54.0
1776884445.3811028,3.0,-3.0,-53.0
1776884445.3911028,0.0,-8.0,-40.0
1776884445.4011028,-1.0,-3.0,-38.0
1776884445.4111028,2.0,0.0,-42.0
1776884445.4211028,5.0,0.0,-46.0
1776884445.4311028,3.0,-2.0,-44.0
1776884445.4411027,3.0,-6.0,-40.0
1776884445.4511027,0.0,-3.0,-41.0
1776884445.4611027,0.0,-1.0,-44.0
1776884445.4711027,2.0,-1.0,-52.0
1776884445.4811027,-2.0,-1.0,-48.0
1776884445.4911027,-5.0,0.0,-58.0
1776884445.5011027,-4.0,-1.0,-56.0
1776884445.511103,-6.0,-4.0,-58.0
1776884445.521103,-6.0,-4.0,-58.0
1776884445.531103,-8.0,-3.0,-52.0
1776884445.5411026,-10.0,-2.0,-55.0
1776884445.5511026,-10.0,-1.0,-51.0
1776884445.5611026,-3.0,-4.0,-41.0
1776884445.5711029,1.0,-4.0,-42.0
1776884445.5811028,0.0,0.0,-51.0
1776884445.5911028,0.0,1.0,-48.0
1776884445.6011028,-3.0,4.0,-52.0
1776884445.6111028,-4.0,2.0,-49.0
1776884445.6211028,-4.0,3.0,-43.0
1776884445.6311028,-4.0,1.0,-44.0
1776884445.6411028,-5.0,0.0,-54.0
1776884445.6511028,-2.0,1.0,-47.0
1776884445.6611028,-1.0,-1.0,-49.0
1776884445.6711028,-2.0,0.0,-58.0
1776884445.6811028,-2.0,-2.0,-57.0
1776884445.6911027,-1.0,-3.0,-56.0
1776884445.7011027,1.0,0.0,-57.0
1776884445.7111027,3.0,1.0,-59.0
1776884445.7211027,1.0,-1.0,-62.0
1776884445.7311027,-1.0,0.0,-57.0
1776884445.7411027,-2.0,0.0,-51.0
1776884445.7511027,0.0,1.0,-55.0
1776884445.761103,-5.0,-2.0,-55.0
1776884445.771103,-3.0,-3.0,-55.0
1776884445.781103,0.0,-5.0,-53.0
1776884445.7911026,-3.0,0.0,-48.0
1776884445.8011026,-4.0,1.0,-45.0
1776884445.8111026,-3.0,0.0,-46.0
1776884445.8211029,-8.0,-2.0,-51.0
1776884445.8311028,-6.0,0.0,-46.0
1776884445.8411028,-4.0,-3.0,-46.0
1776884445.8511028,-3.0,-8.0,-48.0
1776884445.8611028,2.0,-4.0,-48.0
1776884445.8711028,2.0,-1.0,-46.0
1776884445.8811028,0.0,-6.0,-41.0
1776884445.8911028,2.0,-5.0,-45.0
1776884445.9011028,4.0,-6.0,-45.0
1776884445.9111028,3.0,-3.0,-45.0
1776884445.9211028,4.0,0.0,-45.0
1776884445.9311028,2.0,2.0,-45.0
1776884445.9411027,6.0,0.0,-39.0
1776884445.9511027,2.0,0.0,-45.0
1776884445.9611027,1.0,2.0,-50.0
1776884445.9711027,0.0,2.0,-47.0
1776884445.9811027,0.0,-1.0,-46.0
1776884445.9911027,-4.0,0.0,-50.0
1776884446.0011027,0.0,0.0,-51.0
1776884446.011103,0.0,1.0,-52.0
1776884446.021103,4.0,1.0,-48.0
1776884446.031103,3.0,0.0,-56.0
1776884446.0411026,6.0,3.0,-53.0
1776884446.0511026,5.0,1.0,-53.0
1776884446.0611026,7.0,-3.0,-51.0
1776884446.0711029,6.0,0.0,-47.0
1776884446.0811028,4.0,-4.0,-46.0
1776884446.0911028,0.0,-3.0,-48.0
1776884446.1011028,0.0,0.0,-48.0
1776884446.1111028,-2.0,0.0,-47.0
1776884446.1211028,-4.0,2.0,-48.0
1776884446.1311028,-5.0,3.0,-40.0
1776884446.1411028,-2.0,0.0,-39.0
1776884446.1511028,0.0,-1.0,-42.0
1776884446.1611028,2.0,0.0,-39.0
1776884446.1711028,3.0,-1.0,-37.0
1776884446.1811028,3.0,0.0,-41.0
1776884446.1911027,3.0,0.0,-42.0
1776884446.2011027,3.0,-1.0,-48.0
1776884446.2111027,3.0,-1.0,-47.0
1776884446.2211027,1.0,-1.0,-51.0
1776884446.2311027,5.0,-4.0,-59.0
1776884446.2411027,9.0,0.0,-51.0
1776884446.2511027,9.0,0.0,-48.0
1776884446.261103,3.0,-2.0,-40.0
1776884446.271103,1.0,-5.0,-45.0
1776884446.281103,8.0,-6.0,-43.0
1776884446.2911026,6.0,-7.0,-42.0
1776884446.3011026,3.0,-5.0,-38.0
1776884446.3111026,1.0,0.0,-42.0
1776884446.3211029,1.0,1.0,-42.0
1776884446.3311028,2.0,0.0,-49.0
1776884446.3411028,1.0,4.0,-45.0
1776884446.3511028,0.0,2.0,-43.0
1776884446.3611028,-1.0,1.0,-37.0
1776884446.3711028,-7.0,1.0,-32.0
1776884446.3811028,-7.0,-1.0,-34.0
1776884446.3911028,-2.0,-4.0,-37.0
1776884446.4011028,0.0,-3.0,-42.0
1776884446.4111028,2.0,0.0,-51.0
1776884446.4211028,1.0,-4.0,-54.0
1776884446.4311028,0.0,-4.0,-54.0
1776884446.4411027,0.0,-2.0,-49.0
1776884446.4511027,-4.0,0.0,-50.0
1776884446.4611027,0.0,4.0,-49.0
1776884446.4711027,0.0,5.0,-42.0
1776884446.4811027,3.0,4.0,-41.0
1776884446.4911027,2.0,0.0,-40.0
1776884446.5011027,1.0,-1.0,-39.0
1776884446.511103,0.0,0.0,-43.0
1776884446.521103,5.0,2.0,-42.0
1776884446.531103,10.0,1.0,-41.0
1776884446.5411026,8.0,-1.0,-43.0
1776884446.5511026,5.0,1.0,-38.0
1776884446.5611026,2.0,0.0,-43.0
1776884446.5711029,3.0,0.0,-46.0
1776884446.5811028,0.0,2.0,-50.0
1776884446.5911028,-2.0,4.0,-54.0
1776884446.6011028,-9.0,1.0,-46.0
1776884446.6111028,-5.0,0.0,-42.0
1776884446.6211028,-2.0,-1.0,-44.0
1776884446.6311028,-3.0,-4.0,-43.0
1776884446.6411028,0.0,-4.0,-46.0
1776884446.6511028,1.0,-2.0,-47.0
1776884446.6611028,3.0,0.0,-49.0
1776884446.6711028,3.0,0.0,-52.0
1776884446.6811028,1.0,0.0,-49.0
1776884446.6911027,3.0,-1.0,-42.0
1776884446.7011027,2.0,-4.0,-47.0
1776884446.7111027,1.0,-2.0,-47.0
1776884446.7211027,5.0,-1.0,-50.0
1776884446.7311027,5.0,0.0,-53.0
1776884446.7411027,7.0,-2.0,-57.0
1776884446.7511027,3.0,-1.0,-60.0
1776884446.761103,-1.0,-3.0,-53.0
1776884446.771103,-4.0,-7.0,-52.0
1776884446.781103,-9.0,-3.0,-49.0
1776884446.7911026,-9.0,1.0,-50.0
1776884446.8011026,-3.0,0.0,-52.0
1776884446.8111026,0.0,-1.0,-45.0
1776884446.8211029,-5.0,-5.0,-45.0
1776884446.8311028,-8.0,-5.0,-49.0
1776884446.8411028,-8.0,-1.0,-47.0
1776884446.8511028,-5.0,-4.0,-43.0
1776884446.8611028,-6.0,-1.0,-37.0
1776884446.8711028,-6.0,0.0,-40.0
1776884446.8821027,-1.0,-4.0,-33.0
1776884446.8911028,-3.0,-4.0,-31.0
1776884446.9021027,0.0,-4.0,-29.0
1776884446.9111028,3.0,-5.0,-32.0
1776884446.9221027,4.0,-3.0,-42.0
1776884446.932103,4.0,-3.0,-44.0
1776884446.942103,-1.0,0.0,-45.0
1776884446.952103,2.0,0.0,-47.0
1776884446.962103,-2.0,-5.0,-50.0
1776884446.9721026,1.0,-1.0,-46.0
1776884446.9821026,5.0,-1.0,-44.0
1776884446.9921026,3.0,0.0,-41.0
1776884447.0021029,0.0,-1.0,-46.0
1776884447.0121028,2.0,-2.0,-51.0
1776884447.0221028,3.0,-4.0,-52.0
1776884447.0321028,3.0,-2.0,-47.0
1776884447.0421028,5.0,-1.0,-42.0
1776884447.0521028,4.0,-1.0,-41.0
1776884447.0621028,3.0,0.0,-43.0
1776884447.0721028,8.0,1.0,-40.0
1776884447.0821028,9.0,0.0,-45.0
1776884447.0921028,4.0,0.0,-45.0
1776884447.1021028,4.0,1.0,-43.0
1776884447.1121027,1.0,0.0,-45.0
1776884447.1221027,0.0,-4.0,-46.0
1776884447.1321027,1.0,-2.0,-46.0
1776884447.1421027,3.0,-3.0,-45.0
1776884447.1521027,2.0,0.0,-42.0
1776884447.1621027,4.0,1.0,-47.0
1776884447.1721027,5.0,1.0,-54.0
1776884447.182103,0.0,0.0,-56.0
1776884447.192103,0.0,0.0,-52.0
1776884447.202103,3.0,-2.0,-50.0
1776884447.212103,4.0,-2.0,-52.0
1776884447.2221026,8.0,-6.0,-56.0
1776884447.2321026,7.0,0.0,-56.0
1776884447.2421026,7.0,1.0,-52.0
1776884447.2521029,6.0,4.0,-52.0
1776884447.2621028,4.0,4.0,-48.0
1776884447.2721028,4.0,5.0,-50.0
1776884447.2821028,3.0,0.0,-56.0
1776884447.2921028,1.0,0.0,-58.0
1776884447.3021028,0.0,-3.0,-58.0
1776884447.3121028,4.0,0.0,-59.0
1776884447.3221028,3.0,0.0,-60.0
1776884447.3321028,4.0,-3.0,-59.0
1776884447.3421028,4.0,-7.0,-57.0
1776884447.3521028,2.0,-3.0,-48.0
1776884447.3621027,2.0,-2.0,-48.0
1776884447.3721027,3.0,-1.0,-48.0
1776884447.3821027,3.0,-2.0,-53.0
1776884447.3921027,5.0,-4.0,-53.0
1776884447.4021027,1.0,-6.0,-52.0
1776884447.4121027,3.0,-4.0,-46.0
1776884447.4221027,7.0,-5.0,-47.0
1776884447.432103,7.0,-7.0,-51.0
1776884447.442103,3.0,-7.0,-55.0
1776884447.452103,0.0,-3.0,-51.0
1776884447.462103,4.0,2.0,-54.0
1776884447.4721026,2.0,3.0,-55.0
1776884447.4821026,3.0,0.0,-52.0
1776884447.4921026,2.0,-2.0,-50.0
1776884447.5021029,8.0,-1.0,-53.0
1776884447.5121028,9.0,-4.0,-54.0
1776884447.5221028,2.0,-2.0,-56.0
1776884447.5321028,4.0,-2.0,-55.0
1776884447.5421028,1.0,-2.0,-57.0
1776884447.5521028,3.0,-3.0,-49.0
1776884447.5621028,2.0,-5.0,-49.0
1776884447.5721028,-1.0,-5.0,-50.0
1776884447.5821028,-4.0,-3.0,-43.0
1776884447.5921028,-5.0,-4.0,-47.0
1776884447.6021028,-8.0,-6.0,-52.0
1776884447.6121027,-9.0,-7.0,-48.0
1776884447.6221027,-3.0,-5.0,-49.0
1776884447.6321027,-4.0,-5.0,-47.0
1776884447.6421027,-1.0,0.0,-55.0
1776884447.6521027,0.0,-2.0,-56.0
1776884447.6621027,1.0,-4.0,-58.0
1776884447.6721027,-1.0,-6.0,-56.0
1776884447.682103,0.0,-8.0,-56.0
1776884447.692103,0.0,-9.0,-53.0
1776884447.702103,0.0,-8.0,-48.0
1776884447.712103,-6.0,-7.0,-45.0
1776884447.7221026,-9.0,-6.0,-47.0
1776884447.7321026,-9.0,-2.0,-48.0
1776884447.7421026,-10.0,-3.0,-50.0
1776884447.7521029,-6.0,-4.0,-53.0
1776884447.7621028,-3.0,-5.0,-50.0
1776884447.7721028,-3.0,0.0,-50.0
1776884447.7821028,-4.0,-2.0,-50.0
1776884447.7921028,-2.0,-8.0,-45.0
1776884447.8021028,1.0,-10.0,-47.0
1776884447.8121028,1.0,-5.0,-48.0
1776884447.8221028,5.0,-12.0,-50.0
1776884447.8321028,4.0,-14.0,-51.0
1776884447.8421028,2.0,-12.0,-53.0
1776884447.8521028,-2.0,-9.0,-60.0
1776884447.8621027,-3.0,-4.0,-54.0
1776884447.8721027,-2.0,-2.0,-52.0
1776884447.8821027,1.0,-3.0,-52.0
1776884447.8921027,-4.0,-3.0,-50.0
1776884447.9021027,-8.0,-3.0,-47.0
1776884447.9121027,-9.0,-4.0,-48.0
1776884447.9221027,-4.0,0.0,-51.0
1776884447.932103,0.0,2.0,-56.0
1776884447.942103,0.0,0.0,-51.0
1776884447.952103,-3.0,0.0,-48.0
1776884447.962103,-3.0,0.0,-48.0
1776884447.9721026,-3.0,3.0,-53.0
1776884447.9821026,0.0,3.0,-52.0
1776884447.9921026,0.0,2.0,-48.0
1776884448.0021029,-1.0,0.0,-49.0
1776884448.0121028,0.0,-1.0,-44.0
1776884448.0221028,-3.0,-1.0,-44.0
1776884448.0321028,-5.0,-1.0,-47.0
1776884448.0421028,-6.0,0.0,-45.0
1776884448.0521028,-3.0,-2.0,-43.0
1776884448.0621028,0.0,0.0,-43.0
1776884448.0721028,0.0,0.0,-39.0
1776884448.0821028,-1.0,0.0,-41.0
1776884448.0921028,0.0,0.0,-42.0
1776884448.1021028,2.0,-1.0,-43.0
1776884448.1121027,8.0,-3.0,-51.0
1776884448.1221027,8.0,-1.0,-54.0
1776884448.1321027,5.0,-2.0,-53.0
1776884448.1421027,1.0,-4.0,-51.0
1776884448.1521027,-1.0,-7.0,-50.0
1776884448.1621027,0.0,-4.0,-45.0
1776884448.1721027,0.0,-1.0,-47.0
1776884448.182103,2.0,0.0,-54.0
1776884448.192103,0.0,-3.0,-48.0
1776884448.202103,1.0,-4.0,-47.0
1776884448.212103,-1.0,-5.0,-53.0
1776884448.2221026,0.0,-7.0,-51.0
1776884448.2321026,1.0,-9.0,-42.0
1776884448.2421026,0.0,-3.0,-42.0
1776884448.2521029,0.0,-2.0,-39.0
1776884448.2621028,-3.0,-1.0,-41.0
1776884448.2721028,0.0,0.0,-40.0
1776884448.2821028,-2.0,-2.0,-37.0
1776884448.2921028,3.0,-2.0,-39.0
1776884448.3021028,-1.0,-4.0,-43.0
1776884448.3121028,-5.0,-4.0,-48.0
1776884448.3221028,-9.0,-3.0,-50.0
1776884448.3321028,-4.0,-3.0,-50.0
1776884448.3421028,-4.0,-2.0,-47.0
1776884448.3521028,-4.0,-1.0,-50.0
1776884448.3621027,-3.0,0.0,-54.0
1776884448.3721027,-1.0,0.0,-50.0
1776884448.3821027,2.0,2.0,-52.0
1776884448.3921027,1.0,3.0,-54.0
1776884448.4021027,-1.0,0.0,-50.0
1776884448.4121027,-2.0,-1.0,-48.0
1776884448.4221027,2.0,1.0,-51.0
1776884448.432103,-3.0,0.0,-52.0
1776884448.442103,-4.0,1.0,-53.0
1776884448.452103,-4.0,2.0,-55.0
1776884448.462103,-5.0,0.0,-59.0
1776884448.4721026,-4.0,0.0,-53.0
1776884448.4821026,1.0,-1.0,-53.0
1776884448.4921026,-3.0,-4.0,-54.0
1776884448.5021029,-2.0,-1.0,-52.0
1776884448.5121028,-3.0,0.0,-53.0
1776884448.5221028,-1.0,0.0,-49.0
1776884448.5321028,-3.0,2.0,-51.0
1776884448.5421028,-3.0,0.0,-56.0
1776884448.5521028,0.0,0.0,-49.0
1776884448.5621028,1.0,1.0,-45.0
1776884448.5721028,3.0,0.0,-47.0
1776884448.5821028,4.0,-4.0,-52.0
1776884448.5921028,5.0,-8.0,-48.0
1776884448.6021028,3.0,-7.0,-44.0
1776884448.6121027,4.0,-8.0,-45.0
1776884448.6221027,4.0,-3.0,-46.0
1776884448.6321027,2.0,-6.0,-38.0
1776884448.6421027,2.0,-1.0,-39.0
1776884448.6521027,3.0,-4.0,-45.0
1776884448.6621027,5.0,-3.0,-47.0
1776884448.6721027,6.0,2.0,-52.0
1776884448.682103,3.0,-2.0,-46.0
1776884448.692103,3.0,-2.0,-47.0
1776884448.702103,5.0,-4.0,-48.0
1776884448.712103,0.0,-4.0,-51.0
1776884448.7221026,-4.0,0.0,-59.0
1776884448.7321026,-2.0,-2.0,-60.0
1776884448.7421026,-6.0,0.0,-57.0
1776884448.7521029,-10.0,-1.0,-55.0
1776884448.7621028,-5.0,-1.0,-49.0
1776884448.7721028,-3.0,-5.0,-48.0
1776884448.7821028,-3.0,-5.0,-46.0
1776884448.7921028,-3.0,-2.0,-48.0
1776884448.8021028,0.0,0.0,-44.0
1776884448.8121028,4.0,1.0,-47.0
1776884448.8221028,8.0,2.0,-46.0
1776884448.8321028,8.0,0.0,-43.0
1776884448.8431027,6.0,0.0,-45.0
1776884448.8521028,1.0,-2.0,-48.0
1776884448.863103,0.0,0.0,-54.0
1776884448.873103,2.0,-1.0,-55.0
1776884448.883103,0.0,-5.0,-54.0
1776884448.8931026,1.0,-3.0,-52.0
1776884448.9031026,3.0,-2.0,-49.0
1776884448.9131026,2.0,-2.0,-50.0
1776884448.9231029,-4.0,-2.0,-48.0
1776884448.9331028,-4.0,-6.0,-53.0
1776884448.9431028,-4.0,-4.0,-51.0
1776884448.9531028,2.0,-3.0,-53.0
1776884448.9631028,4.0,-4.0,-58.0
1776884448.9731028,5.0,-2.0,-57.0
1776884448.9831028,4.0,-2.0,-51.0
1776884448.9931028,5.0,-4.0,-47.0
1776884449.0031028,6.0,-5.0,-52.0
1776884449.0131028,10.0,-4.0,-51.0
1776884449.0231028,7.0,-5.0,-52.0
1776884449.0331028,5.0,-5.0,-50.0
1776884449.0431027,0.0,-8.0,-51.0
1776884449.0531027,0.0,-4.0,-48.0
1776884449.0631027,4.0,-6.0,-48.0
1776884449.0731027,1.0,-3.0,-49.0
1776884449.0831027,-1.0,-1.0,-58.0
1776884449.0931027,-2.0,1.0,-56.0
1776884449.1031027,-4.0,1.0,-60.0
1776884449.113103,-4.0,0.0,-57.0
1776884449.123103,-2.0,-4.0,-57.0
1776884449.133103,-7.0,-3.0,-56.0
1776884449.1431026,-4.0,-1.0,-58.0
1776884449.1531026,2.0,0.0,-56.0
1776884449.1631026,0.0,1.0,-56.0
1776884449.1731029,3.0,3.0,-59.0
1776884449.1831028,5.0,0.0,-62.0
1776884449.1931028,6.0,0.0,-61.0
1776884449.2031028,6.0,-1.0,-51.0
1776884449.2131028,-1.0,-2.0,-45.0
1776884449.2231028,-3.0,0.0,-45.0
1776884449.2331028,-5.0,5.0,-44.0
1776884449.2431028,-1.0,5.0,-45.0
1776884449.2531028,0.0,7.0,-49.0
1776884449.2631028,-4.0,8.0,-51.0
1776884449.2731028,-6.0,9.0,-54.0
1776884449.2831028,-6.0,9.0,-57.0
1776884449.2931027,0.0,9.0,-51.0
1776884449.3031027,2.0,2.0,-50.0
1776884449.3131027,5.0,0.0,-54.0
1776884449.3231027,5.0,3.0,-55.0
1776884449.3331027,3.0,2.0,-53.0
1776884449.3431027,2.0,2.0,-50.0
1776884449.3531027,-2.0,2.0,-45.0
1776884449.363103,-5.0,3.0,-43.0
1776884449.373103,0.0,-1.0,-43.0
1776884449.383103,5.0,-4.0,-48.0
1776884449.3931026,3.0,-5.0,-52.0
1776884449.4031026,3.0,-5.0,-47.0
1776884449.4131026,2.0,-8.0,-38.0
1776884449.4231029,0.0,-3.0,-41.0
1776884449.4331028,-2.0,-1.0,-40.0
1776884449.4431028,-2.0,1.0,-39.0
1776884449.4531028,-2.0,2.0,-39.0
1776884449.4631028,-1.0,4.0,-37.0
1776884449.4731028,-1.0,1.0,-38.0
1776884449.4831028,0.0,3.0,-38.0
1776884449.4931028,0.0,-1.0,-37.0
1776884449.5031028,-3.0,0.0,-43.0
1776884449.5131028,0.0,-1.0,-45.0
1776884449.5231028,0.0,1.0,-44.0
1776884449.5331028,-4.0,0.0,-40.0
1776884449.5431027,-4.0,0.0,-41.0
1776884449.5531027,-3.0,0.0,-41.0
1776884449.5631027,-2.0,2.0,-52.0
1776884449.5731027,-3.0,4.0,-57.0
1776884449.5831027,-3.0,1.0,-58.0
1776884449.5931027,0.0,-2.0,-57.0
1776884449.6031027,0.0,1.0,-49.0
1776884449.613103,-2.0,-2.0,-50.0
1776884449.623103,0.0,-4.0,-46.0
1776884449.633103,1.0,-2.0,-47.0
1776884449.6431026,4.0,-1.0,-50.0
1776884449.6531026,-1.0,0.0,-47.0
1776884449.6631026,-1.0,-1.0,-46.0
1776884449.6731029,-3.0,-1.0,-47.0
1776884449.6831028,-3.0,0.0,-44.0
1776884449.6931028,-3.0,0.0,-41.0
1776884449.7031028,-1.0,-2.0,-38.0
1776884449.7131028,1.0,-2.0,-44.0
1776884449.7231028,2.0,0.0,-46.0
1776884449.7331028,6.0,0.0,-40.0
1776884449.7431028,7.0,0.0,-45.0
1776884449.7531028,3.0,3.0,-46.0
1776884449.7631028,0.0,3.0,-43.0
1776884449.7731028,2.0,3.0,-40.0
1776884449.7831028,4.0,2.0,-38.0
1776884449.7931027,5.0,6.0,-42.0
1776884449.8031027,4.0,7.0,-42.0
1776884449.8131027,5.0,4.0,-42.0
1776884449.8231027,1.0,5.0,-39.0
1776884449.8331027,-4.0,0.0,-34.0
1776884449.8431027,-7.0,2.0,-36.0
1776884449.8531027,-4.0,1.0,-45.0
1776884449.863103,-4.0,1.0,-45.0
1776884449.873103,-6.0,0.0,-51.0
1776884449.883103,-1.0,-1.0,-55.0
1776884449.8931026,0.0,-1.0,-60.0
1776884449.9031026,3.0,-1.0,-57.0
1776884449.9131026,6.0,-2.0,-54.0
1776884449.9231029,3.0,-1.0,-62.0
1776884449.9331028,2.0,-1.0,-58.0
1776884449.9441028,3.0,-2.0,-51.0
1776884449.9531028,2.0,0.0,-54.0
1776884449.9631028,7.0,-2.0,-49.0
1776884449.9731028,5.0,0.0,-49.0
1776884449.9831028,6.0,-1.0,-50.0
1776884449.9931028,6.0,-5.0,-49.0
1776884450.0031028,2.0,-7.0,-45.0
1776884450.0131028,3.0,-6.0,-51.0
1776884450.0231028,3.0,-4.0,-44.0
1776884450.0331028,9.0,0.0,-46.0
1776884450.0431027,11.0,-1.0,-43.0
1776884450.0531027,13.0,-5.0,-42.0
1776884450.0631027,11.0,-2.0,-38.0
1776884450.0731027,7.0,3.0,-39.0
1776884450.0831027,4.0,3.0,-37.0
1776884450.0931027,1.0,2.0,-34.0
1776884450.1031027,-1.0,1.0,-31.0
1776884450.113103,0.0,0.0,-38.0
1776884450.123103,-3.0,-3.0,-42.0
1776884450.133103,-2.0,-2.0,-46.0
1776884450.1431026,-5.0,-1.0,-52.0
1776884450.1531026,-3.0,0.0,-55.0
1776884450.1631026,-1.0,-3.0,-55.0
1776884450.1731029,1.0,0.0,-51.0
1776884450.1831028,0.0,-1.0,-58.0
1776884450.1931028,-1.0,0.0,-60.0
1776884450.2031028,0.0,-1.0,-61.0
1776884450.2131028,0.0,-3.0,-61.0
1776884450.2231028,0.0,-8.0,-60.0
1776884450.2331028,0.0,-3.0,-56.0
1776884450.2431028,-2.0,-3.0,-47.0
1776884450.2531028,-3.0,-2.0,-46.0
1776884450.2631028,-1.0,-1.0,-50.0
1776884450.2731028,0.0,1.0,-49.0
1776884450.2831028,0.0,0.0,-51.0
1776884450.2931027,-3.0,1.0,-52.0
1776884450.3031027,-6.0,0.0,-52.0
1776884450.3131027,-6.0,-4.0,-55.0
1776884450.3231027,-6.0,-3.0,-52.0
1776884450.3331027,-3.0,-3.0,-50.0
1776884450.3431027,-1.0,-3.0,-48.0
1776884450.3531027,0.0,-6.0,-47.0
1776884450.363103,0.0,-7.0,-48.0
1776884450.373103,0.0,-7.0,-47.0
1776884450.383103,2.0,-4.0,-49.0
1776884450.3931026,3.0,-7.0,-50.0
1776884450.4031026,3.0,-6.0,-49.0
1776884450.4131026,3.0,-3.0,-54.0
1776884450.4231029,1.0,-4.0,-53.0
1776884450.4331028,-2.0,-6.0,-44.0
1776884450.4431028,1.0,-4.0,-37.0
1776884450.4531028,1.0,-1.0,-39.0
1776884450.4631028,0.0,-1.0,-44.0
1776884450.4731028,3.0,-1.0,-48.0
1776884450.4831028,0.0,-4.0,-48.0
1776884450.4931028,0.0,-7.0,-49.0
1776884450.5031028,1.0,-5.0,-46.0
1776884450.5131028,5.0,-4.0,-48.0
1776884450.5231028,9.0,-2.0,-53.0
1776884450.5331028,9.0,-2.0,-55.0
1776884450.5431027,5.0,-4.0,-54.0
1776884450.5531027,6.0,-3.0,-54.0
1776884450.5631027,4.0,-3.0,-52.0
1776884450.5731027,6.0,-3.0,-43.0
1776884450.5831027,12.0,-3.0,-39.0
1776884450.5931027,9.0,-5.0,-43.0
1776884450.6031027,7.0,-5.0,-45.0
1776884450.613103,4.0,-8.0,-45.0
1776884450.623103,0.0,-12.0,-44.0
1776884450.633103,3.0,-13.0,-38.0
1776884450.6431026,4.0,-10.0,-39.0
1776884450.6531026,8.0,-5.0,-39.0
1776884450.6631026,10.0,-3.0,-43.0
1776884450.6731029,10.0,0.0,-39.0
1776884450.6831028,5.0,0.0,-38.0
1776884450.6931028,5.0,2.0,-44.0
1776884450.7031028,4.0,0.0,-39.0
1776884450.7131028,3.0,0.0,-34.0
1776884450.7231028,5.0,-2.0,-41.0
1776884450.7331028,2.0,-6.0,-48.0
1776884450.7431028,4.0,-6.0,-49.0
1776884450.7531028,3.0,-6.0,-45.0
1776884450.7641027,2.0,-6.0,-39.0
1776884450.7731028,0.0,-5.0,-43.0
1776884450.7831028,2.0,-1.0,-36.0
1776884450.7931027,0.0,1.0,-41.0
1776884450.8031027,1.0,0.0,-38.0
1776884450.8131027,-2.0,-4.0,-39.0
1776884450.8241026,-3.0,-3.0,-41.0
1776884450.8331027,-5.0,0.0,-43.0
1776884450.8441026,-4.0,0.0,-39.0
1776884450.8541028,-1.0,3.0,-42.0
1776884450.8641028,3.0,5.0,-43.0
1776884450.8741028,3.0,0.0,-43.0
1776884450.8841028,0.0,-2.0,-49.0
1776884450.8941028,0.0,0.0,-53.0
1776884450.9041028,-2.0,1.0,-46.0
1776884450.9141028,2.0,1.0,-44.0
1776884450.9241028,3.0,2.0,-40.0
1776884450.9341028,5.0,0.0,-43.0
1776884450.9441028,6.0,0.0,-44.0
1776884450.9541028,5.0,0.0,-46.0
1776884450.9641027,5.0,0.0,-48.0
1776884450.9741027,8.0,-1.0,-44.0
1776884450.9841027,3.0,-5.0,-39.0
1776884450.9941027,-3.0,-3.0,-41.0
1776884451.0041027,-1.0,-5.0,-44.0
1776884451.0141027,0.0,-6.0,-49.0
1776884451.0241027,0.0,-7.0,-53.0
1776884451.034103,-3.0,-4.0,-51.0
1776884451.044103,-2.0,-4.0,-51.0
1776884451.054103,9.0,-4.0,-53.0
1776884451.0641026,7.0,-3.0,-56.0
1776884451.0741026,1.0,-4.0,-61.0
1776884451.0841026,0.0,-3.0,-67.0
1776884451.0941026,1.0,-5.0,-59.0
1776884451.1041028,1.0,-1.0,-57.0
1776884451.1141028,1.0,-3.0,-55.0
1776884451.1241028,-4.0,-4.0,-53.0
1776884451.1341028,2.0,-4.0,-56.0
1776884451.1441028,1.0,-4.0,-51.0
1776884451.1541028,8.0,1.0,-49.0
1776884451.1641028,7.0,5.0,-50.0
1776884451.1741028,8.0,5.0,-46.0
1776884451.1841028,6.0,4.0,-45.0
1776884451.1941028,4.0,2.0,-46.0
1776884451.2041028,6.0,1.0,-48.0
1776884451.2141027,7.0,3.0,-48.0
1776884451.2241027,5.0,0.0,-49.0
1776884451.2341027,2.0,0.0,-53.0
1776884451.2441027,6.0,2.0,-59.0
1776884451.2541027,4.0,2.0,-58.0
1776884451.2641027,0.0,4.0,-52.0
1776884451.2741027,2.0,3.0,-52.0
1776884451.284103,0.0,-1.0,-49.0
1776884451.294103,-1.0,-1.0,-51.0
1776884451.304103,-1.0,2.0,-57.0
1776884451.3141026,-4.0,2.0,-55.0
1776884451.3241026,0.0,0.0,-54.0
1776884451.3341026,-1.0,3.0,-52.0
1776884451.3441026,0.0,7.0,-51.0
1776884451.3541028,1.0,3.0,-51.0
1776884451.3641028,5.0,4.0,-50.0
1776884451.3741028,1.0,7.0,-46.0
1776884451.3841028,-1.0,5.0,-53.0
1776884451.3941028,-4.0,1.0,-54.0
1776884451.4041028,-3.0,0.0,-49.0
1776884451.4141028,-3.0,0.0,-48.0
1776884451.4241028,-5.0,1.0,-47.0
1776884451.4341028,-9.0,3.0,-55.0
1776884451.4441028,-9.0,6.0,-50.0
1776884451.4541028,-4.0,4.0,-51.0
1776884451.4641027,-2.0,5.0,-46.0
1776884451.4741027,-5.0,1.0,-41.0
1776884451.4841027,-3.0,-2.0,-42.0
1776884451.4941027,-2.0,-1.0,-41.0
1776884451.5041027,-1.0,0.0,-42.0
1776884451.5141027,2.0,0.0,-41.0
1776884451.5241027,3.0,2.0,-48.0
1776884451.534103,2.0,4.0,-52.0
1776884451.544103,4.0,-2.0,-46.0
1776884451.554103,4.0,-3.0,-55.0
1776884451.5641026,2.0,-4.0,-56.0
1776884451.5741026,6.0,-2.0,-51.0
1776884451.5841026,8.0,-3.0,-50.0
1776884451.5941026,5.0,1.0,-50.0
1776884451.6041028,3.0,1.0,-44.0
1776884451.6141028,1.0,2.0,-48.0
1776884451.6241028,1.0,3.0,-48.0
1776884451.6341028,3.0,3.0,-47.0
1776884451.6441028,0.0,2.0,-42.0
1776884451.6541028,0.0,-1.0,-40.0
1776884451.6641028,2.0,0.0,-44.0
1776884451.6741028,1.0,0.0,-52.0
1776884451.6841028,4.0,-1.0,-45.0
1776884451.6941028,1.0,-4.0,-41.0
1776884451.7041028,0.0,-4.0,-41.0
1776884451.7141027,-2.0,0.0,-52.0
1776884451.7241027,0.0,0.0,-51.0
1776884451.7341027,2.0,-3.0,-49.0
1776884451.7441027,4.0,-5.0,-46.0
1776884451.7541027,0.0,-2.0,-49.0
1776884451.7641027,0.0,2.0,-50.0
1776884451.7741027,1.0,0.0,-54.0
1776884451.784103,4.0,0.0,-50.0
1776884451.794103,4.0,-4.0,-53.0
1776884451.804103,0.0,-5.0,-53.0
1776884451.8141026,4.0,-5.0,-52.0
1776884451.8241026,3.0,-6.0,-44.0
1776884451.8341026,1.0,-1.0,-44.0
1776884451.8441026,0.0,-5.0,-45.0
1776884451.8541028,0.0,-7.0,-48.0
1776884451.8641028,-4.0,-7.0,-46.0
1776884451.8741028,0.0,-1.0,-46.0
1776884451.8841028,0.0,0.0,-50.0
1776884451.8941028,0.0,1.0,-54.0
1776884451.9041028,0.0,3.0,-52.0
1776884451.9141028,0.0,4.0,-47.0
1776884451.9241028,-1.0,2.0,-43.0
1776884451.9341028,1.0,0.0,-38.0
1776884451.9441028,3.0,2.0,-38.0
1776884451.9541028,2.0,2.0,-39.0
1776884451.9641027,4.0,0.0,-42.0
1776884451.9741027,0.0,0.0,-42.0
1776884451.9841027,-4.0,-3.0,-42.0
1776884451.9941027,-3.0,-7.0,-43.0
1776884452.0041027,-4.0,-1.0,-46.0
1776884452.0141027,-2.0,2.0,-52.0
1776884452.0241027,-1.0,-2.0,-58.0
1776884452.034103,-3.0,-3.0,-47.0
1776884452.044103,-2.0,-5.0,-44.0
1776884452.054103,0.0,0.0,-40.0
1776884452.0641026,1.0,2.0,-38.0
1776884452.0741026,1.0,1.0,-33.0
1776884452.0841026,0.0,2.0,-38.0
1776884452.0941026,0.0,2.0,-44.0
1776884452.1041028,-2.0,0.0,-46.0
1776884452.1141028,0.0,0.0,-51.0
1776884452.1241028,2.0,0.0,-53.0
1776884452.1341028,2.0,2.0,-56.0
1776884452.1441028,1.0,6.0,-58.0
1776884452.1541028,6.0,6.0,-59.0
1776884452.1641028,2.0,4.0,-54.0
1776884452.1741028,3.0,4.0,-59.0
1776884452.1841028,6.0,3.0,-56.0
1776884452.1941028,7.0,-1.0,-50.0
1776884452.2041028,2.0,0.0,-50.0
1776884452.2141027,0.0,0.0,-44.0
1776884452.2241027,-1.0,0.0,-41.0
1776884452.2341027,7.0,0.0,-49.0
1776884452.2441027,6.0,0.0,-49.0
1776884452.2541027,7.0,1.0,-49.0
1776884452.2641027,6.0,0.0,-52.0
1776884452.2741027,3.0,0.0,-48.0
1776884452.284103,2.0,-2.0,-45.0
1776884452.294103,1.0,-2.0,-49.0
1776884452.304103,0.0,-2.0,-47.0
1776884452.3141026,0.0,0.0,-46.0
1776884452.3241026,0.0,-3.0,-48.0
1776884452.3341026,0.0,0.0,-49.0
1776884452.3441026,0.0,-1.0,-48.0
1776884452.3541028,0.0,-1.0,-56.0
1776884452.3641028,0.0,-2.0,-54.0
1776884452.3741028,4.0,0.0,-55.0
1776884452.3841028,0.0,0.0,-58.0
1776884452.3941028,-2.0,-2.0,-63.0
1776884452.4041028,3.0,-4.0,-57.0
1776884452.4141028,4.0,-2.0,-49.0
1776884452.4241028,4.0,-4.0,-48.0
1776884452.4341028,7.0,-2.0,-52.0
1776884452.4441028,8.0,0.0,-53.0
1776884452.4541028,6.0,-1.0,-49.0
1776884452.4641027,1.0,-2.0,-52.0
1776884452.4741027,0.0,-2.0,-53.0
1776884452.4841027,0.0,-3.0,-54.0
1776884452.4941027,1.0,-1.0,-45.0
1776884452.5041027,-2.0,-4.0,-43.0
1776884452.5141027,-8.0,-8.0,-44.0
1776884452.5241027,-7.0,-10.0,-42.0
1776884452.534103,-4.0,-7.0,-52.0
1776884452.544103,-1.0,-6.0,-52.0
1776884452.554103,-1.0,-7.0,-59.0
1776884452.5641026,0.0,-6.0,-64.0
1776884452.5741026,-5.0,-4.0,-61.0
1776884452.5841026,-3.0,-1.0,-61.0
1776884452.5941026,-3.0,4.0,-56.0
1776884452.6041028,0.0,1.0,-50.0
1776884452.6141028,0.0,4.0,-54.0
1776884452.6241028,0.0,3.0,-47.0
1776884452.6341028,0.0,1.0,-48.0
1776884452.6441028,-2.0,-1.0,-49.0
1776884452.6541028,0.0,0.0,-50.0
1776884452.6641028,0.0,2.0,-44.0
1776884452.6741028,-3.0,3.0,-46.0
1776884452.6841028,-2.0,0.0,-47.0
1776884452.6941028,-1.0,-4.0,-45.0
1776884452.7041028,-4.0,-2.0,-45.0
1776884452.7141027,0.0,1.0,-47.0
1776884452.7241027,0.0,0.0,-50.0
1776884452.7341027,-7.0,-5.0,-43.0
1776884452.7441027,-8.0,-5.0,-42.0
1776884452.7541027,-10.0,-7.0,-46.0
1776884452.7641027,-7.0,-4.0,-43.0
1776884452.7741027,0.0,-5.0,-41.0
1776884452.784103,-5.0,-3.0,-40.0
1776884452.7951028,-5.0,2.0,-47.0
1776884452.8051028,-7.0,0.0,-50.0
1776884452.8151028,-1.0,-3.0,-43.0
1776884452.8251028,-2.0,-7.0,-47.0
1776884452.8351028,0.0,-6.0,-47.0
1776884452.8441026,1.0,-5.0,-47.0
1776884452.8551028,2.0,-3.0,-52.0
1776884452.8651028,2.0,-5.0,-48.0
1776884452.8751028,3.0,-3.0,-43.0
1776884452.8851027,2.0,-7.0,-44.0
1776884452.8941028,3.0,-7.0,-45.0
1776884452.9051027,4.0,-5.0,-48.0
1776884452.9151027,6.0,-8.0,-46.0
1776884452.9251027,8.0,-8.0,-41.0
1776884452.9351027,8.0,-5.0,-46.0
1776884452.9451027,6.0,-5.0,-45.0
1776884452.9551027,5.0,-3.0,-43.0
1776884452.965103,3.0,-3.0,-40.0
1776884452.975103,3.0,-4.0,-37.0
1776884452.985103,1.0,-9.0,-34.0
1776884452.9951026,2.0,-9.0,-35.0
1776884453.0051026,-1.0,-9.0,-31.0
1776884453.0151026,-1.0,-10.0,-43.0
1776884453.0251029,-3.0,-12.0,-43.0
1776884453.0351028,-3.0,-9.0,-48.0
1776884453.0451028,-3.0,-10.0,-56.0
1776884453.0551028,0.0,-11.0,-57.0
1776884453.0651028,1.0,-10.0,-54.0
1776884453.0751028,0.0,-7.0,-53.0
1776884453.0851028,-1.0,-6.0,-60.0
1776884453.0951028,2.0,-4.0,-61.0
1776884453.1051028,0.0,-3.0,-56.0
1776884453.1151028,0.0,-3.0,-52.0
1776884453.1251028,-2.0,1.0,-53.0
1776884453.1351027,0.0,1.0,-52.0
1776884453.1451027,-3.0,0.0,-53.0
1776884453.1551027,-2.0,-2.0,-45.0
1776884453.1651027,-3.0,-3.0,-41.0
1776884453.1751027,-1.0,-2.0,-36.0
1776884453.1851027,-1.0,-6.0,-37.0
1776884453.1951027,0.0,-5.0,-43.0
1776884453.2051027,0.0,-3.0,-46.0
1776884453.215103,-3.0,-4.0,-46.0
1776884453.225103,-3.0,-5.0,-47.0
1776884453.235103,-4.0,-7.0,-52.0
1776884453.2451026,-2.0,-7.0,-50.0
1776884453.2551026,3.0,-8.0,-43.0
1776884453.2651026,0.0,-8.0,-42.0
1776884453.2751029,-2.0,-7.0,-44.0
1776884453.2851028,0.0,-7.0,-44.0
1776884453.2951028,2.0,-3.0,-48.0
1776884453.3051028,5.0,0.0,-51.0
1776884453.3151028,4.0,-4.0,-45.0
1776884453.3251028,3.0,-5.0,-44.0
1776884453.3351028,3.0,-7.0,-37.0
1776884453.3451028,0.0,-4.0,-43.0
1776884453.3551028,0.0,0.0,-51.0
1776884453.3651028,0.0,-2.0,-50.0
1776884453.3751028,1.0,-2.0,-47.0
1776884453.3851027,-3.0,2.0,-50.0
1776884453.3951027,-4.0,3.0,-47.0
1776884453.4051027,-5.0,3.0,-47.0
1776884453.4151027,-4.0,-1.0,-45.0
1776884453.4251027,-4.0,0.0,-39.0
1776884453.4351027,-3.0,0.0,-37.0
1776884453.4451027,4.0,-1.0,-43.0
1776884453.4551027,8.0,0.0,-46.0
1776884453.465103,8.0,-2.0,-48.0
1776884453.475103,7.0,-3.0,-45.0
1776884453.485103,9.0,0.0,-45.0
1776884453.4951026,12.0,-5.0,-44.0
1776884453.5051026,10.0,-4.0,-46.0
1776884453.5151026,9.0,0.0,-44.0
1776884453.5251029,9.0,0.0,-46.0
1776884453.5351028,10.0,-2.0,-46.0
1776884453.5451028,10.0,-2.0,-55.0
1776884453.5551028,6.0,-4.0,-59.0
1776884453.5651028,4.0,-4.0,-58.0
1776884453.5751028,2.0,-3.0,-57.0
1776884453.5851028,0.0,-1.0,-57.0
1776884453.5951028,0.0,0.0,-58.0
1776884453.6051028,0.0,4.0,-61.0
1776884453.6151028,0.0,4.0,-58.0
1776884453.6251028,1.0,3.0,-61.0
1776884453.6351027,0.0,7.0,-67.0
1776884453.6451027,-1.0,3.0,-56.0
1776884453.6551027,-3.0,3.0,-55.0
1776884453.6651027,-6.0,0.0,-58.0
1776884453.6751027,-8.0,-2.0,-60.0
1776884453.6851027,-10.0,-12.0,-58.0
1776884453.6951027,-4.0,-11.0,-55.0
1776884453.7051027,0.0,-12.0,-57.0
1776884453.715103,3.0,-8.0,-58.0
1776884453.725103,0.0,-6.0,-57.0
1776884453.735103,0.0,-5.0,-57.0
1776884453.7451026,5.0,-8.0,-57.0
1776884453.7551026,3.0,-10.0,-61.0
1776884453.7651026,0.0,-7.0,-55.0
1776884453.7751029,1.0,-6.0,-59.0
1776884453.7851028,-1.0,-5.0,-62.0
1776884453.7951028,0.0,-6.0,-62.0
1776884453.8051028,2.0,-5.0,-59.0
1776884453.8151028,5.0,-4.0,-57.0
1776884453.8251028,2.0,-2.0,-59.0
1776884453.8351028,3.0,-3.0,-59.0
1776884453.8451028,2.0,-3.0,-54.0
1776884453.8551028,11.0,-4.0,-54.0
1776884453.8651028,7.0,-2.0,-56.0
1776884453.8761027,8.0,-2.0,-55.0
1776884453.8851027,3.0,-1.0,-52.0
1776884453.8951027,2.0,-1.0,-52.0
1776884453.9051027,4.0,-1.0,-45.0
1776884453.9151027,-1.0,-4.0,-42.0
1776884453.9251027,-2.0,0.0,-45.0
1776884453.9351027,-2.0,-3.0,-42.0
1776884453.9451027,0.0,-2.0,-36.0
1776884453.9551027,1.0,-3.0,-35.0
1776884453.965103,5.0,-2.0,-33.0
1776884453.975103,1.0,-3.0,-38.0
1776884453.985103,3.0,-2.0,-46.0
1776884453.9951026,1.0,-1.0,-41.0
1776884454.0051026,0.0,-1.0,-42.0
1776884454.0151026,0.0,0.0,-35.0
1776884454.0251029,2.0,0.0,-43.0
1776884454.0351028,0.0,-1.0,-40.0
1776884454.0451028,-1.0,-4.0,-48.0
1776884454.0551028,0.0,-2.0,-48.0
1776884454.0651028,-1.0,0.0,-44.0
1776884454.0751028,1.0,0.0,-48.0
1776884454.0851028,3.0,0.0,-42.0
1776884454.0951028,4.0,0.0,-40.0
1776884454.1051028,7.0,1.0,-35.0
1776884454.1151028,9.0,1.0,-35.0
1776884454.1251028,7.0,2.0,-40.0
1776884454.1351027,8.0,5.0,-42.0
1776884454.1451027,8.0,5.0,-43.0
1776884454.1551027,7.0,2.0,-42.0
1776884454.1651027,6.0,-1.0,-37.0
1776884454.1751027,4.0,-2.0,-39.0
1776884454.1851027,4.0,-2.0,-44.0
1776884454.1951027,5.0,-3.0,-42.0
1776884454.2051027,4.0,-2.0,-37.0
1776884454.215103,3.0,-5.0,-37.0
1776884454.225103,6.0,0.0,-48.0
1776884454.235103,7.0,0.0,-51.0
1776884454.2451026,3.0,-4.0,-50.0
1776884454.2551026,4.0,-7.0,-48.0
1776884454.2651026,4.0,-2.0,-45.0
1776884454.2751029,4.0,-6.0,-47.0
1776884454.2851028,6.0,-6.0,-45.0
1776884454.2951028,6.0,-6.0,-46.0
1776884454.3051028,0.0,-9.0,-49.0
1776884454.3151028,-1.0,-1.0,-40.0
1776884454.3251028,0.0,-1.0,-45.0
1776884454.3351028,-2.0,0.0,-45.0
1776884454.3451028,2.0,3.0,-42.0
1776884454.3551028,3.0,1.0,-42.0
1776884454.3651028,0.0,-1.0,-41.0
1776884454.3751028,0.0,-1.0,-47.0
1776884454.3851027,-4.0,-1.0,-46.0
1776884454.3951027,-3.0,1.0,-46.0
1776884454.4051027,-6.0,2.0,-43.0
1776884454.4151027,-1.0,5.0,-41.0
1776884454.4251027,-3.0,7.0,-44.0
1776884454.4351027,0.0,6.0,-47.0
1776884454.4451027,1.0,0.0,-44.0
1776884454.4551027,0.0,0.0,-47.0
1776884454.465103,-1.0,0.0,-42.0
1776884454.475103,-4.0,0.0,-49.0
1776884454.485103,-5.0,2.0,-50.0
1776884454.4951026,0.0,0.0,-52.0
1776884454.5051026,4.0,3.0,-55.0
1776884454.5151026,5.0,0.0,-57.0
1776884454.5251029,2.0,-4.0,-51.0
1776884454.5351028,0.0,-4.0,-47.0
1776884454.5451028,-5.0,-4.0,-48.0
1776884454.5551028,-4.0,-4.0,-45.0
1776884454.5651028,-4.0,-4.0,-42.0
1776884454.5751028,2.0,-5.0,-49.0
1776884454.5851028,5.0,0.0,-48.0
1776884454.5951028,3.0,-2.0,-53.0
1776884454.6051028,5.0,0.0,-57.0
1776884454.6151028,7.0,1.0,-56.0
1776884454.6251028,6.0,3.0,-53.0
1776884454.6351027,5.0,2.0,-60.0
1776884454.6451027,4.0,2.0,-57.0
1776884454.6551027,2.0,1.0,-52.0
1776884454.6651027,3.0,1.0,-58.0
1776884454.6751027,1.0,-2.0,-51.0
1776884454.6851027,0.0,-3.0,-50.0
1776884454.6951027,0.0,-4.0,-46.0
1776884454.7051027,-1.0,-1.0,-38.0
1776884454.715103,2.0,0.0,-31.0
1776884454.725103,-3.0,3.0,-39.0
1776884454.735103,-2.0,5.0,-39.0
1776884454.7461028,1.0,5.0,-38.0
1776884454.7551026,6.0,2.0,-42.0
1776884454.7651026,9.0,5.0,-45.0
1776884454.7761028,12.0,4.0,-45.0
1776884454.7851028,10.0,-1.0,-45.0
1776884454.7961028,7.0,0.0,-49.0
1776884454.8061028,6.0,2.0,-45.0
1776884454.8161027,1.0,0.0,-47.0
1776884454.8261027,0.0,2.0,-43.0
1776884454.8361027,0.0,4.0,-49.0
1776884454.8461027,1.0,3.0,-58.0
1776884454.8561027,2.0,9.0,-59.0
1776884454.8661027,2.0,8.0,-63.0
1776884454.8761027,0.0,4.0,-64.0
1776884454.886103,5.0,7.0,-59.0
1776884454.896103,7.0,5.0,-51.0
1776884454.906103,5.0,7.0,-54.0
1776884454.9161026,6.0,4.0,-56.0
1776884454.9261026,2.0,1.0,-53.0
1776884454.9361026,5.0,3.0,-50.0
1776884454.9461029,3.0,1.0,-46.0
1776884454.9561028,1.0,3.0,-46.0
1776884454.9661028,2.0,4.0,-50.0
1776884454.9761028,6.0,7.0,-53.0
1776884454.9861028,7.0,4.0,-60.0
1776884454.9961028,7.0,3.0,-59.0
1776884455.0061028,6.0,1.0,-54.0
1776884455.0161028,7.0,4.0,-56.0
1776884455.0261028,6.0,3.0,-48.0
1776884455.0361028,6.0,-2.0,-43.0
1776884455.0461028,8.0,1.0,-42.0
1776884455.0561028,6.0,0.0,-41.0
1776884455.0661027,3.0,-4.0,-44.0
1776884455.0761027,6.0,-3.0,-48.0
1776884455.0861027,4.0,-1.0,-49.0
1776884455.0961027,5.0,1.0,-45.0
1776884455.1061027,3.0,1.0,-49.0
1776884455.1161027,-2.0,0.0,-49.0
1776884455.1261027,-4.0,0.0,-52.0
1776884455.136103,-5.0,2.0,-45.0
1776884455.146103,-3.0,5.0,-45.0
1776884455.156103,-1.0,4.0,-51.0
1776884455.1661026,1.0,0.0,-56.0
1776884455.1761026,2.0,0.0,-54.0
1776884455.1861026,-1.0,-2.0,-50.0
1776884455.1961029,1.0,-2.0,-47.0
1776884455.2061028,0.0,0.0,-47.0
1776884455.2161028,4.0,1.0,-51.0
1776884455.2261028,3.0,3.0,-53.0
1776884455.2361028,2.0,8.0,-50.0
1776884455.2461028,5.0,4.0,-51.0
1776884455.2561028,2.0,1.0,-45.0
1776884455.2661028,4.0,1.0,-45.0
1776884455.2761028,3.0,-2.0,-48.0
1776884455.2861028,2.0,-2.0,-54.0
1776884455.2961028,0.0,2.0,-54.0
1776884455.3061028,0.0,1.0,-50.0
1776884455.3161027,3.0,-4.0,-53.0
1776884455.3261027,1.0,-2.0,-53.0
1776884455.3361027,-1.0,-4.0,-48.0
1776884455.3461027,0.0,0.0,-47.0
1776884455.3561027,3.0,0.0,-47.0
1776884455.3661027,2.0,1.0,-48.0
1776884455.3761027,2.0,0.0,-46.0
1776884455.386103,5.0,3.0,-40.0
1776884455.396103,5.0,6.0,-39.0
1776884455.406103,3.0,1.0,-44.0
1776884455.4161026,0.0,-4.0,-43.0
1776884455.4261026,2.0,-5.0,-42.0
1776884455.4361026,2.0,-10.0,-42.0
1776884455.4461029,1.0,-9.0,-46.0
1776884455.4561028,5.0,-13.0,-49.0
1776884455.4661028,2.0,-15.0,-50.0
1776884455.4761028,0.0,-16.0,-52.0
1776884455.4861028,0.0,-11.0,-55.0
1776884455.4961028,3.0,-9.0,-57.0
1776884455.5061028,5.0,-7.0,-43.0
1776884455.5161028,5.0,-4.0,-43.0
1776884455.5261028,3.0,0.0,-49.0
1776884455.5361028,0.0,1.0,-49.0
1776884455.5461028,0.0,0.0,-47.0
1776884455.5561028,-1.0,0.0,-47.0
1776884455.5661027,-3.0,-1.0,-56.0
1776884455.5761027,0.0,-2.0,-56.0
1776884455.5861027,0.0,-3.0,-54.0
1776884455.5961027,0.0,-6.0,-53.0
1776884455.6061027,0.0,-9.0,-52.0
1776884455.6161027,-2.0,-10.0,-54.0
1776884455.6261027,0.0,-8.0,-56.0
1776884455.636103,4.0,-1.0,-56.0
1776884455.646103,6.0,0.0,-53.0
1776884455.656103,3.0,1.0,-52.0
1776884455.6661026,1.0,2.0,-51.0
1776884455.6761026,0.0,1.0,-51.0
1776884455.6861026,0.0,0.0,-49.0
1776884455.6961029,-2.0,0.0,-47.0
1776884455.7061028,-5.0,-4.0,-50.0
1776884455.7161028,-2.0,-1.0,-49.0
1776884455.7261028,-7.0,1.0,-48.0
1776884455.7361028,-8.0,0.0,-49.0
1776884455.7461028,-7.0,-3.0,-48.0
1776884455.7561028,-5.0,-1.0,-48.0
1776884455.7661028,0.0,0.0,-45.0
1776884455.7761028,4.0,-1.0,-47.0
1776884455.7861028,6.0,0.0,-49.0
1776884455.7961028,8.0,0.0,-52.0
1776884455.8061028,7.0,-1.0,-47.0
1776884455.8161027,0.0,-1.0,-46.0
1776884455.8261027,0.0,-2.0,-36.0
1776884455.8361027,-2.0,-1.0,-39.0
1776884455.8461027,-4.0,-2.0,-38.0
1776884455.8561027,-7.0,-6.0,-40.0
1776884455.8661027,-8.0,-3.0,-38.0
1776884455.8761027,-7.0,-3.0,-44.0
1776884455.886103,-6.0,0.0,-46.0
1776884455.896103,-5.0,5.0,-39.0
1776884455.906103,-2.0,3.0,-36.0
1776884455.9161026,-4.0,0.0,-39.0
1776884455.9261026,3.0,0.0,-38.0
1776884455.9361026,5.0,1.0,-35.0
1776884455.9461029,3.0,2.0,-42.0
1776884455.9561028,3.0,2.0,-40.0
1776884455.9661028,0.0,1.0,-34.0
1776884455.9761028,0.0,-1.0,-42.0
1776884455.9861028,-1.0,1.0,-43.0
1776884455.9961028,-3.0,1.0,-40.0
1776884456.0061028,-1.0,0.0,-29.0
1776884456.0161028,-2.0,-2.0,-35.0
1776884456.0261028,0.0,0.0,-40.0
1776884456.0361028,3.0,-3.0,-49.0
1776884456.0461028,0.0,-1.0,-52.0
1776884456.0561028,0.0,1.0,-50.0
1776884456.0661027,-2.0,3.0,-49.0
1776884456.0761027,-6.0,1.0,-48.0
1776884456.0861027,-8.0,-3.0,-47.0
1776884456.0961027,-7.0,-2.0,-49.0
1776884456.1061027,-4.0,-3.0,-49.0
1776884456.1161027,-3.0,-1.0,-48.0
1776884456.1261027,-2.0,0.0,-49.0
1776884456.136103,1.0,-1.0,-55.0
1776884456.146103,-1.0,-5.0,-60.0
1776884456.156103,0.0,-6.0,-61.0
1776884456.1661026,3.0,-3.0,-54.0
1776884456.1761026,1.0,-2.0,-55.0
1776884456.1861026,-2.0,-2.0,-55.0
1776884456.1961029,-3.0,-3.0,-59.0
1776884456.2061028,-2.0,-3.0,-55.0
1776884456.2161028,1.0,-2.0,-51.0
1776884456.2261028,1.0,2.0,-52.0
1776884456.2361028,2.0,5.0,-51.0
1776884456.2461028,0.0,4.0,-51.0
1776884456.2561028,-4.0,3.0,-52.0
1776884456.2661028,-4.0,-3.0,-53.0
1776884456.2761028,-1.0,-6.0,-44.0
1776884456.2861028,-2.0,-1.0,-46.0
1776884456.2961028,0.0,1.0,-48.0
1776884456.3061028,3.0,4.0,-46.0
1776884456.3161027,3.0,4.0,-44.0
1776884456.3261027,6.0,0.0,-44.0
1776884456.3361027,3.0,0.0,-52.0
1776884456.3461027,6.0,1.0,-64.0
1776884456.3561027,6.0,-4.0,-67.0
1776884456.3661027,3.0,0.0,-69.0
1776884456.3761027,3.0,-7.0,-62.0
1776884456.386103,6.0,-3.0,-59.0
1776884456.396103,7.0,-4.0,-55.0
1776884456.406103,3.0,-9.0,-54.0
1776884456.4161026,7.0,-10.0,-54.0
1776884456.4261026,5.0,-10.0,-49.0
1776884456.4361026,3.0,-6.0,-49.0
1776884456.4461029,0.0,-1.0,-49.0
1776884456.4561028,2.0,-1.0,-43.0
1776884456.4661028,1.0,-2.0,-42.0
1776884456.4761028,2.0,-4.0,-39.0
1776884456.4861028,5.0,-4.0,-43.0
1776884456.4961028,6.0,-6.0,-48.0
1776884456.5061028,4.0,-5.0,-45.0
1776884456.5161028,0.0,-3.0,-45.0
1776884456.5261028,-1.0,-1.0,-40.0
1776884456.5361028,-1.0,0.0,-38.0
1776884456.5461028,0.0,2.0,-36.0
1776884456.5561028,0.0,3.0,-33.0
1776884456.5661027,1.0,0.0,-34.0
1776884456.5761027,0.0,-4.0,-38.0
1776884456.5861027,0.0,-6.0,-36.0
1776884456.5961027,3.0,-4.0,-37.0
1776884456.6061027,5.0,-4.0,-34.0
1776884456.6161027,1.0,-3.0,-42.0
1776884456.6261027,4.0,-6.0,-48.0
1776884456.636103,2.0,-6.0,-51.0
1776884456.646103,3.0,-5.0,-59.0
1776884456.656103,3.0,-6.0,-56.0
1776884456.6661026,-1.0,-5.0,-55.0
1776884456.6761026,-1.0,-3.0,-56.0
1776884456.6861026,-3.0,-7.0,-58.0
1776884456.6971028,0.0,-8.0,-58.0
1776884456.7061028,0.0,-6.0,-63.0
1776884456.7161028,0.0,-4.0,-60.0
1776884456.7271028,0.0,4.0,-50.0
1776884456.7371027,1.0,4.0,-52.0
1776884456.7471027,-1.0,-1.0,-52.0
1776884456.7571027,-3.0,-4.0,-50.0
1776884456.7671027,-3.0,-5.0,-49.0
1776884456.7771027,-6.0,-2.0,-42.0
1776884456.7871027,-6.0,2.0,-51.0
1776884456.7971027,-3.0,-2.0,-57.0
1776884456.807103,-5.0,-5.0,-55.0
1776884456.817103,-5.0,-5.0,-59.0
1776884456.827103,-1.0,-4.0,-55.0
1776884456.837103,4.0,-6.0,-48.0
1776884456.8471026,5.0,-7.0,-50.0
1776884456.8571026,2.0,-1.0,-50.0
1776884456.8671026,1.0,0.0,-48.0
1776884456.8771029,0.0,0.0,-45.0
1776884456.8871028,-2.0,-5.0,-41.0
1776884456.8971028,0.0,-3.0,-43.0
1776884456.9071028,1.0,-7.0,-46.0
1776884456.9171028,0.0,-6.0,-45.0
1776884456.9271028,0.0,-4.0,-50.0
1776884456.9371028,-2.0,-6.0,-42.0
1776884456.9471028,0.0,-6.0,-42.0
1776884456.9571028,1.0,-3.0,-46.0
1776884456.9671028,2.0,-4.0,-43.0
1776884456.9771028,0.0,-4.0,-48.0
1776884456.9871027,-2.0,-5.0,-41.0
1776884456.9971027,0.0,-5.0,-38.0
1776884457.0071027,5.0,0.0,-42.0
1776884457.0171027,0.0,-3.0,-46.0
1776884457.0271027,0.0,-2.0,-51.0
1776884457.0371027,-1.0,-2.0,-50.0
1776884457.0471027,3.0,-3.0,-47.0
1776884457.057103,0.0,-5.0,-53.0
1776884457.067103,0.0,-2.0,-57.0
1776884457.077103,3.0,-5.0,-62.0
1776884457.087103,4.0,-3.0,-59.0
1776884457.0971026,1.0,2.0,-59.0
1776884457.1071026,0.0,0.0,-56.0
1776884457.1171026,0.0,-1.0,-54.0
1776884457.1271029,2.0,-2.0,-50.0
1776884457.1371028,1.0,-5.0,-44.0
1776884457.1471028,2.0,-3.0,-46.0
1776884457.1571028,1.0,-6.0,-43.0
1776884457.1671028,0.0,-9.0,-42.0
1776884457.1771028,2.0,-7.0,-49.0
1776884457.1871028,1.0,-3.0,-53.0
1776884457.1971028,2.0,-3.0,-51.0
1776884457.2071028,1.0,-4.0,-51.0
1776884457.2171028,0.0,-1.0,-54.0
1776884457.2271028,4.0,1.0,-55.0
1776884457.2371027,4.0,0.0,-56.0
1776884457.2471027,4.0,-3.0,-53.0
1776884457.2571027,2.0,-4.0,-51.0
1776884457.2671027,0.0,-6.0,-56.0
1776884457.2771027,-3.0,-4.0,-55.0
1776884457.2871027,0.0,-5.0,-52.0
1776884457.2971027,0.0,-6.0,-44.0
1776884457.307103,0.0,-1.0,-43.0
1776884457.317103,4.0,-2.0,-45.0
1776884457.327103,2.0,0.0,-43.0
1776884457.337103,5.0,4.0,-41.0
1776884457.3471026,5.0,0.0,-41.0
1776884457.3571026,1.0,1.0,-44.0
1776884457.3671026,2.0,0.0,-44.0
1776884457.3771029,6.0,-2.0,-42.0
1776884457.3871028,6.0,0.0,-44.0
1776884457.3971028,1.0,-1.0,-43.0
1776884457.4071028,1.0,-2.0,-47.0
1776884457.4171028,6.0,0.0,-44.0
1776884457.4271028,3.0,-2.0,-43.0
1776884457.4371028,6.0,0.0,-39.0
1776884457.4471028,5.0,2.0,-36.0
1776884457.4571028,1.0,1.0,-40.0
1776884457.4671028,1.0,1.0,-40.0
1776884457.4771028,-3.0,1.0,-45.0
1776884457.4871027,-3.0,1.0,-49.0
1776884457.4971027,0.0,-1.0,-50.0
1776884457.5071027,4.0,1.0,-49.0
1776884457.5171027,2.0,4.0,-56.0
1776884457.5271027,1.0,1.0,-52.0
1776884457.5371027,-3.0,6.0,-51.0
1776884457.5471027,-4.0,3.0,-42.0
1776884457.557103,0.0,2.0,-38.0
1776884457.567103,0.0,3.0,-39.0
1776884457.577103,0.0,3.0,-40.0
1776884457.587103,1.0,-1.0,-45.0
1776884457.5971026,3.0,-2.0,-44.0
1776884457.6071026,6.0,-1.0,-49.0
1776884457.6171026,6.0,-1.0,-54.0
1776884457.6271029,4.0,3.0,-52.0
1776884457.6371028,6.0,-2.0,-47.0
1776884457.6471028,4.0,-4.0,-47.0
1776884457.6571028,2.0,-5.0,-49.0
1776884457.6671028,0.0,-6.0,-48.0
1776884457.6771028,-4.0,-4.0,-50.0
1776884457.6871028,0.0,-6.0,-48.0
1776884457.6971028,4.0,-7.0,-47.0
1776884457.7071028,6.0,-3.0,-45.0
1776884457.7171028,4.0,-4.0,-37.0
1776884457.7271028,0.0,-1.0,-40.0
1776884457.7371027,-1.0,-4.0,-45.0
1776884457.7471027,-4.0,-3.0,-41.0
1776884457.7571027,-5.0,0.0,-43.0
1776884457.7671027,-3.0,1.0,-43.0
1776884457.7771027,-5.0,3.0,-43.0
1776884457.7871027,-10.0,0.0,-44.0
1776884457.7971027,-9.0,0.0,-49.0
1776884457.807103,-7.0,2.0,-49.0
1776884457.817103,-9.0,0.0,-50.0
1776884457.827103,-9.0,0.0,-54.0
1776884457.837103,-5.0,-1.0,-56.0
1776884457.8471026,-3.0,1.0,-51.0
1776884457.8571026,-3.0,0.0,-47.0
1776884457.8671026,-1.0,-4.0,-50.0
1776884457.8771029,-3.0,-6.0,-48.0
1776884457.8871028,-5.0,-7.0,-51.0
1776884457.8971028,-5.0,-10.0,-52.0
1776884457.9071028,-7.0,-5.0,-55.0
1776884457.9171028,-5.0,-7.0,-53.0
1776884457.9271028,-4.0,-7.0,-55.0
1776884457.9371028,-7.0,-4.0,-54.0
1776884457.9471028,-7.0,0.0,-52.0
1776884457.9571028,-4.0,1.0,-46.0
1776884457.9671028,0.0,3.0,-48.0
1776884457.9771028,0.0,1.0,-43.0
1776884457.9871027,0.0,1.0,-46.0
1776884457.9971027,2.0,1.0,-45.0
1776884458.0071027,4.0,1.0,-52.0
1776884458.0171027,2.0,0.0,-49.0
1776884458.0271027,2.0,1.0,-47.0
1776884458.0371027,1.0,0.0,-46.0
1776884458.0471027,0.0,0.0,-46.0
1776884458.057103,1.0,1.0,-40.0
1776884458.067103,-2.0,1.0,-44.0
1776884458.077103,0.0,3.0,-44.0
1776884458.087103,4.0,-1.0,-50.0
1776884458.0971026,5.0,-5.0,-42.0
1776884458.1071026,8.0,-5.0,-39.0
1776884458.1171026,5.0,-2.0,-42.0
1776884458.1271029,6.0,0.0,-48.0
1776884458.1371028,4.0,1.0,-45.0
1776884458.1471028,4.0,0.0,-46.0
1776884458.1571028,1.0,2.0,-47.0
1776884458.1671028,4.0,2.0,-48.0
1776884458.1771028,4.0,3.0,-51.0
1776884458.1871028,3.0,-1.0,-49.0
1776884458.1971028,1.0,-1.0,-49.0
1776884458.2071028,1.0,0.0,-56.0
1776884458.2171028,0.0,0.0,-60.0
1776884458.2271028,2.0,0.0,-52.0
1776884458.2371027,0.0,-2.0,-48.0
1776884458.2471027,0.0,-4.0,-57.0
1776884458.2571027,-2.0,-6.0,-60.0
1776884458.2671027,0.0,-5.0,-53.0
1776884458.2771027,-4.0,-4.0,-49.0
1776884458.2871027,-3.0,-2.0,-51.0
1776884458.2971027,-2.0,1.0,-54.0
1776884458.307103,0.0,0.0,-48.0
1776884458.317103,2.0,3.0,-45.0
1776884458.327103,1.0,1.0,-42.0
1776884458.337103,0.0,-2.0,-48.0
1776884458.3471026,2.0,2.0,-51.0
1776884458.3571026,4.0,0.0,-51.0
1776884458.3671026,3.0,0.0,-54.0
1776884458.3771029,2.0,0.0,-56.0
1776884458.3871028,0.0,-1.0,-56.0
1776884458.3971028,4.0,-1.0,-53.0
1776884458.4071028,3.0,-4.0,-61.0
1776884458.4171028,2.0,-2.0,-61.0
1776884458.4271028,5.0,-5.0,-60.0
1776884458.4371028,7.0,-7.0,-52.0
1776884458.4471028,2.0,-6.0,-50.0
1776884458.4571028,1.0,-5.0,-51.0
1776884458.4671028,-2.0,-7.0,-55.0
1776884458.4771028,-2.0,-5.0,-58.0
1776884458.4871027,0.0,-4.0,-58.0
1776884458.4971027,-2.0,-5.0,-61.0
1776884458.5071027,-6.0,-3.0,-58.0
1776884458.5171027,-3.0,-5.0,-57.0
1776884458.5271027,-9.0,-4.0,-56.0
1776884458.5371027,-7.0,-4.0,-56.0
1776884458.5471027,-8.0,-1.0,-50.0
1776884458.557103,-8.0,0.0,-50.0
1776884458.567103,-3.0,1.0,-55.0
1776884458.577103,-6.0,0.0,-56.0
1776884458.587103,-11.0,1.0,-56.0
1776884458.5971026,-9.0,0.0,-51.0
1776884458.6071026,-6.0,0.0,-50.0
1776884458.6171026,-4.0,0.0,-49.0
1776884458.6271029,-3.0,0.0,-46.0
1776884458.6371028,-4.0,-3.0,-45.0
1776884458.6471028,-3.0,-6.0,-46.0
1776884458.6571028,-2.0,-5.0,-49.0
1776884458.6671028,2.0,-3.0,-54.0
1776884458.6781027,1.0,-3.0,-48.0
1776884458.6871028,0.0,-2.0,-44.0
1776884458.6981027,2.0,0.0,-42.0
1776884458.7081027,2.0,2.0,-36.0
1776884458.7181027,2.0,4.0,-36.0
1776884458.7281027,2.0,1.0,-40.0
1776884458.738103,0.0,3.0,-39.0
1776884458.748103,-1.0,0.0,-35.0
1776884458.758103,-4.0,-3.0,-42.0
1776884458.7681026,-3.0,-1.0,-42.0
1776884458.7781026,-1.0,-1.0,-43.0
1776884458.7881026,0.0,-3.0,-41.0
1776884458.7981029,-4.0,0.0,-40.0
1776884458.8081028,-3.0,1.0,-36.0
1776884458.8181028,-2.0,0.0,-39.0
1776884458.8281028,-1.0,2.0,-31.0
1776884458.8381028,1.0,1.0,-34.0
1776884458.8481028,-1.0,2.0,-37.0
1776884458.8581028,-3.0,2.0,-43.0
1776884458.8681028,-3.0,2.0,-50.0
1776884458.8781028,-6.0,-3.0,-53.0
1776884458.8881028,-2.0,-5.0,-50.0
1776884458.8981028,-2.0,-3.0,-53.0
1776884458.9081028,-1.0,0.0,-50.0
1776884458.9181027,0.0,-1.0,-45.0
1776884458.9281027,0.0,-2.0,-43.0
1776884458.9381027,1.0,-1.0,-45.0
1776884458.9481027,5.0,-2.0,-43.0
1776884458.9581027,3.0,-2.0,-42.0
1776884458.9681027,6.0,-1.0,-44.0
1776884458.9781027,0.0,-3.0,-42.0
1776884458.988103,-4.0,0.0,-41.0
1776884458.998103,-2.0,5.0,-53.0
1776884459.008103,0.0,4.0,-64.0
1776884459.0181026,-2.0,0.0,-60.0
1776884459.0281026,-4.0,2.0,-56.0
1776884459.0381026,-4.0,3.0,-55.0
1776884459.0481029,0.0,0.0,-52.0
1776884459.0581028,-3.0,0.0,-49.0
1776884459.0681028,0.0,-1.0,-49.0
1776884459.0781028,0.0,0.0,-36.0
1776884459.0881028,-3.0,-3.0,-28.0
1776884459.0981028,-5.0,-3.0,-31.0
1776884459.1081028,0.0,0.0,-41.0
1776884459.1181028,1.0,1.0,-43.0
1776884459.1281028,5.0,2.0,-47.0
1776884459.1381028,3.0,2.0,-50.0
1776884459.1481028,1.0,3.0,-51.0
1776884459.1581028,-2.0,3.0,-43.0
1776884459.1681027,-6.0,2.0,-44.0
1776884459.1781027,-8.0,-1.0,-41.0
1776884459.1881027,-6.0,-6.0,-45.0
1776884459.1981027,-1.0,-10.0,-46.0
1776884459.2081027,0.0,-9.0,-50.0
1776884459.2181027,-1.0,-5.0,-54.0
1776884459.2281027,-1.0,-2.0,-60.0
1776884459.238103,0.0,-7.0,-53.0
1776884459.248103,0.0,-2.0,-49.0
1776884459.258103,0.0,0.0,-52.0
1776884459.2681026,-3.0,-2.0,-54.0
1776884459.2781026,3.0,0.0,-53.0
1776884459.2881026,3.0,-2.0,-48.0
1776884459.2991028,3.0,-5.0,-39.0
1776884459.3081028,-1.0,-5.0,-40.0
1776884459.3181028,-7.0,-1.0,-42.0
1776884459.3281028,-4.0,-5.0,-45.0
1776884459.3381028,-1.0,-4.0,-46.0
1776884459.3481028,4.0,-2.0,-44.0
1776884459.3581028,0.0,2.0,-52.0
1776884459.3681028,0.0,1.0,-52.0
1776884459.3781028,1.0,1.0,-53.0
1776884459.3881028,1.0,3.0,-51.0
1776884459.3981028,4.0,3.0,-47.0
1776884459.4081028,3.0,2.0,-48.0
1776884459.4181027,3.0,3.0,-49.0
1776884459.4281027,1.0,3.0,-47.0
1776884459.4381027,2.0,1.0,-51.0
1776884459.4481027,6.0,-2.0,-48.0
1776884459.4581027,7.0,0.0,-55.0
1776884459.4681027,3.0,2.0,-54.0
1776884459.4781027,4.0,3.0,-54.0
1776884459.488103,4.0,0.0,-50.0
1776884459.498103,0.0,0.0,-47.0
1776884459.508103,-1.0,-2.0,-44.0
1776884459.5181026,3.0,-2.0,-49.0
1776884459.5281026,1.0,-3.0,-54.0
1776884459.5381026,2.0,-1.0,-50.0
1776884459.5481029,2.0,0.0,-49.0
1776884459.5581028,5.0,0.0,-52.0
1776884459.5681028,2.0,0.0,-56.0
1776884459.5781028,3.0,2.0,-55.0
1776884459.5881028,4.0,3.0,-54.0
1776884459.5981028,-3.0,1.0,-47.0
1776884459.6081028,-6.0,1.0,-46.0
1776884459.6181028,-4.0,2.0,-45.0
1776884459.6281028,0.0,3.0,-43.0
1776884459.6381028,5.0,0.0,-46.0
1776884459.6481028,2.0,-6.0,-51.0
1776884459.6581028,-2.0,-6.0,-52.0
1776884459.6681027,-1.0,-5.0,-48.0
1776884459.6781027,0.0,-1.0,-48.0
1776884459.6881027,-4.0,0.0,-45.0
1776884459.6981027,-3.0,0.0,-36.0
1776884459.7081027,0.0,3.0,-35.0
1776884459.7181027,-3.0,3.0,-34.0
1776884459.7281027,-5.0,7.0,-36.0
1776884459.738103,-6.0,3.0,-43.0
1776884459.748103,-4.0,2.0,-51.0
1776884459.758103,-7.0,0.0,-57.0
1776884459.7681026,-4.0,-2.0,-61.0
1776884459.7781026,0.0,-5.0,-58.0
1776884459.7881026,1.0,-3.0,-52.0
1776884459.7981029,5.0,-1.0,-51.0
1776884459.8081028,3.0,-5.0,-51.0
1776884459.8181028,0.0,-7.0,-51.0
1776884459.8281028,-2.0,-5.0,-58.0
1776884459.8381028,1.0,0.0,-53.0
1776884459.8481028,5.0,0.0,-50.0
1776884459.8581028,0.0,1.0,-44.0
1776884459.8681028,0.0,-2.0,-45.0
1776884459.8781028,2.0,-5.0,-48.0
1776884459.8881028,1.0,-8.0,-47.0
1776884459.8981028,0.0,-9.0,-49.0
1776884459.9081028,2.0,-5.0,-45.0
1776884459.9181027,3.0,-6.0,-49.0
1776884459.9281027,3.0,-8.0,-48.0
1776884459.9381027,2.0,-11.0,-42.0
1776884459.9481027,2.0,-7.0,-43.0
1776884459.9581027,-2.0,-7.0,-39.0
1776884459.9681027,-1.0,-5.0,-41.0
1776884459.9781027,-4.0,-4.0,-36.0
1776884459.988103,-1.0,-5.0,-39.0
1776884459.998103,-1.0,-3.0,-45.0
1776884460.008103,2.0,-1.0,-43.0
1776884460.0181026,-2.0,-4.0,-45.0
1776884460.0281026,0.0,-3.0,-45.0
1776884460.0381026,6.0,-3.0,-36.0
1776884460.0481029,4.0,-3.0,-38.0
1776884460.0581028,3.0,0.0,-40.0
1776884460.0681028,3.0,-2.0,-43.0
1776884460.0781028,-1.0,0.0,-42.0
1776884460.0881028,0.0,-1.0,-42.0
1776884460.0981028,0.0,0.0,-38.0
1776884460.1081028,1.0,0.0,-40.0
1776884460.1181028,-7.0,-3.0,-39.0
1776884460.1281028,-7.0,-4.0,-45.0
1776884460.1381028,-2.0,-1.0,-45.0
1776884460.1481028,-2.0,3.0,-44.0
1776884460.1581028,-3.0,11.0,-45.0
1776884460.1681027,0.0,2.0,-41.0
1776884460.1781027,-6.0,-2.0,-39.0
1776884460.1881027,-7.0,-5.0,-34.0
1776884460.1981027,-10.0,-7.0,-38.0
1776884460.2081027,-4.0,-8.0,-44.0
1776884460.2181027,-2.0,-11.0,-45.0
1776884460.2281027,-2.0,-10.0,-45.0
1776884460.238103,-2.0,-4.0,-44.0
1776884460.248103,-1.0,0.0,-47.0
1776884460.258103,1.0,0.0,-54.0
1776884460.2681026,1.0,0.0,-50.0
1776884460.2781026,3.0,0.0,-57.0
1776884460.2881026,4.0,-1.0,-53.0
1776884460.2981029,0.0,-1.0,-54.0
1776884460.3081028,2.0,0.0,-55.0
1776884460.3181028,4.0,1.0,-48.0
1776884460.3281028,3.0,-1.0,-49.0
1776884460.3381028,0.0,-3.0,-48.0
1776884460.3481028,2.0,-4.0,-49.0
1776884460.3581028,0.0,-5.0,-49.0
1776884460.3681028,-3.0,-5.0,-54.0
1776884460.3781028,-3.0,-9.0,-54.0
1776884460.3881028,0.0,-10.0,-51.0
1776884460.3981028,1.0,-6.0,-50.0
1776884460.4081028,1.0,-1.0,-50.0
1776884460.4181027,-3.0,0.0,-52.0
1776884460.4281027,0.0,0.0,-53.0
1776884460.4381027,-5.0,-1.0,-57.0
1776884460.4481027,-7.0,1.0,-54.0
1776884460.4581027,-4.0,3.0,-54.0
1776884460.4681027,-2.0,1.0,-53.0
1776884460.4781027,0.0,1.0,-53.0
1776884460.488103,2.0,0.0,-51.0
1776884460.498103,3.0,0.0,-54.0
1776884460.508103,3.0,1.0,-56.0
1776884460.5181026,4.0,0.0,-51.0
1776884460.5281026,1.0,-2.0,-51.0
1776884460.5381026,-2.0,-3.0,-53.0
1776884460.5481029,1.0,-6.0,-53.0
1776884460.5581028,1.0,-4.0,-51.0
1776884460.5681028,0.0,-3.0,-48.0
1776884460.5781028,-5.0,-2.0,-50.0
1776884460.5881028,-3.0,-1.0,-55.0
1776884460.5981028,-1.0,0.0,-53.0
1776884460.6081028,-1.0,0.0,-61.0
1776884460.6181028,0.0,0.0,-62.0
1776884460.6281028,-1.0,-3.0,-56.0
1776884460.6381028,-1.0,-4.0,-53.0
1776884460.6491027,-1.0,-4.0,-60.0
1776884460.659103,0.0,-4.0,-53.0
1776884460.669103,-3.0,-3.0,-57.0
1776884460.679103,-7.0,-1.0,-57.0
1776884460.6891026,-6.0,0.0,-61.0
1776884460.6991026,-1.0,-1.0,-55.0
1776884460.7091026,0.0,-5.0,-50.0
1776884460.7191026,2.0,-2.0,-48.0
1776884460.7291028,3.0,0.0,-47.0
1776884460.7391028,3.0,0.0,-50.0
1776884460.7491028,1.0,-4.0,-45.0
1776884460.7591028,1.0,-5.0,-47.0
1776884460.7691028,0.0,-1.0,-45.0
1776884460.7791028,-3.0,-3.0,-47.0
1776884460.7891028,-3.0,-2.0,-47.0
1776884460.7991028,1.0,-4.0,-47.0
1776884460.8091028,1.0,-3.0,-46.0
1776884460.8191028,7.0,-5.0,-54.0
1776884460.8291028,7.0,-7.0,-49.0
1776884460.8391027,2.0,-2.0,-48.0
1776884460.8491027,0.0,-2.0,-43.0
1776884460.8591027,4.0,-3.0,-45.0
1776884460.8691027,5.0,-4.0,-48.0
1776884460.8791027,5.0,0.0,-46.0
1776884460.8891027,5.0,1.0,-44.0
1776884460.8991027,3.0,-1.0,-48.0
1776884460.909103,1.0,1.0,-41.0
1776884460.919103,2.0,-2.0,-45.0
1776884460.929103,0.0,-2.0,-46.0
1776884460.9391026,-1.0,-3.0,-47.0
1776884460.9491026,-1.0,0.0,-49.0
1776884460.9591026,-2.0,0.0,-48.0
1776884460.9691026,3.0,-2.0,-49.0
1776884460.9791028,2.0,-1.0,-47.0
1776884460.9891028,1.0,-4.0,-43.0
1776884460.9991028,0.0,-5.0,-42.0
1776884461.0091028,0.0,-3.0,-47.0
1776884461.0191028,0.0,-1.0,-50.0
1776884461.0291028,0.0,0.0,-52.0
1776884461.0391028,0.0,-1.0,-53.0
1776884461.0491028,1.0,-2.0,-54.0
1776884461.0591028,-2.0,-2.0,-55.0
1776884461.0691028,-1.0,-2.0,-66.0
1776884461.0791028,1.0,-2.0,-66.0
1776884461.0891027,2.0,-1.0,-59.0
1776884461.0991027,0.0,-1.0,-53.0
1776884461.1091027,-2.0,-1.0,-52.0
1776884461.1191027,-1.0,3.0,-41.0
1776884461.1291027,0.0,0.0,-43.0
1776884461.1391027,4.0,1.0,-44.0
1776884461.1491027,5.0,2.0,-49.0
1776884461.159103,3.0,0.0,-51.0
1776884461.169103,1.0,-2.0,-53.0
1776884461.179103,2.0,0.0,-50.0
1776884461.1891026,6.0,-1.0,-50.0
1776884461.1991026,3.0,-4.0,-44.0
1776884461.2091026,0.0,0.0,-43.0
1776884461.2191026,1.0,3.0,-41.0
1776884461.2291028,-1.0,5.0,-49.0
1776884461.2391028,-4.0,0.0,-47.0
1776884461.2491028,0.0,-2.0,-50.0
1776884461.2591028,4.0,-4.0,-52.0
1776884461.2691028,6.0,-6.0,-49.0
1776884461.2791028,7.0,-8.0,-57.0
1776884461.2891028,3.0,-4.0,-56.0
1776884461.2991028,5.0,-7.0,-58.0
1776884461.3091028,5.0,-7.0,-58.0
1776884461.3191028,5.0,-7.0,-57.0
1776884461.3291028,6.0,-7.0,-58.0
1776884461.3391027,6.0,-6.0,-59.0
1776884461.3491027,8.0,-8.0,-57.0
1776884461.3591027,7.0,-11.0,-47.0
1776884461.3691027,7.0,-11.0,-42.0
1776884461.3791027,4.0,-7.0,-36.0
1776884461.3891027,4.0,0.0,-40.0
1776884461.3991027,6.0,0.0,-50.0
1776884461.409103,4.0,-1.0,-52.0
1776884461.419103,-1.0,-5.0,-56.0
1776884461.429103,2.0,1.0,-51.0
1776884461.4391026,1.0,1.0,-51.0
1776884461.4491026,-1.0,0.0,-55.0
1776884461.4591026,1.0,1.0,-52.0
1776884461.4691026,0.0,5.0,-49.0
1776884461.4791028,6.0,3.0,-50.0
1776884461.4891028,3.0,2.0,-52.0
1776884461.4991028,0.0,-1.0,-49.0
1776884461.5091028,-1.0,3.0,-48.0
1776884461.5191028,3.0,3.0,-52.0
1776884461.5291028,1.0,1.0,-50.0
1776884461.5391028,5.0,-2.0,-52.0
1776884461.5491028,8.0,0.0,-54.0
1776884461.5591028,4.0,0.0,-49.0
1776884461.5691028,6.0,-4.0,-48.0
1776884461.5791028,7.0,-2.0,-59.0
1776884461.5891027,6.0,-3.0,-59.0
1776884461.5991027,9.0,-6.0,-59.0
1776884461.6091027,5.0,-2.0,-63.0
1776884461.6191027,3.0,-2.0,-62.0
1776884461.6291027,4.0,0.0,-62.0
1776884461.6391027,2.0,0.0,-61.0
1776884461.6491027,3.0,1.0,-56.0
1776884461.659103,3.0,0.0,-54.0
1776884461.669103,-2.0,3.0,-47.0
1776884461.679103,-4.0,-2.0,-51.0
1776884461.6891026,-1.0,-2.0,-54.0
1776884461.6991026,3.0,-4.0,-54.0
1776884461.7091026,6.0,-10.0,-53.0
1776884461.7191026,3.0,-9.0,-54.0
1776884461.7291028,5.0,-7.0,-57.0
1776884461.7391028,4.0,-2.0,-52.0
1776884461.7491028,5.0,-6.0,-50.0
1776884461.7591028,3.0,-7.0,-52.0
1776884461.7691028,4.0,0.0,-48.0
1776884461.7791028,7.0,0.0,-49.0
1776884461.7891028,9.0,0.0,-45.0
1776884461.7991028,7.0,1.0,-47.0
1776884461.8091028,3.0,0.0,-39.0
1776884461.8191028,6.0,-1.0,-31.0
1776884461.8291028,3.0,-2.0,-32.0
1776884461.8391027,1.0,-7.0,-38.0
1776884461.8491027,-1.0,-6.0,-35.0
1776884461.8591027,-1.0,-4.0,-37.0
1776884461.8691027,0.0,-4.0,-33.0
1776884461.8791027,-1.0,-7.0,-36.0
1776884461.8891027,-4.0,-3.0,-40.0
1776884461.8991027,-7.0,-5.0,-40.0
1776884461.909103,-1.0,-4.0,-40.0
1776884461.919103,-1.0,0.0,-38.0
1776884461.929103,-2.0,3.0,-38.0
1776884461.9391026,-1.0,0.0,-42.0
1776884461.9491026,-2.0,0.0,-51.0
1776884461.9591026,-1.0,0.0,-56.0
1776884461.9691026,3.0,-1.0,-58.0
1776884461.9791028,2.0,3.0,-59.0
1776884461.9891028,6.0,5.0,-60.0
1776884461.9991028,3.0,3.0,-56.0
1776884462.0091028,6.0,-4.0,-53.0
1776884462.0191028,9.0,-4.0,-55.0
1776884462.0291028,7.0,-5.0,-52.0
1776884462.0391028,8.0,-5.0,-48.0
1776884462.0491028,7.0,0.0,-50.0
1776884462.0591028,6.0,-1.0,-59.0
1776884462.0691028,3.0,-4.0,-50.0
1776884462.0791028,2.0,-4.0,-49.0
1776884462.0891027,0.0,-5.0,-50.0
1776884462.0991027,-1.0,-6.0,-52.0
1776884462.1091027,0.0,-6.0,-46.0
1776884462.1191027,0.0,-4.0,-49.0
1776884462.1291027,2.0,-5.0,-48.0
1776884462.1391027,-2.0,-4.0,-48.0
1776884462.1491027,-1.0,-4.0,-45.0
1776884462.159103,-2.0,0.0,-45.0
1776884462.169103,-1.0,0.0,-50.0
1776884462.179103,4.0,-6.0,-50.0
1776884462.1891026,5.0,-5.0,-47.0
1776884462.1991026,1.0,-1.0,-47.0
1776884462.2091026,1.0,0.0,-48.0
1776884462.2191026,2.0,0.0,-48.0
1776884462.2291028,0.0,6.0,-49.0
1776884462.2391028,2.0,8.0,-49.0
1776884462.2491028,2.0,6.0,-53.0
1776884462.2591028,6.0,3.0,-53.0
1776884462.2691028,7.0,1.0,-46.0
1776884462.2791028,6.0,1.0,-42.0
1776884462.2891028,2.0,3.0,-47.0
1776884462.2991028,3.0,2.0,-46.0
1776884462.3091028,1.0,0.0,-43.0
1776884462.3191028,1.0,2.0,-46.0
1776884462.3291028,3.0,2.0,-49.0
1776884462.3391027,2.0,0.0,-53.0
1776884462.3491027,8.0,-1.0,-51.0
1776884462.3591027,3.0,-1.0,-44.0
1776884462.3691027,3.0,1.0,-43.0
1776884462.3791027,4.0,3.0,-44.0
1776884462.3891027,1.0,1.0,-48.0
1776884462.3991027,4.0,1.0,-52.0
1776884462.409103,6.0,-3.0,-52.0
1776884462.419103,3.0,-9.0,-57.0
1776884462.429103,7.0,-10.0,-55.0
1776884462.4391026,1.0,-10.0,-50.0
1776884462.4491026,-3.0,-8.0,-55.0
1776884462.4591026,-2.0,-7.0,-51.0
1776884462.4691026,0.0,-5.0,-51.0
1776884462.4791028,0.0,-4.0,-52.0
1776884462.4891028,-3.0,-3.0,-46.0
1776884462.4991028,-5.0,-5.0,-43.0
1776884462.5091028,-1.0,-6.0,-38.0
1776884462.5191028,1.0,-4.0,-43.0
1776884462.5291028,-1.0,-3.0,-50.0
1776884462.5391028,-4.0,-5.0,-46.0
1776884462.5491028,-2.0,-3.0,-44.0
1776884462.5591028,0.0,-3.0,-50.0
1776884462.5691028,0.0,-3.0,-49.0
1776884462.5791028,3.0,-2.0,-46.0
1776884462.5891027,0.0,-4.0,-46.0
1776884462.5991027,1.0,0.0,-42.0
1776884462.610103,3.0,0.0,-41.0
1776884462.6191027,0.0,0.0,-40.0
1776884462.6301026,1.0,-1.0,-43.0
1776884462.6401026,-2.0,-2.0,-44.0
1776884462.6501029,-4.0,0.0,-47.0
1776884462.6601028,3.0,0.0,-45.0
1776884462.6701028,-1.0,-2.0,-44.0
1776884462.6801028,2.0,-1.0,-51.0
1776884462.6901028,6.0,-4.0,-47.0
1776884462.7001028,4.0,-7.0,-52.0
1776884462.7101028,2.0,-4.0,-57.0
1776884462.7201028,0.0,-2.0,-57.0
1776884462.7301028,-1.0,-2.0,-51.0
1776884462.7401028,0.0,0.0,-49.0
1776884462.7501028,-1.0,-2.0,-48.0
1776884462.7601027,0.0,-1.0,-54.0
1776884462.7701027,0.0,-4.0,-54.0
1776884462.7801027,0.0,-6.0,-49.0
1776884462.7901027,2.0,-6.0,-47.0
1776884462.8001027,1.0,-3.0,-51.0
1776884462.8101027,0.0,-7.0,-50.0
1776884462.8201027,1.0,-5.0,-47.0
1776884462.8301027,1.0,-7.0,-48.0
1776884462.840103,0.0,-5.0,-43.0
1776884462.850103,0.0,-2.0,-47.0
1776884462.860103,0.0,1.0,-53.0
1776884462.8701026,-3.0,0.0,-52.0
1776884462.8801026,-2.0,0.0,-48.0
1776884462.8901026,-1.0,-1.0,-49.0
1776884462.9001029,-1.0,0.0,-49.0
1776884462.9101028,-1.0,1.0,-47.0
1776884462.9201028,2.0,1.0,-51.0
1776884462.9301028,2.0,5.0,-52.0
1776884462.9401028,0.0,6.0,-53.0
1776884462.9501028,-1.0,6.0,-51.0
1776884462.9601028,1.0,4.0,-52.0
1776884462.9701028,0.0,5.0,-50.0
1776884462.9801028,0.0,1.0,-48.0
1776884462.9901028,0.0,6.0,-43.0
1776884463.0001028,-4.0,5.0,-38.0
1776884463.0101027,-10.0,7.0,-36.0
1776884463.0201027,-8.0,8.0,-43.0
1776884463.0301027,-7.0,7.0,-46.0
1776884463.0401027,-8.0,5.0,-46.0
1776884463.0501027,-6.0,3.0,-44.0
1776884463.0601027,-9.0,3.0,-45.0
1776884463.0701027,-4.0,0.0,-51.0
1776884463.0801027,-2.0,2.0,-50.0
1776884463.090103,-2.0,2.0,-45.0
1776884463.100103,-3.0,3.0,-41.0
1776884463.110103,0.0,0.0,-41.0
1776884463.1201026,1.0,-1.0,-36.0
1776884463.1301026,2.0,-2.0,-39.0
1776884463.1401026,2.0,-3.0,-41.0
1776884463.1501029,6.0,0.0,-41.0
1776884463.1601028,7.0,-1.0,-47.0
1776884463.1701028,9.0,-4.0,-42.0
1776884463.1801028,1.0,-5.0,-47.0
1776884463.1901028,0.0,-5.0,-45.0
1776884463.2001028,3.0,-9.0,-47.0
1776884463.2101028,1.0,-6.0,-38.0
1776884463.2201028,1.0,-5.0,-41.0
1776884463.2301028,0.0,-6.0,-41.0
1776884463.2401028,0.0,-9.0,-44.0
1776884463.2501028,-1.0,-8.0,-43.0
1776884463.2601027,-3.0,-3.0,-41.0
1776884463.2701027,-3.0,-5.0,-45.0
1776884463.2801027,-6.0,-7.0,-44.0
1776884463.2901027,-3.0,-7.0,-46.0
1776884463.3001027,-3.0,-4.0,-47.0
1776884463.3101027,0.0,-1.0,-44.0
1776884463.3201027,2.0,0.0,-43.0
1776884463.3301027,-2.0,1.0,-50.0
1776884463.340103,1.0,-1.0,-48.0
1776884463.350103,2.0,-2.0,-47.0
1776884463.360103,2.0,-3.0,-51.0
1776884463.3701026,4.0,-5.0,-50.0
1776884463.3801026,7.0,-7.0,-53.0
1776884463.3901026,5.0,-2.0,-54.0
1776884463.4001029,10.0,0.0,-48.0
1776884463.4101028,8.0,-2.0,-43.0
1776884463.4201028,5.0,-6.0,-47.0
1776884463.4301028,0.0,-7.0,-51.0
1776884463.4401028,0.0,-6.0,-48.0
1776884463.4501028,-5.0,-5.0,-44.0
1776884463.4601028,-3.0,-2.0,-41.0
1776884463.4701028,-4.0,-6.0,-40.0
1776884463.4801028,0.0,-7.0,-41.0
1776884463.4901028,1.0,-7.0,-37.0
1776884463.5001028,4.0,-7.0,-31.0
1776884463.5101027,1.0,-2.0,-41.0
1776884463.5201027,-3.0,-5.0,-43.0
1776884463.5301027,-1.0,-5.0,-43.0
1776884463.5401027,-2.0,-5.0,-45.0
1776884463.5501027,1.0,-4.0,-41.0
1776884463.5601027,0.0,-7.0,-40.0
1776884463.5701027,0.0,-8.0,-40.0
1776884463.5801027,-1.0,-6.0,-39.0
1776884463.590103,-8.0,-3.0,-43.0
1776884463.600103,-6.0,-3.0,-44.0
1776884463.610103,-4.0,-3.0,-46.0
1776884463.6201026,-2.0,-6.0,-47.0
1776884463.6301026,0.0,-7.0,-44.0
1776884463.6401026,-7.0,-4.0,-35.0
1776884463.6501029,-5.0,-4.0,-34.0
1776884463.6601028,-5.0,-1.0,-37.0
1776884463.6701028,-5.0,-2.0,-42.0
1776884463.6801028,-3.0,1.0,-47.0
1776884463.6901028,-1.0,-2.0,-46.0
1776884463.7001028,1.0,-2.0,-49.0
1776884463.7101028,0.0,0.0,-51.0
1776884463.7201028,-4.0,5.0,-47.0
1776884463.7301028,-3.0,6.0,-48.0
1776884463.7401028,-2.0,10.0,-52.0
1776884463.7501028,-3.0,6.0,-55.0
1776884463.7601027,-2.0,7.0,-59.0
1776884463.7701027,-2.0,3.0,-62.0
1776884463.7801027,-3.0,0.0,-54.0
1776884463.7901027,-2.0,-3.0,-45.0
1776884463.8001027,-3.0,-6.0,-40.0
1776884463.8101027,0.0,-5.0,-46.0
1776884463.8201027,0.0,1.0,-47.0
1776884463.8301027,1.0,-2.0,-45.0
1776884463.840103,1.0,-7.0,-51.0
1776884463.850103,-3.0,-2.0,-49.0
1776884463.860103,1.0,0.0,-49.0
1776884463.8701026,0.0,0.0,-49.0
1776884463.8801026,-1.0,-1.0,-47.0
1776884463.8901026,-3.0,-3.0,-47.0
1776884463.9001029,-4.0,-3.0,-49.0
1776884463.9101028,-6.0,-3.0,-52.0
1776884463.9201028,-5.0,-1.0,-57.0
1776884463.9301028,-4.0,-2.0,-61.0
1776884463.9401028,0.0,-5.0,-55.0
1776884463.9501028,3.0,-7.0,-47.0
1776884463.9601028,0.0,-10.0,-51.0
1776884463.9701028,0.0,-11.0,-46.0
1776884463.9801028,2.0,-8.0,-48.0
1776884463.9901028,3.0,-6.0,-47.0
1776884464.0001028,-1.0,-3.0,-42.0
1776884464.0101027,0.0,-2.0,-41.0
1776884464.0201027,2.0,-1.0,-47.0
1776884464.0301027,5.0,-3.0,-46.0
1776884464.0401027,1.0,0.0,-47.0
1776884464.0501027,2.0,-2.0,-56.0
1776884464.0601027,3.0,-3.0,-53.0
1776884464.0701027,0.0,-4.0,-48.0
1776884464.0801027,-2.0,-8.0,-48.0
1776884464.090103,-2.0,-10.0,-51.0
1776884464.100103,-6.0,-7.0,-51.0
1776884464.110103,-2.0,-8.0,-54.0
1776884464.1201026,0.0,-11.0,-50.0
1776884464.1301026,-1.0,-8.0,-49.0
1776884464.1401026,3.0,-4.0,-46.0
1776884464.1501029,7.0,-5.0,-36.0
1776884464.1601028,7.0,-6.0,-42.0
1776884464.1701028,1.0,0.0,-40.0
1776884464.1801028,-3.0,0.0,-40.0
1776884464.1901028,-4.0,-5.0,-41.0
1776884464.2001028,-7.0,-4.0,-45.0
1776884464.2101028,-2.0,-5.0,-46.0
1776884464.2201028,-2.0,0.0,-44.0
1776884464.2301028,6.0,0.0,-46.0
1776884464.2401028,5.0,0.0,-46.0
1776884464.2501028,5.0,0.0,-52.0
1776884464.2601027,1.0,3.0,-53.0
1776884464.2701027,-2.0,3.0,-54.0
1776884464.2801027,-3.0,7.0,-46.0
1776884464.2901027,0.0,4.0,-49.0
1776884464.3001027,2.0,2.0,-48.0
1776884464.3101027,1.0,2.0,-46.0
1776884464.3201027,-1.0,0.0,-52.0
1776884464.3301027,-2.0,0.0,-57.0
1776884464.340103,2.0,3.0,-52.0
1776884464.350103,1.0,0.0,-52.0
1776884464.360103,0.0,2.0,-46.0
1776884464.3701026,0.0,3.0,-41.0
1776884464.3801026,2.0,1.0,-50.0
1776884464.3901026,2.0,2.0,-55.0
1776884464.4001029,1.0,0.0,-56.0
1776884464.4101028,3.0,0.0,-60.0
1776884464.4201028,0.0,1.0,-59.0
1776884464.4301028,-2.0,0.0,-65.0
1776884464.4401028,-2.0,0.0,-61.0
1776884464.4501028,0.0,4.0,-60.0
1776884464.4601028,-1.0,3.0,-57.0
1776884464.4701028,-1.0,3.0,-57.0
1776884464.4801028,6.0,2.0,-66.0
1776884464.4901028,3.0,2.0,-61.0
1776884464.5001028,-1.0,0.0,-62.0
1776884464.5101027,-1.0,1.0,-60.0
1776884464.5201027,1.0,0.0,-59.0
1776884464.5301027,0.0,0.0,-51.0
1776884464.5401027,4.0,0.0,-44.0
1776884464.5501027,2.0,0.0,-43.0
1776884464.5611026,-2.0,0.0,-48.0
1776884464.5711029,1.0,1.0,-50.0
1776884464.5811028,3.0,1.0,-45.0
1776884464.5911028,6.0,-1.0,-46.0
1776884464.6011028,5.0,-4.0,-51.0
1776884464.6111028,4.0,-2.0,-53.0
1776884464.6211028,2.0,1.0,-49.0
1776884464.6311028,2.0,1.0,-54.0
1776884464.6411028,0.0,0.0,-53.0
1776884464.6511028,-2.0,3.0,-53.0
1776884464.6611028,-3.0,-2.0,-49.0
1776884464.6711028,-3.0,0.0,-56.0
1776884464.6811028,-2.0,-1.0,-57.0
1776884464.6911027,0.0,-2.0,-56.0
1776884464.7011027,3.0,-2.0,-57.0
1776884464.7111027,0.0,0.0,-56.0
1776884464.7211027,1.0,0.0,-50.0
1776884464.7311027,2.0,1.0,-49.0
1776884464.7411027,1.0,2.0,-52.0
1776884464.7511027,2.0,0.0,-52.0
1776884464.761103,-1.0,-2.0,-54.0
1776884464.771103,0.0,0.0,-55.0
1776884464.781103,0.0,0.0,-50.0
1776884464.7911026,2.0,0.0,-51.0
1776884464.8011026,0.0,0.0,-48.0
1776884464.8111026,0.0,-2.0,-45.0
1776884464.8211029,0.0,1.0,-48.0
1776884464.8311028,7.0,0.0,-53.0
1776884464.8411028,4.0,-1.0,-50.0
1776884464.8511028,0.0,-4.0,-48.0
1776884464.8611028,0.0,-6.0,-45.0
1776884464.8711028,1.0,-3.0,-55.0
1776884464.8811028,3.0,-5.0,-48.0
1776884464.8911028,3.0,-4.0,-51.0
1776884464.9011028,4.0,-1.0,-49.0
1776884464.9111028,4.0,0.0,-49.0
1776884464.9211028,3.0,0.0,-48.0
1776884464.9311028,1.0,-2.0,-37.0
1776884464.9411027,-3.0,-1.0,-34.0
1776884464.9511027,-5.0,4.0,-36.0
1776884464.9611027,1.0,4.0,-38.0
1776884464.9711027,2.0,3.0,-42.0
1776884464.9811027,0.0,1.0,-43.0
1776884464.9911027,-4.0,-1.0,-41.0
1776884465.0011027,-4.0,0.0,-36.0
1776884465.011103,0.0,0.0,-35.0
1776884465.021103,-1.0,0.0,-41.0
1776884465.031103,0.0,-3.0,-41.0
1776884465.0411026,0.0,-2.0,-41.0
1776884465.0511026,0.0,-3.0,-46.0
1776884465.0611026,-1.0,-1.0,-45.0
1776884465.0711029,1.0,-6.0,-46.0
1776884465.0811028,5.0,-5.0,-43.0
1776884465.0911028,6.0,-4.0,-47.0
1776884465.1011028,4.0,-5.0,-43.0
1776884465.1111028,2.0,-7.0,-43.0
1776884465.1211028,2.0,-3.0,-38.0
1776884465.1311028,6.0,0.0,-39.0
1776884465.1411028,6.0,4.0,-40.0
1776884465.1511028,5.0,0.0,-49.0
1776884465.1611028,7.0,1.0,-46.0
1776884465.1711028,4.0,2.0,-40.0
1776884465.1811028,2.0,1.0,-38.0
1776884465.1911027,6.0,-3.0,-38.0
1776884465.2011027,4.0,-2.0,-38.0
1776884465.2111027,2.0,-1.0,-37.0
1776884465.2211027,0.0,-1.0,-35.0
1776884465.2311027,2.0,-1.0,-37.0
1776884465.2411027,2.0,-2.0,-39.0
1776884465.2511027,3.0,-5.0,-47.0
1776884465.261103,2.0,0.0,-46.0
1776884465.271103,1.0,-2.0,-46.0
1776884465.281103,1.0,-2.0,-52.0
1776884465.2911026,2.0,1.0,-43.0
1776884465.3011026,5.0,2.0,-47.0
1776884465.3111026,6.0,2.0,-51.0
1776884465.3211029,11.0,2.0,-48.0
1776884465.3311028,9.0,0.0,-42.0
1776884465.3411028,7.0,-3.0,-37.0
1776884465.3511028,4.0,0.0,-33.0
1776884465.3611028,5.0,-2.0,-30.0
1776884465.3711028,5.0,1.0,-28.0
1776884465.3811028,1.0,3.0,-35.0
1776884465.3911028,0.0,2.0,-43.0
1776884465.4011028,0.0,-1.0,-43.0
1776884465.4111028,0.0,-4.0,-39.0
1776884465.4211028,-2.0,-3.0,-45.0
1776884465.4311028,-6.0,-5.0,-41.0
1776884465.4411027,0.0,-2.0,-30.0
1776884465.4511027,2.0,-4.0,-35.0
1776884465.4611027,0.0,-3.0,-35.0
1776884465.4711027,3.0,-1.0,-34.0
1776884465.4811027,1.0,-2.0,-31.0
1776884465.4911027,2.0,-4.0,-36.0
1776884465.5011027,4.0,-3.0,-37.0
1776884465.511103,0.0,-3.0,-35.0
1776884465.521103,0.0,-2.0,-32.0
1776884465.531103,2.0,-2.0,-36.0
1776884465.5411026,-1.0,-1.0,-39.0
1776884465.5511026,-3.0,0.0,-31.0
1776884465.5611026,0.0,-1.0,-28.0
1776884465.5711029,-1.0,-4.0,-30.0
1776884465.5811028,0.0,-11.0,-37.0
1776884465.5911028,0.0,-7.0,-50.0
1776884465.6011028,-4.0,-2.0,-50.0
1776884465.6111028,-6.0,0.0,-47.0
1776884465.6211028,-5.0,0.0,-56.0
1776884465.6311028,-1.0,1.0,-52.0
1776884465.6411028,0.0,0.0,-52.0
1776884465.6511028,-1.0,-5.0,-50.0
1776884465.6611028,-2.0,-6.0,-50.0
1776884465.6711028,-3.0,-5.0,-50.0
1776884465.6811028,-1.0,-6.0,-41.0
1776884465.6911027,-1.0,-6.0,-36.0
1776884465.7011027,0.0,-5.0,-35.0
1776884465.7111027,5.0,0.0,-39.0
1776884465.7211027,10.0,0.0,-49.0
1776884465.7311027,12.0,-3.0,-53.0
1776884465.7411027,6.0,-1.0,-52.0
1776884465.7511027,3.0,-3.0,-50.0
1776884465.761103,0.0,-4.0,-52.0
1776884465.771103,0.0,1.0,-53.0
1776884465.781103,-7.0,2.0,-59.0
1776884465.7911026,-10.0,4.0,-58.0
1776884465.8011026,-8.0,4.0,-50.0
1776884465.8111026,0.0,4.0,-47.0
1776884465.8211029,1.0,2.0,-51.0
1776884465.8311028,3.0,1.0,-54.0
1776884465.8411028,4.0,-1.0,-54.0
1776884465.8511028,2.0,-1.0,-52.0
1776884465.8611028,6.0,1.0,-55.0
1776884465.8711028,5.0,5.0,-54.0
1776884465.8811028,5.0,1.0,-49.0
1776884465.8911028,7.0,0.0,-43.0
1776884465.9011028,6.0,0.0,-43.0
1776884465.9111028,8.0,0.0,-39.0
1776884465.9211028,7.0,-3.0,-46.0
1776884465.9311028,3.0,0.0,-43.0
1776884465.9411027,-4.0,-4.0,-42.0
1776884465.9511027,-7.0,-2.0,-42.0
1776884465.9611027,-2.0,-1.0,-46.0
1776884465.9711027,-1.0,0.0,-44.0
1776884465.9811027,-5.0,0.0,-41.0
1776884465.9911027,-7.0,0.0,-43.0
1776884466.0011027,-6.0,1.0,-45.0
1776884466.011103,-1.0,1.0,-42.0
1776884466.021103,0.0,0.0,-46.0
1776884466.031103,-1.0,3.0,-47.0
1776884466.0411026,0.0,3.0,-48.0
1776884466.0511026,1.0,1.0,-44.0
1776884466.0611026,4.0,1.0,-52.0
1776884466.0711029,4.0,1.0,-54.0
1776884466.0811028,4.0,-5.0,-53.0
1776884466.0911028,3.0,-7.0,-53.0
1776884466.1011028,2.0,-8.0,-52.0
1776884466.1111028,-5.0,-9.0,-53.0
1776884466.1211028,-5.0,-9.0,-48.0
1776884466.1311028,-9.0,-6.0,-44.0
1776884466.1411028,-6.0,-4.0,-48.0
1776884466.1511028,-1.0,-5.0,-45.0
1776884466.1611028,2.0,-5.0,-43.0
1776884466.1711028,0.0,-5.0,-47.0
1776884466.1811028,-4.0,-2.0,-46.0
1776884466.1911027,-3.0,0.0,-42.0
1776884466.2011027,-6.0,-3.0,-44.0
1776884466.2111027,-8.0,-5.0,-45.0
1776884466.2211027,-8.0,-2.0,-43.0
1776884466.2311027,-2.0,0.0,-40.0
1776884466.2411027,-3.0,-2.0,-35.0
1776884466.2511027,-4.0,0.0,-32.0
1776884466.261103,-3.0,5.0,-35.0
1776884466.271103,-3.0,3.0,-35.0
1776884466.281103,-4.0,0.0,-42.0
1776884466.2911026,-2.0,-1.0,-45.0
1776884466.3011026,-2.0,2.0,-52.0
1776884466.3111026,0.0,6.0,-50.0
1776884466.3211029,-3.0,7.0,-53.0
1776884466.3311028,-4.0,9.0,-55.0
1776884466.3411028,-7.0,10.0,-49.0
1776884466.3511028,-5.0,7.0,-43.0
1776884466.3611028,-5.0,5.0,-41.0
1776884466.3711028,-6.0,4.0,-45.0
1776884466.3811028,-3.0,2.0,-41.0
1776884466.3911028,-6.0,0.0,-45.0
1776884466.4011028,-6.0,0.0,-41.0
1776884466.4111028,-5.0,1.0,-35.0
1776884466.4211028,-6.0,0.0,-36.0
1776884466.4311028,-5.0,-1.0,-37.0
1776884466.4411027,-3.0,1.0,-46.0
1776884466.4511027,0.0,0.0,-46.0
1776884466.4611027,0.0,-2.0,-50.0
1776884466.4711027,2.0,-6.0,-48.0
1776884466.4811027,3.0,-6.0,-49.0
1776884466.4911027,3.0,-6.0,-50.0
1776884466.5011027,4.0,-7.0,-50.0
1776884466.511103,8.0,-5.0,-41.0
1776884466.521103,10.0,-2.0,-35.0
1776884466.531103,12.0,-2.0,-40.0
1776884466.5421028,7.0,1.0,-42.0
1776884466.5521028,11.0,3.0,-44.0
1776884466.5621028,11.0,4.0,-41.0
1776884466.5721028,10.0,5.0,-40.0
1776884466.5821028,7.0,7.0,-44.0
1776884466.5921028,6.0,4.0,-43.0
1776884466.6021028,6.0,7.0,-45.0
1776884466.6121027,7.0,8.0,-45.0
1776884466.6221027,9.0,0.0,-44.0
1776884466.6321027,10.0,-3.0,-47.0
1776884466.6421027,12.0,1.0,-46.0
1776884466.6521027,10.0,0.0,-43.0
1776884466.6621027,5.0,3.0,-42.0
1776884466.6721027,5.0,0.0,-44.0
1776884466.682103,3.0,1.0,-42.0
1776884466.692103,6.0,-1.0,-45.0
1776884466.702103,2.0,-4.0,-44.0
1776884466.712103,3.0,-2.0,-43.0
1776884466.7221026,-1.0,-4.0,-46.0
1776884466.7321026,-6.0,-3.0,-46.0
1776884466.7421026,-2.0,-3.0,-45.0
1776884466.7521029,0.0,0.0,-46.0
1776884466.7621028,5.0,-1.0,-40.0
1776884466.7721028,7.0,-4.0,-39.0
1776884466.7821028,3.0,-5.0,-35.0
1776884466.7921028,6.0,-4.0,-32.0
1776884466.8021028,7.0,-3.0,-33.0
1776884466.8121028,6.0,-4.0,-31.0
1776884466.8221028,8.0,-5.0,-34.0
1776884466.8321028,4.0,-5.0,-43.0
1776884466.8421028,6.0,-1.0,-44.0
1776884466.8521028,7.0,-2.0,-50.0
1776884466.8621027,3.0,0.0,-47.0
1776884466.8721027,-1.0,1.0,-47.0
1776884466.8821027,-3.0,0.0,-47.0
1776884466.8921027,-4.0,0.0,-46.0
1776884466.9021027,-2.0,1.0,-46.0
1776884466.9121027,-1.0,1.0,-45.0
1776884466.9221027,0.0,0.0,-45.0
1776884466.932103,0.0,-1.0,-47.0
1776884466.942103,4.0,-3.0,-50.0
1776884466.952103,2.0,0.0,-48.0
1776884466.962103,-3.0,-1.0,-44.0
1776884466.9721026,-5.0,-3.0,-41.0
1776884466.9821026,-2.0,0.0,-37.0
1776884466.9921026,0.0,0.0,-36.0
1776884467.0021029,1.0,-1.0,-38.0
1776884467.0121028,0.0,-3.0,-35.0
1776884467.0221028,2.0,-1.0,-29.0
1776884467.0321028,2.0,-4.0,-37.0
1776884467.0421028,3.0,-5.0,-38.0
1776884467.0521028,4.0,-5.0,-39.0
1776884467.0621028,6.0,-2.0,-45.0
1776884467.0721028,6.0,-1.0,-51.0
1776884467.0821028,6.0,0.0,-51.0
1776884467.0921028,6.0,0.0,-49.0
1776884467.1021028,6.0,1.0,-52.0
1776884467.1121027,2.0,0.0,-54.0
1776884467.1221027,0.0,3.0,-49.0
1776884467.1321027,4.0,1.0,-47.0
1776884467.1421027,8.0,-2.0,-52.0
1776884467.1521027,11.0,-1.0,-53.0
1776884467.1621027,7.0,-3.0,-54.0
1776884467.1721027,5.0,-3.0,-56.0
1776884467.182103,4.0,-3.0,-57.0
1776884467.192103,2.0,0.0,-61.0
1776884467.202103,3.0,-1.0,-51.0
1776884467.212103,3.0,-1.0,-53.0
1776884467.2221026,2.0,-2.0,-55.0
1776884467.2321026,0.0,2.0,-53.0
1776884467.2421026,-3.0,3.0,-52.0
1776884467.2521029,-7.0,2.0,-50.0
1776884467.2621028,-3.0,2.0,-51.0
1776884467.2721028,-3.0,3.0,-51.0
1776884467.2821028,-10.0,3.0,-54.0
1776884467.2921028,-11.0,4.0,-56.0
1776884467.3021028,-10.0,1.0,-59.0
1776884467.3121028,-6.0,0.0,-61.0
1776884467.3221028,-5.0,-2.0,-60.0
1776884467.3321028,-1.0,-4.0,-62.0
1776884467.3421028,1.0,-4.0,-53.0
1776884467.3521028,3.0,-5.0,-53.0
1776884467.3621027,3.0,-6.0,-45.0
1776884467.3721027,5.0,-4.0,-41.0
1776884467.3821027,5.0,-2.0,-33.0
1776884467.3921027,8.0,-4.0,-29.0
1776884467.4021027,13.0,-2.0,-35.0
1776884467.4121027,13.0,-1.0,-39.0
1776884467.4221027,8.0,-1.0,-47.0
1776884467.432103,8.0,-2.0,-49.0
1776884467.442103,10.0,0.0,-44.0
1776884467.452103,7.0,0.0,-42.0
1776884467.462103,0.0,0.0,-44.0
1776884467.4721026,0.0,1.0,-52.0
1776884467.4821026,-1.0,0.0,-50.0
1776884467.4921026,0.0,-2.0,-55.0
1776884467.5021029,0.0,-1.0,-52.0
1776884467.5121028,3.0,2.0,-51.0
1776884467.5221028,5.0,2.0,-53.0
1776884467.5321028,0.0,0.0,-57.0
1776884467.5421028,-2.0,-5.0,-56.0
1776884467.5521028,-4.0,-4.0,-53.0
1776884467.5621028,-4.0,-3.0,-51.0
1776884467.5721028,-8.0,-1.0,-51.0
1776884467.5821028,-7.0,1.0,-52.0
1776884467.5921028,-5.0,2.0,-53.0
1776884467.6021028,-2.0,2.0,-47.0
1776884467.6121027,-5.0,0.0,-46.0
1776884467.6221027,-3.0,4.0,-47.0
1776884467.6321027,-5.0,5.0,-42.0
1776884467.6421027,-3.0,4.0,-41.0
1776884467.6521027,2.0,2.0,-45.0
1776884467.6621027,1.0,5.0,-47.0
1776884467.6721027,2.0,3.0,-51.0
1776884467.682103,-2.0,1.0,-52.0
1776884467.692103,-3.0,4.0,-49.0
1776884467.702103,-1.0,3.0,-45.0
1776884467.712103,-5.0,-1.0,-47.0
1776884467.7221026,-7.0,0.0,-53.0
1776884467.7321026,-1.0,0.0,-51.0
1776884467.7421026,0.0,1.0,-49.0
1776884467.7521029,3.0,3.0,-47.0
1776884467.7631028,9.0,0.0,-44.0
1776884467.7721028,12.0,0.0,-41.0
1776884467.7821028,10.0,-4.0,-42.0
1776884467.7921028,7.0,-4.0,-47.0
1776884467.8021028,0.0,1.0,-51.0
1776884467.8121028,5.0,3.0,-54.0
1776884467.8221028,7.0,2.0,-57.0
1776884467.8321028,1.0,2.0,-56.0
1776884467.8421028,1.0,1.0,-58.0
1776884467.8521028,1.0,1.0,-53.0
1776884467.8621027,0.0,0.0,-50.0
1776884467.8721027,-1.0,-1.0,-51.0
1776884467.8821027,2.0,-3.0,-55.0
1776884467.8921027,1.0,-4.0,-50.0
1776884467.9021027,1.0,1.0,-51.0
1776884467.9121027,-4.0,0.0,-48.0
1776884467.9221027,-3.0,-1.0,-48.0
1776884467.932103,-1.0,-3.0,-49.0
1776884467.942103,-2.0,-4.0,-57.0
1776884467.952103,-5.0,-7.0,-51.0
1776884467.962103,-4.0,-2.0,-53.0
1776884467.9721026,-3.0,-1.0,-55.0
1776884467.9821026,0.0,0.0,-51.0
1776884467.9921026,0.0,2.0,-51.0
1776884468.0021029,-1.0,1.0,-50.0
1776884468.0121028,-1.0,0.0,-49.0
1776884468.0221028,0.0,2.0,-45.0
1776884468.0321028,1.0,0.0,-43.0
1776884468.0421028,2.0,-3.0,-51.0
1776884468.0521028,5.0,-4.0,-55.0
1776884468.0621028,1.0,-6.0,-53.0
1776884468.0721028,-2.0,0.0,-55.0
1776884468.0821028,-3.0,0.0,-49.0
1776884468.0921028,-4.0,-1.0,-53.0
1776884468.1021028,-4.0,0.0,-52.0
1776884468.1121027,-5.0,2.0,-49.0
1776884468.1221027,-3.0,1.0,-51.0
1776884468.1321027,-6.0,0.0,-50.0
1776884468.1421027,-9.0,3.0,-41.0
1776884468.1521027,-2.0,7.0,-41.0
1776884468.1621027,-1.0,2.0,-45.0
1776884468.1721027,-1.0,0.0,-48.0
1776884468.182103,0.0,0.0,-44.0
1776884468.192103,-1.0,3.0,-50.0
1776884468.202103,0.0,0.0,-49.0
1776884468.212103,3.0,-5.0,-44.0
1776884468.2221026,11.0,-5.0,-44.0
1776884468.2321026,7.0,-5.0,-48.0
1776884468.2421026,8.0,-5.0,-51.0
1776884468.2521029,7.0,-5.0,-57.0
1776884468.2621028,8.0,-9.0,-55.0
1776884468.2721028,5.0,-13.0,-51.0
1776884468.2821028,5.0,-10.0,-44.0
1776884468.2921028,2.0,-10.0,-38.0
1776884468.3021028,1.0,-9.0,-44.0
1776884468.3121028,3.0,-4.0,-46.0
1776884468.3221028,4.0,-4.0,-49.0
1776884468.3321028,7.0,-4.0,-46.0
1776884468.3421028,6.0,-4.0,-45.0
1776884468.3521028,5.0,-3.0,-44.0
1776884468.3621027,-1.0,-2.0,-46.0
1776884468.3721027,-2.0,-9.0,-45.0
1776884468.3821027,-3.0,-9.0,-38.0
1776884468.3921027,-1.0,-8.0,-43.0
1776884468.4021027,3.0,-4.0,-50.0
1776884468.4121027,5.0,-3.0,-50.0
1776884468.4221027,2.0,-2.0,-51.0
1776884468.432103,-1.0,-1.0,-49.0
1776884468.442103,3.0,3.0,-48.0
1776884468.452103,-1.0,3.0,-45.0
1776884468.462103,-3.0,4.0,-49.0
1776884468.4731028,-4.0,-1.0,-55.0
1776884468.4821026,-2.0,-5.0,-51.0
1776884468.4931028,-3.0,-5.0,-54.0
1776884468.5031028,0.0,-3.0,-51.0
1776884468.5131028,-1.0,-6.0,-50.0
1776884468.5231028,0.0,-5.0,-48.0
1776884468.5331028,-3.0,-2.0,-45.0
1776884468.5431027,-1.0,-4.0,-44.0
1776884468.5531027,0.0,-6.0,-48.0
1776884468.5631027,2.0,-5.0,-47.0
1776884468.5731027,1.0,-4.0,-40.0
1776884468.5831027,2.0,-8.0,-41.0
1776884468.5931027,3.0,-7.0,-46.0
1776884468.6031027,2.0,-5.0,-50.0
1776884468.613103,4.0,-5.0,-47.0
1776884468.623103,0.0,-6.0,-48.0
1776884468.633103,-1.0,-4.0,-54.0
1776884468.6431026,-2.0,-9.0,-52.0
1776884468.6531026,-3.0,-6.0,-49.0
1776884468.6631026,-5.0,-4.0,-48.0
1776884468.6731029,-1.0,-6.0,-41.0
1776884468.6831028,-1.0,-8.0,-45.0
1776884468.6931028,-2.0,-3.0,-47.0
1776884468.7031028,1.0,-1.0,-46.0
1776884468.7131028,6.0,-4.0,-47.0
1776884468.7231028,10.0,-2.0,-45.0
1776884468.7331028,12.0,-5.0,-43.0
1776884468.7431028,9.0,0.0,-31.0
1776884468.7531028,7.0,0.0,-38.0
1776884468.7631028,2.0,0.0,-38.0
1776884468.7731028,0.0,-4.0,-35.0
1776884468.7831028,-3.0,0.0,-44.0
1776884468.7931027,-5.0,0.0,-54.0
1776884468.8031027,-4.0,1.0,-50.0
1776884468.8131027,-5.0,0.0,-45.0
1776884468.8231027,-4.0,3.0,-39.0
1776884468.8331027,-7.0,0.0,-40.0
1776884468.8431027,-3.0,-4.0,-44.0
1776884468.8531027,-3.0,-4.0,-53.0
1776884468.863103,-5.0,-3.0,-56.0
1776884468.873103,-1.0,-5.0,-53.0
1776884468.883103,0.0,-4.0,-54.0
1776884468.8931026,3.0,-5.0,-56.0
1776884468.9031026,0.0,-4.0,-53.0
1776884468.9131026,-3.0,-4.0,-57.0
1776884468.9231029,-6.0,-2.0,-60.0
1776884468.9331028,-6.0,-5.0,-59.0
1776884468.9431028,-4.0,-5.0,-65.0
1776884468.9531028,-7.0,-3.0,-61.0
1776884468.9631028,-5.0,-4.0,-59.0
1776884468.9731028,-5.0,-2.0,-55.0
1776884468.9831028,-3.0,-4.0,-56.0
1776884468.9931028,-4.0,-1.0,-55.0
1776884469.0031028,-7.0,0.0,-52.0
1776884469.0131028,-6.0,-4.0,-54.0
1776884469.0231028,-7.0,-5.0,-49.0
1776884469.0331028,-6.0,-2.0,-46.0
1776884469.0431027,-3.0,0.0,-47.0
1776884469.0531027,-4.0,0.0,-46.0
1776884469.0631027,-5.0,0.0,-54.0
1776884469.0731027,-3.0,1.0,-54.0
1776884469.0831027,0.0,1.0,-50.0
1776884469.0931027,0.0,-1.0,-38.0
1776884469.1031027,-1.0,-4.0,-38.0
1776884469.113103,1.0,-3.0,-39.0
1776884469.123103,3.0,1.0,-38.0
1776884469.133103,-1.0,0.0,-37.0
1776884469.1431026,-2.0,3.0,-36.0
1776884469.1531026,-6.0,1.0,-41.0
1776884469.1631026,-4.0,1.0,-44.0
1776884469.1731029,-6.0,1.0,-53.0
1776884469.1831028,-9.0,-3.0,-64.0
1776884469.1931028,-9.0,-6.0,-65.0
1776884469.2031028,-5.0,-2.0,-58.0
1776884469.2131028,-7.0,1.0,-52.0
1776884469.2231028,-6.0,0.0,-58.0
1776884469.2331028,-12.0,0.0,-57.0
1776884469.2431028,-10.0,-1.0,-51.0
1776884469.2531028,-10.0,0.0,-48.0
1776884469.2631028,-12.0,0.0,-55.0
1776884469.2731028,-10.0,0.0,-52.0
1776884469.2831028,-4.0,0.0,-50.0
1776884469.2931027,-1.0,-2.0,-44.0
1776884469.3031027,-2.0,-3.0,-39.0
1776884469.3131027,-1.0,-4.0,-41.0
1776884469.3231027,-1.0,-2.0,-42.0
1776884469.3331027,2.0,0.0,-43.0
1776884469.3431027,-1.0,0.0,-39.0
1776884469.3531027,-2.0,-1.0,-41.0
1776884469.363103,0.0,-1.0,-42.0
1776884469.373103,-1.0,-1.0,-40.0
1776884469.383103,0.0,-3.0,-39.0
1776884469.3931026,4.0,-1.0,-44.0
1776884469.4031026,1.0,-1.0,-47.0
1776884469.4131026,-4.0,-1.0,-44.0
1776884469.4231029,-9.0,-4.0,-46.0
1776884469.4331028,-12.0,-3.0,-55.0
1776884469.4431028,-8.0,0.0,-55.0
1776884469.4531028,-3.0,-4.0,-54.0
1776884469.4631028,-2.0,-4.0,-46.0
1776884469.4731028,-2.0,-2.0,-46.0
1776884469.4831028,-1.0,1.0,-44.0
1776884469.4931028,3.0,1.0,-46.0
1776884469.5031028,-1.0,1.0,-49.0
1776884469.5131028,4.0,-2.0,-49.0
1776884469.5231028,2.0,3.0,-51.0
1776884469.5331028,4.0,3.0,-49.0
1776884469.5431027,6.0,3.0,-44.0
1776884469.5531027,7.0,3.0,-44.0
1776884469.5631027,11.0,3.0,-47.0
1776884469.5731027,7.0,3.0,-49.0
1776884469.5831027,6.0,3.0,-49.0
1776884469.5931027,6.0,3.0,-50.0
1776884469.6031027,6.0,2.0,-50.0
1776884469.613103,8.0,5.0,-40.0
1776884469.623103,6.0,8.0,-48.0
1776884469.633103,5.0,6.0,-50.0
1776884469.6431026,5.0,3.0,-53.0
1776884469.6531026,5.0,1.0,-51.0
1776884469.6631026,5.0,-2.0,-49.0
1776884469.6731029,6.0,0.0,-49.0
1776884469.6831028,5.0,-2.0,-44.0
1776884469.6931028,-2.0,-3.0,-44.0
1776884469.7031028,-2.0,-5.0,-47.0
1776884469.7131028,-1.0,-5.0,-46.0
1776884469.7231028,-2.0,-5.0,-41.0
1776884469.7331028,1.0,-6.0,-42.0
1776884469.7431028,0.0,-4.0,-43.0
1776884469.7531028,0.0,-3.0,-45.0
1776884469.7631028,3.0,-3.0,-46.0
1776884469.7731028,4.0,-4.0,-53.0
1776884469.7831028,3.0,-6.0,-51.0
1776884469.7931027,1.0,-3.0,-46.0
1776884469.8031027,3.0,-3.0,-49.0
1776884469.8131027,2.0,-8.0,-54.0
1776884469.8231027,4.0,-7.0,-54.0
1776884469.8331027,0.0,-5.0,-51.0
1776884469.8431027,-2.0,-5.0,-56.0
1776884469.8531027,-1.0,-5.0,-56.0
1776884469.863103,0.0,-5.0,-51.0
1776884469.873103,4.0,-5.0,-49.0
1776884469.883103,5.0,-1.0,-50.0
1776884469.8931026,2.0,0.0,-45.0
1776884469.9031026,-1.0,-1.0,-43.0
1776884469.9131026,2.0,-4.0,-43.0
1776884469.9231029,4.0,-3.0,-46.0
1776884469.9331028,0.0,-1.0,-44.0
1776884469.9431028,1.0,1.0,-41.0
1776884469.9531028,0.0,2.0,-35.0
1776884469.9631028,0.0,0.0,-37.0
1776884469.9731028,1.0,-5.0,-42.0
1776884469.9831028,2.0,-6.0,-45.0
1776884469.9931028,1.0,-5.0,-48.0
1776884470.0031028,-2.0,-2.0,-45.0
1776884470.0131028,-6.0,-1.0,-41.0
1776884470.0231028,-9.0,0.0,-36.0
1776884470.0331028,-9.0,-1.0,-49.0
1776884470.0431027,-3.0,-4.0,-50.0
1776884470.0531027,-5.0,-3.0,-49.0
1776884470.0631027,-10.0,-8.0,-55.0
1776884470.0731027,-8.0,-5.0,-52.0
1776884470.0831027,-7.0,-3.0,-51.0
1776884470.0931027,-3.0,-1.0,-42.0
1776884470.1031027,-5.0,-5.0,-40.0
1776884470.113103,-6.0,-5.0,-42.0
1776884470.123103,-1.0,-7.0,-47.0
1776884470.133103,0.0,-6.0,-39.0
1776884470.1431026,0.0,-1.0,-42.0
1776884470.1531026,1.0,-3.0,-46.0
1776884470.1631026,-1.0,-4.0,-49.0
1776884470.1731029,0.0,-7.0,-57.0
1776884470.1831028,5.0,-13.0,-53.0
1776884470.1931028,4.0,-11.0,-49.0
1776884470.2031028,5.0,-4.0,-45.0
1776884470.2131028,1.0,-5.0,-46.0
1776884470.2231028,1.0,-4.0,-48.0
1776884470.2331028,2.0,-3.0,-39.0
1776884470.2431028,1.0,-2.0,-31.0
1776884470.2531028,0.0,2.0,-31.0
1776884470.2631028,1.0,3.0,-34.0
1776884470.2731028,3.0,0.0,-35.0
1776884470.2831028,3.0,0.0,-34.0
1776884470.2931027,4.0,-2.0,-36.0
1776884470.3031027,2.0,3.0,-39.0
1776884470.3131027,9.0,0.0,-42.0
1776884470.3231027,7.0,6.0,-48.0
1776884470.3331027,4.0,4.0,-50.0
1776884470.3431027,0.0,0.0,-47.0
1776884470.3531027,0.0,0.0,-45.0
1776884470.363103,-1.0,5.0,-50.0
1776884470.373103,-5.0,6.0,-54.0
1776884470.383103,-3.0,3.0,-53.0
1776884470.3931026,-7.0,2.0,-50.0
1776884470.4031026,-9.0,4.0,-49.0
1776884470.4131026,-12.0,0.0,-48.0
1776884470.4241028,-12.0,-1.0,-49.0
1776884470.4331028,-8.0,-1.0,-51.0
1776884470.4431028,-5.0,0.0,-49.0
1776884470.4541028,-1.0,-1.0,-48.0
1776884470.4641027,-5.0,-4.0,-52.0
1776884470.4741027,-1.0,-5.0,-45.0
1776884470.4841027,-3.0,-5.0,-41.0
1776884470.4941027,-1.0,-3.0,-41.0
1776884470.5041027,-3.0,-6.0,-36.0
1776884470.5141027,0.0,-5.0,-39.0
1776884470.5241027,2.0,-4.0,-41.0
1776884470.534103,1.0,-3.0,-36.0
1776884470.544103,2.0,-1.0,-37.0
1776884470.554103,3.0,0.0,-35.0
1776884470.5641026,2.0,-1.0,-36.0
1776884470.5741026,-1.0,-3.0,-36.0
1776884470.5841026,0.0,-4.0,-45.0
1776884470.5941026,1.0,-3.0,-58.0
1776884470.6041028,2.0,-5.0,-58.0
1776884470.6141028,-2.0,-2.0,-63.0
1776884470.6241028,-2.0,-3.0,-63.0
1776884470.6341028,0.0,-4.0,-59.0
1776884470.6441028,0.0,0.0,-50.0
1776884470.6541028,0.0,0.0,-47.0
1776884470.6641028,-2.0,0.0,-49.0
1776884470.6741028,-7.0,0.0,-54.0
1776884470.6841028,0.0,-2.0,-47.0
1776884470.6941028,1.0,-1.0,-51.0
1776884470.7041028,0.0,2.0,-55.0
1776884470.7141027,6.0,-3.0,-56.0
1776884470.7241027,7.0,-5.0,-54.0
1776884470.7341027,9.0,0.0,-50.0
1776884470.7441027,6.0,4.0,-52.0
1776884470.7541027,8.0,5.0,-52.0
1776884470.7641027,7.0,3.0,-53.0
1776884470.7741027,5.0,2.0,-55.0
1776884470.784103,2.0,1.0,-57.0
1776884470.794103,1.0,-1.0,-57.0
1776884470.804103,1.0,-1.0,-54.0
1776884470.8141026,-2.0,-1.0,-42.0
1776884470.8241026,-3.0,0.0,-45.0
1776884470.8341026,-2.0,3.0,-52.0
1776884470.8441026,-2.0,0.0,-50.0
1776884470.8541028,-3.0,0.0,-50.0
1776884470.8641028,-3.0,-2.0,-50.0
1776884470.8741028,-4.0,-6.0,-52.0
1776884470.8841028,0.0,-4.0,-53.0
1776884470.8941028,0.0,1.0,-49.0
1776884470.9041028,-1.0,0.0,-47.0
1776884470.9141028,-1.0,0.0,-52.0
1776884470.9241028,0.0,-5.0,-56.0
1776884470.9341028,0.0,-1.0,-55.0
1776884470.9441028,-2.0,-3.0,-57.0
1776884470.9541028,-1.0,-4.0,-55.0
1776884470.9641027,-6.0,-7.0,-54.0
1776884470.9741027,-7.0,-8.0,-59.0
1776884470.9841027,-4.0,-7.0,-56.0
1776884470.9941027,-4.0,-4.0,-59.0
1776884471.0041027,-3.0,-1.0,-61.0
1776884471.0141027,-1.0,-3.0,-60.0
1776884471.0241027,5.0,-5.0,-58.0
1776884471.034103,6.0,-1.0,-59.0
1776884471.044103,4.0,1.0,-65.0
1776884471.054103,8.0,2.0,-59.0
1776884471.0641026,9.0,-2.0,-53.0
1776884471.0741026,4.0,-3.0,-53.0
1776884471.0841026,2.0,-2.0,-57.0
1776884471.0941026,1.0,1.0,-59.0
1776884471.1041028,-2.0,2.0,-56.0
1776884471.1141028,2.0,1.0,-51.0
1776884471.1241028,4.0,6.0,-48.0
1776884471.1341028,0.0,5.0,-49.0
1776884471.1441028,-1.0,7.0,-51.0
1776884471.1541028,2.0,6.0,-52.0
1776884471.1641028,3.0,5.0,-46.0
1776884471.1741028,0.0,2.0,-48.0
1776884471.1841028,-1.0,3.0,-52.0
1776884471.1941028,-3.0,3.0,-46.0
1776884471.2041028,-2.0,-1.0,-46.0
1776884471.2141027,-1.0,-3.0,-41.0
1776884471.2241027,4.0,-7.0,-39.0
1776884471.2341027,5.0,-11.0,-41.0
1776884471.2441027,5.0,-14.0,-42.0
1776884471.2541027,5.0,-7.0,-38.0
1776884471.2641027,5.0,-4.0,-37.0
1776884471.2741027,2.0,-2.0,-48.0
1776884471.284103,7.0,0.0,-49.0
1776884471.294103,7.0,0.0,-51.0
1776884471.304103,5.0,2.0,-54.0
1776884471.3141026,7.0,3.0,-53.0
1776884471.3241026,0.0,4.0,-46.0
1776884471.3341026,0.0,5.0,-45.0
1776884471.3441026,0.0,3.0,-47.0
1776884471.3541028,-5.0,1.0,-44.0
1776884471.3641028,-3.0,-1.0,-41.0
1776884471.3741028,0.0,0.0,-42.0
1776884471.3841028,0.0,-2.0,-48.0
1776884471.3941028,0.0,2.0,-52.0
1776884471.4041028,0.0,2.0,-45.0
1776884471.4141028,4.0,3.0,-43.0
1776884471.4241028,2.0,3.0,-44.0
1776884471.4341028,3.0,1.0,-47.0
1776884471.4441028,2.0,2.0,-49.0
1776884471.4541028,0.0,0.0,-42.0
1776884471.4641027,0.0,2.0,-40.0
1776884471.4741027,0.0,0.0,-45.0
1776884471.4841027,0.0,0.0,-44.0
1776884471.4941027,0.0,-2.0,-41.0
1776884471.5041027,-2.0,-3.0,-42.0
1776884471.5141027,-3.0,-4.0,-43.0
1776884471.5241027,-3.0,-4.0,-44.0
1776884471.534103,-6.0,-1.0,-44.0
1776884471.544103,-10.0,0.0,-41.0
1776884471.554103,-10.0,-4.0,-40.0
1776884471.5641026,-5.0,-4.0,-47.0
1776884471.5741026,-2.0,-4.0,-51.0
1776884471.5841026,0.0,0.0,-52.0
1776884471.5941026,0.0,0.0,-50.0
1776884471.6041028,1.0,-1.0,-53.0
1776884471.6141028,-1.0,-3.0,-55.0
1776884471.6241028,2.0,0.0,-50.0
1776884471.6341028,0.0,1.0,-55.0
1776884471.6441028,-1.0,5.0,-50.0
1776884471.6541028,0.0,2.0,-50.0
1776884471.6641028,0.0,-1.0,-52.0
1776884471.6741028,3.0,-2.0,-43.0
1776884471.6841028,6.0,-5.0,-47.0
1776884471.6941028,5.0,-4.0,-52.0
1776884471.7041028,0.0,-1.0,-51.0
1776884471.7141027,0.0,-1.0,-51.0
1776884471.7241027,-1.0,-2.0,-51.0
1776884471.7341027,-1.0,-2.0,-50.0
1776884471.7441027,-5.0,-6.0,-51.0
1776884471.7541027,0.0,-3.0,-51.0
1776884471.7641027,-4.0,-2.0,-53.0
1776884471.7741027,-7.0,-1.0,-54.0
1776884471.784103,-6.0,1.0,-50.0
1776884471.794103,-3.0,4.0,-47.0
1776884471.804103,-1.0,2.0,-41.0
1776884471.8141026,2.0,-2.0,-39.0
1776884471.8241026,3.0,-5.0,-43.0
1776884471.8341026,3.0,-3.0,-49.0
1776884471.8441026,0.0,0.0,-47.0
1776884471.8541028,0.0,0.0,-46.0
1776884471.8641028,-2.0,-5.0,-46.0
1776884471.8741028,1.0,-3.0,-51.0
1776884471.8841028,5.0,-6.0,-48.0
1776884471.8941028,4.0,-7.0,-49.0
1776884471.9041028,3.0,-6.0,-46.0
1776884471.9141028,4.0,-5.0,-46.0
1776884471.9241028,6.0,-7.0,-46.0
1776884471.9341028,10.0,-6.0,-56.0
1776884471.9441028,8.0,-8.0,-51.0
1776884471.9541028,3.0,-6.0,-44.0
1776884471.9641027,4.0,-4.0,-35.0
1776884471.9741027,2.0,-4.0,-35.0
1776884471.9841027,8.0,-5.0,-31.0
1776884471.9941027,8.0,-4.0,-38.0
1776884472.0041027,10.0,-6.0,-44.0
1776884472.0141027,4.0,-3.0,-44.0
1776884472.0241027,1.0,0.0,-48.0
1776884472.034103,-1.0,-1.0,-46.0
1776884472.044103,-5.0,-2.0,-49.0
1776884472.054103,-1.0,0.0,-51.0
1776884472.0641026,-2.0,2.0,-47.0
1776884472.0741026,0.0,2.0,-42.0
1776884472.0841026,0.0,0.0,-41.0
1776884472.0941026,1.0,0.0,-48.0
1776884472.1041028,1.0,2.0,-51.0
1776884472.1141028,5.0,5.0,-47.0
1776884472.1241028,9.0,4.0,-47.0
1776884472.1341028,9.0,7.0,-46.0
1776884472.1441028,6.0,4.0,-45.0
1776884472.1541028,7.0,0.0,-43.0
1776884472.1641028,8.0,-3.0,-43.0
1776884472.1741028,8.0,-1.0,-49.0
1776884472.1841028,7.0,-2.0,-42.0
1776884472.1941028,5.0,-5.0,-45.0
1776884472.2041028,2.0,-5.0,-50.0
1776884472.2141027,3.0,-1.0,-55.0
1776884472.2241027,7.0,-2.0,-58.0
1776884472.2341027,3.0,-3.0,-60.0
1776884472.2441027,1.0,-3.0,-67.0
1776884472.2541027,2.0,-1.0,-58.0
1776884472.2641027,10.0,-2.0,-57.0
1776884472.2741027,7.0,-2.0,-53.0
1776884472.284103,4.0,-5.0,-57.0
1776884472.294103,5.0,-9.0,-53.0
1776884472.304103,5.0,-6.0,-53.0
1776884472.3141026,4.0,-6.0,-53.0
1776884472.3241026,3.0,-5.0,-51.0
1776884472.3341026,4.0,-5.0,-52.0
1776884472.3441026,1.0,-6.0,-52.0
1776884472.3541028,1.0,-6.0,-48.0
1776884472.3641028,1.0,-4.0,-48.0
1776884472.3741028,0.0,-4.0,-43.0
1776884472.3841028,0.0,-3.0,-48.0
1776884472.3941028,4.0,-5.0,-44.0
1776884472.4041028,3.0,-5.0,-43.0
1776884472.4141028,0.0,-4.0,-52.0
1776884472.4241028,-5.0,-8.0,-49.0
1776884472.4341028,-4.0,-7.0,-50.0
1776884472.4451027,-5.0,-10.0,-52.0
1776884472.4551027,-9.0,-4.0,-51.0
1776884472.465103,-6.0,-4.0,-50.0
1776884472.475103,-4.0,-8.0,-52.0
1776884472.485103,-4.0,-6.0,-49.0
1776884472.4951026,0.0,-5.0,-50.0
1776884472.5051026,0.0,-5.0,-42.0
1776884472.5151026,5.0,-9.0,-40.0
1776884472.5251029,6.0,-8.0,-36.0
1776884472.5351028,4.0,-8.0,-41.0
1776884472.5451028,3.0,-10.0,-43.0
1776884472.5551028,5.0,-6.0,-45.0
1776884472.5651028,8.0,-3.0,-39.0
1776884472.5761027,6.0,-3.0,-38.0
1776884472.5851028,1.0,-3.0,-34.0
1776884472.5951028,0.0,-1.0,-40.0
1776884472.6051028,-1.0,0.0,-54.0
1776884472.6151028,-5.0,0.0,-54.0
1776884472.6251028,-8.0,0.0,-48.0
1776884472.6351027,-8.0,0.0,-47.0
1776884472.6451027,-3.0,0.0,-56.0
1776884472.6551027,-2.0,0.0,-57.0
1776884472.6651027,-4.0,-1.0,-56.0
1776884472.6751027,-3.0,0.0,-53.0
1776884472.6851027,-3.0,0.0,-54.0
1776884472.6951027,-3.0,-1.0,-52.0
1776884472.7051027,-5.0,0.0,-51.0
1776884472.715103,-5.0,1.0,-46.0
1776884472.725103,-7.0,4.0,-48.0
1776884472.735103,-1.0,4.0,-46.0
1776884472.7451026,0.0,1.0,-47.0
1776884472.7551026,-4.0,1.0,-47.0
1776884472.7651026,-2.0,2.0,-47.0
1776884472.7751029,-6.0,2.0,-44.0
1776884472.7851028,-4.0,0.0,-51.0
1776884472.7951028,-4.0,-2.0,-52.0
1776884472.8051028,-4.0,-3.0,-48.0
1776884472.8151028,1.0,-3.0,-49.0
1776884472.8251028,7.0,-2.0,-46.0
1776884472.8351028,3.0,0.0,-37.0
1776884472.8451028,6.0,-2.0,-38.0
1776884472.8551028,4.0,-2.0,-39.0
1776884472.8651028,7.0,-2.0,-40.0
1776884472.8751028,7.0,-1.0,-43.0
1776884472.8851027,8.0,0.0,-49.0
1776884472.8951027,1.0,-1.0,-45.0
1776884472.9051027,0.0,0.0,-53.0
1776884472.9151027,-3.0,5.0,-54.0
1776884472.9251027,-2.0,3.0,-54.0
1776884472.9351027,0.0,4.0,-54.0
1776884472.9451027,0.0,2.0,-64.0
1776884472.9551027,1.0,0.0,-59.0
1776884472.965103,1.0,5.0,-51.0
1776884472.975103,0.0,3.0,-52.0
1776884472.985103,2.0,7.0,-57.0
1776884472.9951026,4.0,3.0,-55.0
1776884473.0051026,2.0,4.0,-46.0
1776884473.0151026,4.0,3.0,-40.0
1776884473.0251029,5.0,2.0,-47.0
1776884473.0351028,3.0,-1.0,-45.0
1776884473.0451028,3.0,0.0,-49.0
1776884473.0551028,3.0,1.0,-53.0
1776884473.0651028,-3.0,4.0,-54.0
1776884473.0751028,-3.0,2.0,-45.0
1776884473.0851028,0.0,2.0,-49.0
1776884473.0951028,-1.0,1.0,-65.0
1776884473.1051028,0.0,2.0,-65.0
1776884473.1151028,2.0,-2.0,-61.0
1776884473.1251028,2.0,0.0,-64.0
1776884473.1351027,0.0,2.0,-57.0
1776884473.1451027,0.0,4.0,-54.0
1776884473.1551027,2.0,1.0,-49.0
1776884473.1651027,-2.0,2.0,-45.0
1776884473.1751027,-6.0,0.0,-50.0
1776884473.1851027,-8.0,-1.0,-42.0
1776884473.1951027,-4.0,-2.0,-40.0
1776884473.2051027,-6.0,0.0,-45.0
1776884473.215103,-7.0,-2.0,-39.0
1776884473.225103,-6.0,-2.0,-42.0
1776884473.235103,-3.0,-2.0,-40.0
1776884473.2451026,-5.0,0.0,-44.0
1776884473.2551026,-5.0,4.0,-42.0
1776884473.2651026,0.0,3.0,-37.0
1776884473.2751029,-2.0,4.0,-42.0
1776884473.2851028,4.0,3.0,-44.0
1776884473.2951028,4.0,-1.0,-46.0
1776884473.3051028,5.0,-2.0,-47.0
1776884473.3151028,3.0,0.0,-52.0
1776884473.3251028,3.0,0.0,-48.0
1776884473.3351028,2.0,-4.0,-58.0
1776884473.3451028,1.0,-2.0,-55.0
1776884473.3551028,0.0,-1.0,-51.0
1776884473.3651028,-2.0,-1.0,-55.0
1776884473.3751028,-2.0,1.0,-55.0
1776884473.3851027,-2.0,2.0,-51.0
1776884473.3951027,-1.0,0.0,-56.0
1776884473.4051027,-2.0,2.0,-52.0
1776884473.4151027,2.0,5.0,-51.0
1776884473.4251027,-2.0,3.0,-51.0
1776884473.4351027,-2.0,0.0,-50.0
1776884473.4451027,-6.0,0.0,-46.0
1776884473.4551027,-8.0,2.0,-44.0
1776884473.465103,-4.0,0.0,-43.0
1776884473.475103,-6.0,0.0,-40.0
1776884473.485103,-7.0,0.0,-43.0
1776884473.4951026,-7.0,0.0,-46.0
1776884473.5051026,-4.0,0.0,-45.0
1776884473.5151026,0.0,-1.0,-45.0
1776884473.5251029,3.0,-1.0,-42.0
1776884473.5351028,4.0,0.0,-49.0
1776884473.5451028,0.0,-4.0,-50.0
1776884473.5551028,1.0,-1.0,-42.0
1776884473.5651028,-5.0,0.0,-43.0
1776884473.5751028,-3.0,3.0,-38.0
1776884473.5851028,2.0,5.0,-29.0
1776884473.5951028,3.0,0.0,-33.0
1776884473.6051028,0.0,-1.0,-36.0
1776884473.6151028,0.0,-3.0,-31.0
1776884473.6251028,-3.0,-5.0,-27.0
1776884473.6351027,-2.0,-6.0,-29.0
1776884473.6451027,-7.0,-6.0,-40.0
1776884473.6551027,-9.0,-8.0,-46.0
1776884473.6651027,-7.0,-1.0,-48.0
1776884473.6751027,-6.0,-6.0,-47.0
1776884473.6851027,-7.0,-7.0,-44.0
1776884473.6951027,-10.0,-8.0,-43.0
1776884473.7051027,-7.0,-3.0,-44.0
1776884473.715103,-8.0,-4.0,-34.0
1776884473.725103,-6.0,-4.0,-37.0
1776884473.735103,-7.0,-6.0,-38.0
1776884473.7451026,-7.0,-5.0,-42.0
1776884473.7551026,-5.0,-3.0,-45.0
1776884473.7651026,-6.0,-5.0,-53.0
1776884473.7751029,-3.0,-2.0,-55.0
1776884473.7851028,0.0,0.0,-50.0
1776884473.7951028,-1.0,1.0,-52.0
1776884473.8051028,-3.0,0.0,-57.0
1776884473.8151028,0.0,-1.0,-61.0
1776884473.8251028,6.0,-2.0,-60.0
1776884473.8351028,7.0,-1.0,-56.0
1776884473.8451028,6.0,1.0,-51.0
1776884473.8551028,4.0,3.0,-49.0
1776884473.8651028,3.0,1.0,-48.0
1776884473.8751028,2.0,-2.0,-55.0
1776884473.8851027,-1.0,-2.0,-62.0
1776884473.8951027,-1.0,-8.0,-50.0
1776884473.9051027,0.0,-10.0,-48.0
1776884473.9151027,-3.0,-10.0,-38.0
1776884473.9251027,-1.0,-11.0,-38.0
1776884473.9351027,2.0,-6.0,-38.0
1776884473.9451027,-1.0,-3.0,-44.0
1776884473.9551027,1.0,-4.0,-40.0
1776884473.965103,4.0,-5.0,-36.0
1776884473.975103,6.0,-7.0,-39.0
1776884473.985103,5.0,-10.0,-45.0
1776884473.9951026,11.0,-6.0,-42.0
1776884474.0051026,5.0,-5.0,-43.0
1776884474.0151026,4.0,-4.0,-48.0
1776884474.0251029,0.0,-4.0,-46.0
1776884474.0351028,-2.0,-5.0,-50.0
1776884474.0451028,-2.0,-5.0,-43.0
1776884474.0551028,-4.0,-7.0,-44.0
1776884474.0651028,-4.0,-4.0,-45.0
1776884474.0751028,-5.0,-3.0,-45.0
1776884474.0851028,-4.0,-2.0,-40.0
1776884474.0951028,0.0,-4.0,-42.0
1776884474.1051028,3.0,-1.0,-43.0
1776884474.1151028,8.0,0.0,-50.0
1776884474.1251028,7.0,-5.0,-53.0
1776884474.1351027,2.0,-6.0,-41.0
1776884474.1451027,4.0,-4.0,-41.0
1776884474.1551027,5.0,-5.0,-36.0
1776884474.1651027,2.0,-5.0,-38.0
1776884474.1751027,0.0,0.0,-43.0
1776884474.1851027,2.0,0.0,-47.0
1776884474.1951027,0.0,-1.0,-48.0
1776884474.2051027,-4.0,-1.0,-42.0
1776884474.215103,0.0,-1.0,-47.0
1776884474.225103,0.0,-3.0,-49.0
1776884474.235103,-1.0,-2.0,-47.0
1776884474.2451026,0.0,-1.0,-49.0
1776884474.2551026,0.0,-1.0,-50.0
1776884474.2651026,-1.0,-4.0,-42.0
1776884474.2751029,2.0,-4.0,-37.0
1776884474.2851028,3.0,-4.0,-41.0
1776884474.2951028,4.0,1.0,-48.0
1776884474.3051028,1.0,2.0,-46.0
1776884474.3151028,2.0,-1.0,-40.0
1776884474.3251028,2.0,-2.0,-39.0
1776884474.3361027,0.0,-6.0,-41.0
1776884474.3451028,0.0,0.0,-43.0
1776884474.3551028,1.0,0.0,-43.0
1776884474.3651028,0.0,1.0,-45.0
1776884474.3751028,0.0,-3.0,-54.0
1776884474.3851027,0.0,-5.0,-47.0
1776884474.396103,0.0,-4.0,-40.0
1776884474.4051027,-3.0,-5.0,-45.0
1776884474.4161026,-3.0,-8.0,-45.0
1776884474.4261026,0.0,-7.0,-46.0
1776884474.4361026,2.0,-4.0,-34.0
1776884474.4461029,0.0,-1.0,-41.0
1776884474.4561028,0.0,0.0,-44.0
1776884474.4661028,-1.0,0.0,-48.0
1776884474.4761028,-2.0,1.0,-48.0
1776884474.4861028,-1.0,2.0,-44.0
1776884474.4961028,-3.0,0.0,-41.0
1776884474.5061028,-6.0,-1.0,-40.0
1776884474.5161028,-6.0,-4.0,-38.0
1776884474.5261028,-8.0,-3.0,-41.0
1776884474.5361028,-6.0,1.0,-37.0
1776884474.5461028,-1.0,-1.0,-31.0
1776884474.5561028,-3.0,-4.0,-33.0
1776884474.5661027,0.0,-8.0,-42.0
1776884474.5761027,2.0,-10.0,-40.0
1776884474.5861027,3.0,-9.0,-49.0
1776884474.5961027,6.0,-6.0,-48.0
1776884474.6061027,6.0,-4.0,-55.0
1776884474.6161027,4.0,-2.0,-50.0
1776884474.6261027,1.0,-3.0,-46.0
1776884474.636103,-1.0,-6.0,-45.0
1776884474.646103,-1.0,-4.0,-39.0
1776884474.656103,1.0,-5.0,-40.0
1776884474.6661026,1.0,-4.0,-44.0
1776884474.6761026,0.0,2.0,-47.0
1776884474.6861026,-4.0,3.0,-51.0
1776884474.6961029,-4.0,0.0,-49.0
1776884474.7061028,-2.0,-4.0,-53.0
1776884474.7161028,0.0,-3.0,-54.0
1776884474.7261028,-2.0,-2.0,-58.0
1776884474.7361028,-1.0,0.0,-60.0
1776884474.7461028,0.0,0.0,-56.0
1776884474.7561028,-3.0,-2.0,-55.0
1776884474.7661028,-2.0,-2.0,-51.0
1776884474.7761028,-1.0,-6.0,-49.0
1776884474.7861028,-4.0,-4.0,-55.0
1776884474.7961028,-5.0,-1.0,-51.0
1776884474.8061028,-4.0,1.0,-52.0
1776884474.8161027,-5.0,1.0,-52.0
1776884474.8261027,-7.0,2.0,-49.0
1776884474.8361027,-10.0,0.0,-43.0
1776884474.8461027,-10.0,-1.0,-39.0
1776884474.8561027,-7.0,2.0,-45.0
1776884474.8661027,-4.0,4.0,-50.0
1776884474.8761027,2.0,5.0,-50.0
1776884474.886103,1.0,-2.0,-42.0
1776884474.896103,0.0,-4.0,-44.0
1776884474.906103,4.0,-6.0,-45.0
1776884474.9161026,6.0,-4.0,-49.0
1776884474.9261026,7.0,-2.0,-47.0
1776884474.9361026,2.0,-3.0,-47.0
1776884474.9461029,-1.0,-4.0,-44.0
1776884474.9561028,1.0,-5.0,-44.0
1776884474.9661028,3.0,-6.0,-45.0
1776884474.9761028,5.0,-5.0,-49.0
1776884474.9861028,2.0,-2.0,-49.0
1776884474.9961028,2.0,-5.0,-48.0
1776884475.0061028,3.0,-6.0,-40.0
1776884475.0161028,1.0,-7.0,-43.0
1776884475.0261028,6.0,-4.0,-44.0
1776884475.0361028,8.0,-2.0,-47.0
1776884475.0461028,6.0,0.0,-44.0
1776884475.0561028,3.0,0.0,-40.0
1776884475.0661027,3.0,0.0,-34.0
1776884475.0761027,5.0,1.0,-36.0
1776884475.0861027,8.0,-1.0,-36.0
1776884475.0961027,5.0,-4.0,-39.0
1776884475.1061027,4.0,-7.0,-40.0
1776884475.1161027,4.0,-5.0,-44.0
1776884475.1261027,2.0,-4.0,-46.0
1776884475.136103,1.0,-6.0,-40.0
1776884475.146103,2.0,-2.0,-37.0
1776884475.156103,0.0,-3.0,-42.0
1776884475.1661026,-1.0,-8.0,-41.0
1776884475.1761026,4.0,-9.0,-42.0
1776884475.1861026,5.0,-7.0,-46.0
1776884475.1961029,2.0,0.0,-46.0
1776884475.2061028,1.0,1.0,-40.0
1776884475.2161028,1.0,1.0,-43.0
1776884475.2261028,0.0,-3.0,-46.0
1776884475.2361028,0.0,-1.0,-49.0
1776884475.2461028,-2.0,-1.0,-50.0
1776884475.2561028,-2.0,-7.0,-49.0
1776884475.2661028,-5.0,-5.0,-51.0
1776884475.2761028,-1.0,-7.0,-49.0
1776884475.2861028,-3.0,-8.0,-46.0
1776884475.2961028,-2.0,-6.0,-47.0
1776884475.3061028,0.0,-5.0,-42.0
1776884475.3161027,-2.0,-6.0,-39.0
1776884475.3261027,1.0,-5.0,-39.0
1776884475.3361027,2.0,-7.0,-34.0
1776884475.3461027,3.0,-7.0,-34.0
1776884475.3561027,1.0,-6.0,-41.0
1776884475.3661027,2.0,-3.0,-46.0
1776884475.3761027,1.0,-4.0,-46.0
1776884475.386103,2.0,1.0,-44.0
1776884475.396103,0.0,0.0,-40.0
1776884475.406103,-3.0,0.0,-40.0
1776884475.4161026,-6.0,2.0,-38.0
1776884475.4261026,-8.0,1.0,-35.0
1776884475.4361026,-2.0,1.0,-41.0
1776884475.4461029,-5.0,6.0,-47.0
1776884475.4561028,-2.0,1.0,-50.0
1776884475.4661028,-2.0,3.0,-42.0
1776884475.4761028,0.0,2.0,-38.0
1776884475.4861028,2.0,0.0,-40.0
1776884475.4961028,4.0,1.0,-37.0
1776884475.5061028,6.0,3.0,-36.0
1776884475.5161028,5.0,1.0,-38.0
1776884475.5261028,5.0,0.0,-37.0
1776884475.5361028,2.0,-1.0,-39.0
1776884475.5461028,0.0,-3.0,-45.0
1776884475.5561028,-1.0,-3.0,-49.0
1776884475.5661027,0.0,-5.0,-42.0
1776884475.5761027,0.0,-4.0,-42.0
1776884475.5861027,0.0,-5.0,-42.0
1776884475.5961027,-1.0,-8.0,-36.0
1776884475.6061027,1.0,-9.0,-40.0
1776884475.6161027,5.0,-11.0,-39.0
1776884475.6261027,3.0,-13.0,-46.0
1776884475.636103,0.0,-12.0,-50.0
1776884475.646103,5.0,-7.0,-53.0
1776884475.656103,6.0,-5.0,-45.0
1776884475.6661026,7.0,-3.0,-45.0
1776884475.6761026,3.0,-4.0,-40.0
1776884475.6861026,0.0,-2.0,-41.0
1776884475.6961029,4.0,0.0,-37.0
1776884475.7061028,4.0,0.0,-37.0
1776884475.7161028,3.0,0.0,-42.0
1776884475.7261028,5.0,1.0,-45.0
1776884475.7361028,6.0,1.0,-37.0
1776884475.7461028,6.0,-2.0,-38.0
1776884475.7561028,0.0,3.0,-42.0
1776884475.7661028,0.0,2.0,-44.0
1776884475.7761028,-2.0,0.0,-48.0
1776884475.7861028,2.0,-3.0,-46.0
1776884475.7961028,1.0,-2.0,-47.0
1776884475.8061028,4.0,0.0,-44.0
1776884475.8161027,9.0,2.0,-36.0
1776884475.8261027,4.0,1.0,-33.0
1776884475.8361027,8.0,2.0,-37.0
1776884475.8461027,9.0,0.0,-36.0
1776884475.8561027,8.0,1.0,-39.0
1776884475.8661027,8.0,2.0,-36.0
1776884475.8761027,4.0,3.0,-38.0
1776884475.886103,0.0,0.0,-44.0
1776884475.896103,2.0,0.0,-47.0
1776884475.906103,3.0,-4.0,-45.0
1776884475.9161026,1.0,-3.0,-43.0
1776884475.9261026,3.0,-1.0,-45.0
1776884475.9361026,1.0,-1.0,-48.0
1776884475.9461029,2.0,-1.0,-50.0
1776884475.9561028,-1.0,-4.0,-48.0
1776884475.9661028,-2.0,-4.0,-54.0
1776884475.9761028,-1.0,-8.0,-54.0
1776884475.9861028,0.0,-6.0,-59.0
1776884475.9961028,0.0,-9.0,-57.0
1776884476.0061028,-2.0,-8.0,-59.0
1776884476.0161028,-2.0,-5.0,-57.0
1776884476.0261028,2.0,-4.0,-62.0
1776884476.0361028,3.0,-4.0,-61.0
1776884476.0461028,0.0,-7.0,-58.0
1776884476.0561028,-2.0,-6.0,-50.0
1776884476.0661027,-1.0,-5.0,-53.0
1776884476.0761027,-2.0,-4.0,-58.0
1776884476.0861027,-9.0,-3.0,-57.0
1776884476.0961027,-8.0,-4.0,-51.0
1776884476.1061027,-7.0,-2.0,-50.0
1776884476.1161027,-3.0,-3.0,-46.0
1776884476.1261027,2.0,0.0,-48.0
1776884476.136103,10.0,-1.0,-50.0
1776884476.146103,7.0,0.0,-52.0
1776884476.156103,7.0,-2.0,-52.0
1776884476.1661026,9.0,0.0,-51.0
1776884476.1761026,2.0,1.0,-51.0
1776884476.1861026,5.0,-4.0,-50.0
1776884476.1961029,4.0,-3.0,-51.0
1776884476.2061028,0.0,-4.0,-52.0
1776884476.2161028,0.0,-7.0,-49.0
1776884476.2261028,-1.0,-7.0,-49.0
1776884476.2361028,-5.0,-6.0,-44.0
1776884476.2461028,-4.0,-4.0,-50.0
1776884476.2561028,-3.0,-1.0,-48.0
1776884476.2661028,0.0,-2.0,-46.0
1776884476.2761028,2.0,-1.0,-48.0
1776884476.2861028,1.0,-4.0,-47.0
1776884476.2961028,-1.0,-4.0,-45.0
1776884476.3061028,1.0,-4.0,-52.0
1776884476.3161027,3.0,-3.0,-52.0
1776884476.3261027,4.0,-1.0,-54.0
1776884476.337103,0.0,0.0,-49.0
1776884476.3471026,-2.0,-1.0,-43.0
1776884476.3571026,-2.0,-1.0,-50.0
1776884476.3671026,-1.0,-2.0,-45.0
1776884476.3771029,1.0,0.0,-44.0
1776884476.3871028,0.0,-3.0,-41.0
1776884476.3971028,5.0,-2.0,-48.0
1776884476.4071028,1.0,0.0,-45.0
1776884476.4171028,4.0,1.0,-51.0
1776884476.4271028,7.0,2.0,-50.0
1776884476.4371028,6.0,1.0,-45.0
1776884476.4471028,14.0,-1.0,-47.0
1776884476.4571028,15.0,0.0,-52.0
1776884476.4671028,14.0,0.0,-57.0
1776884476.4771028,16.0,5.0,-61.0
1776884476.4871027,14.0,4.0,-54.0
1776884476.4971027,11.0,1.0,-53.0
1776884476.5071027,7.0,0.0,-49.0
1776884476.5171027,9.0,2.0,-44.0
1776884476.5271027,9.0,0.0,-37.0
1776884476.5371027,3.0,-1.0,-31.0
1776884476.5471027,0.0,0.0,-35.0
1776884476.557103,0.0,0.0,-31.0
1776884476.567103,0.0,1.0,-41.0
1776884476.577103,0.0,4.0,-43.0
1776884476.587103,3.0,4.0,-53.0
1776884476.5971026,3.0,6.0,-48.0
1776884476.6071026,2.0,5.0,-44.0
1776884476.6171026,-1.0,5.0,-50.0
1776884476.6271029,0.0,7.0,-46.0
1776884476.6371028,-2.0,9.0,-50.0
1776884476.6471028,-2.0,2.0,-43.0
1776884476.6571028,0.0,0.0,-48.0
1776884476.6671028,0.0,0.0,-48.0
1776884476.6771028,2.0,0.0,-44.0
1776884476.6871028,3.0,1.0,-48.0
1776884476.6971028,4.0,-2.0,-51.0
1776884476.7071028,4.0,-1.0,-53.0
1776884476.7171028,4.0,1.0,-58.0
1776884476.7271028,5.0,-3.0,-53.0
1776884476.7371027,6.0,-2.0,-51.0
1776884476.7471027,6.0,-1.0,-50.0
1776884476.7571027,5.0,-3.0,-50.0
1776884476.7671027,0.0,-6.0,-57.0
1776884476.7771027,-1.0,-2.0,-57.0
1776884476.7871027,-6.0,-1.0,-48.0
1776884476.7971027,-3.0,-1.0,-41.0
1776884476.807103,-3.0,-2.0,-43.0
1776884476.817103,1.0,-1.0,-45.0
1776884476.827103,-2.0,0.0,-43.0
1776884476.837103,-2.0,0.0,-49.0
1776884476.8471026,-2.0,-4.0,-58.0
1776884476.8571026,1.0,-3.0,-52.0
1776884476.8671026,-1.0,-3.0,-52.0
1776884476.8771029,-3.0,-2.0,-49.0
1776884476.8871028,-3.0,-2.0,-48.0
1776884476.8971028,-3.0,-3.0,-52.0
1776884476.9071028,-1.0,-5.0,-47.0
1776884476.9171028,1.0,-6.0,-39.0
1776884476.9271028,4.0,-4.0,-47.0
1776884476.9371028,5.0,-1.0,-43.0
1776884476.9471028,3.0,-3.0,-48.0
1776884476.9571028,1.0,2.0,-53.0
1776884476.9671028,5.0,5.0,-52.0
1776884476.9771028,3.0,2.0,-47.0
1776884476.9871027,0.0,-2.0,-52.0
1776884476.9971027,2.0,-4.0,-46.0
1776884477.0071027,3.0,-7.0,-44.0
1776884477.0171027,3.0,-10.0,-45.0
1776884477.0271027,2.0,-11.0,-42.0
1776884477.0371027,3.0,-5.0,-48.0
1776884477.0471027,0.0,-4.0,-52.0
1776884477.057103,-4.0,-2.0,-49.0
1776884477.067103,-1.0,-3.0,-48.0
1776884477.077103,-1.0,-2.0,-46.0
1776884477.087103,1.0,-2.0,-43.0
1776884477.0971026,-2.0,-3.0,-42.0
1776884477.1071026,-1.0,-3.0,-44.0
1776884477.1171026,0.0,-2.0,-40.0
1776884477.1271029,0.0,0.0,-35.0
1776884477.1371028,2.0,0.0,-42.0
1776884477.1471028,1.0,0.0,-42.0
1776884477.1571028,3.0,-1.0,-49.0
1776884477.1671028,-4.0,-3.0,-49.0
1776884477.1771028,-4.0,-5.0,-46.0
1776884477.1871028,-6.0,-6.0,-49.0
1776884477.1971028,-4.0,-3.0,-58.0
1776884477.2071028,-6.0,-4.0,-63.0
1776884477.2171028,-6.0,-5.0,-61.0
1776884477.2271028,-9.0,-3.0,-52.0
1776884477.2371027,-11.0,0.0,-56.0
1776884477.2471027,-7.0,-3.0,-59.0
1776884477.2571027,-2.0,-2.0,-49.0
1776884477.2671027,-3.0,-3.0,-43.0
1776884477.2771027,-1.0,-3.0,-44.0
1776884477.2871027,0.0,-5.0,-41.0
1776884477.2971027,2.0,-7.0,-50.0
1776884477.307103,3.0,-4.0,-58.0
1776884477.317103,1.0,-4.0,-56.0
1776884477.327103,0.0,-5.0,-61.0
1776884477.337103,0.0,-1.0,-59.0
1776884477.3471026,-1.0,-1.0,-58.0
1776884477.3571026,1.0,0.0,-52.0
1776884477.3671026,0.0,-2.0,-47.0
1776884477.3771029,4.0,-2.0,-46.0
1776884477.3871028,0.0,0.0,-45.0
1776884477.3971028,-2.0,-1.0,-44.0
1776884477.4071028,0.0,0.0,-49.0
1776884477.4171028,2.0,-1.0,-49.0
1776884477.4271028,0.0,-3.0,-46.0
1776884477.4371028,0.0,-3.0,-43.0
1776884477.4471028,-1.0,-2.0,-41.0
1776884477.4571028,-2.0,-4.0,-42.0
1776884477.4671028,-2.0,-3.0,-46.0
1776884477.4771028,3.0,-2.0,-42.0
1776884477.4871027,6.0,0.0,-46.0
1776884477.4971027,7.0,-1.0,-51.0
1776884477.5071027,5.0,-6.0,-48.0
1776884477.5171027,7.0,-5.0,-48.0
1776884477.5271027,5.0,1.0,-53.0
1776884477.5371027,3.0,-1.0,-54.0
1776884477.5471027,3.0,-3.0,-54.0
1776884477.557103,2.0,-6.0,-45.0
1776884477.567103,0.0,-6.0,-49.0
1776884477.577103,2.0,-2.0,-46.0
1776884477.587103,1.0,3.0,-43.0
1776884477.5971026,1.0,2.0,-40.0
1776884477.6071026,-5.0,0.0,-35.0
1776884477.6171026,-12.0,0.0,-32.0
1776884477.6271029,-13.0,0.0,-39.0
1776884477.6371028,-9.0,0.0,-40.0
1776884477.6471028,-7.0,-1.0,-43.0
1776884477.6571028,-9.0,-5.0,-42.0
1776884477.6671028,-7.0,-7.0,-44.0
1776884477.6771028,-5.0,-12.0,-51.0
1776884477.6871028,-5.0,-8.0,-57.0
1776884477.6971028,-5.0,-7.0,-59.0
1776884477.7071028,-2.0,-6.0,-62.0
1776884477.7171028,-2.0,-7.0,-60.0
1776884477.7271028,1.0,-8.0,-59.0
1776884477.7371027,5.0,-7.0,-59.0
1776884477.7471027,4.0,-3.0,-61.0
1776884477.7571027,3.0,-3.0,-60.0
1776884477.7671027,2.0,-5.0,-59.0
1776884477.7771027,0.0,2.0,-50.0
1776884477.7871027,0.0,1.0,-57.0
1776884477.7971027,0.0,-2.0,-59.0
1776884477.807103,-2.0,-4.0,-58.0
1776884477.817103,0.0,-3.0,-55.0
1776884477.827103,0.0,0.0,-50.0
1776884477.837103,1.0,1.0,-51.0
1776884477.8471026,0.0,-2.0,-45.0
1776884477.8571026,0.0,-3.0,-45.0
1776884477.8671026,1.0,-3.0,-47.0
1776884477.8771029,2.0,0.0,-49.0
1776884477.8871028,3.0,1.0,-56.0
1776884477.8971028,1.0,0.0,-53.0
1776884477.9071028,-1.0,-2.0,-54.0
1776884477.9171028,0.0,0.0,-54.0
1776884477.9271028,0.0,0.0,-56.0
1776884477.9371028,1.0,1.0,-51.0
1776884477.9471028,2.0,-4.0,-54.0
1776884477.9571028,6.0,-1.0,-55.0
1776884477.9671028,2.0,-1.0,-52.0
1776884477.9771028,1.0,4.0,-48.0
1776884477.9871027,1.0,10.0,-38.0
1776884477.9971027,3.0,12.0,-40.0
1776884478.0071027,3.0,9.0,-40.0
1776884478.0171027,0.0,8.0,-32.0
1776884478.0271027,3.0,3.0,-36.0
1776884478.0371027,4.0,-1.0,-46.0
1776884478.0471027,3.0,-4.0,-49.0
1776884478.057103,-2.0,-7.0,-48.0
1776884478.067103,-1.0,-5.0,-50.0
1776884478.077103,2.0,-5.0,-53.0
1776884478.087103,2.0,0.0,-53.0
1776884478.0971026,1.0,-1.0,-54.0
1776884478.1071026,3.0,-1.0,-55.0
1776884478.1171026,5.0,-3.0,-48.0
1776884478.1271029,5.0,-2.0,-46.0
1776884478.1371028,2.0,0.0,-42.0
1776884478.1471028,1.0,-2.0,-44.0
1776884478.1571028,0.0,-6.0,-48.0
1776884478.1671028,0.0,-8.0,-50.0
1776884478.1771028,-1.0,-7.0,-48.0
1776884478.1871028,-1.0,-6.0,-48.0
1776884478.1971028,0.0,-2.0,-43.0
1776884478.2071028,1.0,-3.0,-44.0
1776884478.2171028,0.0,-7.0,-35.0
1776884478.2271028,0.0,-7.0,-36.0
1776884478.2371027,3.0,-5.0,-38.0
1776884478.2471027,6.0,-4.0,-47.0
1776884478.2571027,3.0,2.0,-52.0
1776884478.2671027,5.0,-1.0,-49.0
1776884478.2771027,5.0,-2.0,-39.0
1776884478.2871027,1.0,0.0,-32.0
1776884478.2971027,-1.0,0.0,-33.0
1776884478.3081028,-4.0,4.0,-40.0
1776884478.3181028,-4.0,8.0,-44.0
1776884478.3281028,-2.0,6.0,-44.0
1776884478.3381028,-3.0,5.0,-50.0
1776884478.3481028,-6.0,2.0,-50.0
1776884478.3581028,-4.0,0.0,-48.0
1776884478.3681028,-5.0,0.0,-46.0
1776884478.3781028,-7.0,1.0,-52.0
1776884478.3881028,-5.0,1.0,-55.0
1776884478.3981028,0.0,-2.0,-53.0
1776884478.4081028,1.0,-1.0,-51.0
1776884478.4181027,3.0,0.0,-47.0
1776884478.4281027,4.0,-2.0,-43.0
1776884478.4381027,2.0,0.0,-45.0
1776884478.4481027,3.0,0.0,-44.0
1776884478.4581027,-1.0,1.0,-47.0
1776884478.4681027,-2.0,1.0,-40.0
1776884478.4781027,0.0,2.0,-37.0
1776884478.488103,-1.0,1.0,-41.0
1776884478.498103,-1.0,0.0,-50.0
1776884478.508103,0.0,-1.0,-49.0
1776884478.5181026,0.0,-1.0,-52.0
1776884478.5281026,0.0,-1.0,-51.0
1776884478.5381026,-2.0,1.0,-47.0
1776884478.5481029,0.0,-3.0,-51.0
1776884478.5581028,-3.0,-2.0,-56.0
1776884478.5681028,-3.0,-6.0,-53.0
1776884478.5781028,-3.0,-7.0,-55.0
1776884478.5881028,-2.0,-12.0,-56.0
1776884478.5981028,-5.0,-10.0,-63.0
1776884478.6081028,-3.0,-4.0,-59.0
1776884478.6181028,0.0,-2.0,-55.0
1776884478.6281028,0.0,0.0,-57.0
1776884478.6381028,2.0,0.0,-52.0
1776884478.6481028,4.0,1.0,-48.0
1776884478.6581028,4.0,-3.0,-50.0
1776884478.6681027,4.0,-6.0,-50.0
1776884478.6781027,7.0,-6.0,-52.0
1776884478.6881027,3.0,-5.0,-51.0
1776884478.6981027,6.0,-6.0,-47.0
1776884478.7081027,5.0,-6.0,-48.0
1776884478.7181027,5.0,-5.0,-46.0
1776884478.7281027,4.0,0.0,-47.0
1776884478.738103,1.0,-2.0,-51.0
1776884478.748103,1.0,-3.0,-50.0
1776884478.758103,0.0,-2.0,-42.0
1776884478.7681026,-3.0,-2.0,-46.0
1776884478.7781026,-1.0,4.0,-40.0
1776884478.7881026,0.0,6.0,-41.0
1776884478.7981029,1.0,4.0,-44.0
1776884478.8081028,2.0,1.0,-49.0
1776884478.8181028,3.0,1.0,-51.0
1776884478.8281028,1.0,-1.0,-51.0
1776884478.8381028,5.0,-5.0,-49.0
1776884478.8481028,0.0,-6.0,-45.0
1776884478.8581028,-2.0,-1.0,-46.0
1776884478.8681028,-1.0,-2.0,-42.0
1776884478.8781028,-3.0,0.0,-42.0
1776884478.8881028,-1.0,2.0,-39.0
1776884478.8981028,0.0,0.0,-36.0
1776884478.9081028,3.0,-3.0,-39.0
1776884478.9181027,0.0,-7.0,-44.0
1776884478.9281027,0.0,-9.0,-43.0
1776884478.9381027,-1.0,-12.0,-49.0
1776884478.9481027,0.0,-10.0,-48.0
1776884478.9581027,0.0,-7.0,-49.0
1776884478.9681027,0.0,-4.0,-54.0
1776884478.9781027,-4.0,-1.0,-58.0
1776884478.988103,-5.0,1.0,-62.0
1776884478.998103,-4.0,3.0,-62.0
1776884479.008103,-5.0,0.0,-56.0
1776884479.0181026,-5.0,0.0,-52.0
1776884479.0281026,-6.0,0.0,-49.0
1776884479.0381026,-7.0,1.0,-50.0
1776884479.0481029,-5.0,2.0,-50.0
1776884479.0581028,0.0,-4.0,-54.0
1776884479.0681028,1.0,-5.0,-56.0
1776884479.0781028,-1.0,-5.0,-57.0
1776884479.0881028,1.0,-4.0,-56.0
1776884479.0981028,0.0,0.0,-59.0
1776884479.1081028,3.0,-2.0,-55.0
1776884479.1181028,1.0,-1.0,-52.0
1776884479.1281028,-1.0,0.0,-51.0
1776884479.1381028,2.0,-1.0,-51.0
1776884479.1481028,1.0,-2.0,-48.0
1776884479.1581028,-2.0,-4.0,-44.0
1776884479.1681027,-3.0,-3.0,-41.0
1776884479.1781027,-4.0,-4.0,-40.0
1776884479.1881027,-4.0,-4.0,-42.0
1776884479.1981027,-3.0,0.0,-49.0
1776884479.2081027,-6.0,0.0,-52.0
1776884479.2181027,-4.0,0.0,-42.0
1776884479.2281027,-7.0,0.0,-41.0
1776884479.238103,-4.0,3.0,-41.0
1776884479.248103,-2.0,2.0,-48.0
1776884479.258103,1.0,5.0,-47.0
1776884479.2681026,3.0,4.0,-45.0
1776884479.2781026,3.0,2.0,-42.0
1776884479.2881026,-1.0,0.0,-40.0
1776884479.2981029,-3.0,0.0,-40.0
1776884479.3081028,0.0,0.0,-46.0
1776884479.3181028,0.0,-4.0,-41.0
1776884479.3281028,1.0,-8.0,-45.0
1776884479.3381028,0.0,-7.0,-42.0
1776884479.3481028,1.0,-1.0,-36.0
1776884479.3581028,3.0,-3.0,-40.0
1776884479.3681028,2.0,-2.0,-43.0
1776884479.3781028,2.0,0.0,-38.0
1776884479.3881028,4.0,-1.0,-40.0
1776884479.3981028,4.0,0.0,-46.0
1776884479.4081028,0.0,-4.0,-47.0
1776884479.4181027,0.0,-6.0,-47.0
1776884479.4281027,-5.0,-4.0,-43.0
1776884479.4381027,-4.0,-5.0,-38.0
1776884479.4481027,-3.0,-3.0,-41.0
1776884479.4581027,-2.0,0.0,-43.0
1776884479.4681027,-1.0,2.0,-40.0
1776884479.4781027,-3.0,2.0,-36.0
1776884479.488103,-4.0,0.0,-37.0
1776884479.498103,-6.0,0.0,-40.0
1776884479.508103,-6.0,0.0,-46.0
1776884479.5181026,-6.0,1.0,-51.0
1776884479.5281026,-4.0,3.0,-46.0
1776884479.5381026,-2.0,2.0,-42.0
1776884479.5481029,0.0,2.0,-38.0
1776884479.5581028,0.0,0.0,-35.0
1776884479.5681028,-4.0,-5.0,-40.0
1776884479.5781028,-9.0,-2.0,-45.0
1776884479.5881028,-5.0,0.0,-42.0
1776884479.5981028,-2.0,4.0,-43.0
1776884479.6081028,-2.0,4.0,-43.0
1776884479.6181028,-1.0,2.0,-41.0
1776884479.6281028,0.0,5.0,-42.0
1776884479.6381028,2.0,9.0,-38.0
1776884479.6481028,4.0,6.0,-37.0
1776884479.6581028,3.0,2.0,-42.0
1776884479.6681027,7.0,0.0,-43.0
1776884479.6781027,6.0,3.0,-49.0
1776884479.6881027,3.0,0.0,-48.0
1776884479.6981027,2.0,-4.0,-50.0
1776884479.7081027,-1.0,-6.0,-51.0
1776884479.7181027,-3.0,-5.0,-50.0
1776884479.7281027,-4.0,-5.0,-43.0
1776884479.738103,-7.0,-6.0,-32.0
1776884479.748103,-3.0,-10.0,-37.0
1776884479.758103,-1.0,-8.0,-44.0
1776884479.7681026,-6.0,-6.0,-44.0
1776884479.7781026,-9.0,0.0,-49.0
1776884479.7881026,-5.0,2.0,-57.0
1776884479.7981029,-5.0,2.0,-54.0
1776884479.8081028,-4.0,0.0,-51.0
1776884479.8181028,-6.0,-3.0,-49.0
1776884479.8281028,-7.0,-5.0,-49.0
1776884479.8381028,-4.0,-5.0,-50.0
1776884479.8481028,-6.0,2.0,-43.0
1776884479.8581028,-6.0,6.0,-47.0
1776884479.8681028,-4.0,7.0,-50.0
1776884479.8781028,-1.0,5.0,-53.0
1776884479.8881028,0.0,6.0,-56.0
1776884479.8981028,2.0,7.0,-59.0
1776884479.9081028,1.0,4.0,-56.0
1776884479.9181027,-2.0,3.0,-57.0
1776884479.9281027,-2.0,4.0,-56.0
1776884479.9381027,2.0,2.0,-46.0
1776884479.9481027,3.0,0.0,-43.0
1776884479.9581027,2.0,0.0,-43.0
1776884479.9681027,-1.0,0.0,-45.0
1776884479.9781027,0.0,-3.0,-43.0
1776884479.988103,0.0,-3.0,-43.0
1776884479.998103,0.0,-6.0,-49.0
1776884480.008103,2.0,-11.0,-47.0
1776884480.0181026,1.0,-7.0,-44.0
1776884480.0281026,3.0,-3.0,-50.0
1776884480.0381026,4.0,-4.0,-48.0
1776884480.0481029,6.0,-2.0,-49.0
1776884480.0581028,8.0,-4.0,-46.0
1776884480.0681028,9.0,-5.0,-52.0
1776884480.0781028,9.0,-4.0,-55.0
1776884480.0881028,3.0,1.0,-49.0
1776884480.0981028,3.0,-2.0,-46.0
1776884480.1081028,4.0,-7.0,-50.0
1776884480.1181028,2.0,-4.0,-49.0
1776884480.1281028,-1.0,-2.0,-50.0
1776884480.1381028,-1.0,-1.0,-53.0
1776884480.1481028,-2.0,0.0,-59.0
1776884480.1581028,5.0,0.0,-59.0
1776884480.1681027,2.0,2.0,-58.0
1776884480.1781027,4.0,2.0,-54.0
1776884480.1881027,2.0,1.0,-57.0
1776884480.1981027,1.0,0.0,-55.0
1776884480.2081027,1.0,1.0,-65.0
1776884480.2181027,0.0,-3.0,-61.0
1776884480.2281027,4.0,-5.0,-59.0
1776884480.238103,2.0,-5.0,-57.0
1776884480.248103,2.0,-3.0,-51.0
1776884480.258103,3.0,-2.0,-49.0
1776884480.2681026,2.0,-4.0,-51.0
1776884480.2781026,0.0,-2.0,-51.0
1776884480.2881026,-1.0,-3.0,-49.0
1776884480.2981029,-3.0,-3.0,-44.0
1776884480.3091028,-2.0,-3.0,-46.0
1776884480.3191028,-1.0,-6.0,-51.0
1776884480.3291028,-1.0,-6.0,-51.0
1776884480.3391027,-2.0,-5.0,-52.0
1776884480.3491027,-6.0,-3.0,-47.0
1776884480.3591027,-7.0,-4.0,-53.0
1776884480.3691027,-4.0,-4.0,-52.0
1776884480.3791027,0.0,-9.0,-42.0
1776884480.3891027,0.0,-4.0,-46.0
1776884480.3991027,4.0,-7.0,-44.0
1776884480.409103,3.0,-6.0,-44.0
1776884480.419103,6.0,-5.0,-37.0
1776884480.429103,2.0,0.0,-42.0
1776884480.4391026,2.0,1.0,-44.0
1776884480.4491026,5.0,3.0,-49.0
1776884480.4591026,4.0,5.0,-46.0
1776884480.4691026,0.0,5.0,-46.0
1776884480.4791028,2.0,5.0,-46.0
1776884480.4891028,0.0,2.0,-48.0
1776884480.4991028,-2.0,-1.0,-47.0
1776884480.5091028,-3.0,-1.0,-51.0
1776884480.5191028,-3.0,-4.0,-51.0
1776884480.5291028,-3.0,-2.0,-50.0
1776884480.5391028,1.0,-1.0,-54.0
1776884480.5491028,3.0,-5.0,-62.0
1776884480.5591028,6.0,-6.0,-62.0
1776884480.5691028,3.0,-2.0,-58.0
1776884480.5791028,2.0,-7.0,-55.0
1776884480.5891027,0.0,0.0,-55.0
1776884480.5991027,-2.0,-1.0,-57.0
1776884480.6091027,-7.0,0.0,-58.0
1776884480.6191027,-4.0,-3.0,-64.0
1776884480.6291027,-3.0,0.0,-64.0
1776884480.6391027,-7.0,4.0,-59.0
1776884480.6491027,-5.0,1.0,-60.0
1776884480.659103,-1.0,1.0,-59.0
1776884480.669103,0.0,0.0,-55.0
1776884480.679103,-1.0,-3.0,-49.0
1776884480.6891026,4.0,1.0,-46.0
1776884480.6991026,3.0,-1.0,-45.0
1776884480.7091026,0.0,0.0,-43.0
1776884480.7191026,0.0,0.0,-52.0
1776884480.7291028,0.0,3.0,-54.0
1776884480.7391028,0.0,3.0,-47.0
1776884480.7491028,1.0,2.0,-43.0
1776884480.7591028,3.0,2.0,-46.0
1776884480.7691028,3.0,0.0,-50.0
1776884480.7791028,0.0,-1.0,-49.0
1776884480.7891028,-4.0,-3.0,-51.0
1776884480.7991028,-3.0,-5.0,-50.0
1776884480.8091028,-1.0,-10.0,-50.0
1776884480.8191028,0.0,-11.0,-53.0
1776884480.8291028,4.0,-5.0,-50.0
1776884480.8391027,0.0,-3.0,-54.0
1776884480.8491027,-1.0,-3.0,-49.0
1776884480.8591027,0.0,-8.0,-45.0
1776884480.8691027,4.0,-8.0,-45.0
1776884480.8791027,7.0,-7.0,-40.0
1776884480.8891027,5.0,-2.0,-40.0
1776884480.8991027,3.0,1.0,-40.0
1776884480.909103,3.0,-1.0,-39.0
1776884480.919103,4.0,-5.0,-44.0
1776884480.929103,1.0,0.0,-48.0
1776884480.9391026,1.0,0.0,-46.0
1776884480.9491026,3.0,0.0,-49.0
1776884480.9591026,8.0,0.0,-48.0
1776884480.9691026,8.0,0.0,-50.0
1776884480.9791028,7.0,0.0,-47.0
1776884480.9891028,2.0,2.0,-47.0
1776884480.9991028,1.0,5.0,-53.0
1776884481.0091028,3.0,3.0,-49.0
1776884481.0191028,0.0,3.0,-42.0
1776884481.0291028,4.0,3.0,-43.0
1776884481.0391028,6.0,0.0,-46.0
1776884481.0491028,4.0,0.0,-50.0
1776884481.0591028,5.0,2.0,-44.0
1776884481.0691028,2.0,4.0,-39.0
1776884481.0791028,1.0,0.0,-38.0
1776884481.0891027,-1.0,-1.0,-38.0
1776884481.0991027,0.0,0.0,-37.0
1776884481.1091027,0.0,-5.0,-39.0
1776884481.1191027,-2.0,-6.0,-40.0
1776884481.1291027,2.0,-6.0,-46.0
1776884481.1391027,3.0,-6.0,-49.0
1776884481.1491027,3.0,0.0,-52.0
1776884481.159103,1.0,3.0,-56.0
1776884481.169103,0.0,7.0,-54.0
1776884481.179103,-2.0,6.0,-45.0
1776884481.1891026,-1.0,3.0,-46.0
1776884481.1991026,-1.0,4.0,-50.0
1776884481.2091026,-2.0,4.0,-49.0
1776884481.2191026,-1.0,4.0,-56.0
1776884481.2291028,-7.0,1.0,-49.0
1776884481.2391028,0.0,0.0,-52.0
1776884481.2491028,-2.0,0.0,-50.0
1776884481.2591028,-1.0,0.0,-55.0
1776884481.2691028,-2.0,1.0,-67.0
1776884481.2791028,-5.0,0.0,-68.0
1776884481.2891028,-2.0,2.0,-75.0
1776884481.2991028,-3.0,0.0,-70.0
1776884481.3091028,-2.0,-2.0,-65.0
1776884481.3191028,2.0,-3.0,-56.0
1776884481.3291028,0.0,-5.0,-47.0
1776884481.3391027,-2.0,-8.0,-47.0
1776884481.3491027,0.0,-9.0,-47.0
1776884481.3591027,1.0,-9.0,-43.0
1776884481.3691027,1.0,-6.0,-44.0
1776884481.3791027,0.0,-2.0,-47.0
1776884481.3891027,2.0,-1.0,-45.0
1776884481.3991027,4.0,-3.0,-45.0
1776884481.409103,3.0,-4.0,-43.0
1776884481.419103,0.0,-6.0,-47.0
1776884481.429103,-4.0,-3.0,-48.0
1776884481.4391026,-5.0,-4.0,-52.0
1776884481.4491026,-5.0,-2.0,-52.0
1776884481.4591026,0.0,-2.0,-47.0
1776884481.4691026,-2.0,-4.0,-48.0
1776884481.4791028,-6.0,-2.0,-39.0
1776884481.4891028,-3.0,0.0,-38.0
1776884481.4991028,-5.0,-1.0,-36.0
1776884481.5091028,-4.0,-4.0,-30.0
1776884481.5191028,2.0,-5.0,-32.0
1776884481.5291028,6.0,-1.0,-44.0
1776884481.5391028,4.0,0.0,-46.0
1776884481.5491028,0.0,-2.0,-50.0
1776884481.5591028,-1.0,1.0,-47.0
1776884481.5691028,-3.0,1.0,-46.0
1776884481.5791028,1.0,0.0,-42.0
1776884481.5891027,-1.0,-2.0,-41.0
1776884481.5991027,-1.0,3.0,-48.0
1776884481.6091027,-1.0,5.0,-46.0
1776884481.6191027,0.0,5.0,-49.0
1776884481.6291027,2.0,3.0,-45.0
1776884481.6391027,2.0,0.0,-50.0
1776884481.6491027,3.0,-4.0,-54.0
1776884481.659103,1.0,-4.0,-45.0
1776884481.669103,-5.0,0.0,-42.0
1776884481.679103,0.0,-1.0,-46.0
1776884481.6891026,-1.0,0.0,-43.0
1776884481.6991026,-4.0,-7.0,-45.0
1776884481.7091026,0.0,-5.0,-45.0
1776884481.7191026,2.0,-4.0,-50.0
1776884481.7291028,0.0,-1.0,-45.0
1776884481.7391028,3.0,-4.0,-49.0
1776884481.7491028,-1.0,0.0,-51.0
1776884481.7591028,2.0,-1.0,-57.0
1776884481.7691028,0.0,0.0,-54.0
1776884481.7791028,-4.0,-4.0,-50.0
1776884481.7891028,-4.0,-4.0,-46.0
1776884481.7991028,-3.0,-1.0,-45.0
1776884481.8091028,-2.0,-5.0,-46.0
1776884481.8191028,1.0,-1.0,-46.0
1776884481.8291028,-1.0,-3.0,-43.0
1776884481.8391027,1.0,-4.0,-47.0
1776884481.8491027,5.0,0.0,-48.0
1776884481.8591027,0.0,-3.0,-44.0
1776884481.8691027,1.0,-3.0,-46.0
1776884481.8791027,7.0,-4.0,-42.0
1776884481.8891027,8.0,-2.0,-46.0
1776884481.8991027,7.0,-5.0,-47.0
1776884481.909103,7.0,-3.0,-51.0
1776884481.919103,10.0,-5.0,-49.0
1776884481.929103,7.0,-3.0,-51.0
1776884481.9391026,6.0,-3.0,-50.0
1776884481.9491026,6.0,-3.0,-51.0
1776884481.9591026,5.0,-2.0,-53.0
1776884481.9691026,3.0,-1.0,-48.0
1776884481.9791028,1.0,-1.0,-43.0
1776884481.9891028,0.0,-4.0,-43.0
1776884481.9991028,0.0,-3.0,-46.0
1776884482.0091028,1.0,-2.0,-50.0
1776884482.0191028,2.0,0.0,-48.0
1776884482.0291028,0.0,1.0,-43.0
1776884482.0391028,-3.0,0.0,-40.0
1776884482.0491028,-4.0,3.0,-42.0
1776884482.0591028,-3.0,5.0,-45.0
1776884482.0691028,-3.0,3.0,-50.0
1776884482.0791028,-1.0,0.0,-45.0
1776884482.0891027,2.0,1.0,-44.0
1776884482.0991027,-2.0,3.0,-42.0
1776884482.1091027,1.0,4.0,-47.0
1776884482.1191027,2.0,2.0,-49.0
1776884482.1291027,4.0,0.0,-46.0
1776884482.1391027,2.0,1.0,-48.0
1776884482.1491027,2.0,1.0,-51.0
1776884482.159103,1.0,0.0,-45.0
1776884482.169103,3.0,1.0,-53.0
1776884482.179103,2.0,-1.0,-50.0
1776884482.1891026,-3.0,0.0,-49.0
1776884482.1991026,-6.0,-2.0,-48.0
1776884482.2091026,-8.0,0.0,-50.0
1776884482.2201028,-7.0,-1.0,-52.0
1776884482.2291028,-6.0,2.0,-50.0
1776884482.2391028,-6.0,0.0,-49.0
1776884482.2491028,1.0,0.0,-51.0
1776884482.2591028,0.0,-4.0,-49.0
1776884482.2701027,0.0,-5.0,-47.0
1776884482.2801027,1.0,-4.0,-45.0
1776884482.2901027,6.0,-4.0,-46.0
1776884482.3001027,5.0,-4.0,-43.0
1776884482.3101027,8.0,0.0,-39.0
1776884482.3201027,5.0,-2.0,-43.0
1776884482.3301027,3.0,0.0,-45.0
1776884482.340103,4.0,3.0,-41.0
1776884482.350103,5.0,2.0,-40.0
1776884482.360103,5.0,6.0,-39.0
1776884482.3701026,1.0,6.0,-41.0
1776884482.3801026,1.0,4.0,-44.0
1776884482.3901026,-1.0,1.0,-50.0
1776884482.4001029,-6.0,-1.0,-47.0
1776884482.4101028,-7.0,0.0,-52.0
1776884482.4201028,-7.0,-1.0,-58.0
1776884482.4301028,-5.0,0.0,-55.0
1776884482.4401028,0.0,-4.0,-52.0
1776884482.4501028,0.0,-4.0,-49.0
1776884482.4601028,-1.0,-4.0,-48.0
1776884482.4701028,-3.0,-6.0,-42.0
1776884482.4801028,-2.0,-5.0,-47.0
1776884482.4901028,0.0,-3.0,-49.0
1776884482.5001028,-1.0,-3.0,-46.0
1776884482.5101027,-1.0,0.0,-46.0
1776884482.5201027,-3.0,-1.0,-50.0
1776884482.5301027,-1.0,0.0,-54.0
1776884482.5401027,0.0,-4.0,-48.0
1776884482.5501027,-2.0,-5.0,-51.0
1776884482.5601027,0.0,-3.0,-58.0
1776884482.5701027,3.0,-4.0,-63.0
1776884482.5801027,0.0,-1.0,-60.0
1776884482.590103,-1.0,-1.0,-59.0
1776884482.600103,2.0,-2.0,-55.0
1776884482.610103,0.0,-2.0,-51.0
1776884482.6201026,-6.0,-3.0,-50.0
1776884482.6301026,-6.0,-2.0,-47.0
1776884482.6401026,-5.0,-2.0,-39.0
1776884482.6501029,-7.0,-2.0,-43.0
1776884482.6601028,-5.0,-4.0,-43.0
1776884482.6701028,-1.0,-3.0,-46.0
1776884482.6801028,-3.0,-4.0,-42.0
1776884482.6901028,-4.0,-2.0,-36.0
1776884482.7001028,0.0,-1.0,-32.0
1776884482.7101028,3.0,0.0,-40.0
1776884482.7201028,2.0,-1.0,-46.0
1776884482.7301028,5.0,0.0,-45.0
1776884482.7401028,6.0,2.0,-47.0
1776884482.7501028,6.0,1.0,-48.0
1776884482.7601027,10.0,0.0,-54.0
1776884482.7701027,7.0,0.0,-59.0
1776884482.7801027,6.0,3.0,-49.0
1776884482.7901027,9.0,0.0,-42.0
1776884482.8001027,6.0,0.0,-41.0
1776884482.8101027,2.0,0.0,-37.0
1776884482.8201027,6.0,1.0,-39.0
1776884482.8301027,2.0,-1.0,-35.0
1776884482.840103,1.0,-2.0,-30.0
1776884482.850103,1.0,1.0,-32.0
1776884482.860103,-2.0,5.0,-30.0
1776884482.8701026,-4.0,0.0,-33.0
1776884482.8801026,-6.0,-4.0,-36.0
1776884482.8901026,0.0,-5.0,-37.0
1776884482.9001029,-1.0,-5.0,-38.0
1776884482.9101028,-1.0,-1.0,-43.0
1776884482.9201028,-1.0,-3.0,-44.0
1776884482.9301028,0.0,-1.0,-47.0
1776884482.9401028,1.0,0.0,-48.0
1776884482.9501028,0.0,0.0,-44.0
1776884482.9601028,-2.0,-3.0,-46.0
1776884482.9701028,-4.0,-1.0,-50.0
1776884482.9801028,-3.0,0.0,-51.0
1776884482.9901028,-1.0,0.0,-43.0
1776884483.0001028,1.0,-2.0,-41.0
1776884483.0101027,2.0,1.0,-41.0
1776884483.0201027,0.0,-2.0,-41.0
1776884483.0301027,0.0,-1.0,-42.0
1776884483.0401027,-2.0,1.0,-41.0
1776884483.0501027,0.0,1.0,-51.0
1776884483.0601027,1.0,2.0,-52.0
1776884483.0701027,0.0,1.0,-49.0
1776884483.0801027,1.0,5.0,-48.0
1776884483.090103,0.0,4.0,-48.0
1776884483.100103,-1.0,0.0,-44.0
1776884483.110103,2.0,-1.0,-43.0
1776884483.1201026,2.0,0.0,-42.0
1776884483.1301026,5.0,-6.0,-34.0
1776884483.1401026,6.0,-4.0,-37.0
1776884483.1501029,4.0,-4.0,-42.0
1776884483.1601028,3.0,-3.0,-36.0
1776884483.1701028,2.0,-2.0,-38.0
1776884483.1801028,0.0,-5.0,-39.0
1776884483.1901028,0.0,-6.0,-43.0
1776884483.2001028,5.0,-6.0,-46.0
1776884483.2101028,4.0,-1.0,-48.0
1776884483.2201028,3.0,2.0,-51.0
1776884483.2301028,3.0,-1.0,-52.0
1776884483.2401028,5.0,-2.0,-51.0
1776884483.2501028,5.0,-1.0,-47.0
1776884483.2601027,6.0,-1.0,-52.0
1776884483.2701027,1.0,-1.0,-46.0
1776884483.2801027,2.0,1.0,-40.0
1776884483.2901027,0.0,3.0,-36.0
1776884483.3001027,-2.0,3.0,-34.0
1776884483.3101027,0.0,0.0,-38.0
1776884483.3201027,2.0,0.0,-44.0
1776884483.3301027,0.0,0.0,-54.0
1776884483.340103,-1.0,-1.0,-51.0
1776884483.350103,-5.0,-3.0,-48.0
1776884483.360103,-7.0,-4.0,-50.0
1776884483.3701026,-17.0,-5.0,-45.0
1776884483.3801026,-16.0,-2.0,-47.0
1776884483.3901026,-12.0,0.0,-48.0
1776884483.4001029,-8.0,0.0,-46.0
1776884483.4101028,-4.0,0.0,-44.0
1776884483.4201028,-3.0,-5.0,-45.0
1776884483.4301028,-1.0,-5.0,-46.0
1776884483.4401028,-6.0,-6.0,-49.0
1776884483.4501028,-8.0,-8.0,-49.0
1776884483.4601028,-9.0,-4.0,-48.0
1776884483.4701028,-5.0,-4.0,-50.0
1776884483.4801028,-6.0,-2.0,-53.0
1776884483.4901028,-3.0,0.0,-55.0
1776884483.5001028,-2.0,-1.0,-59.0
1776884483.5101027,-5.0,1.0,-58.0
1776884483.5201027,-4.0,6.0,-46.0
1776884483.5301027,-5.0,4.0,-51.0
1776884483.5401027,-5.0,2.0,-50.0
1776884483.5501027,-1.0,0.0,-51.0
1776884483.5601027,0.0,1.0,-48.0
1776884483.5701027,-1.0,-4.0,-43.0
1776884483.5801027,-6.0,-6.0,-38.0
1776884483.590103,-3.0,-6.0,-48.0
1776884483.600103,-1.0,-5.0,-54.0
1776884483.610103,-5.0,-2.0,-58.0
1776884483.6201026,-8.0,-4.0,-52.0
1776884483.6301026,-8.0,-7.0,-43.0
1776884483.6401026,-8.0,-4.0,-48.0
1776884483.6501029,-4.0,-5.0,-54.0
1776884483.6601028,-4.0,-6.0,-54.0
1776884483.6701028,-2.0,-5.0,-53.0
1776884483.6801028,-4.0,0.0,-44.0
1776884483.6901028,-4.0,-2.0,-48.0
1776884483.7001028,-2.0,-5.0,-53.0
1776884483.7101028,0.0,-6.0,-51.0
1776884483.7201028,0.0,-6.0,-51.0
1776884483.7301028,1.0,-2.0,-53.0
1776884483.7401028,-2.0,0.0,-54.0
1776884483.7501028,0.0,1.0,-50.0
1776884483.7601027,-1.0,1.0,-42.0
1776884483.7701027,-4.0,2.0,-39.0
1776884483.7801027,2.0,3.0,-35.0
1776884483.7901027,1.0,2.0,-34.0
1776884483.8001027,2.0,1.0,-34.0
1776884483.8101027,2.0,0.0,-43.0
1776884483.8201027,-1.0,-3.0,-47.0
1776884483.8301027,-1.0,-6.0,-48.0
1776884483.840103,0.0,-8.0,-42.0
1776884483.850103,0.0,-4.0,-41.0
1776884483.860103,5.0,-5.0,-47.0
1776884483.8701026,3.0,-5.0,-49.0
1776884483.8801026,0.0,-5.0,-50.0
1776884483.8901026,1.0,-7.0,-55.0
1776884483.9001029,2.0,-10.0,-52.0
1776884483.9101028,0.0,-10.0,-48.0
1776884483.9201028,-1.0,-9.0,-51.0
1776884483.9301028,-2.0,-11.0,-50.0
1776884483.9401028,-3.0,-13.0,-44.0
1776884483.9501028,0.0,-8.0,-42.0
1776884483.9601028,1.0,-8.0,-39.0
1776884483.9701028,2.0,-8.0,-43.0
1776884483.9801028,0.0,-5.0,-44.0
1776884483.9901028,-2.0,-5.0,-43.0
1776884484.0001028,0.0,-2.0,-50.0
1776884484.0101027,3.0,3.0,-50.0
1776884484.0201027,1.0,6.0,-40.0
1776884484.0301027,0.0,6.0,-37.0
1776884484.0401027,3.0,5.0,-41.0
1776884484.0501027,6.0,3.0,-40.0
1776884484.0601027,6.0,1.0,-39.0
1776884484.0701027,1.0,-1.0,-43.0
1776884484.0801027,1.0,0.0,-48.0
1776884484.090103,0.0,1.0,-50.0
1776884484.100103,2.0,1.0,-58.0
1776884484.110103,3.0,0.0,-53.0
1776884484.1201026,7.0,1.0,-48.0
1776884484.1301026,6.0,0.0,-49.0
1776884484.1401026,9.0,-4.0,-49.0
1776884484.1501029,6.0,-9.0,-52.0
1776884484.1601028,2.0,-11.0,-58.0
1776884484.1701028,3.0,-12.0,-57.0
1776884484.1801028,4.0,-10.0,-54.0
1776884484.1901028,5.0,-7.0,-50.0
1776884484.2011027,1.0,-5.0,-49.0
1776884484.2111027,0.0,-6.0,-39.0
1776884484.2201028,0.0,-7.0,-35.0
1776884484.2301028,2.0,-6.0,-35.0
1776884484.2401028,2.0,-4.0,-36.0
1776884484.2511027,6.0,-9.0,-42.0
1776884484.261103,4.0,-11.0,-44.0
1776884484.271103,4.0,-9.0,-46.0
1776884484.281103,4.0,-6.0,-47.0
1776884484.2911026,4.0,-4.0,-47.0
1776884484.3011026,2.0,-3.0,-49.0
1776884484.3111026,10.0,-1.0,-45.0
1776884484.3211029,9.0,4.0,-41.0
1776884484.3311028,3.0,5.0,-42.0
1776884484.3411028,-1.0,5.0,-37.0
1776884484.3511028,0.0,6.0,-41.0
1776884484.3611028,0.0,3.0,-44.0
1776884484.3711028,1.0,3.0,-42.0
1776884484.3811028,3.0,5.0,-44.0
1776884484.3911028,2.0,5.0,-47.0
1776884484.4011028,4.0,2.0,-52.0
1776884484.4111028,4.0,3.0,-49.0
1776884484.4211028,3.0,5.0,-47.0
1776884484.4311028,0.0,5.0,-44.0
1776884484.4411027,-1.0,0.0,-42.0
1776884484.4511027,1.0,-1.0,-41.0
1776884484.4611027,0.0,-6.0,-36.0
1776884484.4711027,-3.0,-4.0,-33.0
1776884484.4811027,-1.0,-2.0,-30.0
1776884484.4911027,3.0,0.0,-31.0
1776884484.5011027,2.0,0.0,-35.0
1776884484.511103,5.0,1.0,-41.0
1776884484.521103,7.0,0.0,-45.0
1776884484.531103,3.0,1.0,-42.0
1776884484.5411026,6.0,2.0,-40.0
1776884484.5511026,7.0,1.0,-40.0
1776884484.5611026,10.0,3.0,-50.0
1776884484.5711029,7.0,0.0,-53.0
1776884484.5811028,6.0,-1.0,-48.0
1776884484.5911028,4.0,-2.0,-54.0
1776884484.6011028,0.0,-1.0,-48.0
1776884484.6111028,-3.0,-2.0,-43.0
1776884484.6211028,0.0,-1.0,-46.0
1776884484.6311028,3.0,-1.0,-51.0
1776884484.6411028,0.0,4.0,-56.0
1776884484.6511028,0.0,1.0,-53.0
1776884484.6611028,1.0,-1.0,-48.0
1776884484.6711028,2.0,0.0,-47.0
1776884484.6811028,4.0,0.0,-50.0
1776884484.6911027,1.0,7.0,-55.0
1776884484.7011027,1.0,4.0,-49.0
1776884484.7111027,0.0,2.0,-47.0
1776884484.7211027,4.0,0.0,-53.0
1776884484.7311027,2.0,-3.0,-55.0
1776884484.7411027,4.0,2.0,-57.0
1776884484.7511027,2.0,4.0,-63.0
1776884484.7621028,2.0,2.0,-69.0
1776884484.771103,0.0,3.0,-64.0
1776884484.781103,-3.0,-1.0,-59.0
1776884484.7911026,-2.0,0.0,-55.0
1776884484.8011026,0.0,0.0,-53.0
1776884484.8111026,0.0,0.0,-49.0
1776884484.8211029,-2.0,0.0,-47.0
1776884484.8311028,0.0,1.0,-52.0
1776884484.8411028,3.0,6.0,-50.0
1776884484.8511028,2.0,4.0,-50.0
1776884484.8611028,1.0,2.0,-45.0
1776884484.8711028,2.0,1.0,-40.0
1776884484.8811028,3.0,-2.0,-43.0
1776884484.8911028,5.0,-1.0,-46.0
1776884484.9011028,3.0,-5.0,-43.0
1776884484.9111028,1.0,-4.0,-48.0
1776884484.9211028,-3.0,-6.0,-53.0
1776884484.9311028,-3.0,-5.0,-49.0
1776884484.9411027,-3.0,-3.0,-52.0
1776884484.9511027,2.0,-4.0,-54.0
1776884484.9611027,4.0,-2.0,-55.0
1776884484.9711027,6.0,0.0,-56.0
1776884484.9811027,8.0,2.0,-58.0
1776884484.9911027,11.0,2.0,-58.0
1776884485.0011027,4.0,2.0,-57.0
1776884485.011103,-1.0,3.0,-54.0
1776884485.021103,-4.0,0.0,-57.0
1776884485.031103,-5.0,3.0,-54.0
1776884485.0411026,-10.0,5.0,-45.0
1776884485.0511026,-9.0,1.0,-42.0
1776884485.0611026,-7.0,0.0,-44.0
1776884485.0711029,-6.0,3.0,-40.0
1776884485.0811028,-8.0,5.0,-41.0
1776884485.0911028,-9.0,4.0,-42.0
1776884485.1011028,-6.0,3.0,-42.0
1776884485.1111028,-5.0,2.0,-46.0
1776884485.1211028,-6.0,2.0,-50.0
1776884485.1311028,-6.0,0.0,-45.0
1776884485.1411028,-1.0,-2.0,-50.0
1776884485.1511028,-3.0,-2.0,-57.0
1776884485.1611028,-7.0,-3.0,-59.0
1776884485.1711028,-2.0,2.0,-59.0
1776884485.1811028,4.0,4.0,-60.0
1776884485.1911027,3.0,10.0,-59.0
1776884485.2011027,1.0,9.0,-60.0
1776884485.2111027,0.0,5.0,-60.0
1776884485.2211027,0.0,-1.0,-48.0
1776884485.2311027,-4.0,-3.0,-50.0
1776884485.2411027,-8.0,0.0,-51.0
1776884485.2511027,-5.0,0.0,-45.0
1776884485.261103,-5.0,0.0,-43.0
1776884485.271103,-3.0,0.0,-43.0
1776884485.281103,-5.0,-1.0,-46.0
1776884485.2911026,-4.0,-2.0,-46.0
1776884485.3011026,-5.0,-3.0,-45.0
1776884485.3111026,-4.0,-4.0,-53.0
1776884485.3211029,-2.0,-1.0,-52.0
1776884485.3311028,0.0,0.0,-54.0
1776884485.3411028,0.0,4.0,-57.0
1776884485.3511028,0.0,6.0,-60.0
1776884485.3611028,0.0,4.0,-61.0
1776884485.3711028,1.0,3.0,-60.0
1776884485.3811028,1.0,-1.0,-60.0
1776884485.3911028,0.0,0.0,-61.0
1776884485.4011028,0.0,-1.0,-60.0
1776884485.4111028,0.0,0.0,-64.0
1776884485.4211028,1.0,0.0,-69.0
1776884485.4311028,4.0,2.0,-64.0
1776884485.4411027,5.0,3.0,-53.0
1776884485.4511027,2.0,3.0,-55.0
1776884485.4611027,0.0,5.0,-57.0
1776884485.4711027,-1.0,4.0,-60.0
1776884485.4811027,0.0,1.0,-64.0
1776884485.4911027,0.0,2.0,-59.0
1776884485.5011027,2.0,0.0,-61.0
1776884485.511103,0.0,-2.0,-59.0
1776884485.521103,-2.0,0.0,-55.0
1776884485.531103,-3.0,1.0,-57.0
1776884485.5411026,-5.0,0.0,-58.0
1776884485.5511026,-7.0,1.0,-57.0
1776884485.5611026,-7.0,-1.0,-59.0
1776884485.5711029,-5.0,-1.0,-56.0
1776884485.5811028,-1.0,-3.0,-55.0
1776884485.5911028,-2.0,-4.0,-45.0
1776884485.6011028,-4.0,-2.0,-40.0
1776884485.6111028,-5.0,-1.0,-38.0
1776884485.6211028,-1.0,-2.0,-44.0
1776884485.6311028,-1.0,-1.0,-48.0
1776884485.6411028,1.0,0.0,-46.0
1776884485.6511028,1.0,1.0,-47.0
1776884485.6611028,5.0,1.0,-48.0
1776884485.6711028,8.0,0.0,-55.0
1776884485.6811028,7.0,-2.0,-48.0
1776884485.6911027,6.0,0.0,-48.0
1776884485.7011027,4.0,0.0,-45.0
1776884485.7111027,1.0,2.0,-46.0
1776884485.7211027,3.0,0.0,-55.0
1776884485.7311027,-2.0,0.0,-65.0
1776884485.7411027,-7.0,3.0,-65.0
1776884485.7511027,-4.0,0.0,-59.0
1776884485.761103,-3.0,2.0,-53.0
1776884485.771103,-1.0,0.0,-51.0
1776884485.781103,2.0,0.0,-53.0
1776884485.7911026,6.0,0.0,-54.0
1776884485.8011026,8.0,-4.0,-56.0
1776884485.8111026,10.0,-4.0,-67.0
1776884485.8211029,9.0,-2.0,-63.0
1776884485.8311028,8.0,0.0,-54.0
1776884485.8411028,4.0,2.0,-53.0
1776884485.8511028,1.0,1.0,-55.0
1776884485.8611028,1.0,0.0,-59.0
1776884485.8711028,0.0,0.0,-50.0
1776884485.8811028,-1.0,-1.0,-46.0
1776884485.8911028,-3.0,-1.0,-50.0
1776884485.9011028,-1.0,-3.0,-54.0
1776884485.9111028,0.0,-4.0,-58.0
1776884485.9211028,1.0,-6.0,-55.0
1776884485.9311028,1.0,-4.0,-49.0
1776884485.9411027,-2.0,-6.0,-49.0
1776884485.9511027,1.0,-3.0,-47.0
1776884485.9611027,2.0,-4.0,-52.0
1776884485.9711027,6.0,-8.0,-53.0
1776884485.9811027,8.0,-6.0,-57.0
1776884485.9911027,3.0,-4.0,-66.0
1776884486.0011027,2.0,-1.0,-63.0
1776884486.011103,3.0,2.0,-59.0
1776884486.021103,5.0,0.0,-51.0
1776884486.031103,7.0,-1.0,-48.0
1776884486.0411026,4.0,-1.0,-48.0
1776884486.0511026,3.0,-3.0,-44.0
1776884486.0611026,1.0,-3.0,-41.0
1776884486.0711029,3.0,-4.0,-35.0
1776884486.0811028,2.0,-5.0,-37.0
1776884486.0911028,4.0,-5.0,-43.0
1776884486.1011028,4.0,0.0,-46.0
1776884486.1111028,5.0,-2.0,-47.0
1776884486.1211028,7.0,-6.0,-47.0
1776884486.1311028,7.0,-5.0,-49.0
1776884486.1411028,3.0,-4.0,-49.0
1776884486.1511028,5.0,-5.0,-45.0
1776884486.1611028,1.0,-1.0,-40.0
1776884486.1721027,-3.0,-1.0,-40.0
1776884486.182103,-4.0,-2.0,-40.0
1776884486.192103,0.0,-1.0,-41.0
1776884486.202103,1.0,-2.0,-52.0
1776884486.212103,-1.0,-2.0,-56.0
1776884486.2221026,-2.0,-2.0,-53.0
1776884486.2321026,0.0,-5.0,-55.0
1776884486.2421026,2.0,-6.0,-49.0
1776884486.2521029,5.0,-8.0,-52.0
1776884486.2621028,6.0,-10.0,-54.0
1776884486.2721028,3.0,-12.0,-54.0
1776884486.2821028,1.0,-10.0,-47.0
1776884486.2921028,3.0,-8.0,-51.0
1776884486.3021028,5.0,-7.0,-58.0
1776884486.3121028,4.0,-4.0,-57.0
1776884486.3221028,1.0,-7.0,-50.0
1776884486.3321028,0.0,-9.0,-50.0
1776884486.3421028,0.0,-8.0,-54.0
1776884486.3521028,0.0,-5.0,-49.0
1776884486.3621027,1.0,-2.0,-46.0
1776884486.3721027,10.0,0.0,-40.0
1776884486.3821027,4.0,2.0,-47.0
1776884486.3921027,1.0,3.0,-50.0
1776884486.4021027,1.0,3.0,-47.0
1776884486.4121027,2.0,2.0,-46.0
1776884486.4221027,3.0,4.0,-47.0
1776884486.432103,5.0,2.0,-55.0
1776884486.442103,2.0,0.0,-57.0
1776884486.452103,0.0,0.0,-54.0
1776884486.462103,-3.0,-3.0,-56.0
1776884486.4721026,0.0,-7.0,-49.0
1776884486.4821026,0.0,-8.0,-45.0
1776884486.4921026,-2.0,-8.0,-41.0
1776884486.5021029,-1.0,-7.0,-44.0
1776884486.5121028,4.0,-8.0,-48.0
1776884486.5221028,0.0,-9.0,-47.0
1776884486.5321028,0.0,-11.0,-41.0
1776884486.5421028,0.0,-11.0,-41.0
1776884486.5521028,1.0,-8.0,-44.0
1776884486.5621028,0.0,-6.0,-45.0
1776884486.5721028,1.0,0.0,-50.0
1776884486.5821028,0.0,0.0,-49.0
1776884486.5921028,2.0,-1.0,-45.0
1776884486.6021028,2.0,0.0,-44.0
1776884486.6121027,0.0,1.0,-46.0
1776884486.6221027,-3.0,0.0,-41.0
1776884486.6321027,-2.0,2.0,-37.0
1776884486.6421027,-2.0,0.0,-34.0
1776884486.6521027,2.0,0.0,-30.0
1776884486.6621027,1.0,2.0,-34.0
1776884486.6721027,-5.0,2.0,-35.0
1776884486.682103,-2.0,0.0,-44.0
1776884486.692103,-2.0,-2.0,-49.0
1776884486.702103,1.0,-2.0,-44.0
1776884486.712103,0.0,2.0,-38.0
1776884486.7221026,-1.0,7.0,-39.0
1776884486.7321026,-2.0,2.0,-39.0
1776884486.7421026,-3.0,-1.0,-39.0
1776884486.7521029,-4.0,0.0,-42.0
1776884486.7621028,-1.0,-2.0,-40.0
1776884486.7721028,-1.0,-2.0,-38.0
1776884486.7821028,-2.0,-1.0,-43.0
1776884486.7921028,-1.0,-1.0,-42.0
1776884486.8021028,2.0,0.0,-38.0
1776884486.8121028,1.0,-1.0,-42.0
1776884486.8221028,-2.0,-5.0,-38.0
1776884486.8321028,-6.0,-5.0,-43.0
1776884486.8421028,-6.0,-8.0,-51.0
1776884486.8521028,-5.0,-7.0,-50.0
1776884486.8621027,-2.0,-8.0,-48.0
1776884486.8721027,-1.0,-9.0,-52.0
1776884486.8821027,-6.0,-6.0,-49.0
1776884486.8921027,-3.0,-6.0,-47.0
1776884486.9021027,-2.0,-5.0,-47.0
1776884486.9121027,-7.0,-3.0,-46.0
1776884486.9221027,-5.0,-3.0,-42.0
1776884486.932103,-3.0,-5.0,-36.0
1776884486.942103,-4.0,-5.0,-40.0
1776884486.952103,-1.0,-7.0,-43.0
1776884486.962103,-2.0,-9.0,-57.0
1776884486.9721026,-1.0,-9.0,-60.0
1776884486.9821026,-2.0,-9.0,-53.0
1776884486.9921026,0.0,-6.0,-52.0
1776884487.0021029,0.0,-8.0,-47.0
1776884487.0121028,0.0,-3.0,-49.0
1776884487.0221028,2.0,0.0,-52.0
1776884487.0321028,3.0,-1.0,-54.0
1776884487.0421028,0.0,-3.0,-49.0
1776884487.0521028,-2.0,-5.0,-48.0
1776884487.0621028,-4.0,-6.0,-48.0
1776884487.0721028,-2.0,-7.0,-51.0
1776884487.0821028,1.0,-4.0,-49.0
1776884487.0921028,-1.0,-7.0,-51.0
1776884487.1021028,0.0,-6.0,-43.0
1776884487.1121027,0.0,-7.0,-40.0
1776884487.1221027,3.0,-8.0,-37.0
1776884487.1321027,3.0,-10.0,-39.0
1776884487.1421027,1.0,-7.0,-46.0
1776884487.1521027,4.0,-6.0,-48.0
1776884487.1621027,4.0,-5.0,-46.0
1776884487.1721027,3.0,-3.0,-47.0
1776884487.182103,0.0,-2.0,-46.0
1776884487.192103,4.0,-6.0,-44.0
1776884487.202103,10.0,-4.0,-48.0
1776884487.212103,10.0,0.0,-44.0
1776884487.2221026,10.0,1.0,-47.0
1776884487.2321026,9.0,5.0,-45.0
1776884487.2421026,4.0,2.0,-43.0
1776884487.2521029,1.0,-3.0,-40.0
1776884487.2621028,1.0,-3.0,-39.0
1776884487.2721028,-2.0,-6.0,-42.0
1776884487.2821028,-2.0,-7.0,-47.0
1776884487.2921028,-1.0,-2.0,-49.0
1776884487.3021028,1.0,1.0,-46.0
1776884487.3121028,-2.0,6.0,-50.0
1776884487.3221028,-2.0,4.0,-56.0
1776884487.3321028,-5.0,2.0,-53.0
1776884487.3421028,-2.0,8.0,-54.0
1776884487.3521028,0.0,9.0,-49.0
1776884487.3621027,0.0,10.0,-48.0
1776884487.3721027,-6.0,6.0,-48.0
1776884487.3821027,-6.0,1.0,-45.0
1776884487.3921027,-8.0,0.0,-43.0
1776884487.4021027,-6.0,-3.0,-47.0
1776884487.4121027,-1.0,1.0,-48.0
1776884487.4221027,0.0,3.0,-57.0
1776884487.432103,0.0,1.0,-55.0
1776884487.442103,-1.0,1.0,-51.0
1776884487.452103,3.0,-1.0,-48.0
1776884487.462103,4.0,0.0,-44.0
1776884487.4721026,0.0,3.0,-46.0
1776884487.4821026,0.0,2.0,-53.0
1776884487.4921026,0.0,3.0,-59.0
1776884487.5021029,3.0,5.0,-61.0
1776884487.5121028,5.0,7.0,-56.0
1776884487.5221028,4.0,3.0,-50.0
1776884487.5321028,3.0,4.0,-47.0
1776884487.5421028,3.0,4.0,-48.0
1776884487.5521028,4.0,1.0,-47.0
1776884487.5621028,3.0,0.0,-45.0
1776884487.5721028,2.0,0.0,-45.0
1776884487.5821028,0.0,-6.0,-42.0
1776884487.5921028,4.0,-7.0,-41.0
1776884487.6021028,0.0,-7.0,-41.0
1776884487.6121027,0.0,-2.0,-51.0
1776884487.6221027,0.0,0.0,-56.0
1776884487.6321027,2.0,0.0,-58.0
1776884487.6421027,0.0,0.0,-56.0
1776884487.6521027,0.0,-1.0,-56.0
1776884487.6621027,1.0,-1.0,-57.0
1776884487.6721027,-1.0,-1.0,-54.0
1776884487.682103,-6.0,-6.0,-53.0
1776884487.692103,-4.0,-6.0,-53.0
1776884487.702103,-5.0,-3.0,-51.0
1776884487.712103,-5.0,-6.0,-49.0
1776884487.7221026,-10.0,-8.0,-46.0
1776884487.7321026,-3.0,-5.0,-42.0
1776884487.7421026,2.0,-3.0,-40.0
1776884487.7521029,7.0,-6.0,-40.0
1776884487.7621028,5.0,-7.0,-43.0
1776884487.7721028,3.0,-7.0,-38.0
1776884487.7821028,0.0,-10.0,-40.0
1776884487.7921028,0.0,-7.0,-44.0
1776884487.8021028,-3.0,-10.0,-51.0
1776884487.8121028,-3.0,-7.0,-52.0
1776884487.8221028,-5.0,-1.0,-48.0
1776884487.8321028,-6.0,-3.0,-43.0
1776884487.8421028,-5.0,-5.0,-42.0
1776884487.8521028,0.0,-1.0,-37.0
1776884487.8621027,-6.0,0.0,-36.0
1776884487.8721027,-7.0,0.0,-39.0
1776884487.8821027,-3.0,-2.0,-36.0
1776884487.8921027,0.0,-1.0,-39.0
1776884487.9021027,0.0,1.0,-37.0
1776884487.9121027,1.0,2.0,-36.0
1776884487.9221027,0.0,3.0,-43.0
1776884487.932103,-4.0,2.0,-45.0
1776884487.942103,-1.0,0.0,-45.0
1776884487.952103,0.0,-3.0,-48.0
1776884487.962103,-4.0,-3.0,-50.0
1776884487.9721026,-2.0,-2.0,-39.0
1776884487.9821026,0.0,-2.0,-39.0
1776884487.9921026,-3.0,0.0,-41.0
1776884488.0021029,-2.0,0.0,-42.0
1776884488.0121028,0.0,-5.0,-48.0
1776884488.0221028,3.0,-4.0,-47.0
1776884488.0321028,4.0,-5.0,-45.0
1776884488.0421028,2.0,-7.0,-46.0
1776884488.0521028,-1.0,-3.0,-45.0
1776884488.0621028,0.0,0.0,-47.0
1776884488.0721028,1.0,0.0,-48.0
1776884488.0821028,0.0,0.0,-52.0
1776884488.0921028,-1.0,1.0,-52.0
1776884488.1021028,-2.0,0.0,-54.0
1776884488.1121027,-4.0,-3.0,-48.0
1776884488.123103,-3.0,0.0,-42.0
1776884488.1321027,-1.0,-3.0,-47.0
1776884488.1421027,2.0,0.0,-40.0
1776884488.1521027,-3.0,0.0,-43.0
1776884488.1631026,-3.0,-1.0,-48.0
1776884488.1731029,-3.0,-2.0,-48.0
1776884488.1831028,0.0,-2.0,-44.0
1776884488.1931028,1.0,-2.0,-42.0
1776884488.2031028,-1.0,-1.0,-40.0
1776884488.2131028,-2.0,0.0,-35.0
1776884488.2231028,-2.0,-1.0,-30.0
1776884488.2331028,0.0,0.0,-27.0
1776884488.2431028,-1.0,-2.0,-30.0
1776884488.2531028,0.0,-1.0,-36.0
1776884488.2631028,0.0,2.0,-42.0
1776884488.2731028,0.0,1.0,-47.0
1776884488.2831028,1.0,0.0,-39.0
1776884488.2931027,0.0,0.0,-42.0
1776884488.3031027,-2.0,3.0,-44.0
1776884488.3131027,-3.0,0.0,-41.0
1776884488.3231027,-4.0,0.0,-40.0
1776884488.3331027,-3.0,0.0,-41.0
1776884488.3431027,5.0,0.0,-39.0
1776884488.3531027,6.0,0.0,-39.0
1776884488.363103,-1.0,-2.0,-37.0
1776884488.373103,-3.0,-1.0,-41.0
1776884488.383103,-4.0,-3.0,-39.0
1776884488.3931026,0.0,0.0,-45.0
1776884488.4031026,3.0,0.0,-48.0
1776884488.4131026,2.0,5.0,-59.0
1776884488.4231029,1.0,5.0,-60.0
1776884488.4331028,4.0,5.0,-61.0
1776884488.4431028,7.0,4.0,-59.0
1776884488.4531028,8.0,3.0,-59.0
1776884488.4631028,10.0,-1.0,-50.0
1776884488.4731028,8.0,-3.0,-51.0
1776884488.4831028,4.0,-3.0,-49.0
1776884488.4931028,4.0,-3.0,-42.0
1776884488.5031028,8.0,-5.0,-43.0
1776884488.5131028,3.0,-1.0,-39.0
1776884488.5231028,6.0,-4.0,-36.0
1776884488.5331028,8.0,-3.0,-43.0
1776884488.5431027,8.0,-1.0,-44.0
1776884488.5531027,4.0,-3.0,-42.0
1776884488.5631027,3.0,-4.0,-45.0
1776884488.5731027,3.0,-2.0,-47.0
1776884488.5831027,1.0,-5.0,-42.0
1776884488.5931027,2.0,-5.0,-48.0
1776884488.6031027,-4.0,-4.0,-49.0
1776884488.613103,-3.0,-3.0,-45.0
1776884488.623103,1.0,-4.0,-44.0
1776884488.633103,5.0,-5.0,-43.0
1776884488.6431026,0.0,-3.0,-48.0
1776884488.6531026,-2.0,-4.0,-47.0
1776884488.6631026,0.0,-8.0,-50.0
1776884488.6731029,1.0,-6.0,-52.0
1776884488.6831028,2.0,-7.0,-50.0
1776884488.6931028,1.0,-7.0,-47.0
1776884488.7031028,0.0,-5.0,-48.0
1776884488.7131028,1.0,-5.0,-50.0
1776884488.7231028,1.0,-5.0,-46.0
1776884488.7331028,4.0,-5.0,-46.0
1776884488.7431028,3.0,-4.0,-42.0
1776884488.7531028,5.0,-2.0,-38.0
1776884488.7631028,2.0,-1.0,-41.0
1776884488.7731028,3.0,-3.0,-43.0
1776884488.7831028,5.0,-3.0,-43.0
1776884488.7931027,4.0,0.0,-46.0
1776884488.8031027,7.0,1.0,-50.0
1776884488.8131027,4.0,2.0,-50.0
1776884488.8231027,6.0,0.0,-55.0
1776884488.8331027,4.0,0.0,-58.0
1776884488.8431027,5.0,-2.0,-64.0
1776884488.8531027,5.0,-3.0,-67.0
1776884488.863103,6.0,-3.0,-57.0
1776884488.873103,4.0,-2.0,-49.0
1776884488.883103,-3.0,-3.0,-49.0
1776884488.8931026,-1.0,-2.0,-49.0
1776884488.9031026,1.0,-5.0,-53.0
1776884488.9131026,-3.0,-4.0,-54.0
1776884488.9231029,-1.0,-3.0,-53.0
1776884488.9331028,1.0,-1.0,-46.0
1776884488.9431028,1.0,-1.0,-44.0
1776884488.9531028,2.0,0.0,-44.0
1776884488.9631028,1.0,4.0,-51.0
1776884488.9731028,4.0,4.0,-59.0
1776884488.9831028,-3.0,5.0,-56.0
1776884488.9931028,-5.0,3.0,-48.0
1776884489.0031028,-1.0,1.0,-52.0
1776884489.0131028,-2.0,3.0,-52.0
1776884489.0231028,-4.0,3.0,-43.0
1776884489.0331028,-3.0,2.0,-44.0
1776884489.0431027,0.0,4.0,-39.0
1776884489.0531027,4.0,0.0,-38.0
1776884489.0631027,1.0,-4.0,-46.0
1776884489.0731027,2.0,-5.0,-49.0
1776884489.0831027,0.0,0.0,-56.0
1776884489.0931027,0.0,-1.0,-53.0
1776884489.1031027,0.0,-3.0,-43.0
1776884489.113103,-1.0,-5.0,-42.0
1776884489.123103,-2.0,-1.0,-44.0
1776884489.133103,-1.0,-6.0,-48.0
1776884489.1431026,-1.0,-7.0,-50.0
1776884489.1531026,2.0,-3.0,-49.0
1776884489.1631026,-1.0,-6.0,-50.0
1776884489.1731029,0.0,-8.0,-49.0
1776884489.1831028,1.0,-10.0,-48.0
1776884489.1931028,1.0,-11.0,-48.0
1776884489.2031028,3.0,-11.0,-47.0
1776884489.2131028,4.0,-7.0,-46.0
1776884489.2231028,4.0,-7.0,-40.0
1776884489.2331028,5.0,-4.0,-45.0
1776884489.2431028,4.0,-5.0,-47.0
1776884489.2531028,-2.0,-6.0,-51.0
1776884489.2631028,-2.0,-6.0,-47.0
1776884489.2731028,-4.0,-10.0,-46.0
1776884489.2831028,-5.0,-12.0,-38.0
1776884489.2931027,-3.0,-11.0,-36.0
1776884489.3031027,0.0,-8.0,-36.0
1776884489.3131027,0.0,-4.0,-33.0
1776884489.3231027,-2.0,-9.0,-32.0
1776884489.3331027,-6.0,-8.0,-30.0
1776884489.3431027,-3.0,-9.0,-37.0
1776884489.3531027,-5.0,-11.0,-44.0
1776884489.363103,-5.0,-12.0,-50.0
1776884489.373103,-4.0,-8.0,-52.0
1776884489.383103,-6.0,-5.0,-56.0
1776884489.3931026,-7.0,-4.0,-56.0
1776884489.4031026,-4.0,-2.0,-52.0
1776884489.4131026,0.0,-1.0,-56.0
1776884489.4231029,5.0,-4.0,-57.0
1776884489.4331028,4.0,-6.0,-54.0
1776884489.4431028,-1.0,-1.0,-59.0
1776884489.4531028,3.0,0.0,-58.0
1776884489.4631028,5.0,-7.0,-59.0
1776884489.4731028,7.0,-10.0,-54.0
1776884489.4831028,3.0,-9.0,-51.0
1776884489.4931028,-2.0,-6.0,-49.0
1776884489.5031028,0.0,-1.0,-48.0
1776884489.5131028,1.0,2.0,-42.0
1776884489.5231028,2.0,0.0,-40.0
1776884489.5331028,0.0,-3.0,-42.0
1776884489.5431027,-1.0,-3.0,-45.0
1776884489.5531027,1.0,-2.0,-49.0
1776884489.5631027,5.0,-2.0,-49.0
1776884489.5731027,9.0,-3.0,-47.0
1776884489.5831027,10.0,-4.0,-47.0
1776884489.5931027,8.0,-4.0,-43.0
1776884489.6031027,8.0,-2.0,-37.0
1776884489.613103,2.0,0.0,-34.0
1776884489.623103,1.0,-1.0,-35.0
1776884489.633103,0.0,-2.0,-29.0
1776884489.6431026,-3.0,0.0,-31.0
1776884489.6531026,0.0,0.0,-41.0
1776884489.6631026,1.0,-3.0,-50.0
1776884489.6731029,0.0,-6.0,-49.0
1776884489.6831028,4.0,-2.0,-49.0
1776884489.6931028,5.0,0.0,-50.0
1776884489.7031028,7.0,-2.0,-51.0
1776884489.7131028,8.0,0.0,-47.0
1776884489.7231028,3.0,-3.0,-49.0
1776884489.7331028,0.0,-3.0,-49.0
1776884489.7431028,3.0,-4.0,-49.0
1776884489.7531028,1.0,-1.0,-48.0
1776884489.7631028,-1.0,4.0,-47.0
1776884489.7731028,-2.0,1.0,-48.0
1776884489.7831028,0.0,-2.0,-51.0
1776884489.7931027,-4.0,-6.0,-55.0
1776884489.8031027,-4.0,-6.0,-52.0
1776884489.8131027,-2.0,-1.0,-44.0
1776884489.8231027,-2.0,-1.0,-43.0
1776884489.8331027,-1.0,-1.0,-42.0
1776884489.8431027,0.0,-3.0,-48.0
1776884489.8531027,0.0,-1.0,-48.0
1776884489.863103,5.0,-2.0,-46.0
1776884489.873103,5.0,-6.0,-46.0
1776884489.883103,3.0,-9.0,-42.0
1776884489.8931026,3.0,-5.0,-44.0
1776884489.9031026,2.0,-6.0,-46.0
1776884489.9131026,5.0,-7.0,-45.0
1776884489.9231029,3.0,-6.0,-40.0
1776884489.9331028,-1.0,-11.0,-45.0
1776884489.9431028,-4.0,-10.0,-50.0
1776884489.9531028,-4.0,-4.0,-50.0
1776884489.9631028,-5.0,-5.0,-49.0
1776884489.9731028,-5.0,-6.0,-45.0
1776884489.9831028,-4.0,-4.0,-45.0
1776884489.9931028,-2.0,-2.0,-41.0
1776884490.0031028,0.0,-3.0,-44.0
1776884490.0131028,4.0,-2.0,-40.0
1776884490.0231028,7.0,-2.0,-46.0
1776884490.0331028,4.0,-1.0,-41.0
1776884490.0431027,0.0,0.0,-43.0
1776884490.0531027,2.0,4.0,-42.0
1776884490.0631027,3.0,4.0,-42.0
1776884490.0731027,4.0,1.0,-44.0
1776884490.0831027,6.0,4.0,-47.0
1776884490.0931027,5.0,1.0,-43.0
1776884490.1041028,2.0,1.0,-43.0
1776884490.1141028,0.0,5.0,-42.0
1776884490.1241028,1.0,4.0,-44.0
1776884490.1341028,-2.0,1.0,-44.0
1776884490.1441028,-7.0,-1.0,-43.0
1776884490.1541028,-10.0,-1.0,-37.0
1776884490.1641028,-12.0,1.0,-37.0
1776884490.1741028,-10.0,0.0,-39.0
1776884490.1841028,-12.0,1.0,-46.0
1776884490.1941028,-12.0,-4.0,-44.0
1776884490.2041028,-12.0,-2.0,-42.0
1776884490.2141027,-6.0,-2.0,-44.0
1776884490.2241027,0.0,-3.0,-43.0
1776884490.2341027,1.0,0.0,-48.0
1776884490.2441027,2.0,-1.0,-53.0
1776884490.2541027,2.0,0.0,-56.0
1776884490.2641027,4.0,-1.0,-51.0
1776884490.2741027,0.0,-2.0,-53.0
1776884490.284103,2.0,-4.0,-51.0
1776884490.294103,3.0,-8.0,-52.0
1776884490.304103,3.0,-12.0,-50.0
1776884490.3141026,0.0,-8.0,-56.0
1776884490.3241026,0.0,-4.0,-54.0
1776884490.3341026,2.0,0.0,-53.0
1776884490.3441026,1.0,1.0,-50.0
1776884490.3541028,3.0,0.0,-53.0
1776884490.3641028,6.0,3.0,-44.0
1776884490.3741028,4.0,4.0,-49.0
1776884490.3841028,1.0,0.0,-49.0
1776884490.3941028,-4.0,-1.0,-51.0
1776884490.4041028,-5.0,-1.0,-49.0
1776884490.4141028,-6.0,-6.0,-49.0
1776884490.4241028,-2.0,-9.0,-50.0
1776884490.4341028,0.0,-3.0,-51.0
1776884490.4441028,1.0,-5.0,-49.0
1776884490.4541028,0.0,-8.0,-56.0
1776884490.4641027,-1.0,-9.0,-61.0
1776884490.4741027,-1.0,-8.0,-60.0
1776884490.4841027,2.0,-1.0,-58.0
1776884490.4941027,0.0,-4.0,-57.0
1776884490.5041027,3.0,-2.0,-53.0
1776884490.5141027,5.0,-2.0,-55.0
1776884490.5241027,7.0,0.0,-48.0
1776884490.534103,4.0,-2.0,-53.0
1776884490.544103,6.0,-2.0,-52.0
1776884490.554103,3.0,-6.0,-52.0
1776884490.5641026,0.0,0.0,-48.0
1776884490.5741026,-2.0,0.0,-46.0
1776884490.5841026,0.0,0.0,-52.0
1776884490.5941026,1.0,0.0,-59.0
1776884490.6041028,1.0,0.0,-59.0
1776884490.6141028,1.0,0.0,-56.0
1776884490.6241028,0.0,-2.0,-57.0
1776884490.6341028,-1.0,-5.0,-56.0
1776884490.6441028,-4.0,-3.0,-51.0
1776884490.6541028,-1.0,-4.0,-57.0
1776884490.6641028,3.0,-3.0,-59.0
1776884490.6741028,7.0,-5.0,-56.0
1776884490.6841028,7.0,-6.0,-49.0
1776884490.6941028,5.0,-3.0,-44.0
1776884490.7041028,2.0,-5.0,-43.0
1776884490.7141027,-1.0,-9.0,-41.0
1776884490.7241027,0.0,-12.0,-40.0
1776884490.7341027,4.0,-4.0,-42.0
1776884490.7441027,3.0,-3.0,-44.0
1776884490.7541027,5.0,0.0,-42.0
1776884490.7641027,4.0,0.0,-47.0
1776884490.7741027,4.0,0.0,-48.0
1776884490.784103,3.0,1.0,-44.0
1776884490.794103,6.0,-1.0,-43.0
1776884490.804103,5.0,-2.0,-43.0
1776884490.8141026,1.0,-5.0,-49.0
1776884490.8241026,0.0,-4.0,-45.0
1776884490.8341026,2.0,-7.0,-50.0
1776884490.8441026,2.0,-9.0,-54.0
1776884490.8541028,0.0,-11.0,-48.0
1776884490.8641028,2.0,-6.0,-47.0
1776884490.8741028,0.0,-5.0,-47.0
1776884490.8841028,2.0,-1.0,-48.0
1776884490.8941028,4.0,-1.0,-57.0
1776884490.9041028,0.0,0.0,-54.0
1776884490.9141028,3.0,1.0,-43.0
1776884490.9241028,0.0,2.0,-41.0
1776884490.9341028,2.0,0.0,-49.0
1776884490.9441028,0.0,-2.0,-49.0
1776884490.9541028,0.0,-3.0,-54.0
1776884490.9641027,3.0,-5.0,-48.0
1776884490.9741027,4.0,0.0,-55.0
1776884490.9841027,2.0,1.0,-49.0
1776884490.9941027,0.0,4.0,-45.0
1776884491.0041027,0.0,2.0,-51.0
1776884491.0141027,1.0,0.0,-52.0
1776884491.0241027,0.0,0.0,-53.0
1776884491.034103,0.0,4.0,-51.0
1776884491.044103,1.0,6.0,-57.0
1776884491.054103,-1.0,6.0,-54.0
1776884491.0641026,0.0,6.0,-48.0
1776884491.0741026,0.0,2.0,-42.0
1776884491.0841026,4.0,2.0,-41.0
1776884491.0941026,3.0,0.0,-42.0
1776884491.1041028,2.0,-3.0,-41.0
1776884491.1141028,0.0,-6.0,-43.0
1776884491.1241028,1.0,-4.0,-44.0
1776884491.1341028,1.0,0.0,-43.0
1776884491.1441028,-2.0,1.0,-41.0
1776884491.1541028,4.0,3.0,-51.0
1776884491.1641028,2.0,0.0,-59.0
1776884491.1741028,2.0,-5.0,-55.0
1776884491.1841028,2.0,-7.0,-51.0
1776884491.1941028,0.0,-8.0,-49.0
1776884491.2041028,0.0,-6.0,-50.0
1776884491.2141027,-2.0,-3.0,-47.0
1776884491.2241027,1.0,0.0,-52.0
1776884491.2341027,1.0,0.0,-52.0
1776884491.2441027,0.0,-4.0,-50.0
1776884491.2541027,-1.0,-2.0,-40.0
1776884491.2641027,-2.0,-3.0,-41.0
1776884491.2741027,-2.0,-5.0,-42.0
1776884491.284103,-2.0,-6.0,-44.0
1776884491.294103,-1.0,-7.0,-42.0
1776884491.304103,1.0,-5.0,-44.0
1776884491.3141026,0.0,-3.0,-46.0
1776884491.3241026,3.0,-4.0,-44.0
1776884491.3341026,4.0,-6.0,-49.0
1776884491.3441026,5.0,-2.0,-53.0
1776884491.3541028,10.0,2.0,-47.0
1776884491.3641028,9.0,1.0,-41.0
1776884491.3741028,7.0,0.0,-39.0
1776884491.3841028,7.0,0.0,-39.0
1776884491.3941028,9.0,0.0,-49.0
1776884491.4041028,5.0,-2.0,-55.0
1776884491.4141028,4.0,-5.0,-52.0
1776884491.4241028,3.0,-1.0,-52.0
1776884491.4341028,5.0,0.0,-54.0
1776884491.4441028,2.0,0.0,-62.0
1776884491.4541028,6.0,0.0,-59.0
1776884491.4641027,4.0,-2.0,-55.0
1776884491.4741027,5.0,0.0,-62.0
1776884491.4841027,5.0,-4.0,-60.0
1776884491.4941027,6.0,-7.0,-57.0
1776884491.5041027,5.0,-3.0,-55.0
1776884491.5141027,6.0,-3.0,-52.0
1776884491.5241027,8.0,0.0,-48.0
1776884491.534103,6.0,-1.0,-48.0
1776884491.544103,10.0,-1.0,-47.0
1776884491.554103,12.0,0.0,-44.0
1776884491.5641026,8.0,-2.0,-47.0
1776884491.5741026,3.0,-2.0,-45.0
1776884491.5841026,2.0,0.0,-44.0
1776884491.5941026,0.0,0.0,-44.0
1776884491.6041028,-2.0,0.0,-41.0
1776884491.6141028,-3.0,2.0,-44.0
1776884491.6241028,-4.0,4.0,-41.0
1776884491.6341028,-3.0,3.0,-46.0
1776884491.6441028,-3.0,0.0,-48.0
1776884491.6541028,-2.0,-4.0,-48.0
1776884491.6641028,0.0,-2.0,-52.0
1776884491.6741028,1.0,0.0,-48.0
1776884491.6841028,3.0,-1.0,-47.0
1776884491.6941028,0.0,0.0,-52.0
1776884491.7041028,2.0,1.0,-48.0
1776884491.7141027,-3.0,2.0,-54.0
1776884491.7241027,-8.0,-1.0,-54.0
1776884491.7341027,-9.0,-10.0,-50.0
1776884491.7441027,-4.0,-8.0,-55.0
1776884491.7541027,-4.0,-9.0,-57.0
1776884491.7641027,-2.0,-10.0,-63.0
1776884491.7741027,0.0,-8.0,-64.0
1776884491.784103,0.0,-7.0,-60.0
1776884491.794103,-4.0,-6.0,-55.0
1776884491.804103,-1.0,-3.0,-50.0
1776884491.8141026,0.0,0.0,-51.0
1776884491.8241026,3.0,-2.0,-48.0
1776884491.8341026,2.0,-3.0,-43.0
1776884491.8441026,3.0,-5.0,-45.0
1776884491.8541028,3.0,-5.0,-43.0
1776884491.8641028,2.0,-8.0,-49.0
1776884491.8741028,1.0,-8.0,-53.0
1776884491.8841028,2.0,-10.0,-49.0
1776884491.8941028,-2.0,-6.0,-53.0
1776884491.9041028,-1.0,-6.0,-54.0
1776884491.9141028,6.0,-7.0,-50.0
1776884491.9241028,3.0,-5.0,-50.0
1776884491.9341028,4.0,-4.0,-55.0
1776884491.9441028,6.0,-1.0,-50.0
1776884491.9541028,5.0,0.0,-44.0
1776884491.9641027,3.0,1.0,-47.0
1776884491.9741027,2.0,0.0,-56.0
1776884491.9841027,1.0,0.0,-57.0
1776884491.9941027,0.0,-3.0,-48.0
1776884492.0041027,-4.0,0.0,-48.0
1776884492.0141027,-2.0,1.0,-46.0
1776884492.0241027,-1.0,0.0,-42.0
1776884492.034103,-6.0,-1.0,-41.0
1776884492.044103,0.0,1.0,-40.0
1776884492.054103,0.0,1.0,-39.0
1776884492.0641026,-2.0,1.0,-42.0
1776884492.0741026,0.0,5.0,-42.0
1776884492.0841026,3.0,2.0,-38.0
1776884492.0951028,2.0,2.0,-39.0
1776884492.1051028,4.0,0.0,-39.0
1776884492.1151028,6.0,3.0,-43.0
1776884492.1251028,5.0,4.0,-38.0
1776884492.1351027,3.0,2.0,-42.0
1776884492.1451027,-1.0,-1.0,-39.0
1776884492.1551027,-7.0,-6.0,-40.0
1776884492.1651027,-4.0,-7.0,-37.0
1776884492.1751027,0.0,-3.0,-36.0
1776884492.1851027,-5.0,-8.0,-38.0
1776884492.1951027,-2.0,-10.0,-37.0
1776884492.2051027,0.0,-8.0,-43.0
1776884492.215103,-3.0,-4.0,-48.0
1776884492.225103,-1.0,-7.0,-48.0
1776884492.235103,1.0,-5.0,-42.0
1776884492.2451026,1.0,-4.0,-43.0
1776884492.2551026,2.0,0.0,-43.0
1776884492.2651026,3.0,2.0,-42.0
1776884492.2751029,1.0,-2.0,-44.0
1776884492.2851028,5.0,-2.0,-49.0
1776884492.2951028,6.0,-1.0,-51.0
1776884492.3051028,8.0,-4.0,-49.0
1776884492.3151028,10.0,-5.0,-42.0
1776884492.3251028,10.0,-4.0,-42.0
1776884492.3351028,9.0,0.0,-47.0
1776884492.3451028,8.0,-1.0,-46.0
1776884492.3551028,7.0,-3.0,-45.0
1776884492.3651028,7.0,0.0,-48.0
1776884492.3751028,3.0,0.0,-44.0
1776884492.3851027,-2.0,-1.0,-51.0
1776884492.3951027,2.0,-1.0,-51.0
1776884492.4051027,2.0,-2.0,-51.0
1776884492.4151027,0.0,-4.0,-44.0
1776884492.4251027,2.0,-7.0,-42.0
1776884492.4351027,0.0,-4.0,-37.0
1776884492.4451027,2.0,-2.0,-41.0
1776884492.4551027,2.0,-1.0,-45.0
1776884492.465103,4.0,-1.0,-46.0
1776884492.475103,8.0,-2.0,-47.0
1776884492.485103,7.0,-2.0,-43.0
1776884492.4951026,4.0,-6.0,-43.0
1776884492.5051026,3.0,-6.0,-45.0
1776884492.5151026,3.0,-1.0,-53.0
1776884492.5251029,1.0,-1.0,-47.0
1776884492.5351028,0.0,-6.0,-52.0
1776884492.5451028,2.0,-6.0,-54.0
1776884492.5551028,7.0,-6.0,-53.0
1776884492.5651028,4.0,-4.0,-49.0
1776884492.5751028,2.0,-6.0,-45.0
1776884492.5851028,1.0,-4.0,-43.0
1776884492.5951028,-2.0,0.0,-42.0
1776884492.6051028,-3.0,-3.0,-35.0
1776884492.6151028,0.0,-2.0,-37.0
1776884492.6251028,-1.0,0.0,-41.0
1776884492.6351027,-2.0,3.0,-46.0
1776884492.6451027,0.0,2.0,-51.0
1776884492.6551027,-11.0,-2.0,-49.0
1776884492.6651027,-9.0,-2.0,-47.0
1776884492.6751027,-9.0,-1.0,-50.0
1776884492.6851027,-5.0,-1.0,-48.0
1776884492.6951027,-5.0,2.0,-48.0
1776884492.7051027,-1.0,1.0,-51.0
1776884492.715103,-1.0,0.0,-50.0
1776884492.725103,0.0,-8.0,-49.0
1776884492.735103,3.0,-8.0,-39.0
1776884492.7451026,0.0,-10.0,-44.0
1776884492.7551026,-1.0,-8.0,-43.0
1776884492.7651026,0.0,-11.0,-51.0
1776884492.7751029,0.0,-6.0,-53.0
1776884492.7851028,-1.0,-3.0,-51.0
1776884492.7951028,-3.0,-4.0,-48.0
1776884492.8051028,-2.0,-4.0,-45.0
1776884492.8151028,-1.0,-4.0,-42.0
1776884492.8251028,1.0,0.0,-48.0
1776884492.8351028,-1.0,0.0,-50.0
1776884492.8451028,6.0,0.0,-51.0
1776884492.8551028,9.0,0.0,-53.0
1776884492.8651028,3.0,-2.0,-56.0
1776884492.8751028,2.0,-4.0,-61.0
1776884492.8851027,3.0,1.0,-67.0
1776884492.8951027,-1.0,1.0,-65.0
1776884492.9051027,0.0,0.0,-65.0
1776884492.9151027,-1.0,-2.0,-54.0
1776884492.9251027,-6.0,-2.0,-49.0
1776884492.9351027,-8.0,-3.0,-48.0
1776884492.9451027,-7.0,-2.0,-44.0
1776884492.9551027,-5.0,-2.0,-42.0
1776884492.965103,-3.0,-3.0,-48.0
1776884492.975103,-5.0,-3.0,-46.0
1776884492.985103,1.0,0.0,-53.0
1776884492.9951026,3.0,-1.0,-53.0
1776884493.0051026,0.0,-4.0,-55.0
1776884493.0151026,2.0,0.0,-58.0
1776884493.0251029,2.0,0.0,-55.0
1776884493.0351028,1.0,0.0,-56.0
1776884493.0451028,2.0,-4.0,-54.0
1776884493.0551028,1.0,-3.0,-52.0
1776884493.0651028,1.0,0.0,-47.0
1776884493.0751028,-2.0,-3.0,-49.0
1776884493.0851028,-5.0,-6.0,-58.0
1776884493.0951028,-3.0,-3.0,-56.0
1776884493.1051028,-2.0,-3.0,-49.0
1776884493.1151028,-2.0,-1.0,-45.0
1776884493.1251028,0.0,0.0,-44.0
1776884493.1351027,-2.0,1.0,-47.0
1776884493.1451027,-2.0,-2.0,-50.0
1776884493.1551027,-3.0,0.0,-53.0
1776884493.1651027,-1.0,-4.0,-53.0
1776884493.1751027,-2.0,-2.0,-51.0
1776884493.1851027,1.0,-1.0,-56.0
1776884493.1951027,0.0,-3.0,-63.0
1776884493.2051027,2.0,-5.0,-68.0
1776884493.215103,4.0,-3.0,-57.0
1776884493.225103,5.0,-8.0,-52.0
1776884493.235103,4.0,-8.0,-46.0
1776884493.2451026,1.0,-8.0,-52.0
1776884493.2551026,0.0,-5.0,-54.0
1776884493.2651026,2.0,-5.0,-60.0
1776884493.2751029,2.0,-7.0,-58.0
1776884493.2851028,0.0,-2.0,-64.0
1776884493.2951028,-5.0,0.0,-58.0
1776884493.3051028,-4.0,2.0,-55.0
1776884493.3151028,-5.0,3.0,-54.0
1776884493.3251028,-8.0,0.0,-49.0
1776884493.3351028,-8.0,-1.0,-56.0
1776884493.3451028,-5.0,-2.0,-53.0
1776884493.3551028,-4.0,-1.0,-48.0
1776884493.3651028,-1.0,-2.0,-44.0
1776884493.3751028,0.0,-3.0,-45.0
1776884493.3851027,-3.0,-8.0,-47.0
1776884493.3951027,0.0,-7.0,-50.0
1776884493.4051027,-1.0,-2.0,-51.0
1776884493.4151027,-4.0,-1.0,-56.0
1776884493.4251027,-3.0,-5.0,-58.0
1776884493.4351027,-6.0,-5.0,-56.0
1776884493.4451027,-4.0,-1.0,-49.0
1776884493.4551027,-6.0,-4.0,-47.0
1776884493.465103,-7.0,-7.0,-51.0
1776884493.475103,-8.0,-5.0,-52.0
1776884493.485103,-10.0,-6.0,-53.0
1776884493.4951026,-5.0,-3.0,-61.0
1776884493.5051026,0.0,-2.0,-57.0
1776884493.5151026,3.0,-2.0,-54.0
1776884493.5251029,2.0,-2.0,-52.0
1776884493.5351028,2.0,-3.0,-52.0
1776884493.5451028,0.0,-5.0,-50.0
1776884493.5551028,-4.0,-6.0,-52.0
1776884493.5651028,-1.0,-6.0,-48.0
1776884493.5751028,1.0,-5.0,-52.0
1776884493.5851028,0.0,-6.0,-52.0
1776884493.5951028,-3.0,-7.0,-54.0
1776884493.6051028,0.0,-3.0,-51.0
1776884493.6151028,6.0,-3.0,-48.0
1776884493.6251028,8.0,-2.0,-49.0
1776884493.6351027,5.0,0.0,-54.0
1776884493.6451027,4.0,-4.0,-57.0
1776884493.6551027,6.0,-5.0,-54.0
1776884493.6651027,6.0,-2.0,-49.0
1776884493.6751027,7.0,0.0,-43.0
1776884493.6851027,8.0,0.0,-40.0
1776884493.6951027,8.0,1.0,-42.0
1776884493.7051027,9.0,1.0,-46.0
1776884493.715103,4.0,1.0,-47.0
1776884493.725103,1.0,-3.0,-52.0
1776884493.735103,-3.0,-5.0,-54.0
1776884493.7451026,-3.0,-7.0,-60.0
1776884493.7551026,-6.0,-5.0,-62.0
1776884493.7651026,-7.0,4.0,-60.0
1776884493.7751029,-5.0,7.0,-54.0
1776884493.7851028,-5.0,4.0,-43.0
1776884493.7951028,-8.0,3.0,-46.0
1776884493.8051028,-7.0,0.0,-47.0
1776884493.8151028,-6.0,0.0,-43.0
1776884493.8251028,-1.0,0.0,-49.0
1776884493.8351028,1.0,0.0,-52.0
1776884493.8451028,0.0,-2.0,-52.0
1776884493.8551028,3.0,-4.0,-53.0
1776884493.8651028,4.0,-1.0,-50.0
1776884493.8761027,3.0,-2.0,-48.0
1776884493.8851027,-1.0,-1.0,-50.0
1776884493.8951027,0.0,0.0,-49.0
1776884493.9051027,1.0,-2.0,-47.0
1776884493.9151027,-3.0,0.0,-52.0
1776884493.9251027,-6.0,-5.0,-52.0
1776884493.9351027,-6.0,-7.0,-54.0
1776884493.9451027,-4.0,-4.0,-57.0
1776884493.9551027,-5.0,-4.0,-53.0
1776884493.965103,-3.0,-7.0,-53.0
1776884493.975103,-2.0,-7.0,-51.0
1776884493.985103,-1.0,-3.0,-47.0
1776884493.9951026,-4.0,-6.0,-47.0
1776884494.0051026,-2.0,-6.0,-46.0
1776884494.0151026,-5.0,-5.0,-45.0
1776884494.0261028,-7.0,-3.0,-45.0
1776884494.0361028,-1.0,-1.0,-52.0
1776884494.0461028,-3.0,0.0,-51.0
1776884494.0561028,-8.0,-4.0,-53.0
1776884494.0661027,-6.0,-3.0,-48.0
1776884494.0761027,-4.0,-2.0,-47.0
1776884494.0861027,-2.0,-1.0,-47.0
1776884494.0961027,-2.0,-3.0,-47.0
1776884494.1061027,-2.0,0.0,-52.0
1776884494.1161027,-1.0,4.0,-48.0
1776884494.1261027,0.0,1.0,-51.0
1776884494.136103,1.0,0.0,-50.0
1776884494.146103,1.0,-2.0,-51.0
1776884494.156103,2.0,-4.0,-54.0
1776884494.1661026,3.0,-1.0,-48.0
1776884494.1761026,2.0,1.0,-49.0
1776884494.1861026,2.0,-1.0,-60.0
1776884494.1961029,1.0,-2.0,-53.0
1776884494.2061028,1.0,-3.0,-49.0
1776884494.2161028,2.0,-3.0,-47.0
1776884494.2261028,0.0,-1.0,-44.0
1776884494.2361028,0.0,0.0,-38.0
1776884494.2461028,-3.0,2.0,-41.0
1776884494.2561028,-4.0,2.0,-45.0
1776884494.2661028,-5.0,5.0,-50.0
1776884494.2761028,-1.0,3.0,-45.0
1776884494.2861028,1.0,-2.0,-40.0
1776884494.2961028,0.0,-2.0,-39.0
1776884494.3061028,2.0,-1.0,-41.0
1776884494.3161027,3.0,-7.0,-43.0
1776884494.3261027,4.0,-4.0,-47.0
1776884494.3361027,0.0,-4.0,-45.0
1776884494.3461027,0.0,-3.0,-54.0
1776884494.3561027,1.0,-1.0,-49.0
1776884494.3661027,2.0,-1.0,-47.0
1776884494.3761027,6.0,-2.0,-40.0
1776884494.386103,4.0,-4.0,-37.0
1776884494.396103,3.0,-2.0,-39.0
1776884494.406103,3.0,-3.0,-39.0
1776884494.4161026,6.0,-8.0,-40.0
1776884494.4261026,8.0,-7.0,-48.0
1776884494.4361026,7.0,-7.0,-49.0
1776884494.4461029,9.0,-4.0,-50.0
1776884494.4561028,12.0,-7.0,-55.0
1776884494.4661028,10.0,-6.0,-55.0
1776884494.4761028,1.0,-2.0,-57.0
1776884494.4861028,-1.0,-2.0,-55.0
1776884494.4961028,-2.0,-2.0,-58.0
1776884494.5061028,0.0,-5.0,-51.0
1776884494.5161028,3.0,-6.0,-57.0
1776884494.5261028,3.0,-3.0,-49.0
1776884494.5361028,0.0,-1.0,-53.0
1776884494.5461028,-3.0,-3.0,-53.0
1776884494.5561028,0.0,-6.0,-47.0
1776884494.5661027,-1.0,0.0,-48.0
1776884494.5761027,0.0,0.0,-53.0
1776884494.5861027,0.0,2.0,-53.0
1776884494.5961027,0.0,3.0,-50.0
1776884494.6061027,-1.0,6.0,-50.0
1776884494.6161027,-7.0,7.0,-50.0
1776884494.6261027,-7.0,6.0,-55.0
1776884494.636103,-4.0,5.0,-50.0
1776884494.646103,0.0,1.0,-51.0
1776884494.656103,2.0,1.0,-47.0
1776884494.6661026,2.0,0.0,-45.0
1776884494.6761026,5.0,0.0,-42.0
1776884494.6861026,8.0,5.0,-42.0
1776884494.6961029,5.0,5.0,-41.0
1776884494.7061028,8.0,5.0,-48.0
1776884494.7161028,7.0,4.0,-43.0
1776884494.7261028,6.0,0.0,-41.0
1776884494.7361028,5.0,1.0,-41.0
1776884494.7461028,7.0,2.0,-45.0
1776884494.7561028,6.0,5.0,-45.0
1776884494.7661028,2.0,3.0,-44.0
1776884494.7761028,0.0,2.0,-47.0
1776884494.7861028,-3.0,2.0,-50.0
1776884494.7961028,-5.0,1.0,-41.0
1776884494.8061028,-4.0,1.0,-38.0
1776884494.8161027,-2.0,-4.0,-43.0
1776884494.8261027,-4.0,-5.0,-42.0
1776884494.8361027,0.0,-9.0,-41.0
1776884494.8461027,0.0,-10.0,-42.0
1776884494.8561027,1.0,-10.0,-45.0
1776884494.8661027,1.0,-12.0,-38.0
1776884494.8761027,1.0,-11.0,-40.0
1776884494.886103,1.0,-5.0,-40.0
1776884494.896103,6.0,0.0,-42.0
1776884494.906103,4.0,0.0,-43.0
1776884494.9161026,2.0,-4.0,-50.0
1776884494.9261026,0.0,-7.0,-46.0
1776884494.9361026,0.0,-8.0,-55.0
1776884494.9461029,-2.0,-3.0,-60.0
1776884494.9561028,-1.0,3.0,-60.0
1776884494.9661028,1.0,1.0,-51.0
1776884494.9761028,1.0,0.0,-47.0
1776884494.9861028,2.0,-2.0,-45.0
1776884494.9961028,0.0,0.0,-50.0
1776884495.0061028,-2.0,0.0,-52.0
1776884495.0161028,-2.0,0.0,-56.0
1776884495.0261028,2.0,0.0,-55.0
1776884495.0361028,1.0,2.0,-54.0
1776884495.0461028,0.0,4.0,-44.0
1776884495.0561028,0.0,2.0,-44.0
1776884495.0661027,0.0,3.0,-48.0
1776884495.0761027,0.0,-1.0,-43.0
1776884495.0861027,0.0,0.0,-40.0
1776884495.0961027,-3.0,0.0,-45.0
1776884495.1061027,-4.0,3.0,-44.0
1776884495.1161027,-7.0,3.0,-42.0
1776884495.1261027,-1.0,1.0,-39.0
1776884495.136103,0.0,2.0,-37.0
1776884495.146103,-1.0,0.0,-35.0
1776884495.156103,0.0,-3.0,-45.0
1776884495.1661026,-3.0,-2.0,-49.0
1776884495.1761026,1.0,-3.0,-44.0
1776884495.1861026,2.0,0.0,-45.0
1776884495.1961029,5.0,1.0,-49.0
1776884495.2061028,6.0,3.0,-57.0
1776884495.2161028,7.0,1.0,-49.0
1776884495.2261028,11.0,0.0,-50.0
1776884495.2361028,10.0,0.0,-51.0
1776884495.2461028,11.0,2.0,-52.0
1776884495.2561028,9.0,2.0,-56.0
1776884495.2661028,10.0,4.0,-52.0
1776884495.2761028,7.0,2.0,-48.0
1776884495.2861028,4.0,1.0,-48.0
1776884495.2961028,4.0,0.0,-55.0
1776884495.3061028,7.0,0.0,-55.0
1776884495.3161027,6.0,-4.0,-48.0
1776884495.3261027,2.0,-2.0,-49.0
1776884495.3361027,1.0,-1.0,-53.0
1776884495.3461027,-2.0,0.0,-55.0
1776884495.3561027,-2.0,-2.0,-56.0
1776884495.3661027,1.0,-5.0,-53.0
1776884495.3761027,0.0,-3.0,-49.0
1776884495.386103,3.0,0.0,-63.0
1776884495.396103,0.0,0.0,-63.0
1776884495.406103,-3.0,0.0,-64.0
1776884495.4161026,-4.0,-3.0,-60.0
1776884495.4261026,1.0,-3.0,-55.0
1776884495.4361026,0.0,0.0,-50.0
1776884495.4461029,4.0,-1.0,-50.0
1776884495.4561028,6.0,-1.0,-47.0
1776884495.4661028,8.0,2.0,-47.0
1776884495.4761028,2.0,1.0,-44.0
1776884495.4861028,1.0,-1.0,-50.0
1776884495.4961028,-2.0,0.0,-47.0
1776884495.5061028,0.0,0.0,-47.0
1776884495.5161028,4.0,2.0,-47.0
1776884495.5261028,3.0,2.0,-45.0
1776884495.5361028,2.0,-1.0,-42.0
1776884495.5461028,0.0,-4.0,-42.0
1776884495.5561028,-3.0,-8.0,-45.0
1776884495.5661027,-3.0,-3.0,-45.0
1776884495.5761027,-4.0,-4.0,-47.0
1776884495.5861027,-3.0,-1.0,-51.0
1776884495.5961027,-2.0,0.0,-52.0
1776884495.6061027,0.0,3.0,-45.0
1776884495.6161027,-2.0,4.0,-44.0
1776884495.6261027,-3.0,6.0,-43.0
1776884495.636103,-6.0,4.0,-50.0
1776884495.646103,-4.0,1.0,-47.0
1776884495.656103,0.0,3.0,-42.0
1776884495.6661026,-1.0,2.0,-43.0
1776884495.6761026,2.0,0.0,-45.0
1776884495.6861026,4.0,-1.0,-42.0
1776884495.6961029,1.0,0.0,-41.0
1776884495.7061028,3.0,0.0,-36.0
1776884495.7161028,4.0,-3.0,-44.0
1776884495.7261028,1.0,-5.0,-47.0
1776884495.7361028,4.0,-2.0,-49.0
1776884495.7461028,2.0,-7.0,-43.0
1776884495.7561028,1.0,-10.0,-42.0
1776884495.7661028,2.0,-6.0,-42.0
1776884495.7761028,4.0,-4.0,-45.0
1776884495.7861028,3.0,-5.0,-48.0
1776884495.7961028,3.0,-3.0,-48.0
1776884495.8061028,3.0,-4.0,-43.0
1776884495.8161027,0.0,-1.0,-37.0
1776884495.8261027,4.0,-3.0,-43.0
1776884495.8361027,6.0,-2.0,-50.0
1776884495.8461027,8.0,-4.0,-47.0
1776884495.8561027,4.0,-2.0,-45.0
1776884495.8661027,3.0,-1.0,-47.0
1776884495.8761027,2.0,0.0,-50.0
1776884495.886103,6.0,1.0,-44.0
1776884495.896103,5.0,4.0,-49.0
1776884495.906103,2.0,5.0,-52.0
1776884495.9161026,2.0,6.0,-57.0
1776884495.9261026,-1.0,6.0,-54.0
1776884495.9361026,-4.0,4.0,-49.0
1776884495.9461029,0.0,-3.0,-49.0
1776884495.9561028,2.0,-4.0,-45.0
1776884495.9661028,0.0,-4.0,-39.0
1776884495.9761028,-3.0,-5.0,-39.0
1776884495.9861028,-2.0,-5.0,-40.0
1776884495.9961028,-2.0,-8.0,-53.0
1776884496.0071027,-5.0,-9.0,-49.0
1776884496.0171027,-4.0,-6.0,-44.0
1776884496.0261028,-6.0,-4.0,-37.0
1776884496.0371027,-7.0,-4.0,-39.0
1776884496.0471027,-9.0,-6.0,-36.0
1776884496.057103,-8.0,-3.0,-41.0
1776884496.067103,-4.0,-4.0,-47.0
1776884496.077103,-4.0,-1.0,-52.0
1776884496.087103,0.0,0.0,-49.0
1776884496.0971026,-1.0,0.0,-53.0
1776884496.1071026,1.0,1.0,-54.0
1776884496.1171026,3.0,0.0,-51.0
1776884496.1271029,4.0,-2.0,-46.0
1776884496.1371028,4.0,0.0,-40.0
1776884496.1471028,8.0,-1.0,-36.0
1776884496.1571028,10.0,-1.0,-41.0
1776884496.1671028,6.0,0.0,-45.0
1776884496.1771028,5.0,2.0,-43.0
1776884496.1871028,2.0,-2.0,-47.0
1776884496.1971028,1.0,-3.0,-42.0
1776884496.2071028,2.0,-4.0,-39.0
1776884496.2171028,-1.0,-3.0,-39.0
1776884496.2271028,-4.0,-4.0,-41.0
1776884496.2371027,-4.0,-2.0,-46.0
1776884496.2471027,0.0,-3.0,-47.0
1776884496.2571027,-6.0,-3.0,-42.0
1776884496.2671027,-4.0,2.0,-41.0
1776884496.2771027,-1.0,1.0,-42.0
1776884496.2871027,0.0,0.0,-43.0
1776884496.2981029,3.0,2.0,-44.0
1776884496.307103,-3.0,-1.0,-46.0
1776884496.317103,-4.0,-1.0,-41.0
1776884496.327103,-2.0,-3.0,-33.0
1776884496.337103,-2.0,0.0,-36.0
1776884496.3471026,-3.0,-1.0,-44.0
1776884496.3571026,0.0,0.0,-44.0
1776884496.3671026,0.0,0.0,-51.0
1776884496.3771029,3.0,0.0,-56.0
1776884496.3871028,1.0,0.0,-59.0
1776884496.3971028,-1.0,-9.0,-56.0
1776884496.4071028,1.0,-16.0,-53.0
1776884496.4171028,-2.0,-12.0,-51.0
1776884496.4271028,0.0,-11.0,-46.0
1776884496.4371028,0.0,-10.0,-50.0
1776884496.4471028,-3.0,-8.0,-52.0
1776884496.4571028,-1.0,-12.0,-47.0
1776884496.4671028,0.0,-6.0,-46.0
1776884496.4771028,1.0,-6.0,-46.0
1776884496.4871027,-1.0,-4.0,-50.0
1776884496.4971027,0.0,-2.0,-52.0
1776884496.5071027,2.0,0.0,-49.0
1776884496.5171027,2.0,-6.0,-47.0
1776884496.5271027,4.0,-5.0,-51.0
1776884496.5371027,5.0,-4.0,-52.0
1776884496.5471027,7.0,-3.0,-48.0
1776884496.557103,5.0,-5.0,-45.0
1776884496.567103,0.0,-5.0,-42.0
1776884496.577103,1.0,-7.0,-46.0
1776884496.587103,2.0,-10.0,-46.0
1776884496.5971026,2.0,-7.0,-41.0
1776884496.6071026,4.0,-10.0,-41.0
1776884496.6171026,-1.0,-11.0,-40.0
1776884496.6271029,-2.0,-8.0,-36.0
1776884496.6371028,0.0,-7.0,-40.0
1776884496.6471028,5.0,-5.0,-50.0
1776884496.6571028,4.0,0.0,-54.0
1776884496.6671028,2.0,2.0,-50.0
1776884496.6771028,9.0,2.0,-41.0
1776884496.6871028,8.0,-1.0,-39.0
1776884496.6971028,5.0,-2.0,-39.0
1776884496.7071028,3.0,0.0,-42.0
1776884496.7171028,2.0,1.0,-42.0
1776884496.7271028,0.0,-1.0,-44.0
1776884496.7371027,2.0,-2.0,-46.0
1776884496.7471027,4.0,-2.0,-46.0
1776884496.7571027,2.0,-1.0,-45.0
1776884496.7671027,2.0,-4.0,-46.0
1776884496.7771027,4.0,-2.0,-43.0
1776884496.7871027,3.0,-1.0,-47.0
1776884496.7971027,0.0,3.0,-51.0
1776884496.807103,0.0,3.0,-52.0
1776884496.817103,0.0,-1.0,-48.0
1776884496.827103,5.0,-4.0,-53.0
1776884496.837103,6.0,-4.0,-50.0
1776884496.8471026,5.0,1.0,-48.0
1776884496.8571026,5.0,0.0,-49.0
1776884496.8671026,5.0,1.0,-41.0
1776884496.8771029,3.0,1.0,-37.0
1776884496.8871028,2.0,1.0,-34.0
1776884496.8971028,0.0,-1.0,-37.0
1776884496.9071028,0.0,0.0,-44.0
1776884496.9171028,-4.0,-1.0,-40.0
1776884496.9271028,-7.0,0.0,-38.0
1776884496.9371028,-5.0,-7.0,-37.0
1776884496.9471028,-4.0,-5.0,-46.0
1776884496.9571028,-5.0,-2.0,-47.0
1776884496.9671028,-4.0,0.0,-51.0
1776884496.9771028,-3.0,-5.0,-52.0
1776884496.9871027,0.0,-9.0,-51.0
1776884496.9971027,3.0,-9.0,-51.0
1776884497.0071027,4.0,-4.0,-53.0
1776884497.0171027,3.0,-8.0,-53.0
1776884497.0271027,6.0,-3.0,-57.0
1776884497.0371027,6.0,-6.0,-49.0
1776884497.0471027,9.0,-8.0,-50.0
1776884497.057103,10.0,-4.0,-54.0
1776884497.067103,9.0,-8.0,-48.0
1776884497.077103,9.0,-8.0,-44.0
1776884497.087103,8.0,-10.0,-47.0
1776884497.0971026,9.0,-7.0,-47.0
1776884497.1071026,10.0,-4.0,-50.0
1776884497.1171026,10.0,-5.0,-50.0
1776884497.1271029,4.0,-8.0,-44.0
1776884497.1371028,1.0,-7.0,-40.0
1776884497.1471028,1.0,-9.0,-35.0
1776884497.1571028,0.0,-7.0,-37.0
1776884497.1671028,-2.0,-5.0,-38.0
1776884497.1771028,-3.0,-6.0,-45.0
1776884497.1871028,0.0,-8.0,-42.0
1776884497.1971028,1.0,-4.0,-45.0
1776884497.2071028,1.0,-4.0,-52.0
1776884497.2171028,1.0,-7.0,-50.0
1776884497.2271028,-2.0,-3.0,-51.0
1776884497.2371027,-6.0,-5.0,-43.0
1776884497.2471027,-5.0,-2.0,-46.0
1776884497.2571027,-9.0,-3.0,-54.0
1776884497.2671027,-5.0,-2.0,-54.0
1776884497.2771027,0.0,-2.0,-56.0
1776884497.2871027,-3.0,-3.0,-51.0
1776884497.2971027,-1.0,-6.0,-52.0
1776884497.307103,0.0,-4.0,-52.0
1776884497.317103,5.0,-5.0,-53.0
1776884497.327103,4.0,-1.0,-55.0
1776884497.337103,4.0,-2.0,-56.0
1776884497.3471026,2.0,-1.0,-60.0
1776884497.3571026,0.0,-4.0,-54.0
1776884497.3671026,0.0,-3.0,-58.0
1776884497.3771029,-2.0,-2.0,-50.0
1776884497.3871028,0.0,1.0,-48.0
1776884497.3971028,-2.0,6.0,-48.0
1776884497.4071028,0.0,6.0,-53.0
1776884497.4171028,-3.0,4.0,-52.0
1776884497.4271028,1.0,1.0,-50.0
1776884497.4371028,6.0,0.0,-50.0
1776884497.4471028,2.0,2.0,-55.0
1776884497.4571028,2.0,2.0,-55.0
1776884497.4671028,0.0,3.0,-54.0
1776884497.4771028,5.0,4.0,-55.0
1776884497.4871027,4.0,3.0,-50.0
1776884497.4971027,1.0,1.0,-45.0
1776884497.5071027,0.0,0.0,-44.0
1776884497.5171027,0.0,-1.0,-37.0
1776884497.5271027,-1.0,0.0,-40.0
1776884497.5371027,2.0,0.0,-43.0
1776884497.5471027,4.0,-4.0,-44.0
1776884497.557103,3.0,-2.0,-47.0
1776884497.567103,3.0,-3.0,-45.0
1776884497.577103,-2.0,-5.0,-38.0
1776884497.587103,0.0,-5.0,-45.0
1776884497.5971026,2.0,-5.0,-50.0
1776884497.6071026,1.0,-6.0,-48.0
1776884497.6171026,0.0,-3.0,-43.0
1776884497.6271029,4.0,-4.0,-41.0
1776884497.6371028,7.0,-6.0,-38.0
1776884497.6471028,6.0,-7.0,-40.0
1776884497.6571028,3.0,-6.0,-48.0
1776884497.6671028,4.0,-5.0,-37.0
1776884497.6771028,4.0,-1.0,-32.0
1776884497.6871028,2.0,-2.0,-34.0
1776884497.6971028,0.0,-4.0,-36.0
1776884497.7071028,3.0,-3.0,-42.0
1776884497.7171028,4.0,-1.0,-38.0
1776884497.7271028,2.0,-3.0,-42.0
1776884497.7371027,3.0,-7.0,-38.0
1776884497.7471027,3.0,-7.0,-41.0
1776884497.7571027,4.0,-8.0,-45.0
1776884497.7671027,0.0,-5.0,-46.0
1776884497.7771027,-2.0,0.0,-47.0
1776884497.7871027,-5.0,0.0,-49.0
1776884497.7971027,-3.0,-4.0,-52.0
1776884497.807103,-5.0,-5.0,-49.0
1776884497.817103,-4.0,-4.0,-48.0
1776884497.827103,-3.0,-2.0,-52.0
1776884497.837103,0.0,-1.0,-55.0
1776884497.8471026,3.0,-2.0,-50.0
1776884497.8571026,4.0,1.0,-40.0
1776884497.8671026,4.0,2.0,-46.0
1776884497.8771029,1.0,2.0,-52.0
1776884497.8871028,1.0,-3.0,-54.0
1776884497.8971028,1.0,-5.0,-54.0
1776884497.9071028,1.0,-2.0,-53.0
1776884497.9171028,2.0,-1.0,-45.0
1776884497.9271028,7.0,-3.0,-44.0
1776884497.9371028,3.0,-1.0,-49.0
1776884497.9471028,0.0,0.0,-58.0
1776884497.9571028,0.0,0.0,-53.0
1776884497.9671028,1.0,2.0,-52.0
1776884497.9781027,2.0,1.0,-49.0
1776884497.988103,5.0,0.0,-50.0
1776884497.998103,9.0,-1.0,-47.0
1776884498.008103,5.0,-3.0,-39.0
1776884498.0181026,3.0,-5.0,-38.0
1776884498.0281026,3.0,-2.0,-48.0
1776884498.0381026,4.0,-4.0,-56.0
1776884498.0481029,0.0,-6.0,-60.0
1776884498.0581028,0.0,-8.0,-66.0
1776884498.0681028,0.0,-6.0,-64.0
1776884498.0781028,-3.0,-5.0,-54.0
1776884498.0881028,-6.0,-2.0,-51.0
1776884498.0981028,-3.0,-1.0,-52.0
1776884498.1081028,-5.0,-1.0,-50.0
1776884498.1181028,0.0,2.0,-44.0
1776884498.1281028,2.0,-1.0,-48.0
1776884498.1381028,0.0,-1.0,-49.0
1776884498.1481028,1.0,-3.0,-41.0
1776884498.1581028,-5.0,-1.0,-43.0
1776884498.1681027,-2.0,0.0,-45.0
1776884498.1781027,0.0,-4.0,-50.0
1776884498.1881027,2.0,-1.0,-53.0
1776884498.1981027,5.0,-4.0,-60.0
1776884498.2081027,3.0,-1.0,-49.0
1776884498.2181027,2.0,2.0,-43.0
1776884498.2281027,6.0,0.0,-42.0
1776884498.238103,5.0,-3.0,-45.0
1776884498.248103,5.0,1.0,-53.0
1776884498.258103,3.0,5.0,-54.0
1776884498.2681026,3.0,6.0,-62.0
1776884498.2781026,6.0,7.0,-59.0
1776884498.2881026,3.0,6.0,-56.0
1776884498.2981029,1.0,6.0,-55.0
1776884498.3081028,-1.0,5.0,-53.0
1776884498.3181028,-1.0,3.0,-47.0
1776884498.3281028,0.0,2.0,-38.0
1776884498.3381028,0.0,3.0,-39.0
1776884498.3481028,1.0,3.0,-44.0
1776884498.3581028,1.0,4.0,-48.0
1776884498.3681028,3.0,4.0,-49.0
1776884498.3781028,-2.0,2.0,-47.0
1776884498.3881028,2.0,-4.0,-47.0
1776884498.3981028,0.0,-4.0,-45.0
1776884498.4081028,-2.0,1.0,-47.0
1776884498.4181027,-4.0,-1.0,-42.0
1776884498.4281027,-5.0,-4.0,-41.0
1776884498.4381027,-8.0,-5.0,-40.0
1776884498.4481027,-3.0,-2.0,-40.0
1776884498.4581027,0.0,-4.0,-37.0
1776884498.4681027,0.0,2.0,-32.0
1776884498.4781027,-1.0,2.0,-35.0
1776884498.488103,-3.0,1.0,-33.0
1776884498.498103,-1.0,0.0,-33.0
1776884498.508103,-2.0,0.0,-37.0
1776884498.5181026,0.0,0.0,-33.0
1776884498.5281026,-1.0,-2.0,-36.0
1776884498.5381026,3.0,-3.0,-35.0
1776884498.5481029,4.0,-1.0,-43.0
1776884498.5581028,3.0,1.0,-40.0
1776884498.5681028,2.0,-4.0,-44.0
1776884498.5781028,5.0,-5.0,-45.0
1776884498.5881028,7.0,-7.0,-46.0
1776884498.5981028,8.0,-7.0,-53.0
1776884498.6081028,7.0,-2.0,-54.0
1776884498.6181028,5.0,0.0,-57.0
1776884498.6281028,3.0,0.0,-47.0
1776884498.6381028,1.0,0.0,-55.0
1776884498.6481028,0.0,0.0,-51.0
1776884498.6581028,-1.0,0.0,-46.0
1776884498.6681027,0.0,-2.0,-46.0
1776884498.6781027,-4.0,-6.0,-48.0
1776884498.6891026,-5.0,-5.0,-48.0
1776884498.6981027,-8.0,-3.0,-45.0
1776884498.7081027,-3.0,-3.0,-45.0
1776884498.7181027,-6.0,-1.0,-41.0
1776884498.7281027,-6.0,-2.0,-47.0
1776884498.738103,-2.0,-5.0,-48.0
1776884498.748103,2.0,-6.0,-50.0
1776884498.758103,1.0,-3.0,-49.0
1776884498.7681026,-2.0,-4.0,-56.0
1776884498.7781026,-5.0,-4.0,-53.0
1776884498.7881026,-6.0,-5.0,-55.0
1776884498.7981029,-1.0,-5.0,-56.0
1776884498.8081028,-4.0,-5.0,-48.0
1776884498.8181028,-4.0,-2.0,-46.0
1776884498.8281028,-1.0,-3.0,-43.0
1776884498.8381028,-2.0,-2.0,-37.0
1776884498.8481028,-2.0,-1.0,-39.0
1776884498.8581028,-2.0,-2.0,-44.0
1776884498.8681028,0.0,-3.0,-45.0
1776884498.8781028,1.0,-3.0,-45.0
1776884498.8881028,-1.0,-5.0,-47.0
1776884498.8981028,3.0,-5.0,-51.0
1776884498.9081028,7.0,-5.0,-50.0
1776884498.9181027,4.0,-5.0,-50.0
1776884498.9281027,0.0,-3.0,-51.0
1776884498.9381027,5.0,-3.0,-54.0
1776884498.9481027,11.0,-4.0,-50.0
1776884498.9581027,8.0,-7.0,-45.0
1776884498.9681027,10.0,-7.0,-47.0
1776884498.9781027,6.0,-10.0,-44.0
1776884498.988103,6.0,-5.0,-40.0
1776884498.998103,5.0,-4.0,-41.0
1776884499.008103,4.0,-5.0,-41.0
1776884499.0181026,5.0,-5.0,-44.0
1776884499.0281026,4.0,-1.0,-48.0
1776884499.0381026,5.0,-5.0,-52.0
1776884499.0481029,10.0,-4.0,-56.0
1776884499.0581028,9.0,-4.0,-58.0
1776884499.0681028,3.0,-6.0,-55.0
1776884499.0781028,3.0,-5.0,-56.0
1776884499.0881028,0.0,-5.0,-56.0
1776884499.0981028,0.0,-9.0,-60.0
1776884499.1081028,2.0,-10.0,-55.0
1776884499.1181028,6.0,-7.0,-52.0
1776884499.1281028,4.0,-4.0,-52.0
1776884499.1381028,2.0,-1.0,-50.0
1776884499.1481028,2.0,-3.0,-45.0
1776884499.1581028,5.0,-4.0,-47.0
1776884499.1681027,6.0,-1.0,-58.0
1776884499.1781027,7.0,-1.0,-62.0
1776884499.1881027,6.0,0.0,-61.0
1776884499.1981027,5.0,0.0,-57.0
1776884499.2081027,0.0,0.0,-58.0
1776884499.2181027,-2.0,-1.0,-57.0
1776884499.2281027,3.0,-1.0,-56.0
1776884499.238103,8.0,-1.0,-57.0
1776884499.248103,7.0,0.0,-57.0
1776884499.258103,2.0,-1.0,-56.0
1776884499.2681026,4.0,0.0,-51.0
1776884499.2781026,4.0,-1.0,-55.0
1776884499.2881026,6.0,-1.0,-53.0
1776884499.2981029,8.0,-2.0,-53.0
1776884499.3081028,3.0,-2.0,-50.0
1776884499.3181028,0.0,-5.0,-52.0
1776884499.3281028,-2.0,-9.0,-56.0
1776884499.3381028,-3.0,-11.0,-49.0
1776884499.3481028,-6.0,-9.0,-48.0
1776884499.3581028,-8.0,-10.0,-51.0
1776884499.3681028,-5.0,-3.0,-53.0
1776884499.3781028,-1.0,-7.0,-45.0
1776884499.3881028,-6.0,-6.0,-49.0
1776884499.3981028,-2.0,-4.0,-49.0
1776884499.4081028,-2.0,-1.0,-49.0
1776884499.4181027,-2.0,0.0,-46.0
1776884499.4281027,-7.0,1.0,-44.0
1776884499.4381027,-9.0,-1.0,-47.0
1776884499.4481027,-9.0,-7.0,-50.0
1776884499.4581027,-6.0,-5.0,-49.0
1776884499.4681027,0.0,-3.0,-49.0
1776884499.4781027,0.0,-6.0,-46.0
1776884499.488103,-2.0,-8.0,-48.0
1776884499.498103,-2.0,-5.0,-51.0
1776884499.508103,3.0,-3.0,-52.0
1776884499.5181026,8.0,0.0,-52.0
1776884499.5281026,0.0,-3.0,-53.0
1776884499.5381026,1.0,-3.0,-53.0
1776884499.5481029,0.0,-7.0,-50.0
1776884499.5581028,2.0,-3.0,-42.0
1776884499.5681028,4.0,-2.0,-40.0
1776884499.5781028,8.0,-1.0,-36.0
1776884499.5881028,11.0,1.0,-39.0
1776884499.5981028,6.0,1.0,-40.0
1776884499.6081028,0.0,0.0,-45.0
1776884499.6181028,-2.0,-1.0,-44.0
1776884499.6281028,0.0,-3.0,-41.0
1776884499.6381028,-2.0,-2.0,-46.0
1776884499.6481028,5.0,-5.0,-50.0
1776884499.6581028,4.0,-2.0,-49.0
1776884499.6681027,4.0,-2.0,-48.0
1776884499.6781027,3.0,-3.0,-41.0
1776884499.6881027,2.0,0.0,-43.0
1776884499.6981027,0.0,0.0,-41.0
1776884499.7081027,0.0,-1.0,-41.0
1776884499.7181027,0.0,0.0,-38.0
1776884499.7281027,1.0,2.0,-44.0
1776884499.738103,-1.0,3.0,-40.0
1776884499.748103,0.0,1.0,-43.0
1776884499.758103,-2.0,0.0,-47.0
1776884499.7681026,-3.0,-1.0,-50.0
1776884499.7781026,-4.0,-2.0,-51.0
1776884499.7881026,-1.0,0.0,-46.0
1776884499.7981029,4.0,-2.0,-47.0
1776884499.8081028,0.0,-5.0,-53.0
1776884499.8181028,-3.0,-5.0,-56.0
1776884499.8281028,-2.0,-1.0,-52.0
1776884499.8381028,-1.0,-2.0,-49.0
1776884499.8481028,3.0,-1.0,-49.0
1776884499.8581028,4.0,-1.0,-51.0
1776884499.8681028,2.0,-2.0,-51.0
1776884499.8781028,4.0,-1.0,-51.0
1776884499.8881028,1.0,1.0,-49.0
1776884499.8981028,0.0,2.0,-47.0
1776884499.909103,1.0,-1.0,-45.0
1776884499.919103,-3.0,0.0,-44.0
1776884499.9281027,-4.0,3.0,-43.0
1776884499.9391026,-7.0,4.0,-42.0
1776884499.9491026,-5.0,3.0,-42.0
1776884499.9591026,-5.0,1.0,-46.0
1776884499.9691026,0.0,-1.0,-46.0
1776884499.9791028,0.0,-3.0,-48.0
1776884499.9891028,-1.0,-9.0,-52.0
1776884499.9991028,-2.0,-7.0,-56.0
1776884500.0091028,-2.0,-5.0,-51.0
1776884500.0191028,-1.0,-7.0,-51.0
1776884500.0291028,0.0,-9.0,-52.0
1776884500.0391028,3.0,-12.0,-46.0
1776884500.0491028,4.0,-9.0,-41.0
1776884500.0591028,3.0,-10.0,-35.0
1776884500.0691028,0.0,-7.0,-36.0
1776884500.0791028,1.0,-6.0,-40.0
1776884500.0891027,4.0,-7.0,-46.0
1776884500.0991027,3.0,-5.0,-47.0
1776884500.1091027,3.0,-3.0,-45.0
1776884500.1191027,2.0,-3.0,-39.0
1776884500.1291027,3.0,-3.0,-45.0
1776884500.1391027,3.0,-4.0,-53.0
1776884500.1491027,5.0,-3.0,-55.0
1776884500.159103,0.0,-5.0,-56.0
1776884500.169103,-1.0,-3.0,-57.0
1776884500.179103,0.0,-5.0,-49.0
1776884500.1891026,0.0,-8.0,-46.0
1776884500.1991026,-5.0,-2.0,-46.0
1776884500.2091026,-5.0,2.0,-43.0
1776884500.2191026,-9.0,1.0,-39.0
1776884500.2291028,-11.0,-2.0,-45.0
1776884500.2391028,-7.0,-1.0,-43.0
1776884500.2491028,-6.0,0.0,-52.0
1776884500.2591028,-7.0,1.0,-57.0
1776884500.2691028,-9.0,1.0,-62.0
1776884500.2791028,-4.0,0.0,-59.0
1776884500.2891028,-1.0,-4.0,-55.0
1776884500.2991028,-1.0,-5.0,-54.0
1776884500.3091028,0.0,-4.0,-54.0
1776884500.3191028,4.0,-1.0,-47.0
1776884500.3291028,10.0,-4.0,-48.0
1776884500.3391027,8.0,-7.0,-46.0
1776884500.3491027,5.0,-9.0,-50.0
1776884500.3591027,3.0,-4.0,-54.0
1776884500.3691027,-3.0,0.0,-57.0
1776884500.3791027,-4.0,-2.0,-46.0
1776884500.3891027,-2.0,-6.0,-40.0
1776884500.3991027,1.0,-6.0,-38.0
1776884500.409103,5.0,-7.0,-46.0
1776884500.419103,4.0,-5.0,-48.0
1776884500.429103,4.0,-7.0,-43.0
1776884500.4391026,-1.0,-5.0,-43.0
1776884500.4491026,-2.0,-9.0,-46.0
1776884500.4591026,0.0,-8.0,-44.0
1776884500.4691026,-1.0,-4.0,-45.0
1776884500.4791028,-3.0,-2.0,-49.0
1776884500.4891028,-1.0,0.0,-43.0
1776884500.4991028,0.0,0.0,-39.0
1776884500.5091028,0.0,0.0,-45.0
1776884500.5191028,-3.0,3.0,-42.0
1776884500.5291028,0.0,0.0,-41.0
1776884500.5391028,4.0,-3.0,-46.0
1776884500.5491028,6.0,-4.0,-43.0
1776884500.5591028,4.0,-4.0,-48.0
1776884500.5691028,5.0,2.0,-52.0
1776884500.5791028,4.0,0.0,-49.0
1776884500.5891027,3.0,-1.0,-47.0
1776884500.5991027,3.0,0.0,-41.0
1776884500.6091027,0.0,-2.0,-38.0
1776884500.6191027,0.0,-6.0,-42.0
1776884500.6291027,1.0,-6.0,-43.0
1776884500.6391027,2.0,-6.0,-49.0
1776884500.6491027,-2.0,-6.0,-43.0
1776884500.659103,-3.0,-6.0,-45.0
1776884500.669103,-3.0,-7.0,-46.0
1776884500.679103,-1.0,-11.0,-46.0
1776884500.6891026,-1.0,-8.0,-46.0
1776884500.6991026,-4.0,-2.0,-42.0
1776884500.7091026,-3.0,0.0,-36.0
1776884500.7191026,-1.0,0.0,-38.0
1776884500.7291028,0.0,-2.0,-32.0
1776884500.7391028,-2.0,-2.0,-31.0
1776884500.7491028,0.0,-2.0,-41.0
1776884500.7591028,3.0,0.0,-41.0
1776884500.7691028,-1.0,-2.0,-49.0
1776884500.7791028,0.0,-5.0,-52.0
1776884500.7891028,0.0,-3.0,-49.0
1776884500.7991028,0.0,-1.0,-44.0
1776884500.8091028,3.0,-4.0,-48.0
1776884500.8191028,6.0,-4.0,-47.0
1776884500.8291028,5.0,-2.0,-44.0
1776884500.8391027,5.0,-5.0,-51.0
1776884500.8491027,4.0,-7.0,-53.0
1776884500.8591027,-1.0,-7.0,-48.0
1776884500.8691027,0.0,-5.0,-48.0
1776884500.8791027,0.0,-3.0,-55.0
1776884500.8891027,0.0,-7.0,-52.0
1776884500.8991027,2.0,-6.0,-57.0
1776884500.909103,0.0,-9.0,-58.0
1776884500.919103,-1.0,-8.0,-55.0
1776884500.929103,-7.0,-5.0,-46.0
1776884500.9391026,-5.0,-3.0,-50.0
1776884500.9491026,-1.0,0.0,-50.0
1776884500.9591026,-2.0,0.0,-55.0
1776884500.9691026,-6.0,1.0,-48.0
1776884500.9791028,-5.0,2.0,-47.0
1776884500.9891028,-1.0,-5.0,-46.0
1776884500.9991028,-1.0,-4.0,-44.0
1776884501.0091028,-1.0,-4.0,-44.0
1776884501.0191028,-1.0,-1.0,-48.0
1776884501.0291028,-2.0,-3.0,-46.0
1776884501.0391028,-4.0,-1.0,-50.0
1776884501.0491028,-7.0,0.0,-55.0
1776884501.0591028,-3.0,1.0,-53.0
1776884501.0691028,-5.0,0.0,-57.0
1776884501.0791028,-4.0,-1.0,-53.0
1776884501.0891027,-6.0,0.0,-55.0
1776884501.0991027,0.0,-3.0,-44.0
1776884501.1091027,2.0,-1.0,-48.0
1776884501.1191027,-1.0,-4.0,-51.0
1776884501.1291027,-8.0,-6.0,-53.0
1776884501.1391027,-9.0,-13.0,-54.0
1776884501.1491027,-5.0,-9.0,-56.0
1776884501.159103,-5.0,-3.0,-57.0
1776884501.169103,-5.0,1.0,-55.0
1776884501.179103,0.0,0.0,-53.0
1776884501.1891026,-1.0,3.0,-57.0
1776884501.1991026,-1.0,-1.0,-62.0
1776884501.2091026,-4.0,0.0,-64.0
1776884501.2191026,-3.0,1.0,-58.0
1776884501.2291028,0.0,3.0,-53.0
1776884501.2391028,7.0,0.0,-48.0
1776884501.2491028,6.0,-2.0,-48.0
1776884501.2591028,4.0,-1.0,-49.0
1776884501.2691028,3.0,2.0,-48.0
1776884501.2791028,3.0,2.0,-42.0
1776884501.2891028,0.0,0.0,-38.0
1776884501.2991028,3.0,-3.0,-43.0
1776884501.3091028,5.0,-6.0,-42.0
1776884501.3191028,4.0,-3.0,-39.0
1776884501.3291028,3.0,-6.0,-46.0
1776884501.3391027,4.0,-9.0,-48.0
1776884501.3491027,5.0,-7.0,-52.0
1776884501.3591027,7.0,-3.0,-52.0
1776884501.3691027,1.0,-6.0,-52.0
1776884501.3791027,3.0,-4.0,-49.0
1776884501.3891027,0.0,-4.0,-49.0
1776884501.3991027,-3.0,-5.0,-47.0
1776884501.409103,-2.0,-7.0,-42.0
1776884501.419103,-4.0,-7.0,-41.0
1776884501.429103,-1.0,-3.0,-40.0
1776884501.4391026,2.0,-3.0,-34.0
1776884501.4491026,6.0,0.0,-36.0
1776884501.4591026,5.0,2.0,-42.0
1776884501.4691026,6.0,1.0,-45.0
1776884501.4791028,1.0,2.0,-51.0
1776884501.4891028,1.0,-1.0,-51.0
1776884501.4991028,0.0,-2.0,-47.0
1776884501.5091028,-1.0,1.0,-41.0
1776884501.5191028,0.0,1.0,-42.0
1776884501.5291028,0.0,1.0,-36.0
1776884501.5391028,-4.0,0.0,-39.0
1776884501.5491028,-2.0,0.0,-39.0
1776884501.5591028,0.0,1.0,-40.0
1776884501.5691028,2.0,1.0,-39.0
1776884501.5791028,1.0,3.0,-41.0
1776884501.5891027,5.0,1.0,-44.0
1776884501.5991027,2.0,3.0,-41.0
1776884501.6091027,4.0,0.0,-44.0
1776884501.6191027,0.0,-2.0,-50.0
1776884501.6291027,-1.0,1.0,-52.0
1776884501.6391027,0.0,0.0,-50.0
1776884501.6491027,-1.0,-4.0,-42.0
1776884501.659103,-2.0,-5.0,-42.0
1776884501.669103,0.0,-3.0,-42.0
1776884501.679103,-1.0,-2.0,-44.0
1776884501.6891026,-4.0,-7.0,-43.0
1776884501.6991026,-6.0,-9.0,-41.0
1776884501.7091026,-6.0,-8.0,-41.0
1776884501.7191026,-5.0,-10.0,-39.0
1776884501.7291028,-4.0,-10.0,-44.0
1776884501.7391028,-3.0,-9.0,-45.0
1776884501.7491028,0.0,-4.0,-46.0
1776884501.7591028,3.0,-5.0,-49.0
1776884501.7691028,10.0,-8.0,-55.0
1776884501.7791028,10.0,-7.0,-45.0
1776884501.7891028,11.0,-8.0,-49.0
1776884501.7991028,5.0,-4.0,-51.0
1776884501.8091028,1.0,-6.0,-44.0
1776884501.8191028,2.0,-7.0,-46.0
1776884501.8291028,-1.0,-5.0,-51.0
1776884501.8391027,-1.0,-2.0,-56.0
1776884501.8491027,-4.0,-3.0,-56.0
1776884501.8591027,1.0,-4.0,-60.0
1776884501.8691027,-1.0,-3.0,-59.0
1776884501.8791027,-4.0,-6.0,-47.0
1776884501.8891027,-2.0,-6.0,-42.0
1776884501.8991027,1.0,-5.0,-45.0
1776884501.9101028,3.0,-6.0,-35.0
1776884501.9201028,3.0,-6.0,-37.0
1776884501.9301028,0.0,-3.0,-40.0
1776884501.9401028,0.0,-5.0,-43.0
1776884501.9501028,2.0,-3.0,-43.0
1776884501.9601028,4.0,-5.0,-43.0
1776884501.9701028,7.0,-7.0,-43.0
1776884501.9801028,9.0,-7.0,-52.0
1776884501.9901028,7.0,-10.0,-58.0
1776884502.0001028,6.0,-6.0,-62.0
1776884502.0101027,1.0,-7.0,-62.0
1776884502.0201027,1.0,-6.0,-56.0
1776884502.0301027,0.0,-1.0,-52.0
1776884502.0401027,-3.0,-1.0,-55.0
1776884502.0501027,-5.0,0.0,-50.0
1776884502.0601027,-7.0,-2.0,-48.0
1776884502.0701027,-8.0,-3.0,-46.0
1776884502.0801027,-10.0,-2.0,-56.0
1776884502.090103,-1.0,-3.0,-58.0
1776884502.100103,-2.0,-2.0,-60.0
1776884502.110103,-7.0,0.0,-57.0
1776884502.1201026,-3.0,-1.0,-56.0
1776884502.1301026,-2.0,-2.0,-44.0
1776884502.1401026,-2.0,-3.0,-46.0
1776884502.1501029,1.0,-3.0,-45.0
1776884502.1601028,2.0,0.0,-41.0
1776884502.1701028,0.0,-3.0,-44.0
1776884502.1801028,1.0,0.0,-44.0
1776884502.1901028,5.0,-1.0,-46.0
1776884502.2001028,3.0,0.0,-50.0
1776884502.2101028,4.0,0.0,-51.0
1776884502.2201028,1.0,-3.0,-50.0
1776884502.2301028,1.0,-2.0,-49.0
1776884502.2401028,1.0,0.0,-48.0
1776884502.2501028,0.0,0.0,-51.0
1776884502.2601027,0.0,0.0,-50.0
1776884502.2701027,0.0,0.0,-51.0
1776884502.2801027,0.0,0.0,-46.0
1776884502.2901027,4.0,1.0,-43.0
1776884502.3001027,1.0,2.0,-46.0
1776884502.3101027,0.0,0.0,-50.0
1776884502.3201027,-6.0,1.0,-60.0
1776884502.3301027,-6.0,1.0,-62.0
1776884502.340103,-10.0,2.0,-53.0
1776884502.350103,-13.0,-4.0,-50.0
1776884502.360103,-10.0,-4.0,-50.0
1776884502.3701026,-6.0,-4.0,-52.0
1776884502.3801026,-2.0,-5.0,-51.0
1776884502.3901026,4.0,-6.0,-46.0
1776884502.4001029,7.0,-6.0,-49.0
1776884502.4101028,0.0,-3.0,-49.0
1776884502.4201028,1.0,-2.0,-50.0
1776884502.4301028,6.0,1.0,-52.0
1776884502.4401028,7.0,0.0,-48.0
1776884502.4501028,5.0,2.0,-55.0
1776884502.4601028,5.0,3.0,-52.0
1776884502.4701028,5.0,4.0,-55.0
1776884502.4801028,0.0,2.0,-55.0
1776884502.4901028,0.0,0.0,-55.0
1776884502.5001028,0.0,0.0,-51.0
1776884502.5101027,1.0,-2.0,-44.0
1776884502.5201027,3.0,3.0,-45.0
1776884502.5301027,3.0,7.0,-41.0
1776884502.5401027,1.0,4.0,-39.0
1776884502.5501027,-3.0,-1.0,-48.0
1776884502.5601027,-4.0,2.0,-51.0
1776884502.5701027,-4.0,0.0,-55.0
1776884502.5801027,0.0,0.0,-57.0
1776884502.590103,0.0,2.0,-55.0
1776884502.600103,0.0,-1.0,-55.0
1776884502.610103,1.0,0.0,-51.0
1776884502.6201026,1.0,-5.0,-51.0
1776884502.6301026,-2.0,-8.0,-54.0
1776884502.6401026,-2.0,-5.0,-42.0
1776884502.6501029,-4.0,-7.0,-43.0
1776884502.6601028,-8.0,-5.0,-51.0
1776884502.6701028,-8.0,-1.0,-56.0
1776884502.6801028,-6.0,3.0,-52.0
1776884502.6901028,-7.0,4.0,-41.0
1776884502.7001028,-6.0,2.0,-43.0
1776884502.7101028,-3.0,2.0,-42.0
1776884502.7201028,1.0,-3.0,-42.0
1776884502.7301028,1.0,-4.0,-38.0
1776884502.7401028,3.0,-3.0,-39.0
1776884502.7501028,6.0,-3.0,-41.0
1776884502.7601027,6.0,-8.0,-42.0
1776884502.7701027,6.0,-9.0,-43.0
1776884502.7801027,10.0,-9.0,-49.0
1776884502.7901027,8.0,-12.0,-50.0
1776884502.8001027,8.0,-8.0,-49.0
1776884502.8101027,4.0,-4.0,-47.0
1776884502.8201027,3.0,-2.0,-50.0
1776884502.8301027,7.0,-3.0,-49.0
1776884502.840103,5.0,-7.0,-53.0
1776884502.850103,9.0,-3.0,-50.0
1776884502.860103,9.0,-1.0,-53.0
1776884502.8701026,9.0,-2.0,-52.0
1776884502.8801026,6.0,-6.0,-57.0
1776884502.8901026,5.0,-7.0,-57.0
1776884502.9001029,3.0,-9.0,-55.0
1776884502.9101028,1.0,-7.0,-54.0
1776884502.9201028,-1.0,-7.0,-55.0
1776884502.9301028,-3.0,-8.0,-53.0
1776884502.9401028,-3.0,-6.0,-54.0
1776884502.9501028,-1.0,-8.0,-49.0
1776884502.9601028,1.0,-9.0,-48.0
1776884502.9701028,3.0,-9.0,-53.0
1776884502.9801028,6.0,-5.0,-53.0
1776884502.9901028,5.0,-8.0,-45.0
1776884503.0001028,1.0,-10.0,-44.0
1776884503.0101027,-2.0,-5.0,-39.0
1776884503.0201027,-2.0,-4.0,-40.0
1776884503.0301027,0.0,1.0,-45.0
1776884503.0401027,-1.0,3.0,-49.0
1776884503.0501027,-1.0,4.0,-45.0
1776884503.0601027,-3.0,4.0,-50.0
1776884503.0701027,-2.0,4.0,-48.0
1776884503.0801027,-3.0,1.0,-43.0
1776884503.090103,-1.0,-1.0,-48.0
1776884503.100103,0.0,-1.0,-47.0
1776884503.110103,0.0,0.0,-50.0
1776884503.1201026,3.0,-1.0,-47.0
1776884503.1301026,0.0,0.0,-41.0
1776884503.1401026,1.0,-2.0,-40.0
1776884503.1501029,-2.0,-2.0,-42.0
1776884503.1601028,0.0,-2.0,-42.0
1776884503.1701028,-3.0,0.0,-43.0
1776884503.1801028,-5.0,0.0,-55.0
1776884503.1901028,0.0,0.0,-55.0
1776884503.2001028,-4.0,4.0,-52.0
1776884503.2101028,-4.0,1.0,-46.0
1776884503.2201028,-6.0,3.0,-39.0
1776884503.2301028,-5.0,2.0,-49.0
1776884503.2401028,-9.0,2.0,-56.0
1776884503.2501028,-5.0,0.0,-56.0
1776884503.2601027,3.0,-3.0,-48.0
1776884503.2701027,4.0,-5.0,-43.0
1776884503.2801027,7.0,-6.0,-45.0
1776884503.2901027,9.0,-3.0,-46.0
1776884503.3001027,11.0,0.0,-46.0
1776884503.3101027,10.0,6.0,-47.0
1776884503.3201027,12.0,6.0,-49.0
1776884503.3301027,9.0,5.0,-54.0
1776884503.340103,10.0,4.0,-58.0
1776884503.350103,4.0,1.0,-58.0
1776884503.360103,1.0,1.0,-53.0
1776884503.3701026,-1.0,0.0,-56.0
1776884503.3801026,0.0,-2.0,-55.0
1776884503.3901026,2.0,-4.0,-58.0
1776884503.4001029,6.0,-2.0,-52.0
1776884503.4101028,7.0,-4.0,-52.0
1776884503.4201028,9.0,-4.0,-52.0
1776884503.4301028,5.0,1.0,-55.0
1776884503.4401028,6.0,0.0,-50.0
1776884503.4501028,3.0,0.0,-47.0
1776884503.4601028,5.0,-3.0,-44.0
1776884503.4701028,3.0,-2.0,-37.0
1776884503.4801028,-2.0,-5.0,-42.0
1776884503.4901028,-5.0,-5.0,-51.0
1776884503.5001028,-10.0,-4.0,-50.0
1776884503.5101027,-1.0,-3.0,-50.0
1776884503.5201027,-1.0,0.0,-52.0
1776884503.5301027,3.0,4.0,-44.0
1776884503.5401027,3.0,9.0,-45.0
1776884503.5501027,-1.0,6.0,-44.0
1776884503.5601027,-3.0,2.0,-44.0
1776884503.5701027,-4.0,0.0,-49.0
1776884503.5801027,-2.0,1.0,-45.0
1776884503.590103,-2.0,0.0,-46.0
1776884503.600103,-3.0,5.0,-48.0
1776884503.610103,0.0,2.0,-46.0
1776884503.6201026,0.0,0.0,-42.0
1776884503.6301026,2.0,-3.0,-45.0
1776884503.6401026,6.0,-4.0,-43.0
1776884503.6501029,5.0,-5.0,-46.0
1776884503.6601028,4.0,-7.0,-44.0
1776884503.6701028,2.0,-2.0,-45.0
1776884503.6801028,4.0,0.0,-45.0
1776884503.6901028,1.0,-3.0,-52.0
1776884503.7001028,-1.0,-4.0,-54.0
1776884503.7101028,1.0,-2.0,-53.0
1776884503.7201028,-2.0,1.0,-57.0
1776884503.7301028,-7.0,0.0,-53.0
1776884503.7401028,-5.0,-1.0,-46.0
1776884503.7501028,-1.0,0.0,-46.0
1776884503.7601027,-3.0,-4.0,-52.0
1776884503.7701027,-3.0,-5.0,-53.0
1776884503.7801027,-2.0,-4.0,-48.0
1776884503.7901027,-1.0,-4.0,-56.0
1776884503.8001027,0.0,-1.0,-54.0
1776884503.8101027,4.0,1.0,-48.0
1776884503.8201027,5.0,2.0,-43.0
1776884503.8301027,3.0,5.0,-46.0
1776884503.840103,0.0,2.0,-42.0
1776884503.850103,-2.0,0.0,-41.0
1776884503.860103,-1.0,-5.0,-53.0
1776884503.8711028,0.0,-1.0,-53.0
1776884503.8811028,2.0,-3.0,-56.0
1776884503.8911028,6.0,-2.0,-58.0
1776884503.9011028,3.0,-3.0,-55.0
1776884503.9111028,0.0,0.0,-57.0
1776884503.9211028,1.0,1.0,-51.0
1776884503.9311028,4.0,3.0,-50.0
1776884503.9411027,0.0,0.0,-51.0
1776884503.9511027,0.0,-1.0,-46.0
1776884503.9611027,4.0,0.0,-48.0
1776884503.9711027,0.0,0.0,-47.0
1776884503.9811027,-5.0,-3.0,-45.0
1776884503.9911027,-4.0,-1.0,-47.0
1776884504.0011027,0.0,-2.0,-55.0
1776884504.011103,-3.0,-1.0,-54.0
1776884504.021103,0.0,-5.0,-57.0
1776884504.031103,3.0,-3.0,-59.0
1776884504.0411026,4.0,-2.0,-62.0
1776884504.0511026,5.0,-4.0,-55.0
1776884504.0611026,7.0,-3.0,-47.0
1776884504.0711029,1.0,-7.0,-47.0
1776884504.0811028,1.0,-10.0,-51.0
1776884504.0911028,0.0,-5.0,-53.0
1776884504.1011028,1.0,-7.0,-49.0
1776884504.1111028,4.0,-9.0,-48.0
1776884504.1211028,0.0,-3.0,-45.0
1776884504.1311028,-4.0,-2.0,-38.0
1776884504.1411028,-4.0,-4.0,-39.0
1776884504.1511028,-2.0,-2.0,-42.0
1776884504.1611028,-3.0,2.0,-45.0
1776884504.1711028,-5.0,0.0,-45.0
1776884504.1811028,0.0,1.0,-42.0
1776884504.1911027,3.0,0.0,-45.0
1776884504.2011027,3.0,0.0,-46.0
1776884504.2111027,4.0,0.0,-43.0
1776884504.2211027,3.0,-3.0,-36.0
1776884504.2311027,2.0,0.0,-43.0
1776884504.2411027,3.0,-3.0,-46.0
1776884504.2511027,3.0,0.0,-47.0
1776884504.261103,4.0,0.0,-43.0
1776884504.271103,0.0,2.0,-46.0
1776884504.281103,3.0,1.0,-49.0
1776884504.2911026,0.0,2.0,-39.0
1776884504.3011026,0.0,1.0,-34.0
1776884504.3111026,3.0,2.0,-36.0
1776884504.3211029,3.0,0.0,-33.0
1776884504.3311028,2.0,-2.0,-34.0
1776884504.3411028,3.0,0.0,-31.0
1776884504.3511028,0.0,-2.0,-26.0
1776884504.3611028,0.0,1.0,-23.0
1776884504.3711028,-8.0,-2.0,-34.0
1776884504.3811028,-10.0,0.0,-36.0
1776884504.3911028,-8.0,-1.0,-39.0
1776884504.4011028,-5.0,-5.0,-35.0
1776884504.4111028,-5.0,-3.0,-34.0
1776884504.4211028,-5.0,-2.0,-40.0
1776884504.4311028,-2.0,-3.0,-37.0
1776884504.4411027,-5.0,1.0,-39.0
1776884504.4511027,-1.0,4.0,-39.0
1776884504.4611027,0.0,2.0,-44.0
1776884504.4711027,-1.0,2.0,-47.0
1776884504.4811027,-5.0,0.0,-51.0
1776884504.4911027,-2.0,0.0,-44.0
1776884504.5011027,0.0,0.0,-45.0
1776884504.511103,0.0,2.0,-42.0
1776884504.521103,-2.0,0.0,-44.0
1776884504.531103,-2.0,2.0,-40.0
1776884504.5411026,1.0,4.0,-36.0
1776884504.5511026,2.0,2.0,-35.0
1776884504.5611026,5.0,-4.0,-34.0
1776884504.5711029,2.0,-6.0,-33.0
1776884504.5811028,2.0,-9.0,-33.0
1776884504.5911028,0.0,-8.0,-37.0
1776884504.6011028,-2.0,-8.0,-30.0
1776884504.6111028,-4.0,-8.0,-36.0
1776884504.6211028,-6.0,-6.0,-29.0
1776884504.6311028,-7.0,-7.0,-28.0
1776884504.6411028,-1.0,-4.0,-32.0
1776884504.6511028,0.0,-4.0,-43.0
1776884504.6611028,-1.0,-4.0,-51.0
1776884504.6711028,-4.0,-4.0,-54.0
1776884504.6811028,-2.0,-4.0,-49.0
1776884504.6911027,-2.0,-1.0,-52.0
1776884504.7011027,-2.0,0.0,-50.0
1776884504.7111027,-1.0,-2.0,-48.0
1776884504.7211027,-1.0,-3.0,-50.0
1776884504.7311027,-3.0,-2.0,-46.0
1776884504.7411027,-4.0,-3.0,-42.0
1776884504.7511027,-4.0,-2.0,-40.0
1776884504.761103,-3.0,-2.0,-41.0
1776884504.771103,1.0,-4.0,-40.0
1776884504.781103,1.0,-5.0,-40.0
1776884504.7911026,2.0,-3.0,-45.0
1776884504.8011026,3.0,-4.0,-49.0
1776884504.8111026,2.0,-6.0,-53.0
1776884504.8211029,0.0,-1.0,-48.0
1776884504.8311028,0.0,2.0,-50.0
1776884504.8411028,0.0,2.0,-47.0
1776884504.8511028,-1.0,0.0,-47.0
1776884504.8611028,2.0,1.0,-41.0
1776884504.8711028,2.0,0.0,-46.0
1776884504.8811028,3.0,-2.0,-44.0
1776884504.8911028,7.0,-2.0,-45.0
1776884504.9011028,3.0,0.0,-49.0
1776884504.9111028,5.0,-1.0,-46.0
1776884504.9211028,6.0,0.0,-52.0
1776884504.9311028,5.0,0.0,-51.0
1776884504.9411027,2.0,0.0,-53.0
1776884504.9511027,6.0,0.0,-56.0
1776884504.9611027,5.0,0.0,-53.0
1776884504.9711027,9.0,-5.0,-56.0
1776884504.9811027,8.0,-3.0,-51.0
1776884504.9911027,5.0,-4.0,-47.0
1776884505.0011027,9.0,-9.0,-51.0
1776884505.011103,11.0,-9.0,-52.0
1776884505.021103,9.0,-7.0,-52.0
1776884505.031103,4.0,-4.0,-55.0
1776884505.0411026,3.0,-1.0,-52.0
1776884505.0511026,3.0,-4.0,-55.0
1776884505.0611026,5.0,-6.0,-55.0
1776884505.0711029,5.0,-5.0,-58.0
1776884505.0811028,0.0,-3.0,-58.0
1776884505.0911028,-1.0,-3.0,-55.0
1776884505.1011028,1.0,-4.0,-52.0
1776884505.1111028,0.0,-5.0,-50.0
1776884505.1211028,-5.0,-4.0,-52.0
1776884505.1311028,-5.0,-4.0,-54.0
1776884505.1411028,-7.0,0.0,-50.0
1776884505.1511028,-5.0,-2.0,-43.0
1776884505.1611028,-8.0,-1.0,-46.0
1776884505.1711028,-7.0,1.0,-42.0
1776884505.1811028,0.0,1.0,-46.0
1776884505.1911027,2.0,1.0,-47.0
1776884505.2011027,0.0,0.0,-49.0
1776884505.2111027,1.0,2.0,-53.0
1776884505.2211027,0.0,1.0,-47.0
1776884505.2311027,-3.0,0.0,-46.0
1776884505.2411027,-1.0,0.0,-46.0
1776884505.2511027,-1.0,-1.0,-46.0
1776884505.261103,-4.0,-6.0,-43.0
1776884505.271103,-9.0,-10.0,-43.0
1776884505.281103,-9.0,-9.0,-48.0
1776884505.2911026,-12.0,-10.0,-49.0
1776884505.3011026,-8.0,-15.0,-51.0
1776884505.3111026,-8.0,-12.0,-51.0
1776884505.3211029,-9.0,-11.0,-45.0
1776884505.3311028,-10.0,-9.0,-51.0
1776884505.3411028,-6.0,-9.0,-49.0
1776884505.3511028,-2.0,-7.0,-39.0
1776884505.3611028,-4.0,-6.0,-46.0
1776884505.3711028,2.0,-8.0,-41.0
1776884505.3811028,6.0,-3.0,-41.0
1776884505.3911028,0.0,-1.0,-43.0
1776884505.4011028,-1.0,4.0,-49.0
1776884505.4111028,-4.0,10.0,-46.0
1776884505.4211028,-4.0,7.0,-51.0
1776884505.4311028,-5.0,4.0,-58.0
1776884505.4411027,-4.0,-2.0,-57.0
1776884505.4511027,-8.0,-3.0,-56.0
1776884505.4611027,-2.0,-4.0,-56.0
1776884505.4711027,0.0,-9.0,-57.0
1776884505.4811027,-3.0,-6.0,-55.0
1776884505.4911027,-2.0,-9.0,-56.0
1776884505.5011027,-4.0,-12.0,-53.0
1776884505.511103,2.0,-6.0,-50.0
1776884505.521103,3.0,-8.0,-46.0
1776884505.531103,7.0,-4.0,-44.0
1776884505.5411026,6.0,-4.0,-44.0
1776884505.5511026,4.0,0.0,-42.0
1776884505.5611026,2.0,0.0,-41.0
1776884505.5711029,4.0,0.0,-40.0
1776884505.5811028,8.0,0.0,-42.0
1776884505.5911028,12.0,2.0,-46.0
1776884505.6011028,10.0,0.0,-43.0
1776884505.6111028,5.0,0.0,-42.0
1776884505.6211028,4.0,-1.0,-44.0
1776884505.6311028,0.0,0.0,-43.0
1776884505.6411028,-2.0,-2.0,-40.0
1776884505.6511028,0.0,-2.0,-39.0
1776884505.6611028,6.0,-6.0,-33.0
1776884505.6711028,4.0,-6.0,-37.0
1776884505.6811028,1.0,-4.0,-33.0
1776884505.6911027,2.0,-3.0,-38.0
1776884505.7011027,5.0,-2.0,-37.0
1776884505.7111027,5.0,1.0,-35.0
1776884505.7211027,3.0,1.0,-37.0
1776884505.7311027,6.0,1.0,-41.0
1776884505.7411027,4.0,-1.0,-49.0
1776884505.7511027,-1.0,-2.0,-57.0
1776884505.761103,-2.0,-6.0,-52.0
1776884505.771103,-4.0,-8.0,-50.0
1776884505.7821028,-3.0,-6.0,-51.0
1776884505.7911026,-1.0,-4.0,-46.0
1776884505.8011026,-2.0,-6.0,-44.0
1776884505.8111026,2.0,-10.0,-43.0
1776884505.8221028,-3.0,-8.0,-48.0
1776884505.8321028,-4.0,-11.0,-48.0
1776884505.8421028,-4.0,-9.0,-48.0
1776884505.8521028,-1.0,-10.0,-42.0
1776884505.8621027,2.0,-8.0,-38.0
1776884505.8721027,-2.0,-6.0,-34.0
1776884505.8821027,1.0,-3.0,-36.0
1776884505.8921027,2.0,-2.0,-39.0
1776884505.9021027,5.0,-1.0,-41.0
1776884505.9121027,3.0,-1.0,-43.0
1776884505.9221027,-1.0,-3.0,-37.0
1776884505.9311028,0.0,0.0,-40.0
1776884505.942103,0.0,0.0,-40.0
1776884505.952103,-3.0,-1.0,-47.0
1776884505.962103,-4.0,-3.0,-45.0
1776884505.9721026,-1.0,-3.0,-43.0
1776884505.9821026,2.0,-3.0,-42.0
1776884505.9921026,1.0,-2.0,-42.0
1776884506.0021029,3.0,-4.0,-39.0
1776884506.0121028,-1.0,-2.0,-39.0
1776884506.0221028,-2.0,0.0,-39.0
1776884506.0321028,2.0,-2.0,-41.0
1776884506.0421028,3.0,-2.0,-41.0
1776884506.0521028,1.0,-3.0,-43.0
1776884506.0621028,5.0,-1.0,-42.0
1776884506.0721028,6.0,1.0,-40.0
1776884506.0821028,6.0,0.0,-46.0
1776884506.0921028,7.0,0.0,-47.0
1776884506.1021028,5.0,3.0,-50.0
1776884506.1121027,6.0,6.0,-53.0
1776884506.1221027,1.0,3.0,-52.0
1776884506.1321027,-3.0,4.0,-53.0
1776884506.1421027,-3.0,2.0,-57.0
1776884506.1521027,-1.0,4.0,-56.0
1776884506.1621027,0.0,3.0,-54.0
1776884506.1721027,0.0,-2.0,-52.0
1776884506.182103,-1.0,-7.0,-49.0
1776884506.192103,-1.0,-7.0,-45.0
1776884506.202103,2.0,-7.0,-38.0
1776884506.212103,4.0,-5.0,-37.0
1776884506.2221026,3.0,-9.0,-37.0
1776884506.2321026,0.0,-6.0,-40.0
1776884506.2421026,1.0,-3.0,-38.0
1776884506.2521029,0.0,0.0,-36.0
1776884506.2621028,-2.0,-3.0,-49.0
1776884506.2721028,0.0,-2.0,-52.0
1776884506.2821028,4.0,-4.0,-53.0
1776884506.2921028,0.0,-1.0,-46.0
1776884506.3021028,4.0,-2.0,-48.0
1776884506.3121028,6.0,-1.0,-45.0
1776884506.3221028,2.0,0.0,-48.0
1776884506.3321028,1.0,-3.0,-44.0
1776884506.3421028,0.0,-1.0,-48.0
1776884506.3521028,0.0,0.0,-41.0
1776884506.3621027,5.0,-3.0,-42.0
1776884506.3721027,2.0,-3.0,-46.0
1776884506.3821027,3.0,-7.0,-48.0
1776884506.3921027,6.0,-5.0,-52.0
1776884506.4021027,5.0,-3.0,-49.0
1776884506.4121027,4.0,-1.0,-47.0
1776884506.4221027,2.0,-2.0,-39.0
1776884506.432103,-2.0,-5.0,-39.0
1776884506.442103,0.0,-2.0,-36.0
1776884506.452103,4.0,-1.0,-37.0
1776884506.462103,5.0,-2.0,-42.0
1776884506.4721026,8.0,-4.0,-46.0
1776884506.4821026,10.0,-4.0,-37.0
1776884506.4921026,7.0,-3.0,-43.0
1776884506.5021029,6.0,-3.0,-42.0
1776884506.5121028,3.0,-4.0,-40.0
1776884506.5221028,-5.0,0.0,-40.0
1776884506.5321028,-5.0,0.0,-47.0
1776884506.5421028,-5.0,1.0,-52.0
1776884506.5521028,-5.0,1.0,-50.0
1776884506.5621028,-3.0,2.0,-48.0
1776884506.5721028,-3.0,2.0,-43.0
1776884506.5821028,0.0,6.0,-42.0
1776884506.5921028,5.0,5.0,-42.0
1776884506.6021028,9.0,4.0,-44.0
1776884506.6121027,6.0,3.0,-53.0
1776884506.6221027,8.0,4.0,-52.0
1776884506.6321027,1.0,6.0,-50.0
1776884506.6421027,5.0,7.0,-47.0
1776884506.6521027,2.0,1.0,-48.0
1776884506.6621027,3.0,-1.0,-47.0
1776884506.6721027,3.0,-3.0,-50.0
1776884506.682103,2.0,-4.0,-51.0
1776884506.692103,8.0,-5.0,-49.0
1776884506.702103,4.0,-11.0,-52.0
1776884506.712103,1.0,-12.0,-46.0
1776884506.7221026,-3.0,-8.0,-37.0
1776884506.7321026,-5.0,-3.0,-44.0
1776884506.7421026,-2.0,2.0,-48.0
1776884506.7521029,3.0,1.0,-46.0
1776884506.7621028,5.0,1.0,-42.0
1776884506.7721028,3.0,0.0,-48.0
1776884506.7821028,3.0,-5.0,-46.0
1776884506.7921028,2.0,-5.0,-47.0
1776884506.8021028,3.0,-3.0,-39.0
1776884506.8121028,0.0,0.0,-34.0
1776884506.8221028,0.0,1.0,-38.0
1776884506.8321028,-1.0,-2.0,-42.0
1776884506.8421028,0.0,-3.0,-43.0
1776884506.8521028,5.0,-1.0,-42.0
1776884506.8621027,8.0,-1.0,-46.0
1776884506.8721027,6.0,0.0,-45.0
1776884506.8821027,2.0,0.0,-48.0
1776884506.8921027,2.0,-1.0,-52.0
1776884506.9021027,6.0,0.0,-46.0
1776884506.9121027,7.0,-3.0,-46.0
1776884506.9221027,7.0,-5.0,-51.0
1776884506.932103,4.0,-5.0,-49.0
1776884506.942103,7.0,-4.0,-50.0
1776884506.952103,9.0,-5.0,-46.0
1776884506.962103,9.0,-3.0,-53.0
1776884506.9721026,11.0,-1.0,-60.0
1776884506.9821026,8.0,-3.0,-53.0
1776884506.9921026,7.0,-7.0,-56.0
1776884507.0021029,2.0,-10.0,-52.0
1776884507.0121028,1.0,-10.0,-55.0
1776884507.0221028,0.0,-9.0,-51.0
1776884507.0321028,1.0,-7.0,-60.0
1776884507.0421028,6.0,-6.0,-55.0
1776884507.0521028,5.0,0.0,-53.0
1776884507.0621028,5.0,2.0,-55.0
1776884507.0721028,1.0,4.0,-59.0
1776884507.0821028,3.0,0.0,-57.0
1776884507.0921028,7.0,4.0,-56.0
1776884507.1021028,0.0,6.0,-53.0
1776884507.1121027,4.0,-1.0,-53.0
1776884507.1221027,3.0,-1.0,-49.0
1776884507.1321027,1.0,0.0,-50.0
1776884507.1421027,2.0,-3.0,-54.0
1776884507.1521027,3.0,-5.0,-51.0
1776884507.1621027,3.0,-2.0,-53.0
1776884507.1721027,4.0,0.0,-57.0
1776884507.182103,6.0,3.0,-50.0
1776884507.192103,1.0,0.0,-50.0
1776884507.202103,1.0,-4.0,-50.0
1776884507.212103,2.0,0.0,-42.0
1776884507.2221026,-1.0,0.0,-41.0
1776884507.2321026,-5.0,0.0,-43.0
1776884507.2421026,-2.0,-4.0,-40.0
1776884507.2521029,4.0,-6.0,-46.0
1776884507.2621028,10.0,-3.0,-47.0
1776884507.2721028,4.0,-4.0,-47.0
1776884507.2821028,0.0,-3.0,-42.0
1776884507.2921028,0.0,-3.0,-47.0
1776884507.3021028,5.0,-1.0,-52.0
1776884507.3121028,2.0,0.0,-53.0
1776884507.3221028,3.0,2.0,-49.0
1776884507.3321028,2.0,4.0,-50.0
1776884507.3421028,2.0,0.0,-56.0
1776884507.3521028,1.0,-2.0,-58.0
1776884507.3621027,1.0,-3.0,-55.0
1776884507.3721027,7.0,-2.0,-57.0
1776884507.3821027,10.0,2.0,-52.0
1776884507.3921027,10.0,0.0,-51.0
1776884507.4021027,7.0,-1.0,-54.0
1776884507.4121027,6.0,-3.0,-56.0
1776884507.4221027,7.0,-2.0,-50.0
1776884507.432103,10.0,0.0,-59.0
1776884507.442103,10.0,-1.0,-58.0
1776884507.452103,12.0,0.0,-54.0
1776884507.462103,12.0,-1.0,-56.0
1776884507.4721026,11.0,1.0,-62.0
1776884507.4821026,11.0,0.0,-69.0
1776884507.4921026,9.0,2.0,-73.0
1776884507.5021029,2.0,6.0,-72.0
1776884507.5121028,2.0,10.0,-61.0
1776884507.5221028,1.0,6.0,-58.0
1776884507.5321028,4.0,2.0,-57.0
1776884507.5421028,-1.0,0.0,-55.0
1776884507.5521028,-2.0,1.0,-56.0
1776884507.5621028,0.0,1.0,-50.0
1776884507.5721028,-1.0,-4.0,-51.0
1776884507.5821028,-1.0,-6.0,-50.0
1776884507.5921028,-6.0,-3.0,-52.0
1776884507.6021028,-3.0,-1.0,-46.0
1776884507.6121027,-2.0,-2.0,-39.0
1776884507.6221027,-2.0,-1.0,-42.0
1776884507.6321027,0.0,-2.0,-41.0
1776884507.6421027,2.0,-2.0,-41.0
1776884507.6521027,6.0,-5.0,-38.0
1776884507.6621027,6.0,-5.0,-40.0
1776884507.6721027,6.0,-8.0,-37.0
1776884507.682103,5.0,-9.0,-44.0
1776884507.692103,5.0,-9.0,-44.0
1776884507.702103,7.0,-8.0,-39.0
1776884507.712103,5.0,-7.0,-44.0
1776884507.7221026,4.0,-8.0,-46.0
1776884507.7321026,0.0,-7.0,-47.0
1776884507.7421026,-1.0,-7.0,-40.0
1776884507.7521029,-1.0,-10.0,-42.0
1776884507.7621028,0.0,-8.0,-51.0
1776884507.7721028,0.0,-9.0,-52.0
1776884507.7831028,1.0,-9.0,-58.0
1776884507.7921028,3.0,-5.0,-63.0
1776884507.8031027,4.0,-8.0,-66.0
1776884507.8121028,3.0,-6.0,-63.0
1776884507.8231027,0.0,-6.0,-59.0
1776884507.8331027,0.0,-2.0,-60.0
1776884507.8431027,-1.0,-3.0,-61.0
1776884507.8531027,-4.0,-9.0,-56.0
1776884507.863103,-4.0,-9.0,-53.0
1776884507.873103,0.0,-5.0,-55.0
1776884507.883103,-1.0,-6.0,-47.0
1776884507.8931026,-1.0,-1.0,-45.0
1776884507.9031026,1.0,-2.0,-47.0
1776884507.9131026,1.0,-1.0,-46.0
1776884507.9231029,0.0,-1.0,-44.0
1776884507.9331028,-1.0,0.0,-52.0
1776884507.9431028,-7.0,-4.0,-50.0
1776884507.9531028,-8.0,-6.0,-46.0
1776884507.9631028,-1.0,-6.0,-41.0
1776884507.9731028,-1.0,-5.0,-41.0
1776884507.9831028,0.0,-1.0,-39.0
1776884507.9931028,-2.0,0.0,-41.0
1776884508.0031028,0.0,-2.0,-45.0
1776884508.0131028,-3.0,2.0,-44.0
1776884508.0231028,-1.0,3.0,-52.0
1776884508.0331028,0.0,1.0,-59.0
1776884508.0431027,-1.0,0.0,-57.0
1776884508.0531027,-3.0,0.0,-58.0
1776884508.0631027,-1.0,1.0,-51.0
1776884508.0731027,-8.0,0.0,-50.0
1776884508.0831027,-9.0,2.0,-43.0
1776884508.0931027,-3.0,-2.0,-43.0
1776884508.1031027,-5.0,-2.0,-47.0
1776884508.113103,0.0,2.0,-58.0
1776884508.123103,2.0,2.0,-62.0
1776884508.133103,-2.0,2.0,-61.0
1776884508.1431026,-1.0,3.0,-54.0
1776884508.1531026,0.0,0.0,-47.0
1776884508.1631026,1.0,-1.0,-45.0
1776884508.1731029,-2.0,-2.0,-36.0
1776884508.1831028,-1.0,-5.0,-42.0
1776884508.1931028,-1.0,-2.0,-48.0
1776884508.2031028,-1.0,-2.0,-52.0
1776884508.2131028,-1.0,0.0,-54.0
1776884508.2231028,0.0,0.0,-57.0
1776884508.2331028,0.0,0.0,-57.0
1776884508.2431028,-1.0,0.0,-54.0
1776884508.2531028,-5.0,-3.0,-50.0
1776884508.2631028,-4.0,-7.0,-45.0
1776884508.2731028,0.0,-9.0,-47.0
1776884508.2831028,-1.0,-7.0,-48.0
1776884508.2931027,-2.0,-7.0,-47.0
1776884508.3031027,-3.0,-6.0,-48.0
1776884508.3131027,0.0,-9.0,-56.0
1776884508.3231027,1.0,-9.0,-60.0
1776884508.3331027,0.0,-6.0,-60.0
1776884508.3431027,0.0,-6.0,-56.0
1776884508.3531027,3.0,-8.0,-48.0
1776884508.363103,0.0,-7.0,-45.0
1776884508.373103,-5.0,-8.0,-46.0
1776884508.383103,-3.0,-3.0,-41.0
1776884508.3931026,-4.0,-1.0,-40.0
1776884508.4031026,-5.0,0.0,-39.0
1776884508.4131026,-6.0,0.0,-35.0
1776884508.4231029,-3.0,0.0,-36.0
1776884508.4331028,-1.0,0.0,-37.0
1776884508.4431028,0.0,0.0,-43.0
1776884508.4531028,1.0,1.0,-43.0
1776884508.4631028,2.0,-1.0,-45.0
1776884508.4731028,4.0,-2.0,-42.0
1776884508.4831028,0.0,-5.0,-51.0
1776884508.4931028,0.0,0.0,-53.0
1776884508.5031028,0.0,0.0,-54.0
1776884508.5131028,0.0,-5.0,-57.0
1776884508.5231028,0.0,-2.0,-55.0
1776884508.5331028,1.0,3.0,-52.0
1776884508.5431027,0.0,1.0,-58.0
1776884508.5531027,-1.0,-1.0,-60.0
1776884508.5631027,-2.0,3.0,-61.0
1776884508.5731027,2.0,2.0,-62.0
1776884508.5831027,4.0,-1.0,-48.0
1776884508.5931027,4.0,1.0,-49.0
1776884508.6031027,5.0,0.0,-50.0
1776884508.613103,4.0,0.0,-55.0
1776884508.623103,3.0,0.0,-50.0
1776884508.633103,-2.0,-1.0,-48.0
1776884508.6431026,2.0,-6.0,-42.0
1776884508.6531026,-1.0,-5.0,-42.0
1776884508.6631026,0.0,-4.0,-42.0
1776884508.6731029,0.0,-1.0,-47.0
1776884508.6831028,-1.0,-4.0,-49.0
1776884508.6931028,0.0,-5.0,-55.0
1776884508.7031028,3.0,-1.0,-50.0
1776884508.7131028,0.0,1.0,-49.0
1776884508.7231028,-4.0,6.0,-41.0
1776884508.7331028,-2.0,3.0,-41.0
1776884508.7431028,-5.0,2.0,-42.0
1776884508.7531028,-6.0,1.0,-44.0
1776884508.7631028,-5.0,2.0,-44.0
1776884508.7731028,-1.0,3.0,-45.0
1776884508.7831028,1.0,5.0,-46.0
1776884508.7931027,-2.0,1.0,-46.0
1776884508.8031027,-4.0,-3.0,-41.0
1776884508.8131027,-3.0,-4.0,-35.0
1776884508.8231027,0.0,-2.0,-34.0
1776884508.8331027,5.0,0.0,-41.0
1776884508.8431027,6.0,0.0,-43.0
1776884508.8531027,2.0,0.0,-42.0
1776884508.863103,6.0,0.0,-42.0
1776884508.873103,3.0,1.0,-45.0
1776884508.883103,4.0,0.0,-53.0
1776884508.8931026,2.0,-3.0,-53.0
1776884508.9031026,-1.0,-4.0,-52.0
1776884508.9131026,-4.0,-6.0,-48.0
1776884508.9231029,-3.0,-6.0,-49.0
1776884508.9331028,-3.0,-7.0,-51.0
1776884508.9431028,0.0,-6.0,-56.0
1776884508.9531028,2.0,-8.0,-56.0
1776884508.9631028,1.0,-12.0,-61.0
1776884508.9731028,-1.0,-8.0,-66.0
1776884508.9831028,-3.0,-3.0,-56.0
1776884508.9931028,4.0,-3.0,-57.0
1776884509.0031028,8.0,-2.0,-58.0
1776884509.0131028,10.0,-2.0,-63.0
1776884509.0231028,7.0,-4.0,-66.0
1776884509.0331028,2.0,-5.0,-57.0
1776884509.0431027,2.0,-6.0,-56.0
1776884509.0531027,0.0,-10.0,-57.0
1776884509.0631027,0.0,-5.0,-62.0
1776884509.0731027,0.0,-6.0,-58.0
1776884509.0831027,-3.0,-5.0,-59.0
1776884509.0931027,-2.0,-2.0,-58.0
1776884509.1031027,-7.0,-3.0,-49.0
1776884509.113103,-4.0,-5.0,-47.0
1776884509.123103,-5.0,-4.0,-46.0
1776884509.133103,-3.0,-3.0,-44.0
1776884509.1431026,1.0,-9.0,-50.0
1776884509.1531026,0.0,-4.0,-52.0
1776884509.1631026,1.0,-3.0,-59.0
1776884509.1731029,3.0,-2.0,-56.0
1776884509.1831028,5.0,-2.0,-52.0
1776884509.1931028,4.0,-1.0,-45.0
1776884509.2031028,3.0,1.0,-41.0
1776884509.2131028,3.0,0.0,-40.0
1776884509.2231028,6.0,-1.0,-40.0
1776884509.2331028,6.0,0.0,-39.0
1776884509.2431028,2.0,1.0,-38.0
1776884509.2531028,5.0,2.0,-40.0
1776884509.2631028,0.0,-1.0,-43.0
1776884509.2731028,-1.0,0.0,-44.0
1776884509.2831028,1.0,0.0,-45.0
1776884509.2931027,3.0,-3.0,-43.0
1776884509.3031027,3.0,-4.0,-48.0
1776884509.3131027,5.0,-3.0,-53.0
1776884509.3231027,5.0,-1.0,-49.0
1776884509.3331027,6.0,0.0,-49.0
1776884509.3431027,9.0,2.0,-49.0
1776884509.3531027,0.0,1.0,-53.0
1776884509.363103,1.0,-2.0,-55.0
1776884509.373103,7.0,-5.0,-63.0
1776884509.383103,5.0,0.0,-60.0
1776884509.3931026,6.0,-1.0,-55.0
1776884509.4031026,5.0,-2.0,-51.0
1776884509.4131026,3.0,-5.0,-49.0
1776884509.4231029,1.0,-5.0,-49.0
1776884509.4331028,1.0,-6.0,-52.0
1776884509.4431028,1.0,0.0,-50.0
1776884509.4531028,-4.0,0.0,-57.0
1776884509.4631028,-6.0,-2.0,-54.0
1776884509.4731028,-2.0,-5.0,-51.0
1776884509.4831028,-2.0,-7.0,-47.0
1776884509.4931028,-3.0,-8.0,-46.0
1776884509.5031028,0.0,-6.0,-50.0
1776884509.5131028,5.0,-4.0,-57.0
1776884509.5231028,2.0,-6.0,-49.0
1776884509.5331028,3.0,-6.0,-56.0
1776884509.5431027,-1.0,-4.0,-56.0
1776884509.5531027,-2.0,-2.0,-52.0
1776884509.5631027,-4.0,-1.0,-51.0
1776884509.5731027,-3.0,-1.0,-58.0
1776884509.5831027,0.0,0.0,-53.0
1776884509.5931027,0.0,0.0,-53.0
1776884509.6031027,0.0,0.0,-49.0
1776884509.613103,2.0,2.0,-53.0
1776884509.623103,5.0,3.0,-50.0
1776884509.633103,2.0,0.0,-47.0
1776884509.6431026,0.0,-2.0,-41.0
1776884509.6531026,0.0,2.0,-41.0
1776884509.6631026,0.0,3.0,-35.0
1776884509.6731029,1.0,2.0,-36.0
1776884509.6831028,0.0,5.0,-38.0
1776884509.6931028,-2.0,1.0,-41.0
1776884509.7031028,3.0,0.0,-41.0
1776884509.7131028,2.0,-1.0,-44.0
1776884509.7231028,0.0,-1.0,-46.0
1776884509.7331028,-2.0,0.0,-48.0
1776884509.7431028,2.0,0.0,-42.0
1776884509.7531028,3.0,0.0,-38.0
1776884509.7631028,5.0,0.0,-38.0
1776884509.7741027,2.0,-2.0,-41.0
1776884509.784103,-1.0,0.0,-48.0
1776884509.794103,0.0,-4.0,-43.0
1776884509.804103,0.0,-7.0,-44.0
1776884509.8141026,0.0,-4.0,-47.0
1776884509.8241026,3.0,-4.0,-46.0
1776884509.8341026,3.0,-6.0,-35.0
1776884509.8441026,0.0,-6.0,-36.0
1776884509.8541028,-2.0,-1.0,-36.0
1776884509.8641028,-2.0,0.0,-35.0
1776884509.8741028,-3.0,0.0,-43.0
1776884509.8841028,0.0,-5.0,-44.0
1776884509.8941028,-1.0,-7.0,-47.0
1776884509.9041028,-2.0,-6.0,-50.0
1776884509.9141028,-4.0,-7.0,-50.0
1776884509.9241028,0.0,-8.0,-50.0
1776884509.9341028,0.0,-7.0,-47.0
1776884509.9441028,0.0,-8.0,-43.0
1776884509.9541028,1.0,-4.0,-40.0
1776884509.9641027,-2.0,-1.0,-42.0
1776884509.9741027,-1.0,0.0,-43.0
1776884509.9841027,-1.0,0.0,-44.0
1776884509.9941027,-1.0,0.0,-54.0
1776884510.0041027,-1.0,0.0,-53.0
1776884510.0141027,-6.0,-1.0,-43.0
1776884510.0241027,-6.0,-3.0,-43.0
1776884510.034103,-4.0,-4.0,-38.0
1776884510.044103,2.0,-10.0,-39.0
1776884510.054103,1.0,-8.0,-43.0
1776884510.0641026,1.0,-5.0,-38.0
1776884510.0741026,2.0,-2.0,-45.0
1776884510.0841026,-2.0,-4.0,-41.0
1776884510.0941026,-2.0,-2.0,-44.0
1776884510.1041028,0.0,0.0,-45.0
1776884510.1141028,2.0,0.0,-48.0
1776884510.1241028,2.0,-3.0,-46.0
1776884510.1341028,3.0,-2.0,-46.0
1776884510.1441028,0.0,3.0,-52.0
1776884510.1541028,-1.0,5.0,-52.0
1776884510.1641028,1.0,5.0,-54.0
1776884510.1741028,5.0,10.0,-43.0
1776884510.1841028,4.0,9.0,-43.0
1776884510.1941028,7.0,5.0,-48.0
1776884510.2041028,7.0,8.0,-50.0
1776884510.2141027,7.0,5.0,-59.0
1776884510.2241027,10.0,0.0,-57.0
1776884510.2341027,9.0,-3.0,-54.0
1776884510.2441027,3.0,-2.0,-52.0
1776884510.2541027,6.0,-3.0,-55.0
1776884510.2641027,6.0,-2.0,-48.0
1776884510.2741027,6.0,1.0,-48.0
1776884510.284103,5.0,0.0,-46.0
1776884510.294103,5.0,-6.0,-42.0
1776884510.304103,1.0,-5.0,-42.0
1776884510.3141026,4.0,-1.0,-48.0
1776884510.3241026,3.0,-3.0,-51.0
1776884510.3341026,5.0,-6.0,-52.0
1776884510.3441026,10.0,-6.0,-54.0
1776884510.3541028,5.0,-6.0,-51.0
1776884510.3641028,7.0,-6.0,-47.0
1776884510.3741028,5.0,-3.0,-52.0
1776884510.3841028,4.0,0.0,-48.0
1776884510.3941028,0.0,2.0,-50.0
1776884510.4041028,-1.0,2.0,-49.0
1776884510.4141028,-1.0,-1.0,-51.0
1776884510.4241028,0.0,-2.0,-50.0
1776884510.4341028,0.0,-6.0,-52.0
1776884510.4441028,-8.0,-6.0,-49.0
1776884510.4541028,-7.0,-5.0,-50.0
1776884510.4641027,-5.0,-8.0,-52.0
1776884510.4741027,-3.0,-10.0,-51.0
1776884510.4841027,-2.0,-8.0,-44.0
1776884510.4941027,-4.0,-12.0,-47.0
1776884510.5041027,-2.0,-7.0,-52.0
1776884510.5141027,-4.0,-6.0,-49.0
1776884510.5241027,-6.0,-4.0,-47.0
1776884510.534103,-5.0,-3.0,-42.0
1776884510.544103,0.0,-3.0,-45.0
1776884510.554103,-1.0,-4.0,-48.0
1776884510.5641026,2.0,-5.0,-50.0
1776884510.5741026,0.0,-1.0,-48.0
1776884510.5841026,-3.0,2.0,-53.0
1776884510.5941026,-4.0,0.0,-49.0
1776884510.6041028,-3.0,-1.0,-51.0
1776884510.6141028,-2.0,0.0,-51.0
1776884510.6241028,1.0,1.0,-54.0
1776884510.6341028,4.0,-5.0,-54.0
1776884510.6441028,0.0,-9.0,-48.0
1776884510.6541028,0.0,-7.0,-50.0
1776884510.6641028,-1.0,-6.0,-41.0
1776884510.6741028,0.0,-3.0,-39.0
1776884510.6841028,0.0,0.0,-40.0
1776884510.6941028,0.0,0.0,-44.0
1776884510.7041028,1.0,-4.0,-46.0
1776884510.7141027,-1.0,-8.0,-50.0
1776884510.7241027,-2.0,-6.0,-52.0
1776884510.7341027,1.0,-2.0,-54.0
1776884510.7441027,0.0,-1.0,-48.0
1776884510.7541027,-4.0,0.0,-46.0
1776884510.7641027,-5.0,0.0,-49.0
1776884510.7741027,0.0,-3.0,-44.0
1776884510.784103,-2.0,-1.0,-45.0
1776884510.794103,-7.0,-3.0,-49.0
1776884510.804103,-10.0,-5.0,-48.0
1776884510.8141026,-6.0,-2.0,-52.0
1776884510.8241026,0.0,-1.0,-57.0
1776884510.8341026,1.0,0.0,-58.0
1776884510.8441026,0.0,0.0,-53.0
1776884510.8541028,-1.0,2.0,-57.0
1776884510.8641028,-2.0,0.0,-51.0
1776884510.8751028,-1.0,1.0,-48.0
1776884510.8841028,0.0,-5.0,-47.0
1776884510.8941028,2.0,-10.0,-51.0
1776884510.9041028,-1.0,-9.0,-49.0
1776884510.9141028,-2.0,-9.0,-47.0
1776884510.9241028,-7.0,-5.0,-55.0
1776884510.9341028,-6.0,-6.0,-49.0
1776884510.9441028,-5.0,-8.0,-47.0
1776884510.9541028,-5.0,-7.0,-49.0
1776884510.9641027,-5.0,-5.0,-52.0
1776884510.9741027,-2.0,-3.0,-48.0
1776884510.9841027,0.0,-1.0,-46.0
1776884510.9941027,0.0,-5.0,-50.0
1776884511.0041027,-3.0,-9.0,-50.0
1776884511.0141027,-1.0,-7.0,-47.0
1776884511.0241027,0.0,-6.0,-44.0
1776884511.034103,-1.0,-8.0,-44.0
1776884511.044103,-1.0,-8.0,-41.0
1776884511.054103,1.0,-4.0,-48.0
1776884511.0641026,2.0,-5.0,-49.0
1776884511.0741026,0.0,-1.0,-52.0
1776884511.0841026,3.0,0.0,-48.0
1776884511.0941026,5.0,-2.0,-52.0
1776884511.1041028,3.0,0.0,-55.0
1776884511.1141028,10.0,-2.0,-53.0
1776884511.1241028,9.0,-2.0,-46.0
1776884511.1341028,4.0,0.0,-44.0
1776884511.1441028,-1.0,-2.0,-46.0
1776884511.1541028,1.0,-2.0,-49.0
1776884511.1641028,0.0,1.0,-41.0
1776884511.1741028,-1.0,1.0,-33.0
1776884511.1841028,0.0,-1.0,-38.0
1776884511.1941028,1.0,-1.0,-41.0
1776884511.2041028,0.0,0.0,-46.0
1776884511.2141027,3.0,0.0,-42.0
1776884511.2241027,0.0,-5.0,-47.0
1776884511.2341027,0.0,-1.0,-47.0
1776884511.2441027,0.0,-1.0,-45.0
1776884511.2541027,3.0,-2.0,-47.0
1776884511.2641027,2.0,0.0,-48.0
1776884511.2741027,4.0,1.0,-48.0
1776884511.284103,5.0,1.0,-48.0
1776884511.294103,5.0,1.0,-45.0
1776884511.304103,4.0,2.0,-49.0
1776884511.3141026,4.0,0.0,-48.0
1776884511.3241026,0.0,0.0,-42.0
1776884511.3341026,1.0,2.0,-44.0
1776884511.3441026,0.0,4.0,-44.0
1776884511.3541028,3.0,3.0,-41.0
1776884511.3641028,2.0,1.0,-38.0
1776884511.3741028,3.0,1.0,-43.0
1776884511.3841028,3.0,4.0,-46.0
1776884511.3941028,0.0,2.0,-39.0
1776884511.4041028,-2.0,0.0,-36.0
1776884511.4141028,-3.0,0.0,-40.0
1776884511.4241028,-6.0,-2.0,-40.0
1776884511.4341028,-5.0,-1.0,-46.0
1776884511.4441028,-3.0,-2.0,-38.0
1776884511.4541028,0.0,1.0,-43.0
1776884511.4641027,3.0,-2.0,-47.0
1776884511.4741027,6.0,-3.0,-47.0
1776884511.4841027,3.0,-1.0,-50.0
1776884511.4941027,3.0,-2.0,-48.0
1776884511.5041027,0.0,0.0,-49.0
1776884511.5141027,0.0,0.0,-53.0
1776884511.5241027,0.0,1.0,-51.0
1776884511.534103,6.0,1.0,-48.0
1776884511.544103,3.0,1.0,-44.0
1776884511.554103,-2.0,5.0,-45.0
1776884511.5641026,-4.0,2.0,-48.0
1776884511.5741026,2.0,0.0,-42.0
1776884511.5841026,-1.0,-1.0,-53.0
1776884511.5941026,-2.0,-2.0,-53.0
1776884511.6041028,0.0,-1.0,-58.0
1776884511.6141028,0.0,-3.0,-57.0
1776884511.6241028,5.0,-7.0,-51.0
1776884511.6341028,5.0,-5.0,-42.0
1776884511.6441028,0.0,-2.0,-47.0
1776884511.6541028,0.0,-5.0,-52.0
1776884511.6641028,-1.0,-4.0,-51.0
1776884511.6741028,0.0,1.0,-43.0
1776884511.6841028,3.0,-4.0,-41.0
1776884511.6941028,7.0,-3.0,-45.0
1776884511.7051027,5.0,-2.0,-46.0
1776884511.7141027,6.0,-2.0,-54.0
1776884511.725103,7.0,-4.0,-49.0
1776884511.735103,4.0,-9.0,-45.0
1776884511.7451026,4.0,-8.0,-41.0
1776884511.7541027,4.0,-6.0,-44.0
1776884511.7641027,4.0,-7.0,-47.0
1776884511.7751029,2.0,-3.0,-54.0
1776884511.7851028,2.0,-5.0,-48.0
1776884511.7951028,1.0,-4.0,-47.0
1776884511.8051028,0.0,-1.0,-49.0
1776884511.8151028,0.0,-3.0,-46.0
1776884511.8251028,4.0,-6.0,-47.0
1776884511.8351028,3.0,-4.0,-55.0
1776884511.8451028,3.0,-2.0,-53.0
1776884511.8551028,3.0,-3.0,-45.0
1776884511.8651028,0.0,-4.0,-42.0
1776884511.8751028,0.0,-5.0,-36.0
1776884511.8851027,0.0,-3.0,-43.0
1776884511.8951027,0.0,-3.0,-42.0
1776884511.9051027,0.0,-1.0,-48.0
1776884511.9151027,-1.0,-2.0,-58.0
1776884511.9251027,-2.0,-1.0,-60.0
1776884511.9351027,-5.0,0.0,-56.0
1776884511.9451027,-4.0,1.0,-55.0
1776884511.9551027,-7.0,0.0,-54.0
1776884511.965103,-6.0,-4.0,-48.0
1776884511.975103,-7.0,0.0,-48.0
1776884511.985103,-11.0,0.0,-54.0
1776884511.9951026,-10.0,2.0,-46.0
1776884512.0051026,-11.0,1.0,-44.0
1776884512.0151026,-7.0,0.0,-46.0
1776884512.0251029,-5.0,3.0,-50.0
1776884512.0351028,-8.0,2.0,-49.0
1776884512.0451028,-1.0,-1.0,-52.0
1776884512.0551028,1.0,-2.0,-53.0
1776884512.0651028,0.0,-1.0,-41.0
1776884512.0751028,1.0,-3.0,-37.0
1776884512.0851028,1.0,-1.0,-38.0
1776884512.0951028,2.0,-2.0,-49.0
1776884512.1051028,1.0,0.0,-53.0
1776884512.1151028,5.0,-1.0,-52.0
1776884512.1251028,7.0,-4.0,-50.0
1776884512.1351027,2.0,-3.0,-56.0
1776884512.1451027,0.0,-5.0,-54.0
1776884512.1551027,0.0,-7.0,-55.0
1776884512.1651027,0.0,-5.0,-56.0
1776884512.1751027,6.0,-9.0,-53.0
1776884512.1851027,3.0,-11.0,-45.0
1776884512.1951027,4.0,-8.0,-43.0
1776884512.2051027,7.0,-7.0,-41.0
1776884512.215103,5.0,-5.0,-47.0
1776884512.225103,2.0,-2.0,-44.0
1776884512.235103,3.0,-2.0,-46.0
1776884512.2451026,0.0,-3.0,-50.0
1776884512.2551026,-1.0,-2.0,-52.0
1776884512.2651026,-2.0,-2.0,-50.0
1776884512.2751029,0.0,-2.0,-51.0
1776884512.2851028,-1.0,0.0,-49.0
1776884512.2951028,-3.0,-2.0,-50.0
1776884512.3051028,-2.0,-4.0,-50.0
1776884512.3151028,1.0,-6.0,-55.0
1776884512.3251028,6.0,-7.0,-55.0
1776884512.3351028,8.0,-2.0,-56.0
1776884512.3451028,6.0,0.0,-50.0
1776884512.3551028,7.0,-1.0,-50.0
1776884512.3651028,3.0,0.0,-44.0
1776884512.3751028,2.0,0.0,-40.0
1776884512.3851027,2.0,0.0,-44.0
1776884512.3951027,1.0,0.0,-44.0
1776884512.4051027,4.0,-3.0,-42.0
1776884512.4151027,1.0,-5.0,-40.0
1776884512.4251027,-1.0,-4.0,-50.0
1776884512.4351027,-4.0,-2.0,-55.0
1776884512.4451027,-5.0,-4.0,-53.0
1776884512.4551027,-3.0,-5.0,-51.0
1776884512.465103,1.0,-3.0,-50.0
1776884512.475103,7.0,-1.0,-52.0
1776884512.485103,1.0,-3.0,-62.0
1776884512.4951026,0.0,-6.0,-61.0
1776884512.5061028,0.0,-7.0,-65.0
1776884512.5151026,3.0,-3.0,-59.0
1776884512.5251029,5.0,-3.0,-57.0
1776884512.5351028,1.0,-1.0,-59.0
1776884512.5451028,3.0,-5.0,-59.0
1776884512.5551028,2.0,-3.0,-52.0
1776884512.5651028,0.0,-2.0,-53.0
1776884512.5751028,1.0,-3.0,-56.0
1776884512.5851028,2.0,-4.0,-45.0
1776884512.5951028,2.0,-6.0,-46.0
1776884512.6051028,0.0,-5.0,-45.0
1776884512.6151028,-1.0,-3.0,-42.0
1776884512.6251028,-1.0,-3.0,-46.0
1776884512.6351027,-2.0,-3.0,-40.0
1776884512.6451027,-3.0,-6.0,-42.0
1776884512.6551027,0.0,-6.0,-39.0
1776884512.6651027,-4.0,-5.0,-43.0
1776884512.6751027,-5.0,-5.0,-51.0
1776884512.6851027,-5.0,-10.0,-55.0
1776884512.6951027,-5.0,-5.0,-46.0
1776884512.7051027,0.0,-4.0,-40.0
1776884512.715103,4.0,-5.0,-40.0
1776884512.725103,5.0,-4.0,-51.0
1776884512.735103,3.0,-7.0,-50.0
1776884512.7451026,6.0,-7.0,-49.0
1776884512.7551026,5.0,-6.0,-49.0
1776884512.7651026,4.0,-5.0,-48.0
1776884512.7751029,5.0,-3.0,-40.0
1776884512.7851028,5.0,-1.0,-42.0
1776884512.7951028,0.0,5.0,-40.0
1776884512.8051028,0.0,3.0,-39.0
1776884512.8151028,2.0,0.0,-41.0
1776884512.8251028,-3.0,2.0,-36.0
1776884512.8351028,-7.0,2.0,-40.0
1776884512.8451028,-8.0,1.0,-44.0
1776884512.8551028,0.0,0.0,-39.0
1776884512.8651028,2.0,1.0,-39.0
1776884512.8751028,1.0,0.0,-47.0
1776884512.8851027,3.0,3.0,-45.0
1776884512.8951027,-1.0,5.0,-48.0
1776884512.9051027,-2.0,0.0,-46.0
1776884512.9151027,-7.0,0.0,-46.0
1776884512.9251027,-4.0,-1.0,-46.0
1776884512.9351027,-6.0,-3.0,-49.0
1776884512.9451027,-3.0,-2.0,-50.0
1776884512.9551027,-1.0,0.0,-51.0
1776884512.965103,1.0,-3.0,-50.0
1776884512.975103,1.0,-7.0,-55.0
1776884512.985103,2.0,-8.0,-51.0
1776884512.9951026,3.0,-9.0,-50.0
1776884513.0051026,1.0,-4.0,-53.0
1776884513.0151026,-1.0,-5.0,-51.0
1776884513.0251029,0.0,-6.0,-47.0
1776884513.0351028,0.0,-4.0,-47.0
1776884513.0451028,-1.0,-5.0,-49.0
1776884513.0551028,-2.0,-8.0,-45.0
1776884513.0651028,-1.0,-5.0,-43.0
1776884513.0751028,-4.0,-6.0,-42.0
1776884513.0851028,-1.0,-4.0,-45.0
1776884513.0951028,0.0,-4.0,-46.0
1776884513.1051028,0.0,-7.0,-48.0
1776884513.1151028,1.0,-9.0,-53.0
1776884513.1251028,-1.0,-10.0,-49.0
1776884513.1351027,-2.0,-10.0,-49.0
1776884513.1451027,-2.0,-12.0,-48.0
1776884513.1551027,-5.0,-9.0,-42.0
1776884513.1651027,-5.0,-3.0,-43.0
1776884513.1751027,-4.0,0.0,-45.0
1776884513.1851027,-1.0,-1.0,-44.0
1776884513.1951027,0.0,-2.0,-46.0
1776884513.2051027,1.0,-2.0,-42.0
1776884513.215103,7.0,0.0,-46.0
1776884513.225103,6.0,5.0,-48.0
1776884513.235103,11.0,5.0,-51.0
1776884513.2451026,9.0,0.0,-51.0
1776884513.2551026,8.0,-1.0,-50.0
1776884513.2651026,1.0,-2.0,-51.0
1776884513.2751029,0.0,0.0,-44.0
1776884513.2851028,1.0,1.0,-47.0
1776884513.2951028,1.0,2.0,-48.0
1776884513.3051028,4.0,1.0,-45.0
1776884513.3151028,4.0,1.0,-48.0
1776884513.3251028,0.0,4.0,-47.0
1776884513.3351028,0.0,2.0,-45.0
1776884513.3451028,4.0,0.0,-43.0
1776884513.3551028,2.0,0.0,-29.0
1776884513.3651028,0.0,0.0,-33.0
1776884513.3751028,0.0,0.0,-42.0
1776884513.3851027,3.0,-2.0,-43.0
1776884513.3951027,2.0,-2.0,-44.0
1776884513.4051027,2.0,-3.0,-39.0
1776884513.4151027,-2.0,-3.0,-41.0
1776884513.4251027,-2.0,-4.0,-43.0
1776884513.4351027,-4.0,-9.0,-39.0
1776884513.4451027,-4.0,-9.0,-40.0
1776884513.4551027,-1.0,-5.0,-52.0
1776884513.465103,4.0,0.0,-51.0
1776884513.475103,4.0,0.0,-46.0
1776884513.485103,7.0,-1.0,-46.0
1776884513.4951026,4.0,-5.0,-34.0
1776884513.5051026,9.0,-4.0,-34.0
1776884513.5151026,7.0,-4.0,-30.0
1776884513.5251029,5.0,-2.0,-33.0
1776884513.5351028,3.0,1.0,-38.0
1776884513.5451028,2.0,-1.0,-34.0
1776884513.5551028,2.0,-2.0,-33.0
1776884513.5651028,-1.0,-3.0,-39.0
1776884513.5751028,-6.0,-7.0,-39.0
1776884513.5851028,-3.0,-7.0,-42.0
1776884513.5951028,-3.0,-8.0,-47.0
1776884513.6051028,5.0,-1.0,-44.0
1776884513.6151028,5.0,2.0,-45.0
1776884513.6251028,4.0,0.0,-47.0
1776884513.6351027,3.0,1.0,-47.0
1776884513.6451027,0.0,-5.0,-46.0
1776884513.6551027,-1.0,-6.0,-45.0
1776884513.6651027,0.0,-6.0,-43.0
1776884513.6751027,0.0,-8.0,-41.0
1776884513.6851027,0.0,-4.0,-47.0
1776884513.6951027,1.0,-2.0,-50.0
1776884513.7051027,-4.0,-3.0,-50.0
1776884513.7161028,-3.0,-6.0,-53.0
1776884513.7261028,-5.0,-5.0,-56.0
1776884513.7361028,-2.0,-3.0,-51.0
1776884513.7461028,3.0,0.0,-54.0
1776884513.7561028,4.0,0.0,-59.0
1776884513.7661028,2.0,1.0,-52.0
1776884513.7761028,0.0,1.0,-46.0
1776884513.7861028,-3.0,0.0,-52.0
1776884513.7961028,0.0,0.0,-51.0
1776884513.8061028,2.0,-2.0,-53.0
1776884513.8161027,-2.0,-3.0,-51.0
1776884513.8261027,-6.0,3.0,-42.0
1776884513.8361027,-8.0,0.0,-44.0
1776884513.8461027,-10.0,-2.0,-41.0
1776884513.8561027,-8.0,0.0,-40.0
1776884513.8661027,-8.0,0.0,-40.0
1776884513.8761027,-5.0,1.0,-47.0
1776884513.886103,-2.0,1.0,-43.0
1776884513.896103,-8.0,0.0,-38.0
1776884513.906103,-11.0,-2.0,-39.0
1776884513.9161026,-14.0,-5.0,-39.0
1776884513.9261026,-15.0,-5.0,-42.0
1776884513.9361026,-15.0,-1.0,-47.0
1776884513.9461029,-10.0,-3.0,-41.0
1776884513.9561028,-12.0,-6.0,-39.0
1776884513.9661028,-7.0,-4.0,-38.0
1776884513.9761028,-7.0,-3.0,-36.0
1776884513.9861028,-5.0,-3.0,-37.0
1776884513.9961028,-1.0,-1.0,-47.0
1776884514.0061028,5.0,-2.0,-48.0
1776884514.0161028,2.0,-7.0,-39.0
1776884514.0261028,2.0,-8.0,-39.0
1776884514.0361028,1.0,-5.0,-42.0
1776884514.0461028,3.0,-1.0,-46.0
1776884514.0561028,-1.0,-3.0,-45.0
1776884514.0661027,-2.0,-1.0,-48.0
1776884514.0761027,-4.0,-2.0,-50.0
1776884514.0861027,-6.0,-5.0,-47.0
1776884514.0961027,-6.0,-5.0,-43.0
1776884514.1061027,-3.0,-4.0,-44.0
1776884514.1161027,1.0,0.0,-48.0
1776884514.1261027,5.0,-2.0,-49.0
1776884514.136103,9.0,-1.0,-50.0
1776884514.146103,7.0,-2.0,-52.0
1776884514.156103,6.0,-3.0,-53.0
1776884514.1661026,6.0,0.0,-54.0
1776884514.1761026,2.0,-3.0,-53.0
1776884514.1861026,5.0,-2.0,-50.0
1776884514.1961029,1.0,-2.0,-48.0
1776884514.2061028,0.0,1.0,-49.0
1776884514.2161028,1.0,0.0,-51.0
1776884514.2261028,7.0,3.0,-53.0
1776884514.2361028,5.0,5.0,-48.0
1776884514.2461028,1.0,4.0,-48.0
1776884514.2561028,3.0,1.0,-50.0
1776884514.2661028,4.0,-1.0,-47.0
1776884514.2761028,3.0,-2.0,-48.0
1776884514.2861028,0.0,1.0,-51.0
1776884514.2961028,0.0,0.0,-55.0
1776884514.3061028,-4.0,3.0,-56.0
1776884514.3161027,-1.0,-2.0,-54.0
1776884514.3261027,-2.0,-3.0,-60.0
1776884514.3361027,-2.0,-4.0,-55.0
1776884514.3461027,1.0,-1.0,-54.0
1776884514.3561027,4.0,-2.0,-60.0
1776884514.3661027,9.0,-9.0,-60.0
1776884514.3761027,10.0,-2.0,-59.0
1776884514.386103,5.0,-5.0,-57.0
1776884514.396103,6.0,-6.0,-64.0
1776884514.406103,1.0,-8.0,-61.0
1776884514.4161026,1.0,-7.0,-52.0
1776884514.4261026,2.0,-5.0,-43.0
1776884514.4361026,3.0,-4.0,-42.0
1776884514.4461029,6.0,-5.0,-41.0
1776884514.4561028,9.0,-1.0,-41.0
1776884514.4661028,6.0,-5.0,-40.0
1776884514.4761028,0.0,-3.0,-46.0
1776884514.4861028,0.0,0.0,-50.0
1776884514.4961028,5.0,-1.0,-46.0
1776884514.5061028,4.0,1.0,-42.0
1776884514.5161028,5.0,0.0,-41.0
1776884514.5261028,7.0,-6.0,-41.0
1776884514.5361028,3.0,-5.0,-43.0
1776884514.5461028,3.0,-3.0,-44.0
1776884514.5561028,2.0,-3.0,-49.0
1776884514.5661027,1.0,-6.0,-51.0
1776884514.5761027,4.0,-4.0,-53.0
1776884514.5861027,2.0,-1.0,-61.0
1776884514.5961027,2.0,0.0,-60.0
1776884514.6061027,4.0,-1.0,-57.0
1776884514.6161027,2.0,-3.0,-61.0
1776884514.6261027,7.0,-6.0,-56.0
1776884514.636103,1.0,-3.0,-54.0
1776884514.646103,-2.0,-1.0,-51.0
1776884514.656103,-1.0,1.0,-50.0
1776884514.6661026,2.0,0.0,-50.0
1776884514.6761026,-1.0,1.0,-48.0
1776884514.6861026,-3.0,-1.0,-42.0
1776884514.6961029,0.0,-2.0,-37.0
1776884514.7061028,4.0,0.0,-37.0
1776884514.7161028,5.0,0.0,-43.0
1776884514.7261028,8.0,-1.0,-41.0
1776884514.7361028,4.0,-3.0,-42.0
1776884514.7461028,0.0,-4.0,-44.0
1776884514.7561028,-2.0,-3.0,-41.0
1776884514.7661028,-7.0,-6.0,-40.0
1776884514.7761028,-9.0,-9.0,-43.0
1776884514.7861028,-2.0,-6.0,-48.0
1776884514.7961028,0.0,-5.0,-49.0
1776884514.8061028,3.0,-5.0,-48.0
1776884514.8161027,3.0,-6.0,-41.0
1776884514.8261027,3.0,-8.0,-42.0
1776884514.8361027,7.0,-12.0,-41.0
1776884514.8461027,7.0,-6.0,-39.0
1776884514.8561027,4.0,-6.0,-34.0
1776884514.8661027,-2.0,-4.0,-41.0
1776884514.8761027,-5.0,-1.0,-43.0
1776884514.886103,-3.0,-1.0,-47.0
1776884514.896103,-5.0,-1.0,-55.0
1776884514.906103,-5.0,0.0,-60.0
1776884514.9161026,-3.0,-1.0,-54.0
1776884514.9261026,-2.0,1.0,-53.0
1776884514.9361026,-1.0,0.0,-52.0
1776884514.9461029,0.0,-3.0,-53.0
1776884514.9561028,-3.0,-6.0,-51.0
1776884514.9661028,-7.0,-2.0,-50.0
1776884514.9761028,-7.0,-1.0,-48.0
1776884514.9861028,-5.0,0.0,-46.0
1776884514.9961028,-1.0,0.0,-40.0
1776884515.0061028,-1.0,1.0,-38.0
1776884515.0161028,0.0,0.0,-37.0
1776884515.0261028,3.0,0.0,-38.0
1776884515.0361028,4.0,1.0,-45.0
1776884515.0461028,3.0,-3.0,-47.0
1776884515.0561028,2.0,-2.0,-43.0
1776884515.0661027,-3.0,0.0,-43.0
1776884515.0761027,-3.0,0.0,-45.0
1776884515.0861027,-3.0,-5.0,-45.0
1776884515.0961027,-5.0,-6.0,-52.0
1776884515.1061027,-5.0,-2.0,-47.0
1776884515.1161027,-7.0,1.0,-41.0
1776884515.1261027,-8.0,-2.0,-45.0
1776884515.136103,-3.0,0.0,-45.0
1776884515.146103,-2.0,3.0,-53.0
1776884515.156103,-3.0,1.0,-53.0
1776884515.1661026,-2.0,0.0,-52.0
1776884515.1761026,-1.0,-2.0,-54.0
1776884515.1861026,-1.0,-3.0,-54.0
1776884515.1961029,3.0,-4.0,-49.0
1776884515.2061028,-3.0,-8.0,-49.0
1776884515.2161028,-4.0,-11.0,-53.0
1776884515.2261028,-5.0,-11.0,-57.0
1776884515.2361028,-5.0,-9.0,-52.0
1776884515.2461028,-7.0,-8.0,-52.0
1776884515.2561028,-5.0,-9.0,-58.0
1776884515.2661028,-11.0,-7.0,-51.0
1776884515.2761028,-5.0,-5.0,-50.0
1776884515.2861028,0.0,0.0,-51.0
1776884515.2961028,-2.0,-1.0,-54.0
1776884515.3061028,-3.0,0.0,-52.0
1776884515.3161027,0.0,-3.0,-46.0
1776884515.3261027,-1.0,-4.0,-50.0
1776884515.3361027,-6.0,-7.0,-52.0
1776884515.3461027,-5.0,-5.0,-48.0
1776884515.3561027,-2.0,-1.0,-48.0
1776884515.3661027,-2.0,-2.0,-51.0
1776884515.3761027,-5.0,0.0,-44.0
1776884515.386103,-6.0,0.0,-42.0
1776884515.396103,-10.0,-3.0,-37.0
1776884515.406103,-8.0,-2.0,-30.0
1776884515.4161026,-2.0,-4.0,-36.0
1776884515.4261026,0.0,0.0,-41.0
1776884515.4361026,0.0,-1.0,-45.0
1776884515.4461029,4.0,-1.0,-44.0
1776884515.4561028,2.0,4.0,-39.0
1776884515.4661028,1.0,6.0,-40.0
1776884515.4761028,0.0,4.0,-46.0
1776884515.4861028,-2.0,2.0,-45.0
1776884515.4961028,-2.0,1.0,-44.0
1776884515.5061028,-3.0,0.0,-43.0
1776884515.5161028,0.0,-4.0,-45.0
1776884515.5261028,-4.0,0.0,-48.0
1776884515.5361028,0.0,-2.0,-50.0
1776884515.5461028,2.0,0.0,-47.0
1776884515.5561028,4.0,-2.0,-53.0
1776884515.5661027,4.0,-4.0,-49.0
1776884515.5761027,5.0,-2.0,-42.0
1776884515.5861027,8.0,-1.0,-38.0
1776884515.5961027,6.0,-1.0,-37.0
1776884515.6061027,5.0,-2.0,-37.0
1776884515.6161027,4.0,-2.0,-39.0
1776884515.6261027,3.0,-2.0,-41.0
1776884515.636103,7.0,-1.0,-48.0
1776884515.6471028,7.0,-1.0,-47.0
1776884515.656103,6.0,-5.0,-45.0
1776884515.6671028,4.0,-1.0,-47.0
1776884515.6771028,1.0,2.0,-48.0
1776884515.6881027,2.0,0.0,-50.0
1776884515.6971028,0.0,-3.0,-52.0
1776884515.7071028,-1.0,0.0,-47.0
1776884515.7171028,-4.0,1.0,-41.0
1776884515.7271028,-2.0,-7.0,-39.0
1776884515.7371027,-2.0,-9.0,-47.0
1776884515.7471027,-2.0,-11.0,-54.0
1776884515.7571027,-5.0,-9.0,-55.0
1776884515.7671027,-2.0,-8.0,-47.0
1776884515.7771027,-2.0,-6.0,-54.0
1776884515.7871027,0.0,-6.0,-58.0
1776884515.7971027,0.0,-4.0,-56.0
1776884515.807103,5.0,-5.0,-51.0
1776884515.817103,4.0,-10.0,-46.0
1776884515.827103,1.0,-8.0,-43.0
1776884515.837103,-4.0,-4.0,-46.0
1776884515.8471026,-5.0,-6.0,-49.0
1776884515.8571026,-5.0,-2.0,-47.0
1776884515.8671026,-3.0,-2.0,-44.0
1776884515.8771029,-2.0,-3.0,-44.0
1776884515.8871028,-1.0,-3.0,-48.0
1776884515.8971028,-1.0,-5.0,-50.0
1776884515.9071028,1.0,-6.0,-48.0
1776884515.9171028,-1.0,-4.0,-52.0
1776884515.9271028,0.0,-3.0,-55.0
1776884515.9371028,0.0,-5.0,-52.0
1776884515.9471028,-4.0,-3.0,-53.0
1776884515.9571028,-3.0,-4.0,-49.0
1776884515.9671028,-2.0,-5.0,-48.0
1776884515.9771028,-3.0,-3.0,-51.0
1776884515.9871027,-5.0,-4.0,-55.0
1776884515.9971027,-5.0,-1.0,-53.0
1776884516.0071027,-7.0,-2.0,-58.0
1776884516.0171027,-4.0,-3.0,-60.0
1776884516.0271027,0.0,-6.0,-63.0
1776884516.0371027,4.0,-7.0,-63.0
1776884516.0471027,2.0,-8.0,-62.0
1776884516.057103,5.0,-4.0,-54.0
1776884516.067103,1.0,-4.0,-53.0
1776884516.077103,-1.0,-4.0,-49.0
1776884516.087103,-9.0,-2.0,-44.0
1776884516.0971026,-7.0,-3.0,-45.0
1776884516.1071026,-1.0,-1.0,-38.0
1776884516.1171026,0.0,0.0,-36.0
1776884516.1271029,0.0,-1.0,-38.0
1776884516.1371028,0.0,-3.0,-41.0
1776884516.1471028,-1.0,-2.0,-45.0
1776884516.1571028,2.0,0.0,-52.0
1776884516.1671028,0.0,0.0,-53.0
1776884516.1771028,-2.0,4.0,-57.0
1776884516.1871028,-6.0,4.0,-55.0
1776884516.1971028,-7.0,3.0,-54.0
1776884516.2071028,-9.0,3.0,-52.0
1776884516.2171028,-4.0,1.0,-43.0
1776884516.2271028,-1.0,3.0,-43.0
1776884516.2371027,-5.0,3.0,-50.0
1776884516.2471027,-9.0,-1.0,-50.0
1776884516.2571027,-8.0,-1.0,-54.0
1776884516.2671027,-11.0,-1.0,-55.0
1776884516.2771027,-4.0,-1.0,-46.0
1776884516.2871027,0.0,-1.0,-40.0
1776884516.2971027,-4.0,1.0,-41.0
1776884516.307103,-3.0,-1.0,-40.0
1776884516.317103,-3.0,-2.0,-46.0
1776884516.327103,0.0,-4.0,-51.0
1776884516.337103,0.0,-2.0,-52.0
1776884516.3471026,6.0,-3.0,-45.0
1776884516.3571026,6.0,-5.0,-41.0
1776884516.3671026,4.0,-1.0,-38.0
1776884516.3771029,0.0,-3.0,-35.0
1776884516.3871028,-6.0,-7.0,-39.0
1776884516.3971028,-5.0,-4.0,-48.0
1776884516.4071028,-2.0,-3.0,-52.0
1776884516.4171028,0.0,-4.0,-55.0
1776884516.4271028,5.0,-4.0,-62.0
1776884516.4371028,3.0,-5.0,-60.0
1776884516.4471028,0.0,-6.0,-56.0
1776884516.4571028,0.0,-5.0,-48.0
1776884516.4671028,-1.0,-3.0,-43.0
1776884516.4771028,-3.0,-4.0,-43.0
1776884516.4871027,0.0,-1.0,-44.0
1776884516.4971027,0.0,-4.0,-42.0
1776884516.5071027,3.0,-5.0,-51.0
1776884516.5171027,2.0,-5.0,-54.0
1776884516.5271027,3.0,-7.0,-50.0
1776884516.5371027,0.0,-9.0,-56.0
1776884516.5471027,-1.0,-7.0,-60.0
1776884516.557103,0.0,-6.0,-59.0
1776884516.567103,-1.0,-7.0,-56.0
1776884516.577103,2.0,-6.0,-55.0
1776884516.587103,1.0,-5.0,-51.0
1776884516.5971026,8.0,-3.0,-49.0
1776884516.6071026,6.0,-5.0,-46.0
1776884516.6171026,2.0,-5.0,-46.0
1776884516.6271029,0.0,-3.0,-45.0
1776884516.6371028,-2.0,-2.0,-46.0
1776884516.6471028,-2.0,0.0,-49.0
1776884516.6571028,4.0,0.0,-44.0
1776884516.6671028,6.0,-1.0,-45.0
1776884516.6771028,5.0,-1.0,-53.0
1776884516.6871028,3.0,-6.0,-58.0
1776884516.6971028,5.0,-5.0,-47.0
1776884516.7071028,6.0,-3.0,-48.0
1776884516.7171028,8.0,-3.0,-49.0
1776884516.7271028,5.0,0.0,-52.0
1776884516.7371027,7.0,1.0,-57.0
1776884516.7471027,5.0,1.0,-54.0
1776884516.7571027,7.0,-2.0,-48.0
1776884516.7671027,5.0,-6.0,-48.0
1776884516.7771027,3.0,-12.0,-55.0
1776884516.7871027,-1.0,-13.0,-55.0
1776884516.7971027,-3.0,-12.0,-52.0
1776884516.807103,4.0,-10.0,-47.0
1776884516.817103,7.0,-4.0,-49.0
1776884516.827103,3.0,-6.0,-46.0
1776884516.837103,5.0,-8.0,-44.0
1776884516.8471026,6.0,-11.0,-39.0
1776884516.8571026,9.0,-9.0,-37.0
1776884516.8671026,8.0,-7.0,-47.0
1776884516.8771029,13.0,-2.0,-49.0
1776884516.8871028,11.0,0.0,-47.0
1776884516.8971028,11.0,0.0,-40.0
1776884516.9071028,4.0,6.0,-34.0
1776884516.9171028,6.0,1.0,-43.0
1776884516.9271028,6.0,-1.0,-43.0
1776884516.9371028,3.0,1.0,-49.0
1776884516.9471028,3.0,3.0,-44.0
1776884516.9571028,0.0,1.0,-39.0
1776884516.9671028,1.0,0.0,-44.0
1776884516.9771028,4.0,0.0,-48.0
1776884516.9871027,2.0,4.0,-40.0
1776884516.9971027,4.0,5.0,-36.0
1776884517.0071027,3.0,4.0,-33.0
1776884517.0171027,0.0,1.0,-31.0
1776884517.0271027,-3.0,0.0,-39.0
1776884517.0371027,-6.0,2.0,-44.0
1776884517.0471027,-4.0,2.0,-45.0
1776884517.057103,-2.0,0.0,-45.0
1776884517.067103,-2.0,-2.0,-51.0
1776884517.077103,-7.0,-2.0,-51.0
1776884517.087103,-6.0,-5.0,-44.0
1776884517.0971026,-8.0,-7.0,-44.0
1776884517.1071026,-3.0,-7.0,-47.0
1776884517.1171026,-2.0,-10.0,-46.0
1776884517.1271029,0.0,-8.0,-42.0
1776884517.1371028,1.0,-4.0,-40.0
1776884517.1471028,8.0,0.0,-38.0
1776884517.1571028,9.0,0.0,-40.0
1776884517.1671028,11.0,1.0,-46.0
1776884517.1771028,5.0,-2.0,-36.0
1776884517.1871028,3.0,-1.0,-36.0
1776884517.1971028,-1.0,-6.0,-31.0
1776884517.2071028,-3.0,-9.0,-35.0
1776884517.2171028,2.0,-7.0,-36.0
1776884517.2271028,0.0,-3.0,-40.0
1776884517.2371027,0.0,1.0,-41.0
1776884517.2471027,-2.0,2.0,-43.0
1776884517.2571027,0.0,0.0,-38.0
1776884517.2671027,3.0,-1.0,-38.0
1776884517.2771027,6.0,-3.0,-45.0
1776884517.2871027,4.0,-3.0,-54.0
1776884517.2971027,2.0,-1.0,-56.0
1776884517.307103,1.0,0.0,-54.0
1776884517.317103,0.0,-6.0,-46.0
1776884517.327103,1.0,-1.0,-47.0
1776884517.337103,6.0,0.0,-44.0
1776884517.3471026,10.0,2.0,-44.0
1776884517.3571026,11.0,2.0,-41.0
1776884517.3671026,9.0,1.0,-43.0
1776884517.3771029,7.0,-3.0,-44.0
1776884517.3871028,9.0,2.0,-47.0
1776884517.3971028,5.0,4.0,-45.0
1776884517.4071028,2.0,5.0,-45.0
1776884517.4171028,-2.0,3.0,-39.0
1776884517.4271028,-4.0,3.0,-42.0
1776884517.4371028,-4.0,3.0,-39.0
1776884517.4471028,1.0,2.0,-38.0
1776884517.4571028,3.0,-2.0,-40.0
1776884517.4671028,6.0,-4.0,-42.0
1776884517.4771028,5.0,-2.0,-40.0
1776884517.4871027,4.0,0.0,-45.0
1776884517.4971027,4.0,-1.0,-49.0
1776884517.5071027,2.0,-4.0,-45.0
1776884517.5171027,1.0,-3.0,-41.0
1776884517.5271027,2.0,-5.0,-47.0
1776884517.5371027,-1.0,-5.0,-55.0
1776884517.5471027,3.0,-4.0,-52.0
1776884517.557103,0.0,-6.0,-50.0
1776884517.567103,-1.0,-8.0,-50.0
1776884517.577103,-3.0,-6.0,-43.0
1776884517.587103,0.0,0.0,-39.0
1776884517.5971026,2.0,0.0,-35.0
1776884517.6071026,5.0,0.0,-32.0
1776884517.6181028,1.0,0.0,-39.0
1776884517.6281028,1.0,0.0,-46.0
1776884517.6381028,2.0,-4.0,-43.0
1776884517.6481028,-4.0,-3.0,-41.0
1776884517.6581028,0.0,-1.0,-43.0
1776884517.6681027,0.0,0.0,-33.0
1776884517.6781027,-7.0,1.0,-43.0
1776884517.6881027,-1.0,-2.0,-49.0
1776884517.6981027,-1.0,-1.0,-50.0
1776884517.7081027,0.0,-2.0,-47.0
1776884517.7181027,0.0,-5.0,-43.0
1776884517.7281027,1.0,-4.0,-42.0
1776884517.738103,0.0,-2.0,-44.0
1776884517.748103,0.0,0.0,-44.0
1776884517.758103,-1.0,0.0,-46.0
1776884517.7681026,-1.0,-1.0,-52.0
1776884517.7781026,0.0,-3.0,-50.0
1776884517.7881026,1.0,-5.0,-52.0
1776884517.7981029,-4.0,-9.0,-55.0
1776884517.8081028,-3.0,-14.0,-54.0
1776884517.8181028,-4.0,-12.0,-54.0
1776884517.8281028,-12.0,-6.0,-49.0
1776884517.8381028,-8.0,-4.0,-47.0
1776884517.8481028,-1.0,-1.0,-46.0
1776884517.8581028,0.0,-1.0,-46.0
1776884517.8681028,0.0,-1.0,-42.0
1776884517.8781028,2.0,-4.0,-35.0
1776884517.8881028,0.0,-5.0,-38.0
1776884517.8981028,0.0,-3.0,-42.0
1776884517.9081028,3.0,-4.0,-46.0
1776884517.9181027,4.0,-4.0,-41.0
1776884517.9281027,5.0,-1.0,-43.0
1776884517.9381027,6.0,-4.0,-45.0
1776884517.9481027,8.0,-2.0,-46.0
1776884517.9581027,4.0,0.0,-51.0
1776884517.9681027,2.0,0.0,-52.0
1776884517.9781027,1.0,0.0,-51.0
1776884517.988103,0.0,-3.0,-49.0
1776884517.998103,0.0,-2.0,-47.0
1776884518.008103,2.0,0.0,-49.0
1776884518.0181026,4.0,0.0,-53.0
1776884518.0281026,3.0,-2.0,-52.0
1776884518.0381026,4.0,0.0,-51.0
1776884518.0481029,3.0,1.0,-50.0
1776884518.0581028,2.0,4.0,-49.0
1776884518.0681028,0.0,0.0,-47.0
1776884518.0781028,0.0,-2.0,-43.0
1776884518.0881028,-1.0,-4.0,-43.0
1776884518.0981028,-4.0,-2.0,-49.0
1776884518.1081028,-3.0,2.0,-50.0
1776884518.1181028,-3.0,2.0,-51.0
1776884518.1281028,4.0,4.0,-49.0
1776884518.1381028,4.0,2.0,-46.0
1776884518.1481028,2.0,0.0,-48.0
1776884518.1581028,0.0,0.0,-47.0
1776884518.1681027,-3.0,0.0,-46.0
1776884518.1781027,-8.0,0.0,-47.0
1776884518.1881027,-6.0,0.0,-46.0
1776884518.1981027,-5.0,-1.0,-43.0
1776884518.2081027,-2.0,1.0,-43.0
1776884518.2181027,-3.0,0.0,-46.0
1776884518.2281027,0.0,-2.0,-45.0
1776884518.238103,4.0,-6.0,-39.0
1776884518.248103,9.0,-6.0,-38.0
1776884518.258103,8.0,-5.0,-50.0
1776884518.2681026,10.0,-3.0,-50.0
1776884518.2781026,7.0,-5.0,-44.0
1776884518.2881026,9.0,-5.0,-39.0
1776884518.2981029,2.0,-1.0,-35.0
1776884518.3081028,-2.0,-5.0,-37.0
1776884518.3181028,-5.0,-6.0,-48.0
1776884518.3281028,-4.0,-3.0,-45.0
1776884518.3381028,-4.0,0.0,-40.0
1776884518.3481028,0.0,-1.0,-42.0
1776884518.3581028,3.0,1.0,-50.0
1776884518.3681028,5.0,1.0,-56.0
1776884518.3781028,2.0,3.0,-52.0
1776884518.3881028,0.0,3.0,-50.0
1776884518.3981028,1.0,2.0,-50.0
1776884518.4081028,0.0,1.0,-50.0
1776884518.4181027,0.0,2.0,-44.0
1776884518.4281027,-2.0,3.0,-47.0
1776884518.4381027,0.0,1.0,-49.0
1776884518.4481027,2.0,0.0,-55.0
1776884518.4581027,0.0,1.0,-49.0
1776884518.4681027,0.0,3.0,-49.0
1776884518.4781027,0.0,2.0,-47.0
1776884518.488103,6.0,0.0,-49.0
1776884518.498103,5.0,1.0,-47.0
1776884518.508103,0.0,-2.0,-42.0
1776884518.5181026,-1.0,2.0,-42.0
1776884518.5281026,-4.0,4.0,-46.0
1776884518.5381026,-8.0,7.0,-47.0
1776884518.5481029,0.0,6.0,-39.0
1776884518.5581028,0.0,1.0,-40.0
1776884518.5681028,-1.0,-3.0,-38.0
1776884518.5781028,-4.0,-6.0,-43.0
1776884518.5881028,5.0,-5.0,-42.0
1776884518.5981028,9.0,-9.0,-41.0
1776884518.6081028,7.0,-5.0,-48.0
1776884518.6181028,3.0,-6.0,-45.0
1776884518.6281028,2.0,-6.0,-41.0
1776884518.6381028,1.0,-1.0,-45.0
1776884518.6481028,-3.0,-1.0,-50.0
1776884518.6581028,-5.0,-4.0,-50.0
1776884518.6681027,-6.0,-7.0,-53.0
1776884518.6781027,-6.0,-4.0,-54.0
1776884518.6881027,-3.0,1.0,-54.0
1776884518.6981027,1.0,2.0,-55.0
1776884518.7081027,-2.0,0.0,-52.0
1776884518.7181027,-3.0,6.0,-47.0
1776884518.7281027,1.0,8.0,-47.0
1776884518.738103,3.0,1.0,-52.0
1776884518.748103,4.0,-2.0,-53.0
1776884518.758103,5.0,0.0,-51.0
1776884518.7681026,4.0,2.0,-49.0
1776884518.7781026,4.0,-1.0,-43.0
1776884518.7881026,4.0,0.0,-44.0
1776884518.7981029,4.0,0.0,-44.0
1776884518.8081028,2.0,-2.0,-43.0
1776884518.8181028,-2.0,-3.0,-46.0
1776884518.8281028,-4.0,-1.0,-49.0
1776884518.8381028,-2.0,1.0,-44.0
1776884518.8481028,0.0,0.0,-40.0
1776884518.8581028,-2.0,0.0,-44.0
1776884518.8681028,-2.0,-1.0,-52.0
1776884518.8781028,0.0,0.0,-52.0
1776884518.8881028,3.0,2.0,-50.0
1776884518.8981028,2.0,0.0,-49.0
1776884518.9081028,5.0,0.0,-51.0
1776884518.9181027,2.0,1.0,-45.0
1776884518.9281027,6.0,0.0,-48.0
1776884518.9381027,4.0,-1.0,-48.0
1776884518.9481027,0.0,-3.0,-47.0
1776884518.9581027,5.0,-5.0,-45.0
1776884518.9681027,2.0,-6.0,-51.0
1776884518.9781027,-1.0,-2.0,-54.0
1776884518.988103,0.0,-3.0,-54.0
1776884518.998103,5.0,-3.0,-50.0
1776884519.008103,0.0,-4.0,-45.0
1776884519.0181026,3.0,-5.0,-44.0
1776884519.0281026,4.0,-3.0,-50.0
1776884519.0381026,2.0,-6.0,-51.0
1776884519.0481029,1.0,-9.0,-48.0
1776884519.0581028,-2.0,-6.0,-50.0
1776884519.0681028,-3.0,-2.0,-49.0
1776884519.0781028,-3.0,-8.0,-45.0
1776884519.0881028,-1.0,-9.0,-44.0
1776884519.0981028,0.0,-8.0,-42.0
1776884519.1081028,-2.0,-6.0,-42.0
1776884519.1181028,0.0,-3.0,-41.0
1776884519.1281028,1.0,0.0,-42.0
1776884519.1381028,6.0,0.0,-50.0
1776884519.1481028,2.0,0.0,-48.0
1776884519.1581028,5.0,-1.0,-44.0
1776884519.1681027,7.0,-1.0,-43.0
1776884519.1781027,3.0,0.0,-44.0
1776884519.1881027,7.0,0.0,-46.0
1776884519.1981027,0.0,-1.0,-51.0
1776884519.2081027,1.0,-3.0,-53.0
1776884519.2181027,2.0,-4.0,-53.0
1776884519.2281027,2.0,-2.0,-52.0
1776884519.238103,6.0,-1.0,-56.0
1776884519.248103,4.0,0.0,-52.0
1776884519.258103,9.0,-1.0,-49.0
1776884519.2681026,6.0,-1.0,-49.0
1776884519.2781026,8.0,1.0,-51.0
1776884519.2881026,4.0,0.0,-49.0
1776884519.2981029,2.0,-4.0,-48.0
1776884519.3081028,0.0,-6.0,-48.0
1776884519.3181028,-1.0,-5.0,-51.0
1776884519.3281028,0.0,-9.0,-52.0
1776884519.3381028,1.0,-5.0,-49.0
1776884519.3481028,6.0,0.0,-43.0
1776884519.3581028,5.0,3.0,-44.0
1776884519.3681028,0.0,2.0,-50.0
1776884519.3781028,-2.0,4.0,-49.0
1776884519.3881028,0.0,6.0,-51.0
1776884519.3981028,1.0,7.0,-48.0
1776884519.4081028,0.0,7.0,-46.0
1776884519.4181027,8.0,6.0,-37.0
1776884519.4281027,12.0,7.0,-42.0
1776884519.4381027,11.0,1.0,-54.0
1776884519.4481027,8.0,0.0,-48.0
1776884519.4581027,5.0,-2.0,-52.0
1776884519.4681027,1.0,1.0,-49.0
1776884519.4781027,-2.0,0.0,-48.0
1776884519.488103,-1.0,-3.0,-44.0
1776884519.498103,0.0,-5.0,-42.0
1776884519.508103,-3.0,-8.0,-43.0
1776884519.5181026,-5.0,-2.0,-47.0
1776884519.5281026,-5.0,-2.0,-48.0
1776884519.5381026,-6.0,-4.0,-44.0
1776884519.5481029,-3.0,0.0,-46.0
1776884519.5581028,-5.0,3.0,-51.0
1776884519.5681028,-5.0,4.0,-47.0
1776884519.5781028,0.0,4.0,-47.0
1776884519.5881028,-2.0,4.0,-46.0
1776884519.5991027,-5.0,2.0,-49.0
1776884519.6091027,-5.0,2.0,-45.0
1776884519.6191027,-5.0,2.0,-42.0
1776884519.6291027,-5.0,0.0,-45.0
1776884519.6391027,-3.0,0.0,-49.0
1776884519.6491027,0.0,-3.0,-53.0
1776884519.659103,0.0,-3.0,-54.0
1776884519.669103,-2.0,-2.0,-47.0
1776884519.679103,0.0,-6.0,-43.0
1776884519.6891026,3.0,-3.0,-38.0
1776884519.6991026,2.0,-3.0,-37.0
1776884519.7091026,3.0,-7.0,-42.0
1776884519.7191026,6.0,-9.0,-41.0
1776884519.7291028,7.0,-7.0,-34.0
1776884519.7391028,9.0,-3.0,-33.0
1776884519.7491028,8.0,-3.0,-33.0
1776884519.7591028,4.0,0.0,-42.0
1776884519.7691028,1.0,-3.0,-40.0
1776884519.7791028,-1.0,-1.0,-42.0
1776884519.7891028,3.0,2.0,-41.0
1776884519.7991028,3.0,5.0,-41.0
1776884519.8091028,1.0,4.0,-49.0
1776884519.8191028,2.0,3.0,-53.0
1776884519.8291028,0.0,2.0,-55.0
1776884519.8391027,-2.0,6.0,-50.0
1776884519.8491027,-3.0,7.0,-49.0
1776884519.8591027,0.0,4.0,-49.0
1776884519.8691027,-2.0,2.0,-43.0
1776884519.8791027,-2.0,0.0,-38.0
1776884519.8891027,-4.0,-2.0,-35.0
1776884519.8991027,-3.0,-8.0,-33.0
1776884519.909103,-9.0,-9.0,-36.0
1776884519.919103,-10.0,-5.0,-37.0
1776884519.929103,-8.0,-3.0,-39.0
1776884519.9391026,-10.0,-5.0,-42.0
1776884519.9491026,-11.0,-2.0,-40.0
1776884519.9591026,-13.0,2.0,-43.0
1776884519.9691026,-13.0,-2.0,-41.0
1776884519.9791028,-16.0,-1.0,-43.0
1776884519.9891028,-11.0,-1.0,-42.0
1776884519.9991028,-8.0,0.0,-44.0
1776884520.0091028,-3.0,4.0,-49.0
1776884520.0191028,-2.0,4.0,-50.0
1776884520.0291028,-2.0,3.0,-46.0
1776884520.0391028,-3.0,0.0,-55.0
1776884520.0491028,-5.0,0.0,-59.0
1776884520.0591028,-2.0,0.0,-52.0
1776884520.0691028,-5.0,-2.0,-48.0
1776884520.0791028,-4.0,0.0,-45.0
1776884520.0891027,-1.0,0.0,-51.0
1776884520.0991027,-3.0,0.0,-50.0
1776884520.1091027,-3.0,0.0,-47.0
1776884520.1191027,-3.0,-6.0,-44.0
1776884520.1291027,-2.0,-4.0,-43.0
1776884520.1391027,0.0,-3.0,-49.0
1776884520.1491027,2.0,-7.0,-47.0
1776884520.159103,3.0,-7.0,-51.0
1776884520.169103,5.0,-4.0,-53.0
1776884520.179103,9.0,0.0,-52.0
1776884520.1891026,7.0,0.0,-54.0
1776884520.1991026,4.0,1.0,-51.0
1776884520.2091026,4.0,1.0,-49.0
1776884520.2191026,1.0,0.0,-41.0
1776884520.2291028,6.0,0.0,-45.0
1776884520.2391028,9.0,0.0,-54.0
1776884520.2491028,5.0,2.0,-51.0
1776884520.2591028,2.0,0.0,-51.0
1776884520.2691028,3.0,-1.0,-49.0
1776884520.2791028,0.0,-1.0,-50.0
1776884520.2891028,0.0,0.0,-51.0
1776884520.2991028,-1.0,0.0,-55.0
1776884520.3091028,-2.0,-2.0,-47.0
1776884520.3191028,-1.0,-2.0,-48.0
1776884520.3291028,3.0,2.0,-48.0
1776884520.3391027,2.0,4.0,-39.0
1776884520.3491027,-1.0,5.0,-47.0
1776884520.3591027,2.0,9.0,-45.0
1776884520.3691027,7.0,9.0,-46.0
1776884520.3791027,6.0,8.0,-49.0
1776884520.3891027,5.0,5.0,-50.0
1776884520.3991027,6.0,2.0,-52.0
1776884520.409103,10.0,1.0,-51.0
1776884520.419103,10.0,0.0,-51.0
1776884520.429103,11.0,-5.0,-54.0
1776884520.4391026,9.0,-6.0,-57.0
1776884520.4491026,8.0,-6.0,-58.0
1776884520.4591026,8.0,-2.0,-55.0
1776884520.4691026,4.0,-1.0,-61.0
1776884520.4791028,3.0,0.0,-61.0
1776884520.4891028,1.0,0.0,-58.0
1776884520.4991028,3.0,-7.0,-55.0
1776884520.5091028,1.0,-5.0,-51.0
1776884520.5191028,7.0,-4.0,-52.0
1776884520.5291028,8.0,-3.0,-54.0
1776884520.5391028,3.0,-8.0,-49.0
1776884520.5491028,0.0,-5.0,-46.0
1776884520.5591028,-1.0,-10.0,-47.0
1776884520.5691028,0.0,-12.0,-45.0
1776884520.5791028,0.0,-9.0,-50.0
1776884520.5891027,-2.0,-7.0,-52.0
1776884520.5991027,-7.0,-4.0,-54.0
1776884520.6091027,-6.0,-3.0,-50.0
1776884520.6191027,-7.0,-3.0,-43.0
1776884520.6291027,-3.0,-3.0,-45.0
1776884520.6391027,-5.0,-2.0,-49.0
1776884520.6491027,-1.0,0.0,-50.0
1776884520.659103,-4.0,0.0,-51.0
1776884520.669103,-1.0,2.0,-52.0
1776884520.679103,0.0,5.0,-48.0
1776884520.6891026,0.0,0.0,-45.0
1776884520.6991026,-1.0,0.0,-48.0
1776884520.7091026,-2.0,0.0,-51.0
1776884520.7191026,1.0,-4.0,-43.0
1776884520.7291028,1.0,-2.0,-38.0
1776884520.7391028,-1.0,-2.0,-40.0
1776884520.7491028,0.0,-7.0,-38.0
1776884520.7591028,3.0,-8.0,-45.0
1776884520.7691028,2.0,-13.0,-42.0
1776884520.7791028,2.0,-11.0,-38.0
1776884520.7891028,5.0,-7.0,-37.0
1776884520.7991028,4.0,-6.0,-32.0
1776884520.8091028,3.0,-3.0,-38.0
1776884520.8191028,1.0,-2.0,-47.0
1776884520.8291028,-5.0,-4.0,-50.0
1776884520.8391027,-2.0,-5.0,-45.0
1776884520.8491027,2.0,-5.0,-44.0
1776884520.8591027,3.0,-6.0,-42.0
1776884520.8691027,4.0,-3.0,-36.0
1776884520.8791027,0.0,-4.0,-37.0
1776884520.8891027,-2.0,-5.0,-40.0
1776884520.8991027,-4.0,-3.0,-33.0
1776884520.909103,-5.0,-3.0,-34.0
1776884520.919103,-2.0,0.0,-44.0
1776884520.929103,-1.0,3.0,-51.0
1776884520.9391026,0.0,0.0,-49.0
1776884520.9491026,2.0,-7.0,-52.0
1776884520.9591026,0.0,-6.0,-53.0
1776884520.9691026,-2.0,-7.0,-57.0
1776884520.9791028,-6.0,-8.0,-56.0
1776884520.9891028,-7.0,-9.0,-47.0
1776884520.9991028,-4.0,-5.0,-47.0
1776884521.0091028,-5.0,-1.0,-43.0
1776884521.0191028,-3.0,3.0,-35.0
1776884521.0291028,-1.0,2.0,-31.0
1776884521.0391028,0.0,2.0,-30.0
1776884521.0491028,2.0,-1.0,-30.0
1776884521.0591028,1.0,3.0,-32.0
1776884521.0691028,6.0,2.0,-33.0
1776884521.0791028,4.0,0.0,-41.0
1776884521.0891027,5.0,-1.0,-46.0
1776884521.0991027,2.0,1.0,-45.0
1776884521.1091027,1.0,4.0,-44.0
1776884521.1191027,4.0,2.0,-44.0
1776884521.1291027,2.0,0.0,-47.0
1776884521.1391027,2.0,-3.0,-52.0
1776884521.1491027,1.0,-4.0,-51.0
1776884521.159103,-1.0,-6.0,-49.0
1776884521.169103,-1.0,-8.0,-48.0
1776884521.179103,4.0,-5.0,-48.0
1776884521.1891026,7.0,-7.0,-48.0
1776884521.1991026,4.0,-8.0,-49.0
1776884521.2091026,4.0,-3.0,-44.0
1776884521.2191026,2.0,-2.0,-41.0
1776884521.2291028,4.0,-3.0,-42.0
1776884521.2391028,4.0,0.0,-42.0
1776884521.2491028,7.0,-1.0,-37.0
1776884521.2591028,8.0,1.0,-40.0
1776884521.2691028,8.0,3.0,-39.0
1776884521.2791028,8.0,2.0,-36.0
1776884521.2891028,4.0,-1.0,-40.0
1776884521.2991028,1.0,-3.0,-46.0
1776884521.3091028,0.0,-6.0,-46.0
1776884521.3191028,0.0,-4.0,-48.0
1776884521.3291028,2.0,-6.0,-48.0
1776884521.3391027,4.0,-6.0,-60.0
1776884521.3491027,0.0,-3.0,-57.0
1776884521.3591027,1.0,-2.0,-51.0
1776884521.3691027,0.0,-4.0,-50.0
1776884521.3791027,0.0,0.0,-51.0
1776884521.3891027,1.0,1.0,-49.0
1776884521.3991027,5.0,0.0,-48.0
1776884521.409103,6.0,1.0,-45.0
1776884521.419103,9.0,-1.0,-51.0
1776884521.429103,7.0,1.0,-47.0
1776884521.4391026,2.0,2.0,-46.0
1776884521.4491026,3.0,2.0,-46.0
1776884521.4591026,2.0,3.0,-42.0
1776884521.4691026,0.0,3.0,-42.0
1776884521.4791028,0.0,1.0,-53.0
1776884521.4891028,1.0,-2.0,-51.0
1776884521.4991028,1.0,1.0,-54.0
1776884521.5091028,1.0,2.0,-59.0
1776884521.5191028,1.0,-1.0,-53.0
1776884521.5291028,0.0,0.0,-49.0
1776884521.5391028,-2.0,-2.0,-46.0
1776884521.5491028,-5.0,0.0,-43.0
1776884521.5591028,-4.0,-1.0,-44.0
1776884521.5701027,1.0,0.0,-39.0
1776884521.5791028,-1.0,-2.0,-35.0
1776884521.5891027,-3.0,0.0,-39.0
1776884521.600103,-1.0,-1.0,-44.0
1776884521.610103,0.0,0.0,-45.0
1776884521.6201026,1.0,0.0,-44.0
1776884521.6301026,7.0,1.0,-46.0
1776884521.6401026,5.0,2.0,-48.0
1776884521.6501029,2.0,-1.0,-50.0
1776884521.6601028,2.0,-6.0,-52.0
1776884521.6701028,-1.0,-7.0,-40.0
1776884521.6801028,0.0,-7.0,-38.0
1776884521.6901028,1.0,-7.0,-37.0
1776884521.7001028,4.0,-9.0,-38.0
1776884521.7101028,4.0,-11.0,-46.0
1776884521.7201028,1.0,-9.0,-49.0
1776884521.7301028,-1.0,-5.0,-52.0
1776884521.7401028,-2.0,-1.0,-51.0
1776884521.7501028,-1.0,0.0,-51.0
1776884521.7601027,-5.0,-2.0,-52.0
1776884521.7701027,-2.0,-3.0,-46.0
1776884521.7801027,-4.0,-7.0,-48.0
1776884521.7901027,-4.0,-5.0,-45.0
1776884521.8001027,-2.0,-7.0,-44.0
1776884521.8101027,-1.0,-5.0,-43.0
1776884521.8201027,-1.0,-2.0,-40.0
1776884521.8301027,0.0,-3.0,-39.0
1776884521.840103,-1.0,-7.0,-42.0
1776884521.850103,3.0,-7.0,-40.0
1776884521.860103,2.0,-2.0,-44.0
1776884521.8701026,2.0,0.0,-43.0
1776884521.8801026,5.0,-1.0,-37.0
1776884521.8901026,7.0,-2.0,-38.0
1776884521.9001029,3.0,-3.0,-41.0
1776884521.9101028,0.0,-1.0,-43.0
1776884521.9201028,-1.0,-4.0,-47.0
1776884521.9301028,-3.0,-6.0,-45.0
1776884521.9401028,-5.0,-3.0,-52.0
1776884521.9501028,-6.0,-6.0,-55.0
1776884521.9601028,-4.0,-7.0,-54.0
1776884521.9701028,-3.0,-7.0,-50.0
1776884521.9801028,0.0,-5.0,-41.0
1776884521.9901028,-5.0,-3.0,-41.0
1776884522.0001028,-6.0,-1.0,-42.0
1776884522.0101027,-6.0,0.0,-44.0
1776884522.0201027,-5.0,0.0,-45.0
1776884522.0301027,-3.0,-2.0,-48.0
1776884522.0401027,0.0,-1.0,-41.0
1776884522.0501027,2.0,0.0,-46.0
1776884522.0601027,7.0,-3.0,-45.0
1776884522.0701027,3.0,-3.0,-47.0
1776884522.0801027,6.0,-4.0,-43.0
1776884522.090103,4.0,-2.0,-42.0
1776884522.100103,1.0,0.0,-40.0
1776884522.110103,2.0,-2.0,-44.0
1776884522.1201026,4.0,-3.0,-48.0
1776884522.1301026,7.0,-3.0,-47.0
1776884522.1401026,2.0,-3.0,-51.0
1776884522.1501029,-1.0,-3.0,-52.0
1776884522.1601028,3.0,0.0,-53.0
1776884522.1701028,1.0,0.0,-55.0
1776884522.1801028,1.0,-1.0,-59.0
1776884522.1901028,1.0,-1.0,-60.0
1776884522.2001028,0.0,-2.0,-53.0
1776884522.2101028,0.0,-3.0,-44.0
1776884522.2201028,0.0,-3.0,-41.0
1776884522.2301028,-2.0,1.0,-42.0
1776884522.2401028,0.0,4.0,-40.0
1776884522.2501028,-3.0,2.0,-40.0
1776884522.2601027,-3.0,-2.0,-44.0
1776884522.2701027,-4.0,0.0,-48.0
1776884522.2801027,-3.0,-1.0,-46.0
1776884522.2901027,-4.0,-1.0,-55.0
1776884522.3001027,0.0,0.0,-52.0
1776884522.3101027,0.0,0.0,-43.0
1776884522.3201027,-1.0,-1.0,-40.0
1776884522.3301027,0.0,0.0,-47.0
1776884522.340103,0.0,-1.0,-50.0
1776884522.350103,4.0,0.0,-50.0
1776884522.360103,7.0,1.0,-44.0
1776884522.3701026,4.0,0.0,-47.0
1776884522.3801026,4.0,0.0,-52.0
1776884522.3901026,1.0,-4.0,-52.0
1776884522.4001029,-2.0,-3.0,-49.0
1776884522.4101028,-2.0,-2.0,-45.0
1776884522.4201028,0.0,-1.0,-45.0
1776884522.4301028,0.0,-3.0,-42.0
1776884522.4401028,0.0,-2.0,-46.0
1776884522.4501028,2.0,-2.0,-51.0
1776884522.4601028,0.0,0.0,-53.0
1776884522.4701028,1.0,0.0,-50.0
1776884522.4801028,0.0,0.0,-49.0
1776884522.4901028,-3.0,-3.0,-54.0
1776884522.5001028,-1.0,0.0,-54.0
1776884522.5101027,-2.0,-3.0,-54.0
1776884522.5201027,-2.0,-4.0,-54.0
1776884522.5301027,-5.0,-3.0,-52.0
1776884522.5401027,-4.0,-3.0,-52.0
1776884522.5501027,-1.0,-4.0,-50.0
1776884522.5601027,-3.0,-7.0,-54.0
1776884522.5701027,1.0,-5.0,-47.0
1776884522.5801027,3.0,-9.0,-52.0
1776884522.590103,2.0,-10.0,-49.0
1776884522.600103,1.0,-8.0,-43.0
1776884522.610103,2.0,-4.0,-37.0
1776884522.6201026,0.0,1.0,-37.0
1776884522.6301026,6.0,3.0,-36.0
1776884522.6401026,1.0,0.0,-37.0
1776884522.6501029,2.0,-1.0,-32.0
1776884522.6601028,5.0,-2.0,-37.0
1776884522.6701028,8.0,-4.0,-39.0
1776884522.6801028,4.0,-7.0,-42.0
1776884522.6901028,3.0,-8.0,-43.0
1776884522.7001028,5.0,-8.0,-42.0
1776884522.7101028,5.0,-5.0,-37.0
1776884522.7201028,4.0,-6.0,-44.0
1776884522.7301028,2.0,-6.0,-46.0
1776884522.7401028,-3.0,-3.0,-38.0
1776884522.7501028,-5.0,-6.0,-41.0
1776884522.7601027,0.0,-3.0,-40.0
1776884522.7701027,0.0,-4.0,-41.0
1776884522.7801027,1.0,-1.0,-45.0
1776884522.7901027,2.0,0.0,-47.0
1776884522.8001027,4.0,-1.0,-48.0
1776884522.8101027,4.0,-4.0,-52.0
1776884522.8201027,3.0,-6.0,-53.0
1776884522.8301027,6.0,-3.0,-48.0
1776884522.840103,5.0,-1.0,-45.0
1776884522.850103,8.0,-1.0,-43.0
1776884522.860103,8.0,0.0,-50.0
1776884522.8701026,2.0,-2.0,-50.0
1776884522.8801026,0.0,-1.0,-50.0
1776884522.8901026,-1.0,-2.0,-49.0
1776884522.9001029,-2.0,0.0,-48.0
1776884522.9101028,-6.0,-1.0,-46.0
1776884522.9201028,-2.0,-3.0,-47.0
1776884522.9301028,0.0,-4.0,-50.0
1776884522.9401028,-1.0,-4.0,-53.0
1776884522.9501028,-3.0,-3.0,-49.0
1776884522.9601028,-5.0,-1.0,-49.0
1776884522.9701028,-11.0,-2.0,-52.0
1776884522.9801028,-5.0,0.0,-55.0
1776884522.9901028,-3.0,-4.0,-59.0
1776884523.0001028,-2.0,-2.0,-55.0
1776884523.0101027,-1.0,0.0,-46.0
1776884523.0201027,0.0,-1.0,-46.0
1776884523.0301027,2.0,1.0,-38.0
1776884523.0401027,6.0,-3.0,-43.0
1776884523.0501027,7.0,0.0,-45.0
1776884523.0601027,6.0,0.0,-47.0
1776884523.0701027,6.0,-1.0,-42.0
1776884523.0801027,2.0,1.0,-40.0
1776884523.090103,2.0,-4.0,-44.0
1776884523.100103,-2.0,-6.0,-48.0
1776884523.110103,-2.0,-9.0,-50.0
1776884523.1201026,-1.0,-15.0,-49.0
1776884523.1301026,1.0,-16.0,-49.0
1776884523.1401026,0.0,-11.0,-55.0
1776884523.1501029,3.0,-8.0,-58.0
1776884523.1601028,3.0,-7.0,-57.0
1776884523.1701028,4.0,-4.0,-56.0
1776884523.1801028,2.0,-1.0,-54.0
1776884523.1901028,3.0,-1.0,-59.0
1776884523.2001028,7.0,-1.0,-59.0
1776884523.2101028,2.0,-1.0,-58.0
1776884523.2201028,0.0,-1.0,-50.0
1776884523.2301028,1.0,-3.0,-49.0
1776884523.2401028,9.0,-5.0,-51.0
1776884523.2501028,5.0,-6.0,-48.0
1776884523.2601027,8.0,-1.0,-46.0
1776884523.2701027,6.0,-1.0,-50.0
1776884523.2801027,1.0,-3.0,-50.0
1776884523.2901027,0.0,-3.0,-44.0
1776884523.3001027,1.0,0.0,-44.0
1776884523.3101027,1.0,1.0,-53.0
1776884523.3201027,-1.0,0.0,-55.0
1776884523.3301027,0.0,1.0,-55.0
1776884523.340103,1.0,3.0,-51.0
1776884523.350103,0.0,5.0,-48.0
1776884523.360103,3.0,6.0,-45.0
1776884523.3701026,0.0,3.0,-39.0
1776884523.3801026,4.0,0.0,-48.0
1776884523.3901026,1.0,-3.0,-48.0
1776884523.4001029,0.0,-4.0,-43.0
1776884523.4101028,2.0,-5.0,-40.0
1776884523.4201028,7.0,0.0,-41.0
1776884523.4301028,5.0,1.0,-38.0
1776884523.4401028,2.0,1.0,-42.0
1776884523.4501028,6.0,3.0,-43.0
1776884523.4601028,3.0,6.0,-44.0
1776884523.4701028,1.0,4.0,-46.0
1776884523.4801028,2.0,1.0,-42.0
1776884523.4901028,0.0,0.0,-42.0
1776884523.5011027,-1.0,-2.0,-43.0
1776884523.5101027,-3.0,-1.0,-46.0
1776884523.521103,-6.0,-2.0,-39.0
1776884523.531103,-7.0,-2.0,-44.0
1776884523.5411026,-6.0,-2.0,-52.0
1776884523.5511026,-3.0,-5.0,-50.0
1776884523.5611026,0.0,-5.0,-48.0
1776884523.5711029,3.0,-4.0,-51.0
1776884523.5811028,3.0,-4.0,-48.0
1776884523.5911028,0.0,-2.0,-44.0
1776884523.6011028,-2.0,-4.0,-43.0
1776884523.6111028,-4.0,-4.0,-41.0
1776884523.6211028,-7.0,-3.0,-42.0
1776884523.6311028,-5.0,-5.0,-44.0
1776884523.6411028,2.0,-3.0,-46.0
1776884523.6511028,1.0,-4.0,-52.0
1776884523.6611028,0.0,-1.0,-53.0
1776884523.6711028,0.0,0.0,-52.0
1776884523.6811028,0.0,0.0,-49.0
1776884523.6911027,-3.0,0.0,-46.0
1776884523.7011027,-5.0,-2.0,-43.0
1776884523.7111027,-3.0,2.0,-44.0
1776884523.7211027,-2.0,4.0,-41.0
1776884523.7311027,-3.0,2.0,-44.0
1776884523.7411027,-3.0,-1.0,-37.0
1776884523.7511027,0.0,0.0,-40.0
1776884523.761103,2.0,-1.0,-45.0
1776884523.771103,5.0,-1.0,-43.0
1776884523.781103,8.0,0.0,-44.0
1776884523.7911026,6.0,0.0,-50.0
1776884523.8011026,0.0,-2.0,-49.0
1776884523.8111026,-1.0,-3.0,-51.0
1776884523.8211029,-2.0,-1.0,-56.0
1776884523.8311028,0.0,-3.0,-49.0
1776884523.8411028,3.0,-3.0,-49.0
1776884523.8511028,2.0,-4.0,-45.0
1776884523.8611028,0.0,-1.0,-47.0
1776884523.8711028,-2.0,-2.0,-49.0
1776884523.8811028,-3.0,-1.0,-51.0
1776884523.8911028,0.0,0.0,-44.0
1776884523.9011028,0.0,-5.0,-41.0
1776884523.9111028,0.0,-3.0,-43.0
1776884523.9211028,-1.0,3.0,-45.0
1776884523.9311028,-1.0,3.0,-44.0
1776884523.9411027,-3.0,0.0,-48.0
1776884523.9511027,0.0,2.0,-37.0
1776884523.9611027,2.0,1.0,-38.0
1776884523.9711027,5.0,3.0,-40.0
1776884523.9811027,3.0,6.0,-44.0
1776884523.9911027,4.0,6.0,-49.0
1776884524.0011027,2.0,7.0,-48.0
1776884524.011103,0.0,7.0,-49.0
1776884524.021103,0.0,6.0,-52.0
1776884524.031103,2.0,4.0,-53.0
1776884524.0411026,5.0,2.0,-52.0
1776884524.0511026,2.0,0.0,-47.0
1776884524.0611026,3.0,0.0,-50.0
1776884524.0711029,1.0,-2.0,-47.0
1776884524.0811028,0.0,-2.0,-49.0
1776884524.0911028,0.0,-1.0,-48.0
1776884524.1011028,-4.0,0.0,-43.0
1776884524.1111028,0.0,6.0,-45.0
1776884524.1211028,-2.0,6.0,-42.0
1776884524.1311028,-6.0,3.0,-42.0
1776884524.1411028,-5.0,1.0,-42.0
1776884524.1511028,-6.0,3.0,-45.0
1776884524.1611028,-5.0,5.0,-41.0
1776884524.1711028,-4.0,1.0,-41.0
1776884524.1811028,-6.0,0.0,-49.0
1776884524.1911027,-7.0,4.0,-45.0
1776884524.2011027,-4.0,4.0,-46.0
1776884524.2111027,1.0,1.0,-42.0
1776884524.2211027,2.0,2.0,-34.0
1776884524.2311027,0.0,0.0,-40.0
1776884524.2411027,0.0,4.0,-43.0
1776884524.2511027,-3.0,5.0,-45.0
1776884524.261103,-6.0,5.0,-51.0
1776884524.271103,-3.0,5.0,-54.0
1776884524.281103,-2.0,3.0,-50.0
1776884524.2911026,-1.0,-1.0,-55.0
1776884524.3011026,-3.0,0.0,-54.0
1776884524.3111026,-3.0,1.0,-49.0
1776884524.3211029,-1.0,2.0,-49.0
1776884524.3311028,1.0,-2.0,-41.0
1776884524.3411028,2.0,0.0,-40.0
1776884524.3511028,0.0,0.0,-38.0
1776884524.3611028,-2.0,-2.0,-45.0
1776884524.3711028,-9.0,-3.0,-44.0
1776884524.3811028,-7.0,-3.0,-51.0
1776884524.3911028,-5.0,-2.0,-53.0
1776884524.4011028,0.0,-1.0,-57.0
1776884524.4111028,0.0,0.0,-50.0
1776884524.4211028,1.0,-2.0,-49.0
1776884524.4311028,-2.0,2.0,-53.0
1776884524.4411027,-6.0,0.0,-52.0
1776884524.4511027,-9.0,-4.0,-50.0
1776884524.4611027,-8.0,-2.0,-53.0
1776884524.4711027,-6.0,-1.0,-46.0
1776884524.4811027,-2.0,0.0,-46.0
1776884524.4911027,-2.0,-3.0,-52.0
1776884524.5011027,-3.0,-1.0,-49.0
1776884524.511103,2.0,-1.0,-48.0
1776884524.521103,6.0,0.0,-48.0
1776884524.531103,6.0,0.0,-43.0
1776884524.5411026,4.0,-2.0,-46.0
1776884524.5511026,1.0,-1.0,-49.0
1776884524.5611026,1.0,-1.0,-48.0
1776884524.5711029,-3.0,-2.0,-48.0
1776884524.5811028,-2.0,-2.0,-46.0
1776884524.5911028,-3.0,-1.0,-48.0
1776884524.6011028,-1.0,0.0,-52.0
1776884524.6111028,0.0,0.0,-48.0
1776884524.6211028,-1.0,-2.0,-52.0
1776884524.6311028,0.0,0.0,-47.0
1776884524.6411028,0.0,0.0,-46.0
1776884524.6511028,1.0,0.0,-45.0
1776884524.6611028,0.0,0.0,-46.0
1776884524.6711028,-1.0,1.0,-41.0
1776884524.6811028,-1.0,-1.0,-42.0
1776884524.6911027,3.0,-4.0,-45.0
1776884524.7011027,6.0,-6.0,-49.0
1776884524.7111027,5.0,-11.0,-55.0
1776884524.7211027,4.0,-7.0,-58.0
1776884524.7311027,6.0,-7.0,-51.0
1776884524.7411027,5.0,-6.0,-48.0
1776884524.7511027,5.0,-3.0,-43.0
1776884524.761103,4.0,-5.0,-42.0
1776884524.771103,4.0,-2.0,-52.0
1776884524.781103,4.0,-2.0,-50.0
1776884524.7911026,5.0,-5.0,-42.0
1776884524.8021028,5.0,-4.0,-42.0
1776884524.8111026,6.0,-6.0,-44.0
1776884524.8211029,2.0,-4.0,-45.0
1776884524.8311028,-1.0,-2.0,-46.0
1776884524.8411028,2.0,-2.0,-41.0
1776884524.8511028,2.0,-4.0,-38.0
1776884524.8611028,2.0,-3.0,-40.0
1776884524.8711028,5.0,0.0,-43.0
1776884524.8811028,6.0,5.0,-48.0
1776884524.8911028,6.0,3.0,-47.0
1776884524.9011028,3.0,-1.0,-49.0
1776884524.9111028,0.0,-5.0,-45.0
1776884524.9211028,1.0,-6.0,-45.0
1776884524.9311028,0.0,-1.0,-38.0
1776884524.9411027,-1.0,-2.0,-39.0
1776884524.9511027,1.0,-3.0,-40.0
1776884524.9611027,1.0,-5.0,-43.0
1776884524.9711027,-1.0,0.0,-48.0
1776884524.9811027,-1.0,-1.0,-46.0
1776884524.9911027,-5.0,0.0,-40.0
1776884525.0011027,-3.0,-4.0,-42.0
1776884525.011103,-3.0,-1.0,-43.0
1776884525.021103,-3.0,-4.0,-46.0
1776884525.031103,-2.0,-7.0,-48.0
1776884525.0411026,-1.0,-14.0,-47.0
1776884525.0511026,-4.0,-13.0,-46.0
1776884525.0611026,-2.0,-7.0,-52.0
1776884525.0711029,0.0,-7.0,-55.0
1776884525.0811028,0.0,-7.0,-45.0
1776884525.0911028,0.0,-3.0,-43.0
1776884525.1011028,-2.0,0.0,-46.0
1776884525.1111028,-2.0,1.0,-40.0
1776884525.1211028,-1.0,-1.0,-31.0
1776884525.1311028,-2.0,0.0,-32.0
1776884525.1411028,4.0,0.0,-36.0
1776884525.1511028,6.0,-2.0,-36.0
1776884525.1611028,5.0,2.0,-42.0
1776884525.1711028,4.0,2.0,-38.0
1776884525.1811028,7.0,2.0,-47.0
1776884525.1911027,7.0,0.0,-53.0
1776884525.2011027,2.0,-1.0,-48.0
1776884525.2111027,3.0,3.0,-38.0
1776884525.2211027,2.0,5.0,-41.0
1776884525.2311027,3.0,1.0,-47.0
1776884525.2411027,3.0,0.0,-54.0
1776884525.2511027,2.0,0.0,-47.0
1776884525.261103,4.0,1.0,-46.0
1776884525.271103,6.0,4.0,-51.0
1776884525.281103,4.0,2.0,-52.0
1776884525.2911026,0.0,-2.0,-53.0
1776884525.3011026,2.0,-1.0,-50.0
1776884525.3111026,5.0,0.0,-49.0
1776884525.3211029,9.0,-2.0,-53.0
1776884525.3311028,4.0,-3.0,-49.0
1776884525.3411028,3.0,-2.0,-46.0
1776884525.3511028,2.0,-2.0,-43.0
1776884525.3611028,0.0,0.0,-45.0
1776884525.3711028,0.0,0.0,-49.0
1776884525.3811028,0.0,0.0,-49.0
1776884525.3911028,-1.0,1.0,-52.0
1776884525.4011028,0.0,2.0,-52.0
1776884525.4111028,3.0,-5.0,-50.0
1776884525.4211028,4.0,-2.0,-49.0
1776884525.4311028,0.0,1.0,-47.0
1776884525.4411027,1.0,2.0,-42.0
1776884525.4511027,3.0,1.0,-45.0
1776884525.4611027,0.0,4.0,-55.0
1776884525.4711027,0.0,3.0,-54.0
1776884525.4811027,-4.0,2.0,-52.0
1776884525.4911027,0.0,1.0,-53.0
1776884525.5021029,0.0,-3.0,-47.0
1776884525.5121028,2.0,-3.0,-45.0
1776884525.5221028,2.0,-2.0,-43.0
1776884525.5321028,3.0,-5.0,-49.0
1776884525.5421028,0.0,-5.0,-53.0
1776884525.5521028,-6.0,-7.0,-60.0
1776884525.5621028,-4.0,-3.0,-67.0
1776884525.5721028,-4.0,-3.0,-68.0
1776884525.5821028,0.0,0.0,-62.0
1776884525.5921028,-1.0,-1.0,-64.0
1776884525.6021028,-2.0,0.0,-59.0
1776884525.613103,0.0,0.0,-52.0
1776884525.6221027,-3.0,-1.0,-51.0
1776884525.6321027,-8.0,-2.0,-51.0
1776884525.6421027,-8.0,-3.0,-54.0
1776884525.6521027,-4.0,0.0,-51.0
1776884525.6621027,-2.0,1.0,-50.0
1776884525.6721027,-1.0,0.0,-49.0
1776884525.682103,-2.0,-2.0,-47.0
1776884525.692103,-3.0,-3.0,-48.0
1776884525.702103,-5.0,2.0,-47.0
1776884525.712103,-5.0,0.0,-51.0
1776884525.7221026,-3.0,-1.0,-46.0
1776884525.7321026,-4.0,-6.0,-49.0
1776884525.7421026,-3.0,-4.0,-48.0
1776884525.7521029,-3.0,-4.0,-49.0
1776884525.7621028,1.0,-4.0,-48.0
1776884525.7721028,0.0,-5.0,-40.0
1776884525.7821028,1.0,-9.0,-37.0
1776884525.7921028,4.0,-8.0,-44.0
1776884525.8021028,2.0,-6.0,-41.0
1776884525.8121028,5.0,-2.0,-44.0
1776884525.8221028,8.0,-4.0,-43.0
1776884525.8321028,9.0,-6.0,-46.0
1776884525.8421028,9.0,-5.0,-48.0
1776884525.8521028,7.0,-5.0,-44.0
1776884525.8621027,4.0,-1.0,-54.0
1776884525.8721027,4.0,-1.0,-55.0
1776884525.8821027,1.0,-2.0,-54.0
1776884525.8921027,-2.0,-4.0,-53.0
1776884525.9021027,3.0,-1.0,-49.0
1776884525.9121027,3.0,-1.0,-48.0
1776884525.9221027,4.0,-3.0,-42.0
1776884525.932103,7.0,-3.0,-40.0
1776884525.942103,6.0,0.0,-46.0
1776884525.952103,8.0,1.0,-44.0
1776884525.962103,8.0,0.0,-39.0
1776884525.9721026,8.0,0.0,-34.0
1776884525.9821026,4.0,-3.0,-32.0
1776884525.9921026,0.0,-1.0,-35.0
1776884526.0021029,3.0,-7.0,-34.0
1776884526.0121028,2.0,-5.0,-40.0
1776884526.0221028,3.0,0.0,-43.0
1776884526.0321028,4.0,1.0,-44.0
1776884526.0421028,4.0,0.0,-44.0
1776884526.0521028,-1.0,0.0,-43.0
1776884526.0621028,-4.0,-1.0,-41.0
1776884526.0721028,-5.0,1.0,-50.0
1776884526.0821028,-2.0,1.0,-47.0
1776884526.0921028,4.0,3.0,-47.0
1776884526.1021028,6.0,-1.0,-49.0
1776884526.1121027,5.0,-4.0,-50.0
1776884526.1221027,3.0,-5.0,-51.0
1776884526.1321027,3.0,-5.0,-52.0
1776884526.1421027,6.0,-2.0,-51.0
1776884526.1521027,7.0,-2.0,-53.0
1776884526.1621027,2.0,-1.0,-50.0
1776884526.1721027,3.0,-1.0,-54.0
1776884526.182103,4.0,0.0,-56.0
1776884526.192103,2.0,1.0,-56.0
1776884526.202103,4.0,-2.0,-49.0
1776884526.212103,4.0,-2.0,-45.0
1776884526.2221026,0.0,3.0,-49.0
1776884526.2321026,-2.0,7.0,-53.0
1776884526.2421026,-6.0,4.0,-53.0
1776884526.2521029,-4.0,0.0,-50.0
1776884526.2621028,0.0,-1.0,-46.0
1776884526.2721028,-1.0,-1.0,-50.0
1776884526.2821028,-2.0,2.0,-45.0
1776884526.2921028,-1.0,1.0,-43.0
1776884526.3021028,-4.0,-1.0,-48.0
1776884526.3121028,-10.0,2.0,-49.0
1776884526.3221028,-9.0,4.0,-53.0
1776884526.3321028,-10.0,1.0,-50.0
1776884526.3421028,-12.0,-1.0,-47.0
1776884526.3521028,-10.0,-2.0,-50.0
1776884526.3621027,-4.0,-1.0,-52.0
1776884526.3721027,0.0,-2.0,-55.0
1776884526.3821027,-3.0,-2.0,-49.0
1776884526.3921027,0.0,0.0,-50.0
1776884526.4021027,3.0,-1.0,-51.0
1776884526.4121027,2.0,-2.0,-56.0
1776884526.4221027,0.0,-4.0,-62.0
1776884526.432103,-1.0,-1.0,-65.0
1776884526.442103,-3.0,-2.0,-61.0
1776884526.452103,-4.0,-3.0,-57.0
1776884526.462103,-4.0,-5.0,-52.0
1776884526.4721026,1.0,-4.0,-51.0
1776884526.4821026,0.0,-6.0,-43.0
1776884526.4921026,-2.0,-8.0,-47.0
1776884526.5021029,0.0,-7.0,-47.0
1776884526.5121028,1.0,-2.0,-49.0
1776884526.5221028,4.0,-5.0,-44.0
1776884526.5321028,7.0,-6.0,-43.0
1776884526.5421028,8.0,-4.0,-39.0
1776884526.5521028,5.0,-2.0,-40.0
1776884526.5621028,4.0,-3.0,-45.0
1776884526.5721028,5.0,-2.0,-44.0
1776884526.5821028,0.0,-3.0,-47.0
1776884526.5921028,-4.0,-5.0,-47.0
1776884526.6021028,-5.0,-3.0,-46.0
1776884526.6121027,-4.0,0.0,-47.0
1776884526.6221027,-3.0,-1.0,-42.0
1776884526.6321027,-1.0,-5.0,-44.0
1776884526.6421027,3.0,-7.0,-43.0
1776884526.6521027,0.0,-6.0,-46.0
1776884526.6621027,0.0,-5.0,-44.0
1776884526.6721027,4.0,-2.0,-46.0
1776884526.682103,9.0,-4.0,-48.0
1776884526.692103,6.0,-3.0,-41.0
1776884526.702103,10.0,1.0,-40.0
1776884526.712103,11.0,1.0,-35.0
1776884526.7221026,8.0,0.0,-36.0
1776884526.7321026,5.0,-3.0,-35.0
1776884526.7421026,2.0,-4.0,-39.0
1776884526.7521029,-2.0,-4.0,-43.0
1776884526.7621028,1.0,-2.0,-48.0
1776884526.7721028,0.0,-2.0,-58.0
1776884526.7821028,2.0,1.0,-55.0
1776884526.7921028,0.0,2.0,-55.0
1776884526.8021028,1.0,1.0,-49.0
1776884526.8121028,0.0,-2.0,-52.0
1776884526.8221028,1.0,-7.0,-56.0
1776884526.8321028,1.0,-9.0,-56.0
1776884526.8421028,1.0,-9.0,-55.0
1776884526.8521028,0.0,-9.0,-53.0
1776884526.8621027,-1.0,-6.0,-52.0
1776884526.8721027,-1.0,-5.0,-56.0
1776884526.8821027,-1.0,-3.0,-54.0
1776884526.8921027,-3.0,0.0,-52.0
1776884526.9021027,-4.0,0.0,-51.0
1776884526.9121027,-5.0,0.0,-51.0
1776884526.9221027,-3.0,-1.0,-52.0
1776884526.932103,-4.0,-3.0,-50.0
1776884526.942103,-4.0,-2.0,-46.0
1776884526.952103,-8.0,-3.0,-40.0
1776884526.962103,-7.0,0.0,-38.0
1776884526.9721026,-5.0,-2.0,-38.0
1776884526.9821026,-8.0,-1.0,-39.0
1776884526.9921026,-3.0,0.0,-43.0
1776884527.0021029,-2.0,-3.0,-43.0
1776884527.0121028,-5.0,-4.0,-45.0
1776884527.0221028,-6.0,-2.0,-47.0
1776884527.0321028,-3.0,-5.0,-42.0
1776884527.0421028,-4.0,-2.0,-38.0
1776884527.0521028,-3.0,-2.0,-45.0
1776884527.0621028,0.0,2.0,-48.0
1776884527.0721028,-4.0,0.0,-46.0
1776884527.0821028,-3.0,-3.0,-55.0
1776884527.0921028,-1.0,-5.0,-52.0
1776884527.1021028,-2.0,-5.0,-58.0
1776884527.1121027,-2.0,-5.0,-58.0
1776884527.1221027,0.0,0.0,-53.0
1776884527.1321027,0.0,0.0,-48.0
1776884527.1421027,-4.0,-2.0,-39.0
1776884527.1521027,-1.0,2.0,-40.0
1776884527.1621027,-2.0,0.0,-47.0
1776884527.1721027,0.0,-3.0,-51.0
1776884527.182103,1.0,-3.0,-46.0
1776884527.192103,2.0,-2.0,-47.0
1776884527.202103,1.0,0.0,-44.0
1776884527.212103,4.0,-1.0,-37.0
1776884527.2221026,5.0,-1.0,-35.0
1776884527.2321026,3.0,-3.0,-36.0
1776884527.2421026,3.0,-6.0,-29.0
1776884527.2521029,-3.0,-2.0,-34.0
1776884527.2621028,-6.0,-3.0,-36.0
1776884527.2721028,-3.0,0.0,-43.0
1776884527.2821028,0.0,-2.0,-41.0
1776884527.2921028,-3.0,-2.0,-41.0
1776884527.3021028,-4.0,-5.0,-40.0
1776884527.3121028,-2.0,0.0,-40.0
1776884527.3221028,-1.0,1.0,-43.0
1776884527.3321028,3.0,6.0,-44.0
1776884527.3421028,3.0,0.0,-46.0
1776884527.3521028,3.0,-1.0,-42.0
1776884527.3621027,2.0,-4.0,-40.0
1776884527.3721027,2.0,-2.0,-39.0
1776884527.3821027,3.0,-1.0,-41.0
1776884527.3921027,3.0,3.0,-46.0
1776884527.4021027,3.0,4.0,-47.0
1776884527.4121027,1.0,3.0,-45.0
1776884527.4221027,-2.0,0.0,-41.0
1776884527.432103,0.0,3.0,-38.0
1776884527.442103,1.0,3.0,-38.0
1776884527.452103,7.0,0.0,-44.0
1776884527.462103,7.0,-2.0,-46.0
1776884527.4731028,8.0,0.0,-47.0
1776884527.4831028,8.0,-1.0,-55.0
1776884527.4931028,4.0,-1.0,-53.0
1776884527.5031028,3.0,0.0,-59.0
1776884527.5131028,5.0,0.0,-64.0
1776884527.5231028,2.0,0.0,-59.0
1776884527.5331028,-1.0,-3.0,-56.0
1776884527.5431027,-1.0,-4.0,-50.0
1776884527.5531027,-5.0,-2.0,-44.0
1776884527.5631027,-4.0,-3.0,-38.0
1776884527.5731027,-5.0,-2.0,-41.0
1776884527.5831027,2.0,-6.0,-41.0
1776884527.5931027,3.0,-5.0,-49.0
1776884527.6031027,2.0,-6.0,-52.0
1776884527.613103,0.0,-7.0,-49.0
1776884527.623103,-2.0,-8.0,-48.0
1776884527.633103,-1.0,-5.0,-38.0
1776884527.6431026,1.0,-6.0,-40.0
1776884527.6531026,-1.0,-2.0,-43.0
1776884527.6631026,-4.0,-1.0,-51.0
1776884527.6731029,-4.0,-4.0,-55.0
1776884527.6831028,-2.0,-2.0,-58.0
1776884527.6931028,-4.0,-3.0,-51.0
1776884527.7031028,-6.0,-2.0,-47.0
1776884527.7131028,-7.0,-3.0,-42.0
1776884527.7231028,-9.0,-2.0,-39.0
1776884527.7331028,-4.0,-1.0,-42.0
1776884527.7431028,0.0,0.0,-57.0
1776884527.7531028,6.0,-4.0,-57.0
1776884527.7631028,7.0,-2.0,-49.0
1776884527.7731028,6.0,0.0,-46.0
1776884527.7831028,3.0,-2.0,-44.0
1776884527.7931027,1.0,-7.0,-41.0
1776884527.8031027,1.0,-4.0,-45.0
1776884527.8131027,3.0,-3.0,-47.0
1776884527.8231027,5.0,-5.0,-47.0
1776884527.8331027,6.0,-6.0,-56.0
1776884527.8431027,4.0,-6.0,-57.0
1776884527.8531027,3.0,-1.0,-53.0
1776884527.863103,2.0,2.0,-48.0
1776884527.873103,1.0,1.0,-49.0
1776884527.883103,2.0,-1.0,-57.0
1776884527.8931026,-4.0,3.0,-64.0
1776884527.9031026,-6.0,2.0,-58.0
1776884527.9131026,-2.0,0.0,-61.0
1776884527.9231029,0.0,0.0,-57.0
1776884527.9331028,0.0,0.0,-57.0
1776884527.9431028,6.0,-2.0,-57.0
1776884527.9531028,9.0,-2.0,-58.0
1776884527.9631028,10.0,-6.0,-57.0
1776884527.9731028,14.0,-2.0,-51.0
1776884527.9831028,11.0,-1.0,-52.0
1776884527.9931028,6.0,0.0,-53.0
1776884528.0031028,2.0,0.0,-51.0
1776884528.0131028,3.0,1.0,-53.0
1776884528.0231028,3.0,2.0,-50.0
1776884528.0331028,-1.0,-3.0,-52.0
1776884528.0431027,-1.0,-4.0,-54.0
1776884528.0531027,1.0,-5.0,-52.0
1776884528.0631027,-1.0,-1.0,-46.0
1776884528.0731027,4.0,-5.0,-45.0
1776884528.0831027,4.0,-3.0,-46.0
1776884528.0931027,4.0,-1.0,-42.0
1776884528.1031027,5.0,0.0,-36.0
1776884528.113103,6.0,2.0,-39.0
1776884528.123103,6.0,3.0,-43.0
1776884528.133103,3.0,2.0,-40.0
1776884528.1431026,0.0,3.0,-38.0
1776884528.1531026,3.0,0.0,-43.0
1776884528.1631026,0.0,0.0,-48.0
1776884528.1731029,3.0,2.0,-53.0
1776884528.1831028,4.0,2.0,-53.0
1776884528.1931028,4.0,2.0,-48.0
1776884528.2031028,5.0,0.0,-45.0
1776884528.2131028,5.0,-4.0,-43.0
1776884528.2231028,4.0,0.0,-45.0
1776884528.2331028,2.0,0.0,-44.0
1776884528.2431028,2.0,0.0,-46.0
1776884528.2531028,1.0,0.0,-49.0
1776884528.2631028,6.0,-2.0,-42.0
1776884528.2731028,7.0,-3.0,-41.0
1776884528.2831028,11.0,-1.0,-49.0
1776884528.2931027,7.0,-2.0,-53.0
1776884528.3031027,8.0,-1.0,-54.0
1776884528.3131027,8.0,-2.0,-58.0
1776884528.3231027,5.0,-5.0,-59.0
1776884528.3331027,2.0,-5.0,-58.0
1776884528.3431027,3.0,-7.0,-55.0
1776884528.3531027,3.0,-4.0,-47.0
1776884528.363103,-3.0,-5.0,-44.0
1776884528.373103,-4.0,-7.0,-39.0
1776884528.383103,-6.0,-8.0,-29.0
1776884528.3931026,-2.0,-9.0,-32.0
1776884528.4031026,-1.0,-9.0,-32.0
1776884528.4131026,3.0,-6.0,-40.0
1776884528.4231029,3.0,-5.0,-38.0
1776884528.4331028,3.0,-7.0,-36.0
1776884528.4431028,1.0,-7.0,-39.0
1776884528.4531028,1.0,-9.0,-41.0
1776884528.4631028,0.0,-3.0,-49.0
1776884528.4731028,2.0,-3.0,-45.0
1776884528.4831028,2.0,-3.0,-40.0
1776884528.4931028,8.0,-4.0,-39.0
1776884528.5031028,4.0,0.0,-45.0
1776884528.5131028,6.0,4.0,-45.0
1776884528.5231028,9.0,5.0,-44.0
1776884528.5331028,5.0,1.0,-33.0
1776884528.5431027,4.0,1.0,-33.0
1776884528.5531027,5.0,2.0,-32.0
1776884528.5631027,0.0,0.0,-39.0
1776884528.5731027,0.0,-1.0,-35.0
1776884528.5831027,2.0,-3.0,-39.0
1776884528.5931027,2.0,-7.0,-49.0
1776884528.6031027,3.0,-8.0,-47.0
1776884528.613103,4.0,-5.0,-46.0
1776884528.623103,6.0,0.0,-51.0
1776884528.633103,9.0,-1.0,-55.0
1776884528.6431026,5.0,-1.0,-51.0
1776884528.6531026,11.0,4.0,-42.0
1776884528.6631026,5.0,3.0,-43.0
1776884528.6731029,1.0,2.0,-50.0
1776884528.6831028,0.0,0.0,-51.0
1776884528.6931028,-3.0,0.0,-48.0
1776884528.7031028,4.0,0.0,-55.0
1776884528.7131028,1.0,2.0,-53.0
1776884528.7231028,1.0,3.0,-55.0
1776884528.7331028,1.0,3.0,-51.0
1776884528.7431028,1.0,3.0,-49.0
1776884528.7531028,3.0,3.0,-51.0
1776884528.7631028,6.0,5.0,-49.0
1776884528.7731028,3.0,6.0,-52.0
1776884528.7831028,1.0,4.0,-51.0
1776884528.7931027,1.0,7.0,-52.0
1776884528.8031027,2.0,4.0,-50.0
1776884528.8131027,0.0,1.0,-49.0
1776884528.8231027,4.0,0.0,-47.0
1776884528.8331027,4.0,-3.0,-55.0
1776884528.8431027,5.0,-3.0,-54.0
1776884528.8531027,3.0,-6.0,-58.0
1776884528.863103,7.0,-6.0,-60.0
1776884528.873103,3.0,-11.0,-56.0
1776884528.883103,6.0,-9.0,-53.0
1776884528.8931026,3.0,-9.0,-60.0
1776884528.9031026,2.0,-10.0,-59.0
1776884528.9131026,5.0,-6.0,-59.0
1776884528.9231029,4.0,-4.0,-57.0
1776884528.9331028,0.0,1.0,-58.0
1776884528.9431028,2.0,7.0,-59.0
1776884528.9531028,4.0,2.0,-58.0
1776884528.9631028,1.0,2.0,-58.0
1776884528.9731028,2.0,4.0,-55.0
1776884528.9831028,2.0,0.0,-61.0
1776884528.9931028,1.0,4.0,-64.0
1776884529.0031028,0.0,2.0,-59.0
1776884529.0131028,2.0,5.0,-53.0
1776884529.0231028,0.0,6.0,-55.0
1776884529.0331028,-2.0,4.0,-58.0
1776884529.0431027,-4.0,5.0,-52.0
1776884529.0531027,-2.0,4.0,-47.0
1776884529.0631027,0.0,4.0,-39.0
1776884529.0731027,2.0,1.0,-45.0
1776884529.0831027,3.0,0.0,-42.0
1776884529.0931027,-1.0,2.0,-45.0
1776884529.1031027,0.0,4.0,-46.0
1776884529.113103,2.0,5.0,-48.0
1776884529.123103,1.0,5.0,-43.0
1776884529.133103,-1.0,3.0,-42.0
1776884529.1431026,0.0,3.0,-53.0
1776884529.1531026,1.0,-2.0,-51.0
1776884529.1631026,0.0,-4.0,-52.0
1776884529.1731029,-1.0,-4.0,-50.0
1776884529.1831028,-6.0,0.0,-43.0
1776884529.1931028,-2.0,2.0,-39.0
1776884529.2031028,-3.0,3.0,-36.0
1776884529.2131028,0.0,3.0,-35.0
1776884529.2231028,8.0,3.0,-42.0
1776884529.2331028,8.0,2.0,-48.0
1776884529.2431028,7.0,0.0,-54.0
1776884529.2531028,7.0,-2.0,-54.0
1776884529.2631028,2.0,-3.0,-48.0
1776884529.2731028,1.0,-1.0,-45.0
1776884529.2831028,3.0,-6.0,-49.0
1776884529.2931027,5.0,-4.0,-47.0
1776884529.3031027,11.0,-6.0,-47.0
1776884529.3131027,10.0,-4.0,-42.0
1776884529.3231027,10.0,0.0,-48.0
1776884529.3331027,11.0,1.0,-50.0
1776884529.3431027,6.0,1.0,-54.0
1776884529.3531027,3.0,3.0,-53.0
1776884529.363103,2.0,1.0,-49.0
1776884529.373103,-3.0,0.0,-56.0
1776884529.383103,0.0,1.0,-57.0
1776884529.3931026,0.0,6.0,-48.0
1776884529.4031026,1.0,6.0,-45.0
1776884529.4131026,3.0,2.0,-42.0
1776884529.4241028,8.0,1.0,-40.0
1776884529.4341028,4.0,0.0,-46.0
1776884529.4441028,4.0,-3.0,-55.0
1776884529.4541028,5.0,-6.0,-52.0
1776884529.4641027,2.0,-7.0,-49.0
1776884529.4741027,4.0,-4.0,-42.0
1776884529.4841027,3.0,-6.0,-45.0
1776884529.4941027,3.0,-4.0,-46.0
1776884529.5041027,1.0,-4.0,-46.0
1776884529.5141027,-2.0,0.0,-51.0
1776884529.5241027,-1.0,-4.0,-49.0
1776884529.534103,-5.0,-11.0,-50.0
1776884529.544103,-6.0,-4.0,-42.0
1776884529.5531027,-4.0,0.0,-39.0
1776884529.5641026,-1.0,0.0,-38.0
1776884529.5741026,2.0,-5.0,-35.0
1776884529.5841026,1.0,-9.0,-33.0
1776884529.5941026,1.0,-8.0,-37.0
1776884529.6041028,1.0,-2.0,-34.0
1776884529.6141028,2.0,-1.0,-34.0
1776884529.6241028,0.0,-4.0,-35.0
1776884529.6341028,-3.0,-7.0,-43.0
1776884529.6441028,0.0,-9.0,-42.0
1776884529.6541028,0.0,-11.0,-46.0
1776884529.6641028,0.0,-10.0,-44.0
1776884529.6741028,1.0,-5.0,-50.0
1776884529.6841028,0.0,-8.0,-50.0
1776884529.6941028,-3.0,-8.0,-50.0
1776884529.7041028,-2.0,-7.0,-49.0
1776884529.7141027,-1.0,-11.0,-48.0
1776884529.7241027,-6.0,-11.0,-44.0
1776884529.7341027,-3.0,-5.0,-45.0
1776884529.7441027,-1.0,-4.0,-47.0
1776884529.7541027,-1.0,-2.0,-49.0
1776884529.7641027,0.0,-3.0,-48.0
1776884529.7741027,0.0,-2.0,-48.0
1776884529.784103,-1.0,-1.0,-50.0
1776884529.794103,0.0,-2.0,-53.0
1776884529.804103,0.0,0.0,-52.0
1776884529.8141026,0.0,0.0,-50.0
1776884529.8241026,4.0,-2.0,-50.0
1776884529.8341026,8.0,-4.0,-48.0
1776884529.8441026,5.0,2.0,-45.0
1776884529.8541028,2.0,3.0,-46.0
1776884529.8641028,-3.0,5.0,-50.0
1776884529.8741028,-4.0,4.0,-50.0
1776884529.8841028,4.0,10.0,-54.0
1776884529.8941028,4.0,8.0,-52.0
1776884529.9041028,2.0,6.0,-56.0
1776884529.9141028,5.0,5.0,-52.0
1776884529.9241028,5.0,2.0,-51.0
1776884529.9341028,6.0,3.0,-45.0
1776884529.9441028,5.0,1.0,-43.0
1776884529.9541028,6.0,3.0,-47.0
1776884529.9641027,7.0,4.0,-44.0
1776884529.9741027,5.0,3.0,-46.0
1776884529.9841027,9.0,-1.0,-45.0
1776884529.9941027,8.0,-1.0,-41.0
1776884530.0041027,5.0,-2.0,-46.0
1776884530.0141027,3.0,3.0,-52.0
1776884530.0241027,-3.0,4.0,-54.0
1776884530.034103,-2.0,1.0,-51.0
1776884530.044103,0.0,0.0,-51.0
1776884530.054103,0.0,-4.0,-53.0
1776884530.0641026,-1.0,-4.0,-51.0
1776884530.0741026,-2.0,-3.0,-49.0
1776884530.0841026,-1.0,-2.0,-43.0
1776884530.0941026,-3.0,1.0,-48.0
1776884530.1041028,-2.0,2.0,-47.0
1776884530.1141028,4.0,1.0,-43.0
1776884530.1241028,6.0,0.0,-40.0
1776884530.1341028,0.0,2.0,-45.0
1776884530.1441028,-3.0,0.0,-46.0
1776884530.1541028,-2.0,-3.0,-44.0
1776884530.1641028,0.0,-7.0,-49.0
1776884530.1741028,1.0,-4.0,-44.0
1776884530.1841028,0.0,-3.0,-43.0
1776884530.1941028,0.0,-3.0,-46.0
1776884530.2041028,-4.0,-4.0,-47.0
1776884530.2141027,-2.0,-3.0,-52.0
1776884530.2241027,0.0,-3.0,-51.0
1776884530.2341027,1.0,-4.0,-48.0
1776884530.2441027,1.0,-7.0,-47.0
1776884530.2541027,2.0,-11.0,-44.0
1776884530.2641027,0.0,-12.0,-51.0
1776884530.2741027,5.0,-7.0,-54.0
1776884530.284103,5.0,-5.0,-46.0
1776884530.294103,4.0,0.0,-46.0
1776884530.304103,2.0,0.0,-46.0
1776884530.3141026,1.0,2.0,-50.0
1776884530.3241026,6.0,1.0,-41.0
1776884530.3341026,4.0,2.0,-44.0
1776884530.3441026,3.0,4.0,-39.0
1776884530.3541028,-1.0,1.0,-42.0
1776884530.3641028,-2.0,-2.0,-41.0
1776884530.3741028,0.0,-2.0,-35.0
1776884530.3841028,5.0,0.0,-34.0
1776884530.3941028,4.0,0.0,-40.0
1776884530.4041028,4.0,0.0,-44.0
1776884530.4141028,1.0,-1.0,-41.0
1776884530.4241028,0.0,1.0,-41.0
1776884530.4341028,-1.0,-1.0,-39.0
1776884530.4441028,0.0,0.0,-39.0
1776884530.4541028,0.0,-2.0,-37.0
1776884530.4641027,0.0,-2.0,-39.0
1776884530.4741027,1.0,-1.0,-44.0
1776884530.4841027,0.0,-4.0,-40.0
1776884530.4941027,-1.0,-7.0,-43.0
1776884530.5041027,-6.0,-4.0,-49.0
1776884530.5141027,-3.0,-5.0,-40.0
1776884530.5241027,-4.0,-5.0,-44.0
1776884530.534103,0.0,-6.0,-45.0
1776884530.544103,1.0,-4.0,-45.0
1776884530.554103,-3.0,-8.0,-46.0
1776884530.5641026,1.0,-4.0,-48.0
1776884530.5741026,7.0,-5.0,-44.0
1776884530.5841026,5.0,-5.0,-45.0
1776884530.5941026,4.0,-6.0,-39.0
1776884530.6041028,7.0,-3.0,-41.0
1776884530.6141028,3.0,-2.0,-46.0
1776884530.6241028,1.0,-1.0,-55.0
1776884530.6341028,2.0,-2.0,-58.0
1776884530.6441028,4.0,-3.0,-57.0
1776884530.6541028,4.0,-5.0,-49.0
1776884530.6641028,3.0,-5.0,-47.0
1776884530.6741028,1.0,-5.0,-45.0
1776884530.6841028,2.0,-8.0,-44.0
1776884530.6941028,0.0,-9.0,-49.0
1776884530.7041028,0.0,-8.0,-48.0
1776884530.7141027,-3.0,-2.0,-41.0
1776884530.7241027,-3.0,-3.0,-45.0
1776884530.7341027,0.0,-1.0,-49.0
1776884530.7441027,-3.0,1.0,-44.0
1776884530.7541027,-1.0,-1.0,-49.0
1776884530.7641027,1.0,-1.0,-45.0
1776884530.7741027,4.0,0.0,-39.0
1776884530.784103,1.0,-1.0,-48.0
1776884530.794103,3.0,-3.0,-50.0
1776884530.804103,3.0,1.0,-48.0
1776884530.8141026,2.0,0.0,-38.0
1776884530.8241026,1.0,2.0,-35.0
1776884530.8341026,0.0,2.0,-38.0
1776884530.8441026,-1.0,1.0,-39.0
1776884530.8541028,0.0,-2.0,-43.0
1776884530.8641028,4.0,0.0,-38.0
1776884530.8741028,3.0,-2.0,-40.0
1776884530.8841028,1.0,0.0,-43.0
1776884530.8941028,2.0,0.0,-41.0
1776884530.9041028,2.0,-2.0,-44.0
1776884530.9141028,-1.0,0.0,-52.0
1776884530.9241028,-4.0,0.0,-53.0
1776884530.9341028,-8.0,0.0,-51.0
1776884530.9441028,-7.0,-4.0,-51.0
1776884530.9541028,-5.0,-3.0,-46.0
1776884530.9641027,1.0,0.0,-49.0
1776884530.9741027,4.0,-2.0,-50.0
1776884530.9841027,-1.0,-2.0,-43.0
1776884530.9941027,1.0,-8.0,-46.0
1776884531.0041027,1.0,-8.0,-48.0
1776884531.0141027,0.0,-11.0,-49.0
1776884531.0241027,5.0,-11.0,-49.0
1776884531.034103,4.0,-9.0,-43.0
1776884531.044103,0.0,-7.0,-43.0
1776884531.054103,-2.0,-6.0,-45.0
1776884531.0641026,-5.0,-4.0,-41.0
1776884531.0741026,-7.0,-2.0,-42.0
1776884531.0841026,-3.0,0.0,-39.0
1776884531.0941026,-4.0,0.0,-46.0
1776884531.1041028,-1.0,2.0,-52.0
1776884531.1141028,-3.0,0.0,-49.0
1776884531.1241028,-2.0,2.0,-46.0
1776884531.1341028,-5.0,0.0,-43.0
1776884531.1441028,-4.0,0.0,-47.0
1776884531.1541028,-6.0,0.0,-46.0
1776884531.1641028,-4.0,0.0,-48.0
1776884531.1741028,-3.0,-4.0,-47.0
1776884531.1841028,-3.0,1.0,-40.0
1776884531.1941028,-2.0,0.0,-36.0
1776884531.2041028,3.0,0.0,-46.0
1776884531.2141027,5.0,5.0,-52.0
1776884531.2241027,9.0,8.0,-48.0
1776884531.2341027,12.0,5.0,-44.0
1776884531.2441027,9.0,2.0,-46.0
1776884531.2541027,3.0,1.0,-47.0
1776884531.2641027,4.0,2.0,-51.0
1776884531.2741027,2.0,0.0,-52.0
1776884531.284103,-4.0,-1.0,-47.0
1776884531.294103,0.0,0.0,-48.0
1776884531.304103,3.0,-2.0,-48.0
1776884531.3141026,0.0,-2.0,-48.0
1776884531.3241026,3.0,2.0,-55.0
1776884531.3341026,3.0,2.0,-48.0
1776884531.3441026,4.0,0.0,-47.0
1776884531.3541028,4.0,-1.0,-49.0
1776884531.3641028,3.0,-4.0,-49.0
1776884531.3751028,0.0,-5.0,-48.0
1776884531.3841028,2.0,-4.0,-50.0
1776884531.3941028,2.0,-2.0,-48.0
1776884531.4051027,-1.0,-6.0,-44.0
1776884531.4151027,0.0,-5.0,-42.0
1776884531.4251027,0.0,-3.0,-47.0
1776884531.4351027,-1.0,-2.0,-49.0
1776884531.4451027,2.0,-5.0,-48.0
1776884531.4551027,5.0,-2.0,-47.0
1776884531.465103,4.0,-1.0,-48.0
1776884531.475103,4.0,0.0,-53.0
1776884531.485103,0.0,-1.0,-51.0
1776884531.4951026,2.0,-4.0,-46.0
1776884531.5051026,2.0,-3.0,-42.0
1776884531.5151026,1.0,0.0,-39.0
1776884531.5251029,5.0,-2.0,-48.0
1776884531.5351028,9.0,-5.0,-49.0
1776884531.5451028,11.0,-1.0,-49.0
1776884531.5551028,8.0,-4.0,-48.0
1776884531.5651028,7.0,-2.0,-56.0
1776884531.5751028,0.0,-2.0,-54.0
1776884531.5851028,0.0,-1.0,-57.0
1776884531.5951028,7.0,0.0,-53.0
1776884531.6051028,7.0,-2.0,-50.0
1776884531.6151028,4.0,-1.0,-49.0
1776884531.6251028,3.0,-4.0,-54.0
1776884531.6351027,2.0,-3.0,-47.0
1776884531.6451027,5.0,-6.0,-46.0
1776884531.6551027,4.0,-6.0,-46.0
1776884531.6651027,5.0,2.0,-50.0
1776884531.6751027,10.0,6.0,-50.0
1776884531.6851027,8.0,4.0,-49.0
1776884531.6951027,5.0,2.0,-48.0
1776884531.7051027,2.0,2.0,-44.0
1776884531.715103,-2.0,1.0,-50.0
1776884531.725103,-2.0,-2.0,-51.0
1776884531.735103,-6.0,0.0,-54.0
1776884531.7451026,-8.0,-2.0,-51.0
1776884531.7551026,-1.0,-3.0,-51.0
1776884531.7651026,0.0,-1.0,-48.0
1776884531.7751029,0.0,-5.0,-46.0
1776884531.7851028,4.0,-8.0,-48.0
1776884531.7951028,1.0,-5.0,-46.0
1776884531.8051028,0.0,-5.0,-38.0
1776884531.8151028,0.0,-4.0,-31.0
1776884531.8251028,1.0,-5.0,-39.0
1776884531.8351028,0.0,-1.0,-43.0
1776884531.8451028,0.0,2.0,-44.0
1776884531.8551028,0.0,2.0,-46.0
1776884531.8651028,-1.0,-1.0,-46.0
1776884531.8751028,0.0,0.0,-43.0
1776884531.8851027,-6.0,0.0,-41.0
1776884531.8951027,-5.0,-3.0,-37.0
1776884531.9051027,-7.0,-3.0,-44.0
1776884531.9151027,-4.0,1.0,-49.0
1776884531.9251027,-4.0,3.0,-48.0
1776884531.9351027,-3.0,6.0,-45.0
1776884531.9451027,-4.0,6.0,-45.0
1776884531.9551027,-2.0,6.0,-42.0
1776884531.965103,2.0,3.0,-44.0
1776884531.975103,0.0,0.0,-46.0
1776884531.985103,0.0,0.0,-49.0
1776884531.9951026,3.0,-4.0,-46.0
1776884532.0051026,-1.0,-6.0,-41.0
1776884532.0151026,-4.0,-2.0,-44.0
1776884532.0251029,0.0,0.0,-43.0
1776884532.0351028,1.0,-1.0,-47.0
1776884532.0451028,3.0,-3.0,-52.0
1776884532.0551028,3.0,-1.0,-51.0
1776884532.0651028,6.0,0.0,-43.0
1776884532.0751028,8.0,-2.0,-42.0
1776884532.0851028,9.0,-5.0,-40.0
1776884532.0951028,7.0,-7.0,-39.0
1776884532.1051028,6.0,-5.0,-37.0
1776884532.1151028,3.0,0.0,-37.0
1776884532.1251028,4.0,0.0,-40.0
1776884532.1351027,8.0,1.0,-42.0
1776884532.1451027,5.0,2.0,-44.0
1776884532.1551027,5.0,0.0,-38.0
1776884532.1651027,2.0,-2.0,-34.0
1776884532.1751027,1.0,-5.0,-44.0
1776884532.1851027,0.0,-6.0,-47.0
1776884532.1951027,2.0,-2.0,-51.0
1776884532.2051027,3.0,-5.0,-49.0
1776884532.215103,4.0,-2.0,-45.0
1776884532.225103,4.0,-3.0,-50.0
1776884532.235103,-1.0,0.0,-54.0
1776884532.2451026,-3.0,2.0,-51.0
1776884532.2551026,-4.0,1.0,-52.0
1776884532.2651026,-4.0,0.0,-50.0
1776884532.2751029,-7.0,0.0,-51.0
1776884532.2851028,-5.0,1.0,-50.0
1776884532.2951028,-4.0,-3.0,-46.0
1776884532.3051028,-4.0,-1.0,-50.0
1776884532.3151028,-7.0,2.0,-46.0
1776884532.3251028,-9.0,4.0,-43.0
1776884532.3351028,-8.0,0.0,-44.0
1776884532.3451028,-8.0,0.0,-46.0
1776884532.3551028,-3.0,-1.0,-51.0
1776884532.3651028,-1.0,-7.0,-55.0
1776884532.3751028,-1.0,-7.0,-57.0
1776884532.3851027,-2.0,-7.0,-56.0
1776884532.3951027,0.0,-8.0,-54.0
1776884532.4051027,7.0,-4.0,-50.0
1776884532.4151027,4.0,-3.0,-48.0
1776884532.4251027,4.0,-6.0,-45.0
1776884532.4351027,3.0,-6.0,-43.0
1776884532.4451027,4.0,-6.0,-44.0
1776884532.4551027,2.0,-5.0,-40.0
1776884532.465103,4.0,-4.0,-46.0
1776884532.475103,5.0,-1.0,-46.0
1776884532.485103,2.0,0.0,-43.0
1776884532.4951026,2.0,1.0,-46.0
1776884532.5051026,3.0,2.0,-49.0
1776884532.5151026,2.0,0.0,-52.0
1776884532.5251029,1.0,-1.0,-55.0
1776884532.5351028,2.0,-2.0,-51.0
1776884532.5451028,-1.0,-3.0,-48.0
1776884532.5551028,-1.0,-1.0,-49.0
1776884532.5651028,-4.0,-2.0,-46.0
1776884532.5751028,-2.0,-6.0,-43.0
1776884532.5851028,-2.0,-10.0,-41.0
1776884532.5951028,0.0,-8.0,-48.0
1776884532.6051028,-1.0,-6.0,-52.0
1776884532.6151028,-1.0,-1.0,-54.0
1776884532.6251028,0.0,0.0,-54.0
1776884532.6351027,1.0,2.0,-59.0
1776884532.6451027,2.0,-3.0,-54.0
1776884532.6551027,2.0,-5.0,-55.0
1776884532.6651027,3.0,-1.0,-51.0
1776884532.6751027,2.0,-5.0,-48.0
1776884532.6851027,2.0,-2.0,-49.0
1776884532.6951027,-1.0,0.0,-48.0
1776884532.7051027,-3.0,1.0,-50.0
1776884532.715103,-5.0,0.0,-51.0
1776884532.725103,2.0,-2.0,-43.0
1776884532.735103,3.0,0.0,-47.0
1776884532.7451026,3.0,0.0,-47.0
1776884532.7551026,5.0,0.0,-46.0
1776884532.7651026,-1.0,2.0,-50.0
1776884532.7751029,-7.0,3.0,-46.0
1776884532.7851028,-3.0,3.0,-44.0
1776884532.7951028,2.0,3.0,-47.0
1776884532.8051028,1.0,5.0,-48.0
1776884532.8151028,3.0,1.0,-48.0
1776884532.8251028,3.0,3.0,-43.0
1776884532.8351028,3.0,5.0,-42.0
1776884532.8451028,0.0,4.0,-39.0
1776884532.8551028,3.0,5.0,-37.0
1776884532.8651028,2.0,1.0,-39.0
1776884532.8751028,3.0,0.0,-38.0
1776884532.8851027,5.0,-3.0,-41.0
1776884532.8951027,7.0,-1.0,-45.0
1776884532.9051027,7.0,0.0,-44.0
1776884532.9151027,8.0,-2.0,-43.0
1776884532.9251027,7.0,0.0,-40.0
1776884532.9351027,1.0,-2.0,-45.0
1776884532.9451027,-3.0,0.0,-51.0
1776884532.9551027,-7.0,-3.0,-56.0
1776884532.965103,-3.0,-7.0,-56.0
1776884532.975103,1.0,-8.0,-53.0
1776884532.985103,-1.0,-6.0,-44.0
1776884532.9951026,-1.0,-5.0,-36.0
1776884533.0051026,-1.0,-7.0,-36.0
1776884533.0151026,0.0,-9.0,-38.0
1776884533.0251029,-2.0,-11.0,-35.0
1776884533.0351028,-3.0,-6.0,-41.0
1776884533.0451028,2.0,-4.0,-38.0
1776884533.0551028,6.0,-2.0,-36.0
1776884533.0651028,4.0,-4.0,-36.0
1776884533.0751028,2.0,0.0,-40.0
1776884533.0851028,0.0,-2.0,-38.0
1776884533.0951028,2.0,0.0,-39.0
1776884533.1051028,7.0,0.0,-48.0
1776884533.1151028,3.0,3.0,-43.0
1776884533.1251028,5.0,3.0,-35.0
1776884533.1351027,5.0,3.0,-41.0
1776884533.1451027,4.0,2.0,-40.0
1776884533.1551027,2.0,1.0,-45.0
1776884533.1651027,1.0,2.0,-43.0
1776884533.1751027,0.0,1.0,-45.0
1776884533.1851027,0.0,-1.0,-49.0
1776884533.1951027,2.0,-2.0,-46.0
1776884533.2051027,0.0,-3.0,-39.0
1776884533.215103,0.0,-1.0,-35.0
1776884533.225103,1.0,-3.0,-39.0
1776884533.235103,0.0,-1.0,-41.0
1776884533.2451026,-4.0,0.0,-44.0
1776884533.2551026,-3.0,3.0,-46.0
1776884533.2651026,-4.0,2.0,-50.0
1776884533.2751029,-4.0,2.0,-54.0
1776884533.2851028,-2.0,0.0,-52.0
1776884533.2951028,-2.0,-2.0,-42.0
1776884533.3051028,-2.0,-5.0,-45.0
1776884533.3151028,0.0,-2.0,-44.0
1776884533.3251028,-2.0,-2.0,-46.0
1776884533.3351028,1.0,-2.0,-49.0
1776884533.3461027,-1.0,-1.0,-48.0
1776884533.3561027,-3.0,0.0,-44.0
1776884533.3661027,-3.0,-2.0,-47.0
1776884533.3761027,0.0,-3.0,-38.0
1776884533.386103,0.0,0.0,-41.0
1776884533.396103,-3.0,-1.0,-42.0
1776884533.406103,-1.0,-3.0,-38.0
1776884533.4161026,0.0,-5.0,-35.0
1776884533.4261026,-2.0,-1.0,-39.0
1776884533.4361026,-1.0,-4.0,-40.0
1776884533.4461029,2.0,-6.0,-44.0
1776884533.4561028,-2.0,-4.0,-45.0
1776884533.4661028,0.0,-2.0,-43.0
1776884533.4761028,4.0,-1.0,-42.0
1776884533.4861028,6.0,0.0,-47.0
1776884533.4961028,3.0,0.0,-48.0
1776884533.5061028,2.0,0.0,-46.0
1776884533.5161028,2.0,0.0,-51.0
1776884533.5261028,3.0,-1.0,-56.0
1776884533.5361028,1.0,-2.0,-51.0
1776884533.5461028,-2.0,-7.0,-48.0
1776884533.5561028,-2.0,-5.0,-43.0
1776884533.5661027,0.0,-7.0,-41.0
1776884533.5761027,-2.0,-11.0,-45.0
1776884533.5861027,-4.0,-9.0,-52.0
1776884533.5961027,-5.0,-7.0,-58.0
1776884533.6061027,0.0,-4.0,-59.0
1776884533.6161027,0.0,-3.0,-52.0
1776884533.6261027,1.0,-5.0,-50.0
1776884533.636103,1.0,-6.0,-44.0
1776884533.646103,-1.0,-5.0,-39.0
1776884533.656103,0.0,-1.0,-42.0
1776884533.6661026,1.0,-3.0,-48.0
1776884533.6761026,-2.0,-6.0,-40.0
1776884533.6861026,0.0,-4.0,-44.0
1776884533.6961029,1.0,-3.0,-42.0
1776884533.7061028,1.0,-1.0,-39.0
1776884533.7161028,2.0,1.0,-39.0
1776884533.7261028,1.0,1.0,-37.0
1776884533.7361028,3.0,0.0,-40.0
1776884533.7461028,7.0,-2.0,-43.0
1776884533.7561028,7.0,-4.0,-40.0
1776884533.7661028,4.0,-2.0,-46.0
1776884533.7761028,4.0,1.0,-56.0
1776884533.7861028,5.0,3.0,-57.0
1776884533.7961028,7.0,1.0,-58.0
1776884533.8061028,5.0,-1.0,-60.0
1776884533.8161027,0.0,-4.0,-57.0
1776884533.8261027,-1.0,-2.0,-49.0
1776884533.8361027,-3.0,0.0,-46.0
1776884533.8461027,-4.0,0.0,-42.0
1776884533.8561027,0.0,-2.0,-41.0
1776884533.8661027,0.0,-2.0,-42.0
1776884533.8761027,-1.0,-2.0,-33.0
1776884533.886103,-3.0,1.0,-35.0
1776884533.896103,-1.0,2.0,-38.0
1776884533.906103,-2.0,4.0,-41.0
1776884533.9161026,-4.0,4.0,-47.0
1776884533.9261026,0.0,6.0,-50.0
1776884533.9361026,3.0,3.0,-49.0
1776884533.9461029,8.0,4.0,-49.0
1776884533.9561028,4.0,2.0,-55.0
1776884533.9661028,5.0,-2.0,-50.0
1776884533.9761028,6.0,-4.0,-44.0
1776884533.9861028,3.0,-2.0,-48.0
1776884533.9961028,0.0,-7.0,-48.0
1776884534.0061028,-6.0,-6.0,-53.0
1776884534.0161028,-8.0,0.0,-46.0
1776884534.0261028,-4.0,-2.0,-49.0
1776884534.0361028,-3.0,-7.0,-45.0
1776884534.0461028,-5.0,-6.0,-52.0
1776884534.0561028,-6.0,0.0,-51.0
1776884534.0661027,-5.0,3.0,-49.0
1776884534.0761027,-8.0,1.0,-44.0
1776884534.0861027,-3.0,0.0,-48.0
1776884534.0961027,0.0,1.0,-56.0
1776884534.1061027,1.0,0.0,-55.0
1776884534.1161027,2.0,3.0,-58.0
1776884534.1261027,6.0,1.0,-65.0
1776884534.136103,4.0,-1.0,-62.0
1776884534.146103,0.0,0.0,-68.0
1776884534.156103,5.0,0.0,-66.0
1776884534.1661026,4.0,0.0,-61.0
1776884534.1761026,2.0,0.0,-63.0
1776884534.1861026,6.0,0.0,-57.0
1776884534.1961029,8.0,-3.0,-50.0
1776884534.2061028,7.0,-2.0,-49.0
1776884534.2161028,8.0,-2.0,-53.0
1776884534.2261028,5.0,1.0,-55.0
1776884534.2361028,6.0,1.0,-53.0
1776884534.2461028,9.0,-3.0,-50.0
1776884534.2561028,6.0,-5.0,-52.0
1776884534.2661028,4.0,-8.0,-48.0
1776884534.2761028,3.0,-6.0,-47.0
1776884534.2861028,6.0,-6.0,-45.0
1776884534.2961028,4.0,-5.0,-43.0
1776884534.3061028,2.0,-2.0,-50.0
1776884534.3161027,-7.0,-2.0,-53.0
1776884534.3261027,-8.0,-2.0,-60.0
1776884534.3361027,-2.0,-3.0,-56.0
1776884534.3461027,1.0,-5.0,-57.0
1776884534.3561027,0.0,-2.0,-56.0
1776884534.3661027,0.0,-3.0,-50.0
1776884534.3761027,-1.0,-5.0,-47.0
1776884534.386103,0.0,-2.0,-46.0
1776884534.396103,0.0,-2.0,-46.0
1776884534.406103,0.0,-4.0,-44.0
1776884534.4161026,0.0,-5.0,-47.0
1776884534.4261026,1.0,-10.0,-48.0
1776884534.4361026,3.0,-8.0,-49.0
1776884534.4461029,0.0,-6.0,-47.0
1776884534.4561028,-1.0,-8.0,-48.0
1776884534.4661028,0.0,-5.0,-45.0
1776884534.4761028,3.0,-1.0,-42.0
1776884534.4861028,6.0,3.0,-43.0
1776884534.4961028,6.0,0.0,-36.0
1776884534.5061028,3.0,0.0,-44.0
1776884534.5161028,0.0,1.0,-51.0
1776884534.5261028,4.0,0.0,-52.0
1776884534.5361028,6.0,-2.0,-52.0
1776884534.5461028,7.0,-4.0,-49.0
1776884534.5561028,3.0,-4.0,-49.0
1776884534.5661027,8.0,-6.0,-50.0
1776884534.5761027,7.0,-6.0,-55.0
1776884534.5861027,5.0,-6.0,-53.0
1776884534.5961027,4.0,-6.0,-53.0
1776884534.6061027,4.0,-5.0,-49.0
1776884534.6161027,2.0,0.0,-55.0
1776884534.6261027,1.0,6.0,-57.0
1776884534.636103,0.0,5.0,-54.0
1776884534.646103,-2.0,0.0,-52.0
1776884534.656103,-3.0,0.0,-52.0
1776884534.6661026,-2.0,-3.0,-50.0
1776884534.6761026,1.0,-3.0,-43.0
1776884534.6861026,2.0,-6.0,-44.0
1776884534.6961029,-1.0,-8.0,-45.0
1776884534.7061028,2.0,-9.0,-52.0
1776884534.7161028,3.0,-9.0,-52.0
1776884534.7261028,1.0,-5.0,-48.0
1776884534.7361028,0.0,-4.0,-45.0
1776884534.7461028,-7.0,-5.0,-49.0
1776884534.7561028,-7.0,-8.0,-49.0
1776884534.7661028,-9.0,-9.0,-51.0
1776884534.7761028,-9.0,-7.0,-51.0
1776884534.7861028,-7.0,-8.0,-49.0
1776884534.7961028,-3.0,-9.0,-43.0
1776884534.8061028,-3.0,-10.0,-43.0
1776884534.8161027,-1.0,-4.0,-46.0
1776884534.8261027,-3.0,-7.0,-45.0
1776884534.8361027,-1.0,-7.0,-42.0
1776884534.8461027,1.0,-5.0,-43.0
1776884534.8561027,6.0,0.0,-42.0
1776884534.8661027,8.0,-2.0,-42.0
1776884534.8761027,5.0,-6.0,-49.0
1776884534.886103,6.0,-2.0,-52.0
1776884534.896103,1.0,4.0,-55.0
1776884534.906103,2.0,-2.0,-55.0
1776884534.9161026,5.0,-2.0,-56.0
1776884534.9261026,9.0,-1.0,-57.0
1776884534.9361026,12.0,0.0,-47.0
1776884534.9461029,10.0,5.0,-43.0
1776884534.9561028,9.0,3.0,-48.0
1776884534.9661028,3.0,-3.0,-47.0
1776884534.9761028,0.0,0.0,-42.0
1776884534.9861028,0.0,0.0,-40.0
1776884534.9961028,0.0,-1.0,-39.0
1776884535.0061028,-5.0,-3.0,-45.0
1776884535.0161028,-7.0,-4.0,-41.0
1776884535.0261028,-9.0,-5.0,-41.0
1776884535.0361028,-10.0,-5.0,-42.0
1776884535.0461028,-6.0,-7.0,-46.0
1776884535.0561028,-7.0,-4.0,-44.0
1776884535.0661027,-4.0,-1.0,-39.0
1776884535.0761027,0.0,-3.0,-42.0
1776884535.0861027,-1.0,-1.0,-41.0
1776884535.0961027,2.0,0.0,-44.0
1776884535.1061027,-3.0,0.0,-37.0
1776884535.1161027,-4.0,0.0,-40.0
1776884535.1261027,-8.0,1.0,-48.0
1776884535.136103,-11.0,4.0,-50.0
1776884535.146103,-4.0,5.0,-51.0
1776884535.156103,-2.0,2.0,-46.0
1776884535.1661026,0.0,0.0,-56.0
1776884535.1761026,0.0,-2.0,-51.0
1776884535.1861026,1.0,-3.0,-45.0
1776884535.1961029,4.0,-3.0,-39.0
1776884535.2061028,3.0,-3.0,-35.0
1776884535.2161028,3.0,-4.0,-40.0
1776884535.2261028,5.0,-1.0,-43.0
1776884535.2361028,7.0,4.0,-46.0
1776884535.2461028,1.0,3.0,-42.0
1776884535.2561028,1.0,1.0,-41.0
1776884535.2661028,1.0,2.0,-43.0
1776884535.2761028,0.0,3.0,-48.0
1776884535.2861028,2.0,0.0,-51.0
1776884535.2971027,1.0,1.0,-50.0
1776884535.3061028,-3.0,0.0,-47.0
1776884535.3161027,-3.0,1.0,-50.0
1776884535.327103,0.0,-1.0,-51.0
1776884535.337103,-3.0,-3.0,-49.0
1776884535.3471026,-3.0,-7.0,-44.0
1776884535.3571026,0.0,-8.0,-44.0
1776884535.3671026,-2.0,-7.0,-39.0
1776884535.3771029,-1.0,-1.0,-35.0
1776884535.3871028,5.0,1.0,-41.0
1776884535.3971028,2.0,3.0,-46.0
1776884535.4071028,1.0,1.0,-44.0
1776884535.4171028,-1.0,0.0,-38.0
1776884535.4271028,-8.0,0.0,-39.0
1776884535.4371028,-2.0,0.0,-44.0
1776884535.4471028,-4.0,1.0,-49.0
1776884535.4571028,-5.0,2.0,-47.0
1776884535.4661028,1.0,0.0,-47.0
1776884535.4771028,7.0,-1.0,-49.0
1776884535.4871027,7.0,-4.0,-46.0
1776884535.4971027,5.0,-1.0,-46.0
1776884535.5071027,6.0,0.0,-47.0
1776884535.5171027,1.0,0.0,-45.0
1776884535.5271027,0.0,2.0,-46.0
1776884535.5371027,3.0,2.0,-45.0
1776884535.5471027,0.0,-1.0,-49.0
1776884535.557103,3.0,0.0,-55.0
1776884535.567103,1.0,-3.0,-49.0
1776884535.577103,0.0,-6.0,-46.0
1776884535.587103,1.0,-7.0,-58.0
1776884535.5971026,4.0,-10.0,-58.0
1776884535.6071026,5.0,-13.0,-58.0
1776884535.6171026,1.0,-12.0,-59.0
1776884535.6271029,2.0,-11.0,-56.0
1776884535.6371028,1.0,-12.0,-54.0
1776884535.6471028,0.0,-11.0,-51.0
1776884535.6571028,0.0,-7.0,-51.0
1776884535.6671028,0.0,-1.0,-47.0
1776884535.6771028,-4.0,0.0,-43.0
1776884535.6871028,-2.0,1.0,-43.0
1776884535.6971028,0.0,2.0,-44.0
1776884535.7071028,1.0,2.0,-45.0
1776884535.7171028,3.0,2.0,-41.0
1776884535.7271028,5.0,0.0,-40.0
1776884535.7371027,3.0,-5.0,-47.0
1776884535.7471027,5.0,-5.0,-50.0
1776884535.7571027,4.0,-5.0,-55.0
1776884535.7671027,4.0,-2.0,-51.0
1776884535.7771027,3.0,0.0,-44.0
1776884535.7871027,2.0,0.0,-39.0
1776884535.7971027,0.0,0.0,-35.0
1776884535.807103,3.0,0.0,-38.0
1776884535.817103,3.0,-4.0,-36.0
1776884535.827103,2.0,-5.0,-41.0
1776884535.837103,4.0,-6.0,-39.0
1776884535.8471026,9.0,-7.0,-45.0
1776884535.8571026,9.0,-5.0,-48.0
1776884535.8671026,6.0,-2.0,-45.0
1776884535.8771029,6.0,-8.0,-54.0
1776884535.8871028,6.0,-6.0,-44.0
1776884535.8971028,8.0,-5.0,-58.0
1776884535.9071028,10.0,-3.0,-51.0
1776884535.9171028,5.0,-1.0,-50.0
1776884535.9271028,4.0,2.0,-50.0
1776884535.9371028,5.0,1.0,-51.0
1776884535.9471028,3.0,3.0,-48.0
1776884535.9571028,5.0,6.0,-50.0
1776884535.9671028,5.0,9.0,-54.0
1776884535.9771028,5.0,9.0,-45.0
1776884535.9871027,5.0,4.0,-52.0
1776884535.9971027,1.0,0.0,-48.0
1776884536.0071027,0.0,-1.0,-47.0
1776884536.0171027,1.0,-4.0,-38.0
1776884536.0271027,-2.0,-4.0,-35.0
1776884536.0371027,0.0,-8.0,-40.0
1776884536.0471027,-2.0,-7.0,-39.0
1776884536.057103,-2.0,-7.0,-45.0
1776884536.067103,7.0,-8.0,-42.0
1776884536.077103,9.0,-10.0,-45.0
1776884536.087103,4.0,-11.0,-44.0
1776884536.0971026,3.0,-9.0,-48.0
1776884536.1071026,1.0,-8.0,-47.0
1776884536.1171026,4.0,-9.0,-42.0
1776884536.1271029,3.0,-12.0,-38.0
1776884536.1371028,3.0,-10.0,-41.0
1776884536.1471028,1.0,-8.0,-41.0
1776884536.1571028,4.0,-6.0,-37.0
1776884536.1671028,4.0,-4.0,-40.0
1776884536.1771028,2.0,-1.0,-46.0
1776884536.1871028,7.0,0.0,-44.0
1776884536.1971028,2.0,-1.0,-44.0
1776884536.2071028,0.0,0.0,-50.0
1776884536.2171028,-2.0,0.0,-51.0
1776884536.2271028,-8.0,1.0,-50.0
1776884536.2371027,-5.0,0.0,-52.0
1776884536.2471027,-4.0,0.0,-46.0
1776884536.2571027,-4.0,2.0,-44.0
1776884536.2671027,-4.0,2.0,-48.0
1776884536.2771027,-6.0,0.0,-44.0
1776884536.2871027,-6.0,-4.0,-46.0
1776884536.2971027,-3.0,-3.0,-52.0
1776884536.307103,-5.0,-4.0,-54.0
1776884536.317103,-3.0,-3.0,-49.0
1776884536.327103,-3.0,-2.0,-39.0
1776884536.337103,-2.0,0.0,-46.0
1776884536.3471026,-2.0,0.0,-43.0
1776884536.3571026,-3.0,-2.0,-49.0
1776884536.3671026,-1.0,-1.0,-52.0
1776884536.3771029,0.0,0.0,-43.0
1776884536.3871028,0.0,-4.0,-44.0
1776884536.3971028,0.0,-2.0,-41.0
1776884536.4071028,-2.0,0.0,-35.0
1776884536.4171028,0.0,1.0,-35.0
1776884536.4271028,0.0,0.0,-37.0
1776884536.4371028,2.0,0.0,-40.0
1776884536.4471028,2.0,0.0,-38.0
1776884536.4571028,1.0,3.0,-38.0
1776884536.4671028,-3.0,0.0,-43.0
1776884536.4771028,-3.0,0.0,-52.0
1776884536.4871027,-3.0,2.0,-51.0
1776884536.4971027,-2.0,0.0,-47.0
1776884536.5071027,1.0,-6.0,-41.0
1776884536.5171027,6.0,-3.0,-39.0
1776884536.5271027,5.0,-6.0,-38.0
1776884536.5371027,3.0,-7.0,-33.0
1776884536.5471027,6.0,-7.0,-33.0
1776884536.557103,9.0,-6.0,-33.0
1776884536.567103,9.0,-7.0,-37.0
1776884536.577103,6.0,-7.0,-41.0
1776884536.587103,5.0,0.0,-45.0
1776884536.5971026,6.0,-1.0,-48.0
1776884536.6071026,5.0,-1.0,-46.0
1776884536.6171026,4.0,2.0,-51.0
1776884536.6271029,6.0,4.0,-52.0
1776884536.6371028,9.0,5.0,-47.0
1776884536.6471028,6.0,1.0,-56.0
1776884536.6571028,2.0,1.0,-54.0
1776884536.6671028,2.0,2.0,-49.0
1776884536.6771028,2.0,1.0,-48.0
1776884536.6871028,3.0,2.0,-47.0
1776884536.6971028,1.0,0.0,-35.0
1776884536.7071028,-1.0,-1.0,-39.0
1776884536.7171028,4.0,0.0,-36.0
1776884536.7271028,8.0,-2.0,-42.0
1776884536.7371027,9.0,-2.0,-42.0
1776884536.7471027,5.0,0.0,-48.0
1776884536.7571027,4.0,-3.0,-56.0
1776884536.7671027,6.0,-4.0,-60.0
1776884536.7771027,6.0,-2.0,-52.0
1776884536.7871027,5.0,0.0,-45.0
1776884536.7971027,8.0,0.0,-41.0
1776884536.807103,5.0,0.0,-37.0
1776884536.817103,4.0,-1.0,-38.0
1776884536.827103,-1.0,0.0,-43.0
1776884536.837103,2.0,0.0,-42.0
1776884536.8471026,5.0,1.0,-42.0
1776884536.8571026,6.0,0.0,-44.0
1776884536.8671026,6.0,-2.0,-49.0
1776884536.8771029,4.0,-3.0,-52.0
1776884536.8871028,1.0,-1.0,-45.0
1776884536.8971028,-3.0,-1.0,-48.0
1776884536.9071028,-4.0,-2.0,-52.0
1776884536.9171028,0.0,-1.0,-49.0
1776884536.9271028,2.0,4.0,-50.0
1776884536.9371028,8.0,1.0,-43.0
1776884536.9471028,4.0,1.0,-51.0
1776884536.9571028,0.0,0.0,-54.0
1776884536.9671028,-3.0,0.0,-53.0
1776884536.9771028,-2.0,-2.0,-51.0
1776884536.988103,0.0,-1.0,-49.0
1776884536.9971027,0.0,2.0,-54.0
1776884537.0071027,2.0,1.0,-51.0
1776884537.0171027,0.0,-1.0,-53.0
1776884537.0271027,1.0,0.0,-52.0
1776884537.0371027,0.0,-1.0,-49.0
1776884537.0471027,0.0,-1.0,-50.0
1776884537.057103,2.0,-3.0,-52.0
1776884537.067103,2.0,-5.0,-55.0
1776884537.077103,-3.0,-3.0,-51.0
1776884537.087103,-5.0,-6.0,-52.0
1776884537.0971026,-5.0,-8.0,-54.0
1776884537.1071026,-10.0,-8.0,-63.0
1776884537.1171026,-7.0,-3.0,-70.0
1776884537.1271029,-3.0,-7.0,-65.0
1776884537.1371028,-4.0,-6.0,-61.0
1776884537.1471028,-2.0,-5.0,-63.0
1776884537.1571028,-4.0,-6.0,-58.0
1776884537.1671028,-3.0,-7.0,-54.0
1776884537.1771028,-3.0,-3.0,-55.0
1776884537.1871028,-9.0,-6.0,-50.0
1776884537.1971028,-7.0,-4.0,-51.0
1776884537.2071028,-4.0,-3.0,-54.0
1776884537.2171028,-1.0,0.0,-53.0
1776884537.2271028,-2.0,2.0,-48.0
1776884537.2371027,3.0,0.0,-49.0
1776884537.2471027,9.0,0.0,-45.0
1776884537.2571027,8.0,0.0,-43.0
1776884537.2671027,3.0,-4.0,-42.0
1776884537.2771027,2.0,-3.0,-35.0
1776884537.2871027,4.0,-2.0,-43.0
1776884537.2981029,4.0,0.0,-51.0
1776884537.3081028,4.0,0.0,-59.0
1776884537.3181028,3.0,3.0,-53.0
1776884537.3281028,2.0,1.0,-48.0
1776884537.3381028,0.0,-1.0,-43.0
1776884537.3481028,4.0,-2.0,-40.0
1776884537.3581028,0.0,-4.0,-40.0
1776884537.3681028,0.0,-5.0,-40.0
1776884537.3781028,1.0,-7.0,-38.0
1776884537.3881028,-3.0,-10.0,-44.0
1776884537.3981028,-6.0,-10.0,-50.0
1776884537.4081028,-4.0,-5.0,-49.0
1776884537.4181027,-4.0,-2.0,-51.0
1776884537.4281027,-3.0,0.0,-53.0
1776884537.4381027,-2.0,-1.0,-61.0
1776884537.4481027,2.0,-1.0,-61.0
1776884537.4581027,7.0,-5.0,-64.0
1776884537.4681027,3.0,-1.0,-60.0
1776884537.4781027,4.0,0.0,-58.0
1776884537.488103,0.0,0.0,-59.0
1776884537.498103,-1.0,4.0,-53.0
1776884537.508103,0.0,4.0,-47.0
1776884537.5181026,0.0,4.0,-42.0
1776884537.5281026,7.0,5.0,-48.0
1776884537.5381026,10.0,1.0,-49.0
1776884537.5481029,10.0,0.0,-49.0
1776884537.5581028,15.0,2.0,-46.0
1776884537.5681028,13.0,0.0,-42.0
1776884537.5781028,5.0,1.0,-42.0
1776884537.5881028,4.0,1.0,-46.0
1776884537.5981028,7.0,-1.0,-46.0
1776884537.6081028,8.0,-1.0,-50.0
1776884537.6181028,3.0,-2.0,-54.0
1776884537.6281028,3.0,-1.0,-51.0
1776884537.6381028,4.0,-2.0,-51.0
1776884537.6481028,1.0,-2.0,-40.0
1776884537.6581028,0.0,-3.0,-38.0
1776884537.6681027,-2.0,-2.0,-44.0
1776884537.6781027,-5.0,-6.0,-40.0
1776884537.6881027,-5.0,-5.0,-45.0
1776884537.6981027,0.0,-12.0,-45.0
1776884537.7081027,0.0,-10.0,-48.0
1776884537.7181027,3.0,-6.0,-49.0
1776884537.7281027,7.0,-3.0,-47.0
1776884537.738103,6.0,-4.0,-40.0
1776884537.748103,7.0,-7.0,-43.0
1776884537.758103,9.0,-6.0,-40.0
1776884537.7681026,5.0,-7.0,-42.0
1776884537.7781026,1.0,-5.0,-42.0
1776884537.7881026,-3.0,-1.0,-42.0
1776884537.7981029,-4.0,-2.0,-45.0
1776884537.8081028,-4.0,0.0,-46.0
1776884537.8181028,-7.0,-1.0,-47.0
1776884537.8281028,-8.0,1.0,-46.0
1776884537.8381028,-9.0,-1.0,-45.0
1776884537.8481028,-11.0,-1.0,-47.0
1776884537.8581028,-7.0,-3.0,-48.0
1776884537.8681028,-7.0,0.0,-49.0
1776884537.8781028,-5.0,0.0,-43.0
1776884537.8881028,-8.0,-1.0,-40.0
1776884537.8981028,-5.0,-1.0,-45.0
1776884537.9081028,-5.0,0.0,-41.0
1776884537.9181027,-6.0,3.0,-40.0
1776884537.9281027,-5.0,4.0,-43.0
1776884537.9381027,-3.0,1.0,-47.0
1776884537.9481027,0.0,-1.0,-47.0
1776884537.9581027,1.0,-6.0,-49.0
1776884537.9681027,1.0,-8.0,-50.0
1776884537.9781027,-2.0,-9.0,-49.0
1776884537.988103,0.0,-7.0,-45.0
1776884537.998103,0.0,-4.0,-45.0
1776884538.008103,-4.0,-2.0,-45.0
1776884538.0181026,-2.0,-6.0,-48.0
1776884538.0281026,0.0,-2.0,-42.0
1776884538.0381026,0.0,0.0,-48.0
1776884538.0481029,-2.0,-2.0,-50.0
1776884538.0581028,-2.0,0.0,-49.0
1776884538.0681028,-5.0,-1.0,-49.0
1776884538.0781028,0.0,-4.0,-43.0
1776884538.0881028,-2.0,-5.0,-45.0
1776884538.0981028,3.0,-7.0,-48.0
1776884538.1081028,7.0,-7.0,-45.0
1776884538.1181028,2.0,-7.0,-38.0
1776884538.1281028,1.0,-6.0,-37.0
1776884538.1381028,2.0,0.0,-39.0
1776884538.1481028,0.0,0.0,-39.0
1776884538.1581028,0.0,1.0,-41.0
1776884538.1681027,0.0,-1.0,-41.0
1776884538.1781027,-2.0,-5.0,-42.0
1776884538.1881027,-1.0,-3.0,-44.0
1776884538.1981027,-5.0,0.0,-43.0
1776884538.2081027,-4.0,0.0,-45.0
1776884538.2181027,-2.0,0.0,-48.0
1776884538.2281027,3.0,1.0,-55.0
1776884538.238103,8.0,0.0,-49.0
1776884538.248103,13.0,0.0,-55.0
1776884538.258103,9.0,-3.0,-49.0
1776884538.2681026,2.0,-5.0,-48.0
1776884538.2781026,1.0,-3.0,-45.0
1776884538.2881026,7.0,-3.0,-45.0
1776884538.2981029,6.0,-7.0,-40.0
1776884538.3081028,1.0,-2.0,-41.0
1776884538.3181028,1.0,-1.0,-46.0
1776884538.3281028,4.0,-1.0,-46.0
1776884538.3381028,1.0,-2.0,-48.0
1776884538.3481028,3.0,-5.0,-52.0
1776884538.3581028,2.0,-4.0,-54.0
1776884538.3681028,0.0,-7.0,-52.0
1776884538.3781028,-1.0,-7.0,-53.0
1776884538.3881028,-4.0,-3.0,-55.0
1776884538.3981028,-1.0,-3.0,-53.0
1776884538.4081028,0.0,-3.0,-46.0
1776884538.4181027,-1.0,-4.0,-41.0
1776884538.4281027,-4.0,-7.0,-41.0
1776884538.4381027,-4.0,-10.0,-35.0
1776884538.4481027,-6.0,-8.0,-41.0
1776884538.4581027,-3.0,-9.0,-44.0
1776884538.4681027,1.0,-7.0,-45.0
1776884538.4781027,5.0,-3.0,-45.0
1776884538.488103,6.0,-4.0,-47.0
1776884538.498103,4.0,-4.0,-48.0
1776884538.508103,8.0,-5.0,-47.0
1776884538.5181026,3.0,-5.0,-47.0
1776884538.5281026,4.0,-5.0,-46.0
1776884538.5381026,0.0,-4.0,-49.0
1776884538.5481029,2.0,-5.0,-45.0
1776884538.5581028,6.0,-1.0,-47.0
1776884538.5681028,3.0,0.0,-49.0
1776884538.5781028,4.0,0.0,-53.0
1776884538.5881028,3.0,2.0,-49.0
1776884538.5981028,5.0,1.0,-53.0
1776884538.6081028,8.0,3.0,-47.0
1776884538.6181028,3.0,5.0,-48.0
1776884538.6281028,0.0,0.0,-45.0
1776884538.6381028,4.0,0.0,-45.0
1776884538.6481028,4.0,-2.0,-45.0
1776884538.6581028,6.0,-5.0,-49.0
1776884538.6681027,4.0,-4.0,-48.0
1776884538.6781027,5.0,-5.0,-49.0
1776884538.6881027,0.0,-7.0,-45.0
1776884538.6981027,0.0,-3.0,-50.0
1776884538.7081027,5.0,0.0,-49.0
1776884538.7181027,4.0,1.0,-45.0
1776884538.7281027,4.0,1.0,-45.0
1776884538.738103,2.0,-1.0,-40.0
1776884538.748103,1.0,-4.0,-43.0
1776884538.758103,0.0,-3.0,-38.0
1776884538.7681026,-4.0,-6.0,-44.0
1776884538.7781026,-6.0,-6.0,-48.0
1776884538.7881026,-6.0,-7.0,-47.0
1776884538.7981029,-4.0,-6.0,-53.0
1776884538.8081028,-4.0,-7.0,-59.0
1776884538.8181028,-2.0,-5.0,-57.0
1776884538.8281028,-3.0,-4.0,-59.0
1776884538.8381028,0.0,-6.0,-56.0
1776884538.8481028,-2.0,-4.0,-50.0
1776884538.8581028,-4.0,-1.0,-45.0
1776884538.8681028,-4.0,-4.0,-44.0
1776884538.8781028,-2.0,-4.0,-50.0
1776884538.8881028,-2.0,-1.0,-44.0
1776884538.8981028,0.0,-3.0,-42.0
1776884538.9081028,0.0,0.0,-56.0
1776884538.9181027,2.0,0.0,-56.0
1776884538.9281027,0.0,-4.0,-56.0
1776884538.9381027,4.0,-7.0,-47.0
1776884538.9481027,6.0,-4.0,-50.0
1776884538.9581027,6.0,-2.0,-45.0
1776884538.9681027,9.0,-5.0,-46.0
1776884538.9781027,5.0,-4.0,-45.0
1776884538.988103,3.0,-4.0,-48.0
1776884538.998103,7.0,-1.0,-47.0
1776884539.008103,9.0,-1.0,-43.0
1776884539.0181026,9.0,0.0,-50.0
1776884539.0281026,10.0,0.0,-47.0
1776884539.0381026,12.0,-1.0,-51.0
1776884539.0481029,11.0,-2.0,-52.0
1776884539.0581028,6.0,0.0,-55.0
1776884539.0681028,0.0,-2.0,-53.0
1776884539.0781028,6.0,0.0,-52.0
1776884539.0881028,2.0,0.0,-48.0
1776884539.0981028,0.0,0.0,-42.0
1776884539.1081028,0.0,0.0,-45.0
1776884539.1181028,2.0,-1.0,-46.0
1776884539.1281028,2.0,0.0,-46.0
1776884539.1381028,0.0,-2.0,-42.0
1776884539.1481028,-1.0,-4.0,-36.0
1776884539.1581028,0.0,-3.0,-42.0
1776884539.1681027,-1.0,-3.0,-42.0
1776884539.1781027,-4.0,-3.0,-40.0
1776884539.1881027,-3.0,-2.0,-44.0
1776884539.1981027,-3.0,-9.0,-44.0
1776884539.2081027,-1.0,-6.0,-46.0
1776884539.2181027,0.0,-2.0,-52.0
1776884539.2291028,2.0,0.0,-60.0
1776884539.238103,1.0,1.0,-58.0
1776884539.2491028,-1.0,1.0,-56.0
1776884539.258103,-2.0,0.0,-51.0
1776884539.2691028,-2.0,-1.0,-50.0
1776884539.2791028,-3.0,-2.0,-44.0
1776884539.2881026,-1.0,-1.0,-47.0
1776884539.2991028,1.0,-2.0,-50.0
1776884539.3091028,0.0,0.0,-46.0
1776884539.3191028,1.0,-4.0,-43.0
1776884539.3291028,2.0,-1.0,-38.0
1776884539.3391027,-1.0,-1.0,-47.0
1776884539.3491027,-3.0,-1.0,-51.0
1776884539.3591027,-1.0,0.0,-47.0
1776884539.3691027,0.0,-3.0,-41.0
1776884539.3791027,0.0,-2.0,-38.0
1776884539.3891027,0.0,-4.0,-36.0
1776884539.3991027,0.0,-2.0,-43.0
1776884539.409103,-2.0,0.0,-42.0
1776884539.419103,-5.0,1.0,-44.0
1776884539.429103,-4.0,2.0,-57.0
1776884539.4391026,-3.0,0.0,-58.0
1776884539.4491026,0.0,-3.0,-56.0
1776884539.4591026,-1.0,-2.0,-52.0
1776884539.4691026,-3.0,-2.0,-48.0
1776884539.4791028,0.0,-1.0,-48.0
1776884539.4891028,1.0,0.0,-44.0
1776884539.4991028,1.0,-1.0,-43.0
1776884539.5091028,0.0,4.0,-52.0
1776884539.5191028,2.0,3.0,-52.0
1776884539.5291028,1.0,6.0,-45.0
1776884539.5391028,3.0,0.0,-43.0
1776884539.5491028,5.0,1.0,-46.0
1776884539.5591028,4.0,0.0,-45.0
1776884539.5691028,2.0,-4.0,-49.0
1776884539.5791028,-1.0,-4.0,-53.0
1776884539.5891027,-6.0,-4.0,-56.0
1776884539.5991027,-4.0,-1.0,-51.0
1776884539.6091027,-6.0,-3.0,-49.0
1776884539.6191027,-10.0,-7.0,-57.0
1776884539.6291027,-12.0,-5.0,-59.0
1776884539.6391027,-7.0,-7.0,-53.0
1776884539.6491027,-5.0,-5.0,-47.0
1776884539.659103,1.0,-6.0,-49.0
1776884539.669103,5.0,-2.0,-41.0
1776884539.679103,8.0,-2.0,-43.0
1776884539.6891026,7.0,-1.0,-48.0
1776884539.6991026,7.0,0.0,-45.0
1776884539.7091026,1.0,0.0,-39.0
1776884539.7191026,1.0,0.0,-42.0
1776884539.7291028,2.0,-1.0,-42.0
1776884539.7391028,5.0,-3.0,-37.0
1776884539.7491028,1.0,-1.0,-40.0
1776884539.7591028,3.0,0.0,-37.0
1776884539.7691028,0.0,-3.0,-42.0
1776884539.7791028,0.0,-1.0,-44.0
1776884539.7891028,0.0,0.0,-51.0
1776884539.7991028,-1.0,0.0,-56.0
1776884539.8091028,0.0,0.0,-48.0
1776884539.8191028,2.0,-3.0,-48.0
1776884539.8291028,1.0,-5.0,-46.0
1776884539.8391027,-2.0,-4.0,-40.0
1776884539.8491027,0.0,-2.0,-37.0
1776884539.8591027,0.0,0.0,-40.0
1776884539.8691027,-1.0,-3.0,-40.0
1776884539.8791027,-1.0,0.0,-45.0
1776884539.8891027,2.0,0.0,-49.0
1776884539.8991027,0.0,0.0,-46.0
1776884539.909103,1.0,0.0,-46.0
1776884539.919103,0.0,0.0,-49.0
1776884539.929103,-2.0,0.0,-45.0
1776884539.9391026,-2.0,-2.0,-43.0
1776884539.9491026,0.0,-2.0,-35.0
1776884539.9591026,3.0,-4.0,-35.0
1776884539.9691026,5.0,-3.0,-37.0
1776884539.9791028,6.0,0.0,-37.0
1776884539.9891028,6.0,-3.0,-39.0
1776884539.9991028,3.0,-4.0,-41.0
1776884540.0091028,-1.0,-3.0,-42.0
1776884540.0191028,0.0,-5.0,-43.0
1776884540.0291028,0.0,-5.0,-42.0
1776884540.0391028,2.0,-7.0,-36.0
1776884540.0491028,1.0,-11.0,-31.0
1776884540.0591028,0.0,-7.0,-37.0
1776884540.0691028,-5.0,-4.0,-42.0
1776884540.0791028,-4.0,-5.0,-40.0
1776884540.0891027,0.0,-5.0,-35.0
1776884540.0991027,-2.0,-6.0,-43.0
1776884540.1091027,2.0,-9.0,-46.0
1776884540.1191027,3.0,-4.0,-47.0
1776884540.1291027,0.0,-5.0,-46.0
1776884540.1391027,0.0,-2.0,-44.0
1776884540.1491027,0.0,-1.0,-43.0
1776884540.159103,1.0,0.0,-43.0
1776884540.169103,3.0,-2.0,-44.0
1776884540.179103,3.0,-2.0,-41.0
1776884540.1891026,6.0,-4.0,-30.0
1776884540.1991026,8.0,-3.0,-34.0
1776884540.2091026,6.0,-2.0,-43.0
1776884540.2191026,5.0,-4.0,-44.0
1776884540.2291028,0.0,-7.0,-46.0
1776884540.2391028,0.0,-1.0,-45.0
1776884540.2491028,0.0,-1.0,-45.0
1776884540.2591028,-1.0,1.0,-33.0
1776884540.2691028,0.0,0.0,-35.0
1776884540.2791028,0.0,0.0,-40.0
1776884540.2891028,-1.0,2.0,-36.0
1776884540.2991028,0.0,0.0,-39.0
1776884540.3091028,3.0,-1.0,-42.0
1776884540.3191028,1.0,-1.0,-42.0
1776884540.3291028,5.0,0.0,-39.0
1776884540.3391027,3.0,1.0,-34.0
1776884540.3491027,0.0,1.0,-28.0
1776884540.3591027,1.0,2.0,-29.0
1776884540.3691027,5.0,0.0,-31.0
1776884540.3791027,5.0,-2.0,-38.0
1776884540.3891027,2.0,1.0,-40.0
1776884540.3991027,4.0,0.0,-40.0
1776884540.409103,4.0,0.0,-40.0
1776884540.419103,4.0,0.0,-41.0
1776884540.429103,3.0,3.0,-48.0
1776884540.4391026,5.0,4.0,-43.0
1776884540.4491026,0.0,0.0,-41.0
1776884540.4591026,-2.0,1.0,-48.0
1776884540.4691026,0.0,-1.0,-52.0
1776884540.4791028,1.0,0.0,-46.0
1776884540.4891028,0.0,4.0,-46.0
1776884540.4991028,0.0,5.0,-47.0
1776884540.5091028,0.0,3.0,-50.0
1776884540.5191028,4.0,0.0,-46.0
1776884540.5291028,5.0,-1.0,-45.0
1776884540.5391028,4.0,-4.0,-46.0
1776884540.5491028,2.0,-3.0,-47.0
1776884540.5591028,0.0,-1.0,-47.0
1776884540.5691028,0.0,0.0,-51.0
1776884540.5791028,0.0,-4.0,-46.0
1776884540.5891027,-1.0,-10.0,-52.0
1776884540.5991027,0.0,-9.0,-59.0
1776884540.6091027,0.0,-5.0,-64.0
1776884540.6191027,1.0,-5.0,-63.0
1776884540.6291027,5.0,-2.0,-59.0
1776884540.6391027,0.0,-4.0,-54.0
1776884540.6491027,-1.0,-4.0,-58.0
1776884540.659103,-1.0,-3.0,-58.0
1776884540.669103,0.0,-5.0,-65.0
1776884540.679103,-4.0,-3.0,-62.0
1776884540.6891026,-5.0,-3.0,-58.0
1776884540.6991026,-3.0,-1.0,-47.0
1776884540.7091026,-6.0,0.0,-56.0
1776884540.7191026,-2.0,1.0,-50.0
1776884540.7291028,0.0,5.0,-50.0
1776884540.7391028,0.0,8.0,-45.0
1776884540.7491028,0.0,7.0,-46.0
1776884540.7591028,0.0,7.0,-52.0
1776884540.7691028,0.0,5.0,-52.0
1776884540.7791028,1.0,0.0,-50.0
1776884540.7891028,3.0,-3.0,-46.0
1776884540.7991028,2.0,0.0,-39.0
1776884540.8091028,4.0,-2.0,-35.0
1776884540.8191028,5.0,-4.0,-41.0
1776884540.8291028,5.0,-5.0,-40.0
1776884540.8391027,2.0,-5.0,-37.0
1776884540.8491027,0.0,-1.0,-43.0
1776884540.8591027,-3.0,-6.0,-46.0
1776884540.8691027,-1.0,-3.0,-45.0
1776884540.8791027,-3.0,0.0,-44.0
1776884540.8891027,-4.0,-2.0,-49.0
1776884540.8991027,-4.0,-1.0,-46.0
1776884540.909103,-6.0,-2.0,-48.0
1776884540.919103,-5.0,-1.0,-49.0
1776884540.929103,-6.0,-7.0,-47.0
1776884540.9391026,-3.0,-2.0,-46.0
1776884540.9491026,-5.0,2.0,-49.0
1776884540.9591026,-4.0,1.0,-47.0
1776884540.9691026,-1.0,-1.0,-35.0
1776884540.9791028,-2.0,-3.0,-32.0
1776884540.9891028,-1.0,0.0,-38.0
1776884540.9991028,-1.0,0.0,-41.0
1776884541.0091028,-1.0,2.0,-38.0
1776884541.0191028,-4.0,5.0,-37.0
1776884541.0291028,-4.0,4.0,-47.0
1776884541.0391028,-3.0,2.0,-54.0
1776884541.0491028,-4.0,5.0,-53.0
1776884541.0591028,-3.0,5.0,-49.0
1776884541.0701027,-3.0,3.0,-54.0
1776884541.0791028,-4.0,-2.0,-56.0
1776884541.0891027,-2.0,-2.0,-54.0
1776884541.0991027,3.0,-4.0,-53.0
1776884541.1091027,2.0,-3.0,-46.0
1776884541.1191027,1.0,-4.0,-48.0
1776884541.1291027,5.0,-1.0,-50.0
1776884541.1391027,10.0,0.0,-46.0
1776884541.1491027,9.0,-1.0,-48.0
1776884541.159103,6.0,-6.0,-46.0
1776884541.169103,2.0,-2.0,-43.0
1776884541.179103,0.0,0.0,-38.0
1776884541.1891026,-1.0,1.0,-39.0
1776884541.1991026,0.0,0.0,-43.0
1776884541.2091026,2.0,0.0,-50.0
1776884541.2191026,3.0,0.0,-48.0
1776884541.2301028,3.0,3.0,-49.0
1776884541.2401028,0.0,3.0,-51.0
1776884541.2501028,1.0,4.0,-49.0
1776884541.2601027,-5.0,0.0,-48.0
1776884541.2701027,-4.0,1.0,-50.0
1776884541.2801027,-5.0,5.0,-43.0
1776884541.2901027,-4.0,4.0,-40.0
1776884541.3001027,-7.0,0.0,-38.0
1776884541.3101027,-4.0,-3.0,-42.0
1776884541.3201027,-5.0,-7.0,-43.0
1776884541.3301027,-6.0,-7.0,-40.0
1776884541.340103,-9.0,-7.0,-36.0
1776884541.350103,-8.0,-5.0,-39.0
1776884541.360103,-4.0,2.0,-45.0
1776884541.3701026,-3.0,0.0,-49.0
1776884541.3801026,-3.0,1.0,-47.0
1776884541.3901026,-1.0,-5.0,-48.0
1776884541.4001029,-1.0,-6.0,-49.0
1776884541.4101028,1.0,-7.0,-50.0
1776884541.4201028,2.0,-5.0,-50.0
1776884541.4301028,3.0,-5.0,-48.0
1776884541.4401028,4.0,-3.0,-49.0
1776884541.4501028,6.0,-6.0,-48.0
1776884541.4601028,6.0,-10.0,-48.0
1776884541.4701028,6.0,-9.0,-49.0
1776884541.4801028,6.0,-2.0,-43.0
1776884541.4901028,8.0,-2.0,-41.0
1776884541.5001028,8.0,0.0,-44.0
1776884541.5101027,7.0,0.0,-48.0
1776884541.5201027,7.0,-1.0,-48.0
1776884541.5301027,6.0,-3.0,-53.0
1776884541.5401027,5.0,-3.0,-49.0
1776884541.5501027,2.0,-2.0,-48.0
1776884541.5601027,0.0,-7.0,-46.0
1776884541.5701027,-3.0,-10.0,-50.0
1776884541.5801027,-2.0,-6.0,-55.0
1776884541.590103,-3.0,0.0,-51.0
1776884541.600103,-6.0,1.0,-50.0
1776884541.610103,-4.0,1.0,-44.0
1776884541.6201026,-1.0,0.0,-44.0
1776884541.6301026,-5.0,0.0,-53.0
1776884541.6401026,-6.0,-2.0,-58.0
1776884541.6501029,-7.0,-2.0,-60.0
1776884541.6601028,-2.0,2.0,-54.0
1776884541.6701028,-1.0,-1.0,-52.0
1776884541.6801028,5.0,0.0,-55.0
1776884541.6901028,3.0,-1.0,-52.0
1776884541.7001028,6.0,0.0,-47.0
1776884541.7101028,8.0,0.0,-47.0
1776884541.7201028,10.0,0.0,-40.0
1776884541.7301028,11.0,0.0,-41.0
1776884541.7401028,9.0,-1.0,-45.0
1776884541.7501028,5.0,-1.0,-40.0
1776884541.7601027,5.0,-2.0,-41.0
1776884541.7701027,3.0,-3.0,-44.0
1776884541.7801027,5.0,-5.0,-45.0
1776884541.7901027,4.0,0.0,-45.0
1776884541.8001027,3.0,0.0,-45.0
1776884541.8101027,3.0,-3.0,-44.0
1776884541.8201027,0.0,-3.0,-48.0
1776884541.8301027,3.0,-1.0,-56.0
1776884541.840103,4.0,-1.0,-56.0
1776884541.850103,2.0,1.0,-52.0
1776884541.860103,4.0,3.0,-45.0
1776884541.8701026,-1.0,2.0,-49.0
1776884541.8801026,-1.0,0.0,-49.0
1776884541.8901026,0.0,0.0,-54.0
1776884541.9001029,0.0,1.0,-47.0
1776884541.9101028,1.0,2.0,-41.0
1776884541.9201028,3.0,2.0,-39.0
1776884541.9301028,3.0,-3.0,-37.0
1776884541.9401028,5.0,-2.0,-44.0
1776884541.9501028,3.0,0.0,-44.0
1776884541.9601028,0.0,-2.0,-42.0
1776884541.9701028,0.0,0.0,-43.0
1776884541.9801028,0.0,-2.0,-49.0
1776884541.9901028,-2.0,0.0,-45.0
1776884542.0001028,-2.0,-1.0,-45.0
1776884542.0101027,-1.0,-1.0,-46.0
1776884542.0201027,-5.0,-3.0,-42.0
1776884542.0301027,-7.0,0.0,-38.0
1776884542.0401027,-4.0,0.0,-38.0
1776884542.0501027,3.0,1.0,-38.0
1776884542.0601027,8.0,-1.0,-35.0
1776884542.0701027,9.0,-4.0,-45.0
1776884542.0801027,3.0,-4.0,-46.0
1776884542.090103,10.0,-4.0,-39.0
1776884542.100103,9.0,-3.0,-36.0
1776884542.110103,8.0,-5.0,-30.0
1776884542.1201026,11.0,-1.0,-29.0
1776884542.1301026,11.0,0.0,-34.0
1776884542.1401026,8.0,-3.0,-43.0
1776884542.1501029,8.0,-2.0,-44.0
1776884542.1601028,1.0,0.0,-42.0
1776884542.1701028,3.0,-3.0,-40.0
1776884542.1801028,1.0,-5.0,-46.0
1776884542.1901028,-2.0,-4.0,-45.0
1776884542.2001028,-2.0,-1.0,-39.0
1776884542.2101028,2.0,-1.0,-40.0
1776884542.2201028,2.0,-3.0,-46.0
1776884542.2301028,3.0,-4.0,-52.0
1776884542.2401028,1.0,-4.0,-52.0
1776884542.2501028,1.0,-2.0,-48.0
1776884542.2601027,-2.0,2.0,-42.0
1776884542.2701027,-2.0,1.0,-40.0
1776884542.2801027,-2.0,0.0,-38.0
1776884542.2901027,-7.0,3.0,-44.0
1776884542.3001027,-6.0,3.0,-48.0
1776884542.3101027,-4.0,3.0,-42.0
1776884542.3201027,-2.0,2.0,-44.0
1776884542.3301027,-1.0,0.0,-41.0
1776884542.340103,0.0,-1.0,-43.0
1776884542.350103,6.0,0.0,-52.0
1776884542.360103,-1.0,-2.0,-53.0
1776884542.3701026,1.0,-3.0,-46.0
1776884542.3801026,1.0,-2.0,-47.0
1776884542.3901026,4.0,-5.0,-45.0
1776884542.4001029,1.0,-4.0,-49.0
1776884542.4101028,0.0,-3.0,-48.0
1776884542.4201028,-2.0,-6.0,-45.0
1776884542.4301028,-2.0,-7.0,-49.0
1776884542.4401028,1.0,-5.0,-48.0
1776884542.4501028,2.0,-4.0,-49.0
1776884542.4601028,0.0,-5.0,-49.0
1776884542.4701028,2.0,-5.0,-46.0
1776884542.4801028,-1.0,-3.0,-40.0
1776884542.4901028,0.0,-2.0,-42.0
1776884542.5001028,0.0,0.0,-48.0
1776884542.5101027,2.0,-1.0,-52.0
1776884542.5201027,6.0,-2.0,-49.0
1776884542.5301027,7.0,-6.0,-48.0
1776884542.5401027,7.0,-5.0,-47.0
1776884542.5501027,10.0,-5.0,-47.0
1776884542.5601027,11.0,-7.0,-47.0
1776884542.5701027,14.0,-9.0,-46.0
1776884542.5801027,14.0,-10.0,-50.0
1776884542.590103,9.0,-10.0,-53.0
1776884542.600103,2.0,-9.0,-45.0
1776884542.610103,2.0,-5.0,-46.0
1776884542.6201026,0.0,-5.0,-50.0
1776884542.6301026,4.0,-2.0,-47.0
1776884542.6401026,-1.0,0.0,-44.0
1776884542.6501029,-2.0,-4.0,-39.0
1776884542.6601028,-1.0,-3.0,-38.0
1776884542.6701028,2.0,-2.0,-38.0
1776884542.6801028,4.0,-5.0,-39.0
1776884542.6901028,4.0,-1.0,-39.0
1776884542.7001028,3.0,-2.0,-46.0
1776884542.7101028,6.0,-3.0,-46.0
1776884542.7201028,5.0,-4.0,-43.0
1776884542.7301028,1.0,-3.0,-40.0
1776884542.7401028,2.0,1.0,-38.0
1776884542.7501028,7.0,0.0,-38.0
1776884542.7601027,2.0,-1.0,-48.0
1776884542.7701027,2.0,-4.0,-46.0
1776884542.7801027,2.0,-1.0,-47.0
1776884542.7901027,4.0,-1.0,-48.0
1776884542.8001027,0.0,-1.0,-50.0
1776884542.8101027,-1.0,0.0,-46.0
1776884542.8201027,0.0,0.0,-51.0
1776884542.8301027,-3.0,-1.0,-53.0
1776884542.840103,-2.0,-1.0,-52.0
1776884542.850103,0.0,1.0,-45.0
1776884542.860103,-1.0,-1.0,-48.0
1776884542.8701026,-3.0,0.0,-50.0
1776884542.8801026,-2.0,6.0,-56.0
1776884542.8901026,-6.0,5.0,-59.0
1776884542.9001029,0.0,8.0,-59.0
1776884542.9101028,-2.0,9.0,-56.0
1776884542.9201028,-3.0,7.0,-51.0
1776884542.9301028,0.0,4.0,-50.0
1776884542.9401028,4.0,0.0,-51.0
1776884542.9501028,0.0,-1.0,-55.0
1776884542.9601028,-5.0,-1.0,-54.0
1776884542.9701028,-1.0,-4.0,-59.0
1776884542.9801028,-3.0,-1.0,-63.0
1776884542.9901028,-4.0,0.0,-57.0
1776884543.0001028,-4.0,-1.0,-49.0
1776884543.0101027,-2.0,-1.0,-46.0
1776884543.0201027,-1.0,1.0,-41.0
1776884543.0301027,-2.0,3.0,-41.0
1776884543.0401027,-5.0,4.0,-53.0
1776884543.0501027,0.0,4.0,-55.0
1776884543.0601027,1.0,5.0,-52.0
1776884543.0701027,2.0,6.0,-49.0
1776884543.0801027,5.0,1.0,-47.0
1776884543.090103,6.0,0.0,-50.0
1776884543.100103,9.0,-5.0,-45.0
1776884543.110103,5.0,-6.0,-47.0
1776884543.1201026,5.0,-3.0,-50.0
1776884543.1301026,1.0,-3.0,-47.0
1776884543.1401026,-2.0,0.0,-44.0
1776884543.1501029,-3.0,-2.0,-52.0
1776884543.1601028,0.0,-2.0,-51.0
1776884543.1701028,2.0,-4.0,-48.0
1776884543.1801028,-2.0,-2.0,-49.0
1776884543.1911027,1.0,1.0,-52.0
1776884543.2011027,2.0,3.0,-55.0
1776884543.2101028,4.0,1.0,-49.0
1776884543.2211027,0.0,-1.0,-58.0
1776884543.2311027,0.0,0.0,-56.0
1776884543.2411027,0.0,-3.0,-59.0
1776884543.2511027,-1.0,-8.0,-59.0
1776884543.261103,-4.0,-6.0,-58.0
1776884543.271103,-7.0,-2.0,-56.0
1776884543.281103,-4.0,-3.0,-53.0
1776884543.2911026,-1.0,-1.0,-44.0
1776884543.3011026,0.0,1.0,-46.0
1776884543.3111026,-2.0,1.0,-50.0
1776884543.3211029,-3.0,3.0,-49.0
1776884543.3311028,-4.0,3.0,-52.0
1776884543.3411028,-6.0,0.0,-58.0
1776884543.3511028,-8.0,-3.0,-58.0
1776884543.3611028,-3.0,-7.0,-56.0
1776884543.3711028,0.0,-4.0,-54.0
1776884543.3811028,1.0,0.0,-50.0
1776884543.3911028,4.0,-1.0,-47.0
1776884543.4011028,3.0,-5.0,-47.0
1776884543.4111028,0.0,-6.0,-45.0
1776884543.4211028,-2.0,-7.0,-43.0
1776884543.4311028,0.0,-10.0,-51.0
1776884543.4411027,0.0,-8.0,-52.0
1776884543.4511027,3.0,-8.0,-51.0
1776884543.4611027,6.0,-6.0,-52.0
1776884543.4711027,5.0,-4.0,-54.0
1776884543.4811027,0.0,-3.0,-53.0
1776884543.4911027,2.0,-3.0,-47.0
1776884543.5011027,0.0,-6.0,-51.0
1776884543.511103,0.0,-3.0,-49.0
1776884543.521103,-6.0,-2.0,-49.0
1776884543.531103,-8.0,-2.0,-44.0
1776884543.5411026,-10.0,-2.0,-43.0
1776884543.5511026,-3.0,-2.0,-42.0
1776884543.5611026,-4.0,-4.0,-45.0
1776884543.5711029,-2.0,-2.0,-48.0
1776884543.5811028,1.0,-2.0,-48.0
1776884543.5911028,0.0,0.0,-44.0
1776884543.6011028,2.0,-1.0,-46.0
1776884543.6111028,3.0,-1.0,-49.0
1776884543.6211028,1.0,1.0,-53.0
1776884543.6311028,2.0,-3.0,-55.0
1776884543.6411028,0.0,-1.0,-52.0
1776884543.6511028,0.0,1.0,-51.0
1776884543.6611028,-1.0,-1.0,-48.0
1776884543.6711028,1.0,-1.0,-47.0
1776884543.6811028,3.0,-1.0,-49.0
1776884543.6911027,6.0,-5.0,-55.0
1776884543.7011027,4.0,-4.0,-47.0
1776884543.7111027,2.0,-2.0,-49.0
1776884543.7211027,-2.0,0.0,-47.0
1776884543.7311027,0.0,0.0,-43.0
1776884543.7411027,2.0,-1.0,-44.0
1776884543.7511027,2.0,-4.0,-44.0
1776884543.761103,0.0,-6.0,-45.0
1776884543.771103,1.0,-7.0,-44.0
1776884543.781103,1.0,-7.0,-44.0
1776884543.7911026,0.0,-6.0,-53.0
1776884543.8011026,0.0,-3.0,-45.0
1776884543.8111026,-2.0,-5.0,-41.0
1776884543.8211029,1.0,-8.0,-42.0
1776884543.8311028,-2.0,-6.0,-40.0
1776884543.8411028,0.0,-1.0,-33.0
1776884543.8511028,-2.0,1.0,-36.0
1776884543.8611028,3.0,0.0,-41.0
1776884543.8711028,7.0,-1.0,-44.0
1776884543.8811028,7.0,0.0,-43.0
1776884543.8911028,9.0,2.0,-49.0
1776884543.9011028,8.0,-4.0,-44.0
1776884543.9111028,7.0,-3.0,-48.0
1776884543.9211028,6.0,-5.0,-47.0
1776884543.9311028,6.0,-8.0,-42.0
1776884543.9411027,6.0,-10.0,-48.0
1776884543.9511027,9.0,-8.0,-47.0
1776884543.9611027,12.0,-4.0,-41.0
1776884543.9711027,10.0,-4.0,-44.0
1776884543.9811027,8.0,-7.0,-43.0
1776884543.9911027,5.0,-4.0,-41.0
1776884544.0011027,1.0,-3.0,-44.0
1776884544.011103,2.0,-1.0,-54.0
1776884544.021103,2.0,2.0,-60.0
1776884544.031103,-1.0,2.0,-53.0
1776884544.0411026,0.0,1.0,-42.0
1776884544.0511026,0.0,2.0,-46.0
1776884544.0611026,-1.0,2.0,-49.0
1776884544.0711029,1.0,2.0,-47.0
1776884544.0811028,4.0,1.0,-44.0
1776884544.0911028,6.0,0.0,-38.0
1776884544.1011028,3.0,1.0,-32.0
1776884544.1111028,4.0,0.0,-37.0
1776884544.1211028,3.0,0.0,-44.0
1776884544.1311028,-2.0,0.0,-41.0
1776884544.1411028,-5.0,-3.0,-48.0
1776884544.1511028,-4.0,-4.0,-51.0
1776884544.1611028,-3.0,-3.0,-46.0
1776884544.1711028,0.0,-5.0,-46.0
1776884544.1811028,-1.0,-8.0,-42.0
1776884544.1911027,-4.0,-10.0,-47.0
1776884544.2011027,-6.0,-9.0,-45.0
1776884544.2111027,-1.0,-9.0,-49.0
1776884544.2211027,1.0,-4.0,-51.0
1776884544.2311027,1.0,0.0,-47.0
1776884544.2411027,1.0,2.0,-47.0
1776884544.2511027,6.0,4.0,-51.0
1776884544.261103,4.0,7.0,-49.0
1776884544.271103,2.0,6.0,-48.0
1776884544.281103,5.0,1.0,-51.0
1776884544.2911026,10.0,1.0,-49.0
1776884544.3011026,8.0,0.0,-46.0
1776884544.3111026,6.0,-2.0,-49.0
1776884544.3211029,6.0,-4.0,-49.0
1776884544.3311028,0.0,-3.0,-46.0
1776884544.3411028,-3.0,-2.0,-50.0
1776884544.3511028,-4.0,-2.0,-51.0
1776884544.3611028,-1.0,0.0,-52.0
1776884544.3711028,-2.0,3.0,-58.0
1776884544.3811028,-4.0,1.0,-62.0
1776884544.3911028,0.0,1.0,-63.0
1776884544.4011028,3.0,0.0,-56.0
1776884544.4111028,-1.0,0.0,-54.0
1776884544.4211028,0.0,-5.0,-52.0
1776884544.4311028,-3.0,-4.0,-53.0
1776884544.4411027,-8.0,-4.0,-47.0
1776884544.4511027,-9.0,-1.0,-47.0
1776884544.4611027,-8.0,-1.0,-43.0
1776884544.4711027,-6.0,-1.0,-41.0
1776884544.4811027,-6.0,2.0,-43.0
1776884544.4911027,-8.0,3.0,-42.0
1776884544.5011027,-5.0,0.0,-46.0
1776884544.511103,-4.0,0.0,-49.0
1776884544.521103,-3.0,-2.0,-50.0
1776884544.531103,5.0,2.0,-43.0
1776884544.5411026,7.0,3.0,-43.0
1776884544.5511026,5.0,2.0,-44.0
1776884544.5611026,3.0,2.0,-45.0
1776884544.5711029,8.0,2.0,-38.0
1776884544.5811028,5.0,0.0,-44.0
1776884544.5911028,5.0,0.0,-41.0
1776884544.6011028,6.0,0.0,-35.0
1776884544.6111028,6.0,0.0,-38.0
1776884544.6211028,2.0,2.0,-30.0
1776884544.6311028,2.0,3.0,-29.0
1776884544.6411028,2.0,1.0,-29.0
1776884544.6511028,0.0,2.0,-32.0
1776884544.6611028,0.0,0.0,-36.0
1776884544.6711028,0.0,-3.0,-35.0
1776884544.6811028,1.0,-3.0,-42.0
1776884544.6911027,3.0,-2.0,-50.0
1776884544.7011027,-1.0,-4.0,-49.0
1776884544.7111027,-6.0,-8.0,-49.0
1776884544.7211027,-5.0,-8.0,-48.0
1776884544.7311027,-1.0,-6.0,-44.0
1776884544.7411027,0.0,-9.0,-45.0
1776884544.7511027,1.0,-8.0,-52.0
1776884544.761103,1.0,-7.0,-53.0
1776884544.771103,4.0,-8.0,-54.0
1776884544.781103,4.0,-10.0,-54.0
1776884544.7911026,11.0,-8.0,-52.0
1776884544.8011026,10.0,-5.0,-51.0
1776884544.8111026,6.0,-7.0,-46.0
1776884544.8211029,8.0,-5.0,-52.0
1776884544.8311028,2.0,-2.0,-55.0
1776884544.8411028,-1.0,0.0,-48.0
1776884544.8511028,-2.0,0.0,-50.0
1776884544.8611028,-1.0,-1.0,-50.0
1776884544.8711028,2.0,2.0,-45.0
1776884544.8811028,4.0,0.0,-44.0
1776884544.8911028,5.0,2.0,-44.0
1776884544.9011028,0.0,0.0,-44.0
1776884544.9111028,-1.0,-1.0,-40.0
1776884544.9211028,-5.0,0.0,-42.0
1776884544.9311028,-4.0,-3.0,-46.0
1776884544.9411027,-2.0,-2.0,-42.0
1776884544.9511027,-3.0,0.0,-43.0
1776884544.9611027,-1.0,4.0,-48.0
1776884544.9711027,0.0,5.0,-44.0
1776884544.9811027,0.0,1.0,-42.0
1776884544.9911027,1.0,-2.0,-46.0
1776884545.0011027,5.0,0.0,-49.0
1776884545.011103,2.0,0.0,-47.0
1776884545.021103,-2.0,-2.0,-47.0
1776884545.031103,-1.0,-5.0,-48.0
1776884545.0411026,-4.0,-4.0,-46.0
1776884545.0511026,-6.0,-3.0,-49.0
1776884545.0611026,-6.0,0.0,-47.0
1776884545.0711029,-7.0,2.0,-42.0
1776884545.0811028,-5.0,-2.0,-51.0
1776884545.0911028,-3.0,1.0,-51.0
1776884545.1011028,-5.0,3.0,-44.0
1776884545.1111028,-10.0,4.0,-43.0
1776884545.1211028,-7.0,2.0,-47.0
1776884545.1311028,-2.0,-3.0,-55.0
1776884545.1421027,1.0,-3.0,-46.0
1776884545.1521027,2.0,1.0,-48.0
1776884545.1611028,5.0,1.0,-42.0
1776884545.1721027,5.0,-1.0,-31.0
1776884545.182103,4.0,4.0,-35.0
1776884545.192103,5.0,0.0,-35.0
1776884545.202103,5.0,0.0,-39.0
1776884545.212103,3.0,0.0,-45.0
1776884545.2221026,3.0,-6.0,-50.0
1776884545.2321026,2.0,-6.0,-49.0
1776884545.2421026,0.0,-3.0,-48.0
1776884545.2521029,2.0,-6.0,-47.0
1776884545.2621028,8.0,-7.0,-42.0
1776884545.2721028,5.0,-6.0,-39.0
1776884545.2821028,1.0,-3.0,-36.0
1776884545.2921028,2.0,-1.0,-36.0
1776884545.3021028,-1.0,1.0,-41.0
1776884545.3121028,3.0,3.0,-50.0
1776884545.3221028,5.0,3.0,-49.0
1776884545.3321028,4.0,1.0,-50.0
1776884545.3421028,2.0,1.0,-45.0
1776884545.3521028,5.0,1.0,-41.0
1776884545.3621027,4.0,7.0,-50.0
1776884545.3721027,5.0,5.0,-48.0
1776884545.3821027,5.0,1.0,-47.0
1776884545.3921027,9.0,0.0,-51.0
1776884545.4021027,10.0,1.0,-52.0
1776884545.4121027,10.0,6.0,-55.0
1776884545.4221027,7.0,6.0,-48.0
1776884545.432103,2.0,5.0,-43.0
1776884545.442103,0.0,5.0,-53.0
1776884545.452103,0.0,4.0,-57.0
1776884545.462103,-5.0,1.0,-55.0
1776884545.4721026,-1.0,4.0,-54.0
1776884545.4821026,-1.0,2.0,-52.0
1776884545.4921026,-5.0,1.0,-51.0
1776884545.5021029,-5.0,3.0,-54.0
1776884545.5121028,0.0,3.0,-46.0
1776884545.5221028,0.0,5.0,-41.0
1776884545.5321028,0.0,3.0,-43.0
1776884545.5421028,2.0,3.0,-47.0
1776884545.5521028,4.0,6.0,-49.0
1776884545.5621028,6.0,10.0,-47.0
1776884545.5721028,6.0,5.0,-48.0
1776884545.5821028,4.0,5.0,-45.0
1776884545.5921028,-2.0,4.0,-55.0
1776884545.6021028,-2.0,2.0,-57.0
1776884545.6121027,-4.0,0.0,-47.0
1776884545.6221027,0.0,-1.0,-46.0
1776884545.6321027,-2.0,-2.0,-43.0
1776884545.6421027,-2.0,-4.0,-40.0
1776884545.6521027,-4.0,-5.0,-43.0
1776884545.6621027,-1.0,-3.0,-50.0
1776884545.6721027,0.0,-2.0,-49.0
1776884545.682103,0.0,-1.0,-48.0
1776884545.692103,-2.0,-3.0,-46.0
1776884545.702103,-5.0,-2.0,-43.0
1776884545.712103,-7.0,0.0,-47.0
1776884545.7221026,-8.0,-2.0,-48.0
1776884545.7321026,-8.0,-3.0,-56.0
1776884545.7421026,-9.0,-4.0,-62.0
1776884545.7521029,-10.0,-3.0,-53.0
1776884545.7621028,-8.0,-2.0,-48.0
1776884545.7721028,-9.0,-2.0,-49.0
1776884545.7821028,-8.0,-4.0,-45.0
1776884545.7921028,-9.0,-3.0,-41.0
1776884545.8021028,-10.0,-4.0,-48.0
1776884545.8121028,-5.0,2.0,-46.0
1776884545.8221028,-3.0,5.0,-47.0
1776884545.8321028,-3.0,4.0,-48.0
1776884545.8421028,-4.0,3.0,-47.0
1776884545.8521028,-3.0,0.0,-50.0
1776884545.8621027,-5.0,0.0,-41.0
1776884545.8721027,-2.0,0.0,-42.0
1776884545.8821027,-1.0,1.0,-40.0
1776884545.8921027,-3.0,3.0,-44.0
1776884545.9021027,-4.0,-1.0,-48.0
1776884545.9121027,1.0,-4.0,-47.0
1776884545.9221027,1.0,-4.0,-45.0
1776884545.932103,2.0,-2.0,-44.0
1776884545.942103,0.0,-3.0,-47.0
1776884545.952103,-1.0,0.0,-46.0
1776884545.962103,-1.0,0.0,-47.0
1776884545.9721026,-2.0,-2.0,-43.0
1776884545.9821026,0.0,0.0,-45.0
1776884545.9921026,0.0,5.0,-51.0
1776884546.0021029,1.0,9.0,-48.0
1776884546.0121028,0.0,10.0,-42.0
1776884546.0221028,4.0,6.0,-44.0
1776884546.0321028,0.0,3.0,-42.0
1776884546.0421028,5.0,1.0,-40.0
1776884546.0521028,7.0,5.0,-38.0
1776884546.0621028,7.0,4.0,-47.0
1776884546.0721028,9.0,1.0,-47.0
1776884546.0821028,8.0,0.0,-47.0
1776884546.0921028,11.0,-5.0,-52.0
1776884546.1021028,10.0,-8.0,-57.0
1776884546.1121027,8.0,-4.0,-57.0
1776884546.1221027,3.0,-8.0,-58.0
1776884546.1321027,-1.0,-7.0,-56.0
1776884546.1421027,-4.0,-6.0,-53.0
1776884546.1521027,-5.0,-5.0,-52.0
1776884546.1621027,-4.0,-3.0,-52.0
1776884546.1721027,-3.0,-7.0,-50.0
1776884546.182103,-2.0,-7.0,-48.0
1776884546.192103,0.0,-5.0,-50.0
1776884546.202103,-4.0,-4.0,-51.0
1776884546.212103,-4.0,-4.0,-56.0
1776884546.2221026,0.0,-1.0,-56.0
1776884546.2321026,0.0,0.0,-57.0
1776884546.2421026,5.0,0.0,-54.0
1776884546.2521029,6.0,0.0,-53.0
1776884546.2621028,1.0,1.0,-52.0
1776884546.2721028,3.0,1.0,-50.0
1776884546.2821028,6.0,6.0,-46.0
1776884546.2921028,7.0,3.0,-55.0
1776884546.3021028,3.0,6.0,-59.0
1776884546.3121028,2.0,4.0,-59.0
1776884546.3221028,5.0,3.0,-59.0
1776884546.3321028,5.0,0.0,-58.0
1776884546.3421028,5.0,0.0,-53.0
1776884546.3521028,4.0,-3.0,-53.0
1776884546.3621027,1.0,-6.0,-51.0
1776884546.3721027,4.0,-3.0,-42.0
1776884546.3821027,4.0,-2.0,-42.0
1776884546.3921027,0.0,-2.0,-45.0
1776884546.4021027,0.0,-2.0,-46.0
1776884546.4121027,2.0,-3.0,-45.0
1776884546.4221027,7.0,-6.0,-36.0
1776884546.432103,3.0,-11.0,-35.0
1776884546.442103,0.0,-12.0,-46.0
1776884546.452103,-3.0,-11.0,-47.0
1776884546.462103,-5.0,-9.0,-46.0
1776884546.4721026,-9.0,-5.0,-52.0
1776884546.4821026,-5.0,-6.0,-47.0
1776884546.4921026,-3.0,-2.0,-48.0
1776884546.5021029,-2.0,-1.0,-46.0
1776884546.5121028,-2.0,1.0,-49.0
1776884546.5221028,-1.0,0.0,-47.0
1776884546.5321028,0.0,3.0,-45.0
1776884546.5421028,-3.0,0.0,-42.0
1776884546.5521028,-4.0,0.0,-47.0
1776884546.5621028,-4.0,1.0,-42.0
1776884546.5721028,-4.0,2.0,-37.0
1776884546.5821028,-1.0,1.0,-40.0
1776884546.5921028,0.0,-1.0,-43.0
1776884546.6021028,0.0,5.0,-39.0
1776884546.6121027,3.0,5.0,-40.0
1776884546.6221027,3.0,3.0,-47.0
1776884546.6321027,-1.0,5.0,-46.0
1776884546.6421027,-3.0,0.0,-47.0
1776884546.6521027,-2.0,0.0,-52.0
1776884546.6621027,0.0,2.0,-48.0
1776884546.6721027,2.0,5.0,-48.0
1776884546.682103,1.0,8.0,-54.0
1776884546.692103,3.0,8.0,-57.0
1776884546.702103,8.0,4.0,-56.0
1776884546.712103,10.0,5.0,-53.0
1776884546.7221026,8.0,5.0,-50.0
1776884546.7321026,6.0,3.0,-51.0
1776884546.7421026,7.0,4.0,-49.0
1776884546.7521029,4.0,4.0,-46.0
1776884546.7621028,6.0,2.0,-43.0
1776884546.7721028,0.0,5.0,-44.0
1776884546.7821028,-3.0,1.0,-38.0
1776884546.7921028,0.0,0.0,-44.0
1776884546.8021028,2.0,-3.0,-46.0
1776884546.8121028,0.0,-2.0,-45.0
1776884546.8221028,1.0,-2.0,-45.0
1776884546.8321028,3.0,-3.0,-43.0
1776884546.8421028,5.0,-1.0,-45.0
1776884546.8521028,0.0,0.0,-52.0
1776884546.8621027,-2.0,-1.0,-49.0
1776884546.8721027,1.0,-1.0,-47.0
1776884546.8821027,0.0,-3.0,-41.0
1776884546.8921027,-1.0,-2.0,-43.0
1776884546.9021027,4.0,-2.0,-45.0
1776884546.9121027,3.0,0.0,-59.0
1776884546.9221027,2.0,2.0,-61.0
1776884546.932103,3.0,1.0,-60.0
1776884546.942103,0.0,0.0,-56.0
1776884546.952103,-5.0,0.0,-55.0
1776884546.962103,-2.0,-5.0,-54.0
1776884546.9721026,0.0,-2.0,-55.0
1776884546.9821026,-2.0,-3.0,-54.0
1776884546.9921026,-2.0,-4.0,-55.0
1776884547.0021029,-3.0,-3.0,-54.0
1776884547.0121028,0.0,1.0,-50.0
1776884547.0221028,2.0,-1.0,-54.0
1776884547.0321028,4.0,-3.0,-43.0
1776884547.0421028,5.0,-1.0,-40.0
1776884547.0521028,4.0,0.0,-44.0
1776884547.0621028,1.0,-3.0,-45.0
1776884547.0721028,2.0,1.0,-39.0
1776884547.0821028,0.0,0.0,-45.0
1776884547.0931027,6.0,-1.0,-47.0
1776884547.1031027,7.0,1.0,-50.0
1776884547.113103,5.0,0.0,-50.0
1776884547.123103,8.0,-4.0,-49.0
1776884547.133103,7.0,-1.0,-47.0
1776884547.1431026,6.0,-3.0,-44.0
1776884547.1531026,-2.0,-10.0,-45.0
1776884547.1631026,-3.0,-13.0,-44.0
1776884547.1731029,-1.0,-5.0,-43.0
1776884547.1831028,2.0,-1.0,-48.0
1776884547.1931028,8.0,0.0,-51.0
1776884547.2031028,4.0,2.0,-51.0
1776884547.2131028,5.0,0.0,-47.0
1776884547.2231028,1.0,1.0,-46.0
1776884547.2331028,2.0,0.0,-49.0
1776884547.2431028,4.0,-1.0,-48.0
1776884547.2531028,6.0,-6.0,-47.0
1776884547.2631028,6.0,-3.0,-43.0
1776884547.2731028,4.0,-5.0,-47.0
1776884547.2831028,10.0,-7.0,-46.0
1776884547.2931027,9.0,-7.0,-50.0
1776884547.3031027,4.0,-8.0,-54.0
1776884547.3131027,4.0,-6.0,-49.0
1776884547.3231027,6.0,0.0,-51.0
1776884547.3331027,7.0,-2.0,-50.0
1776884547.3431027,6.0,-3.0,-56.0
1776884547.3531027,6.0,-3.0,-51.0
1776884547.363103,7.0,-1.0,-44.0
1776884547.373103,2.0,-2.0,-45.0
1776884547.383103,1.0,-2.0,-46.0
1776884547.3931026,0.0,-5.0,-47.0
1776884547.4031026,5.0,-2.0,-50.0
1776884547.4131026,1.0,-5.0,-50.0
1776884547.4231029,0.0,-5.0,-53.0
1776884547.4331028,-1.0,-7.0,-50.0
1776884547.4431028,0.0,-8.0,-49.0
1776884547.4531028,0.0,-8.0,-55.0
1776884547.4631028,0.0,-7.0,-57.0
1776884547.4731028,0.0,-6.0,-61.0
1776884547.4831028,-2.0,-6.0,-55.0
1776884547.4931028,3.0,-1.0,-49.0
1776884547.5031028,3.0,0.0,-45.0
1776884547.5131028,1.0,1.0,-47.0
1776884547.5231028,2.0,0.0,-39.0
1776884547.5331028,1.0,1.0,-32.0
1776884547.5431027,1.0,-6.0,-34.0
1776884547.5531027,0.0,-11.0,-39.0
1776884547.5631027,-1.0,-10.0,-40.0
1776884547.5731027,-4.0,-9.0,-38.0
1776884547.5831027,-6.0,-8.0,-47.0
1776884547.5931027,-6.0,-2.0,-50.0
1776884547.6031027,-5.0,-2.0,-55.0
1776884547.613103,-6.0,0.0,-55.0
1776884547.623103,-4.0,-3.0,-56.0
1776884547.633103,-2.0,-1.0,-58.0
1776884547.6431026,0.0,0.0,-56.0
1776884547.6531026,0.0,-3.0,-56.0
1776884547.6631026,0.0,-3.0,-56.0
1776884547.6731029,0.0,-2.0,-56.0
1776884547.6831028,5.0,-4.0,-56.0
1776884547.6931028,11.0,-1.0,-59.0
1776884547.7031028,9.0,-2.0,-59.0
1776884547.7131028,5.0,0.0,-52.0
1776884547.7231028,5.0,0.0,-52.0
1776884547.7331028,4.0,1.0,-52.0
1776884547.7431028,0.0,3.0,-52.0
1776884547.7531028,-2.0,4.0,-54.0
1776884547.7631028,-6.0,5.0,-57.0
1776884547.7731028,-3.0,4.0,-61.0
1776884547.7831028,-2.0,1.0,-54.0
1776884547.7931027,-1.0,1.0,-43.0
1776884547.8031027,-4.0,1.0,-40.0
1776884547.8131027,-1.0,0.0,-46.0
1776884547.8231027,4.0,-2.0,-44.0
1776884547.8331027,0.0,1.0,-38.0
1776884547.8431027,2.0,6.0,-39.0
1776884547.8531027,3.0,8.0,-38.0
1776884547.863103,0.0,2.0,-46.0
1776884547.873103,-2.0,3.0,-49.0
1776884547.883103,0.0,2.0,-51.0
1776884547.8931026,1.0,1.0,-49.0
1776884547.9031026,3.0,1.0,-50.0
1776884547.9131026,10.0,-2.0,-47.0
1776884547.9231029,6.0,-1.0,-49.0
1776884547.9331028,2.0,0.0,-52.0
1776884547.9431028,2.0,-1.0,-51.0
1776884547.9531028,2.0,-2.0,-41.0
1776884547.9631028,2.0,0.0,-42.0
1776884547.9731028,0.0,-2.0,-35.0
1776884547.9831028,0.0,-1.0,-36.0
1776884547.9931028,-2.0,-2.0,-40.0
1776884548.0031028,-3.0,-4.0,-43.0
1776884548.0131028,-1.0,-5.0,-38.0
1776884548.0231028,-3.0,-10.0,-35.0
1776884548.0331028,-2.0,-11.0,-33.0
1776884548.0431027,-3.0,-11.0,-44.0
1776884548.0531027,1.0,-14.0,-48.0
1776884548.0631027,1.0,-12.0,-42.0
1776884548.0731027,1.0,-8.0,-47.0
1776884548.0831027,1.0,-4.0,-51.0
1776884548.0931027,3.0,-8.0,-51.0
1776884548.1031027,3.0,-6.0,-52.0
1776884548.113103,0.0,-9.0,-51.0
1776884548.123103,-1.0,-9.0,-59.0
1776884548.133103,0.0,-6.0,-59.0
1776884548.1431026,0.0,-6.0,-50.0
1776884548.1531026,0.0,-5.0,-46.0
1776884548.1631026,-1.0,-9.0,-51.0
1776884548.1731029,-1.0,-6.0,-49.0
1776884548.1831028,1.0,-7.0,-49.0
1776884548.1931028,1.0,-7.0,-52.0
1776884548.2031028,-2.0,-5.0,-54.0
1776884548.2131028,-2.0,-6.0,-56.0
1776884548.2231028,-4.0,-8.0,-52.0
1776884548.2331028,-7.0,-8.0,-45.0
1776884548.2431028,-1.0,-8.0,-41.0
1776884548.2531028,2.0,-6.0,-42.0
1776884548.2631028,3.0,-2.0,-52.0
1776884548.2731028,7.0,-2.0,-52.0
1776884548.2831028,3.0,-3.0,-47.0
1776884548.2931027,-2.0,-2.0,-47.0
1776884548.3031027,-3.0,0.0,-51.0
1776884548.3131027,-3.0,-1.0,-44.0
1776884548.3231027,-6.0,1.0,-48.0
1776884548.3331027,-4.0,2.0,-47.0
1776884548.3431027,-1.0,2.0,-42.0
1776884548.3531027,-4.0,0.0,-36.0
1776884548.363103,-1.0,2.0,-33.0
1776884548.373103,0.0,0.0,-35.0
1776884548.383103,2.0,0.0,-36.0
1776884548.3931026,4.0,0.0,-38.0
1776884548.4031026,0.0,1.0,-39.0
1776884548.4131026,1.0,4.0,-48.0
1776884548.4231029,4.0,0.0,-47.0
1776884548.4331028,2.0,0.0,-40.0
1776884548.4431028,1.0,-1.0,-41.0
1776884548.4531028,3.0,-5.0,-42.0
1776884548.4631028,1.0,-6.0,-43.0
1776884548.4731028,-3.0,-6.0,-40.0
1776884548.4831028,-4.0,-7.0,-47.0
1776884548.4931028,0.0,-4.0,-43.0
1776884548.5031028,0.0,-5.0,-34.0
1776884548.5131028,2.0,-1.0,-39.0
1776884548.5231028,1.0,-1.0,-37.0
1776884548.5331028,1.0,-4.0,-39.0
1776884548.5431027,0.0,0.0,-33.0
1776884548.5531027,-2.0,-1.0,-35.0
1776884548.5631027,-4.0,-5.0,-46.0
1776884548.5731027,-7.0,-5.0,-47.0
1776884548.5831027,-1.0,-6.0,-45.0
1776884548.5931027,0.0,-4.0,-51.0
1776884548.6031027,0.0,-6.0,-50.0
1776884548.613103,-3.0,-6.0,-49.0
1776884548.623103,-2.0,-5.0,-43.0
1776884548.633103,0.0,-6.0,-41.0
1776884548.6431026,-2.0,-3.0,-43.0
1776884548.6531026,-1.0,3.0,-48.0
1776884548.6631026,0.0,3.0,-47.0
1776884548.6731029,-4.0,4.0,-45.0
1776884548.6831028,-4.0,4.0,-49.0
1776884548.6931028,0.0,3.0,-51.0
1776884548.7031028,2.0,0.0,-50.0
1776884548.7131028,-5.0,4.0,-46.0
1776884548.7231028,-4.0,7.0,-50.0
1776884548.7331028,-7.0,9.0,-46.0
1776884548.7431028,-6.0,4.0,-55.0
1776884548.7531028,0.0,1.0,-53.0
1776884548.7631028,0.0,1.0,-49.0
1776884548.7731028,0.0,0.0,-43.0
1776884548.7831028,0.0,0.0,-46.0
1776884548.7931027,3.0,0.0,-44.0
1776884548.8031027,1.0,-1.0,-45.0
1776884548.8131027,3.0,-1.0,-51.0
1776884548.8231027,3.0,0.0,-49.0
1776884548.8331027,1.0,0.0,-54.0
1776884548.8431027,0.0,0.0,-57.0
1776884548.8531027,2.0,0.0,-56.0
1776884548.863103,5.0,-2.0,-64.0
1776884548.873103,3.0,-1.0,-65.0
1776884548.883103,1.0,0.0,-61.0
1776884548.8931026,-1.0,-6.0,-59.0
1776884548.9031026,-1.0,-8.0,-60.0
1776884548.9131026,-7.0,-5.0,-51.0
1776884548.9231029,-10.0,-6.0,-44.0
1776884548.9331028,-10.0,-5.0,-30.0
1776884548.9431028,-6.0,-5.0,-28.0
1776884548.9531028,-6.0,-5.0,-34.0
1776884548.9631028,-11.0,-8.0,-37.0
1776884548.9731028,-12.0,-8.0,-36.0
1776884548.9831028,-11.0,-5.0,-35.0
1776884548.9931028,-8.0,-9.0,-44.0
1776884549.0031028,-8.0,-13.0,-46.0
1776884549.0131028,-8.0,-10.0,-47.0
1776884549.0231028,-1.0,-6.0,-52.0
1776884549.0331028,0.0,-6.0,-50.0
1776884549.0431027,0.0,-7.0,-53.0
1776884549.0531027,0.0,-5.0,-64.0
1776884549.0641026,0.0,-5.0,-62.0
1776884549.0741026,-1.0,-3.0,-59.0
1776884549.0831027,-1.0,-3.0,-63.0
1776884549.0931027,1.0,-6.0,-58.0
1776884549.1041028,-1.0,-3.0,-57.0
1776884549.1141028,-2.0,-5.0,-54.0
1776884549.1241028,0.0,-6.0,-56.0
1776884549.1341028,1.0,-6.0,-50.0
1776884549.1441028,3.0,-5.0,-46.0
1776884549.1541028,6.0,-5.0,-47.0
1776884549.1641028,7.0,-3.0,-38.0
1776884549.1741028,7.0,0.0,-34.0
1776884549.1841028,0.0,-3.0,-32.0
1776884549.1941028,-1.0,-6.0,-30.0
1776884549.2041028,0.0,-7.0,-34.0
1776884549.2141027,-3.0,-8.0,-41.0
1776884549.2241027,-1.0,-3.0,-43.0
1776884549.2341027,0.0,0.0,-43.0
1776884549.2441027,1.0,-1.0,-49.0
1776884549.2541027,2.0,0.0,-52.0
1776884549.2641027,7.0,-2.0,-56.0
1776884549.2741027,7.0,-2.0,-58.0
1776884549.284103,3.0,-2.0,-56.0
1776884549.294103,4.0,0.0,-52.0
1776884549.304103,1.0,-1.0,-50.0
1776884549.3141026,5.0,-5.0,-51.0
1776884549.3241026,7.0,-6.0,-50.0
1776884549.3341026,6.0,-3.0,-49.0
1776884549.3441026,5.0,-6.0,-53.0
1776884549.3541028,8.0,-9.0,-45.0
1776884549.3641028,5.0,-5.0,-42.0
1776884549.3741028,2.0,-6.0,-47.0
1776884549.3841028,6.0,-3.0,-54.0
1776884549.3941028,3.0,-3.0,-56.0
1776884549.4041028,3.0,-7.0,-56.0
1776884549.4141028,3.0,-6.0,-51.0
1776884549.4241028,2.0,-5.0,-46.0
1776884549.4341028,0.0,-1.0,-53.0
1776884549.4441028,0.0,0.0,-53.0
1776884549.4541028,2.0,0.0,-49.0
1776884549.4641027,0.0,-1.0,-40.0
1776884549.4741027,0.0,-3.0,-36.0
1776884549.4841027,0.0,-8.0,-33.0
1776884549.4941027,-2.0,-9.0,-38.0
1776884549.5041027,-3.0,-8.0,-49.0
1776884549.5141027,0.0,-9.0,-52.0
1776884549.5241027,0.0,-5.0,-57.0
1776884549.534103,2.0,-4.0,-56.0
1776884549.544103,0.0,-4.0,-53.0
1776884549.554103,1.0,-4.0,-50.0
1776884549.5641026,3.0,0.0,-55.0
1776884549.5741026,1.0,0.0,-56.0
1776884549.5841026,3.0,-3.0,-53.0
1776884549.5941026,3.0,-3.0,-53.0
1776884549.6041028,7.0,-7.0,-50.0
1776884549.6141028,6.0,-7.0,-48.0
1776884549.6241028,3.0,-6.0,-43.0
1776884549.6341028,4.0,-9.0,-39.0
1776884549.6441028,8.0,-7.0,-33.0
1776884549.6541028,6.0,-6.0,-31.0
1776884549.6641028,6.0,-4.0,-39.0
1776884549.6741028,9.0,-8.0,-45.0
1776884549.6841028,8.0,-11.0,-43.0
1776884549.6941028,9.0,-10.0,-42.0
1776884549.7041028,6.0,-8.0,-46.0
1776884549.7141027,8.0,-4.0,-50.0
1776884549.7241027,9.0,-4.0,-50.0
1776884549.7341027,6.0,-2.0,-50.0
1776884549.7441027,-1.0,1.0,-43.0
1776884549.7541027,3.0,1.0,-51.0
1776884549.7641027,4.0,0.0,-49.0
1776884549.7741027,1.0,0.0,-44.0
1776884549.784103,0.0,1.0,-42.0
1776884549.794103,3.0,0.0,-40.0
1776884549.804103,5.0,-4.0,-40.0
1776884549.8141026,0.0,-3.0,-46.0
1776884549.8241026,3.0,-5.0,-54.0
1776884549.8341026,2.0,-3.0,-57.0
1776884549.8441026,8.0,0.0,-58.0
1776884549.8541028,9.0,-1.0,-62.0
1776884549.8641028,1.0,-1.0,-61.0
1776884549.8741028,3.0,-1.0,-52.0
1776884549.8841028,1.0,0.0,-52.0
1776884549.8941028,-2.0,0.0,-49.0
1776884549.9041028,-2.0,-1.0,-42.0
1776884549.9141028,1.0,-2.0,-45.0
1776884549.9241028,3.0,-3.0,-37.0
1776884549.9341028,5.0,-6.0,-35.0
1776884549.9441028,5.0,-5.0,-42.0
1776884549.9541028,5.0,-1.0,-44.0
1776884549.9641027,1.0,0.0,-47.0
1776884549.9741027,0.0,-4.0,-42.0
1776884549.9841027,0.0,-3.0,-47.0
1776884549.9941027,1.0,0.0,-47.0
1776884550.0041027,5.0,1.0,-52.0
1776884550.0141027,7.0,2.0,-52.0
1776884550.0241027,9.0,2.0,-52.0
1776884550.034103,11.0,-1.0,-47.0
1776884550.044103,12.0,2.0,-41.0
1776884550.054103,6.0,5.0,-42.0
1776884550.0641026,1.0,2.0,-39.0
1776884550.0741026,3.0,0.0,-35.0
1776884550.0841026,1.0,-2.0,-42.0
1776884550.0941026,0.0,-2.0,-45.0
1776884550.1041028,1.0,-1.0,-53.0
1776884550.1141028,3.0,-2.0,-54.0
1776884550.1241028,0.0,-1.0,-58.0
1776884550.1341028,-5.0,-2.0,-51.0
1776884550.1441028,-3.0,-5.0,-48.0
1776884550.1541028,-4.0,-5.0,-46.0
1776884550.1641028,-1.0,-4.0,-46.0
1776884550.1741028,0.0,0.0,-43.0
1776884550.1841028,-1.0,0.0,-40.0
1776884550.1941028,0.0,0.0,-48.0
1776884550.2041028,0.0,-3.0,-53.0
1776884550.2141027,-4.0,-4.0,-57.0
1776884550.2241027,-5.0,-5.0,-54.0
1776884550.2341027,0.0,-5.0,-48.0
1776884550.2441027,2.0,-6.0,-43.0
1776884550.2541027,3.0,-6.0,-46.0
1776884550.2641027,5.0,-6.0,-51.0
1776884550.2741027,4.0,-4.0,-46.0
1776884550.284103,5.0,-5.0,-47.0
1776884550.294103,1.0,-2.0,-50.0
1776884550.304103,1.0,0.0,-49.0
1776884550.3141026,0.0,-2.0,-50.0
1776884550.3241026,0.0,-2.0,-53.0
1776884550.3341026,0.0,1.0,-54.0
1776884550.3441026,0.0,2.0,-57.0
1776884550.3541028,-5.0,3.0,-61.0
1776884550.3641028,-5.0,2.0,-55.0
1776884550.3741028,-5.0,0.0,-47.0
1776884550.3841028,-2.0,0.0,-40.0
1776884550.3941028,-4.0,-3.0,-46.0
1776884550.4041028,-1.0,0.0,-53.0
1776884550.4141028,-2.0,-2.0,-58.0
1776884550.4241028,-4.0,-1.0,-49.0
1776884550.4341028,-4.0,-4.0,-50.0
1776884550.4441028,-4.0,-10.0,-50.0
1776884550.4541028,-3.0,-11.0,-54.0
1776884550.4641027,-1.0,-6.0,-50.0
1776884550.4741027,-3.0,-8.0,-43.0
1776884550.4841027,-5.0,-11.0,-45.0
1776884550.4941027,-6.0,-15.0,-50.0
1776884550.5041027,-4.0,-16.0,-52.0
1776884550.5141027,-1.0,-10.0,-54.0
1776884550.5241027,0.0,-3.0,-45.0
1776884550.534103,0.0,-8.0,-45.0
1776884550.544103,1.0,-10.0,-47.0
1776884550.554103,-1.0,-12.0,-45.0
1776884550.5641026,0.0,-9.0,-45.0
1776884550.5741026,-1.0,-8.0,-44.0
1776884550.5841026,-3.0,-7.0,-46.0
1776884550.5941026,0.0,-4.0,-49.0
1776884550.6041028,0.0,0.0,-53.0
1776884550.6141028,-2.0,-1.0,-61.0
1776884550.6241028,-1.0,3.0,-62.0
1776884550.6341028,1.0,3.0,-54.0
1776884550.6441028,0.0,-1.0,-54.0
1776884550.6541028,1.0,-1.0,-52.0
1776884550.6641028,4.0,-4.0,-55.0
1776884550.6741028,1.0,-5.0,-51.0
1776884550.6841028,0.0,-3.0,-51.0
1776884550.6941028,2.0,-7.0,-43.0
1776884550.7041028,5.0,-9.0,-48.0
1776884550.7141027,5.0,-7.0,-50.0
1776884550.7241027,8.0,0.0,-47.0
1776884550.7341027,6.0,1.0,-40.0
1776884550.7441027,10.0,-4.0,-43.0
1776884550.7541027,5.0,-2.0,-47.0
1776884550.7641027,-4.0,-3.0,-44.0
1776884550.7741027,-5.0,0.0,-41.0
1776884550.784103,-6.0,2.0,-46.0
1776884550.794103,0.0,0.0,-48.0
1776884550.804103,-3.0,0.0,-50.0
1776884550.8141026,-4.0,2.0,-44.0
1776884550.8241026,-4.0,0.0,-42.0
1776884550.8341026,-3.0,0.0,-47.0
1776884550.8441026,-3.0,0.0,-51.0
1776884550.8541028,0.0,2.0,-43.0
1776884550.8641028,-1.0,0.0,-35.0
1776884550.8741028,3.0,1.0,-32.0
1776884550.8841028,7.0,-3.0,-33.0
1776884550.8941028,2.0,0.0,-34.0
1776884550.9041028,3.0,0.0,-38.0
1776884550.9141028,0.0,0.0,-42.0
1776884550.9241028,1.0,-1.0,-41.0
1776884550.9341028,-1.0,-1.0,-45.0
1776884550.9441028,-4.0,-3.0,-45.0
1776884550.9541028,-8.0,-3.0,-42.0
1776884550.9641027,-2.0,-5.0,-47.0
1776884550.9741027,0.0,-5.0,-49.0
1776884550.985103,-1.0,-8.0,-49.0
1776884550.9941027,2.0,-5.0,-47.0
1776884551.0041027,1.0,-8.0,-41.0
1776884551.0141027,3.0,-6.0,-39.0
1776884551.0241027,0.0,-5.0,-38.0
1776884551.0351028,-5.0,-3.0,-36.0
1776884551.0451028,-3.0,-5.0,-28.0
1776884551.054103,-1.0,-5.0,-32.0
1776884551.0641026,-1.0,-2.0,-41.0
1776884551.0751028,-6.0,0.0,-43.0
1776884551.0851028,-6.0,-4.0,-45.0
1776884551.0951028,-5.0,-9.0,-42.0
1776884551.1051028,-3.0,-5.0,-41.0
1776884551.1151028,0.0,-2.0,-37.0
1776884551.1251028,1.0,-2.0,-39.0
1776884551.1351027,0.0,-1.0,-45.0
1776884551.1451027,-3.0,-4.0,-43.0
1776884551.1551027,-1.0,-3.0,-45.0
1776884551.1651027,-1.0,-1.0,-46.0
1776884551.1751027,1.0,-5.0,-42.0
1776884551.1851027,-2.0,-4.0,-40.0
1776884551.1951027,-5.0,-4.0,-36.0
1776884551.2051027,-4.0,-3.0,-38.0
1776884551.215103,-5.0,-2.0,-44.0
1776884551.225103,-1.0,0.0,-48.0
1776884551.235103,1.0,2.0,-47.0
1776884551.2451026,5.0,0.0,-51.0
1776884551.2551026,11.0,-1.0,-59.0
1776884551.2651026,6.0,0.0,-64.0
1776884551.2751029,4.0,-2.0,-57.0
1776884551.2851028,4.0,-4.0,-57.0
1776884551.2951028,1.0,-1.0,-54.0
1776884551.3051028,0.0,0.0,-47.0
1776884551.3151028,-2.0,3.0,-43.0
1776884551.3251028,5.0,4.0,-48.0
1776884551.3351028,7.0,4.0,-48.0
1776884551.3451028,9.0,5.0,-50.0
1776884551.3551028,6.0,6.0,-56.0
1776884551.3651028,13.0,5.0,-43.0
1776884551.3751028,9.0,2.0,-43.0
1776884551.3851027,3.0,0.0,-43.0
1776884551.3951027,2.0,2.0,-49.0
1776884551.4051027,2.0,3.0,-49.0
1776884551.4151027,1.0,-1.0,-50.0
1776884551.4251027,0.0,-5.0,-46.0
1776884551.4351027,-2.0,-7.0,-48.0
1776884551.4451027,-1.0,-3.0,-48.0
1776884551.4551027,-4.0,0.0,-51.0
1776884551.465103,-5.0,0.0,-55.0
1776884551.475103,-7.0,3.0,-56.0
1776884551.485103,-5.0,3.0,-58.0
1776884551.4951026,-2.0,0.0,-57.0
1776884551.5051026,-2.0,-3.0,-52.0
1776884551.5151026,0.0,-5.0,-47.0
1776884551.5251029,5.0,-9.0,-40.0
1776884551.5351028,0.0,-10.0,-41.0
1776884551.5451028,1.0,-8.0,-44.0
1776884551.5551028,3.0,-4.0,-51.0
1776884551.5651028,0.0,-2.0,-51.0
1776884551.5751028,-3.0,3.0,-51.0
1776884551.5851028,-1.0,3.0,-45.0
1776884551.5951028,0.0,4.0,-39.0
1776884551.6051028,0.0,0.0,-42.0
1776884551.6151028,0.0,0.0,-42.0
1776884551.6251028,-1.0,1.0,-44.0
1776884551.6351027,-2.0,0.0,-40.0
1776884551.6451027,2.0,3.0,-43.0
1776884551.6551027,0.0,5.0,-45.0
1776884551.6651027,-2.0,-1.0,-47.0
1776884551.6751027,-1.0,-3.0,-52.0
1776884551.6851027,0.0,-5.0,-50.0
1776884551.6951027,3.0,-1.0,-46.0
1776884551.7051027,0.0,-1.0,-51.0
1776884551.715103,0.0,0.0,-48.0
1776884551.725103,0.0,3.0,-39.0
1776884551.735103,-3.0,3.0,-38.0
1776884551.7451026,-2.0,4.0,-42.0
1776884551.7551026,-5.0,1.0,-48.0
1776884551.7651026,-7.0,0.0,-47.0
1776884551.7751029,-2.0,0.0,-49.0
1776884551.7851028,0.0,4.0,-47.0
1776884551.7951028,1.0,4.0,-47.0
1776884551.8051028,1.0,2.0,-47.0
1776884551.8151028,1.0,-3.0,-51.0
1776884551.8251028,-2.0,-3.0,-53.0
1776884551.8351028,-4.0,-3.0,-51.0
1776884551.8451028,-2.0,0.0,-49.0
1776884551.8551028,-1.0,0.0,-46.0
1776884551.8651028,-2.0,4.0,-46.0
1776884551.8751028,0.0,1.0,-51.0
1776884551.8851027,0.0,-4.0,-56.0
1776884551.8951027,-2.0,-9.0,-57.0
1776884551.9051027,-1.0,-8.0,-53.0
1776884551.9151027,3.0,-7.0,-50.0
1776884551.9251027,3.0,-8.0,-52.0
1776884551.9351027,5.0,-6.0,-47.0
1776884551.9451027,3.0,-7.0,-46.0
1776884551.9551027,0.0,-6.0,-47.0
1776884551.965103,3.0,-7.0,-47.0
1776884551.975103,3.0,-5.0,-43.0
1776884551.985103,4.0,-5.0,-53.0
1776884551.9951026,4.0,-4.0,-52.0
1776884552.0051026,4.0,-4.0,-53.0
1776884552.0151026,4.0,-3.0,-51.0
1776884552.0251029,7.0,-5.0,-47.0
1776884552.0351028,7.0,-7.0,-48.0
1776884552.0451028,1.0,-4.0,-45.0
1776884552.0551028,0.0,1.0,-39.0
1776884552.0651028,1.0,3.0,-43.0
1776884552.0751028,4.0,3.0,-42.0
1776884552.0851028,3.0,3.0,-42.0
1776884552.0951028,1.0,3.0,-40.0
1776884552.1051028,3.0,0.0,-36.0
1776884552.1151028,0.0,-3.0,-34.0
1776884552.1251028,1.0,0.0,-36.0
1776884552.1351027,-1.0,3.0,-40.0
1776884552.1451027,-1.0,3.0,-39.0
1776884552.1551027,0.0,-1.0,-44.0
1776884552.1651027,4.0,-4.0,-45.0
1776884552.1751027,6.0,-3.0,-44.0
1776884552.1851027,4.0,0.0,-47.0
1776884552.1951027,1.0,0.0,-51.0
1776884552.2051027,5.0,0.0,-48.0
1776884552.215103,5.0,-1.0,-49.0
1776884552.225103,0.0,-5.0,-56.0
1776884552.235103,-2.0,-6.0,-53.0
1776884552.2451026,-1.0,-7.0,-54.0
1776884552.2551026,0.0,-5.0,-52.0
1776884552.2651026,0.0,-1.0,-49.0
1776884552.2751029,0.0,-2.0,-53.0
1776884552.2851028,3.0,-6.0,-58.0
1776884552.2951028,3.0,-5.0,-62.0
1776884552.3051028,2.0,-2.0,-62.0
1776884552.3151028,3.0,-4.0,-57.0
1776884552.3251028,2.0,-8.0,-54.0
1776884552.3351028,5.0,-9.0,-56.0
1776884552.3451028,6.0,-9.0,-49.0
1776884552.3551028,2.0,-8.0,-49.0
1776884552.3651028,5.0,-8.0,-57.0
1776884552.3751028,6.0,-10.0,-60.0
1776884552.3851027,8.0,-9.0,-58.0
1776884552.3951027,7.0,-7.0,-56.0
1776884552.4051027,7.0,-11.0,-51.0
1776884552.4151027,3.0,-11.0,-51.0
1776884552.4251027,2.0,-6.0,-53.0
1776884552.4351027,0.0,-4.0,-49.0
1776884552.4451027,6.0,-4.0,-48.0
1776884552.4551027,0.0,-5.0,-52.0
1776884552.465103,-1.0,0.0,-48.0
1776884552.475103,-2.0,0.0,-45.0
1776884552.485103,-3.0,-1.0,-47.0
1776884552.4951026,0.0,-1.0,-41.0
1776884552.5051026,-1.0,0.0,-36.0
1776884552.5151026,2.0,-4.0,-42.0
1776884552.5251029,3.0,-2.0,-42.0
1776884552.5351028,1.0,0.0,-45.0
1776884552.5451028,0.0,3.0,-45.0
1776884552.5551028,2.0,4.0,-49.0
1776884552.5651028,6.0,1.0,-49.0
1776884552.5751028,8.0,1.0,-47.0
1776884552.5851028,7.0,2.0,-41.0
1776884552.5951028,1.0,0.0,-37.0
1776884552.6051028,1.0,0.0,-38.0
1776884552.6151028,5.0,0.0,-42.0
1776884552.6251028,6.0,1.0,-43.0
1776884552.6351027,2.0,2.0,-43.0
1776884552.6451027,0.0,1.0,-49.0
1776884552.6551027,-4.0,0.0,-51.0
1776884552.6651027,-2.0,-4.0,-48.0
1776884552.6751027,0.0,-6.0,-44.0
1776884552.6851027,0.0,-3.0,-46.0
1776884552.6951027,0.0,-1.0,-46.0
1776884552.7051027,0.0,1.0,-45.0
1776884552.715103,0.0,0.0,-39.0
1776884552.725103,-1.0,1.0,-42.0
1776884552.735103,1.0,0.0,-40.0
1776884552.7451026,4.0,3.0,-44.0
1776884552.7551026,4.0,2.0,-43.0
1776884552.7651026,3.0,-4.0,-44.0
1776884552.7751029,0.0,-1.0,-43.0
1776884552.7851028,-4.0,1.0,-46.0
1776884552.7951028,-4.0,0.0,-48.0
1776884552.8051028,-1.0,-3.0,-50.0
1776884552.8151028,-1.0,-3.0,-45.0
1776884552.8251028,2.0,-2.0,-44.0
1776884552.8351028,5.0,-2.0,-39.0
1776884552.8451028,7.0,-4.0,-41.0
1776884552.8551028,10.0,-5.0,-45.0
1776884552.8651028,8.0,-7.0,-49.0
1776884552.8751028,4.0,-9.0,-57.0
1776884552.8851027,5.0,-8.0,-59.0
1776884552.8951027,6.0,-5.0,-57.0
1776884552.9051027,4.0,-6.0,-48.0
1776884552.9151027,4.0,-8.0,-52.0
1776884552.9251027,1.0,0.0,-56.0
1776884552.9351027,-1.0,1.0,-53.0
1776884552.9451027,-4.0,0.0,-57.0
1776884552.9551027,1.0,-1.0,-59.0
1776884552.965103,0.0,-1.0,-59.0
1776884552.975103,-4.0,-1.0,-56.0
1776884552.985103,-7.0,-3.0,-54.0
1776884552.9951026,-8.0,-6.0,-47.0
1776884553.0061028,-8.0,-6.0,-45.0
1776884553.0161028,-3.0,-3.0,-47.0
1776884553.0261028,0.0,0.0,-39.0
1776884553.0361028,0.0,-1.0,-39.0
1776884553.0451028,4.0,-3.0,-46.0
1776884553.0561028,0.0,-1.0,-51.0
1776884553.0661027,2.0,-2.0,-43.0
1776884553.0761027,-2.0,-3.0,-45.0
1776884553.0861027,-6.0,0.0,-43.0
1776884553.0961027,-3.0,-4.0,-39.0
1776884553.1061027,0.0,-2.0,-40.0
1776884553.1161027,-1.0,0.0,-44.0
1776884553.1261027,1.0,-1.0,-43.0
1776884553.136103,3.0,-3.0,-38.0
1776884553.146103,5.0,0.0,-44.0
1776884553.156103,9.0,2.0,-44.0
1776884553.1661026,9.0,0.0,-42.0
1776884553.1761026,7.0,0.0,-42.0
1776884553.1861026,3.0,1.0,-44.0
1776884553.1961029,4.0,2.0,-50.0
1776884553.2061028,8.0,0.0,-46.0
1776884553.2161028,5.0,-1.0,-45.0
1776884553.2261028,1.0,-3.0,-41.0
1776884553.2361028,1.0,-2.0,-46.0
1776884553.2461028,0.0,-1.0,-38.0
1776884553.2561028,1.0,0.0,-38.0
1776884553.2661028,0.0,-2.0,-38.0
1776884553.2761028,0.0,-3.0,-38.0
1776884553.2861028,6.0,-2.0,-38.0
1776884553.2961028,10.0,-2.0,-38.0
1776884553.3061028,10.0,-1.0,-38.0
1776884553.3161027,9.0,-3.0,-48.0
1776884553.3261027,7.0,-2.0,-46.0
1776884553.3361027,11.0,0.0,-44.0
1776884553.3461027,8.0,2.0,-42.0
1776884553.3561027,5.0,6.0,-46.0
1776884553.3661027,4.0,3.0,-41.0
1776884553.3761027,3.0,6.0,-46.0
1776884553.386103,0.0,3.0,-47.0
1776884553.396103,-1.0,0.0,-44.0
1776884553.406103,-2.0,-6.0,-44.0
1776884553.4161026,0.0,-9.0,-38.0
1776884553.4261026,-2.0,-11.0,-45.0
1776884553.4361026,0.0,-10.0,-51.0
1776884553.4461029,1.0,-11.0,-54.0
1776884553.4561028,5.0,-10.0,-46.0
1776884553.4661028,3.0,-3.0,-47.0
1776884553.4761028,2.0,-1.0,-57.0
1776884553.4861028,0.0,5.0,-51.0
1776884553.4961028,-2.0,2.0,-44.0
1776884553.5061028,-3.0,-1.0,-48.0
1776884553.5161028,-4.0,0.0,-44.0
1776884553.5261028,-2.0,-3.0,-39.0
1776884553.5361028,3.0,-4.0,-34.0
1776884553.5461028,4.0,-6.0,-27.0
1776884553.5561028,7.0,-4.0,-29.0
1776884553.5661027,8.0,-4.0,-38.0
1776884553.5761027,4.0,-8.0,-45.0
1776884553.5861027,6.0,-4.0,-48.0
1776884553.5961027,7.0,-7.0,-51.0
1776884553.6061027,5.0,-4.0,-48.0
1776884553.6161027,4.0,-3.0,-47.0
1776884553.6261027,3.0,-1.0,-50.0
1776884553.636103,0.0,-3.0,-42.0
1776884553.646103,0.0,-5.0,-33.0
1776884553.656103,3.0,-3.0,-38.0
1776884553.6661026,1.0,-2.0,-40.0
1776884553.6761026,0.0,-3.0,-38.0
1776884553.6861026,-5.0,-3.0,-36.0
1776884553.6961029,-5.0,-4.0,-41.0
1776884553.7061028,-5.0,-3.0,-41.0
1776884553.7161028,-6.0,-3.0,-43.0
1776884553.7261028,-1.0,-5.0,-50.0
1776884553.7361028,-3.0,-7.0,-50.0
1776884553.7461028,-4.0,-7.0,-49.0
1776884553.7561028,-2.0,-3.0,-49.0
1776884553.7661028,3.0,-1.0,-42.0
1776884553.7761028,0.0,-6.0,-43.0
1776884553.7861028,0.0,-5.0,-34.0
1776884553.7961028,0.0,-7.0,-36.0
1776884553.8061028,0.0,-6.0,-37.0
1776884553.8161027,-1.0,-7.0,-38.0
1776884553.8261027,0.0,-4.0,-39.0
1776884553.8361027,0.0,-3.0,-40.0
1776884553.8461027,0.0,-2.0,-42.0
1776884553.8561027,-5.0,-5.0,-40.0
1776884553.8661027,-8.0,-7.0,-43.0
1776884553.8761027,-5.0,-6.0,-38.0
1776884553.886103,-8.0,-8.0,-32.0
1776884553.896103,-4.0,-5.0,-38.0
1776884553.906103,-5.0,-2.0,-42.0
1776884553.9161026,-4.0,-4.0,-41.0
1776884553.9261026,-3.0,-2.0,-48.0
1776884553.9361026,1.0,-2.0,-50.0
1776884553.9461029,-1.0,3.0,-52.0
1776884553.9561028,-4.0,0.0,-47.0
1776884553.9661028,-3.0,-3.0,-50.0
1776884553.9761028,-3.0,-6.0,-49.0
1776884553.9861028,4.0,-6.0,-54.0
1776884553.9961028,5.0,-3.0,-56.0
1776884554.0061028,6.0,-6.0,-50.0
1776884554.0161028,5.0,-7.0,-51.0
1776884554.0261028,7.0,-7.0,-53.0
1776884554.0361028,6.0,-9.0,-56.0
1776884554.0461028,4.0,-5.0,-46.0
1776884554.0561028,1.0,-2.0,-45.0
1776884554.0661027,3.0,-1.0,-41.0
1776884554.0761027,0.0,0.0,-34.0
1776884554.0861027,-5.0,-4.0,-32.0
1776884554.0961027,-7.0,-5.0,-35.0
1776884554.1061027,-7.0,-2.0,-35.0
1776884554.1161027,-9.0,1.0,-37.0
1776884554.1261027,-7.0,3.0,-40.0
1776884554.136103,-1.0,1.0,-45.0
1776884554.146103,-1.0,0.0,-50.0
1776884554.156103,-2.0,-3.0,-43.0
1776884554.1661026,0.0,-4.0,-41.0
1776884554.1761026,-1.0,-3.0,-42.0
1776884554.1861026,-3.0,-4.0,-45.0
1776884554.1961029,0.0,-5.0,-43.0
1776884554.2061028,0.0,-4.0,-39.0
1776884554.2161028,3.0,-3.0,-39.0
1776884554.2261028,2.0,-1.0,-43.0
1776884554.2361028,2.0,3.0,-43.0
1776884554.2461028,5.0,3.0,-41.0
1776884554.2561028,0.0,1.0,-36.0
1776884554.2661028,-4.0,-3.0,-34.0
1776884554.2761028,-5.0,-4.0,-37.0
1776884554.2861028,-7.0,-1.0,-39.0
1776884554.2961028,-4.0,1.0,-39.0
1776884554.3061028,-2.0,3.0,-45.0
1776884554.3161027,-1.0,1.0,-46.0
1776884554.3261027,0.0,-1.0,-35.0
1776884554.3361027,0.0,-5.0,-43.0
1776884554.3461027,2.0,-5.0,-47.0
1776884554.3561027,-1.0,-4.0,-46.0
1776884554.3661027,1.0,-4.0,-47.0
1776884554.3761027,2.0,-7.0,-46.0
1776884554.386103,5.0,-6.0,-47.0
1776884554.396103,4.0,-1.0,-45.0
1776884554.406103,0.0,-4.0,-39.0
1776884554.4161026,-1.0,-7.0,-35.0
1776884554.4261026,-2.0,-10.0,-33.0
1776884554.4361026,3.0,-11.0,-34.0
1776884554.4461029,1.0,-10.0,-40.0
1776884554.4561028,2.0,-7.0,-35.0
1776884554.4661028,0.0,-6.0,-41.0
1776884554.4761028,-1.0,-3.0,-44.0
1776884554.4861028,-3.0,0.0,-45.0
1776884554.4961028,-4.0,0.0,-43.0
1776884554.5061028,-7.0,3.0,-42.0
1776884554.5161028,-4.0,2.0,-43.0
1776884554.5261028,-5.0,3.0,-44.0
1776884554.5361028,-7.0,1.0,-40.0
1776884554.5461028,-7.0,-2.0,-44.0
1776884554.5561028,-6.0,-2.0,-47.0
1776884554.5661027,-6.0,0.0,-47.0
1776884554.5761027,-6.0,0.0,-47.0
1776884554.5861027,-5.0,2.0,-43.0
1776884554.5961027,-5.0,5.0,-44.0
1776884554.6061027,-2.0,3.0,-46.0
1776884554.6161027,2.0,4.0,-45.0
1776884554.6261027,4.0,5.0,-51.0
1776884554.636103,5.0,6.0,-49.0
1776884554.646103,6.0,9.0,-50.0
1776884554.656103,3.0,8.0,-50.0
1776884554.6661026,0.0,5.0,-36.0
1776884554.6761026,3.0,6.0,-36.0
1776884554.6861026,1.0,9.0,-40.0
1776884554.6961029,-2.0,11.0,-42.0
1776884554.7061028,-1.0,10.0,-40.0
1776884554.7161028,1.0,5.0,-46.0
1776884554.7261028,-3.0,-1.0,-48.0
1776884554.7361028,-3.0,0.0,-43.0
1776884554.7461028,-7.0,1.0,-43.0
1776884554.7561028,-1.0,2.0,-43.0
1776884554.7661028,3.0,0.0,-44.0
1776884554.7761028,3.0,0.0,-43.0
1776884554.7861028,8.0,0.0,-43.0
1776884554.7961028,5.0,-2.0,-48.0
1776884554.8061028,3.0,-5.0,-43.0
1776884554.8161027,2.0,-4.0,-44.0
1776884554.8261027,4.0,-2.0,-47.0
1776884554.8361027,1.0,-2.0,-44.0
1776884554.8461027,6.0,-3.0,-45.0
1776884554.8561027,3.0,-3.0,-49.0
1776884554.8661027,3.0,0.0,-49.0
1776884554.8761027,5.0,-1.0,-53.0
1776884554.886103,4.0,-7.0,-49.0
1776884554.896103,0.0,-7.0,-53.0
1776884554.906103,-3.0,-8.0,-49.0
1776884554.9161026,-6.0,0.0,-49.0
1776884554.9261026,-3.0,0.0,-51.0
1776884554.9361026,0.0,0.0,-49.0
1776884554.9461029,3.0,1.0,-49.0
1776884554.9571028,1.0,-2.0,-53.0
1776884554.9661028,0.0,-4.0,-51.0
1776884554.9761028,4.0,-5.0,-51.0
1776884554.9871027,1.0,-5.0,-51.0
1776884554.9971027,0.0,-4.0,-39.0
1776884555.0071027,0.0,-6.0,-38.0
1776884555.0171027,-1.0,-6.0,-35.0
1776884555.0271027,0.0,-8.0,-35.0
1776884555.0371027,4.0,-6.0,-34.0
1776884555.0471027,5.0,-5.0,-41.0
1776884555.057103,5.0,-6.0,-41.0
1776884555.067103,8.0,-6.0,-43.0
1776884555.077103,5.0,-1.0,-48.0
1776884555.087103,5.0,-2.0,-50.0
1776884555.0971026,8.0,0.0,-51.0
1776884555.1071026,10.0,0.0,-46.0
1776884555.1171026,7.0,5.0,-43.0
1776884555.1271029,6.0,3.0,-44.0
1776884555.1371028,2.0,-2.0,-46.0
1776884555.1471028,6.0,2.0,-45.0
1776884555.1571028,6.0,0.0,-49.0
1776884555.1671028,2.0,0.0,-54.0
1776884555.1771028,3.0,0.0,-48.0
1776884555.1871028,6.0,-1.0,-48.0
1776884555.1971028,6.0,-7.0,-51.0
1776884555.2071028,4.0,-8.0,-43.0
1776884555.2171028,-1.0,-6.0,-43.0
1776884555.2271028,-3.0,-7.0,-51.0
1776884555.2371027,-2.0,-8.0,-54.0
1776884555.2471027,-1.0,-8.0,-48.0
1776884555.2571027,4.0,-6.0,-50.0
1776884555.2671027,2.0,-9.0,-53.0
1776884555.2771027,3.0,-6.0,-57.0
1776884555.2871027,5.0,-4.0,-58.0
1776884555.2971027,7.0,-1.0,-54.0
1776884555.307103,8.0,3.0,-51.0
1776884555.317103,8.0,2.0,-55.0
1776884555.327103,6.0,-1.0,-52.0
1776884555.337103,2.0,-3.0,-50.0
1776884555.3471026,0.0,-3.0,-47.0
1776884555.3571026,0.0,-9.0,-48.0
1776884555.3671026,0.0,-6.0,-50.0
1776884555.3771029,1.0,-4.0,-52.0
1776884555.3871028,1.0,-2.0,-49.0
1776884555.3971028,-1.0,-2.0,-48.0
1776884555.4071028,2.0,-1.0,-42.0
1776884555.4171028,1.0,-2.0,-43.0
1776884555.4271028,5.0,-2.0,-38.0
1776884555.4371028,2.0,-1.0,-38.0
1776884555.4471028,-1.0,-2.0,-42.0
1776884555.4571028,-5.0,-4.0,-54.0
1776884555.4671028,-3.0,-2.0,-53.0
1776884555.4771028,-1.0,0.0,-54.0
1776884555.4871027,-1.0,0.0,-52.0
1776884555.4971027,2.0,-1.0,-54.0
1776884555.5071027,5.0,0.0,-58.0
1776884555.5171027,2.0,-2.0,-57.0
1776884555.5271027,0.0,-2.0,-57.0
1776884555.5371027,0.0,-2.0,-58.0
1776884555.5471027,-2.0,-4.0,-59.0
1776884555.557103,-1.0,-4.0,-51.0
1776884555.567103,4.0,-8.0,-53.0
1776884555.577103,5.0,-10.0,-49.0
1776884555.587103,5.0,-9.0,-46.0
1776884555.5971026,2.0,-3.0,-41.0
1776884555.6071026,3.0,0.0,-43.0
1776884555.6171026,0.0,-3.0,-41.0
1776884555.6271029,0.0,-5.0,-35.0
1776884555.6371028,2.0,0.0,-34.0
1776884555.6471028,0.0,0.0,-37.0
1776884555.6571028,0.0,-4.0,-46.0
1776884555.6671028,0.0,-7.0,-39.0
1776884555.6771028,2.0,-6.0,-35.0
1776884555.6871028,2.0,-7.0,-33.0
1776884555.6971028,-3.0,-7.0,-39.0
1776884555.7071028,-4.0,-9.0,-46.0
1776884555.7171028,0.0,-6.0,-43.0
1776884555.7271028,-2.0,-8.0,-47.0
1776884555.7371027,-4.0,-3.0,-50.0
1776884555.7471027,-3.0,-5.0,-51.0
1776884555.7571027,-3.0,-6.0,-45.0
1776884555.7671027,-5.0,-9.0,-44.0
1776884555.7771027,-5.0,-8.0,-53.0
1776884555.7871027,-6.0,-7.0,-58.0
1776884555.7971027,0.0,-10.0,-58.0
1776884555.807103,0.0,-8.0,-57.0
1776884555.817103,-1.0,-5.0,-60.0
1776884555.827103,2.0,-7.0,-60.0
1776884555.837103,1.0,-1.0,-55.0
1776884555.8471026,0.0,0.0,-47.0
1776884555.8571026,-2.0,1.0,-43.0
1776884555.8671026,-4.0,0.0,-42.0
1776884555.8771029,-4.0,4.0,-41.0
1776884555.8871028,-4.0,5.0,-44.0
1776884555.8971028,-2.0,1.0,-56.0
1776884555.9071028,-2.0,0.0,-59.0
1776884555.9171028,-3.0,4.0,-63.0
1776884555.9271028,-2.0,4.0,-59.0
1776884555.9371028,-1.0,4.0,-56.0
1776884555.9471028,-1.0,3.0,-51.0
1776884555.9571028,0.0,2.0,-52.0
1776884555.9671028,-2.0,0.0,-50.0
1776884555.9771028,-2.0,2.0,-48.0
1776884555.9871027,-4.0,3.0,-49.0
1776884555.9971027,-1.0,0.0,-43.0
1776884556.0071027,0.0,1.0,-45.0
1776884556.0171027,3.0,-2.0,-48.0
1776884556.0271027,2.0,-2.0,-49.0
1776884556.0371027,2.0,0.0,-45.0
1776884556.0471027,-5.0,-2.0,-48.0
1776884556.057103,-5.0,-1.0,-45.0
1776884556.067103,-4.0,-1.0,-44.0
1776884556.077103,-8.0,-1.0,-34.0
1776884556.087103,-6.0,-2.0,-34.0
1776884556.0971026,-2.0,-4.0,-31.0
1776884556.1071026,-1.0,-6.0,-28.0
1776884556.1171026,0.0,-6.0,-25.0
1776884556.1271029,1.0,-5.0,-37.0
1776884556.1371028,2.0,-7.0,-45.0
1776884556.1471028,0.0,-8.0,-46.0
1776884556.1571028,4.0,-12.0,-44.0
1776884556.1671028,0.0,-12.0,-43.0
1776884556.1771028,3.0,-9.0,-40.0
1776884556.1871028,2.0,-7.0,-38.0
1776884556.1971028,1.0,-6.0,-48.0
1776884556.2071028,0.0,-7.0,-51.0
1776884556.2171028,-1.0,-5.0,-51.0
1776884556.2271028,0.0,-4.0,-55.0
1776884556.2371027,0.0,-6.0,-57.0
1776884556.2471027,2.0,-3.0,-57.0
1776884556.2571027,2.0,-3.0,-55.0
1776884556.2671027,-3.0,-3.0,-52.0
1776884556.2771027,-7.0,-1.0,-49.0
1776884556.2871027,-5.0,-3.0,-45.0
1776884556.2971027,-1.0,-5.0,-50.0
1776884556.307103,3.0,-3.0,-58.0
1776884556.317103,3.0,-5.0,-53.0
1776884556.327103,1.0,-3.0,-49.0
1776884556.337103,4.0,0.0,-46.0
1776884556.3471026,5.0,-3.0,-48.0
1776884556.3571026,0.0,-2.0,-44.0
1776884556.3671026,-1.0,0.0,-43.0
1776884556.3771029,-4.0,0.0,-46.0
1776884556.3871028,-6.0,-1.0,-47.0
1776884556.3971028,-6.0,-1.0,-47.0
1776884556.4071028,-11.0,0.0,-43.0
1776884556.4171028,-8.0,-1.0,-49.0
1776884556.4271028,-9.0,-4.0,-52.0
1776884556.4371028,-7.0,-5.0,-55.0
1776884556.4471028,-11.0,-3.0,-52.0
1776884556.4571028,-8.0,0.0,-52.0
1776884556.4671028,-7.0,0.0,-51.0
1776884556.4771028,-6.0,0.0,-52.0
1776884556.4871027,-4.0,2.0,-50.0
1776884556.4971027,0.0,3.0,-57.0
1776884556.5071027,4.0,0.0,-57.0
1776884556.5171027,4.0,-3.0,-52.0
1776884556.5271027,2.0,-2.0,-48.0
1776884556.5371027,-3.0,0.0,-44.0
1776884556.5471027,-2.0,0.0,-54.0
1776884556.557103,0.0,-2.0,-59.0
1776884556.567103,-1.0,-5.0,-59.0
1776884556.577103,1.0,-2.0,-61.0
1776884556.587103,0.0,3.0,-62.0
1776884556.5971026,1.0,2.0,-57.0
1776884556.6071026,6.0,2.0,-49.0
1776884556.6171026,3.0,4.0,-45.0
1776884556.6271029,2.0,2.0,-45.0
1776884556.6371028,3.0,2.0,-44.0
1776884556.6471028,6.0,5.0,-42.0
1776884556.6571028,2.0,6.0,-44.0
1776884556.6671028,0.0,4.0,-43.0
1776884556.6771028,3.0,1.0,-40.0
1776884556.6871028,4.0,1.0,-42.0
1776884556.6971028,2.0,2.0,-43.0
1776884556.7071028,3.0,2.0,-44.0
1776884556.7171028,9.0,5.0,-43.0
1776884556.7271028,9.0,3.0,-44.0
1776884556.7371027,8.0,0.0,-42.0
1776884556.7471027,4.0,-1.0,-42.0
1776884556.7571027,3.0,-4.0,-47.0
1776884556.7671027,-2.0,-6.0,-44.0
1776884556.7771027,1.0,-4.0,-43.0
1776884556.7871027,-1.0,-4.0,-41.0
1776884556.7971027,-1.0,1.0,-43.0
1776884556.807103,0.0,1.0,-42.0
1776884556.817103,2.0,-1.0,-42.0
1776884556.827103,4.0,-5.0,-47.0
1776884556.837103,4.0,-6.0,-51.0
1776884556.8471026,5.0,-5.0,-46.0
1776884556.8571026,7.0,-4.0,-45.0
1776884556.8671026,5.0,-1.0,-48.0
1776884556.8771029,5.0,1.0,-44.0
1776884556.8871028,2.0,0.0,-45.0
1776884556.8971028,3.0,0.0,-43.0
1776884556.9071028,0.0,-2.0,-41.0
1776884556.9171028,-1.0,-4.0,-43.0
1776884556.9271028,0.0,-3.0,-48.0
1776884556.9371028,-5.0,-1.0,-46.0
1776884556.9481027,-10.0,-1.0,-44.0
1776884556.9581027,-6.0,0.0,-46.0
1776884556.9671028,-5.0,-2.0,-51.0
1776884556.9781027,-4.0,-3.0,-46.0
1776884556.988103,-6.0,-8.0,-40.0
1776884556.998103,-5.0,-6.0,-46.0
1776884557.008103,-4.0,-3.0,-46.0
1776884557.0181026,-1.0,-7.0,-47.0
1776884557.0281026,-2.0,-3.0,-48.0
1776884557.0381026,-3.0,-3.0,-46.0
1776884557.0481029,-6.0,-1.0,-46.0
1776884557.0581028,-3.0,0.0,-49.0
1776884557.0681028,1.0,0.0,-47.0
1776884557.0781028,-1.0,0.0,-49.0
1776884557.0881028,0.0,1.0,-44.0
1776884557.0981028,-3.0,3.0,-44.0
1776884557.1081028,-2.0,9.0,-47.0
1776884557.1181028,0.0,8.0,-51.0
1776884557.1281028,0.0,4.0,-51.0
1776884557.1381028,0.0,2.0,-50.0
1776884557.1481028,-1.0,0.0,-51.0
1776884557.1581028,-2.0,0.0,-59.0
1776884557.1681027,-1.0,-1.0,-53.0
1776884557.1781027,-2.0,-2.0,-52.0
1776884557.1881027,-4.0,-1.0,-50.0
1776884557.1981027,-5.0,-1.0,-51.0
1776884557.2081027,-5.0,-4.0,-50.0
1776884557.2181027,-6.0,-4.0,-39.0
1776884557.2281027,-3.0,-5.0,-40.0
1776884557.238103,0.0,-5.0,-38.0
1776884557.248103,3.0,-6.0,-44.0
1776884557.258103,0.0,-7.0,-41.0
1776884557.2681026,-5.0,-3.0,-40.0
1776884557.2781026,-3.0,-4.0,-43.0
1776884557.2881026,-2.0,-3.0,-42.0
1776884557.2981029,-1.0,-4.0,-43.0
1776884557.3081028,0.0,-5.0,-48.0
1776884557.3181028,2.0,-2.0,-46.0
1776884557.3281028,-1.0,1.0,-44.0
1776884557.3381028,-1.0,-1.0,-49.0
1776884557.3481028,0.0,-1.0,-52.0
1776884557.3581028,1.0,-4.0,-58.0
1776884557.3681028,4.0,-1.0,-57.0
1776884557.3781028,1.0,0.0,-56.0
1776884557.3881028,0.0,1.0,-55.0
1776884557.3981028,0.0,4.0,-51.0
1776884557.4081028,4.0,5.0,-47.0
1776884557.4181027,4.0,5.0,-45.0
1776884557.4281027,0.0,3.0,-39.0
1776884557.4381027,-3.0,0.0,-35.0
1776884557.4481027,0.0,1.0,-40.0
1776884557.4581027,0.0,0.0,-43.0
1776884557.4681027,-2.0,-2.0,-43.0
1776884557.4781027,-4.0,-4.0,-46.0
1776884557.488103,-1.0,-2.0,-45.0
1776884557.498103,-3.0,0.0,-44.0
1776884557.508103,-6.0,0.0,-44.0
1776884557.5181026,-3.0,1.0,-45.0
1776884557.5281026,0.0,2.0,-44.0
1776884557.5381026,0.0,2.0,-45.0
1776884557.5481029,0.0,4.0,-50.0
1776884557.5581028,-9.0,1.0,-51.0
1776884557.5681028,-13.0,-4.0,-50.0
1776884557.5781028,-10.0,0.0,-50.0
1776884557.5881028,-7.0,-4.0,-46.0
1776884557.5981028,-1.0,-2.0,-51.0
1776884557.6081028,0.0,-2.0,-51.0
1776884557.6181028,1.0,-4.0,-57.0
1776884557.6281028,0.0,0.0,-50.0
1776884557.6381028,-3.0,0.0,-52.0
1776884557.6481028,-1.0,-1.0,-49.0
1776884557.6581028,-3.0,1.0,-49.0
1776884557.6681027,-6.0,2.0,-43.0
1776884557.6781027,-1.0,-2.0,-42.0
1776884557.6881027,-1.0,-3.0,-49.0
1776884557.6981027,0.0,-3.0,-45.0
1776884557.7081027,5.0,-3.0,-39.0
1776884557.7181027,7.0,0.0,-35.0
1776884557.7281027,6.0,-1.0,-45.0
1776884557.738103,5.0,-3.0,-52.0
1776884557.748103,3.0,-2.0,-53.0
1776884557.758103,2.0,-3.0,-53.0
1776884557.7681026,3.0,0.0,-46.0
1776884557.7781026,4.0,2.0,-43.0
1776884557.7881026,7.0,0.0,-45.0
1776884557.7981029,2.0,-2.0,-50.0
1776884557.8081028,3.0,0.0,-52.0
1776884557.8181028,2.0,0.0,-48.0
1776884557.8281028,2.0,-6.0,-48.0
1776884557.8381028,8.0,-7.0,-43.0
1776884557.8481028,5.0,-3.0,-35.0
1776884557.8581028,5.0,-4.0,-34.0
1776884557.8681028,5.0,-5.0,-31.0
1776884557.8781028,3.0,-5.0,-30.0
1776884557.8881028,-1.0,-3.0,-27.0
1776884557.8981028,0.0,-1.0,-32.0
1776884557.9081028,4.0,0.0,-36.0
1776884557.9181027,0.0,1.0,-40.0
1776884557.9281027,-2.0,2.0,-45.0
1776884557.9381027,-3.0,0.0,-42.0
1776884557.9481027,-4.0,0.0,-43.0
1776884557.9581027,-6.0,-4.0,-47.0
1776884557.9681027,-3.0,-2.0,-51.0
1776884557.9781027,-4.0,-3.0,-56.0
1776884557.988103,-8.0,-5.0,-57.0
1776884557.998103,-6.0,-3.0,-48.0
1776884558.008103,-6.0,-2.0,-46.0
1776884558.0181026,0.0,-1.0,-48.0
1776884558.0281026,0.0,0.0,-45.0
1776884558.0381026,2.0,1.0,-46.0
1776884558.0481029,2.0,-2.0,-44.0
1776884558.0581028,-2.0,-1.0,-42.0
1776884558.0681028,0.0,-3.0,-40.0
1776884558.0781028,2.0,-3.0,-33.0
1776884558.0881028,4.0,-3.0,-35.0
1776884558.0981028,1.0,-5.0,-43.0
1776884558.1081028,-2.0,-8.0,-42.0
1776884558.1181028,-1.0,-8.0,-47.0
1776884558.1281028,0.0,-5.0,-45.0
1776884558.1381028,-2.0,-3.0,-47.0
1776884558.1481028,-4.0,0.0,-44.0
1776884558.1581028,-2.0,0.0,-46.0
1776884558.1681027,0.0,-4.0,-43.0
1776884558.1781027,-6.0,-3.0,-39.0
1776884558.1881027,-2.0,0.0,-38.0
1776884558.1981027,0.0,0.0,-47.0
1776884558.2081027,0.0,-3.0,-52.0
1776884558.2181027,-2.0,-3.0,-49.0
1776884558.2281027,0.0,0.0,-45.0
1776884558.238103,3.0,-1.0,-45.0
1776884558.248103,4.0,-3.0,-49.0
1776884558.258103,7.0,2.0,-47.0
1776884558.2681026,6.0,5.0,-50.0
1776884558.2781026,5.0,5.0,-44.0
1776884558.2881026,2.0,3.0,-49.0
1776884558.2981029,0.0,0.0,-55.0
1776884558.3081028,-1.0,-3.0,-56.0
1776884558.3181028,0.0,-4.0,-57.0
1776884558.3281028,-2.0,-6.0,-52.0
1776884558.3381028,-3.0,-7.0,-48.0
1776884558.3481028,-3.0,-6.0,-41.0
1776884558.3581028,0.0,-6.0,-43.0
1776884558.3681028,3.0,-9.0,-41.0
1776884558.3781028,-1.0,-11.0,-48.0
1776884558.3881028,-4.0,-10.0,-43.0
1776884558.3981028,-6.0,-8.0,-34.0
1776884558.4081028,-10.0,-8.0,-34.0
1776884558.4181027,-15.0,-9.0,-30.0
1776884558.4281027,-14.0,-12.0,-35.0
1776884558.4381027,-14.0,-10.0,-36.0
1776884558.4481027,-11.0,-13.0,-31.0
1776884558.4581027,-8.0,-12.0,-32.0
1776884558.4681027,-8.0,-11.0,-39.0
1776884558.4781027,-4.0,-8.0,-40.0
1776884558.488103,-3.0,-9.0,-42.0
1776884558.498103,5.0,-6.0,-45.0
1776884558.508103,9.0,-1.0,-47.0
1776884558.5181026,8.0,0.0,-49.0
1776884558.5281026,5.0,0.0,-47.0
1776884558.5381026,5.0,1.0,-49.0
1776884558.5481029,4.0,1.0,-48.0
1776884558.5581028,1.0,0.0,-48.0
1776884558.5681028,-2.0,-1.0,-48.0
1776884558.5781028,-2.0,0.0,-47.0
1776884558.5881028,-2.0,-3.0,-49.0
1776884558.5981028,0.0,-9.0,-47.0
1776884558.6081028,1.0,-11.0,-55.0
1776884558.6181028,-1.0,-9.0,-54.0
1776884558.6281028,-1.0,-10.0,-50.0
1776884558.6381028,-3.0,-3.0,-53.0
1776884558.6481028,-5.0,-5.0,-58.0
1776884558.6581028,1.0,-6.0,-55.0
1776884558.6681027,4.0,-6.0,-55.0
1776884558.6781027,0.0,-4.0,-55.0
1776884558.6881027,-1.0,-3.0,-46.0
1776884558.6981027,0.0,1.0,-46.0
1776884558.7081027,5.0,0.0,-41.0
1776884558.7181027,4.0,-4.0,-32.0
1776884558.7281027,4.0,0.0,-33.0
1776884558.738103,0.0,1.0,-39.0
1776884558.748103,0.0,4.0,-42.0
1776884558.758103,1.0,3.0,-43.0
1776884558.7681026,1.0,3.0,-47.0
1776884558.7781026,2.0,3.0,-47.0
1776884558.7881026,3.0,3.0,-46.0
1776884558.7981029,2.0,1.0,-49.0
1776884558.8081028,0.0,2.0,-56.0
1776884558.8181028,0.0,5.0,-50.0
1776884558.8281028,1.0,2.0,-45.0
1776884558.8381028,0.0,3.0,-43.0
1776884558.8481028,3.0,4.0,-47.0
1776884558.8581028,5.0,7.0,-45.0
1776884558.8681028,3.0,4.0,-47.0
1776884558.8781028,-2.0,4.0,-44.0
1776884558.8891027,-1.0,0.0,-42.0
1776884558.8981028,-3.0,1.0,-43.0
1776884558.9081028,-4.0,0.0,-43.0
1776884558.919103,-1.0,0.0,-45.0
1776884558.929103,-3.0,-1.0,-49.0
1776884558.9391026,-4.0,0.0,-45.0
1776884558.9491026,-4.0,-1.0,-51.0
1776884558.9591026,-3.0,-3.0,-54.0
1776884558.9691026,-3.0,-3.0,-52.0
1776884558.9781027,1.0,0.0,-46.0
1776884558.9891028,3.0,0.0,-39.0
1776884558.9991028,2.0,-7.0,-36.0
1776884559.0091028,3.0,-6.0,-43.0
1776884559.0191028,7.0,-6.0,-42.0
1776884559.0291028,7.0,-3.0,-48.0
1776884559.0391028,2.0,-2.0,-43.0
1776884559.0491028,0.0,-3.0,-43.0
1776884559.0591028,-1.0,-3.0,-45.0
1776884559.0691028,1.0,-4.0,-44.0
1776884559.0791028,-4.0,0.0,-49.0
1776884559.0891027,1.0,3.0,-48.0
1776884559.0991027,5.0,2.0,-46.0
1776884559.1091027,3.0,1.0,-53.0
1776884559.1191027,2.0,0.0,-53.0
1776884559.1291027,0.0,-2.0,-55.0
1776884559.1391027,-2.0,0.0,-51.0
1776884559.1491027,-1.0,1.0,-51.0
1776884559.159103,0.0,2.0,-50.0
1776884559.169103,0.0,1.0,-52.0
1776884559.179103,0.0,2.0,-52.0
1776884559.1891026,3.0,0.0,-48.0
1776884559.1991026,4.0,0.0,-44.0
1776884559.2091026,4.0,-1.0,-44.0
1776884559.2191026,1.0,-1.0,-48.0
1776884559.2291028,0.0,-1.0,-49.0
1776884559.2391028,-6.0,0.0,-43.0
1776884559.2491028,-7.0,1.0,-43.0
1776884559.2591028,-3.0,-3.0,-46.0
1776884559.2691028,-7.0,-4.0,-50.0
1776884559.2791028,-6.0,-4.0,-47.0
1776884559.2891028,-7.0,0.0,-53.0
1776884559.2991028,-8.0,2.0,-48.0
1776884559.3091028,0.0,0.0,-39.0
1776884559.3191028,6.0,-1.0,-38.0
1776884559.3291028,3.0,0.0,-47.0
1776884559.3391027,2.0,0.0,-50.0
1776884559.3491027,1.0,0.0,-46.0
1776884559.3591027,2.0,2.0,-47.0
1776884559.3691027,0.0,2.0,-48.0
1776884559.3791027,0.0,-2.0,-55.0
1776884559.3891027,0.0,-5.0,-63.0
1776884559.3991027,1.0,-4.0,-61.0
1776884559.409103,-2.0,-7.0,-60.0
1776884559.419103,-4.0,-6.0,-51.0
1776884559.429103,0.0,-10.0,-45.0
1776884559.4391026,0.0,-9.0,-48.0
1776884559.4491026,-1.0,-9.0,-51.0
1776884559.4591026,0.0,-10.0,-48.0
1776884559.4691026,0.0,-7.0,-49.0
1776884559.4791028,0.0,-10.0,-47.0
1776884559.4891028,1.0,-10.0,-45.0
1776884559.4991028,1.0,-10.0,-42.0
1776884559.5091028,0.0,-6.0,-41.0
1776884559.5191028,4.0,-6.0,-39.0
1776884559.5291028,0.0,-4.0,-41.0
1776884559.5391028,6.0,-2.0,-44.0
1776884559.5491028,9.0,-4.0,-40.0
1776884559.5591028,13.0,-6.0,-40.0
1776884559.5691028,13.0,-4.0,-47.0
1776884559.5791028,3.0,-5.0,-50.0
1776884559.5891027,4.0,-4.0,-49.0
1776884559.5991027,0.0,-3.0,-48.0
1776884559.6091027,3.0,-2.0,-48.0
1776884559.6191027,4.0,-2.0,-51.0
1776884559.6291027,0.0,-1.0,-51.0
1776884559.6391027,-4.0,0.0,-49.0
1776884559.6491027,-2.0,-1.0,-47.0
1776884559.659103,-4.0,0.0,-42.0
1776884559.669103,-6.0,-1.0,-41.0
1776884559.679103,-7.0,-5.0,-40.0
1776884559.6891026,-2.0,-2.0,-44.0
1776884559.6991026,-2.0,-4.0,-46.0
1776884559.7091026,-2.0,0.0,-48.0
1776884559.7191026,0.0,-4.0,-52.0
1776884559.7291028,2.0,-6.0,-57.0
1776884559.7391028,0.0,-7.0,-51.0
1776884559.7491028,0.0,-8.0,-49.0
1776884559.7591028,2.0,-7.0,-45.0
1776884559.7691028,0.0,-6.0,-48.0
1776884559.7791028,0.0,-3.0,-46.0
1776884559.7891028,0.0,0.0,-48.0
1776884559.7991028,0.0,1.0,-52.0
1776884559.8091028,-1.0,0.0,-53.0
1776884559.8191028,-3.0,1.0,-53.0
1776884559.8291028,0.0,0.0,-52.0
1776884559.8391027,0.0,2.0,-52.0
1776884559.8491027,-2.0,2.0,-45.0
1776884559.8591027,-3.0,0.0,-41.0
1776884559.8691027,-2.0,0.0,-43.0
1776884559.8791027,2.0,-5.0,-45.0
1776884559.8891027,3.0,-5.0,-39.0
1776884559.8991027,4.0,-4.0,-37.0
1776884559.909103,4.0,-6.0,-34.0
1776884559.919103,2.0,-6.0,-34.0
1776884559.929103,3.0,-4.0,-36.0
1776884559.9391026,5.0,-4.0,-38.0
1776884559.9491026,5.0,-7.0,-35.0
1776884559.9591026,5.0,-1.0,-41.0
1776884559.9691026,0.0,-3.0,-44.0
1776884559.9791028,-4.0,-3.0,-47.0
1776884559.9891028,-2.0,-5.0,-41.0
1776884559.9991028,-3.0,-4.0,-41.0
1776884560.0091028,0.0,-3.0,-34.0
1776884560.0191028,2.0,-5.0,-41.0
1776884560.0291028,1.0,-3.0,-51.0
1776884560.0391028,0.0,-4.0,-50.0
1776884560.0491028,3.0,-5.0,-50.0
1776884560.0591028,3.0,-2.0,-48.0
1776884560.0691028,5.0,0.0,-43.0
1776884560.0791028,6.0,-1.0,-44.0
1776884560.0891027,6.0,-1.0,-44.0
1776884560.0991027,5.0,1.0,-42.0
1776884560.1091027,4.0,0.0,-42.0
1776884560.1191027,3.0,0.0,-41.0
1776884560.1291027,7.0,2.0,-51.0
1776884560.1391027,3.0,0.0,-52.0
1776884560.1491027,2.0,0.0,-49.0
1776884560.159103,1.0,3.0,-53.0
1776884560.169103,10.0,3.0,-56.0
1776884560.179103,7.0,3.0,-56.0
1776884560.1891026,5.0,1.0,-57.0
1776884560.1991026,10.0,1.0,-64.0
1776884560.2091026,5.0,0.0,-62.0
1776884560.2191026,6.0,-1.0,-59.0
1776884560.2291028,3.0,0.0,-60.0
1776884560.2391028,3.0,-3.0,-59.0
1776884560.2491028,4.0,-2.0,-56.0
1776884560.2591028,3.0,-1.0,-50.0
1776884560.2691028,2.0,0.0,-45.0
1776884560.2791028,3.0,-1.0,-42.0
1776884560.2891028,5.0,-1.0,-44.0
1776884560.2991028,0.0,-2.0,-46.0
1776884560.3091028,0.0,-4.0,-52.0
1776884560.3191028,0.0,-6.0,-51.0
1776884560.3291028,-2.0,-6.0,-48.0
1776884560.3391027,-2.0,-6.0,-44.0
1776884560.3491027,-3.0,-9.0,-43.0
1776884560.3591027,-5.0,-3.0,-41.0
1776884560.3691027,-1.0,-4.0,-39.0
1776884560.3791027,-1.0,-5.0,-37.0
1776884560.3891027,2.0,-5.0,-39.0
1776884560.3991027,1.0,-6.0,-39.0
1776884560.409103,-2.0,-4.0,-36.0
1776884560.419103,0.0,-4.0,-39.0
1776884560.429103,0.0,-5.0,-44.0
1776884560.4391026,-2.0,-2.0,-45.0
1776884560.4491026,-1.0,2.0,-47.0
1776884560.4591026,-4.0,0.0,-46.0
1776884560.4691026,-9.0,1.0,-40.0
1776884560.4791028,-6.0,-1.0,-43.0
1776884560.4891028,-2.0,0.0,-45.0
1776884560.4991028,0.0,0.0,-43.0
1776884560.5091028,-2.0,2.0,-45.0
1776884560.5191028,-2.0,0.0,-44.0
1776884560.5291028,2.0,0.0,-42.0
1776884560.5391028,1.0,-1.0,-44.0
1776884560.5491028,0.0,-4.0,-44.0
1776884560.5591028,-2.0,-2.0,-40.0
1776884560.5691028,0.0,0.0,-41.0
1776884560.5791028,-3.0,-1.0,-44.0
1776884560.5891027,-10.0,-2.0,-38.0
1776884560.5991027,-10.0,0.0,-43.0
1776884560.6091027,-8.0,0.0,-42.0
1776884560.6191027,-6.0,-1.0,-38.0
1776884560.6291027,-3.0,-5.0,-39.0
1776884560.6391027,-3.0,-3.0,-43.0
1776884560.6491027,-6.0,-5.0,-46.0
1776884560.659103,-2.0,-2.0,-53.0
1776884560.669103,0.0,0.0,-57.0
1776884560.679103,-3.0,1.0,-60.0
1776884560.6891026,-1.0,2.0,-59.0
1776884560.6991026,-5.0,2.0,-57.0
1776884560.7091026,-8.0,3.0,-55.0
1776884560.7191026,-8.0,-1.0,-54.0
1776884560.7291028,-4.0,-3.0,-47.0
1776884560.7391028,-1.0,-2.0,-46.0
1776884560.7491028,1.0,1.0,-39.0
1776884560.7591028,-1.0,2.0,-38.0
1776884560.7691028,1.0,0.0,-39.0
1776884560.7791028,3.0,0.0,-42.0
1776884560.7891028,2.0,0.0,-50.0
1776884560.7991028,2.0,-1.0,-50.0
1776884560.8091028,0.0,1.0,-47.0
1776884560.8191028,1.0,0.0,-49.0
1776884560.8291028,2.0,0.0,-46.0
1776884560.8391027,1.0,2.0,-43.0
1776884560.8491027,-1.0,3.0,-44.0
1776884560.860103,-1.0,3.0,-46.0
1776884560.8691027,-3.0,4.0,-51.0
1776884560.8791027,-5.0,8.0,-57.0
1776884560.8901026,-4.0,4.0,-54.0
1776884560.9001029,-1.0,4.0,-59.0
1776884560.9101028,2.0,3.0,-58.0
1776884560.9201028,0.0,-1.0,-53.0
1776884560.9301028,-2.0,-3.0,-50.0
1776884560.9401028,-7.0,-5.0,-46.0
1776884560.9501028,-5.0,-6.0,-50.0
1776884560.9601028,-10.0,-3.0,-54.0
1776884560.9701028,-6.0,-5.0,-49.0
1776884560.9801028,-7.0,-6.0,-49.0
1776884560.9901028,-7.0,-6.0,-54.0
1776884561.0001028,-4.0,-6.0,-63.0
1776884561.0101027,-1.0,-4.0,-68.0
1776884561.0201027,-4.0,-4.0,-62.0
1776884561.0301027,-2.0,-2.0,-53.0
1776884561.0401027,0.0,-4.0,-51.0
1776884561.0501027,0.0,-2.0,-55.0
1776884561.0601027,2.0,-2.0,-56.0
1776884561.0701027,2.0,-2.0,-60.0
1776884561.0801027,6.0,-3.0,-60.0
1776884561.090103,8.0,-4.0,-50.0
1776884561.100103,11.0,-3.0,-48.0
1776884561.110103,7.0,-1.0,-46.0
1776884561.1201026,6.0,0.0,-44.0
1776884561.1301026,6.0,4.0,-42.0
1776884561.1401026,4.0,5.0,-42.0
1776884561.1501029,3.0,3.0,-43.0
1776884561.1601028,4.0,2.0,-43.0
1776884561.1701028,-4.0,0.0,-43.0
1776884561.1801028,-2.0,3.0,-44.0
1776884561.1901028,1.0,5.0,-44.0
1776884561.2001028,2.0,3.0,-51.0
1776884561.2101028,0.0,1.0,-50.0
1776884561.2201028,-1.0,2.0,-45.0
1776884561.2301028,-4.0,-3.0,-41.0
1776884561.2401028,-3.0,-3.0,-44.0
1776884561.2501028,1.0,-1.0,-42.0
1776884561.2601027,1.0,-4.0,-43.0
1776884561.2701027,1.0,-2.0,-44.0
1776884561.2801027,1.0,-5.0,-46.0
1776884561.2901027,3.0,-7.0,-40.0
1776884561.3001027,0.0,-8.0,-38.0
1776884561.3101027,1.0,-5.0,-32.0
1776884561.3201027,1.0,-5.0,-35.0
1776884561.3301027,0.0,-7.0,-39.0
1776884561.340103,0.0,-9.0,-40.0
1776884561.350103,1.0,-5.0,-42.0
1776884561.360103,1.0,0.0,-44.0
1776884561.3701026,1.0,0.0,-47.0
1776884561.3801026,-2.0,0.0,-43.0
1776884561.3901026,0.0,2.0,-43.0
1776884561.4001029,1.0,1.0,-51.0
1776884561.4101028,2.0,-3.0,-58.0
1776884561.4201028,4.0,0.0,-55.0
1776884561.4301028,5.0,3.0,-52.0
1776884561.4401028,1.0,2.0,-46.0
1776884561.4501028,-2.0,0.0,-44.0
1776884561.4601028,1.0,0.0,-51.0
1776884561.4701028,2.0,-4.0,-51.0
1776884561.4801028,4.0,-3.0,-52.0
1776884561.4901028,4.0,-2.0,-47.0
1776884561.5001028,5.0,-3.0,-56.0
1776884561.5101027,4.0,-6.0,-43.0
1776884561.5201027,-1.0,-12.0,-52.0
1776884561.5301027,-2.0,-9.0,-52.0
1776884561.5401027,0.0,-6.0,-52.0
1776884561.5501027,4.0,-5.0,-53.0
1776884561.5601027,3.0,-4.0,-48.0
1776884561.5701027,6.0,-8.0,-51.0
1776884561.5801027,5.0,-5.0,-49.0
1776884561.590103,5.0,-3.0,-52.0
1776884561.600103,8.0,-4.0,-53.0
1776884561.610103,6.0,0.0,-51.0
1776884561.6201026,3.0,-2.0,-58.0
1776884561.6301026,3.0,-3.0,-65.0
1776884561.6401026,8.0,-6.0,-58.0
1776884561.6501029,2.0,-2.0,-53.0
1776884561.6601028,0.0,-1.0,-51.0
1776884561.6701028,0.0,2.0,-51.0
1776884561.6801028,-1.0,4.0,-50.0
1776884561.6901028,0.0,4.0,-50.0
1776884561.7001028,0.0,2.0,-54.0
1776884561.7101028,4.0,0.0,-47.0
1776884561.7201028,5.0,-2.0,-47.0
1776884561.7301028,-1.0,-4.0,-47.0
1776884561.7401028,-5.0,-6.0,-47.0
1776884561.7501028,-6.0,-2.0,-51.0
1776884561.7601027,-2.0,-6.0,-47.0
1776884561.7701027,-3.0,-5.0,-44.0
1776884561.7801027,-2.0,-5.0,-43.0
1776884561.7901027,-7.0,-1.0,-45.0
1776884561.8001027,-8.0,1.0,-39.0
1776884561.8101027,-5.0,1.0,-42.0
1776884561.8201027,0.0,-3.0,-48.0
1776884561.8301027,-1.0,2.0,-53.0
1776884561.840103,0.0,6.0,-51.0
1776884561.850103,-4.0,0.0,-48.0
1776884561.860103,-5.0,-3.0,-49.0
1776884561.8701026,-6.0,-3.0,-50.0
1776884561.8801026,-5.0,-5.0,-51.0
1776884561.8901026,0.0,-7.0,-46.0
1776884561.9001029,3.0,-8.0,-49.0
1776884561.9101028,5.0,-7.0,-50.0
1776884561.9201028,5.0,-5.0,-51.0
1776884561.9301028,3.0,0.0,-54.0
1776884561.9401028,-1.0,-1.0,-54.0
1776884561.9501028,2.0,-3.0,-50.0
1776884561.9601028,5.0,-3.0,-44.0
1776884561.9701028,4.0,-4.0,-48.0
1776884561.9801028,4.0,-3.0,-47.0
1776884561.9901028,4.0,-4.0,-45.0
1776884562.0001028,-1.0,-3.0,-43.0
1776884562.0101027,0.0,-2.0,-47.0
1776884562.0201027,4.0,1.0,-44.0
1776884562.0301027,1.0,2.0,-48.0
1776884562.0401027,-3.0,0.0,-51.0
1776884562.0501027,-1.0,-5.0,-52.0
1776884562.0601027,2.0,-6.0,-53.0
1776884562.0701027,5.0,-4.0,-56.0
1776884562.0801027,4.0,-2.0,-52.0
1776884562.090103,4.0,1.0,-49.0
1776884562.100103,5.0,5.0,-49.0
1776884562.110103,1.0,5.0,-49.0
1776884562.1201026,2.0,5.0,-42.0
1776884562.1301026,2.0,1.0,-43.0
1776884562.1401026,6.0,2.0,-48.0
1776884562.1501029,5.0,0.0,-47.0
1776884562.1601028,6.0,0.0,-48.0
1776884562.1701028,5.0,2.0,-42.0
1776884562.1801028,1.0,2.0,-43.0
1776884562.1901028,0.0,3.0,-40.0
1776884562.2001028,-5.0,3.0,-46.0
1776884562.2101028,-5.0,2.0,-46.0
1776884562.2201028,-4.0,2.0,-43.0
1776884562.2301028,-5.0,0.0,-35.0
1776884562.2401028,-6.0,-2.0,-33.0
1776884562.2501028,-1.0,-2.0,-38.0
1776884562.2601027,0.0,-2.0,-34.0
1776884562.2701027,-1.0,-4.0,-33.0
1776884562.2801027,-3.0,0.0,-37.0
1776884562.2901027,-4.0,0.0,-42.0
1776884562.3001027,-4.0,2.0,-44.0
1776884562.3101027,-3.0,3.0,-38.0
1776884562.3201027,0.0,6.0,-40.0
1776884562.3301027,-4.0,6.0,-45.0
1776884562.340103,-5.0,2.0,-56.0
1776884562.350103,-1.0,-1.0,-53.0
1776884562.360103,1.0,-5.0,-55.0
1776884562.3701026,1.0,-3.0,-50.0
1776884562.3801026,1.0,0.0,-46.0
1776884562.3901026,-1.0,-1.0,-47.0
1776884562.4001029,-2.0,-2.0,-51.0
1776884562.4101028,0.0,-2.0,-48.0
1776884562.4201028,0.0,-6.0,-49.0
1776884562.4301028,1.0,-1.0,-53.0
1776884562.4401028,1.0,-2.0,-58.0
1776884562.4501028,0.0,0.0,-63.0
1776884562.4601028,-3.0,0.0,-69.0
1776884562.4701028,-2.0,0.0,-69.0
1776884562.4801028,-2.0,2.0,-70.0
1776884562.4901028,-2.0,0.0,-69.0
1776884562.5001028,-1.0,-2.0,-64.0
1776884562.5101027,-1.0,-2.0,-59.0
1776884562.5201027,4.0,2.0,-54.0
1776884562.5301027,6.0,1.0,-53.0
1776884562.5401027,3.0,-1.0,-52.0
1776884562.5501027,4.0,-4.0,-52.0
1776884562.5601027,3.0,-6.0,-50.0
1776884562.5701027,3.0,-6.0,-55.0
1776884562.5801027,0.0,-3.0,-49.0
1776884562.590103,0.0,0.0,-46.0
1776884562.600103,0.0,0.0,-53.0
1776884562.610103,2.0,-1.0,-58.0
1776884562.6201026,5.0,1.0,-57.0
1776884562.6301026,8.0,-7.0,-52.0
1776884562.6401026,5.0,-9.0,-55.0
1776884562.6501029,-1.0,-9.0,-50.0
1776884562.6601028,0.0,-8.0,-51.0
1776884562.6701028,-5.0,-5.0,-51.0
1776884562.6801028,-7.0,-4.0,-55.0
1776884562.6901028,-4.0,-1.0,-57.0
1776884562.7001028,-1.0,0.0,-50.0
1776884562.7101028,0.0,0.0,-49.0
1776884562.7201028,-2.0,2.0,-51.0
1776884562.7301028,-4.0,1.0,-51.0
1776884562.7401028,0.0,0.0,-49.0
1776884562.7501028,0.0,0.0,-48.0
1776884562.7601027,0.0,0.0,-49.0
1776884562.7701027,2.0,0.0,-49.0
1776884562.7801027,2.0,-5.0,-49.0
1776884562.7901027,-3.0,-4.0,-47.0
1776884562.8001027,2.0,-4.0,-41.0
1776884562.8101027,1.0,-2.0,-34.0
1776884562.8201027,-4.0,1.0,-36.0
1776884562.8311028,-1.0,0.0,-40.0
1776884562.840103,0.0,-7.0,-37.0
1776884562.8511028,4.0,-1.0,-36.0
1776884562.860103,3.0,-1.0,-41.0
1776884562.8711028,5.0,0.0,-46.0
1776884562.8811028,2.0,0.0,-47.0
1776884562.8911028,0.0,-3.0,-45.0
1776884562.9011028,5.0,-2.0,-50.0
1776884562.9111028,4.0,-1.0,-50.0
1776884562.9211028,1.0,0.0,-51.0
1776884562.9311028,3.0,5.0,-48.0
1776884562.9411027,-1.0,7.0,-44.0
1776884562.9511027,-4.0,6.0,-42.0
1776884562.9611027,-6.0,0.0,-40.0
1776884562.9711027,-7.0,-1.0,-42.0
1776884562.9811027,-5.0,-1.0,-40.0
1776884562.9911027,-8.0,-2.0,-44.0
1776884563.0011027,-7.0,0.0,-47.0
1776884563.011103,-6.0,0.0,-46.0
1776884563.021103,-4.0,3.0,-51.0
1776884563.031103,-2.0,2.0,-54.0
1776884563.0411026,-3.0,-3.0,-57.0
1776884563.0511026,-2.0,-4.0,-52.0
1776884563.0611026,-7.0,-3.0,-51.0
1776884563.0711029,0.0,0.0,-56.0
1776884563.0811028,0.0,1.0,-58.0
1776884563.0911028,1.0,-3.0,-54.0
1776884563.1011028,1.0,-1.0,-43.0
1776884563.1111028,6.0,-5.0,-48.0
1776884563.1211028,7.0,-3.0,-47.0
1776884563.1311028,3.0,-3.0,-46.0
1776884563.1411028,2.0,-4.0,-43.0
1776884563.1511028,4.0,-5.0,-43.0
1776884563.1611028,6.0,-8.0,-46.0
1776884563.1711028,-2.0,-4.0,-43.0
1776884563.1811028,-6.0,0.0,-43.0
1776884563.1911027,-6.0,0.0,-44.0
1776884563.2011027,-6.0,1.0,-44.0
1776884563.2111027,-2.0,1.0,-44.0
1776884563.2211027,-4.0,4.0,-44.0
1776884563.2311027,0.0,1.0,-48.0
1776884563.2411027,2.0,-1.0,-52.0
1776884563.2511027,1.0,-1.0,-55.0
1776884563.261103,-2.0,-1.0,-54.0
1776884563.271103,-4.0,0.0,-48.0
1776884563.281103,-1.0,0.0,-45.0
1776884563.2911026,3.0,0.0,-44.0
1776884563.3011026,-1.0,0.0,-38.0
1776884563.3111026,0.0,0.0,-35.0
1776884563.3211029,1.0,-1.0,-30.0
1776884563.3311028,-2.0,0.0,-30.0
1776884563.3411028,0.0,0.0,-34.0
1776884563.3511028,4.0,3.0,-38.0
1776884563.3611028,-3.0,4.0,-34.0
1776884563.3711028,-2.0,2.0,-37.0
1776884563.3811028,-6.0,-1.0,-42.0
1776884563.3911028,0.0,-3.0,-44.0
1776884563.4011028,1.0,-5.0,-46.0
1776884563.4111028,1.0,-4.0,-52.0
1776884563.4211028,-2.0,-4.0,-51.0
1776884563.4311028,-2.0,-8.0,-50.0
1776884563.4411027,-2.0,-5.0,-47.0
1776884563.4511027,-3.0,-6.0,-46.0
1776884563.4611027,0.0,-2.0,-43.0
1776884563.4711027,2.0,-1.0,-44.0
1776884563.4811027,6.0,-4.0,-48.0
1776884563.4911027,4.0,-2.0,-45.0
1776884563.5011027,1.0,0.0,-44.0
1776884563.511103,-6.0,0.0,-45.0
1776884563.521103,0.0,0.0,-44.0
1776884563.531103,-3.0,0.0,-38.0
1776884563.5411026,-4.0,-2.0,-45.0
1776884563.5511026,1.0,0.0,-49.0
1776884563.5611026,3.0,-1.0,-51.0
1776884563.5711029,4.0,-5.0,-52.0
1776884563.5811028,3.0,-6.0,-45.0
1776884563.5911028,0.0,-6.0,-42.0
1776884563.6011028,-2.0,-1.0,-37.0
1776884563.6111028,-6.0,-1.0,-40.0
1776884563.6211028,-2.0,-2.0,-47.0
1776884563.6311028,-4.0,-1.0,-46.0
1776884563.6411028,1.0,-1.0,-45.0
1776884563.6511028,6.0,-1.0,-43.0
1776884563.6611028,8.0,0.0,-47.0
1776884563.6711028,5.0,0.0,-50.0
1776884563.6811028,5.0,-1.0,-45.0
1776884563.6911027,9.0,3.0,-51.0
1776884563.7011027,6.0,4.0,-46.0
1776884563.7111027,5.0,0.0,-54.0
1776884563.7211027,1.0,1.0,-58.0
1776884563.7311027,-3.0,1.0,-57.0
1776884563.7411027,-1.0,-1.0,-54.0
1776884563.7511027,0.0,-1.0,-60.0
1776884563.761103,4.0,1.0,-65.0
1776884563.771103,6.0,1.0,-63.0
1776884563.781103,4.0,2.0,-63.0
1776884563.7911026,3.0,1.0,-62.0
1776884563.8011026,1.0,0.0,-53.0
1776884563.8111026,-1.0,-2.0,-55.0
1776884563.8211029,1.0,-5.0,-49.0
1776884563.8311028,1.0,-8.0,-47.0
1776884563.8411028,3.0,-9.0,-47.0
1776884563.8511028,3.0,-7.0,-49.0
1776884563.8611028,1.0,-7.0,-50.0
1776884563.8711028,0.0,-9.0,-48.0
1776884563.8811028,-3.0,-7.0,-54.0
1776884563.8911028,-7.0,-6.0,-58.0
1776884563.9011028,-2.0,-11.0,-54.0
1776884563.9111028,-2.0,-7.0,-55.0
1776884563.9211028,-2.0,-3.0,-55.0
1776884563.9311028,0.0,-4.0,-57.0
1776884563.9411027,-4.0,0.0,-57.0
1776884563.9511027,-5.0,1.0,-59.0
1776884563.9611027,-2.0,-3.0,-52.0
1776884563.9711027,0.0,-3.0,-49.0
1776884563.9811027,2.0,-2.0,-46.0
1776884563.9911027,2.0,1.0,-51.0
1776884564.0011027,3.0,-3.0,-52.0
1776884564.011103,0.0,0.0,-49.0
1776884564.021103,0.0,-1.0,-48.0
1776884564.031103,-1.0,0.0,-50.0
1776884564.0411026,0.0,0.0,-54.0
1776884564.0511026,0.0,-3.0,-53.0
1776884564.0611026,0.0,-1.0,-54.0
1776884564.0711029,0.0,-1.0,-47.0
1776884564.0811028,1.0,-4.0,-52.0
1776884564.0911028,2.0,-4.0,-55.0
1776884564.1011028,3.0,-5.0,-55.0
1776884564.1111028,5.0,-3.0,-61.0
1776884564.1211028,2.0,-4.0,-52.0
1776884564.1311028,1.0,-10.0,-54.0
1776884564.1411028,0.0,-8.0,-55.0
1776884564.1511028,0.0,-5.0,-51.0
1776884564.1611028,0.0,-4.0,-53.0
1776884564.1711028,0.0,-1.0,-50.0
1776884564.1811028,-5.0,0.0,-44.0
1776884564.1911027,-6.0,-3.0,-44.0
1776884564.2011027,-5.0,-5.0,-39.0
1776884564.2111027,-3.0,-6.0,-40.0
1776884564.2211027,-2.0,-8.0,-41.0
1776884564.2311027,-3.0,-4.0,-46.0
1776884564.2411027,-1.0,-3.0,-44.0
1776884564.2511027,0.0,-2.0,-42.0
1776884564.261103,0.0,0.0,-44.0
1776884564.271103,-3.0,0.0,-52.0
1776884564.281103,-4.0,-1.0,-51.0
1776884564.2911026,-1.0,1.0,-49.0
1776884564.3011026,-3.0,1.0,-52.0
1776884564.3111026,-5.0,3.0,-50.0
1776884564.3211029,-2.0,-1.0,-45.0
1776884564.3311028,-2.0,-5.0,-43.0
1776884564.3411028,-2.0,-7.0,-46.0
1776884564.3511028,-1.0,-6.0,-43.0
1776884564.3611028,-5.0,-8.0,-42.0
1776884564.3711028,-8.0,-11.0,-48.0
1776884564.3811028,-5.0,-3.0,-48.0
1776884564.3911028,-8.0,-2.0,-51.0
1776884564.4011028,-8.0,-3.0,-46.0
1776884564.4111028,-3.0,-2.0,-39.0
1776884564.4211028,-2.0,-7.0,-39.0
1776884564.4311028,-1.0,-7.0,-45.0
1776884564.4411027,0.0,-6.0,-44.0
1776884564.4511027,-2.0,-3.0,-48.0
1776884564.4611027,0.0,-2.0,-48.0
1776884564.4711027,-3.0,-3.0,-51.0
1776884564.4811027,-3.0,0.0,-53.0
1776884564.4911027,-2.0,1.0,-62.0
1776884564.5011027,-4.0,-1.0,-56.0
1776884564.511103,-2.0,0.0,-49.0
1776884564.521103,1.0,0.0,-48.0
1776884564.531103,5.0,-4.0,-39.0
1776884564.5411026,9.0,-8.0,-44.0
1776884564.5511026,10.0,-5.0,-46.0
1776884564.5611026,8.0,0.0,-50.0
1776884564.5711029,6.0,-1.0,-45.0
1776884564.5811028,4.0,1.0,-44.0
1776884564.5911028,-2.0,4.0,-44.0
1776884564.6011028,-1.0,1.0,-47.0
1776884564.6111028,-1.0,0.0,-44.0
1776884564.6211028,0.0,0.0,-38.0
1776884564.6311028,-1.0,-3.0,-37.0
1776884564.6411028,-2.0,-5.0,-34.0
1776884564.6511028,-1.0,-7.0,-37.0
1776884564.6611028,-4.0,-5.0,-37.0
1776884564.6711028,-2.0,-5.0,-37.0
1776884564.6811028,-2.0,-1.0,-47.0
1776884564.6911027,-1.0,1.0,-53.0
1776884564.7011027,2.0,1.0,-46.0
1776884564.7111027,3.0,2.0,-40.0
1776884564.7211027,2.0,3.0,-37.0
1776884564.7311027,1.0,0.0,-34.0
1776884564.7411027,-1.0,4.0,-30.0
1776884564.7511027,1.0,4.0,-33.0
1776884564.761103,5.0,6.0,-38.0
1776884564.771103,9.0,0.0,-44.0
1776884564.781103,2.0,0.0,-43.0
1776884564.7911026,3.0,1.0,-42.0
1776884564.8021028,4.0,3.0,-43.0
1776884564.8111026,-1.0,3.0,-42.0
1776884564.8221028,-3.0,-2.0,-39.0
1776884564.8321028,-7.0,0.0,-49.0
1776884564.8421028,-5.0,-1.0,-47.0
1776884564.8521028,-5.0,1.0,-50.0
1776884564.8621027,-8.0,-1.0,-49.0
1776884564.8721027,-5.0,3.0,-52.0
1776884564.8821027,-4.0,2.0,-53.0
1776884564.8921027,-5.0,0.0,-43.0
1776884564.9021027,-7.0,-2.0,-46.0
1776884564.9121027,-5.0,-3.0,-44.0
1776884564.9221027,-3.0,-6.0,-47.0
1776884564.932103,-3.0,-4.0,-48.0
1776884564.942103,0.0,-1.0,-46.0
1776884564.952103,0.0,3.0,-42.0
1776884564.962103,-2.0,4.0,-36.0
1776884564.9721026,-4.0,0.0,-38.0
1776884564.9821026,-1.0,3.0,-40.0
1776884564.9921026,-4.0,0.0,-43.0
1776884565.0021029,-4.0,-1.0,-42.0
1776884565.0121028,-2.0,-1.0,-43.0
1776884565.0221028,-3.0,-1.0,-47.0
1776884565.0321028,-4.0,-3.0,-47.0
1776884565.0421028,0.0,-3.0,-46.0
1776884565.0521028,3.0,-1.0,-48.0
1776884565.0621028,1.0,-3.0,-44.0
1776884565.0721028,4.0,0.0,-46.0
1776884565.0821028,4.0,-2.0,-47.0
1776884565.0921028,4.0,-4.0,-52.0
1776884565.1021028,0.0,-4.0,-59.0
1776884565.1121027,3.0,0.0,-52.0
1776884565.1221027,3.0,-5.0,-48.0
1776884565.1321027,4.0,-8.0,-46.0
1776884565.1421027,6.0,-7.0,-43.0
1776884565.1521027,1.0,-3.0,-40.0
1776884565.1621027,4.0,-3.0,-46.0
1776884565.1721027,4.0,-2.0,-49.0
1776884565.182103,2.0,-2.0,-53.0
1776884565.192103,5.0,-2.0,-54.0
1776884565.202103,-2.0,0.0,-50.0
1776884565.212103,0.0,-3.0,-46.0
1776884565.2221026,2.0,-3.0,-44.0
1776884565.2321026,3.0,0.0,-47.0
1776884565.2421026,2.0,4.0,-50.0
1776884565.2521029,1.0,4.0,-45.0
1776884565.2621028,1.0,2.0,-48.0
1776884565.2721028,0.0,0.0,-46.0
1776884565.2821028,2.0,-5.0,-49.0
1776884565.2921028,0.0,-2.0,-46.0
1776884565.3021028,3.0,-1.0,-46.0
1776884565.3121028,5.0,-3.0,-42.0
1776884565.3221028,7.0,-6.0,-49.0
1776884565.3321028,5.0,-7.0,-52.0
1776884565.3421028,7.0,-6.0,-43.0
1776884565.3521028,5.0,0.0,-40.0
1776884565.3621027,3.0,2.0,-44.0
1776884565.3721027,3.0,2.0,-45.0
1776884565.3821027,7.0,1.0,-44.0
1776884565.3921027,6.0,-1.0,-38.0
1776884565.4021027,5.0,-1.0,-48.0
1776884565.4121027,2.0,-2.0,-49.0
1776884565.4221027,-2.0,-3.0,-49.0
1776884565.432103,-4.0,0.0,-50.0
1776884565.442103,-5.0,4.0,-49.0
1776884565.452103,-5.0,5.0,-44.0
1776884565.462103,-5.0,8.0,-48.0
1776884565.4721026,-5.0,4.0,-41.0
1776884565.4821026,1.0,1.0,-44.0
1776884565.4921026,0.0,-1.0,-45.0
1776884565.5021029,-4.0,0.0,-48.0
1776884565.5121028,-2.0,0.0,-49.0
1776884565.5221028,-2.0,-3.0,-51.0
1776884565.5321028,0.0,-7.0,-50.0
1776884565.5421028,-5.0,-8.0,-43.0
1776884565.5521028,-3.0,-8.0,-43.0
1776884565.5621028,-2.0,-6.0,-46.0
1776884565.5721028,1.0,-5.0,-44.0
1776884565.5821028,0.0,-2.0,-42.0
1776884565.5921028,4.0,-6.0,-42.0
1776884565.6021028,7.0,-3.0,-51.0
1776884565.6121027,8.0,-3.0,-54.0
1776884565.6221027,4.0,2.0,-52.0
1776884565.6321027,3.0,3.0,-53.0
1776884565.6421027,4.0,6.0,-50.0
1776884565.6521027,4.0,3.0,-52.0
1776884565.6621027,2.0,1.0,-51.0
1776884565.6721027,6.0,-2.0,-53.0
1776884565.682103,2.0,-1.0,-51.0
1776884565.692103,4.0,-3.0,-50.0
1776884565.702103,2.0,-6.0,-47.0
1776884565.712103,3.0,-7.0,-42.0
1776884565.7221026,8.0,-3.0,-46.0
1776884565.7321026,6.0,-9.0,-40.0
1776884565.7421026,5.0,-7.0,-42.0
1776884565.7521029,0.0,-6.0,-48.0
1776884565.7621028,5.0,-4.0,-47.0
1776884565.7721028,9.0,0.0,-50.0
1776884565.7821028,9.0,1.0,-50.0
1776884565.7921028,7.0,0.0,-50.0
1776884565.8021028,6.0,-3.0,-44.0
1776884565.8121028,7.0,-1.0,-51.0
1776884565.8221028,5.0,0.0,-54.0
1776884565.8321028,2.0,2.0,-55.0
1776884565.8421028,2.0,0.0,-50.0
1776884565.8521028,0.0,-1.0,-55.0
1776884565.8621027,1.0,0.0,-56.0
1776884565.8721027,-2.0,1.0,-56.0
1776884565.8821027,-2.0,-1.0,-55.0
1776884565.8921027,2.0,-4.0,-52.0
1776884565.9021027,4.0,-2.0,-49.0
1776884565.9121027,1.0,-1.0,-49.0
1776884565.9221027,3.0,-2.0,-40.0
1776884565.932103,4.0,1.0,-40.0
1776884565.942103,1.0,4.0,-46.0
1776884565.952103,6.0,0.0,-53.0
1776884565.962103,8.0,-2.0,-55.0
1776884565.9721026,7.0,0.0,-49.0
1776884565.9821026,8.0,1.0,-44.0
1776884565.9921026,8.0,0.0,-45.0
1776884566.0021029,6.0,-3.0,-49.0
1776884566.0121028,3.0,-4.0,-46.0
1776884566.0221028,4.0,-1.0,-40.0
1776884566.0321028,4.0,-1.0,-41.0
1776884566.0421028,3.0,-2.0,-41.0
1776884566.0521028,4.0,-1.0,-46.0
1776884566.0621028,2.0,-3.0,-45.0
1776884566.0721028,2.0,-1.0,-44.0
1776884566.0821028,-3.0,-1.0,-46.0
1776884566.0921028,0.0,-4.0,-50.0
1776884566.1021028,0.0,-2.0,-46.0
1776884566.1121027,1.0,1.0,-48.0
1776884566.1221027,0.0,2.0,-47.0
1776884566.1321027,-2.0,1.0,-52.0
1776884566.1421027,-1.0,-1.0,-57.0
1776884566.1521027,-8.0,0.0,-52.0
1776884566.1621027,-8.0,1.0,-47.0
1776884566.1721027,-8.0,-1.0,-52.0
1776884566.182103,-12.0,0.0,-44.0
1776884566.192103,-10.0,0.0,-46.0
1776884566.202103,-6.0,1.0,-44.0
1776884566.212103,-7.0,3.0,-46.0
1776884566.2221026,-8.0,1.0,-38.0
1776884566.2321026,-7.0,3.0,-38.0
1776884566.2421026,-6.0,1.0,-31.0
1776884566.2521029,-7.0,8.0,-36.0
1776884566.2621028,-5.0,9.0,-32.0
1776884566.2721028,0.0,9.0,-33.0
1776884566.2821028,-2.0,7.0,-32.0
1776884566.2921028,0.0,4.0,-34.0
1776884566.3021028,-2.0,1.0,-34.0
1776884566.3121028,0.0,0.0,-34.0
1776884566.3221028,-4.0,-2.0,-33.0
1776884566.3321028,-10.0,2.0,-34.0
1776884566.3421028,-12.0,0.0,-34.0
1776884566.3521028,-10.0,-2.0,-32.0
1776884566.3621027,-5.0,0.0,-37.0
1776884566.3721027,-4.0,1.0,-40.0
1776884566.3821027,-6.0,2.0,-40.0
1776884566.3921027,-7.0,3.0,-41.0
1776884566.4021027,-7.0,1.0,-44.0
1776884566.4121027,-3.0,0.0,-46.0
1776884566.4221027,-7.0,-1.0,-49.0
1776884566.432103,-1.0,-6.0,-52.0
1776884566.442103,-1.0,-9.0,-51.0
1776884566.452103,-4.0,-7.0,-61.0
1776884566.462103,-3.0,-3.0,-61.0
1776884566.4721026,0.0,0.0,-64.0
1776884566.4821026,0.0,0.0,-64.0
1776884566.4921026,0.0,-1.0,-66.0
1776884566.5021029,-1.0,-1.0,-64.0
1776884566.5121028,0.0,-5.0,-67.0
1776884566.5221028,-1.0,-10.0,-66.0
1776884566.5321028,0.0,-9.0,-64.0
1776884566.5421028,1.0,-5.0,-64.0
1776884566.5521028,0.0,-6.0,-62.0
1776884566.5621028,-1.0,-5.0,-55.0
1776884566.5721028,-1.0,-3.0,-52.0
1776884566.5821028,0.0,-1.0,-50.0
1776884566.5921028,-4.0,5.0,-52.0
1776884566.6021028,-8.0,5.0,-43.0
1776884566.6121027,-5.0,5.0,-45.0
1776884566.6221027,-1.0,5.0,-49.0
1776884566.6321027,0.0,7.0,-47.0
1776884566.6421027,2.0,5.0,-45.0
1776884566.6521027,4.0,0.0,-49.0
1776884566.6621027,6.0,2.0,-52.0
1776884566.6721027,4.0,4.0,-54.0
1776884566.682103,0.0,0.0,-61.0
1776884566.692103,-1.0,0.0,-58.0
1776884566.702103,-2.0,0.0,-60.0
1776884566.712103,0.0,0.0,-61.0
1776884566.7221026,0.0,-4.0,-62.0
1776884566.7321026,4.0,-6.0,-53.0
1776884566.7421026,3.0,-8.0,-54.0
1776884566.7531028,1.0,-6.0,-45.0
1776884566.7621028,1.0,-3.0,-38.0
1776884566.7721028,0.0,-2.0,-35.0
1776884566.7821028,-1.0,-2.0,-33.0
1776884566.7931027,0.0,-3.0,-41.0
1776884566.8031027,2.0,0.0,-40.0
1776884566.8131027,4.0,0.0,-46.0
1776884566.8231027,0.0,-2.0,-48.0
1776884566.8331027,4.0,-1.0,-42.0
1776884566.8431027,6.0,0.0,-48.0
1776884566.8531027,8.0,0.0,-49.0
1776884566.863103,11.0,0.0,-50.0
1776884566.873103,11.0,1.0,-45.0
1776884566.883103,6.0,-2.0,-45.0
1776884566.8931026,6.0,-1.0,-39.0
1776884566.9031026,6.0,1.0,-41.0
1776884566.9131026,1.0,1.0,-43.0
1776884566.9231029,4.0,0.0,-42.0
1776884566.9331028,1.0,0.0,-34.0
1776884566.9431028,3.0,3.0,-32.0
1776884566.9531028,3.0,0.0,-42.0
1776884566.9631028,0.0,1.0,-51.0
1776884566.9731028,-2.0,0.0,-54.0
1776884566.9831028,2.0,3.0,-46.0
1776884566.9931028,2.0,0.0,-38.0
1776884567.0031028,-2.0,-3.0,-51.0
1776884567.0131028,-3.0,0.0,-42.0
1776884567.0231028,-3.0,2.0,-47.0
1776884567.0331028,-5.0,1.0,-48.0
1776884567.0431027,-3.0,1.0,-50.0
1776884567.0531027,0.0,0.0,-50.0
1776884567.0631027,-2.0,0.0,-46.0
1776884567.0731027,0.0,0.0,-39.0
1776884567.0831027,-1.0,0.0,-42.0
1776884567.0931027,-3.0,1.0,-45.0
1776884567.1031027,-2.0,2.0,-40.0
1776884567.113103,0.0,3.0,-39.0
1776884567.123103,0.0,4.0,-40.0
1776884567.133103,3.0,6.0,-45.0
1776884567.1431026,0.0,6.0,-44.0
1776884567.1531026,5.0,0.0,-47.0
1776884567.1631026,0.0,0.0,-44.0
1776884567.1731029,-2.0,3.0,-40.0
1776884567.1831028,-1.0,6.0,-38.0
1776884567.1931028,0.0,0.0,-36.0
1776884567.2031028,2.0,0.0,-40.0
1776884567.2131028,5.0,0.0,-45.0
1776884567.2231028,3.0,2.0,-44.0
1776884567.2331028,4.0,1.0,-48.0
1776884567.2431028,4.0,2.0,-47.0
1776884567.2531028,4.0,0.0,-50.0
1776884567.2631028,1.0,1.0,-49.0
1776884567.2731028,0.0,0.0,-55.0
1776884567.2831028,1.0,4.0,-56.0
1776884567.2931027,0.0,0.0,-50.0
1776884567.3031027,0.0,-1.0,-44.0
1776884567.3131027,0.0,-3.0,-42.0
1776884567.3231027,3.0,-3.0,-46.0
1776884567.3331027,6.0,-2.0,-50.0
1776884567.3431027,5.0,-1.0,-49.0
1776884567.3531027,8.0,1.0,-48.0
1776884567.363103,0.0,1.0,-54.0
1776884567.373103,0.0,3.0,-56.0
1776884567.383103,-1.0,-1.0,-52.0
1776884567.3931026,2.0,0.0,-54.0
1776884567.4031026,-1.0,0.0,-55.0
1776884567.4131026,1.0,-3.0,-48.0
1776884567.4231029,6.0,-3.0,-51.0
1776884567.4331028,5.0,0.0,-47.0
1776884567.4431028,-1.0,-2.0,-42.0
1776884567.4531028,2.0,2.0,-44.0
1776884567.4631028,3.0,6.0,-47.0
1776884567.4731028,2.0,5.0,-46.0
1776884567.4831028,0.0,2.0,-46.0
1776884567.4931028,2.0,2.0,-44.0
1776884567.5031028,0.0,1.0,-46.0
1776884567.5131028,0.0,0.0,-52.0
1776884567.5231028,2.0,-5.0,-49.0
1776884567.5331028,5.0,-5.0,-44.0
1776884567.5431027,5.0,-8.0,-42.0
1776884567.5531027,6.0,-6.0,-33.0
1776884567.5631027,3.0,-5.0,-29.0
1776884567.5731027,0.0,-5.0,-31.0
1776884567.5831027,0.0,-5.0,-37.0
1776884567.5931027,2.0,-6.0,-35.0
1776884567.6031027,1.0,-4.0,-41.0
1776884567.613103,-1.0,-5.0,-42.0
1776884567.623103,-4.0,0.0,-39.0
1776884567.633103,-3.0,1.0,-46.0
1776884567.6431026,0.0,4.0,-47.0
1776884567.6531026,4.0,1.0,-49.0
1776884567.6631026,5.0,-7.0,-49.0
1776884567.6731029,6.0,-10.0,-45.0
1776884567.6831028,9.0,-7.0,-43.0
1776884567.6931028,10.0,-8.0,-44.0
1776884567.7031028,10.0,-10.0,-40.0
1776884567.7131028,6.0,-10.0,-40.0
1776884567.7231028,3.0,-8.0,-42.0
1776884567.7331028,3.0,-6.0,-47.0
1776884567.7431028,2.0,-6.0,-53.0
1776884567.7531028,0.0,-8.0,-55.0
1776884567.7631028,5.0,-10.0,-52.0
1776884567.7731028,7.0,-8.0,-47.0
1776884567.7831028,8.0,-4.0,-43.0
1776884567.7931027,4.0,-7.0,-40.0
1776884567.8031027,6.0,-8.0,-44.0
1776884567.8131027,9.0,-8.0,-54.0
1776884567.8231027,7.0,-6.0,-56.0
1776884567.8331027,1.0,-6.0,-51.0
1776884567.8431027,-3.0,-7.0,-56.0
1776884567.8531027,-1.0,-5.0,-55.0
1776884567.863103,1.0,-6.0,-51.0
1776884567.873103,-3.0,-7.0,-53.0
1776884567.883103,-3.0,-7.0,-56.0
1776884567.8931026,-1.0,-2.0,-55.0
1776884567.9031026,0.0,-6.0,-58.0
1776884567.9141028,1.0,-5.0,-56.0
1776884567.9231029,0.0,-8.0,-54.0
1776884567.9331028,2.0,-6.0,-56.0
1776884567.9431028,-1.0,0.0,-59.0
1776884567.9531028,1.0,-4.0,-58.0
1776884567.9631028,-1.0,-1.0,-58.0
1776884567.9731028,0.0,-4.0,-48.0
1776884567.9831028,0.0,-2.0,-45.0
1776884567.9931028,-2.0,-5.0,-42.0
1776884568.0031028,-3.0,-6.0,-43.0
1776884568.0131028,-4.0,-6.0,-35.0
1776884568.0231028,-2.0,-8.0,-33.0
1776884568.0331028,0.0,-4.0,-35.0
1776884568.0431027,4.0,-6.0,-52.0
1776884568.0531027,2.0,-5.0,-51.0
1776884568.0631027,6.0,-4.0,-46.0
1776884568.0731027,4.0,-4.0,-56.0
1776884568.0831027,2.0,-6.0,-59.0
1776884568.0931027,1.0,-5.0,-51.0
1776884568.1031027,1.0,-5.0,-53.0
1776884568.113103,-2.0,-4.0,-52.0
1776884568.123103,-2.0,-6.0,-45.0
1776884568.133103,1.0,-8.0,-42.0
1776884568.1431026,3.0,-3.0,-38.0
1776884568.1531026,2.0,-4.0,-42.0
1776884568.1631026,2.0,-8.0,-45.0
1776884568.1731029,2.0,-12.0,-49.0
1776884568.1831028,7.0,-11.0,-50.0
1776884568.1931028,12.0,-8.0,-47.0
1776884568.2031028,6.0,-5.0,-46.0
1776884568.2131028,6.0,-5.0,-49.0
1776884568.2231028,10.0,-4.0,-54.0
1776884568.2331028,7.0,-4.0,-56.0
1776884568.2431028,4.0,-2.0,-52.0
1776884568.2531028,2.0,-3.0,-45.0
1776884568.2631028,4.0,-1.0,-44.0
1776884568.2731028,2.0,1.0,-49.0
1776884568.2831028,3.0,0.0,-46.0
1776884568.2931027,4.0,-2.0,-43.0
1776884568.3031027,3.0,-4.0,-39.0
1776884568.3131027,6.0,-6.0,-41.0
1776884568.3231027,6.0,-6.0,-47.0
1776884568.3331027,7.0,-6.0,-46.0
1776884568.3431027,7.0,0.0,-47.0
1776884568.3531027,4.0,1.0,-48.0
1776884568.363103,2.0,-1.0,-47.0
1776884568.373103,0.0,0.0,-47.0
1776884568.383103,-2.0,1.0,-47.0
1776884568.3931026,0.0,-2.0,-47.0
1776884568.4031026,0.0,-3.0,-49.0
1776884568.4131026,2.0,1.0,-57.0
1776884568.4231029,4.0,-1.0,-53.0
1776884568.4331028,2.0,-4.0,-58.0
1776884568.4431028,-1.0,-5.0,-60.0
1776884568.4531028,0.0,-6.0,-54.0
1776884568.4631028,-3.0,-5.0,-49.0
1776884568.4731028,-2.0,-4.0,-57.0
1776884568.4831028,1.0,-5.0,-59.0
1776884568.4931028,0.0,-3.0,-55.0
1776884568.5031028,0.0,-2.0,-59.0
1776884568.5131028,1.0,-3.0,-58.0
1776884568.5231028,1.0,-5.0,-45.0
1776884568.5331028,0.0,-4.0,-42.0
1776884568.5431027,0.0,-4.0,-34.0
1776884568.5531027,4.0,-2.0,-32.0
1776884568.5631027,4.0,1.0,-33.0
1776884568.5731027,4.0,0.0,-39.0
1776884568.5831027,0.0,2.0,-46.0
1776884568.5931027,-6.0,0.0,-43.0
1776884568.6031027,-2.0,-3.0,-46.0
1776884568.613103,-4.0,-7.0,-52.0
1776884568.623103,-8.0,-10.0,-56.0
1776884568.633103,-10.0,-9.0,-63.0
1776884568.6431026,-9.0,-7.0,-66.0
1776884568.6531026,-10.0,-5.0,-63.0
1776884568.6631026,-10.0,0.0,-59.0
1776884568.6731029,-10.0,0.0,-50.0
1776884568.6831028,-5.0,1.0,-50.0
1776884568.6931028,0.0,0.0,-50.0
1776884568.7031028,3.0,-1.0,-44.0
1776884568.7131028,3.0,-1.0,-45.0
1776884568.7231028,1.0,0.0,-41.0
1776884568.7331028,0.0,3.0,-43.0
1776884568.7431028,1.0,3.0,-44.0
1776884568.7541027,-4.0,1.0,-47.0
1776884568.7641027,-3.0,1.0,-43.0
1776884568.7741027,-1.0,-2.0,-44.0
1776884568.784103,2.0,-2.0,-45.0
1776884568.794103,1.0,-1.0,-41.0
1776884568.804103,1.0,0.0,-34.0
1776884568.8141026,0.0,1.0,-34.0
1776884568.8241026,-2.0,0.0,-37.0
1776884568.8341026,-2.0,3.0,-38.0
1776884568.8441026,-7.0,1.0,-40.0
1776884568.8541028,0.0,0.0,-46.0
1776884568.8641028,2.0,-7.0,-46.0
1776884568.8741028,6.0,-7.0,-49.0
1776884568.8841028,1.0,-4.0,-41.0
1776884568.8941028,-1.0,-4.0,-40.0
1776884568.9041028,1.0,-5.0,-39.0
1776884568.9141028,-1.0,-4.0,-41.0
1776884568.9241028,-1.0,-7.0,-41.0
1776884568.9341028,-1.0,-4.0,-46.0
1776884568.9441028,-4.0,-5.0,-38.0
1776884568.9541028,-5.0,-5.0,-34.0
1776884568.9641027,-5.0,-2.0,-37.0
1776884568.9741027,-4.0,-7.0,-36.0
1776884568.9841027,-4.0,-7.0,-31.0
1776884568.9941027,-5.0,-4.0,-33.0
1776884569.0041027,0.0,-1.0,-42.0
1776884569.0141027,2.0,0.0,-41.0
1776884569.0241027,1.0,-3.0,-34.0
1776884569.034103,-1.0,-4.0,-38.0
1776884569.044103,0.0,-6.0,-41.0
1776884569.054103,2.0,-4.0,-34.0
1776884569.0641026,6.0,-3.0,-36.0
1776884569.0741026,2.0,-4.0,-37.0
1776884569.0841026,0.0,-2.0,-39.0
1776884569.0941026,-4.0,-1.0,-42.0
1776884569.1041028,-1.0,-3.0,-50.0
1776884569.1141028,3.0,-8.0,-51.0
1776884569.1241028,-1.0,-7.0,-60.0
1776884569.1341028,-2.0,-10.0,-56.0
1776884569.1441028,-5.0,-5.0,-49.0
1776884569.1541028,-5.0,-1.0,-46.0
1776884569.1641028,-1.0,1.0,-57.0
1776884569.1741028,-1.0,-2.0,-53.0
1776884569.1841028,3.0,-8.0,-52.0
1776884569.1941028,3.0,-5.0,-50.0
1776884569.2041028,3.0,-4.0,-49.0
1776884569.2141027,3.0,-7.0,-45.0
1776884569.2241027,4.0,-7.0,-48.0
1776884569.2341027,0.0,-8.0,-49.0
1776884569.2441027,2.0,-6.0,-48.0
1776884569.2541027,2.0,-2.0,-50.0
1776884569.2641027,3.0,-5.0,-47.0
1776884569.2741027,1.0,-4.0,-42.0
1776884569.284103,0.0,0.0,-46.0
1776884569.294103,-5.0,2.0,-49.0
1776884569.304103,3.0,2.0,-53.0
1776884569.3141026,1.0,1.0,-52.0
1776884569.3241026,1.0,0.0,-52.0
1776884569.3341026,2.0,0.0,-48.0
1776884569.3441026,1.0,-2.0,-53.0
1776884569.3541028,2.0,-1.0,-58.0
1776884569.3641028,1.0,-1.0,-62.0
1776884569.3741028,2.0,-6.0,-60.0
1776884569.3841028,1.0,-8.0,-58.0
1776884569.3941028,0.0,-4.0,-54.0
1776884569.4041028,1.0,0.0,-52.0
1776884569.4141028,0.0,3.0,-51.0
1776884569.4241028,0.0,4.0,-44.0
1776884569.4341028,-3.0,0.0,-42.0
1776884569.4441028,1.0,1.0,-46.0
1776884569.4541028,4.0,-3.0,-53.0
1776884569.4641027,7.0,-7.0,-53.0
1776884569.4741027,1.0,-13.0,-48.0
1776884569.4841027,1.0,-11.0,-53.0
1776884569.4941027,-1.0,-8.0,-49.0
1776884569.5041027,-3.0,-10.0,-52.0
1776884569.5141027,-4.0,-4.0,-46.0
1776884569.5241027,-5.0,0.0,-48.0
1776884569.534103,-1.0,0.0,-48.0
1776884569.544103,0.0,-1.0,-49.0
1776884569.554103,1.0,0.0,-52.0
1776884569.5641026,0.0,0.0,-47.0
1776884569.5741026,0.0,-5.0,-47.0
1776884569.5841026,3.0,-5.0,-48.0
1776884569.5941026,6.0,-5.0,-54.0
1776884569.6041028,8.0,0.0,-53.0
1776884569.6141028,6.0,0.0,-47.0
1776884569.6241028,3.0,-4.0,-41.0
1776884569.6341028,1.0,-6.0,-34.0
1776884569.6441028,0.0,-2.0,-34.0
1776884569.6541028,1.0,1.0,-30.0
1776884569.6641028,-1.0,-2.0,-31.0
1776884569.6741028,0.0,-2.0,-40.0
1776884569.6841028,2.0,-2.0,-46.0
1776884569.6941028,2.0,-3.0,-53.0
1776884569.7041028,4.0,-4.0,-51.0
1776884569.7141027,6.0,-2.0,-43.0
1776884569.7241027,12.0,-2.0,-44.0
1776884569.7341027,9.0,0.0,-44.0
1776884569.7441027,6.0,-1.0,-41.0
1776884569.7541027,0.0,-4.0,-39.0
1776884569.7641027,-4.0,-4.0,-40.0
1776884569.7741027,-4.0,-1.0,-47.0
1776884569.784103,-3.0,1.0,-44.0
1776884569.794103,-3.0,4.0,-43.0
1776884569.804103,0.0,2.0,-39.0
1776884569.8141026,0.0,0.0,-45.0
1776884569.8241026,0.0,-2.0,-47.0
1776884569.8341026,-2.0,-1.0,-48.0
1776884569.8441026,-3.0,1.0,-52.0
1776884569.8541028,0.0,6.0,-49.0
1776884569.8641028,0.0,3.0,-46.0
1776884569.8741028,-4.0,2.0,-50.0
1776884569.8841028,-1.0,2.0,-44.0
1776884569.8941028,0.0,1.0,-38.0
1776884569.9041028,2.0,0.0,-39.0
1776884569.9141028,1.0,-2.0,-42.0
1776884569.9241028,1.0,-4.0,-40.0
1776884569.9341028,-1.0,0.0,-44.0
1776884569.9441028,0.0,2.0,-46.0
1776884569.9541028,0.0,3.0,-49.0
1776884569.9641027,-2.0,1.0,-47.0
1776884569.9741027,-7.0,1.0,-48.0
1776884569.9841027,-3.0,0.0,-52.0
1776884569.9941027,-5.0,0.0,-52.0
1776884570.0041027,-1.0,0.0,-50.0
1776884570.0141027,-4.0,3.0,-48.0
1776884570.0241027,-5.0,5.0,-49.0
1776884570.034103,-5.0,5.0,-48.0
1776884570.044103,-11.0,5.0,-49.0
1776884570.054103,-8.0,3.0,-44.0
1776884570.0641026,-5.0,3.0,-40.0
1776884570.0741026,-3.0,6.0,-45.0
1776884570.0841026,-2.0,1.0,-41.0
1776884570.0941026,0.0,1.0,-38.0
1776884570.1041028,0.0,2.0,-44.0
1776884570.1141028,0.0,2.0,-44.0
1776884570.1241028,0.0,0.0,-48.0
1776884570.1341028,4.0,-3.0,-51.0
1776884570.1441028,-1.0,-6.0,-50.0
1776884570.1541028,-3.0,-8.0,-48.0
1776884570.1641028,-3.0,-7.0,-46.0
1776884570.1741028,-6.0,-4.0,-45.0
1776884570.1841028,-8.0,-3.0,-49.0
1776884570.1941028,-7.0,-4.0,-51.0
1776884570.2041028,-4.0,-4.0,-45.0
1776884570.2141027,-4.0,-8.0,-48.0
1776884570.2241027,0.0,-2.0,-55.0
1776884570.2341027,1.0,5.0,-61.0
1776884570.2441027,1.0,3.0,-60.0
1776884570.2541027,0.0,2.0,-56.0
1776884570.2641027,1.0,0.0,-53.0
1776884570.2741027,7.0,0.0,-49.0
1776884570.284103,4.0,2.0,-52.0
1776884570.294103,1.0,1.0,-56.0
1776884570.304103,3.0,0.0,-58.0
1776884570.3141026,5.0,-2.0,-53.0
1776884570.3241026,5.0,-4.0,-49.0
1776884570.3341026,4.0,-1.0,-53.0
1776884570.3441026,5.0,-2.0,-53.0
1776884570.3541028,8.0,-1.0,-54.0
1776884570.3641028,2.0,-4.0,-51.0
1776884570.3741028,-1.0,-3.0,-47.0
1776884570.3841028,-5.0,-4.0,-46.0
1776884570.3941028,-2.0,-6.0,-45.0
1776884570.4041028,-1.0,-8.0,-42.0
1776884570.4141028,0.0,-7.0,-35.0
1776884570.4241028,1.0,-8.0,-36.0
1776884570.4341028,0.0,-8.0,-32.0
1776884570.4441028,-4.0,-3.0,-33.0
1776884570.4541028,-4.0,-1.0,-36.0
1776884570.4641027,0.0,-1.0,-39.0
1776884570.4741027,1.0,-1.0,-41.0
1776884570.4841027,3.0,-4.0,-46.0
1776884570.4941027,3.0,-3.0,-50.0
1776884570.5041027,9.0,-9.0,-58.0
1776884570.5141027,4.0,-7.0,-58.0
1776884570.5241027,-1.0,-3.0,-50.0
1776884570.534103,-1.0,-3.0,-56.0
1776884570.544103,-6.0,-2.0,-60.0
1776884570.554103,-5.0,-2.0,-53.0
1776884570.5641026,-2.0,-4.0,-49.0
1776884570.5741026,-1.0,-5.0,-43.0
1776884570.5841026,2.0,-4.0,-44.0
1776884570.5941026,2.0,-5.0,-50.0
1776884570.6041028,5.0,-2.0,-54.0
1776884570.6141028,6.0,-4.0,-47.0
1776884570.6241028,6.0,-1.0,-41.0
1776884570.6341028,2.0,2.0,-43.0
1776884570.6441028,1.0,1.0,-47.0
1776884570.6541028,0.0,0.0,-50.0
1776884570.6641028,4.0,0.0,-58.0
1776884570.6741028,1.0,-2.0,-54.0
1776884570.6841028,6.0,-2.0,-52.0
1776884570.6941028,9.0,-5.0,-47.0
1776884570.7041028,7.0,-5.0,-50.0
1776884570.7141027,3.0,-8.0,-50.0
1776884570.725103,-1.0,-12.0,-52.0
1776884570.735103,-1.0,-13.0,-54.0
1776884570.7451026,-1.0,-9.0,-50.0
1776884570.7551026,0.0,-4.0,-53.0
1776884570.7651026,1.0,0.0,-56.0
1776884570.7751029,-3.0,3.0,-58.0
1776884570.7851028,-3.0,3.0,-51.0
1776884570.7951028,0.0,3.0,-45.0
1776884570.8051028,0.0,-1.0,-44.0
1776884570.8151028,3.0,0.0,-42.0
1776884570.8251028,0.0,0.0,-45.0
1776884570.8351028,2.0,-4.0,-48.0
1776884570.8451028,0.0,-2.0,-51.0
1776884570.8551028,2.0,-5.0,-47.0
1776884570.8651028,0.0,-3.0,-46.0
1776884570.8751028,4.0,0.0,-48.0
1776884570.8851027,4.0,-2.0,-56.0
1776884570.8951027,1.0,0.0,-55.0
1776884570.9051027,-1.0,2.0,-47.0
1776884570.9151027,-3.0,2.0,-48.0
1776884570.9251027,-4.0,3.0,-50.0
1776884570.9351027,-2.0,2.0,-46.0
1776884570.9451027,2.0,-2.0,-40.0
1776884570.9551027,3.0,-4.0,-40.0
1776884570.965103,0.0,-5.0,-43.0
1776884570.975103,4.0,-5.0,-49.0
1776884570.985103,7.0,-9.0,-45.0
1776884570.9951026,9.0,-7.0,-47.0
1776884571.0051026,15.0,-8.0,-40.0
1776884571.0151026,8.0,-10.0,-42.0
1776884571.0251029,4.0,-5.0,-42.0
1776884571.0351028,0.0,-6.0,-45.0
1776884571.0451028,-7.0,-6.0,-44.0
1776884571.0551028,-8.0,-3.0,-49.0
1776884571.0651028,-11.0,-4.0,-45.0
1776884571.0751028,-8.0,-5.0,-42.0
1776884571.0851028,-9.0,0.0,-50.0
1776884571.0951028,-4.0,1.0,-47.0
1776884571.1051028,-4.0,2.0,-40.0
1776884571.1151028,-5.0,-1.0,-38.0
1776884571.1251028,-4.0,-6.0,-40.0
1776884571.1351027,1.0,-3.0,-42.0
1776884571.1451027,5.0,-2.0,-44.0
1776884571.1551027,4.0,-2.0,-45.0
1776884571.1651027,7.0,-4.0,-38.0
1776884571.1751027,7.0,-4.0,-34.0
1776884571.1851027,4.0,-6.0,-35.0
1776884571.1951027,1.0,0.0,-33.0
1776884571.2051027,-2.0,-1.0,-38.0
1776884571.215103,0.0,0.0,-41.0
1776884571.225103,-3.0,-2.0,-45.0
1776884571.235103,-9.0,0.0,-49.0
1776884571.2451026,-8.0,-2.0,-45.0
1776884571.2551026,-10.0,0.0,-50.0
1776884571.2651026,-7.0,0.0,-49.0
1776884571.2751029,-4.0,-2.0,-47.0
1776884571.2851028,-2.0,-3.0,-48.0
1776884571.2951028,1.0,-4.0,-51.0
1776884571.3051028,1.0,-1.0,-52.0
1776884571.3151028,-2.0,1.0,-50.0
1776884571.3251028,0.0,1.0,-60.0
1776884571.3351028,3.0,2.0,-62.0
1776884571.3451028,0.0,-1.0,-61.0
1776884571.3551028,-4.0,0.0,-59.0
1776884571.3651028,-3.0,2.0,-59.0
1776884571.3751028,0.0,2.0,-56.0
1776884571.3851027,-1.0,2.0,-56.0
1776884571.3951027,-2.0,-2.0,-55.0
1776884571.4051027,0.0,-5.0,-51.0
1776884571.4151027,4.0,-5.0,-53.0
1776884571.4251027,7.0,-7.0,-54.0
1776884571.4351027,6.0,-8.0,-55.0
1776884571.4451027,3.0,-3.0,-53.0
1776884571.4551027,1.0,-3.0,-53.0
1776884571.465103,3.0,-1.0,-56.0
1776884571.475103,3.0,-1.0,-51.0
1776884571.485103,6.0,0.0,-52.0
1776884571.4951026,3.0,4.0,-57.0
1776884571.5051026,0.0,3.0,-53.0
1776884571.5151026,1.0,0.0,-49.0
1776884571.5251029,2.0,1.0,-49.0
1776884571.5351028,1.0,-2.0,-53.0
1776884571.5451028,0.0,0.0,-55.0
1776884571.5551028,0.0,0.0,-53.0
1776884571.5651028,-6.0,2.0,-48.0
1776884571.5751028,-1.0,-1.0,-46.0
1776884571.5851028,1.0,-5.0,-47.0
1776884571.5951028,-5.0,-4.0,-49.0
1776884571.6051028,-8.0,-1.0,-57.0
1776884571.6151028,-7.0,-2.0,-54.0
1776884571.6251028,-6.0,-3.0,-50.0
1776884571.6351027,-8.0,-2.0,-48.0
1776884571.6451027,-5.0,-4.0,-48.0
1776884571.6551027,-7.0,-5.0,-52.0
1776884571.6651027,-1.0,-6.0,-57.0
1776884571.6751027,1.0,-9.0,-53.0
1776884571.6851027,1.0,-9.0,-52.0
1776884571.6951027,3.0,-7.0,-47.0
1776884571.7051027,0.0,-7.0,-51.0
1776884571.715103,0.0,-5.0,-52.0
1776884571.725103,0.0,-3.0,-56.0
1776884571.735103,0.0,0.0,-58.0
1776884571.7451026,0.0,3.0,-52.0
1776884571.7551026,0.0,4.0,-46.0
1776884571.7651026,-1.0,3.0,-43.0
1776884571.7751029,-3.0,1.0,-45.0
1776884571.7851028,-4.0,3.0,-44.0
1776884571.7951028,-2.0,2.0,-46.0
1776884571.8051028,-1.0,1.0,-46.0
1776884571.8151028,3.0,-3.0,-44.0
1776884571.8251028,0.0,0.0,-45.0
1776884571.8351028,0.0,-2.0,-48.0
1776884571.8451028,1.0,-1.0,-45.0
1776884571.8551028,-2.0,-1.0,-43.0
1776884571.8651028,-1.0,0.0,-47.0
1776884571.8751028,-1.0,0.0,-48.0
1776884571.8851027,2.0,-4.0,-41.0
1776884571.8951027,7.0,-7.0,-37.0
1776884571.9051027,5.0,-8.0,-37.0
1776884571.9151027,6.0,-4.0,-34.0
1776884571.9251027,4.0,-5.0,-37.0
1776884571.9351027,3.0,-4.0,-42.0
1776884571.9451027,1.0,-5.0,-46.0
1776884571.9551027,-1.0,-4.0,-44.0
1776884571.965103,0.0,-5.0,-51.0
1776884571.975103,-1.0,-1.0,-51.0
1776884571.985103,-3.0,-5.0,-48.0
1776884571.9951026,-1.0,-1.0,-53.0
1776884572.0051026,-4.0,-2.0,-58.0
1776884572.0151026,-1.0,-2.0,-58.0
1776884572.0251029,0.0,-2.0,-60.0
1776884572.0351028,0.0,-2.0,-54.0
1776884572.0451028,0.0,-2.0,-52.0
1776884572.0551028,1.0,-2.0,-45.0
1776884572.0651028,5.0,-4.0,-48.0
1776884572.0751028,4.0,-3.0,-48.0
1776884572.0851028,4.0,-3.0,-56.0
1776884572.0951028,3.0,-1.0,-53.0
1776884572.1051028,4.0,-2.0,-49.0
1776884572.1151028,3.0,0.0,-45.0
1776884572.1251028,0.0,-1.0,-41.0
1776884572.1351027,1.0,-2.0,-46.0
1776884572.1451027,4.0,-7.0,-49.0
1776884572.1551027,7.0,-5.0,-44.0
1776884572.1651027,4.0,-2.0,-45.0
1776884572.1751027,-1.0,-5.0,-42.0
1776884572.1851027,-1.0,1.0,-48.0
1776884572.1951027,1.0,0.0,-47.0
1776884572.2051027,1.0,0.0,-47.0
1776884572.215103,-2.0,0.0,-49.0
1776884572.225103,-3.0,-1.0,-56.0
1776884572.235103,0.0,1.0,-53.0
1776884572.2451026,-3.0,2.0,-50.0
1776884572.2551026,-3.0,2.0,-44.0
1776884572.2651026,-1.0,3.0,-42.0
1776884572.2751029,-3.0,3.0,-56.0
1776884572.2851028,-3.0,3.0,-53.0
1776884572.2951028,-10.0,1.0,-51.0
1776884572.3051028,-7.0,0.0,-55.0
1776884572.3151028,-4.0,5.0,-54.0
1776884572.3251028,-5.0,1.0,-55.0
1776884572.3351028,0.0,-1.0,-51.0
1776884572.3451028,1.0,-4.0,-52.0
1776884572.3551028,0.0,-5.0,-48.0
1776884572.3651028,0.0,-5.0,-51.0
1776884572.3751028,-1.0,-3.0,-54.0
1776884572.3851027,-3.0,-6.0,-54.0
1776884572.3951027,0.0,-7.0,-58.0
1776884572.4051027,2.0,-8.0,-63.0
1776884572.4151027,2.0,-4.0,-62.0
1776884572.4251027,8.0,-4.0,-60.0
1776884572.4351027,9.0,-4.0,-58.0
1776884572.4451027,2.0,0.0,-54.0
1776884572.4551027,0.0,0.0,-52.0
1776884572.465103,0.0,0.0,-47.0
1776884572.475103,2.0,2.0,-47.0
1776884572.485103,4.0,1.0,-50.0
1776884572.4951026,6.0,0.0,-47.0
1776884572.5051026,5.0,3.0,-47.0
1776884572.5151026,3.0,1.0,-40.0
1776884572.5251029,0.0,-1.0,-40.0
1776884572.5351028,4.0,0.0,-44.0
1776884572.5451028,9.0,0.0,-49.0
1776884572.5551028,9.0,0.0,-46.0
1776884572.5651028,9.0,0.0,-41.0
1776884572.5751028,8.0,0.0,-42.0
1776884572.5851028,10.0,-3.0,-42.0
1776884572.5951028,8.0,-3.0,-43.0
1776884572.6051028,10.0,-2.0,-47.0
1776884572.6151028,10.0,-1.0,-48.0
1776884572.6251028,8.0,1.0,-48.0
1776884572.6351027,7.0,2.0,-49.0
1776884572.6451027,0.0,1.0,-46.0
1776884572.6551027,-5.0,1.0,-42.0
1776884572.6651027,1.0,-1.0,-48.0
1776884572.6751027,2.0,-6.0,-47.0
1776884572.6861026,0.0,-4.0,-41.0
1776884572.6961029,0.0,-3.0,-46.0
1776884572.7061028,-3.0,-1.0,-41.0
1776884572.7161028,-1.0,1.0,-39.0
1776884572.7271028,-3.0,0.0,-39.0
1776884572.7361028,-3.0,-3.0,-43.0
1776884572.7461028,2.0,-2.0,-42.0
1776884572.7561028,1.0,0.0,-39.0
1776884572.7661028,0.0,0.0,-38.0
1776884572.7761028,5.0,-1.0,-38.0
1776884572.7861028,4.0,3.0,-35.0
1776884572.7961028,4.0,-1.0,-35.0
1776884572.8061028,0.0,-8.0,-39.0
1776884572.8161027,-2.0,-5.0,-46.0
1776884572.8261027,-2.0,0.0,-46.0
1776884572.8361027,-5.0,3.0,-46.0
1776884572.8461027,-5.0,1.0,-40.0
1776884572.8561027,-1.0,-4.0,-36.0
1776884572.8661027,-6.0,-8.0,-46.0
1776884572.8761027,-7.0,-10.0,-52.0
1776884572.886103,-10.0,-9.0,-58.0
1776884572.896103,-8.0,-7.0,-58.0
1776884572.906103,-2.0,-7.0,-51.0
1776884572.9161026,-2.0,-7.0,-49.0
1776884572.9261026,-5.0,-6.0,-52.0
1776884572.9361026,-9.0,-4.0,-54.0
1776884572.9461029,-8.0,-2.0,-50.0
1776884572.9561028,-4.0,-4.0,-50.0
1776884572.9661028,-5.0,-3.0,-50.0
1776884572.9761028,-7.0,-3.0,-48.0
1776884572.9861028,-7.0,-3.0,-46.0
1776884572.9961028,-4.0,-4.0,-49.0
1776884573.0061028,-1.0,-3.0,-52.0
1776884573.0161028,2.0,-4.0,-51.0
1776884573.0261028,1.0,4.0,-55.0
1776884573.0361028,-1.0,3.0,-53.0
1776884573.0461028,-3.0,3.0,-50.0
1776884573.0561028,-5.0,2.0,-45.0
1776884573.0661027,0.0,1.0,-46.0
1776884573.0761027,2.0,3.0,-49.0
1776884573.0861027,-1.0,2.0,-50.0
1776884573.0961027,1.0,5.0,-50.0
1776884573.1061027,5.0,6.0,-42.0
1776884573.1161027,3.0,4.0,-45.0
1776884573.1261027,2.0,4.0,-49.0
1776884573.136103,1.0,3.0,-47.0
1776884573.146103,0.0,2.0,-48.0
1776884573.156103,-2.0,-4.0,-50.0
1776884573.1661026,-6.0,-8.0,-53.0
1776884573.1761026,-1.0,-6.0,-53.0
1776884573.1861026,1.0,-5.0,-54.0
1776884573.1961029,0.0,-3.0,-53.0
1776884573.2061028,0.0,0.0,-51.0
1776884573.2161028,-1.0,0.0,-48.0
1776884573.2261028,-1.0,-3.0,-56.0
1776884573.2361028,0.0,-1.0,-57.0
1776884573.2461028,3.0,0.0,-54.0
1776884573.2561028,6.0,-1.0,-49.0
1776884573.2661028,2.0,1.0,-46.0
1776884573.2761028,1.0,1.0,-44.0
1776884573.2861028,6.0,-2.0,-40.0
1776884573.2961028,6.0,-1.0,-41.0
1776884573.3061028,2.0,-1.0,-34.0
1776884573.3161027,3.0,-2.0,-36.0
1776884573.3261027,1.0,-3.0,-44.0
1776884573.3361027,-2.0,-5.0,-42.0
1776884573.3461027,0.0,-2.0,-44.0
1776884573.3561027,-1.0,-3.0,-40.0
1776884573.3661027,-1.0,-4.0,-42.0
1776884573.3761027,-3.0,-2.0,-38.0
1776884573.386103,-7.0,-3.0,-33.0
1776884573.396103,-6.0,-4.0,-42.0
1776884573.406103,-4.0,-2.0,-45.0
1776884573.4161026,0.0,0.0,-45.0
1776884573.4261026,4.0,-2.0,-46.0
1776884573.4361026,7.0,0.0,-44.0
1776884573.4461029,7.0,-5.0,-47.0
1776884573.4561028,0.0,-5.0,-46.0
1776884573.4661028,0.0,-6.0,-44.0
1776884573.4761028,3.0,-7.0,-49.0
1776884573.4861028,3.0,-7.0,-50.0
1776884573.4961028,2.0,-4.0,-52.0
1776884573.5061028,4.0,-1.0,-48.0
1776884573.5161028,5.0,-4.0,-44.0
1776884573.5261028,7.0,-5.0,-43.0
1776884573.5361028,5.0,-5.0,-45.0
1776884573.5461028,0.0,-8.0,-49.0
1776884573.5561028,-2.0,-8.0,-54.0
1776884573.5661027,-5.0,-7.0,-48.0
1776884573.5761027,-1.0,-9.0,-45.0
1776884573.5861027,0.0,-6.0,-41.0
1776884573.5961027,-1.0,-3.0,-45.0
1776884573.6061027,-3.0,-4.0,-51.0
1776884573.6161027,-5.0,-5.0,-51.0
1776884573.6261027,-6.0,-9.0,-50.0
1776884573.636103,0.0,-6.0,-46.0
1776884573.646103,2.0,-7.0,-43.0
1776884573.656103,7.0,-2.0,-41.0
1776884573.6661026,2.0,-2.0,-35.0
1776884573.6761026,1.0,-4.0,-45.0
1776884573.6861026,5.0,-5.0,-44.0
1776884573.6961029,5.0,-2.0,-45.0
1776884573.7061028,5.0,-5.0,-43.0
1776884573.7161028,2.0,-6.0,-37.0
1776884573.7261028,1.0,0.0,-37.0
1776884573.7361028,0.0,0.0,-39.0
1776884573.7461028,3.0,-3.0,-41.0
1776884573.7561028,2.0,-3.0,-45.0
1776884573.7661028,3.0,-3.0,-42.0
1776884573.7761028,2.0,-3.0,-44.0
1776884573.7861028,2.0,-1.0,-38.0
1776884573.7961028,2.0,1.0,-40.0
1776884573.8061028,0.0,0.0,-41.0
1776884573.8161027,3.0,4.0,-41.0
1776884573.8261027,7.0,4.0,-46.0
1776884573.8361027,9.0,0.0,-48.0
1776884573.8461027,11.0,0.0,-52.0
1776884573.8561027,9.0,0.0,-53.0
1776884573.8661027,8.0,3.0,-57.0
1776884573.8761027,2.0,4.0,-52.0
1776884573.886103,2.0,6.0,-48.0
1776884573.896103,0.0,1.0,-42.0
1776884573.906103,5.0,-1.0,-46.0
1776884573.9161026,1.0,-1.0,-53.0
1776884573.9261026,-1.0,-2.0,-58.0
1776884573.9361026,-1.0,-3.0,-52.0
1776884573.9461029,0.0,-2.0,-50.0
1776884573.9561028,0.0,-2.0,-44.0
1776884573.9661028,1.0,-1.0,-43.0
1776884573.9761028,1.0,0.0,-50.0
1776884573.9861028,10.0,0.0,-52.0
1776884573.9961028,7.0,0.0,-50.0
1776884574.0061028,4.0,2.0,-48.0
1776884574.0161028,3.0,2.0,-52.0
1776884574.0261028,6.0,7.0,-53.0
1776884574.0361028,11.0,3.0,-48.0
1776884574.0461028,13.0,0.0,-50.0
1776884574.0561028,12.0,0.0,-51.0
1776884574.0661027,12.0,-2.0,-51.0
1776884574.0761027,13.0,-7.0,-55.0
1776884574.0861027,12.0,-1.0,-60.0
1776884574.0961027,9.0,0.0,-62.0
1776884574.1061027,4.0,5.0,-51.0
1776884574.1161027,6.0,1.0,-51.0
1776884574.1261027,6.0,0.0,-49.0
1776884574.136103,3.0,0.0,-54.0
1776884574.146103,-5.0,-2.0,-54.0
1776884574.156103,-6.0,-3.0,-54.0
1776884574.1661026,-6.0,-1.0,-50.0
1776884574.1761026,-3.0,2.0,-47.0
1776884574.1861026,-2.0,4.0,-41.0
1776884574.1961029,-4.0,2.0,-47.0
1776884574.2061028,-3.0,0.0,-52.0
1776884574.2161028,-4.0,1.0,-54.0
1776884574.2261028,-1.0,2.0,-54.0
1776884574.2361028,-3.0,2.0,-52.0
1776884574.2461028,0.0,1.0,-48.0
1776884574.2561028,-2.0,5.0,-42.0
1776884574.2661028,-6.0,4.0,-43.0
1776884574.2761028,-5.0,4.0,-45.0
1776884574.2861028,0.0,0.0,-49.0
1776884574.2961028,5.0,0.0,-43.0
1776884574.3061028,6.0,7.0,-45.0
1776884574.3161027,4.0,1.0,-45.0
1776884574.3261027,3.0,4.0,-37.0
1776884574.3361027,1.0,2.0,-35.0
1776884574.3461027,-2.0,0.0,-38.0
1776884574.3561027,-1.0,3.0,-42.0
1776884574.3661027,-2.0,1.0,-47.0
1776884574.3761027,-2.0,1.0,-50.0
1776884574.386103,-6.0,1.0,-52.0
1776884574.396103,-7.0,1.0,-49.0
1776884574.406103,-5.0,0.0,-54.0
1776884574.4161026,-1.0,-3.0,-54.0
1776884574.4261026,2.0,-5.0,-55.0
1776884574.4361026,4.0,-3.0,-58.0
1776884574.4461029,2.0,-1.0,-55.0
1776884574.4561028,0.0,-2.0,-52.0
1776884574.4661028,2.0,-1.0,-59.0
1776884574.4761028,1.0,1.0,-51.0
1776884574.4861028,-1.0,3.0,-50.0
1776884574.4961028,3.0,1.0,-55.0
1776884574.5061028,2.0,2.0,-49.0
1776884574.5161028,7.0,0.0,-43.0
1776884574.5261028,10.0,-2.0,-41.0
1776884574.5361028,10.0,-1.0,-35.0
1776884574.5461028,6.0,-4.0,-31.0
1776884574.5561028,5.0,-3.0,-39.0
1776884574.5661027,3.0,-1.0,-38.0
1776884574.5761027,1.0,-2.0,-42.0
1776884574.5861027,0.0,-2.0,-49.0
1776884574.5961027,3.0,-2.0,-53.0
1776884574.6061027,5.0,0.0,-49.0
1776884574.6161027,4.0,4.0,-56.0
1776884574.6261027,3.0,3.0,-54.0
1776884574.636103,5.0,3.0,-46.0
1776884574.646103,10.0,0.0,-45.0
1776884574.656103,9.0,2.0,-52.0
1776884574.6671028,4.0,4.0,-50.0
1776884574.6771028,-1.0,4.0,-53.0
1776884574.6871028,0.0,4.0,-47.0
1776884574.6971028,0.0,4.0,-49.0
1776884574.7071028,1.0,0.0,-51.0
1776884574.7171028,1.0,2.0,-50.0
1776884574.7271028,3.0,2.0,-44.0
1776884574.7371027,1.0,0.0,-40.0
1776884574.7471027,3.0,0.0,-43.0
1776884574.7561028,3.0,0.0,-40.0
1776884574.7671027,2.0,-1.0,-41.0
1776884574.7771027,0.0,-2.0,-39.0
1776884574.7871027,2.0,-3.0,-40.0
1776884574.7971027,2.0,-5.0,-40.0
1776884574.807103,5.0,-6.0,-39.0
1776884574.817103,5.0,-6.0,-38.0
1776884574.827103,2.0,-5.0,-40.0
1776884574.837103,3.0,-2.0,-49.0
1776884574.8471026,0.0,0.0,-49.0
1776884574.8571026,-3.0,-3.0,-46.0
1776884574.8671026,-4.0,-7.0,-44.0
1776884574.8771029,0.0,-10.0,-45.0
1776884574.8871028,0.0,-12.0,-53.0
1776884574.8971028,0.0,-11.0,-51.0
1776884574.9071028,1.0,-7.0,-43.0
1776884574.9171028,0.0,-5.0,-44.0
1776884574.9271028,2.0,-4.0,-42.0
1776884574.9371028,4.0,-8.0,-40.0
1776884574.9471028,4.0,-10.0,-41.0
1776884574.9571028,4.0,-8.0,-43.0
1776884574.9671028,2.0,-6.0,-40.0
1776884574.9771028,0.0,-4.0,-36.0
1776884574.9871027,0.0,-5.0,-42.0
1776884574.9971027,0.0,-7.0,-40.0
1776884575.0071027,2.0,-4.0,-36.0
1776884575.0171027,-1.0,-4.0,-37.0
1776884575.0271027,-1.0,-2.0,-43.0
1776884575.0371027,0.0,-6.0,-42.0
1776884575.0471027,5.0,-2.0,-44.0
1776884575.057103,8.0,1.0,-47.0
1776884575.067103,8.0,1.0,-53.0
1776884575.077103,6.0,1.0,-48.0
1776884575.087103,5.0,2.0,-46.0
1776884575.0971026,0.0,6.0,-46.0
1776884575.1071026,0.0,4.0,-49.0
1776884575.1171026,0.0,1.0,-45.0
1776884575.1271029,3.0,5.0,-45.0
1776884575.1371028,4.0,1.0,-40.0
1776884575.1471028,-1.0,2.0,-46.0
1776884575.1571028,0.0,3.0,-48.0
1776884575.1671028,6.0,7.0,-50.0
1776884575.1771028,4.0,10.0,-48.0
1776884575.1871028,6.0,4.0,-44.0
1776884575.1971028,8.0,0.0,-45.0
1776884575.2071028,10.0,3.0,-44.0
1776884575.2171028,6.0,2.0,-48.0
1776884575.2271028,4.0,3.0,-45.0
1776884575.2371027,11.0,0.0,-40.0
1776884575.2471027,8.0,1.0,-41.0
1776884575.2571027,3.0,1.0,-37.0
1776884575.2671027,2.0,3.0,-34.0
1776884575.2771027,-1.0,2.0,-39.0
1776884575.2871027,1.0,2.0,-45.0
1776884575.2971027,0.0,0.0,-44.0
1776884575.307103,1.0,0.0,-46.0
1776884575.317103,5.0,2.0,-47.0
1776884575.327103,4.0,5.0,-44.0
1776884575.337103,0.0,4.0,-46.0
1776884575.3471026,0.0,3.0,-54.0
1776884575.3571026,1.0,4.0,-53.0
1776884575.3671026,4.0,-1.0,-56.0
1776884575.3771029,5.0,-2.0,-46.0
1776884575.3871028,3.0,-1.0,-41.0
1776884575.3971028,1.0,2.0,-42.0
1776884575.4071028,3.0,0.0,-42.0
1776884575.4171028,1.0,2.0,-44.0
1776884575.4271028,-3.0,2.0,-52.0
1776884575.4371028,-6.0,0.0,-52.0
1776884575.4471028,-8.0,0.0,-53.0
1776884575.4571028,-7.0,-2.0,-54.0
1776884575.4671028,-6.0,-8.0,-45.0
1776884575.4771028,-8.0,-6.0,-44.0
1776884575.4871027,-9.0,-6.0,-41.0
1776884575.4971027,-10.0,-5.0,-42.0
1776884575.5071027,-5.0,-4.0,-45.0
1776884575.5171027,-7.0,-3.0,-41.0
1776884575.5271027,-12.0,0.0,-36.0
1776884575.5371027,-10.0,-4.0,-28.0
1776884575.5471027,-10.0,-2.0,-34.0
1776884575.557103,-6.0,-4.0,-37.0
1776884575.567103,-2.0,-5.0,-39.0
1776884575.577103,-3.0,-3.0,-42.0
1776884575.587103,-3.0,-1.0,-39.0
1776884575.5971026,-3.0,3.0,-37.0
1776884575.6071026,0.0,6.0,-41.0
1776884575.6171026,-1.0,4.0,-39.0
1776884575.6271029,-3.0,0.0,-49.0
1776884575.6371028,-4.0,-3.0,-48.0
1776884575.6471028,-2.0,-3.0,-50.0
1776884575.6571028,-4.0,-3.0,-47.0
1776884575.6671028,-4.0,1.0,-45.0
1776884575.6771028,-6.0,2.0,-43.0
1776884575.6871028,-2.0,-2.0,-41.0
1776884575.6971028,-2.0,2.0,-45.0
1776884575.7071028,-2.0,3.0,-40.0
1776884575.7171028,-4.0,3.0,-36.0
1776884575.7271028,-5.0,-1.0,-43.0
1776884575.7371027,-2.0,0.0,-45.0
1776884575.7471027,2.0,0.0,-39.0
1776884575.7571027,4.0,-2.0,-37.0
1776884575.7671027,3.0,-5.0,-36.0
1776884575.7771027,0.0,-5.0,-40.0
1776884575.7871027,0.0,-5.0,-38.0
1776884575.7971027,-2.0,-1.0,-42.0
1776884575.807103,1.0,-4.0,-47.0
1776884575.817103,1.0,-2.0,-43.0
1776884575.827103,5.0,-3.0,-51.0
1776884575.837103,3.0,0.0,-50.0
1776884575.8471026,3.0,-1.0,-51.0
1776884575.8571026,3.0,-5.0,-45.0
1776884575.8671026,0.0,0.0,-44.0
1776884575.8771029,4.0,2.0,-46.0
1776884575.8871028,1.0,-1.0,-40.0
1776884575.8971028,3.0,0.0,-41.0
1776884575.9071028,6.0,0.0,-46.0
1776884575.9171028,6.0,2.0,-48.0
1776884575.9271028,7.0,2.0,-49.0
1776884575.9371028,7.0,4.0,-45.0
1776884575.9471028,6.0,3.0,-46.0
1776884575.9571028,7.0,4.0,-47.0
1776884575.9671028,11.0,5.0,-52.0
1776884575.9771028,9.0,5.0,-49.0
1776884575.9871027,12.0,6.0,-49.0
1776884575.9971027,10.0,6.0,-44.0
1776884576.0071027,3.0,6.0,-42.0
1776884576.0171027,2.0,6.0,-41.0
1776884576.0271027,-3.0,5.0,-40.0
1776884576.0371027,0.0,0.0,-40.0
1776884576.0471027,-1.0,0.0,-37.0
1776884576.057103,5.0,-3.0,-42.0
1776884576.067103,5.0,-9.0,-46.0
1776884576.077103,2.0,-3.0,-50.0
1776884576.087103,-3.0,0.0,-45.0
1776884576.0971026,-9.0,-1.0,-43.0
1776884576.1071026,-6.0,0.0,-42.0
1776884576.1171026,-6.0,0.0,-40.0
1776884576.1271029,-7.0,-1.0,-38.0
1776884576.1371028,0.0,-2.0,-38.0
1776884576.1471028,0.0,-1.0,-41.0
1776884576.1571028,2.0,0.0,-44.0
1776884576.1671028,2.0,0.0,-47.0
1776884576.1771028,0.0,-6.0,-54.0
1776884576.1871028,-1.0,-8.0,-56.0
1776884576.1971028,-2.0,-6.0,-61.0
1776884576.2071028,-7.0,-4.0,-61.0
1776884576.2171028,-9.0,-4.0,-57.0
1776884576.2271028,-9.0,-3.0,-56.0
1776884576.2371027,-7.0,-1.0,-61.0
1776884576.2471027,-3.0,-3.0,-50.0
1776884576.2571027,0.0,-2.0,-48.0
1776884576.2671027,-4.0,-8.0,-47.0
1776884576.2771027,-1.0,-5.0,-51.0
1776884576.2871027,2.0,-1.0,-52.0
1776884576.2971027,0.0,-1.0,-52.0
1776884576.307103,0.0,-1.0,-49.0
1776884576.317103,5.0,-5.0,-51.0
1776884576.327103,8.0,-2.0,-52.0
1776884576.337103,6.0,-6.0,-50.0
1776884576.3471026,4.0,-1.0,-51.0
1776884576.3571026,2.0,-2.0,-53.0
1776884576.3671026,8.0,-3.0,-56.0
1776884576.3771029,4.0,-3.0,-55.0
1776884576.3871028,4.0,0.0,-60.0
1776884576.3971028,0.0,0.0,-60.0
1776884576.4071028,0.0,-1.0,-59.0
1776884576.4171028,0.0,-4.0,-53.0
1776884576.4271028,-2.0,-8.0,-51.0
1776884576.4371028,-5.0,-8.0,-54.0
1776884576.4471028,-8.0,-6.0,-64.0
1776884576.4571028,-5.0,-7.0,-69.0
1776884576.4671028,-1.0,-8.0,-66.0
1776884576.4771028,1.0,-7.0,-61.0
1776884576.4871027,6.0,-6.0,-64.0
1776884576.4971027,12.0,-3.0,-66.0
1776884576.5071027,9.0,-2.0,-63.0
1776884576.5171027,6.0,-1.0,-50.0
1776884576.5271027,6.0,-1.0,-44.0
1776884576.5371027,3.0,-1.0,-43.0
1776884576.5471027,0.0,-2.0,-50.0
1776884576.557103,1.0,-5.0,-49.0
1776884576.567103,3.0,-2.0,-47.0
1776884576.577103,4.0,-4.0,-46.0
1776884576.587103,5.0,-1.0,-51.0
1776884576.5981028,2.0,0.0,-49.0
1776884576.6071026,6.0,-4.0,-50.0
1776884576.6171026,2.0,-4.0,-50.0
1776884576.6281028,7.0,-6.0,-42.0
1776884576.6381028,2.0,-1.0,-41.0
1776884576.6481028,0.0,0.0,-42.0
1776884576.6581028,5.0,-3.0,-39.0
1776884576.6681027,6.0,-2.0,-41.0
1776884576.6781027,5.0,-6.0,-35.0
1776884576.6881027,5.0,-6.0,-35.0
1776884576.6981027,4.0,-6.0,-38.0
1776884576.7081027,0.0,-2.0,-48.0
1776884576.7181027,0.0,-4.0,-54.0
1776884576.7281027,0.0,-4.0,-56.0
1776884576.738103,3.0,-1.0,-50.0
1776884576.748103,0.0,3.0,-51.0
1776884576.758103,-2.0,0.0,-47.0
1776884576.7681026,-1.0,-1.0,-46.0
1776884576.7781026,-3.0,-5.0,-45.0
1776884576.7881026,-2.0,-6.0,-43.0
1776884576.7981029,0.0,-4.0,-46.0
1776884576.8081028,-3.0,-3.0,-44.0
1776884576.8181028,-1.0,0.0,-50.0
1776884576.8281028,-2.0,3.0,-52.0
1776884576.8381028,-1.0,7.0,-49.0
1776884576.8481028,-7.0,10.0,-44.0
1776884576.8581028,-2.0,9.0,-48.0
1776884576.8681028,-1.0,6.0,-59.0
1776884576.8781028,-4.0,0.0,-54.0
1776884576.8881028,1.0,-2.0,-59.0
1776884576.8981028,6.0,-2.0,-58.0
1776884576.9081028,1.0,-6.0,-57.0
1776884576.9181027,-1.0,-6.0,-62.0
1776884576.9281027,1.0,-7.0,-57.0
1776884576.9381027,1.0,-8.0,-62.0
1776884576.9481027,3.0,-5.0,-58.0
1776884576.9581027,6.0,-5.0,-47.0
1776884576.9681027,8.0,-5.0,-43.0
1776884576.9781027,3.0,-4.0,-40.0
1776884576.988103,0.0,-6.0,-40.0
1776884576.998103,-1.0,-6.0,-41.0
1776884577.008103,-1.0,-5.0,-44.0
1776884577.0181026,1.0,-7.0,-49.0
1776884577.0281026,3.0,-8.0,-53.0
1776884577.0381026,3.0,-7.0,-54.0
1776884577.0481029,0.0,-2.0,-49.0
1776884577.0581028,0.0,-1.0,-52.0
1776884577.0681028,-1.0,0.0,-56.0
1776884577.0781028,1.0,0.0,-54.0
1776884577.0881028,-1.0,0.0,-57.0
1776884577.0981028,3.0,1.0,-56.0
1776884577.1081028,1.0,0.0,-59.0
1776884577.1181028,1.0,0.0,-53.0
1776884577.1281028,2.0,1.0,-44.0
1776884577.1381028,0.0,0.0,-42.0
1776884577.1481028,-2.0,-3.0,-39.0
1776884577.1581028,4.0,-6.0,-42.0
1776884577.1681027,1.0,-2.0,-37.0
1776884577.1781027,-2.0,-1.0,-39.0
1776884577.1881027,1.0,-1.0,-37.0
1776884577.1981027,1.0,-3.0,-32.0
1776884577.2081027,4.0,-2.0,-29.0
1776884577.2181027,3.0,1.0,-30.0
1776884577.2281027,0.0,0.0,-36.0
1776884577.238103,1.0,-2.0,-39.0
1776884577.248103,0.0,0.0,-39.0
1776884577.258103,0.0,-2.0,-42.0
1776884577.2681026,0.0,-5.0,-53.0
1776884577.2781026,-3.0,-7.0,-53.0
1776884577.2881026,1.0,-2.0,-51.0
1776884577.2981029,0.0,-1.0,-47.0
1776884577.3081028,2.0,-1.0,-44.0
1776884577.3181028,0.0,-1.0,-43.0
1776884577.3281028,-1.0,0.0,-41.0
1776884577.3381028,-1.0,3.0,-53.0
1776884577.3481028,-4.0,4.0,-55.0
1776884577.3581028,-7.0,7.0,-52.0
1776884577.3681028,-3.0,4.0,-46.0
1776884577.3781028,-3.0,3.0,-43.0
1776884577.3881028,-2.0,1.0,-45.0
1776884577.3981028,0.0,0.0,-44.0
1776884577.4081028,-2.0,2.0,-40.0
1776884577.4181027,-2.0,4.0,-42.0
1776884577.4281027,2.0,-3.0,-40.0
1776884577.4381027,3.0,-4.0,-46.0
1776884577.4481027,5.0,-4.0,-54.0
1776884577.4581027,4.0,-2.0,-59.0
1776884577.4681027,4.0,-6.0,-61.0
1776884577.4781027,7.0,-11.0,-62.0
1776884577.488103,8.0,-11.0,-60.0
1776884577.498103,6.0,-11.0,-58.0
1776884577.508103,2.0,-10.0,-57.0
1776884577.5181026,5.0,-8.0,-53.0
1776884577.5281026,5.0,-10.0,-53.0
1776884577.5381026,6.0,-9.0,-48.0
1776884577.5481029,3.0,-8.0,-48.0
1776884577.5581028,10.0,-9.0,-46.0
1776884577.5681028,8.0,-6.0,-37.0
1776884577.5781028,8.0,-10.0,-38.0
1776884577.5881028,8.0,-5.0,-44.0
1776884577.5981028,7.0,-4.0,-48.0
1776884577.6081028,6.0,-4.0,-42.0
1776884577.6181028,4.0,-3.0,-38.0
1776884577.6281028,5.0,-1.0,-37.0
1776884577.6381028,2.0,0.0,-41.0
1776884577.6481028,1.0,4.0,-43.0
1776884577.6581028,-1.0,0.0,-44.0
1776884577.6681027,-4.0,-3.0,-45.0
1776884577.6781027,-2.0,0.0,-43.0
1776884577.6881027,-8.0,-3.0,-43.0
1776884577.6981027,-9.0,-4.0,-37.0
1776884577.7081027,-6.0,-5.0,-45.0
1776884577.7181027,0.0,0.0,-50.0
1776884577.7281027,2.0,-2.0,-44.0
1776884577.738103,2.0,0.0,-43.0
1776884577.748103,0.0,2.0,-43.0
1776884577.758103,2.0,0.0,-43.0
1776884577.7681026,0.0,-1.0,-43.0
1776884577.7781026,2.0,-2.0,-37.0
1776884577.7881026,1.0,-1.0,-34.0
1776884577.7981029,4.0,0.0,-43.0
1776884577.8081028,4.0,-2.0,-43.0
1776884577.8181028,1.0,-4.0,-44.0
1776884577.8281028,2.0,-3.0,-45.0
1776884577.8381028,5.0,0.0,-46.0
1776884577.8481028,5.0,4.0,-46.0
1776884577.8581028,1.0,-1.0,-41.0
1776884577.8681028,-1.0,0.0,-42.0
1776884577.8781028,0.0,0.0,-57.0
1776884577.8881028,-2.0,2.0,-61.0
1776884577.8981028,0.0,0.0,-60.0
1776884577.9081028,4.0,-1.0,-51.0
1776884577.9181027,4.0,0.0,-49.0
1776884577.9281027,6.0,2.0,-53.0
1776884577.9381027,6.0,3.0,-49.0
1776884577.9481027,7.0,5.0,-47.0
1776884577.9581027,5.0,4.0,-48.0
1776884577.9681027,4.0,2.0,-40.0
1776884577.9781027,3.0,0.0,-40.0
1776884577.988103,0.0,2.0,-42.0
1776884577.998103,1.0,3.0,-41.0
1776884578.008103,0.0,4.0,-40.0
1776884578.0181026,0.0,2.0,-35.0
1776884578.0281026,1.0,2.0,-40.0
1776884578.0381026,4.0,1.0,-43.0
1776884578.0481029,1.0,-1.0,-50.0
1776884578.0581028,2.0,-4.0,-46.0
1776884578.0681028,1.0,1.0,-48.0
1776884578.0781028,-2.0,4.0,-46.0
1776884578.0881028,0.0,3.0,-46.0
1776884578.0981028,1.0,4.0,-48.0
1776884578.1081028,-4.0,0.0,-48.0
1776884578.1181028,-2.0,-1.0,-48.0
1776884578.1281028,3.0,-2.0,-38.0
1776884578.1381028,5.0,-3.0,-44.0
1776884578.1481028,1.0,-2.0,-52.0
1776884578.1581028,0.0,0.0,-51.0
1776884578.1681027,1.0,3.0,-53.0
1776884578.1781027,2.0,3.0,-48.0
1776884578.1881027,0.0,0.0,-38.0
1776884578.1981027,-1.0,1.0,-37.0
1776884578.2081027,1.0,0.0,-41.0
1776884578.2181027,0.0,-4.0,-37.0
1776884578.2281027,1.0,-2.0,-40.0
1776884578.238103,-2.0,3.0,-40.0
1776884578.248103,-2.0,3.0,-39.0
1776884578.258103,0.0,1.0,-37.0
1776884578.2681026,0.0,1.0,-43.0
1776884578.2781026,2.0,7.0,-54.0
1776884578.2881026,0.0,11.0,-56.0
1776884578.2981029,1.0,8.0,-53.0
1776884578.3081028,1.0,5.0,-48.0
1776884578.3181028,5.0,6.0,-47.0
1776884578.3281028,6.0,2.0,-47.0
1776884578.3381028,3.0,0.0,-51.0
1776884578.3481028,6.0,3.0,-51.0
1776884578.3581028,5.0,0.0,-53.0
1776884578.3681028,1.0,4.0,-53.0
1776884578.3781028,-1.0,3.0,-51.0
1776884578.3881028,-4.0,1.0,-50.0
1776884578.3981028,-1.0,1.0,-51.0
1776884578.4081028,0.0,0.0,-56.0
1776884578.4181027,0.0,1.0,-55.0
1776884578.4281027,-3.0,0.0,-54.0
1776884578.4381027,-6.0,0.0,-48.0
1776884578.4481027,-2.0,0.0,-41.0
1776884578.4581027,3.0,2.0,-41.0
1776884578.4681027,4.0,6.0,-46.0
1776884578.4781027,3.0,7.0,-43.0
1776884578.488103,2.0,8.0,-42.0
1776884578.498103,-2.0,6.0,-40.0
1776884578.508103,-1.0,4.0,-41.0
1776884578.5181026,-5.0,2.0,-46.0
1776884578.5281026,-2.0,3.0,-48.0
1776884578.5381026,-1.0,4.0,-46.0
1776884578.5481029,-5.0,3.0,-50.0
1776884578.5581028,-4.0,1.0,-53.0
1776884578.5681028,-1.0,1.0,-53.0
1776884578.5781028,0.0,-1.0,-55.0
1776884578.5891027,-4.0,0.0,-56.0
1776884578.5991027,-2.0,0.0,-51.0
1776884578.6091027,-1.0,0.0,-43.0
1776884578.6191027,1.0,-2.0,-44.0
1776884578.6291027,-2.0,0.0,-46.0
1776884578.6391027,-1.0,-1.0,-53.0
1776884578.6491027,1.0,0.0,-58.0
1776884578.659103,0.0,0.0,-53.0
1776884578.669103,1.0,1.0,-51.0
1776884578.679103,3.0,1.0,-43.0
1776884578.6891026,0.0,0.0,-44.0
1776884578.6991026,-3.0,-1.0,-42.0
1776884578.7091026,-5.0,-3.0,-46.0
1776884578.7191026,0.0,-5.0,-45.0
1776884578.7291028,0.0,-3.0,-45.0
1776884578.7391028,1.0,-6.0,-50.0
1776884578.7491028,2.0,-5.0,-49.0
1776884578.7591028,9.0,-6.0,-49.0
1776884578.7691028,8.0,-4.0,-45.0
1776884578.7791028,8.0,-4.0,-52.0
1776884578.7891028,7.0,-2.0,-52.0
1776884578.7991028,6.0,-3.0,-48.0
1776884578.8091028,6.0,0.0,-48.0
1776884578.8191028,1.0,0.0,-49.0
1776884578.8291028,0.0,0.0,-44.0
1776884578.8391027,-2.0,-1.0,-44.0
1776884578.8491027,1.0,-1.0,-43.0
1776884578.8591027,0.0,0.0,-42.0
1776884578.8691027,0.0,2.0,-37.0
1776884578.8791027,-4.0,0.0,-32.0
1776884578.8891027,-9.0,0.0,-32.0
1776884578.8991027,-9.0,-2.0,-33.0
1776884578.909103,-4.0,-4.0,-39.0
1776884578.919103,-4.0,-3.0,-39.0
1776884578.929103,-4.0,-1.0,-50.0
1776884578.9391026,-5.0,-1.0,-52.0
1776884578.9491026,-7.0,1.0,-57.0
1776884578.9591026,-10.0,0.0,-53.0
1776884578.9691026,-6.0,-3.0,-53.0
1776884578.9791028,-5.0,0.0,-48.0
1776884578.9891028,1.0,0.0,-42.0
1776884578.9991028,2.0,-1.0,-41.0
1776884579.0091028,0.0,-1.0,-46.0
1776884579.0191028,-5.0,-4.0,-45.0
1776884579.0291028,-7.0,-3.0,-47.0
1776884579.0391028,-4.0,-2.0,-49.0
1776884579.0491028,-1.0,0.0,-49.0
1776884579.0591028,-1.0,1.0,-51.0
1776884579.0691028,-2.0,2.0,-52.0
1776884579.0791028,1.0,0.0,-50.0
1776884579.0891027,1.0,1.0,-46.0
1776884579.0991027,-3.0,-2.0,-42.0
1776884579.1091027,-7.0,0.0,-45.0
1776884579.1191027,-5.0,0.0,-48.0
1776884579.1291027,-5.0,2.0,-51.0
1776884579.1391027,-3.0,0.0,-43.0
1776884579.1491027,0.0,-2.0,-42.0
1776884579.159103,4.0,-6.0,-37.0
1776884579.169103,2.0,-6.0,-35.0
1776884579.179103,6.0,-4.0,-32.0
1776884579.1891026,5.0,-4.0,-32.0
1776884579.2001028,8.0,-6.0,-38.0
1776884579.2091026,5.0,-6.0,-47.0
1776884579.2191026,3.0,-10.0,-48.0
1776884579.2291028,-3.0,-9.0,-49.0
1776884579.2391028,-4.0,-8.0,-43.0
1776884579.2491028,-4.0,-10.0,-42.0
1776884579.2591028,-1.0,-11.0,-48.0
1776884579.2691028,-1.0,-11.0,-50.0
1776884579.2791028,0.0,-13.0,-51.0
1776884579.2891028,0.0,-16.0,-44.0
1776884579.2991028,-1.0,-11.0,-45.0
1776884579.3091028,0.0,-6.0,-47.0
1776884579.3191028,-2.0,-8.0,-48.0
1776884579.3291028,-7.0,-11.0,-51.0
1776884579.3391027,-3.0,-14.0,-43.0
1776884579.3491027,1.0,-12.0,-43.0
1776884579.3591027,0.0,-4.0,-39.0
1776884579.3691027,-3.0,-1.0,-42.0
1776884579.3791027,-1.0,-3.0,-49.0
1776884579.3891027,-1.0,-5.0,-51.0
1776884579.3991027,-6.0,-4.0,-50.0
1776884579.409103,-4.0,-2.0,-46.0
1776884579.419103,-2.0,-1.0,-42.0
1776884579.429103,-2.0,-1.0,-36.0
1776884579.4391026,0.0,0.0,-41.0
1776884579.4491026,2.0,-1.0,-40.0
1776884579.4591026,0.0,-1.0,-40.0
1776884579.4691026,-2.0,0.0,-39.0
1776884579.4791028,0.0,-6.0,-43.0
1776884579.4891028,6.0,-5.0,-39.0
1776884579.4991028,3.0,-2.0,-35.0
1776884579.5091028,2.0,0.0,-40.0
1776884579.5191028,4.0,0.0,-41.0
1776884579.5291028,2.0,0.0,-45.0
1776884579.5391028,-5.0,0.0,-42.0
1776884579.5491028,-5.0,2.0,-40.0
1776884579.5591028,-9.0,4.0,-42.0
1776884579.5691028,-8.0,2.0,-40.0
1776884579.5791028,-4.0,2.0,-42.0
1776884579.5891027,-1.0,0.0,-45.0
1776884579.5991027,-3.0,-3.0,-44.0
1776884579.6091027,-5.0,-4.0,-43.0
1776884579.6191027,-7.0,-1.0,-37.0
1776884579.6291027,-10.0,-7.0,-41.0
1776884579.6391027,-7.0,-8.0,-46.0
1776884579.6491027,-4.0,-6.0,-45.0
1776884579.659103,-5.0,-4.0,-42.0
1776884579.669103,-5.0,-5.0,-35.0
1776884579.679103,-5.0,-5.0,-36.0
1776884579.6891026,-3.0,-6.0,-39.0
1776884579.6991026,-3.0,-3.0,-40.0
1776884579.7091026,0.0,-1.0,-36.0
1776884579.7191026,3.0,0.0,-40.0
1776884579.7291028,6.0,0.0,-48.0
1776884579.7391028,2.0,3.0,-51.0
1776884579.7491028,1.0,0.0,-54.0
1776884579.7591028,1.0,-5.0,-56.0
1776884579.7691028,4.0,-4.0,-51.0
1776884579.7791028,6.0,0.0,-48.0
1776884579.7891028,7.0,2.0,-47.0
1776884579.7991028,4.0,2.0,-52.0
1776884579.8091028,-1.0,2.0,-50.0
1776884579.8191028,-2.0,3.0,-55.0
1776884579.8291028,-3.0,1.0,-54.0
1776884579.8391027,-2.0,-1.0,-56.0
1776884579.8491027,0.0,-4.0,-56.0
1776884579.8591027,-3.0,-1.0,-54.0
1776884579.8691027,-1.0,-2.0,-50.0
1776884579.8791027,1.0,-5.0,-44.0
1776884579.8891027,6.0,-1.0,-42.0
1776884579.8991027,2.0,2.0,-39.0
1776884579.909103,4.0,4.0,-40.0
1776884579.919103,6.0,3.0,-38.0
1776884579.929103,7.0,-2.0,-49.0
1776884579.9391026,4.0,-5.0,-50.0
1776884579.9491026,3.0,-6.0,-56.0
1776884579.9591026,5.0,-1.0,-53.0
1776884579.9691026,6.0,-2.0,-51.0
1776884579.9791028,0.0,-4.0,-46.0
1776884579.9891028,-2.0,0.0,-48.0
1776884579.9991028,-3.0,4.0,-51.0
1776884580.0091028,3.0,2.0,-50.0
1776884580.0191028,2.0,0.0,-41.0
1776884580.0291028,1.0,1.0,-37.0
1776884580.0391028,0.0,1.0,-40.0
1776884580.0491028,0.0,3.0,-44.0
1776884580.0591028,0.0,1.0,-44.0
1776884580.0691028,0.0,0.0,-45.0
1776884580.0791028,-2.0,0.0,-51.0
1776884580.0891027,-4.0,-1.0,-58.0
1776884580.100103,2.0,-2.0,-51.0
1776884580.1091027,-1.0,-7.0,-41.0
1776884580.1191027,-3.0,-2.0,-39.0
1776884580.1291027,-3.0,0.0,-39.0
1776884580.1391027,-4.0,0.0,-41.0
1776884580.1491027,-7.0,0.0,-42.0
1776884580.159103,-11.0,0.0,-40.0
1776884580.169103,-8.0,0.0,-35.0
1776884580.179103,-8.0,-1.0,-35.0
1776884580.1891026,-5.0,-3.0,-30.0
1776884580.1991026,-2.0,-2.0,-38.0
1776884580.2091026,2.0,-2.0,-43.0
1776884580.2191026,6.0,5.0,-40.0
1776884580.2291028,5.0,3.0,-37.0
1776884580.2391028,5.0,0.0,-35.0
1776884580.2491028,7.0,-1.0,-41.0
1776884580.2591028,7.0,-3.0,-41.0
1776884580.2691028,0.0,-3.0,-45.0
1776884580.2791028,-5.0,-4.0,-45.0
1776884580.2891028,-2.0,-6.0,-41.0
1776884580.2991028,-2.0,-8.0,-37.0
1776884580.3091028,-2.0,-6.0,-44.0
1776884580.3191028,0.0,-7.0,-46.0
1776884580.3291028,2.0,-7.0,-48.0
1776884580.3391027,0.0,-4.0,-51.0
1776884580.3491027,2.0,-5.0,-39.0
1776884580.3591027,1.0,-3.0,-33.0
1776884580.3691027,2.0,-5.0,-37.0
1776884580.3791027,0.0,-2.0,-39.0
1776884580.3891027,1.0,-5.0,-42.0
1776884580.3991027,5.0,-1.0,-44.0
1776884580.409103,6.0,0.0,-44.0
1776884580.419103,3.0,0.0,-40.0
1776884580.429103,1.0,2.0,-41.0
1776884580.4391026,1.0,-1.0,-43.0
1776884580.4491026,3.0,-6.0,-45.0
1776884580.4591026,5.0,-4.0,-47.0
1776884580.4691026,5.0,-2.0,-43.0
1776884580.4791028,4.0,0.0,-44.0
1776884580.4891028,2.0,0.0,-43.0
1776884580.4991028,0.0,0.0,-41.0
1776884580.5101027,-3.0,-2.0,-38.0
1776884580.5191028,0.0,-3.0,-34.0
1776884580.5291028,0.0,-6.0,-38.0
1776884580.5391028,0.0,-6.0,-42.0
1776884580.5501027,0.0,-4.0,-43.0
1776884580.5601027,1.0,1.0,-43.0
1776884580.5701027,3.0,0.0,-44.0
1776884580.5801027,2.0,-1.0,-43.0
1776884580.590103,5.0,-4.0,-36.0
1776884580.600103,7.0,-4.0,-28.0
1776884580.610103,8.0,-3.0,-36.0
1776884580.6201026,9.0,-2.0,-36.0
1776884580.6301026,4.0,-5.0,-38.0
1776884580.6401026,3.0,-5.0,-33.0
1776884580.6501029,7.0,-6.0,-35.0
1776884580.6601028,6.0,-6.0,-38.0
1776884580.6701028,5.0,-4.0,-39.0
1776884580.6801028,1.0,-4.0,-39.0
1776884580.6901028,0.0,-3.0,-45.0
1776884580.7001028,2.0,-3.0,-47.0
1776884580.7101028,8.0,-7.0,-42.0
1776884580.7201028,9.0,0.0,-47.0
1776884580.7301028,8.0,-4.0,-40.0
1776884580.7401028,3.0,-7.0,-40.0
1776884580.7501028,6.0,-7.0,-41.0
1776884580.7601027,3.0,-7.0,-40.0
1776884580.7701027,2.0,-8.0,-36.0
1776884580.7801027,-1.0,-7.0,-42.0
1776884580.7901027,-3.0,-10.0,-43.0
1776884580.8001027,-1.0,-13.0,-41.0
1776884580.8101027,-3.0,-11.0,-39.0
1776884580.8201027,0.0,-5.0,-42.0
1776884580.8301027,0.0,-3.0,-45.0
1776884580.840103,-3.0,-3.0,-50.0
1776884580.850103,-3.0,-2.0,-52.0
1776884580.860103,-1.0,0.0,-51.0
1776884580.8701026,0.0,2.0,-46.0
1776884580.8801026,-2.0,3.0,-45.0
1776884580.8901026,-3.0,0.0,-48.0
1776884580.9001029,-3.0,-3.0,-48.0
1776884580.9101028,0.0,-3.0,-47.0
1776884580.9201028,2.0,-4.0,-50.0
1776884580.9301028,3.0,-5.0,-51.0
1776884580.9401028,4.0,-5.0,-48.0
1776884580.9501028,1.0,-4.0,-52.0
1776884580.9601028,-1.0,-5.0,-46.0
1776884580.9701028,-3.0,-5.0,-49.0
1776884580.9801028,2.0,-1.0,-48.0
1776884580.9901028,3.0,1.0,-57.0
1776884581.0001028,3.0,-2.0,-59.0
1776884581.0101027,2.0,-6.0,-47.0
1776884581.0201027,2.0,-4.0,-43.0
1776884581.0301027,0.0,0.0,-48.0
1776884581.0401027,1.0,0.0,-46.0
1776884581.0501027,1.0,-1.0,-45.0
1776884581.0601027,-5.0,-2.0,-51.0
1776884581.0701027,-1.0,0.0,-54.0
1776884581.0801027,1.0,-6.0,-55.0
1776884581.090103,3.0,-4.0,-59.0
1776884581.100103,-1.0,-3.0,-56.0
1776884581.110103,0.0,1.0,-54.0
1776884581.1201026,0.0,5.0,-55.0
1776884581.1301026,-3.0,2.0,-53.0
1776884581.1401026,-4.0,-1.0,-46.0
1776884581.1501029,1.0,0.0,-44.0
1776884581.1601028,9.0,2.0,-45.0
1776884581.1701028,11.0,1.0,-47.0
1776884581.1801028,8.0,1.0,-46.0
1776884581.1901028,10.0,1.0,-50.0
1776884581.2001028,8.0,4.0,-47.0
1776884581.2101028,5.0,4.0,-49.0
1776884581.2201028,2.0,5.0,-47.0
1776884581.2301028,3.0,6.0,-48.0
1776884581.2401028,4.0,4.0,-40.0
1776884581.2501028,6.0,4.0,-44.0
1776884581.2601027,8.0,2.0,-47.0
1776884581.2701027,10.0,1.0,-48.0
1776884581.2801027,11.0,-2.0,-49.0
1776884581.2901027,7.0,-2.0,-39.0
1776884581.3001027,8.0,0.0,-38.0
1776884581.3101027,6.0,2.0,-33.0
1776884581.3201027,1.0,-1.0,-39.0
1776884581.3301027,1.0,-3.0,-46.0
1776884581.340103,3.0,-3.0,-51.0
1776884581.350103,0.0,-1.0,-52.0
1776884581.360103,-1.0,-1.0,-50.0
1776884581.3701026,-3.0,-5.0,-45.0
1776884581.3801026,-4.0,-8.0,-42.0
1776884581.3901026,-3.0,-6.0,-47.0
1776884581.4001029,-2.0,-7.0,-46.0
1776884581.4101028,-4.0,-11.0,-46.0
1776884581.4201028,-2.0,-12.0,-45.0
1776884581.4301028,-1.0,-11.0,-45.0
1776884581.4401028,-4.0,-6.0,-49.0
1776884581.4501028,-4.0,-2.0,-44.0
1776884581.4601028,-3.0,-3.0,-47.0
1776884581.4701028,-6.0,-3.0,-43.0
1776884581.4801028,-7.0,-4.0,-43.0
1776884581.4901028,-1.0,-5.0,-51.0
1776884581.5001028,1.0,-2.0,-46.0
1776884581.5101027,0.0,-1.0,-42.0
1776884581.5201027,2.0,0.0,-41.0
1776884581.5301027,10.0,-3.0,-45.0
1776884581.5401027,10.0,-4.0,-42.0
1776884581.5501027,9.0,-5.0,-44.0
1776884581.5601027,3.0,-4.0,-43.0
1776884581.5701027,5.0,-1.0,-40.0
1776884581.5801027,5.0,-1.0,-44.0
1776884581.590103,5.0,1.0,-47.0
1776884581.600103,0.0,0.0,-49.0
1776884581.610103,0.0,0.0,-45.0
1776884581.6201026,-2.0,-2.0,-47.0
1776884581.6301026,0.0,-1.0,-44.0
1776884581.6401026,0.0,-1.0,-43.0
1776884581.6501029,1.0,0.0,-49.0
1776884581.6601028,0.0,0.0,-55.0
1776884581.6701028,3.0,1.0,-47.0
1776884581.6801028,4.0,-3.0,-44.0
1776884581.6901028,6.0,-6.0,-47.0
1776884581.7001028,7.0,-10.0,-46.0
1776884581.7101028,5.0,-10.0,-43.0
1776884581.7201028,-2.0,-7.0,-38.0
1776884581.7301028,-6.0,-7.0,-35.0
1776884581.7401028,-3.0,-1.0,-32.0
1776884581.7501028,-1.0,2.0,-32.0
1776884581.7601027,2.0,0.0,-30.0
1776884581.7701027,-2.0,-1.0,-37.0
1776884581.7801027,1.0,1.0,-42.0
1776884581.7901027,0.0,4.0,-50.0
1776884581.8001027,3.0,0.0,-51.0
1776884581.8101027,0.0,-1.0,-49.0
1776884581.8201027,-1.0,0.0,-46.0
1776884581.8301027,-2.0,0.0,-43.0
1776884581.840103,-6.0,-1.0,-45.0
1776884581.850103,-5.0,-5.0,-38.0
1776884581.860103,-4.0,-3.0,-38.0
1776884581.8701026,-3.0,-2.0,-36.0
1776884581.8801026,4.0,0.0,-36.0
1776884581.8901026,2.0,-2.0,-36.0
1776884581.9001029,3.0,-3.0,-46.0
1776884581.9101028,5.0,-2.0,-43.0
1776884581.9201028,2.0,0.0,-38.0
1776884581.9301028,1.0,-3.0,-34.0
1776884581.9401028,5.0,-4.0,-33.0
1776884581.9501028,4.0,-3.0,-37.0
1776884581.9601028,9.0,0.0,-35.0
1776884581.9701028,11.0,0.0,-39.0
1776884581.9801028,8.0,3.0,-44.0
1776884581.9901028,1.0,0.0,-36.0
1776884582.0001028,4.0,0.0,-39.0
1776884582.0101027,3.0,-4.0,-45.0
1776884582.0201027,2.0,-5.0,-47.0
1776884582.0301027,-3.0,-1.0,-49.0
1776884582.0401027,-3.0,2.0,-48.0
1776884582.0501027,-3.0,5.0,-44.0
1776884582.0601027,-4.0,0.0,-39.0
1776884582.0701027,-1.0,0.0,-41.0
1776884582.0801027,-1.0,-2.0,-40.0
1776884582.090103,0.0,-3.0,-41.0
1776884582.100103,0.0,-4.0,-39.0
1776884582.110103,-2.0,-8.0,-41.0
1776884582.1201026,0.0,-11.0,-39.0
1776884582.1301026,0.0,-8.0,-38.0
1776884582.1401026,-3.0,-4.0,-45.0
1776884582.1501029,-5.0,-6.0,-49.0
1776884582.1601028,-9.0,-6.0,-45.0
1776884582.1701028,-7.0,-2.0,-45.0
1776884582.1801028,0.0,-3.0,-46.0
1776884582.1901028,-1.0,-2.0,-42.0
1776884582.2001028,-3.0,0.0,-33.0
1776884582.2101028,0.0,0.0,-38.0
1776884582.2201028,0.0,-1.0,-39.0
1776884582.2301028,0.0,-5.0,-41.0
1776884582.2401028,-2.0,-4.0,-42.0
1776884582.2501028,-4.0,-5.0,-37.0
1776884582.2601027,0.0,-2.0,-40.0
1776884582.2701027,4.0,0.0,-46.0
1776884582.2801027,4.0,3.0,-40.0
1776884582.2901027,5.0,4.0,-46.0
1776884582.3001027,3.0,5.0,-46.0
1776884582.3101027,0.0,0.0,-48.0
1776884582.3201027,-1.0,0.0,-41.0
1776884582.3301027,2.0,-1.0,-47.0
1776884582.340103,3.0,-2.0,-51.0
1776884582.350103,0.0,-1.0,-54.0
1776884582.360103,-3.0,-4.0,-53.0
1776884582.3701026,-4.0,-4.0,-51.0
1776884582.3801026,-6.0,2.0,-50.0
1776884582.3901026,-1.0,1.0,-43.0
1776884582.4001029,1.0,2.0,-47.0
1776884582.4101028,2.0,0.0,-49.0
1776884582.4201028,1.0,5.0,-52.0
1776884582.4301028,2.0,3.0,-47.0
1776884582.4401028,0.0,1.0,-47.0
1776884582.4501028,3.0,0.0,-45.0
1776884582.4601028,0.0,-1.0,-49.0
1776884582.4701028,-3.0,0.0,-53.0
1776884582.4801028,-2.0,1.0,-54.0
1776884582.4901028,0.0,2.0,-56.0
1776884582.5001028,-3.0,0.0,-54.0
1776884582.511103,0.0,4.0,-56.0
1776884582.521103,1.0,5.0,-49.0
1776884582.531103,-2.0,-2.0,-47.0
1776884582.5411026,2.0,-4.0,-49.0
1776884582.5511026,2.0,-7.0,-47.0
1776884582.5611026,0.0,-10.0,-41.0
1776884582.5711029,-4.0,-8.0,-39.0
1776884582.5811028,-3.0,-9.0,-47.0
1776884582.5911028,-6.0,-8.0,-55.0
1776884582.6011028,-9.0,-9.0,-56.0
1776884582.6111028,-8.0,-6.0,-55.0
1776884582.6211028,-5.0,-4.0,-53.0
1776884582.6311028,-3.0,-4.0,-47.0
1776884582.6411028,2.0,-7.0,-48.0
1776884582.6511028,-2.0,-2.0,-40.0
1776884582.6611028,-3.0,-2.0,-44.0
1776884582.6711028,-5.0,1.0,-46.0
1776884582.6811028,-6.0,-1.0,-46.0
1776884582.6911027,-4.0,-5.0,-48.0
1776884582.7011027,-3.0,-5.0,-50.0
1776884582.7111027,0.0,-4.0,-46.0
1776884582.7211027,3.0,-3.0,-45.0
1776884582.7311027,3.0,-5.0,-53.0
1776884582.7411027,0.0,-4.0,-56.0
1776884582.7511027,1.0,-5.0,-57.0
1776884582.761103,1.0,-6.0,-54.0
1776884582.771103,2.0,-9.0,-53.0
1776884582.781103,4.0,-6.0,-49.0
1776884582.7911026,-1.0,-6.0,-46.0
1776884582.8011026,-2.0,-7.0,-45.0
1776884582.8111026,4.0,-6.0,-43.0
1776884582.8211029,8.0,-7.0,-42.0
1776884582.8311028,0.0,-9.0,-43.0
1776884582.8411028,3.0,-11.0,-40.0
1776884582.8511028,3.0,-10.0,-37.0
1776884582.8611028,6.0,-8.0,-39.0
1776884582.8711028,2.0,-7.0,-50.0
1776884582.8811028,-1.0,-1.0,-46.0
1776884582.8911028,-2.0,0.0,-44.0
1776884582.9011028,-1.0,0.0,-44.0
1776884582.9111028,-3.0,-2.0,-44.0
1776884582.9211028,-6.0,-4.0,-46.0
1776884582.9311028,-6.0,-2.0,-50.0
1776884582.9411027,-2.0,0.0,-45.0
1776884582.9511027,0.0,-4.0,-37.0
1776884582.9611027,6.0,-5.0,-40.0
1776884582.9711027,1.0,-2.0,-42.0
1776884582.9811027,0.0,-6.0,-40.0
1776884582.9911027,0.0,-8.0,-40.0
1776884583.0011027,0.0,-2.0,-37.0
1776884583.011103,-2.0,-1.0,-40.0
1776884583.021103,0.0,-2.0,-40.0
1776884583.031103,-2.0,-3.0,-40.0
1776884583.0411026,-3.0,-2.0,-43.0
1776884583.0511026,0.0,-4.0,-43.0
1776884583.0611026,0.0,-1.0,-39.0
1776884583.0711029,2.0,0.0,-41.0
1776884583.0811028,4.0,1.0,-42.0
1776884583.0911028,2.0,0.0,-42.0
1776884583.1011028,1.0,3.0,-45.0
1776884583.1111028,0.0,4.0,-47.0
1776884583.1211028,-3.0,8.0,-50.0
1776884583.1311028,0.0,9.0,-53.0
1776884583.1411028,2.0,4.0,-55.0
1776884583.1511028,0.0,3.0,-55.0
1776884583.1611028,-1.0,0.0,-53.0
1776884583.1711028,-2.0,0.0,-50.0
1776884583.1811028,0.0,-2.0,-52.0
1776884583.1911027,1.0,0.0,-47.0
1776884583.2011027,0.0,-6.0,-39.0
1776884583.2111027,5.0,-7.0,-39.0
1776884583.2211027,6.0,-7.0,-47.0
1776884583.2311027,8.0,-4.0,-46.0
1776884583.2411027,7.0,-1.0,-44.0
1776884583.2511027,4.0,-1.0,-47.0
1776884583.261103,2.0,-4.0,-48.0
1776884583.271103,0.0,-2.0,-37.0
1776884583.281103,0.0,0.0,-38.0
1776884583.2911026,0.0,1.0,-39.0
1776884583.3011026,-1.0,-1.0,-41.0
1776884583.3111026,-1.0,0.0,-45.0
1776884583.3211029,-5.0,0.0,-46.0
1776884583.3311028,-3.0,2.0,-44.0
1776884583.3411028,0.0,0.0,-50.0
1776884583.3511028,0.0,0.0,-51.0
1776884583.3611028,0.0,0.0,-51.0
1776884583.3711028,0.0,1.0,-50.0
1776884583.3811028,-3.0,0.0,-44.0
1776884583.3911028,0.0,0.0,-43.0
1776884583.4011028,0.0,-1.0,-47.0
1776884583.4111028,0.0,0.0,-51.0
1776884583.4211028,1.0,-2.0,-53.0
1776884583.4311028,1.0,0.0,-55.0
1776884583.4411027,3.0,-3.0,-56.0
1776884583.4511027,4.0,-6.0,-54.0
1776884583.4611027,6.0,-8.0,-54.0
1776884583.4711027,5.0,-5.0,-49.0
1776884583.4811027,1.0,0.0,-49.0
1776884583.4911027,-1.0,0.0,-53.0
1776884583.5011027,-1.0,-3.0,-57.0
1776884583.511103,-1.0,-5.0,-51.0
1776884583.521103,-1.0,-6.0,-47.0
1776884583.531103,-1.0,-7.0,-42.0
1776884583.5411026,-3.0,-3.0,-41.0
1776884583.5511026,-3.0,-4.0,-42.0
1776884583.5611026,-4.0,-2.0,-51.0
1776884583.5711029,-1.0,-3.0,-45.0
1776884583.5811028,0.0,-1.0,-48.0
1776884583.5911028,0.0,-1.0,-47.0
1776884583.6011028,0.0,-2.0,-44.0
1776884583.6111028,0.0,0.0,-46.0
1776884583.6211028,-1.0,-3.0,-48.0
1776884583.6311028,0.0,-7.0,-45.0
1776884583.6411028,0.0,-3.0,-38.0
1776884583.6511028,-1.0,0.0,-37.0
1776884583.6611028,1.0,4.0,-35.0
1776884583.6711028,2.0,6.0,-37.0
1776884583.6811028,4.0,8.0,-36.0
1776884583.6911027,1.0,6.0,-36.0
1776884583.7011027,6.0,3.0,-37.0
1776884583.7111027,2.0,4.0,-32.0
1776884583.7211027,3.0,2.0,-36.0
1776884583.7311027,5.0,-1.0,-33.0
1776884583.7411027,3.0,0.0,-45.0
1776884583.7511027,7.0,1.0,-43.0
1776884583.761103,8.0,1.0,-45.0
1776884583.771103,5.0,-4.0,-44.0
1776884583.781103,2.0,-2.0,-43.0
1776884583.7911026,1.0,-3.0,-42.0
1776884583.8011026,0.0,0.0,-41.0
1776884583.8111026,0.0,0.0,-37.0
1776884583.8211029,-2.0,0.0,-38.0
1776884583.8311028,3.0,3.0,-40.0
1776884583.8411028,5.0,1.0,-42.0
1776884583.8511028,3.0,1.0,-38.0
1776884583.8611028,-1.0,-3.0,-37.0
1776884583.8711028,-6.0,-4.0,-36.0
1776884583.8811028,-6.0,-3.0,-34.0
1776884583.8911028,-1.0,-2.0,-36.0
1776884583.9011028,0.0,-2.0,-36.0
1776884583.9111028,0.0,0.0,-43.0
1776884583.9211028,-1.0,-1.0,-44.0
1776884583.9311028,2.0,-7.0,-48.0
1776884583.9411027,1.0,-11.0,-52.0
1776884583.9511027,3.0,-9.0,-55.0
1776884583.9611027,0.0,-11.0,-56.0
1776884583.9711027,-1.0,-9.0,-52.0
1776884583.9811027,-4.0,-7.0,-51.0
1776884583.9911027,-4.0,-4.0,-52.0
1776884584.0011027,0.0,-2.0,-56.0
1776884584.011103,1.0,0.0,-51.0
1776884584.021103,4.0,0.0,-44.0
1776884584.031103,3.0,0.0,-42.0
1776884584.0411026,3.0,-1.0,-46.0
1776884584.0511026,-1.0,-5.0,-43.0
1776884584.0611026,-2.0,-8.0,-44.0
1776884584.0711029,-1.0,-7.0,-43.0
1776884584.0811028,-2.0,-6.0,-43.0
1776884584.0911028,-2.0,-3.0,-36.0
1776884584.1011028,-2.0,-3.0,-35.0
1776884584.1111028,-3.0,-1.0,-36.0
1776884584.1211028,-1.0,0.0,-44.0
1776884584.1311028,-1.0,2.0,-47.0
1776884584.1411028,-7.0,4.0,-49.0
1776884584.1511028,-7.0,4.0,-48.0
1776884584.1611028,-8.0,2.0,-50.0
1776884584.1711028,-5.0,-4.0,-50.0
1776884584.1811028,-2.0,-4.0,-45.0
1776884584.1911027,-4.0,-7.0,-45.0
1776884584.2011027,-3.0,-7.0,-45.0
1776884584.2111027,-2.0,-8.0,-48.0
1776884584.2211027,0.0,-7.0,-48.0
1776884584.2311027,-1.0,-9.0,-51.0
1776884584.2411027,-4.0,-11.0,-50.0
1776884584.2511027,-3.0,-10.0,-51.0
1776884584.261103,-4.0,-7.0,-51.0
1776884584.271103,-2.0,-10.0,-48.0
1776884584.281103,-1.0,-6.0,-45.0
1776884584.2911026,-1.0,-3.0,-45.0
1776884584.3011026,0.0,0.0,-47.0
1776884584.3111026,4.0,0.0,-39.0
1776884584.3211029,5.0,-1.0,-43.0
1776884584.3311028,3.0,0.0,-42.0
1776884584.3411028,6.0,2.0,-37.0
1776884584.3511028,4.0,1.0,-39.0
1776884584.3611028,0.0,2.0,-46.0
1776884584.3711028,0.0,3.0,-52.0
1776884584.3811028,0.0,2.0,-52.0
1776884584.3911028,-4.0,0.0,-49.0
1776884584.4011028,-4.0,0.0,-40.0
1776884584.4111028,-6.0,0.0,-37.0
1776884584.4211028,-2.0,-5.0,-38.0
1776884584.4311028,0.0,-4.0,-42.0
1776884584.4411027,0.0,0.0,-45.0
1776884584.4511027,0.0,0.0,-42.0
1776884584.4611027,2.0,3.0,-42.0
1776884584.4721026,-1.0,5.0,-45.0
1776884584.4821026,-3.0,0.0,-50.0
1776884584.4921026,-2.0,0.0,-49.0
1776884584.5021029,-6.0,-1.0,-47.0
1776884584.5121028,-5.0,-1.0,-52.0
1776884584.5221028,-3.0,2.0,-53.0
1776884584.5321028,-3.0,3.0,-49.0
1776884584.5421028,-2.0,1.0,-53.0
1776884584.5521028,-2.0,0.0,-48.0
1776884584.5621028,0.0,0.0,-53.0
1776884584.5721028,1.0,1.0,-49.0
1776884584.5821028,0.0,-1.0,-53.0
1776884584.5921028,-4.0,-3.0,-54.0
1776884584.6021028,-4.0,-2.0,-44.0
1776884584.6121027,-5.0,-7.0,-44.0
1776884584.6221027,-7.0,-5.0,-45.0
1776884584.6321027,-3.0,-4.0,-44.0
1776884584.6421027,-4.0,0.0,-50.0
1776884584.6521027,-4.0,0.0,-55.0
1776884584.6621027,-6.0,-5.0,-54.0
1776884584.6721027,-7.0,-6.0,-47.0
1776884584.682103,-4.0,-6.0,-41.0
1776884584.692103,-6.0,-3.0,-41.0
1776884584.702103,-6.0,-4.0,-40.0
1776884584.712103,-4.0,-8.0,-43.0
1776884584.7221026,-2.0,-11.0,-43.0
1776884584.7321026,0.0,-9.0,-43.0
1776884584.7421026,0.0,-9.0,-36.0
1776884584.7521029,-1.0,-5.0,-33.0
1776884584.7621028,0.0,-9.0,-36.0
1776884584.7721028,3.0,-10.0,-35.0
1776884584.7821028,3.0,-7.0,-35.0
1776884584.7921028,6.0,-4.0,-37.0
1776884584.8021028,6.0,0.0,-31.0
1776884584.8121028,4.0,0.0,-34.0
1776884584.8221028,3.0,1.0,-41.0
1776884584.8321028,5.0,-1.0,-42.0
1776884584.8421028,4.0,-3.0,-45.0
1776884584.8521028,3.0,-2.0,-47.0
1776884584.8621027,1.0,-6.0,-43.0
1776884584.8721027,0.0,-3.0,-41.0
1776884584.8821027,3.0,-1.0,-40.0
1776884584.8921027,2.0,-4.0,-41.0
1776884584.9021027,2.0,-8.0,-40.0
1776884584.9121027,8.0,-8.0,-45.0
1776884584.9221027,0.0,-4.0,-43.0
1776884584.932103,-1.0,-3.0,-43.0
1776884584.942103,-3.0,-3.0,-42.0
1776884584.952103,-2.0,0.0,-42.0
1776884584.962103,-4.0,-2.0,-44.0
1776884584.9721026,-5.0,1.0,-48.0
1776884584.9821026,-4.0,2.0,-46.0
1776884584.9921026,-3.0,4.0,-45.0
1776884585.0021029,-3.0,6.0,-40.0
1776884585.0121028,-2.0,5.0,-46.0
1776884585.0221028,1.0,2.0,-42.0
1776884585.0321028,4.0,1.0,-48.0
1776884585.0421028,4.0,1.0,-45.0
1776884585.0521028,0.0,-3.0,-45.0
1776884585.0621028,-2.0,-4.0,-42.0
1776884585.0721028,0.0,-5.0,-41.0
1776884585.0821028,0.0,-9.0,-45.0
1776884585.0921028,0.0,-8.0,-43.0
1776884585.1021028,1.0,-9.0,-44.0
1776884585.1121027,-2.0,-9.0,-41.0
1776884585.1221027,-1.0,-4.0,-46.0
1776884585.1321027,1.0,-4.0,-40.0
1776884585.1421027,5.0,-4.0,-39.0
1776884585.1521027,6.0,-4.0,-42.0
1776884585.1621027,4.0,-5.0,-40.0
1776884585.1721027,4.0,-2.0,-45.0
1776884585.182103,7.0,3.0,-45.0
1776884585.192103,4.0,3.0,-43.0
1776884585.202103,4.0,3.0,-40.0
1776884585.212103,3.0,1.0,-47.0
1776884585.2221026,0.0,2.0,-52.0
1776884585.2321026,-5.0,0.0,-49.0
1776884585.2421026,-6.0,-1.0,-47.0
1776884585.2521029,0.0,-5.0,-46.0
1776884585.2621028,0.0,-6.0,-42.0
1776884585.2721028,0.0,-1.0,-37.0
1776884585.2821028,-1.0,0.0,-45.0
1776884585.2921028,-1.0,3.0,-47.0
1776884585.3021028,-6.0,3.0,-41.0
1776884585.3121028,-1.0,1.0,-46.0
1776884585.3221028,0.0,2.0,-46.0
1776884585.3321028,1.0,3.0,-45.0
1776884585.3421028,2.0,-1.0,-35.0
1776884585.3521028,-1.0,0.0,-41.0
1776884585.3621027,-3.0,2.0,-47.0
1776884585.3721027,-4.0,2.0,-49.0
1776884585.3821027,0.0,1.0,-49.0
1776884585.3921027,1.0,0.0,-50.0
1776884585.4021027,3.0,-6.0,-49.0
1776884585.4121027,3.0,0.0,-50.0
1776884585.4221027,2.0,3.0,-53.0
1776884585.432103,-2.0,1.0,-52.0
1776884585.442103,-4.0,0.0,-56.0
1776884585.452103,-2.0,0.0,-52.0
1776884585.462103,-6.0,5.0,-53.0
1776884585.4721026,-2.0,1.0,-51.0
1776884585.4821026,1.0,-3.0,-58.0
1776884585.4921026,1.0,-7.0,-55.0
1776884585.5021029,2.0,-2.0,-52.0
1776884585.5121028,1.0,1.0,-42.0
1776884585.5221028,0.0,0.0,-42.0
1776884585.5321028,0.0,-3.0,-44.0
1776884585.5421028,-2.0,0.0,-43.0
1776884585.5521028,0.0,-3.0,-52.0
1776884585.5621028,0.0,-5.0,-58.0
1776884585.5721028,-5.0,-5.0,-54.0
1776884585.5821028,-9.0,-4.0,-49.0
1776884585.5921028,-8.0,-3.0,-45.0
1776884585.6021028,-4.0,-1.0,-48.0
1776884585.6121027,-2.0,-6.0,-49.0
1776884585.6221027,-2.0,-11.0,-49.0
1776884585.6321027,0.0,-9.0,-48.0
1776884585.6421027,3.0,-5.0,-52.0
1776884585.6521027,0.0,-6.0,-51.0
1776884585.6621027,1.0,-7.0,-53.0
1776884585.6721027,3.0,-5.0,-49.0
1776884585.682103,4.0,-5.0,-47.0
1776884585.692103,4.0,-2.0,-46.0
1776884585.702103,0.0,-3.0,-43.0
1776884585.712103,2.0,4.0,-44.0
1776884585.7221026,0.0,2.0,-48.0
1776884585.7321026,-7.0,4.0,-45.0
1776884585.7421026,-8.0,4.0,-49.0
1776884585.7521029,-8.0,1.0,-47.0
1776884585.7621028,-8.0,1.0,-45.0
1776884585.7721028,-3.0,3.0,-47.0
1776884585.7821028,-3.0,1.0,-43.0
1776884585.7921028,-2.0,-3.0,-46.0
1776884585.8021028,1.0,-6.0,-51.0
1776884585.8121028,-4.0,-3.0,-52.0
1776884585.8221028,-7.0,-3.0,-54.0
1776884585.8321028,-5.0,-5.0,-51.0
1776884585.8421028,-2.0,-6.0,-48.0
1776884585.8521028,2.0,-4.0,-44.0
1776884585.8621027,1.0,-5.0,-39.0
1776884585.8721027,4.0,-5.0,-38.0
1776884585.8821027,2.0,-11.0,-39.0
1776884585.8921027,-1.0,-9.0,-42.0
1776884585.9021027,-4.0,-8.0,-45.0
1776884585.9121027,-4.0,-5.0,-41.0
1776884585.9221027,-5.0,-2.0,-46.0
1776884585.932103,-9.0,-1.0,-44.0
1776884585.942103,-13.0,-2.0,-42.0
1776884585.952103,-7.0,-2.0,-49.0
1776884585.962103,-2.0,-3.0,-51.0
1776884585.9721026,0.0,-8.0,-51.0
1776884585.9821026,1.0,-8.0,-49.0
1776884585.9921026,1.0,-5.0,-46.0
1776884586.0021029,4.0,-2.0,-49.0
1776884586.0121028,5.0,3.0,-56.0
1776884586.0221028,3.0,0.0,-58.0
1776884586.0321028,3.0,-3.0,-53.0
1776884586.0421028,2.0,-3.0,-52.0
1776884586.0521028,-2.0,-4.0,-51.0
1776884586.0621028,-5.0,-2.0,-49.0
1776884586.0721028,-4.0,-4.0,-47.0
1776884586.0821028,-1.0,-4.0,-43.0
1776884586.0921028,0.0,-2.0,-44.0
1776884586.1021028,1.0,0.0,-47.0
1776884586.1121027,3.0,1.0,-48.0
1776884586.1221027,4.0,3.0,-51.0
1776884586.1321027,2.0,1.0,-38.0
1776884586.1421027,-1.0,2.0,-37.0
1776884586.1521027,4.0,1.0,-39.0
1776884586.1621027,5.0,4.0,-40.0
1776884586.1721027,5.0,4.0,-41.0
1776884586.182103,8.0,1.0,-45.0
1776884586.192103,7.0,0.0,-39.0
1776884586.202103,2.0,0.0,-45.0
1776884586.212103,3.0,-1.0,-47.0
1776884586.2221026,5.0,1.0,-41.0
1776884586.2321026,0.0,0.0,-44.0
1776884586.2421026,1.0,-4.0,-50.0
1776884586.2521029,3.0,-3.0,-47.0
1776884586.2621028,1.0,-1.0,-47.0
1776884586.2721028,2.0,-3.0,-47.0
1776884586.2821028,5.0,0.0,-49.0
1776884586.2921028,7.0,2.0,-51.0
1776884586.3021028,6.0,5.0,-51.0
1776884586.3121028,3.0,8.0,-56.0
1776884586.3221028,0.0,4.0,-46.0
1776884586.3321028,1.0,1.0,-38.0
1776884586.3421028,3.0,4.0,-37.0
1776884586.3521028,2.0,4.0,-37.0
1776884586.3621027,1.0,1.0,-32.0
1776884586.3721027,-1.0,-1.0,-31.0
1776884586.3821027,-1.0,-3.0,-28.0
1776884586.3921027,4.0,-2.0,-28.0
1776884586.4021027,7.0,1.0,-30.0
1776884586.4121027,6.0,-1.0,-36.0
1776884586.4221027,2.0,-2.0,-38.0
1776884586.432103,5.0,-6.0,-36.0
1776884586.442103,4.0,-3.0,-44.0
1776884586.452103,1.0,-2.0,-53.0
1776884586.4631028,1.0,-2.0,-47.0
1776884586.4731028,7.0,-6.0,-41.0
1776884586.4831028,6.0,-3.0,-40.0
1776884586.4931028,4.0,-2.0,-41.0
1776884586.5031028,0.0,-4.0,-38.0
1776884586.5131028,2.0,-2.0,-38.0
1776884586.5231028,4.0,-1.0,-33.0
1776884586.5331028,5.0,2.0,-40.0
1776884586.5431027,0.0,3.0,-45.0
1776884586.5531027,0.0,0.0,-45.0
1776884586.5631027,1.0,-1.0,-40.0
1776884586.5731027,-1.0,-2.0,-39.0
1776884586.5831027,-1.0,-3.0,-35.0
1776884586.5931027,0.0,-2.0,-31.0
1776884586.6031027,-5.0,-3.0,-33.0
1776884586.613103,-3.0,-3.0,-33.0
1776884586.623103,-2.0,0.0,-33.0
1776884586.633103,0.0,-2.0,-38.0
1776884586.6431026,1.0,-1.0,-37.0
1776884586.6531026,4.0,-5.0,-37.0
1776884586.6631026,5.0,-5.0,-37.0
1776884586.6731029,2.0,-3.0,-39.0
1776884586.6831028,1.0,-6.0,-38.0
1776884586.6931028,-1.0,-9.0,-41.0
1776884586.7031028,-2.0,-6.0,-42.0
1776884586.7131028,-1.0,-3.0,-40.0
1776884586.7231028,2.0,-5.0,-32.0
1776884586.7331028,-2.0,-2.0,-38.0
1776884586.7431028,-8.0,-3.0,-39.0
1776884586.7531028,-9.0,0.0,-40.0
1776884586.7631028,-7.0,0.0,-35.0
1776884586.7731028,-1.0,-1.0,-44.0
1776884586.7831028,0.0,2.0,-43.0
1776884586.7931027,-2.0,0.0,-46.0
1776884586.8031027,1.0,-2.0,-46.0
1776884586.8131027,5.0,-4.0,-43.0
1776884586.8231027,8.0,-1.0,-49.0
1776884586.8331027,4.0,0.0,-49.0
1776884586.8431027,3.0,-3.0,-43.0
1776884586.8531027,0.0,-4.0,-42.0
1776884586.863103,-2.0,-3.0,-41.0
1776884586.873103,-1.0,0.0,-41.0
1776884586.883103,-1.0,0.0,-38.0
1776884586.8931026,-3.0,5.0,-42.0
1776884586.9031026,-3.0,7.0,-46.0
1776884586.9131026,-8.0,2.0,-41.0
1776884586.9231029,-3.0,0.0,-46.0
1776884586.9331028,-3.0,0.0,-49.0
1776884586.9431028,-5.0,0.0,-48.0
1776884586.9531028,-5.0,0.0,-43.0
1776884586.9631028,-4.0,-1.0,-39.0
1776884586.9731028,-5.0,1.0,-40.0
1776884586.9831028,-2.0,1.0,-40.0
1776884586.9931028,-3.0,-1.0,-35.0
1776884587.0031028,-3.0,-5.0,-39.0
1776884587.0131028,-1.0,0.0,-44.0
1776884587.0231028,0.0,1.0,-42.0
1776884587.0331028,0.0,0.0,-48.0
1776884587.0431027,-2.0,1.0,-51.0
1776884587.0531027,0.0,0.0,-52.0
1776884587.0631027,1.0,5.0,-50.0
1776884587.0731027,2.0,6.0,-48.0
1776884587.0831027,1.0,4.0,-50.0
1776884587.0931027,-4.0,5.0,-52.0
1776884587.1031027,-4.0,4.0,-59.0
1776884587.113103,-8.0,1.0,-58.0
1776884587.123103,-5.0,0.0,-52.0
1776884587.133103,-1.0,-2.0,-54.0
1776884587.1431026,2.0,-4.0,-55.0
1776884587.1531026,0.0,-4.0,-50.0
1776884587.1631026,0.0,-4.0,-49.0
1776884587.1731029,0.0,-2.0,-49.0
1776884587.1831028,0.0,0.0,-51.0
1776884587.1931028,1.0,0.0,-47.0
1776884587.2031028,1.0,-4.0,-49.0
1776884587.2131028,-1.0,-7.0,-48.0
1776884587.2231028,5.0,-5.0,-40.0
1776884587.2331028,9.0,0.0,-43.0
1776884587.2431028,9.0,4.0,-45.0
1776884587.2531028,2.0,0.0,-45.0
1776884587.2631028,4.0,-5.0,-49.0
1776884587.2731028,1.0,-9.0,-50.0
1776884587.2831028,4.0,-10.0,-54.0
1776884587.2931027,7.0,-9.0,-55.0
1776884587.3031027,5.0,-9.0,-48.0
1776884587.3131027,2.0,-4.0,-43.0
1776884587.3231027,0.0,0.0,-47.0
1776884587.3331027,-1.0,-2.0,-45.0
1776884587.3431027,0.0,-4.0,-49.0
1776884587.3531027,4.0,-5.0,-48.0
1776884587.363103,4.0,-5.0,-45.0
1776884587.373103,7.0,-5.0,-45.0
1776884587.383103,9.0,-7.0,-47.0
1776884587.3931026,7.0,-5.0,-49.0
1776884587.4031026,2.0,-4.0,-45.0
1776884587.4131026,0.0,-1.0,-41.0
1776884587.4231029,0.0,-3.0,-36.0
1776884587.4331028,-3.0,-3.0,-39.0
1776884587.4431028,1.0,-3.0,-42.0
1776884587.4531028,1.0,0.0,-38.0
1776884587.4631028,1.0,0.0,-37.0
1776884587.4731028,0.0,-2.0,-41.0
1776884587.4831028,0.0,-1.0,-44.0
1776884587.4931028,0.0,-5.0,-48.0
1776884587.5031028,-2.0,-3.0,-55.0
1776884587.5131028,-5.0,-2.0,-52.0
1776884587.5231028,-5.0,-4.0,-52.0
1776884587.5331028,-1.0,-6.0,-40.0
1776884587.5431027,0.0,-9.0,-36.0
1776884587.5531027,2.0,-9.0,-38.0
1776884587.5631027,3.0,-8.0,-46.0
1776884587.5731027,5.0,-5.0,-49.0
1776884587.5831027,3.0,-7.0,-53.0
1776884587.5931027,2.0,-1.0,-55.0
1776884587.6031027,3.0,0.0,-55.0
1776884587.613103,4.0,-1.0,-53.0
1776884587.623103,5.0,-4.0,-48.0
1776884587.633103,4.0,-4.0,-46.0
1776884587.6431026,0.0,-5.0,-51.0
1776884587.6531026,-2.0,-7.0,-52.0
1776884587.6631026,-8.0,-9.0,-48.0
1776884587.6731029,-6.0,0.0,-43.0
1776884587.6831028,-2.0,0.0,-43.0
1776884587.6931028,-1.0,0.0,-47.0
1776884587.7031028,2.0,5.0,-41.0
1776884587.7131028,0.0,9.0,-44.0
1776884587.7231028,-3.0,6.0,-43.0
1776884587.7331028,-2.0,5.0,-41.0
1776884587.7431028,-3.0,0.0,-47.0
1776884587.7531028,-3.0,0.0,-52.0
1776884587.7631028,-3.0,-2.0,-48.0
1776884587.7731028,-2.0,0.0,-49.0
1776884587.7831028,0.0,-1.0,-42.0
1776884587.7931027,2.0,0.0,-38.0
1776884587.8031027,-1.0,3.0,-33.0
1776884587.8131027,-6.0,0.0,-34.0
1776884587.8231027,-9.0,4.0,-46.0
1776884587.8331027,-10.0,-4.0,-50.0
1776884587.8431027,-8.0,-2.0,-54.0
1776884587.8531027,-8.0,-1.0,-51.0
1776884587.863103,-6.0,0.0,-51.0
1776884587.873103,-1.0,-2.0,-47.0
1776884587.883103,1.0,-1.0,-49.0
1776884587.8931026,-3.0,-4.0,-53.0
1776884587.9031026,-5.0,-7.0,-49.0
1776884587.9131026,-1.0,-5.0,-52.0
1776884587.9231029,-4.0,-5.0,-44.0
1776884587.9331028,-4.0,-5.0,-40.0
1776884587.9431028,-7.0,-7.0,-45.0
1776884587.9531028,-3.0,-7.0,-53.0
1776884587.9631028,1.0,-9.0,-52.0
1776884587.9731028,1.0,-6.0,-47.0
1776884587.9831028,4.0,-10.0,-51.0
1776884587.9931028,7.0,-11.0,-52.0
1776884588.0031028,2.0,-7.0,-48.0
1776884588.0131028,3.0,-1.0,-44.0
1776884588.0231028,5.0,2.0,-45.0
1776884588.0331028,1.0,4.0,-55.0
1776884588.0431027,-1.0,3.0,-55.0
1776884588.0531027,1.0,9.0,-55.0
1776884588.0631027,5.0,11.0,-54.0
1776884588.0731027,4.0,12.0,-48.0
1776884588.0831027,6.0,7.0,-46.0
1776884588.0931027,3.0,5.0,-49.0
1776884588.1031027,6.0,5.0,-48.0
1776884588.113103,6.0,2.0,-45.0
1776884588.123103,5.0,2.0,-50.0
1776884588.133103,4.0,3.0,-45.0
1776884588.1431026,6.0,0.0,-41.0
1776884588.1531026,9.0,0.0,-42.0
1776884588.1631026,12.0,-2.0,-38.0
1776884588.1731029,13.0,-4.0,-45.0
1776884588.1831028,9.0,-4.0,-50.0
1776884588.1931028,4.0,-5.0,-49.0
1776884588.2031028,3.0,-6.0,-51.0
1776884588.2131028,2.0,-8.0,-54.0
1776884588.2231028,4.0,-7.0,-49.0
1776884588.2331028,7.0,-3.0,-52.0
1776884588.2431028,6.0,-3.0,-51.0
1776884588.2531028,4.0,-4.0,-53.0
1776884588.2631028,3.0,-3.0,-49.0
1776884588.2731028,-1.0,-4.0,-52.0
1776884588.2831028,1.0,-3.0,-45.0
1776884588.2931027,2.0,-1.0,-50.0
1776884588.3031027,2.0,-1.0,-45.0
1776884588.3131027,-4.0,-1.0,-46.0
1776884588.3231027,-4.0,-3.0,-44.0
1776884588.3331027,0.0,0.0,-44.0
1776884588.3431027,-2.0,2.0,-51.0
1776884588.3531027,-2.0,0.0,-48.0
1776884588.363103,0.0,0.0,-47.0
1776884588.373103,0.0,1.0,-50.0
1776884588.383103,3.0,-2.0,-46.0
1776884588.3931026,7.0,0.0,-43.0
1776884588.4031026,5.0,0.0,-41.0
1776884588.4131026,2.0,3.0,-42.0
1776884588.4241028,2.0,4.0,-42.0
1776884588.4341028,4.0,4.0,-40.0
1776884588.4441028,0.0,4.0,-39.0
1776884588.4541028,0.0,6.0,-43.0
1776884588.4641027,0.0,6.0,-49.0
1776884588.4741027,1.0,6.0,-51.0
1776884588.4841027,3.0,7.0,-54.0
1776884588.4941027,0.0,8.0,-49.0
1776884588.5041027,-4.0,4.0,-38.0
1776884588.5141027,0.0,2.0,-41.0
1776884588.5241027,0.0,0.0,-40.0
1776884588.534103,-8.0,-2.0,-38.0
1776884588.544103,-4.0,-2.0,-38.0
1776884588.554103,-1.0,-1.0,-40.0
1776884588.5641026,0.0,-1.0,-49.0
1776884588.5741026,0.0,-3.0,-53.0
1776884588.5841026,-1.0,0.0,-44.0
1776884588.5941026,-4.0,3.0,-51.0
1776884588.6041028,1.0,5.0,-45.0
1776884588.6141028,3.0,1.0,-48.0
1776884588.6241028,-2.0,0.0,-46.0
1776884588.6341028,-2.0,0.0,-48.0
1776884588.6441028,0.0,2.0,-54.0
1776884588.6541028,-6.0,1.0,-58.0
1776884588.6641028,-6.0,-2.0,-63.0
1776884588.6741028,-3.0,-7.0,-56.0
1776884588.6841028,-2.0,-6.0,-53.0
1776884588.6941028,1.0,-4.0,-47.0
1776884588.7041028,2.0,-4.0,-45.0
1776884588.7141027,0.0,-3.0,-44.0
1776884588.7241027,0.0,-4.0,-46.0
1776884588.7341027,0.0,-4.0,-47.0
1776884588.7441027,2.0,-1.0,-45.0
1776884588.7541027,5.0,2.0,-43.0
1776884588.7641027,4.0,4.0,-40.0
1776884588.7741027,0.0,0.0,-41.0
1776884588.784103,-2.0,-4.0,-36.0
1776884588.794103,-5.0,-6.0,-48.0
1776884588.804103,-5.0,-7.0,-51.0
1776884588.8141026,-1.0,-2.0,-55.0
1776884588.8241026,0.0,-1.0,-53.0
1776884588.8341026,0.0,-1.0,-50.0
1776884588.8441026,0.0,-4.0,-47.0
1776884588.8541028,0.0,-4.0,-51.0
1776884588.8641028,1.0,-4.0,-44.0
1776884588.8741028,-2.0,-2.0,-37.0
1776884588.8841028,-1.0,0.0,-36.0
1776884588.8941028,0.0,-3.0,-46.0
1776884588.9041028,-2.0,-5.0,-49.0
1776884588.9141028,-3.0,-1.0,-44.0
1776884588.9241028,-1.0,4.0,-48.0
1776884588.9341028,0.0,4.0,-49.0
1776884588.9441028,0.0,1.0,-42.0
1776884588.9541028,-3.0,4.0,-40.0
1776884588.9641027,-4.0,5.0,-44.0
1776884588.9741027,-7.0,4.0,-39.0
1776884588.9841027,-4.0,1.0,-43.0
1776884588.9941027,-4.0,4.0,-46.0
1776884589.0041027,-1.0,-1.0,-46.0
1776884589.0141027,2.0,-3.0,-41.0
1776884589.0241027,0.0,0.0,-38.0
1776884589.034103,-1.0,-3.0,-37.0
1776884589.044103,0.0,-2.0,-36.0
1776884589.054103,-2.0,0.0,-35.0
1776884589.0641026,-1.0,0.0,-44.0
1776884589.0741026,-6.0,0.0,-44.0
1776884589.0841026,-9.0,-3.0,-35.0
1776884589.0941026,-11.0,-4.0,-42.0
1776884589.1041028,-4.0,-8.0,-41.0
1776884589.1141028,0.0,-8.0,-39.0
1776884589.1241028,-2.0,-5.0,-39.0
1776884589.1341028,-8.0,-6.0,-37.0
1776884589.1441028,-4.0,-3.0,-40.0
1776884589.1541028,1.0,-3.0,-40.0
1776884589.1641028,4.0,-3.0,-48.0
1776884589.1741028,2.0,-6.0,-52.0
1776884589.1841028,2.0,-3.0,-50.0
1776884589.1941028,-1.0,1.0,-47.0
1776884589.2041028,0.0,0.0,-43.0
1776884589.2141027,-3.0,0.0,-47.0
1776884589.2241027,-2.0,-1.0,-41.0
1776884589.2341027,1.0,0.0,-43.0
1776884589.2441027,2.0,0.0,-46.0
1776884589.2541027,3.0,-2.0,-44.0
1776884589.2641027,5.0,-2.0,-48.0
1776884589.2741027,6.0,-5.0,-50.0
1776884589.284103,0.0,-3.0,-45.0
1776884589.294103,1.0,-1.0,-40.0
1776884589.304103,4.0,-4.0,-35.0
1776884589.3141026,2.0,-2.0,-28.0
1776884589.3241026,0.0,-3.0,-33.0
1776884589.3341026,0.0,-3.0,-38.0
1776884589.3441026,3.0,0.0,-35.0
1776884589.3541028,0.0,-2.0,-37.0
1776884589.3641028,-3.0,-2.0,-42.0
1776884589.3741028,-5.0,1.0,-35.0
1776884589.3841028,-5.0,1.0,-37.0
1776884589.3941028,-6.0,0.0,-39.0
1776884589.4041028,-4.0,0.0,-38.0
1776884589.4141028,-2.0,-6.0,-41.0
1776884589.4241028,0.0,-6.0,-45.0
1776884589.4341028,1.0,0.0,-46.0
1776884589.4441028,1.0,1.0,-49.0
1776884589.4541028,3.0,3.0,-47.0
1776884589.4641027,3.0,0.0,-51.0
1776884589.4741027,2.0,-4.0,-59.0
1776884589.4841027,1.0,-5.0,-54.0
1776884589.4941027,-3.0,-9.0,-50.0
1776884589.5041027,-5.0,-10.0,-52.0
1776884589.5141027,-3.0,-7.0,-50.0
1776884589.5241027,1.0,-4.0,-47.0
1776884589.534103,-1.0,-3.0,-45.0
1776884589.544103,-3.0,-5.0,-40.0
1776884589.554103,-2.0,-8.0,-30.0
1776884589.5641026,-1.0,-10.0,-36.0
1776884589.5741026,-2.0,-12.0,-38.0
1776884589.5841026,1.0,-12.0,-37.0
1776884589.5941026,3.0,-9.0,-36.0
1776884589.6041028,4.0,-6.0,-38.0
1776884589.6141028,3.0,-3.0,-34.0
1776884589.6241028,-1.0,-1.0,-37.0
1776884589.6341028,0.0,2.0,-47.0
1776884589.6441028,2.0,2.0,-51.0
1776884589.6541028,4.0,2.0,-57.0
1776884589.6641028,5.0,0.0,-50.0
1776884589.6741028,5.0,-2.0,-49.0
1776884589.6841028,7.0,-1.0,-47.0
1776884589.6941028,7.0,0.0,-47.0
1776884589.7041028,11.0,-2.0,-48.0
1776884589.7141027,12.0,-2.0,-51.0
1776884589.7241027,9.0,-3.0,-52.0
1776884589.7341027,10.0,-1.0,-56.0
1776884589.7441027,11.0,2.0,-56.0
1776884589.7541027,4.0,1.0,-55.0
1776884589.7641027,2.0,-2.0,-56.0
1776884589.7741027,-2.0,-3.0,-58.0
1776884589.784103,-4.0,-4.0,-58.0
1776884589.794103,-4.0,-1.0,-62.0
1776884589.804103,-5.0,2.0,-56.0
1776884589.8141026,-6.0,3.0,-53.0
1776884589.8241026,-8.0,0.0,-52.0
1776884589.8341026,-5.0,1.0,-58.0
1776884589.8441026,-2.0,2.0,-53.0
1776884589.8541028,-5.0,0.0,-47.0
1776884589.8641028,-2.0,0.0,-49.0
1776884589.8741028,1.0,2.0,-45.0
1776884589.8841028,0.0,-1.0,-44.0
1776884589.8941028,1.0,-1.0,-42.0
1776884589.9041028,4.0,-4.0,-44.0
1776884589.9141028,2.0,-3.0,-40.0
1776884589.9241028,-1.0,-2.0,-41.0
1776884589.9341028,-4.0,-2.0,-36.0
1776884589.9441028,-6.0,-4.0,-31.0
1776884589.9541028,-2.0,-2.0,-39.0
1776884589.9641027,0.0,0.0,-40.0
1776884589.9741027,0.0,1.0,-35.0
1776884589.9841027,0.0,0.0,-34.0
1776884589.9941027,0.0,-1.0,-38.0
1776884590.0041027,-1.0,-7.0,-44.0
1776884590.0141027,1.0,-9.0,-42.0
1776884590.0241027,0.0,-5.0,-38.0
1776884590.034103,0.0,-4.0,-39.0
1776884590.044103,-2.0,-9.0,-42.0
1776884590.054103,-1.0,-12.0,-47.0
1776884590.0641026,-3.0,-9.0,-52.0
1776884590.0741026,-3.0,-7.0,-49.0
1776884590.0841026,-1.0,-10.0,-54.0
1776884590.0941026,-3.0,-11.0,-55.0
1776884590.1041028,-3.0,-13.0,-54.0
1776884590.1141028,2.0,-12.0,-49.0
1776884590.1241028,0.0,-12.0,-47.0
1776884590.1341028,-4.0,-10.0,-43.0
1776884590.1441028,-1.0,-10.0,-44.0
1776884590.1541028,0.0,-8.0,-48.0
1776884590.1641028,-1.0,-6.0,-46.0
1776884590.1741028,-1.0,-3.0,-51.0
1776884590.1841028,-5.0,-3.0,-51.0
1776884590.1941028,-8.0,-2.0,-51.0
1776884590.2041028,-5.0,-1.0,-40.0
1776884590.2141027,-2.0,-8.0,-38.0
1776884590.2241027,-3.0,-8.0,-45.0
1776884590.2341027,-5.0,-6.0,-48.0
1776884590.2441027,-4.0,-6.0,-52.0
1776884590.2541027,2.0,-2.0,-47.0
1776884590.2641027,5.0,-5.0,-41.0
1776884590.2741027,11.0,-4.0,-38.0
1776884590.284103,9.0,-2.0,-38.0
1776884590.294103,6.0,-8.0,-39.0
1776884590.304103,6.0,-9.0,-42.0
1776884590.3141026,5.0,-6.0,-40.0
1776884590.3241026,4.0,-6.0,-37.0
1776884590.3341026,1.0,-3.0,-31.0
1776884590.3441026,1.0,0.0,-35.0
1776884590.3541028,2.0,-1.0,-45.0
1776884590.3651028,0.0,1.0,-47.0
1776884590.3741028,2.0,1.0,-47.0
1776884590.3841028,2.0,2.0,-50.0
1776884590.3951027,2.0,4.0,-51.0
1776884590.4051027,1.0,0.0,-54.0
1776884590.4151027,1.0,-2.0,-52.0
1776884590.4251027,-1.0,-4.0,-46.0
1776884590.4351027,1.0,-6.0,-40.0
1776884590.4451027,3.0,-3.0,-43.0
1776884590.4551027,0.0,0.0,-50.0
1776884590.465103,3.0,0.0,-50.0
1776884590.475103,0.0,-3.0,-49.0
1776884590.485103,0.0,-2.0,-55.0
1776884590.4951026,0.0,0.0,-55.0
1776884590.5051026,-2.0,4.0,-60.0
1776884590.5151026,0.0,5.0,-59.0
1776884590.5251029,-4.0,2.0,-56.0
1776884590.5351028,-3.0,2.0,-49.0
1776884590.5451028,2.0,-1.0,-43.0
1776884590.5551028,2.0,0.0,-43.0
1776884590.5651028,-1.0,1.0,-47.0
1776884590.5751028,0.0,0.0,-41.0
1776884590.5851028,1.0,3.0,-41.0
1776884590.5951028,0.0,2.0,-45.0
1776884590.6051028,-2.0,1.0,-45.0
1776884590.6151028,1.0,0.0,-50.0
1776884590.6251028,0.0,1.0,-48.0
1776884590.6351027,0.0,3.0,-44.0
1776884590.6451027,1.0,-1.0,-52.0
1776884590.6551027,0.0,-4.0,-52.0
1776884590.6651027,-6.0,-5.0,-49.0
1776884590.6751027,-3.0,-4.0,-52.0
1776884590.6851027,1.0,-2.0,-55.0
1776884590.6951027,4.0,-5.0,-51.0
1776884590.7051027,4.0,-6.0,-48.0
1776884590.715103,-1.0,-4.0,-42.0
1776884590.725103,-6.0,-4.0,-43.0
1776884590.735103,-6.0,-3.0,-39.0
1776884590.7451026,-4.0,-9.0,-46.0
1776884590.7551026,-8.0,-7.0,-45.0
1776884590.7651026,-7.0,-9.0,-44.0
1776884590.7751029,-3.0,-9.0,-40.0
1776884590.7851028,0.0,-11.0,-41.0
1776884590.7951028,4.0,-8.0,-37.0
1776884590.8051028,5.0,-6.0,-39.0
1776884590.8151028,6.0,-2.0,-40.0
1776884590.8251028,8.0,1.0,-38.0
1776884590.8351028,9.0,2.0,-40.0
1776884590.8451028,7.0,0.0,-43.0
1776884590.8551028,6.0,2.0,-48.0
1776884590.8651028,7.0,1.0,-52.0
1776884590.8751028,9.0,2.0,-54.0
1776884590.8851027,10.0,2.0,-50.0
1776884590.8951027,11.0,1.0,-49.0
1776884590.9051027,9.0,0.0,-54.0
1776884590.9151027,4.0,0.0,-52.0
1776884590.9251027,8.0,0.0,-53.0
1776884590.9351027,13.0,0.0,-46.0
1776884590.9451027,9.0,3.0,-40.0
1776884590.9551027,4.0,-4.0,-40.0
1776884590.965103,4.0,-3.0,-51.0
1776884590.975103,2.0,-4.0,-46.0
1776884590.985103,3.0,-4.0,-45.0
1776884590.9951026,1.0,-2.0,-53.0
1776884591.0051026,3.0,-3.0,-53.0
1776884591.0151026,2.0,-4.0,-52.0
1776884591.0251029,3.0,-2.0,-51.0
1776884591.0351028,-1.0,-2.0,-54.0
1776884591.0451028,2.0,-4.0,-53.0
1776884591.0551028,3.0,-5.0,-50.0
1776884591.0651028,2.0,-4.0,-55.0
1776884591.0751028,3.0,-6.0,-62.0
1776884591.0851028,2.0,-5.0,-61.0
1776884591.0951028,0.0,-5.0,-56.0
1776884591.1051028,-4.0,-2.0,-55.0
1776884591.1151028,-2.0,-2.0,-49.0
1776884591.1251028,-8.0,-3.0,-41.0
1776884591.1351027,-3.0,-5.0,-40.0
1776884591.1451027,-3.0,-3.0,-44.0
1776884591.1551027,-6.0,-1.0,-42.0
1776884591.1651027,-3.0,0.0,-47.0
1776884591.1751027,-3.0,3.0,-46.0
1776884591.1851027,-3.0,5.0,-44.0
1776884591.1951027,-2.0,3.0,-51.0
1776884591.2051027,-4.0,3.0,-51.0
1776884591.215103,0.0,7.0,-47.0
1776884591.225103,-3.0,8.0,-38.0
1776884591.235103,-5.0,8.0,-38.0
1776884591.2451026,-8.0,9.0,-41.0
1776884591.2551026,-12.0,8.0,-38.0
1776884591.2651026,-11.0,7.0,-43.0
1776884591.2751029,-6.0,6.0,-43.0
1776884591.2851028,-4.0,4.0,-43.0
1776884591.2951028,-4.0,9.0,-43.0
1776884591.3051028,-3.0,7.0,-53.0
1776884591.3151028,-4.0,4.0,-57.0
1776884591.3251028,-4.0,-1.0,-51.0
1776884591.3351028,-3.0,-1.0,-44.0
1776884591.3451028,-1.0,-7.0,-48.0
1776884591.3551028,0.0,-7.0,-54.0
1776884591.3651028,-1.0,-4.0,-49.0
1776884591.3751028,3.0,-2.0,-49.0
1776884591.3851027,3.0,-3.0,-42.0
1776884591.3951027,2.0,0.0,-42.0
1776884591.4051027,0.0,0.0,-43.0
1776884591.4151027,-1.0,3.0,-61.0
1776884591.4251027,-2.0,2.0,-61.0
1776884591.4351027,0.0,5.0,-59.0
1776884591.4451027,-1.0,5.0,-59.0
1776884591.4551027,-3.0,-1.0,-53.0
1776884591.465103,-3.0,-1.0,-53.0
1776884591.475103,-5.0,-1.0,-52.0
1776884591.485103,-5.0,-3.0,-53.0
1776884591.4951026,2.0,-6.0,-56.0
1776884591.5051026,4.0,0.0,-56.0
1776884591.5151026,7.0,-2.0,-57.0
1776884591.5251029,8.0,-4.0,-49.0
1776884591.5351028,12.0,-5.0,-42.0
1776884591.5451028,8.0,-7.0,-42.0
1776884591.5551028,5.0,-4.0,-49.0
1776884591.5651028,3.0,-2.0,-47.0
1776884591.5751028,4.0,-4.0,-40.0
1776884591.5851028,0.0,-3.0,-42.0
1776884591.5951028,-1.0,-1.0,-36.0
1776884591.6051028,0.0,-1.0,-34.0
1776884591.6151028,1.0,-3.0,-36.0
1776884591.6251028,0.0,-4.0,-39.0
1776884591.6351027,-5.0,-3.0,-42.0
1776884591.6451027,-10.0,-2.0,-41.0
1776884591.6551027,-7.0,-5.0,-39.0
1776884591.6651027,-4.0,-1.0,-37.0
1776884591.6751027,-6.0,2.0,-38.0
1776884591.6851027,-5.0,6.0,-39.0
1776884591.6951027,-4.0,9.0,-37.0
1776884591.7051027,-4.0,8.0,-44.0
1776884591.715103,-2.0,6.0,-43.0
1776884591.725103,-4.0,5.0,-45.0
1776884591.735103,-4.0,0.0,-46.0
1776884591.7451026,-4.0,3.0,-45.0
1776884591.7551026,-1.0,3.0,-43.0
1776884591.7651026,-2.0,-1.0,-44.0
1776884591.7751029,-1.0,0.0,-43.0
1776884591.7851028,-1.0,0.0,-44.0
1776884591.7951028,0.0,1.0,-50.0
1776884591.8051028,-1.0,0.0,-55.0
1776884591.8151028,1.0,-2.0,-52.0
1776884591.8251028,0.0,-3.0,-49.0
1776884591.8351028,0.0,-1.0,-49.0
1776884591.8451028,2.0,-1.0,-46.0
1776884591.8551028,3.0,-1.0,-49.0
1776884591.8651028,3.0,-1.0,-49.0
1776884591.8751028,1.0,-5.0,-47.0
1776884591.8851027,-3.0,-6.0,-50.0
1776884591.8951027,-2.0,-2.0,-45.0
1776884591.9051027,1.0,0.0,-49.0
1776884591.9151027,1.0,3.0,-54.0
1776884591.9251027,0.0,2.0,-54.0
1776884591.9351027,4.0,3.0,-59.0
1776884591.9451027,2.0,0.0,-65.0
1776884591.9551027,0.0,-1.0,-62.0
1776884591.965103,-1.0,0.0,-57.0
1776884591.975103,2.0,3.0,-55.0
1776884591.985103,6.0,2.0,-54.0
1776884591.9951026,7.0,2.0,-60.0
1776884592.0051026,2.0,0.0,-59.0
1776884592.0151026,0.0,-4.0,-54.0
1776884592.0251029,-1.0,-6.0,-48.0
1776884592.0351028,0.0,-6.0,-59.0
1776884592.0451028,-3.0,-4.0,-57.0
1776884592.0551028,-3.0,-1.0,-55.0
1776884592.0651028,0.0,-1.0,-55.0
1776884592.0751028,2.0,-3.0,-53.0
1776884592.0851028,2.0,-6.0,-47.0
1776884592.0951028,6.0,-4.0,-46.0
1776884592.1051028,7.0,-6.0,-46.0
1776884592.1151028,8.0,-4.0,-44.0
1776884592.1251028,4.0,-3.0,-45.0
1776884592.1351027,6.0,-8.0,-40.0
1776884592.1451027,2.0,-10.0,-46.0
1776884592.1551027,2.0,-11.0,-46.0
1776884592.1651027,5.0,-11.0,-49.0
1776884592.1751027,1.0,-5.0,-48.0
1776884592.1851027,0.0,-5.0,-50.0
1776884592.1951027,-2.0,-7.0,-49.0
1776884592.2051027,0.0,-4.0,-46.0
1776884592.215103,1.0,-4.0,-48.0
1776884592.225103,1.0,-6.0,-43.0
1776884592.235103,5.0,-5.0,-42.0
1776884592.2451026,9.0,0.0,-43.0
1776884592.2551026,12.0,-2.0,-44.0
1776884592.2651026,7.0,-6.0,-46.0
1776884592.2751029,6.0,-8.0,-40.0
1776884592.2851028,2.0,-7.0,-35.0
1776884592.2951028,0.0,-6.0,-34.0
1776884592.3051028,-4.0,-4.0,-39.0
1776884592.3151028,-4.0,-4.0,-37.0
1776884592.3251028,-5.0,-4.0,-36.0
1776884592.3351028,-3.0,-1.0,-37.0
1776884592.3451028,-2.0,-5.0,-36.0
1776884592.3561027,1.0,-1.0,-42.0
1776884592.3661027,1.0,-3.0,-43.0
1776884592.3751028,0.0,-1.0,-38.0
1776884592.386103,2.0,0.0,-38.0
1776884592.396103,-3.0,-1.0,-35.0
1776884592.406103,0.0,0.0,-41.0
1776884592.4161026,3.0,-5.0,-42.0
1776884592.4261026,2.0,-8.0,-40.0
1776884592.4361026,-1.0,-7.0,-39.0
1776884592.4461029,-1.0,-8.0,-47.0
1776884592.4561028,-2.0,-4.0,-48.0
1776884592.4661028,-5.0,-2.0,-41.0
1776884592.4761028,-2.0,0.0,-45.0
1776884592.4861028,-1.0,-2.0,-47.0
1776884592.4961028,1.0,-8.0,-44.0
1776884592.5061028,8.0,-9.0,-36.0
1776884592.5161028,9.0,-8.0,-35.0
1776884592.5261028,4.0,-9.0,-34.0
1776884592.5361028,3.0,-9.0,-37.0
1776884592.5461028,3.0,-6.0,-45.0
1776884592.5561028,3.0,-1.0,-41.0
1776884592.5661027,5.0,-3.0,-39.0
1776884592.5761027,5.0,-5.0,-45.0
1776884592.5861027,5.0,-5.0,-47.0
1776884592.5961027,5.0,0.0,-47.0
1776884592.6061027,1.0,1.0,-46.0
1776884592.6161027,4.0,-2.0,-33.0
1776884592.6261027,5.0,-3.0,-40.0
1776884592.636103,8.0,-3.0,-44.0
1776884592.646103,5.0,-1.0,-47.0
1776884592.656103,1.0,0.0,-47.0
1776884592.6661026,1.0,0.0,-42.0
1776884592.6761026,4.0,0.0,-40.0
1776884592.6861026,7.0,2.0,-47.0
1776884592.6961029,3.0,0.0,-53.0
1776884592.7061028,5.0,2.0,-51.0
1776884592.7161028,5.0,2.0,-46.0
1776884592.7261028,5.0,0.0,-48.0
1776884592.7361028,2.0,0.0,-45.0
1776884592.7461028,1.0,-1.0,-43.0
1776884592.7561028,5.0,-3.0,-49.0
1776884592.7661028,7.0,-3.0,-49.0
1776884592.7761028,2.0,-1.0,-49.0
1776884592.7861028,1.0,-4.0,-54.0
1776884592.7961028,2.0,0.0,-46.0
1776884592.8061028,3.0,-2.0,-44.0
1776884592.8161027,4.0,-1.0,-49.0
1776884592.8261027,5.0,2.0,-44.0
1776884592.8361027,0.0,-3.0,-40.0
1776884592.8461027,0.0,-6.0,-46.0
1776884592.8561027,-6.0,-7.0,-45.0
1776884592.8661027,-11.0,-2.0,-51.0
1776884592.8761027,-9.0,-4.0,-49.0
1776884592.886103,-7.0,-5.0,-48.0
1776884592.896103,-4.0,-6.0,-46.0
1776884592.906103,-3.0,-8.0,-48.0
1776884592.9161026,-1.0,-7.0,-53.0
1776884592.9261026,-1.0,-5.0,-57.0
1776884592.9361026,3.0,-4.0,-53.0
1776884592.9461029,1.0,-4.0,-58.0
1776884592.9561028,0.0,2.0,-55.0
1776884592.9661028,2.0,0.0,-50.0
1776884592.9761028,-1.0,-3.0,-47.0
1776884592.9861028,-8.0,-1.0,-47.0
1776884592.9961028,-4.0,4.0,-40.0
1776884593.0061028,-2.0,3.0,-41.0
1776884593.0161028,2.0,1.0,-42.0
1776884593.0261028,0.0,-1.0,-45.0
1776884593.0361028,-1.0,-1.0,-44.0
1776884593.0461028,0.0,-1.0,-46.0
1776884593.0561028,-3.0,0.0,-40.0
1776884593.0661027,0.0,1.0,-47.0
1776884593.0761027,-1.0,0.0,-56.0
1776884593.0861027,-2.0,-1.0,-56.0
1776884593.0961027,4.0,1.0,-54.0
1776884593.1061027,3.0,4.0,-50.0
1776884593.1161027,4.0,1.0,-54.0
1776884593.1261027,6.0,-3.0,-54.0
1776884593.136103,6.0,-2.0,-53.0
1776884593.146103,0.0,-3.0,-48.0
1776884593.156103,1.0,-1.0,-48.0
1776884593.1661026,1.0,1.0,-47.0
1776884593.1761026,5.0,-1.0,-55.0
1776884593.1861026,5.0,1.0,-54.0
1776884593.1961029,5.0,-3.0,-56.0
1776884593.2061028,2.0,-7.0,-58.0
1776884593.2161028,0.0,-4.0,-56.0
1776884593.2261028,0.0,-2.0,-55.0
1776884593.2361028,0.0,-1.0,-52.0
1776884593.2461028,-4.0,-3.0,-50.0
1776884593.2561028,-2.0,-4.0,-54.0
1776884593.2661028,-1.0,-4.0,-50.0
1776884593.2761028,-2.0,-7.0,-52.0
1776884593.2861028,0.0,-4.0,-50.0
1776884593.2961028,-1.0,-9.0,-52.0
1776884593.3061028,-5.0,-7.0,-47.0
1776884593.3161027,-8.0,-5.0,-44.0
1776884593.3261027,-4.0,-4.0,-44.0
1776884593.3361027,0.0,-1.0,-51.0
1776884593.3461027,-1.0,-7.0,-49.0
1776884593.3561027,-3.0,-7.0,-49.0
1776884593.3661027,-2.0,-9.0,-43.0
1776884593.3761027,-3.0,-9.0,-42.0
1776884593.386103,0.0,-3.0,-50.0
1776884593.396103,-4.0,-2.0,-53.0
1776884593.406103,-6.0,0.0,-53.0
1776884593.4161026,-3.0,-1.0,-57.0
1776884593.4261026,-6.0,-5.0,-55.0
1776884593.4361026,-7.0,-6.0,-46.0
1776884593.4461029,-2.0,-3.0,-43.0
1776884593.4561028,0.0,-6.0,-45.0
1776884593.4661028,0.0,-7.0,-55.0
1776884593.4761028,-1.0,-6.0,-54.0
1776884593.4861028,0.0,0.0,-50.0
1776884593.4961028,0.0,0.0,-49.0
1776884593.5061028,1.0,0.0,-46.0
1776884593.5161028,3.0,0.0,-47.0
1776884593.5261028,2.0,0.0,-46.0
1776884593.5361028,0.0,-1.0,-40.0
1776884593.5461028,3.0,-2.0,-38.0
1776884593.5561028,0.0,-4.0,-42.0
1776884593.5661027,2.0,-1.0,-44.0
1776884593.5761027,3.0,-1.0,-48.0
1776884593.5861027,7.0,0.0,-46.0
1776884593.5961027,6.0,1.0,-51.0
1776884593.6061027,1.0,1.0,-50.0
1776884593.6161027,0.0,-2.0,-44.0
1776884593.6261027,-2.0,-2.0,-50.0
1776884593.636103,0.0,-1.0,-50.0
1776884593.646103,5.0,-2.0,-50.0
1776884593.656103,3.0,0.0,-52.0
1776884593.6661026,-1.0,-1.0,-47.0
1776884593.6761026,0.0,0.0,-40.0
1776884593.6861026,4.0,0.0,-34.0
1776884593.6961029,10.0,2.0,-40.0
1776884593.7061028,12.0,5.0,-40.0
1776884593.7161028,9.0,7.0,-44.0
1776884593.7261028,5.0,6.0,-41.0
1776884593.7361028,1.0,3.0,-43.0
1776884593.7461028,0.0,0.0,-48.0
1776884593.7561028,-3.0,7.0,-48.0
1776884593.7661028,0.0,6.0,-47.0
1776884593.7761028,0.0,2.0,-47.0
1776884593.7861028,0.0,0.0,-55.0
1776884593.7961028,-2.0,0.0,-55.0
1776884593.8061028,-6.0,0.0,-53.0
1776884593.8161027,-4.0,-2.0,-49.0
1776884593.8261027,1.0,-4.0,-44.0
1776884593.8361027,3.0,2.0,-40.0
1776884593.8461027,3.0,4.0,-41.0
1776884593.8561027,0.0,1.0,-46.0
1776884593.8661027,2.0,0.0,-47.0
1776884593.8761027,0.0,1.0,-38.0
1776884593.886103,-3.0,0.0,-35.0
1776884593.896103,0.0,1.0,-41.0
1776884593.906103,1.0,0.0,-47.0
1776884593.9161026,5.0,0.0,-41.0
1776884593.9261026,5.0,0.0,-36.0
1776884593.9361026,5.0,0.0,-41.0
1776884593.9461029,3.0,-2.0,-45.0
1776884593.9561028,2.0,1.0,-47.0
1776884593.9661028,0.0,0.0,-50.0
1776884593.9761028,-1.0,5.0,-49.0
1776884593.9861028,-2.0,3.0,-44.0
1776884593.9961028,-1.0,0.0,-46.0
1776884594.0061028,-4.0,2.0,-45.0
1776884594.0161028,-4.0,1.0,-46.0
1776884594.0271027,0.0,-2.0,-46.0
1776884594.0361028,0.0,-7.0,-47.0
1776884594.0461028,0.0,-5.0,-47.0
1776884594.0561028,-2.0,-3.0,-46.0
1776884594.0661027,-2.0,-2.0,-47.0
1776884594.0761027,0.0,1.0,-46.0
1776884594.0861027,-1.0,1.0,-41.0
1776884594.0961027,5.0,0.0,-43.0
1776884594.1061027,2.0,-2.0,-45.0
1776884594.1161027,3.0,1.0,-42.0
1776884594.1261027,4.0,1.0,-47.0
1776884594.136103,2.0,-2.0,-49.0
1776884594.146103,6.0,-5.0,-52.0
1776884594.156103,11.0,-4.0,-53.0
1776884594.1661026,9.0,-8.0,-49.0
1776884594.1761026,8.0,-9.0,-48.0
1776884594.1861026,12.0,-4.0,-42.0
1776884594.1961029,7.0,-3.0,-44.0
1776884594.2061028,2.0,-5.0,-48.0
1776884594.2161028,0.0,-6.0,-45.0
1776884594.2261028,-1.0,-4.0,-41.0
1776884594.2361028,0.0,-2.0,-44.0
1776884594.2461028,2.0,-1.0,-44.0
1776884594.2561028,1.0,-4.0,-40.0
1776884594.2661028,3.0,-7.0,-38.0
1776884594.2761028,0.0,-4.0,-44.0
1776884594.2861028,0.0,-2.0,-43.0
1776884594.2961028,2.0,-2.0,-44.0
1776884594.307103,-2.0,-4.0,-49.0
1776884594.3161027,-5.0,-6.0,-45.0
1776884594.327103,-7.0,-5.0,-40.0
1776884594.337103,-7.0,-2.0,-39.0
1776884594.3471026,-8.0,1.0,-39.0
1776884594.3571026,-11.0,3.0,-33.0
1776884594.3671026,-7.0,3.0,-32.0
1776884594.3771029,-5.0,-1.0,-28.0
1776884594.3871028,-3.0,0.0,-39.0
1776884594.3971028,-5.0,1.0,-40.0
1776884594.4071028,-8.0,-3.0,-43.0
1776884594.4171028,-2.0,0.0,-39.0
1776884594.4271028,-2.0,5.0,-42.0
1776884594.4371028,-5.0,7.0,-47.0
1776884594.4471028,-5.0,9.0,-52.0
1776884594.4571028,-1.0,4.0,-52.0
1776884594.4671028,-1.0,3.0,-39.0
1776884594.4771028,-3.0,2.0,-33.0
1776884594.4871027,-2.0,6.0,-41.0
1776884594.4971027,-5.0,4.0,-42.0
1776884594.5071027,-3.0,4.0,-41.0
1776884594.5171027,-3.0,3.0,-41.0
1776884594.5271027,-5.0,3.0,-52.0
1776884594.5371027,-2.0,-2.0,-48.0
1776884594.5471027,-1.0,-1.0,-48.0
1776884594.557103,-5.0,0.0,-42.0
1776884594.567103,-3.0,-3.0,-46.0
1776884594.577103,-2.0,-5.0,-49.0
1776884594.587103,0.0,-5.0,-44.0
1776884594.5971026,-1.0,-2.0,-52.0
1776884594.6071026,-3.0,-4.0,-47.0
1776884594.6171026,-7.0,-3.0,-45.0
1776884594.6271029,-9.0,-6.0,-47.0
1776884594.6371028,-8.0,-4.0,-45.0
1776884594.6471028,-10.0,-3.0,-39.0
1776884594.6571028,-6.0,-7.0,-42.0
1776884594.6671028,-5.0,-3.0,-38.0
1776884594.6771028,-2.0,-2.0,-37.0
1776884594.6871028,0.0,0.0,-33.0
1776884594.6971028,-3.0,0.0,-27.0
1776884594.7071028,-1.0,0.0,-22.0
1776884594.7171028,0.0,-2.0,-27.0
1776884594.7271028,2.0,-3.0,-29.0
1776884594.7371027,3.0,-4.0,-27.0
1776884594.7471027,3.0,-5.0,-35.0
1776884594.7571027,1.0,-4.0,-35.0
1776884594.7671027,3.0,1.0,-40.0
1776884594.7771027,1.0,2.0,-29.0
1776884594.7871027,2.0,3.0,-30.0
1776884594.7971027,0.0,4.0,-32.0
1776884594.807103,0.0,1.0,-40.0
1776884594.817103,-1.0,0.0,-36.0
1776884594.827103,-5.0,2.0,-33.0
1776884594.837103,2.0,2.0,-41.0
1776884594.8471026,5.0,0.0,-43.0
1776884594.8571026,1.0,-2.0,-45.0
1776884594.8671026,5.0,-7.0,-49.0
1776884594.8771029,5.0,-4.0,-49.0
1776884594.8871028,5.0,-3.0,-49.0
1776884594.8971028,3.0,-4.0,-46.0
1776884594.9071028,2.0,-9.0,-50.0
1776884594.9171028,5.0,-8.0,-44.0
1776884594.9271028,5.0,-10.0,-41.0
1776884594.9371028,3.0,-6.0,-42.0
1776884594.9471028,3.0,-4.0,-44.0
1776884594.9571028,5.0,-1.0,-45.0
1776884594.9671028,-1.0,-3.0,-43.0
1776884594.9771028,0.0,-2.0,-43.0
1776884594.9871027,-4.0,-2.0,-45.0
1776884594.9971027,1.0,-3.0,-43.0
1776884595.0071027,3.0,-6.0,-42.0
1776884595.0171027,4.0,-9.0,-46.0
1776884595.0271027,2.0,-5.0,-44.0
1776884595.0371027,-1.0,-2.0,-44.0
1776884595.0471027,-2.0,0.0,-42.0
1776884595.057103,-1.0,-4.0,-42.0
1776884595.067103,0.0,-5.0,-43.0
1776884595.077103,0.0,-3.0,-45.0
1776884595.087103,-1.0,-3.0,-47.0
1776884595.0971026,4.0,-5.0,-49.0
1776884595.1071026,4.0,-3.0,-41.0
1776884595.1171026,7.0,-8.0,-44.0
1776884595.1271029,2.0,-3.0,-43.0
1776884595.1371028,0.0,-2.0,-42.0
1776884595.1471028,1.0,-3.0,-37.0
1776884595.1571028,3.0,-3.0,-44.0
1776884595.1671028,3.0,0.0,-45.0
1776884595.1771028,3.0,-4.0,-38.0
1776884595.1871028,0.0,-6.0,-40.0
1776884595.1971028,0.0,-2.0,-45.0
1776884595.2071028,0.0,-2.0,-49.0
1776884595.2171028,3.0,0.0,-48.0
1776884595.2271028,2.0,2.0,-50.0
1776884595.2371027,0.0,0.0,-52.0
1776884595.2471027,-2.0,-2.0,-58.0
1776884595.2571027,-1.0,-4.0,-62.0
1776884595.2671027,0.0,-5.0,-59.0
1776884595.2771027,-4.0,-8.0,-51.0
1776884595.2871027,-6.0,-5.0,-43.0
1776884595.2971027,-2.0,-5.0,-46.0
1776884595.307103,-1.0,-10.0,-48.0
1776884595.317103,2.0,-6.0,-49.0
1776884595.327103,0.0,-4.0,-48.0
1776884595.337103,3.0,-1.0,-54.0
1776884595.3471026,1.0,0.0,-56.0
1776884595.3571026,1.0,-2.0,-52.0
1776884595.3671026,4.0,-7.0,-54.0
1776884595.3771029,2.0,-6.0,-51.0
1776884595.3871028,8.0,-9.0,-52.0
1776884595.3971028,4.0,-13.0,-56.0
1776884595.4071028,2.0,-9.0,-63.0
1776884595.4171028,-1.0,-4.0,-59.0
1776884595.4271028,-2.0,-3.0,-58.0
1776884595.4371028,-2.0,-5.0,-52.0
1776884595.4471028,4.0,-3.0,-52.0
1776884595.4571028,1.0,-3.0,-53.0
1776884595.4671028,0.0,-8.0,-46.0
1776884595.4771028,0.0,-5.0,-46.0
1776884595.4871027,3.0,-2.0,-41.0
1776884595.4971027,2.0,-1.0,-40.0
1776884595.5071027,3.0,-4.0,-46.0
1776884595.5171027,5.0,-1.0,-44.0
1776884595.5271027,5.0,1.0,-48.0
1776884595.5371027,5.0,-1.0,-50.0
1776884595.5471027,3.0,0.0,-45.0
1776884595.557103,3.0,2.0,-40.0
1776884595.567103,1.0,1.0,-43.0
1776884595.577103,-3.0,-1.0,-40.0
1776884595.587103,0.0,-2.0,-42.0
1776884595.5971026,0.0,-8.0,-42.0
1776884595.6071026,0.0,-7.0,-43.0
1776884595.6171026,-3.0,-5.0,-48.0
1776884595.6271029,0.0,-2.0,-50.0
1776884595.6371028,2.0,-1.0,-51.0
1776884595.6471028,1.0,-1.0,-56.0
1776884595.6571028,2.0,-1.0,-57.0
1776884595.6671028,1.0,-2.0,-58.0
1776884595.6771028,1.0,-2.0,-61.0
1776884595.6871028,2.0,-8.0,-53.0
1776884595.6971028,5.0,-2.0,-56.0
1776884595.7071028,2.0,3.0,-49.0
1776884595.7171028,1.0,5.0,-48.0
1776884595.7271028,1.0,2.0,-49.0
1776884595.7371027,0.0,2.0,-55.0
1776884595.7471027,1.0,2.0,-58.0
1776884595.7571027,6.0,5.0,-59.0
1776884595.7671027,4.0,0.0,-54.0
1776884595.7771027,1.0,0.0,-52.0
1776884595.7871027,1.0,1.0,-44.0
1776884595.7971027,1.0,0.0,-44.0
1776884595.807103,-1.0,2.0,-37.0
1776884595.817103,0.0,3.0,-37.0
1776884595.827103,1.0,0.0,-36.0
1776884595.837103,3.0,1.0,-33.0
1776884595.8471026,7.0,0.0,-33.0
1776884595.8571026,5.0,0.0,-37.0
1776884595.8671026,2.0,-3.0,-47.0
1776884595.8771029,0.0,-4.0,-52.0
1776884595.8871028,0.0,-2.0,-51.0
1776884595.8971028,2.0,-4.0,-58.0
1776884595.9071028,1.0,-4.0,-52.0
1776884595.9171028,5.0,-3.0,-46.0
1776884595.9271028,6.0,-3.0,-47.0
1776884595.9371028,4.0,-2.0,-54.0
1776884595.9471028,2.0,0.0,-59.0
1776884595.9571028,4.0,-1.0,-58.0
1776884595.9671028,2.0,2.0,-48.0
1776884595.9771028,2.0,5.0,-48.0
1776884595.9871027,5.0,2.0,-46.0
1776884595.9971027,7.0,0.0,-50.0
1776884596.0071027,3.0,2.0,-47.0
1776884596.0171027,3.0,1.0,-52.0
1776884596.0271027,4.0,1.0,-52.0
1776884596.0371027,5.0,2.0,-51.0
1776884596.0471027,6.0,4.0,-51.0
1776884596.057103,4.0,4.0,-50.0
1776884596.067103,5.0,4.0,-51.0
1776884596.077103,1.0,2.0,-49.0
1776884596.087103,3.0,1.0,-47.0
1776884596.0971026,1.0,-1.0,-47.0
1776884596.1071026,3.0,0.0,-43.0
1776884596.1171026,1.0,0.0,-41.0
1776884596.1271029,6.0,-1.0,-32.0
1776884596.1371028,5.0,-4.0,-35.0
1776884596.1471028,6.0,-6.0,-32.0
1776884596.1571028,3.0,-5.0,-33.0
1776884596.1671028,5.0,-4.0,-35.0
1776884596.1771028,7.0,0.0,-37.0
1776884596.1871028,7.0,3.0,-42.0
1776884596.1971028,7.0,5.0,-46.0
1776884596.2071028,5.0,3.0,-48.0
1776884596.2171028,4.0,2.0,-50.0
1776884596.2271028,6.0,0.0,-47.0
1776884596.2371027,6.0,1.0,-44.0
1776884596.2471027,2.0,0.0,-43.0
1776884596.2571027,4.0,-1.0,-42.0
1776884596.2671027,-1.0,0.0,-34.0
1776884596.2771027,-2.0,-3.0,-32.0
1776884596.2871027,-1.0,-1.0,-37.0
1776884596.2981029,-1.0,0.0,-44.0
1776884596.307103,4.0,0.0,-44.0
1776884596.3181028,6.0,-3.0,-39.0
1776884596.3281028,4.0,-5.0,-41.0
1776884596.3381028,-2.0,-1.0,-47.0
1776884596.3481028,0.0,2.0,-51.0
1776884596.3581028,1.0,1.0,-50.0
1776884596.3681028,0.0,0.0,-43.0
1776884596.3781028,-4.0,1.0,-46.0
1776884596.3881028,-9.0,0.0,-50.0
1776884596.3981028,-8.0,0.0,-44.0
1776884596.4081028,-4.0,-2.0,-39.0
1776884596.4181027,0.0,-3.0,-41.0
1776884596.4281027,1.0,1.0,-45.0
1776884596.4381027,5.0,8.0,-52.0
1776884596.4481027,8.0,7.0,-53.0
1776884596.4581027,3.0,8.0,-48.0
1776884596.4681027,2.0,4.0,-52.0
1776884596.4781027,0.0,-1.0,-59.0
1776884596.488103,0.0,-3.0,-56.0
1776884596.498103,-3.0,-4.0,-54.0
1776884596.508103,-8.0,-4.0,-47.0
1776884596.5181026,-7.0,-1.0,-47.0
1776884596.5281026,-3.0,0.0,-48.0
1776884596.5381026,0.0,-2.0,-47.0
1776884596.5481029,3.0,-5.0,-54.0
1776884596.5581028,1.0,-3.0,-49.0
1776884596.5681028,0.0,-6.0,-41.0
1776884596.5781028,-1.0,-5.0,-42.0
1776884596.5881028,3.0,-3.0,-43.0
1776884596.5981028,0.0,-4.0,-41.0
1776884596.6081028,-2.0,-5.0,-39.0
1776884596.6181028,-3.0,1.0,-43.0
1776884596.6281028,-1.0,0.0,-44.0
1776884596.6381028,-4.0,1.0,-42.0
1776884596.6481028,-1.0,-1.0,-42.0
1776884596.6581028,3.0,-1.0,-47.0
1776884596.6681027,3.0,0.0,-48.0
1776884596.6781027,-1.0,2.0,-46.0
1776884596.6881027,0.0,3.0,-45.0
1776884596.6981027,0.0,3.0,-40.0
1776884596.7081027,-2.0,2.0,-41.0
1776884596.7181027,-6.0,0.0,-44.0
1776884596.7281027,1.0,0.0,-43.0
1776884596.738103,4.0,0.0,-43.0
1776884596.748103,3.0,4.0,-50.0
1776884596.758103,1.0,1.0,-53.0
1776884596.7681026,1.0,-1.0,-44.0
1776884596.7781026,3.0,-2.0,-48.0
1776884596.7881026,5.0,0.0,-48.0
1776884596.7981029,4.0,2.0,-48.0
1776884596.8081028,4.0,0.0,-46.0
1776884596.8181028,0.0,-2.0,-40.0
1776884596.8281028,-5.0,-3.0,-48.0
1776884596.8381028,-4.0,-5.0,-50.0
1776884596.8481028,1.0,-6.0,-46.0
1776884596.8581028,0.0,-6.0,-44.0
1776884596.8681028,0.0,0.0,-51.0
1776884596.8781028,0.0,5.0,-51.0
1776884596.8881028,2.0,2.0,-51.0
1776884596.8981028,5.0,3.0,-50.0
1776884596.9081028,2.0,0.0,-51.0
1776884596.9181027,-1.0,0.0,-49.0
1776884596.9281027,-7.0,0.0,-48.0
1776884596.9381027,-9.0,0.0,-46.0
1776884596.9481027,-9.0,0.0,-47.0
1776884596.9581027,-8.0,1.0,-51.0
1776884596.9681027,-8.0,0.0,-48.0
1776884596.9781027,-6.0,-3.0,-47.0
1776884596.988103,2.0,-4.0,-47.0
1776884596.998103,5.0,-7.0,-45.0
1776884597.008103,6.0,-5.0,-49.0
1776884597.0181026,4.0,-2.0,-47.0
1776884597.0281026,0.0,4.0,-47.0
1776884597.0381026,8.0,3.0,-46.0
1776884597.0481029,9.0,5.0,-41.0
1776884597.0581028,6.0,4.0,-46.0
1776884597.0681028,7.0,3.0,-46.0
1776884597.0781028,3.0,4.0,-48.0
1776884597.0881028,1.0,1.0,-53.0
1776884597.0981028,0.0,0.0,-52.0
1776884597.1081028,-3.0,0.0,-46.0
1776884597.1181028,0.0,0.0,-45.0
1776884597.1281028,-3.0,0.0,-38.0
1776884597.1381028,0.0,0.0,-38.0
1776884597.1481028,2.0,-4.0,-46.0
1776884597.1581028,3.0,0.0,-46.0
1776884597.1681027,3.0,0.0,-46.0
1776884597.1781027,5.0,-1.0,-50.0
1776884597.1881027,10.0,0.0,-49.0
1776884597.1981027,12.0,3.0,-54.0
1776884597.2081027,12.0,-1.0,-55.0
1776884597.2181027,9.0,-5.0,-49.0
1776884597.2281027,5.0,-3.0,-52.0
1776884597.238103,2.0,-5.0,-54.0
1776884597.248103,-2.0,-3.0,-56.0
1776884597.258103,3.0,-5.0,-48.0
1776884597.2681026,4.0,-6.0,-51.0
1776884597.2781026,6.0,-5.0,-55.0
1776884597.2881026,5.0,0.0,-53.0
1776884597.2981029,5.0,0.0,-53.0
1776884597.3081028,3.0,3.0,-52.0
1776884597.3181028,-2.0,4.0,-54.0
1776884597.3281028,-4.0,0.0,-54.0
1776884597.3381028,-3.0,3.0,-53.0
1776884597.3481028,-7.0,2.0,-58.0
1776884597.3581028,-6.0,1.0,-55.0
1776884597.3681028,-4.0,-1.0,-60.0
1776884597.3781028,-1.0,-1.0,-57.0
1776884597.3881028,2.0,2.0,-58.0
1776884597.3981028,6.0,4.0,-62.0
1776884597.4081028,9.0,6.0,-54.0
1776884597.4181027,12.0,-1.0,-49.0
1776884597.4281027,15.0,0.0,-53.0
1776884597.4381027,17.0,-3.0,-53.0
1776884597.4481027,13.0,-2.0,-57.0
1776884597.4581027,12.0,-1.0,-55.0
1776884597.4681027,9.0,-1.0,-51.0
1776884597.4781027,10.0,2.0,-47.0
1776884597.488103,10.0,0.0,-49.0
1776884597.498103,10.0,1.0,-44.0
1776884597.508103,7.0,2.0,-44.0
1776884597.5181026,4.0,2.0,-45.0
1776884597.5281026,0.0,0.0,-46.0
1776884597.5381026,0.0,-5.0,-51.0
1776884597.5481029,5.0,-4.0,-53.0
1776884597.5581028,4.0,-3.0,-60.0
1776884597.5681028,3.0,-2.0,-57.0
1776884597.5781028,0.0,-2.0,-54.0
1776884597.5881028,-5.0,0.0,-59.0
1776884597.5981028,-7.0,0.0,-53.0
1776884597.6081028,-7.0,-2.0,-52.0
1776884597.6181028,-7.0,-5.0,-48.0
1776884597.6281028,-6.0,-7.0,-47.0
1776884597.6381028,-1.0,-5.0,-42.0
1776884597.6481028,5.0,-3.0,-44.0
1776884597.6581028,7.0,-4.0,-41.0
1776884597.6681027,8.0,-7.0,-41.0
1776884597.6781027,7.0,-6.0,-43.0
1776884597.6881027,4.0,-3.0,-50.0
1776884597.6981027,2.0,-3.0,-51.0
1776884597.7081027,1.0,-1.0,-48.0
1776884597.7181027,8.0,0.0,-46.0
1776884597.7281027,8.0,0.0,-51.0
1776884597.738103,11.0,1.0,-52.0
1776884597.748103,10.0,-2.0,-46.0
1776884597.758103,7.0,-1.0,-46.0
1776884597.7681026,3.0,1.0,-52.0
1776884597.7781026,8.0,2.0,-52.0
1776884597.7881026,5.0,3.0,-48.0
1776884597.7981029,1.0,-1.0,-48.0
1776884597.8081028,1.0,-1.0,-44.0
1776884597.8181028,1.0,1.0,-50.0
1776884597.8281028,0.0,2.0,-49.0
1776884597.8381028,2.0,3.0,-53.0
1776884597.8481028,1.0,3.0,-51.0
1776884597.8581028,0.0,2.0,-56.0
1776884597.8681028,-1.0,0.0,-48.0
1776884597.8781028,-4.0,-1.0,-42.0
1776884597.8881028,1.0,1.0,-35.0
1776884597.8981028,1.0,0.0,-41.0
1776884597.9081028,0.0,0.0,-41.0
1776884597.9181027,6.0,-4.0,-43.0
1776884597.9281027,6.0,-5.0,-39.0
1776884597.9381027,-1.0,-5.0,-40.0
1776884597.9481027,0.0,-4.0,-38.0
1776884597.9581027,-3.0,-6.0,-43.0
1776884597.9681027,-9.0,-6.0,-44.0
1776884597.9781027,-6.0,-6.0,-46.0
1776884597.988103,-2.0,-6.0,-45.0
1776884597.998103,0.0,-6.0,-47.0
1776884598.008103,-2.0,-8.0,-48.0
1776884598.0181026,1.0,-5.0,-49.0
1776884598.0281026,3.0,-5.0,-59.0
1776884598.0381026,4.0,-5.0,-56.0
1776884598.0481029,2.0,-4.0,-60.0
1776884598.0581028,2.0,-3.0,-55.0
1776884598.0681028,0.0,-5.0,-59.0
1776884598.0781028,1.0,-4.0,-57.0
1776884598.0881028,-2.0,-6.0,-57.0
1776884598.0981028,-1.0,-3.0,-55.0
1776884598.1081028,1.0,-2.0,-55.0
1776884598.1181028,4.0,-1.0,-54.0
1776884598.1281028,-2.0,-3.0,-57.0
1776884598.1381028,-5.0,-1.0,-55.0
1776884598.1481028,-4.0,-1.0,-48.0
1776884598.1581028,1.0,0.0,-45.0
1776884598.1681027,-3.0,3.0,-47.0
1776884598.1781027,-6.0,1.0,-45.0
1776884598.1881027,-5.0,2.0,-42.0
1776884598.1981027,-7.0,0.0,-45.0
1776884598.2081027,-3.0,-2.0,-44.0
1776884598.2181027,-3.0,1.0,-45.0
1776884598.2281027,-5.0,-1.0,-44.0
1776884598.238103,0.0,-3.0,-51.0
1776884598.248103,1.0,-2.0,-46.0
1776884598.2591028,2.0,-1.0,-49.0
1776884598.2691028,2.0,0.0,-52.0
1776884598.2791028,0.0,0.0,-48.0
1776884598.2891028,0.0,1.0,-52.0
1776884598.2991028,-5.0,0.0,-47.0
1776884598.3091028,-8.0,0.0,-47.0
1776884598.3191028,-6.0,-2.0,-38.0
1776884598.3291028,-1.0,0.0,-47.0
1776884598.3391027,-4.0,-3.0,-49.0
1776884598.3491027,-2.0,-6.0,-50.0
1776884598.3591027,0.0,-2.0,-55.0
1776884598.3691027,0.0,0.0,-54.0
1776884598.3791027,1.0,0.0,-55.0
1776884598.3891027,0.0,0.0,-60.0
1776884598.3991027,0.0,-1.0,-60.0
1776884598.409103,4.0,1.0,-57.0
1776884598.419103,4.0,2.0,-45.0
1776884598.429103,11.0,2.0,-46.0
1776884598.4391026,7.0,4.0,-48.0
1776884598.4491026,4.0,5.0,-49.0
1776884598.4591026,0.0,4.0,-45.0
1776884598.4691026,-3.0,4.0,-47.0
1776884598.4791028,1.0,5.0,-56.0
1776884598.4891028,4.0,4.0,-58.0
1776884598.4991028,0.0,5.0,-65.0
1776884598.5091028,-3.0,5.0,-65.0
1776884598.5191028,-6.0,5.0,-63.0
1776884598.5291028,-4.0,0.0,-61.0
1776884598.5391028,-4.0,4.0,-61.0
1776884598.5491028,-1.0,5.0,-51.0
1776884598.5591028,1.0,4.0,-44.0
1776884598.5691028,0.0,2.0,-37.0
1776884598.5791028,0.0,-2.0,-35.0
1776884598.5891027,3.0,-1.0,-44.0
1776884598.5991027,0.0,4.0,-45.0
1776884598.6091027,1.0,1.0,-48.0
1776884598.6191027,4.0,4.0,-48.0
1776884598.6291027,5.0,3.0,-42.0
1776884598.6391027,8.0,-3.0,-43.0
1776884598.6491027,6.0,-4.0,-44.0
1776884598.659103,1.0,-3.0,-41.0
1776884598.669103,0.0,-3.0,-35.0
1776884598.679103,-1.0,-1.0,-31.0
1776884598.6891026,-3.0,0.0,-26.0
1776884598.6991026,-5.0,-1.0,-25.0
1776884598.7091026,-4.0,-4.0,-28.0
1776884598.7191026,-4.0,-3.0,-40.0
1776884598.7291028,-6.0,-2.0,-42.0
1776884598.7391028,-8.0,2.0,-47.0
1776884598.7491028,-6.0,5.0,-45.0
1776884598.7591028,-4.0,1.0,-47.0
1776884598.7691028,-3.0,-1.0,-48.0
1776884598.7791028,3.0,-2.0,-47.0
1776884598.7891028,-1.0,-7.0,-49.0
1776884598.7991028,4.0,-7.0,-45.0
1776884598.8091028,7.0,-6.0,-42.0
1776884598.8191028,7.0,-7.0,-47.0
1776884598.8291028,4.0,-8.0,-47.0
1776884598.8391027,1.0,-12.0,-48.0
1776884598.8491027,-2.0,-6.0,-43.0
1776884598.8591027,-1.0,-4.0,-43.0
1776884598.8691027,-2.0,-1.0,-46.0
1776884598.8791027,2.0,-2.0,-47.0
1776884598.8891027,4.0,-4.0,-52.0
1776884598.8991027,3.0,-2.0,-54.0
1776884598.909103,4.0,1.0,-53.0
1776884598.919103,6.0,-2.0,-53.0
1776884598.929103,4.0,-4.0,-48.0
1776884598.9391026,2.0,-2.0,-42.0
1776884598.9491026,1.0,-1.0,-41.0
1776884598.9591026,-3.0,0.0,-40.0
1776884598.9691026,-1.0,0.0,-39.0
1776884598.9791028,0.0,-1.0,-42.0
1776884598.9891028,1.0,0.0,-45.0
1776884598.9991028,2.0,0.0,-49.0
1776884599.0091028,3.0,0.0,-46.0
1776884599.0191028,2.0,1.0,-45.0
1776884599.0291028,-1.0,1.0,-46.0
1776884599.0391028,-1.0,0.0,-42.0
1776884599.0491028,0.0,1.0,-41.0
1776884599.0591028,0.0,4.0,-39.0
1776884599.0691028,-2.0,1.0,-43.0
1776884599.0791028,0.0,3.0,-45.0
1776884599.0891027,0.0,7.0,-42.0
1776884599.0991027,0.0,6.0,-41.0
1776884599.1091027,-1.0,0.0,-46.0
1776884599.1191027,0.0,0.0,-47.0
1776884599.1291027,0.0,-1.0,-50.0
1776884599.1391027,1.0,1.0,-41.0
1776884599.1491027,0.0,2.0,-44.0
1776884599.159103,-4.0,0.0,-48.0
1776884599.169103,-2.0,0.0,-40.0
1776884599.179103,1.0,-1.0,-38.0
1776884599.1891026,0.0,-4.0,-39.0
1776884599.1991026,-5.0,-8.0,-44.0
1776884599.2091026,-2.0,-6.0,-53.0
1776884599.2191026,0.0,-3.0,-50.0
1776884599.2291028,-4.0,-4.0,-50.0
1776884599.2391028,0.0,1.0,-47.0
1776884599.2491028,4.0,2.0,-46.0
1776884599.2591028,1.0,4.0,-42.0
1776884599.2691028,0.0,2.0,-38.0
1776884599.2791028,-1.0,4.0,-43.0
1776884599.2891028,-1.0,4.0,-47.0
1776884599.2991028,-3.0,4.0,-42.0
1776884599.3091028,-1.0,3.0,-44.0
1776884599.3191028,0.0,5.0,-48.0
1776884599.3291028,-3.0,3.0,-49.0
1776884599.3391027,-4.0,5.0,-46.0
1776884599.3491027,-3.0,6.0,-50.0
1776884599.3591027,-6.0,5.0,-54.0
1776884599.3691027,-2.0,2.0,-49.0
1776884599.3791027,-5.0,2.0,-49.0
1776884599.3891027,-3.0,1.0,-47.0
1776884599.3991027,-5.0,2.0,-40.0
1776884599.409103,4.0,0.0,-37.0
1776884599.4201028,5.0,-5.0,-40.0
1776884599.429103,1.0,-7.0,-43.0
1776884599.4391026,1.0,-3.0,-41.0
1776884599.4491026,0.0,-5.0,-37.0
1776884599.4591026,0.0,-4.0,-41.0
1776884599.4691026,1.0,-4.0,-45.0
1776884599.4791028,1.0,-4.0,-47.0
1776884599.4891028,2.0,-4.0,-49.0
1776884599.4991028,5.0,-7.0,-43.0
1776884599.5091028,8.0,-7.0,-38.0
1776884599.5191028,6.0,-6.0,-36.0
1776884599.5291028,1.0,0.0,-39.0
1776884599.5391028,0.0,-1.0,-46.0
1776884599.5491028,1.0,-5.0,-41.0
1776884599.5591028,3.0,-3.0,-41.0
1776884599.5691028,2.0,-1.0,-40.0
1776884599.5791028,2.0,-4.0,-40.0
1776884599.5891027,2.0,-2.0,-42.0
1776884599.5991027,0.0,-1.0,-38.0
1776884599.6091027,-1.0,-3.0,-37.0
1776884599.6191027,0.0,-2.0,-34.0
1776884599.6291027,0.0,-2.0,-34.0
1776884599.6391027,2.0,-2.0,-39.0
1776884599.6491027,4.0,-2.0,-41.0
1776884599.659103,7.0,-2.0,-41.0
1776884599.669103,4.0,0.0,-40.0
1776884599.679103,4.0,-1.0,-44.0
1776884599.6891026,4.0,2.0,-39.0
1776884599.6991026,1.0,2.0,-40.0
1776884599.7091026,-1.0,0.0,-42.0
1776884599.7191026,-5.0,-1.0,-44.0
1776884599.7291028,-2.0,-1.0,-47.0
1776884599.7391028,-4.0,1.0,-48.0
1776884599.7491028,-2.0,-3.0,-44.0
1776884599.7591028,0.0,-10.0,-41.0
1776884599.7691028,2.0,-11.0,-40.0
1776884599.7791028,0.0,-6.0,-39.0
1776884599.7891028,-3.0,-6.0,-40.0
1776884599.7991028,-1.0,-5.0,-40.0
1776884599.8091028,1.0,-3.0,-41.0
1776884599.8191028,2.0,0.0,-46.0
1776884599.8291028,6.0,3.0,-50.0
1776884599.8391027,1.0,0.0,-50.0
1776884599.8491027,3.0,2.0,-49.0
1776884599.8591027,4.0,-1.0,-55.0
1776884599.8691027,5.0,-4.0,-51.0
1776884599.8791027,5.0,-5.0,-49.0
1776884599.8891027,5.0,-7.0,-51.0
1776884599.8991027,4.0,-5.0,-49.0
1776884599.909103,4.0,-4.0,-43.0
1776884599.919103,0.0,-2.0,-41.0
1776884599.929103,-2.0,-3.0,-37.0
1776884599.9391026,-4.0,-4.0,-41.0
1776884599.9491026,0.0,-2.0,-51.0
1776884599.9591026,5.0,0.0,-56.0
1776884599.9691026,8.0,-1.0,-52.0
1776884599.9791028,7.0,-1.0,-52.0
1776884599.9891028,6.0,-5.0,-56.0
1776884599.9991028,3.0,-5.0,-53.0
1776884600.0091028,1.0,-4.0,-50.0
1776884600.0191028,0.0,-1.0,-53.0
1776884600.0291028,0.0,-4.0,-59.0
1776884600.0391028,0.0,-5.0,-54.0
1776884600.0491028,1.0,-6.0,-51.0
1776884600.0591028,0.0,-2.0,-52.0
1776884600.0691028,1.0,0.0,-58.0
1776884600.0791028,0.0,-2.0,-54.0
1776884600.0891027,0.0,-7.0,-47.0
1776884600.0991027,3.0,-9.0,-43.0
1776884600.1091027,3.0,-6.0,-49.0
1776884600.1191027,-1.0,0.0,-46.0
1776884600.1291027,-2.0,-3.0,-48.0
1776884600.1391027,2.0,-4.0,-41.0
1776884600.1491027,5.0,-2.0,-40.0
1776884600.159103,10.0,-2.0,-43.0
1776884600.169103,8.0,0.0,-43.0
1776884600.179103,7.0,0.0,-44.0
1776884600.1891026,2.0,1.0,-47.0
1776884600.2001028,0.0,1.0,-50.0
1776884600.2101028,-6.0,2.0,-45.0
1776884600.2191026,-5.0,0.0,-37.0
1776884600.2291028,-4.0,0.0,-41.0
1776884600.2401028,-5.0,0.0,-50.0
1776884600.2501028,1.0,0.0,-54.0
1776884600.2601027,2.0,0.0,-50.0
1776884600.2701027,2.0,-2.0,-53.0
1776884600.2801027,0.0,-4.0,-52.0
1776884600.2901027,5.0,-2.0,-50.0
1776884600.3001027,6.0,0.0,-50.0
1776884600.3101027,3.0,-3.0,-45.0
1776884600.3201027,0.0,-6.0,-52.0
1776884600.3301027,2.0,-3.0,-49.0
1776884600.340103,6.0,-2.0,-49.0
1776884600.350103,7.0,-3.0,-48.0
1776884600.360103,4.0,-3.0,-46.0
1776884600.3701026,1.0,-3.0,-43.0
1776884600.3801026,1.0,-3.0,-43.0
1776884600.3901026,0.0,-5.0,-48.0
1776884600.4001029,2.0,-1.0,-52.0
1776884600.4101028,0.0,-1.0,-52.0
1776884600.4201028,-2.0,2.0,-56.0
1776884600.4301028,-7.0,1.0,-60.0
1776884600.4401028,-6.0,3.0,-56.0
1776884600.4501028,-4.0,3.0,-57.0
1776884600.4601028,0.0,5.0,-50.0
1776884600.4701028,0.0,4.0,-49.0
1776884600.4801028,2.0,3.0,-41.0
1776884600.4901028,0.0,0.0,-44.0
1776884600.5001028,-1.0,2.0,-45.0
1776884600.5101027,-2.0,1.0,-51.0
1776884600.5201027,-5.0,6.0,-55.0
1776884600.5301027,-9.0,4.0,-49.0
1776884600.5401027,-7.0,2.0,-51.0
1776884600.5501027,-10.0,3.0,-51.0
1776884600.5601027,-4.0,3.0,-57.0
1776884600.5701027,0.0,0.0,-58.0
1776884600.5801027,-6.0,-1.0,-64.0
1776884600.590103,-5.0,-3.0,-61.0
1776884600.600103,-9.0,-3.0,-59.0
1776884600.610103,-5.0,0.0,-54.0
1776884600.6201026,-3.0,3.0,-51.0
1776884600.6301026,-3.0,6.0,-54.0
1776884600.6401026,-1.0,3.0,-56.0
1776884600.6501029,0.0,4.0,-54.0
1776884600.6601028,0.0,3.0,-58.0
1776884600.6701028,1.0,0.0,-60.0
1776884600.6801028,0.0,-2.0,-57.0
1776884600.6901028,0.0,0.0,-50.0
1776884600.7001028,-5.0,-2.0,-51.0
1776884600.7101028,-5.0,-2.0,-49.0
1776884600.7201028,-2.0,-2.0,-50.0
1776884600.7301028,0.0,-1.0,-48.0
1776884600.7401028,0.0,-1.0,-52.0
1776884600.7501028,2.0,-1.0,-51.0
1776884600.7601027,1.0,-3.0,-54.0
1776884600.7701027,0.0,-1.0,-50.0
1776884600.7801027,4.0,-2.0,-47.0
1776884600.7901027,0.0,-4.0,-46.0
1776884600.8001027,-3.0,-2.0,-51.0
1776884600.8101027,-4.0,-6.0,-53.0
1776884600.8201027,-4.0,-7.0,-55.0
1776884600.8301027,-4.0,-7.0,-53.0
1776884600.840103,-7.0,-5.0,-47.0
1776884600.850103,-9.0,-7.0,-47.0
1776884600.860103,-7.0,-4.0,-45.0
1776884600.8701026,-11.0,2.0,-39.0
1776884600.8801026,-10.0,3.0,-37.0
1776884600.8901026,-5.0,4.0,-41.0
1776884600.9001029,-3.0,4.0,-43.0
1776884600.9101028,-1.0,3.0,-43.0
1776884600.9201028,0.0,-1.0,-48.0
1776884600.9301028,-1.0,2.0,-44.0
1776884600.9401028,0.0,6.0,-41.0
1776884600.9501028,1.0,4.0,-34.0
1776884600.9601028,1.0,4.0,-38.0
1776884600.9701028,0.0,2.0,-47.0
1776884600.9801028,1.0,5.0,-50.0
1776884600.9901028,4.0,0.0,-48.0
1776884601.0001028,4.0,-1.0,-52.0
1776884601.0101027,2.0,-1.0,-51.0
1776884601.0201027,1.0,-2.0,-51.0
1776884601.0301027,4.0,-5.0,-51.0
1776884601.0401027,5.0,-2.0,-48.0
1776884601.0501027,-2.0,-4.0,-49.0
1776884601.0601027,-5.0,-6.0,-49.0
1776884601.0701027,0.0,-6.0,-55.0
1776884601.0801027,2.0,-7.0,-53.0
1776884601.090103,2.0,-6.0,-45.0
1776884601.100103,-3.0,-5.0,-41.0
1776884601.110103,-2.0,-6.0,-36.0
1776884601.1201026,0.0,-5.0,-36.0
1776884601.1301026,1.0,-4.0,-40.0
1776884601.1401026,3.0,-4.0,-48.0
1776884601.1501029,3.0,-1.0,-45.0
1776884601.1601028,3.0,-2.0,-52.0
1776884601.1701028,3.0,-1.0,-51.0
1776884601.1801028,4.0,-3.0,-49.0
1776884601.1901028,4.0,1.0,-47.0
1776884601.2001028,0.0,0.0,-49.0
1776884601.2101028,1.0,0.0,-47.0
1776884601.2201028,3.0,-2.0,-49.0
1776884601.2301028,3.0,0.0,-54.0
1776884601.2401028,2.0,0.0,-47.0
1776884601.2501028,-2.0,2.0,-53.0
1776884601.2601027,-2.0,3.0,-48.0
1776884601.2701027,-1.0,1.0,-48.0
1776884601.2801027,-3.0,0.0,-46.0
1776884601.2901027,-1.0,0.0,-42.0
1776884601.3001027,-2.0,-1.0,-34.0
1776884601.3101027,0.0,-1.0,-37.0
1776884601.3201027,-2.0,0.0,-41.0
1776884601.3301027,0.0,-6.0,-42.0
1776884601.340103,2.0,-7.0,-40.0
1776884601.350103,-2.0,-1.0,-40.0
1776884601.360103,1.0,2.0,-33.0
1776884601.3701026,4.0,4.0,-38.0
1776884601.3801026,1.0,0.0,-44.0
1776884601.3901026,3.0,1.0,-40.0
1776884601.4001029,3.0,0.0,-43.0
1776884601.4101028,0.0,0.0,-49.0
1776884601.4211028,-2.0,0.0,-54.0
1776884601.4301028,0.0,1.0,-51.0
1776884601.4401028,-1.0,0.0,-48.0
1776884601.4501028,0.0,4.0,-43.0
1776884601.4601028,1.0,1.0,-44.0
1776884601.4701028,3.0,0.0,-48.0
1776884601.4801028,2.0,0.0,-51.0
1776884601.4901028,0.0,2.0,-50.0
1776884601.5001028,2.0,4.0,-54.0
1776884601.5101027,-2.0,3.0,-55.0
1776884601.5201027,-3.0,2.0,-50.0
1776884601.5301027,-1.0,1.0,-46.0
1776884601.5401027,-4.0,0.0,-44.0
1776884601.5501027,-1.0,3.0,-52.0
1776884601.5601027,0.0,0.0,-51.0
1776884601.5701027,-5.0,-1.0,-51.0
1776884601.5801027,-2.0,0.0,-47.0
1776884601.590103,0.0,0.0,-43.0
1776884601.600103,0.0,-2.0,-46.0
1776884601.610103,-2.0,-4.0,-48.0
1776884601.6201026,-2.0,-8.0,-50.0
1776884601.6301026,-3.0,-9.0,-42.0
1776884601.6401026,0.0,-4.0,-40.0
1776884601.6501029,5.0,0.0,-44.0
1776884601.6601028,4.0,-1.0,-56.0
1776884601.6701028,0.0,-1.0,-55.0
1776884601.6801028,0.0,0.0,-57.0
1776884601.6901028,3.0,-1.0,-53.0
1776884601.7001028,1.0,0.0,-54.0
1776884601.7101028,1.0,1.0,-50.0
1776884601.7201028,0.0,-1.0,-45.0
1776884601.7301028,0.0,-6.0,-46.0
1776884601.7401028,0.0,-3.0,-51.0
1776884601.7501028,0.0,0.0,-49.0
1776884601.7601027,0.0,-5.0,-49.0
1776884601.7701027,0.0,0.0,-44.0
1776884601.7801027,0.0,-1.0,-44.0
1776884601.7901027,0.0,0.0,-37.0
1776884601.8001027,-2.0,1.0,-37.0
1776884601.8101027,-3.0,1.0,-40.0
1776884601.8201027,0.0,0.0,-49.0
1776884601.8301027,-1.0,-5.0,-51.0
1776884601.840103,-2.0,-2.0,-53.0
1776884601.850103,-7.0,-1.0,-51.0
1776884601.860103,-5.0,0.0,-50.0
1776884601.8701026,-2.0,0.0,-57.0
1776884601.8801026,2.0,-1.0,-54.0
1776884601.8901026,2.0,0.0,-42.0
1776884601.9001029,9.0,0.0,-45.0
1776884601.9101028,6.0,-1.0,-45.0
1776884601.9201028,4.0,-1.0,-46.0
1776884601.9301028,4.0,0.0,-53.0
1776884601.9401028,3.0,1.0,-54.0
1776884601.9501028,-1.0,7.0,-50.0
1776884601.9601028,0.0,3.0,-49.0
1776884601.9701028,-1.0,0.0,-58.0
1776884601.9801028,-3.0,5.0,-55.0
1776884601.9901028,-1.0,2.0,-50.0
1776884602.0001028,-1.0,-4.0,-49.0
1776884602.0101027,0.0,-4.0,-45.0
1776884602.0201027,0.0,-2.0,-52.0
1776884602.0301027,2.0,-1.0,-54.0
1776884602.0401027,4.0,-3.0,-54.0
1776884602.0501027,6.0,-3.0,-56.0
1776884602.0601027,5.0,-2.0,-52.0
1776884602.0701027,2.0,0.0,-43.0
1776884602.0801027,0.0,4.0,-39.0
1776884602.090103,1.0,0.0,-37.0
1776884602.100103,6.0,0.0,-37.0
1776884602.110103,5.0,0.0,-37.0
1776884602.1201026,-1.0,1.0,-39.0
1776884602.1301026,-5.0,-3.0,-44.0
1776884602.1401026,-4.0,0.0,-46.0
1776884602.1501029,-4.0,-1.0,-50.0
1776884602.1601028,-5.0,-1.0,-46.0
1776884602.1701028,-2.0,0.0,-48.0
1776884602.1811028,-2.0,1.0,-51.0
1776884602.1901028,-2.0,-3.0,-52.0
1776884602.2011027,-2.0,-5.0,-52.0
1776884602.2111027,1.0,-4.0,-47.0
1776884602.2211027,3.0,-4.0,-44.0
1776884602.2311027,3.0,-2.0,-45.0
1776884602.2411027,4.0,-1.0,-46.0
1776884602.2511027,-1.0,-2.0,-40.0
1776884602.261103,-2.0,-2.0,-47.0
1776884602.271103,1.0,-4.0,-50.0
1776884602.281103,-2.0,-3.0,-54.0
1776884602.2911026,-1.0,-3.0,-53.0
1776884602.3011026,1.0,-1.0,-49.0
1776884602.3111026,2.0,-2.0,-42.0
1776884602.3211029,4.0,-3.0,-34.0
1776884602.3311028,0.0,-2.0,-41.0
1776884602.3411028,0.0,-4.0,-40.0
1776884602.3511028,0.0,-1.0,-40.0
1776884602.3611028,-1.0,0.0,-38.0
1776884602.3711028,0.0,-2.0,-36.0
1776884602.3811028,-1.0,-5.0,-36.0
1776884602.3911028,0.0,-4.0,-45.0
1776884602.4011028,4.0,-3.0,-47.0
1776884602.4111028,3.0,-1.0,-42.0
1776884602.4211028,4.0,2.0,-42.0
1776884602.4311028,5.0,2.0,-50.0
1776884602.4411027,3.0,0.0,-50.0
1776884602.4511027,0.0,1.0,-47.0
1776884602.4611027,0.0,2.0,-41.0
1776884602.4711027,2.0,1.0,-38.0
1776884602.4811027,9.0,0.0,-34.0
1776884602.4911027,8.0,-3.0,-35.0
1776884602.5011027,8.0,-4.0,-37.0
1776884602.511103,6.0,-6.0,-43.0
1776884602.521103,1.0,-7.0,-46.0
1776884602.531103,4.0,-4.0,-47.0
1776884602.5411026,1.0,5.0,-51.0
1776884602.5511026,5.0,2.0,-48.0
1776884602.5611026,4.0,8.0,-43.0
1776884602.5711029,0.0,7.0,-46.0
1776884602.5811028,-5.0,4.0,-49.0
1776884602.5911028,-6.0,4.0,-55.0
1776884602.6011028,-3.0,2.0,-52.0
1776884602.6111028,0.0,-1.0,-50.0
1776884602.6211028,0.0,-1.0,-51.0
1776884602.6311028,-2.0,-2.0,-51.0
1776884602.6411028,1.0,-2.0,-52.0
1776884602.6511028,2.0,2.0,-51.0
1776884602.6611028,-1.0,2.0,-56.0
1776884602.6711028,1.0,4.0,-50.0
1776884602.6811028,2.0,3.0,-49.0
1776884602.6911027,-2.0,1.0,-49.0
1776884602.7011027,-1.0,2.0,-53.0
1776884602.7111027,1.0,0.0,-52.0
1776884602.7211027,2.0,-4.0,-54.0
1776884602.7311027,1.0,-3.0,-48.0
1776884602.7411027,0.0,-8.0,-42.0
1776884602.7511027,1.0,-2.0,-40.0
1776884602.761103,0.0,-2.0,-39.0
1776884602.771103,0.0,-5.0,-34.0
1776884602.781103,1.0,-4.0,-35.0
1776884602.7911026,2.0,-3.0,-38.0
1776884602.8011026,3.0,-1.0,-44.0
1776884602.8111026,0.0,-3.0,-42.0
1776884602.8211029,-1.0,-5.0,-47.0
1776884602.8311028,0.0,-3.0,-42.0
1776884602.8411028,0.0,-1.0,-39.0
1776884602.8511028,0.0,0.0,-38.0
1776884602.8611028,2.0,3.0,-40.0
1776884602.8711028,2.0,3.0,-41.0
1776884602.8811028,0.0,5.0,-42.0
1776884602.8911028,0.0,3.0,-41.0
1776884602.9011028,0.0,5.0,-38.0
1776884602.9111028,-3.0,7.0,-40.0
1776884602.9211028,-4.0,2.0,-43.0
1776884602.9311028,1.0,3.0,-49.0
1776884602.9411027,8.0,0.0,-50.0
1776884602.9511027,7.0,0.0,-45.0
1776884602.9611027,8.0,-3.0,-45.0
1776884602.9711027,6.0,-1.0,-44.0
1776884602.9811027,3.0,-1.0,-41.0
1776884602.9911027,0.0,-4.0,-43.0
1776884603.0011027,1.0,-2.0,-48.0
1776884603.011103,3.0,-4.0,-42.0
1776884603.021103,-2.0,-5.0,-37.0
1776884603.031103,0.0,-7.0,-38.0
1776884603.0411026,3.0,-7.0,-38.0
1776884603.0511026,0.0,-4.0,-42.0
1776884603.0611026,1.0,-4.0,-47.0
1776884603.0711029,1.0,-1.0,-45.0
1776884603.0811028,1.0,2.0,-45.0
1776884603.0911028,4.0,3.0,-42.0
1776884603.1011028,0.0,4.0,-43.0
1776884603.1111028,-1.0,2.0,-39.0
1776884603.1211028,-4.0,-1.0,-41.0
1776884603.1311028,-2.0,-4.0,-43.0
1776884603.1411028,-2.0,-4.0,-47.0
1776884603.1511028,0.0,-3.0,-49.0
1776884603.1611028,-2.0,-5.0,-45.0
1776884603.1711028,-1.0,-8.0,-44.0
1776884603.1811028,0.0,-3.0,-37.0
1776884603.1911027,4.0,-1.0,-37.0
1776884603.2011027,0.0,-4.0,-41.0
1776884603.2111027,-5.0,-4.0,-50.0
1776884603.2211027,-3.0,-3.0,-50.0
1776884603.2311027,-3.0,0.0,-52.0
1776884603.2411027,-3.0,-1.0,-51.0
1776884603.2511027,0.0,-2.0,-48.0
1776884603.261103,0.0,-1.0,-41.0
1776884603.271103,-2.0,0.0,-42.0
1776884603.281103,4.0,-6.0,-39.0
1776884603.2911026,6.0,0.0,-40.0
1776884603.3011026,8.0,2.0,-44.0
1776884603.3111026,4.0,0.0,-54.0
1776884603.3211029,3.0,0.0,-45.0
1776884603.3311028,3.0,4.0,-42.0
1776884603.3411028,0.0,1.0,-44.0
1776884603.3511028,3.0,0.0,-45.0
1776884603.3611028,4.0,-2.0,-38.0
1776884603.3711028,4.0,-2.0,-41.0
1776884603.3811028,7.0,-4.0,-46.0
1776884603.3911028,5.0,-3.0,-47.0
1776884603.4011028,4.0,-1.0,-52.0
1776884603.4111028,4.0,-1.0,-49.0
1776884603.4211028,8.0,-3.0,-46.0
1776884603.4311028,3.0,-1.0,-41.0
1776884603.4411027,0.0,-6.0,-38.0
1776884603.4511027,-4.0,-5.0,-42.0
1776884603.4611027,-2.0,-5.0,-40.0
1776884603.4711027,-2.0,-5.0,-43.0
1776884603.4811027,-3.0,0.0,-40.0
1776884603.4911027,-7.0,2.0,-40.0
1776884603.5011027,-7.0,-4.0,-43.0
1776884603.511103,-8.0,-7.0,-46.0
1776884603.521103,-10.0,-6.0,-48.0
1776884603.531103,-6.0,-3.0,-49.0
1776884603.5411026,-5.0,-4.0,-47.0
1776884603.5511026,0.0,-3.0,-56.0
1776884603.5611026,5.0,-3.0,-56.0
1776884603.5711029,2.0,-2.0,-54.0
1776884603.5811028,0.0,0.0,-45.0
1776884603.5911028,-2.0,-4.0,-41.0
1776884603.6011028,-2.0,-2.0,-39.0
1776884603.6111028,-2.0,0.0,-44.0
1776884603.6211028,2.0,0.0,-44.0
1776884603.6311028,3.0,-1.0,-42.0
1776884603.6411028,3.0,-3.0,-45.0
1776884603.6511028,6.0,-4.0,-50.0
1776884603.6611028,4.0,-7.0,-51.0
1776884603.6711028,0.0,-9.0,-46.0
1776884603.6811028,0.0,-2.0,-50.0
1776884603.6911027,-3.0,-1.0,-49.0
1776884603.7011027,-5.0,2.0,-46.0
1776884603.7111027,-7.0,4.0,-50.0
1776884603.7211027,-5.0,2.0,-51.0
1776884603.7311027,0.0,0.0,-52.0
1776884603.7411027,-1.0,1.0,-53.0
1776884603.7511027,0.0,1.0,-52.0
1776884603.761103,-2.0,-1.0,-48.0
1776884603.771103,1.0,0.0,-50.0
1776884603.781103,1.0,-2.0,-51.0
1776884603.7911026,4.0,-4.0,-48.0
1776884603.8011026,0.0,-1.0,-56.0
1776884603.8111026,1.0,0.0,-53.0
1776884603.8211029,1.0,1.0,-48.0
1776884603.8311028,3.0,-1.0,-54.0
1776884603.8411028,4.0,-1.0,-54.0
1776884603.8511028,7.0,0.0,-58.0
1776884603.8611028,5.0,-1.0,-61.0
1776884603.8711028,1.0,-3.0,-63.0
1776884603.8811028,2.0,-2.0,-56.0
1776884603.8911028,0.0,2.0,-58.0
1776884603.9011028,1.0,2.0,-51.0
1776884603.9111028,6.0,3.0,-45.0
1776884603.9211028,6.0,4.0,-47.0
1776884603.9311028,11.0,2.0,-46.0
1776884603.9411027,9.0,1.0,-46.0
1776884603.9511027,11.0,2.0,-44.0
1776884603.9611027,8.0,2.0,-44.0
1776884603.9711027,10.0,4.0,-48.0
1776884603.9811027,11.0,1.0,-44.0
1776884603.9911027,5.0,1.0,-38.0
1776884604.0011027,5.0,2.0,-38.0
1776884604.011103,0.0,-1.0,-35.0
1776884604.021103,2.0,0.0,-34.0
1776884604.031103,-1.0,0.0,-30.0
1776884604.0411026,-3.0,0.0,-36.0
1776884604.0511026,-6.0,2.0,-49.0
1776884604.0611026,-5.0,0.0,-49.0
1776884604.0711029,-6.0,0.0,-43.0
1776884604.0811028,-7.0,3.0,-39.0
1776884604.0911028,-7.0,0.0,-41.0
1776884604.1011028,-5.0,-2.0,-42.0
1776884604.1111028,-6.0,-6.0,-39.0
1776884604.1211028,-3.0,-6.0,-39.0
1776884604.1311028,-2.0,-3.0,-42.0
1776884604.1411028,-5.0,-2.0,-41.0
1776884604.1521027,-4.0,-3.0,-36.0
1776884604.1621027,-3.0,-1.0,-28.0
1776884604.1721027,0.0,0.0,-29.0
1776884604.182103,2.0,-1.0,-39.0
1776884604.192103,-1.0,-3.0,-37.0
1776884604.202103,-1.0,-1.0,-39.0
1776884604.212103,-1.0,0.0,-42.0
1776884604.2221026,-2.0,0.0,-46.0
1776884604.2321026,0.0,0.0,-40.0
1776884604.2421026,4.0,3.0,-43.0
1776884604.2521029,0.0,2.0,-41.0
1776884604.2621028,-1.0,-2.0,-44.0
1776884604.2721028,0.0,-6.0,-47.0
1776884604.2821028,3.0,-7.0,-47.0
1776884604.2921028,4.0,-7.0,-49.0
1776884604.3021028,8.0,-3.0,-55.0
1776884604.3121028,9.0,-4.0,-51.0
1776884604.3221028,8.0,-2.0,-47.0
1776884604.3321028,5.0,-2.0,-49.0
1776884604.3421028,7.0,0.0,-53.0
1776884604.3521028,1.0,0.0,-59.0
1776884604.3621027,2.0,3.0,-59.0
1776884604.3721027,3.0,2.0,-53.0
1776884604.3821027,3.0,1.0,-45.0
1776884604.3921027,2.0,0.0,-43.0
1776884604.4021027,0.0,-1.0,-40.0
1776884604.4121027,-1.0,0.0,-43.0
1776884604.4221027,2.0,-1.0,-46.0
1776884604.432103,1.0,-1.0,-51.0
1776884604.442103,-1.0,-1.0,-45.0
1776884604.452103,1.0,-2.0,-48.0
1776884604.462103,8.0,-5.0,-38.0
1776884604.4721026,10.0,-8.0,-42.0
1776884604.4821026,6.0,-4.0,-40.0
1776884604.4921026,5.0,-1.0,-40.0
1776884604.5021029,2.0,0.0,-43.0
1776884604.5121028,0.0,1.0,-47.0
1776884604.5221028,0.0,0.0,-42.0
1776884604.5321028,0.0,0.0,-42.0
1776884604.5421028,0.0,0.0,-42.0
1776884604.5521028,0.0,1.0,-45.0
1776884604.5621028,1.0,0.0,-49.0
1776884604.5721028,-1.0,1.0,-44.0
1776884604.5821028,0.0,1.0,-35.0
1776884604.5921028,-2.0,-1.0,-38.0
1776884604.6021028,0.0,0.0,-46.0
1776884604.6121027,-1.0,0.0,-51.0
1776884604.6221027,0.0,0.0,-51.0
1776884604.6321027,6.0,0.0,-51.0
1776884604.6421027,2.0,1.0,-47.0
1776884604.6521027,-1.0,-3.0,-54.0
1776884604.6621027,1.0,-3.0,-50.0
1776884604.6721027,-1.0,-2.0,-41.0
1776884604.682103,0.0,-2.0,-44.0
1776884604.692103,-3.0,-5.0,-44.0
1776884604.702103,-3.0,-4.0,-44.0
1776884604.712103,2.0,-4.0,-42.0
1776884604.7221026,0.0,-7.0,-45.0
1776884604.7321026,1.0,-3.0,-48.0
1776884604.7421026,-1.0,3.0,-47.0
1776884604.7521029,-1.0,3.0,-48.0
1776884604.7621028,0.0,0.0,-47.0
1776884604.7721028,1.0,1.0,-48.0
1776884604.7821028,0.0,0.0,-48.0
1776884604.7921028,-1.0,-2.0,-45.0
1776884604.8021028,-2.0,0.0,-41.0
1776884604.8121028,-4.0,1.0,-46.0
1776884604.8221028,-2.0,1.0,-48.0
1776884604.8321028,1.0,0.0,-46.0
1776884604.8421028,4.0,0.0,-41.0
1776884604.8521028,0.0,1.0,-44.0
1776884604.8621027,-3.0,3.0,-47.0
1776884604.8721027,-2.0,0.0,-46.0
1776884604.8821027,-2.0,0.0,-39.0
1776884604.8921027,-4.0,-2.0,-35.0
1776884604.9021027,-2.0,0.0,-39.0
1776884604.9121027,-4.0,-3.0,-37.0
1776884604.9221027,-5.0,-2.0,-41.0
1776884604.932103,0.0,0.0,-43.0
1776884604.942103,1.0,0.0,-50.0
1776884604.952103,3.0,3.0,-49.0
1776884604.962103,1.0,3.0,-48.0
1776884604.9721026,1.0,2.0,-46.0
1776884604.9821026,-2.0,3.0,-49.0
1776884604.9921026,-4.0,3.0,-54.0
1776884605.0021029,-3.0,4.0,-50.0
1776884605.0121028,-6.0,7.0,-53.0
1776884605.0221028,-6.0,7.0,-48.0
1776884605.0321028,-5.0,7.0,-47.0
1776884605.0421028,-3.0,1.0,-52.0
1776884605.0521028,-2.0,0.0,-54.0
1776884605.0621028,0.0,-2.0,-54.0
1776884605.0721028,-1.0,-4.0,-50.0
1776884605.0821028,7.0,-4.0,-48.0
1776884605.0921028,6.0,-6.0,-43.0
1776884605.1021028,9.0,-4.0,-37.0
1776884605.1121027,11.0,-6.0,-40.0
1776884605.1221027,11.0,-5.0,-39.0
1776884605.1321027,6.0,-3.0,-40.0
1776884605.1421027,3.0,-2.0,-38.0
1776884605.1521027,-1.0,-3.0,-32.0
1776884605.1621027,-3.0,-2.0,-42.0
1776884605.1721027,0.0,1.0,-44.0
1776884605.182103,1.0,0.0,-41.0
1776884605.192103,3.0,2.0,-36.0
1776884605.202103,1.0,1.0,-32.0
1776884605.212103,-1.0,-2.0,-31.0
1776884605.2221026,0.0,-2.0,-38.0
1776884605.2321026,-5.0,-2.0,-41.0
1776884605.2421026,-3.0,0.0,-36.0
1776884605.2521029,-1.0,0.0,-32.0
1776884605.2621028,3.0,-2.0,-37.0
1776884605.2721028,4.0,0.0,-42.0
1776884605.2821028,3.0,-1.0,-38.0
1776884605.2921028,8.0,1.0,-46.0
1776884605.3021028,6.0,0.0,-49.0
1776884605.3121028,10.0,0.0,-50.0
1776884605.3221028,7.0,0.0,-51.0
1776884605.3321028,5.0,-5.0,-53.0
1776884605.3421028,8.0,-7.0,-52.0
1776884605.3521028,4.0,-5.0,-56.0
1776884605.3621027,7.0,-6.0,-52.0
1776884605.3721027,11.0,-1.0,-53.0
1776884605.3821027,8.0,-2.0,-45.0
1776884605.3921027,7.0,-2.0,-40.0
1776884605.4021027,5.0,-4.0,-37.0
1776884605.4121027,5.0,-3.0,-32.0
1776884605.4221027,8.0,-2.0,-37.0
1776884605.432103,8.0,-5.0,-41.0
1776884605.442103,2.0,-3.0,-42.0
1776884605.452103,1.0,-4.0,-37.0
1776884605.462103,2.0,-2.0,-32.0
1776884605.4721026,3.0,-4.0,-35.0
1776884605.4821026,2.0,0.0,-42.0
1776884605.4921026,6.0,-2.0,-45.0
1776884605.5021029,7.0,0.0,-47.0
1776884605.5121028,5.0,3.0,-47.0
1776884605.5221028,0.0,-1.0,-48.0
1776884605.5321028,0.0,-1.0,-42.0
1776884605.5421028,-2.0,-4.0,-43.0
1776884605.5521028,0.0,-5.0,-47.0
1776884605.5621028,0.0,-6.0,-47.0
1776884605.5721028,1.0,-7.0,-43.0
1776884605.5821028,5.0,-6.0,-45.0
1776884605.5921028,6.0,-7.0,-46.0
1776884605.6021028,1.0,-9.0,-45.0
1776884605.6121027,-2.0,-6.0,-47.0
1776884605.6221027,-2.0,-4.0,-44.0
1776884605.6321027,-1.0,-1.0,-41.0
1776884605.6421027,0.0,-4.0,-40.0
1776884605.6521027,1.0,-3.0,-39.0
1776884605.6621027,0.0,-3.0,-35.0
1776884605.6721027,-4.0,-3.0,-42.0
1776884605.682103,-3.0,-2.0,-49.0
1776884605.692103,0.0,-1.0,-46.0
1776884605.702103,-5.0,0.0,-46.0
1776884605.712103,-5.0,0.0,-47.0
1776884605.7221026,-6.0,-3.0,-46.0
1776884605.7321026,-6.0,-3.0,-40.0
1776884605.7421026,-4.0,1.0,-43.0
1776884605.7521029,2.0,5.0,-42.0
1776884605.7621028,2.0,3.0,-44.0
1776884605.7721028,3.0,1.0,-47.0
1776884605.7821028,6.0,2.0,-46.0
1776884605.7921028,2.0,3.0,-40.0
1776884605.8021028,0.0,-1.0,-43.0
1776884605.8121028,0.0,-2.0,-43.0
1776884605.8221028,3.0,-6.0,-45.0
1776884605.8321028,6.0,-5.0,-43.0
1776884605.8421028,10.0,-1.0,-42.0
1776884605.8521028,5.0,-1.0,-44.0
1776884605.8621027,2.0,-2.0,-47.0
1776884605.8721027,8.0,2.0,-48.0
1776884605.8821027,6.0,2.0,-46.0
1776884605.8921027,6.0,3.0,-43.0
1776884605.9021027,9.0,2.0,-44.0
1776884605.9121027,7.0,0.0,-44.0
1776884605.9221027,3.0,-2.0,-47.0
1776884605.932103,2.0,-2.0,-43.0
1776884605.942103,-1.0,-4.0,-38.0
1776884605.952103,-3.0,0.0,-39.0
1776884605.962103,0.0,-1.0,-45.0
1776884605.9721026,-1.0,0.0,-44.0
1776884605.9821026,-3.0,2.0,-42.0
1776884605.9921026,0.0,0.0,-38.0
1776884606.0021029,0.0,0.0,-40.0
1776884606.0121028,1.0,-5.0,-41.0
1776884606.0221028,0.0,-6.0,-40.0
1776884606.0321028,0.0,-7.0,-49.0
1776884606.0421028,-2.0,-10.0,-52.0
1776884606.0521028,-1.0,-10.0,-48.0
1776884606.0621028,2.0,-3.0,-48.0
1776884606.0721028,0.0,-7.0,-53.0
1776884606.0821028,-3.0,-10.0,-50.0
1776884606.0921028,-8.0,-8.0,-48.0
1776884606.1021028,-3.0,-7.0,-50.0
1776884606.1121027,-1.0,-7.0,-44.0
1776884606.1221027,-4.0,-11.0,-37.0
1776884606.133103,-4.0,-12.0,-38.0
1776884606.1431026,-4.0,-10.0,-40.0
1776884606.1531026,-2.0,-8.0,-42.0
1776884606.1631026,0.0,-7.0,-49.0
1776884606.1731029,0.0,-5.0,-51.0
1776884606.1831028,2.0,-4.0,-56.0
1776884606.1931028,3.0,-2.0,-57.0
1776884606.2031028,1.0,-3.0,-55.0
1776884606.2131028,0.0,-6.0,-49.0
1776884606.2231028,-2.0,-8.0,-51.0
1776884606.2331028,0.0,-8.0,-48.0
1776884606.2431028,-1.0,-7.0,-50.0
1776884606.2531028,0.0,-5.0,-46.0
1776884606.2631028,-1.0,-3.0,-44.0
1776884606.2731028,0.0,-3.0,-35.0
1776884606.2831028,0.0,0.0,-36.0
1776884606.2931027,-3.0,-2.0,-48.0
1776884606.3031027,0.0,-5.0,-51.0
1776884606.3131027,0.0,-4.0,-50.0
1776884606.3231027,5.0,-3.0,-49.0
1776884606.3331027,0.0,-3.0,-44.0
1776884606.3431027,0.0,0.0,-48.0
1776884606.3531027,-2.0,4.0,-45.0
1776884606.363103,-1.0,3.0,-39.0
1776884606.373103,0.0,2.0,-43.0
1776884606.383103,8.0,0.0,-45.0
1776884606.3931026,7.0,-4.0,-47.0
1776884606.4031026,11.0,-5.0,-52.0
1776884606.4131026,4.0,-6.0,-55.0
1776884606.4231029,0.0,-12.0,-55.0
1776884606.4331028,0.0,-8.0,-52.0
1776884606.4431028,2.0,-11.0,-55.0
1776884606.4531028,3.0,-11.0,-57.0
1776884606.4631028,4.0,-7.0,-55.0
1776884606.4731028,0.0,-7.0,-56.0
1776884606.4831028,0.0,-7.0,-60.0
1776884606.4931028,-1.0,-11.0,-49.0
1776884606.5031028,1.0,-8.0,-46.0
1776884606.5131028,3.0,-4.0,-40.0
1776884606.5231028,1.0,-1.0,-39.0
1776884606.5331028,1.0,0.0,-40.0
1776884606.5431027,5.0,0.0,-47.0
1776884606.5531027,9.0,1.0,-44.0
1776884606.5631027,9.0,1.0,-43.0
1776884606.5731027,5.0,2.0,-46.0
1776884606.5831027,3.0,1.0,-46.0
1776884606.5931027,-3.0,-5.0,-41.0
1776884606.6031027,-5.0,-6.0,-51.0
1776884606.613103,-2.0,-6.0,-50.0
1776884606.623103,2.0,-5.0,-55.0
1776884606.633103,4.0,-2.0,-44.0
1776884606.6431026,5.0,0.0,-43.0
1776884606.6531026,4.0,-1.0,-46.0
1776884606.6631026,4.0,-5.0,-53.0
1776884606.6731029,4.0,-2.0,-54.0
1776884606.6831028,0.0,-1.0,-49.0
1776884606.6931028,-1.0,0.0,-43.0
1776884606.7031028,0.0,-2.0,-40.0
1776884606.7131028,0.0,0.0,-38.0
1776884606.7231028,1.0,-4.0,-33.0
1776884606.7331028,2.0,-10.0,-40.0
1776884606.7431028,1.0,-8.0,-47.0
1776884606.7531028,0.0,-7.0,-55.0
1776884606.7631028,5.0,-6.0,-54.0
1776884606.7731028,6.0,-2.0,-50.0
1776884606.7831028,6.0,0.0,-47.0
1776884606.7931027,5.0,0.0,-48.0
1776884606.8031027,5.0,4.0,-44.0
1776884606.8131027,4.0,8.0,-46.0
1776884606.8231027,7.0,11.0,-41.0
1776884606.8331027,4.0,9.0,-43.0
1776884606.8431027,3.0,6.0,-43.0
1776884606.8531027,6.0,3.0,-52.0
1776884606.863103,4.0,3.0,-50.0
1776884606.873103,-1.0,1.0,-48.0
1776884606.883103,-5.0,0.0,-45.0
1776884606.8931026,-6.0,2.0,-46.0
1776884606.9031026,-6.0,2.0,-44.0
1776884606.9131026,-6.0,0.0,-40.0
1776884606.9231029,-6.0,2.0,-43.0
1776884606.9331028,-8.0,3.0,-43.0
1776884606.9431028,-8.0,7.0,-38.0
1776884606.9531028,-6.0,7.0,-43.0
1776884606.9631028,-6.0,6.0,-44.0
1776884606.9731028,-11.0,5.0,-45.0
1776884606.9831028,-7.0,4.0,-49.0
1776884606.9931028,-10.0,9.0,-46.0
1776884607.0031028,-9.0,5.0,-47.0
1776884607.0131028,-6.0,1.0,-40.0
1776884607.0231028,1.0,-1.0,-38.0
1776884607.0331028,3.0,0.0,-39.0
1776884607.0431027,4.0,0.0,-33.0
1776884607.0531027,4.0,0.0,-31.0
1776884607.0631027,0.0,1.0,-38.0
1776884607.0731027,-2.0,1.0,-44.0
1776884607.0831027,0.0,2.0,-49.0
1776884607.0931027,-1.0,3.0,-51.0
1776884607.1031027,-2.0,4.0,-48.0
1776884607.113103,-2.0,3.0,-52.0
1776884607.123103,-4.0,-2.0,-53.0
1776884607.133103,1.0,-3.0,-49.0
1776884607.1431026,2.0,-6.0,-49.0
1776884607.1531026,3.0,-8.0,-43.0
1776884607.1631026,0.0,-3.0,-46.0
1776884607.1731029,-1.0,-4.0,-47.0
1776884607.1831028,-3.0,-3.0,-51.0
1776884607.1931028,-3.0,-3.0,-48.0
1776884607.2031028,-1.0,-5.0,-45.0
1776884607.2131028,-1.0,-5.0,-46.0
1776884607.2231028,0.0,-6.0,-41.0
1776884607.2331028,0.0,-1.0,-48.0
1776884607.2431028,2.0,1.0,-55.0
1776884607.2531028,2.0,1.0,-52.0
1776884607.2631028,2.0,-2.0,-56.0
1776884607.2731028,8.0,-3.0,-59.0
1776884607.2831028,6.0,0.0,-54.0
1776884607.2931027,3.0,2.0,-48.0
1776884607.3031027,5.0,0.0,-44.0
1776884607.3131027,6.0,0.0,-41.0
1776884607.3231027,9.0,1.0,-46.0
1776884607.3331027,7.0,1.0,-39.0
1776884607.3431027,7.0,0.0,-34.0
1776884607.3531027,0.0,-1.0,-48.0
1776884607.363103,-2.0,-2.0,-43.0
1776884607.373103,-4.0,-4.0,-37.0
1776884607.383103,-5.0,-1.0,-39.0
1776884607.3931026,-3.0,-2.0,-36.0
1776884607.4031026,0.0,0.0,-41.0
1776884607.4131026,4.0,-2.0,-39.0
1776884607.4231029,1.0,1.0,-46.0
1776884607.4331028,-3.0,2.0,-45.0
1776884607.4431028,-2.0,0.0,-43.0
1776884607.4531028,-1.0,2.0,-40.0
1776884607.4631028,1.0,0.0,-45.0
1776884607.4731028,3.0,-5.0,-43.0
1776884607.4831028,3.0,-4.0,-45.0
1776884607.4931028,4.0,-5.0,-43.0
1776884607.5031028,0.0,-7.0,-44.0
1776884607.5131028,6.0,-7.0,-42.0
1776884607.5231028,5.0,-3.0,-42.0
1776884607.5331028,5.0,-1.0,-41.0
1776884607.5431027,6.0,-1.0,-43.0
1776884607.5531027,6.0,-2.0,-39.0
1776884607.5631027,4.0,0.0,-32.0
1776884607.5731027,2.0,1.0,-35.0
1776884607.5831027,4.0,1.0,-47.0
1776884607.5931027,2.0,4.0,-45.0
1776884607.6031027,5.0,5.0,-38.0
1776884607.613103,6.0,6.0,-40.0
1776884607.623103,5.0,5.0,-40.0
1776884607.633103,1.0,8.0,-44.0
1776884607.6431026,1.0,6.0,-44.0
1776884607.6531026,3.0,7.0,-35.0
1776884607.6631026,2.0,3.0,-32.0
1776884607.6731029,0.0,-1.0,-39.0
1776884607.6831028,0.0,-1.0,-37.0
1776884607.6931028,0.0,-2.0,-39.0
1776884607.7031028,0.0,-2.0,-39.0
1776884607.7131028,0.0,-1.0,-41.0
1776884607.7231028,0.0,-3.0,-43.0
1776884607.7331028,2.0,-1.0,-42.0
1776884607.7431028,3.0,-3.0,-44.0
1776884607.7531028,0.0,0.0,-50.0
1776884607.7631028,1.0,-4.0,-55.0
1776884607.7731028,1.0,-4.0,-52.0
1776884607.7831028,0.0,-2.0,-51.0
1776884607.7931027,-1.0,-1.0,-52.0
1776884607.8031027,0.0,0.0,-57.0
1776884607.8131027,0.0,1.0,-53.0
1776884607.8231027,1.0,-2.0,-48.0
1776884607.8331027,-1.0,-2.0,-43.0
1776884607.8431027,-4.0,-2.0,-39.0
1776884607.8531027,-2.0,-1.0,-39.0
1776884607.863103,0.0,-1.0,-40.0
1776884607.873103,-3.0,-5.0,-39.0
1776884607.883103,0.0,-1.0,-36.0
1776884607.8931026,0.0,1.0,-33.0
1776884607.9031026,2.0,1.0,-33.0
1776884607.9131026,3.0,5.0,-41.0
1776884607.9231029,6.0,4.0,-41.0
1776884607.9331028,4.0,2.0,-43.0
1776884607.9431028,7.0,2.0,-41.0
1776884607.9531028,7.0,4.0,-44.0
1776884607.9631028,2.0,4.0,-50.0
1776884607.9731028,2.0,3.0,-47.0
1776884607.9831028,1.0,0.0,-38.0
1776884607.9931028,3.0,-1.0,-36.0
1776884608.0031028,7.0,-6.0,-36.0
1776884608.0131028,4.0,-5.0,-39.0
1776884608.0231028,4.0,-4.0,-44.0
1776884608.0331028,0.0,-3.0,-51.0
1776884608.0431027,-4.0,-1.0,-47.0
1776884608.0531027,-3.0,-4.0,-43.0
1776884608.0631027,0.0,-4.0,-41.0
1776884608.0731027,0.0,-1.0,-39.0
1776884608.0831027,-2.0,-2.0,-36.0
1776884608.0931027,-3.0,-4.0,-36.0
1776884608.1041028,-3.0,-5.0,-37.0
1776884608.1141028,2.0,-4.0,-32.0
1776884608.1241028,5.0,-3.0,-35.0
1776884608.1341028,6.0,-5.0,-45.0
1776884608.1441028,5.0,-4.0,-42.0
1776884608.1541028,9.0,-4.0,-35.0
1776884608.1641028,8.0,-3.0,-42.0
1776884608.1741028,3.0,-5.0,-44.0
1776884608.1841028,0.0,-6.0,-47.0
1776884608.1941028,0.0,-6.0,-48.0
1776884608.2041028,0.0,-1.0,-51.0
1776884608.2141027,4.0,-3.0,-51.0
1776884608.2241027,4.0,0.0,-50.0
1776884608.2341027,0.0,2.0,-44.0
1776884608.2441027,0.0,0.0,-39.0
1776884608.2541027,0.0,-2.0,-38.0
1776884608.2641027,-3.0,-1.0,-42.0
1776884608.2741027,-8.0,-1.0,-45.0
1776884608.284103,-8.0,0.0,-46.0
1776884608.294103,-7.0,-1.0,-36.0
1776884608.304103,-7.0,1.0,-35.0
1776884608.3141026,0.0,0.0,-38.0
1776884608.3241026,0.0,0.0,-46.0
1776884608.3341026,1.0,-1.0,-52.0
1776884608.3441026,5.0,-3.0,-51.0
1776884608.3541028,6.0,0.0,-49.0
1776884608.3641028,8.0,4.0,-45.0
1776884608.3741028,6.0,7.0,-38.0
1776884608.3841028,8.0,6.0,-37.0
1776884608.3941028,5.0,5.0,-42.0
1776884608.4041028,3.0,4.0,-35.0
1776884608.4141028,5.0,3.0,-35.0
1776884608.4241028,7.0,2.0,-35.0
1776884608.4341028,7.0,2.0,-34.0
1776884608.4441028,3.0,0.0,-35.0
1776884608.4541028,3.0,-1.0,-49.0
1776884608.4641027,4.0,-2.0,-56.0
1776884608.4741027,0.0,0.0,-52.0
1776884608.4841027,-2.0,2.0,-53.0
1776884608.4941027,-7.0,2.0,-49.0
1776884608.5041027,-6.0,-2.0,-44.0
1776884608.5141027,-6.0,0.0,-44.0
1776884608.5241027,0.0,-1.0,-43.0
1776884608.534103,3.0,-6.0,-49.0
1776884608.544103,4.0,-4.0,-50.0
1776884608.554103,2.0,-3.0,-41.0
1776884608.5641026,0.0,-1.0,-40.0
1776884608.5741026,-1.0,-2.0,-43.0
1776884608.5841026,-1.0,-1.0,-43.0
1776884608.5941026,-4.0,-4.0,-45.0
1776884608.6041028,-8.0,-2.0,-46.0
1776884608.6141028,-6.0,-3.0,-46.0
1776884608.6241028,-2.0,2.0,-52.0
1776884608.6341028,-1.0,-1.0,-50.0
1776884608.6441028,-4.0,-4.0,-56.0
1776884608.6541028,-6.0,-2.0,-50.0
1776884608.6641028,-4.0,0.0,-44.0
1776884608.6741028,-1.0,2.0,-47.0
1776884608.6841028,3.0,2.0,-59.0
1776884608.6941028,1.0,4.0,-60.0
1776884608.7041028,1.0,0.0,-56.0
1776884608.7141027,5.0,-2.0,-57.0
1776884608.7241027,4.0,0.0,-56.0
1776884608.7341027,1.0,1.0,-57.0
1776884608.7441027,-1.0,2.0,-54.0
1776884608.7541027,-1.0,2.0,-55.0
1776884608.7641027,-2.0,4.0,-58.0
1776884608.7741027,0.0,0.0,-57.0
1776884608.784103,-2.0,0.0,-54.0
1776884608.794103,-5.0,-4.0,-53.0
1776884608.804103,-5.0,-4.0,-50.0
1776884608.8141026,-4.0,-8.0,-51.0
1776884608.8241026,-5.0,-6.0,-44.0
1776884608.8341026,-4.0,-9.0,-47.0
1776884608.8441026,0.0,-7.0,-45.0
1776884608.8541028,3.0,-6.0,-37.0
1776884608.8641028,5.0,-4.0,-43.0
1776884608.8741028,6.0,3.0,-54.0
1776884608.8841028,7.0,1.0,-57.0
1776884608.8941028,7.0,3.0,-52.0
1776884608.9041028,-1.0,0.0,-55.0
1776884608.9141028,0.0,0.0,-54.0
1776884608.9241028,0.0,-2.0,-44.0
1776884608.9341028,-1.0,-2.0,-38.0
1776884608.9441028,0.0,-2.0,-38.0
1776884608.9541028,0.0,-5.0,-40.0
1776884608.9641027,0.0,-4.0,-38.0
1776884608.9741027,4.0,-1.0,-39.0
1776884608.9841027,2.0,-2.0,-41.0
1776884608.9941027,-1.0,0.0,-49.0
1776884609.0041027,-2.0,0.0,-49.0
1776884609.0141027,-2.0,-2.0,-51.0
1776884609.0241027,0.0,1.0,-49.0
1776884609.034103,2.0,0.0,-48.0
1776884609.044103,4.0,0.0,-48.0
1776884609.054103,0.0,-1.0,-48.0
1776884609.0641026,4.0,-1.0,-53.0
1776884609.0741026,3.0,2.0,-51.0
1776884609.0841026,2.0,0.0,-49.0
1776884609.0941026,2.0,-2.0,-53.0
1776884609.1041028,0.0,0.0,-53.0
1776884609.1141028,-1.0,-1.0,-53.0
1776884609.1241028,-7.0,-3.0,-57.0
1776884609.1341028,-5.0,0.0,-52.0
1776884609.1441028,-10.0,0.0,-52.0
1776884609.1541028,-6.0,-1.0,-52.0
1776884609.1641028,-7.0,-2.0,-51.0
1776884609.1741028,-4.0,-4.0,-50.0
1776884609.1841028,1.0,-6.0,-48.0
1776884609.1941028,6.0,-8.0,-41.0
1776884609.2041028,8.0,-4.0,-43.0
1776884609.2141027,8.0,-6.0,-44.0
1776884609.2241027,7.0,-5.0,-44.0
1776884609.2341027,6.0,-7.0,-44.0
1776884609.2441027,7.0,-5.0,-41.0
1776884609.2541027,7.0,-4.0,-39.0
1776884609.2641027,7.0,-1.0,-40.0
1776884609.2741027,4.0,-1.0,-37.0
1776884609.284103,4.0,-3.0,-33.0
1776884609.294103,6.0,-5.0,-38.0
1776884609.304103,2.0,-5.0,-43.0
1776884609.3141026,1.0,0.0,-46.0
1776884609.3241026,0.0,0.0,-40.0
1776884609.3341026,0.0,-4.0,-39.0
1776884609.3441026,0.0,-4.0,-44.0
1776884609.3541028,-2.0,1.0,-45.0
1776884609.3641028,0.0,2.0,-42.0
1776884609.3741028,2.0,5.0,-39.0
1776884609.3841028,6.0,5.0,-44.0
1776884609.3941028,6.0,6.0,-42.0
1776884609.4041028,3.0,5.0,-43.0
1776884609.4141028,3.0,4.0,-45.0
1776884609.4241028,7.0,4.0,-51.0
1776884609.4341028,0.0,-1.0,-52.0
1776884609.4441028,-1.0,-3.0,-53.0
1776884609.4541028,-1.0,-2.0,-52.0
1776884609.4641027,1.0,1.0,-50.0
1776884609.4741027,-3.0,-1.0,-45.0
1776884609.4841027,-6.0,-3.0,-48.0
1776884609.4941027,-9.0,-4.0,-50.0
1776884609.5041027,-3.0,-1.0,-53.0
1776884609.5141027,-3.0,1.0,-58.0
1776884609.5241027,0.0,2.0,-58.0
1776884609.534103,-3.0,0.0,-57.0
1776884609.544103,0.0,-6.0,-54.0
1776884609.554103,-3.0,-6.0,-53.0
1776884609.5641026,-1.0,-5.0,-47.0
1776884609.5741026,0.0,-1.0,-41.0
1776884609.5841026,-4.0,-4.0,-45.0
1776884609.5941026,-7.0,-2.0,-49.0
1776884609.6041028,-8.0,2.0,-47.0
1776884609.6141028,-2.0,3.0,-46.0
1776884609.6241028,0.0,2.0,-39.0
1776884609.6341028,0.0,0.0,-39.0
1776884609.6441028,3.0,2.0,-41.0
1776884609.6541028,5.0,2.0,-42.0
1776884609.6641028,2.0,-4.0,-52.0
1776884609.6741028,3.0,-3.0,-53.0
1776884609.6841028,0.0,-8.0,-56.0
1776884609.6941028,0.0,-4.0,-52.0
1776884609.7041028,1.0,-4.0,-55.0
1776884609.7141027,2.0,-7.0,-57.0
1776884609.7241027,1.0,-6.0,-52.0
1776884609.7341027,2.0,-6.0,-45.0
1776884609.7441027,4.0,-4.0,-50.0
1776884609.7541027,0.0,-5.0,-54.0
1776884609.7641027,2.0,-4.0,-54.0
1776884609.7741027,2.0,-3.0,-55.0
1776884609.784103,0.0,-4.0,-56.0
1776884609.794103,-1.0,-4.0,-57.0
1776884609.804103,-8.0,-8.0,-52.0
1776884609.8141026,-7.0,-10.0,-52.0
1776884609.8241026,-7.0,-8.0,-52.0
1776884609.8341026,-7.0,-7.0,-51.0
1776884609.8441026,-4.0,-6.0,-51.0
1776884609.8541028,-3.0,-3.0,-50.0
1776884609.8641028,-4.0,-2.0,-41.0
1776884609.8741028,-6.0,-2.0,-39.0
1776884609.8841028,-4.0,-3.0,-45.0
1776884609.8941028,-5.0,-3.0,-48.0
1776884609.9041028,-5.0,-4.0,-48.0
1776884609.9141028,-4.0,0.0,-48.0
1776884609.9241028,-6.0,0.0,-48.0
1776884609.9341028,-7.0,-4.0,-47.0
1776884609.9441028,0.0,-2.0,-47.0
1776884609.9541028,0.0,0.0,-44.0
1776884609.9641027,-3.0,0.0,-56.0
1776884609.9741027,-2.0,-3.0,-59.0
1776884609.9841027,0.0,-2.0,-57.0
1776884609.9941027,-1.0,2.0,-60.0
1776884610.0041027,2.0,2.0,-56.0
1776884610.0141027,5.0,0.0,-54.0
1776884610.0241027,6.0,-1.0,-57.0
1776884610.034103,1.0,3.0,-57.0
1776884610.044103,-2.0,3.0,-56.0
1776884610.0551028,-6.0,4.0,-55.0
1776884610.0641026,-3.0,2.0,-53.0
1776884610.0741026,0.0,0.0,-51.0
1776884610.0851028,0.0,0.0,-42.0
1776884610.0951028,2.0,0.0,-43.0
1776884610.1051028,5.0,0.0,-44.0
1776884610.1151028,8.0,-4.0,-45.0
1776884610.1251028,7.0,-8.0,-47.0
1776884610.1351027,3.0,-5.0,-48.0
1776884610.1451027,0.0,-4.0,-43.0
1776884610.1551027,-3.0,-6.0,-45.0
1776884610.1651027,-2.0,-2.0,-51.0
1776884610.1751027,-2.0,0.0,-55.0
1776884610.1851027,1.0,-1.0,-56.0
1776884610.1951027,0.0,0.0,-57.0
1776884610.2051027,-2.0,0.0,-52.0
1776884610.215103,1.0,-1.0,-52.0
1776884610.225103,4.0,0.0,-54.0
1776884610.235103,4.0,0.0,-49.0
1776884610.2451026,4.0,0.0,-46.0
1776884610.2551026,2.0,2.0,-44.0
1776884610.2651026,4.0,0.0,-39.0
1776884610.2751029,2.0,-3.0,-36.0
1776884610.2851028,3.0,-4.0,-39.0
1776884610.2951028,0.0,-8.0,-46.0
1776884610.3051028,1.0,-7.0,-47.0
1776884610.3151028,1.0,-3.0,-49.0
1776884610.3251028,0.0,-3.0,-47.0
1776884610.3351028,-3.0,-3.0,-36.0
1776884610.3451028,0.0,-2.0,-38.0
1776884610.3551028,1.0,-1.0,-42.0
1776884610.3651028,2.0,-2.0,-49.0
1776884610.3751028,3.0,-1.0,-47.0
1776884610.3851027,2.0,0.0,-47.0
1776884610.3951027,0.0,-3.0,-44.0
1776884610.4051027,1.0,-3.0,-41.0
1776884610.4151027,0.0,-3.0,-42.0
1776884610.4251027,3.0,-3.0,-45.0
1776884610.4351027,3.0,0.0,-45.0
1776884610.4451027,1.0,-4.0,-43.0
1776884610.4551027,1.0,-4.0,-37.0
1776884610.465103,-2.0,-6.0,-41.0
1776884610.475103,-2.0,-7.0,-44.0
1776884610.485103,0.0,-5.0,-44.0
1776884610.4951026,-1.0,-2.0,-50.0
1776884610.5051026,-1.0,0.0,-51.0
1776884610.5151026,3.0,0.0,-46.0
1776884610.5251029,1.0,0.0,-43.0
1776884610.5351028,4.0,0.0,-44.0
1776884610.5451028,6.0,3.0,-48.0
1776884610.5551028,6.0,2.0,-50.0
1776884610.5651028,2.0,2.0,-49.0
1776884610.5751028,1.0,3.0,-47.0
1776884610.5851028,0.0,0.0,-40.0
1776884610.5951028,-4.0,-3.0,-35.0
1776884610.6051028,0.0,-5.0,-39.0
1776884610.6151028,1.0,-4.0,-39.0
1776884610.6251028,-1.0,0.0,-46.0
1776884610.6351027,-8.0,0.0,-40.0
1776884610.6451027,-7.0,1.0,-37.0
1776884610.6551027,-4.0,0.0,-45.0
1776884610.6651027,-4.0,-2.0,-43.0
1776884610.6751027,-3.0,-2.0,-50.0
1776884610.6851027,-4.0,0.0,-50.0
1776884610.6951027,-9.0,4.0,-47.0
1776884610.7051027,-4.0,5.0,-45.0
1776884610.715103,3.0,7.0,-48.0
1776884610.725103,2.0,1.0,-48.0
1776884610.735103,3.0,0.0,-47.0
1776884610.7451026,4.0,1.0,-49.0
1776884610.7551026,4.0,-1.0,-51.0
1776884610.7651026,4.0,-2.0,-51.0
1776884610.7751029,2.0,1.0,-54.0
1776884610.7851028,2.0,2.0,-56.0
1776884610.7951028,-1.0,6.0,-57.0
1776884610.8051028,-4.0,8.0,-54.0
1776884610.8151028,-1.0,3.0,-49.0
1776884610.8251028,-3.0,1.0,-47.0
1776884610.8351028,-6.0,3.0,-47.0
1776884610.8451028,-3.0,0.0,-51.0
1776884610.8551028,-5.0,-2.0,-47.0
1776884610.8651028,-1.0,-6.0,-40.0
1776884610.8751028,-1.0,-8.0,-33.0
1776884610.8851027,0.0,-5.0,-35.0
1776884610.8951027,2.0,-3.0,-42.0
1776884610.9051027,0.0,-2.0,-44.0
1776884610.9151027,1.0,-3.0,-44.0
1776884610.9251027,4.0,0.0,-39.0
1776884610.9351027,4.0,2.0,-37.0
1776884610.9451027,3.0,0.0,-31.0
1776884610.9551027,3.0,0.0,-29.0
1776884610.965103,2.0,0.0,-35.0
1776884610.975103,-1.0,-3.0,-34.0
1776884610.985103,-2.0,-4.0,-40.0
1776884610.9951026,-2.0,-2.0,-50.0
1776884611.0051026,-3.0,-1.0,-53.0
1776884611.0151026,-1.0,0.0,-56.0
1776884611.0261028,-1.0,2.0,-55.0
1776884611.0351028,0.0,7.0,-53.0
1776884611.0451028,1.0,4.0,-56.0
1776884611.0551028,1.0,0.0,-52.0
1776884611.0651028,0.0,-3.0,-52.0
1776884611.0751028,-3.0,-4.0,-50.0
1776884611.0851028,-5.0,-8.0,-50.0
1776884611.0951028,-6.0,-9.0,-47.0
1776884611.1051028,-7.0,-7.0,-49.0
1776884611.1151028,-7.0,-9.0,-44.0
1776884611.1251028,-7.0,-10.0,-40.0
1776884611.1351027,-8.0,-9.0,-40.0
1776884611.1451027,-10.0,-9.0,-47.0
1776884611.1551027,-9.0,-7.0,-44.0
1776884611.1651027,-3.0,-3.0,-48.0
1776884611.1751027,0.0,0.0,-46.0
1776884611.1851027,6.0,-1.0,-43.0
1776884611.1951027,7.0,-5.0,-46.0
1776884611.2051027,4.0,-2.0,-51.0
1776884611.215103,0.0,-2.0,-43.0
1776884611.225103,-3.0,-3.0,-42.0
1776884611.235103,-3.0,-3.0,-38.0
1776884611.2451026,-1.0,-4.0,-40.0
1776884611.2551026,2.0,-2.0,-37.0
1776884611.2651026,5.0,-3.0,-36.0
1776884611.2751029,11.0,-1.0,-38.0
1776884611.2851028,11.0,-4.0,-40.0
1776884611.2951028,7.0,-4.0,-40.0
1776884611.3051028,4.0,-3.0,-45.0
1776884611.3151028,2.0,-3.0,-43.0
1776884611.3251028,3.0,0.0,-42.0
1776884611.3351028,-1.0,0.0,-43.0
1776884611.3451028,-3.0,0.0,-46.0
1776884611.3551028,0.0,0.0,-43.0
1776884611.3651028,4.0,-1.0,-35.0
1776884611.3751028,5.0,0.0,-42.0
1776884611.3851027,5.0,1.0,-40.0
1776884611.3951027,1.0,-6.0,-38.0
1776884611.4051027,2.0,-2.0,-31.0
1776884611.4151027,-2.0,-4.0,-32.0
1776884611.4251027,-2.0,-5.0,-32.0
1776884611.4351027,0.0,-4.0,-39.0
1776884611.4451027,0.0,-2.0,-45.0
1776884611.4551027,1.0,-1.0,-47.0
1776884611.465103,1.0,-3.0,-46.0
1776884611.475103,0.0,-10.0,-49.0
1776884611.485103,0.0,-9.0,-50.0
1776884611.4951026,-4.0,-8.0,-56.0
1776884611.5051026,0.0,-7.0,-56.0
1776884611.5151026,-3.0,-4.0,-52.0
1776884611.5251029,-5.0,-5.0,-52.0
1776884611.5351028,-4.0,-6.0,-56.0
1776884611.5451028,-3.0,0.0,-44.0
1776884611.5551028,-2.0,-6.0,-42.0
1776884611.5651028,3.0,-8.0,-43.0
1776884611.5751028,-2.0,-8.0,-44.0
1776884611.5851028,-1.0,-7.0,-43.0
1776884611.5951028,3.0,-8.0,-44.0
1776884611.6051028,4.0,-7.0,-39.0
1776884611.6151028,2.0,-8.0,-39.0
1776884611.6251028,2.0,-12.0,-44.0
1776884611.6351027,0.0,-14.0,-44.0
1776884611.6451027,1.0,-13.0,-51.0
1776884611.6551027,1.0,-11.0,-50.0
1776884611.6651027,2.0,-7.0,-48.0
1776884611.6751027,4.0,-5.0,-44.0
1776884611.6851027,4.0,-5.0,-48.0
1776884611.6951027,3.0,-8.0,-53.0
1776884611.7051027,-2.0,-8.0,-55.0
1776884611.715103,1.0,-6.0,-52.0
1776884611.725103,2.0,-5.0,-49.0
1776884611.735103,3.0,-8.0,-50.0
1776884611.7451026,-1.0,-7.0,-49.0
1776884611.7551026,-6.0,-5.0,-54.0
1776884611.7651026,-7.0,-9.0,-55.0
1776884611.7751029,-3.0,-6.0,-50.0
1776884611.7851028,-2.0,-2.0,-51.0
1776884611.7951028,1.0,1.0,-50.0
1776884611.8051028,2.0,0.0,-47.0
1776884611.8151028,3.0,-5.0,-50.0
1776884611.8251028,0.0,-2.0,-43.0
1776884611.8351028,1.0,0.0,-46.0
1776884611.8451028,0.0,-1.0,-49.0
1776884611.8551028,1.0,-6.0,-46.0
1776884611.8651028,-3.0,-5.0,-47.0
1776884611.8751028,-4.0,-7.0,-46.0
1776884611.8851027,-1.0,-5.0,-46.0
1776884611.8951027,4.0,-3.0,-45.0
1776884611.9051027,11.0,-3.0,-45.0
1776884611.9151027,10.0,-6.0,-52.0
1776884611.9251027,10.0,-1.0,-50.0
1776884611.9351027,8.0,-2.0,-53.0
1776884611.9451027,6.0,-3.0,-46.0
1776884611.9551027,4.0,-6.0,-44.0
1776884611.965103,2.0,-4.0,-45.0
1776884611.975103,5.0,-5.0,-42.0
1776884611.985103,2.0,-3.0,-44.0
1776884611.9951026,2.0,-8.0,-47.0
1776884612.0051026,3.0,-10.0,-50.0
1776884612.0151026,1.0,-5.0,-43.0
1776884612.0251029,3.0,-4.0,-45.0
1776884612.0361028,0.0,-4.0,-51.0
1776884612.0461028,0.0,-4.0,-50.0
1776884612.0561028,-1.0,-6.0,-50.0
1776884612.0661027,0.0,-8.0,-52.0
1776884612.0761027,1.0,-8.0,-55.0
1776884612.0861027,-1.0,-7.0,-56.0
1776884612.0961027,-5.0,-6.0,-52.0
1776884612.1061027,-4.0,-6.0,-51.0
1776884612.1161027,-2.0,-4.0,-49.0
1776884612.1261027,-3.0,-5.0,-56.0
1776884612.136103,-1.0,-5.0,-56.0
1776884612.146103,1.0,-5.0,-61.0
1776884612.156103,1.0,-6.0,-58.0
1776884612.1661026,3.0,-1.0,-56.0
1776884612.1761026,4.0,-3.0,-48.0
1776884612.1861026,3.0,-7.0,-45.0
1776884612.1961029,4.0,-5.0,-43.0
1776884612.2061028,0.0,-6.0,-33.0
1776884612.2161028,-2.0,-5.0,-39.0
1776884612.2261028,-2.0,-5.0,-42.0
1776884612.2361028,0.0,-7.0,-51.0
1776884612.2461028,1.0,-7.0,-45.0
1776884612.2561028,-2.0,-9.0,-48.0
1776884612.2661028,-2.0,-7.0,-44.0
1776884612.2761028,-4.0,-6.0,-40.0
1776884612.2861028,-2.0,-8.0,-43.0
1776884612.2961028,-3.0,-1.0,-41.0
1776884612.3061028,-3.0,-1.0,-48.0
1776884612.3161027,-1.0,-3.0,-45.0
1776884612.3261027,-3.0,-7.0,-39.0
1776884612.3361027,-1.0,-8.0,-42.0
1776884612.3461027,-2.0,-9.0,-44.0
1776884612.3561027,0.0,-5.0,-44.0
1776884612.3661027,-1.0,-6.0,-46.0
1776884612.3761027,-1.0,-4.0,-42.0
1776884612.386103,-3.0,-5.0,-43.0
1776884612.396103,-2.0,-4.0,-44.0
1776884612.406103,-3.0,-5.0,-46.0
1776884612.4161026,-2.0,-4.0,-45.0
1776884612.4261026,-4.0,-6.0,-42.0
1776884612.4361026,-5.0,-3.0,-42.0
1776884612.4461029,-2.0,-5.0,-51.0
1776884612.4561028,1.0,-6.0,-49.0
1776884612.4661028,-2.0,-8.0,-41.0
1776884612.4761028,-2.0,-5.0,-39.0
1776884612.4861028,1.0,-2.0,-40.0
1776884612.4961028,4.0,-5.0,-41.0
1776884612.5061028,6.0,-6.0,-43.0
1776884612.5161028,7.0,-6.0,-44.0
1776884612.5261028,2.0,-2.0,-41.0
1776884612.5361028,0.0,-1.0,-49.0
1776884612.5461028,6.0,1.0,-43.0
1776884612.5561028,6.0,1.0,-47.0
1776884612.5661027,6.0,-3.0,-46.0
1776884612.5761027,2.0,-6.0,-48.0
1776884612.5861027,-2.0,-2.0,-51.0
1776884612.5961027,-5.0,0.0,-51.0
1776884612.6061027,-5.0,-1.0,-51.0
1776884612.6161027,-1.0,-2.0,-52.0
1776884612.6261027,-3.0,-2.0,-48.0
1776884612.636103,-1.0,-5.0,-52.0
1776884612.646103,1.0,-5.0,-45.0
1776884612.656103,1.0,0.0,-44.0
1776884612.6661026,0.0,2.0,-48.0
1776884612.6761026,-6.0,0.0,-53.0
1776884612.6861026,-1.0,-1.0,-57.0
1776884612.6961029,1.0,-4.0,-52.0
1776884612.7061028,-1.0,-7.0,-54.0
1776884612.7161028,-3.0,-5.0,-58.0
1776884612.7261028,-2.0,-6.0,-60.0
1776884612.7361028,-1.0,-6.0,-55.0
1776884612.7461028,0.0,-6.0,-58.0
1776884612.7561028,1.0,-7.0,-58.0
1776884612.7671027,-1.0,-4.0,-51.0
1776884612.7761028,0.0,-5.0,-51.0
1776884612.7861028,-1.0,-7.0,-50.0
1776884612.7961028,-5.0,-6.0,-53.0
1776884612.8061028,-2.0,-10.0,-54.0
1776884612.8161027,-3.0,-10.0,-53.0
1776884612.8261027,0.0,-10.0,-45.0
1776884612.8361027,7.0,-8.0,-41.0
1776884612.8461027,6.0,-8.0,-38.0
1776884612.8561027,1.0,-8.0,-38.0
1776884612.8661027,6.0,-10.0,-38.0
1776884612.8761027,3.0,-12.0,-36.0
1776884612.886103,0.0,-8.0,-37.0
1776884612.896103,1.0,-3.0,-42.0
1776884612.906103,3.0,1.0,-44.0
1776884612.9161026,2.0,1.0,-31.0
1776884612.9261026,0.0,1.0,-34.0
1776884612.9361026,-1.0,0.0,-36.0
1776884612.9461029,-3.0,-2.0,-45.0
1776884612.9561028,0.0,-1.0,-43.0
1776884612.9661028,1.0,-2.0,-48.0
1776884612.9761028,3.0,0.0,-57.0
1776884612.9861028,0.0,-4.0,-60.0
1776884612.9961028,-5.0,-5.0,-53.0
1776884613.0061028,0.0,-1.0,-57.0
1776884613.0161028,2.0,-3.0,-60.0
1776884613.0261028,-1.0,-4.0,-50.0
1776884613.0361028,-1.0,-5.0,-47.0
1776884613.0461028,1.0,-1.0,-43.0
1776884613.0561028,1.0,-2.0,-44.0
1776884613.0661027,3.0,-3.0,-47.0
1776884613.0761027,2.0,-1.0,-48.0
1776884613.0861027,-3.0,-4.0,-51.0
1776884613.0961027,-4.0,-1.0,-59.0
1776884613.1061027,-4.0,-3.0,-59.0
1776884613.1161027,-6.0,-5.0,-55.0
1776884613.1261027,-4.0,-4.0,-47.0
1776884613.136103,-2.0,-6.0,-46.0
1776884613.146103,0.0,-7.0,-50.0
1776884613.156103,0.0,-6.0,-51.0
1776884613.1661026,-2.0,-4.0,-50.0
1776884613.1761026,-5.0,-1.0,-44.0
1776884613.1861026,-6.0,-1.0,-42.0
1776884613.1961029,-2.0,-3.0,-46.0
1776884613.2061028,-2.0,-3.0,-52.0
1776884613.2161028,1.0,-2.0,-53.0
1776884613.2261028,3.0,-4.0,-44.0
1776884613.2361028,-1.0,-5.0,-38.0
1776884613.2461028,0.0,-4.0,-36.0
1776884613.2561028,-4.0,0.0,-35.0
1776884613.2661028,-2.0,0.0,-39.0
1776884613.2761028,-2.0,1.0,-39.0
1776884613.2861028,0.0,-3.0,-30.0
1776884613.2961028,-1.0,-4.0,-38.0
1776884613.3061028,1.0,-3.0,-47.0
1776884613.3161027,1.0,-1.0,-47.0
1776884613.3261027,0.0,0.0,-52.0
1776884613.3361027,-3.0,3.0,-59.0
1776884613.3461027,-5.0,2.0,-59.0
1776884613.3561027,-5.0,1.0,-52.0
1776884613.3661027,-4.0,0.0,-51.0
1776884613.3761027,-7.0,0.0,-49.0
1776884613.386103,-6.0,-1.0,-46.0
1776884613.396103,-8.0,1.0,-42.0
1776884613.406103,-7.0,2.0,-38.0
1776884613.4161026,-7.0,4.0,-36.0
1776884613.4261026,-7.0,4.0,-32.0
1776884613.4361026,-7.0,4.0,-34.0
1776884613.4461029,0.0,5.0,-41.0
1776884613.4561028,5.0,2.0,-42.0
1776884613.4661028,5.0,4.0,-42.0
1776884613.4761028,0.0,4.0,-50.0
1776884613.4861028,2.0,2.0,-38.0
1776884613.4961028,4.0,1.0,-33.0
1776884613.5061028,1.0,0.0,-34.0
1776884613.5161028,-3.0,-8.0,-35.0
1776884613.5261028,-3.0,-8.0,-38.0
1776884613.5361028,-1.0,-6.0,-35.0
1776884613.5461028,-2.0,-6.0,-37.0
1776884613.5561028,-1.0,-5.0,-40.0
1776884613.5661027,4.0,-5.0,-41.0
1776884613.5761027,7.0,-4.0,-52.0
1776884613.5861027,3.0,-5.0,-50.0
1776884613.5961027,2.0,0.0,-48.0
1776884613.6061027,2.0,2.0,-43.0
1776884613.6161027,2.0,1.0,-45.0
1776884613.6261027,2.0,4.0,-50.0
1776884613.636103,-1.0,5.0,-54.0
1776884613.646103,0.0,0.0,-55.0
1776884613.656103,-1.0,0.0,-47.0
1776884613.6661026,1.0,0.0,-47.0
1776884613.6761026,6.0,-4.0,-51.0
1776884613.6861026,5.0,-7.0,-48.0
1776884613.6961029,5.0,-8.0,-49.0
1776884613.7061028,6.0,-7.0,-52.0
1776884613.7161028,4.0,-11.0,-53.0
1776884613.7261028,6.0,-11.0,-49.0
1776884613.7361028,6.0,-11.0,-42.0
1776884613.7461028,1.0,-10.0,-40.0
1776884613.7561028,0.0,-10.0,-47.0
1776884613.7661028,1.0,-5.0,-54.0
1776884613.7761028,-2.0,-7.0,-55.0
1776884613.7861028,-3.0,-6.0,-59.0
1776884613.7961028,-4.0,-4.0,-53.0
1776884613.8061028,-4.0,1.0,-51.0
1776884613.8161027,-1.0,0.0,-50.0
1776884613.8261027,0.0,-2.0,-53.0
1776884613.8361027,0.0,-2.0,-46.0
1776884613.8461027,-1.0,0.0,-49.0
1776884613.8561027,0.0,-1.0,-53.0
1776884613.8661027,0.0,-4.0,-53.0
1776884613.8761027,-1.0,0.0,-50.0
1776884613.886103,0.0,-3.0,-57.0
1776884613.896103,0.0,-4.0,-51.0
1776884613.906103,-3.0,-2.0,-44.0
1776884613.9161026,-1.0,-1.0,-41.0
1776884613.9261026,0.0,0.0,-44.0
1776884613.9361026,1.0,-2.0,-46.0
1776884613.9461029,0.0,-2.0,-46.0
1776884613.9561028,-3.0,0.0,-43.0
1776884613.9661028,-2.0,-6.0,-42.0
1776884613.9761028,0.0,-9.0,-37.0
1776884613.9871027,2.0,-10.0,-41.0
1776884613.9971027,4.0,-9.0,-42.0
1776884614.0071027,0.0,-8.0,-44.0
1776884614.0171027,-3.0,-6.0,-45.0
1776884614.0271027,-6.0,-4.0,-42.0
1776884614.0371027,-4.0,-1.0,-53.0
1776884614.0471027,0.0,-7.0,-45.0
1776884614.057103,0.0,-7.0,-44.0
1776884614.067103,-2.0,-9.0,-41.0
1776884614.077103,-3.0,-8.0,-52.0
1776884614.087103,-8.0,-8.0,-52.0
1776884614.0971026,-7.0,-7.0,-48.0
1776884614.1071026,-6.0,-6.0,-47.0
1776884614.1171026,-4.0,-4.0,-46.0
1776884614.1271029,0.0,-4.0,-51.0
1776884614.1371028,-3.0,-6.0,-54.0
1776884614.1471028,-5.0,-5.0,-52.0
1776884614.1571028,-4.0,-5.0,-47.0
1776884614.1671028,-3.0,-1.0,-45.0
1776884614.1771028,-2.0,-3.0,-51.0
1776884614.1871028,-5.0,0.0,-54.0
1776884614.1971028,-6.0,-2.0,-51.0
1776884614.2071028,-4.0,-6.0,-46.0
1776884614.2171028,-1.0,-4.0,-48.0
1776884614.2271028,0.0,-6.0,-48.0
1776884614.2371027,-3.0,-6.0,-41.0
1776884614.2471027,-4.0,-6.0,-38.0
1776884614.2571027,-3.0,-9.0,-38.0
1776884614.2671027,-4.0,-4.0,-40.0
1776884614.2771027,-6.0,-9.0,-39.0
1776884614.2871027,-4.0,-8.0,-47.0
1776884614.2971027,-6.0,-7.0,-47.0
1776884614.307103,-5.0,-9.0,-51.0
1776884614.317103,-4.0,-9.0,-37.0
1776884614.327103,-4.0,-11.0,-32.0
1776884614.337103,-1.0,-7.0,-37.0
1776884614.3471026,-1.0,-5.0,-40.0
1776884614.3571026,-3.0,-4.0,-45.0
1776884614.3671026,-2.0,-7.0,-50.0
1776884614.3771029,-5.0,-5.0,-51.0
1776884614.3871028,0.0,-5.0,-46.0
1776884614.3971028,-4.0,-5.0,-49.0
1776884614.4071028,-7.0,-6.0,-46.0
1776884614.4171028,-6.0,-1.0,-45.0
1776884614.4271028,-3.0,-4.0,-47.0
1776884614.4371028,1.0,-5.0,-44.0
1776884614.4471028,5.0,-8.0,-49.0
1776884614.4571028,2.0,-6.0,-45.0
1776884614.4671028,4.0,0.0,-32.0
1776884614.4771028,5.0,-2.0,-32.0
1776884614.4871027,6.0,-3.0,-32.0
1776884614.4971027,7.0,-4.0,-35.0
1776884614.5071027,5.0,-3.0,-36.0
1776884614.5171027,3.0,-4.0,-35.0
1776884614.5271027,3.0,-2.0,-40.0
1776884614.5371027,0.0,-3.0,-42.0
1776884614.5471027,3.0,-5.0,-42.0
1776884614.557103,7.0,-6.0,-43.0
1776884614.567103,7.0,-9.0,-47.0
1776884614.577103,5.0,-9.0,-49.0
1776884614.587103,0.0,-8.0,-49.0
1776884614.5971026,2.0,-9.0,-48.0
1776884614.6071026,5.0,-11.0,-47.0
1776884614.6171026,8.0,-11.0,-49.0
1776884614.6271029,8.0,-14.0,-41.0
1776884614.6371028,5.0,-15.0,-43.0
1776884614.6471028,5.0,-15.0,-41.0
1776884614.6571028,10.0,-15.0,-44.0
1776884614.6671028,8.0,-9.0,-54.0
1776884614.6771028,4.0,-5.0,-51.0
1776884614.6871028,2.0,-4.0,-52.0
1776884614.6971028,0.0,-1.0,-48.0
1776884614.7071028,-2.0,-2.0,-48.0
1776884614.7171028,0.0,-1.0,-45.0
1776884614.7271028,0.0,-1.0,-49.0
1776884614.7371027,0.0,0.0,-47.0
1776884614.7471027,-1.0,4.0,-45.0
1776884614.7571027,-5.0,1.0,-45.0
1776884614.7671027,0.0,0.0,-45.0
1776884614.7771027,-1.0,-1.0,-43.0
1776884614.7871027,-3.0,2.0,-42.0
1776884614.7971027,-5.0,2.0,-34.0
1776884614.807103,-2.0,0.0,-44.0
1776884614.817103,0.0,-7.0,-41.0
1776884614.827103,0.0,-4.0,-34.0
1776884614.837103,1.0,-1.0,-31.0
1776884614.8471026,2.0,1.0,-33.0
1776884614.8571026,0.0,0.0,-36.0
1776884614.8671026,-1.0,-1.0,-36.0
1776884614.8771029,1.0,-2.0,-38.0
1776884614.8871028,1.0,-5.0,-42.0
1776884614.8971028,0.0,-7.0,-40.0
1776884614.9071028,4.0,-6.0,-45.0
1776884614.9171028,5.0,-3.0,-48.0
1776884614.9271028,8.0,-4.0,-53.0
1776884614.9371028,8.0,-1.0,-54.0
1776884614.9471028,12.0,-4.0,-53.0
1776884614.9571028,14.0,-3.0,-54.0
1776884614.9671028,12.0,-3.0,-50.0
1776884614.9771028,8.0,2.0,-49.0
1776884614.9871027,0.0,0.0,-53.0
1776884614.9971027,0.0,0.0,-47.0
1776884615.0071027,-8.0,1.0,-50.0
1776884615.0171027,-3.0,0.0,-50.0
1776884615.0271027,-5.0,0.0,-53.0
1776884615.0371027,-11.0,0.0,-45.0
1776884615.0471027,-11.0,-1.0,-43.0
1776884615.057103,-9.0,-1.0,-39.0
1776884615.067103,-6.0,0.0,-42.0
1776884615.077103,1.0,0.0,-46.0
1776884615.087103,0.0,2.0,-44.0
1776884615.0971026,2.0,4.0,-42.0
1776884615.1071026,0.0,4.0,-37.0
1776884615.1171026,1.0,-3.0,-33.0
1776884615.1271029,0.0,-1.0,-36.0
1776884615.1371028,2.0,-2.0,-43.0
1776884615.1471028,1.0,-1.0,-44.0
1776884615.1571028,0.0,-2.0,-46.0
1776884615.1671028,6.0,0.0,-47.0
1776884615.1771028,5.0,0.0,-46.0
1776884615.1871028,6.0,0.0,-42.0
1776884615.1971028,12.0,0.0,-38.0
1776884615.2071028,13.0,-1.0,-50.0
1776884615.2171028,10.0,-4.0,-49.0
1776884615.2271028,8.0,-4.0,-49.0
1776884615.2371027,12.0,-5.0,-49.0
1776884615.2471027,4.0,-4.0,-48.0
1776884615.2571027,3.0,-1.0,-45.0
1776884615.2671027,6.0,0.0,-48.0
1776884615.2771027,1.0,0.0,-38.0
1776884615.2871027,0.0,2.0,-35.0
1776884615.2971027,-2.0,4.0,-34.0
1776884615.307103,-5.0,4.0,-43.0
1776884615.317103,-4.0,0.0,-42.0
1776884615.327103,0.0,0.0,-44.0
1776884615.337103,-5.0,1.0,-47.0
1776884615.3471026,-9.0,-1.0,-47.0
1776884615.3571026,-7.0,-1.0,-41.0
1776884615.3671026,-7.0,-3.0,-37.0
1776884615.3771029,-2.0,-3.0,-36.0
1776884615.3871028,-1.0,-1.0,-35.0
1776884615.3971028,5.0,0.0,-38.0
1776884615.4071028,0.0,3.0,-43.0
1776884615.4171028,2.0,2.0,-45.0
1776884615.4271028,0.0,2.0,-40.0
1776884615.4371028,2.0,1.0,-45.0
1776884615.4471028,6.0,0.0,-45.0
1776884615.4571028,1.0,0.0,-46.0
1776884615.4671028,3.0,0.0,-50.0
1776884615.4771028,-3.0,4.0,-52.0
1776884615.4871027,-9.0,0.0,-42.0
1776884615.4971027,-9.0,2.0,-41.0
1776884615.5071027,-6.0,2.0,-43.0
1776884615.5171027,0.0,0.0,-50.0
1776884615.5271027,2.0,-2.0,-49.0
1776884615.5371027,1.0,-3.0,-45.0
1776884615.5471027,3.0,-4.0,-47.0
1776884615.557103,1.0,-7.0,-44.0
1776884615.567103,-4.0,-2.0,-40.0
1776884615.577103,-3.0,0.0,-40.0
1776884615.587103,-9.0,0.0,-44.0
1776884615.5971026,-5.0,0.0,-37.0
1776884615.6071026,-6.0,0.0,-36.0
1776884615.6171026,-1.0,-1.0,-41.0
1776884615.6271029,3.0,-3.0,-42.0
1776884615.6371028,4.0,-3.0,-30.0
1776884615.6471028,4.0,-5.0,-28.0
1776884615.6571028,4.0,-5.0,-27.0
1776884615.6671028,6.0,-4.0,-36.0
1776884615.6771028,9.0,-3.0,-41.0
1776884615.6871028,9.0,0.0,-41.0
1776884615.6971028,13.0,4.0,-43.0
1776884615.7071028,9.0,8.0,-38.0
1776884615.7171028,3.0,4.0,-40.0
1776884615.7271028,3.0,-1.0,-47.0
1776884615.7371027,0.0,0.0,-40.0
1776884615.7471027,-2.0,0.0,-43.0
1776884615.7571027,-3.0,-1.0,-38.0
1776884615.7671027,0.0,-4.0,-37.0
1776884615.7771027,0.0,0.0,-37.0
1776884615.7871027,2.0,-2.0,-33.0
1776884615.7971027,3.0,-3.0,-36.0
1776884615.807103,0.0,-5.0,-44.0
1776884615.817103,0.0,-6.0,-49.0
1776884615.827103,0.0,-6.0,-48.0
1776884615.837103,2.0,-3.0,-55.0
1776884615.8471026,0.0,-2.0,-57.0
1776884615.8571026,-3.0,-1.0,-56.0
1776884615.8671026,-2.0,-4.0,-53.0
1776884615.8771029,-3.0,0.0,-48.0
1776884615.8871028,-1.0,1.0,-47.0
1776884615.8971028,0.0,2.0,-45.0
1776884615.9071028,0.0,4.0,-41.0
1776884615.9171028,0.0,2.0,-42.0
1776884615.9271028,0.0,1.0,-42.0
1776884615.9371028,3.0,-1.0,-41.0
1776884615.9471028,0.0,0.0,-42.0
1776884615.9571028,0.0,-2.0,-52.0
1776884615.9671028,1.0,0.0,-49.0
1776884615.9781027,2.0,4.0,-48.0
1776884615.988103,0.0,4.0,-44.0
1776884615.998103,0.0,2.0,-41.0
1776884616.008103,-2.0,5.0,-40.0
1776884616.0181026,-4.0,2.0,-35.0
1776884616.0281026,-4.0,0.0,-38.0
1776884616.0381026,-3.0,-5.0,-42.0
1776884616.0471027,0.0,0.0,-42.0
1776884616.0581028,-3.0,6.0,-41.0
1776884616.0681028,0.0,4.0,-37.0
1776884616.0781028,-3.0,1.0,-36.0
1776884616.0881028,0.0,-1.0,-34.0
1776884616.0981028,-3.0,2.0,-37.0
1776884616.1081028,-2.0,0.0,-36.0
1776884616.1181028,-1.0,-2.0,-34.0
1776884616.1281028,-3.0,-5.0,-31.0
1776884616.1381028,-1.0,-1.0,-31.0
1776884616.1481028,-3.0,0.0,-36.0
1776884616.1581028,-3.0,2.0,-43.0
1776884616.1681027,-2.0,0.0,-47.0
1776884616.1781027,-5.0,0.0,-44.0
1776884616.1881027,-5.0,0.0,-43.0
1776884616.1981027,-1.0,-1.0,-50.0
1776884616.2081027,-4.0,1.0,-49.0
1776884616.2181027,-2.0,4.0,-44.0
1776884616.2281027,-1.0,4.0,-33.0
1776884616.238103,-1.0,1.0,-42.0
1776884616.248103,-1.0,-3.0,-42.0
1776884616.258103,0.0,-4.0,-51.0
1776884616.2681026,1.0,-3.0,-48.0
1776884616.2781026,1.0,-1.0,-48.0
1776884616.2881026,2.0,0.0,-48.0
1776884616.2981029,-1.0,0.0,-48.0
1776884616.3081028,-3.0,-1.0,-40.0
1776884616.3181028,-5.0,-2.0,-38.0
1776884616.3281028,-2.0,0.0,-46.0
1776884616.3381028,-1.0,0.0,-50.0
1776884616.3481028,0.0,-1.0,-57.0
1776884616.3581028,-1.0,-2.0,-57.0
1776884616.3681028,-2.0,-4.0,-59.0
1776884616.3781028,0.0,-6.0,-57.0
1776884616.3881028,1.0,-6.0,-47.0
1776884616.3981028,1.0,-3.0,-42.0
1776884616.4081028,0.0,-3.0,-45.0
1776884616.4181027,0.0,-5.0,-44.0
1776884616.4281027,0.0,-8.0,-35.0
1776884616.4381027,2.0,-7.0,-38.0
1776884616.4481027,4.0,-8.0,-42.0
1776884616.4581027,3.0,-5.0,-38.0
1776884616.4681027,0.0,-2.0,-44.0
1776884616.4781027,-1.0,0.0,-45.0
1776884616.488103,3.0,2.0,-42.0
1776884616.498103,5.0,0.0,-37.0
1776884616.508103,0.0,-1.0,-36.0
1776884616.5181026,1.0,-4.0,-34.0
1776884616.5281026,0.0,-8.0,-36.0
1776884616.5381026,2.0,-6.0,-42.0
1776884616.5481029,0.0,-4.0,-48.0
1776884616.5581028,-3.0,-2.0,-49.0
1776884616.5681028,0.0,-5.0,-49.0
1776884616.5781028,6.0,-1.0,-48.0
1776884616.5881028,6.0,4.0,-41.0
1776884616.5981028,8.0,0.0,-42.0
1776884616.6081028,4.0,0.0,-45.0
1776884616.6181028,3.0,-5.0,-48.0
1776884616.6281028,4.0,-4.0,-43.0
1776884616.6381028,2.0,-1.0,-41.0
1776884616.6481028,2.0,-2.0,-43.0
1776884616.6581028,1.0,-2.0,-45.0
1776884616.6681027,-2.0,-3.0,-44.0
1776884616.6781027,-5.0,2.0,-43.0
1776884616.6881027,-4.0,0.0,-33.0
1776884616.6981027,3.0,2.0,-33.0
1776884616.7081027,5.0,3.0,-35.0
1776884616.7181027,6.0,2.0,-37.0
1776884616.7281027,8.0,4.0,-37.0
1776884616.738103,7.0,0.0,-36.0
1776884616.748103,5.0,2.0,-39.0
1776884616.758103,1.0,3.0,-39.0
1776884616.7681026,-3.0,0.0,-44.0
1776884616.7781026,-7.0,0.0,-38.0
1776884616.7881026,-3.0,0.0,-39.0
1776884616.7981029,0.0,1.0,-46.0
1776884616.8081028,2.0,-1.0,-43.0
1776884616.8181028,-3.0,-2.0,-45.0
1776884616.8281028,-1.0,-3.0,-43.0
1776884616.8381028,-5.0,-1.0,-42.0
1776884616.8481028,-1.0,-2.0,-46.0
1776884616.8581028,-3.0,1.0,-47.0
1776884616.8681028,-3.0,2.0,-49.0
1776884616.8781028,-4.0,2.0,-45.0
1776884616.8881028,1.0,0.0,-42.0
1776884616.8981028,0.0,-7.0,-43.0
1776884616.9081028,-2.0,-7.0,-40.0
1776884616.9181027,-6.0,-7.0,-46.0
1776884616.9281027,-5.0,-10.0,-46.0
1776884616.9381027,-5.0,-6.0,-46.0
1776884616.9481027,-9.0,-8.0,-54.0
1776884616.9581027,-5.0,-11.0,-56.0
1776884616.9681027,-3.0,-9.0,-54.0
1776884616.9781027,-3.0,-8.0,-50.0
1776884616.988103,-1.0,-2.0,-47.0
1776884616.998103,-1.0,-1.0,-50.0
1776884617.008103,0.0,0.0,-47.0
1776884617.0181026,3.0,-1.0,-47.0
1776884617.0281026,5.0,0.0,-43.0
1776884617.0381026,4.0,0.0,-42.0
1776884617.0481029,0.0,-1.0,-37.0
1776884617.0581028,-4.0,0.0,-36.0
1776884617.0681028,-9.0,-4.0,-37.0
1776884617.0781028,-12.0,-2.0,-38.0
1776884617.0881028,-12.0,-4.0,-41.0
1776884617.0981028,-5.0,-3.0,-41.0
1776884617.1081028,-1.0,-2.0,-47.0
1776884617.1181028,-1.0,-3.0,-51.0
1776884617.1281028,2.0,-3.0,-50.0
1776884617.1381028,0.0,1.0,-54.0
1776884617.1481028,1.0,2.0,-45.0
1776884617.1581028,-1.0,3.0,-43.0
1776884617.1681027,-2.0,1.0,-47.0
1776884617.1781027,-1.0,0.0,-47.0
1776884617.1881027,-4.0,-1.0,-48.0
1776884617.1981027,-6.0,0.0,-53.0
1776884617.2081027,-3.0,-6.0,-50.0
1776884617.2181027,-6.0,-7.0,-49.0
1776884617.2281027,-3.0,-7.0,-45.0
1776884617.238103,-1.0,-4.0,-43.0
1776884617.248103,1.0,-4.0,-42.0
1776884617.258103,4.0,-4.0,-46.0
1776884617.2681026,4.0,-5.0,-46.0
1776884617.2781026,1.0,-5.0,-55.0
1776884617.2881026,0.0,-3.0,-58.0
1776884617.2981029,0.0,-4.0,-59.0
1776884617.3081028,0.0,-2.0,-58.0
1776884617.3181028,0.0,-3.0,-55.0
1776884617.3281028,-1.0,-2.0,-58.0
1776884617.3381028,0.0,0.0,-56.0
1776884617.3481028,0.0,-4.0,-55.0
1776884617.3581028,0.0,-1.0,-58.0
1776884617.3681028,1.0,0.0,-62.0
1776884617.3781028,-3.0,0.0,-54.0
1776884617.3881028,0.0,1.0,-51.0
1776884617.3981028,0.0,4.0,-49.0
1776884617.4081028,-1.0,4.0,-54.0
1776884617.4181027,-1.0,4.0,-53.0
1776884617.4281027,-1.0,0.0,-50.0
1776884617.4381027,1.0,-2.0,-44.0
1776884617.4481027,3.0,-6.0,-48.0
1776884617.4581027,7.0,-7.0,-49.0
1776884617.4681027,3.0,-4.0,-47.0
1776884617.4781027,3.0,2.0,-53.0
1776884617.488103,2.0,0.0,-56.0
1776884617.498103,1.0,-3.0,-57.0
1776884617.508103,0.0,-3.0,-53.0
1776884617.5181026,0.0,0.0,-51.0
1776884617.5281026,1.0,1.0,-53.0
1776884617.5381026,-2.0,3.0,-49.0
1776884617.5481029,-2.0,6.0,-52.0
1776884617.5581028,-6.0,3.0,-54.0
1776884617.5681028,-5.0,1.0,-54.0
1776884617.5781028,-4.0,0.0,-53.0
1776884617.5881028,-3.0,4.0,-45.0
1776884617.5981028,1.0,5.0,-40.0
1776884617.6081028,0.0,2.0,-36.0
1776884617.6181028,2.0,-1.0,-40.0
1776884617.6281028,1.0,-1.0,-46.0
1776884617.6381028,0.0,-1.0,-44.0
1776884617.6481028,-3.0,-2.0,-46.0
1776884617.6581028,-2.0,-4.0,-44.0
1776884617.6681027,-1.0,-2.0,-43.0
1776884617.6781027,-2.0,-2.0,-45.0
1776884617.6881027,-1.0,-2.0,-48.0
1776884617.6981027,-2.0,-4.0,-43.0
1776884617.7081027,0.0,-5.0,-48.0
1776884617.7181027,3.0,-6.0,-51.0
1776884617.7281027,3.0,-1.0,-50.0
1776884617.738103,0.0,4.0,-46.0
1776884617.748103,2.0,5.0,-41.0
1776884617.758103,-1.0,6.0,-39.0
1776884617.7681026,-2.0,2.0,-39.0
1776884617.7781026,-7.0,4.0,-37.0
1776884617.7881026,-10.0,3.0,-43.0
1776884617.7981029,-13.0,1.0,-43.0
1776884617.8081028,-6.0,-3.0,-44.0
1776884617.8181028,-3.0,-9.0,-45.0
1776884617.8281028,1.0,-5.0,-49.0
1776884617.8381028,-1.0,-7.0,-49.0
1776884617.8481028,-1.0,-6.0,-51.0
1776884617.8581028,0.0,-3.0,-50.0
1776884617.8681028,2.0,-7.0,-47.0
1776884617.8781028,0.0,-9.0,-45.0
1776884617.8881028,-4.0,-7.0,-44.0
1776884617.8981028,-2.0,-6.0,-42.0
1776884617.9081028,0.0,-3.0,-41.0
1776884617.919103,5.0,-5.0,-53.0
1776884617.929103,4.0,-4.0,-53.0
1776884617.9391026,4.0,-4.0,-58.0
1776884617.9491026,4.0,-3.0,-62.0
1776884617.9591026,0.0,-5.0,-63.0
1776884617.9691026,-1.0,-4.0,-59.0
1776884617.9791028,0.0,-1.0,-49.0
1776884617.9891028,4.0,0.0,-48.0
1776884617.9991028,2.0,-1.0,-51.0
1776884618.0091028,0.0,-2.0,-56.0
1776884618.0191028,-4.0,-1.0,-50.0
1776884618.0291028,-4.0,-3.0,-52.0
1776884618.0391028,-2.0,-2.0,-55.0
1776884618.0491028,0.0,-2.0,-52.0
1776884618.0591028,-2.0,0.0,-44.0
1776884618.0691028,0.0,-5.0,-48.0
1776884618.0791028,0.0,-4.0,-48.0
1776884618.0891027,-1.0,-2.0,-55.0
1776884618.0991027,1.0,-2.0,-58.0
1776884618.1091027,6.0,-4.0,-60.0
1776884618.1191027,8.0,-3.0,-58.0
1776884618.1291027,7.0,-6.0,-55.0
1776884618.1391027,8.0,-3.0,-57.0
1776884618.1491027,7.0,-7.0,-42.0
1776884618.159103,7.0,-4.0,-41.0
1776884618.169103,8.0,-3.0,-38.0
1776884618.179103,0.0,-5.0,-34.0
1776884618.1891026,0.0,-4.0,-30.0
1776884618.1991026,3.0,-1.0,-34.0
1776884618.2091026,10.0,-4.0,-35.0
1776884618.2191026,8.0,-9.0,-38.0
1776884618.2291028,3.0,-5.0,-39.0
1776884618.2391028,4.0,-5.0,-43.0
1776884618.2491028,2.0,-5.0,-41.0
1776884618.2591028,3.0,-4.0,-38.0
1776884618.2691028,3.0,-6.0,-36.0
1776884618.2791028,4.0,-2.0,-44.0
1776884618.2891028,4.0,-1.0,-48.0
1776884618.2991028,10.0,-5.0,-50.0
1776884618.3091028,11.0,-6.0,-47.0
1776884618.3191028,9.0,-4.0,-45.0
1776884618.3291028,1.0,-4.0,-43.0
1776884618.3391027,0.0,-4.0,-39.0
1776884618.3491027,0.0,-4.0,-43.0
1776884618.3591027,0.0,-2.0,-44.0
1776884618.3691027,-3.0,0.0,-43.0
1776884618.3791027,-2.0,1.0,-38.0
1776884618.3891027,2.0,1.0,-39.0
1776884618.3991027,4.0,0.0,-34.0
1776884618.409103,1.0,0.0,-35.0
1776884618.419103,0.0,-1.0,-35.0
1776884618.429103,0.0,-1.0,-36.0
1776884618.4391026,3.0,0.0,-43.0
1776884618.4491026,1.0,0.0,-43.0
1776884618.4591026,6.0,-1.0,-35.0
1776884618.4691026,3.0,-1.0,-43.0
1776884618.4791028,1.0,0.0,-48.0
1776884618.4891028,2.0,0.0,-46.0
1776884618.4991028,1.0,0.0,-37.0
1776884618.5091028,-2.0,-2.0,-34.0
1776884618.5191028,0.0,-4.0,-33.0
1776884618.5291028,1.0,-1.0,-34.0
1776884618.5391028,3.0,-5.0,-38.0
1776884618.5491028,-2.0,-7.0,-43.0
1776884618.5591028,-3.0,-9.0,-48.0
1776884618.5691028,-2.0,-3.0,-48.0
1776884618.5791028,-5.0,-4.0,-46.0
1776884618.5891027,-6.0,0.0,-49.0
1776884618.5991027,-6.0,0.0,-52.0
1776884618.6091027,-7.0,1.0,-51.0
1776884618.6191027,-2.0,5.0,-51.0
1776884618.6291027,0.0,1.0,-51.0
1776884618.6391027,4.0,0.0,-49.0
1776884618.6491027,-1.0,-3.0,-49.0
1776884618.659103,0.0,-3.0,-48.0
1776884618.669103,-3.0,0.0,-45.0
1776884618.679103,-3.0,-7.0,-44.0
1776884618.6891026,-3.0,-8.0,-43.0
1776884618.6991026,4.0,-3.0,-45.0
1776884618.7091026,2.0,-5.0,-41.0
1776884618.7191026,-1.0,-4.0,-37.0
1776884618.7291028,-2.0,0.0,-37.0
1776884618.7391028,-1.0,0.0,-37.0
1776884618.7491028,0.0,0.0,-42.0
1776884618.7591028,-1.0,0.0,-42.0
1776884618.7691028,0.0,-1.0,-40.0
1776884618.7791028,0.0,1.0,-41.0
1776884618.7891028,0.0,2.0,-38.0
1776884618.7991028,-1.0,2.0,-36.0
1776884618.8091028,0.0,-2.0,-34.0
1776884618.8191028,0.0,-7.0,-33.0
1776884618.8291028,-1.0,-3.0,-30.0
1776884618.8391027,-4.0,-4.0,-37.0
1776884618.8491027,-2.0,-2.0,-39.0
1776884618.8591027,-3.0,-4.0,-39.0
1776884618.8691027,-7.0,-8.0,-43.0
1776884618.8791027,-5.0,-8.0,-47.0
1776884618.8891027,-3.0,-8.0,-46.0
1776884618.8991027,0.0,-5.0,-41.0
1776884618.909103,3.0,-2.0,-36.0
1776884618.919103,3.0,0.0,-34.0
1776884618.929103,3.0,1.0,-41.0
1776884618.9391026,4.0,0.0,-44.0
1776884618.9491026,4.0,1.0,-43.0
1776884618.9591026,5.0,2.0,-42.0
1776884618.9691026,1.0,0.0,-43.0
1776884618.9791028,2.0,0.0,-48.0
1776884618.9891028,-2.0,0.0,-54.0
1776884618.9991028,-4.0,0.0,-55.0
1776884619.0091028,-5.0,1.0,-55.0
1776884619.0191028,-5.0,0.0,-50.0
1776884619.0291028,-3.0,0.0,-45.0
1776884619.0391028,-1.0,1.0,-45.0
1776884619.0491028,-3.0,1.0,-45.0
1776884619.0591028,0.0,2.0,-48.0
1776884619.0691028,3.0,0.0,-52.0
1776884619.0791028,6.0,2.0,-50.0
1776884619.0891027,7.0,-1.0,-51.0
1776884619.0991027,6.0,0.0,-44.0
1776884619.1091027,6.0,1.0,-42.0
1776884619.1191027,2.0,-1.0,-47.0
1776884619.1291027,-1.0,-2.0,-44.0
1776884619.1391027,-3.0,4.0,-49.0
1776884619.1491027,0.0,4.0,-51.0
1776884619.159103,-4.0,0.0,-51.0
1776884619.169103,-5.0,0.0,-49.0
1776884619.179103,0.0,1.0,-54.0
1776884619.1891026,3.0,1.0,-56.0
1776884619.1991026,2.0,5.0,-49.0
1776884619.2091026,-1.0,4.0,-55.0
1776884619.2191026,-2.0,3.0,-50.0
1776884619.2291028,1.0,1.0,-47.0
1776884619.2391028,3.0,3.0,-48.0
1776884619.2491028,4.0,5.0,-51.0
1776884619.2591028,3.0,1.0,-39.0
1776884619.2691028,1.0,-1.0,-36.0
1776884619.2791028,6.0,-3.0,-39.0
1776884619.2891028,11.0,-2.0,-47.0
1776884619.2991028,9.0,-3.0,-48.0
1776884619.3091028,10.0,-3.0,-51.0
1776884619.3191028,12.0,-2.0,-44.0
1776884619.3291028,9.0,-7.0,-48.0
1776884619.3391027,14.0,-7.0,-47.0
1776884619.3491027,12.0,-5.0,-46.0
1776884619.3591027,6.0,-8.0,-46.0
1776884619.3691027,3.0,-8.0,-45.0
1776884619.3791027,5.0,-7.0,-51.0
1776884619.3891027,2.0,-3.0,-58.0
1776884619.3991027,6.0,-9.0,-56.0
1776884619.409103,11.0,-6.0,-50.0
1776884619.419103,9.0,-11.0,-48.0
1776884619.429103,8.0,-11.0,-45.0
1776884619.4391026,7.0,-7.0,-47.0
1776884619.4491026,3.0,-7.0,-42.0
1776884619.4591026,4.0,-5.0,-45.0
1776884619.4691026,0.0,-6.0,-51.0
1776884619.4791028,0.0,-5.0,-43.0
1776884619.4891028,4.0,-3.0,-41.0
1776884619.4991028,9.0,-5.0,-46.0
1776884619.5091028,5.0,-4.0,-45.0
1776884619.5191028,5.0,1.0,-44.0
1776884619.5291028,3.0,0.0,-43.0
1776884619.5391028,6.0,-1.0,-42.0
1776884619.5491028,6.0,-1.0,-34.0
1776884619.5591028,5.0,-2.0,-33.0
1776884619.5691028,8.0,-1.0,-33.0
1776884619.5791028,8.0,-2.0,-31.0
1776884619.5891027,6.0,-3.0,-34.0
1776884619.5991027,4.0,-3.0,-35.0
1776884619.6091027,5.0,-2.0,-35.0
1776884619.6191027,2.0,-2.0,-35.0
1776884619.6291027,0.0,-1.0,-46.0
1776884619.6391027,1.0,0.0,-44.0
1776884619.6491027,0.0,0.0,-42.0
1776884619.659103,2.0,0.0,-37.0
1776884619.669103,5.0,-2.0,-42.0
1776884619.679103,1.0,0.0,-43.0
1776884619.6891026,5.0,0.0,-42.0
1776884619.6991026,4.0,1.0,-44.0
1776884619.7091026,1.0,1.0,-44.0
1776884619.7191026,0.0,0.0,-42.0
1776884619.7291028,-3.0,-1.0,-43.0
1776884619.7391028,-7.0,-8.0,-45.0
1776884619.7491028,-6.0,-7.0,-46.0
1776884619.7591028,-8.0,-1.0,-43.0
1776884619.7691028,-5.0,-1.0,-46.0
1776884619.7791028,0.0,-4.0,-45.0
1776884619.7891028,0.0,-7.0,-50.0
1776884619.7991028,0.0,-7.0,-52.0
1776884619.8091028,-3.0,-6.0,-46.0
1776884619.8191028,0.0,-5.0,-50.0
1776884619.8291028,3.0,0.0,-56.0
1776884619.8391027,4.0,-1.0,-54.0
1776884619.8491027,5.0,1.0,-47.0
1776884619.8591027,4.0,-1.0,-42.0
1776884619.8691027,0.0,-2.0,-49.0
1776884619.8791027,0.0,-3.0,-50.0
1776884619.8891027,-1.0,0.0,-51.0
1776884619.9001029,-4.0,0.0,-44.0
1776884619.9101028,-1.0,-1.0,-43.0
1776884619.9201028,-2.0,-4.0,-41.0
1776884619.9301028,-3.0,-9.0,-44.0
1776884619.9401028,0.0,-10.0,-42.0
1776884619.9501028,-3.0,-9.0,-42.0
1776884619.9601028,-1.0,-5.0,-39.0
1776884619.9701028,-1.0,-2.0,-35.0
1776884619.9801028,-3.0,-3.0,-40.0
1776884619.9901028,-2.0,-6.0,-38.0
1776884620.0001028,-1.0,-9.0,-33.0
1776884620.0101027,0.0,-8.0,-34.0
1776884620.0201027,2.0,-7.0,-35.0
1776884620.0301027,1.0,-7.0,-36.0
1776884620.0401027,1.0,-3.0,-45.0
1776884620.0501027,4.0,-6.0,-49.0
1776884620.0601027,6.0,-11.0,-47.0
1776884620.0701027,1.0,-12.0,-41.0
1776884620.0801027,-3.0,-10.0,-40.0
1776884620.090103,-5.0,-6.0,-38.0
1776884620.100103,-6.0,-6.0,-43.0
1776884620.110103,-7.0,-7.0,-36.0
1776884620.1201026,-7.0,-8.0,-41.0
1776884620.1301026,-4.0,-9.0,-48.0
1776884620.1401026,-2.0,-9.0,-53.0
1776884620.1501029,-1.0,-6.0,-52.0
1776884620.1601028,0.0,-5.0,-55.0
1776884620.1701028,-2.0,-2.0,-52.0
1776884620.1801028,0.0,-1.0,-49.0
1776884620.1901028,-2.0,-3.0,-45.0
1776884620.2001028,-1.0,-1.0,-43.0
1776884620.2101028,0.0,-2.0,-48.0
1776884620.2201028,-1.0,-1.0,-52.0
1776884620.2301028,-2.0,-5.0,-55.0
1776884620.2401028,-1.0,-7.0,-58.0
1776884620.2501028,1.0,-6.0,-53.0
1776884620.2601027,5.0,-8.0,-44.0
1776884620.2701027,5.0,-4.0,-55.0
1776884620.2801027,0.0,-6.0,-54.0
1776884620.2901027,2.0,-3.0,-53.0
1776884620.3001027,3.0,-4.0,-53.0
1776884620.3101027,0.0,-3.0,-52.0
1776884620.3201027,0.0,-3.0,-48.0
1776884620.3301027,-1.0,-5.0,-52.0
1776884620.340103,0.0,-2.0,-50.0
1776884620.350103,0.0,-4.0,-43.0
1776884620.360103,5.0,-2.0,-45.0
1776884620.3701026,4.0,-3.0,-45.0
1776884620.3801026,2.0,-2.0,-48.0
1776884620.3901026,-1.0,-2.0,-46.0
1776884620.4001029,-5.0,-2.0,-49.0
1776884620.4101028,-1.0,-2.0,-48.0
1776884620.4201028,-2.0,-2.0,-52.0
1776884620.4301028,-3.0,0.0,-44.0
1776884620.4401028,-3.0,3.0,-38.0
1776884620.4501028,-1.0,1.0,-38.0
1776884620.4601028,0.0,2.0,-41.0
1776884620.4701028,-2.0,3.0,-46.0
1776884620.4801028,-3.0,1.0,-40.0
1776884620.4901028,-3.0,-2.0,-31.0
1776884620.5001028,-1.0,-1.0,-37.0
1776884620.5101027,-2.0,0.0,-47.0
1776884620.5201027,1.0,-2.0,-51.0
1776884620.5301027,0.0,-1.0,-53.0
1776884620.5401027,-2.0,0.0,-48.0
1776884620.5501027,-6.0,0.0,-45.0
1776884620.5601027,-9.0,0.0,-42.0
1776884620.5701027,-5.0,0.0,-41.0
1776884620.5801027,-3.0,-4.0,-43.0
1776884620.590103,-4.0,0.0,-51.0
1776884620.600103,-8.0,0.0,-51.0
1776884620.610103,-8.0,4.0,-58.0
1776884620.6201026,-5.0,4.0,-59.0
1776884620.6301026,-4.0,2.0,-63.0
1776884620.6401026,-4.0,1.0,-61.0
1776884620.6501029,0.0,2.0,-55.0
1776884620.6601028,4.0,1.0,-51.0
1776884620.6701028,5.0,0.0,-45.0
1776884620.6801028,3.0,-2.0,-45.0
1776884620.6901028,5.0,2.0,-39.0
1776884620.7001028,4.0,0.0,-34.0
1776884620.7101028,6.0,-6.0,-35.0
1776884620.7201028,6.0,-7.0,-37.0
1776884620.7301028,3.0,-7.0,-44.0
1776884620.7401028,1.0,-4.0,-47.0
1776884620.7501028,0.0,-3.0,-49.0
1776884620.7601027,1.0,-5.0,-51.0
1776884620.7701027,1.0,-6.0,-51.0
1776884620.7801027,1.0,-7.0,-48.0
1776884620.7901027,4.0,-6.0,-50.0
1776884620.8001027,3.0,-5.0,-50.0
1776884620.8101027,3.0,-2.0,-44.0
1776884620.8201027,1.0,3.0,-52.0
1776884620.8301027,1.0,1.0,-56.0
1776884620.840103,2.0,-1.0,-56.0
1776884620.850103,0.0,-2.0,-45.0
1776884620.860103,0.0,-2.0,-49.0
1776884620.8701026,0.0,-4.0,-54.0
1776884620.8801026,2.0,-6.0,-47.0
1776884620.8901026,4.0,-7.0,-43.0
1776884620.9001029,2.0,-2.0,-49.0
1776884620.9101028,-1.0,-4.0,-55.0
1776884620.9201028,-2.0,-7.0,-55.0
1776884620.9301028,-4.0,-3.0,-54.0
1776884620.9401028,-3.0,-1.0,-55.0
1776884620.9501028,1.0,3.0,-56.0
1776884620.9601028,4.0,1.0,-54.0
1776884620.9701028,8.0,1.0,-50.0
1776884620.9801028,5.0,1.0,-44.0
1776884620.9901028,6.0,-1.0,-49.0
1776884621.0001028,4.0,-1.0,-49.0
1776884621.0101027,4.0,-1.0,-53.0
1776884621.0201027,5.0,-2.0,-56.0
1776884621.0301027,5.0,-2.0,-54.0
1776884621.0401027,3.0,-3.0,-47.0
1776884621.0501027,5.0,-2.0,-46.0
1776884621.0601027,4.0,4.0,-47.0
1776884621.0701027,2.0,1.0,-45.0
1776884621.0801027,-1.0,1.0,-43.0
1776884621.090103,-2.0,0.0,-42.0
1776884621.100103,0.0,-1.0,-49.0
1776884621.110103,0.0,-2.0,-49.0
1776884621.1201026,-2.0,0.0,-47.0
1776884621.1301026,-1.0,1.0,-44.0
1776884621.1401026,-1.0,2.0,-46.0
1776884621.1501029,2.0,-3.0,-42.0
1776884621.1601028,2.0,-4.0,-35.0
1776884621.1701028,2.0,-2.0,-39.0
1776884621.1801028,2.0,-2.0,-35.0
1776884621.1901028,1.0,0.0,-32.0
1776884621.2001028,-3.0,3.0,-34.0
1776884621.2101028,-1.0,-1.0,-43.0
1776884621.2201028,-2.0,0.0,-42.0
1776884621.2301028,0.0,-1.0,-43.0
1776884621.2401028,-1.0,-3.0,-39.0
1776884621.2501028,-6.0,-3.0,-39.0
1776884621.2601027,-8.0,0.0,-43.0
1776884621.2701027,-4.0,-2.0,-43.0
1776884621.2801027,-5.0,0.0,-50.0
1776884621.2901027,-3.0,0.0,-46.0
1776884621.3001027,-6.0,-2.0,-44.0
1776884621.3101027,-6.0,-5.0,-40.0
1776884621.3201027,-5.0,-7.0,-41.0
1776884621.3301027,-2.0,-7.0,-38.0
1776884621.340103,-4.0,-9.0,-44.0
1776884621.350103,-3.0,-13.0,-32.0
1776884621.360103,-1.0,-10.0,-32.0
1776884621.3701026,-1.0,-12.0,-30.0
1776884621.3801026,-1.0,-11.0,-31.0
1776884621.3901026,-3.0,-5.0,-35.0
1776884621.4001029,0.0,-5.0,-43.0
1776884621.4101028,1.0,-6.0,-43.0
1776884621.4201028,0.0,-5.0,-42.0
1776884621.4301028,-1.0,-8.0,-39.0
1776884621.4401028,3.0,-8.0,-41.0
1776884621.4501028,2.0,-10.0,-46.0
1776884621.4601028,-3.0,-8.0,-48.0
1776884621.4701028,-2.0,-7.0,-52.0
1776884621.4801028,-5.0,-8.0,-49.0
1776884621.4901028,-10.0,-4.0,-47.0
1776884621.5001028,-4.0,-4.0,-45.0
1776884621.5101027,-2.0,-4.0,-43.0
1776884621.5201027,-4.0,-1.0,-45.0
1776884621.5301027,-6.0,-3.0,-52.0
1776884621.5401027,-9.0,-1.0,-53.0
1776884621.5501027,-7.0,0.0,-54.0
1776884621.5601027,-3.0,0.0,-57.0
1776884621.5701027,-2.0,1.0,-55.0
1776884621.5801027,2.0,4.0,-53.0
1776884621.590103,2.0,-1.0,-63.0
1776884621.600103,3.0,1.0,-57.0
1776884621.610103,3.0,-1.0,-57.0
1776884621.6201026,3.0,-6.0,-53.0
1776884621.6301026,-1.0,-6.0,-45.0
1776884621.6401026,1.0,-4.0,-48.0
1776884621.6501029,0.0,4.0,-48.0
1776884621.6601028,0.0,3.0,-49.0
1776884621.6701028,1.0,0.0,-53.0
1776884621.6801028,6.0,0.0,-53.0
1776884621.6901028,1.0,3.0,-52.0
1776884621.7001028,0.0,8.0,-48.0
1776884621.7101028,2.0,8.0,-48.0
1776884621.7201028,0.0,-1.0,-49.0
1776884621.7301028,0.0,-3.0,-47.0
1776884621.7401028,0.0,2.0,-44.0
1776884621.7501028,-3.0,3.0,-39.0
1776884621.7601027,-7.0,0.0,-37.0
1776884621.7701027,-2.0,-2.0,-42.0
1776884621.7801027,1.0,-6.0,-43.0
1776884621.7901027,1.0,-2.0,-46.0
1776884621.8001027,2.0,-2.0,-46.0
1776884621.8101027,-1.0,1.0,-47.0
1776884621.8201027,-4.0,0.0,-47.0
1776884621.8301027,-1.0,1.0,-50.0
1776884621.840103,1.0,4.0,-49.0
1776884621.850103,3.0,5.0,-46.0
1776884621.860103,5.0,4.0,-40.0
1776884621.8711028,8.0,0.0,-41.0
1776884621.8801026,5.0,-1.0,-43.0
1776884621.8911028,10.0,-4.0,-50.0
1776884621.9011028,6.0,-6.0,-46.0
1776884621.9101028,5.0,-5.0,-48.0
1776884621.9211028,1.0,-2.0,-50.0
1776884621.9311028,0.0,-5.0,-49.0
1776884621.9411027,3.0,-2.0,-51.0
1776884621.9511027,4.0,-2.0,-50.0
1776884621.9611027,4.0,-5.0,-45.0
1776884621.9711027,3.0,-8.0,-38.0
1776884621.9811027,0.0,-8.0,-43.0
1776884621.9911027,8.0,-7.0,-44.0
1776884622.0011027,9.0,-1.0,-38.0
1776884622.011103,6.0,-5.0,-41.0
1776884622.021103,3.0,-8.0,-43.0
1776884622.031103,0.0,-9.0,-44.0
1776884622.0411026,0.0,-6.0,-47.0
1776884622.0511026,2.0,-7.0,-44.0
1776884622.0611026,0.0,-6.0,-44.0
1776884622.0711029,-2.0,-4.0,-46.0
1776884622.0811028,-6.0,-2.0,-49.0
1776884622.0911028,-3.0,1.0,-55.0
1776884622.1011028,-4.0,1.0,-55.0
1776884622.1111028,-2.0,1.0,-56.0
1776884622.1211028,-1.0,0.0,-48.0
1776884622.1311028,2.0,2.0,-48.0
1776884622.1411028,4.0,2.0,-47.0
1776884622.1511028,5.0,2.0,-55.0
1776884622.1611028,3.0,2.0,-50.0
1776884622.1711028,7.0,0.0,-43.0
1776884622.1811028,7.0,-4.0,-43.0
1776884622.1911027,6.0,-5.0,-45.0
1776884622.2011027,6.0,-8.0,-42.0
1776884622.2111027,6.0,-6.0,-33.0
1776884622.2211027,2.0,-9.0,-36.0
1776884622.2311027,0.0,-6.0,-31.0
1776884622.2411027,0.0,0.0,-35.0
1776884622.2511027,-2.0,-2.0,-38.0
1776884622.261103,-4.0,0.0,-35.0
1776884622.271103,-1.0,-3.0,-31.0
1776884622.281103,-3.0,-4.0,-34.0
1776884622.2911026,1.0,-5.0,-39.0
1776884622.3011026,3.0,-3.0,-48.0
1776884622.3111026,4.0,-4.0,-47.0
1776884622.3211029,1.0,-6.0,-50.0
1776884622.3311028,3.0,-8.0,-52.0
1776884622.3411028,0.0,-7.0,-56.0
1776884622.3511028,0.0,-8.0,-59.0
1776884622.3611028,-3.0,-9.0,-60.0
1776884622.3711028,-5.0,-8.0,-58.0
1776884622.3811028,1.0,-8.0,-49.0
1776884622.3911028,0.0,-10.0,-49.0
1776884622.4011028,3.0,-11.0,-43.0
1776884622.4111028,2.0,-10.0,-43.0
1776884622.4211028,3.0,-12.0,-35.0
1776884622.4311028,3.0,-14.0,-30.0
1776884622.4411027,3.0,-10.0,-33.0
1776884622.4511027,1.0,-5.0,-35.0
1776884622.4611027,0.0,1.0,-30.0
1776884622.4711027,-1.0,0.0,-27.0
1776884622.4811027,1.0,1.0,-38.0
1776884622.4911027,5.0,1.0,-42.0
1776884622.5011027,4.0,2.0,-49.0
1776884622.511103,1.0,1.0,-45.0
1776884622.521103,0.0,-1.0,-43.0
1776884622.531103,-1.0,-4.0,-41.0
1776884622.5411026,-3.0,-6.0,-40.0
1776884622.5511026,-2.0,-4.0,-38.0
1776884622.5611026,-3.0,-5.0,-40.0
1776884622.5711029,1.0,-1.0,-46.0
1776884622.5811028,6.0,-6.0,-44.0
1776884622.5911028,7.0,-5.0,-43.0
1776884622.6011028,6.0,-6.0,-48.0
1776884622.6111028,12.0,-2.0,-45.0
1776884622.6211028,8.0,-2.0,-45.0
1776884622.6311028,5.0,-3.0,-48.0
1776884622.6411028,1.0,-5.0,-54.0
1776884622.6511028,4.0,-5.0,-54.0
1776884622.6611028,1.0,-4.0,-57.0
1776884622.6711028,0.0,-9.0,-59.0
1776884622.6811028,1.0,-12.0,-56.0
1776884622.6911027,0.0,-9.0,-48.0
1776884622.7011027,5.0,-3.0,-49.0
1776884622.7111027,4.0,3.0,-49.0
1776884622.7211027,5.0,4.0,-52.0
1776884622.7311027,5.0,0.0,-48.0
1776884622.7411027,9.0,1.0,-49.0
1776884622.7511027,8.0,-1.0,-48.0
1776884622.761103,7.0,-1.0,-44.0
1776884622.771103,5.0,-4.0,-45.0
1776884622.781103,2.0,-4.0,-46.0
1776884622.7911026,0.0,-5.0,-52.0
1776884622.8011026,-2.0,-2.0,-52.0
1776884622.8111026,-1.0,-3.0,-50.0
1776884622.8211029,4.0,-4.0,-47.0
1776884622.8311028,2.0,-5.0,-43.0
1776884622.8411028,-1.0,-4.0,-50.0
1776884622.8511028,-2.0,-3.0,-47.0
1776884622.8611028,0.0,-1.0,-41.0
1776884622.8711028,-2.0,-3.0,-35.0
1776884622.8811028,-4.0,-2.0,-29.0
1776884622.8911028,-2.0,0.0,-34.0
1776884622.9011028,-3.0,-1.0,-43.0
1776884622.9111028,2.0,-7.0,-49.0
1776884622.9211028,9.0,-8.0,-57.0
1776884622.9311028,2.0,-11.0,-53.0
1776884622.9411027,3.0,-10.0,-50.0
1776884622.9511027,1.0,-8.0,-55.0
1776884622.9611027,2.0,-7.0,-49.0
1776884622.9711027,0.0,-5.0,-48.0
1776884622.9811027,8.0,-6.0,-59.0
1776884622.9911027,7.0,-4.0,-61.0
1776884623.0011027,2.0,-5.0,-60.0
1776884623.011103,0.0,-3.0,-54.0
1776884623.021103,2.0,-3.0,-50.0
1776884623.031103,0.0,-1.0,-48.0
1776884623.0411026,-4.0,-2.0,-47.0
1776884623.0511026,-1.0,-2.0,-49.0
1776884623.0611026,-4.0,0.0,-52.0
1776884623.0711029,-7.0,0.0,-52.0
1776884623.0811028,-6.0,-4.0,-48.0
1776884623.0911028,-8.0,-4.0,-47.0
1776884623.1011028,-1.0,-1.0,-47.0
1776884623.1111028,0.0,-3.0,-52.0
1776884623.1211028,-1.0,-7.0,-52.0
1776884623.1311028,1.0,-6.0,-45.0
1776884623.1411028,4.0,-4.0,-41.0
1776884623.1511028,7.0,-1.0,-34.0
1776884623.1611028,7.0,-4.0,-37.0
1776884623.1711028,7.0,-6.0,-37.0
1776884623.1811028,6.0,-6.0,-41.0
1776884623.1911027,4.0,-7.0,-39.0
1776884623.2011027,5.0,-6.0,-45.0
1776884623.2111027,8.0,-8.0,-48.0
1776884623.2211027,5.0,-10.0,-49.0
1776884623.2311027,4.0,-9.0,-55.0
1776884623.2411027,5.0,-6.0,-61.0
1776884623.2511027,5.0,-5.0,-54.0
1776884623.261103,7.0,-4.0,-52.0
1776884623.271103,5.0,-4.0,-55.0
1776884623.281103,9.0,0.0,-55.0
1776884623.2911026,7.0,-1.0,-49.0
1776884623.3011026,4.0,0.0,-55.0
1776884623.3111026,0.0,0.0,-46.0
1776884623.3211029,-2.0,-1.0,-50.0
1776884623.3311028,-5.0,0.0,-42.0
1776884623.3411028,-1.0,-2.0,-43.0
1776884623.3511028,-2.0,-2.0,-44.0
1776884623.3611028,-1.0,-3.0,-43.0
1776884623.3711028,0.0,-1.0,-46.0
1776884623.3811028,6.0,1.0,-49.0
1776884623.3911028,2.0,4.0,-46.0
1776884623.4011028,-1.0,4.0,-37.0
1776884623.4111028,0.0,6.0,-39.0
1776884623.4211028,0.0,5.0,-41.0
1776884623.4311028,-1.0,3.0,-43.0
1776884623.4411027,0.0,1.0,-50.0
1776884623.4511027,-1.0,0.0,-50.0
1776884623.4611027,1.0,1.0,-52.0
1776884623.4711027,3.0,0.0,-48.0
1776884623.4811027,4.0,-2.0,-47.0
1776884623.4911027,6.0,0.0,-48.0
1776884623.5011027,9.0,-1.0,-48.0
1776884623.511103,6.0,0.0,-51.0
1776884623.521103,0.0,0.0,-52.0
1776884623.531103,-5.0,-4.0,-53.0
1776884623.5411026,-6.0,-5.0,-58.0
1776884623.5511026,-3.0,-6.0,-59.0
1776884623.5611026,-2.0,-2.0,-57.0
1776884623.5711029,-1.0,-4.0,-45.0
1776884623.5811028,0.0,-6.0,-52.0
1776884623.5911028,-1.0,-5.0,-60.0
1776884623.6011028,-2.0,-8.0,-54.0
1776884623.6111028,-1.0,-7.0,-46.0
1776884623.6211028,3.0,-7.0,-45.0
1776884623.6311028,4.0,-6.0,-49.0
1776884623.6411028,6.0,-8.0,-50.0
1776884623.6511028,2.0,-5.0,-47.0
1776884623.6621027,1.0,-6.0,-46.0
1776884623.6711028,4.0,-2.0,-46.0
1776884623.6811028,5.0,-3.0,-45.0
1776884623.6911027,6.0,-3.0,-48.0
1776884623.7011027,2.0,-2.0,-44.0
1776884623.7111027,4.0,0.0,-42.0
1776884623.7211027,6.0,0.0,-44.0
1776884623.7311027,10.0,-2.0,-47.0
1776884623.7411027,9.0,-4.0,-45.0
1776884623.7511027,8.0,-5.0,-43.0
1776884623.761103,7.0,-6.0,-42.0
1776884623.771103,5.0,-9.0,-43.0
1776884623.781103,5.0,-5.0,-39.0
1776884623.7911026,6.0,-2.0,-36.0
1776884623.8011026,5.0,0.0,-35.0
1776884623.8111026,6.0,0.0,-34.0
1776884623.8211029,0.0,-1.0,-40.0
1776884623.8311028,0.0,-1.0,-42.0
1776884623.8421028,1.0,-2.0,-44.0
1776884623.8521028,1.0,-2.0,-45.0
1776884623.8621027,3.0,0.0,-42.0
1776884623.8721027,0.0,1.0,-36.0
1776884623.8821027,-3.0,0.0,-29.0
1776884623.8921027,0.0,1.0,-35.0
1776884623.9021027,-2.0,2.0,-39.0
1776884623.9121027,1.0,3.0,-41.0
1776884623.9221027,0.0,6.0,-43.0
1776884623.932103,0.0,4.0,-44.0
1776884623.942103,0.0,3.0,-42.0
1776884623.952103,-4.0,0.0,-36.0
1776884623.962103,-2.0,-1.0,-32.0
1776884623.9721026,0.0,-2.0,-30.0
1776884623.9821026,0.0,-3.0,-33.0
1776884623.9921026,-1.0,-2.0,-35.0
1776884624.0021029,0.0,-3.0,-43.0
1776884624.0121028,0.0,-3.0,-41.0
1776884624.0221028,0.0,-4.0,-45.0
1776884624.0321028,-3.0,-2.0,-53.0
1776884624.0421028,-2.0,-2.0,-49.0
1776884624.0521028,1.0,-4.0,-46.0
1776884624.0621028,5.0,-5.0,-45.0
1776884624.0721028,1.0,-7.0,-41.0
1776884624.0821028,0.0,-8.0,-48.0
1776884624.0921028,0.0,-7.0,-54.0
1776884624.1021028,-2.0,-6.0,-49.0
1776884624.1121027,0.0,-6.0,-46.0
1776884624.1221027,-4.0,-4.0,-50.0
1776884624.1321027,-8.0,-4.0,-52.0
1776884624.1421027,-7.0,0.0,-53.0
1776884624.1521027,-4.0,-1.0,-56.0
1776884624.1621027,-2.0,-2.0,-53.0
1776884624.1721027,-2.0,-2.0,-49.0
1776884624.182103,-4.0,-3.0,-49.0
1776884624.192103,-2.0,0.0,-48.0
1776884624.202103,5.0,1.0,-44.0
1776884624.212103,6.0,1.0,-40.0
1776884624.2221026,4.0,1.0,-39.0
1776884624.2321026,7.0,3.0,-44.0
1776884624.2421026,11.0,0.0,-47.0
1776884624.2521029,8.0,-4.0,-49.0
1776884624.2621028,6.0,-8.0,-44.0
1776884624.2721028,4.0,-8.0,-40.0
1776884624.2821028,-5.0,-4.0,-39.0
1776884624.2921028,-2.0,-4.0,-44.0
1776884624.3021028,0.0,-1.0,-42.0
1776884624.3121028,7.0,-4.0,-38.0
1776884624.3221028,3.0,-4.0,-29.0
1776884624.3321028,-1.0,0.0,-26.0
1776884624.3421028,-3.0,0.0,-33.0
1776884624.3521028,-6.0,-5.0,-37.0
1776884624.3621027,-3.0,-4.0,-35.0
1776884624.3721027,0.0,-10.0,-39.0
1776884624.3821027,-2.0,-7.0,-41.0
1776884624.3921027,-2.0,-4.0,-41.0
1776884624.4021027,0.0,-2.0,-43.0
1776884624.4121027,2.0,-4.0,-39.0
1776884624.4221027,4.0,-4.0,-42.0
1776884624.432103,3.0,-1.0,-46.0
1776884624.442103,1.0,0.0,-50.0
1776884624.452103,3.0,1.0,-48.0
1776884624.462103,6.0,3.0,-47.0
1776884624.4721026,2.0,6.0,-39.0
1776884624.4821026,-2.0,2.0,-30.0
1776884624.4921026,-1.0,-3.0,-38.0
1776884624.5021029,-2.0,-5.0,-43.0
1776884624.5121028,-2.0,-5.0,-50.0
1776884624.5221028,-5.0,-5.0,-53.0
1776884624.5321028,-7.0,-5.0,-49.0
1776884624.5421028,-5.0,-6.0,-43.0
1776884624.5521028,0.0,-7.0,-45.0
1776884624.5621028,3.0,-11.0,-42.0
1776884624.5721028,7.0,-9.0,-46.0
1776884624.5821028,5.0,-6.0,-49.0
1776884624.5921028,5.0,-6.0,-48.0
1776884624.6021028,6.0,-4.0,-44.0
1776884624.6121027,8.0,-4.0,-36.0
1776884624.6221027,6.0,-6.0,-42.0
1776884624.6321027,7.0,-10.0,-43.0
1776884624.6421027,10.0,-10.0,-45.0
1776884624.6521027,12.0,-7.0,-45.0
1776884624.6621027,9.0,-5.0,-45.0
1776884624.6721027,7.0,-3.0,-50.0
1776884624.682103,2.0,0.0,-50.0
1776884624.692103,2.0,-3.0,-45.0
1776884624.702103,1.0,-5.0,-51.0
1776884624.712103,0.0,-3.0,-62.0
1776884624.7221026,-1.0,-8.0,-51.0
1776884624.7321026,1.0,-7.0,-50.0
1776884624.7421026,0.0,-4.0,-45.0
1776884624.7521029,-5.0,-4.0,-40.0
1776884624.7621028,-1.0,-1.0,-34.0
1776884624.7721028,-2.0,2.0,-33.0
1776884624.7821028,-4.0,0.0,-31.0
1776884624.7921028,-8.0,1.0,-30.0
1776884624.8021028,-8.0,0.0,-41.0
1776884624.8121028,-1.0,-1.0,-51.0
1776884624.8221028,-1.0,-3.0,-48.0
1776884624.8321028,3.0,-2.0,-52.0
1776884624.8421028,1.0,-5.0,-54.0
1776884624.8521028,0.0,-4.0,-58.0
1776884624.8621027,1.0,-3.0,-57.0
1776884624.8721027,-2.0,-5.0,-55.0
1776884624.8821027,1.0,-1.0,-57.0
1776884624.8921027,4.0,-3.0,-55.0
1776884624.9021027,1.0,-2.0,-51.0
1776884624.9121027,-4.0,-3.0,-53.0
1776884624.9221027,-1.0,-5.0,-46.0
1776884624.932103,0.0,-1.0,-40.0
1776884624.942103,6.0,0.0,-44.0
1776884624.9531028,7.0,-1.0,-49.0
1776884624.962103,2.0,0.0,-51.0
1776884624.9721026,0.0,2.0,-48.0
1776884624.9821026,0.0,-2.0,-47.0
1776884624.9921026,-1.0,1.0,-49.0
1776884625.0021029,-2.0,0.0,-47.0
1776884625.0121028,3.0,0.0,-46.0
1776884625.0221028,1.0,0.0,-53.0
1776884625.0321028,2.0,0.0,-52.0
1776884625.0421028,3.0,0.0,-50.0
1776884625.0521028,2.0,-3.0,-53.0
1776884625.0621028,2.0,-6.0,-50.0
1776884625.0721028,2.0,-2.0,-47.0
1776884625.0821028,0.0,-4.0,-44.0
1776884625.0921028,0.0,-4.0,-48.0
1776884625.1021028,1.0,0.0,-53.0
1776884625.1121027,-1.0,0.0,-51.0
1776884625.1221027,-2.0,-3.0,-49.0
1776884625.1321027,2.0,-3.0,-44.0
1776884625.1421027,1.0,-3.0,-45.0
1776884625.1521027,3.0,-2.0,-48.0
1776884625.1621027,2.0,1.0,-54.0
1776884625.1721027,0.0,0.0,-48.0
1776884625.182103,-1.0,0.0,-42.0
1776884625.192103,-3.0,-1.0,-47.0
1776884625.202103,-5.0,0.0,-46.0
1776884625.212103,-3.0,0.0,-47.0
1776884625.2221026,-1.0,3.0,-49.0
1776884625.2321026,0.0,-1.0,-48.0
1776884625.2421026,-2.0,1.0,-47.0
1776884625.2521029,-1.0,1.0,-39.0
1776884625.2621028,2.0,1.0,-44.0
1776884625.2721028,2.0,2.0,-39.0
1776884625.2821028,2.0,-3.0,-41.0
1776884625.2921028,2.0,-5.0,-46.0
1776884625.3021028,2.0,-4.0,-59.0
1776884625.3121028,3.0,-4.0,-59.0
1776884625.3221028,0.0,-2.0,-57.0
1776884625.3321028,-1.0,-5.0,-48.0
1776884625.3421028,2.0,-5.0,-52.0
1776884625.3521028,8.0,-4.0,-48.0
1776884625.3621027,6.0,-4.0,-41.0
1776884625.3721027,5.0,-2.0,-45.0
1776884625.3821027,5.0,2.0,-48.0
1776884625.3921027,7.0,2.0,-49.0
1776884625.4021027,3.0,0.0,-47.0
1776884625.4121027,1.0,0.0,-49.0
1776884625.4221027,0.0,-1.0,-46.0
1776884625.432103,2.0,-4.0,-44.0
1776884625.442103,-1.0,-4.0,-44.0
1776884625.452103,1.0,-5.0,-46.0
1776884625.462103,6.0,-4.0,-47.0
1776884625.4721026,3.0,0.0,-44.0
1776884625.4821026,0.0,0.0,-44.0
1776884625.4921026,0.0,3.0,-34.0
1776884625.5021029,0.0,7.0,-35.0
1776884625.5121028,3.0,8.0,-38.0
1776884625.5221028,2.0,8.0,-45.0
1776884625.5321028,-6.0,5.0,-50.0
1776884625.5421028,-2.0,3.0,-52.0
1776884625.5521028,0.0,4.0,-50.0
1776884625.5621028,1.0,-2.0,-53.0
1776884625.5721028,2.0,0.0,-55.0
1776884625.5821028,3.0,0.0,-49.0
1776884625.5921028,5.0,2.0,-48.0
1776884625.6021028,0.0,2.0,-45.0
1776884625.6121027,-2.0,-1.0,-38.0
1776884625.6221027,0.0,2.0,-39.0
1776884625.6321027,2.0,1.0,-35.0
1776884625.6421027,1.0,3.0,-37.0
1776884625.6521027,-2.0,0.0,-38.0
1776884625.6621027,-2.0,0.0,-45.0
1776884625.6721027,-5.0,0.0,-50.0
1776884625.682103,-4.0,1.0,-50.0
1776884625.692103,-5.0,2.0,-56.0
1776884625.702103,-2.0,2.0,-50.0
1776884625.712103,0.0,6.0,-45.0
1776884625.7221026,1.0,11.0,-48.0
1776884625.7321026,1.0,8.0,-51.0
1776884625.7421026,0.0,2.0,-50.0
1776884625.7521029,4.0,0.0,-44.0
1776884625.7631028,2.0,-2.0,-52.0
1776884625.7721028,4.0,0.0,-54.0
1776884625.7821028,1.0,0.0,-55.0
1776884625.7921028,4.0,-4.0,-50.0
1776884625.8031027,3.0,-4.0,-49.0
1776884625.8131027,2.0,-7.0,-49.0
1776884625.8231027,0.0,-4.0,-49.0
1776884625.8331027,2.0,-4.0,-54.0
1776884625.8431027,6.0,-6.0,-53.0
1776884625.8531027,13.0,-3.0,-57.0
1776884625.863103,7.0,0.0,-58.0
1776884625.873103,10.0,-1.0,-56.0
1776884625.883103,7.0,0.0,-57.0
1776884625.8931026,10.0,7.0,-51.0
1776884625.9031026,11.0,4.0,-40.0
1776884625.9131026,12.0,4.0,-53.0
1776884625.9231029,4.0,3.0,-51.0
1776884625.9331028,2.0,4.0,-54.0
1776884625.9431028,5.0,3.0,-54.0
1776884625.9531028,8.0,1.0,-54.0
1776884625.9631028,3.0,-4.0,-48.0
1776884625.9731028,-2.0,-2.0,-52.0
1776884625.9831028,-7.0,4.0,-51.0
1776884625.9931028,-6.0,2.0,-46.0
1776884626.0031028,-6.0,6.0,-46.0
1776884626.0131028,-3.0,4.0,-46.0
1776884626.0231028,3.0,0.0,-49.0
1776884626.0331028,7.0,-3.0,-54.0
1776884626.0431027,4.0,-6.0,-50.0
1776884626.0531027,0.0,-4.0,-42.0
1776884626.0631027,1.0,-3.0,-44.0
1776884626.0731027,-2.0,-3.0,-42.0
1776884626.0831027,-2.0,-4.0,-46.0
1776884626.0931027,-3.0,-5.0,-45.0
1776884626.1031027,-3.0,-3.0,-47.0
1776884626.113103,-5.0,0.0,-39.0
1776884626.123103,-6.0,1.0,-37.0
1776884626.133103,-4.0,0.0,-44.0
1776884626.1431026,0.0,0.0,-48.0
1776884626.1531026,1.0,1.0,-48.0
1776884626.1631026,1.0,0.0,-47.0
1776884626.1731029,-2.0,3.0,-49.0
1776884626.1831028,-3.0,2.0,-48.0
1776884626.1931028,-2.0,2.0,-47.0
1776884626.2031028,-3.0,4.0,-39.0
1776884626.2131028,0.0,4.0,-42.0
1776884626.2231028,0.0,1.0,-43.0
1776884626.2331028,4.0,2.0,-42.0
1776884626.2431028,6.0,-2.0,-40.0
1776884626.2531028,6.0,-3.0,-42.0
1776884626.2631028,4.0,-3.0,-37.0
1776884626.2731028,3.0,-3.0,-36.0
1776884626.2831028,5.0,-4.0,-41.0
1776884626.2931027,1.0,-4.0,-44.0
1776884626.3031027,-1.0,-4.0,-36.0
1776884626.3131027,-3.0,-3.0,-40.0
1776884626.3231027,0.0,-1.0,-40.0
1776884626.3331027,2.0,-2.0,-40.0
1776884626.3431027,1.0,-3.0,-43.0
1776884626.3531027,2.0,-2.0,-43.0
1776884626.363103,6.0,-3.0,-43.0
1776884626.373103,5.0,0.0,-51.0
1776884626.383103,3.0,1.0,-53.0
1776884626.3931026,2.0,0.0,-48.0
1776884626.4031026,1.0,0.0,-48.0
1776884626.4131026,1.0,-3.0,-44.0
1776884626.4231029,1.0,-2.0,-45.0
1776884626.4331028,3.0,0.0,-47.0
1776884626.4431028,3.0,0.0,-42.0
1776884626.4531028,1.0,-2.0,-46.0
1776884626.4631028,-1.0,-2.0,-42.0
1776884626.4731028,-3.0,-3.0,-45.0
1776884626.4831028,-1.0,-7.0,-50.0
1776884626.4931028,-1.0,-10.0,-49.0
1776884626.5031028,2.0,-6.0,-45.0
1776884626.5131028,1.0,-4.0,-40.0
1776884626.5231028,5.0,-5.0,-39.0
1776884626.5331028,1.0,-6.0,-43.0
1776884626.5431027,-7.0,-9.0,-46.0
1776884626.5531027,-6.0,-11.0,-43.0
1776884626.5631027,-7.0,-8.0,-44.0
1776884626.5731027,-8.0,-8.0,-46.0
1776884626.5831027,-9.0,-4.0,-49.0
1776884626.5931027,-6.0,-3.0,-45.0
1776884626.6031027,-6.0,0.0,-53.0
1776884626.613103,-1.0,0.0,-50.0
1776884626.623103,0.0,-2.0,-55.0
1776884626.633103,0.0,-6.0,-53.0
1776884626.6431026,-1.0,-5.0,-49.0
1776884626.6531026,0.0,-1.0,-47.0
1776884626.6631026,2.0,1.0,-44.0
1776884626.6731029,0.0,4.0,-48.0
1776884626.6831028,0.0,1.0,-46.0
1776884626.6931028,-3.0,1.0,-51.0
1776884626.7031028,-1.0,3.0,-51.0
1776884626.7131028,-4.0,0.0,-50.0
1776884626.7231028,-4.0,-1.0,-48.0
1776884626.7331028,0.0,3.0,-54.0
1776884626.7431028,0.0,3.0,-57.0
1776884626.7531028,2.0,5.0,-49.0
1776884626.7631028,0.0,6.0,-49.0
1776884626.7731028,2.0,3.0,-48.0
1776884626.7831028,0.0,1.0,-47.0
1776884626.7931027,1.0,-3.0,-47.0
1776884626.8031027,4.0,-2.0,-42.0
1776884626.8131027,3.0,-2.0,-44.0
1776884626.8231027,0.0,-2.0,-42.0
1776884626.8331027,-2.0,-3.0,-42.0
1776884626.8431027,-3.0,-1.0,-43.0
1776884626.8531027,-3.0,-3.0,-41.0
1776884626.863103,-1.0,-7.0,-49.0
1776884626.873103,-3.0,-6.0,-52.0
1776884626.883103,-9.0,-6.0,-54.0
1776884626.8931026,-7.0,-8.0,-51.0
1776884626.9031026,-4.0,-10.0,-46.0
1776884626.9131026,-2.0,-11.0,-47.0
1776884626.9231029,-5.0,-12.0,-46.0
1776884626.9331028,-6.0,-11.0,-48.0
1776884626.9431028,-7.0,-8.0,-49.0
1776884626.9531028,-1.0,0.0,-47.0
1776884626.9631028,2.0,2.0,-43.0
1776884626.9731028,4.0,0.0,-45.0
1776884626.9831028,5.0,0.0,-46.0
1776884626.9931028,1.0,-1.0,-50.0
1776884627.0031028,2.0,2.0,-40.0
1776884627.0131028,-3.0,1.0,-37.0
1776884627.0231028,-5.0,-3.0,-37.0
1776884627.0331028,-1.0,-3.0,-38.0
1776884627.0431027,1.0,-2.0,-38.0
1776884627.0531027,6.0,-6.0,-41.0
1776884627.0631027,6.0,-3.0,-38.0
1776884627.0731027,2.0,-5.0,-45.0
1776884627.0831027,3.0,-4.0,-42.0
1776884627.0931027,0.0,-7.0,-35.0
1776884627.1031027,-2.0,-7.0,-39.0
1776884627.113103,1.0,-7.0,-39.0
1776884627.123103,4.0,-5.0,-38.0
1776884627.133103,5.0,-4.0,-42.0
1776884627.1431026,3.0,-4.0,-48.0
1776884627.1531026,6.0,-7.0,-50.0
1776884627.1631026,7.0,-8.0,-44.0
1776884627.1731029,4.0,-11.0,-35.0
1776884627.1831028,4.0,-8.0,-34.0
1776884627.1931028,3.0,-7.0,-38.0
1776884627.2031028,4.0,0.0,-39.0
1776884627.2131028,2.0,2.0,-42.0
1776884627.2231028,3.0,0.0,-48.0
1776884627.2331028,2.0,-3.0,-52.0
1776884627.2431028,3.0,-4.0,-52.0
1776884627.2531028,-2.0,-4.0,-51.0
1776884627.2631028,-3.0,0.0,-48.0
1776884627.2731028,-2.0,0.0,-46.0
1776884627.2831028,-1.0,-1.0,-42.0
1776884627.2931027,-2.0,0.0,-37.0
1776884627.3031027,-4.0,1.0,-37.0
1776884627.3131027,-5.0,4.0,-36.0
1776884627.3231027,-4.0,5.0,-38.0
1776884627.3331027,-3.0,2.0,-44.0
1776884627.3431027,-2.0,0.0,-44.0
1776884627.3531027,-1.0,-1.0,-40.0
1776884627.363103,-2.0,-4.0,-41.0
1776884627.373103,-8.0,-4.0,-55.0
1776884627.383103,-4.0,-2.0,-56.0
1776884627.3931026,-3.0,0.0,-54.0
1776884627.4031026,0.0,3.0,-54.0
1776884627.4131026,-2.0,0.0,-45.0
1776884627.4231029,-2.0,-2.0,-40.0
1776884627.4331028,-3.0,0.0,-33.0
1776884627.4431028,-2.0,0.0,-34.0
1776884627.4531028,-3.0,0.0,-38.0
1776884627.4631028,-4.0,-1.0,-38.0
1776884627.4731028,0.0,-1.0,-40.0
1776884627.4831028,-1.0,2.0,-41.0
1776884627.4931028,3.0,0.0,-41.0
1776884627.5031028,5.0,-1.0,-41.0
1776884627.5131028,7.0,0.0,-44.0
1776884627.5231028,1.0,0.0,-46.0
1776884627.5331028,2.0,0.0,-37.0
1776884627.5431027,2.0,0.0,-49.0
1776884627.5531027,1.0,3.0,-47.0
1776884627.5631027,0.0,1.0,-47.0
1776884627.5731027,-1.0,2.0,-50.0
1776884627.5831027,0.0,2.0,-56.0
1776884627.5931027,1.0,1.0,-57.0
1776884627.6031027,1.0,0.0,-52.0
1776884627.613103,6.0,4.0,-45.0
1776884627.623103,6.0,5.0,-51.0
1776884627.633103,0.0,4.0,-56.0
1776884627.6431026,0.0,4.0,-53.0
1776884627.6531026,-1.0,5.0,-50.0
1776884627.6631026,0.0,8.0,-49.0
1776884627.6731029,2.0,7.0,-48.0
1776884627.6831028,3.0,4.0,-51.0
1776884627.6931028,3.0,0.0,-51.0
1776884627.7041028,0.0,1.0,-55.0
1776884627.7131028,0.0,0.0,-49.0
1776884627.7231028,0.0,-1.0,-54.0
1776884627.7331028,0.0,-1.0,-54.0
1776884627.7431028,-1.0,-1.0,-53.0
1776884627.7531028,0.0,-5.0,-49.0
1776884627.7631028,0.0,-2.0,-44.0
1776884627.7731028,-2.0,-1.0,-42.0
1776884627.784103,1.0,-7.0,-52.0
1776884627.794103,-2.0,-6.0,-50.0
1776884627.804103,-1.0,-6.0,-40.0
1776884627.8141026,-4.0,-2.0,-43.0
1776884627.8241026,-3.0,-3.0,-47.0
1776884627.8341026,-2.0,-3.0,-50.0
1776884627.8441026,-5.0,-4.0,-50.0
1776884627.8541028,-6.0,0.0,-54.0
1776884627.8641028,-7.0,2.0,-52.0
1776884627.8741028,-7.0,0.0,-49.0
1776884627.8841028,-9.0,0.0,-50.0
1776884627.8941028,-10.0,1.0,-43.0
1776884627.9041028,-9.0,-3.0,-43.0
1776884627.9141028,-7.0,-7.0,-47.0
1776884627.9241028,-5.0,-5.0,-50.0
1776884627.9341028,-4.0,-1.0,-47.0
1776884627.9441028,-2.0,-1.0,-43.0
1776884627.9541028,0.0,0.0,-44.0
1776884627.9641027,0.0,0.0,-42.0
1776884627.9741027,0.0,-6.0,-35.0
1776884627.9841027,4.0,-1.0,-34.0
1776884627.9941027,3.0,2.0,-41.0
1776884628.0041027,3.0,2.0,-44.0
1776884628.0141027,-1.0,2.0,-47.0
1776884628.0241027,-5.0,-1.0,-45.0
1776884628.034103,-2.0,-2.0,-39.0
1776884628.044103,-1.0,0.0,-36.0
1776884628.054103,0.0,0.0,-33.0
1776884628.0641026,1.0,-1.0,-28.0
1776884628.0741026,-6.0,-1.0,-29.0
1776884628.0841026,-2.0,1.0,-32.0
1776884628.0941026,2.0,0.0,-38.0
1776884628.1041028,0.0,-2.0,-38.0
1776884628.1141028,2.0,-4.0,-40.0
1776884628.1241028,3.0,0.0,-40.0
1776884628.1341028,2.0,-1.0,-34.0
1776884628.1441028,0.0,-3.0,-42.0
1776884628.1541028,-4.0,-4.0,-52.0
1776884628.1641028,-5.0,-3.0,-54.0
1776884628.1741028,-5.0,-4.0,-52.0
1776884628.1841028,-1.0,-4.0,-53.0
1776884628.1941028,4.0,-5.0,-55.0
1776884628.2041028,2.0,-1.0,-56.0
1776884628.2141027,-1.0,-4.0,-51.0
1776884628.2241027,0.0,-1.0,-48.0
1776884628.2341027,1.0,6.0,-41.0
1776884628.2441027,0.0,5.0,-40.0
1776884628.2541027,0.0,1.0,-43.0
1776884628.2641027,0.0,3.0,-36.0
1776884628.2741027,-5.0,3.0,-38.0
1776884628.284103,-2.0,0.0,-37.0
1776884628.294103,1.0,-3.0,-39.0
1776884628.304103,2.0,-1.0,-40.0
1776884628.3141026,3.0,-1.0,-46.0
1776884628.3241026,4.0,-1.0,-45.0
1776884628.3341026,0.0,0.0,-44.0
1776884628.3441026,-2.0,3.0,-42.0
1776884628.3541028,-3.0,1.0,-43.0
1776884628.3641028,0.0,-2.0,-40.0
1776884628.3741028,-1.0,-3.0,-42.0
1776884628.3841028,0.0,-4.0,-35.0
1776884628.3941028,-1.0,-2.0,-36.0
1776884628.4041028,-3.0,3.0,-36.0
1776884628.4141028,-1.0,4.0,-43.0
1776884628.4241028,0.0,5.0,-43.0
1776884628.4341028,-1.0,2.0,-43.0
1776884628.4441028,-8.0,-1.0,-46.0
1776884628.4541028,-8.0,0.0,-43.0
1776884628.4641027,-3.0,-2.0,-48.0
1776884628.4741027,-1.0,-2.0,-38.0
1776884628.4841027,-4.0,-1.0,-39.0
1776884628.4941027,-6.0,-6.0,-38.0
1776884628.5041027,-10.0,-9.0,-43.0
1776884628.5141027,-4.0,-7.0,-38.0
1776884628.5241027,-2.0,-3.0,-37.0
1776884628.534103,-7.0,0.0,-42.0
1776884628.544103,-3.0,0.0,-41.0
1776884628.554103,-3.0,3.0,-46.0
1776884628.5641026,-1.0,1.0,-46.0
1776884628.5741026,1.0,0.0,-49.0
1776884628.5841026,3.0,-2.0,-47.0
1776884628.5941026,3.0,1.0,-47.0
1776884628.6041028,5.0,2.0,-50.0
1776884628.6141028,6.0,2.0,-45.0
1776884628.6241028,4.0,-1.0,-48.0
1776884628.6341028,2.0,-2.0,-51.0
1776884628.6441028,3.0,0.0,-42.0
1776884628.6541028,4.0,3.0,-45.0
1776884628.6641028,2.0,1.0,-45.0
1776884628.6741028,2.0,3.0,-42.0
1776884628.6841028,1.0,-1.0,-41.0
1776884628.6941028,0.0,0.0,-43.0
1776884628.7041028,3.0,-1.0,-44.0
1776884628.7141027,5.0,-1.0,-49.0
1776884628.7241027,4.0,-2.0,-55.0
1776884628.7341027,3.0,0.0,-54.0
1776884628.7441027,1.0,0.0,-54.0
1776884628.7541027,1.0,-1.0,-54.0
1776884628.7641027,3.0,2.0,-54.0
1776884628.7741027,0.0,0.0,-56.0
1776884628.784103,0.0,2.0,-49.0
1776884628.794103,4.0,5.0,-50.0
1776884628.804103,-3.0,0.0,-47.0
1776884628.8141026,-4.0,-2.0,-47.0
1776884628.8241026,-2.0,0.0,-47.0
1776884628.8341026,-4.0,2.0,-44.0
1776884628.8441026,-5.0,2.0,-49.0
1776884628.8541028,-1.0,0.0,-46.0
1776884628.8641028,0.0,-2.0,-47.0
1776884628.8741028,0.0,-6.0,-49.0
1776884628.8841028,-3.0,-3.0,-47.0
1776884628.8941028,0.0,-6.0,-50.0
1776884628.9041028,5.0,-6.0,-45.0
1776884628.9141028,7.0,-4.0,-38.0
1776884628.9241028,5.0,-4.0,-43.0
1776884628.9341028,3.0,-2.0,-40.0
1776884628.9441028,3.0,-6.0,-44.0
1776884628.9541028,-1.0,-4.0,-52.0
1776884628.9641027,0.0,-1.0,-52.0
1776884628.9741027,0.0,-2.0,-50.0
1776884628.9841027,-1.0,2.0,-44.0
1776884628.9941027,1.0,2.0,-46.0
1776884629.0041027,3.0,0.0,-47.0
1776884629.0141027,4.0,-1.0,-46.0
1776884629.0241027,2.0,-2.0,-42.0
1776884629.034103,4.0,-3.0,-38.0
1776884629.044103,0.0,-2.0,-46.0
1776884629.054103,-1.0,-1.0,-42.0
1776884629.0641026,-1.0,-2.0,-42.0
1776884629.0741026,1.0,-1.0,-40.0
1776884629.0841026,0.0,0.0,-46.0
1776884629.0941026,3.0,0.0,-45.0
1776884629.1041028,2.0,0.0,-46.0
1776884629.1141028,-1.0,0.0,-40.0
1776884629.1241028,1.0,4.0,-44.0
1776884629.1341028,2.0,5.0,-49.0
1776884629.1441028,0.0,2.0,-49.0
1776884629.1541028,1.0,-1.0,-49.0
1776884629.1641028,0.0,-2.0,-40.0
1776884629.1741028,2.0,-3.0,-48.0
1776884629.1841028,5.0,-4.0,-46.0
1776884629.1941028,4.0,-4.0,-42.0
1776884629.2041028,7.0,-8.0,-40.0
1776884629.2141027,12.0,-5.0,-41.0
1776884629.2241027,10.0,-8.0,-48.0
1776884629.2341027,6.0,-4.0,-44.0
1776884629.2441027,3.0,-1.0,-44.0
1776884629.2541027,0.0,-5.0,-45.0
1776884629.2641027,1.0,-3.0,-49.0
1776884629.2741027,2.0,-4.0,-47.0
1776884629.284103,5.0,-5.0,-46.0
1776884629.294103,7.0,-6.0,-48.0
1776884629.304103,6.0,-3.0,-46.0
1776884629.3141026,4.0,-1.0,-42.0
1776884629.3241026,5.0,2.0,-47.0
1776884629.3341026,1.0,2.0,-45.0
1776884629.3441026,-1.0,4.0,-46.0
1776884629.3541028,2.0,1.0,-50.0
1776884629.3641028,9.0,1.0,-53.0
1776884629.3741028,8.0,1.0,-57.0
1776884629.3841028,6.0,-2.0,-55.0
1776884629.3941028,7.0,-1.0,-52.0
1776884629.4041028,5.0,0.0,-44.0
1776884629.4141028,4.0,3.0,-44.0
1776884629.4241028,1.0,4.0,-43.0
1776884629.4341028,3.0,0.0,-48.0
1776884629.4441028,3.0,-2.0,-52.0
1776884629.4541028,6.0,0.0,-48.0
1776884629.4641027,7.0,2.0,-47.0
1776884629.4741027,4.0,-2.0,-35.0
1776884629.4841027,2.0,-1.0,-41.0
1776884629.4941027,5.0,1.0,-44.0
1776884629.5041027,2.0,1.0,-43.0
1776884629.5141027,1.0,2.0,-44.0
1776884629.5241027,0.0,0.0,-37.0
1776884629.534103,1.0,1.0,-35.0
1776884629.544103,3.0,0.0,-36.0
1776884629.554103,2.0,-2.0,-40.0
1776884629.5641026,3.0,-2.0,-46.0
1776884629.5741026,4.0,-1.0,-47.0
1776884629.5841026,3.0,-1.0,-49.0
1776884629.5941026,1.0,-1.0,-51.0
1776884629.6041028,1.0,-5.0,-53.0
1776884629.6141028,5.0,-5.0,-55.0
1776884629.6241028,10.0,-8.0,-51.0
1776884629.6341028,11.0,-4.0,-53.0
1776884629.6441028,10.0,-2.0,-56.0
1776884629.6541028,10.0,0.0,-53.0
1776884629.6641028,7.0,1.0,-59.0
1776884629.6741028,1.0,0.0,-54.0
1776884629.6841028,4.0,-1.0,-50.0
1776884629.6941028,5.0,-2.0,-43.0
1776884629.7051027,2.0,-7.0,-37.0
1776884629.7141027,0.0,-4.0,-37.0
1776884629.7241027,-4.0,-3.0,-42.0
1776884629.7341027,-8.0,-4.0,-40.0
1776884629.7441027,-2.0,-2.0,-33.0
1776884629.7551026,0.0,-2.0,-33.0
1776884629.7651026,-1.0,1.0,-33.0
1776884629.7751029,0.0,1.0,-41.0
1776884629.784103,-1.0,0.0,-49.0
1776884629.7951028,-1.0,1.0,-49.0
1776884629.8051028,0.0,1.0,-46.0
1776884629.8151028,3.0,0.0,-50.0
1776884629.8251028,6.0,-1.0,-51.0
1776884629.8351028,7.0,0.0,-49.0
1776884629.8451028,10.0,0.0,-45.0
1776884629.8551028,9.0,0.0,-45.0
1776884629.8651028,6.0,1.0,-48.0
1776884629.8751028,3.0,1.0,-52.0
1776884629.8851027,2.0,4.0,-56.0
1776884629.8951027,7.0,2.0,-55.0
1776884629.9051027,5.0,-1.0,-50.0
1776884629.9151027,6.0,0.0,-51.0
1776884629.9251027,0.0,4.0,-47.0
1776884629.9351027,0.0,3.0,-43.0
1776884629.9451027,0.0,2.0,-36.0
1776884629.9551027,1.0,0.0,-43.0
1776884629.965103,1.0,-1.0,-49.0
1776884629.975103,0.0,0.0,-49.0
1776884629.985103,-1.0,0.0,-51.0
1776884629.9951026,-2.0,-2.0,-37.0
1776884630.0051026,2.0,-1.0,-42.0
1776884630.0151026,5.0,2.0,-50.0
1776884630.0251029,0.0,-2.0,-52.0
1776884630.0351028,0.0,-2.0,-50.0
1776884630.0451028,1.0,-5.0,-47.0
1776884630.0551028,4.0,-8.0,-50.0
1776884630.0651028,5.0,-7.0,-52.0
1776884630.0751028,6.0,-2.0,-55.0
1776884630.0851028,2.0,-4.0,-58.0
1776884630.0951028,2.0,-3.0,-57.0
1776884630.1051028,0.0,0.0,-57.0
1776884630.1151028,1.0,-3.0,-53.0
1776884630.1251028,3.0,-2.0,-51.0
1776884630.1351027,5.0,-4.0,-45.0
1776884630.1451027,-1.0,-3.0,-44.0
1776884630.1551027,0.0,-6.0,-45.0
1776884630.1651027,-1.0,-7.0,-48.0
1776884630.1751027,2.0,-2.0,-51.0
1776884630.1851027,3.0,-1.0,-54.0
1776884630.1951027,7.0,2.0,-57.0
1776884630.2051027,9.0,-2.0,-55.0
1776884630.215103,6.0,0.0,-49.0
1776884630.225103,2.0,-2.0,-45.0
1776884630.235103,3.0,-3.0,-48.0
1776884630.2451026,0.0,-1.0,-44.0
1776884630.2551026,2.0,-4.0,-43.0
1776884630.2651026,3.0,-5.0,-45.0
1776884630.2751029,1.0,-4.0,-38.0
1776884630.2851028,-2.0,-6.0,-42.0
1776884630.2951028,0.0,-5.0,-43.0
1776884630.3051028,3.0,-3.0,-51.0
1776884630.3151028,3.0,-5.0,-47.0
1776884630.3251028,5.0,-6.0,-45.0
1776884630.3351028,2.0,-4.0,-52.0
1776884630.3451028,6.0,-3.0,-52.0
1776884630.3551028,6.0,0.0,-51.0
1776884630.3651028,4.0,1.0,-45.0
1776884630.3751028,4.0,0.0,-45.0
1776884630.3851027,0.0,0.0,-46.0
1776884630.3951027,-4.0,-2.0,-46.0
1776884630.4051027,-2.0,2.0,-43.0
1776884630.4151027,-1.0,3.0,-43.0
1776884630.4251027,-2.0,-1.0,-38.0
1776884630.4351027,0.0,0.0,-37.0
1776884630.4451027,-1.0,0.0,-46.0
1776884630.4551027,-2.0,-2.0,-40.0
1776884630.465103,0.0,2.0,-39.0
1776884630.475103,2.0,0.0,-34.0
1776884630.485103,0.0,-4.0,-40.0
1776884630.4951026,0.0,-3.0,-46.0
1776884630.5051026,3.0,-2.0,-47.0
1776884630.5151026,-2.0,-2.0,-41.0
1776884630.5251029,1.0,-1.0,-32.0
1776884630.5351028,1.0,0.0,-35.0
1776884630.5451028,1.0,0.0,-43.0
1776884630.5551028,0.0,0.0,-43.0
1776884630.5651028,-2.0,0.0,-40.0
1776884630.5751028,0.0,1.0,-46.0
1776884630.5851028,0.0,1.0,-50.0
1776884630.5951028,0.0,4.0,-41.0
1776884630.6051028,0.0,0.0,-42.0
1776884630.6151028,0.0,0.0,-42.0
1776884630.6251028,1.0,-1.0,-41.0
1776884630.6351027,2.0,-3.0,-43.0
1776884630.6451027,5.0,-1.0,-39.0
1776884630.6551027,1.0,0.0,-37.0
1776884630.6651027,4.0,-2.0,-43.0
1776884630.6751027,3.0,-4.0,-45.0
1776884630.6851027,0.0,-3.0,-47.0
1776884630.6951027,-2.0,0.0,-42.0
1776884630.7051027,-1.0,4.0,-43.0
1776884630.715103,0.0,0.0,-42.0
1776884630.725103,1.0,1.0,-45.0
1776884630.735103,3.0,1.0,-45.0
1776884630.7451026,1.0,0.0,-42.0
1776884630.7551026,-1.0,0.0,-45.0
1776884630.7651026,5.0,0.0,-49.0
1776884630.7751029,5.0,-2.0,-43.0
1776884630.7851028,2.0,-3.0,-40.0
1776884630.7951028,3.0,-3.0,-33.0
1776884630.8051028,4.0,-3.0,-36.0
1776884630.8151028,0.0,3.0,-45.0
1776884630.8251028,1.0,3.0,-49.0
1776884630.8351028,3.0,3.0,-43.0
1776884630.8451028,4.0,2.0,-41.0
1776884630.8551028,0.0,-2.0,-34.0
1776884630.8651028,-1.0,-2.0,-35.0
1776884630.8751028,-1.0,-1.0,-36.0
1776884630.8851027,2.0,0.0,-37.0
1776884630.8951027,4.0,1.0,-37.0
1776884630.9051027,-1.0,0.0,-43.0
1776884630.9151027,-1.0,-1.0,-49.0
1776884630.9251027,-1.0,1.0,-50.0
1776884630.9351027,1.0,1.0,-49.0
1776884630.9451027,3.0,0.0,-56.0
1776884630.9551027,1.0,0.0,-60.0
1776884630.965103,5.0,-2.0,-62.0
1776884630.975103,7.0,-6.0,-58.0
1776884630.985103,7.0,-2.0,-59.0
1776884630.9951026,3.0,-1.0,-61.0
1776884631.0051026,4.0,1.0,-62.0
1776884631.0151026,2.0,0.0,-54.0
1776884631.0251029,4.0,2.0,-50.0
1776884631.0351028,7.0,2.0,-50.0
1776884631.0451028,6.0,4.0,-48.0
1776884631.0551028,5.0,6.0,-45.0
1776884631.0651028,4.0,7.0,-41.0
1776884631.0751028,4.0,3.0,-44.0
1776884631.0851028,5.0,1.0,-43.0
1776884631.0951028,5.0,0.0,-38.0
1776884631.1051028,5.0,-2.0,-40.0
1776884631.1151028,3.0,0.0,-46.0
1776884631.1251028,6.0,1.0,-47.0
1776884631.1351027,3.0,4.0,-47.0
1776884631.1451027,2.0,1.0,-46.0
1776884631.1551027,0.0,-1.0,-51.0
1776884631.1651027,-1.0,3.0,-51.0
1776884631.1751027,0.0,4.0,-47.0
1776884631.1851027,-1.0,2.0,-46.0
1776884631.1951027,-5.0,1.0,-43.0
1776884631.2051027,-3.0,-2.0,-44.0
1776884631.215103,-3.0,-2.0,-52.0
1776884631.225103,-6.0,-2.0,-53.0
1776884631.235103,-3.0,-5.0,-59.0
1776884631.2451026,3.0,-7.0,-55.0
1776884631.2551026,3.0,-4.0,-53.0
1776884631.2651026,8.0,-7.0,-51.0
1776884631.2751029,6.0,-5.0,-60.0
1776884631.2851028,9.0,-1.0,-63.0
1776884631.2951028,9.0,3.0,-66.0
1776884631.3051028,9.0,3.0,-65.0
1776884631.3151028,4.0,4.0,-58.0
1776884631.3251028,4.0,6.0,-60.0
1776884631.3351028,3.0,6.0,-60.0
1776884631.3451028,0.0,1.0,-59.0
1776884631.3551028,0.0,5.0,-47.0
1776884631.3651028,1.0,5.0,-46.0
1776884631.3751028,0.0,4.0,-50.0
1776884631.3851027,1.0,4.0,-51.0
1776884631.3951027,6.0,2.0,-52.0
1776884631.4051027,8.0,-1.0,-50.0
1776884631.4151027,3.0,-1.0,-43.0
1776884631.4251027,5.0,-2.0,-41.0
1776884631.4351027,6.0,-2.0,-40.0
1776884631.4451027,7.0,0.0,-33.0
1776884631.4551027,4.0,0.0,-40.0
1776884631.465103,3.0,-2.0,-45.0
1776884631.475103,3.0,-4.0,-43.0
1776884631.485103,1.0,-3.0,-43.0
1776884631.4951026,3.0,-2.0,-41.0
1776884631.5051026,-2.0,-3.0,-41.0
1776884631.5151026,-5.0,-5.0,-51.0
1776884631.5251029,0.0,0.0,-49.0
1776884631.5351028,4.0,-1.0,-54.0
1776884631.5451028,6.0,-4.0,-53.0
1776884631.5551028,4.0,-3.0,-51.0
1776884631.5651028,0.0,0.0,-52.0
1776884631.5751028,2.0,-1.0,-49.0
1776884631.5851028,7.0,1.0,-46.0
1776884631.5951028,8.0,1.0,-52.0
1776884631.6051028,7.0,0.0,-52.0
1776884631.6151028,9.0,0.0,-59.0
1776884631.6251028,12.0,-2.0,-56.0
1776884631.6351027,7.0,-4.0,-58.0
1776884631.6451027,9.0,-4.0,-52.0
1776884631.6551027,7.0,-5.0,-50.0
1776884631.6651027,11.0,-3.0,-49.0
1776884631.6751027,9.0,-2.0,-50.0
1776884631.6851027,5.0,1.0,-55.0
1776884631.6951027,5.0,1.0,-57.0
1776884631.7061028,4.0,2.0,-53.0
1776884631.7161028,7.0,3.0,-53.0
1776884631.725103,10.0,5.0,-46.0
1776884631.7361028,8.0,2.0,-43.0
1776884631.7461028,4.0,1.0,-41.0
1776884631.7561028,4.0,-4.0,-45.0
1776884631.7661028,2.0,-5.0,-48.0
1776884631.7761028,-1.0,-6.0,-46.0
1776884631.7861028,-2.0,-3.0,-46.0
1776884631.7961028,-4.0,-5.0,-51.0
1776884631.8061028,-3.0,-1.0,-51.0
1776884631.8161027,0.0,-2.0,-51.0
1776884631.8261027,0.0,-3.0,-50.0
1776884631.8361027,0.0,-2.0,-53.0
1776884631.8461027,-2.0,-1.0,-52.0
1776884631.8561027,-2.0,2.0,-49.0
1776884631.8661027,-2.0,2.0,-49.0
1776884631.8761027,-7.0,1.0,-49.0
1776884631.886103,-3.0,1.0,-45.0
1776884631.896103,0.0,2.0,-50.0
1776884631.906103,0.0,2.0,-54.0
1776884631.9161026,2.0,1.0,-49.0
1776884631.9261026,1.0,2.0,-46.0
1776884631.9361026,3.0,3.0,-46.0
1776884631.9461029,3.0,2.0,-53.0
1776884631.9561028,0.0,4.0,-53.0
1776884631.9661028,-1.0,3.0,-46.0
1776884631.9761028,2.0,5.0,-41.0
1776884631.9861028,9.0,1.0,-38.0
1776884631.9961028,9.0,0.0,-37.0
1776884632.0061028,2.0,0.0,-38.0
1776884632.0161028,1.0,0.0,-38.0
1776884632.0261028,-1.0,1.0,-38.0
1776884632.0361028,-1.0,0.0,-39.0
1776884632.0461028,0.0,0.0,-43.0
1776884632.0561028,-1.0,-3.0,-50.0
1776884632.0661027,-1.0,-3.0,-57.0
1776884632.0761027,-3.0,-5.0,-47.0
1776884632.0861027,-5.0,-6.0,-43.0
1776884632.0961027,-2.0,-3.0,-44.0
1776884632.1061027,0.0,-4.0,-42.0
1776884632.1161027,-1.0,-3.0,-43.0
1776884632.1261027,0.0,-2.0,-54.0
1776884632.136103,3.0,-2.0,-54.0
1776884632.146103,5.0,-2.0,-55.0
1776884632.156103,4.0,1.0,-53.0
1776884632.1661026,4.0,5.0,-45.0
1776884632.1761026,2.0,1.0,-49.0
1776884632.1861026,0.0,-4.0,-47.0
1776884632.1961029,3.0,-6.0,-61.0
1776884632.2061028,2.0,-2.0,-55.0
1776884632.2161028,0.0,-3.0,-48.0
1776884632.2261028,2.0,1.0,-48.0
1776884632.2361028,0.0,2.0,-48.0
1776884632.2461028,-5.0,0.0,-50.0
1776884632.2561028,-9.0,-5.0,-49.0
1776884632.2661028,-3.0,-4.0,-51.0
1776884632.2761028,-2.0,-5.0,-55.0
1776884632.2861028,3.0,-4.0,-51.0
1776884632.2961028,4.0,-7.0,-50.0
1776884632.3061028,4.0,-12.0,-56.0
1776884632.3161027,0.0,-12.0,-56.0
1776884632.3261027,0.0,-8.0,-51.0
1776884632.3361027,1.0,-5.0,-46.0
1776884632.3461027,3.0,-3.0,-46.0
1776884632.3561027,8.0,-3.0,-43.0
1776884632.3661027,9.0,0.0,-39.0
1776884632.3761027,6.0,0.0,-36.0
1776884632.386103,4.0,-2.0,-43.0
1776884632.396103,1.0,0.0,-44.0
1776884632.406103,1.0,3.0,-41.0
1776884632.4161026,0.0,3.0,-47.0
1776884632.4261026,4.0,3.0,-45.0
1776884632.4361026,6.0,7.0,-50.0
1776884632.4461029,4.0,3.0,-44.0
1776884632.4561028,2.0,0.0,-42.0
1776884632.4661028,5.0,-1.0,-41.0
1776884632.4761028,9.0,0.0,-41.0
1776884632.4861028,4.0,-5.0,-38.0
1776884632.4961028,1.0,-2.0,-42.0
1776884632.5061028,1.0,1.0,-49.0
1776884632.5161028,-1.0,0.0,-53.0
1776884632.5261028,-4.0,-3.0,-47.0
1776884632.5361028,-3.0,-4.0,-50.0
1776884632.5461028,4.0,-4.0,-54.0
1776884632.5561028,0.0,-1.0,-49.0
1776884632.5661027,0.0,-1.0,-43.0
1776884632.5761027,2.0,0.0,-40.0
1776884632.5861027,0.0,0.0,-38.0
1776884632.5961027,3.0,1.0,-36.0
1776884632.6061027,7.0,0.0,-39.0
1776884632.6161027,4.0,-1.0,-36.0
1776884632.6261027,3.0,2.0,-34.0
1776884632.636103,2.0,5.0,-38.0
1776884632.646103,1.0,6.0,-41.0
1776884632.656103,0.0,6.0,-39.0
1776884632.6661026,2.0,3.0,-40.0
1776884632.6761026,4.0,2.0,-41.0
1776884632.6861026,1.0,0.0,-44.0
1776884632.6961029,-1.0,0.0,-44.0
1776884632.7061028,-6.0,2.0,-45.0
1776884632.7161028,-6.0,1.0,-43.0
1776884632.7261028,-6.0,-5.0,-42.0
1776884632.7361028,-8.0,-8.0,-37.0
1776884632.7461028,-5.0,-3.0,-39.0
1776884632.7561028,-4.0,-2.0,-43.0
1776884632.7661028,-2.0,-4.0,-45.0
1776884632.7761028,-5.0,-6.0,-41.0
1776884632.7861028,-2.0,-3.0,-46.0
1776884632.7961028,0.0,0.0,-45.0
1776884632.8061028,0.0,5.0,-44.0
1776884632.8161027,-1.0,6.0,-42.0
1776884632.8261027,0.0,5.0,-42.0
1776884632.8361027,-1.0,3.0,-43.0
1776884632.8461027,0.0,6.0,-43.0
1776884632.8561027,2.0,4.0,-46.0
1776884632.8661027,6.0,3.0,-46.0
1776884632.8761027,6.0,0.0,-43.0
1776884632.886103,0.0,-3.0,-44.0
1776884632.896103,0.0,-1.0,-38.0
1776884632.906103,-3.0,-3.0,-33.0
1776884632.9161026,1.0,-2.0,-31.0
1776884632.9261026,1.0,-4.0,-33.0
1776884632.9361026,7.0,-6.0,-33.0
1776884632.9461029,8.0,-2.0,-36.0
1776884632.9561028,6.0,0.0,-49.0
1776884632.9661028,1.0,0.0,-53.0
1776884632.9761028,1.0,0.0,-53.0
1776884632.9861028,4.0,2.0,-47.0
1776884632.9961028,3.0,-1.0,-53.0
1776884633.0061028,0.0,0.0,-49.0
1776884633.0161028,0.0,0.0,-37.0
1776884633.0261028,-4.0,0.0,-39.0
1776884633.0361028,-4.0,2.0,-37.0
1776884633.0461028,-7.0,4.0,-38.0
1776884633.0561028,-6.0,4.0,-42.0
1776884633.0661027,0.0,3.0,-43.0
1776884633.0761027,-1.0,-1.0,-44.0
1776884633.0861027,0.0,-5.0,-48.0
1776884633.0961027,-6.0,-8.0,-51.0
1776884633.1061027,-3.0,-4.0,-39.0
1776884633.1161027,-3.0,-4.0,-42.0
1776884633.1261027,-5.0,-1.0,-43.0
1776884633.136103,-4.0,-2.0,-47.0
1776884633.146103,-4.0,2.0,-48.0
1776884633.156103,-3.0,1.0,-41.0
1776884633.1661026,2.0,0.0,-31.0
1776884633.1761026,0.0,0.0,-31.0
1776884633.1861026,2.0,1.0,-34.0
1776884633.1961029,1.0,0.0,-38.0
1776884633.2061028,1.0,-5.0,-43.0
1776884633.2161028,2.0,-4.0,-45.0
1776884633.2261028,-1.0,-2.0,-48.0
1776884633.2361028,-4.0,-1.0,-51.0
1776884633.2461028,-1.0,2.0,-48.0
1776884633.2561028,0.0,2.0,-51.0
1776884633.2661028,-2.0,0.0,-50.0
1776884633.2761028,-1.0,1.0,-41.0
1776884633.2861028,0.0,1.0,-42.0
1776884633.2961028,0.0,7.0,-45.0
1776884633.3061028,1.0,7.0,-35.0
1776884633.3161027,0.0,6.0,-34.0
1776884633.3261027,-1.0,1.0,-39.0
1776884633.3361027,0.0,-5.0,-40.0
1776884633.3461027,0.0,-3.0,-43.0
1776884633.3561027,2.0,-2.0,-37.0
1776884633.3661027,4.0,0.0,-32.0
1776884633.3761027,4.0,0.0,-33.0
1776884633.386103,4.0,-1.0,-37.0
1776884633.396103,6.0,3.0,-41.0
1776884633.406103,0.0,1.0,-40.0
1776884633.4161026,-2.0,2.0,-39.0
1776884633.4261026,1.0,3.0,-38.0
1776884633.4361026,6.0,1.0,-42.0
1776884633.4461029,2.0,0.0,-37.0
1776884633.4561028,0.0,0.0,-42.0
1776884633.4661028,-2.0,-3.0,-38.0
1776884633.4761028,-1.0,-4.0,-40.0
1776884633.4861028,-2.0,-7.0,-33.0
1776884633.4961028,-4.0,-3.0,-36.0
1776884633.5061028,-4.0,-2.0,-42.0
1776884633.5161028,-6.0,-3.0,-43.0
1776884633.5261028,-5.0,-7.0,-43.0
1776884633.5361028,0.0,-4.0,-44.0
1776884633.5461028,1.0,-4.0,-55.0
1776884633.5561028,3.0,-2.0,-53.0
1776884633.5661027,0.0,-3.0,-47.0
1776884633.5761027,-1.0,-3.0,-47.0
1776884633.5861027,0.0,-2.0,-50.0
1776884633.5961027,0.0,-4.0,-43.0
1776884633.6061027,0.0,-3.0,-43.0
1776884633.6161027,2.0,-6.0,-44.0
1776884633.6261027,3.0,-5.0,-48.0
1776884633.636103,0.0,-12.0,-43.0
1776884633.646103,-1.0,-11.0,-42.0
1776884633.656103,0.0,-6.0,-43.0
1776884633.6661026,0.0,-4.0,-50.0
1776884633.6761026,-1.0,-4.0,-56.0
1776884633.6861026,-2.0,-2.0,-47.0
1776884633.6971028,-2.0,0.0,-41.0
1776884633.7071028,-3.0,-1.0,-46.0
1776884633.7171028,-3.0,-3.0,-50.0
1776884633.7271028,-1.0,-2.0,-48.0
1776884633.7361028,-2.0,1.0,-37.0
1776884633.7471027,0.0,-1.0,-35.0
1776884633.7571027,-2.0,-3.0,-36.0
1776884633.7671027,3.0,-7.0,-43.0
1776884633.7771027,3.0,-8.0,-49.0
1776884633.7871027,2.0,-7.0,-49.0
1776884633.7971027,5.0,-6.0,-42.0
1776884633.807103,2.0,-5.0,-41.0
1776884633.817103,2.0,-6.0,-36.0
1776884633.827103,-2.0,-9.0,-38.0
1776884633.837103,-2.0,-6.0,-44.0
1776884633.8471026,-1.0,-4.0,-44.0
1776884633.8571026,-1.0,-3.0,-40.0
1776884633.8671026,-5.0,-4.0,-49.0
1776884633.8771029,-3.0,-4.0,-55.0
1776884633.8871028,-2.0,-5.0,-49.0
1776884633.8971028,-7.0,-3.0,-42.0
1776884633.9071028,-7.0,-5.0,-39.0
1776884633.9171028,-1.0,-7.0,-40.0
1776884633.9271028,-2.0,-11.0,-37.0
1776884633.9371028,-2.0,-11.0,-34.0
1776884633.9471028,-3.0,-6.0,-39.0
1776884633.9571028,0.0,-5.0,-45.0
1776884633.9671028,0.0,-3.0,-48.0
1776884633.9771028,3.0,0.0,-44.0
1776884633.9871027,4.0,-1.0,-49.0
1776884633.9971027,1.0,0.0,-55.0
1776884634.0071027,0.0,-3.0,-54.0
1776884634.0171027,1.0,-1.0,-54.0
1776884634.0271027,2.0,0.0,-47.0
1776884634.0371027,2.0,-2.0,-51.0
1776884634.0471027,2.0,0.0,-54.0
1776884634.057103,2.0,-4.0,-59.0
1776884634.067103,6.0,-6.0,-59.0
1776884634.077103,5.0,-5.0,-55.0
1776884634.087103,2.0,-6.0,-62.0
1776884634.0971026,-2.0,-1.0,-54.0
1776884634.1071026,-4.0,-3.0,-49.0
1776884634.1171026,-5.0,-6.0,-46.0
1776884634.1271029,-1.0,-1.0,-44.0
1776884634.1371028,0.0,0.0,-42.0
1776884634.1471028,-2.0,1.0,-40.0
1776884634.1571028,-9.0,-1.0,-43.0
1776884634.1671028,-11.0,-5.0,-43.0
1776884634.1771028,-8.0,-4.0,-50.0
1776884634.1871028,-5.0,-2.0,-53.0
1776884634.1971028,-6.0,0.0,-45.0
1776884634.2071028,-5.0,-1.0,-49.0
1776884634.2171028,-6.0,0.0,-50.0
1776884634.2271028,-3.0,2.0,-53.0
1776884634.2371027,-1.0,0.0,-51.0
1776884634.2471027,4.0,0.0,-49.0
1776884634.2571027,4.0,-3.0,-51.0
1776884634.2671027,1.0,-2.0,-55.0
1776884634.2771027,0.0,0.0,-51.0
1776884634.2871027,0.0,0.0,-48.0
1776884634.2971027,-1.0,-2.0,-48.0
1776884634.307103,3.0,0.0,-53.0
1776884634.317103,4.0,-2.0,-54.0
1776884634.327103,2.0,-5.0,-47.0
1776884634.337103,0.0,-6.0,-43.0
1776884634.3471026,3.0,-7.0,-48.0
1776884634.3571026,0.0,-2.0,-52.0
1776884634.3671026,5.0,0.0,-49.0
1776884634.3771029,6.0,-4.0,-47.0
1776884634.3871028,2.0,-1.0,-45.0
1776884634.3971028,0.0,-2.0,-37.0
1776884634.4071028,-2.0,-2.0,-35.0
1776884634.4171028,0.0,-2.0,-37.0
1776884634.4271028,-2.0,-2.0,-37.0
1776884634.4371028,-3.0,-4.0,-34.0
1776884634.4471028,-6.0,-6.0,-35.0
1776884634.4571028,1.0,-5.0,-35.0
1776884634.4671028,-1.0,-3.0,-36.0
1776884634.4771028,-10.0,-2.0,-35.0
1776884634.4871027,-6.0,0.0,-45.0
1776884634.4971027,-4.0,1.0,-53.0
1776884634.5071027,-3.0,-1.0,-50.0
1776884634.5171027,0.0,-1.0,-46.0
1776884634.5271027,2.0,-4.0,-50.0
1776884634.5371027,1.0,-2.0,-52.0
1776884634.5471027,3.0,-2.0,-45.0
1776884634.557103,3.0,0.0,-44.0
1776884634.567103,4.0,0.0,-46.0
1776884634.577103,0.0,0.0,-45.0
1776884634.587103,-1.0,0.0,-40.0
1776884634.5971026,-3.0,0.0,-45.0
1776884634.6071026,-1.0,-4.0,-45.0
1776884634.6171026,-7.0,-1.0,-53.0
1776884634.6271029,-8.0,0.0,-46.0
1776884634.6371028,-7.0,-1.0,-52.0
1776884634.6471028,-3.0,-1.0,-48.0
1776884634.6571028,-1.0,0.0,-46.0
1776884634.6671028,-1.0,-1.0,-48.0
1776884634.6771028,-1.0,0.0,-47.0
1776884634.6871028,0.0,-2.0,-47.0
1776884634.6971028,-3.0,-1.0,-43.0
1776884634.7071028,1.0,-1.0,-42.0
1776884634.7171028,0.0,0.0,-42.0
1776884634.7271028,1.0,3.0,-46.0
1776884634.7371027,3.0,3.0,-41.0
1776884634.7471027,-1.0,1.0,-42.0
1776884634.7571027,-3.0,0.0,-48.0
1776884634.7671027,0.0,0.0,-46.0
1776884634.7771027,0.0,-6.0,-49.0
1776884634.7871027,0.0,-3.0,-43.0
1776884634.7971027,0.0,-3.0,-42.0
1776884634.807103,0.0,-5.0,-50.0
1776884634.817103,-1.0,-3.0,-53.0
1776884634.827103,-6.0,-2.0,-55.0
1776884634.837103,-4.0,0.0,-52.0
1776884634.8471026,-1.0,2.0,-48.0
1776884634.8571026,-2.0,1.0,-48.0
1776884634.8671026,-2.0,0.0,-51.0
1776884634.8771029,-1.0,4.0,-50.0
1776884634.8871028,0.0,3.0,-55.0
1776884634.8971028,6.0,3.0,-50.0
1776884634.9071028,6.0,1.0,-41.0
1776884634.9171028,2.0,2.0,-42.0
1776884634.9271028,0.0,0.0,-49.0
1776884634.9371028,1.0,-7.0,-47.0
1776884634.9471028,3.0,-7.0,-46.0
1776884634.9571028,6.0,-9.0,-43.0
1776884634.9671028,6.0,-3.0,-50.0
1776884634.9771028,3.0,-1.0,-53.0
1776884634.9871027,-1.0,0.0,-48.0
1776884634.9971027,2.0,-1.0,-55.0
1776884635.0071027,5.0,0.0,-49.0
1776884635.0171027,2.0,-1.0,-43.0
1776884635.0271027,3.0,-4.0,-44.0
1776884635.0371027,8.0,-9.0,-43.0
1776884635.0471027,4.0,-11.0,-42.0
1776884635.057103,6.0,-10.0,-43.0
1776884635.067103,3.0,-7.0,-49.0
1776884635.077103,4.0,-4.0,-51.0
1776884635.087103,3.0,-2.0,-52.0
1776884635.0971026,0.0,-2.0,-54.0
1776884635.1071026,2.0,-1.0,-56.0
1776884635.1171026,5.0,0.0,-54.0
1776884635.1271029,3.0,-2.0,-49.0
1776884635.1371028,0.0,-4.0,-54.0
1776884635.1471028,-4.0,-4.0,-56.0
1776884635.1571028,-2.0,-9.0,-53.0
1776884635.1671028,0.0,-5.0,-57.0
1776884635.1771028,-2.0,-1.0,-55.0
1776884635.1871028,0.0,-1.0,-61.0
1776884635.1971028,1.0,-2.0,-64.0
1776884635.2071028,-3.0,-5.0,-61.0
1776884635.2171028,-3.0,-7.0,-54.0
1776884635.2271028,-4.0,-9.0,-50.0
1776884635.2371027,0.0,-1.0,-49.0
1776884635.2471027,-3.0,0.0,-47.0
1776884635.2571027,-3.0,-2.0,-52.0
1776884635.2671027,-2.0,-5.0,-49.0
1776884635.2771027,0.0,-4.0,-49.0
1776884635.2871027,3.0,-3.0,-52.0
1776884635.2971027,0.0,-4.0,-57.0
1776884635.307103,0.0,-2.0,-55.0
1776884635.317103,2.0,0.0,-59.0
1776884635.327103,2.0,-2.0,-50.0
1776884635.337103,1.0,-6.0,-53.0
1776884635.3471026,0.0,-7.0,-58.0
1776884635.3571026,-3.0,-8.0,-53.0
1776884635.3671026,-2.0,-7.0,-45.0
1776884635.3771029,-2.0,-7.0,-43.0
1776884635.3871028,0.0,-9.0,-44.0
1776884635.3971028,2.0,-6.0,-46.0
1776884635.4071028,0.0,-7.0,-49.0
1776884635.4171028,-1.0,-5.0,-51.0
1776884635.4271028,-2.0,-1.0,-49.0
1776884635.4371028,-1.0,1.0,-54.0
1776884635.4471028,-1.0,4.0,-56.0
1776884635.4571028,0.0,0.0,-54.0
1776884635.4671028,0.0,0.0,-45.0
1776884635.4771028,0.0,0.0,-50.0
1776884635.4871027,2.0,0.0,-47.0
1776884635.4971027,3.0,0.0,-46.0
1776884635.5071027,4.0,4.0,-41.0
1776884635.5171027,1.0,3.0,-40.0
1776884635.5271027,0.0,0.0,-36.0
1776884635.5371027,-2.0,2.0,-42.0
1776884635.5471027,-1.0,3.0,-46.0
1776884635.557103,1.0,4.0,-47.0
1776884635.567103,0.0,0.0,-50.0
1776884635.577103,0.0,-1.0,-47.0
1776884635.587103,0.0,-3.0,-51.0
1776884635.5971026,2.0,-4.0,-44.0
1776884635.6071026,3.0,-2.0,-43.0
1776884635.6171026,0.0,-3.0,-45.0
1776884635.6281028,-4.0,-7.0,-43.0
1776884635.6381028,-9.0,-9.0,-40.0
1776884635.6481028,-5.0,-7.0,-37.0
1776884635.6581028,-2.0,-5.0,-36.0
1776884635.6681027,0.0,-6.0,-43.0
1776884635.6781027,-1.0,-5.0,-54.0
1776884635.6881027,0.0,-2.0,-59.0
1776884635.6981027,0.0,-2.0,-53.0
1776884635.7081027,3.0,-2.0,-52.0
1776884635.7181027,1.0,-1.0,-54.0
1776884635.7281027,2.0,0.0,-57.0
1776884635.738103,-1.0,0.0,-55.0
1776884635.748103,0.0,0.0,-56.0
1776884635.758103,6.0,0.0,-50.0
1776884635.7681026,9.0,-1.0,-49.0
1776884635.7781026,7.0,0.0,-58.0
1776884635.7881026,8.0,1.0,-54.0
1776884635.7981029,6.0,2.0,-51.0
1776884635.8081028,3.0,6.0,-51.0
1776884635.8181028,-3.0,4.0,-47.0
1776884635.8281028,-3.0,2.0,-46.0
1776884635.8381028,-6.0,-2.0,-47.0
1776884635.8481028,-5.0,-2.0,-46.0
1776884635.8581028,-4.0,-3.0,-43.0
1776884635.8681028,-4.0,-2.0,-44.0
1776884635.8781028,-8.0,-2.0,-36.0
1776884635.8881028,-4.0,-4.0,-44.0
1776884635.8981028,-1.0,-3.0,-45.0
1776884635.9081028,0.0,-4.0,-41.0
1776884635.9181027,0.0,-3.0,-34.0
1776884635.9281027,-3.0,-4.0,-38.0
1776884635.9381027,-9.0,-6.0,-49.0
1776884635.9481027,-10.0,-6.0,-48.0
1776884635.9581027,-12.0,-7.0,-52.0
1776884635.9681027,-15.0,-6.0,-50.0
1776884635.9781027,-9.0,-6.0,-50.0
1776884635.988103,-7.0,-3.0,-45.0
1776884635.998103,-3.0,-2.0,-39.0
1776884636.008103,-4.0,4.0,-38.0
1776884636.0181026,-3.0,3.0,-37.0
1776884636.0281026,-3.0,1.0,-40.0
1776884636.0381026,-1.0,3.0,-37.0
1776884636.0481029,0.0,3.0,-38.0
1776884636.0581028,-3.0,0.0,-41.0
1776884636.0681028,0.0,-5.0,-44.0
1776884636.0781028,-1.0,-4.0,-46.0
1776884636.0881028,0.0,-5.0,-48.0
1776884636.0981028,4.0,-7.0,-49.0
1776884636.1081028,4.0,-5.0,-47.0
1776884636.1181028,8.0,-7.0,-48.0
1776884636.1281028,8.0,-7.0,-54.0
1776884636.1381028,6.0,-4.0,-53.0
1776884636.1481028,3.0,-3.0,-49.0
1776884636.1581028,2.0,1.0,-46.0
1776884636.1681027,2.0,0.0,-53.0
1776884636.1781027,0.0,-5.0,-52.0
1776884636.1881027,-2.0,-5.0,-56.0
1776884636.1981027,0.0,-1.0,-60.0
1776884636.2081027,0.0,0.0,-53.0
1776884636.2181027,1.0,-3.0,-42.0
1776884636.2281027,0.0,-3.0,-37.0
1776884636.238103,3.0,-4.0,-40.0
1776884636.248103,3.0,-2.0,-42.0
1776884636.258103,0.0,-3.0,-48.0
1776884636.2681026,-2.0,-1.0,-45.0
1776884636.2781026,-1.0,1.0,-41.0
1776884636.2881026,-2.0,0.0,-42.0
1776884636.2981029,-2.0,0.0,-44.0
1776884636.3081028,2.0,0.0,-34.0
1776884636.3181028,0.0,0.0,-39.0
1776884636.3281028,3.0,1.0,-47.0
1776884636.3381028,5.0,0.0,-48.0
1776884636.3481028,3.0,0.0,-44.0
1776884636.3581028,1.0,1.0,-50.0
1776884636.3681028,-3.0,-1.0,-50.0
1776884636.3781028,0.0,-3.0,-44.0
1776884636.3881028,0.0,-3.0,-40.0
1776884636.3981028,-1.0,0.0,-41.0
1776884636.4081028,1.0,-3.0,-39.0
1776884636.4181027,-1.0,-5.0,-44.0
1776884636.4281027,-4.0,-7.0,-41.0
1776884636.4381027,-4.0,0.0,-42.0
1776884636.4481027,-2.0,-2.0,-41.0
1776884636.4581027,2.0,-1.0,-38.0
1776884636.4681027,-3.0,-3.0,-47.0
1776884636.4781027,-5.0,-1.0,-49.0
1776884636.488103,-4.0,-1.0,-37.0
1776884636.498103,-1.0,-3.0,-32.0
1776884636.508103,0.0,-3.0,-31.0
1776884636.5181026,0.0,0.0,-34.0
1776884636.5281026,1.0,0.0,-36.0
1776884636.5381026,4.0,-1.0,-38.0
1776884636.5481029,0.0,0.0,-36.0
1776884636.5581028,-1.0,0.0,-35.0
1776884636.5681028,-1.0,-1.0,-33.0
1776884636.5781028,-2.0,-7.0,-34.0
1776884636.5881028,-3.0,-8.0,-42.0
1776884636.5981028,0.0,-8.0,-48.0
1776884636.6081028,4.0,-8.0,-50.0
1776884636.6181028,6.0,-3.0,-44.0
1776884636.6281028,7.0,-3.0,-42.0
1776884636.6381028,4.0,-4.0,-46.0
1776884636.6481028,5.0,-6.0,-43.0
1776884636.6581028,6.0,-7.0,-35.0
1776884636.6681027,7.0,-10.0,-37.0
1776884636.6781027,9.0,-13.0,-42.0
1776884636.6881027,5.0,-14.0,-44.0
1776884636.6981027,1.0,-6.0,-50.0
1776884636.7081027,-2.0,-4.0,-50.0
1776884636.7181027,-6.0,-6.0,-50.0
1776884636.7281027,-2.0,-1.0,-48.0
1776884636.738103,-1.0,-2.0,-50.0
1776884636.748103,-4.0,-3.0,-49.0
1776884636.758103,-3.0,-2.0,-49.0
1776884636.7681026,-1.0,-1.0,-41.0
1776884636.7781026,3.0,-2.0,-43.0
1776884636.7881026,0.0,-4.0,-46.0
1776884636.7981029,0.0,-2.0,-41.0
1776884636.8081028,-3.0,0.0,-40.0
1776884636.8181028,0.0,2.0,-37.0
1776884636.8281028,-2.0,0.0,-43.0
1776884636.8381028,-1.0,-5.0,-44.0
1776884636.8481028,2.0,-6.0,-48.0
1776884636.8581028,8.0,-7.0,-45.0
1776884636.8681028,9.0,-13.0,-48.0
1776884636.8781028,1.0,-10.0,-51.0
1776884636.8881028,-4.0,-7.0,-54.0
1776884636.8981028,-1.0,-4.0,-51.0
1776884636.9081028,-3.0,-3.0,-50.0
1776884636.9181027,0.0,-4.0,-47.0
1776884636.9281027,0.0,-4.0,-48.0
1776884636.9381027,3.0,-1.0,-44.0
1776884636.9481027,5.0,0.0,-44.0
1776884636.9581027,4.0,-1.0,-38.0
1776884636.9681027,3.0,-2.0,-38.0
1776884636.9781027,-2.0,0.0,-37.0
1776884636.988103,-3.0,2.0,-37.0
1776884636.998103,0.0,3.0,-43.0
1776884637.008103,1.0,1.0,-42.0
1776884637.0181026,4.0,3.0,-47.0
1776884637.0281026,3.0,5.0,-52.0
1776884637.0381026,0.0,3.0,-51.0
1776884637.0481029,1.0,1.0,-49.0
1776884637.0581028,1.0,0.0,-49.0
1776884637.0681028,3.0,2.0,-47.0
1776884637.0781028,0.0,2.0,-42.0
1776884637.0881028,1.0,2.0,-45.0
1776884637.0981028,1.0,0.0,-49.0
1776884637.1081028,-1.0,-3.0,-51.0
1776884637.1181028,0.0,0.0,-52.0
1776884637.1281028,2.0,-1.0,-55.0
1776884637.1381028,8.0,-1.0,-55.0
1776884637.1481028,5.0,0.0,-51.0
1776884637.1581028,10.0,-1.0,-43.0
1776884637.1681027,10.0,-6.0,-38.0
1776884637.1781027,13.0,-5.0,-45.0
1776884637.1881027,13.0,-4.0,-43.0
1776884637.1981027,15.0,-6.0,-45.0
1776884637.2081027,12.0,-4.0,-54.0
1776884637.2181027,7.0,0.0,-52.0
1776884637.2281027,7.0,2.0,-48.0
1776884637.238103,5.0,0.0,-44.0
1776884637.248103,2.0,2.0,-44.0
1776884637.258103,-3.0,4.0,-43.0
1776884637.2681026,-1.0,3.0,-48.0
1776884637.2781026,-1.0,0.0,-52.0
1776884637.2881026,-1.0,-4.0,-51.0
1776884637.2981029,0.0,-1.0,-43.0
1776884637.3081028,0.0,0.0,-43.0
1776884637.3181028,-1.0,3.0,-47.0
1776884637.3281028,-3.0,1.0,-49.0
1776884637.3381028,-7.0,0.0,-55.0
1776884637.3481028,-7.0,0.0,-51.0
1776884637.3581028,-5.0,1.0,-50.0
1776884637.3681028,1.0,1.0,-44.0
1776884637.3781028,1.0,0.0,-35.0
1776884637.3881028,-2.0,-4.0,-32.0
1776884637.3981028,0.0,-7.0,-38.0
1776884637.4081028,3.0,-2.0,-37.0
1776884637.4181027,3.0,0.0,-35.0
1776884637.4281027,3.0,4.0,-40.0
1776884637.4381027,1.0,3.0,-46.0
1776884637.4481027,1.0,0.0,-48.0
1776884637.4581027,1.0,1.0,-51.0
1776884637.4681027,0.0,0.0,-53.0
1776884637.4781027,0.0,0.0,-57.0
1776884637.488103,2.0,0.0,-52.0
1776884637.498103,4.0,0.0,-47.0
1776884637.508103,3.0,0.0,-36.0
1776884637.5181026,8.0,1.0,-41.0
1776884637.5281026,2.0,3.0,-34.0
1776884637.5381026,7.0,4.0,-38.0
1776884637.5481029,5.0,3.0,-39.0
1776884637.5581028,1.0,2.0,-43.0
1776884637.5681028,-2.0,0.0,-38.0
1776884637.5781028,-4.0,-1.0,-46.0
1776884637.5881028,-8.0,-5.0,-53.0
1776884637.5981028,-7.0,0.0,-50.0
1776884637.6091027,-8.0,-1.0,-49.0
1776884637.6191027,-5.0,-3.0,-49.0
1776884637.6291027,-2.0,-2.0,-52.0
1776884637.6391027,-2.0,-1.0,-49.0
1776884637.6491027,-3.0,-4.0,-53.0
1776884637.659103,-1.0,-6.0,-49.0
1776884637.669103,1.0,-3.0,-54.0
1776884637.679103,0.0,-2.0,-53.0
1776884637.6891026,3.0,0.0,-57.0
1776884637.6991026,4.0,3.0,-53.0
1776884637.7091026,5.0,1.0,-50.0
1776884637.7191026,3.0,0.0,-51.0
1776884637.7291028,-1.0,-2.0,-46.0
1776884637.7391028,-1.0,-4.0,-48.0
1776884637.7491028,1.0,-6.0,-49.0
1776884637.7591028,3.0,-9.0,-49.0
1776884637.7691028,3.0,-6.0,-50.0
1776884637.7791028,0.0,-4.0,-52.0
1776884637.7891028,0.0,-1.0,-49.0
1776884637.7991028,-2.0,-1.0,-50.0
1776884637.8091028,-1.0,0.0,-52.0
1776884637.8191028,0.0,0.0,-52.0
1776884637.8291028,-2.0,-2.0,-48.0
1776884637.8391027,-7.0,-6.0,-47.0
1776884637.8491027,-5.0,-8.0,-43.0
1776884637.8591027,-5.0,-4.0,-46.0
1776884637.8691027,0.0,0.0,-37.0
1776884637.8791027,-2.0,-7.0,-41.0
1776884637.8891027,0.0,-5.0,-42.0
1776884637.8991027,0.0,-2.0,-45.0
1776884637.909103,-1.0,-2.0,-41.0
1776884637.919103,-1.0,-1.0,-43.0
1776884637.929103,-2.0,-1.0,-38.0
1776884637.9391026,1.0,0.0,-45.0
1776884637.9491026,-1.0,-4.0,-43.0
1776884637.9591026,-1.0,0.0,-41.0
1776884637.9691026,-2.0,0.0,-52.0
1776884637.9791028,-2.0,1.0,-50.0
1776884637.9891028,-3.0,0.0,-46.0
1776884637.9991028,0.0,0.0,-43.0
1776884638.0091028,0.0,-1.0,-46.0
1776884638.0191028,-2.0,-1.0,-47.0
1776884638.0291028,-5.0,2.0,-53.0
1776884638.0391028,-5.0,2.0,-51.0
1776884638.0491028,-3.0,0.0,-42.0
1776884638.0591028,0.0,2.0,-46.0
1776884638.0691028,-1.0,3.0,-47.0
1776884638.0791028,0.0,3.0,-41.0
1776884638.0891027,1.0,1.0,-37.0
1776884638.0991027,4.0,1.0,-41.0
1776884638.1091027,-1.0,3.0,-46.0
1776884638.1191027,-3.0,0.0,-42.0
1776884638.1291027,2.0,-3.0,-40.0
1776884638.1391027,3.0,-6.0,-41.0
1776884638.1491027,6.0,-5.0,-40.0
1776884638.159103,2.0,-1.0,-42.0
1776884638.169103,-1.0,0.0,-44.0
1776884638.179103,0.0,-1.0,-46.0
1776884638.1891026,-1.0,1.0,-45.0
1776884638.1991026,-3.0,-1.0,-48.0
1776884638.2091026,-4.0,-3.0,-48.0
1776884638.2191026,-7.0,-3.0,-45.0
1776884638.2291028,-6.0,-2.0,-45.0
1776884638.2391028,-2.0,-2.0,-47.0
1776884638.2491028,0.0,-4.0,-50.0
1776884638.2591028,0.0,-4.0,-50.0
1776884638.2691028,-2.0,-5.0,-47.0
1776884638.2791028,-5.0,-2.0,-42.0
1776884638.2891028,-8.0,4.0,-41.0
1776884638.2991028,-11.0,0.0,-38.0
1776884638.3091028,-12.0,-2.0,-38.0
1776884638.3191028,-10.0,2.0,-39.0
1776884638.3291028,-10.0,0.0,-44.0
1776884638.3391027,-10.0,-1.0,-39.0
1776884638.3491027,-8.0,-2.0,-35.0
1776884638.3591027,-4.0,-1.0,-34.0
1776884638.3691027,-6.0,0.0,-37.0
1776884638.3791027,-2.0,-2.0,-38.0
1776884638.3891027,-5.0,-4.0,-44.0
1776884638.3991027,-8.0,-1.0,-41.0
1776884638.409103,0.0,-2.0,-45.0
1776884638.419103,1.0,-2.0,-49.0
1776884638.429103,-4.0,0.0,-45.0
1776884638.4391026,-6.0,1.0,-49.0
1776884638.4491026,-9.0,0.0,-52.0
1776884638.4591026,-12.0,1.0,-46.0
1776884638.4691026,-10.0,-4.0,-53.0
1776884638.4791028,-4.0,-6.0,-53.0
1776884638.4891028,0.0,-7.0,-54.0
1776884638.4991028,-3.0,-6.0,-53.0
1776884638.5091028,0.0,-6.0,-41.0
1776884638.5191028,-3.0,-3.0,-37.0
1776884638.5291028,-2.0,0.0,-42.0
1776884638.5391028,-7.0,-4.0,-46.0
1776884638.5491028,-3.0,-10.0,-50.0
1776884638.5591028,-5.0,-5.0,-52.0
1776884638.5691028,-4.0,-6.0,-53.0
1776884638.5791028,-7.0,-6.0,-53.0
1776884638.5891027,-3.0,-5.0,-52.0
1776884638.5991027,-1.0,-7.0,-50.0
1776884638.6091027,2.0,-5.0,-45.0
1776884638.6191027,1.0,-2.0,-45.0
1776884638.6291027,0.0,-1.0,-53.0
1776884638.6391027,3.0,0.0,-49.0
1776884638.6491027,4.0,0.0,-39.0
1776884638.659103,7.0,-1.0,-43.0
1776884638.669103,6.0,0.0,-56.0
1776884638.679103,6.0,-1.0,-55.0
1776884638.6891026,3.0,-2.0,-54.0
1776884638.6991026,-1.0,-3.0,-52.0
1776884638.7091026,-2.0,-5.0,-47.0
1776884638.7191026,0.0,-1.0,-50.0
1776884638.7291028,0.0,-4.0,-51.0
1776884638.7391028,2.0,-3.0,-53.0
1776884638.7491028,0.0,-2.0,-61.0
1776884638.7591028,0.0,-3.0,-59.0
1776884638.7691028,1.0,-2.0,-49.0
1776884638.7791028,0.0,-2.0,-51.0
1776884638.7891028,4.0,-4.0,-47.0
1776884638.7991028,5.0,-3.0,-50.0
1776884638.8091028,2.0,-2.0,-43.0
1776884638.8191028,0.0,-5.0,-42.0
1776884638.8291028,-1.0,-4.0,-40.0
1776884638.8391027,-1.0,-3.0,-37.0
1776884638.8491027,-3.0,-5.0,-32.0
1776884638.8591027,-3.0,-4.0,-41.0
1776884638.8691027,-1.0,0.0,-44.0
1776884638.8791027,1.0,-2.0,-45.0
1776884638.8891027,2.0,0.0,-46.0
1776884638.8991027,5.0,1.0,-52.0
1776884638.909103,8.0,-5.0,-49.0
1776884638.919103,7.0,-9.0,-45.0
1776884638.929103,4.0,-6.0,-44.0
1776884638.9391026,-4.0,-7.0,-37.0
1776884638.9491026,-8.0,-9.0,-38.0
1776884638.9591026,-5.0,-9.0,-41.0
1776884638.9691026,0.0,-7.0,-40.0
1776884638.9791028,1.0,-4.0,-36.0
1776884638.9891028,3.0,-2.0,-49.0
1776884638.9991028,7.0,-5.0,-56.0
1776884639.0091028,7.0,-8.0,-51.0
1776884639.0191028,0.0,-6.0,-48.0
1776884639.0291028,2.0,-5.0,-47.0
1776884639.0391028,6.0,-7.0,-50.0
1776884639.0491028,8.0,-3.0,-48.0
1776884639.0591028,3.0,-5.0,-49.0
1776884639.0691028,5.0,-5.0,-47.0
1776884639.0791028,5.0,-4.0,-50.0
1776884639.0891027,3.0,-4.0,-59.0
1776884639.0991027,0.0,-6.0,-58.0
1776884639.1091027,-1.0,-6.0,-55.0
1776884639.1191027,-1.0,-8.0,-53.0
1776884639.1291027,-1.0,-7.0,-54.0
1776884639.1391027,2.0,-3.0,-55.0
1776884639.1491027,0.0,-1.0,-45.0
1776884639.159103,-2.0,0.0,-44.0
1776884639.169103,-10.0,1.0,-41.0
1776884639.179103,-10.0,1.0,-44.0
1776884639.1891026,-3.0,-3.0,-40.0
1776884639.1991026,-2.0,-7.0,-42.0
1776884639.2091026,-2.0,-6.0,-43.0
1776884639.2191026,-3.0,-6.0,-48.0
1776884639.2291028,-2.0,-6.0,-46.0
1776884639.2391028,-2.0,-2.0,-47.0
1776884639.2491028,-2.0,-2.0,-55.0
1776884639.2591028,-1.0,2.0,-58.0
1776884639.2691028,0.0,3.0,-54.0
1776884639.2791028,0.0,-2.0,-48.0
1776884639.2891028,1.0,1.0,-45.0
1776884639.2991028,2.0,-1.0,-46.0
1776884639.3091028,1.0,0.0,-39.0
1776884639.3191028,3.0,-1.0,-45.0
1776884639.3291028,8.0,-1.0,-52.0
1776884639.3391027,4.0,0.0,-55.0
1776884639.3491027,2.0,0.0,-59.0
1776884639.3591027,2.0,-2.0,-64.0
1776884639.3691027,0.0,-6.0,-58.0
1776884639.3791027,-1.0,-5.0,-54.0
1776884639.3891027,-3.0,-4.0,-46.0
1776884639.3991027,0.0,-4.0,-50.0
1776884639.409103,-4.0,-1.0,-56.0
1776884639.419103,-6.0,-4.0,-54.0
1776884639.429103,-3.0,-3.0,-47.0
1776884639.4391026,0.0,-3.0,-45.0
1776884639.4491026,0.0,-3.0,-47.0
1776884639.4591026,-1.0,0.0,-45.0
1776884639.4691026,-2.0,0.0,-41.0
1776884639.4791028,-6.0,0.0,-41.0
1776884639.4891028,-8.0,-4.0,-45.0
1776884639.4991028,-8.0,-7.0,-43.0
1776884639.5091028,-11.0,-11.0,-43.0
1776884639.5191028,-12.0,-11.0,-43.0
1776884639.5291028,-13.0,-11.0,-47.0
1776884639.5391028,-7.0,-12.0,-39.0
1776884639.5491028,-9.0,-13.0,-35.0
1776884639.5591028,-5.0,-8.0,-40.0
1776884639.5691028,-6.0,-7.0,-41.0
1776884639.5791028,-2.0,-8.0,-41.0
1776884639.590103,-5.0,-3.0,-39.0
1776884639.5991027,1.0,-4.0,-39.0
1776884639.610103,1.0,0.0,-31.0
1776884639.6201026,0.0,-4.0,-39.0
1776884639.6301026,0.0,-4.0,-46.0
1776884639.6401026,4.0,-1.0,-45.0
1776884639.6501029,7.0,-3.0,-48.0
1776884639.6601028,6.0,-6.0,-50.0
1776884639.6701028,5.0,-8.0,-48.0
1776884639.6801028,5.0,-4.0,-41.0
1776884639.6901028,6.0,-7.0,-40.0
1776884639.7001028,3.0,-9.0,-40.0
1776884639.7101028,3.0,-7.0,-35.0
1776884639.7201028,0.0,-9.0,-34.0
1776884639.7301028,-1.0,-8.0,-35.0
1776884639.7401028,-5.0,-4.0,-39.0
1776884639.7501028,-6.0,-3.0,-44.0
1776884639.7601027,-3.0,-1.0,-45.0
1776884639.7701027,0.0,-2.0,-41.0
1776884639.7801027,-2.0,-1.0,-47.0
1776884639.7901027,0.0,0.0,-43.0
1776884639.8001027,-3.0,-1.0,-46.0
1776884639.8101027,-3.0,-2.0,-40.0
1776884639.8201027,-4.0,0.0,-42.0
1776884639.8301027,-5.0,1.0,-40.0
1776884639.840103,-3.0,0.0,-37.0
1776884639.850103,4.0,0.0,-41.0
1776884639.860103,0.0,-1.0,-41.0
1776884639.8701026,0.0,-7.0,-37.0
1776884639.8801026,2.0,-6.0,-40.0
1776884639.8901026,3.0,-5.0,-43.0
1776884639.9001029,3.0,-7.0,-46.0
1776884639.9101028,1.0,-1.0,-44.0
1776884639.9201028,4.0,-1.0,-51.0
1776884639.9301028,2.0,4.0,-52.0
1776884639.9401028,0.0,5.0,-48.0
1776884639.9501028,1.0,3.0,-42.0
1776884639.9601028,4.0,0.0,-49.0
1776884639.9701028,8.0,0.0,-54.0
1776884639.9801028,3.0,0.0,-51.0
1776884639.9901028,1.0,-1.0,-50.0
1776884640.0001028,3.0,0.0,-44.0
1776884640.0101027,0.0,3.0,-45.0
1776884640.0201027,-2.0,2.0,-49.0
1776884640.0301027,0.0,0.0,-49.0
1776884640.0401027,0.0,-2.0,-46.0
1776884640.0501027,-2.0,-2.0,-48.0
1776884640.0601027,-2.0,-1.0,-46.0
1776884640.0701027,-2.0,-3.0,-44.0
1776884640.0801027,1.0,-2.0,-44.0
1776884640.090103,0.0,-5.0,-45.0
1776884640.100103,0.0,-6.0,-43.0
1776884640.110103,0.0,0.0,-40.0
1776884640.1201026,-1.0,1.0,-39.0
1776884640.1301026,0.0,-3.0,-46.0
1776884640.1401026,0.0,-2.0,-48.0
1776884640.1501029,-3.0,-3.0,-47.0
1776884640.1601028,-4.0,-2.0,-39.0
1776884640.1701028,-1.0,-2.0,-41.0
1776884640.1801028,0.0,-1.0,-50.0
1776884640.1901028,0.0,0.0,-47.0
1776884640.2001028,-1.0,0.0,-40.0
1776884640.2101028,0.0,-2.0,-37.0
1776884640.2201028,-4.0,-2.0,-37.0
1776884640.2301028,-2.0,-1.0,-42.0
1776884640.2401028,-7.0,-1.0,-49.0
1776884640.2501028,-5.0,-2.0,-41.0
1776884640.2601027,-7.0,0.0,-34.0
1776884640.2701027,-4.0,1.0,-44.0
1776884640.2801027,0.0,1.0,-45.0
1776884640.2901027,-1.0,0.0,-44.0
1776884640.3001027,-6.0,3.0,-49.0
1776884640.3101027,-9.0,2.0,-48.0
1776884640.3201027,-5.0,0.0,-47.0
1776884640.3301027,-2.0,1.0,-52.0
1776884640.340103,-3.0,0.0,-49.0
1776884640.350103,0.0,2.0,-53.0
1776884640.360103,-2.0,-3.0,-58.0
1776884640.3701026,0.0,-1.0,-57.0
1776884640.3801026,-3.0,-2.0,-54.0
1776884640.3901026,-2.0,-4.0,-53.0
1776884640.4001029,-3.0,-4.0,-57.0
1776884640.4101028,-3.0,-4.0,-58.0
1776884640.4201028,0.0,-1.0,-59.0
1776884640.4301028,0.0,1.0,-59.0
1776884640.4401028,0.0,0.0,-56.0
1776884640.4501028,-4.0,4.0,-62.0
1776884640.4601028,-2.0,2.0,-56.0
1776884640.4701028,1.0,3.0,-48.0
1776884640.4801028,0.0,5.0,-43.0
1776884640.4901028,2.0,2.0,-39.0
1776884640.5001028,3.0,2.0,-41.0
1776884640.5101027,5.0,1.0,-45.0
1776884640.5201027,8.0,0.0,-43.0
1776884640.5301027,4.0,1.0,-43.0
1776884640.5401027,11.0,0.0,-37.0
1776884640.5501027,5.0,-2.0,-34.0
1776884640.5601027,1.0,-3.0,-32.0
1776884640.5701027,-1.0,-1.0,-37.0
1776884640.5801027,0.0,0.0,-35.0
1776884640.590103,-5.0,0.0,-35.0
1776884640.600103,-8.0,-5.0,-35.0
1776884640.610103,-4.0,-4.0,-38.0
1776884640.6201026,-8.0,-4.0,-43.0
1776884640.6301026,-5.0,-2.0,-42.0
1776884640.6401026,-5.0,0.0,-40.0
1776884640.6501029,-6.0,-1.0,-45.0
1776884640.6601028,-2.0,-3.0,-44.0
1776884640.6701028,-1.0,-6.0,-44.0
1776884640.6801028,-4.0,-7.0,-41.0
1776884640.6901028,-7.0,-5.0,-41.0
1776884640.7001028,-12.0,-5.0,-42.0
1776884640.7101028,-5.0,-7.0,-46.0
1776884640.7201028,-3.0,-5.0,-48.0
1776884640.7301028,0.0,-6.0,-47.0
1776884640.7401028,2.0,-4.0,-51.0
1776884640.7501028,2.0,-3.0,-51.0
1776884640.7601027,0.0,-3.0,-48.0
1776884640.7701027,0.0,-1.0,-42.0
1776884640.7801027,-3.0,0.0,-41.0
1776884640.7901027,-2.0,1.0,-49.0
1776884640.8001027,0.0,0.0,-57.0
1776884640.8101027,2.0,0.0,-59.0
1776884640.8201027,3.0,0.0,-56.0
1776884640.8301027,2.0,-3.0,-55.0
1776884640.840103,3.0,-6.0,-56.0
1776884640.850103,1.0,-9.0,-63.0
1776884640.860103,-1.0,-9.0,-59.0
1776884640.8701026,1.0,-13.0,-54.0
1776884640.8801026,1.0,-8.0,-52.0
1776884640.8901026,0.0,-5.0,-49.0
1776884640.9001029,-4.0,-5.0,-49.0
1776884640.9101028,-1.0,-6.0,-52.0
1776884640.9201028,0.0,-3.0,-47.0
1776884640.9301028,-1.0,-3.0,-47.0
1776884640.9401028,0.0,-1.0,-51.0
1776884640.9501028,4.0,-2.0,-49.0
1776884640.9601028,4.0,-1.0,-44.0
1776884640.9701028,3.0,1.0,-40.0
1776884640.9801028,-1.0,0.0,-45.0
1776884640.9901028,-4.0,1.0,-39.0
1776884641.0001028,-2.0,2.0,-39.0
1776884641.0101027,-5.0,3.0,-39.0
1776884641.0201027,-1.0,3.0,-45.0
1776884641.0301027,0.0,1.0,-42.0
1776884641.0401027,0.0,4.0,-43.0
1776884641.0501027,2.0,3.0,-45.0
1776884641.0601027,1.0,7.0,-49.0
1776884641.0701027,2.0,7.0,-50.0
1776884641.0801027,0.0,5.0,-48.0
1776884641.090103,-1.0,6.0,-48.0
1776884641.100103,-2.0,5.0,-46.0
1776884641.110103,-3.0,1.0,-42.0
1776884641.1201026,-2.0,0.0,-43.0
1776884641.1301026,-2.0,1.0,-39.0
1776884641.1401026,-1.0,0.0,-43.0
1776884641.1501029,-3.0,-3.0,-48.0
1776884641.1601028,-1.0,-7.0,-48.0
1776884641.1701028,0.0,-5.0,-50.0
1776884641.1801028,0.0,-7.0,-52.0
1776884641.1901028,-2.0,-4.0,-50.0
1776884641.2001028,-2.0,-8.0,-52.0
1776884641.2101028,5.0,-11.0,-52.0
1776884641.2201028,4.0,-13.0,-48.0
1776884641.2301028,1.0,-9.0,-41.0
1776884641.2401028,3.0,-7.0,-43.0
1776884641.2501028,2.0,-3.0,-37.0
1776884641.2601027,7.0,-2.0,-43.0
1776884641.2701027,6.0,-2.0,-44.0
1776884641.2801027,3.0,2.0,-42.0
1776884641.2901027,0.0,3.0,-48.0
1776884641.3001027,0.0,3.0,-49.0
1776884641.3101027,0.0,5.0,-58.0
1776884641.3201027,0.0,5.0,-56.0
1776884641.3301027,-2.0,7.0,-57.0
1776884641.340103,1.0,5.0,-59.0
1776884641.350103,2.0,2.0,-55.0
1776884641.360103,1.0,1.0,-55.0
1776884641.3701026,1.0,-1.0,-51.0
1776884641.3801026,0.0,-1.0,-58.0
1776884641.3901026,1.0,0.0,-63.0
1776884641.4001029,0.0,-1.0,-59.0
1776884641.4101028,-5.0,3.0,-53.0
1776884641.4201028,-9.0,2.0,-48.0
1776884641.4301028,-8.0,-1.0,-45.0
1776884641.4401028,-1.0,-1.0,-48.0
1776884641.4501028,-1.0,-1.0,-52.0
1776884641.4601028,-1.0,1.0,-54.0
1776884641.4701028,-3.0,0.0,-61.0
1776884641.4801028,-2.0,-2.0,-65.0
1776884641.4901028,-1.0,0.0,-66.0
1776884641.5001028,0.0,-1.0,-60.0
1776884641.5101027,0.0,0.0,-58.0
1776884641.5201027,-1.0,-1.0,-57.0
1776884641.5301027,2.0,-2.0,-51.0
1776884641.5411026,0.0,-1.0,-46.0
1776884641.5501027,-5.0,-4.0,-40.0
1776884641.5611026,-1.0,-4.0,-35.0
1776884641.5711029,0.0,-6.0,-37.0
1776884641.5811028,-3.0,-9.0,-42.0
1776884641.5911028,0.0,-5.0,-45.0
1776884641.6011028,-1.0,-7.0,-50.0
1776884641.6111028,2.0,-9.0,-48.0
1776884641.6211028,2.0,-11.0,-45.0
1776884641.6311028,0.0,-5.0,-48.0
1776884641.6411028,0.0,-3.0,-44.0
1776884641.6511028,0.0,-2.0,-42.0
1776884641.6611028,-1.0,-2.0,-44.0
1776884641.6711028,0.0,-4.0,-37.0
1776884641.6811028,0.0,-5.0,-32.0
1776884641.6911027,1.0,0.0,-40.0
1776884641.7011027,1.0,0.0,-45.0
1776884641.7111027,0.0,-2.0,-52.0
1776884641.7211027,0.0,-4.0,-51.0
1776884641.7311027,0.0,-4.0,-58.0
1776884641.7411027,3.0,-5.0,-57.0
1776884641.7511027,1.0,-5.0,-50.0
1776884641.761103,-3.0,-1.0,-47.0
1776884641.771103,-2.0,-3.0,-47.0
1776884641.781103,0.0,-3.0,-49.0
1776884641.7911026,5.0,1.0,-42.0
1776884641.8011026,1.0,1.0,-36.0
1776884641.8111026,0.0,1.0,-39.0
1776884641.8211029,0.0,0.0,-36.0
1776884641.8311028,2.0,-2.0,-42.0
1776884641.8411028,-3.0,-5.0,-46.0
1776884641.8511028,-2.0,-3.0,-45.0
1776884641.8611028,-6.0,-4.0,-45.0
1776884641.8711028,-4.0,-5.0,-53.0
1776884641.8811028,-1.0,-3.0,-46.0
1776884641.8911028,-1.0,1.0,-45.0
1776884641.9011028,2.0,7.0,-52.0
1776884641.9111028,4.0,12.0,-48.0
1776884641.9211028,5.0,7.0,-50.0
1776884641.9311028,3.0,4.0,-55.0
1776884641.9411027,-2.0,2.0,-51.0
1776884641.9511027,2.0,1.0,-51.0
1776884641.9611027,0.0,-2.0,-52.0
1776884641.9711027,0.0,0.0,-54.0
1776884641.9811027,1.0,-1.0,-50.0
1776884641.9911027,-1.0,0.0,-50.0
1776884642.0011027,-1.0,-2.0,-49.0
1776884642.011103,-3.0,-2.0,-50.0
1776884642.021103,-3.0,0.0,-53.0
1776884642.031103,2.0,0.0,-48.0
1776884642.0411026,4.0,1.0,-47.0
1776884642.0511026,6.0,1.0,-43.0
1776884642.0611026,3.0,1.0,-43.0
1776884642.0711029,0.0,4.0,-46.0
1776884642.0811028,-2.0,2.0,-44.0
1776884642.0911028,-2.0,0.0,-45.0
1776884642.1011028,2.0,0.0,-51.0
1776884642.1111028,2.0,-2.0,-49.0
1776884642.1211028,1.0,-4.0,-45.0
1776884642.1311028,1.0,-6.0,-47.0
1776884642.1411028,-2.0,-4.0,-46.0
1776884642.1511028,-2.0,-1.0,-50.0
1776884642.1611028,-2.0,0.0,-47.0
1776884642.1711028,-5.0,-2.0,-42.0
1776884642.1811028,-4.0,-3.0,-38.0
1776884642.1911027,-2.0,-6.0,-47.0
1776884642.2011027,-1.0,-7.0,-54.0
1776884642.2111027,0.0,-2.0,-56.0
1776884642.2211027,-4.0,0.0,-63.0
1776884642.2311027,-5.0,0.0,-57.0
1776884642.2411027,-2.0,1.0,-54.0
1776884642.2511027,-6.0,0.0,-53.0
1776884642.261103,-3.0,0.0,-52.0
1776884642.271103,-3.0,-3.0,-57.0
1776884642.281103,2.0,-2.0,-58.0
1776884642.2911026,3.0,-4.0,-54.0
1776884642.3011026,5.0,-8.0,-49.0
1776884642.3111026,7.0,-8.0,-52.0
1776884642.3211029,10.0,-9.0,-51.0
1776884642.3311028,7.0,-7.0,-48.0
1776884642.3411028,8.0,-5.0,-48.0
1776884642.3511028,2.0,-8.0,-45.0
1776884642.3611028,0.0,-14.0,-47.0
1776884642.3711028,-2.0,-7.0,-46.0
1776884642.3811028,-2.0,-6.0,-46.0
1776884642.3911028,-1.0,-5.0,-56.0
1776884642.4011028,0.0,-2.0,-50.0
1776884642.4111028,2.0,2.0,-46.0
1776884642.4211028,3.0,0.0,-46.0
1776884642.4311028,3.0,-2.0,-47.0
1776884642.4411027,3.0,-2.0,-41.0
1776884642.4511027,-1.0,-2.0,-43.0
1776884642.4611027,-1.0,-2.0,-48.0
1776884642.4711027,1.0,-6.0,-51.0
1776884642.4811027,6.0,-5.0,-52.0
1776884642.4911027,7.0,-6.0,-54.0
1776884642.5011027,5.0,-6.0,-53.0
1776884642.511103,1.0,-3.0,-48.0
1776884642.521103,2.0,-2.0,-46.0
1776884642.531103,2.0,-1.0,-47.0
1776884642.5411026,0.0,-1.0,-50.0
1776884642.5511026,-3.0,0.0,-51.0
1776884642.5611026,-6.0,-1.0,-51.0
1776884642.5711029,-5.0,-2.0,-49.0
1776884642.5811028,-1.0,-6.0,-49.0
1776884642.5911028,2.0,-6.0,-49.0
1776884642.6011028,-1.0,-7.0,-48.0
1776884642.6111028,1.0,-2.0,-52.0
1776884642.6211028,1.0,0.0,-50.0
1776884642.6311028,5.0,-1.0,-47.0
1776884642.6411028,6.0,-4.0,-52.0
1776884642.6511028,5.0,-2.0,-54.0
1776884642.6611028,7.0,0.0,-55.0
1776884642.6711028,3.0,-4.0,-47.0
1776884642.6811028,1.0,-3.0,-44.0
1776884642.6911027,4.0,-2.0,-49.0
1776884642.7011027,3.0,-5.0,-47.0
1776884642.7111027,3.0,-10.0,-42.0
1776884642.7211027,7.0,-11.0,-38.0
1776884642.7311027,0.0,-8.0,-40.0
1776884642.7411027,1.0,-11.0,-38.0
1776884642.7511027,0.0,-10.0,-37.0
1776884642.761103,-5.0,-10.0,-34.0
1776884642.771103,-2.0,-8.0,-31.0
1776884642.781103,0.0,-11.0,-30.0
1776884642.7911026,-2.0,-10.0,-42.0
1776884642.8011026,2.0,-12.0,-42.0
1776884642.8111026,7.0,-12.0,-40.0
1776884642.8211029,6.0,-10.0,-42.0
1776884642.8311028,5.0,-9.0,-42.0
1776884642.8411028,3.0,-6.0,-41.0
1776884642.8511028,1.0,-8.0,-36.0
1776884642.8611028,0.0,-5.0,-34.0
1776884642.8711028,-2.0,-4.0,-36.0
1776884642.8811028,1.0,-5.0,-37.0
1776884642.8911028,0.0,-6.0,-35.0
1776884642.9011028,0.0,-5.0,-34.0
1776884642.9111028,-1.0,-2.0,-33.0
1776884642.9211028,3.0,-2.0,-31.0
1776884642.9311028,5.0,-4.0,-32.0
1776884642.9411027,3.0,-3.0,-35.0
1776884642.9511027,1.0,0.0,-42.0
1776884642.9611027,-2.0,2.0,-45.0
1776884642.9711027,-2.0,3.0,-45.0
1776884642.9811027,-2.0,1.0,-46.0
1776884642.9911027,4.0,-1.0,-40.0
1776884643.0011027,6.0,-5.0,-38.0
1776884643.011103,5.0,-6.0,-38.0
1776884643.021103,9.0,-4.0,-38.0
1776884643.031103,7.0,-5.0,-35.0
1776884643.0411026,9.0,-4.0,-41.0
1776884643.0511026,8.0,-3.0,-41.0
1776884643.0611026,6.0,-6.0,-34.0
1776884643.0711029,3.0,-4.0,-36.0
1776884643.0811028,4.0,-2.0,-42.0
1776884643.0911028,1.0,-4.0,-39.0
1776884643.1011028,1.0,-4.0,-36.0
1776884643.1111028,-1.0,-2.0,-47.0
1776884643.1211028,-2.0,-3.0,-52.0
1776884643.1311028,0.0,0.0,-51.0
1776884643.1411028,1.0,0.0,-47.0
1776884643.1511028,2.0,4.0,-51.0
1776884643.1611028,0.0,2.0,-52.0
1776884643.1711028,-1.0,2.0,-43.0
1776884643.1811028,0.0,5.0,-46.0
1776884643.1911027,-2.0,3.0,-46.0
1776884643.2011027,0.0,2.0,-46.0
1776884643.2111027,4.0,-1.0,-47.0
1776884643.2211027,3.0,0.0,-45.0
1776884643.2311027,2.0,1.0,-43.0
1776884643.2411027,0.0,1.0,-46.0
1776884643.2511027,0.0,4.0,-46.0
1776884643.261103,-3.0,5.0,-51.0
1776884643.271103,-2.0,8.0,-43.0
1776884643.281103,1.0,5.0,-44.0
1776884643.2911026,-1.0,2.0,-42.0
1776884643.3011026,-2.0,3.0,-39.0
1776884643.3111026,-2.0,2.0,-38.0
1776884643.3211029,-5.0,0.0,-42.0
1776884643.3311028,-1.0,-3.0,-42.0
1776884643.3411028,0.0,0.0,-41.0
1776884643.3511028,0.0,-3.0,-42.0
1776884643.3611028,4.0,-3.0,-40.0
1776884643.3711028,6.0,2.0,-40.0
1776884643.3811028,8.0,4.0,-46.0
1776884643.3911028,4.0,1.0,-41.0
1776884643.4011028,3.0,-1.0,-36.0
1776884643.4111028,0.0,0.0,-36.0
1776884643.4211028,0.0,2.0,-42.0
1776884643.4311028,1.0,2.0,-46.0
1776884643.4411027,0.0,7.0,-44.0
1776884643.4511027,-3.0,3.0,-41.0
1776884643.4611027,-3.0,5.0,-35.0
1776884643.4711027,-6.0,4.0,-32.0
1776884643.4811027,-6.0,5.0,-36.0
1776884643.4921026,-5.0,0.0,-36.0
1776884643.5011027,-4.0,-2.0,-34.0
1776884643.511103,-6.0,-3.0,-37.0
1776884643.521103,-5.0,-4.0,-42.0
1776884643.5321028,-4.0,-3.0,-46.0
1776884643.5421028,-5.0,0.0,-45.0
1776884643.5521028,-7.0,-1.0,-49.0
1776884643.5621028,-3.0,0.0,-51.0
1776884643.5711029,-2.0,0.0,-44.0
1776884643.5821028,-2.0,-1.0,-43.0
1776884643.5921028,-1.0,-1.0,-42.0
1776884643.6021028,-3.0,-4.0,-36.0
1776884643.6121027,-1.0,-7.0,-40.0
1776884643.6221027,-2.0,-7.0,-38.0
1776884643.6321027,0.0,-5.0,-36.0
1776884643.6421027,-3.0,-6.0,-28.0
1776884643.6521027,-4.0,-10.0,-26.0
1776884643.6621027,-4.0,-9.0,-26.0
1776884643.6721027,-10.0,-6.0,-28.0
1776884643.682103,-5.0,-5.0,-32.0
1776884643.692103,-7.0,-5.0,-42.0
1776884643.702103,-6.0,-5.0,-46.0
1776884643.712103,-9.0,0.0,-46.0
1776884643.7221026,-6.0,0.0,-43.0
1776884643.7321026,-5.0,-1.0,-46.0
1776884643.7421026,-4.0,-1.0,-45.0
1776884643.7521029,-1.0,0.0,-40.0
1776884643.7621028,0.0,4.0,-40.0
1776884643.7721028,0.0,3.0,-44.0
1776884643.7821028,1.0,3.0,-47.0
1776884643.7921028,3.0,5.0,-48.0
1776884643.8021028,2.0,-1.0,-49.0
1776884643.8121028,1.0,-2.0,-41.0
1776884643.8221028,1.0,-2.0,-45.0
1776884643.8321028,4.0,-2.0,-46.0
1776884643.8421028,2.0,-2.0,-56.0
1776884643.8521028,-2.0,0.0,-54.0
1776884643.8621027,-2.0,1.0,-52.0
1776884643.8721027,2.0,0.0,-57.0
1776884643.8821027,3.0,-2.0,-58.0
1776884643.8921027,3.0,-3.0,-55.0
1776884643.9021027,2.0,-4.0,-55.0
1776884643.9121027,3.0,-5.0,-54.0
1776884643.9221027,5.0,-4.0,-56.0
1776884643.932103,2.0,-6.0,-45.0
1776884643.942103,4.0,-6.0,-44.0
1776884643.952103,4.0,-5.0,-50.0
1776884643.962103,7.0,-1.0,-49.0
1776884643.9721026,0.0,1.0,-44.0
1776884643.9821026,1.0,0.0,-48.0
1776884643.9921026,-2.0,4.0,-46.0
1776884644.0021029,-10.0,3.0,-42.0
1776884644.0121028,-11.0,2.0,-44.0
1776884644.0221028,-9.0,3.0,-42.0
1776884644.0321028,-7.0,0.0,-40.0
1776884644.0421028,0.0,0.0,-40.0
1776884644.0521028,0.0,-2.0,-49.0
1776884644.0621028,0.0,-3.0,-49.0
1776884644.0721028,1.0,-4.0,-47.0
1776884644.0821028,-1.0,-6.0,-55.0
1776884644.0921028,-5.0,-1.0,-49.0
1776884644.1021028,-11.0,-3.0,-48.0
1776884644.1121027,-8.0,-1.0,-45.0
1776884644.1221027,-6.0,-4.0,-41.0
1776884644.1321027,-9.0,-3.0,-43.0
1776884644.1421027,-12.0,-4.0,-51.0
1776884644.1521027,-10.0,-3.0,-51.0
1776884644.1621027,0.0,-2.0,-53.0
1776884644.1721027,-2.0,-2.0,-54.0
1776884644.182103,-5.0,0.0,-54.0
1776884644.192103,-1.0,0.0,-56.0
1776884644.202103,0.0,1.0,-59.0
1776884644.212103,-4.0,6.0,-56.0
1776884644.2221026,-4.0,8.0,-46.0
1776884644.2321026,-5.0,1.0,-49.0
1776884644.2421026,-1.0,1.0,-44.0
1776884644.2521029,-5.0,2.0,-52.0
1776884644.2621028,-4.0,1.0,-55.0
1776884644.2721028,1.0,4.0,-60.0
1776884644.2821028,8.0,-1.0,-59.0
1776884644.2921028,4.0,-1.0,-56.0
1776884644.3021028,0.0,0.0,-56.0
1776884644.3121028,0.0,0.0,-48.0
1776884644.3221028,6.0,-1.0,-43.0
1776884644.3321028,4.0,-2.0,-39.0
1776884644.3421028,4.0,0.0,-36.0
1776884644.3521028,0.0,0.0,-43.0
1776884644.3621027,1.0,-1.0,-43.0
1776884644.3721027,5.0,-4.0,-41.0
1776884644.3821027,6.0,-3.0,-49.0
1776884644.3921027,3.0,1.0,-43.0
1776884644.4021027,1.0,0.0,-45.0
1776884644.4121027,1.0,-3.0,-48.0
1776884644.4221027,0.0,1.0,-45.0
1776884644.432103,0.0,2.0,-39.0
1776884644.442103,-2.0,0.0,-44.0
1776884644.452103,0.0,0.0,-41.0
1776884644.462103,1.0,-1.0,-46.0
1776884644.4721026,7.0,-3.0,-50.0
1776884644.4821026,7.0,-6.0,-56.0
1776884644.4921026,5.0,-2.0,-60.0
1776884644.5021029,4.0,-2.0,-58.0
1776884644.5121028,2.0,0.0,-49.0
1776884644.5221028,0.0,-2.0,-39.0
1776884644.5321028,0.0,-6.0,-46.0
1776884644.5421028,0.0,-1.0,-46.0
1776884644.5521028,-1.0,-3.0,-48.0
1776884644.5621028,-4.0,-4.0,-47.0
1776884644.5721028,-13.0,-8.0,-50.0
1776884644.5821028,-13.0,-5.0,-54.0
1776884644.5921028,-9.0,-6.0,-49.0
1776884644.6021028,-4.0,-9.0,-56.0
1776884644.6121027,-6.0,-6.0,-46.0
1776884644.6221027,-4.0,-5.0,-45.0
1776884644.6321027,-2.0,-7.0,-43.0
1776884644.6421027,-6.0,-5.0,-39.0
1776884644.6521027,-6.0,-5.0,-34.0
1776884644.6621027,-1.0,-4.0,-39.0
1776884644.6721027,0.0,-1.0,-41.0
1776884644.682103,0.0,-2.0,-42.0
1776884644.692103,-1.0,-5.0,-43.0
1776884644.702103,-2.0,-5.0,-42.0
1776884644.712103,-3.0,-3.0,-43.0
1776884644.7221026,-3.0,0.0,-41.0
1776884644.7321026,-4.0,0.0,-47.0
1776884644.7421026,-2.0,3.0,-42.0
1776884644.7521029,-5.0,5.0,-41.0
1776884644.7621028,-3.0,0.0,-41.0
1776884644.7721028,-2.0,0.0,-44.0
1776884644.7821028,-8.0,-1.0,-44.0
1776884644.7921028,-8.0,-3.0,-41.0
1776884644.8021028,-8.0,-4.0,-43.0
1776884644.8121028,-6.0,-3.0,-51.0
1776884644.8221028,0.0,-4.0,-49.0
1776884644.8321028,-2.0,-3.0,-45.0
1776884644.8421028,0.0,-3.0,-46.0
1776884644.8521028,-2.0,1.0,-49.0
1776884644.8621027,-1.0,1.0,-48.0
1776884644.8721027,-1.0,-3.0,-47.0
1776884644.8821027,0.0,0.0,-45.0
1776884644.8921027,0.0,-3.0,-42.0
1776884644.9021027,0.0,-3.0,-40.0
1776884644.9121027,3.0,-4.0,-37.0
1776884644.9221027,0.0,-2.0,-38.0
1776884644.932103,1.0,-1.0,-35.0
1776884644.942103,0.0,-4.0,-34.0
1776884644.952103,1.0,-5.0,-32.0
1776884644.962103,-3.0,-5.0,-31.0
1776884644.9721026,1.0,0.0,-32.0
1776884644.9821026,0.0,-1.0,-36.0
1776884644.9921026,0.0,0.0,-37.0
1776884645.0021029,1.0,-1.0,-48.0
1776884645.0121028,-1.0,-5.0,-49.0
1776884645.0221028,2.0,1.0,-53.0
1776884645.0321028,2.0,2.0,-51.0
1776884645.0421028,0.0,2.0,-47.0
1776884645.0521028,-2.0,3.0,-40.0
1776884645.0621028,-1.0,-1.0,-33.0
1776884645.0721028,-2.0,1.0,-36.0
1776884645.0821028,-4.0,0.0,-43.0
1776884645.0921028,-1.0,-1.0,-45.0
1776884645.1021028,-1.0,0.0,-43.0
1776884645.1121027,0.0,-1.0,-46.0
1776884645.1221027,4.0,-4.0,-44.0
1776884645.1321027,6.0,-2.0,-45.0
1776884645.1421027,6.0,-1.0,-47.0
1776884645.1521027,7.0,1.0,-45.0
1776884645.1621027,4.0,3.0,-42.0
1776884645.1721027,4.0,0.0,-48.0
1776884645.182103,8.0,-1.0,-51.0
1776884645.192103,9.0,-4.0,-47.0
1776884645.202103,6.0,-7.0,-46.0
1776884645.212103,4.0,-11.0,-53.0
1776884645.2221026,1.0,-10.0,-49.0
1776884645.2321026,3.0,-5.0,-41.0
1776884645.2421026,2.0,-6.0,-41.0
1776884645.2521029,5.0,-8.0,-47.0
1776884645.2621028,6.0,-6.0,-48.0
1776884645.2721028,2.0,-9.0,-54.0
1776884645.2821028,0.0,-13.0,-53.0
1776884645.2921028,4.0,-12.0,-46.0
1776884645.3021028,3.0,-11.0,-53.0
1776884645.3121028,2.0,-11.0,-55.0
1776884645.3221028,-4.0,-6.0,-53.0
1776884645.3321028,-7.0,-3.0,-59.0
1776884645.3421028,-3.0,-4.0,-46.0
1776884645.3521028,-3.0,-1.0,-43.0
1776884645.3621027,-3.0,-2.0,-42.0
1776884645.3721027,-2.0,-4.0,-41.0
1776884645.3821027,2.0,-5.0,-46.0
1776884645.3921027,6.0,-8.0,-49.0
1776884645.4021027,7.0,-7.0,-47.0
1776884645.4121027,5.0,-6.0,-43.0
1776884645.4221027,1.0,-7.0,-46.0
1776884645.432103,0.0,-7.0,-43.0
1776884645.442103,2.0,-9.0,-46.0
1776884645.452103,1.0,-5.0,-44.0
1776884645.462103,1.0,-4.0,-39.0
1776884645.4721026,-1.0,-4.0,-38.0
1776884645.4831028,-2.0,-1.0,-50.0
1776884645.4931028,-1.0,-4.0,-47.0
1776884645.5031028,-1.0,-2.0,-49.0
1776884645.5131028,-2.0,-4.0,-47.0
1776884645.5231028,-3.0,-2.0,-50.0
1776884645.5331028,-3.0,-4.0,-46.0
1776884645.5431027,-5.0,-1.0,-41.0
1776884645.5531027,-3.0,0.0,-38.0
1776884645.5621028,-3.0,4.0,-37.0
1776884645.5731027,1.0,0.0,-44.0
1776884645.5831027,2.0,0.0,-50.0
1776884645.5931027,0.0,0.0,-51.0
1776884645.6031027,1.0,0.0,-58.0
1776884645.613103,-3.0,-1.0,-55.0
1776884645.623103,-6.0,0.0,-51.0
1776884645.633103,-7.0,0.0,-46.0
1776884645.6431026,-8.0,0.0,-49.0
1776884645.6531026,-8.0,4.0,-47.0
1776884645.6631026,-4.0,7.0,-52.0
1776884645.6731029,2.0,4.0,-56.0
1776884645.6831028,4.0,0.0,-63.0
1776884645.6931028,0.0,5.0,-57.0
1776884645.7031028,1.0,2.0,-55.0
1776884645.7131028,2.0,3.0,-55.0
1776884645.7231028,3.0,4.0,-53.0
1776884645.7331028,2.0,3.0,-51.0
1776884645.7431028,3.0,0.0,-46.0
1776884645.7531028,8.0,-5.0,-45.0
1776884645.7631028,2.0,-8.0,-43.0
1776884645.7731028,1.0,-7.0,-51.0
1776884645.7831028,1.0,-7.0,-53.0
1776884645.7931027,1.0,-4.0,-55.0
1776884645.8031027,-1.0,-3.0,-48.0
1776884645.8131027,-4.0,-3.0,-51.0
1776884645.8231027,-7.0,0.0,-58.0
1776884645.8331027,-5.0,-2.0,-58.0
1776884645.8431027,-2.0,-6.0,-54.0
1776884645.8531027,0.0,-6.0,-50.0
1776884645.863103,0.0,-3.0,-41.0
1776884645.873103,0.0,-4.0,-42.0
1776884645.883103,-2.0,-5.0,-48.0
1776884645.8931026,-4.0,-7.0,-44.0
1776884645.9031026,-4.0,-6.0,-44.0
1776884645.9131026,-6.0,-6.0,-49.0
1776884645.9231029,-9.0,-6.0,-45.0
1776884645.9331028,-8.0,-4.0,-46.0
1776884645.9431028,-6.0,-5.0,-48.0
1776884645.9531028,-3.0,-4.0,-45.0
1776884645.9631028,-2.0,-6.0,-48.0
1776884645.9731028,-2.0,-3.0,-44.0
1776884645.9831028,0.0,1.0,-47.0
1776884645.9931028,-3.0,4.0,-49.0
1776884646.0031028,-2.0,2.0,-49.0
1776884646.0131028,-7.0,1.0,-50.0
1776884646.0231028,-6.0,0.0,-46.0
1776884646.0331028,-8.0,1.0,-42.0
1776884646.0431027,-5.0,2.0,-45.0
1776884646.0531027,-5.0,6.0,-36.0
1776884646.0631027,-7.0,4.0,-36.0
1776884646.0731027,-4.0,3.0,-32.0
1776884646.0831027,0.0,3.0,-42.0
1776884646.0931027,-3.0,2.0,-42.0
1776884646.1031027,-1.0,2.0,-44.0
1776884646.113103,0.0,3.0,-41.0
1776884646.123103,-2.0,0.0,-43.0
1776884646.133103,0.0,0.0,-43.0
1776884646.1431026,1.0,0.0,-45.0
1776884646.1531026,3.0,1.0,-40.0
1776884646.1631026,1.0,0.0,-39.0
1776884646.1731029,1.0,-1.0,-44.0
1776884646.1831028,1.0,-3.0,-43.0
1776884646.1931028,1.0,-3.0,-42.0
1776884646.2031028,0.0,-8.0,-41.0
1776884646.2131028,0.0,-12.0,-40.0
1776884646.2231028,-2.0,-12.0,-44.0
1776884646.2331028,0.0,-12.0,-42.0
1776884646.2431028,0.0,-8.0,-40.0
1776884646.2531028,-2.0,-9.0,-40.0
1776884646.2631028,-2.0,-8.0,-35.0
1776884646.2731028,-1.0,-3.0,-31.0
1776884646.2831028,0.0,-3.0,-37.0
1776884646.2931027,0.0,-9.0,-40.0
1776884646.3031027,3.0,-9.0,-44.0
1776884646.3131027,1.0,-5.0,-49.0
1776884646.3231027,0.0,-5.0,-46.0
1776884646.3331027,0.0,-5.0,-47.0
1776884646.3431027,0.0,-6.0,-48.0
1776884646.3531027,-4.0,-12.0,-44.0
1776884646.363103,-6.0,-7.0,-46.0
1776884646.373103,-2.0,-2.0,-40.0
1776884646.383103,-5.0,0.0,-48.0
1776884646.3931026,0.0,2.0,-60.0
1776884646.4031026,0.0,6.0,-59.0
1776884646.4131026,1.0,4.0,-64.0
1776884646.4231029,0.0,4.0,-62.0
1776884646.4331028,0.0,3.0,-58.0
1776884646.4431028,0.0,2.0,-55.0
1776884646.4531028,0.0,0.0,-54.0
1776884646.4631028,-1.0,-1.0,-57.0
1776884646.4731028,-3.0,1.0,-58.0
1776884646.4831028,-8.0,0.0,-52.0
1776884646.4931028,-7.0,-1.0,-53.0
1776884646.5031028,-1.0,1.0,-53.0
1776884646.5131028,1.0,-2.0,-49.0
1776884646.5231028,-1.0,-3.0,-51.0
1776884646.5331028,0.0,2.0,-51.0
1776884646.5431027,1.0,0.0,-51.0
1776884646.5531027,4.0,0.0,-48.0
1776884646.5631027,1.0,1.0,-55.0
1776884646.5731027,4.0,-1.0,-57.0
1776884646.5831027,4.0,-3.0,-60.0
1776884646.5931027,2.0,-1.0,-60.0
1776884646.6031027,3.0,-2.0,-59.0
1776884646.613103,2.0,3.0,-48.0
1776884646.623103,-1.0,-1.0,-45.0
1776884646.633103,0.0,-1.0,-48.0
1776884646.6431026,1.0,1.0,-50.0
1776884646.6531026,0.0,3.0,-53.0
1776884646.6631026,0.0,-2.0,-52.0
1776884646.6731029,0.0,-5.0,-48.0
1776884646.6831028,1.0,-8.0,-54.0
1776884646.6931028,-1.0,-5.0,-54.0
1776884646.7031028,-3.0,-5.0,-51.0
1776884646.7131028,-3.0,-5.0,-47.0
1776884646.7231028,-2.0,-9.0,-36.0
1776884646.7331028,-4.0,-8.0,-39.0
1776884646.7431028,-1.0,-7.0,-44.0
1776884646.7531028,3.0,-6.0,-40.0
1776884646.7631028,4.0,-9.0,-38.0
1776884646.7731028,6.0,-7.0,-37.0
1776884646.7831028,3.0,-8.0,-42.0
1776884646.7931027,5.0,-7.0,-38.0
1776884646.8031027,6.0,-9.0,-41.0
1776884646.8131027,10.0,-7.0,-45.0
1776884646.8231027,11.0,-6.0,-44.0
1776884646.8331027,12.0,-5.0,-43.0
1776884646.8431027,8.0,0.0,-39.0
1776884646.8531027,6.0,3.0,-45.0
1776884646.863103,8.0,1.0,-42.0
1776884646.873103,9.0,5.0,-45.0
1776884646.883103,6.0,4.0,-45.0
1776884646.8931026,6.0,5.0,-49.0
1776884646.9031026,7.0,4.0,-49.0
1776884646.9131026,4.0,5.0,-50.0
1776884646.9231029,5.0,3.0,-47.0
1776884646.9331028,5.0,7.0,-49.0
1776884646.9431028,0.0,6.0,-41.0
1776884646.9531028,1.0,8.0,-47.0
1776884646.9631028,1.0,3.0,-48.0
1776884646.9731028,1.0,2.0,-43.0
1776884646.9831028,2.0,6.0,-47.0
1776884646.9931028,3.0,9.0,-47.0
1776884647.0031028,6.0,8.0,-47.0
1776884647.0131028,7.0,1.0,-43.0
1776884647.0231028,7.0,0.0,-43.0
1776884647.0331028,2.0,-3.0,-46.0
1776884647.0431027,2.0,-6.0,-41.0
1776884647.0531027,2.0,-8.0,-47.0
1776884647.0631027,4.0,-8.0,-53.0
1776884647.0731027,-3.0,-8.0,-51.0
1776884647.0831027,-3.0,-5.0,-55.0
1776884647.0931027,0.0,-4.0,-51.0
1776884647.1031027,1.0,-5.0,-56.0
1776884647.113103,6.0,-9.0,-55.0
1776884647.123103,9.0,-4.0,-56.0
1776884647.133103,6.0,0.0,-52.0
1776884647.1431026,6.0,2.0,-48.0
1776884647.1531026,6.0,-6.0,-53.0
1776884647.1631026,0.0,-8.0,-56.0
1776884647.1731029,-4.0,-6.0,-55.0
1776884647.1831028,-4.0,-4.0,-55.0
1776884647.1931028,-3.0,-10.0,-54.0
1776884647.2031028,-2.0,-6.0,-54.0
1776884647.2131028,-6.0,-8.0,-54.0
1776884647.2231028,-6.0,-6.0,-57.0
1776884647.2331028,-6.0,-6.0,-55.0
1776884647.2431028,-5.0,-6.0,-54.0
1776884647.2531028,-7.0,-3.0,-49.0
1776884647.2631028,-3.0,2.0,-50.0
1776884647.2731028,-4.0,0.0,-53.0
1776884647.2831028,-1.0,-2.0,-54.0
1776884647.2931027,6.0,-3.0,-56.0
1776884647.3031027,6.0,2.0,-49.0
1776884647.3131027,1.0,6.0,-41.0
1776884647.3231027,2.0,2.0,-41.0
1776884647.3331027,2.0,0.0,-45.0
1776884647.3431027,-3.0,-2.0,-41.0
1776884647.3531027,-1.0,-1.0,-39.0
1776884647.363103,0.0,-4.0,-44.0
1776884647.373103,-3.0,-7.0,-47.0
1776884647.383103,-4.0,-3.0,-46.0
1776884647.3931026,0.0,-3.0,-48.0
1776884647.4031026,0.0,-4.0,-52.0
1776884647.4131026,0.0,0.0,-52.0
1776884647.4231029,-4.0,0.0,-48.0
1776884647.4331028,0.0,-4.0,-48.0
1776884647.4441028,1.0,-5.0,-51.0
1776884647.4541028,4.0,-5.0,-46.0
1776884647.4641027,7.0,-4.0,-53.0
1776884647.4741027,1.0,-3.0,-46.0
1776884647.4841027,1.0,2.0,-43.0
1776884647.4941027,5.0,2.0,-49.0
1776884647.5041027,9.0,1.0,-55.0
1776884647.5141027,8.0,-1.0,-48.0
1776884647.5241027,3.0,-2.0,-46.0
1776884647.534103,4.0,-5.0,-52.0
1776884647.544103,7.0,-7.0,-54.0
1776884647.554103,1.0,-2.0,-56.0
1776884647.5641026,0.0,2.0,-59.0
1776884647.5741026,0.0,2.0,-61.0
1776884647.5841026,-2.0,-1.0,-69.0
1776884647.5941026,0.0,1.0,-69.0
1776884647.6041028,-1.0,2.0,-53.0
1776884647.6141028,-4.0,2.0,-53.0
1776884647.6241028,-5.0,0.0,-54.0
1776884647.6341028,-2.0,-6.0,-52.0
1776884647.6441028,0.0,-9.0,-46.0
1776884647.6541028,1.0,-8.0,-47.0
1776884647.6641028,6.0,-9.0,-50.0
1776884647.6741028,13.0,-8.0,-50.0
1776884647.6841028,12.0,-6.0,-47.0
1776884647.6941028,3.0,-5.0,-51.0
1776884647.7041028,0.0,-7.0,-53.0
1776884647.7141027,-2.0,-5.0,-54.0
1776884647.7241027,-5.0,0.0,-54.0
1776884647.7341027,-4.0,-1.0,-53.0
1776884647.7441027,-5.0,0.0,-54.0
1776884647.7541027,-7.0,0.0,-52.0
1776884647.7641027,-11.0,-2.0,-51.0
1776884647.7741027,-6.0,-1.0,-50.0
1776884647.784103,-6.0,2.0,-56.0
1776884647.794103,-5.0,5.0,-50.0
1776884647.804103,0.0,5.0,-43.0
1776884647.8141026,0.0,1.0,-46.0
1776884647.8241026,1.0,-3.0,-52.0
1776884647.8341026,3.0,-4.0,-49.0
1776884647.8441026,4.0,-5.0,-48.0
1776884647.8541028,5.0,-6.0,-54.0
1776884647.8641028,5.0,-3.0,-53.0
1776884647.8741028,4.0,-2.0,-48.0
1776884647.8841028,0.0,0.0,-51.0
1776884647.8941028,4.0,-2.0,-50.0
1776884647.9041028,1.0,-4.0,-50.0
1776884647.9141028,3.0,-1.0,-50.0
1776884647.9241028,2.0,1.0,-47.0
1776884647.9341028,-1.0,-1.0,-51.0
1776884647.9441028,-1.0,-3.0,-44.0
1776884647.9541028,2.0,-4.0,-49.0
1776884647.9641027,3.0,-8.0,-50.0
1776884647.9741027,4.0,-7.0,-52.0
1776884647.9841027,5.0,-9.0,-55.0
1776884647.9941027,4.0,-4.0,-59.0
1776884648.0041027,4.0,0.0,-57.0
1776884648.0141027,5.0,2.0,-51.0
1776884648.0241027,2.0,3.0,-49.0
1776884648.034103,2.0,5.0,-52.0
1776884648.044103,0.0,6.0,-45.0
1776884648.054103,-3.0,4.0,-42.0
1776884648.0641026,-11.0,1.0,-39.0
1776884648.0741026,-13.0,4.0,-42.0
1776884648.0841026,-5.0,4.0,-49.0
1776884648.0941026,0.0,0.0,-45.0
1776884648.1041028,0.0,0.0,-46.0
1776884648.1141028,2.0,-1.0,-45.0
1776884648.1241028,1.0,4.0,-39.0
1776884648.1341028,1.0,6.0,-40.0
1776884648.1441028,2.0,1.0,-42.0
1776884648.1541028,0.0,-2.0,-43.0
1776884648.1641028,-2.0,0.0,-49.0
1776884648.1741028,-4.0,0.0,-53.0
1776884648.1841028,-1.0,0.0,-50.0
1776884648.1941028,-1.0,0.0,-57.0
1776884648.2041028,-4.0,1.0,-59.0
1776884648.2141027,-8.0,2.0,-58.0
1776884648.2241027,-10.0,-1.0,-56.0
1776884648.2341027,-6.0,2.0,-54.0
1776884648.2441027,-6.0,3.0,-55.0
1776884648.2541027,-2.0,0.0,-57.0
1776884648.2641027,-4.0,0.0,-56.0
1776884648.2741027,0.0,0.0,-61.0
1776884648.284103,0.0,3.0,-55.0
1776884648.294103,-3.0,3.0,-45.0
1776884648.304103,-3.0,-1.0,-40.0
1776884648.3141026,-3.0,-3.0,-43.0
1776884648.3241026,-2.0,-5.0,-47.0
1776884648.3341026,0.0,-5.0,-51.0
1776884648.3441026,0.0,-8.0,-54.0
1776884648.3541028,3.0,-10.0,-48.0
1776884648.3641028,0.0,-9.0,-45.0
1776884648.3741028,1.0,-4.0,-45.0
1776884648.3841028,8.0,-6.0,-47.0
1776884648.3941028,7.0,-6.0,-46.0
1776884648.4041028,9.0,-3.0,-46.0
1776884648.4141028,7.0,-4.0,-49.0
1776884648.4241028,7.0,-2.0,-44.0
1776884648.4341028,5.0,0.0,-47.0
1776884648.4441028,2.0,0.0,-42.0
1776884648.4541028,2.0,-2.0,-43.0
1776884648.4641027,2.0,-3.0,-51.0
1776884648.4741027,1.0,-1.0,-53.0
1776884648.4841027,-1.0,-1.0,-53.0
1776884648.4941027,0.0,0.0,-52.0
1776884648.5041027,2.0,3.0,-40.0
1776884648.5141027,1.0,4.0,-36.0
1776884648.5241027,2.0,3.0,-40.0
1776884648.534103,0.0,2.0,-47.0
1776884648.544103,0.0,1.0,-51.0
1776884648.554103,1.0,-2.0,-51.0
1776884648.5641026,3.0,-5.0,-54.0
1776884648.5741026,1.0,-5.0,-54.0
1776884648.5841026,-4.0,-5.0,-53.0
1776884648.5941026,-6.0,-4.0,-48.0
1776884648.6041028,-4.0,-3.0,-50.0
1776884648.6141028,-2.0,-3.0,-51.0
1776884648.6241028,-3.0,0.0,-52.0
1776884648.6341028,-5.0,-1.0,-51.0
1776884648.6441028,-9.0,0.0,-50.0
1776884648.6541028,-7.0,-1.0,-51.0
1776884648.6641028,-5.0,-4.0,-46.0
1776884648.6741028,0.0,-3.0,-46.0
1776884648.6841028,-2.0,-4.0,-45.0
1776884648.6941028,-3.0,-6.0,-46.0
1776884648.7041028,1.0,-3.0,-39.0
1776884648.7141027,2.0,-10.0,-38.0
1776884648.7241027,1.0,-5.0,-41.0
1776884648.7341027,4.0,-6.0,-38.0
1776884648.7441027,1.0,-5.0,-31.0
1776884648.7541027,0.0,-2.0,-35.0
1776884648.7641027,-1.0,-4.0,-36.0
1776884648.7741027,2.0,-8.0,-36.0
1776884648.784103,3.0,-8.0,-37.0
1776884648.794103,5.0,-4.0,-34.0
1776884648.804103,3.0,-5.0,-32.0
1776884648.8141026,3.0,-7.0,-30.0
1776884648.8241026,1.0,-5.0,-34.0
1776884648.8341026,2.0,-4.0,-38.0
1776884648.8441026,5.0,-4.0,-39.0
1776884648.8541028,3.0,0.0,-38.0
1776884648.8641028,0.0,4.0,-36.0
1776884648.8741028,0.0,2.0,-42.0
1776884648.8841028,0.0,3.0,-43.0
1776884648.8941028,4.0,2.0,-47.0
1776884648.9041028,4.0,1.0,-39.0
1776884648.9141028,6.0,1.0,-42.0
1776884648.9241028,4.0,2.0,-46.0
1776884648.9341028,3.0,0.0,-45.0
1776884648.9441028,2.0,1.0,-48.0
1776884648.9541028,6.0,1.0,-48.0
1776884648.9641027,13.0,1.0,-45.0
1776884648.9741027,7.0,0.0,-53.0
1776884648.9841027,6.0,0.0,-55.0
1776884648.9941027,6.0,0.0,-46.0
1776884649.0041027,2.0,-9.0,-42.0
1776884649.0141027,1.0,-11.0,-47.0
1776884649.0241027,0.0,-12.0,-44.0
1776884649.034103,-4.0,-12.0,-48.0
1776884649.044103,-1.0,-6.0,-49.0
1776884649.054103,-1.0,-7.0,-51.0
1776884649.0641026,0.0,-8.0,-48.0
1776884649.0741026,-3.0,-7.0,-39.0
1776884649.0841026,-5.0,-3.0,-43.0
1776884649.0941026,-3.0,-2.0,-47.0
1776884649.1041028,-3.0,-1.0,-38.0
1776884649.1141028,1.0,-1.0,-41.0
1776884649.1241028,0.0,0.0,-42.0
1776884649.1341028,1.0,-1.0,-45.0
1776884649.1441028,0.0,0.0,-45.0
1776884649.1541028,-1.0,1.0,-43.0
1776884649.1641028,2.0,0.0,-41.0
1776884649.1741028,11.0,3.0,-43.0
1776884649.1841028,5.0,1.0,-43.0
1776884649.1941028,2.0,-3.0,-44.0
1776884649.2041028,-1.0,-6.0,-45.0
1776884649.2141027,0.0,-6.0,-47.0
1776884649.2241027,0.0,-10.0,-43.0
1776884649.2341027,-1.0,-12.0,-44.0
1776884649.2441027,-3.0,-12.0,-47.0
1776884649.2541027,-1.0,-9.0,-46.0
1776884649.2641027,-2.0,-5.0,-54.0
1776884649.2741027,-2.0,-4.0,-56.0
1776884649.284103,-5.0,-5.0,-49.0
1776884649.294103,-3.0,-3.0,-43.0
1776884649.304103,0.0,-4.0,-42.0
1776884649.3141026,1.0,-5.0,-49.0
1776884649.3241026,0.0,-6.0,-52.0
1776884649.3341026,-1.0,-3.0,-53.0
1776884649.3441026,5.0,-4.0,-44.0
1776884649.3541028,2.0,-3.0,-40.0
1776884649.3641028,3.0,-5.0,-41.0
1776884649.3741028,4.0,-3.0,-47.0
1776884649.3841028,4.0,-3.0,-48.0
1776884649.3941028,6.0,-6.0,-51.0
1776884649.4041028,5.0,-7.0,-55.0
1776884649.4151027,6.0,-10.0,-52.0
1776884649.4241028,4.0,-11.0,-49.0
1776884649.4341028,0.0,-10.0,-49.0
1776884649.4451027,2.0,-5.0,-42.0
1776884649.4551027,0.0,-6.0,-50.0
1776884649.465103,-1.0,-3.0,-48.0
1776884649.475103,1.0,-3.0,-46.0
1776884649.485103,2.0,-6.0,-50.0
1776884649.4951026,1.0,-7.0,-46.0
1776884649.5051026,2.0,-8.0,-45.0
1776884649.5151026,1.0,-6.0,-50.0
1776884649.5251029,3.0,-12.0,-52.0
1776884649.5351028,0.0,-9.0,-53.0
1776884649.5451028,1.0,-10.0,-51.0
1776884649.5551028,0.0,-8.0,-52.0
1776884649.5651028,4.0,-9.0,-52.0
1776884649.5751028,2.0,-10.0,-54.0
1776884649.5851028,3.0,-9.0,-51.0
1776884649.5951028,0.0,-5.0,-49.0
1776884649.6051028,-4.0,-5.0,-51.0
1776884649.6151028,-5.0,-7.0,-60.0
1776884649.6251028,-5.0,-6.0,-61.0
1776884649.6351027,-4.0,-8.0,-61.0
1776884649.6451027,-6.0,-4.0,-60.0
1776884649.6551027,-7.0,-9.0,-60.0
1776884649.6651027,-2.0,-7.0,-56.0
1776884649.6751027,1.0,-5.0,-49.0
1776884649.6851027,6.0,-4.0,-46.0
1776884649.6951027,8.0,-1.0,-42.0
1776884649.7051027,8.0,1.0,-43.0
1776884649.715103,4.0,0.0,-46.0
1776884649.725103,-2.0,0.0,-44.0
1776884649.735103,-6.0,0.0,-42.0
1776884649.7451026,-6.0,-1.0,-46.0
1776884649.7551026,-5.0,0.0,-50.0
1776884649.7651026,-2.0,0.0,-50.0
1776884649.7751029,1.0,-2.0,-52.0
1776884649.7851028,0.0,1.0,-47.0
1776884649.7951028,2.0,3.0,-49.0
1776884649.8051028,2.0,3.0,-49.0
1776884649.8151028,3.0,3.0,-46.0
1776884649.8251028,5.0,-2.0,-43.0
1776884649.8351028,-2.0,-8.0,-43.0
1776884649.8451028,-7.0,-8.0,-41.0
1776884649.8551028,-7.0,-8.0,-40.0
1776884649.8651028,-7.0,-5.0,-37.0
1776884649.8751028,-3.0,-6.0,-37.0
1776884649.8851027,0.0,-5.0,-39.0
1776884649.8951027,-1.0,-6.0,-44.0
1776884649.9051027,-1.0,-6.0,-51.0
1776884649.9151027,1.0,-5.0,-47.0
1776884649.9251027,0.0,-5.0,-51.0
1776884649.9351027,0.0,-5.0,-48.0
1776884649.9451027,-2.0,-2.0,-46.0
1776884649.9551027,-1.0,0.0,-45.0
1776884649.965103,-1.0,-2.0,-40.0
1776884649.975103,2.0,-2.0,-30.0
1776884649.985103,2.0,0.0,-33.0
1776884649.9951026,1.0,-1.0,-37.0
1776884650.0051026,1.0,-4.0,-43.0
1776884650.0151026,5.0,-5.0,-44.0
1776884650.0251029,4.0,-7.0,-46.0
1776884650.0351028,1.0,-8.0,-43.0
1776884650.0451028,-4.0,-7.0,-38.0
1776884650.0551028,-3.0,-3.0,-36.0
1776884650.0651028,-5.0,-1.0,-36.0
1776884650.0751028,-1.0,0.0,-32.0
1776884650.0851028,-1.0,5.0,-34.0
1776884650.0951028,-4.0,0.0,-39.0
1776884650.1051028,-3.0,-4.0,-38.0
1776884650.1151028,-1.0,-3.0,-42.0
1776884650.1251028,-5.0,-1.0,-50.0
1776884650.1351027,-1.0,-1.0,-49.0
1776884650.1451027,-3.0,0.0,-51.0
1776884650.1551027,-1.0,-2.0,-47.0
1776884650.1651027,0.0,-1.0,-47.0
1776884650.1751027,0.0,1.0,-47.0
1776884650.1851027,3.0,1.0,-47.0
1776884650.1951027,3.0,1.0,-39.0
1776884650.2051027,4.0,0.0,-41.0
1776884650.215103,4.0,3.0,-46.0
1776884650.225103,0.0,3.0,-43.0
1776884650.235103,0.0,-1.0,-43.0
1776884650.2451026,-3.0,-1.0,-52.0
1776884650.2551026,-4.0,-2.0,-54.0
1776884650.2651026,-1.0,-3.0,-54.0
1776884650.2751029,2.0,-1.0,-57.0
1776884650.2851028,1.0,-4.0,-51.0
1776884650.2951028,0.0,-7.0,-47.0
1776884650.3051028,0.0,-5.0,-50.0
1776884650.3151028,0.0,-4.0,-53.0
1776884650.3251028,-3.0,-1.0,-50.0
1776884650.3351028,-3.0,-3.0,-47.0
1776884650.3451028,0.0,-2.0,-49.0
1776884650.3551028,0.0,-1.0,-46.0
1776884650.3651028,-2.0,-5.0,-53.0
1776884650.3751028,-6.0,-3.0,-52.0
1776884650.3851027,-7.0,-1.0,-58.0
1776884650.3951027,-6.0,0.0,-59.0
1776884650.4051027,-2.0,0.0,-57.0
1776884650.4151027,-6.0,0.0,-56.0
1776884650.4251027,-4.0,0.0,-51.0
1776884650.4351027,-1.0,-2.0,-46.0
1776884650.4451027,2.0,1.0,-43.0
1776884650.4551027,1.0,2.0,-39.0
1776884650.465103,1.0,5.0,-42.0
1776884650.475103,3.0,4.0,-42.0
1776884650.485103,3.0,0.0,-41.0
1776884650.4951026,2.0,-1.0,-45.0
1776884650.5051026,3.0,-3.0,-42.0
1776884650.5151026,7.0,-4.0,-38.0
1776884650.5251029,9.0,-3.0,-43.0
1776884650.5351028,8.0,-3.0,-46.0
1776884650.5451028,8.0,0.0,-44.0
1776884650.5551028,8.0,-2.0,-48.0
1776884650.5651028,9.0,-3.0,-45.0
1776884650.5751028,10.0,-3.0,-48.0
1776884650.5851028,3.0,-6.0,-53.0
1776884650.5951028,3.0,-7.0,-49.0
1776884650.6051028,8.0,-6.0,-48.0
1776884650.6151028,11.0,-4.0,-42.0
1776884650.6251028,7.0,0.0,-45.0
1776884650.6351027,3.0,2.0,-47.0
1776884650.6451027,2.0,2.0,-41.0
1776884650.6551027,4.0,5.0,-41.0
1776884650.6651027,3.0,1.0,-47.0
1776884650.6751027,6.0,-1.0,-42.0
1776884650.6851027,8.0,-1.0,-38.0
1776884650.6951027,8.0,-1.0,-43.0
1776884650.7051027,9.0,-4.0,-46.0
1776884650.715103,7.0,-2.0,-47.0
1776884650.725103,8.0,0.0,-50.0
1776884650.735103,4.0,-1.0,-51.0
1776884650.7451026,7.0,-1.0,-50.0
1776884650.7551026,8.0,-7.0,-49.0
1776884650.7651026,8.0,-5.0,-52.0
1776884650.7751029,3.0,-6.0,-56.0
1776884650.7851028,-2.0,-3.0,-52.0
1776884650.7951028,-3.0,-3.0,-51.0
1776884650.8051028,0.0,-3.0,-51.0
1776884650.8151028,0.0,-1.0,-54.0
1776884650.8251028,2.0,-2.0,-55.0
1776884650.8351028,1.0,-2.0,-59.0
1776884650.8451028,0.0,-2.0,-65.0
1776884650.8551028,-1.0,-3.0,-59.0
1776884650.8651028,1.0,-10.0,-66.0
1776884650.8751028,0.0,-5.0,-59.0
1776884650.8851027,-1.0,-5.0,-60.0
1776884650.8951027,-1.0,-2.0,-58.0
1776884650.9051027,0.0,-7.0,-54.0
1776884650.9151027,1.0,-6.0,-50.0
1776884650.9251027,0.0,-5.0,-48.0
1776884650.9351027,0.0,-6.0,-53.0
1776884650.9451027,0.0,-4.0,-50.0
1776884650.9551027,0.0,0.0,-50.0
1776884650.965103,-5.0,4.0,-47.0
1776884650.975103,-4.0,0.0,-47.0
1776884650.985103,-5.0,0.0,-51.0
1776884650.9951026,-2.0,1.0,-52.0
1776884651.0051026,0.0,0.0,-47.0
1776884651.0151026,1.0,2.0,-45.0
1776884651.0251029,1.0,-4.0,-45.0
1776884651.0351028,-2.0,0.0,-44.0
1776884651.0451028,2.0,1.0,-47.0
1776884651.0551028,0.0,-4.0,-45.0
1776884651.0651028,-2.0,-4.0,-48.0
1776884651.0751028,1.0,-4.0,-44.0
1776884651.0851028,-2.0,-5.0,-46.0
1776884651.0951028,-4.0,-4.0,-54.0
1776884651.1051028,-7.0,-4.0,-50.0
1776884651.1151028,-7.0,-3.0,-44.0
1776884651.1251028,-4.0,-3.0,-42.0
1776884651.1351027,-1.0,-7.0,-47.0
1776884651.1451027,-2.0,-7.0,-44.0
1776884651.1551027,0.0,-9.0,-44.0
1776884651.1651027,1.0,-9.0,-45.0
1776884651.1751027,2.0,-6.0,-46.0
1776884651.1851027,-3.0,-6.0,-52.0
1776884651.1951027,-2.0,-6.0,-47.0
1776884651.2051027,0.0,-9.0,-40.0
1776884651.215103,-4.0,-2.0,-42.0
1776884651.225103,-7.0,-4.0,-46.0
1776884651.235103,-8.0,-6.0,-42.0
1776884651.2451026,-4.0,-6.0,-46.0
1776884651.2551026,-1.0,-11.0,-44.0
1776884651.2651026,2.0,-12.0,-45.0
1776884651.2751029,2.0,-11.0,-52.0
1776884651.2851028,0.0,-11.0,-51.0
1776884651.2951028,-1.0,-11.0,-41.0
1776884651.3051028,0.0,-9.0,-43.0
1776884651.3151028,-1.0,-7.0,-39.0
1776884651.3251028,-4.0,-6.0,-39.0
1776884651.3351028,-2.0,-5.0,-35.0
1776884651.3451028,-2.0,-5.0,-34.0
1776884651.3551028,0.0,-3.0,-38.0
1776884651.3651028,0.0,-3.0,-43.0
1776884651.3751028,-4.0,-2.0,-40.0
1776884651.3851027,0.0,0.0,-37.0
1776884651.396103,2.0,1.0,-40.0
1776884651.406103,5.0,-1.0,-42.0
1776884651.4161026,6.0,0.0,-39.0
1776884651.4251027,6.0,-1.0,-39.0
1776884651.4361026,8.0,-1.0,-44.0
1776884651.4461029,9.0,-2.0,-42.0
1776884651.4561028,5.0,0.0,-37.0
1776884651.4661028,2.0,-1.0,-32.0
1776884651.475103,-1.0,-1.0,-36.0
1776884651.4861028,1.0,-2.0,-34.0
1776884651.4961028,0.0,-2.0,-29.0
1776884651.5061028,-2.0,-4.0,-28.0
1776884651.5161028,-3.0,-1.0,-30.0
1776884651.5261028,-5.0,1.0,-42.0
1776884651.5361028,-4.0,2.0,-54.0
1776884651.5461028,-2.0,2.0,-56.0
1776884651.5561028,4.0,0.0,-54.0
1776884651.5661027,3.0,0.0,-49.0
1776884651.5761027,4.0,-2.0,-49.0
1776884651.5861027,4.0,-1.0,-47.0
1776884651.5961027,3.0,0.0,-44.0
1776884651.6061027,4.0,-2.0,-40.0
1776884651.6161027,3.0,-7.0,-38.0
1776884651.6261027,2.0,-7.0,-42.0
1776884651.636103,-1.0,-6.0,-38.0
1776884651.646103,0.0,0.0,-39.0
1776884651.656103,-2.0,3.0,-45.0
1776884651.6661026,0.0,-3.0,-41.0
1776884651.6761026,1.0,-2.0,-37.0
1776884651.6861026,2.0,-2.0,-38.0
1776884651.6961029,0.0,-1.0,-40.0
1776884651.7061028,-4.0,0.0,-37.0
1776884651.7161028,-2.0,-1.0,-32.0
1776884651.7261028,0.0,-1.0,-26.0
1776884651.7361028,-4.0,-3.0,-27.0
1776884651.7461028,-4.0,-4.0,-36.0
1776884651.7561028,-2.0,-3.0,-38.0
1776884651.7661028,1.0,-2.0,-36.0
1776884651.7761028,4.0,-2.0,-38.0
1776884651.7861028,2.0,-4.0,-39.0
1776884651.7961028,-2.0,1.0,-42.0
1776884651.8061028,-1.0,2.0,-44.0
1776884651.8161027,0.0,3.0,-52.0
1776884651.8261027,0.0,3.0,-52.0
1776884651.8361027,3.0,-2.0,-49.0
1776884651.8461027,3.0,-4.0,-42.0
1776884651.8561027,1.0,-3.0,-42.0
1776884651.8661027,0.0,0.0,-43.0
1776884651.8761027,4.0,-2.0,-43.0
1776884651.886103,6.0,-7.0,-42.0
1776884651.896103,8.0,-7.0,-45.0
1776884651.906103,10.0,-8.0,-44.0
1776884651.9161026,11.0,-7.0,-41.0
1776884651.9261026,10.0,-6.0,-43.0
1776884651.9361026,6.0,-1.0,-45.0
1776884651.9461029,4.0,0.0,-52.0
1776884651.9561028,1.0,0.0,-53.0
1776884651.9661028,3.0,0.0,-56.0
1776884651.9761028,2.0,1.0,-62.0
1776884651.9861028,7.0,0.0,-59.0
1776884651.9961028,7.0,7.0,-50.0
1776884652.0061028,7.0,4.0,-52.0
1776884652.0161028,8.0,4.0,-52.0
1776884652.0261028,3.0,5.0,-54.0
1776884652.0361028,2.0,7.0,-58.0
1776884652.0461028,2.0,4.0,-53.0
1776884652.0561028,0.0,0.0,-57.0
1776884652.0661027,4.0,-1.0,-49.0
1776884652.0761027,10.0,-4.0,-47.0
1776884652.0861027,6.0,-6.0,-42.0
1776884652.0961027,7.0,-6.0,-42.0
1776884652.1061027,11.0,-12.0,-44.0
1776884652.1161027,10.0,-12.0,-50.0
1776884652.1261027,10.0,-6.0,-50.0
1776884652.136103,11.0,0.0,-51.0
1776884652.146103,11.0,-1.0,-50.0
1776884652.156103,4.0,4.0,-47.0
1776884652.1661026,0.0,1.0,-53.0
1776884652.1761026,-1.0,0.0,-55.0
1776884652.1861026,2.0,3.0,-53.0
1776884652.1961029,-2.0,3.0,-50.0
1776884652.2061028,-3.0,-1.0,-49.0
1776884652.2161028,-4.0,-2.0,-49.0
1776884652.2261028,-1.0,2.0,-52.0
1776884652.2361028,2.0,0.0,-53.0
1776884652.2461028,0.0,0.0,-50.0
1776884652.2561028,-5.0,0.0,-51.0
1776884652.2661028,-2.0,2.0,-50.0
1776884652.2761028,-3.0,0.0,-49.0
1776884652.2861028,0.0,0.0,-54.0
1776884652.2961028,-1.0,0.0,-56.0
1776884652.3061028,0.0,-5.0,-60.0
1776884652.3161027,2.0,-2.0,-57.0
1776884652.3261027,5.0,2.0,-62.0
1776884652.3361027,0.0,3.0,-58.0
1776884652.3461027,-1.0,3.0,-52.0
1776884652.3561027,-1.0,1.0,-49.0
1776884652.3661027,1.0,2.0,-50.0
1776884652.3761027,2.0,3.0,-54.0
1776884652.386103,-2.0,3.0,-52.0
1776884652.396103,0.0,0.0,-39.0
1776884652.406103,-1.0,0.0,-43.0
1776884652.4161026,0.0,0.0,-45.0
1776884652.4261026,-2.0,0.0,-50.0
1776884652.4361026,-1.0,0.0,-47.0
1776884652.4461029,7.0,-3.0,-43.0
1776884652.4561028,10.0,-3.0,-44.0
1776884652.4661028,4.0,-7.0,-42.0
1776884652.4761028,2.0,-6.0,-44.0
1776884652.4861028,0.0,-5.0,-39.0
1776884652.4961028,0.0,-4.0,-41.0
1776884652.5061028,3.0,-4.0,-43.0
1776884652.5161028,0.0,-5.0,-46.0
1776884652.5261028,0.0,-7.0,-40.0
1776884652.5361028,-5.0,-5.0,-45.0
1776884652.5461028,-6.0,-5.0,-50.0
1776884652.5561028,-12.0,-4.0,-54.0
1776884652.5661027,-7.0,-5.0,-55.0
1776884652.5761027,-6.0,-4.0,-55.0
1776884652.5861027,-7.0,-4.0,-56.0
1776884652.5961027,-12.0,-6.0,-51.0
1776884652.6061027,-10.0,-7.0,-57.0
1776884652.6161027,-7.0,-9.0,-59.0
1776884652.6261027,-8.0,-9.0,-66.0
1776884652.636103,-9.0,-9.0,-64.0
1776884652.646103,-8.0,-8.0,-59.0
1776884652.656103,-5.0,-2.0,-51.0
1776884652.6661026,-3.0,-1.0,-45.0
1776884652.6761026,2.0,-1.0,-49.0
1776884652.6861026,7.0,-1.0,-47.0
1776884652.6961029,9.0,-3.0,-50.0
1776884652.7061028,9.0,0.0,-50.0
1776884652.7161028,7.0,-3.0,-47.0
1776884652.7261028,3.0,-4.0,-47.0
1776884652.7361028,4.0,-4.0,-52.0
1776884652.7461028,1.0,-7.0,-56.0
1776884652.7561028,1.0,-2.0,-53.0
1776884652.7661028,2.0,0.0,-54.0
1776884652.7761028,3.0,-1.0,-55.0
1776884652.7861028,5.0,0.0,-53.0
1776884652.7961028,3.0,-1.0,-50.0
1776884652.8061028,6.0,3.0,-51.0
1776884652.8161027,4.0,4.0,-48.0
1776884652.8261027,2.0,-2.0,-50.0
1776884652.8361027,1.0,-4.0,-50.0
1776884652.8461027,0.0,-8.0,-53.0
1776884652.8561027,0.0,-9.0,-54.0
1776884652.8661027,-1.0,-7.0,-51.0
1776884652.8761027,-3.0,-8.0,-48.0
1776884652.886103,-3.0,-4.0,-45.0
1776884652.896103,-6.0,-2.0,-49.0
1776884652.906103,-9.0,0.0,-49.0
1776884652.9161026,-5.0,2.0,-51.0
1776884652.9261026,-5.0,5.0,-54.0
1776884652.9361026,0.0,2.0,-49.0
1776884652.9461029,0.0,-1.0,-50.0
1776884652.9561028,-3.0,0.0,-58.0
1776884652.9661028,-4.0,4.0,-58.0
1776884652.9761028,-2.0,3.0,-53.0
1776884652.9861028,-4.0,2.0,-56.0
1776884652.9961028,0.0,0.0,-48.0
1776884653.0061028,0.0,1.0,-54.0
1776884653.0161028,0.0,0.0,-57.0
1776884653.0261028,3.0,2.0,-52.0
1776884653.0361028,0.0,1.0,-51.0
1776884653.0461028,-6.0,2.0,-45.0
1776884653.0561028,-5.0,2.0,-43.0
1776884653.0661027,-3.0,5.0,-50.0
1776884653.0761027,-2.0,5.0,-53.0
1776884653.0861027,-6.0,5.0,-46.0
1776884653.0961027,-2.0,5.0,-49.0
1776884653.1061027,0.0,3.0,-50.0
1776884653.1161027,1.0,2.0,-46.0
1776884653.1261027,-3.0,-1.0,-46.0
1776884653.136103,0.0,-1.0,-53.0
1776884653.146103,2.0,-5.0,-59.0
1776884653.156103,-2.0,-11.0,-58.0
1776884653.1661026,-1.0,-10.0,-54.0
1776884653.1761026,-1.0,-4.0,-51.0
1776884653.1861026,0.0,-7.0,-45.0
1776884653.1961029,2.0,-4.0,-48.0
1776884653.2061028,0.0,-1.0,-50.0
1776884653.2161028,0.0,-1.0,-50.0
1776884653.2261028,0.0,-3.0,-49.0
1776884653.2361028,-3.0,0.0,-48.0
1776884653.2461028,2.0,0.0,-48.0
1776884653.2561028,1.0,4.0,-46.0
1776884653.2661028,5.0,3.0,-49.0
1776884653.2761028,8.0,1.0,-45.0
1776884653.2861028,7.0,0.0,-40.0
1776884653.2961028,9.0,0.0,-47.0
1776884653.3061028,9.0,0.0,-46.0
1776884653.3161027,8.0,1.0,-45.0
1776884653.3261027,8.0,1.0,-43.0
1776884653.3361027,9.0,1.0,-49.0
1776884653.3461027,7.0,2.0,-50.0
1776884653.3561027,5.0,2.0,-48.0
1776884653.3671026,2.0,1.0,-49.0
1776884653.3771029,0.0,-1.0,-47.0
1776884653.3871028,-6.0,-2.0,-49.0
1776884653.3971028,-7.0,-7.0,-47.0
1776884653.4071028,-6.0,-5.0,-49.0
1776884653.4171028,-3.0,-2.0,-53.0
1776884653.4271028,-1.0,-2.0,-49.0
1776884653.4371028,-4.0,0.0,-57.0
1776884653.4471028,-5.0,-2.0,-57.0
1776884653.4571028,0.0,1.0,-57.0
1776884653.4671028,-5.0,2.0,-49.0
1776884653.4771028,-4.0,-2.0,-46.0
1776884653.4871027,-1.0,1.0,-44.0
1776884653.4971027,-1.0,0.0,-45.0
1776884653.5071027,0.0,-2.0,-53.0
1776884653.5171027,-1.0,-2.0,-54.0
1776884653.5271027,-3.0,-6.0,-53.0
1776884653.5371027,-4.0,-6.0,-52.0
1776884653.5471027,-10.0,-7.0,-45.0
1776884653.557103,-12.0,-4.0,-47.0
1776884653.567103,-9.0,-5.0,-55.0
1776884653.577103,-7.0,-9.0,-55.0
1776884653.587103,-1.0,-6.0,-52.0
1776884653.5971026,0.0,-4.0,-54.0
1776884653.6071026,1.0,0.0,-51.0
1776884653.6171026,0.0,3.0,-53.0
1776884653.6271029,-5.0,1.0,-55.0
1776884653.6371028,-5.0,2.0,-55.0
1776884653.6471028,-5.0,2.0,-57.0
1776884653.6571028,-3.0,1.0,-58.0
1776884653.6671028,-4.0,-1.0,-54.0
1776884653.6771028,-1.0,-3.0,-50.0
1776884653.6871028,-1.0,-1.0,-48.0
1776884653.6971028,2.0,0.0,-43.0
1776884653.7071028,0.0,1.0,-43.0
1776884653.7171028,0.0,2.0,-44.0
1776884653.7271028,1.0,0.0,-44.0
1776884653.7371027,3.0,0.0,-40.0
1776884653.7471027,2.0,-2.0,-41.0
1776884653.7571027,5.0,-4.0,-41.0
1776884653.7671027,4.0,-3.0,-46.0
1776884653.7771027,4.0,-3.0,-48.0
1776884653.7871027,4.0,-1.0,-52.0
1776884653.7971027,3.0,-1.0,-48.0
1776884653.807103,2.0,-1.0,-38.0
1776884653.817103,2.0,-1.0,-36.0
1776884653.827103,2.0,0.0,-37.0
1776884653.837103,0.0,1.0,-39.0
1776884653.8471026,0.0,0.0,-40.0
1776884653.8571026,-1.0,0.0,-48.0
1776884653.8671026,-3.0,0.0,-53.0
1776884653.8771029,-8.0,-1.0,-58.0
1776884653.8871028,-6.0,0.0,-54.0
1776884653.8971028,0.0,-2.0,-55.0
1776884653.9071028,7.0,-5.0,-52.0
1776884653.9171028,3.0,-3.0,-52.0
1776884653.9271028,2.0,-2.0,-54.0
1776884653.9371028,2.0,-6.0,-54.0
1776884653.9471028,0.0,-6.0,-51.0
1776884653.9571028,-3.0,-5.0,-57.0
1776884653.9671028,0.0,-5.0,-58.0
1776884653.9771028,-2.0,-4.0,-57.0
1776884653.988103,-2.0,-5.0,-61.0
1776884653.9971027,-1.0,-3.0,-60.0
1776884654.0071027,1.0,-4.0,-66.0
1776884654.0171027,4.0,-5.0,-54.0
1776884654.0271027,3.0,-4.0,-50.0
1776884654.0371027,-2.0,-2.0,-42.0
1776884654.0471027,-6.0,0.0,-44.0
1776884654.057103,-5.0,-4.0,-46.0
1776884654.067103,-5.0,0.0,-41.0
1776884654.077103,-10.0,1.0,-39.0
1776884654.087103,-9.0,5.0,-44.0
1776884654.0971026,-9.0,5.0,-42.0
1776884654.1071026,-12.0,5.0,-44.0
1776884654.1171026,-10.0,0.0,-50.0
1776884654.1271029,-8.0,2.0,-54.0
1776884654.1371028,-12.0,2.0,-56.0
1776884654.1471028,-8.0,5.0,-55.0
1776884654.1571028,-11.0,5.0,-53.0
1776884654.1671028,-6.0,3.0,-50.0
1776884654.1771028,-3.0,0.0,-49.0
1776884654.1871028,-1.0,0.0,-48.0
1776884654.1971028,0.0,1.0,-46.0
1776884654.2071028,0.0,0.0,-42.0
1776884654.2171028,2.0,-2.0,-51.0
1776884654.2271028,4.0,1.0,-55.0
1776884654.2371027,3.0,2.0,-51.0
1776884654.2471027,1.0,1.0,-50.0
1776884654.2571027,3.0,2.0,-59.0
1776884654.2671027,4.0,0.0,-55.0
1776884654.2771027,6.0,3.0,-52.0
1776884654.2871027,4.0,5.0,-53.0
1776884654.2971027,0.0,4.0,-57.0
1776884654.307103,0.0,3.0,-55.0
1776884654.317103,5.0,1.0,-51.0
1776884654.327103,1.0,-2.0,-49.0
1776884654.337103,1.0,-3.0,-45.0
1776884654.3471026,0.0,-1.0,-50.0
1776884654.3571026,3.0,-6.0,-52.0
1776884654.3671026,3.0,-9.0,-54.0
1776884654.3771029,3.0,-5.0,-49.0
1776884654.3871028,4.0,-10.0,-44.0
1776884654.3971028,3.0,-12.0,-48.0
1776884654.4071028,0.0,-12.0,-45.0
1776884654.4171028,-1.0,-10.0,-44.0
1776884654.4271028,-3.0,-10.0,-49.0
1776884654.4371028,-2.0,-6.0,-56.0
1776884654.4471028,0.0,-3.0,-54.0
1776884654.4571028,0.0,4.0,-55.0
1776884654.4671028,2.0,5.0,-50.0
1776884654.4771028,2.0,3.0,-48.0
1776884654.4871027,1.0,2.0,-46.0
1776884654.4971027,0.0,1.0,-44.0
1776884654.5071027,-1.0,0.0,-42.0
1776884654.5171027,-1.0,2.0,-41.0
1776884654.5271027,-1.0,4.0,-53.0
1776884654.5371027,0.0,1.0,-45.0
1776884654.5471027,0.0,0.0,-42.0
1776884654.557103,0.0,-3.0,-41.0
1776884654.567103,-2.0,-4.0,-43.0
1776884654.577103,0.0,-2.0,-40.0
1776884654.587103,2.0,-1.0,-39.0
1776884654.5971026,4.0,-1.0,-39.0
1776884654.6071026,2.0,-6.0,-42.0
1776884654.6171026,1.0,-5.0,-43.0
1776884654.6271029,3.0,-8.0,-53.0
1776884654.6371028,7.0,-7.0,-60.0
1776884654.6471028,6.0,-10.0,-55.0
1776884654.6571028,3.0,-9.0,-60.0
1776884654.6671028,0.0,-12.0,-58.0
1776884654.6771028,1.0,-10.0,-52.0
1776884654.6871028,-2.0,-11.0,-44.0
1776884654.6971028,-2.0,-5.0,-42.0
1776884654.7071028,1.0,-2.0,-43.0
1776884654.7171028,0.0,-6.0,-45.0
1776884654.7271028,3.0,-3.0,-44.0
1776884654.7371027,8.0,-2.0,-43.0
1776884654.7471027,7.0,-5.0,-40.0
1776884654.7571027,6.0,-7.0,-48.0
1776884654.7671027,4.0,-6.0,-49.0
1776884654.7771027,0.0,-3.0,-46.0
1776884654.7871027,-3.0,-4.0,-49.0
1776884654.7971027,-8.0,1.0,-44.0
1776884654.807103,-2.0,0.0,-45.0
1776884654.817103,0.0,0.0,-43.0
1776884654.827103,3.0,2.0,-44.0
1776884654.837103,0.0,-3.0,-43.0
1776884654.8471026,3.0,0.0,-42.0
1776884654.8571026,3.0,2.0,-45.0
1776884654.8671026,-3.0,5.0,-49.0
1776884654.8771029,-3.0,6.0,-48.0
1776884654.8871028,-3.0,1.0,-47.0
1776884654.8971028,-2.0,0.0,-54.0
1776884654.9071028,0.0,6.0,-56.0
1776884654.9171028,-1.0,5.0,-55.0
1776884654.9271028,0.0,4.0,-50.0
1776884654.9371028,-1.0,0.0,-53.0
1776884654.9471028,-1.0,-5.0,-50.0
1776884654.9571028,0.0,-5.0,-51.0
1776884654.9671028,-1.0,-7.0,-47.0
1776884654.9771028,4.0,-6.0,-43.0
1776884654.9871027,3.0,-5.0,-39.0
1776884654.9971027,3.0,-3.0,-36.0
1776884655.0071027,1.0,-3.0,-37.0
1776884655.0171027,4.0,0.0,-44.0
1776884655.0271027,1.0,0.0,-43.0
1776884655.0371027,2.0,4.0,-47.0
1776884655.0471027,1.0,3.0,-41.0
1776884655.057103,4.0,3.0,-45.0
1776884655.067103,5.0,-2.0,-50.0
1776884655.077103,1.0,-3.0,-54.0
1776884655.087103,1.0,-4.0,-53.0
1776884655.0971026,0.0,0.0,-57.0
1776884655.1071026,-1.0,6.0,-54.0
1776884655.1171026,0.0,4.0,-54.0
1776884655.1271029,2.0,2.0,-43.0
1776884655.1371028,3.0,0.0,-47.0
1776884655.1471028,3.0,-5.0,-45.0
1776884655.1571028,2.0,-4.0,-35.0
1776884655.1671028,0.0,-2.0,-38.0
1776884655.1771028,1.0,0.0,-44.0
1776884655.1871028,1.0,-3.0,-44.0
1776884655.1971028,2.0,-4.0,-46.0
1776884655.2071028,5.0,-6.0,-44.0
1776884655.2171028,2.0,-5.0,-39.0
1776884655.2271028,4.0,-2.0,-42.0
1776884655.2371027,0.0,2.0,-39.0
1776884655.2471027,-5.0,2.0,-42.0
1776884655.2571027,-3.0,1.0,-42.0
1776884655.2671027,-2.0,6.0,-50.0
1776884655.2771027,-3.0,8.0,-55.0
1776884655.2871027,0.0,8.0,-52.0
1776884655.2971027,2.0,5.0,-47.0
1776884655.3081028,3.0,3.0,-50.0
1776884655.317103,1.0,0.0,-55.0
1776884655.3281028,0.0,-3.0,-49.0
1776884655.337103,1.0,0.0,-43.0
1776884655.3481028,-5.0,1.0,-45.0
1776884655.3571026,-8.0,0.0,-31.0
1776884655.3681028,-9.0,1.0,-33.0
1776884655.3781028,-4.0,2.0,-33.0
1776884655.3881028,-7.0,-1.0,-37.0
1776884655.3981028,-6.0,-4.0,-40.0
1776884655.4081028,-4.0,-2.0,-42.0
1776884655.4181027,-2.0,-2.0,-45.0
1776884655.4281027,-1.0,-2.0,-41.0
1776884655.4381027,-1.0,-3.0,-37.0
1776884655.4481027,0.0,-2.0,-46.0
1776884655.4581027,-1.0,-1.0,-48.0
1776884655.4681027,-6.0,-2.0,-50.0
1776884655.4781027,-6.0,-3.0,-47.0
1776884655.488103,-1.0,-8.0,-57.0
1776884655.498103,0.0,-14.0,-60.0
1776884655.508103,1.0,-13.0,-61.0
1776884655.5181026,2.0,-14.0,-58.0
1776884655.5281026,6.0,-9.0,-53.0
1776884655.5381026,4.0,-6.0,-54.0
1776884655.5481029,2.0,-8.0,-61.0
1776884655.5581028,2.0,-5.0,-59.0
1776884655.5681028,1.0,-3.0,-55.0
1776884655.5781028,3.0,0.0,-58.0
1776884655.5881028,3.0,-1.0,-59.0
1776884655.5981028,3.0,-4.0,-57.0
1776884655.6081028,6.0,-6.0,-56.0
1776884655.6181028,6.0,-4.0,-54.0
1776884655.6281028,6.0,-3.0,-52.0
1776884655.6381028,6.0,-5.0,-49.0
1776884655.6481028,8.0,-4.0,-47.0
1776884655.6581028,10.0,-5.0,-43.0
1776884655.6681027,6.0,-8.0,-46.0
1776884655.6781027,10.0,-10.0,-48.0
1776884655.6881027,9.0,-4.0,-49.0
1776884655.6981027,12.0,-1.0,-50.0
1776884655.7081027,7.0,0.0,-52.0
1776884655.7181027,3.0,0.0,-46.0
1776884655.7281027,3.0,1.0,-47.0
1776884655.738103,3.0,-1.0,-48.0
1776884655.748103,0.0,-5.0,-53.0
1776884655.758103,0.0,-10.0,-50.0
1776884655.7681026,-2.0,-10.0,-51.0
1776884655.7781026,-2.0,-9.0,-49.0
1776884655.7881026,-1.0,-8.0,-51.0
1776884655.7981029,-2.0,-9.0,-52.0
1776884655.8081028,0.0,-7.0,-54.0
1776884655.8181028,2.0,-6.0,-50.0
1776884655.8281028,4.0,-2.0,-51.0
1776884655.8381028,1.0,-7.0,-41.0
1776884655.8481028,-1.0,-2.0,-35.0
1776884655.8581028,-3.0,-1.0,-34.0
1776884655.8681028,0.0,-1.0,-31.0
1776884655.8781028,-2.0,-2.0,-36.0
1776884655.8881028,-2.0,-2.0,-42.0
1776884655.8981028,-3.0,-1.0,-44.0
1776884655.9081028,-4.0,0.0,-39.0
1776884655.9181027,-5.0,-2.0,-44.0
1776884655.9281027,-2.0,0.0,-44.0
1776884655.9381027,-3.0,2.0,-40.0
1776884655.9481027,1.0,2.0,-45.0
1776884655.9581027,2.0,0.0,-44.0
1776884655.9681027,4.0,0.0,-44.0
1776884655.9781027,9.0,4.0,-47.0
1776884655.988103,7.0,5.0,-53.0
1776884655.998103,4.0,3.0,-53.0
1776884656.008103,0.0,4.0,-53.0
1776884656.0181026,0.0,5.0,-53.0
1776884656.0281026,-1.0,4.0,-52.0
1776884656.0381026,0.0,0.0,-50.0
1776884656.0481029,-2.0,-3.0,-48.0
1776884656.0581028,0.0,-3.0,-47.0
1776884656.0681028,-2.0,-3.0,-50.0
1776884656.0781028,6.0,-3.0,-49.0
1776884656.0881028,3.0,-5.0,-52.0
1776884656.0981028,5.0,-5.0,-57.0
1776884656.1081028,0.0,-2.0,-52.0
1776884656.1181028,-3.0,-3.0,-54.0
1776884656.1281028,0.0,-3.0,-56.0
1776884656.1381028,1.0,-2.0,-56.0
1776884656.1481028,2.0,0.0,-50.0
1776884656.1581028,1.0,2.0,-47.0
1776884656.1681027,0.0,5.0,-52.0
1776884656.1781027,0.0,0.0,-57.0
1776884656.1881027,-2.0,2.0,-59.0
1776884656.1981027,-2.0,9.0,-54.0
1776884656.2081027,0.0,4.0,-56.0
1776884656.2181027,-2.0,3.0,-53.0
1776884656.2281027,0.0,2.0,-54.0
1776884656.238103,0.0,0.0,-53.0
1776884656.248103,0.0,1.0,-60.0
1776884656.258103,-4.0,0.0,-58.0
1776884656.2681026,-4.0,0.0,-63.0
1776884656.2781026,-3.0,1.0,-58.0
1776884656.2881026,0.0,2.0,-59.0
1776884656.2981029,0.0,4.0,-58.0
1776884656.3081028,2.0,1.0,-58.0
1776884656.3181028,-3.0,-1.0,-50.0
1776884656.3281028,-2.0,-6.0,-46.0
1776884656.3381028,-1.0,-2.0,-39.0
1776884656.3481028,-4.0,0.0,-39.0
1776884656.3581028,-6.0,3.0,-45.0
1776884656.3681028,-5.0,4.0,-49.0
1776884656.3781028,-8.0,1.0,-46.0
1776884656.3881028,-6.0,-1.0,-49.0
1776884656.3981028,-4.0,-3.0,-52.0
1776884656.4081028,2.0,-4.0,-54.0
1776884656.4181027,4.0,-6.0,-54.0
1776884656.4281027,6.0,-6.0,-57.0
1776884656.4381027,6.0,-5.0,-54.0
1776884656.4481027,2.0,-8.0,-47.0
1776884656.4581027,0.0,-6.0,-39.0
1776884656.4681027,1.0,-5.0,-36.0
1776884656.4781027,0.0,-5.0,-35.0
1776884656.488103,-1.0,-3.0,-32.0
1776884656.498103,-1.0,-1.0,-36.0
1776884656.508103,-3.0,-2.0,-44.0
1776884656.5181026,0.0,0.0,-46.0
1776884656.5281026,2.0,4.0,-47.0
1776884656.5381026,-2.0,3.0,-47.0
1776884656.5481029,-1.0,-1.0,-47.0
1776884656.5581028,1.0,0.0,-49.0
1776884656.5681028,2.0,0.0,-54.0
1776884656.5781028,-1.0,0.0,-59.0
1776884656.5881028,5.0,2.0,-54.0
1776884656.5981028,2.0,0.0,-60.0
1776884656.6081028,0.0,-2.0,-55.0
1776884656.6181028,0.0,-7.0,-49.0
1776884656.6281028,2.0,-5.0,-49.0
1776884656.6381028,0.0,-1.0,-50.0
1776884656.6481028,1.0,0.0,-50.0
1776884656.6581028,-2.0,-2.0,-56.0
1776884656.6681027,0.0,-2.0,-53.0
1776884656.6781027,0.0,-3.0,-50.0
1776884656.6881027,-1.0,-6.0,-42.0
1776884656.6981027,0.0,-5.0,-46.0
1776884656.7081027,0.0,-7.0,-50.0
1776884656.7181027,-2.0,-6.0,-48.0
1776884656.7281027,-2.0,-6.0,-51.0
1776884656.738103,2.0,-3.0,-55.0
1776884656.748103,0.0,-1.0,-55.0
1776884656.758103,0.0,2.0,-51.0
1776884656.7681026,0.0,0.0,-56.0
1776884656.7781026,-2.0,0.0,-49.0
1776884656.7881026,-2.0,-2.0,-49.0
1776884656.7981029,0.0,-5.0,-49.0
1776884656.8081028,-2.0,1.0,-46.0
1776884656.8181028,-2.0,0.0,-48.0
1776884656.8281028,1.0,-1.0,-48.0
1776884656.8381028,2.0,-1.0,-54.0
1776884656.8481028,3.0,-3.0,-55.0
1776884656.8581028,2.0,3.0,-56.0
1776884656.8681028,11.0,1.0,-55.0
1776884656.8781028,6.0,0.0,-50.0
1776884656.8881028,4.0,2.0,-46.0
1776884656.8981028,4.0,2.0,-46.0
1776884656.9081028,0.0,3.0,-53.0
1776884656.9181027,1.0,-1.0,-49.0
1776884656.9281027,4.0,-1.0,-53.0
1776884656.9381027,2.0,-4.0,-52.0
1776884656.9481027,1.0,-4.0,-50.0
1776884656.9581027,0.0,-5.0,-49.0
1776884656.9681027,0.0,-6.0,-50.0
1776884656.9781027,2.0,-5.0,-47.0
1776884656.988103,0.0,-3.0,-43.0
1776884656.998103,-3.0,-1.0,-42.0
1776884657.008103,-10.0,-2.0,-40.0
1776884657.0181026,-10.0,-1.0,-39.0
1776884657.0281026,-15.0,-3.0,-43.0
1776884657.0381026,-12.0,-4.0,-55.0
1776884657.0481029,-5.0,-4.0,-52.0
1776884657.0581028,-9.0,-4.0,-50.0
1776884657.0681028,-9.0,-5.0,-52.0
1776884657.0781028,-10.0,-6.0,-52.0
1776884657.0881028,-10.0,-4.0,-46.0
1776884657.0981028,-9.0,-4.0,-50.0
1776884657.1081028,-6.0,-3.0,-54.0
1776884657.1181028,-7.0,0.0,-50.0
1776884657.1281028,-12.0,-2.0,-51.0
1776884657.1381028,-8.0,0.0,-55.0
1776884657.1481028,-10.0,0.0,-54.0
1776884657.1581028,-10.0,-2.0,-51.0
1776884657.1681027,-9.0,-3.0,-46.0
1776884657.1781027,-6.0,-1.0,-39.0
1776884657.1881027,-1.0,-3.0,-42.0
1776884657.1981027,0.0,-1.0,-46.0
1776884657.2081027,0.0,0.0,-49.0
1776884657.2181027,5.0,-2.0,-49.0
1776884657.2281027,1.0,-8.0,-53.0
1776884657.238103,0.0,-6.0,-53.0
1776884657.248103,-4.0,-1.0,-54.0
1776884657.258103,-5.0,-2.0,-50.0
1776884657.2681026,-5.0,-6.0,-48.0
1776884657.2781026,4.0,-12.0,-44.0
1776884657.2881026,1.0,-11.0,-52.0
1776884657.2991028,4.0,-15.0,-52.0
1776884657.3091028,0.0,-14.0,-49.0
1776884657.3191028,-4.0,-9.0,-50.0
1776884657.3291028,-5.0,-5.0,-50.0
1776884657.3391027,-6.0,-6.0,-58.0
1776884657.3491027,-5.0,-5.0,-58.0
1776884657.3591027,-2.0,-6.0,-53.0
1776884657.3691027,-3.0,-3.0,-48.0
1776884657.3791027,-5.0,-4.0,-51.0
1776884657.3891027,-8.0,-9.0,-54.0
1776884657.3991027,-11.0,-6.0,-54.0
1776884657.409103,-8.0,-3.0,-56.0
1776884657.419103,-3.0,-5.0,-57.0
1776884657.429103,-1.0,-5.0,-57.0
1776884657.4391026,-2.0,0.0,-55.0
1776884657.4491026,-4.0,-3.0,-54.0
1776884657.4591026,-4.0,-3.0,-56.0
1776884657.4691026,0.0,-2.0,-49.0
1776884657.4791028,0.0,-3.0,-44.0
1776884657.4891028,0.0,-4.0,-39.0
1776884657.4991028,3.0,-4.0,-41.0
1776884657.5091028,4.0,-1.0,-47.0
1776884657.5191028,2.0,0.0,-47.0
1776884657.5291028,-1.0,0.0,-44.0
1776884657.5391028,2.0,1.0,-43.0
1776884657.5491028,5.0,1.0,-49.0
1776884657.5591028,9.0,1.0,-50.0
1776884657.5691028,7.0,6.0,-49.0
1776884657.5791028,4.0,6.0,-58.0
1776884657.5891027,3.0,8.0,-67.0
1776884657.5991027,-3.0,5.0,-74.0
1776884657.6091027,0.0,4.0,-75.0
1776884657.6191027,2.0,3.0,-74.0
1776884657.6291027,2.0,-1.0,-65.0
1776884657.6391027,0.0,-2.0,-66.0
1776884657.6491027,1.0,-3.0,-58.0
1776884657.659103,0.0,-5.0,-50.0
1776884657.669103,1.0,-3.0,-45.0
1776884657.679103,0.0,-5.0,-48.0
1776884657.6891026,-1.0,-7.0,-48.0
1776884657.6991026,1.0,-7.0,-41.0
1776884657.7091026,5.0,-10.0,-39.0
1776884657.7191026,6.0,-10.0,-36.0
1776884657.7291028,6.0,-7.0,-43.0
1776884657.7391028,4.0,-4.0,-43.0
1776884657.7491028,1.0,0.0,-38.0
1776884657.7591028,0.0,-1.0,-36.0
1776884657.7691028,3.0,-2.0,-36.0
1776884657.7791028,5.0,-2.0,-36.0
1776884657.7891028,3.0,-3.0,-42.0
1776884657.7991028,1.0,-1.0,-45.0
1776884657.8091028,0.0,-5.0,-48.0
1776884657.8191028,2.0,-2.0,-52.0
1776884657.8291028,4.0,-2.0,-49.0
1776884657.8391027,5.0,-3.0,-50.0
1776884657.8491027,3.0,-8.0,-42.0
1776884657.8591027,-2.0,-9.0,-45.0
1776884657.8691027,-6.0,-7.0,-43.0
1776884657.8791027,-7.0,-11.0,-40.0
1776884657.8891027,-5.0,-13.0,-39.0
1776884657.8991027,-6.0,-12.0,-44.0
1776884657.909103,-5.0,-11.0,-42.0
1776884657.919103,-6.0,-12.0,-38.0
1776884657.929103,-2.0,-9.0,-41.0
1776884657.9391026,-1.0,-5.0,-44.0
1776884657.9491026,-4.0,-4.0,-46.0
1776884657.9591026,-1.0,-4.0,-49.0
1776884657.9691026,0.0,-4.0,-50.0
1776884657.9791028,-2.0,-2.0,-51.0
1776884657.9891028,0.0,0.0,-56.0
1776884657.9991028,3.0,2.0,-55.0
1776884658.0091028,4.0,0.0,-56.0
1776884658.0191028,4.0,-1.0,-57.0
1776884658.0291028,2.0,-1.0,-53.0
1776884658.0391028,5.0,-3.0,-54.0
1776884658.0491028,5.0,-4.0,-50.0
1776884658.0591028,1.0,0.0,-50.0
1776884658.0691028,3.0,3.0,-50.0
1776884658.0791028,2.0,3.0,-48.0
1776884658.0891027,0.0,0.0,-46.0
1776884658.0991027,1.0,1.0,-41.0
1776884658.1091027,-2.0,2.0,-43.0
1776884658.1191027,-1.0,0.0,-48.0
1776884658.1291027,-4.0,3.0,-40.0
1776884658.1391027,-4.0,4.0,-41.0
1776884658.1491027,-7.0,1.0,-45.0
1776884658.159103,-4.0,-1.0,-47.0
1776884658.169103,-3.0,0.0,-50.0
1776884658.179103,-2.0,-1.0,-51.0
1776884658.1891026,0.0,0.0,-55.0
1776884658.1991026,-4.0,-2.0,-53.0
1776884658.2091026,-6.0,0.0,-50.0
1776884658.2191026,-4.0,-2.0,-49.0
1776884658.2291028,-1.0,-3.0,-39.0
1776884658.2391028,-1.0,-6.0,-34.0
1776884658.2491028,-3.0,-8.0,-38.0
1776884658.2591028,-4.0,-4.0,-40.0
1776884658.2691028,-1.0,0.0,-41.0
1776884658.2791028,-3.0,0.0,-44.0
1776884658.2891028,-6.0,3.0,-45.0
1776884658.2991028,-10.0,2.0,-52.0
1776884658.3091028,-6.0,1.0,-48.0
1776884658.3191028,-4.0,-1.0,-50.0
1776884658.3291028,0.0,-5.0,-47.0
1776884658.3391027,4.0,-5.0,-46.0
1776884658.3491027,5.0,-5.0,-46.0
1776884658.3591027,0.0,-7.0,-42.0
1776884658.3691027,-4.0,-8.0,-43.0
1776884658.3791027,-4.0,-9.0,-45.0
1776884658.3891027,-5.0,-6.0,-46.0
1776884658.3991027,-2.0,-1.0,-43.0
1776884658.409103,0.0,1.0,-44.0
1776884658.419103,3.0,1.0,-42.0
1776884658.429103,6.0,0.0,-42.0
1776884658.4391026,5.0,0.0,-42.0
1776884658.4491026,9.0,-2.0,-43.0
1776884658.4591026,7.0,-1.0,-45.0
1776884658.4691026,5.0,0.0,-48.0
1776884658.4791028,6.0,1.0,-45.0
1776884658.4891028,5.0,0.0,-45.0
1776884658.4991028,7.0,-1.0,-51.0
1776884658.5091028,7.0,-1.0,-50.0
1776884658.5191028,5.0,4.0,-45.0
1776884658.5291028,1.0,6.0,-50.0
1776884658.5391028,1.0,3.0,-49.0
1776884658.5491028,1.0,2.0,-48.0
1776884658.5591028,0.0,0.0,-44.0
1776884658.5691028,0.0,-3.0,-38.0
1776884658.5791028,1.0,-5.0,-36.0
1776884658.5891027,2.0,-2.0,-45.0
1776884658.5991027,1.0,-5.0,-43.0
1776884658.6091027,-6.0,-3.0,-39.0
1776884658.6191027,-7.0,-1.0,-38.0
1776884658.6291027,-5.0,-4.0,-38.0
1776884658.6391027,-4.0,0.0,-40.0
1776884658.6491027,-1.0,-2.0,-38.0
1776884658.659103,-10.0,-2.0,-35.0
1776884658.669103,-13.0,0.0,-35.0
1776884658.679103,-13.0,-2.0,-39.0
1776884658.6891026,-6.0,-6.0,-44.0
1776884658.6991026,-5.0,-5.0,-38.0
1776884658.7091026,0.0,-2.0,-45.0
1776884658.7191026,0.0,-3.0,-40.0
1776884658.7291028,3.0,-2.0,-46.0
1776884658.7391028,3.0,-1.0,-41.0
1776884658.7491028,2.0,-5.0,-40.0
1776884658.7591028,7.0,-4.0,-37.0
1776884658.7691028,13.0,-3.0,-39.0
1776884658.7791028,13.0,-3.0,-42.0
1776884658.7891028,7.0,-6.0,-52.0
1776884658.7991028,5.0,-4.0,-50.0
1776884658.8091028,0.0,-1.0,-50.0
1776884658.8191028,1.0,-1.0,-53.0
1776884658.8291028,2.0,1.0,-43.0
1776884658.8391027,0.0,-3.0,-43.0
1776884658.8491027,-3.0,-4.0,-46.0
1776884658.8591027,-4.0,-5.0,-46.0
1776884658.8691027,1.0,-8.0,-47.0
1776884658.8791027,3.0,-2.0,-50.0
1776884658.8891027,2.0,-5.0,-45.0
1776884658.8991027,1.0,-5.0,-38.0
1776884658.909103,3.0,-2.0,-44.0
1776884658.919103,2.0,-2.0,-46.0
1776884658.929103,1.0,0.0,-42.0
1776884658.9391026,4.0,0.0,-40.0
1776884658.9491026,6.0,2.0,-44.0
1776884658.9591026,2.0,0.0,-49.0
1776884658.9691026,-1.0,-2.0,-46.0
1776884658.9791028,-4.0,-1.0,-40.0
1776884658.9891028,-1.0,-1.0,-43.0
1776884658.9991028,3.0,1.0,-47.0
1776884659.0091028,7.0,-2.0,-49.0
1776884659.0191028,7.0,-5.0,-51.0
1776884659.0291028,2.0,0.0,-49.0
1776884659.0391028,1.0,2.0,-48.0
1776884659.0491028,2.0,1.0,-41.0
1776884659.0591028,2.0,-1.0,-37.0
1776884659.0691028,3.0,-6.0,-35.0
1776884659.0791028,3.0,-6.0,-37.0
1776884659.0891027,5.0,-1.0,-34.0
1776884659.0991027,3.0,-3.0,-39.0
1776884659.1091027,1.0,0.0,-38.0
1776884659.1191027,1.0,0.0,-33.0
1776884659.1291027,3.0,-3.0,-34.0
1776884659.1391027,4.0,-5.0,-36.0
1776884659.1491027,2.0,-3.0,-37.0
1776884659.159103,0.0,-3.0,-42.0
1776884659.169103,6.0,-4.0,-44.0
1776884659.179103,3.0,-3.0,-43.0
1776884659.1891026,1.0,-5.0,-48.0
1776884659.1991026,1.0,-5.0,-52.0
1776884659.2091026,4.0,-9.0,-52.0
1776884659.2191026,6.0,-7.0,-50.0
1776884659.2291028,4.0,-3.0,-52.0
1776884659.2391028,3.0,0.0,-55.0
1776884659.2491028,3.0,-2.0,-51.0
1776884659.2591028,1.0,0.0,-50.0
1776884659.2691028,-4.0,3.0,-44.0
1776884659.2791028,-5.0,5.0,-44.0
1776884659.2901027,-4.0,1.0,-43.0
1776884659.3001027,-6.0,0.0,-52.0
1776884659.3101027,-3.0,1.0,-56.0
1776884659.3201027,-3.0,1.0,-53.0
1776884659.3301027,-2.0,8.0,-56.0
1776884659.340103,4.0,7.0,-51.0
1776884659.350103,6.0,6.0,-53.0
1776884659.360103,2.0,10.0,-52.0
1776884659.3701026,3.0,10.0,-55.0
1776884659.3791027,4.0,9.0,-54.0
1776884659.3901026,6.0,3.0,-55.0
1776884659.4001029,0.0,3.0,-54.0
1776884659.4101028,0.0,1.0,-57.0
1776884659.4201028,4.0,-3.0,-53.0
1776884659.4301028,1.0,-1.0,-49.0
1776884659.4401028,0.0,0.0,-50.0
1776884659.4501028,2.0,-2.0,-41.0
1776884659.4601028,5.0,-4.0,-41.0
1776884659.4701028,0.0,-2.0,-52.0
1776884659.4801028,1.0,-2.0,-48.0
1776884659.4901028,2.0,3.0,-47.0
1776884659.5001028,0.0,0.0,-48.0
1776884659.5101027,2.0,-1.0,-50.0
1776884659.5201027,1.0,-2.0,-50.0
1776884659.5301027,-1.0,-3.0,-53.0
1776884659.5401027,-3.0,1.0,-45.0
1776884659.5501027,-2.0,2.0,-42.0
1776884659.5601027,-2.0,2.0,-47.0
1776884659.5701027,-4.0,4.0,-45.0
1776884659.5801027,0.0,1.0,-48.0
1776884659.590103,2.0,1.0,-41.0
1776884659.600103,2.0,-1.0,-45.0
1776884659.610103,1.0,-2.0,-52.0
1776884659.6201026,-1.0,0.0,-50.0
1776884659.6301026,0.0,-1.0,-49.0
1776884659.6401026,0.0,-4.0,-51.0
1776884659.6501029,-2.0,-1.0,-52.0
1776884659.6601028,1.0,0.0,-58.0
1776884659.6701028,4.0,1.0,-51.0
1776884659.6801028,4.0,0.0,-50.0
1776884659.6901028,0.0,-3.0,-53.0
1776884659.7001028,-1.0,-1.0,-45.0
1776884659.7101028,0.0,0.0,-43.0
1776884659.7201028,-4.0,2.0,-44.0
1776884659.7301028,-5.0,2.0,-39.0
1776884659.7401028,-5.0,1.0,-41.0
1776884659.7501028,-4.0,-1.0,-45.0
1776884659.7601027,-3.0,-1.0,-39.0
1776884659.7701027,0.0,-3.0,-42.0
1776884659.7801027,4.0,-3.0,-43.0
1776884659.7901027,1.0,-4.0,-40.0
1776884659.8001027,0.0,1.0,-34.0
1776884659.8101027,3.0,2.0,-38.0
1776884659.8201027,0.0,3.0,-44.0
1776884659.8301027,-1.0,1.0,-46.0
1776884659.840103,0.0,3.0,-45.0
1776884659.850103,1.0,4.0,-49.0
1776884659.860103,2.0,5.0,-49.0
1776884659.8701026,3.0,3.0,-44.0
1776884659.8801026,6.0,3.0,-42.0
1776884659.8901026,7.0,0.0,-44.0
1776884659.9001029,3.0,1.0,-46.0
1776884659.9101028,5.0,1.0,-46.0
1776884659.9201028,5.0,1.0,-41.0
1776884659.9301028,6.0,0.0,-42.0
1776884659.9401028,5.0,0.0,-46.0
1776884659.9501028,3.0,-1.0,-42.0
1776884659.9601028,1.0,-5.0,-43.0
1776884659.9701028,2.0,-7.0,-44.0
1776884659.9801028,4.0,-6.0,-46.0
1776884659.9901028,0.0,-6.0,-49.0
1776884660.0001028,0.0,-5.0,-53.0
1776884660.0101027,0.0,-5.0,-53.0
1776884660.0201027,-2.0,-3.0,-52.0
1776884660.0301027,-4.0,-7.0,-50.0
1776884660.0401027,-3.0,-7.0,-54.0
1776884660.0501027,0.0,-6.0,-60.0
1776884660.0601027,-4.0,-1.0,-54.0
1776884660.0701027,0.0,-1.0,-46.0
1776884660.0801027,0.0,0.0,-47.0
1776884660.090103,0.0,-1.0,-49.0
1776884660.100103,3.0,-4.0,-52.0
1776884660.110103,3.0,-2.0,-50.0
1776884660.1201026,4.0,-3.0,-46.0
1776884660.1301026,3.0,-2.0,-46.0
1776884660.1401026,7.0,-3.0,-45.0
1776884660.1501029,3.0,0.0,-53.0
1776884660.1601028,4.0,0.0,-53.0
1776884660.1701028,4.0,0.0,-50.0
1776884660.1801028,2.0,-2.0,-42.0
1776884660.1901028,4.0,-4.0,-46.0
1776884660.2001028,-1.0,-4.0,-45.0
1776884660.2101028,-2.0,-9.0,-42.0
1776884660.2201028,0.0,-6.0,-41.0
1776884660.2301028,-2.0,-6.0,-36.0
1776884660.2401028,-4.0,-6.0,-38.0
1776884660.2501028,-4.0,-4.0,-37.0
1776884660.2601027,-3.0,-5.0,-43.0
1776884660.2701027,-3.0,-4.0,-40.0
1776884660.2801027,-4.0,-3.0,-41.0
1776884660.2901027,0.0,0.0,-36.0
1776884660.3001027,-3.0,-1.0,-33.0
1776884660.3101027,-4.0,-2.0,-34.0
1776884660.3201027,-3.0,-3.0,-43.0
1776884660.3301027,-4.0,0.0,-47.0
1776884660.340103,0.0,2.0,-47.0
1776884660.350103,0.0,-2.0,-43.0
1776884660.360103,-4.0,-2.0,-37.0
1776884660.3701026,-3.0,-1.0,-46.0
1776884660.3801026,0.0,2.0,-49.0
1776884660.3901026,1.0,0.0,-48.0
1776884660.4001029,3.0,0.0,-39.0
1776884660.4101028,0.0,-2.0,-46.0
1776884660.4201028,1.0,0.0,-49.0
1776884660.4301028,0.0,0.0,-47.0
1776884660.4401028,3.0,0.0,-40.0
1776884660.4501028,6.0,0.0,-43.0
1776884660.4601028,9.0,-3.0,-48.0
1776884660.4701028,5.0,-8.0,-49.0
1776884660.4801028,5.0,-9.0,-49.0
1776884660.4901028,-1.0,-5.0,-55.0
1776884660.5001028,-1.0,-6.0,-54.0
1776884660.5101027,1.0,-7.0,-55.0
1776884660.5201027,0.0,-7.0,-53.0
1776884660.5301027,1.0,-6.0,-48.0
1776884660.5401027,1.0,-4.0,-52.0
1776884660.5501027,0.0,-5.0,-46.0
1776884660.5601027,4.0,-9.0,-39.0
1776884660.5701027,5.0,-8.0,-41.0
1776884660.5801027,0.0,-5.0,-44.0
1776884660.590103,-6.0,-3.0,-45.0
1776884660.600103,-7.0,-2.0,-41.0
1776884660.610103,-8.0,-2.0,-47.0
1776884660.6201026,-3.0,-1.0,-46.0
1776884660.6301026,-1.0,-5.0,-48.0
1776884660.6401026,1.0,-5.0,-43.0
1776884660.6501029,-2.0,-1.0,-41.0
1776884660.6601028,-4.0,-1.0,-40.0
1776884660.6701028,3.0,-6.0,-38.0
1776884660.6801028,6.0,-7.0,-37.0
1776884660.6901028,3.0,-6.0,-41.0
1776884660.7001028,2.0,-3.0,-38.0
1776884660.7101028,1.0,-3.0,-45.0
1776884660.7201028,0.0,-5.0,-50.0
1776884660.7301028,0.0,-2.0,-56.0
1776884660.7401028,3.0,0.0,-59.0
1776884660.7501028,0.0,0.0,-59.0
1776884660.7601027,0.0,0.0,-49.0
1776884660.7701027,5.0,0.0,-40.0
1776884660.7801027,8.0,0.0,-36.0
1776884660.7901027,7.0,3.0,-39.0
1776884660.8001027,7.0,1.0,-41.0
1776884660.8101027,6.0,1.0,-44.0
1776884660.8201027,6.0,-2.0,-50.0
1776884660.8301027,3.0,-3.0,-48.0
1776884660.840103,6.0,-3.0,-45.0
1776884660.850103,5.0,-5.0,-44.0
1776884660.860103,8.0,-6.0,-38.0
1776884660.8701026,3.0,-6.0,-31.0
1776884660.8801026,0.0,-2.0,-37.0
1776884660.8901026,1.0,0.0,-39.0
1776884660.9001029,4.0,3.0,-45.0
1776884660.9101028,1.0,5.0,-47.0
1776884660.9201028,1.0,4.0,-51.0
1776884660.9301028,1.0,8.0,-50.0
1776884660.9401028,1.0,7.0,-46.0
1776884660.9501028,1.0,8.0,-48.0
1776884660.9601028,1.0,5.0,-48.0
1776884660.9701028,1.0,0.0,-49.0
1776884660.9801028,-2.0,0.0,-55.0
1776884660.9901028,-4.0,-1.0,-49.0
1776884661.0001028,-1.0,-1.0,-47.0
1776884661.0101027,-3.0,-1.0,-44.0
1776884661.0201027,-5.0,0.0,-41.0
1776884661.0301027,-6.0,1.0,-41.0
1776884661.0401027,-6.0,2.0,-44.0
1776884661.0501027,-7.0,5.0,-44.0
1776884661.0601027,-6.0,4.0,-49.0
1776884661.0701027,2.0,0.0,-51.0
1776884661.0801027,5.0,-5.0,-49.0
1776884661.090103,5.0,-4.0,-43.0
1776884661.100103,7.0,-5.0,-36.0
1776884661.110103,7.0,-3.0,-33.0
1776884661.1201026,6.0,-3.0,-41.0
1776884661.1301026,4.0,-3.0,-45.0
1776884661.1401026,4.0,-4.0,-44.0
1776884661.1501029,1.0,-6.0,-46.0
1776884661.1601028,3.0,-3.0,-38.0
1776884661.1701028,3.0,-5.0,-48.0
1776884661.1801028,7.0,-6.0,-50.0
1776884661.1901028,8.0,-4.0,-49.0
1776884661.2001028,8.0,-8.0,-47.0
1776884661.2101028,2.0,-7.0,-44.0
1776884661.2201028,3.0,-1.0,-43.0
1776884661.2311027,6.0,4.0,-44.0
1776884661.2401028,7.0,2.0,-38.0
1776884661.2511027,9.0,-1.0,-41.0
1776884661.261103,8.0,0.0,-43.0
1776884661.271103,9.0,2.0,-46.0
1776884661.281103,5.0,2.0,-49.0
1776884661.2911026,10.0,2.0,-52.0
1776884661.3011026,4.0,0.0,-57.0
1776884661.3111026,3.0,2.0,-51.0
1776884661.3211029,3.0,3.0,-47.0
1776884661.3311028,1.0,1.0,-42.0
1776884661.3411028,1.0,1.0,-36.0
1776884661.3511028,1.0,-1.0,-40.0
1776884661.3611028,3.0,0.0,-36.0
1776884661.3711028,3.0,0.0,-38.0
1776884661.3811028,3.0,-2.0,-35.0
1776884661.3911028,2.0,-5.0,-32.0
1776884661.4011028,0.0,-6.0,-36.0
1776884661.4111028,4.0,-4.0,-37.0
1776884661.4211028,8.0,-6.0,-39.0
1776884661.4311028,6.0,-4.0,-42.0
1776884661.4411027,2.0,-7.0,-43.0
1776884661.4511027,0.0,-5.0,-42.0
1776884661.4611027,1.0,-3.0,-40.0
1776884661.4711027,3.0,-2.0,-48.0
1776884661.4811027,3.0,-4.0,-52.0
1776884661.4911027,7.0,-2.0,-49.0
1776884661.5011027,11.0,-2.0,-45.0
1776884661.511103,5.0,-3.0,-42.0
1776884661.521103,3.0,0.0,-47.0
1776884661.531103,-3.0,-1.0,-47.0
1776884661.5411026,-9.0,0.0,-41.0
1776884661.5511026,-5.0,-1.0,-45.0
1776884661.5611026,-3.0,-5.0,-46.0
1776884661.5711029,0.0,-2.0,-48.0
1776884661.5811028,-2.0,-1.0,-48.0
1776884661.5911028,-7.0,-3.0,-54.0
1776884661.6011028,-4.0,0.0,-56.0
1776884661.6111028,-3.0,-1.0,-53.0
1776884661.6211028,-3.0,0.0,-50.0
1776884661.6311028,0.0,-2.0,-54.0
1776884661.6411028,0.0,-4.0,-60.0
1776884661.6511028,2.0,-7.0,-54.0
1776884661.6611028,6.0,-7.0,-52.0
1776884661.6711028,4.0,-7.0,-57.0
1776884661.6811028,5.0,-6.0,-58.0
1776884661.6911027,7.0,0.0,-53.0
1776884661.7011027,2.0,0.0,-56.0
1776884661.7111027,-1.0,-3.0,-58.0
1776884661.7211027,-2.0,-10.0,-58.0
1776884661.7311027,-2.0,-5.0,-55.0
1776884661.7411027,-2.0,-2.0,-56.0
1776884661.7511027,-4.0,-1.0,-47.0
1776884661.761103,-4.0,1.0,-47.0
1776884661.771103,-1.0,1.0,-49.0
1776884661.781103,-1.0,2.0,-50.0
1776884661.7911026,1.0,0.0,-44.0
1776884661.8011026,1.0,-1.0,-42.0
1776884661.8111026,-6.0,-3.0,-42.0
1776884661.8211029,-7.0,-3.0,-47.0
1776884661.8311028,-7.0,-3.0,-43.0
1776884661.8411028,-3.0,-5.0,-48.0
1776884661.8511028,0.0,-2.0,-51.0
1776884661.8611028,4.0,-3.0,-47.0
1776884661.8711028,2.0,-5.0,-42.0
1776884661.8811028,0.0,-2.0,-39.0
1776884661.8911028,1.0,0.0,-42.0
1776884661.9011028,-2.0,-2.0,-37.0
1776884661.9111028,-3.0,-4.0,-38.0
1776884661.9211028,-2.0,-2.0,-37.0
1776884661.9311028,-5.0,-2.0,-42.0
1776884661.9411027,-4.0,-3.0,-41.0
1776884661.9511027,-4.0,-3.0,-40.0
1776884661.9611027,0.0,-5.0,-39.0
1776884661.9711027,-4.0,-3.0,-40.0
1776884661.9811027,-7.0,-1.0,-42.0
1776884661.9911027,-8.0,-1.0,-47.0
1776884662.0011027,-2.0,0.0,-48.0
1776884662.011103,0.0,2.0,-47.0
1776884662.021103,0.0,6.0,-51.0
1776884662.031103,1.0,4.0,-52.0
1776884662.0411026,4.0,0.0,-46.0
1776884662.0511026,4.0,0.0,-48.0
1776884662.0611026,2.0,0.0,-50.0
1776884662.0711029,1.0,3.0,-51.0
1776884662.0811028,5.0,3.0,-49.0
1776884662.0911028,7.0,0.0,-42.0
1776884662.1011028,9.0,0.0,-43.0
1776884662.1111028,9.0,0.0,-43.0
1776884662.1211028,3.0,0.0,-45.0
1776884662.1311028,-3.0,2.0,-42.0
1776884662.1411028,-5.0,1.0,-39.0
1776884662.1511028,-7.0,0.0,-40.0
1776884662.1611028,-7.0,-2.0,-42.0
1776884662.1711028,-10.0,-2.0,-41.0
1776884662.1811028,-5.0,-3.0,-42.0
1776884662.1911027,-11.0,-5.0,-43.0
1776884662.2011027,-7.0,-7.0,-49.0
1776884662.2111027,-3.0,-8.0,-52.0
1776884662.2211027,0.0,-9.0,-54.0
1776884662.2311027,-4.0,-11.0,-52.0
1776884662.2411027,-3.0,-9.0,-46.0
1776884662.2511027,-2.0,-8.0,-43.0
1776884662.261103,3.0,-7.0,-41.0
1776884662.271103,4.0,0.0,-46.0
1776884662.281103,0.0,0.0,-51.0
1776884662.2911026,0.0,0.0,-50.0
1776884662.3011026,1.0,0.0,-56.0
1776884662.3111026,5.0,-7.0,-57.0
1776884662.3211029,11.0,-5.0,-59.0
1776884662.3311028,10.0,-4.0,-59.0
1776884662.3411028,5.0,-6.0,-50.0
1776884662.3511028,2.0,-1.0,-51.0
1776884662.3611028,0.0,0.0,-54.0
1776884662.3711028,-3.0,2.0,-54.0
1776884662.3811028,0.0,4.0,-48.0
1776884662.3911028,4.0,3.0,-44.0
1776884662.4011028,-2.0,0.0,-48.0
1776884662.4111028,-1.0,-3.0,-50.0
1776884662.4211028,2.0,-5.0,-48.0
1776884662.4311028,3.0,-2.0,-47.0
1776884662.4411027,2.0,-5.0,-45.0
1776884662.4511027,0.0,-5.0,-46.0
1776884662.4611027,0.0,-6.0,-47.0
1776884662.4711027,0.0,-5.0,-46.0
1776884662.4811027,-1.0,-4.0,-48.0
1776884662.4911027,-2.0,0.0,-46.0
1776884662.5011027,-6.0,2.0,-42.0
1776884662.511103,-7.0,3.0,-34.0
1776884662.521103,-4.0,3.0,-37.0
1776884662.531103,-3.0,5.0,-42.0
1776884662.5411026,-3.0,6.0,-42.0
1776884662.5511026,0.0,2.0,-47.0
1776884662.5611026,4.0,-2.0,-45.0
1776884662.5711029,7.0,-1.0,-48.0
1776884662.5811028,5.0,0.0,-55.0
1776884662.5911028,7.0,0.0,-50.0
1776884662.6011028,4.0,0.0,-42.0
1776884662.6111028,1.0,0.0,-39.0
1776884662.6211028,2.0,0.0,-35.0
1776884662.6311028,1.0,-2.0,-44.0
1776884662.6411028,-1.0,-4.0,-39.0
1776884662.6511028,-6.0,-1.0,-39.0
1776884662.6611028,-5.0,1.0,-44.0
1776884662.6711028,-2.0,5.0,-52.0
1776884662.6811028,0.0,6.0,-48.0
1776884662.6911027,3.0,5.0,-47.0
1776884662.7011027,4.0,4.0,-55.0
1776884662.7111027,3.0,4.0,-54.0
1776884662.7211027,5.0,2.0,-50.0
1776884662.7311027,4.0,3.0,-52.0
1776884662.7411027,3.0,0.0,-48.0
1776884662.7511027,4.0,0.0,-42.0
1776884662.761103,1.0,0.0,-42.0
1776884662.771103,2.0,-1.0,-43.0
1776884662.781103,0.0,1.0,-47.0
1776884662.7911026,-3.0,0.0,-42.0
1776884662.8011026,-8.0,-2.0,-44.0
1776884662.8111026,-10.0,-3.0,-49.0
1776884662.8211029,-9.0,1.0,-58.0
1776884662.8311028,-4.0,2.0,-60.0
1776884662.8411028,-2.0,1.0,-55.0
1776884662.8511028,-2.0,0.0,-59.0
1776884662.8611028,0.0,1.0,-62.0
1776884662.8711028,-5.0,2.0,-54.0
1776884662.8811028,-3.0,1.0,-47.0
1776884662.8911028,-1.0,0.0,-42.0
1776884662.9011028,1.0,-2.0,-43.0
1776884662.9111028,-2.0,-3.0,-48.0
1776884662.9211028,0.0,-5.0,-50.0
1776884662.9311028,0.0,1.0,-52.0
1776884662.9411027,2.0,4.0,-51.0
1776884662.9511027,0.0,3.0,-45.0
1776884662.9611027,-2.0,1.0,-47.0
1776884662.9711027,-11.0,-1.0,-48.0
1776884662.9811027,-11.0,-3.0,-47.0
1776884662.9911027,-10.0,0.0,-40.0
1776884663.0011027,-7.0,0.0,-41.0
1776884663.011103,-3.0,3.0,-44.0
1776884663.021103,-1.0,3.0,-41.0
1776884663.031103,0.0,0.0,-44.0
1776884663.0411026,0.0,0.0,-47.0
1776884663.0511026,0.0,1.0,-46.0
1776884663.0611026,1.0,5.0,-40.0
1776884663.0711029,5.0,9.0,-36.0
1776884663.0811028,2.0,5.0,-41.0
1776884663.0911028,0.0,4.0,-38.0
1776884663.1011028,0.0,7.0,-47.0
1776884663.1111028,0.0,8.0,-46.0
1776884663.1211028,1.0,5.0,-44.0
1776884663.1311028,1.0,4.0,-43.0
1776884663.1411028,1.0,-2.0,-39.0
1776884663.1511028,0.0,-3.0,-42.0
1776884663.1611028,0.0,-4.0,-42.0
1776884663.1711028,0.0,-6.0,-44.0
1776884663.1811028,-1.0,-5.0,-46.0
1776884663.192103,1.0,-7.0,-52.0
1776884663.202103,3.0,-6.0,-57.0
1776884663.212103,0.0,-1.0,-59.0
1776884663.2221026,-1.0,-1.0,-56.0
1776884663.2321026,-1.0,-1.0,-52.0
1776884663.2421026,-5.0,-2.0,-47.0
1776884663.2521029,-6.0,-1.0,-46.0
1776884663.261103,-7.0,0.0,-42.0
1776884663.2721028,-5.0,0.0,-42.0
1776884663.2821028,-1.0,-3.0,-50.0
1776884663.2921028,4.0,0.0,-49.0
1776884663.3021028,2.0,0.0,-48.0
1776884663.3121028,2.0,-2.0,-49.0
1776884663.3221028,2.0,-6.0,-54.0
1776884663.3321028,3.0,-6.0,-51.0
1776884663.3421028,6.0,-9.0,-53.0
1776884663.3521028,10.0,-8.0,-50.0
1776884663.3621027,8.0,-7.0,-52.0
1776884663.3721027,9.0,-10.0,-53.0
1776884663.3821027,4.0,-11.0,-48.0
1776884663.3921027,3.0,-11.0,-51.0
1776884663.4021027,3.0,-10.0,-51.0
1776884663.4121027,4.0,-7.0,-52.0
1776884663.4221027,0.0,-5.0,-52.0
1776884663.432103,3.0,-2.0,-48.0
1776884663.442103,3.0,-3.0,-44.0
1776884663.452103,4.0,-5.0,-45.0
1776884663.462103,0.0,-3.0,-45.0
1776884663.4721026,1.0,-2.0,-49.0
1776884663.4821026,0.0,-4.0,-46.0
1776884663.4921026,0.0,-2.0,-44.0
1776884663.5021029,1.0,0.0,-48.0
1776884663.5121028,1.0,2.0,-46.0
1776884663.5221028,0.0,4.0,-46.0
1776884663.5321028,0.0,5.0,-45.0
1776884663.5421028,5.0,1.0,-46.0
1776884663.5521028,3.0,0.0,-47.0
1776884663.5621028,3.0,-1.0,-50.0
1776884663.5721028,5.0,0.0,-43.0
1776884663.5821028,3.0,1.0,-47.0
1776884663.5921028,3.0,-1.0,-50.0
1776884663.6021028,7.0,-1.0,-50.0
1776884663.6121027,11.0,-2.0,-47.0
1776884663.6221027,12.0,0.0,-42.0
1776884663.6321027,11.0,0.0,-42.0
1776884663.6421027,9.0,-1.0,-39.0
1776884663.6521027,5.0,1.0,-38.0
1776884663.6621027,2.0,3.0,-42.0
1776884663.6721027,2.0,3.0,-37.0
1776884663.682103,0.0,1.0,-41.0
1776884663.692103,0.0,4.0,-38.0
1776884663.702103,3.0,1.0,-37.0
1776884663.712103,2.0,0.0,-40.0
1776884663.7221026,4.0,-2.0,-33.0
1776884663.7321026,5.0,2.0,-36.0
1776884663.7421026,4.0,2.0,-41.0
1776884663.7521029,4.0,-2.0,-35.0
1776884663.7621028,2.0,-4.0,-33.0
1776884663.7721028,-1.0,-1.0,-41.0
1776884663.7821028,-1.0,1.0,-46.0
1776884663.7921028,1.0,3.0,-50.0
1776884663.8021028,5.0,1.0,-49.0
1776884663.8121028,7.0,1.0,-49.0
1776884663.8221028,4.0,-1.0,-49.0
1776884663.8321028,8.0,-3.0,-47.0
1776884663.8421028,7.0,-6.0,-45.0
1776884663.8521028,7.0,-7.0,-42.0
1776884663.8621027,5.0,-3.0,-34.0
1776884663.8721027,6.0,-2.0,-36.0
1776884663.8821027,6.0,0.0,-41.0
1776884663.8921027,5.0,-3.0,-44.0
1776884663.9021027,3.0,1.0,-43.0
1776884663.9121027,-5.0,0.0,-44.0
1776884663.9221027,-3.0,4.0,-46.0
1776884663.932103,1.0,5.0,-49.0
1776884663.942103,0.0,0.0,-48.0
1776884663.952103,0.0,2.0,-45.0
1776884663.962103,-2.0,1.0,-45.0
1776884663.9721026,1.0,3.0,-47.0
1776884663.9821026,2.0,5.0,-47.0
1776884663.9921026,3.0,4.0,-39.0
1776884664.0021029,0.0,2.0,-39.0
1776884664.0121028,-1.0,0.0,-36.0
1776884664.0221028,-2.0,0.0,-38.0
1776884664.0321028,0.0,0.0,-39.0
1776884664.0421028,0.0,-1.0,-35.0
1776884664.0521028,0.0,-1.0,-38.0
1776884664.0621028,-1.0,-3.0,-48.0
1776884664.0721028,-2.0,-3.0,-50.0
1776884664.0821028,3.0,-1.0,-51.0
1776884664.0921028,7.0,-7.0,-49.0
1776884664.1021028,4.0,-10.0,-56.0
1776884664.1121027,3.0,-7.0,-59.0
1776884664.1221027,0.0,-9.0,-57.0
1776884664.1321027,-4.0,-7.0,-47.0
1776884664.1421027,-5.0,-4.0,-38.0
1776884664.1521027,0.0,-9.0,-42.0
1776884664.1621027,1.0,-8.0,-46.0
1776884664.1721027,1.0,-5.0,-44.0
1776884664.182103,-1.0,-5.0,-47.0
1776884664.192103,0.0,-4.0,-51.0
1776884664.202103,0.0,-4.0,-47.0
1776884664.212103,0.0,-5.0,-45.0
1776884664.2221026,-1.0,-3.0,-45.0
1776884664.2321026,-1.0,-2.0,-41.0
1776884664.2421026,-4.0,0.0,-40.0
1776884664.2521029,-7.0,-1.0,-40.0
1776884664.2621028,-5.0,-4.0,-39.0
1776884664.2721028,-6.0,-8.0,-45.0
1776884664.2821028,-4.0,-8.0,-48.0
1776884664.2921028,0.0,-7.0,-45.0
1776884664.3021028,1.0,-7.0,-34.0
1776884664.3121028,1.0,-7.0,-28.0
1776884664.3221028,-1.0,-6.0,-33.0
1776884664.3321028,0.0,-2.0,-39.0
1776884664.3421028,1.0,-2.0,-42.0
1776884664.3521028,4.0,-4.0,-40.0
1776884664.3621027,5.0,-3.0,-34.0
1776884664.3721027,0.0,-3.0,-34.0
1776884664.3821027,0.0,-6.0,-35.0
1776884664.3921027,0.0,-7.0,-41.0
1776884664.4021027,0.0,-9.0,-43.0
1776884664.4121027,-1.0,-9.0,-38.0
1776884664.4221027,-3.0,-4.0,-38.0
1776884664.432103,-6.0,-4.0,-38.0
1776884664.442103,-3.0,-4.0,-35.0
1776884664.452103,1.0,-5.0,-43.0
1776884664.462103,1.0,-3.0,-48.0
1776884664.4721026,-1.0,-5.0,-51.0
1776884664.4821026,0.0,-4.0,-51.0
1776884664.4921026,0.0,-3.0,-50.0
1776884664.5021029,-1.0,-3.0,-47.0
1776884664.5121028,-1.0,-1.0,-49.0
1776884664.5221028,-1.0,-1.0,-52.0
1776884664.5321028,-2.0,-5.0,-47.0
1776884664.5421028,0.0,-1.0,-44.0
1776884664.5521028,2.0,0.0,-42.0
1776884664.5621028,2.0,-3.0,-47.0
1776884664.5721028,2.0,-5.0,-54.0
1776884664.5821028,5.0,-5.0,-52.0
1776884664.5921028,3.0,-7.0,-51.0
1776884664.6021028,8.0,-5.0,-46.0
1776884664.6121027,6.0,-3.0,-40.0
1776884664.6221027,5.0,-4.0,-44.0
1776884664.6321027,9.0,-3.0,-51.0
1776884664.6421027,7.0,-4.0,-49.0
1776884664.6521027,2.0,-3.0,-50.0
1776884664.6621027,5.0,-3.0,-51.0
1776884664.6721027,5.0,-6.0,-48.0
1776884664.682103,1.0,-7.0,-45.0
1776884664.692103,-1.0,-7.0,-41.0
1776884664.702103,0.0,-9.0,-36.0
1776884664.712103,-3.0,-9.0,-33.0
1776884664.7221026,-4.0,-8.0,-36.0
1776884664.7321026,-2.0,-5.0,-35.0
1776884664.7421026,0.0,-7.0,-35.0
1776884664.7521029,0.0,-7.0,-37.0
1776884664.7621028,5.0,-2.0,-40.0
1776884664.7721028,2.0,-2.0,-42.0
1776884664.7821028,1.0,-2.0,-48.0
1776884664.7921028,2.0,-2.0,-44.0
1776884664.8021028,-2.0,-1.0,-43.0
1776884664.8121028,1.0,1.0,-48.0
1776884664.8221028,2.0,4.0,-46.0
1776884664.8321028,2.0,5.0,-43.0
1776884664.8421028,0.0,1.0,-45.0
1776884664.8521028,1.0,0.0,-41.0
1776884664.8621027,-2.0,-3.0,-44.0
1776884664.8721027,0.0,-2.0,-39.0
1776884664.8821027,2.0,-2.0,-43.0
1776884664.8921027,2.0,-5.0,-45.0
1776884664.9021027,1.0,-2.0,-47.0
1776884664.9121027,-2.0,1.0,-52.0
1776884664.9221027,-4.0,0.0,-53.0
1776884664.932103,0.0,-3.0,-54.0
1776884664.942103,2.0,-6.0,-58.0
1776884664.952103,1.0,-4.0,-51.0
1776884664.962103,0.0,-4.0,-50.0
1776884664.9721026,-3.0,-6.0,-51.0
1776884664.9821026,-1.0,-12.0,-55.0
1776884664.9921026,-3.0,-12.0,-52.0
1776884665.0021029,-4.0,-8.0,-51.0
1776884665.0121028,-5.0,-6.0,-51.0
1776884665.0221028,-6.0,-7.0,-49.0
1776884665.0321028,-7.0,1.0,-44.0
1776884665.0421028,-8.0,-2.0,-43.0
1776884665.0521028,-2.0,-4.0,-48.0
1776884665.0621028,-5.0,-5.0,-49.0
1776884665.0721028,-4.0,-5.0,-52.0
1776884665.0821028,-1.0,-2.0,-55.0
1776884665.0921028,-1.0,1.0,-54.0
1776884665.1021028,2.0,-3.0,-53.0
1776884665.1121027,0.0,0.0,-55.0
1776884665.1221027,0.0,-3.0,-55.0
1776884665.1321027,0.0,-5.0,-55.0
1776884665.1421027,-1.0,-6.0,-55.0
1776884665.1521027,-3.0,-7.0,-49.0
1776884665.1621027,0.0,-7.0,-46.0
1776884665.1721027,1.0,-8.0,-42.0
1776884665.182103,-1.0,-4.0,-37.0
1776884665.1931028,-2.0,-5.0,-38.0
1776884665.2031028,-1.0,-3.0,-37.0
1776884665.212103,0.0,-1.0,-39.0
1776884665.2231028,-3.0,0.0,-38.0
1776884665.2331028,-1.0,-1.0,-39.0
1776884665.2431028,1.0,-3.0,-41.0
1776884665.2531028,4.0,-2.0,-35.0
1776884665.2631028,3.0,-7.0,-34.0
1776884665.2731028,1.0,-8.0,-32.0
1776884665.2831028,0.0,-3.0,-35.0
1776884665.2931027,1.0,-3.0,-40.0
1776884665.3031027,2.0,-7.0,-35.0
1776884665.3131027,0.0,-13.0,-32.0
1776884665.3231027,-1.0,-12.0,-37.0
1776884665.3331027,0.0,-9.0,-37.0
1776884665.3431027,0.0,-4.0,-36.0
1776884665.3531027,-2.0,-3.0,-35.0
1776884665.363103,0.0,-2.0,-36.0
1776884665.373103,-4.0,-2.0,-37.0
1776884665.383103,-5.0,-3.0,-36.0
1776884665.3931026,-3.0,-6.0,-38.0
1776884665.4031026,-1.0,-5.0,-40.0
1776884665.4131026,2.0,-5.0,-48.0
1776884665.4231029,5.0,-5.0,-50.0
1776884665.4331028,4.0,-5.0,-49.0
1776884665.4431028,8.0,-3.0,-43.0
1776884665.4531028,5.0,3.0,-48.0
1776884665.4631028,7.0,3.0,-47.0
1776884665.4731028,6.0,4.0,-44.0
1776884665.4831028,0.0,3.0,-42.0
1776884665.4931028,0.0,3.0,-36.0
1776884665.5031028,4.0,1.0,-40.0
1776884665.5131028,3.0,3.0,-36.0
1776884665.5231028,1.0,3.0,-43.0
1776884665.5331028,0.0,2.0,-38.0
1776884665.5431027,3.0,-1.0,-36.0
1776884665.5531027,4.0,-2.0,-34.0
1776884665.5631027,4.0,0.0,-33.0
1776884665.5731027,5.0,0.0,-39.0
1776884665.5831027,3.0,-3.0,-42.0
1776884665.5931027,6.0,-6.0,-43.0
1776884665.6031027,6.0,-4.0,-43.0
1776884665.613103,4.0,-1.0,-38.0
1776884665.623103,0.0,-2.0,-35.0
1776884665.633103,-4.0,-4.0,-24.0
1776884665.6431026,-2.0,0.0,-31.0
1776884665.6531026,0.0,2.0,-37.0
1776884665.6631026,1.0,0.0,-40.0
1776884665.6731029,-3.0,0.0,-44.0
1776884665.6831028,-1.0,-1.0,-36.0
1776884665.6931028,0.0,0.0,-44.0
1776884665.7031028,4.0,1.0,-47.0
1776884665.7131028,2.0,0.0,-43.0
1776884665.7231028,3.0,1.0,-46.0
1776884665.7331028,1.0,-2.0,-44.0
1776884665.7431028,0.0,-1.0,-42.0
1776884665.7531028,0.0,0.0,-36.0
1776884665.7631028,-1.0,1.0,-34.0
1776884665.7731028,-4.0,0.0,-31.0
1776884665.7831028,0.0,-7.0,-27.0
1776884665.7931027,0.0,-8.0,-33.0
1776884665.8031027,0.0,-5.0,-41.0
1776884665.8131027,2.0,-2.0,-40.0
1776884665.8231027,4.0,0.0,-41.0
1776884665.8331027,7.0,0.0,-45.0
1776884665.8431027,3.0,0.0,-51.0
1776884665.8531027,2.0,4.0,-59.0
1776884665.863103,-3.0,1.0,-59.0
1776884665.873103,0.0,-2.0,-52.0
1776884665.883103,-1.0,-4.0,-52.0
1776884665.8931026,-3.0,-2.0,-55.0
1776884665.9031026,-3.0,-1.0,-56.0
1776884665.9131026,-2.0,0.0,-54.0
1776884665.9231029,-4.0,2.0,-51.0
1776884665.9331028,-2.0,1.0,-49.0
1776884665.9431028,4.0,-3.0,-46.0
1776884665.9531028,5.0,-3.0,-48.0
1776884665.9631028,3.0,-3.0,-45.0
1776884665.9731028,3.0,-4.0,-48.0
1776884665.9831028,3.0,-12.0,-48.0
1776884665.9931028,3.0,-10.0,-52.0
1776884666.0031028,4.0,-7.0,-53.0
1776884666.0131028,1.0,-4.0,-51.0
1776884666.0231028,0.0,-2.0,-44.0
1776884666.0331028,0.0,-1.0,-39.0
1776884666.0431027,-2.0,0.0,-41.0
1776884666.0531027,-1.0,-2.0,-42.0
1776884666.0631027,1.0,0.0,-47.0
1776884666.0731027,3.0,0.0,-48.0
1776884666.0831027,6.0,-1.0,-49.0
1776884666.0931027,6.0,0.0,-48.0
1776884666.1031027,4.0,0.0,-56.0
1776884666.113103,3.0,0.0,-57.0
1776884666.123103,0.0,-3.0,-53.0
1776884666.133103,-2.0,-2.0,-53.0
1776884666.1431026,0.0,0.0,-54.0
1776884666.1531026,-5.0,-3.0,-52.0
1776884666.1631026,-3.0,-1.0,-48.0
1776884666.1731029,-1.0,-2.0,-50.0
1776884666.1831028,1.0,-3.0,-49.0
1776884666.1931028,-2.0,-1.0,-46.0
1776884666.2031028,1.0,-4.0,-53.0
1776884666.2131028,-1.0,-2.0,-53.0
1776884666.2231028,-1.0,-3.0,-52.0
1776884666.2331028,0.0,-3.0,-55.0
1776884666.2431028,3.0,-4.0,-66.0
1776884666.2531028,6.0,-1.0,-62.0
1776884666.2631028,3.0,1.0,-63.0
1776884666.2731028,0.0,0.0,-52.0
1776884666.2831028,4.0,2.0,-53.0
1776884666.2931027,9.0,0.0,-50.0
1776884666.3031027,7.0,-4.0,-50.0
1776884666.3131027,6.0,-3.0,-49.0
1776884666.3231027,6.0,-1.0,-47.0
1776884666.3331027,3.0,-1.0,-49.0
1776884666.3431027,2.0,-2.0,-49.0
1776884666.3531027,3.0,-6.0,-47.0
1776884666.363103,0.0,-1.0,-43.0
1776884666.373103,0.0,-2.0,-42.0
1776884666.383103,6.0,-3.0,-41.0
1776884666.3931026,3.0,-2.0,-42.0
1776884666.4031026,2.0,-3.0,-40.0
1776884666.4131026,6.0,-4.0,-43.0
1776884666.4231029,3.0,-3.0,-47.0
1776884666.4331028,0.0,-4.0,-46.0
1776884666.4431028,0.0,-5.0,-45.0
1776884666.4531028,3.0,-6.0,-51.0
1776884666.4631028,1.0,-3.0,-54.0
1776884666.4731028,8.0,-2.0,-54.0
1776884666.4831028,9.0,-1.0,-48.0
1776884666.4931028,2.0,-3.0,-50.0
1776884666.5031028,1.0,-3.0,-45.0
1776884666.5131028,1.0,0.0,-43.0
1776884666.5231028,-1.0,2.0,-49.0
1776884666.5331028,-5.0,1.0,-50.0
1776884666.5431027,-3.0,1.0,-52.0
1776884666.5531027,-3.0,6.0,-53.0
1776884666.5631027,5.0,4.0,-47.0
1776884666.5731027,5.0,0.0,-45.0
1776884666.5831027,7.0,-3.0,-40.0
1776884666.5931027,5.0,-3.0,-37.0
1776884666.6031027,0.0,-2.0,-40.0
1776884666.613103,3.0,0.0,-42.0
1776884666.623103,3.0,-1.0,-44.0
1776884666.633103,3.0,-1.0,-43.0
1776884666.6431026,6.0,1.0,-39.0
1776884666.6531026,2.0,3.0,-36.0
1776884666.6631026,0.0,8.0,-38.0
1776884666.6731029,0.0,10.0,-40.0
1776884666.6831028,1.0,11.0,-42.0
1776884666.6931028,0.0,5.0,-44.0
1776884666.7031028,2.0,3.0,-41.0
1776884666.7131028,4.0,3.0,-36.0
1776884666.7231028,2.0,1.0,-38.0
1776884666.7331028,3.0,-3.0,-35.0
1776884666.7431028,4.0,-1.0,-39.0
1776884666.7531028,1.0,-2.0,-41.0
1776884666.7631028,3.0,-6.0,-45.0
1776884666.7731028,0.0,-5.0,-48.0
1776884666.7831028,3.0,-3.0,-53.0
1776884666.7931027,1.0,-5.0,-46.0
1776884666.8031027,2.0,-8.0,-41.0
1776884666.8131027,0.0,-4.0,-37.0
1776884666.8231027,0.0,-1.0,-37.0
1776884666.8331027,0.0,-4.0,-38.0
1776884666.8431027,0.0,-6.0,-31.0
1776884666.8531027,-2.0,-6.0,-36.0
1776884666.863103,0.0,-5.0,-45.0
1776884666.873103,-3.0,-5.0,-52.0
1776884666.883103,-3.0,-6.0,-56.0
1776884666.8931026,-1.0,-3.0,-46.0
1776884666.9031026,-1.0,-2.0,-49.0
1776884666.9131026,1.0,4.0,-51.0
1776884666.9231029,1.0,9.0,-56.0
1776884666.9331028,1.0,6.0,-54.0
1776884666.9431028,1.0,7.0,-50.0
1776884666.9531028,0.0,7.0,-47.0
1776884666.9631028,0.0,6.0,-52.0
1776884666.9731028,0.0,6.0,-54.0
1776884666.9831028,0.0,7.0,-50.0
1776884666.9931028,5.0,3.0,-48.0
1776884667.0031028,5.0,0.0,-45.0
1776884667.0131028,5.0,0.0,-49.0
1776884667.0231028,5.0,0.0,-49.0
1776884667.0331028,0.0,0.0,-46.0
1776884667.0431027,-2.0,1.0,-46.0
1776884667.0531027,0.0,-1.0,-42.0
1776884667.0631027,-1.0,-4.0,-43.0
1776884667.0731027,0.0,-1.0,-46.0
1776884667.0831027,2.0,-1.0,-46.0
1776884667.0931027,1.0,-4.0,-55.0
1776884667.1031027,-3.0,-3.0,-57.0
1776884667.113103,-5.0,-7.0,-52.0
1776884667.123103,-1.0,-5.0,-53.0
1776884667.133103,-5.0,-5.0,-46.0
1776884667.1431026,-1.0,0.0,-40.0
1776884667.1531026,2.0,0.0,-43.0
1776884667.1641028,4.0,-3.0,-45.0
1776884667.1741028,5.0,-3.0,-48.0
1776884667.1841028,6.0,-6.0,-44.0
1776884667.1941028,7.0,-3.0,-50.0
1776884667.2041028,2.0,-1.0,-43.0
1776884667.2141027,0.0,-1.0,-40.0
1776884667.2241027,-1.0,-3.0,-44.0
1776884667.2341027,-1.0,-6.0,-44.0
1776884667.2441027,-5.0,-2.0,-44.0
1776884667.2541027,-5.0,-1.0,-41.0
1776884667.2641027,0.0,2.0,-45.0
1776884667.2741027,2.0,2.0,-47.0
1776884667.284103,3.0,-2.0,-43.0
1776884667.294103,7.0,-3.0,-44.0
1776884667.304103,7.0,-1.0,-42.0
1776884667.3141026,5.0,0.0,-51.0
1776884667.3241026,6.0,3.0,-50.0
1776884667.3341026,4.0,2.0,-51.0
1776884667.3441026,-1.0,1.0,-49.0
1776884667.3541028,-2.0,1.0,-44.0
1776884667.3641028,-2.0,4.0,-41.0
1776884667.3741028,-3.0,4.0,-42.0
1776884667.3841028,-1.0,3.0,-41.0
1776884667.3941028,2.0,0.0,-36.0
1776884667.4041028,2.0,-5.0,-34.0
1776884667.4141028,1.0,-2.0,-35.0
1776884667.4241028,-4.0,-1.0,-32.0
1776884667.4341028,-3.0,-6.0,-42.0
1776884667.4441028,-1.0,-8.0,-46.0
1776884667.4541028,0.0,-7.0,-50.0
1776884667.4641027,-2.0,-6.0,-54.0
1776884667.4741027,-6.0,-5.0,-49.0
1776884667.4841027,-4.0,-5.0,-49.0
1776884667.4941027,-3.0,-6.0,-45.0
1776884667.5041027,-3.0,-4.0,-43.0
1776884667.5141027,-1.0,-4.0,-42.0
1776884667.5241027,0.0,-2.0,-46.0
1776884667.534103,5.0,0.0,-49.0
1776884667.544103,0.0,-1.0,-49.0
1776884667.554103,-3.0,0.0,-39.0
1776884667.5641026,0.0,-2.0,-39.0
1776884667.5741026,3.0,0.0,-43.0
1776884667.5841026,3.0,0.0,-39.0
1776884667.5941026,1.0,-1.0,-43.0
1776884667.6041028,5.0,0.0,-39.0
1776884667.6141028,4.0,-2.0,-36.0
1776884667.6241028,1.0,-1.0,-35.0
1776884667.6341028,0.0,-2.0,-43.0
1776884667.6441028,2.0,-4.0,-53.0
1776884667.6541028,1.0,0.0,-54.0
1776884667.6641028,3.0,5.0,-49.0
1776884667.6741028,1.0,7.0,-43.0
1776884667.6841028,2.0,4.0,-41.0
1776884667.6941028,5.0,3.0,-46.0
1776884667.7041028,1.0,1.0,-46.0
1776884667.7141027,0.0,-2.0,-37.0
1776884667.7241027,0.0,-7.0,-40.0
1776884667.7341027,-6.0,-9.0,-41.0
1776884667.7441027,-8.0,-7.0,-44.0
1776884667.7541027,-5.0,-5.0,-45.0
1776884667.7641027,-2.0,-1.0,-36.0
1776884667.7741027,-2.0,1.0,-36.0
1776884667.784103,-5.0,1.0,-34.0
1776884667.794103,-5.0,2.0,-36.0
1776884667.804103,-6.0,-1.0,-28.0
1776884667.8141026,-2.0,-4.0,-30.0
1776884667.8241026,0.0,-3.0,-31.0
1776884667.8341026,-2.0,-1.0,-39.0
1776884667.8441026,-3.0,0.0,-41.0
1776884667.8541028,-2.0,-1.0,-35.0
1776884667.8641028,0.0,-4.0,-35.0
1776884667.8741028,-1.0,-2.0,-36.0
1776884667.8841028,0.0,-3.0,-38.0
1776884667.8941028,0.0,-8.0,-39.0
1776884667.9041028,2.0,-3.0,-46.0
1776884667.9141028,2.0,-4.0,-49.0
1776884667.9241028,6.0,-3.0,-46.0
1776884667.9341028,0.0,-3.0,-43.0
1776884667.9441028,2.0,-5.0,-38.0
1776884667.9541028,0.0,-2.0,-43.0
1776884667.9641027,0.0,0.0,-51.0
1776884667.9741027,0.0,-2.0,-52.0
1776884667.9841027,1.0,-3.0,-54.0
1776884667.9941027,2.0,-3.0,-60.0
1776884668.0041027,3.0,-3.0,-59.0
1776884668.0141027,0.0,0.0,-53.0
1776884668.0241027,1.0,-2.0,-50.0
1776884668.034103,0.0,-7.0,-46.0
1776884668.044103,1.0,-10.0,-51.0
1776884668.054103,1.0,-10.0,-51.0
1776884668.0651028,2.0,-3.0,-49.0
1776884668.0741026,1.0,-6.0,-50.0
1776884668.0841026,3.0,-4.0,-49.0
1776884668.0941026,5.0,-7.0,-51.0
1776884668.1041028,0.0,-5.0,-50.0
1776884668.1141028,-2.0,-1.0,-50.0
1776884668.1241028,-5.0,-1.0,-53.0
1776884668.1341028,-2.0,1.0,-51.0
1776884668.1441028,-3.0,3.0,-49.0
1776884668.1541028,-7.0,3.0,-52.0
1776884668.1641028,-6.0,7.0,-52.0
1776884668.1741028,-6.0,4.0,-54.0
1776884668.1841028,-8.0,2.0,-57.0
1776884668.1941028,-7.0,-1.0,-53.0
1776884668.2041028,-8.0,0.0,-50.0
1776884668.2141027,-10.0,0.0,-53.0
1776884668.2241027,-10.0,-6.0,-52.0
1776884668.2341027,-6.0,-4.0,-46.0
1776884668.2441027,0.0,-5.0,-45.0
1776884668.2541027,4.0,-6.0,-44.0
1776884668.2641027,0.0,-5.0,-43.0
1776884668.2741027,-1.0,-7.0,-44.0
1776884668.284103,-4.0,-7.0,-43.0
1776884668.294103,-6.0,-6.0,-41.0
1776884668.304103,0.0,-4.0,-39.0
1776884668.3141026,1.0,-4.0,-44.0
1776884668.3241026,2.0,-3.0,-43.0
1776884668.3341026,1.0,-5.0,-43.0
1776884668.3441026,0.0,-6.0,-46.0
1776884668.3541028,3.0,-5.0,-54.0
1776884668.3641028,6.0,0.0,-55.0
1776884668.3741028,4.0,3.0,-51.0
1776884668.3841028,8.0,-2.0,-58.0
1776884668.3941028,4.0,-3.0,-49.0
1776884668.4041028,3.0,-5.0,-52.0
1776884668.4141028,4.0,0.0,-47.0
1776884668.4241028,4.0,0.0,-42.0
1776884668.4341028,1.0,0.0,-43.0
1776884668.4441028,-1.0,3.0,-39.0
1776884668.4541028,0.0,4.0,-40.0
1776884668.4641027,-4.0,1.0,-46.0
1776884668.4741027,-5.0,0.0,-47.0
1776884668.4841027,-5.0,0.0,-47.0
1776884668.4941027,-8.0,0.0,-46.0
1776884668.5041027,-9.0,-1.0,-46.0
1776884668.5141027,-13.0,-2.0,-50.0
1776884668.5241027,-11.0,2.0,-49.0
1776884668.534103,-5.0,2.0,-48.0
1776884668.544103,-3.0,0.0,-51.0
1776884668.554103,-4.0,1.0,-54.0
1776884668.5641026,-4.0,0.0,-57.0
1776884668.5741026,4.0,0.0,-59.0
1776884668.5841026,4.0,-3.0,-54.0
1776884668.5941026,0.0,-3.0,-53.0
1776884668.6041028,-4.0,-4.0,-56.0
1776884668.6141028,-4.0,-4.0,-54.0
1776884668.6241028,-5.0,-4.0,-53.0
1776884668.6341028,-3.0,-5.0,-53.0
1776884668.6441028,-2.0,-2.0,-50.0
1776884668.6541028,0.0,1.0,-47.0
1776884668.6641028,0.0,1.0,-40.0
1776884668.6741028,1.0,3.0,-39.0
1776884668.6841028,1.0,8.0,-42.0
1776884668.6941028,3.0,9.0,-47.0
1776884668.7041028,-3.0,9.0,-40.0
1776884668.7141027,-7.0,4.0,-42.0
1776884668.7241027,-4.0,1.0,-37.0
1776884668.7341027,-3.0,4.0,-39.0
1776884668.7441027,-6.0,1.0,-45.0
1776884668.7541027,-6.0,-2.0,-52.0
1776884668.7641027,-5.0,0.0,-55.0
1776884668.7741027,-3.0,0.0,-53.0
1776884668.784103,-4.0,-2.0,-51.0
1776884668.794103,-3.0,-2.0,-47.0
1776884668.804103,1.0,-1.0,-52.0
1776884668.8141026,1.0,-3.0,-56.0
1776884668.8241026,4.0,-3.0,-53.0
1776884668.8341026,6.0,-1.0,-43.0
1776884668.8441026,0.0,1.0,-47.0
1776884668.8541028,0.0,2.0,-43.0
1776884668.8641028,-3.0,2.0,-38.0
1776884668.8741028,0.0,-2.0,-33.0
1776884668.8841028,1.0,-4.0,-33.0
1776884668.8941028,4.0,-4.0,-32.0
1776884668.9041028,4.0,-4.0,-29.0
1776884668.9141028,0.0,-6.0,-30.0
1776884668.9241028,0.0,-4.0,-29.0
1776884668.9341028,-1.0,-5.0,-32.0
1776884668.9441028,-5.0,-4.0,-37.0
1776884668.9541028,-2.0,-6.0,-38.0
1776884668.9641027,0.0,-3.0,-39.0
1776884668.9741027,0.0,-3.0,-39.0
1776884668.9841027,0.0,-4.0,-40.0
1776884668.9941027,3.0,-6.0,-45.0
1776884669.0041027,4.0,-3.0,-56.0
1776884669.0141027,3.0,0.0,-55.0
1776884669.0241027,5.0,0.0,-53.0
1776884669.034103,2.0,0.0,-48.0
1776884669.044103,0.0,0.0,-46.0
1776884669.054103,1.0,-2.0,-47.0
1776884669.0641026,-1.0,-3.0,-53.0
1776884669.0741026,0.0,-1.0,-42.0
1776884669.0841026,0.0,0.0,-42.0
1776884669.0941026,0.0,0.0,-39.0
1776884669.1041028,-1.0,-2.0,-40.0
1776884669.1151028,-2.0,-2.0,-37.0
1776884669.1251028,-1.0,-3.0,-44.0
1776884669.1351027,1.0,-3.0,-48.0
1776884669.1451027,0.0,-2.0,-52.0
1776884669.1551027,-2.0,-1.0,-58.0
1776884669.1651027,-4.0,-3.0,-60.0
1776884669.1751027,-2.0,-2.0,-58.0
1776884669.1851027,-5.0,-2.0,-53.0
1776884669.1951027,-1.0,-2.0,-51.0
1776884669.2051027,0.0,0.0,-46.0
1776884669.215103,0.0,2.0,-47.0
1776884669.225103,0.0,3.0,-45.0
1776884669.235103,4.0,3.0,-47.0
1776884669.2451026,3.0,1.0,-50.0
1776884669.2551026,3.0,0.0,-47.0
1776884669.2651026,5.0,-2.0,-46.0
1776884669.2751029,1.0,-1.0,-42.0
1776884669.2851028,2.0,-3.0,-44.0
1776884669.2951028,-5.0,-3.0,-51.0
1776884669.3051028,-10.0,-4.0,-55.0
1776884669.3151028,-5.0,-2.0,-54.0
1776884669.3251028,-6.0,0.0,-52.0
1776884669.3351028,-4.0,-2.0,-54.0
1776884669.3451028,1.0,0.0,-57.0
1776884669.3551028,1.0,-1.0,-53.0
1776884669.3651028,1.0,1.0,-49.0
1776884669.3751028,0.0,3.0,-50.0
1776884669.3851027,-1.0,2.0,-56.0
1776884669.3951027,0.0,3.0,-48.0
1776884669.4051027,-6.0,4.0,-45.0
1776884669.4151027,-7.0,4.0,-46.0
1776884669.4251027,-5.0,2.0,-44.0
1776884669.4351027,0.0,0.0,-46.0
1776884669.4451027,1.0,-1.0,-50.0
1776884669.4551027,7.0,1.0,-56.0
1776884669.465103,7.0,-2.0,-50.0
1776884669.475103,5.0,0.0,-48.0
1776884669.485103,-3.0,0.0,-44.0
1776884669.4951026,-8.0,1.0,-38.0
1776884669.5051026,0.0,2.0,-38.0
1776884669.5151026,-1.0,0.0,-42.0
1776884669.5251029,-2.0,0.0,-42.0
1776884669.5351028,-2.0,4.0,-45.0
1776884669.5451028,0.0,0.0,-43.0
1776884669.5551028,3.0,-3.0,-44.0
1776884669.5651028,0.0,0.0,-44.0
1776884669.5751028,-2.0,3.0,-43.0
1776884669.5851028,-6.0,-2.0,-40.0
1776884669.5951028,-1.0,0.0,-34.0
1776884669.6051028,-2.0,4.0,-39.0
1776884669.6151028,3.0,0.0,-36.0
1776884669.6251028,4.0,-4.0,-35.0
1776884669.6351027,-2.0,-6.0,-38.0
1776884669.6451027,0.0,-8.0,-34.0
1776884669.6551027,1.0,-3.0,-37.0
1776884669.6651027,0.0,-2.0,-35.0
1776884669.6751027,-2.0,-5.0,-39.0
1776884669.6851027,-1.0,-4.0,-43.0
1776884669.6951027,0.0,-6.0,-46.0
1776884669.7051027,-1.0,-7.0,-47.0
1776884669.715103,-3.0,-8.0,-41.0
1776884669.725103,-3.0,-2.0,-41.0
1776884669.735103,-4.0,-2.0,-45.0
1776884669.7451026,0.0,0.0,-51.0
1776884669.7551026,1.0,-3.0,-50.0
1776884669.7651026,-1.0,-5.0,-53.0
1776884669.7751029,-2.0,-2.0,-57.0
1776884669.7851028,0.0,-3.0,-57.0
1776884669.7951028,4.0,0.0,-46.0
1776884669.8051028,4.0,-3.0,-50.0
1776884669.8151028,5.0,-5.0,-44.0
1776884669.8251028,7.0,-6.0,-40.0
1776884669.8351028,4.0,-5.0,-51.0
1776884669.8451028,2.0,-2.0,-54.0
1776884669.8551028,1.0,0.0,-43.0
1776884669.8651028,3.0,0.0,-44.0
1776884669.8751028,4.0,-3.0,-47.0
1776884669.8851027,5.0,-1.0,-47.0
1776884669.8951027,4.0,1.0,-49.0
1776884669.9051027,5.0,2.0,-47.0
1776884669.9151027,5.0,5.0,-49.0
1776884669.9251027,1.0,1.0,-51.0
1776884669.9351027,5.0,-4.0,-47.0
1776884669.9451027,4.0,-2.0,-51.0
1776884669.9551027,6.0,-3.0,-53.0
1776884669.965103,4.0,-7.0,-54.0
1776884669.975103,5.0,-8.0,-48.0
1776884669.985103,0.0,-8.0,-44.0
1776884669.9951026,-2.0,-7.0,-45.0
1776884670.0051026,2.0,-6.0,-42.0
1776884670.0151026,4.0,-9.0,-39.0
1776884670.0251029,5.0,-8.0,-45.0
1776884670.0351028,5.0,-9.0,-49.0
1776884670.0451028,2.0,-13.0,-52.0
1776884670.0551028,4.0,-12.0,-55.0
1776884670.0651028,5.0,-8.0,-49.0
1776884670.0751028,7.0,-8.0,-55.0
1776884670.0851028,3.0,-9.0,-53.0
1776884670.0951028,3.0,-6.0,-57.0
1776884670.1051028,1.0,-1.0,-53.0
1776884670.1151028,-4.0,4.0,-56.0
1776884670.1251028,-9.0,1.0,-54.0
1776884670.1351027,-6.0,0.0,-51.0
1776884670.1451027,-3.0,-5.0,-56.0
1776884670.1551027,-1.0,-4.0,-53.0
1776884670.1651027,1.0,-4.0,-55.0
1776884670.1751027,2.0,-3.0,-49.0
1776884670.1851027,7.0,0.0,-48.0
1776884670.1951027,9.0,-1.0,-48.0
1776884670.2051027,8.0,1.0,-47.0
1776884670.215103,11.0,5.0,-54.0
1776884670.225103,10.0,4.0,-50.0
1776884670.235103,7.0,0.0,-52.0
1776884670.2451026,3.0,4.0,-51.0
1776884670.2551026,2.0,6.0,-47.0
1776884670.2651026,-4.0,6.0,-46.0
1776884670.2751029,-2.0,0.0,-42.0
1776884670.2851028,-3.0,0.0,-38.0
1776884670.2951028,-3.0,-3.0,-45.0
1776884670.3051028,-1.0,-6.0,-44.0
1776884670.3151028,4.0,-4.0,-49.0
1776884670.3251028,4.0,-4.0,-44.0
1776884670.3351028,0.0,0.0,-44.0
1776884670.3451028,2.0,-1.0,-45.0
1776884670.3551028,1.0,-1.0,-45.0
1776884670.3651028,0.0,0.0,-46.0
1776884670.3751028,-2.0,3.0,-47.0
1776884670.3851027,-4.0,8.0,-50.0
1776884670.3951027,-5.0,6.0,-43.0
1776884670.4051027,-3.0,3.0,-44.0
1776884670.4151027,-4.0,2.0,-43.0
1776884670.4251027,-5.0,-1.0,-48.0
1776884670.4351027,-2.0,-3.0,-47.0
1776884670.4451027,0.0,-3.0,-44.0
1776884670.4551027,-2.0,-2.0,-42.0
1776884670.465103,-2.0,-1.0,-43.0
1776884670.475103,1.0,0.0,-48.0
1776884670.485103,5.0,-3.0,-55.0
1776884670.4951026,2.0,-3.0,-52.0
1776884670.5051026,5.0,-1.0,-51.0
1776884670.5151026,5.0,0.0,-52.0
1776884670.5251029,3.0,0.0,-53.0
1776884670.5351028,1.0,-1.0,-48.0
1776884670.5451028,-2.0,-1.0,-50.0
1776884670.5551028,0.0,0.0,-48.0
1776884670.5651028,-2.0,0.0,-50.0
1776884670.5751028,-6.0,0.0,-53.0
1776884670.5851028,-6.0,-2.0,-52.0
1776884670.5951028,-11.0,0.0,-54.0
1776884670.6051028,-11.0,3.0,-52.0
1776884670.6151028,-10.0,1.0,-54.0
1776884670.6251028,-11.0,0.0,-52.0
1776884670.6351027,-13.0,-2.0,-52.0
1776884670.6451027,-8.0,1.0,-46.0
1776884670.6551027,-7.0,3.0,-46.0
1776884670.6651027,-10.0,4.0,-49.0
1776884670.6751027,-9.0,1.0,-50.0
1776884670.6851027,-4.0,-1.0,-44.0
1776884670.6951027,-4.0,-6.0,-47.0
1776884670.7051027,-4.0,-4.0,-48.0
1776884670.715103,-4.0,-2.0,-51.0
1776884670.725103,-3.0,-2.0,-52.0
1776884670.735103,-4.0,-6.0,-55.0
1776884670.7451026,-3.0,-4.0,-55.0
1776884670.7551026,-2.0,-4.0,-60.0
1776884670.7651026,0.0,-4.0,-55.0
1776884670.7751029,2.0,-5.0,-56.0
1776884670.7851028,3.0,-5.0,-49.0
1776884670.7951028,1.0,-5.0,-47.0
1776884670.8051028,0.0,-8.0,-43.0
1776884670.8151028,0.0,-5.0,-51.0
1776884670.8251028,-3.0,-5.0,-53.0
1776884670.8351028,0.0,-4.0,-51.0
1776884670.8451028,1.0,-2.0,-51.0
1776884670.8551028,2.0,2.0,-52.0
1776884670.8651028,2.0,0.0,-56.0
1776884670.8751028,2.0,-3.0,-49.0
1776884670.8851027,3.0,-4.0,-47.0
1776884670.8951027,3.0,-5.0,-51.0
1776884670.9051027,3.0,0.0,-46.0
1776884670.9151027,1.0,0.0,-42.0
1776884670.9251027,0.0,2.0,-48.0
1776884670.9351027,2.0,-1.0,-50.0
1776884670.9451027,-1.0,-3.0,-50.0
1776884670.9551027,0.0,-1.0,-50.0
1776884670.965103,-2.0,-4.0,-52.0
1776884670.975103,-3.0,-3.0,-51.0
1776884670.985103,-1.0,1.0,-54.0
1776884670.9951026,-1.0,-1.0,-65.0
1776884671.0051026,-1.0,-4.0,-61.0
1776884671.0151026,0.0,-2.0,-54.0
1776884671.0251029,0.0,0.0,-46.0
1776884671.0351028,-2.0,2.0,-49.0
1776884671.0451028,-1.0,3.0,-46.0
1776884671.0561028,0.0,4.0,-45.0
1776884671.0651028,2.0,9.0,-44.0
1776884671.0751028,0.0,4.0,-45.0
1776884671.0851028,-6.0,-3.0,-48.0
1776884671.0961027,-8.0,-4.0,-50.0
1776884671.1061027,-6.0,-4.0,-50.0
1776884671.1161027,-5.0,-2.0,-48.0
1776884671.1261027,-8.0,1.0,-51.0
1776884671.136103,-10.0,0.0,-50.0
1776884671.146103,-10.0,0.0,-44.0
1776884671.156103,-7.0,0.0,-46.0
1776884671.1661026,-1.0,0.0,-58.0
1776884671.1761026,-2.0,0.0,-53.0
1776884671.1861026,-3.0,-1.0,-49.0
1776884671.1961029,-4.0,0.0,-47.0
1776884671.2061028,-6.0,0.0,-53.0
1776884671.2161028,-4.0,0.0,-58.0
1776884671.2261028,-1.0,0.0,-57.0
1776884671.2361028,-3.0,1.0,-55.0
1776884671.2461028,-1.0,-2.0,-52.0
1776884671.2561028,-6.0,0.0,-46.0
1776884671.2661028,-3.0,0.0,-48.0
1776884671.2761028,1.0,4.0,-45.0
1776884671.2861028,1.0,2.0,-44.0
1776884671.2961028,0.0,0.0,-49.0
1776884671.3061028,0.0,0.0,-44.0
1776884671.3161027,0.0,0.0,-50.0
1776884671.3261027,0.0,0.0,-55.0
1776884671.3361027,-1.0,-1.0,-53.0
1776884671.3461027,-5.0,-2.0,-49.0
1776884671.3561027,-6.0,-5.0,-47.0
1776884671.3661027,-1.0,-4.0,-45.0
1776884671.3761027,0.0,1.0,-47.0
1776884671.386103,0.0,0.0,-42.0
1776884671.396103,0.0,0.0,-43.0
1776884671.406103,2.0,-1.0,-46.0
1776884671.4161026,3.0,-10.0,-45.0
1776884671.4261026,2.0,-10.0,-42.0
1776884671.4361026,5.0,-7.0,-48.0
1776884671.4461029,1.0,-8.0,-48.0
1776884671.4561028,1.0,-6.0,-48.0
1776884671.4661028,-1.0,-4.0,-45.0
1776884671.4761028,-2.0,-3.0,-40.0
1776884671.4861028,-2.0,-3.0,-38.0
1776884671.4961028,1.0,-5.0,-44.0
1776884671.5061028,0.0,-6.0,-43.0
1776884671.5161028,3.0,-2.0,-42.0
1776884671.5261028,6.0,1.0,-39.0
1776884671.5361028,-2.0,2.0,-41.0
1776884671.5461028,-2.0,4.0,-46.0
1776884671.5561028,-2.0,5.0,-38.0
1776884671.5661027,-5.0,3.0,-42.0
1776884671.5761027,1.0,4.0,-52.0
1776884671.5861027,1.0,3.0,-52.0
1776884671.5961027,0.0,1.0,-48.0
1776884671.6061027,-2.0,0.0,-47.0
1776884671.6161027,0.0,0.0,-47.0
1776884671.6261027,-2.0,-3.0,-44.0
1776884671.636103,-2.0,-2.0,-50.0
1776884671.646103,-7.0,-7.0,-57.0
1776884671.656103,-4.0,-10.0,-51.0
1776884671.6661026,-2.0,-9.0,-40.0
1776884671.6761026,-1.0,-7.0,-35.0
1776884671.6861026,1.0,-6.0,-35.0
1776884671.6961029,5.0,-3.0,-35.0
1776884671.7061028,1.0,-5.0,-40.0
1776884671.7161028,0.0,-10.0,-43.0
1776884671.7261028,0.0,-6.0,-48.0
1776884671.7361028,-2.0,-3.0,-46.0
1776884671.7461028,-6.0,0.0,-45.0
1776884671.7561028,-5.0,0.0,-50.0
1776884671.7661028,-3.0,0.0,-50.0
1776884671.7761028,-5.0,-2.0,-49.0
1776884671.7861028,-3.0,-7.0,-48.0
1776884671.7961028,-2.0,-6.0,-49.0
1776884671.8061028,-3.0,-8.0,-47.0
1776884671.8161027,-2.0,-5.0,-48.0
1776884671.8261027,1.0,-3.0,-45.0
1776884671.8361027,0.0,-3.0,-45.0
1776884671.8461027,-4.0,-1.0,-49.0
1776884671.8561027,-3.0,-1.0,-46.0
1776884671.8661027,0.0,0.0,-47.0
1776884671.8761027,0.0,2.0,-49.0
1776884671.886103,-1.0,0.0,-43.0
1776884671.896103,5.0,-1.0,-39.0
1776884671.906103,3.0,-1.0,-45.0
1776884671.9161026,2.0,0.0,-47.0
1776884671.9261026,1.0,-1.0,-54.0
1776884671.9361026,2.0,0.0,-53.0
1776884671.9461029,1.0,-2.0,-52.0
1776884671.9561028,7.0,-6.0,-55.0
1776884671.9661028,7.0,-5.0,-53.0
1776884671.9761028,5.0,-6.0,-61.0
1776884671.9861028,0.0,-3.0,-60.0
1776884671.9961028,-4.0,-3.0,-64.0
1776884672.0061028,-4.0,-5.0,-61.0
1776884672.0161028,-7.0,-5.0,-56.0
1776884672.0261028,-5.0,-1.0,-63.0
1776884672.0361028,-3.0,-3.0,-61.0
1776884672.0461028,-2.0,-1.0,-57.0
1776884672.0561028,0.0,-4.0,-54.0
1776884672.0661027,4.0,-2.0,-42.0
1776884672.0761027,3.0,-1.0,-37.0
1776884672.0861027,0.0,-2.0,-34.0
1776884672.0961027,0.0,-2.0,-41.0
1776884672.1061027,2.0,0.0,-41.0
1776884672.1161027,7.0,0.0,-45.0
1776884672.1261027,5.0,1.0,-49.0
1776884672.136103,6.0,0.0,-53.0
1776884672.146103,0.0,-1.0,-45.0
1776884672.156103,1.0,-3.0,-42.0
1776884672.1661026,4.0,-3.0,-45.0
1776884672.1761026,8.0,-5.0,-39.0
1776884672.1861026,6.0,-5.0,-36.0
1776884672.1961029,6.0,-2.0,-33.0
1776884672.2061028,0.0,-4.0,-36.0
1776884672.2161028,1.0,-5.0,-38.0
1776884672.2261028,-2.0,-4.0,-46.0
1776884672.2361028,-4.0,-5.0,-46.0
1776884672.2461028,-4.0,-4.0,-39.0
1776884672.2561028,-4.0,-2.0,-44.0
1776884672.2661028,-4.0,-3.0,-46.0
1776884672.2761028,-5.0,-7.0,-46.0
1776884672.2861028,-2.0,-5.0,-44.0
1776884672.2961028,0.0,-2.0,-44.0
1776884672.3061028,-4.0,-1.0,-44.0
1776884672.3161027,-2.0,1.0,-49.0
1776884672.3261027,-2.0,-3.0,-47.0
1776884672.3361027,-2.0,-5.0,-45.0
1776884672.3461027,1.0,-6.0,-50.0
1776884672.3561027,0.0,-4.0,-53.0
1776884672.3661027,-3.0,-1.0,-61.0
1776884672.3761027,-4.0,-1.0,-57.0
1776884672.386103,-3.0,-4.0,-56.0
1776884672.396103,0.0,-4.0,-54.0
1776884672.406103,-1.0,0.0,-52.0
1776884672.4161026,3.0,-4.0,-45.0
1776884672.4261026,4.0,-5.0,-48.0
1776884672.4361026,3.0,-6.0,-42.0
1776884672.4461029,0.0,-7.0,-45.0
1776884672.4561028,2.0,-8.0,-47.0
1776884672.4661028,0.0,-6.0,-47.0
1776884672.4761028,-1.0,-5.0,-54.0
1776884672.4861028,1.0,-3.0,-60.0
1776884672.4961028,3.0,-3.0,-62.0
1776884672.5061028,3.0,-5.0,-62.0
1776884672.5161028,2.0,-8.0,-62.0
1776884672.5261028,3.0,-8.0,-58.0
1776884672.5361028,2.0,-5.0,-55.0
1776884672.5461028,2.0,-5.0,-49.0
1776884672.5561028,0.0,-5.0,-45.0
1776884672.5661027,-4.0,-3.0,-40.0
1776884672.5761027,-5.0,-7.0,-49.0
1776884672.5861027,-2.0,-4.0,-45.0
1776884672.5961027,1.0,-1.0,-46.0
1776884672.6061027,-1.0,-5.0,-49.0
1776884672.6161027,-6.0,-8.0,-48.0
1776884672.6261027,-3.0,-7.0,-49.0
1776884672.636103,-1.0,-6.0,-47.0
1776884672.646103,-2.0,-4.0,-45.0
1776884672.656103,-1.0,-4.0,-44.0
1776884672.6661026,2.0,-2.0,-42.0
1776884672.6761026,1.0,0.0,-40.0
1776884672.6861026,0.0,0.0,-46.0
1776884672.6961029,-3.0,0.0,-49.0
1776884672.7061028,-3.0,0.0,-43.0
1776884672.7161028,5.0,0.0,-43.0
1776884672.7261028,2.0,-1.0,-46.0
1776884672.7361028,0.0,-6.0,-50.0
1776884672.7461028,-1.0,-9.0,-46.0
1776884672.7561028,0.0,-11.0,-54.0
1776884672.7661028,4.0,-10.0,-53.0
1776884672.7761028,5.0,-8.0,-51.0
1776884672.7861028,1.0,-6.0,-53.0
1776884672.7961028,-4.0,-4.0,-54.0
1776884672.8061028,-5.0,-4.0,-50.0
1776884672.8161027,0.0,0.0,-51.0
1776884672.8261027,1.0,2.0,-50.0
1776884672.8361027,2.0,2.0,-50.0
1776884672.8461027,0.0,1.0,-49.0
1776884672.8561027,0.0,-2.0,-46.0
1776884672.8661027,1.0,0.0,-41.0
1776884672.8761027,-1.0,-2.0,-42.0
1776884672.886103,-2.0,-1.0,-41.0
1776884672.896103,-1.0,-2.0,-44.0
1776884672.906103,0.0,-4.0,-49.0
1776884672.9161026,-1.0,-3.0,-48.0
1776884672.9261026,-3.0,-3.0,-47.0
1776884672.9361026,-1.0,-1.0,-43.0
1776884672.9461029,-3.0,-4.0,-47.0
1776884672.9561028,-7.0,0.0,-47.0
1776884672.9661028,-6.0,-2.0,-42.0
1776884672.9761028,-10.0,-4.0,-42.0
1776884672.9861028,-10.0,-5.0,-43.0
1776884672.9961028,-9.0,-2.0,-38.0
1776884673.0061028,-10.0,-3.0,-36.0
1776884673.0161028,-7.0,-1.0,-38.0
1776884673.0261028,-7.0,3.0,-45.0
1776884673.0361028,-8.0,4.0,-44.0
1776884673.0461028,-8.0,7.0,-38.0
1776884673.057103,-3.0,6.0,-42.0
1776884673.0661027,-2.0,5.0,-43.0
1776884673.077103,-1.0,9.0,-55.0
1776884673.087103,-3.0,5.0,-59.0
1776884673.0961027,3.0,2.0,-57.0
1776884673.1071026,6.0,1.0,-51.0
1776884673.1171026,1.0,2.0,-43.0
1776884673.1271029,1.0,-3.0,-43.0
1776884673.1371028,2.0,-3.0,-45.0
1776884673.1471028,2.0,-3.0,-44.0
1776884673.1571028,1.0,-2.0,-45.0
1776884673.1671028,1.0,-4.0,-48.0
1776884673.1771028,2.0,-5.0,-48.0
1776884673.1871028,-1.0,-1.0,-45.0
1776884673.1971028,-3.0,-1.0,-46.0
1776884673.2071028,-4.0,-5.0,-49.0
1776884673.2171028,-3.0,-3.0,-48.0
1776884673.2271028,-4.0,-2.0,-51.0
1776884673.2371027,-6.0,0.0,-47.0
1776884673.2471027,-4.0,4.0,-38.0
1776884673.2571027,-1.0,0.0,-36.0
1776884673.2671027,2.0,-1.0,-35.0
1776884673.2771027,-3.0,-1.0,-32.0
1776884673.2871027,-1.0,-1.0,-45.0
1776884673.2971027,0.0,0.0,-49.0
1776884673.307103,0.0,0.0,-47.0
1776884673.317103,2.0,-2.0,-48.0
1776884673.327103,3.0,1.0,-41.0
1776884673.337103,0.0,0.0,-44.0
1776884673.3471026,0.0,-5.0,-47.0
1776884673.3571026,0.0,-4.0,-51.0
1776884673.3671026,4.0,-3.0,-53.0
1776884673.3771029,5.0,-1.0,-50.0
1776884673.3871028,5.0,-2.0,-54.0
1776884673.3971028,0.0,0.0,-62.0
1776884673.4071028,3.0,0.0,-56.0
1776884673.4171028,0.0,-1.0,-52.0
1776884673.4271028,-2.0,0.0,-56.0
1776884673.4371028,-3.0,0.0,-59.0
1776884673.4471028,2.0,0.0,-56.0
1776884673.4571028,5.0,-2.0,-53.0
1776884673.4671028,1.0,-7.0,-55.0
1776884673.4771028,1.0,-6.0,-47.0
1776884673.4871027,0.0,-3.0,-46.0
1776884673.4971027,6.0,-9.0,-41.0
1776884673.5071027,9.0,-8.0,-35.0
1776884673.5171027,7.0,-5.0,-39.0
1776884673.5271027,9.0,-2.0,-49.0
1776884673.5371027,6.0,-2.0,-51.0
1776884673.5471027,4.0,0.0,-47.0
1776884673.557103,0.0,-3.0,-45.0
1776884673.567103,-3.0,-5.0,-43.0
1776884673.577103,0.0,-2.0,-38.0
1776884673.587103,-1.0,-4.0,-33.0
1776884673.5971026,1.0,-3.0,-37.0
1776884673.6071026,3.0,-6.0,-37.0
1776884673.6171026,4.0,-2.0,-39.0
1776884673.6271029,2.0,-3.0,-42.0
1776884673.6371028,5.0,-7.0,-40.0
1776884673.6471028,7.0,-10.0,-36.0
1776884673.6571028,4.0,-7.0,-39.0
1776884673.6671028,5.0,-8.0,-39.0
1776884673.6771028,3.0,-5.0,-37.0
1776884673.6871028,3.0,-4.0,-39.0
1776884673.6971028,5.0,-3.0,-36.0
1776884673.7071028,0.0,-1.0,-44.0
1776884673.7171028,4.0,-3.0,-42.0
1776884673.7271028,2.0,-2.0,-42.0
1776884673.7371027,0.0,0.0,-40.0
1776884673.7471027,-1.0,1.0,-35.0
1776884673.7571027,-5.0,1.0,-32.0
1776884673.7671027,-4.0,-4.0,-34.0
1776884673.7771027,-1.0,-7.0,-34.0
1776884673.7871027,2.0,0.0,-34.0
1776884673.7971027,6.0,-3.0,-41.0
1776884673.807103,6.0,-2.0,-40.0
1776884673.817103,1.0,-4.0,-34.0
1776884673.827103,0.0,-2.0,-39.0
1776884673.837103,3.0,-4.0,-46.0
1776884673.8471026,0.0,-1.0,-48.0
1776884673.8571026,-3.0,-1.0,-51.0
1776884673.8671026,-2.0,3.0,-44.0
1776884673.8771029,0.0,5.0,-38.0
1776884673.8871028,2.0,6.0,-35.0
1776884673.8971028,0.0,3.0,-37.0
1776884673.9071028,2.0,2.0,-42.0
1776884673.9171028,3.0,0.0,-45.0
1776884673.9271028,2.0,-3.0,-49.0
1776884673.9371028,3.0,-8.0,-58.0
1776884673.9471028,2.0,-13.0,-53.0
1776884673.9571028,4.0,-10.0,-48.0
1776884673.9671028,0.0,-7.0,-47.0
1776884673.9771028,-2.0,-4.0,-46.0
1776884673.9871027,-1.0,-4.0,-42.0
1776884673.9971027,-3.0,0.0,-43.0
1776884674.0071027,-2.0,-1.0,-41.0
1776884674.0171027,0.0,-2.0,-44.0
1776884674.0271027,-1.0,-2.0,-46.0
1776884674.0371027,-3.0,-4.0,-44.0
1776884674.0471027,1.0,-1.0,-48.0
1776884674.057103,6.0,-1.0,-49.0
1776884674.067103,8.0,1.0,-49.0
1776884674.077103,8.0,0.0,-48.0
1776884674.087103,10.0,2.0,-43.0
1776884674.0971026,9.0,0.0,-45.0
1776884674.1071026,1.0,-1.0,-44.0
1776884674.1171026,0.0,1.0,-53.0
1776884674.1271029,-1.0,0.0,-54.0
1776884674.1371028,-5.0,1.0,-46.0
1776884674.1471028,-2.0,1.0,-51.0
1776884674.1571028,0.0,0.0,-57.0
1776884674.1671028,-4.0,0.0,-48.0
1776884674.1771028,-4.0,0.0,-50.0
1776884674.1871028,2.0,-3.0,-51.0
1776884674.1971028,0.0,-2.0,-51.0
1776884674.2071028,3.0,0.0,-50.0
1776884674.2171028,2.0,2.0,-50.0
1776884674.2271028,0.0,4.0,-45.0
1776884674.2371027,0.0,5.0,-49.0
1776884674.2471027,-2.0,6.0,-53.0
1776884674.2571027,0.0,6.0,-50.0
1776884674.2671027,-4.0,3.0,-58.0
1776884674.2771027,-4.0,2.0,-55.0
1776884674.2871027,-7.0,3.0,-57.0
1776884674.2971027,-12.0,0.0,-53.0
1776884674.307103,-14.0,-4.0,-50.0
1776884674.317103,-9.0,-5.0,-48.0
1776884674.327103,-6.0,-6.0,-46.0
1776884674.337103,-4.0,-10.0,-46.0
1776884674.3471026,-7.0,-5.0,-50.0
1776884674.3571026,0.0,-4.0,-49.0
1776884674.3671026,-1.0,-3.0,-49.0
1776884674.3771029,-2.0,-1.0,-53.0
1776884674.3871028,-2.0,-1.0,-56.0
1776884674.3971028,0.0,0.0,-53.0
1776884674.4071028,-6.0,0.0,-45.0
1776884674.4171028,-6.0,1.0,-39.0
1776884674.4271028,-5.0,2.0,-41.0
1776884674.4371028,-4.0,-1.0,-47.0
1776884674.4471028,-3.0,-3.0,-54.0
1776884674.4571028,-1.0,-1.0,-44.0
1776884674.4671028,-2.0,-2.0,-43.0
1776884674.4771028,-4.0,-2.0,-40.0
1776884674.4871027,-5.0,-3.0,-46.0
1776884674.4971027,-3.0,0.0,-47.0
1776884674.5071027,-2.0,0.0,-50.0
1776884674.5171027,0.0,2.0,-48.0
1776884674.5271027,0.0,0.0,-49.0
1776884674.5371027,0.0,-2.0,-45.0
1776884674.5471027,1.0,-3.0,-49.0
1776884674.557103,2.0,-2.0,-48.0
1776884674.567103,5.0,0.0,-46.0
1776884674.577103,0.0,4.0,-42.0
1776884674.587103,3.0,0.0,-44.0
1776884674.5971026,3.0,0.0,-44.0
1776884674.6071026,1.0,-1.0,-47.0
1776884674.6171026,0.0,-4.0,-44.0
1776884674.6271029,-2.0,-4.0,-45.0
1776884674.6371028,0.0,-5.0,-48.0
1776884674.6471028,-2.0,-3.0,-51.0
1776884674.6571028,0.0,-4.0,-53.0
1776884674.6671028,1.0,0.0,-56.0
1776884674.6771028,3.0,-2.0,-53.0
1776884674.6871028,1.0,-4.0,-44.0
1776884674.6971028,4.0,-3.0,-41.0
1776884674.7071028,4.0,-5.0,-39.0
1776884674.7171028,4.0,-5.0,-36.0
1776884674.7271028,3.0,-4.0,-39.0
1776884674.7371027,2.0,-9.0,-45.0
1776884674.7471027,0.0,-10.0,-41.0
1776884674.7571027,-3.0,-10.0,-42.0
1776884674.7671027,-7.0,-9.0,-46.0
1776884674.7771027,-7.0,-10.0,-42.0
1776884674.7871027,-6.0,-8.0,-41.0
1776884674.7971027,-5.0,-4.0,-41.0
1776884674.807103,-5.0,-3.0,-39.0
1776884674.817103,-8.0,-4.0,-48.0
1776884674.827103,-1.0,-3.0,-43.0
1776884674.837103,-2.0,-3.0,-44.0
1776884674.8471026,0.0,0.0,-44.0
1776884674.8571026,-1.0,0.0,-49.0
1776884674.8671026,-3.0,0.0,-42.0
1776884674.8771029,-11.0,0.0,-49.0
1776884674.8871028,-10.0,-3.0,-49.0
1776884674.8971028,-9.0,-5.0,-52.0
1776884674.9071028,-9.0,0.0,-55.0
1776884674.9171028,-6.0,-3.0,-58.0
1776884674.9271028,-5.0,0.0,-55.0
1776884674.9371028,-5.0,-1.0,-46.0
1776884674.9471028,-3.0,0.0,-44.0
1776884674.9571028,-3.0,-1.0,-37.0
1776884674.9671028,-2.0,0.0,-34.0
1776884674.9771028,-1.0,-3.0,-38.0
1776884674.9871027,3.0,-2.0,-42.0
1776884674.9971027,3.0,0.0,-40.0
1776884675.0071027,3.0,-1.0,-47.0
1776884675.0171027,4.0,2.0,-46.0
1776884675.0271027,2.0,2.0,-48.0
1776884675.0381026,2.0,0.0,-47.0
1776884675.0481029,2.0,0.0,-42.0
1776884675.0581028,0.0,2.0,-42.0
1776884675.067103,-3.0,-1.0,-45.0
1776884675.0781028,-4.0,-4.0,-43.0
1776884675.0881028,1.0,-2.0,-53.0
1776884675.0981028,4.0,3.0,-48.0
1776884675.1081028,3.0,2.0,-49.0
1776884675.1181028,5.0,-2.0,-50.0
1776884675.1281028,6.0,-1.0,-49.0
1776884675.1381028,8.0,-1.0,-52.0
1776884675.1481028,10.0,-2.0,-46.0
1776884675.1581028,10.0,0.0,-45.0
1776884675.1681027,6.0,1.0,-44.0
1776884675.1781027,6.0,2.0,-47.0
1776884675.1881027,6.0,2.0,-53.0
1776884675.1981027,3.0,0.0,-51.0
1776884675.2081027,0.0,0.0,-43.0
1776884675.2181027,-1.0,0.0,-36.0
1776884675.2281027,-4.0,-7.0,-39.0
1776884675.238103,-5.0,-7.0,-42.0
1776884675.248103,-1.0,-7.0,-41.0
1776884675.258103,-1.0,-5.0,-45.0
1776884675.2681026,-4.0,-6.0,-44.0
1776884675.2781026,-1.0,-3.0,-47.0
1776884675.2881026,1.0,-2.0,-46.0
1776884675.2981029,6.0,-1.0,-53.0
1776884675.3081028,8.0,-2.0,-47.0
1776884675.3181028,5.0,-3.0,-42.0
1776884675.3281028,3.0,-3.0,-44.0
1776884675.3381028,7.0,0.0,-43.0
1776884675.3481028,9.0,3.0,-49.0
1776884675.3581028,6.0,-1.0,-53.0
1776884675.3681028,6.0,-2.0,-50.0
1776884675.3781028,3.0,0.0,-43.0
1776884675.3881028,0.0,1.0,-36.0
1776884675.3981028,1.0,2.0,-39.0
1776884675.4081028,2.0,0.0,-38.0
1776884675.4181027,2.0,0.0,-38.0
1776884675.4281027,1.0,1.0,-38.0
1776884675.4381027,4.0,1.0,-41.0
1776884675.4481027,1.0,-1.0,-36.0
1776884675.4581027,2.0,-2.0,-35.0
1776884675.4681027,0.0,0.0,-32.0
1776884675.4781027,0.0,-1.0,-36.0
1776884675.488103,1.0,-5.0,-35.0
1776884675.498103,1.0,-4.0,-39.0
1776884675.508103,0.0,0.0,-42.0
1776884675.5181026,1.0,-1.0,-48.0
1776884675.5281026,0.0,-3.0,-45.0
1776884675.5381026,-2.0,-3.0,-43.0
1776884675.5481029,0.0,-3.0,-39.0
1776884675.5581028,2.0,-3.0,-39.0
1776884675.5681028,3.0,0.0,-42.0
1776884675.5781028,0.0,0.0,-49.0
1776884675.5881028,-2.0,0.0,-48.0
1776884675.5981028,-5.0,0.0,-39.0
1776884675.6081028,-2.0,1.0,-36.0
1776884675.6181028,0.0,1.0,-39.0
1776884675.6281028,0.0,0.0,-37.0
1776884675.6381028,0.0,-3.0,-37.0
1776884675.6481028,-1.0,-6.0,-37.0
1776884675.6581028,-2.0,-4.0,-42.0
1776884675.6681027,-5.0,-5.0,-38.0
1776884675.6781027,-2.0,-3.0,-43.0
1776884675.6881027,-6.0,-5.0,-52.0
1776884675.6981027,-7.0,-2.0,-48.0
1776884675.7081027,-2.0,-1.0,-51.0
1776884675.7181027,-1.0,-3.0,-54.0
1776884675.7281027,-8.0,-4.0,-53.0
1776884675.738103,-1.0,-7.0,-45.0
1776884675.748103,-4.0,-5.0,-45.0
1776884675.758103,-3.0,-3.0,-53.0
1776884675.7681026,3.0,-3.0,-54.0
1776884675.7781026,0.0,-2.0,-51.0
1776884675.7881026,2.0,0.0,-45.0
1776884675.7981029,3.0,1.0,-40.0
1776884675.8081028,0.0,2.0,-41.0
1776884675.8181028,3.0,4.0,-42.0
1776884675.8281028,6.0,4.0,-34.0
1776884675.8381028,6.0,1.0,-45.0
1776884675.8481028,1.0,3.0,-45.0
1776884675.8581028,-2.0,0.0,-40.0
1776884675.8681028,0.0,2.0,-41.0
1776884675.8781028,4.0,2.0,-42.0
1776884675.8881028,5.0,3.0,-49.0
1776884675.8981028,5.0,1.0,-45.0
1776884675.9081028,5.0,3.0,-42.0
1776884675.9181027,4.0,4.0,-44.0
1776884675.9281027,10.0,2.0,-49.0
1776884675.9381027,13.0,0.0,-48.0
1776884675.9481027,8.0,-2.0,-46.0
1776884675.9581027,8.0,-4.0,-43.0
1776884675.9681027,10.0,-6.0,-44.0
1776884675.9781027,13.0,-4.0,-40.0
1776884675.988103,8.0,-5.0,-54.0
1776884675.998103,5.0,-5.0,-56.0
1776884676.008103,2.0,-6.0,-49.0
1776884676.0181026,1.0,-3.0,-50.0
1776884676.0281026,-2.0,-2.0,-49.0
1776884676.0381026,1.0,0.0,-45.0
1776884676.0481029,0.0,2.0,-42.0
1776884676.0581028,-1.0,1.0,-39.0
1776884676.0681028,0.0,0.0,-40.0
1776884676.0781028,0.0,0.0,-46.0
1776884676.0881028,0.0,1.0,-43.0
1776884676.0981028,4.0,1.0,-48.0
1776884676.1081028,1.0,-1.0,-52.0
1776884676.1181028,5.0,-2.0,-52.0
1776884676.1281028,7.0,0.0,-47.0
1776884676.1381028,2.0,1.0,-45.0
1776884676.1481028,7.0,2.0,-46.0
1776884676.1581028,5.0,1.0,-47.0
1776884676.1681027,10.0,1.0,-49.0
1776884676.1781027,8.0,1.0,-50.0
1776884676.1881027,8.0,1.0,-51.0
1776884676.1981027,6.0,2.0,-52.0
1776884676.2081027,5.0,-2.0,-52.0
1776884676.2181027,8.0,-6.0,-49.0
1776884676.2281027,0.0,-4.0,-49.0
1776884676.238103,-2.0,-1.0,-49.0
1776884676.248103,-1.0,2.0,-49.0
1776884676.258103,0.0,-2.0,-42.0
1776884676.2681026,0.0,-1.0,-35.0
1776884676.2781026,0.0,0.0,-32.0
1776884676.2881026,0.0,0.0,-30.0
1776884676.2981029,0.0,-3.0,-33.0
1776884676.3081028,-4.0,-1.0,-32.0
1776884676.3181028,-7.0,0.0,-36.0
1776884676.3281028,-7.0,0.0,-42.0
1776884676.3381028,-11.0,-4.0,-40.0
1776884676.3481028,-9.0,-4.0,-35.0
1776884676.3581028,-9.0,-3.0,-33.0
1776884676.3681028,-8.0,-4.0,-41.0
1776884676.3781028,-2.0,-8.0,-43.0
1776884676.3881028,0.0,-10.0,-46.0
1776884676.3981028,-3.0,-8.0,-46.0
1776884676.4081028,-3.0,-3.0,-43.0
1776884676.4181027,-5.0,-2.0,-46.0
1776884676.4281027,-1.0,3.0,-48.0
1776884676.4381027,0.0,0.0,-55.0
1776884676.4481027,0.0,2.0,-55.0
1776884676.4581027,-2.0,1.0,-49.0
1776884676.4681027,-1.0,0.0,-49.0
1776884676.4781027,-1.0,4.0,-45.0
1776884676.488103,-5.0,5.0,-40.0
1776884676.498103,-2.0,7.0,-40.0
1776884676.508103,2.0,0.0,-41.0
1776884676.5181026,1.0,0.0,-38.0
1776884676.5281026,-1.0,-1.0,-39.0
1776884676.5381026,-1.0,-1.0,-39.0
1776884676.5481029,-3.0,-3.0,-37.0
1776884676.5581028,2.0,-4.0,-36.0
1776884676.5681028,4.0,-6.0,-34.0
1776884676.5781028,3.0,0.0,-35.0
1776884676.5881028,3.0,-1.0,-38.0
1776884676.5981028,1.0,-2.0,-40.0
1776884676.6081028,0.0,-4.0,-38.0
1776884676.6181028,2.0,-6.0,-40.0
1776884676.6281028,0.0,-5.0,-41.0
1776884676.6381028,3.0,-8.0,-43.0
1776884676.6481028,0.0,-16.0,-48.0
1776884676.6581028,-2.0,-16.0,-53.0
1776884676.6681027,-1.0,-13.0,-55.0
1776884676.6781027,1.0,-9.0,-51.0
1776884676.6881027,3.0,-8.0,-52.0
1776884676.6981027,0.0,-5.0,-55.0
1776884676.7081027,0.0,-1.0,-59.0
1776884676.7181027,-2.0,-1.0,-54.0
1776884676.7281027,0.0,-1.0,-52.0
1776884676.738103,1.0,1.0,-46.0
1776884676.748103,-2.0,0.0,-51.0
1776884676.758103,0.0,0.0,-50.0
1776884676.7681026,-1.0,1.0,-51.0
1776884676.7781026,0.0,-3.0,-52.0
1776884676.7881026,-2.0,-2.0,-52.0
1776884676.7981029,1.0,1.0,-55.0
1776884676.8081028,1.0,2.0,-59.0
1776884676.8181028,2.0,4.0,-56.0
1776884676.8281028,7.0,8.0,-50.0
1776884676.8381028,4.0,8.0,-45.0
1776884676.8481028,3.0,7.0,-45.0
1776884676.8581028,0.0,3.0,-48.0
1776884676.8681028,6.0,-1.0,-48.0
1776884676.8781028,4.0,1.0,-43.0
1776884676.8881028,5.0,1.0,-49.0
1776884676.8981028,6.0,1.0,-50.0
1776884676.9081028,7.0,0.0,-47.0
1776884676.9181027,7.0,-3.0,-46.0
1776884676.9281027,6.0,-5.0,-45.0
1776884676.9381027,5.0,-9.0,-40.0
1776884676.9481027,2.0,-9.0,-41.0
1776884676.9581027,4.0,-9.0,-37.0
1776884676.9681027,4.0,-5.0,-45.0
1776884676.9781027,5.0,-9.0,-47.0
1776884676.988103,9.0,-8.0,-46.0
1776884676.998103,3.0,-9.0,-49.0
1776884677.0091028,2.0,-5.0,-54.0
1776884677.0191028,0.0,-5.0,-58.0
1776884677.0291028,4.0,-6.0,-63.0
1776884677.0391028,4.0,-3.0,-60.0
1776884677.0491028,5.0,-1.0,-57.0
1776884677.0591028,7.0,0.0,-51.0
1776884677.0691028,7.0,0.0,-53.0
1776884677.0791028,8.0,3.0,-53.0
1776884677.0891027,4.0,3.0,-53.0
1776884677.0991027,-1.0,0.0,-52.0
1776884677.1091027,0.0,-1.0,-51.0
1776884677.1191027,0.0,-2.0,-57.0
1776884677.1291027,2.0,0.0,-53.0
1776884677.1391027,2.0,0.0,-44.0
1776884677.1491027,0.0,2.0,-32.0
1776884677.159103,0.0,5.0,-32.0
1776884677.169103,3.0,1.0,-32.0
1776884677.179103,2.0,-3.0,-33.0
1776884677.1891026,5.0,-1.0,-31.0
1776884677.1991026,7.0,1.0,-37.0
1776884677.2091026,4.0,3.0,-37.0
1776884677.2191026,4.0,4.0,-45.0
1776884677.2291028,2.0,7.0,-48.0
1776884677.2391028,4.0,2.0,-45.0
1776884677.2491028,-1.0,0.0,-46.0
1776884677.2591028,-1.0,-7.0,-51.0
1776884677.2691028,-5.0,-6.0,-48.0
1776884677.2791028,-5.0,-4.0,-46.0
1776884677.2891028,-8.0,-8.0,-45.0
1776884677.2991028,-7.0,-3.0,-41.0
1776884677.3091028,-9.0,0.0,-42.0
1776884677.3191028,-9.0,-3.0,-42.0
1776884677.3291028,-10.0,-3.0,-43.0
1776884677.3391027,-13.0,-3.0,-43.0
1776884677.3491027,-8.0,-4.0,-44.0
1776884677.3591027,-5.0,-4.0,-46.0
1776884677.3691027,-5.0,-3.0,-46.0
1776884677.3791027,-2.0,0.0,-50.0
1776884677.3891027,-1.0,1.0,-47.0
1776884677.3991027,-2.0,1.0,-47.0
1776884677.409103,-6.0,3.0,-51.0
1776884677.419103,-8.0,6.0,-53.0
1776884677.429103,-6.0,3.0,-55.0
1776884677.4391026,-3.0,5.0,-54.0
1776884677.4491026,0.0,0.0,-52.0
1776884677.4591026,1.0,0.0,-55.0
1776884677.4691026,2.0,1.0,-55.0
1776884677.4791028,-3.0,2.0,-51.0
1776884677.4891028,-2.0,0.0,-56.0
1776884677.4991028,-3.0,-1.0,-52.0
1776884677.5091028,0.0,-3.0,-53.0
1776884677.5191028,0.0,-4.0,-57.0
1776884677.5291028,-1.0,-8.0,-56.0
1776884677.5391028,-6.0,-8.0,-55.0
1776884677.5491028,-2.0,-6.0,-53.0
1776884677.5591028,1.0,-5.0,-45.0
1776884677.5691028,0.0,-7.0,-43.0
1776884677.5791028,0.0,-5.0,-38.0
1776884677.5891027,3.0,-6.0,-46.0
1776884677.5991027,0.0,-2.0,-49.0
1776884677.6091027,-2.0,-3.0,-51.0
1776884677.6191027,-2.0,-2.0,-50.0
1776884677.6291027,-4.0,1.0,-47.0
1776884677.6391027,-1.0,-3.0,-42.0
1776884677.6491027,-2.0,-1.0,-41.0
1776884677.659103,-1.0,-5.0,-47.0
1776884677.669103,5.0,-7.0,-46.0
1776884677.679103,3.0,-5.0,-49.0
1776884677.6891026,4.0,-5.0,-47.0
1776884677.6991026,4.0,-5.0,-41.0
1776884677.7091026,0.0,-6.0,-41.0
1776884677.7191026,-6.0,-4.0,-45.0
1776884677.7291028,-4.0,-4.0,-47.0
1776884677.7391028,-3.0,-5.0,-47.0
1776884677.7491028,2.0,-6.0,-52.0
1776884677.7591028,3.0,-6.0,-47.0
1776884677.7691028,0.0,-2.0,-46.0
1776884677.7791028,-4.0,0.0,-50.0
1776884677.7891028,-3.0,-2.0,-51.0
1776884677.7991028,1.0,-7.0,-51.0
1776884677.8091028,1.0,-5.0,-59.0
1776884677.8191028,-1.0,-5.0,-59.0
1776884677.8291028,-1.0,-6.0,-57.0
1776884677.8391027,5.0,-2.0,-48.0
1776884677.8491027,2.0,-2.0,-44.0
1776884677.8591027,1.0,-3.0,-45.0
1776884677.8691027,1.0,-2.0,-50.0
1776884677.8791027,4.0,-1.0,-49.0
1776884677.8891027,8.0,-4.0,-47.0
1776884677.8991027,10.0,-3.0,-50.0
1776884677.909103,6.0,-8.0,-47.0
1776884677.919103,7.0,-9.0,-43.0
1776884677.929103,3.0,-7.0,-41.0
1776884677.9391026,2.0,-5.0,-43.0
1776884677.9491026,0.0,-5.0,-44.0
1776884677.9591026,-3.0,-6.0,-54.0
1776884677.9691026,1.0,-5.0,-55.0
1776884677.9791028,2.0,-7.0,-56.0
1776884677.9891028,-1.0,-7.0,-47.0
1776884677.9991028,2.0,-2.0,-45.0
1776884678.0091028,0.0,0.0,-38.0
1776884678.0191028,-3.0,-3.0,-37.0
1776884678.0291028,-6.0,-3.0,-39.0
1776884678.0391028,-5.0,-3.0,-38.0
1776884678.0491028,-6.0,-6.0,-40.0
1776884678.0591028,-7.0,-7.0,-43.0
1776884678.0691028,-4.0,-5.0,-41.0
1776884678.0791028,-6.0,-6.0,-45.0
1776884678.0891027,-10.0,-3.0,-43.0
1776884678.0991027,-8.0,1.0,-45.0
1776884678.1091027,-8.0,0.0,-43.0
1776884678.1191027,-9.0,0.0,-41.0
1776884678.1291027,-8.0,0.0,-31.0
1776884678.1391027,-6.0,0.0,-37.0
1776884678.1491027,-2.0,0.0,-38.0
1776884678.159103,-3.0,0.0,-39.0
1776884678.169103,-7.0,3.0,-46.0
1776884678.179103,-5.0,2.0,-48.0
1776884678.1891026,0.0,0.0,-45.0
1776884678.1991026,0.0,-5.0,-48.0
1776884678.2091026,-1.0,-1.0,-44.0
1776884678.2191026,0.0,-1.0,-49.0
1776884678.2291028,1.0,-3.0,-44.0
1776884678.2391028,3.0,-2.0,-48.0
1776884678.2491028,2.0,-2.0,-50.0
1776884678.2591028,0.0,-1.0,-57.0
1776884678.2691028,-4.0,-4.0,-49.0
1776884678.2791028,-4.0,-3.0,-44.0
1776884678.2891028,2.0,-4.0,-52.0
1776884678.2991028,0.0,-2.0,-47.0
1776884678.3091028,0.0,-5.0,-49.0
1776884678.3191028,0.0,-6.0,-48.0
1776884678.3291028,-3.0,-9.0,-43.0
1776884678.3391027,-4.0,-8.0,-44.0
1776884678.3491027,-6.0,-3.0,-51.0
1776884678.3591027,-5.0,-2.0,-47.0
1776884678.3691027,-4.0,0.0,-53.0
1776884678.3791027,0.0,1.0,-53.0
1776884678.3891027,4.0,2.0,-54.0
1776884678.3991027,0.0,1.0,-55.0
1776884678.409103,0.0,2.0,-56.0
1776884678.419103,0.0,-1.0,-54.0
1776884678.429103,0.0,1.0,-47.0
1776884678.4391026,0.0,0.0,-45.0
1776884678.4491026,3.0,0.0,-45.0
1776884678.4591026,3.0,0.0,-47.0
1776884678.4691026,5.0,0.0,-47.0
1776884678.4791028,-2.0,1.0,-58.0
1776884678.4891028,-1.0,2.0,-52.0
1776884678.4991028,-1.0,-1.0,-55.0
1776884678.5091028,0.0,-1.0,-54.0
1776884678.5191028,-1.0,-1.0,-51.0
1776884678.5291028,0.0,-4.0,-56.0
1776884678.5391028,-4.0,0.0,-52.0
1776884678.5491028,0.0,4.0,-51.0
1776884678.5591028,2.0,6.0,-43.0
1776884678.5691028,0.0,6.0,-50.0
1776884678.5791028,-4.0,8.0,-54.0
1776884678.5891027,-7.0,2.0,-52.0
1776884678.5991027,-4.0,3.0,-49.0
1776884678.6091027,-3.0,0.0,-50.0
1776884678.6191027,1.0,-3.0,-48.0
1776884678.6291027,-3.0,-2.0,-48.0
1776884678.6391027,-6.0,-5.0,-48.0
1776884678.6491027,-3.0,-9.0,-41.0
1776884678.659103,-5.0,-8.0,-43.0
1776884678.669103,-2.0,-5.0,-48.0
1776884678.679103,-2.0,-7.0,-52.0
1776884678.6891026,0.0,-6.0,-47.0
1776884678.6991026,-2.0,-2.0,-38.0
1776884678.7091026,-7.0,-4.0,-40.0
1776884678.7191026,0.0,-6.0,-38.0
1776884678.7291028,2.0,-3.0,-38.0
1776884678.7391028,3.0,0.0,-36.0
1776884678.7491028,0.0,0.0,-38.0
1776884678.7591028,5.0,1.0,-37.0
1776884678.7691028,3.0,1.0,-40.0
1776884678.7791028,3.0,5.0,-46.0
1776884678.7891028,0.0,3.0,-46.0
1776884678.7991028,-1.0,0.0,-47.0
1776884678.8091028,-2.0,-2.0,-47.0
1776884678.8191028,-4.0,-2.0,-49.0
1776884678.8291028,-4.0,-2.0,-51.0
1776884678.8391027,0.0,-3.0,-44.0
1776884678.8491027,0.0,1.0,-47.0
1776884678.8591027,-3.0,1.0,-50.0
1776884678.8691027,-3.0,0.0,-47.0
1776884678.8791027,-3.0,-2.0,-39.0
1776884678.8891027,2.0,-5.0,-40.0
1776884678.8991027,4.0,-3.0,-43.0
1776884678.909103,-1.0,-4.0,-43.0
1776884678.919103,-2.0,-1.0,-47.0
1776884678.929103,-1.0,1.0,-47.0
1776884678.9391026,0.0,6.0,-47.0
1776884678.9501028,-2.0,7.0,-51.0
1776884678.9591026,-4.0,7.0,-49.0
1776884678.9691026,-6.0,5.0,-54.0
1776884678.9801028,-8.0,6.0,-56.0
1776884678.9901028,-6.0,9.0,-50.0
1776884679.0001028,-9.0,3.0,-48.0
1776884679.0101027,-8.0,0.0,-53.0
1776884679.0201027,-9.0,0.0,-52.0
1776884679.0301027,-4.0,1.0,-51.0
1776884679.0401027,-4.0,-1.0,-47.0
1776884679.0501027,-6.0,-6.0,-47.0
1776884679.0601027,-7.0,-8.0,-47.0
1776884679.0701027,-9.0,-3.0,-46.0
1776884679.0801027,-9.0,4.0,-44.0
1776884679.090103,-5.0,4.0,-44.0
1776884679.100103,-8.0,2.0,-46.0
1776884679.110103,-10.0,2.0,-42.0
1776884679.1201026,-8.0,4.0,-37.0
1776884679.1301026,-7.0,8.0,-46.0
1776884679.1401026,-7.0,7.0,-44.0
1776884679.1501029,-7.0,1.0,-47.0
1776884679.1601028,-7.0,0.0,-52.0
1776884679.1701028,-6.0,0.0,-49.0
1776884679.1801028,-12.0,0.0,-50.0
1776884679.1901028,-9.0,2.0,-44.0
1776884679.2001028,-12.0,2.0,-44.0
1776884679.2101028,-10.0,6.0,-50.0
1776884679.2201028,-8.0,7.0,-56.0
1776884679.2301028,-7.0,4.0,-55.0
1776884679.2401028,-3.0,5.0,-54.0
1776884679.2501028,-3.0,6.0,-46.0
1776884679.2601027,-2.0,5.0,-44.0
1776884679.2701027,-1.0,4.0,-51.0
1776884679.2801027,3.0,0.0,-48.0
1776884679.2901027,2.0,-1.0,-49.0
1776884679.3001027,0.0,0.0,-54.0
1776884679.3101027,3.0,1.0,-50.0
1776884679.3201027,5.0,0.0,-53.0
1776884679.3301027,4.0,0.0,-50.0
1776884679.340103,4.0,-2.0,-47.0
1776884679.350103,0.0,-3.0,-48.0
1776884679.360103,0.0,-6.0,-46.0
1776884679.3701026,-2.0,-3.0,-47.0
1776884679.3801026,-1.0,-1.0,-49.0
1776884679.3901026,0.0,-2.0,-51.0
1776884679.4001029,0.0,0.0,-55.0
1776884679.4101028,1.0,-1.0,-57.0
1776884679.4201028,0.0,-1.0,-51.0
1776884679.4301028,-6.0,-4.0,-49.0
1776884679.4401028,1.0,-3.0,-55.0
1776884679.4501028,2.0,-3.0,-52.0
1776884679.4601028,5.0,-4.0,-55.0
1776884679.4701028,0.0,-1.0,-57.0
1776884679.4801028,2.0,-1.0,-54.0
1776884679.4901028,-1.0,-3.0,-47.0
1776884679.5001028,-2.0,-4.0,-42.0
1776884679.5101027,-4.0,-3.0,-43.0
1776884679.5201027,0.0,-2.0,-44.0
1776884679.5301027,2.0,-3.0,-39.0
1776884679.5401027,3.0,-5.0,-37.0
1776884679.5501027,2.0,-1.0,-36.0
1776884679.5601027,-3.0,1.0,-32.0
1776884679.5701027,-4.0,0.0,-39.0
1776884679.5801027,1.0,-2.0,-48.0
1776884679.590103,-1.0,-4.0,-50.0
1776884679.600103,-1.0,-5.0,-46.0
1776884679.610103,-5.0,-2.0,-38.0
1776884679.6201026,-5.0,-5.0,-38.0
1776884679.6301026,-4.0,-2.0,-38.0
1776884679.6401026,-3.0,-6.0,-37.0
1776884679.6501029,-1.0,-6.0,-41.0
1776884679.6601028,1.0,-5.0,-41.0
1776884679.6701028,0.0,-5.0,-46.0
1776884679.6801028,0.0,-3.0,-48.0
1776884679.6901028,0.0,-3.0,-47.0
1776884679.7001028,1.0,-3.0,-43.0
1776884679.7101028,1.0,-7.0,-38.0
1776884679.7201028,3.0,-3.0,-40.0
1776884679.7301028,3.0,-2.0,-43.0
1776884679.7401028,0.0,-5.0,-44.0
1776884679.7501028,0.0,-7.0,-45.0
1776884679.7601027,-1.0,-9.0,-40.0
1776884679.7701027,3.0,-8.0,-45.0
1776884679.7801027,4.0,-8.0,-38.0
1776884679.7901027,3.0,-7.0,-39.0
1776884679.8001027,0.0,-5.0,-39.0
1776884679.8101027,1.0,-2.0,-36.0
1776884679.8201027,0.0,0.0,-46.0
1776884679.8301027,3.0,0.0,-44.0
1776884679.840103,4.0,-2.0,-46.0
1776884679.850103,3.0,-4.0,-46.0
1776884679.860103,-1.0,0.0,-41.0
1776884679.8701026,2.0,-4.0,-37.0
1776884679.8801026,5.0,-5.0,-35.0
1776884679.8901026,6.0,-5.0,-41.0
1776884679.9001029,4.0,-5.0,-47.0
1776884679.9101028,3.0,-9.0,-36.0
1776884679.9201028,2.0,-12.0,-37.0
1776884679.9301028,0.0,-8.0,-35.0
1776884679.9401028,1.0,-6.0,-31.0
1776884679.9501028,2.0,-5.0,-40.0
1776884679.9601028,1.0,-4.0,-40.0
1776884679.9701028,0.0,0.0,-41.0
1776884679.9801028,0.0,0.0,-45.0
1776884679.9901028,0.0,-2.0,-43.0
1776884680.0001028,-3.0,-3.0,-48.0
1776884680.0101027,2.0,-3.0,-51.0
1776884680.0201027,2.0,0.0,-57.0
1776884680.0301027,5.0,1.0,-53.0
1776884680.0401027,1.0,3.0,-56.0
1776884680.0501027,5.0,4.0,-57.0
1776884680.0601027,12.0,5.0,-51.0
1776884680.0701027,10.0,6.0,-51.0
1776884680.0801027,5.0,9.0,-52.0
1776884680.090103,3.0,9.0,-53.0
1776884680.100103,4.0,7.0,-57.0
1776884680.110103,6.0,0.0,-55.0
1776884680.1201026,3.0,0.0,-47.0
1776884680.1301026,4.0,1.0,-43.0
1776884680.1401026,3.0,1.0,-40.0
1776884680.1501029,1.0,0.0,-37.0
1776884680.1601028,3.0,-1.0,-35.0
1776884680.1701028,6.0,-4.0,-36.0
1776884680.1801028,4.0,-3.0,-44.0
1776884680.1901028,6.0,-3.0,-37.0
1776884680.2001028,8.0,-1.0,-34.0
1776884680.2101028,3.0,-2.0,-40.0
1776884680.2201028,4.0,0.0,-43.0
1776884680.2301028,3.0,-4.0,-45.0
1776884680.2401028,0.0,-6.0,-43.0
1776884680.2511027,-1.0,-4.0,-49.0
1776884680.2601027,-3.0,-4.0,-45.0
1776884680.2701027,-4.0,-6.0,-48.0
1776884680.2801027,-3.0,-8.0,-51.0
1776884680.2901027,-2.0,-7.0,-45.0
1776884680.3001027,0.0,-6.0,-51.0
1776884680.3101027,1.0,-6.0,-46.0
1776884680.3201027,4.0,-2.0,-42.0
1776884680.3301027,4.0,-4.0,-38.0
1776884680.340103,7.0,-11.0,-37.0
1776884680.350103,9.0,-11.0,-39.0
1776884680.360103,4.0,-15.0,-45.0
1776884680.3701026,5.0,-13.0,-50.0
1776884680.3801026,8.0,-12.0,-51.0
1776884680.3901026,11.0,-10.0,-51.0
1776884680.4001029,9.0,-11.0,-52.0
1776884680.4101028,6.0,-7.0,-47.0
1776884680.4201028,2.0,-4.0,-43.0
1776884680.4301028,2.0,0.0,-48.0
1776884680.4401028,3.0,-2.0,-44.0
1776884680.4501028,3.0,1.0,-45.0
1776884680.4601028,5.0,0.0,-47.0
1776884680.4701028,12.0,0.0,-48.0
1776884680.4801028,7.0,1.0,-47.0
1776884680.4901028,1.0,-2.0,-45.0
1776884680.5001028,-1.0,-1.0,-43.0
1776884680.5101027,0.0,0.0,-45.0
1776884680.5201027,4.0,0.0,-50.0
1776884680.5301027,1.0,0.0,-44.0
1776884680.5401027,3.0,1.0,-44.0
1776884680.5501027,3.0,0.0,-39.0
1776884680.5601027,1.0,2.0,-40.0
1776884680.5701027,2.0,1.0,-43.0
1776884680.5801027,1.0,-3.0,-43.0
1776884680.590103,0.0,-5.0,-48.0
1776884680.600103,-6.0,-6.0,-55.0
1776884680.610103,-2.0,-2.0,-49.0
1776884680.6201026,-3.0,-2.0,-45.0
1776884680.6301026,-1.0,0.0,-44.0
1776884680.6401026,3.0,1.0,-41.0
1776884680.6501029,6.0,0.0,-43.0
1776884680.6601028,1.0,-1.0,-47.0
1776884680.6701028,0.0,-2.0,-47.0
1776884680.6801028,-3.0,-10.0,-43.0
1776884680.6901028,-7.0,-8.0,-40.0
1776884680.7001028,-10.0,-5.0,-41.0
1776884680.7101028,-12.0,-2.0,-36.0
1776884680.7201028,-6.0,-8.0,-35.0
1776884680.7301028,0.0,-9.0,-39.0
1776884680.7401028,0.0,-7.0,-46.0
1776884680.7501028,-1.0,-7.0,-51.0
1776884680.7601027,-3.0,-1.0,-54.0
1776884680.7701027,-4.0,0.0,-54.0
1776884680.7801027,-5.0,1.0,-48.0
1776884680.7901027,-4.0,-1.0,-46.0
1776884680.8001027,-4.0,-4.0,-45.0
1776884680.8101027,0.0,-2.0,-38.0
1776884680.8201027,0.0,-1.0,-44.0
1776884680.8301027,-1.0,-3.0,-45.0
1776884680.840103,0.0,-2.0,-42.0
1776884680.850103,2.0,0.0,-45.0
1776884680.860103,0.0,3.0,-47.0
1776884680.8701026,0.0,2.0,-50.0
1776884680.8801026,3.0,-1.0,-49.0
1776884680.8901026,0.0,-5.0,-50.0
1776884680.9001029,1.0,-3.0,-48.0
1776884680.9101028,8.0,-6.0,-50.0
1776884680.9211028,7.0,-2.0,-45.0
1776884680.9311028,2.0,0.0,-41.0
1776884680.9401028,0.0,-1.0,-50.0
1776884680.9501028,2.0,-1.0,-46.0
1776884680.9611027,2.0,0.0,-43.0
1776884680.9711027,0.0,0.0,-48.0
1776884680.9811027,2.0,-2.0,-48.0
1776884680.9911027,0.0,-6.0,-51.0
1776884681.0011027,-3.0,-2.0,-47.0
1776884681.011103,-6.0,0.0,-40.0
1776884681.021103,0.0,0.0,-41.0
1776884681.031103,0.0,0.0,-45.0
1776884681.0411026,1.0,-2.0,-49.0
1776884681.0511026,1.0,-2.0,-54.0
1776884681.0611026,-3.0,0.0,-57.0
1776884681.0711029,-1.0,-3.0,-56.0
1776884681.0811028,3.0,0.0,-56.0
1776884681.0911028,6.0,-1.0,-49.0
1776884681.1011028,7.0,1.0,-41.0
1776884681.1111028,5.0,2.0,-39.0
1776884681.1211028,5.0,-3.0,-45.0
1776884681.1311028,5.0,-4.0,-47.0
1776884681.1411028,5.0,-2.0,-39.0
1776884681.1511028,4.0,0.0,-44.0
1776884681.1611028,4.0,0.0,-54.0
1776884681.1711028,10.0,-1.0,-51.0
1776884681.1811028,7.0,2.0,-50.0
1776884681.1911027,4.0,2.0,-48.0
1776884681.2011027,0.0,1.0,-46.0
1776884681.2111027,-1.0,1.0,-43.0
1776884681.2211027,-7.0,-1.0,-40.0
1776884681.2311027,-9.0,1.0,-45.0
1776884681.2411027,-9.0,2.0,-53.0
1776884681.2511027,-5.0,0.0,-54.0
1776884681.261103,-4.0,-2.0,-50.0
1776884681.271103,-4.0,-2.0,-56.0
1776884681.281103,-3.0,-5.0,-55.0
1776884681.2911026,-1.0,-8.0,-51.0
1776884681.3011026,-4.0,-11.0,-51.0
1776884681.3111026,-4.0,-9.0,-51.0
1776884681.3211029,-2.0,-6.0,-46.0
1776884681.3311028,-3.0,-1.0,-50.0
1776884681.3411028,-4.0,-3.0,-46.0
1776884681.3511028,2.0,-4.0,-44.0
1776884681.3611028,-1.0,-6.0,-44.0
1776884681.3711028,-3.0,-4.0,-40.0
1776884681.3811028,0.0,0.0,-39.0
1776884681.3911028,1.0,-1.0,-40.0
1776884681.4011028,1.0,0.0,-41.0
1776884681.4111028,0.0,0.0,-35.0
1776884681.4211028,-2.0,-3.0,-38.0
1776884681.4311028,-1.0,-4.0,-46.0
1776884681.4411027,0.0,-9.0,-46.0
1776884681.4511027,-1.0,-9.0,-47.0
1776884681.4611027,-4.0,-5.0,-41.0
1776884681.4711027,-3.0,-3.0,-39.0
1776884681.4811027,1.0,-1.0,-39.0
1776884681.4911027,0.0,-3.0,-36.0
1776884681.5011027,0.0,-4.0,-41.0
1776884681.511103,3.0,-6.0,-41.0
1776884681.521103,5.0,-2.0,-41.0
1776884681.531103,0.0,1.0,-42.0
1776884681.5411026,-1.0,3.0,-40.0
1776884681.5511026,4.0,3.0,-38.0
1776884681.5611026,5.0,4.0,-39.0
1776884681.5711029,6.0,4.0,-42.0
1776884681.5811028,5.0,5.0,-42.0
1776884681.5911028,6.0,3.0,-43.0
1776884681.6011028,3.0,0.0,-41.0
1776884681.6111028,0.0,0.0,-44.0
1776884681.6211028,0.0,0.0,-46.0
1776884681.6311028,0.0,0.0,-41.0
1776884681.6411028,0.0,0.0,-40.0
1776884681.6511028,-2.0,1.0,-42.0
1776884681.6611028,-2.0,0.0,-48.0
1776884681.6711028,0.0,2.0,-45.0
1776884681.6811028,-4.0,2.0,-48.0
1776884681.6911027,-6.0,3.0,-47.0
1776884681.7011027,-4.0,5.0,-46.0
1776884681.7111027,-2.0,3.0,-44.0
1776884681.7211027,-2.0,4.0,-40.0
1776884681.7311027,1.0,0.0,-34.0
1776884681.7411027,5.0,1.0,-37.0
1776884681.7511027,9.0,0.0,-36.0
1776884681.761103,7.0,-2.0,-34.0
1776884681.771103,3.0,-2.0,-33.0
1776884681.781103,3.0,-1.0,-37.0
1776884681.7911026,1.0,-6.0,-42.0
1776884681.8011026,0.0,-5.0,-47.0
1776884681.8111026,-1.0,-6.0,-48.0
1776884681.8211029,-1.0,-7.0,-46.0
1776884681.8311028,1.0,-9.0,-41.0
1776884681.8411028,0.0,-7.0,-37.0
1776884681.8511028,0.0,-4.0,-33.0
1776884681.8611028,-1.0,-3.0,-33.0
1776884681.8711028,-1.0,-5.0,-30.0
1776884681.8811028,0.0,-6.0,-30.0
1776884681.8911028,1.0,-4.0,-31.0
1776884681.9011028,0.0,-3.0,-39.0
1776884681.9111028,-2.0,-5.0,-46.0
1776884681.9211028,0.0,-6.0,-49.0
1776884681.9311028,4.0,-4.0,-46.0
1776884681.9411027,6.0,-6.0,-45.0
1776884681.9511027,4.0,-4.0,-48.0
1776884681.9611027,6.0,-3.0,-43.0
1776884681.9711027,6.0,-1.0,-37.0
1776884681.9811027,2.0,-4.0,-38.0
1776884681.9911027,0.0,-6.0,-40.0
1776884682.0011027,-1.0,-6.0,-39.0
1776884682.011103,-3.0,-3.0,-44.0
1776884682.021103,-6.0,-1.0,-47.0
1776884682.031103,-2.0,-1.0,-42.0
1776884682.0411026,0.0,-3.0,-42.0
1776884682.0511026,1.0,-4.0,-45.0
1776884682.0611026,-2.0,-3.0,-50.0
1776884682.0711029,0.0,0.0,-46.0
1776884682.0811028,8.0,2.0,-49.0
1776884682.0911028,6.0,3.0,-43.0
1776884682.1011028,2.0,5.0,-38.0
1776884682.1111028,1.0,4.0,-34.0
1776884682.1211028,3.0,0.0,-29.0
1776884682.1311028,5.0,-3.0,-28.0
1776884682.1411028,0.0,-3.0,-34.0
1776884682.1511028,2.0,-4.0,-43.0
1776884682.1611028,9.0,-5.0,-40.0
1776884682.1711028,9.0,-4.0,-39.0
1776884682.1811028,8.0,-1.0,-35.0
1776884682.1911027,3.0,0.0,-32.0
1776884682.2011027,0.0,-1.0,-30.0
1776884682.2111027,-6.0,0.0,-27.0
1776884682.2211027,-3.0,1.0,-28.0
1776884682.2311027,-2.0,4.0,-38.0
1776884682.2411027,-1.0,3.0,-37.0
1776884682.2511027,1.0,2.0,-32.0
1776884682.261103,2.0,0.0,-37.0
1776884682.271103,0.0,-2.0,-37.0
1776884682.281103,0.0,-3.0,-38.0
1776884682.2911026,1.0,0.0,-44.0
1776884682.3011026,1.0,-1.0,-45.0
1776884682.3111026,1.0,-4.0,-54.0
1776884682.3211029,2.0,-3.0,-51.0
1776884682.3311028,4.0,-2.0,-42.0
1776884682.3411028,0.0,-1.0,-40.0
1776884682.3511028,3.0,-2.0,-45.0
1776884682.3611028,6.0,-3.0,-40.0
1776884682.3711028,7.0,-2.0,-38.0
1776884682.3811028,4.0,-5.0,-44.0
1776884682.3911028,-2.0,-4.0,-44.0
1776884682.4011028,-2.0,-5.0,-43.0
1776884682.4111028,3.0,-2.0,-49.0
1776884682.4211028,5.0,-4.0,-44.0
1776884682.4311028,2.0,0.0,-47.0
1776884682.4411027,0.0,2.0,-46.0
1776884682.4511027,-1.0,0.0,-45.0
1776884682.4611027,-4.0,-1.0,-48.0
1776884682.4711027,-2.0,-4.0,-47.0
1776884682.4811027,-1.0,-7.0,-48.0
1776884682.4911027,0.0,-9.0,-55.0
1776884682.5011027,3.0,-9.0,-55.0
1776884682.511103,0.0,-5.0,-48.0
1776884682.521103,-4.0,-5.0,-54.0
1776884682.531103,-3.0,-4.0,-55.0
1776884682.5411026,-1.0,-9.0,-59.0
1776884682.5511026,-3.0,-10.0,-60.0
1776884682.5611026,-2.0,-9.0,-53.0
1776884682.5711029,1.0,-9.0,-47.0
1776884682.5811028,1.0,-11.0,-49.0
1776884682.5911028,3.0,-11.0,-51.0
1776884682.6011028,0.0,-6.0,-52.0
1776884682.6111028,2.0,-4.0,-51.0
1776884682.6211028,6.0,-3.0,-46.0
1776884682.6311028,6.0,-1.0,-51.0
1776884682.6411028,7.0,1.0,-44.0
1776884682.6511028,10.0,0.0,-43.0
1776884682.6611028,9.0,0.0,-42.0
1776884682.6711028,12.0,-2.0,-43.0
1776884682.6811028,6.0,-5.0,-33.0
1776884682.6911027,4.0,-4.0,-31.0
1776884682.7011027,7.0,-3.0,-30.0
1776884682.7111027,6.0,-1.0,-39.0
1776884682.7211027,9.0,-7.0,-46.0
1776884682.7311027,13.0,-7.0,-52.0
1776884682.7411027,10.0,-7.0,-50.0
1776884682.7511027,11.0,-10.0,-50.0
1776884682.761103,10.0,-7.0,-45.0
1776884682.771103,2.0,-7.0,-47.0
1776884682.781103,3.0,-6.0,-42.0
1776884682.7911026,0.0,-4.0,-46.0
1776884682.8011026,0.0,0.0,-48.0
1776884682.8111026,-2.0,-1.0,-42.0
1776884682.8211029,-1.0,-5.0,-43.0
1776884682.8311028,-5.0,-6.0,-43.0
1776884682.8411028,-1.0,-6.0,-45.0
1776884682.8511028,0.0,-8.0,-46.0
1776884682.8611028,1.0,-4.0,-42.0
1776884682.8711028,4.0,0.0,-44.0
1776884682.8811028,8.0,3.0,-43.0
1776884682.8911028,3.0,2.0,-40.0
1776884682.9021027,6.0,1.0,-40.0
1776884682.9111028,5.0,1.0,-47.0
1776884682.9221027,1.0,0.0,-45.0
1776884682.932103,-1.0,-2.0,-42.0
1776884682.942103,4.0,-4.0,-52.0
1776884682.952103,1.0,-6.0,-52.0
1776884682.962103,0.0,-7.0,-52.0
1776884682.9721026,-2.0,-4.0,-45.0
1776884682.9821026,1.0,-4.0,-49.0
1776884682.9921026,2.0,-4.0,-51.0
1776884683.0021029,2.0,-2.0,-47.0
1776884683.0121028,1.0,0.0,-47.0
1776884683.0221028,2.0,-3.0,-48.0
1776884683.0321028,2.0,0.0,-49.0
1776884683.0421028,4.0,0.0,-52.0
1776884683.0521028,5.0,0.0,-47.0
1776884683.0621028,0.0,-1.0,-41.0
1776884683.0721028,2.0,0.0,-37.0
1776884683.0821028,3.0,-2.0,-43.0
1776884683.0921028,1.0,-4.0,-45.0
1776884683.1021028,11.0,0.0,-42.0
1776884683.1121027,10.0,1.0,-42.0
1776884683.1221027,5.0,3.0,-45.0
1776884683.1321027,4.0,4.0,-47.0
1776884683.1421027,5.0,7.0,-47.0
1776884683.1521027,7.0,4.0,-47.0
1776884683.1621027,4.0,2.0,-50.0
1776884683.1721027,2.0,0.0,-50.0
1776884683.182103,-3.0,-4.0,-56.0
1776884683.192103,-2.0,-4.0,-58.0
1776884683.202103,0.0,-6.0,-56.0
1776884683.212103,-3.0,-7.0,-53.0
1776884683.2221026,-6.0,-3.0,-52.0
1776884683.2321026,-9.0,-4.0,-48.0
1776884683.2421026,-6.0,-5.0,-48.0
1776884683.2521029,-6.0,-4.0,-44.0
1776884683.2621028,-6.0,0.0,-39.0
1776884683.2721028,-4.0,2.0,-36.0
1776884683.2821028,-4.0,0.0,-32.0
1776884683.2921028,-2.0,0.0,-37.0
1776884683.3021028,-3.0,-1.0,-49.0
1776884683.3121028,-3.0,0.0,-46.0
1776884683.3221028,0.0,0.0,-42.0
1776884683.3321028,5.0,1.0,-34.0
1776884683.3421028,1.0,0.0,-39.0
1776884683.3521028,2.0,2.0,-47.0
1776884683.3621027,4.0,-1.0,-44.0
1776884683.3721027,3.0,-4.0,-42.0
1776884683.3821027,5.0,-2.0,-44.0
1776884683.3921027,4.0,-1.0,-42.0
1776884683.4021027,0.0,0.0,-45.0
1776884683.4121027,3.0,0.0,-42.0
1776884683.4221027,1.0,-1.0,-43.0
1776884683.432103,-5.0,-2.0,-41.0
1776884683.442103,1.0,-1.0,-37.0
1776884683.452103,2.0,-1.0,-38.0
1776884683.462103,0.0,-3.0,-36.0
1776884683.4721026,0.0,-1.0,-38.0
1776884683.4821026,3.0,-1.0,-37.0
1776884683.4921026,9.0,-1.0,-41.0
1776884683.5021029,8.0,-3.0,-41.0
1776884683.5121028,4.0,-4.0,-46.0
1776884683.5221028,0.0,-5.0,-48.0
1776884683.5321028,5.0,-5.0,-50.0
1776884683.5421028,5.0,-6.0,-47.0
1776884683.5521028,8.0,-2.0,-46.0
1776884683.5621028,6.0,-1.0,-40.0
1776884683.5721028,6.0,0.0,-46.0
1776884683.5821028,9.0,2.0,-41.0
1776884683.5921028,7.0,2.0,-39.0
1776884683.6021028,7.0,5.0,-44.0
1776884683.6121027,8.0,6.0,-44.0
1776884683.6221027,6.0,4.0,-41.0
1776884683.6321027,1.0,5.0,-41.0
1776884683.6421027,-1.0,4.0,-44.0
1776884683.6521027,-3.0,1.0,-46.0
1776884683.6621027,-6.0,2.0,-39.0
1776884683.6721027,-4.0,4.0,-34.0
1776884683.682103,-4.0,0.0,-35.0
1776884683.692103,-1.0,-5.0,-39.0
1776884683.702103,0.0,-5.0,-38.0
1776884683.712103,1.0,-3.0,-43.0
1776884683.7221026,0.0,-2.0,-50.0
1776884683.7321026,3.0,-1.0,-51.0
1776884683.7421026,0.0,0.0,-56.0
1776884683.7521029,2.0,-4.0,-52.0
1776884683.7621028,5.0,-5.0,-53.0
1776884683.7721028,0.0,-7.0,-57.0
1776884683.7821028,1.0,-8.0,-58.0
1776884683.7921028,4.0,-3.0,-57.0
1776884683.8021028,5.0,-1.0,-55.0
1776884683.8121028,0.0,-2.0,-45.0
1776884683.8221028,-2.0,-2.0,-44.0
1776884683.8321028,-6.0,-5.0,-44.0
1776884683.8421028,-9.0,-6.0,-44.0
1776884683.8521028,-8.0,-8.0,-46.0
1776884683.8621027,-1.0,-7.0,-52.0
1776884683.8721027,-6.0,-3.0,-52.0
1776884683.8821027,-5.0,-4.0,-52.0
1776884683.8921027,-2.0,-2.0,-52.0
1776884683.9021027,-1.0,-2.0,-53.0
1776884683.9121027,3.0,0.0,-47.0
1776884683.9221027,0.0,-2.0,-40.0
1776884683.932103,-4.0,0.0,-41.0
1776884683.942103,-2.0,2.0,-43.0
1776884683.952103,0.0,2.0,-52.0
1776884683.962103,1.0,1.0,-51.0
1776884683.9721026,5.0,-3.0,-49.0
1776884683.9821026,5.0,-2.0,-49.0
1776884683.9921026,5.0,-2.0,-49.0
1776884684.0021029,1.0,-1.0,-50.0
1776884684.0121028,0.0,-1.0,-49.0
1776884684.0221028,2.0,-2.0,-47.0
1776884684.0321028,1.0,-1.0,-47.0
1776884684.0421028,3.0,-3.0,-51.0
1776884684.0521028,0.0,-9.0,-46.0
1776884684.0621028,0.0,-9.0,-46.0
1776884684.0721028,0.0,-4.0,-44.0
1776884684.0821028,-2.0,-4.0,-43.0
1776884684.0921028,-1.0,-3.0,-47.0
1776884684.1021028,-1.0,0.0,-34.0
1776884684.1121027,3.0,-1.0,-35.0
1776884684.1221027,1.0,3.0,-42.0
1776884684.1321027,0.0,6.0,-39.0
1776884684.1421027,-2.0,3.0,-49.0
1776884684.1521027,0.0,3.0,-53.0
1776884684.1621027,-3.0,-1.0,-51.0
1776884684.1721027,-3.0,-2.0,-58.0
1776884684.182103,-3.0,-2.0,-59.0
1776884684.192103,-3.0,-4.0,-57.0
1776884684.202103,2.0,-5.0,-50.0
1776884684.212103,3.0,-3.0,-53.0
1776884684.2221026,6.0,-1.0,-54.0
1776884684.2321026,4.0,-2.0,-53.0
1776884684.2421026,4.0,-5.0,-56.0
1776884684.2521029,7.0,-6.0,-50.0
1776884684.2621028,8.0,-7.0,-49.0
1776884684.2721028,11.0,-8.0,-52.0
1776884684.2821028,7.0,-8.0,-60.0
1776884684.2921028,2.0,-6.0,-52.0
1776884684.3021028,2.0,-6.0,-48.0
1776884684.3121028,2.0,-4.0,-50.0
1776884684.3221028,0.0,-3.0,-51.0
1776884684.3321028,-3.0,-4.0,-61.0
1776884684.3421028,-1.0,-1.0,-67.0
1776884684.3521028,5.0,1.0,-68.0
1776884684.3621027,5.0,1.0,-65.0
1776884684.3721027,3.0,1.0,-62.0
1776884684.3821027,2.0,2.0,-55.0
1776884684.3921027,2.0,1.0,-53.0
1776884684.4021027,10.0,1.0,-52.0
1776884684.4121027,10.0,2.0,-53.0
1776884684.4221027,8.0,2.0,-52.0
1776884684.432103,9.0,4.0,-54.0
1776884684.442103,9.0,1.0,-57.0
1776884684.452103,9.0,1.0,-50.0
1776884684.462103,5.0,0.0,-49.0
1776884684.4721026,2.0,1.0,-46.0
1776884684.4821026,5.0,-2.0,-48.0
1776884684.4921026,1.0,0.0,-49.0
1776884684.5021029,0.0,8.0,-59.0
1776884684.5121028,0.0,5.0,-60.0
1776884684.5221028,0.0,0.0,-53.0
1776884684.5321028,-3.0,-2.0,-50.0
1776884684.5421028,-4.0,-4.0,-51.0
1776884684.5521028,-1.0,-6.0,-49.0
1776884684.5621028,-1.0,-1.0,-46.0
1776884684.5721028,-5.0,-3.0,-51.0
1776884684.5821028,-5.0,-1.0,-47.0
1776884684.5921028,-5.0,2.0,-49.0
1776884684.6021028,-3.0,-2.0,-51.0
1776884684.6121027,-2.0,-2.0,-49.0
1776884684.6221027,-1.0,0.0,-49.0
1776884684.6321027,1.0,0.0,-53.0
1776884684.6421027,3.0,2.0,-49.0
1776884684.6521027,0.0,0.0,-54.0
1776884684.6621027,0.0,-1.0,-52.0
1776884684.6721027,1.0,0.0,-48.0
1776884684.682103,4.0,-1.0,-49.0
1776884684.692103,1.0,1.0,-44.0
1776884684.702103,0.0,0.0,-43.0
1776884684.712103,1.0,-3.0,-44.0
1776884684.7221026,-1.0,-4.0,-46.0
1776884684.7321026,0.0,-2.0,-46.0
1776884684.7421026,1.0,1.0,-46.0
1776884684.7521029,1.0,0.0,-43.0
1776884684.7621028,5.0,6.0,-49.0
1776884684.7721028,8.0,3.0,-48.0
1776884684.7821028,8.0,4.0,-53.0
1776884684.7921028,10.0,3.0,-54.0
1776884684.8021028,8.0,1.0,-55.0
1776884684.8121028,1.0,2.0,-53.0
1776884684.8221028,-1.0,1.0,-54.0
1776884684.8321028,0.0,-4.0,-52.0
1776884684.8421028,-3.0,-5.0,-46.0
1776884684.8531027,-2.0,-4.0,-45.0
1776884684.8621027,0.0,-4.0,-47.0
1776884684.873103,-1.0,-2.0,-39.0
1776884684.883103,0.0,-1.0,-40.0
1776884684.8931026,3.0,1.0,-47.0
1776884684.9031026,6.0,0.0,-47.0
1776884684.9131026,8.0,3.0,-46.0
1776884684.9231029,8.0,0.0,-41.0
1776884684.932103,5.0,-5.0,-41.0
1776884684.9431028,5.0,-8.0,-42.0
1776884684.9531028,3.0,-1.0,-46.0
1776884684.9631028,9.0,0.0,-46.0
1776884684.9731028,6.0,1.0,-38.0
1776884684.9831028,0.0,0.0,-35.0
1776884684.9931028,-2.0,1.0,-36.0
1776884685.0031028,-7.0,2.0,-43.0
1776884685.0131028,-3.0,0.0,-56.0
1776884685.0231028,-4.0,2.0,-58.0
1776884685.0331028,-3.0,2.0,-50.0
1776884685.0431027,1.0,1.0,-46.0
1776884685.0531027,-2.0,0.0,-41.0
1776884685.0641026,-3.0,-7.0,-42.0
1776884685.0731027,-2.0,-4.0,-46.0
1776884685.0831027,-2.0,-6.0,-46.0
1776884685.0931027,-4.0,-6.0,-43.0
1776884685.1031027,-4.0,-5.0,-43.0
1776884685.113103,-1.0,0.0,-47.0
1776884685.123103,-1.0,1.0,-49.0
1776884685.133103,-4.0,4.0,-48.0
1776884685.1431026,-4.0,4.0,-47.0
1776884685.1531026,-7.0,1.0,-42.0
1776884685.1631026,-8.0,0.0,-43.0
1776884685.1731029,-3.0,0.0,-48.0
1776884685.1831028,-5.0,-5.0,-43.0
1776884685.1931028,-5.0,-3.0,-43.0
1776884685.2031028,-4.0,-5.0,-44.0
1776884685.2131028,0.0,-6.0,-43.0
1776884685.2231028,-2.0,-1.0,-42.0
1776884685.2331028,-5.0,-1.0,-42.0
1776884685.2431028,-1.0,0.0,-41.0
1776884685.2531028,0.0,0.0,-47.0
1776884685.2631028,0.0,2.0,-47.0
1776884685.2731028,-4.0,0.0,-50.0
1776884685.2831028,-5.0,2.0,-51.0
1776884685.2931027,-9.0,1.0,-45.0
1776884685.3031027,-3.0,-1.0,-48.0
1776884685.3131027,1.0,-5.0,-52.0
1776884685.3231027,7.0,-3.0,-52.0
1776884685.3331027,11.0,-7.0,-55.0
1776884685.3431027,12.0,-7.0,-58.0
1776884685.3531027,8.0,0.0,-53.0
1776884685.363103,2.0,0.0,-49.0
1776884685.373103,1.0,-1.0,-53.0
1776884685.383103,0.0,0.0,-52.0
1776884685.3931026,4.0,0.0,-54.0
1776884685.4031026,8.0,2.0,-49.0
1776884685.4131026,3.0,5.0,-47.0
1776884685.4231029,5.0,0.0,-51.0
1776884685.4331028,6.0,0.0,-55.0
1776884685.4431028,1.0,0.0,-57.0
1776884685.4531028,0.0,0.0,-47.0
1776884685.4631028,0.0,6.0,-55.0
1776884685.4731028,-1.0,2.0,-50.0
1776884685.4831028,1.0,-1.0,-43.0
1776884685.4931028,2.0,-5.0,-43.0
1776884685.5031028,0.0,-8.0,-47.0
1776884685.5131028,-2.0,-4.0,-47.0
1776884685.5231028,-1.0,-4.0,-43.0
1776884685.5331028,3.0,-3.0,-35.0
1776884685.5431027,1.0,0.0,-38.0
1776884685.5531027,-1.0,-5.0,-40.0
1776884685.5631027,2.0,-2.0,-45.0
1776884685.5731027,6.0,1.0,-41.0
1776884685.5831027,7.0,0.0,-42.0
1776884685.5931027,7.0,-1.0,-46.0
1776884685.6031027,6.0,0.0,-45.0
1776884685.613103,6.0,3.0,-44.0
1776884685.623103,6.0,2.0,-38.0
1776884685.633103,2.0,0.0,-37.0
1776884685.6431026,-2.0,0.0,-36.0
1776884685.6531026,-5.0,0.0,-34.0
1776884685.6631026,-8.0,5.0,-33.0
1776884685.6731029,-7.0,3.0,-39.0
1776884685.6831028,-6.0,3.0,-45.0
1776884685.6931028,-5.0,3.0,-38.0
1776884685.7031028,-5.0,0.0,-37.0
1776884685.7131028,-1.0,0.0,-36.0
1776884685.7231028,-1.0,0.0,-33.0
1776884685.7331028,-2.0,1.0,-38.0
1776884685.7431028,-1.0,1.0,-45.0
1776884685.7531028,-1.0,-1.0,-51.0
1776884685.7631028,-1.0,0.0,-49.0
1776884685.7731028,-3.0,-1.0,-48.0
1776884685.7831028,-3.0,-1.0,-43.0
1776884685.7931027,-3.0,-1.0,-44.0
1776884685.8031027,1.0,-1.0,-45.0
1776884685.8131027,3.0,1.0,-44.0
1776884685.8231027,4.0,4.0,-45.0
1776884685.8331027,7.0,5.0,-42.0
1776884685.8431027,11.0,0.0,-46.0
1776884685.8531027,9.0,-3.0,-42.0
1776884685.863103,8.0,-4.0,-40.0
1776884685.873103,11.0,-2.0,-47.0
1776884685.883103,9.0,-1.0,-51.0
1776884685.8931026,3.0,0.0,-47.0
1776884685.9031026,8.0,-3.0,-50.0
1776884685.9131026,3.0,-8.0,-46.0
1776884685.9231029,4.0,-10.0,-44.0
1776884685.9331028,4.0,-9.0,-49.0
1776884685.9431028,4.0,-8.0,-46.0
1776884685.9531028,5.0,-2.0,-43.0
1776884685.9631028,2.0,0.0,-39.0
1776884685.9731028,1.0,-4.0,-42.0
1776884685.9831028,4.0,-3.0,-45.0
1776884685.9931028,2.0,-1.0,-43.0
1776884686.0031028,7.0,0.0,-45.0
1776884686.0131028,5.0,-1.0,-45.0
1776884686.0231028,2.0,0.0,-49.0
1776884686.0331028,3.0,-1.0,-45.0
1776884686.0431027,3.0,-7.0,-52.0
1776884686.0531027,0.0,-7.0,-48.0
1776884686.0631027,0.0,-7.0,-41.0
1776884686.0731027,1.0,-6.0,-39.0
1776884686.0831027,0.0,-5.0,-37.0
1776884686.0931027,-4.0,-3.0,-32.0
1776884686.1031027,0.0,-3.0,-33.0
1776884686.113103,3.0,-3.0,-38.0
1776884686.123103,3.0,0.0,-44.0
1776884686.133103,2.0,-2.0,-43.0
1776884686.1431026,-1.0,0.0,-41.0
1776884686.1531026,-3.0,0.0,-46.0
1776884686.1631026,-4.0,0.0,-44.0
1776884686.1731029,1.0,0.0,-35.0
1776884686.1831028,2.0,0.0,-38.0
1776884686.1931028,1.0,-2.0,-40.0
1776884686.2031028,0.0,-3.0,-43.0
1776884686.2131028,-1.0,0.0,-51.0
1776884686.2231028,0.0,0.0,-48.0
1776884686.2331028,3.0,-2.0,-42.0
1776884686.2431028,-2.0,-3.0,-41.0
1776884686.2531028,3.0,-4.0,-39.0
1776884686.2631028,0.0,0.0,-41.0
1776884686.2731028,1.0,0.0,-44.0
1776884686.2831028,1.0,0.0,-42.0
1776884686.2931027,0.0,-2.0,-48.0
1776884686.3031027,-1.0,-1.0,-47.0
1776884686.3131027,0.0,0.0,-40.0
1776884686.3231027,3.0,0.0,-40.0
1776884686.3331027,7.0,-2.0,-39.0
1776884686.3431027,7.0,-5.0,-38.0
1776884686.3531027,7.0,-4.0,-38.0
1776884686.363103,3.0,-3.0,-38.0
1776884686.373103,0.0,-1.0,-35.0
1776884686.383103,1.0,0.0,-38.0
1776884686.3931026,1.0,-5.0,-36.0
1776884686.4031026,-1.0,-5.0,-34.0
1776884686.4131026,0.0,-7.0,-35.0
1776884686.4231029,0.0,-4.0,-37.0
1776884686.4331028,-2.0,-4.0,-42.0
1776884686.4431028,-2.0,-3.0,-38.0
1776884686.4531028,0.0,-1.0,-35.0
1776884686.4631028,0.0,-2.0,-41.0
1776884686.4731028,3.0,-6.0,-40.0
1776884686.4831028,2.0,-2.0,-42.0
1776884686.4931028,1.0,-4.0,-43.0
1776884686.5031028,1.0,0.0,-42.0
1776884686.5131028,3.0,0.0,-42.0
1776884686.5231028,5.0,-1.0,-45.0
1776884686.5331028,5.0,0.0,-47.0
1776884686.5431027,0.0,-2.0,-46.0
1776884686.5531027,-1.0,-6.0,-43.0
1776884686.5631027,-1.0,-4.0,-45.0
1776884686.5731027,-1.0,-5.0,-49.0
1776884686.5831027,0.0,-10.0,-52.0
1776884686.5931027,1.0,-11.0,-46.0
1776884686.6031027,2.0,-9.0,-43.0
1776884686.613103,4.0,-7.0,-45.0
1776884686.623103,3.0,-7.0,-46.0
1776884686.633103,2.0,-6.0,-46.0
1776884686.6431026,1.0,-5.0,-49.0
1776884686.6531026,-3.0,-7.0,-55.0
1776884686.6631026,-2.0,-8.0,-57.0
1776884686.6731029,-1.0,-3.0,-54.0
1776884686.6831028,0.0,-3.0,-55.0
1776884686.6931028,4.0,-3.0,-58.0
1776884686.7031028,3.0,-2.0,-55.0
1776884686.7131028,2.0,-6.0,-51.0
1776884686.7231028,1.0,-3.0,-55.0
1776884686.7331028,0.0,-1.0,-51.0
1776884686.7431028,5.0,2.0,-43.0
1776884686.7531028,4.0,3.0,-44.0
1776884686.7631028,2.0,1.0,-50.0
1776884686.7731028,4.0,-2.0,-54.0
1776884686.7831028,2.0,-3.0,-53.0
1776884686.7931027,2.0,-2.0,-56.0
1776884686.8031027,0.0,-2.0,-51.0
1776884686.8131027,3.0,-3.0,-42.0
1776884686.8231027,-1.0,-2.0,-37.0
1776884686.8341026,2.0,-1.0,-38.0
1776884686.8441026,1.0,-2.0,-38.0
1776884686.8541028,0.0,0.0,-40.0
1776884686.8641028,0.0,6.0,-42.0
1776884686.8741028,0.0,5.0,-40.0
1776884686.8841028,4.0,2.0,-41.0
1776884686.8941028,2.0,5.0,-48.0
1776884686.9041028,4.0,0.0,-44.0
1776884686.9141028,4.0,-2.0,-48.0
1776884686.9241028,8.0,-5.0,-45.0
1776884686.9341028,5.0,-1.0,-41.0
1776884686.9441028,5.0,-1.0,-41.0
1776884686.9541028,2.0,-3.0,-43.0
1776884686.9641027,0.0,-6.0,-44.0
1776884686.9741027,0.0,-5.0,-46.0
1776884686.9841027,-1.0,-5.0,-53.0
1776884686.9941027,1.0,-5.0,-49.0
1776884687.0041027,0.0,-5.0,-49.0
1776884687.0141027,4.0,-3.0,-48.0
1776884687.0241027,8.0,-2.0,-41.0
1776884687.034103,8.0,-5.0,-43.0
1776884687.044103,5.0,-4.0,-51.0
1776884687.054103,2.0,-3.0,-51.0
1776884687.0641026,0.0,-5.0,-47.0
1776884687.0741026,0.0,-2.0,-42.0
1776884687.0841026,-2.0,-1.0,-48.0
1776884687.0941026,-3.0,-1.0,-45.0
1776884687.1041028,-2.0,0.0,-48.0
1776884687.1141028,2.0,2.0,-46.0
1776884687.1241028,-1.0,8.0,-40.0
1776884687.1341028,-7.0,8.0,-40.0
1776884687.1441028,-4.0,5.0,-37.0
1776884687.1541028,-4.0,4.0,-40.0
1776884687.1641028,0.0,0.0,-41.0
1776884687.1741028,1.0,-3.0,-41.0
1776884687.1841028,2.0,-1.0,-47.0
1776884687.1941028,0.0,-1.0,-53.0
1776884687.2041028,1.0,-4.0,-54.0
1776884687.2141027,-1.0,1.0,-50.0
1776884687.2241027,-2.0,0.0,-49.0
1776884687.2341027,0.0,1.0,-48.0
1776884687.2441027,-4.0,1.0,-41.0
1776884687.2541027,-3.0,2.0,-38.0
1776884687.2641027,2.0,4.0,-38.0
1776884687.2741027,5.0,3.0,-34.0
1776884687.284103,4.0,2.0,-32.0
1776884687.294103,2.0,0.0,-26.0
1776884687.304103,7.0,-1.0,-29.0
1776884687.3141026,2.0,-1.0,-39.0
1776884687.3241026,0.0,0.0,-40.0
1776884687.3341026,-5.0,0.0,-36.0
1776884687.3441026,-7.0,-2.0,-37.0
1776884687.3541028,-7.0,-5.0,-40.0
1776884687.3641028,-2.0,-6.0,-40.0
1776884687.3741028,0.0,-5.0,-42.0
1776884687.3841028,2.0,-2.0,-38.0
1776884687.3941028,-1.0,-2.0,-38.0
1776884687.4041028,-1.0,-2.0,-43.0
1776884687.4141028,-3.0,-2.0,-43.0
1776884687.4241028,-1.0,0.0,-46.0
1776884687.4341028,-2.0,0.0,-48.0
1776884687.4441028,-1.0,1.0,-48.0
1776884687.4541028,1.0,0.0,-52.0
1776884687.4641027,1.0,-3.0,-46.0
1776884687.4741027,3.0,-2.0,-45.0
1776884687.4841027,0.0,-5.0,-48.0
1776884687.4941027,1.0,-4.0,-52.0
1776884687.5041027,0.0,-5.0,-51.0
1776884687.5141027,-5.0,-4.0,-52.0
1776884687.5241027,-6.0,0.0,-55.0
1776884687.534103,-1.0,2.0,-56.0
1776884687.544103,-4.0,2.0,-50.0
1776884687.554103,-5.0,0.0,-53.0
1776884687.5641026,-5.0,-1.0,-54.0
1776884687.5741026,-1.0,0.0,-44.0
1776884687.5841026,1.0,-3.0,-51.0
1776884687.5941026,5.0,-4.0,-46.0
1776884687.6041028,6.0,-6.0,-43.0
1776884687.6141028,0.0,-7.0,-41.0
1776884687.6241028,0.0,-7.0,-40.0
1776884687.6341028,-3.0,-8.0,-44.0
1776884687.6441028,0.0,-8.0,-44.0
1776884687.6541028,1.0,-6.0,-54.0
1776884687.6641028,-1.0,-3.0,-52.0
1776884687.6741028,-1.0,-4.0,-50.0
1776884687.6841028,0.0,1.0,-44.0
1776884687.6941028,-5.0,4.0,-39.0
1776884687.7041028,-7.0,2.0,-33.0
1776884687.7141027,-8.0,0.0,-40.0
1776884687.7241027,-4.0,6.0,-43.0
1776884687.7341027,-2.0,3.0,-44.0
1776884687.7441027,0.0,0.0,-45.0
1776884687.7541027,0.0,-2.0,-52.0
1776884687.7641027,0.0,-4.0,-54.0
1776884687.7741027,1.0,-4.0,-53.0
1776884687.784103,4.0,1.0,-55.0
1776884687.794103,5.0,2.0,-55.0
1776884687.804103,4.0,2.0,-57.0
1776884687.8141026,2.0,0.0,-54.0
1776884687.8241026,3.0,-4.0,-53.0
1776884687.8341026,2.0,-5.0,-48.0
1776884687.8441026,6.0,-5.0,-52.0
1776884687.8541028,2.0,-7.0,-56.0
1776884687.8641028,2.0,-12.0,-52.0
1776884687.8741028,2.0,-13.0,-49.0
1776884687.8841028,0.0,-11.0,-47.0
1776884687.8941028,5.0,-10.0,-41.0
1776884687.9041028,2.0,-8.0,-40.0
1776884687.9141028,0.0,-7.0,-44.0
1776884687.9241028,0.0,-5.0,-48.0
1776884687.9341028,0.0,-7.0,-44.0
1776884687.9441028,-5.0,-5.0,-50.0
1776884687.9541028,-3.0,-4.0,-49.0
1776884687.9641027,0.0,-5.0,-48.0
1776884687.9741027,0.0,-6.0,-47.0
1776884687.9841027,0.0,-7.0,-44.0
1776884687.9941027,0.0,-7.0,-53.0
1776884688.0041027,2.0,-8.0,-55.0
1776884688.0141027,0.0,-4.0,-50.0
1776884688.0241027,1.0,-4.0,-42.0
1776884688.034103,-4.0,-2.0,-41.0
1776884688.044103,-2.0,0.0,-39.0
1776884688.054103,-4.0,-2.0,-39.0
1776884688.0641026,-5.0,-1.0,-38.0
1776884688.0741026,-1.0,-4.0,-40.0
1776884688.0841026,-1.0,-3.0,-44.0
1776884688.0941026,4.0,-3.0,-41.0
1776884688.1041028,2.0,-3.0,-39.0
1776884688.1141028,1.0,-5.0,-39.0
1776884688.1241028,4.0,-3.0,-47.0
1776884688.1341028,0.0,-2.0,-50.0
1776884688.1441028,-6.0,-5.0,-54.0
1776884688.1541028,-5.0,-2.0,-56.0
1776884688.1641028,-5.0,-2.0,-49.0
1776884688.1741028,-7.0,-6.0,-47.0
1776884688.1841028,-3.0,-6.0,-49.0
1776884688.1941028,0.0,-5.0,-55.0
1776884688.2041028,0.0,-7.0,-51.0
1776884688.2141027,0.0,-6.0,-51.0
1776884688.2241027,0.0,-3.0,-46.0
1776884688.2341027,-5.0,-2.0,-44.0
1776884688.2441027,-7.0,-2.0,-47.0
1776884688.2541027,-10.0,-4.0,-41.0
1776884688.2641027,-8.0,0.0,-40.0
1776884688.2741027,-8.0,2.0,-41.0
1776884688.284103,-10.0,3.0,-44.0
1776884688.294103,-7.0,8.0,-48.0
1776884688.304103,-5.0,4.0,-49.0
1776884688.3141026,-5.0,3.0,-58.0
1776884688.3241026,-10.0,0.0,-58.0
1776884688.3341026,-8.0,0.0,-57.0
1776884688.3441026,-2.0,-3.0,-51.0
1776884688.3541028,0.0,-5.0,-50.0
1776884688.3641028,-3.0,-2.0,-50.0
1776884688.3741028,0.0,-1.0,-50.0
1776884688.3841028,0.0,-7.0,-50.0
1776884688.3941028,0.0,-6.0,-57.0
1776884688.4041028,-5.0,-3.0,-56.0
1776884688.4141028,-2.0,0.0,-55.0
1776884688.4241028,-3.0,-5.0,-54.0
1776884688.4341028,0.0,-5.0,-54.0
1776884688.4441028,2.0,-5.0,-53.0
1776884688.4541028,7.0,-4.0,-48.0
1776884688.4641027,5.0,-3.0,-51.0
1776884688.4741027,9.0,-5.0,-44.0
1776884688.4841027,11.0,-1.0,-49.0
1776884688.4941027,5.0,0.0,-50.0
1776884688.5041027,4.0,-2.0,-46.0
1776884688.5141027,8.0,-2.0,-42.0
1776884688.5241027,8.0,2.0,-42.0
1776884688.534103,7.0,0.0,-43.0
1776884688.544103,1.0,0.0,-39.0
1776884688.554103,3.0,0.0,-44.0
1776884688.5641026,2.0,0.0,-48.0
1776884688.5741026,6.0,-3.0,-53.0
1776884688.5841026,4.0,-1.0,-58.0
1776884688.5941026,4.0,0.0,-52.0
1776884688.6041028,4.0,-3.0,-51.0
1776884688.6141028,3.0,1.0,-53.0
1776884688.6241028,0.0,2.0,-48.0
1776884688.6341028,1.0,-1.0,-53.0
1776884688.6441028,2.0,-2.0,-46.0
1776884688.6541028,0.0,-3.0,-48.0
1776884688.6641028,0.0,0.0,-48.0
1776884688.6741028,0.0,-5.0,-49.0
1776884688.6841028,0.0,-7.0,-46.0
1776884688.6941028,0.0,-6.0,-41.0
1776884688.7041028,1.0,-3.0,-47.0
1776884688.7141027,-2.0,0.0,-43.0
1776884688.7241027,0.0,0.0,-41.0
1776884688.7341027,-1.0,1.0,-42.0
1776884688.7441027,0.0,0.0,-40.0
1776884688.7541027,1.0,-1.0,-41.0
1776884688.7641027,0.0,0.0,-46.0
1776884688.7741027,3.0,0.0,-44.0
1776884688.784103,8.0,-1.0,-43.0
1776884688.794103,4.0,-3.0,-42.0
1776884688.804103,4.0,-2.0,-49.0
1776884688.8151028,9.0,-5.0,-48.0
1776884688.8241026,7.0,-2.0,-55.0
1776884688.8351028,6.0,0.0,-61.0
1776884688.8451028,5.0,-4.0,-56.0
1776884688.8551028,3.0,0.0,-57.0
1776884688.8651028,2.0,3.0,-50.0
1776884688.8751028,3.0,3.0,-49.0
1776884688.8851027,5.0,4.0,-43.0
1776884688.8951027,6.0,3.0,-41.0
1776884688.9051027,3.0,-1.0,-41.0
1776884688.9151027,1.0,-8.0,-43.0
1776884688.9251027,1.0,-7.0,-50.0
1776884688.9351027,0.0,-7.0,-51.0
1776884688.9451027,4.0,-6.0,-45.0
1776884688.9551027,1.0,0.0,-41.0
1776884688.965103,3.0,0.0,-43.0
1776884688.975103,1.0,0.0,-39.0
1776884688.985103,-5.0,-1.0,-36.0
1776884688.9951026,-4.0,-2.0,-36.0
1776884689.0051026,1.0,-3.0,-38.0
1776884689.0151026,2.0,-6.0,-42.0
1776884689.0251029,-4.0,0.0,-47.0
1776884689.0351028,-4.0,-4.0,-42.0
1776884689.0451028,-4.0,-3.0,-50.0
1776884689.0551028,-2.0,-5.0,-51.0
1776884689.0651028,-1.0,-7.0,-48.0
1776884689.0751028,-1.0,-5.0,-50.0
1776884689.0851028,3.0,-3.0,-46.0
1776884689.0951028,4.0,-3.0,-46.0
1776884689.1051028,5.0,-1.0,-44.0
1776884689.1151028,0.0,-1.0,-46.0
1776884689.1251028,0.0,-3.0,-46.0
1776884689.1351027,3.0,-5.0,-49.0
1776884689.1451027,3.0,-7.0,-46.0
1776884689.1551027,0.0,-8.0,-45.0
1776884689.1651027,-3.0,-6.0,-43.0
1776884689.1751027,-2.0,-5.0,-38.0
1776884689.1851027,0.0,-6.0,-39.0
1776884689.1951027,1.0,-4.0,-44.0
1776884689.2051027,2.0,-4.0,-47.0
1776884689.215103,6.0,-7.0,-43.0
1776884689.225103,1.0,-8.0,-38.0
1776884689.235103,0.0,-6.0,-41.0
1776884689.2451026,-4.0,-3.0,-55.0
1776884689.2551026,-3.0,-5.0,-56.0
1776884689.2651026,4.0,-6.0,-55.0
1776884689.2751029,3.0,-3.0,-57.0
1776884689.2851028,-1.0,-3.0,-57.0
1776884689.2951028,-2.0,-5.0,-51.0
1776884689.3051028,0.0,-7.0,-52.0
1776884689.3151028,1.0,-7.0,-48.0
1776884689.3251028,3.0,-4.0,-41.0
1776884689.3351028,4.0,-5.0,-41.0
1776884689.3451028,-1.0,-3.0,-48.0
1776884689.3551028,-4.0,-4.0,-47.0
1776884689.3651028,-6.0,-8.0,-40.0
1776884689.3751028,-5.0,0.0,-40.0
1776884689.3851027,-4.0,-1.0,-37.0
1776884689.3951027,-4.0,-1.0,-40.0
1776884689.4051027,-3.0,-2.0,-47.0
1776884689.4151027,-2.0,-2.0,-47.0
1776884689.4251027,-3.0,0.0,-51.0
1776884689.4351027,-1.0,-5.0,-51.0
1776884689.4451027,-2.0,-4.0,-54.0
1776884689.4551027,-2.0,-5.0,-58.0
1776884689.465103,-2.0,-4.0,-52.0
1776884689.475103,-1.0,-2.0,-50.0
1776884689.485103,0.0,0.0,-47.0
1776884689.4951026,-2.0,1.0,-44.0
1776884689.5051026,-3.0,2.0,-36.0
1776884689.5151026,-5.0,2.0,-36.0
1776884689.5251029,-5.0,0.0,-37.0
1776884689.5351028,-4.0,-2.0,-44.0
1776884689.5451028,0.0,-1.0,-45.0
1776884689.5551028,1.0,0.0,-44.0
1776884689.5651028,5.0,0.0,-43.0
1776884689.5751028,8.0,-4.0,-47.0
1776884689.5851028,6.0,0.0,-47.0
1776884689.5951028,7.0,4.0,-44.0
1776884689.6051028,8.0,3.0,-44.0
1776884689.6151028,9.0,-1.0,-47.0
1776884689.6251028,6.0,-3.0,-44.0
1776884689.6351027,6.0,-6.0,-39.0
1776884689.6451027,4.0,-8.0,-40.0
1776884689.6551027,4.0,-3.0,-36.0
1776884689.6651027,5.0,-3.0,-35.0
1776884689.6751027,7.0,0.0,-36.0
1776884689.6851027,8.0,3.0,-39.0
1776884689.6951027,8.0,3.0,-41.0
1776884689.7051027,5.0,1.0,-44.0
1776884689.715103,4.0,4.0,-43.0
1776884689.725103,4.0,1.0,-45.0
1776884689.735103,6.0,2.0,-55.0
1776884689.7451026,2.0,2.0,-58.0
1776884689.7551026,0.0,-1.0,-54.0
1776884689.7651026,1.0,-2.0,-55.0
1776884689.7751029,0.0,-2.0,-54.0
1776884689.7851028,1.0,-3.0,-54.0
1776884689.7951028,5.0,-5.0,-52.0
1776884689.8051028,6.0,-2.0,-44.0
1776884689.8151028,3.0,-1.0,-39.0
1776884689.8251028,1.0,1.0,-46.0
1776884689.8351028,2.0,-3.0,-38.0
1776884689.8451028,0.0,0.0,-38.0
1776884689.8551028,0.0,5.0,-38.0
1776884689.8651028,0.0,4.0,-39.0
1776884689.8751028,-1.0,1.0,-42.0
1776884689.8851027,-1.0,-3.0,-37.0
1776884689.8951027,-4.0,-1.0,-40.0
1776884689.9051027,-5.0,-4.0,-44.0
1776884689.9151027,-1.0,-1.0,-54.0
1776884689.9251027,-3.0,-3.0,-51.0
1776884689.9351027,-5.0,0.0,-53.0
1776884689.9451027,-5.0,-4.0,-48.0
1776884689.9551027,0.0,-6.0,-48.0
1776884689.965103,0.0,-2.0,-46.0
1776884689.975103,-1.0,0.0,-47.0
1776884689.985103,1.0,-2.0,-48.0
1776884689.9951026,4.0,0.0,-47.0
1776884690.0051026,0.0,-1.0,-51.0
1776884690.0151026,0.0,0.0,-53.0
1776884690.0251029,-1.0,2.0,-56.0
1776884690.0351028,-2.0,1.0,-53.0
1776884690.0451028,0.0,2.0,-47.0
1776884690.0551028,1.0,0.0,-50.0
1776884690.0651028,5.0,3.0,-48.0
1776884690.0751028,3.0,1.0,-46.0
1776884690.0851028,4.0,0.0,-51.0
1776884690.0951028,0.0,0.0,-54.0
1776884690.1051028,4.0,-3.0,-56.0
1776884690.1151028,4.0,-1.0,-53.0
1776884690.1251028,3.0,-2.0,-53.0
1776884690.1351027,4.0,-2.0,-52.0
1776884690.1451027,1.0,0.0,-49.0
1776884690.1551027,0.0,1.0,-47.0
1776884690.1651027,0.0,0.0,-56.0
1776884690.1751027,-1.0,-3.0,-54.0
1776884690.1851027,0.0,-2.0,-55.0
1776884690.1951027,4.0,-2.0,-54.0
1776884690.2051027,3.0,-2.0,-51.0
1776884690.215103,5.0,-2.0,-56.0
1776884690.225103,7.0,-3.0,-52.0
1776884690.235103,8.0,-4.0,-48.0
1776884690.2451026,11.0,-2.0,-49.0
1776884690.2551026,6.0,-5.0,-48.0
1776884690.2651026,5.0,-5.0,-43.0
1776884690.2751029,1.0,-2.0,-45.0
1776884690.2851028,0.0,-1.0,-40.0
1776884690.2951028,-3.0,-2.0,-44.0
1776884690.3051028,1.0,-2.0,-48.0
1776884690.3151028,6.0,-9.0,-42.0
1776884690.3251028,7.0,-7.0,-44.0
1776884690.3351028,10.0,-5.0,-51.0
1776884690.3451028,10.0,-6.0,-48.0
1776884690.3551028,10.0,-4.0,-49.0
1776884690.3651028,6.0,-3.0,-50.0
1776884690.3751028,3.0,-4.0,-51.0
1776884690.3851027,0.0,-4.0,-51.0
1776884690.3951027,0.0,-3.0,-52.0
1776884690.4051027,-2.0,-4.0,-53.0
1776884690.4151027,-4.0,-4.0,-52.0
1776884690.4251027,-3.0,-5.0,-48.0
1776884690.4351027,-1.0,-5.0,-47.0
1776884690.4451027,-3.0,-2.0,-43.0
1776884690.4551027,-4.0,-1.0,-36.0
1776884690.465103,-2.0,-2.0,-38.0
1776884690.475103,-2.0,1.0,-43.0
1776884690.485103,-1.0,2.0,-35.0
1776884690.4951026,0.0,4.0,-38.0
1776884690.5051026,2.0,5.0,-42.0
1776884690.5151026,1.0,1.0,-43.0
1776884690.5251029,3.0,2.0,-36.0
1776884690.5351028,2.0,0.0,-33.0
1776884690.5451028,0.0,-1.0,-38.0
1776884690.5551028,3.0,-6.0,-45.0
1776884690.5651028,1.0,-2.0,-49.0
1776884690.5751028,-1.0,1.0,-50.0
1776884690.5851028,1.0,5.0,-47.0
1776884690.5951028,4.0,3.0,-42.0
1776884690.6051028,-1.0,4.0,-46.0
1776884690.6151028,0.0,3.0,-38.0
1776884690.6251028,0.0,2.0,-38.0
1776884690.6351027,-1.0,6.0,-46.0
1776884690.6451027,3.0,3.0,-51.0
1776884690.6551027,4.0,4.0,-54.0
1776884690.6651027,2.0,-1.0,-49.0
1776884690.6751027,4.0,-4.0,-47.0
1776884690.6851027,4.0,-9.0,-44.0
1776884690.6951027,1.0,-5.0,-42.0
1776884690.7051027,3.0,-7.0,-43.0
1776884690.715103,-1.0,-6.0,-40.0
1776884690.725103,2.0,-5.0,-47.0
1776884690.735103,3.0,0.0,-47.0
1776884690.7451026,2.0,1.0,-47.0
1776884690.7551026,3.0,2.0,-50.0
1776884690.7651026,3.0,3.0,-49.0
1776884690.7751029,2.0,0.0,-46.0
1776884690.7851028,0.0,1.0,-49.0
1776884690.7961028,0.0,0.0,-56.0
1776884690.8051028,1.0,1.0,-54.0
1776884690.8161027,2.0,0.0,-52.0
1776884690.8261027,4.0,-2.0,-46.0
1776884690.8361027,0.0,0.0,-46.0
1776884690.8461027,-1.0,-1.0,-45.0
1776884690.8561027,-1.0,-3.0,-48.0
1776884690.8661027,0.0,-6.0,-46.0
1776884690.8761027,1.0,-3.0,-43.0
1776884690.886103,0.0,-2.0,-44.0
1776884690.896103,2.0,-3.0,-45.0
1776884690.906103,-3.0,-2.0,-39.0
1776884690.9161026,-1.0,-1.0,-36.0
1776884690.9261026,-2.0,3.0,-39.0
1776884690.9361026,-1.0,-1.0,-38.0
1776884690.9461029,0.0,-3.0,-40.0
1776884690.9561028,0.0,-3.0,-46.0
1776884690.9661028,-3.0,-7.0,-54.0
1776884690.9761028,-5.0,-6.0,-56.0
1776884690.9861028,-2.0,-9.0,-48.0
1776884690.9961028,-2.0,-8.0,-49.0
1776884691.0061028,2.0,-8.0,-49.0
1776884691.0161028,2.0,-4.0,-47.0
1776884691.0261028,0.0,-1.0,-46.0
1776884691.0361028,-2.0,-6.0,-42.0
1776884691.0461028,-1.0,-10.0,-48.0
1776884691.0561028,-3.0,-8.0,-45.0
1776884691.0661027,-8.0,-7.0,-45.0
1776884691.0761027,-5.0,-5.0,-48.0
1776884691.0861027,-2.0,-5.0,-53.0
1776884691.0961027,-2.0,-5.0,-54.0
1776884691.1061027,-1.0,-3.0,-44.0
1776884691.1161027,0.0,-1.0,-45.0
1776884691.1261027,-2.0,-2.0,-44.0
1776884691.136103,0.0,-4.0,-37.0
1776884691.146103,2.0,-5.0,-46.0
1776884691.156103,4.0,-4.0,-44.0
1776884691.1661026,4.0,-4.0,-42.0
1776884691.1761026,0.0,-6.0,-40.0
1776884691.1861026,0.0,-4.0,-42.0
1776884691.1961029,-2.0,-8.0,-45.0
1776884691.2061028,0.0,-7.0,-46.0
1776884691.2161028,4.0,-10.0,-45.0
1776884691.2261028,4.0,-11.0,-48.0
1776884691.2361028,6.0,-12.0,-50.0
1776884691.2461028,8.0,-8.0,-47.0
1776884691.2561028,10.0,-8.0,-42.0
1776884691.2661028,8.0,-7.0,-38.0
1776884691.2761028,4.0,-7.0,-46.0
1776884691.2861028,7.0,-7.0,-50.0
1776884691.2961028,1.0,-11.0,-46.0
1776884691.3061028,-1.0,-9.0,-46.0
1776884691.3161027,0.0,-6.0,-48.0
1776884691.3261027,-1.0,-5.0,-49.0
1776884691.3361027,-4.0,-7.0,-48.0
1776884691.3461027,-3.0,-3.0,-54.0
1776884691.3561027,-4.0,-3.0,-56.0
1776884691.3661027,-6.0,-3.0,-53.0
1776884691.3761027,0.0,-2.0,-55.0
1776884691.386103,2.0,0.0,-54.0
1776884691.396103,2.0,1.0,-52.0
1776884691.406103,3.0,3.0,-53.0
1776884691.4161026,2.0,4.0,-54.0
1776884691.4261026,1.0,-1.0,-45.0
1776884691.4361026,0.0,0.0,-41.0
1776884691.4461029,-1.0,-4.0,-45.0
1776884691.4561028,1.0,-5.0,-44.0
1776884691.4661028,0.0,-1.0,-44.0
1776884691.4761028,3.0,1.0,-48.0
1776884691.4861028,5.0,-3.0,-48.0
1776884691.4961028,6.0,-4.0,-42.0
1776884691.5061028,2.0,-7.0,-43.0
1776884691.5161028,5.0,-6.0,-45.0
1776884691.5261028,3.0,-9.0,-45.0
1776884691.5361028,0.0,-5.0,-51.0
1776884691.5461028,0.0,-6.0,-54.0
1776884691.5561028,-1.0,-5.0,-50.0
1776884691.5661027,2.0,-1.0,-47.0
1776884691.5761027,2.0,-2.0,-58.0
1776884691.5861027,5.0,-1.0,-55.0
1776884691.5961027,0.0,-2.0,-53.0
1776884691.6061027,-3.0,-2.0,-50.0
1776884691.6161027,0.0,-2.0,-46.0
1776884691.6261027,0.0,-1.0,-37.0
1776884691.636103,2.0,1.0,-40.0
1776884691.646103,-1.0,4.0,-47.0
1776884691.656103,-2.0,6.0,-51.0
1776884691.6661026,-2.0,7.0,-49.0
1776884691.6761026,0.0,5.0,-49.0
1776884691.6861026,0.0,1.0,-49.0
1776884691.6961029,0.0,0.0,-51.0
1776884691.7061028,-1.0,0.0,-59.0
1776884691.7161028,-4.0,-2.0,-57.0
1776884691.7261028,-3.0,1.0,-49.0
1776884691.7361028,0.0,2.0,-43.0
1776884691.7461028,-3.0,-2.0,-43.0
1776884691.7561028,-2.0,-2.0,-43.0
1776884691.7661028,0.0,-5.0,-43.0
1776884691.7761028,3.0,-6.0,-46.0
1776884691.7861028,5.0,-7.0,-41.0
1776884691.7961028,1.0,-6.0,-47.0
1776884691.8061028,-4.0,-6.0,-51.0
1776884691.8161027,-5.0,-8.0,-55.0
1776884691.8261027,-9.0,-5.0,-59.0
1776884691.8361027,-11.0,-6.0,-57.0
1776884691.8461027,-11.0,-9.0,-54.0
1776884691.8561027,-9.0,-9.0,-50.0
1776884691.8661027,-7.0,-6.0,-48.0
1776884691.8761027,-5.0,-4.0,-41.0
1776884691.886103,-3.0,-5.0,-36.0
1776884691.896103,-4.0,-6.0,-39.0
1776884691.906103,-4.0,-7.0,-38.0
1776884691.9161026,-5.0,-8.0,-43.0
1776884691.9261026,-4.0,-5.0,-45.0
1776884691.9361026,-4.0,-4.0,-51.0
1776884691.9461029,-5.0,0.0,-49.0
1776884691.9561028,-2.0,-5.0,-52.0
1776884691.9661028,0.0,-2.0,-52.0
1776884691.9761028,1.0,-1.0,-56.0
1776884691.9861028,-1.0,-4.0,-60.0
1776884691.9961028,-2.0,-5.0,-56.0
1776884692.0061028,-2.0,-4.0,-52.0
1776884692.0161028,-4.0,-4.0,-48.0
1776884692.0261028,-7.0,-8.0,-47.0
1776884692.0361028,-11.0,-4.0,-39.0
1776884692.0461028,-8.0,-4.0,-35.0
1776884692.0561028,-3.0,-5.0,-40.0
1776884692.0661027,-4.0,-2.0,-37.0
1776884692.0761027,0.0,-2.0,-41.0
1776884692.0861027,-2.0,0.0,-46.0
1776884692.0961027,-4.0,-1.0,-36.0
1776884692.1061027,0.0,-2.0,-36.0
1776884692.1161027,0.0,-3.0,-43.0
1776884692.1261027,-3.0,-2.0,-47.0
1776884692.136103,4.0,-4.0,-52.0
1776884692.146103,1.0,-5.0,-50.0
1776884692.156103,6.0,-6.0,-49.0
1776884692.1661026,8.0,-4.0,-52.0
1776884692.1761026,11.0,-1.0,-48.0
1776884692.1861026,8.0,-2.0,-47.0
1776884692.1961029,6.0,-6.0,-44.0
1776884692.2061028,4.0,-8.0,-48.0
1776884692.2161028,3.0,-7.0,-41.0
1776884692.2261028,6.0,-4.0,-42.0
1776884692.2361028,5.0,-2.0,-48.0
1776884692.2461028,-1.0,-2.0,-47.0
1776884692.2561028,-2.0,-3.0,-55.0
1776884692.2661028,-1.0,-1.0,-51.0
1776884692.2761028,0.0,0.0,-55.0
1776884692.2861028,0.0,0.0,-52.0
1776884692.2961028,-2.0,-2.0,-51.0
1776884692.3061028,-5.0,-6.0,-50.0
1776884692.3161027,-3.0,-7.0,-47.0
1776884692.3261027,0.0,-6.0,-43.0
1776884692.3361027,-2.0,-8.0,-44.0
1776884692.3461027,0.0,-6.0,-37.0
1776884692.3561027,0.0,-6.0,-41.0
1776884692.3661027,1.0,0.0,-45.0
1776884692.3761027,3.0,0.0,-43.0
1776884692.386103,-1.0,-1.0,-52.0
1776884692.396103,-4.0,0.0,-53.0
1776884692.406103,-4.0,0.0,-51.0
1776884692.4161026,0.0,-5.0,-51.0
1776884692.4261026,1.0,-5.0,-51.0
1776884692.4361026,1.0,-6.0,-49.0
1776884692.4461029,3.0,-3.0,-55.0
1776884692.4561028,0.0,-5.0,-57.0
1776884692.4661028,1.0,-3.0,-59.0
1776884692.4761028,4.0,0.0,-55.0
1776884692.4861028,3.0,-2.0,-53.0
1776884692.4961028,8.0,-3.0,-48.0
1776884692.5061028,8.0,-2.0,-45.0
1776884692.5161028,1.0,-2.0,-55.0
1776884692.5261028,-5.0,-3.0,-51.0
1776884692.5361028,0.0,-9.0,-45.0
1776884692.5461028,2.0,-12.0,-45.0
1776884692.5561028,0.0,-10.0,-50.0
1776884692.5661027,-1.0,-11.0,-49.0
1776884692.5761027,0.0,-10.0,-51.0
1776884692.5861027,2.0,-8.0,-49.0
1776884692.5961027,2.0,-9.0,-47.0
1776884692.6061027,2.0,-10.0,-39.0
1776884692.6161027,1.0,-11.0,-37.0
1776884692.6261027,1.0,-7.0,-44.0
1776884692.636103,2.0,-3.0,-51.0
1776884692.646103,0.0,-6.0,-50.0
1776884692.656103,0.0,-9.0,-52.0
1776884692.6661026,0.0,-6.0,-48.0
1776884692.6761026,1.0,-6.0,-40.0
1776884692.6861026,-2.0,-2.0,-40.0
1776884692.6961029,-3.0,0.0,-44.0
1776884692.7061028,-5.0,1.0,-46.0
1776884692.7161028,-2.0,-2.0,-49.0
1776884692.7261028,-1.0,0.0,-52.0
1776884692.7371027,1.0,-3.0,-54.0
1776884692.7461028,0.0,-4.0,-55.0
1776884692.7561028,-1.0,-5.0,-54.0
1776884692.7671027,0.0,-3.0,-46.0
1776884692.7771027,1.0,-1.0,-47.0
1776884692.7871027,2.0,-2.0,-48.0
1776884692.7971027,-2.0,-1.0,-51.0
1776884692.807103,-4.0,-1.0,-49.0
1776884692.817103,0.0,-1.0,-46.0
1776884692.827103,1.0,-1.0,-53.0
1776884692.837103,4.0,2.0,-53.0
1776884692.8471026,7.0,0.0,-54.0
1776884692.8571026,6.0,-3.0,-50.0
1776884692.8671026,2.0,0.0,-45.0
1776884692.8771029,6.0,0.0,-44.0
1776884692.8871028,7.0,-2.0,-45.0
1776884692.8971028,5.0,-2.0,-50.0
1776884692.9071028,8.0,-1.0,-40.0
1776884692.9171028,3.0,0.0,-41.0
1776884692.9271028,0.0,-4.0,-51.0
1776884692.9371028,0.0,-2.0,-53.0
1776884692.9471028,0.0,3.0,-48.0
1776884692.9571028,-1.0,1.0,-52.0
1776884692.9671028,-4.0,-2.0,-52.0
1776884692.9771028,-4.0,-2.0,-52.0
1776884692.9871027,-6.0,-2.0,-43.0
1776884692.9971027,-8.0,1.0,-43.0
1776884693.0071027,-9.0,3.0,-45.0
1776884693.0171027,-6.0,-1.0,-48.0
1776884693.0271027,0.0,-2.0,-45.0
1776884693.0371027,0.0,-3.0,-39.0
1776884693.0471027,-3.0,-6.0,-38.0
1776884693.057103,0.0,-8.0,-39.0
1776884693.067103,2.0,-5.0,-38.0
1776884693.077103,1.0,2.0,-39.0
1776884693.087103,2.0,4.0,-42.0
1776884693.0971026,4.0,3.0,-44.0
1776884693.1071026,8.0,0.0,-47.0
1776884693.1171026,1.0,1.0,-47.0
1776884693.1271029,3.0,0.0,-39.0
1776884693.1371028,3.0,0.0,-39.0
1776884693.1471028,2.0,0.0,-44.0
1776884693.1571028,1.0,-5.0,-41.0
1776884693.1671028,-2.0,-7.0,-45.0
1776884693.1771028,-5.0,-7.0,-47.0
1776884693.1871028,-5.0,-6.0,-45.0
1776884693.1971028,-3.0,-4.0,-38.0
1776884693.2071028,1.0,-5.0,-34.0
1776884693.2171028,1.0,-5.0,-29.0
1776884693.2271028,4.0,-4.0,-31.0
1776884693.2371027,4.0,-5.0,-36.0
1776884693.2471027,2.0,0.0,-34.0
1776884693.2571027,0.0,0.0,-33.0
1776884693.2671027,0.0,0.0,-37.0
1776884693.2771027,0.0,-1.0,-35.0
1776884693.2871027,0.0,-4.0,-33.0
1776884693.2971027,3.0,-3.0,-40.0
1776884693.307103,5.0,-3.0,-40.0
1776884693.317103,7.0,-3.0,-42.0
1776884693.327103,10.0,0.0,-40.0
1776884693.337103,6.0,1.0,-45.0
1776884693.3471026,0.0,4.0,-55.0
1776884693.3571026,-2.0,0.0,-50.0
1776884693.3671026,-1.0,-3.0,-44.0
1776884693.3771029,-2.0,-2.0,-40.0
1776884693.3871028,-2.0,0.0,-42.0
1776884693.3971028,0.0,0.0,-45.0
1776884693.4071028,0.0,-4.0,-44.0
1776884693.4171028,2.0,-5.0,-47.0
1776884693.4271028,0.0,-3.0,-49.0
1776884693.4371028,1.0,0.0,-47.0
1776884693.4471028,3.0,0.0,-57.0
1776884693.4571028,3.0,0.0,-54.0
1776884693.4671028,3.0,-3.0,-54.0
1776884693.4771028,0.0,-3.0,-52.0
1776884693.4871027,0.0,-4.0,-50.0
1776884693.4971027,2.0,-2.0,-51.0
1776884693.5071027,5.0,-2.0,-55.0
1776884693.5171027,12.0,-3.0,-48.0
1776884693.5271027,10.0,-2.0,-45.0
1776884693.5371027,8.0,1.0,-49.0
1776884693.5471027,8.0,-3.0,-51.0
1776884693.557103,6.0,-5.0,-54.0
1776884693.567103,4.0,-4.0,-47.0
1776884693.577103,2.0,-5.0,-52.0
1776884693.587103,6.0,-3.0,-47.0
1776884693.5971026,5.0,-3.0,-48.0
1776884693.6071026,5.0,0.0,-51.0
1776884693.6171026,5.0,0.0,-51.0
1776884693.6271029,6.0,-3.0,-50.0
1776884693.6371028,9.0,-2.0,-53.0
1776884693.6471028,1.0,-2.0,-52.0
1776884693.6571028,0.0,-5.0,-54.0
1776884693.6671028,-4.0,-8.0,-57.0
1776884693.6771028,-6.0,-4.0,-58.0
1776884693.6871028,-4.0,2.0,-50.0
1776884693.6971028,1.0,1.0,-46.0
1776884693.7071028,3.0,1.0,-43.0
1776884693.7171028,0.0,0.0,-44.0
1776884693.7271028,-2.0,1.0,-44.0
1776884693.7371027,-7.0,0.0,-38.0
1776884693.7471027,-5.0,-3.0,-39.0
1776884693.7571027,-5.0,-7.0,-40.0
1776884693.7671027,-4.0,-4.0,-44.0
1776884693.7771027,-5.0,-3.0,-47.0
1776884693.7871027,-4.0,-4.0,-44.0
1776884693.7971027,-2.0,-3.0,-47.0
1776884693.807103,1.0,-5.0,-48.0
1776884693.817103,3.0,-4.0,-50.0
1776884693.827103,2.0,-4.0,-52.0
1776884693.837103,0.0,-2.0,-47.0
1776884693.8471026,2.0,-4.0,-52.0
1776884693.8571026,5.0,-5.0,-51.0
1776884693.8671026,3.0,-10.0,-45.0
1776884693.8771029,2.0,-12.0,-39.0
1776884693.8871028,0.0,-13.0,-41.0
1776884693.8971028,2.0,-13.0,-40.0
1776884693.9071028,-3.0,-13.0,-41.0
1776884693.9171028,-6.0,-8.0,-37.0
1776884693.9271028,-4.0,-8.0,-37.0
1776884693.9371028,-3.0,-4.0,-40.0
1776884693.9471028,-5.0,-5.0,-38.0
1776884693.9571028,-9.0,-6.0,-39.0
1776884693.9671028,-7.0,-9.0,-41.0
1776884693.9771028,-3.0,-11.0,-38.0
1776884693.9871027,-4.0,-10.0,-38.0
1776884693.9971027,-2.0,-12.0,-43.0
1776884694.0071027,0.0,-9.0,-41.0
1776884694.0171027,3.0,-4.0,-45.0
1776884694.0271027,7.0,-6.0,-45.0
1776884694.0371027,8.0,-4.0,-49.0
1776884694.0471027,6.0,-1.0,-54.0
1776884694.057103,1.0,-2.0,-58.0
1776884694.067103,2.0,-2.0,-51.0
1776884694.077103,4.0,-1.0,-51.0
1776884694.087103,4.0,-4.0,-48.0
1776884694.0971026,1.0,-2.0,-44.0
1776884694.1071026,3.0,-6.0,-41.0
1776884694.1171026,0.0,-6.0,-44.0
1776884694.1271029,1.0,-6.0,-42.0
1776884694.1371028,0.0,-6.0,-43.0
1776884694.1471028,2.0,-10.0,-47.0
1776884694.1571028,1.0,-9.0,-43.0
1776884694.1671028,0.0,-8.0,-30.0
1776884694.1781027,-1.0,-5.0,-33.0
1776884694.1871028,0.0,-5.0,-36.0
1776884694.1971028,-1.0,-5.0,-36.0
1776884694.2071028,-1.0,-5.0,-38.0
1776884694.2171028,-1.0,-2.0,-36.0
1776884694.2271028,-3.0,-2.0,-41.0
1776884694.2371027,0.0,-3.0,-44.0
1776884694.2471027,2.0,-1.0,-48.0
1776884694.2571027,1.0,0.0,-54.0
1776884694.2671027,0.0,3.0,-52.0
1776884694.2771027,0.0,-1.0,-48.0
1776884694.2871027,2.0,-2.0,-47.0
1776884694.2971027,-2.0,-5.0,-54.0
1776884694.307103,-4.0,-2.0,-53.0
1776884694.317103,-2.0,-5.0,-56.0
1776884694.327103,-2.0,-2.0,-56.0
1776884694.337103,0.0,0.0,-51.0
1776884694.3471026,2.0,-1.0,-51.0
1776884694.3571026,5.0,0.0,-55.0
1776884694.3671026,6.0,3.0,-57.0
1776884694.3771029,6.0,0.0,-58.0
1776884694.3871028,3.0,-3.0,-53.0
1776884694.3971028,2.0,0.0,-54.0
1776884694.4071028,1.0,1.0,-56.0
1776884694.4171028,3.0,0.0,-51.0
1776884694.4271028,-1.0,0.0,-51.0
1776884694.4371028,2.0,1.0,-46.0
1776884694.4471028,3.0,0.0,-44.0
1776884694.4571028,0.0,5.0,-40.0
1776884694.4671028,-1.0,3.0,-44.0
1776884694.4771028,-6.0,2.0,-34.0
1776884694.4871027,-3.0,4.0,-35.0
1776884694.4971027,0.0,3.0,-34.0
1776884694.5071027,1.0,1.0,-35.0
1776884694.5171027,5.0,0.0,-36.0
1776884694.5271027,0.0,-2.0,-32.0
1776884694.5371027,2.0,-3.0,-33.0
1776884694.5471027,5.0,-4.0,-32.0
1776884694.557103,8.0,-5.0,-35.0
1776884694.567103,1.0,-9.0,-39.0
1776884694.577103,-1.0,-10.0,-42.0
1776884694.587103,-1.0,-11.0,-50.0
1776884694.5971026,-3.0,-12.0,-56.0
1776884694.6071026,-5.0,-9.0,-57.0
1776884694.6171026,0.0,-6.0,-55.0
1776884694.6271029,4.0,-6.0,-56.0
1776884694.6371028,6.0,-7.0,-55.0
1776884694.6471028,7.0,-5.0,-59.0
1776884694.6571028,7.0,-3.0,-56.0
1776884694.6671028,9.0,-5.0,-48.0
1776884694.6771028,7.0,-8.0,-43.0
1776884694.6871028,3.0,-8.0,-37.0
1776884694.6971028,3.0,-7.0,-37.0
1776884694.7071028,1.0,-1.0,-39.0
1776884694.7181027,4.0,0.0,-40.0
1776884694.7281027,5.0,-1.0,-48.0
1776884694.738103,4.0,0.0,-51.0
1776884694.748103,4.0,-5.0,-53.0
1776884694.758103,0.0,-3.0,-60.0
1776884694.7681026,-2.0,0.0,-58.0
1776884694.7781026,2.0,0.0,-55.0
1776884694.7881026,3.0,0.0,-55.0
1776884694.7981029,7.0,0.0,-53.0
1776884694.8081028,5.0,-2.0,-53.0
1776884694.8181028,9.0,-8.0,-50.0
1776884694.8281028,6.0,-7.0,-46.0
1776884694.8381028,6.0,-9.0,-45.0
1776884694.8481028,8.0,-5.0,-43.0
1776884694.8581028,7.0,-7.0,-47.0
1776884694.8681028,7.0,-9.0,-40.0
1776884694.8781028,4.0,-8.0,-40.0
1776884694.8881028,5.0,-4.0,-46.0
1776884694.8981028,6.0,1.0,-44.0
1776884694.9081028,1.0,2.0,-40.0
1776884694.9181027,1.0,2.0,-39.0
1776884694.9281027,-1.0,-2.0,-41.0
1776884694.9381027,-1.0,-5.0,-41.0
1776884694.9481027,0.0,0.0,-45.0
1776884694.9581027,3.0,0.0,-45.0
1776884694.9681027,3.0,3.0,-45.0
1776884694.9781027,0.0,4.0,-47.0
1776884694.988103,0.0,4.0,-43.0
1776884694.998103,1.0,3.0,-47.0
1776884695.008103,-2.0,2.0,-52.0
1776884695.0181026,-2.0,-2.0,-49.0
1776884695.0281026,0.0,-5.0,-54.0
1776884695.0381026,-4.0,0.0,-55.0
1776884695.0481029,0.0,3.0,-53.0
1776884695.0581028,3.0,4.0,-59.0
1776884695.0681028,0.0,5.0,-55.0
1776884695.0781028,0.0,0.0,-54.0
1776884695.0881028,2.0,0.0,-54.0
1776884695.0981028,3.0,-1.0,-46.0
1776884695.1081028,1.0,-4.0,-38.0
1776884695.1181028,1.0,-2.0,-34.0
1776884695.1281028,0.0,0.0,-31.0
1776884695.1381028,0.0,-3.0,-32.0
1776884695.1481028,2.0,-5.0,-37.0
1776884695.1581028,3.0,-5.0,-41.0
1776884695.1681027,6.0,-3.0,-42.0
1776884695.1781027,5.0,-7.0,-45.0
1776884695.1881027,3.0,-5.0,-46.0
1776884695.1981027,0.0,-1.0,-49.0
1776884695.2081027,-4.0,0.0,-51.0
1776884695.2181027,-6.0,0.0,-47.0
1776884695.2281027,-2.0,0.0,-45.0
1776884695.238103,-3.0,6.0,-47.0
1776884695.248103,0.0,4.0,-44.0
1776884695.258103,-3.0,0.0,-42.0
1776884695.2681026,-3.0,-2.0,-40.0
1776884695.2781026,-1.0,-4.0,-33.0
1776884695.2881026,0.0,-2.0,-36.0
1776884695.2981029,3.0,0.0,-35.0
1776884695.3081028,2.0,3.0,-36.0
1776884695.3181028,-1.0,3.0,-28.0
1776884695.3281028,-1.0,0.0,-29.0
1776884695.3381028,1.0,-5.0,-24.0
1776884695.3481028,2.0,-6.0,-30.0
1776884695.3581028,2.0,-3.0,-36.0
1776884695.3681028,-2.0,-3.0,-39.0
1776884695.3781028,-1.0,-3.0,-44.0
1776884695.3881028,-2.0,-6.0,-44.0
1776884695.3981028,2.0,-6.0,-49.0
1776884695.4081028,3.0,-2.0,-45.0
1776884695.4181027,-2.0,-5.0,-42.0
1776884695.4281027,-6.0,-5.0,-42.0
1776884695.4381027,-6.0,-2.0,-41.0
1776884695.4481027,-4.0,-1.0,-43.0
1776884695.4581027,-2.0,-1.0,-42.0
1776884695.4681027,0.0,-4.0,-44.0
1776884695.4781027,3.0,-4.0,-41.0
1776884695.488103,0.0,-3.0,-44.0
1776884695.498103,1.0,-3.0,-50.0
1776884695.508103,-1.0,-5.0,-46.0
1776884695.5181026,-2.0,-4.0,-48.0
1776884695.5281026,-1.0,-1.0,-53.0
1776884695.5381026,-4.0,-2.0,-49.0
1776884695.5481029,-1.0,-6.0,-51.0
1776884695.5581028,-2.0,-5.0,-51.0
1776884695.5681028,-5.0,-4.0,-55.0
1776884695.5781028,-7.0,-4.0,-57.0
1776884695.5881028,-2.0,-3.0,-47.0
1776884695.5981028,0.0,-5.0,-46.0
1776884695.6081028,0.0,-2.0,-46.0
1776884695.6181028,2.0,-2.0,-44.0
1776884695.6281028,2.0,-6.0,-44.0
1776884695.6381028,3.0,-3.0,-45.0
1776884695.6481028,0.0,-4.0,-46.0
1776884695.6581028,-2.0,-4.0,-40.0
1776884695.6681027,-4.0,-5.0,-34.0
1776884695.6781027,-2.0,-8.0,-28.0
1776884695.6881027,-4.0,-6.0,-28.0
1776884695.6981027,2.0,-3.0,-33.0
1776884695.7081027,3.0,-1.0,-40.0
1776884695.7181027,7.0,1.0,-40.0
1776884695.7281027,6.0,1.0,-40.0
1776884695.738103,5.0,0.0,-38.0
1776884695.748103,10.0,-3.0,-41.0
1776884695.758103,8.0,-6.0,-40.0
1776884695.7681026,6.0,-5.0,-43.0
1776884695.7781026,6.0,-6.0,-50.0
1776884695.7881026,7.0,-6.0,-46.0
1776884695.7981029,6.0,-3.0,-46.0
1776884695.8081028,5.0,0.0,-54.0
1776884695.8181028,1.0,1.0,-56.0
1776884695.8281028,1.0,-1.0,-47.0
1776884695.8381028,3.0,-1.0,-45.0
1776884695.8481028,1.0,-2.0,-44.0
1776884695.8581028,-1.0,3.0,-37.0
1776884695.8681028,0.0,4.0,-38.0
1776884695.8781028,-4.0,2.0,-32.0
1776884695.8881028,-7.0,3.0,-27.0
1776884695.8981028,-5.0,3.0,-31.0
1776884695.9081028,1.0,3.0,-36.0
1776884695.9181027,3.0,2.0,-35.0
1776884695.9281027,0.0,-2.0,-34.0
1776884695.9381027,2.0,-2.0,-37.0
1776884695.9481027,0.0,1.0,-41.0
1776884695.9581027,-4.0,-2.0,-38.0
1776884695.9681027,0.0,-3.0,-40.0
1776884695.9781027,-3.0,-7.0,-38.0
1776884695.988103,-6.0,-12.0,-41.0
1776884695.998103,-11.0,-11.0,-46.0
1776884696.008103,-14.0,-14.0,-45.0
1776884696.0181026,-12.0,-12.0,-43.0
1776884696.0281026,-6.0,-12.0,-45.0
1776884696.0381026,-4.0,-10.0,-47.0
1776884696.0481029,0.0,-10.0,-47.0
1776884696.0581028,5.0,-10.0,-51.0
1776884696.0681028,6.0,-13.0,-60.0
1776884696.0781028,9.0,-14.0,-57.0
1776884696.0881028,11.0,-10.0,-60.0
1776884696.0981028,9.0,-7.0,-53.0
1776884696.1081028,10.0,-5.0,-46.0
1776884696.1181028,8.0,-6.0,-50.0
1776884696.1281028,7.0,-2.0,-47.0
1776884696.1381028,6.0,-2.0,-50.0
1776884696.1481028,6.0,3.0,-49.0
1776884696.1581028,4.0,4.0,-50.0
1776884696.1681027,3.0,6.0,-49.0
1776884696.1781027,8.0,5.0,-46.0
1776884696.1881027,4.0,4.0,-45.0
1776884696.1981027,3.0,0.0,-46.0
1776884696.2081027,3.0,-3.0,-47.0
1776884696.2181027,0.0,-4.0,-46.0
1776884696.2281027,-3.0,-1.0,-40.0
1776884696.238103,-2.0,-2.0,-43.0
1776884696.248103,-1.0,-2.0,-47.0
1776884696.258103,1.0,-4.0,-45.0
1776884696.2681026,0.0,-5.0,-46.0
1776884696.2781026,-5.0,-7.0,-52.0
1776884696.2881026,0.0,-9.0,-49.0
1776884696.2981029,0.0,-8.0,-46.0
1776884696.3081028,2.0,-6.0,-51.0
1776884696.3181028,1.0,-5.0,-54.0
1776884696.3281028,2.0,-4.0,-49.0
1776884696.3381028,-5.0,-1.0,-52.0
1776884696.3481028,-6.0,-3.0,-48.0
1776884696.3581028,-6.0,-8.0,-50.0
1776884696.3681028,-4.0,-7.0,-48.0
1776884696.3781028,1.0,-3.0,-49.0
1776884696.3881028,1.0,-3.0,-50.0
1776884696.3981028,2.0,-5.0,-49.0
1776884696.4081028,2.0,-4.0,-45.0
1776884696.4181027,-1.0,-2.0,-42.0
1776884696.4281027,-6.0,-4.0,-39.0
1776884696.4381027,-5.0,-3.0,-40.0
1776884696.4481027,-2.0,-4.0,-41.0
1776884696.4581027,-1.0,-4.0,-43.0
1776884696.4681027,0.0,-4.0,-42.0
1776884696.4781027,3.0,-5.0,-43.0
1776884696.488103,4.0,-5.0,-37.0
1776884696.498103,-2.0,-5.0,-38.0
1776884696.508103,-8.0,-9.0,-37.0
1776884696.5181026,-8.0,-8.0,-35.0
1776884696.5281026,-4.0,-9.0,-33.0
1776884696.5381026,-5.0,-11.0,-36.0
1776884696.5481029,-8.0,-6.0,-34.0
1776884696.5581028,-8.0,-5.0,-33.0
1776884696.5681028,-1.0,-5.0,-34.0
1776884696.5781028,3.0,-4.0,-31.0
1776884696.5881028,3.0,-5.0,-30.0
1776884696.5981028,5.0,-6.0,-32.0
1776884696.6081028,7.0,-1.0,-44.0
1776884696.6181028,5.0,0.0,-44.0
1776884696.6281028,4.0,0.0,-43.0
1776884696.6381028,6.0,-2.0,-42.0
1776884696.6481028,3.0,-3.0,-47.0
1776884696.6581028,0.0,-2.0,-48.0
1776884696.669103,2.0,-1.0,-50.0
1776884696.6781027,2.0,-2.0,-44.0
1776884696.6891026,1.0,-4.0,-45.0
1776884696.6991026,2.0,-4.0,-43.0
1776884696.7091026,0.0,2.0,-45.0
1776884696.7191026,0.0,-4.0,-44.0
1776884696.7281027,0.0,-2.0,-46.0
1776884696.7391028,-4.0,-3.0,-51.0
1776884696.7491028,-4.0,5.0,-53.0
1776884696.7591028,-5.0,6.0,-51.0
1776884696.7691028,-2.0,0.0,-53.0
1776884696.7791028,-1.0,-1.0,-53.0
1776884696.7891028,0.0,-7.0,-54.0
1776884696.7991028,-4.0,-7.0,-51.0
1776884696.8091028,-5.0,-10.0,-54.0
1776884696.8191028,-1.0,-4.0,-54.0
1776884696.8291028,2.0,-2.0,-42.0
1776884696.8391027,0.0,-10.0,-41.0
1776884696.8491027,-1.0,-13.0,-47.0
1776884696.8591027,-1.0,-12.0,-47.0
1776884696.8691027,4.0,-9.0,-49.0
1776884696.8791027,4.0,-8.0,-41.0
1776884696.8891027,0.0,-10.0,-42.0
1776884696.8991027,-4.0,-6.0,-40.0
1776884696.909103,-9.0,-5.0,-38.0
1776884696.919103,-2.0,-7.0,-41.0
1776884696.929103,1.0,-10.0,-39.0
1776884696.9391026,0.0,-11.0,-38.0
1776884696.9491026,-5.0,-10.0,-34.0
1776884696.9591026,-7.0,-4.0,-37.0
1776884696.9691026,-4.0,0.0,-33.0
1776884696.9791028,-3.0,1.0,-36.0
1776884696.9891028,-4.0,0.0,-45.0
1776884696.9991028,-6.0,2.0,-43.0
1776884697.0091028,-5.0,-1.0,-42.0
1776884697.0191028,-3.0,-3.0,-49.0
1776884697.0291028,-1.0,-8.0,-53.0
1776884697.0391028,4.0,-10.0,-51.0
1776884697.0491028,1.0,-12.0,-52.0
1776884697.0591028,1.0,-11.0,-48.0
1776884697.0691028,0.0,-9.0,-45.0
1776884697.0791028,3.0,-4.0,-37.0
1776884697.0891027,4.0,-3.0,-39.0
1776884697.0991027,2.0,0.0,-45.0
1776884697.1091027,0.0,0.0,-37.0
1776884697.1191027,-2.0,0.0,-38.0
1776884697.1291027,1.0,-1.0,-43.0
1776884697.1391027,0.0,-1.0,-42.0
1776884697.1491027,0.0,-4.0,-49.0
1776884697.159103,0.0,-5.0,-45.0
1776884697.169103,-2.0,-7.0,-41.0
1776884697.179103,0.0,-7.0,-41.0
1776884697.1891026,2.0,-8.0,-37.0
1776884697.1991026,3.0,-9.0,-28.0
1776884697.2091026,4.0,-5.0,-29.0
1776884697.2191026,10.0,-4.0,-32.0
1776884697.2291028,11.0,0.0,-34.0
1776884697.2391028,7.0,0.0,-36.0
1776884697.2491028,4.0,0.0,-35.0
1776884697.2591028,3.0,0.0,-38.0
1776884697.2691028,2.0,-1.0,-42.0
1776884697.2791028,0.0,-1.0,-39.0
1776884697.2891028,2.0,-1.0,-38.0
1776884697.2991028,4.0,2.0,-35.0
1776884697.3091028,0.0,2.0,-40.0
1776884697.3191028,2.0,2.0,-41.0
1776884697.3291028,6.0,0.0,-48.0
1776884697.3391027,0.0,-4.0,-48.0
1776884697.3491027,4.0,-4.0,-45.0
1776884697.3591027,4.0,0.0,-43.0
1776884697.3691027,0.0,3.0,-40.0
1776884697.3791027,-3.0,8.0,-40.0
1776884697.3891027,-3.0,8.0,-39.0
1776884697.3991027,-2.0,4.0,-34.0
1776884697.409103,-1.0,3.0,-32.0
1776884697.419103,-4.0,5.0,-32.0
1776884697.429103,-4.0,2.0,-38.0
1776884697.4391026,0.0,-4.0,-42.0
1776884697.4491026,1.0,-2.0,-42.0
1776884697.4591026,-2.0,-3.0,-38.0
1776884697.4691026,-4.0,-4.0,-40.0
1776884697.4791028,-3.0,-5.0,-46.0
1776884697.4891028,0.0,-1.0,-55.0
1776884697.4991028,-3.0,1.0,-52.0
1776884697.5091028,-2.0,1.0,-52.0
1776884697.5191028,-2.0,3.0,-50.0
1776884697.5291028,2.0,6.0,-51.0
1776884697.5391028,6.0,7.0,-49.0
1776884697.5491028,4.0,4.0,-50.0
1776884697.5591028,1.0,1.0,-47.0
1776884697.5691028,1.0,0.0,-45.0
1776884697.5791028,2.0,0.0,-42.0
1776884697.5891027,0.0,0.0,-49.0
1776884697.5991027,-3.0,0.0,-51.0
1776884697.6091027,-5.0,2.0,-43.0
1776884697.6191027,-2.0,0.0,-41.0
1776884697.6291027,-2.0,-3.0,-44.0
1776884697.6391027,0.0,-4.0,-46.0
1776884697.6491027,-4.0,-5.0,-46.0
1776884697.659103,-1.0,-5.0,-47.0
1776884697.669103,-2.0,-4.0,-55.0
1776884697.679103,4.0,-1.0,-54.0
1776884697.6891026,1.0,5.0,-55.0
1776884697.6991026,0.0,3.0,-50.0
1776884697.7091026,0.0,-1.0,-53.0
1776884697.7191026,-2.0,-1.0,-48.0
1776884697.7291028,-5.0,0.0,-45.0
1776884697.7391028,-3.0,-2.0,-50.0
1776884697.7491028,-3.0,-4.0,-40.0
1776884697.7591028,0.0,-7.0,-40.0
1776884697.7691028,0.0,-9.0,-38.0
1776884697.7791028,-3.0,-8.0,-37.0
1776884697.7891028,0.0,-1.0,-42.0
1776884697.7991028,-3.0,-7.0,-41.0
1776884697.8091028,-2.0,-11.0,-40.0
1776884697.8191028,2.0,-7.0,-43.0
1776884697.8291028,4.0,-7.0,-47.0
1776884697.8391027,0.0,-6.0,-49.0
1776884697.8491027,-4.0,-9.0,-53.0
1776884697.8591027,0.0,-3.0,-49.0
1776884697.8691027,4.0,-3.0,-49.0
1776884697.8791027,4.0,-2.0,-50.0
1776884697.8891027,0.0,-4.0,-55.0
1776884697.8991027,0.0,-3.0,-49.0
1776884697.909103,4.0,-2.0,-42.0
1776884697.919103,6.0,-2.0,-43.0
1776884697.929103,1.0,-8.0,-43.0
1776884697.9391026,-1.0,-10.0,-52.0
1776884697.9491026,0.0,-8.0,-57.0
1776884697.9591026,4.0,-11.0,-62.0
1776884697.9691026,8.0,-10.0,-53.0
1776884697.9791028,7.0,-6.0,-52.0
1776884697.9891028,7.0,-6.0,-54.0
1776884697.9991028,7.0,-8.0,-51.0
1776884698.0091028,4.0,-6.0,-54.0
1776884698.0191028,0.0,-2.0,-57.0
1776884698.0291028,0.0,1.0,-54.0
1776884698.0391028,-2.0,-3.0,-47.0
1776884698.0491028,-7.0,-4.0,-46.0
1776884698.0591028,-3.0,-7.0,-50.0
1776884698.0691028,-1.0,-5.0,-52.0
1776884698.0791028,0.0,-6.0,-47.0
1776884698.0891027,2.0,-6.0,-47.0
1776884698.0991027,2.0,-7.0,-45.0
1776884698.1091027,1.0,-7.0,-40.0
1776884698.1191027,3.0,-7.0,-41.0
1776884698.1291027,-1.0,-5.0,-39.0
1776884698.1391027,-4.0,-5.0,-43.0
1776884698.1491027,-5.0,-2.0,-44.0
1776884698.159103,-4.0,0.0,-38.0
1776884698.169103,0.0,2.0,-39.0
1776884698.179103,1.0,1.0,-42.0
1776884698.1891026,2.0,2.0,-45.0
1776884698.1991026,1.0,5.0,-44.0
1776884698.2091026,1.0,6.0,-42.0
1776884698.2191026,-1.0,3.0,-40.0
1776884698.2291028,0.0,0.0,-50.0
1776884698.2391028,2.0,-2.0,-47.0
1776884698.2491028,5.0,-8.0,-42.0
1776884698.2591028,6.0,-8.0,-48.0
1776884698.2691028,3.0,-5.0,-49.0
1776884698.2791028,6.0,-4.0,-43.0
1776884698.2891028,5.0,-3.0,-45.0
1776884698.2991028,7.0,-1.0,-51.0
1776884698.3091028,1.0,5.0,-50.0
1776884698.3191028,-1.0,0.0,-51.0
1776884698.3291028,0.0,-4.0,-49.0
1776884698.3391027,2.0,-2.0,-54.0
1776884698.3491027,-4.0,-2.0,-52.0
1776884698.3591027,-1.0,-2.0,-46.0
1776884698.3691027,0.0,-2.0,-41.0
1776884698.3791027,-3.0,-2.0,-39.0
1776884698.3891027,-1.0,-3.0,-36.0
1776884698.3991027,-1.0,-4.0,-40.0
1776884698.409103,1.0,-5.0,-35.0
1776884698.419103,5.0,-5.0,-37.0
1776884698.429103,3.0,-2.0,-32.0
1776884698.4391026,1.0,-5.0,-31.0
1776884698.4491026,0.0,-5.0,-33.0
1776884698.4591026,-3.0,-4.0,-41.0
1776884698.4691026,-1.0,-3.0,-45.0
1776884698.4791028,-1.0,-5.0,-46.0
1776884698.4891028,3.0,-4.0,-43.0
1776884698.4991028,0.0,-1.0,-39.0
1776884698.5091028,0.0,0.0,-39.0
1776884698.5191028,-1.0,0.0,-40.0
1776884698.5291028,-3.0,3.0,-37.0
1776884698.5391028,-1.0,4.0,-34.0
1776884698.5491028,0.0,0.0,-37.0
1776884698.5591028,2.0,-1.0,-43.0
1776884698.5691028,1.0,-1.0,-42.0
1776884698.5791028,3.0,-2.0,-48.0
1776884698.5891027,2.0,0.0,-46.0
1776884698.5991027,1.0,-4.0,-42.0
1776884698.6091027,-2.0,-1.0,-43.0
1776884698.6191027,-1.0,-3.0,-45.0
1776884698.6291027,2.0,-2.0,-42.0
1776884698.6391027,2.0,-1.0,-41.0
1776884698.6501029,2.0,-2.0,-49.0
1776884698.659103,0.0,-4.0,-47.0
1776884698.6701028,4.0,-7.0,-48.0
1776884698.6801028,5.0,-8.0,-48.0
1776884698.6901028,5.0,-5.0,-45.0
1776884698.7001028,4.0,-4.0,-37.0
1776884698.7101028,0.0,-2.0,-29.0
1776884698.7201028,1.0,0.0,-35.0
1776884698.7301028,2.0,-3.0,-38.0
1776884698.7401028,1.0,-1.0,-42.0
1776884698.7501028,4.0,0.0,-45.0
1776884698.7601027,3.0,2.0,-41.0
1776884698.7701027,5.0,0.0,-39.0
1776884698.7801027,0.0,0.0,-46.0
1776884698.7901027,2.0,0.0,-50.0
1776884698.8001027,5.0,2.0,-53.0
1776884698.8101027,5.0,0.0,-54.0
1776884698.8201027,5.0,-3.0,-55.0
1776884698.8301027,3.0,-7.0,-51.0
1776884698.840103,1.0,-7.0,-42.0
1776884698.850103,-4.0,-4.0,-47.0
1776884698.860103,-6.0,-3.0,-49.0
1776884698.8701026,-2.0,-2.0,-47.0
1776884698.8801026,-2.0,-2.0,-43.0
1776884698.8901026,-2.0,-3.0,-40.0
1776884698.9001029,2.0,-3.0,-41.0
1776884698.9101028,2.0,-1.0,-43.0
1776884698.9201028,4.0,0.0,-42.0
1776884698.9301028,5.0,0.0,-48.0
1776884698.9401028,8.0,0.0,-49.0
1776884698.9501028,7.0,2.0,-51.0
1776884698.9601028,10.0,5.0,-44.0
1776884698.9701028,8.0,2.0,-46.0
1776884698.9801028,7.0,-1.0,-53.0
1776884698.9901028,1.0,0.0,-53.0
1776884699.0001028,-3.0,-1.0,-55.0
1776884699.0101027,-3.0,-3.0,-52.0
1776884699.0201027,0.0,-3.0,-53.0
1776884699.0301027,2.0,-1.0,-54.0
1776884699.0401027,1.0,-3.0,-54.0
1776884699.0501027,4.0,-3.0,-54.0
1776884699.0601027,2.0,-3.0,-58.0
1776884699.0701027,1.0,-1.0,-56.0
1776884699.0801027,1.0,0.0,-53.0
1776884699.090103,5.0,0.0,-47.0
1776884699.100103,2.0,0.0,-46.0
1776884699.110103,4.0,0.0,-42.0
1776884699.1201026,1.0,0.0,-48.0
1776884699.1301026,0.0,0.0,-49.0
1776884699.1401026,2.0,2.0,-49.0
1776884699.1501029,1.0,0.0,-54.0
1776884699.1601028,3.0,1.0,-49.0
1776884699.1701028,3.0,5.0,-49.0
1776884699.1801028,-1.0,4.0,-50.0
1776884699.1901028,-4.0,3.0,-55.0
1776884699.2001028,-2.0,-1.0,-54.0
1776884699.2101028,-7.0,0.0,-52.0
1776884699.2201028,-2.0,1.0,-55.0
1776884699.2301028,-3.0,0.0,-46.0
1776884699.2401028,-2.0,2.0,-44.0
1776884699.2501028,0.0,-2.0,-39.0
1776884699.2601027,0.0,-3.0,-43.0
1776884699.2701027,0.0,-2.0,-41.0
1776884699.2801027,1.0,0.0,-36.0
1776884699.2901027,3.0,-4.0,-29.0
1776884699.3001027,5.0,-5.0,-31.0
1776884699.3101027,6.0,-3.0,-35.0
1776884699.3201027,3.0,2.0,-35.0
1776884699.3301027,0.0,1.0,-37.0
1776884699.340103,3.0,2.0,-33.0
1776884699.350103,7.0,1.0,-35.0
1776884699.360103,0.0,1.0,-34.0
1776884699.3701026,-3.0,4.0,-40.0
1776884699.3801026,-6.0,3.0,-36.0
1776884699.3901026,-1.0,1.0,-41.0
1776884699.4001029,-4.0,2.0,-42.0
1776884699.4101028,-3.0,0.0,-44.0
1776884699.4201028,-2.0,-1.0,-45.0
1776884699.4311028,0.0,-1.0,-43.0
1776884699.4401028,0.0,-1.0,-38.0
1776884699.4501028,0.0,-3.0,-43.0
1776884699.4601028,-5.0,-3.0,-46.0
1776884699.4701028,-12.0,0.0,-46.0
1776884699.4801028,-9.0,1.0,-43.0
1776884699.4901028,-2.0,0.0,-40.0
1776884699.5001028,0.0,-2.0,-36.0
1776884699.5101027,1.0,-5.0,-40.0
1776884699.5201027,2.0,-6.0,-39.0
1776884699.5301027,3.0,-10.0,-33.0
1776884699.5401027,1.0,-9.0,-37.0
1776884699.5501027,-3.0,-5.0,-43.0
1776884699.5601027,-3.0,-5.0,-39.0
1776884699.5701027,-3.0,0.0,-47.0
1776884699.5801027,-3.0,-1.0,-51.0
1776884699.590103,0.0,-6.0,-50.0
1776884699.600103,-2.0,-3.0,-58.0
1776884699.610103,1.0,-2.0,-59.0
1776884699.6201026,6.0,0.0,-56.0
1776884699.6301026,3.0,-3.0,-55.0
1776884699.6401026,2.0,-5.0,-55.0
1776884699.6501029,3.0,-4.0,-56.0
1776884699.6601028,4.0,-4.0,-58.0
1776884699.6701028,8.0,-2.0,-54.0
1776884699.6801028,9.0,-1.0,-51.0
1776884699.6901028,4.0,0.0,-47.0
1776884699.7001028,3.0,0.0,-49.0
1776884699.7101028,4.0,2.0,-49.0
1776884699.7201028,3.0,2.0,-46.0
1776884699.7301028,0.0,2.0,-53.0
1776884699.7401028,-1.0,4.0,-51.0
1776884699.7501028,-1.0,1.0,-46.0
1776884699.7601027,-3.0,0.0,-49.0
1776884699.7701027,-1.0,-3.0,-51.0
1776884699.7801027,3.0,-4.0,-49.0
1776884699.7901027,5.0,-2.0,-41.0
1776884699.8001027,5.0,-3.0,-42.0
1776884699.8101027,3.0,1.0,-44.0
1776884699.8201027,7.0,0.0,-47.0
1776884699.8301027,3.0,-2.0,-50.0
1776884699.840103,2.0,-1.0,-51.0
1776884699.850103,4.0,0.0,-44.0
1776884699.860103,3.0,4.0,-39.0
1776884699.8701026,-4.0,8.0,-37.0
1776884699.8801026,-5.0,5.0,-39.0
1776884699.8901026,-5.0,4.0,-40.0
1776884699.9001029,-3.0,3.0,-48.0
1776884699.9101028,-1.0,1.0,-45.0
1776884699.9201028,-4.0,2.0,-42.0
1776884699.9301028,2.0,0.0,-38.0
1776884699.9401028,4.0,-1.0,-39.0
1776884699.9501028,2.0,-1.0,-37.0
1776884699.9601028,3.0,-1.0,-40.0
1776884699.9701028,2.0,0.0,-39.0
1776884699.9801028,4.0,0.0,-39.0
1776884699.9901028,2.0,-3.0,-42.0
1776884700.0001028,0.0,-6.0,-52.0
1776884700.0101027,3.0,-6.0,-52.0
1776884700.0201027,-2.0,-5.0,-51.0
1776884700.0301027,3.0,-4.0,-48.0
1776884700.0401027,5.0,0.0,-44.0
1776884700.0501027,3.0,2.0,-40.0
1776884700.0601027,-3.0,1.0,-43.0
1776884700.0701027,2.0,1.0,-40.0
1776884700.0801027,5.0,0.0,-41.0
1776884700.090103,6.0,-3.0,-39.0
1776884700.100103,4.0,0.0,-36.0
1776884700.110103,3.0,0.0,-41.0
1776884700.1201026,2.0,-2.0,-43.0
1776884700.1301026,0.0,2.0,-44.0
1776884700.1401026,0.0,-2.0,-44.0
1776884700.1501029,0.0,-2.0,-49.0
1776884700.1601028,-3.0,0.0,-50.0
1776884700.1701028,-6.0,0.0,-44.0
1776884700.1801028,-7.0,0.0,-47.0
1776884700.1901028,-8.0,-4.0,-49.0
1776884700.2001028,-6.0,-2.0,-43.0
1776884700.2101028,-1.0,-4.0,-44.0
1776884700.2201028,3.0,-3.0,-49.0
1776884700.2301028,4.0,-7.0,-48.0
1776884700.2401028,4.0,-3.0,-44.0
1776884700.2501028,2.0,-4.0,-44.0
1776884700.2601027,4.0,-5.0,-51.0
1776884700.2701027,3.0,-7.0,-52.0
1776884700.2801027,1.0,-7.0,-51.0
1776884700.2901027,-2.0,-3.0,-57.0
1776884700.3001027,-3.0,-3.0,-61.0
1776884700.3101027,1.0,-3.0,-60.0
1776884700.3201027,0.0,0.0,-55.0
1776884700.3301027,0.0,-1.0,-51.0
1776884700.340103,0.0,0.0,-50.0
1776884700.350103,-2.0,1.0,-55.0
1776884700.360103,-6.0,-3.0,-51.0
1776884700.3701026,-3.0,-3.0,-52.0
1776884700.3801026,-5.0,-3.0,-48.0
1776884700.3901026,-3.0,-1.0,-51.0
1776884700.4001029,-1.0,-2.0,-52.0
1776884700.4101028,1.0,-2.0,-50.0
1776884700.4201028,4.0,-1.0,-55.0
1776884700.4301028,7.0,-1.0,-52.0
1776884700.4401028,3.0,-1.0,-51.0
1776884700.4501028,3.0,-2.0,-50.0
1776884700.4601028,4.0,-2.0,-52.0
1776884700.4701028,3.0,0.0,-47.0
1776884700.4801028,2.0,0.0,-48.0
1776884700.4901028,2.0,-1.0,-52.0
1776884700.5001028,1.0,1.0,-53.0
1776884700.5101027,2.0,2.0,-56.0
1776884700.5201027,1.0,4.0,-54.0
1776884700.5301027,2.0,0.0,-54.0
1776884700.5401027,3.0,-2.0,-45.0
1776884700.5501027,1.0,-3.0,-48.0
1776884700.5601027,3.0,0.0,-49.0
1776884700.5701027,3.0,-4.0,-46.0
1776884700.5801027,6.0,-10.0,-45.0
1776884700.590103,3.0,-9.0,-47.0
1776884700.6011028,0.0,-9.0,-53.0
1776884700.6111028,1.0,-8.0,-52.0
1776884700.6201026,6.0,-13.0,-48.0
1776884700.6301026,2.0,-16.0,-40.0
1776884700.6411028,0.0,-14.0,-43.0
1776884700.6511028,-1.0,-9.0,-42.0
1776884700.6611028,-1.0,-6.0,-42.0
1776884700.6711028,-2.0,-4.0,-41.0
1776884700.6811028,-2.0,-2.0,-46.0
1776884700.6911027,0.0,2.0,-47.0
1776884700.7011027,3.0,0.0,-44.0
1776884700.7111027,0.0,-2.0,-45.0
1776884700.7211027,0.0,-2.0,-41.0
1776884700.7311027,4.0,1.0,-44.0
1776884700.7411027,2.0,-1.0,-49.0
1776884700.7511027,3.0,-1.0,-48.0
1776884700.761103,2.0,0.0,-43.0
1776884700.771103,0.0,-2.0,-40.0
1776884700.781103,-3.0,-3.0,-37.0
1776884700.7911026,-2.0,-2.0,-38.0
1776884700.8011026,0.0,-4.0,-40.0
1776884700.8111026,0.0,-3.0,-34.0
1776884700.8211029,0.0,-5.0,-35.0
1776884700.8311028,-2.0,-4.0,-35.0
1776884700.8411028,-1.0,-4.0,-39.0
1776884700.8511028,0.0,-2.0,-42.0
1776884700.8611028,4.0,-1.0,-38.0
1776884700.8711028,5.0,0.0,-42.0
1776884700.8811028,5.0,-2.0,-41.0
1776884700.8911028,5.0,-4.0,-38.0
1776884700.9011028,1.0,-3.0,-38.0
1776884700.9111028,2.0,-6.0,-43.0
1776884700.9211028,2.0,-7.0,-45.0
1776884700.9311028,-4.0,-7.0,-49.0
1776884700.9411027,-4.0,-4.0,-44.0
1776884700.9511027,-1.0,-7.0,-36.0
1776884700.9611027,2.0,-2.0,-36.0
1776884700.9711027,8.0,-4.0,-33.0
1776884700.9811027,5.0,-4.0,-37.0
1776884700.9911027,3.0,-5.0,-36.0
1776884701.0011027,2.0,-7.0,-37.0
1776884701.011103,0.0,-8.0,-28.0
1776884701.021103,1.0,-6.0,-27.0
1776884701.031103,6.0,-5.0,-32.0
1776884701.0411026,4.0,1.0,-33.0
1776884701.0511026,2.0,2.0,-34.0
1776884701.0611026,8.0,2.0,-36.0
1776884701.0711029,5.0,0.0,-36.0
1776884701.0811028,2.0,-6.0,-39.0
1776884701.0911028,5.0,-4.0,-45.0
1776884701.1011028,0.0,1.0,-49.0
1776884701.1111028,3.0,-2.0,-46.0
1776884701.1211028,3.0,-6.0,-50.0
1776884701.1311028,2.0,-4.0,-56.0
1776884701.1411028,0.0,-2.0,-56.0
1776884701.1511028,1.0,1.0,-46.0
1776884701.1611028,-1.0,-4.0,-47.0
1776884701.1711028,-2.0,-2.0,-51.0
1776884701.1811028,-1.0,-1.0,-48.0
1776884701.1911027,-1.0,-1.0,-45.0
1776884701.2011027,2.0,-7.0,-46.0
1776884701.2111027,7.0,-7.0,-36.0
1776884701.2211027,9.0,-6.0,-37.0
1776884701.2311027,8.0,-4.0,-42.0
1776884701.2411027,3.0,-2.0,-45.0
1776884701.2511027,1.0,-1.0,-47.0
1776884701.261103,1.0,0.0,-52.0
1776884701.271103,4.0,3.0,-52.0
1776884701.281103,2.0,4.0,-58.0
1776884701.2911026,4.0,2.0,-58.0
1776884701.3011026,0.0,-2.0,-55.0
1776884701.3111026,-5.0,-2.0,-56.0
1776884701.3211029,-6.0,-3.0,-54.0
1776884701.3311028,-14.0,-7.0,-53.0
1776884701.3411028,-12.0,-8.0,-48.0
1776884701.3511028,-10.0,-10.0,-45.0
1776884701.3611028,-11.0,-10.0,-45.0
1776884701.3711028,-13.0,-8.0,-52.0
1776884701.3811028,-15.0,-6.0,-53.0
1776884701.3911028,-8.0,-1.0,-56.0
1776884701.4011028,-11.0,0.0,-57.0
1776884701.4111028,-8.0,-1.0,-52.0
1776884701.4211028,0.0,1.0,-47.0
1776884701.4311028,-1.0,0.0,-46.0
1776884701.4411027,-1.0,-1.0,-44.0
1776884701.4511027,0.0,-2.0,-45.0
1776884701.4611027,-3.0,-2.0,-50.0
1776884701.4711027,-2.0,-6.0,-46.0
1776884701.4821026,-4.0,-11.0,-46.0
1776884701.4911027,-4.0,-14.0,-47.0
1776884701.5011027,-6.0,-11.0,-49.0
1776884701.511103,-5.0,-12.0,-45.0
1776884701.521103,-3.0,-14.0,-44.0
1776884701.531103,-2.0,-10.0,-44.0
1776884701.5411026,3.0,-11.0,-42.0
1776884701.5511026,7.0,-4.0,-42.0
1776884701.5611026,4.0,-5.0,-45.0
1776884701.5711029,2.0,0.0,-46.0
1776884701.5811028,1.0,2.0,-47.0
1776884701.5911028,-2.0,0.0,-52.0
1776884701.6011028,-1.0,0.0,-53.0
1776884701.6111028,-1.0,0.0,-49.0
1776884701.6211028,-3.0,0.0,-49.0
1776884701.6311028,-5.0,0.0,-55.0
1776884701.6411028,-4.0,-5.0,-51.0
1776884701.6511028,-4.0,-6.0,-46.0
1776884701.6611028,-7.0,-3.0,-46.0
1776884701.6711028,-2.0,-2.0,-45.0
1776884701.6811028,-5.0,-2.0,-44.0
1776884701.6911027,-5.0,-1.0,-48.0
1776884701.7011027,-6.0,-3.0,-49.0
1776884701.7111027,-6.0,-4.0,-52.0
1776884701.7211027,-3.0,-3.0,-49.0
1776884701.7311027,-1.0,-1.0,-54.0
1776884701.7411027,-3.0,-3.0,-57.0
1776884701.7511027,-1.0,-2.0,-60.0
1776884701.761103,3.0,0.0,-58.0
1776884701.771103,5.0,0.0,-58.0
1776884701.781103,7.0,0.0,-47.0
1776884701.7911026,4.0,-2.0,-44.0
1776884701.8011026,4.0,-4.0,-43.0
1776884701.8111026,7.0,-1.0,-44.0
1776884701.8211029,8.0,-2.0,-38.0
1776884701.8311028,9.0,-7.0,-39.0
1776884701.8411028,4.0,-5.0,-37.0
1776884701.8511028,6.0,-5.0,-36.0
1776884701.8611028,6.0,-2.0,-37.0
1776884701.8711028,8.0,-1.0,-37.0
1776884701.8811028,3.0,-1.0,-36.0
1776884701.8911028,0.0,-1.0,-39.0
1776884701.9011028,5.0,-1.0,-46.0
1776884701.9111028,0.0,0.0,-48.0
1776884701.9211028,2.0,0.0,-48.0
1776884701.9311028,6.0,2.0,-44.0
1776884701.9411027,3.0,0.0,-49.0
1776884701.9511027,1.0,-2.0,-50.0
1776884701.9611027,0.0,-1.0,-50.0
1776884701.9711027,-5.0,-1.0,-44.0
1776884701.9811027,-5.0,0.0,-42.0
1776884701.9911027,-10.0,0.0,-40.0
1776884702.0011027,-5.0,0.0,-49.0
1776884702.011103,-2.0,-2.0,-50.0
1776884702.021103,-1.0,-2.0,-50.0
1776884702.031103,-1.0,-1.0,-56.0
1776884702.0411026,0.0,-3.0,-57.0
1776884702.0511026,1.0,-3.0,-56.0
1776884702.0611026,-5.0,-2.0,-61.0
1776884702.0711029,-7.0,-4.0,-64.0
1776884702.0811028,-9.0,-3.0,-62.0
1776884702.0911028,-5.0,0.0,-58.0
1776884702.1011028,-1.0,1.0,-59.0
1776884702.1111028,0.0,0.0,-53.0
1776884702.1211028,2.0,-5.0,-46.0
1776884702.1311028,0.0,-4.0,-43.0
1776884702.1411028,-2.0,0.0,-51.0
1776884702.1511028,-1.0,-6.0,-52.0
1776884702.1611028,0.0,-11.0,-54.0
1776884702.1711028,0.0,-9.0,-54.0
1776884702.1811028,1.0,-9.0,-48.0
1776884702.1911027,-4.0,-12.0,-45.0
1776884702.2011027,-2.0,-9.0,-38.0
1776884702.2111027,2.0,-7.0,-38.0
1776884702.2211027,0.0,-7.0,-39.0
1776884702.2311027,2.0,-6.0,-45.0
1776884702.2411027,3.0,-4.0,-47.0
1776884702.2511027,3.0,-2.0,-42.0
1776884702.261103,-1.0,3.0,-46.0
1776884702.271103,-4.0,3.0,-46.0
1776884702.281103,-5.0,4.0,-48.0
1776884702.2911026,-3.0,4.0,-49.0
1776884702.3011026,-3.0,2.0,-45.0
1776884702.3111026,0.0,2.0,-49.0
1776884702.3211029,-2.0,3.0,-48.0
1776884702.3311028,-3.0,0.0,-38.0
1776884702.3411028,-2.0,-5.0,-38.0
1776884702.3511028,-3.0,-5.0,-43.0
1776884702.3611028,0.0,-4.0,-40.0
1776884702.3711028,2.0,-1.0,-41.0
1776884702.3811028,2.0,-1.0,-41.0
1776884702.3911028,2.0,1.0,-36.0
1776884702.4011028,0.0,2.0,-34.0
1776884702.4111028,0.0,0.0,-43.0
1776884702.4211028,-3.0,0.0,-41.0
1776884702.4311028,-3.0,0.0,-46.0
1776884702.4411027,-4.0,-1.0,-41.0
1776884702.4511027,-5.0,0.0,-40.0
1776884702.4611027,-4.0,0.0,-47.0
1776884702.4711027,-4.0,0.0,-47.0
1776884702.4811027,0.0,-5.0,-48.0
1776884702.4911027,1.0,-5.0,-47.0
1776884702.5011027,-1.0,-6.0,-47.0
1776884702.511103,-3.0,-4.0,-45.0
1776884702.521103,-1.0,-6.0,-40.0
1776884702.531103,2.0,-3.0,-42.0
1776884702.5411026,3.0,-7.0,-40.0
1776884702.5511026,4.0,-8.0,-40.0
1776884702.5611026,2.0,-7.0,-39.0
1776884702.5711029,0.0,-7.0,-37.0
1776884702.5811028,-1.0,-3.0,-42.0
1776884702.5911028,-2.0,0.0,-43.0
1776884702.6021028,2.0,0.0,-45.0
1776884702.6121027,-2.0,1.0,-41.0
1776884702.6221027,-4.0,0.0,-44.0
1776884702.6321027,-5.0,4.0,-38.0
1776884702.6421027,-4.0,2.0,-28.0
1776884702.6521027,-2.0,5.0,-38.0
1776884702.6621027,4.0,10.0,-45.0
1776884702.6721027,9.0,4.0,-50.0
1776884702.682103,6.0,5.0,-52.0
1776884702.692103,4.0,8.0,-48.0
1776884702.702103,6.0,3.0,-45.0
1776884702.712103,5.0,2.0,-46.0
1776884702.7221026,2.0,0.0,-49.0
1776884702.7321026,0.0,-1.0,-54.0
1776884702.7421026,-2.0,-1.0,-54.0
1776884702.7521029,-5.0,-3.0,-53.0
1776884702.7621028,-4.0,-1.0,-48.0
1776884702.7721028,-1.0,-3.0,-43.0
1776884702.7821028,-8.0,-3.0,-44.0
1776884702.7921028,-8.0,0.0,-43.0
1776884702.8021028,-6.0,0.0,-47.0
1776884702.8121028,-3.0,-1.0,-46.0
1776884702.8221028,1.0,-4.0,-43.0
1776884702.8321028,0.0,0.0,-38.0
1776884702.8421028,0.0,-2.0,-35.0
1776884702.8521028,1.0,-3.0,-38.0
1776884702.8621027,0.0,-4.0,-46.0
1776884702.8721027,-3.0,-1.0,-45.0
1776884702.8821027,0.0,-2.0,-41.0
1776884702.8921027,2.0,0.0,-41.0
1776884702.9021027,-2.0,-1.0,-46.0
1776884702.9121027,1.0,-1.0,-42.0
1776884702.9221027,1.0,-4.0,-46.0
1776884702.932103,3.0,-5.0,-48.0
1776884702.942103,3.0,-5.0,-51.0
1776884702.952103,5.0,-8.0,-46.0
1776884702.962103,1.0,-7.0,-42.0
1776884702.9721026,0.0,-6.0,-38.0
1776884702.9821026,-4.0,-4.0,-38.0
1776884702.9921026,0.0,-6.0,-41.0
1776884703.0021029,-1.0,-4.0,-36.0
1776884703.0121028,3.0,-2.0,-37.0
1776884703.0221028,9.0,-2.0,-42.0
1776884703.0321028,11.0,-2.0,-48.0
1776884703.0421028,5.0,1.0,-48.0
1776884703.0521028,6.0,2.0,-47.0
1776884703.0621028,6.0,-1.0,-41.0
1776884703.0721028,6.0,0.0,-42.0
1776884703.0821028,5.0,-2.0,-44.0
1776884703.0921028,1.0,0.0,-40.0
1776884703.1021028,0.0,-3.0,-44.0
1776884703.1121027,-2.0,-4.0,-41.0
1776884703.1221027,-1.0,-2.0,-46.0
1776884703.1321027,0.0,-2.0,-44.0
1776884703.1421027,1.0,0.0,-45.0
1776884703.1521027,-3.0,3.0,-48.0
1776884703.1621027,-2.0,0.0,-47.0
1776884703.1721027,-2.0,6.0,-44.0
1776884703.182103,-4.0,5.0,-41.0
1776884703.192103,-2.0,6.0,-42.0
1776884703.202103,-5.0,2.0,-41.0
1776884703.212103,-5.0,2.0,-37.0
1776884703.2221026,-2.0,0.0,-39.0
1776884703.2321026,-3.0,0.0,-36.0
1776884703.2421026,-4.0,0.0,-39.0
1776884703.2521029,-4.0,4.0,-42.0
1776884703.2621028,-4.0,1.0,-40.0
1776884703.2721028,-1.0,0.0,-43.0
1776884703.2821028,-3.0,0.0,-41.0
1776884703.2921028,-3.0,-1.0,-31.0
1776884703.3021028,-1.0,0.0,-34.0
1776884703.3121028,-1.0,-7.0,-39.0
1776884703.3221028,2.0,-8.0,-41.0
1776884703.3321028,1.0,-6.0,-49.0
1776884703.3421028,2.0,-5.0,-54.0
1776884703.3521028,3.0,-3.0,-48.0
1776884703.3621027,5.0,0.0,-42.0
1776884703.3721027,1.0,0.0,-45.0
1776884703.3821027,2.0,3.0,-47.0
1776884703.3921027,2.0,3.0,-47.0
1776884703.4021027,-1.0,1.0,-44.0
1776884703.4121027,-5.0,3.0,-46.0
1776884703.4221027,-1.0,-1.0,-43.0
1776884703.432103,-1.0,2.0,-38.0
1776884703.442103,0.0,1.0,-31.0
1776884703.452103,-2.0,0.0,-45.0
1776884703.462103,-4.0,4.0,-44.0
1776884703.4721026,-1.0,4.0,-44.0
1776884703.4821026,0.0,5.0,-49.0
1776884703.4921026,6.0,0.0,-42.0
1776884703.5021029,6.0,1.0,-42.0
1776884703.5121028,6.0,3.0,-44.0
1776884703.5221028,6.0,-1.0,-55.0
1776884703.5321028,6.0,-1.0,-60.0
1776884703.5421028,0.0,-1.0,-57.0
1776884703.5521028,-5.0,-2.0,-52.0
1776884703.5621028,-5.0,0.0,-45.0
1776884703.5721028,-7.0,0.0,-52.0
1776884703.5821028,-5.0,1.0,-50.0
1776884703.5921028,-2.0,-2.0,-46.0
1776884703.6021028,0.0,0.0,-48.0
1776884703.6121027,0.0,-2.0,-50.0
1776884703.6221027,5.0,-5.0,-48.0
1776884703.6321027,9.0,-6.0,-50.0
1776884703.6421027,12.0,-6.0,-48.0
1776884703.6521027,10.0,-4.0,-56.0
1776884703.6621027,6.0,0.0,-53.0
1776884703.6721027,3.0,1.0,-48.0
1776884703.682103,0.0,-1.0,-47.0
1776884703.692103,1.0,0.0,-48.0
1776884703.702103,-1.0,0.0,-44.0
1776884703.712103,2.0,1.0,-41.0
1776884703.7221026,3.0,1.0,-43.0
1776884703.7321026,1.0,-2.0,-47.0
1776884703.7421026,-1.0,-2.0,-43.0
1776884703.7521029,2.0,-4.0,-49.0
1776884703.7621028,1.0,-4.0,-48.0
1776884703.7721028,0.0,-7.0,-48.0
1776884703.7821028,-2.0,-6.0,-56.0
1776884703.7921028,-1.0,-7.0,-58.0
1776884703.8021028,-1.0,-4.0,-59.0
1776884703.8121028,4.0,-6.0,-55.0
1776884703.8221028,0.0,-10.0,-48.0
1776884703.8321028,1.0,-8.0,-50.0
1776884703.8421028,0.0,-3.0,-50.0
1776884703.8521028,1.0,2.0,-48.0
1776884703.8621027,1.0,1.0,-46.0
1776884703.8721027,4.0,2.0,-45.0
1776884703.8821027,5.0,1.0,-47.0
1776884703.8921027,6.0,0.0,-54.0
1776884703.9021027,9.0,0.0,-55.0
1776884703.9121027,10.0,0.0,-48.0
1776884703.9221027,9.0,1.0,-49.0
1776884703.932103,9.0,2.0,-49.0
1776884703.942103,8.0,0.0,-47.0
1776884703.952103,4.0,-1.0,-51.0
1776884703.962103,2.0,0.0,-45.0
1776884703.9721026,2.0,0.0,-43.0
1776884703.9821026,3.0,-2.0,-45.0
1776884703.9921026,4.0,-3.0,-44.0
1776884704.0021029,7.0,-6.0,-43.0
1776884704.0121028,7.0,-4.0,-43.0
1776884704.0221028,8.0,-2.0,-55.0
1776884704.0321028,4.0,-1.0,-48.0
1776884704.0421028,5.0,0.0,-40.0
1776884704.0521028,8.0,5.0,-41.0
1776884704.0621028,6.0,2.0,-43.0
1776884704.0721028,6.0,3.0,-43.0
1776884704.0821028,2.0,4.0,-47.0
1776884704.0921028,0.0,1.0,-52.0
1776884704.1021028,-2.0,0.0,-53.0
1776884704.1121027,-1.0,0.0,-61.0
1776884704.1221027,1.0,0.0,-59.0
1776884704.1321027,4.0,1.0,-54.0
1776884704.1421027,4.0,3.0,-50.0
1776884704.1521027,2.0,1.0,-52.0
1776884704.1621027,1.0,0.0,-45.0
1776884704.1721027,0.0,3.0,-44.0
1776884704.182103,-2.0,2.0,-51.0
1776884704.192103,-2.0,2.0,-52.0
1776884704.202103,-5.0,2.0,-51.0
1776884704.212103,-3.0,0.0,-53.0
1776884704.2221026,-3.0,3.0,-56.0
1776884704.2321026,-1.0,4.0,-56.0
1776884704.2421026,-1.0,0.0,-52.0
1776884704.2521029,1.0,0.0,-57.0
1776884704.2621028,3.0,-1.0,-63.0
1776884704.2721028,4.0,-5.0,-63.0
1776884704.2821028,7.0,-5.0,-59.0
1776884704.2921028,6.0,-2.0,-58.0
1776884704.3021028,4.0,-2.0,-52.0
1776884704.3121028,-1.0,-5.0,-54.0
1776884704.3221028,-5.0,-4.0,-52.0
1776884704.3321028,-1.0,0.0,-51.0
1776884704.3421028,-1.0,-3.0,-52.0
1776884704.3521028,-2.0,0.0,-54.0
1776884704.3621027,-2.0,1.0,-53.0
1776884704.3721027,-1.0,2.0,-59.0
1776884704.3821027,-1.0,-1.0,-59.0
1776884704.3921027,-2.0,0.0,-55.0
1776884704.4021027,-1.0,0.0,-51.0
1776884704.4121027,0.0,-2.0,-51.0
1776884704.4221027,-3.0,-4.0,-45.0
1776884704.432103,-1.0,-3.0,-40.0
1776884704.442103,-2.0,-5.0,-38.0
1776884704.452103,-2.0,-6.0,-39.0
1776884704.462103,-2.0,-2.0,-45.0
1776884704.4721026,0.0,-3.0,-49.0
1776884704.4821026,1.0,-1.0,-50.0
1776884704.4921026,3.0,0.0,-46.0
1776884704.5021029,6.0,4.0,-46.0
1776884704.5121028,0.0,6.0,-50.0
1776884704.5221028,0.0,2.0,-53.0
1776884704.5321028,0.0,1.0,-55.0
1776884704.5421028,0.0,-3.0,-54.0
1776884704.5531027,-4.0,1.0,-53.0
1776884704.5621028,-7.0,4.0,-53.0
1776884704.5721028,-6.0,4.0,-55.0
1776884704.5831027,-5.0,2.0,-52.0
1776884704.5931027,-7.0,4.0,-52.0
1776884704.6031027,-8.0,2.0,-51.0
1776884704.613103,-6.0,-2.0,-43.0
1776884704.623103,-11.0,-8.0,-43.0
1776884704.633103,-8.0,-9.0,-54.0
1776884704.6431026,-6.0,-8.0,-50.0
1776884704.6531026,-3.0,-5.0,-54.0
1776884704.6631026,-3.0,0.0,-51.0
1776884704.6731029,-5.0,0.0,-47.0
1776884704.6831028,-4.0,-2.0,-48.0
1776884704.6931028,-6.0,-3.0,-45.0
1776884704.7031028,-6.0,0.0,-47.0
1776884704.7131028,-4.0,-1.0,-46.0
1776884704.7231028,-3.0,0.0,-53.0
1776884704.7331028,-6.0,0.0,-48.0
1776884704.7431028,-6.0,-4.0,-44.0
1776884704.7531028,-3.0,-3.0,-43.0
1776884704.7631028,-2.0,2.0,-44.0
1776884704.7731028,-3.0,1.0,-48.0
1776884704.7831028,-2.0,-1.0,-44.0
1776884704.7931027,0.0,-1.0,-41.0
1776884704.8031027,1.0,-1.0,-39.0
1776884704.8131027,2.0,2.0,-35.0
1776884704.8231027,3.0,4.0,-37.0
1776884704.8331027,2.0,3.0,-34.0
1776884704.8431027,0.0,3.0,-34.0
1776884704.8531027,-4.0,3.0,-32.0
1776884704.863103,-5.0,5.0,-42.0
1776884704.873103,0.0,0.0,-42.0
1776884704.883103,-3.0,3.0,-44.0
1776884704.8931026,0.0,0.0,-47.0
1776884704.9031026,0.0,0.0,-50.0
1776884704.9131026,7.0,1.0,-48.0
1776884704.9231029,8.0,3.0,-50.0
1776884704.9331028,13.0,1.0,-53.0
1776884704.9431028,10.0,0.0,-45.0
1776884704.9531028,8.0,-1.0,-45.0
1776884704.9631028,6.0,2.0,-43.0
1776884704.9731028,3.0,5.0,-46.0
1776884704.9831028,5.0,2.0,-47.0
1776884704.9931028,7.0,4.0,-50.0
1776884705.0031028,4.0,3.0,-48.0
1776884705.0131028,1.0,2.0,-41.0
1776884705.0231028,1.0,0.0,-38.0
1776884705.0331028,3.0,2.0,-39.0
1776884705.0431027,2.0,4.0,-38.0
1776884705.0531027,-1.0,6.0,-43.0
1776884705.0631027,-1.0,6.0,-49.0
1776884705.0731027,0.0,2.0,-54.0
1776884705.0831027,2.0,0.0,-51.0
1776884705.0931027,4.0,1.0,-56.0
1776884705.1031027,6.0,5.0,-56.0
1776884705.113103,6.0,3.0,-65.0
1776884705.123103,1.0,-2.0,-61.0
1776884705.133103,0.0,-3.0,-57.0
1776884705.1431026,-4.0,-3.0,-49.0
1776884705.1531026,-6.0,-3.0,-50.0
1776884705.1631026,-2.0,-1.0,-46.0
1776884705.1731029,0.0,-3.0,-46.0
1776884705.1831028,1.0,-2.0,-46.0
1776884705.1931028,4.0,-2.0,-41.0
1776884705.2031028,3.0,0.0,-36.0
1776884705.2131028,9.0,-3.0,-41.0
1776884705.2231028,15.0,-1.0,-47.0
1776884705.2331028,15.0,-5.0,-45.0
1776884705.2431028,11.0,-7.0,-40.0
1776884705.2531028,10.0,-6.0,-38.0
1776884705.2631028,10.0,-7.0,-41.0
1776884705.2731028,9.0,-7.0,-46.0
1776884705.2831028,7.0,-7.0,-51.0
1776884705.2931027,4.0,-8.0,-54.0
1776884705.3031027,1.0,-3.0,-55.0
1776884705.3131027,4.0,0.0,-52.0
1776884705.3231027,7.0,0.0,-64.0
1776884705.3331027,7.0,0.0,-58.0
1776884705.3431027,3.0,2.0,-52.0
1776884705.3531027,1.0,1.0,-51.0
1776884705.363103,-1.0,0.0,-51.0
1776884705.373103,-1.0,0.0,-51.0
1776884705.383103,-2.0,0.0,-48.0
1776884705.3931026,-3.0,0.0,-49.0
1776884705.4031026,-3.0,0.0,-46.0
1776884705.4131026,2.0,0.0,-44.0
1776884705.4231029,5.0,0.0,-49.0
1776884705.4331028,3.0,1.0,-40.0
1776884705.4431028,3.0,-1.0,-37.0
1776884705.4531028,5.0,-6.0,-42.0
1776884705.4631028,6.0,-8.0,-41.0
1776884705.4731028,8.0,-3.0,-44.0
1776884705.4831028,7.0,0.0,-45.0
1776884705.4931028,8.0,0.0,-42.0
1776884705.5031028,8.0,1.0,-39.0
1776884705.5131028,13.0,-3.0,-41.0
1776884705.5231028,15.0,0.0,-40.0
1776884705.5331028,11.0,0.0,-39.0
1776884705.5431027,7.0,-3.0,-41.0
1776884705.5531027,5.0,-5.0,-37.0
1776884705.5631027,8.0,-1.0,-34.0
1776884705.5731027,8.0,2.0,-30.0
1776884705.5831027,3.0,5.0,-29.0
1776884705.5931027,2.0,8.0,-29.0
1776884705.6031027,8.0,3.0,-32.0
1776884705.613103,6.0,8.0,-35.0
1776884705.623103,6.0,3.0,-37.0
1776884705.633103,4.0,1.0,-37.0
1776884705.6431026,-1.0,1.0,-41.0
1776884705.6531026,-1.0,0.0,-40.0
1776884705.6631026,2.0,0.0,-50.0
1776884705.6731029,0.0,1.0,-47.0
1776884705.6831028,0.0,0.0,-45.0
1776884705.6931028,0.0,-1.0,-39.0
1776884705.7031028,0.0,2.0,-42.0
1776884705.7131028,-1.0,-2.0,-43.0
1776884705.7231028,0.0,-4.0,-47.0
1776884705.7331028,-1.0,-2.0,-53.0
1776884705.7431028,-2.0,-2.0,-55.0
1776884705.7531028,-2.0,-1.0,-57.0
1776884705.7631028,-2.0,0.0,-51.0
1776884705.7731028,2.0,0.0,-54.0
1776884705.7831028,6.0,-3.0,-60.0
1776884705.7931027,2.0,-7.0,-54.0
1776884705.8031027,4.0,-4.0,-56.0
1776884705.8131027,4.0,-7.0,-58.0
1776884705.8231027,6.0,-8.0,-54.0
1776884705.8331027,8.0,-8.0,-48.0
1776884705.8431027,3.0,-9.0,-51.0
1776884705.8531027,1.0,-4.0,-53.0
1776884705.863103,0.0,0.0,-52.0
1776884705.873103,-1.0,0.0,-56.0
1776884705.883103,-1.0,1.0,-52.0
1776884705.8931026,-2.0,1.0,-49.0
1776884705.9031026,-1.0,5.0,-51.0
1776884705.9131026,-2.0,5.0,-55.0
1776884705.9231029,-1.0,3.0,-57.0
1776884705.9331028,0.0,4.0,-57.0
1776884705.9431028,-1.0,3.0,-52.0
1776884705.9531028,-4.0,0.0,-47.0
1776884705.9631028,0.0,0.0,-35.0
1776884705.9731028,1.0,-1.0,-36.0
1776884705.9831028,3.0,-1.0,-43.0
1776884705.9931028,4.0,0.0,-49.0
1776884706.0031028,0.0,-1.0,-47.0
1776884706.0131028,5.0,-4.0,-46.0
1776884706.0231028,2.0,-5.0,-43.0
1776884706.0331028,7.0,-3.0,-44.0
1776884706.0431027,2.0,0.0,-45.0
1776884706.0531027,0.0,-1.0,-42.0
1776884706.0631027,2.0,-3.0,-45.0
1776884706.0731027,4.0,-3.0,-51.0
1776884706.0831027,2.0,-7.0,-51.0
1776884706.0931027,0.0,-7.0,-55.0
1776884706.1031027,-2.0,-6.0,-55.0
1776884706.113103,1.0,-4.0,-48.0
1776884706.123103,1.0,-2.0,-43.0
1776884706.133103,-1.0,0.0,-42.0
1776884706.1431026,-2.0,0.0,-43.0
1776884706.1531026,-2.0,1.0,-41.0
1776884706.1631026,-2.0,-1.0,-49.0
1776884706.1731029,2.0,-4.0,-50.0
1776884706.1831028,0.0,-4.0,-50.0
1776884706.1931028,-2.0,-2.0,-57.0
1776884706.2031028,-3.0,0.0,-57.0
1776884706.2131028,-2.0,1.0,-57.0
1776884706.2231028,0.0,-1.0,-53.0
1776884706.2331028,1.0,1.0,-46.0
1776884706.2431028,4.0,1.0,-44.0
1776884706.2531028,4.0,-5.0,-41.0
1776884706.2631028,1.0,-4.0,-40.0
1776884706.2731028,0.0,-4.0,-46.0
1776884706.2831028,2.0,-2.0,-46.0
1776884706.2931027,4.0,-1.0,-42.0
1776884706.3031027,5.0,0.0,-41.0
1776884706.3131027,1.0,-1.0,-42.0
1776884706.3231027,2.0,-2.0,-36.0
1776884706.3331027,3.0,0.0,-37.0
1776884706.3431027,3.0,-5.0,-35.0
1776884706.3531027,3.0,-4.0,-40.0
1776884706.3641028,2.0,-6.0,-41.0
1776884706.373103,2.0,-4.0,-39.0
1776884706.383103,0.0,-6.0,-41.0
1776884706.3931026,-6.0,-8.0,-42.0
1776884706.4031026,-5.0,-8.0,-44.0
1776884706.4131026,-7.0,-5.0,-50.0
1776884706.4231029,-6.0,-1.0,-49.0
1776884706.4331028,-4.0,-2.0,-55.0
1776884706.4431028,-7.0,0.0,-56.0
1776884706.4531028,-9.0,0.0,-50.0
1776884706.4631028,-6.0,3.0,-45.0
1776884706.4731028,-2.0,3.0,-44.0
1776884706.4831028,-2.0,3.0,-46.0
1776884706.4931028,-1.0,2.0,-39.0
1776884706.5031028,0.0,1.0,-41.0
1776884706.5131028,0.0,0.0,-46.0
1776884706.5231028,2.0,-5.0,-53.0
1776884706.534103,-1.0,-4.0,-47.0
1776884706.544103,-2.0,-1.0,-47.0
1776884706.554103,1.0,-1.0,-49.0
1776884706.5641026,3.0,0.0,-46.0
1776884706.5741026,4.0,-4.0,-47.0
1776884706.5841026,6.0,0.0,-46.0
1776884706.5941026,6.0,0.0,-44.0
1776884706.6041028,3.0,1.0,-44.0
1776884706.6141028,1.0,3.0,-45.0
1776884706.6241028,2.0,3.0,-46.0
1776884706.6341028,-1.0,6.0,-51.0
1776884706.6441028,-1.0,3.0,-50.0
1776884706.6541028,0.0,-1.0,-45.0
1776884706.6641028,3.0,-4.0,-42.0
1776884706.6741028,5.0,-4.0,-42.0
1776884706.6841028,5.0,-5.0,-43.0
1776884706.6941028,7.0,-2.0,-42.0
1776884706.7041028,8.0,-3.0,-45.0
1776884706.7141027,3.0,-1.0,-42.0
1776884706.7241027,0.0,-2.0,-41.0
1776884706.7341027,-2.0,0.0,-46.0
1776884706.7441027,1.0,-1.0,-47.0
1776884706.7541027,0.0,0.0,-51.0
1776884706.7641027,-2.0,-2.0,-50.0
1776884706.7741027,3.0,-4.0,-43.0
1776884706.784103,3.0,-2.0,-41.0
1776884706.794103,5.0,0.0,-39.0
1776884706.804103,4.0,-1.0,-36.0
1776884706.8141026,3.0,-2.0,-35.0
1776884706.8241026,7.0,3.0,-37.0
1776884706.8341026,4.0,3.0,-44.0
1776884706.8441026,0.0,-1.0,-48.0
1776884706.8541028,1.0,-4.0,-51.0
1776884706.8641028,-1.0,-8.0,-58.0
1776884706.8741028,0.0,-9.0,-60.0
1776884706.8841028,-2.0,-7.0,-51.0
1776884706.8941028,-2.0,-5.0,-45.0
1776884706.9041028,-6.0,0.0,-44.0
1776884706.9141028,-6.0,1.0,-50.0
1776884706.9241028,-5.0,2.0,-54.0
1776884706.9341028,-1.0,6.0,-49.0
1776884706.9441028,1.0,2.0,-42.0
1776884706.9541028,0.0,3.0,-51.0
1776884706.9641027,-2.0,2.0,-50.0
1776884706.9741027,-4.0,2.0,-44.0
1776884706.9841027,-2.0,0.0,-44.0
1776884706.9941027,-2.0,0.0,-43.0
1776884707.0041027,-7.0,1.0,-49.0
1776884707.0141027,-3.0,0.0,-48.0
1776884707.0241027,-3.0,-3.0,-46.0
1776884707.034103,-1.0,-6.0,-41.0
1776884707.044103,0.0,-3.0,-34.0
1776884707.054103,-1.0,-7.0,-40.0
1776884707.0641026,-2.0,-8.0,-42.0
1776884707.0741026,-2.0,-9.0,-46.0
1776884707.0841026,-1.0,-12.0,-44.0
1776884707.0941026,0.0,-9.0,-46.0
1776884707.1041028,0.0,-3.0,-45.0
1776884707.1141028,-2.0,-3.0,-40.0
1776884707.1241028,-3.0,-6.0,-39.0
1776884707.1341028,-1.0,-6.0,-37.0
1776884707.1441028,-4.0,-8.0,-40.0
1776884707.1541028,-2.0,-8.0,-46.0
1776884707.1641028,-1.0,-7.0,-50.0
1776884707.1741028,-1.0,-2.0,-49.0
1776884707.1841028,0.0,0.0,-51.0
1776884707.1941028,2.0,1.0,-54.0
1776884707.2041028,0.0,7.0,-48.0
1776884707.2141027,-2.0,6.0,-51.0
1776884707.2241027,-2.0,4.0,-46.0
1776884707.2341027,-6.0,5.0,-47.0
1776884707.2441027,-4.0,2.0,-38.0
1776884707.2541027,-5.0,0.0,-37.0
1776884707.2641027,0.0,-3.0,-34.0
1776884707.2741027,-2.0,-2.0,-37.0
1776884707.284103,-2.0,-3.0,-36.0
1776884707.294103,-1.0,-1.0,-39.0
1776884707.304103,1.0,-4.0,-39.0
1776884707.3141026,0.0,-2.0,-39.0
1776884707.3241026,0.0,-2.0,-40.0
1776884707.3341026,2.0,0.0,-39.0
1776884707.3441026,2.0,-3.0,-43.0
1776884707.3541028,-1.0,-4.0,-47.0
1776884707.3641028,2.0,-6.0,-51.0
1776884707.3741028,5.0,-4.0,-50.0
1776884707.3841028,1.0,-5.0,-50.0
1776884707.3941028,2.0,-2.0,-48.0
1776884707.4041028,-2.0,-4.0,-48.0
1776884707.4141028,0.0,-3.0,-46.0
1776884707.4241028,0.0,-4.0,-45.0
1776884707.4341028,3.0,-2.0,-52.0
1776884707.4441028,1.0,-5.0,-49.0
1776884707.4541028,1.0,-6.0,-44.0
1776884707.4641027,0.0,-7.0,-47.0
1776884707.4741027,-1.0,-8.0,-50.0
1776884707.4841027,-1.0,-7.0,-46.0
1776884707.4941027,-6.0,-4.0,-44.0
1776884707.5041027,-5.0,0.0,-43.0
1776884707.5141027,-3.0,-3.0,-48.0
1776884707.5241027,0.0,0.0,-58.0
1776884707.534103,0.0,1.0,-51.0
1776884707.544103,0.0,1.0,-51.0
1776884707.554103,-4.0,3.0,-56.0
1776884707.5641026,-2.0,2.0,-48.0
1776884707.5741026,-4.0,0.0,-43.0
1776884707.5841026,-3.0,0.0,-43.0
1776884707.5941026,2.0,-5.0,-42.0
1776884707.6041028,3.0,-7.0,-41.0
1776884707.6141028,6.0,-2.0,-46.0
1776884707.6241028,8.0,2.0,-43.0
1776884707.6341028,4.0,0.0,-46.0
1776884707.6441028,4.0,1.0,-48.0
1776884707.6541028,0.0,-1.0,-47.0
1776884707.6641028,-2.0,-3.0,-50.0
1776884707.6741028,1.0,-6.0,-51.0
1776884707.6841028,3.0,-7.0,-47.0
1776884707.6941028,3.0,-3.0,-45.0
1776884707.7041028,0.0,1.0,-47.0
1776884707.7141027,0.0,0.0,-42.0
1776884707.7241027,-1.0,0.0,-44.0
1776884707.7341027,-3.0,2.0,-44.0
1776884707.7441027,0.0,3.0,-53.0
1776884707.7541027,1.0,-2.0,-45.0
1776884707.7641027,2.0,-3.0,-44.0
1776884707.7741027,6.0,-4.0,-43.0
1776884707.784103,5.0,-2.0,-40.0
1776884707.794103,9.0,1.0,-40.0
1776884707.804103,3.0,3.0,-36.0
1776884707.8141026,6.0,2.0,-32.0
1776884707.8241026,5.0,3.0,-32.0
1776884707.8341026,0.0,3.0,-28.0
1776884707.8441026,-2.0,-2.0,-31.0
1776884707.8541028,-2.0,-4.0,-36.0
1776884707.8641028,0.0,-8.0,-37.0
1776884707.8741028,1.0,-6.0,-38.0
1776884707.8841028,0.0,-2.0,-41.0
1776884707.8941028,-2.0,-2.0,-42.0
1776884707.9041028,-6.0,-3.0,-40.0
1776884707.9141028,-6.0,-3.0,-46.0
1776884707.9241028,0.0,-2.0,-42.0
1776884707.9341028,0.0,-8.0,-42.0
1776884707.9441028,1.0,-8.0,-41.0
1776884707.9541028,1.0,-11.0,-51.0
1776884707.9641027,0.0,-13.0,-51.0
1776884707.9741027,-1.0,-11.0,-45.0
1776884707.9841027,0.0,-10.0,-38.0
1776884707.9941027,0.0,-10.0,-38.0
1776884708.0041027,0.0,-4.0,-34.0
1776884708.0141027,-4.0,-4.0,-36.0
1776884708.0241027,-2.0,-1.0,-34.0
1776884708.034103,0.0,-1.0,-32.0
1776884708.044103,2.0,2.0,-31.0
1776884708.054103,2.0,2.0,-28.0
1776884708.0641026,-2.0,3.0,-24.0
1776884708.0741026,-1.0,0.0,-35.0
1776884708.0841026,0.0,0.0,-44.0
1776884708.0941026,0.0,2.0,-39.0
1776884708.1041028,0.0,0.0,-40.0
1776884708.1141028,-11.0,2.0,-42.0
1776884708.1241028,-13.0,1.0,-49.0
1776884708.1341028,-13.0,0.0,-49.0
1776884708.1441028,-9.0,0.0,-45.0
1776884708.1541028,-6.0,1.0,-46.0
1776884708.1641028,-1.0,3.0,-51.0
1776884708.1741028,0.0,4.0,-46.0
1776884708.1841028,0.0,2.0,-44.0
1776884708.1941028,2.0,1.0,-43.0
1776884708.2041028,2.0,1.0,-46.0
1776884708.2141027,1.0,0.0,-45.0
1776884708.2241027,0.0,-2.0,-37.0
1776884708.2341027,-1.0,2.0,-36.0
1776884708.2441027,0.0,1.0,-33.0
1776884708.2541027,7.0,4.0,-37.0
1776884708.2641027,4.0,6.0,-40.0
1776884708.2741027,2.0,5.0,-42.0
1776884708.284103,2.0,0.0,-40.0
1776884708.294103,5.0,-2.0,-42.0
1776884708.304103,3.0,-2.0,-43.0
1776884708.3141026,-3.0,0.0,-45.0
1776884708.3241026,-3.0,0.0,-50.0
1776884708.3341026,-4.0,0.0,-51.0
1776884708.3441026,-3.0,0.0,-45.0
1776884708.3541028,4.0,0.0,-49.0
1776884708.3641028,6.0,4.0,-47.0
1776884708.3741028,5.0,-1.0,-46.0
1776884708.3841028,5.0,-1.0,-47.0
1776884708.3941028,4.0,-6.0,-47.0
1776884708.4041028,3.0,-8.0,-52.0
1776884708.4141028,4.0,-11.0,-58.0
1776884708.4241028,2.0,-5.0,-54.0
1776884708.4341028,2.0,-8.0,-50.0
1776884708.4441028,3.0,-8.0,-49.0
1776884708.4541028,3.0,-8.0,-42.0
1776884708.4641027,3.0,-7.0,-35.0
1776884708.4741027,0.0,-7.0,-31.0
1776884708.4841027,0.0,-10.0,-38.0
1776884708.4941027,-1.0,-8.0,-47.0
1776884708.5041027,0.0,-6.0,-48.0
1776884708.5151026,-2.0,-6.0,-53.0
1776884708.5251029,0.0,-6.0,-52.0
1776884708.5351028,2.0,-5.0,-49.0
1776884708.5451028,3.0,-2.0,-50.0
1776884708.5551028,6.0,-6.0,-49.0
1776884708.5651028,3.0,-7.0,-53.0
1776884708.5751028,2.0,-4.0,-50.0
1776884708.5851028,2.0,-1.0,-51.0
1776884708.5951028,2.0,-1.0,-50.0
1776884708.6051028,5.0,-1.0,-39.0
1776884708.6151028,1.0,-1.0,-39.0
1776884708.6251028,4.0,-4.0,-37.0
1776884708.6351027,5.0,-6.0,-41.0
1776884708.6451027,8.0,-7.0,-43.0
1776884708.6551027,6.0,-5.0,-43.0
1776884708.6651027,3.0,-3.0,-44.0
1776884708.6751027,3.0,-4.0,-42.0
1776884708.6851027,2.0,0.0,-40.0
1776884708.6951027,5.0,1.0,-45.0
1776884708.7051027,4.0,3.0,-42.0
1776884708.715103,0.0,2.0,-47.0
1776884708.725103,2.0,-2.0,-50.0
1776884708.735103,1.0,-1.0,-44.0
1776884708.7451026,-1.0,1.0,-36.0
1776884708.7551026,1.0,-3.0,-44.0
1776884708.7651026,2.0,-1.0,-43.0
1776884708.7751029,3.0,4.0,-36.0
1776884708.7851028,2.0,2.0,-43.0
1776884708.7951028,3.0,-2.0,-47.0
1776884708.8051028,2.0,-3.0,-48.0
1776884708.8151028,3.0,-4.0,-48.0
1776884708.8251028,-2.0,-5.0,-48.0
1776884708.8351028,-2.0,-5.0,-46.0
1776884708.8451028,-1.0,-4.0,-45.0
1776884708.8551028,-2.0,-5.0,-42.0
1776884708.8651028,1.0,-10.0,-48.0
1776884708.8751028,1.0,-10.0,-51.0
1776884708.8851027,2.0,-7.0,-53.0
1776884708.8951027,1.0,-2.0,-48.0
1776884708.9051027,3.0,-2.0,-45.0
1776884708.9151027,2.0,-2.0,-37.0
1776884708.9251027,2.0,-4.0,-32.0
1776884708.9351027,4.0,-2.0,-35.0
1776884708.9451027,6.0,-3.0,-40.0
1776884708.9551027,7.0,-3.0,-44.0
1776884708.965103,4.0,-5.0,-46.0
1776884708.975103,0.0,0.0,-39.0
1776884708.985103,3.0,-1.0,-42.0
1776884708.9951026,0.0,0.0,-46.0
1776884709.0051026,3.0,-3.0,-44.0
1776884709.0151026,2.0,0.0,-43.0
1776884709.0251029,3.0,-2.0,-45.0
1776884709.0351028,4.0,-3.0,-49.0
1776884709.0451028,-1.0,0.0,-48.0
1776884709.0551028,0.0,0.0,-44.0
1776884709.0651028,1.0,0.0,-48.0
1776884709.0751028,0.0,-2.0,-48.0
1776884709.0851028,-3.0,-3.0,-49.0
1776884709.0951028,-3.0,0.0,-44.0
1776884709.1051028,0.0,0.0,-39.0
1776884709.1151028,5.0,-3.0,-41.0
1776884709.1251028,1.0,-6.0,-44.0
1776884709.1351027,0.0,-8.0,-43.0
1776884709.1451027,1.0,-8.0,-38.0
1776884709.1551027,-1.0,-4.0,-39.0
1776884709.1651027,-5.0,-2.0,-37.0
1776884709.1751027,-3.0,1.0,-35.0
1776884709.1851027,-4.0,4.0,-27.0
1776884709.1951027,-7.0,3.0,-33.0
1776884709.2051027,-2.0,4.0,-41.0
1776884709.215103,0.0,3.0,-43.0
1776884709.225103,-4.0,4.0,-47.0
1776884709.235103,-2.0,4.0,-51.0
1776884709.2451026,0.0,0.0,-52.0
1776884709.2551026,0.0,-1.0,-50.0
1776884709.2651026,1.0,0.0,-56.0
1776884709.2751029,-1.0,-2.0,-45.0
1776884709.2851028,-1.0,-2.0,-41.0
1776884709.2951028,-3.0,-2.0,-42.0
1776884709.3051028,0.0,-2.0,-45.0
1776884709.3151028,2.0,-3.0,-44.0
1776884709.3251028,4.0,-4.0,-39.0
1776884709.3351028,1.0,-7.0,-41.0
1776884709.3451028,3.0,-9.0,-45.0
1776884709.3551028,3.0,-10.0,-45.0
1776884709.3651028,8.0,-10.0,-48.0
1776884709.3751028,12.0,-8.0,-46.0
1776884709.3851027,10.0,-6.0,-42.0
1776884709.3951027,13.0,-6.0,-44.0
1776884709.4051027,11.0,0.0,-46.0
1776884709.4151027,8.0,-2.0,-45.0
1776884709.4251027,7.0,-3.0,-44.0
1776884709.4351027,5.0,-4.0,-43.0
1776884709.4451027,7.0,-5.0,-40.0
1776884709.4551027,7.0,0.0,-42.0
1776884709.465103,3.0,0.0,-41.0
1776884709.475103,2.0,-3.0,-40.0
1776884709.485103,-2.0,-7.0,-43.0
1776884709.4951026,1.0,-4.0,-42.0
1776884709.5051026,0.0,-1.0,-46.0
1776884709.5151026,2.0,2.0,-54.0
1776884709.5251029,6.0,-2.0,-52.0
1776884709.5351028,7.0,-4.0,-50.0
1776884709.5451028,9.0,-1.0,-48.0
1776884709.5551028,7.0,-6.0,-45.0
1776884709.5651028,2.0,-7.0,-40.0
1776884709.5751028,0.0,-4.0,-36.0
1776884709.5851028,0.0,-6.0,-41.0
1776884709.5951028,1.0,-4.0,-47.0
1776884709.6051028,4.0,-5.0,-52.0
1776884709.6151028,9.0,-2.0,-48.0
1776884709.6251028,8.0,-2.0,-47.0
1776884709.6351027,7.0,1.0,-49.0
1776884709.6451027,7.0,3.0,-53.0
1776884709.6551027,6.0,7.0,-60.0
1776884709.6651027,3.0,9.0,-63.0
1776884709.6751027,2.0,8.0,-62.0
1776884709.6851027,-1.0,6.0,-58.0
1776884709.6951027,-5.0,3.0,-57.0
1776884709.7051027,-4.0,-1.0,-55.0
1776884709.715103,-1.0,-2.0,-44.0
1776884709.725103,-1.0,-4.0,-46.0
1776884709.735103,-5.0,-4.0,-52.0
1776884709.7451026,-5.0,-1.0,-48.0
1776884709.7551026,-5.0,-1.0,-49.0
1776884709.7651026,-5.0,-3.0,-50.0
1776884709.7751029,-4.0,-1.0,-48.0
1776884709.7851028,-5.0,-1.0,-51.0
1776884709.7951028,-7.0,-2.0,-51.0
1776884709.8051028,-10.0,-5.0,-47.0
1776884709.8151028,-9.0,-4.0,-42.0
1776884709.8251028,-5.0,-4.0,-46.0
1776884709.8351028,-2.0,-5.0,-39.0
1776884709.8451028,-1.0,-4.0,-39.0
1776884709.8551028,0.0,-6.0,-40.0
1776884709.8651028,-2.0,-5.0,-41.0
1776884709.8751028,0.0,-3.0,-40.0
1776884709.8851027,0.0,-4.0,-38.0
1776884709.8951027,3.0,-1.0,-42.0
1776884709.9051027,4.0,1.0,-32.0
1776884709.9151027,0.0,0.0,-35.0
1776884709.9251027,-2.0,1.0,-37.0
1776884709.9351027,-3.0,-3.0,-38.0
1776884709.9451027,-3.0,-4.0,-41.0
1776884709.9551027,-1.0,-3.0,-40.0
1776884709.965103,-2.0,-1.0,-41.0
1776884709.975103,-1.0,0.0,-41.0
1776884709.985103,0.0,-2.0,-45.0
1776884709.9951026,0.0,0.0,-52.0
1776884710.0051026,0.0,0.0,-50.0
1776884710.0151026,-2.0,-3.0,-49.0
1776884710.0251029,0.0,-4.0,-45.0
1776884710.0351028,0.0,-5.0,-48.0
1776884710.0451028,-1.0,0.0,-46.0
1776884710.0551028,2.0,1.0,-44.0
1776884710.0651028,2.0,-2.0,-46.0
1776884710.0751028,1.0,0.0,-47.0
1776884710.0851028,4.0,0.0,-49.0
1776884710.0951028,5.0,-4.0,-46.0
1776884710.1051028,4.0,-10.0,-44.0
1776884710.1151028,-1.0,-5.0,-46.0
1776884710.1251028,0.0,-6.0,-53.0
1776884710.1351027,-2.0,-5.0,-52.0
1776884710.1451027,0.0,0.0,-50.0
1776884710.1551027,3.0,2.0,-47.0
1776884710.1651027,5.0,5.0,-41.0
1776884710.1751027,7.0,6.0,-32.0
1776884710.1851027,7.0,1.0,-33.0
1776884710.1951027,6.0,4.0,-39.0
1776884710.2051027,4.0,7.0,-40.0
1776884710.215103,7.0,6.0,-38.0
1776884710.225103,6.0,8.0,-41.0
1776884710.235103,6.0,8.0,-44.0
1776884710.2451026,0.0,5.0,-41.0
1776884710.2551026,2.0,6.0,-38.0
1776884710.2651026,3.0,4.0,-36.0
1776884710.2751029,2.0,5.0,-35.0
1776884710.2851028,1.0,4.0,-36.0
1776884710.2951028,0.0,7.0,-38.0
1776884710.3051028,3.0,3.0,-41.0
1776884710.3151028,1.0,2.0,-44.0
1776884710.3251028,-1.0,3.0,-42.0
1776884710.3351028,0.0,0.0,-43.0
1776884710.3451028,-4.0,0.0,-49.0
1776884710.3551028,-6.0,0.0,-52.0
1776884710.3651028,-8.0,-1.0,-51.0
1776884710.3751028,-5.0,0.0,-49.0
1776884710.3851027,-2.0,-5.0,-50.0
1776884710.3951027,0.0,-5.0,-48.0
1776884710.4051027,-2.0,-3.0,-47.0
1776884710.4151027,-4.0,-3.0,-43.0
1776884710.4251027,0.0,-4.0,-47.0
1776884710.4351027,3.0,-5.0,-43.0
1776884710.4451027,3.0,-8.0,-45.0
1776884710.4561028,2.0,-8.0,-46.0
1776884710.465103,4.0,-8.0,-48.0
1776884710.4761028,9.0,-3.0,-47.0
1776884710.485103,7.0,-2.0,-44.0
1776884710.4961028,2.0,0.0,-45.0
1776884710.5061028,1.0,2.0,-51.0
1776884710.5161028,3.0,-1.0,-47.0
1776884710.5261028,6.0,-1.0,-42.0
1776884710.5361028,6.0,0.0,-40.0
1776884710.5461028,4.0,0.0,-37.0
1776884710.5561028,-1.0,-2.0,-39.0
1776884710.5661027,-5.0,-3.0,-36.0
1776884710.5761027,-4.0,-2.0,-37.0
1776884710.5861027,-4.0,-5.0,-40.0
1776884710.5961027,-4.0,-6.0,-41.0
1776884710.6061027,0.0,-7.0,-39.0
1776884710.6161027,-1.0,-6.0,-37.0
1776884710.6261027,-3.0,-7.0,-37.0
1776884710.636103,-1.0,-2.0,-38.0
1776884710.646103,2.0,0.0,-42.0
1776884710.656103,0.0,-1.0,-45.0
1776884710.6661026,1.0,-2.0,-47.0
1776884710.6761026,0.0,-4.0,-45.0
1776884710.6861026,4.0,-2.0,-50.0
1776884710.6961029,4.0,-1.0,-45.0
1776884710.7061028,1.0,-1.0,-47.0
1776884710.7161028,6.0,0.0,-38.0
1776884710.7261028,4.0,3.0,-40.0
1776884710.7361028,0.0,-2.0,-42.0
1776884710.7461028,1.0,-4.0,-47.0
1776884710.7561028,5.0,-7.0,-50.0
1776884710.7661028,10.0,-5.0,-56.0
1776884710.7761028,9.0,-5.0,-60.0
1776884710.7861028,11.0,-4.0,-59.0
1776884710.7961028,11.0,-3.0,-60.0
1776884710.8061028,6.0,0.0,-57.0
1776884710.8161027,7.0,0.0,-48.0
1776884710.8261027,6.0,-3.0,-42.0
1776884710.8361027,3.0,-6.0,-41.0
1776884710.8461027,4.0,-6.0,-45.0
1776884710.8561027,8.0,-2.0,-47.0
1776884710.8661027,3.0,-3.0,-44.0
1776884710.8761027,-3.0,-6.0,-40.0
1776884710.886103,0.0,-5.0,-45.0
1776884710.896103,4.0,-1.0,-44.0
1776884710.906103,1.0,-1.0,-41.0
1776884710.9161026,1.0,1.0,-47.0
1776884710.9261026,-3.0,6.0,-47.0
1776884710.9361026,-7.0,4.0,-46.0
1776884710.9461029,-4.0,2.0,-51.0
1776884710.9561028,0.0,4.0,-54.0
1776884710.9661028,2.0,3.0,-50.0
1776884710.9761028,1.0,2.0,-46.0
1776884710.9861028,0.0,1.0,-43.0
1776884710.9961028,4.0,0.0,-52.0
1776884711.0061028,2.0,-2.0,-49.0
1776884711.0161028,1.0,-1.0,-45.0
1776884711.0261028,4.0,0.0,-45.0
1776884711.0361028,5.0,-2.0,-46.0
1776884711.0461028,3.0,-6.0,-49.0
1776884711.0561028,3.0,-5.0,-47.0
1776884711.0661027,-2.0,-1.0,-45.0
1776884711.0761027,-1.0,-1.0,-49.0
1776884711.0861027,4.0,-2.0,-46.0
1776884711.0961027,5.0,-1.0,-46.0
1776884711.1061027,3.0,0.0,-47.0
1776884711.1161027,3.0,1.0,-48.0
1776884711.1261027,0.0,0.0,-42.0
1776884711.136103,1.0,-4.0,-45.0
1776884711.146103,3.0,-8.0,-41.0
1776884711.156103,7.0,-7.0,-42.0
1776884711.1661026,3.0,-5.0,-39.0
1776884711.1771028,-2.0,-2.0,-42.0
1776884711.1861026,-3.0,0.0,-46.0
1776884711.1961029,-4.0,5.0,-45.0
1776884711.2061028,-2.0,3.0,-34.0
1776884711.2161028,0.0,0.0,-29.0
1776884711.2261028,-1.0,-3.0,-39.0
1776884711.2361028,-3.0,-5.0,-36.0
1776884711.2461028,3.0,-4.0,-38.0
1776884711.2561028,1.0,0.0,-45.0
1776884711.2661028,2.0,1.0,-50.0
1776884711.2761028,7.0,7.0,-52.0
1776884711.2861028,3.0,3.0,-55.0
1776884711.2961028,4.0,3.0,-61.0
1776884711.3061028,5.0,-4.0,-57.0
1776884711.3161027,4.0,-8.0,-63.0
1776884711.3261027,2.0,-8.0,-61.0
1776884711.3361027,2.0,-4.0,-61.0
1776884711.3461027,0.0,-4.0,-59.0
1776884711.3561027,-2.0,0.0,-46.0
1776884711.3661027,-1.0,1.0,-40.0
1776884711.3761027,0.0,0.0,-38.0
1776884711.386103,3.0,1.0,-47.0
1776884711.396103,0.0,0.0,-43.0
1776884711.406103,6.0,4.0,-40.0
1776884711.4161026,4.0,0.0,-42.0
1776884711.4261026,0.0,2.0,-47.0
1776884711.4361026,-1.0,0.0,-49.0
1776884711.4461029,-2.0,-1.0,-48.0
1776884711.4561028,-2.0,1.0,-49.0
1776884711.4661028,0.0,4.0,-48.0
1776884711.4761028,-1.0,2.0,-49.0
1776884711.4861028,-4.0,0.0,-53.0
1776884711.4961028,1.0,-1.0,-60.0
1776884711.5061028,2.0,-2.0,-58.0
1776884711.5161028,5.0,-1.0,-57.0
1776884711.5261028,7.0,-5.0,-57.0
1776884711.5361028,5.0,-5.0,-55.0
1776884711.5461028,5.0,-8.0,-49.0
1776884711.5561028,7.0,-6.0,-45.0
1776884711.5661027,9.0,-5.0,-43.0
1776884711.5761027,3.0,-3.0,-39.0
1776884711.5861027,1.0,-5.0,-39.0
1776884711.5961027,2.0,-5.0,-47.0
1776884711.6061027,6.0,-4.0,-49.0
1776884711.6161027,9.0,-4.0,-50.0
1776884711.6261027,7.0,-2.0,-58.0
1776884711.636103,5.0,0.0,-56.0
1776884711.646103,9.0,5.0,-49.0
1776884711.656103,11.0,2.0,-45.0
1776884711.6661026,10.0,4.0,-39.0
1776884711.6761026,12.0,5.0,-33.0
1776884711.6861026,7.0,4.0,-39.0
1776884711.6961029,0.0,2.0,-51.0
1776884711.7061028,-8.0,2.0,-51.0
1776884711.7161028,-4.0,4.0,-54.0
1776884711.7261028,-5.0,4.0,-53.0
1776884711.7361028,-5.0,0.0,-52.0
1776884711.7461028,-2.0,-3.0,-49.0
1776884711.7561028,-2.0,-4.0,-47.0
1776884711.7661028,-2.0,-2.0,-45.0
1776884711.7761028,-1.0,-2.0,-43.0
1776884711.7861028,-4.0,0.0,-44.0
1776884711.7961028,0.0,0.0,-47.0
1776884711.8061028,1.0,-4.0,-48.0
1776884711.8161027,1.0,-1.0,-46.0
1776884711.8261027,0.0,-1.0,-43.0
1776884711.8361027,1.0,-1.0,-40.0
1776884711.8461027,-1.0,0.0,-36.0
1776884711.8561027,0.0,-5.0,-34.0
1776884711.8661027,-4.0,-4.0,-38.0
1776884711.8761027,-6.0,-5.0,-41.0
1776884711.886103,-4.0,-5.0,-39.0
1776884711.896103,-4.0,0.0,-45.0
1776884711.906103,0.0,0.0,-50.0
1776884711.9161026,0.0,-2.0,-48.0
1776884711.9261026,0.0,-6.0,-52.0
1776884711.9361026,-4.0,-7.0,-57.0
1776884711.9461029,-4.0,-4.0,-48.0
1776884711.9561028,-4.0,-4.0,-46.0
1776884711.9661028,-1.0,-9.0,-49.0
1776884711.9761028,1.0,-10.0,-50.0
1776884711.9861028,1.0,-5.0,-49.0
1776884711.9961028,0.0,0.0,-45.0
1776884712.0061028,1.0,2.0,-40.0
1776884712.0161028,0.0,6.0,-39.0
1776884712.0261028,2.0,6.0,-38.0
1776884712.0361028,0.0,6.0,-38.0
1776884712.0461028,-1.0,9.0,-42.0
1776884712.0561028,-2.0,5.0,-36.0
1776884712.0661027,0.0,0.0,-32.0
1776884712.0761027,0.0,2.0,-33.0
1776884712.0861027,-5.0,0.0,-36.0
1776884712.0961027,-7.0,-5.0,-44.0
1776884712.1061027,-7.0,-2.0,-50.0
1776884712.1161027,-4.0,2.0,-52.0
1776884712.1261027,-3.0,5.0,-47.0
1776884712.136103,-1.0,3.0,-45.0
1776884712.146103,-1.0,1.0,-50.0
1776884712.156103,-7.0,-2.0,-48.0
1776884712.1661026,-5.0,-4.0,-49.0
1776884712.1761026,2.0,-9.0,-49.0
1776884712.1861026,1.0,-8.0,-51.0
1776884712.1961029,4.0,-2.0,-47.0
1776884712.2061028,3.0,0.0,-47.0
1776884712.2161028,0.0,-4.0,-48.0
1776884712.2261028,-2.0,-4.0,-49.0
1776884712.2361028,0.0,-5.0,-55.0
1776884712.2461028,2.0,-3.0,-58.0
1776884712.2561028,4.0,-4.0,-61.0
1776884712.2661028,3.0,-3.0,-59.0
1776884712.2761028,3.0,0.0,-58.0
1776884712.2861028,-5.0,-1.0,-57.0
1776884712.2961028,-3.0,1.0,-52.0
1776884712.3061028,-3.0,3.0,-48.0
1776884712.3161027,0.0,4.0,-48.0
1776884712.3261027,5.0,4.0,-48.0
1776884712.3361027,5.0,2.0,-52.0
1776884712.3461027,2.0,-1.0,-51.0
1776884712.3561027,0.0,-3.0,-48.0
1776884712.3661027,-1.0,-2.0,-53.0
1776884712.3761027,-4.0,-5.0,-48.0
1776884712.386103,-3.0,-6.0,-47.0
1776884712.396103,-5.0,-4.0,-41.0
1776884712.406103,-5.0,-1.0,-41.0
1776884712.4161026,0.0,-4.0,-41.0
1776884712.4261026,0.0,-3.0,-42.0
1776884712.4361026,-1.0,-6.0,-42.0
1776884712.4461029,2.0,-3.0,-48.0
1776884712.4571028,4.0,-6.0,-47.0
1776884712.4661028,5.0,-5.0,-48.0
1776884712.4771028,9.0,-4.0,-47.0
1776884712.4871027,5.0,-8.0,-41.0
1776884712.4971027,7.0,-10.0,-36.0
1776884712.5071027,6.0,-5.0,-46.0
1776884712.5171027,4.0,-4.0,-53.0
1776884712.5271027,1.0,0.0,-47.0
1776884712.5371027,0.0,-3.0,-45.0
1776884712.5471027,1.0,-4.0,-53.0
1776884712.5581028,6.0,-1.0,-51.0
1776884712.567103,0.0,-4.0,-50.0
1776884712.577103,0.0,-4.0,-51.0
1776884712.587103,0.0,-3.0,-49.0
1776884712.5971026,3.0,0.0,-47.0
1776884712.6071026,5.0,-2.0,-52.0
1776884712.6171026,7.0,0.0,-48.0
1776884712.6271029,6.0,0.0,-52.0
1776884712.6371028,6.0,0.0,-53.0
1776884712.6471028,4.0,0.0,-45.0
1776884712.6571028,3.0,4.0,-41.0
1776884712.6671028,1.0,0.0,-41.0
1776884712.6771028,0.0,0.0,-41.0
1776884712.6871028,3.0,-6.0,-42.0
1776884712.6971028,2.0,-3.0,-40.0
1776884712.7071028,1.0,-2.0,-47.0
1776884712.7171028,3.0,-3.0,-45.0
1776884712.7271028,6.0,-6.0,-46.0
1776884712.7371027,8.0,-3.0,-44.0
1776884712.7471027,8.0,-3.0,-48.0
1776884712.7571027,6.0,-1.0,-53.0
1776884712.7671027,4.0,1.0,-50.0
1776884712.7771027,6.0,5.0,-53.0
1776884712.7871027,6.0,6.0,-50.0
1776884712.7971027,3.0,5.0,-48.0
1776884712.807103,0.0,3.0,-52.0
1776884712.817103,-4.0,2.0,-44.0
1776884712.827103,-1.0,1.0,-38.0
1776884712.837103,-1.0,0.0,-38.0
1776884712.8471026,0.0,-2.0,-38.0
1776884712.8571026,0.0,-1.0,-40.0
1776884712.8671026,-1.0,-3.0,-40.0
1776884712.8771029,0.0,-5.0,-43.0
1776884712.8871028,-3.0,-3.0,-47.0
1776884712.8971028,-2.0,-5.0,-44.0
1776884712.9071028,-6.0,-6.0,-47.0
1776884712.9171028,-4.0,-3.0,-53.0
1776884712.9271028,-5.0,-3.0,-54.0
1776884712.9371028,-4.0,-6.0,-54.0
1776884712.9471028,-5.0,-8.0,-52.0
1776884712.9571028,0.0,-5.0,-48.0
1776884712.9671028,0.0,0.0,-44.0
1776884712.9771028,0.0,0.0,-41.0
1776884712.9871027,-3.0,0.0,-49.0
1776884712.9971027,0.0,0.0,-47.0
1776884713.0071027,0.0,-6.0,-46.0
1776884713.0171027,0.0,-7.0,-42.0
1776884713.0271027,3.0,-7.0,-42.0
1776884713.0371027,7.0,-7.0,-41.0
1776884713.0471027,5.0,-3.0,-36.0
1776884713.057103,3.0,-2.0,-28.0
1776884713.067103,7.0,1.0,-28.0
1776884713.077103,2.0,1.0,-32.0
1776884713.087103,2.0,3.0,-31.0
1776884713.0971026,0.0,1.0,-37.0
1776884713.1071026,0.0,0.0,-43.0
1776884713.1171026,1.0,-4.0,-38.0
1776884713.1271029,1.0,-3.0,-36.0
1776884713.1371028,1.0,-4.0,-34.0
1776884713.1471028,1.0,-2.0,-35.0
1776884713.1571028,4.0,-1.0,-34.0
1776884713.1671028,3.0,-2.0,-40.0
1776884713.1771028,-1.0,-6.0,-41.0
1776884713.1871028,-2.0,-5.0,-41.0
1776884713.1971028,-2.0,-1.0,-49.0
1776884713.2071028,0.0,0.0,-48.0
1776884713.2171028,5.0,1.0,-41.0
1776884713.2271028,3.0,0.0,-37.0
1776884713.2371027,1.0,-2.0,-36.0
1776884713.2471027,0.0,-3.0,-41.0
1776884713.2571027,1.0,-1.0,-46.0
1776884713.2671027,2.0,0.0,-43.0
1776884713.2771027,1.0,1.0,-45.0
1776884713.2871027,5.0,1.0,-48.0
1776884713.2971027,9.0,0.0,-50.0
1776884713.307103,4.0,0.0,-57.0
1776884713.317103,0.0,-2.0,-54.0
1776884713.327103,-1.0,-3.0,-49.0
1776884713.337103,-2.0,-1.0,-43.0
1776884713.3471026,-2.0,-2.0,-44.0
1776884713.3571026,0.0,0.0,-48.0
1776884713.3671026,0.0,-2.0,-50.0
1776884713.3771029,2.0,-3.0,-47.0
1776884713.3871028,1.0,-5.0,-38.0
1776884713.3971028,0.0,-5.0,-43.0
1776884713.4071028,-1.0,-3.0,-41.0
1776884713.4171028,-5.0,-2.0,-43.0
1776884713.4271028,-6.0,-2.0,-42.0
1776884713.4371028,-2.0,-2.0,-40.0
1776884713.4471028,-4.0,-5.0,-45.0
1776884713.4571028,-3.0,-3.0,-46.0
1776884713.4671028,-3.0,-3.0,-43.0
1776884713.4771028,-2.0,-3.0,-51.0
1776884713.4871027,0.0,-3.0,-43.0
1776884713.4971027,0.0,-5.0,-40.0
1776884713.5071027,2.0,0.0,-46.0
1776884713.5171027,4.0,-1.0,-47.0
1776884713.5271027,5.0,-1.0,-50.0
1776884713.5371027,3.0,-1.0,-46.0
1776884713.5471027,0.0,-5.0,-41.0
1776884713.557103,1.0,-7.0,-39.0
1776884713.567103,0.0,-7.0,-41.0
1776884713.577103,0.0,-3.0,-41.0
1776884713.5881028,-3.0,-4.0,-37.0
1776884713.5971026,-8.0,-5.0,-35.0
1776884713.6071026,-6.0,-3.0,-29.0
1776884713.6171026,-11.0,-3.0,-31.0
1776884713.6271029,-5.0,0.0,-34.0
1776884713.6371028,-6.0,-2.0,-32.0
1776884713.6471028,-5.0,-1.0,-41.0
1776884713.6571028,-5.0,0.0,-44.0
1776884713.6671028,-10.0,0.0,-45.0
1776884713.6771028,-6.0,-5.0,-45.0
1776884713.6871028,-5.0,-5.0,-45.0
1776884713.6971028,-8.0,-1.0,-43.0
1776884713.7071028,-7.0,-3.0,-45.0
1776884713.7171028,-4.0,0.0,-47.0
1776884713.7271028,-6.0,-2.0,-50.0
1776884713.7371027,-6.0,-1.0,-54.0
1776884713.7471027,-5.0,-5.0,-51.0
1776884713.7571027,-1.0,-5.0,-49.0
1776884713.7671027,0.0,-4.0,-51.0
1776884713.7771027,2.0,-3.0,-51.0
1776884713.7871027,2.0,-1.0,-52.0
1776884713.7971027,5.0,0.0,-52.0
1776884713.807103,2.0,1.0,-51.0
1776884713.817103,3.0,-1.0,-50.0
1776884713.827103,-2.0,-7.0,-47.0
1776884713.837103,-4.0,-9.0,-44.0
1776884713.8471026,0.0,-8.0,-49.0
1776884713.8571026,6.0,-10.0,-56.0
1776884713.8671026,5.0,-4.0,-53.0
1776884713.8771029,0.0,-6.0,-57.0
1776884713.8871028,2.0,-7.0,-58.0
1776884713.8971028,0.0,-5.0,-54.0
1776884713.9071028,1.0,-6.0,-57.0
1776884713.9171028,0.0,-9.0,-51.0
1776884713.9271028,0.0,-7.0,-45.0
1776884713.9371028,0.0,-4.0,-46.0
1776884713.9471028,4.0,-1.0,-44.0
1776884713.9571028,4.0,-2.0,-42.0
1776884713.9671028,2.0,-2.0,-46.0
1776884713.9771028,2.0,0.0,-49.0
1776884713.9871027,2.0,2.0,-48.0
1776884713.9971027,6.0,1.0,-47.0
1776884714.0071027,6.0,2.0,-47.0
1776884714.0171027,10.0,1.0,-47.0
1776884714.0271027,8.0,1.0,-43.0
1776884714.0371027,4.0,3.0,-50.0
1776884714.0471027,1.0,3.0,-48.0
1776884714.057103,-6.0,0.0,-45.0
1776884714.067103,-3.0,0.0,-39.0
1776884714.077103,0.0,-3.0,-38.0
1776884714.087103,-3.0,-4.0,-38.0
1776884714.0971026,-2.0,0.0,-38.0
1776884714.1071026,0.0,-3.0,-37.0
1776884714.1171026,0.0,-7.0,-45.0
1776884714.1271029,-5.0,-2.0,-47.0
1776884714.1371028,-2.0,-2.0,-48.0
1776884714.1471028,0.0,0.0,-52.0
1776884714.1571028,-3.0,-1.0,-42.0
1776884714.1671028,-4.0,0.0,-44.0
1776884714.1771028,-5.0,-3.0,-47.0
1776884714.1871028,-5.0,0.0,-50.0
1776884714.1971028,-4.0,-2.0,-46.0
1776884714.2071028,-5.0,-1.0,-52.0
1776884714.2171028,-7.0,3.0,-50.0
1776884714.2271028,-2.0,2.0,-43.0
1776884714.2371027,1.0,1.0,-40.0
1776884714.2471027,3.0,2.0,-37.0
1776884714.2571027,3.0,3.0,-35.0
1776884714.2671027,-1.0,6.0,-39.0
1776884714.2771027,-2.0,4.0,-47.0
1776884714.2871027,-2.0,5.0,-43.0
1776884714.2971027,-2.0,6.0,-44.0
1776884714.307103,0.0,3.0,-44.0
1776884714.317103,0.0,0.0,-49.0
1776884714.327103,-1.0,-5.0,-45.0
1776884714.337103,2.0,-4.0,-46.0
1776884714.3471026,0.0,-2.0,-50.0
1776884714.3571026,0.0,0.0,-47.0
1776884714.3671026,-2.0,3.0,-44.0
1776884714.3771029,-5.0,1.0,-50.0
1776884714.3871028,-7.0,-1.0,-59.0
1776884714.3971028,-6.0,0.0,-59.0
1776884714.4071028,-4.0,3.0,-52.0
1776884714.4181027,-6.0,1.0,-45.0
1776884714.4281027,-2.0,1.0,-45.0
1776884714.4381027,1.0,2.0,-47.0
1776884714.4481027,0.0,2.0,-43.0
1776884714.4581027,-2.0,3.0,-43.0
1776884714.4681027,1.0,5.0,-41.0
1776884714.4781027,-2.0,5.0,-47.0
1776884714.488103,-2.0,4.0,-48.0
1776884714.498103,-3.0,1.0,-50.0
1776884714.508103,-7.0,1.0,-49.0
1776884714.5181026,-5.0,0.0,-54.0
1776884714.5281026,-4.0,-3.0,-59.0
1776884714.5381026,-2.0,-3.0,-56.0
1776884714.5481029,-1.0,-4.0,-55.0
1776884714.5581028,1.0,0.0,-48.0
1776884714.5681028,4.0,-3.0,-47.0
1776884714.5781028,6.0,-2.0,-46.0
1776884714.5881028,5.0,-1.0,-49.0
1776884714.5981028,7.0,-2.0,-52.0
1776884714.6081028,1.0,-3.0,-50.0
1776884714.6181028,0.0,-3.0,-44.0
1776884714.6281028,-2.0,-3.0,-42.0
1776884714.6381028,-5.0,-1.0,-44.0
1776884714.6481028,-4.0,-3.0,-42.0
1776884714.6581028,0.0,0.0,-43.0
1776884714.6681027,-3.0,0.0,-46.0
1776884714.6781027,-3.0,0.0,-52.0
1776884714.6881027,-4.0,-2.0,-54.0
1776884714.6981027,1.0,-2.0,-49.0
1776884714.7081027,-1.0,-4.0,-42.0
1776884714.7181027,-5.0,-6.0,-40.0
1776884714.7281027,-3.0,-3.0,-51.0
1776884714.738103,-1.0,-4.0,-44.0
1776884714.748103,0.0,-3.0,-44.0
1776884714.758103,-1.0,-2.0,-40.0
1776884714.7681026,-2.0,3.0,-40.0
1776884714.7781026,0.0,1.0,-36.0
1776884714.7881026,5.0,0.0,-35.0
1776884714.7981029,8.0,0.0,-33.0
1776884714.8081028,2.0,-1.0,-34.0
1776884714.8181028,2.0,0.0,-38.0
1776884714.8281028,7.0,2.0,-45.0
1776884714.8381028,8.0,2.0,-44.0
1776884714.8481028,6.0,0.0,-39.0
1776884714.8581028,3.0,-3.0,-35.0
1776884714.8681028,6.0,-6.0,-36.0
1776884714.8781028,12.0,-6.0,-47.0
1776884714.8881028,11.0,-3.0,-47.0
1776884714.8981028,6.0,-2.0,-48.0
1776884714.9081028,8.0,-3.0,-42.0
1776884714.9181027,8.0,-5.0,-52.0
1776884714.9281027,6.0,-7.0,-53.0
1776884714.9381027,6.0,-5.0,-52.0
1776884714.9481027,5.0,-1.0,-48.0
1776884714.9581027,0.0,-3.0,-45.0
1776884714.9681027,-6.0,-4.0,-43.0
1776884714.9781027,-5.0,-5.0,-39.0
1776884714.988103,-3.0,-6.0,-41.0
1776884714.998103,-4.0,-3.0,-43.0
1776884715.008103,0.0,1.0,-46.0
1776884715.0181026,0.0,-2.0,-46.0
1776884715.0281026,3.0,-1.0,-44.0
1776884715.0381026,2.0,-2.0,-46.0
1776884715.0481029,7.0,-4.0,-49.0
1776884715.0581028,12.0,-1.0,-49.0
1776884715.0681028,9.0,0.0,-44.0
1776884715.0781028,6.0,2.0,-47.0
1776884715.0881028,6.0,1.0,-53.0
1776884715.0981028,1.0,2.0,-55.0
1776884715.1081028,4.0,-3.0,-54.0
1776884715.1181028,5.0,-2.0,-49.0
1776884715.1281028,3.0,-2.0,-51.0
1776884715.1381028,1.0,3.0,-48.0
1776884715.1481028,0.0,1.0,-49.0
1776884715.1581028,-1.0,0.0,-50.0
1776884715.1681027,0.0,-2.0,-54.0
1776884715.1781027,3.0,0.0,-60.0
1776884715.1881027,2.0,0.0,-63.0
1776884715.1981027,0.0,-1.0,-56.0
1776884715.2081027,-1.0,0.0,-55.0
1776884715.2181027,1.0,0.0,-49.0
1776884715.2281027,-4.0,1.0,-47.0
1776884715.238103,-6.0,1.0,-45.0
1776884715.248103,-3.0,-2.0,-47.0
1776884715.258103,1.0,-1.0,-42.0
1776884715.2681026,-1.0,0.0,-41.0
1776884715.2781026,-1.0,1.0,-49.0
1776884715.2881026,-2.0,1.0,-47.0
1776884715.2981029,-3.0,3.0,-45.0
1776884715.3081028,-6.0,2.0,-47.0
1776884715.3181028,-5.0,5.0,-49.0
1776884715.3281028,-9.0,3.0,-54.0
1776884715.3381028,-8.0,1.0,-50.0
1776884715.3481028,-7.0,-2.0,-49.0
1776884715.3581028,-6.0,0.0,-50.0
1776884715.3681028,-7.0,1.0,-49.0
1776884715.3781028,-10.0,1.0,-51.0
1776884715.3881028,-8.0,2.0,-47.0
1776884715.3981028,-6.0,1.0,-46.0
1776884715.4081028,-1.0,-1.0,-46.0
1776884715.4181027,-3.0,-3.0,-45.0
1776884715.4281027,6.0,-7.0,-48.0
1776884715.4381027,6.0,-6.0,-49.0
1776884715.4481027,3.0,-2.0,-52.0
1776884715.4581027,1.0,0.0,-48.0
1776884715.4681027,-2.0,0.0,-52.0
1776884715.4781027,-1.0,1.0,-57.0
1776884715.488103,-1.0,6.0,-64.0
1776884715.498103,-3.0,5.0,-64.0
1776884715.508103,-1.0,0.0,-60.0
1776884715.5181026,-3.0,1.0,-52.0
1776884715.5281026,-4.0,0.0,-37.0
1776884715.5381026,-5.0,0.0,-40.0
1776884715.5481029,0.0,0.0,-41.0
1776884715.5581028,1.0,-1.0,-44.0
1776884715.5681028,5.0,-3.0,-41.0
1776884715.5781028,5.0,-2.0,-45.0
1776884715.5881028,8.0,-1.0,-45.0
1776884715.5981028,6.0,-1.0,-46.0
1776884715.6081028,1.0,-1.0,-43.0
1776884715.6181028,1.0,-2.0,-48.0
1776884715.6281028,3.0,-1.0,-47.0
1776884715.6381028,6.0,-3.0,-43.0
1776884715.6481028,9.0,-4.0,-43.0
1776884715.6581028,5.0,-9.0,-46.0
1776884715.6681027,3.0,-4.0,-51.0
1776884715.6781027,2.0,-1.0,-57.0
1776884715.6881027,2.0,0.0,-58.0
1776884715.6981027,3.0,0.0,-52.0
1776884715.7081027,4.0,2.0,-50.0
1776884715.7181027,6.0,0.0,-48.0
1776884715.7281027,6.0,0.0,-46.0
1776884715.738103,8.0,1.0,-45.0
1776884715.748103,6.0,0.0,-46.0
1776884715.758103,1.0,1.0,-42.0
1776884715.7681026,2.0,-2.0,-40.0
1776884715.7781026,2.0,-4.0,-40.0
1776884715.7881026,0.0,-4.0,-41.0
1776884715.7981029,0.0,-7.0,-36.0
1776884715.8081028,-5.0,-4.0,-35.0
1776884715.8181028,-1.0,0.0,-33.0
1776884715.8281028,3.0,-3.0,-37.0
1776884715.8381028,3.0,-2.0,-41.0
1776884715.8481028,1.0,-1.0,-42.0
1776884715.8581028,3.0,-2.0,-41.0
1776884715.8681028,2.0,-4.0,-34.0
1776884715.8781028,4.0,-9.0,-36.0
1776884715.8881028,0.0,-7.0,-38.0
1776884715.8981028,2.0,-5.0,-35.0
1776884715.9081028,-3.0,-7.0,-37.0
1776884715.9181027,0.0,-7.0,-37.0
1776884715.9281027,-2.0,-9.0,-39.0
1776884715.9381027,-3.0,-11.0,-44.0
1776884715.9481027,-7.0,-7.0,-44.0
1776884715.9581027,-2.0,-5.0,-45.0
1776884715.9681027,0.0,-6.0,-51.0
1776884715.9781027,2.0,-5.0,-55.0
1776884715.988103,1.0,-4.0,-50.0
1776884715.998103,0.0,-3.0,-57.0
1776884716.008103,1.0,-3.0,-43.0
1776884716.0181026,7.0,-1.0,-47.0
1776884716.0281026,11.0,0.0,-43.0
1776884716.0381026,9.0,-4.0,-40.0
1776884716.0481029,6.0,-1.0,-36.0
1776884716.0581028,3.0,-3.0,-38.0
1776884716.0681028,6.0,-4.0,-39.0
1776884716.0781028,13.0,3.0,-44.0
1776884716.0881028,9.0,2.0,-46.0
1776884716.0981028,1.0,0.0,-54.0
1776884716.1081028,2.0,1.0,-53.0
1776884716.1181028,1.0,1.0,-41.0
1776884716.1281028,0.0,2.0,-36.0
1776884716.1381028,1.0,1.0,-36.0
1776884716.1481028,3.0,-2.0,-39.0
1776884716.1581028,3.0,-1.0,-41.0
1776884716.1681027,1.0,0.0,-44.0
1776884716.1781027,-3.0,0.0,-44.0
1776884716.1881027,1.0,-2.0,-43.0
1776884716.1981027,-1.0,-4.0,-54.0
1776884716.2081027,-3.0,-6.0,-51.0
1776884716.2181027,-2.0,-3.0,-47.0
1776884716.2281027,0.0,-2.0,-41.0
1776884716.238103,-4.0,0.0,-41.0
1776884716.248103,-5.0,2.0,-42.0
1776884716.258103,-5.0,0.0,-44.0
1776884716.2681026,-2.0,0.0,-55.0
1776884716.2781026,0.0,1.0,-50.0
1776884716.2881026,0.0,3.0,-52.0
1776884716.2981029,3.0,0.0,-54.0
1776884716.3081028,1.0,3.0,-54.0
1776884716.3181028,-1.0,6.0,-50.0
1776884716.3281028,4.0,7.0,-45.0
1776884716.3381028,3.0,4.0,-47.0
1776884716.3481028,0.0,3.0,-45.0
1776884716.3581028,-2.0,1.0,-51.0
1776884716.3681028,0.0,0.0,-49.0
1776884716.3791027,-5.0,0.0,-46.0
1776884716.3881028,-3.0,4.0,-53.0
1776884716.3991027,-4.0,0.0,-58.0
1776884716.409103,-2.0,0.0,-53.0
1776884716.419103,-6.0,-1.0,-49.0
1776884716.429103,-6.0,-2.0,-46.0
1776884716.4391026,-6.0,-1.0,-48.0
1776884716.4491026,-2.0,-2.0,-47.0
1776884716.4591026,1.0,-2.0,-45.0
1776884716.4691026,-1.0,-2.0,-37.0
1776884716.4791028,-4.0,-1.0,-28.0
1776884716.4891028,-9.0,-1.0,-34.0
1776884716.4991028,-5.0,-1.0,-33.0
1776884716.5091028,-2.0,-3.0,-37.0
1776884716.5191028,-2.0,-2.0,-44.0
1776884716.5291028,-3.0,0.0,-42.0
1776884716.5391028,-2.0,0.0,-37.0
1776884716.5491028,-5.0,0.0,-37.0
1776884716.5591028,-8.0,0.0,-43.0
1776884716.5691028,-3.0,-3.0,-39.0
1776884716.5791028,-3.0,-5.0,-40.0
1776884716.5891027,0.0,-7.0,-39.0
1776884716.5991027,-1.0,-5.0,-46.0
1776884716.6091027,-2.0,-3.0,-49.0
1776884716.6191027,-6.0,0.0,-39.0
1776884716.6291027,-7.0,-1.0,-41.0
1776884716.6391027,-1.0,-1.0,-47.0
1776884716.6491027,-2.0,1.0,-47.0
1776884716.659103,-2.0,3.0,-49.0
1776884716.669103,0.0,4.0,-45.0
1776884716.679103,1.0,2.0,-46.0
1776884716.6891026,0.0,0.0,-47.0
1776884716.6991026,0.0,-3.0,-53.0
1776884716.7091026,-4.0,-4.0,-57.0
1776884716.7191026,-4.0,-3.0,-51.0
1776884716.7291028,-2.0,-4.0,-48.0
1776884716.7391028,-5.0,-5.0,-51.0
1776884716.7491028,-5.0,-5.0,-54.0
1776884716.7591028,-5.0,0.0,-50.0
1776884716.7691028,-11.0,0.0,-51.0
1776884716.7791028,-8.0,0.0,-47.0
1776884716.7891028,-6.0,-1.0,-44.0
1776884716.7991028,-7.0,-2.0,-42.0
1776884716.8091028,-8.0,0.0,-41.0
1776884716.8191028,-9.0,-2.0,-44.0
1776884716.8291028,-11.0,0.0,-49.0
1776884716.8391027,-10.0,-2.0,-51.0
1776884716.8491027,-2.0,-3.0,-51.0
1776884716.8591027,2.0,-2.0,-53.0
1776884716.8691027,6.0,-2.0,-50.0
1776884716.8791027,12.0,-4.0,-41.0
1776884716.8891027,11.0,-6.0,-40.0
1776884716.8991027,9.0,-6.0,-37.0
1776884716.909103,5.0,-11.0,-44.0
1776884716.919103,3.0,-11.0,-50.0
1776884716.929103,0.0,-9.0,-50.0
1776884716.9391026,5.0,-5.0,-51.0
1776884716.9491026,4.0,-6.0,-47.0
1776884716.9591026,0.0,-9.0,-54.0
1776884716.9691026,-3.0,-5.0,-56.0
1776884716.9791028,-2.0,-1.0,-55.0
1776884716.9891028,1.0,-1.0,-52.0
1776884716.9991028,0.0,0.0,-54.0
1776884717.0091028,-1.0,2.0,-52.0
1776884717.0191028,-1.0,0.0,-52.0
1776884717.0291028,-1.0,1.0,-51.0
1776884717.0391028,-2.0,2.0,-45.0
1776884717.0491028,-5.0,0.0,-39.0
1776884717.0591028,0.0,0.0,-42.0
1776884717.0691028,2.0,0.0,-37.0
1776884717.0791028,6.0,3.0,-42.0
1776884717.0891027,5.0,7.0,-48.0
1776884717.0991027,10.0,2.0,-51.0
1776884717.1091027,11.0,-2.0,-51.0
1776884717.1191027,9.0,-1.0,-52.0
1776884717.1291027,6.0,-4.0,-49.0
1776884717.1391027,7.0,-3.0,-46.0
1776884717.1491027,7.0,0.0,-40.0
1776884717.159103,3.0,0.0,-35.0
1776884717.169103,5.0,0.0,-36.0
1776884717.179103,5.0,-1.0,-38.0
1776884717.1891026,1.0,-2.0,-41.0
1776884717.1991026,-1.0,-4.0,-42.0
1776884717.2091026,1.0,-8.0,-39.0
1776884717.2191026,6.0,-10.0,-38.0
1776884717.2291028,6.0,-7.0,-39.0
1776884717.2391028,3.0,-6.0,-42.0
1776884717.2491028,0.0,-7.0,-49.0
1776884717.2591028,-2.0,-8.0,-48.0
1776884717.2691028,-1.0,-9.0,-41.0
1776884717.2791028,-6.0,-8.0,-44.0
1776884717.2891028,0.0,-10.0,-48.0
1776884717.2991028,-3.0,-6.0,-42.0
1776884717.3091028,-2.0,-8.0,-39.0
1776884717.3191028,-3.0,-6.0,-39.0
1776884717.3291028,-3.0,-8.0,-44.0
1776884717.3391027,0.0,-5.0,-43.0
1776884717.3491027,-1.0,-5.0,-46.0
1776884717.3591027,-1.0,-4.0,-45.0
1776884717.3691027,-4.0,-1.0,-46.0
1776884717.3791027,-4.0,-3.0,-48.0
1776884717.3891027,1.0,-4.0,-47.0
1776884717.3991027,-1.0,-3.0,-46.0
1776884717.409103,-3.0,-5.0,-46.0
1776884717.419103,-1.0,-4.0,-43.0
1776884717.429103,2.0,-4.0,-43.0
1776884717.4391026,2.0,-3.0,-43.0
1776884717.4491026,-1.0,1.0,-40.0
1776884717.4591026,-4.0,-1.0,-43.0
1776884717.4691026,-3.0,-4.0,-44.0
1776884717.4791028,-1.0,-2.0,-49.0
1776884717.4891028,0.0,-3.0,-45.0
1776884717.4991028,2.0,0.0,-40.0
1776884717.5091028,7.0,-2.0,-41.0
1776884717.5191028,5.0,-4.0,-46.0
1776884717.5291028,4.0,-5.0,-45.0
1776884717.5391028,1.0,-10.0,-40.0
1776884717.5491028,2.0,-12.0,-33.0
1776884717.5591028,4.0,-10.0,-37.0
1776884717.5691028,3.0,-5.0,-34.0
1776884717.5791028,0.0,-5.0,-36.0
1776884717.5891027,-1.0,-3.0,-33.0
1776884717.5991027,-4.0,0.0,-29.0
1776884717.6091027,-5.0,0.0,-36.0
1776884717.6191027,-4.0,-3.0,-45.0
1776884717.6291027,-5.0,2.0,-47.0
1776884717.6391027,-3.0,1.0,-46.0
1776884717.6491027,-4.0,1.0,-47.0
1776884717.659103,-3.0,0.0,-50.0
1776884717.669103,-2.0,-4.0,-53.0
1776884717.679103,-2.0,-1.0,-56.0
1776884717.6891026,0.0,0.0,-53.0
1776884717.6991026,2.0,1.0,-45.0
1776884717.7091026,0.0,2.0,-49.0
1776884717.7191026,1.0,3.0,-51.0
1776884717.7291028,1.0,1.0,-55.0
1776884717.7391028,3.0,0.0,-54.0
1776884717.7491028,2.0,1.0,-56.0
1776884717.7591028,2.0,6.0,-56.0
1776884717.7691028,0.0,8.0,-58.0
1776884717.7791028,0.0,8.0,-50.0
1776884717.7891028,0.0,4.0,-46.0
1776884717.7991028,4.0,4.0,-43.0
1776884717.8091028,2.0,1.0,-40.0
1776884717.8191028,4.0,2.0,-41.0
1776884717.8291028,2.0,4.0,-46.0
1776884717.8391027,3.0,-1.0,-46.0
1776884717.8491027,4.0,0.0,-39.0
1776884717.8591027,2.0,1.0,-34.0
1776884717.8691027,0.0,3.0,-32.0
1776884717.8791027,1.0,0.0,-32.0
1776884717.8891027,3.0,6.0,-37.0
1776884717.8991027,0.0,2.0,-40.0
1776884717.909103,2.0,2.0,-48.0
1776884717.919103,3.0,2.0,-51.0
1776884717.929103,3.0,0.0,-53.0
1776884717.9391026,7.0,-3.0,-58.0
1776884717.9491026,6.0,-4.0,-58.0
1776884717.9591026,8.0,2.0,-62.0
1776884717.9691026,9.0,0.0,-60.0
1776884717.9791028,5.0,0.0,-58.0
1776884717.9891028,1.0,-5.0,-49.0
1776884717.9991028,0.0,-3.0,-53.0
1776884718.0091028,-4.0,0.0,-56.0
1776884718.0191028,-7.0,-2.0,-60.0
1776884718.0291028,-7.0,-4.0,-57.0
1776884718.0391028,-10.0,-3.0,-51.0
1776884718.0491028,-6.0,0.0,-51.0
1776884718.0591028,-4.0,1.0,-55.0
1776884718.0691028,-3.0,0.0,-51.0
1776884718.0791028,-4.0,4.0,-52.0
1776884718.0891027,-1.0,2.0,-50.0
1776884718.0991027,-1.0,-2.0,-46.0
1776884718.1091027,2.0,-1.0,-50.0
1776884718.1191027,0.0,0.0,-40.0
1776884718.1291027,0.0,4.0,-34.0
1776884718.1391027,2.0,7.0,-33.0
1776884718.1491027,4.0,7.0,-35.0
1776884718.159103,3.0,5.0,-39.0
1776884718.169103,0.0,6.0,-45.0
1776884718.179103,-1.0,1.0,-41.0
1776884718.1891026,2.0,2.0,-48.0
1776884718.1991026,4.0,3.0,-47.0
1776884718.2091026,6.0,3.0,-44.0
1776884718.2191026,3.0,0.0,-43.0
1776884718.2291028,0.0,-4.0,-40.0
1776884718.2391028,0.0,-4.0,-40.0
1776884718.2491028,-2.0,-5.0,-43.0
1776884718.2591028,-5.0,-6.0,-44.0
1776884718.2691028,-1.0,-3.0,-42.0
1776884718.2791028,2.0,-2.0,-49.0
1776884718.2891028,1.0,-2.0,-52.0
1776884718.2991028,1.0,0.0,-49.0
1776884718.3091028,-2.0,-3.0,-47.0
1776884718.3201027,-5.0,0.0,-47.0
1776884718.3291028,-2.0,0.0,-45.0
1776884718.340103,-3.0,-3.0,-44.0
1776884718.3491027,0.0,-3.0,-40.0
1776884718.3591027,0.0,-2.0,-40.0
1776884718.3701026,0.0,-4.0,-41.0
1776884718.3801026,2.0,-2.0,-35.0
1776884718.3901026,-3.0,-6.0,-26.0
1776884718.4001029,-2.0,-5.0,-34.0
1776884718.4101028,1.0,-5.0,-37.0
1776884718.4201028,0.0,-8.0,-39.0
1776884718.4301028,0.0,-8.0,-38.0
1776884718.4401028,2.0,-5.0,-39.0
1776884718.4501028,2.0,-1.0,-36.0
1776884718.4601028,0.0,-2.0,-33.0
1776884718.4701028,0.0,-5.0,-36.0
1776884718.4801028,-3.0,-3.0,-31.0
1776884718.4901028,1.0,-1.0,-40.0
1776884718.5001028,4.0,2.0,-38.0
1776884718.5101027,5.0,4.0,-44.0
1776884718.5201027,2.0,4.0,-46.0
1776884718.5301027,0.0,1.0,-38.0
1776884718.5401027,0.0,-1.0,-46.0
1776884718.5501027,2.0,0.0,-47.0
1776884718.5601027,2.0,1.0,-46.0
1776884718.5701027,0.0,0.0,-44.0
1776884718.5801027,-3.0,-2.0,-41.0
1776884718.590103,-3.0,-1.0,-44.0
1776884718.600103,0.0,0.0,-48.0
1776884718.610103,3.0,1.0,-44.0
1776884718.6201026,1.0,3.0,-44.0
1776884718.6301026,0.0,3.0,-36.0
1776884718.6401026,1.0,-1.0,-39.0
1776884718.6501029,2.0,-3.0,-42.0
1776884718.6601028,2.0,-1.0,-41.0
1776884718.6701028,0.0,1.0,-41.0
1776884718.6801028,-4.0,0.0,-42.0
1776884718.6901028,0.0,0.0,-45.0
1776884718.7001028,2.0,0.0,-35.0
1776884718.7101028,0.0,-5.0,-38.0
1776884718.7201028,-3.0,-5.0,-44.0
1776884718.7301028,-2.0,-7.0,-42.0
1776884718.7401028,-3.0,-5.0,-40.0
1776884718.7501028,0.0,-7.0,-48.0
1776884718.7601027,4.0,-4.0,-55.0
1776884718.7701027,5.0,-4.0,-50.0
1776884718.7801027,4.0,-5.0,-49.0
1776884718.7901027,3.0,-4.0,-50.0
1776884718.8001027,4.0,-4.0,-50.0
1776884718.8101027,7.0,-2.0,-51.0
1776884718.8201027,6.0,-5.0,-57.0
1776884718.8301027,8.0,-2.0,-55.0
1776884718.840103,7.0,0.0,-49.0
1776884718.850103,5.0,3.0,-47.0
1776884718.860103,8.0,4.0,-52.0
1776884718.8701026,4.0,3.0,-51.0
1776884718.8801026,3.0,6.0,-44.0
1776884718.8901026,0.0,8.0,-42.0
1776884718.9001029,1.0,9.0,-45.0
1776884718.9101028,3.0,2.0,-51.0
1776884718.9201028,4.0,4.0,-47.0
1776884718.9301028,0.0,2.0,-46.0
1776884718.9401028,2.0,2.0,-43.0
1776884718.9501028,0.0,-1.0,-34.0
1776884718.9601028,2.0,-1.0,-45.0
1776884718.9701028,0.0,1.0,-45.0
1776884718.9801028,0.0,1.0,-47.0
1776884718.9901028,0.0,-2.0,-49.0
1776884719.0001028,3.0,-2.0,-48.0
1776884719.0101027,0.0,-1.0,-45.0
1776884719.0201027,2.0,-7.0,-48.0
1776884719.0301027,2.0,-5.0,-46.0
1776884719.0401027,3.0,-5.0,-47.0
1776884719.0501027,3.0,-3.0,-52.0
1776884719.0601027,5.0,-6.0,-51.0
1776884719.0701027,6.0,-5.0,-47.0
1776884719.0801027,9.0,-2.0,-40.0
1776884719.090103,8.0,0.0,-44.0
1776884719.100103,2.0,0.0,-51.0
1776884719.110103,0.0,1.0,-51.0
1776884719.1201026,0.0,0.0,-54.0
1776884719.1301026,0.0,-1.0,-49.0
1776884719.1401026,0.0,-2.0,-46.0
1776884719.1501029,3.0,-6.0,-46.0
1776884719.1601028,2.0,-4.0,-45.0
1776884719.1701028,3.0,-6.0,-45.0
1776884719.1801028,2.0,-11.0,-46.0
1776884719.1901028,-3.0,-10.0,-44.0
1776884719.2001028,-1.0,-6.0,-43.0
1776884719.2101028,-2.0,-3.0,-43.0
1776884719.2201028,1.0,-3.0,-42.0
1776884719.2301028,1.0,0.0,-44.0
1776884719.2401028,3.0,0.0,-47.0
1776884719.2501028,-1.0,1.0,-54.0
1776884719.2601027,4.0,2.0,-54.0
1776884719.2701027,7.0,1.0,-52.0
1776884719.2801027,7.0,3.0,-45.0
1776884719.2901027,7.0,5.0,-46.0
1776884719.3001027,6.0,1.0,-52.0
1776884719.3101027,8.0,2.0,-49.0
1776884719.3201027,4.0,0.0,-48.0
1776884719.3301027,0.0,-2.0,-40.0
1776884719.340103,-4.0,-6.0,-40.0
1776884719.350103,-2.0,-6.0,-40.0
1776884719.360103,0.0,-2.0,-38.0
1776884719.3701026,4.0,-2.0,-35.0
1776884719.3801026,6.0,1.0,-35.0
1776884719.3901026,7.0,0.0,-39.0
1776884719.4001029,7.0,-1.0,-33.0
1776884719.4101028,1.0,-3.0,-37.0
1776884719.4201028,4.0,0.0,-32.0
1776884719.4301028,6.0,0.0,-36.0
1776884719.4401028,8.0,-1.0,-42.0
1776884719.4501028,5.0,-2.0,-47.0
1776884719.4601028,0.0,0.0,-53.0
1776884719.4701028,2.0,1.0,-54.0
1776884719.4801028,0.0,-2.0,-50.0
1776884719.4901028,1.0,-4.0,-54.0
1776884719.5001028,0.0,-2.0,-57.0
1776884719.5101027,0.0,-7.0,-62.0
1776884719.5201027,2.0,-6.0,-61.0
1776884719.5301027,3.0,-4.0,-55.0
1776884719.5401027,4.0,-3.0,-48.0
1776884719.5501027,3.0,-6.0,-42.0
1776884719.5601027,1.0,-6.0,-40.0
1776884719.5701027,-2.0,-5.0,-36.0
1776884719.5801027,-3.0,0.0,-39.0
1776884719.590103,-1.0,0.0,-46.0
1776884719.600103,0.0,0.0,-45.0
1776884719.610103,-1.0,0.0,-39.0
1776884719.6201026,-1.0,0.0,-39.0
1776884719.6301026,0.0,-2.0,-39.0
1776884719.6401026,-2.0,-3.0,-46.0
1776884719.6501029,-2.0,-3.0,-44.0
1776884719.6601028,-1.0,0.0,-50.0
1776884719.6711028,-2.0,2.0,-49.0
1776884719.6801028,-7.0,2.0,-48.0
1776884719.6901028,-7.0,2.0,-47.0
1776884719.7001028,-8.0,1.0,-45.0
1776884719.7101028,-6.0,2.0,-46.0
1776884719.7201028,-5.0,-3.0,-50.0
1776884719.7301028,-5.0,-3.0,-52.0
1776884719.7401028,-7.0,-7.0,-56.0
1776884719.7501028,-5.0,-6.0,-59.0
1776884719.7601027,-3.0,-8.0,-51.0
1776884719.7701027,-1.0,-5.0,-45.0
1776884719.7801027,4.0,-7.0,-40.0
1776884719.7901027,4.0,-6.0,-36.0
1776884719.8001027,5.0,-5.0,-35.0
1776884719.8101027,6.0,-2.0,-39.0
1776884719.8201027,12.0,-2.0,-39.0
1776884719.8301027,9.0,-1.0,-39.0
1776884719.840103,2.0,0.0,-46.0
1776884719.850103,0.0,0.0,-47.0
1776884719.860103,-4.0,-3.0,-41.0
1776884719.8701026,-2.0,-7.0,-37.0
1776884719.8801026,-1.0,-7.0,-41.0
1776884719.8901026,0.0,-7.0,-39.0
1776884719.9001029,-1.0,-6.0,-42.0
1776884719.9101028,-1.0,-10.0,-48.0
1776884719.9201028,-3.0,-8.0,-46.0
1776884719.9301028,-2.0,-6.0,-42.0
1776884719.9401028,0.0,-11.0,-48.0
1776884719.9501028,2.0,-5.0,-50.0
1776884719.9601028,-3.0,-6.0,-54.0
1776884719.9701028,-8.0,-5.0,-52.0
1776884719.9801028,-9.0,-3.0,-48.0
1776884719.9901028,-4.0,1.0,-49.0
1776884720.0001028,-1.0,4.0,-41.0
1776884720.0101027,0.0,1.0,-45.0
1776884720.0201027,-4.0,0.0,-49.0
1776884720.0301027,-1.0,1.0,-55.0
1776884720.0401027,0.0,1.0,-54.0
1776884720.0501027,0.0,3.0,-49.0
1776884720.0601027,0.0,3.0,-43.0
1776884720.0701027,3.0,1.0,-42.0
1776884720.0801027,0.0,0.0,-46.0
1776884720.090103,1.0,-2.0,-57.0
1776884720.100103,3.0,-3.0,-52.0
1776884720.110103,3.0,-3.0,-42.0
1776884720.1201026,0.0,1.0,-36.0
1776884720.1301026,3.0,2.0,-35.0
1776884720.1401026,0.0,-1.0,-40.0
1776884720.1501029,0.0,4.0,-40.0
1776884720.1601028,2.0,5.0,-45.0
1776884720.1701028,3.0,3.0,-43.0
1776884720.1801028,2.0,1.0,-36.0
1776884720.1901028,6.0,0.0,-38.0
1776884720.2001028,6.0,-2.0,-44.0
1776884720.2101028,7.0,-2.0,-47.0
1776884720.2201028,0.0,-3.0,-46.0
1776884720.2301028,-6.0,0.0,-41.0
1776884720.2401028,-3.0,-3.0,-49.0
1776884720.2501028,-4.0,-3.0,-50.0
1776884720.2601027,-6.0,-3.0,-53.0
1776884720.2701027,-3.0,2.0,-50.0
1776884720.2801027,1.0,-2.0,-46.0
1776884720.2901027,4.0,-3.0,-44.0
1776884720.3011026,9.0,-5.0,-53.0
1776884720.3101027,14.0,-5.0,-58.0
1776884720.3201027,10.0,-2.0,-56.0
1776884720.3301027,11.0,-2.0,-54.0
1776884720.340103,10.0,0.0,-47.0
1776884720.3511028,6.0,-4.0,-44.0
1776884720.3611028,8.0,-5.0,-45.0
1776884720.3711028,6.0,-4.0,-52.0
1776884720.3811028,1.0,-8.0,-55.0
1776884720.3911028,0.0,-6.0,-63.0
1776884720.4011028,-1.0,-7.0,-59.0
1776884720.4111028,1.0,-8.0,-56.0
1776884720.4211028,0.0,-6.0,-54.0
1776884720.4311028,0.0,-6.0,-49.0
1776884720.4411027,-1.0,-6.0,-46.0
1776884720.4511027,0.0,-1.0,-40.0
1776884720.4611027,1.0,0.0,-35.0
1776884720.4711027,-1.0,1.0,-40.0
1776884720.4811027,-2.0,0.0,-35.0
1776884720.4911027,0.0,-3.0,-37.0
1776884720.5011027,0.0,0.0,-45.0
1776884720.511103,0.0,-7.0,-54.0
1776884720.521103,-7.0,-4.0,-56.0
1776884720.531103,-4.0,-3.0,-55.0
1776884720.5411026,-4.0,0.0,-53.0
1776884720.5511026,-2.0,0.0,-52.0
1776884720.5611026,3.0,2.0,-46.0
1776884720.5711029,2.0,3.0,-47.0
1776884720.5811028,2.0,5.0,-47.0
1776884720.5911028,4.0,1.0,-46.0
1776884720.6011028,-1.0,2.0,-43.0
1776884720.6111028,-3.0,3.0,-43.0
1776884720.6211028,-1.0,0.0,-44.0
1776884720.6311028,-1.0,-5.0,-46.0
1776884720.6411028,-3.0,-1.0,-44.0
1776884720.6511028,0.0,0.0,-48.0
1776884720.6611028,-2.0,3.0,-41.0
1776884720.6711028,-1.0,0.0,-42.0
1776884720.6811028,-1.0,0.0,-41.0
1776884720.6911027,0.0,1.0,-47.0
1776884720.7011027,0.0,7.0,-47.0
1776884720.7111027,0.0,8.0,-54.0
1776884720.7211027,-1.0,4.0,-53.0
1776884720.7311027,3.0,3.0,-47.0
1776884720.7411027,1.0,2.0,-46.0
1776884720.7511027,2.0,3.0,-48.0
1776884720.761103,1.0,2.0,-50.0
1776884720.771103,6.0,8.0,-54.0
1776884720.781103,3.0,2.0,-53.0
1776884720.7911026,3.0,2.0,-60.0
1776884720.8011026,4.0,4.0,-62.0
1776884720.8111026,6.0,3.0,-61.0
1776884720.8211029,1.0,1.0,-64.0
1776884720.8311028,0.0,3.0,-61.0
1776884720.8411028,0.0,0.0,-55.0
1776884720.8511028,7.0,-2.0,-49.0
1776884720.8611028,4.0,1.0,-46.0
1776884720.8711028,3.0,0.0,-46.0
1776884720.8811028,0.0,-1.0,-45.0
1776884720.8911028,0.0,-1.0,-43.0
1776884720.9011028,-1.0,-4.0,-39.0
1776884720.9111028,-5.0,-7.0,-34.0
1776884720.9211028,-4.0,-4.0,-33.0
1776884720.9311028,-10.0,1.0,-33.0
1776884720.9411027,-9.0,-2.0,-35.0
1776884720.9511027,-5.0,-2.0,-44.0
1776884720.9611027,0.0,3.0,-45.0
1776884720.9711027,2.0,3.0,-43.0
1776884720.9811027,5.0,1.0,-49.0
1776884720.9911027,5.0,2.0,-55.0
1776884721.0011027,1.0,6.0,-55.0
1776884721.011103,1.0,6.0,-55.0
1776884721.021103,1.0,2.0,-55.0
1776884721.031103,5.0,0.0,-59.0
1776884721.0411026,7.0,0.0,-58.0
1776884721.0511026,9.0,0.0,-51.0
1776884721.0611026,0.0,1.0,-49.0
1776884721.0711029,1.0,-2.0,-48.0
1776884721.0811028,1.0,-1.0,-48.0
1776884721.0911028,1.0,1.0,-49.0
1776884721.1011028,1.0,-1.0,-47.0
1776884721.1111028,2.0,0.0,-47.0
1776884721.1211028,2.0,0.0,-54.0
1776884721.1311028,5.0,-2.0,-52.0
1776884721.1411028,8.0,0.0,-51.0
1776884721.1511028,4.0,0.0,-53.0
1776884721.1611028,3.0,0.0,-51.0
1776884721.1711028,5.0,0.0,-45.0
1776884721.1811028,2.0,0.0,-40.0
1776884721.1911027,4.0,-2.0,-44.0
1776884721.2011027,2.0,-2.0,-36.0
1776884721.2111027,3.0,-5.0,-37.0
1776884721.2211027,2.0,-6.0,-33.0
1776884721.2311027,1.0,-5.0,-32.0
1776884721.2411027,5.0,-6.0,-40.0
1776884721.2511027,5.0,-2.0,-45.0
1776884721.261103,2.0,-3.0,-45.0
1776884721.271103,0.0,-2.0,-50.0
1776884721.281103,6.0,-5.0,-45.0
1776884721.2911026,7.0,-2.0,-45.0
1776884721.3011026,8.0,-1.0,-39.0
1776884721.3111026,8.0,-3.0,-37.0
1776884721.3211029,7.0,0.0,-43.0
1776884721.3311028,4.0,1.0,-45.0
1776884721.3411028,0.0,2.0,-47.0
1776884721.3511028,3.0,2.0,-46.0
1776884721.3611028,3.0,1.0,-57.0
1776884721.3711028,3.0,0.0,-51.0
1776884721.3811028,2.0,-3.0,-46.0
1776884721.3911028,3.0,-3.0,-47.0
1776884721.4011028,7.0,-3.0,-45.0
1776884721.4111028,3.0,0.0,-41.0
1776884721.4211028,8.0,1.0,-41.0
1776884721.4311028,6.0,0.0,-43.0
1776884721.4411027,5.0,-1.0,-41.0
1776884721.4511027,-1.0,-3.0,-38.0
1776884721.4611027,0.0,0.0,-41.0
1776884721.4711027,4.0,-2.0,-41.0
1776884721.4811027,-2.0,-2.0,-47.0
1776884721.4911027,-2.0,-2.0,-54.0
1776884721.5011027,-4.0,-2.0,-52.0
1776884721.511103,-6.0,-3.0,-48.0
1776884721.521103,-2.0,-6.0,-48.0
1776884721.531103,-2.0,-4.0,-56.0
1776884721.5411026,0.0,-2.0,-52.0
1776884721.5511026,1.0,0.0,-51.0
1776884721.5611026,0.0,-1.0,-48.0
1776884721.5711029,4.0,-3.0,-42.0
1776884721.5811028,0.0,-4.0,-43.0
1776884721.5911028,-1.0,-2.0,-47.0
1776884721.6011028,0.0,0.0,-50.0
1776884721.6111028,2.0,0.0,-55.0
1776884721.6211028,1.0,1.0,-45.0
1776884721.6311028,3.0,0.0,-40.0
1776884721.6411028,2.0,4.0,-41.0
1776884721.6511028,1.0,6.0,-44.0
1776884721.6611028,5.0,7.0,-46.0
1776884721.6711028,7.0,3.0,-48.0
1776884721.6811028,5.0,1.0,-50.0
1776884721.6911027,1.0,0.0,-48.0
1776884721.7011027,4.0,0.0,-39.0
1776884721.7111027,3.0,-1.0,-35.0
1776884721.7211027,2.0,1.0,-39.0
1776884721.7311027,-1.0,0.0,-45.0
1776884721.7411027,-1.0,-2.0,-42.0
1776884721.7511027,-3.0,0.0,-43.0
1776884721.761103,-2.0,-3.0,-47.0
1776884721.771103,1.0,-4.0,-47.0
1776884721.781103,0.0,-2.0,-49.0
1776884721.7911026,0.0,-2.0,-48.0
1776884721.8011026,-2.0,-1.0,-48.0
1776884721.8111026,-2.0,0.0,-54.0
1776884721.8211029,-3.0,-2.0,-50.0
1776884721.8311028,-2.0,0.0,-55.0
1776884721.8411028,-1.0,2.0,-50.0
1776884721.8511028,0.0,-1.0,-48.0
1776884721.8611028,0.0,0.0,-45.0
1776884721.8711028,-3.0,-2.0,-50.0
1776884721.8811028,-3.0,1.0,-47.0
1776884721.8911028,0.0,0.0,-47.0
1776884721.9011028,1.0,-1.0,-51.0
1776884721.9111028,4.0,-4.0,-48.0
1776884721.9211028,6.0,0.0,-46.0
1776884721.9311028,4.0,1.0,-46.0
1776884721.9411027,2.0,3.0,-51.0
1776884721.9511027,5.0,3.0,-48.0
1776884721.9611027,1.0,3.0,-44.0
1776884721.9711027,0.0,2.0,-46.0
1776884721.9811027,0.0,0.0,-52.0
1776884721.9911027,3.0,-2.0,-51.0
1776884722.0011027,5.0,3.0,-51.0
1776884722.011103,4.0,1.0,-44.0
1776884722.021103,1.0,0.0,-43.0
1776884722.031103,-1.0,1.0,-46.0
1776884722.0411026,-1.0,4.0,-43.0
1776884722.0511026,-2.0,2.0,-41.0
1776884722.0611026,-5.0,0.0,-44.0
1776884722.0711029,-2.0,0.0,-39.0
1776884722.0811028,-3.0,1.0,-45.0
1776884722.0911028,-3.0,1.0,-45.0
1776884722.1011028,-1.0,0.0,-42.0
1776884722.1111028,-1.0,-2.0,-44.0
1776884722.1211028,-1.0,2.0,-43.0
1776884722.1311028,0.0,1.0,-51.0
1776884722.1411028,0.0,2.0,-50.0
1776884722.1511028,1.0,5.0,-45.0
1776884722.1611028,1.0,1.0,-41.0
1776884722.1711028,0.0,2.0,-48.0
1776884722.1811028,0.0,5.0,-44.0
1776884722.1911027,5.0,6.0,-45.0
1776884722.2011027,6.0,8.0,-36.0
1776884722.2111027,6.0,7.0,-36.0
1776884722.2211027,1.0,5.0,-36.0
1776884722.2311027,-1.0,6.0,-35.0
1776884722.2411027,0.0,4.0,-32.0
1776884722.2511027,-2.0,2.0,-33.0
1776884722.261103,-1.0,1.0,-37.0
1776884722.271103,-2.0,0.0,-42.0
1776884722.281103,-6.0,0.0,-41.0
1776884722.2921028,-4.0,-1.0,-46.0
1776884722.3011026,-7.0,-2.0,-52.0
1776884722.3121028,0.0,-1.0,-54.0
1776884722.3221028,2.0,0.0,-54.0
1776884722.3321028,0.0,-3.0,-50.0
1776884722.3421028,-1.0,-2.0,-53.0
1776884722.3521028,1.0,0.0,-47.0
1776884722.3621027,-2.0,0.0,-50.0
1776884722.3721027,0.0,-3.0,-51.0
1776884722.3821027,3.0,-1.0,-52.0
1776884722.3921027,4.0,-2.0,-51.0
1776884722.4021027,2.0,-6.0,-56.0
1776884722.4121027,5.0,-7.0,-54.0
1776884722.4221027,5.0,-5.0,-54.0
1776884722.432103,1.0,-3.0,-51.0
1776884722.442103,0.0,3.0,-47.0
1776884722.452103,0.0,5.0,-48.0
1776884722.462103,1.0,6.0,-47.0
1776884722.4721026,1.0,1.0,-51.0
1776884722.4821026,-2.0,-2.0,-44.0
1776884722.4921026,-6.0,0.0,-44.0
1776884722.5021029,-3.0,-2.0,-42.0
1776884722.5121028,-3.0,-5.0,-43.0
1776884722.5221028,0.0,0.0,-46.0
1776884722.5321028,1.0,-1.0,-46.0
1776884722.5421028,1.0,2.0,-49.0
1776884722.5521028,-2.0,4.0,-48.0
1776884722.5621028,-1.0,1.0,-51.0
1776884722.5721028,-2.0,0.0,-47.0
1776884722.5821028,2.0,-1.0,-37.0
1776884722.5921028,0.0,0.0,-38.0
1776884722.6021028,-3.0,-4.0,-39.0
1776884722.6121027,-2.0,-2.0,-37.0
1776884722.6221027,-1.0,-1.0,-42.0
1776884722.6321027,-4.0,0.0,-43.0
1776884722.6421027,-6.0,-1.0,-44.0
1776884722.6521027,-4.0,-2.0,-46.0
1776884722.6621027,-4.0,0.0,-44.0
1776884722.6721027,-5.0,1.0,-42.0
1776884722.682103,-1.0,2.0,-47.0
1776884722.692103,1.0,0.0,-46.0
1776884722.702103,0.0,-2.0,-43.0
1776884722.712103,-1.0,-4.0,-45.0
1776884722.7221026,-2.0,-3.0,-38.0
1776884722.7321026,-2.0,-3.0,-38.0
1776884722.7421026,0.0,-3.0,-38.0
1776884722.7521029,0.0,0.0,-37.0
1776884722.7621028,-3.0,1.0,-35.0
1776884722.7721028,-3.0,1.0,-35.0
1776884722.7821028,-4.0,0.0,-38.0
1776884722.7921028,-2.0,-1.0,-36.0
1776884722.8021028,-1.0,1.0,-37.0
1776884722.8121028,3.0,3.0,-37.0
1776884722.8221028,5.0,-1.0,-40.0
1776884722.8321028,2.0,-4.0,-45.0
1776884722.8421028,0.0,0.0,-45.0
1776884722.8521028,0.0,0.0,-42.0
1776884722.8621027,-6.0,-1.0,-39.0
1776884722.8721027,-5.0,0.0,-43.0
1776884722.8821027,-8.0,0.0,-45.0
1776884722.8921027,-5.0,-4.0,-48.0
1776884722.9021027,-5.0,-2.0,-42.0
1776884722.9121027,-4.0,-5.0,-38.0
1776884722.9221027,-4.0,-8.0,-39.0
1776884722.932103,-2.0,-5.0,-44.0
1776884722.942103,-7.0,-9.0,-51.0
1776884722.952103,-3.0,-9.0,-49.0
1776884722.962103,-1.0,-9.0,-51.0
1776884722.9721026,-1.0,-9.0,-54.0
1776884722.9821026,2.0,-7.0,-60.0
1776884722.9921026,3.0,-5.0,-56.0
1776884723.0021029,3.0,-1.0,-58.0
1776884723.0121028,-1.0,-3.0,-58.0
1776884723.0221028,-4.0,0.0,-63.0
1776884723.0321028,1.0,-1.0,-55.0
1776884723.0421028,1.0,0.0,-46.0
1776884723.0521028,3.0,0.0,-40.0
1776884723.0621028,0.0,0.0,-48.0
1776884723.0721028,1.0,3.0,-52.0
1776884723.0821028,-1.0,4.0,-51.0
1776884723.0921028,2.0,2.0,-51.0
1776884723.1021028,3.0,-4.0,-49.0
1776884723.1121027,3.0,-6.0,-53.0
1776884723.1221027,4.0,-6.0,-49.0
1776884723.1321027,0.0,-4.0,-44.0
1776884723.1421027,-1.0,-2.0,-50.0
1776884723.1521027,2.0,-3.0,-52.0
1776884723.1621027,0.0,-4.0,-42.0
1776884723.1721027,-1.0,-3.0,-42.0
1776884723.182103,-2.0,-5.0,-42.0
1776884723.192103,-3.0,-1.0,-45.0
1776884723.202103,-5.0,-4.0,-50.0
1776884723.212103,-1.0,-3.0,-45.0
1776884723.2221026,4.0,0.0,-48.0
1776884723.2321026,3.0,-4.0,-53.0
1776884723.2421026,5.0,-4.0,-50.0
1776884723.2521029,2.0,-6.0,-44.0
1776884723.2621028,5.0,0.0,-44.0
1776884723.2721028,-1.0,3.0,-40.0
1776884723.2821028,-2.0,4.0,-44.0
1776884723.2921028,-3.0,0.0,-45.0
1776884723.3021028,-1.0,-1.0,-39.0
1776884723.3121028,-3.0,2.0,-34.0
1776884723.3221028,-3.0,-3.0,-36.0
1776884723.3321028,2.0,-1.0,-38.0
1776884723.3421028,2.0,-1.0,-45.0
1776884723.3521028,-4.0,-1.0,-42.0
1776884723.363103,0.0,-4.0,-44.0
1776884723.3721027,-3.0,0.0,-50.0
1776884723.3821027,-8.0,-3.0,-46.0
1776884723.3921027,-5.0,-6.0,-50.0
1776884723.4021027,-2.0,-5.0,-56.0
1776884723.4121027,4.0,0.0,-55.0
1776884723.4221027,7.0,0.0,-54.0
1776884723.432103,6.0,0.0,-55.0
1776884723.442103,3.0,2.0,-51.0
1776884723.452103,0.0,1.0,-53.0
1776884723.462103,-5.0,0.0,-46.0
1776884723.4721026,-5.0,-2.0,-51.0
1776884723.4821026,-6.0,-2.0,-46.0
1776884723.4921026,-4.0,-6.0,-51.0
1776884723.5021029,-6.0,-4.0,-46.0
1776884723.5121028,-3.0,-1.0,-50.0
1776884723.5221028,-3.0,-1.0,-49.0
1776884723.5321028,-3.0,-5.0,-59.0
1776884723.5421028,4.0,-3.0,-62.0
1776884723.5521028,8.0,-2.0,-61.0
1776884723.5621028,9.0,-2.0,-63.0
1776884723.5721028,12.0,-4.0,-59.0
1776884723.5821028,6.0,-5.0,-63.0
1776884723.5921028,7.0,-7.0,-58.0
1776884723.6021028,9.0,-4.0,-64.0
1776884723.6121027,5.0,-4.0,-62.0
1776884723.6221027,3.0,-3.0,-59.0
1776884723.6321027,4.0,0.0,-52.0
1776884723.6421027,0.0,-2.0,-45.0
1776884723.6521027,1.0,-4.0,-44.0
1776884723.6621027,2.0,-1.0,-44.0
1776884723.6721027,4.0,-2.0,-39.0
1776884723.682103,2.0,-1.0,-34.0
1776884723.692103,1.0,-4.0,-31.0
1776884723.702103,-2.0,-2.0,-39.0
1776884723.712103,-5.0,0.0,-45.0
1776884723.7221026,-4.0,0.0,-47.0
1776884723.7321026,-1.0,2.0,-50.0
1776884723.7421026,0.0,5.0,-51.0
1776884723.7521029,6.0,6.0,-48.0
1776884723.7621028,6.0,2.0,-49.0
1776884723.7721028,2.0,4.0,-49.0
1776884723.7821028,6.0,3.0,-48.0
1776884723.7921028,8.0,0.0,-50.0
1776884723.8021028,9.0,0.0,-48.0
1776884723.8121028,6.0,-3.0,-47.0
1776884723.8221028,7.0,-3.0,-45.0
1776884723.8321028,0.0,-3.0,-43.0
1776884723.8421028,-2.0,-4.0,-44.0
1776884723.8521028,-2.0,0.0,-41.0
1776884723.8621027,0.0,6.0,-41.0
1776884723.8721027,2.0,2.0,-46.0
1776884723.8821027,0.0,2.0,-43.0
1776884723.8921027,-1.0,3.0,-44.0
1776884723.9021027,1.0,1.0,-43.0
1776884723.9121027,1.0,-1.0,-49.0
1776884723.9221027,-3.0,-2.0,-44.0
1776884723.932103,-7.0,-2.0,-46.0
1776884723.942103,-2.0,0.0,-45.0
1776884723.952103,2.0,-2.0,-46.0
1776884723.962103,1.0,-2.0,-46.0
1776884723.9721026,2.0,-3.0,-44.0
1776884723.9821026,-1.0,-3.0,-47.0
1776884723.9921026,-6.0,0.0,-49.0
1776884724.0021029,0.0,-2.0,-50.0
1776884724.0121028,0.0,-1.0,-44.0
1776884724.0221028,-5.0,2.0,-44.0
1776884724.0321028,-9.0,1.0,-51.0
1776884724.0421028,-4.0,0.0,-52.0
1776884724.0521028,-3.0,0.0,-47.0
1776884724.0621028,-1.0,0.0,-45.0
1776884724.0721028,1.0,0.0,-46.0
1776884724.0821028,1.0,4.0,-49.0
1776884724.0921028,-2.0,6.0,-41.0
1776884724.1021028,-7.0,3.0,-36.0
1776884724.1121027,-8.0,0.0,-40.0
1776884724.1221027,-11.0,1.0,-45.0
1776884724.1321027,-9.0,2.0,-41.0
1776884724.1421027,-7.0,5.0,-40.0
1776884724.1521027,-11.0,2.0,-34.0
1776884724.1621027,-10.0,2.0,-36.0
1776884724.1721027,-7.0,1.0,-39.0
1776884724.182103,-8.0,-1.0,-45.0
1776884724.192103,-14.0,1.0,-47.0
1776884724.202103,-11.0,1.0,-46.0
1776884724.212103,-7.0,0.0,-43.0
1776884724.2221026,-5.0,-1.0,-47.0
1776884724.2321026,-7.0,2.0,-45.0
1776884724.2421026,-6.0,-1.0,-39.0
1776884724.2531028,-3.0,-3.0,-35.0
1776884724.2621028,-1.0,-5.0,-43.0
1776884724.2731028,1.0,-5.0,-37.0
1776884724.2831028,1.0,0.0,-40.0
1776884724.2931027,3.0,0.0,-46.0
1776884724.3031027,0.0,-2.0,-52.0
1776884724.3131027,-1.0,-4.0,-50.0
1776884724.3231027,-2.0,-5.0,-57.0
1776884724.3331027,-3.0,-2.0,-59.0
1776884724.3431027,0.0,-3.0,-55.0
1776884724.3531027,2.0,-4.0,-56.0
1776884724.363103,0.0,-5.0,-57.0
1776884724.373103,1.0,0.0,-54.0
1776884724.383103,2.0,0.0,-54.0
1776884724.3931026,0.0,0.0,-52.0
1776884724.4031026,2.0,0.0,-49.0
1776884724.4131026,0.0,-4.0,-40.0
1776884724.4231029,1.0,-3.0,-42.0
1776884724.4331028,-1.0,-2.0,-40.0
1776884724.4431028,0.0,-1.0,-46.0
1776884724.4531028,-2.0,0.0,-42.0
1776884724.4631028,0.0,2.0,-41.0
1776884724.4731028,2.0,2.0,-43.0
1776884724.4831028,3.0,-1.0,-49.0
1776884724.4931028,0.0,-5.0,-49.0
1776884724.5031028,5.0,-9.0,-50.0
1776884724.5131028,3.0,-11.0,-58.0
1776884724.5231028,8.0,-10.0,-54.0
1776884724.5331028,7.0,-7.0,-55.0
1776884724.5431027,5.0,-3.0,-54.0
1776884724.5531027,4.0,-3.0,-54.0
1776884724.5631027,7.0,0.0,-46.0
1776884724.5731027,2.0,1.0,-44.0
1776884724.5831027,3.0,4.0,-45.0
1776884724.5931027,7.0,2.0,-41.0
1776884724.6031027,7.0,-4.0,-38.0
1776884724.613103,6.0,-5.0,-41.0
1776884724.623103,2.0,-7.0,-45.0
1776884724.633103,5.0,-5.0,-43.0
1776884724.6431026,9.0,-4.0,-37.0
1776884724.6531026,14.0,-6.0,-39.0
1776884724.6631026,8.0,-7.0,-44.0
1776884724.6731029,1.0,-3.0,-54.0
1776884724.6831028,-2.0,-4.0,-53.0
1776884724.6931028,-3.0,-2.0,-54.0
1776884724.7031028,5.0,0.0,-56.0
1776884724.7131028,3.0,0.0,-53.0
1776884724.7231028,0.0,1.0,-47.0
1776884724.7331028,-2.0,3.0,-46.0
1776884724.7431028,0.0,-1.0,-51.0
1776884724.7531028,0.0,-1.0,-49.0
1776884724.7631028,1.0,0.0,-48.0
1776884724.7731028,-4.0,0.0,-51.0
1776884724.7831028,-7.0,-1.0,-50.0
1776884724.7931027,-5.0,-7.0,-55.0
1776884724.8031027,-3.0,-4.0,-61.0
1776884724.8131027,-3.0,1.0,-63.0
1776884724.8231027,-1.0,4.0,-51.0
1776884724.8331027,0.0,5.0,-55.0
1776884724.8431027,1.0,2.0,-51.0
1776884724.8531027,4.0,6.0,-41.0
1776884724.863103,4.0,6.0,-40.0
1776884724.873103,4.0,4.0,-42.0
1776884724.883103,0.0,0.0,-29.0
1776884724.8931026,1.0,0.0,-35.0
1776884724.9031026,0.0,2.0,-35.0
1776884724.9131026,3.0,0.0,-38.0
1776884724.9231029,1.0,-2.0,-39.0
1776884724.9331028,0.0,0.0,-40.0
1776884724.9431028,0.0,-1.0,-43.0
1776884724.9531028,-2.0,-2.0,-45.0
1776884724.9631028,-1.0,0.0,-45.0
1776884724.9731028,3.0,-1.0,-42.0
1776884724.9831028,2.0,3.0,-46.0
1776884724.9931028,-4.0,0.0,-42.0
1776884725.0031028,3.0,-1.0,-36.0
1776884725.0131028,5.0,0.0,-38.0
1776884725.0231028,6.0,-2.0,-42.0
1776884725.0331028,4.0,-2.0,-37.0
1776884725.0431027,4.0,0.0,-34.0
1776884725.0531027,7.0,0.0,-30.0
1776884725.0631027,6.0,-1.0,-35.0
1776884725.0731027,2.0,0.0,-37.0
1776884725.0831027,1.0,1.0,-41.0
1776884725.0931027,4.0,-1.0,-48.0
1776884725.1031027,1.0,-2.0,-50.0
1776884725.113103,4.0,-9.0,-51.0
1776884725.123103,2.0,-7.0,-53.0
1776884725.133103,5.0,-3.0,-51.0
1776884725.1431026,9.0,-2.0,-58.0
1776884725.1531026,5.0,0.0,-57.0
1776884725.1631026,6.0,-1.0,-54.0
1776884725.1731029,1.0,1.0,-57.0
1776884725.1831028,5.0,0.0,-57.0
1776884725.1931028,6.0,1.0,-53.0
1776884725.2031028,10.0,-3.0,-56.0
1776884725.2131028,11.0,-4.0,-47.0
1776884725.2231028,14.0,-3.0,-47.0
1776884725.2331028,9.0,-6.0,-54.0
1776884725.2431028,8.0,-4.0,-53.0
1776884725.2531028,11.0,-6.0,-48.0
1776884725.2631028,3.0,-8.0,-45.0
1776884725.2731028,3.0,-6.0,-48.0
1776884725.2831028,3.0,-7.0,-55.0
1776884725.2931027,1.0,-9.0,-55.0
1776884725.3031027,2.0,-4.0,-55.0
1776884725.3131027,5.0,-5.0,-54.0
1776884725.3231027,5.0,-7.0,-48.0
1776884725.3331027,6.0,-4.0,-50.0
1776884725.3431027,6.0,-6.0,-48.0
1776884725.3531027,3.0,-4.0,-50.0
1776884725.363103,4.0,-2.0,-52.0
1776884725.373103,5.0,-1.0,-58.0
1776884725.383103,6.0,-1.0,-55.0
1776884725.3931026,3.0,-1.0,-56.0
1776884725.4031026,6.0,-2.0,-57.0
1776884725.4131026,4.0,0.0,-57.0
1776884725.4231029,0.0,0.0,-56.0
1776884725.4331028,-1.0,-4.0,-51.0
1776884725.4431028,-3.0,-1.0,-53.0
1776884725.4531028,-5.0,0.0,-49.0
1776884725.4631028,-2.0,1.0,-47.0
1776884725.4731028,-2.0,4.0,-44.0
1776884725.4831028,0.0,3.0,-45.0
1776884725.4931028,0.0,2.0,-50.0
1776884725.5031028,0.0,4.0,-50.0
1776884725.5131028,-4.0,8.0,-50.0
1776884725.5231028,-5.0,7.0,-49.0
1776884725.5331028,-2.0,3.0,-48.0
1776884725.5431027,1.0,1.0,-35.0
1776884725.5531027,1.0,0.0,-38.0
1776884725.5631027,3.0,1.0,-39.0
1776884725.5731027,5.0,3.0,-45.0
1776884725.5831027,5.0,0.0,-36.0
1776884725.5931027,2.0,-2.0,-40.0
1776884725.6031027,2.0,-2.0,-38.0
1776884725.613103,-1.0,1.0,-36.0
1776884725.623103,-7.0,2.0,-34.0
1776884725.633103,-11.0,2.0,-33.0
1776884725.6431026,-9.0,-1.0,-38.0
1776884725.6531026,-7.0,0.0,-39.0
1776884725.6631026,-6.0,0.0,-43.0
1776884725.6731029,-8.0,0.0,-44.0
1776884725.6831028,-7.0,-1.0,-41.0
1776884725.6931028,-2.0,-1.0,-47.0
1776884725.7031028,-5.0,0.0,-47.0
1776884725.7131028,-3.0,0.0,-46.0
1776884725.7231028,-1.0,1.0,-45.0
1776884725.7331028,-4.0,-3.0,-45.0
1776884725.7431028,0.0,-3.0,-53.0
1776884725.7531028,-1.0,-2.0,-58.0
1776884725.7631028,-2.0,0.0,-52.0
1776884725.7731028,0.0,-2.0,-47.0
1776884725.7831028,2.0,-3.0,-44.0
1776884725.7931027,3.0,-6.0,-42.0
1776884725.8031027,0.0,-1.0,-43.0
1776884725.8131027,0.0,0.0,-45.0
1776884725.8231027,-1.0,-2.0,-40.0
1776884725.8331027,-2.0,-3.0,-43.0
1776884725.8431027,0.0,-3.0,-45.0
1776884725.8531027,4.0,0.0,-51.0
1776884725.863103,1.0,0.0,-47.0
1776884725.873103,1.0,1.0,-41.0
1776884725.883103,0.0,-1.0,-47.0
1776884725.8931026,2.0,2.0,-49.0
1776884725.9031026,-2.0,0.0,-55.0
1776884725.9131026,0.0,-1.0,-58.0
1776884725.9231029,-1.0,-1.0,-51.0
1776884725.9331028,-1.0,-2.0,-52.0
1776884725.9431028,-1.0,-2.0,-52.0
1776884725.9531028,-4.0,-3.0,-50.0
1776884725.9631028,-1.0,-4.0,-46.0
1776884725.9731028,-4.0,-3.0,-48.0
1776884725.9831028,-3.0,-3.0,-51.0
1776884725.9931028,-2.0,-8.0,-56.0
1776884726.0031028,0.0,-6.0,-55.0
1776884726.0131028,2.0,-5.0,-55.0
1776884726.0231028,0.0,-4.0,-51.0
1776884726.0331028,0.0,0.0,-48.0
1776884726.0431027,-1.0,-2.0,-53.0
1776884726.0531027,0.0,-7.0,-48.0
1776884726.0631027,-2.0,-5.0,-41.0
1776884726.0731027,-1.0,-10.0,-37.0
1776884726.0831027,-1.0,-6.0,-38.0
1776884726.0931027,6.0,-8.0,-41.0
1776884726.1031027,7.0,-2.0,-50.0
1776884726.113103,3.0,0.0,-45.0
1776884726.123103,-1.0,3.0,-44.0
1776884726.133103,2.0,2.0,-41.0
1776884726.1431026,3.0,3.0,-43.0
1776884726.1531026,0.0,3.0,-45.0
1776884726.1631026,0.0,8.0,-44.0
1776884726.1731029,0.0,5.0,-44.0
1776884726.1831028,3.0,5.0,-46.0
1776884726.1931028,1.0,3.0,-49.0
1776884726.2031028,-2.0,2.0,-50.0
1776884726.2131028,-2.0,5.0,-48.0
1776884726.2231028,-4.0,1.0,-56.0
1776884726.2331028,-4.0,-1.0,-57.0
1776884726.2441027,-8.0,1.0,-53.0
1776884726.2541027,-4.0,6.0,-48.0
1776884726.2641027,-1.0,5.0,-43.0
1776884726.2741027,-1.0,0.0,-42.0
1776884726.284103,0.0,-1.0,-46.0
1776884726.294103,4.0,-1.0,-46.0
1776884726.304103,4.0,-2.0,-46.0
1776884726.3141026,0.0,1.0,-45.0
1776884726.3241026,4.0,2.0,-50.0
1776884726.3341026,3.0,0.0,-49.0
1776884726.3441026,3.0,-3.0,-46.0
1776884726.3541028,2.0,-4.0,-39.0
1776884726.3641028,3.0,-1.0,-38.0
1776884726.3741028,4.0,2.0,-36.0
1776884726.3841028,2.0,2.0,-38.0
1776884726.3941028,3.0,2.0,-39.0
1776884726.4041028,1.0,3.0,-42.0
1776884726.4141028,2.0,5.0,-45.0
1776884726.4241028,0.0,4.0,-47.0
1776884726.4341028,0.0,0.0,-44.0
1776884726.4441028,2.0,0.0,-43.0
1776884726.4541028,0.0,3.0,-46.0
1776884726.4641027,-5.0,0.0,-51.0
1776884726.4741027,-6.0,0.0,-53.0
1776884726.4841027,-6.0,-2.0,-48.0
1776884726.4941027,-6.0,-4.0,-44.0
1776884726.5041027,-9.0,-1.0,-49.0
1776884726.5141027,-5.0,1.0,-38.0
1776884726.5241027,-4.0,3.0,-41.0
1776884726.534103,1.0,3.0,-42.0
1776884726.544103,3.0,3.0,-42.0
1776884726.554103,3.0,1.0,-39.0
1776884726.5641026,0.0,-1.0,-38.0
1776884726.5741026,-1.0,0.0,-44.0
1776884726.5841026,-2.0,-4.0,-51.0
1776884726.5941026,1.0,-6.0,-54.0
1776884726.6041028,0.0,-1.0,-56.0
1776884726.6141028,-2.0,0.0,-51.0
1776884726.6241028,0.0,0.0,-53.0
1776884726.6341028,-2.0,1.0,-56.0
1776884726.6441028,-1.0,-1.0,-61.0
1776884726.6541028,0.0,-5.0,-56.0
1776884726.6641028,1.0,-5.0,-60.0
1776884726.6741028,3.0,-7.0,-54.0
1776884726.6841028,0.0,-8.0,-45.0
1776884726.6941028,1.0,-12.0,-45.0
1776884726.7041028,1.0,-10.0,-46.0
1776884726.7141027,-4.0,-7.0,-44.0
1776884726.7241027,-2.0,-3.0,-42.0
1776884726.7341027,0.0,-1.0,-47.0
1776884726.7441027,4.0,-3.0,-44.0
1776884726.7541027,9.0,-1.0,-45.0
1776884726.7641027,5.0,0.0,-42.0
1776884726.7741027,5.0,-1.0,-44.0
1776884726.784103,5.0,0.0,-42.0
1776884726.794103,0.0,-3.0,-41.0
1776884726.804103,0.0,0.0,-40.0
1776884726.8141026,3.0,1.0,-38.0
1776884726.8241026,1.0,1.0,-35.0
1776884726.8341026,-1.0,0.0,-33.0
1776884726.8441026,-4.0,-1.0,-39.0
1776884726.8541028,0.0,0.0,-42.0
1776884726.8641028,-1.0,1.0,-43.0
1776884726.8741028,0.0,3.0,-38.0
1776884726.8841028,2.0,1.0,-37.0
1776884726.8941028,2.0,-4.0,-42.0
1776884726.9041028,-1.0,-9.0,-47.0
1776884726.9141028,-1.0,-7.0,-38.0
1776884726.9241028,-4.0,-7.0,-42.0
1776884726.9341028,4.0,-6.0,-47.0
1776884726.9441028,5.0,-7.0,-49.0
1776884726.9541028,6.0,-11.0,-42.0
1776884726.9641027,1.0,-9.0,-40.0
1776884726.9741027,4.0,-10.0,-44.0
1776884726.9841027,1.0,-8.0,-51.0
1776884726.9941027,-4.0,-9.0,-47.0
1776884727.0041027,-3.0,-7.0,-52.0
1776884727.0141027,-3.0,0.0,-55.0
1776884727.0241027,-4.0,0.0,-53.0
1776884727.034103,-4.0,1.0,-50.0
1776884727.044103,-5.0,-1.0,-56.0
1776884727.054103,-5.0,-3.0,-57.0
1776884727.0641026,-5.0,-1.0,-47.0
1776884727.0741026,-3.0,-2.0,-43.0
1776884727.0841026,-2.0,-4.0,-45.0
1776884727.0941026,-3.0,-3.0,-46.0
1776884727.1041028,0.0,-2.0,-45.0
1776884727.1141028,2.0,-1.0,-52.0
1776884727.1241028,-3.0,1.0,-61.0
1776884727.1341028,-3.0,3.0,-65.0
1776884727.1441028,-3.0,2.0,-60.0
1776884727.1541028,-4.0,-1.0,-54.0
1776884727.1641028,-3.0,-2.0,-50.0
1776884727.1741028,-3.0,-3.0,-44.0
1776884727.1841028,0.0,-4.0,-42.0
1776884727.1941028,4.0,-5.0,-43.0
1776884727.2041028,4.0,-9.0,-43.0
1776884727.2141027,4.0,-7.0,-50.0
1776884727.2241027,3.0,-6.0,-52.0
1776884727.2341027,8.0,-3.0,-52.0
1776884727.2441027,9.0,-1.0,-55.0
1776884727.2541027,6.0,-5.0,-58.0
1776884727.2641027,4.0,-5.0,-50.0
1776884727.2741027,5.0,-2.0,-55.0
1776884727.284103,4.0,-1.0,-49.0
1776884727.294103,5.0,0.0,-39.0
1776884727.304103,3.0,0.0,-39.0
1776884727.3141026,3.0,-1.0,-40.0
1776884727.3241026,4.0,-2.0,-43.0
1776884727.3341026,0.0,-1.0,-42.0
1776884727.3441026,2.0,-2.0,-41.0
1776884727.3541028,1.0,3.0,-42.0
1776884727.3641028,-3.0,3.0,-48.0
1776884727.3741028,-4.0,3.0,-45.0
1776884727.3841028,-2.0,0.0,-45.0
1776884727.3941028,-2.0,-1.0,-44.0
1776884727.4041028,-3.0,-5.0,-48.0
1776884727.4141028,-1.0,-3.0,-53.0
1776884727.4241028,1.0,-2.0,-46.0
1776884727.4341028,1.0,-3.0,-47.0
1776884727.4441028,0.0,-2.0,-48.0
1776884727.4541028,1.0,-1.0,-42.0
1776884727.4641027,2.0,-5.0,-44.0
1776884727.4741027,5.0,-8.0,-54.0
1776884727.4841027,10.0,-3.0,-51.0
1776884727.4941027,7.0,2.0,-47.0
1776884727.5041027,4.0,1.0,-45.0
1776884727.5141027,-1.0,-2.0,-48.0
1776884727.5241027,-3.0,-4.0,-48.0
1776884727.534103,-4.0,0.0,-52.0
1776884727.544103,-6.0,3.0,-51.0
1776884727.554103,-11.0,3.0,-49.0
1776884727.5641026,-12.0,5.0,-48.0
1776884727.5741026,-8.0,0.0,-46.0
1776884727.5841026,-8.0,0.0,-43.0
1776884727.5941026,-6.0,-4.0,-47.0
1776884727.6041028,-5.0,0.0,-55.0
1776884727.6141028,-3.0,0.0,-53.0
1776884727.6241028,-3.0,-1.0,-48.0
1776884727.6341028,-5.0,2.0,-45.0
1776884727.6441028,-3.0,0.0,-44.0
1776884727.6541028,-1.0,-3.0,-44.0
1776884727.6641028,4.0,-3.0,-40.0
1776884727.6741028,7.0,-1.0,-46.0
1776884727.6841028,9.0,-1.0,-46.0
1776884727.6941028,6.0,-1.0,-46.0
1776884727.7041028,6.0,-2.0,-46.0
1776884727.7141027,4.0,2.0,-43.0
1776884727.7241027,-4.0,0.0,-47.0
1776884727.7341027,-5.0,0.0,-45.0
1776884727.7441027,-5.0,-2.0,-44.0
1776884727.7541027,-1.0,0.0,-41.0
1776884727.7641027,0.0,0.0,-37.0
1776884727.7741027,0.0,-1.0,-30.0
1776884727.784103,1.0,-4.0,-33.0
1776884727.794103,2.0,-6.0,-33.0
1776884727.804103,2.0,-5.0,-40.0
1776884727.8141026,3.0,-3.0,-46.0
1776884727.8241026,0.0,-3.0,-44.0
1776884727.8341026,0.0,-7.0,-38.0
1776884727.8441026,-1.0,-4.0,-36.0
1776884727.8541028,-2.0,0.0,-41.0
1776884727.8641028,-3.0,-2.0,-39.0
1776884727.8741028,-2.0,1.0,-48.0
1776884727.8841028,0.0,5.0,-44.0
1776884727.8941028,0.0,7.0,-43.0
1776884727.9041028,-1.0,6.0,-44.0
1776884727.9141028,0.0,2.0,-43.0
1776884727.9241028,0.0,2.0,-42.0
1776884727.9341028,0.0,3.0,-45.0
1776884727.9441028,-3.0,0.0,-52.0
1776884727.9541028,0.0,0.0,-49.0
1776884727.9641027,2.0,0.0,-44.0
1776884727.9741027,4.0,1.0,-43.0
1776884727.9841027,4.0,1.0,-46.0
1776884727.9941027,3.0,2.0,-43.0
1776884728.0041027,0.0,1.0,-43.0
1776884728.0141027,-1.0,3.0,-43.0
1776884728.0241027,-5.0,2.0,-45.0
1776884728.034103,-7.0,4.0,-45.0
1776884728.044103,-10.0,6.0,-42.0
1776884728.054103,-8.0,1.0,-48.0
1776884728.0641026,-2.0,-4.0,-48.0
1776884728.0741026,-1.0,-4.0,-53.0
1776884728.0841026,-1.0,-3.0,-60.0
1776884728.0941026,-2.0,-5.0,-62.0
1776884728.1041028,-4.0,-1.0,-64.0
1776884728.1141028,-3.0,-2.0,-55.0
1776884728.1241028,-2.0,0.0,-56.0
1776884728.1341028,-2.0,1.0,-57.0
1776884728.1441028,-2.0,-1.0,-55.0
1776884728.1541028,-2.0,-1.0,-56.0
1776884728.1641028,-3.0,-2.0,-58.0
1776884728.1741028,-3.0,0.0,-51.0
1776884728.1841028,-3.0,0.0,-50.0
1776884728.1951027,0.0,-4.0,-44.0
1776884728.2041028,-1.0,-4.0,-43.0
1776884728.215103,3.0,-3.0,-40.0
1776884728.225103,4.0,-7.0,-41.0
1776884728.235103,3.0,-10.0,-42.0
1776884728.2451026,3.0,-7.0,-50.0
1776884728.2551026,3.0,-6.0,-58.0
1776884728.2651026,3.0,-2.0,-59.0
1776884728.2751029,4.0,-1.0,-50.0
1776884728.2851028,4.0,0.0,-52.0
1776884728.2951028,4.0,-1.0,-50.0
1776884728.3051028,0.0,0.0,-40.0
1776884728.3151028,1.0,1.0,-44.0
1776884728.3251028,-1.0,2.0,-49.0
1776884728.3351028,-3.0,0.0,-50.0
1776884728.3451028,-2.0,-3.0,-45.0
1776884728.3551028,2.0,-3.0,-50.0
1776884728.3651028,2.0,-8.0,-49.0
1776884728.3751028,2.0,-8.0,-53.0
1776884728.3851027,0.0,-2.0,-49.0
1776884728.3951027,5.0,-1.0,-45.0
1776884728.4051027,3.0,-1.0,-46.0
1776884728.4151027,0.0,-2.0,-42.0
1776884728.4251027,-1.0,1.0,-45.0
1776884728.4351027,-3.0,1.0,-45.0
1776884728.4451027,-1.0,-5.0,-38.0
1776884728.4551027,-3.0,-2.0,-40.0
1776884728.465103,-4.0,2.0,-46.0
1776884728.475103,-2.0,4.0,-45.0
1776884728.485103,-2.0,3.0,-42.0
1776884728.4951026,0.0,0.0,-46.0
1776884728.5051026,2.0,1.0,-46.0
1776884728.5151026,4.0,0.0,-42.0
1776884728.5251029,1.0,2.0,-42.0
1776884728.5351028,-1.0,2.0,-40.0
1776884728.5451028,-3.0,4.0,-43.0
1776884728.5551028,-5.0,6.0,-41.0
1776884728.5651028,-3.0,8.0,-38.0
1776884728.5751028,0.0,7.0,-36.0
1776884728.5851028,0.0,4.0,-37.0
1776884728.5951028,0.0,1.0,-38.0
1776884728.6051028,0.0,-3.0,-38.0
1776884728.6151028,3.0,-5.0,-44.0
1776884728.6251028,9.0,-4.0,-38.0
1776884728.6351027,8.0,-2.0,-39.0
1776884728.6451027,5.0,-5.0,-39.0
1776884728.6551027,2.0,-2.0,-39.0
1776884728.6651027,3.0,-6.0,-41.0
1776884728.6751027,5.0,-6.0,-35.0
1776884728.6851027,1.0,-15.0,-38.0
1776884728.6951027,-1.0,-8.0,-38.0
1776884728.7051027,-3.0,-8.0,-45.0
1776884728.715103,-3.0,-10.0,-45.0
1776884728.725103,-3.0,-9.0,-51.0
1776884728.735103,-1.0,-5.0,-51.0
1776884728.7451026,-1.0,-4.0,-49.0
1776884728.7551026,-1.0,-1.0,-51.0
1776884728.7651026,1.0,-1.0,-53.0
1776884728.7751029,0.0,-1.0,-55.0
1776884728.7851028,1.0,-2.0,-46.0
1776884728.7951028,5.0,-5.0,-48.0
1776884728.8051028,6.0,-9.0,-52.0
1776884728.8151028,2.0,-5.0,-55.0
1776884728.8251028,4.0,-8.0,-50.0
1776884728.8351028,7.0,-13.0,-43.0
1776884728.8451028,8.0,-8.0,-34.0
1776884728.8551028,7.0,-2.0,-32.0
1776884728.8651028,4.0,0.0,-33.0
1776884728.8751028,5.0,0.0,-35.0
1776884728.8851027,11.0,1.0,-38.0
1776884728.8951027,9.0,2.0,-44.0
1776884728.9051027,13.0,0.0,-46.0
1776884728.9151027,11.0,-2.0,-46.0
1776884728.9251027,13.0,-2.0,-40.0
1776884728.9351027,13.0,-3.0,-40.0
1776884728.9451027,13.0,-3.0,-40.0
1776884728.9551027,9.0,-2.0,-44.0
1776884728.965103,7.0,-4.0,-42.0
1776884728.975103,9.0,-3.0,-46.0
1776884728.985103,8.0,-3.0,-48.0
1776884728.9951026,7.0,-3.0,-48.0
1776884729.0051026,8.0,-5.0,-43.0
1776884729.0151026,5.0,-2.0,-44.0
1776884729.0251029,2.0,-4.0,-46.0
1776884729.0351028,0.0,-3.0,-49.0
1776884729.0451028,2.0,0.0,-50.0
1776884729.0551028,1.0,0.0,-47.0
1776884729.0651028,5.0,-2.0,-47.0
1776884729.0751028,4.0,-4.0,-50.0
1776884729.0851028,5.0,-5.0,-49.0
1776884729.0951028,2.0,-7.0,-50.0
1776884729.1051028,-3.0,-7.0,-49.0
1776884729.1151028,-5.0,-3.0,-47.0
1776884729.1251028,-7.0,-7.0,-54.0
1776884729.1351027,-7.0,-6.0,-48.0
1776884729.1451027,-3.0,-4.0,-45.0
1776884729.1551027,-5.0,-3.0,-36.0
1776884729.1651027,-3.0,-4.0,-41.0
1776884729.1751027,-4.0,-3.0,-44.0
1776884729.1851027,-3.0,-2.0,-44.0
1776884729.1951027,0.0,-2.0,-43.0
1776884729.2051027,1.0,0.0,-40.0
1776884729.215103,1.0,-4.0,-43.0
1776884729.225103,0.0,-2.0,-50.0
1776884729.235103,1.0,-2.0,-53.0
1776884729.2451026,2.0,-1.0,-53.0
1776884729.2551026,0.0,3.0,-46.0
1776884729.2651026,4.0,3.0,-48.0
1776884729.2751029,3.0,5.0,-52.0
1776884729.2851028,2.0,2.0,-53.0
1776884729.2951028,-2.0,-2.0,-50.0
1776884729.3051028,-8.0,-3.0,-47.0
1776884729.3151028,-9.0,-2.0,-49.0
1776884729.3251028,-5.0,-2.0,-46.0
1776884729.3351028,-2.0,0.0,-50.0
1776884729.3451028,-1.0,3.0,-47.0
1776884729.3551028,-1.0,6.0,-42.0
1776884729.3651028,0.0,6.0,-41.0
1776884729.3751028,-4.0,3.0,-37.0
1776884729.3851027,-4.0,1.0,-41.0
1776884729.3951027,-2.0,1.0,-41.0
1776884729.4051027,-7.0,-1.0,-44.0
1776884729.4151027,-7.0,0.0,-47.0
1776884729.4251027,-5.0,1.0,-52.0
1776884729.4351027,-2.0,-1.0,-48.0
1776884729.4451027,0.0,-1.0,-50.0
1776884729.4551027,-1.0,-5.0,-40.0
1776884729.465103,-3.0,-3.0,-39.0
1776884729.475103,-2.0,-4.0,-36.0
1776884729.485103,1.0,-2.0,-37.0
1776884729.4951026,-2.0,-1.0,-38.0
1776884729.5051026,0.0,0.0,-38.0
1776884729.5151026,2.0,0.0,-40.0
1776884729.5251029,2.0,-4.0,-38.0
1776884729.5351028,3.0,-3.0,-43.0
1776884729.5451028,-3.0,-6.0,-44.0
1776884729.5551028,-3.0,-3.0,-38.0
1776884729.5651028,-2.0,-4.0,-43.0
1776884729.5751028,-1.0,-8.0,-41.0
1776884729.5851028,1.0,-7.0,-36.0
1776884729.5951028,1.0,-7.0,-33.0
1776884729.6051028,5.0,-10.0,-39.0
1776884729.6151028,4.0,-5.0,-50.0
1776884729.6251028,4.0,-6.0,-48.0
1776884729.6351027,0.0,-6.0,-50.0
1776884729.6451027,-1.0,-5.0,-58.0
1776884729.6551027,0.0,-8.0,-57.0
1776884729.6651027,0.0,-3.0,-53.0
1776884729.6751027,-5.0,-6.0,-56.0
1776884729.6851027,-6.0,-6.0,-61.0
1776884729.6951027,-5.0,-3.0,-56.0
1776884729.7051027,-2.0,-6.0,-53.0
1776884729.715103,-2.0,-9.0,-57.0
1776884729.725103,4.0,-6.0,-54.0
1776884729.735103,4.0,-3.0,-50.0
1776884729.7451026,4.0,-3.0,-51.0
1776884729.7551026,0.0,-2.0,-49.0
1776884729.7651026,1.0,-2.0,-48.0
1776884729.7751029,-1.0,-4.0,-51.0
1776884729.7851028,0.0,-4.0,-53.0
1776884729.7951028,0.0,-4.0,-49.0
1776884729.8051028,-1.0,-3.0,-48.0
1776884729.8151028,0.0,0.0,-53.0
1776884729.8251028,0.0,-1.0,-51.0
1776884729.8351028,0.0,-4.0,-58.0
1776884729.8451028,-3.0,-5.0,-46.0
1776884729.8551028,1.0,-3.0,-40.0
1776884729.8651028,3.0,-3.0,-38.0
1776884729.8751028,0.0,-4.0,-38.0
1776884729.8851027,2.0,-3.0,-37.0
1776884729.8951027,0.0,-4.0,-43.0
1776884729.9051027,1.0,-3.0,-48.0
1776884729.9151027,3.0,3.0,-37.0
1776884729.9251027,-2.0,-3.0,-36.0
1776884729.9351027,-6.0,0.0,-35.0
1776884729.9451027,-2.0,-2.0,-36.0
1776884729.9551027,-1.0,-2.0,-37.0
1776884729.965103,-1.0,-10.0,-45.0
1776884729.975103,-4.0,-5.0,-51.0
1776884729.985103,-7.0,-8.0,-48.0
1776884729.9951026,-7.0,-8.0,-43.0
1776884730.0051026,-9.0,-6.0,-40.0
1776884730.0151026,-10.0,-7.0,-46.0
1776884730.0251029,-5.0,-9.0,-46.0
1776884730.0351028,0.0,-3.0,-48.0
1776884730.0451028,-1.0,-3.0,-50.0
1776884730.0551028,0.0,-5.0,-48.0
1776884730.0651028,-2.0,-9.0,-46.0
1776884730.0751028,1.0,-6.0,-38.0
1776884730.0851028,3.0,-3.0,-35.0
1776884730.0951028,3.0,-2.0,-41.0
1776884730.1051028,4.0,-1.0,-42.0
1776884730.1151028,8.0,0.0,-44.0
1776884730.1251028,8.0,-2.0,-39.0
1776884730.1351027,8.0,-1.0,-42.0
1776884730.146103,10.0,-8.0,-46.0
1776884730.1551027,9.0,-8.0,-45.0
1776884730.1651027,13.0,-9.0,-40.0
1776884730.1751027,12.0,-8.0,-45.0
1776884730.1861026,9.0,-7.0,-41.0
1776884730.1961029,6.0,-4.0,-47.0
1776884730.2061028,7.0,-1.0,-44.0
1776884730.2161028,9.0,-1.0,-36.0
1776884730.2261028,9.0,-1.0,-34.0
1776884730.2361028,7.0,2.0,-40.0
1776884730.2461028,7.0,2.0,-43.0
1776884730.2561028,3.0,0.0,-40.0
1776884730.2661028,2.0,-3.0,-34.0
1776884730.2761028,4.0,-8.0,-34.0
1776884730.2861028,4.0,-5.0,-35.0
1776884730.2961028,4.0,-7.0,-37.0
1776884730.3061028,6.0,-7.0,-38.0
1776884730.3161027,7.0,-6.0,-42.0
1776884730.3261027,3.0,-5.0,-44.0
1776884730.3361027,0.0,-5.0,-52.0
1776884730.3461027,-4.0,-2.0,-55.0
1776884730.3561027,-1.0,0.0,-51.0
1776884730.3661027,1.0,2.0,-48.0
1776884730.3761027,0.0,0.0,-43.0
1776884730.386103,0.0,-2.0,-41.0
1776884730.396103,0.0,-3.0,-39.0
1776884730.406103,0.0,-4.0,-42.0
1776884730.4161026,0.0,-4.0,-36.0
1776884730.4261026,2.0,-5.0,-35.0
1776884730.4361026,2.0,-3.0,-42.0
1776884730.4461029,4.0,-3.0,-42.0
1776884730.4561028,7.0,-5.0,-41.0
1776884730.4661028,7.0,-8.0,-43.0
1776884730.4761028,3.0,-7.0,-47.0
1776884730.4861028,1.0,-9.0,-46.0
1776884730.4961028,3.0,-8.0,-47.0
1776884730.5061028,1.0,-5.0,-41.0
1776884730.5161028,4.0,-6.0,-39.0
1776884730.5261028,2.0,-7.0,-32.0
1776884730.5361028,0.0,-4.0,-30.0
1776884730.5461028,2.0,-4.0,-41.0
1776884730.5561028,5.0,-9.0,-46.0
1776884730.5661027,2.0,-8.0,-52.0
1776884730.5761027,3.0,-10.0,-54.0
1776884730.5861027,4.0,-8.0,-46.0
1776884730.5961027,6.0,-11.0,-48.0
1776884730.6061027,0.0,-11.0,-42.0
1776884730.6161027,2.0,-10.0,-49.0
1776884730.6261027,5.0,-11.0,-54.0
1776884730.636103,3.0,-7.0,-48.0
1776884730.646103,3.0,-3.0,-49.0
1776884730.656103,5.0,-2.0,-48.0
1776884730.6661026,6.0,-3.0,-47.0
1776884730.6761026,7.0,-1.0,-38.0
1776884730.6861026,8.0,0.0,-35.0
1776884730.6961029,9.0,-2.0,-29.0
1776884730.7061028,4.0,0.0,-34.0
1776884730.7161028,5.0,-2.0,-34.0
1776884730.7261028,1.0,-1.0,-34.0
1776884730.7361028,1.0,0.0,-38.0
1776884730.7461028,2.0,2.0,-37.0
1776884730.7561028,0.0,5.0,-40.0
1776884730.7661028,0.0,3.0,-40.0
1776884730.7761028,1.0,2.0,-39.0
1776884730.7861028,3.0,1.0,-36.0
1776884730.7961028,4.0,-1.0,-34.0
1776884730.8061028,0.0,-4.0,-38.0
1776884730.8161027,-8.0,-2.0,-49.0
1776884730.8261027,-5.0,-2.0,-53.0
1776884730.8361027,-6.0,-1.0,-54.0
1776884730.8461027,-4.0,-3.0,-50.0
1776884730.8561027,-7.0,-3.0,-55.0
1776884730.8661027,-6.0,-2.0,-56.0
1776884730.8761027,-2.0,-1.0,-58.0
1776884730.886103,-4.0,0.0,-57.0
1776884730.896103,-1.0,0.0,-52.0
1776884730.906103,-2.0,4.0,-47.0
1776884730.9161026,0.0,1.0,-48.0
1776884730.9261026,0.0,0.0,-53.0
1776884730.9361026,1.0,1.0,-52.0
1776884730.9461029,3.0,2.0,-59.0
1776884730.9561028,3.0,0.0,-64.0
1776884730.9661028,2.0,0.0,-61.0
1776884730.9761028,0.0,0.0,-58.0
1776884730.9861028,-2.0,-1.0,-53.0
1776884730.9961028,-2.0,-1.0,-49.0
1776884731.0061028,-5.0,-4.0,-47.0
1776884731.0161028,-4.0,-7.0,-53.0
1776884731.0261028,-8.0,-7.0,-49.0
1776884731.0361028,-5.0,-5.0,-50.0
1776884731.0461028,-4.0,-2.0,-49.0
1776884731.0561028,-8.0,-3.0,-49.0
1776884731.0661027,-1.0,-3.0,-46.0
1776884731.0761027,1.0,-9.0,-50.0
1776884731.0861027,0.0,-5.0,-59.0
1776884731.0961027,0.0,-3.0,-55.0
1776884731.1061027,-3.0,-4.0,-53.0
1776884731.1161027,0.0,-5.0,-54.0
1776884731.1261027,5.0,-3.0,-50.0
1776884731.136103,6.0,-4.0,-49.0
1776884731.146103,1.0,-4.0,-45.0
1776884731.156103,-2.0,-6.0,-42.0
1776884731.1661026,0.0,-6.0,-35.0
1776884731.1761026,2.0,-3.0,-38.0
1776884731.1861026,0.0,-4.0,-51.0
1776884731.1961029,-2.0,0.0,-54.0
1776884731.2061028,3.0,0.0,-50.0
1776884731.2161028,2.0,2.0,-48.0
1776884731.2261028,0.0,2.0,-43.0
1776884731.2361028,0.0,2.0,-44.0
1776884731.2461028,-1.0,-1.0,-46.0
1776884731.2561028,-1.0,-4.0,-47.0
1776884731.2661028,0.0,-4.0,-47.0
1776884731.2761028,0.0,-6.0,-38.0
1776884731.2861028,1.0,-8.0,-35.0
1776884731.2961028,4.0,-6.0,-29.0
1776884731.3061028,2.0,-2.0,-33.0
1776884731.3161027,-4.0,0.0,-36.0
1776884731.3261027,-1.0,1.0,-36.0
1776884731.3361027,-4.0,0.0,-34.0
1776884731.3461027,0.0,1.0,-31.0
1776884731.3561027,-4.0,2.0,-34.0
1776884731.3661027,-1.0,3.0,-35.0
1776884731.3761027,-1.0,7.0,-34.0
1776884731.386103,-2.0,6.0,-37.0
1776884731.396103,-2.0,6.0,-36.0
1776884731.406103,-1.0,2.0,-37.0
1776884731.4161026,2.0,0.0,-41.0
1776884731.4261026,1.0,-1.0,-39.0
1776884731.4361026,0.0,-2.0,-39.0
1776884731.4461029,2.0,-1.0,-46.0
1776884731.4561028,1.0,0.0,-45.0
1776884731.4661028,3.0,0.0,-47.0
1776884731.4761028,2.0,-4.0,-52.0
1776884731.4861028,-1.0,-7.0,-49.0
1776884731.4961028,0.0,-8.0,-53.0
1776884731.5061028,-1.0,-8.0,-50.0
1776884731.5161028,-2.0,-7.0,-43.0
1776884731.5261028,-1.0,-3.0,-47.0
1776884731.5361028,2.0,-4.0,-45.0
1776884731.5461028,2.0,-4.0,-46.0
1776884731.5561028,0.0,0.0,-47.0
1776884731.5661027,6.0,-1.0,-48.0
1776884731.5761027,5.0,-3.0,-48.0
1776884731.5861027,5.0,-3.0,-50.0
1776884731.5961027,2.0,-6.0,-44.0
1776884731.6061027,0.0,-5.0,-44.0
1776884731.6161027,-5.0,-4.0,-46.0
1776884731.6261027,-3.0,-3.0,-41.0
1776884731.636103,-3.0,-4.0,-42.0
1776884731.646103,-3.0,-3.0,-43.0
1776884731.656103,-1.0,-2.0,-43.0
1776884731.6661026,-1.0,-1.0,-47.0
1776884731.6761026,-4.0,1.0,-48.0
1776884731.6861026,-2.0,1.0,-47.0
1776884731.6961029,3.0,0.0,-46.0
1776884731.7061028,4.0,0.0,-43.0
1776884731.7161028,2.0,0.0,-41.0
1776884731.7261028,3.0,2.0,-37.0
1776884731.7361028,0.0,3.0,-35.0
1776884731.7461028,-2.0,2.0,-39.0
1776884731.7561028,0.0,1.0,-37.0
1776884731.7661028,6.0,-1.0,-39.0
1776884731.7761028,6.0,-3.0,-45.0
1776884731.7861028,4.0,1.0,-44.0
1776884731.7961028,6.0,-1.0,-46.0
1776884731.8061028,3.0,-1.0,-46.0
1776884731.8161027,2.0,1.0,-47.0
1776884731.8261027,0.0,0.0,-47.0
1776884731.8361027,-1.0,0.0,-50.0
1776884731.8461027,-1.0,-3.0,-49.0
1776884731.8561027,0.0,-3.0,-51.0
1776884731.8661027,4.0,-4.0,-55.0
1776884731.8761027,3.0,-5.0,-53.0
1776884731.886103,2.0,-4.0,-52.0
1776884731.896103,2.0,0.0,-49.0
1776884731.906103,3.0,0.0,-47.0
1776884731.9161026,3.0,3.0,-51.0
1776884731.9261026,3.0,2.0,-43.0
1776884731.9361026,0.0,0.0,-49.0
1776884731.9461029,-2.0,0.0,-48.0
1776884731.9561028,-4.0,-3.0,-45.0
1776884731.9661028,-4.0,-3.0,-49.0
1776884731.9761028,-1.0,-2.0,-52.0
1776884731.9861028,-3.0,-3.0,-55.0
1776884731.9961028,0.0,-4.0,-47.0
1776884732.0061028,-1.0,-5.0,-40.0
1776884732.0161028,-1.0,-7.0,-36.0
1776884732.0261028,-1.0,-9.0,-41.0
1776884732.0361028,0.0,-9.0,-41.0
1776884732.0461028,-2.0,-8.0,-43.0
1776884732.0561028,0.0,-3.0,-34.0
1776884732.0661027,1.0,-3.0,-34.0
1776884732.0761027,0.0,-7.0,-32.0
1776884732.0861027,1.0,-5.0,-33.0
1776884732.0961027,-1.0,-10.0,-32.0
1776884732.1061027,-2.0,-8.0,-37.0
1776884732.1161027,0.0,-6.0,-38.0
1776884732.1271029,3.0,-2.0,-37.0
1776884732.136103,2.0,-3.0,-34.0
1776884732.146103,-1.0,0.0,-31.0
1776884732.1571028,-8.0,3.0,-43.0
1776884732.1671028,-7.0,2.0,-50.0
1776884732.1771028,-4.0,0.0,-46.0
1776884732.1871028,0.0,0.0,-50.0
1776884732.1971028,-1.0,-2.0,-49.0
1776884732.2071028,1.0,0.0,-47.0
1776884732.2171028,0.0,1.0,-43.0
1776884732.2271028,-1.0,-1.0,-38.0
1776884732.2371027,-4.0,4.0,-37.0
1776884732.2471027,-5.0,4.0,-41.0
1776884732.2571027,-4.0,1.0,-42.0
1776884732.2671027,1.0,-1.0,-46.0
1776884732.2771027,5.0,1.0,-46.0
1776884732.2871027,3.0,0.0,-44.0
1776884732.2971027,0.0,1.0,-43.0
1776884732.307103,1.0,-1.0,-42.0
1776884732.317103,4.0,-3.0,-43.0
1776884732.327103,1.0,-2.0,-45.0
1776884732.337103,3.0,-3.0,-49.0
1776884732.3471026,0.0,-2.0,-48.0
1776884732.3571026,1.0,-2.0,-50.0
1776884732.3671026,0.0,-8.0,-53.0
1776884732.3771029,0.0,-7.0,-46.0
1776884732.3871028,-3.0,-6.0,-47.0
1776884732.3971028,-1.0,-4.0,-49.0
1776884732.4071028,0.0,-3.0,-50.0
1776884732.4171028,-3.0,0.0,-48.0
1776884732.4271028,-10.0,1.0,-44.0
1776884732.4371028,-11.0,0.0,-36.0
1776884732.4471028,-8.0,0.0,-42.0
1776884732.4571028,-10.0,0.0,-38.0
1776884732.4671028,-7.0,0.0,-37.0
1776884732.4771028,-5.0,-2.0,-39.0
1776884732.4871027,-4.0,-3.0,-39.0
1776884732.4971027,-3.0,1.0,-34.0
1776884732.5071027,0.0,0.0,-38.0
1776884732.5171027,-4.0,0.0,-37.0
1776884732.5271027,-1.0,0.0,-37.0
1776884732.5371027,-1.0,-3.0,-38.0
1776884732.5471027,-1.0,0.0,-44.0
1776884732.557103,-3.0,-3.0,-49.0
1776884732.567103,-5.0,-1.0,-46.0
1776884732.577103,-1.0,-3.0,-44.0
1776884732.587103,0.0,-3.0,-48.0
1776884732.5971026,-4.0,-3.0,-52.0
1776884732.6071026,-1.0,-3.0,-52.0
1776884732.6171026,-5.0,-4.0,-46.0
1776884732.6271029,-5.0,-8.0,-46.0
1776884732.6371028,1.0,-6.0,-44.0
1776884732.6471028,2.0,0.0,-43.0
1776884732.6571028,1.0,2.0,-44.0
1776884732.6671028,-5.0,3.0,-51.0
1776884732.6771028,-8.0,1.0,-53.0
1776884732.6871028,-5.0,1.0,-60.0
1776884732.6971028,-3.0,1.0,-57.0
1776884732.7071028,-1.0,0.0,-46.0
1776884732.7171028,0.0,-1.0,-45.0
1776884732.7271028,-1.0,1.0,-46.0
1776884732.7371027,-3.0,1.0,-51.0
1776884732.7471027,-1.0,1.0,-48.0
1776884732.7571027,-4.0,1.0,-48.0
1776884732.7671027,-3.0,0.0,-47.0
1776884732.7771027,-3.0,-2.0,-42.0
1776884732.7871027,0.0,-4.0,-48.0
1776884732.7971027,1.0,-3.0,-48.0
1776884732.807103,-2.0,-3.0,-53.0
1776884732.817103,-5.0,-3.0,-48.0
1776884732.827103,-2.0,-4.0,-46.0
1776884732.837103,-7.0,-5.0,-45.0
1776884732.8471026,-11.0,-7.0,-44.0
1776884732.8571026,-9.0,-3.0,-40.0
1776884732.8671026,-6.0,-2.0,-36.0
1776884732.8771029,-8.0,0.0,-37.0
1776884732.8871028,-5.0,-3.0,-40.0
1776884732.8971028,-5.0,-2.0,-43.0
1776884732.9071028,-4.0,-1.0,-41.0
1776884732.9171028,-3.0,1.0,-37.0
1776884732.9271028,-4.0,0.0,-50.0
1776884732.9371028,-4.0,0.0,-52.0
1776884732.9471028,-2.0,0.0,-55.0
1776884732.9571028,-1.0,0.0,-56.0
1776884732.9671028,0.0,2.0,-55.0
1776884732.9771028,0.0,0.0,-57.0
1776884732.9871027,2.0,-4.0,-51.0
1776884732.9971027,3.0,-6.0,-48.0
1776884733.0071027,0.0,-4.0,-52.0
1776884733.0171027,2.0,-5.0,-51.0
1776884733.0271027,2.0,-2.0,-46.0
1776884733.0371027,4.0,-2.0,-43.0
1776884733.0471027,0.0,-4.0,-33.0
1776884733.057103,0.0,-5.0,-30.0
1776884733.067103,0.0,-4.0,-33.0
1776884733.077103,2.0,-3.0,-37.0
1776884733.087103,3.0,-2.0,-44.0
1776884733.0971026,4.0,-1.0,-40.0
1776884733.1071026,5.0,-3.0,-40.0
1776884733.1171026,6.0,-2.0,-42.0
1776884733.1271029,0.0,-1.0,-42.0
1776884733.1371028,-3.0,-2.0,-45.0
1776884733.1471028,-8.0,-3.0,-49.0
1776884733.1571028,-5.0,0.0,-48.0
1776884733.1671028,-3.0,1.0,-51.0
1776884733.1771028,-2.0,1.0,-54.0
1776884733.1871028,-2.0,1.0,-49.0
1776884733.1971028,-1.0,0.0,-43.0
1776884733.2071028,-1.0,-1.0,-38.0
1776884733.2171028,0.0,-4.0,-37.0
1776884733.2271028,-2.0,-10.0,-42.0
1776884733.2371027,0.0,-9.0,-43.0
1776884733.2471027,1.0,-7.0,-44.0
1776884733.2571027,4.0,-9.0,-40.0
1776884733.2671027,2.0,-11.0,-37.0
1776884733.2771027,5.0,-7.0,-42.0
1776884733.2871027,2.0,-5.0,-49.0
1776884733.2971027,2.0,-8.0,-49.0
1776884733.307103,-3.0,-5.0,-43.0
1776884733.317103,-2.0,-2.0,-49.0
1776884733.327103,-2.0,-5.0,-52.0
1776884733.337103,-3.0,-4.0,-54.0
1776884733.3471026,-9.0,-1.0,-50.0
1776884733.3571026,-9.0,0.0,-43.0
1776884733.3671026,-11.0,2.0,-42.0
1776884733.3771029,-8.0,2.0,-44.0
1776884733.3871028,-3.0,4.0,-49.0
1776884733.3971028,0.0,3.0,-53.0
1776884733.4071028,2.0,0.0,-55.0
1776884733.4171028,1.0,-3.0,-57.0
1776884733.4271028,4.0,-2.0,-53.0
1776884733.4371028,7.0,-4.0,-53.0
1776884733.4471028,10.0,1.0,-54.0
1776884733.4571028,1.0,0.0,-55.0
1776884733.4671028,2.0,0.0,-58.0
1776884733.4771028,10.0,0.0,-59.0
1776884733.4871027,10.0,-4.0,-62.0
1776884733.4971027,6.0,-1.0,-59.0
1776884733.5071027,4.0,0.0,-51.0
1776884733.5171027,5.0,0.0,-49.0
1776884733.5271027,10.0,0.0,-46.0
1776884733.5371027,3.0,-2.0,-46.0
1776884733.5471027,3.0,-7.0,-40.0
1776884733.557103,7.0,-6.0,-40.0
1776884733.567103,2.0,-4.0,-37.0
1776884733.577103,4.0,-3.0,-38.0
1776884733.587103,0.0,-2.0,-44.0
1776884733.5971026,2.0,-4.0,-47.0
1776884733.6071026,2.0,-5.0,-49.0
1776884733.6171026,3.0,-7.0,-43.0
1776884733.6271029,3.0,-6.0,-46.0
1776884733.6371028,5.0,-5.0,-44.0
1776884733.6471028,0.0,-3.0,-42.0
1776884733.6571028,-3.0,-2.0,-49.0
1776884733.6671028,-7.0,0.0,-49.0
1776884733.6771028,-6.0,-1.0,-50.0
1776884733.6871028,-1.0,0.0,-50.0
1776884733.6971028,4.0,0.0,-42.0
1776884733.7071028,5.0,-2.0,-40.0
1776884733.7171028,5.0,-7.0,-42.0
1776884733.7271028,2.0,-9.0,-43.0
1776884733.7371027,-1.0,-8.0,-45.0
1776884733.7471027,-2.0,-4.0,-50.0
1776884733.7571027,-6.0,1.0,-49.0
1776884733.7671027,-8.0,2.0,-53.0
1776884733.7771027,-7.0,4.0,-48.0
1776884733.7871027,-1.0,0.0,-50.0
1776884733.7971027,1.0,1.0,-53.0
1776884733.807103,1.0,0.0,-52.0
1776884733.817103,0.0,1.0,-55.0
1776884733.827103,0.0,0.0,-50.0
1776884733.837103,0.0,0.0,-45.0
1776884733.8471026,-3.0,0.0,-38.0
1776884733.8571026,0.0,-3.0,-42.0
1776884733.8671026,1.0,-5.0,-47.0
1776884733.8771029,0.0,-8.0,-56.0
1776884733.8871028,-1.0,-8.0,-49.0
1776884733.8971028,1.0,-10.0,-50.0
1776884733.9071028,0.0,-11.0,-50.0
1776884733.9171028,-4.0,-14.0,-46.0
1776884733.9271028,1.0,-14.0,-50.0
1776884733.9371028,3.0,-11.0,-51.0
1776884733.9471028,10.0,-5.0,-47.0
1776884733.9571028,11.0,-5.0,-52.0
1776884733.9671028,10.0,-2.0,-56.0
1776884733.9771028,8.0,-1.0,-57.0
1776884733.9871027,11.0,-3.0,-54.0
1776884733.9971027,8.0,-1.0,-51.0
1776884734.0071027,2.0,-1.0,-51.0
1776884734.0171027,0.0,-1.0,-50.0
1776884734.0271027,-1.0,2.0,-47.0
1776884734.0371027,1.0,3.0,-49.0
1776884734.0471027,6.0,0.0,-45.0
1776884734.057103,6.0,8.0,-42.0
1776884734.067103,5.0,7.0,-38.0
1776884734.077103,5.0,7.0,-41.0
1776884734.087103,8.0,6.0,-41.0
1776884734.0971026,5.0,3.0,-41.0
1776884734.1071026,2.0,7.0,-47.0
1776884734.1171026,1.0,6.0,-42.0
1776884734.1271029,0.0,2.0,-43.0
1776884734.1381028,0.0,1.0,-35.0
1776884734.1481028,1.0,2.0,-33.0
1776884734.1581028,3.0,10.0,-34.0
1776884734.1681027,-1.0,13.0,-36.0
1776884734.1781027,0.0,11.0,-40.0
1776884734.1881027,0.0,6.0,-37.0
1776884734.1981027,0.0,1.0,-36.0
1776884734.2081027,0.0,0.0,-32.0
1776884734.2181027,0.0,-1.0,-29.0
1776884734.2281027,3.0,1.0,-29.0
1776884734.238103,-4.0,0.0,-32.0
1776884734.248103,-3.0,3.0,-35.0
1776884734.258103,-3.0,3.0,-43.0
1776884734.2681026,-1.0,5.0,-49.0
1776884734.2781026,0.0,7.0,-53.0
1776884734.2881026,-2.0,7.0,-49.0
1776884734.2981029,0.0,2.0,-50.0
1776884734.3081028,2.0,5.0,-44.0
1776884734.3181028,3.0,5.0,-44.0
1776884734.3281028,3.0,1.0,-46.0
1776884734.3381028,0.0,0.0,-44.0
1776884734.3481028,4.0,3.0,-40.0
1776884734.3581028,4.0,1.0,-42.0
1776884734.3681028,6.0,2.0,-39.0
1776884734.3781028,1.0,2.0,-43.0
1776884734.3881028,3.0,-2.0,-48.0
1776884734.3981028,1.0,-2.0,-41.0
1776884734.4081028,5.0,1.0,-41.0
1776884734.4181027,3.0,-1.0,-44.0
1776884734.4281027,3.0,0.0,-44.0
1776884734.4381027,2.0,-5.0,-45.0
1776884734.4481027,0.0,-5.0,-44.0
1776884734.4581027,-2.0,-9.0,-42.0
1776884734.4681027,-4.0,-12.0,-40.0
1776884734.4781027,-3.0,-9.0,-38.0
1776884734.488103,-5.0,-2.0,-45.0
1776884734.498103,-6.0,-4.0,-50.0
1776884734.508103,-8.0,-5.0,-52.0
1776884734.5181026,-7.0,-3.0,-53.0
1776884734.5281026,-5.0,-8.0,-57.0
1776884734.5381026,-1.0,-7.0,-57.0
1776884734.5481029,2.0,-6.0,-59.0
1776884734.5581028,3.0,-5.0,-51.0
1776884734.5681028,5.0,-2.0,-43.0
1776884734.5781028,1.0,0.0,-44.0
1776884734.5881028,0.0,-2.0,-43.0
1776884734.5981028,2.0,-1.0,-45.0
1776884734.6081028,4.0,-4.0,-43.0
1776884734.6181028,0.0,-1.0,-46.0
1776884734.6281028,-3.0,-1.0,-47.0
1776884734.6381028,-2.0,0.0,-56.0
1776884734.6481028,-1.0,1.0,-51.0
1776884734.6581028,-4.0,1.0,-42.0
1776884734.6681027,-2.0,0.0,-40.0
1776884734.6781027,0.0,0.0,-46.0
1776884734.6881027,-4.0,-2.0,-40.0
1776884734.6981027,0.0,-4.0,-41.0
1776884734.7081027,3.0,-4.0,-43.0
1776884734.7181027,5.0,-5.0,-44.0
1776884734.7281027,3.0,-1.0,-47.0
1776884734.738103,2.0,-4.0,-48.0
1776884734.748103,2.0,-7.0,-46.0
1776884734.758103,0.0,-7.0,-47.0
1776884734.7681026,0.0,-3.0,-42.0
1776884734.7781026,0.0,-3.0,-48.0
1776884734.7881026,0.0,-4.0,-52.0
1776884734.7981029,-4.0,0.0,-52.0
1776884734.8081028,-4.0,1.0,-51.0
1776884734.8181028,-3.0,-1.0,-52.0
1776884734.8281028,-2.0,0.0,-52.0
1776884734.8381028,-3.0,-1.0,-54.0
1776884734.8481028,-5.0,0.0,-55.0
1776884734.8581028,-3.0,0.0,-57.0
1776884734.8681028,0.0,0.0,-56.0
1776884734.8781028,2.0,1.0,-44.0
1776884734.8881028,4.0,0.0,-44.0
1776884734.8981028,3.0,0.0,-47.0
1776884734.9081028,5.0,-1.0,-49.0
1776884734.9181027,8.0,-4.0,-48.0
1776884734.9281027,0.0,-6.0,-50.0
1776884734.9381027,3.0,-3.0,-43.0
1776884734.9481027,5.0,1.0,-44.0
1776884734.9581027,5.0,-2.0,-48.0
1776884734.9681027,0.0,-4.0,-41.0
1776884734.9781027,1.0,-2.0,-45.0
1776884734.988103,0.0,-5.0,-44.0
1776884734.998103,0.0,-6.0,-45.0
1776884735.008103,4.0,-5.0,-48.0
1776884735.0181026,1.0,-2.0,-46.0
1776884735.0281026,-1.0,-2.0,-39.0
1776884735.0381026,0.0,1.0,-34.0
1776884735.0481029,-2.0,1.0,-35.0
1776884735.0581028,-7.0,0.0,-37.0
1776884735.0681028,-8.0,-1.0,-47.0
1776884735.0781028,-4.0,-1.0,-47.0
1776884735.0881028,3.0,0.0,-45.0
1776884735.0981028,7.0,0.0,-48.0
1776884735.1081028,3.0,-2.0,-46.0
1776884735.1181028,-1.0,-4.0,-43.0
1776884735.1281028,0.0,-1.0,-46.0
1776884735.1381028,0.0,0.0,-46.0
1776884735.1481028,1.0,1.0,-45.0
1776884735.1581028,-4.0,-2.0,-45.0
1776884735.1681027,-2.0,-2.0,-39.0
1776884735.1781027,-3.0,1.0,-41.0
1776884735.1881027,-3.0,2.0,-39.0
1776884735.1981027,0.0,-3.0,-38.0
1776884735.2081027,1.0,1.0,-42.0
1776884735.2181027,2.0,1.0,-45.0
1776884735.2281027,2.0,-1.0,-43.0
1776884735.238103,1.0,2.0,-45.0
1776884735.248103,0.0,4.0,-48.0
1776884735.258103,1.0,1.0,-46.0
1776884735.2681026,5.0,-1.0,-46.0
1776884735.2781026,3.0,-5.0,-41.0
1776884735.2881026,1.0,-5.0,-40.0
1776884735.2981029,-1.0,-1.0,-42.0
1776884735.3081028,1.0,-1.0,-39.0
1776884735.3181028,5.0,-3.0,-42.0
1776884735.3281028,1.0,-1.0,-44.0
1776884735.3381028,1.0,-1.0,-40.0
1776884735.3481028,1.0,-2.0,-44.0
1776884735.3581028,0.0,-4.0,-42.0
1776884735.3681028,5.0,-3.0,-48.0
1776884735.3781028,3.0,-2.0,-52.0
1776884735.3881028,2.0,0.0,-55.0
1776884735.3981028,1.0,2.0,-54.0
1776884735.4081028,3.0,3.0,-51.0
1776884735.4181027,2.0,2.0,-56.0
1776884735.4281027,3.0,3.0,-55.0
1776884735.4381027,3.0,0.0,-47.0
1776884735.4481027,1.0,-2.0,-54.0
1776884735.4581027,-1.0,-4.0,-46.0
1776884735.4681027,2.0,-8.0,-49.0
1776884735.4781027,5.0,-6.0,-50.0
1776884735.488103,7.0,-3.0,-51.0
1776884735.498103,8.0,-1.0,-51.0
1776884735.508103,7.0,-5.0,-49.0
1776884735.5181026,0.0,-3.0,-48.0
1776884735.5281026,1.0,-4.0,-53.0
1776884735.5381026,-5.0,-5.0,-62.0
1776884735.5481029,0.0,-4.0,-57.0
1776884735.5581028,1.0,0.0,-53.0
1776884735.5681028,2.0,2.0,-51.0
1776884735.5781028,1.0,1.0,-54.0
1776884735.5881028,4.0,1.0,-45.0
1776884735.5981028,4.0,-2.0,-47.0
1776884735.6081028,-2.0,-1.0,-54.0
1776884735.6181028,-1.0,3.0,-57.0
1776884735.6281028,-1.0,5.0,-54.0
1776884735.6381028,-2.0,4.0,-53.0
1776884735.6481028,-5.0,3.0,-54.0
1776884735.6581028,-2.0,1.0,-49.0
1776884735.6681027,-2.0,2.0,-48.0
1776884735.6781027,-5.0,2.0,-53.0
1776884735.6881027,-4.0,2.0,-50.0
1776884735.6981027,-4.0,3.0,-54.0
1776884735.7081027,0.0,2.0,-59.0
1776884735.7181027,0.0,6.0,-55.0
1776884735.7281027,0.0,6.0,-51.0
1776884735.738103,4.0,6.0,-49.0
1776884735.748103,4.0,10.0,-49.0
1776884735.758103,4.0,8.0,-55.0
1776884735.7681026,2.0,2.0,-53.0
1776884735.7781026,0.0,0.0,-45.0
1776884735.7881026,-4.0,0.0,-51.0
1776884735.7981029,3.0,2.0,-50.0
1776884735.8081028,5.0,0.0,-49.0
1776884735.8181028,4.0,0.0,-50.0
1776884735.8281028,6.0,-5.0,-52.0
1776884735.8381028,7.0,-9.0,-48.0
1776884735.8481028,8.0,-6.0,-47.0
1776884735.8581028,6.0,-4.0,-53.0
1776884735.8681028,7.0,2.0,-52.0
1776884735.8781028,9.0,2.0,-49.0
1776884735.8881028,10.0,3.0,-48.0
1776884735.8981028,9.0,2.0,-40.0
1776884735.9081028,6.0,4.0,-37.0
1776884735.9181027,0.0,1.0,-38.0
1776884735.9281027,0.0,4.0,-49.0
1776884735.9381027,-1.0,4.0,-50.0
1776884735.9481027,-6.0,3.0,-47.0
1776884735.9581027,-6.0,2.0,-50.0
1776884735.9681027,-5.0,0.0,-52.0
1776884735.9781027,-4.0,0.0,-54.0
1776884735.988103,0.0,-1.0,-54.0
1776884735.998103,3.0,-3.0,-54.0
1776884736.008103,6.0,-4.0,-53.0
1776884736.0181026,2.0,-3.0,-49.0
1776884736.0281026,3.0,-3.0,-48.0
1776884736.0381026,1.0,-3.0,-43.0
1776884736.0481029,-1.0,-6.0,-37.0
1776884736.0581028,-5.0,-10.0,-36.0
1776884736.0681028,-3.0,-10.0,-41.0
1776884736.0791028,-6.0,-7.0,-44.0
1776884736.0891027,-6.0,-7.0,-41.0
1776884736.0991027,-3.0,-7.0,-47.0
1776884736.1081028,-2.0,-7.0,-44.0
1776884736.1191027,0.0,-3.0,-48.0
1776884736.1291027,3.0,-1.0,-49.0
1776884736.1391027,3.0,0.0,-47.0
1776884736.1491027,4.0,-2.0,-45.0
1776884736.159103,8.0,-1.0,-43.0
1776884736.169103,6.0,-1.0,-41.0
1776884736.179103,3.0,-3.0,-41.0
1776884736.1891026,0.0,-2.0,-42.0
1776884736.1991026,1.0,-2.0,-37.0
1776884736.2091026,1.0,-1.0,-35.0
1776884736.2191026,0.0,-2.0,-36.0
1776884736.2291028,-1.0,0.0,-39.0
1776884736.2391028,-1.0,0.0,-38.0
1776884736.2491028,-4.0,-2.0,-34.0
1776884736.2591028,0.0,-8.0,-34.0
1776884736.2691028,-1.0,-4.0,-33.0
1776884736.2791028,-3.0,-1.0,-34.0
1776884736.2891028,-4.0,0.0,-28.0
1776884736.2991028,-4.0,0.0,-29.0
1776884736.3091028,-4.0,-3.0,-28.0
1776884736.3191028,-11.0,-5.0,-32.0
1776884736.3291028,-5.0,-6.0,-34.0
1776884736.3391027,-4.0,-4.0,-35.0
1776884736.3491027,-4.0,-3.0,-44.0
1776884736.3591027,-2.0,-8.0,-48.0
1776884736.3691027,0.0,-5.0,-47.0
1776884736.3791027,6.0,-4.0,-44.0
1776884736.3891027,4.0,-5.0,-39.0
1776884736.3991027,6.0,-5.0,-41.0
1776884736.409103,3.0,-5.0,-44.0
1776884736.419103,0.0,-3.0,-53.0
1776884736.429103,-3.0,-2.0,-51.0
1776884736.4391026,3.0,0.0,-47.0
1776884736.4491026,4.0,0.0,-39.0
1776884736.4591026,4.0,-2.0,-34.0
1776884736.4691026,2.0,-3.0,-41.0
1776884736.4791028,0.0,0.0,-40.0
1776884736.4891028,2.0,-2.0,-35.0
1776884736.4991028,1.0,-2.0,-41.0
1776884736.5091028,5.0,-5.0,-43.0
1776884736.5191028,4.0,-7.0,-52.0
1776884736.5291028,6.0,-7.0,-49.0
1776884736.5391028,10.0,1.0,-47.0
1776884736.5491028,8.0,1.0,-46.0
1776884736.5591028,8.0,0.0,-49.0
1776884736.5691028,9.0,4.0,-45.0
1776884736.5791028,6.0,7.0,-47.0
1776884736.5891027,0.0,4.0,-44.0
1776884736.5991027,0.0,0.0,-44.0
1776884736.6091027,5.0,-1.0,-39.0
1776884736.6191027,4.0,0.0,-36.0
1776884736.6291027,4.0,-1.0,-36.0
1776884736.6391027,2.0,0.0,-37.0
1776884736.6491027,0.0,-1.0,-34.0
1776884736.659103,5.0,-1.0,-34.0
1776884736.669103,10.0,-2.0,-32.0
1776884736.679103,5.0,0.0,-36.0
1776884736.6891026,1.0,-1.0,-43.0
1776884736.6991026,-1.0,-1.0,-38.0
1776884736.7091026,0.0,0.0,-37.0
1776884736.7191026,-5.0,1.0,-36.0
1776884736.7291028,-1.0,0.0,-27.0
1776884736.7391028,0.0,0.0,-33.0
1776884736.7491028,-3.0,0.0,-37.0
1776884736.7591028,2.0,1.0,-35.0
1776884736.7691028,1.0,-2.0,-32.0
1776884736.7791028,2.0,1.0,-30.0
1776884736.7891028,4.0,0.0,-29.0
1776884736.7991028,3.0,-2.0,-27.0
1776884736.8091028,0.0,0.0,-30.0
1776884736.8191028,-1.0,-3.0,-37.0
1776884736.8291028,0.0,-2.0,-31.0
1776884736.8391027,0.0,-3.0,-31.0
1776884736.8491027,3.0,-5.0,-31.0
1776884736.8591027,3.0,-2.0,-38.0
1776884736.8691027,2.0,-2.0,-38.0
1776884736.8791027,5.0,-5.0,-37.0
1776884736.8891027,7.0,-8.0,-41.0
1776884736.8991027,1.0,-6.0,-39.0
1776884736.909103,0.0,-5.0,-33.0
1776884736.919103,1.0,-4.0,-36.0
1776884736.929103,-2.0,-2.0,-43.0
1776884736.9391026,-4.0,1.0,-41.0
1776884736.9491026,-6.0,1.0,-52.0
1776884736.9591026,0.0,-2.0,-56.0
1776884736.9691026,-2.0,-2.0,-56.0
1776884736.9791028,1.0,-3.0,-52.0
1776884736.9891028,2.0,0.0,-55.0
1776884736.9991028,0.0,-3.0,-45.0
1776884737.0091028,-2.0,-4.0,-41.0
1776884737.0191028,-1.0,-6.0,-41.0
1776884737.0291028,-1.0,-7.0,-44.0
1776884737.0391028,-4.0,-3.0,-41.0
1776884737.0491028,-2.0,-1.0,-37.0
1776884737.0591028,0.0,-1.0,-32.0
1776884737.0691028,0.0,-1.0,-29.0
1776884737.0791028,0.0,-1.0,-29.0
1776884737.0891027,0.0,0.0,-30.0
1776884737.0991027,3.0,-1.0,-38.0
1776884737.1091027,2.0,0.0,-39.0
1776884737.1191027,-1.0,3.0,-37.0
1776884737.1291027,0.0,4.0,-38.0
1776884737.1391027,2.0,0.0,-41.0
1776884737.1491027,5.0,-2.0,-40.0
1776884737.159103,8.0,0.0,-43.0
1776884737.169103,3.0,-2.0,-48.0
1776884737.179103,4.0,-10.0,-45.0
1776884737.1891026,5.0,-10.0,-47.0
1776884737.1991026,3.0,-9.0,-49.0
1776884737.2091026,0.0,-8.0,-51.0
1776884737.2191026,0.0,-7.0,-50.0
1776884737.2291028,4.0,-1.0,-50.0
1776884737.2391028,5.0,1.0,-45.0
1776884737.2491028,6.0,-2.0,-41.0
1776884737.2591028,1.0,2.0,-39.0
1776884737.2691028,-2.0,2.0,-43.0
1776884737.2791028,-5.0,1.0,-51.0
1776884737.2901027,-5.0,0.0,-44.0
1776884737.2991028,-2.0,0.0,-42.0
1776884737.3091028,-3.0,-3.0,-44.0
1776884737.3191028,-6.0,-2.0,-49.0
1776884737.3291028,-4.0,0.0,-48.0
1776884737.3391027,-1.0,0.0,-41.0
1776884737.3491027,-1.0,1.0,-46.0
1776884737.3591027,-1.0,2.0,-53.0
1776884737.3691027,0.0,3.0,-48.0
1776884737.3791027,-3.0,1.0,-43.0
1776884737.3891027,1.0,3.0,-50.0
1776884737.3991027,1.0,4.0,-43.0
1776884737.409103,5.0,5.0,-45.0
1776884737.419103,4.0,3.0,-48.0
1776884737.429103,6.0,0.0,-57.0
1776884737.4391026,8.0,3.0,-60.0
1776884737.4491026,3.0,1.0,-54.0
1776884737.4591026,0.0,-1.0,-49.0
1776884737.4691026,-1.0,0.0,-49.0
1776884737.4791028,-3.0,-2.0,-47.0
1776884737.4891028,-1.0,-3.0,-43.0
1776884737.4991028,0.0,-4.0,-44.0
1776884737.5091028,1.0,-6.0,-42.0
1776884737.5191028,5.0,-6.0,-40.0
1776884737.5291028,7.0,-10.0,-40.0
1776884737.5391028,0.0,-11.0,-38.0
1776884737.5491028,-3.0,-9.0,-31.0
1776884737.5591028,-4.0,-5.0,-31.0
1776884737.5691028,-7.0,-4.0,-36.0
1776884737.5791028,-6.0,-3.0,-42.0
1776884737.5891027,-7.0,-2.0,-42.0
1776884737.5991027,-6.0,2.0,-43.0
1776884737.6091027,-7.0,0.0,-43.0
1776884737.6191027,-4.0,0.0,-40.0
1776884737.6291027,-2.0,0.0,-45.0
1776884737.6391027,-1.0,0.0,-44.0
1776884737.6491027,1.0,0.0,-40.0
1776884737.659103,4.0,2.0,-38.0
1776884737.669103,5.0,1.0,-40.0
1776884737.679103,1.0,-2.0,-42.0
1776884737.6891026,1.0,-4.0,-46.0
1776884737.6991026,-3.0,-3.0,-50.0
1776884737.7091026,-5.0,0.0,-45.0
1776884737.7191026,4.0,1.0,-46.0
1776884737.7291028,5.0,3.0,-40.0
1776884737.7391028,7.0,2.0,-41.0
1776884737.7491028,7.0,0.0,-40.0
1776884737.7591028,1.0,2.0,-40.0
1776884737.7691028,4.0,0.0,-38.0
1776884737.7791028,4.0,0.0,-37.0
1776884737.7891028,7.0,5.0,-35.0
1776884737.7991028,5.0,4.0,-43.0
1776884737.8091028,3.0,4.0,-45.0
1776884737.8191028,4.0,6.0,-45.0
1776884737.8291028,6.0,2.0,-40.0
1776884737.8391027,2.0,2.0,-38.0
1776884737.8491027,2.0,5.0,-33.0
1776884737.8591027,0.0,5.0,-36.0
1776884737.8691027,2.0,0.0,-39.0
1776884737.8791027,0.0,4.0,-43.0
1776884737.8891027,0.0,6.0,-38.0
1776884737.8991027,-2.0,3.0,-40.0
1776884737.909103,0.0,3.0,-48.0
1776884737.919103,2.0,2.0,-42.0
1776884737.929103,-3.0,0.0,-44.0
1776884737.9391026,-2.0,2.0,-45.0
1776884737.9491026,0.0,3.0,-39.0
1776884737.9591026,0.0,-1.0,-44.0
1776884737.9691026,-1.0,-3.0,-49.0
1776884737.9791028,-4.0,-3.0,-47.0
1776884737.9891028,-3.0,-6.0,-51.0
1776884737.9991028,-4.0,-6.0,-50.0
1776884738.0091028,-6.0,-6.0,-53.0
1776884738.0191028,-2.0,-4.0,-52.0
1776884738.0291028,0.0,-4.0,-51.0
1776884738.0391028,-2.0,-4.0,-52.0
1776884738.0491028,1.0,-5.0,-54.0
1776884738.0591028,-2.0,-7.0,-55.0
1776884738.0701027,0.0,-7.0,-60.0
1776884738.0801027,4.0,-3.0,-57.0
1776884738.090103,1.0,0.0,-58.0
1776884738.100103,0.0,3.0,-59.0
1776884738.110103,0.0,5.0,-53.0
1776884738.1201026,8.0,-3.0,-57.0
1776884738.1301026,5.0,-3.0,-47.0
1776884738.1401026,3.0,-2.0,-42.0
1776884738.1501029,5.0,-3.0,-41.0
1776884738.1601028,3.0,-1.0,-45.0
1776884738.1701028,2.0,-3.0,-57.0
1776884738.1801028,4.0,-5.0,-59.0
1776884738.1901028,4.0,-6.0,-46.0
1776884738.2001028,6.0,-3.0,-48.0
1776884738.2101028,2.0,-3.0,-49.0
1776884738.2201028,2.0,0.0,-43.0
1776884738.2301028,-1.0,-2.0,-42.0
1776884738.2401028,2.0,0.0,-48.0
1776884738.2501028,-1.0,3.0,-51.0
1776884738.2601027,0.0,0.0,-47.0
1776884738.2701027,0.0,3.0,-46.0
1776884738.2801027,2.0,3.0,-48.0
1776884738.2901027,0.0,4.0,-47.0
1776884738.3001027,0.0,0.0,-41.0
1776884738.3101027,2.0,2.0,-36.0
1776884738.3201027,5.0,-1.0,-34.0
1776884738.3301027,3.0,-4.0,-42.0
1776884738.340103,0.0,-1.0,-47.0
1776884738.350103,-4.0,0.0,-48.0
1776884738.360103,0.0,2.0,-50.0
1776884738.3701026,3.0,1.0,-49.0
1776884738.3801026,0.0,-1.0,-51.0
1776884738.3901026,-1.0,1.0,-47.0
1776884738.4001029,-4.0,4.0,-49.0
1776884738.4101028,3.0,3.0,-50.0
1776884738.4201028,6.0,0.0,-56.0
1776884738.4301028,8.0,-3.0,-52.0
1776884738.4401028,8.0,-1.0,-55.0
1776884738.4501028,7.0,-4.0,-61.0
1776884738.4601028,7.0,-2.0,-61.0
1776884738.4701028,4.0,0.0,-55.0
1776884738.4801028,0.0,-1.0,-50.0
1776884738.4901028,1.0,-2.0,-47.0
1776884738.5001028,0.0,-2.0,-41.0
1776884738.5101027,-1.0,-4.0,-42.0
1776884738.5201027,3.0,-1.0,-45.0
1776884738.5301027,7.0,-2.0,-40.0
1776884738.5401027,8.0,-1.0,-44.0
1776884738.5501027,10.0,2.0,-47.0
1776884738.5601027,4.0,1.0,-47.0
1776884738.5701027,6.0,0.0,-42.0
1776884738.5801027,7.0,0.0,-36.0
1776884738.590103,6.0,0.0,-34.0
1776884738.600103,5.0,-1.0,-41.0
1776884738.610103,5.0,1.0,-41.0
1776884738.6201026,3.0,6.0,-41.0
1776884738.6301026,6.0,4.0,-43.0
1776884738.6401026,7.0,4.0,-44.0
1776884738.6501029,1.0,3.0,-48.0
1776884738.6601028,2.0,0.0,-46.0
1776884738.6701028,1.0,-1.0,-51.0
1776884738.6801028,-1.0,0.0,-51.0
1776884738.6901028,3.0,-1.0,-42.0
1776884738.7001028,0.0,0.0,-41.0
1776884738.7101028,-1.0,-2.0,-36.0
1776884738.7201028,0.0,-3.0,-37.0
1776884738.7301028,0.0,0.0,-46.0
1776884738.7401028,-1.0,0.0,-43.0
1776884738.7501028,-2.0,-1.0,-42.0
1776884738.7601027,-4.0,-2.0,-39.0
1776884738.7701027,-4.0,-2.0,-42.0
1776884738.7801027,-1.0,-6.0,-45.0
1776884738.7901027,1.0,-7.0,-45.0
1776884738.8001027,5.0,-2.0,-42.0
1776884738.8101027,1.0,0.0,-47.0
1776884738.8201027,0.0,-3.0,-45.0
1776884738.8301027,0.0,-1.0,-51.0
1776884738.840103,-1.0,0.0,-49.0
1776884738.850103,-4.0,-1.0,-46.0
1776884738.860103,-5.0,0.0,-43.0
1776884738.8701026,-3.0,-2.0,-47.0
1776884738.8801026,0.0,1.0,-44.0
1776884738.8901026,1.0,3.0,-43.0
1776884738.9001029,3.0,5.0,-49.0
1776884738.9101028,-1.0,0.0,-47.0
1776884738.9201028,-3.0,0.0,-39.0
1776884738.9301028,0.0,0.0,-50.0
1776884738.9401028,-2.0,0.0,-58.0
1776884738.9501028,2.0,0.0,-58.0
1776884738.9601028,2.0,-4.0,-49.0
1776884738.9701028,0.0,-4.0,-54.0
1776884738.9801028,1.0,0.0,-51.0
1776884738.9901028,2.0,0.0,-52.0
1776884739.0001028,0.0,1.0,-51.0
1776884739.0101027,0.0,-1.0,-54.0
1776884739.0201027,0.0,-1.0,-53.0
1776884739.0301027,2.0,-3.0,-53.0
1776884739.0401027,1.0,-3.0,-53.0
1776884739.0501027,-4.0,-1.0,-39.0
1776884739.0601027,-4.0,1.0,-41.0
1776884739.0701027,0.0,6.0,-45.0
1776884739.0801027,0.0,5.0,-46.0
1776884739.090103,1.0,5.0,-45.0
1776884739.100103,3.0,4.0,-41.0
1776884739.110103,6.0,7.0,-42.0
1776884739.1201026,4.0,6.0,-44.0
1776884739.1301026,2.0,4.0,-47.0
1776884739.1401026,7.0,3.0,-42.0
1776884739.1501029,6.0,5.0,-42.0
1776884739.1601028,6.0,1.0,-40.0
1776884739.1701028,2.0,-3.0,-41.0
1776884739.1801028,-2.0,-1.0,-38.0
1776884739.1901028,-1.0,-1.0,-41.0
1776884739.2001028,1.0,-3.0,-45.0
1776884739.2101028,-1.0,-2.0,-44.0
1776884739.2201028,1.0,0.0,-46.0
1776884739.2301028,3.0,2.0,-45.0
1776884739.2401028,5.0,0.0,-47.0
1776884739.2501028,4.0,-4.0,-51.0
1776884739.2601027,0.0,-4.0,-47.0
1776884739.2701027,2.0,-4.0,-44.0
1776884739.2801027,7.0,-4.0,-39.0
1776884739.2901027,6.0,-1.0,-43.0
1776884739.3001027,5.0,0.0,-46.0
1776884739.3101027,3.0,3.0,-47.0
1776884739.3201027,2.0,0.0,-50.0
1776884739.3301027,3.0,0.0,-40.0
1776884739.340103,1.0,-1.0,-39.0
1776884739.350103,0.0,-5.0,-38.0
1776884739.360103,-5.0,-1.0,-39.0
1776884739.3701026,-3.0,0.0,-40.0
1776884739.3801026,-4.0,-3.0,-45.0
1776884739.3901026,-2.0,-2.0,-50.0
1776884739.4001029,-7.0,0.0,-43.0
1776884739.4101028,-7.0,3.0,-48.0
1776884739.4201028,-7.0,-2.0,-47.0
1776884739.4301028,-2.0,-3.0,-54.0
1776884739.4401028,-4.0,-5.0,-51.0
1776884739.4501028,-4.0,-4.0,-50.0
1776884739.4601028,-7.0,-3.0,-46.0
1776884739.4701028,-5.0,-1.0,-51.0
1776884739.4801028,-1.0,-1.0,-53.0
1776884739.4901028,0.0,-3.0,-53.0
1776884739.5001028,4.0,-3.0,-52.0
1776884739.5101027,5.0,-5.0,-54.0
1776884739.5201027,2.0,-7.0,-50.0
1776884739.5301027,0.0,-5.0,-45.0
1776884739.5401027,0.0,-3.0,-38.0
1776884739.5501027,-7.0,-3.0,-46.0
1776884739.5601027,-6.0,-1.0,-49.0
1776884739.5701027,-4.0,0.0,-45.0
1776884739.5801027,-1.0,0.0,-43.0
1776884739.590103,-1.0,0.0,-42.0
1776884739.600103,-1.0,-1.0,-47.0
1776884739.610103,-4.0,-1.0,-41.0
1776884739.6201026,-1.0,0.0,-39.0
1776884739.6301026,-4.0,0.0,-37.0
1776884739.6401026,-7.0,4.0,-36.0
1776884739.6501029,-5.0,5.0,-36.0
1776884739.6601028,-2.0,4.0,-39.0
1776884739.6701028,-2.0,2.0,-40.0
1776884739.6801028,-3.0,-4.0,-42.0
1776884739.6901028,-3.0,-5.0,-51.0
1776884739.7001028,-2.0,-8.0,-47.0
1776884739.7101028,0.0,-10.0,-46.0
1776884739.7201028,1.0,-7.0,-43.0
1776884739.7301028,-2.0,-5.0,-46.0
1776884739.7401028,-1.0,0.0,-46.0
1776884739.7501028,0.0,0.0,-45.0
1776884739.7601027,0.0,-3.0,-43.0
1776884739.7701027,2.0,-3.0,-42.0
1776884739.7801027,1.0,-3.0,-41.0
1776884739.7901027,6.0,0.0,-46.0
1776884739.8001027,7.0,-2.0,-42.0
1776884739.8101027,12.0,-1.0,-44.0
1776884739.8201027,8.0,-2.0,-54.0
1776884739.8301027,2.0,-2.0,-53.0
1776884739.840103,6.0,0.0,-51.0
1776884739.850103,3.0,-3.0,-42.0
1776884739.860103,3.0,-3.0,-40.0
1776884739.8701026,3.0,-6.0,-44.0
1776884739.8801026,5.0,-5.0,-42.0
1776884739.8901026,11.0,-8.0,-44.0
1776884739.9001029,10.0,-4.0,-44.0
1776884739.9101028,10.0,-5.0,-41.0
1776884739.9201028,8.0,-4.0,-41.0
1776884739.9301028,8.0,-6.0,-38.0
1776884739.9401028,2.0,-8.0,-35.0
1776884739.9501028,4.0,-4.0,-33.0
1776884739.9601028,5.0,-4.0,-42.0
1776884739.9701028,5.0,-5.0,-40.0
1776884739.9801028,6.0,-3.0,-49.0
1776884739.9901028,5.0,0.0,-53.0
1776884740.0001028,6.0,0.0,-61.0
1776884740.0101027,6.0,2.0,-60.0
1776884740.0201027,4.0,2.0,-63.0
1776884740.031103,1.0,1.0,-52.0
1776884740.0401027,0.0,3.0,-49.0
1776884740.0501027,3.0,0.0,-50.0
1776884740.0611026,4.0,0.0,-51.0
1776884740.0711029,5.0,-2.0,-46.0
1776884740.0811028,-2.0,-3.0,-44.0
1776884740.0911028,-3.0,-2.0,-46.0
1776884740.1011028,-1.0,0.0,-50.0
1776884740.1111028,1.0,-1.0,-51.0
1776884740.1211028,0.0,-2.0,-54.0
1776884740.1311028,1.0,0.0,-59.0
1776884740.1411028,0.0,0.0,-57.0
1776884740.1511028,-4.0,-1.0,-56.0
1776884740.1611028,-3.0,0.0,-54.0
1776884740.1711028,-3.0,-2.0,-53.0
1776884740.1811028,0.0,0.0,-53.0
1776884740.1911027,1.0,1.0,-56.0
1776884740.2011027,-5.0,0.0,-52.0
1776884740.2111027,-3.0,-4.0,-44.0
1776884740.2211027,-5.0,-6.0,-42.0
1776884740.2311027,-7.0,-2.0,-39.0
1776884740.2411027,-1.0,0.0,-40.0
1776884740.2511027,1.0,1.0,-35.0
1776884740.261103,-2.0,0.0,-41.0
1776884740.271103,2.0,0.0,-42.0
1776884740.281103,3.0,2.0,-46.0
1776884740.2911026,3.0,8.0,-47.0
1776884740.3011026,0.0,9.0,-48.0
1776884740.3111026,-2.0,11.0,-44.0
1776884740.3211029,0.0,10.0,-45.0
1776884740.3311028,-1.0,8.0,-48.0
1776884740.3411028,-6.0,2.0,-39.0
1776884740.3511028,-4.0,0.0,-33.0
1776884740.3611028,-3.0,-2.0,-40.0
1776884740.3711028,0.0,0.0,-36.0
1776884740.3811028,0.0,-3.0,-41.0
1776884740.3911028,4.0,-4.0,-45.0
1776884740.4011028,6.0,-5.0,-52.0
1776884740.4111028,8.0,-2.0,-54.0
1776884740.4211028,12.0,0.0,-55.0
1776884740.4311028,10.0,-2.0,-56.0
1776884740.4411027,6.0,0.0,-52.0
1776884740.4511027,3.0,0.0,-47.0
1776884740.4611027,5.0,0.0,-43.0
1776884740.4711027,8.0,-1.0,-45.0
1776884740.4811027,9.0,-2.0,-48.0
1776884740.4911027,9.0,-3.0,-52.0
1776884740.5011027,8.0,0.0,-50.0
1776884740.511103,5.0,-1.0,-38.0
1776884740.521103,4.0,-1.0,-36.0
1776884740.531103,4.0,-2.0,-42.0
1776884740.5411026,0.0,-2.0,-46.0
1776884740.5511026,0.0,-3.0,-52.0
1776884740.5611026,0.0,-3.0,-53.0
1776884740.5711029,-1.0,-1.0,-54.0
1776884740.5811028,-4.0,-1.0,-50.0
1776884740.5911028,-3.0,1.0,-52.0
1776884740.6011028,-6.0,2.0,-51.0
1776884740.6111028,-5.0,1.0,-52.0
1776884740.6211028,-1.0,0.0,-48.0
1776884740.6311028,1.0,-2.0,-46.0
1776884740.6411028,-1.0,-6.0,-50.0
1776884740.6511028,0.0,-3.0,-55.0
1776884740.6611028,1.0,-2.0,-55.0
1776884740.6711028,0.0,-4.0,-61.0
1776884740.6811028,2.0,-3.0,-61.0
1776884740.6911027,4.0,-2.0,-61.0
1776884740.7011027,4.0,-4.0,-59.0
1776884740.7111027,3.0,-4.0,-54.0
1776884740.7211027,5.0,0.0,-57.0
1776884740.7311027,9.0,0.0,-54.0
1776884740.7411027,3.0,-2.0,-54.0
1776884740.7511027,0.0,-4.0,-55.0
1776884740.761103,-1.0,0.0,-53.0
1776884740.771103,0.0,0.0,-43.0
1776884740.781103,0.0,2.0,-45.0
1776884740.7911026,1.0,4.0,-48.0
1776884740.8011026,0.0,1.0,-47.0
1776884740.8111026,4.0,4.0,-43.0
1776884740.8211029,1.0,5.0,-43.0
1776884740.8311028,-3.0,5.0,-43.0
1776884740.8411028,-3.0,5.0,-52.0
1776884740.8511028,-5.0,6.0,-53.0
1776884740.8611028,-4.0,0.0,-51.0
1776884740.8711028,-2.0,-2.0,-50.0
1776884740.8811028,-4.0,-4.0,-49.0
1776884740.8911028,-1.0,-8.0,-47.0
1776884740.9011028,1.0,-11.0,-43.0
1776884740.9111028,2.0,-7.0,-41.0
1776884740.9211028,4.0,-5.0,-47.0
1776884740.9311028,4.0,-6.0,-47.0
1776884740.9411027,8.0,-7.0,-52.0
1776884740.9511027,7.0,-9.0,-54.0
1776884740.9611027,4.0,-10.0,-52.0
1776884740.9711027,6.0,-9.0,-58.0
1776884740.9811027,1.0,-10.0,-57.0
1776884740.9911027,2.0,-5.0,-57.0
1776884741.0011027,0.0,-7.0,-57.0
1776884741.011103,-2.0,-5.0,-55.0
1776884741.021103,-3.0,-8.0,-51.0
1776884741.031103,0.0,-11.0,-49.0
1776884741.0411026,0.0,-9.0,-54.0
1776884741.0511026,0.0,-3.0,-53.0
1776884741.0611026,0.0,0.0,-55.0
1776884741.0711029,5.0,-1.0,-60.0
1776884741.0811028,2.0,0.0,-63.0
1776884741.0911028,6.0,0.0,-65.0
1776884741.1011028,6.0,3.0,-58.0
1776884741.1111028,8.0,0.0,-50.0
1776884741.1211028,8.0,0.0,-49.0
1776884741.1311028,8.0,0.0,-54.0
1776884741.1411028,6.0,0.0,-50.0
1776884741.1511028,6.0,-1.0,-56.0
1776884741.1611028,7.0,-2.0,-60.0
1776884741.1711028,5.0,-3.0,-55.0
1776884741.1811028,7.0,-6.0,-56.0
1776884741.1911027,6.0,-4.0,-53.0
1776884741.2011027,1.0,-6.0,-50.0
1776884741.2111027,-1.0,-7.0,-50.0
1776884741.2211027,-3.0,-4.0,-52.0
1776884741.2311027,-2.0,-1.0,-54.0
1776884741.2411027,0.0,-1.0,-49.0
1776884741.2511027,0.0,-2.0,-45.0
1776884741.261103,-3.0,-3.0,-45.0
1776884741.271103,-4.0,-2.0,-42.0
1776884741.281103,-6.0,1.0,-40.0
1776884741.2911026,-6.0,0.0,-37.0
1776884741.3011026,-11.0,0.0,-30.0
1776884741.3111026,-7.0,-2.0,-28.0
1776884741.3211029,-2.0,-4.0,-34.0
1776884741.3311028,0.0,-4.0,-37.0
1776884741.3411028,-1.0,-4.0,-35.0
1776884741.3511028,-6.0,-2.0,-38.0
1776884741.3611028,-7.0,-2.0,-39.0
1776884741.3711028,-6.0,1.0,-34.0
1776884741.3811028,-7.0,0.0,-34.0
1776884741.3911028,-5.0,-1.0,-38.0
1776884741.4011028,0.0,-3.0,-31.0
1776884741.4111028,-1.0,-6.0,-27.0
1776884741.4211028,-4.0,-8.0,-30.0
1776884741.4311028,-3.0,-11.0,-35.0
1776884741.4411027,0.0,-11.0,-34.0
1776884741.4511027,0.0,-7.0,-36.0
1776884741.4611027,1.0,-6.0,-35.0
1776884741.4711027,2.0,-6.0,-36.0
1776884741.4811027,3.0,-2.0,-31.0
1776884741.4911027,6.0,-5.0,-34.0
1776884741.5011027,7.0,-7.0,-43.0
1776884741.511103,8.0,-4.0,-44.0
1776884741.521103,7.0,0.0,-42.0
1776884741.531103,1.0,0.0,-41.0
1776884741.5411026,-3.0,4.0,-36.0
1776884741.5511026,-3.0,2.0,-40.0
1776884741.5611026,-6.0,3.0,-40.0
1776884741.5711029,-3.0,2.0,-34.0
1776884741.5811028,0.0,0.0,-37.0
1776884741.5911028,-1.0,-1.0,-38.0
1776884741.6011028,-5.0,-2.0,-35.0
1776884741.6111028,-4.0,-4.0,-36.0
1776884741.6211028,-3.0,-7.0,-39.0
1776884741.6311028,-4.0,-4.0,-40.0
1776884741.6411028,0.0,-3.0,-35.0
1776884741.6511028,-2.0,-4.0,-35.0
1776884741.6611028,-3.0,-3.0,-33.0
1776884741.6711028,-7.0,-3.0,-34.0
1776884741.6811028,-1.0,-8.0,-33.0
1776884741.6911027,3.0,-6.0,-39.0
1776884741.7011027,3.0,-4.0,-40.0
1776884741.7111027,-2.0,-4.0,-39.0
1776884741.7211027,-5.0,-3.0,-44.0
1776884741.7311027,-1.0,0.0,-50.0
1776884741.7411027,-1.0,0.0,-56.0
1776884741.7511027,-3.0,2.0,-50.0
1776884741.761103,-4.0,0.0,-46.0
1776884741.771103,-4.0,-2.0,-43.0
1776884741.781103,-7.0,-6.0,-40.0
1776884741.7911026,-4.0,-6.0,-42.0
1776884741.8011026,3.0,-3.0,-42.0
1776884741.8111026,3.0,0.0,-41.0
1776884741.8211029,6.0,4.0,-45.0
1776884741.8311028,2.0,5.0,-42.0
1776884741.8411028,0.0,6.0,-45.0
1776884741.8511028,-4.0,4.0,-47.0
1776884741.8611028,-5.0,3.0,-47.0
1776884741.8711028,-1.0,8.0,-47.0
1776884741.8811028,-1.0,8.0,-43.0
1776884741.8911028,-2.0,7.0,-49.0
1776884741.9011028,5.0,8.0,-51.0
1776884741.9111028,10.0,4.0,-48.0
1776884741.9211028,7.0,1.0,-49.0
1776884741.9311028,4.0,1.0,-48.0
1776884741.9411027,0.0,1.0,-51.0
1776884741.9511027,2.0,0.0,-55.0
1776884741.9611027,2.0,-3.0,-57.0
1776884741.9711027,0.0,-2.0,-53.0
1776884741.9811027,-1.0,-3.0,-48.0
1776884741.9911027,3.0,-2.0,-47.0
1776884742.0011027,5.0,0.0,-37.0
1776884742.011103,4.0,-2.0,-32.0
1776884742.0221028,3.0,0.0,-35.0
1776884742.0321028,6.0,0.0,-41.0
1776884742.0421028,-1.0,1.0,-47.0
1776884742.0521028,-1.0,1.0,-47.0
1776884742.0621028,0.0,4.0,-43.0
1776884742.0721028,-1.0,5.0,-43.0
1776884742.0821028,-5.0,0.0,-45.0
1776884742.0921028,-1.0,-3.0,-47.0
1776884742.1031027,0.0,-3.0,-44.0
1776884742.1121027,4.0,-1.0,-42.0
1776884742.1221027,6.0,-6.0,-37.0
1776884742.1321027,6.0,-5.0,-35.0
1776884742.1421027,1.0,-4.0,-34.0
1776884742.1521027,-4.0,-4.0,-35.0
1776884742.1621027,-2.0,-3.0,-39.0
1776884742.1721027,-1.0,0.0,-41.0
1776884742.182103,-4.0,-4.0,-45.0
1776884742.192103,-10.0,-7.0,-54.0
1776884742.202103,-6.0,-6.0,-49.0
1776884742.212103,-2.0,-9.0,-45.0
1776884742.2221026,-3.0,-10.0,-47.0
1776884742.2321026,-5.0,-9.0,-50.0
1776884742.2421026,-4.0,-8.0,-45.0
1776884742.2521029,-3.0,-6.0,-36.0
1776884742.2621028,0.0,-7.0,-40.0
1776884742.2721028,2.0,-7.0,-35.0
1776884742.2821028,-4.0,-5.0,-36.0
1776884742.2921028,-5.0,-7.0,-44.0
1776884742.3021028,-6.0,-7.0,-35.0
1776884742.3121028,-3.0,-4.0,-36.0
1776884742.3221028,-8.0,-5.0,-35.0
1776884742.3321028,-11.0,-6.0,-35.0
1776884742.3421028,-6.0,0.0,-37.0
1776884742.3521028,-1.0,-4.0,-41.0
1776884742.3621027,0.0,-4.0,-41.0
1776884742.3721027,-1.0,-3.0,-44.0
1776884742.3821027,-1.0,-2.0,-44.0
1776884742.3921027,-2.0,-4.0,-45.0
1776884742.4021027,-4.0,-5.0,-42.0
1776884742.4121027,-8.0,-3.0,-43.0
1776884742.4221027,-9.0,-3.0,-44.0
1776884742.432103,-8.0,-3.0,-49.0
1776884742.442103,-2.0,0.0,-51.0
1776884742.452103,0.0,-3.0,-50.0
1776884742.462103,-4.0,-5.0,-55.0
1776884742.4721026,-1.0,-8.0,-55.0
1776884742.4821026,0.0,-4.0,-48.0
1776884742.4921026,-3.0,-4.0,-50.0
1776884742.5021029,-7.0,-4.0,-56.0
1776884742.5121028,-8.0,-4.0,-50.0
1776884742.5221028,-5.0,-2.0,-51.0
1776884742.5321028,0.0,-4.0,-51.0
1776884742.5421028,2.0,-8.0,-44.0
1776884742.5521028,3.0,-10.0,-41.0
1776884742.5621028,5.0,-13.0,-47.0
1776884742.5721028,7.0,-9.0,-43.0
1776884742.5821028,5.0,-9.0,-42.0
1776884742.5921028,8.0,-5.0,-44.0
1776884742.6021028,5.0,-3.0,-46.0
1776884742.6121027,6.0,-4.0,-51.0
1776884742.6221027,8.0,-3.0,-50.0
1776884742.6321027,7.0,-2.0,-54.0
1776884742.6421027,7.0,-4.0,-55.0
1776884742.6521027,6.0,-4.0,-49.0
1776884742.6621027,1.0,-4.0,-41.0
1776884742.6721027,-2.0,-2.0,-40.0
1776884742.682103,-1.0,-1.0,-35.0
1776884742.692103,-1.0,4.0,-38.0
1776884742.702103,0.0,4.0,-46.0
1776884742.712103,-3.0,0.0,-42.0
1776884742.7221026,-2.0,1.0,-34.0
1776884742.7321026,-2.0,1.0,-39.0
1776884742.7421026,-1.0,-4.0,-41.0
1776884742.7521029,-2.0,0.0,-40.0
1776884742.7621028,-7.0,-1.0,-44.0
1776884742.7721028,0.0,-3.0,-43.0
1776884742.7821028,0.0,-5.0,-48.0
1776884742.7921028,1.0,-7.0,-50.0
1776884742.8021028,-1.0,-7.0,-45.0
1776884742.8121028,0.0,-4.0,-41.0
1776884742.8221028,-1.0,-4.0,-42.0
1776884742.8321028,-2.0,-3.0,-43.0
1776884742.8421028,-2.0,-2.0,-49.0
1776884742.8521028,-7.0,-3.0,-51.0
1776884742.8621027,-3.0,-5.0,-51.0
1776884742.8721027,0.0,-4.0,-52.0
1776884742.8821027,-4.0,-5.0,-52.0
1776884742.8921027,-2.0,-7.0,-54.0
1776884742.9021027,0.0,-5.0,-55.0
1776884742.9121027,1.0,-6.0,-54.0
1776884742.9221027,6.0,-4.0,-53.0
1776884742.932103,5.0,-5.0,-51.0
1776884742.942103,-3.0,-5.0,-50.0
1776884742.952103,-4.0,-2.0,-51.0
1776884742.962103,-4.0,-3.0,-50.0
1776884742.9721026,-3.0,-4.0,-44.0
1776884742.9821026,-1.0,-2.0,-39.0
1776884742.9921026,0.0,-1.0,-40.0
1776884743.0021029,-2.0,-1.0,-46.0
1776884743.0121028,-4.0,1.0,-50.0
1776884743.0221028,1.0,-1.0,-45.0
1776884743.0321028,0.0,-1.0,-35.0
1776884743.0421028,1.0,-1.0,-40.0
1776884743.0521028,-1.0,2.0,-45.0
1776884743.0621028,-2.0,3.0,-44.0
1776884743.0721028,0.0,5.0,-46.0
1776884743.0821028,-2.0,6.0,-46.0
1776884743.0921028,0.0,5.0,-49.0
1776884743.1021028,-1.0,0.0,-45.0
1776884743.1121027,-2.0,0.0,-38.0
1776884743.1221027,0.0,3.0,-38.0
1776884743.1321027,-3.0,7.0,-36.0
1776884743.1421027,0.0,8.0,-37.0
1776884743.1521027,2.0,5.0,-35.0
1776884743.1621027,4.0,5.0,-38.0
1776884743.1721027,10.0,5.0,-36.0
1776884743.182103,9.0,0.0,-38.0
1776884743.192103,8.0,-2.0,-38.0
1776884743.202103,5.0,-4.0,-42.0
1776884743.212103,6.0,-6.0,-41.0
1776884743.2221026,1.0,-8.0,-35.0
1776884743.2321026,3.0,-6.0,-41.0
1776884743.2421026,-1.0,-7.0,-50.0
1776884743.2521029,-5.0,-6.0,-58.0
1776884743.2621028,-3.0,-6.0,-56.0
1776884743.2721028,-2.0,-7.0,-56.0
1776884743.2821028,-5.0,-4.0,-61.0
1776884743.2921028,-4.0,-3.0,-56.0
1776884743.3021028,0.0,0.0,-57.0
1776884743.3121028,4.0,-2.0,-53.0
1776884743.3221028,0.0,0.0,-48.0
1776884743.3321028,2.0,-2.0,-45.0
1776884743.3421028,2.0,0.0,-42.0
1776884743.3521028,2.0,-1.0,-40.0
1776884743.3621027,-1.0,-3.0,-48.0
1776884743.3721027,1.0,0.0,-52.0
1776884743.3821027,0.0,2.0,-51.0
1776884743.3921027,-2.0,1.0,-52.0
1776884743.4021027,-4.0,2.0,-58.0
1776884743.4121027,-2.0,-1.0,-57.0
1776884743.4221027,-2.0,-3.0,-47.0
1776884743.432103,0.0,-2.0,-40.0
1776884743.442103,-3.0,-2.0,-36.0
1776884743.452103,-3.0,1.0,-34.0
1776884743.462103,0.0,0.0,-28.0
1776884743.4721026,0.0,-1.0,-32.0
1776884743.4821026,0.0,-3.0,-39.0
1776884743.4921026,0.0,-4.0,-39.0
1776884743.5021029,0.0,-6.0,-43.0
1776884743.5121028,-2.0,-3.0,-38.0
1776884743.5221028,1.0,-2.0,-33.0
1776884743.5321028,-2.0,1.0,-37.0
1776884743.5421028,-1.0,4.0,-51.0
1776884743.5521028,0.0,2.0,-55.0
1776884743.5621028,3.0,2.0,-59.0
1776884743.5721028,0.0,3.0,-51.0
1776884743.5821028,1.0,0.0,-47.0
1776884743.5921028,-4.0,0.0,-51.0
1776884743.6021028,-6.0,-2.0,-52.0
1776884743.6121027,-1.0,-2.0,-57.0
1776884743.6221027,2.0,0.0,-56.0
1776884743.6321027,2.0,1.0,-52.0
1776884743.6421027,5.0,2.0,-56.0
1776884743.6521027,6.0,2.0,-56.0
1776884743.6621027,5.0,2.0,-52.0
1776884743.6721027,3.0,2.0,-50.0
1776884743.682103,6.0,5.0,-49.0
1776884743.692103,5.0,4.0,-49.0
1776884743.702103,1.0,1.0,-50.0
1776884743.712103,1.0,2.0,-54.0
1776884743.7221026,2.0,4.0,-55.0
1776884743.7321026,5.0,2.0,-56.0
1776884743.7421026,6.0,0.0,-54.0
1776884743.7521029,6.0,0.0,-53.0
1776884743.7621028,8.0,1.0,-44.0
1776884743.7721028,9.0,1.0,-42.0
1776884743.7821028,1.0,0.0,-46.0
1776884743.7921028,-2.0,0.0,-45.0
1776884743.8021028,-1.0,-1.0,-54.0
1776884743.8121028,0.0,-1.0,-55.0
1776884743.8221028,2.0,-1.0,-51.0
1776884743.8321028,5.0,0.0,-47.0
1776884743.8421028,3.0,-2.0,-45.0
1776884743.8521028,6.0,-7.0,-41.0
1776884743.8621027,5.0,-7.0,-34.0
1776884743.8721027,3.0,-7.0,-42.0
1776884743.8821027,2.0,-7.0,-45.0
1776884743.8921027,0.0,-6.0,-45.0
1776884743.9021027,-3.0,-3.0,-46.0
1776884743.9121027,-1.0,0.0,-45.0
1776884743.9221027,0.0,-2.0,-55.0
1776884743.932103,0.0,-1.0,-52.0
1776884743.942103,-2.0,-4.0,-50.0
1776884743.952103,0.0,-1.0,-54.0
1776884743.9631028,-3.0,-1.0,-46.0
1776884743.9721026,-6.0,0.0,-45.0
1776884743.9831028,-4.0,4.0,-52.0
1776884743.9931028,2.0,2.0,-47.0
1776884744.0031028,5.0,-4.0,-36.0
1776884744.0131028,3.0,-4.0,-37.0
1776884744.0231028,1.0,-3.0,-43.0
1776884744.0331028,1.0,-4.0,-40.0
1776884744.0431027,4.0,-7.0,-41.0
1776884744.0531027,3.0,-4.0,-41.0
1776884744.0631027,0.0,-3.0,-47.0
1776884744.0731027,4.0,-3.0,-46.0
1776884744.0831027,4.0,-4.0,-40.0
1776884744.0931027,0.0,-8.0,-48.0
1776884744.1031027,0.0,-8.0,-51.0
1776884744.113103,-1.0,-4.0,-42.0
1776884744.123103,-8.0,-4.0,-45.0
1776884744.133103,-8.0,-2.0,-40.0
1776884744.1431026,-7.0,-4.0,-40.0
1776884744.1531026,-10.0,-4.0,-43.0
1776884744.1631026,-10.0,-5.0,-46.0
1776884744.1731029,-3.0,-6.0,-47.0
1776884744.1831028,-4.0,-6.0,-45.0
1776884744.1931028,-5.0,-6.0,-51.0
1776884744.2031028,-2.0,-5.0,-57.0
1776884744.2131028,0.0,-1.0,-60.0
1776884744.2231028,-1.0,1.0,-61.0
1776884744.2331028,0.0,3.0,-57.0
1776884744.2431028,-2.0,7.0,-53.0
1776884744.2531028,-3.0,5.0,-45.0
1776884744.2631028,-5.0,1.0,-49.0
1776884744.2731028,-7.0,2.0,-46.0
1776884744.2831028,-8.0,0.0,-49.0
1776884744.2931027,-4.0,-2.0,-53.0
1776884744.3031027,-1.0,-2.0,-50.0
1776884744.3131027,-2.0,-2.0,-47.0
1776884744.3231027,-6.0,-1.0,-49.0
1776884744.3331027,-9.0,-2.0,-51.0
1776884744.3431027,-10.0,-7.0,-56.0
1776884744.3531027,-9.0,-7.0,-52.0
1776884744.363103,-6.0,-4.0,-51.0
1776884744.373103,-4.0,0.0,-48.0
1776884744.383103,-2.0,0.0,-41.0
1776884744.3931026,4.0,1.0,-38.0
1776884744.4031026,0.0,0.0,-39.0
1776884744.4131026,3.0,-2.0,-36.0
1776884744.4231029,10.0,2.0,-41.0
1776884744.4331028,8.0,3.0,-44.0
1776884744.4431028,4.0,6.0,-43.0
1776884744.4531028,3.0,1.0,-49.0
1776884744.4631028,1.0,0.0,-42.0
1776884744.4731028,0.0,0.0,-48.0
1776884744.4831028,-4.0,3.0,-50.0
1776884744.4931028,0.0,6.0,-46.0
1776884744.5031028,2.0,4.0,-39.0
1776884744.5131028,1.0,1.0,-41.0
1776884744.5231028,2.0,0.0,-43.0
1776884744.5331028,3.0,0.0,-43.0
1776884744.5431027,3.0,0.0,-42.0
1776884744.5531027,1.0,-2.0,-46.0
1776884744.5631027,0.0,-4.0,-50.0
1776884744.5731027,0.0,-2.0,-51.0
1776884744.5831027,2.0,2.0,-47.0
1776884744.5931027,4.0,1.0,-45.0
1776884744.6031027,4.0,0.0,-42.0
1776884744.613103,3.0,1.0,-43.0
1776884744.623103,0.0,1.0,-43.0
1776884744.633103,1.0,2.0,-44.0
1776884744.6431026,0.0,4.0,-50.0
1776884744.6531026,0.0,5.0,-45.0
1776884744.6631026,-2.0,2.0,-41.0
1776884744.6731029,0.0,-1.0,-41.0
1776884744.6831028,2.0,-1.0,-43.0
1776884744.6931028,0.0,-1.0,-46.0
1776884744.7031028,2.0,-3.0,-51.0
1776884744.7131028,4.0,-2.0,-48.0
1776884744.7231028,4.0,0.0,-47.0
1776884744.7331028,3.0,-5.0,-49.0
1776884744.7431028,0.0,-7.0,-48.0
1776884744.7531028,0.0,-5.0,-46.0
1776884744.7631028,4.0,-4.0,-41.0
1776884744.7731028,7.0,-3.0,-49.0
1776884744.7831028,6.0,-2.0,-51.0
1776884744.7931027,5.0,-3.0,-50.0
1776884744.8031027,2.0,-6.0,-50.0
1776884744.8131027,2.0,-4.0,-43.0
1776884744.8231027,2.0,-3.0,-46.0
1776884744.8331027,-1.0,-2.0,-48.0
1776884744.8431027,1.0,-2.0,-55.0
1776884744.8531027,3.0,-1.0,-52.0
1776884744.863103,7.0,-1.0,-48.0
1776884744.873103,4.0,-2.0,-47.0
1776884744.883103,3.0,-1.0,-48.0
1776884744.8931026,-1.0,-7.0,-51.0
1776884744.9031026,-2.0,-7.0,-49.0
1776884744.9131026,-2.0,-4.0,-47.0
1776884744.9231029,-6.0,-6.0,-51.0
1776884744.9331028,-9.0,-5.0,-52.0
1776884744.9431028,-9.0,-7.0,-46.0
1776884744.9531028,-5.0,-7.0,-53.0
1776884744.9631028,1.0,-5.0,-51.0
1776884744.9731028,3.0,-3.0,-49.0
1776884744.9831028,0.0,-3.0,-53.0
1776884744.9931028,-6.0,1.0,-62.0
1776884745.0031028,-9.0,1.0,-61.0
1776884745.0131028,-4.0,-2.0,-57.0
1776884745.0231028,-4.0,-2.0,-59.0
1776884745.0331028,0.0,0.0,-58.0
1776884745.0431027,-2.0,-3.0,-58.0
1776884745.0531027,-5.0,-3.0,-57.0
1776884745.0631027,-7.0,-4.0,-53.0
1776884745.0731027,-7.0,-1.0,-47.0
1776884745.0831027,-6.0,-5.0,-51.0
1776884745.0931027,-6.0,-2.0,-48.0
1776884745.1031027,-5.0,-2.0,-46.0
1776884745.113103,-5.0,-3.0,-40.0
1776884745.123103,-3.0,-1.0,-45.0
1776884745.133103,-7.0,0.0,-38.0
1776884745.1431026,-9.0,-3.0,-38.0
1776884745.1531026,-6.0,-1.0,-39.0
1776884745.1631026,-6.0,0.0,-36.0
1776884745.1731029,-4.0,-2.0,-39.0
1776884745.1831028,-5.0,-3.0,-34.0
1776884745.1931028,-6.0,-6.0,-30.0
1776884745.2031028,-4.0,-5.0,-29.0
1776884745.2131028,-2.0,-2.0,-29.0
1776884745.2231028,0.0,0.0,-29.0
1776884745.2331028,2.0,0.0,-37.0
1776884745.2431028,0.0,2.0,-39.0
1776884745.2531028,1.0,0.0,-43.0
1776884745.2631028,0.0,-1.0,-43.0
1776884745.2731028,2.0,0.0,-44.0
1776884745.2831028,2.0,2.0,-44.0
1776884745.2931027,0.0,2.0,-51.0
1776884745.3031027,-2.0,-1.0,-55.0
1776884745.3131027,3.0,-2.0,-51.0
1776884745.3231027,5.0,-2.0,-50.0
1776884745.3331027,4.0,1.0,-47.0
1776884745.3431027,0.0,1.0,-45.0
1776884745.3531027,-6.0,-1.0,-51.0
1776884745.363103,-4.0,0.0,-53.0
1776884745.373103,-2.0,0.0,-48.0
1776884745.383103,-2.0,0.0,-42.0
1776884745.3931026,-1.0,-4.0,-43.0
1776884745.4031026,3.0,-2.0,-52.0
1776884745.4131026,0.0,1.0,-52.0
1776884745.4231029,0.0,2.0,-53.0
1776884745.4331028,4.0,4.0,-61.0
1776884745.4431028,8.0,2.0,-65.0
1776884745.4531028,5.0,0.0,-58.0
1776884745.4631028,5.0,1.0,-51.0
1776884745.4731028,3.0,0.0,-52.0
1776884745.4831028,4.0,0.0,-52.0
1776884745.4931028,9.0,1.0,-48.0
1776884745.5031028,4.0,1.0,-49.0
1776884745.5131028,3.0,0.0,-49.0
1776884745.5231028,3.0,0.0,-46.0
1776884745.5331028,7.0,0.0,-43.0
1776884745.5431027,5.0,-2.0,-49.0
1776884745.5531027,7.0,-2.0,-51.0
1776884745.5631027,5.0,-1.0,-50.0
1776884745.5731027,3.0,-3.0,-51.0
1776884745.5831027,-1.0,-9.0,-42.0
1776884745.5931027,-6.0,-7.0,-43.0
1776884745.6031027,-8.0,-8.0,-44.0
1776884745.613103,-9.0,-9.0,-45.0
1776884745.623103,-10.0,-7.0,-50.0
1776884745.633103,-12.0,-7.0,-46.0
1776884745.6431026,-12.0,-5.0,-49.0
1776884745.6531026,-13.0,-7.0,-49.0
1776884745.6631026,-10.0,-1.0,-47.0
1776884745.6731029,-10.0,-4.0,-45.0
1776884745.6831028,-8.0,-1.0,-51.0
1776884745.6931028,-13.0,2.0,-52.0
1776884745.7031028,-10.0,5.0,-52.0
1776884745.7131028,0.0,7.0,-50.0
1776884745.7231028,2.0,5.0,-52.0
1776884745.7331028,3.0,6.0,-47.0
1776884745.7431028,-2.0,6.0,-43.0
1776884745.7531028,-2.0,3.0,-46.0
1776884745.7631028,-1.0,1.0,-48.0
1776884745.7731028,-2.0,-2.0,-49.0
1776884745.7831028,-5.0,-5.0,-48.0
1776884745.7931027,-1.0,0.0,-46.0
1776884745.8031027,0.0,0.0,-47.0
1776884745.8131027,5.0,2.0,-45.0
1776884745.8231027,2.0,1.0,-50.0
1776884745.8331027,3.0,0.0,-48.0
1776884745.8431027,6.0,0.0,-45.0
1776884745.8531027,7.0,1.0,-47.0
1776884745.863103,8.0,2.0,-48.0
1776884745.873103,6.0,-2.0,-48.0
1776884745.883103,4.0,0.0,-48.0
1776884745.8931026,6.0,-3.0,-48.0
1776884745.9031026,0.0,-2.0,-48.0
1776884745.9131026,-1.0,-1.0,-51.0
1776884745.9231029,-2.0,-2.0,-55.0
1776884745.9341028,-3.0,-1.0,-52.0
1776884745.9441028,-3.0,-3.0,-49.0
1776884745.9531028,-6.0,-7.0,-46.0
1776884745.9641027,-6.0,-6.0,-43.0
1776884745.9741027,0.0,-10.0,-43.0
1776884745.9841027,2.0,-9.0,-31.0
1776884745.9941027,2.0,-8.0,-31.0
1776884746.0041027,1.0,-10.0,-27.0
1776884746.0141027,5.0,-8.0,-31.0
1776884746.0241027,4.0,-7.0,-35.0
1776884746.034103,4.0,-1.0,-39.0
1776884746.044103,3.0,-1.0,-38.0
1776884746.054103,4.0,-4.0,-41.0
1776884746.0641026,6.0,-4.0,-49.0
1776884746.0741026,5.0,-5.0,-48.0
1776884746.0841026,5.0,-7.0,-51.0
1776884746.0941026,7.0,-5.0,-50.0
1776884746.1041028,8.0,-5.0,-53.0
1776884746.1141028,8.0,-5.0,-52.0
1776884746.1241028,10.0,-3.0,-54.0
1776884746.1341028,5.0,-1.0,-56.0
1776884746.1441028,6.0,-1.0,-48.0
1776884746.1541028,3.0,-2.0,-45.0
1776884746.1641028,2.0,-4.0,-41.0
1776884746.1741028,3.0,-2.0,-42.0
1776884746.1841028,0.0,2.0,-41.0
1776884746.1941028,1.0,2.0,-35.0
1776884746.2041028,1.0,0.0,-36.0
1776884746.2141027,0.0,0.0,-32.0
1776884746.2241027,1.0,3.0,-31.0
1776884746.2341027,-2.0,6.0,-35.0
1776884746.2441027,2.0,3.0,-34.0
1776884746.2541027,1.0,-2.0,-39.0
1776884746.2641027,1.0,-2.0,-43.0
1776884746.2741027,1.0,-1.0,-46.0
1776884746.284103,4.0,-3.0,-43.0
1776884746.294103,8.0,1.0,-37.0
1776884746.304103,8.0,2.0,-36.0
1776884746.3141026,5.0,2.0,-39.0
1776884746.3241026,0.0,0.0,-37.0
1776884746.3341026,-3.0,1.0,-35.0
1776884746.3441026,-1.0,2.0,-45.0
1776884746.3541028,1.0,2.0,-51.0
1776884746.3641028,4.0,3.0,-52.0
1776884746.3741028,4.0,4.0,-53.0
1776884746.3841028,2.0,2.0,-58.0
1776884746.3941028,0.0,3.0,-51.0
1776884746.4041028,-5.0,4.0,-47.0
1776884746.4141028,-6.0,1.0,-44.0
1776884746.4241028,-5.0,-2.0,-39.0
1776884746.4341028,-6.0,-2.0,-44.0
1776884746.4441028,-4.0,-3.0,-40.0
1776884746.4541028,-4.0,-3.0,-40.0
1776884746.4641027,-4.0,0.0,-40.0
1776884746.4741027,0.0,1.0,-43.0
1776884746.4841027,0.0,1.0,-47.0
1776884746.4941027,0.0,1.0,-48.0
1776884746.5041027,0.0,0.0,-46.0
1776884746.5141027,-1.0,-1.0,-53.0
1776884746.5241027,-1.0,0.0,-50.0
1776884746.534103,0.0,-1.0,-45.0
1776884746.544103,-3.0,-1.0,-36.0
1776884746.554103,0.0,0.0,-36.0
1776884746.5641026,-1.0,3.0,-38.0
1776884746.5741026,-2.0,0.0,-38.0
1776884746.5841026,-1.0,-1.0,-35.0
1776884746.5941026,2.0,-1.0,-39.0
1776884746.6041028,4.0,-2.0,-49.0
1776884746.6141028,4.0,0.0,-56.0
1776884746.6241028,2.0,-1.0,-49.0
1776884746.6341028,1.0,0.0,-52.0
1776884746.6441028,0.0,0.0,-51.0
1776884746.6541028,-2.0,-4.0,-50.0
1776884746.6641028,0.0,-5.0,-54.0
1776884746.6741028,-5.0,-8.0,-53.0
1776884746.6841028,-7.0,-4.0,-48.0
1776884746.6941028,-4.0,-1.0,-53.0
1776884746.7041028,-3.0,-2.0,-52.0
1776884746.7141027,-2.0,1.0,-50.0
1776884746.7241027,-1.0,3.0,-47.0
1776884746.7341027,-4.0,2.0,-43.0
1776884746.7441027,-1.0,-3.0,-37.0
1776884746.7541027,-1.0,-1.0,-35.0
1776884746.7641027,0.0,0.0,-38.0
1776884746.7741027,-2.0,-1.0,-34.0
1776884746.784103,-3.0,0.0,-34.0
1776884746.794103,-4.0,-5.0,-42.0
1776884746.804103,-1.0,-6.0,-41.0
1776884746.8141026,0.0,-6.0,-40.0
1776884746.8241026,5.0,-8.0,-43.0
1776884746.8341026,2.0,-3.0,-39.0
1776884746.8441026,0.0,-1.0,-38.0
1776884746.8541028,4.0,-5.0,-43.0
1776884746.8641028,2.0,-4.0,-44.0
1776884746.8741028,-4.0,-3.0,-46.0
1776884746.8841028,-5.0,-5.0,-46.0
1776884746.8941028,-3.0,-2.0,-42.0
1776884746.9041028,-2.0,0.0,-41.0
1776884746.9141028,2.0,-1.0,-42.0
1776884746.9241028,0.0,-1.0,-40.0
1776884746.9341028,0.0,0.0,-41.0
1776884746.9441028,0.0,1.0,-41.0
1776884746.9541028,2.0,0.0,-42.0
1776884746.9641027,0.0,-1.0,-41.0
1776884746.9741027,-2.0,-1.0,-37.0
1776884746.9841027,-3.0,-6.0,-37.0
1776884746.9941027,0.0,-3.0,-44.0
1776884747.0041027,-1.0,-2.0,-45.0
1776884747.0141027,-1.0,0.0,-46.0
1776884747.0241027,-2.0,-1.0,-46.0
1776884747.034103,-2.0,-7.0,-43.0
1776884747.044103,0.0,-7.0,-40.0
1776884747.054103,-3.0,-8.0,-44.0
1776884747.0641026,-2.0,-7.0,-46.0
1776884747.0741026,-2.0,-10.0,-42.0
1776884747.0841026,-1.0,-10.0,-44.0
1776884747.0941026,-1.0,-7.0,-44.0
1776884747.1041028,-3.0,-2.0,-52.0
1776884747.1141028,-5.0,-1.0,-45.0
1776884747.1241028,-2.0,0.0,-41.0
1776884747.1341028,0.0,2.0,-40.0
1776884747.1441028,1.0,3.0,-36.0
1776884747.1541028,0.0,1.0,-37.0
1776884747.1641028,0.0,2.0,-37.0
1776884747.1741028,0.0,0.0,-35.0
1776884747.1841028,-1.0,-2.0,-43.0
1776884747.1941028,-1.0,-4.0,-44.0
1776884747.2041028,-2.0,-1.0,-42.0
1776884747.2141027,-2.0,0.0,-38.0
1776884747.2241027,-7.0,1.0,-39.0
1776884747.2341027,-11.0,-1.0,-46.0
1776884747.2441027,-13.0,-4.0,-43.0
1776884747.2541027,-6.0,-6.0,-44.0
1776884747.2641027,-6.0,-5.0,-43.0
1776884747.2741027,-5.0,0.0,-42.0
1776884747.284103,-2.0,2.0,-41.0
1776884747.294103,0.0,5.0,-41.0
1776884747.304103,0.0,4.0,-43.0
1776884747.3141026,0.0,0.0,-42.0
1776884747.3241026,1.0,-3.0,-46.0
1776884747.3341026,2.0,-1.0,-40.0
1776884747.3441026,7.0,0.0,-38.0
1776884747.3541028,9.0,-2.0,-35.0
1776884747.3641028,6.0,-5.0,-32.0
1776884747.3741028,2.0,-5.0,-36.0
1776884747.3841028,2.0,-3.0,-39.0
1776884747.3941028,0.0,2.0,-42.0
1776884747.4041028,0.0,-1.0,-42.0
1776884747.4141028,5.0,-2.0,-46.0
1776884747.4241028,4.0,-3.0,-45.0
1776884747.4341028,0.0,-6.0,-41.0
1776884747.4441028,2.0,-4.0,-40.0
1776884747.4541028,0.0,-1.0,-38.0
1776884747.4641027,3.0,-1.0,-37.0
1776884747.4741027,2.0,-1.0,-43.0
1776884747.4841027,1.0,-2.0,-50.0
1776884747.4941027,0.0,-5.0,-47.0
1776884747.5041027,3.0,-6.0,-43.0
1776884747.5141027,5.0,-4.0,-41.0
1776884747.5241027,7.0,-3.0,-39.0
1776884747.534103,1.0,-1.0,-44.0
1776884747.544103,0.0,-1.0,-42.0
1776884747.554103,-4.0,-3.0,-42.0
1776884747.5641026,-9.0,-7.0,-47.0
1776884747.5741026,-7.0,-6.0,-41.0
1776884747.5841026,-2.0,-10.0,-44.0
1776884747.5941026,2.0,-8.0,-44.0
1776884747.6041028,3.0,-5.0,-44.0
1776884747.6141028,0.0,-3.0,-41.0
1776884747.6241028,3.0,-6.0,-43.0
1776884747.6341028,1.0,-5.0,-44.0
1776884747.6441028,3.0,0.0,-49.0
1776884747.6541028,5.0,-2.0,-55.0
1776884747.6641028,5.0,-4.0,-49.0
1776884747.6741028,1.0,-3.0,-43.0
1776884747.6841028,-1.0,-3.0,-46.0
1776884747.6941028,0.0,-6.0,-43.0
1776884747.7041028,0.0,-4.0,-50.0
1776884747.7141027,2.0,-1.0,-40.0
1776884747.7241027,1.0,0.0,-32.0
1776884747.7341027,0.0,0.0,-31.0
1776884747.7441027,5.0,0.0,-28.0
1776884747.7541027,5.0,-2.0,-30.0
1776884747.7641027,5.0,-6.0,-35.0
1776884747.7741027,0.0,-5.0,-39.0
1776884747.784103,-5.0,-6.0,-39.0
1776884747.794103,-5.0,-4.0,-40.0
1776884747.804103,-3.0,-5.0,-44.0
1776884747.8141026,0.0,-5.0,-40.0
1776884747.8241026,1.0,-3.0,-40.0
1776884747.8341026,-2.0,-1.0,-44.0
1776884747.8441026,-2.0,-1.0,-45.0
1776884747.8541028,-2.0,-3.0,-48.0
1776884747.8641028,-1.0,0.0,-51.0
1776884747.8741028,-2.0,0.0,-50.0
1776884747.8841028,3.0,0.0,-54.0
1776884747.8941028,8.0,3.0,-48.0
1776884747.9041028,9.0,5.0,-44.0
1776884747.9141028,2.0,5.0,-43.0
1776884747.9241028,0.0,5.0,-41.0
1776884747.9351027,0.0,4.0,-49.0
1776884747.9451027,3.0,-1.0,-44.0
1776884747.9551027,1.0,1.0,-44.0
1776884747.965103,3.0,0.0,-51.0
1776884747.975103,2.0,0.0,-53.0
1776884747.985103,6.0,-3.0,-51.0
1776884747.9951026,5.0,0.0,-59.0
1776884748.0051026,6.0,4.0,-53.0
1776884748.0151026,6.0,6.0,-50.0
1776884748.0251029,8.0,9.0,-47.0
1776884748.0351028,8.0,10.0,-50.0
1776884748.0451028,7.0,8.0,-52.0
1776884748.0551028,4.0,9.0,-56.0
1776884748.0651028,6.0,1.0,-49.0
1776884748.0751028,3.0,-1.0,-49.0
1776884748.0851028,2.0,-2.0,-49.0
1776884748.0951028,3.0,-4.0,-41.0
1776884748.1051028,3.0,-1.0,-45.0
1776884748.1151028,7.0,0.0,-45.0
1776884748.1251028,3.0,2.0,-37.0
1776884748.1351027,-3.0,2.0,-43.0
1776884748.1451027,-1.0,3.0,-40.0
1776884748.1551027,-1.0,0.0,-45.0
1776884748.1651027,0.0,1.0,-45.0
1776884748.1751027,-2.0,0.0,-51.0
1776884748.1851027,0.0,-3.0,-46.0
1776884748.1951027,3.0,-6.0,-45.0
1776884748.2051027,1.0,-3.0,-45.0
1776884748.215103,6.0,0.0,-49.0
1776884748.225103,2.0,3.0,-45.0
1776884748.235103,0.0,2.0,-47.0
1776884748.2451026,0.0,2.0,-42.0
1776884748.2551026,-1.0,0.0,-41.0
1776884748.2651026,-2.0,2.0,-41.0
1776884748.2751029,-1.0,0.0,-34.0
1776884748.2851028,0.0,0.0,-41.0
1776884748.2951028,3.0,-1.0,-42.0
1776884748.3051028,3.0,-6.0,-40.0
1776884748.3151028,2.0,-6.0,-43.0
1776884748.3251028,1.0,-6.0,-40.0
1776884748.3351028,-1.0,-1.0,-39.0
1776884748.3451028,-2.0,-4.0,-36.0
1776884748.3551028,-2.0,-3.0,-44.0
1776884748.3651028,3.0,-5.0,-46.0
1776884748.3751028,5.0,-5.0,-53.0
1776884748.3851027,4.0,-3.0,-46.0
1776884748.3951027,3.0,-3.0,-50.0
1776884748.4051027,8.0,-1.0,-43.0
1776884748.4151027,3.0,-3.0,-47.0
1776884748.4251027,0.0,-6.0,-49.0
1776884748.4351027,-1.0,-10.0,-48.0
1776884748.4451027,1.0,-10.0,-48.0
1776884748.4551027,2.0,-5.0,-48.0
1776884748.465103,3.0,-3.0,-51.0
1776884748.475103,4.0,-5.0,-50.0
1776884748.485103,0.0,-5.0,-50.0
1776884748.4951026,5.0,0.0,-41.0
1776884748.5051026,7.0,0.0,-35.0
1776884748.5151026,6.0,3.0,-35.0
1776884748.5251029,4.0,4.0,-41.0
1776884748.5351028,4.0,3.0,-49.0
1776884748.5451028,6.0,2.0,-48.0
1776884748.5551028,3.0,-1.0,-45.0
1776884748.5651028,2.0,-1.0,-53.0
1776884748.5751028,4.0,0.0,-46.0
1776884748.5851028,2.0,0.0,-45.0
1776884748.5951028,-1.0,0.0,-43.0
1776884748.6051028,0.0,0.0,-44.0
1776884748.6151028,-1.0,0.0,-49.0
1776884748.6251028,-1.0,0.0,-52.0
1776884748.6351027,-5.0,-3.0,-45.0
1776884748.6451027,-4.0,-4.0,-44.0
1776884748.6551027,-5.0,-3.0,-45.0
1776884748.6651027,-4.0,0.0,-50.0
1776884748.6751027,-5.0,0.0,-45.0
1776884748.6851027,-6.0,2.0,-46.0
1776884748.6951027,-3.0,0.0,-49.0
1776884748.7051027,2.0,1.0,-56.0
1776884748.715103,1.0,3.0,-63.0
1776884748.725103,2.0,-2.0,-59.0
1776884748.735103,5.0,0.0,-54.0
1776884748.7451026,7.0,0.0,-54.0
1776884748.7551026,2.0,0.0,-56.0
1776884748.7651026,0.0,-2.0,-50.0
1776884748.7751029,3.0,1.0,-56.0
1776884748.7851028,2.0,0.0,-49.0
1776884748.7951028,-2.0,-1.0,-50.0
1776884748.8051028,-4.0,-4.0,-49.0
1776884748.8151028,-2.0,-4.0,-51.0
1776884748.8251028,1.0,-3.0,-46.0
1776884748.8351028,2.0,0.0,-36.0
1776884748.8451028,1.0,2.0,-43.0
1776884748.8551028,0.0,0.0,-50.0
1776884748.8651028,-2.0,3.0,-50.0
1776884748.8751028,-1.0,0.0,-45.0
1776884748.8851027,-3.0,0.0,-47.0
1776884748.8951027,-5.0,2.0,-43.0
1776884748.9051027,-6.0,2.0,-45.0
1776884748.9151027,-3.0,0.0,-50.0
1776884748.9251027,-4.0,-1.0,-51.0
1776884748.9351027,-4.0,0.0,-52.0
1776884748.9451027,-2.0,-2.0,-52.0
1776884748.9551027,0.0,-3.0,-56.0
1776884748.965103,0.0,-5.0,-56.0
1776884748.975103,0.0,-2.0,-60.0
1776884748.985103,2.0,-2.0,-59.0
1776884748.9951026,2.0,1.0,-60.0
1776884749.0051026,4.0,-1.0,-58.0
1776884749.0151026,2.0,-4.0,-57.0
1776884749.0251029,1.0,0.0,-52.0
1776884749.0351028,5.0,1.0,-51.0
1776884749.0451028,3.0,-1.0,-44.0
1776884749.0551028,1.0,-1.0,-48.0
1776884749.0651028,5.0,-2.0,-42.0
1776884749.0751028,9.0,0.0,-43.0
1776884749.0851028,9.0,-1.0,-49.0
1776884749.0951028,3.0,1.0,-42.0
1776884749.1051028,2.0,-1.0,-44.0
1776884749.1151028,1.0,-4.0,-43.0
1776884749.1251028,0.0,-5.0,-42.0
1776884749.1351027,0.0,-8.0,-39.0
1776884749.1451027,0.0,-6.0,-36.0
1776884749.1551027,1.0,-2.0,-34.0
1776884749.1651027,2.0,0.0,-30.0
1776884749.1751027,4.0,4.0,-36.0
1776884749.1851027,6.0,2.0,-33.0
1776884749.1951027,5.0,2.0,-35.0
1776884749.2051027,2.0,6.0,-34.0
1776884749.215103,-4.0,5.0,-46.0
1776884749.225103,-4.0,3.0,-52.0
1776884749.235103,-3.0,1.0,-45.0
1776884749.2451026,-2.0,2.0,-42.0
1776884749.2551026,-1.0,0.0,-38.0
1776884749.2651026,0.0,1.0,-41.0
1776884749.2751029,0.0,-1.0,-42.0
1776884749.2851028,-2.0,-8.0,-40.0
1776884749.2951028,-6.0,-7.0,-46.0
1776884749.3051028,-5.0,-3.0,-40.0
1776884749.3151028,-5.0,-5.0,-37.0
1776884749.3251028,-5.0,-3.0,-43.0
1776884749.3351028,-1.0,-4.0,-46.0
1776884749.3451028,-1.0,-4.0,-41.0
1776884749.3551028,-2.0,-5.0,-42.0
1776884749.3651028,-6.0,-5.0,-48.0
1776884749.3751028,-4.0,0.0,-51.0
1776884749.3851027,-6.0,-2.0,-52.0
1776884749.3951027,-4.0,0.0,-50.0
1776884749.4051027,-3.0,1.0,-49.0
1776884749.4151027,0.0,2.0,-48.0
1776884749.4251027,2.0,1.0,-54.0
1776884749.4351027,1.0,-2.0,-51.0
1776884749.4451027,0.0,-2.0,-53.0
1776884749.4551027,0.0,-5.0,-47.0
1776884749.465103,2.0,-5.0,-47.0
1776884749.475103,0.0,-5.0,-44.0
1776884749.485103,0.0,-8.0,-47.0
1776884749.4951026,0.0,-3.0,-47.0
1776884749.5051026,0.0,-4.0,-35.0
1776884749.5151026,2.0,-2.0,-38.0
1776884749.5251029,2.0,-1.0,-47.0
1776884749.5351028,7.0,-1.0,-49.0
1776884749.5451028,5.0,-3.0,-43.0
1776884749.5551028,0.0,-2.0,-45.0
1776884749.5651028,-2.0,-2.0,-44.0
1776884749.5751028,-3.0,0.0,-41.0
1776884749.5851028,-6.0,-5.0,-44.0
1776884749.5951028,-5.0,-4.0,-41.0
1776884749.6051028,-4.0,-3.0,-44.0
1776884749.6151028,-5.0,-2.0,-43.0
1776884749.6251028,0.0,-1.0,-39.0
1776884749.6351027,1.0,-1.0,-41.0
1776884749.6451027,0.0,0.0,-37.0
1776884749.6551027,0.0,-2.0,-44.0
1776884749.6651027,0.0,-3.0,-46.0
1776884749.6751027,0.0,-3.0,-46.0
1776884749.6851027,-2.0,0.0,-43.0
1776884749.6951027,0.0,2.0,-44.0
1776884749.7051027,1.0,4.0,-44.0
1776884749.715103,-3.0,3.0,-41.0
1776884749.725103,2.0,7.0,-45.0
1776884749.735103,-1.0,4.0,-46.0
1776884749.7451026,0.0,3.0,-48.0
1776884749.7551026,-2.0,7.0,-50.0
1776884749.7651026,0.0,5.0,-50.0
1776884749.7751029,1.0,1.0,-44.0
1776884749.7851028,5.0,-3.0,-40.0
1776884749.7951028,7.0,0.0,-46.0
1776884749.8051028,6.0,3.0,-46.0
1776884749.8151028,7.0,3.0,-39.0
1776884749.8251028,7.0,1.0,-35.0
1776884749.8351028,4.0,0.0,-28.0
1776884749.8451028,2.0,-2.0,-34.0
1776884749.8551028,3.0,-1.0,-35.0
1776884749.8651028,0.0,-3.0,-37.0
1776884749.8751028,4.0,0.0,-45.0
1776884749.886103,5.0,0.0,-43.0
1776884749.896103,3.0,-1.0,-43.0
1776884749.906103,3.0,-5.0,-43.0
1776884749.9161026,2.0,-3.0,-44.0
1776884749.9261026,-3.0,-2.0,-49.0
1776884749.9361026,0.0,-1.0,-53.0
1776884749.9461029,5.0,1.0,-54.0
1776884749.9561028,4.0,1.0,-49.0
1776884749.9661028,0.0,1.0,-48.0
1776884749.9761028,0.0,2.0,-46.0
1776884749.9861028,0.0,0.0,-41.0
1776884749.9961028,4.0,0.0,-37.0
1776884750.0061028,3.0,0.0,-38.0
1776884750.0161028,0.0,2.0,-37.0
1776884750.0261028,-2.0,0.0,-32.0
1776884750.0361028,0.0,-3.0,-33.0
1776884750.0461028,-1.0,-5.0,-39.0
1776884750.0561028,-6.0,-4.0,-44.0
1776884750.0661027,-7.0,-2.0,-43.0
1776884750.0761027,-5.0,-1.0,-45.0
1776884750.0861027,-2.0,0.0,-50.0
1776884750.0961027,0.0,-4.0,-58.0
1776884750.1061027,1.0,-5.0,-52.0
1776884750.1161027,-2.0,-8.0,-55.0
1776884750.1261027,1.0,-4.0,-50.0
1776884750.136103,0.0,-1.0,-49.0
1776884750.146103,3.0,-1.0,-50.0
1776884750.156103,8.0,-1.0,-43.0
1776884750.1661026,5.0,-4.0,-43.0
1776884750.1761026,4.0,-2.0,-44.0
1776884750.1861026,4.0,0.0,-39.0
1776884750.1961029,0.0,0.0,-41.0
1776884750.2061028,0.0,0.0,-41.0
1776884750.2161028,-1.0,0.0,-37.0
1776884750.2261028,2.0,-2.0,-43.0
1776884750.2361028,0.0,-3.0,-43.0
1776884750.2461028,-1.0,0.0,-41.0
1776884750.2561028,0.0,6.0,-41.0
1776884750.2661028,0.0,7.0,-38.0
1776884750.2761028,0.0,5.0,-35.0
1776884750.2861028,-1.0,2.0,-42.0
1776884750.2961028,-2.0,2.0,-44.0
1776884750.3061028,-2.0,0.0,-43.0
1776884750.3161027,-6.0,-1.0,-48.0
1776884750.3261027,-6.0,-2.0,-38.0
1776884750.3361027,-10.0,0.0,-37.0
1776884750.3461027,-9.0,-2.0,-46.0
1776884750.3561027,-9.0,-5.0,-48.0
1776884750.3661027,-2.0,-3.0,-52.0
1776884750.3761027,-3.0,-1.0,-50.0
1776884750.386103,-2.0,-6.0,-53.0
1776884750.396103,0.0,-4.0,-49.0
1776884750.406103,1.0,-1.0,-50.0
1776884750.4161026,-2.0,0.0,-44.0
1776884750.4261026,1.0,2.0,-50.0
1776884750.4361026,1.0,-2.0,-48.0
1776884750.4461029,1.0,-2.0,-50.0
1776884750.4561028,3.0,-2.0,-50.0
1776884750.4661028,-2.0,2.0,-46.0
1776884750.4761028,-1.0,1.0,-39.0
1776884750.4861028,3.0,2.0,-46.0
1776884750.4961028,1.0,0.0,-52.0
1776884750.5061028,0.0,3.0,-55.0
1776884750.5161028,0.0,1.0,-53.0
1776884750.5261028,-5.0,0.0,-53.0
1776884750.5361028,-3.0,0.0,-51.0
1776884750.5461028,-5.0,0.0,-50.0
1776884750.5561028,-1.0,-1.0,-46.0
1776884750.5661027,0.0,-4.0,-50.0
1776884750.5761027,4.0,-1.0,-49.0
1776884750.5861027,5.0,-1.0,-52.0
1776884750.5961027,5.0,0.0,-51.0
1776884750.6061027,6.0,0.0,-45.0
1776884750.6161027,5.0,1.0,-46.0
1776884750.6261027,-1.0,5.0,-48.0
1776884750.636103,2.0,3.0,-46.0
1776884750.646103,2.0,1.0,-48.0
1776884750.656103,2.0,-4.0,-47.0
1776884750.6661026,2.0,0.0,-43.0
1776884750.6761026,4.0,0.0,-44.0
1776884750.6861026,6.0,2.0,-45.0
1776884750.6961029,8.0,0.0,-46.0
1776884750.7061028,9.0,0.0,-52.0
1776884750.7161028,8.0,0.0,-52.0
1776884750.7261028,8.0,5.0,-49.0
1776884750.7361028,2.0,-1.0,-42.0
1776884750.7461028,-1.0,1.0,-43.0
1776884750.7561028,0.0,-1.0,-45.0
1776884750.7661028,-3.0,0.0,-48.0
1776884750.7761028,-3.0,-2.0,-54.0
1776884750.7861028,-3.0,-5.0,-55.0
1776884750.7961028,-1.0,-6.0,-54.0
1776884750.8061028,2.0,-4.0,-45.0
1776884750.8161027,4.0,-6.0,-43.0
1776884750.8261027,-1.0,-6.0,-40.0
1776884750.8361027,-3.0,0.0,-44.0
1776884750.8461027,-4.0,-2.0,-41.0
1776884750.8561027,-3.0,-5.0,-43.0
1776884750.8661027,2.0,-1.0,-41.0
1776884750.8761027,3.0,0.0,-44.0
1776884750.886103,5.0,1.0,-51.0
1776884750.896103,2.0,1.0,-44.0
1776884750.906103,0.0,-3.0,-46.0
1776884750.9161026,0.0,-4.0,-44.0
1776884750.9261026,0.0,-5.0,-46.0
1776884750.9361026,0.0,-4.0,-52.0
1776884750.9461029,3.0,0.0,-51.0
1776884750.9561028,7.0,0.0,-48.0
1776884750.9661028,9.0,-3.0,-48.0
1776884750.9761028,3.0,-5.0,-45.0
1776884750.9861028,1.0,-5.0,-47.0
1776884750.9961028,0.0,-2.0,-49.0
1776884751.0061028,-2.0,-4.0,-48.0
1776884751.0161028,0.0,-5.0,-47.0
1776884751.0261028,0.0,-7.0,-46.0
1776884751.0361028,4.0,-4.0,-49.0
1776884751.0461028,6.0,-3.0,-50.0
1776884751.0561028,7.0,-5.0,-52.0
1776884751.0661027,3.0,-5.0,-48.0
1776884751.0761027,3.0,-8.0,-53.0
1776884751.0861027,5.0,-9.0,-55.0
1776884751.0961027,2.0,-7.0,-53.0
1776884751.1061027,-1.0,-6.0,-47.0
1776884751.1161027,0.0,-7.0,-46.0
1776884751.1261027,-4.0,-13.0,-47.0
1776884751.136103,-9.0,-13.0,-45.0
1776884751.146103,-10.0,-8.0,-40.0
1776884751.156103,-8.0,-5.0,-38.0
1776884751.1661026,-12.0,-4.0,-44.0
1776884751.1761026,-7.0,-1.0,-46.0
1776884751.1861026,-3.0,1.0,-41.0
1776884751.1961029,-1.0,1.0,-39.0
1776884751.2061028,-6.0,2.0,-36.0
1776884751.2171028,-2.0,5.0,-38.0
1776884751.2261028,0.0,5.0,-35.0
1776884751.2361028,-2.0,6.0,-36.0
1776884751.2461028,-3.0,6.0,-42.0
1776884751.2561028,-5.0,5.0,-50.0
1776884751.2661028,-1.0,0.0,-52.0
1776884751.2761028,3.0,1.0,-52.0
1776884751.2861028,3.0,0.0,-42.0
1776884751.2961028,0.0,1.0,-40.0
1776884751.3061028,4.0,2.0,-37.0
1776884751.3161027,6.0,0.0,-41.0
1776884751.3261027,4.0,0.0,-44.0
1776884751.3361027,4.0,0.0,-47.0
1776884751.3461027,4.0,0.0,-52.0
1776884751.3561027,6.0,1.0,-51.0
1776884751.3661027,4.0,-2.0,-52.0
1776884751.3761027,0.0,-1.0,-49.0
1776884751.386103,1.0,-4.0,-47.0
1776884751.396103,5.0,-2.0,-44.0
1776884751.406103,5.0,-1.0,-47.0
1776884751.4161026,3.0,-4.0,-45.0
1776884751.4261026,2.0,-6.0,-46.0
1776884751.4361026,8.0,-8.0,-43.0
1776884751.4461029,7.0,-8.0,-43.0
1776884751.4561028,1.0,-5.0,-44.0
1776884751.4661028,1.0,-1.0,-55.0
1776884751.4761028,-2.0,0.0,-55.0
1776884751.4861028,-2.0,-5.0,-49.0
1776884751.4961028,-4.0,-7.0,-37.0
1776884751.5061028,-5.0,-6.0,-32.0
1776884751.5161028,-1.0,-6.0,-33.0
1776884751.5261028,1.0,-3.0,-35.0
1776884751.5361028,0.0,0.0,-48.0
1776884751.5461028,2.0,2.0,-46.0
1776884751.5561028,2.0,1.0,-44.0
1776884751.5661027,5.0,1.0,-40.0
1776884751.5761027,3.0,0.0,-43.0
1776884751.5861027,0.0,0.0,-42.0
1776884751.5961027,0.0,-2.0,-49.0
1776884751.6061027,2.0,-4.0,-53.0
1776884751.6161027,3.0,-4.0,-51.0
1776884751.6261027,2.0,-2.0,-46.0
1776884751.636103,2.0,0.0,-45.0
1776884751.646103,2.0,-3.0,-40.0
1776884751.656103,1.0,-5.0,-43.0
1776884751.6661026,3.0,-4.0,-46.0
1776884751.6761026,3.0,1.0,-53.0
1776884751.6861026,3.0,0.0,-50.0
1776884751.6961029,11.0,0.0,-50.0
1776884751.7061028,9.0,-1.0,-45.0
1776884751.7161028,5.0,-2.0,-49.0
1776884751.7261028,6.0,-1.0,-52.0
1776884751.7361028,4.0,-4.0,-56.0
1776884751.7461028,3.0,-1.0,-59.0
1776884751.7561028,1.0,-1.0,-58.0
1776884751.7661028,1.0,-3.0,-52.0
1776884751.7761028,0.0,-2.0,-48.0
1776884751.7861028,1.0,0.0,-52.0
1776884751.7961028,3.0,0.0,-51.0
1776884751.8061028,3.0,-4.0,-49.0
1776884751.8161027,1.0,0.0,-45.0
1776884751.8261027,0.0,-4.0,-46.0
1776884751.837103,0.0,-3.0,-44.0
1776884751.8471026,7.0,-1.0,-50.0
1776884751.8571026,5.0,-2.0,-46.0
1776884751.8671026,3.0,-1.0,-46.0
1776884751.8771029,6.0,-1.0,-50.0
1776884751.8871028,9.0,-7.0,-47.0
1776884751.8971028,10.0,-7.0,-52.0
1776884751.9071028,9.0,-5.0,-51.0
1776884751.9171028,13.0,-1.0,-50.0
1776884751.9271028,15.0,0.0,-52.0
1776884751.9371028,10.0,3.0,-48.0
1776884751.9471028,8.0,4.0,-50.0
1776884751.9571028,7.0,5.0,-57.0
1776884751.9661028,5.0,5.0,-61.0
1776884751.9771028,3.0,3.0,-65.0
1776884751.9871027,1.0,2.0,-60.0
1776884751.9971027,-2.0,3.0,-55.0
1776884752.0071027,-2.0,0.0,-49.0
1776884752.0171027,-7.0,0.0,-42.0
1776884752.0271027,-12.0,0.0,-41.0
1776884752.0371027,-6.0,-1.0,-37.0
1776884752.0471027,0.0,0.0,-33.0
1776884752.057103,-1.0,-1.0,-40.0
1776884752.067103,-5.0,0.0,-49.0
1776884752.077103,0.0,-3.0,-48.0
1776884752.087103,-3.0,-5.0,-50.0
1776884752.0971026,-4.0,0.0,-48.0
1776884752.1071026,-6.0,0.0,-45.0
1776884752.1171026,-2.0,-2.0,-44.0
1776884752.1271029,2.0,-4.0,-45.0
1776884752.1371028,1.0,-2.0,-40.0
1776884752.1471028,6.0,-3.0,-42.0
1776884752.1571028,8.0,-3.0,-40.0
1776884752.1671028,8.0,-7.0,-45.0
1776884752.1771028,6.0,-2.0,-47.0
1776884752.1871028,7.0,-3.0,-46.0
1776884752.1971028,6.0,-3.0,-43.0
1776884752.2071028,8.0,0.0,-44.0
1776884752.2171028,9.0,0.0,-48.0
1776884752.2271028,3.0,-1.0,-47.0
1776884752.2371027,5.0,-1.0,-41.0
1776884752.2471027,7.0,-1.0,-49.0
1776884752.2571027,6.0,0.0,-49.0
1776884752.2671027,8.0,-1.0,-48.0
1776884752.2771027,2.0,2.0,-52.0
1776884752.2871027,2.0,3.0,-50.0
1776884752.2971027,0.0,3.0,-45.0
1776884752.307103,-2.0,1.0,-48.0
1776884752.317103,-1.0,-1.0,-51.0
1776884752.327103,-2.0,2.0,-57.0
1776884752.337103,-7.0,0.0,-51.0
1776884752.3471026,-3.0,2.0,-50.0
1776884752.3571026,-1.0,3.0,-46.0
1776884752.3671026,1.0,4.0,-40.0
1776884752.3771029,1.0,4.0,-46.0
1776884752.3871028,0.0,1.0,-52.0
1776884752.3971028,0.0,1.0,-49.0
1776884752.4071028,-1.0,3.0,-46.0
1776884752.4171028,2.0,3.0,-43.0
1776884752.4271028,2.0,1.0,-47.0
1776884752.4371028,2.0,2.0,-51.0
1776884752.4471028,6.0,1.0,-51.0
1776884752.4571028,6.0,3.0,-49.0
1776884752.4671028,7.0,4.0,-45.0
1776884752.4771028,4.0,-2.0,-43.0
1776884752.4871027,8.0,-1.0,-40.0
1776884752.4971027,10.0,-1.0,-36.0
1776884752.5071027,7.0,0.0,-38.0
1776884752.5171027,5.0,-1.0,-37.0
1776884752.5271027,6.0,-1.0,-38.0
1776884752.5371027,8.0,-4.0,-43.0
1776884752.5471027,6.0,-4.0,-46.0
1776884752.557103,8.0,-3.0,-46.0
1776884752.567103,0.0,-6.0,-52.0
1776884752.577103,2.0,-5.0,-50.0
1776884752.587103,0.0,-9.0,-51.0
1776884752.5971026,1.0,-6.0,-51.0
1776884752.6071026,0.0,-2.0,-55.0
1776884752.6171026,4.0,0.0,-47.0
1776884752.6271029,9.0,-2.0,-49.0
1776884752.6371028,10.0,-1.0,-46.0
1776884752.6471028,6.0,0.0,-43.0
1776884752.6571028,3.0,0.0,-39.0
1776884752.6671028,5.0,1.0,-44.0
1776884752.6771028,5.0,2.0,-46.0
1776884752.6871028,6.0,6.0,-47.0
1776884752.6971028,2.0,4.0,-51.0
1776884752.7071028,1.0,8.0,-49.0
1776884752.7171028,-2.0,9.0,-54.0
1776884752.7271028,-2.0,5.0,-56.0
1776884752.7371027,0.0,1.0,-56.0
1776884752.7471027,2.0,0.0,-50.0
1776884752.7571027,4.0,2.0,-50.0
1776884752.7671027,4.0,5.0,-47.0
1776884752.7771027,5.0,8.0,-47.0
1776884752.7871027,4.0,3.0,-44.0
1776884752.7971027,7.0,0.0,-39.0
1776884752.807103,4.0,-3.0,-43.0
1776884752.817103,-2.0,0.0,-39.0
1776884752.827103,-3.0,-1.0,-38.0
1776884752.837103,-7.0,0.0,-46.0
1776884752.8471026,-9.0,-2.0,-47.0
1776884752.8571026,-7.0,-6.0,-47.0
1776884752.8671026,-5.0,-5.0,-47.0
1776884752.8771029,-1.0,-7.0,-45.0
1776884752.8871028,-1.0,-3.0,-47.0
1776884752.8971028,0.0,2.0,-43.0
1776884752.9071028,1.0,2.0,-37.0
1776884752.9171028,3.0,1.0,-33.0
1776884752.9271028,0.0,0.0,-30.0
1776884752.9371028,-1.0,-2.0,-30.0
1776884752.9471028,-4.0,-2.0,-35.0
1776884752.9571028,-6.0,-2.0,-41.0
1776884752.9671028,-6.0,-5.0,-40.0
1776884752.9771028,-7.0,0.0,-40.0
1776884752.9871027,-3.0,0.0,-41.0
1776884752.998103,-2.0,-2.0,-41.0
1776884753.0071027,-1.0,-4.0,-41.0
1776884753.0171027,-1.0,0.0,-40.0
1776884753.0271027,-1.0,3.0,-38.0
1776884753.0371027,-3.0,4.0,-36.0
1776884753.0471027,-5.0,1.0,-42.0
1776884753.057103,-1.0,0.0,-51.0
1776884753.067103,0.0,-2.0,-57.0
1776884753.077103,1.0,-2.0,-52.0
1776884753.087103,1.0,-5.0,-45.0
1776884753.0971026,0.0,-3.0,-40.0
1776884753.1071026,-1.0,1.0,-44.0
1776884753.1171026,-5.0,4.0,-48.0
1776884753.1271029,-5.0,1.0,-51.0
1776884753.1371028,-5.0,1.0,-50.0
1776884753.1471028,-4.0,0.0,-51.0
1776884753.1571028,-6.0,0.0,-56.0
1776884753.1671028,-3.0,0.0,-53.0
1776884753.1771028,0.0,-1.0,-51.0
1776884753.1871028,2.0,-6.0,-47.0
1776884753.1971028,-1.0,-5.0,-49.0
1776884753.2071028,-1.0,-6.0,-49.0
1776884753.2171028,0.0,-4.0,-46.0
1776884753.2271028,-3.0,-3.0,-47.0
1776884753.2371027,-2.0,-3.0,-46.0
1776884753.2471027,-1.0,-5.0,-46.0
1776884753.2571027,-4.0,-7.0,-46.0
1776884753.2671027,-2.0,-7.0,-44.0
1776884753.2771027,-1.0,0.0,-47.0
1776884753.2871027,-3.0,2.0,-47.0
1776884753.2971027,-4.0,2.0,-47.0
1776884753.307103,-3.0,0.0,-51.0
1776884753.317103,-4.0,0.0,-50.0
1776884753.327103,-2.0,0.0,-48.0
1776884753.337103,1.0,1.0,-47.0
1776884753.3471026,2.0,0.0,-41.0
1776884753.3571026,6.0,0.0,-41.0
1776884753.3671026,8.0,0.0,-42.0
1776884753.3771029,8.0,0.0,-45.0
1776884753.3871028,4.0,1.0,-41.0
1776884753.3971028,0.0,0.0,-39.0
1776884753.4071028,0.0,-2.0,-43.0
1776884753.4171028,1.0,-1.0,-51.0
1776884753.4271028,3.0,-2.0,-54.0
1776884753.4371028,3.0,-3.0,-49.0
1776884753.4471028,5.0,-4.0,-52.0
1776884753.4571028,3.0,-5.0,-43.0
1776884753.4671028,0.0,-3.0,-39.0
1776884753.4771028,0.0,-3.0,-43.0
1776884753.4871027,2.0,-3.0,-43.0
1776884753.4971027,5.0,-3.0,-50.0
1776884753.5071027,7.0,-1.0,-52.0
1776884753.5171027,10.0,-2.0,-50.0
1776884753.5271027,9.0,0.0,-49.0
1776884753.5371027,5.0,-2.0,-45.0
1776884753.5471027,5.0,-4.0,-50.0
1776884753.557103,7.0,-3.0,-41.0
1776884753.567103,4.0,-5.0,-41.0
1776884753.577103,3.0,-2.0,-44.0
1776884753.587103,3.0,-2.0,-50.0
1776884753.5971026,0.0,-3.0,-53.0
1776884753.6071026,-4.0,1.0,-51.0
1776884753.6171026,-5.0,2.0,-52.0
1776884753.6271029,-6.0,1.0,-41.0
1776884753.6371028,-2.0,1.0,-41.0
1776884753.6471028,-1.0,3.0,-37.0
1776884753.6571028,1.0,5.0,-40.0
1776884753.6671028,3.0,0.0,-37.0
1776884753.6771028,1.0,0.0,-41.0
1776884753.6871028,-4.0,0.0,-41.0
1776884753.6971028,-1.0,-4.0,-45.0
1776884753.7071028,0.0,-3.0,-49.0
1776884753.7171028,-1.0,-1.0,-46.0
1776884753.7271028,0.0,-3.0,-43.0
1776884753.7371027,2.0,-2.0,-42.0
1776884753.7471027,3.0,-2.0,-43.0
1776884753.7571027,0.0,-4.0,-44.0
1776884753.7671027,4.0,-7.0,-43.0
1776884753.7771027,3.0,-6.0,-41.0
1776884753.7871027,2.0,-4.0,-37.0
1776884753.7971027,6.0,-3.0,-30.0
1776884753.807103,4.0,-3.0,-30.0
1776884753.8181028,1.0,-7.0,-34.0
1776884753.827103,7.0,-4.0,-28.0
1776884753.837103,5.0,-4.0,-40.0
1776884753.8481028,5.0,-3.0,-44.0
1776884753.8581028,3.0,0.0,-54.0
1776884753.8681028,5.0,-1.0,-56.0
1776884753.8781028,7.0,-2.0,-54.0
1776884753.8881028,4.0,-4.0,-55.0
1776884753.8981028,3.0,-3.0,-51.0
1776884753.9081028,2.0,-1.0,-44.0
1776884753.9181027,4.0,-1.0,-43.0
1776884753.9281027,4.0,-6.0,-41.0
1776884753.9381027,6.0,-4.0,-41.0
1776884753.9481027,6.0,0.0,-39.0
1776884753.9581027,1.0,3.0,-40.0
1776884753.9681027,0.0,3.0,-42.0
1776884753.9781027,2.0,3.0,-37.0
1776884753.988103,3.0,2.0,-41.0
1776884753.998103,0.0,0.0,-43.0
1776884754.008103,-3.0,-3.0,-52.0
1776884754.0181026,-2.0,-2.0,-51.0
1776884754.0281026,0.0,-3.0,-47.0
1776884754.0381026,-6.0,-6.0,-45.0
1776884754.0481029,-2.0,-2.0,-42.0
1776884754.0581028,2.0,-2.0,-41.0
1776884754.0681028,5.0,0.0,-46.0
1776884754.0781028,2.0,-1.0,-48.0
1776884754.0881028,0.0,-5.0,-46.0
1776884754.0981028,0.0,-5.0,-46.0
1776884754.1081028,4.0,-3.0,-48.0
1776884754.1181028,2.0,-5.0,-43.0
1776884754.1281028,0.0,-2.0,-48.0
1776884754.1381028,0.0,-3.0,-43.0
1776884754.1481028,0.0,-3.0,-43.0
1776884754.1581028,0.0,-3.0,-41.0
1776884754.1681027,3.0,1.0,-41.0
1776884754.1781027,0.0,4.0,-41.0
1776884754.1881027,-2.0,4.0,-37.0
1776884754.1981027,-4.0,1.0,-41.0
1776884754.2081027,0.0,0.0,-42.0
1776884754.2181027,0.0,0.0,-46.0
1776884754.2281027,-1.0,0.0,-44.0
1776884754.238103,-3.0,0.0,-45.0
1776884754.248103,0.0,1.0,-44.0
1776884754.258103,0.0,4.0,-48.0
1776884754.2681026,-4.0,-1.0,-48.0
1776884754.2781026,-1.0,1.0,-43.0
1776884754.2891028,-2.0,2.0,-45.0
1776884754.2981029,-2.0,1.0,-47.0
1776884754.3081028,-5.0,3.0,-47.0
1776884754.3181028,-3.0,3.0,-45.0
1776884754.3281028,-4.0,4.0,-41.0
1776884754.3381028,-6.0,1.0,-36.0
1776884754.3481028,-4.0,0.0,-37.0
1776884754.3581028,2.0,2.0,-39.0
1776884754.3681028,1.0,3.0,-39.0
1776884754.3781028,0.0,2.0,-39.0
1776884754.3881028,1.0,1.0,-38.0
1776884754.3981028,0.0,0.0,-41.0
1776884754.4081028,0.0,-3.0,-51.0
1776884754.4181027,2.0,-2.0,-53.0
1776884754.4281027,1.0,-4.0,-53.0
1776884754.4381027,6.0,-5.0,-54.0
1776884754.4481027,8.0,-6.0,-58.0
1776884754.4581027,3.0,-1.0,-62.0
1776884754.4681027,7.0,-3.0,-61.0
1776884754.4781027,7.0,2.0,-56.0
1776884754.488103,7.0,2.0,-49.0
1776884754.498103,10.0,2.0,-51.0
1776884754.508103,9.0,2.0,-47.0
1776884754.5181026,6.0,3.0,-43.0
1776884754.5281026,6.0,0.0,-41.0
1776884754.5381026,2.0,-3.0,-45.0
1776884754.5481029,1.0,-3.0,-43.0
1776884754.5581028,2.0,-2.0,-46.0
1776884754.5681028,2.0,-2.0,-50.0
1776884754.5781028,3.0,-1.0,-48.0
1776884754.5881028,5.0,-3.0,-45.0
1776884754.5981028,3.0,1.0,-47.0
1776884754.6081028,-1.0,-1.0,-43.0
1776884754.6181028,3.0,-2.0,-42.0
1776884754.6281028,4.0,0.0,-50.0
1776884754.6381028,4.0,1.0,-52.0
1776884754.6481028,3.0,1.0,-44.0
1776884754.6581028,5.0,3.0,-38.0
1776884754.6681027,3.0,1.0,-41.0
1776884754.6781027,3.0,1.0,-46.0
1776884754.6881027,2.0,6.0,-46.0
1776884754.6981027,1.0,7.0,-46.0
1776884754.7081027,0.0,0.0,-42.0
1776884754.7181027,5.0,0.0,-45.0
1776884754.7281027,8.0,0.0,-41.0
1776884754.738103,6.0,0.0,-39.0
1776884754.748103,7.0,-4.0,-40.0
1776884754.758103,1.0,-4.0,-41.0
1776884754.7681026,0.0,-6.0,-43.0
1776884754.7781026,-4.0,-9.0,-43.0
1776884754.7881026,-5.0,-9.0,-46.0
1776884754.7981029,-4.0,-4.0,-41.0
1776884754.8081028,-4.0,-1.0,-36.0
1776884754.8181028,-1.0,1.0,-45.0
1776884754.8281028,0.0,0.0,-48.0
1776884754.8381028,0.0,-2.0,-44.0
1776884754.8481028,5.0,-3.0,-37.0
1776884754.8581028,0.0,1.0,-40.0
1776884754.8681028,-6.0,0.0,-42.0
1776884754.8781028,-5.0,0.0,-41.0
1776884754.8881028,0.0,0.0,-42.0
1776884754.8981028,2.0,-1.0,-44.0
1776884754.9081028,1.0,0.0,-43.0
1776884754.9181027,-2.0,-1.0,-45.0
1776884754.9281027,-4.0,-4.0,-42.0
1776884754.9381027,-2.0,-7.0,-41.0
1776884754.9481027,-2.0,-8.0,-40.0
1776884754.9581027,-2.0,-6.0,-41.0
1776884754.9681027,-1.0,-8.0,-40.0
1776884754.9781027,-4.0,-5.0,-41.0
1776884754.988103,-2.0,-1.0,-47.0
1776884754.998103,0.0,-1.0,-45.0
1776884755.008103,0.0,-3.0,-45.0
1776884755.0181026,-1.0,-2.0,-40.0
1776884755.0281026,1.0,-1.0,-39.0
1776884755.0381026,5.0,-2.0,-39.0
1776884755.0481029,6.0,-3.0,-44.0
1776884755.0581028,3.0,-3.0,-39.0
1776884755.0681028,3.0,-3.0,-40.0
1776884755.0781028,8.0,-4.0,-43.0
1776884755.0881028,5.0,-5.0,-41.0
1776884755.0981028,6.0,-2.0,-42.0
1776884755.1081028,4.0,0.0,-40.0
1776884755.1181028,1.0,2.0,-45.0
1776884755.1281028,0.0,2.0,-48.0
1776884755.1381028,5.0,5.0,-52.0
1776884755.1481028,1.0,3.0,-48.0
1776884755.1581028,0.0,1.0,-46.0
1776884755.1681027,-2.0,-2.0,-45.0
1776884755.1781027,-5.0,0.0,-38.0
1776884755.1881027,-6.0,-1.0,-32.0
1776884755.1981027,-3.0,-3.0,-35.0
1776884755.2081027,0.0,-5.0,-35.0
1776884755.2181027,2.0,-9.0,-36.0
1776884755.2281027,0.0,-11.0,-39.0
1776884755.238103,-3.0,-7.0,-39.0
1776884755.248103,-7.0,-8.0,-40.0
1776884755.258103,-8.0,-5.0,-45.0
1776884755.2681026,-5.0,-6.0,-52.0
1776884755.2781026,-3.0,-7.0,-44.0
1776884755.2881026,0.0,-8.0,-42.0
1776884755.2981029,2.0,-8.0,-44.0
1776884755.3081028,6.0,-9.0,-46.0
1776884755.3181028,6.0,-4.0,-44.0
1776884755.3281028,9.0,-3.0,-42.0
1776884755.3381028,6.0,-5.0,-44.0
1776884755.3481028,1.0,-4.0,-41.0
1776884755.3581028,1.0,-4.0,-44.0
1776884755.3681028,0.0,-10.0,-41.0
1776884755.3781028,-1.0,-7.0,-45.0
1776884755.3881028,4.0,3.0,-49.0
1776884755.3981028,1.0,3.0,-55.0
1776884755.4081028,0.0,2.0,-55.0
1776884755.4181027,1.0,2.0,-50.0
1776884755.4281027,-5.0,8.0,-45.0
1776884755.4381027,-5.0,9.0,-44.0
1776884755.4481027,-1.0,6.0,-40.0
1776884755.4581027,3.0,2.0,-37.0
1776884755.4681027,0.0,3.0,-42.0
1776884755.4781027,0.0,1.0,-52.0
1776884755.488103,0.0,1.0,-46.0
1776884755.498103,0.0,0.0,-46.0
1776884755.508103,-4.0,-2.0,-43.0
1776884755.5181026,-2.0,0.0,-43.0
1776884755.5281026,0.0,0.0,-42.0
1776884755.5381026,-3.0,2.0,-45.0
1776884755.5481029,-3.0,4.0,-52.0
1776884755.5581028,-5.0,4.0,-52.0
1776884755.5681028,0.0,3.0,-51.0
1776884755.5781028,0.0,2.0,-46.0
1776884755.5881028,-2.0,-1.0,-45.0
1776884755.5981028,-4.0,-3.0,-46.0
1776884755.6081028,-2.0,-4.0,-47.0
1776884755.6181028,-3.0,-3.0,-44.0
1776884755.6281028,-3.0,-1.0,-53.0
1776884755.6381028,-5.0,1.0,-51.0
1776884755.6481028,-3.0,-1.0,-44.0
1776884755.6581028,-4.0,2.0,-42.0
1776884755.6681027,0.0,0.0,-43.0
1776884755.6781027,3.0,0.0,-50.0
1776884755.6881027,3.0,0.0,-49.0
1776884755.6981027,3.0,0.0,-50.0
1776884755.7081027,4.0,-5.0,-49.0
1776884755.7181027,8.0,-6.0,-51.0
1776884755.7281027,8.0,-6.0,-52.0
1776884755.738103,6.0,-6.0,-47.0
1776884755.748103,7.0,-5.0,-43.0
1776884755.758103,8.0,-6.0,-46.0
1776884755.7691028,8.0,-2.0,-48.0
1776884755.7781026,6.0,-1.0,-45.0
1776884755.7891028,0.0,-1.0,-51.0
1776884755.7991028,0.0,1.0,-50.0
1776884755.8081028,3.0,0.0,-57.0
1776884755.8191028,4.0,-3.0,-54.0
1776884755.8281028,0.0,-5.0,-49.0
1776884755.8391027,0.0,-5.0,-41.0
1776884755.8491027,1.0,-7.0,-40.0
1776884755.8591027,0.0,-9.0,-40.0
1776884755.8691027,-5.0,-7.0,-44.0
1776884755.8791027,-3.0,-4.0,-45.0
1776884755.8891027,-4.0,-3.0,-47.0
1776884755.8991027,0.0,-2.0,-48.0
1776884755.909103,1.0,-3.0,-45.0
1776884755.919103,5.0,0.0,-44.0
1776884755.929103,8.0,0.0,-42.0
1776884755.9391026,8.0,-3.0,-41.0
1776884755.9491026,9.0,-3.0,-44.0
1776884755.9591026,7.0,-2.0,-43.0
1776884755.9691026,8.0,-3.0,-47.0
1776884755.9791028,3.0,-1.0,-52.0
1776884755.9891028,0.0,0.0,-55.0
1776884755.9991028,-1.0,5.0,-49.0
1776884756.0091028,-2.0,7.0,-42.0
1776884756.0191028,-4.0,5.0,-46.0
1776884756.0291028,-4.0,4.0,-47.0
1776884756.0391028,-6.0,-1.0,-46.0
1776884756.0491028,-6.0,-4.0,-45.0
1776884756.0591028,-4.0,-4.0,-48.0
1776884756.0691028,-4.0,-8.0,-53.0
1776884756.0791028,-1.0,-8.0,-50.0
1776884756.0891027,3.0,-7.0,-49.0
1776884756.0991027,4.0,-5.0,-51.0
1776884756.1091027,2.0,-7.0,-47.0
1776884756.1191027,-1.0,-8.0,-51.0
1776884756.1291027,-5.0,-4.0,-49.0
1776884756.1391027,-3.0,-5.0,-44.0
1776884756.1491027,0.0,-3.0,-44.0
1776884756.159103,0.0,-1.0,-45.0
1776884756.169103,1.0,-4.0,-41.0
1776884756.179103,3.0,-7.0,-39.0
1776884756.1891026,6.0,-7.0,-42.0
1776884756.1991026,5.0,-9.0,-48.0
1776884756.2091026,5.0,-7.0,-50.0
1776884756.2191026,4.0,-5.0,-44.0
1776884756.2291028,4.0,-4.0,-47.0
1776884756.2391028,4.0,-3.0,-49.0
1776884756.2491028,0.0,-3.0,-47.0
1776884756.2591028,3.0,-6.0,-46.0
1776884756.2691028,1.0,-10.0,-37.0
1776884756.2791028,3.0,-8.0,-36.0
1776884756.2891028,-1.0,-8.0,-37.0
1776884756.2991028,-1.0,-1.0,-39.0
1776884756.3091028,0.0,0.0,-44.0
1776884756.3191028,0.0,-1.0,-43.0
1776884756.3291028,-2.0,-4.0,-46.0
1776884756.3391027,0.0,0.0,-48.0
1776884756.3491027,2.0,2.0,-45.0
1776884756.3591027,5.0,4.0,-55.0
1776884756.3691027,3.0,3.0,-48.0
1776884756.3791027,5.0,-1.0,-44.0
1776884756.3891027,7.0,-1.0,-46.0
1776884756.3991027,5.0,-3.0,-47.0
1776884756.409103,3.0,-5.0,-49.0
1776884756.419103,3.0,-3.0,-43.0
1776884756.429103,3.0,-3.0,-43.0
1776884756.4391026,5.0,-3.0,-47.0
1776884756.4491026,5.0,-3.0,-39.0
1776884756.4591026,2.0,0.0,-43.0
1776884756.4691026,6.0,-2.0,-37.0
1776884756.4791028,2.0,-4.0,-36.0
1776884756.4891028,1.0,-6.0,-25.0
1776884756.4991028,0.0,-4.0,-24.0
1776884756.5091028,0.0,-4.0,-33.0
1776884756.5191028,2.0,-8.0,-35.0
1776884756.5291028,3.0,-6.0,-37.0
1776884756.5391028,5.0,-8.0,-37.0
1776884756.5491028,7.0,-5.0,-38.0
1776884756.5591028,6.0,-3.0,-47.0
1776884756.5691028,0.0,-4.0,-48.0
1776884756.5791028,0.0,-1.0,-46.0
1776884756.5891027,4.0,0.0,-47.0
1776884756.5991027,-2.0,1.0,-50.0
1776884756.6091027,-2.0,2.0,-52.0
1776884756.6191027,-6.0,4.0,-46.0
1776884756.6291027,-11.0,3.0,-46.0
1776884756.6391027,-8.0,2.0,-49.0
1776884756.6491027,-5.0,3.0,-41.0
1776884756.659103,-6.0,2.0,-41.0
1776884756.669103,-5.0,-1.0,-47.0
1776884756.679103,-5.0,-4.0,-48.0
1776884756.6891026,0.0,0.0,-52.0
1776884756.6991026,-1.0,5.0,-43.0
1776884756.7091026,-2.0,6.0,-39.0
1776884756.7191026,-1.0,4.0,-47.0
1776884756.7291028,-1.0,2.0,-55.0
1776884756.7391028,0.0,4.0,-57.0
1776884756.7491028,0.0,2.0,-55.0
1776884756.7591028,0.0,-1.0,-51.0
1776884756.7691028,0.0,0.0,-45.0
1776884756.7791028,1.0,0.0,-44.0
1776884756.7891028,2.0,-1.0,-46.0
1776884756.7991028,0.0,1.0,-43.0
1776884756.8091028,0.0,0.0,-47.0
1776884756.8191028,-1.0,0.0,-51.0
1776884756.8291028,-3.0,-1.0,-48.0
1776884756.8391027,-4.0,2.0,-52.0
1776884756.8491027,-4.0,1.0,-48.0
1776884756.8591027,-2.0,-2.0,-48.0
1776884756.8691027,-3.0,-2.0,-50.0
1776884756.8791027,-3.0,-4.0,-51.0
1776884756.8891027,-1.0,0.0,-39.0
1776884756.8991027,0.0,-1.0,-33.0
1776884756.909103,0.0,-2.0,-34.0
1776884756.919103,0.0,-3.0,-35.0
1776884756.929103,-3.0,-5.0,-37.0
1776884756.9391026,-3.0,-3.0,-39.0
1776884756.9491026,-7.0,-2.0,-41.0
1776884756.9591026,-6.0,-1.0,-41.0
1776884756.9691026,-5.0,-6.0,-34.0
1776884756.9791028,-3.0,-6.0,-37.0
1776884756.9891028,-3.0,-4.0,-35.0
1776884756.9991028,-4.0,-5.0,-35.0
1776884757.0091028,-3.0,-7.0,-27.0
1776884757.0191028,-4.0,-7.0,-32.0
1776884757.0291028,-2.0,-4.0,-34.0
1776884757.0391028,1.0,0.0,-34.0
1776884757.0491028,4.0,0.0,-35.0
1776884757.0591028,7.0,0.0,-33.0
1776884757.0691028,5.0,2.0,-34.0
1776884757.0791028,-2.0,4.0,-32.0
1776884757.0891027,-5.0,4.0,-32.0
1776884757.0991027,-4.0,6.0,-34.0
1776884757.1091027,-4.0,4.0,-32.0
1776884757.1191027,-4.0,3.0,-34.0
1776884757.1291027,1.0,1.0,-33.0
1776884757.1391027,1.0,-2.0,-39.0
1776884757.1491027,0.0,0.0,-41.0
1776884757.159103,3.0,3.0,-36.0
1776884757.169103,2.0,0.0,-37.0
1776884757.179103,4.0,-1.0,-41.0
1776884757.1891026,3.0,-1.0,-43.0
1776884757.1991026,-1.0,0.0,-45.0
1776884757.2091026,-3.0,1.0,-42.0
1776884757.2191026,0.0,4.0,-43.0
1776884757.2291028,0.0,5.0,-40.0
1776884757.2391028,1.0,4.0,-43.0
1776884757.2491028,4.0,1.0,-39.0
1776884757.2591028,2.0,0.0,-38.0
1776884757.2691028,0.0,-1.0,-42.0
1776884757.2791028,-1.0,-2.0,-41.0
1776884757.2891028,-1.0,-4.0,-37.0
1776884757.2991028,-5.0,-6.0,-37.0
1776884757.3091028,-2.0,-7.0,-43.0
1776884757.3191028,0.0,-11.0,-38.0
1776884757.3291028,-1.0,-8.0,-37.0
1776884757.3391027,1.0,-2.0,-36.0
1776884757.3491027,3.0,-2.0,-38.0
1776884757.3591027,4.0,-1.0,-36.0
1776884757.3691027,3.0,-3.0,-35.0
1776884757.3791027,3.0,0.0,-41.0
1776884757.3891027,2.0,0.0,-41.0
1776884757.3991027,5.0,1.0,-44.0
1776884757.409103,5.0,0.0,-49.0
1776884757.419103,1.0,-1.0,-42.0
1776884757.429103,-1.0,-2.0,-39.0
1776884757.4391026,-2.0,-4.0,-44.0
1776884757.4491026,-1.0,-6.0,-47.0
1776884757.4591026,-3.0,-3.0,-52.0
1776884757.4691026,-4.0,-1.0,-45.0
1776884757.4791028,-5.0,-1.0,-48.0
1776884757.4891028,-9.0,-2.0,-56.0
1776884757.4991028,-9.0,2.0,-56.0
1776884757.5091028,-5.0,-1.0,-53.0
1776884757.5191028,-4.0,-3.0,-51.0
1776884757.5291028,-1.0,-4.0,-45.0
1776884757.5391028,-1.0,0.0,-40.0
1776884757.5491028,-1.0,-3.0,-39.0
1776884757.5591028,0.0,-3.0,-44.0
1776884757.5691028,1.0,-5.0,-43.0
1776884757.5791028,0.0,-10.0,-36.0
1776884757.5891027,-3.0,-10.0,-38.0
1776884757.5991027,-1.0,-6.0,-38.0
1776884757.6091027,-3.0,-2.0,-45.0
1776884757.6191027,-4.0,-2.0,-38.0
1776884757.6291027,-1.0,-1.0,-37.0
1776884757.6391027,3.0,3.0,-40.0
1776884757.6491027,5.0,0.0,-41.0
1776884757.659103,4.0,-2.0,-42.0
1776884757.669103,3.0,-1.0,-42.0
1776884757.679103,1.0,-1.0,-42.0
1776884757.6891026,-1.0,-4.0,-47.0
1776884757.6991026,1.0,-4.0,-52.0
1776884757.7091026,-2.0,-5.0,-57.0
1776884757.7191026,-1.0,-5.0,-52.0
1776884757.7291028,3.0,-3.0,-57.0
1776884757.7391028,0.0,2.0,-48.0
1776884757.7491028,-5.0,-1.0,-49.0
1776884757.7591028,-4.0,0.0,-46.0
1776884757.7701027,-3.0,-2.0,-43.0
1776884757.7801027,0.0,2.0,-40.0
1776884757.7901027,1.0,-1.0,-37.0
1776884757.8001027,-4.0,0.0,-40.0
1776884757.8101027,-7.0,0.0,-39.0
1776884757.8201027,-3.0,0.0,-51.0
1776884757.8301027,-7.0,0.0,-51.0
1776884757.840103,-4.0,0.0,-49.0
1776884757.850103,-4.0,0.0,-42.0
1776884757.860103,-3.0,0.0,-44.0
1776884757.8701026,-1.0,0.0,-46.0
1776884757.8801026,-2.0,0.0,-41.0
1776884757.8901026,-1.0,0.0,-36.0
1776884757.9001029,-2.0,0.0,-38.0
1776884757.9101028,1.0,2.0,-42.0
1776884757.9201028,0.0,2.0,-43.0
1776884757.9301028,0.0,0.0,-44.0
1776884757.9401028,0.0,-2.0,-41.0
1776884757.9501028,1.0,-7.0,-34.0
1776884757.9601028,-3.0,-6.0,-40.0
1776884757.9701028,3.0,-8.0,-33.0
1776884757.9801028,3.0,-6.0,-37.0
1776884757.9901028,2.0,-4.0,-42.0
1776884758.0001028,4.0,0.0,-42.0
1776884758.0101027,6.0,1.0,-44.0
1776884758.0201027,12.0,5.0,-51.0
1776884758.0301027,10.0,2.0,-55.0
1776884758.0401027,7.0,5.0,-56.0
1776884758.0501027,1.0,5.0,-56.0
1776884758.0601027,4.0,0.0,-61.0
1776884758.0701027,1.0,0.0,-59.0
1776884758.0801027,4.0,-5.0,-56.0
1776884758.090103,5.0,-6.0,-48.0
1776884758.100103,3.0,-3.0,-46.0
1776884758.110103,6.0,-5.0,-42.0
1776884758.1201026,2.0,-4.0,-42.0
1776884758.1301026,0.0,-4.0,-46.0
1776884758.1401026,0.0,-2.0,-49.0
1776884758.1501029,1.0,-4.0,-52.0
1776884758.1601028,-1.0,-1.0,-45.0
1776884758.1701028,-2.0,0.0,-47.0
1776884758.1801028,-5.0,0.0,-55.0
1776884758.1901028,-6.0,-1.0,-52.0
1776884758.2001028,-7.0,-5.0,-50.0
1776884758.2101028,-6.0,-6.0,-53.0
1776884758.2201028,-1.0,-4.0,-53.0
1776884758.2301028,-1.0,-2.0,-50.0
1776884758.2401028,0.0,0.0,-46.0
1776884758.2501028,-1.0,-2.0,-48.0
1776884758.2601027,-5.0,-4.0,-51.0
1776884758.2701027,0.0,-3.0,-50.0
1776884758.2801027,-1.0,-1.0,-49.0
1776884758.2901027,0.0,1.0,-47.0
1776884758.3001027,-3.0,-4.0,-47.0
1776884758.3101027,-3.0,-2.0,-52.0
1776884758.3201027,0.0,0.0,-49.0
1776884758.3301027,-2.0,5.0,-40.0
1776884758.340103,-1.0,3.0,-36.0
1776884758.350103,0.0,3.0,-37.0
1776884758.360103,1.0,4.0,-34.0
1776884758.3701026,0.0,4.0,-30.0
1776884758.3801026,0.0,1.0,-35.0
1776884758.3901026,0.0,0.0,-36.0
1776884758.4001029,1.0,0.0,-45.0
1776884758.4101028,2.0,0.0,-45.0
1776884758.4201028,-1.0,-2.0,-47.0
1776884758.4301028,-3.0,0.0,-53.0
1776884758.4401028,0.0,0.0,-55.0
1776884758.4501028,-3.0,1.0,-50.0
1776884758.4601028,-5.0,2.0,-50.0
1776884758.4701028,-4.0,0.0,-53.0
1776884758.4801028,-6.0,4.0,-57.0
1776884758.4901028,-6.0,0.0,-59.0
1776884758.5001028,-7.0,-1.0,-47.0
1776884758.5101027,-9.0,1.0,-43.0
1776884758.5201027,-8.0,2.0,-42.0
1776884758.5301027,-7.0,3.0,-42.0
1776884758.5401027,-6.0,4.0,-46.0
1776884758.5501027,-5.0,3.0,-53.0
1776884758.5601027,-7.0,3.0,-56.0
1776884758.5701027,-6.0,2.0,-60.0
1776884758.5801027,-5.0,3.0,-54.0
1776884758.590103,-5.0,-1.0,-51.0
1776884758.600103,-4.0,-2.0,-50.0
1776884758.610103,-1.0,-2.0,-46.0
1776884758.6201026,2.0,0.0,-44.0
1776884758.6301026,2.0,-1.0,-46.0
1776884758.6401026,-2.0,-6.0,-44.0
1776884758.6501029,-3.0,-10.0,-43.0
1776884758.6601028,-2.0,-9.0,-46.0
1776884758.6701028,1.0,-6.0,-48.0
1776884758.6801028,6.0,-5.0,-48.0
1776884758.6901028,5.0,-1.0,-47.0
1776884758.7001028,5.0,0.0,-55.0
1776884758.7101028,7.0,-3.0,-51.0
1776884758.7201028,6.0,-2.0,-47.0
1776884758.7301028,-1.0,-1.0,-42.0
1776884758.7401028,1.0,0.0,-49.0
1776884758.7501028,3.0,0.0,-52.0
1776884758.7601027,0.0,-3.0,-48.0
1776884758.7701027,-3.0,-6.0,-46.0
1776884758.7801027,1.0,-7.0,-46.0
1776884758.7901027,0.0,-10.0,-41.0
1776884758.8001027,0.0,-10.0,-37.0
1776884758.8101027,0.0,-10.0,-39.0
1776884758.8201027,0.0,-7.0,-48.0
1776884758.8301027,0.0,-8.0,-52.0
1776884758.840103,-2.0,-10.0,-54.0
1776884758.850103,-2.0,-9.0,-52.0
1776884758.860103,-3.0,-6.0,-47.0
1776884758.8701026,0.0,-5.0,-42.0
1776884758.8801026,-1.0,-9.0,-45.0
1776884758.8901026,-8.0,-6.0,-48.0
1776884758.9001029,-10.0,-4.0,-44.0
1776884758.9101028,-5.0,-5.0,-46.0
1776884758.9201028,-3.0,-8.0,-45.0
1776884758.9301028,-3.0,-8.0,-55.0
1776884758.9401028,-3.0,-9.0,-53.0
1776884758.9501028,-3.0,-7.0,-51.0
1776884758.9601028,-1.0,-3.0,-49.0
1776884758.9701028,-2.0,-1.0,-48.0
1776884758.9801028,-1.0,0.0,-49.0
1776884758.9901028,2.0,3.0,-48.0
1776884759.0001028,0.0,7.0,-51.0
1776884759.0101027,-1.0,13.0,-49.0
1776884759.0201027,0.0,8.0,-51.0
1776884759.0301027,3.0,7.0,-51.0
1776884759.0401027,5.0,5.0,-48.0
1776884759.0501027,6.0,5.0,-45.0
1776884759.0601027,0.0,3.0,-47.0
1776884759.0701027,-5.0,2.0,-50.0
1776884759.0801027,-2.0,1.0,-48.0
1776884759.090103,-1.0,-1.0,-52.0
1776884759.100103,-4.0,-1.0,-51.0
1776884759.110103,-1.0,-1.0,-53.0
1776884759.1201026,-4.0,0.0,-48.0
1776884759.1301026,-1.0,-1.0,-49.0
1776884759.1401026,0.0,-2.0,-49.0
1776884759.1501029,0.0,-1.0,-50.0
1776884759.1601028,2.0,0.0,-43.0
1776884759.1701028,2.0,0.0,-44.0
1776884759.1801028,6.0,0.0,-47.0
1776884759.1901028,9.0,-1.0,-51.0
1776884759.2001028,8.0,0.0,-51.0
1776884759.2101028,2.0,-5.0,-56.0
1776884759.2201028,3.0,-2.0,-55.0
1776884759.2301028,0.0,-3.0,-49.0
1776884759.2401028,0.0,-3.0,-39.0
1776884759.2501028,-1.0,-2.0,-38.0
1776884759.2601027,-2.0,-4.0,-36.0
1776884759.2701027,4.0,-10.0,-40.0
1776884759.2801027,5.0,-8.0,-42.0
1776884759.2901027,3.0,-8.0,-41.0
1776884759.3001027,4.0,-10.0,-41.0
1776884759.3101027,4.0,-7.0,-45.0
1776884759.3201027,4.0,-5.0,-42.0
1776884759.3301027,2.0,-3.0,-34.0
1776884759.340103,2.0,-4.0,-38.0
1776884759.350103,0.0,-6.0,-37.0
1776884759.360103,0.0,-3.0,-38.0
1776884759.3701026,1.0,-2.0,-42.0
1776884759.3801026,0.0,-3.0,-48.0
1776884759.3901026,1.0,-3.0,-45.0
1776884759.4001029,3.0,-2.0,-52.0
1776884759.4101028,0.0,-1.0,-63.0
1776884759.4201028,-5.0,-4.0,-63.0
1776884759.4301028,-6.0,-3.0,-64.0
1776884759.4401028,-6.0,1.0,-55.0
1776884759.4501028,-1.0,3.0,-54.0
1776884759.4601028,-3.0,2.0,-49.0
1776884759.4701028,-1.0,-1.0,-47.0
1776884759.4801028,2.0,-6.0,-51.0
1776884759.4901028,0.0,-5.0,-51.0
1776884759.5001028,0.0,-5.0,-50.0
1776884759.5101027,0.0,-6.0,-44.0
1776884759.5201027,-5.0,-11.0,-47.0
1776884759.5301027,-8.0,-9.0,-42.0
1776884759.5401027,-5.0,-8.0,-39.0
1776884759.5501027,-6.0,-6.0,-44.0
1776884759.5601027,-5.0,-4.0,-42.0
1776884759.5701027,-3.0,-3.0,-41.0
1776884759.5801027,-2.0,-1.0,-38.0
1776884759.590103,-7.0,-1.0,-35.0
1776884759.600103,-6.0,2.0,-38.0
1776884759.610103,-6.0,0.0,-35.0
1776884759.6201026,-8.0,0.0,-34.0
1776884759.6301026,-6.0,-1.0,-40.0
1776884759.6401026,-8.0,-6.0,-40.0
1776884759.6501029,-6.0,-3.0,-49.0
1776884759.6601028,-3.0,-4.0,-50.0
1776884759.6701028,-3.0,-7.0,-51.0
1776884759.6811028,2.0,-8.0,-52.0
1776884759.6901028,2.0,-8.0,-47.0
1776884759.7001028,3.0,-3.0,-45.0
1776884759.7101028,3.0,-5.0,-45.0
1776884759.7211027,1.0,-9.0,-42.0
1776884759.7311027,2.0,-11.0,-38.0
1776884759.7411027,-1.0,-13.0,-35.0
1776884759.7511027,0.0,-11.0,-39.0
1776884759.761103,4.0,-9.0,-42.0
1776884759.771103,0.0,-7.0,-45.0
1776884759.781103,1.0,-6.0,-49.0
1776884759.7911026,0.0,-5.0,-50.0
1776884759.8011026,0.0,0.0,-53.0
1776884759.8111026,0.0,2.0,-54.0
1776884759.8211029,3.0,0.0,-50.0
1776884759.8311028,0.0,0.0,-50.0
1776884759.8411028,0.0,-3.0,-49.0
1776884759.8511028,2.0,-2.0,-50.0
1776884759.8611028,6.0,0.0,-51.0
1776884759.8711028,8.0,-1.0,-55.0
1776884759.8811028,8.0,-1.0,-40.0
1776884759.8911028,5.0,-5.0,-41.0
1776884759.9011028,0.0,-7.0,-41.0
1776884759.9111028,0.0,-9.0,-47.0
1776884759.9211028,-4.0,-8.0,-51.0
1776884759.9311028,-2.0,-4.0,-51.0
1776884759.9411027,-9.0,0.0,-53.0
1776884759.9511027,-9.0,1.0,-55.0
1776884759.9611027,-7.0,2.0,-59.0
1776884759.9711027,-8.0,2.0,-54.0
1776884759.9811027,-6.0,1.0,-48.0
1776884759.9911027,-5.0,0.0,-49.0
1776884760.0011027,0.0,-2.0,-50.0
1776884760.011103,-2.0,0.0,-52.0
1776884760.021103,-1.0,0.0,-57.0
1776884760.031103,4.0,-4.0,-53.0
1776884760.0411026,2.0,-8.0,-52.0
1776884760.0511026,7.0,-9.0,-58.0
1776884760.0611026,9.0,-6.0,-60.0
1776884760.0711029,7.0,-8.0,-49.0
1776884760.0811028,10.0,-8.0,-47.0
1776884760.0911028,5.0,-9.0,-47.0
1776884760.1011028,3.0,-9.0,-48.0
1776884760.1111028,3.0,-5.0,-45.0
1776884760.1211028,6.0,-5.0,-48.0
1776884760.1311028,5.0,-6.0,-45.0
1776884760.1411028,0.0,-4.0,-43.0
1776884760.1511028,-1.0,-5.0,-45.0
1776884760.1611028,1.0,-6.0,-52.0
1776884760.1711028,5.0,-4.0,-54.0
1776884760.1811028,6.0,-6.0,-49.0
1776884760.1911027,7.0,-5.0,-41.0
1776884760.2011027,5.0,-5.0,-45.0
1776884760.2111027,3.0,-2.0,-46.0
1776884760.2211027,6.0,-4.0,-47.0
1776884760.2311027,3.0,-2.0,-51.0
1776884760.2411027,1.0,0.0,-44.0
1776884760.2511027,-1.0,0.0,-45.0
1776884760.261103,-6.0,0.0,-53.0
1776884760.271103,-4.0,0.0,-47.0
1776884760.281103,-5.0,3.0,-43.0
1776884760.2911026,-2.0,3.0,-47.0
1776884760.3011026,0.0,7.0,-52.0
1776884760.3111026,-1.0,6.0,-54.0
1776884760.3211029,-5.0,3.0,-55.0
1776884760.3311028,-4.0,1.0,-51.0
1776884760.3411028,-6.0,-1.0,-49.0
1776884760.3511028,-7.0,-1.0,-45.0
1776884760.3611028,-7.0,-7.0,-35.0
1776884760.3711028,-7.0,-1.0,-34.0
1776884760.3811028,-3.0,2.0,-35.0
1776884760.3911028,0.0,0.0,-35.0
1776884760.4011028,-4.0,0.0,-38.0
1776884760.4111028,-6.0,1.0,-40.0
1776884760.4211028,-4.0,-5.0,-42.0
1776884760.4311028,-1.0,-6.0,-45.0
1776884760.4411027,0.0,-3.0,-40.0
1776884760.4511027,1.0,-2.0,-47.0
1776884760.4611027,2.0,-1.0,-47.0
1776884760.4711027,2.0,-3.0,-49.0
1776884760.4811027,2.0,-2.0,-53.0
1776884760.4911027,4.0,0.0,-49.0
1776884760.5011027,7.0,-3.0,-52.0
1776884760.511103,8.0,-5.0,-46.0
1776884760.521103,7.0,-3.0,-39.0
1776884760.531103,11.0,1.0,-42.0
1776884760.5411026,10.0,3.0,-44.0
1776884760.5511026,6.0,6.0,-50.0
1776884760.5611026,6.0,7.0,-47.0
1776884760.5711029,7.0,9.0,-48.0
1776884760.5811028,10.0,7.0,-43.0
1776884760.5911028,10.0,6.0,-42.0
1776884760.6011028,5.0,4.0,-42.0
1776884760.6111028,-2.0,4.0,-43.0
1776884760.6211028,-3.0,6.0,-39.0
1776884760.6311028,0.0,0.0,-45.0
1776884760.6411028,-4.0,0.0,-43.0
1776884760.6511028,0.0,0.0,-44.0
1776884760.6611028,-2.0,0.0,-40.0
1776884760.6711028,-2.0,-1.0,-41.0
1776884760.6811028,3.0,-1.0,-38.0
1776884760.6911027,0.0,-4.0,-37.0
1776884760.7011027,1.0,-4.0,-31.0
1776884760.7111027,1.0,-4.0,-37.0
1776884760.7211027,-2.0,-6.0,-38.0
1776884760.7311027,1.0,-8.0,-40.0
1776884760.7411027,1.0,-7.0,-42.0
1776884760.7511027,0.0,-5.0,-42.0
1776884760.761103,2.0,-4.0,-41.0
1776884760.771103,2.0,-1.0,-45.0
1776884760.781103,6.0,0.0,-44.0
1776884760.7911026,5.0,0.0,-51.0
1776884760.8011026,0.0,-1.0,-56.0
1776884760.8111026,-3.0,-6.0,-54.0
1776884760.8211029,-3.0,-9.0,-48.0
1776884760.8311028,-4.0,-5.0,-45.0
1776884760.8411028,-2.0,-4.0,-48.0
1776884760.8511028,2.0,-5.0,-42.0
1776884760.8611028,1.0,-1.0,-44.0
1776884760.8711028,0.0,-2.0,-56.0
1776884760.8811028,-2.0,-1.0,-53.0
1776884760.8911028,-3.0,2.0,-53.0
1776884760.9011028,0.0,-4.0,-54.0
1776884760.9111028,-5.0,-7.0,-56.0
1776884760.9211028,-1.0,-11.0,-47.0
1776884760.9311028,3.0,-11.0,-46.0
1776884760.9411027,4.0,-8.0,-48.0
1776884760.9511027,3.0,-5.0,-46.0
1776884760.9611027,8.0,-3.0,-43.0
1776884760.9711027,4.0,-3.0,-42.0
1776884760.9811027,5.0,0.0,-39.0
1776884760.9911027,3.0,3.0,-43.0
1776884761.0011027,5.0,3.0,-46.0
1776884761.011103,5.0,3.0,-43.0
1776884761.021103,2.0,-1.0,-48.0
1776884761.031103,3.0,-3.0,-48.0
1776884761.0411026,4.0,0.0,-49.0
1776884761.0511026,5.0,0.0,-43.0
1776884761.0611026,6.0,0.0,-34.0
1776884761.0711029,4.0,5.0,-38.0
1776884761.0811028,0.0,0.0,-40.0
1776884761.0911028,2.0,1.0,-41.0
1776884761.1011028,1.0,1.0,-42.0
1776884761.1111028,1.0,2.0,-44.0
1776884761.1211028,1.0,0.0,-55.0
1776884761.1311028,2.0,-1.0,-54.0
1776884761.1411028,-1.0,0.0,-49.0
1776884761.1511028,-2.0,3.0,-41.0
1776884761.1611028,-1.0,1.0,-42.0
1776884761.1711028,0.0,3.0,-38.0
1776884761.1811028,0.0,2.0,-43.0
1776884761.1911027,0.0,-1.0,-48.0
1776884761.2011027,-2.0,-5.0,-50.0
1776884761.2111027,-3.0,-3.0,-44.0
1776884761.2211027,-2.0,-2.0,-41.0
1776884761.2311027,0.0,-4.0,-44.0
1776884761.2411027,1.0,-5.0,-52.0
1776884761.2511027,-3.0,-6.0,-54.0
1776884761.261103,-3.0,-5.0,-51.0
1776884761.271103,-2.0,-4.0,-46.0
1776884761.281103,2.0,-4.0,-43.0
1776884761.2911026,1.0,-4.0,-35.0
1776884761.3011026,-1.0,-8.0,-41.0
1776884761.3111026,2.0,-8.0,-39.0
1776884761.3211029,-3.0,-5.0,-41.0
1776884761.3311028,-4.0,-5.0,-40.0
1776884761.3411028,-7.0,-6.0,-45.0
1776884761.3511028,-5.0,-4.0,-50.0
1776884761.3611028,0.0,-3.0,-59.0
1776884761.3711028,1.0,1.0,-60.0
1776884761.3811028,0.0,3.0,-49.0
1776884761.3911028,1.0,1.0,-46.0
1776884761.4011028,0.0,0.0,-46.0
1776884761.4111028,-1.0,-1.0,-51.0
1776884761.4211028,-2.0,1.0,-48.0
1776884761.4311028,-1.0,0.0,-49.0
1776884761.4411027,0.0,0.0,-47.0
1776884761.4511027,-3.0,-3.0,-53.0
1776884761.4611027,-6.0,-2.0,-53.0
1776884761.4711027,-2.0,-2.0,-51.0
1776884761.4811027,0.0,-3.0,-46.0
1776884761.4911027,-3.0,-3.0,-37.0
1776884761.5011027,-3.0,-1.0,-39.0
1776884761.511103,-6.0,-5.0,-36.0
1776884761.521103,-8.0,-3.0,-44.0
1776884761.531103,-3.0,0.0,-39.0
1776884761.5411026,0.0,2.0,-39.0
1776884761.5511026,0.0,0.0,-44.0
1776884761.5611026,1.0,-3.0,-51.0
1776884761.5711029,0.0,-5.0,-51.0
1776884761.5811028,1.0,-4.0,-48.0
1776884761.5911028,0.0,-2.0,-45.0
1776884761.6011028,-3.0,-4.0,-50.0
1776884761.6111028,0.0,-5.0,-46.0
1776884761.6211028,3.0,-8.0,-48.0
1776884761.6311028,6.0,-12.0,-45.0
1776884761.6411028,2.0,-12.0,-51.0
1776884761.6511028,1.0,-12.0,-50.0
1776884761.6611028,-5.0,-9.0,-49.0
1776884761.6711028,-6.0,-4.0,-58.0
1776884761.682103,-7.0,-2.0,-60.0
1776884761.692103,-5.0,3.0,-56.0
1776884761.702103,-3.0,0.0,-50.0
1776884761.7111027,-1.0,-1.0,-47.0
1776884761.7221026,-1.0,-1.0,-44.0
1776884761.7321026,-1.0,-4.0,-43.0
1776884761.7421026,0.0,-7.0,-40.0
1776884761.7521029,-2.0,-2.0,-39.0
1776884761.7621028,-5.0,-6.0,-45.0
1776884761.7721028,-6.0,-7.0,-39.0
1776884761.7821028,-2.0,-8.0,-39.0
1776884761.7921028,0.0,-9.0,-43.0
1776884761.8021028,-1.0,-7.0,-44.0
1776884761.8121028,-2.0,-4.0,-41.0
1776884761.8221028,-1.0,-2.0,-40.0
1776884761.8321028,-2.0,0.0,-36.0
1776884761.8421028,-4.0,0.0,-41.0
1776884761.8521028,-5.0,-3.0,-43.0
1776884761.8621027,-3.0,-4.0,-46.0
1776884761.8721027,-3.0,-7.0,-51.0
1776884761.8821027,0.0,-2.0,-46.0
1776884761.8921027,-2.0,-5.0,-46.0
1776884761.9021027,2.0,1.0,-46.0
1776884761.9121027,-2.0,0.0,-36.0
1776884761.9221027,-1.0,-3.0,-33.0
1776884761.932103,0.0,-4.0,-32.0
1776884761.942103,1.0,-3.0,-35.0
1776884761.952103,0.0,-6.0,-38.0
1776884761.962103,-1.0,-6.0,-36.0
1776884761.9721026,-1.0,-7.0,-33.0
1776884761.9821026,0.0,-7.0,-37.0
1776884761.9921026,2.0,-4.0,-38.0
1776884762.0021029,4.0,-8.0,-44.0
1776884762.0121028,7.0,-6.0,-40.0
1776884762.0221028,5.0,-5.0,-34.0
1776884762.0321028,3.0,-5.0,-40.0
1776884762.0421028,3.0,-6.0,-42.0
1776884762.0521028,1.0,-3.0,-43.0
1776884762.0621028,-3.0,-6.0,-43.0
1776884762.0721028,-2.0,-8.0,-43.0
1776884762.0821028,-1.0,-5.0,-47.0
1776884762.0921028,1.0,-8.0,-51.0
1776884762.1021028,3.0,-13.0,-46.0
1776884762.1121027,1.0,-13.0,-58.0
1776884762.1221027,5.0,-11.0,-54.0
1776884762.1321027,2.0,-6.0,-52.0
1776884762.1421027,0.0,-3.0,-52.0
1776884762.1521027,0.0,-4.0,-46.0
1776884762.1621027,0.0,-7.0,-45.0
1776884762.1721027,-2.0,-1.0,-43.0
1776884762.182103,-2.0,-4.0,-40.0
1776884762.192103,-2.0,-4.0,-43.0
1776884762.202103,-5.0,-5.0,-47.0
1776884762.212103,-3.0,-10.0,-52.0
1776884762.2221026,0.0,-7.0,-54.0
1776884762.2321026,-3.0,-11.0,-57.0
1776884762.2421026,-2.0,-8.0,-47.0
1776884762.2521029,-3.0,-8.0,-43.0
1776884762.2621028,-3.0,-7.0,-48.0
1776884762.2721028,-6.0,-4.0,-48.0
1776884762.2821028,-5.0,2.0,-52.0
1776884762.2921028,0.0,3.0,-54.0
1776884762.3021028,3.0,1.0,-61.0
1776884762.3121028,5.0,0.0,-54.0
1776884762.3221028,3.0,-3.0,-52.0
1776884762.3321028,1.0,-7.0,-47.0
1776884762.3421028,0.0,-3.0,-42.0
1776884762.3521028,1.0,-2.0,-44.0
1776884762.3621027,0.0,-8.0,-44.0
1776884762.3721027,1.0,-10.0,-43.0
1776884762.3821027,0.0,-5.0,-47.0
1776884762.3921027,1.0,0.0,-51.0
1776884762.4021027,-1.0,-2.0,-56.0
1776884762.4121027,1.0,2.0,-54.0
1776884762.4221027,2.0,1.0,-51.0
1776884762.432103,2.0,1.0,-49.0
1776884762.442103,0.0,-3.0,-50.0
1776884762.452103,1.0,-4.0,-55.0
1776884762.462103,1.0,0.0,-52.0
1776884762.4721026,-1.0,-3.0,-54.0
1776884762.4821026,-2.0,-2.0,-55.0
1776884762.4921026,-2.0,-2.0,-48.0
1776884762.5021029,-1.0,-3.0,-44.0
1776884762.5121028,1.0,0.0,-38.0
1776884762.5221028,2.0,0.0,-38.0
1776884762.5321028,-1.0,-6.0,-39.0
1776884762.5421028,0.0,-7.0,-45.0
1776884762.5521028,-2.0,-6.0,-45.0
1776884762.5621028,-1.0,-6.0,-46.0
1776884762.5721028,2.0,-8.0,-45.0
1776884762.5821028,7.0,-5.0,-41.0
1776884762.5921028,12.0,-6.0,-45.0
1776884762.6021028,12.0,0.0,-44.0
1776884762.6121027,11.0,4.0,-41.0
1776884762.6221027,8.0,2.0,-40.0
1776884762.6321027,3.0,0.0,-41.0
1776884762.6421027,3.0,0.0,-44.0
1776884762.6521027,2.0,-2.0,-52.0
1776884762.6621027,-1.0,-2.0,-45.0
1776884762.6721027,-3.0,0.0,-42.0
1776884762.682103,0.0,-2.0,-44.0
1776884762.692103,-1.0,-2.0,-44.0
1776884762.702103,0.0,0.0,-43.0
1776884762.712103,-1.0,-1.0,-50.0
1776884762.7221026,-4.0,-1.0,-49.0
1776884762.7321026,-5.0,0.0,-51.0
1776884762.7421026,-1.0,0.0,-53.0
1776884762.7521029,-4.0,-2.0,-52.0
1776884762.7621028,-6.0,-3.0,-47.0
1776884762.7721028,-4.0,-2.0,-44.0
1776884762.7821028,-2.0,0.0,-43.0
1776884762.7921028,2.0,0.0,-45.0
1776884762.8021028,2.0,3.0,-53.0
1776884762.8121028,8.0,5.0,-53.0
1776884762.8221028,13.0,8.0,-57.0
1776884762.8321028,10.0,7.0,-53.0
1776884762.8421028,6.0,6.0,-46.0
1776884762.8521028,2.0,2.0,-43.0
1776884762.8621027,3.0,0.0,-42.0
1776884762.8721027,5.0,3.0,-43.0
1776884762.8821027,5.0,5.0,-49.0
1776884762.8921027,1.0,4.0,-48.0
1776884762.9021027,0.0,-1.0,-41.0
1776884762.9121027,-2.0,-2.0,-30.0
1776884762.9221027,-5.0,2.0,-34.0
1776884762.932103,-7.0,3.0,-36.0
1776884762.942103,-5.0,2.0,-42.0
1776884762.952103,0.0,1.0,-41.0
1776884762.962103,2.0,1.0,-37.0
1776884762.9721026,5.0,0.0,-36.0
1776884762.9821026,1.0,-5.0,-40.0
1776884762.9921026,4.0,-3.0,-46.0
1776884763.0021029,6.0,-2.0,-47.0
1776884763.0121028,3.0,-3.0,-45.0
1776884763.0221028,-1.0,-1.0,-50.0
1776884763.0321028,-2.0,-1.0,-45.0
1776884763.0421028,-5.0,-5.0,-42.0
1776884763.0521028,-1.0,-5.0,-45.0
1776884763.0621028,8.0,-2.0,-43.0
1776884763.0721028,13.0,-2.0,-41.0
1776884763.0831027,10.0,-3.0,-37.0
1776884763.0921028,9.0,-6.0,-43.0
1776884763.1021028,10.0,-3.0,-53.0
1776884763.1121027,9.0,-4.0,-53.0
1776884763.1221027,4.0,-7.0,-49.0
1776884763.1321027,0.0,-10.0,-45.0
1776884763.1421027,0.0,-3.0,-49.0
1776884763.1521027,-1.0,-3.0,-42.0
1776884763.1621027,0.0,0.0,-46.0
1776884763.1721027,1.0,2.0,-45.0
1776884763.182103,0.0,2.0,-47.0
1776884763.192103,-3.0,0.0,-50.0
1776884763.202103,-4.0,1.0,-55.0
1776884763.212103,-1.0,0.0,-46.0
1776884763.2221026,0.0,-2.0,-43.0
1776884763.2321026,0.0,-2.0,-43.0
1776884763.2421026,1.0,-1.0,-39.0
1776884763.2521029,0.0,0.0,-37.0
1776884763.2621028,-2.0,0.0,-40.0
1776884763.2721028,-3.0,-7.0,-41.0
1776884763.2821028,0.0,-8.0,-45.0
1776884763.2921028,0.0,-11.0,-40.0
1776884763.3021028,1.0,-10.0,-42.0
1776884763.3121028,0.0,-9.0,-42.0
1776884763.3221028,0.0,-9.0,-50.0
1776884763.3321028,0.0,-6.0,-59.0
1776884763.3421028,-1.0,-3.0,-58.0
1776884763.3521028,-2.0,0.0,-55.0
1776884763.3621027,-1.0,0.0,-53.0
1776884763.3721027,-2.0,-1.0,-46.0
1776884763.3821027,-4.0,0.0,-39.0
1776884763.3921027,-1.0,0.0,-46.0
1776884763.4021027,-5.0,-4.0,-39.0
1776884763.4121027,-5.0,-2.0,-39.0
1776884763.4221027,-1.0,0.0,-37.0
1776884763.432103,-4.0,-1.0,-36.0
1776884763.442103,-7.0,-2.0,-35.0
1776884763.452103,-8.0,-2.0,-35.0
1776884763.462103,-10.0,0.0,-33.0
1776884763.4721026,-5.0,0.0,-34.0
1776884763.4821026,1.0,3.0,-38.0
1776884763.4921026,2.0,3.0,-39.0
1776884763.5021029,4.0,0.0,-38.0
1776884763.5121028,4.0,-3.0,-44.0
1776884763.5221028,2.0,-4.0,-47.0
1776884763.5321028,4.0,-2.0,-46.0
1776884763.5421028,6.0,0.0,-43.0
1776884763.5521028,3.0,-2.0,-43.0
1776884763.5621028,0.0,0.0,-44.0
1776884763.5721028,2.0,0.0,-46.0
1776884763.5821028,2.0,0.0,-47.0
1776884763.5921028,-3.0,-1.0,-48.0
1776884763.6021028,-6.0,-2.0,-44.0
1776884763.6121027,-2.0,-6.0,-38.0
1776884763.6221027,0.0,-5.0,-37.0
1776884763.6321027,0.0,-2.0,-41.0
1776884763.6421027,3.0,-2.0,-42.0
1776884763.6521027,9.0,0.0,-41.0
1776884763.6621027,8.0,2.0,-37.0
1776884763.6721027,8.0,2.0,-36.0
1776884763.682103,6.0,-1.0,-40.0
1776884763.692103,3.0,-2.0,-39.0
1776884763.702103,0.0,0.0,-42.0
1776884763.712103,0.0,0.0,-47.0
1776884763.7231028,0.0,8.0,-45.0
1776884763.7331028,0.0,6.0,-50.0
1776884763.7431028,-3.0,5.0,-53.0
1776884763.7531028,-5.0,2.0,-49.0
1776884763.7631028,-4.0,2.0,-52.0
1776884763.7731028,-3.0,1.0,-47.0
1776884763.7831028,0.0,1.0,-46.0
1776884763.7931027,0.0,2.0,-47.0
1776884763.8031027,2.0,1.0,-50.0
1776884763.8131027,-4.0,-2.0,-55.0
1776884763.8231027,-7.0,-2.0,-56.0
1776884763.8331027,-10.0,-4.0,-55.0
1776884763.8431027,-10.0,-4.0,-52.0
1776884763.8531027,-5.0,-2.0,-46.0
1776884763.863103,-7.0,-2.0,-45.0
1776884763.873103,-6.0,-1.0,-48.0
1776884763.883103,-6.0,-1.0,-47.0
1776884763.8931026,-6.0,-2.0,-42.0
1776884763.9031026,-9.0,0.0,-43.0
1776884763.9131026,-7.0,0.0,-35.0
1776884763.9231029,-3.0,0.0,-32.0
1776884763.9331028,-2.0,-5.0,-32.0
1776884763.9431028,-1.0,-5.0,-32.0
1776884763.9531028,0.0,-3.0,-40.0
1776884763.9631028,1.0,0.0,-46.0
1776884763.9731028,-1.0,0.0,-44.0
1776884763.9831028,-4.0,1.0,-43.0
1776884763.9931028,-3.0,-2.0,-44.0
1776884764.0031028,-3.0,-2.0,-38.0
1776884764.0131028,-6.0,1.0,-35.0
1776884764.0231028,-4.0,3.0,-35.0
1776884764.0331028,0.0,1.0,-36.0
1776884764.0431027,0.0,0.0,-45.0
1776884764.0531027,-4.0,0.0,-50.0
1776884764.0631027,-8.0,1.0,-54.0
1776884764.0731027,-8.0,-1.0,-55.0
1776884764.0831027,-6.0,-1.0,-54.0
1776884764.0931027,-4.0,-5.0,-53.0
1776884764.1031027,-1.0,-10.0,-46.0
1776884764.113103,-4.0,-8.0,-49.0
1776884764.123103,-2.0,-9.0,-46.0
1776884764.133103,-1.0,-8.0,-45.0
1776884764.1431026,0.0,-8.0,-47.0
1776884764.1531026,-4.0,-7.0,-47.0
1776884764.1631026,-2.0,-7.0,-47.0
1776884764.1731029,0.0,-7.0,-43.0
1776884764.1831028,-3.0,-8.0,-41.0
1776884764.1931028,-3.0,-6.0,-37.0
1776884764.2031028,-1.0,-6.0,-39.0
1776884764.2131028,-2.0,-6.0,-35.0
1776884764.2231028,0.0,-4.0,-42.0
1776884764.2331028,-1.0,-6.0,-45.0
1776884764.2431028,-3.0,-5.0,-52.0
1776884764.2531028,-5.0,-1.0,-55.0
1776884764.2631028,-7.0,-2.0,-51.0
1776884764.2731028,-6.0,-4.0,-50.0
1776884764.2831028,-4.0,-3.0,-57.0
1776884764.2931027,-2.0,-1.0,-57.0
1776884764.3031027,-7.0,-4.0,-55.0
1776884764.3131027,-5.0,-4.0,-54.0
1776884764.3231027,-2.0,-7.0,-43.0
1776884764.3331027,0.0,-4.0,-46.0
1776884764.3431027,4.0,-4.0,-49.0
1776884764.3531027,4.0,0.0,-48.0
1776884764.363103,5.0,0.0,-43.0
1776884764.373103,1.0,2.0,-40.0
1776884764.383103,-2.0,2.0,-43.0
1776884764.3931026,-3.0,4.0,-47.0
1776884764.4031026,-1.0,4.0,-43.0
1776884764.4131026,0.0,5.0,-49.0
1776884764.4231029,-4.0,6.0,-51.0
1776884764.4331028,-9.0,5.0,-51.0
1776884764.4431028,-8.0,1.0,-45.0
1776884764.4531028,-7.0,3.0,-45.0
1776884764.4631028,-5.0,2.0,-41.0
1776884764.4731028,0.0,2.0,-36.0
1776884764.4831028,3.0,3.0,-37.0
1776884764.4931028,5.0,0.0,-38.0
1776884764.5031028,7.0,-1.0,-36.0
1776884764.5131028,4.0,-4.0,-38.0
1776884764.5231028,6.0,-6.0,-36.0
1776884764.5331028,2.0,-5.0,-37.0
1776884764.5431027,-2.0,-4.0,-44.0
1776884764.5531027,-1.0,-5.0,-53.0
1776884764.5631027,-6.0,-7.0,-54.0
1776884764.5731027,-13.0,-6.0,-51.0
1776884764.5831027,-7.0,-9.0,-55.0
1776884764.5931027,-3.0,-7.0,-50.0
1776884764.6031027,-2.0,-5.0,-49.0
1776884764.613103,-5.0,-2.0,-55.0
1776884764.623103,-1.0,-6.0,-52.0
1776884764.633103,-3.0,-6.0,-49.0
1776884764.6431026,0.0,-3.0,-49.0
1776884764.6531026,3.0,0.0,-43.0
1776884764.6631026,4.0,0.0,-43.0
1776884764.6731029,0.0,1.0,-46.0
1776884764.6831028,-2.0,0.0,-47.0
1776884764.6931028,-1.0,-1.0,-47.0
1776884764.7031028,0.0,0.0,-49.0
1776884764.7131028,0.0,1.0,-47.0
1776884764.7231028,1.0,-2.0,-48.0
1776884764.7331028,1.0,-2.0,-42.0
1776884764.7431028,3.0,0.0,-44.0
1776884764.7531028,1.0,2.0,-46.0
1776884764.7631028,1.0,0.0,-48.0
1776884764.7731028,5.0,-3.0,-51.0
1776884764.7831028,3.0,-3.0,-52.0
1776884764.7931027,2.0,-4.0,-53.0
1776884764.8031027,1.0,-4.0,-55.0
1776884764.8131027,-1.0,-2.0,-48.0
1776884764.8231027,3.0,1.0,-43.0
1776884764.8331027,2.0,-3.0,-45.0
1776884764.8431027,0.0,-4.0,-49.0
1776884764.8531027,-4.0,-3.0,-59.0
1776884764.863103,-7.0,-1.0,-60.0
1776884764.873103,-8.0,1.0,-53.0
1776884764.883103,1.0,2.0,-57.0
1776884764.8931026,0.0,0.0,-60.0
1776884764.9031026,-3.0,-1.0,-56.0
1776884764.9131026,1.0,0.0,-59.0
1776884764.9231029,1.0,0.0,-51.0
1776884764.9331028,3.0,0.0,-43.0
1776884764.9431028,3.0,-5.0,-39.0
1776884764.9531028,2.0,-7.0,-46.0
1776884764.9631028,1.0,-5.0,-47.0
1776884764.9731028,2.0,-5.0,-45.0
1776884764.9831028,-1.0,0.0,-45.0
1776884764.9931028,-4.0,-1.0,-36.0
1776884765.0031028,-10.0,0.0,-36.0
1776884765.0131028,-4.0,2.0,-43.0
1776884765.0231028,-2.0,1.0,-47.0
1776884765.0331028,0.0,-2.0,-44.0
1776884765.0431027,0.0,-2.0,-47.0
1776884765.0531027,0.0,-2.0,-48.0
1776884765.0631027,-2.0,-2.0,-50.0
1776884765.0731027,0.0,-3.0,-48.0
1776884765.0831027,-2.0,0.0,-50.0
1776884765.0931027,-2.0,2.0,-48.0
1776884765.1031027,3.0,-2.0,-51.0
1776884765.113103,4.0,-1.0,-55.0
1776884765.123103,-4.0,-1.0,-56.0
1776884765.133103,-7.0,0.0,-43.0
1776884765.1431026,-7.0,3.0,-44.0
1776884765.1531026,-6.0,5.0,-44.0
1776884765.1631026,-3.0,3.0,-44.0
1776884765.1731029,0.0,0.0,-47.0
1776884765.1831028,0.0,-4.0,-48.0
1776884765.1931028,3.0,-3.0,-51.0
1776884765.2031028,2.0,-1.0,-52.0
1776884765.2131028,6.0,0.0,-53.0
1776884765.2231028,4.0,-5.0,-49.0
1776884765.2331028,1.0,-3.0,-51.0
1776884765.2431028,2.0,-1.0,-53.0
1776884765.2531028,0.0,0.0,-50.0
1776884765.2631028,-2.0,-4.0,-50.0
1776884765.2731028,-2.0,-6.0,-52.0
1776884765.2831028,-1.0,-4.0,-52.0
1776884765.2931027,-1.0,-5.0,-48.0
1776884765.3031027,1.0,-11.0,-41.0
1776884765.3131027,6.0,-9.0,-42.0
1776884765.3231027,4.0,-5.0,-36.0
1776884765.3331027,4.0,-3.0,-43.0
1776884765.3431027,4.0,0.0,-38.0
1776884765.3531027,4.0,-3.0,-46.0
1776884765.363103,6.0,-6.0,-46.0
1776884765.373103,6.0,-8.0,-41.0
1776884765.383103,4.0,-14.0,-46.0
1776884765.3931026,0.0,-10.0,-46.0
1776884765.4031026,5.0,-6.0,-47.0
1776884765.4131026,5.0,-3.0,-52.0
1776884765.4231029,2.0,-2.0,-57.0
1776884765.4331028,3.0,0.0,-58.0
1776884765.4431028,-1.0,2.0,-46.0
1776884765.4531028,1.0,1.0,-47.0
1776884765.4631028,-2.0,3.0,-47.0
1776884765.4731028,-4.0,3.0,-44.0
1776884765.4831028,-2.0,1.0,-37.0
1776884765.4931028,-3.0,1.0,-40.0
1776884765.5031028,0.0,-4.0,-42.0
1776884765.5131028,5.0,0.0,-41.0
1776884765.5231028,1.0,-1.0,-35.0
1776884765.5331028,-2.0,0.0,-42.0
1776884765.5431027,-8.0,-2.0,-42.0
1776884765.5531027,-8.0,0.0,-48.0
1776884765.5631027,-5.0,-3.0,-42.0
1776884765.5731027,-7.0,-2.0,-44.0
1776884765.5831027,-8.0,-3.0,-49.0
1776884765.5931027,-9.0,0.0,-50.0
1776884765.6031027,-5.0,-3.0,-55.0
1776884765.613103,-1.0,-1.0,-56.0
1776884765.623103,2.0,-1.0,-53.0
1776884765.633103,2.0,-1.0,-51.0
1776884765.6441028,5.0,0.0,-55.0
1776884765.6541028,2.0,-1.0,-51.0
1776884765.6641028,1.0,0.0,-45.0
1776884765.6741028,0.0,-3.0,-44.0
1776884765.6841028,-2.0,-3.0,-51.0
1776884765.6941028,0.0,-1.0,-56.0
1776884765.7041028,4.0,-3.0,-54.0
1776884765.7141027,1.0,-1.0,-55.0
1776884765.7241027,0.0,0.0,-52.0
1776884765.7341027,2.0,0.0,-49.0
1776884765.7441027,2.0,-1.0,-46.0
1776884765.7541027,2.0,-3.0,-46.0
1776884765.7641027,5.0,-1.0,-44.0
1776884765.7741027,5.0,0.0,-44.0
1776884765.784103,3.0,-2.0,-45.0
1776884765.794103,4.0,-2.0,-53.0
1776884765.804103,4.0,0.0,-51.0
1776884765.8141026,3.0,1.0,-47.0
1776884765.8241026,3.0,2.0,-41.0
1776884765.8341026,5.0,-1.0,-47.0
1776884765.8441026,5.0,1.0,-47.0
1776884765.8541028,5.0,0.0,-44.0
1776884765.8641028,7.0,-4.0,-45.0
1776884765.8741028,5.0,-4.0,-47.0
1776884765.8841028,1.0,-1.0,-47.0
1776884765.8941028,6.0,-7.0,-49.0
1776884765.9041028,5.0,-7.0,-48.0
1776884765.9141028,3.0,-6.0,-45.0
1776884765.9241028,3.0,-7.0,-43.0
1776884765.9341028,4.0,-1.0,-47.0
1776884765.9441028,7.0,0.0,-48.0
1776884765.9541028,4.0,-3.0,-51.0
1776884765.9641027,1.0,-5.0,-49.0
1776884765.9741027,2.0,-6.0,-45.0
1776884765.9841027,-3.0,-6.0,-44.0
1776884765.9941027,0.0,-8.0,-45.0
1776884766.0041027,3.0,-10.0,-45.0
1776884766.0141027,5.0,-6.0,-44.0
1776884766.0241027,2.0,-5.0,-43.0
1776884766.034103,2.0,-7.0,-49.0
1776884766.044103,3.0,-4.0,-47.0
1776884766.054103,2.0,-6.0,-44.0
1776884766.0641026,2.0,-7.0,-40.0
1776884766.0741026,5.0,-8.0,-40.0
1776884766.0841026,10.0,-4.0,-31.0
1776884766.0941026,7.0,-8.0,-33.0
1776884766.1041028,5.0,-2.0,-35.0
1776884766.1151028,4.0,1.0,-37.0
1776884766.1241028,0.0,1.0,-43.0
1776884766.1341028,-3.0,-1.0,-48.0
1776884766.1441028,0.0,-5.0,-50.0
1776884766.1541028,1.0,-2.0,-49.0
1776884766.1641028,2.0,-4.0,-41.0
1776884766.1741028,0.0,-7.0,-48.0
1776884766.1841028,0.0,-13.0,-46.0
1776884766.1941028,1.0,-17.0,-44.0
1776884766.2041028,1.0,-14.0,-45.0
1776884766.2141027,-1.0,-14.0,-38.0
1776884766.2241027,-5.0,-15.0,-44.0
1776884766.2341027,-2.0,-12.0,-50.0
1776884766.2441027,0.0,-12.0,-58.0
1776884766.2541027,2.0,-9.0,-52.0
1776884766.2641027,2.0,-6.0,-50.0
1776884766.2741027,3.0,-7.0,-45.0
1776884766.284103,4.0,-8.0,-44.0
1776884766.294103,0.0,-4.0,-45.0
1776884766.304103,-3.0,-8.0,-42.0
1776884766.3141026,-2.0,-6.0,-35.0
1776884766.3241026,-3.0,-5.0,-40.0
1776884766.3341026,-4.0,-5.0,-41.0
1776884766.3441026,-4.0,-4.0,-42.0
1776884766.3541028,-1.0,-8.0,-41.0
1776884766.3641028,0.0,-5.0,-38.0
1776884766.3741028,-2.0,-2.0,-39.0
1776884766.3841028,-2.0,0.0,-40.0
1776884766.3941028,-3.0,-2.0,-42.0
1776884766.4041028,-4.0,-1.0,-39.0
1776884766.4141028,-4.0,-3.0,-43.0
1776884766.4241028,-4.0,-3.0,-42.0
1776884766.4341028,-6.0,-2.0,-42.0
1776884766.4441028,0.0,0.0,-45.0
1776884766.4541028,1.0,2.0,-52.0
1776884766.4641027,5.0,1.0,-51.0
1776884766.4741027,3.0,-1.0,-47.0
1776884766.4841027,1.0,-5.0,-47.0
1776884766.4941027,-3.0,-7.0,-50.0
1776884766.5041027,0.0,-6.0,-46.0
1776884766.5141027,2.0,-5.0,-48.0
1776884766.5241027,-5.0,-3.0,-46.0
1776884766.534103,-5.0,0.0,-39.0
1776884766.544103,-2.0,-4.0,-45.0
1776884766.554103,-2.0,-4.0,-44.0
1776884766.5641026,0.0,-3.0,-42.0
1776884766.5741026,1.0,0.0,-48.0
1776884766.5841026,0.0,2.0,-43.0
1776884766.5941026,0.0,0.0,-43.0
1776884766.6041028,2.0,-3.0,-54.0
1776884766.6141028,0.0,0.0,-51.0
1776884766.6241028,-1.0,-1.0,-50.0
1776884766.6341028,-2.0,-3.0,-49.0
1776884766.6441028,-2.0,-3.0,-57.0
1776884766.6541028,-1.0,0.0,-59.0
1776884766.6641028,-3.0,-1.0,-57.0
1776884766.6741028,-6.0,-3.0,-60.0
1776884766.6841028,-6.0,0.0,-55.0
1776884766.6941028,-10.0,2.0,-52.0
1776884766.7041028,-7.0,0.0,-50.0
1776884766.7141027,-3.0,-1.0,-50.0
1776884766.7241027,-3.0,-6.0,-56.0
1776884766.7341027,-1.0,-2.0,-52.0
1776884766.7441027,0.0,-5.0,-42.0
1776884766.7541027,1.0,-6.0,-41.0
1776884766.7641027,-3.0,-10.0,-45.0
1776884766.7741027,-4.0,-7.0,-48.0
1776884766.784103,-10.0,-4.0,-43.0
1776884766.794103,-11.0,-1.0,-44.0
1776884766.804103,-12.0,-5.0,-38.0
1776884766.8141026,-7.0,-10.0,-35.0
1776884766.8241026,0.0,-8.0,-45.0
1776884766.8341026,7.0,-3.0,-43.0
1776884766.8441026,7.0,-5.0,-43.0
1776884766.8541028,5.0,-7.0,-48.0
1776884766.8641028,1.0,-5.0,-51.0
1776884766.8741028,4.0,-3.0,-54.0
1776884766.8841028,4.0,-1.0,-52.0
1776884766.8941028,1.0,0.0,-51.0
1776884766.9041028,-2.0,-1.0,-42.0
1776884766.9141028,-6.0,0.0,-44.0
1776884766.9241028,-4.0,0.0,-44.0
1776884766.9341028,-4.0,-6.0,-44.0
1776884766.9441028,-2.0,-9.0,-41.0
1776884766.9541028,-2.0,-8.0,-38.0
1776884766.9641027,-1.0,-6.0,-42.0
1776884766.9741027,-2.0,-8.0,-46.0
1776884766.9841027,1.0,-10.0,-45.0
1776884766.9941027,0.0,-9.0,-49.0
1776884767.0041027,1.0,-4.0,-51.0
1776884767.0141027,2.0,-6.0,-46.0
1776884767.0241027,0.0,-8.0,-44.0
1776884767.034103,2.0,-11.0,-44.0
1776884767.044103,2.0,-7.0,-46.0
1776884767.054103,2.0,-4.0,-48.0
1776884767.0641026,5.0,-5.0,-38.0
1776884767.0741026,2.0,-3.0,-36.0
1776884767.0841026,1.0,-4.0,-35.0
1776884767.0941026,6.0,-3.0,-35.0
1776884767.1041028,6.0,-7.0,-39.0
1776884767.1141028,4.0,-4.0,-43.0
1776884767.1241028,5.0,0.0,-47.0
1776884767.1341028,4.0,1.0,-48.0
1776884767.1441028,2.0,-1.0,-45.0
1776884767.1541028,-1.0,-7.0,-44.0
1776884767.1641028,0.0,-7.0,-43.0
1776884767.1741028,2.0,-2.0,-45.0
1776884767.1841028,-1.0,0.0,-47.0
1776884767.1941028,0.0,2.0,-49.0
1776884767.2041028,1.0,3.0,-55.0
1776884767.2141027,1.0,0.0,-53.0
1776884767.2241027,1.0,2.0,-48.0
1776884767.2341027,0.0,1.0,-46.0
1776884767.2441027,0.0,-1.0,-47.0
1776884767.2541027,1.0,-3.0,-48.0
1776884767.2641027,2.0,0.0,-48.0
1776884767.2741027,5.0,-2.0,-51.0
1776884767.284103,2.0,-1.0,-51.0
1776884767.294103,0.0,0.0,-51.0
1776884767.304103,0.0,-1.0,-51.0
1776884767.3141026,2.0,0.0,-49.0
1776884767.3241026,4.0,-3.0,-47.0
1776884767.3341026,8.0,-4.0,-44.0
1776884767.3441026,7.0,-3.0,-42.0
1776884767.3541028,7.0,-6.0,-44.0
1776884767.3641028,6.0,-3.0,-46.0
1776884767.3741028,1.0,-1.0,-46.0
1776884767.3841028,-3.0,0.0,-44.0
1776884767.3941028,-5.0,-1.0,-41.0
1776884767.4041028,-6.0,-3.0,-40.0
1776884767.4141028,-3.0,-9.0,-45.0
1776884767.4241028,-3.0,-10.0,-46.0
1776884767.4341028,-5.0,-15.0,-42.0
1776884767.4441028,-9.0,-10.0,-39.0
1776884767.4541028,-7.0,-9.0,-40.0
1776884767.4641027,-7.0,-4.0,-37.0
1776884767.4741027,-7.0,-7.0,-40.0
1776884767.4841027,-10.0,-7.0,-37.0
1776884767.4941027,-10.0,-3.0,-46.0
1776884767.5041027,-8.0,-3.0,-46.0
1776884767.5141027,-5.0,-5.0,-46.0
1776884767.5241027,-5.0,-2.0,-50.0
1776884767.534103,-6.0,0.0,-55.0
1776884767.544103,-5.0,1.0,-53.0
1776884767.554103,0.0,1.0,-53.0
1776884767.5641026,1.0,0.0,-47.0
1776884767.5741026,2.0,0.0,-39.0
1776884767.5841026,0.0,-1.0,-41.0
1776884767.5941026,0.0,-1.0,-40.0
1776884767.6051028,4.0,-1.0,-45.0
1776884767.6151028,0.0,0.0,-44.0
1776884767.6251028,-4.0,-4.0,-46.0
1776884767.6351027,-3.0,-6.0,-50.0
1776884767.6451027,-6.0,-4.0,-45.0
1776884767.6551027,-5.0,-3.0,-49.0
1776884767.6651027,-4.0,-3.0,-46.0
1776884767.6751027,-3.0,0.0,-45.0
1776884767.6851027,0.0,-2.0,-43.0
1776884767.6951027,3.0,-5.0,-52.0
1776884767.7051027,6.0,-1.0,-58.0
1776884767.715103,5.0,4.0,-55.0
1776884767.725103,-1.0,3.0,-54.0
1776884767.735103,2.0,1.0,-46.0
1776884767.7451026,1.0,-3.0,-46.0
1776884767.7551026,-1.0,-6.0,-42.0
1776884767.7651026,-2.0,-12.0,-42.0
1776884767.7751029,-8.0,-13.0,-50.0
1776884767.7851028,-10.0,-14.0,-58.0
1776884767.7951028,-9.0,-14.0,-62.0
1776884767.8051028,-2.0,-11.0,-55.0
1776884767.8151028,-1.0,-5.0,-64.0
1776884767.8251028,-1.0,0.0,-65.0
1776884767.8351028,-2.0,0.0,-57.0
1776884767.8451028,0.0,1.0,-54.0
1776884767.8551028,1.0,0.0,-56.0
1776884767.8651028,5.0,-6.0,-52.0
1776884767.8751028,6.0,-5.0,-52.0
1776884767.8851027,7.0,-5.0,-50.0
1776884767.8951027,3.0,-3.0,-51.0
1776884767.9051027,4.0,-8.0,-49.0
1776884767.9151027,6.0,-9.0,-48.0
1776884767.9251027,8.0,-5.0,-48.0
1776884767.9351027,10.0,-4.0,-46.0
1776884767.9451027,12.0,-2.0,-46.0
1776884767.9551027,7.0,-1.0,-40.0
1776884767.965103,3.0,-1.0,-45.0
1776884767.975103,3.0,0.0,-49.0
1776884767.985103,3.0,0.0,-45.0
1776884767.9951026,3.0,1.0,-40.0
1776884768.0051026,0.0,-3.0,-39.0
1776884768.0151026,0.0,-3.0,-47.0
1776884768.0251029,0.0,-6.0,-45.0
1776884768.0351028,4.0,-11.0,-47.0
1776884768.0451028,4.0,-9.0,-47.0
1776884768.0551028,0.0,-6.0,-34.0
1776884768.0651028,0.0,-5.0,-35.0
1776884768.0751028,-6.0,-9.0,-40.0
1776884768.0851028,-5.0,-9.0,-44.0
1776884768.0951028,-6.0,-8.0,-45.0
1776884768.1051028,-7.0,-3.0,-47.0
1776884768.1151028,-8.0,0.0,-40.0
1776884768.1251028,-6.0,0.0,-39.0
1776884768.1351027,-7.0,1.0,-38.0
1776884768.1451027,-7.0,2.0,-36.0
1776884768.1551027,-5.0,4.0,-38.0
1776884768.1651027,0.0,0.0,-38.0
1776884768.1751027,4.0,0.0,-40.0
1776884768.1851027,0.0,-1.0,-39.0
1776884768.1951027,-4.0,-2.0,-34.0
1776884768.2051027,-6.0,-4.0,-33.0
1776884768.215103,-6.0,-9.0,-33.0
1776884768.225103,-3.0,-7.0,-31.0
1776884768.235103,0.0,-4.0,-32.0
1776884768.2451026,-2.0,-3.0,-37.0
1776884768.2551026,0.0,-4.0,-44.0
1776884768.2651026,-2.0,-2.0,-45.0
1776884768.2751029,-4.0,-1.0,-46.0
1776884768.2851028,-5.0,-4.0,-43.0
1776884768.2951028,-1.0,-6.0,-41.0
1776884768.3051028,1.0,-6.0,-39.0
1776884768.3151028,3.0,-8.0,-38.0
1776884768.3251028,4.0,-2.0,-45.0
1776884768.3351028,4.0,1.0,-43.0
1776884768.3451028,7.0,1.0,-52.0
1776884768.3551028,8.0,-3.0,-48.0
1776884768.3651028,11.0,-3.0,-48.0
1776884768.3751028,5.0,-4.0,-51.0
1776884768.3851027,0.0,-4.0,-53.0
1776884768.3951027,0.0,-2.0,-56.0
1776884768.4051027,5.0,-4.0,-61.0
1776884768.4151027,5.0,-6.0,-59.0
1776884768.4251027,5.0,-5.0,-51.0
1776884768.4351027,0.0,-2.0,-52.0
1776884768.4451027,-1.0,-5.0,-48.0
1776884768.4551027,0.0,-9.0,-43.0
1776884768.465103,-3.0,-10.0,-41.0
1776884768.475103,-6.0,-8.0,-43.0
1776884768.485103,-10.0,-3.0,-47.0
1776884768.4951026,-9.0,0.0,-52.0
1776884768.5051026,-8.0,2.0,-57.0
1776884768.5151026,-2.0,1.0,-58.0
1776884768.5251029,0.0,0.0,-62.0
1776884768.5351028,2.0,-2.0,-54.0
1776884768.5451028,6.0,2.0,-50.0
1776884768.5551028,2.0,5.0,-46.0
1776884768.5651028,0.0,2.0,-48.0
1776884768.5751028,-2.0,-2.0,-46.0
1776884768.5851028,-5.0,-3.0,-49.0
1776884768.5951028,-6.0,-2.0,-52.0
1776884768.6051028,-9.0,-1.0,-48.0
1776884768.6151028,-10.0,-2.0,-51.0
1776884768.6251028,-11.0,-1.0,-48.0
1776884768.6351027,-8.0,-3.0,-47.0
1776884768.6451027,-8.0,-3.0,-45.0
1776884768.6551027,-6.0,2.0,-46.0
1776884768.6651027,-3.0,3.0,-40.0
1776884768.6751027,-3.0,-1.0,-42.0
1776884768.6851027,-7.0,0.0,-45.0
1776884768.6951027,-6.0,-1.0,-51.0
1776884768.7051027,-3.0,-2.0,-57.0
1776884768.715103,3.0,-1.0,-48.0
1776884768.725103,3.0,2.0,-51.0
1776884768.735103,7.0,7.0,-56.0
1776884768.7451026,2.0,2.0,-54.0
1776884768.7551026,0.0,3.0,-49.0
1776884768.7651026,4.0,-1.0,-47.0
1776884768.7751029,7.0,-2.0,-48.0
1776884768.7851028,5.0,-2.0,-48.0
1776884768.7951028,0.0,0.0,-48.0
1776884768.8051028,-1.0,-3.0,-49.0
1776884768.8151028,0.0,-2.0,-47.0
1776884768.8251028,2.0,-1.0,-55.0
1776884768.8351028,2.0,-3.0,-61.0
1776884768.8451028,0.0,-6.0,-59.0
1776884768.8551028,-2.0,-4.0,-54.0
1776884768.8651028,0.0,-3.0,-53.0
1776884768.8751028,3.0,0.0,-50.0
1776884768.8851027,-2.0,4.0,-53.0
1776884768.8951027,-5.0,0.0,-53.0
1776884768.9051027,-2.0,3.0,-50.0
1776884768.9151027,3.0,0.0,-45.0
1776884768.9251027,4.0,1.0,-38.0
1776884768.9351027,5.0,1.0,-38.0
1776884768.9451027,4.0,2.0,-44.0
1776884768.9551027,6.0,1.0,-58.0
1776884768.965103,-1.0,0.0,-52.0
1776884768.975103,0.0,-3.0,-51.0
1776884768.985103,0.0,-4.0,-41.0
1776884768.9951026,0.0,-4.0,-39.0
1776884769.0051026,0.0,-7.0,-43.0
1776884769.0151026,3.0,-5.0,-44.0
1776884769.0251029,1.0,-4.0,-52.0
1776884769.0351028,5.0,-4.0,-54.0
1776884769.0451028,8.0,-2.0,-49.0
1776884769.0551028,9.0,-3.0,-49.0
1776884769.0651028,7.0,-3.0,-45.0
1776884769.0751028,0.0,-3.0,-50.0
1776884769.0851028,-1.0,-1.0,-48.0
1776884769.0951028,2.0,0.0,-50.0
1776884769.1051028,3.0,-4.0,-56.0
1776884769.1151028,0.0,-6.0,-66.0
1776884769.1251028,-1.0,-4.0,-65.0
1776884769.1351027,-3.0,1.0,-63.0
1776884769.1451027,-5.0,2.0,-62.0
1776884769.1551027,-1.0,1.0,-58.0
1776884769.1651027,-2.0,-3.0,-47.0
1776884769.1751027,-3.0,-1.0,-48.0
1776884769.1851027,-4.0,0.0,-58.0
1776884769.1951027,-5.0,-2.0,-56.0
1776884769.2051027,-6.0,-5.0,-56.0
1776884769.215103,-4.0,-4.0,-53.0
1776884769.225103,-2.0,-1.0,-50.0
1776884769.235103,-2.0,0.0,-51.0
1776884769.2451026,-2.0,1.0,-54.0
1776884769.2551026,0.0,-2.0,-54.0
1776884769.2651026,1.0,-6.0,-52.0
1776884769.2751029,0.0,-4.0,-48.0
1776884769.2851028,1.0,-3.0,-47.0
1776884769.2951028,0.0,-5.0,-46.0
1776884769.3051028,0.0,-4.0,-52.0
1776884769.3151028,3.0,-6.0,-51.0
1776884769.3251028,2.0,-5.0,-51.0
1776884769.3351028,2.0,0.0,-53.0
1776884769.3451028,0.0,-1.0,-49.0
1776884769.3551028,1.0,-1.0,-45.0
1776884769.3651028,0.0,0.0,-50.0
1776884769.3751028,-6.0,-1.0,-49.0
1776884769.3851027,-4.0,-7.0,-48.0
1776884769.3951027,0.0,-5.0,-49.0
1776884769.4051027,3.0,-4.0,-47.0
1776884769.4151027,6.0,-5.0,-38.0
1776884769.4251027,10.0,-6.0,-30.0
1776884769.4351027,9.0,-3.0,-29.0
1776884769.4451027,5.0,-1.0,-34.0
1776884769.4551027,6.0,-1.0,-43.0
1776884769.465103,3.0,-1.0,-43.0
1776884769.475103,2.0,0.0,-41.0
1776884769.485103,1.0,-3.0,-34.0
1776884769.4951026,5.0,-1.0,-34.0
1776884769.5051026,0.0,0.0,-36.0
1776884769.5151026,2.0,0.0,-33.0
1776884769.5251029,-2.0,-3.0,-42.0
1776884769.5351028,-3.0,-3.0,-49.0
1776884769.5461028,-1.0,-5.0,-52.0
1776884769.5551028,0.0,-3.0,-51.0
1776884769.5661027,1.0,-4.0,-54.0
1776884769.5751028,4.0,-3.0,-50.0
1776884769.5861027,6.0,-2.0,-51.0
1776884769.5961027,7.0,-3.0,-43.0
1776884769.6061027,6.0,-4.0,-44.0
1776884769.6161027,6.0,-5.0,-43.0
1776884769.6261027,6.0,-5.0,-39.0
1776884769.636103,2.0,-7.0,-38.0
1776884769.646103,0.0,-7.0,-33.0
1776884769.656103,-6.0,-8.0,-33.0
1776884769.6661026,-6.0,-5.0,-40.0
1776884769.6761026,-3.0,-7.0,-40.0
1776884769.6861026,-1.0,-5.0,-37.0
1776884769.6961029,-2.0,-6.0,-31.0
1776884769.7061028,-1.0,-9.0,-36.0
1776884769.7161028,3.0,-7.0,-37.0
1776884769.7261028,5.0,-7.0,-39.0
1776884769.7361028,6.0,-10.0,-39.0
1776884769.7461028,2.0,-12.0,-36.0
1776884769.7561028,3.0,-10.0,-36.0
1776884769.7661028,3.0,-8.0,-35.0
1776884769.7761028,3.0,-6.0,-35.0
1776884769.7861028,4.0,-4.0,-37.0
1776884769.7961028,3.0,-3.0,-36.0
1776884769.8061028,0.0,0.0,-40.0
1776884769.8161027,1.0,3.0,-41.0
1776884769.8261027,-1.0,1.0,-40.0
1776884769.8361027,0.0,1.0,-35.0
1776884769.8461027,0.0,1.0,-42.0
1776884769.8561027,-3.0,-1.0,-49.0
1776884769.8661027,0.0,-1.0,-56.0
1776884769.8761027,2.0,-6.0,-61.0
1776884769.886103,1.0,-6.0,-61.0
1776884769.896103,-2.0,-8.0,-53.0
1776884769.906103,-1.0,-7.0,-60.0
1776884769.9161026,1.0,-6.0,-59.0
1776884769.9261026,5.0,-8.0,-60.0
1776884769.9361026,3.0,-10.0,-58.0
1776884769.9461029,1.0,-10.0,-51.0
1776884769.9561028,1.0,-12.0,-48.0
1776884769.9661028,4.0,-8.0,-45.0
1776884769.9761028,7.0,-8.0,-51.0
1776884769.9861028,6.0,-7.0,-52.0
1776884769.9961028,5.0,-4.0,-49.0
1776884770.0061028,3.0,-1.0,-51.0
1776884770.0161028,0.0,0.0,-49.0
1776884770.0261028,-2.0,0.0,-45.0
1776884770.0361028,-1.0,-3.0,-45.0
1776884770.0461028,-5.0,-3.0,-38.0
1776884770.0561028,-4.0,-3.0,-41.0
1776884770.0661027,-10.0,-4.0,-41.0
1776884770.0761027,-8.0,-6.0,-41.0
1776884770.0861027,-5.0,-5.0,-37.0
1776884770.0961027,-6.0,-6.0,-29.0
1776884770.1061027,-9.0,-6.0,-34.0
1776884770.1161027,-9.0,-7.0,-35.0
1776884770.1261027,-11.0,-6.0,-41.0
1776884770.136103,-9.0,-3.0,-40.0
1776884770.146103,-8.0,-3.0,-35.0
1776884770.156103,-6.0,-3.0,-35.0
1776884770.1661026,-3.0,-2.0,-44.0
1776884770.1761026,0.0,-6.0,-49.0
1776884770.1861026,3.0,-5.0,-48.0
1776884770.1961029,5.0,-3.0,-47.0
1776884770.2061028,4.0,-3.0,-46.0
1776884770.2161028,4.0,-2.0,-51.0
1776884770.2261028,0.0,-4.0,-48.0
1776884770.2361028,-3.0,-3.0,-46.0
1776884770.2461028,-5.0,-6.0,-50.0
1776884770.2561028,-3.0,-5.0,-52.0
1776884770.2661028,-1.0,-4.0,-51.0
1776884770.2761028,-1.0,-4.0,-51.0
1776884770.2861028,-4.0,-2.0,-46.0
1776884770.2961028,-2.0,-1.0,-50.0
1776884770.3061028,1.0,0.0,-51.0
1776884770.3161027,2.0,0.0,-52.0
1776884770.3261027,3.0,2.0,-53.0
1776884770.3361027,1.0,1.0,-54.0
1776884770.3461027,0.0,1.0,-45.0
1776884770.3561027,0.0,2.0,-51.0
1776884770.3661027,-2.0,-3.0,-58.0
1776884770.3761027,-5.0,-5.0,-57.0
1776884770.386103,-7.0,-7.0,-51.0
1776884770.396103,-10.0,-8.0,-41.0
1776884770.406103,-10.0,-5.0,-40.0
1776884770.4161026,-5.0,-3.0,-37.0
1776884770.4261026,0.0,-4.0,-33.0
1776884770.4361026,-6.0,-2.0,-32.0
1776884770.4461029,-7.0,0.0,-34.0
1776884770.4561028,-6.0,1.0,-38.0
1776884770.4661028,-4.0,-4.0,-43.0
1776884770.4761028,0.0,-2.0,-46.0
1776884770.4861028,4.0,-4.0,-52.0
1776884770.4961028,2.0,-9.0,-46.0
1776884770.5061028,2.0,-6.0,-45.0
1776884770.5161028,4.0,-5.0,-49.0
1776884770.5261028,5.0,-1.0,-48.0
1776884770.5361028,3.0,0.0,-44.0
1776884770.5461028,2.0,1.0,-41.0
1776884770.5561028,1.0,0.0,-38.0
1776884770.5661027,0.0,-1.0,-38.0
1776884770.5761027,-2.0,-2.0,-46.0
1776884770.5861027,-6.0,-1.0,-45.0
1776884770.5961027,-9.0,0.0,-42.0
1776884770.6061027,-7.0,-1.0,-44.0
1776884770.6161027,-10.0,0.0,-36.0
1776884770.6261027,-9.0,0.0,-37.0
1776884770.636103,-9.0,2.0,-42.0
1776884770.646103,-15.0,4.0,-49.0
1776884770.656103,-6.0,1.0,-45.0
1776884770.6661026,-5.0,0.0,-42.0
1776884770.6761026,-4.0,-1.0,-46.0
1776884770.6861026,-9.0,0.0,-44.0
1776884770.6961029,-4.0,0.0,-42.0
1776884770.7061028,0.0,-4.0,-38.0
1776884770.7161028,0.0,-5.0,-45.0
1776884770.7261028,-4.0,-4.0,-46.0
1776884770.7361028,-1.0,-2.0,-47.0
1776884770.7461028,0.0,-3.0,-53.0
1776884770.7561028,-1.0,-5.0,-57.0
1776884770.7661028,-3.0,-6.0,-49.0
1776884770.7761028,-6.0,-6.0,-45.0
1776884770.7861028,-8.0,-11.0,-46.0
1776884770.7961028,-11.0,-6.0,-44.0
1776884770.8061028,-10.0,-4.0,-46.0
1776884770.8161027,-7.0,-1.0,-44.0
1776884770.8261027,-1.0,-1.0,-43.0
1776884770.8361027,-5.0,0.0,-44.0
1776884770.8461027,-6.0,-3.0,-48.0
1776884770.8561027,-2.0,-6.0,-51.0
1776884770.8661027,1.0,-1.0,-54.0
1776884770.8761027,3.0,-3.0,-55.0
1776884770.886103,1.0,-1.0,-51.0
1776884770.896103,2.0,0.0,-48.0
1776884770.906103,5.0,0.0,-42.0
1776884770.9161026,6.0,0.0,-40.0
1776884770.9261026,4.0,0.0,-41.0
1776884770.9361026,1.0,0.0,-36.0
1776884770.9461029,1.0,0.0,-29.0
1776884770.9561028,0.0,-4.0,-36.0
1776884770.9661028,-4.0,-4.0,-40.0
1776884770.9761028,0.0,-7.0,-44.0
1776884770.9861028,0.0,-10.0,-48.0
1776884770.9961028,-1.0,-4.0,-48.0
1776884771.0061028,0.0,-3.0,-44.0
1776884771.0161028,0.0,-5.0,-42.0
1776884771.0261028,2.0,-3.0,-38.0
1776884771.0361028,3.0,-3.0,-41.0
1776884771.0461028,1.0,-7.0,-48.0
1776884771.0561028,-1.0,-5.0,-49.0
1776884771.0661027,-10.0,-3.0,-49.0
1776884771.0761027,-9.0,-3.0,-57.0
1776884771.0861027,-7.0,-1.0,-55.0
1776884771.0961027,-6.0,-5.0,-52.0
1776884771.1061027,-6.0,-7.0,-48.0
1776884771.1161027,-5.0,-7.0,-44.0
1776884771.1261027,0.0,-7.0,-47.0
1776884771.136103,-4.0,-3.0,-41.0
1776884771.146103,-5.0,1.0,-38.0
1776884771.156103,-7.0,3.0,-35.0
1776884771.1661026,-1.0,0.0,-32.0
1776884771.1761026,-2.0,-1.0,-30.0
1776884771.1861026,0.0,0.0,-33.0
1776884771.1961029,-1.0,-1.0,-38.0
1776884771.2061028,-2.0,-3.0,-48.0
1776884771.2161028,-2.0,-2.0,-52.0
1776884771.2261028,-4.0,-4.0,-49.0
1776884771.2361028,1.0,-2.0,-44.0
1776884771.2461028,0.0,-4.0,-40.0
1776884771.2561028,-2.0,-2.0,-41.0
1776884771.2661028,-1.0,-2.0,-40.0
1776884771.2761028,0.0,1.0,-43.0
1776884771.2861028,2.0,0.0,-42.0
1776884771.2961028,-2.0,-2.0,-52.0
1776884771.3061028,-4.0,-3.0,-54.0
1776884771.3161027,0.0,-3.0,-42.0
1776884771.3261027,0.0,0.0,-40.0
1776884771.3361027,2.0,-2.0,-40.0
1776884771.3461027,0.0,-2.0,-40.0
1776884771.3561027,2.0,-3.0,-44.0
1776884771.3661027,6.0,-3.0,-47.0
1776884771.3761027,6.0,0.0,-46.0
1776884771.386103,9.0,-3.0,-45.0
1776884771.396103,8.0,-4.0,-52.0
1776884771.406103,7.0,-4.0,-50.0
1776884771.4161026,7.0,-7.0,-47.0
1776884771.4261026,2.0,-6.0,-46.0
1776884771.4361026,4.0,-5.0,-42.0
1776884771.4461029,1.0,0.0,-39.0
1776884771.4561028,0.0,0.0,-38.0
1776884771.4661028,6.0,-4.0,-35.0
1776884771.4761028,2.0,-2.0,-35.0
1776884771.4861028,4.0,-2.0,-40.0
1776884771.4961028,9.0,-2.0,-47.0
1776884771.5061028,10.0,-4.0,-47.0
1776884771.5161028,8.0,-3.0,-52.0
1776884771.5261028,6.0,-6.0,-52.0
1776884771.5361028,3.0,0.0,-50.0
1776884771.5471027,1.0,1.0,-50.0
1776884771.5561028,2.0,2.0,-48.0
1776884771.567103,-1.0,4.0,-46.0
1776884771.577103,1.0,2.0,-49.0
1776884771.587103,-1.0,-2.0,-48.0
1776884771.5971026,0.0,-4.0,-50.0
1776884771.6071026,1.0,-2.0,-50.0
1776884771.6171026,0.0,2.0,-50.0
1776884771.6271029,-2.0,2.0,-54.0
1776884771.6371028,-1.0,0.0,-54.0
1776884771.6471028,-2.0,0.0,-45.0
1776884771.6571028,-1.0,1.0,-41.0
1776884771.6671028,2.0,2.0,-43.0
1776884771.6771028,3.0,2.0,-44.0
1776884771.6871028,3.0,2.0,-45.0
1776884771.6971028,1.0,2.0,-45.0
1776884771.7071028,2.0,0.0,-40.0
1776884771.7171028,3.0,-1.0,-40.0
1776884771.7271028,1.0,1.0,-38.0
1776884771.7371027,-4.0,7.0,-35.0
1776884771.7471027,-6.0,7.0,-41.0
1776884771.7571027,-6.0,4.0,-46.0
1776884771.7671027,-3.0,0.0,-53.0
1776884771.7771027,-3.0,1.0,-50.0
1776884771.7871027,-5.0,0.0,-41.0
1776884771.7971027,-2.0,-1.0,-39.0
1776884771.807103,-1.0,0.0,-38.0
1776884771.817103,-3.0,2.0,-29.0
1776884771.827103,-1.0,-3.0,-38.0
1776884771.837103,0.0,2.0,-41.0
1776884771.8471026,-2.0,1.0,-37.0
1776884771.8571026,-4.0,2.0,-36.0
1776884771.8671026,-4.0,1.0,-42.0
1776884771.8771029,-7.0,-2.0,-48.0
1776884771.8871028,-2.0,-1.0,-45.0
1776884771.8971028,0.0,-1.0,-44.0
1776884771.9071028,0.0,-3.0,-50.0
1776884771.9171028,1.0,-3.0,-58.0
1776884771.9271028,0.0,-6.0,-53.0
1776884771.9371028,-1.0,-6.0,-46.0
1776884771.9471028,-1.0,-4.0,-52.0
1776884771.9571028,0.0,1.0,-50.0
1776884771.9671028,1.0,-2.0,-49.0
1776884771.9771028,2.0,-5.0,-50.0
1776884771.9871027,0.0,-3.0,-46.0
1776884771.9971027,0.0,-3.0,-46.0
1776884772.0071027,2.0,-2.0,-45.0
1776884772.0171027,-2.0,-5.0,-47.0
1776884772.0271027,6.0,-2.0,-34.0
1776884772.0371027,7.0,-1.0,-28.0
1776884772.0471027,7.0,-1.0,-31.0
1776884772.057103,11.0,2.0,-27.0
1776884772.067103,8.0,4.0,-35.0
1776884772.077103,10.0,4.0,-42.0
1776884772.087103,10.0,4.0,-45.0
1776884772.0971026,7.0,2.0,-40.0
1776884772.1071026,9.0,3.0,-38.0
1776884772.1171026,6.0,1.0,-38.0
1776884772.1271029,7.0,1.0,-46.0
1776884772.1371028,7.0,0.0,-52.0
1776884772.1471028,1.0,-1.0,-47.0
1776884772.1571028,1.0,-2.0,-50.0
1776884772.1671028,4.0,-5.0,-55.0
1776884772.1771028,4.0,-7.0,-54.0
1776884772.1871028,7.0,-3.0,-54.0
1776884772.1971028,4.0,-1.0,-48.0
1776884772.2071028,3.0,-2.0,-45.0
1776884772.2171028,4.0,0.0,-45.0
1776884772.2271028,4.0,-1.0,-49.0
1776884772.2371027,6.0,-3.0,-48.0
1776884772.2471027,3.0,-7.0,-48.0
1776884772.2571027,5.0,-7.0,-49.0
1776884772.2671027,6.0,-9.0,-49.0
1776884772.2771027,12.0,-5.0,-55.0
1776884772.2871027,11.0,-3.0,-54.0
1776884772.2971027,8.0,-2.0,-56.0
1776884772.307103,4.0,-1.0,-50.0
1776884772.317103,1.0,-2.0,-59.0
1776884772.327103,-2.0,-3.0,-59.0
1776884772.337103,-5.0,-1.0,-57.0
1776884772.3471026,-3.0,2.0,-53.0
1776884772.3571026,2.0,0.0,-52.0
1776884772.3671026,1.0,2.0,-50.0
1776884772.3771029,7.0,1.0,-43.0
1776884772.3871028,6.0,2.0,-43.0
1776884772.3971028,5.0,3.0,-42.0
1776884772.4071028,3.0,-2.0,-48.0
1776884772.4171028,0.0,-5.0,-47.0
1776884772.4271028,-4.0,-3.0,-44.0
1776884772.4371028,-3.0,-3.0,-44.0
1776884772.4471028,-5.0,-3.0,-45.0
1776884772.4571028,0.0,-6.0,-41.0
1776884772.4671028,-1.0,0.0,-45.0
1776884772.4771028,-1.0,-2.0,-48.0
1776884772.4871027,0.0,0.0,-49.0
1776884772.4971027,0.0,-3.0,-46.0
1776884772.5071027,3.0,-2.0,-44.0
1776884772.5171027,2.0,-2.0,-52.0
1776884772.5271027,0.0,0.0,-52.0
1776884772.5371027,0.0,0.0,-56.0
1776884772.5471027,-3.0,0.0,-57.0
1776884772.557103,-4.0,4.0,-51.0
1776884772.567103,0.0,4.0,-49.0
1776884772.577103,1.0,3.0,-53.0
1776884772.587103,-1.0,2.0,-52.0
1776884772.5971026,1.0,1.0,-51.0
1776884772.6071026,2.0,0.0,-50.0
1776884772.6171026,6.0,0.0,-51.0
1776884772.6271029,7.0,-1.0,-44.0
1776884772.6371028,4.0,-1.0,-41.0
1776884772.6471028,7.0,-2.0,-42.0
1776884772.6571028,0.0,0.0,-40.0
1776884772.6671028,-1.0,1.0,-35.0
1776884772.6771028,-3.0,-2.0,-37.0
1776884772.6871028,-3.0,2.0,-40.0
1776884772.6971028,-1.0,0.0,-43.0
1776884772.7071028,1.0,1.0,-45.0
1776884772.7171028,3.0,4.0,-48.0
1776884772.7271028,3.0,3.0,-52.0
1776884772.7371027,0.0,2.0,-53.0
1776884772.7471027,-3.0,1.0,-47.0
1776884772.7571027,-4.0,3.0,-47.0
1776884772.7671027,-2.0,4.0,-54.0
1776884772.7771027,1.0,4.0,-52.0
1776884772.7871027,4.0,1.0,-42.0
1776884772.7971027,5.0,1.0,-40.0
1776884772.807103,2.0,1.0,-42.0
1776884772.817103,3.0,1.0,-43.0
1776884772.827103,1.0,5.0,-45.0
1776884772.837103,-1.0,2.0,-53.0
1776884772.8471026,-2.0,0.0,-51.0
1776884772.8571026,-7.0,0.0,-57.0
1776884772.8671026,-6.0,-3.0,-56.0
1776884772.8771029,-3.0,-1.0,-49.0
1776884772.8871028,-2.0,2.0,-44.0
1776884772.8971028,-2.0,2.0,-48.0
1776884772.9071028,-3.0,1.0,-48.0
1776884772.9171028,-5.0,1.0,-53.0
1776884772.9271028,-8.0,2.0,-60.0
1776884772.9371028,-8.0,0.0,-54.0
1776884772.9471028,-5.0,2.0,-50.0
1776884772.9571028,-3.0,3.0,-48.0
1776884772.9671028,-4.0,3.0,-46.0
1776884772.9771028,-1.0,6.0,-53.0
1776884772.9871027,2.0,5.0,-47.0
1776884772.9971027,3.0,6.0,-42.0
1776884773.0071027,1.0,5.0,-41.0
1776884773.0171027,0.0,2.0,-42.0
1776884773.0271027,-1.0,2.0,-42.0
1776884773.0371027,-2.0,2.0,-44.0
1776884773.0471027,-5.0,0.0,-41.0
1776884773.057103,-10.0,-4.0,-49.0
1776884773.067103,-7.0,-1.0,-52.0
1776884773.077103,-7.0,0.0,-49.0
1776884773.087103,-10.0,-3.0,-45.0
1776884773.0971026,-9.0,-1.0,-43.0
1776884773.1071026,-8.0,0.0,-45.0
1776884773.1171026,-3.0,3.0,-43.0
1776884773.1271029,-2.0,0.0,-46.0
1776884773.1371028,-1.0,-2.0,-50.0
1776884773.1471028,1.0,-3.0,-52.0
1776884773.1571028,0.0,-7.0,-51.0
1776884773.1671028,3.0,-13.0,-45.0
1776884773.1771028,4.0,-12.0,-42.0
1776884773.1871028,2.0,-14.0,-39.0
1776884773.1971028,6.0,-13.0,-42.0
1776884773.2071028,5.0,-12.0,-43.0
1776884773.2171028,8.0,-9.0,-44.0
1776884773.2271028,9.0,-4.0,-47.0
1776884773.2371027,3.0,-3.0,-42.0
1776884773.2471027,4.0,0.0,-43.0
1776884773.2571027,7.0,-2.0,-50.0
1776884773.2671027,6.0,0.0,-48.0
1776884773.2771027,3.0,-5.0,-49.0
1776884773.2871027,6.0,-2.0,-47.0
1776884773.2971027,9.0,-4.0,-49.0
1776884773.307103,5.0,-6.0,-48.0
1776884773.317103,3.0,-9.0,-45.0
1776884773.327103,-1.0,-10.0,-46.0
1776884773.337103,-5.0,-7.0,-47.0
1776884773.3471026,-5.0,-9.0,-48.0
1776884773.3571026,-5.0,-11.0,-52.0
1776884773.3671026,-1.0,-9.0,-49.0
1776884773.3771029,-1.0,-10.0,-59.0
1776884773.3871028,-5.0,-7.0,-57.0
1776884773.3971028,-7.0,-6.0,-54.0
1776884773.4071028,-8.0,-8.0,-50.0
1776884773.4171028,-8.0,-5.0,-45.0
1776884773.4271028,-7.0,-3.0,-43.0
1776884773.4371028,-7.0,0.0,-48.0
1776884773.4471028,-9.0,-3.0,-51.0
1776884773.4571028,-5.0,-2.0,-56.0
1776884773.4671028,-5.0,1.0,-50.0
1776884773.4771028,-2.0,1.0,-44.0
1776884773.4871027,1.0,1.0,-53.0
1776884773.498103,-1.0,1.0,-57.0
1776884773.5071027,0.0,1.0,-59.0
1776884773.5171027,3.0,3.0,-56.0
1776884773.5281026,1.0,5.0,-61.0
1776884773.5371027,-5.0,2.0,-62.0
1776884773.5481029,-8.0,1.0,-61.0
1776884773.557103,-8.0,-1.0,-55.0
1776884773.5681028,-3.0,-4.0,-53.0
1776884773.5781028,-2.0,0.0,-57.0
1776884773.5881028,0.0,0.0,-56.0
1776884773.5981028,-1.0,2.0,-56.0
1776884773.6071026,0.0,3.0,-52.0
1776884773.6181028,0.0,2.0,-53.0
1776884773.6281028,-2.0,7.0,-43.0
1776884773.6381028,4.0,9.0,-47.0
1776884773.6481028,4.0,9.0,-48.0
1776884773.6581028,4.0,6.0,-52.0
1776884773.6681027,2.0,3.0,-53.0
1776884773.6781027,-2.0,3.0,-47.0
1776884773.6881027,-1.0,4.0,-44.0
1776884773.6981027,-1.0,3.0,-40.0
1776884773.7081027,0.0,0.0,-37.0
1776884773.7181027,2.0,-1.0,-38.0
1776884773.7281027,0.0,-2.0,-40.0
1776884773.738103,-4.0,-1.0,-39.0
1776884773.748103,-6.0,-2.0,-25.0
1776884773.758103,-3.0,-3.0,-25.0
1776884773.7681026,-3.0,-3.0,-33.0
1776884773.7781026,-3.0,-5.0,-37.0
1776884773.7881026,-3.0,-5.0,-44.0
1776884773.7981029,-5.0,-2.0,-46.0
1776884773.8081028,-10.0,1.0,-40.0
1776884773.8181028,-7.0,3.0,-45.0
1776884773.8281028,-7.0,0.0,-50.0
1776884773.8381028,-6.0,0.0,-51.0
1776884773.8481028,-8.0,-4.0,-51.0
1776884773.8581028,-5.0,-4.0,-56.0
1776884773.8681028,-3.0,-4.0,-51.0
1776884773.8781028,-4.0,-2.0,-52.0
1776884773.8881028,-2.0,-4.0,-46.0
1776884773.8981028,-5.0,-4.0,-43.0
1776884773.9081028,-5.0,-1.0,-45.0
1776884773.9181027,1.0,-2.0,-48.0
1776884773.9281027,1.0,-6.0,-54.0
1776884773.9381027,6.0,-4.0,-60.0
1776884773.9481027,8.0,-6.0,-56.0
1776884773.9581027,5.0,-10.0,-49.0
1776884773.9681027,3.0,-3.0,-46.0
1776884773.9781027,0.0,0.0,-43.0
1776884773.988103,-1.0,2.0,-43.0
1776884773.998103,0.0,0.0,-45.0
1776884774.008103,-1.0,0.0,-40.0
1776884774.0181026,0.0,-1.0,-41.0
1776884774.0281026,3.0,-2.0,-48.0
1776884774.0381026,3.0,0.0,-45.0
1776884774.0481029,1.0,2.0,-48.0
1776884774.0581028,1.0,4.0,-48.0
1776884774.0681028,3.0,1.0,-48.0
1776884774.0781028,3.0,-1.0,-43.0
1776884774.0881028,2.0,-5.0,-43.0
1776884774.0981028,3.0,-8.0,-47.0
1776884774.1081028,2.0,-9.0,-52.0
1776884774.1181028,-3.0,-3.0,-45.0
1776884774.1281028,-1.0,0.0,-45.0
1776884774.1381028,0.0,0.0,-48.0
1776884774.1481028,2.0,1.0,-43.0
1776884774.1581028,4.0,-5.0,-42.0
1776884774.1681027,6.0,-9.0,-40.0
1776884774.1781027,4.0,-10.0,-42.0
1776884774.1881027,3.0,-8.0,-47.0
1776884774.1981027,0.0,-8.0,-50.0
1776884774.2081027,0.0,-5.0,-43.0
1776884774.2181027,-2.0,-4.0,-36.0
1776884774.2281027,-2.0,-3.0,-34.0
1776884774.238103,-2.0,-7.0,-30.0
1776884774.248103,-7.0,-7.0,-29.0
1776884774.258103,-5.0,-7.0,-35.0
1776884774.2681026,-2.0,-4.0,-41.0
1776884774.2781026,-5.0,-1.0,-43.0
1776884774.2881026,-8.0,-2.0,-43.0
1776884774.2981029,-7.0,-6.0,-49.0
1776884774.3081028,-3.0,-4.0,-47.0
1776884774.3181028,-1.0,-4.0,-43.0
1776884774.3281028,-4.0,-2.0,-43.0
1776884774.3381028,-4.0,1.0,-42.0
1776884774.3481028,0.0,1.0,-41.0
1776884774.3581028,0.0,1.0,-44.0
1776884774.3681028,0.0,1.0,-43.0
1776884774.3781028,-2.0,-4.0,-42.0
1776884774.3881028,-1.0,-7.0,-44.0
1776884774.3981028,-4.0,-6.0,-40.0
1776884774.4081028,-4.0,-8.0,-41.0
1776884774.4181027,-7.0,-8.0,-42.0
1776884774.4281027,-7.0,-6.0,-45.0
1776884774.4381027,-4.0,-7.0,-50.0
1776884774.4481027,-5.0,-4.0,-45.0
1776884774.4581027,-2.0,-2.0,-45.0
1776884774.4681027,0.0,0.0,-44.0
1776884774.4781027,0.0,1.0,-43.0
1776884774.488103,-4.0,0.0,-38.0
1776884774.498103,-1.0,0.0,-37.0
1776884774.508103,1.0,1.0,-41.0
1776884774.5181026,0.0,0.0,-49.0
1776884774.5281026,-1.0,3.0,-43.0
1776884774.5381026,-5.0,1.0,-40.0
1776884774.5481029,-5.0,0.0,-42.0
1776884774.5581028,-2.0,6.0,-45.0
1776884774.5681028,0.0,2.0,-41.0
1776884774.5781028,0.0,2.0,-39.0
1776884774.5881028,-2.0,-2.0,-35.0
1776884774.5981028,0.0,-4.0,-41.0
1776884774.6081028,3.0,-3.0,-48.0
1776884774.6181028,5.0,-2.0,-55.0
1776884774.6281028,2.0,-2.0,-51.0
1776884774.6381028,0.0,-2.0,-57.0
1776884774.6481028,0.0,-1.0,-52.0
1776884774.6581028,4.0,-1.0,-53.0
1776884774.6681027,8.0,1.0,-48.0
1776884774.6781027,3.0,7.0,-49.0
1776884774.6881027,3.0,5.0,-43.0
1776884774.6981027,1.0,3.0,-40.0
1776884774.7081027,1.0,5.0,-38.0
1776884774.7181027,0.0,7.0,-43.0
1776884774.7281027,2.0,3.0,-44.0
1776884774.738103,6.0,3.0,-44.0
1776884774.748103,2.0,0.0,-41.0
1776884774.758103,-1.0,-1.0,-46.0
1776884774.7681026,3.0,-2.0,-45.0
1776884774.7781026,2.0,-2.0,-50.0
1776884774.7881026,2.0,-3.0,-49.0
1776884774.7981029,2.0,-5.0,-48.0
1776884774.8081028,1.0,-2.0,-39.0
1776884774.8181028,0.0,-1.0,-34.0
1776884774.8281028,-3.0,-2.0,-32.0
1776884774.8381028,-2.0,-4.0,-31.0
1776884774.8481028,-2.0,-1.0,-32.0
1776884774.8581028,-1.0,0.0,-33.0
1776884774.8681028,-1.0,0.0,-40.0
1776884774.8781028,-2.0,-2.0,-44.0
1776884774.8881028,0.0,-3.0,-39.0
1776884774.8981028,-2.0,-2.0,-39.0
1776884774.9081028,0.0,-7.0,-40.0
1776884774.9181027,-2.0,-7.0,-36.0
1776884774.9281027,-2.0,-4.0,-33.0
1776884774.9381027,-4.0,-6.0,-43.0
1776884774.9481027,-2.0,-6.0,-52.0
1776884774.9581027,-2.0,0.0,-51.0
1776884774.9681027,-3.0,3.0,-48.0
1776884774.9781027,1.0,3.0,-46.0
1776884774.988103,0.0,0.0,-38.0
1776884774.998103,1.0,2.0,-40.0
1776884775.008103,0.0,2.0,-41.0
1776884775.0181026,0.0,3.0,-40.0
1776884775.0281026,-3.0,0.0,-40.0
1776884775.0381026,-6.0,2.0,-43.0
1776884775.0481029,-3.0,1.0,-46.0
1776884775.0581028,-4.0,0.0,-54.0
1776884775.0681028,-1.0,-2.0,-57.0
1776884775.0781028,-1.0,-1.0,-54.0
1776884775.0881028,-2.0,0.0,-55.0
1776884775.0981028,0.0,-1.0,-58.0
1776884775.1081028,-2.0,0.0,-54.0
1776884775.1181028,-1.0,0.0,-44.0
1776884775.1281028,2.0,-6.0,-48.0
1776884775.1381028,4.0,-4.0,-46.0
1776884775.1481028,4.0,-5.0,-48.0
1776884775.1581028,3.0,-5.0,-52.0
1776884775.1681027,2.0,-2.0,-54.0
1776884775.1781027,4.0,-4.0,-46.0
1776884775.1881027,3.0,-6.0,-48.0
1776884775.1981027,7.0,-5.0,-45.0
1776884775.2081027,6.0,-6.0,-44.0
1776884775.2181027,2.0,-12.0,-41.0
1776884775.2281027,0.0,-9.0,-45.0
1776884775.238103,-2.0,-8.0,-50.0
1776884775.248103,-1.0,-11.0,-48.0
1776884775.258103,-1.0,-9.0,-44.0
1776884775.2681026,0.0,-8.0,-42.0
1776884775.2781026,-2.0,-7.0,-37.0
1776884775.2881026,1.0,-3.0,-36.0
1776884775.2981029,3.0,4.0,-36.0
1776884775.3081028,3.0,6.0,-38.0
1776884775.3181028,1.0,6.0,-40.0
1776884775.3281028,2.0,0.0,-44.0
1776884775.3381028,1.0,0.0,-40.0
1776884775.3481028,1.0,-5.0,-37.0
1776884775.3581028,3.0,-4.0,-38.0
1776884775.3681028,0.0,-5.0,-47.0
1776884775.3781028,-2.0,-5.0,-48.0
1776884775.3881028,-3.0,-3.0,-51.0
1776884775.3981028,-2.0,-4.0,-49.0
1776884775.4081028,0.0,-3.0,-50.0
1776884775.4181027,-3.0,-2.0,-44.0
1776884775.4281027,-2.0,-3.0,-46.0
1776884775.4381027,0.0,-1.0,-48.0
1776884775.4481027,3.0,0.0,-48.0
1776884775.4581027,3.0,3.0,-38.0
1776884775.4681027,6.0,3.0,-42.0
1776884775.4781027,4.0,1.0,-46.0
1776884775.488103,2.0,0.0,-45.0
1776884775.4991028,2.0,0.0,-47.0
1776884775.508103,3.0,2.0,-46.0
1776884775.5191028,-1.0,1.0,-45.0
1776884775.5291028,-3.0,0.0,-39.0
1776884775.5391028,0.0,4.0,-44.0
1776884775.5491028,-2.0,6.0,-47.0
1776884775.5591028,0.0,4.0,-48.0
1776884775.5691028,0.0,1.0,-50.0
1776884775.5791028,-1.0,0.0,-46.0
1776884775.5891027,-1.0,-3.0,-44.0
1776884775.5991027,0.0,0.0,-35.0
1776884775.6091027,3.0,-2.0,-37.0
1776884775.6191027,5.0,-5.0,-40.0
1776884775.6291027,6.0,-8.0,-42.0
1776884775.6391027,3.0,-3.0,-41.0
1776884775.6491027,0.0,-2.0,-40.0
1776884775.659103,-1.0,-2.0,-42.0
1776884775.669103,-4.0,-1.0,-44.0
1776884775.679103,-2.0,-3.0,-45.0
1776884775.6891026,0.0,-2.0,-41.0
1776884775.6991026,-1.0,-2.0,-43.0
1776884775.7091026,-7.0,-4.0,-45.0
1776884775.7191026,-4.0,2.0,-45.0
1776884775.7291028,2.0,0.0,-44.0
1776884775.7391028,6.0,-3.0,-49.0
1776884775.7491028,5.0,-3.0,-51.0
1776884775.7591028,2.0,-3.0,-51.0
1776884775.7691028,1.0,0.0,-52.0
1776884775.7791028,2.0,-2.0,-50.0
1776884775.7891028,5.0,-1.0,-47.0
1776884775.7991028,6.0,-1.0,-54.0
1776884775.8091028,3.0,-3.0,-56.0
1776884775.8191028,3.0,-2.0,-55.0
1776884775.8291028,1.0,0.0,-58.0
1776884775.8391027,2.0,0.0,-56.0
1776884775.8491027,2.0,0.0,-53.0
1776884775.8591027,0.0,2.0,-49.0
1776884775.8691027,2.0,0.0,-47.0
1776884775.8791027,3.0,0.0,-48.0
1776884775.8891027,7.0,3.0,-51.0
1776884775.8991027,8.0,7.0,-50.0
1776884775.909103,6.0,6.0,-53.0
1776884775.919103,6.0,8.0,-50.0
1776884775.929103,1.0,9.0,-43.0
1776884775.9391026,0.0,4.0,-39.0
1776884775.9491026,-1.0,0.0,-42.0
1776884775.9591026,-4.0,-6.0,-40.0
1776884775.9691026,-6.0,-5.0,-37.0
1776884775.9791028,-2.0,-3.0,-45.0
1776884775.9891028,-6.0,0.0,-43.0
1776884775.9991028,-2.0,1.0,-43.0
1776884776.0091028,-1.0,0.0,-44.0
1776884776.0191028,-1.0,2.0,-41.0
1776884776.0291028,0.0,-1.0,-37.0
1776884776.0391028,3.0,-7.0,-41.0
1776884776.0491028,2.0,-9.0,-45.0
1776884776.0591028,1.0,-14.0,-44.0
1776884776.0691028,2.0,-11.0,-45.0
1776884776.0791028,2.0,-10.0,-41.0
1776884776.0891027,1.0,-3.0,-45.0
1776884776.0991027,-1.0,0.0,-48.0
1776884776.1091027,-5.0,0.0,-49.0
1776884776.1191027,-10.0,3.0,-49.0
1776884776.1291027,-10.0,1.0,-49.0
1776884776.1391027,0.0,-1.0,-55.0
1776884776.1491027,0.0,-3.0,-54.0
1776884776.159103,0.0,-5.0,-55.0
1776884776.169103,0.0,-7.0,-46.0
1776884776.179103,4.0,-2.0,-48.0
1776884776.1891026,1.0,-1.0,-54.0
1776884776.1991026,0.0,-1.0,-57.0
1776884776.2091026,1.0,0.0,-60.0
1776884776.2191026,2.0,-1.0,-52.0
1776884776.2291028,6.0,0.0,-51.0
1776884776.2391028,1.0,-4.0,-47.0
1776884776.2491028,1.0,-2.0,-46.0
1776884776.2591028,7.0,-2.0,-46.0
1776884776.2691028,4.0,-3.0,-54.0
1776884776.2791028,4.0,-2.0,-54.0
1776884776.2891028,3.0,-6.0,-52.0
1776884776.2991028,3.0,-4.0,-50.0
1776884776.3091028,0.0,-5.0,-43.0
1776884776.3191028,-2.0,-2.0,-42.0
1776884776.3291028,3.0,3.0,-41.0
1776884776.3391027,5.0,1.0,-40.0
1776884776.3491027,4.0,-1.0,-43.0
1776884776.3591027,5.0,0.0,-48.0
1776884776.3691027,9.0,4.0,-50.0
1776884776.3791027,7.0,1.0,-47.0
1776884776.3891027,4.0,0.0,-49.0
1776884776.3991027,6.0,0.0,-48.0
1776884776.409103,1.0,0.0,-46.0
1776884776.419103,3.0,-1.0,-40.0
1776884776.429103,1.0,0.0,-41.0
1776884776.4391026,2.0,-4.0,-38.0
1776884776.4491026,2.0,-6.0,-40.0
1776884776.4591026,0.0,-3.0,-44.0
1776884776.4691026,-1.0,-2.0,-47.0
1776884776.4791028,1.0,-4.0,-40.0
1776884776.4891028,0.0,2.0,-38.0
1776884776.4991028,0.0,0.0,-41.0
1776884776.5091028,5.0,-1.0,-43.0
1776884776.5191028,1.0,2.0,-43.0
1776884776.5291028,0.0,3.0,-44.0
1776884776.5391028,0.0,4.0,-44.0
1776884776.5491028,0.0,2.0,-50.0
1776884776.5591028,3.0,0.0,-51.0
1776884776.5691028,1.0,0.0,-52.0
1776884776.5791028,-2.0,-2.0,-45.0
1776884776.5891027,-7.0,-2.0,-50.0
1776884776.5991027,-2.0,0.0,-48.0
1776884776.6091027,1.0,2.0,-57.0
1776884776.6191027,0.0,0.0,-53.0
1776884776.6291027,2.0,-3.0,-52.0
1776884776.6391027,0.0,-6.0,-55.0
1776884776.6491027,2.0,-7.0,-51.0
1776884776.659103,6.0,-8.0,-44.0
1776884776.669103,6.0,-8.0,-42.0
1776884776.679103,7.0,-8.0,-45.0
1776884776.6891026,4.0,-10.0,-52.0
1776884776.6991026,6.0,-10.0,-54.0
1776884776.7091026,8.0,-9.0,-53.0
1776884776.7191026,7.0,-8.0,-55.0
1776884776.7291028,2.0,-7.0,-59.0
1776884776.7391028,1.0,-8.0,-56.0
1776884776.7491028,0.0,-10.0,-49.0
1776884776.7591028,0.0,-9.0,-48.0
1776884776.7691028,5.0,-7.0,-51.0
1776884776.7791028,0.0,-4.0,-47.0
1776884776.7891028,-3.0,-3.0,-43.0
1776884776.7991028,-2.0,-1.0,-41.0
1776884776.8091028,-3.0,-5.0,-43.0
1776884776.8191028,-2.0,-6.0,-45.0
1776884776.8291028,-2.0,-6.0,-47.0
1776884776.8391027,-2.0,-6.0,-46.0
1776884776.8491027,-4.0,-4.0,-53.0
1776884776.8591027,-3.0,-3.0,-48.0
1776884776.8691027,-1.0,-2.0,-45.0
1776884776.8791027,-2.0,-3.0,-45.0
1776884776.8891027,-5.0,-2.0,-50.0
1776884776.8991027,-4.0,-2.0,-57.0
1776884776.909103,-1.0,-2.0,-52.0
1776884776.919103,0.0,-3.0,-49.0
1776884776.929103,4.0,-6.0,-43.0
1776884776.9391026,2.0,-9.0,-34.0
1776884776.9491026,-2.0,-9.0,-27.0
1776884776.9591026,-5.0,-11.0,-26.0
1776884776.9691026,-4.0,-5.0,-38.0
1776884776.9791028,2.0,0.0,-41.0
1776884776.9891028,8.0,0.0,-45.0
1776884776.9991028,11.0,5.0,-52.0
1776884777.0091028,8.0,1.0,-58.0
1776884777.0191028,6.0,1.0,-56.0
1776884777.0291028,6.0,-1.0,-60.0
1776884777.0391028,8.0,-2.0,-51.0
1776884777.0491028,5.0,-2.0,-43.0
1776884777.0591028,1.0,-4.0,-40.0
1776884777.0691028,4.0,-7.0,-39.0
1776884777.0791028,4.0,-6.0,-38.0
1776884777.0891027,2.0,-6.0,-39.0
1776884777.0991027,-4.0,-7.0,-43.0
1776884777.1091027,-8.0,-5.0,-37.0
1776884777.1191027,-10.0,-2.0,-33.0
1776884777.1291027,-10.0,-1.0,-40.0
1776884777.1391027,-11.0,-2.0,-35.0
1776884777.1491027,-9.0,1.0,-35.0
1776884777.159103,-8.0,1.0,-33.0
1776884777.169103,-2.0,3.0,-41.0
1776884777.179103,0.0,2.0,-41.0
1776884777.1891026,0.0,2.0,-41.0
1776884777.1991026,0.0,2.0,-46.0
1776884777.2091026,-2.0,0.0,-47.0
1776884777.2191026,2.0,-2.0,-46.0
1776884777.2291028,2.0,-3.0,-51.0
1776884777.2391028,0.0,-9.0,-47.0
1776884777.2491028,0.0,-12.0,-46.0
1776884777.2591028,3.0,-11.0,-46.0
1776884777.2691028,4.0,-9.0,-46.0
1776884777.2791028,4.0,-9.0,-53.0
1776884777.2891028,1.0,-5.0,-52.0
1776884777.2991028,0.0,-2.0,-51.0
1776884777.3091028,2.0,-2.0,-52.0
1776884777.3191028,6.0,0.0,-49.0
1776884777.3291028,0.0,0.0,-43.0
1776884777.3391027,2.0,-3.0,-43.0
1776884777.3491027,6.0,-1.0,-43.0
1776884777.3591027,8.0,1.0,-42.0
1776884777.3691027,8.0,2.0,-46.0
1776884777.3791027,9.0,-2.0,-53.0
1776884777.3891027,6.0,-2.0,-59.0
1776884777.3991027,3.0,1.0,-59.0
1776884777.409103,2.0,0.0,-46.0
1776884777.419103,4.0,-2.0,-47.0
1776884777.429103,3.0,-1.0,-51.0
1776884777.4391026,2.0,-3.0,-54.0
1776884777.4491026,1.0,-2.0,-55.0
1776884777.4591026,0.0,0.0,-48.0
1776884777.4701028,4.0,1.0,-51.0
1776884777.4791028,4.0,0.0,-53.0
1776884777.4901028,9.0,-1.0,-55.0
1776884777.5001028,4.0,-2.0,-51.0
1776884777.5101027,3.0,-2.0,-47.0
1776884777.5201027,-1.0,-1.0,-42.0
1776884777.5301027,-1.0,-2.0,-43.0
1776884777.5401027,0.0,-3.0,-45.0
1776884777.5501027,5.0,-3.0,-42.0
1776884777.5601027,3.0,-4.0,-41.0
1776884777.5701027,0.0,-3.0,-43.0
1776884777.5801027,2.0,-5.0,-41.0
1776884777.590103,2.0,-3.0,-40.0
1776884777.600103,0.0,-1.0,-48.0
1776884777.610103,0.0,-1.0,-41.0
1776884777.6201026,-1.0,-4.0,-47.0
1776884777.6301026,0.0,-3.0,-53.0
1776884777.6401026,-2.0,0.0,-51.0
1776884777.6501029,-2.0,2.0,-50.0
1776884777.6601028,-5.0,4.0,-54.0
1776884777.6701028,-5.0,2.0,-55.0
1776884777.6801028,-6.0,2.0,-49.0
1776884777.6901028,-5.0,2.0,-50.0
1776884777.7001028,-4.0,0.0,-48.0
1776884777.7101028,-3.0,-1.0,-51.0
1776884777.7201028,0.0,0.0,-46.0
1776884777.7301028,-2.0,1.0,-52.0
1776884777.7401028,-6.0,0.0,-47.0
1776884777.7501028,-4.0,0.0,-48.0
1776884777.7601027,0.0,2.0,-48.0
1776884777.7701027,1.0,1.0,-41.0
1776884777.7801027,-2.0,2.0,-39.0
1776884777.7901027,0.0,5.0,-45.0
1776884777.8001027,6.0,-3.0,-47.0
1776884777.8101027,1.0,-2.0,-48.0
1776884777.8201027,0.0,-2.0,-51.0
1776884777.8301027,-1.0,-1.0,-44.0
1776884777.840103,-3.0,0.0,-51.0
1776884777.850103,-9.0,-3.0,-45.0
1776884777.860103,-6.0,-1.0,-46.0
1776884777.8701026,1.0,-6.0,-47.0
1776884777.8801026,3.0,-1.0,-45.0
1776884777.8901026,3.0,-1.0,-40.0
1776884777.9001029,0.0,0.0,-37.0
1776884777.9101028,-1.0,1.0,-46.0
1776884777.9201028,-1.0,2.0,-54.0
1776884777.9301028,-1.0,3.0,-50.0
1776884777.9401028,-1.0,1.0,-47.0
1776884777.9501028,1.0,0.0,-49.0
1776884777.9601028,5.0,0.0,-43.0
1776884777.9701028,5.0,2.0,-39.0
1776884777.9801028,4.0,2.0,-43.0
1776884777.9901028,2.0,3.0,-48.0
1776884778.0001028,2.0,4.0,-50.0
1776884778.0101027,0.0,7.0,-58.0
1776884778.0201027,-3.0,4.0,-57.0
1776884778.0301027,-3.0,4.0,-52.0
1776884778.0401027,0.0,6.0,-46.0
1776884778.0501027,-2.0,3.0,-47.0
1776884778.0601027,-4.0,5.0,-43.0
1776884778.0701027,-2.0,1.0,-41.0
1776884778.0801027,-1.0,0.0,-42.0
1776884778.090103,0.0,-1.0,-47.0
1776884778.100103,0.0,-3.0,-51.0
1776884778.110103,-4.0,-4.0,-54.0
1776884778.1201026,0.0,-4.0,-53.0
1776884778.1301026,-1.0,-4.0,-52.0
1776884778.1401026,0.0,-4.0,-55.0
1776884778.1501029,2.0,-2.0,-55.0
1776884778.1601028,6.0,-1.0,-61.0
1776884778.1701028,9.0,-2.0,-54.0
1776884778.1801028,10.0,-4.0,-59.0
1776884778.1901028,7.0,-4.0,-58.0
1776884778.2001028,4.0,-8.0,-56.0
1776884778.2101028,0.0,-5.0,-51.0
1776884778.2201028,2.0,-5.0,-53.0
1776884778.2301028,3.0,-6.0,-55.0
1776884778.2401028,3.0,-2.0,-50.0
1776884778.2501028,2.0,-2.0,-50.0
1776884778.2601027,5.0,-2.0,-46.0
1776884778.2701027,8.0,0.0,-47.0
1776884778.2801027,9.0,0.0,-43.0
1776884778.2901027,8.0,-1.0,-40.0
1776884778.3001027,10.0,-3.0,-47.0
1776884778.3101027,7.0,-5.0,-44.0
1776884778.3201027,4.0,-1.0,-45.0
1776884778.3301027,3.0,1.0,-45.0
1776884778.340103,2.0,2.0,-51.0
1776884778.350103,2.0,1.0,-55.0
1776884778.360103,4.0,-2.0,-61.0
1776884778.3701026,4.0,-1.0,-56.0
1776884778.3801026,1.0,-3.0,-45.0
1776884778.3901026,0.0,-4.0,-42.0
1776884778.4001029,-2.0,-5.0,-47.0
1776884778.4101028,-4.0,-7.0,-48.0
1776884778.4201028,0.0,-6.0,-54.0
1776884778.4301028,-2.0,-3.0,-45.0
1776884778.4401028,-2.0,-3.0,-53.0
1776884778.4501028,-6.0,-1.0,-51.0
1776884778.4601028,-9.0,-1.0,-42.0
1776884778.4701028,-8.0,-1.0,-42.0
1776884778.4801028,-10.0,-3.0,-43.0
1776884778.4901028,-10.0,-2.0,-39.0
1776884778.5001028,-8.0,0.0,-36.0
1776884778.5101027,-7.0,3.0,-45.0
1776884778.5201027,-7.0,5.0,-38.0
1776884778.5301027,-8.0,5.0,-41.0
1776884778.5401027,-2.0,4.0,-39.0
1776884778.5501027,0.0,6.0,-32.0
1776884778.5601027,-1.0,1.0,-35.0
1776884778.5701027,-5.0,0.0,-43.0
1776884778.5801027,-10.0,-1.0,-51.0
1776884778.590103,-7.0,-1.0,-52.0
1776884778.600103,-6.0,0.0,-53.0
1776884778.610103,-3.0,-1.0,-55.0
1776884778.6201026,-7.0,-2.0,-53.0
1776884778.6301026,-4.0,-7.0,-49.0
1776884778.6401026,0.0,-4.0,-46.0
1776884778.6501029,0.0,-2.0,-49.0
1776884778.6601028,0.0,-1.0,-48.0
1776884778.6701028,2.0,-2.0,-47.0
1776884778.6801028,0.0,0.0,-45.0
1776884778.6901028,-2.0,3.0,-52.0
1776884778.7001028,0.0,1.0,-60.0
1776884778.7101028,4.0,-3.0,-53.0
1776884778.7201028,-1.0,-4.0,-50.0
1776884778.7301028,-5.0,-2.0,-46.0
1776884778.7401028,0.0,-1.0,-52.0
1776884778.7501028,-1.0,0.0,-57.0
1776884778.7601027,1.0,0.0,-53.0
1776884778.7701027,2.0,0.0,-49.0
1776884778.7801027,0.0,-2.0,-44.0
1776884778.7901027,0.0,1.0,-42.0
1776884778.8001027,-1.0,0.0,-41.0
1776884778.8101027,0.0,-3.0,-39.0
1776884778.8201027,-1.0,-4.0,-43.0
1776884778.8301027,-2.0,-5.0,-48.0
1776884778.840103,-3.0,-6.0,-51.0
1776884778.850103,1.0,-3.0,-51.0
1776884778.860103,3.0,-5.0,-47.0
1776884778.8701026,2.0,-2.0,-48.0
1776884778.8801026,0.0,-5.0,-41.0
1776884778.8901026,0.0,-6.0,-40.0
1776884778.9001029,0.0,-8.0,-42.0
1776884778.9101028,-1.0,-11.0,-41.0
1776884778.9201028,1.0,-10.0,-43.0
1776884778.9301028,2.0,-8.0,-45.0
1776884778.9401028,3.0,-6.0,-47.0
1776884778.9501028,0.0,-7.0,-45.0
1776884778.9601028,4.0,-8.0,-52.0
1776884778.9701028,5.0,-7.0,-52.0
1776884778.9801028,6.0,-2.0,-43.0
1776884778.9901028,5.0,1.0,-41.0
1776884779.0001028,1.0,0.0,-37.0
1776884779.0101027,1.0,2.0,-40.0
1776884779.0201027,2.0,4.0,-44.0
1776884779.0301027,0.0,4.0,-48.0
1776884779.0401027,3.0,2.0,-47.0
1776884779.0501027,4.0,-1.0,-48.0
1776884779.0601027,1.0,-4.0,-43.0
1776884779.0701027,-4.0,-5.0,-45.0
1776884779.0801027,-3.0,3.0,-46.0
1776884779.090103,0.0,6.0,-45.0
1776884779.100103,-1.0,3.0,-48.0
1776884779.110103,-3.0,3.0,-46.0
1776884779.1201026,-4.0,4.0,-47.0
1776884779.1301026,-4.0,6.0,-43.0
1776884779.1401026,-5.0,5.0,-46.0
1776884779.1501029,-6.0,3.0,-43.0
1776884779.1601028,-5.0,1.0,-46.0
1776884779.1701028,0.0,-2.0,-44.0
1776884779.1801028,-2.0,-2.0,-44.0
1776884779.1901028,0.0,-1.0,-43.0
1776884779.2001028,-1.0,2.0,-42.0
1776884779.2101028,0.0,1.0,-48.0
1776884779.2201028,-3.0,0.0,-48.0
1776884779.2301028,-2.0,0.0,-49.0
1776884779.2401028,-5.0,-3.0,-47.0
1776884779.2501028,-2.0,-4.0,-44.0
1776884779.2601027,1.0,-5.0,-33.0
1776884779.2701027,-2.0,-6.0,-35.0
1776884779.2801027,-4.0,-3.0,-37.0
1776884779.2901027,-1.0,1.0,-41.0
1776884779.3001027,-2.0,4.0,-45.0
1776884779.3101027,0.0,1.0,-39.0
1776884779.3201027,2.0,2.0,-39.0
1776884779.3301027,-1.0,2.0,-41.0
1776884779.340103,0.0,-2.0,-50.0
1776884779.350103,4.0,0.0,-44.0
1776884779.360103,1.0,-1.0,-40.0
1776884779.3701026,-2.0,-1.0,-38.0
1776884779.3801026,0.0,0.0,-37.0
1776884779.3901026,0.0,0.0,-41.0
1776884779.4001029,2.0,0.0,-38.0
1776884779.4111028,3.0,5.0,-39.0
1776884779.4201028,5.0,4.0,-41.0
1776884779.4301028,8.0,0.0,-42.0
1776884779.4411027,9.0,-1.0,-40.0
1776884779.4501028,8.0,-2.0,-45.0
1776884779.4601028,8.0,-1.0,-47.0
1776884779.4711027,7.0,-4.0,-40.0
1776884779.4811027,6.0,-6.0,-38.0
1776884779.4911027,2.0,-3.0,-40.0
1776884779.5011027,1.0,4.0,-41.0
1776884779.511103,4.0,5.0,-41.0
1776884779.521103,1.0,6.0,-40.0
1776884779.531103,1.0,3.0,-41.0
1776884779.5411026,0.0,4.0,-37.0
1776884779.5511026,0.0,5.0,-41.0
1776884779.5611026,3.0,4.0,-44.0
1776884779.5711029,8.0,1.0,-45.0
1776884779.5811028,5.0,2.0,-50.0
1776884779.5911028,4.0,0.0,-61.0
1776884779.6011028,5.0,0.0,-58.0
1776884779.6111028,7.0,-7.0,-52.0
1776884779.6211028,6.0,-4.0,-51.0
1776884779.6311028,1.0,-3.0,-56.0
1776884779.6411028,2.0,-7.0,-57.0
1776884779.6511028,1.0,-2.0,-61.0
1776884779.6611028,5.0,0.0,-54.0
1776884779.6711028,6.0,2.0,-50.0
1776884779.6811028,7.0,1.0,-49.0
1776884779.6911027,6.0,-1.0,-53.0
1776884779.7011027,2.0,-4.0,-51.0
1776884779.7111027,-2.0,-5.0,-47.0
1776884779.7211027,-1.0,-2.0,-50.0
1776884779.7311027,0.0,0.0,-45.0
1776884779.7411027,-2.0,2.0,-44.0
1776884779.7511027,-5.0,1.0,-53.0
1776884779.761103,-4.0,0.0,-49.0
1776884779.771103,-1.0,0.0,-43.0
1776884779.781103,1.0,3.0,-38.0
1776884779.7911026,3.0,2.0,-42.0
1776884779.8011026,4.0,3.0,-38.0
1776884779.8111026,5.0,10.0,-39.0
1776884779.8211029,3.0,6.0,-46.0
1776884779.8311028,3.0,4.0,-52.0
1776884779.8411028,0.0,0.0,-53.0
1776884779.8511028,0.0,0.0,-53.0
1776884779.8611028,1.0,2.0,-60.0
1776884779.8711028,4.0,2.0,-62.0
1776884779.8811028,4.0,2.0,-56.0
1776884779.8911028,2.0,3.0,-53.0
1776884779.9011028,-1.0,-6.0,-53.0
1776884779.9111028,-1.0,-4.0,-48.0
1776884779.9211028,-3.0,-3.0,-40.0
1776884779.9311028,-4.0,-3.0,-41.0
1776884779.9411027,-2.0,-8.0,-45.0
1776884779.9511027,0.0,-8.0,-43.0
1776884779.9611027,-1.0,-4.0,-44.0
1776884779.9711027,7.0,-2.0,-45.0
1776884779.9811027,6.0,0.0,-46.0
1776884779.9911027,9.0,0.0,-43.0
1776884780.0011027,8.0,0.0,-37.0
1776884780.011103,7.0,-1.0,-41.0
1776884780.021103,8.0,-3.0,-50.0
1776884780.031103,6.0,-4.0,-47.0
1776884780.0411026,4.0,-4.0,-42.0
1776884780.0511026,6.0,0.0,-45.0
1776884780.0611026,2.0,-1.0,-48.0
1776884780.0711029,0.0,0.0,-51.0
1776884780.0811028,0.0,1.0,-47.0
1776884780.0911028,0.0,1.0,-44.0
1776884780.1011028,-2.0,-4.0,-39.0
1776884780.1111028,-7.0,-4.0,-40.0
1776884780.1211028,-4.0,-2.0,-35.0
1776884780.1311028,-6.0,-1.0,-37.0
1776884780.1411028,-1.0,-4.0,-44.0
1776884780.1511028,-4.0,-6.0,-45.0
1776884780.1611028,-6.0,-3.0,-44.0
1776884780.1711028,-4.0,-2.0,-41.0
1776884780.1811028,0.0,-5.0,-40.0
1776884780.1911027,1.0,-6.0,-45.0
1776884780.2011027,-3.0,-3.0,-43.0
1776884780.2111027,-5.0,2.0,-42.0
1776884780.2211027,-3.0,-1.0,-44.0
1776884780.2311027,-5.0,0.0,-44.0
1776884780.2411027,-6.0,4.0,-44.0
1776884780.2511027,-6.0,2.0,-50.0
1776884780.261103,-8.0,-1.0,-49.0
1776884780.271103,-5.0,0.0,-54.0
1776884780.281103,-5.0,2.0,-56.0
1776884780.2911026,-2.0,1.0,-47.0
1776884780.3011026,-3.0,-1.0,-41.0
1776884780.3111026,-2.0,0.0,-37.0
1776884780.3211029,-2.0,-2.0,-44.0
1776884780.3311028,-1.0,-2.0,-47.0
1776884780.3411028,-2.0,0.0,-47.0
1776884780.3511028,0.0,0.0,-48.0
1776884780.3611028,1.0,1.0,-50.0
1776884780.3711028,-1.0,0.0,-43.0
1776884780.3811028,1.0,0.0,-43.0
1776884780.3911028,3.0,-3.0,-45.0
1776884780.4011028,5.0,-4.0,-46.0
1776884780.4111028,5.0,-3.0,-46.0
1776884780.4211028,3.0,1.0,-44.0
1776884780.4311028,2.0,-3.0,-50.0
1776884780.4411027,2.0,-2.0,-46.0
1776884780.4511027,0.0,-2.0,-40.0
1776884780.4611027,0.0,-2.0,-35.0
1776884780.4711027,-2.0,0.0,-39.0
1776884780.4811027,-1.0,-3.0,-45.0
1776884780.4911027,0.0,-2.0,-49.0
1776884780.5011027,-2.0,-2.0,-51.0
1776884780.511103,3.0,-1.0,-52.0
1776884780.521103,3.0,0.0,-59.0
1776884780.531103,4.0,4.0,-55.0
1776884780.5411026,0.0,4.0,-55.0
1776884780.5511026,-1.0,3.0,-53.0
1776884780.5611026,2.0,0.0,-55.0
1776884780.5711029,5.0,0.0,-53.0
1776884780.5811028,9.0,5.0,-57.0
1776884780.5911028,6.0,1.0,-47.0
1776884780.6011028,6.0,0.0,-44.0
1776884780.6111028,4.0,-2.0,-46.0
1776884780.6211028,2.0,-1.0,-44.0
1776884780.6311028,3.0,-2.0,-40.0
1776884780.6411028,5.0,1.0,-45.0
1776884780.6511028,4.0,2.0,-42.0
1776884780.6611028,4.0,-1.0,-51.0
1776884780.6711028,5.0,0.0,-52.0
1776884780.6811028,2.0,-3.0,-51.0
1776884780.6911027,5.0,-3.0,-54.0
1776884780.7011027,4.0,-2.0,-52.0
1776884780.7111027,1.0,-1.0,-43.0
1776884780.7211027,1.0,-1.0,-35.0
1776884780.7311027,0.0,-3.0,-38.0
1776884780.7411027,0.0,-4.0,-47.0
1776884780.7511027,0.0,-2.0,-51.0
1776884780.761103,-3.0,-6.0,-48.0
1776884780.771103,-9.0,-4.0,-53.0
1776884780.781103,-7.0,-3.0,-49.0
1776884780.7911026,-1.0,-6.0,-46.0
1776884780.8011026,-1.0,-6.0,-46.0
1776884780.8111026,-4.0,-5.0,-43.0
1776884780.8211029,-1.0,-5.0,-39.0
1776884780.8311028,2.0,-5.0,-40.0
1776884780.8411028,0.0,-6.0,-46.0
1776884780.8511028,0.0,-2.0,-43.0
1776884780.8611028,0.0,-2.0,-38.0
1776884780.8711028,-6.0,-2.0,-39.0
1776884780.8811028,-5.0,-2.0,-46.0
1776884780.8911028,-4.0,0.0,-52.0
1776884780.9011028,-2.0,1.0,-48.0
1776884780.9111028,0.0,2.0,-46.0
1776884780.9211028,-3.0,1.0,-40.0
1776884780.9311028,-4.0,0.0,-40.0
1776884780.9411027,-6.0,0.0,-39.0
1776884780.9511027,-10.0,0.0,-36.0
1776884780.9611027,-8.0,0.0,-40.0
1776884780.9711027,-8.0,-1.0,-43.0
1776884780.9811027,-1.0,1.0,-47.0
1776884780.9911027,3.0,6.0,-43.0
1776884781.0011027,0.0,10.0,-38.0
1776884781.011103,0.0,9.0,-37.0
1776884781.021103,-1.0,8.0,-38.0
1776884781.031103,1.0,10.0,-39.0
1776884781.0411026,1.0,6.0,-42.0
1776884781.0511026,3.0,-1.0,-36.0
1776884781.0611026,2.0,-3.0,-38.0
1776884781.0711029,0.0,-1.0,-43.0
1776884781.0811028,-1.0,-6.0,-52.0
1776884781.0911028,0.0,-7.0,-49.0
1776884781.1011028,0.0,-2.0,-45.0
1776884781.1111028,2.0,-1.0,-40.0
1776884781.1211028,1.0,0.0,-40.0
1776884781.1311028,5.0,-2.0,-42.0
1776884781.1411028,6.0,-3.0,-50.0
1776884781.1511028,4.0,-1.0,-47.0
1776884781.1611028,7.0,-1.0,-48.0
1776884781.1711028,3.0,1.0,-49.0
1776884781.1811028,1.0,0.0,-46.0
1776884781.1911027,-1.0,-2.0,-42.0
1776884781.2011027,5.0,0.0,-33.0
1776884781.2111027,4.0,2.0,-37.0
1776884781.2211027,0.0,1.0,-37.0
1776884781.2311027,-1.0,3.0,-42.0
1776884781.2411027,2.0,4.0,-44.0
1776884781.2511027,4.0,7.0,-38.0
1776884781.261103,4.0,5.0,-40.0
1776884781.271103,5.0,-3.0,-42.0
1776884781.281103,8.0,-1.0,-38.0
1776884781.2911026,7.0,-2.0,-39.0
1776884781.3011026,5.0,-3.0,-44.0
1776884781.3111026,4.0,-3.0,-44.0
1776884781.3211029,1.0,-2.0,-47.0
1776884781.3311028,2.0,-3.0,-48.0
1776884781.3411028,3.0,-6.0,-54.0
1776884781.3511028,4.0,0.0,-51.0
1776884781.3611028,1.0,0.0,-49.0
1776884781.3711028,2.0,-1.0,-51.0
1776884781.3811028,6.0,-4.0,-51.0
1776884781.3911028,1.0,-1.0,-42.0
1776884781.4021027,0.0,-5.0,-38.0
1776884781.4111028,0.0,-9.0,-38.0
1776884781.4211028,1.0,-11.0,-38.0
1776884781.432103,1.0,-13.0,-43.0
1776884781.442103,1.0,-8.0,-46.0
1776884781.452103,0.0,-5.0,-50.0
1776884781.462103,-2.0,-3.0,-49.0
1776884781.4721026,-6.0,-1.0,-45.0
1776884781.4821026,-7.0,1.0,-44.0
1776884781.4921026,-4.0,0.0,-39.0
1776884781.5021029,-3.0,2.0,-37.0
1776884781.5121028,-3.0,1.0,-34.0
1776884781.5221028,-3.0,-1.0,-32.0
1776884781.5321028,3.0,-1.0,-34.0
1776884781.5421028,3.0,-4.0,-40.0
1776884781.5521028,6.0,-8.0,-41.0
1776884781.5621028,6.0,-7.0,-45.0
1776884781.5721028,6.0,-5.0,-50.0
1776884781.5821028,8.0,-2.0,-56.0
1776884781.5921028,6.0,-4.0,-52.0
1776884781.6021028,5.0,-2.0,-51.0
1776884781.6121027,2.0,-2.0,-50.0
1776884781.6221027,1.0,-1.0,-48.0
1776884781.6321027,0.0,-4.0,-49.0
1776884781.6421027,2.0,-5.0,-52.0
1776884781.6521027,1.0,-1.0,-50.0
1776884781.6621027,-1.0,1.0,-51.0
1776884781.6721027,-1.0,0.0,-51.0
1776884781.682103,2.0,-4.0,-52.0
1776884781.692103,4.0,-8.0,-47.0
1776884781.702103,5.0,-5.0,-47.0
1776884781.712103,6.0,-7.0,-43.0
1776884781.7221026,8.0,-7.0,-35.0
1776884781.7321026,8.0,-1.0,-36.0
1776884781.7421026,9.0,-2.0,-36.0
1776884781.7521029,3.0,-4.0,-41.0
1776884781.7621028,1.0,-7.0,-45.0
1776884781.7721028,3.0,-5.0,-41.0
1776884781.7821028,0.0,-5.0,-45.0
1776884781.7921028,3.0,-7.0,-41.0
1776884781.8021028,-1.0,-8.0,-42.0
1776884781.8121028,-2.0,-4.0,-44.0
1776884781.8221028,-3.0,1.0,-44.0
1776884781.8321028,-1.0,1.0,-46.0
1776884781.8421028,2.0,-2.0,-45.0
1776884781.8521028,7.0,-4.0,-45.0
1776884781.8621027,7.0,-3.0,-33.0
1776884781.8721027,7.0,-2.0,-36.0
1776884781.8821027,5.0,-2.0,-38.0
1776884781.8921027,4.0,-7.0,-36.0
1776884781.9021027,8.0,-5.0,-40.0
1776884781.9121027,10.0,-5.0,-37.0
1776884781.9221027,16.0,-3.0,-35.0
1776884781.932103,16.0,-2.0,-37.0
1776884781.942103,13.0,-4.0,-37.0
1776884781.952103,9.0,-3.0,-42.0
1776884781.962103,7.0,-1.0,-41.0
1776884781.9721026,5.0,-4.0,-34.0
1776884781.9821026,7.0,-6.0,-35.0
1776884781.9921026,5.0,-5.0,-35.0
1776884782.0021029,3.0,-5.0,-33.0
1776884782.0121028,0.0,-3.0,-35.0
1776884782.0221028,0.0,1.0,-43.0
1776884782.0321028,4.0,0.0,-45.0
1776884782.0421028,7.0,0.0,-47.0
1776884782.0521028,6.0,-2.0,-48.0
1776884782.0621028,10.0,-7.0,-52.0
1776884782.0721028,12.0,-3.0,-52.0
1776884782.0821028,10.0,0.0,-52.0
1776884782.0921028,9.0,-5.0,-52.0
1776884782.1021028,6.0,-7.0,-45.0
1776884782.1121027,4.0,-3.0,-48.0
1776884782.1221027,4.0,-5.0,-47.0
1776884782.1321027,5.0,-8.0,-46.0
1776884782.1421027,3.0,-7.0,-40.0
1776884782.1521027,2.0,-4.0,-40.0
1776884782.1621027,3.0,0.0,-41.0
1776884782.1721027,6.0,-1.0,-43.0
1776884782.182103,1.0,-3.0,-44.0
1776884782.192103,-4.0,-4.0,-46.0
1776884782.202103,-6.0,-6.0,-49.0
1776884782.212103,-6.0,-6.0,-53.0
1776884782.2221026,0.0,-4.0,-53.0
1776884782.2321026,-2.0,-1.0,-53.0
1776884782.2421026,-1.0,3.0,-55.0
1776884782.2521029,1.0,1.0,-60.0
1776884782.2621028,4.0,-5.0,-64.0
1776884782.2721028,4.0,-5.0,-66.0
1776884782.2821028,3.0,-2.0,-67.0
1776884782.2921028,6.0,0.0,-62.0
1776884782.3021028,6.0,-1.0,-57.0
1776884782.3121028,6.0,-3.0,-53.0
1776884782.3221028,5.0,-3.0,-53.0
1776884782.3321028,0.0,-6.0,-59.0
1776884782.3421028,-1.0,-6.0,-58.0
1776884782.3521028,0.0,-7.0,-53.0
1776884782.3621027,2.0,-10.0,-44.0
1776884782.3721027,5.0,-7.0,-43.0
1776884782.3821027,6.0,-6.0,-38.0
1776884782.3921027,3.0,-8.0,-38.0
1776884782.4021027,0.0,-7.0,-36.0
1776884782.4121027,0.0,-4.0,-38.0
1776884782.4221027,4.0,-8.0,-39.0
1776884782.432103,4.0,-12.0,-41.0
1776884782.442103,2.0,-14.0,-44.0
1776884782.452103,1.0,-6.0,-38.0
1776884782.462103,3.0,0.0,-36.0
1776884782.4721026,1.0,0.0,-35.0
1776884782.4821026,4.0,1.0,-31.0
1776884782.4921026,3.0,1.0,-39.0
1776884782.5021029,-2.0,2.0,-45.0
1776884782.5121028,-3.0,3.0,-48.0
1776884782.5221028,-3.0,2.0,-46.0
1776884782.5321028,-1.0,2.0,-45.0
1776884782.5421028,0.0,2.0,-42.0
1776884782.5521028,1.0,2.0,-42.0
1776884782.5621028,1.0,3.0,-45.0
1776884782.5721028,-2.0,3.0,-43.0
1776884782.5821028,0.0,4.0,-45.0
1776884782.5921028,2.0,3.0,-37.0
1776884782.6021028,3.0,0.0,-35.0
1776884782.6121027,5.0,3.0,-45.0
1776884782.6221027,0.0,3.0,-42.0
1776884782.6321027,3.0,2.0,-38.0
1776884782.6421027,0.0,0.0,-37.0
1776884782.6521027,-3.0,-1.0,-40.0
1776884782.6621027,-3.0,0.0,-46.0
1776884782.6721027,0.0,-2.0,-49.0
1776884782.682103,5.0,-1.0,-55.0
1776884782.692103,0.0,-2.0,-52.0
1776884782.702103,0.0,2.0,-55.0
1776884782.712103,0.0,6.0,-53.0
1776884782.7221026,0.0,3.0,-50.0
1776884782.7321026,2.0,0.0,-51.0
1776884782.7421026,-3.0,-1.0,-56.0
1776884782.7521029,-1.0,-1.0,-60.0
1776884782.7621028,0.0,-3.0,-54.0
1776884782.7721028,-1.0,-2.0,-55.0
1776884782.7821028,1.0,-1.0,-50.0
1776884782.7921028,3.0,-3.0,-51.0
1776884782.8021028,0.0,-3.0,-52.0
1776884782.8121028,1.0,3.0,-60.0
1776884782.8221028,1.0,0.0,-56.0
1776884782.8321028,1.0,-2.0,-52.0
1776884782.8421028,6.0,0.0,-51.0
1776884782.8521028,5.0,2.0,-55.0
1776884782.8621027,6.0,2.0,-55.0
1776884782.8721027,4.0,-2.0,-49.0
1776884782.8821027,7.0,-1.0,-51.0
1776884782.8921027,6.0,1.0,-48.0
1776884782.9021027,3.0,0.0,-49.0
1776884782.9121027,3.0,0.0,-52.0
1776884782.9221027,6.0,2.0,-51.0
1776884782.932103,4.0,2.0,-46.0
1776884782.942103,0.0,-1.0,-41.0
1776884782.952103,-2.0,0.0,-46.0
1776884782.962103,-2.0,2.0,-46.0
1776884782.9721026,-1.0,2.0,-48.0
1776884782.9821026,-7.0,-4.0,-53.0
1776884782.9921026,-9.0,-1.0,-47.0
1776884783.0021029,-6.0,3.0,-48.0
1776884783.0121028,-5.0,4.0,-48.0
1776884783.0221028,-3.0,3.0,-50.0
1776884783.0321028,-1.0,0.0,-46.0
1776884783.0421028,4.0,0.0,-43.0
1776884783.0521028,4.0,0.0,-52.0
1776884783.0621028,5.0,1.0,-55.0
1776884783.0721028,5.0,4.0,-50.0
1776884783.0821028,2.0,1.0,-45.0
1776884783.0921028,3.0,0.0,-41.0
1776884783.1021028,-1.0,1.0,-35.0
1776884783.1121027,0.0,0.0,-39.0
1776884783.1221027,-2.0,1.0,-41.0
1776884783.1321027,0.0,-2.0,-43.0
1776884783.1421027,5.0,-1.0,-39.0
1776884783.1521027,4.0,1.0,-36.0
1776884783.1621027,1.0,-1.0,-37.0
1776884783.1721027,0.0,-3.0,-40.0
1776884783.182103,0.0,-7.0,-43.0
1776884783.192103,1.0,-6.0,-38.0
1776884783.202103,1.0,-3.0,-34.0
1776884783.212103,0.0,-1.0,-36.0
1776884783.2221026,4.0,0.0,-36.0
1776884783.2321026,3.0,0.0,-39.0
1776884783.2421026,6.0,1.0,-44.0
1776884783.2521029,8.0,3.0,-48.0
1776884783.2621028,6.0,4.0,-43.0
1776884783.2721028,7.0,1.0,-47.0
1776884783.2821028,4.0,0.0,-51.0
1776884783.2921028,2.0,-1.0,-44.0
1776884783.3021028,0.0,-3.0,-46.0
1776884783.3121028,0.0,-3.0,-43.0
1776884783.3221028,2.0,-4.0,-49.0
1776884783.3321028,3.0,0.0,-47.0
1776884783.3421028,1.0,-3.0,-45.0
1776884783.3521028,1.0,-1.0,-44.0
1776884783.3621027,-1.0,1.0,-41.0
1776884783.3721027,-7.0,1.0,-47.0
1776884783.3821027,-5.0,3.0,-51.0
1776884783.3931026,-4.0,6.0,-55.0
1776884783.4031026,-2.0,6.0,-50.0
1776884783.4131026,-2.0,1.0,-54.0
1776884783.4231029,0.0,2.0,-55.0
1776884783.4331028,0.0,3.0,-43.0
1776884783.4431028,1.0,1.0,-43.0
1776884783.4531028,-2.0,5.0,-48.0
1776884783.4631028,-2.0,6.0,-43.0
1776884783.4731028,-2.0,5.0,-41.0
1776884783.4831028,1.0,6.0,-38.0
1776884783.4931028,-1.0,0.0,-43.0
1776884783.5031028,0.0,-5.0,-48.0
1776884783.5131028,-5.0,-4.0,-48.0
1776884783.5231028,-7.0,0.0,-51.0
1776884783.5331028,-8.0,3.0,-57.0
1776884783.5431027,-10.0,6.0,-59.0
1776884783.5531027,-4.0,8.0,-54.0
1776884783.5631027,-2.0,3.0,-56.0
1776884783.5731027,-1.0,5.0,-50.0
1776884783.5831027,2.0,6.0,-43.0
1776884783.5931027,4.0,6.0,-47.0
1776884783.6031027,8.0,4.0,-44.0
1776884783.613103,6.0,5.0,-44.0
1776884783.623103,8.0,0.0,-46.0
1776884783.633103,9.0,-3.0,-49.0
1776884783.6431026,6.0,-6.0,-42.0
1776884783.6531026,9.0,-6.0,-39.0
1776884783.6631026,11.0,-6.0,-37.0
1776884783.6731029,11.0,-4.0,-46.0
1776884783.6831028,12.0,-2.0,-48.0
1776884783.6931028,7.0,-2.0,-52.0
1776884783.7031028,3.0,0.0,-47.0
1776884783.7131028,5.0,0.0,-49.0
1776884783.7231028,8.0,2.0,-52.0
1776884783.7331028,4.0,0.0,-53.0
1776884783.7431028,0.0,0.0,-51.0
1776884783.7531028,0.0,-1.0,-51.0
1776884783.7631028,-2.0,-2.0,-49.0
1776884783.7731028,0.0,-4.0,-52.0
1776884783.7831028,-1.0,-8.0,-51.0
1776884783.7931027,1.0,-9.0,-56.0
1776884783.8031027,0.0,-11.0,-58.0
1776884783.8131027,-3.0,-10.0,-60.0
1776884783.8231027,-1.0,-7.0,-47.0
1776884783.8331027,0.0,-7.0,-45.0
1776884783.8431027,-2.0,-7.0,-42.0
1776884783.8531027,0.0,-3.0,-40.0
1776884783.863103,0.0,0.0,-35.0
1776884783.873103,-1.0,1.0,-39.0
1776884783.883103,-1.0,0.0,-41.0
1776884783.8931026,-6.0,0.0,-39.0
1776884783.9031026,-7.0,-2.0,-37.0
1776884783.9131026,0.0,0.0,-44.0
1776884783.9231029,7.0,2.0,-42.0
1776884783.9331028,2.0,2.0,-43.0
1776884783.9431028,4.0,2.0,-49.0
1776884783.9531028,7.0,0.0,-52.0
1776884783.9631028,4.0,-2.0,-54.0
1776884783.9731028,1.0,0.0,-55.0
1776884783.9831028,4.0,-3.0,-56.0
1776884783.9931028,2.0,0.0,-58.0
1776884784.0031028,3.0,-1.0,-57.0
1776884784.0131028,5.0,-3.0,-54.0
1776884784.0231028,3.0,-3.0,-55.0
1776884784.0331028,3.0,-5.0,-58.0
1776884784.0431027,4.0,-7.0,-53.0
1776884784.0531027,2.0,-6.0,-49.0
1776884784.0631027,5.0,-4.0,-45.0
1776884784.0731027,3.0,-3.0,-48.0
1776884784.0831027,-1.0,0.0,-55.0
1776884784.0931027,-1.0,1.0,-49.0
1776884784.1031027,-2.0,3.0,-50.0
1776884784.113103,-3.0,4.0,-50.0
1776884784.123103,0.0,0.0,-56.0
1776884784.133103,-1.0,0.0,-60.0
1776884784.1431026,-3.0,0.0,-61.0
1776884784.1531026,-2.0,1.0,-57.0
1776884784.1631026,4.0,-1.0,-56.0
1776884784.1731029,4.0,-3.0,-55.0
1776884784.1831028,-4.0,-3.0,-55.0
1776884784.1931028,-1.0,-2.0,-51.0
1776884784.2031028,1.0,-4.0,-48.0
1776884784.2131028,3.0,-3.0,-42.0
1776884784.2231028,3.0,0.0,-43.0
1776884784.2331028,6.0,0.0,-47.0
1776884784.2431028,1.0,6.0,-39.0
1776884784.2531028,1.0,9.0,-40.0
1776884784.2631028,1.0,6.0,-35.0
1776884784.2731028,1.0,1.0,-40.0
1776884784.2831028,4.0,-1.0,-46.0
1776884784.2931027,2.0,3.0,-44.0
1776884784.3031027,5.0,2.0,-39.0
1776884784.3131027,2.0,0.0,-37.0
1776884784.3231027,1.0,0.0,-38.0
1776884784.3331027,2.0,0.0,-31.0
1776884784.3431027,5.0,0.0,-26.0
1776884784.3531027,4.0,1.0,-26.0
1776884784.363103,5.0,2.0,-27.0
1776884784.373103,3.0,0.0,-33.0
1776884784.383103,-2.0,5.0,-37.0
1776884784.3931026,-4.0,8.0,-41.0
1776884784.4031026,-2.0,8.0,-40.0
1776884784.4131026,-7.0,6.0,-39.0
1776884784.4231029,-7.0,1.0,-41.0
1776884784.4331028,-4.0,3.0,-37.0
1776884784.4431028,0.0,1.0,-36.0
1776884784.4531028,4.0,0.0,-45.0
1776884784.4631028,0.0,0.0,-50.0
1776884784.4731028,0.0,3.0,-51.0
1776884784.4831028,-2.0,3.0,-42.0
1776884784.4931028,2.0,5.0,-46.0
1776884784.5031028,4.0,7.0,-42.0
1776884784.5131028,6.0,9.0,-40.0
1776884784.5231028,4.0,6.0,-39.0
1776884784.5331028,3.0,3.0,-49.0
1776884784.5431027,-1.0,4.0,-49.0
1776884784.5531027,-5.0,2.0,-47.0
1776884784.5631027,-4.0,-1.0,-44.0
1776884784.5731027,0.0,1.0,-50.0
1776884784.5831027,1.0,0.0,-52.0
1776884784.5931027,0.0,-3.0,-46.0
1776884784.6031027,2.0,-3.0,-42.0
1776884784.613103,2.0,-1.0,-45.0
1776884784.623103,3.0,-2.0,-46.0
1776884784.633103,1.0,-1.0,-41.0
1776884784.6431026,2.0,-1.0,-50.0
1776884784.6531026,2.0,5.0,-49.0
1776884784.6631026,0.0,8.0,-45.0
1776884784.6731029,2.0,7.0,-38.0
1776884784.6831028,5.0,5.0,-37.0
1776884784.6931028,3.0,-1.0,-44.0
1776884784.7031028,2.0,-4.0,-47.0
1776884784.7131028,-2.0,-7.0,-51.0
1776884784.7231028,-1.0,-7.0,-52.0
1776884784.7331028,-2.0,-9.0,-57.0
1776884784.7431028,3.0,-7.0,-49.0
1776884784.7531028,3.0,-6.0,-48.0
1776884784.7631028,0.0,-6.0,-42.0
1776884784.7731028,-2.0,-4.0,-45.0
1776884784.7831028,-2.0,-4.0,-49.0
1776884784.7931027,0.0,1.0,-53.0
1776884784.8031027,-2.0,5.0,-47.0
1776884784.8131027,0.0,6.0,-47.0
1776884784.8231027,0.0,4.0,-43.0
1776884784.8331027,1.0,2.0,-48.0
1776884784.8431027,2.0,0.0,-47.0
1776884784.8531027,-3.0,0.0,-42.0
1776884784.863103,-3.0,4.0,-39.0
1776884784.873103,-2.0,1.0,-41.0
1776884784.883103,0.0,0.0,-40.0
1776884784.8931026,1.0,1.0,-43.0
1776884784.9031026,1.0,0.0,-51.0
1776884784.9131026,0.0,-3.0,-45.0
1776884784.9231029,0.0,-4.0,-48.0
1776884784.9331028,-1.0,1.0,-50.0
1776884784.9431028,0.0,0.0,-55.0
1776884784.9531028,1.0,0.0,-53.0
1776884784.9631028,2.0,-6.0,-51.0
1776884784.9731028,1.0,-2.0,-45.0
1776884784.9831028,0.0,-3.0,-41.0
1776884784.9931028,-5.0,-5.0,-32.0
1776884785.0031028,-6.0,0.0,-30.0
1776884785.0131028,-3.0,0.0,-38.0
1776884785.0231028,-4.0,-1.0,-37.0
1776884785.0331028,-2.0,-1.0,-38.0
1776884785.0431027,-1.0,-4.0,-41.0
1776884785.0531027,-1.0,-3.0,-53.0
1776884785.0631027,1.0,-1.0,-55.0
1776884785.0731027,0.0,-2.0,-51.0
1776884785.0831027,5.0,1.0,-49.0
1776884785.0931027,7.0,0.0,-50.0
1776884785.1031027,5.0,1.0,-44.0
1776884785.113103,1.0,2.0,-47.0
1776884785.123103,5.0,0.0,-43.0
1776884785.133103,4.0,-3.0,-47.0
1776884785.1431026,3.0,-7.0,-48.0
1776884785.1531026,1.0,-8.0,-51.0
1776884785.1631026,-3.0,-7.0,-46.0
1776884785.1731029,-1.0,-7.0,-44.0
1776884785.1831028,0.0,-7.0,-45.0
1776884785.1931028,-1.0,-6.0,-41.0
1776884785.2031028,-3.0,-6.0,-46.0
1776884785.2131028,-2.0,-3.0,-43.0
1776884785.2231028,-4.0,0.0,-44.0
1776884785.2331028,-6.0,2.0,-45.0
1776884785.2431028,-6.0,2.0,-48.0
1776884785.2531028,-2.0,1.0,-45.0
1776884785.2631028,0.0,-2.0,-42.0
1776884785.2731028,6.0,-3.0,-44.0
1776884785.2831028,6.0,-2.0,-43.0
1776884785.2931027,6.0,-1.0,-36.0
1776884785.3031027,5.0,0.0,-32.0
1776884785.3131027,2.0,0.0,-28.0
1776884785.3231027,1.0,-1.0,-32.0
1776884785.3331027,-1.0,-3.0,-34.0
1776884785.3431027,4.0,0.0,-38.0
1776884785.3541028,4.0,0.0,-36.0
1776884785.3641028,3.0,3.0,-37.0
1776884785.3741028,2.0,2.0,-40.0
1776884785.3841028,1.0,0.0,-36.0
1776884785.3941028,9.0,0.0,-34.0
1776884785.4041028,3.0,-1.0,-40.0
1776884785.4141028,-1.0,-3.0,-36.0
1776884785.4241028,-2.0,-7.0,-44.0
1776884785.4341028,0.0,-2.0,-43.0
1776884785.4441028,3.0,-1.0,-44.0
1776884785.4541028,6.0,0.0,-48.0
1776884785.4641027,8.0,0.0,-49.0
1776884785.4741027,8.0,0.0,-50.0
1776884785.4841027,6.0,2.0,-45.0
1776884785.4941027,3.0,3.0,-47.0
1776884785.5041027,2.0,4.0,-45.0
1776884785.5141027,2.0,5.0,-39.0
1776884785.5241027,2.0,2.0,-40.0
1776884785.534103,3.0,1.0,-42.0
1776884785.544103,0.0,0.0,-41.0
1776884785.554103,0.0,-2.0,-37.0
1776884785.5641026,0.0,-1.0,-33.0
1776884785.5741026,1.0,1.0,-40.0
1776884785.5841026,2.0,1.0,-39.0
1776884785.5941026,2.0,4.0,-39.0
1776884785.6041028,0.0,4.0,-37.0
1776884785.6141028,0.0,4.0,-35.0
1776884785.6241028,0.0,8.0,-38.0
1776884785.6341028,-2.0,5.0,-36.0
1776884785.6441028,-1.0,4.0,-43.0
1776884785.6541028,-1.0,6.0,-43.0
1776884785.6641028,-1.0,5.0,-49.0
1776884785.6741028,0.0,0.0,-50.0
1776884785.6841028,0.0,-1.0,-47.0
1776884785.6941028,1.0,-3.0,-42.0
1776884785.7041028,2.0,-2.0,-47.0
1776884785.7141027,-1.0,-3.0,-47.0
1776884785.7241027,-1.0,-2.0,-41.0
1776884785.7341027,-5.0,0.0,-38.0
1776884785.7441027,-1.0,3.0,-42.0
1776884785.7541027,0.0,0.0,-39.0
1776884785.7641027,1.0,0.0,-41.0
1776884785.7741027,6.0,0.0,-51.0
1776884785.784103,3.0,0.0,-56.0
1776884785.794103,1.0,0.0,-56.0
1776884785.804103,-1.0,5.0,-55.0
1776884785.8141026,0.0,1.0,-47.0
1776884785.8241026,0.0,-1.0,-50.0
1776884785.8341026,1.0,-3.0,-45.0
1776884785.8441026,-1.0,-3.0,-47.0
1776884785.8541028,0.0,-1.0,-48.0
1776884785.8641028,1.0,-3.0,-45.0
1776884785.8741028,1.0,-3.0,-50.0
1776884785.8841028,5.0,-4.0,-50.0
1776884785.8941028,6.0,-7.0,-54.0
1776884785.9041028,0.0,-6.0,-49.0
1776884785.9141028,-4.0,-6.0,-45.0
1776884785.9241028,-2.0,-6.0,-42.0
1776884785.9341028,0.0,-5.0,-43.0
1776884785.9441028,3.0,-7.0,-36.0
1776884785.9541028,5.0,-8.0,-31.0
1776884785.9641027,4.0,-10.0,-31.0
1776884785.9741027,8.0,-6.0,-31.0
1776884785.9841027,9.0,0.0,-35.0
1776884785.9941027,7.0,3.0,-39.0
1776884786.0041027,2.0,2.0,-40.0
1776884786.0141027,4.0,3.0,-44.0
1776884786.0241027,2.0,4.0,-48.0
1776884786.034103,5.0,4.0,-43.0
1776884786.044103,4.0,2.0,-39.0
1776884786.054103,7.0,2.0,-39.0
1776884786.0641026,4.0,0.0,-39.0
1776884786.0741026,-2.0,1.0,-43.0
1776884786.0841026,-5.0,5.0,-46.0
1776884786.0941026,-4.0,2.0,-52.0
1776884786.1041028,0.0,0.0,-51.0
1776884786.1141028,0.0,2.0,-52.0
1776884786.1241028,-4.0,0.0,-49.0
1776884786.1341028,-6.0,-1.0,-47.0
1776884786.1441028,-3.0,-1.0,-47.0
1776884786.1541028,-1.0,-2.0,-42.0
1776884786.1641028,-1.0,-2.0,-44.0
1776884786.1741028,0.0,0.0,-37.0
1776884786.1841028,0.0,0.0,-41.0
1776884786.1941028,-1.0,-4.0,-43.0
1776884786.2041028,0.0,-5.0,-40.0
1776884786.2141027,-2.0,0.0,-40.0
1776884786.2241027,1.0,0.0,-41.0
1776884786.2341027,5.0,1.0,-43.0
1776884786.2441027,5.0,2.0,-39.0
1776884786.2541027,4.0,7.0,-43.0
1776884786.2641027,-2.0,7.0,-42.0
1776884786.2741027,-2.0,7.0,-41.0
1776884786.284103,0.0,11.0,-42.0
1776884786.294103,0.0,5.0,-45.0
1776884786.304103,-1.0,0.0,-45.0
1776884786.3141026,-3.0,-2.0,-46.0
1776884786.3241026,-7.0,-3.0,-47.0
1776884786.3341026,-5.0,-2.0,-47.0
1776884786.3441026,-2.0,-2.0,-46.0
1776884786.3541028,6.0,-2.0,-45.0
1776884786.3641028,8.0,0.0,-42.0
1776884786.3741028,9.0,2.0,-48.0
1776884786.3841028,7.0,0.0,-44.0
1776884786.3941028,9.0,-1.0,-39.0
1776884786.4041028,6.0,-4.0,-41.0
1776884786.4141028,2.0,-2.0,-45.0
1776884786.4241028,5.0,-2.0,-47.0
1776884786.4341028,8.0,-5.0,-44.0
1776884786.4441028,3.0,-7.0,-41.0
1776884786.4541028,1.0,-6.0,-38.0
1776884786.4641027,-2.0,-8.0,-40.0
1776884786.4741027,0.0,-7.0,-41.0
1776884786.4841027,-1.0,-6.0,-51.0
1776884786.4941027,0.0,-7.0,-49.0
1776884786.5041027,-1.0,-7.0,-41.0
1776884786.5141027,-3.0,-7.0,-36.0
1776884786.5241027,-7.0,-8.0,-35.0
1776884786.534103,-10.0,-9.0,-34.0
1776884786.544103,-8.0,-8.0,-46.0
1776884786.554103,-5.0,-4.0,-45.0
1776884786.5641026,0.0,-3.0,-40.0
1776884786.5741026,2.0,-6.0,-49.0
1776884786.5841026,4.0,-7.0,-43.0
1776884786.5941026,6.0,-1.0,-46.0
1776884786.6041028,6.0,2.0,-49.0
1776884786.6141028,4.0,5.0,-47.0
1776884786.6241028,6.0,5.0,-45.0
1776884786.6341028,3.0,5.0,-48.0
1776884786.6441028,1.0,4.0,-57.0
1776884786.6541028,-1.0,0.0,-63.0
1776884786.6641028,-1.0,-1.0,-63.0
1776884786.6741028,-3.0,0.0,-55.0
1776884786.6841028,0.0,3.0,-54.0
1776884786.6941028,0.0,3.0,-53.0
1776884786.7041028,-2.0,1.0,-46.0
1776884786.7141027,-5.0,0.0,-49.0
1776884786.7241027,-6.0,-1.0,-51.0
1776884786.7341027,-5.0,0.0,-48.0
1776884786.7441027,-3.0,1.0,-52.0
1776884786.7541027,-4.0,1.0,-52.0
1776884786.7641027,-8.0,-1.0,-47.0
1776884786.7741027,-8.0,0.0,-50.0
1776884786.784103,-6.0,3.0,-52.0
1776884786.794103,-5.0,3.0,-54.0
1776884786.804103,-4.0,2.0,-47.0
1776884786.8141026,-7.0,0.0,-45.0
1776884786.8241026,-3.0,0.0,-49.0
1776884786.8341026,-4.0,2.0,-51.0
1776884786.8441026,-1.0,2.0,-54.0
1776884786.8541028,1.0,-1.0,-51.0
1776884786.8641028,6.0,-1.0,-46.0
1776884786.8741028,6.0,1.0,-44.0
1776884786.8841028,7.0,0.0,-38.0
1776884786.8941028,2.0,2.0,-47.0
1776884786.9041028,3.0,6.0,-45.0
1776884786.9141028,0.0,8.0,-40.0
1776884786.9241028,-4.0,2.0,-42.0
1776884786.9341028,-5.0,1.0,-46.0
1776884786.9441028,-3.0,1.0,-49.0
1776884786.9541028,-1.0,0.0,-51.0
1776884786.9641027,-3.0,1.0,-57.0
1776884786.9741027,-3.0,4.0,-52.0
1776884786.9841027,-3.0,3.0,-55.0
1776884786.9941027,0.0,1.0,-54.0
1776884787.0041027,0.0,2.0,-53.0
1776884787.0141027,0.0,-1.0,-55.0
1776884787.0241027,-2.0,-2.0,-58.0
1776884787.034103,0.0,-2.0,-54.0
1776884787.044103,-3.0,0.0,-46.0
1776884787.054103,-7.0,-1.0,-43.0
1776884787.0641026,-5.0,-5.0,-36.0
1776884787.0741026,-4.0,-6.0,-30.0
1776884787.0841026,-5.0,-1.0,-40.0
1776884787.0941026,-3.0,-2.0,-46.0
1776884787.1041028,-1.0,-3.0,-45.0
1776884787.1141028,0.0,-1.0,-42.0
1776884787.1241028,-1.0,1.0,-43.0
1776884787.1341028,-5.0,-1.0,-45.0
1776884787.1441028,-5.0,-2.0,-40.0
1776884787.1541028,0.0,1.0,-37.0
1776884787.1641028,4.0,-2.0,-30.0
1776884787.1741028,5.0,-4.0,-36.0
1776884787.1841028,1.0,0.0,-39.0
1776884787.1941028,3.0,1.0,-39.0
1776884787.2041028,0.0,-1.0,-37.0
1776884787.2141027,2.0,0.0,-42.0
1776884787.2241027,1.0,-4.0,-39.0
1776884787.2341027,0.0,1.0,-35.0
1776884787.2441027,5.0,0.0,-36.0
1776884787.2541027,8.0,-3.0,-41.0
1776884787.2641027,3.0,-4.0,-41.0
1776884787.2741027,0.0,-6.0,-44.0
1776884787.284103,3.0,-8.0,-46.0
1776884787.294103,3.0,-5.0,-50.0
1776884787.304103,-3.0,-3.0,-51.0
1776884787.3141026,-5.0,0.0,-51.0
1776884787.3251028,0.0,1.0,-55.0
1776884787.3351028,2.0,-2.0,-48.0
1776884787.3451028,0.0,-2.0,-49.0
1776884787.3551028,-1.0,-2.0,-48.0
1776884787.3651028,2.0,2.0,-49.0
1776884787.3751028,2.0,2.0,-48.0
1776884787.3851027,2.0,-3.0,-54.0
1776884787.3951027,2.0,-3.0,-53.0
1776884787.4051027,2.0,-4.0,-50.0
1776884787.4151027,0.0,-8.0,-57.0
1776884787.4251027,3.0,-5.0,-53.0
1776884787.4351027,2.0,-2.0,-54.0
1776884787.4451027,1.0,-4.0,-47.0
1776884787.4551027,0.0,-4.0,-41.0
1776884787.465103,0.0,-6.0,-39.0
1776884787.475103,5.0,-5.0,-32.0
1776884787.485103,5.0,0.0,-29.0
1776884787.4951026,4.0,-1.0,-28.0
1776884787.5051026,7.0,-1.0,-38.0
1776884787.5151026,5.0,-3.0,-34.0
1776884787.5251029,3.0,-5.0,-38.0
1776884787.5351028,2.0,-6.0,-35.0
1776884787.5451028,5.0,-3.0,-34.0
1776884787.5551028,1.0,-2.0,-42.0
1776884787.5651028,0.0,-5.0,-46.0
1776884787.5751028,0.0,-4.0,-41.0
1776884787.5851028,4.0,-4.0,-40.0
1776884787.5951028,9.0,-1.0,-32.0
1776884787.6051028,8.0,1.0,-32.0
1776884787.6151028,5.0,0.0,-37.0
1776884787.6251028,1.0,2.0,-42.0
1776884787.6351027,0.0,3.0,-37.0
1776884787.6451027,1.0,0.0,-39.0
1776884787.6551027,3.0,0.0,-38.0
1776884787.6651027,6.0,2.0,-33.0
1776884787.6751027,3.0,-3.0,-37.0
1776884787.6851027,0.0,-4.0,-40.0
1776884787.6951027,0.0,-8.0,-32.0
1776884787.7051027,-2.0,-8.0,-31.0
1776884787.715103,-4.0,-4.0,-32.0
1776884787.725103,-5.0,-5.0,-33.0
1776884787.735103,-1.0,-4.0,-37.0
1776884787.7451026,3.0,-6.0,-37.0
1776884787.7551026,7.0,-5.0,-37.0
1776884787.7651026,5.0,-3.0,-35.0
1776884787.7751029,0.0,-5.0,-33.0
1776884787.7851028,-1.0,-4.0,-34.0
1776884787.7951028,-5.0,-3.0,-39.0
1776884787.8051028,-5.0,-3.0,-43.0
1776884787.8151028,-6.0,0.0,-46.0
1776884787.8251028,-6.0,0.0,-50.0
1776884787.8351028,-5.0,2.0,-55.0
1776884787.8451028,0.0,0.0,-47.0
1776884787.8551028,1.0,0.0,-43.0
1776884787.8651028,-2.0,2.0,-42.0
1776884787.8751028,3.0,4.0,-39.0
1776884787.8851027,3.0,9.0,-38.0
1776884787.8951027,0.0,4.0,-41.0
1776884787.9051027,1.0,1.0,-47.0
1776884787.9151027,-1.0,-2.0,-43.0
1776884787.9251027,-1.0,-1.0,-42.0
1776884787.9351027,-2.0,-2.0,-36.0
1776884787.9451027,0.0,-4.0,-42.0
1776884787.9551027,-2.0,-2.0,-49.0
1776884787.965103,-3.0,0.0,-56.0
1776884787.975103,0.0,-3.0,-57.0
1776884787.985103,0.0,-4.0,-53.0
1776884787.9951026,-3.0,-4.0,-50.0
1776884788.0051026,1.0,-5.0,-44.0
1776884788.0151026,6.0,-1.0,-43.0
1776884788.0251029,5.0,-2.0,-42.0
1776884788.0351028,4.0,2.0,-46.0
1776884788.0451028,7.0,3.0,-42.0
1776884788.0551028,5.0,4.0,-44.0
1776884788.0651028,4.0,2.0,-43.0
1776884788.0751028,5.0,3.0,-41.0
1776884788.0851028,0.0,0.0,-44.0
1776884788.0951028,0.0,3.0,-38.0
1776884788.1051028,-6.0,3.0,-43.0
1776884788.1151028,-7.0,0.0,-43.0
1776884788.1251028,0.0,-1.0,-35.0
1776884788.1351027,3.0,-2.0,-36.0
1776884788.1451027,1.0,0.0,-33.0
1776884788.1551027,1.0,-2.0,-40.0
1776884788.1651027,3.0,-4.0,-45.0
1776884788.1751027,0.0,-4.0,-43.0
1776884788.1851027,0.0,-4.0,-47.0
1776884788.1951027,-3.0,2.0,-47.0
1776884788.2051027,-1.0,-1.0,-48.0
1776884788.215103,-2.0,2.0,-43.0
1776884788.225103,-2.0,3.0,-43.0
1776884788.235103,0.0,6.0,-42.0
1776884788.2451026,5.0,4.0,-45.0
1776884788.2551026,2.0,0.0,-45.0
1776884788.2651026,5.0,2.0,-41.0
1776884788.2751029,1.0,2.0,-45.0
1776884788.2851028,1.0,5.0,-47.0
1776884788.2951028,0.0,5.0,-47.0
1776884788.3051028,0.0,3.0,-42.0
1776884788.3151028,0.0,0.0,-42.0
1776884788.3251028,0.0,-3.0,-44.0
1776884788.3351028,1.0,-5.0,-50.0
1776884788.3451028,2.0,-9.0,-53.0
1776884788.3551028,0.0,-10.0,-51.0
1776884788.3651028,3.0,-5.0,-45.0
1776884788.3751028,-1.0,-1.0,-51.0
1776884788.3851027,-4.0,-2.0,-52.0
1776884788.3951027,0.0,0.0,-53.0
1776884788.4051027,-1.0,-1.0,-57.0
1776884788.4151027,0.0,-2.0,-57.0
1776884788.4251027,2.0,1.0,-53.0
1776884788.4351027,6.0,0.0,-52.0
1776884788.4451027,9.0,0.0,-48.0
1776884788.4551027,5.0,3.0,-50.0
1776884788.465103,8.0,2.0,-47.0
1776884788.475103,8.0,4.0,-41.0
1776884788.485103,9.0,4.0,-42.0
1776884788.4951026,9.0,2.0,-46.0
1776884788.5051026,5.0,3.0,-50.0
1776884788.5151026,0.0,3.0,-55.0
1776884788.5251029,0.0,-2.0,-50.0
1776884788.5351028,-6.0,0.0,-49.0
1776884788.5451028,-3.0,1.0,-46.0
1776884788.5551028,-9.0,1.0,-47.0
1776884788.5651028,-7.0,1.0,-44.0
1776884788.5751028,-6.0,4.0,-43.0
1776884788.5851028,-6.0,3.0,-37.0
1776884788.5951028,-6.0,3.0,-36.0
1776884788.6051028,-7.0,6.0,-36.0
1776884788.6151028,-4.0,3.0,-37.0
1776884788.6251028,-6.0,3.0,-47.0
1776884788.6351027,-5.0,0.0,-46.0
1776884788.6451027,-5.0,1.0,-44.0
1776884788.6551027,-4.0,4.0,-49.0
1776884788.6651027,-5.0,6.0,-50.0
1776884788.6751027,-3.0,2.0,-42.0
1776884788.6851027,-2.0,1.0,-43.0
1776884788.6951027,-1.0,0.0,-46.0
1776884788.7051027,-3.0,0.0,-55.0
1776884788.715103,0.0,-3.0,-54.0
1776884788.725103,3.0,0.0,-47.0
1776884788.735103,2.0,-2.0,-44.0
1776884788.7451026,5.0,-2.0,-43.0
1776884788.7551026,4.0,-2.0,-41.0
1776884788.7651026,4.0,0.0,-46.0
1776884788.7751029,-1.0,0.0,-44.0
1776884788.7851028,-2.0,1.0,-49.0
1776884788.7951028,-2.0,0.0,-46.0
1776884788.8051028,3.0,-1.0,-41.0
1776884788.8151028,1.0,0.0,-41.0
1776884788.8251028,1.0,1.0,-41.0
1776884788.8351028,1.0,0.0,-45.0
1776884788.8451028,0.0,0.0,-43.0
1776884788.8551028,1.0,0.0,-43.0
1776884788.8651028,2.0,0.0,-46.0
1776884788.8751028,1.0,-2.0,-44.0
1776884788.8851027,-3.0,-2.0,-51.0
1776884788.8951027,0.0,-8.0,-52.0
1776884788.9051027,3.0,-7.0,-51.0
1776884788.9151027,2.0,-5.0,-46.0
1776884788.9251027,3.0,-6.0,-44.0
1776884788.9351027,5.0,-4.0,-42.0
1776884788.9451027,3.0,-3.0,-41.0
1776884788.9551027,10.0,2.0,-46.0
1776884788.965103,6.0,3.0,-50.0
1776884788.975103,5.0,4.0,-50.0
1776884788.985103,2.0,8.0,-42.0
1776884788.9951026,0.0,6.0,-44.0
1776884789.0051026,0.0,3.0,-44.0
1776884789.0151026,-3.0,3.0,-49.0
1776884789.0251029,-6.0,6.0,-44.0
1776884789.0351028,-1.0,5.0,-45.0
1776884789.0451028,0.0,1.0,-45.0
1776884789.0551028,0.0,0.0,-41.0
1776884789.0651028,-2.0,0.0,-48.0
1776884789.0751028,0.0,0.0,-41.0
1776884789.0851028,-4.0,0.0,-37.0
1776884789.0951028,0.0,-1.0,-35.0
1776884789.1051028,1.0,-3.0,-39.0
1776884789.1151028,3.0,-1.0,-42.0
1776884789.1251028,1.0,-1.0,-44.0
1776884789.1351027,2.0,-1.0,-47.0
1776884789.1451027,0.0,0.0,-50.0
1776884789.1551027,-2.0,-6.0,-48.0
1776884789.1651027,-1.0,-6.0,-44.0
1776884789.1751027,-1.0,-7.0,-40.0
1776884789.1851027,1.0,-5.0,-39.0
1776884789.1951027,-1.0,-4.0,-44.0
1776884789.2051027,1.0,-3.0,-46.0
1776884789.215103,1.0,-2.0,-48.0
1776884789.225103,1.0,-2.0,-53.0
1776884789.235103,2.0,-1.0,-46.0
1776884789.2451026,-2.0,-4.0,-46.0
1776884789.2551026,-2.0,-2.0,-54.0
1776884789.2651026,-1.0,-3.0,-51.0
1776884789.2761028,3.0,-7.0,-47.0
1776884789.2861028,2.0,-3.0,-46.0
1776884789.2961028,1.0,-3.0,-43.0
1776884789.3051028,-1.0,-8.0,-35.0
1776884789.3161027,1.0,-7.0,-34.0
1776884789.3261027,3.0,-3.0,-38.0
1776884789.3361027,0.0,-3.0,-40.0
1776884789.3461027,0.0,-3.0,-45.0
1776884789.3561027,-2.0,0.0,-44.0
1776884789.3661027,-2.0,-3.0,-46.0
1776884789.3761027,0.0,-9.0,-48.0
1776884789.386103,0.0,-8.0,-48.0
1776884789.396103,-1.0,-4.0,-44.0
1776884789.406103,1.0,-4.0,-38.0
1776884789.4161026,6.0,-5.0,-35.0
1776884789.4261026,3.0,-4.0,-36.0
1776884789.4361026,-1.0,-1.0,-37.0
1776884789.4461029,-3.0,0.0,-44.0
1776884789.4561028,1.0,2.0,-40.0
1776884789.4661028,3.0,1.0,-32.0
1776884789.4761028,4.0,0.0,-38.0
1776884789.4861028,3.0,0.0,-36.0
1776884789.4961028,3.0,-5.0,-30.0
1776884789.5061028,-1.0,-4.0,-39.0
1776884789.5161028,-6.0,-6.0,-45.0
1776884789.5261028,-1.0,-6.0,-49.0
1776884789.5361028,0.0,-3.0,-41.0
1776884789.5461028,0.0,0.0,-38.0
1776884789.5561028,-5.0,-2.0,-40.0
1776884789.5661027,-6.0,-5.0,-41.0
1776884789.5761027,-8.0,-6.0,-44.0
1776884789.5861027,-7.0,-4.0,-40.0
1776884789.5961027,-3.0,-3.0,-40.0
1776884789.6061027,-4.0,-6.0,-37.0
1776884789.6161027,0.0,-4.0,-38.0
1776884789.6261027,3.0,-4.0,-40.0
1776884789.636103,1.0,-7.0,-46.0
1776884789.646103,1.0,-6.0,-48.0
1776884789.656103,0.0,-3.0,-45.0
1776884789.6661026,2.0,-5.0,-47.0
1776884789.6761026,0.0,-3.0,-45.0
1776884789.6861026,0.0,-4.0,-46.0
1776884789.6961029,3.0,-2.0,-45.0
1776884789.7061028,2.0,-4.0,-44.0
1776884789.7161028,5.0,-4.0,-45.0
1776884789.7261028,7.0,-2.0,-40.0
1776884789.7361028,7.0,-1.0,-44.0
1776884789.7461028,5.0,-5.0,-37.0
1776884789.7561028,4.0,-8.0,-39.0
1776884789.7661028,0.0,-9.0,-37.0
1776884789.7761028,2.0,-7.0,-48.0
1776884789.7861028,3.0,-5.0,-36.0
1776884789.7961028,4.0,-3.0,-32.0
1776884789.8061028,0.0,0.0,-30.0
1776884789.8161027,-4.0,1.0,-30.0
1776884789.8261027,-1.0,0.0,-29.0
1776884789.8361027,-2.0,-1.0,-32.0
1776884789.8461027,1.0,-2.0,-30.0
1776884789.8561027,1.0,-3.0,-31.0
1776884789.8661027,-2.0,-5.0,-31.0
1776884789.8761027,-5.0,-4.0,-27.0
1776884789.886103,-2.0,0.0,-31.0
1776884789.896103,-4.0,-3.0,-37.0
1776884789.906103,-3.0,-2.0,-33.0
1776884789.9161026,-2.0,-4.0,-35.0
1776884789.9261026,-6.0,-1.0,-38.0
1776884789.9361026,-3.0,2.0,-38.0
1776884789.9461029,-9.0,8.0,-43.0
1776884789.9561028,-8.0,6.0,-44.0
1776884789.9661028,-5.0,5.0,-50.0
1776884789.9761028,-2.0,2.0,-53.0
1776884789.9861028,0.0,-1.0,-52.0
1776884789.9961028,1.0,0.0,-49.0
1776884790.0061028,0.0,-3.0,-54.0
1776884790.0161028,-3.0,0.0,-55.0
1776884790.0261028,-5.0,0.0,-48.0
1776884790.0361028,-4.0,-2.0,-50.0
1776884790.0461028,-5.0,-4.0,-50.0
1776884790.0561028,-2.0,-7.0,-47.0
1776884790.0661027,-2.0,0.0,-53.0
1776884790.0761027,-3.0,-1.0,-49.0
1776884790.0861027,-5.0,-3.0,-52.0
1776884790.0961027,-8.0,-5.0,-52.0
1776884790.1061027,-7.0,-4.0,-50.0
1776884790.1161027,0.0,-2.0,-55.0
1776884790.1261027,0.0,-5.0,-53.0
1776884790.136103,4.0,-6.0,-54.0
1776884790.146103,0.0,0.0,-53.0
1776884790.156103,0.0,-2.0,-53.0
1776884790.1661026,0.0,-1.0,-52.0
1776884790.1761026,0.0,-1.0,-53.0
1776884790.1861026,0.0,-2.0,-51.0
1776884790.1961029,1.0,-4.0,-44.0
1776884790.2061028,-1.0,-4.0,-44.0
1776884790.2161028,-6.0,-4.0,-50.0
1776884790.2261028,-8.0,-2.0,-56.0
1776884790.2361028,-6.0,0.0,-58.0
1776884790.2461028,-7.0,-1.0,-54.0
1776884790.2561028,-3.0,-2.0,-46.0
1776884790.2661028,0.0,-1.0,-41.0
1776884790.2761028,-1.0,-4.0,-41.0
1776884790.2861028,-1.0,-1.0,-46.0
1776884790.2961028,-3.0,-3.0,-50.0
1776884790.3061028,-2.0,-3.0,-51.0
1776884790.3161027,-7.0,-1.0,-46.0
1776884790.3261027,-5.0,-1.0,-45.0
1776884790.3361027,-3.0,3.0,-44.0
1776884790.3461027,1.0,1.0,-53.0
1776884790.3561027,0.0,-1.0,-50.0
1776884790.3661027,4.0,-7.0,-45.0
1776884790.3761027,3.0,-7.0,-48.0
1776884790.386103,2.0,-4.0,-49.0
1776884790.396103,0.0,-9.0,-47.0
1776884790.406103,1.0,-9.0,-49.0
1776884790.4161026,3.0,-5.0,-45.0
1776884790.4261026,3.0,-3.0,-52.0
1776884790.4361026,3.0,-3.0,-48.0
1776884790.4461029,1.0,-1.0,-40.0
1776884790.4561028,2.0,-4.0,-32.0
1776884790.4661028,3.0,-5.0,-40.0
1776884790.4761028,0.0,-5.0,-40.0
1776884790.4861028,0.0,-5.0,-37.0
1776884790.4961028,-2.0,-9.0,-39.0
1776884790.5061028,0.0,-8.0,-35.0
1776884790.5161028,-1.0,-8.0,-34.0
1776884790.5261028,0.0,-2.0,-43.0
1776884790.5361028,0.0,-4.0,-47.0
1776884790.5461028,-2.0,-3.0,-46.0
1776884790.5561028,-3.0,-5.0,-43.0
1776884790.5661027,-7.0,-6.0,-43.0
1776884790.5761027,-7.0,-2.0,-47.0
1776884790.5861027,-6.0,-3.0,-41.0
1776884790.5961027,-5.0,2.0,-35.0
1776884790.6061027,-4.0,3.0,-37.0
1776884790.6161027,-3.0,2.0,-52.0
1776884790.6261027,-9.0,1.0,-52.0
1776884790.636103,-7.0,2.0,-47.0
1776884790.646103,-4.0,1.0,-46.0
1776884790.656103,-2.0,0.0,-39.0
1776884790.6661026,0.0,-2.0,-45.0
1776884790.6761026,-1.0,-1.0,-47.0
1776884790.6861026,-8.0,-7.0,-47.0
1776884790.6961029,-11.0,-7.0,-46.0
1776884790.7061028,-9.0,-9.0,-47.0
1776884790.7161028,-4.0,-11.0,-48.0
1776884790.7261028,-2.0,-8.0,-51.0
1776884790.7361028,0.0,-5.0,-45.0
1776884790.7461028,-2.0,-1.0,-37.0
1776884790.7561028,-3.0,1.0,-39.0
1776884790.7661028,-10.0,1.0,-37.0
1776884790.7761028,-8.0,0.0,-38.0
1776884790.7861028,-5.0,2.0,-38.0
1776884790.7961028,-6.0,3.0,-40.0
1776884790.8061028,-4.0,5.0,-44.0
1776884790.8161027,-3.0,5.0,-43.0
1776884790.8261027,-2.0,8.0,-44.0
1776884790.8361027,-1.0,8.0,-47.0
1776884790.8461027,0.0,6.0,-48.0
1776884790.8561027,1.0,1.0,-49.0
1776884790.8661027,-5.0,0.0,-47.0
1776884790.8761027,-2.0,-1.0,-44.0
1776884790.886103,0.0,-3.0,-50.0
1776884790.896103,0.0,-5.0,-47.0
1776884790.906103,-1.0,-4.0,-49.0
1776884790.9161026,1.0,-4.0,-48.0
1776884790.9261026,3.0,-2.0,-43.0
1776884790.9361026,1.0,1.0,-42.0
1776884790.9461029,-1.0,1.0,-38.0
1776884790.9561028,0.0,3.0,-41.0
1776884790.9661028,3.0,1.0,-40.0
1776884790.9761028,6.0,-3.0,-46.0
1776884790.9861028,9.0,-4.0,-47.0
1776884790.9961028,6.0,0.0,-45.0
1776884791.0061028,0.0,0.0,-49.0
1776884791.0161028,-2.0,-1.0,-51.0
1776884791.0261028,-1.0,-3.0,-52.0
1776884791.0361028,2.0,-4.0,-55.0
1776884791.0461028,2.0,-1.0,-60.0
1776884791.0561028,4.0,-6.0,-61.0
1776884791.0661027,3.0,-5.0,-59.0
1776884791.0761027,2.0,-8.0,-54.0
1776884791.0861027,1.0,-6.0,-52.0
1776884791.0961027,0.0,-5.0,-58.0
1776884791.1061027,1.0,-6.0,-51.0
1776884791.1161027,1.0,-2.0,-52.0
1776884791.1261027,0.0,-1.0,-54.0
1776884791.136103,1.0,-3.0,-56.0
1776884791.146103,4.0,-5.0,-50.0
1776884791.156103,5.0,-2.0,-45.0
1776884791.1661026,3.0,-2.0,-46.0
1776884791.1761026,-2.0,-1.0,-56.0
1776884791.1861026,-4.0,-1.0,-44.0
1776884791.1961029,-4.0,-2.0,-44.0
1776884791.2061028,-3.0,-2.0,-50.0
1776884791.2161028,-3.0,-5.0,-55.0
1776884791.2271028,-1.0,-3.0,-59.0
1776884791.2371027,1.0,-3.0,-67.0
1776884791.2461028,1.0,-4.0,-59.0
1776884791.2561028,0.0,-4.0,-54.0
1776884791.2661028,0.0,-4.0,-56.0
1776884791.2771027,2.0,-9.0,-53.0
1776884791.2871027,0.0,-11.0,-52.0
1776884791.2971027,-1.0,-8.0,-52.0
1776884791.307103,-1.0,-5.0,-54.0
1776884791.317103,4.0,-2.0,-52.0
1776884791.327103,0.0,-2.0,-52.0
1776884791.337103,1.0,1.0,-62.0
1776884791.3471026,0.0,4.0,-65.0
1776884791.3571026,6.0,2.0,-61.0
1776884791.3671026,5.0,0.0,-59.0
1776884791.3771029,4.0,1.0,-58.0
1776884791.3871028,3.0,1.0,-50.0
1776884791.3971028,1.0,2.0,-53.0
1776884791.4071028,-1.0,2.0,-51.0
1776884791.4171028,-5.0,1.0,-51.0
1776884791.4271028,-8.0,-1.0,-49.0
1776884791.4371028,-3.0,-2.0,-48.0
1776884791.4471028,-4.0,-6.0,-46.0
1776884791.4571028,-5.0,-7.0,-47.0
1776884791.4671028,-2.0,-7.0,-49.0
1776884791.4771028,-1.0,-4.0,-48.0
1776884791.4871027,0.0,-2.0,-54.0
1776884791.4971027,0.0,-1.0,-56.0
1776884791.5071027,0.0,-2.0,-59.0
1776884791.5171027,-5.0,-3.0,-58.0
1776884791.5271027,0.0,-5.0,-59.0
1776884791.5371027,-2.0,-2.0,-55.0
1776884791.5471027,-6.0,-3.0,-47.0
1776884791.557103,-5.0,-3.0,-46.0
1776884791.567103,-4.0,-7.0,-49.0
1776884791.577103,-3.0,-5.0,-57.0
1776884791.587103,2.0,0.0,-63.0
1776884791.5971026,3.0,4.0,-66.0
1776884791.6071026,0.0,2.0,-63.0
1776884791.6171026,3.0,3.0,-56.0
1776884791.6271029,1.0,3.0,-58.0
1776884791.6371028,1.0,4.0,-58.0
1776884791.6471028,3.0,4.0,-56.0
1776884791.6571028,-2.0,4.0,-52.0
1776884791.6671028,-3.0,0.0,-49.0
1776884791.6771028,-1.0,-4.0,-45.0
1776884791.6871028,2.0,-3.0,-42.0
1776884791.6971028,2.0,-2.0,-46.0
1776884791.7071028,-2.0,-3.0,-46.0
1776884791.7171028,0.0,-1.0,-48.0
1776884791.7271028,0.0,-1.0,-45.0
1776884791.7371027,-5.0,1.0,-47.0
1776884791.7471027,-5.0,1.0,-41.0
1776884791.7571027,-1.0,2.0,-43.0
1776884791.7671027,1.0,-1.0,-42.0
1776884791.7771027,2.0,0.0,-43.0
1776884791.7871027,2.0,2.0,-43.0
1776884791.7971027,-3.0,1.0,-41.0
1776884791.807103,-2.0,5.0,-41.0
1776884791.817103,-2.0,4.0,-44.0
1776884791.827103,-1.0,2.0,-38.0
1776884791.837103,-2.0,3.0,-33.0
1776884791.8471026,-2.0,0.0,-40.0
1776884791.8571026,-4.0,-1.0,-45.0
1776884791.8671026,-2.0,-2.0,-55.0
1776884791.8771029,1.0,-3.0,-55.0
1776884791.8871028,-1.0,0.0,-57.0
1776884791.8971028,-1.0,2.0,-55.0
1776884791.9071028,-1.0,3.0,-58.0
1776884791.9171028,-1.0,0.0,-57.0
1776884791.9271028,2.0,0.0,-55.0
1776884791.9371028,6.0,1.0,-54.0
1776884791.9471028,4.0,4.0,-47.0
1776884791.9571028,0.0,1.0,-43.0
1776884791.9671028,0.0,-1.0,-47.0
1776884791.9771028,2.0,0.0,-46.0
1776884791.9871027,2.0,-1.0,-46.0
1776884791.9971027,8.0,-1.0,-46.0
1776884792.0071027,5.0,0.0,-49.0
1776884792.0171027,5.0,0.0,-46.0
1776884792.0271027,2.0,1.0,-41.0
1776884792.0371027,-3.0,-1.0,-35.0
1776884792.0471027,-2.0,1.0,-35.0
1776884792.057103,0.0,1.0,-46.0
1776884792.067103,-1.0,1.0,-42.0
1776884792.077103,-4.0,4.0,-37.0
1776884792.087103,-4.0,7.0,-36.0
1776884792.0971026,-3.0,3.0,-39.0
1776884792.1071026,-2.0,3.0,-41.0
1776884792.1171026,0.0,-1.0,-44.0
1776884792.1271029,0.0,-1.0,-36.0
1776884792.1371028,0.0,0.0,-33.0
1776884792.1471028,7.0,4.0,-38.0
1776884792.1571028,3.0,1.0,-36.0
1776884792.1671028,7.0,2.0,-31.0
1776884792.1771028,6.0,2.0,-33.0
1776884792.1871028,6.0,-3.0,-36.0
1776884792.1971028,4.0,-6.0,-37.0
1776884792.2071028,3.0,-3.0,-35.0
1776884792.2171028,2.0,-1.0,-42.0
1776884792.2271028,7.0,0.0,-51.0
1776884792.2371027,7.0,-3.0,-55.0
1776884792.2471027,5.0,-3.0,-55.0
1776884792.2571027,3.0,-2.0,-50.0
1776884792.2671027,6.0,-4.0,-45.0
1776884792.2771027,10.0,-5.0,-37.0
1776884792.2871027,10.0,-5.0,-40.0
1776884792.2971027,4.0,-4.0,-45.0
1776884792.307103,0.0,3.0,-50.0
1776884792.317103,1.0,6.0,-53.0
1776884792.327103,4.0,5.0,-53.0
1776884792.337103,-1.0,2.0,-58.0
1776884792.3471026,0.0,0.0,-60.0
1776884792.3571026,5.0,-4.0,-62.0
1776884792.3671026,4.0,-2.0,-51.0
1776884792.3771029,0.0,-5.0,-53.0
1776884792.3871028,3.0,-5.0,-47.0
1776884792.3971028,1.0,-4.0,-44.0
1776884792.4071028,4.0,-2.0,-48.0
1776884792.4171028,1.0,-4.0,-45.0
1776884792.4271028,-3.0,-6.0,-46.0
1776884792.4371028,-7.0,-6.0,-49.0
1776884792.4471028,-9.0,-7.0,-42.0
1776884792.4571028,-7.0,-10.0,-45.0
1776884792.4671028,-5.0,-10.0,-47.0
1776884792.4771028,-1.0,-13.0,-50.0
1776884792.4871027,1.0,-12.0,-51.0
1776884792.4971027,0.0,-8.0,-46.0
1776884792.5071027,6.0,-5.0,-47.0
1776884792.5171027,4.0,-4.0,-50.0
1776884792.5271027,1.0,-5.0,-48.0
1776884792.5371027,0.0,-3.0,-53.0
1776884792.5471027,0.0,-1.0,-50.0
1776884792.557103,2.0,0.0,-46.0
1776884792.567103,1.0,-2.0,-51.0
1776884792.577103,0.0,-4.0,-53.0
1776884792.5881028,2.0,-4.0,-50.0
1776884792.5971026,1.0,-4.0,-52.0
1776884792.6071026,4.0,-2.0,-50.0
1776884792.6171026,5.0,1.0,-51.0
1776884792.6271029,2.0,5.0,-52.0
1776884792.6371028,4.0,5.0,-45.0
1776884792.6471028,6.0,1.0,-45.0
1776884792.6571028,4.0,0.0,-38.0
1776884792.6671028,2.0,-2.0,-37.0
1776884792.6771028,0.0,-2.0,-42.0
1776884792.6871028,0.0,-1.0,-48.0
1776884792.6971028,0.0,-2.0,-54.0
1776884792.7071028,-1.0,-5.0,-51.0
1776884792.7171028,0.0,-4.0,-46.0
1776884792.7271028,-5.0,-1.0,-45.0
1776884792.7371027,-8.0,2.0,-44.0
1776884792.7471027,-3.0,7.0,-51.0
1776884792.7571027,0.0,7.0,-49.0
1776884792.7671027,3.0,7.0,-45.0
1776884792.7771027,-1.0,1.0,-46.0
1776884792.7871027,-6.0,2.0,-48.0
1776884792.7971027,-9.0,1.0,-48.0
1776884792.807103,-7.0,2.0,-42.0
1776884792.817103,0.0,-1.0,-41.0
1776884792.827103,4.0,-3.0,-44.0
1776884792.837103,2.0,-6.0,-46.0
1776884792.8471026,1.0,-6.0,-50.0
1776884792.8571026,0.0,-4.0,-58.0
1776884792.8671026,-4.0,-3.0,-60.0
1776884792.8771029,0.0,-3.0,-59.0
1776884792.8871028,4.0,-2.0,-51.0
1776884792.8971028,6.0,-3.0,-45.0
1776884792.9071028,4.0,-1.0,-43.0
1776884792.9171028,1.0,1.0,-44.0
1776884792.9271028,3.0,0.0,-50.0
1776884792.9371028,2.0,-2.0,-46.0
1776884792.9471028,1.0,-1.0,-43.0
1776884792.9571028,5.0,-2.0,-44.0
1776884792.9671028,6.0,-4.0,-43.0
1776884792.9771028,6.0,-5.0,-43.0
1776884792.9871027,5.0,-4.0,-42.0
1776884792.9971027,-1.0,-9.0,-46.0
1776884793.0071027,-2.0,-8.0,-42.0
1776884793.0171027,-8.0,-7.0,-47.0
1776884793.0271027,-8.0,-7.0,-51.0
1776884793.0371027,-7.0,-4.0,-52.0
1776884793.0471027,-3.0,-3.0,-53.0
1776884793.057103,-1.0,-2.0,-53.0
1776884793.067103,5.0,-5.0,-52.0
1776884793.077103,5.0,-1.0,-49.0
1776884793.087103,0.0,-3.0,-49.0
1776884793.0971026,2.0,-6.0,-49.0
1776884793.1071026,3.0,-5.0,-53.0
1776884793.1171026,5.0,-5.0,-46.0
1776884793.1271029,1.0,-2.0,-38.0
1776884793.1371028,4.0,2.0,-36.0
1776884793.1471028,0.0,3.0,-36.0
1776884793.1571028,1.0,3.0,-42.0
1776884793.1671028,0.0,0.0,-45.0
1776884793.1771028,-4.0,-2.0,-49.0
1776884793.1871028,-1.0,-3.0,-47.0
1776884793.1971028,-2.0,0.0,-39.0
1776884793.2071028,-2.0,0.0,-41.0
1776884793.2171028,-5.0,-1.0,-39.0
1776884793.2271028,-4.0,-1.0,-38.0
1776884793.238103,-2.0,0.0,-41.0
1776884793.248103,-2.0,2.0,-39.0
1776884793.258103,-3.0,0.0,-40.0
1776884793.2681026,-4.0,-3.0,-40.0
1776884793.2781026,-3.0,-3.0,-43.0
1776884793.2881026,-5.0,0.0,-42.0
1776884793.2981029,-2.0,-2.0,-40.0
1776884793.3081028,-2.0,-1.0,-47.0
1776884793.3181028,-4.0,0.0,-50.0
1776884793.3281028,-8.0,4.0,-54.0
1776884793.3381028,-8.0,6.0,-47.0
1776884793.3481028,-10.0,2.0,-52.0
1776884793.3581028,-8.0,4.0,-48.0
1776884793.3681028,-1.0,5.0,-48.0
1776884793.3781028,-6.0,5.0,-48.0
1776884793.3881028,-6.0,6.0,-41.0
1776884793.3981028,-3.0,5.0,-42.0
1776884793.4081028,-2.0,4.0,-41.0
1776884793.4181027,0.0,4.0,-41.0
1776884793.4281027,-1.0,1.0,-43.0
1776884793.4381027,-3.0,0.0,-49.0
1776884793.4481027,-7.0,1.0,-50.0
1776884793.4581027,-7.0,0.0,-45.0
1776884793.4681027,-4.0,-2.0,-46.0
1776884793.4781027,-5.0,2.0,-47.0
1776884793.488103,-9.0,1.0,-48.0
1776884793.498103,-8.0,0.0,-48.0
1776884793.508103,-3.0,0.0,-50.0
1776884793.5181026,0.0,-3.0,-48.0
1776884793.5281026,0.0,-5.0,-44.0
1776884793.5381026,0.0,-3.0,-42.0
1776884793.5481029,-1.0,-8.0,-42.0
1776884793.5581028,-2.0,-9.0,-37.0
1776884793.5681028,-1.0,-9.0,-38.0
1776884793.5781028,1.0,-8.0,-44.0
1776884793.5881028,1.0,-7.0,-54.0
1776884793.5981028,5.0,-7.0,-50.0
1776884793.6081028,0.0,-6.0,-52.0
1776884793.6181028,-1.0,-4.0,-54.0
1776884793.6281028,-1.0,-4.0,-51.0
1776884793.6381028,-2.0,-4.0,-50.0
1776884793.6481028,-2.0,-4.0,-47.0
1776884793.6581028,-1.0,-3.0,-51.0
1776884793.6681027,-1.0,0.0,-49.0
1776884793.6781027,-4.0,-5.0,-43.0
1776884793.6881027,-5.0,-1.0,-48.0
1776884793.6981027,-2.0,-4.0,-48.0
1776884793.7081027,-1.0,-5.0,-43.0
1776884793.7181027,1.0,-4.0,-45.0
1776884793.7281027,0.0,-4.0,-42.0
1776884793.738103,1.0,-4.0,-44.0
1776884793.748103,2.0,-6.0,-43.0
1776884793.758103,3.0,-4.0,-44.0
1776884793.7681026,4.0,-8.0,-41.0
1776884793.7781026,5.0,-6.0,-41.0
1776884793.7881026,2.0,-5.0,-40.0
1776884793.7981029,2.0,-2.0,-38.0
1776884793.8081028,2.0,-5.0,-42.0
1776884793.8181028,3.0,-6.0,-48.0
1776884793.8281028,0.0,-3.0,-52.0
1776884793.8381028,0.0,-3.0,-48.0
1776884793.8481028,0.0,0.0,-57.0
1776884793.8581028,1.0,0.0,-49.0
1776884793.8681028,2.0,2.0,-44.0
1776884793.8781028,1.0,5.0,-41.0
1776884793.8881028,2.0,4.0,-42.0
1776884793.8981028,1.0,5.0,-50.0
1776884793.9081028,-2.0,1.0,-49.0
1776884793.9181027,-1.0,1.0,-46.0
1776884793.9281027,1.0,-1.0,-46.0
1776884793.9381027,2.0,-4.0,-54.0
1776884793.9481027,4.0,-3.0,-52.0
1776884793.9581027,3.0,-2.0,-47.0
1776884793.9681027,7.0,-3.0,-44.0
1776884793.9781027,9.0,-4.0,-42.0
1776884793.988103,7.0,-2.0,-45.0
1776884793.998103,6.0,-1.0,-50.0
1776884794.008103,3.0,-3.0,-58.0
1776884794.0181026,5.0,-2.0,-59.0
1776884794.0281026,9.0,-5.0,-54.0
1776884794.0381026,8.0,-5.0,-50.0
1776884794.0481029,4.0,-1.0,-51.0
1776884794.0581028,9.0,-2.0,-54.0
1776884794.0681028,9.0,0.0,-46.0
1776884794.0781028,7.0,2.0,-48.0
1776884794.0881028,6.0,-1.0,-45.0
1776884794.0981028,4.0,-4.0,-42.0
1776884794.1081028,1.0,-4.0,-44.0
1776884794.1181028,0.0,-5.0,-42.0
1776884794.1281028,0.0,-4.0,-47.0
1776884794.1381028,0.0,-3.0,-49.0
1776884794.1481028,0.0,-2.0,-41.0
1776884794.1581028,0.0,-4.0,-42.0
1776884794.1681027,2.0,0.0,-36.0
1776884794.1781027,3.0,0.0,-38.0
1776884794.1881027,6.0,0.0,-42.0
1776884794.1981027,9.0,1.0,-43.0
1776884794.2081027,7.0,2.0,-44.0
1776884794.2181027,4.0,5.0,-44.0
1776884794.2281027,1.0,3.0,-44.0
1776884794.238103,1.0,3.0,-36.0
1776884794.248103,0.0,3.0,-38.0
1776884794.258103,0.0,0.0,-42.0
1776884794.2681026,1.0,0.0,-40.0
1776884794.2781026,2.0,0.0,-38.0
1776884794.2881026,0.0,-2.0,-33.0
1776884794.2981029,0.0,-8.0,-29.0
1776884794.3081028,-1.0,-7.0,-36.0
1776884794.3181028,0.0,-8.0,-41.0
1776884794.3281028,2.0,-8.0,-42.0
1776884794.3381028,3.0,-6.0,-42.0
1776884794.3481028,4.0,-7.0,-44.0
1776884794.3581028,1.0,-7.0,-48.0
1776884794.3681028,1.0,-4.0,-56.0
1776884794.3781028,-3.0,-3.0,-52.0
1776884794.3881028,-4.0,-1.0,-46.0
1776884794.3981028,-5.0,-3.0,-43.0
1776884794.4081028,-3.0,-1.0,-46.0
1776884794.4181027,0.0,2.0,-43.0
1776884794.4281027,1.0,4.0,-42.0
1776884794.4381027,1.0,6.0,-43.0
1776884794.4481027,6.0,-1.0,-47.0
1776884794.4581027,10.0,-3.0,-44.0
1776884794.4681027,6.0,-3.0,-45.0
1776884794.4781027,2.0,-3.0,-43.0
1776884794.488103,-1.0,-5.0,-44.0
1776884794.498103,-2.0,-5.0,-49.0
1776884794.508103,-1.0,-3.0,-54.0
1776884794.5181026,-4.0,-1.0,-54.0
1776884794.5281026,-6.0,0.0,-50.0
1776884794.5381026,-1.0,-3.0,-46.0
1776884794.5481029,6.0,-1.0,-43.0
1776884794.5581028,9.0,1.0,-44.0
1776884794.5681028,6.0,0.0,-47.0
1776884794.5781028,4.0,0.0,-49.0
1776884794.5881028,3.0,0.0,-46.0
1776884794.5981028,2.0,-2.0,-45.0
1776884794.6081028,1.0,-1.0,-49.0
1776884794.6181028,1.0,-3.0,-43.0
1776884794.6281028,1.0,-2.0,-46.0
1776884794.6381028,0.0,-4.0,-52.0
1776884794.6481028,-3.0,-1.0,-44.0
1776884794.6581028,-1.0,-4.0,-46.0
1776884794.6681027,-2.0,-4.0,-46.0
1776884794.6781027,-3.0,-4.0,-46.0
1776884794.6881027,-2.0,-5.0,-43.0
1776884794.6981027,-4.0,-6.0,-39.0
1776884794.7081027,-4.0,-5.0,-38.0
1776884794.7181027,-7.0,-4.0,-42.0
1776884794.7281027,-5.0,-2.0,-35.0
1776884794.738103,-3.0,-5.0,-36.0
1776884794.748103,-7.0,-2.0,-35.0
1776884794.758103,-4.0,-2.0,-39.0
1776884794.7681026,-1.0,-2.0,-42.0
1776884794.7781026,0.0,-1.0,-43.0
1776884794.7881026,-3.0,3.0,-38.0
1776884794.7981029,-1.0,3.0,-39.0
1776884794.8081028,0.0,-2.0,-37.0
1776884794.8181028,2.0,-1.0,-41.0
1776884794.8281028,0.0,-2.0,-45.0
1776884794.8381028,-1.0,-2.0,-51.0
1776884794.8481028,-3.0,-4.0,-52.0
1776884794.8581028,-5.0,-2.0,-49.0
1776884794.8681028,0.0,-2.0,-48.0
1776884794.8781028,1.0,-2.0,-46.0
1776884794.8881028,3.0,-4.0,-43.0
1776884794.8981028,-2.0,-8.0,-45.0
1776884794.9081028,-5.0,-9.0,-53.0
1776884794.9181027,-3.0,-10.0,-53.0
1776884794.9281027,0.0,-8.0,-51.0
1776884794.9381027,1.0,-11.0,-49.0
1776884794.9481027,0.0,-12.0,-45.0
1776884794.9581027,0.0,-9.0,-39.0
1776884794.9681027,-3.0,-5.0,-43.0
1776884794.9781027,-4.0,-3.0,-43.0
1776884794.988103,-1.0,-1.0,-45.0
1776884794.998103,0.0,0.0,-48.0
1776884795.008103,0.0,4.0,-48.0
1776884795.0181026,5.0,7.0,-43.0
1776884795.0281026,5.0,7.0,-37.0
1776884795.0381026,4.0,5.0,-36.0
1776884795.0481029,5.0,3.0,-41.0
1776884795.0581028,4.0,-1.0,-41.0
1776884795.0681028,-3.0,0.0,-37.0
1776884795.0781028,0.0,1.0,-37.0
1776884795.0881028,-1.0,1.0,-40.0
1776884795.0981028,-4.0,9.0,-34.0
1776884795.1081028,-6.0,4.0,-36.0
1776884795.1181028,-7.0,0.0,-33.0
1776884795.1281028,-5.0,1.0,-38.0
1776884795.1381028,-4.0,0.0,-37.0
1776884795.1481028,-1.0,0.0,-32.0
1776884795.1581028,0.0,0.0,-36.0
1776884795.1681027,0.0,-3.0,-35.0
1776884795.1781027,2.0,-6.0,-34.0
1776884795.1881027,0.0,-7.0,-30.0
1776884795.1991026,-2.0,-4.0,-31.0
1776884795.2081027,-1.0,-5.0,-33.0
1776884795.2191026,0.0,-7.0,-37.0
1776884795.2291028,0.0,-3.0,-38.0
1776884795.238103,0.0,0.0,-34.0
1776884795.2491028,-5.0,-1.0,-34.0
1776884795.2591028,-8.0,-2.0,-35.0
1776884795.2691028,-4.0,-3.0,-38.0
1776884795.2791028,0.0,-2.0,-39.0
1776884795.2891028,0.0,-4.0,-43.0
1776884795.2991028,0.0,-5.0,-36.0
1776884795.3091028,0.0,0.0,-39.0
1776884795.3191028,0.0,-1.0,-43.0
1776884795.3291028,0.0,-1.0,-44.0
1776884795.3391027,4.0,-2.0,-45.0
1776884795.3491027,0.0,-2.0,-51.0
1776884795.3591027,-3.0,-1.0,-51.0
1776884795.3691027,3.0,0.0,-54.0
1776884795.3791027,6.0,1.0,-53.0
1776884795.3891027,6.0,-1.0,-48.0
1776884795.3991027,4.0,0.0,-48.0
1776884795.409103,4.0,-1.0,-40.0
1776884795.419103,6.0,-4.0,-44.0
1776884795.429103,5.0,-2.0,-51.0
1776884795.4391026,5.0,-1.0,-52.0
1776884795.4491026,2.0,1.0,-49.0
1776884795.4591026,3.0,0.0,-44.0
1776884795.4691026,0.0,3.0,-51.0
1776884795.4791028,-1.0,0.0,-49.0
1776884795.4891028,-1.0,0.0,-44.0
1776884795.4991028,2.0,-2.0,-48.0
1776884795.5091028,2.0,-3.0,-46.0
1776884795.5191028,3.0,0.0,-52.0
1776884795.5291028,0.0,0.0,-44.0
1776884795.5391028,2.0,-3.0,-44.0
1776884795.5491028,1.0,-6.0,-46.0
1776884795.5591028,1.0,-6.0,-49.0
1776884795.5691028,2.0,-6.0,-55.0
1776884795.5791028,-1.0,-4.0,-55.0
1776884795.5891027,3.0,-2.0,-50.0
1776884795.5991027,0.0,-3.0,-47.0
1776884795.6091027,1.0,-4.0,-49.0
1776884795.6191027,0.0,-3.0,-49.0
1776884795.6291027,0.0,-1.0,-48.0
1776884795.6391027,-1.0,-1.0,-43.0
1776884795.6491027,0.0,-8.0,-39.0
1776884795.659103,0.0,-9.0,-38.0
1776884795.669103,2.0,-4.0,-38.0
1776884795.679103,0.0,-2.0,-40.0
1776884795.6891026,-4.0,3.0,-44.0
1776884795.6991026,-2.0,0.0,-38.0
1776884795.7091026,2.0,-3.0,-37.0
1776884795.7191026,1.0,-3.0,-48.0
1776884795.7291028,0.0,-5.0,-46.0
1776884795.7391028,0.0,-4.0,-38.0
1776884795.7491028,0.0,0.0,-36.0
1776884795.7591028,-1.0,-1.0,-39.0
1776884795.7691028,-8.0,-1.0,-46.0
1776884795.7791028,-8.0,-4.0,-50.0
1776884795.7891028,-3.0,-4.0,-45.0
1776884795.7991028,-4.0,-1.0,-49.0
1776884795.8091028,-4.0,3.0,-51.0
1776884795.8191028,-5.0,2.0,-45.0
1776884795.8291028,-6.0,-2.0,-39.0
1776884795.8391027,-8.0,-2.0,-35.0
1776884795.8491027,-7.0,-3.0,-32.0
1776884795.8591027,-6.0,-3.0,-36.0
1776884795.8691027,-2.0,1.0,-36.0
1776884795.8791027,0.0,0.0,-40.0
1776884795.8891027,1.0,0.0,-41.0
1776884795.8991027,-2.0,1.0,-39.0
1776884795.909103,-4.0,0.0,-41.0
1776884795.919103,0.0,-2.0,-39.0
1776884795.929103,5.0,-2.0,-39.0
1776884795.9391026,6.0,0.0,-38.0
1776884795.9491026,4.0,1.0,-39.0
1776884795.9591026,6.0,0.0,-41.0
1776884795.9691026,8.0,-5.0,-46.0
1776884795.9791028,8.0,-5.0,-53.0
1776884795.9891028,4.0,-3.0,-55.0
1776884795.9991028,1.0,-2.0,-55.0
1776884796.0091028,2.0,-6.0,-53.0
1776884796.0191028,0.0,-6.0,-50.0
1776884796.0291028,0.0,-4.0,-42.0
1776884796.0391028,-4.0,-7.0,-42.0
1776884796.0491028,-3.0,-8.0,-50.0
1776884796.0591028,-1.0,-6.0,-44.0
1776884796.0691028,-3.0,-9.0,-48.0
1776884796.0791028,-1.0,-3.0,-45.0
1776884796.0891027,0.0,-6.0,-43.0
1776884796.0991027,0.0,-8.0,-44.0
1776884796.1091027,-6.0,-7.0,-45.0
1776884796.1191027,-5.0,-8.0,-42.0
1776884796.1291027,0.0,-5.0,-46.0
1776884796.1391027,0.0,-2.0,-44.0
1776884796.1491027,-2.0,2.0,-44.0
1776884796.159103,0.0,2.0,-43.0
1776884796.169103,0.0,4.0,-38.0
1776884796.179103,1.0,3.0,-40.0
1776884796.1891026,1.0,2.0,-40.0
1776884796.1991026,3.0,1.0,-43.0
1776884796.2091026,7.0,-1.0,-45.0
1776884796.2191026,5.0,-2.0,-50.0
1776884796.2291028,5.0,-3.0,-48.0
1776884796.2391028,4.0,-4.0,-48.0
1776884796.2491028,3.0,-7.0,-52.0
1776884796.2591028,0.0,-4.0,-50.0
1776884796.2691028,0.0,-1.0,-48.0
1776884796.2791028,3.0,-1.0,-53.0
1776884796.2891028,5.0,-2.0,-57.0
1776884796.2991028,6.0,-2.0,-60.0
1776884796.3091028,7.0,-1.0,-53.0
1776884796.3191028,7.0,0.0,-50.0
1776884796.3291028,8.0,1.0,-54.0
1776884796.3391027,6.0,3.0,-51.0
1776884796.3491027,4.0,3.0,-45.0
1776884796.3591027,10.0,4.0,-55.0
1776884796.3691027,4.0,3.0,-49.0
1776884796.3791027,6.0,3.0,-46.0
1776884796.3891027,3.0,-1.0,-44.0
1776884796.3991027,3.0,-1.0,-45.0
1776884796.409103,0.0,-4.0,-44.0
1776884796.419103,-1.0,-7.0,-47.0
1776884796.429103,-3.0,-10.0,-45.0
1776884796.4391026,-6.0,-6.0,-43.0
1776884796.4491026,-8.0,-6.0,-37.0
1776884796.4591026,-8.0,-5.0,-44.0
1776884796.4691026,-10.0,-4.0,-44.0
1776884796.4791028,-10.0,0.0,-42.0
1776884796.4891028,-5.0,-3.0,-46.0
1776884796.4991028,-6.0,-6.0,-53.0
1776884796.5091028,-4.0,-4.0,-53.0
1776884796.5191028,-2.0,0.0,-49.0
1776884796.5291028,-4.0,0.0,-47.0
1776884796.5391028,-6.0,2.0,-48.0
1776884796.5491028,-8.0,3.0,-47.0
1776884796.5591028,-4.0,-4.0,-48.0
1776884796.5691028,-1.0,-4.0,-50.0
1776884796.5791028,1.0,-1.0,-45.0
1776884796.5891027,1.0,-2.0,-47.0
1776884796.5991027,-2.0,0.0,-50.0
1776884796.6091027,1.0,-1.0,-46.0
1776884796.6191027,0.0,-2.0,-45.0
1776884796.6291027,-2.0,-4.0,-42.0
1776884796.6391027,-4.0,-4.0,-44.0
1776884796.6491027,-2.0,-3.0,-44.0
1776884796.659103,1.0,-5.0,-50.0
1776884796.669103,4.0,-3.0,-53.0
1776884796.679103,7.0,-4.0,-54.0
1776884796.6891026,8.0,0.0,-48.0
1776884796.6991026,5.0,0.0,-44.0
1776884796.7091026,6.0,1.0,-43.0
1776884796.7191026,8.0,0.0,-45.0
1776884796.7291028,8.0,-3.0,-43.0
1776884796.7391028,9.0,-3.0,-45.0
1776884796.7491028,11.0,-4.0,-44.0
1776884796.7591028,8.0,-4.0,-50.0
1776884796.7691028,3.0,-3.0,-48.0
1776884796.7791028,0.0,-4.0,-44.0
1776884796.7891028,1.0,-1.0,-50.0
1776884796.7991028,2.0,-1.0,-53.0
1776884796.8091028,-1.0,-6.0,-50.0
1776884796.8191028,-3.0,-5.0,-50.0
1776884796.8291028,0.0,-5.0,-55.0
1776884796.8391027,-1.0,-3.0,-53.0
1776884796.8491027,-1.0,-3.0,-52.0
1776884796.8591027,-1.0,-1.0,-49.0
1776884796.8691027,-2.0,2.0,-41.0
1776884796.8791027,-3.0,2.0,-45.0
1776884796.8891027,-2.0,4.0,-47.0
1776884796.8991027,-4.0,6.0,-44.0
1776884796.909103,-4.0,3.0,-43.0
1776884796.919103,-7.0,6.0,-47.0
1776884796.929103,-1.0,7.0,-46.0
1776884796.9391026,3.0,5.0,-48.0
1776884796.9491026,7.0,-1.0,-46.0
1776884796.9591026,9.0,1.0,-50.0
1776884796.9691026,9.0,1.0,-47.0
1776884796.9791028,4.0,0.0,-46.0
1776884796.9891028,0.0,0.0,-40.0
1776884796.9991028,-3.0,-1.0,-41.0
1776884797.0091028,0.0,-5.0,-43.0
1776884797.0191028,0.0,-8.0,-41.0
1776884797.0291028,1.0,-12.0,-43.0
1776884797.0391028,0.0,-12.0,-46.0
1776884797.0491028,-5.0,-12.0,-42.0
1776884797.0591028,-6.0,-9.0,-44.0
1776884797.0691028,-6.0,-10.0,-48.0
1776884797.0791028,-4.0,-5.0,-48.0
1776884797.0891027,0.0,-3.0,-45.0
1776884797.0991027,-4.0,-2.0,-46.0
1776884797.1091027,-5.0,0.0,-46.0
1776884797.1191027,-3.0,-2.0,-43.0
1776884797.1291027,-3.0,-6.0,-48.0
1776884797.1391027,0.0,-4.0,-46.0
1776884797.1491027,0.0,-6.0,-48.0
1776884797.159103,-3.0,-2.0,-50.0
1776884797.1701028,-3.0,0.0,-51.0
1776884797.179103,-3.0,0.0,-49.0
1776884797.1901028,-3.0,0.0,-54.0
1776884797.2001028,-6.0,-2.0,-60.0
1776884797.2101028,-3.0,-3.0,-64.0
1776884797.2201028,-4.0,-6.0,-62.0
1776884797.2301028,-7.0,-4.0,-63.0
1776884797.2401028,-4.0,-4.0,-57.0
1776884797.2501028,-8.0,-5.0,-57.0
1776884797.2601027,-7.0,-9.0,-61.0
1776884797.2701027,-5.0,-2.0,-49.0
1776884797.2801027,-8.0,-1.0,-52.0
1776884797.2901027,-4.0,1.0,-55.0
1776884797.3001027,-5.0,0.0,-49.0
1776884797.3101027,-2.0,3.0,-46.0
1776884797.3201027,-3.0,4.0,-46.0
1776884797.3301027,-4.0,2.0,-38.0
1776884797.340103,0.0,-3.0,-36.0
1776884797.350103,4.0,-1.0,-40.0
1776884797.360103,3.0,-7.0,-44.0
1776884797.3701026,1.0,-9.0,-47.0
1776884797.3801026,0.0,-5.0,-49.0
1776884797.3901026,2.0,-2.0,-53.0
1776884797.4001029,1.0,-1.0,-47.0
1776884797.4101028,2.0,0.0,-45.0
1776884797.4201028,5.0,0.0,-48.0
1776884797.4301028,7.0,-1.0,-46.0
1776884797.4401028,3.0,0.0,-42.0
1776884797.4501028,2.0,-2.0,-48.0
1776884797.4601028,2.0,0.0,-45.0
1776884797.4701028,-2.0,0.0,-46.0
1776884797.4801028,-2.0,3.0,-41.0
1776884797.4901028,5.0,1.0,-47.0
1776884797.5001028,3.0,0.0,-47.0
1776884797.5101027,4.0,-1.0,-53.0
1776884797.5201027,3.0,-5.0,-57.0
1776884797.5301027,1.0,-8.0,-51.0
1776884797.5401027,1.0,-4.0,-55.0
1776884797.5501027,-2.0,-5.0,-52.0
1776884797.5601027,-1.0,-4.0,-52.0
1776884797.5701027,-1.0,-2.0,-48.0
1776884797.5801027,-1.0,-1.0,-41.0
1776884797.590103,-4.0,-2.0,-38.0
1776884797.600103,-6.0,0.0,-37.0
1776884797.610103,-6.0,0.0,-44.0
1776884797.6201026,-7.0,4.0,-48.0
1776884797.6301026,-7.0,3.0,-49.0
1776884797.6401026,0.0,4.0,-50.0
1776884797.6501029,-3.0,6.0,-55.0
1776884797.6601028,-2.0,6.0,-55.0
1776884797.6701028,-2.0,4.0,-52.0
1776884797.6801028,-3.0,1.0,-48.0
1776884797.6901028,-5.0,0.0,-47.0
1776884797.7001028,-3.0,-1.0,-42.0
1776884797.7101028,-3.0,0.0,-43.0
1776884797.7201028,-4.0,2.0,-45.0
1776884797.7301028,-2.0,7.0,-51.0
1776884797.7401028,2.0,5.0,-55.0
1776884797.7501028,0.0,7.0,-51.0
1776884797.7601027,-1.0,2.0,-37.0
1776884797.7701027,1.0,2.0,-41.0
1776884797.7801027,1.0,1.0,-39.0
1776884797.7901027,-3.0,1.0,-40.0
1776884797.8001027,-3.0,1.0,-44.0
1776884797.8101027,-4.0,1.0,-43.0
1776884797.8201027,-4.0,0.0,-42.0
1776884797.8301027,-3.0,-2.0,-43.0
1776884797.840103,0.0,-6.0,-43.0
1776884797.850103,3.0,-2.0,-50.0
1776884797.860103,3.0,-3.0,-43.0
1776884797.8701026,1.0,-8.0,-36.0
1776884797.8801026,0.0,-8.0,-40.0
1776884797.8901026,0.0,-5.0,-43.0
1776884797.9001029,0.0,-2.0,-42.0
1776884797.9101028,-2.0,-3.0,-44.0
1776884797.9201028,2.0,-6.0,-48.0
1776884797.9301028,2.0,-7.0,-44.0
1776884797.9401028,2.0,-7.0,-41.0
1776884797.9501028,2.0,-7.0,-45.0
1776884797.9601028,5.0,-5.0,-50.0
1776884797.9701028,4.0,-2.0,-47.0
1776884797.9801028,4.0,1.0,-46.0
1776884797.9901028,3.0,3.0,-52.0
1776884798.0001028,2.0,3.0,-48.0
1776884798.0101027,4.0,1.0,-49.0
1776884798.0201027,4.0,0.0,-43.0
1776884798.0301027,4.0,1.0,-40.0
1776884798.0401027,0.0,-4.0,-44.0
1776884798.0501027,0.0,-5.0,-47.0
1776884798.0601027,2.0,-1.0,-45.0
1776884798.0701027,0.0,-1.0,-51.0
1776884798.0801027,-1.0,-2.0,-52.0
1776884798.090103,2.0,5.0,-47.0
1776884798.100103,3.0,2.0,-52.0
1776884798.110103,0.0,0.0,-49.0
1776884798.1201026,-1.0,-2.0,-46.0
1776884798.1301026,-1.0,0.0,-51.0
1776884798.1401026,2.0,0.0,-51.0
1776884798.1501029,2.0,-2.0,-47.0
1776884798.1601028,1.0,-1.0,-46.0
1776884798.1701028,6.0,-5.0,-51.0
1776884798.1801028,6.0,-7.0,-48.0
1776884798.1901028,7.0,-5.0,-47.0
1776884798.2001028,8.0,0.0,-51.0
1776884798.2101028,12.0,-1.0,-50.0
1776884798.2201028,13.0,0.0,-49.0
1776884798.2301028,13.0,-3.0,-41.0
1776884798.2401028,11.0,-6.0,-37.0
1776884798.2501028,11.0,-9.0,-45.0
1776884798.2601027,10.0,-8.0,-45.0
1776884798.2701027,9.0,-3.0,-43.0
1776884798.2801027,6.0,-4.0,-42.0
1776884798.2901027,2.0,-3.0,-44.0
1776884798.3001027,0.0,-2.0,-47.0
1776884798.3101027,-1.0,-5.0,-47.0
1776884798.3201027,0.0,-5.0,-50.0
1776884798.3301027,7.0,-8.0,-49.0
1776884798.340103,11.0,-5.0,-57.0
1776884798.350103,9.0,0.0,-58.0
1776884798.360103,6.0,0.0,-58.0
1776884798.3701026,6.0,-3.0,-48.0
1776884798.3801026,5.0,-3.0,-47.0
1776884798.3901026,3.0,-1.0,-54.0
1776884798.4001029,4.0,-1.0,-49.0
1776884798.4101028,5.0,0.0,-52.0
1776884798.4201028,7.0,0.0,-46.0
1776884798.4301028,5.0,-2.0,-42.0
1776884798.4401028,6.0,-4.0,-40.0
1776884798.4501028,10.0,-5.0,-38.0
1776884798.4601028,8.0,-5.0,-39.0
1776884798.4701028,0.0,-9.0,-43.0
1776884798.4801028,1.0,-5.0,-43.0
1776884798.4901028,6.0,-2.0,-44.0
1776884798.5001028,4.0,-3.0,-49.0
1776884798.5101027,1.0,-1.0,-52.0
1776884798.5201027,-3.0,-3.0,-50.0
1776884798.5301027,-9.0,-1.0,-54.0
1776884798.5401027,-7.0,0.0,-50.0
1776884798.5501027,-6.0,1.0,-44.0
1776884798.5601027,-1.0,2.0,-44.0
1776884798.5701027,-1.0,-2.0,-48.0
1776884798.5801027,1.0,-4.0,-44.0
1776884798.590103,2.0,-3.0,-41.0
1776884798.600103,2.0,-2.0,-46.0
1776884798.610103,2.0,-1.0,-48.0
1776884798.6201026,3.0,4.0,-49.0
1776884798.6301026,-3.0,2.0,-48.0
1776884798.6401026,-3.0,0.0,-49.0
1776884798.6501029,1.0,-1.0,-47.0
1776884798.6601028,1.0,-2.0,-48.0
1776884798.6701028,-1.0,-5.0,-54.0
1776884798.6801028,1.0,-6.0,-55.0
1776884798.6901028,1.0,-10.0,-52.0
1776884798.7001028,-4.0,-5.0,-53.0
1776884798.7101028,-6.0,-5.0,-52.0
1776884798.7201028,-1.0,-1.0,-55.0
1776884798.7301028,0.0,0.0,-60.0
1776884798.7401028,-1.0,0.0,-58.0
1776884798.7501028,-7.0,0.0,-57.0
1776884798.7601027,-2.0,-1.0,-54.0
1776884798.7701027,-4.0,0.0,-54.0
1776884798.7801027,-6.0,0.0,-54.0
1776884798.7901027,-4.0,1.0,-59.0
1776884798.8001027,-7.0,1.0,-61.0
1776884798.8101027,-6.0,0.0,-49.0
1776884798.8201027,-2.0,-3.0,-41.0
1776884798.8301027,3.0,-1.0,-34.0
1776884798.840103,4.0,3.0,-43.0
1776884798.850103,1.0,2.0,-43.0
1776884798.860103,0.0,6.0,-45.0
1776884798.8701026,1.0,4.0,-53.0
1776884798.8801026,3.0,1.0,-51.0
1776884798.8901026,4.0,0.0,-52.0
1776884798.9001029,2.0,-3.0,-56.0
1776884798.9101028,3.0,-7.0,-52.0
1776884798.9201028,1.0,-3.0,-49.0
1776884798.9301028,-1.0,-1.0,-51.0
1776884798.9401028,-6.0,-2.0,-53.0
1776884798.9501028,-1.0,-1.0,-56.0
1776884798.9601028,6.0,4.0,-55.0
1776884798.9701028,9.0,4.0,-49.0
1776884798.9801028,7.0,7.0,-55.0
1776884798.9901028,6.0,2.0,-53.0
1776884799.0001028,6.0,-1.0,-55.0
1776884799.0101027,7.0,1.0,-42.0
1776884799.0201027,7.0,-1.0,-44.0
1776884799.0301027,9.0,-1.0,-50.0
1776884799.0401027,13.0,-4.0,-47.0
1776884799.0501027,10.0,-4.0,-50.0
1776884799.0601027,7.0,-3.0,-46.0
1776884799.0701027,6.0,-5.0,-46.0
1776884799.0801027,3.0,-9.0,-49.0
1776884799.090103,1.0,-6.0,-52.0
1776884799.100103,0.0,-3.0,-56.0
1776884799.110103,-2.0,-4.0,-57.0
1776884799.1201026,0.0,-9.0,-58.0
1776884799.1311028,0.0,-10.0,-61.0
1776884799.1411028,-3.0,-7.0,-56.0
1776884799.1501029,-3.0,-3.0,-56.0
1776884799.1611028,-3.0,-3.0,-50.0
1776884799.1701028,-2.0,-5.0,-47.0
1776884799.1811028,-2.0,0.0,-42.0
1776884799.1911027,-2.0,1.0,-46.0
1776884799.2011027,2.0,-1.0,-48.0
1776884799.2111027,4.0,-3.0,-50.0
1776884799.2211027,2.0,-4.0,-46.0
1776884799.2311027,1.0,-2.0,-53.0
1776884799.2411027,1.0,-2.0,-51.0
1776884799.2511027,5.0,-3.0,-50.0
1776884799.261103,5.0,-4.0,-49.0
1776884799.271103,0.0,1.0,-49.0
1776884799.281103,3.0,2.0,-55.0
1776884799.2911026,5.0,-2.0,-59.0
1776884799.3011026,6.0,-3.0,-52.0
1776884799.3111026,5.0,0.0,-41.0
1776884799.3211029,2.0,-1.0,-39.0
1776884799.3311028,-2.0,0.0,-44.0
1776884799.3411028,0.0,-4.0,-44.0
1776884799.3511028,3.0,-4.0,-40.0
1776884799.3611028,-2.0,-1.0,-38.0
1776884799.3711028,-4.0,0.0,-35.0
1776884799.3811028,-7.0,0.0,-36.0
1776884799.3911028,-5.0,0.0,-39.0
1776884799.4011028,-2.0,0.0,-42.0
1776884799.4111028,0.0,1.0,-43.0
1776884799.4211028,-1.0,1.0,-43.0
1776884799.4311028,1.0,0.0,-39.0
1776884799.4411027,3.0,1.0,-46.0
1776884799.4511027,2.0,-1.0,-40.0
1776884799.4611027,8.0,0.0,-39.0
1776884799.4711027,8.0,1.0,-40.0
1776884799.4811027,11.0,-2.0,-42.0
1776884799.4911027,6.0,-7.0,-39.0
1776884799.5011027,3.0,-7.0,-42.0
1776884799.511103,6.0,-7.0,-39.0
1776884799.521103,4.0,-5.0,-42.0
1776884799.531103,8.0,-9.0,-37.0
1776884799.5411026,9.0,-5.0,-34.0
1776884799.5511026,6.0,-1.0,-46.0
1776884799.5611026,4.0,0.0,-58.0
1776884799.5711029,7.0,2.0,-55.0
1776884799.5811028,2.0,2.0,-60.0
1776884799.5911028,3.0,1.0,-57.0
1776884799.6011028,4.0,1.0,-52.0
1776884799.6111028,-1.0,-2.0,-49.0
1776884799.6211028,0.0,-2.0,-43.0
1776884799.6311028,0.0,-3.0,-41.0
1776884799.6411028,4.0,-4.0,-47.0
1776884799.6511028,5.0,-4.0,-41.0
1776884799.6611028,2.0,-4.0,-46.0
1776884799.6711028,1.0,-1.0,-51.0
1776884799.6811028,-1.0,-3.0,-52.0
1776884799.6911027,-1.0,-4.0,-53.0
1776884799.7011027,1.0,-4.0,-50.0
1776884799.7111027,-3.0,-5.0,-53.0
1776884799.7211027,-4.0,-3.0,-54.0
1776884799.7311027,-2.0,-3.0,-59.0
1776884799.7411027,-3.0,-3.0,-59.0
1776884799.7511027,-4.0,-2.0,-58.0
1776884799.761103,0.0,0.0,-53.0
1776884799.771103,-2.0,-1.0,-47.0
1776884799.781103,-4.0,-1.0,-39.0
1776884799.7911026,-9.0,0.0,-32.0
1776884799.8011026,-14.0,-3.0,-37.0
1776884799.8111026,-9.0,-2.0,-38.0
1776884799.8211029,-6.0,-3.0,-50.0
1776884799.8311028,-2.0,-6.0,-51.0
1776884799.8411028,-2.0,-6.0,-56.0
1776884799.8511028,-3.0,-5.0,-55.0
1776884799.8611028,0.0,-5.0,-50.0
1776884799.8711028,-2.0,-2.0,-45.0
1776884799.8811028,-3.0,-2.0,-45.0
1776884799.8911028,-4.0,1.0,-45.0
1776884799.9011028,-3.0,1.0,-48.0
1776884799.9111028,-6.0,2.0,-51.0
1776884799.9211028,-6.0,1.0,-47.0
1776884799.9311028,-4.0,4.0,-42.0
1776884799.9411027,-3.0,3.0,-44.0
1776884799.9511027,-8.0,0.0,-47.0
1776884799.9611027,-6.0,-3.0,-46.0
1776884799.9711027,-2.0,-1.0,-50.0
1776884799.9811027,0.0,-1.0,-52.0
1776884799.9911027,0.0,1.0,-51.0
1776884800.0011027,2.0,3.0,-44.0
1776884800.011103,-2.0,5.0,-44.0
1776884800.021103,-3.0,4.0,-44.0
1776884800.031103,-1.0,5.0,-44.0
1776884800.0411026,0.0,3.0,-45.0
1776884800.0511026,-2.0,1.0,-44.0
1776884800.0611026,-3.0,5.0,-44.0
1776884800.0711029,0.0,6.0,-45.0
1776884800.0811028,-1.0,6.0,-45.0
1776884800.0911028,-3.0,1.0,-48.0
1776884800.1011028,0.0,-1.0,-50.0
1776884800.1111028,4.0,-5.0,-49.0
1776884800.1211028,3.0,-5.0,-50.0
1776884800.1311028,1.0,-3.0,-48.0
1776884800.1411028,0.0,-2.0,-39.0
1776884800.1511028,0.0,-2.0,-46.0
1776884800.1611028,3.0,-2.0,-44.0
1776884800.1711028,2.0,-4.0,-45.0
1776884800.1811028,0.0,-6.0,-44.0
1776884800.1911027,0.0,-2.0,-42.0
1776884800.2011027,0.0,-4.0,-44.0
1776884800.2111027,0.0,-6.0,-49.0
1776884800.2211027,0.0,-7.0,-58.0
1776884800.2311027,2.0,-4.0,-54.0
1776884800.2411027,1.0,-3.0,-54.0
1776884800.2511027,7.0,-6.0,-51.0
1776884800.261103,8.0,-5.0,-55.0
1776884800.271103,9.0,-5.0,-51.0
1776884800.281103,6.0,-5.0,-43.0
1776884800.2911026,1.0,-6.0,-44.0
1776884800.3011026,7.0,-5.0,-44.0
1776884800.3111026,4.0,-2.0,-45.0
1776884800.3211029,5.0,-1.0,-47.0
1776884800.3311028,4.0,-3.0,-49.0
1776884800.3411028,2.0,-2.0,-47.0
1776884800.3511028,2.0,-5.0,-47.0
1776884800.3611028,3.0,-2.0,-47.0
1776884800.3711028,8.0,-3.0,-45.0
1776884800.3811028,7.0,0.0,-45.0
1776884800.3911028,6.0,2.0,-41.0
1776884800.4011028,4.0,1.0,-41.0
1776884800.4111028,2.0,0.0,-37.0
1776884800.4211028,2.0,-5.0,-34.0
1776884800.4311028,-2.0,-7.0,-33.0
1776884800.4411027,-1.0,-3.0,-37.0
1776884800.4511027,0.0,0.0,-46.0
1776884800.4611027,-2.0,2.0,-48.0
1776884800.4711027,0.0,-1.0,-50.0
1776884800.4811027,-1.0,0.0,-50.0
1776884800.4911027,0.0,-1.0,-50.0
1776884800.5011027,1.0,-3.0,-44.0
1776884800.511103,0.0,1.0,-35.0
1776884800.521103,1.0,0.0,-34.0
1776884800.531103,0.0,-2.0,-43.0
1776884800.5411026,0.0,-4.0,-42.0
1776884800.5511026,-1.0,-4.0,-47.0
1776884800.5611026,-4.0,-2.0,-48.0
1776884800.5711029,-5.0,1.0,-42.0
1776884800.5811028,-3.0,-1.0,-42.0
1776884800.5911028,-5.0,-4.0,-40.0
1776884800.6011028,0.0,-4.0,-44.0
1776884800.6111028,4.0,-4.0,-44.0
1776884800.6211028,5.0,-1.0,-42.0
1776884800.6311028,4.0,0.0,-48.0
1776884800.6411028,3.0,-3.0,-52.0
1776884800.6511028,0.0,-3.0,-50.0
1776884800.6611028,0.0,-3.0,-48.0
1776884800.6711028,-1.0,0.0,-50.0
1776884800.6811028,1.0,1.0,-48.0
1776884800.6911027,3.0,-1.0,-42.0
1776884800.7011027,6.0,-2.0,-43.0
1776884800.7111027,8.0,-2.0,-46.0
1776884800.7211027,3.0,-3.0,-48.0
1776884800.7311027,3.0,-2.0,-49.0
1776884800.7411027,3.0,-3.0,-48.0
1776884800.7511027,0.0,-4.0,-44.0
1776884800.761103,-3.0,-8.0,-45.0
1776884800.771103,0.0,-9.0,-51.0
1776884800.781103,3.0,-7.0,-54.0
1776884800.7911026,2.0,0.0,-51.0
1776884800.8011026,6.0,2.0,-49.0
1776884800.8111026,6.0,0.0,-46.0
1776884800.8211029,7.0,1.0,-47.0
1776884800.8311028,8.0,0.0,-50.0
1776884800.8411028,5.0,0.0,-43.0
1776884800.8511028,1.0,0.0,-42.0
1776884800.8611028,0.0,-1.0,-40.0
1776884800.8711028,0.0,-3.0,-41.0
1776884800.8811028,-4.0,-4.0,-45.0
1776884800.8911028,-7.0,-9.0,-45.0
1776884800.9011028,-5.0,-6.0,-41.0
1776884800.9111028,-3.0,-7.0,-43.0
1776884800.9211028,-2.0,-6.0,-46.0
1776884800.9311028,-1.0,-1.0,-42.0
1776884800.9411027,2.0,-1.0,-45.0
1776884800.9511027,4.0,-2.0,-47.0
1776884800.9611027,2.0,-3.0,-43.0
1776884800.9711027,-1.0,-2.0,-47.0
1776884800.9811027,0.0,-3.0,-49.0
1776884800.9911027,1.0,1.0,-47.0
1776884801.0011027,-2.0,2.0,-46.0
1776884801.011103,0.0,0.0,-48.0
1776884801.021103,4.0,1.0,-41.0
1776884801.031103,5.0,0.0,-48.0
1776884801.0411026,1.0,-3.0,-46.0
1776884801.0511026,0.0,-2.0,-41.0
1776884801.0611026,2.0,0.0,-42.0
1776884801.0711029,0.0,0.0,-43.0
1776884801.0811028,0.0,2.0,-45.0
1776884801.0911028,1.0,5.0,-54.0
1776884801.1011028,3.0,6.0,-55.0
1776884801.1121027,3.0,3.0,-50.0
1776884801.1211028,9.0,1.0,-48.0
1776884801.1311028,4.0,2.0,-47.0
1776884801.1421027,4.0,2.0,-52.0
1776884801.1521027,4.0,0.0,-58.0
1776884801.1621027,1.0,0.0,-58.0
1776884801.1721027,4.0,-1.0,-55.0
1776884801.182103,3.0,0.0,-48.0
1776884801.192103,3.0,4.0,-51.0
1776884801.202103,5.0,0.0,-50.0
1776884801.212103,9.0,0.0,-49.0
1776884801.2221026,5.0,0.0,-48.0
1776884801.2321026,4.0,0.0,-45.0
1776884801.2421026,2.0,-3.0,-43.0
1776884801.2521029,0.0,-3.0,-47.0
1776884801.2621028,0.0,-5.0,-46.0
1776884801.2721028,0.0,-3.0,-46.0
1776884801.2821028,1.0,-3.0,-42.0
1776884801.2921028,-2.0,-3.0,-39.0
1776884801.3021028,-6.0,-4.0,-39.0
1776884801.3121028,-9.0,-5.0,-44.0
1776884801.3221028,-9.0,-1.0,-45.0
1776884801.3321028,-5.0,-3.0,-45.0
1776884801.3421028,-5.0,0.0,-47.0
1776884801.3521028,-3.0,0.0,-42.0
1776884801.3621027,1.0,-1.0,-41.0
1776884801.3721027,3.0,1.0,-43.0
1776884801.3821027,2.0,-1.0,-40.0
1776884801.3921027,1.0,-3.0,-48.0
1776884801.4021027,1.0,-2.0,-52.0
1776884801.4121027,1.0,0.0,-47.0
1776884801.4221027,-3.0,-3.0,-45.0
1776884801.432103,-4.0,-3.0,-40.0
1776884801.442103,0.0,-6.0,-42.0
1776884801.452103,4.0,-7.0,-49.0
1776884801.462103,5.0,-2.0,-52.0
1776884801.4721026,5.0,-1.0,-54.0
1776884801.4821026,2.0,-2.0,-54.0
1776884801.4921026,6.0,-5.0,-56.0
1776884801.5021029,9.0,-2.0,-54.0
1776884801.5121028,5.0,-6.0,-54.0
1776884801.5221028,0.0,-5.0,-50.0
1776884801.5321028,-2.0,-1.0,-54.0
1776884801.5421028,-5.0,0.0,-52.0
1776884801.5521028,-6.0,-2.0,-47.0
1776884801.5621028,-5.0,-2.0,-46.0
1776884801.5721028,-3.0,0.0,-46.0
1776884801.5821028,-3.0,0.0,-53.0
1776884801.5921028,-4.0,-1.0,-56.0
1776884801.6021028,-2.0,-4.0,-63.0
1776884801.6121027,-1.0,-6.0,-59.0
1776884801.6221027,-5.0,0.0,-56.0
1776884801.6321027,-6.0,2.0,-60.0
1776884801.6421027,-3.0,3.0,-62.0
1776884801.6521027,-2.0,3.0,-52.0
1776884801.6621027,-1.0,3.0,-45.0
1776884801.6721027,-4.0,5.0,-49.0
1776884801.682103,-3.0,6.0,-49.0
1776884801.692103,1.0,7.0,-53.0
1776884801.702103,2.0,9.0,-47.0
1776884801.712103,2.0,3.0,-41.0
1776884801.7221026,0.0,2.0,-37.0
1776884801.7321026,3.0,1.0,-33.0
1776884801.7421026,0.0,-2.0,-32.0
1776884801.7521029,-2.0,-1.0,-32.0
1776884801.7621028,-5.0,0.0,-34.0
1776884801.7721028,-2.0,1.0,-37.0
1776884801.7821028,-4.0,4.0,-41.0
1776884801.7921028,-5.0,5.0,-41.0
1776884801.8021028,-1.0,1.0,-46.0
1776884801.8121028,-2.0,0.0,-47.0
1776884801.8221028,-5.0,-5.0,-48.0
1776884801.8321028,-2.0,-3.0,-47.0
1776884801.8421028,-3.0,-3.0,-48.0
1776884801.8521028,-5.0,-1.0,-47.0
1776884801.8621027,-3.0,-6.0,-39.0
1776884801.8721027,-3.0,-6.0,-38.0
1776884801.8821027,-1.0,-3.0,-44.0
1776884801.8921027,0.0,0.0,-39.0
1776884801.9021027,-3.0,1.0,-44.0
1776884801.9121027,-3.0,0.0,-44.0
1776884801.9221027,-2.0,-4.0,-43.0
1776884801.932103,-4.0,-9.0,-44.0
1776884801.942103,-2.0,-5.0,-43.0
1776884801.952103,0.0,-3.0,-39.0
1776884801.962103,2.0,-3.0,-45.0
1776884801.9721026,8.0,-5.0,-45.0
1776884801.9821026,2.0,-1.0,-52.0
1776884801.9921026,0.0,-1.0,-55.0
1776884802.0021029,-2.0,-4.0,-54.0
1776884802.0121028,-1.0,-6.0,-51.0
1776884802.0221028,-2.0,-7.0,-51.0
1776884802.0321028,-4.0,-8.0,-44.0
1776884802.0421028,-7.0,-6.0,-41.0
1776884802.0521028,0.0,-7.0,-42.0
1776884802.0621028,0.0,-7.0,-38.0
1776884802.0721028,1.0,-4.0,-33.0
1776884802.0821028,2.0,-1.0,-32.0
1776884802.0921028,0.0,-3.0,-38.0
1776884802.1021028,0.0,-3.0,-46.0
1776884802.1121027,3.0,-1.0,-52.0
1776884802.1221027,3.0,-3.0,-49.0
1776884802.1321027,5.0,-5.0,-49.0
1776884802.1421027,4.0,-2.0,-52.0
1776884802.1521027,4.0,-3.0,-50.0
1776884802.1621027,6.0,-3.0,-53.0
1776884802.1721027,1.0,1.0,-56.0
1776884802.182103,1.0,2.0,-53.0
1776884802.192103,2.0,2.0,-58.0
1776884802.202103,2.0,0.0,-61.0
1776884802.212103,0.0,-1.0,-64.0
1776884802.2221026,4.0,-2.0,-58.0
1776884802.2321026,4.0,0.0,-51.0
1776884802.2421026,4.0,-1.0,-52.0
1776884802.2521029,9.0,-3.0,-52.0
1776884802.2621028,3.0,-3.0,-50.0
1776884802.2721028,0.0,-5.0,-45.0
1776884802.2821028,0.0,-6.0,-53.0
1776884802.2921028,1.0,-5.0,-49.0
1776884802.3021028,-1.0,-8.0,-48.0
1776884802.3121028,-1.0,-10.0,-50.0
1776884802.3221028,0.0,-6.0,-50.0
1776884802.3321028,-1.0,-5.0,-53.0
1776884802.3421028,0.0,0.0,-55.0
1776884802.3521028,-2.0,3.0,-50.0
1776884802.3621027,-2.0,2.0,-49.0
1776884802.3721027,-3.0,0.0,-51.0
1776884802.3821027,-11.0,0.0,-52.0
1776884802.3921027,-6.0,-2.0,-59.0
1776884802.4021027,1.0,-2.0,-59.0
1776884802.4121027,4.0,1.0,-54.0
1776884802.4221027,3.0,0.0,-46.0
1776884802.432103,2.0,-1.0,-51.0
1776884802.442103,0.0,0.0,-52.0
1776884802.452103,1.0,-1.0,-49.0
1776884802.462103,5.0,0.0,-53.0
1776884802.4721026,2.0,3.0,-52.0
1776884802.4821026,2.0,1.0,-49.0
1776884802.4921026,-4.0,1.0,-49.0
1776884802.5021029,-4.0,3.0,-46.0
1776884802.5121028,-3.0,2.0,-47.0
1776884802.5221028,0.0,2.0,-38.0
1776884802.5321028,3.0,1.0,-32.0
1776884802.5421028,0.0,-2.0,-35.0
1776884802.5521028,4.0,-10.0,-42.0
1776884802.5621028,4.0,-8.0,-41.0
1776884802.5721028,2.0,-4.0,-47.0
1776884802.5821028,4.0,-4.0,-41.0
1776884802.5921028,3.0,0.0,-38.0
1776884802.6021028,0.0,2.0,-42.0
1776884802.6121027,2.0,-1.0,-45.0
1776884802.6221027,0.0,0.0,-49.0
1776884802.6321027,1.0,0.0,-54.0
1776884802.6421027,1.0,-1.0,-50.0
1776884802.6521027,-1.0,-1.0,-48.0
1776884802.6621027,0.0,0.0,-46.0
1776884802.6721027,0.0,0.0,-50.0
1776884802.682103,3.0,1.0,-51.0
1776884802.692103,-4.0,-2.0,-49.0
1776884802.702103,0.0,-2.0,-53.0
1776884802.712103,-2.0,-3.0,-55.0
1776884802.7221026,2.0,-6.0,-57.0
1776884802.7321026,0.0,-3.0,-57.0
1776884802.7421026,0.0,-5.0,-55.0
1776884802.7521029,0.0,-3.0,-52.0
1776884802.7621028,0.0,-3.0,-57.0
1776884802.7721028,-4.0,-2.0,-57.0
1776884802.7821028,-2.0,2.0,-57.0
1776884802.7921028,-3.0,3.0,-58.0
1776884802.8021028,0.0,-3.0,-58.0
1776884802.8121028,-2.0,-3.0,-61.0
1776884802.8221028,0.0,-5.0,-54.0
1776884802.8321028,5.0,-7.0,-46.0
1776884802.8421028,2.0,-8.0,-43.0
1776884802.8521028,3.0,-3.0,-43.0
1776884802.8621027,4.0,-3.0,-49.0
1776884802.8721027,1.0,-5.0,-54.0
1776884802.8821027,3.0,-4.0,-53.0
1776884802.8921027,1.0,-3.0,-52.0
1776884802.9021027,1.0,-1.0,-49.0
1776884802.9121027,3.0,-1.0,-52.0
1776884802.9221027,-1.0,-2.0,-47.0
1776884802.932103,-7.0,-4.0,-48.0
1776884802.942103,-6.0,0.0,-51.0
1776884802.952103,-2.0,2.0,-48.0
1776884802.962103,0.0,1.0,-54.0
1776884802.9721026,0.0,0.0,-57.0
1776884802.9821026,0.0,1.0,-48.0
1776884802.9921026,1.0,-2.0,-46.0
1776884803.0021029,2.0,0.0,-47.0
1776884803.0121028,3.0,0.0,-48.0
1776884803.0221028,-3.0,-3.0,-49.0
1776884803.0321028,0.0,-2.0,-44.0
1776884803.0421028,-1.0,1.0,-44.0
1776884803.0521028,-1.0,0.0,-44.0
1776884803.0621028,1.0,3.0,-44.0
1776884803.0721028,0.0,0.0,-45.0
1776884803.0821028,-1.0,-3.0,-41.0
1776884803.0931027,0.0,-4.0,-35.0
1776884803.1031027,-1.0,-5.0,-38.0
1776884803.113103,0.0,-4.0,-41.0
1776884803.123103,-1.0,-4.0,-46.0
1776884803.133103,0.0,-3.0,-48.0
1776884803.1431026,-1.0,-4.0,-50.0
1776884803.1531026,-6.0,-3.0,-52.0
1776884803.1631026,-5.0,-5.0,-54.0
1776884803.1731029,0.0,-9.0,-50.0
1776884803.1831028,-1.0,-8.0,-49.0
1776884803.1931028,0.0,-5.0,-48.0
1776884803.2031028,-5.0,-5.0,-42.0
1776884803.2131028,-5.0,-3.0,-41.0
1776884803.2231028,-4.0,-5.0,-45.0
1776884803.2331028,-3.0,-5.0,-49.0
1776884803.2431028,-3.0,-8.0,-54.0
1776884803.2531028,-2.0,-7.0,-45.0
1776884803.2631028,0.0,-5.0,-40.0
1776884803.2731028,2.0,-5.0,-37.0
1776884803.2831028,2.0,-1.0,-38.0
1776884803.2931027,1.0,-4.0,-39.0
1776884803.3031027,2.0,-6.0,-44.0
1776884803.3131027,4.0,-7.0,-45.0
1776884803.3231027,5.0,-5.0,-45.0
1776884803.3331027,5.0,-6.0,-49.0
1776884803.3431027,2.0,0.0,-51.0
1776884803.3531027,2.0,5.0,-48.0
1776884803.363103,1.0,4.0,-49.0
1776884803.373103,1.0,4.0,-49.0
1776884803.383103,0.0,6.0,-47.0
1776884803.3931026,0.0,6.0,-49.0
1776884803.4031026,0.0,5.0,-44.0
1776884803.4131026,2.0,0.0,-39.0
1776884803.4231029,0.0,-3.0,-40.0
1776884803.4331028,1.0,-4.0,-42.0
1776884803.4431028,1.0,-6.0,-38.0
1776884803.4531028,0.0,-1.0,-35.0
1776884803.4631028,-1.0,0.0,-35.0
1776884803.4731028,0.0,0.0,-39.0
1776884803.4831028,1.0,-4.0,-41.0
1776884803.4931028,-4.0,-1.0,-47.0
1776884803.5031028,-8.0,-1.0,-45.0
1776884803.5131028,-4.0,-3.0,-48.0
1776884803.5231028,2.0,-2.0,-49.0
1776884803.5331028,2.0,0.0,-45.0
1776884803.5431027,0.0,-3.0,-44.0
1776884803.5531027,0.0,-5.0,-47.0
1776884803.5631027,-1.0,-5.0,-51.0
1776884803.5731027,0.0,-7.0,-50.0
1776884803.5831027,0.0,-7.0,-44.0
1776884803.5931027,-1.0,-8.0,-45.0
1776884803.6031027,0.0,-8.0,-40.0
1776884803.613103,3.0,-6.0,-44.0
1776884803.623103,5.0,-7.0,-47.0
1776884803.633103,1.0,-4.0,-49.0
1776884803.6431026,-1.0,-1.0,-45.0
1776884803.6531026,1.0,-4.0,-42.0
1776884803.6631026,0.0,-7.0,-38.0
1776884803.6731029,0.0,-4.0,-44.0
1776884803.6831028,-2.0,-3.0,-40.0
1776884803.6931028,1.0,0.0,-44.0
1776884803.7031028,2.0,0.0,-49.0
1776884803.7131028,5.0,0.0,-50.0
1776884803.7231028,6.0,-2.0,-48.0
1776884803.7331028,3.0,-5.0,-46.0
1776884803.7431028,3.0,-1.0,-51.0
1776884803.7531028,3.0,0.0,-50.0
1776884803.7631028,4.0,-3.0,-35.0
1776884803.7731028,4.0,-1.0,-36.0
1776884803.7831028,5.0,-3.0,-40.0
1776884803.7931027,6.0,-5.0,-46.0
1776884803.8031027,7.0,-2.0,-46.0
1776884803.8131027,7.0,-2.0,-50.0
1776884803.8231027,9.0,-3.0,-53.0
1776884803.8331027,2.0,-2.0,-52.0
1776884803.8431027,0.0,-5.0,-49.0
1776884803.8531027,-2.0,-1.0,-46.0
1776884803.863103,-1.0,-4.0,-43.0
1776884803.873103,1.0,-6.0,-41.0
1776884803.883103,2.0,-4.0,-38.0
1776884803.8931026,0.0,-5.0,-36.0
1776884803.9031026,-3.0,-4.0,-39.0
1776884803.9131026,-2.0,-5.0,-43.0
1776884803.9231029,-3.0,-3.0,-46.0
1776884803.9331028,-1.0,-7.0,-47.0
1776884803.9431028,0.0,-4.0,-46.0
1776884803.9531028,6.0,-7.0,-45.0
1776884803.9631028,2.0,-6.0,-55.0
1776884803.9731028,0.0,-6.0,-51.0
1776884803.9831028,0.0,-6.0,-46.0
1776884803.9931028,-1.0,-6.0,-40.0
1776884804.0031028,-1.0,-3.0,-46.0
1776884804.0131028,-4.0,-1.0,-43.0
1776884804.0231028,-1.0,-5.0,-41.0
1776884804.0331028,0.0,-5.0,-39.0
1776884804.0431027,6.0,-3.0,-39.0
1776884804.0531027,4.0,0.0,-42.0
1776884804.0631027,5.0,0.0,-47.0
1776884804.0731027,2.0,-2.0,-42.0
1776884804.0831027,3.0,-1.0,-40.0
1776884804.0931027,6.0,-6.0,-38.0
1776884804.1031027,2.0,-10.0,-35.0
1776884804.113103,2.0,-9.0,-37.0
1776884804.123103,1.0,-11.0,-44.0
1776884804.133103,3.0,-7.0,-45.0
1776884804.1431026,5.0,-8.0,-45.0
1776884804.1531026,1.0,-7.0,-47.0
1776884804.1631026,-2.0,-6.0,-47.0
1776884804.1731029,0.0,-4.0,-53.0
1776884804.1831028,0.0,-4.0,-53.0
1776884804.1931028,1.0,1.0,-56.0
1776884804.2031028,1.0,1.0,-49.0
1776884804.2131028,-2.0,0.0,-47.0
1776884804.2231028,-1.0,0.0,-51.0
1776884804.2331028,4.0,0.0,-57.0
1776884804.2431028,6.0,2.0,-53.0
1776884804.2531028,8.0,3.0,-45.0
1776884804.2631028,0.0,2.0,-45.0
1776884804.2731028,-2.0,5.0,-44.0
1776884804.2831028,-2.0,5.0,-41.0
1776884804.2931027,0.0,1.0,-43.0
1776884804.3031027,1.0,-1.0,-49.0
1776884804.3131027,-4.0,-3.0,-48.0
1776884804.3231027,-5.0,-1.0,-43.0
1776884804.3331027,0.0,0.0,-39.0
1776884804.3431027,0.0,-3.0,-35.0
1776884804.3531027,-1.0,-4.0,-37.0
1776884804.363103,-3.0,-5.0,-38.0
1776884804.373103,-3.0,-6.0,-37.0
1776884804.383103,-3.0,-7.0,-44.0
1776884804.3931026,-4.0,-8.0,-51.0
1776884804.4031026,-5.0,-4.0,-50.0
1776884804.4131026,-1.0,0.0,-50.0
1776884804.4231029,-2.0,-3.0,-58.0
1776884804.4331028,0.0,-3.0,-60.0
1776884804.4431028,0.0,-3.0,-58.0
1776884804.4531028,3.0,0.0,-51.0
1776884804.4631028,0.0,-2.0,-48.0
1776884804.4731028,2.0,-2.0,-49.0
1776884804.4831028,1.0,-3.0,-53.0
1776884804.4931028,2.0,-4.0,-57.0
1776884804.5031028,5.0,-5.0,-57.0
1776884804.5131028,4.0,-2.0,-57.0
1776884804.5231028,2.0,-5.0,-59.0
1776884804.5331028,2.0,-2.0,-55.0
1776884804.5431027,2.0,-2.0,-49.0
1776884804.5531027,0.0,-5.0,-55.0
1776884804.5631027,0.0,-6.0,-51.0
1776884804.5731027,1.0,-1.0,-54.0
1776884804.5831027,3.0,-1.0,-49.0
1776884804.5931027,4.0,-3.0,-50.0
1776884804.6031027,2.0,-5.0,-51.0
1776884804.613103,3.0,-6.0,-52.0
1776884804.623103,4.0,0.0,-53.0
1776884804.633103,5.0,-2.0,-49.0
1776884804.6431026,4.0,-4.0,-46.0
1776884804.6531026,5.0,-5.0,-54.0
1776884804.6631026,5.0,-5.0,-54.0
1776884804.6731029,1.0,1.0,-60.0
1776884804.6831028,5.0,5.0,-59.0
1776884804.6931028,6.0,3.0,-61.0
1776884804.7031028,5.0,-4.0,-55.0
1776884804.7131028,2.0,-2.0,-49.0
1776884804.7231028,0.0,0.0,-43.0
1776884804.7331028,0.0,6.0,-47.0
1776884804.7431028,-1.0,0.0,-47.0
1776884804.7531028,0.0,0.0,-49.0
1776884804.7631028,0.0,0.0,-45.0
1776884804.7731028,-1.0,0.0,-44.0
1776884804.7831028,-5.0,0.0,-47.0
1776884804.7931027,0.0,-1.0,-46.0
1776884804.8031027,0.0,-1.0,-45.0
1776884804.8131027,-7.0,0.0,-46.0
1776884804.8231027,0.0,1.0,-42.0
1776884804.8331027,0.0,0.0,-42.0
1776884804.8431027,1.0,-1.0,-44.0
1776884804.8531027,4.0,-3.0,-47.0
1776884804.863103,2.0,-2.0,-54.0
1776884804.873103,0.0,-2.0,-53.0
1776884804.883103,1.0,-3.0,-51.0
1776884804.8931026,-1.0,-3.0,-47.0
1776884804.9031026,-6.0,-3.0,-49.0
1776884804.9131026,-10.0,-1.0,-55.0
1776884804.9231029,-10.0,-2.0,-51.0
1776884804.9331028,-5.0,0.0,-54.0
1776884804.9431028,-2.0,0.0,-46.0
1776884804.9531028,-2.0,-2.0,-49.0
1776884804.9631028,-6.0,0.0,-54.0
1776884804.9731028,-6.0,0.0,-48.0
1776884804.9831028,-8.0,-2.0,-49.0
1776884804.9931028,-5.0,-2.0,-53.0
1776884805.0031028,-4.0,-2.0,-49.0
1776884805.0131028,-2.0,-3.0,-54.0
1776884805.0231028,0.0,-3.0,-57.0
1776884805.0331028,-3.0,-3.0,-55.0
1776884805.0431027,-4.0,-5.0,-55.0
1776884805.0531027,-6.0,-8.0,-58.0
1776884805.0631027,-2.0,-3.0,-54.0
1776884805.0731027,0.0,-4.0,-52.0
1776884805.0841026,5.0,-3.0,-52.0
1776884805.0941026,3.0,-4.0,-50.0
1776884805.1041028,0.0,-6.0,-51.0
1776884805.1141028,-3.0,-5.0,-50.0
1776884805.1241028,-7.0,-5.0,-45.0
1776884805.1341028,-10.0,-6.0,-41.0
1776884805.1441028,-7.0,-6.0,-45.0
1776884805.1541028,-6.0,-4.0,-54.0
1776884805.1641028,-6.0,-7.0,-55.0
1776884805.1741028,-4.0,-7.0,-53.0
1776884805.1841028,-2.0,-5.0,-53.0
1776884805.1941028,-4.0,0.0,-51.0
1776884805.2041028,-5.0,1.0,-55.0
1776884805.2141027,-3.0,0.0,-52.0
1776884805.2241027,-1.0,3.0,-48.0
1776884805.2341027,3.0,5.0,-47.0
1776884805.2441027,4.0,5.0,-43.0
1776884805.2541027,3.0,3.0,-41.0
1776884805.2641027,4.0,-1.0,-46.0
1776884805.2741027,2.0,1.0,-48.0
1776884805.284103,3.0,2.0,-44.0
1776884805.294103,2.0,0.0,-39.0
1776884805.304103,4.0,0.0,-39.0
1776884805.3141026,6.0,-1.0,-41.0
1776884805.3241026,3.0,1.0,-38.0
1776884805.3341026,0.0,3.0,-36.0
1776884805.3441026,0.0,5.0,-37.0
1776884805.3541028,-2.0,2.0,-34.0
1776884805.3641028,-1.0,0.0,-39.0
1776884805.3741028,1.0,-2.0,-46.0
1776884805.3841028,5.0,-4.0,-56.0
1776884805.3941028,-1.0,-7.0,-49.0
1776884805.4041028,0.0,-3.0,-43.0
1776884805.4141028,0.0,-5.0,-47.0
1776884805.4241028,-5.0,0.0,-49.0
1776884805.4341028,-2.0,0.0,-44.0
1776884805.4441028,-1.0,0.0,-44.0
1776884805.4541028,-3.0,-2.0,-41.0
1776884805.4641027,-2.0,-3.0,-37.0
1776884805.4741027,2.0,-7.0,-41.0
1776884805.4841027,0.0,-6.0,-37.0
1776884805.4941027,-2.0,-4.0,-40.0
1776884805.5041027,-3.0,-3.0,-42.0
1776884805.5141027,-5.0,-4.0,-41.0
1776884805.5241027,-3.0,-2.0,-42.0
1776884805.534103,-5.0,0.0,-40.0
1776884805.544103,-6.0,1.0,-42.0
1776884805.554103,-4.0,1.0,-45.0
1776884805.5641026,-3.0,1.0,-40.0
1776884805.5741026,1.0,0.0,-45.0
1776884805.5841026,-1.0,-3.0,-44.0
1776884805.5941026,1.0,-1.0,-57.0
1776884805.6041028,2.0,-4.0,-59.0
1776884805.6141028,5.0,-9.0,-52.0
1776884805.6241028,5.0,-7.0,-51.0
1776884805.6341028,9.0,-4.0,-46.0
1776884805.6441028,8.0,0.0,-47.0
1776884805.6541028,9.0,-2.0,-48.0
1776884805.6641028,8.0,-1.0,-52.0
1776884805.6741028,2.0,-2.0,-47.0
1776884805.6841028,0.0,-6.0,-44.0
1776884805.6941028,1.0,-3.0,-44.0
1776884805.7041028,1.0,-2.0,-42.0
1776884805.7141027,-2.0,-2.0,-47.0
1776884805.7241027,-5.0,-2.0,-47.0
1776884805.7341027,-5.0,0.0,-50.0
1776884805.7441027,-3.0,-3.0,-49.0
1776884805.7541027,0.0,-2.0,-52.0
1776884805.7641027,1.0,0.0,-51.0
1776884805.7741027,1.0,-1.0,-50.0
1776884805.784103,2.0,-2.0,-46.0
1776884805.794103,0.0,1.0,-43.0
1776884805.804103,-1.0,-3.0,-43.0
1776884805.8141026,0.0,-3.0,-39.0
1776884805.8241026,3.0,-4.0,-39.0
1776884805.8341026,4.0,-7.0,-46.0
1776884805.8441026,5.0,-6.0,-42.0
1776884805.8541028,4.0,-5.0,-40.0
1776884805.8641028,6.0,-5.0,-39.0
1776884805.8741028,5.0,-2.0,-41.0
1776884805.8841028,7.0,-1.0,-44.0
1776884805.8941028,6.0,0.0,-50.0
1776884805.9041028,6.0,0.0,-50.0
1776884805.9141028,2.0,0.0,-51.0
1776884805.9241028,3.0,-1.0,-49.0
1776884805.9341028,3.0,-3.0,-51.0
1776884805.9441028,3.0,-6.0,-54.0
1776884805.9541028,6.0,-7.0,-47.0
1776884805.9641027,7.0,-6.0,-44.0
1776884805.9741027,9.0,-2.0,-42.0
1776884805.9841027,3.0,-1.0,-45.0
1776884805.9941027,-1.0,-5.0,-48.0
1776884806.0041027,-3.0,-4.0,-48.0
1776884806.0141027,-3.0,-4.0,-45.0
1776884806.0241027,0.0,-2.0,-45.0
1776884806.034103,1.0,0.0,-42.0
1776884806.044103,2.0,-1.0,-36.0
1776884806.054103,5.0,-3.0,-34.0
1776884806.0641026,5.0,-2.0,-31.0
1776884806.0741026,3.0,-1.0,-32.0
1776884806.0841026,2.0,-2.0,-34.0
1776884806.0941026,-1.0,-3.0,-38.0
1776884806.1041028,0.0,1.0,-39.0
1776884806.1141028,-2.0,2.0,-38.0
1776884806.1241028,-1.0,3.0,-42.0
1776884806.1341028,1.0,2.0,-39.0
1776884806.1441028,0.0,0.0,-33.0
1776884806.1541028,-5.0,-1.0,-34.0
1776884806.1641028,-3.0,-3.0,-37.0
1776884806.1741028,-4.0,0.0,-39.0
1776884806.1841028,-4.0,1.0,-47.0
1776884806.1941028,0.0,0.0,-50.0
1776884806.2041028,-4.0,0.0,-53.0
1776884806.2141027,-4.0,-1.0,-45.0
1776884806.2241027,-3.0,1.0,-39.0
1776884806.2341027,2.0,0.0,-50.0
1776884806.2441027,6.0,0.0,-49.0
1776884806.2541027,8.0,-1.0,-39.0
1776884806.2641027,2.0,-4.0,-42.0
1776884806.2741027,0.0,-3.0,-38.0
1776884806.284103,0.0,-2.0,-36.0
1776884806.294103,1.0,-1.0,-38.0
1776884806.304103,2.0,0.0,-44.0
1776884806.3141026,-1.0,-2.0,-48.0
1776884806.3241026,-4.0,-5.0,-46.0
1776884806.3341026,-4.0,-11.0,-54.0
1776884806.3441026,0.0,-10.0,-52.0
1776884806.3541028,-1.0,-6.0,-52.0
1776884806.3641028,-8.0,-4.0,-47.0
1776884806.3741028,-6.0,-3.0,-49.0
1776884806.3841028,-7.0,-2.0,-47.0
1776884806.3941028,-5.0,-3.0,-46.0
1776884806.4041028,-5.0,-1.0,-48.0
1776884806.4141028,-4.0,-3.0,-49.0
1776884806.4241028,-1.0,-5.0,-46.0
1776884806.4341028,1.0,-3.0,-50.0
1776884806.4441028,3.0,-1.0,-55.0
1776884806.4541028,2.0,-3.0,-54.0
1776884806.4641027,2.0,-2.0,-48.0
1776884806.4741027,3.0,-4.0,-41.0
1776884806.4841027,0.0,-1.0,-37.0
1776884806.4941027,0.0,0.0,-33.0
1776884806.5041027,-1.0,0.0,-40.0
1776884806.5151026,0.0,-2.0,-44.0
1776884806.5241027,0.0,-3.0,-43.0
1776884806.534103,-3.0,-5.0,-46.0
1776884806.544103,2.0,-3.0,-45.0
1776884806.554103,3.0,-3.0,-41.0
1776884806.5641026,0.0,0.0,-45.0
1776884806.5741026,3.0,-1.0,-46.0
1776884806.5841026,4.0,-2.0,-46.0
1776884806.5941026,4.0,1.0,-37.0
1776884806.6041028,3.0,-2.0,-40.0
1776884806.6141028,3.0,0.0,-45.0
1776884806.6241028,2.0,0.0,-48.0
1776884806.6341028,0.0,-1.0,-42.0
1776884806.6441028,-3.0,-3.0,-44.0
1776884806.6541028,-4.0,-2.0,-50.0
1776884806.6641028,-1.0,-2.0,-42.0
1776884806.6741028,-4.0,0.0,-45.0
1776884806.6841028,-5.0,1.0,-42.0
1776884806.6941028,-4.0,0.0,-34.0
1776884806.7041028,-2.0,-2.0,-38.0
1776884806.7141027,0.0,0.0,-40.0
1776884806.7241027,0.0,3.0,-40.0
1776884806.7341027,1.0,1.0,-41.0
1776884806.7441027,2.0,2.0,-35.0
1776884806.7541027,2.0,0.0,-33.0
1776884806.7641027,1.0,0.0,-30.0
1776884806.7741027,-1.0,0.0,-29.0
1776884806.784103,0.0,6.0,-35.0
1776884806.794103,0.0,3.0,-38.0
1776884806.804103,0.0,0.0,-42.0
1776884806.8141026,-3.0,0.0,-46.0
1776884806.8241026,-4.0,-2.0,-42.0
1776884806.8341026,-3.0,-3.0,-41.0
1776884806.8441026,0.0,-4.0,-44.0
1776884806.8541028,4.0,-3.0,-46.0
1776884806.8641028,4.0,1.0,-42.0
1776884806.8741028,3.0,1.0,-49.0
1776884806.8841028,0.0,0.0,-49.0
1776884806.8941028,1.0,0.0,-49.0
1776884806.9041028,3.0,4.0,-47.0
1776884806.9141028,4.0,4.0,-43.0
1776884806.9241028,1.0,1.0,-44.0
1776884806.9341028,0.0,-1.0,-54.0
1776884806.9441028,0.0,0.0,-57.0
1776884806.9541028,-2.0,-1.0,-57.0
1776884806.9641027,-5.0,2.0,-56.0
1776884806.9741027,-6.0,0.0,-53.0
1776884806.9841027,-3.0,-1.0,-49.0
1776884806.9941027,2.0,-3.0,-41.0
1776884807.0041027,-2.0,-2.0,-38.0
1776884807.0151026,-1.0,0.0,-39.0
1776884807.0241027,2.0,1.0,-44.0
1776884807.034103,0.0,-1.0,-44.0
1776884807.044103,-3.0,1.0,-43.0
1776884807.0551028,-2.0,-1.0,-41.0
1776884807.0651028,2.0,2.0,-43.0
1776884807.0751028,0.0,2.0,-46.0
1776884807.0851028,-4.0,-1.0,-52.0
1776884807.0951028,-6.0,0.0,-51.0
1776884807.1051028,-4.0,-5.0,-46.0
1776884807.1151028,-6.0,-10.0,-43.0
1776884807.1251028,-6.0,-6.0,-40.0
1776884807.1351027,-8.0,-7.0,-36.0
1776884807.1451027,-5.0,-8.0,-40.0
1776884807.1551027,-7.0,-7.0,-42.0
1776884807.1651027,-8.0,-4.0,-50.0
1776884807.1751027,-6.0,-5.0,-45.0
1776884807.1851027,-3.0,-7.0,-42.0
1776884807.1951027,-4.0,-6.0,-36.0
1776884807.2051027,-3.0,-9.0,-35.0
1776884807.215103,-7.0,-4.0,-35.0
1776884807.225103,-4.0,0.0,-42.0
1776884807.235103,-3.0,-2.0,-43.0
1776884807.2451026,-4.0,-1.0,-48.0
1776884807.2551026,-5.0,-2.0,-53.0
1776884807.2651026,-4.0,-2.0,-57.0
1776884807.2751029,0.0,-2.0,-51.0
1776884807.2851028,-1.0,-1.0,-49.0
1776884807.2951028,-4.0,0.0,-47.0
1776884807.3051028,-4.0,-5.0,-44.0
1776884807.3151028,-1.0,-7.0,-46.0
1776884807.3251028,-1.0,-8.0,-44.0
1776884807.3351028,0.0,-6.0,-45.0
1776884807.3451028,1.0,-5.0,-45.0
1776884807.3551028,0.0,-3.0,-43.0
1776884807.3651028,-1.0,-3.0,-49.0
1776884807.3751028,-3.0,-1.0,-52.0
1776884807.3851027,-5.0,0.0,-55.0
1776884807.3951027,-7.0,0.0,-55.0
1776884807.4051027,-6.0,3.0,-49.0
1776884807.4151027,-6.0,3.0,-47.0
1776884807.4251027,-6.0,1.0,-56.0
1776884807.4351027,-10.0,5.0,-57.0
1776884807.4451027,-8.0,3.0,-55.0
1776884807.4551027,-5.0,2.0,-55.0
1776884807.465103,-3.0,0.0,-56.0
1776884807.475103,-1.0,3.0,-49.0
1776884807.485103,0.0,0.0,-47.0
1776884807.4951026,-2.0,0.0,-45.0
1776884807.5051026,-1.0,0.0,-40.0
1776884807.5151026,1.0,-2.0,-49.0
1776884807.5251029,4.0,-2.0,-45.0
1776884807.5351028,4.0,-2.0,-43.0
1776884807.5451028,0.0,-6.0,-43.0
1776884807.5551028,0.0,-5.0,-42.0
1776884807.5651028,-3.0,-3.0,-50.0
1776884807.5751028,-7.0,-1.0,-51.0
1776884807.5851028,-10.0,-5.0,-51.0
1776884807.5951028,-4.0,-4.0,-48.0
1776884807.6051028,2.0,-10.0,-48.0
1776884807.6151028,5.0,-6.0,-41.0
1776884807.6251028,5.0,-3.0,-35.0
1776884807.6351027,2.0,-5.0,-28.0
1776884807.6451027,0.0,-1.0,-28.0
1776884807.6551027,0.0,-4.0,-29.0
1776884807.6651027,1.0,-3.0,-34.0
1776884807.6751027,0.0,-3.0,-45.0
1776884807.6851027,1.0,-1.0,-41.0
1776884807.6951027,-1.0,-1.0,-42.0
1776884807.7051027,0.0,-2.0,-41.0
1776884807.715103,-2.0,-3.0,-49.0
1776884807.725103,0.0,-5.0,-47.0
1776884807.735103,-2.0,-9.0,-45.0
1776884807.7451026,-1.0,-9.0,-38.0
1776884807.7551026,-4.0,-9.0,-37.0
1776884807.7651026,-2.0,-5.0,-39.0
1776884807.7751029,1.0,-6.0,-42.0
1776884807.7851028,0.0,-3.0,-50.0
1776884807.7951028,4.0,-3.0,-53.0
1776884807.8051028,0.0,-8.0,-46.0
1776884807.8151028,-1.0,-10.0,-40.0
1776884807.8251028,-2.0,-7.0,-39.0
1776884807.8351028,-6.0,-6.0,-49.0
1776884807.8451028,-7.0,-5.0,-47.0
1776884807.8551028,-2.0,-4.0,-52.0
1776884807.8651028,-2.0,-5.0,-52.0
1776884807.8751028,0.0,-7.0,-53.0
1776884807.8851027,1.0,-5.0,-49.0
1776884807.8951027,3.0,-8.0,-46.0
1776884807.9051027,4.0,-5.0,-39.0
1776884807.9151027,0.0,-5.0,-45.0
1776884807.9251027,1.0,-3.0,-49.0
1776884807.9351027,2.0,1.0,-48.0
1776884807.9451027,-1.0,1.0,-48.0
1776884807.9551027,0.0,1.0,-45.0
1776884807.965103,3.0,1.0,-48.0
1776884807.975103,6.0,0.0,-42.0
1776884807.985103,6.0,-1.0,-36.0
1776884807.9951026,8.0,-1.0,-37.0
1776884808.0051026,8.0,0.0,-40.0
1776884808.0151026,8.0,-1.0,-43.0
1776884808.0251029,3.0,1.0,-39.0
1776884808.0351028,0.0,1.0,-44.0
1776884808.0451028,0.0,-2.0,-45.0
1776884808.0551028,-2.0,0.0,-45.0
1776884808.0651028,0.0,0.0,-41.0
1776884808.0751028,1.0,-1.0,-47.0
1776884808.0851028,0.0,-1.0,-48.0
1776884808.0951028,3.0,-4.0,-47.0
1776884808.1051028,5.0,0.0,-41.0
1776884808.1151028,3.0,0.0,-46.0
1776884808.1251028,-2.0,-2.0,-47.0
1776884808.1351027,-1.0,-1.0,-42.0
1776884808.1451027,-1.0,-1.0,-42.0
1776884808.1551027,-4.0,-4.0,-46.0
1776884808.1651027,-6.0,-5.0,-52.0
1776884808.1751027,-6.0,-6.0,-56.0
1776884808.1851027,-8.0,-4.0,-54.0
1776884808.1951027,-7.0,0.0,-54.0
1776884808.2051027,-6.0,0.0,-51.0
1776884808.215103,-5.0,4.0,-50.0
1776884808.225103,-5.0,4.0,-51.0
1776884808.235103,-1.0,3.0,-51.0
1776884808.2451026,-3.0,1.0,-45.0
1776884808.2551026,-1.0,1.0,-42.0
1776884808.2651026,2.0,-1.0,-43.0
1776884808.2751029,3.0,-2.0,-45.0
1776884808.2851028,0.0,3.0,-35.0
1776884808.2951028,-4.0,1.0,-39.0
1776884808.3051028,-5.0,4.0,-43.0
1776884808.3151028,-5.0,5.0,-44.0
1776884808.3251028,-4.0,6.0,-39.0
1776884808.3351028,-6.0,3.0,-43.0
1776884808.3451028,0.0,3.0,-41.0
1776884808.3551028,3.0,1.0,-48.0
1776884808.3651028,0.0,0.0,-40.0
1776884808.3751028,4.0,-3.0,-44.0
1776884808.3851027,7.0,0.0,-41.0
1776884808.3951027,4.0,-3.0,-37.0
1776884808.4051027,6.0,-4.0,-35.0
1776884808.4151027,9.0,-4.0,-41.0
1776884808.4251027,6.0,-3.0,-43.0
1776884808.4351027,5.0,-3.0,-51.0
1776884808.4451027,4.0,-5.0,-57.0
1776884808.4551027,3.0,-5.0,-57.0
1776884808.465103,6.0,-1.0,-58.0
1776884808.475103,1.0,0.0,-51.0
1776884808.485103,0.0,0.0,-52.0
1776884808.4951026,-1.0,-1.0,-52.0
1776884808.5051026,-5.0,-1.0,-47.0
1776884808.5151026,-5.0,-2.0,-48.0
1776884808.5251029,-3.0,-5.0,-47.0
1776884808.5351028,3.0,-1.0,-48.0
1776884808.5451028,0.0,0.0,-44.0
1776884808.5551028,0.0,1.0,-47.0
1776884808.5651028,0.0,2.0,-50.0
1776884808.5751028,1.0,1.0,-48.0
1776884808.5851028,0.0,-1.0,-44.0
1776884808.5951028,1.0,0.0,-40.0
1776884808.6051028,-4.0,-2.0,-42.0
1776884808.6151028,-3.0,-1.0,-37.0
1776884808.6251028,-2.0,-6.0,-41.0
1776884808.6351027,-1.0,-4.0,-40.0
1776884808.6451027,-3.0,-2.0,-47.0
1776884808.6551027,-2.0,0.0,-53.0
1776884808.6651027,-6.0,-2.0,-59.0
1776884808.6751027,-12.0,-4.0,-53.0
1776884808.6851027,-8.0,-6.0,-47.0
1776884808.6951027,-9.0,-6.0,-39.0
1776884808.7051027,-8.0,-2.0,-36.0
1776884808.715103,-4.0,-3.0,-37.0
1776884808.725103,0.0,-5.0,-43.0
1776884808.735103,0.0,0.0,-45.0
1776884808.7451026,2.0,-2.0,-50.0
1776884808.7551026,0.0,-4.0,-56.0
1776884808.7651026,-3.0,-5.0,-56.0
1776884808.7751029,-2.0,-10.0,-55.0
1776884808.7851028,-6.0,-9.0,-51.0
1776884808.7951028,-9.0,-8.0,-48.0
1776884808.8051028,-2.0,-4.0,-49.0
1776884808.8151028,-2.0,-2.0,-47.0
1776884808.8251028,3.0,0.0,-47.0
1776884808.8351028,5.0,-1.0,-47.0
1776884808.8451028,1.0,0.0,-46.0
1776884808.8551028,-2.0,0.0,-50.0
1776884808.8651028,-4.0,2.0,-47.0
1776884808.8751028,-1.0,5.0,-49.0
1776884808.8851027,-1.0,3.0,-49.0
1776884808.8951027,-2.0,-2.0,-50.0
1776884808.9051027,-3.0,-2.0,-46.0
1776884808.9151027,-3.0,0.0,-44.0
1776884808.9251027,-6.0,-3.0,-45.0
1776884808.9351027,-5.0,0.0,-47.0
1776884808.9451027,-2.0,2.0,-39.0
1776884808.9551027,-3.0,1.0,-39.0
1776884808.965103,-3.0,-1.0,-41.0
1776884808.975103,-2.0,0.0,-45.0
1776884808.9861028,-2.0,0.0,-46.0
1776884808.9951026,-5.0,0.0,-51.0
1776884809.0061028,-3.0,0.0,-48.0
1776884809.0161028,-7.0,-2.0,-43.0
1776884809.0261028,-7.0,0.0,-45.0
1776884809.0361028,-5.0,0.0,-51.0
1776884809.0461028,0.0,-2.0,-50.0
1776884809.0561028,0.0,-3.0,-45.0
1776884809.0661027,0.0,-2.0,-48.0
1776884809.0761027,4.0,0.0,-53.0
1776884809.0861027,4.0,0.0,-55.0
1776884809.0961027,0.0,-3.0,-59.0
1776884809.1061027,0.0,0.0,-55.0
1776884809.1161027,-1.0,1.0,-55.0
1776884809.1261027,2.0,1.0,-47.0
1776884809.136103,2.0,2.0,-45.0
1776884809.146103,7.0,5.0,-44.0
1776884809.156103,6.0,4.0,-41.0
1776884809.1661026,7.0,4.0,-43.0
1776884809.1761026,6.0,2.0,-43.0
1776884809.1861026,3.0,2.0,-40.0
1776884809.1961029,4.0,1.0,-39.0
1776884809.2061028,3.0,-5.0,-38.0
1776884809.2161028,0.0,-8.0,-36.0
1776884809.2261028,-2.0,-8.0,-37.0
1776884809.2361028,1.0,-10.0,-39.0
1776884809.2461028,0.0,-8.0,-44.0
1776884809.2561028,0.0,-6.0,-44.0
1776884809.2661028,-2.0,-5.0,-44.0
1776884809.2761028,-4.0,-3.0,-39.0
1776884809.2861028,-3.0,-6.0,-42.0
1776884809.2961028,-2.0,-7.0,-43.0
1776884809.3061028,3.0,-7.0,-46.0
1776884809.3161027,3.0,-7.0,-50.0
1776884809.3261027,0.0,-9.0,-47.0
1776884809.3361027,-2.0,-7.0,-45.0
1776884809.3461027,-6.0,-7.0,-43.0
1776884809.3561027,-4.0,-3.0,-40.0
1776884809.3661027,1.0,-1.0,-40.0
1776884809.3761027,1.0,1.0,-43.0
1776884809.386103,1.0,-1.0,-43.0
1776884809.396103,0.0,-2.0,-51.0
1776884809.406103,-2.0,-1.0,-50.0
1776884809.4161026,-1.0,3.0,-48.0
1776884809.4261026,0.0,3.0,-47.0
1776884809.4361026,-2.0,0.0,-46.0
1776884809.4461029,-5.0,-2.0,-45.0
1776884809.4561028,-6.0,-2.0,-50.0
1776884809.4661028,-5.0,-2.0,-51.0
1776884809.4761028,-7.0,-2.0,-43.0
1776884809.4861028,-7.0,-4.0,-34.0
1776884809.4961028,-10.0,0.0,-33.0
1776884809.5061028,-8.0,0.0,-38.0
1776884809.5161028,-4.0,0.0,-41.0
1776884809.5261028,-6.0,0.0,-45.0
1776884809.5361028,-6.0,-2.0,-40.0
1776884809.5461028,0.0,-3.0,-44.0
1776884809.5561028,0.0,-3.0,-37.0
1776884809.5661027,2.0,-6.0,-39.0
1776884809.5761027,1.0,-5.0,-40.0
1776884809.5861027,-2.0,-5.0,-38.0
1776884809.5961027,-2.0,-3.0,-38.0
1776884809.6061027,-2.0,-2.0,-39.0
1776884809.6161027,-3.0,0.0,-38.0
1776884809.6261027,0.0,2.0,-43.0
1776884809.636103,2.0,2.0,-46.0
1776884809.646103,3.0,2.0,-45.0
1776884809.656103,-3.0,2.0,-45.0
1776884809.6661026,-5.0,-1.0,-50.0
1776884809.6761026,-6.0,-2.0,-56.0
1776884809.6861026,-6.0,-2.0,-56.0
1776884809.6961029,-2.0,-1.0,-51.0
1776884809.7061028,-1.0,-1.0,-55.0
1776884809.7161028,-1.0,-2.0,-49.0
1776884809.7261028,-3.0,-2.0,-45.0
1776884809.7361028,0.0,-9.0,-45.0
1776884809.7461028,0.0,-9.0,-45.0
1776884809.7561028,-1.0,-9.0,-39.0
1776884809.7661028,2.0,-9.0,-45.0
1776884809.7761028,2.0,-9.0,-49.0
1776884809.7861028,0.0,-10.0,-56.0
1776884809.7961028,-3.0,-8.0,-52.0
1776884809.8061028,2.0,-6.0,-42.0
1776884809.8161027,-2.0,-3.0,-44.0
1776884809.8261027,0.0,-1.0,-40.0
1776884809.8361027,0.0,-4.0,-37.0
1776884809.8461027,-1.0,-5.0,-35.0
1776884809.8561027,-1.0,-4.0,-37.0
1776884809.8661027,-2.0,-2.0,-37.0
1776884809.8761027,0.0,0.0,-38.0
1776884809.886103,6.0,-2.0,-40.0
1776884809.896103,6.0,0.0,-40.0
1776884809.906103,8.0,-4.0,-46.0
1776884809.9161026,5.0,-2.0,-48.0
1776884809.9261026,1.0,0.0,-53.0
1776884809.9361026,0.0,0.0,-54.0
1776884809.9461029,-3.0,3.0,-54.0
1776884809.9561028,0.0,0.0,-54.0
1776884809.9661028,0.0,2.0,-50.0
1776884809.9761028,0.0,1.0,-47.0
1776884809.9861028,2.0,1.0,-45.0
1776884809.9961028,1.0,1.0,-38.0
1776884810.0061028,3.0,1.0,-40.0
1776884810.0161028,2.0,0.0,-37.0
1776884810.0261028,4.0,0.0,-38.0
1776884810.0361028,0.0,0.0,-32.0
1776884810.0461028,-7.0,0.0,-41.0
1776884810.0561028,-8.0,-2.0,-46.0
1776884810.0661027,-6.0,-4.0,-53.0
1776884810.0761027,-6.0,-2.0,-50.0
1776884810.0861027,-7.0,-2.0,-50.0
1776884810.0961027,0.0,-3.0,-53.0
1776884810.1061027,3.0,-1.0,-57.0
1776884810.1161027,5.0,-1.0,-54.0
1776884810.1261027,10.0,-2.0,-50.0
1776884810.136103,10.0,0.0,-54.0
1776884810.146103,2.0,0.0,-49.0
1776884810.156103,-1.0,-2.0,-49.0
1776884810.1661026,0.0,-3.0,-46.0
1776884810.1761026,3.0,-7.0,-49.0
1776884810.1861026,8.0,-11.0,-48.0
1776884810.1961029,4.0,-9.0,-42.0
1776884810.2061028,2.0,-7.0,-43.0
1776884810.2161028,1.0,-8.0,-42.0
1776884810.2261028,0.0,-9.0,-45.0
1776884810.2361028,2.0,-9.0,-47.0
1776884810.2461028,0.0,-7.0,-49.0
1776884810.2561028,0.0,-3.0,-47.0
1776884810.2661028,-2.0,0.0,-45.0
1776884810.2761028,-2.0,0.0,-51.0
1776884810.2861028,-1.0,2.0,-47.0
1776884810.2961028,3.0,0.0,-48.0
1776884810.3061028,7.0,2.0,-47.0
1776884810.3161027,9.0,3.0,-45.0
1776884810.3261027,9.0,4.0,-47.0
1776884810.3361027,6.0,2.0,-38.0
1776884810.3461027,3.0,1.0,-38.0
1776884810.3561027,4.0,-1.0,-38.0
1776884810.3661027,3.0,-3.0,-42.0
1776884810.3761027,2.0,-8.0,-40.0
1776884810.386103,2.0,-5.0,-41.0
1776884810.396103,-2.0,-4.0,-44.0
1776884810.406103,0.0,-1.0,-45.0
1776884810.4161026,0.0,-1.0,-48.0
1776884810.4261026,2.0,0.0,-50.0
1776884810.4361026,0.0,-1.0,-49.0
1776884810.4461029,0.0,0.0,-50.0
1776884810.4561028,-2.0,-2.0,-58.0
1776884810.4661028,-4.0,-2.0,-55.0
1776884810.4761028,-6.0,-6.0,-52.0
1776884810.4861028,-3.0,-3.0,-42.0
1776884810.4961028,0.0,-2.0,-57.0
1776884810.5061028,0.0,-5.0,-55.0
1776884810.5161028,0.0,-6.0,-52.0
1776884810.5261028,0.0,-7.0,-60.0
1776884810.5361028,0.0,-8.0,-56.0
1776884810.5461028,6.0,-8.0,-50.0
1776884810.5561028,9.0,-10.0,-43.0
1776884810.5661027,6.0,-5.0,-44.0
1776884810.5761027,4.0,-7.0,-44.0
1776884810.587103,5.0,-6.0,-43.0
1776884810.5961027,6.0,0.0,-41.0
1776884810.6061027,4.0,1.0,-38.0
1776884810.6161027,-2.0,1.0,-36.0
1776884810.6261027,-4.0,-2.0,-39.0
1776884810.636103,-2.0,-6.0,-40.0
1776884810.646103,1.0,-4.0,-38.0
1776884810.656103,4.0,-9.0,-43.0
1776884810.6661026,0.0,-10.0,-44.0
1776884810.6761026,3.0,-7.0,-47.0
1776884810.6861026,1.0,-6.0,-53.0
1776884810.6961029,0.0,-5.0,-56.0
1776884810.7061028,2.0,1.0,-50.0
1776884810.7161028,3.0,-1.0,-45.0
1776884810.7261028,0.0,-3.0,-45.0
1776884810.7361028,-3.0,-5.0,-44.0
1776884810.7461028,-1.0,-8.0,-45.0
1776884810.7561028,0.0,-8.0,-53.0
1776884810.7661028,3.0,-5.0,-52.0
1776884810.7761028,7.0,-5.0,-46.0
1776884810.7861028,5.0,-7.0,-51.0
1776884810.7961028,-1.0,-8.0,-52.0
1776884810.8061028,-3.0,-9.0,-46.0
1776884810.8161027,-2.0,-10.0,-41.0
1776884810.8261027,1.0,-7.0,-39.0
1776884810.8361027,4.0,-5.0,-40.0
1776884810.8461027,6.0,-1.0,-40.0
1776884810.8561027,1.0,-3.0,-38.0
1776884810.8661027,5.0,-1.0,-43.0
1776884810.8761027,0.0,1.0,-45.0
1776884810.886103,3.0,-2.0,-46.0
1776884810.896103,5.0,-7.0,-42.0
1776884810.906103,6.0,-6.0,-44.0
1776884810.9161026,4.0,-2.0,-44.0
1776884810.9261026,3.0,0.0,-43.0
1776884810.9361026,1.0,-2.0,-41.0
1776884810.9471028,0.0,-3.0,-50.0
1776884810.9571028,1.0,0.0,-39.0
1776884810.9671028,0.0,1.0,-39.0
1776884810.9771028,-4.0,2.0,-40.0
1776884810.9861028,1.0,5.0,-42.0
1776884810.9971027,6.0,5.0,-40.0
1776884811.0071027,6.0,1.0,-38.0
1776884811.0171027,3.0,0.0,-37.0
1776884811.0271027,3.0,-5.0,-39.0
1776884811.0371027,0.0,-4.0,-46.0
1776884811.0471027,-1.0,-2.0,-50.0
1776884811.057103,-1.0,-4.0,-52.0
1776884811.067103,-1.0,-3.0,-43.0
1776884811.077103,-1.0,-3.0,-44.0
1776884811.087103,0.0,-3.0,-49.0
1776884811.0971026,-3.0,-5.0,-47.0
1776884811.1071026,-3.0,-7.0,-51.0
1776884811.1171026,2.0,-5.0,-46.0
1776884811.1271029,0.0,-5.0,-49.0
1776884811.1371028,-2.0,-5.0,-50.0
1776884811.1471028,0.0,-7.0,-54.0
1776884811.1571028,-4.0,-1.0,-50.0
1776884811.1671028,-3.0,0.0,-49.0
1776884811.1771028,-1.0,-3.0,-43.0
1776884811.1871028,0.0,-4.0,-44.0
1776884811.1971028,-2.0,-9.0,-41.0
1776884811.2071028,-4.0,-6.0,-42.0
1776884811.2171028,-5.0,-4.0,-42.0
1776884811.2271028,0.0,-6.0,-46.0
1776884811.2371027,0.0,-7.0,-43.0
1776884811.2471027,-4.0,-9.0,-38.0
1776884811.2571027,-7.0,-8.0,-34.0
1776884811.2671027,-3.0,-5.0,-37.0
1776884811.2771027,-8.0,-11.0,-41.0
1776884811.2871027,-1.0,-11.0,-43.0
1776884811.2971027,-1.0,-8.0,-48.0
1776884811.307103,4.0,-8.0,-48.0
1776884811.317103,5.0,-9.0,-49.0
1776884811.327103,1.0,-8.0,-52.0
1776884811.337103,2.0,-11.0,-48.0
1776884811.3471026,5.0,-6.0,-47.0
1776884811.3571026,8.0,-1.0,-35.0
1776884811.3671026,12.0,-4.0,-38.0
1776884811.3771029,12.0,0.0,-44.0
1776884811.3871028,9.0,4.0,-45.0
1776884811.3971028,10.0,4.0,-39.0
1776884811.4071028,7.0,2.0,-36.0
1776884811.4171028,6.0,6.0,-42.0
1776884811.4271028,10.0,4.0,-44.0
1776884811.4371028,6.0,1.0,-46.0
1776884811.4471028,5.0,0.0,-47.0
1776884811.4571028,4.0,-6.0,-46.0
1776884811.4671028,4.0,-3.0,-46.0
1776884811.4771028,2.0,-2.0,-48.0
1776884811.4871027,3.0,1.0,-40.0
1776884811.4971027,2.0,4.0,-45.0
1776884811.5071027,0.0,1.0,-48.0
1776884811.5171027,0.0,-4.0,-46.0
1776884811.5271027,0.0,-5.0,-41.0
1776884811.5371027,1.0,-2.0,-38.0
1776884811.5471027,2.0,0.0,-42.0
1776884811.557103,4.0,0.0,-46.0
1776884811.567103,1.0,3.0,-46.0
1776884811.577103,0.0,0.0,-45.0
1776884811.587103,0.0,3.0,-37.0
1776884811.5971026,0.0,2.0,-37.0
1776884811.6071026,1.0,-1.0,-35.0
1776884811.6171026,0.0,-3.0,-40.0
1776884811.6271029,1.0,-6.0,-42.0
1776884811.6371028,2.0,-6.0,-40.0
1776884811.6471028,3.0,-6.0,-38.0
1776884811.6571028,-2.0,-3.0,-39.0
1776884811.6671028,-6.0,0.0,-36.0
1776884811.6771028,0.0,-2.0,-40.0
1776884811.6871028,1.0,-3.0,-41.0
1776884811.6971028,-4.0,-1.0,-39.0
1776884811.7071028,-2.0,-2.0,-43.0
1776884811.7171028,-2.0,-2.0,-52.0
1776884811.7271028,-3.0,-2.0,-52.0
1776884811.7371027,0.0,-4.0,-54.0
1776884811.7471027,3.0,-3.0,-52.0
1776884811.7571027,3.0,0.0,-45.0
1776884811.7671027,3.0,0.0,-41.0
1776884811.7771027,5.0,0.0,-42.0
1776884811.7871027,6.0,-2.0,-41.0
1776884811.7971027,6.0,-3.0,-41.0
1776884811.807103,9.0,-4.0,-37.0
1776884811.817103,9.0,-7.0,-34.0
1776884811.827103,13.0,-8.0,-40.0
1776884811.837103,12.0,-12.0,-40.0
1776884811.8471026,3.0,-14.0,-40.0
1776884811.8571026,-5.0,-9.0,-45.0
1776884811.8671026,-4.0,-6.0,-50.0
1776884811.8771029,-2.0,-6.0,-54.0
1776884811.8871028,-3.0,-2.0,-51.0
1776884811.8971028,-1.0,-3.0,-55.0
1776884811.9071028,4.0,-2.0,-56.0
1776884811.9171028,0.0,0.0,-57.0
1776884811.9271028,4.0,0.0,-56.0
1776884811.9371028,3.0,0.0,-58.0
1776884811.9471028,1.0,0.0,-53.0
1776884811.9571028,0.0,-1.0,-51.0
1776884811.9671028,-1.0,-2.0,-47.0
1776884811.9771028,-1.0,-1.0,-43.0
1776884811.9871027,0.0,0.0,-48.0
1776884811.9971027,-3.0,0.0,-45.0
1776884812.0071027,-5.0,0.0,-43.0
1776884812.0171027,-6.0,0.0,-44.0
1776884812.0271027,-3.0,2.0,-44.0
1776884812.0371027,-3.0,0.0,-46.0
1776884812.0471027,-4.0,0.0,-48.0
1776884812.057103,-6.0,-1.0,-46.0
1776884812.067103,-3.0,-3.0,-42.0
1776884812.077103,0.0,-5.0,-47.0
1776884812.087103,0.0,-4.0,-39.0
1776884812.0971026,0.0,-3.0,-38.0
1776884812.1071026,0.0,-1.0,-47.0
1776884812.1171026,6.0,-2.0,-49.0
1776884812.1271029,10.0,2.0,-55.0
1776884812.1371028,10.0,3.0,-49.0
1776884812.1471028,13.0,-2.0,-47.0
1776884812.1571028,9.0,0.0,-44.0
1776884812.1671028,11.0,-1.0,-51.0
1776884812.1771028,14.0,0.0,-42.0
1776884812.1871028,12.0,0.0,-39.0
1776884812.1971028,11.0,0.0,-37.0
1776884812.2071028,6.0,1.0,-42.0
1776884812.2171028,4.0,2.0,-40.0
1776884812.2271028,2.0,1.0,-40.0
1776884812.2371027,6.0,0.0,-42.0
1776884812.2471027,3.0,4.0,-42.0
1776884812.2571027,0.0,4.0,-41.0
1776884812.2671027,6.0,1.0,-37.0
1776884812.2771027,6.0,1.0,-31.0
1776884812.2871027,1.0,1.0,-33.0
1776884812.2971027,-1.0,1.0,-28.0
1776884812.307103,0.0,2.0,-32.0
1776884812.317103,4.0,0.0,-34.0
1776884812.327103,4.0,-4.0,-38.0
1776884812.337103,6.0,-3.0,-38.0
1776884812.3471026,3.0,-5.0,-43.0
1776884812.3571026,3.0,-4.0,-46.0
1776884812.3671026,0.0,-5.0,-43.0
1776884812.3771029,3.0,-4.0,-40.0
1776884812.3871028,2.0,-3.0,-40.0
1776884812.3971028,1.0,-3.0,-37.0
1776884812.4071028,0.0,-4.0,-39.0
1776884812.4171028,-1.0,-6.0,-45.0
1776884812.4271028,-5.0,-6.0,-45.0
1776884812.4371028,-9.0,-7.0,-53.0
1776884812.4471028,-7.0,-4.0,-53.0
1776884812.4571028,-8.0,-1.0,-51.0
1776884812.4671028,-7.0,0.0,-51.0
1776884812.4771028,-9.0,-4.0,-52.0
1776884812.4871027,-7.0,-6.0,-51.0
1776884812.4971027,-6.0,-9.0,-46.0
1776884812.5071027,3.0,-8.0,-48.0
1776884812.5171027,1.0,-10.0,-47.0
1776884812.5271027,4.0,-10.0,-50.0
1776884812.5371027,3.0,-9.0,-47.0
1776884812.5471027,4.0,-9.0,-44.0
1776884812.557103,2.0,-7.0,-44.0
1776884812.567103,0.0,-7.0,-48.0
1776884812.577103,0.0,-6.0,-46.0
1776884812.587103,-1.0,-6.0,-46.0
1776884812.5971026,1.0,-5.0,-43.0
1776884812.6071026,2.0,-4.0,-47.0
1776884812.6171026,5.0,-5.0,-45.0
1776884812.6271029,1.0,-3.0,-46.0
1776884812.6371028,-2.0,-6.0,-44.0
1776884812.6471028,-3.0,-3.0,-40.0
1776884812.6571028,0.0,-5.0,-38.0
1776884812.6671028,0.0,-2.0,-38.0
1776884812.6771028,1.0,-1.0,-41.0
1776884812.6871028,-4.0,-5.0,-41.0
1776884812.6971028,0.0,-4.0,-45.0
1776884812.7071028,0.0,-6.0,-42.0
1776884812.7171028,2.0,-9.0,-40.0
1776884812.7271028,4.0,-9.0,-40.0
1776884812.7371027,-3.0,-4.0,-41.0
1776884812.7471027,-5.0,0.0,-42.0
1776884812.7571027,-5.0,1.0,-42.0
1776884812.7671027,-8.0,3.0,-36.0
1776884812.7771027,-5.0,2.0,-37.0
1776884812.7871027,-4.0,-1.0,-43.0
1776884812.7971027,0.0,0.0,-40.0
1776884812.807103,-2.0,0.0,-39.0
1776884812.817103,-6.0,1.0,-36.0
1776884812.827103,-6.0,2.0,-33.0
1776884812.837103,-4.0,-2.0,-41.0
1776884812.8471026,-2.0,0.0,-42.0
1776884812.8571026,-1.0,0.0,-42.0
1776884812.8671026,3.0,0.0,-47.0
1776884812.8771029,6.0,-3.0,-43.0
1776884812.8871028,4.0,-1.0,-37.0
1776884812.8971028,2.0,-2.0,-32.0
1776884812.9071028,2.0,-4.0,-39.0
1776884812.9171028,1.0,-3.0,-41.0
1776884812.9271028,-3.0,-2.0,-47.0
1776884812.9381027,-2.0,-3.0,-41.0
1776884812.9481027,-4.0,-3.0,-44.0
1776884812.9581027,-5.0,-3.0,-45.0
1776884812.9681027,-3.0,-1.0,-42.0
1776884812.9781027,-3.0,-1.0,-41.0
1776884812.988103,-3.0,0.0,-34.0
1776884812.998103,-1.0,1.0,-34.0
1776884813.008103,-1.0,1.0,-34.0
1776884813.0181026,-2.0,3.0,-36.0
1776884813.0281026,-1.0,0.0,-39.0
1776884813.0381026,-4.0,0.0,-39.0
1776884813.0481029,0.0,2.0,-45.0
1776884813.0581028,-2.0,0.0,-44.0
1776884813.0681028,-4.0,-1.0,-45.0
1776884813.0781028,-9.0,-3.0,-38.0
1776884813.0881028,-5.0,-6.0,-38.0
1776884813.0981028,-3.0,-8.0,-38.0
1776884813.1081028,-3.0,-9.0,-45.0
1776884813.1181028,-3.0,-6.0,-41.0
1776884813.1281028,-3.0,-5.0,-39.0
1776884813.1381028,-4.0,-8.0,-42.0
1776884813.1481028,-3.0,-3.0,-44.0
1776884813.1581028,-5.0,0.0,-46.0
1776884813.1681027,-5.0,0.0,-48.0
1776884813.1781027,-5.0,-1.0,-48.0
1776884813.1881027,-7.0,-7.0,-43.0
1776884813.1981027,-7.0,-2.0,-47.0
1776884813.2081027,-1.0,0.0,-50.0
1776884813.2181027,-3.0,0.0,-47.0
1776884813.2281027,-4.0,-3.0,-45.0
1776884813.238103,-1.0,-5.0,-50.0
1776884813.248103,-6.0,-7.0,-45.0
1776884813.258103,-8.0,-2.0,-51.0
1776884813.2681026,-7.0,-4.0,-53.0
1776884813.2781026,-2.0,-3.0,-51.0
1776884813.2881026,1.0,-2.0,-49.0
1776884813.2981029,0.0,-4.0,-54.0
1776884813.3081028,2.0,-4.0,-52.0
1776884813.3181028,1.0,-5.0,-47.0
1776884813.3281028,6.0,-3.0,-41.0
1776884813.3381028,5.0,-2.0,-34.0
1776884813.3481028,5.0,-2.0,-36.0
1776884813.3581028,2.0,-1.0,-43.0
1776884813.3681028,-1.0,-1.0,-48.0
1776884813.3781028,0.0,-2.0,-52.0
1776884813.3881028,0.0,-1.0,-58.0
1776884813.3981028,-1.0,0.0,-54.0
1776884813.4081028,-1.0,-2.0,-56.0
1776884813.4181027,0.0,0.0,-55.0
1776884813.4281027,1.0,0.0,-51.0
1776884813.4381027,3.0,-2.0,-46.0
1776884813.4481027,1.0,-6.0,-47.0
1776884813.4581027,-1.0,-7.0,-50.0
1776884813.4681027,-4.0,-6.0,-51.0
1776884813.4781027,-2.0,-6.0,-61.0
1776884813.488103,1.0,-7.0,-64.0
1776884813.498103,1.0,-9.0,-61.0
1776884813.508103,1.0,-7.0,-51.0
1776884813.5181026,0.0,-7.0,-48.0
1776884813.5281026,3.0,-7.0,-48.0
1776884813.5381026,2.0,-4.0,-49.0
1776884813.5481029,0.0,-3.0,-49.0
1776884813.5581028,2.0,-2.0,-43.0
1776884813.5681028,-1.0,-2.0,-42.0
1776884813.5781028,-1.0,-1.0,-42.0
1776884813.5881028,0.0,3.0,-42.0
1776884813.5981028,-3.0,2.0,-38.0
1776884813.6081028,-2.0,-1.0,-39.0
1776884813.6181028,-2.0,-3.0,-43.0
1776884813.6281028,-2.0,-4.0,-42.0
1776884813.6381028,-1.0,-4.0,-43.0
1776884813.6481028,3.0,-2.0,-45.0
1776884813.6581028,7.0,-8.0,-44.0
1776884813.6681027,4.0,-10.0,-45.0
1776884813.6781027,2.0,-8.0,-45.0
1776884813.6881027,2.0,-11.0,-51.0
1776884813.6981027,7.0,-9.0,-56.0
1776884813.7081027,8.0,-8.0,-57.0
1776884813.7181027,2.0,-10.0,-58.0
1776884813.7281027,2.0,-10.0,-50.0
1776884813.738103,1.0,-9.0,-44.0
1776884813.748103,-2.0,-2.0,-41.0
1776884813.758103,-2.0,-4.0,-48.0
1776884813.7681026,0.0,-3.0,-46.0
1776884813.7781026,5.0,-2.0,-44.0
1776884813.7881026,1.0,-1.0,-47.0
1776884813.7981029,1.0,-3.0,-50.0
1776884813.8081028,3.0,-2.0,-50.0
1776884813.8181028,4.0,0.0,-52.0
1776884813.8281028,0.0,1.0,-55.0
1776884813.8381028,0.0,-2.0,-54.0
1776884813.8481028,0.0,-4.0,-48.0
1776884813.8581028,-5.0,-6.0,-50.0
1776884813.8681028,-2.0,-8.0,-48.0
1776884813.8781028,-4.0,-7.0,-44.0
1776884813.8881028,-5.0,-7.0,-47.0
1776884813.8981028,-2.0,-6.0,-44.0
1776884813.9081028,0.0,-2.0,-39.0
1776884813.9181027,-2.0,0.0,-39.0
1776884813.9281027,2.0,0.0,-44.0
1776884813.9381027,3.0,0.0,-50.0
1776884813.9481027,2.0,0.0,-48.0
1776884813.9581027,7.0,1.0,-50.0
1776884813.9681027,5.0,4.0,-49.0
1776884813.9781027,3.0,1.0,-49.0
1776884813.988103,0.0,4.0,-45.0
1776884813.998103,0.0,0.0,-48.0
1776884814.008103,0.0,0.0,-43.0
1776884814.0181026,3.0,2.0,-43.0
1776884814.0281026,-1.0,-1.0,-40.0
1776884814.0381026,-2.0,-4.0,-35.0
1776884814.0481029,3.0,-5.0,-38.0
1776884814.0581028,6.0,-2.0,-36.0
1776884814.0681028,4.0,-4.0,-44.0
1776884814.0781028,7.0,-6.0,-51.0
1776884814.0881028,3.0,-3.0,-52.0
1776884814.0981028,0.0,-3.0,-47.0
1776884814.1081028,3.0,-7.0,-51.0
1776884814.1181028,5.0,-4.0,-52.0
1776884814.1281028,4.0,-7.0,-52.0
1776884814.1381028,2.0,-5.0,-44.0
1776884814.1481028,2.0,-6.0,-48.0
1776884814.1581028,1.0,-1.0,-53.0
1776884814.1681027,1.0,-5.0,-55.0
1776884814.1781027,-1.0,-4.0,-55.0
1776884814.1881027,-2.0,-5.0,-62.0
1776884814.1981027,-2.0,-2.0,-60.0
1776884814.2081027,0.0,-3.0,-58.0
1776884814.2181027,-1.0,-5.0,-48.0
1776884814.2281027,2.0,-6.0,-54.0
1776884814.238103,1.0,-5.0,-46.0
1776884814.248103,2.0,-5.0,-46.0
1776884814.258103,3.0,0.0,-35.0
1776884814.2681026,4.0,-3.0,-37.0
1776884814.2781026,1.0,-2.0,-42.0
1776884814.2881026,1.0,2.0,-46.0
1776884814.2981029,-1.0,0.0,-45.0
1776884814.3081028,2.0,2.0,-37.0
1776884814.3181028,4.0,1.0,-37.0
1776884814.3281028,2.0,0.0,-45.0
1776884814.3381028,4.0,-2.0,-48.0
1776884814.3481028,2.0,-8.0,-44.0
1776884814.3581028,2.0,-9.0,-43.0
1776884814.3681028,-1.0,-8.0,-32.0
1776884814.3781028,0.0,-6.0,-29.0
1776884814.3881028,-1.0,-1.0,-31.0
1776884814.3981028,0.0,0.0,-31.0
1776884814.4081028,0.0,0.0,-34.0
1776884814.4181027,8.0,1.0,-37.0
1776884814.4281027,2.0,1.0,-40.0
1776884814.4381027,-1.0,-2.0,-40.0
1776884814.4481027,-4.0,-1.0,-46.0
1776884814.4581027,-5.0,-5.0,-49.0
1776884814.4681027,-3.0,-6.0,-44.0
1776884814.4781027,-7.0,-5.0,-46.0
1776884814.488103,-5.0,-4.0,-49.0
1776884814.498103,-2.0,-7.0,-47.0
1776884814.508103,-7.0,-7.0,-47.0
1776884814.5181026,-1.0,-4.0,-41.0
1776884814.5281026,4.0,-1.0,-47.0
1776884814.5381026,4.0,0.0,-51.0
1776884814.5481029,7.0,0.0,-48.0
1776884814.5581028,4.0,-1.0,-48.0
1776884814.5681028,2.0,-3.0,-48.0
1776884814.5781028,3.0,-3.0,-49.0
1776884814.5881028,3.0,-9.0,-48.0
1776884814.5981028,0.0,-12.0,-43.0
1776884814.6081028,-1.0,-10.0,-43.0
1776884814.6181028,-3.0,-9.0,-47.0
1776884814.6281028,-3.0,-4.0,-47.0
1776884814.6381028,0.0,-1.0,-49.0
1776884814.6481028,-1.0,0.0,-55.0
1776884814.6581028,0.0,0.0,-53.0
1776884814.6681027,0.0,0.0,-45.0
1776884814.6781027,4.0,0.0,-42.0
1776884814.6881027,3.0,-5.0,-43.0
1776884814.6981027,2.0,-3.0,-42.0
1776884814.7081027,0.0,-2.0,-41.0
1776884814.7181027,0.0,-3.0,-47.0
1776884814.7281027,1.0,-3.0,-51.0
1776884814.738103,3.0,-5.0,-56.0
1776884814.748103,6.0,-7.0,-52.0
1776884814.758103,5.0,-6.0,-46.0
1776884814.7681026,6.0,0.0,-47.0
1776884814.7781026,8.0,0.0,-50.0
1776884814.7881026,12.0,3.0,-45.0
1776884814.7981029,10.0,2.0,-43.0
1776884814.8081028,9.0,0.0,-51.0
1776884814.8181028,2.0,-4.0,-49.0
1776884814.8281028,3.0,-3.0,-49.0
1776884814.8381028,1.0,-3.0,-40.0
1776884814.8481028,-3.0,-3.0,-46.0
1776884814.8581028,0.0,-2.0,-45.0
1776884814.8681028,0.0,-3.0,-49.0
1776884814.8781028,2.0,-4.0,-43.0
1776884814.8881028,5.0,-2.0,-44.0
1776884814.8981028,0.0,-1.0,-52.0
1776884814.9081028,-1.0,-2.0,-51.0
1776884814.9181027,-1.0,1.0,-48.0
1776884814.9281027,1.0,0.0,-55.0
1776884814.9391026,0.0,0.0,-59.0
1776884814.9491026,0.0,0.0,-63.0
1776884814.9591026,0.0,-2.0,-68.0
1776884814.9691026,6.0,-5.0,-61.0
1776884814.9791028,7.0,-4.0,-57.0
1776884814.9891028,6.0,-3.0,-53.0
1776884814.9991028,3.0,-4.0,-54.0
1776884815.0091028,0.0,-1.0,-58.0
1776884815.0191028,-1.0,2.0,-54.0
1776884815.0291028,-6.0,0.0,-53.0
1776884815.0391028,-4.0,1.0,-49.0
1776884815.0491028,-1.0,3.0,-47.0
1776884815.0591028,0.0,2.0,-49.0
1776884815.0691028,0.0,5.0,-46.0
1776884815.0791028,0.0,2.0,-43.0
1776884815.0891027,0.0,3.0,-44.0
1776884815.0991027,-3.0,2.0,-42.0
1776884815.1091027,-1.0,3.0,-46.0
1776884815.1191027,0.0,2.0,-47.0
1776884815.1291027,0.0,2.0,-42.0
1776884815.1391027,0.0,-2.0,-48.0
1776884815.1491027,-1.0,-5.0,-47.0
1776884815.159103,-5.0,-8.0,-47.0
1776884815.169103,-5.0,-9.0,-50.0
1776884815.179103,1.0,-5.0,-41.0
1776884815.1891026,0.0,-2.0,-53.0
1776884815.1991026,3.0,-2.0,-52.0
1776884815.2091026,6.0,-3.0,-47.0
1776884815.2191026,6.0,-1.0,-46.0
1776884815.2291028,8.0,0.0,-43.0
1776884815.2391028,7.0,0.0,-47.0
1776884815.2491028,3.0,0.0,-46.0
1776884815.2591028,4.0,-2.0,-31.0
1776884815.2691028,7.0,-2.0,-33.0
1776884815.2791028,7.0,-1.0,-39.0
1776884815.2891028,2.0,-3.0,-36.0
1776884815.2991028,3.0,-6.0,-34.0
1776884815.3091028,0.0,-8.0,-32.0
1776884815.3191028,-4.0,-7.0,-33.0
1776884815.3291028,0.0,-4.0,-40.0
1776884815.3391027,-2.0,-2.0,-40.0
1776884815.3491027,-2.0,-4.0,-41.0
1776884815.3591027,-2.0,-6.0,-39.0
1776884815.3691027,0.0,-4.0,-40.0
1776884815.3791027,-1.0,-4.0,-48.0
1776884815.3891027,0.0,-5.0,-43.0
1776884815.3991027,0.0,-4.0,-43.0
1776884815.409103,1.0,-3.0,-45.0
1776884815.419103,0.0,-4.0,-42.0
1776884815.429103,0.0,-7.0,-43.0
1776884815.4391026,1.0,-5.0,-45.0
1776884815.4491026,3.0,-4.0,-39.0
1776884815.4591026,2.0,-7.0,-39.0
1776884815.4691026,4.0,-3.0,-42.0
1776884815.4791028,5.0,-2.0,-44.0
1776884815.4891028,5.0,-5.0,-42.0
1776884815.4991028,0.0,-3.0,-35.0
1776884815.5091028,-2.0,-2.0,-38.0
1776884815.5191028,-3.0,-4.0,-36.0
1776884815.5291028,-3.0,-1.0,-36.0
1776884815.5391028,0.0,0.0,-37.0
1776884815.5491028,-1.0,0.0,-46.0
1776884815.5591028,-1.0,-6.0,-49.0
1776884815.5691028,-5.0,-3.0,-49.0
1776884815.5791028,-1.0,-1.0,-52.0
1776884815.5891027,0.0,-3.0,-55.0
1776884815.5991027,4.0,-6.0,-53.0
1776884815.6091027,9.0,-5.0,-47.0
1776884815.6191027,9.0,-2.0,-45.0
1776884815.6291027,6.0,0.0,-44.0
1776884815.6391027,8.0,2.0,-41.0
1776884815.6491027,9.0,3.0,-43.0
1776884815.659103,9.0,2.0,-43.0
1776884815.669103,4.0,1.0,-40.0
1776884815.679103,5.0,0.0,-45.0
1776884815.6891026,6.0,-2.0,-41.0
1776884815.6991026,8.0,-1.0,-44.0
1776884815.7091026,7.0,-6.0,-50.0
1776884815.7191026,4.0,-3.0,-49.0
1776884815.7291028,2.0,-3.0,-51.0
1776884815.7391028,3.0,-4.0,-45.0
1776884815.7491028,2.0,-2.0,-43.0
1776884815.7591028,-3.0,-1.0,-48.0
1776884815.7691028,-1.0,-3.0,-49.0
1776884815.7791028,0.0,-2.0,-49.0
1776884815.7891028,0.0,-2.0,-48.0
1776884815.7991028,-3.0,0.0,-50.0
1776884815.8091028,-1.0,0.0,-52.0
1776884815.8191028,1.0,-1.0,-52.0
1776884815.8291028,-1.0,-5.0,-41.0
1776884815.8391027,1.0,-4.0,-39.0
1776884815.8491027,2.0,-3.0,-42.0
1776884815.8591027,2.0,-1.0,-46.0
1776884815.8691027,0.0,-3.0,-49.0
1776884815.8791027,0.0,-5.0,-52.0
1776884815.8891027,0.0,-3.0,-49.0
1776884815.8991027,0.0,-2.0,-48.0
1776884815.909103,0.0,-4.0,-45.0
1776884815.919103,-1.0,-5.0,-44.0
1776884815.929103,-4.0,-2.0,-42.0
1776884815.9391026,-2.0,-2.0,-44.0
1776884815.9491026,-1.0,0.0,-51.0
1776884815.9591026,-5.0,0.0,-54.0
1776884815.9691026,-5.0,0.0,-53.0
1776884815.9791028,-2.0,-3.0,-49.0
1776884815.9891028,-8.0,-5.0,-48.0
1776884815.9991028,-13.0,-8.0,-43.0
1776884816.0091028,-10.0,-9.0,-37.0
1776884816.0191028,-7.0,-8.0,-29.0
1776884816.0291028,-3.0,-10.0,-29.0
1776884816.0391028,-4.0,-12.0,-30.0
1776884816.0491028,-3.0,-13.0,-29.0
1776884816.0591028,0.0,-10.0,-34.0
1776884816.0691028,3.0,-10.0,-36.0
1776884816.0791028,2.0,-11.0,-41.0
1776884816.0891027,2.0,-11.0,-38.0
1776884816.0991027,2.0,-16.0,-41.0
1776884816.1091027,0.0,-13.0,-44.0
1776884816.1191027,0.0,-7.0,-48.0
1776884816.1291027,0.0,-3.0,-47.0
1776884816.1391027,1.0,-2.0,-46.0
1776884816.1491027,4.0,-6.0,-47.0
1776884816.159103,0.0,0.0,-47.0
1776884816.169103,0.0,-4.0,-57.0
1776884816.179103,3.0,-3.0,-65.0
1776884816.1891026,2.0,-1.0,-66.0
1776884816.1991026,1.0,-1.0,-59.0
1776884816.2091026,8.0,0.0,-49.0
1776884816.2191026,13.0,2.0,-51.0
1776884816.2291028,11.0,2.0,-42.0
1776884816.2391028,6.0,0.0,-41.0
1776884816.2491028,4.0,-2.0,-41.0
1776884816.2591028,3.0,-2.0,-37.0
1776884816.2691028,6.0,-2.0,-38.0
1776884816.2791028,7.0,-3.0,-43.0
1776884816.2891028,8.0,-6.0,-41.0
1776884816.2991028,7.0,-7.0,-38.0
1776884816.3091028,4.0,-8.0,-44.0
1776884816.3191028,1.0,-7.0,-46.0
1776884816.3291028,1.0,-6.0,-49.0
1776884816.3391027,0.0,-5.0,-49.0
1776884816.3491027,2.0,-5.0,-53.0
1776884816.3591027,2.0,-8.0,-54.0
1776884816.3691027,2.0,-7.0,-56.0
1776884816.3791027,4.0,-8.0,-44.0
1776884816.3891027,6.0,-7.0,-37.0
1776884816.3991027,2.0,-7.0,-38.0
1776884816.409103,2.0,-4.0,-44.0
1776884816.419103,-1.0,-7.0,-44.0
1776884816.429103,-5.0,-3.0,-44.0
1776884816.4391026,-4.0,-4.0,-50.0
1776884816.4491026,1.0,-3.0,-55.0
1776884816.4591026,7.0,-1.0,-44.0
1776884816.4691026,7.0,-4.0,-47.0
1776884816.4791028,3.0,-8.0,-49.0
1776884816.4891028,-1.0,-12.0,-46.0
1776884816.4991028,-1.0,-10.0,-44.0
1776884816.5091028,0.0,-13.0,-43.0
1776884816.5191028,-1.0,-10.0,-38.0
1776884816.5291028,-3.0,-11.0,-35.0
1776884816.5391028,0.0,-6.0,-35.0
1776884816.5491028,-3.0,-5.0,-39.0
1776884816.5591028,0.0,-5.0,-44.0
1776884816.5691028,1.0,-5.0,-41.0
1776884816.5791028,0.0,-5.0,-46.0
1776884816.5891027,3.0,0.0,-45.0
1776884816.5991027,0.0,2.0,-43.0
1776884816.6091027,1.0,2.0,-46.0
1776884816.6191027,4.0,1.0,-43.0
1776884816.6291027,3.0,1.0,-39.0
1776884816.6391027,4.0,-1.0,-42.0
1776884816.6491027,1.0,-3.0,-44.0
1776884816.659103,2.0,-3.0,-44.0
1776884816.669103,4.0,0.0,-50.0
1776884816.679103,4.0,-3.0,-47.0
1776884816.6891026,2.0,-5.0,-50.0
1776884816.6991026,5.0,-1.0,-50.0
1776884816.7091026,2.0,-2.0,-50.0
1776884816.7191026,0.0,-4.0,-47.0
1776884816.7291028,0.0,-3.0,-48.0
1776884816.7391028,3.0,-3.0,-48.0
1776884816.7491028,5.0,-6.0,-49.0
1776884816.7591028,2.0,-4.0,-46.0
1776884816.7691028,-2.0,-9.0,-49.0
1776884816.7791028,-1.0,-4.0,-44.0
1776884816.7891028,-5.0,0.0,-46.0
1776884816.7991028,-4.0,0.0,-45.0
1776884816.8091028,0.0,-3.0,-44.0
1776884816.8191028,0.0,-2.0,-43.0
1776884816.8291028,-1.0,-7.0,-45.0
1776884816.8391027,1.0,-5.0,-52.0
1776884816.8491027,0.0,-4.0,-51.0
1776884816.8591027,0.0,-2.0,-45.0
1776884816.8691027,-5.0,-2.0,-45.0
1776884816.8791027,-6.0,-4.0,-45.0
1776884816.8901026,-5.0,-6.0,-47.0
1776884816.9001029,-4.0,-5.0,-52.0
1776884816.9101028,-3.0,-5.0,-50.0
1776884816.919103,-2.0,-5.0,-46.0
1776884816.9301028,-2.0,-7.0,-44.0
1776884816.9401028,-1.0,-9.0,-46.0
1776884816.9501028,-2.0,-5.0,-51.0
1776884816.9601028,0.0,-3.0,-51.0
1776884816.9701028,0.0,-2.0,-53.0
1776884816.9801028,-2.0,0.0,-51.0
1776884816.9901028,-4.0,1.0,-46.0
1776884817.0001028,-1.0,0.0,-52.0
1776884817.0101027,0.0,-2.0,-50.0
1776884817.0201027,8.0,-5.0,-51.0
1776884817.0301027,6.0,-10.0,-55.0
1776884817.0401027,3.0,-10.0,-52.0
1776884817.0501027,2.0,-4.0,-48.0
1776884817.0601027,2.0,-4.0,-41.0
1776884817.0701027,4.0,-2.0,-43.0
1776884817.0801027,4.0,-1.0,-40.0
1776884817.090103,11.0,-2.0,-51.0
1776884817.100103,7.0,3.0,-53.0
1776884817.110103,10.0,5.0,-52.0
1776884817.1201026,13.0,5.0,-50.0
1776884817.1301026,6.0,0.0,-47.0
1776884817.1401026,6.0,0.0,-48.0
1776884817.1501029,3.0,-2.0,-48.0
1776884817.1601028,4.0,-6.0,-47.0
1776884817.1701028,6.0,-6.0,-45.0
1776884817.1801028,5.0,-4.0,-44.0
1776884817.1901028,6.0,-2.0,-43.0
1776884817.2001028,3.0,-1.0,-40.0
1776884817.2101028,0.0,-2.0,-41.0
1776884817.2201028,0.0,-3.0,-34.0
1776884817.2301028,-2.0,-1.0,-39.0
1776884817.2401028,-2.0,-3.0,-32.0
1776884817.2501028,-2.0,-2.0,-34.0
1776884817.2601027,-2.0,-2.0,-35.0
1776884817.2701027,2.0,-4.0,-42.0
1776884817.2801027,4.0,0.0,-46.0
1776884817.2901027,4.0,0.0,-46.0
1776884817.3001027,4.0,-3.0,-44.0
1776884817.3101027,2.0,-3.0,-36.0
1776884817.3201027,-2.0,-7.0,-41.0
1776884817.3301027,-4.0,-8.0,-34.0
1776884817.340103,0.0,-8.0,-29.0
1776884817.350103,-2.0,-8.0,-29.0
1776884817.360103,-1.0,-7.0,-28.0
1776884817.3701026,1.0,-6.0,-37.0
1776884817.3801026,0.0,-4.0,-44.0
1776884817.3901026,1.0,-2.0,-43.0
1776884817.4001029,0.0,-1.0,-41.0
1776884817.4101028,0.0,-1.0,-42.0
1776884817.4201028,4.0,-5.0,-42.0
1776884817.4301028,4.0,-6.0,-41.0
1776884817.4401028,2.0,-2.0,-44.0
1776884817.4501028,4.0,0.0,-43.0
1776884817.4601028,-1.0,6.0,-45.0
1776884817.4701028,-3.0,8.0,-44.0
1776884817.4801028,-5.0,7.0,-47.0
1776884817.4901028,-2.0,6.0,-51.0
1776884817.5001028,-1.0,2.0,-52.0
1776884817.5101027,0.0,1.0,-53.0
1776884817.5201027,-2.0,0.0,-51.0
1776884817.5301027,1.0,0.0,-56.0
1776884817.5401027,2.0,0.0,-61.0
1776884817.5501027,0.0,0.0,-61.0
1776884817.5601027,1.0,-4.0,-60.0
1776884817.5701027,1.0,-5.0,-59.0
1776884817.5801027,1.0,-5.0,-49.0
1776884817.590103,0.0,-4.0,-44.0
1776884817.600103,0.0,0.0,-39.0
1776884817.610103,2.0,-1.0,-42.0
1776884817.6201026,1.0,-4.0,-51.0
1776884817.6301026,2.0,0.0,-48.0
1776884817.6401026,1.0,2.0,-52.0
1776884817.6501029,0.0,2.0,-49.0
1776884817.6601028,1.0,0.0,-54.0
1776884817.6701028,-2.0,2.0,-56.0
1776884817.6801028,0.0,4.0,-46.0
1776884817.6901028,6.0,6.0,-43.0
1776884817.7001028,10.0,3.0,-44.0
1776884817.7101028,6.0,1.0,-46.0
1776884817.7201028,3.0,1.0,-44.0
1776884817.7301028,-3.0,1.0,-50.0
1776884817.7401028,-3.0,0.0,-51.0
1776884817.7501028,0.0,-4.0,-44.0
1776884817.7601027,0.0,-4.0,-47.0
1776884817.7701027,2.0,-1.0,-45.0
1776884817.7801027,5.0,-1.0,-40.0
1776884817.7901027,5.0,1.0,-44.0
1776884817.8001027,-3.0,1.0,-55.0
1776884817.8101027,-3.0,0.0,-55.0
1776884817.8201027,0.0,0.0,-53.0
1776884817.8301027,0.0,-4.0,-55.0
1776884817.840103,0.0,-2.0,-52.0
1776884817.850103,1.0,-3.0,-55.0
1776884817.860103,0.0,-2.0,-50.0
1776884817.8701026,0.0,-4.0,-49.0
1776884817.8801026,-3.0,-7.0,-47.0
1776884817.8901026,-2.0,-7.0,-52.0
1776884817.9001029,0.0,-5.0,-50.0
1776884817.9101028,-1.0,-4.0,-49.0
1776884817.9201028,-3.0,-2.0,-46.0
1776884817.9301028,-8.0,-1.0,-47.0
1776884817.9401028,-7.0,-4.0,-47.0
1776884817.9501028,-4.0,-2.0,-47.0
1776884817.9601028,-6.0,-3.0,-51.0
1776884817.9701028,-7.0,-4.0,-52.0
1776884817.9801028,-5.0,-1.0,-59.0
1776884817.9901028,0.0,-3.0,-52.0
1776884818.0001028,0.0,-2.0,-46.0
1776884818.0101027,-2.0,-5.0,-51.0
1776884818.0201027,-1.0,-7.0,-48.0
1776884818.0301027,0.0,-4.0,-51.0
1776884818.0401027,0.0,-5.0,-56.0
1776884818.0501027,-5.0,0.0,-57.0
1776884818.0601027,-6.0,0.0,-54.0
1776884818.0701027,-3.0,0.0,-47.0
1776884818.0801027,-3.0,0.0,-43.0
1776884818.090103,-7.0,-4.0,-44.0
1776884818.100103,-3.0,0.0,-45.0
1776884818.110103,0.0,3.0,-43.0
1776884818.1201026,-1.0,2.0,-40.0
1776884818.1301026,0.0,1.0,-39.0
1776884818.1401026,3.0,0.0,-40.0
1776884818.1501029,9.0,0.0,-40.0
1776884818.1601028,8.0,-4.0,-41.0
1776884818.1701028,0.0,-6.0,-39.0
1776884818.1801028,-1.0,-5.0,-39.0
1776884818.1901028,0.0,-1.0,-44.0
1776884818.2001028,2.0,0.0,-38.0
1776884818.2101028,6.0,-1.0,-41.0
1776884818.2201028,6.0,0.0,-43.0
1776884818.2301028,5.0,0.0,-48.0
1776884818.2401028,4.0,0.0,-41.0
1776884818.2501028,3.0,-2.0,-40.0
1776884818.2601027,2.0,0.0,-45.0
1776884818.2701027,0.0,-2.0,-43.0
1776884818.2801027,5.0,-2.0,-41.0
1776884818.2901027,7.0,-2.0,-46.0
1776884818.3001027,6.0,1.0,-45.0
1776884818.3101027,6.0,2.0,-45.0
1776884818.3201027,4.0,0.0,-46.0
1776884818.3301027,3.0,3.0,-53.0
1776884818.340103,4.0,0.0,-59.0
1776884818.350103,4.0,-1.0,-53.0
1776884818.360103,1.0,0.0,-56.0
1776884818.3701026,1.0,0.0,-54.0
1776884818.3801026,6.0,0.0,-55.0
1776884818.3901026,8.0,-1.0,-53.0
1776884818.4001029,11.0,-1.0,-45.0
1776884818.4101028,10.0,-6.0,-41.0
1776884818.4201028,10.0,-10.0,-45.0
1776884818.4301028,14.0,-9.0,-51.0
1776884818.4401028,14.0,-9.0,-51.0
1776884818.4501028,9.0,-9.0,-51.0
1776884818.4601028,10.0,-11.0,-52.0
1776884818.4701028,8.0,-10.0,-58.0
1776884818.4801028,6.0,-7.0,-56.0
1776884818.4901028,5.0,-1.0,-53.0
1776884818.5001028,2.0,0.0,-58.0
1776884818.5101027,2.0,2.0,-55.0
1776884818.5201027,1.0,1.0,-56.0
1776884818.5301027,0.0,0.0,-49.0
1776884818.5401027,-1.0,0.0,-55.0
1776884818.5501027,-1.0,-2.0,-56.0
1776884818.5601027,0.0,-3.0,-51.0
1776884818.5701027,-2.0,-2.0,-46.0
1776884818.5801027,1.0,-4.0,-48.0
1776884818.590103,0.0,-3.0,-55.0
1776884818.600103,1.0,-5.0,-54.0
1776884818.610103,2.0,-4.0,-55.0
1776884818.6201026,0.0,-5.0,-50.0
1776884818.6301026,-2.0,-2.0,-45.0
1776884818.6401026,-4.0,0.0,-50.0
1776884818.6501029,-2.0,-4.0,-46.0
1776884818.6601028,-1.0,-5.0,-43.0
1776884818.6701028,-2.0,-2.0,-36.0
1776884818.6801028,-3.0,-2.0,-40.0
1776884818.6901028,-5.0,-1.0,-45.0
1776884818.7001028,-3.0,-2.0,-48.0
1776884818.7101028,-6.0,-3.0,-46.0
1776884818.7201028,-2.0,0.0,-44.0
1776884818.7301028,-1.0,-4.0,-47.0
1776884818.7401028,0.0,0.0,-48.0
1776884818.7501028,2.0,-1.0,-50.0
1776884818.7601027,-2.0,0.0,-52.0
1776884818.7701027,0.0,-1.0,-50.0
1776884818.7801027,0.0,0.0,-53.0
1776884818.7901027,1.0,-4.0,-55.0
1776884818.8001027,-4.0,-1.0,-53.0
1776884818.8101027,-4.0,-2.0,-51.0
1776884818.8201027,2.0,-1.0,-50.0
1776884818.8301027,0.0,-1.0,-47.0
1776884818.840103,1.0,-1.0,-45.0
1776884818.850103,1.0,2.0,-46.0
1776884818.860103,-2.0,1.0,-44.0
1776884818.8701026,-1.0,-1.0,-41.0
1776884818.8811028,0.0,-3.0,-41.0
1776884818.8911028,2.0,-2.0,-42.0
1776884818.9011028,2.0,-5.0,-47.0
1776884818.9111028,3.0,-5.0,-49.0
1776884818.9211028,2.0,-4.0,-46.0
1776884818.9311028,-1.0,-4.0,-44.0
1776884818.9411027,0.0,-1.0,-45.0
1776884818.9511027,1.0,-2.0,-53.0
1776884818.9611027,3.0,-3.0,-50.0
1776884818.9711027,0.0,-3.0,-50.0
1776884818.9811027,0.0,1.0,-53.0
1776884818.9911027,2.0,0.0,-53.0
1776884819.0011027,0.0,0.0,-51.0
1776884819.011103,0.0,1.0,-50.0
1776884819.021103,1.0,-4.0,-44.0
1776884819.031103,1.0,-5.0,-46.0
1776884819.0411026,1.0,-6.0,-39.0
1776884819.0511026,0.0,-3.0,-39.0
1776884819.0611026,1.0,-2.0,-39.0
1776884819.0711029,3.0,0.0,-39.0
1776884819.0811028,2.0,-1.0,-34.0
1776884819.0911028,5.0,0.0,-33.0
1776884819.1011028,4.0,0.0,-37.0
1776884819.1111028,4.0,1.0,-39.0
1776884819.1211028,6.0,0.0,-37.0
1776884819.1311028,3.0,0.0,-38.0
1776884819.1411028,3.0,0.0,-34.0
1776884819.1511028,4.0,5.0,-36.0
1776884819.1611028,0.0,3.0,-44.0
1776884819.1711028,2.0,5.0,-45.0
1776884819.1811028,-1.0,0.0,-51.0
1776884819.1911027,-2.0,-2.0,-58.0
1776884819.2011027,-3.0,4.0,-53.0
1776884819.2111027,-4.0,11.0,-49.0
1776884819.2211027,0.0,7.0,-50.0
1776884819.2311027,-2.0,7.0,-53.0
1776884819.2411027,0.0,6.0,-53.0
1776884819.2511027,2.0,6.0,-52.0
1776884819.261103,0.0,4.0,-53.0
1776884819.271103,0.0,8.0,-48.0
1776884819.281103,0.0,5.0,-48.0
1776884819.2911026,0.0,3.0,-51.0
1776884819.3011026,2.0,4.0,-48.0
1776884819.3111026,0.0,3.0,-40.0
1776884819.3211029,1.0,6.0,-40.0
1776884819.3311028,1.0,4.0,-47.0
1776884819.3411028,2.0,1.0,-41.0
1776884819.3511028,7.0,-4.0,-37.0
1776884819.3611028,8.0,-1.0,-38.0
1776884819.3711028,6.0,-7.0,-34.0
1776884819.3811028,9.0,-9.0,-40.0
1776884819.3911028,9.0,-11.0,-41.0
1776884819.4011028,5.0,-13.0,-38.0
1776884819.4111028,3.0,-11.0,-39.0
1776884819.4211028,2.0,-8.0,-36.0
1776884819.4311028,2.0,-4.0,-35.0
1776884819.4411027,0.0,-2.0,-40.0
1776884819.4511027,1.0,-1.0,-44.0
1776884819.4611027,2.0,-1.0,-45.0
1776884819.4711027,4.0,0.0,-49.0
1776884819.4811027,5.0,0.0,-50.0
1776884819.4911027,0.0,4.0,-52.0
1776884819.5011027,-1.0,3.0,-46.0
1776884819.511103,-1.0,1.0,-42.0
1776884819.521103,-5.0,1.0,-41.0
1776884819.531103,-2.0,-1.0,-45.0
1776884819.5411026,-4.0,-3.0,-46.0
1776884819.5511026,-3.0,-1.0,-54.0
1776884819.5611026,-5.0,-1.0,-54.0
1776884819.5711029,0.0,-2.0,-53.0
1776884819.5811028,1.0,-2.0,-54.0
1776884819.5911028,-1.0,0.0,-49.0
1776884819.6011028,2.0,0.0,-47.0
1776884819.6111028,1.0,1.0,-43.0
1776884819.6211028,0.0,5.0,-42.0
1776884819.6311028,-1.0,4.0,-48.0
1776884819.6411028,0.0,4.0,-50.0
1776884819.6511028,-2.0,3.0,-51.0
1776884819.6611028,-1.0,2.0,-48.0
1776884819.6711028,-1.0,-2.0,-44.0
1776884819.682103,0.0,-8.0,-43.0
1776884819.6911027,1.0,-7.0,-46.0
1776884819.7011027,2.0,-4.0,-49.0
1776884819.7111027,3.0,-1.0,-46.0
1776884819.7211027,2.0,3.0,-54.0
1776884819.7311027,1.0,-1.0,-49.0
1776884819.7411027,-4.0,1.0,-44.0
1776884819.7511027,-8.0,-2.0,-41.0
1776884819.761103,-5.0,-1.0,-47.0
1776884819.771103,-4.0,0.0,-45.0
1776884819.781103,-3.0,-2.0,-44.0
1776884819.7911026,1.0,0.0,-47.0
1776884819.8011026,-3.0,0.0,-47.0
1776884819.8111026,-1.0,-1.0,-50.0
1776884819.8211029,0.0,-3.0,-48.0
1776884819.8311028,0.0,-4.0,-49.0
1776884819.8411028,0.0,-2.0,-49.0
1776884819.8511028,1.0,-3.0,-50.0
1776884819.8611028,1.0,-4.0,-47.0
1776884819.8711028,-2.0,0.0,-41.0
1776884819.8811028,-5.0,-2.0,-43.0
1776884819.8911028,-6.0,-3.0,-41.0
1776884819.9011028,-5.0,0.0,-35.0
1776884819.9111028,-5.0,4.0,-36.0
1776884819.9211028,-8.0,4.0,-42.0
1776884819.9311028,-6.0,2.0,-45.0
1776884819.9411027,-6.0,0.0,-48.0
1776884819.9511027,-7.0,-1.0,-49.0
1776884819.9611027,-5.0,2.0,-46.0
1776884819.9711027,-6.0,0.0,-39.0
1776884819.9811027,0.0,0.0,-51.0
1776884819.9911027,0.0,2.0,-49.0
1776884820.0011027,0.0,6.0,-42.0
1776884820.011103,0.0,5.0,-42.0
1776884820.021103,-2.0,7.0,-48.0
1776884820.031103,-4.0,3.0,-50.0
1776884820.0411026,0.0,6.0,-49.0
1776884820.0511026,1.0,2.0,-43.0
1776884820.0611026,2.0,1.0,-43.0
1776884820.0711029,0.0,-3.0,-43.0
1776884820.0811028,1.0,-7.0,-40.0
1776884820.0911028,4.0,-1.0,-42.0
1776884820.1011028,-1.0,-4.0,-35.0
1776884820.1111028,-1.0,0.0,-40.0
1776884820.1211028,0.0,-1.0,-41.0
1776884820.1311028,0.0,-6.0,-45.0
1776884820.1411028,0.0,-3.0,-48.0
1776884820.1511028,0.0,-4.0,-42.0
1776884820.1611028,0.0,-7.0,-32.0
1776884820.1711028,-4.0,-4.0,-34.0
1776884820.1811028,-8.0,-5.0,-41.0
1776884820.1911027,-5.0,-2.0,-45.0
1776884820.2011027,-2.0,-2.0,-44.0
1776884820.2111027,0.0,-1.0,-42.0
1776884820.2211027,2.0,0.0,-44.0
1776884820.2311027,3.0,4.0,-42.0
1776884820.2411027,-5.0,4.0,-48.0
1776884820.2511027,-5.0,6.0,-52.0
1776884820.261103,1.0,3.0,-51.0
1776884820.271103,2.0,0.0,-50.0
1776884820.281103,0.0,0.0,-48.0
1776884820.2911026,-4.0,0.0,-50.0
1776884820.3011026,-2.0,1.0,-49.0
1776884820.3111026,-5.0,-2.0,-56.0
1776884820.3211029,-5.0,-3.0,-53.0
1776884820.3311028,-1.0,2.0,-47.0
1776884820.3411028,0.0,8.0,-47.0
1776884820.3511028,1.0,8.0,-51.0
1776884820.3611028,2.0,11.0,-56.0
1776884820.3711028,-2.0,9.0,-58.0
1776884820.3811028,-7.0,6.0,-57.0
1776884820.3911028,-6.0,0.0,-53.0
1776884820.4011028,-7.0,-1.0,-54.0
1776884820.4111028,-4.0,0.0,-50.0
1776884820.4211028,0.0,-3.0,-49.0
1776884820.4311028,2.0,-4.0,-38.0
1776884820.4411027,4.0,-1.0,-41.0
1776884820.4511027,4.0,0.0,-39.0
1776884820.4611027,2.0,2.0,-41.0
1776884820.4711027,0.0,0.0,-40.0
1776884820.4811027,4.0,-2.0,-41.0
1776884820.4911027,6.0,-1.0,-42.0
1776884820.5011027,5.0,0.0,-44.0
1776884820.511103,3.0,0.0,-42.0
1776884820.521103,1.0,2.0,-46.0
1776884820.531103,1.0,2.0,-43.0
1776884820.5411026,4.0,0.0,-40.0
1776884820.5511026,4.0,0.0,-34.0
1776884820.5611026,5.0,1.0,-36.0
1776884820.5711029,6.0,1.0,-41.0
1776884820.5811028,4.0,1.0,-35.0
1776884820.5911028,1.0,0.0,-37.0
1776884820.6011028,3.0,1.0,-41.0
1776884820.6111028,6.0,1.0,-49.0
1776884820.6211028,8.0,1.0,-49.0
1776884820.6311028,4.0,3.0,-53.0
1776884820.6411028,2.0,3.0,-50.0
1776884820.6511028,3.0,0.0,-53.0
1776884820.6611028,5.0,-1.0,-52.0
1776884820.6711028,4.0,3.0,-56.0
1776884820.6811028,0.0,5.0,-56.0
1776884820.6911027,-2.0,4.0,-49.0
1776884820.7011027,-2.0,0.0,-39.0
1776884820.7111027,0.0,0.0,-38.0
1776884820.7211027,0.0,-2.0,-37.0
1776884820.7311027,-1.0,-5.0,-42.0
1776884820.7411027,2.0,-1.0,-48.0
1776884820.7511027,4.0,-1.0,-48.0
1776884820.761103,4.0,-2.0,-52.0
1776884820.771103,1.0,-5.0,-49.0
1776884820.781103,0.0,-5.0,-50.0
1776884820.7911026,5.0,1.0,-52.0
1776884820.8011026,4.0,0.0,-49.0
1776884820.8111026,2.0,-1.0,-52.0
1776884820.8211029,4.0,1.0,-45.0
1776884820.8311028,3.0,1.0,-45.0
1776884820.8421028,1.0,1.0,-36.0
1776884820.8511028,2.0,2.0,-38.0
1776884820.8621027,5.0,5.0,-48.0
1776884820.8721027,3.0,4.0,-48.0
1776884820.8821027,6.0,3.0,-42.0
1776884820.8921027,10.0,0.0,-42.0
1776884820.9021027,8.0,-1.0,-45.0
1776884820.9121027,11.0,0.0,-46.0
1776884820.9221027,10.0,-3.0,-47.0
1776884820.932103,11.0,-1.0,-45.0
1776884820.942103,9.0,2.0,-44.0
1776884820.952103,5.0,0.0,-48.0
1776884820.962103,5.0,2.0,-48.0
1776884820.9721026,0.0,2.0,-51.0
1776884820.9821026,-4.0,6.0,-51.0
1776884820.9921026,-2.0,5.0,-45.0
1776884821.0021029,2.0,10.0,-37.0
1776884821.0121028,1.0,6.0,-42.0
1776884821.0221028,0.0,5.0,-40.0
1776884821.0321028,2.0,2.0,-39.0
1776884821.0421028,1.0,2.0,-47.0
1776884821.0521028,0.0,2.0,-47.0
1776884821.0621028,0.0,0.0,-42.0
1776884821.0721028,2.0,1.0,-39.0
1776884821.0821028,2.0,4.0,-38.0
1776884821.0921028,4.0,2.0,-39.0
1776884821.1021028,1.0,0.0,-42.0
1776884821.1121027,2.0,0.0,-47.0
1776884821.1221027,0.0,4.0,-45.0
1776884821.1321027,-4.0,6.0,-47.0
1776884821.1421027,-4.0,4.0,-50.0
1776884821.1521027,-4.0,5.0,-55.0
1776884821.1621027,-5.0,6.0,-55.0
1776884821.1721027,-2.0,5.0,-55.0
1776884821.182103,-5.0,3.0,-54.0
1776884821.192103,-6.0,-2.0,-52.0
1776884821.202103,-6.0,0.0,-45.0
1776884821.212103,-7.0,0.0,-32.0
1776884821.2221026,-4.0,2.0,-27.0
1776884821.2321026,1.0,2.0,-29.0
1776884821.2421026,2.0,1.0,-35.0
1776884821.2521029,-1.0,-2.0,-44.0
1776884821.2621028,-1.0,-2.0,-40.0
1776884821.2721028,0.0,0.0,-45.0
1776884821.2821028,-2.0,3.0,-40.0
1776884821.2921028,1.0,1.0,-42.0
1776884821.3021028,-3.0,1.0,-46.0
1776884821.3121028,-1.0,0.0,-40.0
1776884821.3221028,4.0,-3.0,-43.0
1776884821.3321028,1.0,-4.0,-45.0
1776884821.3421028,0.0,-8.0,-48.0
1776884821.3521028,0.0,-8.0,-49.0
1776884821.3621027,0.0,-8.0,-46.0
1776884821.3721027,2.0,-5.0,-42.0
1776884821.3821027,2.0,-2.0,-45.0
1776884821.3921027,0.0,-1.0,-46.0
1776884821.4021027,0.0,3.0,-43.0
1776884821.4121027,-2.0,0.0,-40.0
1776884821.4221027,-6.0,0.0,-38.0
1776884821.432103,-10.0,-3.0,-31.0
1776884821.442103,-8.0,-9.0,-32.0
1776884821.452103,-6.0,-8.0,-39.0
1776884821.462103,0.0,-6.0,-40.0
1776884821.4721026,2.0,-5.0,-49.0
1776884821.4821026,-1.0,-3.0,-44.0
1776884821.4921026,-4.0,2.0,-41.0
1776884821.5021029,-2.0,2.0,-43.0
1776884821.5121028,-1.0,1.0,-44.0
1776884821.5221028,1.0,1.0,-39.0
1776884821.5321028,0.0,-1.0,-44.0
1776884821.5421028,-3.0,0.0,-42.0
1776884821.5521028,1.0,5.0,-41.0
1776884821.5621028,1.0,5.0,-45.0
1776884821.5721028,2.0,4.0,-40.0
1776884821.5821028,0.0,1.0,-39.0
1776884821.5921028,0.0,3.0,-42.0
1776884821.6021028,2.0,1.0,-43.0
1776884821.6121027,5.0,-1.0,-47.0
1776884821.6221027,6.0,1.0,-44.0
1776884821.6321027,5.0,1.0,-37.0
1776884821.6421027,3.0,1.0,-39.0
1776884821.6521027,3.0,0.0,-48.0
1776884821.6621027,0.0,-2.0,-50.0
1776884821.6721027,-2.0,0.0,-47.0
1776884821.682103,-1.0,-4.0,-47.0
1776884821.692103,-3.0,-6.0,-51.0
1776884821.702103,0.0,-3.0,-52.0
1776884821.712103,1.0,0.0,-49.0
1776884821.7221026,0.0,-4.0,-39.0
1776884821.7321026,-1.0,-2.0,-36.0
1776884821.7421026,0.0,0.0,-46.0
1776884821.7521029,8.0,-2.0,-44.0
1776884821.7621028,10.0,-2.0,-49.0
1776884821.7721028,13.0,-1.0,-47.0
1776884821.7821028,8.0,-3.0,-49.0
1776884821.7921028,6.0,-1.0,-52.0
1776884821.8021028,9.0,-1.0,-54.0
1776884821.8121028,9.0,2.0,-56.0
1776884821.8221028,3.0,2.0,-56.0
1776884821.8321028,2.0,0.0,-53.0
1776884821.8421028,8.0,1.0,-59.0
1776884821.8521028,12.0,-6.0,-57.0
1776884821.8621027,5.0,-3.0,-59.0
1776884821.8721027,4.0,-2.0,-58.0
1776884821.8821027,2.0,-8.0,-58.0
1776884821.8921027,0.0,-8.0,-51.0
1776884821.9021027,-1.0,-5.0,-46.0
1776884821.9121027,1.0,-2.0,-53.0
1776884821.9221027,2.0,-1.0,-54.0
1776884821.932103,2.0,0.0,-41.0
1776884821.942103,6.0,-1.0,-35.0
1776884821.952103,3.0,-3.0,-34.0
1776884821.962103,0.0,-3.0,-39.0
1776884821.9721026,-1.0,0.0,-46.0
1776884821.9821026,0.0,2.0,-48.0
1776884821.9921026,0.0,-3.0,-46.0
1776884822.0021029,-1.0,-5.0,-47.0
1776884822.0121028,1.0,-5.0,-39.0
1776884822.0221028,1.0,-3.0,-35.0
1776884822.0321028,-3.0,-1.0,-38.0
1776884822.0421028,-2.0,-3.0,-37.0
1776884822.0521028,0.0,-5.0,-36.0
1776884822.0621028,1.0,-9.0,-43.0
1776884822.0721028,0.0,-5.0,-44.0
1776884822.0821028,0.0,-2.0,-48.0
1776884822.0921028,7.0,0.0,-52.0
1776884822.1021028,4.0,-1.0,-51.0
1776884822.1121027,7.0,-2.0,-52.0
1776884822.1221027,2.0,-1.0,-50.0
1776884822.1321027,0.0,1.0,-43.0
1776884822.1421027,0.0,-1.0,-41.0
1776884822.1521027,-1.0,-2.0,-42.0
1776884822.1621027,3.0,-2.0,-43.0
1776884822.1721027,3.0,-3.0,-48.0
1776884822.182103,1.0,-3.0,-48.0
1776884822.192103,6.0,-7.0,-45.0
1776884822.202103,-1.0,-5.0,-43.0
1776884822.212103,-1.0,-3.0,-52.0
1776884822.2221026,-2.0,-5.0,-47.0
1776884822.2321026,-5.0,-4.0,-46.0
1776884822.2421026,-4.0,-3.0,-44.0
1776884822.2521029,-1.0,-7.0,-44.0
1776884822.2621028,1.0,-9.0,-42.0
1776884822.2721028,0.0,-9.0,-35.0
1776884822.2821028,1.0,-6.0,-40.0
1776884822.2921028,3.0,-5.0,-44.0
1776884822.3021028,3.0,-5.0,-42.0
1776884822.3121028,0.0,-6.0,-45.0
1776884822.3221028,0.0,-5.0,-43.0
1776884822.3321028,2.0,-6.0,-39.0
1776884822.3421028,0.0,-6.0,-42.0
1776884822.3521028,-2.0,-2.0,-51.0
1776884822.3621027,0.0,-4.0,-46.0
1776884822.3721027,5.0,-5.0,-44.0
1776884822.3821027,4.0,-5.0,-48.0
1776884822.3921027,3.0,-7.0,-54.0
1776884822.4021027,6.0,-4.0,-54.0
1776884822.4121027,9.0,-3.0,-55.0
1776884822.4221027,11.0,-3.0,-52.0
1776884822.432103,11.0,-2.0,-55.0
1776884822.442103,12.0,-3.0,-53.0
1776884822.452103,8.0,-3.0,-52.0
1776884822.462103,8.0,-2.0,-45.0
1776884822.4721026,6.0,0.0,-41.0
1776884822.4821026,7.0,-1.0,-37.0
1776884822.4921026,2.0,2.0,-38.0
1776884822.5021029,-3.0,6.0,-38.0
1776884822.5121028,-4.0,5.0,-39.0
1776884822.5221028,-3.0,3.0,-42.0
1776884822.5321028,-3.0,1.0,-45.0
1776884822.5421028,-3.0,5.0,-40.0
1776884822.5521028,1.0,8.0,-40.0
1776884822.5621028,4.0,7.0,-47.0
1776884822.5721028,3.0,2.0,-43.0
1776884822.5821028,6.0,1.0,-43.0
1776884822.5921028,6.0,3.0,-37.0
1776884822.6021028,1.0,-2.0,-32.0
1776884822.6121027,0.0,0.0,-33.0
1776884822.6221027,2.0,0.0,-36.0
1776884822.6321027,2.0,-2.0,-38.0
1776884822.6421027,0.0,-3.0,-39.0
1776884822.6521027,0.0,0.0,-40.0
1776884822.6621027,0.0,6.0,-38.0
1776884822.6721027,3.0,3.0,-34.0
1776884822.682103,0.0,3.0,-38.0
1776884822.692103,0.0,1.0,-42.0
1776884822.702103,0.0,1.0,-37.0
1776884822.712103,-2.0,-3.0,-35.0
1776884822.7221026,2.0,3.0,-36.0
1776884822.7321026,2.0,2.0,-34.0
1776884822.7421026,1.0,4.0,-38.0
1776884822.7521029,3.0,2.0,-33.0
1776884822.7621028,2.0,0.0,-40.0
1776884822.7721028,1.0,-2.0,-36.0
1776884822.7821028,-2.0,-4.0,-29.0
1776884822.7921028,-4.0,-5.0,-32.0
1776884822.8031027,-4.0,-3.0,-35.0
1776884822.8121028,-4.0,-1.0,-34.0
1776884822.8221028,-1.0,2.0,-41.0
1776884822.8321028,0.0,1.0,-42.0
1776884822.8431027,0.0,5.0,-41.0
1776884822.8531027,0.0,2.0,-39.0
1776884822.863103,-1.0,3.0,-41.0
1776884822.873103,-1.0,0.0,-40.0
1776884822.883103,1.0,0.0,-42.0
1776884822.8931026,0.0,3.0,-39.0
1776884822.9031026,-1.0,0.0,-41.0
1776884822.9131026,1.0,-1.0,-40.0
1776884822.9231029,2.0,-6.0,-48.0
1776884822.9331028,6.0,-4.0,-41.0
1776884822.9431028,4.0,-7.0,-37.0
1776884822.9531028,6.0,-5.0,-44.0
1776884822.9631028,6.0,-2.0,-43.0
1776884822.9731028,4.0,-3.0,-47.0
1776884822.9831028,-2.0,-3.0,-48.0
1776884822.9931028,0.0,0.0,-53.0
1776884823.0031028,1.0,3.0,-53.0
1776884823.0131028,5.0,3.0,-59.0
1776884823.0231028,8.0,3.0,-60.0
1776884823.0331028,4.0,1.0,-52.0
1776884823.0431027,0.0,-2.0,-41.0
1776884823.0531027,-2.0,-2.0,-39.0
1776884823.0631027,0.0,-1.0,-40.0
1776884823.0731027,0.0,-2.0,-38.0
1776884823.0831027,2.0,0.0,-39.0
1776884823.0931027,0.0,0.0,-41.0
1776884823.1031027,0.0,-5.0,-38.0
1776884823.113103,-1.0,-6.0,-43.0
1776884823.123103,1.0,-7.0,-49.0
1776884823.133103,1.0,-7.0,-54.0
1776884823.1431026,2.0,-3.0,-59.0
1776884823.1531026,2.0,-2.0,-56.0
1776884823.1631026,0.0,-2.0,-47.0
1776884823.1731029,-3.0,1.0,-48.0
1776884823.1831028,-3.0,4.0,-50.0
1776884823.1931028,-4.0,7.0,-51.0
1776884823.2031028,-3.0,5.0,-46.0
1776884823.2131028,-4.0,0.0,-47.0
1776884823.2231028,-3.0,0.0,-46.0
1776884823.2331028,-3.0,-3.0,-44.0
1776884823.2431028,0.0,-4.0,-46.0
1776884823.2531028,3.0,-2.0,-40.0
1776884823.2631028,4.0,-2.0,-44.0
1776884823.2731028,6.0,-1.0,-39.0
1776884823.2831028,1.0,-1.0,-36.0
1776884823.2931027,0.0,0.0,-39.0
1776884823.3031027,0.0,0.0,-35.0
1776884823.3131027,0.0,2.0,-40.0
1776884823.3231027,0.0,3.0,-39.0
1776884823.3331027,-2.0,-2.0,-37.0
1776884823.3431027,-3.0,-1.0,-43.0
1776884823.3531027,-5.0,-1.0,-46.0
1776884823.363103,-2.0,0.0,-43.0
1776884823.373103,-2.0,0.0,-47.0
1776884823.383103,0.0,0.0,-52.0
1776884823.3931026,0.0,-3.0,-49.0
1776884823.4031026,5.0,-3.0,-52.0
1776884823.4131026,8.0,-4.0,-50.0
1776884823.4231029,2.0,0.0,-55.0
1776884823.4331028,4.0,0.0,-47.0
1776884823.4431028,6.0,0.0,-45.0
1776884823.4531028,1.0,-2.0,-50.0
1776884823.4631028,2.0,-4.0,-43.0
1776884823.4731028,1.0,-2.0,-37.0
1776884823.4831028,4.0,-5.0,-34.0
1776884823.4931028,0.0,-1.0,-38.0
1776884823.5031028,-3.0,-4.0,-43.0
1776884823.5131028,-3.0,-2.0,-42.0
1776884823.5231028,-3.0,-5.0,-40.0
1776884823.5331028,-3.0,-3.0,-40.0
1776884823.5431027,0.0,-3.0,-40.0
1776884823.5531027,2.0,-3.0,-48.0
1776884823.5631027,3.0,-1.0,-54.0
1776884823.5731027,0.0,-2.0,-51.0
1776884823.5831027,3.0,0.0,-46.0
1776884823.5931027,6.0,2.0,-45.0
1776884823.6031027,4.0,1.0,-42.0
1776884823.613103,-3.0,-1.0,-46.0
1776884823.623103,-2.0,0.0,-44.0
1776884823.633103,2.0,0.0,-45.0
1776884823.6431026,3.0,-3.0,-50.0
1776884823.6531026,5.0,-7.0,-53.0
1776884823.6631026,12.0,-8.0,-52.0
1776884823.6731029,8.0,-7.0,-47.0
1776884823.6831028,9.0,-6.0,-46.0
1776884823.6931028,10.0,0.0,-46.0
1776884823.7031028,12.0,-1.0,-56.0
1776884823.7131028,9.0,-1.0,-56.0
1776884823.7231028,13.0,0.0,-51.0
1776884823.7331028,10.0,0.0,-50.0
1776884823.7431028,9.0,0.0,-48.0
1776884823.7531028,4.0,-1.0,-47.0
1776884823.7631028,4.0,-1.0,-52.0
1776884823.7731028,0.0,0.0,-51.0
1776884823.7831028,-3.0,1.0,-51.0
1776884823.7931027,-4.0,-2.0,-47.0
1776884823.8031027,2.0,-4.0,-50.0
1776884823.8131027,3.0,0.0,-48.0
1776884823.8231027,6.0,0.0,-58.0
1776884823.8331027,3.0,-3.0,-54.0
1776884823.8431027,2.0,-2.0,-54.0
1776884823.8531027,0.0,-3.0,-51.0
1776884823.863103,1.0,-4.0,-43.0
1776884823.873103,2.0,-6.0,-39.0
1776884823.883103,2.0,-5.0,-39.0
1776884823.8931026,-1.0,-8.0,-36.0
1776884823.9031026,0.0,-8.0,-38.0
1776884823.9131026,3.0,-7.0,-38.0
1776884823.9231029,1.0,-5.0,-37.0
1776884823.9331028,4.0,-5.0,-43.0
1776884823.9431028,3.0,-1.0,-50.0
1776884823.9531028,4.0,-4.0,-51.0
1776884823.9631028,1.0,-5.0,-50.0
1776884823.9731028,-2.0,-1.0,-47.0
1776884823.9831028,-3.0,0.0,-46.0
1776884823.9931028,-5.0,1.0,-39.0
1776884824.0031028,-7.0,3.0,-36.0
1776884824.0131028,-5.0,9.0,-37.0
1776884824.0231028,-5.0,10.0,-41.0
1776884824.0331028,-6.0,9.0,-41.0
1776884824.0431027,-1.0,3.0,-39.0
1776884824.0531027,-2.0,2.0,-46.0
1776884824.0631027,-1.0,2.0,-46.0
1776884824.0731027,3.0,3.0,-39.0
1776884824.0831027,6.0,-1.0,-51.0
1776884824.0931027,4.0,-3.0,-55.0
1776884824.1031027,3.0,-6.0,-52.0
1776884824.113103,-1.0,-8.0,-40.0
1776884824.123103,4.0,-5.0,-40.0
1776884824.133103,1.0,-2.0,-44.0
1776884824.1431026,1.0,-2.0,-49.0
1776884824.1531026,2.0,-2.0,-45.0
1776884824.1631026,0.0,0.0,-44.0
1776884824.1731029,4.0,-2.0,-39.0
1776884824.1831028,10.0,2.0,-42.0
1776884824.1931028,10.0,3.0,-46.0
1776884824.2031028,4.0,0.0,-46.0
1776884824.2131028,1.0,0.0,-44.0
1776884824.2231028,-1.0,0.0,-54.0
1776884824.2331028,0.0,0.0,-61.0
1776884824.2431028,0.0,1.0,-60.0
1776884824.2531028,3.0,3.0,-53.0
1776884824.2631028,0.0,6.0,-52.0
1776884824.2731028,2.0,3.0,-55.0
1776884824.2831028,5.0,0.0,-52.0
1776884824.2931027,10.0,-4.0,-53.0
1776884824.3031027,6.0,0.0,-52.0
1776884824.3131027,4.0,-2.0,-48.0
1776884824.3231027,0.0,-3.0,-41.0
1776884824.3331027,1.0,0.0,-45.0
1776884824.3431027,0.0,0.0,-37.0
1776884824.3531027,-4.0,2.0,-33.0
1776884824.363103,0.0,-1.0,-35.0
1776884824.373103,-1.0,-5.0,-38.0
1776884824.383103,-1.0,-7.0,-34.0
1776884824.3931026,0.0,-8.0,-32.0
1776884824.4031026,1.0,-6.0,-41.0
1776884824.4131026,0.0,0.0,-40.0
1776884824.4231029,-2.0,2.0,-36.0
1776884824.4331028,0.0,2.0,-35.0
1776884824.4431028,0.0,4.0,-43.0
1776884824.4531028,4.0,4.0,-46.0
1776884824.4631028,4.0,-4.0,-47.0
1776884824.4731028,4.0,-5.0,-52.0
1776884824.4831028,7.0,-6.0,-49.0
1776884824.4931028,7.0,-6.0,-52.0
1776884824.5031028,6.0,-8.0,-54.0
1776884824.5131028,7.0,-12.0,-59.0
1776884824.5231028,6.0,-12.0,-59.0
1776884824.5331028,4.0,-9.0,-58.0
1776884824.5431027,9.0,-7.0,-57.0
1776884824.5531027,7.0,-7.0,-54.0
1776884824.5631027,4.0,-7.0,-48.0
1776884824.5731027,2.0,-3.0,-47.0
1776884824.5831027,2.0,0.0,-36.0
1776884824.5931027,3.0,-1.0,-38.0
1776884824.6031027,1.0,0.0,-37.0
1776884824.613103,-2.0,-3.0,-41.0
1776884824.623103,-2.0,-4.0,-48.0
1776884824.633103,-1.0,-5.0,-47.0
1776884824.6431026,-1.0,-4.0,-49.0
1776884824.6531026,0.0,-4.0,-47.0
1776884824.6631026,4.0,0.0,-45.0
1776884824.6731029,3.0,0.0,-51.0
1776884824.6831028,1.0,-1.0,-52.0
1776884824.6931028,5.0,-5.0,-53.0
1776884824.7031028,7.0,-2.0,-49.0
1776884824.7131028,9.0,-3.0,-46.0
1776884824.7231028,4.0,-5.0,-49.0
1776884824.7331028,4.0,-4.0,-49.0
1776884824.7431028,5.0,-4.0,-49.0
1776884824.7531028,1.0,-6.0,-48.0
1776884824.7631028,0.0,-2.0,-48.0
1776884824.7731028,0.0,2.0,-48.0
1776884824.784103,-1.0,0.0,-43.0
1776884824.794103,-4.0,-3.0,-38.0
1776884824.804103,-1.0,-2.0,-37.0
1776884824.8141026,-2.0,0.0,-44.0
1776884824.8241026,-2.0,1.0,-42.0
1776884824.8341026,0.0,6.0,-41.0
1776884824.8441026,0.0,4.0,-43.0
1776884824.8541028,-2.0,0.0,-46.0
1776884824.8641028,-1.0,0.0,-49.0
1776884824.8741028,-1.0,0.0,-44.0
1776884824.8841028,-7.0,-3.0,-42.0
1776884824.8941028,-7.0,-4.0,-42.0
1776884824.9041028,-6.0,-2.0,-45.0
1776884824.9141028,-8.0,-6.0,-47.0
1776884824.9241028,-11.0,-5.0,-46.0
1776884824.9341028,-6.0,-9.0,-52.0
1776884824.9441028,0.0,-7.0,-49.0
1776884824.9541028,2.0,-6.0,-51.0
1776884824.9641027,5.0,-6.0,-58.0
1776884824.9741027,2.0,-8.0,-54.0
1776884824.9841027,3.0,-10.0,-50.0
1776884824.9941027,5.0,-7.0,-43.0
1776884825.0041027,4.0,-4.0,-43.0
1776884825.0141027,5.0,-5.0,-42.0
1776884825.0241027,4.0,-8.0,-44.0
1776884825.034103,1.0,-12.0,-40.0
1776884825.044103,3.0,-10.0,-41.0
1776884825.054103,3.0,-6.0,-40.0
1776884825.0641026,4.0,-9.0,-44.0
1776884825.0741026,4.0,-7.0,-40.0
1776884825.0841026,1.0,-5.0,-40.0
1776884825.0941026,0.0,-2.0,-37.0
1776884825.1041028,-2.0,-1.0,-37.0
1776884825.1141028,-3.0,-1.0,-39.0
1776884825.1241028,-4.0,0.0,-44.0
1776884825.1341028,-1.0,0.0,-42.0
1776884825.1441028,-6.0,-2.0,-41.0
1776884825.1541028,-9.0,-2.0,-46.0
1776884825.1641028,-10.0,-2.0,-46.0
1776884825.1741028,-6.0,-2.0,-47.0
1776884825.1841028,-3.0,0.0,-44.0
1776884825.1941028,-3.0,0.0,-42.0
1776884825.2041028,-3.0,-3.0,-44.0
1776884825.2141027,-3.0,-2.0,-46.0
1776884825.2241027,-3.0,0.0,-44.0
1776884825.2341027,-10.0,-4.0,-44.0
1776884825.2441027,-9.0,-6.0,-47.0
1776884825.2541027,-4.0,-6.0,-46.0
1776884825.2641027,-2.0,-5.0,-41.0
1776884825.2741027,-6.0,-5.0,-42.0
1776884825.284103,-5.0,-5.0,-42.0
1776884825.294103,-7.0,-5.0,-45.0
1776884825.304103,-3.0,-4.0,-46.0
1776884825.3141026,0.0,-2.0,-53.0
1776884825.3241026,0.0,0.0,-54.0
1776884825.3341026,-2.0,-3.0,-52.0
1776884825.3441026,-5.0,-3.0,-52.0
1776884825.3541028,-8.0,-3.0,-52.0
1776884825.3641028,-8.0,1.0,-48.0
1776884825.3741028,-5.0,0.0,-57.0
1776884825.3841028,-3.0,-3.0,-56.0
1776884825.3941028,-2.0,-5.0,-50.0
1776884825.4041028,-1.0,-3.0,-44.0
1776884825.4141028,-1.0,0.0,-46.0
1776884825.4241028,0.0,-2.0,-47.0
1776884825.4341028,0.0,0.0,-50.0
1776884825.4441028,-1.0,-4.0,-49.0
1776884825.4541028,0.0,-1.0,-45.0
1776884825.4641027,-5.0,-3.0,-41.0
1776884825.4741027,-9.0,-4.0,-43.0
1776884825.4841027,-11.0,-4.0,-44.0
1776884825.4941027,-6.0,-8.0,-51.0
1776884825.5041027,-5.0,-7.0,-50.0
1776884825.5141027,-2.0,-3.0,-42.0
1776884825.5241027,-1.0,-2.0,-38.0
1776884825.534103,0.0,0.0,-40.0
1776884825.544103,6.0,-2.0,-35.0
1776884825.554103,12.0,-6.0,-39.0
1776884825.5641026,11.0,-5.0,-39.0
1776884825.5741026,5.0,-6.0,-37.0
1776884825.5841026,6.0,-8.0,-41.0
1776884825.5941026,1.0,-6.0,-43.0
1776884825.6041028,2.0,-3.0,-47.0
1776884825.6141028,1.0,-1.0,-48.0
1776884825.6241028,0.0,4.0,-44.0
1776884825.6341028,0.0,3.0,-38.0
1776884825.6441028,-4.0,2.0,-38.0
1776884825.6541028,-4.0,0.0,-33.0
1776884825.6641028,-1.0,-2.0,-36.0
1776884825.6741028,-6.0,-1.0,-33.0
1776884825.6841028,-2.0,-4.0,-36.0
1776884825.6941028,-1.0,-3.0,-47.0
1776884825.7041028,-2.0,-4.0,-47.0
1776884825.7141027,-2.0,-2.0,-48.0
1776884825.7241027,-6.0,-1.0,-45.0
1776884825.7341027,-6.0,0.0,-46.0
1776884825.7441027,-5.0,-1.0,-40.0
1776884825.7541027,0.0,-2.0,-41.0
1776884825.7641027,-1.0,1.0,-42.0
1776884825.7741027,-2.0,0.0,-37.0
1776884825.784103,0.0,0.0,-39.0
1776884825.794103,1.0,0.0,-41.0
1776884825.804103,5.0,0.0,-42.0
1776884825.8141026,4.0,0.0,-42.0
1776884825.8241026,5.0,2.0,-44.0
1776884825.8341026,0.0,0.0,-45.0
1776884825.8441026,-3.0,-2.0,-50.0
1776884825.8541028,-3.0,0.0,-49.0
1776884825.8641028,-4.0,0.0,-44.0
1776884825.8741028,-6.0,1.0,-49.0
1776884825.8841028,-2.0,1.0,-49.0
1776884825.8941028,0.0,1.0,-41.0
1776884825.9041028,-2.0,3.0,-39.0
1776884825.9141028,-3.0,5.0,-38.0
1776884825.9241028,-4.0,0.0,-37.0
1776884825.9341028,-1.0,2.0,-38.0
1776884825.9441028,0.0,1.0,-35.0
1776884825.9541028,0.0,1.0,-41.0
1776884825.9641027,-8.0,3.0,-38.0
1776884825.9741027,-5.0,5.0,-35.0
1776884825.9841027,-7.0,6.0,-39.0
1776884825.9941027,-6.0,4.0,-37.0
1776884826.0041027,-9.0,3.0,-41.0
1776884826.0141027,-7.0,3.0,-41.0
1776884826.0241027,-6.0,0.0,-46.0
1776884826.034103,-4.0,3.0,-44.0
1776884826.044103,0.0,0.0,-46.0
1776884826.054103,0.0,0.0,-57.0
1776884826.0641026,4.0,-4.0,-56.0
1776884826.0741026,8.0,0.0,-57.0
1776884826.0841026,6.0,0.0,-55.0
1776884826.0941026,4.0,0.0,-53.0
1776884826.1041028,0.0,-3.0,-52.0
1776884826.1141028,0.0,0.0,-54.0
1776884826.1241028,0.0,2.0,-58.0
1776884826.1341028,0.0,0.0,-58.0
1776884826.1441028,0.0,2.0,-60.0
1776884826.1541028,1.0,6.0,-54.0
1776884826.1641028,0.0,2.0,-48.0
1776884826.1741028,-1.0,0.0,-47.0
1776884826.1841028,0.0,-3.0,-45.0
1776884826.1941028,3.0,-6.0,-44.0
1776884826.2041028,5.0,-3.0,-44.0
1776884826.2141027,3.0,0.0,-47.0
1776884826.2241027,1.0,-1.0,-44.0
1776884826.2341027,1.0,-5.0,-45.0
1776884826.2441027,0.0,-11.0,-40.0
1776884826.2541027,3.0,-10.0,-30.0
1776884826.2641027,4.0,-5.0,-34.0
1776884826.2741027,1.0,-3.0,-42.0
1776884826.284103,2.0,0.0,-50.0
1776884826.294103,1.0,-1.0,-51.0
1776884826.304103,1.0,-1.0,-52.0
1776884826.3141026,3.0,-5.0,-52.0
1776884826.3241026,4.0,-5.0,-52.0
1776884826.3341026,4.0,-1.0,-42.0
1776884826.3441026,4.0,0.0,-38.0
1776884826.3541028,3.0,2.0,-31.0
1776884826.3641028,4.0,2.0,-32.0
1776884826.3741028,1.0,6.0,-32.0
1776884826.3841028,4.0,6.0,-41.0
1776884826.3941028,3.0,6.0,-42.0
1776884826.4041028,2.0,6.0,-45.0
1776884826.4141028,1.0,6.0,-44.0
1776884826.4241028,-3.0,5.0,-41.0
1776884826.4341028,-6.0,5.0,-39.0
1776884826.4441028,-1.0,3.0,-41.0
1776884826.4541028,1.0,-3.0,-40.0
1776884826.4641027,5.0,-4.0,-40.0
1776884826.4741027,0.0,-6.0,-39.0
1776884826.4841027,-4.0,-9.0,-40.0
1776884826.4941027,-2.0,-7.0,-41.0
1776884826.5041027,1.0,-6.0,-39.0
1776884826.5141027,4.0,-5.0,-40.0
1776884826.5241027,3.0,-9.0,-46.0
1776884826.534103,5.0,-10.0,-44.0
1776884826.544103,5.0,-5.0,-49.0
1776884826.554103,2.0,-6.0,-47.0
1776884826.5641026,2.0,-6.0,-51.0
1776884826.5741026,-1.0,-2.0,-47.0
1776884826.5841026,-5.0,0.0,-45.0
1776884826.5941026,-4.0,-4.0,-44.0
1776884826.6041028,0.0,-3.0,-41.0
1776884826.6141028,0.0,0.0,-42.0
1776884826.6241028,3.0,2.0,-43.0
1776884826.6341028,1.0,4.0,-40.0
1776884826.6441028,1.0,4.0,-45.0
1776884826.6541028,2.0,2.0,-48.0
1776884826.6641028,-1.0,3.0,-48.0
1776884826.6741028,1.0,2.0,-51.0
1776884826.6841028,0.0,2.0,-47.0
1776884826.6941028,0.0,3.0,-54.0
1776884826.7041028,2.0,4.0,-52.0
1776884826.7141027,1.0,1.0,-53.0
1776884826.7241027,0.0,0.0,-53.0
1776884826.7341027,1.0,3.0,-52.0
1776884826.7451026,2.0,4.0,-48.0
1776884826.7541027,6.0,0.0,-55.0
1776884826.7651026,8.0,-2.0,-62.0
1776884826.7751029,6.0,0.0,-57.0
1776884826.7851028,2.0,0.0,-46.0
1776884826.7951028,2.0,-2.0,-41.0
1776884826.8051028,0.0,-1.0,-43.0
1776884826.8151028,1.0,0.0,-40.0
1776884826.8251028,2.0,2.0,-44.0
1776884826.8351028,4.0,2.0,-46.0
1776884826.8451028,4.0,2.0,-47.0
1776884826.8551028,1.0,3.0,-40.0
1776884826.8651028,-1.0,0.0,-40.0
1776884826.8751028,0.0,-5.0,-46.0
1776884826.8851027,-2.0,-6.0,-46.0
1776884826.8951027,-2.0,-7.0,-45.0
1776884826.9051027,0.0,-6.0,-49.0
1776884826.9151027,5.0,-6.0,-46.0
1776884826.9251027,4.0,-2.0,-44.0
1776884826.9351027,0.0,-1.0,-42.0
1776884826.9451027,-2.0,-1.0,-43.0
1776884826.9551027,-1.0,-3.0,-41.0
1776884826.965103,0.0,-8.0,-41.0
1776884826.975103,1.0,-5.0,-48.0
1776884826.985103,0.0,-4.0,-48.0
1776884826.9951026,2.0,-2.0,-51.0
1776884827.0051026,1.0,2.0,-44.0
1776884827.0151026,1.0,-1.0,-43.0
1776884827.0251029,1.0,0.0,-46.0
1776884827.0351028,0.0,0.0,-47.0
1776884827.0451028,4.0,1.0,-47.0
1776884827.0551028,-1.0,0.0,-47.0
1776884827.0651028,2.0,-1.0,-48.0
1776884827.0751028,0.0,-5.0,-45.0
1776884827.0851028,0.0,-4.0,-44.0
1776884827.0951028,-1.0,-6.0,-43.0
1776884827.1051028,-1.0,-4.0,-39.0
1776884827.1151028,-1.0,-3.0,-41.0
1776884827.1251028,-1.0,-2.0,-42.0
1776884827.1351027,-1.0,-1.0,-35.0
1776884827.1451027,0.0,-8.0,-31.0
1776884827.1551027,-2.0,-7.0,-32.0
1776884827.1651027,1.0,-3.0,-34.0
1776884827.1751027,0.0,-7.0,-32.0
1776884827.1851027,5.0,-8.0,-30.0
1776884827.1951027,3.0,-5.0,-29.0
1776884827.2051027,2.0,-5.0,-29.0
1776884827.215103,-2.0,-10.0,-30.0
1776884827.225103,-11.0,-7.0,-30.0
1776884827.235103,-8.0,-7.0,-33.0
1776884827.2451026,-4.0,-7.0,-30.0
1776884827.2551026,-2.0,-3.0,-33.0
1776884827.2651026,-4.0,0.0,-39.0
1776884827.2751029,-6.0,2.0,-46.0
1776884827.2851028,-6.0,7.0,-46.0
1776884827.2951028,-9.0,7.0,-43.0
1776884827.3051028,-7.0,4.0,-44.0
1776884827.3151028,-7.0,3.0,-42.0
1776884827.3251028,-7.0,5.0,-46.0
1776884827.3351028,-6.0,6.0,-43.0
1776884827.3451028,-4.0,2.0,-44.0
1776884827.3551028,-2.0,-2.0,-43.0
1776884827.3651028,2.0,-4.0,-44.0
1776884827.3751028,1.0,-7.0,-47.0
1776884827.3851027,-4.0,-7.0,-52.0
1776884827.3951027,-1.0,-10.0,-45.0
1776884827.4051027,-1.0,-6.0,-49.0
1776884827.4151027,-2.0,-4.0,-48.0
1776884827.4251027,1.0,-1.0,-51.0
1776884827.4351027,3.0,-1.0,-47.0
1776884827.4451027,1.0,-4.0,-50.0
1776884827.4551027,2.0,-4.0,-47.0
1776884827.465103,3.0,-1.0,-33.0
1776884827.475103,4.0,0.0,-38.0
1776884827.485103,0.0,4.0,-32.0
1776884827.4951026,0.0,0.0,-40.0
1776884827.5051026,-1.0,2.0,-43.0
1776884827.5151026,1.0,0.0,-43.0
1776884827.5251029,5.0,0.0,-43.0
1776884827.5351028,5.0,-2.0,-45.0
1776884827.5451028,3.0,0.0,-40.0
1776884827.5551028,0.0,0.0,-39.0
1776884827.5651028,4.0,-2.0,-40.0
1776884827.5751028,6.0,0.0,-44.0
1776884827.5851028,7.0,-5.0,-52.0
1776884827.5951028,6.0,-8.0,-54.0
1776884827.6051028,2.0,-9.0,-47.0
1776884827.6151028,5.0,-7.0,-49.0
1776884827.6251028,5.0,-4.0,-45.0
1776884827.6351027,3.0,-3.0,-48.0
1776884827.6451027,-4.0,-6.0,-48.0
1776884827.6551027,-10.0,-8.0,-53.0
1776884827.6651027,-2.0,-7.0,-55.0
1776884827.6751027,0.0,-5.0,-56.0
1776884827.6851027,-1.0,-3.0,-58.0
1776884827.6951027,2.0,-8.0,-58.0
1776884827.7051027,0.0,-10.0,-58.0
1776884827.715103,2.0,-8.0,-56.0
1776884827.725103,0.0,-7.0,-52.0
1776884827.735103,0.0,-9.0,-53.0
1776884827.7451026,-1.0,-8.0,-53.0
1776884827.7551026,-1.0,-5.0,-49.0
1776884827.7651026,-4.0,0.0,-46.0
1776884827.7751029,-8.0,0.0,-44.0
1776884827.7851028,-10.0,0.0,-49.0
1776884827.7951028,-12.0,2.0,-47.0
1776884827.8051028,-8.0,0.0,-43.0
1776884827.8151028,-5.0,0.0,-43.0
1776884827.8251028,-5.0,0.0,-42.0
1776884827.8351028,-6.0,0.0,-47.0
1776884827.8451028,1.0,0.0,-50.0
1776884827.8551028,2.0,-1.0,-57.0
1776884827.8651028,1.0,-1.0,-60.0
1776884827.8751028,1.0,-2.0,-60.0
1776884827.8851027,0.0,-3.0,-62.0
1776884827.8951027,-2.0,-4.0,-61.0
1776884827.9051027,1.0,-4.0,-59.0
1776884827.9151027,2.0,-6.0,-55.0
1776884827.9251027,4.0,-3.0,-50.0
1776884827.9351027,6.0,-4.0,-48.0
1776884827.9451027,7.0,-2.0,-46.0
1776884827.9551027,7.0,-1.0,-39.0
1776884827.965103,5.0,-6.0,-44.0
1776884827.975103,5.0,-3.0,-39.0
1776884827.985103,6.0,-2.0,-43.0
1776884827.9951026,1.0,2.0,-46.0
1776884828.0051026,-3.0,3.0,-45.0
1776884828.0151026,0.0,0.0,-41.0
1776884828.0251029,2.0,-3.0,-43.0
1776884828.0351028,-1.0,-5.0,-40.0
1776884828.0451028,3.0,-6.0,-49.0
1776884828.0551028,5.0,-7.0,-51.0
1776884828.0651028,7.0,-5.0,-49.0
1776884828.0751028,6.0,-5.0,-48.0
1776884828.0851028,2.0,-3.0,-46.0
1776884828.0951028,3.0,-3.0,-46.0
1776884828.1051028,5.0,0.0,-43.0
1776884828.1151028,4.0,0.0,-44.0
1776884828.1251028,3.0,4.0,-45.0
1776884828.1351027,5.0,0.0,-41.0
1776884828.1451027,3.0,1.0,-40.0
1776884828.1551027,1.0,-7.0,-34.0
1776884828.1651027,0.0,-4.0,-31.0
1776884828.1751027,-1.0,-5.0,-40.0
1776884828.1851027,-1.0,-4.0,-45.0
1776884828.1951027,-2.0,-1.0,-46.0
1776884828.2051027,0.0,-1.0,-45.0
1776884828.215103,0.0,0.0,-43.0
1776884828.225103,1.0,-2.0,-39.0
1776884828.235103,3.0,-4.0,-45.0
1776884828.2451026,1.0,-1.0,-40.0
1776884828.2551026,0.0,2.0,-39.0
1776884828.2651026,1.0,-3.0,-37.0
1776884828.2751029,1.0,-4.0,-43.0
1776884828.2851028,2.0,-7.0,-43.0
1776884828.2951028,4.0,-6.0,-47.0
1776884828.3051028,5.0,-6.0,-40.0
1776884828.3151028,5.0,-4.0,-38.0
1776884828.3251028,4.0,-5.0,-40.0
1776884828.3351028,7.0,-7.0,-34.0
1776884828.3451028,7.0,-6.0,-33.0
1776884828.3551028,5.0,-3.0,-32.0
1776884828.3651028,-1.0,-1.0,-40.0
1776884828.3751028,0.0,0.0,-47.0
1776884828.3851027,-4.0,0.0,-46.0
1776884828.3951027,-5.0,1.0,-50.0
1776884828.4051027,-1.0,0.0,-47.0
1776884828.4151027,3.0,0.0,-44.0
1776884828.4251027,7.0,1.0,-47.0
1776884828.4351027,10.0,6.0,-45.0
1776884828.4451027,10.0,4.0,-39.0
1776884828.4551027,9.0,3.0,-36.0
1776884828.465103,10.0,5.0,-39.0
1776884828.475103,7.0,3.0,-45.0
1776884828.485103,5.0,3.0,-46.0
1776884828.4951026,6.0,0.0,-42.0
1776884828.5051026,1.0,0.0,-44.0
1776884828.5151026,2.0,-4.0,-47.0
1776884828.5251029,2.0,-4.0,-56.0
1776884828.5351028,3.0,-1.0,-53.0
1776884828.5451028,1.0,0.0,-49.0
1776884828.5551028,2.0,-3.0,-44.0
1776884828.5651028,2.0,-6.0,-44.0
1776884828.5751028,4.0,-2.0,-43.0
1776884828.5851028,5.0,-4.0,-46.0
1776884828.5951028,5.0,-3.0,-46.0
1776884828.6051028,2.0,-4.0,-48.0
1776884828.6151028,1.0,-3.0,-49.0
1776884828.6251028,-1.0,0.0,-52.0
1776884828.6351027,-5.0,-5.0,-42.0
1776884828.6451027,-5.0,-3.0,-41.0
1776884828.6551027,-2.0,0.0,-34.0
1776884828.6651027,0.0,-1.0,-30.0
1776884828.6751027,0.0,0.0,-37.0
1776884828.6851027,0.0,-1.0,-36.0
1776884828.6961029,2.0,-2.0,-34.0
1776884828.7061028,1.0,0.0,-35.0
1776884828.715103,2.0,3.0,-39.0
1776884828.7261028,0.0,1.0,-42.0
1776884828.7361028,-1.0,2.0,-39.0
1776884828.7461028,-2.0,-2.0,-35.0
1776884828.7561028,1.0,-2.0,-36.0
1776884828.7661028,-2.0,0.0,-37.0
1776884828.7761028,1.0,-2.0,-40.0
1776884828.7861028,0.0,-6.0,-46.0
1776884828.7961028,-4.0,-8.0,-49.0
1776884828.8061028,-5.0,-7.0,-48.0
1776884828.8161027,0.0,-4.0,-39.0
1776884828.8261027,2.0,-4.0,-40.0
1776884828.8361027,3.0,-8.0,-46.0
1776884828.8461027,1.0,-9.0,-48.0
1776884828.8561027,-4.0,-9.0,-46.0
1776884828.8661027,-5.0,-5.0,-53.0
1776884828.8761027,-6.0,-3.0,-51.0
1776884828.886103,-7.0,-4.0,-49.0
1776884828.896103,-6.0,0.0,-51.0
1776884828.906103,-3.0,1.0,-55.0
1776884828.9161026,-3.0,2.0,-51.0
1776884828.9261026,-2.0,0.0,-56.0
1776884828.9361026,-2.0,-2.0,-57.0
1776884828.9461029,-1.0,0.0,-55.0
1776884828.9561028,2.0,2.0,-55.0
1776884828.9661028,-1.0,0.0,-61.0
1776884828.9761028,2.0,-3.0,-57.0
1776884828.9861028,5.0,-2.0,-59.0
1776884828.9961028,5.0,-4.0,-53.0
1776884829.0061028,8.0,-7.0,-54.0
1776884829.0161028,10.0,-6.0,-54.0
1776884829.0261028,3.0,-5.0,-59.0
1776884829.0361028,3.0,0.0,-60.0
1776884829.0461028,-4.0,-1.0,-59.0
1776884829.0561028,-8.0,-1.0,-57.0
1776884829.0661027,-1.0,0.0,-53.0
1776884829.0761027,1.0,1.0,-55.0
1776884829.0861027,2.0,0.0,-52.0
1776884829.0961027,0.0,-1.0,-50.0
1776884829.1061027,-3.0,-2.0,-48.0
1776884829.1161027,-5.0,0.0,-46.0
1776884829.1261027,-4.0,-3.0,-52.0
1776884829.136103,-10.0,-1.0,-43.0
1776884829.146103,-6.0,-2.0,-40.0
1776884829.156103,-3.0,-4.0,-43.0
1776884829.1661026,-2.0,-3.0,-44.0
1776884829.1761026,-1.0,-4.0,-40.0
1776884829.1861026,-2.0,-2.0,-45.0
1776884829.1961029,0.0,0.0,-48.0
1776884829.2061028,0.0,1.0,-50.0
1776884829.2161028,-1.0,-1.0,-50.0
1776884829.2261028,-2.0,-2.0,-45.0
1776884829.2361028,-1.0,-4.0,-50.0
1776884829.2461028,-1.0,-1.0,-51.0
1776884829.2561028,1.0,1.0,-39.0
1776884829.2661028,0.0,-1.0,-49.0
1776884829.2761028,-2.0,-5.0,-47.0
1776884829.2861028,-8.0,-3.0,-45.0
1776884829.2961028,-1.0,0.0,-36.0
1776884829.3061028,0.0,2.0,-37.0
1776884829.3161027,-1.0,4.0,-46.0
1776884829.3261027,-4.0,4.0,-42.0
1776884829.3361027,-1.0,5.0,-45.0
1776884829.3461027,-3.0,0.0,-38.0
1776884829.3561027,-3.0,-5.0,-39.0
1776884829.3661027,-4.0,-7.0,-43.0
1776884829.3761027,-3.0,-7.0,-45.0
1776884829.386103,-4.0,-5.0,-46.0
1776884829.396103,-2.0,-3.0,-45.0
1776884829.406103,-1.0,1.0,-48.0
1776884829.4161026,2.0,1.0,-47.0
1776884829.4261026,4.0,2.0,-43.0
1776884829.4361026,3.0,2.0,-41.0
1776884829.4461029,2.0,0.0,-45.0
1776884829.4561028,1.0,0.0,-44.0
1776884829.4661028,5.0,-1.0,-41.0
1776884829.4761028,0.0,1.0,-42.0
1776884829.4861028,3.0,0.0,-36.0
1776884829.4961028,1.0,0.0,-40.0
1776884829.5061028,-2.0,-1.0,-43.0
1776884829.5161028,-3.0,-1.0,-48.0
1776884829.5261028,-1.0,-1.0,-47.0
1776884829.5361028,0.0,-1.0,-48.0
1776884829.5461028,-1.0,0.0,-52.0
1776884829.5561028,-1.0,0.0,-52.0
1776884829.5661027,-2.0,-2.0,-52.0
1776884829.5761027,-2.0,0.0,-48.0
1776884829.5861027,2.0,-1.0,-49.0
1776884829.5961027,-1.0,-4.0,-53.0
1776884829.6061027,-4.0,-2.0,-53.0
1776884829.6161027,-1.0,-1.0,-48.0
1776884829.6261027,1.0,2.0,-46.0
1776884829.636103,0.0,1.0,-42.0
1776884829.646103,-3.0,2.0,-41.0
1776884829.656103,-4.0,0.0,-40.0
1776884829.6661026,-2.0,1.0,-40.0
1776884829.6761026,0.0,1.0,-38.0
1776884829.6861026,0.0,0.0,-40.0
1776884829.6961029,2.0,-4.0,-42.0
1776884829.7061028,0.0,-3.0,-43.0
1776884829.7161028,2.0,-2.0,-40.0
1776884829.7261028,4.0,-5.0,-37.0
1776884829.7361028,4.0,-7.0,-40.0
1776884829.7461028,4.0,-6.0,-40.0
1776884829.7561028,3.0,-6.0,-37.0
1776884829.7661028,-2.0,-13.0,-48.0
1776884829.7761028,1.0,-9.0,-53.0
1776884829.7861028,1.0,-5.0,-52.0
1776884829.7961028,-1.0,-2.0,-53.0
1776884829.8061028,0.0,-5.0,-59.0
1776884829.8161027,4.0,0.0,-59.0
1776884829.8261027,0.0,0.0,-57.0
1776884829.8361027,1.0,2.0,-53.0
1776884829.8461027,0.0,2.0,-50.0
1776884829.8561027,-1.0,-1.0,-48.0
1776884829.8661027,-3.0,2.0,-45.0
1776884829.8761027,-4.0,-2.0,-46.0
1776884829.886103,-5.0,-4.0,-43.0
1776884829.896103,-8.0,-3.0,-40.0
1776884829.906103,-4.0,-1.0,-36.0
1776884829.9161026,0.0,-3.0,-43.0
1776884829.9261026,0.0,-2.0,-57.0
1776884829.9361026,-3.0,1.0,-57.0
1776884829.9461029,0.0,-1.0,-54.0
1776884829.9561028,4.0,-5.0,-57.0
1776884829.9661028,3.0,-4.0,-58.0
1776884829.9761028,0.0,-3.0,-54.0
1776884829.9861028,-1.0,0.0,-48.0
1776884829.9961028,0.0,-2.0,-49.0
1776884830.0061028,0.0,-2.0,-51.0
1776884830.0161028,1.0,-2.0,-47.0
1776884830.0261028,0.0,-1.0,-46.0
1776884830.0361028,-1.0,-1.0,-50.0
1776884830.0461028,-2.0,0.0,-52.0
1776884830.0561028,-2.0,-2.0,-49.0
1776884830.0661027,-3.0,0.0,-46.0
1776884830.0761027,-2.0,0.0,-44.0
1776884830.0861027,-6.0,-3.0,-39.0
1776884830.0961027,-7.0,-6.0,-40.0
1776884830.1061027,-5.0,-3.0,-41.0
1776884830.1161027,-4.0,-1.0,-41.0
1776884830.1261027,0.0,0.0,-39.0
1776884830.136103,0.0,-2.0,-39.0
1776884830.146103,2.0,-3.0,-40.0
1776884830.156103,2.0,-5.0,-40.0
1776884830.1661026,0.0,-3.0,-39.0
1776884830.1761026,-4.0,-4.0,-44.0
1776884830.1861026,-6.0,-4.0,-36.0
1776884830.1961029,2.0,0.0,-31.0
1776884830.2061028,0.0,-3.0,-37.0
1776884830.2161028,-4.0,-7.0,-33.0
1776884830.2261028,-9.0,-5.0,-36.0
1776884830.2361028,-7.0,-3.0,-37.0
1776884830.2461028,-10.0,-3.0,-46.0
1776884830.2561028,-7.0,-4.0,-47.0
1776884830.2661028,-3.0,-6.0,-53.0
1776884830.2761028,-2.0,-6.0,-53.0
1776884830.2861028,-6.0,-2.0,-52.0
1776884830.2961028,-2.0,0.0,-48.0
1776884830.3061028,1.0,-1.0,-45.0
1776884830.3161027,2.0,0.0,-44.0
1776884830.3261027,4.0,-3.0,-43.0
1776884830.3361027,0.0,0.0,-41.0
1776884830.3461027,2.0,-1.0,-46.0
1776884830.3561027,3.0,-1.0,-54.0
1776884830.3661027,0.0,0.0,-52.0
1776884830.3761027,-2.0,-1.0,-43.0
1776884830.386103,0.0,-7.0,-48.0
1776884830.396103,0.0,-6.0,-43.0
1776884830.406103,-2.0,-6.0,-41.0
1776884830.4161026,1.0,-7.0,-42.0
1776884830.4261026,0.0,-3.0,-36.0
1776884830.4361026,-7.0,0.0,-36.0
1776884830.4461029,-3.0,2.0,-39.0
1776884830.4561028,-7.0,0.0,-44.0
1776884830.4661028,-11.0,-1.0,-46.0
1776884830.4761028,-11.0,-1.0,-43.0
1776884830.4861028,-4.0,-4.0,-42.0
1776884830.4961028,-5.0,-4.0,-46.0
1776884830.5061028,-2.0,-3.0,-49.0
1776884830.5161028,0.0,-4.0,-43.0
1776884830.5261028,1.0,-4.0,-50.0
1776884830.5361028,2.0,-5.0,-44.0
1776884830.5461028,6.0,-5.0,-46.0
1776884830.5561028,6.0,-4.0,-48.0
1776884830.5661027,8.0,-3.0,-45.0
1776884830.5761027,9.0,5.0,-42.0
1776884830.5861027,13.0,0.0,-46.0
1776884830.5961027,12.0,-3.0,-44.0
1776884830.6061027,13.0,-5.0,-38.0
1776884830.6161027,8.0,-3.0,-35.0
1776884830.6261027,2.0,0.0,-35.0
1776884830.636103,-1.0,-2.0,-37.0
1776884830.646103,1.0,-2.0,-42.0
1776884830.656103,-2.0,0.0,-48.0
1776884830.6661026,-4.0,0.0,-47.0
1776884830.6761026,-4.0,-1.0,-50.0
1776884830.6861026,0.0,1.0,-52.0
1776884830.6961029,0.0,5.0,-51.0
1776884830.7061028,2.0,2.0,-51.0
1776884830.7171028,-2.0,0.0,-60.0
1776884830.7271028,-3.0,0.0,-53.0
1776884830.7371027,0.0,2.0,-49.0
1776884830.7471027,3.0,4.0,-45.0
1776884830.7571027,4.0,5.0,-47.0
1776884830.7671027,5.0,1.0,-44.0
1776884830.7771027,6.0,1.0,-46.0
1776884830.7871027,5.0,2.0,-36.0
1776884830.7971027,6.0,5.0,-39.0
1776884830.807103,5.0,4.0,-38.0
1776884830.817103,4.0,-2.0,-40.0
1776884830.827103,2.0,-6.0,-44.0
1776884830.837103,4.0,-5.0,-44.0
1776884830.8471026,3.0,-1.0,-44.0
1776884830.8571026,7.0,-3.0,-43.0
1776884830.8671026,6.0,-7.0,-43.0
1776884830.8771029,6.0,-6.0,-45.0
1776884830.8871028,3.0,-6.0,-45.0
1776884830.8971028,4.0,-4.0,-45.0
1776884830.9071028,0.0,0.0,-39.0
1776884830.9171028,1.0,-1.0,-36.0
1776884830.9271028,0.0,-1.0,-38.0
1776884830.9371028,0.0,-1.0,-38.0
1776884830.9471028,2.0,-1.0,-40.0
1776884830.9571028,1.0,5.0,-39.0
1776884830.9671028,-1.0,0.0,-42.0
1776884830.9771028,1.0,-3.0,-45.0
1776884830.9871027,3.0,-3.0,-44.0
1776884830.9971027,0.0,-11.0,-50.0
1776884831.0071027,1.0,-12.0,-50.0
1776884831.0171027,0.0,-11.0,-47.0
1776884831.0271027,0.0,-15.0,-47.0
1776884831.0371027,-1.0,-11.0,-47.0
1776884831.0471027,1.0,-6.0,-46.0
1776884831.057103,-1.0,-6.0,-47.0
1776884831.067103,0.0,-7.0,-46.0
1776884831.077103,-2.0,-4.0,-46.0
1776884831.087103,-6.0,-2.0,-46.0
1776884831.0971026,-7.0,-1.0,-49.0
1776884831.1071026,-4.0,-5.0,-40.0
1776884831.1171026,0.0,-1.0,-42.0
1776884831.1271029,1.0,-1.0,-44.0
1776884831.1371028,-1.0,0.0,-53.0
1776884831.1471028,0.0,2.0,-54.0
1776884831.1571028,2.0,-1.0,-61.0
1776884831.1671028,0.0,4.0,-52.0
1776884831.1771028,0.0,6.0,-51.0
1776884831.1871028,-1.0,8.0,-53.0
1776884831.1971028,-3.0,3.0,-50.0
1776884831.2071028,-2.0,0.0,-49.0
1776884831.2171028,0.0,-1.0,-46.0
1776884831.2271028,-2.0,-1.0,-44.0
1776884831.2371027,-3.0,-1.0,-46.0
1776884831.2471027,-3.0,-1.0,-45.0
1776884831.2571027,-1.0,0.0,-48.0
1776884831.2671027,-4.0,-3.0,-53.0
1776884831.2771027,-7.0,-4.0,-46.0
1776884831.2871027,-3.0,-3.0,-48.0
1776884831.2971027,-1.0,-4.0,-43.0
1776884831.307103,-1.0,-3.0,-43.0
1776884831.317103,-3.0,2.0,-46.0
1776884831.327103,0.0,0.0,-47.0
1776884831.337103,3.0,-1.0,-41.0
1776884831.3471026,0.0,-7.0,-39.0
1776884831.3571026,9.0,-8.0,-47.0
1776884831.3671026,6.0,-3.0,-53.0
1776884831.3771029,5.0,-4.0,-52.0
1776884831.3871028,3.0,-2.0,-53.0
1776884831.3971028,4.0,-4.0,-60.0
1776884831.4071028,2.0,-4.0,-55.0
1776884831.4171028,-5.0,-6.0,-55.0
1776884831.4271028,-5.0,-5.0,-53.0
1776884831.4371028,-6.0,-5.0,-61.0
1776884831.4471028,-3.0,-6.0,-54.0
1776884831.4571028,-2.0,-5.0,-56.0
1776884831.4671028,2.0,-6.0,-50.0
1776884831.4771028,5.0,-3.0,-55.0
1776884831.4871027,7.0,-5.0,-54.0
1776884831.4971027,6.0,-8.0,-51.0
1776884831.5071027,3.0,-9.0,-46.0
1776884831.5171027,5.0,-8.0,-54.0
1776884831.5271027,0.0,-4.0,-59.0
1776884831.5371027,-5.0,1.0,-58.0
1776884831.5471027,-2.0,2.0,-54.0
1776884831.557103,-1.0,-1.0,-51.0
1776884831.567103,-3.0,-5.0,-55.0
1776884831.577103,-9.0,-7.0,-54.0
1776884831.587103,-5.0,0.0,-57.0
1776884831.5971026,0.0,0.0,-57.0
1776884831.6071026,3.0,1.0,-57.0
1776884831.6171026,3.0,0.0,-57.0
1776884831.6271029,2.0,4.0,-52.0
1776884831.6371028,-3.0,0.0,-47.0
1776884831.6471028,-2.0,-1.0,-44.0
1776884831.6571028,-1.0,-3.0,-46.0
1776884831.6671028,0.0,-4.0,-37.0
1776884831.6771028,5.0,0.0,-38.0
1776884831.6871028,5.0,-2.0,-44.0
1776884831.6971028,6.0,-6.0,-40.0
1776884831.7071028,3.0,-4.0,-31.0
1776884831.7171028,4.0,-1.0,-38.0
1776884831.7271028,3.0,-4.0,-39.0
1776884831.7371027,1.0,-1.0,-42.0
1776884831.7471027,3.0,-1.0,-51.0
1776884831.7571027,0.0,-2.0,-49.0
1776884831.7671027,0.0,-4.0,-48.0
1776884831.7771027,0.0,-6.0,-52.0
1776884831.7871027,3.0,-7.0,-53.0
1776884831.7971027,-1.0,-4.0,-57.0
1776884831.807103,-1.0,0.0,-56.0
1776884831.817103,-2.0,-1.0,-57.0
1776884831.827103,-1.0,1.0,-49.0
1776884831.837103,0.0,2.0,-46.0
1776884831.8471026,0.0,2.0,-51.0
1776884831.8571026,0.0,2.0,-47.0
1776884831.8671026,0.0,0.0,-42.0
1776884831.8771029,0.0,-1.0,-43.0
1776884831.8871028,-1.0,-1.0,-42.0
1776884831.8971028,-2.0,-3.0,-45.0
1776884831.9071028,-2.0,-6.0,-44.0
1776884831.9171028,-1.0,-6.0,-45.0
1776884831.9271028,0.0,-4.0,-45.0
1776884831.9371028,1.0,-3.0,-48.0
1776884831.9471028,-2.0,-3.0,-50.0
1776884831.9571028,-1.0,-1.0,-57.0
1776884831.9671028,2.0,-2.0,-61.0
1776884831.9771028,-5.0,0.0,-63.0
1776884831.9871027,-3.0,1.0,-70.0
1776884831.9971027,-1.0,5.0,-65.0
1776884832.0071027,-3.0,7.0,-59.0
1776884832.0171027,2.0,1.0,-55.0
1776884832.0271027,7.0,-1.0,-54.0
1776884832.0371027,7.0,0.0,-51.0
1776884832.0471027,1.0,0.0,-49.0
1776884832.057103,2.0,0.0,-45.0
1776884832.067103,0.0,0.0,-41.0
1776884832.077103,-5.0,-2.0,-41.0
1776884832.087103,-3.0,-4.0,-37.0
1776884832.0971026,0.0,1.0,-37.0
1776884832.1071026,1.0,2.0,-37.0
1776884832.1171026,2.0,0.0,-40.0
1776884832.1271029,0.0,-6.0,-34.0
1776884832.1371028,0.0,-7.0,-36.0
1776884832.1471028,7.0,-7.0,-37.0
1776884832.1571028,5.0,-9.0,-37.0
1776884832.1671028,2.0,-9.0,-33.0
1776884832.1771028,0.0,-10.0,-42.0
1776884832.1871028,-4.0,-6.0,-45.0
1776884832.1971028,-9.0,-4.0,-47.0
1776884832.2071028,-11.0,-2.0,-45.0
1776884832.2171028,-4.0,-6.0,-48.0
1776884832.2271028,-4.0,-5.0,-42.0
1776884832.2371027,-8.0,-2.0,-47.0
1776884832.2471027,-2.0,0.0,-49.0
1776884832.2571027,2.0,1.0,-49.0
1776884832.2671027,-1.0,4.0,-47.0
1776884832.2771027,-3.0,4.0,-53.0
1776884832.2871027,-1.0,3.0,-53.0
1776884832.2971027,2.0,3.0,-56.0
1776884832.307103,1.0,5.0,-49.0
1776884832.317103,0.0,2.0,-52.0
1776884832.327103,0.0,4.0,-54.0
1776884832.337103,0.0,0.0,-53.0
1776884832.3471026,1.0,-2.0,-53.0
1776884832.3571026,1.0,-5.0,-47.0
1776884832.3671026,-4.0,-4.0,-45.0
1776884832.3771029,-4.0,-3.0,-47.0
1776884832.3871028,-1.0,0.0,-47.0
1776884832.3971028,1.0,-4.0,-44.0
1776884832.4071028,-4.0,-10.0,-38.0
1776884832.4171028,-5.0,-8.0,-35.0
1776884832.4271028,0.0,-7.0,-31.0
1776884832.4371028,0.0,-5.0,-43.0
1776884832.4471028,-1.0,-2.0,-43.0
1776884832.4571028,-2.0,0.0,-40.0
1776884832.4671028,-7.0,0.0,-38.0
1776884832.4771028,-8.0,1.0,-35.0
1776884832.4871027,-5.0,0.0,-32.0
1776884832.4971027,-8.0,3.0,-37.0
1776884832.5071027,-8.0,4.0,-40.0
1776884832.5171027,-5.0,3.0,-35.0
1776884832.5271027,-6.0,0.0,-31.0
1776884832.5371027,-3.0,-4.0,-39.0
1776884832.5471027,-2.0,-2.0,-38.0
1776884832.557103,-5.0,0.0,-43.0
1776884832.567103,-7.0,-4.0,-48.0
1776884832.577103,-4.0,-2.0,-47.0
1776884832.587103,-6.0,-2.0,-41.0
1776884832.5971026,-7.0,-3.0,-33.0
1776884832.6071026,-9.0,-2.0,-36.0
1776884832.6171026,-3.0,-3.0,-45.0
1776884832.6281028,0.0,-1.0,-47.0
1776884832.6371028,1.0,4.0,-44.0
1776884832.6471028,0.0,6.0,-43.0
1776884832.6571028,-3.0,4.0,-45.0
1776884832.6681027,1.0,5.0,-46.0
1776884832.6781027,0.0,4.0,-44.0
1776884832.6881027,-4.0,0.0,-43.0
1776884832.6981027,-5.0,0.0,-42.0
1776884832.7081027,-3.0,-1.0,-38.0
1776884832.7181027,-5.0,1.0,-41.0
1776884832.7281027,-4.0,-2.0,-51.0
1776884832.738103,-6.0,0.0,-53.0
1776884832.748103,-1.0,0.0,-52.0
1776884832.758103,-2.0,-3.0,-48.0
1776884832.7681026,-4.0,-5.0,-53.0
1776884832.7781026,0.0,-1.0,-48.0
1776884832.7881026,-1.0,0.0,-46.0
1776884832.7981029,0.0,-2.0,-46.0
1776884832.8081028,2.0,-2.0,-48.0
1776884832.8181028,0.0,2.0,-44.0
1776884832.8281028,1.0,3.0,-44.0
1776884832.8381028,2.0,0.0,-48.0
1776884832.8481028,1.0,-2.0,-53.0
1776884832.8581028,0.0,0.0,-47.0
1776884832.8681028,4.0,2.0,-46.0
1776884832.8781028,0.0,1.0,-48.0
1776884832.8881028,-6.0,-3.0,-47.0
1776884832.8981028,-1.0,-3.0,-43.0
1776884832.9081028,2.0,-8.0,-46.0
1776884832.9181027,1.0,-6.0,-44.0
1776884832.9281027,1.0,-1.0,-42.0
1776884832.9381027,5.0,6.0,-44.0
1776884832.9481027,6.0,3.0,-43.0
1776884832.9581027,5.0,-1.0,-41.0
1776884832.9681027,4.0,-2.0,-43.0
1776884832.9781027,5.0,-4.0,-41.0
1776884832.988103,6.0,-5.0,-36.0
1776884832.998103,5.0,-3.0,-41.0
1776884833.008103,0.0,0.0,-40.0
1776884833.0181026,1.0,4.0,-44.0
1776884833.0281026,-2.0,4.0,-43.0
1776884833.0381026,-1.0,6.0,-48.0
1776884833.0481029,-2.0,5.0,-52.0
1776884833.0581028,-1.0,1.0,-50.0
1776884833.0681028,-5.0,-4.0,-45.0
1776884833.0781028,-5.0,-5.0,-48.0
1776884833.0881028,-6.0,-2.0,-49.0
1776884833.0981028,-5.0,-6.0,-44.0
1776884833.1081028,-4.0,-6.0,-48.0
1776884833.1181028,-1.0,-5.0,-48.0
1776884833.1281028,0.0,0.0,-44.0
1776884833.1381028,2.0,0.0,-44.0
1776884833.1481028,8.0,-2.0,-45.0
1776884833.1581028,5.0,-1.0,-42.0
1776884833.1681027,0.0,2.0,-38.0
1776884833.1781027,-4.0,0.0,-35.0
1776884833.1881027,-1.0,-4.0,-37.0
1776884833.1981027,-2.0,-7.0,-43.0
1776884833.2081027,-4.0,-8.0,-45.0
1776884833.2181027,-5.0,-6.0,-44.0
1776884833.2281027,-5.0,-9.0,-46.0
1776884833.238103,-1.0,-12.0,-45.0
1776884833.248103,-3.0,-7.0,-48.0
1776884833.258103,-1.0,-5.0,-39.0
1776884833.2681026,3.0,-7.0,-42.0
1776884833.2781026,3.0,-8.0,-45.0
1776884833.2881026,3.0,-9.0,-46.0
1776884833.2981029,4.0,-9.0,-47.0
1776884833.3081028,4.0,-8.0,-48.0
1776884833.3181028,7.0,-6.0,-56.0
1776884833.3281028,8.0,-6.0,-55.0
1776884833.3381028,4.0,-3.0,-52.0
1776884833.3481028,0.0,-3.0,-49.0
1776884833.3581028,-2.0,-5.0,-50.0
1776884833.3681028,-1.0,-2.0,-47.0
1776884833.3781028,-4.0,-4.0,-49.0
1776884833.3881028,-1.0,-3.0,-48.0
1776884833.3981028,0.0,-4.0,-54.0
1776884833.4081028,-3.0,-1.0,-45.0
1776884833.4181027,-6.0,1.0,-44.0
1776884833.4281027,-7.0,4.0,-47.0
1776884833.4381027,-4.0,4.0,-47.0
1776884833.4481027,-5.0,6.0,-47.0
1776884833.4581027,-3.0,8.0,-44.0
1776884833.4681027,-3.0,6.0,-44.0
1776884833.4781027,-2.0,1.0,-41.0
1776884833.488103,-3.0,0.0,-41.0
1776884833.498103,-6.0,0.0,-47.0
1776884833.508103,-9.0,-6.0,-44.0
1776884833.5181026,-5.0,-4.0,-46.0
1776884833.5281026,-4.0,-2.0,-45.0
1776884833.5381026,-4.0,-2.0,-41.0
1776884833.5481029,-6.0,-3.0,-37.0
1776884833.5581028,-7.0,-1.0,-36.0
1776884833.5681028,-4.0,0.0,-37.0
1776884833.5781028,-2.0,0.0,-32.0
1776884833.5881028,0.0,0.0,-39.0
1776884833.5981028,-4.0,-5.0,-50.0
1776884833.6081028,-7.0,-6.0,-47.0
1776884833.6181028,-9.0,-3.0,-42.0
1776884833.6281028,-10.0,-1.0,-42.0
1776884833.6381028,-9.0,2.0,-49.0
1776884833.6481028,-7.0,0.0,-47.0
1776884833.6581028,-9.0,-1.0,-47.0
1776884833.6681027,-9.0,0.0,-47.0
1776884833.6781027,-4.0,-3.0,-58.0
1776884833.6881027,-8.0,-2.0,-56.0
1776884833.6981027,-6.0,-2.0,-53.0
1776884833.7081027,-3.0,-6.0,-54.0
1776884833.7181027,-2.0,-2.0,-56.0
1776884833.7281027,-8.0,-1.0,-51.0
1776884833.738103,-9.0,-4.0,-50.0
1776884833.748103,-9.0,-3.0,-54.0
1776884833.758103,-10.0,-2.0,-49.0
1776884833.7681026,-9.0,-4.0,-50.0
1776884833.7781026,-5.0,-7.0,-53.0
1776884833.7881026,-7.0,-6.0,-49.0
1776884833.7981029,-4.0,-4.0,-53.0
1776884833.8081028,-7.0,-6.0,-47.0
1776884833.8181028,-3.0,-4.0,-48.0
1776884833.8281028,-3.0,-6.0,-46.0
1776884833.8381028,-2.0,-6.0,-49.0
1776884833.8481028,-5.0,-5.0,-50.0
1776884833.8581028,-7.0,-3.0,-50.0
1776884833.8681028,-5.0,-4.0,-52.0
1776884833.8781028,-1.0,-4.0,-53.0
1776884833.8881028,2.0,-6.0,-56.0
1776884833.8981028,1.0,-4.0,-50.0
1776884833.9081028,-3.0,-2.0,-42.0
1776884833.9181027,-3.0,2.0,-42.0
1776884833.9281027,0.0,4.0,-47.0
1776884833.9381027,0.0,5.0,-38.0
1776884833.9481027,-5.0,1.0,-34.0
1776884833.9581027,-7.0,-4.0,-38.0
1776884833.9681027,-2.0,-3.0,-45.0
1776884833.9781027,-6.0,-3.0,-42.0
1776884833.988103,-7.0,-3.0,-46.0
1776884833.998103,-2.0,-5.0,-47.0
1776884834.008103,2.0,-6.0,-47.0
1776884834.0181026,-1.0,-5.0,-46.0
1776884834.0281026,-4.0,-2.0,-44.0
1776884834.0381026,-5.0,-2.0,-49.0
1776884834.0481029,-1.0,-7.0,-49.0
1776884834.0581028,0.0,-5.0,-45.0
1776884834.0681028,-1.0,-2.0,-43.0
1776884834.0781028,-3.0,1.0,-45.0
1776884834.0881028,-3.0,0.0,-47.0
1776884834.0981028,-3.0,-3.0,-44.0
1776884834.1081028,-4.0,-2.0,-38.0
1776884834.1181028,-4.0,-2.0,-41.0
1776884834.1281028,0.0,-6.0,-31.0
1776884834.1381028,0.0,-3.0,-32.0
1776884834.1481028,0.0,-1.0,-39.0
1776884834.1581028,7.0,-4.0,-43.0
1776884834.1681027,4.0,-3.0,-39.0
1776884834.1781027,0.0,-4.0,-44.0
1776884834.1881027,2.0,0.0,-42.0
1776884834.1981027,3.0,6.0,-48.0
1776884834.2081027,5.0,3.0,-53.0
1776884834.2181027,7.0,2.0,-50.0
1776884834.2281027,6.0,3.0,-49.0
1776884834.238103,4.0,4.0,-46.0
1776884834.248103,5.0,1.0,-47.0
1776884834.258103,0.0,1.0,-50.0
1776884834.2681026,0.0,-1.0,-51.0
1776884834.2781026,2.0,-3.0,-50.0
1776884834.2881026,6.0,-4.0,-49.0
1776884834.2981029,1.0,-6.0,-48.0
1776884834.3081028,0.0,-2.0,-45.0
1776884834.3181028,0.0,-3.0,-38.0
1776884834.3281028,3.0,-6.0,-41.0
1776884834.3381028,7.0,-3.0,-42.0
1776884834.3481028,3.0,0.0,-36.0
1776884834.3581028,0.0,0.0,-38.0
1776884834.3681028,-2.0,1.0,-43.0
1776884834.3781028,1.0,2.0,-42.0
1776884834.3881028,0.0,0.0,-43.0
1776884834.3981028,2.0,-1.0,-42.0
1776884834.4081028,0.0,-3.0,-38.0
1776884834.4181027,0.0,-6.0,-40.0
1776884834.4281027,0.0,-5.0,-39.0
1776884834.4381027,0.0,-3.0,-39.0
1776884834.4481027,6.0,-1.0,-38.0
1776884834.4581027,11.0,-2.0,-38.0
1776884834.4681027,4.0,-3.0,-34.0
1776884834.4781027,-1.0,0.0,-35.0
1776884834.488103,0.0,0.0,-39.0
1776884834.498103,3.0,2.0,-38.0
1776884834.508103,5.0,0.0,-31.0
1776884834.5181026,6.0,-2.0,-30.0
1776884834.5281026,5.0,-5.0,-24.0
1776884834.5381026,2.0,-5.0,-23.0
1776884834.5481029,7.0,-9.0,-28.0
1776884834.5581028,4.0,-7.0,-27.0
1776884834.5681028,4.0,-5.0,-29.0
1776884834.5781028,7.0,-3.0,-33.0
1776884834.5881028,10.0,-1.0,-32.0
1776884834.5981028,9.0,0.0,-33.0
1776884834.6081028,4.0,-2.0,-40.0
1776884834.6181028,0.0,-2.0,-41.0
1776884834.6281028,0.0,0.0,-44.0
1776884834.6381028,-3.0,-7.0,-45.0
1776884834.6481028,0.0,-4.0,-47.0
1776884834.6581028,0.0,-3.0,-47.0
1776884834.669103,1.0,0.0,-47.0
1776884834.679103,3.0,3.0,-40.0
1776884834.6891026,2.0,0.0,-38.0
1776884834.6991026,2.0,-2.0,-33.0
1776884834.7091026,1.0,-2.0,-38.0
1776884834.7191026,0.0,-1.0,-38.0
1776884834.7291028,0.0,2.0,-43.0
1776884834.7391028,0.0,7.0,-35.0
1776884834.7491028,-2.0,8.0,-37.0
1776884834.7591028,-2.0,2.0,-42.0
1776884834.7691028,1.0,0.0,-48.0
1776884834.7791028,6.0,0.0,-53.0
1776884834.7891028,5.0,-2.0,-52.0
1776884834.7991028,4.0,0.0,-52.0
1776884834.8091028,2.0,0.0,-53.0
1776884834.8191028,2.0,0.0,-47.0
1776884834.8291028,7.0,-2.0,-46.0
1776884834.8391027,6.0,-2.0,-50.0
1776884834.8491027,6.0,0.0,-53.0
1776884834.8591027,6.0,0.0,-53.0
1776884834.8691027,8.0,2.0,-50.0
1776884834.8791027,8.0,4.0,-49.0
1776884834.8891027,5.0,0.0,-49.0
1776884834.8991027,3.0,1.0,-41.0
1776884834.909103,1.0,0.0,-46.0
1776884834.919103,0.0,-7.0,-49.0
1776884834.929103,0.0,-10.0,-47.0
1776884834.9391026,0.0,-6.0,-43.0
1776884834.9491026,2.0,-3.0,-44.0
1776884834.9591026,0.0,-2.0,-48.0
1776884834.9691026,-2.0,0.0,-48.0
1776884834.9791028,-5.0,-2.0,-43.0
1776884834.9891028,-5.0,-2.0,-39.0
1776884834.9991028,-3.0,-5.0,-42.0
1776884835.0091028,-3.0,-6.0,-41.0
1776884835.0191028,-7.0,-9.0,-38.0
1776884835.0291028,-8.0,-7.0,-37.0
1776884835.0391028,-7.0,-1.0,-38.0
1776884835.0491028,-1.0,1.0,-37.0
1776884835.0591028,0.0,2.0,-41.0
1776884835.0691028,3.0,4.0,-35.0
1776884835.0791028,2.0,2.0,-37.0
1776884835.0891027,3.0,3.0,-37.0
1776884835.0991027,5.0,3.0,-36.0
1776884835.1091027,6.0,2.0,-33.0
1776884835.1191027,2.0,0.0,-37.0
1776884835.1291027,0.0,0.0,-39.0
1776884835.1391027,3.0,-3.0,-41.0
1776884835.1491027,4.0,-7.0,-40.0
1776884835.159103,3.0,-4.0,-37.0
1776884835.169103,1.0,5.0,-42.0
1776884835.179103,3.0,7.0,-39.0
1776884835.1891026,2.0,0.0,-33.0
1776884835.1991026,3.0,-2.0,-34.0
1776884835.2091026,2.0,-1.0,-39.0
1776884835.2191026,1.0,0.0,-41.0
1776884835.2291028,-2.0,1.0,-39.0
1776884835.2391028,-3.0,1.0,-38.0
1776884835.2491028,-1.0,0.0,-40.0
1776884835.2591028,-3.0,2.0,-44.0
1776884835.2691028,-4.0,2.0,-43.0
1776884835.2791028,-1.0,7.0,-45.0
1776884835.2891028,-3.0,3.0,-41.0
1776884835.2991028,-1.0,1.0,-40.0
1776884835.3091028,0.0,-3.0,-47.0
1776884835.3191028,4.0,-1.0,-49.0
1776884835.3291028,0.0,-2.0,-51.0
1776884835.3391027,4.0,-1.0,-52.0
1776884835.3491027,4.0,-1.0,-54.0
1776884835.3591027,8.0,0.0,-50.0
1776884835.3691027,9.0,0.0,-57.0
1776884835.3791027,8.0,0.0,-60.0
1776884835.3891027,7.0,-3.0,-55.0
1776884835.3991027,3.0,-7.0,-49.0
1776884835.409103,6.0,-7.0,-40.0
1776884835.419103,6.0,-4.0,-42.0
1776884835.429103,0.0,-4.0,-47.0
1776884835.4391026,-1.0,0.0,-52.0
1776884835.4491026,-1.0,-1.0,-54.0
1776884835.4591026,0.0,-1.0,-52.0
1776884835.4691026,1.0,-6.0,-54.0
1776884835.4791028,0.0,-5.0,-53.0
1776884835.4891028,-5.0,-5.0,-55.0
1776884835.4991028,-7.0,-1.0,-58.0
1776884835.5091028,-5.0,0.0,-54.0
1776884835.5191028,-4.0,-1.0,-48.0
1776884835.5291028,-4.0,-5.0,-42.0
1776884835.5391028,-6.0,-5.0,-39.0
1776884835.5491028,-1.0,-6.0,-42.0
1776884835.5591028,-2.0,-9.0,-48.0
1776884835.5691028,0.0,-6.0,-48.0
1776884835.5791028,1.0,-5.0,-47.0
1776884835.5891027,0.0,-2.0,-42.0
1776884835.5991027,3.0,-2.0,-49.0
1776884835.6091027,5.0,-2.0,-50.0
1776884835.6191027,6.0,-4.0,-51.0
1776884835.6291027,2.0,-2.0,-47.0
1776884835.6391027,-2.0,-3.0,-45.0
1776884835.6491027,-3.0,-2.0,-52.0
1776884835.659103,-4.0,-6.0,-57.0
1776884835.669103,-5.0,-2.0,-51.0
1776884835.679103,-7.0,0.0,-43.0
1776884835.6891026,-3.0,0.0,-42.0
1776884835.6991026,-5.0,-2.0,-46.0
1776884835.7091026,-3.0,-2.0,-48.0
1776884835.7191026,-4.0,-3.0,-47.0
1776884835.7291028,-2.0,-1.0,-44.0
1776884835.7391028,-3.0,-1.0,-48.0
1776884835.7491028,1.0,-1.0,-48.0
1776884835.7591028,3.0,-4.0,-47.0
1776884835.7691028,9.0,-5.0,-48.0
1776884835.7791028,8.0,0.0,-52.0
1776884835.7891028,9.0,-1.0,-47.0
1776884835.7991028,7.0,-4.0,-47.0
1776884835.8091028,2.0,0.0,-41.0
1776884835.8191028,6.0,-2.0,-39.0
1776884835.8291028,4.0,-2.0,-39.0
1776884835.8391027,2.0,-4.0,-49.0
1776884835.8491027,1.0,-4.0,-51.0
1776884835.8591027,8.0,-6.0,-51.0
1776884835.8691027,1.0,-6.0,-53.0
1776884835.8791027,4.0,-4.0,-51.0
1776884835.8891027,5.0,-1.0,-50.0
1776884835.8991027,2.0,0.0,-48.0
1776884835.909103,3.0,0.0,-43.0
1776884835.919103,4.0,2.0,-42.0
1776884835.929103,1.0,0.0,-43.0
1776884835.9391026,-1.0,1.0,-38.0
1776884835.9491026,-1.0,-1.0,-36.0
1776884835.9591026,2.0,-7.0,-39.0
1776884835.9691026,2.0,-5.0,-39.0
1776884835.9791028,5.0,-6.0,-49.0
1776884835.9891028,7.0,-6.0,-52.0
1776884835.9991028,5.0,-6.0,-45.0
1776884836.0091028,-2.0,-6.0,-41.0
1776884836.0191028,-8.0,-2.0,-37.0
1776884836.0291028,-4.0,-1.0,-40.0
1776884836.0391028,-3.0,-6.0,-40.0
1776884836.0491028,-3.0,-6.0,-42.0
1776884836.0591028,-3.0,-6.0,-42.0
1776884836.0691028,-1.0,-4.0,-44.0
1776884836.0791028,0.0,-3.0,-47.0
1776884836.0891027,4.0,-5.0,-47.0
1776884836.0991027,7.0,-5.0,-46.0
1776884836.1091027,6.0,-3.0,-43.0
1776884836.1191027,6.0,-1.0,-44.0
1776884836.1291027,8.0,0.0,-45.0
1776884836.1391027,7.0,-1.0,-45.0
1776884836.1491027,5.0,-1.0,-42.0
1776884836.159103,3.0,1.0,-37.0
1776884836.169103,0.0,-3.0,-40.0
1776884836.179103,-2.0,-3.0,-48.0
1776884836.1891026,6.0,-2.0,-48.0
1776884836.1991026,9.0,-9.0,-47.0
1776884836.2091026,7.0,-7.0,-47.0
1776884836.2191026,7.0,-6.0,-44.0
1776884836.2291028,8.0,-5.0,-39.0
1776884836.2391028,6.0,-8.0,-39.0
1776884836.2491028,1.0,-6.0,-49.0
1776884836.2591028,6.0,-8.0,-51.0
1776884836.2691028,7.0,-4.0,-52.0
1776884836.2791028,7.0,-4.0,-50.0
1776884836.2891028,5.0,-4.0,-52.0
1776884836.2991028,4.0,-4.0,-52.0
1776884836.3091028,6.0,-3.0,-54.0
1776884836.3191028,9.0,-1.0,-55.0
1776884836.3291028,5.0,-5.0,-56.0
1776884836.3391027,3.0,-2.0,-51.0
1776884836.3491027,7.0,-4.0,-48.0
1776884836.3591027,8.0,-6.0,-55.0
1776884836.3691027,8.0,-2.0,-53.0
1776884836.3791027,3.0,-4.0,-43.0
1776884836.3891027,0.0,-3.0,-40.0
1776884836.3991027,2.0,-1.0,-42.0
1776884836.409103,0.0,-6.0,-44.0
1776884836.419103,-2.0,-7.0,-40.0
1776884836.429103,2.0,-8.0,-50.0
1776884836.4391026,4.0,-11.0,-54.0
1776884836.4491026,6.0,-7.0,-50.0
1776884836.4591026,7.0,-3.0,-44.0
1776884836.4691026,2.0,-5.0,-40.0
1776884836.4791028,0.0,-3.0,-44.0
1776884836.4891028,0.0,-3.0,-39.0
1776884836.4991028,1.0,-1.0,-41.0
1776884836.5091028,5.0,-1.0,-47.0
1776884836.5191028,6.0,-5.0,-48.0
1776884836.5291028,4.0,-8.0,-49.0
1776884836.5391028,1.0,-8.0,-50.0
1776884836.5491028,-1.0,-11.0,-47.0
1776884836.5591028,-7.0,-10.0,-47.0
1776884836.5691028,-10.0,-9.0,-51.0
1776884836.5791028,-8.0,-9.0,-38.0
1776884836.5891027,-4.0,-6.0,-35.0
1776884836.5991027,-1.0,-6.0,-46.0
1776884836.610103,-5.0,-8.0,-47.0
1776884836.6201026,-4.0,-7.0,-47.0
1776884836.6301026,-3.0,-1.0,-46.0
1776884836.6401026,3.0,0.0,-42.0
1776884836.6501029,2.0,-1.0,-44.0
1776884836.6601028,2.0,-2.0,-39.0
1776884836.6701028,3.0,-5.0,-39.0
1776884836.6801028,3.0,-9.0,-46.0
1776884836.6901028,6.0,-9.0,-47.0
1776884836.7001028,7.0,-4.0,-49.0
1776884836.7101028,5.0,0.0,-49.0
1776884836.7201028,2.0,-2.0,-48.0
1776884836.7301028,2.0,-2.0,-48.0
1776884836.7401028,0.0,-2.0,-46.0
1776884836.7501028,0.0,-2.0,-39.0
1776884836.7601027,-4.0,-2.0,-43.0
1776884836.7701027,-4.0,-8.0,-38.0
1776884836.7801027,-3.0,-5.0,-45.0
1776884836.7901027,-5.0,-1.0,-48.0
1776884836.8001027,-10.0,-5.0,-45.0
1776884836.8101027,-11.0,-5.0,-42.0
1776884836.8201027,-11.0,-3.0,-43.0
1776884836.8301027,-10.0,-1.0,-48.0
1776884836.840103,-8.0,4.0,-52.0
1776884836.850103,-4.0,1.0,-54.0
1776884836.860103,-4.0,-3.0,-47.0
1776884836.8701026,-4.0,-9.0,-45.0
1776884836.8801026,-6.0,-5.0,-46.0
1776884836.8901026,0.0,-1.0,-48.0
1776884836.9001029,0.0,-2.0,-47.0
1776884836.9101028,0.0,0.0,-47.0
1776884836.9201028,0.0,1.0,-46.0
1776884836.9301028,-2.0,-1.0,-43.0
1776884836.9401028,-1.0,-3.0,-42.0
1776884836.9501028,-5.0,0.0,-42.0
1776884836.9601028,-11.0,3.0,-45.0
1776884836.9701028,-6.0,3.0,-45.0
1776884836.9801028,-5.0,1.0,-46.0
1776884836.9901028,-4.0,1.0,-41.0
1776884837.0001028,-8.0,1.0,-40.0
1776884837.0101027,-11.0,2.0,-37.0
1776884837.0201027,-5.0,1.0,-44.0
1776884837.0301027,-3.0,0.0,-49.0
1776884837.0401027,-3.0,0.0,-51.0
1776884837.0501027,-2.0,-2.0,-48.0
1776884837.0601027,-7.0,-4.0,-54.0
1776884837.0701027,-6.0,-5.0,-49.0
1776884837.0801027,-5.0,1.0,-51.0
1776884837.090103,-2.0,2.0,-50.0
1776884837.100103,-2.0,7.0,-46.0
1776884837.110103,0.0,9.0,-52.0
1776884837.1201026,1.0,2.0,-51.0
1776884837.1301026,-4.0,2.0,-57.0
1776884837.1401026,-2.0,-1.0,-57.0
1776884837.1501029,-3.0,4.0,-58.0
1776884837.1601028,-4.0,3.0,-52.0
1776884837.1701028,0.0,3.0,-52.0
1776884837.1801028,-2.0,1.0,-57.0
1776884837.1901028,-2.0,5.0,-52.0
1776884837.2001028,-1.0,6.0,-45.0
1776884837.2101028,-7.0,2.0,-46.0
1776884837.2201028,-7.0,4.0,-44.0
1776884837.2301028,-7.0,7.0,-41.0
1776884837.2401028,-3.0,7.0,-40.0
1776884837.2501028,0.0,5.0,-45.0
1776884837.2601027,-3.0,0.0,-43.0
1776884837.2701027,-5.0,0.0,-47.0
1776884837.2801027,-7.0,0.0,-44.0
1776884837.2901027,-8.0,-5.0,-42.0
1776884837.3001027,-6.0,-4.0,-44.0
1776884837.3101027,-8.0,-4.0,-43.0
1776884837.3201027,-3.0,-6.0,-41.0
1776884837.3301027,3.0,-7.0,-42.0
1776884837.340103,1.0,-4.0,-46.0
1776884837.350103,3.0,-2.0,-44.0
1776884837.360103,4.0,-3.0,-38.0
1776884837.3701026,3.0,-5.0,-37.0
1776884837.3801026,1.0,-4.0,-42.0
1776884837.3901026,-1.0,-4.0,-38.0
1776884837.4001029,-6.0,-3.0,-40.0
1776884837.4101028,-6.0,-4.0,-44.0
1776884837.4201028,0.0,-5.0,-45.0
1776884837.4301028,1.0,-5.0,-40.0
1776884837.4411027,-1.0,-4.0,-37.0
1776884837.4501028,3.0,-6.0,-37.0
1776884837.4601028,3.0,-5.0,-33.0
1776884837.4701028,3.0,-3.0,-29.0
1776884837.4801028,8.0,-7.0,-22.0
1776884837.4901028,5.0,-11.0,-24.0
1776884837.5001028,2.0,-5.0,-29.0
1776884837.5101027,1.0,-2.0,-38.0
1776884837.5201027,0.0,-6.0,-43.0
1776884837.5301027,1.0,-9.0,-41.0
1776884837.5401027,3.0,-11.0,-46.0
1776884837.5501027,4.0,-10.0,-47.0
1776884837.5601027,3.0,-9.0,-47.0
1776884837.5701027,3.0,-8.0,-52.0
1776884837.5801027,3.0,-6.0,-48.0
1776884837.590103,3.0,-3.0,-48.0
1776884837.600103,3.0,0.0,-46.0
1776884837.610103,2.0,5.0,-52.0
1776884837.6201026,2.0,2.0,-51.0
1776884837.6301026,1.0,0.0,-49.0
1776884837.6401026,2.0,0.0,-51.0
1776884837.6501029,-2.0,0.0,-47.0
1776884837.6601028,1.0,0.0,-46.0
1776884837.6701028,1.0,0.0,-44.0
1776884837.6801028,0.0,-2.0,-41.0
1776884837.6901028,3.0,-5.0,-35.0
1776884837.7001028,8.0,-6.0,-36.0
1776884837.7101028,6.0,-8.0,-38.0
1776884837.7201028,4.0,-6.0,-33.0
1776884837.7301028,0.0,-2.0,-38.0
1776884837.7401028,-2.0,-2.0,-33.0
1776884837.7501028,-3.0,-4.0,-32.0
1776884837.7601027,2.0,-2.0,-36.0
1776884837.7701027,2.0,-4.0,-35.0
1776884837.7801027,0.0,-5.0,-34.0
1776884837.7901027,-1.0,-5.0,-37.0
1776884837.8001027,-6.0,-3.0,-47.0
1776884837.8101027,-9.0,-2.0,-49.0
1776884837.8201027,-8.0,-2.0,-49.0
1776884837.8301027,-6.0,-3.0,-49.0
1776884837.840103,0.0,0.0,-47.0
1776884837.850103,0.0,-3.0,-42.0
1776884837.860103,-4.0,0.0,-45.0
1776884837.8701026,-4.0,2.0,-48.0
1776884837.8801026,-11.0,1.0,-37.0
1776884837.8901026,-9.0,-2.0,-36.0
1776884837.9001029,-5.0,-1.0,-38.0
1776884837.9101028,-2.0,-1.0,-35.0
1776884837.9201028,0.0,-2.0,-42.0
1776884837.9301028,2.0,-7.0,-41.0
1776884837.9401028,1.0,-10.0,-48.0
1776884837.9501028,2.0,-11.0,-40.0
1776884837.9601028,0.0,-12.0,-41.0
1776884837.9701028,-1.0,-8.0,-46.0
1776884837.9801028,-4.0,-4.0,-42.0
1776884837.9901028,-1.0,-3.0,-48.0
1776884838.0001028,-2.0,-2.0,-58.0
1776884838.0101027,0.0,2.0,-59.0
1776884838.0201027,7.0,2.0,-57.0
1776884838.0301027,3.0,-1.0,-52.0
1776884838.0401027,4.0,0.0,-48.0
1776884838.0501027,2.0,-1.0,-43.0
1776884838.0601027,0.0,0.0,-41.0
1776884838.0701027,0.0,0.0,-42.0
1776884838.0801027,5.0,1.0,-41.0
1776884838.090103,8.0,2.0,-45.0
1776884838.100103,5.0,3.0,-39.0
1776884838.110103,3.0,3.0,-38.0
1776884838.1201026,3.0,0.0,-43.0
1776884838.1301026,3.0,0.0,-41.0
1776884838.1401026,-1.0,-1.0,-37.0
1776884838.1501029,3.0,-2.0,-45.0
1776884838.1601028,5.0,-3.0,-48.0
1776884838.1701028,3.0,-1.0,-51.0
1776884838.1801028,2.0,-3.0,-48.0
1776884838.1901028,-1.0,-5.0,-50.0
1776884838.2001028,-3.0,-4.0,-56.0
1776884838.2101028,1.0,-1.0,-49.0
1776884838.2201028,1.0,0.0,-46.0
1776884838.2301028,2.0,-2.0,-50.0
1776884838.2401028,0.0,-3.0,-44.0
1776884838.2501028,2.0,-6.0,-46.0
1776884838.2601027,0.0,-5.0,-47.0
1776884838.2701027,-1.0,-7.0,-48.0
1776884838.2801027,-1.0,-11.0,-50.0
1776884838.2901027,-4.0,-7.0,-48.0
1776884838.3001027,-4.0,-1.0,-58.0
1776884838.3101027,-3.0,-1.0,-60.0
1776884838.3201027,-3.0,0.0,-59.0
1776884838.3301027,-9.0,-1.0,-53.0
1776884838.340103,-6.0,-2.0,-50.0
1776884838.350103,-5.0,-2.0,-57.0
1776884838.360103,-4.0,-4.0,-68.0
1776884838.3701026,-4.0,-6.0,-69.0
1776884838.3801026,-2.0,-2.0,-62.0
1776884838.3901026,-1.0,0.0,-59.0
1776884838.4001029,-2.0,-3.0,-54.0
1776884838.4101028,0.0,-7.0,-48.0
1776884838.4201028,-2.0,-3.0,-44.0
1776884838.4301028,0.0,-2.0,-43.0
1776884838.4401028,0.0,0.0,-41.0
1776884838.4501028,0.0,0.0,-42.0
1776884838.4601028,0.0,0.0,-45.0
1776884838.4701028,-1.0,-2.0,-43.0
1776884838.4801028,-3.0,-4.0,-42.0
1776884838.4901028,0.0,-4.0,-49.0
1776884838.5001028,-1.0,-1.0,-44.0
1776884838.5101027,0.0,-3.0,-42.0
1776884838.5201027,-1.0,0.0,-35.0
1776884838.5301027,3.0,3.0,-38.0
1776884838.5401027,7.0,3.0,-40.0
1776884838.5501027,7.0,0.0,-42.0
1776884838.5601027,9.0,0.0,-36.0
1776884838.5701027,12.0,0.0,-38.0
1776884838.5811028,7.0,1.0,-39.0
1776884838.5911028,-1.0,-1.0,-46.0
1776884838.6011028,-4.0,-2.0,-43.0
1776884838.6111028,-1.0,-3.0,-45.0
1776884838.6211028,-2.0,-3.0,-44.0
1776884838.6311028,-4.0,-1.0,-39.0
1776884838.6411028,-1.0,-4.0,-42.0
1776884838.6511028,0.0,-7.0,-43.0
1776884838.6611028,-3.0,-6.0,-37.0
1776884838.6711028,0.0,-3.0,-37.0
1776884838.6811028,2.0,-2.0,-38.0
1776884838.6911027,4.0,-1.0,-38.0
1776884838.7011027,1.0,-1.0,-39.0
1776884838.7111027,-2.0,2.0,-38.0
1776884838.7211027,-1.0,0.0,-45.0
1776884838.7311027,-1.0,3.0,-47.0
1776884838.7411027,3.0,4.0,-50.0
1776884838.7511027,5.0,1.0,-48.0
1776884838.761103,6.0,0.0,-56.0
1776884838.771103,2.0,-2.0,-48.0
1776884838.781103,2.0,0.0,-46.0
1776884838.7911026,4.0,-5.0,-48.0
1776884838.8011026,5.0,-7.0,-52.0
1776884838.8111026,5.0,-8.0,-53.0
1776884838.8211029,2.0,-4.0,-46.0
1776884838.8311028,5.0,-1.0,-38.0
1776884838.8411028,7.0,-1.0,-35.0
1776884838.8511028,6.0,-1.0,-31.0
1776884838.8611028,2.0,1.0,-37.0
1776884838.8711028,1.0,1.0,-40.0
1776884838.8811028,-2.0,3.0,-45.0
1776884838.8911028,0.0,1.0,-45.0
1776884838.9011028,4.0,0.0,-47.0
1776884838.9111028,7.0,-2.0,-47.0
1776884838.9211028,4.0,-1.0,-49.0
1776884838.9311028,2.0,-1.0,-58.0
1776884838.9411027,0.0,0.0,-55.0
1776884838.9511027,-1.0,0.0,-56.0
1776884838.9611027,-2.0,2.0,-53.0
1776884838.9711027,-1.0,0.0,-57.0
1776884838.9811027,-3.0,-1.0,-54.0
1776884838.9911027,1.0,-4.0,-50.0
1776884839.0011027,2.0,-3.0,-50.0
1776884839.011103,-1.0,0.0,-51.0
1776884839.021103,-1.0,0.0,-47.0
1776884839.031103,0.0,-1.0,-43.0
1776884839.0411026,8.0,-4.0,-44.0
1776884839.0511026,8.0,-6.0,-44.0
1776884839.0611026,8.0,-5.0,-42.0
1776884839.0711029,6.0,-4.0,-40.0
1776884839.0811028,3.0,-4.0,-43.0
1776884839.0911028,3.0,-1.0,-44.0
1776884839.1011028,6.0,1.0,-43.0
1776884839.1111028,5.0,0.0,-42.0
1776884839.1211028,3.0,0.0,-45.0
1776884839.1311028,7.0,2.0,-43.0
1776884839.1411028,5.0,1.0,-42.0
1776884839.1511028,3.0,-2.0,-40.0
1776884839.1611028,-3.0,-1.0,-36.0
1776884839.1711028,-7.0,0.0,-41.0
1776884839.1811028,-8.0,-1.0,-44.0
1776884839.1911027,-5.0,0.0,-39.0
1776884839.2011027,-6.0,1.0,-44.0
1776884839.2111027,-3.0,0.0,-46.0
1776884839.2211027,-5.0,-2.0,-46.0
1776884839.2311027,-2.0,-3.0,-39.0
1776884839.2411027,1.0,-4.0,-34.0
1776884839.2511027,0.0,0.0,-35.0
1776884839.261103,0.0,2.0,-40.0
1776884839.271103,2.0,0.0,-39.0
1776884839.281103,0.0,-1.0,-41.0
1776884839.2911026,-5.0,-3.0,-42.0
1776884839.3011026,-1.0,-2.0,-46.0
1776884839.3111026,0.0,-4.0,-44.0
1776884839.3211029,0.0,-2.0,-50.0
1776884839.3311028,0.0,-2.0,-53.0
1776884839.3411028,-4.0,-5.0,-47.0
1776884839.3511028,2.0,-5.0,-48.0
1776884839.3611028,5.0,-1.0,-51.0
1776884839.3711028,2.0,0.0,-52.0
1776884839.3811028,3.0,0.0,-53.0
1776884839.3911028,-1.0,-5.0,-57.0
1776884839.4011028,0.0,-4.0,-51.0
1776884839.4111028,0.0,-3.0,-47.0
1776884839.4211028,-5.0,-2.0,-41.0
1776884839.4311028,-4.0,-2.0,-38.0
1776884839.4411027,0.0,-6.0,-32.0
1776884839.4511027,0.0,-6.0,-34.0
1776884839.4611027,0.0,-7.0,-39.0
1776884839.4711027,-2.0,-4.0,-43.0
1776884839.4811027,-1.0,-1.0,-40.0
1776884839.4911027,-2.0,-5.0,-41.0
1776884839.5011027,0.0,-4.0,-43.0
1776884839.511103,2.0,-2.0,-46.0
1776884839.521103,1.0,1.0,-46.0
1776884839.531103,-1.0,-2.0,-44.0
1776884839.5411026,-6.0,-5.0,-42.0
1776884839.5511026,0.0,-5.0,-46.0
1776884839.5611026,0.0,-5.0,-44.0
1776884839.5711029,-4.0,-6.0,-38.0
1776884839.5811028,-2.0,-3.0,-44.0
1776884839.5911028,1.0,-7.0,-53.0
1776884839.6011028,-1.0,-8.0,-54.0
1776884839.6111028,2.0,-9.0,-49.0
1776884839.6211028,2.0,-9.0,-48.0
1776884839.6311028,0.0,-6.0,-45.0
1776884839.6411028,-1.0,-6.0,-42.0
1776884839.6511028,0.0,-8.0,-44.0
1776884839.6611028,0.0,-6.0,-44.0
1776884839.6711028,-2.0,-2.0,-47.0
1776884839.6811028,-1.0,-1.0,-49.0
1776884839.6911027,-2.0,-2.0,-52.0
1776884839.7011027,3.0,-11.0,-54.0
1776884839.7111027,5.0,-14.0,-56.0
1776884839.7211027,4.0,-9.0,-52.0
1776884839.7311027,3.0,-1.0,-48.0
1776884839.7411027,0.0,0.0,-40.0
1776884839.7511027,-2.0,0.0,-45.0
1776884839.761103,3.0,0.0,-49.0
1776884839.771103,-3.0,-3.0,-54.0
1776884839.781103,-4.0,-1.0,-56.0
1776884839.7911026,-3.0,0.0,-60.0
1776884839.8011026,-7.0,0.0,-61.0
1776884839.8111026,-5.0,0.0,-56.0
1776884839.8211029,-5.0,-3.0,-59.0
1776884839.8311028,-1.0,-2.0,-59.0
1776884839.8411028,0.0,-4.0,-65.0
1776884839.8511028,2.0,-2.0,-54.0
1776884839.8611028,4.0,-2.0,-51.0
1776884839.8711028,2.0,-3.0,-54.0
1776884839.8811028,0.0,0.0,-49.0
1776884839.8911028,4.0,-1.0,-44.0
1776884839.9011028,1.0,0.0,-45.0
1776884839.9111028,-1.0,-5.0,-42.0
1776884839.9211028,-2.0,-7.0,-37.0
1776884839.9311028,-2.0,-5.0,-39.0
1776884839.9411027,-4.0,-2.0,-45.0
1776884839.9511027,-4.0,-2.0,-48.0
1776884839.9611027,-4.0,-6.0,-54.0
1776884839.9711027,-1.0,-9.0,-60.0
1776884839.9811027,-2.0,-6.0,-67.0
1776884839.9911027,-4.0,-5.0,-60.0
1776884840.0011027,-5.0,-7.0,-52.0
1776884840.011103,0.0,-3.0,-55.0
1776884840.021103,0.0,-4.0,-57.0
1776884840.031103,0.0,-3.0,-49.0
1776884840.0411026,-5.0,-6.0,-53.0
1776884840.0511026,-1.0,-5.0,-58.0
1776884840.0611026,-3.0,-5.0,-54.0
1776884840.0711029,0.0,-4.0,-50.0
1776884840.0811028,3.0,-5.0,-53.0
1776884840.0911028,1.0,-3.0,-47.0
1776884840.1011028,-1.0,0.0,-47.0
1776884840.1111028,1.0,-1.0,-45.0
1776884840.1211028,2.0,2.0,-47.0
1776884840.1311028,9.0,2.0,-50.0
1776884840.1411028,5.0,1.0,-46.0
1776884840.1511028,0.0,0.0,-51.0
1776884840.1611028,-4.0,-1.0,-53.0
1776884840.1711028,-4.0,-1.0,-49.0
1776884840.1811028,-3.0,-1.0,-45.0
1776884840.1911027,0.0,0.0,-42.0
1776884840.2011027,3.0,0.0,-45.0
1776884840.2111027,0.0,2.0,-46.0
1776884840.2211027,2.0,1.0,-46.0
1776884840.2311027,3.0,0.0,-44.0
1776884840.2411027,2.0,0.0,-44.0
1776884840.2511027,1.0,-3.0,-42.0
1776884840.261103,-1.0,-5.0,-40.0
1776884840.271103,-6.0,-6.0,-44.0
1776884840.281103,-6.0,-12.0,-45.0
1776884840.2911026,-8.0,-10.0,-48.0
1776884840.3011026,-7.0,-8.0,-49.0
1776884840.3111026,-5.0,-7.0,-40.0
1776884840.3211029,-7.0,-10.0,-36.0
1776884840.3311028,-3.0,-6.0,-37.0
1776884840.3411028,0.0,-7.0,-39.0
1776884840.3511028,0.0,-7.0,-49.0
1776884840.3611028,0.0,-4.0,-49.0
1776884840.3711028,3.0,-6.0,-40.0
1776884840.3811028,1.0,-5.0,-46.0
1776884840.3911028,4.0,-5.0,-50.0
1776884840.4011028,5.0,-10.0,-46.0
1776884840.4111028,6.0,-7.0,-45.0
1776884840.4211028,1.0,-8.0,-49.0
1776884840.4311028,2.0,-4.0,-43.0
1776884840.4411027,3.0,-11.0,-50.0
1776884840.4511027,6.0,-12.0,-53.0
1776884840.4611027,3.0,-10.0,-52.0
1776884840.4711027,3.0,-5.0,-50.0
1776884840.4811027,0.0,-3.0,-52.0
1776884840.4911027,-6.0,-4.0,-53.0
1776884840.5011027,-6.0,-1.0,-50.0
1776884840.511103,0.0,-1.0,-44.0
1776884840.521103,4.0,-7.0,-41.0
1776884840.531103,3.0,-7.0,-38.0
1776884840.5411026,3.0,-9.0,-44.0
1776884840.5511026,1.0,-10.0,-44.0
1776884840.5621028,-1.0,-6.0,-44.0
1776884840.5721028,-6.0,-4.0,-42.0
1776884840.5821028,-4.0,-3.0,-37.0
1776884840.5921028,-3.0,0.0,-41.0
1776884840.6021028,-3.0,-3.0,-40.0
1776884840.6121027,-3.0,-8.0,-34.0
1776884840.6221027,-2.0,-9.0,-40.0
1776884840.6321027,-1.0,-8.0,-45.0
1776884840.6421027,3.0,-8.0,-42.0
1776884840.6521027,0.0,-8.0,-43.0
1776884840.6621027,4.0,-5.0,-41.0
1776884840.6721027,5.0,0.0,-37.0
1776884840.682103,8.0,0.0,-32.0
1776884840.692103,7.0,-3.0,-32.0
1776884840.702103,6.0,-5.0,-30.0
1776884840.712103,7.0,-4.0,-34.0
1776884840.7221026,2.0,-6.0,-42.0
1776884840.7321026,2.0,-7.0,-45.0
1776884840.7421026,0.0,-8.0,-45.0
1776884840.7521029,-1.0,-3.0,-43.0
1776884840.7621028,0.0,0.0,-48.0
1776884840.7721028,-1.0,-2.0,-45.0
1776884840.7821028,-3.0,-2.0,-42.0
1776884840.7921028,-1.0,-5.0,-42.0
1776884840.8021028,-2.0,-8.0,-43.0
1776884840.8121028,-2.0,-7.0,-47.0
1776884840.8221028,-4.0,-6.0,-42.0
1776884840.8321028,-1.0,-6.0,-36.0
1776884840.8421028,4.0,-6.0,-37.0
1776884840.8521028,2.0,-4.0,-41.0
1776884840.8621027,-6.0,-6.0,-35.0
1776884840.8721027,-8.0,-4.0,-38.0
1776884840.8821027,-6.0,-5.0,-40.0
1776884840.8921027,-7.0,-3.0,-37.0
1776884840.9021027,-4.0,0.0,-34.0
1776884840.9121027,1.0,-2.0,-41.0
1776884840.9221027,1.0,-4.0,-46.0
1776884840.932103,3.0,0.0,-51.0
1776884840.942103,2.0,0.0,-47.0
1776884840.952103,2.0,1.0,-50.0
1776884840.962103,1.0,0.0,-56.0
1776884840.9721026,-3.0,2.0,-57.0
1776884840.9821026,1.0,2.0,-51.0
1776884840.9921026,-1.0,-6.0,-46.0
1776884841.0021029,0.0,-4.0,-45.0
1776884841.0121028,-1.0,0.0,-49.0
1776884841.0221028,-2.0,-2.0,-45.0
1776884841.0321028,0.0,0.0,-40.0
1776884841.0421028,1.0,-1.0,-31.0
1776884841.0521028,0.0,-3.0,-36.0
1776884841.0621028,2.0,-1.0,-41.0
1776884841.0721028,1.0,-1.0,-44.0
1776884841.0821028,-1.0,0.0,-48.0
1776884841.0921028,2.0,4.0,-44.0
1776884841.1021028,-2.0,1.0,-43.0
1776884841.1121027,-2.0,5.0,-44.0
1776884841.1221027,-2.0,6.0,-49.0
1776884841.1321027,-5.0,5.0,-56.0
1776884841.1421027,-10.0,1.0,-56.0
1776884841.1521027,-9.0,0.0,-53.0
1776884841.1621027,-10.0,-3.0,-56.0
1776884841.1721027,-11.0,-2.0,-58.0
1776884841.182103,-4.0,-5.0,-51.0
1776884841.192103,-1.0,-9.0,-56.0
1776884841.202103,-4.0,-8.0,-57.0
1776884841.212103,-3.0,-9.0,-56.0
1776884841.2221026,0.0,-7.0,-46.0
1776884841.2321026,-2.0,-3.0,-38.0
1776884841.2421026,-3.0,-3.0,-36.0
1776884841.2521029,0.0,0.0,-36.0
1776884841.2621028,0.0,-1.0,-33.0
1776884841.2721028,-1.0,-4.0,-33.0
1776884841.2821028,1.0,-3.0,-38.0
1776884841.2921028,-3.0,-8.0,-44.0
1776884841.3021028,0.0,-9.0,-44.0
1776884841.3121028,-4.0,-5.0,-43.0
1776884841.3221028,-1.0,-1.0,-43.0
1776884841.3321028,6.0,-2.0,-42.0
1776884841.3421028,8.0,-5.0,-40.0
1776884841.3521028,8.0,-5.0,-48.0
1776884841.3621027,3.0,-2.0,-49.0
1776884841.3721027,-1.0,-3.0,-47.0
1776884841.3821027,3.0,-5.0,-45.0
1776884841.3921027,5.0,-4.0,-43.0
1776884841.4021027,7.0,-3.0,-45.0
1776884841.4121027,8.0,-3.0,-41.0
1776884841.4221027,10.0,-2.0,-45.0
1776884841.432103,6.0,-5.0,-53.0
1776884841.442103,5.0,-3.0,-49.0
1776884841.452103,4.0,-3.0,-50.0
1776884841.462103,3.0,-5.0,-55.0
1776884841.4721026,3.0,-7.0,-46.0
1776884841.4821026,-1.0,-7.0,-45.0
1776884841.4921026,1.0,-6.0,-43.0
1776884841.5021029,1.0,-7.0,-43.0
1776884841.5121028,0.0,-6.0,-38.0
1776884841.5221028,-3.0,-4.0,-32.0
1776884841.5321028,-4.0,0.0,-30.0
1776884841.5421028,0.0,5.0,-29.0
1776884841.5521028,0.0,1.0,-32.0
1776884841.5621028,0.0,1.0,-40.0
1776884841.5721028,3.0,0.0,-43.0
1776884841.5821028,5.0,0.0,-37.0
1776884841.5921028,9.0,0.0,-44.0
1776884841.6021028,8.0,0.0,-48.0
1776884841.6121027,5.0,0.0,-43.0
1776884841.6221027,8.0,0.0,-40.0
1776884841.6321027,10.0,-1.0,-40.0
1776884841.6421027,13.0,0.0,-43.0
1776884841.6521027,9.0,0.0,-36.0
1776884841.6621027,3.0,-1.0,-42.0
1776884841.6721027,2.0,0.0,-43.0
1776884841.682103,2.0,-1.0,-38.0
1776884841.692103,3.0,3.0,-31.0
1776884841.702103,6.0,3.0,-31.0
1776884841.712103,5.0,5.0,-30.0
1776884841.7221026,3.0,1.0,-39.0
1776884841.7321026,2.0,-2.0,-38.0
1776884841.7421026,3.0,1.0,-40.0
1776884841.7521029,-1.0,0.0,-45.0
1776884841.7621028,1.0,0.0,-44.0
1776884841.7721028,3.0,3.0,-47.0
1776884841.7821028,7.0,3.0,-50.0
1776884841.7921028,3.0,3.0,-43.0
1776884841.8021028,1.0,3.0,-41.0
1776884841.8121028,-4.0,0.0,-40.0
1776884841.8221028,-7.0,0.0,-47.0
1776884841.8321028,-2.0,-5.0,-51.0
1776884841.8421028,-1.0,-2.0,-61.0
1776884841.8521028,3.0,0.0,-63.0
1776884841.8621027,6.0,3.0,-54.0
1776884841.8721027,6.0,1.0,-48.0
1776884841.8821027,2.0,-2.0,-50.0
1776884841.8921027,8.0,-3.0,-49.0
1776884841.9021027,2.0,-4.0,-46.0
1776884841.9121027,-5.0,-3.0,-47.0
1776884841.9221027,-1.0,-2.0,-49.0
1776884841.932103,2.0,0.0,-50.0
1776884841.942103,-1.0,0.0,-52.0
1776884841.952103,-4.0,-1.0,-50.0
1776884841.962103,-4.0,-4.0,-46.0
1776884841.9721026,-4.0,-6.0,-39.0
1776884841.9821026,-3.0,-4.0,-37.0
1776884841.9921026,-1.0,-3.0,-37.0
1776884842.0021029,-4.0,-1.0,-36.0
1776884842.0121028,-3.0,-4.0,-32.0
1776884842.0221028,-3.0,-10.0,-39.0
1776884842.0321028,5.0,-7.0,-43.0
1776884842.0421028,3.0,-4.0,-44.0
1776884842.0521028,-3.0,-8.0,-39.0
1776884842.0621028,-3.0,-6.0,-38.0
1776884842.0721028,-2.0,-3.0,-36.0
1776884842.0821028,0.0,1.0,-38.0
1776884842.0921028,1.0,2.0,-44.0
1776884842.1021028,0.0,2.0,-45.0
1776884842.1121027,0.0,5.0,-41.0
1776884842.1221027,0.0,5.0,-49.0
1776884842.1321027,2.0,0.0,-58.0
1776884842.1421027,2.0,-2.0,-57.0
1776884842.1521027,2.0,-2.0,-58.0
1776884842.1621027,0.0,-5.0,-60.0
1776884842.1721027,-1.0,-7.0,-59.0
1776884842.182103,-1.0,-6.0,-56.0
1776884842.192103,0.0,-7.0,-54.0
1776884842.202103,0.0,-6.0,-50.0
1776884842.212103,0.0,-5.0,-50.0
1776884842.2221026,2.0,-9.0,-56.0
1776884842.2321026,4.0,-5.0,-52.0
1776884842.2421026,5.0,-6.0,-50.0
1776884842.2521029,5.0,-7.0,-50.0
1776884842.2621028,6.0,-7.0,-46.0
1776884842.2721028,5.0,-5.0,-43.0
1776884842.2821028,2.0,-9.0,-45.0
1776884842.2921028,0.0,-6.0,-47.0
1776884842.3021028,-4.0,-3.0,-51.0
1776884842.3121028,0.0,-2.0,-53.0
1776884842.3221028,0.0,-1.0,-56.0
1776884842.3321028,1.0,0.0,-58.0
1776884842.3421028,-8.0,-2.0,-50.0
1776884842.3521028,-8.0,-5.0,-38.0
1776884842.3621027,-4.0,0.0,-39.0
1776884842.3721027,-6.0,1.0,-37.0
1776884842.3821027,-3.0,0.0,-38.0
1776884842.3921027,-2.0,0.0,-42.0
1776884842.4021027,-1.0,0.0,-43.0
1776884842.4121027,5.0,-4.0,-44.0
1776884842.4221027,5.0,-2.0,-43.0
1776884842.432103,7.0,-1.0,-45.0
1776884842.442103,9.0,-2.0,-44.0
1776884842.452103,12.0,1.0,-46.0
1776884842.462103,9.0,1.0,-47.0
1776884842.4721026,1.0,0.0,-40.0
1776884842.4821026,-1.0,0.0,-42.0
1776884842.4921026,2.0,-2.0,-39.0
1776884842.5031028,-3.0,-2.0,-43.0
1776884842.5121028,-3.0,-3.0,-38.0
1776884842.5221028,-6.0,-1.0,-38.0
1776884842.5321028,0.0,0.0,-38.0
1776884842.5431027,0.0,-3.0,-43.0
1776884842.5531027,4.0,-1.0,-50.0
1776884842.5631027,2.0,-3.0,-54.0
1776884842.5731027,-2.0,-1.0,-45.0
1776884842.5831027,-9.0,0.0,-45.0
1776884842.5931027,-7.0,2.0,-43.0
1776884842.6031027,-2.0,2.0,-38.0
1776884842.613103,3.0,5.0,-35.0
1776884842.623103,4.0,0.0,-36.0
1776884842.633103,3.0,-1.0,-42.0
1776884842.6431026,8.0,0.0,-39.0
1776884842.6531026,3.0,0.0,-37.0
1776884842.6631026,3.0,-3.0,-45.0
1776884842.6731029,2.0,-6.0,-45.0
1776884842.6831028,2.0,-10.0,-44.0
1776884842.6931028,0.0,-11.0,-46.0
1776884842.7031028,2.0,-8.0,-49.0
1776884842.7131028,0.0,-8.0,-49.0
1776884842.7231028,0.0,-6.0,-52.0
1776884842.7331028,0.0,-5.0,-47.0
1776884842.7431028,-2.0,-2.0,-46.0
1776884842.7531028,-1.0,0.0,-50.0
1776884842.7631028,0.0,0.0,-53.0
1776884842.7731028,0.0,2.0,-54.0
1776884842.7831028,0.0,4.0,-56.0
1776884842.7931027,4.0,3.0,-50.0
1776884842.8031027,1.0,8.0,-45.0
1776884842.8131027,1.0,8.0,-37.0
1776884842.8231027,0.0,5.0,-35.0
1776884842.8331027,4.0,4.0,-38.0
1776884842.8431027,2.0,4.0,-39.0
1776884842.8531027,1.0,5.0,-38.0
1776884842.863103,1.0,5.0,-43.0
1776884842.873103,2.0,0.0,-40.0
1776884842.883103,3.0,0.0,-44.0
1776884842.8931026,2.0,0.0,-43.0
1776884842.9031026,-1.0,-3.0,-35.0
1776884842.9131026,0.0,-4.0,-36.0
1776884842.9231029,0.0,0.0,-41.0
1776884842.9331028,0.0,1.0,-42.0
1776884842.9431028,5.0,0.0,-48.0
1776884842.9531028,5.0,0.0,-48.0
1776884842.9631028,5.0,0.0,-47.0
1776884842.9731028,4.0,3.0,-51.0
1776884842.9831028,3.0,2.0,-48.0
1776884842.9931028,4.0,0.0,-46.0
1776884843.0031028,-1.0,1.0,-43.0
1776884843.0131028,-2.0,1.0,-49.0
1776884843.0231028,0.0,2.0,-52.0
1776884843.0331028,1.0,4.0,-44.0
1776884843.0431027,3.0,1.0,-44.0
1776884843.0531027,1.0,0.0,-47.0
1776884843.0631027,1.0,-1.0,-54.0
1776884843.0731027,5.0,4.0,-50.0
1776884843.0831027,2.0,4.0,-40.0
1776884843.0931027,3.0,0.0,-36.0
1776884843.1031027,6.0,-1.0,-39.0
1776884843.113103,1.0,0.0,-42.0
1776884843.123103,0.0,1.0,-48.0
1776884843.133103,2.0,0.0,-46.0
1776884843.1431026,4.0,-1.0,-46.0
1776884843.1531026,2.0,1.0,-45.0
1776884843.1631026,0.0,0.0,-49.0
1776884843.1731029,-4.0,-1.0,-42.0
1776884843.1831028,-8.0,-2.0,-41.0
1776884843.1931028,-10.0,-2.0,-42.0
1776884843.2031028,-14.0,-2.0,-45.0
1776884843.2131028,-13.0,0.0,-42.0
1776884843.2231028,-9.0,0.0,-42.0
1776884843.2331028,-2.0,0.0,-47.0
1776884843.2431028,-1.0,-2.0,-48.0
1776884843.2531028,0.0,-1.0,-44.0
1776884843.2631028,0.0,-1.0,-45.0
1776884843.2731028,1.0,-3.0,-53.0
1776884843.2831028,2.0,-6.0,-48.0
1776884843.2931027,0.0,-4.0,-45.0
1776884843.3031027,0.0,-1.0,-44.0
1776884843.3131027,-6.0,-3.0,-43.0
1776884843.3231027,-2.0,-5.0,-40.0
1776884843.3331027,-2.0,-4.0,-40.0
1776884843.3431027,0.0,-1.0,-42.0
1776884843.3531027,4.0,-1.0,-45.0
1776884843.363103,4.0,-4.0,-45.0
1776884843.373103,5.0,-4.0,-51.0
1776884843.383103,8.0,-5.0,-52.0
1776884843.3931026,3.0,-2.0,-37.0
1776884843.4031026,3.0,-2.0,-38.0
1776884843.4131026,4.0,-2.0,-43.0
1776884843.4231029,-2.0,-4.0,-49.0
1776884843.4331028,0.0,-5.0,-47.0
1776884843.4431028,0.0,-3.0,-44.0
1776884843.4531028,6.0,-7.0,-43.0
1776884843.4631028,10.0,-7.0,-50.0
1776884843.4731028,9.0,-6.0,-56.0
1776884843.4831028,10.0,-5.0,-54.0
1776884843.4931028,8.0,-7.0,-61.0
1776884843.5031028,5.0,-8.0,-54.0
1776884843.5131028,-2.0,-8.0,-52.0
1776884843.5231028,-2.0,-5.0,-55.0
1776884843.5331028,-2.0,-4.0,-52.0
1776884843.5431027,-1.0,-1.0,-54.0
1776884843.5531027,-1.0,0.0,-51.0
1776884843.5631027,-5.0,0.0,-50.0
1776884843.5731027,-5.0,1.0,-48.0
1776884843.5831027,-4.0,0.0,-45.0
1776884843.5931027,0.0,1.0,-44.0
1776884843.6031027,2.0,-1.0,-50.0
1776884843.613103,0.0,0.0,-52.0
1776884843.623103,1.0,0.0,-42.0
1776884843.633103,-4.0,0.0,-35.0
1776884843.6431026,-3.0,0.0,-38.0
1776884843.6531026,-5.0,1.0,-39.0
1776884843.6631026,-4.0,0.0,-46.0
1776884843.6731029,-5.0,-1.0,-51.0
1776884843.6831028,-1.0,-6.0,-55.0
1776884843.6931028,2.0,-5.0,-51.0
1776884843.7031028,2.0,-7.0,-43.0
1776884843.7131028,3.0,-6.0,-43.0
1776884843.7231028,2.0,-2.0,-44.0
1776884843.7331028,-3.0,-3.0,-41.0
1776884843.7431028,-1.0,-2.0,-36.0
1776884843.7531028,0.0,-2.0,-38.0
1776884843.7631028,3.0,-2.0,-39.0
1776884843.7731028,7.0,0.0,-34.0
1776884843.7831028,6.0,1.0,-44.0
1776884843.7931027,2.0,1.0,-44.0
1776884843.8031027,0.0,1.0,-48.0
1776884843.8131027,-1.0,0.0,-44.0
1776884843.8231027,-2.0,2.0,-44.0
1776884843.8331027,-4.0,0.0,-39.0
1776884843.8431027,-5.0,1.0,-42.0
1776884843.8531027,-10.0,1.0,-42.0
1776884843.863103,-8.0,-2.0,-36.0
1776884843.873103,-4.0,-4.0,-36.0
1776884843.883103,-5.0,-7.0,-39.0
1776884843.8931026,-4.0,-7.0,-48.0
1776884843.9031026,-3.0,-3.0,-47.0
1776884843.9131026,1.0,-2.0,-45.0
1776884843.9231029,2.0,-3.0,-52.0
1776884843.9341028,6.0,0.0,-57.0
1776884843.9431028,5.0,0.0,-47.0
1776884843.9531028,6.0,-5.0,-43.0
1776884843.9631028,4.0,-7.0,-41.0
1776884843.9731028,1.0,-11.0,-42.0
1776884843.9831028,-4.0,-8.0,-42.0
1776884843.9931028,-6.0,-7.0,-46.0
1776884844.0031028,0.0,-8.0,-51.0
1776884844.0131028,-3.0,-7.0,-60.0
1776884844.0231028,-7.0,-5.0,-54.0
1776884844.0331028,-8.0,0.0,-53.0
1776884844.0431027,-6.0,0.0,-51.0
1776884844.0531027,-2.0,-1.0,-47.0
1776884844.0631027,-1.0,0.0,-49.0
1776884844.0731027,-2.0,1.0,-48.0
1776884844.0831027,-4.0,2.0,-48.0
1776884844.0931027,-5.0,0.0,-46.0
1776884844.1031027,-4.0,-2.0,-46.0
1776884844.113103,-3.0,0.0,-45.0
1776884844.123103,1.0,-4.0,-49.0
1776884844.133103,0.0,-5.0,-49.0
1776884844.1431026,-1.0,-6.0,-50.0
1776884844.1531026,0.0,-3.0,-51.0
1776884844.1631026,0.0,-6.0,-55.0
1776884844.1731029,0.0,-6.0,-49.0
1776884844.1831028,0.0,-3.0,-45.0
1776884844.1931028,-1.0,-7.0,-39.0
1776884844.2031028,-1.0,-8.0,-38.0
1776884844.2131028,3.0,-6.0,-33.0
1776884844.2231028,1.0,-4.0,-37.0
1776884844.2331028,2.0,-4.0,-46.0
1776884844.2431028,1.0,-7.0,-46.0
1776884844.2531028,4.0,-6.0,-41.0
1776884844.2631028,4.0,-4.0,-36.0
1776884844.2731028,1.0,-3.0,-35.0
1776884844.2831028,0.0,-3.0,-42.0
1776884844.2931027,0.0,-5.0,-46.0
1776884844.3031027,1.0,-4.0,-45.0
1776884844.3131027,1.0,-4.0,-43.0
1776884844.3231027,-3.0,0.0,-47.0
1776884844.3331027,-6.0,-2.0,-40.0
1776884844.3431027,-5.0,-1.0,-37.0
1776884844.3531027,-6.0,-1.0,-34.0
1776884844.363103,-1.0,-1.0,-40.0
1776884844.373103,-1.0,-3.0,-44.0
1776884844.383103,0.0,-2.0,-48.0
1776884844.3931026,0.0,-2.0,-50.0
1776884844.4031026,1.0,-1.0,-50.0
1776884844.4131026,0.0,-5.0,-50.0
1776884844.4231029,1.0,-5.0,-46.0
1776884844.4331028,0.0,-2.0,-49.0
1776884844.4431028,-3.0,-1.0,-48.0
1776884844.4541028,-4.0,-1.0,-47.0
1776884844.4631028,0.0,-2.0,-39.0
1776884844.4731028,3.0,-1.0,-43.0
1776884844.4831028,5.0,-2.0,-43.0
1776884844.4941027,2.0,-5.0,-47.0
1776884844.5031028,2.0,-6.0,-43.0
1776884844.5141027,4.0,-6.0,-51.0
1776884844.5241027,6.0,-6.0,-47.0
1776884844.534103,7.0,-2.0,-47.0
1776884844.544103,0.0,0.0,-44.0
1776884844.554103,1.0,3.0,-46.0
1776884844.5641026,1.0,7.0,-50.0
1776884844.5741026,0.0,5.0,-51.0
1776884844.5841026,0.0,3.0,-47.0
1776884844.5941026,-1.0,1.0,-45.0
1776884844.6041028,0.0,5.0,-47.0
1776884844.6141028,-2.0,0.0,-49.0
1776884844.6241028,1.0,0.0,-48.0
1776884844.6341028,4.0,2.0,-44.0
1776884844.6441028,0.0,2.0,-44.0
1776884844.6541028,0.0,2.0,-41.0
1776884844.6641028,4.0,1.0,-43.0
1776884844.6741028,3.0,0.0,-36.0
1776884844.6841028,2.0,3.0,-39.0
1776884844.6941028,-1.0,5.0,-43.0
1776884844.7041028,-1.0,1.0,-48.0
1776884844.7141027,-1.0,0.0,-46.0
1776884844.7241027,0.0,-4.0,-44.0
1776884844.7341027,-3.0,-6.0,-44.0
1776884844.7441027,-4.0,-4.0,-39.0
1776884844.7541027,-3.0,-5.0,-36.0
1776884844.7641027,-4.0,-5.0,-38.0
1776884844.7741027,-4.0,-5.0,-35.0
1776884844.784103,-2.0,-2.0,-41.0
1776884844.794103,0.0,-6.0,-41.0
1776884844.804103,4.0,-5.0,-44.0
1776884844.8141026,8.0,-4.0,-41.0
1776884844.8241026,8.0,-4.0,-43.0
1776884844.8341026,2.0,-6.0,-41.0
1776884844.8441026,-3.0,-1.0,-40.0
1776884844.8541028,4.0,0.0,-35.0
1776884844.8641028,4.0,-2.0,-38.0
1776884844.8741028,4.0,-3.0,-38.0
1776884844.8841028,6.0,-5.0,-39.0
1776884844.8941028,10.0,-3.0,-38.0
1776884844.9041028,8.0,-2.0,-47.0
1776884844.9141028,9.0,-5.0,-45.0
1776884844.9241028,9.0,-4.0,-37.0
1776884844.9341028,9.0,-3.0,-33.0
1776884844.9441028,9.0,3.0,-34.0
1776884844.9541028,5.0,4.0,-34.0
1776884844.9641027,6.0,9.0,-33.0
1776884844.9741027,7.0,4.0,-33.0
1776884844.9841027,6.0,0.0,-33.0
1776884844.9941027,5.0,-3.0,-34.0
1776884845.0041027,7.0,-1.0,-38.0
1776884845.0141027,1.0,-1.0,-52.0
1776884845.0241027,2.0,-2.0,-54.0
1776884845.034103,-4.0,0.0,-59.0
1776884845.044103,-3.0,-2.0,-58.0
1776884845.054103,-3.0,-3.0,-52.0
1776884845.0641026,-5.0,0.0,-49.0
1776884845.0741026,-2.0,-1.0,-46.0
1776884845.0841026,-4.0,0.0,-41.0
1776884845.0941026,-1.0,5.0,-46.0
1776884845.1041028,3.0,2.0,-46.0
1776884845.1141028,7.0,0.0,-44.0
1776884845.1241028,5.0,-6.0,-42.0
1776884845.1341028,1.0,-4.0,-44.0
1776884845.1441028,-2.0,0.0,-49.0
1776884845.1541028,2.0,-1.0,-48.0
1776884845.1641028,5.0,-2.0,-55.0
1776884845.1741028,4.0,0.0,-54.0
1776884845.1841028,5.0,-5.0,-52.0
1776884845.1941028,5.0,-4.0,-50.0
1776884845.2041028,2.0,-3.0,-42.0
1776884845.2141027,1.0,-4.0,-44.0
1776884845.2241027,0.0,-7.0,-46.0
1776884845.2341027,-3.0,-7.0,-39.0
1776884845.2441027,-1.0,-9.0,-38.0
1776884845.2541027,1.0,-7.0,-36.0
1776884845.2641027,-1.0,-3.0,-36.0
1776884845.2741027,-6.0,-2.0,-42.0
1776884845.284103,-6.0,-1.0,-39.0
1776884845.294103,-2.0,0.0,-40.0
1776884845.304103,0.0,2.0,-36.0
1776884845.3141026,2.0,2.0,-39.0
1776884845.3241026,1.0,0.0,-45.0
1776884845.3341026,-3.0,-2.0,-44.0
1776884845.3441026,0.0,-4.0,-45.0
1776884845.3541028,-2.0,-1.0,-42.0
1776884845.3641028,-6.0,0.0,-39.0
1776884845.3741028,-2.0,-4.0,-40.0
1776884845.3841028,0.0,-9.0,-38.0
1776884845.3941028,-3.0,-9.0,-38.0
1776884845.4041028,-3.0,-4.0,-41.0
1776884845.4141028,-4.0,-5.0,-43.0
1776884845.4241028,-2.0,-6.0,-37.0
1776884845.4341028,-2.0,-6.0,-40.0
1776884845.4441028,1.0,-2.0,-46.0
1776884845.4541028,1.0,-2.0,-43.0
1776884845.4641027,6.0,0.0,-43.0
1776884845.4741027,6.0,-1.0,-39.0
1776884845.4841027,3.0,0.0,-39.0
1776884845.4941027,1.0,-1.0,-44.0
1776884845.5041027,0.0,-2.0,-47.0
1776884845.5141027,0.0,-3.0,-41.0
1776884845.5241027,-1.0,-4.0,-43.0
1776884845.534103,0.0,-4.0,-44.0
1776884845.544103,6.0,-4.0,-39.0
1776884845.554103,4.0,-3.0,-42.0
1776884845.5641026,6.0,-2.0,-42.0
1776884845.5741026,6.0,-2.0,-41.0
1776884845.5841026,4.0,-3.0,-40.0
1776884845.5941026,5.0,-4.0,-42.0
1776884845.6041028,4.0,-4.0,-40.0
1776884845.6141028,4.0,-3.0,-40.0
1776884845.6241028,4.0,0.0,-49.0
1776884845.6341028,6.0,-2.0,-46.0
1776884845.6441028,0.0,-2.0,-42.0
1776884845.6541028,-4.0,-3.0,-42.0
1776884845.6641028,-3.0,-5.0,-44.0
1776884845.6741028,-2.0,-3.0,-47.0
1776884845.6841028,0.0,-2.0,-43.0
1776884845.6941028,2.0,-6.0,-48.0
1776884845.7041028,0.0,-7.0,-47.0
1776884845.7141027,3.0,-3.0,-52.0
1776884845.7241027,1.0,-2.0,-48.0
1776884845.7341027,0.0,-3.0,-45.0
1776884845.7441027,-3.0,-2.0,-49.0
1776884845.7541027,-2.0,-3.0,-54.0
1776884845.7641027,-1.0,-3.0,-58.0
1776884845.7741027,0.0,-2.0,-60.0
1776884845.784103,0.0,0.0,-55.0
1776884845.794103,0.0,-3.0,-47.0
1776884845.804103,0.0,-5.0,-47.0
1776884845.8141026,-1.0,-5.0,-52.0
1776884845.8241026,0.0,-6.0,-54.0
1776884845.8341026,-3.0,-7.0,-53.0
1776884845.8441026,-4.0,-6.0,-51.0
1776884845.8541028,-2.0,-10.0,-44.0
1776884845.8641028,5.0,-10.0,-40.0
1776884845.8741028,6.0,-8.0,-40.0
1776884845.8841028,7.0,-5.0,-40.0
1776884845.8941028,3.0,-6.0,-40.0
1776884845.9041028,1.0,-5.0,-47.0
1776884845.9141028,1.0,-2.0,-43.0
1776884845.9241028,1.0,2.0,-44.0
1776884845.9341028,3.0,0.0,-51.0
1776884845.9441028,5.0,-3.0,-47.0
1776884845.9541028,6.0,-5.0,-44.0
1776884845.9641027,7.0,-5.0,-44.0
1776884845.9741027,5.0,-8.0,-44.0
1776884845.9841027,5.0,-11.0,-44.0
1776884845.9941027,5.0,-7.0,-43.0
1776884846.0041027,4.0,-9.0,-41.0
1776884846.0141027,0.0,-2.0,-42.0
1776884846.0241027,-4.0,1.0,-32.0
1776884846.034103,-5.0,4.0,-26.0
1776884846.044103,-3.0,3.0,-31.0
1776884846.054103,0.0,0.0,-37.0
1776884846.0641026,1.0,-5.0,-44.0
1776884846.0741026,6.0,-4.0,-46.0
1776884846.0841026,7.0,-3.0,-40.0
1776884846.0941026,2.0,-4.0,-41.0
1776884846.1041028,3.0,-2.0,-42.0
1776884846.1141028,3.0,-2.0,-40.0
1776884846.1241028,2.0,-2.0,-41.0
1776884846.1341028,4.0,4.0,-46.0
1776884846.1441028,2.0,0.0,-49.0
1776884846.1541028,1.0,0.0,-44.0
1776884846.1641028,0.0,-1.0,-41.0
1776884846.1741028,0.0,0.0,-38.0
1776884846.1841028,-2.0,-1.0,-41.0
1776884846.1941028,0.0,0.0,-41.0
1776884846.2041028,0.0,-1.0,-39.0
1776884846.2141027,6.0,0.0,-39.0
1776884846.2241027,10.0,1.0,-45.0
1776884846.2341027,1.0,-1.0,-45.0
1776884846.2441027,8.0,-4.0,-44.0
1776884846.2541027,6.0,-6.0,-41.0
1776884846.2641027,5.0,-8.0,-38.0
1776884846.2741027,5.0,-10.0,-36.0
1776884846.284103,1.0,-8.0,-34.0
1776884846.294103,-3.0,-7.0,-38.0
1776884846.304103,-2.0,-4.0,-40.0
1776884846.3141026,-4.0,-2.0,-39.0
1776884846.3241026,-5.0,-4.0,-45.0
1776884846.3341026,-5.0,-2.0,-48.0
1776884846.3441026,-11.0,-4.0,-47.0
1776884846.3541028,-11.0,2.0,-40.0
1776884846.3641028,-12.0,3.0,-43.0
1776884846.3741028,-8.0,0.0,-46.0
1776884846.3841028,-8.0,-3.0,-46.0
1776884846.3941028,-7.0,-1.0,-42.0
1776884846.4041028,-5.0,0.0,-46.0
1776884846.4141028,-5.0,-1.0,-46.0
1776884846.4241028,-4.0,1.0,-45.0
1776884846.4341028,-7.0,0.0,-50.0
1776884846.4451027,-8.0,0.0,-52.0
1776884846.4541028,-11.0,-3.0,-57.0
1776884846.465103,-8.0,-1.0,-58.0
1776884846.475103,-5.0,3.0,-52.0
1776884846.485103,-2.0,2.0,-54.0
1776884846.4951026,-4.0,-4.0,-51.0
1776884846.5051026,0.0,-4.0,-56.0
1776884846.5151026,0.0,-5.0,-56.0
1776884846.5251029,0.0,-6.0,-52.0
1776884846.5351028,0.0,-4.0,-49.0
1776884846.5451028,0.0,-1.0,-50.0
1776884846.5551028,2.0,0.0,-46.0
1776884846.5651028,7.0,1.0,-45.0
1776884846.5751028,5.0,3.0,-42.0
1776884846.5851028,7.0,1.0,-40.0
1776884846.5951028,2.0,0.0,-39.0
1776884846.6051028,1.0,1.0,-34.0
1776884846.6151028,-2.0,0.0,-39.0
1776884846.6251028,-4.0,0.0,-42.0
1776884846.6351027,-1.0,0.0,-51.0
1776884846.6451027,1.0,-2.0,-55.0
1776884846.6551027,-3.0,0.0,-51.0
1776884846.6651027,-3.0,-3.0,-46.0
1776884846.6751027,2.0,0.0,-39.0
1776884846.6851027,0.0,-1.0,-38.0
1776884846.6951027,-5.0,0.0,-43.0
1776884846.7051027,-2.0,-1.0,-44.0
1776884846.715103,2.0,2.0,-40.0
1776884846.725103,3.0,2.0,-43.0
1776884846.735103,1.0,1.0,-46.0
1776884846.7451026,3.0,2.0,-48.0
1776884846.7551026,2.0,-2.0,-46.0
1776884846.7651026,4.0,0.0,-40.0
1776884846.7751029,4.0,1.0,-40.0
1776884846.7851028,10.0,1.0,-46.0
1776884846.7951028,9.0,1.0,-47.0
1776884846.8051028,10.0,0.0,-46.0
1776884846.8151028,9.0,-1.0,-52.0
1776884846.8251028,4.0,-4.0,-52.0
1776884846.8351028,2.0,-4.0,-51.0
1776884846.8451028,3.0,-4.0,-51.0
1776884846.8551028,0.0,-1.0,-46.0
1776884846.8651028,0.0,3.0,-41.0
1776884846.8751028,0.0,1.0,-39.0
1776884846.8851027,-4.0,0.0,-33.0
1776884846.8951027,-2.0,1.0,-38.0
1776884846.9051027,-4.0,0.0,-38.0
1776884846.9151027,-7.0,2.0,-39.0
1776884846.9251027,-4.0,-2.0,-37.0
1776884846.9351027,1.0,-7.0,-41.0
1776884846.9451027,2.0,-7.0,-38.0
1776884846.9551027,4.0,-5.0,-36.0
1776884846.965103,3.0,-8.0,-36.0
1776884846.975103,-2.0,-6.0,-36.0
1776884846.985103,0.0,-8.0,-40.0
1776884846.9951026,1.0,-4.0,-38.0
1776884847.0051026,4.0,-5.0,-38.0
1776884847.0151026,0.0,0.0,-42.0
1776884847.0251029,0.0,4.0,-37.0
1776884847.0351028,3.0,1.0,-40.0
1776884847.0451028,1.0,0.0,-37.0
1776884847.0551028,4.0,-1.0,-43.0
1776884847.0651028,0.0,0.0,-47.0
1776884847.0751028,2.0,0.0,-46.0
1776884847.0851028,0.0,-5.0,-46.0
1776884847.0951028,1.0,-5.0,-49.0
1776884847.1051028,7.0,0.0,-53.0
1776884847.1151028,6.0,4.0,-59.0
1776884847.1251028,1.0,0.0,-56.0
1776884847.1351027,1.0,0.0,-56.0
1776884847.1451027,2.0,0.0,-56.0
1776884847.1551027,1.0,-5.0,-57.0
1776884847.1651027,0.0,-4.0,-56.0
1776884847.1751027,0.0,-3.0,-55.0
1776884847.1851027,-1.0,-6.0,-49.0
1776884847.1951027,0.0,-5.0,-47.0
1776884847.2051027,2.0,-2.0,-48.0
1776884847.215103,0.0,1.0,-45.0
1776884847.225103,0.0,-3.0,-45.0
1776884847.235103,-2.0,-5.0,-51.0
1776884847.2451026,-7.0,-5.0,-48.0
1776884847.2551026,-2.0,-3.0,-46.0
1776884847.2651026,3.0,-5.0,-48.0
1776884847.2751029,0.0,-1.0,-53.0
1776884847.2851028,4.0,-4.0,-57.0
1776884847.2951028,5.0,-5.0,-54.0
1776884847.3051028,8.0,-6.0,-55.0
1776884847.3151028,6.0,-3.0,-54.0
1776884847.3251028,6.0,-7.0,-56.0
1776884847.3351028,10.0,-3.0,-52.0
1776884847.3451028,11.0,-3.0,-48.0
1776884847.3551028,12.0,0.0,-44.0
1776884847.3651028,15.0,4.0,-41.0
1776884847.3751028,11.0,0.0,-39.0
1776884847.3851027,10.0,2.0,-35.0
1776884847.3951027,6.0,4.0,-34.0
1776884847.4051027,5.0,2.0,-35.0
1776884847.4151027,0.0,2.0,-34.0
1776884847.4251027,-1.0,4.0,-40.0
1776884847.4351027,-3.0,4.0,-40.0
1776884847.4451027,0.0,2.0,-49.0
1776884847.4551027,1.0,1.0,-49.0
1776884847.465103,-1.0,-2.0,-50.0
1776884847.475103,-2.0,0.0,-43.0
1776884847.485103,-3.0,0.0,-41.0
1776884847.4951026,-3.0,2.0,-38.0
1776884847.5051026,-1.0,2.0,-36.0
1776884847.5151026,1.0,0.0,-40.0
1776884847.5251029,7.0,-1.0,-44.0
1776884847.5351028,3.0,-8.0,-40.0
1776884847.5451028,0.0,-11.0,-35.0
1776884847.5551028,0.0,-10.0,-29.0
1776884847.5651028,2.0,-8.0,-34.0
1776884847.5751028,2.0,-4.0,-32.0
1776884847.5851028,1.0,0.0,-31.0
1776884847.5951028,0.0,-2.0,-23.0
1776884847.6051028,0.0,-3.0,-31.0
1776884847.6151028,0.0,-9.0,-35.0
1776884847.6251028,0.0,-12.0,-43.0
1776884847.6351027,0.0,-11.0,-41.0
1776884847.6451027,-1.0,-8.0,-42.0
1776884847.6551027,0.0,-4.0,-41.0
1776884847.6651027,-2.0,-2.0,-44.0
1776884847.6751027,-2.0,-4.0,-48.0
1776884847.6851027,-2.0,-2.0,-56.0
1776884847.6951027,-2.0,-6.0,-57.0
1776884847.7051027,-1.0,-4.0,-51.0
1776884847.715103,3.0,-3.0,-55.0
1776884847.725103,0.0,-2.0,-54.0
1776884847.735103,2.0,-1.0,-48.0
1776884847.7451026,1.0,-1.0,-52.0
1776884847.7551026,-2.0,1.0,-51.0
1776884847.7651026,0.0,-2.0,-52.0
1776884847.7751029,0.0,-2.0,-51.0
1776884847.7851028,2.0,-2.0,-54.0
1776884847.7951028,2.0,0.0,-48.0
1776884847.8051028,0.0,0.0,-51.0
1776884847.8151028,1.0,2.0,-50.0
1776884847.8251028,-3.0,0.0,-44.0
1776884847.8351028,-3.0,-2.0,-39.0
1776884847.8451028,-2.0,2.0,-46.0
1776884847.8551028,0.0,0.0,-47.0
1776884847.8651028,5.0,-5.0,-41.0
1776884847.8751028,6.0,-3.0,-40.0
1776884847.8851027,6.0,-1.0,-39.0
1776884847.8951027,6.0,1.0,-37.0
1776884847.9051027,2.0,0.0,-41.0
1776884847.9151027,3.0,3.0,-39.0
1776884847.9251027,4.0,3.0,-40.0
1776884847.9351027,10.0,3.0,-43.0
1776884847.9451027,5.0,1.0,-47.0
1776884847.9551027,0.0,0.0,-46.0
1776884847.965103,2.0,-3.0,-44.0
1776884847.975103,4.0,-2.0,-48.0
1776884847.985103,1.0,-2.0,-46.0
1776884847.9951026,-2.0,-2.0,-39.0
1776884848.0051026,3.0,-3.0,-45.0
1776884848.0151026,0.0,-5.0,-50.0
1776884848.0251029,1.0,-2.0,-45.0
1776884848.0351028,-1.0,-6.0,-42.0
1776884848.0451028,0.0,-1.0,-37.0
1776884848.0551028,2.0,-4.0,-40.0
1776884848.0651028,5.0,-4.0,-41.0
1776884848.0751028,2.0,-4.0,-36.0
1776884848.0851028,2.0,-7.0,-30.0
1776884848.0951028,8.0,-9.0,-41.0
1776884848.1051028,4.0,-4.0,-44.0
1776884848.1151028,1.0,-1.0,-45.0
1776884848.1251028,0.0,-3.0,-43.0
1776884848.1351027,0.0,-1.0,-45.0
1776884848.1451027,1.0,3.0,-47.0
1776884848.1551027,-1.0,7.0,-50.0
1776884848.1651027,0.0,5.0,-53.0
1776884848.1751027,3.0,4.0,-56.0
1776884848.1851027,2.0,1.0,-60.0
1776884848.1951027,2.0,3.0,-57.0
1776884848.2051027,1.0,0.0,-53.0
1776884848.215103,3.0,-4.0,-54.0
1776884848.225103,2.0,-2.0,-50.0
1776884848.235103,0.0,-1.0,-43.0
1776884848.2451026,1.0,-1.0,-38.0
1776884848.2551026,0.0,-2.0,-37.0
1776884848.2651026,1.0,-1.0,-40.0
1776884848.2751029,0.0,-1.0,-46.0
1776884848.2851028,-1.0,-5.0,-50.0
1776884848.2951028,0.0,-2.0,-47.0
1776884848.3051028,0.0,0.0,-52.0
1776884848.3151028,-3.0,0.0,-56.0
1776884848.3251028,-1.0,-1.0,-46.0
1776884848.3351028,0.0,0.0,-47.0
1776884848.3451028,2.0,-1.0,-47.0
1776884848.3551028,0.0,-8.0,-41.0
1776884848.3651028,1.0,-9.0,-44.0
1776884848.3751028,0.0,-11.0,-37.0
1776884848.3851027,0.0,-10.0,-31.0
1776884848.3951027,-2.0,-10.0,-36.0
1776884848.4051027,2.0,-7.0,-36.0
1776884848.4151027,0.0,-4.0,-38.0
1776884848.4251027,0.0,2.0,-36.0
1776884848.4351027,0.0,4.0,-41.0
1776884848.4461029,2.0,1.0,-43.0
1776884848.4561028,5.0,0.0,-44.0
1776884848.4661028,6.0,0.0,-40.0
1776884848.4761028,8.0,-2.0,-39.0
1776884848.485103,6.0,-6.0,-40.0
1776884848.4961028,1.0,-6.0,-43.0
1776884848.5061028,0.0,-3.0,-45.0
1776884848.5161028,0.0,-3.0,-47.0
1776884848.5261028,-1.0,-3.0,-51.0
1776884848.5361028,-2.0,0.0,-49.0
1776884848.5461028,-3.0,0.0,-47.0
1776884848.5561028,-1.0,0.0,-47.0
1776884848.5661027,-2.0,-2.0,-53.0
1776884848.5761027,-5.0,-4.0,-50.0
1776884848.5861027,2.0,-3.0,-47.0
1776884848.5961027,2.0,-3.0,-49.0
1776884848.6061027,-1.0,-4.0,-48.0
1776884848.6161027,0.0,-4.0,-43.0
1776884848.6261027,1.0,-8.0,-47.0
1776884848.636103,0.0,-8.0,-40.0
1776884848.646103,1.0,-5.0,-35.0
1776884848.656103,3.0,-4.0,-34.0
1776884848.6661026,5.0,-2.0,-38.0
1776884848.6761026,2.0,0.0,-36.0
1776884848.6861026,0.0,0.0,-37.0
1776884848.6961029,0.0,0.0,-36.0
1776884848.7061028,-1.0,-6.0,-42.0
1776884848.7161028,-3.0,-8.0,-42.0
1776884848.7261028,-1.0,-8.0,-43.0
1776884848.7361028,-4.0,-8.0,-46.0
1776884848.7461028,-4.0,-6.0,-45.0
1776884848.7561028,1.0,-4.0,-46.0
1776884848.7661028,3.0,0.0,-46.0
1776884848.7761028,4.0,4.0,-49.0
1776884848.7861028,6.0,0.0,-49.0
1776884848.7961028,5.0,0.0,-42.0
1776884848.8061028,4.0,-4.0,-41.0
1776884848.8161027,3.0,-2.0,-38.0
1776884848.8261027,6.0,-1.0,-31.0
1776884848.8361027,3.0,-1.0,-31.0
1776884848.8461027,4.0,0.0,-27.0
1776884848.8561027,1.0,0.0,-28.0
1776884848.8661027,4.0,-4.0,-27.0
1776884848.8761027,4.0,-4.0,-31.0
1776884848.886103,6.0,-3.0,-34.0
1776884848.896103,7.0,-1.0,-37.0
1776884848.906103,6.0,0.0,-44.0
1776884848.9161026,2.0,0.0,-46.0
1776884848.9261026,1.0,0.0,-44.0
1776884848.9361026,-3.0,0.0,-44.0
1776884848.9461029,0.0,0.0,-49.0
1776884848.9561028,2.0,3.0,-45.0
1776884848.9661028,0.0,0.0,-47.0
1776884848.9761028,1.0,-1.0,-52.0
1776884848.9861028,5.0,-3.0,-57.0
1776884848.9961028,6.0,-2.0,-54.0
1776884849.0061028,3.0,2.0,-52.0
1776884849.0161028,1.0,4.0,-52.0
1776884849.0261028,-1.0,2.0,-53.0
1776884849.0361028,-4.0,3.0,-56.0
1776884849.0461028,-5.0,4.0,-49.0
1776884849.0561028,-2.0,2.0,-46.0
1776884849.0661027,0.0,2.0,-47.0
1776884849.0761027,1.0,1.0,-51.0
1776884849.0861027,1.0,0.0,-56.0
1776884849.0961027,0.0,-1.0,-59.0
1776884849.1061027,0.0,1.0,-58.0
1776884849.1161027,-1.0,-2.0,-56.0
1776884849.1261027,-1.0,-2.0,-54.0
1776884849.136103,1.0,-4.0,-54.0
1776884849.146103,0.0,-3.0,-51.0
1776884849.156103,0.0,0.0,-47.0
1776884849.1661026,1.0,3.0,-42.0
1776884849.1761026,1.0,2.0,-53.0
1776884849.1861026,4.0,1.0,-54.0
1776884849.1961029,4.0,1.0,-57.0
1776884849.2061028,4.0,6.0,-53.0
1776884849.2161028,2.0,0.0,-50.0
1776884849.2261028,2.0,-1.0,-49.0
1776884849.2361028,1.0,-1.0,-47.0
1776884849.2461028,-1.0,0.0,-39.0
1776884849.2561028,-5.0,0.0,-40.0
1776884849.2661028,-5.0,-2.0,-43.0
1776884849.2761028,-8.0,0.0,-48.0
1776884849.2861028,-7.0,0.0,-51.0
1776884849.2961028,-1.0,0.0,-44.0
1776884849.3061028,-3.0,-3.0,-43.0
1776884849.3161027,-7.0,-3.0,-45.0
1776884849.3261027,-6.0,-2.0,-48.0
1776884849.3361027,-1.0,-5.0,-50.0
1776884849.3461027,-1.0,-10.0,-51.0
1776884849.3561027,-4.0,-8.0,-48.0
1776884849.3661027,-4.0,-5.0,-45.0
1776884849.3761027,-2.0,-5.0,-46.0
1776884849.386103,-1.0,-2.0,-39.0
1776884849.396103,1.0,0.0,-41.0
1776884849.406103,3.0,-1.0,-39.0
1776884849.4161026,3.0,0.0,-39.0
1776884849.4261026,9.0,0.0,-44.0
1776884849.4361026,10.0,0.0,-49.0
1776884849.4461029,11.0,0.0,-44.0
1776884849.4561028,6.0,-1.0,-41.0
1776884849.4661028,7.0,-1.0,-47.0
1776884849.4761028,2.0,-3.0,-44.0
1776884849.4861028,1.0,-3.0,-39.0
1776884849.4961028,-6.0,-3.0,-33.0
1776884849.5061028,-7.0,-5.0,-32.0
1776884849.5161028,-2.0,-7.0,-39.0
1776884849.5261028,0.0,-2.0,-42.0
1776884849.5361028,1.0,0.0,-40.0
1776884849.5461028,0.0,7.0,-48.0
1776884849.5561028,0.0,4.0,-48.0
1776884849.5661027,2.0,-1.0,-50.0
1776884849.5761027,2.0,-4.0,-55.0
1776884849.5861027,2.0,-3.0,-56.0
1776884849.5961027,4.0,-5.0,-55.0
1776884849.6061027,0.0,-4.0,-59.0
1776884849.6161027,1.0,-5.0,-60.0
1776884849.6271029,0.0,2.0,-61.0
1776884849.636103,0.0,3.0,-62.0
1776884849.646103,-3.0,1.0,-61.0
1776884849.656103,-2.0,-3.0,-59.0
1776884849.6661026,-6.0,-2.0,-55.0
1776884849.6761026,-5.0,-6.0,-52.0
1776884849.6861026,-3.0,-5.0,-51.0
1776884849.6961029,0.0,-3.0,-50.0
1776884849.7061028,0.0,0.0,-46.0
1776884849.7161028,0.0,-2.0,-42.0
1776884849.7261028,2.0,-3.0,-48.0
1776884849.7361028,3.0,-6.0,-48.0
1776884849.7461028,3.0,-4.0,-48.0
1776884849.7561028,1.0,-4.0,-45.0
1776884849.7661028,5.0,-1.0,-44.0
1776884849.7761028,3.0,-1.0,-42.0
1776884849.7861028,1.0,-1.0,-43.0
1776884849.7961028,0.0,-3.0,-47.0
1776884849.8061028,-4.0,0.0,-47.0
1776884849.8161027,-4.0,0.0,-44.0
1776884849.8261027,0.0,0.0,-39.0
1776884849.8361027,-1.0,0.0,-43.0
1776884849.8461027,-4.0,2.0,-40.0
1776884849.8561027,-5.0,0.0,-41.0
1776884849.8661027,-13.0,-2.0,-44.0
1776884849.8761027,-10.0,-3.0,-47.0
1776884849.886103,-7.0,-1.0,-45.0
1776884849.896103,-7.0,-2.0,-49.0
1776884849.906103,-6.0,-4.0,-53.0
1776884849.9161026,-8.0,-3.0,-51.0
1776884849.9261026,-9.0,-5.0,-46.0
1776884849.9361026,-5.0,-6.0,-46.0
1776884849.9461029,-5.0,-2.0,-50.0
1776884849.9561028,0.0,-1.0,-54.0
1776884849.9661028,2.0,-3.0,-48.0
1776884849.9761028,2.0,0.0,-45.0
1776884849.9861028,0.0,1.0,-41.0
1776884849.9961028,0.0,0.0,-44.0
1776884850.0061028,0.0,3.0,-44.0
1776884850.0161028,-2.0,2.0,-44.0
1776884850.0261028,-3.0,-2.0,-51.0
1776884850.0361028,-2.0,-3.0,-47.0
1776884850.0461028,-1.0,0.0,-53.0
1776884850.0561028,-1.0,-3.0,-58.0
1776884850.0661027,0.0,-2.0,-64.0
1776884850.0761027,-5.0,-7.0,-58.0
1776884850.0861027,-7.0,-9.0,-58.0
1776884850.0961027,-2.0,-10.0,-56.0
1776884850.1061027,2.0,-6.0,-51.0
1776884850.1161027,0.0,-6.0,-48.0
1776884850.1261027,1.0,-5.0,-46.0
1776884850.136103,2.0,-6.0,-43.0
1776884850.146103,4.0,-7.0,-45.0
1776884850.156103,3.0,-7.0,-48.0
1776884850.1661026,2.0,-8.0,-49.0
1776884850.1761026,0.0,-9.0,-50.0
1776884850.1861026,-3.0,-6.0,-51.0
1776884850.1961029,-9.0,-7.0,-43.0
1776884850.2061028,-5.0,-6.0,-43.0
1776884850.2161028,-7.0,-3.0,-40.0
1776884850.2261028,-7.0,-1.0,-40.0
1776884850.2361028,-5.0,-5.0,-34.0
1776884850.2461028,-6.0,-5.0,-36.0
1776884850.2561028,-3.0,-4.0,-39.0
1776884850.2661028,-1.0,-5.0,-37.0
1776884850.2761028,-1.0,-7.0,-39.0
1776884850.2861028,-2.0,-4.0,-40.0
1776884850.2961028,2.0,-4.0,-31.0
1776884850.3061028,3.0,-1.0,-22.0
1776884850.3161027,4.0,1.0,-29.0
1776884850.3261027,-3.0,0.0,-38.0
1776884850.3361027,0.0,1.0,-40.0
1776884850.3461027,2.0,0.0,-41.0
1776884850.3561027,-2.0,0.0,-44.0
1776884850.3661027,-3.0,-2.0,-48.0
1776884850.3761027,-3.0,0.0,-49.0
1776884850.386103,0.0,1.0,-46.0
1776884850.396103,3.0,-2.0,-44.0
1776884850.406103,4.0,-5.0,-47.0
1776884850.4171028,2.0,-3.0,-49.0
1776884850.4271028,3.0,-1.0,-48.0
1776884850.4371028,8.0,3.0,-44.0
1776884850.4471028,8.0,1.0,-41.0
1776884850.4571028,9.0,-1.0,-42.0
1776884850.4671028,1.0,0.0,-45.0
1776884850.4771028,-4.0,-1.0,-48.0
1776884850.4871027,-3.0,-5.0,-46.0
1776884850.4971027,0.0,-4.0,-50.0
1776884850.5071027,-6.0,-3.0,-50.0
1776884850.5171027,-5.0,-5.0,-43.0
1776884850.5271027,0.0,-5.0,-46.0
1776884850.5371027,1.0,-3.0,-46.0
1776884850.5471027,5.0,-6.0,-47.0
1776884850.557103,5.0,-2.0,-49.0
1776884850.567103,4.0,-1.0,-54.0
1776884850.577103,2.0,-3.0,-48.0
1776884850.587103,2.0,0.0,-48.0
1776884850.5971026,2.0,0.0,-54.0
1776884850.6071026,0.0,4.0,-53.0
1776884850.6171026,-2.0,0.0,-49.0
1776884850.6271029,-2.0,2.0,-45.0
1776884850.6371028,-1.0,1.0,-50.0
1776884850.6471028,0.0,0.0,-45.0
1776884850.6571028,-2.0,2.0,-36.0
1776884850.6671028,0.0,1.0,-32.0
1776884850.6771028,0.0,0.0,-40.0
1776884850.6871028,0.0,0.0,-33.0
1776884850.6971028,0.0,-1.0,-41.0
1776884850.7071028,0.0,-9.0,-36.0
1776884850.7171028,-2.0,-11.0,-36.0
1776884850.7271028,0.0,-9.0,-43.0
1776884850.7371027,-2.0,-10.0,-47.0
1776884850.7471027,-1.0,-11.0,-50.0
1776884850.7571027,-2.0,-10.0,-45.0
1776884850.7671027,-3.0,-10.0,-54.0
1776884850.7771027,-3.0,-15.0,-53.0
1776884850.7871027,0.0,-15.0,-52.0
1776884850.7971027,-1.0,-13.0,-57.0
1776884850.807103,-2.0,-12.0,-53.0
1776884850.817103,2.0,-11.0,-51.0
1776884850.827103,0.0,-7.0,-48.0
1776884850.837103,1.0,-3.0,-42.0
1776884850.8471026,1.0,-4.0,-47.0
1776884850.8571026,3.0,-4.0,-50.0
1776884850.8671026,2.0,-2.0,-50.0
1776884850.8771029,2.0,0.0,-49.0
1776884850.8871028,4.0,-3.0,-49.0
1776884850.8971028,3.0,0.0,-49.0
1776884850.9071028,4.0,2.0,-48.0
1776884850.9171028,3.0,-1.0,-57.0
1776884850.9271028,2.0,-3.0,-60.0
1776884850.9371028,-3.0,-2.0,-54.0
1776884850.9471028,-3.0,-3.0,-53.0
1776884850.9571028,-6.0,-2.0,-50.0
1776884850.9671028,-6.0,-7.0,-53.0
1776884850.9771028,-2.0,-9.0,-47.0
1776884850.9871027,-2.0,-9.0,-42.0
1776884850.9971027,-2.0,-7.0,-43.0
1776884851.0071027,0.0,-2.0,-38.0
1776884851.0171027,3.0,-2.0,-43.0
1776884851.0271027,1.0,-4.0,-47.0
1776884851.0371027,-1.0,-6.0,-54.0
1776884851.0471027,-1.0,-5.0,-52.0
1776884851.057103,2.0,-2.0,-46.0
1776884851.067103,6.0,-1.0,-44.0
1776884851.077103,9.0,-4.0,-40.0
1776884851.087103,9.0,-4.0,-37.0
1776884851.0971026,6.0,-7.0,-39.0
1776884851.1071026,6.0,-5.0,-37.0
1776884851.1171026,7.0,-7.0,-34.0
1776884851.1271029,8.0,-7.0,-27.0
1776884851.1371028,8.0,-6.0,-32.0
1776884851.1471028,6.0,-7.0,-40.0
1776884851.1571028,9.0,-10.0,-42.0
1776884851.1671028,10.0,-7.0,-41.0
1776884851.1771028,11.0,-8.0,-44.0
1776884851.1871028,8.0,-10.0,-50.0
1776884851.1971028,7.0,-7.0,-53.0
1776884851.2071028,-1.0,-4.0,-49.0
1776884851.2171028,-3.0,-8.0,-46.0
1776884851.2271028,-2.0,-7.0,-43.0
1776884851.2371027,-4.0,-5.0,-48.0
1776884851.2471027,-2.0,-5.0,-54.0
1776884851.2571027,-1.0,-4.0,-49.0
1776884851.2671027,1.0,-4.0,-46.0
1776884851.2771027,3.0,-2.0,-47.0
1776884851.2871027,2.0,0.0,-48.0
1776884851.2971027,-1.0,0.0,-48.0
1776884851.307103,-2.0,0.0,-49.0
1776884851.317103,-4.0,0.0,-47.0
1776884851.327103,-2.0,0.0,-51.0
1776884851.337103,-1.0,1.0,-53.0
1776884851.3471026,-3.0,1.0,-47.0
1776884851.3571026,-4.0,0.0,-44.0
1776884851.3671026,-3.0,-2.0,-41.0
1776884851.3771029,-1.0,-9.0,-45.0
1776884851.3871028,-3.0,-4.0,-44.0
1776884851.3971028,-6.0,-5.0,-42.0
1776884851.4071028,-5.0,-8.0,-42.0
1776884851.4171028,-8.0,-7.0,-39.0
1776884851.4271028,-7.0,-5.0,-45.0
1776884851.4371028,-6.0,-1.0,-49.0
1776884851.4471028,-5.0,-1.0,-47.0
1776884851.4571028,-6.0,0.0,-48.0
1776884851.4671028,-3.0,0.0,-55.0
1776884851.4771028,2.0,-3.0,-51.0
1776884851.4871027,1.0,-4.0,-50.0
1776884851.4971027,3.0,-6.0,-48.0
1776884851.5071027,6.0,-5.0,-47.0
1776884851.5171027,4.0,-4.0,-51.0
1776884851.5271027,2.0,-6.0,-55.0
1776884851.5371027,1.0,-4.0,-48.0
1776884851.5471027,1.0,-5.0,-51.0
1776884851.557103,-6.0,-5.0,-51.0
1776884851.567103,-12.0,-5.0,-49.0
1776884851.577103,-8.0,-6.0,-50.0
1776884851.587103,-5.0,-9.0,-54.0
1776884851.5971026,-2.0,-11.0,-53.0
1776884851.6071026,0.0,-9.0,-53.0
1776884851.6171026,-2.0,-5.0,-50.0
1776884851.6271029,-6.0,-1.0,-52.0
1776884851.6371028,-6.0,-1.0,-48.0
1776884851.6471028,-1.0,-2.0,-49.0
1776884851.6571028,0.0,0.0,-57.0
1776884851.6671028,0.0,2.0,-62.0
1776884851.6771028,-2.0,4.0,-55.0
1776884851.6871028,-4.0,8.0,-46.0
1776884851.6971028,-3.0,8.0,-45.0
1776884851.7071028,-2.0,8.0,-42.0
1776884851.7171028,1.0,2.0,-47.0
1776884851.7271028,3.0,4.0,-47.0
1776884851.7371027,1.0,4.0,-53.0
1776884851.7471027,0.0,3.0,-49.0
1776884851.7571027,1.0,3.0,-48.0
1776884851.7671027,3.0,1.0,-48.0
1776884851.7771027,4.0,1.0,-46.0
1776884851.7871027,4.0,1.0,-46.0
1776884851.7971027,7.0,-3.0,-40.0
1776884851.807103,7.0,-3.0,-38.0
1776884851.817103,8.0,-4.0,-34.0
1776884851.827103,8.0,-4.0,-33.0
1776884851.837103,10.0,-1.0,-39.0
1776884851.8471026,6.0,-3.0,-44.0
1776884851.8571026,3.0,0.0,-48.0
1776884851.8671026,4.0,2.0,-47.0
1776884851.8771029,7.0,0.0,-52.0
1776884851.8871028,5.0,3.0,-52.0
1776884851.8971028,-1.0,4.0,-49.0
1776884851.9071028,-2.0,2.0,-47.0
1776884851.9171028,-5.0,4.0,-45.0
1776884851.9271028,-9.0,3.0,-49.0
1776884851.9371028,-5.0,0.0,-44.0
1776884851.9471028,-4.0,0.0,-43.0
1776884851.9571028,-1.0,-4.0,-46.0
1776884851.9671028,0.0,-3.0,-53.0
1776884851.9771028,2.0,-5.0,-54.0
1776884851.9871027,0.0,-1.0,-51.0
1776884851.9971027,2.0,3.0,-51.0
1776884852.0071027,4.0,2.0,-50.0
1776884852.0171027,3.0,4.0,-50.0
1776884852.0271027,8.0,0.0,-48.0
1776884852.0371027,6.0,-3.0,-36.0
1776884852.0471027,7.0,-1.0,-35.0
1776884852.057103,9.0,-1.0,-45.0
1776884852.067103,10.0,-5.0,-44.0
1776884852.077103,6.0,-11.0,-40.0
1776884852.087103,12.0,-16.0,-43.0
1776884852.0971026,9.0,-14.0,-39.0
1776884852.1071026,5.0,-13.0,-44.0
1776884852.1171026,3.0,-12.0,-42.0
1776884852.1271029,4.0,-8.0,-40.0
1776884852.1371028,2.0,-11.0,-42.0
1776884852.1471028,6.0,-10.0,-43.0
1776884852.1571028,2.0,-8.0,-38.0
1776884852.1671028,0.0,-9.0,-38.0
1776884852.1771028,1.0,-6.0,-40.0
1776884852.1871028,3.0,-6.0,-41.0
1776884852.1971028,5.0,-8.0,-48.0
1776884852.2071028,0.0,-9.0,-46.0
1776884852.2171028,0.0,-7.0,-46.0
1776884852.2271028,0.0,-1.0,-48.0
1776884852.2371027,0.0,-1.0,-51.0
1776884852.2471027,1.0,-5.0,-55.0
1776884852.2571027,-1.0,-7.0,-51.0
1776884852.2671027,-1.0,-4.0,-45.0
1776884852.2771027,-5.0,-1.0,-47.0
1776884852.2871027,-7.0,-5.0,-51.0
1776884852.2971027,-4.0,-6.0,-47.0
1776884852.307103,-5.0,-4.0,-43.0
1776884852.317103,-6.0,-5.0,-47.0
1776884852.327103,-2.0,-7.0,-52.0
1776884852.337103,-1.0,-5.0,-54.0
1776884852.3471026,-1.0,-8.0,-52.0
1776884852.3571026,-2.0,-6.0,-54.0
1776884852.3671026,-1.0,-6.0,-51.0
1776884852.3781028,-3.0,-4.0,-50.0
1776884852.3881028,-6.0,-2.0,-49.0
1776884852.3981028,-4.0,0.0,-54.0
1776884852.4081028,-2.0,0.0,-54.0
1776884852.4181027,0.0,2.0,-45.0
1776884852.4281027,1.0,0.0,-45.0
1776884852.4381027,-1.0,-4.0,-46.0
1776884852.4481027,-4.0,-4.0,-42.0
1776884852.4581027,-4.0,-3.0,-50.0
1776884852.4681027,-3.0,-1.0,-58.0
1776884852.4781027,1.0,-2.0,-55.0
1776884852.488103,-3.0,-3.0,-52.0
1776884852.498103,-2.0,-2.0,-49.0
1776884852.508103,-5.0,-1.0,-51.0
1776884852.5181026,-5.0,-2.0,-56.0
1776884852.5281026,-5.0,-4.0,-56.0
1776884852.5381026,-8.0,-3.0,-53.0
1776884852.5481029,-8.0,-3.0,-45.0
1776884852.5581028,-12.0,-1.0,-52.0
1776884852.5681028,-11.0,0.0,-52.0
1776884852.5781028,-3.0,0.0,-44.0
1776884852.5881028,3.0,0.0,-39.0
1776884852.5981028,3.0,1.0,-39.0
1776884852.6081028,2.0,0.0,-38.0
1776884852.6181028,5.0,0.0,-36.0
1776884852.6281028,6.0,0.0,-39.0
1776884852.6381028,6.0,0.0,-42.0
1776884852.6481028,6.0,0.0,-40.0
1776884852.6581028,3.0,-3.0,-44.0
1776884852.6681027,3.0,-3.0,-56.0
1776884852.6781027,0.0,-5.0,-57.0
1776884852.6881027,3.0,-5.0,-56.0
1776884852.6981027,5.0,-2.0,-52.0
1776884852.7081027,3.0,-4.0,-51.0
1776884852.7181027,0.0,-2.0,-45.0
1776884852.7281027,0.0,0.0,-39.0
1776884852.738103,4.0,-2.0,-44.0
1776884852.748103,5.0,2.0,-49.0
1776884852.758103,3.0,4.0,-49.0
1776884852.7681026,2.0,3.0,-48.0
1776884852.7781026,5.0,2.0,-50.0
1776884852.7881026,2.0,3.0,-48.0
1776884852.7981029,0.0,1.0,-47.0
1776884852.8081028,3.0,0.0,-46.0
1776884852.8181028,0.0,-3.0,-47.0
1776884852.8281028,0.0,-2.0,-45.0
1776884852.8381028,1.0,-3.0,-49.0
1776884852.8481028,3.0,-5.0,-47.0
1776884852.8581028,3.0,-5.0,-46.0
1776884852.8681028,2.0,-1.0,-44.0
1776884852.8781028,4.0,-3.0,-52.0
1776884852.8881028,2.0,-5.0,-51.0
1776884852.8981028,2.0,-2.0,-50.0
1776884852.9081028,2.0,-3.0,-53.0
1776884852.9181027,1.0,-2.0,-53.0
1776884852.9281027,0.0,-1.0,-43.0
1776884852.9381027,1.0,1.0,-42.0
1776884852.9481027,-3.0,-3.0,-53.0
1776884852.9581027,-2.0,-4.0,-49.0
1776884852.9681027,0.0,-7.0,-47.0
1776884852.9781027,-2.0,-7.0,-43.0
1776884852.988103,-2.0,-6.0,-40.0
1776884852.998103,-2.0,-7.0,-41.0
1776884853.008103,-3.0,-2.0,-45.0
1776884853.0181026,-4.0,-2.0,-48.0
1776884853.0281026,-2.0,0.0,-50.0
1776884853.0381026,-2.0,-5.0,-52.0
1776884853.0481029,-2.0,-4.0,-50.0
1776884853.0581028,0.0,-1.0,-50.0
1776884853.0681028,4.0,-2.0,-55.0
1776884853.0781028,3.0,-1.0,-52.0
1776884853.0881028,-1.0,-4.0,-49.0
1776884853.0981028,0.0,-3.0,-43.0
1776884853.1081028,0.0,-4.0,-41.0
1776884853.1181028,-5.0,-5.0,-33.0
1776884853.1281028,-4.0,-6.0,-40.0
1776884853.1381028,-4.0,-7.0,-37.0
1776884853.1481028,-4.0,-4.0,-41.0
1776884853.1581028,-7.0,-6.0,-41.0
1776884853.1681027,-3.0,-2.0,-39.0
1776884853.1781027,-4.0,0.0,-42.0
1776884853.1881027,-3.0,-2.0,-47.0
1776884853.1981027,2.0,-4.0,-50.0
1776884853.2081027,0.0,-4.0,-44.0
1776884853.2181027,-3.0,-7.0,-43.0
1776884853.2281027,-5.0,-2.0,-43.0
1776884853.238103,-8.0,-8.0,-40.0
1776884853.248103,-6.0,-7.0,-32.0
1776884853.258103,-2.0,-7.0,-30.0
1776884853.2681026,0.0,-7.0,-35.0
1776884853.2781026,4.0,-5.0,-40.0
1776884853.2881026,3.0,-3.0,-45.0
1776884853.2981029,5.0,-4.0,-42.0
1776884853.3081028,4.0,-3.0,-47.0
1776884853.3181028,1.0,0.0,-36.0
1776884853.3281028,1.0,-1.0,-36.0
1776884853.3381028,0.0,0.0,-39.0
1776884853.3481028,0.0,-4.0,-45.0
1776884853.3581028,-1.0,-4.0,-49.0
1776884853.3681028,-3.0,-6.0,-51.0
1776884853.3781028,0.0,-7.0,-46.0
1776884853.3881028,-3.0,-7.0,-48.0
1776884853.3981028,0.0,-5.0,-50.0
1776884853.4081028,6.0,-5.0,-54.0
1776884853.4181027,4.0,-4.0,-56.0
1776884853.4281027,4.0,-4.0,-58.0
1776884853.4381027,9.0,-1.0,-57.0
1776884853.4481027,11.0,-2.0,-55.0
1776884853.4581027,10.0,1.0,-58.0
1776884853.4681027,10.0,3.0,-60.0
1776884853.4781027,8.0,0.0,-58.0
1776884853.488103,6.0,-6.0,-54.0
1776884853.498103,4.0,-5.0,-48.0
1776884853.508103,2.0,-2.0,-51.0
1776884853.5181026,-2.0,0.0,-58.0
1776884853.5281026,-1.0,0.0,-56.0
1776884853.5381026,1.0,-1.0,-53.0
1776884853.5481029,0.0,2.0,-53.0
1776884853.5581028,-1.0,6.0,-60.0
1776884853.5681028,0.0,4.0,-61.0
1776884853.5781028,-1.0,1.0,-53.0
1776884853.5881028,-1.0,0.0,-54.0
1776884853.5981028,3.0,1.0,-49.0
1776884853.6081028,-1.0,1.0,-46.0
1776884853.6181028,0.0,0.0,-42.0
1776884853.6281028,0.0,5.0,-41.0
1776884853.6381028,2.0,5.0,-37.0
1776884853.6481028,0.0,4.0,-30.0
1776884853.6581028,-4.0,4.0,-27.0
1776884853.6681027,0.0,1.0,-33.0
1776884853.6781027,0.0,3.0,-33.0
1776884853.6881027,-1.0,1.0,-37.0
1776884853.6981027,-1.0,0.0,-38.0
1776884853.7081027,0.0,-6.0,-43.0
1776884853.7181027,1.0,-6.0,-44.0
1776884853.7281027,2.0,-6.0,-51.0
1776884853.738103,6.0,-5.0,-46.0
1776884853.748103,11.0,-6.0,-51.0
1776884853.758103,11.0,-5.0,-52.0
1776884853.7681026,11.0,-5.0,-45.0
1776884853.7781026,9.0,-1.0,-43.0
1776884853.7881026,5.0,-1.0,-45.0
1776884853.7981029,6.0,-4.0,-42.0
1776884853.8081028,7.0,-1.0,-43.0
1776884853.8181028,4.0,-4.0,-37.0
1776884853.8281028,5.0,-3.0,-38.0
1776884853.8381028,0.0,-6.0,-39.0
1776884853.8481028,-1.0,-14.0,-38.0
1776884853.8581028,-2.0,-11.0,-43.0
1776884853.8681028,-3.0,-10.0,-35.0
1776884853.8781028,-1.0,-10.0,-35.0
1776884853.8881028,1.0,-11.0,-35.0
1776884853.8981028,4.0,-17.0,-37.0
1776884853.9081028,1.0,-17.0,-41.0
1776884853.9181027,-4.0,-13.0,-48.0
1776884853.9281027,-3.0,-12.0,-52.0
1776884853.9381027,-7.0,-7.0,-57.0
1776884853.9481027,-6.0,-5.0,-57.0
1776884853.9581027,-5.0,-7.0,-53.0
1776884853.9681027,-6.0,-4.0,-51.0
1776884853.9781027,-4.0,1.0,-59.0
1776884853.988103,0.0,0.0,-50.0
1776884853.998103,0.0,1.0,-44.0
1776884854.008103,-1.0,-1.0,-45.0
1776884854.0181026,-6.0,-1.0,-43.0
1776884854.0281026,-8.0,2.0,-42.0
1776884854.0381026,-11.0,0.0,-40.0
1776884854.0481029,-8.0,0.0,-40.0
1776884854.0581028,-8.0,1.0,-45.0
1776884854.0681028,-4.0,0.0,-39.0
1776884854.0781028,-7.0,0.0,-42.0
1776884854.0881028,-9.0,-4.0,-48.0
1776884854.0981028,-8.0,-8.0,-49.0
1776884854.1081028,-3.0,-5.0,-50.0
1776884854.1181028,-4.0,-2.0,-48.0
1776884854.1281028,-1.0,-3.0,-42.0
1776884854.1381028,1.0,-5.0,-42.0
1776884854.1481028,-5.0,-6.0,-49.0
1776884854.1581028,-6.0,-10.0,-52.0
1776884854.1681027,-4.0,-10.0,-52.0
1776884854.1781027,-2.0,-12.0,-47.0
1776884854.1881027,0.0,-12.0,-43.0
1776884854.1981027,4.0,-9.0,-42.0
1776884854.2081027,6.0,-11.0,-45.0
1776884854.2181027,6.0,-12.0,-43.0
1776884854.2281027,3.0,-8.0,-48.0
1776884854.238103,0.0,-9.0,-51.0
1776884854.248103,0.0,-7.0,-48.0
1776884854.258103,-1.0,-3.0,-49.0
1776884854.2681026,-1.0,-3.0,-44.0
1776884854.2781026,3.0,0.0,-43.0
1776884854.2881026,6.0,-1.0,-44.0
1776884854.2981029,6.0,-5.0,-48.0
1776884854.3081028,6.0,-8.0,-49.0
1776884854.3181028,4.0,-6.0,-46.0
1776884854.3281028,2.0,-7.0,-38.0
1776884854.3381028,4.0,-12.0,-38.0
1776884854.3481028,0.0,-8.0,-38.0
1776884854.3591027,-1.0,-4.0,-32.0
1776884854.3681028,0.0,0.0,-36.0
1776884854.3781028,2.0,-1.0,-46.0
1776884854.3891027,5.0,-5.0,-45.0
1776884854.3991027,6.0,-7.0,-49.0
1776884854.409103,4.0,-8.0,-44.0
1776884854.419103,1.0,-7.0,-42.0
1776884854.429103,0.0,-4.0,-38.0
1776884854.4401028,3.0,-5.0,-39.0
1776884854.4491026,3.0,-5.0,-32.0
1776884854.4591026,-1.0,-6.0,-36.0
1776884854.4691026,-4.0,-5.0,-36.0
1776884854.4791028,-2.0,-4.0,-35.0
1776884854.4891028,2.0,-7.0,-38.0
1776884854.4991028,0.0,-8.0,-49.0
1776884854.5091028,-1.0,-6.0,-51.0
1776884854.5191028,0.0,-9.0,-44.0
1776884854.5291028,-5.0,-7.0,-45.0
1776884854.5391028,-8.0,-4.0,-46.0
1776884854.5491028,-9.0,-6.0,-51.0
1776884854.5591028,-8.0,-12.0,-47.0
1776884854.5691028,-6.0,-9.0,-39.0
1776884854.5791028,0.0,-4.0,-39.0
1776884854.5891027,1.0,0.0,-40.0
1776884854.5991027,2.0,4.0,-46.0
1776884854.6091027,5.0,2.0,-46.0
1776884854.6191027,3.0,0.0,-50.0
1776884854.6291027,2.0,-1.0,-47.0
1776884854.6391027,4.0,1.0,-39.0
1776884854.6491027,6.0,4.0,-41.0
1776884854.659103,2.0,4.0,-44.0
1776884854.669103,0.0,2.0,-42.0
1776884854.679103,0.0,3.0,-46.0
1776884854.6891026,0.0,0.0,-49.0
1776884854.6991026,1.0,-5.0,-37.0
1776884854.7091026,2.0,-10.0,-45.0
1776884854.7191026,1.0,-10.0,-50.0
1776884854.7291028,4.0,-7.0,-43.0
1776884854.7391028,3.0,-8.0,-36.0
1776884854.7491028,6.0,-6.0,-36.0
1776884854.7591028,6.0,-6.0,-42.0
1776884854.7691028,5.0,-9.0,-47.0
1776884854.7791028,8.0,-7.0,-52.0
1776884854.7891028,5.0,-6.0,-46.0
1776884854.7991028,6.0,-6.0,-42.0
1776884854.8091028,7.0,-2.0,-39.0
1776884854.8191028,8.0,-2.0,-38.0
1776884854.8291028,9.0,2.0,-32.0
1776884854.8391027,5.0,-2.0,-29.0
1776884854.8491027,-3.0,0.0,-32.0
1776884854.8591027,0.0,-3.0,-34.0
1776884854.8691027,-1.0,-5.0,-38.0
1776884854.8791027,-2.0,-6.0,-43.0
1776884854.8891027,0.0,-8.0,-45.0
1776884854.8991027,-1.0,-8.0,-38.0
1776884854.909103,-4.0,-6.0,-38.0
1776884854.919103,-3.0,-5.0,-39.0
1776884854.929103,-6.0,-4.0,-41.0
1776884854.9391026,-1.0,-8.0,-37.0
1776884854.9491026,1.0,-6.0,-40.0
1776884854.9591026,4.0,-5.0,-48.0
1776884854.9691026,2.0,-3.0,-51.0
1776884854.9791028,-1.0,-2.0,-49.0
1776884854.9891028,0.0,-2.0,-45.0
1776884854.9991028,-4.0,-3.0,-51.0
1776884855.0091028,-4.0,-3.0,-54.0
1776884855.0191028,-1.0,-3.0,-51.0
1776884855.0291028,1.0,-6.0,-43.0
1776884855.0391028,2.0,-7.0,-40.0
1776884855.0491028,5.0,-4.0,-48.0
1776884855.0591028,6.0,-7.0,-51.0
1776884855.0691028,6.0,-5.0,-39.0
1776884855.0791028,2.0,-2.0,-33.0
1776884855.0891027,0.0,-2.0,-35.0
1776884855.0991027,1.0,-4.0,-35.0
1776884855.1091027,1.0,-9.0,-41.0
1776884855.1191027,0.0,-8.0,-41.0
1776884855.1291027,0.0,-6.0,-35.0
1776884855.1391027,0.0,0.0,-35.0
1776884855.1491027,-3.0,0.0,-43.0
1776884855.159103,-5.0,-1.0,-45.0
1776884855.169103,-6.0,0.0,-41.0
1776884855.179103,-6.0,-1.0,-44.0
1776884855.1891026,-8.0,1.0,-42.0
1776884855.1991026,-4.0,3.0,-38.0
1776884855.2091026,-5.0,3.0,-32.0
1776884855.2191026,-3.0,0.0,-31.0
1776884855.2291028,-1.0,-8.0,-36.0
1776884855.2391028,-3.0,-4.0,-39.0
1776884855.2491028,-7.0,0.0,-43.0
1776884855.2591028,-4.0,0.0,-43.0
1776884855.2691028,-3.0,0.0,-43.0
1776884855.2791028,0.0,-1.0,-38.0
1776884855.2891028,1.0,-5.0,-37.0
1776884855.2991028,2.0,-4.0,-42.0
1776884855.3091028,4.0,-5.0,-40.0
1776884855.3191028,1.0,-5.0,-40.0
1776884855.3291028,3.0,-9.0,-39.0
1776884855.3391027,5.0,-9.0,-43.0
1776884855.3491027,6.0,-12.0,-50.0
1776884855.3591027,5.0,-5.0,-43.0
1776884855.3691027,3.0,-1.0,-50.0
1776884855.3791027,2.0,0.0,-52.0
1776884855.3891027,0.0,-2.0,-53.0
1776884855.3991027,-1.0,-4.0,-56.0
1776884855.409103,-7.0,0.0,-59.0
1776884855.419103,-8.0,-1.0,-60.0
1776884855.429103,-7.0,-3.0,-57.0
1776884855.4391026,-6.0,0.0,-49.0
1776884855.4491026,-2.0,0.0,-46.0
1776884855.4591026,0.0,0.0,-45.0
1776884855.4691026,0.0,0.0,-43.0
1776884855.4791028,0.0,0.0,-43.0
1776884855.4891028,1.0,2.0,-46.0
1776884855.4991028,-1.0,5.0,-43.0
1776884855.5091028,-2.0,5.0,-40.0
1776884855.5191028,0.0,6.0,-43.0
1776884855.5291028,1.0,4.0,-43.0
1776884855.5391028,-2.0,0.0,-40.0
1776884855.5491028,-1.0,-3.0,-47.0
1776884855.5591028,-1.0,-4.0,-48.0
1776884855.5691028,1.0,0.0,-43.0
1776884855.5791028,1.0,2.0,-42.0
1776884855.5891027,1.0,4.0,-45.0
1776884855.5991027,0.0,1.0,-50.0
1776884855.6091027,0.0,-1.0,-51.0
1776884855.6191027,-2.0,-1.0,-44.0
1776884855.6291027,-3.0,-1.0,-49.0
1776884855.6391027,-1.0,1.0,-43.0
1776884855.6491027,-3.0,2.0,-37.0
1776884855.659103,-1.0,3.0,-35.0
1776884855.669103,-1.0,-1.0,-32.0
1776884855.679103,-4.0,-4.0,-39.0
1776884855.6891026,0.0,-3.0,-46.0
1776884855.6991026,-2.0,-5.0,-45.0
1776884855.7091026,-3.0,-7.0,-48.0
1776884855.7191026,2.0,-4.0,-53.0
1776884855.7291028,0.0,-6.0,-50.0
1776884855.7391028,5.0,-4.0,-48.0
1776884855.7491028,0.0,-3.0,-45.0
1776884855.7591028,-1.0,-4.0,-38.0
1776884855.7691028,0.0,-6.0,-34.0
1776884855.7791028,-1.0,-5.0,-42.0
1776884855.7891028,-2.0,-3.0,-41.0
1776884855.7991028,0.0,0.0,-43.0
1776884855.8091028,0.0,1.0,-45.0
1776884855.8191028,4.0,-1.0,-46.0
1776884855.8291028,2.0,-1.0,-46.0
1776884855.8391027,0.0,-2.0,-49.0
1776884855.8491027,1.0,-4.0,-48.0
1776884855.8591027,2.0,-5.0,-51.0
1776884855.8691027,2.0,-3.0,-54.0
1776884855.8791027,-3.0,-3.0,-51.0
1776884855.8891027,1.0,-4.0,-49.0
1776884855.8991027,1.0,-6.0,-50.0
1776884855.909103,0.0,-4.0,-53.0
1776884855.919103,0.0,-10.0,-45.0
1776884855.929103,-1.0,-12.0,-37.0
1776884855.9391026,-7.0,-8.0,-43.0
1776884855.9491026,-9.0,-7.0,-51.0
1776884855.9591026,-12.0,0.0,-54.0
1776884855.9691026,-9.0,3.0,-48.0
1776884855.9791028,-4.0,-1.0,-44.0
1776884855.9891028,0.0,-1.0,-40.0
1776884855.9991028,0.0,-2.0,-43.0
1776884856.0091028,3.0,-2.0,-42.0
1776884856.0191028,0.0,-3.0,-45.0
1776884856.0291028,3.0,-2.0,-53.0
1776884856.0391028,3.0,-1.0,-52.0
1776884856.0491028,1.0,-1.0,-43.0
1776884856.0591028,2.0,7.0,-35.0
1776884856.0691028,2.0,9.0,-39.0
1776884856.0791028,-2.0,9.0,-39.0
1776884856.0891027,-6.0,6.0,-43.0
1776884856.0991027,-1.0,5.0,-36.0
1776884856.1091027,0.0,1.0,-37.0
1776884856.1191027,-1.0,0.0,-44.0
1776884856.1291027,-4.0,-1.0,-40.0
1776884856.1391027,-4.0,-3.0,-41.0
1776884856.1491027,-2.0,-4.0,-37.0
1776884856.159103,2.0,-2.0,-37.0
1776884856.169103,2.0,0.0,-41.0
1776884856.179103,0.0,0.0,-42.0
1776884856.1891026,-4.0,1.0,-47.0
1776884856.1991026,-6.0,-2.0,-48.0
1776884856.2091026,-7.0,-1.0,-41.0
1776884856.2191026,-1.0,-3.0,-45.0
1776884856.2291028,0.0,-3.0,-47.0
1776884856.2391028,-3.0,-3.0,-39.0
1776884856.2491028,-1.0,-6.0,-37.0
1776884856.2591028,1.0,-6.0,-41.0
1776884856.2691028,1.0,-4.0,-41.0
1776884856.2791028,2.0,-2.0,-43.0
1776884856.2891028,0.0,2.0,-43.0
1776884856.2991028,3.0,0.0,-38.0
1776884856.3091028,5.0,-1.0,-41.0
1776884856.3191028,5.0,0.0,-44.0
1776884856.3301027,4.0,0.0,-42.0
1776884856.3391027,1.0,0.0,-41.0
1776884856.350103,-3.0,0.0,-43.0
1776884856.360103,-2.0,2.0,-44.0
1776884856.3701026,-3.0,4.0,-43.0
1776884856.3801026,-3.0,3.0,-41.0
1776884856.3901026,-1.0,3.0,-38.0
1776884856.4001029,0.0,0.0,-40.0
1776884856.4101028,-2.0,-1.0,-43.0
1776884856.4201028,-2.0,-3.0,-43.0
1776884856.4301028,0.0,0.0,-46.0
1776884856.4401028,2.0,0.0,-43.0
1776884856.4501028,4.0,-2.0,-44.0
1776884856.4601028,3.0,0.0,-45.0
1776884856.4701028,0.0,0.0,-48.0
1776884856.4801028,0.0,2.0,-51.0
1776884856.4901028,0.0,4.0,-53.0
1776884856.5001028,-2.0,3.0,-47.0
1776884856.5101027,-2.0,0.0,-37.0
1776884856.5201027,-1.0,1.0,-37.0
1776884856.5301027,4.0,-5.0,-40.0
1776884856.5401027,-3.0,-5.0,-39.0
1776884856.5501027,-3.0,-8.0,-42.0
1776884856.5601027,-4.0,-3.0,-43.0
1776884856.5701027,-2.0,-2.0,-48.0
1776884856.5801027,-3.0,-3.0,-47.0
1776884856.590103,-1.0,0.0,-45.0
1776884856.600103,-6.0,0.0,-50.0
1776884856.610103,0.0,0.0,-46.0
1776884856.6201026,0.0,-1.0,-41.0
1776884856.6301026,2.0,0.0,-43.0
1776884856.6401026,4.0,0.0,-41.0
1776884856.6501029,5.0,0.0,-39.0
1776884856.6601028,5.0,3.0,-34.0
1776884856.6701028,6.0,3.0,-37.0
1776884856.6801028,4.0,4.0,-40.0
1776884856.6901028,3.0,0.0,-38.0
1776884856.7001028,1.0,-3.0,-36.0
1776884856.7101028,-1.0,-6.0,-40.0
1776884856.7201028,-7.0,-6.0,-43.0
1776884856.7301028,-8.0,-5.0,-41.0
1776884856.7401028,-4.0,-3.0,-45.0
1776884856.7501028,-7.0,-5.0,-53.0
1776884856.7601027,-8.0,-6.0,-50.0
1776884856.7701027,-7.0,-8.0,-49.0
1776884856.7801027,-3.0,-6.0,-43.0
1776884856.7901027,-3.0,-3.0,-41.0
1776884856.8001027,-2.0,-4.0,-43.0
1776884856.8101027,-3.0,-8.0,-47.0
1776884856.8201027,-4.0,-12.0,-45.0
1776884856.8301027,-4.0,-5.0,-49.0
1776884856.840103,-6.0,-4.0,-48.0
1776884856.850103,-8.0,-3.0,-51.0
1776884856.860103,-8.0,0.0,-46.0
1776884856.8701026,-4.0,1.0,-42.0
1776884856.8801026,0.0,0.0,-39.0
1776884856.8901026,1.0,1.0,-38.0
1776884856.9001029,-2.0,-1.0,-33.0
1776884856.9101028,-5.0,-1.0,-35.0
1776884856.9201028,-2.0,-4.0,-41.0
1776884856.9301028,-3.0,-4.0,-47.0
1776884856.9401028,1.0,-2.0,-48.0
1776884856.9501028,0.0,-5.0,-43.0
1776884856.9601028,2.0,-7.0,-38.0
1776884856.9701028,5.0,-7.0,-47.0
1776884856.9801028,4.0,-5.0,-51.0
1776884856.9901028,5.0,-3.0,-54.0
1776884857.0001028,7.0,-2.0,-58.0
1776884857.0101027,3.0,-4.0,-47.0
1776884857.0201027,0.0,-4.0,-50.0
1776884857.0301027,0.0,-2.0,-46.0
1776884857.0401027,0.0,-3.0,-47.0
1776884857.0501027,0.0,-4.0,-41.0
1776884857.0601027,-2.0,-5.0,-44.0
1776884857.0701027,0.0,-6.0,-43.0
1776884857.0801027,2.0,-3.0,-42.0
1776884857.090103,1.0,-6.0,-40.0
1776884857.100103,3.0,-6.0,-39.0
1776884857.110103,0.0,-2.0,-42.0
1776884857.1201026,0.0,0.0,-42.0
1776884857.1301026,1.0,0.0,-42.0
1776884857.1401026,2.0,-2.0,-44.0
1776884857.1501029,0.0,1.0,-38.0
1776884857.1601028,3.0,3.0,-43.0
1776884857.1701028,3.0,2.0,-48.0
1776884857.1801028,2.0,0.0,-46.0
1776884857.1901028,5.0,1.0,-50.0
1776884857.2001028,3.0,4.0,-54.0
1776884857.2101028,7.0,5.0,-51.0
1776884857.2201028,9.0,3.0,-47.0
1776884857.2301028,6.0,-1.0,-53.0
1776884857.2401028,3.0,-5.0,-52.0
1776884857.2501028,7.0,-5.0,-49.0
1776884857.2601027,5.0,-4.0,-45.0
1776884857.2701027,5.0,-4.0,-46.0
1776884857.2801027,3.0,-1.0,-48.0
1776884857.2901027,4.0,-3.0,-48.0
1776884857.3001027,10.0,-2.0,-45.0
1776884857.3101027,8.0,-4.0,-49.0
1776884857.3201027,9.0,0.0,-53.0
1776884857.3301027,4.0,1.0,-55.0
1776884857.340103,2.0,-1.0,-47.0
1776884857.350103,0.0,0.0,-49.0
1776884857.360103,-5.0,0.0,-51.0
1776884857.3701026,-3.0,2.0,-52.0
1776884857.3801026,-5.0,4.0,-53.0
1776884857.3901026,-4.0,1.0,-53.0
1776884857.4001029,-2.0,-1.0,-52.0
1776884857.4101028,1.0,-1.0,-42.0
1776884857.4201028,2.0,3.0,-42.0
1776884857.4301028,0.0,4.0,-43.0
1776884857.4401028,-4.0,7.0,-45.0
1776884857.4501028,-2.0,2.0,-42.0
1776884857.4601028,1.0,-1.0,-41.0
1776884857.4701028,0.0,-5.0,-42.0
1776884857.4801028,0.0,-5.0,-37.0
1776884857.4901028,0.0,-3.0,-36.0
1776884857.5001028,0.0,2.0,-39.0
1776884857.5101027,3.0,1.0,-38.0
1776884857.5201027,2.0,1.0,-42.0
1776884857.5301027,1.0,3.0,-43.0
1776884857.5401027,0.0,3.0,-41.0
1776884857.5501027,1.0,0.0,-41.0
1776884857.5601027,-2.0,0.0,-42.0
1776884857.5701027,-3.0,2.0,-36.0
1776884857.5801027,-4.0,0.0,-38.0
1776884857.590103,0.0,0.0,-37.0
1776884857.600103,0.0,-3.0,-32.0
1776884857.610103,-3.0,0.0,-34.0
1776884857.6201026,-4.0,0.0,-35.0
1776884857.6301026,1.0,0.0,-34.0
1776884857.6401026,-1.0,-4.0,-40.0
1776884857.6501029,-2.0,-6.0,-37.0
1776884857.6601028,1.0,-6.0,-45.0
1776884857.6701028,3.0,-6.0,-46.0
1776884857.6801028,2.0,-12.0,-43.0
1776884857.6901028,1.0,-8.0,-46.0
1776884857.7001028,5.0,-8.0,-50.0
1776884857.7101028,1.0,-6.0,-54.0
1776884857.7201028,1.0,-2.0,-53.0
1776884857.7301028,-2.0,-1.0,-54.0
1776884857.7401028,1.0,-1.0,-51.0
1776884857.7501028,0.0,-3.0,-44.0
1776884857.7601027,-3.0,-5.0,-50.0
1776884857.7701027,-1.0,-7.0,-52.0
1776884857.7801027,0.0,-5.0,-47.0
1776884857.7901027,-2.0,-5.0,-43.0
1776884857.8001027,-4.0,-7.0,-38.0
1776884857.8101027,-7.0,-5.0,-38.0
1776884857.8201027,-5.0,0.0,-35.0
1776884857.8301027,-3.0,-2.0,-42.0
1776884857.840103,-2.0,-2.0,-45.0
1776884857.850103,0.0,0.0,-50.0
1776884857.860103,-1.0,0.0,-52.0
1776884857.8701026,-2.0,-1.0,-49.0
1776884857.8801026,-5.0,0.0,-49.0
1776884857.8901026,-4.0,-1.0,-51.0
1776884857.9001029,-1.0,-1.0,-46.0
1776884857.9101028,-4.0,-2.0,-37.0
1776884857.9201028,-8.0,-1.0,-42.0
1776884857.9301028,-2.0,0.0,-43.0
1776884857.9401028,-2.0,-1.0,-43.0
1776884857.9501028,-2.0,-2.0,-43.0
1776884857.9601028,-4.0,-1.0,-40.0
1776884857.9701028,-4.0,0.0,-46.0
1776884857.9801028,0.0,3.0,-45.0
1776884857.9901028,0.0,0.0,-42.0
1776884858.0001028,3.0,-2.0,-43.0
1776884858.0101027,1.0,-7.0,-47.0
1776884858.0201027,-3.0,-5.0,-43.0
1776884858.0301027,-3.0,-9.0,-42.0
1776884858.0401027,-2.0,-10.0,-37.0
1776884858.0501027,0.0,-5.0,-37.0
1776884858.0601027,1.0,-3.0,-39.0
1776884858.0701027,1.0,-1.0,-34.0
1776884858.0801027,0.0,-2.0,-34.0
1776884858.090103,0.0,-1.0,-39.0
1776884858.100103,2.0,-3.0,-42.0
1776884858.110103,1.0,-6.0,-45.0
1776884858.1201026,1.0,-8.0,-43.0
1776884858.1301026,4.0,-6.0,-45.0
1776884858.1401026,9.0,-4.0,-43.0
1776884858.1501029,7.0,0.0,-44.0
1776884858.1601028,7.0,-1.0,-42.0
1776884858.1701028,5.0,-2.0,-41.0
1776884858.1801028,8.0,0.0,-39.0
1776884858.1901028,6.0,0.0,-45.0
1776884858.2001028,9.0,-2.0,-42.0
1776884858.2101028,11.0,-3.0,-43.0
1776884858.2201028,9.0,-3.0,-39.0
1776884858.2301028,1.0,-2.0,-43.0
1776884858.2401028,1.0,-6.0,-44.0
1776884858.2501028,-2.0,-5.0,-39.0
1776884858.2601027,3.0,-3.0,-36.0
1776884858.2701027,2.0,-1.0,-40.0
1776884858.281103,2.0,0.0,-42.0
1776884858.2901027,0.0,-5.0,-39.0
1776884858.3001027,1.0,-5.0,-39.0
1776884858.3111026,0.0,-3.0,-40.0
1776884858.3211029,-3.0,-4.0,-44.0
1776884858.3311028,-5.0,-6.0,-48.0
1776884858.3411028,-5.0,-3.0,-48.0
1776884858.3511028,-4.0,1.0,-52.0
1776884858.3611028,-4.0,0.0,-44.0
1776884858.3711028,0.0,0.0,-45.0
1776884858.3811028,1.0,0.0,-48.0
1776884858.3911028,4.0,1.0,-52.0
1776884858.4011028,1.0,0.0,-55.0
1776884858.4111028,6.0,-1.0,-55.0
1776884858.4211028,6.0,-2.0,-52.0
1776884858.4311028,7.0,-1.0,-53.0
1776884858.4411027,3.0,-1.0,-54.0
1776884858.4511027,3.0,-1.0,-54.0
1776884858.4611027,6.0,0.0,-49.0
1776884858.4711027,11.0,2.0,-47.0
1776884858.4811027,12.0,4.0,-44.0
1776884858.4911027,10.0,1.0,-45.0
1776884858.5011027,8.0,0.0,-41.0
1776884858.511103,7.0,-3.0,-38.0
1776884858.521103,5.0,-2.0,-36.0
1776884858.531103,2.0,-1.0,-42.0
1776884858.5411026,-5.0,-1.0,-36.0
1776884858.5511026,-7.0,1.0,-36.0
1776884858.5611026,-2.0,1.0,-37.0
1776884858.5711029,3.0,-4.0,-35.0
1776884858.5811028,2.0,-7.0,-37.0
1776884858.5911028,1.0,-9.0,-37.0
1776884858.6011028,6.0,-11.0,-34.0
1776884858.6111028,10.0,-8.0,-41.0
1776884858.6211028,11.0,-6.0,-36.0
1776884858.6311028,11.0,-6.0,-34.0
1776884858.6411028,10.0,-1.0,-36.0
1776884858.6511028,2.0,1.0,-39.0
1776884858.6611028,1.0,3.0,-38.0
1776884858.6711028,-2.0,3.0,-45.0
1776884858.6811028,-5.0,0.0,-42.0
1776884858.6911027,-5.0,2.0,-45.0
1776884858.7011027,0.0,4.0,-40.0
1776884858.7111027,7.0,5.0,-38.0
1776884858.7211027,6.0,1.0,-33.0
1776884858.7311027,3.0,0.0,-31.0
1776884858.7411027,2.0,0.0,-37.0
1776884858.7511027,4.0,3.0,-40.0
1776884858.761103,4.0,0.0,-39.0
1776884858.771103,4.0,0.0,-42.0
1776884858.781103,4.0,0.0,-42.0
1776884858.7911026,6.0,0.0,-37.0
1776884858.8011026,3.0,-1.0,-34.0
1776884858.8111026,0.0,0.0,-38.0
1776884858.8211029,0.0,0.0,-38.0
1776884858.8311028,0.0,-4.0,-37.0
1776884858.8411028,-1.0,-2.0,-40.0
1776884858.8511028,0.0,0.0,-37.0
1776884858.8611028,0.0,-4.0,-43.0
1776884858.8711028,1.0,-3.0,-42.0
1776884858.8811028,1.0,1.0,-41.0
1776884858.8911028,0.0,4.0,-40.0
1776884858.9011028,0.0,3.0,-41.0
1776884858.9111028,2.0,1.0,-42.0
1776884858.9211028,2.0,0.0,-44.0
1776884858.9311028,-3.0,-1.0,-46.0
1776884858.9411027,-4.0,0.0,-50.0
1776884858.9511027,1.0,1.0,-58.0
1776884858.9611027,5.0,2.0,-58.0
1776884858.9711027,3.0,-1.0,-58.0
1776884858.9811027,4.0,1.0,-57.0
1776884858.9911027,4.0,3.0,-55.0
1776884859.0011027,0.0,2.0,-51.0
1776884859.011103,-2.0,4.0,-41.0
1776884859.021103,-3.0,1.0,-41.0
1776884859.031103,-2.0,3.0,-47.0
1776884859.0411026,0.0,5.0,-47.0
1776884859.0511026,1.0,8.0,-49.0
1776884859.0611026,2.0,6.0,-42.0
1776884859.0711029,8.0,4.0,-50.0
1776884859.0811028,3.0,2.0,-50.0
1776884859.0911028,4.0,2.0,-51.0
1776884859.1011028,0.0,4.0,-45.0
1776884859.1111028,0.0,4.0,-42.0
1776884859.1211028,-2.0,-2.0,-44.0
1776884859.1311028,0.0,-4.0,-48.0
1776884859.1411028,0.0,-5.0,-49.0
1776884859.1511028,1.0,-2.0,-51.0
1776884859.1611028,3.0,0.0,-55.0
1776884859.1711028,1.0,0.0,-56.0
1776884859.1811028,3.0,-2.0,-54.0
1776884859.1911027,0.0,-3.0,-50.0
1776884859.2011027,5.0,-4.0,-53.0
1776884859.2111027,7.0,-9.0,-48.0
1776884859.2211027,6.0,-10.0,-46.0
1776884859.2311027,3.0,-10.0,-48.0
1776884859.2411027,2.0,-11.0,-45.0
1776884859.2511027,4.0,-10.0,-50.0
1776884859.261103,0.0,-8.0,-49.0
1776884859.271103,-2.0,-5.0,-47.0
1776884859.281103,-1.0,-3.0,-53.0
1776884859.2911026,-2.0,0.0,-55.0
1776884859.3011026,-2.0,0.0,-54.0
1776884859.3111026,1.0,2.0,-53.0
1776884859.3211029,-1.0,2.0,-54.0
1776884859.3311028,-2.0,3.0,-50.0
1776884859.3411028,-4.0,1.0,-46.0
1776884859.3511028,-2.0,0.0,-47.0
1776884859.3611028,0.0,0.0,-48.0
1776884859.3711028,0.0,-1.0,-49.0
1776884859.3811028,2.0,-1.0,-49.0
1776884859.3911028,3.0,-3.0,-48.0
1776884859.4011028,2.0,0.0,-47.0
1776884859.4111028,0.0,0.0,-50.0
1776884859.4211028,3.0,-1.0,-48.0
1776884859.4311028,2.0,-1.0,-41.0
1776884859.4411027,0.0,1.0,-42.0
1776884859.4511027,0.0,0.0,-45.0
1776884859.4611027,-1.0,2.0,-54.0
1776884859.4711027,0.0,2.0,-51.0
1776884859.4811027,1.0,2.0,-52.0
1776884859.4911027,0.0,4.0,-57.0
1776884859.5011027,-3.0,7.0,-54.0
1776884859.511103,-2.0,4.0,-47.0
1776884859.521103,-2.0,0.0,-47.0
1776884859.531103,-4.0,1.0,-46.0
1776884859.5411026,-3.0,0.0,-46.0
1776884859.5511026,-4.0,2.0,-47.0
1776884859.5611026,0.0,6.0,-46.0
1776884859.5711029,0.0,6.0,-52.0
1776884859.5811028,-2.0,4.0,-54.0
1776884859.5911028,0.0,7.0,-50.0
1776884859.6011028,0.0,4.0,-47.0
1776884859.6111028,0.0,-2.0,-49.0
1776884859.6211028,0.0,-1.0,-47.0
1776884859.6311028,-4.0,-3.0,-47.0
1776884859.6411028,-7.0,-5.0,-48.0
1776884859.6511028,-6.0,-5.0,-52.0
1776884859.6611028,-4.0,-6.0,-46.0
1776884859.6711028,0.0,-5.0,-50.0
1776884859.6811028,3.0,-3.0,-46.0
1776884859.6911027,3.0,-3.0,-52.0
1776884859.7011027,1.0,-5.0,-50.0
1776884859.7111027,-1.0,-9.0,-48.0
1776884859.7211027,0.0,-6.0,-42.0
1776884859.7311027,0.0,-4.0,-39.0
1776884859.7411027,4.0,-3.0,-35.0
1776884859.7511027,5.0,-4.0,-37.0
1776884859.761103,9.0,-6.0,-43.0
1776884859.771103,3.0,-9.0,-46.0
1776884859.781103,-2.0,-8.0,-44.0
1776884859.7911026,0.0,-2.0,-48.0
1776884859.8011026,0.0,-1.0,-43.0
1776884859.8111026,-3.0,3.0,-43.0
1776884859.8211029,-4.0,5.0,-46.0
1776884859.8311028,-3.0,3.0,-50.0
1776884859.8411028,-2.0,3.0,-50.0
1776884859.8511028,-1.0,4.0,-48.0
1776884859.8611028,-2.0,2.0,-45.0
1776884859.8711028,-5.0,-3.0,-46.0
1776884859.8811028,-1.0,-1.0,-46.0
1776884859.8911028,2.0,0.0,-43.0
1776884859.9011028,5.0,0.0,-50.0
1776884859.9111028,-4.0,2.0,-56.0
1776884859.9211028,-8.0,-4.0,-58.0
1776884859.9311028,-5.0,-3.0,-52.0
1776884859.9411027,-1.0,-3.0,-52.0
1776884859.9511027,0.0,0.0,-51.0
1776884859.9611027,7.0,0.0,-46.0
1776884859.9711027,12.0,-5.0,-39.0
1776884859.9811027,11.0,-1.0,-40.0
1776884859.9911027,8.0,-1.0,-37.0
1776884860.0011027,5.0,-3.0,-37.0
1776884860.011103,4.0,-5.0,-41.0
1776884860.021103,7.0,-8.0,-46.0
1776884860.031103,6.0,-3.0,-46.0
1776884860.0411026,8.0,1.0,-46.0
1776884860.0511026,9.0,1.0,-43.0
1776884860.0611026,3.0,-1.0,-39.0
1776884860.0711029,0.0,-2.0,-37.0
1776884860.0811028,3.0,-4.0,-43.0
1776884860.0911028,2.0,-1.0,-42.0
1776884860.1011028,-3.0,0.0,-46.0
1776884860.1111028,-3.0,-1.0,-42.0
1776884860.1211028,-2.0,-5.0,-46.0
1776884860.1311028,-2.0,-7.0,-46.0
1776884860.1411028,0.0,-5.0,-49.0
1776884860.1511028,-1.0,-8.0,-46.0
1776884860.1611028,-2.0,-8.0,-47.0
1776884860.1711028,-3.0,-6.0,-49.0
1776884860.1811028,-1.0,-4.0,-46.0
1776884860.1911027,2.0,2.0,-41.0
1776884860.2011027,-2.0,-1.0,-43.0
1776884860.2111027,-3.0,-2.0,-44.0
1776884860.2211027,-1.0,0.0,-45.0
1776884860.2311027,-3.0,-3.0,-43.0
1776884860.2411027,0.0,-3.0,-45.0
1776884860.2511027,-1.0,-2.0,-42.0
1776884860.2621028,-1.0,-5.0,-45.0
1776884860.271103,-3.0,-7.0,-55.0
1776884860.2821028,-5.0,-9.0,-52.0
1776884860.2921028,0.0,-5.0,-51.0
1776884860.3021028,1.0,-6.0,-52.0
1776884860.3121028,2.0,-7.0,-51.0
1776884860.3221028,1.0,-3.0,-52.0
1776884860.3321028,0.0,-3.0,-49.0
1776884860.3421028,-3.0,-2.0,-49.0
1776884860.3521028,0.0,-2.0,-45.0
1776884860.3621027,0.0,-1.0,-36.0
1776884860.3721027,-1.0,-1.0,-37.0
1776884860.3821027,-2.0,-1.0,-38.0
1776884860.3921027,-3.0,-2.0,-37.0
1776884860.4021027,-3.0,0.0,-43.0
1776884860.4121027,0.0,-1.0,-41.0
1776884860.4221027,2.0,-4.0,-44.0
1776884860.432103,3.0,-4.0,-47.0
1776884860.442103,5.0,-5.0,-48.0
1776884860.452103,0.0,-2.0,-47.0
1776884860.462103,0.0,-3.0,-44.0
1776884860.4721026,2.0,-5.0,-45.0
1776884860.4821026,1.0,-5.0,-50.0
1776884860.4921026,0.0,-7.0,-58.0
1776884860.5021029,0.0,-5.0,-53.0
1776884860.5121028,-1.0,-4.0,-52.0
1776884860.5221028,-2.0,-3.0,-59.0
1776884860.5321028,0.0,-5.0,-59.0
1776884860.5421028,2.0,-5.0,-61.0
1776884860.5521028,4.0,-4.0,-64.0
1776884860.5621028,5.0,-5.0,-66.0
1776884860.5721028,4.0,-4.0,-62.0
1776884860.5821028,5.0,0.0,-59.0
1776884860.5921028,0.0,-1.0,-55.0
1776884860.6021028,-3.0,-1.0,-62.0
1776884860.6121027,-5.0,-3.0,-63.0
1776884860.6221027,-4.0,-6.0,-58.0
1776884860.6321027,3.0,-7.0,-60.0
1776884860.6421027,7.0,-6.0,-59.0
1776884860.6521027,7.0,-7.0,-53.0
1776884860.6621027,4.0,-4.0,-51.0
1776884860.6721027,4.0,-4.0,-49.0
1776884860.682103,0.0,-1.0,-49.0
1776884860.692103,-2.0,0.0,-48.0
1776884860.702103,0.0,-5.0,-51.0
1776884860.712103,-1.0,-7.0,-44.0
1776884860.7221026,-3.0,-1.0,-48.0
1776884860.7321026,-6.0,-2.0,-48.0
1776884860.7421026,-7.0,0.0,-43.0
1776884860.7521029,-3.0,-3.0,-33.0
1776884860.7621028,-1.0,-1.0,-29.0
1776884860.7721028,0.0,-1.0,-32.0
1776884860.7821028,0.0,0.0,-38.0
1776884860.7921028,2.0,-2.0,-47.0
1776884860.8021028,0.0,-1.0,-44.0
1776884860.8121028,2.0,1.0,-41.0
1776884860.8221028,-1.0,1.0,-42.0
1776884860.8321028,0.0,-1.0,-43.0
1776884860.8421028,4.0,-3.0,-46.0
1776884860.8521028,7.0,0.0,-44.0
1776884860.8621027,7.0,0.0,-45.0
1776884860.8721027,7.0,0.0,-50.0
1776884860.8821027,6.0,1.0,-51.0
1776884860.8921027,3.0,1.0,-51.0
1776884860.9021027,4.0,0.0,-56.0
1776884860.9121027,1.0,-3.0,-50.0
1776884860.9221027,-1.0,0.0,-45.0
1776884860.932103,-4.0,2.0,-40.0
1776884860.942103,-2.0,2.0,-40.0
1776884860.952103,-1.0,-1.0,-40.0
1776884860.962103,0.0,-6.0,-32.0
1776884860.9721026,2.0,-5.0,-34.0
1776884860.9821026,1.0,-5.0,-36.0
1776884860.9921026,-2.0,-1.0,-39.0
1776884861.0021029,0.0,2.0,-48.0
1776884861.0121028,1.0,0.0,-46.0
1776884861.0221028,3.0,-4.0,-47.0
1776884861.0321028,4.0,-5.0,-49.0
1776884861.0421028,9.0,-5.0,-53.0
1776884861.0521028,11.0,-2.0,-46.0
1776884861.0621028,9.0,0.0,-38.0
1776884861.0721028,7.0,-4.0,-41.0
1776884861.0821028,7.0,-2.0,-42.0
1776884861.0921028,6.0,-2.0,-42.0
1776884861.1021028,6.0,-3.0,-42.0
1776884861.1121027,9.0,-3.0,-43.0
1776884861.1221027,5.0,-6.0,-48.0
1776884861.1321027,1.0,-8.0,-49.0
1776884861.1421027,0.0,-9.0,-46.0
1776884861.1521027,4.0,-5.0,-37.0
1776884861.1621027,3.0,0.0,-34.0
1776884861.1721027,4.0,-4.0,-43.0
1776884861.182103,-1.0,-8.0,-46.0
1776884861.192103,0.0,-8.0,-47.0
1776884861.202103,-1.0,-8.0,-43.0
1776884861.212103,2.0,-5.0,-48.0
1776884861.2221026,1.0,-5.0,-46.0
1776884861.2321026,3.0,-1.0,-42.0
1776884861.2421026,1.0,-2.0,-43.0
1776884861.2521029,3.0,-6.0,-42.0
1776884861.2621028,0.0,-5.0,-46.0
1776884861.2721028,0.0,0.0,-43.0
1776884861.2821028,3.0,2.0,-43.0
1776884861.2921028,6.0,1.0,-45.0
1776884861.3021028,3.0,2.0,-45.0
1776884861.3121028,0.0,3.0,-41.0
1776884861.3221028,-2.0,8.0,-45.0
1776884861.3321028,1.0,0.0,-46.0
1776884861.3421028,3.0,0.0,-45.0
1776884861.3521028,2.0,0.0,-48.0
1776884861.3621027,3.0,0.0,-44.0
1776884861.3721027,1.0,-4.0,-38.0
1776884861.3821027,3.0,-6.0,-37.0
1776884861.3921027,5.0,-5.0,-42.0
1776884861.4021027,6.0,-8.0,-49.0
1776884861.4121027,4.0,-6.0,-44.0
1776884861.4221027,3.0,-5.0,-42.0
1776884861.432103,4.0,-2.0,-43.0
1776884861.442103,-1.0,0.0,-33.0
1776884861.452103,0.0,-1.0,-29.0
1776884861.462103,-1.0,0.0,-36.0
1776884861.4721026,0.0,-3.0,-34.0
1776884861.4821026,2.0,-1.0,-32.0
1776884861.4921026,-3.0,-1.0,-35.0
1776884861.5021029,-4.0,2.0,-39.0
1776884861.5121028,-3.0,0.0,-35.0
1776884861.5221028,-6.0,2.0,-33.0
1776884861.5321028,-2.0,2.0,-38.0
1776884861.5421028,0.0,3.0,-39.0
1776884861.5521028,2.0,5.0,-42.0
1776884861.5621028,1.0,0.0,-46.0
1776884861.5721028,5.0,0.0,-39.0
1776884861.5821028,5.0,0.0,-40.0
1776884861.5921028,4.0,2.0,-40.0
1776884861.6021028,1.0,4.0,-40.0
1776884861.6121027,0.0,3.0,-42.0
1776884861.6221027,-1.0,2.0,-42.0
1776884861.6321027,1.0,0.0,-36.0
1776884861.6421027,0.0,-1.0,-41.0
1776884861.6521027,-1.0,2.0,-39.0
1776884861.6621027,-6.0,1.0,-38.0
1776884861.6721027,-1.0,0.0,-42.0
1776884861.682103,0.0,-3.0,-43.0
1776884861.692103,-2.0,-4.0,-48.0
1776884861.702103,-1.0,-5.0,-44.0
1776884861.712103,-3.0,0.0,-45.0
1776884861.7221026,2.0,2.0,-35.0
1776884861.7321026,1.0,6.0,-30.0
1776884861.7421026,3.0,6.0,-29.0
1776884861.7521029,2.0,9.0,-27.0
1776884861.7621028,3.0,3.0,-31.0
1776884861.7721028,6.0,4.0,-30.0
1776884861.7821028,4.0,2.0,-32.0
1776884861.7921028,3.0,2.0,-41.0
1776884861.8021028,0.0,0.0,-41.0
1776884861.8121028,-3.0,-1.0,-47.0
1776884861.8221028,-4.0,-4.0,-49.0
1776884861.8321028,-2.0,-6.0,-53.0
1776884861.8421028,0.0,-4.0,-47.0
1776884861.8521028,-2.0,-1.0,-49.0
1776884861.8621027,1.0,2.0,-52.0
1776884861.8721027,1.0,2.0,-52.0
1776884861.8821027,3.0,1.0,-52.0
1776884861.8921027,0.0,2.0,-53.0
1776884861.9021027,-1.0,4.0,-60.0
1776884861.9121027,1.0,1.0,-54.0
1776884861.9221027,4.0,-1.0,-49.0
1776884861.932103,4.0,-5.0,-51.0
1776884861.942103,6.0,-7.0,-48.0
1776884861.952103,8.0,-4.0,-47.0
1776884861.962103,5.0,-7.0,-46.0
1776884861.9721026,4.0,-3.0,-43.0
1776884861.9821026,4.0,-4.0,-46.0
1776884861.9921026,5.0,-6.0,-47.0
1776884862.0021029,0.0,-6.0,-48.0
1776884862.0121028,0.0,-8.0,-46.0
1776884862.0221028,4.0,-6.0,-45.0
1776884862.0321028,5.0,-5.0,-35.0
1776884862.0421028,5.0,-4.0,-32.0
1776884862.0521028,1.0,-5.0,-32.0
1776884862.0621028,0.0,-3.0,-30.0
1776884862.0721028,-4.0,-4.0,-28.0
1776884862.0821028,-4.0,-3.0,-28.0
1776884862.0921028,0.0,-2.0,-29.0
1776884862.1021028,0.0,1.0,-29.0
1776884862.1121027,0.0,0.0,-28.0
1776884862.1221027,1.0,-2.0,-30.0
1776884862.1321027,0.0,-6.0,-34.0
1776884862.1421027,1.0,-5.0,-40.0
1776884862.1521027,3.0,-4.0,-44.0
1776884862.1621027,5.0,0.0,-40.0
1776884862.1721027,4.0,0.0,-41.0
1776884862.182103,2.0,4.0,-41.0
1776884862.192103,0.0,4.0,-45.0
1776884862.202103,-5.0,2.0,-41.0
1776884862.212103,-2.0,0.0,-44.0
1776884862.2221026,1.0,1.0,-47.0
1776884862.2321026,8.0,0.0,-44.0
1776884862.2421026,2.0,-1.0,-41.0
1776884862.2531028,-2.0,-3.0,-41.0
1776884862.2631028,-1.0,-11.0,-38.0
1776884862.2731028,0.0,-5.0,-40.0
1776884862.2831028,5.0,-3.0,-39.0
1776884862.2931027,8.0,-6.0,-48.0
1776884862.3031027,10.0,-1.0,-49.0
1776884862.3131027,7.0,4.0,-43.0
1776884862.3231027,6.0,5.0,-48.0
1776884862.3331027,4.0,2.0,-51.0
1776884862.3431027,1.0,2.0,-47.0
1776884862.3531027,2.0,3.0,-40.0
1776884862.363103,-2.0,5.0,-46.0
1776884862.373103,-5.0,6.0,-39.0
1776884862.383103,-7.0,5.0,-44.0
1776884862.3931026,-7.0,6.0,-50.0
1776884862.4031026,-6.0,2.0,-42.0
1776884862.4131026,-4.0,-1.0,-43.0
1776884862.4231029,-2.0,-2.0,-45.0
1776884862.4331028,1.0,-2.0,-49.0
1776884862.4431028,2.0,-4.0,-45.0
1776884862.4531028,4.0,-6.0,-43.0
1776884862.4631028,-4.0,-8.0,-38.0
1776884862.4731028,-4.0,-8.0,-39.0
1776884862.4831028,0.0,-8.0,-47.0
1776884862.4931028,2.0,-7.0,-57.0
1776884862.5031028,2.0,-3.0,-58.0
1776884862.5131028,2.0,-1.0,-56.0
1776884862.5231028,3.0,-5.0,-53.0
1776884862.5331028,5.0,-6.0,-43.0
1776884862.5431027,-1.0,-5.0,-48.0
1776884862.5531027,-1.0,-5.0,-52.0
1776884862.5631027,0.0,-5.0,-48.0
1776884862.5731027,-2.0,-2.0,-49.0
1776884862.5831027,-4.0,-4.0,-48.0
1776884862.5931027,-6.0,-4.0,-48.0
1776884862.6031027,-9.0,-2.0,-50.0
1776884862.613103,-4.0,-1.0,-47.0
1776884862.623103,-5.0,-1.0,-47.0
1776884862.633103,-2.0,-3.0,-50.0
1776884862.6431026,-1.0,-6.0,-54.0
1776884862.6531026,-2.0,-5.0,-47.0
1776884862.6631026,-1.0,-8.0,-52.0
1776884862.6731029,-1.0,-5.0,-52.0
1776884862.6831028,-4.0,0.0,-48.0
1776884862.6931028,-4.0,0.0,-51.0
1776884862.7031028,-1.0,1.0,-48.0
1776884862.7131028,-1.0,-2.0,-52.0
1776884862.7231028,-6.0,0.0,-49.0
1776884862.7331028,-7.0,-1.0,-53.0
1776884862.7431028,0.0,-3.0,-53.0
1776884862.7531028,-2.0,-1.0,-51.0
1776884862.7631028,0.0,-2.0,-48.0
1776884862.7731028,2.0,-2.0,-47.0
1776884862.7831028,2.0,-3.0,-40.0
1776884862.7931027,4.0,0.0,-39.0
1776884862.8031027,3.0,0.0,-41.0
1776884862.8131027,0.0,5.0,-51.0
1776884862.8231027,2.0,6.0,-55.0
1776884862.8331027,0.0,6.0,-54.0
1776884862.8431027,2.0,5.0,-52.0
1776884862.8531027,5.0,5.0,-48.0
1776884862.863103,2.0,6.0,-47.0
1776884862.873103,0.0,2.0,-50.0
1776884862.883103,-4.0,4.0,-44.0
1776884862.8931026,-3.0,2.0,-41.0
1776884862.9031026,-3.0,-3.0,-40.0
1776884862.9131026,-3.0,-3.0,-42.0
1776884862.9231029,-3.0,-5.0,-42.0
1776884862.9331028,-3.0,-2.0,-43.0
1776884862.9431028,-1.0,0.0,-49.0
1776884862.9531028,3.0,0.0,-47.0
1776884862.9631028,1.0,0.0,-46.0
1776884862.9731028,-1.0,0.0,-42.0
1776884862.9831028,0.0,-4.0,-41.0
1776884862.9931028,4.0,-2.0,-45.0
1776884863.0031028,1.0,-4.0,-51.0
1776884863.0131028,0.0,-6.0,-55.0
1776884863.0231028,0.0,-10.0,-47.0
1776884863.0331028,3.0,-8.0,-42.0
1776884863.0431027,4.0,-4.0,-40.0
1776884863.0531027,3.0,-4.0,-40.0
1776884863.0631027,3.0,-4.0,-43.0
1776884863.0731027,5.0,-2.0,-43.0
1776884863.0831027,9.0,-7.0,-45.0
1776884863.0931027,10.0,-6.0,-52.0
1776884863.1031027,9.0,-3.0,-48.0
1776884863.113103,6.0,1.0,-48.0
1776884863.123103,6.0,0.0,-54.0
1776884863.133103,5.0,-7.0,-48.0
1776884863.1431026,3.0,-6.0,-53.0
1776884863.1531026,0.0,-3.0,-45.0
1776884863.1631026,-4.0,-5.0,-45.0
1776884863.1731029,-5.0,1.0,-39.0
1776884863.1831028,-4.0,4.0,-37.0
1776884863.1931028,-2.0,6.0,-37.0
1776884863.2031028,-2.0,2.0,-39.0
1776884863.2131028,-6.0,2.0,-37.0
1776884863.2231028,-5.0,-1.0,-39.0
1776884863.2331028,-7.0,1.0,-39.0
1776884863.2431028,-6.0,0.0,-47.0
1776884863.2531028,-7.0,-3.0,-49.0
1776884863.2631028,-5.0,-4.0,-50.0
1776884863.2731028,-8.0,-3.0,-48.0
1776884863.2831028,-8.0,-3.0,-46.0
1776884863.2931027,-10.0,-4.0,-42.0
1776884863.3031027,-9.0,-9.0,-45.0
1776884863.3131027,-7.0,-5.0,-45.0
1776884863.3231027,-4.0,-3.0,-43.0
1776884863.3331027,0.0,1.0,-38.0
1776884863.3431027,2.0,0.0,-37.0
1776884863.3531027,2.0,-1.0,-37.0
1776884863.363103,0.0,0.0,-38.0
1776884863.373103,3.0,0.0,-35.0
1776884863.383103,4.0,-1.0,-36.0
1776884863.3931026,7.0,-2.0,-36.0
1776884863.4031026,3.0,0.0,-41.0
1776884863.4131026,4.0,2.0,-44.0
1776884863.4231029,2.0,4.0,-42.0
1776884863.4331028,0.0,0.0,-44.0
1776884863.4431028,1.0,-1.0,-42.0
1776884863.4531028,0.0,-2.0,-43.0
1776884863.4631028,2.0,2.0,-41.0
1776884863.4731028,-2.0,1.0,-43.0
1776884863.4831028,-8.0,1.0,-42.0
1776884863.4931028,-7.0,3.0,-47.0
1776884863.5031028,-2.0,0.0,-46.0
1776884863.5131028,-3.0,0.0,-43.0
1776884863.5231028,1.0,1.0,-37.0
1776884863.5331028,2.0,4.0,-37.0
1776884863.5431027,3.0,1.0,-38.0
1776884863.554103,5.0,2.0,-35.0
1776884863.5631027,11.0,2.0,-37.0
1776884863.5731027,6.0,0.0,-45.0
1776884863.5831027,2.0,1.0,-43.0
1776884863.5931027,4.0,1.0,-45.0
1776884863.6031027,0.0,-4.0,-40.0
1776884863.613103,-4.0,-4.0,-43.0
1776884863.623103,-6.0,-1.0,-48.0
1776884863.633103,-7.0,-2.0,-49.0
1776884863.6431026,-5.0,-1.0,-56.0
1776884863.6531026,-1.0,-4.0,-55.0
1776884863.6631026,4.0,-9.0,-54.0
1776884863.6731029,7.0,-7.0,-45.0
1776884863.6831028,-1.0,-4.0,-44.0
1776884863.6931028,4.0,-3.0,-46.0
1776884863.7031028,5.0,-1.0,-47.0
1776884863.7131028,6.0,-1.0,-47.0
1776884863.7231028,2.0,-3.0,-47.0
1776884863.7331028,0.0,-6.0,-37.0
1776884863.7431028,-2.0,-8.0,-31.0
1776884863.7531028,-1.0,-4.0,-32.0
1776884863.7631028,-1.0,-5.0,-31.0
1776884863.7731028,-2.0,-2.0,-33.0
1776884863.7831028,-5.0,-2.0,-38.0
1776884863.7931027,-2.0,-4.0,-43.0
1776884863.8031027,0.0,-2.0,-42.0
1776884863.8131027,-1.0,-5.0,-51.0
1776884863.8231027,3.0,-3.0,-54.0
1776884863.8331027,5.0,-7.0,-51.0
1776884863.8431027,2.0,-7.0,-50.0
1776884863.8531027,3.0,-7.0,-50.0
1776884863.863103,6.0,-3.0,-50.0
1776884863.873103,7.0,-3.0,-50.0
1776884863.883103,8.0,-3.0,-49.0
1776884863.8931026,6.0,-2.0,-49.0
1776884863.9031026,6.0,0.0,-52.0
1776884863.9131026,5.0,-5.0,-49.0
1776884863.9231029,5.0,-9.0,-46.0
1776884863.9331028,1.0,-9.0,-38.0
1776884863.9431028,1.0,-6.0,-36.0
1776884863.9531028,0.0,-5.0,-36.0
1776884863.9631028,0.0,-2.0,-36.0
1776884863.9731028,3.0,-2.0,-43.0
1776884863.9831028,3.0,-3.0,-40.0
1776884863.9931028,5.0,-6.0,-43.0
1776884864.0031028,5.0,-2.0,-39.0
1776884864.0131028,3.0,-5.0,-37.0
1776884864.0231028,5.0,-4.0,-37.0
1776884864.0331028,3.0,1.0,-42.0
1776884864.0431027,1.0,-1.0,-39.0
1776884864.0531027,3.0,-2.0,-41.0
1776884864.0631027,4.0,-2.0,-36.0
1776884864.0731027,2.0,0.0,-38.0
1776884864.0831027,-1.0,-4.0,-34.0
1776884864.0931027,2.0,-6.0,-41.0
1776884864.1031027,4.0,-8.0,-43.0
1776884864.113103,2.0,-7.0,-37.0
1776884864.123103,2.0,-6.0,-40.0
1776884864.133103,0.0,-2.0,-51.0
1776884864.1431026,3.0,-5.0,-48.0
1776884864.1531026,6.0,-4.0,-48.0
1776884864.1631026,1.0,1.0,-48.0
1776884864.1731029,-1.0,1.0,-49.0
1776884864.1831028,-4.0,2.0,-48.0
1776884864.1931028,-1.0,3.0,-40.0
1776884864.2031028,0.0,4.0,-40.0
1776884864.2131028,0.0,4.0,-38.0
1776884864.2241027,-1.0,2.0,-37.0
1776884864.2341027,-6.0,2.0,-35.0
1776884864.2441027,-5.0,1.0,-32.0
1776884864.2541027,-2.0,0.0,-40.0
1776884864.2631028,-4.0,-3.0,-43.0
1776884864.2741027,-1.0,-2.0,-42.0
1776884864.284103,-2.0,-1.0,-37.0
1776884864.294103,-2.0,0.0,-40.0
1776884864.304103,-1.0,2.0,-37.0
1776884864.3141026,-1.0,9.0,-44.0
1776884864.3241026,0.0,5.0,-41.0
1776884864.3341026,-2.0,5.0,-37.0
1776884864.3441026,-3.0,-1.0,-35.0
1776884864.3541028,0.0,-5.0,-34.0
1776884864.3641028,0.0,-3.0,-31.0
1776884864.3741028,1.0,-4.0,-35.0
1776884864.3841028,2.0,-3.0,-41.0
1776884864.3941028,0.0,-1.0,-36.0
1776884864.4041028,-2.0,-2.0,-40.0
1776884864.4141028,-3.0,-2.0,-42.0
1776884864.4241028,-2.0,1.0,-50.0
1776884864.4341028,-2.0,0.0,-53.0
1776884864.4441028,-3.0,1.0,-52.0
1776884864.4541028,3.0,1.0,-48.0
1776884864.4641027,1.0,1.0,-47.0
1776884864.4741027,2.0,1.0,-45.0
1776884864.4841027,1.0,0.0,-45.0
1776884864.4941027,3.0,0.0,-52.0
1776884864.5041027,5.0,3.0,-51.0
1776884864.5141027,3.0,3.0,-51.0
1776884864.5241027,4.0,7.0,-52.0
1776884864.534103,0.0,6.0,-50.0
1776884864.544103,0.0,6.0,-48.0
1776884864.554103,2.0,2.0,-51.0
1776884864.5641026,3.0,0.0,-45.0
1776884864.5741026,-1.0,-4.0,-42.0
1776884864.5841026,4.0,-2.0,-41.0
1776884864.5941026,0.0,-2.0,-46.0
1776884864.6041028,0.0,-4.0,-47.0
1776884864.6141028,4.0,-5.0,-46.0
1776884864.6241028,4.0,-3.0,-43.0
1776884864.6341028,2.0,-5.0,-43.0
1776884864.6441028,1.0,0.0,-45.0
1776884864.6541028,-1.0,4.0,-42.0
1776884864.6641028,0.0,7.0,-44.0
1776884864.6741028,-1.0,7.0,-41.0
1776884864.6841028,-3.0,5.0,-46.0
1776884864.6941028,-3.0,1.0,-41.0
1776884864.7041028,2.0,-2.0,-48.0
1776884864.7141027,3.0,0.0,-50.0
1776884864.7241027,0.0,-2.0,-46.0
1776884864.7341027,0.0,-3.0,-44.0
1776884864.7441027,2.0,-4.0,-42.0
1776884864.7541027,3.0,-3.0,-48.0
1776884864.7641027,3.0,0.0,-52.0
1776884864.7741027,0.0,1.0,-53.0
1776884864.784103,-2.0,0.0,-50.0
1776884864.794103,-1.0,2.0,-47.0
1776884864.804103,-3.0,3.0,-45.0
1776884864.8141026,-2.0,1.0,-41.0
1776884864.8241026,-1.0,0.0,-44.0
1776884864.8341026,3.0,0.0,-43.0
1776884864.8441026,1.0,0.0,-47.0
1776884864.8541028,1.0,2.0,-45.0
1776884864.8641028,4.0,1.0,-47.0
1776884864.8741028,3.0,2.0,-47.0
1776884864.8841028,2.0,1.0,-47.0
1776884864.8941028,5.0,0.0,-49.0
1776884864.9041028,9.0,0.0,-51.0
1776884864.9141028,8.0,-3.0,-48.0
1776884864.9241028,7.0,0.0,-40.0
1776884864.9341028,7.0,0.0,-38.0
1776884864.9441028,6.0,2.0,-40.0
1776884864.9541028,6.0,4.0,-38.0
1776884864.9641027,1.0,6.0,-39.0
1776884864.9741027,-2.0,3.0,-39.0
1776884864.9841027,0.0,-2.0,-33.0
1776884864.9941027,0.0,-2.0,-36.0
1776884865.0041027,0.0,-1.0,-42.0
1776884865.0141027,0.0,2.0,-41.0
1776884865.0241027,2.0,1.0,-41.0
1776884865.034103,2.0,0.0,-48.0
1776884865.044103,1.0,-3.0,-49.0
1776884865.054103,2.0,-1.0,-48.0
1776884865.0641026,-2.0,-2.0,-47.0
1776884865.0741026,1.0,-1.0,-46.0
1776884865.0841026,3.0,-5.0,-42.0
1776884865.0941026,1.0,-4.0,-38.0
1776884865.1041028,5.0,0.0,-44.0
1776884865.1141028,3.0,-1.0,-34.0
1776884865.1241028,2.0,-3.0,-31.0
1776884865.1341028,2.0,-7.0,-36.0
1776884865.1441028,0.0,-4.0,-36.0
1776884865.1541028,4.0,-6.0,-44.0
1776884865.1641028,5.0,-3.0,-44.0
1776884865.1741028,2.0,-6.0,-40.0
1776884865.1841028,2.0,-5.0,-35.0
1776884865.1941028,3.0,-7.0,-39.0
1776884865.2041028,6.0,-8.0,-40.0
1776884865.2141027,10.0,-5.0,-51.0
1776884865.2241027,6.0,-9.0,-54.0
1776884865.2341027,1.0,-12.0,-51.0
1776884865.2441027,4.0,-11.0,-46.0
1776884865.2541027,5.0,-11.0,-47.0
1776884865.2641027,3.0,-7.0,-45.0
1776884865.2741027,1.0,-3.0,-44.0
1776884865.284103,1.0,-2.0,-43.0
1776884865.294103,0.0,-4.0,-45.0
1776884865.304103,-1.0,-1.0,-51.0
1776884865.3141026,-2.0,2.0,-51.0
1776884865.3241026,-2.0,3.0,-53.0
1776884865.3341026,-3.0,0.0,-47.0
1776884865.3441026,-3.0,-1.0,-48.0
1776884865.3541028,1.0,0.0,-53.0
1776884865.3641028,1.0,2.0,-43.0
1776884865.3741028,1.0,-2.0,-38.0
1776884865.3841028,1.0,-3.0,-38.0
1776884865.3941028,1.0,-6.0,-42.0
1776884865.4041028,1.0,-2.0,-40.0
1776884865.4141028,1.0,0.0,-39.0
1776884865.4241028,1.0,1.0,-37.0
1776884865.4341028,-4.0,2.0,-45.0
1776884865.4441028,-1.0,-1.0,-44.0
1776884865.4541028,0.0,0.0,-36.0
1776884865.4641027,1.0,0.0,-41.0
1776884865.4741027,1.0,-1.0,-42.0
1776884865.4841027,3.0,1.0,-44.0
1776884865.4941027,6.0,4.0,-43.0
1776884865.5041027,10.0,1.0,-40.0
1776884865.5141027,5.0,0.0,-46.0
1776884865.5241027,7.0,-1.0,-46.0
1776884865.534103,3.0,-5.0,-44.0
1776884865.544103,0.0,-6.0,-39.0
1776884865.554103,0.0,-7.0,-39.0
1776884865.5641026,-3.0,-8.0,-50.0
1776884865.5741026,-3.0,-6.0,-54.0
1776884865.5841026,0.0,-10.0,-56.0
1776884865.5941026,1.0,-15.0,-47.0
1776884865.6041028,0.0,-12.0,-44.0
1776884865.6141028,2.0,-11.0,-41.0
1776884865.6241028,3.0,-10.0,-36.0
1776884865.6341028,2.0,-8.0,-43.0
1776884865.6441028,2.0,-9.0,-41.0
1776884865.6541028,3.0,-6.0,-41.0
1776884865.6641028,5.0,-4.0,-45.0
1776884865.6741028,9.0,-3.0,-41.0
1776884865.6841028,6.0,-3.0,-44.0
1776884865.6941028,6.0,0.0,-50.0
1776884865.7041028,1.0,0.0,-51.0
1776884865.7141027,0.0,4.0,-47.0
1776884865.7241027,-1.0,6.0,-51.0
1776884865.7341027,3.0,4.0,-53.0
1776884865.7441027,7.0,5.0,-48.0
1776884865.7541027,6.0,1.0,-47.0
1776884865.7641027,5.0,0.0,-54.0
1776884865.7741027,5.0,0.0,-59.0
1776884865.784103,3.0,0.0,-55.0
1776884865.794103,4.0,0.0,-54.0
1776884865.804103,1.0,1.0,-50.0
1776884865.8141026,0.0,0.0,-47.0
1776884865.8241026,1.0,0.0,-54.0
1776884865.8341026,3.0,0.0,-46.0
1776884865.8441026,0.0,0.0,-42.0
1776884865.8541028,-5.0,1.0,-46.0
1776884865.8641028,0.0,1.0,-52.0
1776884865.8741028,-1.0,0.0,-44.0
1776884865.8841028,3.0,2.0,-37.0
1776884865.8941028,5.0,1.0,-42.0
1776884865.9041028,5.0,6.0,-44.0
1776884865.9141028,3.0,3.0,-40.0
1776884865.9241028,2.0,0.0,-45.0
1776884865.9341028,2.0,0.0,-39.0
1776884865.9441028,6.0,-1.0,-43.0
1776884865.9541028,2.0,0.0,-37.0
1776884865.9641027,5.0,-2.0,-32.0
1776884865.9741027,2.0,-1.0,-36.0
1776884865.9841027,1.0,-3.0,-43.0
1776884865.9941027,2.0,-2.0,-46.0
1776884866.0041027,2.0,-3.0,-41.0
1776884866.0141027,-2.0,1.0,-39.0
1776884866.0241027,-2.0,-2.0,-41.0
1776884866.034103,-3.0,-1.0,-46.0
1776884866.044103,-3.0,-1.0,-42.0
1776884866.054103,0.0,-2.0,-40.0
1776884866.0641026,2.0,-3.0,-43.0
1776884866.0741026,7.0,-3.0,-50.0
1776884866.0841026,4.0,-2.0,-42.0
1776884866.0941026,-1.0,-1.0,-42.0
1776884866.1041028,-3.0,-4.0,-39.0
1776884866.1141028,-3.0,-1.0,-42.0
1776884866.1241028,-4.0,-5.0,-51.0
1776884866.1341028,-10.0,-4.0,-49.0
1776884866.1441028,-8.0,-3.0,-45.0
1776884866.1541028,-6.0,0.0,-44.0
1776884866.1641028,0.0,0.0,-40.0
1776884866.1741028,1.0,1.0,-42.0
1776884866.1841028,2.0,2.0,-39.0
1776884866.1951027,1.0,-2.0,-44.0
1776884866.2041028,0.0,-4.0,-44.0
1776884866.215103,2.0,-7.0,-45.0
1776884866.225103,5.0,-6.0,-53.0
1776884866.235103,7.0,-4.0,-51.0
1776884866.2451026,4.0,0.0,-44.0
1776884866.2551026,7.0,2.0,-42.0
1776884866.2651026,6.0,2.0,-51.0
1776884866.2751029,4.0,4.0,-53.0
1776884866.2851028,4.0,1.0,-48.0
1776884866.2951028,6.0,3.0,-46.0
1776884866.3051028,5.0,5.0,-40.0
1776884866.3151028,6.0,7.0,-40.0
1776884866.3251028,8.0,10.0,-45.0
1776884866.3351028,6.0,6.0,-47.0
1776884866.3451028,10.0,7.0,-51.0
1776884866.3551028,8.0,8.0,-49.0
1776884866.3651028,13.0,9.0,-54.0
1776884866.3751028,14.0,6.0,-51.0
1776884866.3851027,12.0,4.0,-59.0
1776884866.3951027,9.0,4.0,-59.0
1776884866.4051027,10.0,9.0,-57.0
1776884866.4151027,14.0,11.0,-52.0
1776884866.4251027,13.0,6.0,-50.0
1776884866.4351027,9.0,4.0,-46.0
1776884866.4451027,8.0,1.0,-47.0
1776884866.4551027,12.0,0.0,-44.0
1776884866.465103,11.0,4.0,-48.0
1776884866.475103,12.0,7.0,-53.0
1776884866.485103,7.0,5.0,-53.0
1776884866.4951026,3.0,0.0,-56.0
1776884866.5051026,4.0,2.0,-58.0
1776884866.5151026,4.0,1.0,-54.0
1776884866.5251029,0.0,0.0,-58.0
1776884866.5351028,0.0,1.0,-61.0
1776884866.5451028,1.0,0.0,-51.0
1776884866.5551028,0.0,-1.0,-49.0
1776884866.5651028,0.0,1.0,-51.0
1776884866.5751028,-2.0,-1.0,-45.0
1776884866.5851028,4.0,0.0,-42.0
1776884866.5951028,5.0,-1.0,-46.0
1776884866.6051028,4.0,0.0,-41.0
1776884866.6151028,-1.0,-2.0,-47.0
1776884866.6261027,-2.0,0.0,-40.0
1776884866.6351027,-5.0,0.0,-45.0
1776884866.6451027,-3.0,-2.0,-50.0
1776884866.6551027,-3.0,-7.0,-51.0
1776884866.6651027,0.0,-10.0,-47.0
1776884866.6751027,2.0,-6.0,-46.0
1776884866.6851027,-3.0,-2.0,-45.0
1776884866.6951027,1.0,-4.0,-49.0
1776884866.7051027,5.0,-2.0,-54.0
1776884866.715103,1.0,-2.0,-48.0
1776884866.725103,1.0,0.0,-43.0
1776884866.735103,1.0,3.0,-42.0
1776884866.7451026,1.0,3.0,-43.0
1776884866.7551026,2.0,2.0,-44.0
1776884866.7651026,0.0,3.0,-46.0
1776884866.7751029,-2.0,2.0,-48.0
1776884866.7851028,-2.0,1.0,-42.0
1776884866.7951028,-4.0,0.0,-40.0
1776884866.8051028,0.0,-1.0,-38.0
1776884866.8151028,0.0,-5.0,-41.0
1776884866.8251028,-3.0,1.0,-40.0
1776884866.8351028,0.0,2.0,-44.0
1776884866.8451028,-1.0,3.0,-48.0
1776884866.8551028,-1.0,0.0,-38.0
1776884866.8651028,-1.0,0.0,-41.0
1776884866.8751028,2.0,0.0,-39.0
1776884866.8851027,2.0,-2.0,-38.0
1776884866.8951027,3.0,-6.0,-28.0
1776884866.9051027,2.0,0.0,-31.0
1776884866.9151027,5.0,-1.0,-36.0
1776884866.9251027,5.0,-2.0,-37.0
1776884866.9351027,0.0,-1.0,-34.0
1776884866.9451027,0.0,2.0,-46.0
1776884866.9551027,-4.0,5.0,-54.0
1776884866.965103,-4.0,4.0,-52.0
1776884866.975103,-1.0,4.0,-47.0
1776884866.985103,-1.0,5.0,-49.0
1776884866.9951026,0.0,4.0,-44.0
1776884867.0051026,2.0,6.0,-43.0
1776884867.0151026,7.0,4.0,-46.0
1776884867.0251029,9.0,4.0,-43.0
1776884867.0351028,9.0,3.0,-41.0
1776884867.0451028,11.0,2.0,-41.0
1776884867.0551028,7.0,-3.0,-45.0
1776884867.0651028,0.0,-4.0,-52.0
1776884867.0751028,1.0,-4.0,-54.0
1776884867.0851028,3.0,-7.0,-49.0
1776884867.0951028,3.0,-8.0,-49.0
1776884867.1051028,4.0,-4.0,-46.0
1776884867.1151028,2.0,-3.0,-43.0
1776884867.1251028,0.0,-2.0,-42.0
1776884867.1351027,2.0,1.0,-38.0
1776884867.1451027,2.0,-3.0,-33.0
1776884867.1551027,4.0,0.0,-33.0
1776884867.1651027,2.0,-3.0,-36.0
1776884867.1751027,-2.0,-6.0,-30.0
1776884867.1851027,0.0,0.0,-40.0
1776884867.1951027,4.0,-3.0,-39.0
1776884867.2051027,4.0,0.0,-44.0
1776884867.215103,4.0,-1.0,-39.0
1776884867.225103,8.0,-5.0,-46.0
1776884867.235103,8.0,-3.0,-38.0
1776884867.2451026,8.0,-2.0,-40.0
1776884867.2551026,10.0,3.0,-39.0
1776884867.2651026,7.0,9.0,-41.0
1776884867.2751029,8.0,7.0,-39.0
1776884867.2851028,5.0,3.0,-41.0
1776884867.2951028,4.0,1.0,-41.0
1776884867.3051028,-1.0,0.0,-48.0
1776884867.3151028,-1.0,3.0,-44.0
1776884867.3251028,-6.0,5.0,-47.0
1776884867.3351028,-7.0,3.0,-45.0
1776884867.3451028,-4.0,3.0,-46.0
1776884867.3551028,-4.0,2.0,-42.0
1776884867.3651028,-8.0,1.0,-42.0
1776884867.3751028,-7.0,-1.0,-44.0
1776884867.3851027,-4.0,-2.0,-48.0
1776884867.3951027,-2.0,-3.0,-50.0
1776884867.4051027,-5.0,-4.0,-44.0
1776884867.4151027,-6.0,-3.0,-47.0
1776884867.4251027,-2.0,-8.0,-38.0
1776884867.4351027,2.0,-6.0,-37.0
1776884867.4451027,0.0,-4.0,-43.0
1776884867.4551027,0.0,-3.0,-42.0
1776884867.465103,0.0,-4.0,-46.0
1776884867.475103,5.0,-5.0,-44.0
1776884867.485103,2.0,-3.0,-45.0
1776884867.4951026,2.0,-3.0,-49.0
1776884867.5051026,3.0,-7.0,-56.0
1776884867.5151026,5.0,-3.0,-55.0
1776884867.5251029,7.0,0.0,-46.0
1776884867.5351028,7.0,-1.0,-47.0
1776884867.5451028,5.0,-4.0,-56.0
1776884867.5551028,6.0,-2.0,-54.0
1776884867.5651028,5.0,-6.0,-52.0
1776884867.5751028,6.0,-1.0,-56.0
1776884867.5851028,8.0,2.0,-53.0
1776884867.5951028,5.0,1.0,-53.0
1776884867.6051028,0.0,2.0,-60.0
1776884867.6151028,1.0,2.0,-57.0
1776884867.6251028,-1.0,3.0,-55.0
1776884867.6351027,-6.0,2.0,-49.0
1776884867.6451027,-5.0,0.0,-53.0
1776884867.6551027,0.0,-1.0,-46.0
1776884867.6651027,5.0,0.0,-52.0
1776884867.6751027,5.0,-2.0,-51.0
1776884867.6851027,6.0,0.0,-51.0
1776884867.6951027,8.0,0.0,-60.0
1776884867.7051027,9.0,0.0,-53.0
1776884867.715103,1.0,-1.0,-52.0
1776884867.725103,0.0,0.0,-54.0
1776884867.735103,-2.0,0.0,-53.0
1776884867.7451026,-2.0,-6.0,-55.0
1776884867.7551026,0.0,-5.0,-57.0
1776884867.7651026,-1.0,-2.0,-53.0
1776884867.7751029,-2.0,-3.0,-48.0
1776884867.7851028,-2.0,-4.0,-42.0
1776884867.7951028,-4.0,-7.0,-35.0
1776884867.8051028,-4.0,-7.0,-37.0
1776884867.8151028,-1.0,-3.0,-37.0
1776884867.8251028,-2.0,-2.0,-34.0
1776884867.8351028,-1.0,1.0,-35.0
1776884867.8451028,1.0,0.0,-37.0
1776884867.8551028,-1.0,0.0,-34.0
1776884867.8651028,-2.0,1.0,-35.0
1776884867.8751028,1.0,5.0,-36.0
1776884867.8851027,5.0,4.0,-32.0
1776884867.8951027,2.0,1.0,-28.0
1776884867.9051027,1.0,-1.0,-43.0
1776884867.9151027,2.0,-2.0,-51.0
1776884867.9251027,3.0,0.0,-44.0
1776884867.9351027,5.0,0.0,-43.0
1776884867.9451027,6.0,0.0,-47.0
1776884867.9551027,4.0,-1.0,-45.0
1776884867.965103,8.0,-4.0,-45.0
1776884867.975103,13.0,-6.0,-48.0
1776884867.985103,10.0,-1.0,-44.0
1776884867.9951026,6.0,1.0,-36.0
1776884868.0051026,4.0,-1.0,-35.0
1776884868.0151026,3.0,-7.0,-32.0
1776884868.0251029,7.0,-3.0,-38.0
1776884868.0351028,3.0,-1.0,-36.0
1776884868.0451028,0.0,-3.0,-35.0
1776884868.0551028,2.0,-6.0,-42.0
1776884868.0651028,-1.0,-4.0,-45.0
1776884868.0751028,-1.0,-4.0,-40.0
1776884868.0851028,-2.0,-6.0,-41.0
1776884868.0951028,0.0,-5.0,-39.0
1776884868.1051028,1.0,-4.0,-39.0
1776884868.1151028,-3.0,-2.0,-35.0
1776884868.1251028,0.0,-3.0,-38.0
1776884868.1351027,-2.0,-6.0,-47.0
1776884868.1451027,-1.0,0.0,-49.0
1776884868.156103,-1.0,0.0,-49.0
1776884868.1661026,-1.0,2.0,-47.0
1776884868.1751027,0.0,4.0,-47.0
1776884868.1861026,3.0,1.0,-49.0
1776884868.1951027,7.0,0.0,-49.0
1776884868.2051027,0.0,-1.0,-47.0
1776884868.2161028,4.0,0.0,-50.0
1776884868.2261028,4.0,4.0,-47.0
1776884868.2361028,3.0,2.0,-48.0
1776884868.2461028,1.0,0.0,-46.0
1776884868.2561028,6.0,-3.0,-48.0
1776884868.2661028,8.0,0.0,-42.0
1776884868.2761028,9.0,0.0,-39.0
1776884868.2861028,4.0,1.0,-40.0
1776884868.2961028,-2.0,4.0,-34.0
1776884868.3061028,2.0,9.0,-33.0
1776884868.3161027,0.0,5.0,-36.0
1776884868.3261027,2.0,5.0,-35.0
1776884868.3361027,0.0,4.0,-36.0
1776884868.3461027,1.0,0.0,-38.0
1776884868.3561027,5.0,-1.0,-39.0
1776884868.3661027,6.0,1.0,-41.0
1776884868.3761027,6.0,1.0,-48.0
1776884868.386103,11.0,1.0,-46.0
1776884868.396103,10.0,0.0,-43.0
1776884868.406103,9.0,1.0,-42.0
1776884868.4161026,3.0,0.0,-50.0
1776884868.4261026,-4.0,0.0,-51.0
1776884868.4361026,-7.0,-2.0,-51.0
1776884868.4461029,-8.0,-2.0,-51.0
1776884868.4561028,-6.0,-6.0,-46.0
1776884868.4661028,-7.0,-2.0,-44.0
1776884868.4761028,-4.0,-3.0,-44.0
1776884868.4861028,-4.0,-7.0,-45.0
1776884868.4961028,-5.0,-6.0,-50.0
1776884868.5061028,-7.0,-8.0,-48.0
1776884868.5161028,-5.0,0.0,-43.0
1776884868.5261028,0.0,-2.0,-39.0
1776884868.5361028,-1.0,-2.0,-37.0
1776884868.5461028,-1.0,-1.0,-44.0
1776884868.5561028,2.0,2.0,-49.0
1776884868.5661027,0.0,3.0,-49.0
1776884868.5761027,1.0,0.0,-50.0
1776884868.5861027,0.0,2.0,-49.0
1776884868.5961027,-1.0,2.0,-52.0
1776884868.6061027,0.0,0.0,-46.0
1776884868.6161027,2.0,-2.0,-40.0
1776884868.6261027,7.0,1.0,-48.0
1776884868.636103,2.0,4.0,-56.0
1776884868.646103,-1.0,6.0,-53.0
1776884868.656103,-4.0,6.0,-52.0
1776884868.6661026,-1.0,1.0,-53.0
1776884868.6761026,1.0,2.0,-53.0
1776884868.6861026,5.0,1.0,-50.0
1776884868.6961029,4.0,0.0,-53.0
1776884868.7061028,3.0,1.0,-46.0
1776884868.7161028,3.0,3.0,-46.0
1776884868.7261028,2.0,4.0,-48.0
1776884868.7361028,2.0,0.0,-47.0
1776884868.7461028,3.0,-5.0,-48.0
1776884868.7561028,2.0,-9.0,-53.0
1776884868.7661028,1.0,-7.0,-44.0
1776884868.7761028,2.0,-1.0,-43.0
1776884868.7861028,1.0,-4.0,-46.0
1776884868.7961028,-1.0,-5.0,-42.0
1776884868.8061028,2.0,-5.0,-42.0
1776884868.8161027,4.0,-5.0,-41.0
1776884868.8261027,5.0,-7.0,-45.0
1776884868.8361027,4.0,-6.0,-50.0
1776884868.8461027,8.0,-4.0,-52.0
1776884868.8561027,6.0,-5.0,-50.0
1776884868.8661027,3.0,-2.0,-51.0
1776884868.8761027,3.0,-1.0,-59.0
1776884868.886103,2.0,4.0,-61.0
1776884868.896103,0.0,2.0,-57.0
1776884868.906103,0.0,0.0,-52.0
1776884868.9161026,-2.0,-1.0,-55.0
1776884868.9261026,-3.0,-5.0,-50.0
1776884868.9361026,-6.0,-2.0,-55.0
1776884868.9461029,-3.0,2.0,-57.0
1776884868.9561028,0.0,0.0,-59.0
1776884868.9661028,0.0,5.0,-50.0
1776884868.9761028,-2.0,1.0,-48.0
1776884868.9861028,-2.0,-2.0,-48.0
1776884868.9961028,0.0,-5.0,-47.0
1776884869.0061028,-1.0,-5.0,-52.0
1776884869.0161028,-4.0,-4.0,-58.0
1776884869.0261028,-6.0,0.0,-52.0
1776884869.0361028,-9.0,-1.0,-52.0
1776884869.0461028,-2.0,-2.0,-55.0
1776884869.0561028,-3.0,0.0,-50.0
1776884869.0661027,1.0,-1.0,-44.0
1776884869.0761027,0.0,-5.0,-52.0
1776884869.0861027,-3.0,-9.0,-48.0
1776884869.0961027,-6.0,-4.0,-46.0
1776884869.1061027,-6.0,-4.0,-43.0
1776884869.1161027,-1.0,-3.0,-39.0
1776884869.1261027,-3.0,-5.0,-39.0
1776884869.136103,0.0,-4.0,-45.0
1776884869.146103,0.0,-4.0,-50.0
1776884869.156103,3.0,-8.0,-67.0
1776884869.1661026,6.0,-4.0,-66.0
1776884869.1761026,8.0,-3.0,-61.0
1776884869.1861026,7.0,-1.0,-62.0
1776884869.1961029,4.0,1.0,-58.0
1776884869.2061028,5.0,-2.0,-55.0
1776884869.2161028,3.0,0.0,-54.0
1776884869.2261028,8.0,-1.0,-54.0
1776884869.2361028,9.0,2.0,-56.0
1776884869.2461028,9.0,0.0,-52.0
1776884869.2561028,6.0,-1.0,-51.0
1776884869.2661028,2.0,2.0,-47.0
1776884869.2761028,0.0,0.0,-51.0
1776884869.2861028,-4.0,0.0,-52.0
1776884869.2961028,-7.0,0.0,-49.0
1776884869.3061028,-6.0,3.0,-52.0
1776884869.3161027,-3.0,4.0,-49.0
1776884869.3261027,-1.0,3.0,-52.0
1776884869.3361027,0.0,0.0,-55.0
1776884869.3461027,-7.0,-1.0,-53.0
1776884869.3561027,-6.0,-2.0,-49.0
1776884869.3661027,-3.0,-7.0,-46.0
1776884869.3761027,0.0,-7.0,-45.0
1776884869.386103,-1.0,-7.0,-37.0
1776884869.396103,-5.0,-2.0,-41.0
1776884869.406103,-4.0,0.0,-49.0
1776884869.4161026,-3.0,0.0,-43.0
1776884869.4261026,2.0,1.0,-45.0
1776884869.4361026,4.0,0.0,-48.0
1776884869.4461029,2.0,0.0,-55.0
1776884869.4561028,2.0,1.0,-46.0
1776884869.4661028,6.0,2.0,-41.0
1776884869.4761028,3.0,4.0,-44.0
1776884869.4861028,-2.0,6.0,-51.0
1776884869.4961028,-5.0,4.0,-51.0
1776884869.5061028,-4.0,4.0,-60.0
1776884869.5161028,-4.0,4.0,-57.0
1776884869.5261028,-4.0,1.0,-54.0
1776884869.5361028,-1.0,2.0,-47.0
1776884869.5461028,-1.0,5.0,-45.0
1776884869.5561028,-2.0,5.0,-44.0
1776884869.5661027,-6.0,0.0,-45.0
1776884869.5761027,-4.0,2.0,-40.0
1776884869.5861027,-2.0,2.0,-41.0
1776884869.5961027,-2.0,-3.0,-46.0
1776884869.6061027,1.0,-2.0,-50.0
1776884869.6161027,1.0,-2.0,-50.0
1776884869.6261027,0.0,-1.0,-53.0
1776884869.636103,-3.0,0.0,-50.0
1776884869.646103,0.0,0.0,-46.0
1776884869.656103,0.0,-2.0,-39.0
1776884869.6661026,1.0,1.0,-38.0
1776884869.6761026,0.0,3.0,-39.0
1776884869.6861026,4.0,3.0,-41.0
1776884869.6961029,1.0,3.0,-40.0
1776884869.7061028,0.0,0.0,-36.0
1776884869.7161028,-1.0,-2.0,-37.0
1776884869.7261028,0.0,-2.0,-31.0
1776884869.7361028,3.0,-2.0,-38.0
1776884869.7461028,0.0,-4.0,-35.0
1776884869.7561028,5.0,-6.0,-35.0
1776884869.7661028,4.0,-6.0,-33.0
1776884869.7761028,5.0,-3.0,-36.0
1776884869.7861028,7.0,-3.0,-43.0
1776884869.7961028,6.0,-5.0,-44.0
1776884869.8061028,2.0,-6.0,-42.0
1776884869.8161027,-2.0,-1.0,-46.0
1776884869.8261027,-1.0,1.0,-44.0
1776884869.8361027,1.0,2.0,-37.0
1776884869.8461027,3.0,-1.0,-40.0
1776884869.8561027,5.0,1.0,-42.0
1776884869.8661027,4.0,2.0,-42.0
1776884869.8761027,4.0,5.0,-36.0
1776884869.886103,3.0,5.0,-41.0
1776884869.896103,4.0,2.0,-41.0
1776884869.906103,0.0,-6.0,-41.0
1776884869.9161026,0.0,-3.0,-37.0
1776884869.9261026,-6.0,-3.0,-46.0
1776884869.9361026,-1.0,-1.0,-44.0
1776884869.9461029,-6.0,-2.0,-40.0
1776884869.9561028,-5.0,-8.0,-41.0
1776884869.9661028,-5.0,-6.0,-43.0
1776884869.9761028,-7.0,-6.0,-47.0
1776884869.9861028,-4.0,-5.0,-40.0
1776884869.9961028,-1.0,-2.0,-40.0
1776884870.0061028,0.0,-1.0,-41.0
1776884870.0161028,-5.0,-3.0,-43.0
1776884870.0261028,-5.0,-3.0,-38.0
1776884870.0361028,-3.0,-3.0,-34.0
1776884870.0461028,-2.0,-1.0,-34.0
1776884870.0561028,1.0,0.0,-40.0
1776884870.0661027,-3.0,1.0,-46.0
1776884870.0761027,-1.0,0.0,-45.0
1776884870.0861027,0.0,0.0,-53.0
1776884870.0961027,0.0,2.0,-62.0
1776884870.1061027,1.0,5.0,-64.0
1776884870.1171026,4.0,1.0,-67.0
1776884870.1271029,6.0,0.0,-63.0
1776884870.1371028,-2.0,5.0,-56.0
1776884870.146103,-2.0,0.0,-59.0
1776884870.1571028,0.0,0.0,-56.0
1776884870.1671028,0.0,3.0,-50.0
1776884870.1771028,1.0,5.0,-49.0
1776884870.1871028,1.0,3.0,-45.0
1776884870.1971028,0.0,2.0,-39.0
1776884870.2071028,1.0,0.0,-36.0
1776884870.2171028,3.0,0.0,-34.0
1776884870.2271028,5.0,-3.0,-38.0
1776884870.2371027,5.0,-2.0,-36.0
1776884870.2471027,6.0,-4.0,-32.0
1776884870.2571027,2.0,-2.0,-30.0
1776884870.2671027,-1.0,-1.0,-29.0
1776884870.2771027,-3.0,-1.0,-34.0
1776884870.2871027,-1.0,0.0,-41.0
1776884870.2971027,0.0,-2.0,-44.0
1776884870.307103,-1.0,-2.0,-46.0
1776884870.317103,0.0,0.0,-49.0
1776884870.327103,0.0,-1.0,-50.0
1776884870.337103,0.0,3.0,-54.0
1776884870.3471026,-3.0,1.0,-49.0
1776884870.3571026,-1.0,-2.0,-49.0
1776884870.3671026,-2.0,-3.0,-44.0
1776884870.3771029,0.0,-3.0,-45.0
1776884870.3871028,0.0,-3.0,-46.0
1776884870.3971028,-2.0,-4.0,-53.0
1776884870.4071028,0.0,-5.0,-53.0
1776884870.4171028,-2.0,-10.0,-45.0
1776884870.4271028,-8.0,-9.0,-44.0
1776884870.4371028,-9.0,-6.0,-44.0
1776884870.4471028,-10.0,-6.0,-42.0
1776884870.4571028,-9.0,-6.0,-43.0
1776884870.4671028,-11.0,-2.0,-39.0
1776884870.4771028,-7.0,0.0,-42.0
1776884870.4871027,-4.0,0.0,-46.0
1776884870.4971027,-2.0,-2.0,-39.0
1776884870.5071027,-5.0,0.0,-45.0
1776884870.5171027,-7.0,2.0,-50.0
1776884870.5271027,-4.0,2.0,-48.0
1776884870.5371027,-3.0,2.0,-48.0
1776884870.5471027,-4.0,-1.0,-42.0
1776884870.557103,-3.0,-3.0,-45.0
1776884870.567103,-4.0,0.0,-43.0
1776884870.577103,-3.0,0.0,-48.0
1776884870.587103,-3.0,0.0,-43.0
1776884870.5971026,-1.0,0.0,-38.0
1776884870.6071026,-4.0,-2.0,-43.0
1776884870.6171026,2.0,-1.0,-39.0
1776884870.6271029,2.0,-1.0,-42.0
1776884870.6371028,2.0,-2.0,-44.0
1776884870.6471028,6.0,2.0,-42.0
1776884870.6571028,4.0,0.0,-42.0
1776884870.6671028,8.0,-1.0,-48.0
1776884870.6771028,7.0,-1.0,-52.0
1776884870.6871028,1.0,-3.0,-58.0
1776884870.6971028,-1.0,-6.0,-60.0
1776884870.7071028,0.0,-6.0,-55.0
1776884870.7171028,0.0,-2.0,-57.0
1776884870.7271028,0.0,2.0,-52.0
1776884870.7371027,0.0,7.0,-47.0
1776884870.7471027,2.0,7.0,-51.0
1776884870.7571027,-1.0,6.0,-50.0
1776884870.7671027,2.0,3.0,-50.0
1776884870.7771027,1.0,-1.0,-57.0
1776884870.7871027,2.0,0.0,-54.0
1776884870.7971027,0.0,-2.0,-51.0
1776884870.807103,-2.0,0.0,-49.0
1776884870.817103,1.0,0.0,-49.0
1776884870.827103,4.0,1.0,-47.0
1776884870.837103,8.0,5.0,-47.0
1776884870.8471026,4.0,8.0,-49.0
1776884870.8571026,4.0,6.0,-55.0
1776884870.8671026,3.0,2.0,-49.0
1776884870.8771029,4.0,-1.0,-46.0
1776884870.8871028,0.0,-2.0,-43.0
1776884870.8971028,5.0,0.0,-43.0
1776884870.9071028,6.0,-2.0,-43.0
1776884870.9171028,1.0,-5.0,-45.0
1776884870.9271028,-1.0,-5.0,-51.0
1776884870.9371028,0.0,-2.0,-51.0
1776884870.9471028,1.0,-3.0,-51.0
1776884870.9571028,0.0,0.0,-49.0
1776884870.9671028,-8.0,0.0,-53.0
1776884870.9771028,-9.0,-1.0,-47.0
1776884870.9871027,-4.0,0.0,-48.0
1776884870.9971027,-5.0,2.0,-46.0
1776884871.0071027,0.0,0.0,-50.0
1776884871.0171027,3.0,2.0,-55.0
1776884871.0271027,2.0,3.0,-45.0
1776884871.0371027,0.0,2.0,-45.0
1776884871.0471027,2.0,0.0,-47.0
1776884871.057103,1.0,0.0,-51.0
1776884871.067103,0.0,-1.0,-44.0
1776884871.077103,1.0,-2.0,-38.0
1776884871.087103,0.0,0.0,-45.0
1776884871.0971026,0.0,-6.0,-52.0
1776884871.1071026,-4.0,-11.0,-52.0
1776884871.1171026,-3.0,-8.0,-51.0
1776884871.1271029,-5.0,-5.0,-49.0
1776884871.1371028,-1.0,-8.0,-48.0
1776884871.1471028,-5.0,-7.0,-45.0
1776884871.1571028,-9.0,-7.0,-48.0
1776884871.1671028,-3.0,-4.0,-48.0
1776884871.1771028,0.0,-4.0,-41.0
1776884871.1871028,2.0,3.0,-40.0
1776884871.1971028,-1.0,3.0,-43.0
1776884871.2071028,3.0,0.0,-44.0
1776884871.2171028,0.0,-5.0,-39.0
1776884871.2271028,0.0,-5.0,-42.0
1776884871.2371027,3.0,-2.0,-39.0
1776884871.2471027,4.0,-2.0,-36.0
1776884871.2571027,-3.0,-4.0,-34.0
1776884871.2671027,-3.0,-1.0,-32.0
1776884871.2771027,-3.0,1.0,-32.0
1776884871.2871027,0.0,0.0,-38.0
1776884871.2971027,0.0,0.0,-45.0
1776884871.307103,-3.0,-1.0,-51.0
1776884871.317103,-1.0,0.0,-56.0
1776884871.327103,1.0,0.0,-55.0
1776884871.337103,2.0,-3.0,-53.0
1776884871.3471026,4.0,-2.0,-54.0
1776884871.3571026,0.0,-3.0,-49.0
1776884871.3671026,-1.0,-4.0,-47.0
1776884871.3771029,-3.0,-7.0,-48.0
1776884871.3871028,-1.0,-5.0,-47.0
1776884871.3971028,-2.0,-1.0,-44.0
1776884871.4071028,-3.0,-2.0,-42.0
1776884871.4171028,-1.0,-3.0,-37.0
1776884871.4271028,-1.0,1.0,-37.0
1776884871.4371028,-2.0,5.0,-42.0
1776884871.4471028,-3.0,4.0,-37.0
1776884871.4571028,-4.0,0.0,-29.0
1776884871.4671028,0.0,-2.0,-36.0
1776884871.4771028,0.0,0.0,-34.0
1776884871.4871027,0.0,-3.0,-37.0
1776884871.4971027,0.0,-4.0,-44.0
1776884871.5071027,2.0,-4.0,-40.0
1776884871.5171027,3.0,-8.0,-36.0
1776884871.5271027,11.0,-6.0,-39.0
1776884871.5371027,12.0,-6.0,-39.0
1776884871.5471027,11.0,-3.0,-51.0
1776884871.557103,12.0,0.0,-43.0
1776884871.567103,9.0,-2.0,-48.0
1776884871.577103,9.0,2.0,-52.0
1776884871.587103,8.0,-1.0,-58.0
1776884871.5971026,2.0,-2.0,-55.0
1776884871.6071026,2.0,-1.0,-49.0
1776884871.6171026,0.0,0.0,-48.0
1776884871.6271029,1.0,0.0,-48.0
1776884871.6371028,-5.0,-3.0,-45.0
1776884871.6471028,-7.0,-6.0,-44.0
1776884871.6571028,-7.0,-8.0,-45.0
1776884871.6671028,-3.0,-7.0,-45.0
1776884871.6771028,-1.0,-4.0,-48.0
1776884871.6871028,4.0,0.0,-48.0
1776884871.6971028,0.0,0.0,-46.0
1776884871.7071028,-2.0,-1.0,-48.0
1776884871.7171028,1.0,-3.0,-50.0
1776884871.7271028,1.0,-4.0,-53.0
1776884871.7371027,-3.0,-6.0,-46.0
1776884871.7471027,-8.0,-3.0,-45.0
1776884871.7571027,-2.0,-5.0,-35.0
1776884871.7671027,-1.0,-2.0,-39.0
1776884871.7771027,0.0,-2.0,-36.0
1776884871.7871027,1.0,-4.0,-37.0
1776884871.7971027,4.0,-3.0,-39.0
1776884871.807103,0.0,-1.0,-41.0
1776884871.817103,-5.0,0.0,-42.0
1776884871.827103,-4.0,1.0,-40.0
1776884871.837103,-5.0,0.0,-45.0
1776884871.8471026,-8.0,4.0,-48.0
1776884871.8571026,-2.0,-1.0,-48.0
1776884871.8671026,-1.0,-2.0,-40.0
1776884871.8771029,-3.0,0.0,-44.0
1776884871.8871028,-2.0,-1.0,-49.0
1776884871.8971028,-3.0,0.0,-49.0
1776884871.9071028,-7.0,0.0,-50.0
1776884871.9171028,-4.0,-1.0,-51.0
1776884871.9271028,-2.0,-1.0,-50.0
1776884871.9371028,-3.0,0.0,-43.0
1776884871.9471028,-1.0,-1.0,-38.0
1776884871.9571028,2.0,-3.0,-39.0
1776884871.9671028,3.0,1.0,-38.0
1776884871.9771028,2.0,2.0,-37.0
1776884871.9871027,2.0,0.0,-40.0
1776884871.9971027,1.0,1.0,-37.0
1776884872.0071027,1.0,0.0,-37.0
1776884872.0171027,-1.0,-1.0,-43.0
1776884872.0271027,-6.0,-1.0,-48.0
1776884872.0371027,-8.0,0.0,-47.0
1776884872.0471027,-4.0,1.0,-49.0
1776884872.057103,1.0,1.0,-46.0
1776884872.067103,1.0,0.0,-44.0
1776884872.077103,0.0,1.0,-42.0
1776884872.087103,-2.0,1.0,-43.0
1776884872.0981028,-4.0,0.0,-46.0
1776884872.1081028,-4.0,-2.0,-45.0
1776884872.1171026,-4.0,-1.0,-39.0
1776884872.1281028,-6.0,-5.0,-41.0
1776884872.1381028,-3.0,-3.0,-42.0
1776884872.1481028,3.0,0.0,-36.0
1776884872.1581028,4.0,-2.0,-40.0
1776884872.1681027,2.0,0.0,-45.0
1776884872.1781027,5.0,-1.0,-45.0
1776884872.1881027,6.0,-1.0,-44.0
1776884872.1981027,-1.0,0.0,-41.0
1776884872.2081027,-4.0,0.0,-43.0
1776884872.2181027,-3.0,2.0,-45.0
1776884872.2281027,-5.0,1.0,-51.0
1776884872.238103,-3.0,2.0,-52.0
1776884872.248103,0.0,3.0,-46.0
1776884872.258103,-1.0,4.0,-36.0
1776884872.2681026,0.0,5.0,-34.0
1776884872.2781026,0.0,7.0,-35.0
1776884872.2881026,0.0,4.0,-37.0
1776884872.2981029,1.0,2.0,-45.0
1776884872.3081028,6.0,0.0,-47.0
1776884872.3181028,7.0,-2.0,-49.0
1776884872.3281028,7.0,-8.0,-46.0
1776884872.3381028,4.0,-8.0,-47.0
1776884872.3481028,-1.0,-9.0,-42.0
1776884872.3581028,0.0,-7.0,-43.0
1776884872.3681028,-2.0,-6.0,-45.0
1776884872.3781028,-2.0,-2.0,-39.0
1776884872.3881028,-3.0,-2.0,-39.0
1776884872.3981028,-6.0,-4.0,-36.0
1776884872.4081028,-5.0,-1.0,-47.0
1776884872.4181027,-6.0,-6.0,-48.0
1776884872.4281027,-7.0,-4.0,-43.0
1776884872.4381027,-1.0,-7.0,-41.0
1776884872.4481027,-3.0,-4.0,-47.0
1776884872.4581027,1.0,-6.0,-43.0
1776884872.4681027,1.0,-5.0,-36.0
1776884872.4781027,0.0,-3.0,-36.0
1776884872.488103,3.0,-4.0,-45.0
1776884872.498103,2.0,-5.0,-42.0
1776884872.508103,0.0,-2.0,-48.0
1776884872.5181026,1.0,0.0,-52.0
1776884872.5281026,2.0,3.0,-46.0
1776884872.5381026,-1.0,6.0,-45.0
1776884872.5481029,1.0,8.0,-48.0
1776884872.5581028,2.0,9.0,-53.0
1776884872.5681028,0.0,3.0,-49.0
1776884872.5781028,-1.0,1.0,-48.0
1776884872.5881028,1.0,0.0,-45.0
1776884872.5981028,-2.0,-2.0,-46.0
1776884872.6081028,0.0,-5.0,-42.0
1776884872.6181028,4.0,-7.0,-40.0
1776884872.6281028,2.0,-6.0,-44.0
1776884872.6381028,4.0,-7.0,-33.0
1776884872.6481028,9.0,-5.0,-30.0
1776884872.6581028,11.0,-2.0,-37.0
1776884872.6681027,10.0,-4.0,-41.0
1776884872.6781027,5.0,-2.0,-42.0
1776884872.6881027,4.0,0.0,-39.0
1776884872.6981027,0.0,-1.0,-34.0
1776884872.7081027,-1.0,0.0,-40.0
1776884872.7181027,-1.0,3.0,-33.0
1776884872.7281027,-4.0,1.0,-29.0
1776884872.738103,-2.0,0.0,-34.0
1776884872.748103,4.0,0.0,-34.0
1776884872.758103,6.0,-1.0,-36.0
1776884872.7681026,6.0,-2.0,-38.0
1776884872.7781026,6.0,-1.0,-36.0
1776884872.7881026,3.0,-1.0,-36.0
1776884872.7981029,10.0,-1.0,-34.0
1776884872.8081028,9.0,0.0,-39.0
1776884872.8181028,10.0,0.0,-41.0
1776884872.8281028,10.0,-2.0,-36.0
1776884872.8381028,8.0,-1.0,-38.0
1776884872.8481028,8.0,-1.0,-38.0
1776884872.8581028,9.0,0.0,-41.0
1776884872.8681028,7.0,-1.0,-41.0
1776884872.8781028,5.0,0.0,-50.0
1776884872.8881028,3.0,-1.0,-53.0
1776884872.8981028,7.0,-4.0,-48.0
1776884872.9081028,9.0,-3.0,-47.0
1776884872.9181027,6.0,-5.0,-46.0
1776884872.9281027,3.0,-2.0,-42.0
1776884872.9381027,0.0,-1.0,-39.0
1776884872.9481027,-3.0,0.0,-35.0
1776884872.9581027,-3.0,0.0,-41.0
1776884872.9681027,-4.0,-1.0,-44.0
1776884872.9781027,1.0,-1.0,-41.0
1776884872.988103,9.0,-2.0,-39.0
1776884872.998103,8.0,-4.0,-35.0
1776884873.008103,7.0,-1.0,-32.0
1776884873.0181026,8.0,-2.0,-36.0
1776884873.0281026,7.0,0.0,-31.0
1776884873.0381026,3.0,-3.0,-32.0
1776884873.0481029,3.0,-6.0,-28.0
1776884873.0581028,3.0,0.0,-28.0
1776884873.0681028,4.0,0.0,-25.0
1776884873.0781028,2.0,-7.0,-34.0
1776884873.0881028,1.0,-4.0,-38.0
1776884873.0981028,0.0,-5.0,-43.0
1776884873.1081028,-2.0,-7.0,-48.0
1776884873.1181028,-3.0,-3.0,-48.0
1776884873.1281028,-4.0,-3.0,-47.0
1776884873.1381028,-1.0,-2.0,-49.0
1776884873.1481028,0.0,-5.0,-43.0
1776884873.1581028,-2.0,-4.0,-43.0
1776884873.1681027,-5.0,-7.0,-38.0
1776884873.1781027,-1.0,-9.0,-30.0
1776884873.1881027,0.0,-5.0,-31.0
1776884873.1981027,0.0,0.0,-33.0
1776884873.2081027,0.0,0.0,-35.0
1776884873.2181027,1.0,2.0,-41.0
1776884873.2281027,8.0,-3.0,-44.0
1776884873.238103,9.0,-2.0,-48.0
1776884873.248103,12.0,0.0,-44.0
1776884873.258103,7.0,0.0,-44.0
1776884873.2681026,2.0,6.0,-49.0
1776884873.2781026,7.0,4.0,-46.0
1776884873.2881026,6.0,4.0,-50.0
1776884873.2981029,2.0,3.0,-44.0
1776884873.3081028,3.0,0.0,-43.0
1776884873.3181028,1.0,6.0,-43.0
1776884873.3281028,0.0,2.0,-45.0
1776884873.3381028,-1.0,-4.0,-42.0
1776884873.3481028,0.0,-3.0,-42.0
1776884873.3581028,2.0,-4.0,-39.0
1776884873.3681028,2.0,-4.0,-41.0
1776884873.3781028,2.0,-4.0,-39.0
1776884873.3881028,3.0,-1.0,-47.0
1776884873.3981028,2.0,2.0,-53.0
1776884873.4081028,-1.0,3.0,-50.0
1776884873.4181027,0.0,0.0,-51.0
1776884873.4281027,0.0,-5.0,-45.0
1776884873.4381027,1.0,-5.0,-39.0
1776884873.4481027,0.0,-2.0,-46.0
1776884873.4581027,1.0,-4.0,-44.0
1776884873.4681027,0.0,-4.0,-42.0
1776884873.4781027,0.0,-2.0,-46.0
1776884873.488103,-3.0,-2.0,-48.0
1776884873.498103,0.0,-3.0,-45.0
1776884873.508103,2.0,-3.0,-40.0
1776884873.5181026,0.0,-2.0,-40.0
1776884873.5281026,0.0,-3.0,-38.0
1776884873.5381026,1.0,-1.0,-40.0
1776884873.5481029,2.0,0.0,-42.0
1776884873.5581028,4.0,4.0,-46.0
1776884873.5681028,0.0,0.0,-44.0
1776884873.5781028,-3.0,-1.0,-46.0
1776884873.5881028,-3.0,0.0,-45.0
1776884873.5981028,0.0,4.0,-50.0
1776884873.6081028,0.0,8.0,-54.0
1776884873.6181028,1.0,6.0,-55.0
1776884873.6281028,1.0,5.0,-55.0
1776884873.6381028,-2.0,1.0,-51.0
1776884873.6481028,-1.0,-1.0,-50.0
1776884873.6581028,-2.0,0.0,-48.0
1776884873.6681027,-5.0,0.0,-46.0
1776884873.6781027,-6.0,2.0,-44.0
1776884873.6881027,-2.0,4.0,-46.0
1776884873.6981027,0.0,6.0,-39.0
1776884873.7081027,0.0,6.0,-38.0
1776884873.7181027,3.0,7.0,-35.0
1776884873.7281027,3.0,8.0,-39.0
1776884873.738103,4.0,9.0,-40.0
1776884873.748103,6.0,9.0,-47.0
1776884873.758103,7.0,3.0,-49.0
1776884873.7681026,0.0,5.0,-50.0
1776884873.7781026,-2.0,2.0,-51.0
1776884873.7881026,-3.0,0.0,-47.0
1776884873.7981029,0.0,0.0,-43.0
1776884873.8081028,0.0,4.0,-39.0
1776884873.8181028,0.0,1.0,-44.0
1776884873.8281028,-1.0,3.0,-51.0
1776884873.8381028,-2.0,2.0,-49.0
1776884873.8481028,0.0,7.0,-47.0
1776884873.8581028,3.0,8.0,-46.0
1776884873.8681028,7.0,8.0,-48.0
1776884873.8781028,5.0,7.0,-48.0
1776884873.8881028,3.0,0.0,-44.0
1776884873.8981028,4.0,0.0,-41.0
1776884873.9081028,7.0,-6.0,-39.0
1776884873.9181027,2.0,-3.0,-39.0
1776884873.9281027,0.0,-2.0,-45.0
1776884873.9381027,-2.0,-3.0,-46.0
1776884873.9481027,0.0,-5.0,-38.0
1776884873.9581027,-2.0,-7.0,-46.0
1776884873.9681027,-4.0,-7.0,-48.0
1776884873.9781027,-2.0,-8.0,-49.0
1776884873.988103,0.0,-9.0,-51.0
1776884873.998103,0.0,-9.0,-57.0
1776884874.008103,0.0,-9.0,-63.0
1776884874.0181026,-2.0,-6.0,-55.0
1776884874.0281026,0.0,-10.0,-48.0
1776884874.0381026,1.0,-4.0,-50.0
1776884874.0481029,-4.0,-5.0,-47.0
1776884874.0591028,-2.0,-7.0,-45.0
1776884874.0681028,-1.0,-4.0,-48.0
1776884874.0791028,-1.0,-5.0,-48.0
1776884874.0881028,0.0,-4.0,-46.0
1776884874.0981028,5.0,-6.0,-37.0
1776884874.1091027,3.0,-2.0,-35.0
1776884874.1191027,0.0,-3.0,-43.0
1776884874.1291027,1.0,-3.0,-36.0
1776884874.1391027,4.0,-7.0,-35.0
1776884874.1491027,2.0,-5.0,-38.0
1776884874.159103,0.0,-4.0,-39.0
1776884874.169103,0.0,0.0,-40.0
1776884874.179103,3.0,0.0,-42.0
1776884874.1891026,6.0,-3.0,-44.0
1776884874.1991026,5.0,-3.0,-49.0
1776884874.2091026,1.0,-6.0,-45.0
1776884874.2191026,-2.0,-4.0,-48.0
1776884874.2291028,-5.0,0.0,-51.0
1776884874.2391028,-6.0,1.0,-43.0
1776884874.2491028,-3.0,4.0,-39.0
1776884874.2591028,-4.0,2.0,-38.0
1776884874.2691028,-6.0,0.0,-35.0
1776884874.2791028,-4.0,2.0,-43.0
1776884874.2891028,-4.0,0.0,-44.0
1776884874.2991028,-1.0,1.0,-47.0
1776884874.3091028,3.0,2.0,-44.0
1776884874.3191028,4.0,0.0,-50.0
1776884874.3291028,6.0,0.0,-49.0
1776884874.3391027,4.0,-1.0,-50.0
1776884874.3491027,4.0,-3.0,-49.0
1776884874.3591027,3.0,-1.0,-48.0
1776884874.3691027,3.0,-2.0,-47.0
1776884874.3791027,2.0,-5.0,-47.0
1776884874.3891027,6.0,-10.0,-52.0
1776884874.3991027,5.0,-6.0,-54.0
1776884874.409103,2.0,-3.0,-48.0
1776884874.419103,0.0,-4.0,-44.0
1776884874.429103,0.0,-4.0,-42.0
1776884874.4391026,-2.0,-2.0,-46.0
1776884874.4491026,4.0,0.0,-48.0
1776884874.4591026,4.0,0.0,-56.0
1776884874.4691026,2.0,-3.0,-52.0
1776884874.4791028,1.0,-6.0,-54.0
1776884874.4891028,1.0,-4.0,-56.0
1776884874.4991028,7.0,-2.0,-54.0
1776884874.5091028,2.0,-4.0,-48.0
1776884874.5191028,5.0,-1.0,-47.0
1776884874.5291028,-1.0,-1.0,-45.0
1776884874.5391028,-2.0,-1.0,-51.0
1776884874.5491028,-2.0,-2.0,-54.0
1776884874.5591028,-6.0,-3.0,-53.0
1776884874.5691028,-9.0,-3.0,-54.0
1776884874.5791028,-11.0,-2.0,-49.0
1776884874.5891027,-6.0,-1.0,-45.0
1776884874.5991027,-4.0,4.0,-43.0
1776884874.6091027,-5.0,3.0,-44.0
1776884874.6191027,-8.0,0.0,-46.0
1776884874.6291027,-7.0,-2.0,-56.0
1776884874.6391027,-6.0,-2.0,-57.0
1776884874.6491027,-2.0,-1.0,-53.0
1776884874.659103,-1.0,-4.0,-52.0
1776884874.669103,-1.0,-8.0,-50.0
1776884874.679103,-4.0,-11.0,-52.0
1776884874.6891026,-5.0,-8.0,-48.0
1776884874.6991026,-5.0,-8.0,-43.0
1776884874.7091026,-6.0,-8.0,-46.0
1776884874.7191026,-6.0,-6.0,-49.0
1776884874.7291028,-3.0,-1.0,-51.0
1776884874.7391028,-1.0,2.0,-50.0
1776884874.7491028,2.0,0.0,-55.0
1776884874.7591028,0.0,0.0,-47.0
1776884874.7691028,2.0,2.0,-49.0
1776884874.7791028,-2.0,1.0,-52.0
1776884874.7891028,-2.0,-1.0,-55.0
1776884874.7991028,-3.0,-4.0,-46.0
1776884874.8091028,-5.0,-2.0,-37.0
1776884874.8191028,-5.0,-1.0,-34.0
1776884874.8291028,-2.0,0.0,-35.0
1776884874.8391027,-4.0,-7.0,-39.0
1776884874.8491027,-4.0,-5.0,-41.0
1776884874.8591027,-1.0,-5.0,-39.0
1776884874.8691027,2.0,-6.0,-44.0
1776884874.8791027,0.0,-5.0,-47.0
1776884874.8891027,2.0,-2.0,-42.0
1776884874.8991027,1.0,-6.0,-48.0
1776884874.909103,0.0,-4.0,-62.0
1776884874.919103,0.0,-5.0,-59.0
1776884874.929103,2.0,-7.0,-46.0
1776884874.9391026,5.0,-2.0,-43.0
1776884874.9491026,4.0,2.0,-41.0
1776884874.9591026,3.0,0.0,-42.0
1776884874.9691026,3.0,-3.0,-45.0
1776884874.9791028,0.0,-1.0,-49.0
1776884874.9891028,-1.0,4.0,-50.0
1776884874.9991028,0.0,5.0,-49.0
1776884875.0091028,-2.0,7.0,-45.0
1776884875.0191028,0.0,6.0,-45.0
1776884875.0291028,-4.0,7.0,-39.0
1776884875.0391028,-4.0,5.0,-38.0
1776884875.0491028,-4.0,6.0,-43.0
1776884875.0591028,-1.0,1.0,-37.0
1776884875.0691028,0.0,1.0,-39.0
1776884875.0791028,0.0,-2.0,-39.0
1776884875.0891027,2.0,-4.0,-35.0
1776884875.0991027,5.0,-4.0,-38.0
1776884875.1091027,6.0,-6.0,-40.0
1776884875.1191027,1.0,-5.0,-46.0
1776884875.1291027,5.0,-4.0,-48.0
1776884875.1391027,5.0,0.0,-48.0
1776884875.1491027,-1.0,0.0,-50.0
1776884875.159103,-2.0,-1.0,-46.0
1776884875.169103,1.0,3.0,-44.0
1776884875.179103,3.0,0.0,-40.0
1776884875.1891026,4.0,1.0,-37.0
1776884875.1991026,7.0,3.0,-37.0
1776884875.2091026,5.0,3.0,-48.0
1776884875.2191026,0.0,4.0,-61.0
1776884875.2291028,0.0,1.0,-59.0
1776884875.2391028,2.0,-7.0,-52.0
1776884875.2491028,3.0,-7.0,-53.0
1776884875.2591028,5.0,-7.0,-43.0
1776884875.2691028,4.0,-8.0,-40.0
1776884875.2791028,0.0,-5.0,-42.0
1776884875.2891028,4.0,-4.0,-37.0
1776884875.2991028,7.0,-6.0,-34.0
1776884875.3091028,8.0,-7.0,-31.0
1776884875.3191028,4.0,-12.0,-40.0
1776884875.3291028,3.0,-6.0,-40.0
1776884875.3391027,0.0,-4.0,-34.0
1776884875.3491027,-1.0,-5.0,-36.0
1776884875.3591027,-1.0,-3.0,-41.0
1776884875.3691027,0.0,-5.0,-41.0
1776884875.3791027,-1.0,-6.0,-44.0
1776884875.3891027,-1.0,-7.0,-41.0
1776884875.3991027,4.0,-10.0,-44.0
1776884875.409103,2.0,-8.0,-52.0
1776884875.419103,-4.0,-4.0,-56.0
1776884875.429103,-6.0,0.0,-61.0
1776884875.4391026,-4.0,-2.0,-59.0
1776884875.4491026,-2.0,-9.0,-55.0
1776884875.4591026,1.0,-12.0,-47.0
1776884875.4691026,0.0,-9.0,-50.0
1776884875.4791028,-2.0,-8.0,-49.0
1776884875.4891028,-3.0,-8.0,-46.0
1776884875.4991028,-3.0,-6.0,-42.0
1776884875.5091028,-3.0,-5.0,-46.0
1776884875.5191028,-3.0,-3.0,-50.0
1776884875.5291028,-4.0,-4.0,-44.0
1776884875.5391028,-1.0,0.0,-40.0
1776884875.5491028,1.0,0.0,-37.0
1776884875.5591028,0.0,0.0,-39.0
1776884875.5691028,0.0,1.0,-36.0
1776884875.5791028,-3.0,0.0,-40.0
1776884875.5891027,-6.0,0.0,-46.0
1776884875.5991027,-7.0,2.0,-46.0
1776884875.6091027,-7.0,2.0,-37.0
1776884875.6191027,-5.0,3.0,-35.0
1776884875.6291027,-4.0,4.0,-42.0
1776884875.6391027,-4.0,5.0,-44.0
1776884875.6491027,-3.0,2.0,-49.0
1776884875.659103,-1.0,1.0,-45.0
1776884875.669103,-1.0,-1.0,-42.0
1776884875.679103,-1.0,0.0,-37.0
1776884875.6891026,-1.0,0.0,-32.0
1776884875.6991026,1.0,0.0,-33.0
1776884875.7091026,1.0,0.0,-35.0
1776884875.7191026,3.0,0.0,-37.0
1776884875.7291028,1.0,-3.0,-49.0
1776884875.7401028,2.0,-5.0,-53.0
1776884875.7491028,1.0,-3.0,-52.0
1776884875.7591028,-1.0,0.0,-56.0
1776884875.7691028,-1.0,0.0,-54.0
1776884875.7791028,-4.0,-3.0,-62.0
1776884875.7891028,-8.0,-2.0,-64.0
1776884875.7991028,-3.0,-4.0,-59.0
1776884875.8091028,0.0,-3.0,-49.0
1776884875.8191028,4.0,-5.0,-44.0
1776884875.8291028,8.0,-8.0,-42.0
1776884875.8391027,7.0,-9.0,-49.0
1776884875.8491027,4.0,-6.0,-50.0
1776884875.8591027,1.0,-3.0,-40.0
1776884875.8691027,0.0,-6.0,-37.0
1776884875.8791027,0.0,-8.0,-40.0
1776884875.8891027,2.0,-8.0,-43.0
1776884875.8991027,0.0,-8.0,-39.0
1776884875.909103,0.0,-9.0,-34.0
1776884875.919103,0.0,-8.0,-37.0
1776884875.929103,5.0,-7.0,-44.0
1776884875.9391026,6.0,-8.0,-41.0
1776884875.9491026,8.0,-8.0,-40.0
1776884875.9591026,7.0,-4.0,-46.0
1776884875.9691026,5.0,-1.0,-43.0
1776884875.9791028,5.0,1.0,-45.0
1776884875.9891028,0.0,1.0,-46.0
1776884875.9991028,0.0,1.0,-51.0
1776884876.0091028,0.0,0.0,-53.0
1776884876.0191028,0.0,0.0,-51.0
1776884876.0301027,6.0,-2.0,-54.0
1776884876.0401027,4.0,0.0,-55.0
1776884876.0491028,0.0,-3.0,-52.0
1776884876.0591028,0.0,-4.0,-49.0
1776884876.0701027,1.0,-3.0,-46.0
1776884876.0801027,3.0,-3.0,-48.0
1776884876.090103,4.0,-5.0,-48.0
1776884876.100103,3.0,-10.0,-47.0
1776884876.1091027,1.0,-6.0,-50.0
1776884876.1201026,0.0,-4.0,-49.0
1776884876.1301026,-2.0,-2.0,-55.0
1776884876.1401026,-1.0,-2.0,-55.0
1776884876.1501029,1.0,-5.0,-56.0
1776884876.1601028,4.0,-5.0,-56.0
1776884876.1701028,3.0,0.0,-51.0
1776884876.1801028,1.0,-1.0,-52.0
1776884876.1901028,6.0,-2.0,-44.0
1776884876.2001028,8.0,-4.0,-46.0
1776884876.2101028,4.0,-5.0,-44.0
1776884876.2201028,0.0,-5.0,-45.0
1776884876.2301028,-2.0,-5.0,-46.0
1776884876.2401028,-6.0,-2.0,-42.0
1776884876.2501028,-5.0,-5.0,-44.0
1776884876.2601027,-3.0,-5.0,-41.0
1776884876.2701027,0.0,-3.0,-37.0
1776884876.2801027,-1.0,-3.0,-35.0
1776884876.2901027,-1.0,-7.0,-36.0
1776884876.3001027,-1.0,-8.0,-41.0
1776884876.3101027,-2.0,-3.0,-41.0
1776884876.3201027,-5.0,-3.0,-45.0
1776884876.3301027,-7.0,-6.0,-38.0
1776884876.340103,-3.0,-2.0,-33.0
1776884876.350103,-4.0,-2.0,-33.0
1776884876.360103,-4.0,0.0,-30.0
1776884876.3701026,-3.0,0.0,-35.0
1776884876.3801026,-3.0,4.0,-36.0
1776884876.3901026,0.0,0.0,-41.0
1776884876.4001029,-2.0,-5.0,-46.0
1776884876.4101028,-6.0,-3.0,-44.0
1776884876.4201028,-2.0,-3.0,-43.0
1776884876.4301028,-3.0,-4.0,-41.0
1776884876.4401028,-5.0,-4.0,-45.0
1776884876.4501028,-5.0,-2.0,-43.0
1776884876.4601028,-3.0,0.0,-46.0
1776884876.4701028,-1.0,0.0,-42.0
1776884876.4801028,0.0,-4.0,-47.0
1776884876.4901028,4.0,-2.0,-49.0
1776884876.5001028,5.0,0.0,-53.0
1776884876.5101027,8.0,-2.0,-55.0
1776884876.5201027,8.0,-2.0,-50.0
1776884876.5301027,5.0,-2.0,-56.0
1776884876.5401027,2.0,-2.0,-57.0
1776884876.5501027,2.0,0.0,-58.0
1776884876.5601027,1.0,0.0,-55.0
1776884876.5701027,0.0,0.0,-51.0
1776884876.5801027,0.0,0.0,-49.0
1776884876.590103,2.0,0.0,-47.0
1776884876.600103,2.0,-2.0,-50.0
1776884876.610103,0.0,-1.0,-50.0
1776884876.6201026,0.0,3.0,-47.0
1776884876.6301026,0.0,2.0,-45.0
1776884876.6401026,3.0,-3.0,-47.0
1776884876.6501029,4.0,-4.0,-48.0
1776884876.6601028,0.0,-6.0,-50.0
1776884876.6701028,-1.0,-10.0,-47.0
1776884876.6801028,-4.0,-10.0,-46.0
1776884876.6901028,-2.0,-5.0,-44.0
1776884876.7001028,-1.0,-8.0,-49.0
1776884876.7101028,-3.0,-5.0,-43.0
1776884876.7201028,-5.0,-4.0,-45.0
1776884876.7301028,-4.0,-5.0,-44.0
1776884876.7401028,-2.0,-5.0,-39.0
1776884876.7501028,3.0,-5.0,-42.0
1776884876.7601027,3.0,-1.0,-40.0
1776884876.7701027,4.0,-1.0,-45.0
1776884876.7801027,1.0,2.0,-43.0
1776884876.7901027,0.0,2.0,-45.0
1776884876.8001027,0.0,-1.0,-40.0
1776884876.8101027,0.0,-1.0,-37.0
1776884876.8201027,0.0,0.0,-40.0
1776884876.8301027,0.0,-3.0,-45.0
1776884876.840103,1.0,-7.0,-46.0
1776884876.850103,2.0,-7.0,-42.0
1776884876.860103,1.0,-5.0,-45.0
1776884876.8701026,1.0,-3.0,-47.0
1776884876.8801026,1.0,2.0,-47.0
1776884876.8901026,1.0,4.0,-49.0
1776884876.9001029,2.0,0.0,-56.0
1776884876.9101028,7.0,0.0,-51.0
1776884876.9201028,4.0,4.0,-55.0
1776884876.9301028,3.0,1.0,-60.0
1776884876.9401028,0.0,0.0,-52.0
1776884876.9501028,4.0,-2.0,-46.0
1776884876.9601028,5.0,-1.0,-48.0
1776884876.9701028,1.0,0.0,-50.0
1776884876.9801028,-3.0,-7.0,-45.0
1776884876.9901028,-4.0,-5.0,-43.0
1776884877.0001028,-3.0,-2.0,-47.0
1776884877.0101027,1.0,-3.0,-45.0
1776884877.0201027,-4.0,-7.0,-41.0
1776884877.0301027,-2.0,-3.0,-40.0
1776884877.0401027,-5.0,-4.0,-43.0
1776884877.0501027,-5.0,-1.0,-44.0
1776884877.0601027,-2.0,-1.0,-44.0
1776884877.0701027,2.0,-1.0,-44.0
1776884877.0801027,1.0,0.0,-45.0
1776884877.090103,0.0,2.0,-45.0
1776884877.100103,2.0,3.0,-36.0
1776884877.110103,3.0,4.0,-41.0
1776884877.1201026,0.0,3.0,-47.0
1776884877.1301026,-1.0,1.0,-51.0
1776884877.1401026,-1.0,0.0,-47.0
1776884877.1501029,2.0,-1.0,-47.0
1776884877.1601028,5.0,-2.0,-44.0
1776884877.1701028,8.0,-1.0,-39.0
1776884877.1801028,2.0,3.0,-41.0
1776884877.1901028,0.0,5.0,-47.0
1776884877.2001028,-3.0,3.0,-45.0
1776884877.2101028,8.0,5.0,-44.0
1776884877.2201028,4.0,3.0,-53.0
1776884877.2301028,0.0,-1.0,-50.0
1776884877.2401028,1.0,-1.0,-46.0
1776884877.2501028,8.0,-4.0,-41.0
1776884877.2601027,8.0,-4.0,-39.0
1776884877.2701027,7.0,-1.0,-39.0
1776884877.2801027,9.0,-3.0,-32.0
1776884877.2901027,7.0,1.0,-37.0
1776884877.3001027,1.0,2.0,-42.0
1776884877.3101027,-2.0,2.0,-42.0
1776884877.3201027,-1.0,0.0,-44.0
1776884877.3301027,1.0,-2.0,-40.0
1776884877.340103,0.0,-1.0,-38.0
1776884877.350103,3.0,1.0,-40.0
1776884877.360103,1.0,2.0,-39.0
1776884877.3701026,2.0,1.0,-42.0
1776884877.3801026,0.0,1.0,-40.0
1776884877.3901026,2.0,2.0,-30.0
1776884877.4001029,2.0,0.0,-30.0
1776884877.4101028,-3.0,-4.0,-34.0
1776884877.4201028,0.0,-3.0,-36.0
1776884877.4301028,0.0,-1.0,-41.0
1776884877.4401028,3.0,-1.0,-49.0
1776884877.4501028,3.0,0.0,-47.0
1776884877.4601028,4.0,-1.0,-50.0
1776884877.4701028,3.0,-2.0,-49.0
1776884877.4811027,0.0,-6.0,-50.0
1776884877.4901028,-1.0,-6.0,-50.0
1776884877.5001028,-3.0,-5.0,-52.0
1776884877.5101027,0.0,-4.0,-52.0
1776884877.5201027,0.0,0.0,-53.0
1776884877.5301027,-1.0,0.0,-48.0
1776884877.5401027,1.0,2.0,-38.0
1776884877.5501027,0.0,3.0,-41.0
1776884877.5601027,-3.0,0.0,-37.0
1776884877.5701027,-2.0,-2.0,-38.0
1776884877.5801027,-2.0,-2.0,-43.0
1776884877.590103,0.0,0.0,-41.0
1776884877.600103,1.0,0.0,-42.0
1776884877.610103,3.0,-6.0,-49.0
1776884877.6201026,3.0,-8.0,-52.0
1776884877.6301026,2.0,-9.0,-51.0
1776884877.6401026,3.0,-10.0,-48.0
1776884877.6501029,5.0,-4.0,-39.0
1776884877.6601028,7.0,-6.0,-40.0
1776884877.6701028,3.0,-7.0,-39.0
1776884877.6801028,0.0,-5.0,-43.0
1776884877.6901028,2.0,-1.0,-43.0
1776884877.7001028,4.0,0.0,-44.0
1776884877.7101028,5.0,0.0,-43.0
1776884877.7201028,5.0,1.0,-46.0
1776884877.7301028,6.0,0.0,-45.0
1776884877.7401028,7.0,1.0,-47.0
1776884877.7501028,4.0,0.0,-49.0
1776884877.7601027,3.0,-1.0,-41.0
1776884877.7701027,2.0,0.0,-44.0
1776884877.7801027,5.0,-2.0,-45.0
1776884877.7901027,6.0,1.0,-51.0
1776884877.8001027,8.0,1.0,-51.0
1776884877.8101027,2.0,1.0,-48.0
1776884877.8201027,4.0,2.0,-49.0
1776884877.8301027,0.0,5.0,-52.0
1776884877.840103,-3.0,5.0,-42.0
1776884877.850103,-4.0,1.0,-46.0
1776884877.860103,-1.0,2.0,-50.0
1776884877.8701026,0.0,5.0,-49.0
1776884877.8801026,0.0,0.0,-41.0
1776884877.8901026,2.0,-2.0,-42.0
1776884877.9001029,5.0,-1.0,-44.0
1776884877.9101028,7.0,0.0,-46.0
1776884877.9201028,2.0,0.0,-50.0
1776884877.9301028,0.0,-1.0,-48.0
1776884877.9401028,0.0,0.0,-47.0
1776884877.9501028,0.0,-5.0,-53.0
1776884877.9601028,0.0,0.0,-51.0
1776884877.9701028,0.0,1.0,-45.0
1776884877.9801028,-2.0,1.0,-41.0
1776884877.9901028,-1.0,2.0,-39.0
1776884878.0001028,3.0,2.0,-41.0
1776884878.0101027,4.0,0.0,-47.0
1776884878.0201027,4.0,1.0,-53.0
1776884878.0301027,4.0,0.0,-56.0
1776884878.0401027,6.0,0.0,-59.0
1776884878.0501027,1.0,1.0,-54.0
1776884878.0611026,0.0,1.0,-52.0
1776884878.0711029,-2.0,5.0,-53.0
1776884878.0811028,-7.0,6.0,-47.0
1776884878.0911028,-4.0,3.0,-37.0
1776884878.1011028,-8.0,0.0,-39.0
1776884878.1111028,-7.0,1.0,-36.0
1776884878.1211028,-8.0,1.0,-46.0
1776884878.1311028,-8.0,3.0,-46.0
1776884878.1411028,-6.0,6.0,-45.0
1776884878.1511028,0.0,3.0,-44.0
1776884878.1611028,2.0,5.0,-49.0
1776884878.1711028,5.0,3.0,-45.0
1776884878.1811028,4.0,2.0,-41.0
1776884878.1911027,0.0,0.0,-41.0
1776884878.2011027,0.0,-2.0,-36.0
1776884878.2111027,0.0,0.0,-43.0
1776884878.2211027,0.0,-6.0,-42.0
1776884878.2311027,2.0,-3.0,-45.0
1776884878.2411027,0.0,0.0,-42.0
1776884878.2511027,3.0,-2.0,-43.0
1776884878.261103,3.0,-2.0,-42.0
1776884878.271103,2.0,-6.0,-45.0
1776884878.281103,3.0,-5.0,-40.0
1776884878.2911026,8.0,-4.0,-38.0
1776884878.3011026,5.0,-1.0,-41.0
1776884878.3111026,2.0,0.0,-43.0
1776884878.3211029,2.0,1.0,-42.0
1776884878.3311028,2.0,2.0,-36.0
1776884878.3411028,6.0,3.0,-42.0
1776884878.3511028,9.0,3.0,-39.0
1776884878.3611028,3.0,4.0,-44.0
1776884878.3711028,2.0,-2.0,-41.0
1776884878.3811028,3.0,-4.0,-48.0
1776884878.3911028,6.0,-3.0,-50.0
1776884878.4011028,5.0,-5.0,-53.0
1776884878.4101028,7.0,-2.0,-52.0
1776884878.4211028,1.0,0.0,-50.0
1776884878.4311028,0.0,1.0,-46.0
1776884878.4411027,-2.0,0.0,-53.0
1776884878.4511027,-6.0,-2.0,-54.0
1776884878.4611027,-4.0,0.0,-51.0
1776884878.4711027,-3.0,-2.0,-46.0
1776884878.4811027,-2.0,0.0,-41.0
1776884878.4911027,-1.0,-2.0,-40.0
1776884878.5011027,0.0,-2.0,-33.0
1776884878.511103,-3.0,-1.0,-31.0
1776884878.521103,0.0,2.0,-33.0
1776884878.531103,4.0,0.0,-29.0
1776884878.5411026,0.0,0.0,-28.0
1776884878.5511026,-5.0,1.0,-32.0
1776884878.5611026,0.0,-3.0,-34.0
1776884878.5711029,1.0,-1.0,-36.0
1776884878.5811028,1.0,-2.0,-41.0
1776884878.5911028,3.0,-2.0,-43.0
1776884878.6011028,0.0,0.0,-42.0
1776884878.6111028,0.0,4.0,-46.0
1776884878.6211028,4.0,6.0,-44.0
1776884878.6311028,8.0,8.0,-49.0
1776884878.6411028,1.0,7.0,-52.0
1776884878.6511028,3.0,5.0,-46.0
1776884878.6611028,4.0,-1.0,-45.0
1776884878.6711028,3.0,0.0,-44.0
1776884878.6811028,5.0,0.0,-49.0
1776884878.6911027,3.0,0.0,-49.0
1776884878.7011027,1.0,-4.0,-50.0
1776884878.7111027,-3.0,-4.0,-49.0
1776884878.7211027,-3.0,0.0,-48.0
1776884878.7311027,-5.0,0.0,-50.0
1776884878.7411027,-6.0,-1.0,-48.0
1776884878.7511027,-9.0,0.0,-49.0
1776884878.761103,-10.0,3.0,-49.0
1776884878.771103,-12.0,3.0,-55.0
1776884878.781103,-11.0,0.0,-51.0
1776884878.7911026,-6.0,1.0,-49.0
1776884878.8011026,-2.0,2.0,-50.0
1776884878.8111026,1.0,1.0,-45.0
1776884878.8211029,3.0,0.0,-41.0
1776884878.8311028,-1.0,-2.0,-39.0
1776884878.8411028,-4.0,-4.0,-37.0
1776884878.8511028,-4.0,-7.0,-39.0
1776884878.8611028,-2.0,-5.0,-31.0
1776884878.8711028,-3.0,0.0,-34.0
1776884878.8811028,3.0,3.0,-36.0
1776884878.8911028,-1.0,0.0,-32.0
1776884878.9011028,-3.0,3.0,-40.0
1776884878.9111028,0.0,1.0,-48.0
1776884878.9211028,-1.0,0.0,-45.0
1776884878.9311028,-1.0,0.0,-41.0
1776884878.9411027,2.0,2.0,-46.0
1776884878.9511027,5.0,-1.0,-48.0
1776884878.9611027,4.0,-1.0,-54.0
1776884878.9711027,11.0,0.0,-51.0
1776884878.9811027,9.0,3.0,-54.0
1776884878.9911027,9.0,5.0,-47.0
1776884879.0011027,6.0,5.0,-47.0
1776884879.011103,3.0,1.0,-41.0
1776884879.021103,2.0,-2.0,-35.0
1776884879.031103,3.0,0.0,-32.0
1776884879.0411026,3.0,3.0,-35.0
1776884879.0511026,2.0,3.0,-34.0
1776884879.0611026,0.0,2.0,-36.0
1776884879.0711029,-3.0,0.0,-37.0
1776884879.0811028,-4.0,2.0,-41.0
1776884879.0911028,0.0,4.0,-41.0
1776884879.1011028,1.0,6.0,-39.0
1776884879.1111028,-3.0,10.0,-42.0
1776884879.1211028,0.0,5.0,-39.0
1776884879.1311028,-3.0,0.0,-44.0
1776884879.1411028,-1.0,0.0,-51.0
1776884879.1511028,0.0,0.0,-47.0
1776884879.1611028,1.0,5.0,-53.0
1776884879.1711028,5.0,2.0,-54.0
1776884879.1811028,2.0,0.0,-49.0
1776884879.1911027,0.0,-1.0,-43.0
1776884879.2011027,0.0,-2.0,-42.0
1776884879.2111027,3.0,0.0,-40.0
1776884879.2211027,3.0,-2.0,-44.0
1776884879.2311027,4.0,-2.0,-49.0
1776884879.2411027,4.0,-3.0,-52.0
1776884879.2511027,1.0,-1.0,-57.0
1776884879.261103,-3.0,-2.0,-52.0
1776884879.271103,0.0,3.0,-51.0
1776884879.281103,-1.0,5.0,-56.0
1776884879.2911026,-2.0,0.0,-56.0
1776884879.3011026,-1.0,-1.0,-55.0
1776884879.3111026,0.0,2.0,-51.0
1776884879.3211029,-1.0,1.0,-47.0
1776884879.3311028,0.0,0.0,-50.0
1776884879.3411028,0.0,2.0,-49.0
1776884879.3511028,1.0,4.0,-44.0
1776884879.3611028,-3.0,0.0,-46.0
1776884879.3711028,-2.0,4.0,-40.0
1776884879.3811028,2.0,2.0,-37.0
1776884879.3911028,2.0,-1.0,-37.0
1776884879.4011028,0.0,-4.0,-41.0
1776884879.4111028,-1.0,-7.0,-39.0
1776884879.4211028,0.0,-9.0,-31.0
1776884879.4311028,-2.0,-10.0,-31.0
1776884879.4411027,-1.0,-8.0,-34.0
1776884879.4511027,-1.0,-2.0,-36.0
1776884879.4611027,-3.0,0.0,-39.0
1776884879.4711027,-3.0,-4.0,-32.0
1776884879.4811027,0.0,-3.0,-41.0
1776884879.4911027,2.0,-4.0,-43.0
1776884879.5011027,3.0,-7.0,-44.0
1776884879.511103,-2.0,-6.0,-48.0
1776884879.521103,-5.0,-6.0,-50.0
1776884879.531103,-4.0,-5.0,-41.0
1776884879.5411026,-6.0,-2.0,-40.0
1776884879.5511026,-2.0,3.0,-37.0
1776884879.5611026,-6.0,1.0,-41.0
1776884879.5711029,-8.0,1.0,-44.0
1776884879.5811028,-3.0,5.0,-47.0
1776884879.5911028,-3.0,6.0,-50.0
1776884879.6011028,0.0,3.0,-57.0
1776884879.6111028,1.0,0.0,-54.0
1776884879.6211028,0.0,1.0,-54.0
1776884879.6311028,0.0,5.0,-49.0
1776884879.6411028,0.0,2.0,-48.0
1776884879.6511028,0.0,0.0,-45.0
1776884879.6611028,-1.0,-1.0,-42.0
1776884879.6711028,2.0,-2.0,-41.0
1776884879.6811028,1.0,-3.0,-49.0
1776884879.6911027,1.0,-4.0,-49.0
1776884879.7011027,0.0,0.0,-46.0
1776884879.7111027,-3.0,0.0,-51.0
1776884879.7211027,-8.0,-1.0,-46.0
1776884879.7311027,-3.0,-5.0,-46.0
1776884879.7411027,-3.0,-5.0,-46.0
1776884879.7511027,0.0,-8.0,-50.0
1776884879.761103,0.0,-5.0,-56.0
1776884879.771103,3.0,-5.0,-49.0
1776884879.781103,5.0,-6.0,-49.0
1776884879.7911026,7.0,-4.0,-46.0
1776884879.8011026,5.0,0.0,-46.0
1776884879.8111026,3.0,-6.0,-48.0
1776884879.8211029,2.0,-7.0,-48.0
1776884879.8311028,2.0,-5.0,-51.0
1776884879.8411028,0.0,0.0,-55.0
1776884879.8511028,-1.0,-2.0,-59.0
1776884879.8611028,-4.0,1.0,-56.0
1776884879.8711028,-3.0,-1.0,-41.0
1776884879.8811028,-7.0,-5.0,-40.0
1776884879.8911028,-6.0,-8.0,-41.0
1776884879.9011028,-7.0,-7.0,-53.0
1776884879.9111028,-3.0,-6.0,-45.0
1776884879.9211028,-3.0,-8.0,-42.0
1776884879.9311028,-6.0,-5.0,-45.0
1776884879.9411027,-1.0,-3.0,-42.0
1776884879.9511027,2.0,-2.0,-47.0
1776884879.9611027,0.0,0.0,-49.0
1776884879.9711027,-1.0,1.0,-48.0
1776884879.9821026,-4.0,0.0,-48.0
1776884879.9911027,-3.0,-2.0,-54.0
1776884880.0021029,-1.0,0.0,-48.0
1776884880.011103,-2.0,0.0,-42.0
1776884880.0221028,-6.0,0.0,-38.0
1776884880.0321028,-5.0,0.0,-40.0
1776884880.0421028,-7.0,-2.0,-41.0
1776884880.0521028,-4.0,-5.0,-50.0
1776884880.0621028,0.0,1.0,-49.0
1776884880.0721028,2.0,3.0,-48.0
1776884880.0821028,0.0,0.0,-47.0
1776884880.0921028,-3.0,2.0,-46.0
1776884880.1021028,-5.0,2.0,-46.0
1776884880.1121027,0.0,4.0,-45.0
1776884880.1221027,0.0,2.0,-50.0
1776884880.1321027,4.0,1.0,-47.0
1776884880.1421027,5.0,1.0,-50.0
1776884880.1521027,7.0,2.0,-54.0
1776884880.1621027,-1.0,1.0,-52.0
1776884880.1721027,-1.0,-1.0,-46.0
1776884880.182103,0.0,-5.0,-38.0
1776884880.192103,-2.0,-6.0,-38.0
1776884880.202103,4.0,-1.0,-31.0
1776884880.212103,2.0,-6.0,-37.0
1776884880.2221026,4.0,-5.0,-35.0
1776884880.2321026,7.0,-5.0,-38.0
1776884880.2421026,11.0,-5.0,-44.0
1776884880.2521029,12.0,1.0,-49.0
1776884880.2621028,10.0,-1.0,-51.0
1776884880.2721028,1.0,-2.0,-51.0
1776884880.2821028,0.0,-1.0,-52.0
1776884880.2921028,0.0,-1.0,-48.0
1776884880.3021028,0.0,0.0,-48.0
1776884880.3121028,-3.0,-3.0,-50.0
1776884880.3221028,-2.0,-7.0,-50.0
1776884880.3321028,-1.0,-7.0,-42.0
1776884880.3421028,3.0,-8.0,-39.0
1776884880.3521028,2.0,-8.0,-38.0
1776884880.3621027,0.0,-7.0,-38.0
1776884880.3721027,1.0,-8.0,-45.0
1776884880.3821027,4.0,-2.0,-43.0
1776884880.3921027,4.0,-5.0,-42.0
1776884880.4021027,3.0,-7.0,-35.0
1776884880.4121027,5.0,-1.0,-40.0
1776884880.4221027,2.0,-4.0,-37.0
1776884880.432103,0.0,-8.0,-35.0
1776884880.442103,4.0,-8.0,-37.0
1776884880.452103,2.0,-4.0,-43.0
1776884880.462103,1.0,-9.0,-44.0
1776884880.4721026,-1.0,-11.0,-45.0
1776884880.4821026,0.0,-10.0,-39.0
1776884880.4921026,4.0,-13.0,-46.0
1776884880.5021029,-1.0,-9.0,-45.0
1776884880.5121028,0.0,-6.0,-45.0
1776884880.5221028,2.0,-6.0,-45.0
1776884880.5321028,8.0,-5.0,-46.0
1776884880.5421028,6.0,-6.0,-51.0
1776884880.5531027,3.0,-9.0,-51.0
1776884880.5621028,3.0,-8.0,-51.0
1776884880.5721028,2.0,-6.0,-52.0
1776884880.5821028,2.0,-5.0,-50.0
1776884880.5921028,0.0,-7.0,-49.0
1776884880.6021028,6.0,-6.0,-43.0
1776884880.6121027,3.0,-3.0,-44.0
1776884880.6221027,5.0,-3.0,-43.0
1776884880.6321027,0.0,-2.0,-48.0
1776884880.6421027,2.0,-3.0,-52.0
1776884880.6521027,4.0,-4.0,-50.0
1776884880.6621027,3.0,0.0,-56.0
1776884880.6721027,1.0,2.0,-58.0
1776884880.682103,3.0,-1.0,-54.0
1776884880.692103,1.0,-3.0,-54.0
1776884880.702103,3.0,-6.0,-48.0
1776884880.712103,5.0,-6.0,-41.0
1776884880.7221026,0.0,-10.0,-46.0
1776884880.7321026,-2.0,-9.0,-43.0
1776884880.7421026,0.0,-7.0,-40.0
1776884880.7521029,0.0,-8.0,-47.0
1776884880.7621028,0.0,-7.0,-46.0
1776884880.7721028,2.0,-6.0,-48.0
1776884880.7821028,4.0,-8.0,-46.0
1776884880.7921028,3.0,-6.0,-50.0
1776884880.8021028,1.0,-4.0,-48.0
1776884880.8121028,0.0,-2.0,-51.0
1776884880.8221028,-5.0,-4.0,-52.0
1776884880.8321028,-5.0,-3.0,-51.0
1776884880.8421028,-2.0,-3.0,-49.0
1776884880.8521028,3.0,-1.0,-45.0
1776884880.8621027,4.0,0.0,-47.0
1776884880.8721027,0.0,-2.0,-47.0
1776884880.8821027,1.0,0.0,-47.0
1776884880.8921027,0.0,0.0,-44.0
1776884880.9021027,2.0,-3.0,-48.0
1776884880.9121027,1.0,-4.0,-46.0
1776884880.9221027,-1.0,-4.0,-44.0
1776884880.932103,-3.0,-3.0,-47.0
1776884880.942103,-4.0,-5.0,-38.0
1776884880.952103,-3.0,-6.0,-39.0
1776884880.962103,-3.0,-6.0,-41.0
1776884880.9721026,-4.0,-7.0,-39.0
1776884880.9821026,0.0,-12.0,-38.0
1776884880.9921026,-1.0,-10.0,-42.0
1776884881.0021029,-3.0,-5.0,-39.0
1776884881.0121028,-3.0,-7.0,-38.0
1776884881.0221028,-6.0,-5.0,-41.0
1776884881.0321028,-3.0,-1.0,-31.0
1776884881.0421028,-2.0,0.0,-35.0
1776884881.0521028,2.0,0.0,-36.0
1776884881.0621028,0.0,-1.0,-36.0
1776884881.0721028,2.0,0.0,-41.0
1776884881.0821028,4.0,3.0,-44.0
1776884881.0921028,4.0,-1.0,-44.0
1776884881.1021028,2.0,-5.0,-45.0
1776884881.1121027,3.0,-8.0,-43.0
1776884881.1221027,2.0,-9.0,-46.0
1776884881.1321027,6.0,-7.0,-51.0
1776884881.1421027,2.0,-10.0,-50.0
1776884881.1521027,3.0,-7.0,-56.0
1776884881.1621027,2.0,-7.0,-51.0
1776884881.1721027,1.0,-10.0,-51.0
1776884881.182103,0.0,-2.0,-44.0
1776884881.192103,-3.0,-2.0,-37.0
1776884881.202103,-4.0,-2.0,-33.0
1776884881.212103,-1.0,-1.0,-32.0
1776884881.2221026,-3.0,-3.0,-33.0
1776884881.2321026,-3.0,-6.0,-30.0
1776884881.2421026,-2.0,-9.0,-33.0
1776884881.2521029,0.0,-8.0,-42.0
1776884881.2621028,-4.0,-1.0,-43.0
1776884881.2721028,-5.0,0.0,-46.0
1776884881.2821028,-3.0,-2.0,-38.0
1776884881.2921028,-5.0,0.0,-33.0
1776884881.3021028,-6.0,7.0,-34.0
1776884881.3121028,1.0,7.0,-39.0
1776884881.3221028,4.0,3.0,-39.0
1776884881.3321028,3.0,3.0,-41.0
1776884881.3421028,0.0,2.0,-37.0
1776884881.3521028,0.0,2.0,-39.0
1776884881.3621027,1.0,1.0,-43.0
1776884881.3721027,0.0,0.0,-40.0
1776884881.3821027,-3.0,3.0,-44.0
1776884881.3921027,-5.0,1.0,-44.0
1776884881.4021027,-8.0,1.0,-48.0
1776884881.4121027,-6.0,0.0,-46.0
1776884881.4221027,-3.0,-1.0,-53.0
1776884881.432103,-6.0,-2.0,-60.0
1776884881.442103,-9.0,-4.0,-55.0
1776884881.452103,-5.0,-3.0,-56.0
1776884881.462103,1.0,0.0,-56.0
1776884881.4721026,1.0,1.0,-58.0
1776884881.4821026,-1.0,4.0,-60.0
1776884881.4921026,1.0,2.0,-58.0
1776884881.5021029,2.0,2.0,-58.0
1776884881.5121028,1.0,2.0,-60.0
1776884881.5221028,0.0,6.0,-58.0
1776884881.5321028,-2.0,8.0,-58.0
1776884881.5421028,-2.0,9.0,-56.0
1776884881.5521028,0.0,11.0,-50.0
1776884881.5621028,4.0,6.0,-53.0
1776884881.5721028,5.0,6.0,-50.0
1776884881.5821028,0.0,3.0,-49.0
1776884881.5921028,0.0,-2.0,-42.0
1776884881.6021028,1.0,-1.0,-46.0
1776884881.6121027,5.0,-4.0,-45.0
1776884881.6221027,0.0,-3.0,-49.0
1776884881.6321027,-3.0,0.0,-44.0
1776884881.6421027,-1.0,0.0,-49.0
1776884881.6521027,0.0,0.0,-46.0
1776884881.6621027,2.0,0.0,-46.0
1776884881.6721027,2.0,-6.0,-40.0
1776884881.682103,6.0,-9.0,-35.0
1776884881.692103,3.0,-8.0,-34.0
1776884881.702103,4.0,-8.0,-32.0
1776884881.712103,4.0,-6.0,-39.0
1776884881.7221026,5.0,-5.0,-40.0
1776884881.7321026,0.0,0.0,-41.0
1776884881.7421026,1.0,0.0,-37.0
1776884881.7521029,6.0,1.0,-40.0
1776884881.7621028,0.0,3.0,-42.0
1776884881.7721028,0.0,5.0,-41.0
1776884881.7821028,1.0,3.0,-40.0
1776884881.7921028,2.0,1.0,-37.0
1776884881.8021028,0.0,0.0,-37.0
1776884881.8121028,-3.0,-4.0,-38.0
1776884881.8221028,0.0,-3.0,-37.0
1776884881.8321028,1.0,-2.0,-41.0
1776884881.8421028,1.0,-2.0,-40.0
1776884881.8521028,4.0,0.0,-46.0
1776884881.8621027,3.0,0.0,-45.0
1776884881.8721027,0.0,3.0,-46.0
1776884881.8821027,0.0,2.0,-47.0
1776884881.8921027,1.0,0.0,-49.0
1776884881.9021027,-2.0,0.0,-45.0
1776884881.9121027,-1.0,0.0,-47.0
1776884881.9221027,3.0,2.0,-46.0
1776884881.932103,4.0,5.0,-47.0
1776884881.942103,5.0,3.0,-48.0
1776884881.9531028,4.0,2.0,-51.0
1776884881.962103,1.0,3.0,-52.0
1776884881.9731028,-1.0,2.0,-49.0
1776884881.9831028,-3.0,5.0,-46.0
1776884881.9931028,-2.0,4.0,-45.0
1776884882.0031028,2.0,1.0,-51.0
1776884882.0131028,0.0,-1.0,-46.0
1776884882.0231028,0.0,-6.0,-45.0
1776884882.0331028,0.0,-7.0,-45.0
1776884882.0431027,-1.0,-6.0,-44.0
1776884882.0531027,2.0,-2.0,-45.0
1776884882.0631027,6.0,0.0,-49.0
1776884882.0731027,7.0,0.0,-50.0
1776884882.0831027,5.0,-3.0,-50.0
1776884882.0931027,3.0,-5.0,-45.0
1776884882.1031027,4.0,-7.0,-41.0
1776884882.113103,5.0,-10.0,-45.0
1776884882.123103,1.0,-10.0,-51.0
1776884882.133103,1.0,-7.0,-49.0
1776884882.1431026,1.0,-6.0,-43.0
1776884882.1531026,1.0,-1.0,-46.0
1776884882.1631026,1.0,2.0,-50.0
1776884882.1731029,3.0,0.0,-50.0
1776884882.1831028,0.0,-1.0,-45.0
1776884882.1931028,0.0,-5.0,-50.0
1776884882.2031028,0.0,-7.0,-54.0
1776884882.2131028,1.0,-3.0,-52.0
1776884882.2231028,1.0,-2.0,-45.0
1776884882.2331028,5.0,0.0,-42.0
1776884882.2431028,3.0,0.0,-46.0
1776884882.2531028,3.0,-4.0,-47.0
1776884882.2631028,3.0,-3.0,-48.0
1776884882.2731028,1.0,-2.0,-43.0
1776884882.2831028,4.0,-3.0,-44.0
1776884882.2931027,4.0,-3.0,-46.0
1776884882.3031027,6.0,-5.0,-48.0
1776884882.3131027,8.0,-3.0,-50.0
1776884882.3231027,5.0,0.0,-53.0
1776884882.3331027,3.0,0.0,-53.0
1776884882.3431027,1.0,2.0,-50.0
1776884882.3531027,3.0,2.0,-45.0
1776884882.363103,3.0,3.0,-43.0
1776884882.373103,-2.0,2.0,-48.0
1776884882.383103,-2.0,0.0,-48.0
1776884882.3931026,3.0,1.0,-47.0
1776884882.4031026,4.0,3.0,-47.0
1776884882.4131026,1.0,0.0,-54.0
1776884882.4231029,-3.0,0.0,-55.0
1776884882.4331028,-2.0,0.0,-53.0
1776884882.4431028,4.0,5.0,-53.0
1776884882.4531028,4.0,4.0,-53.0
1776884882.4631028,-2.0,1.0,-53.0
1776884882.4731028,-1.0,0.0,-54.0
1776884882.4831028,-5.0,2.0,-54.0
1776884882.4931028,-5.0,1.0,-55.0
1776884882.5031028,-4.0,0.0,-49.0
1776884882.5131028,0.0,-3.0,-42.0
1776884882.5231028,-3.0,-4.0,-47.0
1776884882.5331028,-3.0,-7.0,-50.0
1776884882.5431027,-3.0,-5.0,-55.0
1776884882.5531027,-3.0,-8.0,-50.0
1776884882.5631027,1.0,-6.0,-48.0
1776884882.5731027,3.0,-12.0,-50.0
1776884882.5831027,-1.0,-10.0,-50.0
1776884882.5931027,-6.0,-10.0,-55.0
1776884882.6031027,-5.0,-8.0,-57.0
1776884882.613103,-5.0,-6.0,-51.0
1776884882.623103,-9.0,-5.0,-55.0
1776884882.633103,-5.0,-6.0,-57.0
1776884882.6431026,0.0,-5.0,-54.0
1776884882.6531026,0.0,-1.0,-52.0
1776884882.6631026,0.0,-2.0,-51.0
1776884882.6731029,4.0,0.0,-60.0
1776884882.6831028,1.0,2.0,-56.0
1776884882.6931028,5.0,4.0,-55.0
1776884882.7031028,11.0,7.0,-60.0
1776884882.7131028,10.0,6.0,-52.0
1776884882.7231028,9.0,2.0,-47.0
1776884882.7331028,8.0,0.0,-51.0
1776884882.7431028,4.0,-1.0,-45.0
1776884882.7531028,4.0,-5.0,-39.0
1776884882.7631028,5.0,-11.0,-39.0
1776884882.7731028,1.0,-9.0,-44.0
1776884882.7831028,-2.0,-6.0,-45.0
1776884882.7931027,1.0,-4.0,-51.0
1776884882.8031027,3.0,-1.0,-49.0
1776884882.8131027,3.0,-1.0,-49.0
1776884882.8231027,3.0,-3.0,-41.0
1776884882.8331027,0.0,-2.0,-48.0
1776884882.8431027,1.0,-2.0,-45.0
1776884882.8531027,2.0,-1.0,-44.0
1776884882.863103,3.0,-2.0,-43.0
1776884882.873103,0.0,-1.0,-45.0
1776884882.883103,4.0,-1.0,-40.0
1776884882.8931026,0.0,-2.0,-33.0
1776884882.9031026,-2.0,-3.0,-36.0
1776884882.9131026,-2.0,-7.0,-35.0
1776884882.9231029,-1.0,-6.0,-39.0
1776884882.9331028,0.0,-3.0,-35.0
1776884882.9431028,4.0,-4.0,-39.0
1776884882.9531028,6.0,-9.0,-36.0
1776884882.9631028,2.0,-5.0,-37.0
1776884882.9731028,0.0,-2.0,-41.0
1776884882.9831028,1.0,1.0,-46.0
1776884882.9931028,5.0,-2.0,-51.0
1776884883.0031028,5.0,0.0,-52.0
1776884883.0131028,6.0,2.0,-49.0
1776884883.0231028,5.0,4.0,-44.0
1776884883.0331028,5.0,6.0,-48.0
1776884883.0431027,5.0,3.0,-55.0
1776884883.0531027,4.0,0.0,-54.0
1776884883.0631027,10.0,-2.0,-47.0
1776884883.0731027,8.0,-1.0,-41.0
1776884883.0831027,10.0,-3.0,-42.0
1776884883.0931027,6.0,-5.0,-48.0
1776884883.1031027,1.0,-9.0,-46.0
1776884883.113103,1.0,-7.0,-46.0
1776884883.123103,0.0,-2.0,-41.0
1776884883.133103,2.0,1.0,-42.0
1776884883.1431026,5.0,5.0,-44.0
1776884883.1531026,5.0,-3.0,-46.0
1776884883.1631026,6.0,-4.0,-42.0
1776884883.1731029,1.0,-5.0,-40.0
1776884883.1831028,0.0,-4.0,-38.0
1776884883.1931028,1.0,-6.0,-33.0
1776884883.2031028,2.0,-6.0,-27.0
1776884883.2131028,1.0,-10.0,-26.0
1776884883.2231028,3.0,-11.0,-29.0
1776884883.2331028,0.0,-12.0,-33.0
1776884883.2431028,0.0,-9.0,-31.0
1776884883.2531028,0.0,-5.0,-36.0
1776884883.2631028,4.0,0.0,-41.0
1776884883.2731028,5.0,3.0,-47.0
1776884883.2831028,2.0,0.0,-49.0
1776884883.2931027,1.0,3.0,-51.0
1776884883.3031027,1.0,3.0,-55.0
1776884883.3131027,3.0,0.0,-54.0
1776884883.3231027,4.0,0.0,-54.0
1776884883.3331027,3.0,-2.0,-56.0
1776884883.3431027,1.0,0.0,-58.0
1776884883.3531027,2.0,-1.0,-56.0
1776884883.363103,4.0,0.0,-54.0
1776884883.373103,6.0,3.0,-52.0
1776884883.383103,0.0,1.0,-48.0
1776884883.3931026,0.0,-3.0,-40.0
1776884883.4031026,0.0,-3.0,-36.0
1776884883.4131026,-1.0,-3.0,-34.0
1776884883.4231029,0.0,-6.0,-34.0
1776884883.4331028,2.0,-6.0,-43.0
1776884883.4431028,-2.0,-2.0,-42.0
1776884883.4531028,-1.0,-2.0,-43.0
1776884883.4631028,3.0,0.0,-44.0
1776884883.4731028,1.0,-5.0,-44.0
1776884883.4831028,1.0,-7.0,-39.0
1776884883.4931028,0.0,-6.0,-42.0
1776884883.5031028,0.0,-3.0,-36.0
1776884883.5131028,-1.0,-3.0,-40.0
1776884883.5231028,0.0,-1.0,-42.0
1776884883.5331028,1.0,-1.0,-35.0
1776884883.5431027,1.0,1.0,-39.0
1776884883.5531027,3.0,1.0,-40.0
1776884883.5631027,0.0,-2.0,-45.0
1776884883.5731027,-3.0,-3.0,-43.0
1776884883.5831027,-2.0,-1.0,-43.0
1776884883.5931027,0.0,1.0,-47.0
1776884883.6031027,4.0,3.0,-47.0
1776884883.613103,5.0,6.0,-47.0
1776884883.623103,4.0,7.0,-48.0
1776884883.633103,0.0,5.0,-49.0
1776884883.6431026,0.0,3.0,-48.0
1776884883.6531026,0.0,0.0,-47.0
1776884883.6631026,-5.0,-3.0,-45.0
1776884883.6731029,-8.0,-7.0,-40.0
1776884883.6831028,-5.0,-5.0,-39.0
1776884883.6931028,-2.0,1.0,-39.0
1776884883.7031028,-2.0,-4.0,-41.0
1776884883.7131028,-1.0,-4.0,-43.0
1776884883.7231028,-7.0,1.0,-47.0
1776884883.7331028,-4.0,0.0,-49.0
1776884883.7431028,-5.0,0.0,-52.0
1776884883.7531028,-7.0,-1.0,-52.0
1776884883.7631028,-6.0,0.0,-56.0
1776884883.7731028,-2.0,-2.0,-56.0
1776884883.7831028,0.0,-3.0,-51.0
1776884883.7931027,-1.0,-1.0,-41.0
1776884883.8031027,-5.0,-3.0,-40.0
1776884883.8131027,-7.0,-2.0,-38.0
1776884883.8231027,-9.0,-9.0,-39.0
1776884883.8331027,-7.0,-12.0,-43.0
1776884883.8431027,-5.0,-8.0,-43.0
1776884883.8531027,-8.0,-6.0,-38.0
1776884883.863103,-8.0,-4.0,-42.0
1776884883.873103,-3.0,-7.0,-48.0
1776884883.883103,0.0,-4.0,-46.0
1776884883.8931026,2.0,-6.0,-47.0
1776884883.9031026,-1.0,-13.0,-47.0
1776884883.9131026,-5.0,-12.0,-55.0
1776884883.9231029,0.0,-4.0,-48.0
1776884883.9341028,-1.0,-5.0,-43.0
1776884883.9441028,-1.0,-3.0,-42.0
1776884883.9541028,-1.0,-2.0,-40.0
1776884883.9641027,-2.0,-2.0,-44.0
1776884883.9741027,0.0,0.0,-49.0
1776884883.9841027,2.0,1.0,-47.0
1776884883.9941027,5.0,2.0,-43.0
1776884884.0041027,0.0,0.0,-42.0
1776884884.0141027,0.0,2.0,-49.0
1776884884.0241027,-3.0,2.0,-42.0
1776884884.034103,-2.0,1.0,-46.0
1776884884.044103,0.0,-5.0,-50.0
1776884884.054103,-3.0,-5.0,-49.0
1776884884.0641026,0.0,-7.0,-51.0
1776884884.0741026,5.0,-5.0,-50.0
1776884884.0841026,-1.0,-4.0,-56.0
1776884884.0941026,-8.0,0.0,-52.0
1776884884.1041028,-6.0,0.0,-48.0
1776884884.1141028,-6.0,-1.0,-44.0
1776884884.1241028,-6.0,-2.0,-43.0
1776884884.1341028,-4.0,-2.0,-41.0
1776884884.1441028,-4.0,-4.0,-37.0
1776884884.1541028,-3.0,-7.0,-40.0
1776884884.1641028,-4.0,0.0,-46.0
1776884884.1741028,-5.0,-1.0,-43.0
1776884884.1841028,-8.0,-4.0,-43.0
1776884884.1941028,-3.0,0.0,-44.0
1776884884.2041028,-1.0,0.0,-42.0
1776884884.2141027,0.0,0.0,-43.0
1776884884.2241027,1.0,0.0,-41.0
1776884884.2341027,-1.0,1.0,-38.0
1776884884.2441027,1.0,0.0,-36.0
1776884884.2541027,0.0,-3.0,-31.0
1776884884.2641027,-1.0,-2.0,-39.0
1776884884.2741027,2.0,0.0,-47.0
1776884884.284103,1.0,-2.0,-44.0
1776884884.294103,1.0,-4.0,-43.0
1776884884.304103,0.0,-2.0,-44.0
1776884884.3141026,0.0,1.0,-50.0
1776884884.3241026,-2.0,-1.0,-57.0
1776884884.3341026,0.0,1.0,-52.0
1776884884.3441026,-1.0,1.0,-53.0
1776884884.3541028,0.0,4.0,-46.0
1776884884.3641028,1.0,3.0,-58.0
1776884884.3741028,4.0,3.0,-57.0
1776884884.3841028,-2.0,3.0,-59.0
1776884884.3941028,-3.0,3.0,-57.0
1776884884.4041028,-3.0,4.0,-55.0
1776884884.4141028,-6.0,1.0,-55.0
1776884884.4241028,-4.0,4.0,-59.0
1776884884.4341028,-1.0,2.0,-64.0
1776884884.4441028,0.0,2.0,-66.0
1776884884.4541028,0.0,0.0,-60.0
1776884884.4641027,5.0,0.0,-62.0
1776884884.4741027,6.0,0.0,-61.0
1776884884.4841027,5.0,6.0,-62.0
1776884884.4941027,5.0,4.0,-57.0
1776884884.5041027,2.0,1.0,-57.0
1776884884.5141027,0.0,0.0,-55.0
1776884884.5241027,1.0,0.0,-60.0
1776884884.534103,4.0,-2.0,-51.0
1776884884.544103,6.0,-2.0,-49.0
1776884884.554103,7.0,1.0,-43.0
1776884884.5641026,7.0,0.0,-42.0
1776884884.5741026,6.0,0.0,-49.0
1776884884.5841026,10.0,-2.0,-49.0
1776884884.5941026,11.0,-1.0,-47.0
1776884884.6041028,8.0,-1.0,-45.0
1776884884.6141028,5.0,-5.0,-47.0
1776884884.6241028,4.0,-1.0,-48.0
1776884884.6341028,3.0,-2.0,-45.0
1776884884.6441028,-1.0,2.0,-42.0
1776884884.6541028,-5.0,8.0,-47.0
1776884884.6641028,-4.0,0.0,-48.0
1776884884.6741028,-5.0,2.0,-47.0
1776884884.6841028,-4.0,1.0,-50.0
1776884884.6941028,-2.0,-2.0,-47.0
1776884884.7041028,-1.0,0.0,-46.0
1776884884.7141027,0.0,0.0,-38.0
1776884884.7241027,1.0,0.0,-32.0
1776884884.7341027,3.0,0.0,-33.0
1776884884.7441027,4.0,1.0,-33.0
1776884884.7541027,9.0,2.0,-35.0
1776884884.7641027,6.0,0.0,-47.0
1776884884.7741027,2.0,3.0,-48.0
1776884884.784103,2.0,1.0,-48.0
1776884884.794103,0.0,0.0,-47.0
1776884884.804103,1.0,0.0,-48.0
1776884884.8141026,1.0,-2.0,-50.0
1776884884.8241026,4.0,-4.0,-56.0
1776884884.8341026,4.0,-3.0,-57.0
1776884884.8441026,7.0,-3.0,-53.0
1776884884.8541028,0.0,-2.0,-56.0
1776884884.8641028,2.0,-1.0,-57.0
1776884884.8741028,4.0,-5.0,-52.0
1776884884.8841028,4.0,-6.0,-52.0
1776884884.8941028,3.0,-5.0,-51.0
1776884884.9041028,3.0,-5.0,-44.0
1776884884.9141028,0.0,-3.0,-45.0
1776884884.9241028,0.0,-1.0,-45.0
1776884884.9341028,0.0,-3.0,-44.0
1776884884.9441028,0.0,-2.0,-42.0
1776884884.9541028,4.0,-1.0,-39.0
1776884884.9641027,2.0,-3.0,-45.0
1776884884.9741027,-1.0,0.0,-51.0
1776884884.9841027,-6.0,-3.0,-49.0
1776884884.9941027,-4.0,-5.0,-49.0
1776884885.0041027,-5.0,-5.0,-49.0
1776884885.0141027,-4.0,-4.0,-46.0
1776884885.0241027,-1.0,0.0,-51.0
1776884885.034103,0.0,0.0,-40.0
1776884885.044103,1.0,-4.0,-42.0
1776884885.054103,0.0,-4.0,-40.0
1776884885.0641026,0.0,-1.0,-49.0
1776884885.0741026,-1.0,-4.0,-50.0
1776884885.0841026,-1.0,0.0,-49.0
1776884885.0941026,-4.0,-2.0,-45.0
1776884885.1041028,-3.0,-3.0,-45.0
1776884885.1141028,-1.0,-5.0,-54.0
1776884885.1241028,-4.0,-2.0,-50.0
1776884885.1341028,0.0,-3.0,-43.0
1776884885.1441028,-3.0,-4.0,-41.0
1776884885.1541028,-2.0,-2.0,-51.0
1776884885.1641028,1.0,-5.0,-52.0
1776884885.1741028,4.0,-8.0,-58.0
1776884885.1841028,4.0,-6.0,-55.0
1776884885.1941028,4.0,-6.0,-57.0
1776884885.2041028,3.0,-6.0,-56.0
1776884885.2141027,2.0,-4.0,-48.0
1776884885.2241027,0.0,-4.0,-40.0
1776884885.2341027,0.0,1.0,-46.0
1776884885.2441027,2.0,0.0,-45.0
1776884885.2541027,1.0,-3.0,-45.0
1776884885.2641027,2.0,-6.0,-52.0
1776884885.2741027,8.0,-2.0,-49.0
1776884885.284103,8.0,-1.0,-43.0
1776884885.294103,9.0,-3.0,-48.0
1776884885.304103,7.0,-3.0,-43.0
1776884885.3141026,4.0,-4.0,-46.0
1776884885.3241026,0.0,-2.0,-50.0
1776884885.3341026,3.0,-2.0,-51.0
1776884885.3441026,4.0,-3.0,-55.0
1776884885.3541028,3.0,-3.0,-52.0
1776884885.3641028,-1.0,-3.0,-51.0
1776884885.3741028,-2.0,-8.0,-53.0
1776884885.3841028,-2.0,-7.0,-54.0
1776884885.3941028,0.0,-11.0,-45.0
1776884885.4041028,1.0,-9.0,-38.0
1776884885.4141028,0.0,-8.0,-37.0
1776884885.4241028,-1.0,-8.0,-35.0
1776884885.4341028,0.0,-6.0,-35.0
1776884885.4441028,0.0,-7.0,-40.0
1776884885.4541028,0.0,-6.0,-42.0
1776884885.4641027,-2.0,-4.0,-44.0
1776884885.4741027,-1.0,-5.0,-49.0
1776884885.4841027,0.0,-9.0,-48.0
1776884885.4941027,0.0,-7.0,-45.0
1776884885.5041027,4.0,-3.0,-46.0
1776884885.5141027,-1.0,1.0,-49.0
1776884885.5241027,-1.0,1.0,-45.0
1776884885.534103,2.0,4.0,-41.0
1776884885.544103,3.0,5.0,-42.0
1776884885.554103,4.0,4.0,-46.0
1776884885.5641026,8.0,5.0,-46.0
1776884885.5741026,9.0,2.0,-44.0
1776884885.5841026,3.0,-2.0,-45.0
1776884885.5941026,2.0,-1.0,-40.0
1776884885.6041028,0.0,0.0,-49.0
1776884885.6141028,3.0,0.0,-52.0
1776884885.6241028,6.0,2.0,-52.0
1776884885.6341028,6.0,0.0,-47.0
1776884885.6441028,2.0,-1.0,-50.0
1776884885.6541028,0.0,-2.0,-60.0
1776884885.6641028,0.0,0.0,-56.0
1776884885.6741028,0.0,-1.0,-55.0
1776884885.6841028,1.0,-2.0,-44.0
1776884885.6941028,1.0,2.0,-42.0
1776884885.7041028,1.0,-1.0,-39.0
1776884885.7141027,4.0,-5.0,-34.0
1776884885.7241027,4.0,-7.0,-35.0
1776884885.7341027,3.0,-5.0,-34.0
1776884885.7441027,4.0,-3.0,-39.0
1776884885.7541027,3.0,-1.0,-47.0
1776884885.7641027,0.0,-2.0,-43.0
1776884885.7741027,0.0,-3.0,-31.0
1776884885.784103,1.0,-2.0,-33.0
1776884885.794103,1.0,-5.0,-39.0
1776884885.804103,0.0,-1.0,-43.0
1776884885.8141026,4.0,-1.0,-36.0
1776884885.8241026,0.0,-2.0,-33.0
1776884885.8341026,-1.0,0.0,-36.0
1776884885.8441026,-4.0,0.0,-38.0
1776884885.8541028,1.0,-2.0,-31.0
1776884885.8641028,3.0,-4.0,-37.0
1776884885.8741028,4.0,-3.0,-41.0
1776884885.8841028,3.0,-6.0,-37.0
1776884885.8951027,3.0,-6.0,-43.0
1776884885.9041028,5.0,-2.0,-44.0
1776884885.9151027,0.0,0.0,-48.0
1776884885.9251027,0.0,0.0,-50.0
1776884885.9351027,0.0,0.0,-42.0
1776884885.9451027,5.0,-3.0,-38.0
1776884885.9551027,8.0,-5.0,-38.0
1776884885.965103,7.0,-4.0,-42.0
1776884885.975103,11.0,-6.0,-47.0
1776884885.985103,9.0,-3.0,-48.0
1776884885.9951026,8.0,-6.0,-47.0
1776884886.0051026,3.0,-6.0,-48.0
1776884886.0141027,0.0,-5.0,-46.0
1776884886.0251029,0.0,-1.0,-45.0
1776884886.0351028,-3.0,0.0,-42.0
1776884886.0451028,-3.0,0.0,-41.0
1776884886.0551028,-4.0,-4.0,-39.0
1776884886.0651028,-6.0,-5.0,-34.0
1776884886.0751028,-5.0,-3.0,-40.0
1776884886.0851028,0.0,-3.0,-44.0
1776884886.0951028,-1.0,-6.0,-49.0
1776884886.1051028,-2.0,-6.0,-48.0
1776884886.1151028,0.0,-1.0,-42.0
1776884886.1251028,1.0,-4.0,-40.0
1776884886.1351027,3.0,-4.0,-40.0
1776884886.1451027,4.0,-2.0,-42.0
1776884886.1551027,0.0,-7.0,-43.0
1776884886.1651027,-3.0,-3.0,-43.0
1776884886.1751027,-1.0,-1.0,-45.0
1776884886.1851027,0.0,-4.0,-45.0
1776884886.1951027,2.0,-2.0,-44.0
1776884886.2051027,1.0,-3.0,-48.0
1776884886.215103,0.0,-8.0,-49.0
1776884886.225103,-1.0,-10.0,-45.0
1776884886.235103,0.0,-7.0,-45.0
1776884886.2451026,0.0,-5.0,-55.0
1776884886.2551026,-1.0,-6.0,-58.0
1776884886.2651026,-1.0,-7.0,-56.0
1776884886.2751029,1.0,-6.0,-52.0
1776884886.2851028,-1.0,-6.0,-52.0
1776884886.2951028,1.0,-2.0,-57.0
1776884886.3051028,4.0,5.0,-59.0
1776884886.3151028,1.0,5.0,-57.0
1776884886.3251028,0.0,6.0,-51.0
1776884886.3351028,-3.0,6.0,-53.0
1776884886.3451028,-4.0,4.0,-54.0
1776884886.3551028,-5.0,1.0,-55.0
1776884886.3651028,-6.0,1.0,-48.0
1776884886.3761027,-7.0,-2.0,-45.0
1776884886.3851027,-7.0,-1.0,-44.0
1776884886.3951027,-6.0,-5.0,-46.0
1776884886.4051027,-7.0,-6.0,-45.0
1776884886.4151027,-2.0,-6.0,-45.0
1776884886.4251027,-5.0,-5.0,-43.0
1776884886.4351027,-12.0,-7.0,-48.0
1776884886.4451027,-12.0,-6.0,-49.0
1776884886.4551027,-12.0,-5.0,-44.0
1776884886.465103,-15.0,-4.0,-46.0
1776884886.475103,-12.0,-6.0,-49.0
1776884886.485103,-7.0,-4.0,-51.0
1776884886.4951026,-2.0,-1.0,-50.0
1776884886.5051026,0.0,-1.0,-51.0
1776884886.5151026,0.0,-4.0,-48.0
1776884886.5251029,3.0,-8.0,-50.0
1776884886.5351028,-6.0,-8.0,-47.0
1776884886.5451028,-8.0,-4.0,-38.0
1776884886.5551028,-13.0,1.0,-38.0
1776884886.5651028,-14.0,0.0,-36.0
1776884886.5751028,-15.0,0.0,-38.0
1776884886.5851028,-11.0,-2.0,-39.0
1776884886.5951028,-9.0,3.0,-42.0
1776884886.6051028,-8.0,2.0,-47.0
1776884886.6151028,-5.0,-1.0,-54.0
1776884886.6251028,-3.0,0.0,-59.0
1776884886.6351027,0.0,-1.0,-58.0
1776884886.6451027,0.0,-3.0,-63.0
1776884886.6551027,1.0,-5.0,-57.0
1776884886.6651027,3.0,-6.0,-51.0
1776884886.6751027,3.0,-2.0,-46.0
1776884886.6851027,0.0,1.0,-53.0
1776884886.6951027,2.0,-2.0,-60.0
1776884886.7051027,4.0,-7.0,-51.0
1776884886.715103,0.0,-6.0,-49.0
1776884886.725103,-3.0,-3.0,-46.0
1776884886.735103,-1.0,0.0,-44.0
1776884886.7451026,1.0,-2.0,-41.0
1776884886.7551026,1.0,-1.0,-46.0
1776884886.7651026,2.0,-4.0,-44.0
1776884886.7751029,1.0,-3.0,-47.0
1776884886.7851028,4.0,-1.0,-47.0
1776884886.7951028,3.0,0.0,-50.0
1776884886.8051028,3.0,-5.0,-45.0
1776884886.8151028,4.0,-9.0,-41.0
1776884886.8251028,4.0,-6.0,-47.0
1776884886.8351028,2.0,-5.0,-48.0
1776884886.8451028,0.0,-2.0,-45.0
1776884886.8551028,-2.0,-3.0,-38.0
1776884886.8651028,0.0,-4.0,-34.0
1776884886.8751028,-1.0,0.0,-40.0
1776884886.8851027,-3.0,0.0,-46.0
1776884886.8951027,-3.0,-2.0,-48.0
1776884886.9051027,1.0,0.0,-51.0
1776884886.9151027,-3.0,-3.0,-56.0
1776884886.9251027,1.0,0.0,-49.0
1776884886.9351027,5.0,1.0,-58.0
1776884886.9451027,2.0,2.0,-58.0
1776884886.9551027,3.0,4.0,-53.0
1776884886.965103,2.0,0.0,-50.0
1776884886.975103,3.0,-2.0,-48.0
1776884886.985103,2.0,-7.0,-46.0
1776884886.9951026,1.0,-4.0,-46.0
1776884887.0051026,0.0,-6.0,-49.0
1776884887.0151026,-2.0,-2.0,-45.0
1776884887.0251029,-2.0,0.0,-44.0
1776884887.0351028,2.0,-5.0,-48.0
1776884887.0451028,2.0,-7.0,-47.0
1776884887.0551028,1.0,-5.0,-51.0
1776884887.0651028,-1.0,-6.0,-48.0
1776884887.0751028,-2.0,0.0,-52.0
1776884887.0851028,0.0,1.0,-56.0
1776884887.0951028,4.0,-2.0,-54.0
1776884887.1051028,5.0,-2.0,-59.0
1776884887.1151028,2.0,-1.0,-56.0
1776884887.1251028,4.0,0.0,-42.0
1776884887.1351027,1.0,0.0,-44.0
1776884887.1451027,-2.0,-3.0,-44.0
1776884887.1551027,-3.0,-7.0,-46.0
1776884887.1651027,-2.0,-2.0,-47.0
1776884887.1751027,0.0,0.0,-48.0
1776884887.1851027,1.0,0.0,-40.0
1776884887.1951027,3.0,-2.0,-45.0
1776884887.2051027,5.0,0.0,-51.0
1776884887.215103,7.0,0.0,-46.0
1776884887.225103,8.0,-2.0,-45.0
1776884887.235103,4.0,-3.0,-46.0
1776884887.2451026,2.0,-4.0,-44.0
1776884887.2551026,6.0,-6.0,-50.0
1776884887.2651026,2.0,-2.0,-49.0
1776884887.2751029,6.0,-2.0,-49.0
1776884887.2851028,0.0,0.0,-51.0
1776884887.2951028,2.0,0.0,-48.0
1776884887.3051028,4.0,-4.0,-48.0
1776884887.3151028,0.0,-2.0,-50.0
1776884887.3251028,3.0,-3.0,-47.0
1776884887.3351028,0.0,-5.0,-47.0
1776884887.3451028,0.0,-3.0,-45.0
1776884887.3551028,0.0,-4.0,-42.0
1776884887.3651028,0.0,-2.0,-48.0
1776884887.3751028,2.0,-2.0,-49.0
1776884887.3851027,1.0,-3.0,-46.0
1776884887.3951027,0.0,-1.0,-45.0
1776884887.4051027,-7.0,0.0,-42.0
1776884887.4151027,-8.0,0.0,-37.0
1776884887.4251027,-2.0,-4.0,-36.0
1776884887.4351027,-5.0,-4.0,-38.0
1776884887.4451027,-5.0,-6.0,-42.0
1776884887.4551027,-7.0,-9.0,-42.0
1776884887.465103,-2.0,-7.0,-44.0
1776884887.475103,1.0,-6.0,-49.0
1776884887.485103,0.0,-9.0,-45.0
1776884887.4951026,1.0,-7.0,-41.0
1776884887.5051026,0.0,-3.0,-43.0
1776884887.5151026,1.0,-2.0,-41.0
1776884887.5251029,-2.0,-3.0,-41.0
1776884887.5351028,-2.0,-3.0,-45.0
1776884887.5451028,-4.0,-8.0,-46.0
1776884887.5551028,-7.0,-8.0,-45.0
1776884887.5651028,-3.0,-4.0,-46.0
1776884887.5751028,0.0,-2.0,-48.0
1776884887.5851028,4.0,-3.0,-43.0
1776884887.5951028,5.0,-2.0,-34.0
1776884887.6051028,3.0,0.0,-39.0
1776884887.6151028,4.0,-1.0,-44.0
1776884887.6251028,1.0,-5.0,-45.0
1776884887.6351027,0.0,-7.0,-44.0
1776884887.6451027,0.0,-7.0,-45.0
1776884887.6551027,0.0,-8.0,-41.0
1776884887.6651027,0.0,-9.0,-38.0
1776884887.6751027,-3.0,-9.0,-41.0
1776884887.6851027,1.0,-12.0,-47.0
1776884887.6951027,0.0,-12.0,-46.0
1776884887.7051027,-4.0,-13.0,-42.0
1776884887.715103,3.0,-13.0,-44.0
1776884887.725103,6.0,-9.0,-50.0
1776884887.735103,3.0,-8.0,-49.0
1776884887.7451026,6.0,-2.0,-47.0
1776884887.7551026,6.0,0.0,-44.0
1776884887.7651026,6.0,1.0,-47.0
1776884887.7751029,7.0,1.0,-49.0
1776884887.7851028,5.0,1.0,-41.0
1776884887.7951028,5.0,1.0,-29.0
1776884887.8051028,4.0,0.0,-29.0
1776884887.8151028,0.0,0.0,-27.0
1776884887.8251028,0.0,-6.0,-29.0
1776884887.8351028,1.0,-9.0,-33.0
1776884887.8451028,0.0,-12.0,-38.0
1776884887.8551028,2.0,-12.0,-41.0
1776884887.8651028,0.0,-13.0,-42.0
1776884887.8751028,1.0,-11.0,-46.0
1776884887.8851027,0.0,-8.0,-47.0
1776884887.896103,1.0,-7.0,-50.0
1776884887.9051027,2.0,-9.0,-44.0
1776884887.9161026,-3.0,-8.0,-38.0
1776884887.9251027,0.0,-7.0,-34.0
1776884887.9361026,0.0,-7.0,-41.0
1776884887.9461029,2.0,-7.0,-44.0
1776884887.9561028,-2.0,-4.0,-42.0
1776884887.9661028,-6.0,-4.0,-44.0
1776884887.9761028,-4.0,-1.0,-44.0
1776884887.9861028,0.0,-4.0,-50.0
1776884887.9961028,1.0,-4.0,-46.0
1776884888.0061028,0.0,-5.0,-45.0
1776884888.0161028,2.0,-6.0,-42.0
1776884888.0261028,0.0,-3.0,-36.0
1776884888.0361028,1.0,0.0,-33.0
1776884888.0461028,-1.0,-1.0,-42.0
1776884888.0561028,-1.0,-1.0,-40.0
1776884888.0661027,4.0,0.0,-38.0
1776884888.0761027,1.0,-2.0,-35.0
1776884888.0861027,1.0,-4.0,-34.0
1776884888.0961027,4.0,-5.0,-33.0
1776884888.1061027,-2.0,-4.0,-38.0
1776884888.1161027,-2.0,-1.0,-41.0
1776884888.1261027,-3.0,-1.0,-38.0
1776884888.136103,-2.0,-3.0,-40.0
1776884888.146103,-2.0,-5.0,-38.0
1776884888.156103,-3.0,-5.0,-38.0
1776884888.1661026,-4.0,-3.0,-41.0
1776884888.1761026,0.0,-2.0,-29.0
1776884888.1861026,-2.0,-3.0,-26.0
1776884888.1961029,-2.0,-1.0,-27.0
1776884888.2061028,-3.0,-2.0,-37.0
1776884888.2161028,0.0,-8.0,-49.0
1776884888.2261028,-1.0,-9.0,-52.0
1776884888.2361028,-4.0,-6.0,-50.0
1776884888.2461028,-1.0,-5.0,-47.0
1776884888.2561028,2.0,-1.0,-44.0
1776884888.2661028,1.0,-6.0,-37.0
1776884888.2761028,3.0,-5.0,-45.0
1776884888.2861028,2.0,-5.0,-45.0
1776884888.2961028,2.0,-2.0,-43.0
1776884888.3061028,2.0,-5.0,-43.0
1776884888.3161027,-3.0,-8.0,-47.0
1776884888.3261027,4.0,-5.0,-49.0
1776884888.3361027,5.0,-6.0,-41.0
1776884888.3461027,5.0,-7.0,-43.0
1776884888.3561027,1.0,-9.0,-44.0
1776884888.3661027,1.0,-11.0,-49.0
1776884888.3761027,0.0,-7.0,-46.0
1776884888.386103,-2.0,-5.0,-46.0
1776884888.396103,0.0,-4.0,-44.0
1776884888.406103,-6.0,1.0,-37.0
1776884888.4161026,-5.0,-2.0,-37.0
1776884888.4261026,-1.0,0.0,-34.0
1776884888.4361026,-2.0,-3.0,-38.0
1776884888.4461029,-5.0,-1.0,-41.0
1776884888.4561028,-2.0,0.0,-52.0
1776884888.4661028,-1.0,-3.0,-50.0
1776884888.4761028,-4.0,-2.0,-52.0
1776884888.4861028,-3.0,-1.0,-47.0
1776884888.4961028,-2.0,-1.0,-51.0
1776884888.5061028,0.0,-2.0,-48.0
1776884888.5161028,-2.0,-7.0,-49.0
1776884888.5261028,-2.0,-2.0,-49.0
1776884888.5361028,-3.0,-4.0,-51.0
1776884888.5461028,-2.0,-8.0,-48.0
1776884888.5561028,-1.0,-6.0,-42.0
1776884888.5661027,-1.0,-4.0,-39.0
1776884888.5761027,-4.0,-6.0,-37.0
1776884888.5861027,-2.0,-8.0,-41.0
1776884888.5961027,-3.0,-3.0,-45.0
1776884888.6061027,0.0,-1.0,-55.0
1776884888.6161027,2.0,-3.0,-51.0
1776884888.6261027,1.0,-3.0,-53.0
1776884888.636103,4.0,-4.0,-54.0
1776884888.646103,1.0,0.0,-52.0
1776884888.656103,1.0,-2.0,-53.0
1776884888.6661026,-1.0,-6.0,-55.0
1776884888.6761026,0.0,-8.0,-49.0
1776884888.6861026,-1.0,-13.0,-43.0
1776884888.6961029,0.0,-10.0,-42.0
1776884888.7061028,-2.0,-6.0,-44.0
1776884888.7161028,-2.0,-4.0,-50.0
1776884888.7261028,-1.0,-1.0,-48.0
1776884888.7361028,0.0,-4.0,-48.0
1776884888.7461028,3.0,0.0,-49.0
1776884888.7561028,0.0,-1.0,-49.0
1776884888.7661028,-3.0,-6.0,-43.0
1776884888.7761028,-1.0,-3.0,-44.0
1776884888.7861028,-1.0,0.0,-46.0
1776884888.7961028,-2.0,-6.0,-46.0
1776884888.8061028,0.0,-8.0,-47.0
1776884888.8161027,0.0,-3.0,-46.0
1776884888.8261027,0.0,-8.0,-45.0
1776884888.8361027,1.0,-9.0,-52.0
1776884888.8461027,7.0,-10.0,-53.0
1776884888.8561027,7.0,-7.0,-49.0
1776884888.8661027,4.0,1.0,-46.0
1776884888.8761027,3.0,3.0,-49.0
1776884888.886103,6.0,2.0,-50.0
1776884888.896103,7.0,0.0,-52.0
1776884888.906103,7.0,0.0,-54.0
1776884888.9161026,5.0,-2.0,-54.0
1776884888.9261026,6.0,0.0,-55.0
1776884888.9361026,6.0,3.0,-56.0
1776884888.9461029,8.0,7.0,-51.0
1776884888.9561028,10.0,4.0,-43.0
1776884888.9661028,12.0,6.0,-46.0
1776884888.9761028,11.0,5.0,-51.0
1776884888.9861028,8.0,4.0,-55.0
1776884888.9961028,6.0,1.0,-51.0
1776884889.0061028,3.0,0.0,-54.0
1776884889.0161028,0.0,-3.0,-54.0
1776884889.0261028,1.0,-9.0,-52.0
1776884889.0361028,5.0,-5.0,-48.0
1776884889.0461028,2.0,-3.0,-46.0
1776884889.0561028,9.0,-2.0,-51.0
1776884889.0661027,8.0,-4.0,-59.0
1776884889.0761027,4.0,-5.0,-64.0
1776884889.0861027,0.0,-4.0,-64.0
1776884889.0961027,-3.0,-6.0,-67.0
1776884889.1061027,-2.0,-6.0,-65.0
1776884889.1161027,-4.0,-4.0,-62.0
1776884889.1261027,3.0,-8.0,-54.0
1776884889.136103,4.0,-3.0,-55.0
1776884889.146103,7.0,2.0,-47.0
1776884889.156103,2.0,2.0,-45.0
1776884889.1661026,1.0,0.0,-47.0
1776884889.1761026,0.0,0.0,-47.0
1776884889.1861026,0.0,2.0,-46.0
1776884889.1961029,3.0,2.0,-42.0
1776884889.2061028,4.0,1.0,-39.0
1776884889.2161028,3.0,-1.0,-37.0
1776884889.2261028,-1.0,-1.0,-35.0
1776884889.2361028,0.0,-2.0,-38.0
1776884889.2461028,0.0,0.0,-40.0
1776884889.2561028,2.0,-1.0,-35.0
1776884889.2661028,0.0,0.0,-39.0
1776884889.2761028,2.0,0.0,-43.0
1776884889.2861028,8.0,-3.0,-44.0
1776884889.2961028,8.0,-2.0,-44.0
1776884889.3061028,3.0,-3.0,-43.0
1776884889.3161027,0.0,-1.0,-48.0
1776884889.3261027,0.0,0.0,-49.0
1776884889.3361027,2.0,2.0,-50.0
1776884889.3461027,5.0,0.0,-46.0
1776884889.3561027,3.0,3.0,-46.0
1776884889.3661027,-2.0,7.0,-47.0
1776884889.3761027,0.0,3.0,-41.0
1776884889.386103,-2.0,0.0,-40.0
1776884889.396103,-2.0,1.0,-38.0
1776884889.406103,-3.0,0.0,-38.0
1776884889.4161026,-1.0,-5.0,-39.0
1776884889.4261026,-1.0,-6.0,-38.0
1776884889.4361026,1.0,-5.0,-41.0
1776884889.4461029,4.0,-5.0,-39.0
1776884889.4561028,7.0,-6.0,-46.0
1776884889.4661028,5.0,0.0,-43.0
1776884889.4761028,2.0,0.0,-39.0
1776884889.4861028,-2.0,-1.0,-46.0
1776884889.4961028,-2.0,-1.0,-43.0
1776884889.5061028,-3.0,-5.0,-45.0
1776884889.5161028,0.0,-2.0,-48.0
1776884889.5261028,1.0,-2.0,-54.0
1776884889.5361028,2.0,0.0,-64.0
1776884889.5461028,-1.0,4.0,-62.0
1776884889.5561028,0.0,4.0,-59.0
1776884889.5661027,0.0,3.0,-54.0
1776884889.5761027,-1.0,3.0,-60.0
1776884889.5861027,3.0,1.0,-55.0
1776884889.5961027,-1.0,3.0,-53.0
1776884889.6061027,-2.0,0.0,-51.0
1776884889.6161027,4.0,-7.0,-53.0
1776884889.6261027,6.0,-9.0,-47.0
1776884889.636103,11.0,-5.0,-46.0
1776884889.646103,11.0,-3.0,-47.0
1776884889.656103,3.0,-4.0,-50.0
1776884889.6671028,5.0,-6.0,-43.0
1776884889.6761026,5.0,-5.0,-36.0
1776884889.6861026,0.0,-6.0,-34.0
1776884889.6961029,0.0,-4.0,-40.0
1776884889.7061028,-1.0,-4.0,-37.0
1776884889.7161028,-5.0,-3.0,-35.0
1776884889.7261028,-3.0,-4.0,-37.0
1776884889.7361028,-3.0,-4.0,-42.0
1776884889.7461028,-7.0,-1.0,-37.0
1776884889.7561028,-8.0,0.0,-39.0
1776884889.7661028,-4.0,-1.0,-40.0
1776884889.7761028,-2.0,-2.0,-36.0
1776884889.7861028,-1.0,-3.0,-39.0
1776884889.7961028,-4.0,-4.0,-40.0
1776884889.8061028,-2.0,-1.0,-47.0
1776884889.8161027,2.0,-1.0,-51.0
1776884889.8261027,0.0,-4.0,-49.0
1776884889.8361027,2.0,-2.0,-58.0
1776884889.8461027,0.0,-2.0,-58.0
1776884889.8561027,0.0,-5.0,-60.0
1776884889.8671026,6.0,-4.0,-59.0
1776884889.8771029,10.0,0.0,-53.0
1776884889.886103,8.0,2.0,-44.0
1776884889.8971028,5.0,3.0,-50.0
1776884889.9071028,6.0,0.0,-56.0
1776884889.9171028,4.0,0.0,-53.0
1776884889.9271028,2.0,0.0,-46.0
1776884889.9371028,-2.0,0.0,-53.0
1776884889.9471028,-5.0,-3.0,-53.0
1776884889.9571028,-2.0,-3.0,-50.0
1776884889.9671028,0.0,-3.0,-45.0
1776884889.9771028,-1.0,-1.0,-48.0
1776884889.9871027,0.0,1.0,-51.0
1776884889.9971027,2.0,2.0,-48.0
1776884890.0071027,3.0,1.0,-47.0
1776884890.0171027,1.0,1.0,-44.0
1776884890.0271027,-1.0,0.0,-45.0
1776884890.0371027,-2.0,4.0,-43.0
1776884890.0471027,-4.0,-2.0,-41.0
1776884890.057103,-4.0,-2.0,-43.0
1776884890.067103,-6.0,-3.0,-43.0
1776884890.077103,-2.0,-3.0,-42.0
1776884890.087103,-1.0,-3.0,-44.0
1776884890.0971026,-5.0,-1.0,-45.0
1776884890.1071026,-9.0,-2.0,-44.0
1776884890.1171026,-4.0,0.0,-39.0
1776884890.1271029,0.0,0.0,-34.0
1776884890.1371028,4.0,0.0,-37.0
1776884890.1471028,3.0,1.0,-32.0
1776884890.1571028,4.0,5.0,-35.0
1776884890.1671028,-2.0,5.0,-40.0
1776884890.1771028,-4.0,5.0,-39.0
1776884890.1871028,-8.0,3.0,-39.0
1776884890.1971028,-7.0,3.0,-40.0
1776884890.2071028,-6.0,0.0,-44.0
1776884890.2171028,-3.0,0.0,-49.0
1776884890.2271028,-1.0,2.0,-55.0
1776884890.2371027,0.0,2.0,-51.0
1776884890.2471027,-3.0,1.0,-50.0
1776884890.2571027,-3.0,-1.0,-46.0
1776884890.2671027,-2.0,-5.0,-46.0
1776884890.2771027,-3.0,-8.0,-47.0
1776884890.2871027,-1.0,-3.0,-44.0
1776884890.2971027,2.0,-5.0,-39.0
1776884890.307103,3.0,-6.0,-37.0
1776884890.317103,1.0,-8.0,-41.0
1776884890.327103,0.0,-6.0,-49.0
1776884890.337103,-5.0,-4.0,-52.0
1776884890.3471026,-1.0,-5.0,-46.0
1776884890.3571026,-4.0,-3.0,-49.0
1776884890.3671026,-2.0,1.0,-44.0
1776884890.3771029,-3.0,0.0,-44.0
1776884890.3871028,-1.0,-1.0,-41.0
1776884890.3971028,2.0,-1.0,-46.0
1776884890.4071028,4.0,-4.0,-44.0
1776884890.4171028,7.0,-8.0,-42.0
1776884890.4281027,7.0,-9.0,-45.0
1776884890.4371028,6.0,-8.0,-44.0
1776884890.4471028,7.0,-5.0,-52.0
1776884890.4571028,9.0,-6.0,-51.0
1776884890.4671028,8.0,-7.0,-53.0
1776884890.4771028,4.0,-9.0,-46.0
1776884890.4871027,4.0,-2.0,-47.0
1776884890.4971027,2.0,-2.0,-41.0
1776884890.5071027,1.0,0.0,-43.0
1776884890.5171027,0.0,-4.0,-42.0
1776884890.5271027,0.0,-10.0,-38.0
1776884890.5371027,0.0,-6.0,-38.0
1776884890.5471027,1.0,-7.0,-29.0
1776884890.557103,1.0,-4.0,-33.0
1776884890.567103,-1.0,-4.0,-35.0
1776884890.577103,-4.0,-5.0,-37.0
1776884890.587103,-1.0,-10.0,-41.0
1776884890.5971026,0.0,-11.0,-40.0
1776884890.6071026,0.0,-10.0,-43.0
1776884890.6171026,-1.0,-12.0,-43.0
1776884890.6271029,-1.0,-11.0,-45.0
1776884890.6371028,-3.0,-7.0,-41.0
1776884890.6471028,-5.0,-8.0,-38.0
1776884890.6571028,-9.0,-3.0,-41.0
1776884890.6671028,-5.0,-4.0,-35.0
1776884890.6771028,-5.0,-3.0,-45.0
1776884890.6871028,-2.0,-3.0,-53.0
1776884890.6971028,0.0,0.0,-51.0
1776884890.7071028,0.0,3.0,-51.0
1776884890.7171028,4.0,4.0,-38.0
1776884890.7271028,7.0,3.0,-37.0
1776884890.7371027,10.0,0.0,-40.0
1776884890.7471027,4.0,2.0,-42.0
1776884890.7571027,3.0,3.0,-42.0
1776884890.7671027,2.0,6.0,-45.0
1776884890.7771027,2.0,8.0,-48.0
1776884890.7871027,4.0,3.0,-40.0
1776884890.7971027,4.0,-1.0,-44.0
1776884890.807103,0.0,0.0,-45.0
1776884890.817103,0.0,0.0,-38.0
1776884890.827103,0.0,-1.0,-40.0
1776884890.837103,1.0,0.0,-42.0
1776884890.8471026,2.0,1.0,-44.0
1776884890.8571026,4.0,-2.0,-50.0
1776884890.8671026,-1.0,-5.0,-51.0
1776884890.8771029,0.0,1.0,-50.0
1776884890.8871028,0.0,0.0,-46.0
1776884890.8971028,1.0,0.0,-48.0
1776884890.9071028,4.0,2.0,-51.0
1776884890.9171028,7.0,2.0,-51.0
1776884890.9271028,7.0,2.0,-46.0
1776884890.9371028,3.0,-1.0,-42.0
1776884890.9471028,0.0,-4.0,-40.0
1776884890.9571028,0.0,-5.0,-44.0
1776884890.9671028,1.0,-5.0,-50.0
1776884890.9771028,0.0,-6.0,-48.0
1776884890.9871027,0.0,0.0,-47.0
1776884890.9971027,2.0,0.0,-49.0
1776884891.0071027,-2.0,2.0,-54.0
1776884891.0171027,-5.0,2.0,-59.0
1776884891.0271027,-3.0,1.0,-61.0
1776884891.0371027,-4.0,0.0,-53.0
1776884891.0471027,-5.0,-1.0,-51.0
1776884891.057103,0.0,-3.0,-54.0
1776884891.067103,3.0,-6.0,-54.0
1776884891.077103,1.0,-3.0,-59.0
1776884891.087103,-1.0,-7.0,-58.0
1776884891.0971026,-5.0,-7.0,-53.0
1776884891.1071026,-4.0,-3.0,-51.0
1776884891.1171026,-6.0,-5.0,-48.0
1776884891.1271029,-5.0,-5.0,-42.0
1776884891.1371028,-1.0,-5.0,-45.0
1776884891.1471028,1.0,0.0,-40.0
1776884891.1571028,3.0,0.0,-34.0
1776884891.1671028,3.0,0.0,-40.0
1776884891.1771028,2.0,2.0,-39.0
1776884891.1871028,2.0,0.0,-44.0
1776884891.1971028,6.0,-2.0,-46.0
1776884891.2071028,3.0,-1.0,-49.0
1776884891.2171028,3.0,-4.0,-45.0
1776884891.2271028,1.0,-7.0,-45.0
1776884891.2371027,2.0,0.0,-48.0
1776884891.2471027,2.0,0.0,-53.0
1776884891.2571027,4.0,0.0,-56.0
1776884891.2671027,2.0,-1.0,-55.0
1776884891.2771027,-1.0,-3.0,-57.0
1776884891.2871027,-2.0,-4.0,-56.0
1776884891.2971027,-2.0,0.0,-52.0
1776884891.307103,0.0,-1.0,-48.0
1776884891.317103,4.0,-6.0,-42.0
1776884891.327103,9.0,-2.0,-53.0
1776884891.337103,11.0,0.0,-57.0
1776884891.3471026,7.0,0.0,-51.0
1776884891.3571026,9.0,-2.0,-38.0
1776884891.3671026,7.0,-3.0,-35.0
1776884891.3771029,6.0,-5.0,-39.0
1776884891.3871028,2.0,-1.0,-48.0
1776884891.3971028,0.0,-1.0,-50.0
1776884891.4071028,-1.0,-1.0,-47.0
1776884891.4171028,-3.0,-3.0,-45.0
1776884891.4271028,-6.0,0.0,-41.0
1776884891.4371028,-3.0,4.0,-36.0
1776884891.4471028,-6.0,0.0,-40.0
1776884891.4571028,-6.0,-3.0,-36.0
1776884891.4671028,-9.0,-2.0,-39.0
1776884891.4771028,-8.0,0.0,-42.0
1776884891.4871027,-4.0,0.0,-40.0
1776884891.4971027,-2.0,-5.0,-36.0
1776884891.5071027,-1.0,-5.0,-34.0
1776884891.5171027,1.0,-5.0,-40.0
1776884891.5271027,4.0,-2.0,-42.0
1776884891.5371027,1.0,3.0,-38.0
1776884891.5471027,1.0,0.0,-42.0
1776884891.557103,0.0,-1.0,-45.0
1776884891.567103,0.0,-2.0,-37.0
1776884891.577103,0.0,0.0,-32.0
1776884891.587103,3.0,-1.0,-33.0
1776884891.5971026,2.0,1.0,-36.0
1776884891.6071026,1.0,3.0,-42.0
1776884891.6171026,2.0,0.0,-42.0
1776884891.6271029,2.0,1.0,-49.0
1776884891.6371028,1.0,1.0,-49.0
1776884891.6471028,5.0,0.0,-49.0
1776884891.6571028,3.0,-4.0,-46.0
1776884891.6671028,8.0,-2.0,-46.0
1776884891.6771028,5.0,-1.0,-50.0
1776884891.6871028,5.0,-4.0,-48.0
1776884891.6971028,6.0,-2.0,-44.0
1776884891.7071028,1.0,-4.0,-49.0
1776884891.7171028,-1.0,-2.0,-49.0
1776884891.7271028,-1.0,-3.0,-58.0
1776884891.7371027,-4.0,-1.0,-56.0
1776884891.7471027,-7.0,-2.0,-51.0
1776884891.7571027,-2.0,-1.0,-50.0
1776884891.7671027,0.0,-1.0,-46.0
1776884891.7781026,-2.0,-3.0,-44.0
1776884891.7871027,-1.0,-3.0,-42.0
1776884891.7971027,-2.0,0.0,-43.0
1776884891.807103,-2.0,0.0,-43.0
1776884891.8181028,-3.0,-1.0,-51.0
1776884891.8281028,0.0,-3.0,-43.0
1776884891.8381028,2.0,-1.0,-40.0
1776884891.8481028,3.0,0.0,-43.0
1776884891.8581028,0.0,-3.0,-48.0
1776884891.8681028,0.0,-1.0,-52.0
1776884891.8781028,0.0,0.0,-47.0
1776884891.8881028,0.0,-2.0,-45.0
1776884891.8981028,1.0,0.0,-40.0
1776884891.9081028,-1.0,1.0,-41.0
1776884891.9181027,-3.0,3.0,-45.0
1776884891.9281027,-3.0,3.0,-45.0
1776884891.9381027,-1.0,0.0,-49.0
1776884891.9481027,0.0,1.0,-47.0
1776884891.9581027,0.0,1.0,-54.0
1776884891.9681027,3.0,4.0,-48.0
1776884891.9781027,6.0,-2.0,-48.0
1776884891.988103,5.0,-10.0,-48.0
1776884891.998103,0.0,-10.0,-47.0
1776884892.008103,1.0,-9.0,-46.0
1776884892.0181026,5.0,-10.0,-47.0
1776884892.0281026,3.0,-7.0,-53.0
1776884892.0381026,-1.0,-7.0,-43.0
1776884892.0481029,1.0,-1.0,-42.0
1776884892.0581028,2.0,0.0,-39.0
1776884892.0681028,0.0,0.0,-38.0
1776884892.0781028,-2.0,0.0,-36.0
1776884892.0881028,-4.0,-2.0,-41.0
1776884892.0981028,-4.0,-1.0,-45.0
1776884892.1081028,-3.0,3.0,-46.0
1776884892.1181028,-1.0,2.0,-45.0
1776884892.1281028,-2.0,3.0,-50.0
1776884892.1381028,-2.0,4.0,-50.0
1776884892.1481028,4.0,7.0,-43.0
1776884892.1581028,5.0,5.0,-48.0
1776884892.1681027,7.0,2.0,-46.0
1776884892.1781027,7.0,0.0,-43.0
1776884892.1881027,4.0,-2.0,-45.0
1776884892.1981027,3.0,-1.0,-42.0
1776884892.2081027,9.0,-2.0,-39.0
1776884892.2181027,10.0,-3.0,-41.0
1776884892.2281027,7.0,-2.0,-43.0
1776884892.238103,4.0,-3.0,-44.0
1776884892.248103,3.0,-2.0,-43.0
1776884892.258103,0.0,-5.0,-48.0
1776884892.2681026,0.0,-7.0,-51.0
1776884892.2781026,0.0,-1.0,-50.0
1776884892.2881026,-2.0,-1.0,-41.0
1776884892.2981029,-2.0,0.0,-34.0
1776884892.3081028,-2.0,0.0,-31.0
1776884892.3181028,-1.0,-1.0,-37.0
1776884892.3281028,0.0,1.0,-46.0
1776884892.3381028,0.0,-5.0,-53.0
1776884892.3481028,-4.0,-7.0,-53.0
1776884892.3581028,-4.0,-7.0,-46.0
1776884892.3681028,-6.0,-7.0,-47.0
1776884892.3781028,-5.0,-3.0,-48.0
1776884892.3881028,-1.0,-5.0,-45.0
1776884892.3981028,-4.0,-7.0,-41.0
1776884892.4081028,-5.0,-7.0,-41.0
1776884892.4181027,-5.0,-10.0,-42.0
1776884892.4281027,-4.0,-3.0,-39.0
1776884892.4381027,-3.0,1.0,-43.0
1776884892.4481027,-1.0,2.0,-40.0
1776884892.4581027,-2.0,2.0,-41.0
1776884892.4681027,1.0,0.0,-38.0
1776884892.4781027,0.0,-3.0,-40.0
1776884892.488103,-2.0,-4.0,-40.0
1776884892.498103,-2.0,-4.0,-41.0
1776884892.508103,0.0,-2.0,-42.0
1776884892.5181026,0.0,-1.0,-42.0
1776884892.5281026,-1.0,2.0,-44.0
1776884892.5381026,4.0,6.0,-40.0
1776884892.5481029,3.0,5.0,-39.0
1776884892.5581028,1.0,3.0,-39.0
1776884892.5681028,-3.0,6.0,-38.0
1776884892.5781028,-3.0,6.0,-42.0
1776884892.5881028,-1.0,0.0,-48.0
1776884892.5981028,0.0,-1.0,-48.0
1776884892.6081028,3.0,-2.0,-54.0
1776884892.6181028,4.0,-2.0,-48.0
1776884892.6281028,5.0,-3.0,-50.0
1776884892.6381028,4.0,-4.0,-55.0
1776884892.6481028,5.0,0.0,-52.0
1776884892.6581028,8.0,0.0,-49.0
1776884892.6681027,7.0,3.0,-40.0
1776884892.6781027,7.0,1.0,-43.0
1776884892.6881027,4.0,-2.0,-49.0
1776884892.6981027,3.0,-1.0,-45.0
1776884892.7081027,-1.0,-3.0,-48.0
1776884892.7181027,-2.0,-1.0,-44.0
1776884892.7281027,-6.0,-1.0,-40.0
1776884892.7391028,-7.0,3.0,-42.0
1776884892.748103,-4.0,8.0,-46.0
1776884892.758103,-3.0,3.0,-41.0
1776884892.7681026,-4.0,3.0,-43.0
1776884892.7781026,-3.0,4.0,-46.0
1776884892.7881026,1.0,2.0,-41.0
1776884892.7981029,3.0,5.0,-36.0
1776884892.8081028,2.0,2.0,-43.0
1776884892.8181028,6.0,2.0,-40.0
1776884892.8281028,3.0,2.0,-42.0
1776884892.8381028,5.0,0.0,-46.0
1776884892.8481028,1.0,-6.0,-50.0
1776884892.8581028,-1.0,-7.0,-50.0
1776884892.8681028,0.0,-2.0,-55.0
1776884892.8781028,-1.0,-2.0,-45.0
1776884892.8881028,-3.0,2.0,-45.0
1776884892.8981028,3.0,0.0,-51.0
1776884892.9081028,6.0,0.0,-52.0
1776884892.9181027,0.0,3.0,-51.0
1776884892.9281027,-1.0,-4.0,-52.0
1776884892.9381027,2.0,-2.0,-49.0
1776884892.9481027,2.0,-2.0,-48.0
1776884892.9581027,0.0,-5.0,-49.0
1776884892.9681027,-1.0,-4.0,-52.0
1776884892.9781027,1.0,0.0,-47.0
1776884892.988103,0.0,4.0,-44.0
1776884892.998103,2.0,4.0,-43.0
1776884893.008103,3.0,1.0,-36.0
1776884893.0181026,1.0,0.0,-31.0
1776884893.0281026,-1.0,-3.0,-40.0
1776884893.0381026,1.0,-3.0,-45.0
1776884893.0481029,0.0,-3.0,-41.0
1776884893.0581028,1.0,0.0,-37.0
1776884893.0681028,-1.0,0.0,-38.0
1776884893.0781028,0.0,0.0,-41.0
1776884893.0881028,0.0,-2.0,-41.0
1776884893.0981028,0.0,-1.0,-37.0
1776884893.1081028,-2.0,-4.0,-42.0
1776884893.1181028,-2.0,-3.0,-46.0
1776884893.1281028,-4.0,-2.0,-46.0
1776884893.1381028,0.0,-2.0,-52.0
1776884893.1481028,0.0,-3.0,-56.0
1776884893.1581028,-5.0,-5.0,-55.0
1776884893.1681027,-2.0,-6.0,-53.0
1776884893.1781027,-2.0,-2.0,-55.0
1776884893.1881027,-1.0,-1.0,-53.0
1776884893.1981027,0.0,-3.0,-54.0
1776884893.2081027,1.0,-8.0,-51.0
1776884893.2181027,0.0,-9.0,-52.0
1776884893.2281027,4.0,-5.0,-51.0
1776884893.238103,3.0,-1.0,-53.0
1776884893.248103,10.0,-3.0,-48.0
1776884893.258103,6.0,-4.0,-47.0
1776884893.2681026,6.0,-4.0,-54.0
1776884893.2781026,6.0,-4.0,-60.0
1776884893.2881026,7.0,-11.0,-55.0
1776884893.2981029,3.0,-8.0,-59.0
1776884893.3081028,5.0,-4.0,-50.0
1776884893.3181028,4.0,-2.0,-50.0
1776884893.3281028,1.0,1.0,-49.0
1776884893.3381028,1.0,-1.0,-49.0
1776884893.3481028,5.0,-4.0,-45.0
1776884893.3581028,11.0,-2.0,-43.0
1776884893.3681028,14.0,0.0,-45.0
1776884893.3781028,8.0,1.0,-48.0
1776884893.3881028,9.0,1.0,-50.0
1776884893.3981028,9.0,1.0,-47.0
1776884893.4081028,7.0,3.0,-40.0
1776884893.4181027,6.0,1.0,-42.0
1776884893.4281027,2.0,1.0,-37.0
1776884893.4381027,1.0,4.0,-39.0
1776884893.4481027,0.0,1.0,-39.0
1776884893.4581027,2.0,1.0,-41.0
1776884893.4681027,0.0,0.0,-40.0
1776884893.4781027,-4.0,0.0,-45.0
1776884893.488103,-5.0,-1.0,-45.0
1776884893.498103,-3.0,-1.0,-41.0
1776884893.508103,1.0,-1.0,-48.0
1776884893.5181026,3.0,0.0,-47.0
1776884893.5281026,5.0,1.0,-52.0
1776884893.5381026,1.0,-5.0,-50.0
1776884893.5481029,-2.0,-6.0,-49.0
1776884893.5581028,-3.0,-6.0,-47.0
1776884893.5681028,-1.0,-3.0,-46.0
1776884893.5781028,0.0,0.0,-44.0
1776884893.5881028,-1.0,1.0,-46.0
1776884893.5981028,0.0,0.0,-50.0
1776884893.6081028,2.0,1.0,-46.0
1776884893.6181028,2.0,2.0,-40.0
1776884893.6281028,3.0,0.0,-34.0
1776884893.6381028,-2.0,-2.0,-34.0
1776884893.6481028,-4.0,-3.0,-33.0
1776884893.6581028,-6.0,0.0,-38.0
1776884893.6681027,-9.0,-1.0,-37.0
1776884893.6781027,-2.0,-5.0,-43.0
1776884893.6881027,0.0,-1.0,-42.0
1776884893.6981027,0.0,0.0,-38.0
1776884893.7081027,2.0,-1.0,-43.0
1776884893.7181027,2.0,-3.0,-41.0
1776884893.7281027,1.0,-7.0,-39.0
1776884893.738103,-2.0,-4.0,-47.0
1776884893.748103,0.0,-5.0,-45.0
1776884893.758103,1.0,-4.0,-43.0
1776884893.7681026,3.0,-1.0,-46.0
1776884893.7781026,2.0,-2.0,-44.0
1776884893.7881026,0.0,-4.0,-43.0
1776884893.7981029,-1.0,-6.0,-45.0
1776884893.8091028,0.0,-7.0,-46.0
1776884893.8191028,1.0,-5.0,-42.0
1776884893.8291028,2.0,-2.0,-43.0
1776884893.8391027,4.0,-3.0,-43.0
1776884893.8491027,3.0,0.0,-41.0
1776884893.8591027,3.0,-5.0,-45.0
1776884893.8691027,5.0,-4.0,-47.0
1776884893.8791027,3.0,-1.0,-44.0
1776884893.8891027,1.0,-5.0,-42.0
1776884893.8991027,5.0,-5.0,-41.0
1776884893.909103,10.0,-6.0,-47.0
1776884893.919103,11.0,-3.0,-51.0
1776884893.929103,3.0,1.0,-50.0
1776884893.9391026,1.0,-1.0,-53.0
1776884893.9491026,3.0,-4.0,-47.0
1776884893.9591026,4.0,-3.0,-50.0
1776884893.9691026,4.0,-4.0,-53.0
1776884893.9791028,3.0,-3.0,-55.0
1776884893.9891028,2.0,-4.0,-48.0
1776884893.9991028,0.0,-6.0,-48.0
1776884894.0091028,0.0,-5.0,-45.0
1776884894.0191028,-1.0,0.0,-43.0
1776884894.0291028,4.0,-3.0,-41.0
1776884894.0391028,2.0,-5.0,-41.0
1776884894.0491028,2.0,-6.0,-47.0
1776884894.0591028,0.0,-9.0,-49.0
1776884894.0691028,2.0,-7.0,-48.0
1776884894.0791028,3.0,-8.0,-48.0
1776884894.0891027,4.0,-8.0,-52.0
1776884894.0991027,4.0,-6.0,-45.0
1776884894.1091027,3.0,-6.0,-42.0
1776884894.1191027,3.0,-8.0,-41.0
1776884894.1291027,2.0,-6.0,-40.0
1776884894.1391027,3.0,-7.0,-46.0
1776884894.1491027,-1.0,-8.0,-50.0
1776884894.159103,0.0,-3.0,-44.0
1776884894.169103,1.0,0.0,-43.0
1776884894.179103,3.0,-4.0,-42.0
1776884894.1891026,3.0,-3.0,-43.0
1776884894.1991026,-1.0,-2.0,-46.0
1776884894.2091026,0.0,-7.0,-43.0
1776884894.2191026,0.0,-3.0,-40.0
1776884894.2291028,-3.0,-4.0,-39.0
1776884894.2391028,-2.0,-4.0,-40.0
1776884894.2491028,-4.0,-4.0,-43.0
1776884894.2591028,0.0,-6.0,-50.0
1776884894.2691028,-1.0,-6.0,-42.0
1776884894.2791028,1.0,-6.0,-36.0
1776884894.2891028,1.0,-3.0,-36.0
1776884894.2991028,3.0,-7.0,-34.0
1776884894.3091028,2.0,-5.0,-38.0
1776884894.3191028,2.0,-7.0,-43.0
1776884894.3291028,1.0,-9.0,-45.0
1776884894.3391027,4.0,-8.0,-46.0
1776884894.3491027,7.0,-4.0,-50.0
1776884894.3591027,7.0,0.0,-47.0
1776884894.3691027,0.0,-1.0,-46.0
1776884894.3791027,0.0,-3.0,-42.0
1776884894.3891027,2.0,-1.0,-40.0
1776884894.3991027,6.0,1.0,-45.0
1776884894.409103,3.0,-2.0,-45.0
1776884894.419103,0.0,-7.0,-42.0
1776884894.429103,0.0,-5.0,-44.0
1776884894.4391026,-4.0,-8.0,-44.0
1776884894.4491026,-2.0,-8.0,-44.0
1776884894.4591026,-1.0,-8.0,-44.0
1776884894.4691026,-2.0,-9.0,-49.0
1776884894.4791028,2.0,-4.0,-51.0
1776884894.4891028,3.0,-1.0,-52.0
1776884894.4991028,1.0,0.0,-55.0
1776884894.5091028,0.0,0.0,-57.0
1776884894.5191028,8.0,2.0,-52.0
1776884894.5291028,13.0,-2.0,-45.0
1776884894.5391028,9.0,0.0,-50.0
1776884894.5491028,6.0,-1.0,-53.0
1776884894.5591028,4.0,-4.0,-51.0
1776884894.5691028,3.0,-8.0,-49.0
1776884894.5791028,2.0,-6.0,-48.0
1776884894.5891027,0.0,-10.0,-45.0
1776884894.5991027,2.0,-8.0,-41.0
1776884894.6091027,2.0,-8.0,-49.0
1776884894.6191027,1.0,-8.0,-53.0
1776884894.6291027,0.0,0.0,-53.0
1776884894.6391027,0.0,-4.0,-54.0
1776884894.6491027,1.0,-5.0,-54.0
1776884894.659103,0.0,-4.0,-55.0
1776884894.669103,-1.0,1.0,-53.0
1776884894.679103,0.0,-2.0,-53.0
1776884894.6891026,0.0,-1.0,-58.0
1776884894.6991026,-2.0,0.0,-55.0
1776884894.7091026,-2.0,0.0,-50.0
1776884894.7191026,-4.0,0.0,-54.0
1776884894.7291028,3.0,0.0,-48.0
1776884894.7391028,0.0,3.0,-49.0
1776884894.7491028,0.0,2.0,-49.0
1776884894.7591028,3.0,1.0,-48.0
1776884894.7691028,3.0,2.0,-51.0
1776884894.7791028,0.0,1.0,-50.0
1776884894.7891028,-3.0,-3.0,-49.0
1776884894.7991028,-4.0,-4.0,-52.0
1776884894.8091028,-7.0,-5.0,-43.0
1776884894.8191028,-7.0,-7.0,-43.0
1776884894.8291028,-7.0,-2.0,-47.0
1776884894.8391027,-9.0,-4.0,-49.0
1776884894.8491027,-5.0,-6.0,-49.0
1776884894.8591027,-4.0,-3.0,-45.0
1776884894.8691027,-4.0,0.0,-42.0
1776884894.8791027,-4.0,3.0,-44.0
1776884894.8891027,-4.0,3.0,-47.0
1776884894.8991027,-3.0,-2.0,-47.0
1776884894.909103,-3.0,-4.0,-45.0
1776884894.919103,0.0,-3.0,-51.0
1776884894.929103,2.0,-2.0,-57.0
1776884894.9391026,3.0,-3.0,-54.0
1776884894.9491026,0.0,-1.0,-48.0
1776884894.9591026,-2.0,-2.0,-46.0
1776884894.9691026,0.0,0.0,-42.0
1776884894.9791028,-1.0,0.0,-40.0
1776884894.9891028,-6.0,0.0,-44.0
1776884894.9991028,-6.0,-1.0,-44.0
1776884895.0091028,-1.0,2.0,-41.0
1776884895.0191028,0.0,1.0,-37.0
1776884895.0291028,3.0,1.0,-42.0
1776884895.0391028,6.0,1.0,-37.0
1776884895.0491028,4.0,4.0,-30.0
1776884895.0591028,6.0,1.0,-39.0
1776884895.0691028,7.0,1.0,-34.0
1776884895.0791028,3.0,-1.0,-38.0
1776884895.0891027,0.0,0.0,-46.0
1776884895.0991027,-4.0,-2.0,-42.0
1776884895.1091027,-2.0,1.0,-49.0
1776884895.1191027,-1.0,2.0,-48.0
1776884895.1291027,-7.0,4.0,-42.0
1776884895.1391027,-5.0,3.0,-39.0
1776884895.1491027,-4.0,1.0,-37.0
1776884895.159103,-2.0,-1.0,-47.0
1776884895.169103,-5.0,-2.0,-49.0
1776884895.179103,-6.0,-3.0,-47.0
1776884895.1891026,-1.0,-5.0,-47.0
1776884895.1991026,-3.0,-1.0,-42.0
1776884895.2091026,-2.0,0.0,-40.0
1776884895.2191026,4.0,-2.0,-44.0
1776884895.2291028,3.0,-1.0,-41.0
1776884895.2391028,6.0,-2.0,-39.0
1776884895.2491028,4.0,-4.0,-40.0
1776884895.2591028,10.0,-7.0,-44.0
1776884895.2691028,13.0,-6.0,-43.0
1776884895.2791028,8.0,-5.0,-41.0
1776884895.2891028,6.0,-2.0,-48.0
1776884895.2991028,10.0,-3.0,-56.0
1776884895.3091028,6.0,0.0,-56.0
1776884895.3191028,1.0,-1.0,-60.0
1776884895.3291028,0.0,-3.0,-57.0
1776884895.3391027,0.0,0.0,-57.0
1776884895.3491027,-1.0,3.0,-54.0
1776884895.3591027,0.0,2.0,-50.0
1776884895.3691027,-1.0,1.0,-53.0
1776884895.3791027,-5.0,-1.0,-52.0
1776884895.3891027,-3.0,-2.0,-54.0
1776884895.3991027,-3.0,-1.0,-58.0
1776884895.409103,1.0,0.0,-54.0
1776884895.419103,3.0,0.0,-51.0
1776884895.429103,2.0,-3.0,-53.0
1776884895.4391026,3.0,-6.0,-51.0
1776884895.4491026,0.0,-6.0,-47.0
1776884895.4591026,0.0,-5.0,-48.0
1776884895.4691026,0.0,-2.0,-37.0
1776884895.4791028,0.0,-1.0,-36.0
1776884895.4891028,-1.0,2.0,-36.0
1776884895.4991028,0.0,4.0,-41.0
1776884895.5091028,0.0,2.0,-40.0
1776884895.5191028,-1.0,1.0,-45.0
1776884895.5291028,-7.0,0.0,-46.0
1776884895.5391028,-5.0,-1.0,-48.0
1776884895.5491028,-5.0,-7.0,-46.0
1776884895.5591028,-5.0,-4.0,-42.0
1776884895.5691028,-6.0,-7.0,-39.0
1776884895.5791028,-4.0,-7.0,-35.0
1776884895.5891027,-5.0,-4.0,-36.0
1776884895.5991027,-3.0,-1.0,-38.0
1776884895.6091027,0.0,-2.0,-40.0
1776884895.6191027,1.0,-1.0,-41.0
1776884895.6291027,0.0,-2.0,-44.0
1776884895.6391027,2.0,-1.0,-42.0
1776884895.6491027,2.0,0.0,-44.0
1776884895.659103,4.0,-3.0,-43.0
1776884895.669103,5.0,0.0,-36.0
1776884895.679103,4.0,0.0,-35.0
1776884895.6891026,1.0,0.0,-30.0
1776884895.6991026,0.0,0.0,-33.0
1776884895.7091026,1.0,2.0,-40.0
1776884895.7191026,3.0,0.0,-40.0
1776884895.7291028,4.0,-1.0,-42.0
1776884895.7391028,3.0,0.0,-40.0
1776884895.7491028,1.0,2.0,-43.0
1776884895.7601027,-3.0,5.0,-43.0
1776884895.7691028,-3.0,3.0,-40.0
1776884895.7801027,-1.0,3.0,-45.0
1776884895.7901027,2.0,4.0,-49.0
1776884895.8001027,0.0,2.0,-49.0
1776884895.8101027,-4.0,1.0,-45.0
1776884895.8201027,-9.0,0.0,-46.0
1776884895.8301027,-12.0,4.0,-42.0
1776884895.840103,-9.0,3.0,-42.0
1776884895.850103,-8.0,3.0,-45.0
1776884895.860103,-9.0,1.0,-44.0
1776884895.8701026,-11.0,4.0,-45.0
1776884895.8801026,-5.0,-1.0,-41.0
1776884895.8901026,0.0,0.0,-37.0
1776884895.9001029,-4.0,-3.0,-41.0
1776884895.9101028,0.0,-3.0,-43.0
1776884895.9201028,2.0,-3.0,-40.0
1776884895.9301028,0.0,-3.0,-43.0
1776884895.9401028,6.0,-3.0,-45.0
1776884895.9501028,5.0,-5.0,-44.0
1776884895.9601028,1.0,-3.0,-43.0
1776884895.9701028,2.0,-4.0,-43.0
1776884895.9801028,2.0,-5.0,-42.0
1776884895.9901028,3.0,-8.0,-48.0
1776884896.0001028,0.0,-12.0,-50.0
1776884896.0101027,0.0,-10.0,-53.0
1776884896.0201027,-1.0,-3.0,-49.0
1776884896.0301027,-3.0,0.0,-42.0
1776884896.0401027,-1.0,0.0,-46.0
1776884896.0501027,-2.0,-2.0,-46.0
1776884896.0601027,-3.0,-5.0,-49.0
1776884896.0701027,-2.0,-3.0,-50.0
1776884896.0801027,-3.0,-1.0,-52.0
1776884896.090103,0.0,0.0,-52.0
1776884896.100103,3.0,0.0,-49.0
1776884896.110103,3.0,-4.0,-49.0
1776884896.1201026,1.0,-6.0,-55.0
1776884896.1301026,0.0,-5.0,-53.0
1776884896.1401026,1.0,-6.0,-50.0
1776884896.1501029,0.0,-10.0,-41.0
1776884896.1601028,-4.0,-11.0,-40.0
1776884896.1701028,-5.0,-6.0,-39.0
1776884896.1801028,-4.0,-6.0,-32.0
1776884896.1901028,-1.0,-5.0,-33.0
1776884896.2001028,0.0,-6.0,-33.0
1776884896.2101028,0.0,-9.0,-30.0
1776884896.2201028,0.0,-8.0,-32.0
1776884896.2301028,4.0,-3.0,-35.0
1776884896.2401028,2.0,-3.0,-35.0
1776884896.2501028,2.0,-2.0,-43.0
1776884896.2601027,2.0,-2.0,-43.0
1776884896.2701027,-1.0,-6.0,-41.0
1776884896.2801027,-1.0,-4.0,-41.0
1776884896.2901027,1.0,-7.0,-45.0
1776884896.3001027,0.0,-5.0,-43.0
1776884896.3101027,1.0,-7.0,-46.0
1776884896.3201027,0.0,-5.0,-43.0
1776884896.3301027,2.0,-10.0,-43.0
1776884896.340103,1.0,-14.0,-43.0
1776884896.350103,-4.0,-11.0,-40.0
1776884896.360103,-5.0,-5.0,-42.0
1776884896.3701026,-5.0,-5.0,-47.0
1776884896.3801026,-4.0,-5.0,-45.0
1776884896.3901026,0.0,-4.0,-48.0
1776884896.4001029,-1.0,-6.0,-53.0
1776884896.4101028,-1.0,-5.0,-58.0
1776884896.4201028,0.0,-1.0,-50.0
1776884896.4301028,3.0,0.0,-44.0
1776884896.4401028,4.0,0.0,-42.0
1776884896.4501028,6.0,-1.0,-47.0
1776884896.4601028,1.0,-1.0,-46.0
1776884896.4701028,5.0,-4.0,-46.0
1776884896.4801028,3.0,-2.0,-43.0
1776884896.4901028,2.0,-3.0,-39.0
1776884896.5001028,5.0,-3.0,-41.0
1776884896.5101027,0.0,-5.0,-40.0
1776884896.5201027,-1.0,-3.0,-41.0
1776884896.5301027,0.0,0.0,-50.0
1776884896.5401027,-1.0,-2.0,-55.0
1776884896.5501027,-5.0,-2.0,-58.0
1776884896.5601027,-5.0,-3.0,-55.0
1776884896.5701027,-1.0,-7.0,-47.0
1776884896.5801027,0.0,-7.0,-43.0
1776884896.590103,0.0,-8.0,-44.0
1776884896.600103,-1.0,-10.0,-39.0
1776884896.610103,0.0,-10.0,-42.0
1776884896.6201026,3.0,-5.0,-44.0
1776884896.6301026,4.0,-4.0,-45.0
1776884896.6401026,5.0,0.0,-41.0
1776884896.6501029,3.0,0.0,-41.0
1776884896.6601028,7.0,2.0,-40.0
1776884896.6701028,5.0,1.0,-33.0
1776884896.6801028,5.0,2.0,-37.0
1776884896.6901028,3.0,0.0,-42.0
1776884896.7001028,4.0,4.0,-46.0
1776884896.7101028,5.0,3.0,-44.0
1776884896.7201028,5.0,3.0,-49.0
1776884896.7301028,2.0,6.0,-48.0
1776884896.7401028,2.0,6.0,-43.0
1776884896.7501028,-1.0,9.0,-39.0
1776884896.7601027,-3.0,7.0,-47.0
1776884896.7701027,-7.0,2.0,-46.0
1776884896.7801027,-5.0,-1.0,-48.0
1776884896.7901027,-1.0,-4.0,-49.0
1776884896.8001027,1.0,-7.0,-44.0
1776884896.8101027,-1.0,-6.0,-41.0
1776884896.8201027,-4.0,-3.0,-47.0
1776884896.8301027,-4.0,-4.0,-45.0
1776884896.840103,0.0,1.0,-46.0
1776884896.850103,-2.0,1.0,-47.0
1776884896.860103,-7.0,2.0,-51.0
1776884896.8701026,-7.0,-1.0,-55.0
1776884896.8801026,-7.0,0.0,-52.0
1776884896.8901026,-4.0,0.0,-47.0
1776884896.9001029,0.0,-1.0,-43.0
1776884896.9101028,4.0,-2.0,-44.0
1776884896.9201028,1.0,-1.0,-43.0
1776884896.9301028,-2.0,-1.0,-44.0
1776884896.9401028,-4.0,0.0,-46.0
1776884896.9501028,-6.0,3.0,-41.0
1776884896.9601028,-6.0,1.0,-42.0
1776884896.9701028,-3.0,2.0,-39.0
1776884896.9801028,-2.0,1.0,-46.0
1776884896.9901028,-3.0,0.0,-42.0
1776884897.0001028,-1.0,0.0,-42.0
1776884897.0101027,0.0,1.0,-40.0
1776884897.0201027,0.0,-5.0,-36.0
1776884897.0301027,1.0,-4.0,-36.0
1776884897.0401027,-1.0,-5.0,-33.0
1776884897.0501027,-5.0,-7.0,-36.0
1776884897.0601027,1.0,-6.0,-44.0
1776884897.0701027,0.0,-7.0,-44.0
1776884897.0801027,0.0,-8.0,-48.0
1776884897.090103,0.0,-5.0,-39.0
1776884897.100103,0.0,-5.0,-40.0
1776884897.110103,1.0,-2.0,-44.0
1776884897.1201026,-1.0,0.0,-50.0
1776884897.1301026,-5.0,-1.0,-48.0
1776884897.1401026,-3.0,0.0,-48.0
1776884897.1501029,-3.0,-3.0,-39.0
1776884897.1601028,-4.0,-3.0,-40.0
1776884897.1701028,1.0,0.0,-39.0
1776884897.1801028,2.0,1.0,-38.0
1776884897.1901028,2.0,0.0,-39.0
1776884897.2001028,5.0,4.0,-38.0
1776884897.2101028,9.0,1.0,-37.0
1776884897.2201028,11.0,-2.0,-41.0
1776884897.2301028,12.0,0.0,-47.0
1776884897.2401028,11.0,4.0,-52.0
1776884897.2501028,6.0,3.0,-50.0
1776884897.2601027,1.0,-1.0,-49.0
1776884897.2701027,0.0,-4.0,-53.0
1776884897.2801027,-5.0,-3.0,-57.0
1776884897.2901027,-3.0,-3.0,-59.0
1776884897.3001027,-5.0,-2.0,-56.0
1776884897.3101027,-5.0,-3.0,-54.0
1776884897.3201027,-3.0,-2.0,-54.0
1776884897.3301027,-3.0,-3.0,-56.0
1776884897.340103,-1.0,-1.0,-52.0
1776884897.350103,0.0,-2.0,-53.0
1776884897.360103,-1.0,-2.0,-53.0
1776884897.3701026,0.0,-4.0,-49.0
1776884897.3801026,1.0,-1.0,-46.0
1776884897.3901026,2.0,-3.0,-49.0
1776884897.4001029,2.0,-3.0,-50.0
1776884897.4101028,1.0,-7.0,-47.0
1776884897.4201028,2.0,-6.0,-42.0
1776884897.4301028,0.0,-5.0,-38.0
1776884897.4401028,-4.0,-4.0,-42.0
1776884897.4501028,-4.0,-1.0,-38.0
1776884897.4601028,-4.0,-3.0,-43.0
1776884897.4701028,-1.0,-5.0,-39.0
1776884897.4801028,5.0,-8.0,-38.0
1776884897.4901028,0.0,-7.0,-39.0
1776884897.5001028,0.0,-5.0,-36.0
1776884897.5101027,0.0,-1.0,-37.0
1776884897.5201027,-1.0,1.0,-30.0
1776884897.5301027,-3.0,-1.0,-35.0
1776884897.5401027,0.0,-2.0,-30.0
1776884897.5501027,4.0,-3.0,-38.0
1776884897.5601027,4.0,-8.0,-39.0
1776884897.5701027,4.0,-3.0,-44.0
1776884897.5801027,1.0,0.0,-44.0
1776884897.590103,1.0,-5.0,-44.0
1776884897.600103,0.0,-2.0,-44.0
1776884897.610103,-2.0,-2.0,-44.0
1776884897.6201026,-2.0,-2.0,-44.0
1776884897.6301026,1.0,-3.0,-46.0
1776884897.6401026,-4.0,-2.0,-46.0
1776884897.6501029,-5.0,-1.0,-49.0
1776884897.6601028,0.0,4.0,-49.0
1776884897.6701028,3.0,6.0,-47.0
1776884897.6801028,0.0,3.0,-43.0
1776884897.6901028,0.0,-1.0,-46.0
1776884897.7001028,2.0,-5.0,-51.0
1776884897.7101028,-2.0,-3.0,-47.0
1776884897.7201028,0.0,-1.0,-46.0
1776884897.7301028,2.0,0.0,-44.0
1776884897.7401028,7.0,4.0,-41.0
1776884897.7511027,5.0,6.0,-42.0
1776884897.7601027,6.0,0.0,-38.0
1776884897.7701027,9.0,1.0,-36.0
1776884897.781103,8.0,0.0,-36.0
1776884897.7911026,7.0,0.0,-39.0
1776884897.8011026,8.0,2.0,-48.0
1776884897.8111026,5.0,0.0,-43.0
1776884897.8211029,3.0,0.0,-35.0
1776884897.8311028,2.0,-1.0,-29.0
1776884897.8411028,-1.0,-6.0,-27.0
1776884897.8511028,-1.0,-3.0,-31.0
1776884897.8611028,-4.0,-7.0,-38.0
1776884897.8711028,-3.0,-5.0,-35.0
1776884897.8811028,-7.0,-7.0,-35.0
1776884897.8911028,-4.0,-5.0,-39.0
1776884897.9011028,-3.0,-3.0,-40.0
1776884897.9111028,-4.0,2.0,-40.0
1776884897.9211028,-3.0,2.0,-39.0
1776884897.9311028,-6.0,-1.0,-42.0
1776884897.9411027,-5.0,0.0,-44.0
1776884897.9511027,-1.0,2.0,-40.0
1776884897.9611027,1.0,1.0,-43.0
1776884897.9711027,0.0,2.0,-47.0
1776884897.9811027,0.0,0.0,-43.0
1776884897.9911027,0.0,-5.0,-46.0
1776884898.0011027,0.0,-1.0,-44.0
1776884898.011103,1.0,3.0,-39.0
1776884898.021103,0.0,4.0,-37.0
1776884898.031103,-5.0,4.0,-39.0
1776884898.0411026,-4.0,0.0,-33.0
1776884898.0511026,-3.0,-1.0,-31.0
1776884898.0611026,-6.0,-5.0,-32.0
1776884898.0711029,-6.0,-7.0,-27.0
1776884898.0811028,-3.0,-6.0,-28.0
1776884898.0911028,0.0,-8.0,-35.0
1776884898.1011028,-1.0,-8.0,-36.0
1776884898.1111028,-3.0,-3.0,-42.0
1776884898.1211028,-6.0,0.0,-44.0
1776884898.1311028,-6.0,0.0,-41.0
1776884898.1411028,-5.0,-3.0,-51.0
1776884898.1511028,-2.0,-6.0,-54.0
1776884898.1611028,-4.0,-5.0,-50.0
1776884898.1711028,-2.0,-5.0,-50.0
1776884898.1811028,0.0,-4.0,-46.0
1776884898.1911027,1.0,0.0,-46.0
1776884898.2011027,1.0,0.0,-47.0
1776884898.2111027,1.0,0.0,-47.0
1776884898.2211027,1.0,4.0,-46.0
1776884898.2311027,7.0,0.0,-44.0
1776884898.2411027,2.0,1.0,-43.0
1776884898.2511027,-2.0,-1.0,-42.0
1776884898.261103,-1.0,-3.0,-41.0
1776884898.271103,0.0,0.0,-46.0
1776884898.281103,0.0,0.0,-45.0
1776884898.2911026,3.0,-3.0,-48.0
1776884898.3011026,9.0,-2.0,-46.0
1776884898.3111026,8.0,0.0,-48.0
1776884898.3211029,6.0,0.0,-49.0
1776884898.3311028,3.0,0.0,-41.0
1776884898.3411028,0.0,0.0,-40.0
1776884898.3511028,1.0,0.0,-36.0
1776884898.3611028,-1.0,0.0,-26.0
1776884898.3711028,-2.0,0.0,-30.0
1776884898.3811028,-2.0,-2.0,-34.0
1776884898.3911028,-1.0,-4.0,-42.0
1776884898.4011028,-4.0,-3.0,-42.0
1776884898.4111028,0.0,-4.0,-40.0
1776884898.4211028,0.0,-8.0,-46.0
1776884898.4311028,-4.0,-6.0,-44.0
1776884898.4411027,-4.0,-4.0,-38.0
1776884898.4511027,-6.0,0.0,-46.0
1776884898.4611027,-3.0,-1.0,-48.0
1776884898.4711027,-3.0,-3.0,-49.0
1776884898.4811027,0.0,0.0,-45.0
1776884898.4911027,0.0,1.0,-47.0
1776884898.5011027,2.0,-1.0,-43.0
1776884898.511103,8.0,0.0,-42.0
1776884898.521103,3.0,0.0,-40.0
1776884898.531103,0.0,5.0,-39.0
1776884898.5411026,4.0,2.0,-33.0
1776884898.5511026,3.0,0.0,-35.0
1776884898.5611026,-1.0,0.0,-40.0
1776884898.5711029,0.0,4.0,-43.0
1776884898.5811028,-2.0,-1.0,-37.0
1776884898.5911028,-5.0,-5.0,-39.0
1776884898.6011028,-2.0,-4.0,-35.0
1776884898.6111028,4.0,0.0,-44.0
1776884898.6211028,7.0,-3.0,-49.0
1776884898.6311028,8.0,-6.0,-47.0
1776884898.6411028,5.0,-3.0,-48.0
1776884898.6511028,5.0,-2.0,-49.0
1776884898.6611028,7.0,-4.0,-50.0
1776884898.6711028,6.0,-4.0,-51.0
1776884898.6811028,2.0,-4.0,-55.0
1776884898.6911027,3.0,-3.0,-60.0
1776884898.7011027,2.0,0.0,-53.0
1776884898.7111027,-2.0,1.0,-48.0
1776884898.7211027,-2.0,3.0,-43.0
1776884898.7311027,1.0,-3.0,-40.0
1776884898.7411027,-2.0,-3.0,-40.0
1776884898.7511027,-5.0,-1.0,-40.0
1776884898.761103,-8.0,0.0,-41.0
1776884898.771103,-6.0,-4.0,-44.0
1776884898.781103,-5.0,-5.0,-48.0
1776884898.7911026,-7.0,-8.0,-53.0
1776884898.8011026,-4.0,-3.0,-49.0
1776884898.8111026,0.0,-2.0,-47.0
1776884898.8211029,1.0,-2.0,-46.0
1776884898.8311028,3.0,-2.0,-41.0
1776884898.8411028,2.0,-7.0,-40.0
1776884898.8511028,2.0,-5.0,-40.0
1776884898.8611028,4.0,-3.0,-41.0
1776884898.8711028,4.0,-4.0,-41.0
1776884898.8811028,0.0,-3.0,-45.0
1776884898.8911028,-1.0,-2.0,-41.0
1776884898.9011028,0.0,3.0,-41.0
1776884898.9111028,0.0,4.0,-39.0
1776884898.9211028,0.0,4.0,-39.0
1776884898.9311028,4.0,2.0,-40.0
1776884898.9411027,4.0,2.0,-40.0
1776884898.9511027,6.0,4.0,-39.0
1776884898.9611027,8.0,3.0,-35.0
1776884898.9711027,4.0,0.0,-33.0
1776884898.9811027,7.0,0.0,-36.0
1776884898.9911027,6.0,0.0,-43.0
1776884899.0011027,2.0,0.0,-46.0
1776884899.011103,3.0,-1.0,-40.0
1776884899.021103,-1.0,-2.0,-41.0
1776884899.031103,0.0,3.0,-41.0
1776884899.0411026,5.0,-3.0,-43.0
1776884899.0511026,8.0,-4.0,-36.0
1776884899.0611026,7.0,-1.0,-40.0
1776884899.0711029,5.0,0.0,-45.0
1776884899.0811028,3.0,1.0,-53.0
1776884899.0911028,2.0,0.0,-52.0
1776884899.1011028,0.0,-1.0,-45.0
1776884899.1111028,0.0,0.0,-50.0
1776884899.1211028,2.0,-1.0,-47.0
1776884899.1311028,0.0,-2.0,-46.0
1776884899.1411028,1.0,0.0,-49.0
1776884899.1511028,0.0,-4.0,-50.0
1776884899.1611028,-2.0,-4.0,-45.0
1776884899.1711028,1.0,-3.0,-39.0
1776884899.1811028,0.0,-3.0,-43.0
1776884899.1911027,-3.0,-2.0,-40.0
1776884899.2011027,-2.0,-8.0,-42.0
1776884899.2111027,3.0,-7.0,-44.0
1776884899.2211027,6.0,-7.0,-48.0
1776884899.2311027,8.0,-5.0,-45.0
1776884899.2411027,6.0,-2.0,-49.0
1776884899.2511027,6.0,1.0,-46.0
1776884899.261103,7.0,2.0,-47.0
1776884899.271103,9.0,1.0,-47.0
1776884899.281103,5.0,0.0,-46.0
1776884899.2911026,2.0,0.0,-43.0
1776884899.3011026,0.0,1.0,-48.0
1776884899.3111026,0.0,4.0,-51.0
1776884899.3211029,3.0,3.0,-46.0
1776884899.3311028,3.0,5.0,-42.0
1776884899.3411028,4.0,2.0,-42.0
1776884899.3511028,6.0,2.0,-45.0
1776884899.3611028,4.0,0.0,-42.0
1776884899.3711028,5.0,-1.0,-48.0
1776884899.3811028,6.0,0.0,-50.0
1776884899.3911028,4.0,0.0,-50.0
1776884899.4011028,5.0,2.0,-51.0
1776884899.4111028,3.0,5.0,-45.0
1776884899.4211028,-1.0,0.0,-38.0
1776884899.4311028,-3.0,-3.0,-37.0
1776884899.4411027,-4.0,-5.0,-37.0
1776884899.4511027,-6.0,-1.0,-42.0
1776884899.4611027,-4.0,-5.0,-49.0
1776884899.4711027,0.0,-6.0,-49.0
1776884899.4811027,3.0,-2.0,-46.0
1776884899.4911027,0.0,1.0,-49.0
1776884899.5011027,1.0,3.0,-44.0
1776884899.511103,0.0,5.0,-38.0
1776884899.521103,4.0,1.0,-36.0
1776884899.531103,6.0,4.0,-38.0
1776884899.5411026,4.0,0.0,-43.0
1776884899.5511026,5.0,-2.0,-44.0
1776884899.5611026,5.0,-4.0,-42.0
1776884899.5711029,0.0,0.0,-45.0
1776884899.5811028,-2.0,-1.0,-49.0
1776884899.5911028,-1.0,-2.0,-45.0
1776884899.6011028,-1.0,0.0,-42.0
1776884899.6111028,-1.0,0.0,-46.0
1776884899.6211028,0.0,1.0,-48.0
1776884899.6311028,-1.0,2.0,-48.0
1776884899.6411028,-4.0,0.0,-39.0
1776884899.6511028,-1.0,0.0,-34.0
1776884899.6611028,-2.0,0.0,-40.0
1776884899.6711028,0.0,0.0,-43.0
1776884899.6811028,0.0,3.0,-35.0
1776884899.6911027,-3.0,2.0,-36.0
1776884899.7011027,-3.0,-1.0,-38.0
1776884899.7111027,0.0,-2.0,-40.0
1776884899.7221026,-1.0,1.0,-44.0
1776884899.7321026,-7.0,0.0,-45.0
1776884899.7421026,-4.0,0.0,-49.0
1776884899.7511027,-3.0,-4.0,-53.0
1776884899.7621028,-6.0,-4.0,-56.0
1776884899.7721028,-4.0,-3.0,-51.0
1776884899.7821028,-1.0,-4.0,-53.0
1776884899.7921028,4.0,-1.0,-55.0
1776884899.8021028,4.0,1.0,-44.0
1776884899.8121028,8.0,-1.0,-38.0
1776884899.8221028,12.0,-3.0,-45.0
1776884899.8321028,8.0,-1.0,-50.0
1776884899.8421028,4.0,-2.0,-49.0
1776884899.8521028,-2.0,-2.0,-50.0
1776884899.8621027,-5.0,-5.0,-52.0
1776884899.8721027,0.0,-6.0,-41.0
1776884899.8821027,0.0,-3.0,-39.0
1776884899.8921027,-1.0,-1.0,-40.0
1776884899.9021027,0.0,0.0,-40.0
1776884899.9121027,-1.0,0.0,-38.0
1776884899.9221027,0.0,0.0,-40.0
1776884899.932103,-2.0,-2.0,-48.0
1776884899.942103,-2.0,-2.0,-48.0
1776884899.952103,-1.0,-1.0,-48.0
1776884899.962103,0.0,-3.0,-49.0
1776884899.9721026,-3.0,-4.0,-47.0
1776884899.9821026,0.0,0.0,-38.0
1776884899.9921026,7.0,-3.0,-41.0
1776884900.0021029,6.0,-9.0,-45.0
1776884900.0121028,5.0,-3.0,-37.0
1776884900.0221028,2.0,-1.0,-32.0
1776884900.0321028,2.0,0.0,-39.0
1776884900.0421028,3.0,1.0,-42.0
1776884900.0521028,0.0,0.0,-38.0
1776884900.0621028,2.0,-1.0,-39.0
1776884900.0721028,1.0,-7.0,-41.0
1776884900.0821028,-3.0,-5.0,-46.0
1776884900.0921028,-1.0,-4.0,-47.0
1776884900.1021028,2.0,-1.0,-48.0
1776884900.1121027,4.0,-5.0,-51.0
1776884900.1221027,7.0,-4.0,-53.0
1776884900.1321027,5.0,0.0,-47.0
1776884900.1421027,5.0,0.0,-45.0
1776884900.1521027,7.0,3.0,-43.0
1776884900.1621027,4.0,0.0,-42.0
1776884900.1721027,6.0,0.0,-41.0
1776884900.182103,5.0,0.0,-38.0
1776884900.192103,6.0,-1.0,-34.0
1776884900.202103,5.0,-1.0,-36.0
1776884900.212103,2.0,6.0,-36.0
1776884900.2221026,2.0,4.0,-33.0
1776884900.2321026,6.0,1.0,-30.0
1776884900.2421026,3.0,0.0,-34.0
1776884900.2521029,5.0,-5.0,-36.0
1776884900.2621028,4.0,-4.0,-30.0
1776884900.2721028,2.0,0.0,-35.0
1776884900.2821028,1.0,1.0,-36.0
1776884900.2921028,0.0,2.0,-36.0
1776884900.3021028,0.0,2.0,-33.0
1776884900.3121028,5.0,0.0,-38.0
1776884900.3221028,4.0,0.0,-46.0
1776884900.3321028,4.0,-1.0,-46.0
1776884900.3421028,6.0,-6.0,-43.0
1776884900.3521028,5.0,-8.0,-43.0
1776884900.3621027,3.0,-3.0,-43.0
1776884900.3721027,3.0,0.0,-44.0
1776884900.3821027,0.0,-1.0,-53.0
1776884900.3921027,5.0,-1.0,-52.0
1776884900.4021027,4.0,-2.0,-50.0
1776884900.4121027,1.0,-2.0,-49.0
1776884900.4221027,-3.0,-2.0,-56.0
1776884900.432103,-4.0,-4.0,-55.0
1776884900.442103,-1.0,-4.0,-52.0
1776884900.452103,0.0,-4.0,-50.0
1776884900.462103,-1.0,-1.0,-51.0
1776884900.4721026,0.0,0.0,-45.0
1776884900.4821026,-1.0,-1.0,-46.0
1776884900.4921026,0.0,-3.0,-36.0
1776884900.5021029,0.0,-1.0,-44.0
1776884900.5121028,-1.0,0.0,-51.0
1776884900.5221028,-1.0,-4.0,-47.0
1776884900.5321028,-1.0,-2.0,-48.0
1776884900.5421028,-3.0,-6.0,-51.0
1776884900.5521028,-6.0,-6.0,-47.0
1776884900.5621028,-3.0,-3.0,-47.0
1776884900.5721028,-3.0,-4.0,-39.0
1776884900.5821028,-2.0,0.0,-46.0
1776884900.5921028,-2.0,-2.0,-42.0
1776884900.6021028,0.0,-2.0,-46.0
1776884900.6121027,-2.0,-5.0,-42.0
1776884900.6221027,0.0,-5.0,-44.0
1776884900.6321027,2.0,-4.0,-44.0
1776884900.6421027,7.0,0.0,-44.0
1776884900.6521027,6.0,-2.0,-38.0
1776884900.6621027,2.0,2.0,-39.0
1776884900.6721027,1.0,2.0,-43.0
1776884900.682103,-1.0,2.0,-49.0
1776884900.692103,0.0,0.0,-49.0
1776884900.702103,-5.0,0.0,-53.0
1776884900.712103,1.0,-3.0,-57.0
1776884900.7221026,3.0,-7.0,-55.0
1776884900.7321026,4.0,-7.0,-44.0
1776884900.7421026,4.0,-5.0,-43.0
1776884900.7521029,5.0,-5.0,-43.0
1776884900.7621028,0.0,0.0,-42.0
1776884900.7721028,3.0,3.0,-42.0
1776884900.7821028,4.0,7.0,-50.0
1776884900.7921028,1.0,4.0,-48.0
1776884900.8021028,6.0,0.0,-44.0
1776884900.8121028,8.0,1.0,-48.0
1776884900.8221028,11.0,0.0,-48.0
1776884900.8321028,5.0,0.0,-48.0
1776884900.8421028,1.0,-1.0,-47.0
1776884900.8521028,-1.0,-4.0,-50.0
1776884900.8621027,1.0,-4.0,-45.0
1776884900.8721027,-5.0,-1.0,-38.0
1776884900.8821027,-9.0,-4.0,-39.0
1776884900.8921027,-5.0,-5.0,-44.0
1776884900.9021027,-3.0,-5.0,-44.0
1776884900.9121027,0.0,-5.0,-48.0
1776884900.9221027,-2.0,-3.0,-45.0
1776884900.932103,-1.0,0.0,-49.0
1776884900.942103,0.0,2.0,-46.0
1776884900.952103,0.0,1.0,-48.0
1776884900.962103,3.0,0.0,-55.0
1776884900.9721026,4.0,0.0,-53.0
1776884900.9821026,2.0,3.0,-53.0
1776884900.9921026,0.0,2.0,-55.0
1776884901.0021029,1.0,0.0,-53.0
1776884901.0121028,5.0,-2.0,-42.0
1776884901.0221028,6.0,-6.0,-40.0
1776884901.0321028,3.0,-4.0,-37.0
1776884901.0421028,-2.0,-3.0,-43.0
1776884901.0521028,0.0,-2.0,-45.0
1776884901.0621028,2.0,0.0,-47.0
1776884901.0721028,5.0,4.0,-42.0
1776884901.0821028,3.0,1.0,-39.0
1776884901.0921028,4.0,0.0,-40.0
1776884901.1021028,9.0,2.0,-47.0
1776884901.1121027,7.0,2.0,-50.0
1776884901.1221027,7.0,0.0,-52.0
1776884901.1321027,2.0,-2.0,-48.0
1776884901.1421027,0.0,0.0,-49.0
1776884901.1521027,-1.0,-1.0,-48.0
1776884901.1621027,4.0,-3.0,-56.0
1776884901.1721027,3.0,-3.0,-59.0
1776884901.182103,0.0,2.0,-68.0
1776884901.192103,-4.0,0.0,-63.0
1776884901.202103,-1.0,-2.0,-61.0
1776884901.212103,0.0,0.0,-55.0
1776884901.2221026,0.0,0.0,-55.0
1776884901.2321026,-2.0,0.0,-58.0
1776884901.2421026,0.0,-2.0,-52.0
1776884901.2521029,1.0,-6.0,-48.0
1776884901.2621028,-1.0,-5.0,-49.0
1776884901.2721028,0.0,-8.0,-50.0
1776884901.2821028,0.0,-7.0,-46.0
1776884901.2921028,0.0,-5.0,-44.0
1776884901.3021028,2.0,-5.0,-51.0
1776884901.3121028,5.0,-5.0,-51.0
1776884901.3221028,4.0,-2.0,-54.0
1776884901.3321028,-1.0,0.0,-52.0
1776884901.3421028,-2.0,-2.0,-50.0
1776884901.3521028,1.0,0.0,-48.0
1776884901.3621027,4.0,0.0,-49.0
1776884901.3721027,3.0,2.0,-43.0
1776884901.3821027,0.0,-1.0,-41.0
1776884901.3921027,0.0,0.0,-44.0
1776884901.4021027,0.0,0.0,-44.0
1776884901.4121027,1.0,1.0,-40.0
1776884901.4221027,5.0,6.0,-39.0
1776884901.432103,1.0,4.0,-46.0
1776884901.442103,1.0,3.0,-55.0
1776884901.452103,3.0,7.0,-50.0
1776884901.462103,4.0,6.0,-46.0
1776884901.4721026,4.0,4.0,-49.0
1776884901.4821026,4.0,2.0,-53.0
1776884901.4921026,-1.0,-3.0,-61.0
1776884901.5021029,-2.0,0.0,-63.0
1776884901.5121028,1.0,0.0,-63.0
1776884901.5221028,0.0,0.0,-62.0
1776884901.5321028,2.0,1.0,-54.0
1776884901.5421028,3.0,4.0,-44.0
1776884901.5521028,0.0,4.0,-46.0
1776884901.5621028,-1.0,1.0,-49.0
1776884901.5721028,-1.0,1.0,-56.0
1776884901.5821028,-1.0,3.0,-52.0
1776884901.5921028,3.0,1.0,-47.0
1776884901.6021028,3.0,-4.0,-44.0
1776884901.6121027,0.0,-2.0,-41.0
1776884901.6221027,-3.0,0.0,-39.0
1776884901.6321027,1.0,-2.0,-39.0
1776884901.6421027,2.0,1.0,-39.0
1776884901.6521027,5.0,0.0,-42.0
1776884901.6621027,6.0,-4.0,-48.0
1776884901.6721027,2.0,-3.0,-54.0
1776884901.6831028,1.0,-5.0,-52.0
1776884901.692103,1.0,0.0,-56.0
1776884901.702103,5.0,2.0,-51.0
1776884901.7131028,3.0,3.0,-46.0
1776884901.7221026,-3.0,3.0,-46.0
1776884901.7331028,-4.0,3.0,-44.0
1776884901.7431028,-8.0,0.0,-47.0
1776884901.7531028,-8.0,0.0,-47.0
1776884901.7631028,-9.0,6.0,-52.0
1776884901.7731028,-11.0,8.0,-57.0
1776884901.7831028,-10.0,1.0,-53.0
1776884901.7931027,-9.0,5.0,-47.0
1776884901.8031027,-9.0,3.0,-45.0
1776884901.8131027,-4.0,1.0,-40.0
1776884901.8231027,-5.0,5.0,-39.0
1776884901.8331027,-7.0,8.0,-44.0
1776884901.8431027,-4.0,10.0,-43.0
1776884901.8531027,-9.0,6.0,-42.0
1776884901.863103,-9.0,6.0,-49.0
1776884901.873103,-10.0,1.0,-46.0
1776884901.883103,-5.0,0.0,-47.0
1776884901.8931026,-7.0,-4.0,-50.0
1776884901.9031026,-4.0,-4.0,-43.0
1776884901.9131026,-6.0,-1.0,-41.0
1776884901.9231029,-5.0,-1.0,-36.0
1776884901.9331028,-3.0,-3.0,-28.0
1776884901.9431028,-2.0,-8.0,-29.0
1776884901.9531028,-3.0,-7.0,-33.0
1776884901.9631028,-2.0,-1.0,-34.0
1776884901.9731028,-4.0,-3.0,-31.0
1776884901.9831028,-5.0,-3.0,-32.0
1776884901.9931028,-5.0,-2.0,-38.0
1776884902.0031028,-3.0,0.0,-38.0
1776884902.0131028,0.0,4.0,-38.0
1776884902.0231028,-2.0,1.0,-37.0
1776884902.0331028,0.0,0.0,-44.0
1776884902.0431027,2.0,0.0,-43.0
1776884902.0531027,2.0,1.0,-47.0
1776884902.0631027,5.0,0.0,-46.0
1776884902.0731027,5.0,-1.0,-44.0
1776884902.0831027,2.0,-1.0,-43.0
1776884902.0931027,5.0,-1.0,-42.0
1776884902.1031027,2.0,2.0,-44.0
1776884902.113103,1.0,5.0,-51.0
1776884902.123103,1.0,1.0,-51.0
1776884902.133103,0.0,-2.0,-46.0
1776884902.1431026,0.0,-2.0,-43.0
1776884902.1531026,0.0,-1.0,-45.0
1776884902.1631026,-1.0,1.0,-45.0
1776884902.1731029,0.0,1.0,-49.0
1776884902.1831028,2.0,1.0,-50.0
1776884902.1931028,3.0,-1.0,-58.0
1776884902.2031028,2.0,-3.0,-54.0
1776884902.2131028,-2.0,-6.0,-53.0
1776884902.2231028,-1.0,0.0,-48.0
1776884902.2331028,-3.0,0.0,-50.0
1776884902.2431028,-3.0,2.0,-51.0
1776884902.2531028,-1.0,0.0,-50.0
1776884902.2631028,-1.0,0.0,-49.0
1776884902.2731028,-3.0,-3.0,-41.0
1776884902.2831028,-5.0,-3.0,-44.0
1776884902.2931027,-5.0,-3.0,-43.0
1776884902.3031027,-3.0,-3.0,-39.0
1776884902.3131027,-1.0,0.0,-46.0
1776884902.3231027,-1.0,1.0,-41.0
1776884902.3331027,0.0,4.0,-39.0
1776884902.3431027,2.0,2.0,-42.0
1776884902.3531027,-1.0,1.0,-46.0
1776884902.363103,-1.0,-1.0,-42.0
1776884902.373103,-1.0,-3.0,-34.0
1776884902.383103,5.0,1.0,-34.0
1776884902.3931026,5.0,1.0,-31.0
1776884902.4031026,8.0,0.0,-37.0
1776884902.4131026,6.0,0.0,-37.0
1776884902.4231029,4.0,0.0,-36.0
1776884902.4331028,4.0,-3.0,-38.0
1776884902.4431028,7.0,-3.0,-30.0
1776884902.4531028,3.0,0.0,-30.0
1776884902.4631028,1.0,-2.0,-37.0
1776884902.4731028,1.0,0.0,-39.0
1776884902.4831028,-1.0,0.0,-46.0
1776884902.4931028,0.0,0.0,-44.0
1776884902.5031028,-3.0,0.0,-42.0
1776884902.5131028,0.0,-3.0,-45.0
1776884902.5231028,-1.0,-10.0,-49.0
1776884902.5331028,-2.0,-7.0,-48.0
1776884902.5431027,0.0,-5.0,-52.0
1776884902.5531027,4.0,-7.0,-52.0
1776884902.5631027,7.0,-6.0,-52.0
1776884902.5731027,1.0,-5.0,-52.0
1776884902.5831027,1.0,-6.0,-42.0
1776884902.5931027,0.0,-8.0,-39.0
1776884902.6031027,0.0,-9.0,-40.0
1776884902.613103,0.0,-4.0,-43.0
1776884902.623103,-1.0,-5.0,-49.0
1776884902.633103,0.0,-7.0,-51.0
1776884902.6431026,-1.0,-10.0,-57.0
1776884902.6531026,2.0,-11.0,-60.0
1776884902.6631026,1.0,-9.0,-49.0
1776884902.6731029,-1.0,-9.0,-47.0
1776884902.6831028,-5.0,-10.0,-42.0
1776884902.6931028,-6.0,-7.0,-50.0
1776884902.7031028,-1.0,-7.0,-55.0
1776884902.7131028,-3.0,-5.0,-51.0
1776884902.7231028,-4.0,-9.0,-47.0
1776884902.7331028,-3.0,-4.0,-45.0
1776884902.7431028,-5.0,-5.0,-46.0
1776884902.7531028,-4.0,-2.0,-53.0
1776884902.7631028,-5.0,1.0,-52.0
1776884902.7731028,-3.0,-1.0,-53.0
1776884902.7831028,-6.0,1.0,-54.0
1776884902.7931027,-6.0,0.0,-49.0
1776884902.8031027,-3.0,-1.0,-45.0
1776884902.8131027,-2.0,-3.0,-42.0
1776884902.8231027,2.0,-1.0,-50.0
1776884902.8331027,4.0,1.0,-50.0
1776884902.8431027,2.0,2.0,-50.0
1776884902.8531027,-2.0,2.0,-47.0
1776884902.863103,0.0,0.0,-48.0
1776884902.873103,1.0,0.0,-44.0
1776884902.883103,-1.0,0.0,-44.0
1776884902.8931026,1.0,0.0,-40.0
1776884902.9031026,-4.0,0.0,-44.0
1776884902.9131026,-5.0,0.0,-52.0
1776884902.9231029,-3.0,0.0,-48.0
1776884902.9331028,-3.0,1.0,-47.0
1776884902.9431028,-1.0,0.0,-46.0
1776884902.9531028,-1.0,-1.0,-51.0
1776884902.9631028,0.0,-4.0,-47.0
1776884902.9731028,0.0,-1.0,-49.0
1776884902.9831028,0.0,-5.0,-48.0
1776884902.9931028,3.0,-6.0,-48.0
1776884903.0031028,3.0,-5.0,-48.0
1776884903.0131028,5.0,-11.0,-48.0
1776884903.0231028,0.0,-12.0,-49.0
1776884903.0331028,-3.0,-7.0,-51.0
1776884903.0431027,-4.0,-5.0,-50.0
1776884903.0531027,0.0,-1.0,-48.0
1776884903.0631027,1.0,-1.0,-44.0
1776884903.0731027,2.0,1.0,-42.0
1776884903.0831027,4.0,3.0,-40.0
1776884903.0931027,1.0,4.0,-44.0
1776884903.1031027,1.0,5.0,-45.0
1776884903.113103,1.0,4.0,-46.0
1776884903.123103,2.0,5.0,-42.0
1776884903.133103,1.0,2.0,-41.0
1776884903.1431026,-1.0,0.0,-39.0
1776884903.1531026,-2.0,0.0,-32.0
1776884903.1631026,-3.0,0.0,-39.0
1776884903.1731029,-4.0,2.0,-39.0
1776884903.1831028,-1.0,1.0,-43.0
1776884903.1931028,0.0,0.0,-47.0
1776884903.2031028,0.0,6.0,-55.0
1776884903.2131028,-2.0,3.0,-52.0
1776884903.2231028,0.0,7.0,-45.0
1776884903.2331028,0.0,7.0,-45.0
1776884903.2431028,-2.0,7.0,-42.0
1776884903.2531028,0.0,4.0,-39.0
1776884903.2631028,1.0,2.0,-46.0
1776884903.2731028,-1.0,1.0,-52.0
1776884903.2831028,0.0,0.0,-64.0
1776884903.2931027,2.0,4.0,-60.0
1776884903.3031027,2.0,3.0,-54.0
1776884903.3131027,3.0,3.0,-44.0
1776884903.3231027,5.0,-1.0,-42.0
1776884903.3331027,7.0,-5.0,-42.0
1776884903.3431027,5.0,-5.0,-43.0
1776884903.3531027,0.0,-4.0,-42.0
1776884903.363103,0.0,-4.0,-47.0
1776884903.373103,1.0,0.0,-47.0
1776884903.383103,0.0,0.0,-53.0
1776884903.3931026,-2.0,0.0,-50.0
1776884903.4031026,-1.0,2.0,-49.0
1776884903.4131026,1.0,-2.0,-55.0
1776884903.4231029,0.0,-6.0,-50.0
1776884903.4331028,1.0,-2.0,-45.0
1776884903.4431028,0.0,-2.0,-40.0
1776884903.4531028,-1.0,-1.0,-44.0
1776884903.4631028,-4.0,-2.0,-43.0
1776884903.4731028,-5.0,-4.0,-45.0
1776884903.4831028,-5.0,-4.0,-52.0
1776884903.4931028,-6.0,-8.0,-55.0
1776884903.5031028,-4.0,-10.0,-59.0
1776884903.5131028,-4.0,-7.0,-57.0
1776884903.5231028,-3.0,-3.0,-47.0
1776884903.5331028,-3.0,-2.0,-44.0
1776884903.5431027,-2.0,-3.0,-42.0
1776884903.5531027,-4.0,-4.0,-37.0
1776884903.5631027,-6.0,-5.0,-44.0
1776884903.5731027,-3.0,-5.0,-46.0
1776884903.5831027,-4.0,-4.0,-45.0
1776884903.5931027,-3.0,-5.0,-41.0
1776884903.6031027,-2.0,-6.0,-42.0
1776884903.613103,1.0,-6.0,-46.0
1776884903.623103,4.0,-12.0,-46.0
1776884903.633103,4.0,-12.0,-47.0
1776884903.6431026,0.0,-10.0,-51.0
1776884903.6531026,-2.0,-6.0,-55.0
1776884903.6641028,-3.0,-4.0,-55.0
1776884903.6731029,-2.0,0.0,-60.0
1776884903.6841028,1.0,2.0,-59.0
1776884903.6941028,5.0,2.0,-61.0
1776884903.7041028,8.0,4.0,-56.0
1776884903.7141027,8.0,3.0,-59.0
1776884903.7241027,5.0,1.0,-54.0
1776884903.7341027,2.0,0.0,-47.0
1776884903.7441027,5.0,-3.0,-40.0
1776884903.7541027,6.0,2.0,-37.0
1776884903.7641027,2.0,-2.0,-41.0
1776884903.7741027,-1.0,0.0,-43.0
1776884903.784103,-3.0,0.0,-40.0
1776884903.794103,-5.0,1.0,-45.0
1776884903.804103,0.0,1.0,-37.0
1776884903.8141026,1.0,0.0,-42.0
1776884903.8241026,2.0,-2.0,-41.0
1776884903.8341026,-1.0,3.0,-40.0
1776884903.8441026,-7.0,5.0,-35.0
1776884903.8541028,-5.0,2.0,-41.0
1776884903.8641028,-4.0,0.0,-40.0
1776884903.8741028,-5.0,2.0,-42.0
1776884903.8841028,-4.0,1.0,-41.0
1776884903.8941028,-5.0,-1.0,-37.0
1776884903.9041028,-6.0,2.0,-35.0
1776884903.9141028,-3.0,2.0,-34.0
1776884903.9241028,-2.0,5.0,-32.0
1776884903.9341028,-2.0,6.0,-40.0
1776884903.9441028,-4.0,1.0,-44.0
1776884903.9541028,-3.0,-1.0,-53.0
1776884903.9641027,0.0,1.0,-54.0
1776884903.9741027,0.0,1.0,-54.0
1776884903.9841027,4.0,2.0,-54.0
1776884903.9941027,1.0,1.0,-47.0
1776884904.0041027,-2.0,-2.0,-49.0
1776884904.0141027,-2.0,0.0,-54.0
1776884904.0241027,0.0,-2.0,-54.0
1776884904.034103,-3.0,-2.0,-52.0
1776884904.044103,-3.0,-3.0,-50.0
1776884904.054103,-1.0,-5.0,-50.0
1776884904.0641026,0.0,-4.0,-49.0
1776884904.0741026,-3.0,-2.0,-50.0
1776884904.0841026,-3.0,-5.0,-49.0
1776884904.0941026,-7.0,-4.0,-52.0
1776884904.1041028,-4.0,-1.0,-47.0
1776884904.1141028,-3.0,2.0,-44.0
1776884904.1241028,-5.0,2.0,-45.0
1776884904.1341028,0.0,1.0,-53.0
1776884904.1441028,-3.0,4.0,-45.0
1776884904.1541028,0.0,3.0,-45.0
1776884904.1641028,1.0,2.0,-49.0
1776884904.1741028,1.0,2.0,-48.0
1776884904.1841028,2.0,0.0,-46.0
1776884904.1941028,8.0,0.0,-45.0
1776884904.2041028,8.0,0.0,-46.0
1776884904.2141027,8.0,1.0,-56.0
1776884904.2241027,6.0,1.0,-43.0
1776884904.2341027,4.0,5.0,-38.0
1776884904.2441027,2.0,3.0,-39.0
1776884904.2541027,0.0,0.0,-45.0
1776884904.2641027,0.0,3.0,-37.0
1776884904.2741027,-4.0,1.0,-39.0
1776884904.284103,-2.0,3.0,-42.0
1776884904.294103,0.0,1.0,-46.0
1776884904.304103,3.0,4.0,-41.0
1776884904.3141026,-1.0,2.0,-42.0
1776884904.3241026,-2.0,-1.0,-33.0
1776884904.3341026,-6.0,-2.0,-41.0
1776884904.3441026,-6.0,-1.0,-45.0
1776884904.3541028,-3.0,-1.0,-49.0
1776884904.3641028,-2.0,-8.0,-47.0
1776884904.3741028,-4.0,-7.0,-47.0
1776884904.3841028,-5.0,-11.0,-50.0
1776884904.3941028,-7.0,-7.0,-48.0
1776884904.4041028,-5.0,-6.0,-47.0
1776884904.4141028,-2.0,-9.0,-43.0
1776884904.4241028,-1.0,-7.0,-46.0
1776884904.4341028,-4.0,-4.0,-46.0
1776884904.4441028,-3.0,-1.0,-38.0
1776884904.4541028,-6.0,-5.0,-39.0
1776884904.4641027,-9.0,-3.0,-39.0
1776884904.4741027,-6.0,-6.0,-39.0
1776884904.4841027,-3.0,-5.0,-40.0
1776884904.4941027,0.0,-4.0,-40.0
1776884904.5041027,2.0,-5.0,-44.0
1776884904.5141027,2.0,-3.0,-49.0
1776884904.5241027,1.0,-4.0,-42.0
1776884904.534103,0.0,-2.0,-42.0
1776884904.544103,5.0,-3.0,-46.0
1776884904.554103,4.0,-2.0,-48.0
1776884904.5641026,2.0,-1.0,-48.0
1776884904.5741026,4.0,0.0,-51.0
1776884904.5841026,7.0,2.0,-60.0
1776884904.5941026,4.0,2.0,-65.0
1776884904.6041028,3.0,0.0,-55.0
1776884904.6141028,3.0,-2.0,-50.0
1776884904.6241028,1.0,-3.0,-40.0
1776884904.6341028,-2.0,0.0,-38.0
1776884904.6441028,0.0,2.0,-43.0
1776884904.6541028,4.0,6.0,-44.0
1776884904.6641028,1.0,9.0,-41.0
1776884904.6741028,0.0,6.0,-39.0
1776884904.6841028,2.0,3.0,-37.0
1776884904.6941028,1.0,6.0,-36.0
1776884904.7041028,2.0,5.0,-44.0
1776884904.7141027,-1.0,4.0,-37.0
1776884904.7241027,-1.0,2.0,-40.0
1776884904.7341027,-3.0,4.0,-44.0
1776884904.7441027,-2.0,2.0,-48.0
1776884904.7541027,1.0,1.0,-44.0
1776884904.7641027,1.0,3.0,-45.0
1776884904.7741027,3.0,4.0,-42.0
1776884904.784103,1.0,0.0,-47.0
1776884904.794103,-6.0,0.0,-42.0
1776884904.804103,-8.0,-1.0,-41.0
1776884904.8141026,-6.0,-1.0,-45.0
1776884904.8241026,0.0,-3.0,-43.0
1776884904.8341026,-3.0,0.0,-44.0
1776884904.8441026,-4.0,2.0,-45.0
1776884904.8541028,-2.0,-1.0,-50.0
1776884904.8641028,-3.0,-2.0,-56.0
1776884904.8741028,-1.0,-3.0,-60.0
1776884904.8841028,-2.0,-4.0,-63.0
1776884904.8941028,-1.0,-1.0,-60.0
1776884904.9041028,0.0,-5.0,-57.0
1776884904.9141028,0.0,-4.0,-49.0
1776884904.9241028,-3.0,-1.0,-41.0
1776884904.9341028,1.0,1.0,-48.0
1776884904.9441028,-3.0,3.0,-44.0
1776884904.9541028,-7.0,4.0,-48.0
1776884904.9641027,-4.0,2.0,-48.0
1776884904.9741027,-7.0,5.0,-43.0
1776884904.9841027,-5.0,2.0,-42.0
1776884904.9941027,-4.0,0.0,-43.0
1776884905.0041027,-4.0,0.0,-55.0
1776884905.0141027,-4.0,0.0,-55.0
1776884905.0241027,-7.0,0.0,-55.0
1776884905.034103,-6.0,1.0,-43.0
1776884905.044103,-7.0,4.0,-47.0
1776884905.054103,-4.0,3.0,-46.0
1776884905.0641026,0.0,4.0,-52.0
1776884905.0741026,-4.0,2.0,-50.0
1776884905.0841026,-4.0,2.0,-54.0
1776884905.0941026,-2.0,-1.0,-52.0
1776884905.1041028,-4.0,0.0,-46.0
1776884905.1141028,-5.0,-1.0,-47.0
1776884905.1241028,0.0,-4.0,-43.0
1776884905.1341028,4.0,-4.0,-41.0
1776884905.1441028,1.0,0.0,-49.0
1776884905.1541028,0.0,1.0,-55.0
1776884905.1641028,0.0,0.0,-55.0
1776884905.1741028,0.0,-2.0,-55.0
1776884905.1841028,2.0,0.0,-51.0
1776884905.1941028,2.0,5.0,-40.0
1776884905.2041028,-2.0,1.0,-41.0
1776884905.2141027,-4.0,3.0,-42.0
1776884905.2241027,-6.0,5.0,-44.0
1776884905.2341027,-2.0,-1.0,-55.0
1776884905.2441027,-4.0,-4.0,-52.0
1776884905.2541027,-2.0,-1.0,-47.0
1776884905.2641027,-2.0,-1.0,-44.0
1776884905.2741027,0.0,-2.0,-46.0
1776884905.284103,1.0,-4.0,-48.0
1776884905.294103,0.0,-6.0,-49.0
1776884905.304103,0.0,-3.0,-47.0
1776884905.3141026,0.0,0.0,-42.0
1776884905.3241026,0.0,-2.0,-47.0
1776884905.3341026,1.0,-1.0,-47.0
1776884905.3441026,3.0,-1.0,-43.0
1776884905.3541028,4.0,-4.0,-48.0
1776884905.3641028,1.0,-1.0,-50.0
1776884905.3741028,2.0,0.0,-37.0
1776884905.3841028,-3.0,0.0,-35.0
1776884905.3941028,-7.0,-1.0,-40.0
1776884905.4041028,-6.0,-3.0,-45.0
1776884905.4141028,-5.0,0.0,-48.0
1776884905.4241028,-3.0,2.0,-46.0
1776884905.4341028,-2.0,-1.0,-47.0
1776884905.4441028,-2.0,0.0,-49.0
1776884905.4541028,-3.0,4.0,-46.0
1776884905.4641027,-2.0,4.0,-43.0
1776884905.4741027,-3.0,2.0,-42.0
1776884905.4841027,-2.0,1.0,-51.0
1776884905.4941027,-5.0,5.0,-47.0
1776884905.5041027,-5.0,2.0,-48.0
1776884905.5141027,-6.0,0.0,-44.0
1776884905.5241027,-7.0,0.0,-42.0
1776884905.534103,-5.0,0.0,-38.0
1776884905.544103,-4.0,0.0,-39.0
1776884905.554103,-3.0,-2.0,-41.0
1776884905.5641026,0.0,-2.0,-41.0
1776884905.5741026,0.0,-4.0,-44.0
1776884905.5841026,-4.0,-9.0,-50.0
1776884905.5941026,-2.0,-10.0,-51.0
1776884905.6041028,-1.0,-9.0,-44.0
1776884905.6141028,0.0,-8.0,-45.0
1776884905.6241028,1.0,-10.0,-49.0
1776884905.6341028,0.0,-8.0,-47.0
1776884905.6451027,-3.0,-5.0,-49.0
1776884905.6551027,-2.0,-8.0,-42.0
1776884905.6641028,-2.0,-10.0,-43.0
1776884905.6751027,-5.0,-8.0,-48.0
1776884905.6851027,-6.0,-9.0,-50.0
1776884905.6951027,-4.0,-7.0,-50.0
1776884905.7051027,1.0,-2.0,-41.0
1776884905.715103,-5.0,-1.0,-39.0
1776884905.725103,-6.0,1.0,-44.0
1776884905.735103,-5.0,1.0,-45.0
1776884905.7451026,-2.0,-2.0,-45.0
1776884905.7551026,0.0,0.0,-42.0
1776884905.7651026,4.0,-2.0,-42.0
1776884905.7751029,8.0,-4.0,-43.0
1776884905.7851028,9.0,-2.0,-41.0
1776884905.7951028,5.0,-4.0,-41.0
1776884905.8051028,4.0,-2.0,-41.0
1776884905.8151028,5.0,0.0,-43.0
1776884905.8251028,4.0,2.0,-41.0
1776884905.8351028,3.0,1.0,-45.0
1776884905.8451028,0.0,0.0,-49.0
1776884905.8551028,-3.0,3.0,-50.0
1776884905.8651028,0.0,0.0,-44.0
1776884905.8751028,-2.0,0.0,-42.0
1776884905.8851027,-3.0,-1.0,-43.0
1776884905.8951027,-7.0,0.0,-45.0
1776884905.9051027,-8.0,0.0,-44.0
1776884905.9151027,-9.0,-5.0,-44.0
1776884905.9251027,-10.0,-2.0,-44.0
1776884905.9351027,-7.0,-1.0,-52.0
1776884905.9451027,-2.0,0.0,-58.0
1776884905.9551027,-1.0,1.0,-50.0
1776884905.965103,0.0,0.0,-48.0
1776884905.975103,3.0,0.0,-52.0
1776884905.985103,3.0,-2.0,-48.0
1776884905.9951026,1.0,-2.0,-43.0
1776884906.0051026,1.0,-2.0,-48.0
1776884906.0151026,0.0,-3.0,-48.0
1776884906.0251029,-1.0,-5.0,-44.0
1776884906.0351028,0.0,-10.0,-51.0
1776884906.0451028,1.0,-11.0,-52.0
1776884906.0551028,0.0,-8.0,-52.0
1776884906.0651028,0.0,-8.0,-57.0
1776884906.0751028,-4.0,-10.0,-55.0
1776884906.0851028,-8.0,-9.0,-52.0
1776884906.0951028,-5.0,-10.0,-49.0
1776884906.1051028,-4.0,-11.0,-44.0
1776884906.1151028,4.0,-8.0,-43.0
1776884906.1251028,3.0,-8.0,-44.0
1776884906.1351027,0.0,-4.0,-48.0
1776884906.1451027,-2.0,0.0,-48.0
1776884906.1551027,3.0,-1.0,-52.0
1776884906.1651027,5.0,0.0,-47.0
1776884906.1751027,6.0,0.0,-49.0
1776884906.1851027,6.0,0.0,-46.0
1776884906.1951027,4.0,-5.0,-45.0
1776884906.2051027,3.0,-5.0,-43.0
1776884906.215103,4.0,-5.0,-49.0
1776884906.225103,2.0,0.0,-48.0
1776884906.235103,0.0,0.0,-55.0
1776884906.2451026,1.0,-5.0,-50.0
1776884906.2551026,0.0,-1.0,-49.0
1776884906.2651026,3.0,0.0,-47.0
1776884906.2751029,0.0,-1.0,-41.0
1776884906.2851028,0.0,-3.0,-43.0
1776884906.2951028,-2.0,-1.0,-47.0
1776884906.3051028,-5.0,4.0,-52.0
1776884906.3151028,-4.0,3.0,-48.0
1776884906.3251028,0.0,2.0,-46.0
1776884906.3351028,1.0,3.0,-47.0
1776884906.3451028,0.0,4.0,-49.0
1776884906.3551028,-1.0,3.0,-54.0
1776884906.3651028,-4.0,3.0,-49.0
1776884906.3751028,-1.0,0.0,-43.0
1776884906.3851027,1.0,2.0,-45.0
1776884906.3951027,0.0,1.0,-40.0
1776884906.4051027,0.0,0.0,-40.0
1776884906.4151027,0.0,-1.0,-38.0
1776884906.4251027,-3.0,-1.0,-40.0
1776884906.4351027,-1.0,3.0,-38.0
1776884906.4451027,3.0,2.0,-32.0
1776884906.4551027,3.0,1.0,-37.0
1776884906.465103,4.0,1.0,-35.0
1776884906.475103,7.0,0.0,-39.0
1776884906.485103,0.0,0.0,-45.0
1776884906.4951026,-1.0,1.0,-49.0
1776884906.5051026,0.0,0.0,-51.0
1776884906.5151026,0.0,0.0,-49.0
1776884906.5251029,-1.0,0.0,-48.0
1776884906.5351028,-1.0,0.0,-47.0
1776884906.5451028,-2.0,0.0,-51.0
1776884906.5551028,-4.0,-1.0,-45.0
1776884906.5651028,-2.0,-1.0,-45.0
1776884906.5751028,-2.0,-4.0,-43.0
1776884906.5851028,0.0,0.0,-44.0
1776884906.5951028,2.0,0.0,-50.0
1776884906.6051028,0.0,1.0,-43.0
1776884906.6151028,8.0,-2.0,-37.0
1776884906.6251028,12.0,0.0,-35.0
1776884906.6351027,9.0,2.0,-46.0
1776884906.6451027,8.0,0.0,-48.0
1776884906.6551027,7.0,-1.0,-48.0
1776884906.6651027,4.0,-4.0,-50.0
1776884906.6751027,2.0,-6.0,-49.0
1776884906.6851027,4.0,-7.0,-54.0
1776884906.6951027,8.0,-3.0,-60.0
1776884906.7051027,5.0,2.0,-54.0
1776884906.715103,4.0,2.0,-54.0
1776884906.725103,5.0,0.0,-50.0
1776884906.735103,5.0,2.0,-45.0
1776884906.7451026,5.0,0.0,-52.0
1776884906.7551026,1.0,0.0,-53.0
1776884906.7651026,0.0,-2.0,-59.0
1776884906.7751029,-6.0,0.0,-57.0
1776884906.7851028,-4.0,0.0,-59.0
1776884906.7951028,-3.0,-3.0,-52.0
1776884906.8051028,0.0,-3.0,-52.0
1776884906.8151028,-2.0,-1.0,-51.0
1776884906.8251028,-5.0,0.0,-50.0
1776884906.8351028,-5.0,0.0,-44.0
1776884906.8451028,-6.0,1.0,-39.0
1776884906.8551028,-2.0,0.0,-41.0
1776884906.8651028,4.0,-1.0,-43.0
1776884906.8751028,-3.0,-1.0,-41.0
1776884906.8851027,-1.0,0.0,-43.0
1776884906.8951027,-1.0,0.0,-44.0
1776884906.9051027,-2.0,1.0,-41.0
1776884906.9151027,0.0,0.0,-38.0
1776884906.9251027,3.0,-1.0,-45.0
1776884906.9351027,-2.0,0.0,-47.0
1776884906.9451027,-4.0,0.0,-45.0
1776884906.9551027,1.0,0.0,-46.0
1776884906.965103,2.0,-1.0,-48.0
1776884906.975103,0.0,0.0,-44.0
1776884906.985103,1.0,1.0,-46.0
1776884906.9951026,1.0,0.0,-44.0
1776884907.0051026,5.0,1.0,-46.0
1776884907.0151026,3.0,0.0,-44.0
1776884907.0251029,2.0,-4.0,-43.0
1776884907.0351028,2.0,-3.0,-40.0
1776884907.0451028,5.0,-1.0,-40.0
1776884907.0551028,-1.0,0.0,-40.0
1776884907.0651028,2.0,0.0,-48.0
1776884907.0751028,3.0,-1.0,-50.0
1776884907.0851028,4.0,3.0,-45.0
1776884907.0951028,4.0,7.0,-45.0
1776884907.1051028,5.0,5.0,-41.0
1776884907.1151028,4.0,3.0,-48.0
1776884907.1251028,-2.0,7.0,-48.0
1776884907.1351027,-1.0,8.0,-41.0
1776884907.1451027,0.0,5.0,-36.0
1776884907.1551027,3.0,-1.0,-40.0
1776884907.1651027,0.0,-2.0,-54.0
1776884907.1751027,2.0,-5.0,-52.0
1776884907.1851027,-1.0,-2.0,-48.0
1776884907.1951027,3.0,-3.0,-50.0
1776884907.2051027,7.0,-1.0,-50.0
1776884907.215103,6.0,-2.0,-47.0
1776884907.225103,4.0,0.0,-54.0
1776884907.235103,4.0,-1.0,-55.0
1776884907.2451026,0.0,1.0,-58.0
1776884907.2551026,0.0,0.0,-48.0
1776884907.2651026,0.0,0.0,-37.0
1776884907.2751029,1.0,3.0,-34.0
1776884907.2851028,0.0,0.0,-34.0
1776884907.2951028,1.0,-5.0,-38.0
1776884907.3051028,1.0,-10.0,-40.0
1776884907.3151028,3.0,-5.0,-39.0
1776884907.3251028,8.0,-4.0,-42.0
1776884907.3351028,14.0,-3.0,-42.0
1776884907.3451028,11.0,0.0,-43.0
1776884907.3551028,9.0,0.0,-47.0
1776884907.3651028,5.0,0.0,-40.0
1776884907.3751028,5.0,0.0,-31.0
1776884907.3851027,5.0,-2.0,-35.0
1776884907.3951027,4.0,-3.0,-46.0
1776884907.4051027,0.0,-1.0,-50.0
1776884907.4151027,4.0,-1.0,-45.0
1776884907.4251027,1.0,0.0,-39.0
1776884907.4351027,2.0,2.0,-46.0
1776884907.4451027,0.0,6.0,-47.0
1776884907.4551027,3.0,3.0,-41.0
1776884907.465103,5.0,1.0,-40.0
1776884907.475103,4.0,0.0,-45.0
1776884907.485103,7.0,-1.0,-48.0
1776884907.4951026,9.0,-1.0,-48.0
1776884907.5051026,2.0,0.0,-53.0
1776884907.5151026,2.0,0.0,-58.0
1776884907.5251029,0.0,0.0,-59.0
1776884907.5351028,-1.0,1.0,-60.0
1776884907.5451028,0.0,3.0,-56.0
1776884907.5551028,0.0,2.0,-58.0
1776884907.5651028,-1.0,-2.0,-54.0
1776884907.5751028,-1.0,-4.0,-48.0
1776884907.5851028,-2.0,-1.0,-49.0
1776884907.5951028,7.0,-4.0,-49.0
1776884907.6061027,9.0,-8.0,-47.0
1776884907.6151028,6.0,-6.0,-42.0
1776884907.6251028,4.0,-5.0,-51.0
1776884907.636103,0.0,-4.0,-44.0
1776884907.646103,-2.0,-1.0,-40.0
1776884907.656103,-1.0,-4.0,-44.0
1776884907.6661026,0.0,-7.0,-47.0
1776884907.6761026,0.0,-8.0,-50.0
1776884907.6861026,4.0,-8.0,-50.0
1776884907.6961029,3.0,-3.0,-45.0
1776884907.7061028,5.0,1.0,-44.0
1776884907.7161028,7.0,4.0,-46.0
1776884907.7261028,5.0,1.0,-49.0
1776884907.7361028,2.0,-1.0,-43.0
1776884907.7461028,6.0,-1.0,-43.0
1776884907.7561028,5.0,-3.0,-44.0
1776884907.7661028,2.0,0.0,-42.0
1776884907.7761028,1.0,-1.0,-38.0
1776884907.7861028,2.0,-6.0,-37.0
1776884907.7961028,2.0,-8.0,-37.0
1776884907.8061028,5.0,-6.0,-32.0
1776884907.8161027,0.0,-10.0,-35.0
1776884907.8261027,0.0,-12.0,-31.0
1776884907.8361027,1.0,-17.0,-36.0
1776884907.8461027,0.0,-10.0,-39.0
1776884907.8561027,0.0,-6.0,-41.0
1776884907.8661027,1.0,-5.0,-38.0
1776884907.8761027,2.0,-8.0,-33.0
1776884907.886103,-1.0,-5.0,-24.0
1776884907.896103,-2.0,0.0,-26.0
1776884907.906103,-4.0,0.0,-29.0
1776884907.9161026,-3.0,0.0,-41.0
1776884907.9261026,-4.0,0.0,-35.0
1776884907.9361026,-4.0,3.0,-35.0
1776884907.9461029,-3.0,5.0,-42.0
1776884907.9561028,2.0,6.0,-50.0
1776884907.9661028,3.0,5.0,-56.0
1776884907.9761028,7.0,4.0,-58.0
1776884907.9861028,5.0,0.0,-57.0
1776884907.9961028,4.0,0.0,-57.0
1776884908.0061028,3.0,0.0,-58.0
1776884908.0161028,4.0,1.0,-59.0
1776884908.0261028,1.0,-2.0,-53.0
1776884908.0361028,-4.0,-2.0,-48.0
1776884908.0461028,-3.0,0.0,-39.0
1776884908.0561028,-1.0,0.0,-37.0
1776884908.0661027,-2.0,2.0,-43.0
1776884908.0761027,3.0,4.0,-49.0
1776884908.0861027,5.0,6.0,-49.0
1776884908.0961027,1.0,3.0,-48.0
1776884908.1061027,1.0,7.0,-46.0
1776884908.1161027,0.0,7.0,-48.0
1776884908.1261027,-1.0,4.0,-50.0
1776884908.136103,-2.0,1.0,-51.0
1776884908.146103,0.0,0.0,-53.0
1776884908.156103,9.0,-1.0,-51.0
1776884908.1661026,11.0,-2.0,-52.0
1776884908.1761026,4.0,-3.0,-53.0
1776884908.1861026,3.0,-6.0,-56.0
1776884908.1961029,0.0,-5.0,-57.0
1776884908.2061028,-2.0,0.0,-58.0
1776884908.2161028,-7.0,0.0,-61.0
1776884908.2261028,-3.0,3.0,-56.0
1776884908.2361028,-3.0,2.0,-55.0
1776884908.2461028,3.0,3.0,-56.0
1776884908.2561028,8.0,-2.0,-47.0
1776884908.2661028,4.0,0.0,-45.0
1776884908.2761028,4.0,0.0,-43.0
1776884908.2861028,2.0,-5.0,-38.0
1776884908.2961028,2.0,-1.0,-40.0
1776884908.3061028,1.0,0.0,-41.0
1776884908.3161027,-3.0,1.0,-37.0
1776884908.3261027,0.0,3.0,-41.0
1776884908.3361027,-4.0,2.0,-40.0
1776884908.3461027,-3.0,0.0,-42.0
1776884908.3561027,1.0,1.0,-43.0
1776884908.3661027,1.0,4.0,-44.0
1776884908.3761027,4.0,5.0,-47.0
1776884908.386103,4.0,6.0,-46.0
1776884908.396103,1.0,4.0,-51.0
1776884908.406103,-3.0,2.0,-50.0
1776884908.4161026,-1.0,0.0,-51.0
1776884908.4261026,0.0,2.0,-49.0
1776884908.4361026,0.0,-1.0,-44.0
1776884908.4461029,0.0,0.0,-42.0
1776884908.4561028,3.0,3.0,-41.0
1776884908.4661028,5.0,4.0,-43.0
1776884908.4761028,6.0,5.0,-43.0
1776884908.4861028,3.0,0.0,-46.0
1776884908.4961028,0.0,-1.0,-50.0
1776884908.5061028,0.0,-1.0,-51.0
1776884908.5161028,3.0,0.0,-51.0
1776884908.5261028,3.0,0.0,-52.0
1776884908.5361028,1.0,-2.0,-51.0
1776884908.5461028,3.0,-3.0,-54.0
1776884908.5561028,0.0,-5.0,-49.0
1776884908.5661027,-2.0,-5.0,-41.0
1776884908.5761027,0.0,-6.0,-46.0
1776884908.5861027,-1.0,-3.0,-49.0
1776884908.5961027,0.0,-1.0,-48.0
1776884908.6061027,2.0,0.0,-53.0
1776884908.6161027,3.0,4.0,-51.0
1776884908.6261027,-2.0,5.0,-50.0
1776884908.636103,-4.0,7.0,-52.0
1776884908.646103,-4.0,3.0,-54.0
1776884908.656103,-1.0,0.0,-60.0
1776884908.6661026,0.0,-5.0,-58.0
1776884908.6761026,0.0,-4.0,-53.0
1776884908.6861026,1.0,-4.0,-49.0
1776884908.6961029,0.0,-5.0,-52.0
1776884908.7061028,0.0,-6.0,-46.0
1776884908.7161028,0.0,-2.0,-46.0
1776884908.7261028,0.0,-5.0,-43.0
1776884908.7361028,0.0,-4.0,-48.0
1776884908.7461028,-1.0,-2.0,-49.0
1776884908.7561028,0.0,-3.0,-52.0
1776884908.7661028,1.0,-2.0,-53.0
1776884908.7761028,1.0,0.0,-49.0
1776884908.7861028,2.0,0.0,-54.0
1776884908.7961028,2.0,0.0,-56.0
1776884908.8061028,3.0,-3.0,-52.0
1776884908.8161027,0.0,-1.0,-48.0
1776884908.8261027,3.0,0.0,-49.0
1776884908.8361027,0.0,-4.0,-53.0
1776884908.8461027,-2.0,-7.0,-52.0
1776884908.8561027,-8.0,-7.0,-54.0
1776884908.8661027,-9.0,-5.0,-59.0
1776884908.8761027,-9.0,-2.0,-53.0
1776884908.886103,-6.0,-5.0,-49.0
1776884908.896103,-7.0,-5.0,-52.0
1776884908.906103,-7.0,-2.0,-54.0
1776884908.9161026,-10.0,-1.0,-56.0
1776884908.9261026,-8.0,2.0,-57.0
1776884908.9361026,-9.0,3.0,-48.0
1776884908.9461029,-7.0,4.0,-46.0
1776884908.9561028,-7.0,1.0,-59.0
1776884908.9661028,-8.0,2.0,-60.0
1776884908.9761028,-3.0,0.0,-59.0
1776884908.9861028,-3.0,-3.0,-59.0
1776884908.9961028,-3.0,-3.0,-58.0
1776884909.0061028,-3.0,-3.0,-60.0
1776884909.0161028,-1.0,-4.0,-61.0
1776884909.0261028,0.0,-5.0,-56.0
1776884909.0361028,1.0,-6.0,-55.0
1776884909.0461028,0.0,-1.0,-55.0
1776884909.0561028,-1.0,1.0,-59.0
1776884909.0661027,1.0,-4.0,-53.0
1776884909.0761027,-1.0,-5.0,-52.0
1776884909.0861027,-11.0,-7.0,-52.0
1776884909.0961027,-8.0,-2.0,-50.0
1776884909.1061027,-7.0,-5.0,-44.0
1776884909.1161027,-6.0,-3.0,-42.0
1776884909.1261027,-4.0,-2.0,-45.0
1776884909.136103,-3.0,-2.0,-47.0
1776884909.146103,-2.0,-4.0,-48.0
1776884909.156103,0.0,-3.0,-48.0
1776884909.1661026,0.0,-7.0,-57.0
1776884909.1761026,-2.0,-4.0,-55.0
1776884909.1861026,-5.0,-6.0,-54.0
1776884909.1961029,-3.0,-4.0,-52.0
1776884909.2061028,0.0,-2.0,-49.0
1776884909.2161028,1.0,-5.0,-51.0
1776884909.2261028,0.0,-5.0,-51.0
1776884909.2361028,0.0,-4.0,-52.0
1776884909.2461028,2.0,0.0,-54.0
1776884909.2561028,-3.0,2.0,-47.0
1776884909.2661028,-7.0,1.0,-46.0
1776884909.2761028,-6.0,0.0,-41.0
1776884909.2861028,-2.0,-4.0,-42.0
1776884909.2961028,-5.0,-3.0,-49.0
1776884909.3061028,-4.0,-3.0,-40.0
1776884909.3161027,-4.0,-4.0,-37.0
1776884909.3261027,-4.0,-4.0,-36.0
1776884909.3361027,0.0,-4.0,-46.0
1776884909.3461027,2.0,-4.0,-44.0
1776884909.3561027,0.0,-3.0,-46.0
1776884909.3661027,-3.0,-4.0,-50.0
1776884909.3761027,-2.0,0.0,-49.0
1776884909.386103,-1.0,2.0,-49.0
1776884909.396103,-2.0,-2.0,-49.0
1776884909.406103,-3.0,-5.0,-51.0
1776884909.4161026,2.0,-7.0,-48.0
1776884909.4261026,-5.0,-9.0,-48.0
1776884909.4361026,-6.0,-7.0,-46.0
1776884909.4461029,-2.0,-4.0,-41.0
1776884909.4561028,0.0,0.0,-42.0
1776884909.4661028,3.0,5.0,-32.0
1776884909.4761028,2.0,3.0,-36.0
1776884909.4861028,5.0,-3.0,-38.0
1776884909.4961028,8.0,-1.0,-36.0
1776884909.5061028,7.0,3.0,-39.0
1776884909.5161028,5.0,4.0,-33.0
1776884909.5261028,8.0,4.0,-30.0
1776884909.5361028,7.0,4.0,-30.0
1776884909.5461028,6.0,2.0,-27.0
1776884909.557103,6.0,-3.0,-27.0
1776884909.5661027,7.0,-5.0,-27.0
1776884909.5761027,7.0,-7.0,-34.0
1776884909.587103,5.0,-4.0,-36.0
1776884909.5971026,0.0,-6.0,-39.0
1776884909.6071026,-5.0,-1.0,-37.0
1776884909.6171026,-1.0,-2.0,-39.0
1776884909.6271029,3.0,-1.0,-44.0
1776884909.6371028,2.0,-6.0,-46.0
1776884909.6471028,3.0,-9.0,-41.0
1776884909.6571028,0.0,-7.0,-41.0
1776884909.6671028,6.0,-5.0,-43.0
1776884909.6771028,3.0,-7.0,-44.0
1776884909.6871028,3.0,-7.0,-40.0
1776884909.6971028,3.0,-9.0,-48.0
1776884909.7071028,2.0,-4.0,-51.0
1776884909.7171028,3.0,-3.0,-55.0
1776884909.7271028,0.0,-1.0,-49.0
1776884909.7371027,1.0,0.0,-49.0
1776884909.7471027,4.0,-1.0,-50.0
1776884909.7571027,3.0,-2.0,-47.0
1776884909.7671027,5.0,-1.0,-47.0
1776884909.7771027,3.0,0.0,-46.0
1776884909.7871027,4.0,-3.0,-50.0
1776884909.7971027,0.0,-3.0,-43.0
1776884909.807103,-4.0,-5.0,-41.0
1776884909.817103,-1.0,0.0,-35.0
1776884909.827103,-5.0,1.0,-37.0
1776884909.837103,-1.0,1.0,-37.0
1776884909.8471026,0.0,1.0,-40.0
1776884909.8571026,0.0,0.0,-45.0
1776884909.8671026,0.0,-3.0,-47.0
1776884909.8771029,-1.0,-4.0,-47.0
1776884909.8871028,1.0,-3.0,-45.0
1776884909.8971028,4.0,-5.0,-45.0
1776884909.9071028,6.0,-11.0,-42.0
1776884909.9171028,7.0,-9.0,-41.0
1776884909.9271028,12.0,-9.0,-47.0
1776884909.9371028,13.0,-10.0,-56.0
1776884909.9471028,11.0,-11.0,-60.0
1776884909.9571028,11.0,-10.0,-60.0
1776884909.9671028,7.0,-9.0,-51.0
1776884909.9771028,10.0,-11.0,-53.0
1776884909.9871027,3.0,-10.0,-54.0
1776884909.9971027,0.0,-9.0,-51.0
1776884910.0071027,0.0,-9.0,-44.0
1776884910.0171027,-3.0,-5.0,-42.0
1776884910.0271027,-1.0,-4.0,-49.0
1776884910.0371027,-4.0,-4.0,-49.0
1776884910.0471027,-2.0,-2.0,-53.0
1776884910.057103,-1.0,-1.0,-56.0
1776884910.067103,1.0,-2.0,-62.0
1776884910.077103,-1.0,0.0,-53.0
1776884910.087103,0.0,4.0,-46.0
1776884910.0971026,0.0,3.0,-42.0
1776884910.1071026,3.0,1.0,-43.0
1776884910.1171026,2.0,3.0,-44.0
1776884910.1271029,1.0,0.0,-48.0
1776884910.1371028,5.0,-1.0,-52.0
1776884910.1471028,6.0,0.0,-55.0
1776884910.1571028,6.0,2.0,-52.0
1776884910.1671028,4.0,0.0,-49.0
1776884910.1771028,5.0,0.0,-47.0
1776884910.1871028,2.0,2.0,-49.0
1776884910.1971028,1.0,2.0,-41.0
1776884910.2071028,6.0,0.0,-44.0
1776884910.2171028,3.0,-2.0,-47.0
1776884910.2271028,2.0,-4.0,-47.0
1776884910.2371027,-2.0,0.0,-54.0
1776884910.2471027,-5.0,1.0,-51.0
1776884910.2571027,-10.0,-2.0,-50.0
1776884910.2671027,-8.0,-4.0,-46.0
1776884910.2771027,-7.0,-7.0,-47.0
1776884910.2871027,-8.0,-7.0,-43.0
1776884910.2971027,-8.0,0.0,-45.0
1776884910.307103,-10.0,-4.0,-46.0
1776884910.317103,-6.0,-3.0,-49.0
1776884910.327103,-4.0,-3.0,-52.0
1776884910.337103,-5.0,-2.0,-54.0
1776884910.3471026,-4.0,-4.0,-51.0
1776884910.3571026,-4.0,-3.0,-44.0
1776884910.3671026,-4.0,-4.0,-45.0
1776884910.3771029,-2.0,-2.0,-51.0
1776884910.3871028,-2.0,0.0,-49.0
1776884910.3971028,-5.0,3.0,-55.0
1776884910.4071028,-2.0,0.0,-55.0
1776884910.4171028,-4.0,1.0,-53.0
1776884910.4271028,-2.0,0.0,-47.0
1776884910.4371028,-1.0,-1.0,-46.0
1776884910.4471028,0.0,-1.0,-48.0
1776884910.4571028,1.0,0.0,-43.0
1776884910.4671028,1.0,-1.0,-44.0
1776884910.4771028,4.0,-4.0,-46.0
1776884910.4871027,2.0,-3.0,-48.0
1776884910.4971027,-3.0,-2.0,-53.0
1776884910.5071027,-1.0,-1.0,-53.0
1776884910.5171027,-2.0,-1.0,-49.0
1776884910.5271027,1.0,-1.0,-49.0
1776884910.5371027,2.0,-3.0,-52.0
1776884910.5471027,5.0,-2.0,-50.0
1776884910.557103,1.0,-2.0,-55.0
1776884910.567103,-2.0,-3.0,-56.0
1776884910.577103,-1.0,0.0,-52.0
1776884910.587103,0.0,-3.0,-46.0
1776884910.5971026,0.0,-2.0,-42.0
1776884910.6071026,1.0,0.0,-46.0
1776884910.6171026,0.0,0.0,-42.0
1776884910.6271029,0.0,-3.0,-48.0
1776884910.6371028,-2.0,-3.0,-45.0
1776884910.6471028,-1.0,-1.0,-46.0
1776884910.6571028,-3.0,0.0,-43.0
1776884910.6671028,-5.0,-1.0,-45.0
1776884910.6771028,-5.0,0.0,-44.0
1776884910.6871028,-5.0,-1.0,-49.0
1776884910.6971028,-4.0,0.0,-51.0
1776884910.7071028,-3.0,0.0,-43.0
1776884910.7171028,-4.0,0.0,-44.0
1776884910.7271028,-4.0,-4.0,-45.0
1776884910.7371027,3.0,-1.0,-38.0
1776884910.7471027,8.0,0.0,-42.0
1776884910.7571027,5.0,1.0,-41.0
1776884910.7671027,2.0,-5.0,-48.0
1776884910.7771027,6.0,-6.0,-50.0
1776884910.7871027,6.0,-7.0,-43.0
1776884910.7971027,1.0,-7.0,-35.0
1776884910.807103,3.0,-6.0,-30.0
1776884910.817103,3.0,-4.0,-28.0
1776884910.827103,3.0,-5.0,-34.0
1776884910.837103,0.0,-5.0,-37.0
1776884910.8471026,1.0,-7.0,-38.0
1776884910.8571026,-1.0,-3.0,-40.0
1776884910.8671026,-3.0,-3.0,-44.0
1776884910.8771029,-4.0,-2.0,-45.0
1776884910.8871028,-4.0,-2.0,-42.0
1776884910.8971028,-1.0,-2.0,-45.0
1776884910.9071028,-1.0,-3.0,-44.0
1776884910.9171028,2.0,-2.0,-40.0
1776884910.9271028,-1.0,-3.0,-42.0
1776884910.9371028,-1.0,-6.0,-43.0
1776884910.9471028,-3.0,-7.0,-45.0
1776884910.9571028,0.0,-6.0,-42.0
1776884910.9671028,2.0,-6.0,-39.0
1776884910.9771028,-2.0,-1.0,-41.0
1776884910.9871027,-4.0,-1.0,-41.0
1776884910.9971027,-2.0,-2.0,-34.0
1776884911.0071027,-1.0,-1.0,-34.0
1776884911.0171027,2.0,-4.0,-37.0
1776884911.0271027,3.0,-6.0,-41.0
1776884911.0371027,2.0,-2.0,-45.0
1776884911.0471027,1.0,-3.0,-47.0
1776884911.057103,3.0,-10.0,-48.0
1776884911.067103,1.0,-8.0,-50.0
1776884911.077103,0.0,-3.0,-47.0
1776884911.087103,0.0,-4.0,-44.0
1776884911.0971026,-2.0,0.0,-41.0
1776884911.1071026,-2.0,-2.0,-41.0
1776884911.1171026,-4.0,-2.0,-51.0
1776884911.1271029,-5.0,0.0,-42.0
1776884911.1371028,-5.0,1.0,-39.0
1776884911.1471028,-3.0,3.0,-35.0
1776884911.1571028,1.0,0.0,-34.0
1776884911.1671028,1.0,-3.0,-35.0
1776884911.1771028,-6.0,-1.0,-43.0
1776884911.1871028,-5.0,-2.0,-48.0
1776884911.1971028,-6.0,0.0,-45.0
1776884911.2071028,-3.0,-1.0,-48.0
1776884911.2171028,-6.0,1.0,-51.0
1776884911.2271028,-7.0,2.0,-53.0
1776884911.2371027,-3.0,1.0,-49.0
1776884911.2471027,0.0,-1.0,-52.0
1776884911.2571027,5.0,-3.0,-51.0
1776884911.2671027,3.0,0.0,-52.0
1776884911.2771027,2.0,1.0,-52.0
1776884911.2871027,1.0,-1.0,-49.0
1776884911.2971027,2.0,0.0,-55.0
1776884911.307103,7.0,0.0,-45.0
1776884911.317103,6.0,-3.0,-44.0
1776884911.327103,3.0,-5.0,-45.0
1776884911.337103,6.0,-4.0,-42.0
1776884911.3471026,4.0,-2.0,-36.0
1776884911.3571026,1.0,-6.0,-38.0
1776884911.3671026,4.0,-3.0,-32.0
1776884911.3771029,1.0,0.0,-30.0
1776884911.3871028,1.0,1.0,-37.0
1776884911.3971028,-1.0,1.0,-36.0
1776884911.4071028,2.0,3.0,-31.0
1776884911.4171028,3.0,2.0,-36.0
1776884911.4271028,1.0,2.0,-39.0
1776884911.4371028,1.0,0.0,-41.0
1776884911.4471028,-2.0,-2.0,-39.0
1776884911.4571028,-1.0,-4.0,-43.0
1776884911.4671028,5.0,-1.0,-39.0
1776884911.4771028,5.0,0.0,-37.0
1776884911.4871027,1.0,-2.0,-45.0
1776884911.4971027,4.0,-2.0,-43.0
1776884911.5071027,-1.0,-1.0,-48.0
1776884911.5171027,2.0,-1.0,-43.0
1776884911.5281026,3.0,-1.0,-42.0
1776884911.5371027,-3.0,-3.0,-46.0
1776884911.5481029,-6.0,-2.0,-52.0
1776884911.5581028,-5.0,-2.0,-50.0
1776884911.5681028,-5.0,-1.0,-55.0
1776884911.5781028,-3.0,-1.0,-55.0
1776884911.5881028,-1.0,-6.0,-49.0
1776884911.5981028,-2.0,-2.0,-54.0
1776884911.6081028,-3.0,-4.0,-51.0
1776884911.6181028,0.0,-7.0,-49.0
1776884911.6281028,-1.0,-9.0,-46.0
1776884911.6381028,-4.0,-7.0,-42.0
1776884911.6481028,-4.0,-1.0,-38.0
1776884911.6581028,0.0,0.0,-41.0
1776884911.6681027,5.0,1.0,-37.0
1776884911.6781027,5.0,0.0,-36.0
1776884911.6881027,0.0,0.0,-41.0
1776884911.6981027,0.0,0.0,-42.0
1776884911.7081027,-2.0,-3.0,-47.0
1776884911.7181027,0.0,-3.0,-49.0
1776884911.7281027,1.0,-4.0,-54.0
1776884911.738103,3.0,-8.0,-59.0
1776884911.748103,2.0,-10.0,-53.0
1776884911.758103,1.0,-6.0,-50.0
1776884911.7681026,-3.0,-5.0,-54.0
1776884911.7781026,-4.0,-4.0,-55.0
1776884911.7881026,-4.0,-4.0,-50.0
1776884911.7981029,-2.0,-6.0,-48.0
1776884911.8081028,-2.0,-3.0,-50.0
1776884911.8181028,0.0,-2.0,-53.0
1776884911.8281028,-1.0,-2.0,-54.0
1776884911.8381028,0.0,-2.0,-53.0
1776884911.8481028,1.0,-1.0,-56.0
1776884911.8581028,4.0,-4.0,-55.0
1776884911.8681028,1.0,-2.0,-58.0
1776884911.8781028,-5.0,-2.0,-54.0
1776884911.8881028,-6.0,-6.0,-51.0
1776884911.8981028,-7.0,-3.0,-51.0
1776884911.9081028,-6.0,-6.0,-54.0
1776884911.9181027,-3.0,-9.0,-52.0
1776884911.9281027,-2.0,-12.0,-54.0
1776884911.9381027,-1.0,-10.0,-55.0
1776884911.9481027,-5.0,-10.0,-43.0
1776884911.9581027,-7.0,-6.0,-40.0
1776884911.9681027,-5.0,-5.0,-39.0
1776884911.9781027,-5.0,-5.0,-42.0
1776884911.988103,-2.0,0.0,-48.0
1776884911.998103,2.0,-1.0,-49.0
1776884912.008103,0.0,-3.0,-47.0
1776884912.0181026,0.0,-5.0,-44.0
1776884912.0281026,0.0,-1.0,-50.0
1776884912.0381026,6.0,0.0,-44.0
1776884912.0481029,5.0,-2.0,-46.0
1776884912.0581028,2.0,-3.0,-44.0
1776884912.0681028,0.0,-2.0,-51.0
1776884912.0781028,2.0,-6.0,-46.0
1776884912.0881028,2.0,-6.0,-50.0
1776884912.0981028,2.0,-5.0,-51.0
1776884912.1081028,0.0,-4.0,-50.0
1776884912.1181028,2.0,0.0,-53.0
1776884912.1281028,0.0,0.0,-48.0
1776884912.1381028,-1.0,-1.0,-41.0
1776884912.1481028,-1.0,-2.0,-38.0
1776884912.1581028,-1.0,-3.0,-49.0
1776884912.1681027,-3.0,-1.0,-51.0
1776884912.1781027,0.0,-1.0,-55.0
1776884912.1881027,3.0,-6.0,-52.0
1776884912.1981027,1.0,-7.0,-45.0
1776884912.2081027,0.0,-8.0,-46.0
1776884912.2181027,3.0,-9.0,-44.0
1776884912.2281027,3.0,-8.0,-43.0
1776884912.238103,2.0,-8.0,-42.0
1776884912.248103,6.0,-7.0,-48.0
1776884912.258103,3.0,-7.0,-47.0
1776884912.2681026,3.0,-5.0,-47.0
1776884912.2781026,3.0,-4.0,-50.0
1776884912.2881026,6.0,-1.0,-51.0
1776884912.2981029,6.0,1.0,-52.0
1776884912.3081028,4.0,0.0,-55.0
1776884912.3181028,6.0,1.0,-46.0
1776884912.3281028,4.0,1.0,-40.0
1776884912.3381028,3.0,-1.0,-39.0
1776884912.3481028,3.0,-2.0,-37.0
1776884912.3581028,-2.0,0.0,-32.0
1776884912.3681028,-1.0,4.0,-26.0
1776884912.3781028,-4.0,8.0,-32.0
1776884912.3881028,-1.0,4.0,-30.0
1776884912.3981028,0.0,0.0,-32.0
1776884912.4081028,-1.0,2.0,-39.0
1776884912.4181027,1.0,-1.0,-44.0
1776884912.4281027,3.0,-1.0,-51.0
1776884912.4381027,7.0,-5.0,-58.0
1776884912.4481027,6.0,-5.0,-53.0
1776884912.4581027,7.0,-5.0,-50.0
1776884912.4681027,8.0,-5.0,-51.0
1776884912.4781027,2.0,-8.0,-46.0
1776884912.488103,4.0,-11.0,-39.0
1776884912.498103,5.0,-10.0,-41.0
1776884912.508103,5.0,-9.0,-38.0
1776884912.5181026,2.0,-9.0,-41.0
1776884912.5281026,0.0,-12.0,-44.0
1776884912.5381026,0.0,-11.0,-47.0
1776884912.5481029,1.0,-8.0,-45.0
1776884912.5581028,0.0,-13.0,-39.0
1776884912.5681028,0.0,-15.0,-38.0
1776884912.5781028,-3.0,-16.0,-41.0
1776884912.5881028,-6.0,-11.0,-42.0
1776884912.5981028,0.0,-10.0,-45.0
1776884912.6081028,4.0,-4.0,-40.0
1776884912.6181028,0.0,-1.0,-33.0
1776884912.6281028,2.0,-1.0,-38.0
1776884912.6381028,2.0,0.0,-45.0
1776884912.6481028,1.0,2.0,-46.0
1776884912.6581028,1.0,0.0,-48.0
1776884912.6681027,0.0,-1.0,-41.0
1776884912.6781027,-1.0,0.0,-40.0
1776884912.6881027,4.0,-1.0,-36.0
1776884912.6981027,0.0,-1.0,-37.0
1776884912.7081027,2.0,-2.0,-42.0
1776884912.7181027,5.0,0.0,-38.0
1776884912.7281027,6.0,1.0,-40.0
1776884912.738103,10.0,1.0,-38.0
1776884912.748103,7.0,3.0,-38.0
1776884912.758103,3.0,2.0,-41.0
1776884912.7681026,7.0,2.0,-43.0
1776884912.7781026,3.0,-4.0,-47.0
1776884912.7881026,0.0,-5.0,-45.0
1776884912.7981029,1.0,-6.0,-42.0
1776884912.8081028,5.0,-4.0,-50.0
1776884912.8181028,2.0,-5.0,-48.0
1776884912.8281028,3.0,-4.0,-48.0
1776884912.8381028,0.0,0.0,-51.0
1776884912.8481028,-2.0,-1.0,-51.0
1776884912.8581028,-4.0,0.0,-51.0
1776884912.8681028,-5.0,-1.0,-50.0
1776884912.8781028,-3.0,2.0,-54.0
1776884912.8881028,-7.0,4.0,-55.0
1776884912.8981028,-8.0,4.0,-55.0
1776884912.9081028,-3.0,2.0,-58.0
1776884912.9181027,-5.0,-1.0,-58.0
1776884912.9281027,-4.0,-1.0,-53.0
1776884912.9381027,-3.0,-2.0,-45.0
1776884912.9481027,-2.0,0.0,-46.0
1776884912.9581027,-2.0,-1.0,-43.0
1776884912.9681027,-3.0,0.0,-43.0
1776884912.9781027,1.0,3.0,-44.0
1776884912.988103,0.0,-1.0,-49.0
1776884912.998103,1.0,-1.0,-48.0
1776884913.008103,2.0,0.0,-51.0
1776884913.0181026,5.0,0.0,-51.0
1776884913.0281026,2.0,-1.0,-45.0
1776884913.0381026,1.0,-5.0,-44.0
1776884913.0481029,1.0,-3.0,-42.0
1776884913.0581028,1.0,-3.0,-38.0
1776884913.0681028,2.0,-3.0,-37.0
1776884913.0781028,2.0,-6.0,-41.0
1776884913.0881028,-3.0,-6.0,-38.0
1776884913.0981028,-7.0,-8.0,-39.0
1776884913.1081028,-8.0,-8.0,-34.0
1776884913.1181028,-8.0,-3.0,-32.0
1776884913.1281028,-7.0,-1.0,-35.0
1776884913.1381028,-1.0,-2.0,-34.0
1776884913.1481028,-1.0,-4.0,-42.0
1776884913.1581028,-4.0,-2.0,-50.0
1776884913.1681027,-8.0,0.0,-46.0
1776884913.1781027,-6.0,-3.0,-43.0
1776884913.1881027,-8.0,-4.0,-49.0
1776884913.1981027,-6.0,-3.0,-48.0
1776884913.2081027,-4.0,-5.0,-52.0
1776884913.2181027,-3.0,-4.0,-51.0
1776884913.2281027,-2.0,-1.0,-52.0
1776884913.238103,-3.0,0.0,-53.0
1776884913.248103,-6.0,-4.0,-54.0
1776884913.258103,-4.0,-4.0,-57.0
1776884913.2681026,1.0,-2.0,-59.0
1776884913.2781026,0.0,0.0,-56.0
1776884913.2881026,0.0,0.0,-48.0
1776884913.2981029,2.0,2.0,-46.0
1776884913.3081028,1.0,3.0,-50.0
1776884913.3181028,-1.0,0.0,-53.0
1776884913.3281028,-2.0,-4.0,-58.0
1776884913.3381028,1.0,-5.0,-48.0
1776884913.3481028,0.0,-3.0,-51.0
1776884913.3581028,-2.0,-5.0,-50.0
1776884913.3681028,1.0,-8.0,-49.0
1776884913.3781028,0.0,-7.0,-51.0
1776884913.3881028,5.0,-7.0,-47.0
1776884913.3981028,9.0,-7.0,-44.0
1776884913.4081028,5.0,-3.0,-42.0
1776884913.4181027,3.0,-1.0,-46.0
1776884913.4281027,3.0,-4.0,-46.0
1776884913.4381027,4.0,-6.0,-50.0
1776884913.4481027,0.0,-7.0,-54.0
1776884913.4581027,-2.0,-4.0,-54.0
1776884913.4681027,0.0,-3.0,-50.0
1776884913.4781027,-6.0,-3.0,-49.0
1776884913.488103,-4.0,1.0,-47.0
1776884913.498103,0.0,2.0,-46.0
1776884913.508103,-4.0,2.0,-39.0
1776884913.5191028,-10.0,1.0,-42.0
1776884913.5281026,-6.0,0.0,-46.0
1776884913.5391028,1.0,-1.0,-48.0
1776884913.5491028,5.0,-6.0,-44.0
1776884913.5591028,3.0,-5.0,-42.0
1776884913.5691028,2.0,-5.0,-37.0
1776884913.5791028,2.0,-4.0,-39.0
1776884913.5891027,-1.0,0.0,-38.0
1776884913.5991027,-1.0,-1.0,-34.0
1776884913.6091027,0.0,0.0,-36.0
1776884913.6191027,-1.0,2.0,-38.0
1776884913.6291027,0.0,0.0,-39.0
1776884913.6391027,6.0,-3.0,-27.0
1776884913.6491027,9.0,-4.0,-32.0
1776884913.659103,9.0,-4.0,-34.0
1776884913.669103,8.0,-2.0,-43.0
1776884913.679103,4.0,1.0,-49.0
1776884913.6891026,3.0,-1.0,-46.0
1776884913.6991026,0.0,-4.0,-51.0
1776884913.7091026,-4.0,-4.0,-55.0
1776884913.7191026,-10.0,-3.0,-52.0
1776884913.7291028,-11.0,0.0,-50.0
1776884913.7391028,-8.0,-2.0,-49.0
1776884913.7491028,-8.0,0.0,-48.0
1776884913.7591028,-7.0,4.0,-45.0
1776884913.7691028,-5.0,4.0,-45.0
1776884913.7791028,-6.0,2.0,-48.0
1776884913.7891028,-8.0,1.0,-46.0
1776884913.7991028,-3.0,0.0,-44.0
1776884913.8091028,-2.0,-1.0,-46.0
1776884913.8191028,-5.0,-4.0,-42.0
1776884913.8291028,-3.0,-7.0,-49.0
1776884913.8391027,-6.0,-9.0,-53.0
1776884913.8491027,-5.0,-3.0,-54.0
1776884913.8591027,-3.0,-1.0,-51.0
1776884913.8691027,0.0,1.0,-49.0
1776884913.8791027,2.0,-1.0,-48.0
1776884913.8891027,-1.0,-2.0,-46.0
1776884913.8991027,-4.0,0.0,-46.0
1776884913.909103,-4.0,-1.0,-43.0
1776884913.919103,-1.0,-2.0,-47.0
1776884913.929103,0.0,-3.0,-45.0
1776884913.9391026,-8.0,-1.0,-41.0
1776884913.9491026,-9.0,0.0,-47.0
1776884913.9591026,-8.0,0.0,-45.0
1776884913.9691026,-5.0,-2.0,-44.0
1776884913.9791028,-4.0,-2.0,-43.0
1776884913.9891028,-4.0,0.0,-36.0
1776884913.9991028,-7.0,-2.0,-38.0
1776884914.0091028,-3.0,-5.0,-40.0
1776884914.0191028,-3.0,-10.0,-40.0
1776884914.0291028,-4.0,-11.0,-47.0
1776884914.0391028,-3.0,-9.0,-48.0
1776884914.0491028,-4.0,-8.0,-49.0
1776884914.0591028,-2.0,-6.0,-41.0
1776884914.0691028,-6.0,-2.0,-43.0
1776884914.0791028,-7.0,-1.0,-41.0
1776884914.0891027,-4.0,-1.0,-45.0
1776884914.0991027,0.0,-2.0,-52.0
1776884914.1091027,2.0,-2.0,-51.0
1776884914.1191027,2.0,-2.0,-51.0
1776884914.1291027,6.0,-1.0,-54.0
1776884914.1391027,8.0,0.0,-48.0
1776884914.1491027,6.0,0.0,-50.0
1776884914.159103,6.0,2.0,-50.0
1776884914.169103,4.0,4.0,-52.0
1776884914.179103,7.0,1.0,-49.0
1776884914.1891026,11.0,3.0,-48.0
1776884914.1991026,5.0,0.0,-48.0
1776884914.2091026,3.0,-6.0,-42.0
1776884914.2191026,0.0,-6.0,-42.0
1776884914.2291028,0.0,-5.0,-46.0
1776884914.2391028,4.0,-3.0,-40.0
1776884914.2491028,3.0,-1.0,-42.0
1776884914.2591028,4.0,2.0,-45.0
1776884914.2691028,8.0,1.0,-45.0
1776884914.2791028,3.0,2.0,-45.0
1776884914.2891028,4.0,0.0,-51.0
1776884914.2991028,5.0,2.0,-55.0
1776884914.3091028,4.0,-2.0,-46.0
1776884914.3191028,1.0,-3.0,-47.0
1776884914.3291028,0.0,-1.0,-46.0
1776884914.3391027,0.0,0.0,-49.0
1776884914.3491027,6.0,0.0,-50.0
1776884914.3591027,5.0,1.0,-54.0
1776884914.3691027,0.0,0.0,-52.0
1776884914.3791027,-1.0,0.0,-52.0
1776884914.3891027,-1.0,4.0,-56.0
1776884914.3991027,0.0,4.0,-55.0
1776884914.409103,3.0,1.0,-48.0
1776884914.419103,1.0,0.0,-48.0
1776884914.429103,0.0,0.0,-41.0
1776884914.4391026,0.0,0.0,-36.0
1776884914.4491026,1.0,0.0,-39.0
1776884914.4591026,-1.0,-6.0,-42.0
1776884914.4691026,-5.0,-6.0,-47.0
1776884914.4791028,-4.0,-6.0,-47.0
1776884914.4891028,-5.0,-1.0,-44.0
1776884914.4991028,-5.0,-1.0,-43.0
1776884914.5091028,-1.0,-3.0,-50.0
1776884914.5191028,1.0,-5.0,-43.0
1776884914.5291028,3.0,-4.0,-38.0
1776884914.5391028,1.0,-5.0,-40.0
1776884914.5491028,-5.0,-6.0,-39.0
1776884914.5591028,-1.0,-4.0,-41.0
1776884914.5691028,-1.0,-3.0,-35.0
1776884914.5791028,-2.0,-2.0,-31.0
1776884914.5891027,-1.0,-4.0,-36.0
1776884914.5991027,-1.0,-3.0,-35.0
1776884914.6091027,-3.0,-4.0,-33.0
1776884914.6191027,-3.0,-5.0,-35.0
1776884914.6291027,-1.0,-6.0,-37.0
1776884914.6391027,0.0,0.0,-39.0
1776884914.6491027,-3.0,1.0,-43.0
1776884914.659103,0.0,0.0,-48.0
1776884914.669103,7.0,-2.0,-51.0
1776884914.679103,0.0,-4.0,-52.0
1776884914.6891026,0.0,-6.0,-52.0
1776884914.6991026,1.0,-5.0,-55.0
1776884914.7091026,0.0,-6.0,-56.0
1776884914.7191026,-2.0,-5.0,-51.0
1776884914.7291028,-2.0,-4.0,-48.0
1776884914.7391028,-4.0,0.0,-51.0
1776884914.7491028,-3.0,0.0,-59.0
1776884914.7591028,-2.0,1.0,-59.0
1776884914.7691028,-2.0,2.0,-53.0
1776884914.7791028,0.0,-1.0,-46.0
1776884914.7891028,0.0,-3.0,-40.0
1776884914.7991028,-1.0,-3.0,-35.0
1776884914.8091028,-1.0,-1.0,-34.0
1776884914.8191028,-2.0,-2.0,-38.0
1776884914.8291028,4.0,0.0,-37.0
1776884914.8391027,6.0,0.0,-32.0
1776884914.8491027,8.0,3.0,-39.0
1776884914.8591027,8.0,3.0,-42.0
1776884914.8691027,5.0,-1.0,-54.0
1776884914.8791027,1.0,0.0,-50.0
1776884914.8891027,6.0,0.0,-50.0
1776884914.8991027,12.0,0.0,-50.0
1776884914.909103,8.0,-2.0,-51.0
1776884914.919103,2.0,0.0,-52.0
1776884914.929103,0.0,0.0,-57.0
1776884914.9391026,-1.0,0.0,-60.0
1776884914.9491026,0.0,-1.0,-56.0
1776884914.9591026,2.0,-4.0,-49.0
1776884914.9691026,0.0,0.0,-44.0
1776884914.9791028,-2.0,-3.0,-50.0
1776884914.9891028,-4.0,-5.0,-56.0
1776884914.9991028,-1.0,-4.0,-55.0
1776884915.0091028,4.0,-2.0,-51.0
1776884915.0191028,0.0,-6.0,-50.0
1776884915.0291028,-3.0,-3.0,-42.0
1776884915.0391028,2.0,-3.0,-39.0
1776884915.0491028,3.0,-1.0,-38.0
1776884915.0591028,1.0,-4.0,-37.0
1776884915.0691028,0.0,1.0,-33.0
1776884915.0791028,3.0,-1.0,-36.0
1776884915.0891027,3.0,-1.0,-45.0
1776884915.0991027,6.0,0.0,-48.0
1776884915.1091027,1.0,-3.0,-54.0
1776884915.1191027,0.0,-2.0,-45.0
1776884915.1291027,2.0,-4.0,-47.0
1776884915.1391027,1.0,-7.0,-49.0
1776884915.1491027,1.0,-5.0,-43.0
1776884915.159103,-1.0,-1.0,-48.0
1776884915.169103,-5.0,-1.0,-43.0
1776884915.179103,-6.0,0.0,-44.0
1776884915.1891026,-2.0,1.0,-44.0
1776884915.1991026,-2.0,5.0,-43.0
1776884915.2091026,-1.0,3.0,-42.0
1776884915.2191026,0.0,5.0,-37.0
1776884915.2291028,-1.0,4.0,-38.0
1776884915.2391028,0.0,2.0,-39.0
1776884915.2491028,-1.0,1.0,-42.0
1776884915.2591028,-1.0,-1.0,-42.0
1776884915.2691028,2.0,-1.0,-38.0
1776884915.2791028,2.0,-2.0,-44.0
1776884915.2891028,-3.0,-3.0,-49.0
1776884915.2991028,-4.0,-3.0,-52.0
1776884915.3091028,-4.0,-6.0,-49.0
1776884915.3191028,-3.0,-4.0,-46.0
1776884915.3291028,-1.0,-5.0,-43.0
1776884915.3391027,-5.0,-7.0,-38.0
1776884915.3491027,-4.0,-5.0,-34.0
1776884915.3591027,-3.0,-5.0,-26.0
1776884915.3691027,0.0,-6.0,-28.0
1776884915.3791027,0.0,-11.0,-34.0
1776884915.3891027,1.0,-15.0,-38.0
1776884915.3991027,3.0,-12.0,-40.0
1776884915.409103,0.0,-11.0,-43.0
1776884915.419103,-1.0,-12.0,-49.0
1776884915.429103,1.0,-10.0,-49.0
1776884915.4391026,0.0,-8.0,-48.0
1776884915.4491026,0.0,-3.0,-55.0
1776884915.4591026,-1.0,-2.0,-52.0
1776884915.4691026,3.0,-3.0,-54.0
1776884915.4791028,1.0,-4.0,-54.0
1776884915.4891028,-1.0,-2.0,-52.0
1776884915.4991028,0.0,-3.0,-47.0
1776884915.5091028,-1.0,0.0,-48.0
1776884915.5201027,2.0,-3.0,-49.0
1776884915.5301027,0.0,-3.0,-48.0
1776884915.5401027,1.0,-3.0,-51.0
1776884915.5501027,5.0,-5.0,-51.0
1776884915.5601027,0.0,-1.0,-48.0
1776884915.5701027,1.0,-1.0,-53.0
1776884915.5801027,6.0,-4.0,-54.0
1776884915.590103,7.0,-6.0,-54.0
1776884915.600103,7.0,-6.0,-54.0
1776884915.610103,5.0,-7.0,-54.0
1776884915.6201026,-1.0,-6.0,-54.0
1776884915.6301026,-9.0,-5.0,-47.0
1776884915.6401026,-5.0,-2.0,-48.0
1776884915.6501029,-7.0,-2.0,-53.0
1776884915.6601028,-8.0,-8.0,-50.0
1776884915.6701028,-10.0,-13.0,-60.0
1776884915.6801028,-8.0,-11.0,-57.0
1776884915.6901028,-5.0,-6.0,-55.0
1776884915.7001028,-7.0,-4.0,-54.0
1776884915.7101028,-4.0,-3.0,-51.0
1776884915.7201028,-2.0,-3.0,-49.0
1776884915.7301028,0.0,-3.0,-46.0
1776884915.7401028,-3.0,0.0,-41.0
1776884915.7501028,-5.0,3.0,-48.0
1776884915.7601027,-7.0,4.0,-45.0
1776884915.7701027,0.0,0.0,-43.0
1776884915.7801027,1.0,0.0,-41.0
1776884915.7901027,0.0,-1.0,-42.0
1776884915.8001027,-2.0,-3.0,-43.0
1776884915.8101027,2.0,-6.0,-39.0
1776884915.8201027,6.0,-4.0,-44.0
1776884915.8301027,8.0,-5.0,-42.0
1776884915.840103,8.0,-6.0,-37.0
1776884915.850103,9.0,-3.0,-33.0
1776884915.860103,10.0,-5.0,-35.0
1776884915.8701026,9.0,-4.0,-36.0
1776884915.8801026,7.0,-6.0,-44.0
1776884915.8901026,6.0,-3.0,-43.0
1776884915.9001029,6.0,0.0,-44.0
1776884915.9101028,2.0,1.0,-43.0
1776884915.9201028,2.0,1.0,-43.0
1776884915.9301028,3.0,1.0,-48.0
1776884915.9401028,4.0,0.0,-50.0
1776884915.9501028,1.0,-3.0,-45.0
1776884915.9601028,5.0,-4.0,-44.0
1776884915.9701028,3.0,-5.0,-49.0
1776884915.9801028,-2.0,-6.0,-49.0
1776884915.9901028,-4.0,-8.0,-49.0
1776884916.0001028,-1.0,-8.0,-49.0
1776884916.0101027,1.0,0.0,-47.0
1776884916.0201027,0.0,2.0,-43.0
1776884916.0301027,-3.0,5.0,-39.0
1776884916.0401027,0.0,3.0,-37.0
1776884916.0501027,3.0,4.0,-40.0
1776884916.0601027,-1.0,4.0,-36.0
1776884916.0701027,-1.0,5.0,-38.0
1776884916.0801027,-2.0,4.0,-44.0
1776884916.090103,-4.0,1.0,-44.0
1776884916.100103,-3.0,0.0,-38.0
1776884916.110103,0.0,0.0,-41.0
1776884916.1201026,0.0,0.0,-44.0
1776884916.1301026,3.0,0.0,-40.0
1776884916.1401026,-1.0,3.0,-45.0
1776884916.1501029,0.0,-1.0,-42.0
1776884916.1601028,0.0,-2.0,-49.0
1776884916.1701028,0.0,1.0,-45.0
1776884916.1801028,1.0,1.0,-47.0
1776884916.1901028,1.0,0.0,-42.0
1776884916.2001028,-3.0,-2.0,-41.0
1776884916.2101028,-3.0,-2.0,-42.0
1776884916.2201028,1.0,1.0,-50.0
1776884916.2301028,6.0,0.0,-47.0
1776884916.2401028,4.0,1.0,-46.0
1776884916.2501028,4.0,4.0,-49.0
1776884916.2601027,2.0,5.0,-51.0
1776884916.2701027,3.0,3.0,-46.0
1776884916.2801027,-1.0,8.0,-53.0
1776884916.2901027,-3.0,8.0,-58.0
1776884916.3001027,-2.0,5.0,-59.0
1776884916.3101027,-2.0,2.0,-56.0
1776884916.3201027,1.0,2.0,-62.0
1776884916.3301027,3.0,3.0,-57.0
1776884916.340103,3.0,7.0,-49.0
1776884916.350103,0.0,0.0,-48.0
1776884916.360103,3.0,2.0,-44.0
1776884916.3701026,1.0,2.0,-40.0
1776884916.3801026,0.0,0.0,-36.0
1776884916.3901026,-2.0,-2.0,-39.0
1776884916.4001029,-3.0,-1.0,-39.0
1776884916.4101028,3.0,-1.0,-37.0
1776884916.4201028,3.0,-2.0,-41.0
1776884916.4301028,4.0,-6.0,-46.0
1776884916.4401028,7.0,-4.0,-46.0
1776884916.4501028,6.0,-3.0,-47.0
1776884916.4601028,8.0,-4.0,-55.0
1776884916.4701028,4.0,-4.0,-54.0
1776884916.4801028,1.0,-5.0,-45.0
1776884916.4901028,-2.0,0.0,-42.0
1776884916.5001028,-1.0,-3.0,-42.0
1776884916.5101027,1.0,0.0,-43.0
1776884916.5201027,0.0,3.0,-41.0
1776884916.5301027,4.0,1.0,-41.0
1776884916.5401027,2.0,1.0,-38.0
1776884916.5501027,2.0,-1.0,-40.0
1776884916.5601027,0.0,-6.0,-43.0
1776884916.5701027,0.0,-7.0,-42.0
1776884916.5801027,5.0,-3.0,-43.0
1776884916.590103,7.0,0.0,-45.0
1776884916.600103,7.0,-1.0,-47.0
1776884916.610103,2.0,-4.0,-47.0
1776884916.6201026,2.0,-4.0,-46.0
1776884916.6301026,2.0,-6.0,-50.0
1776884916.6401026,4.0,-7.0,-48.0
1776884916.6501029,7.0,-5.0,-48.0
1776884916.6601028,13.0,-4.0,-45.0
1776884916.6701028,12.0,-3.0,-44.0
1776884916.6801028,11.0,-2.0,-48.0
1776884916.6901028,7.0,-1.0,-43.0
1776884916.7001028,8.0,-3.0,-44.0
1776884916.7101028,6.0,0.0,-50.0
1776884916.7201028,6.0,-3.0,-47.0
1776884916.7301028,3.0,-5.0,-39.0
1776884916.7401028,-2.0,-1.0,-36.0
1776884916.7501028,-6.0,1.0,-33.0
1776884916.7601027,-5.0,2.0,-32.0
1776884916.7701027,0.0,-2.0,-34.0
1776884916.7801027,1.0,-3.0,-39.0
1776884916.7901027,-4.0,-7.0,-45.0
1776884916.8001027,-3.0,-3.0,-46.0
1776884916.8101027,-2.0,-1.0,-46.0
1776884916.8201027,0.0,-2.0,-44.0
1776884916.8301027,4.0,-2.0,-46.0
1776884916.840103,6.0,0.0,-45.0
1776884916.850103,8.0,0.0,-44.0
1776884916.860103,4.0,-1.0,-46.0
1776884916.8701026,2.0,-1.0,-45.0
1776884916.8801026,0.0,0.0,-44.0
1776884916.8901026,-3.0,0.0,-46.0
1776884916.9001029,-1.0,-2.0,-47.0
1776884916.9101028,-3.0,-3.0,-47.0
1776884916.9201028,0.0,-1.0,-50.0
1776884916.9301028,0.0,-1.0,-45.0
1776884916.9401028,2.0,0.0,-42.0
1776884916.9501028,5.0,1.0,-37.0
1776884916.9601028,5.0,2.0,-31.0
1776884916.9701028,1.0,5.0,-32.0
1776884916.9801028,4.0,2.0,-38.0
1776884916.9901028,8.0,-1.0,-39.0
1776884917.0001028,11.0,-2.0,-39.0
1776884917.0101027,6.0,0.0,-42.0
1776884917.0201027,10.0,3.0,-41.0
1776884917.0301027,11.0,1.0,-38.0
1776884917.0401027,7.0,0.0,-39.0
1776884917.0501027,0.0,0.0,-39.0
1776884917.0601027,0.0,0.0,-42.0
1776884917.0701027,-1.0,0.0,-41.0
1776884917.0801027,0.0,1.0,-37.0
1776884917.090103,1.0,0.0,-37.0
1776884917.100103,-2.0,3.0,-36.0
1776884917.110103,-5.0,3.0,-33.0
1776884917.1201026,-1.0,0.0,-38.0
1776884917.1301026,4.0,0.0,-41.0
1776884917.1401026,-1.0,2.0,-42.0
1776884917.1501029,-5.0,0.0,-40.0
1776884917.1601028,-5.0,-2.0,-43.0
1776884917.1701028,-3.0,-2.0,-46.0
1776884917.1801028,-1.0,-4.0,-48.0
1776884917.1901028,0.0,-2.0,-47.0
1776884917.2001028,2.0,0.0,-47.0
1776884917.2101028,1.0,-2.0,-50.0
1776884917.2201028,-2.0,-1.0,-50.0
1776884917.2301028,-3.0,0.0,-48.0
1776884917.2401028,-4.0,1.0,-46.0
1776884917.2501028,0.0,-4.0,-41.0
1776884917.2601027,6.0,-3.0,-31.0
1776884917.2701027,4.0,-1.0,-34.0
1776884917.2801027,4.0,-2.0,-33.0
1776884917.2901027,4.0,-3.0,-41.0
1776884917.3001027,6.0,-2.0,-47.0
1776884917.3101027,3.0,-2.0,-51.0
1776884917.3201027,2.0,-2.0,-48.0
1776884917.3301027,5.0,-2.0,-44.0
1776884917.340103,4.0,-4.0,-43.0
1776884917.350103,3.0,-5.0,-42.0
1776884917.360103,3.0,-9.0,-39.0
1776884917.3701026,0.0,-5.0,-41.0
1776884917.3801026,6.0,-3.0,-48.0
1776884917.3901026,4.0,-3.0,-47.0
1776884917.4001029,7.0,-1.0,-48.0
1776884917.4101028,4.0,-1.0,-43.0
1776884917.4201028,7.0,-5.0,-38.0
1776884917.4301028,8.0,-6.0,-39.0
1776884917.4401028,5.0,-6.0,-44.0
1776884917.4501028,2.0,-4.0,-56.0
1776884917.4601028,-1.0,-6.0,-56.0
1776884917.4711027,-1.0,-4.0,-56.0
1776884917.4811027,1.0,-4.0,-53.0
1776884917.4901028,-1.0,-3.0,-51.0
1776884917.5011027,-1.0,-3.0,-53.0
1776884917.511103,-3.0,-5.0,-45.0
1776884917.521103,-2.0,-6.0,-44.0
1776884917.531103,-4.0,-3.0,-49.0
1776884917.5411026,-5.0,-3.0,-51.0
1776884917.5511026,-2.0,-1.0,-46.0
1776884917.5611026,-2.0,-3.0,-44.0
1776884917.5711029,1.0,-2.0,-49.0
1776884917.5811028,0.0,-4.0,-49.0
1776884917.5911028,0.0,-4.0,-49.0
1776884917.6011028,-1.0,-2.0,-54.0
1776884917.6111028,-3.0,-3.0,-55.0
1776884917.6211028,-5.0,-4.0,-58.0
1776884917.6311028,0.0,-3.0,-60.0
1776884917.6411028,0.0,-3.0,-62.0
1776884917.6511028,-1.0,-4.0,-63.0
1776884917.6611028,-3.0,-3.0,-61.0
1776884917.6711028,-3.0,1.0,-52.0
1776884917.6811028,-5.0,4.0,-48.0
1776884917.6911027,-3.0,2.0,-46.0
1776884917.7011027,-2.0,1.0,-43.0
1776884917.7111027,-3.0,-1.0,-40.0
1776884917.7211027,-1.0,0.0,-43.0
1776884917.7311027,0.0,-1.0,-39.0
1776884917.7411027,0.0,-2.0,-40.0
1776884917.7511027,3.0,-2.0,-41.0
1776884917.761103,1.0,0.0,-43.0
1776884917.771103,2.0,-1.0,-49.0
1776884917.781103,5.0,-2.0,-54.0
1776884917.7911026,4.0,-4.0,-54.0
1776884917.8011026,4.0,-5.0,-50.0
1776884917.8111026,5.0,-2.0,-48.0
1776884917.8211029,0.0,-1.0,-51.0
1776884917.8311028,-1.0,0.0,-52.0
1776884917.8411028,-7.0,-2.0,-52.0
1776884917.8511028,-8.0,-4.0,-55.0
1776884917.8611028,-9.0,-3.0,-58.0
1776884917.8711028,-12.0,-3.0,-54.0
1776884917.8811028,-9.0,-5.0,-50.0
1776884917.8911028,-6.0,-7.0,-48.0
1776884917.9011028,-2.0,-8.0,-43.0
1776884917.9111028,-9.0,-5.0,-48.0
1776884917.9211028,-7.0,-1.0,-49.0
1776884917.9311028,-7.0,0.0,-50.0
1776884917.9411027,-12.0,3.0,-50.0
1776884917.9511027,-6.0,4.0,-47.0
1776884917.9611027,-4.0,6.0,-50.0
1776884917.9711027,-1.0,7.0,-42.0
1776884917.9811027,-2.0,3.0,-43.0
1776884917.9911027,-4.0,1.0,-46.0
1776884918.0011027,-4.0,-1.0,-45.0
1776884918.011103,-1.0,-4.0,-45.0
1776884918.021103,0.0,-2.0,-41.0
1776884918.031103,3.0,0.0,-44.0
1776884918.0411026,-1.0,0.0,-41.0
1776884918.0511026,0.0,2.0,-43.0
1776884918.0611026,6.0,2.0,-44.0
1776884918.0711029,1.0,0.0,-49.0
1776884918.0811028,-2.0,-3.0,-48.0
1776884918.0911028,-1.0,-6.0,-48.0
1776884918.1011028,0.0,-3.0,-46.0
1776884918.1111028,4.0,-2.0,-41.0
1776884918.1211028,6.0,-2.0,-45.0
1776884918.1311028,0.0,-3.0,-50.0
1776884918.1411028,-2.0,-2.0,-47.0
1776884918.1511028,0.0,0.0,-54.0
1776884918.1611028,-4.0,0.0,-53.0
1776884918.1711028,-2.0,-1.0,-56.0
1776884918.1811028,0.0,1.0,-56.0
1776884918.1911027,1.0,4.0,-58.0
1776884918.2011027,0.0,2.0,-58.0
1776884918.2111027,-4.0,1.0,-56.0
1776884918.2211027,0.0,0.0,-48.0
1776884918.2311027,1.0,-3.0,-37.0
1776884918.2411027,3.0,-6.0,-40.0
1776884918.2511027,3.0,-4.0,-38.0
1776884918.261103,4.0,-5.0,-40.0
1776884918.271103,4.0,-6.0,-44.0
1776884918.281103,0.0,-8.0,-41.0
1776884918.2911026,1.0,-8.0,-37.0
1776884918.3011026,3.0,-8.0,-35.0
1776884918.3111026,3.0,-2.0,-42.0
1776884918.3211029,0.0,2.0,-47.0
1776884918.3311028,1.0,0.0,-52.0
1776884918.3411028,-1.0,3.0,-59.0
1776884918.3511028,1.0,3.0,-59.0
1776884918.3611028,0.0,4.0,-59.0
1776884918.3711028,2.0,2.0,-53.0
1776884918.3811028,4.0,-1.0,-54.0
1776884918.3911028,2.0,-4.0,-50.0
1776884918.4011028,-1.0,-5.0,-57.0
1776884918.4111028,0.0,-4.0,-59.0
1776884918.4211028,-1.0,-2.0,-57.0
1776884918.4311028,-1.0,-1.0,-50.0
1776884918.4411027,0.0,1.0,-47.0
1776884918.4511027,-1.0,0.0,-42.0
1776884918.4611027,-4.0,0.0,-48.0
1776884918.4711027,-2.0,1.0,-46.0
1776884918.4811027,1.0,6.0,-49.0
1776884918.4911027,1.0,7.0,-46.0
1776884918.5011027,1.0,4.0,-46.0
1776884918.511103,-3.0,0.0,-51.0
1776884918.521103,0.0,-4.0,-48.0
1776884918.531103,3.0,-4.0,-59.0
1776884918.5411026,3.0,-5.0,-64.0
1776884918.5511026,2.0,-7.0,-61.0
1776884918.5611026,1.0,-5.0,-53.0
1776884918.5711029,2.0,0.0,-50.0
1776884918.5811028,3.0,0.0,-52.0
1776884918.5911028,1.0,0.0,-52.0
1776884918.6011028,1.0,1.0,-53.0
1776884918.6111028,0.0,4.0,-45.0
1776884918.6211028,0.0,-1.0,-48.0
1776884918.6311028,3.0,0.0,-37.0
1776884918.6411028,2.0,0.0,-43.0
1776884918.6511028,1.0,0.0,-40.0
1776884918.6611028,0.0,-5.0,-43.0
1776884918.6711028,0.0,-7.0,-46.0
1776884918.6811028,1.0,-10.0,-49.0
1776884918.6911027,0.0,-6.0,-48.0
1776884918.7011027,4.0,-7.0,-55.0
1776884918.7111027,3.0,-8.0,-58.0
1776884918.7211027,3.0,-6.0,-58.0
1776884918.7311027,0.0,-4.0,-46.0
1776884918.7411027,0.0,-5.0,-48.0
1776884918.7511027,2.0,-1.0,-47.0
1776884918.761103,0.0,-6.0,-42.0
1776884918.771103,-3.0,-5.0,-47.0
1776884918.781103,-2.0,-3.0,-49.0
1776884918.7911026,-1.0,-6.0,-46.0
1776884918.8011026,1.0,-5.0,-53.0
1776884918.8111026,3.0,-7.0,-63.0
1776884918.8211029,3.0,-6.0,-67.0
1776884918.8311028,1.0,-5.0,-58.0
1776884918.8411028,3.0,-7.0,-53.0
1776884918.8511028,2.0,-5.0,-43.0
1776884918.8611028,1.0,-5.0,-38.0
1776884918.8711028,0.0,-6.0,-43.0
1776884918.8811028,1.0,-5.0,-43.0
1776884918.8911028,0.0,-6.0,-48.0
1776884918.9011028,2.0,-8.0,-49.0
1776884918.9111028,-2.0,-8.0,-43.0
1776884918.9211028,-3.0,-8.0,-38.0
1776884918.9311028,-2.0,-7.0,-35.0
1776884918.9411027,-5.0,-8.0,-37.0
1776884918.9511027,-3.0,-7.0,-40.0
1776884918.9611027,-7.0,-11.0,-38.0
1776884918.9711027,-3.0,-8.0,-41.0
1776884918.9811027,-4.0,-5.0,-42.0
1776884918.9911027,-2.0,-4.0,-45.0
1776884919.0011027,0.0,-10.0,-50.0
1776884919.011103,0.0,-9.0,-50.0
1776884919.021103,-2.0,-3.0,-49.0
1776884919.031103,-5.0,-2.0,-38.0
1776884919.0411026,-9.0,-4.0,-42.0
1776884919.0511026,-6.0,-5.0,-39.0
1776884919.0611026,0.0,-3.0,-43.0
1776884919.0711029,1.0,0.0,-51.0
1776884919.0811028,3.0,0.0,-46.0
1776884919.0911028,3.0,-3.0,-40.0
1776884919.1011028,5.0,-7.0,-46.0
1776884919.1111028,4.0,-8.0,-46.0
1776884919.1211028,5.0,-9.0,-46.0
1776884919.1311028,0.0,-5.0,-46.0
1776884919.1411028,1.0,-4.0,-42.0
1776884919.1511028,-1.0,-7.0,-47.0
1776884919.1611028,-5.0,-4.0,-46.0
1776884919.1711028,-6.0,0.0,-41.0
1776884919.1811028,-3.0,0.0,-36.0
1776884919.1911027,0.0,1.0,-37.0
1776884919.2011027,1.0,4.0,-36.0
1776884919.2111027,0.0,4.0,-38.0
1776884919.2211027,1.0,3.0,-40.0
1776884919.2311027,5.0,4.0,-42.0
1776884919.2411027,5.0,4.0,-34.0
1776884919.2511027,3.0,6.0,-30.0
1776884919.261103,6.0,3.0,-27.0
1776884919.271103,7.0,0.0,-27.0
1776884919.281103,9.0,0.0,-37.0
1776884919.2911026,11.0,-1.0,-40.0
1776884919.3011026,6.0,-1.0,-43.0
1776884919.3111026,1.0,-2.0,-49.0
1776884919.3211029,4.0,-3.0,-48.0
1776884919.3311028,4.0,-1.0,-45.0
1776884919.3411028,5.0,-3.0,-46.0
1776884919.3511028,5.0,-3.0,-45.0
1776884919.3611028,7.0,-6.0,-45.0
1776884919.3711028,3.0,-5.0,-39.0
1776884919.3811028,5.0,-5.0,-37.0
1776884919.3911028,3.0,-7.0,-42.0
1776884919.4021027,0.0,-9.0,-40.0
1776884919.4111028,-2.0,-4.0,-43.0
1776884919.4211028,-4.0,-3.0,-44.0
1776884919.4311028,-7.0,1.0,-43.0
1776884919.4411027,0.0,4.0,-40.0
1776884919.452103,5.0,3.0,-36.0
1776884919.462103,3.0,-1.0,-42.0
1776884919.4721026,3.0,-2.0,-47.0
1776884919.4821026,8.0,-2.0,-46.0
1776884919.4921026,7.0,-2.0,-41.0
1776884919.5021029,5.0,0.0,-38.0
1776884919.5121028,3.0,0.0,-34.0
1776884919.5221028,6.0,2.0,-42.0
1776884919.5321028,8.0,0.0,-47.0
1776884919.5421028,5.0,1.0,-48.0
1776884919.5521028,3.0,0.0,-50.0
1776884919.5621028,4.0,0.0,-48.0
1776884919.5721028,3.0,0.0,-49.0
1776884919.5821028,1.0,-3.0,-55.0
1776884919.5921028,-1.0,-4.0,-55.0
1776884919.6021028,0.0,-4.0,-49.0
1776884919.6121027,0.0,-3.0,-44.0
1776884919.6221027,-2.0,-2.0,-46.0
1776884919.6321027,-1.0,0.0,-48.0
1776884919.6421027,-3.0,0.0,-50.0
1776884919.6521027,-3.0,0.0,-48.0
1776884919.6621027,-2.0,-2.0,-48.0
1776884919.6721027,-6.0,0.0,-44.0
1776884919.682103,-9.0,0.0,-40.0
1776884919.692103,-6.0,1.0,-41.0
1776884919.702103,-2.0,-4.0,-44.0
1776884919.712103,1.0,-2.0,-48.0
1776884919.7221026,0.0,0.0,-53.0
1776884919.7321026,0.0,0.0,-48.0
1776884919.7421026,-1.0,-1.0,-48.0
1776884919.7521029,-2.0,0.0,-42.0
1776884919.7621028,5.0,0.0,-43.0
1776884919.7721028,8.0,2.0,-46.0
1776884919.7821028,10.0,4.0,-51.0
1776884919.7921028,2.0,4.0,-51.0
1776884919.8021028,0.0,0.0,-43.0
1776884919.8121028,0.0,4.0,-36.0
1776884919.8221028,0.0,5.0,-40.0
1776884919.8321028,4.0,4.0,-43.0
1776884919.8421028,8.0,0.0,-39.0
1776884919.8521028,4.0,0.0,-37.0
1776884919.8621027,6.0,-1.0,-42.0
1776884919.8721027,2.0,-3.0,-48.0
1776884919.8821027,0.0,-3.0,-48.0
1776884919.8921027,-6.0,-3.0,-47.0
1776884919.9021027,-1.0,2.0,-47.0
1776884919.9121027,0.0,-1.0,-49.0
1776884919.9221027,0.0,-4.0,-45.0
1776884919.932103,1.0,-1.0,-46.0
1776884919.942103,-2.0,0.0,-42.0
1776884919.952103,0.0,-3.0,-39.0
1776884919.962103,-1.0,-6.0,-37.0
1776884919.9721026,-2.0,-5.0,-40.0
1776884919.9821026,-3.0,-4.0,-45.0
1776884919.9921026,-5.0,-5.0,-41.0
1776884920.0021029,-8.0,-8.0,-42.0
1776884920.0121028,-3.0,-8.0,-41.0
1776884920.0221028,1.0,-6.0,-45.0
1776884920.0321028,0.0,-4.0,-41.0
1776884920.0421028,-1.0,-8.0,-41.0
1776884920.0521028,-2.0,-10.0,-37.0
1776884920.0621028,-2.0,-9.0,-35.0
1776884920.0721028,-1.0,-3.0,-34.0
1776884920.0821028,-1.0,-3.0,-33.0
1776884920.0921028,0.0,-5.0,-32.0
1776884920.1021028,-4.0,-7.0,-37.0
1776884920.1121027,-4.0,-9.0,-41.0
1776884920.1221027,-4.0,-8.0,-46.0
1776884920.1321027,-2.0,-5.0,-51.0
1776884920.1421027,-2.0,-4.0,-48.0
1776884920.1521027,-1.0,-5.0,-42.0
1776884920.1621027,-1.0,-3.0,-42.0
1776884920.1721027,-1.0,-3.0,-45.0
1776884920.182103,0.0,0.0,-49.0
1776884920.192103,0.0,-1.0,-48.0
1776884920.202103,4.0,-3.0,-49.0
1776884920.212103,3.0,-3.0,-50.0
1776884920.2221026,-1.0,0.0,-48.0
1776884920.2321026,1.0,1.0,-44.0
1776884920.2421026,-1.0,0.0,-41.0
1776884920.2521029,-6.0,-2.0,-44.0
1776884920.2621028,-7.0,-2.0,-45.0
1776884920.2721028,-4.0,-3.0,-43.0
1776884920.2821028,-3.0,-3.0,-41.0
1776884920.2921028,-4.0,-5.0,-45.0
1776884920.3021028,-2.0,-7.0,-45.0
1776884920.3121028,-1.0,-9.0,-41.0
1776884920.3221028,-6.0,-5.0,-46.0
1776884920.3321028,0.0,-6.0,-54.0
1776884920.3421028,0.0,-8.0,-44.0
1776884920.3521028,4.0,-7.0,-43.0
1776884920.3621027,6.0,-7.0,-41.0
1776884920.3721027,6.0,-7.0,-46.0
1776884920.3821027,9.0,-9.0,-43.0
1776884920.3921027,11.0,-6.0,-45.0
1776884920.4021027,5.0,-5.0,-53.0
1776884920.4121027,4.0,-5.0,-55.0
1776884920.4221027,-1.0,-3.0,-53.0
1776884920.432103,0.0,-1.0,-52.0
1776884920.442103,0.0,-2.0,-54.0
1776884920.452103,1.0,-1.0,-55.0
1776884920.462103,5.0,-1.0,-48.0
1776884920.4721026,2.0,-4.0,-45.0
1776884920.4821026,2.0,-3.0,-35.0
1776884920.4921026,4.0,-4.0,-36.0
1776884920.5021029,5.0,-1.0,-33.0
1776884920.5121028,-2.0,-1.0,-32.0
1776884920.5221028,-2.0,0.0,-31.0
1776884920.5321028,-5.0,4.0,-30.0
1776884920.5421028,0.0,1.0,-31.0
1776884920.5521028,0.0,-1.0,-38.0
1776884920.5621028,1.0,0.0,-44.0
1776884920.5721028,1.0,0.0,-47.0
1776884920.5821028,1.0,-2.0,-45.0
1776884920.5921028,4.0,-3.0,-42.0
1776884920.6021028,6.0,-2.0,-40.0
1776884920.6121027,5.0,0.0,-41.0
1776884920.6221027,2.0,-3.0,-48.0
1776884920.6321027,0.0,0.0,-46.0
1776884920.6421027,0.0,0.0,-40.0
1776884920.6521027,2.0,0.0,-43.0
1776884920.6621027,4.0,4.0,-44.0
1776884920.6721027,5.0,-1.0,-46.0
1776884920.682103,4.0,-3.0,-45.0
1776884920.692103,4.0,-4.0,-45.0
1776884920.702103,0.0,-3.0,-47.0
1776884920.712103,0.0,-7.0,-46.0
1776884920.7221026,3.0,-8.0,-49.0
1776884920.7321026,1.0,-3.0,-40.0
1776884920.7421026,-2.0,0.0,-38.0
1776884920.7521029,-5.0,-3.0,-39.0
1776884920.7631028,-5.0,-7.0,-33.0
1776884920.7721028,-2.0,-7.0,-29.0
1776884920.7821028,1.0,-3.0,-33.0
1776884920.7921028,6.0,-4.0,-35.0
1776884920.8021028,3.0,-5.0,-36.0
1776884920.8121028,0.0,-4.0,-32.0
1776884920.8221028,-3.0,0.0,-29.0
1776884920.8321028,4.0,4.0,-30.0
1776884920.8421028,4.0,5.0,-37.0
1776884920.8521028,2.0,1.0,-36.0
1776884920.8621027,0.0,-3.0,-37.0
1776884920.8721027,3.0,-1.0,-36.0
1776884920.8821027,2.0,-4.0,-38.0
1776884920.8921027,7.0,-6.0,-30.0
1776884920.9021027,2.0,-5.0,-35.0
1776884920.9121027,0.0,-5.0,-34.0
1776884920.9221027,-2.0,-5.0,-37.0
1776884920.932103,-5.0,-7.0,-33.0
1776884920.942103,-4.0,-5.0,-34.0
1776884920.952103,-2.0,-5.0,-34.0
1776884920.962103,-1.0,-2.0,-34.0
1776884920.9721026,1.0,-6.0,-34.0
1776884920.9821026,2.0,-4.0,-43.0
1776884920.9921026,3.0,-4.0,-50.0
1776884921.0021029,0.0,-7.0,-48.0
1776884921.0121028,1.0,-7.0,-45.0
1776884921.0221028,0.0,-6.0,-42.0
1776884921.0321028,-2.0,-3.0,-41.0
1776884921.0421028,-2.0,-5.0,-42.0
1776884921.0521028,-1.0,-1.0,-61.0
1776884921.0621028,-4.0,0.0,-52.0
1776884921.0721028,-1.0,3.0,-45.0
1776884921.0821028,-4.0,0.0,-46.0
1776884921.0921028,-3.0,-1.0,-47.0
1776884921.1021028,-2.0,-1.0,-41.0
1776884921.1121027,-1.0,-3.0,-43.0
1776884921.1221027,-1.0,-3.0,-39.0
1776884921.1321027,-1.0,0.0,-41.0
1776884921.1421027,-8.0,2.0,-47.0
1776884921.1521027,-6.0,4.0,-39.0
1776884921.1621027,-8.0,0.0,-35.0
1776884921.1721027,-7.0,-1.0,-41.0
1776884921.182103,-5.0,0.0,-47.0
1776884921.192103,-4.0,-1.0,-48.0
1776884921.202103,-4.0,-2.0,-43.0
1776884921.212103,0.0,-5.0,-36.0
1776884921.2221026,0.0,-5.0,-35.0
1776884921.2321026,-2.0,-3.0,-31.0
1776884921.2421026,1.0,-4.0,-40.0
1776884921.2521029,1.0,-6.0,-43.0
1776884921.2621028,4.0,-7.0,-43.0
1776884921.2721028,5.0,-10.0,-45.0
1776884921.2821028,5.0,-9.0,-40.0
1776884921.2921028,1.0,-7.0,-42.0
1776884921.3021028,2.0,-6.0,-40.0
1776884921.3121028,3.0,-9.0,-39.0
1776884921.3221028,3.0,-11.0,-42.0
1776884921.3321028,1.0,-9.0,-43.0
1776884921.3421028,0.0,-4.0,-36.0
1776884921.3521028,1.0,-4.0,-36.0
1776884921.3621027,0.0,-2.0,-42.0
1776884921.3721027,0.0,0.0,-45.0
1776884921.3821027,0.0,0.0,-49.0
1776884921.3921027,-1.0,1.0,-52.0
1776884921.4021027,3.0,0.0,-49.0
1776884921.4121027,1.0,-1.0,-49.0
1776884921.4221027,-1.0,-1.0,-45.0
1776884921.4331028,-3.0,0.0,-44.0
1776884921.4431028,-3.0,-1.0,-45.0
1776884921.4531028,-4.0,-4.0,-48.0
1776884921.4631028,2.0,-3.0,-48.0
1776884921.4721026,6.0,-2.0,-44.0
1776884921.4831028,4.0,0.0,-42.0
1776884921.4931028,3.0,0.0,-46.0
1776884921.5031028,4.0,0.0,-45.0
1776884921.5131028,6.0,1.0,-44.0
1776884921.5231028,1.0,-4.0,-47.0
1776884921.5331028,-2.0,-7.0,-44.0
1776884921.5431027,1.0,-9.0,-42.0
1776884921.5531027,2.0,-11.0,-41.0
1776884921.5631027,5.0,-9.0,-39.0
1776884921.5731027,5.0,-7.0,-35.0
1776884921.5831027,7.0,-4.0,-42.0
1776884921.5931027,10.0,-3.0,-45.0
1776884921.6031027,9.0,-4.0,-41.0
1776884921.613103,5.0,-3.0,-49.0
1776884921.623103,7.0,0.0,-50.0
1776884921.633103,1.0,-2.0,-49.0
1776884921.6431026,0.0,-6.0,-48.0
1776884921.6531026,0.0,-7.0,-43.0
1776884921.6631026,0.0,-6.0,-35.0
1776884921.6731029,-1.0,-5.0,-33.0
1776884921.6831028,1.0,-9.0,-41.0
1776884921.6931028,3.0,-10.0,-45.0
1776884921.7031028,4.0,-8.0,-43.0
1776884921.7131028,4.0,-8.0,-43.0
1776884921.7231028,7.0,-8.0,-45.0
1776884921.7331028,7.0,-5.0,-46.0
1776884921.7431028,5.0,-6.0,-53.0
1776884921.7531028,8.0,-12.0,-49.0
1776884921.7631028,1.0,-9.0,-45.0
1776884921.7731028,4.0,-6.0,-44.0
1776884921.7831028,9.0,-8.0,-37.0
1776884921.7931027,4.0,-9.0,-38.0
1776884921.8031027,5.0,-9.0,-42.0
1776884921.8131027,4.0,-4.0,-40.0
1776884921.8231027,5.0,-2.0,-45.0
1776884921.8331027,4.0,0.0,-46.0
1776884921.8431027,1.0,-5.0,-46.0
1776884921.8531027,1.0,-3.0,-44.0
1776884921.863103,2.0,-4.0,-42.0
1776884921.873103,2.0,-6.0,-44.0
1776884921.883103,1.0,-6.0,-44.0
1776884921.8931026,0.0,-8.0,-44.0
1776884921.9031026,2.0,-7.0,-48.0
1776884921.9131026,0.0,-4.0,-53.0
1776884921.9231029,0.0,-3.0,-48.0
1776884921.9331028,2.0,-3.0,-53.0
1776884921.9431028,2.0,-6.0,-54.0
1776884921.9531028,2.0,-5.0,-53.0
1776884921.9631028,1.0,-5.0,-56.0
1776884921.9731028,-1.0,-7.0,-56.0
1776884921.9831028,-3.0,-7.0,-60.0
1776884921.9931028,-1.0,-8.0,-56.0
1776884922.0031028,-5.0,-8.0,-49.0
1776884922.0131028,-6.0,-5.0,-48.0
1776884922.0231028,-5.0,-7.0,-43.0
1776884922.0331028,-7.0,-6.0,-42.0
1776884922.0431027,-9.0,-6.0,-43.0
1776884922.0531027,-5.0,-6.0,-40.0
1776884922.0631027,-3.0,-4.0,-38.0
1776884922.0731027,-3.0,-5.0,-39.0
1776884922.0831027,1.0,-1.0,-44.0
1776884922.0931027,1.0,-4.0,-45.0
1776884922.1031027,0.0,-5.0,-45.0
1776884922.113103,1.0,-8.0,-41.0
1776884922.123103,-1.0,-9.0,-41.0
1776884922.133103,-3.0,-4.0,-47.0
1776884922.1431026,0.0,-3.0,-51.0
1776884922.1531026,2.0,-2.0,-49.0
1776884922.1631026,6.0,-4.0,-46.0
1776884922.1731029,2.0,-6.0,-43.0
1776884922.1831028,-6.0,-8.0,-43.0
1776884922.1931028,-9.0,-5.0,-45.0
1776884922.2031028,-5.0,-3.0,-48.0
1776884922.2131028,-1.0,1.0,-41.0
1776884922.2231028,-2.0,-1.0,-39.0
1776884922.2331028,0.0,0.0,-36.0
1776884922.2431028,1.0,-1.0,-45.0
1776884922.2531028,2.0,-2.0,-42.0
1776884922.2631028,0.0,-1.0,-39.0
1776884922.2731028,-2.0,-2.0,-35.0
1776884922.2831028,-7.0,-3.0,-37.0
1776884922.2931027,-13.0,-3.0,-41.0
1776884922.3031027,-11.0,-4.0,-54.0
1776884922.3131027,-8.0,-2.0,-55.0
1776884922.3231027,-5.0,-4.0,-54.0
1776884922.3331027,-1.0,-5.0,-51.0
1776884922.3431027,-3.0,-2.0,-59.0
1776884922.3531027,-2.0,-1.0,-59.0
1776884922.363103,2.0,-2.0,-55.0
1776884922.373103,0.0,-3.0,-55.0
1776884922.383103,2.0,-5.0,-50.0
1776884922.3931026,6.0,-5.0,-48.0
1776884922.4031026,5.0,-5.0,-49.0
1776884922.4131026,5.0,-6.0,-43.0
1776884922.4231029,4.0,-2.0,-43.0
1776884922.4331028,1.0,0.0,-41.0
1776884922.4431028,-4.0,-3.0,-41.0
1776884922.4531028,-7.0,-1.0,-40.0
1776884922.4631028,-3.0,-1.0,-43.0
1776884922.4731028,-6.0,2.0,-41.0
1776884922.4831028,-3.0,0.0,-44.0
1776884922.4931028,-1.0,-1.0,-46.0
1776884922.5031028,-3.0,-2.0,-53.0
1776884922.5131028,-6.0,0.0,-50.0
1776884922.5231028,-5.0,5.0,-56.0
1776884922.5331028,-4.0,2.0,-47.0
1776884922.5431027,-2.0,0.0,-49.0
1776884922.5531027,-2.0,-3.0,-51.0
1776884922.5631027,-5.0,0.0,-50.0
1776884922.5731027,-4.0,0.0,-43.0
1776884922.5831027,-3.0,2.0,-40.0
1776884922.5931027,-5.0,-1.0,-47.0
1776884922.6031027,-4.0,0.0,-52.0
1776884922.613103,-6.0,-4.0,-48.0
1776884922.623103,0.0,0.0,-42.0
1776884922.633103,0.0,2.0,-35.0
1776884922.6431026,1.0,0.0,-35.0
1776884922.6531026,1.0,-1.0,-36.0
1776884922.6631026,0.0,-1.0,-41.0
1776884922.6731029,-1.0,-2.0,-44.0
1776884922.6831028,0.0,-4.0,-49.0
1776884922.6931028,-2.0,-2.0,-56.0
1776884922.7031028,-2.0,-4.0,-51.0
1776884922.7131028,-4.0,-5.0,-46.0
1776884922.7231028,-5.0,-7.0,-43.0
1776884922.7331028,-5.0,-6.0,-36.0
1776884922.7431028,-6.0,-4.0,-34.0
1776884922.7531028,-3.0,-2.0,-36.0
1776884922.7631028,-1.0,-1.0,-33.0
1776884922.7731028,0.0,-4.0,-47.0
1776884922.7831028,0.0,-3.0,-42.0
1776884922.7931027,1.0,-4.0,-36.0
1776884922.8031027,0.0,-4.0,-38.0
1776884922.8131027,4.0,-2.0,-40.0
1776884922.8231027,3.0,-4.0,-46.0
1776884922.8331027,6.0,-6.0,-47.0
1776884922.8431027,4.0,-4.0,-53.0
1776884922.8531027,0.0,-3.0,-55.0
1776884922.863103,1.0,-5.0,-52.0
1776884922.873103,0.0,-1.0,-52.0
1776884922.883103,-1.0,-2.0,-51.0
1776884922.8931026,-4.0,-6.0,-44.0
1776884922.9031026,-1.0,-6.0,-49.0
1776884922.9131026,1.0,-3.0,-55.0
1776884922.9231029,2.0,0.0,-48.0
1776884922.9331028,0.0,-3.0,-45.0
1776884922.9431028,-1.0,-3.0,-46.0
1776884922.9531028,-1.0,0.0,-48.0
1776884922.9631028,-3.0,-2.0,-49.0
1776884922.9731028,3.0,0.0,-49.0
1776884922.9831028,0.0,-2.0,-48.0
1776884922.9931028,1.0,-1.0,-49.0
1776884923.0031028,1.0,0.0,-53.0
1776884923.0131028,-2.0,-3.0,-42.0
1776884923.0231028,-1.0,-1.0,-45.0
1776884923.0331028,-3.0,-3.0,-39.0
1776884923.0431027,-7.0,-5.0,-44.0
1776884923.0531027,-4.0,-4.0,-46.0
1776884923.0631027,-4.0,-2.0,-49.0
1776884923.0731027,0.0,-5.0,-53.0
1776884923.0831027,0.0,-8.0,-55.0
1776884923.0931027,-3.0,-7.0,-53.0
1776884923.1031027,0.0,-7.0,-46.0
1776884923.113103,0.0,-3.0,-49.0
1776884923.123103,-1.0,2.0,-56.0
1776884923.133103,-1.0,0.0,-49.0
1776884923.1431026,3.0,-4.0,-47.0
1776884923.1531026,1.0,-4.0,-47.0
1776884923.1631026,-3.0,-2.0,-40.0
1776884923.1731029,0.0,-1.0,-34.0
1776884923.1831028,-3.0,0.0,-39.0
1776884923.1931028,-4.0,-1.0,-47.0
1776884923.2031028,-7.0,2.0,-51.0
1776884923.2131028,-3.0,0.0,-44.0
1776884923.2231028,-3.0,-2.0,-45.0
1776884923.2331028,0.0,-4.0,-42.0
1776884923.2431028,1.0,-6.0,-42.0
1776884923.2531028,0.0,-5.0,-40.0
1776884923.2631028,0.0,-7.0,-41.0
1776884923.2731028,1.0,-6.0,-44.0
1776884923.2831028,0.0,-3.0,-51.0
1776884923.2931027,2.0,-4.0,-46.0
1776884923.3031027,5.0,-3.0,-50.0
1776884923.3131027,5.0,-7.0,-45.0
1776884923.3231027,6.0,-10.0,-39.0
1776884923.3331027,2.0,-8.0,-38.0
1776884923.3431027,0.0,-4.0,-44.0
1776884923.3531027,2.0,-5.0,-44.0
1776884923.363103,0.0,-4.0,-51.0
1776884923.373103,3.0,0.0,-49.0
1776884923.3841028,4.0,0.0,-49.0
1776884923.3941028,4.0,-4.0,-42.0
1776884923.4041028,3.0,-4.0,-41.0
1776884923.4141028,1.0,-4.0,-40.0
1776884923.4241028,0.0,-4.0,-43.0
1776884923.4341028,-4.0,-3.0,-37.0
1776884923.4441028,-3.0,-5.0,-43.0
1776884923.4541028,-2.0,-4.0,-45.0
1776884923.4641027,-3.0,-2.0,-40.0
1776884923.4741027,-5.0,-3.0,-47.0
1776884923.4841027,0.0,-2.0,-48.0
1776884923.4941027,3.0,-5.0,-43.0
1776884923.5041027,5.0,-6.0,-49.0
1776884923.5141027,6.0,-7.0,-47.0
1776884923.5241027,6.0,-6.0,-49.0
1776884923.534103,3.0,-1.0,-50.0
1776884923.544103,2.0,0.0,-49.0
1776884923.554103,0.0,0.0,-44.0
1776884923.5641026,0.0,-1.0,-40.0
1776884923.5741026,-1.0,-2.0,-39.0
1776884923.5841026,-4.0,0.0,-44.0
1776884923.5941026,-5.0,-1.0,-43.0
1776884923.6041028,3.0,1.0,-46.0
1776884923.6141028,7.0,-4.0,-47.0
1776884923.6241028,4.0,-4.0,-45.0
1776884923.6341028,5.0,-4.0,-45.0
1776884923.6441028,6.0,-7.0,-39.0
1776884923.6541028,3.0,-6.0,-43.0
1776884923.6641028,3.0,-8.0,-48.0
1776884923.6741028,4.0,-11.0,-50.0
1776884923.6841028,-1.0,-12.0,-51.0
1776884923.6941028,-1.0,-10.0,-52.0
1776884923.7041028,-3.0,-8.0,-55.0
1776884923.7141027,-3.0,-5.0,-55.0
1776884923.7241027,-2.0,-2.0,-45.0
1776884923.7341027,-6.0,-2.0,-43.0
1776884923.7441027,-3.0,0.0,-45.0
1776884923.7541027,-4.0,0.0,-49.0
1776884923.7641027,-3.0,-4.0,-45.0
1776884923.7741027,0.0,-5.0,-41.0
1776884923.784103,1.0,-6.0,-40.0
1776884923.794103,4.0,-2.0,-42.0
1776884923.804103,1.0,-1.0,-48.0
1776884923.8141026,2.0,-5.0,-49.0
1776884923.8241026,5.0,-4.0,-45.0
1776884923.8341026,2.0,-4.0,-49.0
1776884923.8441026,0.0,-3.0,-51.0
1776884923.8541028,7.0,-2.0,-56.0
1776884923.8641028,6.0,-3.0,-50.0
1776884923.8741028,0.0,-3.0,-46.0
1776884923.8841028,-1.0,-1.0,-48.0
1776884923.8941028,0.0,-1.0,-47.0
1776884923.9041028,0.0,0.0,-49.0
1776884923.9141028,2.0,0.0,-48.0
1776884923.9241028,2.0,-1.0,-53.0
1776884923.9341028,2.0,0.0,-55.0
1776884923.9441028,2.0,0.0,-57.0
1776884923.9541028,-1.0,-1.0,-58.0
1776884923.9641027,-4.0,-4.0,-54.0
1776884923.9741027,-9.0,-2.0,-56.0
1776884923.9841027,-6.0,3.0,-52.0
1776884923.9941027,-5.0,4.0,-48.0
1776884924.0041027,-3.0,5.0,-48.0
1776884924.0141027,-6.0,6.0,-43.0
1776884924.0241027,-10.0,3.0,-41.0
1776884924.034103,-5.0,2.0,-38.0
1776884924.044103,-4.0,0.0,-40.0
1776884924.054103,-6.0,-4.0,-37.0
1776884924.0641026,-6.0,-1.0,-44.0
1776884924.0741026,-3.0,2.0,-41.0
1776884924.0841026,1.0,0.0,-41.0
1776884924.0941026,2.0,-2.0,-46.0
1776884924.1041028,6.0,-1.0,-47.0
1776884924.1141028,8.0,-1.0,-50.0
1776884924.1241028,5.0,-2.0,-56.0
1776884924.1341028,1.0,-1.0,-49.0
1776884924.1441028,0.0,-1.0,-43.0
1776884924.1541028,3.0,-6.0,-47.0
1776884924.1641028,3.0,-1.0,-50.0
1776884924.1741028,1.0,-2.0,-52.0
1776884924.1841028,1.0,-3.0,-51.0
1776884924.1941028,0.0,-5.0,-54.0
1776884924.2041028,-1.0,-7.0,-49.0
1776884924.2141027,-4.0,-3.0,-48.0
1776884924.2241027,0.0,-3.0,-43.0
1776884924.2341027,0.0,-5.0,-38.0
1776884924.2441027,1.0,-4.0,-37.0
1776884924.2541027,-1.0,-3.0,-36.0
1776884924.2641027,0.0,2.0,-38.0
1776884924.2741027,-5.0,4.0,-36.0
1776884924.284103,-9.0,1.0,-38.0
1776884924.294103,-3.0,2.0,-35.0
1776884924.304103,-2.0,0.0,-36.0
1776884924.3141026,-1.0,-3.0,-43.0
1776884924.3241026,0.0,0.0,-45.0
1776884924.3341026,3.0,-2.0,-43.0
1776884924.3441026,2.0,1.0,-39.0
1776884924.3541028,3.0,2.0,-44.0
1776884924.3641028,0.0,2.0,-48.0
1776884924.3741028,0.0,0.0,-49.0
1776884924.3841028,-1.0,-3.0,-52.0
1776884924.3941028,-2.0,0.0,-53.0
1776884924.4041028,-3.0,-4.0,-56.0
1776884924.4141028,-1.0,0.0,-48.0
1776884924.4241028,-1.0,0.0,-50.0
1776884924.4341028,1.0,-1.0,-49.0
1776884924.4441028,4.0,-4.0,-38.0
1776884924.4541028,0.0,-2.0,-40.0
1776884924.4641027,0.0,-3.0,-41.0
1776884924.4741027,-1.0,-5.0,-41.0
1776884924.4841027,-3.0,-9.0,-48.0
1776884924.4941027,-1.0,-5.0,-49.0
1776884924.5041027,-2.0,-2.0,-49.0
1776884924.5141027,-2.0,-11.0,-46.0
1776884924.5241027,5.0,-13.0,-47.0
1776884924.534103,3.0,-8.0,-46.0
1776884924.544103,1.0,-5.0,-54.0
1776884924.554103,0.0,-6.0,-55.0
1776884924.5641026,4.0,-5.0,-51.0
1776884924.5741026,1.0,-5.0,-50.0
1776884924.5841026,2.0,-5.0,-50.0
1776884924.5941026,1.0,-5.0,-50.0
1776884924.6041028,-1.0,-2.0,-52.0
1776884924.6141028,0.0,1.0,-57.0
1776884924.6241028,0.0,-2.0,-55.0
1776884924.6341028,3.0,1.0,-53.0
1776884924.6441028,4.0,-3.0,-53.0
1776884924.6541028,3.0,-5.0,-53.0
1776884924.6641028,2.0,-6.0,-57.0
1776884924.6741028,3.0,0.0,-57.0
1776884924.6841028,2.0,-1.0,-53.0
1776884924.6941028,0.0,1.0,-51.0
1776884924.7041028,1.0,0.0,-45.0
1776884924.7141027,0.0,0.0,-42.0
1776884924.7241027,2.0,1.0,-37.0
1776884924.7341027,6.0,0.0,-40.0
1776884924.7441027,4.0,-1.0,-39.0
1776884924.7541027,5.0,0.0,-42.0
1776884924.7641027,8.0,2.0,-55.0
1776884924.7741027,1.0,4.0,-57.0
1776884924.784103,1.0,3.0,-51.0
1776884924.794103,2.0,2.0,-50.0
1776884924.804103,2.0,0.0,-47.0
1776884924.8141026,2.0,-3.0,-43.0
1776884924.8241026,-1.0,-6.0,-41.0
1776884924.8341026,0.0,0.0,-46.0
1776884924.8441026,1.0,0.0,-46.0
1776884924.8541028,1.0,-2.0,-52.0
1776884924.8641028,4.0,-3.0,-65.0
1776884924.8741028,7.0,-4.0,-63.0
1776884924.8841028,8.0,-4.0,-60.0
1776884924.8941028,2.0,-6.0,-55.0
1776884924.9041028,2.0,-3.0,-50.0
1776884924.9141028,0.0,-3.0,-47.0
1776884924.9241028,-6.0,0.0,-49.0
1776884924.9341028,-8.0,-2.0,-53.0
1776884924.9441028,-3.0,-2.0,-54.0
1776884924.9541028,0.0,0.0,-52.0
1776884924.9641027,2.0,-2.0,-53.0
1776884924.9741027,2.0,0.0,-48.0
1776884924.9841027,6.0,6.0,-48.0
1776884924.9941027,6.0,3.0,-45.0
1776884925.0041027,5.0,5.0,-41.0
1776884925.0141027,7.0,1.0,-38.0
1776884925.0241027,5.0,3.0,-35.0
1776884925.034103,7.0,-2.0,-39.0
1776884925.044103,3.0,-1.0,-43.0
1776884925.054103,0.0,-5.0,-42.0
1776884925.0641026,2.0,-4.0,-44.0
1776884925.0741026,5.0,0.0,-46.0
1776884925.0841026,6.0,0.0,-46.0
1776884925.0941026,6.0,1.0,-49.0
1776884925.1041028,1.0,6.0,-48.0
1776884925.1141028,2.0,1.0,-46.0
1776884925.1241028,7.0,2.0,-49.0
1776884925.1341028,4.0,-2.0,-47.0
1776884925.1441028,6.0,-6.0,-48.0
1776884925.1541028,4.0,-6.0,-49.0
1776884925.1641028,5.0,-6.0,-47.0
1776884925.1741028,0.0,-5.0,-46.0
1776884925.1841028,0.0,-4.0,-41.0
1776884925.1941028,-1.0,-6.0,-42.0
1776884925.2041028,-3.0,-7.0,-40.0
1776884925.2141027,-2.0,-7.0,-44.0
1776884925.2241027,0.0,-1.0,-47.0
1776884925.2341027,3.0,-1.0,-53.0
1776884925.2441027,2.0,0.0,-57.0
1776884925.2541027,3.0,-1.0,-53.0
1776884925.2641027,0.0,-3.0,-50.0
1776884925.2741027,0.0,-2.0,-46.0
1776884925.284103,4.0,-2.0,-44.0
1776884925.294103,6.0,-2.0,-45.0
1776884925.304103,10.0,3.0,-49.0
1776884925.3141026,2.0,-3.0,-52.0
1776884925.3241026,2.0,-5.0,-49.0
1776884925.3341026,0.0,-5.0,-46.0
1776884925.3441026,-3.0,-4.0,-50.0
1776884925.3541028,-3.0,-5.0,-42.0
1776884925.3641028,-3.0,-9.0,-44.0
1776884925.3751028,0.0,-4.0,-51.0
1776884925.3851027,-4.0,0.0,-56.0
1776884925.3951027,-9.0,0.0,-56.0
1776884925.4051027,-9.0,2.0,-54.0
1776884925.4151027,-6.0,0.0,-47.0
1776884925.4251027,-4.0,-1.0,-51.0
1776884925.4351027,-4.0,-1.0,-44.0
1776884925.4451027,-3.0,-1.0,-45.0
1776884925.4551027,-1.0,0.0,-48.0
1776884925.465103,-1.0,0.0,-49.0
1776884925.475103,-2.0,-2.0,-51.0
1776884925.485103,1.0,-2.0,-49.0
1776884925.4951026,2.0,-6.0,-50.0
1776884925.5051026,0.0,-6.0,-55.0
1776884925.5151026,-3.0,-4.0,-51.0
1776884925.5251029,-4.0,-4.0,-52.0
1776884925.5351028,-8.0,-4.0,-52.0
1776884925.5451028,-6.0,-2.0,-44.0
1776884925.5551028,-6.0,-2.0,-44.0
1776884925.5651028,-6.0,0.0,-39.0
1776884925.5751028,-5.0,0.0,-41.0
1776884925.5851028,-1.0,1.0,-46.0
1776884925.5951028,-1.0,1.0,-44.0
1776884925.6051028,0.0,1.0,-42.0
1776884925.6151028,-2.0,1.0,-42.0
1776884925.6251028,-2.0,-1.0,-38.0
1776884925.6351027,-1.0,-2.0,-46.0
1776884925.6451027,-2.0,0.0,-45.0
1776884925.6551027,0.0,1.0,-41.0
1776884925.6651027,5.0,0.0,-44.0
1776884925.6751027,6.0,-1.0,-48.0
1776884925.6851027,3.0,-4.0,-48.0
1776884925.6951027,4.0,-4.0,-49.0
1776884925.7051027,0.0,-3.0,-49.0
1776884925.715103,2.0,-4.0,-45.0
1776884925.725103,0.0,-1.0,-40.0
1776884925.735103,4.0,0.0,-40.0
1776884925.7451026,6.0,0.0,-42.0
1776884925.7551026,2.0,0.0,-41.0
1776884925.7651026,0.0,1.0,-41.0
1776884925.7751029,-4.0,0.0,-38.0
1776884925.7851028,-5.0,-1.0,-35.0
1776884925.7951028,-1.0,-1.0,-34.0
1776884925.8051028,0.0,1.0,-40.0
1776884925.8151028,0.0,0.0,-40.0
1776884925.8251028,-3.0,-5.0,-40.0
1776884925.8351028,-5.0,-6.0,-37.0
1776884925.8451028,-5.0,-8.0,-37.0
1776884925.8551028,-3.0,-8.0,-34.0
1776884925.8651028,-6.0,-10.0,-37.0
1776884925.8751028,-3.0,-3.0,-46.0
1776884925.8851027,-5.0,-2.0,-49.0
1776884925.8951027,0.0,-4.0,-46.0
1776884925.9051027,-3.0,-3.0,-48.0
1776884925.9151027,-1.0,0.0,-48.0
1776884925.9251027,0.0,-3.0,-45.0
1776884925.9351027,5.0,-6.0,-50.0
1776884925.9451027,7.0,-2.0,-48.0
1776884925.9551027,7.0,-2.0,-51.0
1776884925.965103,8.0,-3.0,-57.0
1776884925.975103,6.0,-7.0,-57.0
1776884925.985103,7.0,-9.0,-55.0
1776884925.9951026,8.0,-2.0,-51.0
1776884926.0051026,9.0,0.0,-49.0
1776884926.0151026,3.0,8.0,-48.0
1776884926.0251029,5.0,4.0,-48.0
1776884926.0351028,4.0,2.0,-43.0
1776884926.0451028,3.0,5.0,-48.0
1776884926.0551028,0.0,8.0,-47.0
1776884926.0651028,-1.0,7.0,-46.0
1776884926.0751028,0.0,8.0,-46.0
1776884926.0851028,0.0,7.0,-46.0
1776884926.0951028,0.0,0.0,-43.0
1776884926.1051028,0.0,-2.0,-45.0
1776884926.1151028,6.0,-2.0,-36.0
1776884926.1251028,3.0,0.0,-36.0
1776884926.1351027,7.0,5.0,-40.0
1776884926.1451027,10.0,3.0,-34.0
1776884926.1551027,8.0,0.0,-35.0
1776884926.1651027,5.0,2.0,-35.0
1776884926.1751027,1.0,3.0,-38.0
1776884926.1851027,3.0,3.0,-36.0
1776884926.1951027,0.0,5.0,-39.0
1776884926.2051027,3.0,7.0,-43.0
1776884926.215103,3.0,6.0,-44.0
1776884926.225103,2.0,6.0,-56.0
1776884926.235103,5.0,5.0,-51.0
1776884926.2451026,5.0,3.0,-54.0
1776884926.2551026,5.0,0.0,-52.0
1776884926.2651026,0.0,-2.0,-47.0
1776884926.2751029,5.0,1.0,-48.0
1776884926.2851028,8.0,0.0,-43.0
1776884926.2951028,7.0,-4.0,-41.0
1776884926.3051028,4.0,0.0,-44.0
1776884926.3151028,0.0,-1.0,-42.0
1776884926.3251028,-3.0,-2.0,-38.0
1776884926.3351028,0.0,-1.0,-39.0
1776884926.3451028,-5.0,-2.0,-33.0
1776884926.3551028,-3.0,-3.0,-31.0
1776884926.3651028,-3.0,-5.0,-27.0
1776884926.3751028,-3.0,-3.0,-36.0
1776884926.3851027,-1.0,-3.0,-41.0
1776884926.3951027,-1.0,-2.0,-37.0
1776884926.4051027,2.0,1.0,-35.0
1776884926.4151027,3.0,-3.0,-38.0
1776884926.4251027,4.0,-2.0,-36.0
1776884926.4351027,1.0,1.0,-38.0
1776884926.4451027,-2.0,2.0,-36.0
1776884926.4551027,0.0,1.0,-36.0
1776884926.465103,-3.0,0.0,-42.0
1776884926.475103,0.0,1.0,-43.0
1776884926.485103,1.0,3.0,-48.0
1776884926.4951026,0.0,3.0,-46.0
1776884926.5051026,2.0,0.0,-44.0
1776884926.5151026,4.0,0.0,-41.0
1776884926.5251029,2.0,-1.0,-37.0
1776884926.5351028,-3.0,-3.0,-35.0
1776884926.5451028,-3.0,0.0,-40.0
1776884926.5551028,-1.0,0.0,-41.0
1776884926.5651028,4.0,-6.0,-38.0
1776884926.5751028,5.0,-7.0,-37.0
1776884926.5851028,3.0,-7.0,-31.0
1776884926.5951028,1.0,-7.0,-33.0
1776884926.6051028,0.0,-7.0,-37.0
1776884926.6151028,-1.0,-7.0,-40.0
1776884926.6251028,4.0,-7.0,-46.0
1776884926.6351027,0.0,-5.0,-43.0
1776884926.6451027,0.0,-4.0,-44.0
1776884926.6551027,2.0,-5.0,-36.0
1776884926.6651027,3.0,-6.0,-36.0
1776884926.6751027,2.0,-3.0,-36.0
1776884926.6851027,0.0,-9.0,-32.0
1776884926.6951027,1.0,-3.0,-33.0
1776884926.7051027,-1.0,-1.0,-38.0
1776884926.715103,-2.0,0.0,-36.0
1776884926.725103,-6.0,2.0,-33.0
1776884926.735103,-3.0,5.0,-35.0
1776884926.7451026,0.0,6.0,-39.0
1776884926.7551026,-2.0,2.0,-37.0
1776884926.7651026,0.0,-2.0,-34.0
1776884926.7751029,0.0,-2.0,-31.0
1776884926.7851028,0.0,-4.0,-40.0
1776884926.7951028,4.0,-3.0,-37.0
1776884926.8051028,2.0,-3.0,-42.0
1776884926.8151028,0.0,-1.0,-42.0
1776884926.8251028,2.0,-4.0,-43.0
1776884926.8351028,-1.0,-6.0,-40.0
1776884926.8451028,-1.0,-8.0,-43.0
1776884926.8551028,2.0,-9.0,-46.0
1776884926.8651028,0.0,-10.0,-46.0
1776884926.8751028,0.0,-7.0,-42.0
1776884926.8851027,2.0,-3.0,-47.0
1776884926.8951027,2.0,-3.0,-48.0
1776884926.9051027,0.0,-1.0,-50.0
1776884926.9151027,0.0,-1.0,-50.0
1776884926.9251027,-3.0,3.0,-53.0
1776884926.9351027,-5.0,3.0,-51.0
1776884926.9451027,-4.0,-2.0,-52.0
1776884926.9551027,-1.0,-5.0,-61.0
1776884926.965103,-3.0,0.0,-57.0
1776884926.975103,-6.0,0.0,-47.0
1776884926.985103,-1.0,6.0,-46.0
1776884926.9951026,0.0,6.0,-42.0
1776884927.0051026,3.0,5.0,-44.0
1776884927.0151026,1.0,5.0,-50.0
1776884927.0251029,-1.0,4.0,-45.0
1776884927.0351028,-2.0,3.0,-44.0
1776884927.0451028,-5.0,3.0,-41.0
1776884927.0551028,-5.0,3.0,-40.0
1776884927.0651028,0.0,5.0,-43.0
1776884927.0751028,6.0,3.0,-44.0
1776884927.0851028,6.0,4.0,-45.0
1776884927.0951028,0.0,3.0,-41.0
1776884927.1051028,2.0,5.0,-43.0
1776884927.1151028,2.0,3.0,-43.0
1776884927.1251028,0.0,0.0,-40.0
1776884927.1351027,-3.0,-1.0,-34.0
1776884927.1451027,-3.0,-3.0,-34.0
1776884927.1551027,2.0,-4.0,-41.0
1776884927.1651027,3.0,-1.0,-42.0
1776884927.1751027,0.0,-1.0,-43.0
1776884927.1851027,-3.0,0.0,-36.0
1776884927.1951027,-1.0,0.0,-37.0
1776884927.2051027,3.0,5.0,-41.0
1776884927.215103,-1.0,2.0,-47.0
1776884927.225103,-5.0,3.0,-52.0
1776884927.235103,-6.0,0.0,-56.0
1776884927.2451026,-4.0,1.0,-54.0
1776884927.2551026,-6.0,0.0,-52.0
1776884927.2651026,-5.0,-1.0,-44.0
1776884927.2751029,-3.0,0.0,-50.0
1776884927.2851028,0.0,0.0,-50.0
1776884927.2951028,3.0,2.0,-45.0
1776884927.3051028,4.0,-1.0,-40.0
1776884927.3151028,8.0,0.0,-36.0
1776884927.3251028,10.0,-1.0,-35.0
1776884927.3351028,9.0,-1.0,-33.0
1776884927.3451028,5.0,-2.0,-34.0
1776884927.3561027,0.0,-2.0,-44.0
1776884927.3661027,-5.0,-2.0,-46.0
1776884927.3761027,-5.0,-1.0,-52.0
1776884927.386103,-2.0,-2.0,-47.0
1776884927.396103,0.0,-2.0,-40.0
1776884927.406103,5.0,0.0,-45.0
1776884927.4161026,11.0,0.0,-45.0
1776884927.4261026,8.0,0.0,-49.0
1776884927.4361026,11.0,2.0,-51.0
1776884927.4461029,10.0,0.0,-55.0
1776884927.4561028,4.0,-1.0,-53.0
1776884927.4661028,0.0,-2.0,-51.0
1776884927.4761028,0.0,0.0,-53.0
1776884927.4861028,0.0,-2.0,-56.0
1776884927.4961028,-1.0,-3.0,-56.0
1776884927.5061028,-4.0,-6.0,-55.0
1776884927.5161028,-4.0,-9.0,-58.0
1776884927.5261028,-1.0,-10.0,-58.0
1776884927.5361028,0.0,-6.0,-64.0
1776884927.5461028,1.0,-10.0,-62.0
1776884927.5561028,1.0,-6.0,-59.0
1776884927.5661027,6.0,-3.0,-55.0
1776884927.5761027,2.0,-4.0,-50.0
1776884927.5861027,0.0,-4.0,-45.0
1776884927.5961027,1.0,-3.0,-36.0
1776884927.6061027,1.0,0.0,-36.0
1776884927.6161027,6.0,0.0,-41.0
1776884927.6261027,3.0,-2.0,-39.0
1776884927.636103,3.0,-1.0,-39.0
1776884927.646103,6.0,-4.0,-35.0
1776884927.656103,1.0,-2.0,-39.0
1776884927.6661026,1.0,-4.0,-35.0
1776884927.6761026,3.0,-1.0,-41.0
1776884927.6861026,4.0,-2.0,-44.0
1776884927.6961029,9.0,-2.0,-44.0
1776884927.7061028,9.0,0.0,-51.0
1776884927.7161028,7.0,-2.0,-56.0
1776884927.7261028,2.0,-2.0,-60.0
1776884927.7361028,2.0,-7.0,-57.0
1776884927.7461028,3.0,-6.0,-56.0
1776884927.7561028,3.0,-8.0,-52.0
1776884927.7661028,0.0,-8.0,-43.0
1776884927.7761028,-2.0,-8.0,-40.0
1776884927.7861028,0.0,-6.0,-40.0
1776884927.7961028,1.0,-5.0,-40.0
1776884927.8061028,-1.0,-7.0,-38.0
1776884927.8161027,0.0,-6.0,-36.0
1776884927.8261027,0.0,-3.0,-40.0
1776884927.8361027,1.0,-1.0,-36.0
1776884927.8461027,-2.0,-1.0,-41.0
1776884927.8561027,-6.0,-3.0,-42.0
1776884927.8661027,-5.0,-5.0,-43.0
1776884927.8761027,-3.0,-5.0,-33.0
1776884927.886103,0.0,-4.0,-35.0
1776884927.896103,8.0,-2.0,-37.0
1776884927.906103,6.0,0.0,-32.0
1776884927.9161026,8.0,0.0,-30.0
1776884927.9261026,7.0,0.0,-24.0
1776884927.9361026,7.0,2.0,-23.0
1776884927.9461029,4.0,1.0,-30.0
1776884927.9561028,1.0,2.0,-30.0
1776884927.9661028,1.0,4.0,-29.0
1776884927.9761028,-3.0,2.0,-33.0
1776884927.9861028,-2.0,3.0,-31.0
1776884927.9961028,0.0,-1.0,-34.0
1776884928.0061028,0.0,-1.0,-39.0
1776884928.0161028,-4.0,2.0,-44.0
1776884928.0261028,-5.0,0.0,-43.0
1776884928.0361028,-2.0,-1.0,-39.0
1776884928.0461028,-4.0,-1.0,-39.0
1776884928.0561028,-10.0,0.0,-37.0
1776884928.0661027,-8.0,3.0,-40.0
1776884928.0761027,-2.0,2.0,-39.0
1776884928.0861027,-3.0,0.0,-38.0
1776884928.0961027,-4.0,-3.0,-38.0
1776884928.1061027,-5.0,-4.0,-39.0
1776884928.1161027,-2.0,-5.0,-42.0
1776884928.1261027,0.0,-7.0,-38.0
1776884928.136103,-1.0,-8.0,-38.0
1776884928.146103,-4.0,-5.0,-40.0
1776884928.156103,-1.0,-9.0,-41.0
1776884928.1661026,0.0,-6.0,-49.0
1776884928.1761026,-2.0,-4.0,-44.0
1776884928.1861026,-10.0,-5.0,-39.0
1776884928.1961029,-4.0,-2.0,-40.0
1776884928.2061028,-3.0,0.0,-39.0
1776884928.2161028,-4.0,3.0,-42.0
1776884928.2261028,-1.0,5.0,-44.0
1776884928.2361028,1.0,2.0,-48.0
1776884928.2461028,0.0,1.0,-53.0
1776884928.2561028,-2.0,0.0,-60.0
1776884928.2661028,-8.0,0.0,-54.0
1776884928.2761028,-8.0,0.0,-48.0
1776884928.2861028,-4.0,-1.0,-48.0
1776884928.2961028,0.0,2.0,-48.0
1776884928.3061028,0.0,2.0,-44.0
1776884928.3161027,1.0,0.0,-43.0
1776884928.3261027,0.0,-1.0,-48.0
1776884928.3361027,-1.0,0.0,-44.0
1776884928.3461027,0.0,-3.0,-48.0
1776884928.3561027,-4.0,-3.0,-49.0
1776884928.3661027,1.0,0.0,-47.0
1776884928.3761027,-2.0,0.0,-50.0
1776884928.386103,-4.0,-4.0,-52.0
1776884928.396103,-7.0,-2.0,-47.0
1776884928.406103,-9.0,1.0,-42.0
1776884928.4161026,-5.0,1.0,-48.0
1776884928.4261026,-3.0,0.0,-49.0
1776884928.4361026,0.0,-2.0,-46.0
1776884928.4461029,-3.0,-3.0,-49.0
1776884928.4561028,-3.0,-5.0,-44.0
1776884928.4661028,1.0,-3.0,-38.0
1776884928.4761028,4.0,-2.0,-38.0
1776884928.4861028,6.0,0.0,-35.0
1776884928.4961028,11.0,0.0,-34.0
1776884928.5061028,9.0,-5.0,-39.0
1776884928.5161028,6.0,-6.0,-41.0
1776884928.5261028,5.0,-6.0,-35.0
1776884928.5361028,6.0,-6.0,-39.0
1776884928.5461028,4.0,-6.0,-53.0
1776884928.5561028,3.0,-8.0,-57.0
1776884928.5661027,7.0,-7.0,-50.0
1776884928.5761027,9.0,-5.0,-48.0
1776884928.5861027,4.0,-2.0,-50.0
1776884928.5961027,-1.0,0.0,-43.0
1776884928.6061027,0.0,0.0,-47.0
1776884928.6161027,0.0,3.0,-49.0
1776884928.6261027,-1.0,6.0,-51.0
1776884928.636103,1.0,2.0,-57.0
1776884928.646103,7.0,4.0,-61.0
1776884928.656103,4.0,2.0,-58.0
1776884928.6661026,6.0,2.0,-58.0
1776884928.6761026,2.0,1.0,-61.0
1776884928.6861026,2.0,0.0,-63.0
1776884928.6961029,1.0,-2.0,-52.0
1776884928.7061028,-2.0,-5.0,-50.0
1776884928.7161028,3.0,-6.0,-55.0
1776884928.7261028,3.0,-8.0,-49.0
1776884928.7361028,0.0,-7.0,-39.0
1776884928.7461028,-1.0,-3.0,-36.0
1776884928.7561028,-5.0,-2.0,-39.0
1776884928.7661028,-4.0,-2.0,-40.0
1776884928.7761028,-8.0,-2.0,-41.0
1776884928.7861028,-9.0,3.0,-41.0
1776884928.7961028,-8.0,5.0,-44.0
1776884928.8061028,-8.0,5.0,-44.0
1776884928.8161027,-6.0,2.0,-46.0
1776884928.8261027,-3.0,1.0,-45.0
1776884928.8361027,-5.0,0.0,-51.0
1776884928.8461027,-5.0,-1.0,-55.0
1776884928.8561027,-4.0,0.0,-51.0
1776884928.8661027,-2.0,0.0,-48.0
1776884928.8761027,-5.0,4.0,-46.0
1776884928.886103,-1.0,2.0,-47.0
1776884928.896103,-7.0,3.0,-44.0
1776884928.906103,-8.0,2.0,-47.0
1776884928.9161026,-5.0,3.0,-47.0
1776884928.9261026,-2.0,1.0,-50.0
1776884928.9361026,2.0,0.0,-45.0
1776884928.9461029,6.0,-3.0,-46.0
1776884928.9561028,0.0,0.0,-49.0
1776884928.9661028,-1.0,0.0,-48.0
1776884928.9761028,-4.0,0.0,-34.0
1776884928.9861028,-4.0,1.0,-31.0
1776884928.9961028,0.0,-1.0,-40.0
1776884929.0061028,0.0,1.0,-41.0
1776884929.0161028,0.0,-1.0,-43.0
1776884929.0261028,0.0,2.0,-39.0
1776884929.0361028,0.0,5.0,-34.0
1776884929.0461028,-2.0,3.0,-34.0
1776884929.0561028,0.0,3.0,-37.0
1776884929.0661027,7.0,2.0,-43.0
1776884929.0761027,8.0,1.0,-42.0
1776884929.0861027,10.0,1.0,-47.0
1776884929.0961027,8.0,0.0,-48.0
1776884929.1061027,8.0,1.0,-48.0
1776884929.1161027,9.0,-1.0,-46.0
1776884929.1261027,6.0,-4.0,-43.0
1776884929.136103,10.0,-1.0,-40.0
1776884929.146103,8.0,-1.0,-40.0
1776884929.156103,2.0,-2.0,-39.0
1776884929.1661026,3.0,-3.0,-33.0
1776884929.1761026,6.0,-3.0,-39.0
1776884929.1861026,6.0,-5.0,-37.0
1776884929.1961029,3.0,-3.0,-39.0
1776884929.2061028,0.0,0.0,-46.0
1776884929.2161028,1.0,-2.0,-44.0
1776884929.2261028,2.0,0.0,-41.0
1776884929.2361028,3.0,0.0,-32.0
1776884929.2461028,2.0,0.0,-35.0
1776884929.2561028,-1.0,0.0,-37.0
1776884929.2661028,-4.0,-2.0,-41.0
1776884929.2761028,-4.0,-2.0,-44.0
1776884929.2861028,-9.0,-2.0,-43.0
1776884929.2961028,-15.0,-2.0,-43.0
1776884929.3061028,-12.0,0.0,-40.0
1776884929.3161027,-4.0,2.0,-36.0
1776884929.3261027,0.0,5.0,-47.0
1776884929.3361027,0.0,3.0,-51.0
1776884929.3471026,-3.0,7.0,-52.0
1776884929.3571026,-1.0,7.0,-55.0
1776884929.3671026,0.0,0.0,-53.0
1776884929.3771029,0.0,2.0,-51.0
1776884929.3871028,4.0,-1.0,-50.0
1776884929.3971028,3.0,-2.0,-46.0
1776884929.4071028,3.0,-1.0,-47.0
1776884929.4171028,5.0,-2.0,-45.0
1776884929.4271028,7.0,3.0,-42.0
1776884929.4371028,8.0,3.0,-37.0
1776884929.4471028,7.0,2.0,-41.0
1776884929.4571028,7.0,0.0,-38.0
1776884929.4671028,5.0,2.0,-40.0
1776884929.4771028,5.0,1.0,-44.0
1776884929.4871027,5.0,0.0,-44.0
1776884929.4971027,3.0,1.0,-40.0
1776884929.5071027,3.0,4.0,-40.0
1776884929.5171027,6.0,3.0,-41.0
1776884929.5271027,4.0,7.0,-46.0
1776884929.5371027,10.0,5.0,-43.0
1776884929.5471027,8.0,2.0,-43.0
1776884929.557103,8.0,0.0,-44.0
1776884929.567103,5.0,-1.0,-48.0
1776884929.577103,0.0,0.0,-50.0
1776884929.587103,0.0,1.0,-43.0
1776884929.5971026,-3.0,4.0,-46.0
1776884929.6071026,-4.0,1.0,-51.0
1776884929.6171026,-5.0,-1.0,-50.0
1776884929.6271029,-1.0,-6.0,-47.0
1776884929.6371028,6.0,-4.0,-46.0
1776884929.6471028,8.0,-3.0,-50.0
1776884929.6571028,5.0,0.0,-54.0
1776884929.6671028,3.0,-2.0,-53.0
1776884929.6771028,8.0,-5.0,-54.0
1776884929.6871028,8.0,-7.0,-53.0
1776884929.6971028,6.0,-4.0,-54.0
1776884929.7071028,3.0,0.0,-45.0
1776884929.7171028,4.0,-2.0,-45.0
1776884929.7271028,4.0,-2.0,-54.0
1776884929.7371027,5.0,-5.0,-56.0
1776884929.7471027,3.0,-2.0,-52.0
1776884929.7571027,3.0,4.0,-48.0
1776884929.7671027,1.0,7.0,-38.0
1776884929.7771027,-1.0,9.0,-34.0
1776884929.7871027,0.0,4.0,-32.0
1776884929.7971027,3.0,1.0,-30.0
1776884929.807103,7.0,1.0,-29.0
1776884929.817103,6.0,0.0,-31.0
1776884929.827103,6.0,-3.0,-29.0
1776884929.837103,7.0,-3.0,-32.0
1776884929.8471026,2.0,-3.0,-33.0
1776884929.8571026,-2.0,-1.0,-33.0
1776884929.8671026,-7.0,0.0,-42.0
1776884929.8771029,-3.0,0.0,-41.0
1776884929.8871028,0.0,0.0,-36.0
1776884929.8971028,-2.0,-1.0,-42.0
1776884929.9071028,-3.0,-1.0,-41.0
1776884929.9171028,-2.0,0.0,-43.0
1776884929.9271028,-1.0,-2.0,-38.0
1776884929.9371028,-2.0,0.0,-37.0
1776884929.9471028,0.0,0.0,-33.0
1776884929.9571028,2.0,0.0,-35.0
1776884929.9671028,0.0,-1.0,-34.0
1776884929.9771028,-2.0,-2.0,-38.0
1776884929.9871027,4.0,-3.0,-43.0
1776884929.9971027,0.0,-2.0,-41.0
1776884930.0071027,-1.0,-3.0,-47.0
1776884930.0171027,-2.0,0.0,-46.0
1776884930.0271027,-3.0,2.0,-43.0
1776884930.0371027,-4.0,0.0,-41.0
1776884930.0471027,-2.0,-1.0,-40.0
1776884930.057103,-1.0,-2.0,-42.0
1776884930.067103,-1.0,-3.0,-37.0
1776884930.077103,-2.0,1.0,-37.0
1776884930.087103,-6.0,3.0,-36.0
1776884930.0971026,-4.0,1.0,-43.0
1776884930.1071026,-11.0,1.0,-49.0
1776884930.1171026,-15.0,0.0,-45.0
1776884930.1271029,-10.0,2.0,-52.0
1776884930.1371028,-8.0,7.0,-49.0
1776884930.1471028,-8.0,2.0,-55.0
1776884930.1571028,-8.0,-3.0,-49.0
1776884930.1671028,-4.0,-1.0,-44.0
1776884930.1771028,0.0,0.0,-41.0
1776884930.1871028,0.0,-1.0,-40.0
1776884930.1971028,3.0,-1.0,-42.0
1776884930.2071028,7.0,-3.0,-42.0
1776884930.2171028,7.0,-2.0,-46.0
1776884930.2271028,4.0,-3.0,-45.0
1776884930.2371027,1.0,-3.0,-49.0
1776884930.2471027,1.0,-5.0,-53.0
1776884930.2571027,1.0,-6.0,-54.0
1776884930.2671027,0.0,-7.0,-48.0
1776884930.2771027,0.0,0.0,-53.0
1776884930.2871027,1.0,1.0,-52.0
1776884930.2971027,0.0,0.0,-48.0
1776884930.307103,0.0,2.0,-41.0
1776884930.317103,0.0,0.0,-45.0
1776884930.327103,2.0,0.0,-45.0
1776884930.337103,0.0,-4.0,-44.0
1776884930.3471026,-2.0,-4.0,-44.0
1776884930.3571026,-5.0,-3.0,-43.0
1776884930.3671026,-6.0,0.0,-39.0
1776884930.3771029,-1.0,0.0,-42.0
1776884930.3871028,0.0,3.0,-43.0
1776884930.3971028,-1.0,4.0,-44.0
1776884930.4071028,-5.0,5.0,-47.0
1776884930.4171028,-1.0,6.0,-41.0
1776884930.4271028,-7.0,7.0,-34.0
1776884930.4371028,-5.0,6.0,-33.0
1776884930.4471028,-4.0,2.0,-35.0
1776884930.4571028,-7.0,4.0,-36.0
1776884930.4671028,-5.0,2.0,-38.0
1776884930.4771028,-4.0,0.0,-42.0
1776884930.4871027,-1.0,-3.0,-49.0
1776884930.4971027,-2.0,1.0,-44.0
1776884930.5071027,-3.0,4.0,-48.0
1776884930.5171027,-6.0,4.0,-51.0
1776884930.5271027,-5.0,0.0,-51.0
1776884930.5371027,-8.0,0.0,-50.0
1776884930.5471027,-6.0,0.0,-49.0
1776884930.557103,-2.0,0.0,-50.0
1776884930.567103,1.0,0.0,-53.0
1776884930.577103,5.0,0.0,-55.0
1776884930.587103,2.0,2.0,-49.0
1776884930.5971026,1.0,5.0,-43.0
1776884930.6071026,4.0,3.0,-42.0
1776884930.6171026,4.0,2.0,-45.0
1776884930.6271029,9.0,1.0,-42.0
1776884930.6371028,12.0,3.0,-44.0
1776884930.6471028,11.0,4.0,-41.0
1776884930.6571028,1.0,4.0,-40.0
1776884930.6671028,-2.0,4.0,-37.0
1776884930.6771028,-2.0,2.0,-41.0
1776884930.6871028,-1.0,5.0,-45.0
1776884930.6971028,-6.0,4.0,-40.0
1776884930.7071028,-3.0,0.0,-39.0
1776884930.7171028,0.0,-3.0,-34.0
1776884930.7271028,0.0,-1.0,-34.0
1776884930.7371027,0.0,0.0,-36.0
1776884930.7471027,4.0,-1.0,-32.0
1776884930.7571027,6.0,0.0,-36.0
1776884930.7671027,6.0,2.0,-37.0
1776884930.7771027,5.0,1.0,-39.0
1776884930.7871027,5.0,0.0,-41.0
1776884930.7971027,0.0,0.0,-44.0
1776884930.807103,2.0,3.0,-39.0
1776884930.817103,4.0,1.0,-44.0
1776884930.827103,0.0,3.0,-41.0
1776884930.837103,0.0,1.0,-44.0
1776884930.8471026,2.0,-3.0,-46.0
1776884930.8571026,4.0,-5.0,-45.0
1776884930.8671026,3.0,-4.0,-54.0
1776884930.8771029,0.0,-4.0,-56.0
1776884930.8871028,0.0,-7.0,-50.0
1776884930.8971028,2.0,-6.0,-44.0
1776884930.9071028,-4.0,-5.0,-40.0
1776884930.9171028,-6.0,0.0,-38.0
1776884930.9271028,-9.0,2.0,-41.0
1776884930.9371028,-5.0,6.0,-44.0
1776884930.9471028,-4.0,3.0,-50.0
1776884930.9571028,-2.0,0.0,-53.0
1776884930.9671028,-3.0,0.0,-50.0
1776884930.9771028,-2.0,-3.0,-55.0
1776884930.9871027,-4.0,-1.0,-61.0
1776884930.9971027,-6.0,0.0,-62.0
1776884931.0071027,-1.0,2.0,-59.0
1776884931.0171027,0.0,1.0,-61.0
1776884931.0271027,2.0,-4.0,-54.0
1776884931.0371027,5.0,-7.0,-49.0
1776884931.0471027,7.0,-7.0,-44.0
1776884931.057103,10.0,-4.0,-44.0
1776884931.067103,8.0,0.0,-47.0
1776884931.077103,4.0,5.0,-51.0
1776884931.087103,1.0,10.0,-45.0
1776884931.0971026,-1.0,11.0,-46.0
1776884931.1071026,0.0,12.0,-49.0
1776884931.1171026,1.0,8.0,-50.0
1776884931.1271029,4.0,6.0,-44.0
1776884931.1371028,4.0,4.0,-42.0
1776884931.1471028,4.0,4.0,-39.0
1776884931.1571028,3.0,3.0,-39.0
1776884931.1671028,0.0,0.0,-40.0
1776884931.1771028,-1.0,0.0,-39.0
1776884931.1871028,0.0,-1.0,-47.0
1776884931.1971028,-1.0,0.0,-49.0
1776884931.2071028,0.0,2.0,-52.0
1776884931.2171028,0.0,3.0,-49.0
1776884931.2271028,-1.0,2.0,-50.0
1776884931.2371027,-2.0,1.0,-48.0
1776884931.2471027,0.0,2.0,-53.0
1776884931.2571027,-2.0,0.0,-57.0
1776884931.2671027,-6.0,1.0,-54.0
1776884931.2771027,-6.0,2.0,-50.0
1776884931.2871027,-11.0,0.0,-51.0
1776884931.2981029,-10.0,0.0,-53.0
1776884931.3081028,-8.0,0.0,-43.0
1776884931.317103,-2.0,-3.0,-41.0
1776884931.3281028,0.0,3.0,-45.0
1776884931.3381028,1.0,2.0,-47.0
1776884931.3481028,-2.0,0.0,-41.0
1776884931.3581028,-5.0,0.0,-39.0
1776884931.3681028,-2.0,5.0,-35.0
1776884931.3781028,1.0,4.0,-39.0
1776884931.3881028,0.0,3.0,-40.0
1776884931.3981028,0.0,4.0,-35.0
1776884931.4081028,7.0,3.0,-28.0
1776884931.4181027,6.0,1.0,-30.0
1776884931.4281027,6.0,2.0,-31.0
1776884931.4381027,9.0,0.0,-28.0
1776884931.4481027,12.0,0.0,-29.0
1776884931.4581027,4.0,-2.0,-40.0
1776884931.4681027,0.0,-5.0,-41.0
1776884931.4781027,0.0,-4.0,-42.0
1776884931.488103,-4.0,-7.0,-41.0
1776884931.498103,-1.0,-10.0,-39.0
1776884931.508103,-2.0,-9.0,-37.0
1776884931.5181026,1.0,-8.0,-41.0
1776884931.5281026,0.0,-3.0,-45.0
1776884931.5381026,-2.0,-3.0,-53.0
1776884931.5481029,2.0,1.0,-53.0
1776884931.5581028,3.0,-1.0,-53.0
1776884931.5681028,2.0,0.0,-53.0
1776884931.5781028,4.0,3.0,-50.0
1776884931.5881028,2.0,2.0,-44.0
1776884931.5981028,0.0,4.0,-50.0
1776884931.6081028,0.0,4.0,-52.0
1776884931.6181028,4.0,0.0,-42.0
1776884931.6281028,5.0,-3.0,-44.0
1776884931.6381028,1.0,0.0,-45.0
1776884931.6481028,-1.0,-1.0,-47.0
1776884931.6581028,-3.0,-2.0,-44.0
1776884931.6681027,-3.0,-8.0,-40.0
1776884931.6781027,-1.0,-12.0,-40.0
1776884931.6881027,-3.0,-5.0,-42.0
1776884931.6981027,-5.0,-6.0,-46.0
1776884931.7081027,-4.0,-6.0,-46.0
1776884931.7181027,3.0,-8.0,-47.0
1776884931.7281027,6.0,-7.0,-43.0
1776884931.738103,2.0,0.0,-43.0
1776884931.748103,3.0,0.0,-43.0
1776884931.758103,2.0,0.0,-41.0
1776884931.7681026,0.0,2.0,-37.0
1776884931.7781026,4.0,3.0,-38.0
1776884931.7881026,9.0,6.0,-49.0
1776884931.7981029,9.0,5.0,-51.0
1776884931.8081028,7.0,0.0,-45.0
1776884931.8181028,2.0,3.0,-45.0
1776884931.8291028,1.0,0.0,-44.0
1776884931.8381028,-1.0,2.0,-38.0
1776884931.8481028,-3.0,3.0,-38.0
1776884931.8581028,-2.0,0.0,-37.0
1776884931.8681028,0.0,0.0,-29.0
1776884931.8781028,5.0,-1.0,-29.0
1776884931.8881028,2.0,0.0,-23.0
1776884931.8981028,5.0,4.0,-24.0
1776884931.9081028,3.0,4.0,-29.0
1776884931.9181027,5.0,0.0,-32.0
1776884931.9281027,3.0,-3.0,-36.0
1776884931.9381027,0.0,3.0,-44.0
1776884931.9481027,-5.0,2.0,-44.0
1776884931.9581027,-5.0,4.0,-42.0
1776884931.9681027,-1.0,2.0,-48.0
1776884931.9781027,1.0,0.0,-46.0
1776884931.988103,5.0,0.0,-46.0
1776884931.998103,2.0,0.0,-45.0
1776884932.008103,2.0,0.0,-42.0
1776884932.0181026,0.0,0.0,-48.0
1776884932.0281026,0.0,-1.0,-48.0
1776884932.0381026,1.0,1.0,-48.0
1776884932.0481029,0.0,1.0,-52.0
1776884932.0581028,0.0,-1.0,-52.0
1776884932.0681028,2.0,-2.0,-50.0
1776884932.0781028,5.0,-2.0,-44.0
1776884932.0881028,3.0,-2.0,-55.0
1776884932.0981028,2.0,0.0,-52.0
1776884932.1081028,0.0,0.0,-51.0
1776884932.1181028,0.0,3.0,-53.0
1776884932.1281028,0.0,0.0,-51.0
1776884932.1381028,0.0,-1.0,-47.0
1776884932.1481028,3.0,-2.0,-49.0
1776884932.1581028,0.0,-3.0,-55.0
1776884932.1681027,0.0,-5.0,-49.0
1776884932.1781027,0.0,-1.0,-46.0
1776884932.1881027,3.0,-1.0,-44.0
1776884932.1981027,0.0,-3.0,-46.0
1776884932.2081027,0.0,-3.0,-44.0
1776884932.2181027,0.0,-2.0,-54.0
1776884932.2281027,-3.0,-2.0,-53.0
1776884932.238103,-4.0,-4.0,-54.0
1776884932.248103,-6.0,-1.0,-45.0
1776884932.258103,-5.0,2.0,-41.0
1776884932.2681026,-6.0,6.0,-42.0
1776884932.2781026,-4.0,5.0,-45.0
1776884932.2881026,-7.0,2.0,-43.0
1776884932.2981029,-11.0,1.0,-47.0
1776884932.3081028,-7.0,2.0,-42.0
1776884932.3181028,-6.0,-3.0,-43.0
1776884932.3281028,-3.0,-3.0,-37.0
1776884932.3381028,-3.0,-2.0,-39.0
1776884932.3481028,-4.0,-2.0,-42.0
1776884932.3581028,-2.0,-4.0,-43.0
1776884932.3681028,0.0,-2.0,-39.0
1776884932.3781028,5.0,-6.0,-39.0
1776884932.3881028,6.0,-2.0,-36.0
1776884932.3981028,4.0,-2.0,-29.0
1776884932.4081028,2.0,0.0,-38.0
1776884932.4181027,4.0,0.0,-37.0
1776884932.4281027,8.0,-3.0,-31.0
1776884932.4381027,0.0,-3.0,-36.0
1776884932.4481027,1.0,-1.0,-40.0
1776884932.4581027,-2.0,-1.0,-45.0
1776884932.4681027,-2.0,0.0,-48.0
1776884932.4781027,0.0,0.0,-48.0
1776884932.488103,3.0,-4.0,-49.0
1776884932.498103,2.0,-8.0,-41.0
1776884932.508103,2.0,-6.0,-51.0
1776884932.5181026,4.0,-2.0,-52.0
1776884932.5281026,0.0,-2.0,-53.0
1776884932.5381026,0.0,-1.0,-53.0
1776884932.5481029,2.0,0.0,-47.0
1776884932.5581028,-1.0,1.0,-52.0
1776884932.5681028,-3.0,2.0,-46.0
1776884932.5781028,-1.0,0.0,-49.0
1776884932.5881028,2.0,2.0,-47.0
1776884932.5981028,-1.0,2.0,-43.0
1776884932.6081028,1.0,0.0,-42.0
1776884932.6181028,2.0,-1.0,-53.0
1776884932.6281028,3.0,-3.0,-51.0
1776884932.6381028,3.0,-4.0,-54.0
1776884932.6481028,2.0,-1.0,-56.0
1776884932.6581028,0.0,0.0,-51.0
1776884932.6681027,-5.0,3.0,-46.0
1776884932.6781027,-8.0,5.0,-41.0
1776884932.6881027,-11.0,8.0,-43.0
1776884932.6981027,-12.0,6.0,-44.0
1776884932.7081027,-8.0,5.0,-39.0
1776884932.7181027,-4.0,6.0,-36.0
1776884932.7281027,-4.0,9.0,-40.0
1776884932.738103,0.0,7.0,-45.0
1776884932.748103,-4.0,4.0,-51.0
1776884932.758103,-4.0,-1.0,-41.0
1776884932.7681026,-7.0,-2.0,-38.0
1776884932.7781026,-10.0,-2.0,-43.0
1776884932.7881026,-7.0,-4.0,-49.0
1776884932.7981029,-5.0,2.0,-47.0
1776884932.8081028,-3.0,-2.0,-46.0
1776884932.8181028,-3.0,-4.0,-48.0
1776884932.8281028,-2.0,-4.0,-42.0
1776884932.8381028,0.0,-3.0,-37.0
1776884932.8481028,3.0,-3.0,-39.0
1776884932.8581028,0.0,-5.0,-39.0
1776884932.8681028,-6.0,-7.0,-39.0
1776884932.8781028,-4.0,-3.0,-42.0
1776884932.8881028,-4.0,-4.0,-44.0
1776884932.8981028,0.0,0.0,-47.0
1776884932.9081028,1.0,6.0,-42.0
1776884932.9181027,1.0,2.0,-41.0
1776884932.9281027,0.0,1.0,-42.0
1776884932.9381027,1.0,4.0,-39.0
1776884932.9481027,0.0,5.0,-35.0
1776884932.9581027,1.0,6.0,-39.0
1776884932.9681027,-1.0,8.0,-38.0
1776884932.9781027,1.0,4.0,-47.0
1776884932.988103,0.0,0.0,-51.0
1776884932.998103,-3.0,-1.0,-49.0
1776884933.008103,0.0,3.0,-53.0
1776884933.0181026,2.0,0.0,-49.0
1776884933.0281026,1.0,0.0,-44.0
1776884933.0381026,2.0,0.0,-43.0
1776884933.0481029,0.0,-1.0,-45.0
1776884933.0581028,1.0,-1.0,-47.0
1776884933.0681028,-2.0,0.0,-46.0
1776884933.0781028,-1.0,0.0,-46.0
1776884933.0881028,0.0,5.0,-47.0
1776884933.0981028,0.0,4.0,-43.0
1776884933.1081028,0.0,2.0,-42.0
1776884933.1181028,-1.0,1.0,-40.0
1776884933.1281028,0.0,-1.0,-41.0
1776884933.1381028,1.0,-1.0,-43.0
1776884933.1481028,6.0,-3.0,-39.0
1776884933.1581028,10.0,-4.0,-40.0
1776884933.1681027,10.0,-4.0,-38.0
1776884933.1781027,7.0,-4.0,-35.0
1776884933.1881027,7.0,1.0,-33.0
1776884933.1981027,4.0,1.0,-29.0
1776884933.2081027,5.0,0.0,-30.0
1776884933.2181027,8.0,0.0,-32.0
1776884933.2281027,10.0,3.0,-36.0
1776884933.2391028,7.0,0.0,-29.0
1776884933.2491028,6.0,-4.0,-36.0
1776884933.2591028,4.0,-2.0,-35.0
1776884933.2691028,8.0,-1.0,-35.0
1776884933.2791028,4.0,-1.0,-41.0
1776884933.2891028,0.0,-2.0,-51.0
1776884933.2991028,0.0,-9.0,-49.0
1776884933.3091028,0.0,-8.0,-44.0
1776884933.3191028,0.0,-6.0,-44.0
1776884933.3291028,-2.0,-2.0,-45.0
1776884933.3391027,-1.0,-1.0,-41.0
1776884933.3491027,-5.0,-5.0,-36.0
1776884933.3591027,-5.0,-8.0,-31.0
1776884933.3691027,-4.0,-7.0,-27.0
1776884933.3791027,-2.0,-5.0,-23.0
1776884933.3891027,1.0,-1.0,-26.0
1776884933.3991027,5.0,1.0,-28.0
1776884933.409103,5.0,1.0,-21.0
1776884933.419103,3.0,3.0,-19.0
1776884933.429103,0.0,2.0,-27.0
1776884933.4391026,3.0,1.0,-32.0
1776884933.4491026,1.0,0.0,-29.0
1776884933.4591026,3.0,0.0,-36.0
1776884933.4691026,3.0,0.0,-38.0
1776884933.4791028,4.0,0.0,-42.0
1776884933.4891028,3.0,-1.0,-41.0
1776884933.4991028,6.0,0.0,-40.0
1776884933.5091028,3.0,-1.0,-43.0
1776884933.5191028,1.0,-2.0,-38.0
1776884933.5291028,-1.0,-2.0,-43.0
1776884933.5391028,-1.0,-3.0,-44.0
1776884933.5491028,-3.0,-4.0,-39.0
1776884933.5591028,0.0,-8.0,-43.0
1776884933.5691028,-1.0,-13.0,-43.0
1776884933.5791028,-1.0,-15.0,-42.0
1776884933.5891027,0.0,-17.0,-39.0
1776884933.5991027,0.0,-15.0,-38.0
1776884933.6091027,3.0,-13.0,-34.0
1776884933.6191027,0.0,-11.0,-36.0
1776884933.6291027,-2.0,-8.0,-39.0
1776884933.6391027,0.0,-10.0,-47.0
1776884933.6491027,1.0,-6.0,-51.0
1776884933.659103,-2.0,-6.0,-45.0
1776884933.669103,-3.0,-1.0,-47.0
1776884933.679103,2.0,0.0,-42.0
1776884933.6891026,0.0,-1.0,-41.0
1776884933.6991026,-3.0,-1.0,-44.0
1776884933.7091026,-1.0,-3.0,-45.0
1776884933.7191026,-4.0,0.0,-40.0
1776884933.7291028,-5.0,1.0,-44.0
1776884933.7391028,-4.0,-3.0,-47.0
1776884933.7491028,-3.0,-4.0,-49.0
1776884933.7591028,-6.0,1.0,-50.0
1776884933.7691028,-4.0,-1.0,-47.0
1776884933.7791028,-3.0,-2.0,-46.0
1776884933.7891028,0.0,-2.0,-49.0
1776884933.7991028,2.0,-3.0,-46.0
1776884933.8091028,4.0,-2.0,-41.0
1776884933.8191028,6.0,-1.0,-39.0
1776884933.8291028,0.0,-1.0,-43.0
1776884933.8391027,0.0,-7.0,-46.0
1776884933.8491027,1.0,-7.0,-46.0
1776884933.8591027,1.0,-5.0,-52.0
1776884933.8691027,1.0,-8.0,-48.0
1776884933.8791027,0.0,-5.0,-48.0
1776884933.8891027,2.0,-7.0,-44.0
1776884933.8991027,6.0,-6.0,-46.0
1776884933.909103,3.0,-7.0,-52.0
1776884933.919103,7.0,-7.0,-48.0
1776884933.929103,10.0,-10.0,-53.0
1776884933.9391026,8.0,-10.0,-57.0
1776884933.9491026,2.0,-8.0,-61.0
1776884933.9591026,3.0,-3.0,-56.0
1776884933.9691026,3.0,-1.0,-56.0
1776884933.9791028,3.0,-4.0,-53.0
1776884933.9891028,3.0,-2.0,-48.0
1776884933.9991028,4.0,0.0,-53.0
1776884934.0091028,1.0,0.0,-54.0
1776884934.0191028,0.0,-1.0,-58.0
1776884934.0291028,-2.0,-6.0,-60.0
1776884934.0391028,-1.0,-4.0,-53.0
1776884934.0491028,-2.0,-4.0,-58.0
1776884934.0591028,-2.0,-5.0,-63.0
1776884934.0691028,-1.0,-3.0,-54.0
1776884934.0791028,1.0,-3.0,-45.0
1776884934.0891027,5.0,-3.0,-42.0
1776884934.0991027,9.0,0.0,-36.0
1776884934.1091027,4.0,0.0,-45.0
1776884934.1191027,4.0,0.0,-44.0
1776884934.1291027,0.0,-3.0,-46.0
1776884934.1391027,1.0,-2.0,-47.0
1776884934.1491027,-2.0,-1.0,-46.0
1776884934.159103,-2.0,-2.0,-37.0
1776884934.169103,1.0,0.0,-35.0
1776884934.179103,2.0,0.0,-37.0
1776884934.1891026,0.0,0.0,-36.0
1776884934.1991026,0.0,1.0,-31.0
1776884934.2091026,-1.0,0.0,-38.0
1776884934.2191026,-2.0,0.0,-39.0
1776884934.2291028,2.0,0.0,-33.0
1776884934.2391028,2.0,-1.0,-35.0
1776884934.2491028,4.0,-3.0,-32.0
1776884934.2591028,3.0,-5.0,-44.0
1776884934.2691028,0.0,-2.0,-51.0
1776884934.2791028,0.0,-3.0,-51.0
1776884934.2891028,1.0,-3.0,-54.0
1776884934.2991028,0.0,0.0,-45.0
1776884934.3091028,-2.0,-4.0,-41.0
1776884934.3191028,-1.0,-7.0,-40.0
1776884934.3291028,3.0,-11.0,-45.0
1776884934.3391027,3.0,-13.0,-42.0
1776884934.3491027,0.0,-8.0,-39.0
1776884934.3591027,1.0,-7.0,-38.0
1776884934.3691027,0.0,-9.0,-39.0
1776884934.3791027,0.0,-6.0,-45.0
1776884934.3891027,-2.0,-3.0,-45.0
1776884934.3991027,-2.0,0.0,-43.0
1776884934.409103,-1.0,0.0,-45.0
1776884934.419103,-2.0,0.0,-44.0
1776884934.429103,-1.0,2.0,-41.0
1776884934.4391026,0.0,0.0,-36.0
1776884934.4491026,5.0,1.0,-34.0
1776884934.4591026,4.0,0.0,-39.0
1776884934.4691026,2.0,-2.0,-37.0
1776884934.4791028,9.0,2.0,-41.0
1776884934.4891028,7.0,0.0,-39.0
1776884934.4991028,2.0,0.0,-46.0
1776884934.5091028,2.0,0.0,-42.0
1776884934.5191028,0.0,2.0,-47.0
1776884934.5291028,3.0,-1.0,-48.0
1776884934.5391028,3.0,-3.0,-49.0
1776884934.5491028,2.0,-2.0,-48.0
1776884934.5591028,5.0,1.0,-48.0
1776884934.5691028,3.0,-1.0,-45.0
1776884934.5791028,0.0,-2.0,-43.0
1776884934.5891027,1.0,1.0,-42.0
1776884934.5991027,3.0,0.0,-50.0
1776884934.6091027,1.0,0.0,-54.0
1776884934.6191027,1.0,-4.0,-52.0
1776884934.6291027,0.0,-4.0,-46.0
1776884934.6391027,0.0,-2.0,-42.0
1776884934.6491027,1.0,-2.0,-48.0
1776884934.659103,2.0,-1.0,-54.0
1776884934.669103,1.0,0.0,-56.0
1776884934.679103,0.0,1.0,-54.0
1776884934.6891026,-5.0,-1.0,-48.0
1776884934.6991026,-8.0,-5.0,-47.0
1776884934.7091026,-7.0,-6.0,-51.0
1776884934.7191026,-8.0,-6.0,-48.0
1776884934.7291028,-10.0,-2.0,-49.0
1776884934.7391028,-9.0,0.0,-48.0
1776884934.7491028,-3.0,0.0,-44.0
1776884934.7591028,-1.0,3.0,-44.0
1776884934.7691028,0.0,-1.0,-50.0
1776884934.7791028,1.0,-7.0,-53.0
1776884934.7891028,0.0,-10.0,-51.0
1776884934.7991028,-4.0,-7.0,-51.0
1776884934.8091028,-7.0,-5.0,-50.0
1776884934.8191028,-5.0,-1.0,-49.0
1776884934.8291028,-1.0,-1.0,-43.0
1776884934.8391027,-1.0,-1.0,-44.0
1776884934.8491027,-2.0,0.0,-48.0
1776884934.8591027,-3.0,-3.0,-48.0
1776884934.8691027,0.0,0.0,-46.0
1776884934.8791027,1.0,-2.0,-47.0
1776884934.8891027,-3.0,-3.0,-47.0
1776884934.8991027,-6.0,-3.0,-46.0
1776884934.909103,2.0,-7.0,-45.0
1776884934.919103,1.0,-9.0,-43.0
1776884934.929103,1.0,-5.0,-44.0
1776884934.9391026,0.0,-2.0,-45.0
1776884934.9491026,-1.0,-2.0,-47.0
1776884934.9591026,-4.0,-1.0,-46.0
1776884934.9691026,-2.0,-2.0,-48.0
1776884934.9791028,0.0,-1.0,-51.0
1776884934.9891028,0.0,-2.0,-52.0
1776884934.9991028,1.0,-5.0,-54.0
1776884935.0091028,-1.0,-5.0,-49.0
1776884935.0191028,-2.0,-4.0,-44.0
1776884935.0291028,1.0,0.0,-46.0
1776884935.0391028,5.0,0.0,-42.0
1776884935.0491028,2.0,-4.0,-39.0
1776884935.0591028,0.0,-8.0,-43.0
1776884935.0691028,-2.0,-6.0,-46.0
1776884935.0791028,-1.0,-8.0,-41.0
1776884935.0891027,-2.0,-6.0,-39.0
1776884935.0991027,-4.0,-4.0,-44.0
1776884935.1091027,-6.0,-4.0,-43.0
1776884935.1191027,0.0,-4.0,-45.0
1776884935.1291027,0.0,-5.0,-41.0
1776884935.1391027,-1.0,-5.0,-48.0
1776884935.1491027,-5.0,-4.0,-41.0
1776884935.159103,-7.0,-5.0,-43.0
1776884935.169103,-4.0,-7.0,-43.0
1776884935.179103,-5.0,-7.0,-47.0
1776884935.1891026,-3.0,-4.0,-53.0
1776884935.2001028,0.0,-3.0,-49.0
1776884935.2091026,1.0,-1.0,-51.0
1776884935.2191026,1.0,0.0,-50.0
1776884935.2301028,0.0,-5.0,-49.0
1776884935.2401028,-2.0,-4.0,-50.0
1776884935.2491028,0.0,-5.0,-54.0
1776884935.2601027,1.0,-3.0,-55.0
1776884935.2701027,2.0,-4.0,-54.0
1776884935.2801027,3.0,-4.0,-54.0
1776884935.2901027,7.0,-4.0,-52.0
1776884935.3001027,4.0,-2.0,-50.0
1776884935.3101027,1.0,-2.0,-56.0
1776884935.3201027,0.0,-3.0,-53.0
1776884935.3301027,-3.0,-3.0,-54.0
1776884935.340103,0.0,-4.0,-50.0
1776884935.350103,-3.0,-4.0,-54.0
1776884935.360103,-5.0,-2.0,-51.0
1776884935.3701026,0.0,-2.0,-45.0
1776884935.3801026,0.0,-2.0,-40.0
1776884935.3901026,0.0,-1.0,-42.0
1776884935.4001029,1.0,0.0,-55.0
1776884935.4101028,1.0,-3.0,-59.0
1776884935.4201028,1.0,-1.0,-51.0
1776884935.4301028,1.0,-1.0,-47.0
1776884935.4401028,-2.0,2.0,-48.0
1776884935.4501028,-5.0,4.0,-44.0
1776884935.4601028,-5.0,5.0,-45.0
1776884935.4701028,-3.0,3.0,-51.0
1776884935.4801028,-1.0,1.0,-48.0
1776884935.4901028,0.0,2.0,-42.0
1776884935.5001028,0.0,-2.0,-43.0
1776884935.5101027,-1.0,-1.0,-54.0
1776884935.5201027,0.0,0.0,-52.0
1776884935.5301027,3.0,-1.0,-54.0
1776884935.5401027,5.0,-1.0,-50.0
1776884935.5501027,3.0,-4.0,-44.0
1776884935.5601027,3.0,-4.0,-43.0
1776884935.5701027,1.0,0.0,-50.0
1776884935.5801027,0.0,2.0,-47.0
1776884935.590103,-2.0,6.0,-49.0
1776884935.600103,-1.0,7.0,-44.0
1776884935.610103,1.0,2.0,-39.0
1776884935.6201026,0.0,4.0,-38.0
1776884935.6301026,0.0,5.0,-39.0
1776884935.6401026,-1.0,5.0,-45.0
1776884935.6501029,-2.0,4.0,-47.0
1776884935.6601028,0.0,1.0,-39.0
1776884935.6701028,0.0,0.0,-36.0
1776884935.6801028,-1.0,-6.0,-43.0
1776884935.6901028,-1.0,-8.0,-47.0
1776884935.7001028,-2.0,-8.0,-51.0
1776884935.7101028,0.0,-5.0,-49.0
1776884935.7201028,-1.0,0.0,-53.0
1776884935.7301028,-3.0,-4.0,-52.0
1776884935.7401028,0.0,-4.0,-51.0
1776884935.7501028,4.0,-7.0,-49.0
1776884935.7601027,10.0,-11.0,-54.0
1776884935.7701027,10.0,-12.0,-53.0
1776884935.7801027,5.0,-8.0,-55.0
1776884935.7901027,6.0,-4.0,-52.0
1776884935.8001027,2.0,-5.0,-55.0
1776884935.8101027,5.0,-5.0,-54.0
1776884935.8201027,8.0,-4.0,-52.0
1776884935.8301027,3.0,-3.0,-54.0
1776884935.840103,6.0,-3.0,-43.0
1776884935.850103,3.0,-4.0,-47.0
1776884935.860103,0.0,-5.0,-52.0
1776884935.8701026,2.0,-7.0,-50.0
1776884935.8801026,2.0,-4.0,-51.0
1776884935.8901026,0.0,-5.0,-51.0
1776884935.9001029,-1.0,-2.0,-50.0
1776884935.9101028,0.0,-2.0,-46.0
1776884935.9201028,2.0,0.0,-43.0
1776884935.9301028,4.0,-1.0,-37.0
1776884935.9401028,5.0,-2.0,-41.0
1776884935.9501028,6.0,0.0,-45.0
1776884935.9601028,7.0,0.0,-53.0
1776884935.9701028,5.0,3.0,-59.0
1776884935.9801028,2.0,3.0,-59.0
1776884935.9901028,3.0,2.0,-55.0
1776884936.0001028,4.0,-1.0,-49.0
1776884936.0101027,6.0,0.0,-49.0
1776884936.0201027,0.0,2.0,-39.0
1776884936.0301027,1.0,2.0,-40.0
1776884936.0401027,2.0,0.0,-45.0
1776884936.0501027,3.0,1.0,-48.0
1776884936.0601027,2.0,0.0,-47.0
1776884936.0701027,3.0,0.0,-45.0
1776884936.0801027,0.0,0.0,-49.0
1776884936.090103,3.0,0.0,-50.0
1776884936.100103,-2.0,0.0,-47.0
1776884936.110103,0.0,0.0,-47.0
1776884936.1201026,2.0,0.0,-46.0
1776884936.1301026,4.0,-3.0,-43.0
1776884936.1401026,5.0,-2.0,-49.0
1776884936.1501029,5.0,-3.0,-49.0
1776884936.1601028,9.0,-3.0,-53.0
1776884936.1701028,4.0,-6.0,-50.0
1776884936.1801028,4.0,-10.0,-53.0
1776884936.1901028,5.0,-11.0,-48.0
1776884936.2001028,0.0,-9.0,-49.0
1776884936.2101028,1.0,-7.0,-57.0
1776884936.2201028,1.0,-7.0,-55.0
1776884936.2301028,-1.0,-5.0,-42.0
1776884936.2401028,-2.0,-5.0,-40.0
1776884936.2501028,-2.0,-2.0,-42.0
1776884936.2601027,-4.0,0.0,-44.0
1776884936.2701027,0.0,1.0,-39.0
1776884936.2801027,-2.0,-1.0,-39.0
1776884936.2901027,-4.0,-3.0,-41.0
1776884936.3001027,-1.0,-4.0,-39.0
1776884936.3101027,2.0,-4.0,-41.0
1776884936.3201027,-5.0,-7.0,-44.0
1776884936.3301027,-7.0,-3.0,-51.0
1776884936.340103,-4.0,-5.0,-53.0
1776884936.350103,-1.0,-9.0,-56.0
1776884936.360103,1.0,-8.0,-51.0
1776884936.3701026,4.0,-9.0,-48.0
1776884936.3801026,7.0,-9.0,-46.0
1776884936.3901026,2.0,-12.0,-47.0
1776884936.4001029,0.0,-11.0,-50.0
1776884936.4101028,-2.0,-10.0,-56.0
1776884936.4201028,-4.0,-11.0,-51.0
1776884936.4301028,2.0,-10.0,-51.0
1776884936.4401028,3.0,-9.0,-50.0
1776884936.4501028,7.0,-6.0,-47.0
1776884936.4601028,7.0,-8.0,-43.0
1776884936.4701028,2.0,-5.0,-48.0
1776884936.4801028,0.0,-4.0,-54.0
1776884936.4901028,0.0,0.0,-52.0
1776884936.5001028,1.0,0.0,-51.0
1776884936.5101027,6.0,2.0,-49.0
1776884936.5201027,7.0,5.0,-54.0
1776884936.5301027,2.0,0.0,-48.0
1776884936.5401027,0.0,-1.0,-48.0
1776884936.5501027,-1.0,0.0,-54.0
1776884936.5601027,0.0,-3.0,-53.0
1776884936.5701027,0.0,-4.0,-53.0
1776884936.5801027,1.0,-6.0,-54.0
1776884936.590103,4.0,-4.0,-54.0
1776884936.600103,3.0,-5.0,-52.0
1776884936.610103,2.0,-5.0,-49.0
1776884936.6201026,4.0,-2.0,-47.0
1776884936.6301026,4.0,-1.0,-44.0
1776884936.6401026,2.0,-4.0,-41.0
1776884936.6501029,-3.0,-2.0,-41.0
1776884936.6601028,-5.0,-7.0,-41.0
1776884936.6701028,-3.0,-7.0,-48.0
1776884936.6801028,-1.0,-5.0,-49.0
1776884936.6901028,-2.0,-1.0,-49.0
1776884936.7001028,0.0,-1.0,-52.0
1776884936.7101028,1.0,1.0,-48.0
1776884936.7201028,2.0,1.0,-47.0
1776884936.7301028,0.0,1.0,-41.0
1776884936.7401028,1.0,0.0,-45.0
1776884936.7501028,0.0,1.0,-46.0
1776884936.7601027,-6.0,2.0,-50.0
1776884936.7701027,-5.0,5.0,-46.0
1776884936.7801027,-1.0,4.0,-49.0
1776884936.7901027,1.0,3.0,-46.0
1776884936.8001027,0.0,3.0,-47.0
1776884936.8101027,1.0,2.0,-36.0
1776884936.8201027,2.0,5.0,-32.0
1776884936.8301027,0.0,7.0,-38.0
1776884936.840103,1.0,3.0,-44.0
1776884936.850103,0.0,2.0,-51.0
1776884936.860103,0.0,-1.0,-47.0
1776884936.8701026,2.0,-4.0,-41.0
1776884936.8801026,4.0,-2.0,-43.0
1776884936.8901026,1.0,1.0,-40.0
1776884936.9001029,0.0,0.0,-41.0
1776884936.9101028,1.0,0.0,-34.0
1776884936.9201028,0.0,2.0,-36.0
1776884936.9301028,0.0,2.0,-35.0
1776884936.9401028,1.0,3.0,-33.0
1776884936.9501028,2.0,2.0,-31.0
1776884936.9601028,-2.0,4.0,-35.0
1776884936.9701028,1.0,5.0,-39.0
1776884936.9801028,-2.0,3.0,-33.0
1776884936.9901028,0.0,3.0,-34.0
1776884937.0001028,2.0,0.0,-39.0
1776884937.0101027,2.0,-1.0,-43.0
1776884937.0201027,0.0,1.0,-45.0
1776884937.0301027,1.0,2.0,-52.0
1776884937.0401027,1.0,3.0,-52.0
1776884937.0501027,-1.0,2.0,-49.0
1776884937.0601027,0.0,1.0,-51.0
1776884937.0701027,0.0,-1.0,-48.0
1776884937.0801027,0.0,-3.0,-47.0
1776884937.090103,-1.0,-1.0,-51.0
1776884937.100103,0.0,0.0,-51.0
1776884937.110103,-2.0,0.0,-49.0
1776884937.1201026,-4.0,-1.0,-53.0
1776884937.1301026,-2.0,0.0,-50.0
1776884937.1401026,0.0,1.0,-46.0
1776884937.1501029,-1.0,3.0,-38.0
1776884937.1601028,0.0,2.0,-47.0
1776884937.1701028,-2.0,3.0,-54.0
1776884937.1801028,-4.0,0.0,-47.0
1776884937.1901028,-1.0,2.0,-52.0
1776884937.2011027,2.0,1.0,-54.0
1776884937.2111027,0.0,2.0,-45.0
1776884937.2211027,0.0,0.0,-43.0
1776884937.2311027,3.0,-7.0,-50.0
1776884937.2411027,1.0,-4.0,-56.0
1776884937.2511027,-1.0,-3.0,-51.0
1776884937.261103,4.0,-1.0,-52.0
1776884937.271103,0.0,-2.0,-52.0
1776884937.281103,-2.0,0.0,-49.0
1776884937.2901027,1.0,-2.0,-50.0
1776884937.3011026,-2.0,-1.0,-44.0
1776884937.3111026,-2.0,0.0,-44.0
1776884937.3211029,-1.0,3.0,-38.0
1776884937.3311028,-1.0,1.0,-35.0
1776884937.3411028,-1.0,0.0,-36.0
1776884937.3511028,0.0,-5.0,-39.0
1776884937.3611028,1.0,-2.0,-35.0
1776884937.3711028,0.0,-6.0,-34.0
1776884937.3811028,3.0,-4.0,-32.0
1776884937.3911028,6.0,-6.0,-30.0
1776884937.4011028,5.0,-3.0,-39.0
1776884937.4111028,5.0,0.0,-43.0
1776884937.4211028,3.0,1.0,-42.0
1776884937.4311028,4.0,7.0,-39.0
1776884937.4411027,1.0,8.0,-40.0
1776884937.4511027,0.0,2.0,-40.0
1776884937.4611027,0.0,-1.0,-43.0
1776884937.4711027,1.0,-5.0,-40.0
1776884937.4811027,2.0,-6.0,-37.0
1776884937.4911027,5.0,-2.0,-40.0
1776884937.5011027,1.0,0.0,-38.0
1776884937.511103,0.0,-3.0,-47.0
1776884937.521103,-2.0,0.0,-53.0
1776884937.531103,0.0,-1.0,-62.0
1776884937.5411026,-1.0,0.0,-56.0
1776884937.5511026,-2.0,-3.0,-50.0
1776884937.5611026,0.0,-5.0,-53.0
1776884937.5711029,0.0,-5.0,-56.0
1776884937.5811028,-1.0,-6.0,-56.0
1776884937.5911028,-2.0,-5.0,-53.0
1776884937.6011028,-2.0,-7.0,-47.0
1776884937.6111028,-1.0,-4.0,-47.0
1776884937.6211028,-4.0,-3.0,-43.0
1776884937.6311028,2.0,-4.0,-40.0
1776884937.6411028,1.0,-4.0,-33.0
1776884937.6511028,1.0,-3.0,-40.0
1776884937.6611028,0.0,-4.0,-33.0
1776884937.6711028,-2.0,-3.0,-29.0
1776884937.6811028,-5.0,0.0,-36.0
1776884937.6911027,-5.0,0.0,-37.0
1776884937.7011027,-8.0,3.0,-46.0
1776884937.7111027,1.0,7.0,-45.0
1776884937.7211027,4.0,6.0,-47.0
1776884937.7311027,2.0,5.0,-41.0
1776884937.7411027,2.0,2.0,-46.0
1776884937.7511027,6.0,1.0,-42.0
1776884937.761103,0.0,0.0,-45.0
1776884937.771103,3.0,4.0,-47.0
1776884937.781103,4.0,3.0,-44.0
1776884937.7911026,6.0,3.0,-43.0
1776884937.8011026,3.0,1.0,-41.0
1776884937.8111026,-1.0,4.0,-44.0
1776884937.8211029,-4.0,0.0,-41.0
1776884937.8311028,-4.0,3.0,-40.0
1776884937.8411028,-2.0,3.0,-47.0
1776884937.8511028,0.0,3.0,-40.0
1776884937.8611028,0.0,0.0,-44.0
1776884937.8711028,3.0,0.0,-46.0
1776884937.8811028,5.0,-2.0,-47.0
1776884937.8911028,7.0,0.0,-48.0
1776884937.9011028,3.0,-4.0,-53.0
1776884937.9111028,1.0,-4.0,-59.0
1776884937.9211028,-1.0,-10.0,-56.0
1776884937.9311028,2.0,-10.0,-58.0
1776884937.9411027,5.0,-13.0,-55.0
1776884937.9511027,8.0,-12.0,-51.0
1776884937.9611027,8.0,-11.0,-48.0
1776884937.9711027,5.0,-4.0,-49.0
1776884937.9811027,1.0,-2.0,-52.0
1776884937.9911027,0.0,-8.0,-52.0
1776884938.0011027,0.0,-10.0,-54.0
1776884938.011103,3.0,-13.0,-55.0
1776884938.021103,6.0,-14.0,-56.0
1776884938.031103,6.0,-8.0,-53.0
1776884938.0411026,0.0,-3.0,-58.0
1776884938.0511026,0.0,-5.0,-59.0
1776884938.0611026,0.0,-3.0,-55.0
1776884938.0711029,0.0,0.0,-48.0
1776884938.0811028,-5.0,1.0,-42.0
1776884938.0911028,-1.0,0.0,-35.0
1776884938.1011028,2.0,2.0,-33.0
1776884938.1111028,1.0,3.0,-33.0
1776884938.1211028,0.0,3.0,-37.0
1776884938.1311028,-2.0,3.0,-36.0
1776884938.1411028,0.0,0.0,-37.0
1776884938.1511028,-1.0,-1.0,-39.0
1776884938.1611028,-2.0,-1.0,-40.0
1776884938.1711028,0.0,-1.0,-49.0
1776884938.1811028,-1.0,0.0,-54.0
1776884938.1911027,0.0,0.0,-51.0
1776884938.2011027,3.0,-2.0,-51.0
1776884938.2111027,2.0,3.0,-50.0
1776884938.2211027,1.0,3.0,-49.0
1776884938.2311027,0.0,5.0,-48.0
1776884938.2411027,4.0,3.0,-46.0
1776884938.2511027,2.0,1.0,-43.0
1776884938.261103,7.0,0.0,-47.0
1776884938.271103,4.0,-1.0,-42.0
1776884938.281103,5.0,-1.0,-44.0
1776884938.2911026,3.0,-1.0,-48.0
1776884938.3011026,3.0,-5.0,-53.0
1776884938.3111026,1.0,-7.0,-54.0
1776884938.3211029,2.0,-5.0,-50.0
1776884938.3311028,2.0,-2.0,-49.0
1776884938.3411028,1.0,-5.0,-44.0
1776884938.3511028,1.0,-7.0,-36.0
1776884938.3611028,-1.0,-5.0,-42.0
1776884938.3711028,-2.0,-4.0,-49.0
1776884938.3811028,0.0,-5.0,-51.0
1776884938.3911028,2.0,-3.0,-49.0
1776884938.4011028,-2.0,-1.0,-45.0
1776884938.4111028,-1.0,-2.0,-43.0
1776884938.4211028,-1.0,0.0,-51.0
1776884938.4311028,-4.0,0.0,-59.0
1776884938.4411027,-2.0,-2.0,-53.0
1776884938.4511027,-4.0,-4.0,-47.0
1776884938.4611027,-4.0,-3.0,-55.0
1776884938.4711027,0.0,-2.0,-50.0
1776884938.4811027,1.0,-2.0,-46.0
1776884938.4911027,2.0,-1.0,-45.0
1776884938.5011027,7.0,-2.0,-47.0
1776884938.511103,8.0,-7.0,-53.0
1776884938.521103,8.0,-6.0,-57.0
1776884938.531103,7.0,-4.0,-59.0
1776884938.5411026,11.0,0.0,-52.0
1776884938.5511026,14.0,0.0,-54.0
1776884938.5611026,14.0,-1.0,-49.0
1776884938.5711029,12.0,-3.0,-43.0
1776884938.5811028,1.0,-4.0,-44.0
1776884938.5911028,-4.0,-6.0,-45.0
1776884938.6011028,-5.0,-7.0,-49.0
1776884938.6111028,-6.0,-6.0,-49.0
1776884938.6211028,-6.0,-8.0,-49.0
1776884938.6311028,-1.0,-4.0,-48.0
1776884938.6411028,0.0,-7.0,-51.0
1776884938.6511028,1.0,-4.0,-57.0
1776884938.6611028,2.0,0.0,-55.0
1776884938.6711028,1.0,-3.0,-51.0
1776884938.6811028,-2.0,-4.0,-45.0
1776884938.6911027,-1.0,-6.0,-48.0
1776884938.7011027,-5.0,-6.0,-55.0
1776884938.7111027,-2.0,-5.0,-50.0
1776884938.7211027,-4.0,-7.0,-41.0
1776884938.7311027,-9.0,-5.0,-41.0
1776884938.7411027,-7.0,-3.0,-40.0
1776884938.7511027,-2.0,-1.0,-43.0
1776884938.761103,-2.0,-1.0,-44.0
1776884938.771103,2.0,0.0,-48.0
1776884938.781103,0.0,0.0,-53.0
1776884938.7911026,2.0,-2.0,-46.0
1776884938.8011026,8.0,-4.0,-48.0
1776884938.8111026,6.0,0.0,-43.0
1776884938.8211029,4.0,-1.0,-43.0
1776884938.8311028,4.0,0.0,-44.0
1776884938.8411028,6.0,0.0,-43.0
1776884938.8511028,7.0,1.0,-45.0
1776884938.8611028,5.0,3.0,-43.0
1776884938.8711028,3.0,3.0,-39.0
1776884938.8811028,2.0,5.0,-43.0
1776884938.8911028,7.0,2.0,-37.0
1776884938.9011028,10.0,2.0,-28.0
1776884938.9111028,8.0,1.0,-31.0
1776884938.9211028,6.0,4.0,-31.0
1776884938.9311028,3.0,2.0,-34.0
1776884938.9411027,-1.0,0.0,-38.0
1776884938.9511027,-1.0,-3.0,-35.0
1776884938.9611027,-1.0,-6.0,-38.0
1776884938.9711027,0.0,-8.0,-32.0
1776884938.9811027,5.0,-4.0,-38.0
1776884938.9911027,2.0,-4.0,-40.0
1776884939.0011027,1.0,-2.0,-40.0
1776884939.011103,-1.0,-1.0,-44.0
1776884939.021103,-6.0,-1.0,-46.0
1776884939.031103,-7.0,-2.0,-43.0
1776884939.0411026,-3.0,-3.0,-42.0
1776884939.0511026,3.0,-2.0,-44.0
1776884939.0611026,2.0,-1.0,-47.0
1776884939.0711029,0.0,0.0,-41.0
1776884939.0811028,0.0,0.0,-34.0
1776884939.0911028,-2.0,0.0,-34.0
1776884939.1011028,0.0,0.0,-41.0
1776884939.1111028,-2.0,0.0,-44.0
1776884939.1211028,-3.0,0.0,-51.0
1776884939.1311028,0.0,-2.0,-52.0
1776884939.1411028,0.0,0.0,-45.0
1776884939.1511028,5.0,1.0,-40.0
1776884939.1611028,4.0,1.0,-40.0
1776884939.1711028,0.0,-2.0,-37.0
1776884939.1811028,1.0,0.0,-34.0
1776884939.192103,1.0,1.0,-34.0
1776884939.202103,-5.0,0.0,-35.0
1776884939.212103,-4.0,1.0,-38.0
1776884939.2221026,-3.0,0.0,-36.0
1776884939.2321026,-3.0,0.0,-35.0
1776884939.2421026,2.0,0.0,-38.0
1776884939.2521029,2.0,0.0,-35.0
1776884939.2621028,3.0,-6.0,-36.0
1776884939.2721028,7.0,-7.0,-40.0
1776884939.2821028,6.0,-2.0,-42.0
1776884939.2921028,6.0,-3.0,-46.0
1776884939.3021028,6.0,0.0,-42.0
1776884939.3121028,0.0,2.0,-43.0
1776884939.3221028,-4.0,1.0,-40.0
1776884939.3321028,-3.0,4.0,-45.0
1776884939.3421028,0.0,2.0,-40.0
1776884939.3521028,-3.0,2.0,-42.0
1776884939.3621027,-5.0,2.0,-43.0
1776884939.3721027,-9.0,-1.0,-46.0
1776884939.3821027,-12.0,0.0,-45.0
1776884939.3921027,-11.0,1.0,-45.0
1776884939.4021027,-12.0,0.0,-44.0
1776884939.4121027,-7.0,0.0,-43.0
1776884939.4221027,-2.0,-4.0,-42.0
1776884939.432103,-2.0,-3.0,-50.0
1776884939.442103,-8.0,-2.0,-51.0
1776884939.452103,-6.0,-4.0,-48.0
1776884939.462103,-3.0,-5.0,-47.0
1776884939.4721026,-6.0,-6.0,-49.0
1776884939.4821026,-5.0,-4.0,-51.0
1776884939.4921026,-5.0,-1.0,-54.0
1776884939.5021029,-8.0,-1.0,-50.0
1776884939.5121028,-7.0,-1.0,-47.0
1776884939.5221028,-2.0,-4.0,-50.0
1776884939.5321028,3.0,-7.0,-54.0
1776884939.5421028,7.0,-6.0,-49.0
1776884939.5521028,5.0,-3.0,-40.0
1776884939.5621028,5.0,-5.0,-42.0
1776884939.5721028,4.0,-4.0,-44.0
1776884939.5821028,7.0,-1.0,-41.0
1776884939.5921028,9.0,2.0,-36.0
1776884939.6021028,9.0,0.0,-37.0
1776884939.6121027,6.0,-4.0,-40.0
1776884939.6221027,3.0,-3.0,-42.0
1776884939.6321027,3.0,-5.0,-40.0
1776884939.6421027,2.0,-6.0,-34.0
1776884939.6521027,3.0,-6.0,-36.0
1776884939.6621027,4.0,-9.0,-35.0
1776884939.6721027,2.0,-13.0,-39.0
1776884939.682103,0.0,-10.0,-42.0
1776884939.692103,-5.0,-12.0,-42.0
1776884939.702103,-2.0,-10.0,-36.0
1776884939.712103,0.0,-7.0,-36.0
1776884939.7221026,1.0,-5.0,-35.0
1776884939.7321026,0.0,-5.0,-37.0
1776884939.7421026,1.0,-3.0,-38.0
1776884939.7521029,-1.0,-4.0,-39.0
1776884939.7621028,-3.0,-5.0,-42.0
1776884939.7721028,-1.0,-5.0,-46.0
1776884939.7821028,-3.0,-6.0,-45.0
1776884939.7921028,3.0,-2.0,-49.0
1776884939.8021028,9.0,-5.0,-48.0
1776884939.8121028,11.0,-4.0,-48.0
1776884939.8221028,10.0,-2.0,-51.0
1776884939.8321028,10.0,0.0,-48.0
1776884939.8421028,6.0,-1.0,-50.0
1776884939.8521028,3.0,-4.0,-47.0
1776884939.8621027,4.0,-9.0,-43.0
1776884939.8721027,5.0,-9.0,-49.0
1776884939.8821027,5.0,-6.0,-51.0
1776884939.8921027,0.0,-3.0,-48.0
1776884939.9021027,0.0,-1.0,-48.0
1776884939.9121027,-3.0,-3.0,-44.0
1776884939.9221027,-9.0,-4.0,-41.0
1776884939.932103,-13.0,-2.0,-42.0
1776884939.942103,-12.0,-4.0,-47.0
1776884939.952103,-11.0,-4.0,-46.0
1776884939.962103,-14.0,-7.0,-56.0
1776884939.9721026,-11.0,-8.0,-52.0
1776884939.9821026,-6.0,-4.0,-51.0
1776884939.9921026,-1.0,-5.0,-52.0
1776884940.0021029,0.0,-6.0,-50.0
1776884940.0121028,-4.0,-8.0,-54.0
1776884940.0221028,-1.0,-7.0,-65.0
1776884940.0321028,-3.0,-6.0,-67.0
1776884940.0421028,-3.0,0.0,-56.0
1776884940.0521028,0.0,1.0,-56.0
1776884940.0621028,0.0,-1.0,-53.0
1776884940.0721028,2.0,0.0,-53.0
1776884940.0821028,1.0,3.0,-51.0
1776884940.0921028,-1.0,6.0,-52.0
1776884940.1021028,-1.0,8.0,-49.0
1776884940.1121027,0.0,6.0,-48.0
1776884940.1221027,-1.0,3.0,-49.0
1776884940.1321027,0.0,3.0,-41.0
1776884940.1421027,2.0,2.0,-34.0
1776884940.1521027,11.0,0.0,-34.0
1776884940.1621027,7.0,2.0,-41.0
1776884940.1721027,3.0,1.0,-44.0
1776884940.182103,2.0,0.0,-40.0
1776884940.192103,4.0,-3.0,-42.0
1776884940.202103,8.0,-4.0,-40.0
1776884940.212103,7.0,-4.0,-38.0
1776884940.2221026,4.0,-4.0,-43.0
1776884940.2321026,5.0,-3.0,-47.0
1776884940.2421026,5.0,-1.0,-44.0
1776884940.2521029,0.0,-4.0,-40.0
1776884940.2621028,-1.0,-1.0,-44.0
1776884940.2721028,-4.0,-1.0,-41.0
1776884940.2821028,-6.0,-4.0,-45.0
1776884940.2921028,-4.0,-6.0,-43.0
1776884940.3021028,-5.0,-9.0,-45.0
1776884940.3121028,0.0,-8.0,-42.0
1776884940.3221028,2.0,-3.0,-34.0
1776884940.3321028,0.0,-3.0,-23.0
1776884940.3421028,0.0,-2.0,-28.0
1776884940.3521028,6.0,-3.0,-26.0
1776884940.3621027,8.0,-5.0,-27.0
1776884940.3721027,8.0,-1.0,-33.0
1776884940.3821027,8.0,0.0,-38.0
1776884940.3921027,8.0,1.0,-43.0
1776884940.4021027,9.0,0.0,-36.0
1776884940.4121027,6.0,-1.0,-39.0
1776884940.4221027,2.0,0.0,-50.0
1776884940.432103,-1.0,1.0,-40.0
1776884940.442103,0.0,0.0,-43.0
1776884940.452103,-3.0,-2.0,-49.0
1776884940.462103,-1.0,-2.0,-51.0
1776884940.4721026,-3.0,0.0,-55.0
1776884940.4821026,-3.0,1.0,-46.0
1776884940.4921026,-4.0,1.0,-55.0
1776884940.5021029,-2.0,1.0,-56.0
1776884940.5121028,-1.0,0.0,-53.0
1776884940.5221028,-3.0,-2.0,-53.0
1776884940.5321028,-2.0,-4.0,-57.0
1776884940.5421028,0.0,-4.0,-54.0
1776884940.5521028,-1.0,0.0,-54.0
1776884940.5621028,-1.0,-2.0,-54.0
1776884940.5721028,1.0,-3.0,-53.0
1776884940.5821028,3.0,-8.0,-49.0
1776884940.5921028,5.0,-5.0,-43.0
1776884940.6021028,4.0,-9.0,-42.0
1776884940.6121027,4.0,-11.0,-37.0
1776884940.6221027,5.0,-7.0,-39.0
1776884940.6321027,7.0,-5.0,-42.0
1776884940.6421027,3.0,-3.0,-43.0
1776884940.6521027,5.0,-1.0,-37.0
1776884940.6621027,3.0,0.0,-39.0
1776884940.6721027,5.0,-2.0,-43.0
1776884940.682103,7.0,-8.0,-41.0
1776884940.692103,5.0,-10.0,-39.0
1776884940.702103,2.0,-4.0,-43.0
1776884940.712103,1.0,1.0,-43.0
1776884940.7221026,0.0,1.0,-51.0
1776884940.7321026,-2.0,0.0,-45.0
1776884940.7421026,0.0,0.0,-45.0
1776884940.7521029,0.0,1.0,-44.0
1776884940.7621028,0.0,-4.0,-43.0
1776884940.7721028,4.0,-7.0,-42.0
1776884940.7821028,5.0,-4.0,-39.0
1776884940.7921028,3.0,-1.0,-39.0
1776884940.8021028,5.0,-4.0,-39.0
1776884940.8121028,7.0,-2.0,-42.0
1776884940.8221028,6.0,-3.0,-44.0
1776884940.8321028,6.0,-9.0,-46.0
1776884940.8421028,3.0,-11.0,-43.0
1776884940.8521028,0.0,-9.0,-46.0
1776884940.8621027,4.0,-9.0,-54.0
1776884940.8721027,3.0,-7.0,-58.0
1776884940.8821027,0.0,-7.0,-53.0
1776884940.8921027,-7.0,-4.0,-49.0
1776884940.9021027,3.0,-2.0,-52.0
1776884940.9121027,6.0,0.0,-49.0
1776884940.9221027,9.0,2.0,-51.0
1776884940.932103,9.0,2.0,-52.0
1776884940.942103,7.0,2.0,-45.0
1776884940.952103,3.0,6.0,-49.0
1776884940.962103,0.0,7.0,-51.0
1776884940.9721026,0.0,0.0,-49.0
1776884940.9821026,5.0,2.0,-46.0
1776884940.9921026,2.0,-1.0,-41.0
1776884941.0021029,3.0,-5.0,-44.0
1776884941.0121028,0.0,-7.0,-42.0
1776884941.0221028,0.0,-6.0,-44.0
1776884941.0321028,0.0,-2.0,-50.0
1776884941.0421028,0.0,0.0,-54.0
1776884941.0521028,-1.0,0.0,-51.0
1776884941.0621028,0.0,-2.0,-45.0
1776884941.0721028,-1.0,-3.0,-41.0
1776884941.0821028,-3.0,-5.0,-47.0
1776884941.0921028,-4.0,-4.0,-50.0
1776884941.1021028,-1.0,-4.0,-55.0
1776884941.1121027,0.0,-4.0,-53.0
1776884941.1221027,0.0,-4.0,-50.0
1776884941.133103,1.0,-5.0,-46.0
1776884941.1421027,1.0,-6.0,-42.0
1776884941.1531026,-1.0,-9.0,-40.0
1776884941.1621027,-3.0,-7.0,-50.0
1776884941.1721027,0.0,-3.0,-57.0
1776884941.1831028,3.0,-4.0,-52.0
1776884941.1931028,3.0,-2.0,-43.0
1776884941.2031028,0.0,-3.0,-42.0
1776884941.2131028,-3.0,-4.0,-39.0
1776884941.2221026,0.0,-4.0,-38.0
1776884941.2331028,1.0,-4.0,-36.0
1776884941.2431028,-4.0,-5.0,-39.0
1776884941.2531028,-5.0,-4.0,-35.0
1776884941.2631028,0.0,-6.0,-40.0
1776884941.2731028,1.0,-4.0,-30.0
1776884941.2831028,5.0,-3.0,-34.0
1776884941.2931027,7.0,1.0,-40.0
1776884941.3031027,0.0,4.0,-45.0
1776884941.3131027,0.0,4.0,-48.0
1776884941.3231027,0.0,2.0,-47.0
1776884941.3331027,7.0,1.0,-43.0
1776884941.3431027,9.0,2.0,-43.0
1776884941.3531027,6.0,0.0,-44.0
1776884941.363103,6.0,1.0,-39.0
1776884941.373103,2.0,4.0,-41.0
1776884941.383103,1.0,5.0,-48.0
1776884941.3931026,-1.0,2.0,-44.0
1776884941.4031026,-4.0,-3.0,-42.0
1776884941.4131026,-3.0,-3.0,-46.0
1776884941.4231029,-2.0,-2.0,-43.0
1776884941.4331028,-4.0,-5.0,-44.0
1776884941.4431028,-2.0,-3.0,-45.0
1776884941.4531028,1.0,-2.0,-47.0
1776884941.4631028,0.0,0.0,-50.0
1776884941.4731028,2.0,-2.0,-56.0
1776884941.4831028,2.0,-1.0,-47.0
1776884941.4931028,1.0,5.0,-38.0
1776884941.5031028,1.0,5.0,-35.0
1776884941.5131028,6.0,5.0,-38.0
1776884941.5231028,12.0,1.0,-41.0
1776884941.5331028,11.0,0.0,-42.0
1776884941.5431027,7.0,-3.0,-46.0
1776884941.5531027,3.0,-6.0,-37.0
1776884941.5631027,2.0,-4.0,-43.0
1776884941.5731027,0.0,-2.0,-51.0
1776884941.5831027,-1.0,0.0,-44.0
1776884941.5931027,-5.0,1.0,-56.0
1776884941.6031027,-5.0,-1.0,-58.0
1776884941.613103,-3.0,-3.0,-53.0
1776884941.623103,1.0,0.0,-39.0
1776884941.633103,1.0,2.0,-40.0
1776884941.6431026,0.0,2.0,-42.0
1776884941.6531026,-3.0,-1.0,-44.0
1776884941.6631026,-5.0,0.0,-48.0
1776884941.6731029,-5.0,0.0,-45.0
1776884941.6831028,3.0,0.0,-50.0
1776884941.6931028,3.0,2.0,-46.0
1776884941.7031028,5.0,1.0,-44.0
1776884941.7131028,4.0,0.0,-45.0
1776884941.7231028,3.0,2.0,-48.0
1776884941.7331028,1.0,0.0,-50.0
1776884941.7431028,0.0,-4.0,-51.0
1776884941.7531028,2.0,-2.0,-51.0
1776884941.7631028,2.0,-2.0,-50.0
1776884941.7731028,1.0,0.0,-48.0
1776884941.7831028,2.0,-3.0,-45.0
1776884941.7931027,2.0,-3.0,-48.0
1776884941.8031027,2.0,-7.0,-51.0
1776884941.8131027,5.0,-8.0,-49.0
1776884941.8231027,3.0,-7.0,-48.0
1776884941.8331027,4.0,0.0,-46.0
1776884941.8431027,4.0,0.0,-42.0
1776884941.8531027,5.0,0.0,-38.0
1776884941.863103,6.0,-3.0,-36.0
1776884941.873103,4.0,-4.0,-46.0
1776884941.883103,-3.0,-3.0,-52.0
1776884941.8931026,-4.0,0.0,-51.0
1776884941.9031026,-7.0,-4.0,-46.0
1776884941.9131026,-2.0,-9.0,-44.0
1776884941.9231029,-1.0,-10.0,-46.0
1776884941.9331028,-4.0,-3.0,-44.0
1776884941.9431028,4.0,1.0,-51.0
1776884941.9531028,7.0,2.0,-45.0
1776884941.9631028,5.0,0.0,-55.0
1776884941.9731028,5.0,1.0,-56.0
1776884941.9831028,8.0,-1.0,-55.0
1776884941.9931028,6.0,0.0,-60.0
1776884942.0031028,4.0,1.0,-53.0
1776884942.0131028,3.0,2.0,-51.0
1776884942.0231028,3.0,1.0,-49.0
1776884942.0331028,0.0,0.0,-50.0
1776884942.0431027,1.0,-2.0,-41.0
1776884942.0531027,2.0,0.0,-42.0
1776884942.0631027,-3.0,0.0,-43.0
1776884942.0731027,-6.0,0.0,-41.0
1776884942.0831027,-7.0,2.0,-41.0
1776884942.0931027,-9.0,0.0,-40.0
1776884942.1031027,-11.0,-1.0,-42.0
1776884942.113103,-13.0,0.0,-45.0
1776884942.123103,-10.0,0.0,-46.0
1776884942.133103,-4.0,-8.0,-44.0
1776884942.1431026,0.0,-6.0,-41.0
1776884942.1531026,1.0,-3.0,-45.0
1776884942.1631026,-1.0,-5.0,-40.0
1776884942.1731029,-2.0,-2.0,-48.0
1776884942.1831028,2.0,-1.0,-52.0
1776884942.1931028,3.0,-1.0,-56.0
1776884942.2031028,2.0,-1.0,-52.0
1776884942.2131028,1.0,0.0,-57.0
1776884942.2231028,0.0,-2.0,-56.0
1776884942.2331028,2.0,1.0,-57.0
1776884942.2431028,2.0,5.0,-55.0
1776884942.2531028,3.0,8.0,-57.0
1776884942.2631028,2.0,6.0,-56.0
1776884942.2731028,2.0,4.0,-56.0
1776884942.2831028,2.0,0.0,-58.0
1776884942.2931027,0.0,0.0,-51.0
1776884942.3031027,-1.0,0.0,-44.0
1776884942.3131027,-2.0,-3.0,-39.0
1776884942.3231027,-1.0,-5.0,-38.0
1776884942.3331027,1.0,-4.0,-39.0
1776884942.3431027,3.0,-7.0,-40.0
1776884942.3531027,0.0,-8.0,-42.0
1776884942.363103,-1.0,-2.0,-41.0
1776884942.373103,-1.0,3.0,-38.0
1776884942.383103,0.0,0.0,-35.0
1776884942.3931026,-2.0,1.0,-36.0
1776884942.4031026,-2.0,0.0,-42.0
1776884942.4131026,0.0,-1.0,-42.0
1776884942.4231029,0.0,0.0,-48.0
1776884942.4331028,2.0,3.0,-50.0
1776884942.4431028,3.0,0.0,-52.0
1776884942.4531028,1.0,0.0,-46.0
1776884942.4631028,4.0,-2.0,-48.0
1776884942.4731028,-1.0,-2.0,-49.0
1776884942.4831028,-2.0,0.0,-50.0
1776884942.4931028,1.0,0.0,-53.0
1776884942.5031028,0.0,-4.0,-53.0
1776884942.5131028,1.0,-3.0,-47.0
1776884942.5231028,2.0,-1.0,-38.0
1776884942.5331028,2.0,-2.0,-39.0
1776884942.5431027,1.0,-4.0,-34.0
1776884942.5531027,0.0,1.0,-37.0
1776884942.5631027,0.0,1.0,-45.0
1776884942.5731027,-4.0,3.0,-49.0
1776884942.5831027,-4.0,-1.0,-53.0
1776884942.5931027,-5.0,-2.0,-47.0
1776884942.6031027,-11.0,-3.0,-44.0
1776884942.613103,-12.0,-4.0,-40.0
1776884942.623103,-6.0,-4.0,-41.0
1776884942.633103,-7.0,-8.0,-44.0
1776884942.6431026,-6.0,-5.0,-43.0
1776884942.6531026,-1.0,-3.0,-47.0
1776884942.6631026,2.0,1.0,-42.0
1776884942.6731029,3.0,4.0,-47.0
1776884942.6831028,6.0,3.0,-49.0
1776884942.6931028,-1.0,5.0,-49.0
1776884942.7031028,-1.0,5.0,-51.0
1776884942.7131028,-1.0,4.0,-52.0
1776884942.7231028,1.0,4.0,-48.0
1776884942.7331028,1.0,0.0,-46.0
1776884942.7431028,-1.0,-1.0,-45.0
1776884942.7531028,0.0,-1.0,-37.0
1776884942.7631028,1.0,-1.0,-44.0
1776884942.7731028,0.0,-1.0,-40.0
1776884942.7831028,5.0,2.0,-42.0
1776884942.7931027,3.0,-1.0,-39.0
1776884942.8031027,0.0,0.0,-40.0
1776884942.8131027,0.0,2.0,-44.0
1776884942.8231027,1.0,1.0,-44.0
1776884942.8331027,-1.0,1.0,-44.0
1776884942.8431027,0.0,-1.0,-51.0
1776884942.8531027,4.0,-4.0,-44.0
1776884942.863103,3.0,-1.0,-43.0
1776884942.873103,8.0,-3.0,-40.0
1776884942.883103,10.0,-4.0,-44.0
1776884942.8931026,6.0,0.0,-40.0
1776884942.9031026,5.0,0.0,-39.0
1776884942.9131026,2.0,0.0,-39.0
1776884942.9231029,1.0,1.0,-39.0
1776884942.9331028,2.0,2.0,-42.0
1776884942.9431028,2.0,-2.0,-48.0
1776884942.9531028,0.0,2.0,-52.0
1776884942.9631028,4.0,2.0,-51.0
1776884942.9731028,7.0,0.0,-55.0
1776884942.9831028,7.0,-6.0,-59.0
1776884942.9931028,7.0,-7.0,-58.0
1776884943.0031028,4.0,-3.0,-50.0
1776884943.0131028,1.0,0.0,-51.0
1776884943.0231028,4.0,4.0,-48.0
1776884943.0331028,3.0,2.0,-51.0
1776884943.0431027,7.0,-2.0,-55.0
1776884943.0531027,7.0,-4.0,-56.0
1776884943.0631027,8.0,-5.0,-54.0
1776884943.0731027,2.0,0.0,-53.0
1776884943.0831027,1.0,4.0,-52.0
1776884943.0931027,0.0,3.0,-53.0
1776884943.1031027,0.0,1.0,-54.0
1776884943.113103,3.0,-1.0,-54.0
1776884943.1241028,7.0,-2.0,-50.0
1776884943.133103,9.0,-5.0,-47.0
1776884943.1431026,7.0,-5.0,-48.0
1776884943.1541028,8.0,-5.0,-46.0
1776884943.1641028,4.0,-3.0,-52.0
1776884943.1741028,-1.0,-2.0,-49.0
1776884943.1841028,-6.0,-3.0,-50.0
1776884943.1941028,-9.0,-2.0,-43.0
1776884943.2041028,-6.0,0.0,-43.0
1776884943.2141027,-3.0,1.0,-42.0
1776884943.2241027,-4.0,6.0,-42.0
1776884943.2341027,0.0,3.0,-48.0
1776884943.2441027,-1.0,1.0,-44.0
1776884943.2541027,-5.0,-1.0,-50.0
1776884943.2641027,-4.0,-2.0,-50.0
1776884943.2741027,-2.0,-2.0,-45.0
1776884943.284103,1.0,-1.0,-47.0
1776884943.294103,0.0,0.0,-44.0
1776884943.304103,2.0,-1.0,-42.0
1776884943.3141026,1.0,2.0,-46.0
1776884943.3241026,3.0,5.0,-39.0
1776884943.3341026,2.0,2.0,-49.0
1776884943.3441026,0.0,1.0,-50.0
1776884943.3541028,3.0,-1.0,-45.0
1776884943.3641028,4.0,-3.0,-42.0
1776884943.3741028,3.0,-6.0,-45.0
1776884943.3841028,3.0,0.0,-47.0
1776884943.3941028,3.0,0.0,-51.0
1776884943.4041028,1.0,0.0,-50.0
1776884943.4141028,0.0,-3.0,-49.0
1776884943.4241028,0.0,-5.0,-47.0
1776884943.4341028,0.0,-5.0,-50.0
1776884943.4441028,0.0,-1.0,-48.0
1776884943.4541028,3.0,1.0,-41.0
1776884943.4641027,6.0,0.0,-38.0
1776884943.4741027,6.0,5.0,-41.0
1776884943.4841027,7.0,6.0,-40.0
1776884943.4941027,2.0,1.0,-38.0
1776884943.5041027,4.0,-4.0,-40.0
1776884943.5141027,4.0,-6.0,-43.0
1776884943.5241027,0.0,-5.0,-50.0
1776884943.534103,0.0,-3.0,-44.0
1776884943.544103,3.0,-1.0,-48.0
1776884943.554103,2.0,-2.0,-55.0
1776884943.5641026,1.0,-3.0,-46.0
1776884943.5741026,6.0,-1.0,-50.0
1776884943.5841026,4.0,2.0,-49.0
1776884943.5941026,4.0,2.0,-50.0
1776884943.6041028,2.0,0.0,-52.0
1776884943.6141028,4.0,0.0,-55.0
1776884943.6241028,4.0,0.0,-59.0
1776884943.6341028,2.0,0.0,-53.0
1776884943.6441028,4.0,3.0,-50.0
1776884943.6541028,8.0,4.0,-47.0
1776884943.6641028,6.0,3.0,-49.0
1776884943.6741028,11.0,2.0,-46.0
1776884943.6841028,11.0,1.0,-45.0
1776884943.6941028,13.0,2.0,-41.0
1776884943.7041028,7.0,2.0,-46.0
1776884943.7141027,7.0,0.0,-45.0
1776884943.7241027,4.0,0.0,-44.0
1776884943.7341027,6.0,0.0,-42.0
1776884943.7441027,6.0,-1.0,-40.0
1776884943.7541027,4.0,-2.0,-41.0
1776884943.7641027,-1.0,-1.0,-50.0
1776884943.7741027,-1.0,0.0,-42.0
1776884943.784103,-4.0,0.0,-41.0
1776884943.794103,-2.0,0.0,-44.0
1776884943.804103,-8.0,-5.0,-43.0
1776884943.8141026,-4.0,-4.0,-50.0
1776884943.8241026,-5.0,-6.0,-52.0
1776884943.8341026,0.0,-6.0,-56.0
1776884943.8441026,-3.0,-3.0,-54.0
1776884943.8541028,-1.0,0.0,-50.0
1776884943.8641028,-4.0,2.0,-48.0
1776884943.8741028,-5.0,6.0,-50.0
1776884943.8841028,-4.0,6.0,-50.0
1776884943.8941028,-1.0,1.0,-54.0
1776884943.9041028,-2.0,2.0,-49.0
1776884943.9141028,-3.0,3.0,-55.0
1776884943.9241028,0.0,1.0,-57.0
1776884943.9341028,3.0,2.0,-53.0
1776884943.9441028,5.0,0.0,-53.0
1776884943.9541028,5.0,-5.0,-60.0
1776884943.9641027,3.0,-7.0,-57.0
1776884943.9741027,-2.0,-8.0,-53.0
1776884943.9841027,-4.0,-4.0,-51.0
1776884943.9941027,-7.0,-6.0,-51.0
1776884944.0041027,-4.0,-6.0,-45.0
1776884944.0141027,-1.0,-5.0,-51.0
1776884944.0241027,-1.0,-5.0,-52.0
1776884944.034103,0.0,-5.0,-47.0
1776884944.044103,-2.0,-2.0,-48.0
1776884944.054103,-5.0,2.0,-45.0
1776884944.0641026,-4.0,0.0,-42.0
1776884944.0741026,0.0,0.0,-42.0
1776884944.0841026,2.0,0.0,-40.0
1776884944.0941026,0.0,2.0,-44.0
1776884944.1041028,0.0,4.0,-47.0
1776884944.1141028,0.0,8.0,-44.0
1776884944.1241028,4.0,3.0,-45.0
1776884944.1341028,6.0,2.0,-46.0
1776884944.1441028,5.0,2.0,-51.0
1776884944.1541028,1.0,1.0,-49.0
1776884944.1641028,0.0,2.0,-55.0
1776884944.1741028,4.0,5.0,-52.0
1776884944.1841028,3.0,4.0,-56.0
1776884944.1941028,1.0,1.0,-60.0
1776884944.2041028,2.0,-2.0,-62.0
1776884944.2141027,0.0,-3.0,-60.0
1776884944.2241027,-2.0,-4.0,-54.0
1776884944.2341027,0.0,-1.0,-53.0
1776884944.2441027,3.0,-1.0,-50.0
1776884944.2541027,2.0,-4.0,-46.0
1776884944.2641027,1.0,-5.0,-46.0
1776884944.2741027,2.0,-4.0,-50.0
1776884944.284103,6.0,-5.0,-51.0
1776884944.294103,3.0,-5.0,-48.0
1776884944.304103,-2.0,-7.0,-50.0
1776884944.3141026,-4.0,-4.0,-54.0
1776884944.3241026,-1.0,-2.0,-51.0
1776884944.3341026,8.0,0.0,-49.0
1776884944.3441026,8.0,2.0,-50.0
1776884944.3541028,4.0,2.0,-56.0
1776884944.3641028,1.0,0.0,-63.0
1776884944.3741028,0.0,0.0,-60.0
1776884944.3841028,-1.0,-1.0,-56.0
1776884944.3941028,-3.0,0.0,-56.0
1776884944.4041028,-3.0,0.0,-48.0
1776884944.4141028,-3.0,-2.0,-42.0
1776884944.4241028,0.0,-4.0,-40.0
1776884944.4341028,3.0,-5.0,-48.0
1776884944.4441028,1.0,-1.0,-49.0
1776884944.4541028,0.0,-2.0,-51.0
1776884944.4641027,0.0,-3.0,-52.0
1776884944.4741027,-4.0,0.0,-53.0
1776884944.4841027,-1.0,3.0,-49.0
1776884944.4941027,2.0,1.0,-44.0
1776884944.5041027,3.0,2.0,-42.0
1776884944.5141027,0.0,3.0,-44.0
1776884944.5241027,-6.0,4.0,-44.0
1776884944.534103,-4.0,0.0,-46.0
1776884944.544103,0.0,0.0,-49.0
1776884944.554103,2.0,3.0,-54.0
1776884944.5641026,2.0,4.0,-55.0
1776884944.5741026,3.0,0.0,-52.0
1776884944.5841026,2.0,-3.0,-47.0
1776884944.5941026,1.0,-5.0,-45.0
1776884944.6041028,0.0,-4.0,-46.0
1776884944.6141028,2.0,-4.0,-47.0
1776884944.6241028,0.0,-1.0,-40.0
1776884944.6341028,-1.0,-1.0,-47.0
1776884944.6441028,-1.0,-4.0,-48.0
1776884944.6541028,2.0,0.0,-47.0
1776884944.6641028,3.0,-3.0,-44.0
1776884944.6741028,2.0,-2.0,-38.0
1776884944.6841028,10.0,-4.0,-43.0
1776884944.6941028,6.0,-6.0,-44.0
1776884944.7041028,8.0,-3.0,-48.0
1776884944.7141027,6.0,-3.0,-51.0
1776884944.7241027,6.0,-8.0,-52.0
1776884944.7341027,5.0,-6.0,-52.0
1776884944.7441027,9.0,-6.0,-48.0
1776884944.7541027,6.0,-9.0,-48.0
1776884944.7641027,9.0,-6.0,-46.0
1776884944.7741027,10.0,-7.0,-51.0
1776884944.784103,2.0,-7.0,-45.0
1776884944.794103,-1.0,-7.0,-45.0
1776884944.804103,-2.0,-6.0,-48.0
1776884944.8141026,-4.0,-5.0,-44.0
1776884944.8241026,-6.0,-2.0,-39.0
1776884944.8341026,-4.0,-1.0,-39.0
1776884944.8441026,-6.0,-1.0,-44.0
1776884944.8541028,-5.0,-5.0,-48.0
1776884944.8641028,-6.0,-5.0,-48.0
1776884944.8741028,-7.0,-6.0,-46.0
1776884944.8841028,-3.0,-3.0,-50.0
1776884944.8941028,-4.0,1.0,-53.0
1776884944.9041028,-7.0,3.0,-50.0
1776884944.9141028,-7.0,6.0,-52.0
1776884944.9241028,-2.0,3.0,-56.0
1776884944.9341028,-3.0,-1.0,-57.0
1776884944.9441028,-4.0,-1.0,-60.0
1776884944.9541028,0.0,0.0,-60.0
1776884944.9641027,0.0,1.0,-59.0
1776884944.9741027,0.0,2.0,-54.0
1776884944.9841027,2.0,0.0,-53.0
1776884944.9941027,2.0,-1.0,-46.0
1776884945.0041027,6.0,-2.0,-39.0
1776884945.0141027,6.0,-5.0,-38.0
1776884945.0241027,10.0,-3.0,-37.0
1776884945.034103,6.0,-5.0,-35.0
1776884945.044103,3.0,-7.0,-36.0
1776884945.054103,0.0,-1.0,-41.0
1776884945.0641026,3.0,2.0,-37.0
1776884945.0741026,0.0,1.0,-41.0
1776884945.0851028,-2.0,-3.0,-44.0
1776884945.0951028,2.0,1.0,-46.0
1776884945.1051028,1.0,2.0,-51.0
1776884945.1151028,3.0,1.0,-51.0
1776884945.1251028,-1.0,1.0,-46.0
1776884945.1351027,-3.0,-2.0,-42.0
1776884945.1451027,1.0,-7.0,-48.0
1776884945.1551027,1.0,-2.0,-44.0
1776884945.1651027,1.0,-1.0,-34.0
1776884945.1751027,4.0,-1.0,-38.0
1776884945.1851027,8.0,-1.0,-38.0
1776884945.1951027,10.0,-5.0,-41.0
1776884945.2051027,7.0,-4.0,-45.0
1776884945.215103,5.0,-3.0,-46.0
1776884945.225103,6.0,-5.0,-51.0
1776884945.235103,4.0,-7.0,-49.0
1776884945.2451026,0.0,-5.0,-45.0
1776884945.2551026,-2.0,-8.0,-44.0
1776884945.2651026,-1.0,-7.0,-44.0
1776884945.2751029,0.0,-10.0,-41.0
1776884945.2851028,-5.0,-9.0,-37.0
1776884945.2951028,-6.0,-4.0,-34.0
1776884945.3051028,-8.0,-1.0,-28.0
1776884945.3151028,-10.0,-3.0,-29.0
1776884945.3251028,-6.0,-7.0,-31.0
1776884945.3351028,0.0,-7.0,-36.0
1776884945.3451028,0.0,-5.0,-35.0
1776884945.3551028,0.0,-3.0,-35.0
1776884945.3651028,0.0,-5.0,-40.0
1776884945.3751028,-1.0,-4.0,-44.0
1776884945.3851027,0.0,-8.0,-40.0
1776884945.3951027,4.0,-7.0,-34.0
1776884945.4051027,4.0,-3.0,-36.0
1776884945.4151027,7.0,-5.0,-37.0
1776884945.4251027,5.0,-5.0,-34.0
1776884945.4351027,5.0,-5.0,-32.0
1776884945.4451027,4.0,-7.0,-32.0
1776884945.4551027,3.0,-6.0,-41.0
1776884945.465103,-3.0,-3.0,-50.0
1776884945.475103,0.0,-2.0,-58.0
1776884945.485103,1.0,-2.0,-62.0
1776884945.4951026,-1.0,-2.0,-54.0
1776884945.5051026,0.0,-5.0,-44.0
1776884945.5151026,0.0,-1.0,-40.0
1776884945.5251029,2.0,-1.0,-40.0
1776884945.5351028,1.0,-5.0,-36.0
1776884945.5451028,3.0,-3.0,-32.0
1776884945.5551028,4.0,-4.0,-43.0
1776884945.5651028,2.0,-4.0,-52.0
1776884945.5751028,1.0,-2.0,-43.0
1776884945.5851028,-2.0,2.0,-41.0
1776884945.5951028,-4.0,0.0,-40.0
1776884945.6051028,-4.0,-2.0,-41.0
1776884945.6151028,-9.0,-4.0,-46.0
1776884945.6251028,-8.0,-2.0,-44.0
1776884945.6351027,-5.0,-3.0,-41.0
1776884945.6451027,-4.0,-1.0,-36.0
1776884945.6551027,0.0,0.0,-35.0
1776884945.6651027,-1.0,-1.0,-38.0
1776884945.6751027,-3.0,1.0,-41.0
1776884945.6851027,-6.0,0.0,-45.0
1776884945.6951027,-5.0,-1.0,-45.0
1776884945.7051027,0.0,0.0,-49.0
1776884945.715103,1.0,-1.0,-49.0
1776884945.725103,-1.0,2.0,-46.0
1776884945.735103,1.0,0.0,-44.0
1776884945.7451026,3.0,-1.0,-38.0
1776884945.7551026,8.0,-3.0,-37.0
1776884945.7651026,5.0,-1.0,-35.0
1776884945.7751029,3.0,-1.0,-40.0
1776884945.7851028,1.0,-5.0,-39.0
1776884945.7951028,3.0,-2.0,-37.0
1776884945.8051028,1.0,1.0,-36.0
1776884945.8151028,2.0,0.0,-43.0
1776884945.8251028,1.0,0.0,-48.0
1776884945.8351028,0.0,3.0,-54.0
1776884945.8451028,-3.0,2.0,-56.0
1776884945.8551028,-4.0,0.0,-55.0
1776884945.8651028,-2.0,-2.0,-52.0
1776884945.8751028,-6.0,0.0,-52.0
1776884945.8851027,-10.0,5.0,-50.0
1776884945.8951027,-10.0,7.0,-56.0
1776884945.9051027,-6.0,8.0,-54.0
1776884945.9151027,-3.0,7.0,-47.0
1776884945.9251027,0.0,3.0,-41.0
1776884945.9351027,1.0,-3.0,-46.0
1776884945.9451027,-5.0,-1.0,-42.0
1776884945.9551027,-1.0,-4.0,-51.0
1776884945.965103,0.0,-2.0,-49.0
1776884945.975103,0.0,0.0,-47.0
1776884945.985103,0.0,-1.0,-50.0
1776884945.9951026,4.0,-2.0,-57.0
1776884946.0051026,7.0,-2.0,-52.0
1776884946.0151026,6.0,-2.0,-54.0
1776884946.0251029,-1.0,0.0,-56.0
1776884946.0351028,0.0,0.0,-59.0
1776884946.0451028,1.0,-4.0,-59.0
1776884946.0551028,0.0,-4.0,-46.0
1776884946.0651028,4.0,-2.0,-42.0
1776884946.0751028,2.0,0.0,-49.0
1776884946.0851028,3.0,0.0,-49.0
1776884946.0951028,8.0,1.0,-46.0
1776884946.1051028,4.0,4.0,-44.0
1776884946.1151028,1.0,7.0,-47.0
1776884946.1251028,0.0,6.0,-47.0
1776884946.1351027,1.0,-1.0,-51.0
1776884946.1451027,3.0,-2.0,-52.0
1776884946.1551027,2.0,-5.0,-56.0
1776884946.1651027,5.0,-6.0,-56.0
1776884946.1751027,6.0,-3.0,-54.0
1776884946.1851027,8.0,0.0,-54.0
1776884946.1951027,8.0,0.0,-50.0
1776884946.2051027,4.0,0.0,-54.0
1776884946.215103,-1.0,0.0,-47.0
1776884946.225103,-1.0,0.0,-53.0
1776884946.235103,-3.0,-2.0,-51.0
1776884946.2451026,-3.0,-2.0,-47.0
1776884946.2551026,-2.0,-4.0,-42.0
1776884946.2651026,0.0,0.0,-34.0
1776884946.2751029,2.0,0.0,-39.0
1776884946.2851028,5.0,-5.0,-37.0
1776884946.2951028,9.0,0.0,-37.0
1776884946.3051028,5.0,0.0,-46.0
1776884946.3151028,4.0,0.0,-50.0
1776884946.3251028,7.0,1.0,-49.0
1776884946.3351028,7.0,3.0,-47.0
1776884946.3451028,0.0,0.0,-52.0
1776884946.3551028,3.0,-2.0,-49.0
1776884946.3651028,10.0,-1.0,-46.0
1776884946.3751028,4.0,3.0,-47.0
1776884946.3851027,1.0,5.0,-47.0
1776884946.3951027,0.0,1.0,-48.0
1776884946.4051027,-1.0,0.0,-50.0
1776884946.4151027,-4.0,-3.0,-54.0
1776884946.4251027,-2.0,-4.0,-53.0
1776884946.4351027,0.0,-2.0,-47.0
1776884946.4451027,0.0,1.0,-51.0
1776884946.4551027,1.0,1.0,-44.0
1776884946.465103,0.0,-3.0,-39.0
1776884946.475103,0.0,-5.0,-42.0
1776884946.485103,0.0,-1.0,-43.0
1776884946.4951026,-3.0,-1.0,-51.0
1776884946.5051026,0.0,0.0,-52.0
1776884946.5151026,-1.0,0.0,-53.0
1776884946.5251029,-3.0,-1.0,-55.0
1776884946.5351028,-4.0,-1.0,-55.0
1776884946.5451028,1.0,-2.0,-54.0
1776884946.5551028,0.0,-2.0,-52.0
1776884946.5651028,1.0,-2.0,-44.0
1776884946.5751028,-1.0,-5.0,-48.0
1776884946.5851028,0.0,-7.0,-45.0
1776884946.5951028,2.0,-2.0,-48.0
1776884946.6051028,3.0,-1.0,-46.0
1776884946.6151028,1.0,-3.0,-46.0
1776884946.6251028,-1.0,-3.0,-45.0
1776884946.6351027,0.0,-9.0,-45.0
1776884946.6451027,0.0,-7.0,-46.0
1776884946.6551027,-1.0,-3.0,-40.0
1776884946.6651027,-3.0,-3.0,-34.0
1776884946.6751027,-6.0,-3.0,-30.0
1776884946.6851027,-6.0,0.0,-26.0
1776884946.6951027,-6.0,-2.0,-28.0
1776884946.7051027,-5.0,0.0,-32.0
1776884946.715103,0.0,0.0,-39.0
1776884946.725103,-1.0,0.0,-43.0
1776884946.735103,-3.0,0.0,-46.0
1776884946.7451026,-3.0,-2.0,-44.0
1776884946.7551026,-3.0,0.0,-36.0
1776884946.7651026,-3.0,-1.0,-39.0
1776884946.7751029,-2.0,0.0,-44.0
1776884946.7851028,0.0,3.0,-45.0
1776884946.7951028,1.0,2.0,-45.0
1776884946.8051028,6.0,5.0,-44.0
1776884946.8151028,5.0,3.0,-37.0
1776884946.8251028,3.0,3.0,-36.0
1776884946.8351028,4.0,2.0,-40.0
1776884946.8451028,2.0,0.0,-38.0
1776884946.8551028,8.0,-5.0,-48.0
1776884946.8651028,9.0,-7.0,-55.0
1776884946.8751028,10.0,-5.0,-53.0
1776884946.8851027,10.0,-6.0,-53.0
1776884946.8951027,5.0,-3.0,-55.0
1776884946.9051027,1.0,-1.0,-49.0
1776884946.9151027,1.0,0.0,-50.0
1776884946.9251027,7.0,1.0,-47.0
1776884946.9351027,7.0,-1.0,-45.0
1776884946.9451027,5.0,0.0,-41.0
1776884946.9551027,0.0,0.0,-36.0
1776884946.965103,1.0,3.0,-39.0
1776884946.975103,0.0,4.0,-42.0
1776884946.985103,1.0,8.0,-39.0
1776884946.9951026,1.0,10.0,-36.0
1776884947.0051026,2.0,10.0,-32.0
1776884947.0151026,4.0,5.0,-35.0
1776884947.0251029,0.0,5.0,-42.0
1776884947.0351028,-3.0,2.0,-37.0
1776884947.0451028,-4.0,3.0,-36.0
1776884947.0561028,-4.0,2.0,-43.0
1776884947.0651028,-4.0,5.0,-39.0
1776884947.0761027,-1.0,4.0,-40.0
1776884947.0861027,0.0,3.0,-46.0
1776884947.0961027,-4.0,2.0,-50.0
1776884947.1061027,-5.0,2.0,-50.0
1776884947.1161027,-4.0,0.0,-48.0
1776884947.1261027,-6.0,-1.0,-46.0
1776884947.136103,-4.0,0.0,-49.0
1776884947.146103,0.0,-3.0,-45.0
1776884947.156103,8.0,-3.0,-42.0
1776884947.1661026,0.0,-6.0,-43.0
1776884947.1761026,0.0,-9.0,-42.0
1776884947.1861026,0.0,-9.0,-50.0
1776884947.1961029,0.0,-9.0,-46.0
1776884947.2061028,3.0,-4.0,-35.0
1776884947.2161028,1.0,-2.0,-30.0
1776884947.2261028,3.0,0.0,-30.0
1776884947.2361028,0.0,-3.0,-36.0
1776884947.2461028,0.0,-5.0,-36.0
1776884947.2561028,2.0,-6.0,-33.0
1776884947.2661028,2.0,-4.0,-43.0
1776884947.2761028,3.0,-5.0,-49.0
1776884947.2861028,0.0,-1.0,-44.0
1776884947.2961028,-5.0,-1.0,-40.0
1776884947.3061028,-5.0,-2.0,-39.0
1776884947.3161027,-6.0,-3.0,-44.0
1776884947.3261027,-3.0,0.0,-49.0
1776884947.3361027,2.0,-1.0,-44.0
1776884947.3461027,7.0,-2.0,-41.0
1776884947.3561027,6.0,-3.0,-46.0
1776884947.3661027,6.0,-3.0,-50.0
1776884947.3761027,1.0,-3.0,-46.0
1776884947.386103,-1.0,0.0,-46.0
1776884947.396103,-3.0,0.0,-40.0
1776884947.406103,-3.0,-3.0,-42.0
1776884947.4161026,-3.0,1.0,-37.0
1776884947.4261026,-5.0,4.0,-32.0
1776884947.4361026,-6.0,3.0,-30.0
1776884947.4461029,-8.0,5.0,-43.0
1776884947.4561028,-8.0,5.0,-47.0
1776884947.4661028,-2.0,2.0,-46.0
1776884947.4761028,0.0,3.0,-53.0
1776884947.4861028,1.0,2.0,-52.0
1776884947.4961028,4.0,-1.0,-53.0
1776884947.5061028,4.0,-5.0,-52.0
1776884947.5161028,3.0,-9.0,-49.0
1776884947.5261028,1.0,-9.0,-40.0
1776884947.5361028,1.0,-11.0,-43.0
1776884947.5461028,-1.0,-12.0,-50.0
1776884947.5561028,0.0,-16.0,-47.0
1776884947.5661027,1.0,-14.0,-44.0
1776884947.5761027,4.0,-11.0,-48.0
1776884947.5861027,5.0,-14.0,-47.0
1776884947.5961027,5.0,-14.0,-46.0
1776884947.6061027,7.0,-12.0,-45.0
1776884947.6161027,12.0,-10.0,-47.0
1776884947.6261027,15.0,-15.0,-38.0
1776884947.636103,11.0,-14.0,-34.0
1776884947.646103,9.0,-10.0,-32.0
1776884947.656103,9.0,-7.0,-35.0
1776884947.6661026,10.0,-4.0,-33.0
1776884947.6761026,9.0,-3.0,-31.0
1776884947.6861026,5.0,-2.0,-40.0
1776884947.6961029,1.0,-6.0,-46.0
1776884947.7061028,1.0,-1.0,-44.0
1776884947.7161028,0.0,6.0,-43.0
1776884947.7261028,-1.0,7.0,-41.0
1776884947.7361028,0.0,4.0,-36.0
1776884947.7461028,5.0,0.0,-40.0
1776884947.7561028,1.0,0.0,-41.0
1776884947.7661028,1.0,3.0,-37.0
1776884947.7761028,5.0,5.0,-37.0
1776884947.7861028,4.0,3.0,-35.0
1776884947.7961028,5.0,5.0,-39.0
1776884947.8061028,3.0,6.0,-45.0
1776884947.8161027,-1.0,5.0,-47.0
1776884947.8261027,-3.0,1.0,-47.0
1776884947.8361027,-5.0,2.0,-51.0
1776884947.8461027,1.0,0.0,-48.0
1776884947.8561027,0.0,2.0,-46.0
1776884947.8661027,5.0,0.0,-48.0
1776884947.8761027,8.0,-1.0,-48.0
1776884947.886103,11.0,2.0,-43.0
1776884947.896103,7.0,-3.0,-46.0
1776884947.906103,1.0,-1.0,-44.0
1776884947.9161026,7.0,0.0,-41.0
1776884947.9261026,2.0,0.0,-43.0
1776884947.9361026,-1.0,0.0,-34.0
1776884947.9461029,-4.0,-2.0,-37.0
1776884947.9561028,-3.0,-6.0,-32.0
1776884947.9661028,0.0,-3.0,-31.0
1776884947.9761028,3.0,-1.0,-32.0
1776884947.9861028,1.0,0.0,-40.0
1776884947.9961028,3.0,0.0,-46.0
1776884948.0061028,0.0,1.0,-50.0
1776884948.0161028,0.0,2.0,-51.0
1776884948.0261028,4.0,1.0,-49.0
1776884948.0361028,4.0,0.0,-48.0
1776884948.0461028,4.0,0.0,-48.0
1776884948.0561028,2.0,2.0,-45.0
1776884948.0661027,1.0,0.0,-47.0
1776884948.0761027,-2.0,-1.0,-47.0
1776884948.0861027,-5.0,-7.0,-44.0
1776884948.0961027,-3.0,-4.0,-44.0
1776884948.1061027,-2.0,-4.0,-49.0
1776884948.1161027,-1.0,-3.0,-47.0
1776884948.1261027,2.0,-4.0,-43.0
1776884948.136103,1.0,-3.0,-43.0
1776884948.146103,-2.0,-1.0,-43.0
1776884948.156103,-5.0,-1.0,-41.0
1776884948.1661026,-5.0,-3.0,-43.0
1776884948.1761026,-4.0,-4.0,-33.0
1776884948.1861026,-8.0,-3.0,-40.0
1776884948.1961029,-3.0,-5.0,-39.0
1776884948.2061028,1.0,0.0,-43.0
1776884948.2161028,8.0,-1.0,-46.0
1776884948.2261028,7.0,0.0,-50.0
1776884948.2361028,0.0,-1.0,-54.0
1776884948.2461028,1.0,0.0,-54.0
1776884948.2561028,1.0,-2.0,-48.0
1776884948.2661028,4.0,0.0,-50.0
1776884948.2761028,6.0,-1.0,-51.0
1776884948.2861028,6.0,0.0,-52.0
1776884948.2961028,5.0,0.0,-55.0
1776884948.3061028,1.0,-4.0,-52.0
1776884948.3161027,0.0,-5.0,-54.0
1776884948.3261027,3.0,-6.0,-56.0
1776884948.3361027,5.0,-10.0,-54.0
1776884948.3461027,4.0,-10.0,-53.0
1776884948.3561027,6.0,-6.0,-51.0
1776884948.3661027,7.0,-4.0,-46.0
1776884948.3761027,4.0,-3.0,-46.0
1776884948.386103,2.0,-4.0,-49.0
1776884948.396103,-3.0,-9.0,-44.0
1776884948.406103,-3.0,-8.0,-44.0
1776884948.4161026,-1.0,-5.0,-48.0
1776884948.4261026,1.0,-6.0,-40.0
1776884948.4361026,4.0,-8.0,-34.0
1776884948.4461029,3.0,-7.0,-36.0
1776884948.4561028,3.0,0.0,-37.0
1776884948.4661028,0.0,0.0,-37.0
1776884948.4761028,0.0,-1.0,-35.0
1776884948.4861028,0.0,-4.0,-32.0
1776884948.4961028,3.0,-6.0,-36.0
1776884948.5061028,2.0,-8.0,-38.0
1776884948.5161028,2.0,-5.0,-35.0
1776884948.5261028,1.0,-3.0,-43.0
1776884948.5361028,1.0,-4.0,-47.0
1776884948.5461028,2.0,-7.0,-56.0
1776884948.5561028,3.0,-9.0,-55.0
1776884948.5661027,4.0,-3.0,-53.0
1776884948.5761027,2.0,-2.0,-49.0
1776884948.5861027,7.0,-5.0,-45.0
1776884948.5961027,8.0,-9.0,-45.0
1776884948.6061027,4.0,-9.0,-49.0
1776884948.6161027,2.0,-7.0,-49.0
1776884948.6261027,0.0,-5.0,-47.0
1776884948.636103,1.0,-2.0,-48.0
1776884948.646103,2.0,-3.0,-40.0
1776884948.656103,0.0,-1.0,-44.0
1776884948.6661026,0.0,-4.0,-43.0
1776884948.6761026,1.0,0.0,-48.0
1776884948.6861026,-3.0,0.0,-49.0
1776884948.6961029,-3.0,0.0,-45.0
1776884948.7061028,-3.0,0.0,-41.0
1776884948.7161028,-6.0,0.0,-39.0
1776884948.7261028,-3.0,4.0,-43.0
1776884948.7361028,-6.0,4.0,-44.0
1776884948.7461028,-8.0,0.0,-45.0
1776884948.7561028,-5.0,-3.0,-49.0
1776884948.7661028,-3.0,-2.0,-53.0
1776884948.7761028,-1.0,1.0,-48.0
1776884948.7861028,0.0,1.0,-51.0
1776884948.7961028,-1.0,3.0,-52.0
1776884948.8061028,0.0,5.0,-53.0
1776884948.8161027,0.0,4.0,-56.0
1776884948.8261027,3.0,0.0,-51.0
1776884948.8361027,6.0,2.0,-50.0
1776884948.8461027,6.0,0.0,-51.0
1776884948.8561027,0.0,-5.0,-44.0
1776884948.8661027,0.0,-4.0,-43.0
1776884948.8761027,4.0,-2.0,-41.0
1776884948.886103,0.0,-5.0,-35.0
1776884948.896103,-2.0,-6.0,-40.0
1776884948.906103,-4.0,-1.0,-51.0
1776884948.9161026,-6.0,1.0,-50.0
1776884948.9261026,-3.0,0.0,-56.0
1776884948.9361026,-4.0,2.0,-52.0
1776884948.9461029,-7.0,1.0,-50.0
1776884948.9561028,-4.0,2.0,-49.0
1776884948.9661028,1.0,1.0,-45.0
1776884948.9761028,3.0,-1.0,-47.0
1776884948.9861028,-3.0,0.0,-50.0
1776884948.9961028,0.0,0.0,-46.0
1776884949.0061028,2.0,-1.0,-43.0
1776884949.0161028,4.0,-4.0,-51.0
1776884949.0261028,0.0,0.0,-51.0
1776884949.0361028,0.0,-1.0,-51.0
1776884949.0471027,0.0,-1.0,-60.0
1776884949.057103,0.0,-6.0,-59.0
1776884949.067103,2.0,-8.0,-61.0
1776884949.077103,-1.0,-12.0,-51.0
1776884949.087103,-2.0,-11.0,-50.0
1776884949.0971026,0.0,-7.0,-52.0
1776884949.1071026,-3.0,-3.0,-43.0
1776884949.1171026,-8.0,-2.0,-43.0
1776884949.1271029,-7.0,0.0,-46.0
1776884949.1371028,-3.0,-3.0,-51.0
1776884949.1471028,-2.0,-3.0,-47.0
1776884949.1571028,-2.0,-7.0,-50.0
1776884949.1671028,-7.0,-7.0,-44.0
1776884949.1771028,-8.0,-6.0,-51.0
1776884949.1871028,-8.0,-5.0,-49.0
1776884949.1971028,-6.0,-3.0,-48.0
1776884949.2071028,-1.0,-2.0,-52.0
1776884949.2171028,-1.0,-5.0,-47.0
1776884949.2271028,0.0,-4.0,-37.0
1776884949.2371027,-1.0,-3.0,-39.0
1776884949.2471027,-3.0,-2.0,-43.0
1776884949.2571027,-6.0,0.0,-46.0
1776884949.2671027,-2.0,0.0,-48.0
1776884949.2771027,-2.0,-1.0,-54.0
1776884949.2871027,-5.0,0.0,-57.0
1776884949.2971027,-1.0,-2.0,-54.0
1776884949.307103,3.0,-7.0,-55.0
1776884949.317103,4.0,-9.0,-52.0
1776884949.327103,-1.0,-6.0,-52.0
1776884949.337103,-5.0,-2.0,-55.0
1776884949.3471026,-5.0,0.0,-55.0
1776884949.3571026,-4.0,-4.0,-59.0
1776884949.3671026,-4.0,-7.0,-49.0
1776884949.3771029,-5.0,-4.0,-50.0
1776884949.3871028,-1.0,-3.0,-51.0
1776884949.3971028,1.0,-5.0,-52.0
1776884949.4071028,2.0,-10.0,-46.0
1776884949.4171028,0.0,-2.0,-40.0
1776884949.4271028,0.0,-1.0,-43.0
1776884949.4371028,0.0,-1.0,-39.0
1776884949.4471028,0.0,1.0,-41.0
1776884949.4571028,6.0,2.0,-40.0
1776884949.4671028,8.0,0.0,-43.0
1776884949.4771028,7.0,0.0,-40.0
1776884949.4871027,5.0,2.0,-44.0
1776884949.4971027,6.0,1.0,-51.0
1776884949.5071027,3.0,2.0,-52.0
1776884949.5171027,0.0,1.0,-46.0
1776884949.5271027,0.0,4.0,-47.0
1776884949.5371027,5.0,2.0,-40.0
1776884949.5471027,7.0,0.0,-40.0
1776884949.557103,4.0,0.0,-41.0
1776884949.567103,0.0,-3.0,-42.0
1776884949.577103,2.0,0.0,-43.0
1776884949.587103,1.0,2.0,-42.0
1776884949.5971026,-1.0,1.0,-47.0
1776884949.6071026,0.0,-3.0,-49.0
1776884949.6171026,-1.0,-3.0,-45.0
1776884949.6271029,2.0,0.0,-38.0
1776884949.6371028,0.0,-2.0,-43.0
1776884949.6471028,-3.0,-6.0,-45.0
1776884949.6571028,-3.0,-6.0,-47.0
1776884949.6671028,0.0,-6.0,-46.0
1776884949.6771028,0.0,-3.0,-52.0
1776884949.6871028,1.0,-4.0,-46.0
1776884949.6971028,1.0,-2.0,-43.0
1776884949.7071028,5.0,-6.0,-44.0
1776884949.7171028,5.0,-1.0,-41.0
1776884949.7271028,6.0,-1.0,-38.0
1776884949.7371027,6.0,-5.0,-42.0
1776884949.7471027,9.0,-7.0,-45.0
1776884949.7571027,5.0,-9.0,-45.0
1776884949.7671027,6.0,-9.0,-45.0
1776884949.7781026,10.0,-6.0,-46.0
1776884949.7871027,6.0,-6.0,-49.0
1776884949.7971027,5.0,-1.0,-45.0
1776884949.807103,1.0,-1.0,-53.0
1776884949.817103,4.0,0.0,-60.0
1776884949.827103,7.0,0.0,-58.0
1776884949.837103,0.0,1.0,-55.0
1776884949.8471026,-7.0,-3.0,-59.0
1776884949.8571026,-3.0,-8.0,-63.0
1776884949.8671026,0.0,-9.0,-59.0
1776884949.8771029,1.0,-7.0,-60.0
1776884949.8871028,4.0,-5.0,-58.0
1776884949.8971028,1.0,-1.0,-51.0
1776884949.9071028,-1.0,-4.0,-52.0
1776884949.9171028,-2.0,-2.0,-52.0
1776884949.9271028,1.0,-4.0,-51.0
1776884949.9371028,0.0,-5.0,-48.0
1776884949.9471028,-1.0,-4.0,-45.0
1776884949.9571028,-1.0,-4.0,-40.0
1776884949.9671028,-1.0,-6.0,-41.0
1776884949.9771028,-2.0,-1.0,-43.0
1776884949.9871027,-2.0,0.0,-45.0
1776884949.9971027,-5.0,2.0,-46.0
1776884950.0071027,-3.0,1.0,-53.0
1776884950.0171027,-2.0,0.0,-52.0
1776884950.0271027,-3.0,-4.0,-52.0
1776884950.0371027,-1.0,-3.0,-48.0
1776884950.0471027,-4.0,-4.0,-49.0
1776884950.057103,-5.0,-6.0,-50.0
1776884950.067103,-7.0,-4.0,-49.0
1776884950.077103,-5.0,-5.0,-51.0
1776884950.087103,-4.0,-10.0,-50.0
1776884950.0971026,0.0,-10.0,-57.0
1776884950.1071026,0.0,-5.0,-53.0
1776884950.1171026,-2.0,-5.0,-49.0
1776884950.1271029,-3.0,-6.0,-50.0
1776884950.1371028,-5.0,-5.0,-44.0
1776884950.1471028,-9.0,-6.0,-48.0
1776884950.1571028,-7.0,-4.0,-45.0
1776884950.1671028,-7.0,-3.0,-52.0
1776884950.1771028,-3.0,-6.0,-54.0
1776884950.1871028,-4.0,-10.0,-54.0
1776884950.1971028,-7.0,-8.0,-49.0
1776884950.2071028,-4.0,-7.0,-48.0
1776884950.2171028,-3.0,-6.0,-49.0
1776884950.2271028,-4.0,0.0,-50.0
1776884950.2371027,0.0,0.0,-53.0
1776884950.2471027,2.0,-2.0,-50.0
1776884950.2571027,3.0,-2.0,-44.0
1776884950.2671027,0.0,0.0,-45.0
1776884950.2771027,2.0,1.0,-49.0
1776884950.2871027,3.0,2.0,-46.0
1776884950.2971027,-2.0,-1.0,-48.0
1776884950.307103,-2.0,-4.0,-44.0
1776884950.317103,1.0,-8.0,-47.0
1776884950.327103,2.0,-4.0,-48.0
1776884950.337103,1.0,-8.0,-44.0
1776884950.3471026,-2.0,-3.0,-47.0
1776884950.3571026,-4.0,1.0,-55.0
1776884950.3671026,-4.0,1.0,-48.0
1776884950.3771029,-1.0,4.0,-47.0
1776884950.3871028,1.0,-2.0,-47.0
1776884950.3971028,-4.0,-4.0,-47.0
1776884950.4071028,-2.0,-3.0,-56.0
1776884950.4171028,-1.0,-1.0,-56.0
1776884950.4271028,0.0,-3.0,-54.0
1776884950.4371028,0.0,-5.0,-50.0
1776884950.4471028,-3.0,-4.0,-53.0
1776884950.4571028,-4.0,-2.0,-43.0
1776884950.4671028,-7.0,-6.0,-41.0
1776884950.4771028,-6.0,-6.0,-46.0
1776884950.4871027,-6.0,-3.0,-49.0
1776884950.4971027,-3.0,0.0,-47.0
1776884950.5071027,-4.0,0.0,-46.0
1776884950.5171027,-6.0,0.0,-46.0
1776884950.5271027,-8.0,1.0,-44.0
1776884950.5371027,-7.0,2.0,-41.0
1776884950.5471027,-7.0,2.0,-42.0
1776884950.557103,0.0,0.0,-43.0
1776884950.567103,2.0,-4.0,-47.0
1776884950.577103,3.0,-3.0,-51.0
1776884950.587103,0.0,-3.0,-46.0
1776884950.5971026,-2.0,-2.0,-45.0
1776884950.6071026,-3.0,-2.0,-46.0
1776884950.6171026,-7.0,-4.0,-46.0
1776884950.6271029,-4.0,-6.0,-49.0
1776884950.6371028,-2.0,-6.0,-47.0
1776884950.6471028,-4.0,-12.0,-51.0
1776884950.6571028,-7.0,-10.0,-41.0
1776884950.6671028,-3.0,-6.0,-43.0
1776884950.6771028,-1.0,-5.0,-42.0
1776884950.6871028,-1.0,-6.0,-44.0
1776884950.6971028,7.0,-7.0,-40.0
1776884950.7071028,5.0,-7.0,-41.0
1776884950.7171028,4.0,-2.0,-41.0
1776884950.7271028,5.0,-5.0,-43.0
1776884950.7371027,2.0,-5.0,-41.0
1776884950.7471027,2.0,-8.0,-44.0
1776884950.7571027,1.0,-8.0,-37.0
1776884950.7671027,-2.0,-9.0,-41.0
1776884950.7771027,-4.0,-3.0,-44.0
1776884950.7871027,1.0,0.0,-40.0
1776884950.7971027,0.0,3.0,-45.0
1776884950.807103,1.0,1.0,-42.0
1776884950.817103,2.0,1.0,-45.0
1776884950.827103,0.0,5.0,-50.0
1776884950.837103,3.0,4.0,-52.0
1776884950.8471026,4.0,6.0,-45.0
1776884950.8571026,5.0,4.0,-46.0
1776884950.8671026,8.0,2.0,-43.0
1776884950.8771029,6.0,-2.0,-40.0
1776884950.8871028,5.0,-6.0,-40.0
1776884950.8971028,5.0,-3.0,-38.0
1776884950.9071028,2.0,0.0,-39.0
1776884950.9171028,1.0,-1.0,-31.0
1776884950.9271028,-1.0,-3.0,-28.0
1776884950.9371028,1.0,-6.0,-38.0
1776884950.9471028,0.0,-7.0,-41.0
1776884950.9571028,0.0,-6.0,-39.0
1776884950.9671028,2.0,-9.0,-42.0
1776884950.9771028,3.0,-4.0,-44.0
1776884950.9871027,0.0,-3.0,-48.0
1776884950.9971027,1.0,-4.0,-54.0
1776884951.0071027,0.0,-5.0,-54.0
1776884951.0181026,0.0,-2.0,-54.0
1776884951.0271027,-1.0,-1.0,-53.0
1776884951.0381026,-7.0,-2.0,-45.0
1776884951.0481029,-6.0,-3.0,-42.0
1776884951.0581028,-8.0,-2.0,-44.0
1776884951.0681028,-9.0,0.0,-43.0
1776884951.0781028,-9.0,1.0,-44.0
1776884951.0881028,-6.0,2.0,-51.0
1776884951.0981028,-2.0,0.0,-53.0
1776884951.1081028,-4.0,0.0,-47.0
1776884951.1181028,0.0,0.0,-50.0
1776884951.1281028,-3.0,0.0,-48.0
1776884951.1381028,-3.0,0.0,-50.0
1776884951.1481028,-1.0,-2.0,-51.0
1776884951.1581028,-2.0,-4.0,-51.0
1776884951.1681027,-2.0,-7.0,-48.0
1776884951.1781027,-3.0,-9.0,-42.0
1776884951.1881027,-3.0,-6.0,-37.0
1776884951.1981027,-3.0,-6.0,-36.0
1776884951.2081027,1.0,-7.0,-42.0
1776884951.2181027,2.0,-3.0,-43.0
1776884951.2281027,0.0,-1.0,-45.0
1776884951.238103,0.0,-3.0,-49.0
1776884951.248103,0.0,-6.0,-47.0
1776884951.258103,7.0,-6.0,-45.0
1776884951.2681026,1.0,-7.0,-42.0
1776884951.2781026,2.0,-6.0,-33.0
1776884951.2881026,-3.0,-3.0,-34.0
1776884951.2981029,-6.0,1.0,-37.0
1776884951.3081028,-8.0,3.0,-29.0
1776884951.3181028,-6.0,2.0,-27.0
1776884951.3281028,-3.0,3.0,-30.0
1776884951.3381028,-3.0,0.0,-26.0
1776884951.3481028,-2.0,-2.0,-25.0
1776884951.3581028,-3.0,-3.0,-27.0
1776884951.3681028,-3.0,-3.0,-33.0
1776884951.3781028,-2.0,-6.0,-42.0
1776884951.3881028,-1.0,-5.0,-42.0
1776884951.3981028,-2.0,-6.0,-36.0
1776884951.4081028,-1.0,-7.0,-41.0
1776884951.4181027,-1.0,-5.0,-43.0
1776884951.4281027,-2.0,-5.0,-42.0
1776884951.4381027,-1.0,-4.0,-45.0
1776884951.4481027,-3.0,-1.0,-47.0
1776884951.4581027,-4.0,-5.0,-48.0
1776884951.4681027,-2.0,-9.0,-52.0
1776884951.4781027,-5.0,-5.0,-48.0
1776884951.488103,-2.0,-6.0,-53.0
1776884951.498103,-2.0,-6.0,-55.0
1776884951.508103,1.0,-3.0,-52.0
1776884951.5181026,6.0,0.0,-48.0
1776884951.5281026,2.0,0.0,-48.0
1776884951.5381026,1.0,2.0,-45.0
1776884951.5481029,-2.0,3.0,-47.0
1776884951.5581028,-5.0,0.0,-46.0
1776884951.5681028,2.0,2.0,-46.0
1776884951.5781028,4.0,5.0,-57.0
1776884951.5881028,5.0,2.0,-64.0
1776884951.5981028,3.0,1.0,-60.0
1776884951.6081028,2.0,-1.0,-52.0
1776884951.6181028,0.0,-3.0,-52.0
1776884951.6281028,-1.0,0.0,-45.0
1776884951.6381028,-3.0,1.0,-40.0
1776884951.6481028,-1.0,-4.0,-41.0
1776884951.6581028,0.0,-5.0,-36.0
1776884951.6681027,-1.0,-3.0,-38.0
1776884951.6781027,-1.0,0.0,-39.0
1776884951.6881027,-4.0,1.0,-48.0
1776884951.6981027,-3.0,2.0,-43.0
1776884951.7081027,1.0,0.0,-42.0
1776884951.7181027,1.0,-1.0,-43.0
1776884951.7281027,-1.0,-2.0,-45.0
1776884951.738103,-2.0,-4.0,-39.0
1776884951.748103,1.0,-2.0,-40.0
1776884951.758103,0.0,-3.0,-44.0
1776884951.7681026,-3.0,0.0,-34.0
1776884951.7781026,-5.0,2.0,-33.0
1776884951.7881026,-5.0,1.0,-41.0
1776884951.7981029,0.0,0.0,-48.0
1776884951.8081028,-6.0,-2.0,-50.0
1776884951.8181028,-5.0,0.0,-47.0
1776884951.8281028,-3.0,-2.0,-43.0
1776884951.8381028,-1.0,-4.0,-45.0
1776884951.8481028,-1.0,-5.0,-44.0
1776884951.8581028,-4.0,-4.0,-40.0
1776884951.8681028,-5.0,-3.0,-43.0
1776884951.8781028,0.0,-1.0,-42.0
1776884951.8881028,-4.0,-2.0,-44.0
1776884951.8981028,-7.0,-4.0,-44.0
1776884951.9081028,-4.0,-5.0,-42.0
1776884951.9181027,-2.0,-4.0,-50.0
1776884951.9281027,0.0,-4.0,-49.0
1776884951.9381027,4.0,-3.0,-43.0
1776884951.9481027,4.0,-4.0,-46.0
1776884951.9581027,-2.0,-4.0,-44.0
1776884951.9681027,0.0,-5.0,-42.0
1776884951.9781027,2.0,-7.0,-34.0
1776884951.988103,2.0,-4.0,-40.0
1776884951.998103,1.0,-6.0,-43.0
1776884952.008103,0.0,-2.0,-41.0
1776884952.0181026,0.0,-2.0,-41.0
1776884952.0281026,1.0,2.0,-44.0
1776884952.0381026,3.0,3.0,-37.0
1776884952.0481029,3.0,-2.0,-33.0
1776884952.0581028,3.0,-3.0,-35.0
1776884952.0681028,2.0,-1.0,-35.0
1776884952.0781028,1.0,-2.0,-36.0
1776884952.0881028,3.0,-7.0,-43.0
1776884952.0981028,2.0,-7.0,-44.0
1776884952.1081028,4.0,-6.0,-48.0
1776884952.1181028,5.0,-6.0,-52.0
1776884952.1281028,1.0,-6.0,-45.0
1776884952.1381028,-1.0,-3.0,-52.0
1776884952.1481028,-1.0,-4.0,-54.0
1776884952.1581028,-2.0,0.0,-48.0
1776884952.1681027,0.0,2.0,-50.0
1776884952.1781027,-4.0,5.0,-45.0
1776884952.1881027,-6.0,2.0,-39.0
1776884952.1981027,-3.0,3.0,-35.0
1776884952.2081027,-4.0,1.0,-41.0
1776884952.2181027,-4.0,-4.0,-42.0
1776884952.2281027,-6.0,-5.0,-37.0
1776884952.238103,-2.0,-2.0,-30.0
1776884952.248103,-1.0,-1.0,-29.0
1776884952.258103,0.0,1.0,-32.0
1776884952.2681026,0.0,4.0,-34.0
1776884952.2781026,2.0,1.0,-44.0
1776884952.2881026,4.0,3.0,-42.0
1776884952.2981029,5.0,5.0,-36.0
1776884952.3081028,7.0,3.0,-38.0
1776884952.3181028,8.0,-1.0,-39.0
1776884952.3281028,2.0,-1.0,-44.0
1776884952.3381028,1.0,-2.0,-45.0
1776884952.3481028,0.0,-5.0,-48.0
1776884952.3581028,2.0,-6.0,-47.0
1776884952.3681028,7.0,-6.0,-44.0
1776884952.3781028,4.0,-7.0,-44.0
1776884952.3881028,1.0,-5.0,-44.0
1776884952.3981028,2.0,-6.0,-42.0
1776884952.4081028,0.0,-4.0,-38.0
1776884952.4181027,-4.0,-8.0,-34.0
1776884952.4281027,-4.0,-6.0,-33.0
1776884952.4381027,-1.0,-8.0,-36.0
1776884952.4481027,-2.0,-10.0,-41.0
1776884952.4581027,-1.0,-6.0,-40.0
1776884952.4681027,4.0,-4.0,-37.0
1776884952.4781027,5.0,-3.0,-38.0
1776884952.488103,5.0,-8.0,-44.0
1776884952.498103,8.0,-2.0,-39.0
1776884952.508103,11.0,3.0,-34.0
1776884952.5181026,7.0,2.0,-41.0
1776884952.5281026,7.0,3.0,-43.0
1776884952.5381026,7.0,5.0,-48.0
1776884952.5481029,1.0,2.0,-47.0
1776884952.5581028,0.0,4.0,-47.0
1776884952.5681028,3.0,2.0,-47.0
1776884952.5781028,5.0,1.0,-47.0
1776884952.5881028,9.0,-1.0,-36.0
1776884952.5981028,10.0,-4.0,-36.0
1776884952.6081028,8.0,-3.0,-39.0
1776884952.6181028,7.0,-1.0,-43.0
1776884952.6281028,8.0,0.0,-47.0
1776884952.6381028,5.0,0.0,-45.0
1776884952.6481028,2.0,-3.0,-44.0
1776884952.6581028,1.0,-4.0,-44.0
1776884952.6681027,2.0,-4.0,-50.0
1776884952.6781027,2.0,-1.0,-53.0
1776884952.6881027,0.0,0.0,-56.0
1776884952.6981027,3.0,-1.0,-58.0
1776884952.7081027,-1.0,-3.0,-61.0
1776884952.7181027,-1.0,-4.0,-61.0
1776884952.7281027,-2.0,-6.0,-53.0
1776884952.738103,-1.0,-2.0,-48.0
1776884952.748103,-5.0,-2.0,-48.0
1776884952.758103,-6.0,-2.0,-49.0
1776884952.7681026,-5.0,-1.0,-52.0
1776884952.7781026,-9.0,1.0,-58.0
1776884952.7881026,-7.0,1.0,-63.0
1776884952.7981029,-9.0,0.0,-62.0
1776884952.8081028,-7.0,-3.0,-59.0
1776884952.8181028,-5.0,-3.0,-59.0
1776884952.8281028,0.0,0.0,-58.0
1776884952.8381028,5.0,0.0,-53.0
1776884952.8481028,2.0,-1.0,-52.0
1776884952.8581028,0.0,0.0,-51.0
1776884952.8681028,-4.0,3.0,-52.0
1776884952.8781028,-7.0,1.0,-53.0
1776884952.8881028,-12.0,4.0,-49.0
1776884952.8981028,-6.0,7.0,-42.0
1776884952.9081028,-4.0,1.0,-35.0
1776884952.9181027,-4.0,-1.0,-35.0
1776884952.9281027,-2.0,2.0,-39.0
1776884952.9381027,0.0,3.0,-42.0
1776884952.9481027,1.0,10.0,-41.0
1776884952.9581027,2.0,9.0,-37.0
1776884952.9681027,6.0,8.0,-35.0
1776884952.9781027,7.0,3.0,-41.0
1776884952.988103,1.0,4.0,-45.0
1776884952.9991028,0.0,2.0,-43.0
1776884953.008103,-2.0,2.0,-45.0
1776884953.0191028,-2.0,5.0,-37.0
1776884953.0291028,-1.0,4.0,-38.0
1776884953.0391028,-1.0,3.0,-36.0
1776884953.0491028,1.0,4.0,-38.0
1776884953.0591028,3.0,2.0,-40.0
1776884953.0691028,2.0,0.0,-45.0
1776884953.0791028,-3.0,-2.0,-41.0
1776884953.0891027,-7.0,-4.0,-37.0
1776884953.0991027,-6.0,-3.0,-40.0
1776884953.1091027,-1.0,-5.0,-39.0
1776884953.1191027,4.0,-4.0,-42.0
1776884953.1291027,2.0,-4.0,-44.0
1776884953.1391027,2.0,-5.0,-48.0
1776884953.1491027,0.0,-4.0,-43.0
1776884953.159103,-3.0,-6.0,-41.0
1776884953.169103,-3.0,0.0,-45.0
1776884953.179103,0.0,4.0,-45.0
1776884953.1891026,1.0,2.0,-49.0
1776884953.1991026,2.0,-1.0,-44.0
1776884953.2091026,2.0,-6.0,-40.0
1776884953.2191026,5.0,-2.0,-43.0
1776884953.2291028,3.0,-1.0,-39.0
1776884953.2391028,0.0,-1.0,-40.0
1776884953.2491028,1.0,-2.0,-42.0
1776884953.2591028,-5.0,-10.0,-38.0
1776884953.2691028,-4.0,-6.0,-37.0
1776884953.2791028,-1.0,-5.0,-38.0
1776884953.2891028,-2.0,-7.0,-40.0
1776884953.2991028,-3.0,-4.0,-39.0
1776884953.3091028,-6.0,-4.0,-39.0
1776884953.3191028,-4.0,0.0,-34.0
1776884953.3291028,-4.0,0.0,-39.0
1776884953.3391027,-4.0,1.0,-39.0
1776884953.3491027,-2.0,4.0,-38.0
1776884953.3591027,0.0,2.0,-37.0
1776884953.3691027,-3.0,0.0,-42.0
1776884953.3791027,-8.0,-3.0,-41.0
1776884953.3891027,-7.0,0.0,-47.0
1776884953.3991027,3.0,-1.0,-48.0
1776884953.409103,0.0,-3.0,-52.0
1776884953.419103,1.0,1.0,-55.0
1776884953.429103,1.0,-1.0,-42.0
1776884953.4391026,-1.0,-5.0,-40.0
1776884953.4491026,0.0,-7.0,-35.0
1776884953.4591026,2.0,-7.0,-38.0
1776884953.4691026,4.0,-7.0,-42.0
1776884953.4791028,5.0,-6.0,-47.0
1776884953.4891028,0.0,-8.0,-46.0
1776884953.4991028,0.0,-5.0,-44.0
1776884953.5091028,-4.0,-4.0,-34.0
1776884953.5191028,0.0,-4.0,-38.0
1776884953.5291028,4.0,-2.0,-41.0
1776884953.5391028,1.0,-2.0,-41.0
1776884953.5491028,0.0,-4.0,-41.0
1776884953.5591028,0.0,0.0,-44.0
1776884953.5691028,0.0,0.0,-45.0
1776884953.5791028,0.0,-5.0,-48.0
1776884953.5891027,-1.0,-8.0,-51.0
1776884953.5991027,0.0,-10.0,-48.0
1776884953.6091027,-4.0,-14.0,-48.0
1776884953.6191027,-3.0,-14.0,-51.0
1776884953.6291027,3.0,-13.0,-53.0
1776884953.6391027,5.0,-11.0,-55.0
1776884953.6491027,6.0,-9.0,-51.0
1776884953.659103,5.0,-14.0,-49.0
1776884953.669103,1.0,-11.0,-45.0
1776884953.679103,2.0,-10.0,-49.0
1776884953.6891026,1.0,-12.0,-48.0
1776884953.6991026,2.0,-10.0,-48.0
1776884953.7091026,-3.0,-9.0,-45.0
1776884953.7191026,-5.0,-5.0,-40.0
1776884953.7291028,-2.0,-6.0,-41.0
1776884953.7391028,-2.0,0.0,-41.0
1776884953.7491028,-3.0,-2.0,-45.0
1776884953.7591028,-2.0,-2.0,-43.0
1776884953.7691028,-3.0,-2.0,-46.0
1776884953.7791028,0.0,0.0,-50.0
1776884953.7891028,1.0,1.0,-48.0
1776884953.7991028,0.0,2.0,-45.0
1776884953.8091028,0.0,2.0,-38.0
1776884953.8191028,-2.0,3.0,-36.0
1776884953.8291028,1.0,1.0,-37.0
1776884953.8391027,4.0,0.0,-39.0
1776884953.8491027,0.0,2.0,-39.0
1776884953.8591027,-1.0,0.0,-33.0
1776884953.8691027,-3.0,-1.0,-34.0
1776884953.8791027,-4.0,-4.0,-37.0
1776884953.8891027,-1.0,-4.0,-38.0
1776884953.8991027,0.0,-6.0,-35.0
1776884953.909103,-6.0,-5.0,-43.0
1776884953.919103,-5.0,-4.0,-45.0
1776884953.929103,-6.0,-7.0,-45.0
1776884953.9391026,-7.0,-10.0,-47.0
1776884953.9491026,-9.0,-6.0,-44.0
1776884953.9591026,-7.0,-5.0,-53.0
1776884953.9691026,-2.0,-4.0,-54.0
1776884953.9791028,-2.0,0.0,-61.0
1776884953.9891028,2.0,0.0,-59.0
1776884953.9991028,4.0,-2.0,-51.0
1776884954.0091028,0.0,-4.0,-56.0
1776884954.0191028,0.0,-3.0,-61.0
1776884954.0291028,5.0,0.0,-60.0
1776884954.0391028,7.0,-3.0,-51.0
1776884954.0491028,5.0,-2.0,-53.0
1776884954.0591028,5.0,-1.0,-53.0
1776884954.0691028,5.0,-4.0,-50.0
1776884954.0791028,7.0,-4.0,-46.0
1776884954.0891027,3.0,-6.0,-51.0
1776884954.0991027,6.0,-6.0,-52.0
1776884954.1091027,0.0,-2.0,-45.0
1776884954.1191027,4.0,-1.0,-38.0
1776884954.1291027,3.0,-2.0,-34.0
1776884954.1391027,1.0,-1.0,-45.0
1776884954.1491027,2.0,-1.0,-46.0
1776884954.159103,3.0,-2.0,-51.0
1776884954.169103,1.0,-2.0,-48.0
1776884954.179103,-4.0,0.0,-49.0
1776884954.1891026,-7.0,2.0,-53.0
1776884954.1991026,-3.0,0.0,-46.0
1776884954.2091026,-3.0,-1.0,-42.0
1776884954.2191026,0.0,-1.0,-42.0
1776884954.2291028,1.0,-1.0,-39.0
1776884954.2391028,0.0,-1.0,-40.0
1776884954.2491028,1.0,-8.0,-35.0
1776884954.2591028,-1.0,-4.0,-32.0
1776884954.2691028,-3.0,-4.0,-39.0
1776884954.2791028,-1.0,-1.0,-45.0
1776884954.2891028,-1.0,0.0,-46.0
1776884954.2991028,0.0,0.0,-42.0
1776884954.3091028,-2.0,1.0,-37.0
1776884954.3191028,1.0,4.0,-42.0
1776884954.3291028,1.0,3.0,-39.0
1776884954.3391027,2.0,3.0,-46.0
1776884954.3491027,2.0,3.0,-44.0
1776884954.3591027,1.0,0.0,-45.0
1776884954.3691027,4.0,0.0,-44.0
1776884954.3791027,3.0,-2.0,-46.0
1776884954.3891027,4.0,-3.0,-50.0
1776884954.3991027,4.0,-4.0,-48.0
1776884954.409103,0.0,0.0,-41.0
1776884954.419103,1.0,0.0,-40.0
1776884954.429103,2.0,-2.0,-39.0
1776884954.4391026,2.0,2.0,-35.0
1776884954.4491026,0.0,0.0,-31.0
1776884954.4591026,1.0,-2.0,-30.0
1776884954.4691026,3.0,0.0,-35.0
1776884954.4791028,7.0,2.0,-43.0
1776884954.4891028,6.0,0.0,-40.0
1776884954.4991028,4.0,-4.0,-30.0
1776884954.5091028,1.0,-4.0,-31.0
1776884954.5191028,1.0,-2.0,-35.0
1776884954.5291028,0.0,-4.0,-40.0
1776884954.5391028,3.0,0.0,-41.0
1776884954.5491028,3.0,-4.0,-44.0
1776884954.5591028,1.0,-2.0,-48.0
1776884954.5691028,-3.0,-1.0,-46.0
1776884954.5791028,0.0,-3.0,-45.0
1776884954.5891027,0.0,-3.0,-44.0
1776884954.5991027,1.0,-4.0,-42.0
1776884954.6091027,2.0,-3.0,-44.0
1776884954.6191027,-2.0,1.0,-44.0
1776884954.6291027,0.0,5.0,-49.0
1776884954.6391027,0.0,8.0,-55.0
1776884954.6491027,-2.0,4.0,-56.0
1776884954.659103,-2.0,2.0,-52.0
1776884954.669103,0.0,3.0,-51.0
1776884954.679103,-3.0,1.0,-48.0
1776884954.6891026,-2.0,-1.0,-42.0
1776884954.6991026,-1.0,-2.0,-43.0
1776884954.7091026,0.0,-3.0,-46.0
1776884954.7191026,0.0,-4.0,-48.0
1776884954.7291028,-3.0,-5.0,-41.0
1776884954.7391028,-3.0,-4.0,-42.0
1776884954.7491028,-2.0,0.0,-45.0
1776884954.7591028,-5.0,-1.0,-47.0
1776884954.7691028,-1.0,-2.0,-45.0
1776884954.7791028,-2.0,-9.0,-46.0
1776884954.7891028,0.0,-11.0,-39.0
1776884954.7991028,-1.0,-11.0,-36.0
1776884954.8091028,0.0,-12.0,-40.0
1776884954.8191028,2.0,-9.0,-49.0
1776884954.8291028,3.0,-6.0,-44.0
1776884954.8391027,10.0,-8.0,-49.0
1776884954.8491027,6.0,-9.0,-47.0
1776884954.8591027,9.0,-4.0,-47.0
1776884954.8691027,5.0,-6.0,-46.0
1776884954.8791027,5.0,-5.0,-42.0
1776884954.8891027,0.0,-4.0,-36.0
1776884954.8991027,0.0,-4.0,-39.0
1776884954.909103,0.0,-6.0,-41.0
1776884954.919103,-3.0,-5.0,-42.0
1776884954.929103,-1.0,-2.0,-42.0
1776884954.9391026,0.0,0.0,-46.0
1776884954.9501028,0.0,-3.0,-52.0
1776884954.9601028,3.0,1.0,-49.0
1776884954.9701028,2.0,1.0,-45.0
1776884954.9801028,2.0,-2.0,-47.0
1776884954.9901028,0.0,-2.0,-44.0
1776884955.0001028,0.0,-1.0,-44.0
1776884955.0101027,5.0,0.0,-40.0
1776884955.0201027,6.0,-2.0,-43.0
1776884955.0301027,7.0,-2.0,-44.0
1776884955.0401027,7.0,-2.0,-51.0
1776884955.0501027,8.0,-2.0,-50.0
1776884955.0601027,4.0,0.0,-49.0
1776884955.0701027,-1.0,0.0,-49.0
1776884955.0801027,1.0,0.0,-46.0
1776884955.090103,-2.0,-4.0,-45.0
1776884955.100103,-3.0,-2.0,-45.0
1776884955.110103,-1.0,-4.0,-38.0
1776884955.1201026,3.0,-4.0,-45.0
1776884955.1301026,4.0,-3.0,-40.0
1776884955.1401026,2.0,-7.0,-40.0
1776884955.1501029,1.0,-4.0,-46.0
1776884955.1601028,-1.0,-8.0,-47.0
1776884955.1701028,0.0,-1.0,-52.0
1776884955.1801028,-3.0,2.0,-58.0
1776884955.1901028,0.0,3.0,-52.0
1776884955.2001028,3.0,0.0,-52.0
1776884955.2101028,1.0,0.0,-56.0
1776884955.2201028,0.0,-2.0,-53.0
1776884955.2301028,1.0,-1.0,-53.0
1776884955.2401028,0.0,-1.0,-44.0
1776884955.2501028,-1.0,-3.0,-40.0
1776884955.2601027,0.0,-4.0,-40.0
1776884955.2701027,-1.0,-2.0,-39.0
1776884955.2801027,-1.0,-3.0,-50.0
1776884955.2901027,-1.0,-3.0,-46.0
1776884955.3001027,-3.0,-6.0,-45.0
1776884955.3101027,2.0,-5.0,-39.0
1776884955.3201027,2.0,-4.0,-42.0
1776884955.3301027,5.0,-1.0,-42.0
1776884955.340103,7.0,-1.0,-48.0
1776884955.350103,4.0,0.0,-49.0
1776884955.360103,0.0,-4.0,-47.0
1776884955.3701026,-4.0,-6.0,-40.0
1776884955.3801026,-3.0,-7.0,-44.0
1776884955.3901026,0.0,-5.0,-52.0
1776884955.4001029,1.0,-3.0,-54.0
1776884955.4101028,0.0,-3.0,-54.0
1776884955.4201028,-2.0,0.0,-47.0
1776884955.4301028,1.0,4.0,-47.0
1776884955.4401028,-1.0,4.0,-43.0
1776884955.4501028,-2.0,2.0,-36.0
1776884955.4601028,-2.0,7.0,-31.0
1776884955.4701028,-3.0,11.0,-32.0
1776884955.4801028,-1.0,13.0,-40.0
1776884955.4901028,0.0,13.0,-38.0
1776884955.5001028,-4.0,9.0,-39.0
1776884955.5101027,0.0,6.0,-42.0
1776884955.5201027,0.0,5.0,-40.0
1776884955.5301027,-2.0,4.0,-42.0
1776884955.5401027,-7.0,7.0,-39.0
1776884955.5501027,-7.0,6.0,-38.0
1776884955.5601027,0.0,4.0,-40.0
1776884955.5701027,0.0,4.0,-44.0
1776884955.5801027,0.0,6.0,-41.0
1776884955.590103,-2.0,2.0,-40.0
1776884955.600103,0.0,-3.0,-40.0
1776884955.610103,-5.0,-7.0,-43.0
1776884955.6201026,-5.0,-8.0,-43.0
1776884955.6301026,-8.0,-7.0,-34.0
1776884955.6401026,-6.0,0.0,-34.0
1776884955.6501029,0.0,1.0,-34.0
1776884955.6601028,2.0,0.0,-34.0
1776884955.6701028,-1.0,-1.0,-38.0
1776884955.6801028,-2.0,-2.0,-36.0
1776884955.6901028,-6.0,2.0,-36.0
1776884955.7001028,-5.0,2.0,-40.0
1776884955.7101028,-5.0,3.0,-43.0
1776884955.7201028,-5.0,2.0,-42.0
1776884955.7301028,-1.0,2.0,-40.0
1776884955.7401028,-2.0,1.0,-46.0
1776884955.7501028,-3.0,1.0,-47.0
1776884955.7601027,-1.0,2.0,-51.0
1776884955.7701027,-5.0,7.0,-49.0
1776884955.7801027,-7.0,2.0,-47.0
1776884955.7901027,-8.0,1.0,-53.0
1776884955.8001027,-7.0,1.0,-52.0
1776884955.8101027,-3.0,3.0,-46.0
1776884955.8201027,-5.0,2.0,-44.0
1776884955.8301027,-1.0,3.0,-40.0
1776884955.840103,0.0,4.0,-42.0
1776884955.850103,-3.0,0.0,-43.0
1776884955.860103,-2.0,-1.0,-47.0
1776884955.8701026,-4.0,-6.0,-48.0
1776884955.8801026,-7.0,-6.0,-51.0
1776884955.8901026,-8.0,-5.0,-53.0
1776884955.9001029,1.0,-3.0,-50.0
1776884955.9101028,4.0,-5.0,-46.0
1776884955.9201028,0.0,-8.0,-44.0
1776884955.9301028,1.0,-8.0,-40.0
1776884955.9401028,4.0,-7.0,-45.0
1776884955.9501028,2.0,-7.0,-48.0
1776884955.9601028,1.0,-2.0,-52.0
1776884955.9701028,6.0,-1.0,-51.0
1776884955.9801028,2.0,-1.0,-52.0
1776884955.9901028,0.0,-2.0,-46.0
1776884956.0001028,0.0,0.0,-43.0
1776884956.0101027,-3.0,0.0,-47.0
1776884956.0201027,0.0,1.0,-50.0
1776884956.0301027,0.0,-1.0,-42.0
1776884956.0401027,0.0,1.0,-47.0
1776884956.0501027,1.0,5.0,-43.0
1776884956.0601027,0.0,6.0,-44.0
1776884956.0701027,0.0,2.0,-40.0
1776884956.0801027,-2.0,-3.0,-44.0
1776884956.090103,-1.0,-3.0,-35.0
1776884956.100103,-1.0,-5.0,-37.0
1776884956.110103,0.0,-3.0,-41.0
1776884956.1201026,2.0,-4.0,-48.0
1776884956.1301026,1.0,-4.0,-52.0
1776884956.1401026,5.0,-3.0,-45.0
1776884956.1501029,0.0,0.0,-39.0
1776884956.1601028,-1.0,-4.0,-30.0
1776884956.1701028,2.0,-6.0,-38.0
1776884956.1801028,0.0,-7.0,-43.0
1776884956.1901028,2.0,-5.0,-43.0
1776884956.2001028,3.0,-3.0,-43.0
1776884956.2101028,4.0,-4.0,-45.0
1776884956.2201028,0.0,-3.0,-38.0
1776884956.2301028,0.0,-3.0,-33.0
1776884956.2401028,-1.0,-7.0,-36.0
1776884956.2501028,-2.0,-11.0,-39.0
1776884956.2601027,-2.0,-7.0,-38.0
1776884956.2701027,-1.0,-4.0,-44.0
1776884956.2801027,4.0,-7.0,-41.0
1776884956.2901027,8.0,-4.0,-46.0
1776884956.3001027,9.0,-3.0,-44.0
1776884956.3101027,9.0,-2.0,-52.0
1776884956.3201027,4.0,-4.0,-59.0
1776884956.3301027,0.0,-4.0,-56.0
1776884956.340103,-2.0,-8.0,-54.0
1776884956.350103,0.0,-10.0,-47.0
1776884956.360103,0.0,-9.0,-54.0
1776884956.3701026,5.0,-6.0,-51.0
1776884956.3801026,3.0,-6.0,-45.0
1776884956.3901026,7.0,-1.0,-39.0
1776884956.4001029,6.0,0.0,-43.0
1776884956.4101028,6.0,1.0,-54.0
1776884956.4201028,3.0,0.0,-50.0
1776884956.4301028,2.0,-3.0,-47.0
1776884956.4401028,2.0,-2.0,-47.0
1776884956.4501028,4.0,-9.0,-46.0
1776884956.4601028,7.0,-8.0,-41.0
1776884956.4701028,10.0,-5.0,-37.0
1776884956.4801028,8.0,-2.0,-38.0
1776884956.4901028,2.0,-5.0,-44.0
1776884956.5001028,3.0,0.0,-45.0
1776884956.5101027,1.0,6.0,-53.0
1776884956.5201027,1.0,9.0,-55.0
1776884956.5301027,1.0,7.0,-54.0
1776884956.5401027,0.0,7.0,-58.0
1776884956.5501027,0.0,4.0,-56.0
1776884956.5601027,2.0,5.0,-59.0
1776884956.5701027,4.0,0.0,-54.0
1776884956.5801027,5.0,1.0,-48.0
1776884956.590103,6.0,1.0,-47.0
1776884956.600103,4.0,1.0,-46.0
1776884956.610103,1.0,4.0,-44.0
1776884956.6201026,1.0,4.0,-44.0
1776884956.6301026,0.0,3.0,-37.0
1776884956.6401026,-3.0,-2.0,-37.0
1776884956.6501029,-2.0,0.0,-41.0
1776884956.6601028,1.0,2.0,-39.0
1776884956.6701028,0.0,2.0,-41.0
1776884956.6801028,5.0,4.0,-44.0
1776884956.6901028,10.0,2.0,-44.0
1776884956.7001028,8.0,3.0,-48.0
1776884956.7101028,6.0,2.0,-48.0
1776884956.7201028,3.0,4.0,-49.0
1776884956.7301028,5.0,3.0,-49.0
1776884956.7401028,8.0,1.0,-52.0
1776884956.7501028,4.0,2.0,-49.0
1776884956.7601027,5.0,2.0,-41.0
1776884956.7701027,4.0,2.0,-47.0
1776884956.7801027,10.0,0.0,-50.0
1776884956.7901027,14.0,-2.0,-52.0
1776884956.8001027,11.0,0.0,-51.0
1776884956.8101027,10.0,3.0,-44.0
1776884956.8201027,9.0,0.0,-42.0
1776884956.8301027,3.0,-4.0,-39.0
1776884956.840103,5.0,-10.0,-40.0
1776884956.850103,7.0,-10.0,-35.0
1776884956.860103,5.0,-10.0,-36.0
1776884956.8701026,3.0,-6.0,-34.0
1776884956.8801026,3.0,-4.0,-36.0
1776884956.8901026,6.0,-7.0,-31.0
1776884956.9001029,3.0,-2.0,-33.0
1776884956.9111028,-3.0,0.0,-40.0
1776884956.9211028,2.0,0.0,-44.0
1776884956.9301028,2.0,-2.0,-51.0
1776884956.9401028,3.0,-3.0,-48.0
1776884956.9511027,-1.0,-4.0,-49.0
1776884956.9611027,-3.0,-5.0,-51.0
1776884956.9711027,-6.0,-6.0,-51.0
1776884956.9811027,-5.0,-5.0,-49.0
1776884956.9911027,-4.0,-8.0,-52.0
1776884957.0011027,-5.0,-6.0,-52.0
1776884957.011103,-6.0,-7.0,-42.0
1776884957.021103,-3.0,-8.0,-44.0
1776884957.031103,-2.0,-7.0,-43.0
1776884957.0411026,0.0,-8.0,-49.0
1776884957.0511026,0.0,-9.0,-51.0
1776884957.0611026,1.0,-7.0,-43.0
1776884957.0711029,0.0,-9.0,-44.0
1776884957.0811028,2.0,-5.0,-39.0
1776884957.0911028,1.0,-2.0,-45.0
1776884957.1011028,1.0,-1.0,-43.0
1776884957.1111028,2.0,-2.0,-40.0
1776884957.1211028,3.0,-1.0,-39.0
1776884957.1311028,4.0,1.0,-40.0
1776884957.1411028,5.0,2.0,-36.0
1776884957.1511028,4.0,2.0,-32.0
1776884957.1611028,4.0,-1.0,-31.0
1776884957.1711028,3.0,-4.0,-31.0
1776884957.1811028,3.0,-4.0,-32.0
1776884957.1911027,1.0,-1.0,-34.0
1776884957.2011027,1.0,2.0,-32.0
1776884957.2111027,0.0,0.0,-35.0
1776884957.2211027,4.0,-3.0,-33.0
1776884957.2311027,1.0,0.0,-38.0
1776884957.2411027,4.0,1.0,-41.0
1776884957.2511027,-2.0,2.0,-41.0
1776884957.261103,1.0,-1.0,-38.0
1776884957.271103,0.0,-1.0,-36.0
1776884957.281103,-4.0,-5.0,-37.0
1776884957.2911026,0.0,-3.0,-36.0
1776884957.3011026,0.0,-3.0,-28.0
1776884957.3111026,-2.0,-2.0,-29.0
1776884957.3211029,-2.0,-7.0,-32.0
1776884957.3311028,0.0,-9.0,-34.0
1776884957.3411028,1.0,-9.0,-44.0
1776884957.3511028,2.0,-7.0,-48.0
1776884957.3611028,2.0,-8.0,-44.0
1776884957.3711028,8.0,-11.0,-41.0
1776884957.3811028,3.0,-8.0,-49.0
1776884957.3911028,5.0,-8.0,-46.0
1776884957.4011028,2.0,-9.0,-46.0
1776884957.4111028,0.0,-9.0,-45.0
1776884957.4211028,4.0,-10.0,-45.0
1776884957.4311028,0.0,-5.0,-47.0
1776884957.4411027,1.0,-3.0,-47.0
1776884957.4511027,0.0,-5.0,-54.0
1776884957.4611027,0.0,-7.0,-51.0
1776884957.4711027,2.0,-8.0,-44.0
1776884957.4811027,5.0,-7.0,-44.0
1776884957.4911027,4.0,-3.0,-47.0
1776884957.5011027,0.0,-2.0,-49.0
1776884957.511103,-1.0,-2.0,-48.0
1776884957.521103,-2.0,-3.0,-46.0
1776884957.531103,-3.0,0.0,-46.0
1776884957.5411026,-2.0,0.0,-47.0
1776884957.5511026,1.0,-2.0,-45.0
1776884957.5611026,1.0,0.0,-40.0
1776884957.5711029,-2.0,-2.0,-48.0
1776884957.5811028,-3.0,-6.0,-44.0
1776884957.5911028,0.0,-3.0,-43.0
1776884957.6011028,-3.0,-1.0,-42.0
1776884957.6111028,-2.0,-2.0,-45.0
1776884957.6211028,-4.0,0.0,-45.0
1776884957.6311028,3.0,0.0,-47.0
1776884957.6411028,6.0,0.0,-40.0
1776884957.6511028,3.0,-3.0,-42.0
1776884957.6611028,1.0,-1.0,-40.0
1776884957.6711028,2.0,-1.0,-39.0
1776884957.6811028,1.0,-3.0,-45.0
1776884957.6911027,0.0,-2.0,-43.0
1776884957.7011027,7.0,-4.0,-46.0
1776884957.7111027,6.0,-5.0,-48.0
1776884957.7211027,3.0,-3.0,-43.0
1776884957.7311027,2.0,-2.0,-40.0
1776884957.7411027,-2.0,-4.0,-42.0
1776884957.7511027,-3.0,-5.0,-38.0
1776884957.761103,-1.0,-4.0,-27.0
1776884957.771103,-1.0,-3.0,-29.0
1776884957.781103,1.0,-2.0,-37.0
1776884957.7911026,-1.0,1.0,-44.0
1776884957.8011026,0.0,0.0,-48.0
1776884957.8111026,0.0,0.0,-51.0
1776884957.8211029,0.0,-2.0,-42.0
1776884957.8311028,1.0,-2.0,-35.0
1776884957.8411028,0.0,-1.0,-41.0
1776884957.8511028,3.0,1.0,-38.0
1776884957.8611028,3.0,2.0,-44.0
1776884957.8711028,3.0,1.0,-48.0
1776884957.8811028,-1.0,0.0,-43.0
1776884957.8911028,-1.0,0.0,-39.0
1776884957.9011028,1.0,-3.0,-38.0
1776884957.9111028,7.0,-1.0,-34.0
1776884957.9211028,4.0,-5.0,-38.0
1776884957.9311028,3.0,-9.0,-39.0
1776884957.9411027,5.0,-9.0,-36.0
1776884957.9511027,7.0,-9.0,-38.0
1776884957.9611027,5.0,-5.0,-43.0
1776884957.9711027,5.0,-5.0,-44.0
1776884957.9811027,8.0,-5.0,-48.0
1776884957.9911027,8.0,-1.0,-42.0
1776884958.0011027,8.0,-9.0,-46.0
1776884958.011103,6.0,-6.0,-48.0
1776884958.021103,5.0,-9.0,-45.0
1776884958.031103,1.0,-9.0,-45.0
1776884958.0411026,3.0,-6.0,-47.0
1776884958.0511026,8.0,-8.0,-51.0
1776884958.0611026,5.0,-7.0,-43.0
1776884958.0711029,5.0,-8.0,-47.0
1776884958.0811028,1.0,-5.0,-48.0
1776884958.0911028,0.0,-6.0,-43.0
1776884958.1011028,0.0,-2.0,-35.0
1776884958.1111028,0.0,0.0,-32.0
1776884958.1211028,2.0,-1.0,-31.0
1776884958.1311028,9.0,-1.0,-34.0
1776884958.1411028,9.0,-1.0,-34.0
1776884958.1511028,8.0,0.0,-40.0
1776884958.1611028,9.0,0.0,-47.0
1776884958.1711028,6.0,-2.0,-49.0
1776884958.1811028,0.0,-5.0,-54.0
1776884958.1911027,0.0,-2.0,-48.0
1776884958.2011027,4.0,-3.0,-44.0
1776884958.2111027,-2.0,-3.0,-45.0
1776884958.2211027,1.0,-4.0,-44.0
1776884958.2311027,3.0,-4.0,-43.0
1776884958.2411027,3.0,-6.0,-40.0
1776884958.2511027,3.0,-9.0,-45.0
1776884958.261103,0.0,-8.0,-41.0
1776884958.271103,-1.0,-1.0,-42.0
1776884958.281103,1.0,0.0,-36.0
1776884958.2911026,0.0,0.0,-41.0
1776884958.3011026,3.0,0.0,-39.0
1776884958.3111026,3.0,1.0,-44.0
1776884958.3211029,1.0,2.0,-41.0
1776884958.3311028,0.0,2.0,-44.0
1776884958.3411028,-2.0,7.0,-41.0
1776884958.3511028,0.0,9.0,-41.0
1776884958.3611028,2.0,8.0,-37.0
1776884958.3711028,4.0,4.0,-44.0
1776884958.3811028,7.0,-1.0,-43.0
1776884958.3911028,4.0,-2.0,-37.0
1776884958.4011028,0.0,-2.0,-48.0
1776884958.4111028,0.0,-1.0,-50.0
1776884958.4211028,-2.0,-1.0,-47.0
1776884958.4311028,0.0,0.0,-47.0
1776884958.4411027,-1.0,1.0,-45.0
1776884958.4511027,-3.0,1.0,-45.0
1776884958.4611027,-5.0,-2.0,-36.0
1776884958.4711027,-5.0,0.0,-34.0
1776884958.4811027,-1.0,-2.0,-36.0
1776884958.4911027,-4.0,-3.0,-38.0
1776884958.5011027,-1.0,-6.0,-35.0
1776884958.511103,0.0,-5.0,-37.0
1776884958.521103,3.0,-2.0,-47.0
1776884958.531103,4.0,0.0,-50.0
1776884958.5411026,3.0,0.0,-49.0
1776884958.5511026,-1.0,5.0,-49.0
1776884958.5611026,-2.0,5.0,-53.0
1776884958.5711029,-3.0,4.0,-45.0
1776884958.5811028,-4.0,2.0,-44.0
1776884958.5911028,-2.0,3.0,-42.0
1776884958.6011028,1.0,0.0,-46.0
1776884958.6111028,0.0,2.0,-41.0
1776884958.6211028,0.0,2.0,-48.0
1776884958.6311028,-5.0,0.0,-51.0
1776884958.6411028,-1.0,2.0,-51.0
1776884958.6511028,-1.0,0.0,-52.0
1776884958.6611028,-1.0,-3.0,-53.0
1776884958.6711028,-7.0,-3.0,-49.0
1776884958.6811028,-7.0,0.0,-47.0
1776884958.6911027,-5.0,1.0,-52.0
1776884958.7011027,-4.0,-2.0,-45.0
1776884958.7111027,-1.0,-3.0,-42.0
1776884958.7211027,0.0,0.0,-33.0
1776884958.7311027,0.0,3.0,-35.0
1776884958.7411027,2.0,5.0,-34.0
1776884958.7511027,5.0,0.0,-37.0
1776884958.761103,1.0,0.0,-40.0
1776884958.771103,0.0,-1.0,-37.0
1776884958.781103,-5.0,0.0,-37.0
1776884958.7911026,-2.0,0.0,-35.0
1776884958.8011026,-3.0,-4.0,-28.0
1776884958.8111026,-4.0,-7.0,-28.0
1776884958.8211029,-3.0,-8.0,-32.0
1776884958.8311028,0.0,-9.0,-33.0
1776884958.8411028,1.0,-11.0,-38.0
1776884958.8511028,3.0,-11.0,-39.0
1776884958.8611028,2.0,-11.0,-43.0
1776884958.8711028,2.0,-9.0,-47.0
1776884958.8811028,-1.0,-9.0,-50.0
1776884958.8911028,-3.0,-7.0,-41.0
1776884958.9021027,-1.0,-6.0,-40.0
1776884958.9121027,-1.0,-6.0,-40.0
1776884958.9221027,3.0,-7.0,-43.0
1776884958.932103,-1.0,-7.0,-46.0
1776884958.942103,0.0,-6.0,-39.0
1776884958.952103,2.0,-6.0,-30.0
1776884958.962103,2.0,-8.0,-30.0
1776884958.9721026,5.0,-4.0,-30.0
1776884958.9821026,2.0,-3.0,-32.0
1776884958.9921026,2.0,-1.0,-37.0
1776884959.0021029,0.0,-3.0,-44.0
1776884959.0121028,0.0,-1.0,-45.0
1776884959.0221028,3.0,-6.0,-46.0
1776884959.0321028,3.0,-7.0,-45.0
1776884959.0421028,5.0,-6.0,-45.0
1776884959.0521028,3.0,-2.0,-45.0
1776884959.0621028,1.0,-2.0,-47.0
1776884959.0721028,-4.0,1.0,-53.0
1776884959.0821028,-8.0,-2.0,-52.0
1776884959.0921028,-4.0,0.0,-47.0
1776884959.1021028,-3.0,3.0,-49.0
1776884959.1121027,-1.0,2.0,-43.0
1776884959.1221027,0.0,2.0,-45.0
1776884959.1321027,1.0,0.0,-42.0
1776884959.1421027,-1.0,-2.0,-38.0
1776884959.1521027,-3.0,-1.0,-40.0
1776884959.1621027,-6.0,1.0,-42.0
1776884959.1721027,-6.0,2.0,-41.0
1776884959.182103,-7.0,3.0,-43.0
1776884959.192103,-8.0,2.0,-48.0
1776884959.202103,-11.0,6.0,-47.0
1776884959.212103,-12.0,3.0,-55.0
1776884959.2221026,-12.0,0.0,-54.0
1776884959.2321026,-3.0,2.0,-51.0
1776884959.2421026,0.0,5.0,-47.0
1776884959.2521029,-2.0,1.0,-41.0
1776884959.2621028,-1.0,0.0,-40.0
1776884959.2721028,-3.0,0.0,-43.0
1776884959.2821028,-3.0,4.0,-48.0
1776884959.2921028,0.0,2.0,-57.0
1776884959.3021028,2.0,6.0,-57.0
1776884959.3121028,1.0,10.0,-51.0
1776884959.3221028,3.0,8.0,-50.0
1776884959.3321028,-3.0,5.0,-48.0
1776884959.3421028,0.0,2.0,-47.0
1776884959.3521028,6.0,1.0,-43.0
1776884959.3621027,11.0,-2.0,-36.0
1776884959.3721027,9.0,-3.0,-32.0
1776884959.3821027,6.0,-3.0,-28.0
1776884959.3921027,3.0,0.0,-32.0
1776884959.4021027,6.0,-2.0,-36.0
1776884959.4121027,10.0,1.0,-34.0
1776884959.4221027,7.0,0.0,-35.0
1776884959.432103,9.0,-7.0,-31.0
1776884959.442103,8.0,-4.0,-33.0
1776884959.452103,8.0,-3.0,-38.0
1776884959.462103,13.0,-4.0,-36.0
1776884959.4721026,11.0,-3.0,-33.0
1776884959.4821026,8.0,0.0,-37.0
1776884959.4921026,3.0,-3.0,-42.0
1776884959.5021029,0.0,-6.0,-47.0
1776884959.5121028,-2.0,-6.0,-46.0
1776884959.5221028,-3.0,-7.0,-45.0
1776884959.5321028,-5.0,-4.0,-43.0
1776884959.5421028,-9.0,-4.0,-45.0
1776884959.5521028,-12.0,0.0,-41.0
1776884959.5621028,-8.0,-1.0,-34.0
1776884959.5721028,-5.0,0.0,-34.0
1776884959.5821028,0.0,0.0,-35.0
1776884959.5921028,0.0,0.0,-37.0
1776884959.6021028,0.0,4.0,-39.0
1776884959.6121027,-3.0,3.0,-36.0
1776884959.6221027,0.0,1.0,-41.0
1776884959.6321027,6.0,-1.0,-49.0
1776884959.6421027,8.0,-3.0,-46.0
1776884959.6521027,2.0,-1.0,-47.0
1776884959.6621027,1.0,2.0,-52.0
1776884959.6721027,3.0,4.0,-57.0
1776884959.682103,3.0,5.0,-62.0
1776884959.692103,3.0,7.0,-58.0
1776884959.702103,2.0,5.0,-56.0
1776884959.712103,1.0,4.0,-54.0
1776884959.7221026,0.0,4.0,-49.0
1776884959.7321026,0.0,4.0,-45.0
1776884959.7421026,2.0,2.0,-47.0
1776884959.7521029,5.0,5.0,-48.0
1776884959.7621028,5.0,5.0,-41.0
1776884959.7721028,5.0,2.0,-47.0
1776884959.7821028,3.0,2.0,-48.0
1776884959.7921028,4.0,0.0,-44.0
1776884959.8021028,4.0,1.0,-50.0
1776884959.8121028,4.0,-2.0,-45.0
1776884959.8221028,6.0,-3.0,-44.0
1776884959.8321028,6.0,0.0,-53.0
1776884959.8421028,4.0,1.0,-50.0
1776884959.8521028,0.0,0.0,-52.0
1776884959.8621027,-1.0,0.0,-55.0
1776884959.8721027,-5.0,-1.0,-51.0
1776884959.8821027,-7.0,0.0,-50.0
1776884959.8921027,-6.0,-2.0,-47.0
1776884959.9021027,-3.0,0.0,-41.0
1776884959.9121027,-6.0,1.0,-37.0
1776884959.9221027,-8.0,0.0,-38.0
1776884959.932103,-5.0,3.0,-39.0
1776884959.942103,-4.0,1.0,-40.0
1776884959.952103,-1.0,4.0,-48.0
1776884959.962103,1.0,0.0,-52.0
1776884959.9721026,-1.0,2.0,-55.0
1776884959.9821026,1.0,0.0,-47.0
1776884959.9921026,1.0,2.0,-43.0
1776884960.0021029,1.0,-3.0,-47.0
1776884960.0121028,0.0,-7.0,-50.0
1776884960.0221028,-1.0,-5.0,-44.0
1776884960.0321028,-2.0,-4.0,-44.0
1776884960.0421028,-3.0,0.0,-47.0
1776884960.0521028,-6.0,4.0,-40.0
1776884960.0621028,-2.0,1.0,-40.0
1776884960.0721028,2.0,0.0,-44.0
1776884960.0821028,1.0,-1.0,-45.0
1776884960.0921028,-1.0,2.0,-39.0
1776884960.1021028,-4.0,-2.0,-35.0
1776884960.1121027,-1.0,-1.0,-39.0
1776884960.1221027,0.0,0.0,-39.0
1776884960.1321027,0.0,1.0,-41.0
1776884960.1421027,2.0,0.0,-38.0
1776884960.1521027,4.0,-1.0,-41.0
1776884960.1621027,4.0,-2.0,-35.0
1776884960.1721027,3.0,-4.0,-36.0
1776884960.182103,2.0,-2.0,-41.0
1776884960.192103,0.0,-4.0,-37.0
1776884960.202103,0.0,-2.0,-34.0
1776884960.212103,4.0,0.0,-34.0
1776884960.2221026,0.0,3.0,-33.0
1776884960.2321026,0.0,0.0,-33.0
1776884960.2421026,6.0,2.0,-38.0
1776884960.2521029,7.0,9.0,-33.0
1776884960.2621028,6.0,8.0,-28.0
1776884960.2721028,6.0,6.0,-34.0
1776884960.2821028,6.0,5.0,-32.0
1776884960.2921028,0.0,3.0,-33.0
1776884960.3021028,-1.0,5.0,-34.0
1776884960.3121028,-9.0,5.0,-38.0
1776884960.3221028,-7.0,4.0,-37.0
1776884960.3321028,-10.0,4.0,-41.0
1776884960.3421028,-6.0,1.0,-40.0
1776884960.3521028,-6.0,0.0,-46.0
1776884960.3621027,-2.0,0.0,-45.0
1776884960.3721027,5.0,0.0,-47.0
1776884960.3821027,6.0,1.0,-48.0
1776884960.3921027,6.0,1.0,-38.0
1776884960.4021027,1.0,0.0,-47.0
1776884960.4121027,2.0,2.0,-52.0
1776884960.4221027,6.0,1.0,-55.0
1776884960.432103,5.0,2.0,-58.0
1776884960.442103,8.0,-1.0,-56.0
1776884960.452103,6.0,-4.0,-52.0
1776884960.462103,4.0,-5.0,-49.0
1776884960.4721026,3.0,-1.0,-47.0
1776884960.4821026,5.0,-2.0,-43.0
1776884960.4921026,3.0,-6.0,-45.0
1776884960.5021029,3.0,-4.0,-46.0
1776884960.5121028,2.0,-5.0,-49.0
1776884960.5221028,3.0,0.0,-43.0
1776884960.5321028,2.0,-2.0,-46.0
1776884960.5421028,3.0,0.0,-46.0
1776884960.5521028,6.0,-1.0,-45.0
1776884960.5621028,9.0,-4.0,-42.0
1776884960.5721028,8.0,-3.0,-37.0
1776884960.5821028,5.0,-4.0,-33.0
1776884960.5921028,3.0,-5.0,-37.0
1776884960.6021028,0.0,-4.0,-36.0
1776884960.6121027,0.0,-4.0,-42.0
1776884960.6221027,-1.0,-3.0,-39.0
1776884960.6321027,-10.0,-2.0,-42.0
1776884960.6421027,-10.0,-5.0,-45.0
1776884960.6521027,-9.0,-6.0,-38.0
1776884960.6621027,-5.0,-2.0,-44.0
1776884960.6721027,-4.0,-1.0,-41.0
1776884960.682103,-1.0,0.0,-43.0
1776884960.692103,-3.0,-2.0,-49.0
1776884960.702103,-2.0,-2.0,-45.0
1776884960.712103,3.0,-4.0,-48.0
1776884960.7221026,9.0,-3.0,-43.0
1776884960.7321026,7.0,0.0,-40.0
1776884960.7421026,6.0,-3.0,-38.0
1776884960.7521029,4.0,-3.0,-40.0
1776884960.7621028,1.0,0.0,-45.0
1776884960.7721028,0.0,5.0,-39.0
1776884960.7821028,-1.0,3.0,-44.0
1776884960.7921028,1.0,0.0,-45.0
1776884960.8021028,3.0,-3.0,-46.0
1776884960.8121028,0.0,-7.0,-41.0
1776884960.8221028,-2.0,-2.0,-43.0
1776884960.8321028,-3.0,1.0,-41.0
1776884960.8421028,-2.0,1.0,-44.0
1776884960.8531027,-3.0,0.0,-42.0
1776884960.863103,1.0,0.0,-38.0
1776884960.873103,1.0,2.0,-36.0
1776884960.8821027,0.0,0.0,-39.0
1776884960.8931026,5.0,-2.0,-41.0
1776884960.9031026,5.0,-5.0,-36.0
1776884960.9131026,3.0,-5.0,-40.0
1776884960.9231029,0.0,-6.0,-45.0
1776884960.9331028,1.0,-7.0,-45.0
1776884960.9431028,-5.0,-6.0,-45.0
1776884960.9531028,-7.0,-6.0,-55.0
1776884960.9631028,-7.0,-1.0,-53.0
1776884960.9731028,-3.0,-2.0,-54.0
1776884960.9831028,-3.0,0.0,-43.0
1776884960.9931028,0.0,0.0,-42.0
1776884961.0031028,1.0,0.0,-38.0
1776884961.0131028,0.0,-1.0,-37.0
1776884961.0231028,-1.0,-2.0,-37.0
1776884961.0331028,-2.0,-1.0,-38.0
1776884961.0431027,-1.0,-1.0,-41.0
1776884961.0531027,1.0,-3.0,-44.0
1776884961.0631027,5.0,0.0,-43.0
1776884961.0731027,4.0,0.0,-49.0
1776884961.0831027,6.0,-1.0,-49.0
1776884961.0931027,6.0,-1.0,-51.0
1776884961.1031027,7.0,0.0,-49.0
1776884961.113103,5.0,3.0,-44.0
1776884961.123103,1.0,4.0,-37.0
1776884961.133103,3.0,5.0,-43.0
1776884961.1431026,2.0,1.0,-37.0
1776884961.1531026,0.0,1.0,-34.0
1776884961.1631026,-1.0,0.0,-31.0
1776884961.1731029,-6.0,1.0,-38.0
1776884961.1831028,-5.0,-3.0,-41.0
1776884961.1931028,-4.0,-7.0,-43.0
1776884961.2031028,2.0,-5.0,-45.0
1776884961.2131028,3.0,-5.0,-44.0
1776884961.2231028,3.0,-5.0,-40.0
1776884961.2331028,5.0,-3.0,-39.0
1776884961.2431028,5.0,-3.0,-38.0
1776884961.2531028,6.0,-1.0,-38.0
1776884961.2631028,5.0,0.0,-39.0
1776884961.2731028,1.0,-2.0,-40.0
1776884961.2831028,-5.0,-3.0,-43.0
1776884961.2931027,-1.0,-6.0,-43.0
1776884961.3031027,3.0,-7.0,-45.0
1776884961.3131027,5.0,-8.0,-43.0
1776884961.3231027,5.0,-4.0,-50.0
1776884961.3331027,2.0,-4.0,-48.0
1776884961.3431027,0.0,-5.0,-51.0
1776884961.3531027,4.0,-7.0,-62.0
1776884961.363103,6.0,-8.0,-57.0
1776884961.373103,6.0,-3.0,-54.0
1776884961.383103,4.0,-1.0,-45.0
1776884961.3931026,3.0,-9.0,-45.0
1776884961.4031026,2.0,-8.0,-43.0
1776884961.4131026,1.0,-4.0,-44.0
1776884961.4231029,0.0,-7.0,-44.0
1776884961.4331028,0.0,-3.0,-45.0
1776884961.4431028,0.0,-1.0,-45.0
1776884961.4531028,0.0,-1.0,-43.0
1776884961.4631028,3.0,0.0,-44.0
1776884961.4731028,5.0,-1.0,-46.0
1776884961.4831028,6.0,-2.0,-47.0
1776884961.4931028,5.0,-1.0,-51.0
1776884961.5031028,4.0,-4.0,-48.0
1776884961.5131028,3.0,-3.0,-45.0
1776884961.5231028,5.0,-1.0,-41.0
1776884961.5331028,2.0,0.0,-37.0
1776884961.5431027,0.0,-2.0,-37.0
1776884961.5531027,-3.0,-4.0,-38.0
1776884961.5631027,-6.0,-2.0,-39.0
1776884961.5731027,-1.0,-2.0,-46.0
1776884961.5831027,1.0,-4.0,-51.0
1776884961.5931027,5.0,-4.0,-46.0
1776884961.6031027,5.0,-6.0,-41.0
1776884961.613103,5.0,-7.0,-41.0
1776884961.623103,7.0,-6.0,-46.0
1776884961.633103,5.0,-4.0,-48.0
1776884961.6431026,4.0,-4.0,-44.0
1776884961.6531026,0.0,-5.0,-42.0
1776884961.6631026,-2.0,-9.0,-44.0
1776884961.6731029,1.0,-4.0,-40.0
1776884961.6831028,5.0,-5.0,-32.0
1776884961.6931028,4.0,0.0,-35.0
1776884961.7031028,1.0,-1.0,-36.0
1776884961.7131028,4.0,0.0,-31.0
1776884961.7231028,9.0,0.0,-40.0
1776884961.7331028,5.0,2.0,-44.0
1776884961.7431028,4.0,0.0,-44.0
1776884961.7531028,2.0,0.0,-49.0
1776884961.7631028,1.0,1.0,-57.0
1776884961.7731028,0.0,0.0,-59.0
1776884961.7831028,2.0,0.0,-59.0
1776884961.7931027,2.0,1.0,-54.0
1776884961.8031027,0.0,1.0,-53.0
1776884961.8131027,-3.0,2.0,-52.0
1776884961.8231027,-4.0,1.0,-52.0
1776884961.8331027,0.0,0.0,-40.0
1776884961.8431027,-1.0,-1.0,-37.0
1776884961.8531027,0.0,-1.0,-31.0
1776884961.863103,3.0,0.0,-36.0
1776884961.873103,2.0,0.0,-41.0
1776884961.883103,2.0,1.0,-40.0
1776884961.8931026,4.0,3.0,-48.0
1776884961.9031026,4.0,0.0,-47.0
1776884961.9131026,5.0,-3.0,-43.0
1776884961.9231029,3.0,-2.0,-44.0
1776884961.9331028,0.0,0.0,-43.0
1776884961.9431028,0.0,0.0,-43.0
1776884961.9531028,1.0,3.0,-45.0
1776884961.9641027,3.0,3.0,-44.0
1776884961.9731028,6.0,5.0,-47.0
1776884961.9831028,7.0,2.0,-44.0
1776884961.9931028,5.0,-5.0,-54.0
1776884962.0031028,2.0,-9.0,-46.0
1776884962.0131028,0.0,-5.0,-45.0
1776884962.0231028,5.0,-5.0,-34.0
1776884962.0331028,4.0,-1.0,-39.0
1776884962.0431027,5.0,0.0,-38.0
1776884962.0531027,2.0,2.0,-46.0
1776884962.0631027,5.0,1.0,-43.0
1776884962.0731027,1.0,2.0,-45.0
1776884962.0831027,1.0,2.0,-45.0
1776884962.0931027,-1.0,0.0,-45.0
1776884962.1031027,-6.0,0.0,-39.0
1776884962.113103,-5.0,1.0,-46.0
1776884962.123103,-1.0,0.0,-43.0
1776884962.133103,-1.0,-1.0,-36.0
1776884962.1431026,-4.0,-4.0,-39.0
1776884962.1531026,-4.0,-5.0,-35.0
1776884962.1631026,-6.0,-5.0,-34.0
1776884962.1731029,-2.0,-5.0,-36.0
1776884962.1831028,-3.0,-4.0,-39.0
1776884962.1931028,-6.0,-3.0,-37.0
1776884962.2031028,-9.0,-4.0,-44.0
1776884962.2131028,-7.0,0.0,-42.0
1776884962.2231028,-4.0,-2.0,-46.0
1776884962.2331028,-4.0,-4.0,-44.0
1776884962.2431028,-4.0,-2.0,-39.0
1776884962.2531028,-4.0,0.0,-35.0
1776884962.2631028,-5.0,0.0,-32.0
1776884962.2731028,-3.0,0.0,-35.0
1776884962.2831028,-1.0,-1.0,-41.0
1776884962.2931027,2.0,1.0,-47.0
1776884962.3031027,1.0,2.0,-45.0
1776884962.3131027,0.0,0.0,-49.0
1776884962.3231027,-2.0,0.0,-51.0
1776884962.3331027,-1.0,2.0,-46.0
1776884962.3431027,0.0,-1.0,-41.0
1776884962.3531027,-2.0,-2.0,-50.0
1776884962.363103,-6.0,-2.0,-51.0
1776884962.373103,-7.0,-5.0,-48.0
1776884962.383103,-7.0,-8.0,-47.0
1776884962.3931026,-5.0,-13.0,-45.0
1776884962.4031026,-3.0,-15.0,-33.0
1776884962.4131026,0.0,-12.0,-33.0
1776884962.4231029,1.0,-5.0,-37.0
1776884962.4331028,0.0,-6.0,-43.0
1776884962.4431028,1.0,0.0,-46.0
1776884962.4531028,4.0,-1.0,-43.0
1776884962.4631028,3.0,-3.0,-42.0
1776884962.4731028,-2.0,-9.0,-45.0
1776884962.4831028,2.0,-9.0,-38.0
1776884962.4931028,0.0,-10.0,-36.0
1776884962.5031028,3.0,-9.0,-39.0
1776884962.5131028,0.0,-7.0,-30.0
1776884962.5231028,1.0,-3.0,-27.0
1776884962.5331028,0.0,-1.0,-30.0
1776884962.5431027,-2.0,-2.0,-36.0
1776884962.5531027,-3.0,-2.0,-29.0
1776884962.5631027,3.0,-5.0,-33.0
1776884962.5731027,0.0,-4.0,-36.0
1776884962.5831027,0.0,-7.0,-30.0
1776884962.5931027,0.0,-6.0,-28.0
1776884962.6031027,0.0,-8.0,-34.0
1776884962.613103,-2.0,-8.0,-40.0
1776884962.623103,1.0,-3.0,-41.0
1776884962.633103,2.0,-4.0,-41.0
1776884962.6431026,0.0,-1.0,-46.0
1776884962.6531026,2.0,-2.0,-43.0
1776884962.6631026,7.0,-1.0,-50.0
1776884962.6731029,8.0,0.0,-47.0
1776884962.6831028,7.0,0.0,-44.0
1776884962.6931028,6.0,-3.0,-37.0
1776884962.7031028,4.0,-5.0,-34.0
1776884962.7131028,0.0,-5.0,-35.0
1776884962.7231028,-2.0,-6.0,-36.0
1776884962.7331028,0.0,-4.0,-39.0
1776884962.7431028,0.0,-1.0,-44.0
1776884962.7531028,0.0,0.0,-48.0
1776884962.7631028,-3.0,0.0,-49.0
1776884962.7731028,-5.0,0.0,-48.0
1776884962.7831028,-5.0,1.0,-42.0
1776884962.7931027,-2.0,7.0,-38.0
1776884962.8031027,-6.0,6.0,-38.0
1776884962.8131027,-7.0,10.0,-36.0
1776884962.8231027,0.0,5.0,-30.0
1776884962.8331027,4.0,1.0,-34.0
1776884962.8431027,0.0,1.0,-31.0
1776884962.8531027,-2.0,2.0,-38.0
1776884962.8641028,5.0,0.0,-43.0
1776884962.8741028,1.0,0.0,-43.0
1776884962.8841028,0.0,-1.0,-41.0
1776884962.8931026,-1.0,-2.0,-38.0
1776884962.9041028,0.0,0.0,-42.0
1776884962.9141028,0.0,3.0,-45.0
1776884962.9241028,0.0,1.0,-45.0
1776884962.9341028,-2.0,2.0,-41.0
1776884962.9441028,-3.0,0.0,-42.0
1776884962.9541028,-3.0,-2.0,-42.0
1776884962.9641027,-2.0,0.0,-45.0
1776884962.9741027,1.0,-1.0,-42.0
1776884962.9841027,0.0,0.0,-35.0
1776884962.9941027,-3.0,-2.0,-30.0
1776884963.0041027,-2.0,-1.0,-32.0
1776884963.0141027,-3.0,0.0,-39.0
1776884963.0241027,-3.0,-2.0,-46.0
1776884963.034103,-5.0,-2.0,-46.0
1776884963.044103,-3.0,0.0,-47.0
1776884963.054103,-5.0,-1.0,-38.0
1776884963.0641026,-4.0,1.0,-45.0
1776884963.0741026,-3.0,2.0,-43.0
1776884963.0841026,-7.0,1.0,-39.0
1776884963.0941026,-8.0,0.0,-45.0
1776884963.1041028,-5.0,0.0,-44.0
1776884963.1141028,1.0,-1.0,-42.0
1776884963.1241028,1.0,-3.0,-45.0
1776884963.1341028,2.0,-3.0,-45.0
1776884963.1441028,1.0,-3.0,-41.0
1776884963.1541028,3.0,-4.0,-40.0
1776884963.1641028,1.0,-3.0,-44.0
1776884963.1741028,0.0,-4.0,-41.0
1776884963.1841028,7.0,0.0,-49.0
1776884963.1941028,6.0,0.0,-58.0
1776884963.2041028,1.0,-3.0,-53.0
1776884963.2141027,1.0,-6.0,-48.0
1776884963.2241027,0.0,-5.0,-48.0
1776884963.2341027,0.0,-2.0,-42.0
1776884963.2441027,-2.0,-3.0,-41.0
1776884963.2541027,0.0,-6.0,-41.0
1776884963.2641027,-2.0,-4.0,-37.0
1776884963.2741027,-4.0,-4.0,-34.0
1776884963.284103,0.0,-5.0,-36.0
1776884963.294103,2.0,-5.0,-36.0
1776884963.304103,0.0,-4.0,-39.0
1776884963.3141026,0.0,-5.0,-41.0
1776884963.3241026,0.0,-6.0,-43.0
1776884963.3341026,0.0,-10.0,-39.0
1776884963.3441026,2.0,-6.0,-40.0
1776884963.3541028,1.0,-8.0,-41.0
1776884963.3641028,4.0,-8.0,-37.0
1776884963.3741028,1.0,-3.0,-36.0
1776884963.3841028,-1.0,-4.0,-29.0
1776884963.3941028,-9.0,0.0,-28.0
1776884963.4041028,-7.0,0.0,-32.0
1776884963.4141028,0.0,-3.0,-33.0
1776884963.4241028,-1.0,-2.0,-32.0
1776884963.4341028,-5.0,0.0,-26.0
1776884963.4441028,-4.0,-1.0,-30.0
1776884963.4541028,-3.0,-1.0,-31.0
1776884963.4641027,-4.0,0.0,-33.0
1776884963.4741027,-3.0,-3.0,-32.0
1776884963.4841027,0.0,-6.0,-32.0
1776884963.4941027,1.0,-2.0,-28.0
1776884963.5041027,1.0,0.0,-35.0
1776884963.5141027,4.0,-1.0,-40.0
1776884963.5241027,4.0,-3.0,-40.0
1776884963.534103,5.0,-2.0,-39.0
1776884963.544103,4.0,-7.0,-42.0
1776884963.554103,5.0,-10.0,-37.0
1776884963.5641026,1.0,-9.0,-38.0
1776884963.5741026,4.0,-7.0,-37.0
1776884963.5841026,6.0,-6.0,-42.0
1776884963.5941026,4.0,-10.0,-45.0
1776884963.6041028,5.0,-10.0,-45.0
1776884963.6141028,1.0,-11.0,-46.0
1776884963.6241028,3.0,-8.0,-47.0
1776884963.6341028,7.0,-6.0,-49.0
1776884963.6441028,4.0,-7.0,-50.0
1776884963.6541028,0.0,-8.0,-46.0
1776884963.6641028,-2.0,-9.0,-43.0
1776884963.6741028,1.0,-7.0,-49.0
1776884963.6841028,3.0,-7.0,-49.0
1776884963.6941028,6.0,-6.0,-45.0
1776884963.7041028,8.0,-6.0,-48.0
1776884963.7141027,9.0,-3.0,-47.0
1776884963.7241027,6.0,-3.0,-51.0
1776884963.7341027,5.0,1.0,-49.0
1776884963.7441027,9.0,1.0,-48.0
1776884963.7541027,8.0,6.0,-39.0
1776884963.7641027,6.0,4.0,-38.0
1776884963.7741027,2.0,1.0,-39.0
1776884963.784103,0.0,1.0,-39.0
1776884963.794103,0.0,1.0,-41.0
1776884963.804103,3.0,0.0,-43.0
1776884963.8141026,2.0,0.0,-44.0
1776884963.8241026,-2.0,-2.0,-46.0
1776884963.8341026,-6.0,-2.0,-49.0
1776884963.8441026,-4.0,-4.0,-45.0
1776884963.8541028,-4.0,-1.0,-41.0
1776884963.8641028,-2.0,-3.0,-41.0
1776884963.8741028,-2.0,-4.0,-52.0
1776884963.8841028,0.0,-2.0,-50.0
1776884963.8941028,2.0,-1.0,-54.0
1776884963.9041028,-2.0,-2.0,-53.0
1776884963.9141028,-5.0,-2.0,-56.0
1776884963.9241028,-6.0,-4.0,-50.0
1776884963.9341028,-1.0,-5.0,-44.0
1776884963.9441028,5.0,-1.0,-41.0
1776884963.9541028,1.0,-2.0,-44.0
1776884963.9641027,4.0,-2.0,-43.0
1776884963.9741027,3.0,-2.0,-48.0
1776884963.9841027,1.0,-3.0,-47.0
1776884963.9941027,-2.0,-5.0,-48.0
1776884964.0041027,-4.0,-6.0,-48.0
1776884964.0141027,-8.0,-6.0,-44.0
1776884964.0241027,-6.0,0.0,-42.0
1776884964.034103,-5.0,-3.0,-48.0
1776884964.044103,0.0,-6.0,-52.0
1776884964.054103,1.0,-6.0,-53.0
1776884964.0641026,-2.0,-6.0,-36.0
1776884964.0741026,0.0,-7.0,-34.0
1776884964.0841026,4.0,-7.0,-36.0
1776884964.0941026,4.0,-6.0,-31.0
1776884964.1041028,4.0,-7.0,-28.0
1776884964.1141028,-1.0,-7.0,-39.0
1776884964.1241028,0.0,-9.0,-45.0
1776884964.1341028,5.0,-8.0,-52.0
1776884964.1441028,2.0,-7.0,-45.0
1776884964.1541028,4.0,-4.0,-47.0
1776884964.1641028,7.0,-4.0,-49.0
1776884964.1741028,6.0,-1.0,-44.0
1776884964.1841028,4.0,0.0,-39.0
1776884964.1941028,2.0,2.0,-47.0
1776884964.2041028,4.0,0.0,-49.0
1776884964.2141027,6.0,0.0,-44.0
1776884964.2241027,2.0,-2.0,-51.0
1776884964.2341027,1.0,-1.0,-53.0
1776884964.2441027,0.0,-2.0,-55.0
1776884964.2541027,1.0,-4.0,-53.0
1776884964.2641027,-1.0,-2.0,-50.0
1776884964.2741027,-2.0,-2.0,-46.0
1776884964.284103,-1.0,0.0,-48.0
1776884964.294103,-3.0,2.0,-46.0
1776884964.304103,0.0,-3.0,-45.0
1776884964.3141026,1.0,-5.0,-45.0
1776884964.3241026,-2.0,-8.0,-45.0
1776884964.3341026,2.0,-5.0,-49.0
1776884964.3441026,2.0,-5.0,-40.0
1776884964.3541028,5.0,-5.0,-37.0
1776884964.3641028,4.0,-3.0,-37.0
1776884964.3741028,-1.0,0.0,-38.0
1776884964.3841028,-5.0,0.0,-38.0
1776884964.3941028,-6.0,0.0,-40.0
1776884964.4041028,0.0,1.0,-40.0
1776884964.4141028,0.0,3.0,-46.0
1776884964.4241028,2.0,3.0,-45.0
1776884964.4341028,3.0,3.0,-47.0
1776884964.4441028,4.0,1.0,-48.0
1776884964.4541028,0.0,0.0,-46.0
1776884964.4641027,1.0,-4.0,-46.0
1776884964.4741027,-1.0,-6.0,-46.0
1776884964.4841027,3.0,-2.0,-46.0
1776884964.4941027,1.0,1.0,-41.0
1776884964.5041027,0.0,5.0,-40.0
1776884964.5141027,0.0,4.0,-43.0
1776884964.5241027,-1.0,3.0,-35.0
1776884964.534103,-2.0,1.0,-42.0
1776884964.544103,-5.0,-1.0,-41.0
1776884964.554103,0.0,2.0,-45.0
1776884964.5641026,-1.0,3.0,-51.0
1776884964.5741026,0.0,3.0,-51.0
1776884964.5841026,-2.0,0.0,-45.0
1776884964.5941026,-1.0,0.0,-50.0
1776884964.6041028,-2.0,-3.0,-47.0
1776884964.6141028,-2.0,-5.0,-46.0
1776884964.6241028,0.0,-4.0,-51.0
1776884964.6341028,1.0,-4.0,-53.0
1776884964.6441028,2.0,0.0,-55.0
1776884964.6541028,0.0,0.0,-51.0
1776884964.6641028,0.0,3.0,-55.0
1776884964.6741028,1.0,2.0,-51.0
1776884964.6841028,-3.0,1.0,-53.0
1776884964.6941028,0.0,3.0,-55.0
1776884964.7041028,2.0,0.0,-51.0
1776884964.7141027,-2.0,4.0,-51.0
1776884964.7241027,0.0,1.0,-50.0
1776884964.7341027,1.0,0.0,-44.0
1776884964.7441027,4.0,-1.0,-42.0
1776884964.7541027,6.0,-1.0,-41.0
1776884964.7641027,3.0,-3.0,-48.0
1776884964.7741027,3.0,-2.0,-47.0
1776884964.784103,0.0,-2.0,-49.0
1776884964.794103,1.0,0.0,-52.0
1776884964.804103,2.0,0.0,-48.0
1776884964.8151028,3.0,2.0,-44.0
1776884964.8251028,2.0,-1.0,-40.0
1776884964.8351028,6.0,-6.0,-38.0
1776884964.8441026,5.0,-3.0,-36.0
1776884964.8551028,4.0,-1.0,-32.0
1776884964.8651028,0.0,-4.0,-37.0
1776884964.8751028,-3.0,1.0,-39.0
1776884964.8851027,-4.0,1.0,-43.0
1776884964.8941028,-5.0,3.0,-47.0
1776884964.9051027,-2.0,2.0,-51.0
1776884964.9151027,2.0,1.0,-58.0
1776884964.9251027,3.0,1.0,-56.0
1776884964.9351027,3.0,5.0,-61.0
1776884964.9451027,0.0,4.0,-55.0
1776884964.9551027,-2.0,6.0,-58.0
1776884964.965103,-5.0,4.0,-51.0
1776884964.975103,-8.0,4.0,-51.0
1776884964.985103,-11.0,8.0,-47.0
1776884964.9951026,-9.0,9.0,-37.0
1776884965.0051026,-10.0,4.0,-35.0
1776884965.0151026,-2.0,-1.0,-34.0
1776884965.0251029,0.0,0.0,-39.0
1776884965.0351028,1.0,-4.0,-39.0
1776884965.0451028,-1.0,-8.0,-46.0
1776884965.0551028,-7.0,-6.0,-49.0
1776884965.0651028,-6.0,-7.0,-44.0
1776884965.0751028,-5.0,-9.0,-47.0
1776884965.0851028,-3.0,-8.0,-46.0
1776884965.0951028,0.0,-5.0,-43.0
1776884965.1051028,2.0,-9.0,-43.0
1776884965.1151028,4.0,-8.0,-49.0
1776884965.1251028,5.0,-8.0,-52.0
1776884965.1351027,3.0,-9.0,-52.0
1776884965.1451027,1.0,-8.0,-52.0
1776884965.1551027,2.0,-5.0,-48.0
1776884965.1651027,2.0,-3.0,-46.0
1776884965.1751027,0.0,-1.0,-43.0
1776884965.1851027,3.0,-4.0,-41.0
1776884965.1951027,4.0,-4.0,-39.0
1776884965.2051027,0.0,-5.0,-44.0
1776884965.215103,2.0,-8.0,-44.0
1776884965.225103,3.0,-7.0,-43.0
1776884965.235103,2.0,-4.0,-43.0
1776884965.2451026,-1.0,0.0,-50.0
1776884965.2551026,-3.0,-2.0,-47.0
1776884965.2651026,0.0,-2.0,-43.0
1776884965.2751029,6.0,-4.0,-43.0
1776884965.2851028,0.0,-4.0,-45.0
1776884965.2951028,-3.0,-8.0,-45.0
1776884965.3051028,-4.0,-11.0,-43.0
1776884965.3151028,-3.0,-11.0,-48.0
1776884965.3251028,-1.0,-6.0,-48.0
1776884965.3351028,-4.0,-5.0,-52.0
1776884965.3451028,-3.0,-4.0,-49.0
1776884965.3551028,0.0,-3.0,-42.0
1776884965.3651028,-1.0,-7.0,-38.0
1776884965.3751028,-5.0,-5.0,-33.0
1776884965.3851027,-8.0,-4.0,-33.0
1776884965.3951027,-2.0,-3.0,-39.0
1776884965.4051027,-4.0,1.0,-38.0
1776884965.4151027,-1.0,2.0,-37.0
1776884965.4251027,-4.0,3.0,-44.0
1776884965.4351027,0.0,3.0,-44.0
1776884965.4451027,0.0,2.0,-45.0
1776884965.4551027,-1.0,3.0,-47.0
1776884965.465103,3.0,1.0,-48.0
1776884965.475103,3.0,2.0,-50.0
1776884965.485103,-1.0,0.0,-52.0
1776884965.4951026,1.0,-1.0,-44.0
1776884965.5051026,4.0,-2.0,-38.0
1776884965.5151026,4.0,-3.0,-39.0
1776884965.5251029,7.0,-5.0,-45.0
1776884965.5351028,5.0,-3.0,-44.0
1776884965.5451028,2.0,0.0,-48.0
1776884965.5551028,9.0,0.0,-49.0
1776884965.5651028,5.0,-1.0,-44.0
1776884965.5751028,5.0,0.0,-47.0
1776884965.5851028,3.0,6.0,-40.0
1776884965.5951028,-1.0,8.0,-43.0
1776884965.6051028,-3.0,4.0,-39.0
1776884965.6151028,-4.0,5.0,-42.0
1776884965.6251028,-4.0,4.0,-48.0
1776884965.6351027,-5.0,0.0,-49.0
1776884965.6451027,-3.0,-3.0,-47.0
1776884965.6551027,-2.0,-9.0,-50.0
1776884965.6651027,-3.0,-10.0,-55.0
1776884965.6751027,1.0,-4.0,-50.0
1776884965.6851027,1.0,-2.0,-50.0
1776884965.6951027,1.0,-5.0,-46.0
1776884965.7051027,3.0,-7.0,-48.0
1776884965.715103,4.0,-7.0,-45.0
1776884965.725103,3.0,-8.0,-40.0
1776884965.735103,1.0,-10.0,-40.0
1776884965.7451026,2.0,-8.0,-36.0
1776884965.7551026,1.0,-7.0,-31.0
1776884965.7651026,3.0,-10.0,-35.0
1776884965.7751029,2.0,-4.0,-44.0
1776884965.7851028,2.0,-1.0,-47.0
1776884965.7951028,-2.0,-2.0,-41.0
1776884965.8051028,-4.0,0.0,-44.0
1776884965.8151028,-5.0,-5.0,-52.0
1776884965.8251028,-6.0,-3.0,-56.0
1776884965.8351028,-1.0,-3.0,-53.0
1776884965.8451028,-4.0,-2.0,-44.0
1776884965.8551028,0.0,0.0,-40.0
1776884965.8651028,0.0,0.0,-42.0
1776884965.8751028,1.0,-3.0,-48.0
1776884965.8851027,0.0,-5.0,-45.0
1776884965.8951027,0.0,-9.0,-45.0
1776884965.9051027,1.0,-7.0,-40.0
1776884965.9151027,-2.0,0.0,-43.0
1776884965.9251027,-6.0,0.0,-45.0
1776884965.9351027,-6.0,0.0,-44.0
1776884965.9451027,-4.0,0.0,-42.0
1776884965.9551027,-1.0,3.0,-39.0
1776884965.965103,-1.0,0.0,-44.0
1776884965.975103,-1.0,-1.0,-40.0
1776884965.985103,-1.0,-6.0,-43.0
1776884965.9951026,2.0,-5.0,-46.0
1776884966.0051026,2.0,0.0,-43.0
1776884966.0151026,3.0,-1.0,-49.0
1776884966.0251029,4.0,-3.0,-50.0
1776884966.0351028,1.0,-6.0,-46.0
1776884966.0451028,1.0,0.0,-42.0
1776884966.0551028,1.0,-1.0,-39.0
1776884966.0651028,2.0,-6.0,-46.0
1776884966.0751028,0.0,-3.0,-47.0
1776884966.0851028,4.0,-6.0,-49.0
1776884966.0951028,2.0,-4.0,-51.0
1776884966.1051028,0.0,-2.0,-47.0
1776884966.1151028,3.0,0.0,-44.0
1776884966.1251028,0.0,1.0,-45.0
1776884966.1351027,0.0,-3.0,-51.0
1776884966.1451027,1.0,-1.0,-52.0
1776884966.1551027,0.0,-4.0,-45.0
1776884966.1651027,4.0,-4.0,-40.0
1776884966.1751027,3.0,-1.0,-35.0
1776884966.1851027,2.0,-2.0,-37.0
1776884966.1951027,3.0,-3.0,-38.0
1776884966.2051027,2.0,-5.0,-38.0
1776884966.215103,3.0,-9.0,-41.0
1776884966.225103,5.0,-7.0,-41.0
1776884966.235103,7.0,-8.0,-39.0
1776884966.2451026,3.0,-3.0,-40.0
1776884966.2551026,3.0,-6.0,-37.0
1776884966.2651026,2.0,-10.0,-40.0
1776884966.2751029,0.0,-6.0,-44.0
1776884966.2851028,1.0,-1.0,-46.0
1776884966.2951028,3.0,-1.0,-41.0
1776884966.3051028,4.0,0.0,-41.0
1776884966.3151028,5.0,0.0,-41.0
1776884966.3251028,3.0,0.0,-43.0
1776884966.3351028,9.0,5.0,-45.0
1776884966.3451028,12.0,5.0,-46.0
1776884966.3551028,9.0,3.0,-47.0
1776884966.3651028,5.0,5.0,-46.0
1776884966.3751028,1.0,8.0,-48.0
1776884966.3851027,4.0,9.0,-51.0
1776884966.3951027,6.0,4.0,-47.0
1776884966.4051027,2.0,0.0,-43.0
1776884966.4151027,-1.0,-6.0,-39.0
1776884966.4251027,-2.0,-6.0,-36.0
1776884966.4351027,-3.0,-9.0,-35.0
1776884966.4451027,-2.0,-7.0,-40.0
1776884966.4551027,-3.0,-4.0,-45.0
1776884966.465103,-4.0,-1.0,-45.0
1776884966.475103,-2.0,1.0,-39.0
1776884966.485103,-2.0,0.0,-41.0
1776884966.4951026,-1.0,2.0,-46.0
1776884966.5051026,-4.0,0.0,-47.0
1776884966.5151026,-4.0,3.0,-41.0
1776884966.5251029,-5.0,0.0,-42.0
1776884966.5351028,0.0,0.0,-37.0
1776884966.5451028,2.0,-1.0,-38.0
1776884966.5551028,1.0,1.0,-39.0
1776884966.5651028,4.0,2.0,-42.0
1776884966.5751028,1.0,2.0,-42.0
1776884966.5851028,0.0,0.0,-40.0
1776884966.5951028,0.0,2.0,-41.0
1776884966.6051028,0.0,4.0,-39.0
1776884966.6151028,-1.0,1.0,-43.0
1776884966.6251028,-1.0,0.0,-45.0
1776884966.6351027,0.0,-5.0,-46.0
1776884966.6451027,1.0,-13.0,-43.0
1776884966.6551027,5.0,-15.0,-46.0
1776884966.6651027,7.0,-8.0,-42.0
1776884966.6751027,7.0,-5.0,-45.0
1776884966.6851027,7.0,-5.0,-48.0
1776884966.6951027,3.0,-4.0,-49.0
1776884966.7051027,-1.0,-4.0,-52.0
1776884966.715103,-1.0,0.0,-53.0
1776884966.725103,0.0,-1.0,-55.0
1776884966.735103,-1.0,-2.0,-53.0
1776884966.7451026,0.0,-4.0,-50.0
1776884966.7551026,-1.0,-5.0,-48.0
1776884966.7651026,-4.0,-6.0,-45.0
1776884966.7751029,0.0,-6.0,-44.0
1776884966.7861028,-5.0,-5.0,-44.0
1776884966.7951028,-5.0,-2.0,-51.0
1776884966.8051028,1.0,0.0,-44.0
1776884966.8161027,-2.0,0.0,-42.0
1776884966.8261027,-2.0,-2.0,-36.0
1776884966.8361027,-1.0,-1.0,-41.0
1776884966.8461027,0.0,0.0,-37.0
1776884966.8561027,1.0,2.0,-41.0
1776884966.8661027,0.0,1.0,-44.0
1776884966.8761027,0.0,3.0,-45.0
1776884966.886103,1.0,4.0,-44.0
1776884966.896103,0.0,0.0,-48.0
1776884966.906103,1.0,3.0,-45.0
1776884966.9161026,1.0,4.0,-41.0
1776884966.9261026,0.0,2.0,-36.0
1776884966.9361026,-4.0,0.0,-40.0
1776884966.9461029,-4.0,-3.0,-40.0
1776884966.9561028,-3.0,-6.0,-37.0
1776884966.9661028,-3.0,-5.0,-47.0
1776884966.9761028,-5.0,-1.0,-45.0
1776884966.9861028,-6.0,-2.0,-50.0
1776884966.9961028,-4.0,-4.0,-48.0
1776884967.0061028,-3.0,-2.0,-45.0
1776884967.0161028,-2.0,-2.0,-49.0
1776884967.0261028,-2.0,0.0,-50.0
1776884967.0361028,0.0,-1.0,-46.0
1776884967.0461028,0.0,0.0,-44.0
1776884967.0561028,6.0,0.0,-40.0
1776884967.0661027,5.0,-2.0,-49.0
1776884967.0761027,3.0,-3.0,-53.0
1776884967.0861027,2.0,-2.0,-49.0
1776884967.0961027,4.0,0.0,-51.0
1776884967.1061027,5.0,0.0,-48.0
1776884967.1161027,6.0,-2.0,-49.0
1776884967.1261027,4.0,-1.0,-52.0
1776884967.136103,1.0,2.0,-50.0
1776884967.146103,-2.0,1.0,-45.0
1776884967.156103,-4.0,1.0,-49.0
1776884967.1661026,-3.0,3.0,-64.0
1776884967.1761026,-5.0,-1.0,-67.0
1776884967.1861026,-4.0,-1.0,-56.0
1776884967.1961029,-4.0,-1.0,-58.0
1776884967.2061028,-1.0,0.0,-59.0
1776884967.2161028,1.0,-2.0,-53.0
1776884967.2261028,3.0,-1.0,-48.0
1776884967.2361028,2.0,-1.0,-41.0
1776884967.2461028,2.0,-6.0,-40.0
1776884967.2561028,-1.0,-4.0,-32.0
1776884967.2661028,-2.0,-6.0,-35.0
1776884967.2761028,-4.0,-10.0,-39.0
1776884967.2861028,-1.0,-5.0,-39.0
1776884967.2961028,1.0,-4.0,-31.0
1776884967.3061028,5.0,-1.0,-33.0
1776884967.3161027,6.0,-3.0,-34.0
1776884967.3261027,5.0,-6.0,-34.0
1776884967.3361027,3.0,-3.0,-41.0
1776884967.3461027,5.0,-4.0,-46.0
1776884967.3561027,3.0,-1.0,-52.0
1776884967.3661027,0.0,-4.0,-47.0
1776884967.3761027,-2.0,-3.0,-42.0
1776884967.386103,0.0,-3.0,-38.0
1776884967.396103,0.0,-2.0,-29.0
1776884967.406103,2.0,-11.0,-25.0
1776884967.4161026,4.0,-11.0,-22.0
1776884967.4261026,0.0,-12.0,-36.0
1776884967.4361026,2.0,-10.0,-38.0
1776884967.4461029,-1.0,-6.0,-38.0
1776884967.4561028,1.0,-6.0,-39.0
1776884967.4661028,0.0,-3.0,-33.0
1776884967.4761028,-4.0,-4.0,-32.0
1776884967.4861028,-2.0,-3.0,-34.0
1776884967.4961028,-1.0,-3.0,-38.0
1776884967.5061028,0.0,0.0,-45.0
1776884967.5161028,-1.0,0.0,-48.0
1776884967.5261028,0.0,0.0,-45.0
1776884967.5361028,1.0,0.0,-42.0
1776884967.5461028,3.0,0.0,-43.0
1776884967.5561028,0.0,-2.0,-35.0
1776884967.5661027,2.0,-1.0,-38.0
1776884967.5761027,2.0,-2.0,-43.0
1776884967.5861027,4.0,0.0,-40.0
1776884967.5961027,2.0,1.0,-41.0
1776884967.6061027,1.0,2.0,-48.0
1776884967.6161027,-1.0,2.0,-46.0
1776884967.6261027,-2.0,2.0,-49.0
1776884967.636103,-5.0,2.0,-44.0
1776884967.646103,-1.0,2.0,-44.0
1776884967.656103,-4.0,2.0,-44.0
1776884967.6661026,-8.0,-1.0,-46.0
1776884967.6761026,-7.0,0.0,-51.0
1776884967.6861026,-4.0,1.0,-54.0
1776884967.6961029,-1.0,0.0,-47.0
1776884967.7061028,-3.0,0.0,-47.0
1776884967.7161028,-4.0,-3.0,-47.0
1776884967.7261028,-6.0,-4.0,-51.0
1776884967.7361028,-9.0,-5.0,-52.0
1776884967.7461028,-4.0,-8.0,-46.0
1776884967.7561028,-4.0,-11.0,-42.0
1776884967.7661028,1.0,-11.0,-42.0
1776884967.7761028,1.0,-9.0,-43.0
1776884967.7861028,1.0,-9.0,-48.0
1776884967.7961028,-1.0,-7.0,-50.0
1776884967.8061028,-3.0,-5.0,-47.0
1776884967.8161027,-5.0,-4.0,-47.0
1776884967.8261027,1.0,-7.0,-45.0
1776884967.8361027,-2.0,-4.0,-47.0
1776884967.8461027,3.0,-6.0,-52.0
1776884967.8561027,4.0,-7.0,-48.0
1776884967.8661027,2.0,-4.0,-48.0
1776884967.8761027,-2.0,-5.0,-43.0
1776884967.886103,-4.0,-3.0,-45.0
1776884967.896103,0.0,0.0,-47.0
1776884967.906103,-1.0,3.0,-49.0
1776884967.9161026,-4.0,5.0,-47.0
1776884967.9261026,-2.0,0.0,-42.0
1776884967.9361026,-1.0,-1.0,-40.0
1776884967.9461029,-2.0,-3.0,-40.0
1776884967.9561028,1.0,-8.0,-44.0
1776884967.9661028,2.0,-2.0,-41.0
1776884967.9761028,0.0,-5.0,-40.0
1776884967.9861028,2.0,-6.0,-36.0
1776884967.9961028,4.0,-8.0,-34.0
1776884968.0061028,0.0,-12.0,-40.0
1776884968.0161028,4.0,-12.0,-36.0
1776884968.0261028,3.0,-13.0,-32.0
1776884968.0361028,0.0,-10.0,-35.0
1776884968.0461028,3.0,-8.0,-35.0
1776884968.0561028,4.0,-7.0,-37.0
1776884968.0661027,4.0,-7.0,-40.0
1776884968.0761027,2.0,-6.0,-40.0
1776884968.0861027,2.0,-6.0,-40.0
1776884968.0961027,7.0,-8.0,-38.0
1776884968.1061027,8.0,-7.0,-34.0
1776884968.1161027,7.0,-6.0,-30.0
1776884968.1261027,7.0,-3.0,-36.0
1776884968.136103,6.0,-1.0,-39.0
1776884968.146103,5.0,-3.0,-41.0
1776884968.156103,12.0,-5.0,-42.0
1776884968.1661026,14.0,-6.0,-39.0
1776884968.1761026,11.0,-5.0,-42.0
1776884968.1861026,7.0,-7.0,-43.0
1776884968.1961029,-1.0,-5.0,-41.0
1776884968.2061028,0.0,-3.0,-43.0
1776884968.2161028,-2.0,1.0,-49.0
1776884968.2261028,1.0,0.0,-49.0
1776884968.2361028,-1.0,-1.0,-45.0
1776884968.2461028,-3.0,-1.0,-43.0
1776884968.2561028,0.0,0.0,-43.0
1776884968.2661028,1.0,-1.0,-39.0
1776884968.2761028,2.0,-4.0,-32.0
1776884968.2861028,3.0,-6.0,-28.0
1776884968.2961028,0.0,-8.0,-32.0
1776884968.3061028,5.0,-10.0,-35.0
1776884968.3161027,2.0,-15.0,-39.0
1776884968.3261027,2.0,-11.0,-43.0
1776884968.3361027,3.0,-10.0,-49.0
1776884968.3461027,1.0,-3.0,-58.0
1776884968.3561027,1.0,-6.0,-58.0
1776884968.3661027,4.0,-3.0,-52.0
1776884968.3761027,4.0,0.0,-49.0
1776884968.386103,5.0,-3.0,-51.0
1776884968.396103,5.0,0.0,-47.0
1776884968.406103,4.0,-1.0,-51.0
1776884968.4161026,1.0,-2.0,-53.0
1776884968.4261026,3.0,-3.0,-49.0
1776884968.4361026,0.0,-4.0,-49.0
1776884968.4461029,-2.0,-5.0,-44.0
1776884968.4561028,-3.0,1.0,-40.0
1776884968.4661028,0.0,5.0,-43.0
1776884968.4761028,-3.0,4.0,-41.0
1776884968.4861028,-5.0,4.0,-37.0
1776884968.4961028,-1.0,2.0,-35.0
1776884968.5061028,-3.0,3.0,-40.0
1776884968.5161028,0.0,3.0,-41.0
1776884968.5261028,2.0,6.0,-38.0
1776884968.5361028,-1.0,5.0,-44.0
1776884968.5461028,-4.0,4.0,-43.0
1776884968.5561028,-1.0,2.0,-45.0
1776884968.5661027,2.0,1.0,-49.0
1776884968.5761027,2.0,0.0,-55.0
1776884968.5861027,5.0,3.0,-49.0
1776884968.5961027,4.0,3.0,-51.0
1776884968.6061027,7.0,2.0,-49.0
1776884968.6161027,1.0,0.0,-44.0
1776884968.6261027,-1.0,0.0,-36.0
1776884968.636103,0.0,-4.0,-44.0
1776884968.646103,-1.0,-10.0,-36.0
1776884968.656103,-1.0,-6.0,-32.0
1776884968.6661026,0.0,-7.0,-31.0
1776884968.6761026,3.0,-3.0,-38.0
1776884968.6861026,8.0,-2.0,-44.0
1776884968.6961029,8.0,-3.0,-45.0
1776884968.7061028,0.0,0.0,-45.0
1776884968.7161028,5.0,4.0,-40.0
1776884968.7271028,8.0,-2.0,-40.0
1776884968.7361028,5.0,-9.0,-45.0
1776884968.7461028,5.0,-9.0,-51.0
1776884968.7561028,6.0,-7.0,-48.0
1776884968.7661028,2.0,-6.0,-45.0
1776884968.7771027,-1.0,-3.0,-47.0
1776884968.7861028,-4.0,-2.0,-50.0
1776884968.7971027,-4.0,-1.0,-48.0
1776884968.807103,-3.0,-1.0,-48.0
1776884968.817103,-6.0,0.0,-42.0
1776884968.827103,-2.0,0.0,-47.0
1776884968.837103,0.0,-1.0,-44.0
1776884968.8471026,-2.0,-4.0,-39.0
1776884968.8571026,-1.0,-1.0,-41.0
1776884968.8671026,-2.0,0.0,-48.0
1776884968.8771029,-1.0,0.0,-49.0
1776884968.8871028,0.0,-1.0,-46.0
1776884968.8971028,-1.0,-3.0,-39.0
1776884968.9071028,2.0,-7.0,-36.0
1776884968.9171028,-2.0,-5.0,-40.0
1776884968.9271028,-3.0,0.0,-42.0
1776884968.9371028,1.0,0.0,-48.0
1776884968.9471028,-2.0,-2.0,-53.0
1776884968.9571028,-2.0,-6.0,-54.0
1776884968.9671028,-1.0,-3.0,-51.0
1776884968.9771028,0.0,-3.0,-58.0
1776884968.9871027,-8.0,-2.0,-49.0
1776884968.9971027,-10.0,-3.0,-39.0
1776884969.0071027,-7.0,-4.0,-44.0
1776884969.0171027,-3.0,-6.0,-42.0
1776884969.0271027,0.0,-6.0,-43.0
1776884969.0371027,3.0,-8.0,-39.0
1776884969.0471027,0.0,-6.0,-37.0
1776884969.057103,-1.0,-7.0,-41.0
1776884969.067103,-3.0,-4.0,-48.0
1776884969.077103,-1.0,-4.0,-47.0
1776884969.087103,-4.0,-6.0,-44.0
1776884969.0971026,-5.0,-8.0,-46.0
1776884969.1071026,-7.0,-8.0,-42.0
1776884969.1171026,-3.0,-3.0,-49.0
1776884969.1271029,-3.0,-2.0,-52.0
1776884969.1371028,-3.0,-3.0,-48.0
1776884969.1471028,-2.0,-4.0,-41.0
1776884969.1571028,-1.0,-3.0,-40.0
1776884969.1671028,-6.0,-6.0,-46.0
1776884969.1771028,-5.0,-7.0,-47.0
1776884969.1871028,-2.0,-6.0,-46.0
1776884969.1971028,-1.0,-3.0,-43.0
1776884969.2071028,-3.0,-3.0,-40.0
1776884969.2171028,-7.0,-1.0,-38.0
1776884969.2271028,-7.0,-2.0,-36.0
1776884969.2371027,-8.0,-2.0,-31.0
1776884969.2471027,-4.0,2.0,-38.0
1776884969.2571027,4.0,0.0,-29.0
1776884969.2671027,4.0,0.0,-33.0
1776884969.2771027,1.0,3.0,-32.0
1776884969.2871027,0.0,4.0,-38.0
1776884969.2971027,-2.0,6.0,-45.0
1776884969.307103,-2.0,3.0,-38.0
1776884969.317103,-3.0,4.0,-29.0
1776884969.327103,-4.0,3.0,-31.0
1776884969.337103,-4.0,5.0,-33.0
1776884969.3471026,-4.0,2.0,-39.0
1776884969.3571026,-5.0,1.0,-42.0
1776884969.3671026,-5.0,0.0,-46.0
1776884969.3771029,-4.0,-5.0,-46.0
1776884969.3871028,0.0,-3.0,-47.0
1776884969.3971028,1.0,-4.0,-50.0
1776884969.4071028,0.0,-7.0,-52.0
1776884969.4171028,2.0,-10.0,-47.0
1776884969.4271028,3.0,-8.0,-45.0
1776884969.4371028,6.0,-9.0,-53.0
1776884969.4471028,4.0,-4.0,-52.0
1776884969.4571028,2.0,-5.0,-52.0
1776884969.4671028,2.0,-1.0,-50.0
1776884969.4771028,4.0,-1.0,-54.0
1776884969.4871027,1.0,0.0,-52.0
1776884969.4971027,0.0,0.0,-46.0
1776884969.5071027,0.0,0.0,-45.0
1776884969.5171027,-2.0,1.0,-43.0
1776884969.5271027,-5.0,4.0,-45.0
1776884969.5371027,0.0,-1.0,-47.0
1776884969.5471027,0.0,-1.0,-49.0
1776884969.557103,0.0,-3.0,-43.0
1776884969.567103,0.0,-2.0,-46.0
1776884969.577103,0.0,-3.0,-42.0
1776884969.587103,-4.0,-6.0,-39.0
1776884969.5971026,-7.0,-7.0,-43.0
1776884969.6071026,-7.0,-9.0,-44.0
1776884969.6171026,0.0,-12.0,-40.0
1776884969.6271029,0.0,-13.0,-41.0
1776884969.6371028,2.0,-12.0,-40.0
1776884969.6471028,0.0,-10.0,-40.0
1776884969.6571028,0.0,-9.0,-38.0
1776884969.6671028,0.0,-7.0,-45.0
1776884969.6771028,3.0,-6.0,-47.0
1776884969.6871028,5.0,0.0,-42.0
1776884969.6971028,4.0,4.0,-36.0
1776884969.7071028,3.0,5.0,-38.0
1776884969.7171028,2.0,2.0,-38.0
1776884969.7271028,2.0,1.0,-40.0
1776884969.7371027,1.0,0.0,-44.0
1776884969.7471027,2.0,2.0,-46.0
1776884969.7571027,2.0,0.0,-46.0
1776884969.7671027,4.0,-1.0,-45.0
1776884969.7771027,4.0,2.0,-47.0
1776884969.7871027,5.0,0.0,-49.0
1776884969.7971027,1.0,-4.0,-49.0
1776884969.807103,-2.0,-5.0,-43.0
1776884969.817103,-2.0,-4.0,-42.0
1776884969.827103,0.0,-2.0,-40.0
1776884969.837103,-2.0,-10.0,-44.0
1776884969.8471026,1.0,-11.0,-51.0
1776884969.8571026,0.0,-8.0,-50.0
1776884969.8671026,0.0,-6.0,-52.0
1776884969.8771029,1.0,-5.0,-59.0
1776884969.8871028,0.0,-5.0,-59.0
1776884969.8971028,0.0,-2.0,-62.0
1776884969.9071028,0.0,-3.0,-63.0
1776884969.9171028,-3.0,0.0,-59.0
1776884969.9271028,-6.0,-1.0,-63.0
1776884969.9371028,-7.0,3.0,-62.0
1776884969.9471028,-4.0,3.0,-60.0
1776884969.9571028,-1.0,3.0,-58.0
1776884969.9671028,-2.0,1.0,-51.0
1776884969.9771028,-2.0,2.0,-53.0
1776884969.9871027,-2.0,0.0,-54.0
1776884969.9971027,-4.0,-2.0,-54.0
1776884970.0071027,-3.0,-1.0,-56.0
1776884970.0171027,0.0,1.0,-50.0
1776884970.0271027,4.0,-1.0,-51.0
1776884970.0371027,4.0,-6.0,-52.0
1776884970.0471027,3.0,-4.0,-48.0
1776884970.057103,3.0,-5.0,-44.0
1776884970.067103,4.0,-5.0,-47.0
1776884970.077103,2.0,1.0,-51.0
1776884970.087103,1.0,1.0,-49.0
1776884970.0971026,0.0,1.0,-53.0
1776884970.1071026,2.0,5.0,-57.0
1776884970.1171026,4.0,3.0,-54.0
1776884970.1271029,7.0,2.0,-53.0
1776884970.1371028,6.0,3.0,-46.0
1776884970.1471028,6.0,0.0,-45.0
1776884970.1571028,2.0,-3.0,-44.0
1776884970.1671028,5.0,-6.0,-52.0
1776884970.1771028,4.0,-7.0,-56.0
1776884970.1871028,4.0,-6.0,-54.0
1776884970.1971028,4.0,-4.0,-56.0
1776884970.2071028,3.0,0.0,-46.0
1776884970.2171028,3.0,0.0,-46.0
1776884970.2271028,3.0,-1.0,-49.0
1776884970.2371027,2.0,-2.0,-51.0
1776884970.2471027,2.0,-1.0,-49.0
1776884970.2571027,5.0,-2.0,-44.0
1776884970.2671027,2.0,-3.0,-49.0
1776884970.2771027,2.0,0.0,-46.0
1776884970.2871027,2.0,2.0,-50.0
1776884970.2971027,1.0,-2.0,-51.0
1776884970.307103,2.0,-3.0,-49.0
1776884970.317103,3.0,-1.0,-48.0
1776884970.327103,4.0,0.0,-50.0
1776884970.337103,8.0,0.0,-49.0
1776884970.3471026,8.0,0.0,-58.0
1776884970.3571026,6.0,1.0,-57.0
1776884970.3671026,8.0,-2.0,-61.0
1776884970.3771029,8.0,-4.0,-59.0
1776884970.3871028,9.0,-5.0,-55.0
1776884970.3971028,11.0,-5.0,-47.0
1776884970.4071028,6.0,-2.0,-52.0
1776884970.4171028,4.0,-3.0,-43.0
1776884970.4271028,1.0,-5.0,-36.0
1776884970.4371028,0.0,-5.0,-37.0
1776884970.4471028,2.0,-2.0,-44.0
1776884970.4571028,6.0,-2.0,-50.0
1776884970.4671028,4.0,-5.0,-45.0
1776884970.4771028,0.0,-5.0,-39.0
1776884970.4871027,2.0,-8.0,-43.0
1776884970.4971027,3.0,-6.0,-46.0
1776884970.5071027,5.0,-7.0,-41.0
1776884970.5171027,4.0,-9.0,-43.0
1776884970.5271027,6.0,-5.0,-43.0
1776884970.5371027,10.0,-6.0,-34.0
1776884970.5471027,10.0,-3.0,-36.0
1776884970.557103,10.0,0.0,-41.0
1776884970.567103,4.0,-1.0,-40.0
1776884970.577103,1.0,-3.0,-38.0
1776884970.587103,2.0,-1.0,-40.0
1776884970.5971026,-1.0,-3.0,-44.0
1776884970.6071026,-2.0,-2.0,-39.0
1776884970.6171026,-3.0,-2.0,-39.0
1776884970.6271029,0.0,-5.0,-40.0
1776884970.6371028,3.0,-5.0,-35.0
1776884970.6471028,4.0,-6.0,-39.0
1776884970.6571028,2.0,-1.0,-40.0
1776884970.6671028,2.0,-3.0,-42.0
1776884970.6771028,0.0,0.0,-37.0
1776884970.6871028,2.0,-2.0,-34.0
1776884970.6971028,0.0,-4.0,-30.0
1776884970.7081027,0.0,-3.0,-33.0
1776884970.7171028,3.0,-3.0,-35.0
1776884970.7281027,0.0,0.0,-36.0
1776884970.738103,5.0,0.0,-35.0
1776884970.7471027,6.0,0.0,-35.0
1776884970.7571027,7.0,-1.0,-38.0
1776884970.7681026,8.0,2.0,-43.0
1776884970.7781026,6.0,-3.0,-41.0
1776884970.7881026,6.0,-5.0,-43.0
1776884970.7981029,10.0,-4.0,-47.0
1776884970.8081028,7.0,-4.0,-46.0
1776884970.8181028,2.0,-1.0,-46.0
1776884970.8281028,0.0,0.0,-42.0
1776884970.837103,1.0,-2.0,-42.0
1776884970.8481028,0.0,-3.0,-46.0
1776884970.8581028,-3.0,0.0,-48.0
1776884970.8681028,-5.0,0.0,-54.0
1776884970.8781028,-4.0,-1.0,-54.0
1776884970.8881028,-1.0,0.0,-62.0
1776884970.8981028,-7.0,-2.0,-57.0
1776884970.9081028,-6.0,-1.0,-44.0
1776884970.9181027,-1.0,1.0,-37.0
1776884970.9281027,-4.0,1.0,-41.0
1776884970.9381027,-2.0,-1.0,-47.0
1776884970.9481027,-2.0,-3.0,-51.0
1776884970.9581027,0.0,0.0,-52.0
1776884970.9681027,3.0,3.0,-54.0
1776884970.9781027,0.0,6.0,-57.0
1776884970.988103,3.0,4.0,-56.0
1776884970.998103,3.0,5.0,-50.0
1776884971.008103,3.0,4.0,-47.0
1776884971.0181026,1.0,6.0,-43.0
1776884971.0281026,0.0,4.0,-35.0
1776884971.0381026,1.0,0.0,-41.0
1776884971.0481029,-2.0,-1.0,-46.0
1776884971.0581028,-2.0,1.0,-49.0
1776884971.0681028,-1.0,-2.0,-53.0
1776884971.0781028,-1.0,-1.0,-48.0
1776884971.0881028,-2.0,-3.0,-45.0
1776884971.0981028,0.0,-3.0,-39.0
1776884971.1081028,1.0,-2.0,-43.0
1776884971.1181028,2.0,-4.0,-51.0
1776884971.1281028,2.0,-1.0,-53.0
1776884971.1381028,3.0,0.0,-51.0
1776884971.1481028,1.0,1.0,-48.0
1776884971.1581028,1.0,-2.0,-51.0
1776884971.1681027,2.0,0.0,-54.0
1776884971.1781027,3.0,-3.0,-49.0
1776884971.1881027,6.0,-1.0,-53.0
1776884971.1981027,8.0,-1.0,-48.0
1776884971.2081027,4.0,3.0,-39.0
1776884971.2181027,1.0,4.0,-34.0
1776884971.2281027,3.0,1.0,-30.0
1776884971.238103,0.0,2.0,-36.0
1776884971.248103,0.0,0.0,-35.0
1776884971.258103,1.0,0.0,-37.0
1776884971.2681026,1.0,-5.0,-39.0
1776884971.2781026,2.0,-6.0,-44.0
1776884971.2881026,1.0,-1.0,-41.0
1776884971.2981029,1.0,-4.0,-41.0
1776884971.3081028,4.0,-2.0,-37.0
1776884971.3181028,1.0,0.0,-36.0
1776884971.3281028,0.0,-3.0,-40.0
1776884971.3381028,0.0,-5.0,-34.0
1776884971.3481028,-4.0,-1.0,-38.0
1776884971.3581028,-2.0,3.0,-40.0
1776884971.3681028,-1.0,-1.0,-39.0
1776884971.3781028,2.0,-2.0,-41.0
1776884971.3881028,2.0,-4.0,-40.0
1776884971.3981028,2.0,-9.0,-32.0
1776884971.4081028,0.0,-11.0,-32.0
1776884971.4181027,1.0,-9.0,-32.0
1776884971.4281027,5.0,-8.0,-36.0
1776884971.4381027,3.0,-2.0,-35.0
1776884971.4481027,0.0,-2.0,-38.0
1776884971.4581027,0.0,-2.0,-41.0
1776884971.4681027,0.0,-4.0,-46.0
1776884971.4781027,0.0,1.0,-36.0
1776884971.488103,0.0,1.0,-35.0
1776884971.498103,0.0,2.0,-29.0
1776884971.508103,-2.0,0.0,-31.0
1776884971.5181026,-2.0,0.0,-28.0
1776884971.5281026,-1.0,-1.0,-34.0
1776884971.5381026,0.0,0.0,-34.0
1776884971.5481029,-2.0,0.0,-36.0
1776884971.5581028,0.0,1.0,-41.0
1776884971.5681028,0.0,0.0,-44.0
1776884971.5781028,-3.0,0.0,-47.0
1776884971.5881028,-3.0,0.0,-48.0
1776884971.5981028,-2.0,-3.0,-54.0
1776884971.6081028,-2.0,1.0,-51.0
1776884971.6181028,-1.0,3.0,-45.0
1776884971.6281028,-2.0,0.0,-45.0
1776884971.6381028,-2.0,-2.0,-47.0
1776884971.6481028,1.0,-3.0,-41.0
1776884971.6581028,6.0,0.0,-46.0
1776884971.6681027,6.0,0.0,-47.0
1776884971.6781027,7.0,0.0,-46.0
1776884971.6881027,8.0,-2.0,-48.0
1776884971.6981027,2.0,-2.0,-50.0
1776884971.7081027,2.0,-6.0,-44.0
1776884971.7181027,1.0,-5.0,-44.0
1776884971.7281027,0.0,-5.0,-47.0
1776884971.738103,-4.0,-2.0,-47.0
1776884971.748103,-6.0,-1.0,-48.0
1776884971.758103,-6.0,-6.0,-45.0
1776884971.7681026,-4.0,-2.0,-49.0
1776884971.7781026,0.0,-4.0,-54.0
1776884971.7881026,1.0,-3.0,-52.0
1776884971.7981029,-1.0,-5.0,-45.0
1776884971.8081028,-1.0,-4.0,-46.0
1776884971.8181028,-1.0,-2.0,-51.0
1776884971.8281028,1.0,-8.0,-52.0
1776884971.8381028,1.0,-3.0,-53.0
1776884971.8481028,0.0,0.0,-56.0
1776884971.8581028,-3.0,-4.0,-63.0
1776884971.8681028,-3.0,-7.0,-63.0
1776884971.8781028,-7.0,-3.0,-57.0
1776884971.8881028,-2.0,-2.0,-53.0
1776884971.8981028,0.0,-5.0,-50.0
1776884971.9081028,-6.0,-2.0,-48.0
1776884971.9181027,-7.0,-2.0,-48.0
1776884971.9281027,-3.0,0.0,-46.0
1776884971.9381027,-1.0,0.0,-55.0
1776884971.9481027,2.0,3.0,-58.0
1776884971.9581027,2.0,0.0,-55.0
1776884971.9681027,2.0,-2.0,-53.0
1776884971.9781027,4.0,-2.0,-50.0
1776884971.988103,-2.0,0.0,-53.0
1776884971.998103,0.0,-2.0,-49.0
1776884972.008103,-3.0,0.0,-47.0
1776884972.0181026,-4.0,0.0,-47.0
1776884972.0281026,-10.0,1.0,-48.0
1776884972.0381026,-11.0,3.0,-53.0
1776884972.0481029,-9.0,1.0,-58.0
1776884972.0581028,-9.0,0.0,-58.0
1776884972.0681028,-7.0,-2.0,-54.0
1776884972.0781028,-2.0,-2.0,-52.0
1776884972.0881028,-4.0,-1.0,-50.0
1776884972.0981028,-5.0,1.0,-46.0
1776884972.1081028,0.0,3.0,-51.0
1776884972.1181028,-2.0,4.0,-50.0
1776884972.1281028,0.0,7.0,-46.0
1776884972.1381028,2.0,5.0,-46.0
1776884972.1481028,1.0,3.0,-38.0
1776884972.1581028,4.0,0.0,-41.0
1776884972.1681027,4.0,1.0,-36.0
1776884972.1781027,4.0,0.0,-35.0
1776884972.1881027,6.0,-4.0,-43.0
1776884972.1981027,1.0,-11.0,-45.0
1776884972.2081027,0.0,-8.0,-45.0
1776884972.2181027,-3.0,-5.0,-49.0
1776884972.2281027,0.0,-6.0,-43.0
1776884972.238103,0.0,-4.0,-41.0
1776884972.248103,6.0,-4.0,-44.0
1776884972.258103,6.0,-4.0,-49.0
1776884972.2681026,5.0,-2.0,-50.0
1776884972.2781026,3.0,-2.0,-42.0
1776884972.2881026,3.0,-2.0,-37.0
1776884972.2981029,5.0,-1.0,-38.0
1776884972.3081028,7.0,0.0,-42.0
1776884972.3181028,9.0,0.0,-47.0
1776884972.3281028,10.0,0.0,-50.0
1776884972.3381028,6.0,0.0,-47.0
1776884972.3481028,4.0,-2.0,-45.0
1776884972.3581028,1.0,-4.0,-36.0
1776884972.3681028,6.0,-5.0,-40.0
1776884972.3781028,4.0,-4.0,-42.0
1776884972.3881028,2.0,1.0,-46.0
1776884972.3981028,-1.0,0.0,-45.0
1776884972.4081028,-2.0,0.0,-41.0
1776884972.4181027,4.0,1.0,-42.0
1776884972.4281027,9.0,-2.0,-47.0
1776884972.4381027,7.0,0.0,-44.0
1776884972.4481027,5.0,2.0,-45.0
1776884972.4581027,0.0,0.0,-44.0
1776884972.4681027,3.0,0.0,-47.0
1776884972.4781027,4.0,-4.0,-44.0
1776884972.488103,11.0,-4.0,-43.0
1776884972.498103,11.0,-3.0,-42.0
1776884972.508103,9.0,-6.0,-44.0
1776884972.5181026,8.0,-5.0,-50.0
1776884972.5281026,3.0,-9.0,-48.0
1776884972.5381026,3.0,-10.0,-50.0
1776884972.5481029,6.0,-7.0,-45.0
1776884972.5581028,7.0,-4.0,-47.0
1776884972.5681028,8.0,-2.0,-38.0
1776884972.5781028,3.0,-5.0,-43.0
1776884972.5881028,0.0,-7.0,-39.0
1776884972.5981028,1.0,-4.0,-41.0
1776884972.6081028,1.0,-1.0,-43.0
1776884972.6181028,-1.0,1.0,-43.0
1776884972.6281028,-1.0,0.0,-37.0
1776884972.6381028,-2.0,1.0,-37.0
1776884972.6481028,-3.0,0.0,-35.0
1776884972.6581028,-6.0,-2.0,-35.0
1776884972.6681027,-3.0,-1.0,-38.0
1776884972.6781027,0.0,-1.0,-41.0
1776884972.6881027,1.0,0.0,-38.0
1776884972.6981027,0.0,2.0,-37.0
1776884972.7081027,0.0,2.0,-41.0
1776884972.7191026,-3.0,0.0,-46.0
1776884972.7291028,-2.0,0.0,-52.0
1776884972.7391028,-1.0,2.0,-49.0
1776884972.7491028,0.0,0.0,-48.0
1776884972.7591028,0.0,0.0,-47.0
1776884972.7691028,0.0,5.0,-52.0
1776884972.7791028,-2.0,6.0,-51.0
1776884972.7891028,1.0,1.0,-59.0
1776884972.7991028,-2.0,3.0,-55.0
1776884972.8091028,0.0,3.0,-50.0
1776884972.8191028,4.0,4.0,-44.0
1776884972.8291028,6.0,6.0,-45.0
1776884972.8391027,1.0,5.0,-44.0
1776884972.8491027,0.0,0.0,-39.0
1776884972.8591027,-4.0,-3.0,-39.0
1776884972.8691027,-2.0,-7.0,-39.0
1776884972.8791027,-4.0,-7.0,-40.0
1776884972.8891027,0.0,-3.0,-35.0
1776884972.8991027,4.0,0.0,-39.0
1776884972.909103,4.0,0.0,-44.0
1776884972.919103,4.0,2.0,-44.0
1776884972.929103,4.0,1.0,-48.0
1776884972.9391026,0.0,0.0,-43.0
1776884972.9491026,2.0,0.0,-45.0
1776884972.9591026,0.0,0.0,-49.0
1776884972.9691026,1.0,-1.0,-45.0
1776884972.9791028,0.0,-5.0,-38.0
1776884972.9891028,0.0,-8.0,-37.0
1776884972.9991028,0.0,0.0,-39.0
1776884973.0091028,0.0,-1.0,-39.0
1776884973.0191028,0.0,-1.0,-37.0
1776884973.0291028,-2.0,-3.0,-38.0
1776884973.0391028,1.0,-2.0,-36.0
1776884973.0491028,3.0,-1.0,-36.0
1776884973.0591028,6.0,2.0,-41.0
1776884973.0691028,1.0,2.0,-55.0
1776884973.0791028,8.0,1.0,-51.0
1776884973.0891027,8.0,-3.0,-48.0
1776884973.0991027,4.0,-4.0,-47.0
1776884973.1091027,1.0,-2.0,-51.0
1776884973.1191027,1.0,-1.0,-57.0
1776884973.1291027,-1.0,-5.0,-58.0
1776884973.1391027,-3.0,-8.0,-53.0
1776884973.1491027,-4.0,-6.0,-50.0
1776884973.159103,1.0,-4.0,-50.0
1776884973.169103,4.0,-1.0,-50.0
1776884973.179103,5.0,-5.0,-41.0
1776884973.1891026,6.0,-9.0,-41.0
1776884973.1991026,4.0,-11.0,-38.0
1776884973.2091026,4.0,-13.0,-39.0
1776884973.2191026,4.0,-12.0,-39.0
1776884973.2291028,0.0,-12.0,-37.0
1776884973.2391028,0.0,-11.0,-34.0
1776884973.2491028,-1.0,-8.0,-38.0
1776884973.2591028,0.0,-3.0,-42.0
1776884973.2691028,4.0,-4.0,-42.0
1776884973.2791028,4.0,-2.0,-41.0
1776884973.2891028,5.0,-4.0,-34.0
1776884973.2991028,6.0,-5.0,-41.0
1776884973.3091028,7.0,-7.0,-41.0
1776884973.3191028,7.0,-11.0,-44.0
1776884973.3291028,5.0,-8.0,-42.0
1776884973.3391027,0.0,-4.0,-47.0
1776884973.3491027,-1.0,-3.0,-50.0
1776884973.3591027,3.0,-3.0,-50.0
1776884973.3691027,6.0,-3.0,-48.0
1776884973.3791027,0.0,-8.0,-48.0
1776884973.3891027,3.0,-6.0,-48.0
1776884973.3991027,1.0,-2.0,-43.0
1776884973.409103,-2.0,-1.0,-44.0
1776884973.419103,-2.0,0.0,-45.0
1776884973.429103,-3.0,-3.0,-42.0
1776884973.4391026,-6.0,-3.0,-42.0
1776884973.4491026,-2.0,-1.0,-35.0
1776884973.4591026,-5.0,0.0,-37.0
1776884973.4691026,-4.0,-4.0,-42.0
1776884973.4791028,-5.0,-6.0,-52.0
1776884973.4891028,-4.0,-5.0,-57.0
1776884973.4991028,-6.0,-5.0,-55.0
1776884973.5091028,-6.0,-3.0,-53.0
1776884973.5191028,-3.0,0.0,-52.0
1776884973.5291028,-1.0,1.0,-47.0
1776884973.5391028,-3.0,-1.0,-48.0
1776884973.5491028,1.0,2.0,-55.0
1776884973.5591028,2.0,0.0,-52.0
1776884973.5691028,2.0,1.0,-51.0
1776884973.5791028,-3.0,4.0,-55.0
1776884973.5891027,-5.0,3.0,-48.0
1776884973.5991027,-2.0,-1.0,-47.0
1776884973.6091027,-3.0,-2.0,-42.0
1776884973.6191027,-4.0,0.0,-37.0
1776884973.6291027,-4.0,-2.0,-38.0
1776884973.6391027,-4.0,-3.0,-43.0
1776884973.6491027,-3.0,-1.0,-37.0
1776884973.659103,2.0,0.0,-34.0
1776884973.669103,2.0,2.0,-42.0
1776884973.679103,1.0,1.0,-45.0
1776884973.6891026,0.0,5.0,-36.0
1776884973.6991026,1.0,4.0,-35.0
1776884973.7091026,1.0,2.0,-39.0
1776884973.7191026,0.0,-2.0,-44.0
1776884973.7291028,-2.0,-3.0,-43.0
1776884973.7391028,0.0,-4.0,-37.0
1776884973.7491028,-1.0,-1.0,-38.0
1776884973.7591028,-6.0,-4.0,-38.0
1776884973.7691028,-11.0,-3.0,-42.0
1776884973.7791028,-5.0,-3.0,-45.0
1776884973.7891028,-3.0,-3.0,-48.0
1776884973.7991028,-1.0,-2.0,-48.0
1776884973.8091028,-2.0,-4.0,-49.0
1776884973.8191028,-2.0,1.0,-50.0
1776884973.8291028,-2.0,-3.0,-44.0
1776884973.8391027,-4.0,-4.0,-39.0
1776884973.8491027,-5.0,-4.0,-49.0
1776884973.8591027,-4.0,-3.0,-52.0
1776884973.8691027,-4.0,-5.0,-47.0
1776884973.8791027,-2.0,-2.0,-47.0
1776884973.8891027,0.0,-4.0,-45.0
1776884973.8991027,-3.0,-7.0,-45.0
1776884973.909103,-2.0,-4.0,-45.0
1776884973.919103,-3.0,-4.0,-42.0
1776884973.929103,-6.0,-6.0,-38.0
1776884973.9391026,-3.0,-7.0,-40.0
1776884973.9491026,-4.0,-5.0,-45.0
1776884973.9591026,-9.0,-4.0,-39.0
1776884973.9691026,-10.0,-1.0,-44.0
1776884973.9791028,-8.0,-2.0,-45.0
1776884973.9891028,-14.0,-4.0,-47.0
1776884973.9991028,-14.0,-3.0,-52.0
1776884974.0091028,-9.0,-3.0,-51.0
1776884974.0191028,-8.0,-1.0,-49.0
1776884974.0291028,-4.0,0.0,-42.0
1776884974.0391028,-1.0,0.0,-42.0
1776884974.0491028,-2.0,-1.0,-41.0
1776884974.0591028,-1.0,-2.0,-44.0
1776884974.0691028,-1.0,-3.0,-46.0
1776884974.0791028,2.0,-4.0,-43.0
1776884974.0891027,1.0,-1.0,-46.0
1776884974.0991027,1.0,-5.0,-48.0
1776884974.1091027,3.0,-4.0,-48.0
1776884974.1191027,2.0,-4.0,-49.0
1776884974.1291027,2.0,-2.0,-46.0
1776884974.1391027,2.0,-3.0,-50.0
1776884974.1491027,0.0,0.0,-51.0
1776884974.159103,0.0,0.0,-51.0
1776884974.169103,0.0,0.0,-48.0
1776884974.179103,1.0,-2.0,-56.0
1776884974.1891026,0.0,-1.0,-48.0
1776884974.1991026,1.0,0.0,-47.0
1776884974.2091026,2.0,-3.0,-46.0
1776884974.2191026,0.0,-1.0,-44.0
1776884974.2291028,-5.0,2.0,-43.0
1776884974.2391028,-6.0,-5.0,-45.0
1776884974.2491028,-4.0,0.0,-44.0
1776884974.2591028,0.0,-3.0,-45.0
1776884974.2691028,3.0,-6.0,-44.0
1776884974.2791028,5.0,-6.0,-39.0
1776884974.2891028,1.0,-3.0,-43.0
1776884974.2991028,0.0,-5.0,-45.0
1776884974.3101027,1.0,-3.0,-45.0
1776884974.3191028,2.0,-3.0,-48.0
1776884974.3291028,4.0,-1.0,-45.0
1776884974.3391027,3.0,-2.0,-43.0
1776884974.3491027,0.0,0.0,-47.0
1776884974.3591027,-3.0,5.0,-42.0
1776884974.3691027,0.0,2.0,-36.0
1776884974.3791027,6.0,0.0,-35.0
1776884974.3891027,6.0,-3.0,-34.0
1776884974.3991027,4.0,-4.0,-37.0
1776884974.409103,2.0,-5.0,-40.0
1776884974.419103,-1.0,-6.0,-44.0
1776884974.429103,-7.0,-2.0,-46.0
1776884974.4391026,-6.0,-3.0,-39.0
1776884974.4491026,1.0,-7.0,-40.0
1776884974.4591026,7.0,-7.0,-35.0
1776884974.4691026,6.0,-7.0,-39.0
1776884974.4791028,4.0,-5.0,-40.0
1776884974.4891028,6.0,-5.0,-41.0
1776884974.4991028,3.0,-6.0,-46.0
1776884974.5091028,2.0,-8.0,-45.0
1776884974.5191028,-2.0,-5.0,-45.0
1776884974.5291028,1.0,-5.0,-45.0
1776884974.5391028,1.0,-7.0,-43.0
1776884974.5491028,3.0,-8.0,-45.0
1776884974.5591028,0.0,-7.0,-43.0
1776884974.5691028,-5.0,-8.0,-44.0
1776884974.5791028,-6.0,-5.0,-50.0
1776884974.5891027,-4.0,-3.0,-47.0
1776884974.5991027,-3.0,-6.0,-44.0
1776884974.6091027,-3.0,-9.0,-50.0
1776884974.6191027,0.0,-9.0,-40.0
1776884974.6291027,0.0,-6.0,-36.0
1776884974.6391027,0.0,-5.0,-40.0
1776884974.6491027,3.0,0.0,-42.0
1776884974.659103,0.0,2.0,-40.0
1776884974.669103,-3.0,0.0,-45.0
1776884974.679103,-1.0,0.0,-42.0
1776884974.6891026,-1.0,-2.0,-44.0
1776884974.6991026,0.0,-2.0,-39.0
1776884974.7091026,3.0,-4.0,-43.0
1776884974.7201028,5.0,-4.0,-42.0
1776884974.7301028,6.0,-6.0,-46.0
1776884974.7401028,6.0,-5.0,-54.0
1776884974.7501028,3.0,-5.0,-52.0
1776884974.7601027,4.0,2.0,-49.0
1776884974.7701027,0.0,2.0,-46.0
1776884974.7801027,0.0,-3.0,-37.0
1776884974.7901027,0.0,0.0,-32.0
1776884974.8001027,2.0,-1.0,-36.0
1776884974.8101027,-1.0,0.0,-41.0
1776884974.8201027,-2.0,1.0,-40.0
1776884974.8301027,-3.0,-3.0,-37.0
1776884974.840103,-4.0,-5.0,-38.0
1776884974.850103,-5.0,-7.0,-36.0
1776884974.860103,-6.0,-2.0,-25.0
1776884974.8701026,-4.0,0.0,-29.0
1776884974.8801026,0.0,-1.0,-40.0
1776884974.8901026,2.0,-5.0,-46.0
1776884974.9001029,4.0,-6.0,-42.0
1776884974.9101028,6.0,-7.0,-44.0
1776884974.9201028,5.0,-6.0,-43.0
1776884974.9301028,-1.0,-2.0,-48.0
1776884974.9401028,-2.0,-2.0,-45.0
1776884974.9501028,-2.0,-3.0,-50.0
1776884974.9601028,0.0,-5.0,-47.0
1776884974.9701028,-1.0,-8.0,-45.0
1776884974.9801028,-3.0,-9.0,-44.0
1776884974.9901028,0.0,-8.0,-34.0
1776884975.0001028,5.0,-4.0,-31.0
1776884975.0101027,4.0,-1.0,-31.0
1776884975.0201027,3.0,-1.0,-33.0
1776884975.0301027,6.0,1.0,-46.0
1776884975.0401027,9.0,1.0,-50.0
1776884975.0501027,8.0,2.0,-49.0
1776884975.0601027,7.0,1.0,-45.0
1776884975.0701027,8.0,-2.0,-50.0
1776884975.0801027,6.0,0.0,-49.0
1776884975.090103,4.0,-2.0,-55.0
1776884975.100103,1.0,-4.0,-50.0
1776884975.110103,-1.0,-4.0,-49.0
1776884975.1201026,0.0,-3.0,-49.0
1776884975.1301026,4.0,-3.0,-47.0
1776884975.1401026,5.0,-3.0,-38.0
1776884975.1501029,2.0,-5.0,-41.0
1776884975.1601028,-1.0,-9.0,-40.0
1776884975.1701028,-4.0,-3.0,-43.0
1776884975.1801028,-3.0,0.0,-42.0
1776884975.1901028,-3.0,0.0,-38.0
1776884975.2001028,0.0,-1.0,-35.0
1776884975.2101028,0.0,0.0,-35.0
1776884975.2201028,0.0,0.0,-40.0
1776884975.2301028,1.0,3.0,-49.0
1776884975.2401028,0.0,2.0,-50.0
1776884975.2501028,-3.0,1.0,-43.0
1776884975.2601027,-3.0,4.0,-51.0
1776884975.2701027,-2.0,3.0,-49.0
1776884975.2801027,-4.0,2.0,-48.0
1776884975.2901027,-5.0,5.0,-46.0
1776884975.3001027,2.0,4.0,-54.0
1776884975.3101027,2.0,0.0,-52.0
1776884975.3201027,3.0,-5.0,-52.0
1776884975.3301027,5.0,-1.0,-47.0
1776884975.340103,5.0,1.0,-40.0
1776884975.350103,3.0,2.0,-37.0
1776884975.360103,0.0,5.0,-33.0
1776884975.3701026,0.0,1.0,-34.0
1776884975.3801026,-1.0,4.0,-40.0
1776884975.3901026,-3.0,10.0,-41.0
1776884975.4001029,-2.0,6.0,-52.0
1776884975.4101028,-4.0,4.0,-47.0
1776884975.4201028,-3.0,5.0,-44.0
1776884975.4301028,-6.0,4.0,-46.0
1776884975.4401028,-5.0,1.0,-46.0
1776884975.4501028,-1.0,-1.0,-51.0
1776884975.4601028,-2.0,0.0,-48.0
1776884975.4701028,-1.0,2.0,-55.0
1776884975.4801028,1.0,5.0,-57.0
1776884975.4901028,3.0,5.0,-49.0
1776884975.5001028,2.0,1.0,-49.0
1776884975.5101027,2.0,-2.0,-49.0
1776884975.5201027,0.0,-4.0,-48.0
1776884975.5301027,0.0,-3.0,-45.0
1776884975.5401027,-1.0,-6.0,-42.0
1776884975.5501027,-5.0,-10.0,-39.0
1776884975.5601027,-2.0,-12.0,-32.0
1776884975.5701027,-3.0,-15.0,-23.0
1776884975.5801027,-2.0,-11.0,-20.0
1776884975.590103,-6.0,-9.0,-27.0
1776884975.600103,-5.0,-10.0,-29.0
1776884975.610103,-7.0,-9.0,-38.0
1776884975.6201026,-4.0,-6.0,-42.0
1776884975.6301026,0.0,-6.0,-41.0
1776884975.6401026,-3.0,-6.0,-42.0
1776884975.6501029,-6.0,-8.0,-41.0
1776884975.6601028,0.0,-6.0,-47.0
1776884975.6701028,2.0,-5.0,-53.0
1776884975.6801028,0.0,-6.0,-49.0
1776884975.6901028,-1.0,-5.0,-48.0
1776884975.7001028,-4.0,-6.0,-47.0
1776884975.7101028,-1.0,-2.0,-41.0
1776884975.7201028,2.0,-1.0,-37.0
1776884975.7301028,-1.0,0.0,-38.0
1776884975.7401028,-1.0,0.0,-36.0
1776884975.7501028,-2.0,0.0,-39.0
1776884975.7601027,-1.0,0.0,-36.0
1776884975.7701027,1.0,0.0,-38.0
1776884975.7801027,-4.0,3.0,-43.0
1776884975.7901027,-7.0,2.0,-44.0
1776884975.8001027,-6.0,0.0,-44.0
1776884975.8101027,-5.0,7.0,-52.0
1776884975.8201027,-6.0,9.0,-54.0
1776884975.8301027,-3.0,7.0,-52.0
1776884975.840103,-2.0,6.0,-52.0
1776884975.850103,-1.0,7.0,-56.0
1776884975.860103,-3.0,5.0,-54.0
1776884975.8701026,0.0,6.0,-54.0
1776884975.8801026,-2.0,0.0,-55.0
1776884975.8911028,-4.0,1.0,-53.0
1776884975.9001029,-1.0,-3.0,-53.0
1776884975.9101028,0.0,-4.0,-47.0
1776884975.9201028,-3.0,-2.0,-38.0
1776884975.9301028,0.0,-3.0,-36.0
1776884975.9401028,-4.0,-2.0,-38.0
1776884975.9501028,-2.0,0.0,-42.0
1776884975.9601028,-3.0,0.0,-43.0
1776884975.9701028,-2.0,2.0,-38.0
1776884975.9801028,1.0,2.0,-39.0
1776884975.9901028,4.0,3.0,-42.0
1776884976.0001028,3.0,1.0,-45.0
1776884976.0101027,4.0,0.0,-41.0
1776884976.0201027,4.0,-1.0,-46.0
1776884976.0301027,2.0,0.0,-45.0
1776884976.0401027,3.0,-1.0,-41.0
1776884976.0501027,0.0,-4.0,-46.0
1776884976.0601027,-2.0,0.0,-42.0
1776884976.0701027,-1.0,0.0,-41.0
1776884976.0801027,5.0,-3.0,-47.0
1776884976.090103,8.0,-3.0,-45.0
1776884976.100103,9.0,-2.0,-45.0
1776884976.110103,5.0,-3.0,-52.0
1776884976.1201026,6.0,-4.0,-54.0
1776884976.1301026,7.0,-3.0,-46.0
1776884976.1401026,4.0,1.0,-43.0
1776884976.1501029,2.0,-1.0,-44.0
1776884976.1601028,3.0,3.0,-42.0
1776884976.1701028,2.0,3.0,-41.0
1776884976.1801028,4.0,-1.0,-35.0
1776884976.1901028,5.0,1.0,-33.0
1776884976.2001028,7.0,1.0,-28.0
1776884976.2101028,2.0,0.0,-39.0
1776884976.2201028,2.0,-1.0,-46.0
1776884976.2301028,0.0,-5.0,-44.0
1776884976.2401028,4.0,-5.0,-44.0
1776884976.2501028,4.0,0.0,-47.0
1776884976.2601027,2.0,4.0,-50.0
1776884976.2701027,-1.0,7.0,-56.0
1776884976.2801027,0.0,3.0,-59.0
1776884976.2901027,-2.0,2.0,-63.0
1776884976.3001027,-4.0,0.0,-57.0
1776884976.3101027,-4.0,-1.0,-57.0
1776884976.3201027,-1.0,0.0,-58.0
1776884976.3301027,2.0,4.0,-54.0
1776884976.340103,1.0,3.0,-51.0
1776884976.350103,-6.0,3.0,-44.0
1776884976.360103,-2.0,4.0,-44.0
1776884976.3701026,-2.0,-2.0,-50.0
1776884976.3801026,-3.0,-1.0,-53.0
1776884976.3901026,-6.0,-4.0,-45.0
1776884976.4001029,-4.0,-4.0,-44.0
1776884976.4101028,-1.0,-1.0,-43.0
1776884976.4201028,-7.0,0.0,-48.0
1776884976.4301028,-9.0,-5.0,-44.0
1776884976.4401028,-6.0,-7.0,-43.0
1776884976.4501028,-2.0,-9.0,-36.0
1776884976.4601028,1.0,-9.0,-44.0
1776884976.4701028,0.0,-8.0,-46.0
1776884976.4801028,0.0,-4.0,-47.0
1776884976.4901028,4.0,-1.0,-54.0
1776884976.5001028,1.0,0.0,-55.0
1776884976.5101027,3.0,2.0,-52.0
1776884976.5201027,2.0,5.0,-52.0
1776884976.5301027,3.0,5.0,-61.0
1776884976.5401027,0.0,1.0,-61.0
1776884976.5501027,0.0,-2.0,-53.0
1776884976.5601027,0.0,0.0,-58.0
1776884976.5701027,-2.0,1.0,-55.0
1776884976.5801027,-7.0,2.0,-49.0
1776884976.590103,-5.0,0.0,-47.0
1776884976.600103,0.0,3.0,-45.0
1776884976.610103,-1.0,0.0,-42.0
1776884976.6201026,-1.0,-2.0,-47.0
1776884976.6301026,-2.0,-2.0,-48.0
1776884976.6401026,-2.0,-3.0,-46.0
1776884976.6501029,-3.0,-2.0,-40.0
1776884976.6601028,-4.0,-3.0,-41.0
1776884976.6701028,0.0,-1.0,-44.0
1776884976.6811028,1.0,2.0,-52.0
1776884976.6911027,-4.0,0.0,-51.0
1776884976.7011027,-2.0,-1.0,-48.0
1776884976.7111027,-4.0,-4.0,-49.0
1776884976.7211027,-3.0,-4.0,-47.0
1776884976.7311027,-6.0,-4.0,-47.0
1776884976.7411027,-3.0,-5.0,-44.0
1776884976.7511027,-3.0,-6.0,-40.0
1776884976.761103,-7.0,-6.0,-44.0
1776884976.771103,-8.0,-8.0,-42.0
1776884976.781103,-5.0,-1.0,-46.0
1776884976.7911026,-4.0,0.0,-47.0
1776884976.8011026,-3.0,0.0,-44.0
1776884976.8111026,-5.0,-1.0,-45.0
1776884976.8211029,-5.0,0.0,-46.0
1776884976.8311028,0.0,-4.0,-49.0
1776884976.8411028,-1.0,-4.0,-52.0
1776884976.8511028,-1.0,-7.0,-51.0
1776884976.8611028,-3.0,-6.0,-49.0
1776884976.8711028,3.0,-3.0,-51.0
1776884976.8811028,8.0,-1.0,-49.0
1776884976.8911028,7.0,0.0,-43.0
1776884976.9011028,8.0,1.0,-41.0
1776884976.9111028,6.0,-2.0,-36.0
1776884976.9211028,6.0,-5.0,-32.0
1776884976.9311028,5.0,-6.0,-33.0
1776884976.9411027,4.0,-5.0,-38.0
1776884976.9511027,0.0,-5.0,-42.0
1776884976.9611027,1.0,-8.0,-39.0
1776884976.9711027,0.0,-6.0,-41.0
1776884976.9811027,-5.0,-7.0,-45.0
1776884976.9911027,0.0,-5.0,-41.0
1776884977.0011027,1.0,-6.0,-46.0
1776884977.011103,1.0,-7.0,-43.0
1776884977.021103,3.0,-4.0,-42.0
1776884977.031103,4.0,-2.0,-42.0
1776884977.0411026,6.0,-2.0,-36.0
1776884977.0511026,7.0,-3.0,-30.0
1776884977.0611026,7.0,0.0,-28.0
1776884977.0711029,8.0,-7.0,-32.0
1776884977.0811028,5.0,-10.0,-41.0
1776884977.0911028,2.0,-7.0,-44.0
1776884977.1011028,4.0,-3.0,-45.0
1776884977.1111028,5.0,-4.0,-44.0
1776884977.1211028,3.0,-6.0,-44.0
1776884977.1311028,0.0,-5.0,-47.0
1776884977.1411028,0.0,-4.0,-45.0
1776884977.1511028,-3.0,-4.0,-47.0
1776884977.1611028,2.0,-1.0,-49.0
1776884977.1711028,1.0,-3.0,-53.0
1776884977.1811028,4.0,-4.0,-43.0
1776884977.1911027,5.0,0.0,-46.0
1776884977.2011027,3.0,1.0,-44.0
1776884977.2111027,5.0,2.0,-44.0
1776884977.2211027,5.0,2.0,-41.0
1776884977.2311027,3.0,2.0,-44.0
1776884977.2411027,2.0,4.0,-41.0
1776884977.2511027,6.0,5.0,-43.0
1776884977.261103,0.0,4.0,-43.0
1776884977.271103,0.0,4.0,-43.0
1776884977.281103,2.0,1.0,-46.0
1776884977.2911026,0.0,0.0,-40.0
1776884977.3011026,3.0,2.0,-45.0
1776884977.3111026,4.0,5.0,-48.0
1776884977.3211029,3.0,5.0,-39.0
1776884977.3311028,1.0,0.0,-37.0
1776884977.3411028,0.0,-2.0,-38.0
1776884977.3511028,-4.0,-2.0,-37.0
1776884977.3611028,-1.0,0.0,-41.0
1776884977.3711028,0.0,2.0,-43.0
1776884977.3811028,0.0,-1.0,-39.0
1776884977.3911028,0.0,-4.0,-36.0
1776884977.4011028,0.0,-2.0,-40.0
1776884977.4111028,2.0,-2.0,-45.0
1776884977.4211028,2.0,-1.0,-42.0
1776884977.4311028,2.0,-6.0,-44.0
1776884977.4411027,1.0,-5.0,-43.0
1776884977.4511027,4.0,0.0,-46.0
1776884977.4611027,7.0,0.0,-47.0
1776884977.4711027,5.0,-2.0,-45.0
1776884977.4811027,2.0,-2.0,-45.0
1776884977.4911027,1.0,-3.0,-44.0
1776884977.5011027,0.0,-1.0,-50.0
1776884977.511103,-1.0,-1.0,-45.0
1776884977.521103,-4.0,-1.0,-48.0
1776884977.531103,-3.0,-3.0,-39.0
1776884977.5411026,5.0,-2.0,-42.0
1776884977.5511026,1.0,-5.0,-36.0
1776884977.5611026,3.0,-5.0,-33.0
1776884977.5711029,3.0,-4.0,-41.0
1776884977.5811028,3.0,-4.0,-40.0
1776884977.5911028,2.0,-5.0,-33.0
1776884977.6011028,1.0,-3.0,-41.0
1776884977.6111028,2.0,-3.0,-45.0
1776884977.6211028,2.0,-5.0,-44.0
1776884977.6311028,-2.0,-5.0,-41.0
1776884977.6411028,-6.0,-6.0,-37.0
1776884977.6511028,-2.0,-3.0,-33.0
1776884977.6611028,-2.0,-2.0,-38.0
1776884977.6711028,0.0,-7.0,-31.0
1776884977.6811028,0.0,-8.0,-33.0
1776884977.6911027,-2.0,-5.0,-44.0
1776884977.7011027,-5.0,0.0,-47.0
1776884977.7111027,-4.0,0.0,-43.0
1776884977.7211027,-9.0,6.0,-46.0
1776884977.7311027,-12.0,2.0,-42.0
1776884977.7411027,-6.0,1.0,-43.0
1776884977.7511027,-7.0,0.0,-41.0
1776884977.761103,-7.0,5.0,-46.0
1776884977.771103,-5.0,4.0,-48.0
1776884977.781103,-2.0,0.0,-52.0
1776884977.7911026,0.0,-1.0,-53.0
1776884977.8011026,0.0,-3.0,-45.0
1776884977.8111026,2.0,-3.0,-46.0
1776884977.8211029,0.0,-3.0,-43.0
1776884977.8311028,-5.0,-6.0,-46.0
1776884977.8411028,-4.0,-5.0,-47.0
1776884977.8511028,-3.0,-6.0,-51.0
1776884977.8611028,-6.0,-5.0,-53.0
1776884977.8711028,-6.0,-4.0,-49.0
1776884977.8811028,-9.0,-1.0,-41.0
1776884977.8911028,-7.0,-2.0,-44.0
1776884977.9011028,-6.0,-1.0,-43.0
1776884977.9111028,-8.0,-2.0,-48.0
1776884977.9211028,-7.0,-2.0,-51.0
1776884977.9311028,-8.0,-4.0,-51.0
1776884977.9411027,-3.0,-4.0,-50.0
1776884977.9511027,-3.0,-4.0,-49.0
1776884977.9611027,-1.0,-5.0,-49.0
1776884977.9711027,-3.0,-5.0,-44.0
1776884977.9811027,-1.0,0.0,-41.0
1776884977.9911027,4.0,0.0,-41.0
1776884978.0011027,8.0,2.0,-45.0
1776884978.011103,3.0,7.0,-46.0
1776884978.021103,2.0,7.0,-42.0
1776884978.031103,5.0,1.0,-38.0
1776884978.0411026,2.0,5.0,-37.0
1776884978.0511026,2.0,5.0,-35.0
1776884978.0611026,4.0,6.0,-39.0
1776884978.0711029,10.0,4.0,-44.0
1776884978.0811028,12.0,1.0,-42.0
1776884978.0911028,7.0,2.0,-45.0
1776884978.1011028,6.0,1.0,-45.0
1776884978.1111028,3.0,5.0,-42.0
1776884978.1211028,5.0,4.0,-41.0
1776884978.1311028,2.0,5.0,-45.0
1776884978.1411028,2.0,4.0,-48.0
1776884978.1511028,0.0,-1.0,-48.0
1776884978.1611028,0.0,-4.0,-44.0
1776884978.1711028,1.0,1.0,-49.0
1776884978.1811028,0.0,3.0,-50.0
1776884978.1911027,3.0,1.0,-47.0
1776884978.2011027,0.0,-3.0,-51.0
1776884978.2111027,0.0,-7.0,-50.0
1776884978.2211027,4.0,-5.0,-47.0
1776884978.2311027,5.0,-6.0,-46.0
1776884978.2411027,1.0,-4.0,-44.0
1776884978.2511027,2.0,-2.0,-47.0
1776884978.261103,2.0,-3.0,-49.0
1776884978.271103,5.0,-1.0,-49.0
1776884978.281103,2.0,-4.0,-55.0
1776884978.2911026,1.0,-3.0,-52.0
1776884978.3011026,0.0,-2.0,-53.0
1776884978.3111026,-4.0,-3.0,-50.0
1776884978.3211029,-2.0,-1.0,-45.0
1776884978.3311028,-6.0,-1.0,-41.0
1776884978.3411028,-6.0,-3.0,-47.0
1776884978.3511028,-5.0,-3.0,-55.0
1776884978.3611028,-5.0,-3.0,-50.0
1776884978.3711028,-3.0,-2.0,-46.0
1776884978.3811028,-1.0,-5.0,-45.0
1776884978.3911028,-1.0,-10.0,-41.0
1776884978.4011028,1.0,-12.0,-49.0
1776884978.4111028,1.0,-10.0,-50.0
1776884978.4211028,-2.0,-7.0,-51.0
1776884978.4311028,0.0,-6.0,-42.0
1776884978.4411027,0.0,-5.0,-49.0
1776884978.4511027,0.0,-8.0,-47.0
1776884978.4611027,-1.0,-8.0,-49.0
1776884978.4711027,4.0,-8.0,-49.0
1776884978.4811027,4.0,-5.0,-49.0
1776884978.4911027,1.0,-7.0,-51.0
1776884978.5011027,0.0,-5.0,-49.0
1776884978.511103,0.0,-1.0,-49.0
1776884978.521103,-5.0,-1.0,-43.0
1776884978.531103,-3.0,0.0,-40.0
1776884978.5411026,-3.0,-5.0,-45.0
1776884978.5511026,-4.0,0.0,-46.0
1776884978.5611026,-3.0,0.0,-41.0
1776884978.5711029,-1.0,-2.0,-41.0
1776884978.5811028,-2.0,2.0,-45.0
1776884978.5911028,-3.0,2.0,-43.0
1776884978.6011028,-1.0,-1.0,-48.0
1776884978.6111028,0.0,0.0,-49.0
1776884978.6211028,0.0,0.0,-49.0
1776884978.6321027,0.0,1.0,-45.0
1776884978.6421027,1.0,0.0,-47.0
1776884978.6521027,1.0,1.0,-47.0
1776884978.6621027,3.0,4.0,-52.0
1776884978.6721027,0.0,3.0,-47.0
1776884978.682103,2.0,3.0,-50.0
1776884978.692103,3.0,1.0,-44.0
1776884978.702103,4.0,-2.0,-37.0
1776884978.712103,-1.0,-2.0,-37.0
1776884978.7221026,-1.0,-5.0,-41.0
1776884978.7321026,-1.0,-9.0,-37.0
1776884978.7421026,-1.0,-9.0,-38.0
1776884978.7521029,-3.0,-12.0,-40.0
1776884978.7621028,-4.0,-9.0,-37.0
1776884978.7721028,-1.0,-3.0,-36.0
1776884978.7821028,-2.0,-1.0,-40.0
1776884978.7921028,-1.0,1.0,-37.0
1776884978.8021028,0.0,3.0,-39.0
1776884978.8121028,4.0,6.0,-43.0
1776884978.8221028,8.0,3.0,-45.0
1776884978.8321028,6.0,0.0,-48.0
1776884978.8421028,9.0,-2.0,-40.0
1776884978.8521028,5.0,-2.0,-37.0
1776884978.8621027,1.0,-3.0,-36.0
1776884978.8721027,-3.0,-1.0,-37.0
1776884978.8821027,0.0,0.0,-40.0
1776884978.8921027,3.0,-4.0,-39.0
1776884978.9021027,3.0,-4.0,-38.0
1776884978.9121027,2.0,-5.0,-37.0
1776884978.9221027,0.0,-5.0,-45.0
1776884978.932103,-2.0,-3.0,-54.0
1776884978.942103,2.0,-5.0,-47.0
1776884978.952103,2.0,-1.0,-40.0
1776884978.962103,-1.0,-1.0,-36.0
1776884978.9721026,-6.0,0.0,-39.0
1776884978.9821026,-4.0,0.0,-36.0
1776884978.9921026,0.0,-1.0,-38.0
1776884979.0021029,0.0,-4.0,-33.0
1776884979.0121028,1.0,0.0,-31.0
1776884979.0221028,5.0,0.0,-34.0
1776884979.0321028,-1.0,-1.0,-31.0
1776884979.0421028,-6.0,-1.0,-33.0
1776884979.0521028,-7.0,-2.0,-37.0
1776884979.0621028,-3.0,-3.0,-41.0
1776884979.0721028,3.0,-3.0,-42.0
1776884979.0821028,3.0,-1.0,-44.0
1776884979.0921028,3.0,0.0,-45.0
1776884979.1021028,2.0,-1.0,-47.0
1776884979.1121027,1.0,-3.0,-50.0
1776884979.1221027,2.0,-4.0,-49.0
1776884979.1321027,4.0,-4.0,-49.0
1776884979.1421027,4.0,-4.0,-51.0
1776884979.1521027,8.0,-5.0,-47.0
1776884979.1621027,1.0,-2.0,-52.0
1776884979.1721027,3.0,-5.0,-44.0
1776884979.182103,0.0,-3.0,-48.0
1776884979.192103,0.0,-4.0,-43.0
1776884979.202103,1.0,-6.0,-48.0
1776884979.212103,1.0,-5.0,-52.0
1776884979.2221026,4.0,-2.0,-49.0
1776884979.2321026,3.0,-1.0,-52.0
1776884979.2421026,2.0,-3.0,-52.0
1776884979.2521029,-6.0,-2.0,-55.0
1776884979.2621028,-4.0,-3.0,-56.0
1776884979.2721028,-2.0,-2.0,-56.0
1776884979.2821028,-8.0,-3.0,-50.0
1776884979.2921028,-4.0,-6.0,-44.0
1776884979.3021028,-2.0,-3.0,-43.0
1776884979.3121028,-3.0,-4.0,-37.0
1776884979.3221028,-1.0,-7.0,-49.0
1776884979.3321028,0.0,-5.0,-52.0
1776884979.3421028,-4.0,-7.0,-52.0
1776884979.3521028,-2.0,-6.0,-53.0
1776884979.3621027,-2.0,-4.0,-51.0
1776884979.3721027,0.0,0.0,-49.0
1776884979.3821027,2.0,0.0,-45.0
1776884979.3921027,1.0,4.0,-49.0
1776884979.4021027,3.0,4.0,-48.0
1776884979.4121027,-1.0,1.0,-47.0
1776884979.4221027,-2.0,-4.0,-50.0
1776884979.432103,-6.0,-8.0,-50.0
1776884979.442103,-5.0,-7.0,-47.0
1776884979.452103,-4.0,-7.0,-38.0
1776884979.462103,-4.0,-6.0,-35.0
1776884979.4721026,-2.0,-1.0,-41.0
1776884979.4821026,-2.0,1.0,-37.0
1776884979.4921026,0.0,2.0,-39.0
1776884979.5021029,1.0,1.0,-35.0
1776884979.5121028,0.0,0.0,-37.0
1776884979.5221028,4.0,3.0,-36.0
1776884979.5321028,2.0,3.0,-37.0
1776884979.5421028,0.0,4.0,-36.0
1776884979.5521028,-1.0,4.0,-43.0
1776884979.5621028,-2.0,7.0,-43.0
1776884979.5721028,-1.0,8.0,-40.0
1776884979.5821028,5.0,2.0,-42.0
1776884979.5921028,1.0,-1.0,-44.0
1776884979.6021028,2.0,-2.0,-44.0
1776884979.6121027,0.0,0.0,-45.0
1776884979.6221027,2.0,-5.0,-47.0
1776884979.6321027,0.0,-6.0,-44.0
1776884979.6421027,0.0,-7.0,-41.0
1776884979.6521027,2.0,-4.0,-40.0
1776884979.6621027,0.0,-1.0,-46.0
1776884979.6721027,0.0,-3.0,-56.0
1776884979.682103,4.0,-6.0,-61.0
1776884979.692103,4.0,-4.0,-56.0
1776884979.702103,1.0,0.0,-49.0
1776884979.712103,3.0,0.0,-49.0
1776884979.7221026,-3.0,0.0,-50.0
1776884979.7321026,0.0,0.0,-51.0
1776884979.7421026,-4.0,-2.0,-46.0
1776884979.7521029,-4.0,-2.0,-46.0
1776884979.7621028,-4.0,-3.0,-52.0
1776884979.7721028,-4.0,0.0,-48.0
1776884979.7821028,-2.0,1.0,-49.0
1776884979.7921028,-6.0,0.0,-48.0
1776884979.8021028,-7.0,1.0,-47.0
1776884979.8121028,-6.0,1.0,-45.0
1776884979.8221028,-10.0,-1.0,-34.0
1776884979.8321028,-10.0,1.0,-42.0
1776884979.8421028,-7.0,2.0,-39.0
1776884979.8521028,0.0,3.0,-32.0
1776884979.8621027,2.0,2.0,-40.0
1776884979.8721027,6.0,3.0,-43.0
1776884979.8821027,10.0,6.0,-46.0
1776884979.8921027,8.0,7.0,-45.0
1776884979.9021027,6.0,4.0,-48.0
1776884979.9121027,7.0,2.0,-48.0
1776884979.9221027,5.0,4.0,-41.0
1776884979.932103,10.0,4.0,-41.0
1776884979.942103,7.0,5.0,-45.0
1776884979.952103,5.0,3.0,-45.0
1776884979.962103,3.0,0.0,-43.0
1776884979.9721026,4.0,-3.0,-43.0
1776884979.9821026,1.0,-3.0,-38.0
1776884979.9921026,-2.0,-3.0,-34.0
1776884980.0021029,1.0,0.0,-40.0
1776884980.0121028,2.0,0.0,-41.0
1776884980.0221028,-4.0,-3.0,-32.0
1776884980.0321028,0.0,-6.0,-24.0
1776884980.0421028,4.0,-9.0,-31.0
1776884980.0521028,3.0,-7.0,-34.0
1776884980.0621028,3.0,-7.0,-34.0
1776884980.0721028,3.0,-4.0,-37.0
1776884980.0821028,2.0,-3.0,-39.0
1776884980.0921028,0.0,-3.0,-46.0
1776884980.1021028,0.0,-2.0,-48.0
1776884980.1121027,0.0,-4.0,-49.0
1776884980.1221027,1.0,-5.0,-47.0
1776884980.1321027,1.0,-6.0,-47.0
1776884980.1421027,2.0,-2.0,-52.0
1776884980.1521027,1.0,-3.0,-53.0
1776884980.1621027,0.0,-1.0,-53.0
1776884980.1721027,-2.0,-2.0,-57.0
1776884980.182103,-2.0,-2.0,-54.0
1776884980.192103,6.0,-2.0,-51.0
1776884980.202103,8.0,-4.0,-51.0
1776884980.212103,4.0,-3.0,-44.0
1776884980.2221026,1.0,-2.0,-43.0
1776884980.2321026,-1.0,-4.0,-49.0
1776884980.2421026,2.0,-3.0,-53.0
1776884980.2521029,4.0,-4.0,-52.0
1776884980.2621028,0.0,-4.0,-48.0
1776884980.2721028,-2.0,-6.0,-51.0
1776884980.2821028,0.0,0.0,-47.0
1776884980.2921028,0.0,2.0,-44.0
1776884980.3021028,3.0,3.0,-50.0
1776884980.3121028,1.0,0.0,-51.0
1776884980.3221028,-3.0,0.0,-50.0
1776884980.3321028,-5.0,0.0,-55.0
1776884980.3421028,-1.0,2.0,-54.0
1776884980.3521028,3.0,1.0,-47.0
1776884980.3621027,0.0,0.0,-46.0
1776884980.3721027,4.0,0.0,-47.0
1776884980.3821027,6.0,0.0,-49.0
1776884980.3921027,8.0,0.0,-50.0
1776884980.4021027,10.0,0.0,-51.0
1776884980.4121027,11.0,-5.0,-48.0
1776884980.4221027,12.0,-5.0,-53.0
1776884980.432103,11.0,-5.0,-51.0
1776884980.442103,9.0,-5.0,-49.0
1776884980.452103,4.0,-7.0,-45.0
1776884980.462103,0.0,-4.0,-43.0
1776884980.4721026,1.0,0.0,-44.0
1776884980.4821026,0.0,2.0,-40.0
1776884980.4921026,-2.0,-4.0,-33.0
1776884980.5021029,-1.0,-1.0,-29.0
1776884980.5121028,-2.0,0.0,-32.0
1776884980.5221028,-4.0,0.0,-32.0
1776884980.5321028,-5.0,-1.0,-31.0
1776884980.5421028,-5.0,0.0,-32.0
1776884980.5521028,-6.0,-2.0,-33.0
1776884980.5621028,-6.0,-5.0,-37.0
1776884980.5721028,-8.0,-2.0,-42.0
1776884980.5821028,-9.0,-2.0,-40.0
1776884980.5921028,-9.0,-4.0,-38.0
1776884980.6021028,-7.0,-6.0,-42.0
1776884980.613103,0.0,-4.0,-39.0
1776884980.623103,-4.0,-3.0,-41.0
1776884980.633103,-5.0,-2.0,-40.0
1776884980.6421027,-6.0,-4.0,-47.0
1776884980.6531026,-6.0,-2.0,-52.0
1776884980.6631026,-4.0,-1.0,-53.0
1776884980.6731029,-1.0,-1.0,-51.0
1776884980.6831028,-2.0,-1.0,-46.0
1776884980.6931028,-2.0,-3.0,-43.0
1776884980.7041028,0.0,-4.0,-41.0
1776884980.7131028,-1.0,-4.0,-44.0
1776884980.7231028,-2.0,-5.0,-41.0
1776884980.7331028,0.0,-1.0,-43.0
1776884980.7431028,-5.0,0.0,-47.0
1776884980.7531028,-7.0,-3.0,-47.0
1776884980.7631028,-4.0,0.0,-47.0
1776884980.7731028,-1.0,1.0,-43.0
1776884980.7831028,0.0,1.0,-38.0
1776884980.7931027,2.0,0.0,-39.0
1776884980.8031027,1.0,-1.0,-41.0
1776884980.8131027,2.0,-3.0,-40.0
1776884980.8231027,4.0,-2.0,-37.0
1776884980.8331027,2.0,-2.0,-36.0
1776884980.8431027,-1.0,-2.0,-36.0
1776884980.8531027,0.0,-3.0,-34.0
1776884980.863103,5.0,-2.0,-32.0
1776884980.873103,9.0,0.0,-37.0
1776884980.883103,7.0,0.0,-35.0
1776884980.8931026,2.0,4.0,-37.0
1776884980.9031026,4.0,3.0,-39.0
1776884980.9131026,8.0,5.0,-43.0
1776884980.9231029,7.0,4.0,-43.0
1776884980.9331028,11.0,1.0,-42.0
1776884980.9431028,15.0,0.0,-49.0
1776884980.9531028,7.0,8.0,-52.0
1776884980.9631028,4.0,7.0,-52.0
1776884980.9731028,7.0,1.0,-49.0
1776884980.9831028,6.0,-1.0,-46.0
1776884980.9931028,6.0,0.0,-42.0
1776884981.0031028,4.0,0.0,-41.0
1776884981.0131028,5.0,1.0,-38.0
1776884981.0231028,8.0,1.0,-37.0
1776884981.0331028,3.0,1.0,-36.0
1776884981.0431027,0.0,1.0,-33.0
1776884981.0531027,3.0,-2.0,-38.0
1776884981.0631027,4.0,-8.0,-46.0
1776884981.0731027,5.0,-8.0,-49.0
1776884981.0831027,7.0,-6.0,-55.0
1776884981.0931027,8.0,-7.0,-44.0
1776884981.1031027,6.0,-3.0,-44.0
1776884981.113103,1.0,-1.0,-45.0
1776884981.123103,-1.0,1.0,-44.0
1776884981.133103,0.0,0.0,-45.0
1776884981.1431026,0.0,0.0,-45.0
1776884981.1531026,-5.0,2.0,-47.0
1776884981.1631026,-4.0,0.0,-39.0
1776884981.1731029,-2.0,-2.0,-39.0
1776884981.1831028,0.0,-4.0,-42.0
1776884981.1931028,1.0,-8.0,-42.0
1776884981.2031028,1.0,-4.0,-48.0
1776884981.2131028,0.0,0.0,-55.0
1776884981.2231028,1.0,1.0,-52.0
1776884981.2331028,0.0,0.0,-46.0
1776884981.2431028,0.0,6.0,-52.0
1776884981.2531028,2.0,5.0,-49.0
1776884981.2631028,2.0,2.0,-47.0
1776884981.2731028,0.0,0.0,-47.0
1776884981.2831028,1.0,3.0,-45.0
1776884981.2931027,-3.0,0.0,-47.0
1776884981.3031027,-8.0,-2.0,-47.0
1776884981.3131027,-8.0,-4.0,-50.0
1776884981.3231027,-5.0,0.0,-51.0
1776884981.3331027,-1.0,2.0,-49.0
1776884981.3431027,-1.0,3.0,-55.0
1776884981.3531027,-1.0,2.0,-50.0
1776884981.363103,0.0,1.0,-44.0
1776884981.373103,0.0,-1.0,-51.0
1776884981.383103,2.0,0.0,-47.0
1776884981.3931026,5.0,-2.0,-45.0
1776884981.4031026,-1.0,0.0,-47.0
1776884981.4131026,-3.0,0.0,-52.0
1776884981.4231029,0.0,0.0,-50.0
1776884981.4331028,-1.0,0.0,-54.0
1776884981.4431028,2.0,0.0,-55.0
1776884981.4531028,0.0,0.0,-51.0
1776884981.4631028,0.0,0.0,-47.0
1776884981.4731028,-4.0,-4.0,-50.0
1776884981.4831028,-5.0,-4.0,-52.0
1776884981.4931028,-3.0,0.0,-52.0
1776884981.5031028,-4.0,0.0,-50.0
1776884981.5131028,-3.0,2.0,-47.0
1776884981.5231028,-1.0,0.0,-47.0
1776884981.5331028,1.0,0.0,-49.0
1776884981.5431027,0.0,-1.0,-44.0
1776884981.5531027,4.0,-3.0,-43.0
1776884981.5631027,7.0,-1.0,-52.0
1776884981.5731027,4.0,-2.0,-48.0
1776884981.5831027,3.0,-2.0,-48.0
1776884981.5931027,0.0,-5.0,-46.0
1776884981.6031027,0.0,-8.0,-40.0
1776884981.613103,0.0,-6.0,-40.0
1776884981.623103,-3.0,-6.0,-39.0
1776884981.633103,-5.0,-6.0,-38.0
1776884981.6431026,-9.0,-5.0,-42.0
1776884981.6531026,-7.0,-6.0,-43.0
1776884981.6631026,-5.0,-5.0,-39.0
1776884981.6731029,-6.0,-6.0,-39.0
1776884981.6831028,-5.0,-8.0,-51.0
1776884981.6931028,-4.0,-7.0,-52.0
1776884981.7031028,-2.0,-7.0,-51.0
1776884981.7131028,2.0,-8.0,-49.0
1776884981.7231028,3.0,-5.0,-53.0
1776884981.7331028,1.0,-1.0,-46.0
1776884981.7431028,3.0,-3.0,-41.0
1776884981.7531028,3.0,-3.0,-39.0
1776884981.7631028,5.0,-6.0,-47.0
1776884981.7731028,0.0,-6.0,-42.0
1776884981.7831028,0.0,0.0,-40.0
1776884981.7931027,2.0,-3.0,-43.0
1776884981.8031027,4.0,-5.0,-38.0
1776884981.8131027,8.0,-5.0,-47.0
1776884981.8231027,3.0,-1.0,-43.0
1776884981.8331027,2.0,-1.0,-43.0
1776884981.8431027,2.0,-2.0,-44.0
1776884981.8531027,1.0,0.0,-47.0
1776884981.863103,0.0,0.0,-43.0
1776884981.873103,2.0,0.0,-41.0
1776884981.883103,2.0,-6.0,-41.0
1776884981.8931026,1.0,-8.0,-36.0
1776884981.9031026,3.0,-6.0,-29.0
1776884981.9131026,8.0,-6.0,-31.0
1776884981.9231029,11.0,-8.0,-31.0
1776884981.9331028,6.0,-3.0,-36.0
1776884981.9431028,7.0,-5.0,-36.0
1776884981.9531028,3.0,-1.0,-40.0
1776884981.9631028,-1.0,0.0,-43.0
1776884981.9731028,1.0,0.0,-42.0
1776884981.9831028,1.0,1.0,-45.0
1776884981.9931028,-1.0,-4.0,-44.0
1776884982.0031028,2.0,-4.0,-44.0
1776884982.0131028,3.0,-6.0,-46.0
1776884982.0231028,5.0,-3.0,-46.0
1776884982.0331028,3.0,-2.0,-41.0
1776884982.0431027,3.0,-4.0,-33.0
1776884982.0531027,5.0,-6.0,-31.0
1776884982.0631027,7.0,-5.0,-37.0
1776884982.0731027,4.0,-1.0,-30.0
1776884982.0831027,4.0,0.0,-32.0
1776884982.0931027,0.0,1.0,-22.0
1776884982.1031027,0.0,0.0,-26.0
1776884982.113103,-2.0,0.0,-30.0
1776884982.123103,-2.0,0.0,-37.0
1776884982.133103,-2.0,1.0,-41.0
1776884982.1431026,-2.0,5.0,-42.0
1776884982.1531026,1.0,0.0,-43.0
1776884982.1631026,4.0,-2.0,-48.0
1776884982.1731029,5.0,-3.0,-48.0
1776884982.1831028,4.0,-1.0,-49.0
1776884982.1931028,2.0,-3.0,-53.0
1776884982.2031028,2.0,-6.0,-48.0
1776884982.2131028,2.0,-6.0,-47.0
1776884982.2231028,6.0,-1.0,-44.0
1776884982.2331028,6.0,-3.0,-50.0
1776884982.2431028,7.0,-3.0,-46.0
1776884982.2531028,6.0,-4.0,-44.0
1776884982.2631028,4.0,-5.0,-45.0
1776884982.2731028,3.0,-3.0,-48.0
1776884982.2831028,-2.0,-5.0,-45.0
1776884982.2931027,-1.0,-10.0,-45.0
1776884982.3031027,-1.0,-8.0,-48.0
1776884982.3131027,1.0,-4.0,-50.0
1776884982.3231027,3.0,-1.0,-51.0
1776884982.3331027,6.0,1.0,-55.0
1776884982.3431027,4.0,3.0,-41.0
1776884982.3531027,7.0,0.0,-36.0
1776884982.363103,10.0,2.0,-34.0
1776884982.3741028,7.0,3.0,-33.0
1776884982.383103,1.0,3.0,-33.0
1776884982.3931026,-1.0,8.0,-34.0
1776884982.4031026,-1.0,7.0,-39.0
1776884982.4131026,0.0,6.0,-45.0
1776884982.4231029,0.0,4.0,-45.0
1776884982.4331028,4.0,8.0,-45.0
1776884982.4431028,7.0,7.0,-47.0
1776884982.4531028,4.0,4.0,-49.0
1776884982.4631028,1.0,1.0,-47.0
1776884982.4731028,-1.0,2.0,-44.0
1776884982.4831028,0.0,-1.0,-42.0
1776884982.4931028,0.0,-6.0,-41.0
1776884982.5031028,5.0,-6.0,-48.0
1776884982.5131028,7.0,-6.0,-50.0
1776884982.5231028,5.0,-4.0,-54.0
1776884982.5331028,3.0,1.0,-52.0
1776884982.5431027,-2.0,-1.0,-54.0
1776884982.5531027,0.0,-3.0,-49.0
1776884982.5641026,-1.0,-3.0,-46.0
1776884982.5741026,0.0,0.0,-49.0
1776884982.5831027,4.0,0.0,-46.0
1776884982.5931027,1.0,-3.0,-48.0
1776884982.6041028,0.0,-2.0,-50.0
1776884982.6141028,-1.0,-3.0,-55.0
1776884982.6241028,-3.0,-3.0,-56.0
1776884982.6341028,-5.0,2.0,-53.0
1776884982.6431026,-3.0,1.0,-51.0
1776884982.6541028,0.0,1.0,-44.0
1776884982.6641028,3.0,0.0,-43.0
1776884982.6741028,3.0,0.0,-51.0
1776884982.6841028,3.0,1.0,-52.0
1776884982.6941028,4.0,2.0,-39.0
1776884982.7041028,4.0,2.0,-35.0
1776884982.7141027,0.0,1.0,-47.0
1776884982.7241027,-2.0,1.0,-44.0
1776884982.7341027,-1.0,1.0,-39.0
1776884982.7441027,1.0,0.0,-39.0
1776884982.7541027,-1.0,1.0,-43.0
1776884982.7641027,2.0,0.0,-44.0
1776884982.7741027,2.0,-1.0,-40.0
1776884982.784103,1.0,-4.0,-42.0
1776884982.794103,0.0,-3.0,-45.0
1776884982.804103,0.0,-1.0,-52.0
1776884982.8141026,-1.0,-2.0,-49.0
1776884982.8241026,-3.0,-1.0,-36.0
1776884982.8341026,-1.0,0.0,-39.0
1776884982.8441026,-1.0,0.0,-41.0
1776884982.8541028,0.0,-3.0,-42.0
1776884982.8641028,0.0,-1.0,-41.0
1776884982.8741028,1.0,-6.0,-39.0
1776884982.8841028,3.0,-5.0,-41.0
1776884982.8941028,1.0,-2.0,-44.0
1776884982.9041028,2.0,-1.0,-47.0
1776884982.9141028,0.0,-1.0,-37.0
1776884982.9241028,-3.0,-1.0,-41.0
1776884982.9341028,-2.0,-3.0,-35.0
1776884982.9441028,0.0,-5.0,-32.0
1776884982.9541028,-3.0,-2.0,-29.0
1776884982.9641027,-4.0,-3.0,-34.0
1776884982.9741027,-2.0,0.0,-35.0
1776884982.9841027,-3.0,0.0,-40.0
1776884982.9941027,0.0,-3.0,-39.0
1776884983.0041027,-3.0,0.0,-44.0
1776884983.0141027,-7.0,0.0,-45.0
1776884983.0241027,-5.0,0.0,-44.0
1776884983.034103,-5.0,-4.0,-42.0
1776884983.044103,-4.0,-5.0,-38.0
1776884983.054103,-3.0,-3.0,-42.0
1776884983.0641026,-3.0,-4.0,-45.0
1776884983.0741026,-1.0,-3.0,-48.0
1776884983.0841026,0.0,-4.0,-46.0
1776884983.0941026,1.0,-3.0,-49.0
1776884983.1041028,1.0,-1.0,-51.0
1776884983.1141028,0.0,4.0,-53.0
1776884983.1241028,-1.0,4.0,-54.0
1776884983.1341028,-1.0,4.0,-49.0
1776884983.1441028,3.0,2.0,-48.0
1776884983.1541028,5.0,5.0,-43.0
1776884983.1641028,0.0,5.0,-41.0
1776884983.1741028,-1.0,0.0,-41.0
1776884983.1841028,-5.0,2.0,-44.0
1776884983.1941028,-4.0,7.0,-45.0
1776884983.2041028,1.0,6.0,-41.0
1776884983.2141027,1.0,0.0,-37.0
1776884983.2241027,1.0,2.0,-34.0
1776884983.2341027,2.0,5.0,-34.0
1776884983.2441027,3.0,7.0,-38.0
1776884983.2541027,5.0,4.0,-33.0
1776884983.2641027,2.0,3.0,-31.0
1776884983.2741027,1.0,2.0,-28.0
1776884983.284103,4.0,4.0,-34.0
1776884983.294103,-2.0,1.0,-29.0
1776884983.304103,-1.0,0.0,-32.0
1776884983.3141026,-3.0,2.0,-37.0
1776884983.3241026,-3.0,7.0,-38.0
1776884983.3341026,-4.0,5.0,-44.0
1776884983.3441026,0.0,6.0,-44.0
1776884983.3541028,2.0,2.0,-49.0
1776884983.3641028,2.0,5.0,-45.0
1776884983.3741028,0.0,3.0,-48.0
1776884983.3841028,1.0,-1.0,-56.0
1776884983.3941028,3.0,0.0,-58.0
1776884983.4041028,4.0,1.0,-56.0
1776884983.4141028,6.0,0.0,-61.0
1776884983.4241028,6.0,-1.0,-64.0
1776884983.4341028,6.0,-2.0,-59.0
1776884983.4441028,0.0,-2.0,-58.0
1776884983.4541028,0.0,-5.0,-55.0
1776884983.4641027,-5.0,-2.0,-51.0
1776884983.4741027,-8.0,-2.0,-51.0
1776884983.4841027,-1.0,1.0,-57.0
1776884983.4941027,0.0,2.0,-57.0
1776884983.5041027,-3.0,-6.0,-52.0
1776884983.5141027,-4.0,-6.0,-53.0
1776884983.5241027,-8.0,-4.0,-49.0
1776884983.534103,-7.0,-2.0,-47.0
1776884983.544103,-1.0,-2.0,-42.0
1776884983.554103,5.0,0.0,-38.0
1776884983.5641026,4.0,1.0,-37.0
1776884983.5741026,-5.0,2.0,-41.0
1776884983.5841026,-3.0,4.0,-41.0
1776884983.5941026,-3.0,8.0,-49.0
1776884983.6041028,-3.0,5.0,-49.0
1776884983.6141028,-3.0,6.0,-45.0
1776884983.6241028,-4.0,9.0,-42.0
1776884983.6341028,3.0,7.0,-44.0
1776884983.6441028,5.0,2.0,-52.0
1776884983.6541028,4.0,4.0,-53.0
1776884983.6641028,3.0,2.0,-50.0
1776884983.6741028,0.0,3.0,-51.0
1776884983.6841028,-10.0,4.0,-53.0
1776884983.6941028,-8.0,3.0,-55.0
1776884983.7041028,-4.0,2.0,-51.0
1776884983.7141027,-5.0,3.0,-48.0
1776884983.7241027,-3.0,2.0,-50.0
1776884983.7341027,-7.0,0.0,-50.0
1776884983.7441027,-4.0,-2.0,-48.0
1776884983.7541027,-2.0,-6.0,-44.0
1776884983.7641027,-2.0,0.0,-42.0
1776884983.7741027,-3.0,0.0,-41.0
1776884983.784103,-1.0,0.0,-42.0
1776884983.794103,0.0,-2.0,-44.0
1776884983.804103,0.0,-6.0,-47.0
1776884983.8141026,2.0,-6.0,-50.0
1776884983.8241026,0.0,-5.0,-48.0
1776884983.8341026,2.0,-5.0,-45.0
1776884983.8441026,0.0,-4.0,-36.0
1776884983.8541028,-2.0,0.0,-26.0
1776884983.8641028,-3.0,-2.0,-28.0
1776884983.8741028,-3.0,-4.0,-34.0
1776884983.8841028,-1.0,-5.0,-43.0
1776884983.8941028,-2.0,-3.0,-51.0
1776884983.9041028,-4.0,-4.0,-53.0
1776884983.9141028,-4.0,-6.0,-55.0
1776884983.9241028,-3.0,-10.0,-51.0
1776884983.9341028,-4.0,-13.0,-55.0
1776884983.9441028,0.0,-12.0,-55.0
1776884983.9541028,-2.0,-8.0,-55.0
1776884983.9641027,-1.0,-6.0,-56.0
1776884983.9741027,-1.0,-3.0,-53.0
1776884983.9841027,-1.0,-5.0,-52.0
1776884983.9941027,-1.0,-4.0,-46.0
1776884984.0041027,0.0,-4.0,-50.0
1776884984.0141027,2.0,-1.0,-47.0
1776884984.0241027,1.0,-3.0,-48.0
1776884984.034103,0.0,-1.0,-44.0
1776884984.044103,2.0,0.0,-45.0
1776884984.054103,0.0,3.0,-49.0
1776884984.0641026,0.0,4.0,-49.0
1776884984.0741026,1.0,3.0,-48.0
1776884984.0841026,-1.0,1.0,-46.0
1776884984.0941026,0.0,1.0,-41.0
1776884984.1041028,-1.0,2.0,-41.0
1776884984.1141028,-2.0,2.0,-38.0
1776884984.1241028,0.0,0.0,-40.0
1776884984.1341028,-4.0,0.0,-35.0
1776884984.1441028,-4.0,-4.0,-32.0
1776884984.1541028,0.0,0.0,-41.0
1776884984.1641028,2.0,-4.0,-41.0
1776884984.1741028,4.0,-2.0,-48.0
1776884984.1841028,4.0,-4.0,-46.0
1776884984.1941028,7.0,-5.0,-44.0
1776884984.2041028,2.0,-1.0,-41.0
1776884984.2141027,2.0,-1.0,-39.0
1776884984.2241027,6.0,-3.0,-47.0
1776884984.2341027,6.0,-6.0,-50.0
1776884984.2441027,6.0,-5.0,-47.0
1776884984.2541027,6.0,-4.0,-43.0
1776884984.2641027,9.0,1.0,-46.0
1776884984.2741027,12.0,7.0,-45.0
1776884984.284103,10.0,4.0,-42.0
1776884984.294103,5.0,2.0,-34.0
1776884984.304103,3.0,-1.0,-34.0
1776884984.3141026,3.0,-1.0,-33.0
1776884984.3241026,6.0,1.0,-37.0
1776884984.3341026,6.0,1.0,-36.0
1776884984.3441026,4.0,-1.0,-32.0
1776884984.3541028,7.0,-2.0,-32.0
1776884984.3641028,7.0,-4.0,-31.0
1776884984.3741028,4.0,-4.0,-38.0
1776884984.3841028,0.0,-8.0,-44.0
1776884984.3941028,3.0,-5.0,-37.0
1776884984.4041028,5.0,-2.0,-36.0
1776884984.4141028,6.0,-1.0,-33.0
1776884984.4241028,1.0,0.0,-44.0
1776884984.4341028,4.0,-7.0,-44.0
1776884984.4441028,3.0,-5.0,-39.0
1776884984.4541028,4.0,-2.0,-44.0
1776884984.4641027,8.0,0.0,-45.0
1776884984.4741027,3.0,2.0,-45.0
1776884984.4841027,4.0,3.0,-45.0
1776884984.4941027,5.0,2.0,-41.0
1776884984.5041027,5.0,0.0,-37.0
1776884984.5141027,6.0,0.0,-34.0
1776884984.5241027,7.0,-3.0,-42.0
1776884984.534103,10.0,-3.0,-46.0
1776884984.544103,11.0,-3.0,-45.0
1776884984.5551028,8.0,-3.0,-50.0
1776884984.5651028,6.0,1.0,-44.0
1776884984.5751028,6.0,1.0,-47.0
1776884984.5851028,2.0,2.0,-46.0
1776884984.5951028,2.0,0.0,-42.0
1776884984.6051028,3.0,0.0,-41.0
1776884984.6151028,7.0,1.0,-45.0
1776884984.6251028,12.0,1.0,-47.0
1776884984.6351027,8.0,-5.0,-49.0
1776884984.6451027,10.0,-5.0,-52.0
1776884984.6551027,9.0,-2.0,-53.0
1776884984.6651027,10.0,1.0,-50.0
1776884984.6751027,10.0,0.0,-44.0
1776884984.6851027,15.0,-1.0,-43.0
1776884984.6951027,8.0,3.0,-42.0
1776884984.7051027,7.0,2.0,-41.0
1776884984.715103,7.0,2.0,-42.0
1776884984.725103,4.0,3.0,-40.0
1776884984.735103,7.0,3.0,-37.0
1776884984.7451026,11.0,5.0,-45.0
1776884984.7551026,9.0,6.0,-48.0
1776884984.7651026,7.0,8.0,-51.0
1776884984.7751029,5.0,7.0,-44.0
1776884984.7851028,3.0,4.0,-45.0
1776884984.7951028,3.0,3.0,-47.0
1776884984.8051028,-1.0,3.0,-53.0
1776884984.8151028,2.0,3.0,-59.0
1776884984.8251028,1.0,1.0,-57.0
1776884984.8351028,1.0,0.0,-63.0
1776884984.8451028,-1.0,-1.0,-61.0
1776884984.8551028,0.0,0.0,-52.0
1776884984.8651028,6.0,2.0,-56.0
1776884984.8751028,6.0,0.0,-52.0
1776884984.8851027,7.0,5.0,-51.0
1776884984.8951027,5.0,3.0,-49.0
1776884984.9051027,0.0,1.0,-39.0
1776884984.9151027,0.0,0.0,-36.0
1776884984.9251027,-2.0,0.0,-34.0
1776884984.9351027,-7.0,0.0,-38.0
1776884984.9451027,-7.0,-2.0,-35.0
1776884984.9551027,-5.0,-3.0,-40.0
1776884984.965103,-5.0,-3.0,-38.0
1776884984.975103,0.0,3.0,-47.0
1776884984.985103,-3.0,4.0,-48.0
1776884984.9951026,-4.0,0.0,-47.0
1776884985.0051026,0.0,2.0,-39.0
1776884985.0151026,1.0,2.0,-42.0
1776884985.0251029,3.0,3.0,-43.0
1776884985.0351028,4.0,0.0,-45.0
1776884985.0451028,2.0,0.0,-49.0
1776884985.0551028,0.0,0.0,-43.0
1776884985.0651028,0.0,-5.0,-46.0
1776884985.0751028,-4.0,-6.0,-44.0
1776884985.0851028,-4.0,-5.0,-38.0
1776884985.0951028,-2.0,-5.0,-39.0
1776884985.1051028,0.0,-8.0,-34.0
1776884985.1151028,1.0,-6.0,-40.0
1776884985.1251028,2.0,-5.0,-42.0
1776884985.1351027,0.0,0.0,-38.0
1776884985.1451027,2.0,0.0,-45.0
1776884985.1551027,5.0,-1.0,-43.0
1776884985.1651027,3.0,0.0,-37.0
1776884985.1751027,0.0,1.0,-29.0
1776884985.1851027,0.0,0.0,-26.0
1776884985.1951027,-1.0,0.0,-37.0
1776884985.2051027,3.0,2.0,-49.0
1776884985.215103,5.0,0.0,-49.0
1776884985.225103,2.0,-4.0,-52.0
1776884985.235103,6.0,-2.0,-52.0
1776884985.2451026,8.0,-3.0,-52.0
1776884985.2551026,7.0,-1.0,-54.0
1776884985.2651026,0.0,-4.0,-54.0
1776884985.2751029,1.0,0.0,-51.0
1776884985.2851028,2.0,-3.0,-55.0
1776884985.2951028,2.0,-7.0,-48.0
1776884985.3051028,0.0,-4.0,-42.0
1776884985.3151028,1.0,-1.0,-50.0
1776884985.3251028,0.0,4.0,-44.0
1776884985.3351028,-1.0,2.0,-41.0
1776884985.3451028,-2.0,1.0,-37.0
1776884985.3551028,-1.0,0.0,-42.0
1776884985.3651028,-5.0,0.0,-44.0
1776884985.3751028,-13.0,1.0,-49.0
1776884985.3851027,-13.0,5.0,-45.0
1776884985.3951027,-7.0,4.0,-43.0
1776884985.4051027,-6.0,0.0,-47.0
1776884985.4151027,-2.0,0.0,-45.0
1776884985.4251027,0.0,1.0,-44.0
1776884985.4351027,0.0,1.0,-36.0
1776884985.4451027,4.0,0.0,-36.0
1776884985.4551027,4.0,0.0,-38.0
1776884985.465103,4.0,2.0,-39.0
1776884985.475103,2.0,0.0,-33.0
1776884985.485103,0.0,1.0,-40.0
1776884985.4951026,2.0,2.0,-46.0
1776884985.5051026,1.0,1.0,-47.0
1776884985.5151026,0.0,3.0,-45.0
1776884985.5251029,-2.0,2.0,-48.0
1776884985.5351028,-1.0,-1.0,-48.0
1776884985.5451028,-2.0,-2.0,-47.0
1776884985.5551028,-4.0,-4.0,-43.0
1776884985.5651028,-6.0,-7.0,-38.0
1776884985.5751028,-6.0,-6.0,-46.0
1776884985.5851028,-6.0,-4.0,-47.0
1776884985.5951028,-5.0,-1.0,-47.0
1776884985.6051028,-2.0,-3.0,-47.0
1776884985.6151028,0.0,-2.0,-47.0
1776884985.6251028,0.0,-4.0,-48.0
1776884985.6351027,-3.0,-3.0,-46.0
1776884985.6451027,-3.0,-3.0,-42.0
1776884985.6551027,0.0,0.0,-44.0
1776884985.6651027,-3.0,0.0,-49.0
1776884985.6751027,-1.0,1.0,-43.0
1776884985.6851027,-3.0,4.0,-45.0
1776884985.6951027,-1.0,0.0,-44.0
1776884985.7051027,-7.0,-3.0,-39.0
1776884985.715103,0.0,-1.0,-36.0
1776884985.725103,0.0,-4.0,-36.0
1776884985.735103,6.0,-4.0,-38.0
1776884985.7451026,3.0,-3.0,-37.0
1776884985.7551026,4.0,-6.0,-35.0
1776884985.7651026,7.0,-7.0,-40.0
1776884985.7751029,12.0,-7.0,-38.0
1776884985.7851028,14.0,-12.0,-42.0
1776884985.7951028,15.0,-12.0,-41.0
1776884985.8051028,13.0,-11.0,-39.0
1776884985.8151028,9.0,-7.0,-39.0
1776884985.8251028,6.0,-7.0,-36.0
1776884985.8351028,7.0,-8.0,-34.0
1776884985.8451028,10.0,-6.0,-36.0
1776884985.8551028,5.0,-1.0,-39.0
1776884985.8651028,2.0,-1.0,-33.0
1776884985.8751028,5.0,-3.0,-38.0
1776884985.8851027,2.0,-3.0,-42.0
1776884985.8951027,1.0,-2.0,-46.0
1776884985.9051027,2.0,-2.0,-49.0
1776884985.9151027,0.0,-3.0,-43.0
1776884985.9251027,0.0,-5.0,-42.0
1776884985.9351027,3.0,-4.0,-40.0
1776884985.9451027,4.0,-4.0,-37.0
1776884985.9551027,7.0,-1.0,-40.0
1776884985.965103,7.0,1.0,-39.0
1776884985.975103,5.0,1.0,-37.0
1776884985.985103,4.0,0.0,-39.0
1776884985.9951026,4.0,0.0,-43.0
1776884986.0051026,-1.0,-2.0,-41.0
1776884986.0151026,0.0,0.0,-41.0
1776884986.0251029,0.0,0.0,-45.0
1776884986.0351028,-5.0,-4.0,-42.0
1776884986.0451028,-7.0,-9.0,-53.0
1776884986.0551028,-5.0,-2.0,-46.0
1776884986.0651028,-7.0,-4.0,-45.0
1776884986.0751028,-6.0,0.0,-49.0
1776884986.0851028,-6.0,0.0,-48.0
1776884986.0951028,-2.0,0.0,-52.0
1776884986.1051028,-2.0,-2.0,-57.0
1776884986.1151028,1.0,-2.0,-58.0
1776884986.1251028,1.0,-1.0,-54.0
1776884986.1351027,0.0,-2.0,-49.0
1776884986.1451027,2.0,0.0,-43.0
1776884986.1551027,4.0,-4.0,-46.0
1776884986.1651027,4.0,-6.0,-49.0
1776884986.1751027,4.0,0.0,-47.0
1776884986.1851027,4.0,2.0,-44.0
1776884986.1951027,1.0,1.0,-41.0
1776884986.2051027,0.0,1.0,-43.0
1776884986.215103,0.0,1.0,-42.0
1776884986.225103,0.0,1.0,-48.0
1776884986.235103,-2.0,0.0,-49.0
1776884986.2451026,0.0,-1.0,-51.0
1776884986.2551026,-1.0,-1.0,-50.0
1776884986.2651026,-2.0,-2.0,-52.0
1776884986.2751029,3.0,-5.0,-52.0
1776884986.2851028,1.0,-2.0,-51.0
1776884986.2951028,0.0,-1.0,-52.0
1776884986.3051028,2.0,3.0,-50.0
1776884986.3151028,0.0,-1.0,-44.0
1776884986.3251028,-2.0,-1.0,-32.0
1776884986.3351028,2.0,0.0,-34.0
1776884986.3451028,1.0,0.0,-40.0
1776884986.3551028,0.0,3.0,-37.0
1776884986.3651028,-5.0,-4.0,-34.0
1776884986.3751028,-4.0,-2.0,-33.0
1776884986.3851027,-3.0,-1.0,-39.0
1776884986.3951027,0.0,4.0,-40.0
1776884986.4051027,0.0,3.0,-41.0
1776884986.4151027,0.0,1.0,-43.0
1776884986.4251027,-6.0,0.0,-41.0
1776884986.4351027,-6.0,0.0,-41.0
1776884986.4451027,-6.0,0.0,-39.0
1776884986.4551027,-4.0,-1.0,-49.0
1776884986.465103,-4.0,-3.0,-46.0
1776884986.475103,-6.0,-4.0,-49.0
1776884986.485103,-1.0,-1.0,-47.0
1776884986.4951026,0.0,-2.0,-42.0
1776884986.5051026,-6.0,-4.0,-43.0
1776884986.5161028,-10.0,-7.0,-43.0
1776884986.5261028,-7.0,-2.0,-48.0
1776884986.5361028,-6.0,-4.0,-46.0
1776884986.5461028,-4.0,0.0,-54.0
1776884986.5561028,-1.0,0.0,-51.0
1776884986.5661027,-5.0,-5.0,-49.0
1776884986.5761027,-5.0,-5.0,-52.0
1776884986.5861027,-3.0,-3.0,-51.0
1776884986.5961027,-2.0,-1.0,-57.0
1776884986.6061027,-3.0,0.0,-51.0
1776884986.6161027,-2.0,-4.0,-50.0
1776884986.6261027,0.0,-6.0,-48.0
1776884986.636103,-1.0,-4.0,-45.0
1776884986.646103,5.0,-2.0,-43.0
1776884986.656103,4.0,-6.0,-38.0
1776884986.6661026,4.0,-5.0,-37.0
1776884986.6761026,1.0,-7.0,-40.0
1776884986.6861026,3.0,1.0,-41.0
1776884986.6961029,4.0,3.0,-46.0
1776884986.7061028,4.0,5.0,-46.0
1776884986.7161028,6.0,2.0,-51.0
1776884986.7261028,10.0,0.0,-47.0
1776884986.7361028,5.0,3.0,-43.0
1776884986.7461028,1.0,-2.0,-45.0
1776884986.7561028,0.0,0.0,-51.0
1776884986.7661028,0.0,0.0,-53.0
1776884986.7761028,-2.0,-2.0,-48.0
1776884986.7861028,-3.0,-4.0,-47.0
1776884986.7961028,0.0,-2.0,-44.0
1776884986.8061028,0.0,-4.0,-47.0
1776884986.8161027,4.0,-6.0,-43.0
1776884986.8261027,5.0,-11.0,-40.0
1776884986.8361027,3.0,-9.0,-39.0
1776884986.8461027,5.0,-6.0,-40.0
1776884986.8561027,6.0,-10.0,-47.0
1776884986.8661027,6.0,-6.0,-47.0
1776884986.8761027,-1.0,-6.0,-49.0
1776884986.886103,0.0,-3.0,-48.0
1776884986.896103,0.0,-3.0,-46.0
1776884986.906103,-4.0,-4.0,-40.0
1776884986.9161026,-1.0,-2.0,-38.0
1776884986.9261026,1.0,0.0,-43.0
1776884986.9361026,-1.0,-1.0,-49.0
1776884986.9461029,1.0,-7.0,-46.0
1776884986.9561028,0.0,-3.0,-38.0
1776884986.9661028,-2.0,-2.0,-43.0
1776884986.9761028,-2.0,-3.0,-51.0
1776884986.9861028,-3.0,0.0,-49.0
1776884986.9961028,-4.0,3.0,-51.0
1776884987.0061028,0.0,5.0,-51.0
1776884987.0161028,3.0,5.0,-45.0
1776884987.0261028,0.0,5.0,-43.0
1776884987.0361028,-1.0,4.0,-38.0
1776884987.0461028,-3.0,5.0,-37.0
1776884987.0561028,0.0,2.0,-39.0
1776884987.0661027,4.0,-3.0,-40.0
1776884987.0761027,5.0,-2.0,-43.0
1776884987.0861027,3.0,-4.0,-43.0
1776884987.0961027,3.0,-4.0,-46.0
1776884987.1061027,7.0,-5.0,-37.0
1776884987.1161027,5.0,-6.0,-40.0
1776884987.1261027,6.0,-5.0,-45.0
1776884987.136103,4.0,1.0,-47.0
1776884987.146103,5.0,2.0,-49.0
1776884987.156103,2.0,1.0,-47.0
1776884987.1661026,0.0,0.0,-45.0
1776884987.1761026,-2.0,1.0,-45.0
1776884987.1861026,-1.0,2.0,-51.0
1776884987.1961029,-2.0,1.0,-46.0
1776884987.2061028,-4.0,3.0,-32.0
1776884987.2161028,-2.0,2.0,-33.0
1776884987.2261028,-3.0,2.0,-35.0
1776884987.2361028,-2.0,1.0,-40.0
1776884987.2461028,0.0,3.0,-41.0
1776884987.2561028,0.0,2.0,-35.0
1776884987.2661028,-4.0,1.0,-33.0
1776884987.2761028,-5.0,1.0,-27.0
1776884987.2861028,-1.0,0.0,-34.0
1776884987.2961028,0.0,2.0,-40.0
1776884987.3061028,-1.0,5.0,-35.0
1776884987.3161027,0.0,1.0,-37.0
1776884987.3261027,1.0,2.0,-39.0
1776884987.3361027,4.0,0.0,-42.0
1776884987.3461027,4.0,-2.0,-42.0
1776884987.3561027,2.0,-1.0,-47.0
1776884987.3661027,1.0,-1.0,-49.0
1776884987.3761027,0.0,1.0,-50.0
1776884987.386103,-2.0,0.0,-47.0
1776884987.396103,-4.0,-2.0,-42.0
1776884987.406103,-7.0,1.0,-39.0
1776884987.4161026,-9.0,0.0,-41.0
1776884987.4261026,-9.0,0.0,-37.0
1776884987.4361026,-10.0,-4.0,-41.0
1776884987.4461029,-6.0,-1.0,-38.0
1776884987.4561028,-3.0,0.0,-37.0
1776884987.4661028,-4.0,0.0,-43.0
1776884987.4761028,-2.0,1.0,-47.0
1776884987.4861028,-1.0,1.0,-41.0
1776884987.4961028,-1.0,3.0,-34.0
1776884987.5061028,-6.0,2.0,-31.0
1776884987.5161028,-6.0,5.0,-35.0
1776884987.5261028,-3.0,2.0,-38.0
1776884987.5361028,-1.0,-1.0,-47.0
1776884987.5461028,0.0,-4.0,-45.0
1776884987.5561028,-5.0,-2.0,-44.0
1776884987.5661027,-3.0,-6.0,-45.0
1776884987.5761027,-2.0,-5.0,-46.0
1776884987.5861027,0.0,-7.0,-44.0
1776884987.5961027,1.0,-3.0,-36.0
1776884987.6061027,0.0,-1.0,-42.0
1776884987.6161027,-2.0,-2.0,-42.0
1776884987.6261027,3.0,-7.0,-42.0
1776884987.636103,3.0,-4.0,-38.0
1776884987.646103,0.0,-4.0,-37.0
1776884987.656103,-1.0,-4.0,-35.0
1776884987.6661026,0.0,0.0,-42.0
1776884987.6761026,0.0,2.0,-40.0
1776884987.6861026,-5.0,1.0,-45.0
1776884987.6971028,-4.0,2.0,-45.0
1776884987.7061028,-5.0,2.0,-38.0
1776884987.7161028,-3.0,1.0,-36.0
1776884987.7261028,-1.0,5.0,-42.0
1776884987.7361028,-3.0,5.0,-45.0
1776884987.7461028,-3.0,6.0,-45.0
1776884987.7561028,-1.0,4.0,-48.0
1776884987.7661028,-1.0,3.0,-46.0
1776884987.7761028,0.0,3.0,-42.0
1776884987.7861028,0.0,3.0,-40.0
1776884987.7961028,3.0,1.0,-44.0
1776884987.8061028,3.0,-1.0,-43.0
1776884987.8161027,2.0,0.0,-40.0
1776884987.8261027,3.0,0.0,-46.0
1776884987.8361027,3.0,1.0,-45.0
1776884987.8461027,0.0,3.0,-50.0
1776884987.8561027,3.0,6.0,-51.0
1776884987.8661027,0.0,4.0,-50.0
1776884987.8761027,2.0,2.0,-41.0
1776884987.886103,0.0,2.0,-44.0
1776884987.896103,0.0,-2.0,-43.0
1776884987.906103,1.0,-3.0,-35.0
1776884987.9161026,1.0,-3.0,-37.0
1776884987.9261026,4.0,-6.0,-40.0
1776884987.9361026,3.0,-5.0,-38.0
1776884987.9461029,5.0,1.0,-38.0
1776884987.9561028,3.0,3.0,-42.0
1776884987.9661028,1.0,3.0,-41.0
1776884987.9761028,4.0,0.0,-39.0
1776884987.9861028,9.0,-2.0,-37.0
1776884987.9961028,9.0,0.0,-35.0
1776884988.0061028,3.0,-1.0,-41.0
1776884988.0161028,4.0,-3.0,-44.0
1776884988.0261028,1.0,-1.0,-46.0
1776884988.0361028,-3.0,0.0,-49.0
1776884988.0461028,0.0,4.0,-48.0
1776884988.0561028,0.0,6.0,-48.0
1776884988.0661027,0.0,6.0,-52.0
1776884988.077103,-3.0,9.0,-58.0
1776884988.0861027,-2.0,4.0,-57.0
1776884988.0961027,0.0,3.0,-55.0
1776884988.1061027,-2.0,0.0,-55.0
1776884988.1161027,-5.0,0.0,-55.0
1776884988.1261027,-4.0,2.0,-53.0
1776884988.136103,-6.0,4.0,-51.0
1776884988.146103,-2.0,4.0,-42.0
1776884988.156103,-4.0,4.0,-45.0
1776884988.1661026,-6.0,2.0,-45.0
1776884988.1761026,-4.0,2.0,-40.0
1776884988.1861026,-3.0,-2.0,-42.0
1776884988.1961029,0.0,-4.0,-41.0
1776884988.2061028,4.0,-5.0,-44.0
1776884988.2161028,8.0,-2.0,-48.0
1776884988.2261028,4.0,-4.0,-49.0
1776884988.2361028,5.0,-6.0,-46.0
1776884988.2461028,5.0,-5.0,-48.0
1776884988.2561028,1.0,-4.0,-42.0
1776884988.2661028,2.0,-2.0,-35.0
1776884988.2761028,0.0,-3.0,-31.0
1776884988.2861028,-1.0,-2.0,-34.0
1776884988.2961028,1.0,-2.0,-30.0
1776884988.3061028,2.0,-1.0,-34.0
1776884988.3161027,0.0,-3.0,-31.0
1776884988.3261027,-1.0,-7.0,-32.0
1776884988.3361027,-4.0,-6.0,-35.0
1776884988.3461027,-5.0,-8.0,-37.0
1776884988.3561027,-8.0,-8.0,-40.0
1776884988.3661027,-3.0,-7.0,-42.0
1776884988.3761027,3.0,-3.0,-43.0
1776884988.386103,0.0,0.0,-46.0
1776884988.396103,0.0,0.0,-49.0
1776884988.406103,-1.0,-2.0,-55.0
1776884988.4161026,0.0,-4.0,-51.0
1776884988.4261026,0.0,0.0,-50.0
1776884988.4361026,1.0,1.0,-45.0
1776884988.4461029,1.0,0.0,-47.0
1776884988.4561028,8.0,2.0,-50.0
1776884988.4661028,8.0,-1.0,-49.0
1776884988.4761028,7.0,-6.0,-54.0
1776884988.4861028,6.0,-2.0,-54.0
1776884988.4961028,3.0,-1.0,-44.0
1776884988.5071027,1.0,-1.0,-48.0
1776884988.5171027,4.0,1.0,-50.0
1776884988.5271027,10.0,4.0,-44.0
1776884988.5371027,10.0,5.0,-42.0
1776884988.5471027,11.0,8.0,-40.0
1776884988.557103,9.0,5.0,-43.0
1776884988.567103,6.0,1.0,-44.0
1776884988.577103,3.0,0.0,-41.0
1776884988.587103,0.0,0.0,-38.0
1776884988.5971026,0.0,0.0,-45.0
1776884988.6071026,0.0,-1.0,-53.0
1776884988.6171026,-3.0,-3.0,-48.0
1776884988.6271029,-2.0,-5.0,-42.0
1776884988.6371028,0.0,-4.0,-47.0
1776884988.6471028,2.0,-6.0,-50.0
1776884988.6571028,6.0,0.0,-46.0
1776884988.6671028,7.0,0.0,-38.0
1776884988.6771028,8.0,2.0,-40.0
1776884988.6871028,7.0,4.0,-36.0
1776884988.6971028,4.0,6.0,-39.0
1776884988.7071028,4.0,6.0,-40.0
1776884988.7171028,7.0,3.0,-43.0
1776884988.7271028,10.0,1.0,-47.0
1776884988.7371027,8.0,-1.0,-48.0
1776884988.7471027,2.0,-2.0,-45.0
1776884988.7571027,1.0,-5.0,-51.0
1776884988.7671027,0.0,-3.0,-51.0
1776884988.7771027,-2.0,-3.0,-53.0
1776884988.7871027,-4.0,-3.0,-46.0
1776884988.7971027,0.0,-6.0,-46.0
1776884988.807103,0.0,-6.0,-48.0
1776884988.817103,-4.0,-2.0,-47.0
1776884988.827103,-1.0,-2.0,-49.0
1776884988.837103,0.0,-2.0,-52.0
1776884988.8471026,2.0,-2.0,-52.0
1776884988.8571026,5.0,0.0,-49.0
1776884988.8671026,8.0,0.0,-48.0
1776884988.8771029,5.0,-1.0,-44.0
1776884988.8871028,5.0,-4.0,-38.0
1776884988.8971028,4.0,-7.0,-36.0
1776884988.9071028,0.0,-7.0,-40.0
1776884988.9171028,0.0,-6.0,-44.0
1776884988.9271028,1.0,-10.0,-45.0
1776884988.9371028,1.0,-8.0,-46.0
1776884988.9471028,5.0,-7.0,-47.0
1776884988.9571028,4.0,-3.0,-49.0
1776884988.9671028,0.0,0.0,-49.0
1776884988.9771028,2.0,-3.0,-41.0
1776884988.9871027,1.0,-5.0,-48.0
1776884988.9971027,0.0,-3.0,-47.0
1776884989.0071027,-2.0,-2.0,-45.0
1776884989.0171027,-4.0,-2.0,-47.0
1776884989.0271027,-3.0,-2.0,-45.0
1776884989.0371027,-1.0,-2.0,-46.0
1776884989.0471027,0.0,-4.0,-44.0
1776884989.057103,3.0,0.0,-43.0
1776884989.067103,6.0,-3.0,-41.0
1776884989.077103,2.0,0.0,-45.0
1776884989.087103,3.0,1.0,-42.0
1776884989.0971026,0.0,-1.0,-45.0
1776884989.1071026,-2.0,-3.0,-45.0
1776884989.1171026,-6.0,-4.0,-48.0
1776884989.1271029,-3.0,-1.0,-46.0
1776884989.1371028,-1.0,0.0,-47.0
1776884989.1471028,-1.0,0.0,-40.0
1776884989.1571028,3.0,-1.0,-42.0
1776884989.1671028,4.0,2.0,-47.0
1776884989.1771028,5.0,3.0,-44.0
1776884989.1871028,8.0,0.0,-41.0
1776884989.1971028,6.0,-4.0,-35.0
1776884989.2071028,4.0,-2.0,-39.0
1776884989.2171028,8.0,-2.0,-40.0
1776884989.2271028,8.0,-2.0,-37.0
1776884989.2371027,5.0,0.0,-41.0
1776884989.2471027,1.0,1.0,-45.0
1776884989.2571027,3.0,-3.0,-48.0
1776884989.2671027,4.0,-6.0,-46.0
1776884989.2771027,3.0,-3.0,-44.0
1776884989.2871027,-1.0,-2.0,-46.0
1776884989.2971027,-1.0,-4.0,-48.0
1776884989.307103,1.0,-1.0,-48.0
1776884989.317103,4.0,0.0,-45.0
1776884989.327103,4.0,-1.0,-40.0
1776884989.337103,1.0,0.0,-37.0
1776884989.3471026,-1.0,-2.0,-40.0
1776884989.3571026,-1.0,-11.0,-40.0
1776884989.3671026,0.0,-7.0,-43.0
1776884989.3771029,0.0,-6.0,-45.0
1776884989.3871028,0.0,-8.0,-41.0
1776884989.3971028,2.0,-8.0,-40.0
1776884989.4071028,0.0,-9.0,-40.0
1776884989.4171028,-4.0,-8.0,-37.0
1776884989.4271028,-7.0,-4.0,-40.0
1776884989.4371028,-5.0,-3.0,-39.0
1776884989.4471028,-6.0,3.0,-37.0
1776884989.4571028,-2.0,4.0,-37.0
1776884989.4671028,2.0,3.0,-37.0
1776884989.4771028,3.0,-1.0,-39.0
1776884989.4871027,3.0,-1.0,-42.0
1776884989.4971027,4.0,0.0,-46.0
1776884989.5071027,0.0,-2.0,-50.0
1776884989.5171027,0.0,-3.0,-55.0
1776884989.5271027,0.0,-3.0,-61.0
1776884989.5371027,0.0,-1.0,-56.0
1776884989.5471027,0.0,-3.0,-56.0
1776884989.557103,0.0,-6.0,-52.0
1776884989.567103,0.0,-5.0,-56.0
1776884989.577103,0.0,-3.0,-53.0
1776884989.587103,0.0,-6.0,-46.0
1776884989.5971026,-1.0,-6.0,-47.0
1776884989.6071026,-1.0,-6.0,-46.0
1776884989.6171026,-1.0,-5.0,-44.0
1776884989.6271029,0.0,0.0,-45.0
1776884989.6371028,3.0,2.0,-42.0
1776884989.6471028,1.0,2.0,-49.0
1776884989.6571028,0.0,4.0,-49.0
1776884989.6671028,-1.0,1.0,-39.0
1776884989.6771028,-2.0,0.0,-37.0
1776884989.6871028,-4.0,-3.0,-30.0
1776884989.6971028,-6.0,-6.0,-29.0
1776884989.7071028,-2.0,-5.0,-33.0
1776884989.7171028,-2.0,-1.0,-38.0
1776884989.7271028,0.0,-4.0,-34.0
1776884989.7371027,4.0,0.0,-34.0
1776884989.7471027,3.0,0.0,-41.0
1776884989.7571027,6.0,0.0,-39.0
1776884989.7671027,3.0,0.0,-43.0
1776884989.7771027,3.0,-4.0,-41.0
1776884989.7871027,5.0,-2.0,-46.0
1776884989.7971027,0.0,-2.0,-42.0
1776884989.807103,0.0,-4.0,-40.0
1776884989.8181028,0.0,-3.0,-39.0
1776884989.827103,-1.0,-4.0,-44.0
1776884989.837103,3.0,-4.0,-52.0
1776884989.8471026,4.0,-5.0,-53.0
1776884989.8571026,4.0,-6.0,-58.0
1776884989.8671026,2.0,-4.0,-58.0
1776884989.8771029,0.0,-2.0,-49.0
1776884989.8871028,0.0,-4.0,-49.0
1776884989.8971028,1.0,-3.0,-51.0
1776884989.9071028,3.0,-6.0,-48.0
1776884989.9171028,4.0,-5.0,-43.0
1776884989.9271028,1.0,-8.0,-45.0
1776884989.9371028,3.0,-7.0,-50.0
1776884989.9471028,6.0,-7.0,-53.0
1776884989.9571028,2.0,0.0,-50.0
1776884989.9671028,0.0,0.0,-52.0
1776884989.9771028,1.0,-1.0,-54.0
1776884989.9871027,4.0,0.0,-49.0
1776884989.9971027,5.0,3.0,-54.0
1776884990.0071027,0.0,5.0,-51.0
1776884990.0171027,-2.0,9.0,-51.0
1776884990.0271027,2.0,2.0,-44.0
1776884990.0371027,1.0,2.0,-46.0
1776884990.0471027,0.0,2.0,-47.0
1776884990.057103,-2.0,0.0,-51.0
1776884990.067103,-6.0,0.0,-56.0
1776884990.077103,-4.0,0.0,-49.0
1776884990.087103,-1.0,1.0,-45.0
1776884990.0971026,-3.0,2.0,-40.0
1776884990.1071026,-3.0,0.0,-44.0
1776884990.1171026,3.0,0.0,-47.0
1776884990.1271029,3.0,-1.0,-47.0
1776884990.1371028,1.0,0.0,-47.0
1776884990.1471028,1.0,4.0,-49.0
1776884990.1571028,0.0,1.0,-49.0
1776884990.1671028,-1.0,-1.0,-56.0
1776884990.1771028,-4.0,-2.0,-53.0
1776884990.1871028,-6.0,-4.0,-52.0
1776884990.1971028,-1.0,-4.0,-45.0
1776884990.2071028,2.0,-3.0,-45.0
1776884990.2171028,2.0,0.0,-42.0
1776884990.2271028,1.0,3.0,-44.0
1776884990.2371027,-5.0,0.0,-47.0
1776884990.2471027,-6.0,1.0,-46.0
1776884990.2571027,-4.0,1.0,-47.0
1776884990.2671027,-2.0,0.0,-45.0
1776884990.2771027,1.0,-1.0,-46.0
1776884990.2871027,0.0,1.0,-45.0
1776884990.2971027,-1.0,4.0,-49.0
1776884990.307103,-1.0,0.0,-43.0
1776884990.317103,1.0,-2.0,-44.0
1776884990.327103,0.0,-3.0,-45.0
1776884990.337103,2.0,-4.0,-42.0
1776884990.3471026,3.0,-5.0,-48.0
1776884990.3571026,0.0,-5.0,-47.0
1776884990.3671026,-4.0,-1.0,-48.0
1776884990.3771029,-5.0,-1.0,-45.0
1776884990.3871028,-5.0,0.0,-51.0
1776884990.3971028,-4.0,1.0,-48.0
1776884990.4071028,-5.0,5.0,-46.0
1776884990.4171028,-2.0,6.0,-41.0
1776884990.4271028,-1.0,2.0,-45.0
1776884990.4381027,1.0,0.0,-43.0
1776884990.4471028,2.0,7.0,-42.0
1776884990.4571028,3.0,5.0,-40.0
1776884990.4671028,3.0,3.0,-41.0
1776884990.4771028,-1.0,-1.0,-42.0
1776884990.4871027,1.0,-1.0,-37.0
1776884990.498103,5.0,-3.0,-36.0
1776884990.508103,3.0,-3.0,-33.0
1776884990.5181026,4.0,-5.0,-28.0
1776884990.5281026,5.0,-5.0,-31.0
1776884990.5381026,7.0,-2.0,-34.0
1776884990.5481029,5.0,-2.0,-35.0
1776884990.5581028,4.0,-6.0,-44.0
1776884990.5681028,3.0,-5.0,-44.0
1776884990.5781028,1.0,-3.0,-46.0
1776884990.5881028,3.0,-4.0,-44.0
1776884990.5981028,6.0,-6.0,-42.0
1776884990.6081028,6.0,-4.0,-40.0
1776884990.6181028,10.0,-2.0,-41.0
1776884990.6281028,10.0,0.0,-43.0
1776884990.6381028,1.0,2.0,-43.0
1776884990.6481028,1.0,1.0,-43.0
1776884990.6581028,-3.0,0.0,-43.0
1776884990.6681027,3.0,1.0,-48.0
1776884990.6781027,2.0,1.0,-49.0
1776884990.6881027,4.0,0.0,-42.0
1776884990.6981027,0.0,-4.0,-45.0
1776884990.7081027,1.0,-6.0,-53.0
1776884990.7181027,0.0,-1.0,-52.0
1776884990.7281027,-1.0,-2.0,-49.0
1776884990.738103,-2.0,-1.0,-51.0
1776884990.748103,0.0,-1.0,-44.0
1776884990.758103,-2.0,-1.0,-41.0
1776884990.7681026,-3.0,1.0,-47.0
1776884990.7781026,-2.0,-1.0,-50.0
1776884990.7881026,-5.0,-4.0,-49.0
1776884990.7981029,-8.0,-5.0,-49.0
1776884990.8081028,-10.0,-5.0,-46.0
1776884990.8181028,-13.0,-4.0,-38.0
1776884990.8281028,-10.0,-3.0,-34.0
1776884990.8381028,-4.0,-6.0,-34.0
1776884990.8481028,-1.0,-2.0,-41.0
1776884990.8581028,-1.0,-3.0,-41.0
1776884990.8681028,2.0,-6.0,-46.0
1776884990.8781028,5.0,-4.0,-45.0
1776884990.8881028,4.0,-8.0,-49.0
1776884990.8981028,5.0,-7.0,-46.0
1776884990.9081028,3.0,-8.0,-46.0
1776884990.9181027,0.0,-9.0,-47.0
1776884990.9281027,0.0,-8.0,-44.0
1776884990.9381027,-1.0,-3.0,-44.0
1776884990.9481027,-1.0,-4.0,-43.0
1776884990.9581027,0.0,-7.0,-40.0
1776884990.9681027,0.0,-3.0,-47.0
1776884990.9781027,0.0,-6.0,-49.0
1776884990.988103,5.0,-9.0,-48.0
1776884990.998103,6.0,-7.0,-46.0
1776884991.008103,6.0,-4.0,-41.0
1776884991.0181026,7.0,-2.0,-36.0
1776884991.0281026,10.0,0.0,-39.0
1776884991.0381026,9.0,-4.0,-47.0
1776884991.0481029,5.0,-1.0,-51.0
1776884991.0581028,4.0,-4.0,-54.0
1776884991.0681028,4.0,-4.0,-55.0
1776884991.0781028,3.0,-7.0,-51.0
1776884991.0881028,-5.0,-8.0,-47.0
1776884991.0981028,-3.0,-8.0,-41.0
1776884991.1081028,-1.0,-6.0,-44.0
1776884991.1181028,-1.0,0.0,-47.0
1776884991.1281028,-5.0,3.0,-51.0
1776884991.1381028,-2.0,0.0,-50.0
1776884991.1481028,1.0,-1.0,-45.0
1776884991.1581028,0.0,0.0,-56.0
1776884991.1681027,4.0,-3.0,-55.0
1776884991.1781027,3.0,-1.0,-47.0
1776884991.1881027,1.0,-2.0,-40.0
1776884991.1981027,4.0,-4.0,-44.0
1776884991.2081027,7.0,-6.0,-45.0
1776884991.2181027,4.0,-7.0,-40.0
1776884991.2281027,8.0,-5.0,-39.0
1776884991.238103,6.0,-6.0,-45.0
1776884991.248103,10.0,-10.0,-47.0
1776884991.258103,6.0,-5.0,-45.0
1776884991.2681026,6.0,0.0,-49.0
1776884991.2781026,1.0,2.0,-49.0
1776884991.2881026,2.0,0.0,-38.0
1776884991.2981029,-1.0,0.0,-42.0
1776884991.3081028,-5.0,2.0,-44.0
1776884991.3181028,-5.0,-2.0,-53.0
1776884991.3281028,-5.0,-3.0,-52.0
1776884991.3381028,-4.0,-2.0,-48.0
1776884991.3481028,-3.0,-5.0,-46.0
1776884991.3581028,-4.0,-5.0,-44.0
1776884991.3681028,-4.0,-4.0,-36.0
1776884991.3781028,-6.0,-5.0,-41.0
1776884991.3881028,-4.0,-2.0,-42.0
1776884991.3981028,1.0,-4.0,-43.0
1776884991.4081028,1.0,-5.0,-52.0
1776884991.4181027,3.0,-8.0,-50.0
1776884991.4281027,1.0,-6.0,-53.0
1776884991.4381027,0.0,-6.0,-57.0
1776884991.4481027,3.0,-5.0,-53.0
1776884991.4581027,1.0,-6.0,-55.0
1776884991.4681027,3.0,-1.0,-55.0
1776884991.4781027,1.0,-2.0,-51.0
1776884991.488103,3.0,0.0,-46.0
1776884991.498103,0.0,0.0,-44.0
1776884991.508103,0.0,-2.0,-43.0
1776884991.5181026,1.0,-3.0,-49.0
1776884991.5281026,4.0,-4.0,-59.0
1776884991.5381026,0.0,-3.0,-62.0
1776884991.5481029,0.0,-5.0,-52.0
1776884991.5581028,0.0,-2.0,-49.0
1776884991.5681028,-3.0,0.0,-47.0
1776884991.5781028,-8.0,0.0,-54.0
1776884991.5881028,-1.0,-1.0,-54.0
1776884991.5981028,-1.0,-2.0,-57.0
1776884991.6081028,-2.0,0.0,-52.0
1776884991.6181028,-1.0,3.0,-50.0
1776884991.6281028,1.0,3.0,-44.0
1776884991.6381028,-1.0,2.0,-42.0
1776884991.6481028,0.0,-1.0,-40.0
1776884991.6581028,0.0,0.0,-45.0
1776884991.6681027,-1.0,-2.0,-49.0
1776884991.6781027,0.0,-4.0,-54.0
1776884991.6881027,0.0,-7.0,-53.0
1776884991.6981027,-2.0,-3.0,-50.0
1776884991.7081027,0.0,0.0,-46.0
1776884991.7181027,2.0,0.0,-47.0
1776884991.7281027,0.0,-1.0,-47.0
1776884991.738103,-5.0,-3.0,-39.0
1776884991.748103,0.0,-5.0,-44.0
1776884991.758103,1.0,-7.0,-45.0
1776884991.7681026,0.0,-7.0,-44.0
1776884991.7781026,-2.0,-3.0,-39.0
1776884991.7881026,-3.0,-2.0,-36.0
1776884991.7981029,0.0,-2.0,-34.0
1776884991.8081028,-2.0,-1.0,-39.0
1776884991.8181028,-1.0,2.0,-46.0
1776884991.8281028,-7.0,7.0,-47.0
1776884991.8381028,-9.0,3.0,-45.0
1776884991.8481028,-5.0,0.0,-40.0
1776884991.8581028,-2.0,0.0,-42.0
1776884991.8681028,1.0,1.0,-43.0
1776884991.8781028,0.0,0.0,-47.0
1776884991.8881028,0.0,-2.0,-50.0
1776884991.8981028,-4.0,-1.0,-52.0
1776884991.9081028,-5.0,-1.0,-53.0
1776884991.9181027,-5.0,3.0,-50.0
1776884991.9281027,-3.0,5.0,-51.0
1776884991.9381027,0.0,6.0,-47.0
1776884991.9481027,1.0,3.0,-48.0
1776884991.9581027,0.0,1.0,-48.0
1776884991.9681027,-3.0,1.0,-43.0
1776884991.9781027,2.0,1.0,-40.0
1776884991.988103,0.0,1.0,-47.0
1776884991.998103,1.0,2.0,-51.0
1776884992.008103,1.0,-5.0,-48.0
1776884992.0181026,-3.0,-5.0,-45.0
1776884992.0281026,-1.0,-4.0,-41.0
1776884992.0381026,0.0,-4.0,-45.0
1776884992.0481029,1.0,-5.0,-50.0
1776884992.0581028,2.0,-5.0,-49.0
1776884992.0681028,-2.0,-3.0,-50.0
1776884992.0781028,-3.0,-3.0,-55.0
1776884992.0881028,-4.0,-1.0,-53.0
1776884992.0981028,-3.0,-1.0,-51.0
1776884992.1081028,3.0,-4.0,-57.0
1776884992.1181028,2.0,0.0,-55.0
1776884992.1281028,3.0,2.0,-45.0
1776884992.1381028,1.0,1.0,-42.0
1776884992.1481028,-2.0,1.0,-38.0
1776884992.1581028,-3.0,1.0,-38.0
1776884992.1681027,-4.0,2.0,-41.0
1776884992.1781027,-6.0,0.0,-47.0
1776884992.1881027,-2.0,-6.0,-47.0
1776884992.1981027,-1.0,-5.0,-48.0
1776884992.2081027,-1.0,-3.0,-50.0
1776884992.2181027,-4.0,0.0,-50.0
1776884992.2281027,-1.0,0.0,-55.0
1776884992.238103,-3.0,1.0,-60.0
1776884992.248103,-10.0,2.0,-63.0
1776884992.258103,-5.0,0.0,-63.0
1776884992.2681026,-4.0,-1.0,-56.0
1776884992.2781026,-3.0,-1.0,-52.0
1776884992.2881026,-3.0,-1.0,-49.0
1776884992.2981029,-8.0,-1.0,-49.0
1776884992.3081028,-10.0,-4.0,-54.0
1776884992.3181028,-7.0,-3.0,-52.0
1776884992.3281028,-8.0,-5.0,-51.0
1776884992.3381028,-8.0,-6.0,-52.0
1776884992.3481028,-5.0,-4.0,-43.0
1776884992.3581028,-3.0,-2.0,-40.0
1776884992.3681028,0.0,0.0,-46.0
1776884992.3781028,-2.0,0.0,-51.0
1776884992.3881028,-2.0,0.0,-50.0
1776884992.3981028,0.0,3.0,-40.0
1776884992.4081028,0.0,2.0,-31.0
1776884992.4181027,0.0,2.0,-34.0
1776884992.4281027,3.0,-1.0,-37.0
1776884992.4391026,5.0,-2.0,-40.0
1776884992.4491026,3.0,-1.0,-48.0
1776884992.4591026,5.0,0.0,-48.0
1776884992.4691026,8.0,0.0,-49.0
1776884992.4791028,8.0,0.0,-44.0
1776884992.4891028,8.0,-3.0,-44.0
1776884992.4991028,8.0,-4.0,-47.0
1776884992.5091028,4.0,-3.0,-47.0
1776884992.5191028,8.0,-4.0,-51.0
1776884992.5291028,8.0,-4.0,-46.0
1776884992.5391028,7.0,-3.0,-47.0
1776884992.5491028,7.0,-4.0,-46.0
1776884992.5591028,1.0,-5.0,-46.0
1776884992.5691028,1.0,-8.0,-44.0
1776884992.5791028,2.0,-8.0,-49.0
1776884992.5891027,7.0,-5.0,-43.0
1776884992.5991027,9.0,-5.0,-42.0
1776884992.6091027,13.0,-5.0,-37.0
1776884992.6191027,6.0,-2.0,-42.0
1776884992.6291027,6.0,1.0,-47.0
1776884992.6391027,6.0,2.0,-46.0
1776884992.6491027,3.0,0.0,-49.0
1776884992.659103,-3.0,4.0,-47.0
1776884992.669103,-3.0,8.0,-53.0
1776884992.679103,-9.0,9.0,-55.0
1776884992.6891026,-11.0,8.0,-52.0
1776884992.6991026,-11.0,2.0,-54.0
1776884992.7091026,-5.0,2.0,-53.0
1776884992.7191026,-5.0,1.0,-51.0
1776884992.7291028,-7.0,0.0,-52.0
1776884992.7391028,-9.0,-1.0,-51.0
1776884992.7491028,-9.0,0.0,-50.0
1776884992.7591028,-7.0,1.0,-55.0
1776884992.7691028,-4.0,4.0,-56.0
1776884992.7791028,-1.0,-1.0,-57.0
1776884992.7891028,0.0,-5.0,-54.0
1776884992.7991028,1.0,-12.0,-56.0
1776884992.8091028,4.0,-13.0,-53.0
1776884992.8191028,5.0,-10.0,-56.0
1776884992.8291028,5.0,-7.0,-53.0
1776884992.8391027,3.0,-2.0,-45.0
1776884992.8491027,3.0,-2.0,-51.0
1776884992.8591027,0.0,-3.0,-52.0
1776884992.8691027,0.0,-6.0,-55.0
1776884992.8791027,2.0,-2.0,-56.0
1776884992.8901026,3.0,1.0,-49.0
1776884992.8991027,1.0,2.0,-49.0
1776884992.909103,2.0,2.0,-48.0
1776884992.919103,7.0,1.0,-44.0
1776884992.929103,8.0,3.0,-44.0
1776884992.9391026,3.0,6.0,-46.0
1776884992.9491026,3.0,5.0,-55.0
1776884992.9591026,7.0,5.0,-57.0
1776884992.9691026,7.0,3.0,-55.0
1776884992.9791028,6.0,1.0,-54.0
1776884992.9891028,9.0,2.0,-49.0
1776884992.9991028,10.0,4.0,-46.0
1776884993.0091028,7.0,1.0,-47.0
1776884993.0191028,4.0,1.0,-49.0
1776884993.0291028,3.0,-2.0,-48.0
1776884993.0391028,-3.0,-3.0,-53.0
1776884993.0491028,1.0,-5.0,-55.0
1776884993.0591028,-4.0,-3.0,-52.0
1776884993.0691028,0.0,-2.0,-51.0
1776884993.0791028,3.0,-1.0,-53.0
1776884993.0891027,2.0,-4.0,-47.0
1776884993.0991027,0.0,-3.0,-51.0
1776884993.1091027,-3.0,-5.0,-50.0
1776884993.1191027,-6.0,-5.0,-49.0
1776884993.1291027,-6.0,-4.0,-54.0
1776884993.1391027,-2.0,-3.0,-57.0
1776884993.1491027,-2.0,-3.0,-56.0
1776884993.159103,-3.0,-4.0,-50.0
1776884993.169103,-7.0,-1.0,-44.0
1776884993.179103,-9.0,2.0,-46.0
1776884993.1891026,-8.0,2.0,-44.0
1776884993.1991026,-5.0,2.0,-47.0
1776884993.2091026,-1.0,1.0,-40.0
1776884993.2191026,-3.0,-2.0,-41.0
1776884993.2291028,-6.0,-1.0,-39.0
1776884993.2391028,-3.0,0.0,-32.0
1776884993.2491028,0.0,-1.0,-36.0
1776884993.2591028,4.0,-1.0,-38.0
1776884993.2691028,4.0,-3.0,-44.0
1776884993.2791028,2.0,-7.0,-47.0
1776884993.2891028,1.0,-10.0,-47.0
1776884993.2991028,1.0,-13.0,-46.0
1776884993.3091028,3.0,-13.0,-46.0
1776884993.3191028,2.0,-6.0,-42.0
1776884993.3291028,1.0,-8.0,-40.0
1776884993.3391027,3.0,-6.0,-36.0
1776884993.3491027,4.0,-5.0,-33.0
1776884993.3591027,5.0,-5.0,-35.0
1776884993.3691027,4.0,-4.0,-38.0
1776884993.3791027,0.0,-7.0,-43.0
1776884993.3891027,-2.0,-4.0,-44.0
1776884993.3991027,-1.0,-5.0,-37.0
1776884993.409103,-1.0,-2.0,-40.0
1776884993.419103,4.0,-2.0,-45.0
1776884993.429103,6.0,1.0,-47.0
1776884993.4391026,8.0,-1.0,-44.0
1776884993.4491026,2.0,0.0,-37.0
1776884993.4591026,-1.0,4.0,-37.0
1776884993.4691026,2.0,3.0,-32.0
1776884993.4801028,-1.0,2.0,-34.0
1776884993.4891028,-4.0,5.0,-32.0
1776884993.4991028,-8.0,1.0,-41.0
1776884993.5091028,-9.0,0.0,-45.0
1776884993.5191028,-3.0,2.0,-46.0
1776884993.5291028,0.0,6.0,-53.0
1776884993.5391028,-1.0,1.0,-54.0
1776884993.5491028,-1.0,-2.0,-47.0
1776884993.5591028,-5.0,-4.0,-46.0
1776884993.5691028,-4.0,-1.0,-42.0
1776884993.5791028,-4.0,0.0,-37.0
1776884993.5891027,-2.0,0.0,-42.0
1776884993.5991027,0.0,2.0,-41.0
1776884993.6091027,1.0,4.0,-47.0
1776884993.6191027,4.0,0.0,-43.0
1776884993.6291027,9.0,1.0,-46.0
1776884993.6391027,4.0,-2.0,-50.0
1776884993.6491027,4.0,0.0,-47.0
1776884993.659103,7.0,-1.0,-49.0
1776884993.669103,5.0,0.0,-51.0
1776884993.679103,6.0,0.0,-48.0
1776884993.6891026,6.0,0.0,-46.0
1776884993.6991026,6.0,1.0,-48.0
1776884993.7091026,5.0,3.0,-55.0
1776884993.7191026,2.0,1.0,-51.0
1776884993.7291028,4.0,2.0,-50.0
1776884993.7391028,6.0,0.0,-52.0
1776884993.7491028,7.0,0.0,-50.0
1776884993.7591028,2.0,-3.0,-49.0
1776884993.7691028,5.0,-1.0,-49.0
1776884993.7791028,6.0,-1.0,-45.0
1776884993.7891028,0.0,-2.0,-43.0
1776884993.7991028,-3.0,-2.0,-45.0
1776884993.8091028,0.0,-1.0,-46.0
1776884993.8191028,-2.0,-4.0,-42.0
1776884993.8291028,-5.0,-2.0,-43.0
1776884993.8391027,-5.0,0.0,-40.0
1776884993.8491027,-6.0,0.0,-41.0
1776884993.8591027,-7.0,0.0,-43.0
1776884993.8691027,-2.0,-4.0,-47.0
1776884993.8791027,-1.0,-5.0,-48.0
1776884993.8891027,-7.0,-8.0,-47.0
1776884993.8991027,-3.0,-8.0,-49.0
1776884993.909103,-4.0,-5.0,-54.0
1776884993.919103,0.0,-2.0,-50.0
1776884993.929103,0.0,-2.0,-53.0
1776884993.9391026,4.0,1.0,-47.0
1776884993.9491026,4.0,4.0,-41.0
1776884993.9591026,3.0,3.0,-41.0
1776884993.9691026,2.0,-1.0,-38.0
1776884993.9791028,-2.0,-1.0,-40.0
1776884993.9891028,-1.0,-3.0,-41.0
1776884993.9991028,-3.0,-4.0,-41.0
1776884994.0091028,0.0,-3.0,-45.0
1776884994.0191028,-3.0,-4.0,-43.0
1776884994.0291028,0.0,-1.0,-40.0
1776884994.0391028,1.0,-2.0,-42.0
1776884994.0491028,3.0,-4.0,-44.0
1776884994.0591028,3.0,-5.0,-46.0
1776884994.0691028,4.0,-4.0,-47.0
1776884994.0791028,2.0,-3.0,-46.0
1776884994.0891027,2.0,-1.0,-45.0
1776884994.0991027,0.0,0.0,-44.0
1776884994.1091027,-2.0,-3.0,-40.0
1776884994.1191027,-3.0,-3.0,-40.0
1776884994.1291027,0.0,-6.0,-42.0
1776884994.1391027,4.0,-4.0,-48.0
1776884994.1491027,0.0,0.0,-45.0
1776884994.159103,0.0,0.0,-55.0
1776884994.169103,0.0,0.0,-52.0
1776884994.179103,1.0,5.0,-47.0
1776884994.1891026,4.0,6.0,-38.0
1776884994.1991026,4.0,3.0,-38.0
1776884994.2091026,8.0,5.0,-35.0
1776884994.2191026,6.0,5.0,-35.0
1776884994.2291028,6.0,2.0,-40.0
1776884994.2391028,11.0,1.0,-41.0
1776884994.2491028,12.0,-1.0,-37.0
1776884994.2591028,12.0,-2.0,-39.0
1776884994.2691028,12.0,0.0,-40.0
1776884994.2791028,16.0,-1.0,-44.0
1776884994.2891028,15.0,-3.0,-47.0
1776884994.2991028,14.0,-1.0,-49.0
1776884994.3091028,8.0,0.0,-48.0
1776884994.3191028,6.0,-1.0,-42.0
1776884994.3291028,-1.0,-3.0,-43.0
1776884994.3391027,0.0,-3.0,-41.0
1776884994.3491027,0.0,0.0,-42.0
1776884994.3591027,-2.0,-1.0,-41.0
1776884994.3691027,-1.0,0.0,-39.0
1776884994.3791027,-1.0,1.0,-39.0
1776884994.3891027,0.0,0.0,-42.0
1776884994.3991027,-3.0,2.0,-37.0
1776884994.409103,-4.0,0.0,-39.0
1776884994.419103,-1.0,0.0,-36.0
1776884994.4301028,0.0,0.0,-32.0
1776884994.4401028,1.0,-1.0,-37.0
1776884994.4501028,0.0,1.0,-38.0
1776884994.4601028,-2.0,1.0,-37.0
1776884994.4701028,-8.0,1.0,-32.0
1776884994.4801028,-7.0,4.0,-31.0
1776884994.4901028,-1.0,3.0,-31.0
1776884994.5001028,-1.0,3.0,-38.0
1776884994.5101027,4.0,0.0,-43.0
1776884994.5201027,11.0,1.0,-39.0
1776884994.5301027,10.0,0.0,-44.0
1776884994.5401027,7.0,-3.0,-44.0
1776884994.5501027,3.0,-4.0,-47.0
1776884994.5601027,3.0,-4.0,-46.0
1776884994.5701027,3.0,-4.0,-48.0
1776884994.5801027,5.0,-4.0,-51.0
1776884994.590103,1.0,-2.0,-46.0
1776884994.600103,1.0,-4.0,-49.0
1776884994.610103,4.0,-2.0,-53.0
1776884994.6201026,1.0,-1.0,-51.0
1776884994.6301026,-2.0,-2.0,-45.0
1776884994.6401026,-2.0,-5.0,-40.0
1776884994.6501029,-2.0,-7.0,-36.0
1776884994.6601028,-1.0,-3.0,-36.0
1776884994.6701028,0.0,-4.0,-38.0
1776884994.6801028,1.0,-5.0,-44.0
1776884994.6901028,-1.0,-1.0,-48.0
1776884994.7001028,-4.0,0.0,-44.0
1776884994.7101028,-4.0,-2.0,-45.0
1776884994.7201028,-5.0,-1.0,-39.0
1776884994.7301028,-2.0,0.0,-48.0
1776884994.7401028,1.0,3.0,-44.0
1776884994.7501028,-2.0,1.0,-41.0
1776884994.7601027,-2.0,-1.0,-40.0
1776884994.7701027,-3.0,-1.0,-38.0
1776884994.7801027,-3.0,0.0,-39.0
1776884994.7901027,-6.0,-1.0,-41.0
1776884994.8001027,-7.0,-3.0,-44.0
1776884994.8101027,-6.0,-2.0,-44.0
1776884994.8201027,-7.0,0.0,-41.0
1776884994.8301027,-4.0,0.0,-39.0
1776884994.840103,-2.0,0.0,-38.0
1776884994.850103,-1.0,-2.0,-31.0
1776884994.860103,-1.0,-4.0,-35.0
1776884994.8701026,1.0,-4.0,-33.0
1776884994.8801026,6.0,-4.0,-37.0
1776884994.8901026,6.0,-2.0,-32.0
1776884994.9001029,3.0,-2.0,-35.0
1776884994.9101028,2.0,-1.0,-43.0
1776884994.9201028,0.0,-2.0,-49.0
1776884994.9301028,1.0,3.0,-53.0
1776884994.9401028,6.0,1.0,-55.0
1776884994.9501028,4.0,2.0,-55.0
1776884994.9601028,0.0,2.0,-52.0
1776884994.9701028,-1.0,2.0,-46.0
1776884994.9801028,-1.0,0.0,-46.0
1776884994.9901028,-3.0,-5.0,-49.0
1776884995.0001028,3.0,-7.0,-52.0
1776884995.0101027,2.0,-7.0,-51.0
1776884995.0201027,-1.0,-5.0,-48.0
1776884995.0301027,4.0,-10.0,-45.0
1776884995.0401027,4.0,-10.0,-46.0
1776884995.0501027,6.0,-7.0,-38.0
1776884995.0601027,3.0,-5.0,-39.0
1776884995.0701027,1.0,-7.0,-41.0
1776884995.0801027,-3.0,-5.0,-41.0
1776884995.090103,0.0,-4.0,-39.0
1776884995.100103,1.0,-5.0,-42.0
1776884995.110103,1.0,-5.0,-50.0
1776884995.1201026,-1.0,-6.0,-50.0
1776884995.1301026,0.0,-6.0,-47.0
1776884995.1401026,1.0,-2.0,-48.0
1776884995.1501029,6.0,-1.0,-48.0
1776884995.1601028,4.0,-3.0,-45.0
1776884995.1701028,4.0,-5.0,-44.0
1776884995.1801028,4.0,-5.0,-50.0
1776884995.1901028,7.0,-4.0,-48.0
1776884995.2001028,4.0,-3.0,-46.0
1776884995.2101028,0.0,-2.0,-44.0
1776884995.2201028,-4.0,-4.0,-45.0
1776884995.2301028,-2.0,0.0,-49.0
1776884995.2401028,-1.0,0.0,-49.0
1776884995.2501028,-2.0,-1.0,-47.0
1776884995.2601027,-9.0,-4.0,-51.0
1776884995.2701027,-10.0,-8.0,-55.0
1776884995.2801027,-7.0,-8.0,-53.0
1776884995.2901027,-7.0,-4.0,-48.0
1776884995.3001027,-11.0,-8.0,-42.0
1776884995.3101027,-12.0,-7.0,-36.0
1776884995.3201027,-13.0,-5.0,-38.0
1776884995.3301027,-11.0,0.0,-48.0
1776884995.340103,-8.0,-2.0,-43.0
1776884995.350103,-6.0,-4.0,-39.0
1776884995.360103,-2.0,-6.0,-37.0
1776884995.3701026,1.0,-6.0,-36.0
1776884995.3801026,6.0,-6.0,-37.0
1776884995.3901026,6.0,-6.0,-42.0
1776884995.4001029,0.0,-4.0,-44.0
1776884995.4101028,-2.0,5.0,-42.0
1776884995.4201028,0.0,5.0,-48.0
1776884995.4301028,-1.0,6.0,-44.0
1776884995.4401028,1.0,2.0,-42.0
1776884995.4501028,0.0,1.0,-46.0
1776884995.4601028,3.0,0.0,-48.0
1776884995.4701028,4.0,0.0,-56.0
1776884995.4801028,0.0,-1.0,-57.0
1776884995.4901028,2.0,0.0,-53.0
1776884995.5001028,2.0,1.0,-50.0
1776884995.5101027,0.0,4.0,-53.0
1776884995.5201027,7.0,1.0,-49.0
1776884995.5301027,8.0,-5.0,-47.0
1776884995.5401027,6.0,-7.0,-44.0
1776884995.5501027,5.0,-5.0,-46.0
1776884995.5601027,2.0,-4.0,-47.0
1776884995.5701027,0.0,-3.0,-47.0
1776884995.5801027,3.0,0.0,-48.0
1776884995.590103,3.0,-1.0,-47.0
1776884995.600103,4.0,0.0,-47.0
1776884995.610103,2.0,0.0,-49.0
1776884995.6201026,-1.0,-2.0,-46.0
1776884995.6301026,-2.0,-1.0,-47.0
1776884995.6401026,-2.0,-1.0,-46.0
1776884995.6501029,-2.0,0.0,-46.0
1776884995.6601028,-2.0,0.0,-47.0
1776884995.6701028,0.0,1.0,-50.0
1776884995.6801028,1.0,0.0,-40.0
1776884995.6901028,0.0,-1.0,-44.0
1776884995.7001028,-1.0,-3.0,-45.0
1776884995.7101028,0.0,0.0,-42.0
1776884995.7201028,-2.0,1.0,-41.0
1776884995.7301028,-5.0,2.0,-45.0
1776884995.7401028,-2.0,0.0,-43.0
1776884995.7501028,-2.0,2.0,-42.0
1776884995.7601027,0.0,3.0,-40.0
1776884995.7701027,3.0,4.0,-40.0
1776884995.7801027,-2.0,4.0,-41.0
1776884995.7901027,-5.0,0.0,-48.0
1776884995.8001027,0.0,0.0,-57.0
1776884995.8101027,1.0,1.0,-50.0
1776884995.8201027,3.0,0.0,-48.0
1776884995.8301027,6.0,1.0,-52.0
1776884995.840103,6.0,2.0,-57.0
1776884995.850103,5.0,0.0,-51.0
1776884995.860103,5.0,0.0,-49.0
1776884995.8701026,8.0,-7.0,-53.0
1776884995.8801026,8.0,-8.0,-58.0
1776884995.8901026,5.0,-6.0,-57.0
1776884995.9001029,5.0,-6.0,-61.0
1776884995.9101028,-1.0,-4.0,-56.0
1776884995.9201028,0.0,-11.0,-55.0
1776884995.9301028,-3.0,-11.0,-50.0
1776884995.9401028,-1.0,-5.0,-54.0
1776884995.9501028,0.0,-4.0,-54.0
1776884995.9601028,0.0,-3.0,-46.0
1776884995.9701028,0.0,-4.0,-47.0
1776884995.9801028,0.0,-2.0,-39.0
1776884995.9901028,4.0,-3.0,-46.0
1776884996.0001028,0.0,-9.0,-46.0
1776884996.0101027,0.0,-6.0,-41.0
1776884996.0201027,3.0,-7.0,-45.0
1776884996.0301027,5.0,-4.0,-46.0
1776884996.0401027,1.0,-3.0,-52.0
1776884996.0501027,-2.0,-4.0,-46.0
1776884996.0601027,0.0,-5.0,-45.0
1776884996.0701027,1.0,-3.0,-49.0
1776884996.0801027,-4.0,0.0,-51.0
1776884996.090103,-2.0,-3.0,-52.0
1776884996.100103,5.0,-3.0,-46.0
1776884996.110103,9.0,-6.0,-47.0
1776884996.1201026,8.0,-3.0,-42.0
1776884996.1301026,14.0,-1.0,-42.0
1776884996.1401026,11.0,0.0,-37.0
1776884996.1501029,6.0,-5.0,-41.0
1776884996.1601028,7.0,-5.0,-46.0
1776884996.1701028,3.0,-2.0,-51.0
1776884996.1801028,-1.0,-2.0,-53.0
1776884996.1901028,-7.0,-3.0,-47.0
1776884996.2001028,-9.0,-2.0,-45.0
1776884996.2101028,-14.0,-2.0,-46.0
1776884996.2201028,-15.0,-2.0,-42.0
1776884996.2301028,-11.0,0.0,-43.0
1776884996.2401028,-7.0,2.0,-49.0
1776884996.2501028,-1.0,4.0,-55.0
1776884996.2601027,1.0,2.0,-59.0
1776884996.2701027,0.0,0.0,-53.0
1776884996.2801027,-2.0,-3.0,-55.0
1776884996.2901027,0.0,-6.0,-54.0
1776884996.3001027,-5.0,-6.0,-49.0
1776884996.3101027,-4.0,-8.0,-45.0
1776884996.3201027,-3.0,-7.0,-43.0
1776884996.3301027,-3.0,-7.0,-42.0
1776884996.340103,-5.0,-6.0,-35.0
1776884996.350103,-3.0,-5.0,-40.0
1776884996.360103,-2.0,-7.0,-42.0
1776884996.3701026,1.0,-8.0,-40.0
1776884996.3801026,0.0,-8.0,-47.0
1776884996.3911028,-2.0,-8.0,-44.0
1776884996.4011028,-1.0,-10.0,-48.0
1776884996.4111028,0.0,-10.0,-49.0
1776884996.4211028,-2.0,-9.0,-48.0
1776884996.4311028,-2.0,-3.0,-45.0
1776884996.4411027,-6.0,-4.0,-38.0
1776884996.4511027,-6.0,-2.0,-38.0
1776884996.4611027,-7.0,-4.0,-38.0
1776884996.4711027,-7.0,-8.0,-34.0
1776884996.4811027,-6.0,-6.0,-38.0
1776884996.4911027,-4.0,-4.0,-36.0
1776884996.5011027,-3.0,-3.0,-46.0
1776884996.511103,0.0,-5.0,-46.0
1776884996.521103,1.0,-4.0,-45.0
1776884996.531103,1.0,-7.0,-42.0
1776884996.5411026,3.0,-8.0,-44.0
1776884996.5511026,6.0,-8.0,-39.0
1776884996.5611026,4.0,-7.0,-36.0
1776884996.5711029,3.0,-6.0,-32.0
1776884996.5811028,1.0,-4.0,-32.0
1776884996.5911028,1.0,-3.0,-42.0
1776884996.6011028,1.0,-2.0,-41.0
1776884996.6111028,2.0,-1.0,-44.0
1776884996.6211028,3.0,0.0,-45.0
1776884996.6311028,1.0,-3.0,-45.0
1776884996.6411028,1.0,-3.0,-44.0
1776884996.6511028,-1.0,-6.0,-38.0
1776884996.6611028,-2.0,-7.0,-37.0
1776884996.6711028,-1.0,-5.0,-41.0
1776884996.6811028,0.0,-2.0,-45.0
1776884996.6911027,-1.0,-3.0,-45.0
1776884996.7011027,-1.0,-7.0,-56.0
1776884996.7111027,1.0,-10.0,-55.0
1776884996.7211027,1.0,-5.0,-56.0
1776884996.7311027,2.0,-1.0,-53.0
1776884996.7411027,0.0,-4.0,-55.0
1776884996.7511027,0.0,-5.0,-52.0
1776884996.761103,2.0,-4.0,-49.0
1776884996.771103,4.0,-2.0,-45.0
1776884996.781103,0.0,0.0,-45.0
1776884996.7911026,6.0,0.0,-54.0
1776884996.8011026,0.0,-4.0,-53.0
1776884996.8111026,1.0,-6.0,-50.0
1776884996.8211029,3.0,-7.0,-52.0
1776884996.8311028,0.0,-3.0,-47.0
1776884996.8411028,-1.0,0.0,-39.0
1776884996.8511028,-2.0,0.0,-35.0
1776884996.8611028,4.0,-1.0,-43.0
1776884996.8711028,1.0,0.0,-38.0
1776884996.8811028,-1.0,0.0,-41.0
1776884996.8911028,-1.0,-3.0,-44.0
1776884996.9011028,1.0,-5.0,-47.0
1776884996.9111028,2.0,-8.0,-44.0
1776884996.9211028,-2.0,-11.0,-43.0
1776884996.9311028,-1.0,-8.0,-42.0
1776884996.9411027,-5.0,-9.0,-44.0
1776884996.9511027,-2.0,-7.0,-47.0
1776884996.9611027,1.0,-7.0,-50.0
1776884996.9711027,0.0,-8.0,-53.0
1776884996.9811027,0.0,-7.0,-46.0
1776884996.9911027,0.0,-4.0,-48.0
1776884997.0011027,-1.0,-1.0,-51.0
1776884997.011103,0.0,2.0,-53.0
1776884997.021103,2.0,0.0,-53.0
1776884997.031103,0.0,1.0,-51.0
1776884997.0411026,4.0,-2.0,-51.0
1776884997.0511026,6.0,-3.0,-38.0
1776884997.0611026,3.0,-1.0,-40.0
1776884997.0711029,0.0,0.0,-36.0
1776884997.0811028,3.0,1.0,-39.0
1776884997.0911028,2.0,0.0,-45.0
1776884997.1011028,-1.0,-1.0,-40.0
1776884997.1111028,1.0,0.0,-47.0
1776884997.1211028,0.0,-1.0,-45.0
1776884997.1311028,-4.0,-4.0,-43.0
1776884997.1411028,-5.0,-7.0,-37.0
1776884997.1511028,-2.0,-9.0,-43.0
1776884997.1611028,-2.0,-10.0,-45.0
1776884997.1711028,-2.0,-7.0,-44.0
1776884997.1811028,0.0,-8.0,-41.0
1776884997.1911027,6.0,-7.0,-45.0
1776884997.2011027,6.0,-5.0,-46.0
1776884997.2111027,3.0,-4.0,-48.0
1776884997.2211027,4.0,0.0,-44.0
1776884997.2311027,4.0,-4.0,-34.0
1776884997.2411027,0.0,-2.0,-35.0
1776884997.2511027,0.0,0.0,-40.0
1776884997.261103,0.0,3.0,-41.0
1776884997.271103,-1.0,6.0,-43.0
1776884997.281103,2.0,3.0,-45.0
1776884997.2911026,2.0,2.0,-46.0
1776884997.3011026,4.0,4.0,-49.0
1776884997.3111026,4.0,4.0,-47.0
1776884997.3211029,2.0,3.0,-53.0
1776884997.3311028,0.0,1.0,-52.0
1776884997.3411028,0.0,-2.0,-53.0
1776884997.3511028,-4.0,-2.0,-53.0
1776884997.3611028,-2.0,-2.0,-48.0
1776884997.3711028,-5.0,-2.0,-54.0
1776884997.3811028,-4.0,0.0,-53.0
1776884997.3911028,-7.0,-3.0,-51.0
1776884997.4011028,-5.0,-1.0,-46.0
1776884997.4111028,0.0,1.0,-48.0
1776884997.4211028,-2.0,0.0,-47.0
1776884997.4311028,0.0,-3.0,-51.0
1776884997.4411027,-4.0,-4.0,-51.0
1776884997.4511027,-5.0,-4.0,-49.0
1776884997.4611027,-7.0,-6.0,-46.0
1776884997.4711027,0.0,-5.0,-43.0
1776884997.4811027,3.0,0.0,-41.0
1776884997.4911027,0.0,2.0,-38.0
1776884997.5011027,2.0,-1.0,-44.0
1776884997.511103,2.0,2.0,-46.0
1776884997.521103,2.0,2.0,-41.0
1776884997.531103,0.0,0.0,-42.0
1776884997.5411026,2.0,0.0,-41.0
1776884997.5511026,4.0,-4.0,-41.0
1776884997.5611026,0.0,-1.0,-44.0
1776884997.5711029,3.0,-2.0,-51.0
1776884997.5811028,0.0,-1.0,-53.0
1776884997.5911028,0.0,1.0,-47.0
1776884997.6011028,-1.0,1.0,-49.0
1776884997.6111028,-2.0,-2.0,-50.0
1776884997.6211028,2.0,-5.0,-55.0
1776884997.6311028,6.0,-2.0,-55.0
1776884997.6411028,4.0,-1.0,-59.0
1776884997.6511028,5.0,-2.0,-50.0
1776884997.6611028,3.0,-8.0,-52.0
1776884997.6711028,0.0,-7.0,-46.0
1776884997.6811028,4.0,-8.0,-43.0
1776884997.6911027,5.0,-7.0,-43.0
1776884997.7011027,1.0,-6.0,-41.0
1776884997.7111027,0.0,-6.0,-36.0
1776884997.7211027,-1.0,-4.0,-38.0
1776884997.7311027,-2.0,-3.0,-38.0
1776884997.7411027,-2.0,0.0,-39.0
1776884997.7511027,-2.0,0.0,-38.0
1776884997.761103,-6.0,0.0,-42.0
1776884997.771103,-4.0,-1.0,-44.0
1776884997.781103,0.0,0.0,-46.0
1776884997.7911026,-3.0,0.0,-45.0
1776884997.8011026,-2.0,-2.0,-43.0
1776884997.8111026,0.0,-5.0,-47.0
1776884997.8211029,-1.0,-3.0,-43.0
1776884997.8311028,-1.0,-2.0,-45.0
1776884997.8411028,-2.0,-1.0,-39.0
1776884997.8511028,-1.0,-2.0,-40.0
1776884997.8611028,-3.0,-1.0,-38.0
1776884997.8711028,1.0,1.0,-38.0
1776884997.8811028,0.0,3.0,-40.0
1776884997.8911028,0.0,1.0,-41.0
1776884997.9011028,1.0,0.0,-39.0
1776884997.9111028,-1.0,3.0,-37.0
1776884997.9211028,1.0,5.0,-41.0
1776884997.9311028,2.0,1.0,-43.0
1776884997.9411027,1.0,2.0,-45.0
1776884997.9511027,-4.0,-1.0,-51.0
1776884997.9611027,-4.0,-2.0,-51.0
1776884997.9711027,-1.0,-2.0,-47.0
1776884997.9811027,0.0,-3.0,-48.0
1776884997.9911027,-3.0,-2.0,-42.0
1776884998.0011027,-6.0,0.0,-40.0
1776884998.011103,-3.0,0.0,-42.0
1776884998.021103,0.0,0.0,-37.0
1776884998.031103,-2.0,1.0,-42.0
1776884998.0411026,-1.0,3.0,-48.0
1776884998.0511026,-3.0,2.0,-42.0
1776884998.0611026,3.0,2.0,-46.0
1776884998.0711029,0.0,-5.0,-53.0
1776884998.0811028,0.0,-5.0,-48.0
1776884998.0911028,-3.0,-6.0,-47.0
1776884998.1011028,-5.0,-2.0,-52.0
1776884998.1111028,-8.0,1.0,-51.0
1776884998.1211028,-7.0,0.0,-53.0
1776884998.1311028,-2.0,0.0,-44.0
1776884998.1411028,-5.0,0.0,-50.0
1776884998.1511028,0.0,2.0,-52.0
1776884998.1611028,-2.0,0.0,-54.0
1776884998.1711028,-4.0,1.0,-50.0
1776884998.1811028,-4.0,0.0,-42.0
1776884998.1911027,0.0,0.0,-49.0
1776884998.2011027,-2.0,6.0,-46.0
1776884998.2111027,-1.0,8.0,-49.0
1776884998.2211027,-3.0,4.0,-48.0
1776884998.2311027,0.0,2.0,-44.0
1776884998.2411027,0.0,2.0,-42.0
1776884998.2511027,3.0,0.0,-40.0
1776884998.261103,2.0,-2.0,-42.0
1776884998.271103,1.0,0.0,-42.0
1776884998.281103,-1.0,-1.0,-44.0
1776884998.2911026,4.0,-7.0,-43.0
1776884998.3011026,1.0,-5.0,-40.0
1776884998.3111026,3.0,-7.0,-48.0
1776884998.3211029,3.0,-5.0,-48.0
1776884998.3311028,2.0,-5.0,-45.0
1776884998.3411028,-1.0,-2.0,-49.0
1776884998.3511028,-1.0,-4.0,-47.0
1776884998.3621027,-2.0,-6.0,-43.0
1776884998.3721027,2.0,-4.0,-49.0
1776884998.3821027,1.0,1.0,-49.0
1776884998.3921027,-1.0,1.0,-44.0
1776884998.4021027,0.0,1.0,-39.0
1776884998.4121027,3.0,-2.0,-36.0
1776884998.4221027,5.0,-4.0,-34.0
1776884998.432103,4.0,0.0,-33.0
1776884998.442103,4.0,2.0,-32.0
1776884998.452103,2.0,5.0,-35.0
1776884998.462103,3.0,3.0,-38.0
1776884998.4721026,4.0,5.0,-37.0
1776884998.4821026,3.0,5.0,-44.0
1776884998.4921026,3.0,4.0,-43.0
1776884998.5021029,3.0,0.0,-37.0
1776884998.5121028,4.0,1.0,-32.0
1776884998.5221028,6.0,1.0,-30.0
1776884998.5321028,7.0,-2.0,-37.0
1776884998.5421028,5.0,-5.0,-44.0
1776884998.5521028,3.0,-5.0,-46.0
1776884998.5621028,7.0,-1.0,-43.0
1776884998.5721028,9.0,-5.0,-48.0
1776884998.5821028,5.0,-3.0,-48.0
1776884998.5921028,2.0,-1.0,-47.0
1776884998.6021028,3.0,0.0,-57.0
1776884998.6121027,1.0,-3.0,-60.0
1776884998.6221027,1.0,-3.0,-59.0
1776884998.6321027,3.0,4.0,-50.0
1776884998.6421027,6.0,3.0,-54.0
1776884998.6521027,8.0,1.0,-56.0
1776884998.6621027,8.0,1.0,-57.0
1776884998.6721027,9.0,1.0,-58.0
1776884998.682103,5.0,2.0,-54.0
1776884998.692103,8.0,4.0,-47.0
1776884998.702103,12.0,0.0,-47.0
1776884998.712103,15.0,-3.0,-55.0
1776884998.7221026,13.0,-1.0,-56.0
1776884998.7321026,11.0,2.0,-57.0
1776884998.7421026,9.0,0.0,-52.0
1776884998.7521029,10.0,0.0,-53.0
1776884998.7621028,6.0,0.0,-56.0
1776884998.7721028,3.0,-4.0,-50.0
1776884998.7821028,1.0,-2.0,-44.0
1776884998.7921028,-1.0,-3.0,-40.0
1776884998.8021028,0.0,-3.0,-35.0
1776884998.8121028,3.0,-4.0,-29.0
1776884998.8221028,0.0,-4.0,-29.0
1776884998.8321028,-1.0,-5.0,-30.0
1776884998.8421028,0.0,-6.0,-31.0
1776884998.8521028,2.0,-5.0,-30.0
1776884998.8621027,7.0,-3.0,-36.0
1776884998.8721027,7.0,-4.0,-35.0
1776884998.8821027,4.0,-4.0,-37.0
1776884998.8921027,2.0,-3.0,-38.0
1776884998.9021027,0.0,0.0,-34.0
1776884998.9121027,-4.0,0.0,-37.0
1776884998.9221027,-5.0,1.0,-42.0
1776884998.932103,0.0,6.0,-42.0
1776884998.942103,3.0,6.0,-37.0
1776884998.952103,4.0,1.0,-38.0
1776884998.962103,4.0,0.0,-32.0
1776884998.9721026,4.0,5.0,-34.0
1776884998.9821026,0.0,4.0,-39.0
1776884998.9921026,0.0,2.0,-40.0
1776884999.0021029,3.0,5.0,-39.0
1776884999.0121028,0.0,2.0,-40.0
1776884999.0221028,-1.0,2.0,-40.0
1776884999.0321028,1.0,3.0,-40.0
1776884999.0421028,-3.0,5.0,-46.0
1776884999.0521028,-3.0,2.0,-39.0
1776884999.0621028,1.0,1.0,-34.0
1776884999.0721028,5.0,0.0,-38.0
1776884999.0821028,5.0,0.0,-37.0
1776884999.0921028,3.0,1.0,-38.0
1776884999.1021028,0.0,-2.0,-41.0
1776884999.1121027,-1.0,-2.0,-38.0
1776884999.1221027,2.0,-3.0,-39.0
1776884999.1321027,1.0,-1.0,-43.0
1776884999.1421027,4.0,0.0,-48.0
1776884999.1521027,6.0,-1.0,-44.0
1776884999.1621027,7.0,-3.0,-48.0
1776884999.1721027,6.0,0.0,-50.0
1776884999.182103,0.0,3.0,-52.0
1776884999.192103,-3.0,1.0,-50.0
1776884999.202103,-2.0,-1.0,-54.0
1776884999.212103,-3.0,-3.0,-56.0
1776884999.2221026,1.0,-4.0,-53.0
1776884999.2321026,3.0,-5.0,-51.0
1776884999.2421026,3.0,-5.0,-50.0
1776884999.2521029,0.0,-7.0,-46.0
1776884999.2621028,0.0,-9.0,-42.0
1776884999.2721028,4.0,-10.0,-43.0
1776884999.2821028,3.0,-8.0,-44.0
1776884999.2921028,6.0,-7.0,-43.0
1776884999.3021028,5.0,-3.0,-44.0
1776884999.3121028,11.0,0.0,-46.0
1776884999.3221028,9.0,0.0,-47.0
1776884999.3321028,6.0,0.0,-45.0
1776884999.3421028,0.0,-2.0,-45.0
1776884999.3521028,-3.0,-3.0,-43.0
1776884999.3621027,-2.0,0.0,-40.0
1776884999.3721027,-1.0,1.0,-33.0
1776884999.3821027,-3.0,1.0,-36.0
1776884999.3921027,-3.0,0.0,-41.0
1776884999.4021027,-2.0,-3.0,-38.0
1776884999.4121027,-3.0,-4.0,-42.0
1776884999.4221027,-5.0,-2.0,-43.0
1776884999.432103,-8.0,0.0,-54.0
1776884999.442103,-9.0,3.0,-48.0
1776884999.452103,-1.0,3.0,-47.0
1776884999.462103,0.0,2.0,-51.0
1776884999.4721026,-2.0,1.0,-52.0
1776884999.4821026,-3.0,-1.0,-55.0
1776884999.4921026,-7.0,0.0,-51.0
1776884999.5021029,-7.0,0.0,-46.0
1776884999.5121028,-1.0,-2.0,-46.0
1776884999.5221028,-1.0,-2.0,-52.0
1776884999.5321028,-1.0,0.0,-48.0
1776884999.5421028,0.0,0.0,-43.0
1776884999.5521028,1.0,0.0,-40.0
1776884999.5621028,3.0,3.0,-36.0
1776884999.5721028,-1.0,3.0,-35.0
1776884999.5821028,-1.0,0.0,-27.0
1776884999.5921028,-4.0,-2.0,-29.0
1776884999.6021028,0.0,-5.0,-41.0
1776884999.6121027,-3.0,-4.0,-41.0
1776884999.6221027,-6.0,-2.0,-38.0
1776884999.6321027,-6.0,-5.0,-37.0
1776884999.6421027,-7.0,-3.0,-40.0
1776884999.6521027,-1.0,-2.0,-38.0
1776884999.6621027,0.0,-2.0,-39.0
1776884999.6721027,-1.0,-5.0,-41.0
1776884999.682103,-2.0,-5.0,-39.0
1776884999.692103,0.0,-5.0,-39.0
1776884999.702103,3.0,-8.0,-37.0
1776884999.712103,8.0,-11.0,-38.0
1776884999.7221026,6.0,-9.0,-36.0
1776884999.7321026,0.0,-8.0,-35.0
1776884999.7421026,-1.0,-5.0,-33.0
1776884999.7521029,-1.0,-4.0,-39.0
1776884999.7621028,-2.0,-1.0,-43.0
1776884999.7721028,-5.0,1.0,-43.0
1776884999.7821028,0.0,2.0,-38.0
1776884999.7921028,-2.0,0.0,-42.0
1776884999.8021028,-4.0,-2.0,-48.0
1776884999.8121028,-1.0,-2.0,-48.0
1776884999.8221028,0.0,-2.0,-46.0
1776884999.8321028,-1.0,-2.0,-41.0
1776884999.8421028,0.0,-4.0,-43.0
1776884999.8521028,0.0,-4.0,-40.0
1776884999.8621027,2.0,-1.0,-41.0
1776884999.8721027,0.0,1.0,-46.0
1776884999.8821027,2.0,1.0,-42.0
1776884999.8921027,1.0,3.0,-50.0
1776884999.9021027,3.0,3.0,-51.0
1776884999.9121027,1.0,0.0,-53.0
1776884999.9221027,3.0,1.0,-48.0
1776884999.932103,5.0,0.0,-52.0
1776884999.942103,3.0,-3.0,-45.0
1776884999.952103,3.0,-7.0,-41.0
1776884999.962103,2.0,-9.0,-41.0
1776884999.9721026,1.0,-12.0,-48.0
1776884999.9821026,-1.0,-8.0,-48.0
1776884999.9921026,-5.0,-5.0,-42.0
1776885000.0021029,-3.0,-4.0,-39.0
1776885000.0121028,-2.0,-3.0,-40.0
1776885000.0221028,-4.0,-8.0,-37.0
1776885000.0321028,-8.0,-6.0,-31.0
1776885000.0421028,-7.0,-9.0,-45.0
1776885000.0521028,-8.0,-7.0,-53.0
1776885000.0621028,-9.0,-6.0,-57.0
1776885000.0721028,-10.0,-3.0,-54.0
1776885000.0821028,-10.0,-3.0,-56.0
1776885000.0921028,-8.0,-6.0,-61.0
1776885000.1021028,-5.0,-6.0,-54.0
1776885000.1121027,-4.0,-4.0,-49.0
1776885000.1221027,-4.0,-6.0,-45.0
1776885000.1321027,-1.0,-7.0,-45.0
1776885000.1421027,-2.0,-5.0,-45.0
1776885000.1521027,-2.0,-5.0,-44.0
1776885000.1621027,-4.0,-2.0,-43.0
1776885000.1721027,-5.0,0.0,-42.0
1776885000.182103,0.0,0.0,-41.0
1776885000.192103,0.0,0.0,-45.0
1776885000.202103,0.0,3.0,-45.0
1776885000.212103,0.0,7.0,-42.0
1776885000.2221026,0.0,6.0,-37.0
1776885000.2321026,2.0,1.0,-33.0
1776885000.2421026,4.0,0.0,-36.0
1776885000.2521029,8.0,0.0,-43.0
1776885000.2621028,3.0,-3.0,-49.0
1776885000.2721028,3.0,-1.0,-43.0
1776885000.2821028,0.0,2.0,-38.0
1776885000.2921028,0.0,3.0,-38.0
1776885000.3021028,1.0,1.0,-40.0
1776885000.3121028,3.0,0.0,-45.0
1776885000.3221028,4.0,0.0,-48.0
1776885000.3331027,2.0,1.0,-48.0
1776885000.3431027,-1.0,1.0,-47.0
1776885000.3531027,-1.0,-2.0,-43.0
1776885000.363103,-2.0,0.0,-43.0
1776885000.373103,0.0,-1.0,-48.0
1776885000.383103,-1.0,0.0,-52.0
1776885000.3931026,3.0,0.0,-43.0
1776885000.4031026,1.0,0.0,-38.0
1776885000.4131026,0.0,-2.0,-37.0
1776885000.4231029,1.0,-1.0,-35.0
1776885000.4331028,3.0,-2.0,-35.0
1776885000.4431028,2.0,-7.0,-36.0
1776885000.4531028,5.0,-8.0,-39.0
1776885000.4631028,8.0,-7.0,-45.0
1776885000.4731028,5.0,-8.0,-45.0
1776885000.4831028,3.0,-4.0,-44.0
1776885000.4931028,6.0,-1.0,-40.0
1776885000.5031028,1.0,6.0,-36.0
1776885000.5131028,0.0,1.0,-48.0
1776885000.5231028,-4.0,-1.0,-40.0
1776885000.5331028,-2.0,0.0,-31.0
1776885000.5431027,-3.0,-1.0,-29.0
1776885000.5531027,-3.0,-2.0,-37.0
1776885000.5631027,1.0,0.0,-38.0
1776885000.5731027,6.0,3.0,-45.0
1776885000.5831027,8.0,-1.0,-42.0
1776885000.5931027,1.0,-4.0,-44.0
1776885000.6031027,4.0,-8.0,-54.0
1776885000.613103,2.0,-8.0,-52.0
1776885000.623103,1.0,-9.0,-56.0
1776885000.633103,0.0,-7.0,-53.0
1776885000.6431026,1.0,-9.0,-52.0
1776885000.6531026,0.0,-7.0,-49.0
1776885000.6631026,1.0,-1.0,-46.0
1776885000.6731029,1.0,-1.0,-39.0
1776885000.6831028,0.0,-3.0,-41.0
1776885000.6931028,-2.0,-2.0,-43.0
1776885000.7031028,4.0,4.0,-43.0
1776885000.7131028,2.0,0.0,-40.0
1776885000.7231028,0.0,-4.0,-39.0
1776885000.7331028,-1.0,-3.0,-43.0
1776885000.7431028,-3.0,-4.0,-47.0
1776885000.7531028,-1.0,-4.0,-48.0
1776885000.7631028,0.0,-6.0,-50.0
1776885000.7731028,0.0,-4.0,-43.0
1776885000.7831028,0.0,-3.0,-44.0
1776885000.7931027,1.0,-4.0,-48.0
1776885000.8031027,6.0,-9.0,-43.0
1776885000.8131027,4.0,-9.0,-44.0
1776885000.8231027,0.0,-8.0,-43.0
1776885000.8331027,1.0,-7.0,-43.0
1776885000.8431027,-2.0,-4.0,-47.0
1776885000.8531027,-7.0,-5.0,-45.0
1776885000.863103,-6.0,-6.0,-46.0
1776885000.873103,-7.0,-7.0,-49.0
1776885000.883103,-10.0,-4.0,-51.0
1776885000.8931026,-8.0,-4.0,-52.0
1776885000.9031026,-3.0,-3.0,-48.0
1776885000.9131026,0.0,-4.0,-52.0
1776885000.9231029,3.0,-3.0,-44.0
1776885000.9331028,7.0,5.0,-48.0
1776885000.9431028,13.0,8.0,-45.0
1776885000.9531028,14.0,8.0,-43.0
1776885000.9631028,2.0,7.0,-52.0
1776885000.9731028,-4.0,7.0,-44.0
1776885000.9831028,0.0,5.0,-47.0
1776885000.9931028,0.0,4.0,-50.0
1776885001.0031028,0.0,5.0,-49.0
1776885001.0131028,-2.0,0.0,-50.0
1776885001.0231028,0.0,-1.0,-48.0
1776885001.0331028,0.0,-3.0,-43.0
1776885001.0431027,-3.0,-2.0,-41.0
1776885001.0531027,0.0,-2.0,-45.0
1776885001.0631027,0.0,-1.0,-42.0
1776885001.0731027,0.0,0.0,-41.0
1776885001.0831027,1.0,-2.0,-45.0
1776885001.0931027,1.0,-3.0,-48.0
1776885001.1031027,0.0,-4.0,-50.0
1776885001.113103,0.0,-1.0,-49.0
1776885001.123103,-3.0,-3.0,-54.0
1776885001.133103,0.0,-4.0,-48.0
1776885001.1431026,0.0,-8.0,-49.0
1776885001.1531026,0.0,-8.0,-43.0
1776885001.1631026,0.0,-5.0,-41.0
1776885001.1731029,-1.0,-3.0,-37.0
1776885001.1831028,0.0,-1.0,-34.0
1776885001.1931028,1.0,2.0,-30.0
1776885001.2031028,4.0,4.0,-27.0
1776885001.2131028,6.0,7.0,-32.0
1776885001.2231028,8.0,4.0,-35.0
1776885001.2331028,5.0,2.0,-42.0
1776885001.2431028,2.0,1.0,-48.0
1776885001.2531028,0.0,0.0,-51.0
1776885001.2631028,5.0,1.0,-51.0
1776885001.2731028,11.0,-3.0,-54.0
1776885001.2831028,10.0,-1.0,-52.0
1776885001.2931027,8.0,0.0,-57.0
1776885001.3031027,9.0,-4.0,-48.0
1776885001.3131027,10.0,-2.0,-48.0
1776885001.3231027,7.0,-5.0,-49.0
1776885001.3331027,3.0,-4.0,-50.0
1776885001.3431027,2.0,-6.0,-51.0
1776885001.3531027,3.0,-11.0,-49.0
1776885001.363103,1.0,-10.0,-50.0
1776885001.373103,1.0,-10.0,-46.0
1776885001.383103,1.0,-8.0,-46.0
1776885001.3931026,3.0,-2.0,-47.0
1776885001.4031026,0.0,-5.0,-46.0
1776885001.4131026,4.0,-6.0,-49.0
1776885001.4231029,7.0,-7.0,-48.0
1776885001.4331028,7.0,-10.0,-45.0
1776885001.4431028,7.0,-6.0,-39.0
1776885001.4531028,9.0,-2.0,-39.0
1776885001.4631028,10.0,-2.0,-39.0
1776885001.4731028,7.0,1.0,-40.0
1776885001.4831028,3.0,3.0,-39.0
1776885001.4931028,5.0,4.0,-40.0
1776885001.5031028,8.0,4.0,-41.0
1776885001.5131028,2.0,3.0,-38.0
1776885001.5231028,6.0,-1.0,-34.0
1776885001.5331028,3.0,2.0,-32.0
1776885001.5431027,6.0,3.0,-37.0
1776885001.5531027,7.0,2.0,-47.0
1776885001.5631027,5.0,0.0,-42.0
1776885001.5731027,5.0,-1.0,-43.0
1776885001.5831027,0.0,-3.0,-38.0
1776885001.5931027,-1.0,-7.0,-46.0
1776885001.6031027,0.0,-6.0,-42.0
1776885001.613103,1.0,-7.0,-47.0
1776885001.623103,-1.0,-4.0,-47.0
1776885001.633103,2.0,-1.0,-47.0
1776885001.6431026,3.0,-4.0,-46.0
1776885001.6531026,3.0,-4.0,-42.0
1776885001.6631026,3.0,-3.0,-37.0
1776885001.6731029,4.0,-5.0,-38.0
1776885001.6831028,3.0,-8.0,-42.0
1776885001.6931028,6.0,-9.0,-52.0
1776885001.7031028,8.0,-2.0,-54.0
1776885001.7131028,7.0,-2.0,-51.0
1776885001.7231028,6.0,-5.0,-51.0
1776885001.7331028,8.0,-1.0,-49.0
1776885001.7431028,4.0,0.0,-41.0
1776885001.7531028,6.0,0.0,-46.0
1776885001.7631028,6.0,0.0,-43.0
1776885001.7731028,8.0,0.0,-42.0
1776885001.7831028,5.0,-2.0,-38.0
1776885001.7931027,3.0,-1.0,-36.0
1776885001.8031027,4.0,-2.0,-42.0
1776885001.8131027,5.0,-5.0,-38.0
1776885001.8231027,4.0,-1.0,-36.0
1776885001.8331027,4.0,4.0,-25.0
1776885001.8431027,3.0,2.0,-29.0
1776885001.8531027,6.0,3.0,-31.0
1776885001.863103,8.0,0.0,-30.0
1776885001.873103,9.0,-4.0,-32.0
1776885001.883103,6.0,-7.0,-30.0
1776885001.8931026,2.0,-5.0,-25.0
1776885001.9031026,2.0,-5.0,-29.0
1776885001.9131026,0.0,-8.0,-31.0
1776885001.9231029,2.0,-3.0,-33.0
1776885001.9331028,1.0,-4.0,-38.0
1776885001.9431028,5.0,-2.0,-39.0
1776885001.9531028,4.0,-5.0,-41.0
1776885001.9631028,4.0,-3.0,-45.0
1776885001.9731028,2.0,-7.0,-49.0
1776885001.9831028,1.0,-6.0,-55.0
1776885001.9931028,7.0,-7.0,-60.0
1776885002.0031028,4.0,-5.0,-61.0
1776885002.0131028,0.0,-5.0,-59.0
1776885002.0231028,2.0,-5.0,-56.0
1776885002.0331028,0.0,-4.0,-55.0
1776885002.0431027,-2.0,-2.0,-56.0
1776885002.0531027,0.0,-4.0,-51.0
1776885002.0631027,0.0,-6.0,-47.0
1776885002.0731027,-1.0,-8.0,-47.0
1776885002.0831027,-3.0,-8.0,-50.0
1776885002.0931027,-5.0,-2.0,-53.0
1776885002.1031027,-5.0,0.0,-53.0
1776885002.113103,-3.0,-3.0,-52.0
1776885002.123103,-3.0,-3.0,-56.0
1776885002.133103,1.0,2.0,-62.0
1776885002.1431026,4.0,-3.0,-60.0
1776885002.1531026,6.0,0.0,-57.0
1776885002.1631026,6.0,-2.0,-55.0
1776885002.1731029,0.0,-2.0,-48.0
1776885002.1831028,-1.0,-4.0,-53.0
1776885002.1931028,-2.0,0.0,-52.0
1776885002.2031028,0.0,-4.0,-49.0
1776885002.2131028,-4.0,-3.0,-44.0
1776885002.2231028,-2.0,-3.0,-50.0
1776885002.2331028,2.0,-2.0,-44.0
1776885002.2431028,0.0,-4.0,-43.0
1776885002.2531028,-2.0,-6.0,-41.0
1776885002.2631028,0.0,-6.0,-34.0
1776885002.2731028,5.0,0.0,-37.0
1776885002.2831028,4.0,-4.0,-39.0
1776885002.2931027,-1.0,-2.0,-44.0
1776885002.3031027,-2.0,0.0,-42.0
1776885002.3131027,-4.0,0.0,-36.0
1776885002.3241026,-9.0,-4.0,-41.0
1776885002.3341026,-9.0,-7.0,-40.0
1776885002.3441026,-4.0,-4.0,-44.0
1776885002.3541028,-3.0,0.0,-43.0
1776885002.3641028,0.0,1.0,-34.0
1776885002.3741028,-3.0,2.0,-43.0
1776885002.3841028,-2.0,3.0,-50.0
1776885002.3941028,-5.0,4.0,-50.0
1776885002.4041028,-3.0,5.0,-52.0
1776885002.4141028,-4.0,1.0,-54.0
1776885002.4241028,-9.0,0.0,-56.0
1776885002.4341028,-11.0,-2.0,-48.0
1776885002.4441028,-7.0,-2.0,-42.0
1776885002.4541028,2.0,-1.0,-52.0
1776885002.4641027,2.0,0.0,-52.0
1776885002.4741027,1.0,-1.0,-57.0
1776885002.4841027,-1.0,3.0,-49.0
1776885002.4941027,-2.0,1.0,-56.0
1776885002.5041027,0.0,0.0,-53.0
1776885002.5141027,-3.0,-3.0,-49.0
1776885002.5241027,-7.0,-7.0,-49.0
1776885002.534103,-6.0,-3.0,-48.0
1776885002.544103,-5.0,0.0,-43.0
1776885002.554103,-3.0,0.0,-37.0
1776885002.5641026,-4.0,0.0,-43.0
1776885002.5741026,-7.0,1.0,-43.0
1776885002.5841026,-3.0,-1.0,-44.0
1776885002.5941026,-5.0,1.0,-48.0
1776885002.6041028,-4.0,0.0,-52.0
1776885002.6141028,-1.0,0.0,-57.0
1776885002.6241028,-4.0,2.0,-55.0
1776885002.6341028,-3.0,0.0,-54.0
1776885002.6441028,-6.0,0.0,-51.0
1776885002.6541028,1.0,0.0,-50.0
1776885002.6641028,0.0,-2.0,-45.0
1776885002.6741028,-1.0,-1.0,-42.0
1776885002.6841028,-3.0,1.0,-42.0
1776885002.6941028,-3.0,-2.0,-42.0
1776885002.7041028,-5.0,-4.0,-50.0
1776885002.7141027,0.0,-5.0,-58.0
1776885002.7241027,1.0,-4.0,-49.0
1776885002.7341027,0.0,-7.0,-47.0
1776885002.7441027,1.0,-6.0,-54.0
1776885002.7541027,2.0,0.0,-60.0
1776885002.7641027,0.0,-2.0,-64.0
1776885002.7741027,-5.0,0.0,-59.0
1776885002.784103,-3.0,0.0,-55.0
1776885002.794103,-3.0,-3.0,-55.0
1776885002.804103,-4.0,-5.0,-49.0
1776885002.8141026,0.0,-6.0,-51.0
1776885002.8241026,3.0,-3.0,-49.0
1776885002.8341026,8.0,-4.0,-57.0
1776885002.8441026,8.0,-4.0,-60.0
1776885002.8541028,8.0,-2.0,-57.0
1776885002.8641028,10.0,-4.0,-47.0
1776885002.8741028,7.0,-6.0,-42.0
1776885002.8841028,4.0,-11.0,-34.0
1776885002.8941028,3.0,-3.0,-38.0
1776885002.9041028,4.0,0.0,-50.0
1776885002.9141028,0.0,0.0,-48.0
1776885002.9241028,3.0,2.0,-40.0
1776885002.9341028,0.0,-1.0,-45.0
1776885002.9441028,0.0,1.0,-49.0
1776885002.9541028,2.0,2.0,-50.0
1776885002.9641027,1.0,0.0,-47.0
1776885002.9741027,-4.0,-4.0,-45.0
1776885002.9841027,0.0,-3.0,-45.0
1776885002.9941027,-3.0,-3.0,-54.0
1776885003.0041027,-1.0,0.0,-53.0
1776885003.0141027,0.0,0.0,-48.0
1776885003.0241027,0.0,-1.0,-45.0
1776885003.034103,2.0,-1.0,-45.0
1776885003.044103,5.0,-7.0,-48.0
1776885003.054103,6.0,-8.0,-47.0
1776885003.0641026,4.0,-6.0,-40.0
1776885003.0741026,0.0,-2.0,-43.0
1776885003.0841026,-6.0,-3.0,-47.0
1776885003.0941026,-9.0,-1.0,-49.0
1776885003.1041028,-5.0,-4.0,-46.0
1776885003.1141028,-1.0,-6.0,-42.0
1776885003.1241028,0.0,-5.0,-43.0
1776885003.1341028,1.0,-9.0,-47.0
1776885003.1441028,-1.0,-4.0,-47.0
1776885003.1541028,1.0,-5.0,-56.0
1776885003.1641028,4.0,-2.0,-57.0
1776885003.1741028,6.0,0.0,-47.0
1776885003.1841028,7.0,4.0,-45.0
1776885003.1941028,4.0,-1.0,-46.0
1776885003.2041028,-2.0,0.0,-44.0
1776885003.2141027,-2.0,0.0,-42.0
1776885003.2241027,-3.0,-2.0,-44.0
1776885003.2341027,-1.0,-4.0,-44.0
1776885003.2441027,-1.0,-5.0,-46.0
1776885003.2541027,3.0,-3.0,-46.0
1776885003.2641027,2.0,-4.0,-46.0
1776885003.2741027,2.0,-5.0,-49.0
1776885003.284103,0.0,-3.0,-49.0
1776885003.294103,1.0,-4.0,-46.0
1776885003.304103,5.0,-1.0,-47.0
1776885003.3141026,3.0,-2.0,-49.0
1776885003.3241026,3.0,-1.0,-55.0
1776885003.3341026,0.0,0.0,-52.0
1776885003.3441026,1.0,0.0,-50.0
1776885003.3541028,5.0,-3.0,-46.0
1776885003.3641028,9.0,-5.0,-50.0
1776885003.3741028,7.0,0.0,-47.0
1776885003.3841028,1.0,0.0,-46.0
1776885003.3941028,-1.0,1.0,-45.0
1776885003.4041028,-4.0,2.0,-49.0
1776885003.4141028,-4.0,-2.0,-49.0
1776885003.4241028,-2.0,0.0,-46.0
1776885003.4341028,-1.0,-3.0,-43.0
1776885003.4441028,1.0,-4.0,-37.0
1776885003.4541028,2.0,-5.0,-34.0
1776885003.4641027,-2.0,-4.0,-34.0
1776885003.4741027,-3.0,-6.0,-36.0
1776885003.4841027,-2.0,-1.0,-34.0
1776885003.4941027,-4.0,0.0,-31.0
1776885003.5041027,-3.0,0.0,-28.0
1776885003.5141027,0.0,4.0,-30.0
1776885003.5241027,2.0,7.0,-37.0
1776885003.534103,1.0,8.0,-41.0
1776885003.544103,1.0,9.0,-41.0
1776885003.554103,2.0,3.0,-40.0
1776885003.5641026,2.0,1.0,-49.0
1776885003.5741026,2.0,1.0,-45.0
1776885003.5841026,2.0,5.0,-34.0
1776885003.5941026,1.0,1.0,-39.0
1776885003.6041028,2.0,1.0,-45.0
1776885003.6141028,1.0,2.0,-46.0
1776885003.6241028,7.0,0.0,-43.0
1776885003.6341028,8.0,0.0,-41.0
1776885003.6441028,7.0,2.0,-43.0
1776885003.6541028,8.0,0.0,-49.0
1776885003.6641028,5.0,-1.0,-52.0
1776885003.6741028,6.0,-6.0,-48.0
1776885003.6841028,7.0,-9.0,-53.0
1776885003.6941028,10.0,-10.0,-52.0
1776885003.7041028,6.0,-6.0,-53.0
1776885003.7141027,2.0,-7.0,-46.0
1776885003.7241027,2.0,-8.0,-45.0
1776885003.7341027,0.0,-3.0,-42.0
1776885003.7441027,2.0,1.0,-43.0
1776885003.7541027,0.0,2.0,-42.0
1776885003.7641027,0.0,5.0,-42.0
1776885003.7741027,0.0,4.0,-37.0
1776885003.784103,4.0,1.0,-39.0
1776885003.794103,5.0,0.0,-43.0
1776885003.804103,3.0,-4.0,-43.0
1776885003.8141026,2.0,-4.0,-42.0
1776885003.8241026,6.0,-5.0,-40.0
1776885003.8341026,5.0,-8.0,-46.0
1776885003.8441026,2.0,-8.0,-48.0
1776885003.8541028,1.0,-12.0,-43.0
1776885003.8641028,5.0,-12.0,-38.0
1776885003.8741028,1.0,-10.0,-39.0
1776885003.8841028,-1.0,-7.0,-39.0
1776885003.8941028,0.0,-7.0,-33.0
1776885003.9041028,3.0,-6.0,-35.0
1776885003.9141028,5.0,-6.0,-42.0
1776885003.9241028,2.0,-6.0,-43.0
1776885003.9341028,-2.0,-2.0,-42.0
1776885003.9441028,-5.0,-5.0,-44.0
1776885003.9541028,-1.0,-5.0,-44.0
1776885003.9641027,0.0,-2.0,-40.0
1776885003.9741027,-1.0,0.0,-33.0
1776885003.9841027,0.0,0.0,-32.0
1776885003.9941027,-2.0,-3.0,-32.0
1776885004.0041027,-1.0,-6.0,-35.0
1776885004.0141027,0.0,-6.0,-40.0
1776885004.0241027,4.0,-3.0,-41.0
1776885004.034103,5.0,0.0,-39.0
1776885004.044103,1.0,0.0,-41.0
1776885004.054103,0.0,3.0,-49.0
1776885004.0641026,5.0,3.0,-52.0
1776885004.0741026,7.0,7.0,-61.0
1776885004.0841026,5.0,4.0,-58.0
1776885004.0941026,4.0,1.0,-46.0
1776885004.1041028,1.0,-2.0,-46.0
1776885004.1141028,-1.0,0.0,-51.0
1776885004.1241028,-4.0,0.0,-51.0
1776885004.1341028,-2.0,1.0,-46.0
1776885004.1441028,0.0,-2.0,-45.0
1776885004.1541028,-2.0,-4.0,-51.0
1776885004.1641028,-1.0,0.0,-56.0
1776885004.1741028,-2.0,-2.0,-56.0
1776885004.1841028,0.0,-2.0,-54.0
1776885004.1941028,1.0,-2.0,-52.0
1776885004.2041028,-1.0,0.0,-46.0
1776885004.2141027,0.0,-5.0,-45.0
1776885004.2241027,-2.0,-10.0,-47.0
1776885004.2341027,-5.0,-5.0,-48.0
1776885004.2441027,-3.0,-1.0,-49.0
1776885004.2541027,1.0,-5.0,-44.0
1776885004.2641027,1.0,-5.0,-43.0
1776885004.2741027,0.0,-6.0,-50.0
1776885004.284103,0.0,-4.0,-49.0
1776885004.2951028,0.0,-4.0,-48.0
1776885004.3051028,4.0,-1.0,-46.0
1776885004.3151028,6.0,-2.0,-41.0
1776885004.3251028,2.0,-4.0,-45.0
1776885004.3351028,5.0,-4.0,-45.0
1776885004.3451028,3.0,-1.0,-45.0
1776885004.3551028,6.0,-1.0,-43.0
1776885004.3651028,7.0,-4.0,-51.0
1776885004.3751028,5.0,0.0,-54.0
1776885004.3851027,2.0,2.0,-56.0
1776885004.3951027,-1.0,1.0,-54.0
1776885004.4051027,-2.0,2.0,-57.0
1776885004.4151027,-6.0,0.0,-57.0
1776885004.4251027,-8.0,-1.0,-46.0
1776885004.4351027,-3.0,-2.0,-44.0
1776885004.4451027,0.0,-3.0,-42.0
1776885004.4551027,3.0,0.0,-42.0
1776885004.465103,0.0,1.0,-41.0
1776885004.475103,0.0,0.0,-47.0
1776885004.485103,1.0,0.0,-56.0
1776885004.4951026,1.0,-1.0,-49.0
1776885004.5051026,4.0,-2.0,-51.0
1776885004.5151026,6.0,-4.0,-49.0
1776885004.5251029,5.0,-2.0,-54.0
1776885004.5351028,6.0,0.0,-62.0
1776885004.5451028,5.0,0.0,-58.0
1776885004.5551028,8.0,3.0,-56.0
1776885004.5651028,7.0,0.0,-51.0
1776885004.5751028,2.0,-1.0,-50.0
1776885004.5851028,1.0,-3.0,-48.0
1776885004.5951028,3.0,-8.0,-44.0
1776885004.6051028,2.0,-9.0,-44.0
1776885004.6151028,2.0,-11.0,-40.0
1776885004.6251028,0.0,-9.0,-45.0
1776885004.6351027,4.0,-7.0,-50.0
1776885004.6451027,1.0,-7.0,-50.0
1776885004.6551027,-1.0,-6.0,-47.0
1776885004.6651027,1.0,1.0,-44.0
1776885004.6751027,1.0,2.0,-51.0
1776885004.6851027,2.0,1.0,-55.0
1776885004.6951027,4.0,0.0,-51.0
1776885004.7051027,2.0,0.0,-47.0
1776885004.715103,3.0,0.0,-46.0
1776885004.725103,7.0,-1.0,-49.0
1776885004.735103,7.0,-4.0,-52.0
1776885004.7451026,8.0,-5.0,-47.0
1776885004.7551026,8.0,-10.0,-46.0
1776885004.7651026,8.0,-10.0,-45.0
1776885004.7751029,5.0,-9.0,-47.0
1776885004.7851028,0.0,-3.0,-39.0
1776885004.7951028,1.0,1.0,-44.0
1776885004.8051028,2.0,0.0,-45.0
1776885004.8151028,0.0,-1.0,-50.0
1776885004.8251028,0.0,-1.0,-51.0
1776885004.8351028,1.0,-2.0,-50.0
1776885004.8451028,0.0,0.0,-54.0
1776885004.8551028,-2.0,1.0,-59.0
1776885004.8651028,-4.0,0.0,-58.0
1776885004.8751028,-6.0,-5.0,-53.0
1776885004.8851027,-4.0,-6.0,-52.0
1776885004.8951027,-6.0,-6.0,-55.0
1776885004.9051027,-4.0,-7.0,-51.0
1776885004.9151027,-6.0,-6.0,-51.0
1776885004.9251027,-5.0,-2.0,-52.0
1776885004.9351027,-7.0,-1.0,-44.0
1776885004.9451027,-3.0,2.0,-44.0
1776885004.9551027,0.0,0.0,-52.0
1776885004.965103,0.0,0.0,-51.0
1776885004.975103,1.0,-3.0,-49.0
1776885004.985103,0.0,-1.0,-44.0
1776885004.9951026,0.0,-5.0,-43.0
1776885005.0051026,0.0,-5.0,-46.0
1776885005.0151026,6.0,-6.0,-49.0
1776885005.0251029,0.0,-6.0,-46.0
1776885005.0351028,3.0,-8.0,-48.0
1776885005.0451028,4.0,-8.0,-51.0
1776885005.0551028,6.0,-4.0,-45.0
1776885005.0651028,3.0,-5.0,-45.0
1776885005.0751028,3.0,-1.0,-46.0
1776885005.0851028,3.0,-2.0,-48.0
1776885005.0951028,-3.0,0.0,-43.0
1776885005.1051028,-1.0,-3.0,-38.0
1776885005.1151028,-1.0,1.0,-45.0
1776885005.1251028,3.0,0.0,-40.0
1776885005.1351027,5.0,4.0,-35.0
1776885005.1451027,3.0,1.0,-47.0
1776885005.1551027,1.0,-3.0,-55.0
1776885005.1651027,2.0,-2.0,-54.0
1776885005.1751027,0.0,-2.0,-51.0
1776885005.1851027,0.0,2.0,-42.0
1776885005.1951027,-2.0,3.0,-37.0
1776885005.2051027,3.0,4.0,-39.0
1776885005.215103,4.0,1.0,-46.0
1776885005.225103,1.0,0.0,-43.0
1776885005.235103,0.0,-1.0,-36.0
1776885005.2451026,4.0,0.0,-43.0
1776885005.2551026,0.0,-1.0,-43.0
1776885005.2651026,-4.0,0.0,-45.0
1776885005.2751029,-2.0,-1.0,-48.0
1776885005.2851028,1.0,-2.0,-46.0
1776885005.2951028,1.0,1.0,-42.0
1776885005.3051028,4.0,1.0,-43.0
1776885005.3151028,4.0,0.0,-47.0
1776885005.3251028,4.0,0.0,-43.0
1776885005.3351028,7.0,-1.0,-41.0
1776885005.3451028,6.0,-3.0,-45.0
1776885005.3551028,0.0,-3.0,-53.0
1776885005.3651028,0.0,-5.0,-55.0
1776885005.3751028,-5.0,-5.0,-54.0
1776885005.3851027,-9.0,-6.0,-52.0
1776885005.3951027,-7.0,-5.0,-53.0
1776885005.4051027,-7.0,-3.0,-54.0
1776885005.4151027,-3.0,0.0,-49.0
1776885005.4251027,1.0,-1.0,-53.0
1776885005.4351027,2.0,-3.0,-52.0
1776885005.4451027,4.0,0.0,-45.0
1776885005.4551027,2.0,0.0,-43.0
1776885005.465103,2.0,-3.0,-49.0
1776885005.475103,4.0,-7.0,-47.0
1776885005.485103,1.0,-7.0,-50.0
1776885005.4951026,1.0,-8.0,-51.0
1776885005.5051026,2.0,-3.0,-49.0
1776885005.5151026,6.0,-4.0,-47.0
1776885005.5251029,5.0,-3.0,-50.0
1776885005.5351028,3.0,-3.0,-57.0
1776885005.5451028,3.0,-2.0,-52.0
1776885005.5551028,8.0,0.0,-40.0
1776885005.5651028,9.0,-1.0,-42.0
1776885005.5751028,8.0,0.0,-45.0
1776885005.5851028,4.0,-2.0,-43.0
1776885005.5951028,1.0,-4.0,-48.0
1776885005.6051028,0.0,-3.0,-53.0
1776885005.6151028,1.0,0.0,-55.0
1776885005.6251028,5.0,2.0,-55.0
1776885005.636103,5.0,0.0,-55.0
1776885005.6451027,8.0,-3.0,-55.0
1776885005.6551027,9.0,-1.0,-50.0
1776885005.6651027,7.0,-2.0,-52.0
1776885005.6751027,8.0,-3.0,-46.0
1776885005.6851027,7.0,-3.0,-47.0
1776885005.6951027,5.0,-1.0,-47.0
1776885005.7051027,-1.0,0.0,-45.0
1776885005.715103,0.0,0.0,-49.0
1776885005.725103,2.0,1.0,-49.0
1776885005.735103,3.0,0.0,-47.0
1776885005.7451026,0.0,0.0,-49.0
1776885005.7551026,0.0,-4.0,-46.0
1776885005.7651026,1.0,-2.0,-44.0
1776885005.7751029,2.0,0.0,-46.0
1776885005.7851028,2.0,-1.0,-48.0
1776885005.7951028,5.0,0.0,-57.0
1776885005.8051028,6.0,-4.0,-60.0
1776885005.8151028,2.0,-2.0,-55.0
1776885005.8251028,6.0,0.0,-56.0
1776885005.8351028,5.0,0.0,-54.0
1776885005.8451028,7.0,2.0,-50.0
1776885005.8551028,6.0,2.0,-51.0
1776885005.8651028,3.0,2.0,-48.0
1776885005.8751028,1.0,2.0,-45.0
1776885005.8851027,0.0,1.0,-44.0
1776885005.8951027,0.0,0.0,-43.0
1776885005.9051027,-1.0,1.0,-45.0
1776885005.9151027,-1.0,0.0,-42.0
1776885005.9251027,-3.0,-1.0,-44.0
1776885005.9351027,-5.0,-1.0,-43.0
1776885005.9451027,-3.0,0.0,-41.0
1776885005.9551027,-3.0,1.0,-40.0
1776885005.965103,-3.0,3.0,-43.0
1776885005.975103,0.0,2.0,-43.0
1776885005.985103,0.0,4.0,-38.0
1776885005.9951026,1.0,3.0,-38.0
1776885006.0051026,-3.0,2.0,-38.0
1776885006.0151026,-5.0,2.0,-38.0
1776885006.0251029,-6.0,-1.0,-39.0
1776885006.0351028,-8.0,-6.0,-40.0
1776885006.0451028,-6.0,-5.0,-34.0
1776885006.0551028,-7.0,-5.0,-33.0
1776885006.0651028,-9.0,-5.0,-41.0
1776885006.0751028,-2.0,-9.0,-43.0
1776885006.0851028,2.0,-11.0,-50.0
1776885006.0951028,-3.0,-9.0,-45.0
1776885006.1051028,-3.0,-5.0,-44.0
1776885006.1151028,-4.0,-3.0,-54.0
1776885006.1251028,-5.0,0.0,-54.0
1776885006.1351027,-3.0,-2.0,-54.0
1776885006.1451027,0.0,-2.0,-52.0
1776885006.1551027,2.0,-1.0,-49.0
1776885006.1651027,6.0,-1.0,-53.0
1776885006.1751027,5.0,0.0,-59.0
1776885006.1851027,6.0,0.0,-58.0
1776885006.1951027,8.0,-2.0,-62.0
1776885006.2051027,7.0,-2.0,-64.0
1776885006.215103,4.0,-3.0,-64.0
1776885006.225103,2.0,-3.0,-62.0
1776885006.235103,1.0,-2.0,-60.0
1776885006.2451026,-3.0,0.0,-56.0
1776885006.2561028,-5.0,0.0,-53.0
1776885006.2661028,-2.0,0.0,-51.0
1776885006.2761028,-1.0,0.0,-54.0
1776885006.2861028,0.0,-6.0,-50.0
1776885006.2961028,0.0,-8.0,-48.0
1776885006.3061028,-1.0,-11.0,-46.0
1776885006.3161027,-3.0,-10.0,-38.0
1776885006.3261027,0.0,-6.0,-36.0
1776885006.3361027,1.0,-2.0,-40.0
1776885006.3461027,3.0,0.0,-44.0
1776885006.3561027,4.0,2.0,-40.0
1776885006.3661027,4.0,0.0,-43.0
1776885006.3761027,0.0,-1.0,-50.0
1776885006.386103,2.0,-1.0,-48.0
1776885006.396103,3.0,-1.0,-39.0
1776885006.406103,1.0,-5.0,-39.0
1776885006.4161026,3.0,-8.0,-41.0
1776885006.4261026,0.0,-3.0,-36.0
1776885006.4361026,-2.0,-1.0,-39.0
1776885006.4461029,0.0,0.0,-43.0
1776885006.4561028,0.0,0.0,-46.0
1776885006.4661028,0.0,-4.0,-47.0
1776885006.4761028,3.0,0.0,-38.0
1776885006.4861028,1.0,-3.0,-38.0
1776885006.4961028,3.0,-1.0,-45.0
1776885006.5061028,3.0,-4.0,-45.0
1776885006.5161028,3.0,-5.0,-44.0
1776885006.5261028,2.0,-2.0,-51.0
1776885006.5361028,0.0,-4.0,-52.0
1776885006.5461028,0.0,-5.0,-55.0
1776885006.5561028,0.0,-5.0,-46.0
1776885006.5661027,4.0,-7.0,-46.0
1776885006.5761027,1.0,-6.0,-53.0
1776885006.5861027,-1.0,-2.0,-45.0
1776885006.5961027,-2.0,-1.0,-43.0
1776885006.6061027,-4.0,0.0,-40.0
1776885006.6161027,0.0,-2.0,-43.0
1776885006.6261027,0.0,-2.0,-39.0
1776885006.636103,2.0,-6.0,-41.0
1776885006.646103,4.0,-2.0,-38.0
1776885006.656103,2.0,-2.0,-43.0
1776885006.6661026,3.0,-3.0,-41.0
1776885006.6761026,3.0,-3.0,-46.0
1776885006.6861026,5.0,-2.0,-49.0
1776885006.6961029,6.0,-2.0,-50.0
1776885006.7061028,5.0,-2.0,-50.0
1776885006.7161028,3.0,-4.0,-48.0
1776885006.7261028,0.0,-5.0,-46.0
1776885006.7361028,0.0,-3.0,-45.0
1776885006.7461028,1.0,-4.0,-39.0
1776885006.7561028,0.0,-3.0,-40.0
1776885006.7661028,2.0,-5.0,-44.0
1776885006.7761028,4.0,-5.0,-49.0
1776885006.7861028,0.0,-8.0,-54.0
1776885006.7961028,0.0,-7.0,-48.0
1776885006.8061028,1.0,-6.0,-46.0
1776885006.817103,-2.0,-7.0,-46.0
1776885006.8261027,1.0,-11.0,-45.0
1776885006.8361027,6.0,-8.0,-51.0
1776885006.8461027,4.0,-1.0,-51.0
1776885006.8561027,7.0,0.0,-48.0
1776885006.8661027,7.0,-3.0,-46.0
1776885006.8761027,6.0,1.0,-35.0
1776885006.886103,3.0,0.0,-31.0
1776885006.896103,5.0,-5.0,-34.0
1776885006.906103,6.0,-12.0,-41.0
1776885006.9161026,4.0,-8.0,-45.0
1776885006.9261026,3.0,-8.0,-44.0
1776885006.9361026,0.0,-6.0,-44.0
1776885006.9461029,0.0,-4.0,-43.0
1776885006.9561028,2.0,-3.0,-45.0
1776885006.9661028,5.0,0.0,-44.0
1776885006.9761028,6.0,-1.0,-55.0
1776885006.9861028,4.0,-4.0,-59.0
1776885006.9961028,6.0,-5.0,-50.0
1776885007.0061028,10.0,-6.0,-43.0
1776885007.0161028,9.0,-4.0,-44.0
1776885007.0261028,5.0,0.0,-43.0
1776885007.0361028,1.0,-3.0,-36.0
1776885007.0461028,2.0,-4.0,-35.0
1776885007.0561028,2.0,-4.0,-34.0
1776885007.0661027,2.0,-6.0,-39.0
1776885007.0761027,5.0,-7.0,-40.0
1776885007.0861027,4.0,-8.0,-38.0
1776885007.0961027,4.0,-8.0,-35.0
1776885007.1061027,5.0,-7.0,-40.0
1776885007.1161027,0.0,-7.0,-42.0
1776885007.1261027,-3.0,-8.0,-40.0
1776885007.136103,-4.0,-8.0,-41.0
1776885007.146103,-4.0,-7.0,-33.0
1776885007.156103,-5.0,-3.0,-36.0
1776885007.1661026,-5.0,-3.0,-34.0
1776885007.1761026,-2.0,-1.0,-40.0
1776885007.1861026,-6.0,-3.0,-45.0
1776885007.1961029,-9.0,-6.0,-51.0
1776885007.2061028,-11.0,0.0,-54.0
1776885007.2161028,-15.0,0.0,-58.0
1776885007.2261028,-9.0,4.0,-59.0
1776885007.2361028,-4.0,1.0,-55.0
1776885007.2461028,-3.0,0.0,-44.0
1776885007.2561028,1.0,-4.0,-45.0
1776885007.2661028,-1.0,-2.0,-45.0
1776885007.2761028,-3.0,-5.0,-40.0
1776885007.2861028,-1.0,-4.0,-41.0
1776885007.2961028,-4.0,-4.0,-45.0
1776885007.3061028,-2.0,-4.0,-50.0
1776885007.3161027,-4.0,-3.0,-49.0
1776885007.3261027,-1.0,-3.0,-46.0
1776885007.3361027,-2.0,-2.0,-40.0
1776885007.3461027,-6.0,-4.0,-41.0
1776885007.3561027,-3.0,-4.0,-41.0
1776885007.3661027,-6.0,1.0,-45.0
1776885007.3761027,-8.0,0.0,-48.0
1776885007.386103,-11.0,0.0,-55.0
1776885007.396103,-6.0,1.0,-56.0
1776885007.406103,-1.0,1.0,-50.0
1776885007.4161026,0.0,1.0,-50.0
1776885007.4261026,-5.0,0.0,-53.0
1776885007.4361026,-5.0,-3.0,-55.0
1776885007.4461029,-3.0,-7.0,-55.0
1776885007.4561028,-2.0,-9.0,-48.0
1776885007.4661028,-5.0,-11.0,-53.0
1776885007.4761028,-7.0,-7.0,-55.0
1776885007.4861028,-6.0,-5.0,-58.0
1776885007.4961028,-5.0,-2.0,-56.0
1776885007.5061028,-1.0,-1.0,-55.0
1776885007.5161028,1.0,1.0,-58.0
1776885007.5261028,3.0,-2.0,-55.0
1776885007.5361028,2.0,-1.0,-50.0
1776885007.5461028,1.0,2.0,-56.0
1776885007.5561028,1.0,5.0,-57.0
1776885007.5661027,2.0,5.0,-50.0
1776885007.5761027,4.0,4.0,-43.0
1776885007.5861027,5.0,3.0,-43.0
1776885007.5961027,5.0,6.0,-46.0
1776885007.6061027,5.0,7.0,-56.0
1776885007.6161027,4.0,2.0,-59.0
1776885007.6261027,0.0,7.0,-61.0
1776885007.636103,0.0,1.0,-53.0
1776885007.646103,0.0,0.0,-53.0
1776885007.656103,-5.0,-2.0,-52.0
1776885007.6661026,-4.0,-2.0,-53.0
1776885007.6761026,-1.0,-3.0,-51.0
1776885007.6861026,2.0,-4.0,-46.0
1776885007.6961029,1.0,-5.0,-53.0
1776885007.7061028,-2.0,-5.0,-45.0
1776885007.7161028,-3.0,-7.0,-47.0
1776885007.7261028,0.0,-7.0,-43.0
1776885007.7361028,1.0,-3.0,-36.0
1776885007.7461028,5.0,-5.0,-33.0
1776885007.7561028,4.0,-5.0,-34.0
1776885007.7661028,3.0,-7.0,-42.0
1776885007.7761028,2.0,-11.0,-44.0
1776885007.7861028,4.0,-9.0,-46.0
1776885007.7961028,0.0,-6.0,-44.0
1776885007.8061028,0.0,-3.0,-39.0
1776885007.8161027,3.0,-2.0,-37.0
1776885007.8261027,3.0,0.0,-37.0
1776885007.8361027,2.0,0.0,-37.0
1776885007.8461027,0.0,0.0,-36.0
1776885007.8561027,-2.0,0.0,-34.0
1776885007.8661027,0.0,0.0,-41.0
1776885007.8761027,-2.0,2.0,-37.0
1776885007.886103,0.0,0.0,-37.0
1776885007.896103,0.0,0.0,-41.0
1776885007.906103,0.0,-4.0,-48.0
1776885007.9161026,1.0,-3.0,-48.0
1776885007.9261026,0.0,-3.0,-44.0
1776885007.9361026,-2.0,-3.0,-54.0
1776885007.9461029,0.0,-3.0,-58.0
1776885007.9561028,2.0,-5.0,-53.0
1776885007.9661028,3.0,-3.0,-55.0
1776885007.9761028,7.0,-6.0,-47.0
1776885007.9861028,9.0,-6.0,-52.0
1776885007.9961028,7.0,-6.0,-53.0
1776885008.0061028,9.0,-9.0,-57.0
1776885008.0161028,7.0,-5.0,-49.0
1776885008.0261028,1.0,-4.0,-51.0
1776885008.0361028,2.0,-3.0,-56.0
1776885008.0461028,7.0,-5.0,-51.0
1776885008.0561028,9.0,-5.0,-57.0
1776885008.0661027,11.0,-8.0,-51.0
1776885008.0761027,8.0,-5.0,-43.0
1776885008.0861027,5.0,-8.0,-39.0
1776885008.0961027,0.0,-3.0,-43.0
1776885008.1061027,-4.0,1.0,-45.0
1776885008.1161027,0.0,5.0,-37.0
1776885008.1261027,3.0,4.0,-42.0
1776885008.136103,-3.0,9.0,-41.0
1776885008.146103,-1.0,4.0,-46.0
1776885008.156103,0.0,4.0,-50.0
1776885008.1661026,-3.0,0.0,-51.0
1776885008.1761026,-2.0,-4.0,-46.0
1776885008.1861026,-6.0,-7.0,-49.0
1776885008.1961029,-6.0,-8.0,-47.0
1776885008.2061028,-8.0,-9.0,-42.0
1776885008.2161028,-8.0,-10.0,-50.0
1776885008.2271028,-11.0,-5.0,-49.0
1776885008.2371027,-4.0,-5.0,-50.0
1776885008.2471027,-6.0,-5.0,-52.0
1776885008.2571027,-4.0,-2.0,-56.0
1776885008.2671027,-7.0,-2.0,-53.0
1776885008.2771027,-2.0,-3.0,-45.0
1776885008.2871027,-4.0,-7.0,-48.0
1776885008.2971027,-8.0,-2.0,-46.0
1776885008.307103,-2.0,3.0,-41.0
1776885008.317103,-4.0,0.0,-39.0
1776885008.327103,-1.0,-2.0,-41.0
1776885008.337103,-3.0,-8.0,-44.0
1776885008.3471026,-4.0,-9.0,-43.0
1776885008.3571026,0.0,-3.0,-43.0
1776885008.3671026,3.0,-3.0,-53.0
1776885008.3771029,6.0,1.0,-52.0
1776885008.3871028,4.0,4.0,-45.0
1776885008.3971028,3.0,2.0,-50.0
1776885008.4071028,5.0,1.0,-53.0
1776885008.4171028,2.0,0.0,-46.0
1776885008.4271028,1.0,0.0,-46.0
1776885008.4371028,2.0,3.0,-46.0
1776885008.4471028,4.0,3.0,-46.0
1776885008.4571028,3.0,1.0,-43.0
1776885008.4671028,8.0,4.0,-32.0
1776885008.4771028,8.0,4.0,-32.0
1776885008.4871027,5.0,1.0,-36.0
1776885008.4971027,5.0,2.0,-40.0
1776885008.5071027,1.0,0.0,-42.0
1776885008.5171027,5.0,-2.0,-45.0
1776885008.5271027,10.0,-1.0,-44.0
1776885008.5371027,10.0,-6.0,-43.0
1776885008.5471027,7.0,-2.0,-46.0
1776885008.557103,7.0,0.0,-43.0
1776885008.567103,1.0,0.0,-43.0
1776885008.577103,4.0,-3.0,-44.0
1776885008.587103,1.0,-4.0,-49.0
1776885008.5971026,-1.0,0.0,-47.0
1776885008.6071026,2.0,3.0,-56.0
1776885008.6171026,2.0,3.0,-55.0
1776885008.6271029,1.0,4.0,-57.0
1776885008.6371028,6.0,0.0,-58.0
1776885008.6471028,5.0,-2.0,-58.0
1776885008.6571028,0.0,-1.0,-58.0
1776885008.6671028,0.0,-7.0,-62.0
1776885008.6771028,2.0,-9.0,-57.0
1776885008.6871028,1.0,-3.0,-54.0
1776885008.6971028,5.0,-2.0,-54.0
1776885008.7071028,3.0,-1.0,-49.0
1776885008.7171028,3.0,0.0,-46.0
1776885008.7271028,1.0,-6.0,-47.0
1776885008.7371027,1.0,-9.0,-51.0
1776885008.7471027,3.0,-6.0,-52.0
1776885008.7571027,3.0,-6.0,-51.0
1776885008.7671027,2.0,-4.0,-48.0
1776885008.7771027,1.0,0.0,-44.0
1776885008.7871027,-2.0,0.0,-43.0
1776885008.7971027,-5.0,0.0,-41.0
1776885008.807103,-8.0,2.0,-35.0
1776885008.817103,-6.0,2.0,-38.0
1776885008.827103,-6.0,1.0,-36.0
1776885008.837103,-6.0,0.0,-43.0
1776885008.8471026,-1.0,-2.0,-40.0
1776885008.8571026,1.0,-4.0,-40.0
1776885008.8671026,2.0,-4.0,-41.0
1776885008.8771029,1.0,1.0,-43.0
1776885008.8871028,5.0,0.0,-41.0
1776885008.8971028,8.0,3.0,-35.0
1776885008.9071028,7.0,2.0,-38.0
1776885008.9171028,1.0,3.0,-45.0
1776885008.9271028,3.0,2.0,-46.0
1776885008.9371028,8.0,4.0,-45.0
1776885008.9471028,8.0,2.0,-49.0
1776885008.9571028,4.0,3.0,-51.0
1776885008.9671028,3.0,5.0,-49.0
1776885008.9771028,4.0,1.0,-47.0
1776885008.9871027,6.0,4.0,-41.0
1776885008.9971027,8.0,3.0,-46.0
1776885009.0071027,9.0,2.0,-49.0
1776885009.0171027,7.0,3.0,-53.0
1776885009.0271027,6.0,4.0,-53.0
1776885009.0371027,8.0,1.0,-51.0
1776885009.0471027,8.0,0.0,-52.0
1776885009.057103,7.0,1.0,-51.0
1776885009.067103,1.0,1.0,-45.0
1776885009.077103,-2.0,-1.0,-46.0
1776885009.087103,-1.0,-1.0,-42.0
1776885009.0971026,-3.0,5.0,-43.0
1776885009.1071026,-5.0,1.0,-50.0
1776885009.1171026,-4.0,0.0,-51.0
1776885009.1271029,-4.0,0.0,-51.0
1776885009.1371028,-1.0,2.0,-51.0
1776885009.1471028,-3.0,1.0,-48.0
1776885009.1571028,3.0,2.0,-53.0
1776885009.1671028,3.0,2.0,-45.0
1776885009.1771028,3.0,0.0,-44.0
1776885009.1871028,2.0,0.0,-46.0
1776885009.1971028,9.0,1.0,-51.0
1776885009.2071028,5.0,1.0,-43.0
1776885009.2171028,6.0,0.0,-43.0
1776885009.2271028,7.0,-2.0,-34.0
1776885009.2371027,7.0,1.0,-33.0
1776885009.2471027,8.0,2.0,-39.0
1776885009.2571027,3.0,-2.0,-41.0
1776885009.2671027,2.0,-4.0,-40.0
1776885009.2771027,0.0,-4.0,-34.0
1776885009.2871027,-3.0,-4.0,-33.0
1776885009.2971027,0.0,0.0,-38.0
1776885009.307103,-4.0,3.0,-39.0
1776885009.317103,-2.0,0.0,-37.0
1776885009.327103,-4.0,-1.0,-42.0
1776885009.337103,-4.0,-1.0,-44.0
1776885009.3471026,-1.0,0.0,-49.0
1776885009.3571026,2.0,1.0,-53.0
1776885009.3671026,2.0,2.0,-48.0
1776885009.3771029,1.0,6.0,-55.0
1776885009.3871028,1.0,2.0,-52.0
1776885009.3971028,2.0,-4.0,-51.0
1776885009.4071028,0.0,-6.0,-54.0
1776885009.4171028,-1.0,-5.0,-57.0
1776885009.4271028,2.0,-3.0,-53.0
1776885009.4371028,4.0,-2.0,-49.0
1776885009.4471028,3.0,-4.0,-49.0
1776885009.4571028,1.0,-3.0,-58.0
1776885009.4671028,-1.0,-3.0,-55.0
1776885009.4771028,-2.0,-6.0,-57.0
1776885009.4871027,1.0,-6.0,-56.0
1776885009.4971027,3.0,-7.0,-52.0
1776885009.5071027,4.0,-8.0,-52.0
1776885009.5171027,6.0,-10.0,-49.0
1776885009.5271027,6.0,-4.0,-48.0
1776885009.5371027,4.0,-6.0,-51.0
1776885009.5471027,6.0,-7.0,-53.0
1776885009.557103,0.0,-9.0,-51.0
1776885009.567103,2.0,-7.0,-51.0
1776885009.577103,0.0,-7.0,-49.0
1776885009.587103,-3.0,-7.0,-44.0
1776885009.5971026,-6.0,-3.0,-46.0
1776885009.6071026,-3.0,-3.0,-52.0
1776885009.6171026,-1.0,-4.0,-52.0
1776885009.6271029,0.0,-5.0,-44.0
1776885009.6371028,0.0,-3.0,-50.0
1776885009.6471028,1.0,-1.0,-45.0
1776885009.6571028,1.0,0.0,-48.0
1776885009.6671028,0.0,-1.0,-47.0
1776885009.6771028,1.0,-1.0,-48.0
1776885009.6871028,7.0,-4.0,-42.0
1776885009.6971028,9.0,-4.0,-35.0
1776885009.7071028,11.0,0.0,-30.0
1776885009.7171028,5.0,-1.0,-33.0
1776885009.7271028,1.0,-3.0,-43.0
1776885009.7371027,1.0,-5.0,-44.0
1776885009.7471027,2.0,-4.0,-38.0
1776885009.7571027,1.0,-1.0,-36.0
1776885009.7671027,-1.0,-3.0,-41.0
1776885009.7771027,-2.0,-3.0,-42.0
1776885009.7871027,-3.0,-6.0,-51.0
1776885009.7971027,3.0,-8.0,-52.0
1776885009.807103,2.0,-9.0,-51.0
1776885009.817103,0.0,-10.0,-49.0
1776885009.827103,2.0,-8.0,-38.0
1776885009.837103,1.0,-2.0,-37.0
1776885009.8471026,3.0,-2.0,-40.0
1776885009.8571026,4.0,2.0,-38.0
1776885009.8671026,5.0,2.0,-44.0
1776885009.8771029,3.0,5.0,-47.0
1776885009.8871028,2.0,4.0,-50.0
1776885009.8971028,1.0,2.0,-47.0
1776885009.9071028,0.0,5.0,-50.0
1776885009.9171028,2.0,5.0,-54.0
1776885009.9271028,2.0,-1.0,-53.0
1776885009.9371028,0.0,-3.0,-53.0
1776885009.9471028,-4.0,-1.0,-61.0
1776885009.9571028,-6.0,-1.0,-64.0
1776885009.9671028,-2.0,1.0,-60.0
1776885009.9771028,-1.0,-1.0,-53.0
1776885009.9871027,1.0,-6.0,-44.0
1776885009.9971027,0.0,-11.0,-39.0
1776885010.0071027,-3.0,-7.0,-48.0
1776885010.0171027,-2.0,-1.0,-52.0
1776885010.0271027,-3.0,-3.0,-47.0
1776885010.0371027,-1.0,0.0,-49.0
1776885010.0471027,-6.0,0.0,-49.0
1776885010.057103,-4.0,1.0,-45.0
1776885010.067103,-2.0,2.0,-44.0
1776885010.077103,1.0,9.0,-48.0
1776885010.087103,2.0,8.0,-45.0
1776885010.0971026,5.0,4.0,-48.0
1776885010.1071026,11.0,4.0,-48.0
1776885010.1171026,5.0,1.0,-48.0
1776885010.1271029,6.0,-2.0,-49.0
1776885010.1371028,4.0,-1.0,-46.0
1776885010.1471028,6.0,2.0,-43.0
1776885010.1571028,6.0,-1.0,-44.0
1776885010.1671028,6.0,0.0,-49.0
1776885010.1771028,2.0,-2.0,-52.0
1776885010.1871028,3.0,-4.0,-49.0
1776885010.1971028,3.0,-4.0,-49.0
1776885010.2081027,3.0,-1.0,-47.0
1776885010.2171028,1.0,0.0,-43.0
1776885010.2281027,2.0,-4.0,-34.0
1776885010.238103,1.0,-3.0,-37.0
1776885010.248103,0.0,-5.0,-39.0
1776885010.258103,0.0,-6.0,-41.0
1776885010.2681026,0.0,-5.0,-37.0
1776885010.2781026,-4.0,-3.0,-29.0
1776885010.2881026,0.0,-3.0,-32.0
1776885010.2981029,0.0,-3.0,-39.0
1776885010.3081028,1.0,-4.0,-39.0
1776885010.3181028,0.0,-5.0,-44.0
1776885010.3281028,6.0,-4.0,-44.0
1776885010.3381028,12.0,-7.0,-48.0
1776885010.3481028,13.0,-9.0,-49.0
1776885010.3581028,10.0,-6.0,-49.0
1776885010.3681028,6.0,-6.0,-46.0
1776885010.3781028,7.0,-1.0,-48.0
1776885010.3881028,8.0,1.0,-49.0
1776885010.3981028,4.0,2.0,-52.0
1776885010.4081028,7.0,-1.0,-50.0
1776885010.4181027,7.0,-3.0,-51.0
1776885010.4281027,3.0,0.0,-55.0
1776885010.4381027,0.0,0.0,-58.0
1776885010.4481027,0.0,-2.0,-58.0
1776885010.4581027,1.0,-1.0,-56.0
1776885010.4681027,0.0,-3.0,-56.0
1776885010.4781027,0.0,0.0,-48.0
1776885010.488103,-3.0,0.0,-43.0
1776885010.498103,-2.0,-1.0,-41.0
1776885010.508103,-5.0,-3.0,-41.0
1776885010.5181026,-3.0,-6.0,-44.0
1776885010.5281026,0.0,-6.0,-45.0
1776885010.5381026,0.0,-5.0,-52.0
1776885010.5481029,-4.0,-2.0,-48.0
1776885010.5581028,1.0,0.0,-46.0
1776885010.5681028,0.0,-2.0,-42.0
1776885010.5781028,1.0,-2.0,-51.0
1776885010.5881028,-2.0,-4.0,-52.0
1776885010.5981028,-1.0,-4.0,-54.0
1776885010.6081028,0.0,-5.0,-52.0
1776885010.6181028,5.0,-8.0,-54.0
1776885010.6281028,0.0,-8.0,-53.0
1776885010.6381028,-4.0,-7.0,-51.0
1776885010.6481028,-4.0,-7.0,-45.0
1776885010.6581028,-6.0,-4.0,-53.0
1776885010.6681027,-1.0,-4.0,-50.0
1776885010.6781027,-3.0,-5.0,-47.0
1776885010.6881027,0.0,-11.0,-45.0
1776885010.6981027,5.0,-8.0,-43.0
1776885010.7081027,6.0,-5.0,-49.0
1776885010.7181027,6.0,-1.0,-50.0
1776885010.7281027,7.0,-1.0,-48.0
1776885010.738103,7.0,1.0,-49.0
1776885010.748103,6.0,0.0,-56.0
1776885010.758103,5.0,0.0,-58.0
1776885010.7681026,3.0,3.0,-55.0
1776885010.7781026,1.0,1.0,-52.0
1776885010.7881026,0.0,-2.0,-56.0
1776885010.7981029,3.0,-2.0,-53.0
1776885010.8081028,1.0,0.0,-48.0
1776885010.8181028,-3.0,-1.0,-41.0
1776885010.8281028,-2.0,-4.0,-46.0
1776885010.8381028,-5.0,-3.0,-53.0
1776885010.8481028,-5.0,-4.0,-53.0
1776885010.8581028,-4.0,-3.0,-49.0
1776885010.8681028,-5.0,0.0,-50.0
1776885010.8781028,-4.0,-4.0,-56.0
1776885010.8881028,-3.0,0.0,-48.0
1776885010.8981028,-2.0,0.0,-42.0
1776885010.9081028,0.0,0.0,-42.0
1776885010.9181027,7.0,4.0,-37.0
1776885010.9281027,8.0,7.0,-33.0
1776885010.9381027,6.0,4.0,-36.0
1776885010.9481027,0.0,0.0,-44.0
1776885010.9581027,-3.0,-1.0,-55.0
1776885010.9681027,-6.0,1.0,-50.0
1776885010.9781027,-3.0,3.0,-46.0
1776885010.988103,0.0,-5.0,-43.0
1776885010.998103,-1.0,-2.0,-37.0
1776885011.008103,-3.0,-1.0,-39.0
1776885011.0181026,-5.0,-3.0,-42.0
1776885011.0281026,-6.0,-4.0,-39.0
1776885011.0381026,-6.0,2.0,-38.0
1776885011.0481029,-5.0,4.0,-39.0
1776885011.0581028,-4.0,2.0,-40.0
1776885011.0681028,-5.0,1.0,-50.0
1776885011.0781028,-8.0,-2.0,-57.0
1776885011.0881028,-8.0,-2.0,-53.0
1776885011.0981028,-6.0,-5.0,-55.0
1776885011.1081028,-8.0,-6.0,-55.0
1776885011.1181028,-6.0,-7.0,-54.0
1776885011.1281028,-4.0,-6.0,-53.0
1776885011.1381028,-4.0,-8.0,-48.0
1776885011.1481028,-8.0,-5.0,-49.0
1776885011.1581028,-3.0,-5.0,-50.0
1776885011.1681027,-2.0,-3.0,-52.0
1776885011.1781027,-4.0,-4.0,-56.0
1776885011.1881027,-7.0,-5.0,-47.0
1776885011.1981027,-2.0,-3.0,-49.0
1776885011.2081027,1.0,-3.0,-56.0
1776885011.2181027,0.0,-2.0,-60.0
1776885011.2281027,-2.0,-1.0,-59.0
1776885011.238103,2.0,-2.0,-63.0
1776885011.248103,4.0,0.0,-61.0
1776885011.258103,3.0,2.0,-55.0
1776885011.2681026,7.0,4.0,-59.0
1776885011.2781026,10.0,5.0,-54.0
1776885011.2881026,6.0,5.0,-50.0
1776885011.2981029,8.0,3.0,-47.0
1776885011.3081028,6.0,1.0,-48.0
1776885011.3181028,3.0,0.0,-41.0
1776885011.3281028,4.0,0.0,-43.0
1776885011.3381028,6.0,4.0,-43.0
1776885011.3481028,5.0,4.0,-45.0
1776885011.3581028,-1.0,5.0,-44.0
1776885011.3681028,0.0,1.0,-41.0
1776885011.3781028,-1.0,0.0,-33.0
1776885011.3881028,-1.0,1.0,-35.0
1776885011.3981028,0.0,1.0,-33.0
1776885011.4081028,3.0,0.0,-30.0
1776885011.4181027,6.0,2.0,-38.0
1776885011.4281027,7.0,3.0,-41.0
1776885011.4381027,4.0,4.0,-46.0
1776885011.4481027,0.0,1.0,-47.0
1776885011.4581027,-2.0,3.0,-44.0
1776885011.4681027,2.0,4.0,-46.0
1776885011.4781027,5.0,2.0,-47.0
1776885011.488103,3.0,1.0,-51.0
1776885011.498103,0.0,1.0,-56.0
1776885011.508103,-5.0,3.0,-54.0
1776885011.5181026,-7.0,0.0,-47.0
1776885011.5281026,-10.0,1.0,-47.0
1776885011.5381026,-4.0,0.0,-41.0
1776885011.5481029,-2.0,0.0,-41.0
1776885011.5581028,-1.0,2.0,-43.0
1776885011.5681028,-3.0,0.0,-48.0
1776885011.5781028,-4.0,3.0,-49.0
1776885011.5881028,-2.0,1.0,-51.0
1776885011.5981028,-2.0,2.0,-49.0
1776885011.6081028,-4.0,1.0,-48.0
1776885011.6181028,-2.0,0.0,-48.0
1776885011.6281028,-2.0,-2.0,-48.0
1776885011.6381028,-3.0,1.0,-51.0
1776885011.6481028,-4.0,-1.0,-50.0
1776885011.6581028,-1.0,-2.0,-49.0
1776885011.6681027,3.0,-5.0,-50.0
1776885011.6781027,2.0,-7.0,-47.0
1776885011.6881027,-3.0,-2.0,-35.0
1776885011.6981027,-6.0,-3.0,-38.0
1776885011.7081027,-4.0,-3.0,-38.0
1776885011.7181027,-3.0,0.0,-37.0
1776885011.7281027,-2.0,3.0,-36.0
1776885011.738103,-4.0,6.0,-40.0
1776885011.748103,-12.0,9.0,-47.0
1776885011.758103,-10.0,6.0,-45.0
1776885011.7681026,-6.0,6.0,-42.0
1776885011.7781026,-3.0,5.0,-43.0
1776885011.7881026,-1.0,8.0,-44.0
1776885011.7981029,1.0,4.0,-40.0
1776885011.8081028,-2.0,6.0,-42.0
1776885011.8181028,0.0,0.0,-44.0
1776885011.8281028,-1.0,-3.0,-47.0
1776885011.8381028,3.0,0.0,-47.0
1776885011.8481028,4.0,0.0,-53.0
1776885011.8581028,4.0,-1.0,-46.0
1776885011.8681028,9.0,0.0,-38.0
1776885011.8781028,7.0,0.0,-38.0
1776885011.8881028,3.0,0.0,-44.0
1776885011.8981028,3.0,5.0,-51.0
1776885011.9081028,1.0,7.0,-42.0
1776885011.9181027,-3.0,3.0,-36.0
1776885011.9281027,-5.0,2.0,-42.0
1776885011.9381027,-5.0,3.0,-39.0
1776885011.9481027,0.0,2.0,-37.0
1776885011.9581027,-1.0,0.0,-40.0
1776885011.9681027,-4.0,-5.0,-45.0
1776885011.9781027,-2.0,-2.0,-44.0
1776885011.988103,2.0,-3.0,-43.0
1776885011.998103,3.0,-5.0,-37.0
1776885012.008103,5.0,-4.0,-42.0
1776885012.0181026,6.0,-4.0,-43.0
1776885012.0281026,4.0,-10.0,-43.0
1776885012.0381026,5.0,-7.0,-42.0
1776885012.0481029,5.0,-2.0,-44.0
1776885012.0581028,3.0,-1.0,-44.0
1776885012.0681028,1.0,-3.0,-44.0
1776885012.0781028,0.0,-2.0,-46.0
1776885012.0881028,2.0,-2.0,-46.0
1776885012.0981028,4.0,0.0,-45.0
1776885012.1081028,4.0,0.0,-42.0
1776885012.1181028,3.0,-5.0,-47.0
1776885012.1281028,1.0,-5.0,-38.0
1776885012.1381028,2.0,-7.0,-39.0
1776885012.1481028,4.0,-3.0,-42.0
1776885012.1581028,2.0,-1.0,-37.0
1776885012.1681027,7.0,0.0,-37.0
1776885012.1781027,7.0,0.0,-35.0
1776885012.1881027,8.0,-1.0,-37.0
1776885012.1991026,5.0,0.0,-41.0
1776885012.2091026,1.0,4.0,-42.0
1776885012.2191026,1.0,0.0,-39.0
1776885012.2291028,2.0,0.0,-36.0
1776885012.2391028,-1.0,0.0,-41.0
1776885012.2491028,-1.0,1.0,-47.0
1776885012.2591028,-3.0,5.0,-50.0
1776885012.2691028,-3.0,3.0,-58.0
1776885012.2791028,-1.0,5.0,-56.0
1776885012.2891028,2.0,10.0,-49.0
1776885012.2991028,-1.0,6.0,-48.0
1776885012.3091028,-2.0,0.0,-43.0
1776885012.3191028,-1.0,0.0,-42.0
1776885012.3291028,-1.0,0.0,-49.0
1776885012.3391027,-2.0,-1.0,-53.0
1776885012.3491027,-2.0,0.0,-50.0
1776885012.3591027,1.0,-2.0,-50.0
1776885012.3691027,3.0,-5.0,-56.0
1776885012.3791027,-2.0,-6.0,-54.0
1776885012.3891027,-4.0,-5.0,-55.0
1776885012.3991027,-5.0,-5.0,-51.0
1776885012.409103,-2.0,-1.0,-52.0
1776885012.419103,-3.0,-1.0,-52.0
1776885012.429103,0.0,-8.0,-54.0
1776885012.4391026,0.0,-5.0,-54.0
1776885012.4491026,2.0,-4.0,-54.0
1776885012.4591026,-1.0,-4.0,-52.0
1776885012.4691026,-5.0,-4.0,-45.0
1776885012.4791028,-6.0,1.0,-39.0
1776885012.4891028,-8.0,2.0,-42.0
1776885012.4991028,-8.0,4.0,-40.0
1776885012.5091028,-7.0,2.0,-35.0
1776885012.5191028,-5.0,-3.0,-49.0
1776885012.5291028,-4.0,-5.0,-46.0
1776885012.5391028,2.0,-1.0,-43.0
1776885012.5491028,1.0,2.0,-46.0
1776885012.5591028,-2.0,3.0,-45.0
1776885012.5691028,-2.0,3.0,-42.0
1776885012.5791028,-1.0,3.0,-36.0
1776885012.5891027,-2.0,0.0,-35.0
1776885012.5991027,-6.0,1.0,-34.0
1776885012.6091027,0.0,4.0,-38.0
1776885012.6191027,3.0,2.0,-42.0
1776885012.6291027,2.0,1.0,-42.0
1776885012.6391027,-3.0,5.0,-47.0
1776885012.6491027,-4.0,6.0,-45.0
1776885012.659103,-5.0,2.0,-48.0
1776885012.669103,1.0,3.0,-47.0
1776885012.679103,1.0,3.0,-51.0
1776885012.6891026,1.0,6.0,-41.0
1776885012.6991026,-5.0,2.0,-41.0
1776885012.7091026,-7.0,0.0,-40.0
1776885012.7191026,-9.0,1.0,-39.0
1776885012.7291028,-5.0,0.0,-36.0
1776885012.7391028,-7.0,-1.0,-40.0
1776885012.7491028,-8.0,-5.0,-40.0
1776885012.7591028,-2.0,-8.0,-46.0
1776885012.7691028,0.0,-10.0,-42.0
1776885012.7791028,-5.0,-10.0,-41.0
1776885012.7891028,0.0,-8.0,-39.0
1776885012.7991028,-1.0,-3.0,-42.0
1776885012.8091028,0.0,0.0,-39.0
1776885012.8191028,0.0,-3.0,-39.0
1776885012.8291028,-2.0,0.0,-40.0
1776885012.8391027,0.0,-1.0,-42.0
1776885012.8491027,-1.0,-1.0,-47.0
1776885012.8591027,-2.0,-1.0,-50.0
1776885012.8691027,-3.0,-2.0,-58.0
1776885012.8791027,-5.0,-2.0,-59.0
1776885012.8891027,-3.0,-4.0,-47.0
1776885012.8991027,0.0,-5.0,-45.0
1776885012.909103,1.0,-6.0,-44.0
1776885012.919103,3.0,-10.0,-44.0
1776885012.929103,4.0,-9.0,-48.0
1776885012.9391026,3.0,-6.0,-47.0
1776885012.9491026,4.0,-2.0,-45.0
1776885012.9591026,2.0,-2.0,-53.0
1776885012.9691026,1.0,-4.0,-47.0
1776885012.9791028,4.0,-5.0,-43.0
1776885012.9891028,6.0,-6.0,-42.0
1776885012.9991028,7.0,-5.0,-43.0
1776885013.0091028,6.0,-1.0,-42.0
1776885013.0191028,7.0,0.0,-46.0
1776885013.0291028,11.0,0.0,-38.0
1776885013.0391028,4.0,0.0,-34.0
1776885013.0491028,5.0,0.0,-41.0
1776885013.0591028,4.0,-4.0,-43.0
1776885013.0691028,3.0,-1.0,-43.0
1776885013.0791028,1.0,-5.0,-36.0
1776885013.0891027,0.0,-8.0,-34.0
1776885013.0991027,3.0,-10.0,-35.0
1776885013.1091027,0.0,-3.0,-38.0
1776885013.1191027,0.0,-7.0,-45.0
1776885013.1291027,0.0,-6.0,-43.0
1776885013.1391027,0.0,-4.0,-47.0
1776885013.1491027,-3.0,-5.0,-47.0
1776885013.159103,-3.0,-7.0,-40.0
1776885013.169103,-3.0,-7.0,-44.0
1776885013.179103,0.0,-4.0,-45.0
1776885013.1891026,1.0,-6.0,-41.0
1776885013.1991026,1.0,-5.0,-42.0
1776885013.2091026,3.0,-5.0,-41.0
1776885013.2191026,5.0,-2.0,-41.0
1776885013.2291028,3.0,0.0,-42.0
1776885013.2391028,-2.0,0.0,-40.0
1776885013.2491028,-2.0,0.0,-42.0
1776885013.2591028,0.0,0.0,-42.0
1776885013.2691028,-2.0,0.0,-47.0
1776885013.2791028,3.0,1.0,-40.0
1776885013.2891028,6.0,2.0,-44.0
1776885013.2991028,6.0,4.0,-50.0
1776885013.3091028,5.0,2.0,-47.0
1776885013.3191028,8.0,1.0,-46.0
1776885013.3291028,5.0,1.0,-50.0
1776885013.3391027,2.0,3.0,-50.0
1776885013.3491027,1.0,2.0,-50.0
1776885013.3591027,1.0,5.0,-46.0
1776885013.3691027,0.0,4.0,-44.0
1776885013.3791027,-1.0,2.0,-44.0
1776885013.3891027,0.0,0.0,-35.0
1776885013.3991027,1.0,-4.0,-35.0
1776885013.409103,4.0,0.0,-32.0
1776885013.419103,4.0,-3.0,-32.0
1776885013.429103,9.0,0.0,-38.0
1776885013.4391026,8.0,-2.0,-47.0
1776885013.4491026,7.0,0.0,-51.0
1776885013.4591026,4.0,0.0,-48.0
1776885013.4691026,3.0,1.0,-41.0
1776885013.4791028,3.0,1.0,-43.0
1776885013.4891028,1.0,3.0,-48.0
1776885013.4991028,0.0,3.0,-44.0
1776885013.5091028,-1.0,4.0,-42.0
1776885013.5191028,0.0,3.0,-49.0
1776885013.5291028,-3.0,1.0,-51.0
1776885013.5391028,-6.0,-2.0,-52.0
1776885013.5491028,-4.0,0.0,-52.0
1776885013.5591028,-3.0,3.0,-48.0
1776885013.5691028,-4.0,2.0,-41.0
1776885013.5791028,-3.0,2.0,-46.0
1776885013.5891027,0.0,1.0,-44.0
1776885013.5991027,-1.0,-2.0,-52.0
1776885013.6091027,0.0,0.0,-52.0
1776885013.6191027,-2.0,2.0,-49.0
1776885013.6291027,-3.0,0.0,-50.0
1776885013.6391027,-1.0,-2.0,-48.0
1776885013.6491027,1.0,-3.0,-48.0
1776885013.659103,0.0,-1.0,-46.0
1776885013.669103,-1.0,-5.0,-39.0
1776885013.679103,-1.0,-6.0,-43.0
1776885013.6891026,-2.0,-7.0,-47.0
1776885013.6991026,-8.0,-2.0,-48.0
1776885013.7091026,-7.0,2.0,-43.0
1776885013.7191026,-4.0,0.0,-47.0
1776885013.7291028,-3.0,-1.0,-51.0
1776885013.7391028,-1.0,-2.0,-52.0
1776885013.7491028,-2.0,-4.0,-45.0
1776885013.7591028,-2.0,-2.0,-40.0
1776885013.7691028,-6.0,-2.0,-41.0
1776885013.7791028,-2.0,-2.0,-40.0
1776885013.7891028,-1.0,0.0,-38.0
1776885013.7991028,1.0,0.0,-36.0
1776885013.8091028,4.0,-4.0,-35.0
1776885013.8191028,5.0,-5.0,-39.0
1776885013.8291028,4.0,-3.0,-42.0
1776885013.8391027,3.0,-4.0,-42.0
1776885013.8491027,3.0,-3.0,-43.0
1776885013.8591027,1.0,-2.0,-51.0
1776885013.8691027,1.0,-7.0,-46.0
1776885013.8791027,2.0,-4.0,-39.0
1776885013.8891027,7.0,-1.0,-36.0
1776885013.8991027,11.0,-2.0,-37.0
1776885013.909103,9.0,1.0,-38.0
1776885013.919103,5.0,-2.0,-41.0
1776885013.929103,3.0,-2.0,-45.0
1776885013.9391026,2.0,-5.0,-48.0
1776885013.9491026,-5.0,-3.0,-52.0
1776885013.9591026,-1.0,0.0,-59.0
1776885013.9691026,-1.0,-3.0,-56.0
1776885013.9791028,-3.0,-3.0,-53.0
1776885013.9891028,-4.0,-1.0,-60.0
1776885013.9991028,-3.0,-3.0,-56.0
1776885014.0091028,-4.0,0.0,-53.0
1776885014.0191028,-5.0,0.0,-41.0
1776885014.0291028,-5.0,0.0,-37.0
1776885014.0391028,-2.0,-2.0,-37.0
1776885014.0491028,-1.0,-3.0,-39.0
1776885014.0591028,0.0,-2.0,-41.0
1776885014.0691028,-5.0,0.0,-40.0
1776885014.0791028,-4.0,0.0,-44.0
1776885014.0891027,-4.0,0.0,-42.0
1776885014.0991027,-5.0,0.0,-43.0
1776885014.1091027,-8.0,2.0,-50.0
1776885014.1191027,-4.0,5.0,-58.0
1776885014.1291027,-3.0,7.0,-59.0
1776885014.1401026,-3.0,-1.0,-57.0
1776885014.1501029,-2.0,0.0,-55.0
1776885014.1601028,2.0,5.0,-48.0
1776885014.169103,9.0,4.0,-48.0
1776885014.1801028,7.0,3.0,-47.0
1776885014.1901028,7.0,4.0,-46.0
1776885014.2001028,11.0,6.0,-51.0
1776885014.2101028,8.0,1.0,-51.0
1776885014.2201028,11.0,0.0,-47.0
1776885014.2301028,7.0,0.0,-47.0
1776885014.2401028,4.0,-1.0,-47.0
1776885014.2501028,3.0,-6.0,-48.0
1776885014.2601027,0.0,-6.0,-50.0
1776885014.2691028,0.0,-1.0,-52.0
1776885014.2801027,-5.0,-1.0,-47.0
1776885014.2901027,-3.0,0.0,-52.0
1776885014.3001027,1.0,3.0,-53.0
1776885014.3101027,2.0,-2.0,-52.0
1776885014.3201027,2.0,-2.0,-47.0
1776885014.3301027,-1.0,-4.0,-45.0
1776885014.340103,-2.0,-4.0,-46.0
1776885014.350103,0.0,-1.0,-47.0
1776885014.360103,-1.0,1.0,-44.0
1776885014.3701026,-1.0,0.0,-38.0
1776885014.3801026,-5.0,0.0,-44.0
1776885014.3901026,-6.0,-3.0,-44.0
1776885014.4001029,-4.0,-2.0,-49.0
1776885014.4101028,-4.0,0.0,-52.0
1776885014.4201028,-3.0,0.0,-50.0
1776885014.4301028,-2.0,1.0,-51.0
1776885014.4401028,-2.0,-1.0,-53.0
1776885014.4501028,-2.0,1.0,-57.0
1776885014.4601028,-3.0,-2.0,-53.0
1776885014.4701028,-2.0,-5.0,-53.0
1776885014.4801028,-4.0,-3.0,-50.0
1776885014.4901028,-4.0,0.0,-55.0
1776885014.5001028,0.0,4.0,-55.0
1776885014.5101027,-1.0,2.0,-51.0
1776885014.5201027,0.0,2.0,-53.0
1776885014.5301027,1.0,1.0,-54.0
1776885014.5401027,-2.0,4.0,-54.0
1776885014.5501027,-2.0,8.0,-50.0
1776885014.5601027,0.0,7.0,-51.0
1776885014.5701027,0.0,4.0,-51.0
1776885014.5801027,0.0,0.0,-44.0
1776885014.590103,-1.0,-1.0,-38.0
1776885014.600103,-6.0,-2.0,-35.0
1776885014.610103,-7.0,0.0,-31.0
1776885014.6201026,-5.0,-3.0,-36.0
1776885014.6301026,-6.0,-1.0,-39.0
1776885014.6401026,0.0,0.0,-33.0
1776885014.6501029,2.0,-1.0,-35.0
1776885014.6601028,0.0,-3.0,-38.0
1776885014.6701028,0.0,-3.0,-40.0
1776885014.6801028,-1.0,-3.0,-43.0
1776885014.6901028,6.0,-6.0,-46.0
1776885014.7001028,3.0,-9.0,-50.0
1776885014.7101028,3.0,-10.0,-52.0
1776885014.7201028,3.0,-10.0,-49.0
1776885014.7301028,-2.0,-6.0,-52.0
1776885014.7401028,-8.0,-2.0,-55.0
1776885014.7501028,-8.0,0.0,-52.0
1776885014.7601027,-2.0,-3.0,-53.0
1776885014.7701027,1.0,-2.0,-46.0
1776885014.7801027,2.0,-3.0,-43.0
1776885014.7901027,1.0,-4.0,-50.0
1776885014.8001027,0.0,-9.0,-48.0
1776885014.8101027,1.0,-9.0,-45.0
1776885014.8201027,0.0,-10.0,-47.0
1776885014.8301027,2.0,-6.0,-49.0
1776885014.840103,1.0,-4.0,-45.0
1776885014.850103,0.0,-3.0,-48.0
1776885014.860103,6.0,-4.0,-46.0
1776885014.8701026,2.0,-6.0,-44.0
1776885014.8801026,0.0,-4.0,-42.0
1776885014.8901026,-1.0,-3.0,-42.0
1776885014.9001029,-1.0,-2.0,-44.0
1776885014.9101028,-2.0,0.0,-51.0
1776885014.9201028,-2.0,0.0,-53.0
1776885014.9301028,-5.0,-5.0,-58.0
1776885014.9401028,-2.0,-8.0,-59.0
1776885014.9501028,-1.0,-2.0,-58.0
1776885014.9601028,-5.0,-5.0,-51.0
1776885014.9701028,-1.0,-9.0,-46.0
1776885014.9801028,0.0,-6.0,-41.0
1776885014.9901028,1.0,0.0,-38.0
1776885015.0001028,1.0,-4.0,-40.0
1776885015.0101027,-2.0,-5.0,-48.0
1776885015.0201027,-4.0,-6.0,-47.0
1776885015.0301027,-8.0,-1.0,-51.0
1776885015.0401027,-5.0,0.0,-53.0
1776885015.0501027,-7.0,-2.0,-59.0
1776885015.0601027,-5.0,0.0,-53.0
1776885015.0701027,-6.0,-1.0,-58.0
1776885015.0801027,-9.0,-4.0,-60.0
1776885015.090103,-7.0,-4.0,-61.0
1776885015.100103,-11.0,-5.0,-55.0
1776885015.110103,-7.0,-2.0,-51.0
1776885015.1201026,-7.0,0.0,-48.0
1776885015.1301026,-8.0,0.0,-50.0
1776885015.1401026,-8.0,0.0,-49.0
1776885015.1501029,-5.0,1.0,-48.0
1776885015.1601028,-2.0,-2.0,-53.0
1776885015.1701028,3.0,-4.0,-53.0
1776885015.1801028,3.0,-6.0,-48.0
1776885015.1901028,5.0,-2.0,-39.0
1776885015.2001028,2.0,-3.0,-44.0
1776885015.2101028,-1.0,-4.0,-48.0
1776885015.2201028,-2.0,3.0,-46.0
1776885015.2301028,-1.0,2.0,-47.0
1776885015.2401028,-2.0,-3.0,-48.0
1776885015.2501028,-4.0,-3.0,-47.0
1776885015.2601027,-4.0,-1.0,-48.0
1776885015.2701027,-5.0,-1.0,-48.0
1776885015.2801027,-5.0,-1.0,-50.0
1776885015.2901027,0.0,2.0,-51.0
1776885015.3001027,2.0,5.0,-45.0
1776885015.3101027,-2.0,4.0,-47.0
1776885015.3201027,-1.0,4.0,-35.0
1776885015.3301027,-1.0,4.0,-39.0
1776885015.340103,-3.0,4.0,-40.0
1776885015.350103,-1.0,1.0,-37.0
1776885015.360103,1.0,2.0,-41.0
1776885015.3701026,0.0,0.0,-45.0
1776885015.3801026,1.0,0.0,-49.0
1776885015.3901026,6.0,1.0,-54.0
1776885015.4001029,-2.0,-2.0,-49.0
1776885015.4101028,-1.0,-5.0,-45.0
1776885015.4201028,2.0,-6.0,-44.0
1776885015.4301028,2.0,-1.0,-40.0
1776885015.4401028,3.0,1.0,-37.0
1776885015.4501028,0.0,0.0,-43.0
1776885015.4601028,-4.0,-2.0,-45.0
1776885015.4701028,-10.0,-6.0,-41.0
1776885015.4801028,-4.0,-9.0,-43.0
1776885015.4901028,-2.0,-8.0,-47.0
1776885015.5001028,-4.0,-8.0,-41.0
1776885015.5101027,-9.0,-7.0,-37.0
1776885015.5201027,-5.0,-5.0,-36.0
1776885015.5301027,-3.0,-4.0,-41.0
1776885015.5401027,-2.0,0.0,-38.0
1776885015.5501027,-4.0,0.0,-43.0
1776885015.5601027,-2.0,0.0,-41.0
1776885015.5701027,-1.0,2.0,-45.0
1776885015.5801027,-1.0,4.0,-48.0
1776885015.590103,3.0,-2.0,-51.0
1776885015.600103,4.0,-3.0,-49.0
1776885015.610103,8.0,-3.0,-44.0
1776885015.6201026,11.0,-5.0,-51.0
1776885015.6301026,6.0,-8.0,-49.0
1776885015.6401026,5.0,-10.0,-51.0
1776885015.6501029,0.0,-7.0,-47.0
1776885015.6601028,0.0,-7.0,-47.0
1776885015.6701028,3.0,-4.0,-50.0
1776885015.6801028,1.0,-3.0,-51.0
1776885015.6901028,4.0,-3.0,-44.0
1776885015.7001028,6.0,-3.0,-49.0
1776885015.7101028,5.0,-6.0,-58.0
1776885015.7201028,0.0,-7.0,-57.0
1776885015.7301028,-2.0,-3.0,-50.0
1776885015.7401028,0.0,-1.0,-46.0
1776885015.7501028,1.0,1.0,-42.0
1776885015.7601027,2.0,-2.0,-32.0
1776885015.7701027,3.0,-3.0,-40.0
1776885015.7801027,2.0,-2.0,-41.0
1776885015.7901027,0.0,-3.0,-47.0
1776885015.8001027,-1.0,-5.0,-50.0
1776885015.8101027,-2.0,-6.0,-54.0
1776885015.8201027,0.0,-7.0,-54.0
1776885015.8301027,0.0,-3.0,-46.0
1776885015.840103,6.0,1.0,-43.0
1776885015.850103,5.0,1.0,-40.0
1776885015.860103,6.0,1.0,-48.0
1776885015.8701026,6.0,0.0,-49.0
1776885015.8801026,3.0,-2.0,-47.0
1776885015.8901026,2.0,2.0,-44.0
1776885015.9001029,3.0,8.0,-42.0
1776885015.9101028,6.0,11.0,-44.0
1776885015.9201028,4.0,8.0,-38.0
1776885015.9311028,4.0,11.0,-40.0
1776885015.9401028,4.0,7.0,-36.0
1776885015.9501028,5.0,5.0,-33.0
1776885015.9601028,1.0,1.0,-33.0
1776885015.9701028,3.0,0.0,-40.0
1776885015.9801028,4.0,-1.0,-41.0
1776885015.9901028,3.0,0.0,-45.0
1776885016.0001028,1.0,-1.0,-44.0
1776885016.0101027,4.0,0.0,-43.0
1776885016.0201027,3.0,-1.0,-40.0
1776885016.0301027,4.0,1.0,-41.0
1776885016.0401027,1.0,4.0,-41.0
1776885016.0501027,0.0,3.0,-45.0
1776885016.0601027,-2.0,1.0,-48.0
1776885016.0701027,-6.0,1.0,-42.0
1776885016.0801027,-3.0,-1.0,-43.0
1776885016.090103,-3.0,-1.0,-44.0
1776885016.100103,-3.0,-3.0,-43.0
1776885016.110103,0.0,-5.0,-49.0
1776885016.1201026,0.0,-3.0,-52.0
1776885016.1311028,-3.0,-3.0,-50.0
1776885016.1411028,-2.0,-4.0,-49.0
1776885016.1511028,-4.0,-5.0,-51.0
1776885016.1611028,-2.0,-5.0,-54.0
1776885016.1711028,0.0,-5.0,-48.0
1776885016.1811028,0.0,-4.0,-47.0
1776885016.1911027,-3.0,0.0,-44.0
1776885016.2011027,-2.0,1.0,-42.0
1776885016.2111027,3.0,3.0,-42.0
1776885016.2211027,1.0,1.0,-40.0
1776885016.2311027,1.0,0.0,-39.0
1776885016.2411027,5.0,0.0,-40.0
1776885016.2511027,2.0,-1.0,-39.0
1776885016.261103,3.0,-2.0,-36.0
1776885016.271103,6.0,0.0,-36.0
1776885016.281103,5.0,0.0,-30.0
1776885016.2911026,4.0,-3.0,-36.0
1776885016.3011026,0.0,-2.0,-39.0
1776885016.3111026,0.0,-3.0,-44.0
1776885016.3211029,0.0,-2.0,-41.0
1776885016.3311028,-2.0,-1.0,-42.0
1776885016.3411028,-4.0,0.0,-40.0
1776885016.3511028,-4.0,0.0,-41.0
1776885016.3611028,2.0,1.0,-37.0
1776885016.3711028,1.0,1.0,-50.0
1776885016.3811028,0.0,-1.0,-61.0
1776885016.3911028,0.0,-5.0,-58.0
1776885016.4011028,3.0,-7.0,-59.0
1776885016.4111028,4.0,-4.0,-53.0
1776885016.4211028,2.0,-8.0,-47.0
1776885016.4311028,3.0,-6.0,-47.0
1776885016.4411027,2.0,-5.0,-46.0
1776885016.4511027,3.0,-7.0,-43.0
1776885016.4611027,-3.0,-3.0,-39.0
1776885016.4711027,-4.0,-2.0,-41.0
1776885016.4811027,1.0,0.0,-48.0
1776885016.4911027,2.0,-2.0,-48.0
1776885016.5011027,3.0,-3.0,-38.0
1776885016.511103,-1.0,-3.0,-42.0
1776885016.521103,-1.0,2.0,-48.0
1776885016.531103,0.0,1.0,-49.0
1776885016.5411026,1.0,0.0,-51.0
1776885016.5511026,0.0,-3.0,-47.0
1776885016.5611026,1.0,-3.0,-52.0
1776885016.5711029,1.0,-1.0,-50.0
1776885016.5811028,5.0,0.0,-49.0
1776885016.5911028,9.0,-2.0,-52.0
1776885016.6011028,11.0,0.0,-46.0
1776885016.6111028,10.0,-2.0,-45.0
1776885016.6211028,4.0,0.0,-45.0
1776885016.6311028,6.0,2.0,-48.0
1776885016.6411028,7.0,4.0,-53.0
1776885016.6511028,7.0,7.0,-53.0
1776885016.6611028,6.0,7.0,-51.0
1776885016.6711028,3.0,0.0,-51.0
1776885016.6811028,2.0,0.0,-42.0
1776885016.6911027,1.0,0.0,-43.0
1776885016.7011027,4.0,-4.0,-45.0
1776885016.7111027,3.0,-6.0,-38.0
1776885016.7211027,3.0,-6.0,-41.0
1776885016.7311027,7.0,-8.0,-39.0
1776885016.7411027,6.0,-5.0,-42.0
1776885016.7511027,3.0,-8.0,-45.0
1776885016.761103,1.0,-6.0,-48.0
1776885016.771103,2.0,-6.0,-45.0
1776885016.781103,-1.0,-4.0,-49.0
1776885016.7911026,0.0,-2.0,-51.0
1776885016.8011026,0.0,-2.0,-54.0
1776885016.8111026,-7.0,0.0,-54.0
1776885016.8211029,-10.0,-3.0,-53.0
1776885016.8311028,-3.0,2.0,-53.0
1776885016.8411028,-1.0,3.0,-51.0
1776885016.8511028,0.0,0.0,-51.0
1776885016.8611028,0.0,0.0,-50.0
1776885016.8711028,1.0,-2.0,-47.0
1776885016.8811028,1.0,-3.0,-45.0
1776885016.8911028,2.0,-5.0,-42.0
1776885016.9011028,4.0,0.0,-40.0
1776885016.9111028,10.0,-2.0,-40.0
1776885016.9211028,6.0,-3.0,-41.0
1776885016.9311028,9.0,0.0,-46.0
1776885016.9411027,12.0,2.0,-49.0
1776885016.9511027,6.0,1.0,-44.0
1776885016.9611027,3.0,-1.0,-43.0
1776885016.9711027,0.0,0.0,-50.0
1776885016.9811027,-2.0,0.0,-48.0
1776885016.9911027,-5.0,-1.0,-46.0
1776885017.0011027,-7.0,2.0,-44.0
1776885017.011103,-6.0,2.0,-46.0
1776885017.021103,-3.0,0.0,-47.0
1776885017.031103,-3.0,3.0,-53.0
1776885017.0411026,-2.0,2.0,-52.0
1776885017.0511026,-5.0,1.0,-49.0
1776885017.0611026,-5.0,-2.0,-46.0
1776885017.0711029,-9.0,2.0,-38.0
1776885017.0811028,-7.0,-1.0,-33.0
1776885017.0911028,-7.0,-3.0,-35.0
1776885017.1011028,-8.0,-1.0,-43.0
1776885017.1111028,-7.0,0.0,-47.0
1776885017.1211028,-7.0,2.0,-49.0
1776885017.1311028,-4.0,3.0,-47.0
1776885017.1411028,-3.0,3.0,-49.0
1776885017.1511028,-4.0,4.0,-51.0
1776885017.1611028,0.0,1.0,-46.0
1776885017.1711028,-2.0,2.0,-44.0
1776885017.1811028,-3.0,3.0,-43.0
1776885017.1911027,0.0,-3.0,-49.0
1776885017.2011027,-1.0,-7.0,-52.0
1776885017.2111027,2.0,-7.0,-51.0
1776885017.2211027,-2.0,-8.0,-54.0
1776885017.2311027,0.0,-9.0,-58.0
1776885017.2411027,2.0,-7.0,-52.0
1776885017.2511027,0.0,-8.0,-51.0
1776885017.261103,-2.0,-8.0,-47.0
1776885017.271103,-4.0,-11.0,-44.0
1776885017.281103,-2.0,-11.0,-43.0
1776885017.2911026,3.0,-9.0,-43.0
1776885017.3011026,3.0,-10.0,-44.0
1776885017.3111026,0.0,-11.0,-43.0
1776885017.3211029,2.0,-11.0,-41.0
1776885017.3311028,7.0,-6.0,-44.0
1776885017.3411028,3.0,-7.0,-48.0
1776885017.3511028,2.0,-8.0,-51.0
1776885017.3611028,0.0,-11.0,-51.0
1776885017.3711028,-1.0,-9.0,-46.0
1776885017.3811028,-2.0,-10.0,-46.0
1776885017.3911028,-2.0,-12.0,-41.0
1776885017.4011028,-7.0,-10.0,-38.0
1776885017.4111028,-8.0,-7.0,-42.0
1776885017.4211028,-7.0,-3.0,-42.0
1776885017.4311028,0.0,-3.0,-40.0
1776885017.4411027,1.0,-2.0,-40.0
1776885017.4511027,3.0,0.0,-43.0
1776885017.4611027,2.0,-4.0,-41.0
1776885017.4711027,5.0,-2.0,-34.0
1776885017.4811027,6.0,-2.0,-31.0
1776885017.4911027,8.0,-4.0,-41.0
1776885017.5011027,3.0,-1.0,-43.0
1776885017.511103,1.0,-2.0,-42.0
1776885017.521103,0.0,-7.0,-48.0
1776885017.531103,3.0,-8.0,-50.0
1776885017.5411026,6.0,-2.0,-53.0
1776885017.5511026,4.0,-1.0,-49.0
1776885017.5611026,6.0,1.0,-47.0
1776885017.5711029,7.0,-3.0,-43.0
1776885017.5811028,3.0,-6.0,-51.0
1776885017.5911028,4.0,-4.0,-50.0
1776885017.6011028,2.0,-3.0,-53.0
1776885017.6111028,0.0,-1.0,-52.0
1776885017.6211028,-6.0,0.0,-47.0
1776885017.6311028,-8.0,3.0,-44.0
1776885017.6411028,-10.0,-1.0,-38.0
1776885017.6511028,-5.0,0.0,-38.0
1776885017.6611028,-3.0,3.0,-44.0
1776885017.6711028,2.0,4.0,-48.0
1776885017.6811028,3.0,8.0,-46.0
1776885017.6911027,6.0,8.0,-44.0
1776885017.7011027,4.0,10.0,-46.0
1776885017.7111027,4.0,5.0,-46.0
1776885017.7211027,5.0,-2.0,-47.0
1776885017.7311027,3.0,-1.0,-42.0
1776885017.7411027,1.0,-5.0,-53.0
1776885017.7511027,6.0,-3.0,-55.0
1776885017.761103,7.0,-7.0,-47.0
1776885017.771103,2.0,-7.0,-53.0
1776885017.781103,-1.0,-3.0,-46.0
1776885017.7911026,-1.0,-4.0,-46.0
1776885017.8011026,-1.0,-2.0,-41.0
1776885017.8111026,-2.0,0.0,-36.0
1776885017.8211029,0.0,0.0,-31.0
1776885017.8311028,0.0,2.0,-31.0
1776885017.8411028,-2.0,5.0,-36.0
1776885017.8511028,-1.0,2.0,-40.0
1776885017.8611028,-2.0,-1.0,-39.0
1776885017.8711028,-1.0,-7.0,-43.0
1776885017.8811028,2.0,-3.0,-42.0
1776885017.8911028,3.0,-2.0,-40.0
1776885017.9011028,2.0,0.0,-46.0
1776885017.9111028,0.0,1.0,-45.0
1776885017.9211028,0.0,1.0,-44.0
1776885017.9311028,2.0,2.0,-43.0
1776885017.9411027,2.0,4.0,-46.0
1776885017.9511027,3.0,3.0,-48.0
1776885017.9611027,2.0,3.0,-44.0
1776885017.9711027,-1.0,2.0,-46.0
1776885017.9811027,0.0,0.0,-45.0
1776885017.9911027,3.0,-2.0,-46.0
1776885018.0011027,2.0,-1.0,-48.0
1776885018.011103,2.0,0.0,-48.0
1776885018.021103,3.0,-2.0,-50.0
1776885018.031103,5.0,-3.0,-51.0
1776885018.0411026,0.0,0.0,-51.0
1776885018.0511026,6.0,2.0,-56.0
1776885018.0611026,5.0,-5.0,-57.0
1776885018.0711029,0.0,-7.0,-57.0
1776885018.0811028,-3.0,-2.0,-49.0
1776885018.0921028,-2.0,-3.0,-43.0
1776885018.1021028,-1.0,-5.0,-44.0
1776885018.1121027,-2.0,-5.0,-41.0
1776885018.1211028,-3.0,-2.0,-34.0
1776885018.1311028,-4.0,4.0,-32.0
1776885018.1421027,-2.0,1.0,-34.0
1776885018.1521027,-4.0,0.0,-40.0
1776885018.1621027,-2.0,3.0,-44.0
1776885018.1721027,-1.0,-1.0,-41.0
1776885018.182103,1.0,-3.0,-43.0
1776885018.192103,4.0,-4.0,-48.0
1776885018.202103,3.0,-1.0,-52.0
1776885018.212103,6.0,-3.0,-49.0
1776885018.2221026,9.0,-1.0,-51.0
1776885018.2321026,6.0,-1.0,-48.0
1776885018.2421026,7.0,-1.0,-52.0
1776885018.2521029,3.0,-2.0,-44.0
1776885018.2621028,-1.0,-1.0,-45.0
1776885018.2721028,-5.0,0.0,-48.0
1776885018.2821028,-5.0,0.0,-45.0
1776885018.2921028,1.0,-1.0,-44.0
1776885018.3021028,4.0,-1.0,-48.0
1776885018.3121028,3.0,1.0,-49.0
1776885018.3221028,-1.0,0.0,-48.0
1776885018.3321028,-2.0,1.0,-48.0
1776885018.3421028,-4.0,4.0,-45.0
1776885018.3521028,0.0,2.0,-48.0
1776885018.3621027,0.0,1.0,-46.0
1776885018.3721027,2.0,0.0,-48.0
1776885018.3821027,3.0,-1.0,-46.0
1776885018.3921027,1.0,3.0,-38.0
1776885018.4021027,-1.0,0.0,-36.0
1776885018.4121027,1.0,-1.0,-41.0
1776885018.4221027,0.0,-3.0,-46.0
1776885018.432103,1.0,-3.0,-53.0
1776885018.442103,3.0,-8.0,-56.0
1776885018.452103,5.0,-7.0,-52.0
1776885018.462103,3.0,-4.0,-55.0
1776885018.4721026,1.0,-5.0,-47.0
1776885018.4821026,0.0,-1.0,-47.0
1776885018.4921026,-2.0,0.0,-42.0
1776885018.5021029,-3.0,-1.0,-53.0
1776885018.5121028,-1.0,1.0,-46.0
1776885018.5221028,-1.0,4.0,-43.0
1776885018.5321028,1.0,7.0,-43.0
1776885018.5421028,2.0,8.0,-45.0
1776885018.5521028,4.0,8.0,-53.0
1776885018.5621028,5.0,2.0,-48.0
1776885018.5721028,5.0,0.0,-44.0
1776885018.5821028,4.0,-1.0,-45.0
1776885018.5921028,0.0,-1.0,-47.0
1776885018.6021028,-2.0,0.0,-44.0
1776885018.6121027,-5.0,-2.0,-42.0
1776885018.6221027,-1.0,-6.0,-49.0
1776885018.6321027,-1.0,-5.0,-51.0
1776885018.6421027,-2.0,-4.0,-49.0
1776885018.6521027,-3.0,0.0,-46.0
1776885018.6621027,-4.0,-3.0,-49.0
1776885018.6721027,-4.0,-1.0,-52.0
1776885018.682103,-4.0,3.0,-42.0
1776885018.692103,-4.0,7.0,-41.0
1776885018.702103,-4.0,11.0,-44.0
1776885018.712103,-7.0,12.0,-51.0
1776885018.7221026,-5.0,9.0,-50.0
1776885018.7321026,-6.0,7.0,-51.0
1776885018.7421026,-2.0,3.0,-48.0
1776885018.7521029,-4.0,7.0,-51.0
1776885018.7621028,-7.0,0.0,-45.0
1776885018.7721028,-3.0,1.0,-45.0
1776885018.7821028,0.0,3.0,-43.0
1776885018.7921028,1.0,3.0,-42.0
1776885018.8021028,1.0,0.0,-39.0
1776885018.8121028,0.0,0.0,-42.0
1776885018.8221028,-1.0,1.0,-50.0
1776885018.8321028,-2.0,4.0,-45.0
1776885018.8421028,-5.0,5.0,-44.0
1776885018.8521028,-3.0,3.0,-41.0
1776885018.8621027,-1.0,4.0,-40.0
1776885018.8721027,-2.0,5.0,-33.0
1776885018.8821027,-1.0,3.0,-36.0
1776885018.8921027,0.0,4.0,-45.0
1776885018.9021027,-4.0,2.0,-45.0
1776885018.9121027,-6.0,-1.0,-42.0
1776885018.9221027,-4.0,0.0,-47.0
1776885018.932103,-1.0,3.0,-44.0
1776885018.942103,1.0,-1.0,-46.0
1776885018.952103,0.0,0.0,-43.0
1776885018.962103,-2.0,-1.0,-42.0
1776885018.9721026,0.0,-1.0,-44.0
1776885018.9821026,4.0,-2.0,-36.0
1776885018.9921026,5.0,-3.0,-40.0
1776885019.0021029,6.0,-2.0,-45.0
1776885019.0121028,4.0,-1.0,-48.0
1776885019.0221028,6.0,-1.0,-50.0
1776885019.0321028,2.0,0.0,-43.0
1776885019.0421028,0.0,0.0,-46.0
1776885019.0521028,4.0,1.0,-46.0
1776885019.0621028,3.0,0.0,-44.0
1776885019.0721028,1.0,-1.0,-46.0
1776885019.0821028,0.0,-2.0,-41.0
1776885019.0921028,-1.0,-2.0,-45.0
1776885019.1021028,0.0,-5.0,-40.0
1776885019.1121027,5.0,-2.0,-47.0
1776885019.1221027,7.0,-1.0,-46.0
1776885019.1321027,3.0,-3.0,-48.0
1776885019.1421027,0.0,0.0,-44.0
1776885019.1521027,1.0,0.0,-41.0
1776885019.1621027,2.0,1.0,-40.0
1776885019.1721027,0.0,1.0,-40.0
1776885019.182103,-1.0,0.0,-45.0
1776885019.192103,1.0,0.0,-43.0
1776885019.202103,3.0,-2.0,-49.0
1776885019.212103,1.0,-2.0,-47.0
1776885019.2221026,0.0,0.0,-49.0
1776885019.2321026,0.0,3.0,-52.0
1776885019.2421026,1.0,3.0,-47.0
1776885019.2521029,-2.0,1.0,-43.0
1776885019.2621028,3.0,-1.0,-45.0
1776885019.2721028,8.0,-3.0,-48.0
1776885019.2821028,8.0,-4.0,-42.0
1776885019.2921028,5.0,-7.0,-41.0
1776885019.3021028,5.0,-4.0,-42.0
1776885019.3121028,2.0,-9.0,-42.0
1776885019.3221028,1.0,-10.0,-46.0
1776885019.3321028,2.0,-12.0,-46.0
1776885019.3421028,0.0,-13.0,-53.0
1776885019.3521028,-4.0,-12.0,-51.0
1776885019.3621027,-2.0,-8.0,-40.0
1776885019.3721027,0.0,-4.0,-38.0
1776885019.3821027,2.0,-5.0,-39.0
1776885019.3921027,9.0,-6.0,-44.0
1776885019.4021027,10.0,-4.0,-46.0
1776885019.4121027,7.0,-3.0,-45.0
1776885019.4221027,1.0,-1.0,-48.0
1776885019.432103,0.0,-1.0,-50.0
1776885019.442103,2.0,-6.0,-51.0
1776885019.452103,2.0,-6.0,-51.0
1776885019.462103,3.0,-4.0,-51.0
1776885019.4721026,5.0,-4.0,-49.0
1776885019.4821026,3.0,-1.0,-42.0
1776885019.4921026,1.0,-5.0,-44.0
1776885019.5021029,0.0,0.0,-50.0
1776885019.5121028,-1.0,-4.0,-44.0
1776885019.5221028,-2.0,0.0,-48.0
1776885019.5321028,1.0,-2.0,-46.0
1776885019.5421028,0.0,0.0,-43.0
1776885019.5521028,0.0,-1.0,-41.0
1776885019.5621028,1.0,-1.0,-37.0
1776885019.5721028,2.0,0.0,-37.0
1776885019.5821028,0.0,-2.0,-37.0
1776885019.5921028,2.0,0.0,-39.0
1776885019.6021028,0.0,-3.0,-44.0
1776885019.6121027,2.0,-2.0,-44.0
1776885019.6221027,2.0,-3.0,-46.0
1776885019.6321027,-3.0,-1.0,-39.0
1776885019.6421027,-3.0,1.0,-40.0
1776885019.6521027,-4.0,-4.0,-49.0
1776885019.6621027,-3.0,-6.0,-46.0
1776885019.6721027,0.0,-3.0,-43.0
1776885019.682103,-2.0,-1.0,-39.0
1776885019.692103,-4.0,0.0,-39.0
1776885019.702103,-4.0,0.0,-39.0
1776885019.712103,-5.0,-2.0,-37.0
1776885019.7221026,-3.0,-3.0,-33.0
1776885019.7321026,1.0,-3.0,-32.0
1776885019.7421026,2.0,-3.0,-29.0
1776885019.7521029,6.0,0.0,-27.0
1776885019.7621028,6.0,0.0,-29.0
1776885019.7721028,3.0,-1.0,-33.0
1776885019.7821028,0.0,-4.0,-44.0
1776885019.7921028,0.0,-1.0,-42.0
1776885019.8021028,-2.0,-4.0,-44.0
1776885019.8121028,-3.0,-7.0,-42.0
1776885019.8221028,-5.0,-5.0,-48.0
1776885019.8321028,-1.0,-6.0,-43.0
1776885019.8421028,-2.0,-5.0,-43.0
1776885019.8521028,-5.0,-3.0,-43.0
1776885019.8621027,-5.0,-2.0,-47.0
1776885019.8721027,0.0,-5.0,-43.0
1776885019.8821027,2.0,-4.0,-43.0
1776885019.8921027,6.0,-6.0,-37.0
1776885019.9021027,10.0,0.0,-35.0
1776885019.9121027,6.0,0.0,-38.0
1776885019.9221027,6.0,0.0,-40.0
1776885019.932103,9.0,0.0,-49.0
1776885019.942103,9.0,-3.0,-47.0
1776885019.952103,7.0,-4.0,-45.0
1776885019.962103,5.0,-3.0,-43.0
1776885019.9721026,2.0,-4.0,-41.0
1776885019.9821026,2.0,-4.0,-50.0
1776885019.9921026,5.0,-7.0,-49.0
1776885020.0021029,6.0,-7.0,-46.0
1776885020.0121028,5.0,-8.0,-39.0
1776885020.0221028,3.0,-11.0,-41.0
1776885020.0321028,0.0,-3.0,-37.0
1776885020.0421028,1.0,-5.0,-42.0
1776885020.0531027,0.0,-7.0,-39.0
1776885020.0621028,-3.0,-4.0,-44.0
1776885020.0731027,-1.0,-5.0,-42.0
1776885020.0821028,0.0,0.0,-46.0
1776885020.0931027,1.0,1.0,-39.0
1776885020.1031027,-3.0,2.0,-38.0
1776885020.113103,0.0,2.0,-40.0
1776885020.123103,-2.0,4.0,-40.0
1776885020.133103,-1.0,5.0,-48.0
1776885020.1431026,-4.0,3.0,-49.0
1776885020.1531026,-5.0,0.0,-47.0
1776885020.1631026,0.0,1.0,-43.0
1776885020.1731029,-5.0,-2.0,-47.0
1776885020.1831028,-7.0,-3.0,-52.0
1776885020.1931028,-3.0,-3.0,-52.0
1776885020.2031028,1.0,-4.0,-50.0
1776885020.2131028,-3.0,-5.0,-48.0
1776885020.2231028,-3.0,-5.0,-44.0
1776885020.2331028,-3.0,-6.0,-53.0
1776885020.2431028,-1.0,-8.0,-52.0
1776885020.2531028,1.0,-4.0,-53.0
1776885020.2631028,2.0,-3.0,-51.0
1776885020.2731028,1.0,-3.0,-46.0
1776885020.2831028,0.0,0.0,-46.0
1776885020.2931027,0.0,1.0,-50.0
1776885020.3031027,0.0,2.0,-46.0
1776885020.3131027,1.0,1.0,-48.0
1776885020.3231027,-2.0,-3.0,-53.0
1776885020.3331027,1.0,-2.0,-50.0
1776885020.3431027,0.0,1.0,-48.0
1776885020.3531027,0.0,2.0,-48.0
1776885020.363103,3.0,1.0,-46.0
1776885020.373103,3.0,3.0,-48.0
1776885020.383103,3.0,4.0,-54.0
1776885020.3931026,0.0,0.0,-54.0
1776885020.4031026,-1.0,-3.0,-55.0
1776885020.4131026,0.0,-3.0,-50.0
1776885020.4231029,0.0,-2.0,-44.0
1776885020.4331028,1.0,-1.0,-45.0
1776885020.4431028,0.0,0.0,-45.0
1776885020.4531028,0.0,0.0,-42.0
1776885020.4631028,-1.0,0.0,-39.0
1776885020.4731028,-1.0,3.0,-43.0
1776885020.4831028,-2.0,4.0,-49.0
1776885020.4931028,-1.0,2.0,-46.0
1776885020.5031028,-1.0,2.0,-47.0
1776885020.5131028,1.0,4.0,-40.0
1776885020.5231028,1.0,5.0,-38.0
1776885020.5331028,0.0,3.0,-40.0
1776885020.5431027,0.0,2.0,-33.0
1776885020.5531027,1.0,3.0,-34.0
1776885020.5631027,3.0,2.0,-41.0
1776885020.5731027,1.0,2.0,-47.0
1776885020.5831027,1.0,0.0,-55.0
1776885020.5931027,0.0,1.0,-49.0
1776885020.6031027,0.0,-2.0,-51.0
1776885020.613103,-3.0,-4.0,-47.0
1776885020.623103,-4.0,-5.0,-46.0
1776885020.633103,-1.0,-5.0,-45.0
1776885020.6431026,3.0,-4.0,-41.0
1776885020.6531026,3.0,-2.0,-43.0
1776885020.6631026,3.0,-4.0,-48.0
1776885020.6731029,3.0,-5.0,-47.0
1776885020.6831028,2.0,-2.0,-49.0
1776885020.6931028,2.0,-2.0,-42.0
1776885020.7031028,0.0,-1.0,-42.0
1776885020.7131028,-3.0,1.0,-45.0
1776885020.7231028,-1.0,8.0,-47.0
1776885020.7331028,0.0,5.0,-47.0
1776885020.7431028,0.0,3.0,-45.0
1776885020.7531028,2.0,4.0,-47.0
1776885020.7631028,0.0,2.0,-42.0
1776885020.7731028,0.0,0.0,-44.0
1776885020.7831028,0.0,-1.0,-42.0
1776885020.7931027,0.0,1.0,-35.0
1776885020.8031027,0.0,0.0,-38.0
1776885020.8131027,-2.0,1.0,-39.0
1776885020.8231027,-1.0,1.0,-36.0
1776885020.8331027,-5.0,1.0,-35.0
1776885020.8431027,-4.0,1.0,-37.0
1776885020.8531027,-4.0,0.0,-35.0
1776885020.863103,-2.0,3.0,-39.0
1776885020.873103,-3.0,-1.0,-40.0
1776885020.883103,-1.0,-3.0,-40.0
1776885020.8931026,2.0,-1.0,-46.0
1776885020.9031026,1.0,0.0,-48.0
1776885020.9131026,-1.0,-4.0,-47.0
1776885020.9231029,0.0,-4.0,-44.0
1776885020.9331028,-1.0,-3.0,-39.0
1776885020.9431028,1.0,-3.0,-38.0
1776885020.9531028,-1.0,-1.0,-44.0
1776885020.9631028,1.0,0.0,-46.0
1776885020.9731028,1.0,3.0,-39.0
1776885020.9831028,0.0,2.0,-42.0
1776885020.9931028,0.0,2.0,-44.0
1776885021.0031028,0.0,0.0,-49.0
1776885021.0131028,4.0,0.0,-48.0
1776885021.0231028,1.0,-2.0,-42.0
1776885021.0331028,0.0,-3.0,-40.0
1776885021.0431027,-2.0,-3.0,-38.0
1776885021.0531027,3.0,0.0,-39.0
1776885021.0631027,4.0,-5.0,-46.0
1776885021.0731027,-1.0,-6.0,-49.0
1776885021.0831027,-1.0,-6.0,-47.0
1776885021.0931027,1.0,-4.0,-42.0
1776885021.1031027,2.0,-5.0,-43.0
1776885021.113103,4.0,-7.0,-42.0
1776885021.123103,7.0,-7.0,-42.0
1776885021.133103,0.0,-5.0,-45.0
1776885021.1431026,-3.0,-3.0,-46.0
1776885021.1531026,1.0,-2.0,-44.0
1776885021.1631026,7.0,5.0,-42.0
1776885021.1731029,9.0,2.0,-46.0
1776885021.1831028,7.0,1.0,-47.0
1776885021.1931028,8.0,1.0,-48.0
1776885021.2031028,6.0,0.0,-53.0
1776885021.2131028,3.0,0.0,-54.0
1776885021.2231028,2.0,0.0,-56.0
1776885021.2331028,2.0,0.0,-59.0
1776885021.2431028,0.0,-2.0,-52.0
1776885021.2531028,-2.0,-4.0,-46.0
1776885021.2631028,-3.0,-7.0,-47.0
1776885021.2731028,0.0,-4.0,-45.0
1776885021.2831028,0.0,-8.0,-45.0
1776885021.2931027,0.0,-13.0,-44.0
1776885021.3031027,2.0,-14.0,-35.0
1776885021.3131027,-1.0,-8.0,-38.0
1776885021.3231027,-3.0,-4.0,-41.0
1776885021.3331027,-6.0,-3.0,-45.0
1776885021.3431027,-7.0,-6.0,-48.0
1776885021.3531027,-11.0,-3.0,-51.0
1776885021.363103,-14.0,-5.0,-53.0
1776885021.373103,-13.0,-6.0,-51.0
1776885021.383103,-9.0,-6.0,-48.0
1776885021.3931026,-6.0,-1.0,-44.0
1776885021.4031026,0.0,-3.0,-39.0
1776885021.4131026,1.0,-7.0,-32.0
1776885021.4231029,0.0,-7.0,-29.0
1776885021.4331028,-3.0,-7.0,-30.0
1776885021.4431028,-5.0,-7.0,-32.0
1776885021.4531028,-3.0,-4.0,-33.0
1776885021.4631028,-4.0,-5.0,-30.0
1776885021.4731028,-5.0,0.0,-34.0
1776885021.4831028,-6.0,-1.0,-37.0
1776885021.4931028,-1.0,-3.0,-40.0
1776885021.5031028,0.0,-3.0,-44.0
1776885021.5131028,1.0,-2.0,-43.0
1776885021.5231028,4.0,-3.0,-48.0
1776885021.5331028,6.0,0.0,-49.0
1776885021.5431027,4.0,1.0,-49.0
1776885021.5531027,7.0,-1.0,-50.0
1776885021.5631027,1.0,-4.0,-53.0
1776885021.5731027,0.0,-5.0,-45.0
1776885021.5831027,-5.0,-4.0,-44.0
1776885021.5931027,-2.0,-6.0,-42.0
1776885021.6031027,-2.0,-9.0,-38.0
1776885021.613103,-2.0,-7.0,-40.0
1776885021.623103,-2.0,-4.0,-41.0
1776885021.633103,1.0,-6.0,-36.0
1776885021.6431026,3.0,-5.0,-34.0
1776885021.6531026,9.0,-2.0,-39.0
1776885021.6631026,4.0,1.0,-34.0
1776885021.6731029,0.0,1.0,-38.0
1776885021.6831028,0.0,2.0,-34.0
1776885021.6931028,-1.0,-1.0,-36.0
1776885021.7031028,6.0,-1.0,-37.0
1776885021.7131028,8.0,0.0,-40.0
1776885021.7231028,4.0,0.0,-44.0
1776885021.7331028,-1.0,-3.0,-42.0
1776885021.7431028,-2.0,-3.0,-41.0
1776885021.7531028,6.0,-3.0,-41.0
1776885021.7631028,9.0,-6.0,-43.0
1776885021.7731028,4.0,-8.0,-46.0
1776885021.7831028,1.0,-3.0,-46.0
1776885021.7931027,1.0,-1.0,-49.0
1776885021.8031027,5.0,0.0,-59.0
1776885021.8131027,1.0,0.0,-51.0
1776885021.8231027,-3.0,-1.0,-48.0
1776885021.8331027,-1.0,0.0,-51.0
1776885021.8431027,0.0,-4.0,-51.0
1776885021.8531027,0.0,-4.0,-46.0
1776885021.863103,0.0,-6.0,-45.0
1776885021.873103,0.0,-8.0,-49.0
1776885021.883103,-1.0,-4.0,-47.0
1776885021.8931026,0.0,-3.0,-48.0
1776885021.9031026,5.0,-4.0,-48.0
1776885021.9131026,4.0,-5.0,-48.0
1776885021.9231029,3.0,-7.0,-43.0
1776885021.9331028,6.0,-7.0,-39.0
1776885021.9431028,6.0,-7.0,-40.0
1776885021.9531028,8.0,-5.0,-39.0
1776885021.9631028,8.0,-4.0,-34.0
1776885021.9731028,4.0,-2.0,-39.0
1776885021.9831028,6.0,-5.0,-43.0
1776885021.9931028,5.0,-6.0,-48.0
1776885022.0031028,6.0,-4.0,-46.0
1776885022.0131028,8.0,-3.0,-47.0
1776885022.0231028,4.0,0.0,-46.0
1776885022.0331028,1.0,0.0,-36.0
1776885022.0431027,0.0,-1.0,-37.0
1776885022.054103,4.0,-4.0,-43.0
1776885022.0641026,4.0,-3.0,-40.0
1776885022.0741026,5.0,0.0,-44.0
1776885022.0841026,1.0,0.0,-40.0
1776885022.0941026,1.0,-4.0,-41.0
1776885022.1041028,0.0,-2.0,-45.0
1776885022.1141028,4.0,0.0,-43.0
1776885022.1241028,2.0,-7.0,-39.0
1776885022.1341028,5.0,-6.0,-45.0
1776885022.1441028,3.0,-3.0,-47.0
1776885022.1541028,2.0,-1.0,-47.0
1776885022.1641028,7.0,-1.0,-53.0
1776885022.1741028,8.0,-2.0,-52.0
1776885022.1841028,9.0,0.0,-56.0
1776885022.1941028,6.0,0.0,-52.0
1776885022.2041028,6.0,0.0,-44.0
1776885022.2141027,3.0,2.0,-44.0
1776885022.2241027,1.0,0.0,-49.0
1776885022.2341027,0.0,0.0,-52.0
1776885022.2441027,-5.0,-4.0,-52.0
1776885022.2541027,-9.0,-5.0,-48.0
1776885022.2641027,-7.0,-3.0,-38.0
1776885022.2741027,-7.0,-2.0,-36.0
1776885022.284103,-6.0,-7.0,-38.0
1776885022.294103,0.0,-9.0,-31.0
1776885022.304103,0.0,-8.0,-36.0
1776885022.3141026,-1.0,-4.0,-35.0
1776885022.3241026,4.0,-4.0,-38.0
1776885022.3341026,3.0,-2.0,-38.0
1776885022.3441026,4.0,2.0,-40.0
1776885022.3541028,8.0,2.0,-38.0
1776885022.3641028,6.0,1.0,-32.0
1776885022.3741028,5.0,4.0,-32.0
1776885022.3841028,4.0,5.0,-34.0
1776885022.3941028,4.0,3.0,-42.0
1776885022.4041028,3.0,5.0,-41.0
1776885022.4141028,4.0,6.0,-42.0
1776885022.4241028,3.0,8.0,-50.0
1776885022.4341028,1.0,4.0,-40.0
1776885022.4441028,-2.0,5.0,-36.0
1776885022.4541028,-2.0,3.0,-38.0
1776885022.4641027,-3.0,1.0,-34.0
1776885022.4741027,-3.0,0.0,-30.0
1776885022.4841027,-6.0,-2.0,-31.0
1776885022.4941027,-5.0,-5.0,-29.0
1776885022.5041027,-10.0,-8.0,-27.0
1776885022.5141027,-7.0,-2.0,-36.0
1776885022.5241027,-6.0,2.0,-44.0
1776885022.534103,0.0,2.0,-44.0
1776885022.544103,-2.0,1.0,-45.0
1776885022.554103,0.0,2.0,-52.0
1776885022.5641026,2.0,-2.0,-53.0
1776885022.5741026,-2.0,2.0,-47.0
1776885022.5841026,-1.0,6.0,-44.0
1776885022.5941026,2.0,7.0,-47.0
1776885022.6041028,4.0,1.0,-49.0
1776885022.6141028,1.0,5.0,-50.0
1776885022.6241028,3.0,3.0,-54.0
1776885022.6341028,3.0,3.0,-48.0
1776885022.6441028,0.0,2.0,-46.0
1776885022.6541028,2.0,2.0,-39.0
1776885022.6641028,9.0,3.0,-40.0
1776885022.6741028,12.0,1.0,-41.0
1776885022.6841028,11.0,0.0,-41.0
1776885022.6941028,5.0,0.0,-45.0
1776885022.7041028,5.0,-2.0,-44.0
1776885022.7141027,4.0,-1.0,-41.0
1776885022.7241027,6.0,-2.0,-48.0
1776885022.7341027,6.0,-3.0,-51.0
1776885022.7441027,7.0,-3.0,-49.0
1776885022.7541027,5.0,-6.0,-51.0
1776885022.7641027,2.0,-8.0,-47.0
1776885022.7741027,0.0,-7.0,-41.0
1776885022.784103,0.0,-4.0,-38.0
1776885022.794103,5.0,-11.0,-37.0
1776885022.804103,2.0,-16.0,-38.0
1776885022.8141026,2.0,-15.0,-41.0
1776885022.8241026,1.0,-10.0,-47.0
1776885022.8341026,2.0,-5.0,-42.0
1776885022.8441026,2.0,-6.0,-46.0
1776885022.8541028,-3.0,-3.0,-45.0
1776885022.8641028,-7.0,1.0,-42.0
1776885022.8741028,-6.0,0.0,-46.0
1776885022.8841028,0.0,-4.0,-50.0
1776885022.8941028,1.0,-7.0,-51.0
1776885022.9041028,-3.0,-2.0,-49.0
1776885022.9141028,0.0,0.0,-47.0
1776885022.9241028,0.0,-3.0,-49.0
1776885022.9341028,-1.0,-6.0,-47.0
1776885022.9441028,-6.0,-2.0,-50.0
1776885022.9541028,-2.0,0.0,-50.0
1776885022.9641027,-2.0,0.0,-56.0
1776885022.9741027,-1.0,-4.0,-50.0
1776885022.9841027,-1.0,-3.0,-45.0
1776885022.9941027,0.0,-3.0,-46.0
1776885023.0041027,0.0,-4.0,-42.0
1776885023.0141027,-2.0,-3.0,-43.0
1776885023.0241027,-2.0,-5.0,-44.0
1776885023.034103,-6.0,-2.0,-35.0
1776885023.044103,-4.0,-2.0,-39.0
1776885023.054103,-3.0,-6.0,-46.0
1776885023.0641026,0.0,-4.0,-48.0
1776885023.0741026,-1.0,0.0,-48.0
1776885023.0841026,-4.0,0.0,-49.0
1776885023.0941026,0.0,5.0,-47.0
1776885023.1041028,0.0,5.0,-43.0
1776885023.1141028,0.0,2.0,-44.0
1776885023.1241028,-2.0,-1.0,-39.0
1776885023.1341028,-1.0,2.0,-37.0
1776885023.1441028,-4.0,0.0,-35.0
1776885023.1541028,-3.0,-1.0,-38.0
1776885023.1641028,2.0,0.0,-40.0
1776885023.1741028,-1.0,0.0,-44.0
1776885023.1841028,0.0,0.0,-54.0
1776885023.1941028,-2.0,0.0,-55.0
1776885023.2041028,0.0,0.0,-55.0
1776885023.2141027,1.0,1.0,-52.0
1776885023.2241027,2.0,3.0,-48.0
1776885023.2341027,7.0,8.0,-46.0
1776885023.2441027,7.0,4.0,-46.0
1776885023.2541027,4.0,3.0,-49.0
1776885023.2641027,2.0,2.0,-45.0
1776885023.2741027,5.0,1.0,-38.0
1776885023.284103,8.0,4.0,-36.0
1776885023.294103,6.0,3.0,-35.0
1776885023.304103,5.0,3.0,-41.0
1776885023.3141026,3.0,6.0,-40.0
1776885023.3241026,1.0,5.0,-42.0
1776885023.3341026,1.0,2.0,-41.0
1776885023.3441026,0.0,0.0,-45.0
1776885023.3541028,-5.0,2.0,-41.0
1776885023.3641028,-6.0,0.0,-36.0
1776885023.3741028,-4.0,-1.0,-32.0
1776885023.3841028,-2.0,0.0,-32.0
1776885023.3941028,-1.0,0.0,-33.0
1776885023.4041028,0.0,0.0,-38.0
1776885023.4141028,1.0,1.0,-31.0
1776885023.4241028,2.0,2.0,-31.0
1776885023.4341028,1.0,2.0,-33.0
1776885023.4441028,0.0,0.0,-38.0
1776885023.4541028,-1.0,0.0,-30.0
1776885023.4641027,-1.0,-1.0,-31.0
1776885023.4741027,0.0,-2.0,-35.0
1776885023.4841027,-7.0,0.0,-32.0
1776885023.4941027,-6.0,-1.0,-32.0
1776885023.5041027,-2.0,-5.0,-34.0
1776885023.5141027,-4.0,-6.0,-35.0
1776885023.5241027,-6.0,-7.0,-40.0
1776885023.534103,-4.0,-3.0,-45.0
1776885023.544103,-2.0,1.0,-47.0
1776885023.554103,-2.0,2.0,-46.0
1776885023.5641026,0.0,0.0,-40.0
1776885023.5741026,0.0,-3.0,-34.0
1776885023.5841026,2.0,-5.0,-40.0
1776885023.5941026,2.0,-3.0,-44.0
1776885023.6041028,4.0,-8.0,-49.0
1776885023.6141028,7.0,-6.0,-52.0
1776885023.6241028,6.0,-4.0,-52.0
1776885023.6341028,10.0,-5.0,-55.0
1776885023.6441028,6.0,-6.0,-59.0
1776885023.6541028,5.0,-6.0,-52.0
1776885023.6641028,4.0,-7.0,-51.0
1776885023.6741028,5.0,-4.0,-46.0
1776885023.6841028,5.0,-3.0,-43.0
1776885023.6941028,3.0,1.0,-52.0
1776885023.7041028,2.0,1.0,-54.0
1776885023.7141027,0.0,-2.0,-49.0
1776885023.7241027,5.0,-2.0,-49.0
1776885023.7341027,8.0,-5.0,-43.0
1776885023.7441027,3.0,-7.0,-41.0
1776885023.7541027,5.0,-7.0,-39.0
1776885023.7641027,7.0,-8.0,-48.0
1776885023.7741027,9.0,-7.0,-54.0
1776885023.784103,6.0,-2.0,-54.0
1776885023.794103,5.0,1.0,-52.0
1776885023.804103,2.0,0.0,-54.0
1776885023.8141026,1.0,2.0,-49.0
1776885023.8241026,0.0,3.0,-44.0
1776885023.8341026,-1.0,1.0,-43.0
1776885023.8441026,2.0,2.0,-45.0
1776885023.8541028,3.0,0.0,-47.0
1776885023.8641028,6.0,0.0,-46.0
1776885023.8741028,4.0,-5.0,-42.0
1776885023.8841028,4.0,-4.0,-43.0
1776885023.8941028,1.0,0.0,-50.0
1776885023.9041028,0.0,-1.0,-49.0
1776885023.9141028,1.0,-4.0,-53.0
1776885023.9241028,1.0,-5.0,-50.0
1776885023.9341028,-1.0,-1.0,-49.0
1776885023.9441028,0.0,0.0,-47.0
1776885023.9541028,0.0,2.0,-47.0
1776885023.9641027,3.0,2.0,-49.0
1776885023.9741027,5.0,4.0,-54.0
1776885023.9841027,3.0,4.0,-56.0
1776885023.9941027,1.0,2.0,-49.0
1776885024.0041027,4.0,0.0,-45.0
1776885024.0141027,4.0,1.0,-47.0
1776885024.0241027,5.0,0.0,-43.0
1776885024.0351028,6.0,-1.0,-39.0
1776885024.0451028,3.0,-4.0,-43.0
1776885024.0551028,7.0,-6.0,-41.0
1776885024.0651028,5.0,-11.0,-47.0
1776885024.0751028,3.0,-9.0,-56.0
1776885024.0851028,5.0,-7.0,-57.0
1776885024.0951028,5.0,-5.0,-55.0
1776885024.1051028,5.0,-1.0,-46.0
1776885024.1151028,6.0,-3.0,-48.0
1776885024.1251028,8.0,0.0,-46.0
1776885024.1351027,8.0,-1.0,-50.0
1776885024.1451027,1.0,-3.0,-48.0
1776885024.1551027,2.0,-1.0,-50.0
1776885024.1651027,-1.0,-4.0,-45.0
1776885024.1751027,1.0,-2.0,-42.0
1776885024.1851027,4.0,-4.0,-45.0
1776885024.1951027,7.0,2.0,-47.0
1776885024.2051027,3.0,0.0,-45.0
1776885024.215103,3.0,0.0,-45.0
1776885024.225103,0.0,0.0,-49.0
1776885024.235103,-7.0,5.0,-58.0
1776885024.2451026,-10.0,2.0,-53.0
1776885024.2551026,-10.0,3.0,-49.0
1776885024.2651026,-9.0,4.0,-47.0
1776885024.2751029,-5.0,1.0,-44.0
1776885024.2851028,-7.0,3.0,-43.0
1776885024.2951028,-3.0,7.0,-43.0
1776885024.3051028,0.0,9.0,-37.0
1776885024.3151028,2.0,4.0,-40.0
1776885024.3251028,3.0,0.0,-40.0
1776885024.3351028,3.0,-5.0,-43.0
1776885024.3451028,3.0,-3.0,-45.0
1776885024.3551028,1.0,-2.0,-45.0
1776885024.3651028,-3.0,-6.0,-47.0
1776885024.3751028,-1.0,-6.0,-41.0
1776885024.3851027,-2.0,-3.0,-41.0
1776885024.3951027,-3.0,-2.0,-40.0
1776885024.4051027,-1.0,5.0,-40.0
1776885024.4151027,-2.0,3.0,-38.0
1776885024.4251027,-6.0,3.0,-39.0
1776885024.4351027,-3.0,2.0,-41.0
1776885024.4451027,-3.0,2.0,-44.0
1776885024.4551027,-5.0,5.0,-47.0
1776885024.465103,-4.0,5.0,-42.0
1776885024.475103,-1.0,5.0,-38.0
1776885024.485103,4.0,3.0,-42.0
1776885024.4951026,3.0,1.0,-45.0
1776885024.5051026,0.0,2.0,-47.0
1776885024.5151026,1.0,1.0,-40.0
1776885024.5251029,1.0,4.0,-43.0
1776885024.5351028,0.0,1.0,-43.0
1776885024.5451028,1.0,-1.0,-45.0
1776885024.5551028,0.0,-3.0,-45.0
1776885024.5651028,2.0,-9.0,-39.0
1776885024.5751028,-2.0,-8.0,-37.0
1776885024.5851028,-1.0,-7.0,-38.0
1776885024.5951028,1.0,-8.0,-39.0
1776885024.6051028,5.0,-7.0,-43.0
1776885024.6151028,3.0,-10.0,-46.0
1776885024.6251028,1.0,-9.0,-47.0
1776885024.6351027,-1.0,-4.0,-45.0
1776885024.6451027,0.0,-5.0,-38.0
1776885024.6551027,0.0,-5.0,-39.0
1776885024.6651027,-4.0,-8.0,-42.0
1776885024.6751027,-8.0,-6.0,-40.0
1776885024.6851027,-5.0,-11.0,-36.0
1776885024.6951027,-3.0,-10.0,-35.0
1776885024.7051027,-5.0,-3.0,-33.0
1776885024.715103,-4.0,-3.0,-39.0
1776885024.725103,-3.0,-2.0,-42.0
1776885024.735103,1.0,-1.0,-51.0
1776885024.7451026,0.0,3.0,-56.0
1776885024.7551026,0.0,0.0,-54.0
1776885024.7651026,2.0,0.0,-50.0
1776885024.7751029,0.0,0.0,-56.0
1776885024.7851028,-1.0,-2.0,-51.0
1776885024.7951028,-4.0,0.0,-53.0
1776885024.8051028,-2.0,0.0,-52.0
1776885024.8151028,0.0,-2.0,-48.0
1776885024.8251028,0.0,0.0,-53.0
1776885024.8351028,0.0,2.0,-53.0
1776885024.8451028,1.0,0.0,-45.0
1776885024.8551028,3.0,-1.0,-39.0
1776885024.8651028,4.0,-3.0,-34.0
1776885024.8751028,2.0,-2.0,-34.0
1776885024.8851027,6.0,-5.0,-36.0
1776885024.8951027,8.0,-10.0,-44.0
1776885024.9051027,1.0,-7.0,-49.0
1776885024.9151027,0.0,-3.0,-50.0
1776885024.9251027,0.0,-2.0,-42.0
1776885024.9351027,-1.0,-1.0,-41.0
1776885024.9451027,0.0,0.0,-45.0
1776885024.9551027,8.0,0.0,-46.0
1776885024.965103,8.0,-3.0,-48.0
1776885024.975103,10.0,-6.0,-52.0
1776885024.985103,10.0,3.0,-40.0
1776885024.9951026,6.0,6.0,-38.0
1776885025.0051026,6.0,8.0,-38.0
1776885025.0151026,6.0,5.0,-35.0
1776885025.0251029,0.0,6.0,-33.0
1776885025.0351028,-6.0,4.0,-33.0
1776885025.0451028,-3.0,3.0,-36.0
1776885025.0551028,-1.0,4.0,-39.0
1776885025.0651028,-3.0,1.0,-35.0
1776885025.0751028,-2.0,4.0,-38.0
1776885025.0851028,0.0,4.0,-36.0
1776885025.0951028,0.0,3.0,-34.0
1776885025.1051028,1.0,1.0,-37.0
1776885025.1151028,0.0,0.0,-39.0
1776885025.1251028,1.0,-1.0,-42.0
1776885025.1351027,-2.0,-3.0,-44.0
1776885025.1451027,0.0,-1.0,-45.0
1776885025.1551027,2.0,1.0,-42.0
1776885025.1651027,3.0,-1.0,-51.0
1776885025.1751027,3.0,2.0,-55.0
1776885025.1851027,3.0,0.0,-55.0
1776885025.1951027,4.0,0.0,-52.0
1776885025.2051027,10.0,-2.0,-52.0
1776885025.215103,7.0,-1.0,-47.0
1776885025.225103,6.0,-3.0,-49.0
1776885025.235103,2.0,0.0,-58.0
1776885025.2451026,3.0,-2.0,-58.0
1776885025.2551026,3.0,-10.0,-61.0
1776885025.2651026,0.0,-12.0,-62.0
1776885025.2751029,3.0,-13.0,-60.0
1776885025.2851028,0.0,-11.0,-61.0
1776885025.2951028,-3.0,-11.0,-64.0
1776885025.3051028,-2.0,-12.0,-59.0
1776885025.3151028,2.0,-11.0,-51.0
1776885025.3251028,0.0,-7.0,-50.0
1776885025.3351028,0.0,-5.0,-53.0
1776885025.3451028,2.0,-5.0,-58.0
1776885025.3551028,0.0,-3.0,-54.0
1776885025.3651028,2.0,-4.0,-48.0
1776885025.3751028,4.0,-4.0,-51.0
1776885025.3851027,2.0,-3.0,-53.0
1776885025.3951027,-1.0,-6.0,-46.0
1776885025.4051027,0.0,-4.0,-43.0
1776885025.4151027,2.0,-1.0,-45.0
1776885025.4251027,-1.0,1.0,-46.0
1776885025.4351027,-4.0,0.0,-43.0
1776885025.4451027,-2.0,-3.0,-47.0
1776885025.4551027,-2.0,-5.0,-50.0
1776885025.465103,0.0,-6.0,-49.0
1776885025.475103,-4.0,-4.0,-48.0
1776885025.485103,-1.0,0.0,-52.0
1776885025.4951026,-3.0,2.0,-51.0
1776885025.5051026,-5.0,-1.0,-48.0
1776885025.5151026,-2.0,0.0,-43.0
1776885025.5251029,0.0,-3.0,-49.0
1776885025.5351028,1.0,-2.0,-46.0
1776885025.5451028,5.0,-2.0,-49.0
1776885025.5551028,4.0,0.0,-52.0
1776885025.5651028,4.0,-2.0,-47.0
1776885025.5751028,6.0,-5.0,-44.0
1776885025.5851028,2.0,-6.0,-38.0
1776885025.5951028,4.0,-1.0,-40.0
1776885025.6051028,7.0,0.0,-41.0
1776885025.6151028,1.0,1.0,-39.0
1776885025.6251028,4.0,-2.0,-33.0
1776885025.6351027,1.0,-4.0,-32.0
1776885025.6451027,2.0,-3.0,-35.0
1776885025.6551027,0.0,2.0,-42.0
1776885025.6651027,0.0,2.0,-43.0
1776885025.6751027,0.0,0.0,-45.0
1776885025.6851027,4.0,1.0,-41.0
1776885025.6951027,0.0,-1.0,-37.0
1776885025.7051027,1.0,-5.0,-41.0
1776885025.715103,-1.0,-8.0,-43.0
1776885025.725103,-4.0,-12.0,-49.0
1776885025.735103,0.0,-10.0,-41.0
1776885025.7451026,2.0,-8.0,-36.0
1776885025.7551026,6.0,-4.0,-40.0
1776885025.7651026,3.0,-4.0,-48.0
1776885025.7751029,5.0,-7.0,-51.0
1776885025.7851028,7.0,-8.0,-47.0
1776885025.7951028,4.0,-7.0,-44.0
1776885025.8051028,2.0,-4.0,-38.0
1776885025.8151028,2.0,-3.0,-36.0
1776885025.8251028,-4.0,-4.0,-35.0
1776885025.8351028,-4.0,-5.0,-39.0
1776885025.8451028,-3.0,-9.0,-40.0
1776885025.8551028,0.0,-10.0,-38.0
1776885025.8651028,2.0,-4.0,-34.0
1776885025.8751028,-2.0,-5.0,-31.0
1776885025.8851027,-1.0,-2.0,-38.0
1776885025.8951027,-4.0,-1.0,-38.0
1776885025.9051027,-2.0,-3.0,-39.0
1776885025.9151027,0.0,-1.0,-37.0
1776885025.9251027,0.0,1.0,-38.0
1776885025.9351027,0.0,0.0,-43.0
1776885025.9451027,1.0,-3.0,-40.0
1776885025.9551027,0.0,-2.0,-38.0
1776885025.965103,0.0,-1.0,-41.0
1776885025.975103,-3.0,1.0,-42.0
1776885025.985103,-4.0,1.0,-47.0
1776885025.9951026,-7.0,0.0,-49.0
1776885026.0061028,0.0,0.0,-47.0
1776885026.0151026,-1.0,0.0,-44.0
1776885026.0261028,5.0,0.0,-42.0
1776885026.0361028,2.0,1.0,-41.0
1776885026.0461028,0.0,0.0,-45.0
1776885026.0561028,0.0,0.0,-49.0
1776885026.0661027,1.0,-1.0,-49.0
1776885026.0761027,3.0,-1.0,-50.0
1776885026.0861027,0.0,0.0,-51.0
1776885026.0961027,0.0,-1.0,-49.0
1776885026.1061027,0.0,4.0,-45.0
1776885026.1161027,0.0,5.0,-44.0
1776885026.1261027,4.0,3.0,-50.0
1776885026.136103,5.0,-2.0,-47.0
1776885026.146103,3.0,-6.0,-49.0
1776885026.156103,3.0,-8.0,-48.0
1776885026.1661026,3.0,-5.0,-44.0
1776885026.1761026,3.0,0.0,-47.0
1776885026.1861026,-4.0,-2.0,-42.0
1776885026.1961029,-5.0,-3.0,-47.0
1776885026.2061028,0.0,-3.0,-43.0
1776885026.2161028,-1.0,-3.0,-43.0
1776885026.2261028,-1.0,-4.0,-37.0
1776885026.2361028,2.0,-4.0,-42.0
1776885026.2461028,0.0,-2.0,-36.0
1776885026.2561028,-1.0,-2.0,-34.0
1776885026.2661028,3.0,-4.0,-36.0
1776885026.2761028,0.0,-6.0,-40.0
1776885026.2861028,-3.0,-13.0,-37.0
1776885026.2961028,-3.0,-12.0,-43.0
1776885026.3061028,-1.0,-11.0,-42.0
1776885026.3161027,-2.0,-9.0,-45.0
1776885026.3261027,-1.0,-10.0,-47.0
1776885026.3361027,-2.0,-9.0,-47.0
1776885026.3461027,-2.0,-6.0,-49.0
1776885026.3561027,-1.0,-7.0,-47.0
1776885026.3661027,-1.0,-7.0,-49.0
1776885026.3761027,-3.0,-6.0,-61.0
1776885026.386103,-5.0,-6.0,-61.0
1776885026.396103,0.0,-4.0,-56.0
1776885026.406103,5.0,-3.0,-57.0
1776885026.4161026,2.0,-1.0,-52.0
1776885026.4261026,1.0,-2.0,-58.0
1776885026.4361026,2.0,-4.0,-46.0
1776885026.4461029,2.0,-5.0,-40.0
1776885026.4561028,-3.0,-4.0,-43.0
1776885026.4661028,-5.0,-1.0,-47.0
1776885026.4761028,-6.0,-3.0,-48.0
1776885026.4861028,-5.0,-6.0,-51.0
1776885026.4961028,-1.0,-7.0,-54.0
1776885026.5061028,-2.0,-7.0,-48.0
1776885026.5161028,0.0,-4.0,-41.0
1776885026.5261028,0.0,-1.0,-45.0
1776885026.5361028,0.0,0.0,-53.0
1776885026.5461028,0.0,-1.0,-52.0
1776885026.5561028,0.0,-4.0,-51.0
1776885026.5661027,0.0,-8.0,-45.0
1776885026.5761027,4.0,-4.0,-40.0
1776885026.5861027,9.0,0.0,-36.0
1776885026.5961027,9.0,0.0,-34.0
1776885026.6061027,4.0,2.0,-34.0
1776885026.6161027,0.0,3.0,-29.0
1776885026.6261027,2.0,-1.0,-37.0
1776885026.636103,0.0,-2.0,-37.0
1776885026.646103,0.0,-1.0,-40.0
1776885026.656103,0.0,-1.0,-37.0
1776885026.6661026,-2.0,-3.0,-39.0
1776885026.6761026,-3.0,0.0,-47.0
1776885026.6861026,2.0,4.0,-53.0
1776885026.6961029,2.0,4.0,-46.0
1776885026.7061028,4.0,2.0,-42.0
1776885026.7161028,0.0,1.0,-46.0
1776885026.7261028,-5.0,0.0,-47.0
1776885026.7361028,-8.0,0.0,-44.0
1776885026.7461028,-6.0,2.0,-45.0
1776885026.7561028,-3.0,5.0,-48.0
1776885026.7661028,-2.0,3.0,-49.0
1776885026.7761028,1.0,0.0,-50.0
1776885026.7861028,3.0,-4.0,-45.0
1776885026.7961028,2.0,-1.0,-45.0
1776885026.8061028,3.0,0.0,-44.0
1776885026.8161027,4.0,2.0,-46.0
1776885026.8261027,2.0,4.0,-45.0
1776885026.8361027,6.0,7.0,-44.0
1776885026.8461027,2.0,3.0,-43.0
1776885026.8561027,2.0,0.0,-44.0
1776885026.8661027,-2.0,-6.0,-45.0
1776885026.8761027,0.0,-4.0,-41.0
1776885026.886103,0.0,-7.0,-45.0
1776885026.896103,-7.0,-3.0,-44.0
1776885026.906103,-7.0,0.0,-46.0
1776885026.9161026,-6.0,2.0,-46.0
1776885026.9261026,-7.0,3.0,-49.0
1776885026.9361026,-10.0,1.0,-49.0
1776885026.9461029,-6.0,0.0,-49.0
1776885026.9561028,-6.0,2.0,-50.0
1776885026.9661028,-6.0,2.0,-46.0
1776885026.9761028,-5.0,0.0,-49.0
1776885026.9861028,-4.0,0.0,-51.0
1776885026.9961028,-3.0,0.0,-53.0
1776885027.0061028,-7.0,0.0,-54.0
1776885027.0161028,-4.0,0.0,-56.0
1776885027.0261028,-3.0,-3.0,-50.0
1776885027.0361028,0.0,0.0,-48.0
1776885027.0461028,-4.0,2.0,-48.0
1776885027.0561028,-1.0,2.0,-44.0
1776885027.0661027,4.0,3.0,-50.0
1776885027.0761027,4.0,5.0,-49.0
1776885027.0861027,1.0,5.0,-48.0
1776885027.0961027,6.0,3.0,-45.0
1776885027.1061027,2.0,2.0,-46.0
1776885027.1161027,2.0,1.0,-43.0
1776885027.1261027,7.0,0.0,-38.0
1776885027.136103,5.0,-3.0,-39.0
1776885027.146103,3.0,-2.0,-35.0
1776885027.156103,3.0,-6.0,-33.0
1776885027.1661026,3.0,-11.0,-31.0
1776885027.1761026,0.0,-9.0,-25.0
1776885027.1861026,-2.0,-9.0,-29.0
1776885027.1961029,-5.0,-6.0,-41.0
1776885027.2061028,-6.0,-5.0,-45.0
1776885027.2161028,-6.0,-6.0,-44.0
1776885027.2261028,-4.0,0.0,-45.0
1776885027.2361028,-2.0,2.0,-41.0
1776885027.2461028,-1.0,1.0,-35.0
1776885027.2561028,-1.0,2.0,-46.0
1776885027.2661028,-1.0,0.0,-44.0
1776885027.2761028,-1.0,0.0,-46.0
1776885027.2861028,0.0,-4.0,-45.0
1776885027.2961028,0.0,0.0,-42.0
1776885027.3061028,-2.0,-1.0,-38.0
1776885027.3161027,-2.0,0.0,-45.0
1776885027.3261027,-1.0,-1.0,-43.0
1776885027.3361027,-3.0,-1.0,-47.0
1776885027.3461027,0.0,0.0,-53.0
1776885027.3561027,0.0,3.0,-52.0
1776885027.3661027,1.0,0.0,-50.0
1776885027.3761027,-2.0,-5.0,-41.0
1776885027.386103,-8.0,-6.0,-40.0
1776885027.396103,-7.0,-8.0,-39.0
1776885027.406103,-6.0,-7.0,-49.0
1776885027.4161026,-6.0,-5.0,-51.0
1776885027.4261026,-1.0,-1.0,-51.0
1776885027.4361026,-1.0,-1.0,-51.0
1776885027.4461029,0.0,-4.0,-51.0
1776885027.4561028,1.0,-5.0,-56.0
1776885027.4661028,4.0,-3.0,-59.0
1776885027.4761028,3.0,2.0,-57.0
1776885027.4861028,7.0,0.0,-54.0
1776885027.4961028,9.0,-1.0,-50.0
1776885027.5061028,6.0,-1.0,-45.0
1776885027.5161028,4.0,-2.0,-49.0
1776885027.5261028,3.0,-3.0,-52.0
1776885027.5361028,7.0,-2.0,-53.0
1776885027.5461028,9.0,-2.0,-56.0
1776885027.5561028,6.0,-1.0,-56.0
1776885027.5661027,0.0,0.0,-56.0
1776885027.5761027,1.0,-1.0,-51.0
1776885027.5861027,2.0,0.0,-50.0
1776885027.5961027,3.0,1.0,-49.0
1776885027.6061027,3.0,2.0,-51.0
1776885027.6161027,6.0,7.0,-52.0
1776885027.6261027,11.0,5.0,-50.0
1776885027.636103,10.0,2.0,-47.0
1776885027.646103,9.0,2.0,-45.0
1776885027.656103,6.0,0.0,-49.0
1776885027.6661026,3.0,-1.0,-51.0
1776885027.6761026,6.0,0.0,-49.0
1776885027.6861026,4.0,-3.0,-55.0
1776885027.6961029,2.0,-3.0,-50.0
1776885027.7061028,4.0,-3.0,-48.0
1776885027.7161028,0.0,-1.0,-45.0
1776885027.7261028,0.0,-1.0,-45.0
1776885027.7361028,0.0,0.0,-50.0
1776885027.7461028,2.0,0.0,-46.0
1776885027.7561028,3.0,3.0,-44.0
1776885027.7661028,5.0,2.0,-40.0
1776885027.7761028,5.0,1.0,-45.0
1776885027.7861028,4.0,1.0,-44.0
1776885027.7961028,0.0,-3.0,-41.0
1776885027.8061028,0.0,-6.0,-41.0
1776885027.8161027,1.0,-8.0,-38.0
1776885027.8261027,1.0,-13.0,-43.0
1776885027.8361027,0.0,-7.0,-46.0
1776885027.8461027,5.0,-6.0,-37.0
1776885027.8561027,4.0,-5.0,-34.0
1776885027.8661027,3.0,-5.0,-30.0
1776885027.8761027,2.0,-6.0,-41.0
1776885027.886103,3.0,-2.0,-41.0
1776885027.896103,3.0,-2.0,-40.0
1776885027.906103,4.0,-5.0,-40.0
1776885027.9161026,4.0,-2.0,-35.0
1776885027.9261026,2.0,-4.0,-48.0
1776885027.9361026,1.0,-1.0,-49.0
1776885027.9461029,2.0,4.0,-46.0
1776885027.9561028,2.0,1.0,-38.0
1776885027.9661028,1.0,0.0,-37.0
1776885027.9771028,-2.0,3.0,-39.0
1776885027.9871027,-5.0,3.0,-48.0
1776885027.9961028,-3.0,-2.0,-46.0
1776885028.0071027,-5.0,-1.0,-50.0
1776885028.0171027,1.0,-5.0,-46.0
1776885028.0271027,6.0,-6.0,-47.0
1776885028.0371027,4.0,-7.0,-52.0
1776885028.0471027,1.0,-7.0,-53.0
1776885028.057103,2.0,-6.0,-53.0
1776885028.067103,4.0,-8.0,-57.0
1776885028.077103,1.0,-7.0,-56.0
1776885028.087103,3.0,-6.0,-61.0
1776885028.0971026,5.0,-5.0,-57.0
1776885028.1071026,5.0,-5.0,-55.0
1776885028.1171026,3.0,-2.0,-53.0
1776885028.1271029,9.0,-2.0,-55.0
1776885028.1371028,12.0,-3.0,-58.0
1776885028.1471028,11.0,0.0,-53.0
1776885028.1571028,9.0,0.0,-39.0
1776885028.1671028,5.0,-2.0,-41.0
1776885028.1771028,1.0,-3.0,-46.0
1776885028.1871028,-5.0,-3.0,-53.0
1776885028.1971028,-5.0,-3.0,-57.0
1776885028.2071028,-3.0,-8.0,-50.0
1776885028.2171028,-2.0,-10.0,-51.0
1776885028.2271028,-1.0,-11.0,-50.0
1776885028.2371027,2.0,-13.0,-48.0
1776885028.2471027,8.0,-12.0,-43.0
1776885028.2571027,1.0,-7.0,-38.0
1776885028.2671027,2.0,-4.0,-44.0
1776885028.2771027,0.0,-4.0,-45.0
1776885028.2871027,-1.0,-1.0,-41.0
1776885028.2971027,-1.0,-2.0,-41.0
1776885028.307103,3.0,-3.0,-35.0
1776885028.317103,6.0,-6.0,-42.0
1776885028.327103,3.0,-7.0,-46.0
1776885028.337103,1.0,-8.0,-39.0
1776885028.3471026,-2.0,-4.0,-41.0
1776885028.3571026,-5.0,0.0,-42.0
1776885028.3671026,-3.0,-5.0,-40.0
1776885028.3771029,-1.0,-4.0,-40.0
1776885028.3871028,4.0,-3.0,-40.0
1776885028.3971028,2.0,0.0,-47.0
1776885028.4071028,0.0,0.0,-47.0
1776885028.4171028,0.0,-1.0,-54.0
1776885028.4271028,1.0,-2.0,-55.0
1776885028.4371028,3.0,-1.0,-51.0
1776885028.4471028,1.0,-2.0,-47.0
1776885028.4571028,2.0,0.0,-41.0
1776885028.4671028,2.0,0.0,-47.0
1776885028.4771028,0.0,0.0,-48.0
1776885028.4871027,3.0,-1.0,-48.0
1776885028.4971027,4.0,0.0,-47.0
1776885028.5071027,2.0,1.0,-48.0
1776885028.5171027,0.0,1.0,-43.0
1776885028.5271027,0.0,-3.0,-46.0
1776885028.5371027,0.0,-5.0,-46.0
1776885028.5471027,7.0,-10.0,-47.0
1776885028.557103,5.0,-8.0,-39.0
1776885028.567103,1.0,-3.0,-42.0
1776885028.577103,-1.0,0.0,-49.0
1776885028.587103,3.0,-2.0,-47.0
1776885028.5971026,7.0,0.0,-43.0
1776885028.6071026,5.0,2.0,-47.0
1776885028.6171026,3.0,0.0,-46.0
1776885028.6271029,3.0,-3.0,-42.0
1776885028.6371028,6.0,-4.0,-43.0
1776885028.6471028,9.0,-6.0,-38.0
1776885028.6571028,6.0,-3.0,-38.0
1776885028.6671028,4.0,0.0,-41.0
1776885028.6771028,0.0,3.0,-42.0
1776885028.6871028,6.0,3.0,-43.0
1776885028.6971028,4.0,4.0,-43.0
1776885028.7071028,4.0,3.0,-38.0
1776885028.7171028,2.0,6.0,-42.0
1776885028.7271028,0.0,4.0,-41.0
1776885028.7371027,-1.0,0.0,-44.0
1776885028.7471027,-1.0,-3.0,-47.0
1776885028.7571027,-1.0,-5.0,-51.0
1776885028.7671027,0.0,-4.0,-52.0
1776885028.7771027,2.0,-7.0,-55.0
1776885028.7871027,4.0,-2.0,-54.0
1776885028.7971027,2.0,-2.0,-51.0
1776885028.807103,2.0,1.0,-48.0
1776885028.817103,1.0,4.0,-45.0
1776885028.827103,-2.0,3.0,-46.0
1776885028.837103,1.0,0.0,-43.0
1776885028.8471026,0.0,0.0,-41.0
1776885028.8571026,5.0,-1.0,-46.0
1776885028.8671026,5.0,0.0,-48.0
1776885028.8771029,4.0,0.0,-47.0
1776885028.8871028,4.0,-1.0,-48.0
1776885028.8971028,8.0,0.0,-51.0
1776885028.9071028,2.0,0.0,-50.0
1776885028.9171028,0.0,-2.0,-50.0
1776885028.9271028,1.0,-3.0,-50.0
1776885028.9371028,1.0,-5.0,-50.0
1776885028.9471028,0.0,-8.0,-55.0
1776885028.9571028,0.0,-3.0,-54.0
1776885028.9671028,1.0,0.0,-48.0
1776885028.9771028,4.0,-3.0,-50.0
1776885028.9871027,0.0,-10.0,-55.0
1776885028.9971027,0.0,-7.0,-54.0
1776885029.0071027,3.0,-8.0,-52.0
1776885029.0171027,0.0,-5.0,-52.0
1776885029.0271027,0.0,-5.0,-47.0
1776885029.0371027,1.0,-4.0,-39.0
1776885029.0471027,1.0,-3.0,-42.0
1776885029.057103,2.0,0.0,-43.0
1776885029.067103,1.0,0.0,-46.0
1776885029.077103,4.0,0.0,-42.0
1776885029.087103,0.0,0.0,-43.0
1776885029.0971026,0.0,0.0,-39.0
1776885029.1071026,1.0,0.0,-42.0
1776885029.1171026,0.0,0.0,-40.0
1776885029.1271029,-1.0,-2.0,-42.0
1776885029.1371028,0.0,-2.0,-41.0
1776885029.1471028,-1.0,0.0,-45.0
1776885029.1571028,-3.0,-2.0,-42.0
1776885029.1671028,-1.0,-7.0,-37.0
1776885029.1771028,-5.0,-8.0,-41.0
1776885029.1871028,0.0,-4.0,-36.0
1776885029.1971028,2.0,-2.0,-32.0
1776885029.2071028,1.0,-1.0,-36.0
1776885029.2171028,0.0,0.0,-39.0
1776885029.2271028,1.0,2.0,-39.0
1776885029.2371027,1.0,0.0,-49.0
1776885029.2471027,1.0,-1.0,-50.0
1776885029.2571027,5.0,0.0,-51.0
1776885029.2671027,5.0,0.0,-51.0
1776885029.2771027,2.0,-3.0,-48.0
1776885029.2871027,1.0,-6.0,-49.0
1776885029.2971027,3.0,-3.0,-53.0
1776885029.307103,1.0,-1.0,-49.0
1776885029.317103,0.0,-1.0,-50.0
1776885029.327103,-1.0,0.0,-55.0
1776885029.337103,-1.0,-1.0,-48.0
1776885029.3471026,-2.0,-5.0,-43.0
1776885029.3571026,-4.0,-5.0,-45.0
1776885029.3671026,2.0,-6.0,-46.0
1776885029.3771029,0.0,-1.0,-47.0
1776885029.3871028,0.0,2.0,-47.0
1776885029.3971028,0.0,2.0,-49.0
1776885029.4071028,-3.0,-4.0,-53.0
1776885029.4171028,1.0,-1.0,-53.0
1776885029.4271028,1.0,-4.0,-50.0
1776885029.4371028,-1.0,-4.0,-51.0
1776885029.4471028,1.0,-4.0,-50.0
1776885029.4571028,1.0,-6.0,-48.0
1776885029.4671028,-3.0,-6.0,-44.0
1776885029.4771028,-4.0,0.0,-46.0
1776885029.4871027,-9.0,-2.0,-45.0
1776885029.4971027,-3.0,-4.0,-45.0
1776885029.5071027,-4.0,-4.0,-43.0
1776885029.5171027,0.0,-2.0,-37.0
1776885029.5271027,0.0,-1.0,-39.0
1776885029.5371027,-1.0,-2.0,-39.0
1776885029.5471027,0.0,-2.0,-41.0
1776885029.557103,1.0,-4.0,-45.0
1776885029.567103,6.0,-6.0,-43.0
1776885029.577103,10.0,-5.0,-47.0
1776885029.587103,10.0,-3.0,-46.0
1776885029.5971026,6.0,-3.0,-50.0
1776885029.6071026,5.0,0.0,-50.0
1776885029.6171026,5.0,0.0,-46.0
1776885029.6271029,4.0,0.0,-44.0
1776885029.6371028,3.0,-4.0,-47.0
1776885029.6471028,2.0,-7.0,-44.0
1776885029.6571028,0.0,-7.0,-45.0
1776885029.6671028,2.0,-4.0,-51.0
1776885029.6771028,3.0,-8.0,-48.0
1776885029.6871028,6.0,-2.0,-48.0
1776885029.6971028,0.0,-1.0,-50.0
1776885029.7071028,4.0,-4.0,-49.0
1776885029.7171028,6.0,-5.0,-44.0
1776885029.7271028,6.0,-4.0,-41.0
1776885029.7371027,9.0,-3.0,-46.0
1776885029.7471027,6.0,-2.0,-41.0
1776885029.7571027,5.0,-3.0,-40.0
1776885029.7671027,1.0,0.0,-39.0
1776885029.7771027,0.0,-2.0,-44.0
1776885029.7871027,3.0,-6.0,-45.0
1776885029.7971027,-1.0,-6.0,-44.0
1776885029.807103,-2.0,-4.0,-48.0
1776885029.817103,0.0,-1.0,-47.0
1776885029.827103,6.0,-4.0,-43.0
1776885029.837103,0.0,-5.0,-39.0
1776885029.8471026,1.0,-7.0,-41.0
1776885029.8571026,0.0,-6.0,-44.0
1776885029.8671026,-6.0,-7.0,-35.0
1776885029.8771029,-5.0,-8.0,-32.0
1776885029.8871028,-5.0,-6.0,-40.0
1776885029.8971028,-2.0,-7.0,-38.0
1776885029.9071028,1.0,-7.0,-37.0
1776885029.9171028,4.0,-4.0,-42.0
1776885029.9271028,10.0,-5.0,-43.0
1776885029.9371028,8.0,-2.0,-43.0
1776885029.9471028,7.0,-4.0,-43.0
1776885029.9581027,0.0,-3.0,-47.0
1776885029.9681027,0.0,-3.0,-41.0
1776885029.9781027,0.0,-6.0,-40.0
1776885029.988103,0.0,-3.0,-45.0
1776885029.998103,2.0,0.0,-45.0
1776885030.008103,0.0,4.0,-38.0
1776885030.0181026,-1.0,1.0,-45.0
1776885030.0281026,-1.0,0.0,-48.0
1776885030.0381026,-4.0,-2.0,-48.0
1776885030.0481029,-1.0,0.0,-45.0
1776885030.0581028,3.0,-3.0,-46.0
1776885030.0681028,4.0,-2.0,-42.0
1776885030.0781028,0.0,-1.0,-46.0
1776885030.0881028,-3.0,-2.0,-48.0
1776885030.0981028,-4.0,-2.0,-49.0
1776885030.1081028,-4.0,2.0,-42.0
1776885030.1181028,-5.0,1.0,-44.0
1776885030.1281028,-1.0,1.0,-49.0
1776885030.1381028,3.0,-2.0,-44.0
1776885030.1481028,3.0,-2.0,-43.0
1776885030.1581028,4.0,-1.0,-46.0
1776885030.1681027,3.0,-6.0,-49.0
1776885030.1781027,4.0,-7.0,-48.0
1776885030.1881027,1.0,-4.0,-47.0
1776885030.1981027,0.0,-4.0,-46.0
1776885030.2081027,0.0,-5.0,-50.0
1776885030.2181027,2.0,-3.0,-48.0
1776885030.2281027,-1.0,-5.0,-47.0
1776885030.238103,-3.0,-5.0,-40.0
1776885030.248103,0.0,0.0,-38.0
1776885030.258103,-3.0,1.0,-43.0
1776885030.2681026,-1.0,1.0,-44.0
1776885030.2781026,0.0,1.0,-44.0
1776885030.2881026,-1.0,-2.0,-41.0
1776885030.2981029,-1.0,-3.0,-45.0
1776885030.3081028,1.0,-1.0,-45.0
1776885030.3181028,1.0,0.0,-41.0
1776885030.3281028,0.0,0.0,-41.0
1776885030.3381028,2.0,5.0,-43.0
1776885030.3481028,-1.0,3.0,-38.0
1776885030.3581028,-1.0,-2.0,-37.0
1776885030.3681028,-6.0,-3.0,-36.0
1776885030.3781028,-8.0,-1.0,-43.0
1776885030.3881028,-3.0,1.0,-42.0
1776885030.3981028,-2.0,1.0,-40.0
1776885030.4081028,-2.0,4.0,-38.0
1776885030.4181027,0.0,0.0,-37.0
1776885030.4281027,0.0,-2.0,-37.0
1776885030.4381027,1.0,1.0,-40.0
1776885030.4481027,2.0,4.0,-36.0
1776885030.4581027,0.0,2.0,-37.0
1776885030.4681027,1.0,-3.0,-34.0
1776885030.4781027,5.0,-3.0,-42.0
1776885030.488103,1.0,-4.0,-43.0
1776885030.498103,2.0,-6.0,-43.0
1776885030.508103,1.0,-5.0,-47.0
1776885030.5181026,-1.0,-6.0,-44.0
1776885030.5281026,-1.0,-6.0,-38.0
1776885030.5381026,-4.0,-3.0,-36.0
1776885030.5481029,-4.0,-6.0,-37.0
1776885030.5581028,-4.0,-6.0,-44.0
1776885030.5681028,-2.0,-7.0,-51.0
1776885030.5781028,-3.0,-7.0,-52.0
1776885030.5881028,0.0,-7.0,-46.0
1776885030.5981028,2.0,-9.0,-50.0
1776885030.6081028,-1.0,-9.0,-46.0
1776885030.6181028,-1.0,-9.0,-53.0
1776885030.6281028,-4.0,-8.0,-53.0
1776885030.6381028,-3.0,-6.0,-50.0
1776885030.6481028,-3.0,-7.0,-50.0
1776885030.6581028,-2.0,-6.0,-55.0
1776885030.6681027,0.0,-2.0,-63.0
1776885030.6781027,-1.0,0.0,-57.0
1776885030.6881027,-2.0,0.0,-54.0
1776885030.6981027,-4.0,1.0,-56.0
1776885030.7081027,-4.0,-1.0,-56.0
1776885030.7181027,-2.0,-1.0,-51.0
1776885030.7281027,3.0,0.0,-46.0
1776885030.738103,1.0,0.0,-47.0
1776885030.748103,0.0,-1.0,-48.0
1776885030.758103,0.0,-5.0,-45.0
1776885030.7681026,-1.0,-2.0,-47.0
1776885030.7781026,-2.0,-4.0,-52.0
1776885030.7881026,-1.0,-6.0,-55.0
1776885030.7981029,-3.0,-5.0,-52.0
1776885030.8081028,-7.0,0.0,-49.0
1776885030.8181028,-8.0,-3.0,-49.0
1776885030.8281028,-7.0,0.0,-48.0
1776885030.8381028,-4.0,-2.0,-48.0
1776885030.8481028,-1.0,0.0,-52.0
1776885030.8581028,0.0,1.0,-55.0
1776885030.8681028,0.0,0.0,-53.0
1776885030.8781028,1.0,-2.0,-53.0
1776885030.8881028,0.0,-2.0,-44.0
1776885030.8981028,0.0,-1.0,-54.0
1776885030.9081028,4.0,-3.0,-57.0
1776885030.9181027,8.0,-6.0,-58.0
1776885030.9281027,7.0,-8.0,-57.0
1776885030.9381027,0.0,-11.0,-59.0
1776885030.9481027,-3.0,-12.0,-54.0
1776885030.9581027,0.0,-12.0,-45.0
1776885030.9681027,0.0,-11.0,-42.0
1776885030.9781027,0.0,-8.0,-42.0
1776885030.988103,1.0,-6.0,-39.0
1776885030.998103,1.0,-4.0,-43.0
1776885031.008103,1.0,-2.0,-43.0
1776885031.0181026,5.0,-5.0,-43.0
1776885031.0281026,8.0,0.0,-45.0
1776885031.0381026,3.0,-1.0,-39.0
1776885031.0481029,2.0,-1.0,-36.0
1776885031.0581028,2.0,-2.0,-31.0
1776885031.0681028,4.0,0.0,-31.0
1776885031.0781028,2.0,2.0,-34.0
1776885031.0881028,4.0,5.0,-36.0
1776885031.0981028,5.0,2.0,-37.0
1776885031.1081028,4.0,5.0,-30.0
1776885031.1181028,-1.0,7.0,-31.0
1776885031.1281028,-1.0,4.0,-30.0
1776885031.1381028,-2.0,1.0,-38.0
1776885031.1481028,1.0,-4.0,-39.0
1776885031.1581028,-1.0,-4.0,-34.0
1776885031.1681027,0.0,-3.0,-37.0
1776885031.1781027,-4.0,0.0,-30.0
1776885031.1891026,-2.0,0.0,-24.0
1776885031.1981027,2.0,4.0,-23.0
1776885031.2081027,2.0,3.0,-29.0
1776885031.2181027,0.0,1.0,-33.0
1776885031.2281027,1.0,0.0,-36.0
1776885031.238103,1.0,-3.0,-35.0
1776885031.248103,5.0,-3.0,-38.0
1776885031.258103,7.0,-4.0,-40.0
1776885031.2681026,6.0,-7.0,-40.0
1776885031.2781026,7.0,-4.0,-52.0
1776885031.2881026,5.0,0.0,-56.0
1776885031.2981029,3.0,-2.0,-46.0
1776885031.3081028,2.0,-4.0,-42.0
1776885031.3181028,-1.0,-4.0,-47.0
1776885031.3281028,-2.0,-3.0,-45.0
1776885031.3381028,-5.0,-2.0,-46.0
1776885031.3481028,-6.0,-1.0,-44.0
1776885031.3581028,0.0,-1.0,-40.0
1776885031.3681028,-1.0,-1.0,-36.0
1776885031.3781028,-2.0,-3.0,-39.0
1776885031.3881028,-1.0,-4.0,-39.0
1776885031.3981028,-6.0,-10.0,-44.0
1776885031.4081028,-5.0,-7.0,-44.0
1776885031.4181027,-6.0,-4.0,-50.0
1776885031.4281027,-1.0,-7.0,-45.0
1776885031.4381027,3.0,-5.0,-42.0
1776885031.4481027,1.0,-3.0,-43.0
1776885031.4581027,1.0,0.0,-42.0
1776885031.4681027,5.0,3.0,-45.0
1776885031.4781027,10.0,4.0,-41.0
1776885031.488103,13.0,0.0,-38.0
1776885031.498103,3.0,1.0,-38.0
1776885031.508103,3.0,0.0,-41.0
1776885031.5181026,2.0,2.0,-43.0
1776885031.5281026,1.0,4.0,-46.0
1776885031.5381026,5.0,3.0,-49.0
1776885031.5481029,4.0,0.0,-41.0
1776885031.5581028,3.0,-4.0,-47.0
1776885031.5681028,3.0,-9.0,-44.0
1776885031.5781028,3.0,-9.0,-53.0
1776885031.5881028,5.0,-6.0,-53.0
1776885031.5981028,7.0,-4.0,-47.0
1776885031.6081028,-1.0,-6.0,-49.0
1776885031.6181028,-3.0,-5.0,-56.0
1776885031.6281028,-1.0,-3.0,-56.0
1776885031.6381028,0.0,-2.0,-56.0
1776885031.6481028,5.0,-1.0,-57.0
1776885031.6581028,2.0,1.0,-56.0
1776885031.6681027,1.0,0.0,-53.0
1776885031.6781027,2.0,0.0,-55.0
1776885031.6881027,3.0,3.0,-54.0
1776885031.6981027,3.0,8.0,-52.0
1776885031.7081027,3.0,5.0,-53.0
1776885031.7181027,6.0,-1.0,-44.0
1776885031.7281027,0.0,-3.0,-37.0
1776885031.738103,4.0,-3.0,-42.0
1776885031.748103,5.0,-3.0,-43.0
1776885031.758103,3.0,-4.0,-49.0
1776885031.7681026,0.0,0.0,-45.0
1776885031.7781026,-5.0,-2.0,-45.0
1776885031.7881026,-7.0,-7.0,-38.0
1776885031.7981029,-3.0,-2.0,-42.0
1776885031.8081028,-5.0,-2.0,-44.0
1776885031.8181028,-5.0,-2.0,-42.0
1776885031.8281028,-4.0,0.0,-44.0
1776885031.8381028,-4.0,0.0,-42.0
1776885031.8481028,0.0,-3.0,-50.0
1776885031.8581028,0.0,-4.0,-49.0
1776885031.8681028,-1.0,-6.0,-49.0
1776885031.8781028,-5.0,-5.0,-44.0
1776885031.8881028,-5.0,-5.0,-39.0
1776885031.8981028,-5.0,0.0,-36.0
1776885031.9081028,-7.0,-1.0,-37.0
1776885031.9181027,-2.0,-5.0,-36.0
1776885031.9281027,-1.0,-3.0,-38.0
1776885031.9391026,-1.0,-1.0,-45.0
1776885031.9491026,0.0,0.0,-45.0
1776885031.9591026,7.0,-5.0,-44.0
1776885031.9691026,4.0,-2.0,-46.0
1776885031.9791028,4.0,-2.0,-48.0
1776885031.9891028,5.0,-5.0,-48.0
1776885031.9991028,3.0,-2.0,-45.0
1776885032.0091028,5.0,0.0,-48.0
1776885032.0191028,2.0,0.0,-56.0
1776885032.0291028,0.0,-1.0,-56.0
1776885032.0391028,-5.0,-2.0,-48.0
1776885032.0491028,-7.0,-3.0,-47.0
1776885032.0591028,-9.0,-5.0,-50.0
1776885032.0691028,-10.0,-7.0,-46.0
1776885032.0791028,-8.0,-3.0,-50.0
1776885032.0891027,-5.0,0.0,-45.0
1776885032.0991027,-3.0,-2.0,-45.0
1776885032.1091027,-3.0,0.0,-56.0
1776885032.1191027,-3.0,2.0,-55.0
1776885032.1291027,0.0,-3.0,-51.0
1776885032.1391027,1.0,-4.0,-49.0
1776885032.1491027,3.0,-1.0,-47.0
1776885032.159103,4.0,1.0,-54.0
1776885032.169103,8.0,-2.0,-52.0
1776885032.179103,6.0,-4.0,-52.0
1776885032.1891026,4.0,-3.0,-50.0
1776885032.1991026,1.0,-2.0,-46.0
1776885032.2091026,0.0,1.0,-48.0
1776885032.2191026,-3.0,0.0,-51.0
1776885032.2291028,-6.0,-1.0,-54.0
1776885032.2391028,-2.0,0.0,-48.0
1776885032.2491028,0.0,0.0,-48.0
1776885032.2591028,0.0,0.0,-47.0
1776885032.2691028,-2.0,1.0,-48.0
1776885032.2791028,-1.0,-1.0,-57.0
1776885032.2891028,-1.0,0.0,-53.0
1776885032.2991028,-4.0,-1.0,-48.0
1776885032.3091028,-6.0,0.0,-48.0
1776885032.3191028,-3.0,3.0,-47.0
1776885032.3291028,-2.0,1.0,-51.0
1776885032.3391027,-5.0,0.0,-49.0
1776885032.3491027,-6.0,0.0,-46.0
1776885032.3591027,-7.0,-1.0,-45.0
1776885032.3691027,-7.0,-2.0,-42.0
1776885032.3791027,-10.0,1.0,-50.0
1776885032.3891027,-7.0,6.0,-56.0
1776885032.3991027,-3.0,6.0,-57.0
1776885032.409103,-5.0,5.0,-57.0
1776885032.419103,-1.0,5.0,-56.0
1776885032.429103,1.0,2.0,-51.0
1776885032.4391026,-1.0,2.0,-51.0
1776885032.4491026,0.0,2.0,-54.0
1776885032.4591026,4.0,3.0,-46.0
1776885032.4691026,0.0,0.0,-41.0
1776885032.4791028,3.0,1.0,-46.0
1776885032.4891028,0.0,-2.0,-47.0
1776885032.4991028,2.0,0.0,-45.0
1776885032.5091028,-2.0,1.0,-43.0
1776885032.5191028,-4.0,1.0,-42.0
1776885032.5291028,-3.0,2.0,-41.0
1776885032.5391028,-4.0,0.0,-41.0
1776885032.5491028,-5.0,-1.0,-31.0
1776885032.5591028,-6.0,-3.0,-34.0
1776885032.5691028,-3.0,-10.0,-39.0
1776885032.5791028,0.0,-7.0,-39.0
1776885032.5891027,2.0,-6.0,-44.0
1776885032.5991027,-1.0,-6.0,-37.0
1776885032.6091027,-4.0,-6.0,-36.0
1776885032.6191027,-5.0,-4.0,-39.0
1776885032.6291027,-7.0,-6.0,-42.0
1776885032.6391027,-2.0,-10.0,-48.0
1776885032.6491027,-1.0,-10.0,-42.0
1776885032.659103,0.0,-7.0,-45.0
1776885032.669103,-3.0,-5.0,-47.0
1776885032.679103,1.0,-6.0,-49.0
1776885032.6891026,4.0,-6.0,-49.0
1776885032.6991026,2.0,-11.0,-50.0
1776885032.7091026,1.0,-10.0,-57.0
1776885032.7191026,4.0,-6.0,-51.0
1776885032.7291028,2.0,-1.0,-52.0
1776885032.7391028,2.0,1.0,-57.0
1776885032.7491028,4.0,3.0,-56.0
1776885032.7591028,4.0,0.0,-54.0
1776885032.7691028,2.0,0.0,-55.0
1776885032.7791028,0.0,0.0,-54.0
1776885032.7891028,-5.0,-1.0,-45.0
1776885032.7991028,-7.0,-1.0,-43.0
1776885032.8091028,-8.0,-1.0,-45.0
1776885032.8191028,-3.0,-3.0,-43.0
1776885032.8291028,-6.0,-6.0,-48.0
1776885032.8391027,-6.0,-5.0,-47.0
1776885032.8491027,-3.0,-1.0,-42.0
1776885032.8591027,-2.0,-4.0,-44.0
1776885032.8691027,3.0,0.0,-49.0
1776885032.8791027,1.0,1.0,-45.0
1776885032.8891027,0.0,-3.0,-44.0
1776885032.8991027,0.0,-2.0,-49.0
1776885032.909103,6.0,1.0,-45.0
1776885032.919103,6.0,2.0,-44.0
1776885032.929103,6.0,4.0,-42.0
1776885032.9391026,7.0,2.0,-36.0
1776885032.9491026,5.0,-1.0,-41.0
1776885032.9591026,4.0,-2.0,-43.0
1776885032.9691026,1.0,-7.0,-42.0
1776885032.9791028,0.0,-8.0,-38.0
1776885032.9891028,-1.0,-2.0,-36.0
1776885032.9991028,2.0,-2.0,-41.0
1776885033.0091028,4.0,-1.0,-45.0
1776885033.0191028,2.0,0.0,-53.0
1776885033.0291028,2.0,0.0,-59.0
1776885033.0391028,1.0,1.0,-56.0
1776885033.0491028,3.0,1.0,-57.0
1776885033.0591028,7.0,1.0,-59.0
1776885033.0691028,0.0,2.0,-57.0
1776885033.0791028,-1.0,3.0,-44.0
1776885033.0891027,-3.0,-2.0,-41.0
1776885033.0991027,-2.0,-8.0,-43.0
1776885033.1091027,-1.0,-6.0,-50.0
1776885033.1191027,-2.0,-7.0,-55.0
1776885033.1291027,-2.0,-9.0,-60.0
1776885033.1391027,-2.0,-7.0,-56.0
1776885033.1491027,-3.0,-6.0,-55.0
1776885033.159103,2.0,-4.0,-52.0
1776885033.169103,4.0,-1.0,-49.0
1776885033.179103,-1.0,0.0,-47.0
1776885033.1891026,-1.0,-2.0,-52.0
1776885033.1991026,0.0,0.0,-50.0
1776885033.2091026,-1.0,0.0,-51.0
1776885033.2191026,-2.0,1.0,-37.0
1776885033.2291028,0.0,0.0,-27.0
1776885033.2391028,2.0,-1.0,-24.0
1776885033.2491028,0.0,-7.0,-32.0
1776885033.2591028,2.0,-5.0,-37.0
1776885033.2691028,0.0,-3.0,-37.0
1776885033.2791028,-1.0,-5.0,-42.0
1776885033.2891028,0.0,-3.0,-41.0
1776885033.2991028,0.0,-3.0,-33.0
1776885033.3091028,-1.0,-5.0,-37.0
1776885033.3191028,0.0,-2.0,-41.0
1776885033.3291028,1.0,-3.0,-43.0
1776885033.3391027,2.0,-4.0,-45.0
1776885033.3491027,2.0,-4.0,-53.0
1776885033.3591027,1.0,-1.0,-61.0
1776885033.3691027,1.0,-3.0,-59.0
1776885033.3791027,2.0,-5.0,-50.0
1776885033.3891027,1.0,-2.0,-48.0
1776885033.3991027,0.0,-3.0,-49.0
1776885033.409103,0.0,-3.0,-48.0
1776885033.419103,-5.0,-7.0,-49.0
1776885033.429103,-4.0,-6.0,-43.0
1776885033.4391026,-2.0,-8.0,-43.0
1776885033.4491026,-2.0,-7.0,-44.0
1776885033.4591026,-4.0,-7.0,-48.0
1776885033.4691026,-1.0,-4.0,-44.0
1776885033.4791028,0.0,-5.0,-35.0
1776885033.4891028,2.0,-5.0,-35.0
1776885033.4991028,1.0,-4.0,-42.0
1776885033.5091028,0.0,-4.0,-38.0
1776885033.5191028,-7.0,-6.0,-37.0
1776885033.5291028,-1.0,-8.0,-38.0
1776885033.5391028,0.0,-7.0,-38.0
1776885033.5491028,0.0,-1.0,-36.0
1776885033.5591028,0.0,0.0,-35.0
1776885033.5691028,-2.0,-1.0,-38.0
1776885033.5791028,-3.0,-1.0,-38.0
1776885033.5891027,-2.0,-5.0,-46.0
1776885033.5991027,0.0,-5.0,-47.0
1776885033.6091027,0.0,-5.0,-45.0
1776885033.6191027,-1.0,-2.0,-48.0
1776885033.6291027,1.0,-1.0,-52.0
1776885033.6391027,2.0,-5.0,-54.0
1776885033.6491027,3.0,-2.0,-50.0
1776885033.659103,6.0,-3.0,-52.0
1776885033.669103,2.0,1.0,-49.0
1776885033.679103,7.0,1.0,-44.0
1776885033.6891026,2.0,6.0,-40.0
1776885033.6991026,1.0,8.0,-46.0
1776885033.7091026,3.0,5.0,-44.0
1776885033.7191026,0.0,3.0,-37.0
1776885033.7291028,0.0,3.0,-41.0
1776885033.7391028,1.0,-1.0,-38.0
1776885033.7491028,0.0,-7.0,-42.0
1776885033.7591028,4.0,-7.0,-34.0
1776885033.7691028,3.0,-6.0,-32.0
1776885033.7791028,5.0,-7.0,-31.0
1776885033.7891028,4.0,-6.0,-32.0
1776885033.7991028,0.0,-3.0,-28.0
1776885033.8091028,2.0,-5.0,-30.0
1776885033.8191028,3.0,-9.0,-39.0
1776885033.8291028,4.0,-11.0,-37.0
1776885033.8391027,-2.0,-11.0,-35.0
1776885033.8491027,-1.0,-9.0,-42.0
1776885033.8591027,0.0,-9.0,-42.0
1776885033.8691027,0.0,-3.0,-44.0
1776885033.8791027,1.0,-3.0,-41.0
1776885033.8901026,-2.0,0.0,-35.0
1776885033.9001029,-6.0,0.0,-29.0
1776885033.9101028,-4.0,0.0,-37.0
1776885033.9201028,0.0,0.0,-43.0
1776885033.9301028,0.0,0.0,-53.0
1776885033.9401028,0.0,-1.0,-51.0
1776885033.9501028,0.0,0.0,-54.0
1776885033.9601028,0.0,-1.0,-55.0
1776885033.9701028,-4.0,0.0,-52.0
1776885033.9801028,0.0,0.0,-53.0
1776885033.9901028,1.0,0.0,-52.0
1776885034.0001028,2.0,1.0,-49.0
1776885034.0101027,-1.0,0.0,-49.0
1776885034.0201027,-4.0,-5.0,-49.0
1776885034.0301027,-2.0,-4.0,-49.0
1776885034.0401027,-2.0,-4.0,-51.0
1776885034.0501027,-2.0,-5.0,-41.0
1776885034.0601027,-4.0,-4.0,-38.0
1776885034.0701027,1.0,0.0,-43.0
1776885034.0801027,-1.0,1.0,-47.0
1776885034.090103,-2.0,2.0,-49.0
1776885034.100103,-4.0,4.0,-54.0
1776885034.110103,-8.0,3.0,-57.0
1776885034.1201026,-5.0,4.0,-53.0
1776885034.1301026,-7.0,3.0,-46.0
1776885034.1401026,-7.0,-4.0,-46.0
1776885034.1501029,-6.0,-1.0,-49.0
1776885034.1601028,-3.0,-1.0,-51.0
1776885034.1701028,0.0,-3.0,-47.0
1776885034.1801028,3.0,0.0,-48.0
1776885034.1901028,3.0,-4.0,-48.0
1776885034.2001028,2.0,-5.0,-46.0
1776885034.2101028,3.0,1.0,-46.0
1776885034.2201028,2.0,2.0,-46.0
1776885034.2301028,0.0,0.0,-44.0
1776885034.2401028,4.0,-1.0,-43.0
1776885034.2501028,1.0,0.0,-42.0
1776885034.2601027,-1.0,0.0,-39.0
1776885034.2701027,0.0,-2.0,-33.0
1776885034.2801027,-1.0,-1.0,-33.0
1776885034.2901027,0.0,1.0,-36.0
1776885034.3001027,-1.0,2.0,-36.0
1776885034.3101027,-5.0,1.0,-36.0
1776885034.3201027,-2.0,-3.0,-41.0
1776885034.3301027,0.0,-3.0,-39.0
1776885034.340103,7.0,-3.0,-36.0
1776885034.350103,0.0,-1.0,-36.0
1776885034.360103,2.0,0.0,-41.0
1776885034.3701026,3.0,-2.0,-39.0
1776885034.3801026,1.0,-5.0,-40.0
1776885034.3901026,5.0,-4.0,-46.0
1776885034.4001029,5.0,-7.0,-50.0
1776885034.4101028,3.0,-2.0,-51.0
1776885034.4201028,8.0,0.0,-54.0
1776885034.4301028,5.0,0.0,-51.0
1776885034.4401028,5.0,-1.0,-50.0
1776885034.4501028,2.0,1.0,-48.0
1776885034.4601028,0.0,0.0,-47.0
1776885034.4701028,0.0,-2.0,-50.0
1776885034.4801028,-3.0,-3.0,-49.0
1776885034.4901028,-1.0,1.0,-54.0
1776885034.5001028,1.0,2.0,-52.0
1776885034.5101027,3.0,6.0,-50.0
1776885034.5201027,6.0,3.0,-49.0
1776885034.5301027,8.0,0.0,-45.0
1776885034.5401027,8.0,-1.0,-44.0
1776885034.5501027,1.0,-5.0,-42.0
1776885034.5601027,-1.0,-5.0,-41.0
1776885034.5701027,0.0,-3.0,-38.0
1776885034.5801027,0.0,-6.0,-35.0
1776885034.590103,4.0,-2.0,-38.0
1776885034.600103,0.0,-2.0,-42.0
1776885034.610103,0.0,-5.0,-46.0
1776885034.6201026,3.0,0.0,-41.0
1776885034.6301026,2.0,0.0,-44.0
1776885034.6401026,1.0,0.0,-48.0
1776885034.6501029,1.0,1.0,-52.0
1776885034.6601028,2.0,1.0,-51.0
1776885034.6701028,5.0,-1.0,-42.0
1776885034.6801028,3.0,-4.0,-47.0
1776885034.6901028,3.0,-2.0,-47.0
1776885034.7001028,1.0,3.0,-41.0
1776885034.7101028,-1.0,1.0,-42.0
1776885034.7201028,0.0,-2.0,-45.0
1776885034.7301028,2.0,-5.0,-42.0
1776885034.7401028,-3.0,-2.0,-42.0
1776885034.7501028,2.0,0.0,-51.0
1776885034.7601027,3.0,0.0,-56.0
1776885034.7701027,6.0,0.0,-54.0
1776885034.7801027,9.0,3.0,-53.0
1776885034.7901027,4.0,-1.0,-57.0
1776885034.8001027,3.0,0.0,-54.0
1776885034.8101027,0.0,0.0,-52.0
1776885034.8201027,1.0,0.0,-51.0
1776885034.8301027,0.0,-1.0,-45.0
1776885034.840103,-1.0,-3.0,-44.0
1776885034.850103,5.0,-6.0,-46.0
1776885034.860103,6.0,-10.0,-53.0
1776885034.8701026,5.0,-10.0,-46.0
1776885034.8801026,4.0,-8.0,-50.0
1776885034.8901026,4.0,-2.0,-60.0
1776885034.9001029,3.0,0.0,-59.0
1776885034.9101028,0.0,-3.0,-50.0
1776885034.9201028,2.0,-5.0,-43.0
1776885034.9301028,2.0,-5.0,-42.0
1776885034.9401028,-1.0,-8.0,-42.0
1776885034.9501028,-4.0,-7.0,-43.0
1776885034.9601028,-1.0,-8.0,-43.0
1776885034.9701028,4.0,-8.0,-39.0
1776885034.9801028,0.0,-8.0,-42.0
1776885034.9901028,0.0,-3.0,-47.0
1776885035.0001028,-1.0,-1.0,-51.0
1776885035.0101027,-1.0,-6.0,-49.0
1776885035.0201027,0.0,-7.0,-40.0
1776885035.0301027,1.0,-7.0,-37.0
1776885035.0401027,0.0,-7.0,-41.0
1776885035.0501027,2.0,-5.0,-46.0
1776885035.0601027,2.0,-6.0,-44.0
1776885035.0701027,-1.0,-9.0,-43.0
1776885035.0801027,0.0,-7.0,-38.0
1776885035.090103,0.0,-7.0,-38.0
1776885035.100103,1.0,-8.0,-45.0
1776885035.110103,1.0,-8.0,-50.0
1776885035.1201026,3.0,-7.0,-40.0
1776885035.1301026,7.0,-2.0,-39.0
1776885035.1401026,5.0,-1.0,-40.0
1776885035.1501029,7.0,0.0,-47.0
1776885035.1601028,5.0,0.0,-51.0
1776885035.1701028,2.0,5.0,-53.0
1776885035.1801028,-1.0,1.0,-49.0
1776885035.1901028,1.0,0.0,-52.0
1776885035.2001028,0.0,-1.0,-56.0
1776885035.2101028,0.0,-1.0,-48.0
1776885035.2201028,-1.0,-2.0,-45.0
1776885035.2301028,-6.0,0.0,-46.0
1776885035.2401028,-5.0,1.0,-40.0
1776885035.2501028,-5.0,0.0,-42.0
1776885035.2601027,-7.0,-3.0,-43.0
1776885035.2701027,-8.0,-7.0,-41.0
1776885035.2801027,-9.0,-3.0,-49.0
1776885035.2901027,-5.0,-5.0,-45.0
1776885035.3001027,-1.0,-7.0,-41.0
1776885035.3101027,-3.0,-10.0,-41.0
1776885035.3201027,0.0,-9.0,-40.0
1776885035.3301027,1.0,-6.0,-48.0
1776885035.340103,2.0,-6.0,-55.0
1776885035.350103,3.0,-5.0,-55.0
1776885035.360103,5.0,-7.0,-54.0
1776885035.3701026,4.0,-4.0,-50.0
1776885035.3801026,1.0,-4.0,-43.0
1776885035.3901026,3.0,-1.0,-40.0
1776885035.4001029,0.0,-2.0,-37.0
1776885035.4101028,0.0,-1.0,-38.0
1776885035.4201028,1.0,0.0,-39.0
1776885035.4301028,4.0,0.0,-41.0
1776885035.4401028,0.0,-2.0,-44.0
1776885035.4501028,-3.0,-2.0,-42.0
1776885035.4601028,-5.0,-3.0,-44.0
1776885035.4701028,-3.0,-3.0,-45.0
1776885035.4801028,-1.0,-3.0,-38.0
1776885035.4901028,1.0,-5.0,-43.0
1776885035.5001028,1.0,-6.0,-43.0
1776885035.5101027,-5.0,-5.0,-40.0
1776885035.5201027,-3.0,-2.0,-47.0
1776885035.5301027,-2.0,-3.0,-49.0
1776885035.5401027,-1.0,-4.0,-48.0
1776885035.5501027,-1.0,0.0,-48.0
1776885035.5601027,2.0,0.0,-47.0
1776885035.5701027,3.0,-1.0,-49.0
1776885035.5801027,5.0,1.0,-43.0
1776885035.590103,3.0,-3.0,-45.0
1776885035.600103,1.0,-1.0,-45.0
1776885035.610103,4.0,-2.0,-47.0
1776885035.6201026,5.0,-2.0,-41.0
1776885035.6301026,2.0,-1.0,-39.0
1776885035.6401026,3.0,0.0,-40.0
1776885035.6501029,5.0,0.0,-47.0
1776885035.6601028,4.0,-3.0,-45.0
1776885035.6701028,6.0,-3.0,-45.0
1776885035.6801028,7.0,1.0,-47.0
1776885035.6901028,2.0,1.0,-43.0
1776885035.7001028,0.0,-2.0,-48.0
1776885035.7101028,-3.0,-3.0,-41.0
1776885035.7201028,-5.0,-3.0,-47.0
1776885035.7301028,-7.0,0.0,-50.0
1776885035.7401028,0.0,2.0,-49.0
1776885035.7501028,0.0,0.0,-48.0
1776885035.7601027,1.0,0.0,-51.0
1776885035.7701027,-1.0,-2.0,-49.0
1776885035.7801027,0.0,-1.0,-51.0
1776885035.7901027,1.0,1.0,-51.0
1776885035.8001027,0.0,0.0,-47.0
1776885035.8101027,0.0,0.0,-52.0
1776885035.8201027,-2.0,-3.0,-50.0
1776885035.8301027,-4.0,-2.0,-48.0
1776885035.840103,-1.0,-3.0,-46.0
1776885035.850103,1.0,-4.0,-46.0
1776885035.860103,2.0,-8.0,-40.0
1776885035.8701026,5.0,-10.0,-35.0
1776885035.8811028,5.0,-8.0,-45.0
1776885035.8911028,4.0,-7.0,-45.0
1776885035.9011028,3.0,-10.0,-52.0
1776885035.9111028,1.0,-3.0,-59.0
1776885035.9211028,-2.0,-6.0,-59.0
1776885035.9311028,-3.0,-3.0,-55.0
1776885035.9411027,0.0,-6.0,-50.0
1776885035.9511027,3.0,-6.0,-44.0
1776885035.9611027,2.0,-10.0,-43.0
1776885035.9711027,-2.0,-12.0,-44.0
1776885035.9811027,0.0,-7.0,-45.0
1776885035.9911027,0.0,-5.0,-43.0
1776885036.0011027,-1.0,-4.0,-36.0
1776885036.011103,2.0,-7.0,-35.0
1776885036.021103,2.0,-3.0,-39.0
1776885036.031103,2.0,-2.0,-42.0
1776885036.0411026,6.0,-5.0,-47.0
1776885036.0511026,4.0,-4.0,-51.0
1776885036.0611026,7.0,-5.0,-48.0
1776885036.0711029,10.0,-7.0,-47.0
1776885036.0811028,5.0,-5.0,-49.0
1776885036.0911028,8.0,-7.0,-57.0
1776885036.1011028,5.0,-1.0,-53.0
1776885036.1111028,1.0,0.0,-54.0
1776885036.1211028,-4.0,0.0,-50.0
1776885036.1311028,-3.0,3.0,-51.0
1776885036.1411028,1.0,3.0,-45.0
1776885036.1511028,2.0,2.0,-40.0
1776885036.1611028,3.0,0.0,-41.0
1776885036.1711028,4.0,1.0,-34.0
1776885036.1811028,3.0,0.0,-35.0
1776885036.1911027,0.0,-2.0,-41.0
1776885036.2011027,-1.0,-5.0,-46.0
1776885036.2111027,0.0,-3.0,-45.0
1776885036.2211027,0.0,-2.0,-49.0
1776885036.2311027,2.0,-3.0,-51.0
1776885036.2411027,3.0,0.0,-51.0
1776885036.2511027,2.0,0.0,-45.0
1776885036.261103,1.0,0.0,-36.0
1776885036.271103,0.0,-1.0,-34.0
1776885036.281103,0.0,-5.0,-36.0
1776885036.2911026,-1.0,-9.0,-34.0
1776885036.3011026,0.0,-7.0,-33.0
1776885036.3111026,1.0,-3.0,-37.0
1776885036.3211029,0.0,-1.0,-42.0
1776885036.3311028,-1.0,0.0,-42.0
1776885036.3411028,-4.0,0.0,-37.0
1776885036.3511028,-4.0,0.0,-41.0
1776885036.3611028,-3.0,-1.0,-38.0
1776885036.3711028,-2.0,-4.0,-37.0
1776885036.3811028,0.0,-7.0,-42.0
1776885036.3911028,7.0,-4.0,-48.0
1776885036.4011028,11.0,-4.0,-48.0
1776885036.4111028,13.0,1.0,-45.0
1776885036.4211028,10.0,-2.0,-46.0
1776885036.4311028,5.0,-4.0,-46.0
1776885036.4411027,1.0,-7.0,-48.0
1776885036.4511027,-1.0,-6.0,-43.0
1776885036.4611027,1.0,-8.0,-47.0
1776885036.4711027,0.0,-9.0,-51.0
1776885036.4811027,-1.0,-5.0,-45.0
1776885036.4911027,-2.0,-3.0,-46.0
1776885036.5011027,-3.0,1.0,-50.0
1776885036.511103,-5.0,2.0,-47.0
1776885036.521103,-5.0,0.0,-45.0
1776885036.531103,-7.0,1.0,-45.0
1776885036.5411026,-2.0,1.0,-47.0
1776885036.5511026,0.0,5.0,-45.0
1776885036.5611026,-2.0,0.0,-40.0
1776885036.5711029,0.0,-4.0,-40.0
1776885036.5811028,2.0,-2.0,-39.0
1776885036.5911028,2.0,0.0,-40.0
1776885036.6011028,4.0,-1.0,-38.0
1776885036.6111028,8.0,1.0,-42.0
1776885036.6211028,9.0,0.0,-45.0
1776885036.6311028,4.0,0.0,-46.0
1776885036.6411028,1.0,2.0,-52.0
1776885036.6511028,2.0,0.0,-52.0
1776885036.6611028,0.0,0.0,-54.0
1776885036.6711028,-1.0,2.0,-53.0
1776885036.6811028,0.0,3.0,-50.0
1776885036.6911027,-1.0,1.0,-54.0
1776885036.7011027,0.0,0.0,-43.0
1776885036.7111027,0.0,0.0,-41.0
1776885036.7211027,2.0,1.0,-46.0
1776885036.7311027,5.0,1.0,-43.0
1776885036.7411027,-1.0,1.0,-43.0
1776885036.7511027,-3.0,0.0,-46.0
1776885036.761103,-1.0,3.0,-47.0
1776885036.771103,-4.0,0.0,-40.0
1776885036.781103,-4.0,3.0,-42.0
1776885036.7911026,-3.0,1.0,-40.0
1776885036.8011026,-2.0,1.0,-44.0
1776885036.8111026,-4.0,2.0,-46.0
1776885036.8211029,-3.0,3.0,-45.0
1776885036.8311028,-4.0,1.0,-42.0
1776885036.8411028,-4.0,0.0,-43.0
1776885036.8511028,-2.0,-1.0,-44.0
1776885036.8611028,-1.0,-3.0,-38.0
1776885036.8711028,0.0,-4.0,-42.0
1776885036.8811028,0.0,0.0,-54.0
1776885036.8911028,3.0,0.0,-50.0
1776885036.9011028,3.0,3.0,-48.0
1776885036.9111028,3.0,3.0,-48.0
1776885036.9211028,3.0,0.0,-47.0
1776885036.9311028,5.0,0.0,-50.0
1776885036.9411027,3.0,0.0,-49.0
1776885036.9511027,0.0,-2.0,-55.0
1776885036.9611027,0.0,-3.0,-48.0
1776885036.9711027,4.0,-4.0,-45.0
1776885036.9811027,8.0,-2.0,-41.0
1776885036.9911027,6.0,-9.0,-44.0
1776885037.0011027,4.0,-9.0,-39.0
1776885037.011103,0.0,-7.0,-41.0
1776885037.021103,-3.0,-2.0,-43.0
1776885037.031103,0.0,-4.0,-50.0
1776885037.0411026,2.0,-3.0,-46.0
1776885037.0511026,1.0,-2.0,-45.0
1776885037.0611026,-1.0,-4.0,-41.0
1776885037.0711029,-2.0,0.0,-38.0
1776885037.0811028,-5.0,-3.0,-44.0
1776885037.0911028,-3.0,-3.0,-43.0
1776885037.1011028,-1.0,-5.0,-39.0
1776885037.1111028,-2.0,-5.0,-36.0
1776885037.1211028,-4.0,-3.0,-44.0
1776885037.1311028,-5.0,-5.0,-52.0
1776885037.1411028,-1.0,-6.0,-51.0
1776885037.1511028,-3.0,-5.0,-54.0
1776885037.1611028,-7.0,-6.0,-59.0
1776885037.1711028,-7.0,-5.0,-58.0
1776885037.1811028,-4.0,-6.0,-56.0
1776885037.1911027,-4.0,-8.0,-57.0
1776885037.2011027,-2.0,-10.0,-45.0
1776885037.2111027,-4.0,-8.0,-51.0
1776885037.2211027,-3.0,-4.0,-54.0
1776885037.2311027,0.0,0.0,-55.0
1776885037.2411027,2.0,2.0,-54.0
1776885037.2511027,2.0,2.0,-56.0
1776885037.261103,0.0,-1.0,-57.0
1776885037.271103,2.0,0.0,-58.0
1776885037.281103,2.0,1.0,-49.0
1776885037.2911026,0.0,2.0,-50.0
1776885037.3011026,0.0,0.0,-49.0
1776885037.3111026,0.0,-1.0,-46.0
1776885037.3211029,0.0,-2.0,-44.0
1776885037.3311028,3.0,-4.0,-42.0
1776885037.3411028,4.0,-6.0,-39.0
1776885037.3511028,8.0,-3.0,-36.0
1776885037.3611028,5.0,-2.0,-48.0
1776885037.3711028,3.0,-1.0,-44.0
1776885037.3811028,1.0,-1.0,-48.0
1776885037.3911028,-1.0,-3.0,-38.0
1776885037.4011028,0.0,-5.0,-40.0
1776885037.4111028,0.0,-4.0,-48.0
1776885037.4211028,-2.0,-6.0,-47.0
1776885037.4311028,-5.0,-6.0,-44.0
1776885037.4411027,-7.0,-7.0,-44.0
1776885037.4511027,-3.0,-5.0,-39.0
1776885037.4611027,-3.0,-2.0,-43.0
1776885037.4711027,-5.0,-4.0,-42.0
1776885037.4811027,-7.0,-9.0,-44.0
1776885037.4911027,-2.0,-10.0,-45.0
1776885037.5011027,-1.0,-11.0,-43.0
1776885037.511103,-3.0,-10.0,-45.0
1776885037.521103,-2.0,-6.0,-40.0
1776885037.531103,-1.0,-6.0,-42.0
1776885037.5411026,-1.0,-6.0,-41.0
1776885037.5511026,3.0,-4.0,-41.0
1776885037.5611026,2.0,-4.0,-46.0
1776885037.5711029,3.0,-3.0,-47.0
1776885037.5811028,-3.0,-2.0,-47.0
1776885037.5911028,-6.0,-4.0,-48.0
1776885037.6011028,-9.0,-4.0,-49.0
1776885037.6111028,-7.0,-6.0,-43.0
1776885037.6211028,-4.0,-3.0,-44.0
1776885037.6311028,-1.0,-5.0,-40.0
1776885037.6411028,-5.0,-4.0,-36.0
1776885037.6511028,-3.0,-2.0,-42.0
1776885037.6611028,-3.0,-1.0,-41.0
1776885037.6711028,1.0,2.0,-37.0
1776885037.6811028,0.0,0.0,-36.0
1776885037.6911027,-3.0,-3.0,-38.0
1776885037.7011027,1.0,-5.0,-47.0
1776885037.7111027,3.0,-3.0,-50.0
1776885037.7211027,2.0,-1.0,-45.0
1776885037.7311027,5.0,-5.0,-48.0
1776885037.7411027,5.0,-4.0,-48.0
1776885037.7511027,3.0,-2.0,-47.0
1776885037.761103,1.0,-6.0,-43.0
1776885037.771103,3.0,-10.0,-38.0
1776885037.781103,2.0,-10.0,-39.0
1776885037.7911026,2.0,-7.0,-45.0
1776885037.8011026,1.0,-4.0,-42.0
1776885037.8111026,1.0,-2.0,-47.0
1776885037.8211029,3.0,-1.0,-42.0
1776885037.8311028,4.0,-1.0,-48.0
1776885037.8411028,3.0,-4.0,-45.0
1776885037.8511028,6.0,-2.0,-44.0
1776885037.8611028,5.0,-1.0,-44.0
1776885037.8721027,2.0,-1.0,-39.0
1776885037.8821027,1.0,-1.0,-42.0
1776885037.8921027,-2.0,-1.0,-43.0
1776885037.9021027,-4.0,0.0,-45.0
1776885037.9121027,-3.0,-4.0,-49.0
1776885037.9221027,0.0,-4.0,-47.0
1776885037.932103,5.0,-7.0,-50.0
1776885037.942103,5.0,-6.0,-52.0
1776885037.952103,1.0,-3.0,-50.0
1776885037.962103,1.0,-1.0,-49.0
1776885037.9721026,-3.0,-2.0,-42.0
1776885037.9821026,-7.0,-2.0,-37.0
1776885037.9921026,-5.0,0.0,-30.0
1776885038.0021029,-2.0,1.0,-38.0
1776885038.0121028,-2.0,-2.0,-38.0
1776885038.0221028,1.0,-3.0,-42.0
1776885038.0321028,5.0,-5.0,-39.0
1776885038.0421028,7.0,-4.0,-40.0
1776885038.0521028,6.0,-3.0,-38.0
1776885038.0621028,7.0,-2.0,-39.0
1776885038.0721028,5.0,-1.0,-39.0
1776885038.0821028,5.0,0.0,-43.0
1776885038.0921028,4.0,-1.0,-47.0
1776885038.1021028,0.0,-1.0,-46.0
1776885038.1121027,0.0,-2.0,-41.0
1776885038.1221027,-2.0,1.0,-43.0
1776885038.1321027,-4.0,0.0,-45.0
1776885038.1421027,-5.0,-1.0,-37.0
1776885038.1521027,0.0,-5.0,-38.0
1776885038.1621027,-3.0,-7.0,-39.0
1776885038.1721027,-6.0,0.0,-35.0
1776885038.182103,-3.0,3.0,-43.0
1776885038.192103,-2.0,4.0,-46.0
1776885038.202103,-3.0,2.0,-53.0
1776885038.212103,-7.0,1.0,-47.0
1776885038.2221026,-3.0,0.0,-41.0
1776885038.2321026,2.0,0.0,-44.0
1776885038.2421026,3.0,-3.0,-40.0
1776885038.2521029,3.0,-3.0,-42.0
1776885038.2621028,4.0,0.0,-39.0
1776885038.2721028,3.0,-3.0,-43.0
1776885038.2821028,1.0,-3.0,-46.0
1776885038.2921028,2.0,0.0,-45.0
1776885038.3021028,0.0,-4.0,-46.0
1776885038.3121028,-2.0,-2.0,-44.0
1776885038.3221028,0.0,-1.0,-41.0
1776885038.3321028,3.0,-2.0,-39.0
1776885038.3421028,0.0,-3.0,-39.0
1776885038.3521028,1.0,-1.0,-45.0
1776885038.3621027,0.0,0.0,-46.0
1776885038.3721027,2.0,2.0,-49.0
1776885038.3821027,4.0,0.0,-50.0
1776885038.3921027,3.0,-3.0,-53.0
1776885038.4021027,5.0,-6.0,-49.0
1776885038.4121027,4.0,-5.0,-46.0
1776885038.4221027,4.0,-4.0,-44.0
1776885038.432103,5.0,-8.0,-53.0
1776885038.442103,-1.0,-6.0,-53.0
1776885038.452103,-1.0,-5.0,-54.0
1776885038.462103,-1.0,-4.0,-58.0
1776885038.4721026,2.0,-4.0,-51.0
1776885038.4821026,0.0,-2.0,-42.0
1776885038.4921026,0.0,-1.0,-41.0
1776885038.5021029,0.0,-1.0,-43.0
1776885038.5121028,1.0,0.0,-47.0
1776885038.5221028,4.0,-1.0,-52.0
1776885038.5321028,6.0,-1.0,-52.0
1776885038.5421028,9.0,1.0,-56.0
1776885038.5521028,6.0,0.0,-50.0
1776885038.5621028,4.0,0.0,-48.0
1776885038.5721028,2.0,0.0,-41.0
1776885038.5821028,0.0,0.0,-40.0
1776885038.5921028,0.0,-1.0,-46.0
1776885038.6021028,-3.0,-5.0,-52.0
1776885038.6121027,-5.0,-4.0,-47.0
1776885038.6221027,-6.0,-3.0,-40.0
1776885038.6321027,-4.0,-3.0,-49.0
1776885038.6421027,-3.0,-1.0,-52.0
1776885038.6521027,1.0,0.0,-54.0
1776885038.6621027,2.0,1.0,-51.0
1776885038.6721027,1.0,4.0,-41.0
1776885038.682103,-4.0,2.0,-39.0
1776885038.692103,-1.0,3.0,-40.0
1776885038.702103,-5.0,2.0,-37.0
1776885038.712103,-5.0,4.0,-37.0
1776885038.7221026,-6.0,6.0,-36.0
1776885038.7321026,-6.0,5.0,-37.0
1776885038.7421026,-6.0,9.0,-35.0
1776885038.7521029,-1.0,9.0,-41.0
1776885038.7621028,-3.0,6.0,-45.0
1776885038.7721028,-4.0,4.0,-44.0
1776885038.7821028,-1.0,0.0,-40.0
1776885038.7921028,1.0,-1.0,-36.0
1776885038.8021028,-1.0,-3.0,-37.0
1776885038.8121028,-2.0,-3.0,-36.0
1776885038.8221028,-1.0,-1.0,-30.0
1776885038.8321028,2.0,0.0,-35.0
1776885038.8421028,2.0,-3.0,-40.0
1776885038.8521028,2.0,-2.0,-46.0
1776885038.8621027,1.0,-3.0,-51.0
1776885038.8721027,1.0,-4.0,-51.0
1776885038.8821027,1.0,0.0,-48.0
1776885038.8921027,4.0,-1.0,-41.0
1776885038.9021027,4.0,0.0,-36.0
1776885038.9121027,2.0,1.0,-44.0
1776885038.9221027,5.0,3.0,-40.0
1776885038.932103,8.0,0.0,-45.0
1776885038.942103,6.0,-4.0,-46.0
1776885038.952103,3.0,-7.0,-47.0
1776885038.962103,1.0,-6.0,-45.0
1776885038.9721026,0.0,-7.0,-46.0
1776885038.9821026,1.0,-5.0,-52.0
1776885038.9921026,1.0,0.0,-53.0
1776885039.0021029,-1.0,3.0,-48.0
1776885039.0121028,1.0,2.0,-43.0
1776885039.0221028,1.0,2.0,-47.0
1776885039.0321028,1.0,0.0,-42.0
1776885039.0421028,4.0,0.0,-40.0
1776885039.0521028,2.0,-2.0,-39.0
1776885039.0621028,0.0,-2.0,-44.0
1776885039.0721028,-1.0,-2.0,-51.0
1776885039.0821028,-3.0,-2.0,-48.0
1776885039.0921028,-2.0,-3.0,-52.0
1776885039.1021028,-2.0,-3.0,-54.0
1776885039.1121027,-3.0,-3.0,-55.0
1776885039.1221027,-1.0,-3.0,-61.0
1776885039.1321027,-3.0,-5.0,-55.0
1776885039.1421027,-8.0,-7.0,-62.0
1776885039.1521027,-5.0,-6.0,-64.0
1776885039.1621027,0.0,-6.0,-64.0
1776885039.1721027,2.0,-3.0,-57.0
1776885039.182103,1.0,-4.0,-48.0
1776885039.192103,0.0,-6.0,-43.0
1776885039.202103,1.0,-8.0,-44.0
1776885039.212103,-1.0,-10.0,-49.0
1776885039.2221026,-4.0,-6.0,-47.0
1776885039.2321026,-6.0,-4.0,-41.0
1776885039.2421026,-3.0,-3.0,-37.0
1776885039.2521029,-1.0,-6.0,-46.0
1776885039.2621028,2.0,-6.0,-48.0
1776885039.2721028,5.0,-6.0,-44.0
1776885039.2821028,10.0,-6.0,-44.0
1776885039.2921028,7.0,-8.0,-42.0
1776885039.3021028,6.0,-5.0,-49.0
1776885039.3121028,4.0,-5.0,-50.0
1776885039.3221028,6.0,-3.0,-51.0
1776885039.3321028,3.0,-1.0,-49.0
1776885039.3421028,0.0,-4.0,-50.0
1776885039.3521028,0.0,-2.0,-47.0
1776885039.3621027,0.0,0.0,-44.0
1776885039.3721027,2.0,2.0,-46.0
1776885039.3821027,3.0,1.0,-43.0
1776885039.3921027,-1.0,-3.0,-44.0
1776885039.4021027,1.0,-3.0,-39.0
1776885039.4121027,-3.0,-3.0,-43.0
1776885039.4221027,-1.0,-3.0,-47.0
1776885039.432103,-2.0,-5.0,-48.0
1776885039.442103,-5.0,-4.0,-50.0
1776885039.452103,-4.0,-7.0,-47.0
1776885039.462103,0.0,-9.0,-43.0
1776885039.4721026,-4.0,-9.0,-42.0
1776885039.4821026,-3.0,-9.0,-47.0
1776885039.4921026,5.0,-8.0,-49.0
1776885039.5021029,0.0,-4.0,-48.0
1776885039.5121028,0.0,0.0,-43.0
1776885039.5221028,0.0,1.0,-43.0
1776885039.5321028,-1.0,1.0,-43.0
1776885039.5421028,0.0,0.0,-44.0
1776885039.5521028,0.0,0.0,-45.0
1776885039.5621028,0.0,-4.0,-40.0
1776885039.5721028,3.0,-5.0,-47.0
1776885039.5821028,6.0,-4.0,-44.0
1776885039.5921028,6.0,-3.0,-43.0
1776885039.6021028,3.0,-3.0,-40.0
1776885039.6121027,0.0,-6.0,-37.0
1776885039.6221027,3.0,-3.0,-38.0
1776885039.6321027,5.0,-5.0,-34.0
1776885039.6421027,3.0,-2.0,-36.0
1776885039.6521027,-2.0,-5.0,-33.0
1776885039.6621027,0.0,-6.0,-35.0
1776885039.6721027,-4.0,-4.0,-33.0
1776885039.682103,-1.0,-3.0,-40.0
1776885039.692103,1.0,-2.0,-48.0
1776885039.702103,2.0,-3.0,-56.0
1776885039.712103,0.0,-3.0,-57.0
1776885039.7221026,3.0,-4.0,-54.0
1776885039.7321026,5.0,-6.0,-46.0
1776885039.7421026,13.0,-7.0,-38.0
1776885039.7521029,14.0,-7.0,-32.0
1776885039.7621028,9.0,-6.0,-39.0
1776885039.7721028,8.0,-3.0,-40.0
1776885039.7821028,4.0,-3.0,-42.0
1776885039.7921028,2.0,-4.0,-40.0
1776885039.8031027,4.0,-4.0,-37.0
1776885039.8131027,1.0,-1.0,-38.0
1776885039.8231027,3.0,-5.0,-34.0
1776885039.8321028,5.0,-4.0,-34.0
1776885039.8431027,5.0,-8.0,-37.0
1776885039.8531027,1.0,-10.0,-39.0
1776885039.863103,4.0,-9.0,-44.0
1776885039.873103,1.0,-5.0,-51.0
1776885039.883103,1.0,-5.0,-44.0
1776885039.8931026,-2.0,0.0,-39.0
1776885039.9031026,0.0,0.0,-40.0
1776885039.9131026,-2.0,1.0,-45.0
1776885039.9231029,0.0,-3.0,-42.0
1776885039.9331028,0.0,-3.0,-40.0
1776885039.9431028,1.0,-1.0,-40.0
1776885039.9531028,1.0,-1.0,-44.0
1776885039.9631028,1.0,-1.0,-43.0
1776885039.9721026,-1.0,0.0,-50.0
1776885039.9831028,-2.0,0.0,-51.0
1776885039.9931028,-1.0,0.0,-47.0
1776885040.0031028,2.0,-2.0,-45.0
1776885040.0131028,2.0,0.0,-46.0
1776885040.0231028,0.0,-1.0,-41.0
1776885040.0331028,0.0,-1.0,-43.0
1776885040.0431027,0.0,-3.0,-50.0
1776885040.0531027,2.0,-3.0,-51.0
1776885040.0631027,2.0,-3.0,-45.0
1776885040.0731027,1.0,0.0,-43.0
1776885040.0831027,6.0,2.0,-40.0
1776885040.0931027,3.0,1.0,-34.0
1776885040.1031027,2.0,1.0,-37.0
1776885040.113103,-2.0,0.0,-38.0
1776885040.123103,1.0,-2.0,-34.0
1776885040.133103,2.0,-2.0,-40.0
1776885040.1431026,-2.0,-4.0,-41.0
1776885040.1531026,-5.0,0.0,-45.0
1776885040.1631026,-5.0,-1.0,-46.0
1776885040.1731029,1.0,-1.0,-43.0
1776885040.1831028,0.0,-1.0,-43.0
1776885040.1931028,1.0,-2.0,-37.0
1776885040.2031028,1.0,-1.0,-38.0
1776885040.2131028,2.0,0.0,-45.0
1776885040.2231028,5.0,1.0,-44.0
1776885040.2331028,4.0,0.0,-38.0
1776885040.2431028,2.0,-1.0,-38.0
1776885040.2531028,6.0,0.0,-40.0
1776885040.2631028,3.0,0.0,-42.0
1776885040.2731028,4.0,1.0,-41.0
1776885040.2831028,4.0,-2.0,-39.0
1776885040.2931027,2.0,-3.0,-40.0
1776885040.3031027,0.0,-3.0,-41.0
1776885040.3131027,2.0,-1.0,-44.0
1776885040.3231027,0.0,-5.0,-49.0
1776885040.3331027,2.0,-3.0,-46.0
1776885040.3431027,0.0,-6.0,-45.0
1776885040.3531027,1.0,-8.0,-45.0
1776885040.363103,1.0,-10.0,-48.0
1776885040.373103,0.0,-9.0,-49.0
1776885040.383103,-1.0,-9.0,-50.0
1776885040.3931026,1.0,-7.0,-50.0
1776885040.4031026,2.0,-6.0,-50.0
1776885040.4131026,3.0,-8.0,-53.0
1776885040.4231029,0.0,-7.0,-53.0
1776885040.4331028,0.0,-7.0,-50.0
1776885040.4431028,0.0,-6.0,-50.0
1776885040.4531028,0.0,-2.0,-49.0
1776885040.4631028,-3.0,0.0,-51.0
1776885040.4731028,1.0,0.0,-55.0
1776885040.4831028,-4.0,-1.0,-51.0
1776885040.4931028,-5.0,1.0,-45.0
1776885040.5031028,-5.0,7.0,-52.0
1776885040.5131028,-7.0,5.0,-49.0
1776885040.5231028,-13.0,2.0,-44.0
1776885040.5331028,-8.0,0.0,-47.0
1776885040.5431027,-10.0,-8.0,-51.0
1776885040.5531027,-6.0,-11.0,-51.0
1776885040.5631027,0.0,-8.0,-52.0
1776885040.5731027,1.0,0.0,-49.0
1776885040.5831027,1.0,-1.0,-47.0
1776885040.5931027,2.0,-2.0,-43.0
1776885040.6031027,2.0,-4.0,-45.0
1776885040.613103,6.0,-6.0,-50.0
1776885040.623103,8.0,-7.0,-51.0
1776885040.633103,2.0,-5.0,-54.0
1776885040.6431026,3.0,-2.0,-62.0
1776885040.6531026,1.0,1.0,-56.0
1776885040.6631026,2.0,1.0,-44.0
1776885040.6731029,4.0,0.0,-44.0
1776885040.6831028,2.0,0.0,-47.0
1776885040.6931028,2.0,-1.0,-52.0
1776885040.7031028,2.0,-3.0,-51.0
1776885040.7131028,1.0,-4.0,-46.0
1776885040.7231028,0.0,-3.0,-40.0
1776885040.7331028,5.0,0.0,-32.0
1776885040.7431028,3.0,-1.0,-34.0
1776885040.7531028,-1.0,0.0,-35.0
1776885040.7631028,-2.0,-1.0,-40.0
1776885040.7731028,0.0,-5.0,-43.0
1776885040.7831028,-1.0,-5.0,-41.0
1776885040.7931027,-2.0,-4.0,-42.0
1776885040.8031027,-4.0,-9.0,-36.0
1776885040.8131027,-2.0,-9.0,-39.0
1776885040.8231027,-4.0,-14.0,-41.0
1776885040.8331027,-11.0,-10.0,-49.0
1776885040.8431027,-12.0,-8.0,-48.0
1776885040.8531027,-11.0,-10.0,-50.0
1776885040.863103,-7.0,-6.0,-52.0
1776885040.873103,-5.0,-3.0,-54.0
1776885040.883103,-4.0,-3.0,-57.0
1776885040.8931026,-2.0,-2.0,-52.0
1776885040.9031026,-1.0,-1.0,-46.0
1776885040.9131026,1.0,-4.0,-42.0
1776885040.9231029,3.0,-7.0,-40.0
1776885040.9331028,0.0,-5.0,-39.0
1776885040.9431028,-1.0,-9.0,-36.0
1776885040.9531028,-3.0,-5.0,-40.0
1776885040.9631028,0.0,-4.0,-44.0
1776885040.9731028,-1.0,-3.0,-48.0
1776885040.9831028,0.0,-6.0,-49.0
1776885040.9931028,2.0,-2.0,-48.0
1776885041.0031028,3.0,0.0,-45.0
1776885041.0131028,0.0,-3.0,-53.0
1776885041.0231028,1.0,-7.0,-54.0
1776885041.0331028,-1.0,-7.0,-56.0
1776885041.0431027,1.0,-5.0,-58.0
1776885041.0531027,-1.0,-6.0,-60.0
1776885041.0631027,2.0,-2.0,-54.0
1776885041.0731027,0.0,-4.0,-61.0
1776885041.0831027,3.0,-7.0,-54.0
1776885041.0931027,1.0,-10.0,-54.0
1776885041.1031027,1.0,-8.0,-52.0
1776885041.113103,-2.0,-4.0,-47.0
1776885041.123103,0.0,-5.0,-45.0
1776885041.133103,-1.0,-2.0,-47.0
1776885041.1431026,6.0,-4.0,-51.0
1776885041.1531026,7.0,-6.0,-54.0
1776885041.1631026,6.0,-7.0,-57.0
1776885041.1731029,7.0,-7.0,-56.0
1776885041.1831028,6.0,-7.0,-61.0
1776885041.1931028,6.0,-4.0,-52.0
1776885041.2031028,5.0,-1.0,-49.0
1776885041.2131028,6.0,4.0,-49.0
1776885041.2231028,5.0,2.0,-43.0
1776885041.2331028,2.0,3.0,-34.0
1776885041.2431028,1.0,3.0,-38.0
1776885041.2531028,2.0,4.0,-42.0
1776885041.2631028,5.0,5.0,-51.0
1776885041.2731028,3.0,0.0,-52.0
1776885041.2831028,3.0,-4.0,-59.0
1776885041.2931027,4.0,-3.0,-51.0
1776885041.3031027,0.0,-3.0,-50.0
1776885041.3131027,2.0,0.0,-53.0
1776885041.3231027,5.0,0.0,-49.0
1776885041.3331027,0.0,-3.0,-50.0
1776885041.3431027,0.0,-4.0,-46.0
1776885041.3531027,1.0,-3.0,-40.0
1776885041.363103,0.0,-3.0,-45.0
1776885041.373103,2.0,-7.0,-51.0
1776885041.383103,3.0,-7.0,-51.0
1776885041.3931026,4.0,-8.0,-53.0
1776885041.4031026,3.0,-7.0,-52.0
1776885041.4131026,3.0,-9.0,-50.0
1776885041.4231029,1.0,-7.0,-50.0
1776885041.4331028,0.0,-6.0,-55.0
1776885041.4431028,-4.0,-10.0,-54.0
1776885041.4531028,-2.0,-9.0,-54.0
1776885041.4631028,-2.0,-6.0,-52.0
1776885041.4731028,-5.0,-1.0,-50.0
1776885041.4831028,-5.0,0.0,-48.0
1776885041.4931028,-8.0,0.0,-42.0
1776885041.5031028,-8.0,2.0,-45.0
1776885041.5131028,-3.0,3.0,-42.0
1776885041.5231028,0.0,-2.0,-41.0
1776885041.5331028,0.0,0.0,-41.0
1776885041.5431027,0.0,0.0,-48.0
1776885041.5531027,0.0,0.0,-47.0
1776885041.5631027,2.0,0.0,-48.0
1776885041.5731027,3.0,-1.0,-48.0
1776885041.5831027,4.0,1.0,-45.0
1776885041.5931027,4.0,0.0,-44.0
1776885041.6031027,5.0,-2.0,-39.0
1776885041.613103,0.0,0.0,-39.0
1776885041.623103,-1.0,0.0,-36.0
1776885041.633103,-1.0,0.0,-39.0
1776885041.6431026,0.0,0.0,-38.0
1776885041.6531026,-1.0,0.0,-35.0
1776885041.6631026,4.0,-1.0,-40.0
1776885041.6731029,2.0,-2.0,-38.0
1776885041.6831028,5.0,-4.0,-37.0
1776885041.6931028,6.0,-2.0,-43.0
1776885041.7031028,6.0,-1.0,-49.0
1776885041.7131028,7.0,-3.0,-47.0
1776885041.7231028,3.0,-5.0,-42.0
1776885041.7331028,-1.0,-6.0,-41.0
1776885041.7431028,-2.0,-6.0,-39.0
1776885041.7531028,0.0,0.0,-41.0
1776885041.7631028,0.0,1.0,-42.0
1776885041.7731028,0.0,1.0,-39.0
1776885041.7831028,-1.0,3.0,-47.0
1776885041.794103,-4.0,1.0,-43.0
1776885041.804103,-2.0,0.0,-42.0
1776885041.8141026,-3.0,0.0,-43.0
1776885041.8241026,-8.0,-2.0,-46.0
1776885041.8341026,-10.0,-5.0,-49.0
1776885041.8441026,-8.0,-4.0,-44.0
1776885041.8541028,-5.0,-2.0,-45.0
1776885041.8641028,-5.0,-3.0,-50.0
1776885041.8741028,-3.0,-3.0,-48.0
1776885041.8841028,-4.0,0.0,-46.0
1776885041.8941028,-5.0,2.0,-47.0
1776885041.9041028,-6.0,0.0,-39.0
1776885041.9141028,-8.0,0.0,-46.0
1776885041.9241028,-2.0,1.0,-45.0
1776885041.9341028,2.0,0.0,-54.0
1776885041.9441028,1.0,-2.0,-52.0
1776885041.9541028,1.0,0.0,-57.0
1776885041.9641027,0.0,1.0,-55.0
1776885041.9741027,-1.0,0.0,-51.0
1776885041.9841027,-2.0,0.0,-49.0
1776885041.9941027,-5.0,1.0,-45.0
1776885042.0041027,-2.0,0.0,-47.0
1776885042.0141027,0.0,3.0,-49.0
1776885042.0241027,-1.0,1.0,-48.0
1776885042.034103,-5.0,2.0,-50.0
1776885042.044103,-7.0,0.0,-58.0
1776885042.054103,-3.0,1.0,-56.0
1776885042.0641026,-6.0,-1.0,-54.0
1776885042.0741026,-7.0,-4.0,-48.0
1776885042.0841026,-5.0,-2.0,-51.0
1776885042.0941026,-1.0,0.0,-52.0
1776885042.1041028,0.0,1.0,-49.0
1776885042.1141028,0.0,0.0,-47.0
1776885042.1241028,1.0,0.0,-48.0
1776885042.1341028,0.0,1.0,-47.0
1776885042.1441028,-3.0,2.0,-43.0
1776885042.1541028,-2.0,-2.0,-36.0
1776885042.1641028,-1.0,-6.0,-29.0
1776885042.1741028,-4.0,-5.0,-31.0
1776885042.1841028,-12.0,-6.0,-33.0
1776885042.1941028,-14.0,-9.0,-39.0
1776885042.2041028,-14.0,-6.0,-40.0
1776885042.2141027,-15.0,-5.0,-43.0
1776885042.2241027,-13.0,-4.0,-49.0
1776885042.2341027,-16.0,-5.0,-45.0
1776885042.2441027,-15.0,-1.0,-49.0
1776885042.2541027,-9.0,0.0,-49.0
1776885042.2641027,-2.0,0.0,-52.0
1776885042.2741027,-3.0,0.0,-45.0
1776885042.284103,-1.0,-2.0,-46.0
1776885042.294103,0.0,-4.0,-45.0
1776885042.304103,2.0,0.0,-42.0
1776885042.3141026,1.0,2.0,-33.0
1776885042.3241026,2.0,0.0,-28.0
1776885042.3341026,0.0,0.0,-27.0
1776885042.3441026,-1.0,3.0,-30.0
1776885042.3541028,1.0,1.0,-37.0
1776885042.3641028,0.0,0.0,-40.0
1776885042.3741028,0.0,0.0,-37.0
1776885042.3841028,0.0,0.0,-35.0
1776885042.3941028,-3.0,-6.0,-40.0
1776885042.4041028,0.0,-7.0,-40.0
1776885042.4141028,1.0,-7.0,-42.0
1776885042.4241028,3.0,-6.0,-38.0
1776885042.4341028,2.0,-6.0,-37.0
1776885042.4441028,3.0,-6.0,-33.0
1776885042.4541028,4.0,-6.0,-34.0
1776885042.4641027,3.0,-3.0,-29.0
1776885042.4741027,4.0,1.0,-32.0
1776885042.4841027,1.0,0.0,-40.0
1776885042.4941027,-4.0,3.0,-47.0
1776885042.5041027,-6.0,-3.0,-40.0
1776885042.5141027,-7.0,-5.0,-43.0
1776885042.5241027,-4.0,-5.0,-50.0
1776885042.534103,-6.0,-2.0,-42.0
1776885042.544103,-5.0,-1.0,-40.0
1776885042.554103,-2.0,0.0,-38.0
1776885042.5641026,-4.0,0.0,-38.0
1776885042.5741026,-1.0,-1.0,-41.0
1776885042.5841026,-2.0,-6.0,-44.0
1776885042.5941026,-1.0,-9.0,-38.0
1776885042.6041028,0.0,-4.0,-41.0
1776885042.6141028,1.0,-5.0,-40.0
1776885042.6241028,2.0,-7.0,-44.0
1776885042.6341028,0.0,-10.0,-43.0
1776885042.6441028,-1.0,-9.0,-42.0
1776885042.6541028,-4.0,-11.0,-41.0
1776885042.6641028,-4.0,-7.0,-42.0
1776885042.6741028,-6.0,-2.0,-37.0
1776885042.6841028,-7.0,-2.0,-41.0
1776885042.6941028,-13.0,-5.0,-37.0
1776885042.7041028,-9.0,-4.0,-37.0
1776885042.7141027,-6.0,-2.0,-37.0
1776885042.7241027,-6.0,1.0,-39.0
1776885042.7341027,-7.0,1.0,-39.0
1776885042.7441027,-11.0,-1.0,-42.0
1776885042.7541027,-5.0,0.0,-45.0
1776885042.7641027,-5.0,2.0,-42.0
1776885042.7741027,-2.0,0.0,-46.0
1776885042.784103,2.0,4.0,-44.0
1776885042.794103,1.0,4.0,-43.0
1776885042.804103,-1.0,4.0,-41.0
1776885042.8141026,-1.0,-2.0,-47.0
1776885042.8241026,0.0,-5.0,-48.0
1776885042.8341026,0.0,-5.0,-34.0
1776885042.8441026,0.0,-11.0,-33.0
1776885042.8541028,1.0,-7.0,-34.0
1776885042.8641028,2.0,-7.0,-37.0
1776885042.8741028,-1.0,-5.0,-41.0
1776885042.8841028,-1.0,-2.0,-44.0
1776885042.8941028,-3.0,-5.0,-47.0
1776885042.9041028,-2.0,-6.0,-45.0
1776885042.9141028,-2.0,-5.0,-43.0
1776885042.9241028,-4.0,-1.0,-39.0
1776885042.9341028,-11.0,-1.0,-35.0
1776885042.9441028,-11.0,1.0,-32.0
1776885042.9541028,-11.0,1.0,-36.0
1776885042.9641027,-7.0,2.0,-42.0
1776885042.9741027,-8.0,-2.0,-44.0
1776885042.9841027,-10.0,-4.0,-40.0
1776885042.9941027,-8.0,-4.0,-41.0
1776885043.0041027,-8.0,-4.0,-49.0
1776885043.0141027,-7.0,0.0,-49.0
1776885043.0241027,-7.0,-1.0,-52.0
1776885043.034103,-5.0,0.0,-50.0
1776885043.044103,-8.0,1.0,-49.0
1776885043.054103,-3.0,0.0,-51.0
1776885043.0641026,-1.0,-1.0,-44.0
1776885043.0741026,1.0,-7.0,-39.0
1776885043.0841026,5.0,-6.0,-44.0
1776885043.0941026,10.0,-3.0,-41.0
1776885043.1041028,7.0,-3.0,-43.0
1776885043.1141028,0.0,0.0,-46.0
1776885043.1241028,-2.0,0.0,-47.0
1776885043.1341028,0.0,0.0,-49.0
1776885043.1441028,3.0,-3.0,-38.0
1776885043.1541028,5.0,-4.0,-38.0
1776885043.1641028,3.0,-6.0,-45.0
1776885043.1741028,3.0,-4.0,-44.0
1776885043.1841028,-1.0,-7.0,-41.0
1776885043.1941028,-3.0,-7.0,-42.0
1776885043.2041028,0.0,-9.0,-45.0
1776885043.2141027,1.0,-7.0,-37.0
1776885043.2241027,1.0,-6.0,-46.0
1776885043.2341027,3.0,-8.0,-51.0
1776885043.2441027,5.0,-5.0,-53.0
1776885043.2541027,3.0,-3.0,-54.0
1776885043.2641027,3.0,-2.0,-53.0
1776885043.2741027,2.0,-2.0,-51.0
1776885043.284103,0.0,0.0,-55.0
1776885043.294103,-4.0,1.0,-57.0
1776885043.304103,-4.0,-3.0,-56.0
1776885043.3141026,1.0,-4.0,-54.0
1776885043.3241026,1.0,-4.0,-53.0
1776885043.3341026,0.0,-7.0,-56.0
1776885043.3441026,1.0,-5.0,-63.0
1776885043.3541028,6.0,-6.0,-63.0
1776885043.3641028,2.0,-7.0,-56.0
1776885043.3741028,-1.0,-6.0,-59.0
1776885043.3841028,-1.0,-1.0,-58.0
1776885043.3941028,0.0,0.0,-61.0
1776885043.4041028,1.0,0.0,-58.0
1776885043.4141028,0.0,-3.0,-55.0
1776885043.4241028,2.0,0.0,-48.0
1776885043.4341028,3.0,0.0,-48.0
1776885043.4441028,6.0,-1.0,-50.0
1776885043.4541028,5.0,-7.0,-50.0
1776885043.4641027,3.0,-5.0,-54.0
1776885043.4741027,-1.0,-1.0,-53.0
1776885043.4841027,-3.0,1.0,-44.0
1776885043.4941027,-4.0,4.0,-40.0
1776885043.5041027,0.0,5.0,-41.0
1776885043.5141027,-1.0,6.0,-42.0
1776885043.5241027,1.0,6.0,-45.0
1776885043.534103,4.0,5.0,-42.0
1776885043.544103,1.0,1.0,-45.0
1776885043.554103,4.0,0.0,-45.0
1776885043.5641026,0.0,1.0,-42.0
1776885043.5741026,2.0,2.0,-37.0
1776885043.5841026,0.0,3.0,-40.0
1776885043.5941026,-2.0,5.0,-51.0
1776885043.6041028,-4.0,1.0,-56.0
1776885043.6141028,-1.0,2.0,-55.0
1776885043.6241028,1.0,0.0,-52.0
1776885043.6341028,-3.0,0.0,-47.0
1776885043.6441028,-4.0,1.0,-44.0
1776885043.6541028,-2.0,0.0,-45.0
1776885043.6641028,1.0,0.0,-51.0
1776885043.6741028,1.0,1.0,-60.0
1776885043.6841028,0.0,0.0,-64.0
1776885043.6941028,-2.0,-3.0,-61.0
1776885043.7041028,-2.0,-2.0,-60.0
1776885043.7141027,-2.0,-5.0,-57.0
1776885043.725103,-2.0,0.0,-57.0
1776885043.7341027,-2.0,-1.0,-51.0
1776885043.7441027,-3.0,-4.0,-48.0
1776885043.7541027,-5.0,-5.0,-55.0
1776885043.7641027,-5.0,-5.0,-48.0
1776885043.7751029,-1.0,-4.0,-40.0
1776885043.7851028,0.0,-4.0,-43.0
1776885043.7951028,3.0,-4.0,-45.0
1776885043.8051028,3.0,-6.0,-44.0
1776885043.8151028,4.0,0.0,-45.0
1776885043.8251028,4.0,-1.0,-41.0
1776885043.8351028,2.0,-4.0,-41.0
1776885043.8451028,2.0,-8.0,-42.0
1776885043.8551028,-1.0,-4.0,-48.0
1776885043.8651028,-1.0,0.0,-51.0
1776885043.8751028,-2.0,-2.0,-52.0
1776885043.8851027,-6.0,-4.0,-53.0
1776885043.8951027,-6.0,-3.0,-53.0
1776885043.9051027,-2.0,-1.0,-50.0
1776885043.9151027,-1.0,-2.0,-49.0
1776885043.9251027,-2.0,-4.0,-53.0
1776885043.9351027,-4.0,-6.0,-56.0
1776885043.9451027,-8.0,-11.0,-55.0
1776885043.9551027,-7.0,-11.0,-53.0
1776885043.965103,-10.0,-12.0,-54.0
1776885043.975103,-11.0,-13.0,-52.0
1776885043.985103,-7.0,-13.0,-51.0
1776885043.9951026,-2.0,-11.0,-46.0
1776885044.0051026,-2.0,-8.0,-42.0
1776885044.0151026,-1.0,-6.0,-40.0
1776885044.0251029,0.0,-4.0,-48.0
1776885044.0351028,0.0,-1.0,-45.0
1776885044.0451028,-1.0,-3.0,-49.0
1776885044.0551028,0.0,-7.0,-53.0
1776885044.0651028,5.0,-8.0,-55.0
1776885044.0751028,3.0,-7.0,-53.0
1776885044.0851028,3.0,-6.0,-46.0
1776885044.0951028,2.0,-8.0,-44.0
1776885044.1051028,0.0,-10.0,-44.0
1776885044.1151028,-4.0,-10.0,-45.0
1776885044.1251028,0.0,-12.0,-47.0
1776885044.1351027,-2.0,-13.0,-51.0
1776885044.1451027,-5.0,-16.0,-50.0
1776885044.1551027,-6.0,-15.0,-52.0
1776885044.1651027,-5.0,-14.0,-43.0
1776885044.1751027,-4.0,-14.0,-37.0
1776885044.1851027,1.0,-11.0,-36.0
1776885044.1951027,3.0,-7.0,-35.0
1776885044.2051027,0.0,-8.0,-42.0
1776885044.215103,0.0,-5.0,-45.0
1776885044.225103,6.0,-7.0,-45.0
1776885044.235103,2.0,-3.0,-38.0
1776885044.2451026,0.0,-4.0,-40.0
1776885044.2551026,2.0,0.0,-42.0
1776885044.2651026,3.0,-4.0,-47.0
1776885044.2751029,0.0,-6.0,-52.0
1776885044.2851028,0.0,-3.0,-49.0
1776885044.2951028,0.0,-2.0,-51.0
1776885044.3051028,1.0,-2.0,-43.0
1776885044.3151028,0.0,-2.0,-50.0
1776885044.3251028,0.0,0.0,-52.0
1776885044.3351028,0.0,0.0,-53.0
1776885044.3451028,0.0,3.0,-53.0
1776885044.3551028,0.0,4.0,-51.0
1776885044.3651028,2.0,0.0,-48.0
1776885044.3751028,1.0,-1.0,-47.0
1776885044.3851027,-1.0,-1.0,-46.0
1776885044.3951027,-6.0,-5.0,-54.0
1776885044.4051027,-5.0,-8.0,-57.0
1776885044.4151027,-4.0,-4.0,-54.0
1776885044.4251027,-3.0,-5.0,-53.0
1776885044.4351027,-5.0,-5.0,-44.0
1776885044.4451027,-2.0,-4.0,-41.0
1776885044.4551027,0.0,-3.0,-38.0
1776885044.465103,-1.0,-2.0,-44.0
1776885044.475103,-1.0,-5.0,-49.0
1776885044.485103,-3.0,-3.0,-51.0
1776885044.4951026,-9.0,-5.0,-46.0
1776885044.5051026,-12.0,-3.0,-44.0
1776885044.5151026,-5.0,-6.0,-49.0
1776885044.5251029,-2.0,-5.0,-48.0
1776885044.5351028,-1.0,-3.0,-47.0
1776885044.5451028,-2.0,-4.0,-49.0
1776885044.5551028,-9.0,-3.0,-47.0
1776885044.5651028,-10.0,-2.0,-47.0
1776885044.5751028,-11.0,-3.0,-49.0
1776885044.5851028,-4.0,-2.0,-49.0
1776885044.5951028,-2.0,-5.0,-47.0
1776885044.6051028,0.0,-4.0,-49.0
1776885044.6151028,-1.0,-5.0,-48.0
1776885044.6251028,-3.0,-5.0,-51.0
1776885044.6351027,-7.0,-6.0,-47.0
1776885044.6451027,-5.0,-4.0,-51.0
1776885044.6551027,-2.0,-6.0,-44.0
1776885044.6651027,-1.0,-1.0,-44.0
1776885044.6751027,1.0,0.0,-45.0
1776885044.6851027,0.0,-2.0,-47.0
1776885044.6951027,-3.0,-3.0,-48.0
1776885044.7051027,-4.0,-1.0,-42.0
1776885044.715103,1.0,1.0,-41.0
1776885044.725103,8.0,-1.0,-40.0
1776885044.735103,8.0,-1.0,-34.0
1776885044.7451026,4.0,-4.0,-41.0
1776885044.7551026,-1.0,-1.0,-42.0
1776885044.7651026,-3.0,-2.0,-46.0
1776885044.7751029,-2.0,-2.0,-46.0
1776885044.7851028,7.0,-3.0,-44.0
1776885044.7951028,7.0,-6.0,-44.0
1776885044.8051028,5.0,-7.0,-45.0
1776885044.8151028,-1.0,-8.0,-37.0
1776885044.8251028,-4.0,-1.0,-36.0
1776885044.8351028,-9.0,-3.0,-36.0
1776885044.8451028,-11.0,-4.0,-39.0
1776885044.8551028,-4.0,-5.0,-39.0
1776885044.8651028,-4.0,-4.0,-42.0
1776885044.8751028,-6.0,-4.0,-41.0
1776885044.8851027,-7.0,-2.0,-44.0
1776885044.8951027,-8.0,-6.0,-46.0
1776885044.9051027,-3.0,-5.0,-56.0
1776885044.9151027,-2.0,-6.0,-53.0
1776885044.9251027,0.0,-3.0,-54.0
1776885044.9351027,-1.0,-6.0,-51.0
1776885044.9451027,-3.0,-6.0,-53.0
1776885044.9551027,0.0,-2.0,-55.0
1776885044.965103,0.0,0.0,-58.0
1776885044.975103,1.0,0.0,-63.0
1776885044.985103,0.0,-1.0,-66.0
1776885044.9951026,-2.0,-2.0,-59.0
1776885045.0051026,-9.0,-2.0,-50.0
1776885045.0151026,-4.0,-3.0,-49.0
1776885045.0251029,2.0,-3.0,-49.0
1776885045.0351028,3.0,-4.0,-50.0
1776885045.0451028,4.0,-4.0,-49.0
1776885045.0551028,3.0,-3.0,-44.0
1776885045.0651028,5.0,-5.0,-40.0
1776885045.0751028,5.0,-4.0,-42.0
1776885045.0851028,7.0,-5.0,-44.0
1776885045.0951028,7.0,-1.0,-43.0
1776885045.1051028,0.0,-3.0,-44.0
1776885045.1151028,0.0,0.0,-44.0
1776885045.1251028,-1.0,4.0,-44.0
1776885045.1351027,0.0,3.0,-40.0
1776885045.1451027,-3.0,-1.0,-36.0
1776885045.1551027,-2.0,0.0,-33.0
1776885045.1651027,-1.0,0.0,-31.0
1776885045.1751027,1.0,-3.0,-34.0
1776885045.1851027,3.0,-5.0,-37.0
1776885045.1951027,9.0,-5.0,-34.0
1776885045.2051027,1.0,-9.0,-37.0
1776885045.215103,0.0,-9.0,-41.0
1776885045.225103,2.0,-4.0,-40.0
1776885045.235103,6.0,1.0,-44.0
1776885045.2451026,4.0,2.0,-43.0
1776885045.2551026,2.0,0.0,-38.0
1776885045.2651026,-1.0,1.0,-42.0
1776885045.2751029,-3.0,-1.0,-41.0
1776885045.2851028,-2.0,5.0,-44.0
1776885045.2951028,-5.0,3.0,-51.0
1776885045.3051028,-4.0,0.0,-50.0
1776885045.3151028,0.0,-3.0,-49.0
1776885045.3251028,-3.0,0.0,-45.0
1776885045.3351028,-5.0,0.0,-43.0
1776885045.3451028,-4.0,0.0,-50.0
1776885045.3551028,-5.0,0.0,-46.0
1776885045.3651028,-5.0,1.0,-39.0
1776885045.3751028,-3.0,0.0,-41.0
1776885045.3851027,-1.0,-2.0,-38.0
1776885045.3951027,-6.0,-2.0,-46.0
1776885045.4051027,-1.0,-1.0,-52.0
1776885045.4151027,0.0,-1.0,-48.0
1776885045.4251027,-6.0,-3.0,-46.0
1776885045.4351027,-3.0,-8.0,-39.0
1776885045.4451027,0.0,-6.0,-45.0
1776885045.4551027,4.0,-1.0,-47.0
1776885045.465103,7.0,-1.0,-52.0
1776885045.475103,6.0,0.0,-49.0
1776885045.485103,5.0,2.0,-48.0
1776885045.4951026,6.0,0.0,-52.0
1776885045.5051026,8.0,0.0,-56.0
1776885045.5151026,9.0,-2.0,-48.0
1776885045.5251029,4.0,-3.0,-42.0
1776885045.5351028,0.0,-3.0,-41.0
1776885045.5451028,0.0,-1.0,-38.0
1776885045.5551028,1.0,0.0,-39.0
1776885045.5651028,3.0,0.0,-32.0
1776885045.5751028,-1.0,-2.0,-30.0
1776885045.5851028,-3.0,-2.0,-35.0
1776885045.5951028,0.0,-2.0,-44.0
1776885045.6051028,-1.0,-3.0,-46.0
1776885045.6151028,-5.0,-4.0,-47.0
1776885045.6251028,-13.0,-2.0,-41.0
1776885045.6351027,-14.0,-4.0,-35.0
1776885045.6451027,-4.0,-3.0,-41.0
1776885045.6551027,-4.0,0.0,-43.0
1776885045.6651027,-1.0,-1.0,-40.0
1776885045.6751027,0.0,-1.0,-42.0
1776885045.6851027,0.0,-3.0,-45.0
1776885045.6951027,0.0,-3.0,-47.0
1776885045.7051027,-1.0,2.0,-50.0
1776885045.715103,-3.0,2.0,-49.0
1776885045.725103,-4.0,0.0,-40.0
1776885045.7361028,-5.0,0.0,-46.0
1776885045.7461028,-4.0,-4.0,-50.0
1776885045.7561028,0.0,-7.0,-56.0
1776885045.7651026,-1.0,-9.0,-52.0
1776885045.7761028,0.0,-6.0,-46.0
1776885045.7861028,1.0,-5.0,-41.0
1776885045.7961028,1.0,-3.0,-45.0
1776885045.8061028,-4.0,-2.0,-37.0
1776885045.8161027,-8.0,-4.0,-41.0
1776885045.8261027,-8.0,0.0,-47.0
1776885045.8361027,-5.0,3.0,-39.0
1776885045.8461027,-1.0,4.0,-38.0
1776885045.8561027,-1.0,2.0,-34.0
1776885045.8661027,-1.0,1.0,-38.0
1776885045.8761027,-3.0,0.0,-39.0
1776885045.886103,-5.0,-2.0,-45.0
1776885045.896103,-4.0,-6.0,-54.0
1776885045.906103,0.0,-1.0,-49.0
1776885045.9161026,1.0,0.0,-47.0
1776885045.9261026,5.0,-1.0,-52.0
1776885045.9361026,6.0,0.0,-51.0
1776885045.9461029,4.0,0.0,-45.0
1776885045.9561028,5.0,0.0,-43.0
1776885045.9661028,4.0,0.0,-38.0
1776885045.9761028,0.0,2.0,-44.0
1776885045.9861028,-2.0,-2.0,-44.0
1776885045.9961028,0.0,-3.0,-45.0
1776885046.0061028,3.0,-4.0,-45.0
1776885046.0161028,2.0,-1.0,-44.0
1776885046.0261028,3.0,0.0,-41.0
1776885046.0361028,4.0,1.0,-37.0
1776885046.0461028,0.0,1.0,-38.0
1776885046.0561028,5.0,1.0,-34.0
1776885046.0661027,0.0,3.0,-38.0
1776885046.0761027,0.0,0.0,-38.0
1776885046.0861027,0.0,0.0,-46.0
1776885046.0961027,0.0,-2.0,-42.0
1776885046.1061027,0.0,0.0,-41.0
1776885046.1161027,-3.0,0.0,-42.0
1776885046.1261027,-5.0,0.0,-44.0
1776885046.136103,-3.0,0.0,-55.0
1776885046.146103,-3.0,-2.0,-48.0
1776885046.156103,0.0,-1.0,-43.0
1776885046.1661026,3.0,0.0,-40.0
1776885046.1761026,2.0,-1.0,-40.0
1776885046.1861026,5.0,-2.0,-44.0
1776885046.1961029,4.0,-2.0,-46.0
1776885046.2061028,7.0,0.0,-44.0
1776885046.2161028,4.0,-2.0,-43.0
1776885046.2261028,6.0,-1.0,-42.0
1776885046.2361028,3.0,-4.0,-44.0
1776885046.2461028,2.0,-3.0,-47.0
1776885046.2561028,5.0,-5.0,-43.0
1776885046.2661028,2.0,-6.0,-44.0
1776885046.2761028,1.0,-4.0,-49.0
1776885046.2861028,0.0,-5.0,-49.0
1776885046.2961028,0.0,-8.0,-50.0
1776885046.3061028,0.0,-5.0,-49.0
1776885046.3161027,-2.0,-4.0,-51.0
1776885046.3261027,1.0,-4.0,-43.0
1776885046.3361027,0.0,-3.0,-45.0
1776885046.3461027,0.0,0.0,-56.0
1776885046.3561027,1.0,0.0,-53.0
1776885046.3661027,0.0,-1.0,-46.0
1776885046.3761027,0.0,-4.0,-39.0
1776885046.386103,2.0,-5.0,-39.0
1776885046.396103,4.0,-4.0,-48.0
1776885046.406103,5.0,-7.0,-47.0
1776885046.4161026,9.0,-10.0,-46.0
1776885046.4261026,5.0,-10.0,-47.0
1776885046.4361026,8.0,-10.0,-46.0
1776885046.4461029,3.0,-8.0,-46.0
1776885046.4561028,-1.0,-7.0,-48.0
1776885046.4661028,-2.0,-7.0,-46.0
1776885046.4761028,-1.0,-5.0,-44.0
1776885046.4861028,-1.0,-3.0,-40.0
1776885046.4961028,-5.0,-5.0,-45.0
1776885046.5061028,-5.0,-7.0,-43.0
1776885046.5161028,-4.0,-9.0,-37.0
1776885046.5261028,-3.0,-9.0,-37.0
1776885046.5361028,-1.0,-6.0,-39.0
1776885046.5461028,-5.0,-5.0,-45.0
1776885046.5561028,-10.0,-5.0,-42.0
1776885046.5661027,-10.0,-5.0,-40.0
1776885046.5761027,-7.0,-3.0,-46.0
1776885046.5861027,-3.0,-2.0,-51.0
1776885046.5961027,-3.0,-5.0,-52.0
1776885046.6061027,-2.0,-5.0,-53.0
1776885046.6161027,-3.0,-2.0,-50.0
1776885046.6261027,-1.0,-4.0,-45.0
1776885046.636103,0.0,-5.0,-43.0
1776885046.646103,1.0,-3.0,-36.0
1776885046.656103,0.0,-6.0,-35.0
1776885046.6661026,2.0,-5.0,-40.0
1776885046.6761026,3.0,-3.0,-40.0
1776885046.6861026,3.0,-2.0,-43.0
1776885046.6961029,2.0,-3.0,-44.0
1776885046.7061028,1.0,-4.0,-44.0
1776885046.7161028,0.0,-8.0,-42.0
1776885046.7261028,0.0,-8.0,-41.0
1776885046.7361028,0.0,-4.0,-36.0
1776885046.7461028,0.0,-8.0,-40.0
1776885046.7561028,1.0,-8.0,-46.0
1776885046.7661028,1.0,-7.0,-46.0
1776885046.7761028,5.0,-8.0,-53.0
1776885046.7861028,4.0,-9.0,-49.0
1776885046.7961028,3.0,-9.0,-43.0
1776885046.8061028,1.0,-6.0,-38.0
1776885046.8161027,-2.0,-8.0,-36.0
1776885046.8261027,-4.0,-9.0,-39.0
1776885046.8361027,-5.0,-8.0,-40.0
1776885046.8461027,-1.0,-8.0,-40.0
1776885046.8561027,0.0,-8.0,-46.0
1776885046.8661027,0.0,-7.0,-49.0
1776885046.8761027,-4.0,-5.0,-44.0
1776885046.886103,-6.0,-1.0,-36.0
1776885046.896103,-5.0,5.0,-43.0
1776885046.906103,-4.0,6.0,-40.0
1776885046.9161026,-6.0,6.0,-35.0
1776885046.9261026,-4.0,5.0,-38.0
1776885046.9361026,-3.0,6.0,-41.0
1776885046.9461029,-3.0,9.0,-39.0
1776885046.9561028,-8.0,8.0,-39.0
1776885046.9661028,-9.0,6.0,-37.0
1776885046.9761028,-7.0,10.0,-36.0
1776885046.9861028,-2.0,9.0,-38.0
1776885046.9961028,-1.0,6.0,-52.0
1776885047.0061028,3.0,3.0,-50.0
1776885047.0161028,2.0,1.0,-51.0
1776885047.0261028,1.0,-1.0,-53.0
1776885047.0361028,3.0,-2.0,-50.0
1776885047.0461028,8.0,-5.0,-54.0
1776885047.0561028,11.0,-5.0,-45.0
1776885047.0661027,9.0,-6.0,-44.0
1776885047.0761027,7.0,-4.0,-45.0
1776885047.0861027,5.0,-3.0,-42.0
1776885047.0961027,7.0,0.0,-43.0
1776885047.1061027,5.0,-1.0,-39.0
1776885047.1161027,0.0,0.0,-40.0
1776885047.1261027,0.0,2.0,-43.0
1776885047.136103,1.0,5.0,-41.0
1776885047.146103,5.0,1.0,-42.0
1776885047.156103,3.0,-1.0,-47.0
1776885047.1661026,7.0,-5.0,-47.0
1776885047.1761026,4.0,-4.0,-51.0
1776885047.1861026,3.0,-6.0,-52.0
1776885047.1961029,2.0,-4.0,-53.0
1776885047.2061028,1.0,-5.0,-52.0
1776885047.2161028,0.0,-5.0,-47.0
1776885047.2261028,0.0,-4.0,-38.0
1776885047.2361028,3.0,-5.0,-33.0
1776885047.2461028,2.0,-3.0,-35.0
1776885047.2561028,3.0,1.0,-40.0
1776885047.2661028,5.0,0.0,-40.0
1776885047.2761028,2.0,3.0,-39.0
1776885047.2861028,7.0,7.0,-38.0
1776885047.2961028,4.0,2.0,-46.0
1776885047.3061028,1.0,0.0,-50.0
1776885047.3161027,0.0,2.0,-43.0
1776885047.3261027,-4.0,-1.0,-41.0
1776885047.3361027,1.0,-3.0,-49.0
1776885047.3461027,3.0,-5.0,-48.0
1776885047.3561027,0.0,-3.0,-46.0
1776885047.3661027,0.0,1.0,-43.0
1776885047.3761027,-2.0,0.0,-44.0
1776885047.386103,-3.0,-1.0,-41.0
1776885047.396103,-3.0,-5.0,-38.0
1776885047.406103,-2.0,-2.0,-44.0
1776885047.4161026,-4.0,-4.0,-45.0
1776885047.4261026,0.0,-4.0,-44.0
1776885047.4361026,0.0,-4.0,-46.0
1776885047.4461029,0.0,-7.0,-48.0
1776885047.4561028,-2.0,-8.0,-43.0
1776885047.4661028,-4.0,-6.0,-42.0
1776885047.4761028,-4.0,-9.0,-36.0
1776885047.4861028,0.0,-5.0,-36.0
1776885047.4961028,0.0,-3.0,-43.0
1776885047.5061028,-5.0,-5.0,-45.0
1776885047.5161028,-5.0,-2.0,-49.0
1776885047.5261028,-2.0,-2.0,-45.0
1776885047.5361028,0.0,3.0,-43.0
1776885047.5461028,7.0,0.0,-46.0
1776885047.5561028,7.0,-2.0,-44.0
1776885047.5661027,2.0,-2.0,-45.0
1776885047.5761027,4.0,-3.0,-50.0
1776885047.5861027,7.0,-5.0,-54.0
1776885047.5961027,10.0,-5.0,-53.0
1776885047.6061027,10.0,-1.0,-48.0
1776885047.6161027,9.0,-3.0,-45.0
1776885047.6261027,5.0,-4.0,-49.0
1776885047.636103,-1.0,0.0,-45.0
1776885047.646103,0.0,0.0,-42.0
1776885047.656103,2.0,-4.0,-45.0
1776885047.6661026,2.0,-4.0,-47.0
1776885047.6761026,4.0,-5.0,-45.0
1776885047.6861026,3.0,-3.0,-45.0
1776885047.6961029,0.0,-6.0,-43.0
1776885047.7071028,-4.0,-5.0,-42.0
1776885047.7161028,-7.0,-5.0,-47.0
1776885047.7261028,-6.0,-6.0,-50.0
1776885047.7371027,-3.0,-8.0,-48.0
1776885047.7461028,1.0,-9.0,-47.0
1776885047.7571027,0.0,-7.0,-41.0
1776885047.7671027,-2.0,-5.0,-41.0
1776885047.7771027,-1.0,-3.0,-44.0
1776885047.7871027,0.0,-5.0,-42.0
1776885047.7971027,-3.0,-5.0,-38.0
1776885047.807103,-4.0,-6.0,-41.0
1776885047.817103,-2.0,-3.0,-47.0
1776885047.827103,-1.0,0.0,-44.0
1776885047.837103,-1.0,0.0,-47.0
1776885047.8471026,-1.0,0.0,-49.0
1776885047.8571026,-3.0,-1.0,-45.0
1776885047.8671026,-4.0,-1.0,-47.0
1776885047.8771029,-7.0,0.0,-51.0
1776885047.8871028,-8.0,-1.0,-48.0
1776885047.8971028,-7.0,1.0,-47.0
1776885047.9071028,-6.0,0.0,-43.0
1776885047.9171028,-2.0,0.0,-40.0
1776885047.9271028,-1.0,0.0,-37.0
1776885047.9371028,2.0,-2.0,-42.0
1776885047.9471028,1.0,-5.0,-41.0
1776885047.9571028,2.0,-8.0,-43.0
1776885047.9671028,8.0,-9.0,-35.0
1776885047.9771028,11.0,-10.0,-33.0
1776885047.9871027,9.0,-13.0,-36.0
1776885047.9971027,8.0,-7.0,-43.0
1776885048.0071027,4.0,-6.0,-46.0
1776885048.0171027,8.0,-8.0,-48.0
1776885048.0271027,4.0,-8.0,-47.0
1776885048.0371027,2.0,0.0,-47.0
1776885048.0471027,-1.0,0.0,-46.0
1776885048.057103,-3.0,0.0,-47.0
1776885048.067103,-6.0,-2.0,-52.0
1776885048.077103,-6.0,-1.0,-51.0
1776885048.087103,-2.0,1.0,-52.0
1776885048.0971026,1.0,3.0,-53.0
1776885048.1071026,0.0,1.0,-53.0
1776885048.1171026,2.0,0.0,-48.0
1776885048.1271029,0.0,1.0,-37.0
1776885048.1371028,-3.0,2.0,-37.0
1776885048.1471028,0.0,1.0,-39.0
1776885048.1571028,0.0,5.0,-47.0
1776885048.1671028,1.0,5.0,-48.0
1776885048.1771028,2.0,6.0,-48.0
1776885048.1871028,0.0,9.0,-43.0
1776885048.1971028,3.0,7.0,-38.0
1776885048.2071028,0.0,3.0,-39.0
1776885048.2171028,0.0,0.0,-46.0
1776885048.2271028,-2.0,0.0,-44.0
1776885048.2371027,-5.0,-2.0,-44.0
1776885048.2471027,-2.0,-4.0,-41.0
1776885048.2571027,0.0,-6.0,-46.0
1776885048.2671027,3.0,-7.0,-42.0
1776885048.2771027,4.0,-3.0,-45.0
1776885048.2871027,6.0,-4.0,-44.0
1776885048.2971027,4.0,-1.0,-37.0
1776885048.307103,2.0,0.0,-32.0
1776885048.317103,0.0,0.0,-36.0
1776885048.327103,4.0,0.0,-37.0
1776885048.337103,0.0,2.0,-44.0
1776885048.3471026,5.0,6.0,-47.0
1776885048.3571026,2.0,5.0,-50.0
1776885048.3671026,1.0,6.0,-49.0
1776885048.3771029,0.0,2.0,-46.0
1776885048.3871028,-4.0,0.0,-47.0
1776885048.3971028,1.0,-3.0,-57.0
1776885048.4071028,3.0,-4.0,-61.0
1776885048.4171028,3.0,0.0,-55.0
1776885048.4271028,1.0,0.0,-50.0
1776885048.4371028,2.0,0.0,-52.0
1776885048.4471028,-2.0,-1.0,-48.0
1776885048.4571028,-1.0,-4.0,-44.0
1776885048.4671028,1.0,-6.0,-48.0
1776885048.4771028,0.0,-5.0,-46.0
1776885048.4871027,1.0,-6.0,-47.0
1776885048.4971027,0.0,-7.0,-48.0
1776885048.5071027,1.0,-7.0,-45.0
1776885048.5171027,7.0,-4.0,-48.0
1776885048.5271027,5.0,1.0,-43.0
1776885048.5371027,5.0,2.0,-38.0
1776885048.5471027,5.0,0.0,-40.0
1776885048.557103,6.0,-3.0,-40.0
1776885048.567103,3.0,1.0,-43.0
1776885048.577103,3.0,0.0,-40.0
1776885048.587103,2.0,1.0,-42.0
1776885048.5971026,0.0,0.0,-43.0
1776885048.6071026,2.0,-6.0,-41.0
1776885048.6171026,0.0,-8.0,-47.0
1776885048.6271029,3.0,-6.0,-45.0
1776885048.6371028,4.0,-4.0,-41.0
1776885048.6471028,3.0,-2.0,-36.0
1776885048.6571028,-1.0,-4.0,-40.0
1776885048.6671028,0.0,-8.0,-41.0
1776885048.6771028,3.0,-3.0,-47.0
1776885048.6871028,-1.0,0.0,-46.0
1776885048.6971028,-3.0,0.0,-45.0
1776885048.7071028,-7.0,-4.0,-39.0
1776885048.7171028,-7.0,-3.0,-38.0
1776885048.7271028,-4.0,-1.0,-41.0
1776885048.7371027,0.0,0.0,-44.0
1776885048.7471027,0.0,-7.0,-48.0
1776885048.7571027,-2.0,-9.0,-51.0
1776885048.7671027,-4.0,-5.0,-53.0
1776885048.7771027,-4.0,-4.0,-51.0
1776885048.7871027,-3.0,-2.0,-55.0
1776885048.7971027,-2.0,-1.0,-51.0
1776885048.807103,0.0,-7.0,-49.0
1776885048.817103,0.0,-7.0,-46.0
1776885048.827103,-3.0,-8.0,-44.0
1776885048.837103,-1.0,-7.0,-36.0
1776885048.8471026,-4.0,-5.0,-38.0
1776885048.8571026,0.0,-1.0,-42.0
1776885048.8671026,1.0,-2.0,-39.0
1776885048.8771029,-2.0,-3.0,-45.0
1776885048.8871028,-9.0,-1.0,-41.0
1776885048.8971028,-8.0,0.0,-42.0
1776885048.9071028,-2.0,2.0,-40.0
1776885048.9171028,-7.0,-1.0,-38.0
1776885048.9271028,-8.0,0.0,-29.0
1776885048.9371028,-2.0,1.0,-39.0
1776885048.9471028,-3.0,0.0,-38.0
1776885048.9571028,-1.0,-1.0,-35.0
1776885048.9671028,-1.0,-3.0,-37.0
1776885048.9771028,0.0,-5.0,-38.0
1776885048.9871027,1.0,-1.0,-41.0
1776885048.9971027,1.0,-1.0,-39.0
1776885049.0071027,2.0,0.0,-37.0
1776885049.0171027,1.0,3.0,-42.0
1776885049.0271027,-1.0,-1.0,-46.0
1776885049.0371027,-1.0,-4.0,-40.0
1776885049.0471027,-3.0,-7.0,-47.0
1776885049.057103,-3.0,-11.0,-49.0
1776885049.067103,-4.0,-12.0,-55.0
1776885049.077103,-2.0,-13.0,-53.0
1776885049.087103,1.0,-8.0,-51.0
1776885049.0971026,1.0,-7.0,-50.0
1776885049.1071026,1.0,-6.0,-48.0
1776885049.1171026,0.0,-3.0,-49.0
1776885049.1271029,-3.0,-3.0,-48.0
1776885049.1371028,-1.0,-5.0,-49.0
1776885049.1471028,3.0,-4.0,-52.0
1776885049.1571028,4.0,-7.0,-55.0
1776885049.1671028,2.0,-4.0,-54.0
1776885049.1771028,6.0,-2.0,-58.0
1776885049.1871028,7.0,0.0,-54.0
1776885049.1971028,8.0,5.0,-51.0
1776885049.2071028,12.0,7.0,-52.0
1776885049.2171028,12.0,5.0,-53.0
1776885049.2271028,5.0,4.0,-47.0
1776885049.2371027,2.0,3.0,-46.0
1776885049.2471027,2.0,0.0,-42.0
1776885049.2571027,-5.0,-3.0,-36.0
1776885049.2671027,-4.0,-2.0,-38.0
1776885049.2771027,-4.0,-7.0,-45.0
1776885049.2871027,-6.0,-8.0,-52.0
1776885049.2971027,-7.0,-5.0,-51.0
1776885049.307103,-6.0,-2.0,-53.0
1776885049.317103,-3.0,-4.0,-51.0
1776885049.327103,-5.0,-7.0,-55.0
1776885049.337103,-5.0,-8.0,-49.0
1776885049.3471026,0.0,-5.0,-42.0
1776885049.3571026,1.0,-4.0,-35.0
1776885049.3671026,0.0,1.0,-35.0
1776885049.3771029,1.0,4.0,-31.0
1776885049.3871028,-1.0,2.0,-25.0
1776885049.3971028,-4.0,0.0,-35.0
1776885049.4071028,-2.0,2.0,-41.0
1776885049.4171028,4.0,5.0,-41.0
1776885049.4271028,4.0,4.0,-40.0
1776885049.4371028,2.0,1.0,-37.0
1776885049.4471028,-2.0,1.0,-32.0
1776885049.4571028,-5.0,-1.0,-35.0
1776885049.4671028,-8.0,-2.0,-38.0
1776885049.4771028,-1.0,0.0,-37.0
1776885049.4871027,0.0,3.0,-48.0
1776885049.4971027,3.0,-2.0,-53.0
1776885049.5071027,1.0,-5.0,-50.0
1776885049.5171027,2.0,-5.0,-52.0
1776885049.5271027,2.0,-3.0,-51.0
1776885049.5371027,6.0,-2.0,-53.0
1776885049.5471027,3.0,2.0,-50.0
1776885049.557103,2.0,0.0,-51.0
1776885049.567103,4.0,1.0,-48.0
1776885049.577103,4.0,-1.0,-47.0
1776885049.587103,4.0,0.0,-48.0
1776885049.5971026,1.0,0.0,-52.0
1776885049.6071026,4.0,-2.0,-48.0
1776885049.6171026,1.0,-4.0,-44.0
1776885049.6271029,5.0,-7.0,-35.0
1776885049.6371028,3.0,-8.0,-45.0
1776885049.6471028,-1.0,-8.0,-41.0
1776885049.6571028,-2.0,-7.0,-43.0
1776885049.6671028,-3.0,-4.0,-53.0
1776885049.6771028,-1.0,-6.0,-53.0
1776885049.6881027,-5.0,-6.0,-58.0
1776885049.6971028,-3.0,-8.0,-55.0
1776885049.7081027,-1.0,-5.0,-49.0
1776885049.7181027,-2.0,-2.0,-49.0
1776885049.7281027,-5.0,-3.0,-45.0
1776885049.738103,-3.0,-4.0,-41.0
1776885049.748103,-2.0,0.0,-42.0
1776885049.758103,-1.0,0.0,-38.0
1776885049.7681026,-1.0,0.0,-40.0
1776885049.7781026,3.0,0.0,-41.0
1776885049.7881026,6.0,2.0,-48.0
1776885049.7981029,4.0,1.0,-47.0
1776885049.8081028,3.0,-1.0,-47.0
1776885049.8181028,3.0,0.0,-49.0
1776885049.8281028,0.0,0.0,-47.0
1776885049.8381028,-1.0,2.0,-52.0
1776885049.8481028,-1.0,1.0,-51.0
1776885049.8581028,-1.0,-2.0,-49.0
1776885049.8681028,-2.0,-2.0,-48.0
1776885049.8781028,-2.0,-5.0,-48.0
1776885049.8881028,1.0,-6.0,-49.0
1776885049.8981028,1.0,-7.0,-52.0
1776885049.9081028,4.0,-10.0,-53.0
1776885049.9181027,8.0,-10.0,-47.0
1776885049.9281027,6.0,-7.0,-50.0
1776885049.9381027,3.0,-4.0,-52.0
1776885049.9481027,5.0,-1.0,-46.0
1776885049.9581027,10.0,2.0,-43.0
1776885049.9681027,12.0,3.0,-41.0
1776885049.9781027,3.0,0.0,-48.0
1776885049.988103,0.0,0.0,-50.0
1776885049.998103,0.0,-4.0,-47.0
1776885050.008103,0.0,-3.0,-47.0
1776885050.0181026,3.0,-5.0,-53.0
1776885050.0281026,2.0,-9.0,-50.0
1776885050.0381026,1.0,-10.0,-44.0
1776885050.0481029,1.0,-11.0,-45.0
1776885050.0581028,1.0,-10.0,-51.0
1776885050.0681028,4.0,-12.0,-55.0
1776885050.0781028,6.0,-7.0,-54.0
1776885050.0881028,0.0,-4.0,-52.0
1776885050.0981028,1.0,-3.0,-49.0
1776885050.1081028,3.0,-1.0,-47.0
1776885050.1181028,4.0,1.0,-47.0
1776885050.1281028,3.0,1.0,-45.0
1776885050.1381028,-1.0,0.0,-47.0
1776885050.1481028,1.0,-2.0,-55.0
1776885050.1581028,-4.0,-1.0,-52.0
1776885050.1681027,-5.0,-2.0,-47.0
1776885050.1781027,-5.0,-2.0,-47.0
1776885050.1881027,-5.0,0.0,-48.0
1776885050.1981027,-2.0,2.0,-46.0
1776885050.2081027,-4.0,5.0,-43.0
1776885050.2181027,-2.0,5.0,-43.0
1776885050.2281027,-5.0,4.0,-50.0
1776885050.238103,-3.0,0.0,-53.0
1776885050.248103,0.0,-1.0,-49.0
1776885050.258103,3.0,-4.0,-49.0
1776885050.2681026,7.0,-6.0,-50.0
1776885050.2781026,7.0,-7.0,-48.0
1776885050.2881026,8.0,-5.0,-43.0
1776885050.2981029,8.0,-8.0,-44.0
1776885050.3081028,6.0,-5.0,-44.0
1776885050.3181028,4.0,-4.0,-45.0
1776885050.3281028,2.0,0.0,-47.0
1776885050.3381028,-1.0,-1.0,-38.0
1776885050.3481028,-6.0,-1.0,-34.0
1776885050.3581028,-3.0,-5.0,-30.0
1776885050.3681028,-1.0,-1.0,-31.0
1776885050.3781028,0.0,-1.0,-35.0
1776885050.3881028,-1.0,-4.0,-42.0
1776885050.3981028,-1.0,0.0,-38.0
1776885050.4081028,-3.0,-3.0,-42.0
1776885050.4181027,-2.0,0.0,-46.0
1776885050.4281027,-3.0,-1.0,-46.0
1776885050.4381027,-5.0,2.0,-46.0
1776885050.4481027,-2.0,3.0,-46.0
1776885050.4581027,2.0,7.0,-49.0
1776885050.4681027,0.0,8.0,-46.0
1776885050.4781027,3.0,4.0,-48.0
1776885050.488103,3.0,-2.0,-46.0
1776885050.498103,-2.0,-2.0,-46.0
1776885050.508103,-2.0,-2.0,-50.0
1776885050.5181026,-1.0,-1.0,-47.0
1776885050.5281026,1.0,4.0,-48.0
1776885050.5381026,0.0,1.0,-46.0
1776885050.5481029,1.0,4.0,-44.0
1776885050.5581028,2.0,6.0,-43.0
1776885050.5681028,1.0,0.0,-43.0
1776885050.5781028,6.0,1.0,-40.0
1776885050.5881028,8.0,3.0,-37.0
1776885050.5981028,9.0,3.0,-44.0
1776885050.6081028,5.0,0.0,-49.0
1776885050.6181028,0.0,-1.0,-48.0
1776885050.6281028,1.0,0.0,-39.0
1776885050.6381028,2.0,-2.0,-39.0
1776885050.6481028,2.0,0.0,-40.0
1776885050.6581028,0.0,0.0,-39.0
1776885050.6681027,0.0,1.0,-46.0
1776885050.6781027,0.0,0.0,-48.0
1776885050.6881027,6.0,2.0,-56.0
1776885050.6981027,5.0,5.0,-53.0
1776885050.7081027,2.0,7.0,-48.0
1776885050.7181027,7.0,3.0,-45.0
1776885050.7281027,6.0,7.0,-43.0
1776885050.738103,7.0,4.0,-39.0
1776885050.748103,4.0,-1.0,-42.0
1776885050.758103,-1.0,0.0,-46.0
1776885050.7681026,-1.0,3.0,-39.0
1776885050.7781026,3.0,2.0,-36.0
1776885050.7881026,3.0,0.0,-46.0
1776885050.7981029,1.0,1.0,-51.0
1776885050.8081028,2.0,0.0,-52.0
1776885050.8181028,2.0,-3.0,-53.0
1776885050.8281028,2.0,-1.0,-52.0
1776885050.8381028,6.0,-4.0,-48.0
1776885050.8481028,6.0,-3.0,-50.0
1776885050.8581028,7.0,-5.0,-53.0
1776885050.8681028,7.0,-4.0,-56.0
1776885050.8781028,1.0,0.0,-54.0
1776885050.8881028,2.0,3.0,-47.0
1776885050.8981028,1.0,4.0,-42.0
1776885050.9081028,3.0,0.0,-45.0
1776885050.9181027,2.0,-3.0,-46.0
1776885050.9281027,1.0,-1.0,-45.0
1776885050.9381027,0.0,1.0,-47.0
1776885050.9481027,3.0,-3.0,-43.0
1776885050.9581027,3.0,-4.0,-40.0
1776885050.9681027,0.0,-4.0,-38.0
1776885050.9781027,1.0,-7.0,-36.0
1776885050.988103,0.0,-10.0,-39.0
1776885050.998103,-6.0,-10.0,-42.0
1776885051.008103,-9.0,-6.0,-44.0
1776885051.0181026,-8.0,-5.0,-41.0
1776885051.0281026,-3.0,-5.0,-43.0
1776885051.0381026,-4.0,-3.0,-41.0
1776885051.0481029,-7.0,-5.0,-46.0
1776885051.0581028,-5.0,-4.0,-38.0
1776885051.0681028,-4.0,-4.0,-35.0
1776885051.0781028,-2.0,-5.0,-35.0
1776885051.0881028,-1.0,-4.0,-37.0
1776885051.0981028,2.0,-4.0,-40.0
1776885051.1081028,0.0,-7.0,-38.0
1776885051.1181028,-3.0,-8.0,-39.0
1776885051.1281028,0.0,-5.0,-41.0
1776885051.1381028,0.0,-3.0,-44.0
1776885051.1481028,0.0,-2.0,-47.0
1776885051.1581028,2.0,-6.0,-51.0
1776885051.1681027,1.0,-7.0,-42.0
1776885051.1781027,6.0,-5.0,-38.0
1776885051.1881027,6.0,-3.0,-44.0
1776885051.1981027,3.0,-5.0,-46.0
1776885051.2081027,-2.0,-7.0,-52.0
1776885051.2181027,0.0,-2.0,-52.0
1776885051.2281027,3.0,-3.0,-47.0
1776885051.238103,1.0,-6.0,-43.0
1776885051.248103,3.0,-6.0,-43.0
1776885051.258103,7.0,-4.0,-41.0
1776885051.2681026,4.0,0.0,-37.0
1776885051.2781026,0.0,0.0,-33.0
1776885051.2881026,5.0,-2.0,-38.0
1776885051.2981029,4.0,-2.0,-44.0
1776885051.3081028,0.0,0.0,-44.0
1776885051.3181028,-2.0,-5.0,-43.0
1776885051.3281028,-1.0,-8.0,-40.0
1776885051.3381028,-4.0,-11.0,-35.0
1776885051.3481028,-5.0,-15.0,-32.0
1776885051.3581028,-5.0,-12.0,-37.0
1776885051.3681028,-8.0,-11.0,-34.0
1776885051.3781028,-7.0,-6.0,-32.0
1776885051.3881028,-6.0,-8.0,-33.0
1776885051.3981028,-5.0,-9.0,-43.0
1776885051.4081028,-3.0,-7.0,-40.0
1776885051.4181027,1.0,-1.0,-41.0
1776885051.4281027,0.0,-1.0,-40.0
1776885051.4381027,-3.0,0.0,-40.0
1776885051.4481027,-3.0,4.0,-44.0
1776885051.4581027,1.0,3.0,-54.0
1776885051.4681027,2.0,3.0,-54.0
1776885051.4781027,7.0,6.0,-54.0
1776885051.488103,8.0,3.0,-53.0
1776885051.498103,5.0,-3.0,-49.0
1776885051.508103,0.0,-5.0,-48.0
1776885051.5181026,0.0,-9.0,-53.0
1776885051.5281026,-2.0,-9.0,-45.0
1776885051.5381026,0.0,-3.0,-44.0
1776885051.5481029,-1.0,-2.0,-45.0
1776885051.5581028,0.0,-1.0,-47.0
1776885051.5681028,0.0,1.0,-58.0
1776885051.5781028,4.0,1.0,-57.0
1776885051.5881028,8.0,-1.0,-57.0
1776885051.5981028,9.0,-5.0,-58.0
1776885051.6081028,9.0,-3.0,-54.0
1776885051.6181028,6.0,-2.0,-54.0
1776885051.6281028,3.0,-5.0,-55.0
1776885051.6381028,2.0,-1.0,-50.0
1776885051.6491027,0.0,0.0,-49.0
1776885051.659103,-4.0,0.0,-47.0
1776885051.669103,-8.0,1.0,-47.0
1776885051.679103,-11.0,1.0,-47.0
1776885051.6891026,-10.0,3.0,-49.0
1776885051.6991026,-3.0,-1.0,-47.0
1776885051.7091026,-1.0,-2.0,-48.0
1776885051.7191026,1.0,0.0,-46.0
1776885051.7291028,0.0,-1.0,-43.0
1776885051.7391028,-4.0,-5.0,-42.0
1776885051.7491028,-5.0,-1.0,-44.0
1776885051.7591028,-7.0,0.0,-38.0
1776885051.7691028,-5.0,-2.0,-38.0
1776885051.7791028,-3.0,0.0,-38.0
1776885051.7891028,0.0,2.0,-42.0
1776885051.7991028,3.0,2.0,-49.0
1776885051.8091028,4.0,4.0,-48.0
1776885051.8191028,3.0,4.0,-47.0
1776885051.8291028,0.0,3.0,-45.0
1776885051.8391027,-2.0,3.0,-37.0
1776885051.8491027,-3.0,2.0,-36.0
1776885051.8591027,-3.0,-2.0,-46.0
1776885051.8691027,-4.0,-8.0,-50.0
1776885051.8791027,-6.0,-7.0,-48.0
1776885051.8891027,-6.0,-5.0,-50.0
1776885051.8991027,-6.0,-4.0,-48.0
1776885051.909103,-3.0,-3.0,-41.0
1776885051.919103,0.0,-4.0,-43.0
1776885051.929103,1.0,-4.0,-48.0
1776885051.9391026,-3.0,-1.0,-49.0
1776885051.9491026,-4.0,-1.0,-42.0
1776885051.9591026,-4.0,1.0,-47.0
1776885051.9691026,-2.0,-1.0,-39.0
1776885051.9791028,-5.0,-5.0,-43.0
1776885051.9891028,-4.0,-6.0,-41.0
1776885051.9991028,-4.0,-7.0,-42.0
1776885052.0091028,-4.0,-6.0,-51.0
1776885052.0191028,-4.0,-3.0,-55.0
1776885052.0291028,-3.0,-4.0,-50.0
1776885052.0391028,-5.0,-3.0,-54.0
1776885052.0491028,-6.0,-4.0,-59.0
1776885052.0591028,0.0,-1.0,-62.0
1776885052.0691028,0.0,0.0,-58.0
1776885052.0791028,-1.0,-1.0,-54.0
1776885052.0891027,0.0,-2.0,-53.0
1776885052.0991027,0.0,-5.0,-45.0
1776885052.1091027,0.0,-4.0,-41.0
1776885052.1191027,0.0,-2.0,-42.0
1776885052.1291027,0.0,-2.0,-40.0
1776885052.1391027,-1.0,0.0,-43.0
1776885052.1491027,-4.0,0.0,-44.0
1776885052.159103,-2.0,-2.0,-46.0
1776885052.169103,-5.0,-1.0,-50.0
1776885052.179103,-1.0,-2.0,-53.0
1776885052.1891026,-5.0,-4.0,-53.0
1776885052.1991026,-3.0,-4.0,-54.0
1776885052.2091026,0.0,-3.0,-55.0
1776885052.2191026,4.0,-5.0,-48.0
1776885052.2291028,2.0,-7.0,-46.0
1776885052.2391028,1.0,-4.0,-42.0
1776885052.2491028,1.0,-4.0,-41.0
1776885052.2591028,5.0,-2.0,-47.0
1776885052.2691028,8.0,-3.0,-50.0
1776885052.2791028,-2.0,-3.0,-52.0
1776885052.2891028,-4.0,0.0,-49.0
1776885052.2991028,-1.0,2.0,-45.0
1776885052.3091028,-1.0,-3.0,-44.0
1776885052.3191028,2.0,-4.0,-42.0
1776885052.3291028,4.0,-2.0,-41.0
1776885052.3391027,1.0,-5.0,-40.0
1776885052.3491027,-1.0,-8.0,-34.0
1776885052.3591027,0.0,-1.0,-37.0
1776885052.3691027,4.0,0.0,-42.0
1776885052.3791027,0.0,0.0,-47.0
1776885052.3891027,2.0,-2.0,-42.0
1776885052.3991027,4.0,-2.0,-44.0
1776885052.409103,3.0,0.0,-43.0
1776885052.419103,0.0,5.0,-45.0
1776885052.429103,-1.0,5.0,-48.0
1776885052.4391026,1.0,5.0,-52.0
1776885052.4491026,1.0,1.0,-48.0
1776885052.4591026,-3.0,-1.0,-48.0
1776885052.4691026,-3.0,1.0,-42.0
1776885052.4791028,-6.0,0.0,-46.0
1776885052.4891028,-5.0,-5.0,-48.0
1776885052.4991028,-3.0,-5.0,-53.0
1776885052.5091028,-9.0,-4.0,-49.0
1776885052.5191028,-8.0,-1.0,-51.0
1776885052.5291028,-8.0,-2.0,-54.0
1776885052.5391028,-3.0,-2.0,-51.0
1776885052.5491028,-4.0,0.0,-48.0
1776885052.5591028,-4.0,-2.0,-46.0
1776885052.5691028,-1.0,-2.0,-45.0
1776885052.5791028,-2.0,0.0,-48.0
1776885052.5891027,-3.0,-2.0,-46.0
1776885052.5991027,-2.0,0.0,-38.0
1776885052.6091027,-4.0,0.0,-38.0
1776885052.6191027,-3.0,-1.0,-39.0
1776885052.6291027,-1.0,0.0,-38.0
1776885052.6391027,-4.0,0.0,-38.0
1776885052.6491027,-4.0,0.0,-41.0
1776885052.659103,0.0,1.0,-38.0
1776885052.669103,-3.0,1.0,-37.0
1776885052.679103,-1.0,1.0,-48.0
1776885052.6891026,1.0,0.0,-51.0
1776885052.6991026,3.0,0.0,-49.0
1776885052.7091026,3.0,1.0,-50.0
1776885052.7191026,3.0,0.0,-46.0
1776885052.7291028,1.0,-1.0,-43.0
1776885052.7391028,-1.0,-1.0,-40.0
1776885052.7491028,0.0,-5.0,-36.0
1776885052.7591028,2.0,-5.0,-37.0
1776885052.7691028,5.0,-4.0,-42.0
1776885052.7791028,5.0,-9.0,-45.0
1776885052.7891028,4.0,-11.0,-42.0
1776885052.7991028,1.0,-9.0,-43.0
1776885052.8091028,3.0,-4.0,-44.0
1776885052.8191028,5.0,-6.0,-47.0
1776885052.8291028,8.0,-6.0,-45.0
1776885052.8391027,8.0,-9.0,-45.0
1776885052.8491027,6.0,-6.0,-45.0
1776885052.8591027,4.0,-2.0,-44.0
1776885052.8691027,1.0,1.0,-48.0
1776885052.8791027,0.0,0.0,-48.0
1776885052.8891027,-4.0,-3.0,-46.0
1776885052.8991027,-4.0,-5.0,-45.0
1776885052.909103,-1.0,-3.0,-44.0
1776885052.919103,-1.0,-1.0,-42.0
1776885052.929103,-4.0,-3.0,-41.0
1776885052.9391026,-5.0,-6.0,-46.0
1776885052.9491026,-3.0,-7.0,-48.0
1776885052.9591026,1.0,-10.0,-51.0
1776885052.9691026,0.0,-6.0,-54.0
1776885052.9791028,2.0,-7.0,-59.0
1776885052.9891028,2.0,-2.0,-61.0
1776885052.9991028,1.0,0.0,-53.0
1776885053.0091028,4.0,0.0,-50.0
1776885053.0191028,4.0,4.0,-50.0
1776885053.0291028,3.0,0.0,-49.0
1776885053.0391028,2.0,0.0,-45.0
1776885053.0491028,0.0,0.0,-41.0
1776885053.0591028,-1.0,2.0,-47.0
1776885053.0691028,-2.0,5.0,-45.0
1776885053.0791028,-1.0,1.0,-50.0
1776885053.0891027,0.0,0.0,-51.0
1776885053.0991027,-1.0,0.0,-49.0
1776885053.1091027,-6.0,1.0,-52.0
1776885053.1191027,-7.0,1.0,-53.0
1776885053.1291027,-7.0,-5.0,-52.0
1776885053.1391027,-11.0,-5.0,-53.0
1776885053.1491027,-13.0,-2.0,-56.0
1776885053.159103,-9.0,0.0,-48.0
1776885053.169103,-9.0,-4.0,-46.0
1776885053.179103,-4.0,-5.0,-46.0
1776885053.1891026,-1.0,-6.0,-43.0
1776885053.1991026,-1.0,-5.0,-37.0
1776885053.2091026,-3.0,-4.0,-36.0
1776885053.2191026,-4.0,-8.0,-31.0
1776885053.2291028,-9.0,-5.0,-32.0
1776885053.2391028,-6.0,-3.0,-38.0
1776885053.2491028,-4.0,-3.0,-36.0
1776885053.2591028,-1.0,-5.0,-35.0
1776885053.2691028,-2.0,-6.0,-32.0
1776885053.2791028,0.0,-5.0,-35.0
1776885053.2891028,-1.0,-6.0,-43.0
1776885053.2991028,0.0,-3.0,-44.0
1776885053.3091028,3.0,-8.0,-51.0
1776885053.3191028,1.0,-8.0,-57.0
1776885053.3291028,-1.0,-6.0,-52.0
1776885053.3391027,2.0,-7.0,-52.0
1776885053.3491027,4.0,-1.0,-57.0
1776885053.3591027,3.0,-2.0,-54.0
1776885053.3691027,3.0,-1.0,-56.0
1776885053.3791027,7.0,-5.0,-55.0
1776885053.3891027,7.0,-5.0,-60.0
1776885053.3991027,1.0,-6.0,-62.0
1776885053.409103,5.0,1.0,-65.0
1776885053.419103,7.0,2.0,-61.0
1776885053.429103,6.0,0.0,-58.0
1776885053.4391026,4.0,-1.0,-56.0
1776885053.4491026,4.0,-2.0,-55.0
1776885053.4591026,5.0,-2.0,-54.0
1776885053.4691026,2.0,0.0,-56.0
1776885053.4791028,0.0,-1.0,-51.0
1776885053.4891028,-1.0,0.0,-46.0
1776885053.4991028,0.0,1.0,-43.0
1776885053.5091028,4.0,-1.0,-42.0
1776885053.5191028,1.0,0.0,-40.0
1776885053.5291028,1.0,0.0,-37.0
1776885053.5391028,5.0,-1.0,-33.0
1776885053.5491028,4.0,-4.0,-36.0
1776885053.5591028,4.0,-3.0,-39.0
1776885053.5691028,3.0,-1.0,-37.0
1776885053.5791028,3.0,-5.0,-40.0
1776885053.5891027,5.0,-1.0,-40.0
1776885053.5991027,4.0,0.0,-38.0
1776885053.6091027,0.0,-3.0,-43.0
1776885053.6191027,0.0,-4.0,-46.0
1776885053.6291027,-3.0,-8.0,-42.0
1776885053.6401026,-4.0,-4.0,-49.0
1776885053.6501029,-3.0,-1.0,-48.0
1776885053.6601028,-3.0,-1.0,-44.0
1776885053.6701028,-3.0,-1.0,-42.0
1776885053.6801028,3.0,-2.0,-39.0
1776885053.6901028,2.0,0.0,-39.0
1776885053.7001028,-2.0,-1.0,-39.0
1776885053.7101028,-1.0,-3.0,-45.0
1776885053.7201028,0.0,-2.0,-43.0
1776885053.7301028,-1.0,0.0,-45.0
1776885053.7401028,1.0,4.0,-45.0
1776885053.7501028,0.0,4.0,-39.0
1776885053.7601027,-2.0,0.0,-42.0
1776885053.7701027,-4.0,1.0,-39.0
1776885053.7801027,-6.0,1.0,-41.0
1776885053.7901027,-5.0,-2.0,-40.0
1776885053.8001027,-10.0,-6.0,-45.0
1776885053.8101027,-7.0,-7.0,-45.0
1776885053.8201027,-5.0,-5.0,-47.0
1776885053.8301027,-5.0,-4.0,-54.0
1776885053.840103,0.0,-4.0,-51.0
1776885053.850103,0.0,0.0,-46.0
1776885053.860103,3.0,5.0,-45.0
1776885053.8701026,4.0,5.0,-41.0
1776885053.8801026,4.0,5.0,-32.0
1776885053.8901026,8.0,2.0,-28.0
1776885053.9001029,3.0,0.0,-33.0
1776885053.9101028,1.0,3.0,-36.0
1776885053.9201028,3.0,8.0,-40.0
1776885053.9301028,7.0,8.0,-40.0
1776885053.9401028,5.0,9.0,-41.0
1776885053.9501028,-1.0,4.0,-41.0
1776885053.9601028,8.0,0.0,-48.0
1776885053.9701028,3.0,0.0,-45.0
1776885053.9801028,-1.0,0.0,-40.0
1776885053.9901028,-1.0,-1.0,-33.0
1776885054.0001028,-1.0,-2.0,-28.0
1776885054.0101027,-3.0,-3.0,-37.0
1776885054.0201027,-2.0,-5.0,-39.0
1776885054.0301027,-5.0,-8.0,-35.0
1776885054.0401027,-8.0,-7.0,-28.0
1776885054.0501027,-6.0,-5.0,-32.0
1776885054.0601027,-4.0,-4.0,-34.0
1776885054.0701027,-1.0,-2.0,-35.0
1776885054.0801027,-1.0,-5.0,-39.0
1776885054.090103,-4.0,-5.0,-46.0
1776885054.100103,0.0,-1.0,-53.0
1776885054.110103,2.0,1.0,-51.0
1776885054.1201026,0.0,0.0,-44.0
1776885054.1301026,-4.0,-3.0,-48.0
1776885054.1401026,-1.0,-3.0,-49.0
1776885054.1501029,0.0,-3.0,-46.0
1776885054.1601028,1.0,-1.0,-49.0
1776885054.1701028,2.0,-1.0,-48.0
1776885054.1801028,3.0,-2.0,-50.0
1776885054.1901028,5.0,-2.0,-56.0
1776885054.2001028,-2.0,-4.0,-52.0
1776885054.2101028,-1.0,-3.0,-54.0
1776885054.2201028,0.0,-2.0,-60.0
1776885054.2301028,0.0,-4.0,-55.0
1776885054.2401028,-2.0,-2.0,-51.0
1776885054.2501028,-2.0,0.0,-49.0
1776885054.2601027,1.0,0.0,-48.0
1776885054.2701027,-2.0,-1.0,-40.0
1776885054.2801027,-5.0,0.0,-41.0
1776885054.2901027,-3.0,-1.0,-44.0
1776885054.3001027,-5.0,0.0,-46.0
1776885054.3101027,-5.0,3.0,-51.0
1776885054.3201027,-5.0,1.0,-53.0
1776885054.3301027,-5.0,0.0,-60.0
1776885054.340103,-4.0,0.0,-51.0
1776885054.350103,-5.0,0.0,-50.0
1776885054.360103,-4.0,-1.0,-51.0
1776885054.3701026,-2.0,2.0,-59.0
1776885054.3801026,-4.0,-1.0,-54.0
1776885054.3901026,-5.0,-2.0,-58.0
1776885054.4001029,-5.0,-2.0,-56.0
1776885054.4101028,-5.0,-2.0,-56.0
1776885054.4201028,-6.0,-2.0,-50.0
1776885054.4301028,-7.0,-1.0,-48.0
1776885054.4401028,0.0,-1.0,-56.0
1776885054.4501028,1.0,-5.0,-52.0
1776885054.4601028,3.0,-3.0,-47.0
1776885054.4701028,4.0,-5.0,-45.0
1776885054.4801028,1.0,-6.0,-36.0
1776885054.4901028,1.0,-5.0,-30.0
1776885054.5001028,0.0,-6.0,-32.0
1776885054.5101027,-1.0,-7.0,-31.0
1776885054.5201027,1.0,-5.0,-36.0
1776885054.5301027,0.0,-6.0,-39.0
1776885054.5401027,0.0,-9.0,-41.0
1776885054.5501027,1.0,-10.0,-38.0
1776885054.5601027,3.0,-11.0,-35.0
1776885054.5701027,6.0,-11.0,-34.0
1776885054.5801027,2.0,-6.0,-42.0
1776885054.590103,-1.0,-5.0,-45.0
1776885054.600103,-2.0,-6.0,-48.0
1776885054.610103,0.0,-7.0,-45.0
1776885054.6201026,5.0,-5.0,-40.0
1776885054.6301026,5.0,-3.0,-32.0
1776885054.6401026,1.0,-4.0,-30.0
1776885054.6501029,0.0,0.0,-31.0
1776885054.6601028,1.0,1.0,-36.0
1776885054.6701028,3.0,3.0,-35.0
1776885054.6801028,4.0,-1.0,-31.0
1776885054.6901028,0.0,0.0,-31.0
1776885054.7001028,0.0,2.0,-35.0
1776885054.7101028,2.0,4.0,-38.0
1776885054.7201028,5.0,1.0,-50.0
1776885054.7301028,0.0,0.0,-47.0
1776885054.7401028,1.0,0.0,-44.0
1776885054.7501028,1.0,-1.0,-51.0
1776885054.7601027,-1.0,0.0,-53.0
1776885054.7701027,0.0,-2.0,-46.0
1776885054.7801027,2.0,-5.0,-43.0
1776885054.7901027,4.0,-7.0,-51.0
1776885054.8001027,1.0,-3.0,-52.0
1776885054.8101027,0.0,-5.0,-51.0
1776885054.8201027,-2.0,-4.0,-52.0
1776885054.8301027,-2.0,0.0,-51.0
1776885054.840103,-3.0,1.0,-38.0
1776885054.850103,-5.0,0.0,-44.0
1776885054.860103,-5.0,-1.0,-48.0
1776885054.8701026,-8.0,0.0,-49.0
1776885054.8801026,-11.0,0.0,-49.0
1776885054.8901026,-10.0,0.0,-48.0
1776885054.9001029,-8.0,2.0,-48.0
1776885054.9101028,-2.0,1.0,-42.0
1776885054.9201028,0.0,1.0,-41.0
1776885054.9301028,0.0,2.0,-45.0
1776885054.9401028,0.0,-2.0,-52.0
1776885054.9501028,0.0,0.0,-51.0
1776885054.9601028,2.0,0.0,-51.0
1776885054.9701028,0.0,0.0,-50.0
1776885054.9801028,1.0,3.0,-51.0
1776885054.9901028,2.0,1.0,-53.0
1776885055.0001028,0.0,0.0,-52.0
1776885055.0101027,-1.0,1.0,-46.0
1776885055.0201027,-4.0,1.0,-46.0
1776885055.0301027,-4.0,5.0,-41.0
1776885055.0401027,-3.0,2.0,-42.0
1776885055.0501027,-3.0,-1.0,-40.0
1776885055.0601027,-3.0,-3.0,-36.0
1776885055.0701027,-3.0,-1.0,-39.0
1776885055.0801027,-1.0,0.0,-40.0
1776885055.090103,-3.0,-3.0,-38.0
1776885055.100103,-5.0,-6.0,-41.0
1776885055.110103,-2.0,-3.0,-37.0
1776885055.1201026,-1.0,-2.0,-40.0
1776885055.1301026,1.0,1.0,-39.0
1776885055.1401026,-4.0,3.0,-44.0
1776885055.1501029,-1.0,0.0,-45.0
1776885055.1601028,0.0,-5.0,-49.0
1776885055.1701028,-1.0,-5.0,-56.0
1776885055.1801028,-5.0,-7.0,-55.0
1776885055.1901028,-1.0,-2.0,-50.0
1776885055.2001028,-1.0,-2.0,-50.0
1776885055.2101028,1.0,-1.0,-54.0
1776885055.2201028,4.0,-2.0,-51.0
1776885055.2301028,6.0,0.0,-47.0
1776885055.2401028,3.0,0.0,-43.0
1776885055.2501028,1.0,1.0,-45.0
1776885055.2601027,1.0,0.0,-40.0
1776885055.2701027,2.0,2.0,-45.0
1776885055.2801027,0.0,1.0,-41.0
1776885055.2901027,-3.0,0.0,-45.0
1776885055.3001027,-8.0,5.0,-44.0
1776885055.3101027,-5.0,2.0,-45.0
1776885055.3201027,-2.0,0.0,-45.0
1776885055.3301027,-3.0,-1.0,-37.0
1776885055.340103,-3.0,0.0,-38.0
1776885055.350103,-8.0,2.0,-44.0
1776885055.360103,-9.0,1.0,-49.0
1776885055.3701026,-4.0,0.0,-45.0
1776885055.3801026,1.0,2.0,-46.0
1776885055.3901026,2.0,3.0,-42.0
1776885055.4001029,2.0,2.0,-41.0
1776885055.4101028,3.0,0.0,-43.0
1776885055.4201028,3.0,-2.0,-49.0
1776885055.4301028,4.0,-2.0,-52.0
1776885055.4401028,4.0,-2.0,-56.0
1776885055.4501028,5.0,1.0,-57.0
1776885055.4601028,5.0,-2.0,-56.0
1776885055.4701028,5.0,-1.0,-60.0
1776885055.4801028,2.0,0.0,-55.0
1776885055.4901028,0.0,-2.0,-49.0
1776885055.5001028,0.0,0.0,-42.0
1776885055.5101027,5.0,3.0,-42.0
1776885055.5201027,8.0,2.0,-40.0
1776885055.5301027,6.0,0.0,-35.0
1776885055.5401027,7.0,0.0,-29.0
1776885055.5501027,10.0,1.0,-31.0
1776885055.5601027,7.0,0.0,-37.0
1776885055.5701027,6.0,-3.0,-38.0
1776885055.5801027,10.0,-1.0,-37.0
1776885055.590103,6.0,0.0,-35.0
1776885055.600103,4.0,0.0,-33.0
1776885055.610103,4.0,6.0,-39.0
1776885055.6201026,0.0,5.0,-42.0
1776885055.6311028,1.0,5.0,-43.0
1776885055.6411028,-1.0,1.0,-44.0
1776885055.6511028,-5.0,3.0,-48.0
1776885055.6611028,-5.0,4.0,-41.0
1776885055.6711028,-7.0,5.0,-39.0
1776885055.6811028,-7.0,0.0,-41.0
1776885055.6911027,-4.0,-3.0,-46.0
1776885055.7011027,0.0,-2.0,-49.0
1776885055.7111027,0.0,-6.0,-53.0
1776885055.7211027,1.0,-6.0,-46.0
1776885055.7311027,0.0,-6.0,-48.0
1776885055.7411027,-2.0,-5.0,-50.0
1776885055.7511027,-4.0,-3.0,-45.0
1776885055.761103,-5.0,-3.0,-43.0
1776885055.771103,-4.0,-2.0,-42.0
1776885055.781103,-4.0,4.0,-40.0
1776885055.7911026,-1.0,8.0,-40.0
1776885055.8011026,3.0,6.0,-34.0
1776885055.8111026,6.0,6.0,-39.0
1776885055.8211029,6.0,5.0,-45.0
1776885055.8311028,5.0,1.0,-43.0
1776885055.8411028,0.0,0.0,-43.0
1776885055.8511028,0.0,3.0,-40.0
1776885055.8611028,1.0,-1.0,-40.0
1776885055.8711028,0.0,-1.0,-39.0
1776885055.8811028,-6.0,1.0,-31.0
1776885055.8911028,-5.0,0.0,-38.0
1776885055.9011028,-3.0,-3.0,-48.0
1776885055.9111028,1.0,-5.0,-40.0
1776885055.9211028,4.0,-2.0,-38.0
1776885055.9311028,6.0,-2.0,-44.0
1776885055.9411027,6.0,-1.0,-49.0
1776885055.9511027,3.0,-1.0,-52.0
1776885055.9611027,0.0,0.0,-52.0
1776885055.9711027,0.0,-1.0,-54.0
1776885055.9811027,-4.0,-1.0,-51.0
1776885055.9911027,-8.0,0.0,-50.0
1776885056.0011027,-8.0,0.0,-54.0
1776885056.011103,-3.0,0.0,-53.0
1776885056.021103,-1.0,-1.0,-55.0
1776885056.031103,0.0,0.0,-51.0
1776885056.0411026,-3.0,-1.0,-52.0
1776885056.0511026,-3.0,2.0,-49.0
1776885056.0611026,-1.0,5.0,-44.0
1776885056.0711029,0.0,6.0,-46.0
1776885056.0811028,2.0,6.0,-49.0
1776885056.0911028,2.0,0.0,-46.0
1776885056.1011028,-1.0,0.0,-42.0
1776885056.1111028,2.0,1.0,-37.0
1776885056.1211028,0.0,2.0,-45.0
1776885056.1311028,1.0,4.0,-46.0
1776885056.1411028,3.0,7.0,-41.0
1776885056.1511028,-3.0,6.0,-47.0
1776885056.1611028,-3.0,2.0,-38.0
1776885056.1711028,-6.0,-2.0,-42.0
1776885056.1811028,-2.0,-1.0,-39.0
1776885056.1911027,-4.0,0.0,-36.0
1776885056.2011027,-5.0,-2.0,-37.0
1776885056.2111027,-3.0,-2.0,-34.0
1776885056.2211027,-4.0,-5.0,-34.0
1776885056.2311027,-13.0,-8.0,-35.0
1776885056.2411027,-9.0,-9.0,-34.0
1776885056.2511027,-10.0,-7.0,-39.0
1776885056.261103,-9.0,-4.0,-39.0
1776885056.271103,-7.0,-2.0,-45.0
1776885056.281103,-3.0,-4.0,-50.0
1776885056.2911026,0.0,-2.0,-47.0
1776885056.3011026,0.0,0.0,-38.0
1776885056.3111026,0.0,1.0,-44.0
1776885056.3211029,1.0,4.0,-45.0
1776885056.3311028,4.0,4.0,-47.0
1776885056.3411028,4.0,0.0,-47.0
1776885056.3511028,5.0,2.0,-44.0
1776885056.3611028,2.0,3.0,-46.0
1776885056.3711028,0.0,3.0,-42.0
1776885056.3811028,1.0,4.0,-50.0
1776885056.3911028,0.0,6.0,-54.0
1776885056.4011028,3.0,0.0,-52.0
1776885056.4111028,3.0,-2.0,-48.0
1776885056.4211028,6.0,2.0,-43.0
1776885056.4311028,0.0,0.0,-39.0
1776885056.4411027,3.0,-4.0,-37.0
1776885056.4511027,-1.0,-2.0,-44.0
1776885056.4611027,-3.0,-4.0,-43.0
1776885056.4711027,-1.0,-8.0,-41.0
1776885056.4811027,2.0,-5.0,-42.0
1776885056.4911027,5.0,-4.0,-41.0
1776885056.5011027,1.0,-1.0,-42.0
1776885056.511103,0.0,-2.0,-47.0
1776885056.521103,4.0,-2.0,-52.0
1776885056.531103,6.0,1.0,-56.0
1776885056.5411026,0.0,-5.0,-52.0
1776885056.5511026,-1.0,-2.0,-55.0
1776885056.5611026,0.0,-3.0,-47.0
1776885056.5711029,2.0,-1.0,-42.0
1776885056.5811028,5.0,2.0,-46.0
1776885056.5911028,8.0,6.0,-54.0
1776885056.6011028,4.0,4.0,-55.0
1776885056.6111028,7.0,5.0,-51.0
1776885056.6211028,0.0,4.0,-44.0
1776885056.6311028,3.0,2.0,-44.0
1776885056.6411028,2.0,4.0,-43.0
1776885056.6511028,0.0,6.0,-41.0
1776885056.6611028,4.0,7.0,-41.0
1776885056.6711028,4.0,2.0,-48.0
1776885056.6811028,4.0,3.0,-56.0
1776885056.6911027,6.0,-1.0,-59.0
1776885056.7011027,2.0,0.0,-58.0
1776885056.7111027,3.0,2.0,-56.0
1776885056.7211027,3.0,1.0,-48.0
1776885056.7311027,0.0,0.0,-42.0
1776885056.7411027,1.0,1.0,-36.0
1776885056.7511027,1.0,0.0,-39.0
1776885056.761103,-1.0,-1.0,-43.0
1776885056.771103,-4.0,-3.0,-41.0
1776885056.781103,-3.0,-6.0,-41.0
1776885056.7911026,-3.0,-3.0,-35.0
1776885056.8011026,-2.0,-3.0,-35.0
1776885056.8111026,-2.0,0.0,-37.0
1776885056.8211029,0.0,1.0,-36.0
1776885056.8311028,2.0,3.0,-37.0
1776885056.8411028,0.0,6.0,-43.0
1776885056.8511028,-1.0,8.0,-46.0
1776885056.8611028,-3.0,6.0,-45.0
1776885056.8711028,2.0,2.0,-40.0
1776885056.8811028,-2.0,6.0,-37.0
1776885056.8911028,-6.0,4.0,-42.0
1776885056.9011028,-8.0,1.0,-43.0
1776885056.9111028,-7.0,1.0,-45.0
1776885056.9211028,-2.0,3.0,-44.0
1776885056.9311028,-1.0,1.0,-48.0
1776885056.9411027,-3.0,0.0,-49.0
1776885056.9511027,-4.0,0.0,-54.0
1776885056.9611027,-1.0,0.0,-59.0
1776885056.9711027,2.0,0.0,-60.0
1776885056.9811027,0.0,-1.0,-63.0
1776885056.9911027,-3.0,-4.0,-66.0
1776885057.0011027,-3.0,-2.0,-69.0
1776885057.011103,-3.0,-1.0,-66.0
1776885057.021103,-4.0,0.0,-66.0
1776885057.031103,-3.0,1.0,-63.0
1776885057.0411026,-4.0,-2.0,-58.0
1776885057.0511026,-2.0,-1.0,-54.0
1776885057.0611026,0.0,-2.0,-55.0
1776885057.0711029,5.0,-6.0,-52.0
1776885057.0811028,7.0,-9.0,-52.0
1776885057.0911028,4.0,-7.0,-47.0
1776885057.1011028,5.0,-7.0,-36.0
1776885057.1111028,1.0,-5.0,-40.0
1776885057.1211028,-6.0,-6.0,-46.0
1776885057.1311028,-6.0,-5.0,-49.0
1776885057.1411028,-5.0,-6.0,-47.0
1776885057.1511028,-8.0,-5.0,-48.0
1776885057.1611028,-10.0,-1.0,-48.0
1776885057.1711028,-4.0,2.0,-49.0
1776885057.1811028,-5.0,5.0,-45.0
1776885057.1911027,-7.0,3.0,-45.0
1776885057.2011027,-4.0,6.0,-44.0
1776885057.2111027,-3.0,4.0,-49.0
1776885057.2211027,-7.0,2.0,-47.0
1776885057.2311027,-8.0,0.0,-45.0
1776885057.2411027,-10.0,0.0,-41.0
1776885057.2511027,-6.0,0.0,-48.0
1776885057.261103,-2.0,4.0,-51.0
1776885057.271103,-2.0,2.0,-50.0
1776885057.281103,0.0,-1.0,-53.0
1776885057.2911026,0.0,1.0,-47.0
1776885057.3021028,1.0,4.0,-45.0
1776885057.3111026,-1.0,2.0,-43.0
1776885057.3211029,0.0,4.0,-45.0
1776885057.3311028,0.0,1.0,-42.0
1776885057.3411028,0.0,-2.0,-41.0
1776885057.3511028,1.0,-5.0,-41.0
1776885057.3611028,0.0,-3.0,-45.0
1776885057.3711028,2.0,-4.0,-46.0
1776885057.3811028,6.0,1.0,-45.0
1776885057.3911028,4.0,5.0,-49.0
1776885057.4011028,2.0,7.0,-52.0
1776885057.4111028,2.0,1.0,-48.0
1776885057.4211028,0.0,2.0,-42.0
1776885057.4311028,0.0,1.0,-44.0
1776885057.4411027,0.0,0.0,-50.0
1776885057.4511027,0.0,1.0,-52.0
1776885057.4611027,-1.0,2.0,-52.0
1776885057.4711027,-1.0,1.0,-46.0
1776885057.4811027,1.0,1.0,-44.0
1776885057.4911027,4.0,0.0,-43.0
1776885057.5011027,2.0,-1.0,-46.0
1776885057.511103,0.0,0.0,-49.0
1776885057.521103,-1.0,2.0,-52.0
1776885057.531103,-7.0,0.0,-54.0
1776885057.5411026,-5.0,-2.0,-44.0
1776885057.5511026,-4.0,0.0,-46.0
1776885057.5611026,-2.0,1.0,-49.0
1776885057.5711029,-3.0,1.0,-45.0
1776885057.5811028,-3.0,2.0,-42.0
1776885057.5911028,-3.0,0.0,-35.0
1776885057.6021028,-2.0,0.0,-37.0
1776885057.6121027,-1.0,-1.0,-40.0
1776885057.6211028,-4.0,0.0,-42.0
1776885057.6321027,-5.0,-2.0,-44.0
1776885057.6421027,-6.0,-7.0,-44.0
1776885057.6521027,-2.0,-6.0,-44.0
1776885057.6621027,0.0,-3.0,-42.0
1776885057.6721027,2.0,-6.0,-39.0
1776885057.682103,3.0,-6.0,-35.0
1776885057.692103,0.0,0.0,-42.0
1776885057.702103,2.0,0.0,-46.0
1776885057.712103,-2.0,0.0,-42.0
1776885057.7221026,2.0,0.0,-48.0
1776885057.7321026,2.0,0.0,-49.0
1776885057.7421026,-2.0,0.0,-36.0
1776885057.7521029,-3.0,2.0,-33.0
1776885057.7621028,-2.0,1.0,-32.0
1776885057.7721028,-3.0,3.0,-40.0
1776885057.7821028,3.0,0.0,-44.0
1776885057.7921028,4.0,-2.0,-45.0
1776885057.8021028,4.0,-1.0,-45.0
1776885057.8121028,2.0,-1.0,-50.0
1776885057.8221028,3.0,-5.0,-52.0
1776885057.8321028,2.0,-6.0,-50.0
1776885057.8421028,4.0,-2.0,-49.0
1776885057.8521028,5.0,-5.0,-51.0
1776885057.8621027,3.0,-1.0,-49.0
1776885057.8721027,4.0,-2.0,-47.0
1776885057.8821027,7.0,-2.0,-49.0
1776885057.8921027,7.0,-2.0,-48.0
1776885057.9021027,6.0,-1.0,-49.0
1776885057.9121027,7.0,2.0,-49.0
1776885057.9221027,9.0,3.0,-46.0
1776885057.932103,9.0,1.0,-43.0
1776885057.942103,7.0,-1.0,-47.0
1776885057.952103,3.0,-4.0,-47.0
1776885057.962103,3.0,-3.0,-49.0
1776885057.9721026,0.0,-1.0,-52.0
1776885057.9821026,-3.0,-2.0,-51.0
1776885057.9921026,0.0,-4.0,-55.0
1776885058.0021029,-2.0,-7.0,-56.0
1776885058.0121028,-4.0,-8.0,-59.0
1776885058.0221028,-5.0,-8.0,-54.0
1776885058.0321028,-4.0,-6.0,-49.0
1776885058.0421028,0.0,1.0,-49.0
1776885058.0521028,0.0,0.0,-44.0
1776885058.0621028,-1.0,-3.0,-42.0
1776885058.0721028,-2.0,-4.0,-37.0
1776885058.0821028,0.0,-2.0,-37.0
1776885058.0921028,-1.0,-2.0,-41.0
1776885058.1021028,-3.0,3.0,-41.0
1776885058.1121027,-1.0,2.0,-37.0
1776885058.1221027,1.0,3.0,-41.0
1776885058.1321027,2.0,2.0,-42.0
1776885058.1421027,5.0,0.0,-41.0
1776885058.1521027,6.0,-3.0,-44.0
1776885058.1621027,5.0,0.0,-42.0
1776885058.1721027,4.0,5.0,-36.0
1776885058.182103,4.0,4.0,-38.0
1776885058.192103,1.0,5.0,-34.0
1776885058.202103,3.0,0.0,-28.0
1776885058.212103,4.0,-1.0,-35.0
1776885058.2221026,1.0,0.0,-42.0
1776885058.2321026,4.0,-4.0,-42.0
1776885058.2421026,1.0,-5.0,-41.0
1776885058.2521029,2.0,-5.0,-36.0
1776885058.2621028,-2.0,-3.0,-40.0
1776885058.2721028,-3.0,2.0,-43.0
1776885058.2821028,-1.0,3.0,-48.0
1776885058.2921028,-1.0,2.0,-49.0
1776885058.3021028,-7.0,3.0,-52.0
1776885058.3121028,-5.0,0.0,-52.0
1776885058.3221028,-6.0,-2.0,-42.0
1776885058.3321028,0.0,1.0,-42.0
1776885058.3421028,3.0,2.0,-38.0
1776885058.3521028,8.0,0.0,-37.0
1776885058.3621027,7.0,0.0,-43.0
1776885058.3721027,10.0,0.0,-44.0
1776885058.3821027,9.0,-1.0,-40.0
1776885058.3921027,7.0,-4.0,-41.0
1776885058.4021027,3.0,-2.0,-38.0
1776885058.4121027,0.0,0.0,-35.0
1776885058.4221027,-1.0,0.0,-32.0
1776885058.432103,-1.0,0.0,-40.0
1776885058.442103,-4.0,0.0,-34.0
1776885058.452103,-4.0,4.0,-32.0
1776885058.462103,-6.0,4.0,-31.0
1776885058.4721026,-2.0,4.0,-33.0
1776885058.4821026,-5.0,2.0,-37.0
1776885058.4921026,-7.0,0.0,-42.0
1776885058.5021029,-8.0,-1.0,-45.0
1776885058.5121028,-7.0,2.0,-41.0
1776885058.5221028,-7.0,1.0,-42.0
1776885058.5321028,-5.0,0.0,-41.0
1776885058.5421028,-2.0,0.0,-39.0
1776885058.5521028,-3.0,-2.0,-41.0
1776885058.5621028,-1.0,-1.0,-38.0
1776885058.5721028,0.0,1.0,-38.0
1776885058.5821028,0.0,0.0,-36.0
1776885058.5921028,3.0,-1.0,-32.0
1776885058.6021028,2.0,0.0,-32.0
1776885058.6121027,6.0,3.0,-30.0
1776885058.6221027,4.0,1.0,-35.0
1776885058.6321027,5.0,0.0,-37.0
1776885058.6421027,6.0,-1.0,-48.0
1776885058.6521027,3.0,-1.0,-49.0
1776885058.6621027,1.0,0.0,-45.0
1776885058.6721027,0.0,-3.0,-43.0
1776885058.682103,0.0,-4.0,-41.0
1776885058.692103,5.0,-3.0,-39.0
1776885058.702103,2.0,-3.0,-40.0
1776885058.712103,-1.0,-1.0,-41.0
1776885058.7221026,-3.0,-1.0,-42.0
1776885058.7321026,-6.0,-3.0,-46.0
1776885058.7421026,-7.0,-4.0,-43.0
1776885058.7521029,-5.0,-3.0,-46.0
1776885058.7621028,-6.0,0.0,-41.0
1776885058.7721028,-3.0,0.0,-37.0
1776885058.7821028,3.0,-4.0,-43.0
1776885058.7921028,2.0,-3.0,-42.0
1776885058.8021028,3.0,-3.0,-42.0
1776885058.8121028,6.0,-5.0,-44.0
1776885058.8221028,6.0,-6.0,-40.0
1776885058.8321028,2.0,-6.0,-46.0
1776885058.8421028,1.0,-6.0,-43.0
1776885058.8521028,1.0,-8.0,-43.0
1776885058.8621027,3.0,-9.0,-47.0
1776885058.8721027,1.0,-7.0,-46.0
1776885058.8821027,2.0,-5.0,-51.0
1776885058.8921027,1.0,-6.0,-50.0
1776885058.9021027,6.0,-5.0,-50.0
1776885058.9121027,7.0,-4.0,-42.0
1776885058.9221027,4.0,-1.0,-43.0
1776885058.932103,2.0,-2.0,-39.0
1776885058.942103,-1.0,-1.0,-32.0
1776885058.952103,-3.0,1.0,-39.0
1776885058.962103,-1.0,0.0,-42.0
1776885058.9721026,3.0,-4.0,-44.0
1776885058.9821026,3.0,-5.0,-41.0
1776885058.9921026,4.0,-4.0,-38.0
1776885059.0021029,1.0,0.0,-43.0
1776885059.0121028,4.0,0.0,-47.0
1776885059.0221028,2.0,0.0,-45.0
1776885059.0321028,5.0,6.0,-44.0
1776885059.0421028,-3.0,6.0,-36.0
1776885059.0521028,0.0,6.0,-37.0
1776885059.0621028,0.0,7.0,-42.0
1776885059.0721028,1.0,5.0,-52.0
1776885059.0821028,1.0,3.0,-52.0
1776885059.0921028,1.0,7.0,-57.0
1776885059.1021028,-1.0,4.0,-55.0
1776885059.1121027,0.0,3.0,-51.0
1776885059.1221027,0.0,2.0,-51.0
1776885059.1321027,1.0,-1.0,-50.0
1776885059.1421027,-2.0,1.0,-42.0
1776885059.1521027,0.0,1.0,-31.0
1776885059.1621027,-2.0,4.0,-32.0
1776885059.1721027,1.0,2.0,-38.0
1776885059.182103,0.0,0.0,-41.0
1776885059.1931028,-1.0,-2.0,-39.0
1776885059.202103,0.0,-4.0,-36.0
1776885059.212103,1.0,-3.0,-42.0
1776885059.2221026,-2.0,-1.0,-38.0
1776885059.2321026,0.0,0.0,-38.0
1776885059.2421026,3.0,0.0,-39.0
1776885059.2521029,2.0,-1.0,-41.0
1776885059.2621028,3.0,0.0,-41.0
1776885059.2721028,0.0,0.0,-49.0
1776885059.2821028,0.0,0.0,-51.0
1776885059.2921028,0.0,-1.0,-52.0
1776885059.3021028,0.0,-2.0,-50.0
1776885059.3121028,1.0,-4.0,-52.0
1776885059.3221028,4.0,-6.0,-44.0
1776885059.3321028,5.0,-3.0,-36.0
1776885059.3421028,0.0,-3.0,-40.0
1776885059.3521028,5.0,-3.0,-44.0
1776885059.3621027,7.0,-3.0,-44.0
1776885059.3721027,7.0,-2.0,-43.0
1776885059.3821027,8.0,-2.0,-39.0
1776885059.3921027,7.0,-4.0,-37.0
1776885059.4021027,6.0,-4.0,-43.0
1776885059.4121027,7.0,-3.0,-44.0
1776885059.4221027,3.0,0.0,-46.0
1776885059.432103,2.0,1.0,-54.0
1776885059.442103,0.0,3.0,-55.0
1776885059.452103,-1.0,0.0,-52.0
1776885059.462103,0.0,0.0,-58.0
1776885059.4721026,2.0,-1.0,-57.0
1776885059.4821026,0.0,0.0,-55.0
1776885059.4921026,0.0,7.0,-49.0
1776885059.5021029,0.0,6.0,-47.0
1776885059.5121028,0.0,2.0,-40.0
1776885059.5221028,0.0,0.0,-43.0
1776885059.5321028,-2.0,0.0,-57.0
1776885059.5421028,-3.0,-4.0,-51.0
1776885059.5521028,-9.0,-2.0,-47.0
1776885059.5621028,-9.0,-2.0,-43.0
1776885059.5721028,-6.0,0.0,-50.0
1776885059.5831027,-8.0,3.0,-49.0
1776885059.5931027,-4.0,0.0,-51.0
1776885059.6031027,0.0,-1.0,-50.0
1776885059.613103,1.0,1.0,-49.0
1776885059.623103,5.0,3.0,-45.0
1776885059.633103,1.0,1.0,-42.0
1776885059.6431026,2.0,3.0,-42.0
1776885059.6531026,0.0,0.0,-47.0
1776885059.6631026,-1.0,-1.0,-47.0
1776885059.6731029,3.0,-3.0,-42.0
1776885059.6831028,0.0,-5.0,-40.0
1776885059.6931028,-1.0,-2.0,-41.0
1776885059.7031028,-5.0,1.0,-34.0
1776885059.7131028,-7.0,-1.0,-39.0
1776885059.7231028,-8.0,0.0,-42.0
1776885059.7331028,-2.0,0.0,-47.0
1776885059.7431028,-1.0,0.0,-43.0
1776885059.7531028,-1.0,-4.0,-37.0
1776885059.7631028,-1.0,-3.0,-44.0
1776885059.7731028,0.0,-2.0,-48.0
1776885059.7831028,0.0,-2.0,-45.0
1776885059.7931027,0.0,-3.0,-49.0
1776885059.8031027,0.0,-5.0,-46.0
1776885059.8131027,1.0,-8.0,-42.0
1776885059.8231027,-3.0,-6.0,-42.0
1776885059.8331027,-3.0,-3.0,-42.0
1776885059.8431027,-4.0,-1.0,-50.0
1776885059.8531027,-6.0,5.0,-53.0
1776885059.863103,-4.0,10.0,-60.0
1776885059.873103,-1.0,13.0,-61.0
1776885059.883103,1.0,8.0,-58.0
1776885059.8931026,0.0,7.0,-55.0
1776885059.9031026,0.0,1.0,-54.0
1776885059.9131026,-2.0,1.0,-52.0
1776885059.9231029,-2.0,0.0,-51.0
1776885059.9331028,1.0,0.0,-47.0
1776885059.9431028,1.0,-1.0,-49.0
1776885059.9531028,1.0,-2.0,-49.0
1776885059.9631028,2.0,-4.0,-51.0
1776885059.9731028,0.0,-1.0,-53.0
1776885059.9831028,0.0,0.0,-50.0
1776885059.9931028,2.0,0.0,-44.0
1776885060.0031028,0.0,-5.0,-45.0
1776885060.0131028,-1.0,-9.0,-47.0
1776885060.0231028,3.0,-6.0,-41.0
1776885060.0331028,6.0,-6.0,-36.0
1776885060.0431027,4.0,-8.0,-39.0
1776885060.0531027,3.0,-3.0,-40.0
1776885060.0631027,-4.0,-6.0,-44.0
1776885060.0731027,0.0,-6.0,-45.0
1776885060.0831027,3.0,-1.0,-41.0
1776885060.0931027,0.0,-1.0,-47.0
1776885060.1031027,0.0,0.0,-45.0
1776885060.113103,0.0,-1.0,-46.0
1776885060.123103,0.0,-1.0,-43.0
1776885060.133103,1.0,1.0,-41.0
1776885060.1431026,-2.0,4.0,-49.0
1776885060.1531026,0.0,3.0,-54.0
1776885060.1631026,0.0,3.0,-55.0
1776885060.1731029,3.0,1.0,-48.0
1776885060.1831028,7.0,-1.0,-50.0
1776885060.1931028,6.0,-3.0,-48.0
1776885060.2031028,7.0,-4.0,-47.0
1776885060.2131028,3.0,-5.0,-46.0
1776885060.2231028,0.0,-1.0,-39.0
1776885060.2331028,2.0,-4.0,-40.0
1776885060.2431028,8.0,-5.0,-44.0
1776885060.2531028,8.0,-5.0,-41.0
1776885060.2631028,7.0,-4.0,-34.0
1776885060.2731028,2.0,-4.0,-38.0
1776885060.2831028,0.0,-3.0,-41.0
1776885060.2931027,0.0,-5.0,-48.0
1776885060.3031027,0.0,-2.0,-49.0
1776885060.3131027,3.0,-5.0,-45.0
1776885060.3231027,4.0,1.0,-50.0
1776885060.3331027,6.0,-2.0,-43.0
1776885060.3431027,4.0,-2.0,-50.0
1776885060.3531027,0.0,-2.0,-50.0
1776885060.363103,1.0,2.0,-43.0
1776885060.373103,2.0,6.0,-38.0
1776885060.383103,2.0,1.0,-39.0
1776885060.3931026,7.0,1.0,-39.0
1776885060.4031026,5.0,2.0,-42.0
1776885060.4131026,4.0,1.0,-42.0
1776885060.4231029,4.0,0.0,-47.0
1776885060.4331028,3.0,0.0,-45.0
1776885060.4431028,3.0,-4.0,-42.0
1776885060.4531028,2.0,-4.0,-47.0
1776885060.4631028,5.0,-1.0,-48.0
1776885060.4731028,2.0,-3.0,-50.0
1776885060.4831028,-1.0,-4.0,-53.0
1776885060.4931028,-2.0,-6.0,-52.0
1776885060.5031028,2.0,-3.0,-50.0
1776885060.5131028,2.0,0.0,-42.0
1776885060.5231028,1.0,0.0,-47.0
1776885060.5331028,2.0,1.0,-49.0
1776885060.5431027,0.0,-1.0,-46.0
1776885060.5531027,-2.0,0.0,-47.0
1776885060.5631027,-4.0,3.0,-50.0
1776885060.5731027,-4.0,2.0,-49.0
1776885060.5831027,-5.0,5.0,-46.0
1776885060.5931027,-5.0,7.0,-45.0
1776885060.6031027,-3.0,3.0,-43.0
1776885060.613103,-6.0,4.0,-41.0
1776885060.623103,-8.0,3.0,-47.0
1776885060.633103,-5.0,3.0,-42.0
1776885060.6431026,-3.0,2.0,-43.0
1776885060.6531026,1.0,1.0,-46.0
1776885060.6631026,-1.0,0.0,-51.0
1776885060.6731029,-6.0,0.0,-47.0
1776885060.6831028,-7.0,0.0,-47.0
1776885060.6931028,-5.0,3.0,-49.0
1776885060.7031028,-3.0,4.0,-48.0
1776885060.7131028,1.0,0.0,-52.0
1776885060.7231028,2.0,1.0,-50.0
1776885060.7331028,-2.0,-1.0,-45.0
1776885060.7431028,-6.0,-2.0,-48.0
1776885060.7531028,-5.0,0.0,-53.0
1776885060.7631028,-2.0,-1.0,-56.0
1776885060.7731028,-1.0,-9.0,-61.0
1776885060.7831028,-3.0,-7.0,-61.0
1776885060.7931027,-1.0,-5.0,-54.0
1776885060.8031027,0.0,-4.0,-57.0
1776885060.8131027,2.0,-6.0,-56.0
1776885060.8231027,-2.0,-2.0,-50.0
1776885060.8331027,1.0,-2.0,-47.0
1776885060.8431027,-1.0,-1.0,-47.0
1776885060.8531027,1.0,0.0,-46.0
1776885060.863103,-3.0,0.0,-49.0
1776885060.873103,0.0,0.0,-44.0
1776885060.883103,-1.0,4.0,-48.0
1776885060.8931026,-6.0,2.0,-48.0
1776885060.9031026,-5.0,1.0,-56.0
1776885060.9131026,-4.0,4.0,-59.0
1776885060.9231029,-1.0,3.0,-60.0
1776885060.9331028,0.0,5.0,-53.0
1776885060.9431028,1.0,4.0,-51.0
1776885060.9531028,0.0,2.0,-53.0
1776885060.9631028,2.0,0.0,-50.0
1776885060.9731028,0.0,0.0,-50.0
1776885060.9831028,-1.0,0.0,-42.0
1776885060.9931028,1.0,0.0,-44.0
1776885061.0031028,4.0,5.0,-49.0
1776885061.0131028,2.0,-1.0,-50.0
1776885061.0231028,5.0,-7.0,-49.0
1776885061.0331028,2.0,-10.0,-45.0
1776885061.0431027,5.0,-9.0,-38.0
1776885061.0531027,5.0,-4.0,-35.0
1776885061.0631027,8.0,-5.0,-42.0
1776885061.0731027,4.0,-1.0,-43.0
1776885061.0831027,2.0,0.0,-42.0
1776885061.0931027,4.0,4.0,-44.0
1776885061.1031027,0.0,2.0,-52.0
1776885061.113103,0.0,2.0,-45.0
1776885061.123103,1.0,2.0,-45.0
1776885061.133103,0.0,0.0,-47.0
1776885061.1431026,-2.0,-2.0,-44.0
1776885061.1531026,1.0,-1.0,-50.0
1776885061.1631026,4.0,-3.0,-49.0
1776885061.1731029,4.0,-4.0,-50.0
1776885061.1841028,1.0,-3.0,-49.0
1776885061.1931028,2.0,-1.0,-48.0
1776885061.2031028,0.0,0.0,-46.0
1776885061.2131028,0.0,3.0,-46.0
1776885061.2231028,0.0,6.0,-42.0
1776885061.2331028,-1.0,4.0,-40.0
1776885061.2431028,0.0,4.0,-44.0
1776885061.2531028,-1.0,4.0,-40.0
1776885061.2631028,-1.0,2.0,-45.0
1776885061.2731028,-1.0,1.0,-41.0
1776885061.2831028,1.0,3.0,-43.0
1776885061.2931027,6.0,4.0,-52.0
1776885061.3031027,-1.0,4.0,-46.0
1776885061.3131027,0.0,0.0,-43.0
1776885061.3231027,2.0,-1.0,-39.0
1776885061.3331027,0.0,0.0,-37.0
1776885061.3431027,4.0,-3.0,-34.0
1776885061.3531027,4.0,-2.0,-34.0
1776885061.363103,3.0,1.0,-34.0
1776885061.373103,1.0,3.0,-37.0
1776885061.383103,0.0,-2.0,-35.0
1776885061.3931026,1.0,-3.0,-32.0
1776885061.4031026,2.0,0.0,-30.0
1776885061.4131026,4.0,0.0,-35.0
1776885061.4231029,4.0,-1.0,-36.0
1776885061.4331028,0.0,1.0,-40.0
1776885061.4431028,-2.0,2.0,-40.0
1776885061.4531028,-2.0,3.0,-40.0
1776885061.4631028,-5.0,7.0,-42.0
1776885061.4731028,-1.0,6.0,-39.0
1776885061.4831028,-2.0,0.0,-39.0
1776885061.4931028,-4.0,0.0,-46.0
1776885061.5031028,-5.0,-4.0,-56.0
1776885061.5131028,0.0,-5.0,-54.0
1776885061.5231028,2.0,-5.0,-47.0
1776885061.534103,-2.0,-7.0,-44.0
1776885061.544103,-5.0,-7.0,-44.0
1776885061.5531027,-6.0,-9.0,-45.0
1776885061.5641026,-8.0,-7.0,-47.0
1776885061.5741026,-1.0,-7.0,-39.0
1776885061.5841026,0.0,-10.0,-45.0
1776885061.5941026,3.0,-8.0,-46.0
1776885061.6041028,5.0,-4.0,-45.0
1776885061.6141028,3.0,-5.0,-49.0
1776885061.6241028,3.0,-8.0,-50.0
1776885061.6341028,4.0,-8.0,-42.0
1776885061.6441028,2.0,-7.0,-43.0
1776885061.6541028,4.0,-5.0,-42.0
1776885061.6641028,5.0,-3.0,-37.0
1776885061.6741028,8.0,-1.0,-30.0
1776885061.6841028,5.0,-1.0,-32.0
1776885061.6941028,4.0,0.0,-35.0
1776885061.7041028,9.0,-4.0,-36.0
1776885061.7141027,11.0,-7.0,-40.0
1776885061.7241027,9.0,-11.0,-39.0
1776885061.7341027,5.0,-11.0,-36.0
1776885061.7441027,3.0,-9.0,-40.0
1776885061.7541027,2.0,-6.0,-42.0
1776885061.7641027,2.0,-4.0,-42.0
1776885061.7741027,-2.0,-6.0,-42.0
1776885061.784103,-7.0,-2.0,-46.0
1776885061.794103,-3.0,0.0,-41.0
1776885061.804103,0.0,-2.0,-33.0
1776885061.8141026,-3.0,-2.0,-32.0
1776885061.8241026,-7.0,-1.0,-22.0
1776885061.8341026,-5.0,-1.0,-23.0
1776885061.8441026,-1.0,0.0,-24.0
1776885061.8541028,-4.0,2.0,-28.0
1776885061.8641028,-6.0,1.0,-33.0
1776885061.8741028,-7.0,1.0,-37.0
1776885061.8841028,-8.0,-3.0,-41.0
1776885061.8941028,-9.0,-6.0,-41.0
1776885061.9041028,-4.0,-2.0,-46.0
1776885061.9141028,-2.0,-4.0,-42.0
1776885061.9241028,3.0,0.0,-49.0
1776885061.9341028,3.0,3.0,-48.0
1776885061.9441028,3.0,0.0,-46.0
1776885061.9541028,3.0,2.0,-53.0
1776885061.9641027,0.0,2.0,-52.0
1776885061.9741027,-1.0,1.0,-52.0
1776885061.9841027,0.0,0.0,-50.0
1776885061.9941027,-2.0,0.0,-49.0
1776885062.0041027,-2.0,2.0,-45.0
1776885062.0141027,-3.0,-1.0,-44.0
1776885062.0241027,-4.0,1.0,-42.0
1776885062.034103,0.0,2.0,-42.0
1776885062.044103,-1.0,-1.0,-39.0
1776885062.054103,0.0,-5.0,-39.0
1776885062.0641026,0.0,-3.0,-40.0
1776885062.0741026,3.0,1.0,-40.0
1776885062.0841026,7.0,0.0,-39.0
1776885062.0941026,10.0,-4.0,-41.0
1776885062.1041028,9.0,-3.0,-39.0
1776885062.1151028,11.0,-4.0,-46.0
1776885062.1241028,7.0,-7.0,-50.0
1776885062.1341028,7.0,-8.0,-42.0
1776885062.1441028,5.0,-8.0,-38.0
1776885062.1541028,6.0,-8.0,-33.0
1776885062.1641028,6.0,-3.0,-39.0
1776885062.1741028,5.0,-7.0,-48.0
1776885062.1841028,5.0,-5.0,-49.0
1776885062.1941028,0.0,-7.0,-44.0
1776885062.2041028,1.0,-8.0,-49.0
1776885062.2141027,-1.0,-8.0,-50.0
1776885062.2241027,-3.0,-8.0,-52.0
1776885062.2341027,-4.0,-6.0,-49.0
1776885062.2441027,-7.0,-2.0,-42.0
1776885062.2541027,-4.0,-3.0,-44.0
1776885062.2641027,0.0,-3.0,-47.0
1776885062.2741027,-1.0,0.0,-47.0
1776885062.284103,2.0,-2.0,-53.0
1776885062.294103,3.0,-3.0,-51.0
1776885062.304103,2.0,-2.0,-47.0
1776885062.3141026,1.0,0.0,-41.0
1776885062.3241026,4.0,4.0,-45.0
1776885062.3341026,2.0,2.0,-42.0
1776885062.3441026,-1.0,1.0,-43.0
1776885062.3541028,-1.0,1.0,-42.0
1776885062.3641028,0.0,3.0,-39.0
1776885062.3741028,1.0,3.0,-33.0
1776885062.3841028,1.0,-1.0,-34.0
1776885062.3941028,-2.0,-2.0,-30.0
1776885062.4041028,-6.0,-3.0,-35.0
1776885062.4141028,-5.0,-3.0,-35.0
1776885062.4241028,-6.0,2.0,-32.0
1776885062.4341028,-7.0,4.0,-33.0
1776885062.4441028,-2.0,4.0,-38.0
1776885062.4541028,1.0,6.0,-37.0
1776885062.4641027,2.0,8.0,-37.0
1776885062.4741027,2.0,4.0,-37.0
1776885062.4841027,3.0,0.0,-42.0
1776885062.4941027,1.0,5.0,-40.0
1776885062.5041027,-4.0,3.0,-46.0
1776885062.5141027,1.0,0.0,-48.0
1776885062.5241027,0.0,1.0,-52.0
1776885062.534103,1.0,0.0,-51.0
1776885062.544103,1.0,1.0,-53.0
1776885062.554103,2.0,3.0,-49.0
1776885062.5641026,2.0,3.0,-54.0
1776885062.5741026,3.0,3.0,-52.0
1776885062.5841026,1.0,6.0,-50.0
1776885062.5941026,-1.0,4.0,-43.0
1776885062.6041028,-3.0,0.0,-40.0
1776885062.6141028,-2.0,0.0,-42.0
1776885062.6241028,-2.0,0.0,-41.0
1776885062.6341028,-3.0,1.0,-42.0
1776885062.6441028,-2.0,3.0,-44.0
1776885062.6541028,-3.0,6.0,-40.0
1776885062.6641028,0.0,-1.0,-43.0
1776885062.6741028,2.0,-3.0,-46.0
1776885062.6841028,0.0,1.0,-51.0
1776885062.6941028,2.0,0.0,-51.0
1776885062.7041028,5.0,-2.0,-56.0
1776885062.7141027,8.0,-2.0,-52.0
1776885062.7241027,8.0,0.0,-51.0
1776885062.7341027,5.0,-1.0,-46.0
1776885062.7441027,0.0,0.0,-37.0
1776885062.7541027,-1.0,-2.0,-37.0
1776885062.7641027,-3.0,0.0,-39.0
1776885062.7741027,-3.0,0.0,-46.0
1776885062.784103,3.0,0.0,-45.0
1776885062.794103,8.0,-2.0,-50.0
1776885062.804103,3.0,-2.0,-47.0
1776885062.8141026,-1.0,-3.0,-48.0
1776885062.8241026,0.0,-2.0,-38.0
1776885062.8341026,0.0,-3.0,-42.0
1776885062.8441026,-7.0,-4.0,-44.0
1776885062.8541028,-8.0,-7.0,-47.0
1776885062.8641028,-4.0,-7.0,-49.0
1776885062.8741028,-4.0,-9.0,-50.0
1776885062.8841028,-5.0,-7.0,-49.0
1776885062.8941028,-4.0,-9.0,-47.0
1776885062.9041028,-3.0,-10.0,-49.0
1776885062.9141028,-7.0,-5.0,-53.0
1776885062.9241028,-5.0,-2.0,-53.0
1776885062.9341028,-8.0,-1.0,-46.0
1776885062.9441028,-7.0,-1.0,-49.0
1776885062.9541028,-5.0,-3.0,-49.0
1776885062.9641027,-4.0,-1.0,-44.0
1776885062.9741027,-6.0,-4.0,-42.0
1776885062.9841027,-11.0,-5.0,-48.0
1776885062.9941027,-8.0,-1.0,-55.0
1776885063.0041027,-8.0,-3.0,-52.0
1776885063.0141027,-6.0,-3.0,-54.0
1776885063.0241027,0.0,1.0,-56.0
1776885063.034103,-3.0,0.0,-58.0
1776885063.044103,-5.0,-2.0,-51.0
1776885063.054103,-3.0,0.0,-49.0
1776885063.0641026,0.0,0.0,-45.0
1776885063.0741026,0.0,-3.0,-44.0
1776885063.0841026,-2.0,-1.0,-45.0
1776885063.0941026,2.0,-1.0,-51.0
1776885063.1041028,0.0,-2.0,-47.0
1776885063.1141028,0.0,-3.0,-45.0
1776885063.1241028,-1.0,-4.0,-48.0
1776885063.1341028,-2.0,-1.0,-45.0
1776885063.1441028,-5.0,2.0,-45.0
1776885063.1541028,-6.0,-2.0,-43.0
1776885063.1641028,-5.0,-2.0,-44.0
1776885063.1741028,-4.0,1.0,-44.0
1776885063.1841028,-2.0,0.0,-42.0
1776885063.1941028,-3.0,0.0,-42.0
1776885063.2041028,-4.0,0.0,-39.0
1776885063.2141027,-4.0,-3.0,-39.0
1776885063.2241027,1.0,-1.0,-40.0
1776885063.2341027,3.0,1.0,-42.0
1776885063.2441027,6.0,4.0,-45.0
1776885063.2541027,7.0,6.0,-46.0
1776885063.2641027,12.0,3.0,-46.0
1776885063.2741027,10.0,0.0,-44.0
1776885063.284103,5.0,0.0,-44.0
1776885063.294103,4.0,2.0,-47.0
1776885063.304103,8.0,0.0,-45.0
1776885063.3141026,10.0,-2.0,-43.0
1776885063.3241026,11.0,0.0,-45.0
1776885063.3341026,11.0,0.0,-50.0
1776885063.3441026,5.0,0.0,-52.0
1776885063.3541028,3.0,0.0,-50.0
1776885063.3641028,4.0,0.0,-49.0
1776885063.3741028,7.0,0.0,-39.0
1776885063.3841028,2.0,-2.0,-37.0
1776885063.3941028,0.0,-2.0,-46.0
1776885063.4041028,2.0,-4.0,-49.0
1776885063.4141028,1.0,0.0,-51.0
1776885063.4241028,2.0,2.0,-48.0
1776885063.4341028,-3.0,2.0,-50.0
1776885063.4441028,-2.0,-1.0,-54.0
1776885063.4541028,0.0,0.0,-51.0
1776885063.4641027,2.0,-7.0,-55.0
1776885063.4741027,3.0,-5.0,-54.0
1776885063.485103,1.0,-5.0,-55.0
1776885063.4951026,1.0,-7.0,-52.0
1776885063.5051026,3.0,-5.0,-49.0
1776885063.5151026,0.0,-2.0,-47.0
1776885063.5251029,3.0,-1.0,-41.0
1776885063.5351028,3.0,-1.0,-44.0
1776885063.5451028,4.0,-2.0,-50.0
1776885063.5551028,0.0,-1.0,-48.0
1776885063.5651028,0.0,-2.0,-48.0
1776885063.5751028,2.0,0.0,-51.0
1776885063.5851028,-1.0,3.0,-53.0
1776885063.5951028,0.0,2.0,-57.0
1776885063.6051028,3.0,2.0,-53.0
1776885063.6151028,1.0,2.0,-48.0
1776885063.6251028,1.0,2.0,-50.0
1776885063.6351027,2.0,1.0,-48.0
1776885063.6451027,0.0,-2.0,-43.0
1776885063.6551027,0.0,-6.0,-50.0
1776885063.6651027,-2.0,-7.0,-54.0
1776885063.6751027,-2.0,-7.0,-53.0
1776885063.6851027,-5.0,-7.0,-54.0
1776885063.6951027,-9.0,-5.0,-51.0
1776885063.7051027,-7.0,-5.0,-54.0
1776885063.715103,1.0,-4.0,-50.0
1776885063.725103,3.0,-4.0,-49.0
1776885063.735103,2.0,-2.0,-43.0
1776885063.7451026,5.0,-2.0,-47.0
1776885063.7551026,3.0,-3.0,-50.0
1776885063.7651026,-2.0,0.0,-48.0
1776885063.7751029,-3.0,0.0,-45.0
1776885063.7851028,-2.0,1.0,-46.0
1776885063.7951028,-2.0,-2.0,-44.0
1776885063.8051028,1.0,-1.0,-47.0
1776885063.8151028,5.0,-1.0,-45.0
1776885063.8251028,4.0,-4.0,-43.0
1776885063.8351028,0.0,-7.0,-47.0
1776885063.8451028,-2.0,-3.0,-44.0
1776885063.8561027,0.0,-4.0,-47.0
1776885063.8651028,-2.0,-5.0,-48.0
1776885063.8751028,0.0,-5.0,-49.0
1776885063.8851027,-5.0,-3.0,-50.0
1776885063.8951027,-9.0,-2.0,-41.0
1776885063.9051027,-7.0,-1.0,-32.0
1776885063.9151027,-5.0,-4.0,-39.0
1776885063.9251027,-3.0,-3.0,-39.0
1776885063.9351027,-5.0,-6.0,-33.0
1776885063.9451027,-4.0,-9.0,-34.0
1776885063.9551027,-1.0,-6.0,-40.0
1776885063.965103,-5.0,-4.0,-36.0
1776885063.975103,-9.0,-5.0,-34.0
1776885063.985103,-9.0,-1.0,-38.0
1776885063.9951026,-4.0,0.0,-39.0
1776885064.0051026,-1.0,0.0,-41.0
1776885064.0151026,2.0,-1.0,-39.0
1776885064.0251029,2.0,0.0,-42.0
1776885064.0351028,9.0,0.0,-41.0
1776885064.0451028,13.0,-3.0,-40.0
1776885064.0551028,13.0,2.0,-48.0
1776885064.0651028,15.0,-2.0,-50.0
1776885064.0751028,11.0,-3.0,-51.0
1776885064.0851028,4.0,-5.0,-45.0
1776885064.0951028,4.0,-2.0,-48.0
1776885064.1051028,0.0,-1.0,-47.0
1776885064.1151028,-4.0,-6.0,-49.0
1776885064.1251028,-6.0,-4.0,-50.0
1776885064.1351027,-4.0,0.0,-37.0
1776885064.1451027,-2.0,3.0,-40.0
1776885064.1551027,-2.0,1.0,-42.0
1776885064.1651027,-2.0,0.0,-43.0
1776885064.1751027,-3.0,-3.0,-40.0
1776885064.1851027,-3.0,1.0,-42.0
1776885064.1951027,0.0,-1.0,-40.0
1776885064.2051027,1.0,-1.0,-35.0
1776885064.215103,1.0,0.0,-29.0
1776885064.225103,3.0,0.0,-32.0
1776885064.235103,0.0,0.0,-38.0
1776885064.2451026,0.0,-4.0,-38.0
1776885064.2551026,-1.0,-3.0,-33.0
1776885064.2651026,0.0,-6.0,-38.0
1776885064.2751029,0.0,-5.0,-44.0
1776885064.2851028,2.0,-4.0,-40.0
1776885064.2951028,2.0,1.0,-41.0
1776885064.3051028,2.0,2.0,-44.0
1776885064.3151028,2.0,7.0,-45.0
1776885064.3251028,0.0,4.0,-48.0
1776885064.3351028,-1.0,1.0,-47.0
1776885064.3451028,0.0,0.0,-43.0
1776885064.3551028,-4.0,-1.0,-40.0
1776885064.3651028,-6.0,4.0,-39.0
1776885064.3751028,-6.0,2.0,-35.0
1776885064.3851027,-3.0,0.0,-35.0
1776885064.3951027,-4.0,1.0,-38.0
1776885064.4051027,-2.0,-1.0,-40.0
1776885064.4151027,0.0,-3.0,-46.0
1776885064.4251027,0.0,-3.0,-50.0
1776885064.4351027,2.0,-1.0,-48.0
1776885064.4451027,-1.0,-2.0,-50.0
1776885064.4551027,3.0,-3.0,-43.0
1776885064.465103,5.0,-2.0,-45.0
1776885064.475103,6.0,0.0,-44.0
1776885064.485103,1.0,0.0,-48.0
1776885064.4951026,4.0,-1.0,-47.0
1776885064.5051026,3.0,-2.0,-43.0
1776885064.5151026,2.0,-3.0,-49.0
1776885064.5251029,2.0,0.0,-52.0
1776885064.5351028,3.0,-1.0,-52.0
1776885064.5451028,4.0,1.0,-49.0
1776885064.5551028,4.0,5.0,-45.0
1776885064.5651028,-1.0,6.0,-39.0
1776885064.5751028,5.0,4.0,-39.0
1776885064.5851028,5.0,6.0,-39.0
1776885064.5951028,5.0,2.0,-39.0
1776885064.6051028,1.0,-1.0,-38.0
1776885064.6151028,2.0,-1.0,-43.0
1776885064.6251028,1.0,0.0,-46.0
1776885064.6351027,2.0,2.0,-42.0
1776885064.6451027,-3.0,4.0,-46.0
1776885064.6551027,-4.0,4.0,-50.0
1776885064.6651027,-5.0,5.0,-45.0
1776885064.6751027,-3.0,2.0,-45.0
1776885064.6851027,-2.0,-2.0,-43.0
1776885064.6951027,-2.0,0.0,-48.0
1776885064.7051027,4.0,1.0,-46.0
1776885064.715103,4.0,0.0,-41.0
1776885064.725103,1.0,-3.0,-36.0
1776885064.735103,3.0,-5.0,-34.0
1776885064.7451026,0.0,-6.0,-42.0
1776885064.7551026,-5.0,-6.0,-48.0
1776885064.7651026,-2.0,-5.0,-47.0
1776885064.7751029,-8.0,-5.0,-45.0
1776885064.7851028,-10.0,-4.0,-44.0
1776885064.7951028,-9.0,-4.0,-48.0
1776885064.8051028,-4.0,-4.0,-49.0
1776885064.8151028,-5.0,-6.0,-50.0
1776885064.8251028,-3.0,-6.0,-49.0
1776885064.8351028,1.0,-5.0,-49.0
1776885064.8451028,6.0,-6.0,-48.0
1776885064.8551028,5.0,-6.0,-53.0
1776885064.8651028,5.0,-7.0,-56.0
1776885064.8751028,4.0,-5.0,-44.0
1776885064.8851027,5.0,-5.0,-51.0
1776885064.8951027,3.0,-6.0,-54.0
1776885064.9051027,3.0,-12.0,-51.0
1776885064.9151027,1.0,-14.0,-50.0
1776885064.9251027,0.0,-11.0,-52.0
1776885064.9351027,10.0,-10.0,-48.0
1776885064.9451027,9.0,-4.0,-48.0
1776885064.9551027,4.0,-6.0,-48.0
1776885064.965103,4.0,-1.0,-47.0
1776885064.975103,3.0,-2.0,-46.0
1776885064.985103,-3.0,-5.0,-46.0
1776885064.9951026,-7.0,-4.0,-50.0
1776885065.0051026,-10.0,-3.0,-49.0
1776885065.0151026,-11.0,-1.0,-41.0
1776885065.0251029,-8.0,2.0,-42.0
1776885065.0351028,0.0,5.0,-45.0
1776885065.0451028,3.0,7.0,-46.0
1776885065.0551028,3.0,5.0,-44.0
1776885065.0651028,10.0,0.0,-47.0
1776885065.0751028,10.0,0.0,-49.0
1776885065.0851028,5.0,-6.0,-46.0
1776885065.0951028,1.0,-6.0,-47.0
1776885065.1051028,9.0,-2.0,-45.0
1776885065.1151028,2.0,-1.0,-49.0
1776885065.1251028,1.0,-1.0,-48.0
1776885065.1351027,0.0,-2.0,-49.0
1776885065.1451027,0.0,0.0,-44.0
1776885065.1551027,0.0,-1.0,-38.0
1776885065.1651027,-3.0,0.0,-40.0
1776885065.1751027,-2.0,-2.0,-41.0
1776885065.1851027,-2.0,-2.0,-44.0
1776885065.1951027,1.0,-4.0,-45.0
1776885065.2051027,3.0,-2.0,-51.0
1776885065.215103,-3.0,-1.0,-56.0
1776885065.225103,-3.0,-2.0,-52.0
1776885065.235103,-1.0,0.0,-44.0
1776885065.2461028,-7.0,-1.0,-43.0
1776885065.2551026,-8.0,-6.0,-44.0
1776885065.2651026,-5.0,1.0,-51.0
1776885065.2751029,-2.0,5.0,-51.0
1776885065.2851028,-1.0,5.0,-45.0
1776885065.2951028,-3.0,2.0,-46.0
1776885065.3051028,-1.0,7.0,-43.0
1776885065.3151028,-4.0,7.0,-45.0
1776885065.3251028,0.0,12.0,-48.0
1776885065.3351028,-3.0,8.0,-50.0
1776885065.3451028,-2.0,7.0,-53.0
1776885065.3551028,-5.0,4.0,-51.0
1776885065.3651028,0.0,3.0,-48.0
1776885065.3751028,1.0,6.0,-51.0
1776885065.3851027,4.0,9.0,-51.0
1776885065.3951027,0.0,3.0,-51.0
1776885065.4051027,1.0,2.0,-52.0
1776885065.4151027,4.0,4.0,-43.0
1776885065.4251027,3.0,2.0,-46.0
1776885065.4351027,0.0,0.0,-50.0
1776885065.4451027,-2.0,-3.0,-44.0
1776885065.4551027,-1.0,-3.0,-44.0
1776885065.465103,-3.0,-4.0,-47.0
1776885065.4761028,-2.0,0.0,-50.0
1776885065.4861028,-1.0,-1.0,-44.0
1776885065.4951026,2.0,0.0,-46.0
1776885065.5051026,3.0,0.0,-46.0
1776885065.5161028,2.0,1.0,-42.0
1776885065.5261028,2.0,2.0,-44.0
1776885065.5361028,0.0,-1.0,-42.0
1776885065.5461028,1.0,-5.0,-46.0
1776885065.5561028,0.0,-4.0,-46.0
1776885065.5661027,1.0,-7.0,-50.0
1776885065.5761027,6.0,-6.0,-48.0
1776885065.5861027,7.0,-6.0,-50.0
1776885065.5961027,5.0,-9.0,-55.0
1776885065.6061027,5.0,-11.0,-57.0
1776885065.6161027,1.0,-9.0,-53.0
1776885065.6261027,0.0,-10.0,-52.0
1776885065.636103,0.0,-9.0,-55.0
1776885065.646103,2.0,-4.0,-55.0
1776885065.656103,1.0,-5.0,-57.0
1776885065.6661026,4.0,-1.0,-54.0
1776885065.6761026,5.0,1.0,-46.0
1776885065.6861026,6.0,-3.0,-47.0
1776885065.6961029,10.0,0.0,-44.0
1776885065.7061028,9.0,-2.0,-44.0
1776885065.7161028,6.0,2.0,-45.0
1776885065.7261028,9.0,-1.0,-42.0
1776885065.7361028,6.0,-1.0,-46.0
1776885065.7461028,4.0,-2.0,-37.0
1776885065.7561028,1.0,-1.0,-37.0
1776885065.7661028,0.0,3.0,-39.0
1776885065.7761028,3.0,3.0,-36.0
1776885065.7861028,1.0,0.0,-39.0
1776885065.7961028,0.0,1.0,-46.0
1776885065.8061028,0.0,-1.0,-42.0
1776885065.8161027,-2.0,-2.0,-36.0
1776885065.8261027,-6.0,-3.0,-41.0
1776885065.8361027,-6.0,-9.0,-48.0
1776885065.8461027,-4.0,-11.0,-49.0
1776885065.8561027,-2.0,-7.0,-52.0
1776885065.8661027,4.0,-6.0,-56.0
1776885065.8761027,8.0,-4.0,-63.0
1776885065.886103,6.0,-2.0,-62.0
1776885065.896103,4.0,1.0,-59.0
1776885065.906103,1.0,0.0,-54.0
1776885065.9161026,3.0,-3.0,-47.0
1776885065.9261026,3.0,-2.0,-42.0
1776885065.9361026,4.0,1.0,-37.0
1776885065.9461029,4.0,4.0,-40.0
1776885065.9561028,6.0,0.0,-44.0
1776885065.9661028,5.0,-2.0,-50.0
1776885065.9761028,-4.0,-1.0,-47.0
1776885065.9861028,-5.0,-1.0,-40.0
1776885065.9961028,-3.0,-2.0,-44.0
1776885066.0061028,-2.0,-1.0,-46.0
1776885066.0161028,-3.0,-2.0,-46.0
1776885066.0261028,2.0,-2.0,-46.0
1776885066.0361028,5.0,-4.0,-46.0
1776885066.0461028,1.0,-2.0,-47.0
1776885066.0561028,5.0,-1.0,-46.0
1776885066.0661027,9.0,-1.0,-41.0
1776885066.0761027,10.0,-3.0,-41.0
1776885066.0861027,7.0,-1.0,-35.0
1776885066.0961027,5.0,-3.0,-39.0
1776885066.1061027,4.0,-3.0,-44.0
1776885066.1161027,5.0,-5.0,-47.0
1776885066.1261027,7.0,-8.0,-46.0
1776885066.136103,4.0,-9.0,-44.0
1776885066.146103,-2.0,-8.0,-46.0
1776885066.156103,-2.0,-8.0,-45.0
1776885066.1661026,0.0,-5.0,-43.0
1776885066.1761026,3.0,-2.0,-41.0
1776885066.1861026,8.0,-4.0,-44.0
1776885066.1961029,3.0,-4.0,-42.0
1776885066.2061028,1.0,-1.0,-45.0
1776885066.2161028,2.0,0.0,-45.0
1776885066.2261028,-1.0,0.0,-46.0
1776885066.2361028,-2.0,1.0,-41.0
1776885066.2461028,-3.0,4.0,-45.0
1776885066.2561028,-3.0,9.0,-51.0
1776885066.2661028,-1.0,5.0,-50.0
1776885066.2761028,-1.0,-1.0,-48.0
1776885066.2861028,0.0,0.0,-51.0
1776885066.2961028,2.0,0.0,-51.0
1776885066.3061028,0.0,1.0,-49.0
1776885066.3161027,0.0,-2.0,-46.0
1776885066.3261027,0.0,-3.0,-48.0
1776885066.3361027,-3.0,-2.0,-43.0
1776885066.3461027,3.0,1.0,-47.0
1776885066.3561027,5.0,1.0,-43.0
1776885066.3661027,4.0,-2.0,-42.0
1776885066.3761027,0.0,-4.0,-45.0
1776885066.386103,0.0,-2.0,-45.0
1776885066.396103,2.0,-4.0,-50.0
1776885066.406103,4.0,-6.0,-55.0
1776885066.4161026,5.0,-6.0,-51.0
1776885066.4261026,0.0,-7.0,-46.0
1776885066.4361026,-3.0,-5.0,-48.0
1776885066.4461029,-4.0,-7.0,-50.0
1776885066.4561028,-8.0,-9.0,-49.0
1776885066.4661028,-9.0,-6.0,-48.0
1776885066.4761028,-12.0,-4.0,-48.0
1776885066.4861028,-8.0,-1.0,-49.0
1776885066.4961028,-7.0,-4.0,-47.0
1776885066.5061028,-5.0,-6.0,-45.0
1776885066.5161028,-1.0,-4.0,-44.0
1776885066.5261028,0.0,-5.0,-42.0
1776885066.5361028,0.0,-3.0,-34.0
1776885066.5461028,2.0,3.0,-38.0
1776885066.5561028,8.0,4.0,-37.0
1776885066.5661027,9.0,2.0,-30.0
1776885066.5761027,7.0,0.0,-32.0
1776885066.5861027,13.0,-5.0,-34.0
1776885066.5961027,17.0,-5.0,-34.0
1776885066.6061027,8.0,-3.0,-33.0
1776885066.6161027,10.0,-5.0,-41.0
1776885066.6261027,11.0,-4.0,-40.0
1776885066.636103,14.0,0.0,-42.0
1776885066.646103,15.0,-1.0,-40.0
1776885066.656103,11.0,-2.0,-36.0
1776885066.6661026,6.0,3.0,-41.0
1776885066.6761026,8.0,1.0,-46.0
1776885066.6861026,7.0,-1.0,-48.0
1776885066.6961029,5.0,0.0,-49.0
1776885066.7061028,7.0,0.0,-50.0
1776885066.7161028,2.0,6.0,-50.0
1776885066.7261028,-1.0,7.0,-50.0
1776885066.7361028,-1.0,1.0,-49.0
1776885066.7461028,-3.0,0.0,-46.0
1776885066.7561028,-2.0,-4.0,-42.0
1776885066.7661028,0.0,-6.0,-40.0
1776885066.7761028,1.0,-7.0,-42.0
1776885066.7861028,0.0,-5.0,-39.0
1776885066.7961028,2.0,-5.0,-39.0
1776885066.8061028,2.0,-5.0,-44.0
1776885066.8161027,1.0,-3.0,-44.0
1776885066.8261027,1.0,-4.0,-48.0
1776885066.8361027,-1.0,-1.0,-51.0
1776885066.8461027,1.0,-1.0,-53.0
1776885066.8561027,2.0,-2.0,-51.0
1776885066.8661027,5.0,0.0,-50.0
1776885066.8761027,3.0,0.0,-50.0
1776885066.886103,3.0,1.0,-56.0
1776885066.896103,4.0,3.0,-63.0
1776885066.906103,0.0,3.0,-63.0
1776885066.9161026,-1.0,4.0,-61.0
1776885066.9261026,-5.0,2.0,-54.0
1776885066.9361026,-4.0,1.0,-57.0
1776885066.9461029,-5.0,1.0,-48.0
1776885066.9561028,1.0,-1.0,-38.0
1776885066.9661028,2.0,-5.0,-40.0
1776885066.9761028,4.0,-8.0,-41.0
1776885066.9861028,0.0,-12.0,-39.0
1776885066.9961028,6.0,-10.0,-41.0
1776885067.0061028,6.0,-8.0,-43.0
1776885067.0161028,6.0,-8.0,-46.0
1776885067.0261028,5.0,-7.0,-40.0
1776885067.0361028,3.0,-8.0,-39.0
1776885067.0461028,-2.0,-3.0,-43.0
1776885067.0561028,-1.0,-4.0,-41.0
1776885067.0661027,-1.0,-1.0,-43.0
1776885067.0761027,3.0,-1.0,-47.0
1776885067.0861027,4.0,0.0,-51.0
1776885067.0961027,1.0,0.0,-49.0
1776885067.1061027,2.0,2.0,-49.0
1776885067.1161027,0.0,0.0,-48.0
1776885067.1261027,0.0,-2.0,-47.0
1776885067.136103,-1.0,-3.0,-49.0
1776885067.146103,1.0,-2.0,-47.0
1776885067.156103,2.0,-2.0,-44.0
1776885067.1661026,0.0,-1.0,-42.0
1776885067.1761026,0.0,0.0,-38.0
1776885067.1861026,-3.0,7.0,-44.0
1776885067.1961029,-3.0,6.0,-49.0
1776885067.2061028,-5.0,6.0,-48.0
1776885067.2161028,-2.0,5.0,-47.0
1776885067.2261028,1.0,0.0,-45.0
1776885067.2361028,2.0,-4.0,-37.0
1776885067.2461028,0.0,-5.0,-42.0
1776885067.2561028,-3.0,-3.0,-40.0
1776885067.2661028,-1.0,-3.0,-40.0
1776885067.2761028,-1.0,1.0,-42.0
1776885067.2861028,-2.0,0.0,-42.0
1776885067.2961028,-4.0,-2.0,-43.0
1776885067.3061028,-6.0,0.0,-43.0
1776885067.3161027,-8.0,0.0,-42.0
1776885067.3261027,-6.0,-1.0,-40.0
1776885067.3361027,-4.0,-2.0,-45.0
1776885067.3461027,3.0,0.0,-45.0
1776885067.3561027,2.0,0.0,-44.0
1776885067.3661027,5.0,2.0,-46.0
1776885067.3761027,3.0,2.0,-47.0
1776885067.386103,2.0,0.0,-47.0
1776885067.396103,2.0,2.0,-46.0
1776885067.406103,5.0,2.0,-42.0
1776885067.4161026,4.0,1.0,-43.0
1776885067.4261026,3.0,-3.0,-47.0
1776885067.4371028,2.0,0.0,-48.0
1776885067.4471028,4.0,3.0,-55.0
1776885067.4571028,4.0,2.0,-54.0
1776885067.4661028,3.0,0.0,-50.0
1776885067.4771028,4.0,2.0,-51.0
1776885067.4871027,0.0,-3.0,-53.0
1776885067.4971027,1.0,-4.0,-52.0
1776885067.5071027,3.0,-6.0,-48.0
1776885067.5171027,5.0,-1.0,-40.0
1776885067.5271027,6.0,-1.0,-44.0
1776885067.5371027,6.0,-4.0,-43.0
1776885067.5471027,7.0,-5.0,-42.0
1776885067.557103,8.0,-3.0,-43.0
1776885067.567103,7.0,-7.0,-47.0
1776885067.577103,3.0,-10.0,-48.0
1776885067.587103,-3.0,-11.0,-48.0
1776885067.5971026,-4.0,-6.0,-51.0
1776885067.6071026,-1.0,-4.0,-56.0
1776885067.6171026,-3.0,-4.0,-56.0
1776885067.6271029,-2.0,-4.0,-54.0
1776885067.6371028,-2.0,-4.0,-50.0
1776885067.6471028,0.0,-7.0,-49.0
1776885067.6571028,0.0,-9.0,-48.0
1776885067.6671028,-1.0,-10.0,-46.0
1776885067.6771028,1.0,-5.0,-44.0
1776885067.6871028,3.0,-5.0,-44.0
1776885067.6971028,3.0,-2.0,-45.0
1776885067.7071028,1.0,0.0,-44.0
1776885067.7171028,1.0,-3.0,-46.0
1776885067.7271028,1.0,-3.0,-50.0
1776885067.7371027,2.0,-1.0,-49.0
1776885067.7471027,1.0,-1.0,-57.0
1776885067.7571027,0.0,-6.0,-57.0
1776885067.7671027,0.0,-5.0,-58.0
1776885067.7771027,-4.0,-1.0,-52.0
1776885067.7871027,-9.0,-3.0,-47.0
1776885067.7971027,-14.0,-7.0,-42.0
1776885067.807103,-14.0,-9.0,-47.0
1776885067.817103,-11.0,-8.0,-45.0
1776885067.827103,-3.0,-8.0,-39.0
1776885067.837103,0.0,-5.0,-46.0
1776885067.8471026,3.0,-5.0,-44.0
1776885067.8571026,-3.0,-5.0,-39.0
1776885067.8671026,2.0,-7.0,-41.0
1776885067.8771029,5.0,-7.0,-39.0
1776885067.8871028,4.0,-9.0,-45.0
1776885067.8971028,4.0,-5.0,-42.0
1776885067.9071028,0.0,0.0,-41.0
1776885067.9171028,3.0,3.0,-36.0
1776885067.9271028,5.0,5.0,-40.0
1776885067.9371028,9.0,4.0,-43.0
1776885067.9471028,7.0,6.0,-46.0
1776885067.9571028,5.0,2.0,-43.0
1776885067.9671028,2.0,0.0,-40.0
1776885067.9771028,0.0,1.0,-41.0
1776885067.9871027,2.0,3.0,-36.0
1776885067.9971027,1.0,4.0,-34.0
1776885068.0071027,1.0,4.0,-34.0
1776885068.0171027,0.0,3.0,-39.0
1776885068.0271027,-1.0,3.0,-39.0
1776885068.0371027,1.0,0.0,-42.0
1776885068.0471027,2.0,-1.0,-44.0
1776885068.057103,4.0,-5.0,-48.0
1776885068.067103,-4.0,0.0,-46.0
1776885068.077103,-2.0,3.0,-44.0
1776885068.087103,-3.0,4.0,-42.0
1776885068.0971026,-2.0,4.0,-39.0
1776885068.1071026,0.0,4.0,-37.0
1776885068.1171026,-3.0,0.0,-36.0
1776885068.1271029,0.0,-4.0,-35.0
1776885068.1371028,0.0,-7.0,-32.0
1776885068.1471028,1.0,-9.0,-37.0
1776885068.1571028,0.0,-3.0,-42.0
1776885068.1671028,-3.0,0.0,-39.0
1776885068.1771028,0.0,2.0,-33.0
1776885068.1871028,-1.0,0.0,-43.0
1776885068.1971028,-3.0,0.0,-43.0
1776885068.2071028,-2.0,0.0,-40.0
1776885068.2171028,1.0,0.0,-35.0
1776885068.2271028,-1.0,-2.0,-33.0
1776885068.2371027,0.0,-3.0,-39.0
1776885068.2471027,-1.0,0.0,-41.0
1776885068.2571027,-2.0,-1.0,-46.0
1776885068.2671027,-2.0,2.0,-45.0
1776885068.2771027,-2.0,0.0,-44.0
1776885068.2871027,1.0,-2.0,-45.0
1776885068.2971027,5.0,1.0,-37.0
1776885068.307103,1.0,2.0,-36.0
1776885068.317103,1.0,1.0,-34.0
1776885068.327103,0.0,3.0,-31.0
1776885068.337103,-1.0,7.0,-40.0
1776885068.3471026,-4.0,9.0,-43.0
1776885068.3571026,-6.0,4.0,-41.0
1776885068.3671026,-5.0,0.0,-38.0
1776885068.3771029,0.0,-2.0,-39.0
1776885068.3871028,4.0,-1.0,-39.0
1776885068.3971028,2.0,0.0,-40.0
1776885068.4071028,4.0,0.0,-36.0
1776885068.4171028,4.0,-3.0,-36.0
1776885068.4271028,3.0,-2.0,-32.0
1776885068.4371028,2.0,-2.0,-37.0
1776885068.4471028,5.0,-3.0,-38.0
1776885068.4571028,1.0,-3.0,-45.0
1776885068.4671028,3.0,-7.0,-45.0
1776885068.4771028,7.0,-8.0,-45.0
1776885068.4871027,8.0,-11.0,-48.0
1776885068.4971027,6.0,-10.0,-43.0
1776885068.5071027,4.0,-8.0,-43.0
1776885068.5171027,9.0,-6.0,-43.0
1776885068.5271027,6.0,-2.0,-37.0
1776885068.5371027,4.0,-4.0,-26.0
1776885068.5471027,5.0,-4.0,-27.0
1776885068.557103,0.0,-4.0,-30.0
1776885068.567103,0.0,-5.0,-37.0
1776885068.577103,-2.0,-5.0,-33.0
1776885068.587103,0.0,-5.0,-34.0
1776885068.5971026,4.0,-3.0,-40.0
1776885068.6071026,3.0,-2.0,-38.0
1776885068.6171026,1.0,0.0,-38.0
1776885068.6271029,-1.0,0.0,-40.0
1776885068.6371028,-5.0,0.0,-39.0
1776885068.6471028,-6.0,-3.0,-41.0
1776885068.6571028,-4.0,0.0,-45.0
1776885068.6671028,-10.0,0.0,-46.0
1776885068.6771028,-10.0,0.0,-48.0
1776885068.6871028,-7.0,0.0,-44.0
1776885068.6971028,-7.0,0.0,-42.0
1776885068.7071028,0.0,0.0,-48.0
1776885068.7171028,-2.0,3.0,-52.0
1776885068.7271028,-2.0,0.0,-51.0
1776885068.7371027,-2.0,2.0,-50.0
1776885068.7471027,0.0,1.0,-52.0
1776885068.7571027,2.0,0.0,-54.0
1776885068.7671027,-1.0,-2.0,-55.0
1776885068.7771027,-3.0,-2.0,-58.0
1776885068.7871027,-5.0,-2.0,-56.0
1776885068.7971027,0.0,-2.0,-53.0
1776885068.807103,1.0,0.0,-56.0
1776885068.817103,0.0,4.0,-57.0
1776885068.827103,-3.0,5.0,-48.0
1776885068.837103,-6.0,3.0,-46.0
1776885068.8471026,-8.0,1.0,-53.0
1776885068.8571026,-5.0,0.0,-51.0
1776885068.8671026,-3.0,1.0,-52.0
1776885068.8771029,-4.0,-1.0,-51.0
1776885068.8871028,-3.0,1.0,-54.0
1776885068.8971028,0.0,2.0,-50.0
1776885068.9071028,5.0,4.0,-52.0
1776885068.9171028,3.0,0.0,-52.0
1776885068.9271028,0.0,-2.0,-51.0
1776885068.9371028,4.0,0.0,-51.0
1776885068.9471028,3.0,-5.0,-52.0
1776885068.9571028,8.0,-5.0,-50.0
1776885068.9671028,9.0,-4.0,-47.0
1776885068.9771028,6.0,-3.0,-47.0
1776885068.9871027,4.0,-3.0,-47.0
1776885068.9971027,4.0,0.0,-52.0
1776885069.0071027,2.0,-1.0,-50.0
1776885069.0171027,7.0,-1.0,-50.0
1776885069.0271027,7.0,-2.0,-44.0
1776885069.0371027,8.0,-4.0,-43.0
1776885069.0471027,4.0,-1.0,-41.0
1776885069.057103,1.0,-1.0,-44.0
1776885069.067103,3.0,2.0,-40.0
1776885069.077103,4.0,2.0,-41.0
1776885069.087103,0.0,4.0,-37.0
1776885069.0971026,0.0,0.0,-41.0
1776885069.1071026,0.0,0.0,-36.0
1776885069.1171026,5.0,0.0,-40.0
1776885069.1271029,3.0,2.0,-42.0
1776885069.1371028,3.0,0.0,-48.0
1776885069.1471028,0.0,-2.0,-52.0
1776885069.1571028,0.0,-3.0,-52.0
1776885069.1671028,-3.0,-3.0,-49.0
1776885069.1771028,-5.0,-1.0,-46.0
1776885069.1871028,-5.0,-5.0,-40.0
1776885069.1971028,-7.0,-3.0,-34.0
1776885069.2071028,-2.0,-1.0,-40.0
1776885069.2171028,0.0,-3.0,-51.0
1776885069.2271028,-1.0,-3.0,-49.0
1776885069.2371027,-2.0,-3.0,-51.0
1776885069.2471027,-2.0,-1.0,-47.0
1776885069.2571027,-5.0,-5.0,-43.0
1776885069.2671027,-1.0,-4.0,-45.0
1776885069.2771027,2.0,-4.0,-46.0
1776885069.2871027,0.0,-9.0,-46.0
1776885069.2971027,-3.0,-10.0,-48.0
1776885069.307103,-3.0,-11.0,-51.0
1776885069.317103,-5.0,-8.0,-45.0
1776885069.327103,-12.0,-1.0,-42.0
1776885069.337103,-6.0,-4.0,-41.0
1776885069.3471026,-4.0,-3.0,-40.0
1776885069.3571026,-4.0,-3.0,-45.0
1776885069.3671026,-6.0,0.0,-46.0
1776885069.3771029,0.0,0.0,-56.0
1776885069.3871028,1.0,-1.0,-51.0
1776885069.3971028,3.0,-5.0,-51.0
1776885069.4071028,2.0,-9.0,-45.0
1776885069.4171028,3.0,-7.0,-39.0
1776885069.4271028,8.0,-8.0,-36.0
1776885069.4381027,9.0,-8.0,-32.0
1776885069.4471028,10.0,-8.0,-41.0
1776885069.4581027,9.0,-6.0,-33.0
1776885069.4681027,8.0,-5.0,-39.0
1776885069.4781027,5.0,-4.0,-40.0
1776885069.488103,3.0,-5.0,-47.0
1776885069.498103,5.0,-5.0,-47.0
1776885069.508103,4.0,-5.0,-41.0
1776885069.5181026,4.0,-2.0,-45.0
1776885069.5281026,2.0,-1.0,-45.0
1776885069.5381026,2.0,-1.0,-42.0
1776885069.5481029,1.0,-4.0,-35.0
1776885069.5581028,-2.0,-1.0,-30.0
1776885069.5681028,1.0,-5.0,-32.0
1776885069.5781028,0.0,-8.0,-43.0
1776885069.5881028,2.0,-5.0,-43.0
1776885069.5981028,4.0,-2.0,-37.0
1776885069.6081028,2.0,-5.0,-29.0
1776885069.6181028,1.0,-3.0,-27.0
1776885069.6281028,-1.0,-8.0,-33.0
1776885069.6381028,-5.0,-7.0,-32.0
1776885069.6481028,-5.0,-4.0,-39.0
1776885069.6581028,-6.0,-3.0,-46.0
1776885069.6681027,-1.0,-2.0,-53.0
1776885069.6781027,-1.0,-1.0,-55.0
1776885069.6881027,-4.0,-1.0,-54.0
1776885069.6981027,-6.0,-1.0,-51.0
1776885069.7081027,-6.0,0.0,-48.0
1776885069.7181027,-9.0,0.0,-53.0
1776885069.7281027,-12.0,1.0,-51.0
1776885069.738103,-8.0,2.0,-53.0
1776885069.748103,-5.0,0.0,-54.0
1776885069.758103,-5.0,-1.0,-55.0
1776885069.7681026,3.0,-3.0,-43.0
1776885069.7781026,5.0,-4.0,-40.0
1776885069.7881026,3.0,-4.0,-44.0
1776885069.7981029,0.0,-3.0,-53.0
1776885069.8081028,1.0,0.0,-57.0
1776885069.8181028,0.0,-5.0,-58.0
1776885069.8281028,2.0,-4.0,-55.0
1776885069.8381028,2.0,-6.0,-53.0
1776885069.8481028,3.0,-7.0,-61.0
1776885069.8581028,0.0,-6.0,-56.0
1776885069.8681028,5.0,-4.0,-52.0
1776885069.8781028,10.0,-2.0,-43.0
1776885069.8881028,11.0,-1.0,-47.0
1776885069.8981028,11.0,0.0,-44.0
1776885069.9081028,12.0,3.0,-41.0
1776885069.9181027,10.0,0.0,-41.0
1776885069.9281027,7.0,1.0,-50.0
1776885069.9381027,9.0,-4.0,-43.0
1776885069.9481027,5.0,-6.0,-44.0
1776885069.9581027,2.0,-6.0,-40.0
1776885069.9681027,4.0,-3.0,-36.0
1776885069.9781027,3.0,-1.0,-37.0
1776885069.988103,1.0,-4.0,-36.0
1776885069.998103,1.0,0.0,-36.0
1776885070.008103,1.0,1.0,-34.0
1776885070.0181026,1.0,-1.0,-33.0
1776885070.0281026,0.0,0.0,-35.0
1776885070.0381026,0.0,0.0,-37.0
1776885070.0481029,-4.0,1.0,-36.0
1776885070.0581028,-8.0,0.0,-37.0
1776885070.0681028,-4.0,-2.0,-32.0
1776885070.0781028,-5.0,0.0,-39.0
1776885070.0881028,0.0,0.0,-41.0
1776885070.0981028,-2.0,5.0,-37.0
1776885070.1081028,3.0,3.0,-34.0
1776885070.1181028,1.0,5.0,-36.0
1776885070.1281028,3.0,3.0,-41.0
1776885070.1381028,0.0,3.0,-46.0
1776885070.1481028,-4.0,-1.0,-41.0
1776885070.1581028,-5.0,-1.0,-46.0
1776885070.1681027,-2.0,-1.0,-43.0
1776885070.1781027,-7.0,0.0,-51.0
1776885070.1881027,-10.0,1.0,-51.0
1776885070.1981027,-4.0,0.0,-46.0
1776885070.2081027,-3.0,1.0,-53.0
1776885070.2181027,-3.0,0.0,-51.0
1776885070.2281027,-2.0,0.0,-48.0
1776885070.238103,2.0,0.0,-45.0
1776885070.248103,4.0,-7.0,-41.0
1776885070.258103,0.0,-6.0,-42.0
1776885070.2681026,1.0,-5.0,-44.0
1776885070.2781026,4.0,-8.0,-42.0
1776885070.2881026,3.0,-8.0,-45.0
1776885070.2981029,3.0,-3.0,-48.0
1776885070.3081028,1.0,-2.0,-53.0
1776885070.3181028,-4.0,-4.0,-58.0
1776885070.3281028,-3.0,-3.0,-57.0
1776885070.3381028,1.0,-2.0,-55.0
1776885070.3481028,0.0,-2.0,-52.0
1776885070.3581028,1.0,0.0,-52.0
1776885070.3681028,0.0,2.0,-48.0
1776885070.3781028,1.0,3.0,-48.0
1776885070.3881028,-3.0,0.0,-49.0
1776885070.3981028,0.0,-2.0,-44.0
1776885070.4081028,0.0,0.0,-43.0
1776885070.4181027,-2.0,1.0,-48.0
1776885070.4281027,0.0,1.0,-50.0
1776885070.4381027,0.0,0.0,-52.0
1776885070.4481027,1.0,0.0,-53.0
1776885070.4581027,1.0,-1.0,-51.0
1776885070.4681027,1.0,-5.0,-56.0
1776885070.4781027,1.0,-2.0,-56.0
1776885070.488103,0.0,0.0,-52.0
1776885070.498103,0.0,0.0,-50.0
1776885070.508103,2.0,0.0,-52.0
1776885070.5181026,1.0,0.0,-52.0
1776885070.5281026,-1.0,2.0,-51.0
1776885070.5381026,2.0,1.0,-48.0
1776885070.5481029,4.0,0.0,-49.0
1776885070.5581028,0.0,-2.0,-53.0
1776885070.5681028,0.0,-1.0,-48.0
1776885070.5781028,0.0,-1.0,-48.0
1776885070.5881028,2.0,-2.0,-40.0
1776885070.5981028,1.0,-1.0,-39.0
1776885070.6081028,2.0,-1.0,-43.0
1776885070.6181028,1.0,-1.0,-45.0
1776885070.6281028,4.0,0.0,-40.0
1776885070.6381028,1.0,-4.0,-43.0
1776885070.6481028,1.0,-3.0,-45.0
1776885070.6581028,0.0,-2.0,-52.0
1776885070.6681027,0.0,0.0,-50.0
1776885070.6781027,7.0,0.0,-48.0
1776885070.6881027,4.0,2.0,-48.0
1776885070.6981027,-6.0,2.0,-45.0
1776885070.7081027,-13.0,0.0,-44.0
1776885070.7181027,-6.0,0.0,-51.0
1776885070.7281027,-9.0,1.0,-49.0
1776885070.738103,-6.0,2.0,-45.0
1776885070.748103,-6.0,6.0,-51.0
1776885070.758103,-7.0,4.0,-51.0
1776885070.7681026,-5.0,2.0,-52.0
1776885070.7781026,-3.0,-1.0,-52.0
1776885070.7881026,-2.0,-1.0,-53.0
1776885070.7981029,0.0,1.0,-50.0
1776885070.8081028,1.0,0.0,-50.0
1776885070.8181028,0.0,-2.0,-46.0
1776885070.8281028,-1.0,0.0,-42.0
1776885070.8381028,-4.0,1.0,-45.0
1776885070.8481028,-2.0,0.0,-48.0
1776885070.8581028,-2.0,0.0,-49.0
1776885070.8681028,-4.0,1.0,-48.0
1776885070.8781028,0.0,1.0,-47.0
1776885070.8881028,5.0,4.0,-57.0
1776885070.8981028,0.0,2.0,-50.0
1776885070.9081028,4.0,2.0,-50.0
1776885070.9181027,7.0,0.0,-45.0
1776885070.9281027,2.0,-1.0,-46.0
1776885070.9381027,3.0,-1.0,-40.0
1776885070.9481027,1.0,-1.0,-48.0
1776885070.9581027,0.0,-1.0,-46.0
1776885070.9681027,-1.0,-2.0,-49.0
1776885070.9781027,-2.0,-2.0,-45.0
1776885070.988103,-5.0,0.0,-36.0
1776885070.998103,-7.0,0.0,-37.0
1776885071.008103,-7.0,-2.0,-38.0
1776885071.0181026,-7.0,1.0,-36.0
1776885071.0281026,-6.0,-1.0,-35.0
1776885071.0381026,-2.0,-3.0,-35.0
1776885071.0481029,0.0,-1.0,-36.0
1776885071.0581028,0.0,-3.0,-39.0
1776885071.0681028,3.0,-3.0,-40.0
1776885071.0781028,2.0,-2.0,-45.0
1776885071.0881028,0.0,-9.0,-42.0
1776885071.0981028,-3.0,-7.0,-45.0
1776885071.1081028,-6.0,-6.0,-46.0
1776885071.1181028,-4.0,-3.0,-46.0
1776885071.1281028,-2.0,-3.0,-49.0
1776885071.1381028,0.0,-3.0,-44.0
1776885071.1481028,2.0,0.0,-39.0
1776885071.1581028,1.0,-1.0,-39.0
1776885071.1681027,-2.0,2.0,-46.0
1776885071.1781027,0.0,-3.0,-50.0
1776885071.1881027,1.0,-2.0,-53.0
1776885071.1981027,2.0,-1.0,-49.0
1776885071.2081027,2.0,0.0,-42.0
1776885071.2181027,2.0,3.0,-37.0
1776885071.2291028,3.0,4.0,-34.0
1776885071.238103,2.0,4.0,-34.0
1776885071.248103,3.0,3.0,-41.0
1776885071.258103,4.0,-3.0,-46.0
1776885071.2681026,4.0,-3.0,-45.0
1776885071.2781026,2.0,0.0,-48.0
1776885071.2881026,-3.0,-2.0,-48.0
1776885071.2981029,0.0,1.0,-47.0
1776885071.3081028,0.0,0.0,-42.0
1776885071.3181028,-2.0,1.0,-41.0
1776885071.3281028,-2.0,4.0,-36.0
1776885071.3381028,-3.0,3.0,-37.0
1776885071.3481028,-3.0,0.0,-41.0
1776885071.3581028,-3.0,-2.0,-50.0
1776885071.3681028,-3.0,-3.0,-46.0
1776885071.3781028,-4.0,-2.0,-35.0
1776885071.3891027,1.0,-1.0,-32.0
1776885071.3981028,-3.0,0.0,-38.0
1776885071.409103,-6.0,2.0,-41.0
1776885071.419103,-8.0,-4.0,-44.0
1776885071.429103,-8.0,-2.0,-40.0
1776885071.4391026,-5.0,-6.0,-41.0
1776885071.4491026,-3.0,-8.0,-39.0
1776885071.4591026,1.0,-8.0,-43.0
1776885071.4691026,0.0,-6.0,-48.0
1776885071.4791028,-1.0,-3.0,-52.0
1776885071.4891028,0.0,0.0,-55.0
1776885071.4991028,3.0,0.0,-58.0
1776885071.5091028,5.0,0.0,-57.0
1776885071.5191028,2.0,-3.0,-58.0
1776885071.5291028,0.0,-3.0,-54.0
1776885071.5391028,4.0,-2.0,-48.0
1776885071.5491028,4.0,0.0,-44.0
1776885071.5591028,1.0,0.0,-43.0
1776885071.5691028,0.0,0.0,-41.0
1776885071.5791028,-2.0,0.0,-41.0
1776885071.5891027,-1.0,-1.0,-46.0
1776885071.5991027,-3.0,-3.0,-52.0
1776885071.6091027,3.0,1.0,-58.0
1776885071.6191027,1.0,0.0,-50.0
1776885071.6291027,0.0,0.0,-56.0
1776885071.6391027,0.0,1.0,-56.0
1776885071.6491027,-1.0,-2.0,-53.0
1776885071.659103,2.0,-7.0,-49.0
1776885071.669103,0.0,-2.0,-48.0
1776885071.679103,-1.0,-2.0,-50.0
1776885071.6891026,-1.0,-5.0,-42.0
1776885071.6991026,-6.0,-5.0,-39.0
1776885071.7091026,-7.0,-5.0,-33.0
1776885071.7191026,-1.0,-10.0,-35.0
1776885071.7291028,0.0,-8.0,-38.0
1776885071.7391028,0.0,-7.0,-41.0
1776885071.7491028,0.0,-5.0,-44.0
1776885071.7591028,0.0,-5.0,-47.0
1776885071.7691028,0.0,-5.0,-46.0
1776885071.7791028,0.0,0.0,-46.0
1776885071.7891028,-2.0,-4.0,-45.0
1776885071.7991028,-2.0,0.0,-43.0
1776885071.8091028,-2.0,0.0,-48.0
1776885071.8191028,1.0,-2.0,-49.0
1776885071.8291028,2.0,-1.0,-42.0
1776885071.8391027,0.0,0.0,-41.0
1776885071.8491027,-4.0,-4.0,-44.0
1776885071.8591027,-6.0,-8.0,-46.0
1776885071.8691027,-8.0,-6.0,-46.0
1776885071.8791027,-3.0,-3.0,-54.0
1776885071.8891027,-4.0,-4.0,-52.0
1776885071.8991027,-4.0,-3.0,-50.0
1776885071.909103,-4.0,-4.0,-44.0
1776885071.919103,-2.0,-6.0,-42.0
1776885071.929103,-2.0,-3.0,-44.0
1776885071.9391026,-8.0,0.0,-46.0
1776885071.9491026,-7.0,-2.0,-42.0
1776885071.9591026,-5.0,0.0,-43.0
1776885071.9691026,-3.0,4.0,-47.0
1776885071.9791028,-5.0,2.0,-41.0
1776885071.9891028,0.0,-3.0,-44.0
1776885071.9991028,2.0,-3.0,-40.0
1776885072.0091028,7.0,-1.0,-37.0
1776885072.0191028,7.0,0.0,-40.0
1776885072.0291028,4.0,-3.0,-36.0
1776885072.0391028,1.0,-5.0,-40.0
1776885072.0491028,0.0,-3.0,-43.0
1776885072.0591028,2.0,-1.0,-41.0
1776885072.0691028,1.0,-3.0,-45.0
1776885072.0791028,1.0,0.0,-49.0
1776885072.0891027,5.0,-2.0,-55.0
1776885072.0991027,2.0,-4.0,-56.0
1776885072.1091027,1.0,0.0,-53.0
1776885072.1191027,-7.0,2.0,-51.0
1776885072.1291027,-8.0,5.0,-48.0
1776885072.1391027,-5.0,4.0,-42.0
1776885072.1491027,-1.0,6.0,-44.0
1776885072.159103,-1.0,9.0,-51.0
1776885072.169103,0.0,5.0,-54.0
1776885072.179103,4.0,1.0,-47.0
1776885072.1891026,5.0,2.0,-41.0
1776885072.1991026,0.0,2.0,-49.0
1776885072.2091026,-3.0,0.0,-55.0
1776885072.2191026,-4.0,-1.0,-53.0
1776885072.2291028,-3.0,1.0,-50.0
1776885072.2391028,-3.0,1.0,-45.0
1776885072.2491028,0.0,-3.0,-45.0
1776885072.2591028,-3.0,-3.0,-46.0
1776885072.2691028,-2.0,1.0,-45.0
1776885072.2791028,-1.0,1.0,-40.0
1776885072.2891028,1.0,-1.0,-46.0
1776885072.2991028,-1.0,-3.0,-44.0
1776885072.3091028,7.0,-1.0,-45.0
1776885072.3191028,6.0,-2.0,-46.0
1776885072.3291028,6.0,-3.0,-51.0
1776885072.3391027,3.0,-6.0,-49.0
1776885072.3491027,4.0,-4.0,-47.0
1776885072.3591027,5.0,-6.0,-47.0
1776885072.3691027,8.0,-4.0,-44.0
1776885072.3791027,4.0,0.0,-47.0
1776885072.3891027,4.0,0.0,-46.0
1776885072.3991027,2.0,0.0,-45.0
1776885072.409103,6.0,3.0,-46.0
1776885072.419103,9.0,0.0,-42.0
1776885072.429103,13.0,0.0,-43.0
1776885072.4391026,11.0,-1.0,-45.0
1776885072.4491026,8.0,-5.0,-45.0
1776885072.4591026,7.0,-7.0,-48.0
1776885072.4691026,4.0,-9.0,-55.0
1776885072.4791028,6.0,-6.0,-58.0
1776885072.4891028,2.0,-6.0,-56.0
1776885072.4991028,1.0,-3.0,-58.0
1776885072.5091028,4.0,-1.0,-55.0
1776885072.5191028,4.0,-2.0,-53.0
1776885072.5291028,1.0,-3.0,-49.0
1776885072.5391028,3.0,-2.0,-47.0
1776885072.5491028,6.0,-2.0,-45.0
1776885072.5591028,0.0,-5.0,-40.0
1776885072.5691028,-1.0,-3.0,-35.0
1776885072.5791028,0.0,-7.0,-39.0
1776885072.5891027,-4.0,-7.0,-44.0
1776885072.5991027,-1.0,-9.0,-44.0
1776885072.6091027,5.0,-8.0,-42.0
1776885072.6191027,6.0,-8.0,-47.0
1776885072.6291027,8.0,-6.0,-41.0
1776885072.6391027,7.0,-7.0,-38.0
1776885072.6491027,0.0,-5.0,-39.0
1776885072.659103,3.0,-3.0,-43.0
1776885072.669103,7.0,-5.0,-42.0
1776885072.679103,4.0,0.0,-47.0
1776885072.6891026,2.0,0.0,-46.0
1776885072.6991026,0.0,-4.0,-46.0
1776885072.7091026,-4.0,-7.0,-39.0
1776885072.7191026,-8.0,-6.0,-45.0
1776885072.7291028,-6.0,-3.0,-42.0
1776885072.7391028,-1.0,-7.0,-42.0
1776885072.7491028,1.0,-4.0,-42.0
1776885072.7591028,5.0,-3.0,-44.0
1776885072.7691028,4.0,0.0,-41.0
1776885072.7791028,5.0,-2.0,-42.0
1776885072.7891028,2.0,-2.0,-46.0
1776885072.7991028,0.0,-4.0,-49.0
1776885072.8091028,-5.0,-1.0,-53.0
1776885072.8191028,-2.0,0.0,-51.0
1776885072.8291028,-3.0,3.0,-52.0
1776885072.8391027,-1.0,4.0,-53.0
1776885072.8491027,1.0,1.0,-48.0
1776885072.8591027,1.0,1.0,-46.0
1776885072.8691027,3.0,2.0,-45.0
1776885072.8791027,-3.0,0.0,-43.0
1776885072.8891027,-5.0,0.0,-47.0
1776885072.8991027,-2.0,0.0,-46.0
1776885072.909103,-4.0,-1.0,-46.0
1776885072.919103,-6.0,-1.0,-49.0
1776885072.929103,-2.0,0.0,-42.0
1776885072.9391026,0.0,-1.0,-43.0
1776885072.9491026,3.0,0.0,-40.0
1776885072.9591026,1.0,2.0,-38.0
1776885072.9691026,0.0,1.0,-41.0
1776885072.9791028,1.0,3.0,-43.0
1776885072.9891028,0.0,4.0,-41.0
1776885072.9991028,3.0,3.0,-36.0
1776885073.0091028,5.0,1.0,-30.0
1776885073.0191028,2.0,2.0,-32.0
1776885073.0291028,2.0,4.0,-37.0
1776885073.0391028,2.0,-1.0,-45.0
1776885073.0491028,1.0,-3.0,-49.0
1776885073.0591028,0.0,-2.0,-56.0
1776885073.0691028,4.0,-6.0,-55.0
1776885073.0791028,7.0,-8.0,-45.0
1776885073.0891027,6.0,-9.0,-45.0
1776885073.0991027,4.0,-8.0,-43.0
1776885073.1091027,2.0,0.0,-42.0
1776885073.1191027,7.0,0.0,-43.0
1776885073.1291027,3.0,0.0,-41.0
1776885073.1391027,0.0,0.0,-47.0
1776885073.1491027,2.0,-3.0,-44.0
1776885073.159103,2.0,-3.0,-48.0
1776885073.169103,4.0,-4.0,-47.0
1776885073.179103,0.0,-1.0,-45.0
1776885073.1891026,1.0,1.0,-44.0
1776885073.1991026,4.0,6.0,-41.0
1776885073.2091026,2.0,3.0,-40.0
1776885073.2191026,0.0,4.0,-40.0
1776885073.2291028,2.0,2.0,-43.0
1776885073.2391028,-1.0,3.0,-42.0
1776885073.2491028,-5.0,1.0,-35.0
1776885073.2591028,-4.0,0.0,-32.0
1776885073.2691028,-4.0,0.0,-29.0
1776885073.2791028,-5.0,-2.0,-33.0
1776885073.2891028,-8.0,-1.0,-41.0
1776885073.2991028,-5.0,0.0,-44.0
1776885073.3091028,-6.0,-3.0,-50.0
1776885073.3191028,-3.0,-5.0,-45.0
1776885073.3291028,-1.0,-7.0,-48.0
1776885073.3391027,1.0,-9.0,-48.0
1776885073.3491027,3.0,-9.0,-43.0
1776885073.360103,3.0,-6.0,-37.0
1776885073.3691027,2.0,-9.0,-37.0
1776885073.3791027,8.0,-9.0,-38.0
1776885073.3891027,8.0,-8.0,-41.0
1776885073.4001029,8.0,-5.0,-47.0
1776885073.4101028,3.0,-4.0,-53.0
1776885073.4201028,2.0,-6.0,-47.0
1776885073.4301028,2.0,-4.0,-47.0
1776885073.4401028,2.0,-7.0,-50.0
1776885073.4501028,0.0,-7.0,-48.0
1776885073.4601028,-2.0,-9.0,-49.0
1776885073.4701028,-2.0,-9.0,-55.0
1776885073.4801028,-6.0,-7.0,-48.0
1776885073.4901028,-5.0,-8.0,-40.0
1776885073.5001028,-12.0,-8.0,-44.0
1776885073.5101027,-6.0,-8.0,-44.0
1776885073.5201027,-5.0,-4.0,-47.0
1776885073.5301027,-6.0,0.0,-47.0
1776885073.5401027,-6.0,1.0,-48.0
1776885073.5501027,-4.0,0.0,-49.0
1776885073.5601027,-5.0,1.0,-55.0
1776885073.5701027,-3.0,0.0,-53.0
1776885073.5801027,0.0,0.0,-59.0
1776885073.590103,5.0,-1.0,-53.0
1776885073.600103,3.0,-6.0,-51.0
1776885073.610103,5.0,-8.0,-50.0
1776885073.6201026,2.0,-2.0,-48.0
1776885073.6301026,2.0,-1.0,-47.0
1776885073.6401026,0.0,0.0,-42.0
1776885073.6501029,-1.0,-2.0,-39.0
1776885073.6601028,-2.0,-5.0,-44.0
1776885073.6701028,-3.0,-3.0,-38.0
1776885073.6801028,-1.0,0.0,-42.0
1776885073.6901028,-1.0,-1.0,-42.0
1776885073.7001028,1.0,1.0,-46.0
1776885073.7101028,3.0,-3.0,-50.0
1776885073.7201028,3.0,-4.0,-57.0
1776885073.7301028,2.0,-3.0,-58.0
1776885073.7401028,2.0,-3.0,-48.0
1776885073.7501028,3.0,0.0,-44.0
1776885073.7601027,3.0,2.0,-48.0
1776885073.7701027,1.0,1.0,-48.0
1776885073.7801027,3.0,1.0,-36.0
1776885073.7901027,5.0,0.0,-37.0
1776885073.8001027,0.0,0.0,-43.0
1776885073.8101027,-4.0,2.0,-41.0
1776885073.8201027,-4.0,0.0,-43.0
1776885073.8301027,0.0,0.0,-50.0
1776885073.840103,0.0,2.0,-47.0
1776885073.850103,0.0,2.0,-48.0
1776885073.860103,4.0,4.0,-50.0
1776885073.8701026,4.0,2.0,-55.0
1776885073.8801026,2.0,3.0,-56.0
1776885073.8901026,0.0,0.0,-51.0
1776885073.9001029,-2.0,-1.0,-48.0
1776885073.9101028,0.0,-1.0,-46.0
1776885073.9201028,2.0,-4.0,-46.0
1776885073.9301028,2.0,-4.0,-48.0
1776885073.9401028,3.0,-2.0,-46.0
1776885073.9501028,0.0,-1.0,-50.0
1776885073.9601028,2.0,-3.0,-54.0
1776885073.9701028,6.0,-5.0,-52.0
1776885073.9801028,4.0,-8.0,-52.0
1776885073.9901028,4.0,-8.0,-42.0
1776885074.0001028,4.0,0.0,-41.0
1776885074.0101027,4.0,0.0,-40.0
1776885074.0201027,8.0,-3.0,-42.0
1776885074.0301027,7.0,-4.0,-44.0
1776885074.0401027,4.0,-4.0,-45.0
1776885074.0501027,2.0,-5.0,-48.0
1776885074.0601027,3.0,-4.0,-49.0
1776885074.0701027,3.0,-5.0,-45.0
1776885074.0801027,1.0,-3.0,-47.0
1776885074.090103,0.0,-5.0,-45.0
1776885074.100103,-2.0,-2.0,-50.0
1776885074.110103,1.0,0.0,-53.0
1776885074.1201026,2.0,0.0,-54.0
1776885074.1301026,0.0,0.0,-49.0
1776885074.1401026,0.0,0.0,-51.0
1776885074.1501029,-1.0,-3.0,-47.0
1776885074.1601028,-4.0,-5.0,-50.0
1776885074.1701028,-5.0,-4.0,-50.0
1776885074.1801028,-2.0,-8.0,-42.0
1776885074.1901028,0.0,-5.0,-37.0
1776885074.2001028,-3.0,0.0,-37.0
1776885074.2101028,-1.0,-3.0,-38.0
1776885074.2201028,0.0,-6.0,-36.0
1776885074.2301028,-1.0,-7.0,-45.0
1776885074.2401028,-2.0,-8.0,-48.0
1776885074.2501028,-3.0,-7.0,-49.0
1776885074.2601027,-1.0,-10.0,-50.0
1776885074.2701027,-4.0,-12.0,-43.0
1776885074.2801027,-3.0,-7.0,-44.0
1776885074.2901027,-2.0,-4.0,-44.0
1776885074.3001027,-1.0,-1.0,-53.0
1776885074.3101027,0.0,-1.0,-60.0
1776885074.3201027,0.0,-4.0,-59.0
1776885074.3301027,0.0,-1.0,-60.0
1776885074.340103,-2.0,0.0,-55.0
1776885074.350103,1.0,1.0,-56.0
1776885074.360103,2.0,1.0,-49.0
1776885074.3701026,3.0,0.0,-43.0
1776885074.3801026,0.0,-4.0,-42.0
1776885074.3901026,-2.0,-7.0,-39.0
1776885074.4001029,0.0,-6.0,-36.0
1776885074.4101028,0.0,-9.0,-41.0
1776885074.4201028,-2.0,-7.0,-44.0
1776885074.4301028,-3.0,-3.0,-45.0
1776885074.4401028,-1.0,-4.0,-45.0
1776885074.4501028,1.0,2.0,-51.0
1776885074.4601028,4.0,1.0,-53.0
1776885074.4701028,0.0,1.0,-55.0
1776885074.4801028,3.0,-4.0,-57.0
1776885074.4901028,4.0,0.0,-52.0
1776885074.5001028,0.0,1.0,-53.0
1776885074.5101027,0.0,-3.0,-55.0
1776885074.5201027,-2.0,-3.0,-49.0
1776885074.5301027,-3.0,-4.0,-51.0
1776885074.5401027,-5.0,0.0,-49.0
1776885074.5501027,-3.0,-1.0,-43.0
1776885074.5601027,-4.0,0.0,-40.0
1776885074.5701027,-1.0,-1.0,-35.0
1776885074.5801027,0.0,0.0,-44.0
1776885074.590103,-4.0,3.0,-47.0
1776885074.600103,0.0,4.0,-48.0
1776885074.610103,0.0,3.0,-53.0
1776885074.6201026,-1.0,6.0,-56.0
1776885074.6301026,-1.0,0.0,-57.0
1776885074.6401026,1.0,-2.0,-57.0
1776885074.6501029,1.0,-2.0,-53.0
1776885074.6601028,0.0,0.0,-55.0
1776885074.6701028,0.0,4.0,-49.0
1776885074.6801028,0.0,0.0,-46.0
1776885074.6901028,0.0,0.0,-47.0
1776885074.7001028,0.0,4.0,-48.0
1776885074.7101028,3.0,3.0,-49.0
1776885074.7201028,2.0,-1.0,-49.0
1776885074.7301028,4.0,-7.0,-46.0
1776885074.7401028,0.0,-7.0,-46.0
1776885074.7501028,0.0,-5.0,-42.0
1776885074.7601027,5.0,-5.0,-43.0
1776885074.7701027,3.0,-8.0,-47.0
1776885074.7801027,0.0,-10.0,-49.0
1776885074.7901027,1.0,-9.0,-47.0
1776885074.8001027,1.0,-9.0,-44.0
1776885074.8101027,0.0,-6.0,-42.0
1776885074.8201027,-1.0,0.0,-41.0
1776885074.8301027,-3.0,-2.0,-39.0
1776885074.840103,-1.0,0.0,-39.0
1776885074.850103,-2.0,-2.0,-43.0
1776885074.860103,-1.0,0.0,-45.0
1776885074.8701026,-1.0,3.0,-48.0
1776885074.8801026,0.0,7.0,-45.0
1776885074.8901026,-2.0,4.0,-36.0
1776885074.9001029,-2.0,5.0,-28.0
1776885074.9101028,2.0,2.0,-27.0
1776885074.9201028,3.0,1.0,-33.0
1776885074.9301028,0.0,7.0,-32.0
1776885074.9401028,-2.0,5.0,-38.0
1776885074.9501028,-5.0,3.0,-37.0
1776885074.9601028,2.0,2.0,-41.0
1776885074.9701028,0.0,1.0,-46.0
1776885074.9801028,-1.0,-1.0,-48.0
1776885074.9901028,-4.0,-3.0,-40.0
1776885075.0001028,-5.0,-4.0,-43.0
1776885075.0101027,-3.0,-3.0,-46.0
1776885075.0201027,-2.0,-6.0,-50.0
1776885075.0301027,0.0,-5.0,-51.0
1776885075.0401027,4.0,-3.0,-47.0
1776885075.0501027,3.0,-2.0,-57.0
1776885075.0601027,4.0,-3.0,-59.0
1776885075.0701027,3.0,0.0,-52.0
1776885075.0801027,1.0,-2.0,-51.0
1776885075.090103,0.0,0.0,-52.0
1776885075.100103,-2.0,1.0,-49.0
1776885075.110103,-1.0,0.0,-44.0
1776885075.1201026,-1.0,3.0,-46.0
1776885075.1301026,-2.0,3.0,-45.0
1776885075.1401026,-2.0,5.0,-42.0
1776885075.1501029,-5.0,0.0,-45.0
1776885075.1601028,-1.0,3.0,-47.0
1776885075.1701028,-2.0,0.0,-46.0
1776885075.1801028,0.0,-4.0,-47.0
1776885075.1901028,4.0,0.0,-36.0
1776885075.2001028,3.0,2.0,-37.0
1776885075.2101028,0.0,1.0,-45.0
1776885075.2201028,1.0,0.0,-51.0
1776885075.2301028,0.0,-3.0,-56.0
1776885075.2401028,2.0,-2.0,-55.0
1776885075.2501028,2.0,-2.0,-51.0
1776885075.2601027,3.0,0.0,-51.0
1776885075.2701027,2.0,-2.0,-48.0
1776885075.2801027,0.0,-2.0,-42.0
1776885075.2901027,6.0,-1.0,-37.0
1776885075.3001027,1.0,-2.0,-39.0
1776885075.3101027,0.0,-2.0,-46.0
1776885075.3201027,1.0,0.0,-49.0
1776885075.3301027,2.0,-5.0,-48.0
1776885075.340103,5.0,-8.0,-47.0
1776885075.3511028,3.0,-11.0,-50.0
1776885075.3611028,1.0,-13.0,-52.0
1776885075.3701026,2.0,-9.0,-46.0
1776885075.3811028,3.0,-10.0,-41.0
1776885075.3911028,3.0,-10.0,-44.0
1776885075.4011028,0.0,-7.0,-43.0
1776885075.4111028,0.0,-5.0,-43.0
1776885075.4211028,0.0,-1.0,-39.0
1776885075.4311028,-1.0,-2.0,-44.0
1776885075.4411027,-1.0,3.0,-47.0
1776885075.4511027,-4.0,2.0,-46.0
1776885075.4611027,-3.0,5.0,-44.0
1776885075.4711027,-4.0,1.0,-46.0
1776885075.4811027,-2.0,0.0,-44.0
1776885075.4911027,1.0,-1.0,-48.0
1776885075.5011027,2.0,0.0,-42.0
1776885075.511103,4.0,-2.0,-47.0
1776885075.521103,2.0,0.0,-44.0
1776885075.531103,-2.0,-5.0,-46.0
1776885075.5411026,-2.0,-4.0,-50.0
1776885075.5511026,-1.0,-3.0,-48.0
1776885075.5611026,-1.0,-8.0,-45.0
1776885075.5711029,1.0,-6.0,-46.0
1776885075.5811028,0.0,-1.0,-45.0
1776885075.5911028,-3.0,-4.0,-43.0
1776885075.6011028,-4.0,-3.0,-37.0
1776885075.6111028,-3.0,-4.0,-33.0
1776885075.6211028,-3.0,-1.0,-36.0
1776885075.6311028,-1.0,-6.0,-38.0
1776885075.6411028,-4.0,-5.0,-38.0
1776885075.6511028,-6.0,-5.0,-27.0
1776885075.6611028,-6.0,-4.0,-35.0
1776885075.6711028,-7.0,-3.0,-36.0
1776885075.6811028,-10.0,-6.0,-37.0
1776885075.6911027,-7.0,-7.0,-38.0
1776885075.7011027,-4.0,-5.0,-33.0
1776885075.7111027,-5.0,-8.0,-40.0
1776885075.7211027,-2.0,-4.0,-35.0
1776885075.7311027,4.0,-1.0,-37.0
1776885075.7411027,0.0,-2.0,-37.0
1776885075.7511027,-3.0,-1.0,-40.0
1776885075.761103,-4.0,-1.0,-42.0
1776885075.771103,-3.0,-4.0,-37.0
1776885075.781103,-3.0,-1.0,-38.0
1776885075.7911026,0.0,-2.0,-41.0
1776885075.8011026,-3.0,-1.0,-47.0
1776885075.8111026,0.0,0.0,-46.0
1776885075.8211029,-2.0,0.0,-46.0
1776885075.8311028,1.0,-4.0,-38.0
1776885075.8411028,1.0,-3.0,-44.0
1776885075.8511028,-1.0,-1.0,-44.0
1776885075.8611028,-8.0,0.0,-38.0
1776885075.8711028,-9.0,0.0,-44.0
1776885075.8811028,-12.0,1.0,-55.0
1776885075.8911028,-10.0,2.0,-55.0
1776885075.9011028,-8.0,1.0,-49.0
1776885075.9111028,-8.0,1.0,-42.0
1776885075.9211028,-5.0,-1.0,-41.0
1776885075.9311028,0.0,-6.0,-38.0
1776885075.9411027,-2.0,-6.0,-41.0
1776885075.9511027,0.0,-7.0,-41.0
1776885075.9611027,0.0,-8.0,-42.0
1776885075.9711027,0.0,-4.0,-39.0
1776885075.9811027,-5.0,0.0,-43.0
1776885075.9911027,-1.0,1.0,-38.0
1776885076.0011027,-3.0,-1.0,-39.0
1776885076.011103,1.0,-1.0,-39.0
1776885076.021103,3.0,-1.0,-38.0
1776885076.031103,0.0,0.0,-37.0
1776885076.0421028,-7.0,2.0,-35.0
1776885076.0511026,-10.0,0.0,-31.0
1776885076.0611026,-10.0,-3.0,-36.0
1776885076.0711029,-10.0,-1.0,-36.0
1776885076.0811028,-8.0,0.0,-41.0
1776885076.0911028,-1.0,1.0,-42.0
1776885076.1011028,1.0,-1.0,-47.0
1776885076.1111028,2.0,-2.0,-47.0
1776885076.1211028,-1.0,0.0,-45.0
1776885076.1311028,-3.0,2.0,-50.0
1776885076.1411028,-5.0,6.0,-53.0
1776885076.1511028,-3.0,6.0,-53.0
1776885076.1611028,-1.0,4.0,-49.0
1776885076.1711028,-2.0,4.0,-48.0
1776885076.1811028,0.0,3.0,-51.0
1776885076.1911027,2.0,4.0,-54.0
1776885076.2011027,3.0,5.0,-56.0
1776885076.2111027,2.0,4.0,-46.0
1776885076.2211027,3.0,2.0,-43.0
1776885076.2311027,5.0,4.0,-40.0
1776885076.2411027,7.0,5.0,-46.0
1776885076.2511027,11.0,0.0,-45.0
1776885076.261103,9.0,0.0,-47.0
1776885076.271103,5.0,-5.0,-40.0
1776885076.281103,3.0,-5.0,-47.0
1776885076.2911026,3.0,-6.0,-48.0
1776885076.3011026,-1.0,-7.0,-49.0
1776885076.3111026,0.0,-7.0,-45.0
1776885076.3211029,1.0,-6.0,-46.0
1776885076.3311028,1.0,-5.0,-45.0
1776885076.3411028,0.0,-6.0,-44.0
1776885076.3511028,0.0,-2.0,-47.0
1776885076.3611028,1.0,0.0,-44.0
1776885076.3711028,-2.0,-1.0,-43.0
1776885076.3811028,-3.0,0.0,-52.0
1776885076.3911028,-3.0,-1.0,-55.0
1776885076.4011028,-3.0,0.0,-48.0
1776885076.4111028,-3.0,0.0,-36.0
1776885076.4211028,0.0,-2.0,-35.0
1776885076.4311028,-2.0,-2.0,-34.0
1776885076.4411027,-4.0,-2.0,-41.0
1776885076.4511027,-1.0,-1.0,-40.0
1776885076.4611027,-1.0,-1.0,-45.0
1776885076.4711027,-1.0,0.0,-48.0
1776885076.4811027,-2.0,-2.0,-53.0
1776885076.4911027,0.0,-5.0,-52.0
1776885076.5011027,1.0,-5.0,-50.0
1776885076.511103,2.0,-2.0,-45.0
1776885076.521103,-1.0,-4.0,-52.0
1776885076.531103,0.0,-2.0,-50.0
1776885076.5411026,1.0,0.0,-59.0
1776885076.5511026,2.0,6.0,-57.0
1776885076.5611026,2.0,5.0,-56.0
1776885076.5711029,2.0,6.0,-50.0
1776885076.5811028,6.0,6.0,-54.0
1776885076.5911028,5.0,5.0,-54.0
1776885076.6011028,6.0,0.0,-53.0
1776885076.6111028,6.0,-1.0,-51.0
1776885076.6211028,4.0,0.0,-44.0
1776885076.6311028,4.0,-2.0,-37.0
1776885076.6411028,5.0,0.0,-38.0
1776885076.6511028,5.0,0.0,-45.0
1776885076.6611028,5.0,-1.0,-45.0
1776885076.6711028,3.0,-5.0,-44.0
1776885076.6811028,0.0,-4.0,-47.0
1776885076.6911027,3.0,-5.0,-49.0
1776885076.7011027,1.0,-6.0,-44.0
1776885076.7111027,0.0,-7.0,-45.0
1776885076.7211027,0.0,-4.0,-44.0
1776885076.7311027,0.0,0.0,-44.0
1776885076.7411027,-3.0,-1.0,-39.0
1776885076.7511027,-3.0,-1.0,-38.0
1776885076.761103,2.0,-2.0,-31.0
1776885076.771103,3.0,1.0,-31.0
1776885076.781103,1.0,3.0,-30.0
1776885076.7911026,-2.0,6.0,-27.0
1776885076.8011026,1.0,4.0,-31.0
1776885076.8111026,-1.0,4.0,-29.0
1776885076.8211029,0.0,3.0,-27.0
1776885076.8311028,2.0,5.0,-30.0
1776885076.8411028,0.0,3.0,-29.0
1776885076.8511028,0.0,3.0,-28.0
1776885076.8611028,-3.0,4.0,-25.0
1776885076.8711028,-4.0,2.0,-27.0
1776885076.8811028,-5.0,2.0,-31.0
1776885076.8911028,-1.0,1.0,-35.0
1776885076.9011028,-5.0,-1.0,-38.0
1776885076.9111028,1.0,-3.0,-37.0
1776885076.9211028,1.0,0.0,-44.0
1776885076.9311028,2.0,-1.0,-44.0
1776885076.9411027,0.0,-4.0,-45.0
1776885076.9511027,1.0,-2.0,-42.0
1776885076.9611027,2.0,-1.0,-39.0
1776885076.9711027,1.0,0.0,-37.0
1776885076.9811027,4.0,0.0,-29.0
1776885076.9911027,1.0,-1.0,-30.0
1776885077.0011027,0.0,0.0,-35.0
1776885077.011103,-3.0,0.0,-38.0
1776885077.021103,0.0,-1.0,-36.0
1776885077.031103,2.0,-3.0,-44.0
1776885077.0411026,0.0,-5.0,-42.0
1776885077.0511026,0.0,-3.0,-44.0
1776885077.0611026,0.0,-1.0,-41.0
1776885077.0711029,-3.0,-2.0,-41.0
1776885077.0811028,-6.0,1.0,-44.0
1776885077.0911028,-5.0,1.0,-44.0
1776885077.1011028,-9.0,-2.0,-49.0
1776885077.1111028,-10.0,-4.0,-49.0
1776885077.1211028,-9.0,-4.0,-41.0
1776885077.1311028,1.0,-2.0,-43.0
1776885077.1411028,-1.0,-2.0,-45.0
1776885077.1511028,-5.0,-3.0,-48.0
1776885077.1611028,-8.0,0.0,-46.0
1776885077.1711028,-8.0,0.0,-52.0
1776885077.1811028,-8.0,-3.0,-53.0
1776885077.1911027,-5.0,-2.0,-47.0
1776885077.2011027,-5.0,-1.0,-39.0
1776885077.2111027,-4.0,2.0,-43.0
1776885077.2211027,0.0,0.0,-48.0
1776885077.2311027,6.0,-2.0,-51.0
1776885077.2411027,3.0,0.0,-50.0
1776885077.2511027,1.0,2.0,-46.0
1776885077.261103,0.0,2.0,-46.0
1776885077.271103,0.0,0.0,-46.0
1776885077.281103,-1.0,-4.0,-43.0
1776885077.2911026,-2.0,-8.0,-43.0
1776885077.3011026,2.0,-7.0,-47.0
1776885077.3121028,2.0,-7.0,-46.0
1776885077.3211029,5.0,-7.0,-46.0
1776885077.3321028,2.0,-4.0,-47.0
1776885077.3421028,0.0,0.0,-45.0
1776885077.3521028,-3.0,1.0,-43.0
1776885077.3621027,-4.0,0.0,-41.0
1776885077.3721027,-5.0,-4.0,-35.0
1776885077.3821027,-8.0,-5.0,-28.0
1776885077.3921027,-11.0,-11.0,-27.0
1776885077.4021027,-8.0,-7.0,-29.0
1776885077.4121027,-6.0,-6.0,-37.0
1776885077.4221027,-2.0,-7.0,-38.0
1776885077.432103,-1.0,-7.0,-43.0
1776885077.442103,0.0,-6.0,-44.0
1776885077.452103,0.0,-5.0,-45.0
1776885077.462103,-3.0,-6.0,-44.0
1776885077.4721026,-4.0,-3.0,-42.0
1776885077.4821026,-5.0,-4.0,-42.0
1776885077.4921026,0.0,-5.0,-39.0
1776885077.5021029,0.0,-7.0,-36.0
1776885077.5121028,-2.0,-5.0,-38.0
1776885077.5221028,-5.0,-2.0,-41.0
1776885077.5321028,1.0,1.0,-47.0
1776885077.5421028,1.0,0.0,-51.0
1776885077.5521028,6.0,0.0,-52.0
1776885077.5621028,5.0,0.0,-43.0
1776885077.5721028,0.0,-1.0,-55.0
1776885077.5821028,2.0,-2.0,-51.0
1776885077.5921028,3.0,-4.0,-46.0
1776885077.6021028,3.0,-3.0,-44.0
1776885077.6121027,-1.0,-2.0,-48.0
1776885077.6221027,-2.0,-3.0,-54.0
1776885077.6321027,-3.0,-2.0,-52.0
1776885077.6421027,0.0,-4.0,-54.0
1776885077.6521027,-1.0,-6.0,-54.0
1776885077.6621027,-2.0,-1.0,-59.0
1776885077.6721027,-1.0,0.0,-55.0
1776885077.682103,-2.0,0.0,-54.0
1776885077.692103,-3.0,-1.0,-48.0
1776885077.702103,-3.0,-1.0,-45.0
1776885077.712103,-2.0,-2.0,-39.0
1776885077.7221026,-3.0,-5.0,-36.0
1776885077.7321026,0.0,-7.0,-34.0
1776885077.7421026,-2.0,-6.0,-37.0
1776885077.7521029,-6.0,-8.0,-39.0
1776885077.7621028,-5.0,-7.0,-42.0
1776885077.7721028,-3.0,-8.0,-44.0
1776885077.7821028,-4.0,-9.0,-40.0
1776885077.7921028,-6.0,-12.0,-47.0
1776885077.8021028,-12.0,-5.0,-50.0
1776885077.8121028,-8.0,-3.0,-51.0
1776885077.8221028,-2.0,-5.0,-57.0
1776885077.8321028,0.0,-4.0,-50.0
1776885077.8421028,-1.0,-2.0,-45.0
1776885077.8521028,-4.0,0.0,-47.0
1776885077.8621027,-4.0,2.0,-44.0
1776885077.8721027,-2.0,4.0,-47.0
1776885077.8821027,-2.0,2.0,-46.0
1776885077.8921027,-2.0,0.0,-51.0
1776885077.9021027,1.0,1.0,-54.0
1776885077.9121027,-1.0,2.0,-52.0
1776885077.9221027,-7.0,1.0,-50.0
1776885077.932103,-6.0,-1.0,-57.0
1776885077.942103,-3.0,-3.0,-51.0
1776885077.952103,-1.0,-3.0,-45.0
1776885077.962103,-3.0,-4.0,-47.0
1776885077.9721026,-2.0,-1.0,-43.0
1776885077.9821026,-4.0,-3.0,-47.0
1776885077.9921026,-3.0,-4.0,-42.0
1776885078.0021029,-1.0,-7.0,-42.0
1776885078.0121028,-3.0,-9.0,-44.0
1776885078.0221028,-7.0,-9.0,-44.0
1776885078.0321028,-6.0,-8.0,-45.0
1776885078.0421028,-1.0,-3.0,-39.0
1776885078.0521028,2.0,-5.0,-36.0
1776885078.0621028,1.0,-8.0,-37.0
1776885078.0721028,-1.0,-8.0,-46.0
1776885078.0821028,-5.0,-6.0,-51.0
1776885078.0921028,-7.0,-3.0,-48.0
1776885078.1021028,-8.0,-2.0,-46.0
1776885078.1121027,-8.0,-1.0,-44.0
1776885078.1221027,-5.0,1.0,-44.0
1776885078.1321027,-9.0,5.0,-38.0
1776885078.1421027,-7.0,8.0,-37.0
1776885078.1521027,-7.0,5.0,-37.0
1776885078.1621027,-6.0,7.0,-36.0
1776885078.1721027,-6.0,5.0,-35.0
1776885078.182103,-1.0,6.0,-30.0
1776885078.192103,1.0,1.0,-37.0
1776885078.202103,-2.0,1.0,-37.0
1776885078.212103,1.0,0.0,-38.0
1776885078.2221026,0.0,-1.0,-45.0
1776885078.2321026,4.0,-2.0,-46.0
1776885078.2421026,3.0,-3.0,-48.0
1776885078.2521029,0.0,-3.0,-51.0
1776885078.2621028,-2.0,-2.0,-46.0
1776885078.2721028,1.0,-2.0,-45.0
1776885078.2821028,-1.0,-2.0,-48.0
1776885078.2921028,-1.0,-4.0,-46.0
1776885078.3021028,0.0,-6.0,-44.0
1776885078.3121028,0.0,-8.0,-51.0
1776885078.3221028,-1.0,-6.0,-50.0
1776885078.3321028,1.0,-4.0,-47.0
1776885078.3421028,4.0,-6.0,-53.0
1776885078.3521028,-3.0,-8.0,-51.0
1776885078.3621027,-5.0,-6.0,-53.0
1776885078.3721027,-2.0,-8.0,-52.0
1776885078.3821027,-4.0,-7.0,-55.0
1776885078.3921027,-8.0,-5.0,-47.0
1776885078.4021027,-5.0,-4.0,-46.0
1776885078.4121027,1.0,-4.0,-47.0
1776885078.4221027,1.0,-2.0,-47.0
1776885078.432103,4.0,-4.0,-46.0
1776885078.442103,5.0,-4.0,-48.0
1776885078.452103,1.0,-2.0,-44.0
1776885078.462103,-3.0,-1.0,-38.0
1776885078.4721026,-3.0,-3.0,-37.0
1776885078.4821026,-5.0,-1.0,-32.0
1776885078.4921026,-6.0,-1.0,-28.0
1776885078.5021029,-8.0,4.0,-37.0
1776885078.5121028,-4.0,1.0,-37.0
1776885078.5221028,-3.0,-2.0,-39.0
1776885078.5321028,-4.0,-4.0,-37.0
1776885078.5421028,-6.0,0.0,-37.0
1776885078.5521028,-7.0,-4.0,-39.0
1776885078.5621028,-5.0,-4.0,-39.0
1776885078.5721028,-4.0,-1.0,-36.0
1776885078.5821028,-4.0,0.0,-39.0
1776885078.5921028,-3.0,0.0,-37.0
1776885078.6021028,-4.0,-4.0,-46.0
1776885078.6121027,-7.0,-5.0,-50.0
1776885078.6221027,-7.0,0.0,-48.0
1776885078.6321027,-10.0,3.0,-50.0
1776885078.6421027,-9.0,0.0,-47.0
1776885078.6521027,0.0,0.0,-51.0
1776885078.6621027,5.0,-1.0,-49.0
1776885078.6721027,8.0,-3.0,-49.0
1776885078.682103,5.0,-3.0,-55.0
1776885078.692103,5.0,-2.0,-57.0
1776885078.702103,6.0,-4.0,-54.0
1776885078.712103,4.0,-4.0,-43.0
1776885078.7221026,1.0,-3.0,-39.0
1776885078.7321026,0.0,0.0,-34.0
1776885078.7421026,0.0,3.0,-36.0
1776885078.7521029,0.0,1.0,-33.0
1776885078.7621028,0.0,1.0,-36.0
1776885078.7721028,0.0,-1.0,-40.0
1776885078.7821028,-3.0,-1.0,-45.0
1776885078.7921028,-5.0,2.0,-43.0
1776885078.8021028,-8.0,0.0,-37.0
1776885078.8121028,-6.0,-1.0,-36.0
1776885078.8221028,-4.0,0.0,-45.0
1776885078.8321028,-3.0,-3.0,-41.0
1776885078.8421028,-4.0,-4.0,-38.0
1776885078.8521028,-3.0,-2.0,-36.0
1776885078.8621027,-4.0,-3.0,-45.0
1776885078.8721027,-3.0,-3.0,-44.0
1776885078.8821027,-3.0,0.0,-43.0
1776885078.8921027,2.0,-1.0,-45.0
1776885078.9021027,1.0,-2.0,-41.0
1776885078.9121027,4.0,-2.0,-46.0
1776885078.9221027,2.0,-2.0,-47.0
1776885078.932103,0.0,0.0,-45.0
1776885078.942103,0.0,-3.0,-50.0
1776885078.952103,0.0,-2.0,-49.0
1776885078.962103,1.0,-6.0,-40.0
1776885078.9721026,1.0,-4.0,-34.0
1776885078.9821026,-1.0,-1.0,-37.0
1776885078.9921026,-2.0,-1.0,-41.0
1776885079.0021029,-4.0,-3.0,-48.0
1776885079.0121028,0.0,-6.0,-47.0
1776885079.0221028,2.0,-1.0,-53.0
1776885079.0321028,0.0,-2.0,-52.0
1776885079.0421028,-1.0,-2.0,-53.0
1776885079.0521028,-1.0,0.0,-50.0
1776885079.0621028,-1.0,0.0,-50.0
1776885079.0721028,0.0,0.0,-49.0
1776885079.0821028,0.0,0.0,-42.0
1776885079.0921028,0.0,-3.0,-38.0
1776885079.1021028,2.0,-1.0,-46.0
1776885079.1121027,-2.0,-4.0,-47.0
1776885079.1221027,0.0,-4.0,-50.0
1776885079.1321027,1.0,-3.0,-43.0
1776885079.1421027,-2.0,-8.0,-42.0
1776885079.1521027,-4.0,-10.0,-43.0
1776885079.1621027,0.0,-7.0,-40.0
1776885079.1721027,3.0,-3.0,-44.0
1776885079.182103,2.0,-3.0,-42.0
1776885079.192103,9.0,0.0,-38.0
1776885079.202103,11.0,-2.0,-39.0
1776885079.212103,5.0,0.0,-39.0
1776885079.2221026,6.0,-1.0,-39.0
1776885079.2321026,9.0,0.0,-41.0
1776885079.2421026,5.0,-3.0,-47.0
1776885079.2521029,1.0,-4.0,-52.0
1776885079.2621028,0.0,-3.0,-54.0
1776885079.2721028,1.0,-6.0,-53.0
1776885079.2831028,-2.0,-7.0,-51.0
1776885079.2921028,-4.0,-5.0,-53.0
1776885079.3031027,-1.0,-4.0,-52.0
1776885079.3131027,-1.0,0.0,-52.0
1776885079.3231027,-2.0,-1.0,-49.0
1776885079.3331027,2.0,-2.0,-44.0
1776885079.3431027,4.0,-1.0,-45.0
1776885079.3531027,1.0,-2.0,-39.0
1776885079.363103,3.0,0.0,-38.0
1776885079.373103,5.0,3.0,-42.0
1776885079.383103,5.0,0.0,-50.0
1776885079.3931026,5.0,-3.0,-46.0
1776885079.4031026,7.0,-2.0,-39.0
1776885079.4131026,8.0,-3.0,-31.0
1776885079.4231029,9.0,-4.0,-28.0
1776885079.4331028,8.0,-3.0,-27.0
1776885079.4431028,6.0,-3.0,-32.0
1776885079.4531028,3.0,-2.0,-35.0
1776885079.4631028,4.0,0.0,-34.0
1776885079.4731028,4.0,-4.0,-36.0
1776885079.4831028,3.0,0.0,-37.0
1776885079.4931028,3.0,-1.0,-38.0
1776885079.5031028,4.0,0.0,-38.0
1776885079.5131028,2.0,3.0,-42.0
1776885079.5231028,0.0,2.0,-44.0
1776885079.5331028,-2.0,0.0,-46.0
1776885079.5431027,-4.0,-3.0,-42.0
1776885079.5531027,-7.0,-4.0,-43.0
1776885079.5631027,-3.0,0.0,-48.0
1776885079.5731027,-3.0,1.0,-48.0
1776885079.5831027,0.0,-2.0,-55.0
1776885079.5931027,3.0,-5.0,-58.0
1776885079.6031027,3.0,-5.0,-66.0
1776885079.613103,1.0,-3.0,-65.0
1776885079.623103,0.0,-3.0,-55.0
1776885079.633103,0.0,1.0,-55.0
1776885079.6431026,-3.0,0.0,-58.0
1776885079.6531026,-4.0,1.0,-52.0
1776885079.6631026,-3.0,0.0,-54.0
1776885079.6731029,-1.0,-1.0,-50.0
1776885079.6831028,0.0,0.0,-41.0
1776885079.6931028,0.0,-3.0,-44.0
1776885079.7031028,0.0,-3.0,-44.0
1776885079.7131028,3.0,-5.0,-39.0
1776885079.7231028,4.0,-4.0,-36.0
1776885079.7331028,3.0,-6.0,-34.0
1776885079.7431028,0.0,-6.0,-38.0
1776885079.7531028,1.0,0.0,-34.0
1776885079.7631028,4.0,0.0,-31.0
1776885079.7731028,2.0,-4.0,-29.0
1776885079.7831028,1.0,-8.0,-38.0
1776885079.7931027,4.0,-6.0,-40.0
1776885079.8031027,3.0,-6.0,-38.0
1776885079.8131027,0.0,-7.0,-37.0
1776885079.8231027,1.0,-8.0,-42.0
1776885079.8331027,8.0,-4.0,-37.0
1776885079.8431027,11.0,0.0,-37.0
1776885079.8531027,7.0,2.0,-36.0
1776885079.863103,10.0,-2.0,-40.0
1776885079.873103,11.0,1.0,-38.0
1776885079.883103,8.0,7.0,-39.0
1776885079.8931026,3.0,5.0,-34.0
1776885079.9031026,0.0,7.0,-39.0
1776885079.9131026,0.0,7.0,-35.0
1776885079.9231029,0.0,4.0,-37.0
1776885079.9331028,-7.0,6.0,-38.0
1776885079.9431028,-7.0,4.0,-38.0
1776885079.9531028,0.0,4.0,-39.0
1776885079.9631028,0.0,3.0,-39.0
1776885079.9731028,-1.0,1.0,-43.0
1776885079.9831028,-1.0,0.0,-52.0
1776885079.9931028,-5.0,0.0,-50.0
1776885080.0031028,-6.0,-1.0,-53.0
1776885080.0131028,-8.0,0.0,-51.0
1776885080.0231028,-8.0,0.0,-45.0
1776885080.0331028,-7.0,-2.0,-47.0
1776885080.0431027,-4.0,-1.0,-53.0
1776885080.0531027,-1.0,0.0,-53.0
1776885080.0631027,-4.0,2.0,-50.0
1776885080.0731027,-2.0,2.0,-44.0
1776885080.0831027,-6.0,0.0,-42.0
1776885080.0931027,-1.0,1.0,-46.0
1776885080.1031027,0.0,-1.0,-51.0
1776885080.113103,-3.0,-2.0,-55.0
1776885080.123103,-2.0,0.0,-51.0
1776885080.133103,-3.0,1.0,-48.0
1776885080.1431026,-2.0,0.0,-49.0
1776885080.1531026,-5.0,2.0,-54.0
1776885080.1631026,-10.0,0.0,-47.0
1776885080.1731029,-8.0,2.0,-49.0
1776885080.1831028,-6.0,4.0,-53.0
1776885080.1931028,-1.0,2.0,-50.0
1776885080.2031028,-2.0,1.0,-50.0
1776885080.2131028,-3.0,-1.0,-48.0
1776885080.2231028,-2.0,-2.0,-48.0
1776885080.2331028,-4.0,-4.0,-47.0
1776885080.2431028,-4.0,-4.0,-45.0
1776885080.2531028,-2.0,-4.0,-45.0
1776885080.2631028,-2.0,-2.0,-44.0
1776885080.2731028,-2.0,-2.0,-38.0
1776885080.2831028,-3.0,-3.0,-41.0
1776885080.2931027,-4.0,0.0,-42.0
1776885080.3031027,-1.0,0.0,-47.0
1776885080.3131027,0.0,-2.0,-49.0
1776885080.3231027,1.0,0.0,-49.0
1776885080.3331027,1.0,0.0,-44.0
1776885080.3431027,2.0,0.0,-39.0
1776885080.3531027,7.0,0.0,-44.0
1776885080.363103,10.0,0.0,-41.0
1776885080.373103,7.0,0.0,-39.0
1776885080.383103,5.0,0.0,-34.0
1776885080.3931026,6.0,1.0,-35.0
1776885080.4031026,4.0,1.0,-36.0
1776885080.4131026,6.0,1.0,-33.0
1776885080.4231029,9.0,0.0,-30.0
1776885080.4331028,7.0,-2.0,-33.0
1776885080.4431028,5.0,0.0,-34.0
1776885080.4531028,3.0,0.0,-34.0
1776885080.4631028,4.0,-2.0,-29.0
1776885080.4731028,5.0,0.0,-37.0
1776885080.4831028,5.0,2.0,-38.0
1776885080.4931028,7.0,0.0,-39.0
1776885080.5031028,2.0,1.0,-47.0
1776885080.5131028,4.0,4.0,-48.0
1776885080.5231028,3.0,0.0,-41.0
1776885080.5331028,2.0,-1.0,-41.0
1776885080.5431027,2.0,1.0,-40.0
1776885080.5531027,0.0,4.0,-39.0
1776885080.5631027,-2.0,4.0,-39.0
1776885080.5731027,-5.0,2.0,-36.0
1776885080.5831027,-2.0,2.0,-37.0
1776885080.5931027,0.0,0.0,-38.0
1776885080.6031027,-4.0,0.0,-39.0
1776885080.613103,-5.0,0.0,-40.0
1776885080.623103,-5.0,-1.0,-40.0
1776885080.633103,-4.0,-4.0,-42.0
1776885080.6431026,-1.0,-4.0,-43.0
1776885080.6531026,-2.0,-7.0,-45.0
1776885080.6631026,-4.0,-10.0,-43.0
1776885080.6731029,0.0,-8.0,-41.0
1776885080.6831028,3.0,-11.0,-38.0
1776885080.6931028,6.0,-14.0,-37.0
1776885080.7031028,7.0,-13.0,-36.0
1776885080.7131028,6.0,-10.0,-35.0
1776885080.7231028,4.0,-9.0,-33.0
1776885080.7331028,5.0,-8.0,-39.0
1776885080.7431028,3.0,-7.0,-38.0
1776885080.7531028,2.0,-3.0,-42.0
1776885080.7631028,1.0,-5.0,-41.0
1776885080.7731028,2.0,-2.0,-35.0
1776885080.7831028,2.0,-2.0,-39.0
1776885080.7931027,1.0,0.0,-38.0
1776885080.8031027,5.0,0.0,-43.0
1776885080.8131027,7.0,-1.0,-36.0
1776885080.8231027,1.0,3.0,-36.0
1776885080.8331027,7.0,0.0,-40.0
1776885080.8431027,10.0,0.0,-45.0
1776885080.8531027,9.0,-4.0,-43.0
1776885080.863103,10.0,-4.0,-42.0
1776885080.873103,7.0,-5.0,-40.0
1776885080.883103,7.0,-5.0,-46.0
1776885080.8931026,4.0,-1.0,-50.0
1776885080.9031026,2.0,0.0,-44.0
1776885080.9131026,2.0,-1.0,-43.0
1776885080.9231029,5.0,-1.0,-50.0
1776885080.9331028,7.0,-3.0,-42.0
1776885080.9431028,12.0,-7.0,-45.0
1776885080.9531028,11.0,-6.0,-47.0
1776885080.9631028,2.0,-1.0,-43.0
1776885080.9731028,-6.0,0.0,-43.0
1776885080.9831028,-6.0,2.0,-45.0
1776885080.9931028,-7.0,4.0,-42.0
1776885081.0031028,-3.0,3.0,-40.0
1776885081.0131028,1.0,-2.0,-41.0
1776885081.0231028,-4.0,1.0,-46.0
1776885081.0331028,-2.0,5.0,-47.0
1776885081.0431027,-1.0,7.0,-53.0
1776885081.0531027,-3.0,1.0,-58.0
1776885081.0631027,-3.0,1.0,-55.0
1776885081.0731027,0.0,0.0,-44.0
1776885081.0831027,1.0,0.0,-40.0
1776885081.0931027,3.0,0.0,-38.0
1776885081.1031027,8.0,0.0,-34.0
1776885081.113103,8.0,0.0,-35.0
1776885081.123103,7.0,-3.0,-39.0
1776885081.133103,4.0,-4.0,-36.0
1776885081.1431026,7.0,-2.0,-45.0
1776885081.1531026,2.0,-1.0,-42.0
1776885081.1631026,0.0,0.0,-40.0
1776885081.1731029,0.0,-1.0,-49.0
1776885081.1831028,0.0,-2.0,-55.0
1776885081.1931028,0.0,-3.0,-52.0
1776885081.2031028,1.0,-2.0,-52.0
1776885081.2131028,2.0,-5.0,-48.0
1776885081.2231028,2.0,-9.0,-44.0
1776885081.2331028,0.0,-8.0,-38.0
1776885081.2441027,0.0,-7.0,-35.0
1776885081.2531028,-1.0,-7.0,-39.0
1776885081.2631028,0.0,-8.0,-36.0
1776885081.2741027,3.0,-6.0,-28.0
1776885081.2831028,3.0,-4.0,-33.0
1776885081.294103,7.0,-4.0,-35.0
1776885081.304103,6.0,-3.0,-43.0
1776885081.3141026,2.0,-3.0,-41.0
1776885081.3241026,5.0,-5.0,-44.0
1776885081.3341026,8.0,-8.0,-47.0
1776885081.3441026,2.0,-4.0,-49.0
1776885081.3541028,2.0,-1.0,-50.0
1776885081.3641028,0.0,0.0,-55.0
1776885081.3741028,1.0,0.0,-49.0
1776885081.3841028,2.0,2.0,-46.0
1776885081.3941028,3.0,1.0,-33.0
1776885081.4041028,2.0,4.0,-32.0
1776885081.4141028,5.0,4.0,-37.0
1776885081.4241028,5.0,0.0,-43.0
1776885081.4341028,1.0,1.0,-47.0
1776885081.4441028,0.0,2.0,-38.0
1776885081.4541028,3.0,7.0,-40.0
1776885081.4641027,4.0,5.0,-40.0
1776885081.4741027,8.0,2.0,-42.0
1776885081.4841027,8.0,1.0,-44.0
1776885081.4941027,11.0,0.0,-46.0
1776885081.5041027,12.0,1.0,-44.0
1776885081.5141027,15.0,0.0,-46.0
1776885081.5241027,13.0,0.0,-48.0
1776885081.534103,10.0,4.0,-49.0
1776885081.544103,12.0,4.0,-55.0
1776885081.554103,13.0,2.0,-59.0
1776885081.5641026,6.0,0.0,-57.0
1776885081.5741026,6.0,-2.0,-55.0
1776885081.5841026,8.0,-1.0,-52.0
1776885081.5941026,4.0,3.0,-57.0
1776885081.6041028,1.0,5.0,-51.0
1776885081.6141028,3.0,6.0,-49.0
1776885081.6241028,3.0,3.0,-51.0
1776885081.6341028,3.0,3.0,-53.0
1776885081.6441028,3.0,0.0,-45.0
1776885081.6541028,0.0,0.0,-43.0
1776885081.6641028,4.0,-2.0,-39.0
1776885081.6741028,6.0,-2.0,-40.0
1776885081.6841028,6.0,-3.0,-40.0
1776885081.6941028,0.0,-4.0,-38.0
1776885081.7041028,-2.0,-4.0,-36.0
1776885081.7141027,0.0,-2.0,-46.0
1776885081.7241027,-1.0,-1.0,-47.0
1776885081.7341027,0.0,0.0,-40.0
1776885081.7441027,0.0,0.0,-42.0
1776885081.7541027,1.0,0.0,-39.0
1776885081.7641027,0.0,-3.0,-37.0
1776885081.7741027,0.0,-5.0,-34.0
1776885081.784103,-1.0,-3.0,-41.0
1776885081.794103,2.0,-2.0,-49.0
1776885081.804103,6.0,-2.0,-52.0
1776885081.8141026,3.0,-3.0,-47.0
1776885081.8241026,1.0,-4.0,-51.0
1776885081.8341026,-1.0,-8.0,-56.0
1776885081.8441026,2.0,-5.0,-56.0
1776885081.8541028,0.0,-3.0,-58.0
1776885081.8641028,-1.0,-4.0,-54.0
1776885081.8741028,0.0,-4.0,-54.0
1776885081.8841028,0.0,0.0,-53.0
1776885081.8941028,3.0,0.0,-49.0
1776885081.9041028,0.0,-3.0,-43.0
1776885081.9141028,-1.0,-4.0,-39.0
1776885081.9241028,0.0,-5.0,-39.0
1776885081.9341028,0.0,-7.0,-41.0
1776885081.9441028,1.0,-3.0,-37.0
1776885081.9541028,-3.0,0.0,-43.0
1776885081.9641027,-6.0,0.0,-45.0
1776885081.9741027,-3.0,0.0,-46.0
1776885081.9841027,-1.0,-1.0,-46.0
1776885081.9941027,-1.0,-1.0,-42.0
1776885082.0041027,-1.0,0.0,-37.0
1776885082.0141027,0.0,0.0,-39.0
1776885082.0241027,7.0,0.0,-41.0
1776885082.034103,8.0,1.0,-39.0
1776885082.044103,10.0,0.0,-33.0
1776885082.054103,10.0,5.0,-41.0
1776885082.0641026,9.0,4.0,-44.0
1776885082.0741026,7.0,1.0,-49.0
1776885082.0841026,6.0,-2.0,-48.0
1776885082.0941026,5.0,-5.0,-49.0
1776885082.1041028,7.0,-7.0,-51.0
1776885082.1141028,12.0,-5.0,-48.0
1776885082.1241028,6.0,-2.0,-47.0
1776885082.1341028,2.0,0.0,-43.0
1776885082.1441028,0.0,4.0,-47.0
1776885082.1541028,-1.0,7.0,-49.0
1776885082.1641028,6.0,7.0,-38.0
1776885082.1741028,9.0,6.0,-36.0
1776885082.1841028,10.0,4.0,-36.0
1776885082.1941028,7.0,4.0,-34.0
1776885082.2041028,8.0,2.0,-33.0
1776885082.2141027,3.0,2.0,-34.0
1776885082.2241027,3.0,1.0,-37.0
1776885082.2341027,5.0,0.0,-47.0
1776885082.2441027,4.0,0.0,-46.0
1776885082.2541027,-1.0,1.0,-42.0
1776885082.2641027,1.0,0.0,-39.0
1776885082.2741027,0.0,3.0,-36.0
1776885082.284103,-5.0,0.0,-37.0
1776885082.294103,-4.0,0.0,-38.0
1776885082.304103,-7.0,-1.0,-42.0
1776885082.3141026,-8.0,0.0,-46.0
1776885082.3241026,-7.0,0.0,-51.0
1776885082.3341026,-5.0,-3.0,-46.0
1776885082.3441026,-4.0,-7.0,-46.0
1776885082.3541028,-2.0,-6.0,-48.0
1776885082.3641028,-2.0,-10.0,-42.0
1776885082.3741028,0.0,-7.0,-45.0
1776885082.3841028,-2.0,-2.0,-40.0
1776885082.3941028,3.0,-2.0,-41.0
1776885082.4041028,4.0,-2.0,-48.0
1776885082.4141028,4.0,-2.0,-42.0
1776885082.4241028,7.0,0.0,-48.0
1776885082.4341028,8.0,5.0,-50.0
1776885082.4441028,5.0,4.0,-47.0
1776885082.4541028,7.0,3.0,-40.0
1776885082.4641027,8.0,5.0,-40.0
1776885082.4741027,9.0,8.0,-43.0
1776885082.4841027,4.0,9.0,-44.0
1776885082.4941027,4.0,9.0,-50.0
1776885082.5041027,4.0,5.0,-49.0
1776885082.5141027,5.0,4.0,-55.0
1776885082.5241027,1.0,1.0,-48.0
1776885082.534103,1.0,0.0,-47.0
1776885082.544103,6.0,0.0,-43.0
1776885082.554103,7.0,-1.0,-40.0
1776885082.5641026,9.0,-5.0,-44.0
1776885082.5741026,7.0,-7.0,-43.0
1776885082.5841026,6.0,-7.0,-47.0
1776885082.5941026,3.0,-4.0,-49.0
1776885082.6041028,9.0,-1.0,-42.0
1776885082.6141028,10.0,-4.0,-41.0
1776885082.6241028,7.0,-3.0,-37.0
1776885082.6341028,7.0,-4.0,-32.0
1776885082.6441028,7.0,-7.0,-31.0
1776885082.6541028,6.0,-7.0,-42.0
1776885082.6641028,0.0,-4.0,-40.0
1776885082.6741028,0.0,0.0,-45.0
1776885082.6841028,1.0,2.0,-45.0
1776885082.6941028,-2.0,1.0,-51.0
1776885082.7041028,-3.0,0.0,-57.0
1776885082.7141027,-2.0,-2.0,-53.0
1776885082.7241027,0.0,-3.0,-49.0
1776885082.7341027,1.0,-5.0,-43.0
1776885082.7441027,2.0,-8.0,-50.0
1776885082.7541027,2.0,-11.0,-52.0
1776885082.7641027,3.0,-15.0,-52.0
1776885082.7741027,3.0,-11.0,-49.0
1776885082.784103,3.0,-9.0,-48.0
1776885082.794103,5.0,-7.0,-44.0
1776885082.804103,2.0,-7.0,-40.0
1776885082.8141026,4.0,-5.0,-35.0
1776885082.8241026,4.0,-5.0,-39.0
1776885082.8341026,5.0,-4.0,-40.0
1776885082.8441026,0.0,-6.0,-44.0
1776885082.8541028,0.0,-7.0,-49.0
1776885082.8641028,-3.0,-4.0,-56.0
1776885082.8741028,-3.0,-4.0,-54.0
1776885082.8841028,-4.0,-4.0,-54.0
1776885082.8941028,-3.0,-6.0,-52.0
1776885082.9041028,-6.0,-4.0,-52.0
1776885082.9141028,-8.0,0.0,-49.0
1776885082.9241028,-11.0,2.0,-44.0
1776885082.9341028,-8.0,0.0,-43.0
1776885082.9441028,-8.0,2.0,-44.0
1776885082.9541028,-8.0,3.0,-39.0
1776885082.9641027,-3.0,4.0,-32.0
1776885082.9741027,-6.0,1.0,-40.0
1776885082.9841027,0.0,2.0,-42.0
1776885082.9941027,0.0,0.0,-41.0
1776885083.0041027,3.0,0.0,-39.0
1776885083.0141027,4.0,1.0,-35.0
1776885083.0241027,3.0,7.0,-35.0
1776885083.034103,0.0,5.0,-43.0
1776885083.044103,1.0,2.0,-48.0
1776885083.054103,-2.0,-1.0,-51.0
1776885083.0641026,2.0,0.0,-56.0
1776885083.0741026,3.0,-1.0,-58.0
1776885083.0841026,6.0,-1.0,-58.0
1776885083.0941026,5.0,-2.0,-53.0
1776885083.1041028,6.0,-5.0,-52.0
1776885083.1141028,4.0,-6.0,-51.0
1776885083.1241028,2.0,-6.0,-51.0
1776885083.1341028,1.0,-6.0,-50.0
1776885083.1441028,0.0,-4.0,-55.0
1776885083.1541028,2.0,-3.0,-52.0
1776885083.1641028,-2.0,-5.0,-55.0
1776885083.1741028,0.0,-8.0,-52.0
1776885083.1841028,-1.0,-5.0,-42.0
1776885083.1941028,-4.0,-2.0,-33.0
1776885083.2041028,-3.0,0.0,-32.0
1776885083.2141027,-3.0,-1.0,-36.0
1776885083.2241027,-8.0,-6.0,-34.0
1776885083.2341027,-5.0,-7.0,-31.0
1776885083.2451026,1.0,-11.0,-41.0
1776885083.2541027,0.0,-13.0,-45.0
1776885083.2651026,0.0,-10.0,-49.0
1776885083.2751029,0.0,-10.0,-44.0
1776885083.2851028,-4.0,-7.0,-47.0
1776885083.2951028,1.0,-3.0,-40.0
1776885083.3051028,-1.0,-4.0,-51.0
1776885083.3151028,-1.0,0.0,-50.0
1776885083.3251028,-4.0,-4.0,-48.0
1776885083.3351028,-5.0,-7.0,-43.0
1776885083.3451028,-6.0,-4.0,-46.0
1776885083.3551028,-10.0,-1.0,-41.0
1776885083.3651028,-10.0,1.0,-35.0
1776885083.3751028,-7.0,1.0,-38.0
1776885083.3851027,-6.0,-1.0,-39.0
1776885083.3951027,-2.0,-4.0,-37.0
1776885083.4051027,0.0,-4.0,-38.0
1776885083.4151027,0.0,-3.0,-44.0
1776885083.4251027,0.0,-4.0,-47.0
1776885083.4351027,3.0,-5.0,-49.0
1776885083.4451027,5.0,-5.0,-48.0
1776885083.4551027,3.0,-6.0,-47.0
1776885083.465103,1.0,-7.0,-40.0
1776885083.475103,0.0,-5.0,-42.0
1776885083.485103,0.0,-3.0,-43.0
1776885083.4951026,4.0,-3.0,-36.0
1776885083.5051026,5.0,-3.0,-39.0
1776885083.5151026,2.0,-4.0,-46.0
1776885083.5251029,7.0,0.0,-44.0
1776885083.5351028,7.0,0.0,-46.0
1776885083.5451028,4.0,-3.0,-47.0
1776885083.5551028,4.0,-6.0,-46.0
1776885083.5651028,1.0,-7.0,-48.0
1776885083.5751028,4.0,-14.0,-48.0
1776885083.5851028,6.0,-16.0,-45.0
1776885083.5951028,5.0,-14.0,-44.0
1776885083.6051028,-1.0,-10.0,-38.0
1776885083.6151028,-2.0,-8.0,-38.0
1776885083.6251028,1.0,-5.0,-41.0
1776885083.6351027,5.0,1.0,-43.0
1776885083.6451027,9.0,0.0,-47.0
1776885083.6551027,8.0,0.0,-39.0
1776885083.6651027,2.0,-1.0,-38.0
1776885083.6751027,2.0,0.0,-35.0
1776885083.6851027,7.0,-2.0,-30.0
1776885083.6951027,5.0,0.0,-33.0
1776885083.7051027,2.0,-2.0,-38.0
1776885083.715103,1.0,-1.0,-39.0
1776885083.725103,3.0,0.0,-41.0
1776885083.735103,0.0,-5.0,-53.0
1776885083.7451026,0.0,-4.0,-52.0
1776885083.7551026,-1.0,-9.0,-51.0
1776885083.7651026,0.0,-6.0,-42.0
1776885083.7751029,-1.0,-4.0,-48.0
1776885083.7851028,0.0,-6.0,-48.0
1776885083.7951028,-2.0,-5.0,-41.0
1776885083.8051028,-3.0,-4.0,-39.0
1776885083.8151028,1.0,-3.0,-35.0
1776885083.8251028,1.0,-4.0,-40.0
1776885083.8351028,5.0,-7.0,-45.0
1776885083.8451028,4.0,-5.0,-44.0
1776885083.8551028,4.0,-1.0,-44.0
1776885083.8651028,1.0,0.0,-41.0
1776885083.8751028,-2.0,1.0,-31.0
1776885083.8851027,-2.0,3.0,-32.0
1776885083.8951027,0.0,2.0,-39.0
1776885083.9051027,0.0,-4.0,-39.0
1776885083.9151027,2.0,-4.0,-40.0
1776885083.9251027,-2.0,-5.0,-39.0
1776885083.9351027,-2.0,-1.0,-35.0
1776885083.9451027,3.0,-3.0,-45.0
1776885083.9551027,6.0,-2.0,-49.0
1776885083.965103,5.0,2.0,-50.0
1776885083.975103,4.0,2.0,-49.0
1776885083.985103,4.0,5.0,-46.0
1776885083.9951026,4.0,7.0,-44.0
1776885084.0051026,5.0,9.0,-47.0
1776885084.0151026,8.0,7.0,-49.0
1776885084.0251029,5.0,6.0,-54.0
1776885084.0351028,3.0,4.0,-51.0
1776885084.0451028,2.0,0.0,-47.0
1776885084.0551028,5.0,2.0,-46.0
1776885084.0651028,2.0,7.0,-45.0
1776885084.0751028,2.0,7.0,-45.0
1776885084.0851028,3.0,2.0,-45.0
1776885084.0951028,-1.0,-2.0,-46.0
1776885084.1051028,1.0,-4.0,-42.0
1776885084.1151028,1.0,-5.0,-41.0
1776885084.1251028,-4.0,-6.0,-44.0
1776885084.1351027,-1.0,-5.0,-48.0
1776885084.1451027,0.0,-5.0,-45.0
1776885084.1551027,-2.0,-4.0,-46.0
1776885084.1651027,0.0,-3.0,-42.0
1776885084.1751027,2.0,-3.0,-48.0
1776885084.1851027,6.0,-4.0,-43.0
1776885084.1951027,5.0,-2.0,-43.0
1776885084.2051027,4.0,-7.0,-47.0
1776885084.215103,3.0,-7.0,-42.0
1776885084.225103,4.0,-1.0,-37.0
1776885084.235103,8.0,-2.0,-37.0
1776885084.2451026,6.0,-2.0,-35.0
1776885084.2551026,3.0,0.0,-34.0
1776885084.2651026,2.0,-1.0,-32.0
1776885084.2751029,-1.0,0.0,-36.0
1776885084.2851028,0.0,4.0,-42.0
1776885084.2951028,-1.0,3.0,-46.0
1776885084.3051028,-1.0,3.0,-51.0
1776885084.3151028,-3.0,3.0,-49.0
1776885084.3251028,0.0,1.0,-53.0
1776885084.3351028,1.0,-4.0,-51.0
1776885084.3451028,5.0,-7.0,-55.0
1776885084.3551028,2.0,-8.0,-51.0
1776885084.3651028,0.0,-8.0,-45.0
1776885084.3751028,-1.0,-4.0,-44.0
1776885084.3851027,0.0,-4.0,-44.0
1776885084.3951027,-1.0,-2.0,-48.0
1776885084.4051027,-1.0,-2.0,-44.0
1776885084.4151027,3.0,0.0,-37.0
1776885084.4251027,5.0,-1.0,-38.0
1776885084.4351027,1.0,-2.0,-42.0
1776885084.4451027,1.0,-2.0,-42.0
1776885084.4551027,1.0,-4.0,-38.0
1776885084.465103,-2.0,-1.0,-39.0
1776885084.475103,2.0,-2.0,-36.0
1776885084.485103,0.0,-2.0,-36.0
1776885084.4951026,-1.0,0.0,-46.0
1776885084.5051026,0.0,-2.0,-44.0
1776885084.5151026,-1.0,-1.0,-42.0
1776885084.5251029,0.0,0.0,-47.0
1776885084.5351028,0.0,-5.0,-45.0
1776885084.5451028,2.0,-5.0,-40.0
1776885084.5551028,0.0,-3.0,-42.0
1776885084.5651028,-2.0,-7.0,-42.0
1776885084.5751028,-1.0,-7.0,-40.0
1776885084.5851028,4.0,-10.0,-45.0
1776885084.5951028,1.0,-9.0,-41.0
1776885084.6051028,0.0,-9.0,-35.0
1776885084.6151028,-6.0,-9.0,-37.0
1776885084.6251028,-3.0,-7.0,-47.0
1776885084.6351027,-3.0,-9.0,-46.0
1776885084.6451027,-2.0,-7.0,-52.0
1776885084.6551027,1.0,-6.0,-49.0
1776885084.6651027,9.0,-5.0,-45.0
1776885084.6751027,11.0,-5.0,-40.0
1776885084.6851027,8.0,-3.0,-40.0
1776885084.6951027,10.0,-5.0,-34.0
1776885084.7051027,12.0,-1.0,-37.0
1776885084.715103,3.0,0.0,-43.0
1776885084.725103,3.0,-5.0,-40.0
1776885084.735103,1.0,-2.0,-39.0
1776885084.7451026,2.0,-3.0,-37.0
1776885084.7551026,-1.0,-2.0,-42.0
1776885084.7651026,2.0,-2.0,-43.0
1776885084.7751029,5.0,-3.0,-44.0
1776885084.7851028,2.0,-3.0,-44.0
1776885084.7951028,2.0,-2.0,-43.0
1776885084.8051028,2.0,0.0,-41.0
1776885084.8151028,3.0,1.0,-43.0
1776885084.8251028,2.0,1.0,-38.0
1776885084.8351028,-3.0,6.0,-39.0
1776885084.8451028,0.0,9.0,-41.0
1776885084.8551028,2.0,9.0,-44.0
1776885084.8651028,5.0,8.0,-43.0
1776885084.8751028,5.0,5.0,-37.0
1776885084.8851027,3.0,2.0,-36.0
1776885084.8951027,0.0,6.0,-38.0
1776885084.9051027,-1.0,6.0,-40.0
1776885084.9151027,-1.0,2.0,-36.0
1776885084.9251027,-6.0,4.0,-37.0
1776885084.9351027,-6.0,4.0,-41.0
1776885084.9451027,-1.0,2.0,-42.0
1776885084.9551027,3.0,4.0,-43.0
1776885084.965103,3.0,2.0,-43.0
1776885084.975103,0.0,0.0,-50.0
1776885084.985103,-3.0,-2.0,-50.0
1776885084.9951026,0.0,-1.0,-51.0
1776885085.0051026,1.0,-3.0,-49.0
1776885085.0151026,2.0,-4.0,-53.0
1776885085.0251029,4.0,-2.0,-58.0
1776885085.0351028,4.0,0.0,-55.0
1776885085.0451028,1.0,0.0,-51.0
1776885085.0551028,1.0,-1.0,-48.0
1776885085.0651028,5.0,1.0,-50.0
1776885085.0751028,2.0,-1.0,-49.0
1776885085.0851028,0.0,-2.0,-55.0
1776885085.0951028,-2.0,-2.0,-50.0
1776885085.1051028,-2.0,0.0,-54.0
1776885085.1151028,0.0,0.0,-53.0
1776885085.1251028,-2.0,1.0,-53.0
1776885085.1351027,-2.0,5.0,-45.0
1776885085.1451027,-2.0,4.0,-44.0
1776885085.1551027,0.0,1.0,-42.0
1776885085.1651027,-1.0,3.0,-47.0
1776885085.1751027,4.0,6.0,-47.0
1776885085.1851027,4.0,7.0,-45.0
1776885085.1951027,4.0,5.0,-52.0
1776885085.2051027,4.0,3.0,-54.0
1776885085.2161028,5.0,1.0,-51.0
1776885085.2261028,2.0,1.0,-56.0
1776885085.235103,0.0,-3.0,-51.0
1776885085.2461028,1.0,-1.0,-47.0
1776885085.2561028,3.0,-1.0,-45.0
1776885085.2661028,0.0,-3.0,-48.0
1776885085.2761028,2.0,-6.0,-50.0
1776885085.2861028,7.0,-5.0,-42.0
1776885085.2961028,6.0,-8.0,-44.0
1776885085.3061028,1.0,-8.0,-50.0
1776885085.3161027,0.0,-3.0,-53.0
1776885085.3261027,-2.0,-2.0,-42.0
1776885085.3361027,0.0,-5.0,-42.0
1776885085.3461027,0.0,-4.0,-42.0
1776885085.3561027,-1.0,-5.0,-49.0
1776885085.3661027,-2.0,-4.0,-51.0
1776885085.3761027,-2.0,-1.0,-50.0
1776885085.386103,-1.0,0.0,-49.0
1776885085.396103,-6.0,0.0,-49.0
1776885085.406103,-2.0,0.0,-57.0
1776885085.4161026,-1.0,0.0,-60.0
1776885085.4261026,0.0,0.0,-63.0
1776885085.4361026,1.0,-2.0,-55.0
1776885085.4461029,2.0,-4.0,-51.0
1776885085.4561028,3.0,-2.0,-46.0
1776885085.4661028,6.0,-3.0,-47.0
1776885085.4761028,4.0,-3.0,-49.0
1776885085.4861028,6.0,-2.0,-47.0
1776885085.4961028,6.0,-1.0,-41.0
1776885085.5061028,8.0,-1.0,-42.0
1776885085.5161028,7.0,0.0,-52.0
1776885085.5261028,8.0,1.0,-50.0
1776885085.5361028,7.0,-1.0,-48.0
1776885085.5461028,5.0,-5.0,-45.0
1776885085.5561028,4.0,-7.0,-48.0
1776885085.5661027,5.0,-6.0,-45.0
1776885085.5761027,3.0,-5.0,-37.0
1776885085.5861027,1.0,0.0,-38.0
1776885085.5961027,2.0,3.0,-41.0
1776885085.6061027,5.0,2.0,-48.0
1776885085.6161027,10.0,0.0,-48.0
1776885085.6261027,9.0,-1.0,-48.0
1776885085.636103,9.0,1.0,-49.0
1776885085.646103,11.0,0.0,-49.0
1776885085.656103,9.0,1.0,-48.0
1776885085.6661026,4.0,-3.0,-50.0
1776885085.6761026,1.0,-2.0,-52.0
1776885085.6861026,-1.0,-4.0,-54.0
1776885085.6961029,-3.0,-4.0,-50.0
1776885085.7061028,-2.0,-4.0,-45.0
1776885085.7161028,-3.0,-4.0,-44.0
1776885085.7261028,-5.0,-2.0,-44.0
1776885085.7361028,-2.0,-2.0,-51.0
1776885085.7461028,-1.0,0.0,-45.0
1776885085.7561028,3.0,4.0,-44.0
1776885085.7661028,1.0,3.0,-39.0
1776885085.7761028,1.0,-2.0,-42.0
1776885085.7861028,0.0,-3.0,-39.0
1776885085.7961028,2.0,-4.0,-40.0
1776885085.8061028,7.0,0.0,-38.0
1776885085.8161027,4.0,0.0,-39.0
1776885085.8261027,3.0,-2.0,-42.0
1776885085.8361027,2.0,-4.0,-40.0
1776885085.8461027,-1.0,-8.0,-44.0
1776885085.8561027,0.0,-4.0,-46.0
1776885085.8661027,0.0,-2.0,-46.0
1776885085.8761027,-2.0,-2.0,-44.0
1776885085.886103,-3.0,-3.0,-47.0
1776885085.896103,-6.0,-6.0,-53.0
1776885085.906103,-8.0,-5.0,-47.0
1776885085.9161026,-6.0,-8.0,-47.0
1776885085.9261026,-7.0,-9.0,-47.0
1776885085.9361026,-6.0,-7.0,-45.0
1776885085.9461029,-4.0,-7.0,-45.0
1776885085.9561028,-5.0,-5.0,-47.0
1776885085.9661028,-5.0,-5.0,-46.0
1776885085.9761028,-8.0,-5.0,-48.0
1776885085.9861028,-6.0,-3.0,-40.0
1776885085.9961028,-8.0,0.0,-43.0
1776885086.0061028,-7.0,-2.0,-41.0
1776885086.0161028,-4.0,-4.0,-41.0
1776885086.0261028,-3.0,-4.0,-46.0
1776885086.0361028,0.0,-3.0,-45.0
1776885086.0461028,0.0,-2.0,-40.0
1776885086.0561028,-3.0,-5.0,-40.0
1776885086.0661027,-1.0,-3.0,-43.0
1776885086.0761027,0.0,1.0,-47.0
1776885086.0861027,2.0,-3.0,-45.0
1776885086.0961027,1.0,-5.0,-41.0
1776885086.1061027,0.0,-6.0,-44.0
1776885086.1161027,-6.0,-2.0,-47.0
1776885086.1261027,-4.0,-3.0,-50.0
1776885086.136103,2.0,-4.0,-53.0
1776885086.146103,3.0,-2.0,-54.0
1776885086.156103,0.0,0.0,-48.0
1776885086.1661026,0.0,2.0,-43.0
1776885086.1761026,-4.0,1.0,-34.0
1776885086.1861026,-5.0,0.0,-43.0
1776885086.1961029,0.0,-5.0,-39.0
1776885086.2061028,0.0,-4.0,-40.0
1776885086.2161028,-1.0,-1.0,-46.0
1776885086.2261028,0.0,0.0,-48.0
1776885086.2361028,2.0,0.0,-50.0
1776885086.2461028,3.0,0.0,-52.0
1776885086.2561028,0.0,1.0,-48.0
1776885086.2661028,-2.0,2.0,-41.0
1776885086.2761028,0.0,-3.0,-42.0
1776885086.2861028,0.0,-1.0,-41.0
1776885086.2961028,2.0,1.0,-40.0
1776885086.3061028,6.0,0.0,-41.0
1776885086.3161027,3.0,0.0,-39.0
1776885086.3261027,2.0,-4.0,-43.0
1776885086.3361027,1.0,-8.0,-51.0
1776885086.3461027,0.0,-10.0,-44.0
1776885086.3561027,0.0,-9.0,-39.0
1776885086.3661027,1.0,-11.0,-34.0
1776885086.3761027,-3.0,-8.0,-33.0
1776885086.386103,0.0,-8.0,-44.0
1776885086.396103,2.0,-4.0,-46.0
1776885086.406103,3.0,-1.0,-39.0
1776885086.4161026,0.0,-1.0,-39.0
1776885086.4261026,-1.0,-2.0,-41.0
1776885086.4361026,0.0,-1.0,-40.0
1776885086.4461029,2.0,2.0,-39.0
1776885086.4561028,0.0,-1.0,-42.0
1776885086.4661028,-2.0,-3.0,-38.0
1776885086.4761028,0.0,-4.0,-40.0
1776885086.4861028,-4.0,-6.0,-47.0
1776885086.4961028,-2.0,-5.0,-45.0
1776885086.5061028,1.0,-2.0,-38.0
1776885086.5161028,-1.0,-5.0,-36.0
1776885086.5261028,0.0,-4.0,-32.0
1776885086.5361028,-1.0,-1.0,-32.0
1776885086.5461028,1.0,-3.0,-36.0
1776885086.5561028,2.0,-5.0,-38.0
1776885086.5661027,7.0,-6.0,-40.0
1776885086.5761027,8.0,-5.0,-45.0
1776885086.5861027,6.0,-7.0,-37.0
1776885086.5961027,6.0,-7.0,-39.0
1776885086.6061027,1.0,-6.0,-42.0
1776885086.6161027,-1.0,-5.0,-44.0
1776885086.6261027,-7.0,-6.0,-45.0
1776885086.636103,-6.0,-4.0,-45.0
1776885086.646103,-2.0,-6.0,-39.0
1776885086.656103,-2.0,-3.0,-39.0
1776885086.6661026,-1.0,-4.0,-45.0
1776885086.6761026,-1.0,-2.0,-48.0
1776885086.6861026,0.0,0.0,-46.0
1776885086.6961029,3.0,-2.0,-47.0
1776885086.7061028,3.0,0.0,-52.0
1776885086.7161028,4.0,0.0,-52.0
1776885086.7261028,3.0,0.0,-50.0
1776885086.7361028,1.0,0.0,-49.0
1776885086.7461028,-1.0,1.0,-52.0
1776885086.7561028,-3.0,7.0,-50.0
1776885086.7661028,-3.0,7.0,-45.0
1776885086.7761028,-2.0,6.0,-42.0
1776885086.7861028,1.0,10.0,-48.0
1776885086.7961028,6.0,7.0,-44.0
1776885086.8061028,6.0,8.0,-48.0
1776885086.8161027,5.0,11.0,-49.0
1776885086.8261027,4.0,7.0,-46.0
1776885086.8361027,3.0,4.0,-46.0
1776885086.8461027,4.0,-2.0,-44.0
1776885086.8561027,2.0,-5.0,-42.0
1776885086.8661027,0.0,-1.0,-46.0
1776885086.8761027,3.0,2.0,-47.0
1776885086.886103,5.0,2.0,-49.0
1776885086.896103,-4.0,5.0,-47.0
1776885086.906103,-6.0,4.0,-44.0
1776885086.9161026,-3.0,1.0,-46.0
1776885086.9261026,-2.0,1.0,-41.0
1776885086.9361026,0.0,0.0,-39.0
1776885086.9461029,1.0,1.0,-35.0
1776885086.9561028,0.0,0.0,-43.0
1776885086.9661028,3.0,-1.0,-51.0
1776885086.9761028,4.0,0.0,-44.0
1776885086.9861028,4.0,-2.0,-40.0
1776885086.9961028,4.0,-6.0,-36.0
1776885087.0061028,1.0,-9.0,-28.0
1776885087.0161028,4.0,-2.0,-27.0
1776885087.0261028,5.0,-2.0,-33.0
1776885087.0361028,5.0,-3.0,-37.0
1776885087.0461028,3.0,-3.0,-38.0
1776885087.0561028,5.0,-2.0,-34.0
1776885087.0661027,8.0,1.0,-33.0
1776885087.0761027,8.0,1.0,-30.0
1776885087.0861027,6.0,0.0,-32.0
1776885087.0961027,0.0,0.0,-36.0
1776885087.1061027,0.0,0.0,-34.0
1776885087.1161027,1.0,1.0,-37.0
1776885087.1261027,1.0,-1.0,-45.0
1776885087.136103,1.0,-3.0,-41.0
1776885087.146103,2.0,-7.0,-43.0
1776885087.156103,0.0,-12.0,-45.0
1776885087.1661026,4.0,-7.0,-44.0
1776885087.1761026,3.0,-5.0,-41.0
1776885087.1861026,5.0,-5.0,-44.0
1776885087.1961029,7.0,-8.0,-42.0
1776885087.2061028,5.0,-7.0,-39.0
1776885087.2161028,7.0,-11.0,-39.0
1776885087.2271028,8.0,-11.0,-36.0
1776885087.2371027,8.0,-13.0,-42.0
1776885087.2471027,4.0,-10.0,-46.0
1776885087.2571027,3.0,-11.0,-48.0
1776885087.2671027,4.0,-12.0,-50.0
1776885087.2771027,9.0,-12.0,-43.0
1776885087.2871027,11.0,-11.0,-43.0
1776885087.2971027,13.0,-9.0,-45.0
1776885087.307103,9.0,-4.0,-44.0
1776885087.317103,4.0,-6.0,-37.0
1776885087.327103,2.0,-8.0,-42.0
1776885087.337103,0.0,-7.0,-35.0
1776885087.3471026,-3.0,-4.0,-36.0
1776885087.3571026,-2.0,-3.0,-36.0
1776885087.3671026,-2.0,-4.0,-40.0
1776885087.3771029,0.0,-5.0,-41.0
1776885087.3871028,1.0,-1.0,-40.0
1776885087.3971028,0.0,-2.0,-39.0
1776885087.4071028,-3.0,3.0,-40.0
1776885087.4171028,-2.0,2.0,-42.0
1776885087.4271028,0.0,0.0,-49.0
1776885087.4371028,0.0,-3.0,-44.0
1776885087.4471028,1.0,0.0,-47.0
1776885087.4571028,2.0,2.0,-48.0
1776885087.4671028,-1.0,-1.0,-50.0
1776885087.4781027,0.0,0.0,-61.0
1776885087.4871027,-2.0,-3.0,-64.0
1776885087.4971027,-2.0,-1.0,-52.0
1776885087.5071027,0.0,-2.0,-51.0
1776885087.5171027,5.0,-5.0,-50.0
1776885087.5271027,10.0,-2.0,-51.0
1776885087.5371027,7.0,-1.0,-54.0
1776885087.5471027,5.0,-2.0,-51.0
1776885087.557103,0.0,0.0,-46.0
1776885087.567103,-1.0,5.0,-52.0
1776885087.577103,-1.0,6.0,-45.0
1776885087.587103,1.0,0.0,-40.0
1776885087.5971026,2.0,0.0,-40.0
1776885087.6071026,-2.0,-1.0,-44.0
1776885087.6171026,-2.0,-3.0,-42.0
1776885087.6271029,-4.0,-5.0,-47.0
1776885087.6371028,-6.0,-2.0,-45.0
1776885087.6471028,-6.0,-1.0,-39.0
1776885087.6571028,0.0,-1.0,-39.0
1776885087.6671028,2.0,-3.0,-40.0
1776885087.6771028,1.0,-2.0,-36.0
1776885087.6871028,0.0,0.0,-41.0
1776885087.6971028,0.0,0.0,-50.0
1776885087.7071028,0.0,-2.0,-52.0
1776885087.7171028,0.0,-4.0,-57.0
1776885087.7271028,0.0,-8.0,-53.0
1776885087.7371027,0.0,-7.0,-53.0
1776885087.7471027,0.0,-6.0,-54.0
1776885087.7571027,-1.0,-4.0,-54.0
1776885087.7671027,2.0,0.0,-52.0
1776885087.7771027,2.0,-4.0,-52.0
1776885087.7871027,3.0,-1.0,-53.0
1776885087.7971027,5.0,-2.0,-51.0
1776885087.807103,5.0,-2.0,-45.0
1776885087.817103,3.0,-4.0,-40.0
1776885087.827103,2.0,-4.0,-38.0
1776885087.837103,5.0,-1.0,-40.0
1776885087.8471026,3.0,3.0,-34.0
1776885087.8571026,1.0,0.0,-35.0
1776885087.8671026,4.0,-1.0,-39.0
1776885087.8771029,2.0,-2.0,-42.0
1776885087.8871028,3.0,-2.0,-44.0
1776885087.8971028,7.0,1.0,-44.0
1776885087.9071028,6.0,2.0,-49.0
1776885087.9171028,4.0,0.0,-50.0
1776885087.9271028,8.0,-1.0,-51.0
1776885087.9371028,6.0,0.0,-54.0
1776885087.9471028,5.0,0.0,-47.0
1776885087.9571028,6.0,-3.0,-41.0
1776885087.9671028,6.0,-4.0,-44.0
1776885087.9771028,7.0,-2.0,-47.0
1776885087.9871027,4.0,-5.0,-53.0
1776885087.9971027,5.0,-6.0,-49.0
1776885088.0071027,4.0,-2.0,-44.0
1776885088.0171027,5.0,-1.0,-39.0
1776885088.0271027,4.0,-1.0,-45.0
1776885088.0371027,-1.0,0.0,-45.0
1776885088.0471027,1.0,2.0,-48.0
1776885088.057103,1.0,0.0,-46.0
1776885088.067103,1.0,-2.0,-49.0
1776885088.077103,3.0,-2.0,-47.0
1776885088.087103,5.0,2.0,-45.0
1776885088.0971026,3.0,-2.0,-45.0
1776885088.1071026,-4.0,-3.0,-41.0
1776885088.1171026,-5.0,0.0,-41.0
1776885088.1271029,-5.0,2.0,-38.0
1776885088.1371028,-5.0,1.0,-42.0
1776885088.1471028,-7.0,0.0,-37.0
1776885088.1571028,-7.0,0.0,-35.0
1776885088.1671028,-3.0,-2.0,-33.0
1776885088.1771028,-3.0,-3.0,-35.0
1776885088.1871028,0.0,-2.0,-37.0
1776885088.1971028,1.0,-3.0,-40.0
1776885088.2071028,0.0,-3.0,-44.0
1776885088.2171028,-1.0,-2.0,-44.0
1776885088.2281027,0.0,-4.0,-42.0
1776885088.2371027,-3.0,-5.0,-37.0
1776885088.2471027,-4.0,-5.0,-40.0
1776885088.2571027,0.0,-7.0,-42.0
1776885088.2671027,3.0,-5.0,-43.0
1776885088.2771027,1.0,-5.0,-44.0
1776885088.2871027,1.0,-6.0,-42.0
1776885088.2971027,2.0,-7.0,-45.0
1776885088.307103,3.0,-5.0,-45.0
1776885088.317103,5.0,-6.0,-44.0
1776885088.327103,6.0,-9.0,-39.0
1776885088.337103,3.0,-7.0,-42.0
1776885088.3471026,-5.0,-5.0,-41.0
1776885088.3571026,-5.0,-2.0,-42.0
1776885088.3671026,-2.0,-3.0,-46.0
1776885088.3771029,-3.0,-5.0,-48.0
1776885088.3871028,0.0,-4.0,-51.0
1776885088.3971028,1.0,-5.0,-51.0
1776885088.4071028,2.0,-4.0,-50.0
1776885088.4171028,-1.0,-4.0,-54.0
1776885088.4271028,-2.0,-5.0,-52.0
1776885088.4371028,-6.0,-6.0,-54.0
1776885088.4471028,-4.0,-5.0,-62.0
1776885088.4571028,0.0,-1.0,-64.0
1776885088.4671028,1.0,-1.0,-57.0
1776885088.4771028,4.0,0.0,-59.0
1776885088.4871027,3.0,-1.0,-49.0
1776885088.4971027,0.0,0.0,-50.0
1776885088.5071027,-3.0,-3.0,-51.0
1776885088.5171027,-1.0,-5.0,-53.0
1776885088.5271027,-5.0,-8.0,-50.0
1776885088.5371027,-4.0,-7.0,-52.0
1776885088.5471027,-5.0,-6.0,-55.0
1776885088.557103,-5.0,-6.0,-56.0
1776885088.567103,0.0,-5.0,-51.0
1776885088.577103,-1.0,-2.0,-48.0
1776885088.587103,0.0,0.0,-50.0
1776885088.5971026,0.0,0.0,-49.0
1776885088.6071026,5.0,2.0,-44.0
1776885088.6171026,4.0,2.0,-45.0
1776885088.6271029,1.0,2.0,-54.0
1776885088.6371028,-2.0,-1.0,-59.0
1776885088.6471028,-2.0,-4.0,-51.0
1776885088.6571028,3.0,-1.0,-41.0
1776885088.6671028,2.0,-1.0,-37.0
1776885088.6771028,-1.0,0.0,-37.0
1776885088.6871028,-1.0,0.0,-39.0
1776885088.6971028,-1.0,0.0,-44.0
1776885088.7071028,-6.0,-1.0,-46.0
1776885088.7171028,-8.0,0.0,-44.0
1776885088.7271028,-8.0,0.0,-48.0
1776885088.7371027,-6.0,-4.0,-47.0
1776885088.7471027,-5.0,-10.0,-41.0
1776885088.7571027,-2.0,-10.0,-38.0
1776885088.7671027,-3.0,-5.0,-40.0
1776885088.7771027,-5.0,-2.0,-43.0
1776885088.7871027,-3.0,-4.0,-34.0
1776885088.7971027,-4.0,-9.0,-33.0
1776885088.807103,-1.0,-9.0,-32.0
1776885088.817103,-3.0,-12.0,-30.0
1776885088.827103,-2.0,-8.0,-36.0
1776885088.837103,0.0,-5.0,-46.0
1776885088.8471026,0.0,-3.0,-47.0
1776885088.8571026,2.0,-1.0,-40.0
1776885088.8671026,3.0,-6.0,-36.0
1776885088.8771029,6.0,-4.0,-41.0
1776885088.8871028,6.0,-2.0,-45.0
1776885088.8971028,4.0,-2.0,-54.0
1776885088.9071028,9.0,-5.0,-57.0
1776885088.9171028,7.0,-5.0,-51.0
1776885088.9271028,6.0,-5.0,-48.0
1776885088.9371028,5.0,-7.0,-46.0
1776885088.9471028,0.0,-9.0,-40.0
1776885088.9571028,-1.0,-9.0,-41.0
1776885088.9671028,1.0,-10.0,-47.0
1776885088.9771028,3.0,-5.0,-39.0
1776885088.9871027,4.0,-1.0,-33.0
1776885088.9971027,1.0,2.0,-32.0
1776885089.0071027,0.0,2.0,-40.0
1776885089.0171027,-2.0,-1.0,-41.0
1776885089.0271027,0.0,-1.0,-40.0
1776885089.0371027,-1.0,-2.0,-43.0
1776885089.0471027,-3.0,-1.0,-36.0
1776885089.057103,-4.0,-5.0,-31.0
1776885089.067103,-2.0,-5.0,-31.0
1776885089.077103,-1.0,-6.0,-35.0
1776885089.087103,-3.0,-9.0,-39.0
1776885089.0971026,-4.0,-5.0,-40.0
1776885089.1071026,0.0,-4.0,-43.0
1776885089.1171026,0.0,-3.0,-44.0
1776885089.1271029,0.0,0.0,-46.0
1776885089.1371028,3.0,0.0,-45.0
1776885089.1471028,4.0,3.0,-42.0
1776885089.1571028,6.0,3.0,-43.0
1776885089.1671028,9.0,4.0,-41.0
1776885089.1771028,5.0,2.0,-43.0
1776885089.1871028,4.0,-1.0,-43.0
1776885089.1981027,5.0,1.0,-49.0
1776885089.2081027,2.0,-3.0,-45.0
1776885089.2181027,1.0,-4.0,-42.0
1776885089.2281027,0.0,-4.0,-42.0
1776885089.238103,3.0,-8.0,-48.0
1776885089.248103,1.0,-6.0,-49.0
1776885089.258103,-1.0,-4.0,-50.0
1776885089.2681026,-4.0,-7.0,-51.0
1776885089.2781026,-5.0,-7.0,-48.0
1776885089.2881026,-3.0,-6.0,-43.0
1776885089.2981029,-1.0,-5.0,-40.0
1776885089.3081028,0.0,-3.0,-45.0
1776885089.3181028,1.0,-6.0,-48.0
1776885089.3281028,-3.0,-5.0,-46.0
1776885089.3381028,-2.0,-2.0,-46.0
1776885089.3481028,-5.0,-2.0,-48.0
1776885089.3581028,-2.0,-3.0,-54.0
1776885089.3681028,0.0,0.0,-55.0
1776885089.3781028,0.0,-3.0,-52.0
1776885089.3881028,2.0,-3.0,-51.0
1776885089.3981028,4.0,-2.0,-53.0
1776885089.4081028,4.0,-2.0,-58.0
1776885089.4181027,5.0,3.0,-59.0
1776885089.4281027,10.0,0.0,-51.0
1776885089.4381027,7.0,0.0,-48.0
1776885089.4481027,9.0,-1.0,-48.0
1776885089.4581027,2.0,-1.0,-51.0
1776885089.4681027,1.0,-4.0,-50.0
1776885089.4781027,3.0,-2.0,-55.0
1776885089.488103,7.0,0.0,-54.0
1776885089.498103,7.0,-1.0,-61.0
1776885089.5071027,10.0,-3.0,-54.0
1776885089.5181026,7.0,-2.0,-52.0
1776885089.5281026,4.0,-1.0,-47.0
1776885089.5381026,4.0,-4.0,-42.0
1776885089.5481029,4.0,-2.0,-39.0
1776885089.5581028,0.0,-3.0,-42.0
1776885089.5681028,0.0,-14.0,-42.0
1776885089.5781028,3.0,-11.0,-44.0
1776885089.5881028,2.0,-10.0,-44.0
1776885089.5981028,2.0,-5.0,-35.0
1776885089.6081028,-6.0,-5.0,-40.0
1776885089.6181028,-7.0,-5.0,-38.0
1776885089.6281028,-6.0,-5.0,-43.0
1776885089.6381028,-2.0,0.0,-48.0
1776885089.6481028,-2.0,-3.0,-47.0
1776885089.6581028,0.0,-7.0,-47.0
1776885089.6681027,1.0,-9.0,-45.0
1776885089.6781027,1.0,-11.0,-53.0
1776885089.6881027,1.0,-9.0,-53.0
1776885089.6981027,0.0,-7.0,-51.0
1776885089.7081027,-2.0,-8.0,-53.0
1776885089.7181027,-3.0,-8.0,-52.0
1776885089.7281027,-2.0,-10.0,-53.0
1776885089.738103,-1.0,-9.0,-47.0
1776885089.748103,2.0,-5.0,-42.0
1776885089.758103,5.0,-7.0,-46.0
1776885089.7681026,8.0,-7.0,-49.0
1776885089.7781026,8.0,0.0,-44.0
1776885089.7881026,4.0,0.0,-40.0
1776885089.7981029,2.0,3.0,-40.0
1776885089.8081028,0.0,0.0,-38.0
1776885089.8181028,-3.0,-5.0,-37.0
1776885089.8281028,-1.0,-5.0,-38.0
1776885089.8381028,0.0,-4.0,-37.0
1776885089.8481028,0.0,-2.0,-44.0
1776885089.8581028,-6.0,0.0,-41.0
1776885089.8681028,-13.0,-1.0,-38.0
1776885089.8781028,-8.0,-1.0,-41.0
1776885089.8881028,-10.0,0.0,-43.0
1776885089.8981028,-5.0,0.0,-46.0
1776885089.9081028,0.0,0.0,-41.0
1776885089.9181027,0.0,-3.0,-37.0
1776885089.9281027,0.0,-2.0,-37.0
1776885089.9381027,0.0,3.0,-30.0
1776885089.9481027,0.0,0.0,-31.0
1776885089.9581027,-1.0,0.0,-31.0
1776885089.9681027,-1.0,2.0,-36.0
1776885089.9781027,0.0,-1.0,-36.0
1776885089.988103,-1.0,-5.0,-41.0
1776885089.998103,0.0,-3.0,-45.0
1776885090.008103,-1.0,0.0,-41.0
1776885090.0181026,0.0,-4.0,-33.0
1776885090.0281026,-4.0,-2.0,-37.0
1776885090.0381026,-5.0,-1.0,-38.0
1776885090.0481029,-3.0,0.0,-39.0
1776885090.0581028,-8.0,1.0,-43.0
1776885090.0681028,-5.0,2.0,-43.0
1776885090.0781028,-1.0,4.0,-44.0
1776885090.0881028,-1.0,0.0,-50.0
1776885090.0981028,3.0,2.0,-51.0
1776885090.1081028,4.0,4.0,-56.0
1776885090.1181028,1.0,-3.0,-57.0
1776885090.1281028,2.0,-3.0,-55.0
1776885090.1381028,0.0,0.0,-41.0
1776885090.1481028,5.0,2.0,-42.0
1776885090.1581028,6.0,0.0,-39.0
1776885090.1681027,4.0,-3.0,-37.0
1776885090.1781027,1.0,-6.0,-46.0
1776885090.1881027,3.0,-5.0,-54.0
1776885090.1981027,3.0,-12.0,-54.0
1776885090.2081027,1.0,-15.0,-51.0
1776885090.2181027,6.0,-12.0,-54.0
1776885090.2281027,6.0,-9.0,-53.0
1776885090.238103,5.0,-9.0,-53.0
1776885090.248103,1.0,-11.0,-49.0
1776885090.258103,2.0,-12.0,-50.0
1776885090.2681026,1.0,-13.0,-49.0
1776885090.2781026,0.0,-9.0,-49.0
1776885090.2881026,-1.0,-3.0,-49.0
1776885090.2981029,-11.0,0.0,-52.0
1776885090.3081028,-10.0,0.0,-51.0
1776885090.3181028,-5.0,1.0,-46.0
1776885090.3281028,0.0,0.0,-50.0
1776885090.3381028,3.0,0.0,-48.0
1776885090.3481028,6.0,2.0,-54.0
1776885090.3581028,8.0,4.0,-55.0
1776885090.3681028,8.0,2.0,-52.0
1776885090.3781028,3.0,2.0,-57.0
1776885090.3881028,5.0,-1.0,-55.0
1776885090.3981028,3.0,3.0,-51.0
1776885090.4081028,3.0,4.0,-55.0
1776885090.4181027,1.0,6.0,-56.0
1776885090.4281027,4.0,8.0,-57.0
1776885090.4381027,6.0,5.0,-53.0
1776885090.4481027,6.0,4.0,-50.0
1776885090.4581027,6.0,3.0,-47.0
1776885090.4681027,6.0,5.0,-54.0
1776885090.4781027,7.0,1.0,-55.0
1776885090.488103,9.0,1.0,-54.0
1776885090.498103,11.0,-1.0,-56.0
1776885090.508103,8.0,-3.0,-58.0
1776885090.5181026,4.0,-4.0,-56.0
1776885090.5281026,-2.0,-3.0,-59.0
1776885090.5381026,-1.0,-9.0,-50.0
1776885090.5481029,-1.0,-6.0,-45.0
1776885090.5581028,3.0,-5.0,-47.0
1776885090.5681028,3.0,-7.0,-45.0
1776885090.5781028,6.0,-6.0,-38.0
1776885090.5881028,4.0,-4.0,-40.0
1776885090.5981028,2.0,-3.0,-46.0
1776885090.6081028,-3.0,-1.0,-41.0
1776885090.6181028,-3.0,-3.0,-35.0
1776885090.6281028,-1.0,-4.0,-42.0
1776885090.6381028,-1.0,0.0,-51.0
1776885090.6481028,-2.0,0.0,-49.0
1776885090.6581028,-6.0,1.0,-47.0
1776885090.6681027,-3.0,3.0,-48.0
1776885090.6781027,0.0,1.0,-54.0
1776885090.6881027,3.0,2.0,-56.0
1776885090.6981027,4.0,3.0,-59.0
1776885090.7081027,4.0,2.0,-62.0
1776885090.7181027,7.0,2.0,-66.0
1776885090.7281027,11.0,0.0,-65.0
1776885090.738103,5.0,1.0,-63.0
1776885090.748103,2.0,0.0,-58.0
1776885090.758103,0.0,0.0,-61.0
1776885090.7681026,1.0,2.0,-60.0
1776885090.7781026,-3.0,1.0,-53.0
1776885090.7881026,0.0,0.0,-52.0
1776885090.7981029,4.0,0.0,-48.0
1776885090.8081028,6.0,-2.0,-50.0
1776885090.8181028,-3.0,-7.0,-52.0
1776885090.8281028,-7.0,-7.0,-51.0
1776885090.8381028,-6.0,-5.0,-45.0
1776885090.8481028,-8.0,-5.0,-50.0
1776885090.8581028,-4.0,-6.0,-56.0
1776885090.8681028,-3.0,-5.0,-50.0
1776885090.8781028,-4.0,-4.0,-47.0
1776885090.8881028,-4.0,-6.0,-42.0
1776885090.8981028,-5.0,-5.0,-47.0
1776885090.9081028,-3.0,-4.0,-46.0
1776885090.9181027,-6.0,-3.0,-52.0
1776885090.9281027,-4.0,-4.0,-46.0
1776885090.9381027,-4.0,-1.0,-48.0
1776885090.9481027,-1.0,2.0,-56.0
1776885090.9581027,3.0,3.0,-53.0
1776885090.9681027,4.0,3.0,-47.0
1776885090.9781027,3.0,3.0,-45.0
1776885090.988103,3.0,2.0,-43.0
1776885090.998103,2.0,3.0,-47.0
1776885091.008103,3.0,0.0,-46.0
1776885091.0181026,0.0,0.0,-48.0
1776885091.0281026,6.0,0.0,-50.0
1776885091.0381026,8.0,-1.0,-45.0
1776885091.0481029,5.0,0.0,-44.0
1776885091.0581028,2.0,-6.0,-44.0
1776885091.0681028,0.0,-9.0,-42.0
1776885091.0781028,4.0,-10.0,-52.0
1776885091.0881028,4.0,-11.0,-51.0
1776885091.0981028,5.0,-11.0,-44.0
1776885091.1081028,1.0,-11.0,-43.0
1776885091.1181028,1.0,-9.0,-41.0
1776885091.1281028,-1.0,-4.0,-37.0
1776885091.1381028,-2.0,-4.0,-35.0
1776885091.1481028,-5.0,-4.0,-32.0
1776885091.159103,-6.0,-2.0,-32.0
1776885091.169103,-4.0,1.0,-37.0
1776885091.1781027,-2.0,3.0,-40.0
1776885091.1891026,2.0,3.0,-38.0
1776885091.1991026,1.0,-2.0,-47.0
1776885091.2091026,9.0,-2.0,-49.0
1776885091.2191026,7.0,3.0,-51.0
1776885091.2291028,9.0,6.0,-51.0
1776885091.2391028,7.0,0.0,-48.0
1776885091.2491028,2.0,2.0,-43.0
1776885091.2591028,1.0,-3.0,-41.0
1776885091.2691028,-2.0,-2.0,-33.0
1776885091.2791028,-4.0,-1.0,-28.0
1776885091.2891028,-3.0,-2.0,-32.0
1776885091.2991028,-4.0,-6.0,-35.0
1776885091.3091028,0.0,-4.0,-39.0
1776885091.3191028,0.0,-2.0,-41.0
1776885091.3291028,4.0,-3.0,-42.0
1776885091.3391027,5.0,-7.0,-36.0
1776885091.3491027,0.0,-8.0,-40.0
1776885091.3591027,2.0,-4.0,-40.0
1776885091.3691027,0.0,-2.0,-39.0
1776885091.3791027,1.0,-2.0,-43.0
1776885091.3891027,0.0,0.0,-47.0
1776885091.3991027,-3.0,1.0,-40.0
1776885091.409103,-5.0,0.0,-42.0
1776885091.419103,-1.0,-3.0,-36.0
1776885091.429103,-1.0,-2.0,-31.0
1776885091.4391026,0.0,-5.0,-36.0
1776885091.4491026,1.0,-6.0,-31.0
1776885091.4591026,5.0,0.0,-32.0
1776885091.4691026,0.0,-1.0,-33.0
1776885091.4791028,-7.0,0.0,-38.0
1776885091.4891028,-9.0,-1.0,-42.0
1776885091.4991028,-5.0,-2.0,-44.0
1776885091.5091028,-3.0,0.0,-47.0
1776885091.5191028,-4.0,0.0,-46.0
1776885091.5291028,0.0,-2.0,-44.0
1776885091.5391028,0.0,-3.0,-41.0
1776885091.5491028,3.0,-1.0,-47.0
1776885091.5591028,3.0,0.0,-51.0
1776885091.5691028,0.0,-2.0,-54.0
1776885091.5791028,0.0,-6.0,-53.0
1776885091.5891027,0.0,-5.0,-54.0
1776885091.5991027,0.0,-6.0,-48.0
1776885091.6091027,2.0,-4.0,-42.0
1776885091.6191027,2.0,-3.0,-48.0
1776885091.6291027,5.0,-5.0,-46.0
1776885091.6391027,1.0,-4.0,-40.0
1776885091.6491027,6.0,-2.0,-39.0
1776885091.659103,6.0,-4.0,-44.0
1776885091.669103,7.0,-3.0,-47.0
1776885091.679103,3.0,-3.0,-47.0
1776885091.6891026,0.0,-6.0,-44.0
1776885091.6991026,0.0,-4.0,-49.0
1776885091.7091026,-3.0,0.0,-51.0
1776885091.7191026,-2.0,0.0,-49.0
1776885091.7291028,-2.0,1.0,-49.0
1776885091.7391028,0.0,2.0,-46.0
1776885091.7491028,1.0,4.0,-49.0
1776885091.7591028,1.0,1.0,-46.0
1776885091.7691028,1.0,-6.0,-50.0
1776885091.7791028,2.0,-8.0,-52.0
1776885091.7891028,0.0,-7.0,-49.0
1776885091.7991028,-2.0,-6.0,-49.0
1776885091.8091028,-6.0,-2.0,-48.0
1776885091.8191028,-6.0,-1.0,-40.0
1776885091.8291028,-4.0,0.0,-44.0
1776885091.8391027,0.0,1.0,-41.0
1776885091.8491027,2.0,2.0,-44.0
1776885091.8591027,2.0,4.0,-45.0
1776885091.8691027,2.0,3.0,-47.0
1776885091.8791027,2.0,0.0,-44.0
1776885091.8891027,3.0,0.0,-49.0
1776885091.8991027,0.0,3.0,-46.0
1776885091.909103,-1.0,3.0,-49.0
1776885091.919103,0.0,4.0,-38.0
1776885091.929103,0.0,3.0,-44.0
1776885091.9391026,-1.0,-3.0,-48.0
1776885091.9491026,-5.0,0.0,-44.0
1776885091.9591026,-3.0,-2.0,-45.0
1776885091.9691026,0.0,-3.0,-48.0
1776885091.9791028,0.0,0.0,-42.0
1776885091.9891028,-1.0,0.0,-44.0
1776885091.9991028,1.0,0.0,-43.0
1776885092.0091028,3.0,-1.0,-50.0
1776885092.0191028,2.0,-3.0,-45.0
1776885092.0291028,3.0,0.0,-43.0
1776885092.0391028,1.0,0.0,-40.0
1776885092.0491028,0.0,-5.0,-44.0
1776885092.0591028,0.0,-8.0,-54.0
1776885092.0691028,-1.0,-1.0,-53.0
1776885092.0791028,2.0,-3.0,-54.0
1776885092.0891027,0.0,-1.0,-55.0
1776885092.0991027,-3.0,-4.0,-46.0
1776885092.1091027,-5.0,-5.0,-47.0
1776885092.1191027,-2.0,-6.0,-49.0
1776885092.1291027,0.0,-7.0,-48.0
1776885092.1391027,-1.0,-5.0,-54.0
1776885092.1491027,-2.0,-4.0,-53.0
1776885092.159103,-4.0,-6.0,-55.0
1776885092.169103,-4.0,-3.0,-48.0
1776885092.179103,-2.0,-2.0,-37.0
1776885092.1891026,-2.0,-3.0,-42.0
1776885092.1991026,0.0,0.0,-36.0
1776885092.2091026,0.0,0.0,-35.0
1776885092.2191026,2.0,-2.0,-33.0
1776885092.2291028,8.0,-5.0,-30.0
1776885092.2391028,2.0,-4.0,-34.0
1776885092.2491028,3.0,-4.0,-36.0
1776885092.2591028,5.0,-3.0,-43.0
1776885092.2691028,7.0,-6.0,-44.0
1776885092.2791028,7.0,-7.0,-43.0
1776885092.2891028,3.0,-2.0,-45.0
1776885092.2991028,0.0,-3.0,-44.0
1776885092.3091028,-3.0,-3.0,-50.0
1776885092.3191028,-1.0,-4.0,-52.0
1776885092.3291028,1.0,-4.0,-55.0
1776885092.3391027,1.0,-6.0,-52.0
1776885092.3491027,-1.0,-8.0,-48.0
1776885092.3591027,1.0,-6.0,-48.0
1776885092.3691027,5.0,-4.0,-47.0
1776885092.3791027,7.0,-4.0,-48.0
1776885092.3891027,6.0,-4.0,-49.0
1776885092.3991027,5.0,-4.0,-46.0
1776885092.409103,1.0,-6.0,-42.0
1776885092.419103,4.0,-3.0,-45.0
1776885092.429103,2.0,-3.0,-46.0
1776885092.4391026,1.0,-6.0,-49.0
1776885092.4491026,3.0,-2.0,-47.0
1776885092.4591026,0.0,1.0,-44.0
1776885092.4691026,0.0,2.0,-46.0
1776885092.4791028,0.0,0.0,-49.0
1776885092.4891028,2.0,0.0,-44.0
1776885092.4991028,4.0,0.0,-43.0
1776885092.5091028,7.0,-5.0,-40.0
1776885092.5191028,10.0,-1.0,-44.0
1776885092.5291028,9.0,-1.0,-47.0
1776885092.5391028,6.0,0.0,-49.0
1776885092.5491028,2.0,4.0,-52.0
1776885092.5591028,3.0,1.0,-52.0
1776885092.5691028,-1.0,2.0,-48.0
1776885092.5791028,-5.0,3.0,-52.0
1776885092.5891027,-3.0,2.0,-58.0
1776885092.5991027,-1.0,-1.0,-59.0
1776885092.6091027,1.0,-2.0,-55.0
1776885092.6191027,0.0,-1.0,-55.0
1776885092.6291027,4.0,3.0,-59.0
1776885092.6391027,6.0,6.0,-54.0
1776885092.6491027,7.0,7.0,-54.0
1776885092.659103,5.0,7.0,-56.0
1776885092.669103,3.0,4.0,-61.0
1776885092.679103,1.0,4.0,-52.0
1776885092.6891026,0.0,4.0,-48.0
1776885092.6991026,-5.0,2.0,-45.0
1776885092.7091026,-5.0,0.0,-48.0
1776885092.7191026,-4.0,-2.0,-49.0
1776885092.7291028,-4.0,-5.0,-47.0
1776885092.7391028,-3.0,-2.0,-49.0
1776885092.7491028,-1.0,0.0,-50.0
1776885092.7591028,0.0,-2.0,-47.0
1776885092.7691028,-1.0,-1.0,-46.0
1776885092.7791028,1.0,-4.0,-44.0
1776885092.7891028,0.0,-4.0,-43.0
1776885092.7991028,-4.0,-5.0,-39.0
1776885092.8091028,-8.0,-3.0,-40.0
1776885092.8191028,-8.0,-1.0,-41.0
1776885092.8291028,-10.0,-2.0,-44.0
1776885092.8391027,0.0,-4.0,-42.0
1776885092.8491027,-4.0,-2.0,-40.0
1776885092.8591027,-5.0,-2.0,-35.0
1776885092.8691027,-3.0,2.0,-30.0
1776885092.8791027,-2.0,0.0,-34.0
1776885092.8891027,-3.0,-1.0,-31.0
1776885092.8991027,-1.0,-2.0,-40.0
1776885092.909103,-1.0,-2.0,-46.0
1776885092.919103,-3.0,-3.0,-42.0
1776885092.929103,0.0,-1.0,-46.0
1776885092.9391026,-1.0,-1.0,-52.0
1776885092.9491026,0.0,-5.0,-49.0
1776885092.9591026,-4.0,-6.0,-46.0
1776885092.9691026,-4.0,-6.0,-39.0
1776885092.9791028,-5.0,-3.0,-32.0
1776885092.9891028,-2.0,-8.0,-30.0
1776885092.9991028,0.0,-4.0,-30.0
1776885093.0091028,2.0,-2.0,-29.0
1776885093.0191028,5.0,-2.0,-35.0
1776885093.0291028,3.0,-5.0,-44.0
1776885093.0391028,2.0,-3.0,-44.0
1776885093.0491028,-2.0,-3.0,-43.0
1776885093.0591028,-3.0,-2.0,-46.0
1776885093.0691028,-5.0,-3.0,-50.0
1776885093.0791028,-8.0,0.0,-48.0
1776885093.0891027,-8.0,-2.0,-45.0
1776885093.0991027,-5.0,-3.0,-37.0
1776885093.1091027,-1.0,-7.0,-34.0
1776885093.1191027,-3.0,-5.0,-40.0
1776885093.1301026,0.0,-2.0,-39.0
1776885093.1391027,2.0,0.0,-39.0
1776885093.1501029,3.0,-2.0,-49.0
1776885093.1601028,3.0,-1.0,-55.0
1776885093.1701028,1.0,-3.0,-50.0
1776885093.1801028,3.0,-5.0,-45.0
1776885093.1901028,3.0,-7.0,-40.0
1776885093.2001028,2.0,-3.0,-38.0
1776885093.2101028,0.0,-1.0,-39.0
1776885093.2201028,-2.0,1.0,-45.0
1776885093.2301028,-1.0,0.0,-47.0
1776885093.2401028,2.0,1.0,-41.0
1776885093.2501028,2.0,0.0,-42.0
1776885093.2601027,-2.0,2.0,-47.0
1776885093.2701027,-3.0,2.0,-49.0
1776885093.2801027,-2.0,3.0,-55.0
1776885093.2901027,-1.0,0.0,-55.0
1776885093.3001027,1.0,2.0,-54.0
1776885093.3101027,2.0,-1.0,-52.0
1776885093.3201027,4.0,-4.0,-51.0
1776885093.3301027,4.0,-9.0,-52.0
1776885093.340103,4.0,-7.0,-46.0
1776885093.350103,2.0,-6.0,-49.0
1776885093.360103,0.0,-6.0,-48.0
1776885093.3701026,2.0,-7.0,-50.0
1776885093.3801026,2.0,-5.0,-52.0
1776885093.3901026,4.0,-7.0,-53.0
1776885093.4001029,6.0,-5.0,-57.0
1776885093.4101028,6.0,-1.0,-55.0
1776885093.4201028,-1.0,-2.0,-52.0
1776885093.4301028,-5.0,-4.0,-47.0
1776885093.4401028,-3.0,-4.0,-48.0
1776885093.4501028,0.0,-6.0,-51.0
1776885093.4601028,-1.0,-7.0,-58.0
1776885093.4701028,0.0,-9.0,-53.0
1776885093.4801028,-2.0,-7.0,-52.0
1776885093.4901028,-5.0,-5.0,-55.0
1776885093.5001028,-4.0,-2.0,-46.0
1776885093.5101027,-1.0,-3.0,-48.0
1776885093.5201027,5.0,-4.0,-47.0
1776885093.5301027,6.0,-4.0,-47.0
1776885093.5401027,3.0,-2.0,-40.0
1776885093.5501027,3.0,0.0,-38.0
1776885093.5601027,3.0,0.0,-39.0
1776885093.5701027,2.0,-3.0,-39.0
1776885093.5801027,0.0,-2.0,-45.0
1776885093.590103,-1.0,-1.0,-49.0
1776885093.600103,-3.0,-3.0,-45.0
1776885093.610103,-2.0,-3.0,-40.0
1776885093.6201026,0.0,0.0,-39.0
1776885093.6301026,0.0,2.0,-40.0
1776885093.6401026,-2.0,-1.0,-44.0
1776885093.6501029,-5.0,-1.0,-48.0
1776885093.6601028,0.0,-1.0,-48.0
1776885093.6701028,2.0,0.0,-46.0
1776885093.6801028,2.0,-1.0,-43.0
1776885093.6901028,0.0,0.0,-41.0
1776885093.7001028,0.0,-1.0,-43.0
1776885093.7101028,1.0,0.0,-48.0
1776885093.7201028,6.0,-1.0,-51.0
1776885093.7301028,5.0,-6.0,-52.0
1776885093.7401028,4.0,-5.0,-58.0
1776885093.7501028,2.0,-3.0,-51.0
1776885093.7601027,5.0,-4.0,-48.0
1776885093.7701027,3.0,-3.0,-50.0
1776885093.7801027,3.0,-2.0,-51.0
1776885093.7901027,3.0,-1.0,-54.0
1776885093.8001027,3.0,0.0,-60.0
1776885093.8101027,1.0,-1.0,-64.0
1776885093.8201027,-1.0,-6.0,-51.0
1776885093.8301027,2.0,-3.0,-42.0
1776885093.840103,3.0,-1.0,-43.0
1776885093.850103,2.0,-2.0,-42.0
1776885093.860103,4.0,-2.0,-42.0
1776885093.8701026,6.0,-5.0,-38.0
1776885093.8801026,9.0,-4.0,-43.0
1776885093.8901026,11.0,-4.0,-43.0
1776885093.9001029,9.0,-3.0,-37.0
1776885093.9101028,5.0,-4.0,-39.0
1776885093.9201028,8.0,-6.0,-47.0
1776885093.9301028,10.0,-7.0,-49.0
1776885093.9401028,9.0,-6.0,-49.0
1776885093.9501028,7.0,-6.0,-49.0
1776885093.9601028,6.0,-9.0,-49.0
1776885093.9701028,6.0,-9.0,-45.0
1776885093.9801028,2.0,-9.0,-49.0
1776885093.9901028,1.0,-8.0,-42.0
1776885094.0001028,5.0,-8.0,-35.0
1776885094.0101027,6.0,-7.0,-39.0
1776885094.0201027,9.0,-2.0,-37.0
1776885094.0301027,1.0,0.0,-43.0
1776885094.0401027,3.0,0.0,-38.0
1776885094.0501027,-1.0,-1.0,-35.0
1776885094.0601027,4.0,0.0,-40.0
1776885094.0701027,0.0,1.0,-42.0
1776885094.0801027,0.0,1.0,-42.0
1776885094.090103,0.0,3.0,-44.0
1776885094.100103,-5.0,2.0,-46.0
1776885094.110103,-5.0,1.0,-38.0
1776885094.1201026,-5.0,1.0,-36.0
1776885094.1301026,-8.0,-3.0,-40.0
1776885094.1401026,-6.0,-5.0,-41.0
1776885094.1501029,-3.0,-6.0,-45.0
1776885094.1601028,-2.0,-9.0,-48.0
1776885094.1701028,1.0,-8.0,-44.0
1776885094.1801028,1.0,-3.0,-45.0
1776885094.1901028,-3.0,0.0,-43.0
1776885094.2001028,-6.0,0.0,-42.0
1776885094.2101028,-4.0,0.0,-44.0
1776885094.2201028,-1.0,0.0,-48.0
1776885094.2301028,-1.0,0.0,-43.0
1776885094.2401028,0.0,0.0,-40.0
1776885094.2501028,1.0,-2.0,-46.0
1776885094.2601027,6.0,0.0,-44.0
1776885094.2701027,4.0,0.0,-44.0
1776885094.2801027,0.0,1.0,-46.0
1776885094.2901027,-2.0,0.0,-49.0
1776885094.3001027,-4.0,1.0,-50.0
1776885094.3101027,-5.0,3.0,-43.0
1776885094.3201027,-1.0,2.0,-45.0
1776885094.3301027,0.0,0.0,-54.0
1776885094.340103,-4.0,-4.0,-49.0
1776885094.350103,-3.0,-6.0,-45.0
1776885094.360103,-4.0,-6.0,-40.0
1776885094.3701026,0.0,-3.0,-43.0
1776885094.3801026,1.0,-8.0,-41.0
1776885094.3901026,0.0,-6.0,-46.0
1776885094.4001029,-3.0,-6.0,-42.0
1776885094.4101028,-5.0,-6.0,-39.0
1776885094.4201028,-3.0,-7.0,-42.0
1776885094.4301028,0.0,-8.0,-39.0
1776885094.4401028,0.0,-8.0,-41.0
1776885094.4501028,1.0,-8.0,-45.0
1776885094.4601028,0.0,-6.0,-46.0
1776885094.4701028,1.0,-4.0,-43.0
1776885094.4801028,2.0,-7.0,-41.0
1776885094.4901028,0.0,-8.0,-43.0
1776885094.5001028,-1.0,-7.0,-45.0
1776885094.5101027,-2.0,-9.0,-49.0
1776885094.5201027,-4.0,-2.0,-48.0
1776885094.5301027,0.0,0.0,-50.0
1776885094.5401027,-1.0,0.0,-45.0
1776885094.5501027,-1.0,-2.0,-43.0
1776885094.5601027,0.0,-3.0,-40.0
1776885094.5701027,-2.0,-3.0,-41.0
1776885094.5801027,-3.0,-6.0,-41.0
1776885094.590103,-1.0,-3.0,-38.0
1776885094.600103,-1.0,0.0,-42.0
1776885094.610103,4.0,3.0,-48.0
1776885094.6201026,3.0,4.0,-46.0
1776885094.6301026,5.0,6.0,-44.0
1776885094.6401026,4.0,3.0,-46.0
1776885094.6501029,4.0,4.0,-46.0
1776885094.6601028,2.0,3.0,-52.0
1776885094.6701028,0.0,2.0,-48.0
1776885094.6801028,0.0,-1.0,-43.0
1776885094.6901028,0.0,-3.0,-45.0
1776885094.7001028,1.0,-4.0,-42.0
1776885094.7101028,1.0,-6.0,-41.0
1776885094.7201028,9.0,-7.0,-47.0
1776885094.7301028,10.0,-8.0,-49.0
1776885094.7401028,13.0,-6.0,-54.0
1776885094.7501028,11.0,-7.0,-53.0
1776885094.7601027,13.0,-10.0,-42.0
1776885094.7701027,12.0,-4.0,-49.0
1776885094.7801027,2.0,-5.0,-44.0
1776885094.7901027,3.0,-7.0,-36.0
1776885094.8001027,2.0,-8.0,-29.0
1776885094.8101027,6.0,-7.0,-29.0
1776885094.8201027,2.0,-6.0,-37.0
1776885094.8301027,4.0,-4.0,-44.0
1776885094.840103,4.0,-3.0,-47.0
1776885094.850103,0.0,0.0,-42.0
1776885094.860103,-7.0,0.0,-45.0
1776885094.8701026,-8.0,-1.0,-49.0
1776885094.8801026,-7.0,-4.0,-50.0
1776885094.8901026,-5.0,-3.0,-49.0
1776885094.9001029,-4.0,-2.0,-46.0
1776885094.9101028,-4.0,-3.0,-43.0
1776885094.9201028,3.0,-3.0,-47.0
1776885094.9301028,2.0,0.0,-58.0
1776885094.9401028,-1.0,2.0,-52.0
1776885094.9501028,-1.0,2.0,-52.0
1776885094.9601028,-3.0,0.0,-51.0
1776885094.9701028,-3.0,3.0,-52.0
1776885094.9801028,0.0,4.0,-49.0
1776885094.9901028,2.0,5.0,-43.0
1776885095.0001028,5.0,-1.0,-37.0
1776885095.0101027,3.0,-1.0,-39.0
1776885095.0201027,5.0,2.0,-44.0
1776885095.0301027,5.0,-1.0,-49.0
1776885095.0401027,5.0,-1.0,-45.0
1776885095.0501027,3.0,-1.0,-42.0
1776885095.0601027,6.0,-2.0,-44.0
1776885095.0701027,4.0,-1.0,-50.0
1776885095.0811028,2.0,0.0,-45.0
1776885095.090103,0.0,-1.0,-51.0
1776885095.100103,0.0,-2.0,-57.0
1776885095.1111028,-1.0,-2.0,-57.0
1776885095.1211028,0.0,-2.0,-57.0
1776885095.1311028,1.0,-7.0,-50.0
1776885095.1411028,5.0,-4.0,-48.0
1776885095.1511028,7.0,-1.0,-46.0
1776885095.1611028,6.0,0.0,-42.0
1776885095.1711028,8.0,1.0,-46.0
1776885095.1811028,10.0,-1.0,-53.0
1776885095.1911027,5.0,-1.0,-53.0
1776885095.2011027,4.0,0.0,-49.0
1776885095.2111027,-2.0,0.0,-50.0
1776885095.2211027,3.0,-1.0,-52.0
1776885095.2311027,4.0,0.0,-53.0
1776885095.2411027,3.0,0.0,-48.0
1776885095.2511027,4.0,1.0,-42.0
1776885095.261103,2.0,1.0,-43.0
1776885095.271103,3.0,0.0,-50.0
1776885095.281103,0.0,0.0,-49.0
1776885095.2911026,-1.0,5.0,-44.0
1776885095.3011026,0.0,4.0,-40.0
1776885095.3111026,0.0,5.0,-40.0
1776885095.3211029,0.0,0.0,-38.0
1776885095.3311028,2.0,-2.0,-42.0
1776885095.3411028,0.0,-3.0,-46.0
1776885095.3511028,-1.0,-6.0,-45.0
1776885095.3611028,-3.0,-5.0,-45.0
1776885095.3711028,-1.0,-6.0,-48.0
1776885095.3811028,-4.0,-10.0,-50.0
1776885095.3911028,-1.0,-6.0,-50.0
1776885095.4011028,-1.0,-3.0,-51.0
1776885095.4111028,0.0,-8.0,-49.0
1776885095.4211028,0.0,-5.0,-51.0
1776885095.4311028,-1.0,-8.0,-47.0
1776885095.4411027,0.0,-8.0,-43.0
1776885095.4511027,0.0,-4.0,-37.0
1776885095.4611027,0.0,-4.0,-40.0
1776885095.4711027,0.0,-6.0,-40.0
1776885095.4811027,4.0,-6.0,-40.0
1776885095.4911027,3.0,-3.0,-44.0
1776885095.5011027,0.0,-3.0,-47.0
1776885095.511103,2.0,-7.0,-44.0
1776885095.521103,6.0,-5.0,-42.0
1776885095.531103,4.0,-2.0,-45.0
1776885095.5411026,0.0,0.0,-46.0
1776885095.5511026,-3.0,2.0,-49.0
1776885095.5611026,2.0,1.0,-49.0
1776885095.5711029,1.0,0.0,-44.0
1776885095.5811028,2.0,0.0,-36.0
1776885095.5911028,3.0,0.0,-41.0
1776885095.6011028,3.0,-4.0,-39.0
1776885095.6111028,5.0,-3.0,-37.0
1776885095.6211028,4.0,-4.0,-40.0
1776885095.6311028,0.0,-4.0,-49.0
1776885095.6411028,-5.0,-1.0,-49.0
1776885095.6511028,-4.0,3.0,-46.0
1776885095.6611028,2.0,3.0,-41.0
1776885095.6711028,2.0,4.0,-40.0
1776885095.6811028,0.0,2.0,-45.0
1776885095.6911027,0.0,-2.0,-46.0
1776885095.7011027,-1.0,-4.0,-47.0
1776885095.7111027,0.0,-2.0,-51.0
1776885095.7211027,3.0,2.0,-57.0
1776885095.7311027,2.0,0.0,-55.0
1776885095.7411027,0.0,2.0,-55.0
1776885095.7511027,0.0,0.0,-51.0
1776885095.761103,-3.0,-1.0,-51.0
1776885095.771103,-2.0,1.0,-43.0
1776885095.781103,2.0,0.0,-46.0
1776885095.7911026,5.0,0.0,-39.0
1776885095.8011026,6.0,-1.0,-43.0
1776885095.8111026,6.0,-1.0,-45.0
1776885095.8211029,6.0,-1.0,-38.0
1776885095.8311028,5.0,-3.0,-42.0
1776885095.8411028,8.0,-6.0,-42.0
1776885095.8511028,7.0,-2.0,-48.0
1776885095.8611028,4.0,0.0,-52.0
1776885095.8711028,5.0,-3.0,-52.0
1776885095.8811028,2.0,-7.0,-45.0
1776885095.8911028,2.0,-4.0,-39.0
1776885095.9011028,6.0,-1.0,-41.0
1776885095.9111028,5.0,-1.0,-41.0
1776885095.9211028,0.0,-2.0,-37.0
1776885095.9311028,0.0,-4.0,-39.0
1776885095.9411027,5.0,-5.0,-42.0
1776885095.9511027,3.0,-6.0,-44.0
1776885095.9611027,0.0,-6.0,-43.0
1776885095.9711027,2.0,-6.0,-52.0
1776885095.9811027,1.0,-2.0,-55.0
1776885095.9911027,0.0,-4.0,-46.0
1776885096.0011027,-2.0,-2.0,-47.0
1776885096.011103,-1.0,0.0,-50.0
1776885096.021103,-6.0,3.0,-55.0
1776885096.031103,0.0,5.0,-56.0
1776885096.0411026,2.0,8.0,-50.0
1776885096.0511026,7.0,7.0,-52.0
1776885096.0611026,4.0,4.0,-53.0
1776885096.0711029,7.0,3.0,-57.0
1776885096.0811028,5.0,5.0,-52.0
1776885096.0911028,0.0,5.0,-51.0
1776885096.1011028,-3.0,2.0,-53.0
1776885096.1111028,1.0,-1.0,-56.0
1776885096.1211028,0.0,-1.0,-53.0
1776885096.1311028,4.0,2.0,-58.0
1776885096.1411028,1.0,6.0,-56.0
1776885096.1511028,-1.0,4.0,-53.0
1776885096.1611028,-3.0,0.0,-48.0
1776885096.1711028,-5.0,0.0,-48.0
1776885096.1811028,0.0,-8.0,-46.0
1776885096.1911027,2.0,-11.0,-39.0
1776885096.2011027,5.0,-4.0,-40.0
1776885096.2111027,-2.0,-5.0,-39.0
1776885096.2211027,0.0,-4.0,-39.0
1776885096.2311027,0.0,0.0,-42.0
1776885096.2411027,-5.0,1.0,-41.0
1776885096.2511027,-1.0,-2.0,-40.0
1776885096.261103,2.0,-1.0,-38.0
1776885096.271103,3.0,1.0,-28.0
1776885096.281103,1.0,-1.0,-29.0
1776885096.2911026,-3.0,-2.0,-28.0
1776885096.3011026,-4.0,-4.0,-28.0
1776885096.3111026,-7.0,-2.0,-30.0
1776885096.3211029,-8.0,0.0,-33.0
1776885096.3311028,-1.0,0.0,-37.0
1776885096.3411028,-2.0,-5.0,-37.0
1776885096.3511028,0.0,-8.0,-39.0
1776885096.3611028,-3.0,-10.0,-40.0
1776885096.3711028,0.0,-4.0,-44.0
1776885096.3811028,1.0,0.0,-40.0
1776885096.3911028,2.0,2.0,-41.0
1776885096.4011028,0.0,0.0,-37.0
1776885096.4111028,4.0,0.0,-40.0
1776885096.4211028,1.0,1.0,-44.0
1776885096.4311028,-1.0,0.0,-45.0
1776885096.4411027,-3.0,2.0,-47.0
1776885096.4511027,-1.0,0.0,-47.0
1776885096.4611027,5.0,3.0,-46.0
1776885096.4711027,5.0,6.0,-50.0
1776885096.4811027,4.0,1.0,-50.0
1776885096.4911027,6.0,2.0,-47.0
1776885096.5011027,7.0,0.0,-43.0
1776885096.511103,5.0,0.0,-50.0
1776885096.521103,-3.0,-1.0,-47.0
1776885096.531103,-5.0,-1.0,-45.0
1776885096.5411026,-5.0,0.0,-55.0
1776885096.5511026,-4.0,0.0,-51.0
1776885096.5611026,-1.0,1.0,-54.0
1776885096.5711029,-2.0,0.0,-51.0
1776885096.5811028,-3.0,1.0,-49.0
1776885096.5911028,-2.0,4.0,-51.0
1776885096.6011028,0.0,2.0,-53.0
1776885096.6111028,0.0,1.0,-51.0
1776885096.6211028,3.0,0.0,-47.0
1776885096.6311028,2.0,0.0,-44.0
1776885096.6411028,0.0,1.0,-50.0
1776885096.6511028,-2.0,1.0,-52.0
1776885096.6611028,-3.0,2.0,-49.0
1776885096.6711028,-2.0,2.0,-48.0
1776885096.6811028,-1.0,1.0,-44.0
1776885096.6911027,0.0,3.0,-51.0
1776885096.7011027,1.0,-1.0,-50.0
1776885096.7111027,-2.0,0.0,-54.0
1776885096.7211027,-4.0,-3.0,-56.0
1776885096.7311027,-6.0,0.0,-50.0
1776885096.7411027,-2.0,0.0,-53.0
1776885096.7511027,-3.0,0.0,-50.0
1776885096.761103,1.0,0.0,-48.0
1776885096.771103,3.0,0.0,-47.0
1776885096.781103,4.0,-1.0,-53.0
1776885096.7911026,1.0,7.0,-54.0
1776885096.8011026,-1.0,5.0,-51.0
1776885096.8111026,1.0,-1.0,-44.0
1776885096.8211029,3.0,0.0,-41.0
1776885096.8311028,4.0,1.0,-43.0
1776885096.8411028,2.0,1.0,-39.0
1776885096.8511028,4.0,0.0,-39.0
1776885096.8611028,1.0,-1.0,-35.0
1776885096.8711028,0.0,0.0,-37.0
1776885096.8811028,-1.0,-1.0,-39.0
1776885096.8911028,-2.0,-2.0,-39.0
1776885096.9011028,-1.0,1.0,-44.0
1776885096.9111028,0.0,0.0,-44.0
1776885096.9211028,2.0,1.0,-40.0
1776885096.9311028,0.0,0.0,-44.0
1776885096.9411027,-4.0,0.0,-44.0
1776885096.9511027,-7.0,2.0,-45.0
1776885096.9611027,-6.0,2.0,-52.0
1776885096.9711027,-3.0,0.0,-55.0
1776885096.9811027,-2.0,0.0,-50.0
1776885096.9911027,1.0,0.0,-50.0
1776885097.0011027,-1.0,1.0,-46.0
1776885097.011103,0.0,3.0,-43.0
1776885097.021103,7.0,1.0,-40.0
1776885097.031103,7.0,2.0,-37.0
1776885097.0411026,7.0,1.0,-39.0
1776885097.0521028,5.0,0.0,-40.0
1776885097.0611026,2.0,0.0,-47.0
1776885097.0711029,3.0,-3.0,-41.0
1776885097.0811028,4.0,-3.0,-46.0
1776885097.0921028,7.0,-3.0,-53.0
1776885097.1021028,4.0,0.0,-55.0
1776885097.1121027,5.0,3.0,-56.0
1776885097.1221027,0.0,0.0,-56.0
1776885097.1321027,-1.0,-4.0,-43.0
1776885097.1421027,-1.0,-6.0,-46.0
1776885097.1521027,-6.0,-5.0,-53.0
1776885097.1621027,-9.0,-5.0,-51.0
1776885097.1721027,-7.0,-4.0,-51.0
1776885097.182103,-4.0,-4.0,-53.0
1776885097.192103,1.0,-2.0,-47.0
1776885097.202103,0.0,0.0,-46.0
1776885097.212103,-2.0,0.0,-47.0
1776885097.2221026,2.0,-3.0,-50.0
1776885097.2321026,5.0,0.0,-42.0
1776885097.2421026,4.0,-1.0,-45.0
1776885097.2521029,0.0,-5.0,-50.0
1776885097.2621028,-2.0,-4.0,-46.0
1776885097.2721028,-3.0,0.0,-43.0
1776885097.2821028,-3.0,2.0,-42.0
1776885097.2921028,-7.0,4.0,-43.0
1776885097.3021028,-7.0,1.0,-41.0
1776885097.3121028,-7.0,-2.0,-44.0
1776885097.3221028,-6.0,-2.0,-48.0
1776885097.3321028,-4.0,-3.0,-45.0
1776885097.3421028,0.0,-3.0,-44.0
1776885097.3521028,0.0,-3.0,-43.0
1776885097.3621027,0.0,-5.0,-39.0
1776885097.3721027,-1.0,-4.0,-41.0
1776885097.3821027,-1.0,-4.0,-45.0
1776885097.3921027,-6.0,-4.0,-41.0
1776885097.4021027,-6.0,-1.0,-41.0
1776885097.4121027,-4.0,0.0,-43.0
1776885097.4221027,-4.0,1.0,-45.0
1776885097.432103,-5.0,0.0,-47.0
1776885097.442103,0.0,0.0,-46.0
1776885097.452103,-4.0,0.0,-48.0
1776885097.462103,-3.0,0.0,-48.0
1776885097.4721026,-2.0,1.0,-57.0
1776885097.4821026,0.0,1.0,-56.0
1776885097.4921026,-2.0,0.0,-43.0
1776885097.5021029,-1.0,4.0,-47.0
1776885097.5121028,-3.0,6.0,-52.0
1776885097.5221028,-1.0,3.0,-43.0
1776885097.5321028,0.0,1.0,-48.0
1776885097.5421028,0.0,-1.0,-48.0
1776885097.5521028,-3.0,-4.0,-48.0
1776885097.5621028,-1.0,-4.0,-51.0
1776885097.5721028,-1.0,1.0,-51.0
1776885097.5821028,-7.0,1.0,-45.0
1776885097.5921028,-2.0,0.0,-46.0
1776885097.6021028,-3.0,0.0,-49.0
1776885097.6121027,-5.0,0.0,-51.0
1776885097.6221027,-5.0,2.0,-43.0
1776885097.6321027,1.0,6.0,-42.0
1776885097.6421027,8.0,3.0,-40.0
1776885097.6521027,13.0,0.0,-41.0
1776885097.6621027,9.0,0.0,-43.0
1776885097.6721027,8.0,-3.0,-42.0
1776885097.682103,6.0,-7.0,-42.0
1776885097.692103,6.0,-4.0,-47.0
1776885097.702103,5.0,-1.0,-44.0
1776885097.712103,7.0,0.0,-47.0
1776885097.7221026,4.0,-2.0,-45.0
1776885097.7321026,1.0,-4.0,-50.0
1776885097.7421026,4.0,-5.0,-50.0
1776885097.7521029,7.0,-2.0,-54.0
1776885097.7621028,6.0,-2.0,-51.0
1776885097.7721028,1.0,-5.0,-46.0
1776885097.7821028,1.0,-2.0,-45.0
1776885097.7921028,8.0,-4.0,-41.0
1776885097.8021028,5.0,-7.0,-40.0
1776885097.8121028,5.0,-9.0,-40.0
1776885097.8221028,3.0,-5.0,-47.0
1776885097.8321028,-1.0,-5.0,-45.0
1776885097.8421028,-5.0,-1.0,-44.0
1776885097.8521028,0.0,0.0,-45.0
1776885097.8621027,3.0,0.0,-46.0
1776885097.8721027,1.0,-4.0,-49.0
1776885097.8821027,-2.0,0.0,-46.0
1776885097.8921027,-3.0,0.0,-46.0
1776885097.9021027,-5.0,0.0,-50.0
1776885097.9121027,-5.0,-1.0,-54.0
1776885097.9221027,-7.0,2.0,-54.0
1776885097.932103,-6.0,1.0,-47.0
1776885097.942103,-7.0,1.0,-40.0
1776885097.952103,-6.0,2.0,-49.0
1776885097.962103,-1.0,1.0,-47.0
1776885097.9721026,-5.0,0.0,-51.0
1776885097.9821026,-5.0,-5.0,-49.0
1776885097.9921026,0.0,-8.0,-44.0
1776885098.0021029,1.0,-7.0,-44.0
1776885098.0121028,-1.0,-5.0,-45.0
1776885098.0221028,-2.0,-4.0,-38.0
1776885098.0321028,-2.0,-5.0,-37.0
1776885098.0421028,0.0,-2.0,-36.0
1776885098.0521028,0.0,-2.0,-35.0
1776885098.0621028,0.0,-1.0,-39.0
1776885098.0721028,0.0,1.0,-43.0
1776885098.0821028,-1.0,3.0,-50.0
1776885098.0921028,0.0,2.0,-53.0
1776885098.1021028,0.0,4.0,-53.0
1776885098.1121027,0.0,5.0,-52.0
1776885098.1221027,2.0,6.0,-54.0
1776885098.1321027,2.0,3.0,-52.0
1776885098.1421027,2.0,1.0,-40.0
1776885098.1521027,4.0,-3.0,-38.0
1776885098.1621027,2.0,-1.0,-38.0
1776885098.1721027,3.0,-3.0,-38.0
1776885098.182103,2.0,0.0,-44.0
1776885098.192103,2.0,1.0,-45.0
1776885098.202103,2.0,0.0,-44.0
1776885098.212103,0.0,1.0,-47.0
1776885098.2221026,0.0,0.0,-51.0
1776885098.2321026,0.0,-3.0,-49.0
1776885098.2421026,-1.0,-2.0,-49.0
1776885098.2521029,-2.0,-1.0,-46.0
1776885098.2621028,-4.0,1.0,-47.0
1776885098.2721028,-5.0,2.0,-50.0
1776885098.2821028,-5.0,2.0,-47.0
1776885098.2921028,-7.0,-1.0,-49.0
1776885098.3021028,0.0,0.0,-48.0
1776885098.3121028,1.0,0.0,-38.0
1776885098.3221028,3.0,-1.0,-30.0
1776885098.3321028,3.0,1.0,-27.0
1776885098.3421028,-3.0,0.0,-32.0
1776885098.3521028,-6.0,0.0,-36.0
1776885098.3621027,-5.0,-2.0,-39.0
1776885098.3721027,-4.0,-4.0,-40.0
1776885098.3821027,-5.0,-7.0,-42.0
1776885098.3921027,-4.0,-8.0,-43.0
1776885098.4021027,0.0,-4.0,-41.0
1776885098.4121027,-2.0,-3.0,-41.0
1776885098.4221027,-4.0,0.0,-44.0
1776885098.432103,-6.0,1.0,-49.0
1776885098.442103,-3.0,5.0,-48.0
1776885098.452103,-2.0,5.0,-49.0
1776885098.462103,-4.0,5.0,-54.0
1776885098.4721026,-3.0,3.0,-51.0
1776885098.4821026,-2.0,2.0,-51.0
1776885098.4921026,-5.0,0.0,-46.0
1776885098.5021029,-3.0,-6.0,-45.0
1776885098.5121028,1.0,-7.0,-44.0
1776885098.5221028,4.0,-7.0,-49.0
1776885098.5321028,3.0,-4.0,-50.0
1776885098.5421028,6.0,-5.0,-50.0
1776885098.5521028,6.0,-6.0,-43.0
1776885098.5621028,6.0,-3.0,-45.0
1776885098.5721028,5.0,-4.0,-49.0
1776885098.5821028,2.0,-4.0,-51.0
1776885098.5921028,1.0,-2.0,-56.0
1776885098.6021028,0.0,0.0,-56.0
1776885098.613103,1.0,2.0,-52.0
1776885098.6221027,0.0,4.0,-59.0
1776885098.6321027,0.0,6.0,-57.0
1776885098.6421027,4.0,4.0,-49.0
1776885098.6521027,6.0,-1.0,-39.0
1776885098.6621027,7.0,-2.0,-38.0
1776885098.6721027,6.0,-1.0,-34.0
1776885098.682103,1.0,-3.0,-38.0
1776885098.692103,-1.0,0.0,-37.0
1776885098.702103,1.0,0.0,-43.0
1776885098.712103,3.0,-1.0,-46.0
1776885098.7221026,3.0,0.0,-43.0
1776885098.7321026,2.0,-1.0,-47.0
1776885098.7421026,0.0,-5.0,-45.0
1776885098.7521029,0.0,-3.0,-49.0
1776885098.7621028,-3.0,-5.0,-42.0
1776885098.7721028,-5.0,0.0,-37.0
1776885098.7821028,-1.0,2.0,-47.0
1776885098.7921028,0.0,3.0,-51.0
1776885098.8021028,7.0,6.0,-48.0
1776885098.8121028,8.0,1.0,-43.0
1776885098.8221028,2.0,0.0,-41.0
1776885098.8321028,0.0,-1.0,-37.0
1776885098.8421028,0.0,0.0,-45.0
1776885098.8521028,0.0,1.0,-47.0
1776885098.8621027,0.0,2.0,-48.0
1776885098.8721027,0.0,1.0,-47.0
1776885098.8821027,-3.0,-3.0,-39.0
1776885098.8921027,-3.0,0.0,-36.0
1776885098.9021027,2.0,-3.0,-45.0
1776885098.9121027,6.0,-1.0,-46.0
1776885098.9221027,1.0,-2.0,-43.0
1776885098.932103,0.0,-1.0,-34.0
1776885098.942103,-1.0,-3.0,-40.0
1776885098.952103,-3.0,-7.0,-42.0
1776885098.962103,-3.0,-11.0,-41.0
1776885098.9721026,-7.0,-10.0,-41.0
1776885098.9821026,-7.0,-10.0,-41.0
1776885098.9921026,-4.0,-7.0,-35.0
1776885099.0021029,-1.0,-6.0,-35.0
1776885099.0121028,-2.0,-2.0,-44.0
1776885099.0221028,0.0,-3.0,-54.0
1776885099.0321028,0.0,-6.0,-58.0
1776885099.0421028,-1.0,-9.0,-60.0
1776885099.0531027,-4.0,-6.0,-55.0
1776885099.0631027,-4.0,-6.0,-58.0
1776885099.0731027,-3.0,-3.0,-59.0
1776885099.0831027,-3.0,-3.0,-56.0
1776885099.0931027,0.0,-2.0,-61.0
1776885099.1031027,-1.0,-6.0,-63.0
1776885099.113103,-3.0,-5.0,-56.0
1776885099.123103,-4.0,-5.0,-60.0
1776885099.133103,-3.0,-1.0,-56.0
1776885099.1431026,-6.0,-3.0,-59.0
1776885099.1531026,-3.0,-5.0,-52.0
1776885099.1631026,-4.0,-5.0,-52.0
1776885099.1731029,-6.0,-3.0,-45.0
1776885099.1831028,-3.0,-1.0,-43.0
1776885099.1931028,-3.0,1.0,-43.0
1776885099.2031028,5.0,0.0,-47.0
1776885099.2131028,3.0,1.0,-48.0
1776885099.2231028,4.0,-2.0,-47.0
1776885099.2331028,5.0,-6.0,-51.0
1776885099.2431028,7.0,-5.0,-51.0
1776885099.2531028,0.0,-5.0,-46.0
1776885099.2631028,0.0,-5.0,-44.0
1776885099.2731028,2.0,-7.0,-45.0
1776885099.2831028,2.0,-3.0,-50.0
1776885099.2931027,0.0,0.0,-47.0
1776885099.3031027,-1.0,0.0,-45.0
1776885099.3131027,-2.0,1.0,-51.0
1776885099.3231027,-6.0,0.0,-50.0
1776885099.3331027,-7.0,0.0,-44.0
1776885099.3431027,-3.0,3.0,-44.0
1776885099.3531027,-1.0,2.0,-44.0
1776885099.363103,0.0,2.0,-47.0
1776885099.373103,-1.0,0.0,-46.0
1776885099.383103,-7.0,-2.0,-43.0
1776885099.3931026,-8.0,-3.0,-45.0
1776885099.4031026,-6.0,-4.0,-48.0
1776885099.4131026,-8.0,-7.0,-56.0
1776885099.4231029,-8.0,-4.0,-62.0
1776885099.4331028,-4.0,-5.0,-59.0
1776885099.4431028,-4.0,-9.0,-53.0
1776885099.4531028,0.0,-10.0,-47.0
1776885099.4631028,-2.0,-9.0,-42.0
1776885099.4731028,-6.0,-3.0,-41.0
1776885099.4831028,-6.0,-3.0,-45.0
1776885099.4931028,-7.0,-2.0,-41.0
1776885099.5031028,-4.0,0.0,-38.0
1776885099.5131028,-3.0,-3.0,-40.0
1776885099.5231028,-2.0,-5.0,-46.0
1776885099.5331028,-1.0,-3.0,-54.0
1776885099.5431027,-5.0,-1.0,-53.0
1776885099.5531027,-2.0,-1.0,-50.0
1776885099.5631027,2.0,-2.0,-51.0
1776885099.5731027,0.0,-1.0,-50.0
1776885099.5831027,3.0,-2.0,-51.0
1776885099.5931027,0.0,-2.0,-52.0
1776885099.6031027,-2.0,-1.0,-49.0
1776885099.613103,0.0,2.0,-43.0
1776885099.623103,0.0,4.0,-42.0
1776885099.633103,-4.0,0.0,-39.0
1776885099.6431026,-7.0,4.0,-36.0
1776885099.6531026,-4.0,4.0,-41.0
1776885099.6631026,-3.0,0.0,-46.0
1776885099.6731029,3.0,0.0,-48.0
1776885099.6831028,3.0,-4.0,-49.0
1776885099.6931028,-2.0,-3.0,-51.0
1776885099.7031028,1.0,-3.0,-47.0
1776885099.7131028,4.0,-6.0,-41.0
1776885099.7231028,2.0,-1.0,-52.0
1776885099.7331028,3.0,0.0,-51.0
1776885099.7431028,5.0,0.0,-49.0
1776885099.7531028,5.0,-2.0,-46.0
1776885099.7631028,6.0,0.0,-49.0
1776885099.7731028,3.0,0.0,-45.0
1776885099.7831028,2.0,0.0,-46.0
1776885099.7931027,5.0,0.0,-47.0
1776885099.8031027,4.0,0.0,-43.0
1776885099.8131027,2.0,1.0,-37.0
1776885099.8231027,2.0,-3.0,-43.0
1776885099.8331027,-1.0,-1.0,-45.0
1776885099.8431027,-1.0,-2.0,-35.0
1776885099.8531027,-1.0,-1.0,-46.0
1776885099.863103,-2.0,-4.0,-47.0
1776885099.873103,-5.0,-6.0,-49.0
1776885099.883103,1.0,-9.0,-46.0
1776885099.8931026,0.0,-9.0,-52.0
1776885099.9031026,-1.0,-10.0,-54.0
1776885099.9131026,-1.0,-5.0,-56.0
1776885099.9231029,-4.0,-2.0,-60.0
1776885099.9331028,-1.0,-1.0,-59.0
1776885099.9431028,-3.0,1.0,-50.0
1776885099.9531028,-2.0,7.0,-54.0
1776885099.9631028,-3.0,8.0,-55.0
1776885099.9731028,-5.0,4.0,-52.0
1776885099.9831028,-6.0,4.0,-51.0
1776885099.9931028,-4.0,-3.0,-49.0
1776885100.0031028,1.0,-8.0,-48.0
1776885100.0131028,-1.0,-8.0,-50.0
1776885100.0231028,-3.0,-4.0,-46.0
1776885100.0331028,-8.0,-7.0,-47.0
1776885100.0431027,-5.0,-7.0,-42.0
1776885100.0531027,-7.0,-4.0,-40.0
1776885100.0631027,-6.0,1.0,-41.0
1776885100.0731027,-6.0,0.0,-38.0
1776885100.0831027,-3.0,-2.0,-43.0
1776885100.0931027,-5.0,-2.0,-44.0
1776885100.1031027,-6.0,-2.0,-44.0
1776885100.113103,-3.0,1.0,-39.0
1776885100.123103,-6.0,1.0,-41.0
1776885100.133103,-6.0,-1.0,-47.0
1776885100.1431026,-7.0,5.0,-48.0
1776885100.1531026,-7.0,3.0,-53.0
1776885100.1631026,-9.0,1.0,-59.0
1776885100.1731029,-7.0,0.0,-51.0
1776885100.1831028,-4.0,-3.0,-49.0
1776885100.1931028,-6.0,-4.0,-45.0
1776885100.2031028,-3.0,-5.0,-43.0
1776885100.2131028,0.0,-6.0,-50.0
1776885100.2231028,0.0,-3.0,-53.0
1776885100.2331028,-2.0,-5.0,-53.0
1776885100.2431028,-3.0,-3.0,-59.0
1776885100.2531028,-4.0,-5.0,-51.0
1776885100.2631028,-7.0,-3.0,-47.0
1776885100.2731028,0.0,-5.0,-51.0
1776885100.2831028,-2.0,-5.0,-50.0
1776885100.2931027,-7.0,-6.0,-46.0
1776885100.3031027,-5.0,-3.0,-48.0
1776885100.3131027,-4.0,-7.0,-50.0
1776885100.3231027,-2.0,-6.0,-52.0
1776885100.3331027,-1.0,-6.0,-48.0
1776885100.3431027,-4.0,-4.0,-51.0
1776885100.3531027,-1.0,-2.0,-54.0
1776885100.363103,0.0,0.0,-58.0
1776885100.373103,-2.0,2.0,-56.0
1776885100.383103,-3.0,0.0,-54.0
1776885100.3931026,0.0,1.0,-52.0
1776885100.4031026,0.0,3.0,-55.0
1776885100.4131026,0.0,0.0,-50.0
1776885100.4231029,2.0,3.0,-47.0
1776885100.4331028,6.0,0.0,-42.0
1776885100.4431028,6.0,0.0,-39.0
1776885100.4531028,3.0,0.0,-42.0
1776885100.4631028,2.0,3.0,-45.0
1776885100.4731028,-1.0,0.0,-40.0
1776885100.4831028,-5.0,-3.0,-41.0
1776885100.4931028,-5.0,-1.0,-43.0
1776885100.5031028,-4.0,1.0,-43.0
1776885100.5131028,-4.0,-1.0,-46.0
1776885100.5231028,1.0,0.0,-44.0
1776885100.5331028,8.0,3.0,-46.0
1776885100.5431027,8.0,2.0,-46.0
1776885100.5531027,8.0,4.0,-43.0
1776885100.5631027,7.0,4.0,-42.0
1776885100.5731027,8.0,4.0,-45.0
1776885100.5831027,3.0,4.0,-44.0
1776885100.5931027,0.0,1.0,-39.0
1776885100.6031027,-7.0,4.0,-43.0
1776885100.613103,-6.0,5.0,-46.0
1776885100.623103,-2.0,0.0,-47.0
1776885100.633103,2.0,1.0,-52.0
1776885100.6431026,0.0,-2.0,-50.0
1776885100.6531026,0.0,-5.0,-53.0
1776885100.6631026,3.0,-3.0,-52.0
1776885100.6731029,1.0,-8.0,-46.0
1776885100.6831028,1.0,-5.0,-44.0
1776885100.6931028,2.0,-4.0,-43.0
1776885100.7031028,0.0,-4.0,-44.0
1776885100.7131028,0.0,-5.0,-46.0
1776885100.7231028,0.0,-8.0,-44.0
1776885100.7331028,1.0,-5.0,-48.0
1776885100.7431028,0.0,-7.0,-46.0
1776885100.7531028,0.0,-5.0,-53.0
1776885100.7631028,0.0,-11.0,-55.0
1776885100.7731028,-4.0,-8.0,-59.0
1776885100.7831028,-6.0,-10.0,-59.0
1776885100.7931027,-8.0,-14.0,-54.0
1776885100.8031027,-7.0,-13.0,-46.0
1776885100.8131027,-5.0,-11.0,-43.0
1776885100.8231027,-3.0,-7.0,-46.0
1776885100.8331027,0.0,-2.0,-46.0
1776885100.8431027,3.0,2.0,-47.0
1776885100.8531027,0.0,2.0,-46.0
1776885100.863103,0.0,0.0,-44.0
1776885100.873103,3.0,0.0,-43.0
1776885100.883103,3.0,2.0,-49.0
1776885100.8931026,3.0,2.0,-46.0
1776885100.9031026,1.0,0.0,-43.0
1776885100.9131026,8.0,-2.0,-45.0
1776885100.9231029,5.0,1.0,-40.0
1776885100.9331028,10.0,5.0,-39.0
1776885100.9431028,8.0,2.0,-38.0
1776885100.9531028,5.0,2.0,-36.0
1776885100.9631028,3.0,0.0,-33.0
1776885100.9731028,0.0,-1.0,-40.0
1776885100.9831028,0.0,0.0,-42.0
1776885100.9941027,0.0,1.0,-39.0
1776885101.0041027,-3.0,-1.0,-41.0
1776885101.0131028,-1.0,-6.0,-48.0
1776885101.0241027,-3.0,-6.0,-49.0
1776885101.0331028,0.0,-7.0,-42.0
1776885101.044103,3.0,-3.0,-45.0
1776885101.054103,1.0,-3.0,-44.0
1776885101.0641026,0.0,-6.0,-40.0
1776885101.0741026,-2.0,-4.0,-39.0
1776885101.0841026,-4.0,-4.0,-48.0
1776885101.0941026,-3.0,-2.0,-44.0
1776885101.1041028,-9.0,-5.0,-42.0
1776885101.1141028,-12.0,-7.0,-48.0
1776885101.1241028,-7.0,-8.0,-47.0
1776885101.1341028,-3.0,-5.0,-43.0
1776885101.1441028,-6.0,-2.0,-44.0
1776885101.1541028,-3.0,-5.0,-45.0
1776885101.1641028,-1.0,-2.0,-43.0
1776885101.1741028,2.0,0.0,-47.0
1776885101.1841028,4.0,1.0,-50.0
1776885101.1941028,3.0,-2.0,-43.0
1776885101.2041028,4.0,-2.0,-39.0
1776885101.2141027,4.0,-1.0,-35.0
1776885101.2241027,4.0,-1.0,-37.0
1776885101.2341027,4.0,-2.0,-42.0
1776885101.2441027,2.0,-1.0,-40.0
1776885101.2541027,5.0,-3.0,-47.0
1776885101.2641027,4.0,-3.0,-36.0
1776885101.2741027,0.0,-3.0,-35.0
1776885101.284103,0.0,-3.0,-38.0
1776885101.294103,0.0,-3.0,-42.0
1776885101.304103,3.0,-3.0,-46.0
1776885101.3141026,4.0,-5.0,-46.0
1776885101.3241026,3.0,-4.0,-43.0
1776885101.3341026,3.0,-2.0,-48.0
1776885101.3441026,2.0,-1.0,-53.0
1776885101.3541028,2.0,-2.0,-50.0
1776885101.3641028,6.0,-3.0,-49.0
1776885101.3741028,4.0,0.0,-49.0
1776885101.3841028,1.0,-3.0,-45.0
1776885101.3941028,4.0,-3.0,-43.0
1776885101.4041028,3.0,-1.0,-38.0
1776885101.4141028,2.0,2.0,-32.0
1776885101.4241028,1.0,3.0,-36.0
1776885101.4341028,-1.0,3.0,-47.0
1776885101.4441028,-2.0,3.0,-48.0
1776885101.4541028,-4.0,4.0,-55.0
1776885101.4641027,-1.0,1.0,-56.0
1776885101.4741027,0.0,2.0,-47.0
1776885101.4841027,4.0,2.0,-47.0
1776885101.4941027,3.0,1.0,-51.0
1776885101.5041027,0.0,1.0,-46.0
1776885101.5141027,1.0,3.0,-50.0
1776885101.5241027,2.0,0.0,-52.0
1776885101.534103,6.0,0.0,-47.0
1776885101.544103,1.0,-2.0,-48.0
1776885101.554103,2.0,0.0,-47.0
1776885101.5641026,-5.0,-2.0,-45.0
1776885101.5741026,-7.0,-5.0,-34.0
1776885101.5841026,-9.0,-3.0,-41.0
1776885101.5941026,-3.0,0.0,-43.0
1776885101.6041028,0.0,6.0,-47.0
1776885101.6141028,0.0,8.0,-47.0
1776885101.6241028,-2.0,6.0,-48.0
1776885101.6341028,-3.0,4.0,-49.0
1776885101.6441028,0.0,2.0,-51.0
1776885101.6541028,0.0,1.0,-51.0
1776885101.6641028,0.0,-1.0,-55.0
1776885101.6741028,2.0,-5.0,-48.0
1776885101.6841028,1.0,-4.0,-41.0
1776885101.6941028,-1.0,-3.0,-36.0
1776885101.7041028,-2.0,2.0,-32.0
1776885101.7141027,-4.0,4.0,-33.0
1776885101.7241027,-6.0,1.0,-35.0
1776885101.7341027,0.0,1.0,-38.0
1776885101.7441027,-3.0,0.0,-37.0
1776885101.7541027,-3.0,0.0,-36.0
1776885101.7641027,0.0,-1.0,-42.0
1776885101.7741027,3.0,0.0,-44.0
1776885101.784103,7.0,-3.0,-46.0
1776885101.794103,2.0,-3.0,-40.0
1776885101.804103,1.0,-3.0,-42.0
1776885101.8141026,0.0,-2.0,-36.0
1776885101.8241026,0.0,-2.0,-33.0
1776885101.8341026,4.0,-1.0,-34.0
1776885101.8441026,3.0,-1.0,-36.0
1776885101.8541028,3.0,-3.0,-42.0
1776885101.8641028,0.0,-5.0,-40.0
1776885101.8741028,0.0,-10.0,-35.0
1776885101.8841028,1.0,-7.0,-41.0
1776885101.8941028,3.0,-6.0,-49.0
1776885101.9041028,4.0,-8.0,-45.0
1776885101.9141028,5.0,-9.0,-45.0
1776885101.9241028,0.0,-12.0,-42.0
1776885101.9341028,0.0,-3.0,-42.0
1776885101.9441028,3.0,-1.0,-43.0
1776885101.9541028,3.0,-5.0,-48.0
1776885101.9641027,3.0,-4.0,-51.0
1776885101.9741027,4.0,0.0,-48.0
1776885101.9841027,3.0,0.0,-45.0
1776885101.9941027,7.0,-2.0,-44.0
1776885102.0041027,5.0,-2.0,-42.0
1776885102.0141027,6.0,-1.0,-39.0
1776885102.0241027,8.0,2.0,-44.0
1776885102.034103,1.0,4.0,-48.0
1776885102.044103,2.0,0.0,-50.0
1776885102.054103,1.0,1.0,-44.0
1776885102.0641026,2.0,-1.0,-40.0
1776885102.0741026,4.0,-2.0,-41.0
1776885102.0841026,4.0,-1.0,-41.0
1776885102.0941026,3.0,-1.0,-43.0
1776885102.1041028,6.0,3.0,-40.0
1776885102.1141028,7.0,5.0,-41.0
1776885102.1241028,3.0,2.0,-45.0
1776885102.1341028,3.0,-1.0,-45.0
1776885102.1441028,0.0,-2.0,-44.0
1776885102.1541028,-1.0,-2.0,-40.0
1776885102.1641028,0.0,0.0,-37.0
1776885102.1741028,0.0,1.0,-40.0
1776885102.1841028,-1.0,2.0,-46.0
1776885102.1941028,-1.0,-1.0,-44.0
1776885102.2041028,0.0,-3.0,-41.0
1776885102.2141027,-1.0,-6.0,-38.0
1776885102.2241027,0.0,-6.0,-40.0
1776885102.2341027,0.0,-6.0,-41.0
1776885102.2441027,1.0,1.0,-40.0
1776885102.2541027,0.0,1.0,-46.0
1776885102.2641027,0.0,4.0,-46.0
1776885102.2741027,-2.0,4.0,-45.0
1776885102.284103,0.0,1.0,-51.0
1776885102.294103,2.0,-2.0,-51.0
1776885102.304103,3.0,-2.0,-54.0
1776885102.3141026,2.0,-2.0,-53.0
1776885102.3241026,-1.0,-2.0,-49.0
1776885102.3341026,0.0,-3.0,-52.0
1776885102.3441026,0.0,-2.0,-52.0
1776885102.3541028,-2.0,-5.0,-53.0
1776885102.3641028,1.0,-4.0,-56.0
1776885102.3741028,1.0,-3.0,-56.0
1776885102.3841028,5.0,-3.0,-50.0
1776885102.3941028,0.0,-5.0,-49.0
1776885102.4041028,-1.0,-2.0,-50.0
1776885102.4141028,-2.0,-2.0,-51.0
1776885102.4241028,-3.0,-4.0,-51.0
1776885102.4341028,-3.0,-8.0,-55.0
1776885102.4441028,-3.0,-5.0,-51.0
1776885102.4541028,-4.0,-6.0,-50.0
1776885102.4641027,0.0,-7.0,-48.0
1776885102.4741027,-1.0,-8.0,-48.0
1776885102.4841027,-2.0,-4.0,-40.0
1776885102.4941027,-7.0,-2.0,-44.0
1776885102.5041027,-3.0,-1.0,-41.0
1776885102.5141027,-3.0,-2.0,-40.0
1776885102.5241027,0.0,-1.0,-36.0
1776885102.534103,2.0,-3.0,-45.0
1776885102.544103,3.0,-9.0,-46.0
1776885102.554103,0.0,-8.0,-39.0
1776885102.5641026,-3.0,-6.0,-41.0
1776885102.5741026,-6.0,-4.0,-35.0
1776885102.5841026,-5.0,-2.0,-45.0
1776885102.5941026,-3.0,-5.0,-46.0
1776885102.6041028,3.0,-4.0,-56.0
1776885102.6141028,2.0,-6.0,-51.0
1776885102.6241028,4.0,-4.0,-43.0
1776885102.6341028,4.0,-10.0,-48.0
1776885102.6441028,4.0,-10.0,-49.0
1776885102.6541028,3.0,-10.0,-43.0
1776885102.6641028,0.0,-14.0,-43.0
1776885102.6741028,3.0,-17.0,-47.0
1776885102.6841028,7.0,-15.0,-48.0
1776885102.6941028,12.0,-12.0,-46.0
1776885102.7041028,9.0,-8.0,-54.0
1776885102.7141027,7.0,-5.0,-51.0
1776885102.7241027,12.0,0.0,-51.0
1776885102.7341027,6.0,3.0,-46.0
1776885102.7441027,1.0,0.0,-45.0
1776885102.7541027,4.0,-4.0,-45.0
1776885102.7641027,0.0,-2.0,-46.0
1776885102.7741027,-2.0,0.0,-49.0
1776885102.784103,2.0,3.0,-44.0
1776885102.794103,5.0,0.0,-43.0
1776885102.804103,0.0,0.0,-45.0
1776885102.8141026,-1.0,-2.0,-42.0
1776885102.8241026,-1.0,-5.0,-41.0
1776885102.8341026,-3.0,-5.0,-40.0
1776885102.8441026,0.0,-10.0,-42.0
1776885102.8541028,2.0,-7.0,-51.0
1776885102.8641028,-1.0,-10.0,-51.0
1776885102.8741028,-3.0,-8.0,-45.0
1776885102.8841028,-4.0,-3.0,-36.0
1776885102.8941028,-3.0,0.0,-31.0
1776885102.9041028,-1.0,1.0,-36.0
1776885102.9141028,-3.0,3.0,-45.0
1776885102.9241028,-1.0,-1.0,-50.0
1776885102.9341028,0.0,2.0,-58.0
1776885102.9441028,5.0,4.0,-54.0
1776885102.9541028,-1.0,2.0,-51.0
1776885102.9641027,-3.0,-2.0,-47.0
1776885102.9741027,-6.0,1.0,-46.0
1776885102.985103,-2.0,5.0,-51.0
1776885102.9941027,-2.0,2.0,-36.0
1776885103.0051026,1.0,6.0,-32.0
1776885103.0151026,3.0,8.0,-35.0
1776885103.0251029,3.0,9.0,-37.0
1776885103.0351028,3.0,5.0,-42.0
1776885103.0451028,-3.0,2.0,-39.0
1776885103.0551028,-4.0,1.0,-41.0
1776885103.0651028,-3.0,4.0,-39.0
1776885103.0751028,-7.0,2.0,-42.0
1776885103.0851028,-7.0,-2.0,-38.0
1776885103.0951028,-4.0,-3.0,-38.0
1776885103.1051028,-3.0,-3.0,-39.0
1776885103.1151028,0.0,0.0,-44.0
1776885103.1251028,1.0,-7.0,-47.0
1776885103.1351027,5.0,-6.0,-44.0
1776885103.1451027,6.0,-6.0,-41.0
1776885103.1551027,9.0,-3.0,-42.0
1776885103.1651027,9.0,-3.0,-40.0
1776885103.1751027,7.0,0.0,-39.0
1776885103.1851027,8.0,0.0,-42.0
1776885103.1951027,3.0,-2.0,-40.0
1776885103.2051027,4.0,-2.0,-34.0
1776885103.215103,2.0,0.0,-35.0
1776885103.225103,0.0,-3.0,-38.0
1776885103.235103,-1.0,-8.0,-40.0
1776885103.2451026,0.0,-6.0,-48.0
1776885103.2551026,0.0,-4.0,-49.0
1776885103.2651026,0.0,-1.0,-43.0
1776885103.2751029,4.0,-4.0,-41.0
1776885103.2851028,3.0,-8.0,-39.0
1776885103.2951028,1.0,-7.0,-48.0
1776885103.3051028,3.0,-10.0,-49.0
1776885103.3151028,6.0,-10.0,-46.0
1776885103.3251028,7.0,-8.0,-51.0
1776885103.3351028,9.0,-4.0,-44.0
1776885103.3451028,7.0,-2.0,-38.0
1776885103.3551028,4.0,2.0,-38.0
1776885103.3651028,3.0,7.0,-42.0
1776885103.3751028,2.0,4.0,-42.0
1776885103.3851027,5.0,2.0,-35.0
1776885103.3951027,0.0,1.0,-33.0
1776885103.4051027,-3.0,0.0,-42.0
1776885103.4151027,-6.0,-2.0,-40.0
1776885103.4251027,-2.0,0.0,-41.0
1776885103.4351027,2.0,-4.0,-41.0
1776885103.4451027,2.0,-8.0,-41.0
1776885103.4551027,-5.0,-6.0,-38.0
1776885103.465103,-1.0,0.0,-43.0
1776885103.475103,0.0,-1.0,-48.0
1776885103.485103,-2.0,-2.0,-51.0
1776885103.4951026,-2.0,0.0,-49.0
1776885103.5051026,-1.0,-2.0,-50.0
1776885103.5151026,2.0,0.0,-48.0
1776885103.5251029,4.0,0.0,-49.0
1776885103.5351028,6.0,0.0,-43.0
1776885103.5451028,4.0,0.0,-44.0
1776885103.5551028,3.0,0.0,-45.0
1776885103.5651028,-4.0,0.0,-37.0
1776885103.5751028,-5.0,-1.0,-45.0
1776885103.5851028,-2.0,1.0,-48.0
1776885103.5951028,0.0,0.0,-58.0
1776885103.6051028,0.0,3.0,-51.0
1776885103.6151028,4.0,1.0,-48.0
1776885103.6251028,5.0,0.0,-48.0
1776885103.6351027,5.0,6.0,-42.0
1776885103.6451027,0.0,8.0,-47.0
1776885103.6551027,2.0,8.0,-44.0
1776885103.6651027,-3.0,6.0,-48.0
1776885103.6751027,-3.0,3.0,-49.0
1776885103.6851027,-2.0,0.0,-50.0
1776885103.6951027,0.0,2.0,-49.0
1776885103.7051027,-3.0,0.0,-47.0
1776885103.715103,-4.0,-2.0,-46.0
1776885103.725103,-6.0,2.0,-44.0
1776885103.735103,-7.0,1.0,-47.0
1776885103.7451026,-4.0,0.0,-44.0
1776885103.7551026,-5.0,-4.0,-42.0
1776885103.7651026,-2.0,-3.0,-44.0
1776885103.7751029,3.0,-3.0,-47.0
1776885103.7851028,2.0,-5.0,-48.0
1776885103.7951028,2.0,-11.0,-50.0
1776885103.8051028,2.0,-4.0,-53.0
1776885103.8151028,0.0,-1.0,-50.0
1776885103.8251028,0.0,0.0,-45.0
1776885103.8351028,4.0,0.0,-46.0
1776885103.8451028,2.0,0.0,-47.0
1776885103.8551028,0.0,-2.0,-35.0
1776885103.8651028,-5.0,-5.0,-38.0
1776885103.8751028,0.0,-9.0,-37.0
1776885103.8851027,1.0,-6.0,-42.0
1776885103.8951027,1.0,-6.0,-51.0
1776885103.9051027,-1.0,-5.0,-49.0
1776885103.9151027,0.0,-2.0,-44.0
1776885103.9251027,4.0,-3.0,-38.0
1776885103.9351027,2.0,-4.0,-36.0
1776885103.9451027,3.0,-4.0,-33.0
1776885103.9551027,3.0,-3.0,-36.0
1776885103.965103,6.0,-2.0,-39.0
1776885103.975103,8.0,-1.0,-31.0
1776885103.985103,5.0,-2.0,-36.0
1776885103.9951026,4.0,-3.0,-44.0
1776885104.0051026,1.0,-2.0,-49.0
1776885104.0151026,-4.0,-6.0,-46.0
1776885104.0251029,-7.0,-3.0,-43.0
1776885104.0351028,-1.0,0.0,-44.0
1776885104.0451028,1.0,3.0,-38.0
1776885104.0551028,-1.0,1.0,-43.0
1776885104.0651028,1.0,-1.0,-46.0
1776885104.0751028,2.0,-1.0,-49.0
1776885104.0851028,0.0,0.0,-43.0
1776885104.0951028,2.0,0.0,-36.0
1776885104.1051028,0.0,2.0,-35.0
1776885104.1151028,1.0,6.0,-36.0
1776885104.1251028,0.0,0.0,-38.0
1776885104.1351027,5.0,0.0,-35.0
1776885104.1451027,3.0,0.0,-33.0
1776885104.1551027,1.0,2.0,-33.0
1776885104.1651027,0.0,1.0,-37.0
1776885104.1751027,5.0,-1.0,-45.0
1776885104.1851027,2.0,-3.0,-45.0
1776885104.1951027,0.0,0.0,-43.0
1776885104.2051027,2.0,0.0,-46.0
1776885104.215103,1.0,-3.0,-48.0
1776885104.225103,2.0,-4.0,-47.0
1776885104.235103,1.0,-1.0,-42.0
1776885104.2451026,-1.0,0.0,-45.0
1776885104.2551026,0.0,-5.0,-43.0
1776885104.2651026,2.0,-7.0,-44.0
1776885104.2751029,1.0,-6.0,-38.0
1776885104.2851028,1.0,-3.0,-38.0
1776885104.2951028,-2.0,-4.0,-37.0
1776885104.3051028,0.0,-4.0,-42.0
1776885104.3151028,1.0,-4.0,-40.0
1776885104.3251028,-4.0,-5.0,-42.0
1776885104.3351028,-5.0,-6.0,-46.0
1776885104.3451028,-6.0,-8.0,-50.0
1776885104.3551028,-4.0,-8.0,-48.0
1776885104.3651028,-1.0,-5.0,-47.0
1776885104.3751028,-2.0,-8.0,-57.0
1776885104.3851027,-4.0,-6.0,-57.0
1776885104.3951027,-2.0,-6.0,-47.0
1776885104.4051027,-1.0,-4.0,-46.0
1776885104.4151027,0.0,-3.0,-47.0
1776885104.4251027,-4.0,-2.0,-45.0
1776885104.4351027,-3.0,0.0,-42.0
1776885104.4451027,-1.0,-1.0,-44.0
1776885104.4551027,6.0,-5.0,-44.0
1776885104.465103,3.0,-12.0,-47.0
1776885104.475103,-2.0,-5.0,-50.0
1776885104.485103,-2.0,-3.0,-48.0
1776885104.4951026,-1.0,-2.0,-43.0
1776885104.5051026,2.0,-1.0,-40.0
1776885104.5151026,1.0,-1.0,-44.0
1776885104.5251029,2.0,-7.0,-45.0
1776885104.5351028,3.0,-6.0,-50.0
1776885104.5451028,0.0,-8.0,-50.0
1776885104.5551028,0.0,-4.0,-45.0
1776885104.5651028,-2.0,-1.0,-47.0
1776885104.5751028,-3.0,0.0,-46.0
1776885104.5851028,1.0,1.0,-46.0
1776885104.5951028,0.0,-2.0,-48.0
1776885104.6051028,-3.0,-2.0,-46.0
1776885104.6151028,-3.0,-3.0,-42.0
1776885104.6251028,-2.0,-5.0,-41.0
1776885104.6351027,-2.0,-4.0,-44.0
1776885104.6451027,1.0,0.0,-41.0
1776885104.6551027,2.0,-1.0,-47.0
1776885104.6651027,7.0,0.0,-49.0
1776885104.6751027,6.0,1.0,-51.0
1776885104.6851027,5.0,2.0,-51.0
1776885104.6951027,1.0,0.0,-52.0
1776885104.7051027,1.0,1.0,-55.0
1776885104.715103,2.0,0.0,-56.0
1776885104.725103,0.0,-1.0,-58.0
1776885104.735103,-1.0,1.0,-53.0
1776885104.7451026,-4.0,4.0,-48.0
1776885104.7551026,-4.0,-1.0,-44.0
1776885104.7651026,-1.0,1.0,-40.0
1776885104.7751029,2.0,3.0,-37.0
1776885104.7851028,2.0,3.0,-48.0
1776885104.7951028,7.0,3.0,-54.0
1776885104.8051028,3.0,1.0,-49.0
1776885104.8151028,4.0,0.0,-47.0
1776885104.8251028,3.0,-6.0,-44.0
1776885104.8351028,3.0,-6.0,-43.0
1776885104.8451028,3.0,-3.0,-44.0
1776885104.8551028,2.0,-1.0,-40.0
1776885104.8651028,0.0,-1.0,-53.0
1776885104.8751028,-1.0,-1.0,-58.0
1776885104.8851027,0.0,-1.0,-53.0
1776885104.8951027,4.0,-6.0,-50.0
1776885104.9051027,6.0,-8.0,-51.0
1776885104.9151027,0.0,-3.0,-51.0
1776885104.9251027,1.0,0.0,-49.0
1776885104.9351027,6.0,2.0,-44.0
1776885104.9451027,5.0,6.0,-43.0
1776885104.9551027,9.0,2.0,-43.0
1776885104.965103,6.0,3.0,-43.0
1776885104.9761028,9.0,1.0,-41.0
1776885104.9861028,8.0,0.0,-43.0
1776885104.9961028,4.0,2.0,-43.0
1776885105.0061028,2.0,1.0,-44.0
1776885105.0161028,3.0,0.0,-46.0
1776885105.0261028,4.0,0.0,-46.0
1776885105.0361028,2.0,0.0,-43.0
1776885105.0461028,2.0,-2.0,-36.0
1776885105.0561028,3.0,-5.0,-40.0
1776885105.0661027,-1.0,-1.0,-44.0
1776885105.0761027,0.0,0.0,-48.0
1776885105.0861027,2.0,-2.0,-45.0
1776885105.0961027,1.0,0.0,-42.0
1776885105.1061027,9.0,0.0,-43.0
1776885105.1161027,8.0,-3.0,-44.0
1776885105.1261027,5.0,-4.0,-44.0
1776885105.136103,4.0,-5.0,-40.0
1776885105.146103,-1.0,-4.0,-42.0
1776885105.156103,-2.0,-6.0,-44.0
1776885105.1661026,0.0,-6.0,-42.0
1776885105.1761026,0.0,-4.0,-48.0
1776885105.1861026,-3.0,-4.0,-36.0
1776885105.1961029,0.0,-4.0,-49.0
1776885105.2061028,-4.0,-5.0,-53.0
1776885105.2161028,0.0,-2.0,-49.0
1776885105.2271028,3.0,0.0,-46.0
1776885105.2361028,3.0,-2.0,-45.0
1776885105.2461028,2.0,-1.0,-43.0
1776885105.2561028,0.0,-4.0,-50.0
1776885105.2661028,0.0,-2.0,-55.0
1776885105.2761028,0.0,-4.0,-46.0
1776885105.2861028,-1.0,-4.0,-44.0
1776885105.2961028,0.0,-6.0,-48.0
1776885105.3061028,-3.0,-8.0,-55.0
1776885105.3161027,-2.0,-3.0,-46.0
1776885105.3261027,-2.0,0.0,-52.0
1776885105.3361027,0.0,2.0,-52.0
1776885105.3461027,-3.0,1.0,-49.0
1776885105.3561027,-4.0,-1.0,-47.0
1776885105.3661027,-6.0,-6.0,-47.0
1776885105.3761027,-3.0,-6.0,-41.0
1776885105.386103,-3.0,-6.0,-40.0
1776885105.396103,-3.0,-8.0,-41.0
1776885105.406103,-4.0,-8.0,-41.0
1776885105.4161026,0.0,-6.0,-47.0
1776885105.4261026,2.0,-5.0,-51.0
1776885105.4361026,-1.0,-4.0,-64.0
1776885105.4461029,0.0,-7.0,-60.0
1776885105.4561028,1.0,-3.0,-61.0
1776885105.4661028,1.0,-4.0,-54.0
1776885105.4761028,0.0,-2.0,-53.0
1776885105.4861028,1.0,0.0,-53.0
1776885105.4961028,3.0,0.0,-53.0
1776885105.5061028,5.0,0.0,-48.0
1776885105.5161028,4.0,-4.0,-47.0
1776885105.5261028,3.0,-3.0,-44.0
1776885105.5361028,-2.0,-3.0,-44.0
1776885105.5461028,-4.0,-3.0,-37.0
1776885105.5561028,-4.0,-4.0,-34.0
1776885105.5661027,-4.0,-2.0,-39.0
1776885105.5761027,-2.0,-3.0,-41.0
1776885105.5861027,-3.0,-3.0,-43.0
1776885105.5961027,-1.0,0.0,-41.0
1776885105.6061027,-1.0,2.0,-37.0
1776885105.6161027,-2.0,2.0,-42.0
1776885105.6261027,-1.0,4.0,-40.0
1776885105.636103,0.0,1.0,-37.0
1776885105.646103,-2.0,-2.0,-35.0
1776885105.656103,1.0,-1.0,-34.0
1776885105.6661026,-2.0,1.0,-36.0
1776885105.6761026,0.0,2.0,-36.0
1776885105.6861026,0.0,3.0,-40.0
1776885105.6961029,-3.0,2.0,-40.0
1776885105.7061028,-4.0,0.0,-44.0
1776885105.7161028,-1.0,0.0,-46.0
1776885105.7261028,-2.0,2.0,-46.0
1776885105.7361028,0.0,1.0,-47.0
1776885105.7461028,-2.0,1.0,-53.0
1776885105.7561028,0.0,3.0,-49.0
1776885105.7661028,0.0,1.0,-50.0
1776885105.7761028,-1.0,2.0,-51.0
1776885105.7861028,-3.0,-4.0,-48.0
1776885105.7961028,-6.0,-2.0,-42.0
1776885105.8061028,-2.0,-2.0,-39.0
1776885105.8161027,0.0,-7.0,-41.0
1776885105.8261027,2.0,-5.0,-45.0
1776885105.8361027,1.0,-4.0,-51.0
1776885105.8461027,2.0,-7.0,-54.0
1776885105.8561027,0.0,-5.0,-54.0
1776885105.8661027,0.0,-8.0,-53.0
1776885105.8761027,-3.0,-5.0,-47.0
1776885105.886103,-5.0,-8.0,-41.0
1776885105.896103,-1.0,-9.0,-45.0
1776885105.906103,0.0,-14.0,-48.0
1776885105.9161026,-1.0,-11.0,-51.0
1776885105.9261026,0.0,-10.0,-48.0
1776885105.9361026,1.0,-11.0,-46.0
1776885105.9461029,1.0,-8.0,-40.0
1776885105.9561028,3.0,-7.0,-46.0
1776885105.9661028,2.0,-6.0,-47.0
1776885105.9761028,0.0,-5.0,-52.0
1776885105.9861028,0.0,-3.0,-48.0
1776885105.9961028,4.0,-4.0,-45.0
1776885106.0061028,3.0,-2.0,-46.0
1776885106.0161028,0.0,0.0,-52.0
1776885106.0261028,-1.0,1.0,-51.0
1776885106.0361028,-1.0,0.0,-51.0
1776885106.0461028,0.0,-5.0,-53.0
1776885106.0561028,0.0,-6.0,-49.0
1776885106.0661027,0.0,-6.0,-46.0
1776885106.0761027,5.0,-7.0,-43.0
1776885106.0861027,7.0,-6.0,-43.0
1776885106.0961027,5.0,-2.0,-44.0
1776885106.1061027,5.0,-2.0,-40.0
1776885106.1161027,0.0,-2.0,-44.0
1776885106.1261027,2.0,-3.0,-41.0
1776885106.136103,0.0,-2.0,-35.0
1776885106.146103,1.0,-4.0,-40.0
1776885106.156103,-3.0,-3.0,-40.0
1776885106.1661026,-3.0,-3.0,-38.0
1776885106.1761026,-5.0,2.0,-40.0
1776885106.1861026,-3.0,3.0,-42.0
1776885106.1961029,-5.0,2.0,-49.0
1776885106.2061028,-6.0,0.0,-49.0
1776885106.2161028,-5.0,0.0,-44.0
1776885106.2261028,0.0,0.0,-45.0
1776885106.2361028,3.0,-3.0,-48.0
1776885106.2461028,4.0,-3.0,-43.0
1776885106.2561028,1.0,-2.0,-45.0
1776885106.2661028,6.0,-3.0,-47.0
1776885106.2761028,1.0,-3.0,-49.0
1776885106.2861028,-1.0,1.0,-47.0
1776885106.2961028,4.0,2.0,-48.0
1776885106.3061028,1.0,-2.0,-47.0
1776885106.3161027,0.0,2.0,-43.0
1776885106.3261027,-3.0,2.0,-39.0
1776885106.3361027,0.0,-1.0,-37.0
1776885106.3461027,-1.0,0.0,-37.0
1776885106.3561027,1.0,-3.0,-38.0
1776885106.3661027,-1.0,-2.0,-43.0
1776885106.3761027,-3.0,-3.0,-41.0
1776885106.386103,-6.0,-2.0,-41.0
1776885106.396103,-3.0,-4.0,-39.0
1776885106.406103,3.0,-9.0,-38.0
1776885106.4161026,-1.0,-6.0,-35.0
1776885106.4261026,0.0,-6.0,-46.0
1776885106.4361026,0.0,-4.0,-44.0
1776885106.4461029,2.0,-4.0,-47.0
1776885106.4561028,2.0,-6.0,-54.0
1776885106.4661028,1.0,-2.0,-62.0
1776885106.4761028,-1.0,1.0,-56.0
1776885106.4861028,0.0,0.0,-52.0
1776885106.4961028,5.0,-2.0,-50.0
1776885106.5061028,9.0,-4.0,-51.0
1776885106.5161028,10.0,0.0,-56.0
1776885106.5261028,8.0,1.0,-54.0
1776885106.5361028,5.0,1.0,-49.0
1776885106.5461028,9.0,0.0,-48.0
1776885106.5561028,10.0,1.0,-46.0
1776885106.5661027,10.0,0.0,-42.0
1776885106.5761027,12.0,0.0,-46.0
1776885106.5861027,9.0,0.0,-45.0
1776885106.5961027,7.0,2.0,-44.0
1776885106.6061027,5.0,2.0,-42.0
1776885106.6161027,5.0,1.0,-43.0
1776885106.6261027,0.0,4.0,-42.0
1776885106.636103,2.0,1.0,-37.0
1776885106.646103,3.0,-1.0,-41.0
1776885106.656103,-2.0,-7.0,-47.0
1776885106.6661026,-3.0,-6.0,-49.0
1776885106.6761026,-4.0,-2.0,-54.0
1776885106.6861026,0.0,-5.0,-43.0
1776885106.6961029,-1.0,-7.0,-44.0
1776885106.7061028,-2.0,-9.0,-43.0
1776885106.7161028,-2.0,-9.0,-44.0
1776885106.7261028,-3.0,-3.0,-50.0
1776885106.7361028,0.0,1.0,-50.0
1776885106.7461028,8.0,1.0,-46.0
1776885106.7561028,8.0,1.0,-42.0
1776885106.7661028,3.0,0.0,-41.0
1776885106.7761028,6.0,0.0,-43.0
1776885106.7861028,3.0,0.0,-47.0
1776885106.7961028,9.0,-1.0,-40.0
1776885106.8061028,7.0,-2.0,-39.0
1776885106.8161027,5.0,0.0,-49.0
1776885106.8261027,0.0,0.0,-49.0
1776885106.8361027,1.0,2.0,-44.0
1776885106.8461027,4.0,-1.0,-45.0
1776885106.8561027,8.0,-1.0,-45.0
1776885106.8661027,4.0,-4.0,-51.0
1776885106.8761027,4.0,-8.0,-51.0
1776885106.886103,3.0,-7.0,-50.0
1776885106.896103,4.0,-7.0,-54.0
1776885106.906103,3.0,-7.0,-50.0
1776885106.9161026,5.0,-3.0,-52.0
1776885106.9261026,6.0,-5.0,-49.0
1776885106.9361026,1.0,-5.0,-48.0
1776885106.9461029,-4.0,-7.0,-49.0
1776885106.9571028,-2.0,-6.0,-48.0
1776885106.9671028,-3.0,-7.0,-42.0
1776885106.9771028,-2.0,-5.0,-41.0
1776885106.9871027,-2.0,-6.0,-38.0
1776885106.9971027,-5.0,-7.0,-36.0
1776885107.0071027,-5.0,-5.0,-45.0
1776885107.0171027,-1.0,-6.0,-44.0
1776885107.0271027,2.0,-7.0,-50.0
1776885107.0371027,0.0,-4.0,-50.0
1776885107.0471027,0.0,-4.0,-57.0
1776885107.057103,0.0,-8.0,-56.0
1776885107.067103,-4.0,-1.0,-57.0
1776885107.077103,-2.0,-2.0,-56.0
1776885107.087103,-2.0,0.0,-51.0
1776885107.0971026,3.0,-1.0,-46.0
1776885107.1071026,6.0,0.0,-49.0
1776885107.1171026,0.0,-5.0,-57.0
1776885107.1271029,1.0,-8.0,-58.0
1776885107.1371028,2.0,-10.0,-54.0
1776885107.1471028,-4.0,-11.0,-46.0
1776885107.1571028,-3.0,-6.0,-46.0
1776885107.1671028,-2.0,-3.0,-47.0
1776885107.1771028,1.0,-3.0,-47.0
1776885107.1871028,-3.0,-2.0,-51.0
1776885107.1971028,-2.0,0.0,-52.0
1776885107.2071028,-3.0,1.0,-49.0
1776885107.2171028,2.0,-2.0,-46.0
1776885107.2271028,2.0,-3.0,-47.0
1776885107.2371027,3.0,0.0,-45.0
1776885107.2471027,0.0,-3.0,-48.0
1776885107.2571027,-1.0,-5.0,-42.0
1776885107.2671027,0.0,-8.0,-39.0
1776885107.2771027,2.0,-4.0,-33.0
1776885107.2871027,3.0,2.0,-32.0
1776885107.2971027,5.0,-2.0,-34.0
1776885107.307103,2.0,-1.0,-37.0
1776885107.317103,2.0,-3.0,-41.0
1776885107.327103,2.0,0.0,-48.0
1776885107.337103,5.0,0.0,-46.0
1776885107.3471026,2.0,-1.0,-54.0
1776885107.3571026,2.0,3.0,-47.0
1776885107.3671026,6.0,4.0,-43.0
1776885107.3771029,8.0,9.0,-49.0
1776885107.3871028,7.0,11.0,-49.0
1776885107.3971028,4.0,12.0,-45.0
1776885107.4071028,0.0,6.0,-47.0
1776885107.4171028,-1.0,6.0,-41.0
1776885107.4271028,-3.0,2.0,-40.0
1776885107.4371028,-1.0,1.0,-42.0
1776885107.4471028,-2.0,5.0,-44.0
1776885107.4571028,-1.0,2.0,-46.0
1776885107.4671028,2.0,2.0,-46.0
1776885107.4771028,1.0,2.0,-39.0
1776885107.4871027,-3.0,3.0,-41.0
1776885107.4971027,-1.0,1.0,-42.0
1776885107.5071027,-1.0,0.0,-46.0
1776885107.5171027,-2.0,1.0,-53.0
1776885107.5271027,-8.0,-3.0,-55.0
1776885107.5371027,-9.0,-4.0,-53.0
1776885107.5471027,-6.0,-2.0,-46.0
1776885107.557103,-7.0,-3.0,-39.0
1776885107.567103,-9.0,-1.0,-48.0
1776885107.577103,-5.0,0.0,-44.0
1776885107.587103,-2.0,3.0,-52.0
1776885107.5971026,-5.0,1.0,-53.0
1776885107.6071026,-3.0,0.0,-45.0
1776885107.6171026,-1.0,0.0,-47.0
1776885107.6271029,-1.0,3.0,-46.0
1776885107.6371028,3.0,1.0,-46.0
1776885107.6471028,0.0,1.0,-48.0
1776885107.6571028,3.0,0.0,-53.0
1776885107.6671028,3.0,1.0,-53.0
1776885107.6771028,8.0,0.0,-54.0
1776885107.6871028,7.0,1.0,-52.0
1776885107.6971028,3.0,1.0,-56.0
1776885107.7071028,2.0,5.0,-63.0
1776885107.7171028,6.0,4.0,-58.0
1776885107.7271028,10.0,1.0,-58.0
1776885107.7371027,14.0,0.0,-51.0
1776885107.7471027,11.0,2.0,-49.0
1776885107.7571027,8.0,2.0,-49.0
1776885107.7671027,9.0,0.0,-47.0
1776885107.7771027,5.0,0.0,-49.0
1776885107.7871027,5.0,0.0,-41.0
1776885107.7971027,0.0,-2.0,-39.0
1776885107.807103,0.0,0.0,-44.0
1776885107.817103,-4.0,5.0,-46.0
1776885107.827103,-4.0,0.0,-50.0
1776885107.837103,-5.0,0.0,-43.0
1776885107.8471026,-6.0,-3.0,-43.0
1776885107.8571026,-6.0,0.0,-42.0
1776885107.8671026,-6.0,8.0,-41.0
1776885107.8771029,-2.0,11.0,-43.0
1776885107.8871028,3.0,11.0,-42.0
1776885107.8971028,1.0,4.0,-43.0
1776885107.9071028,1.0,3.0,-46.0
1776885107.9171028,-1.0,4.0,-45.0
1776885107.9271028,0.0,2.0,-46.0
1776885107.9371028,2.0,-1.0,-44.0
1776885107.9471028,1.0,0.0,-40.0
1776885107.9571028,-1.0,0.0,-41.0
1776885107.9671028,0.0,2.0,-48.0
1776885107.9771028,-1.0,1.0,-52.0
1776885107.9871027,-2.0,0.0,-51.0
1776885107.9971027,0.0,3.0,-50.0
1776885108.0071027,-2.0,4.0,-49.0
1776885108.0171027,0.0,7.0,-54.0
1776885108.0271027,3.0,4.0,-60.0
1776885108.0371027,3.0,3.0,-58.0
1776885108.0471027,2.0,4.0,-60.0
1776885108.057103,-1.0,5.0,-56.0
1776885108.067103,1.0,0.0,-49.0
1776885108.077103,-2.0,-1.0,-42.0
1776885108.087103,-1.0,-4.0,-45.0
1776885108.0971026,-4.0,-3.0,-51.0
1776885108.1071026,-6.0,0.0,-41.0
1776885108.1171026,0.0,6.0,-46.0
1776885108.1271029,3.0,4.0,-47.0
1776885108.1371028,5.0,5.0,-47.0
1776885108.1471028,5.0,2.0,-42.0
1776885108.1571028,1.0,-2.0,-43.0
1776885108.1671028,0.0,-4.0,-43.0
1776885108.1771028,0.0,-5.0,-45.0
1776885108.1871028,0.0,-5.0,-50.0
1776885108.1971028,-3.0,0.0,-44.0
1776885108.2071028,-4.0,0.0,-40.0
1776885108.2171028,-1.0,-1.0,-40.0
1776885108.2271028,-4.0,0.0,-44.0
1776885108.2371027,-5.0,1.0,-42.0
1776885108.2471027,-2.0,0.0,-43.0
1776885108.2571027,2.0,1.0,-43.0
1776885108.2671027,5.0,0.0,-38.0
1776885108.2771027,5.0,-2.0,-40.0
1776885108.2871027,3.0,-4.0,-43.0
1776885108.2971027,0.0,-4.0,-45.0
1776885108.307103,4.0,-4.0,-47.0
1776885108.317103,0.0,-4.0,-48.0
1776885108.327103,-1.0,-6.0,-47.0
1776885108.337103,2.0,-6.0,-45.0
1776885108.3471026,0.0,-4.0,-47.0
1776885108.3571026,0.0,-1.0,-53.0
1776885108.3671026,3.0,-1.0,-59.0
1776885108.3771029,3.0,0.0,-61.0
1776885108.3871028,1.0,-2.0,-58.0
1776885108.3971028,-1.0,0.0,-47.0
1776885108.4071028,-3.0,0.0,-47.0
1776885108.4171028,-7.0,-5.0,-50.0
1776885108.4271028,-6.0,-3.0,-46.0
1776885108.4371028,-2.0,-5.0,-48.0
1776885108.4471028,-3.0,-7.0,-47.0
1776885108.4571028,-1.0,-5.0,-49.0
1776885108.4671028,3.0,-4.0,-39.0
1776885108.4771028,8.0,-3.0,-37.0
1776885108.4871027,8.0,-5.0,-43.0
1776885108.4971027,11.0,-10.0,-50.0
1776885108.5071027,15.0,-8.0,-47.0
1776885108.5171027,11.0,-2.0,-45.0
1776885108.5271027,8.0,2.0,-45.0
1776885108.5371027,11.0,0.0,-37.0
1776885108.5471027,12.0,-6.0,-44.0
1776885108.557103,13.0,-6.0,-46.0
1776885108.567103,9.0,-6.0,-47.0
1776885108.577103,7.0,-5.0,-47.0
1776885108.587103,2.0,-5.0,-44.0
1776885108.5971026,2.0,-6.0,-43.0
1776885108.6071026,6.0,-5.0,-46.0
1776885108.6171026,4.0,-7.0,-40.0
1776885108.6271029,2.0,-5.0,-42.0
1776885108.6371028,0.0,-12.0,-47.0
1776885108.6471028,-1.0,-10.0,-43.0
1776885108.6571028,-4.0,-9.0,-43.0
1776885108.6671028,-8.0,-9.0,-36.0
1776885108.6771028,-10.0,-8.0,-39.0
1776885108.6871028,-7.0,-9.0,-46.0
1776885108.6971028,-2.0,-9.0,-45.0
1776885108.7071028,0.0,-6.0,-39.0
1776885108.7171028,0.0,-6.0,-45.0
1776885108.7271028,-4.0,-8.0,-42.0
1776885108.7371027,-2.0,-4.0,-40.0
1776885108.7471027,-2.0,0.0,-44.0
1776885108.7571027,0.0,5.0,-39.0
1776885108.7671027,2.0,0.0,-39.0
1776885108.7771027,3.0,-2.0,-35.0
1776885108.7871027,1.0,2.0,-42.0
1776885108.7971027,2.0,1.0,-42.0
1776885108.807103,0.0,-2.0,-45.0
1776885108.817103,0.0,-3.0,-42.0
1776885108.827103,0.0,-3.0,-41.0
1776885108.837103,0.0,-5.0,-48.0
1776885108.8471026,2.0,-2.0,-46.0
1776885108.8571026,5.0,0.0,-51.0
1776885108.8671026,2.0,0.0,-53.0
1776885108.8781028,3.0,-1.0,-47.0
1776885108.8871028,4.0,-1.0,-40.0
1776885108.8971028,9.0,-2.0,-37.0
1776885108.9071028,9.0,-2.0,-38.0
1776885108.9181027,6.0,-4.0,-42.0
1776885108.9271028,8.0,-7.0,-45.0
1776885108.9381027,7.0,-9.0,-52.0
1776885108.9481027,7.0,-6.0,-56.0
1776885108.9581027,0.0,-8.0,-52.0
1776885108.9681027,1.0,-4.0,-45.0
1776885108.9781027,1.0,-5.0,-44.0
1776885108.9871027,0.0,-7.0,-45.0
1776885108.998103,1.0,-6.0,-48.0
1776885109.008103,2.0,-5.0,-45.0
1776885109.0181026,2.0,-5.0,-47.0
1776885109.0281026,4.0,1.0,-50.0
1776885109.0371027,5.0,0.0,-51.0
1776885109.0481029,5.0,-1.0,-54.0
1776885109.0581028,5.0,-7.0,-49.0
1776885109.0681028,-1.0,-6.0,-39.0
1776885109.0781028,-4.0,-4.0,-37.0
1776885109.0881028,-3.0,0.0,-43.0
1776885109.0981028,1.0,-2.0,-48.0
1776885109.1081028,1.0,-3.0,-44.0
1776885109.1181028,4.0,-5.0,-43.0
1776885109.1281028,5.0,-3.0,-50.0
1776885109.1381028,5.0,-4.0,-49.0
1776885109.1481028,5.0,-6.0,-49.0
1776885109.1581028,4.0,-6.0,-48.0
1776885109.1681027,2.0,-2.0,-45.0
1776885109.1781027,3.0,-3.0,-43.0
1776885109.1881027,6.0,-5.0,-48.0
1776885109.1981027,4.0,-6.0,-52.0
1776885109.2081027,0.0,-7.0,-45.0
1776885109.2181027,-1.0,-8.0,-52.0
1776885109.2281027,0.0,-8.0,-53.0
1776885109.238103,3.0,-6.0,-55.0
1776885109.248103,4.0,-6.0,-52.0
1776885109.258103,3.0,0.0,-54.0
1776885109.2681026,0.0,-2.0,-51.0
1776885109.2781026,-2.0,-2.0,-46.0
1776885109.2881026,0.0,0.0,-40.0
1776885109.2981029,0.0,-1.0,-42.0
1776885109.3081028,4.0,-1.0,-42.0
1776885109.3181028,5.0,-2.0,-41.0
1776885109.3281028,4.0,-2.0,-40.0
1776885109.3381028,3.0,-1.0,-45.0
1776885109.3481028,5.0,0.0,-42.0
1776885109.3581028,3.0,0.0,-45.0
1776885109.3681028,2.0,1.0,-45.0
1776885109.3781028,-1.0,1.0,-47.0
1776885109.3881028,0.0,-1.0,-52.0
1776885109.3981028,0.0,-6.0,-54.0
1776885109.4081028,-4.0,-4.0,-51.0
1776885109.4181027,-4.0,-6.0,-52.0
1776885109.4281027,-4.0,0.0,-50.0
1776885109.4381027,-3.0,-1.0,-53.0
1776885109.4481027,0.0,-1.0,-51.0
1776885109.4581027,1.0,0.0,-53.0
1776885109.4681027,2.0,0.0,-41.0
1776885109.4781027,0.0,-6.0,-37.0
1776885109.488103,4.0,-6.0,-39.0
1776885109.498103,3.0,-5.0,-41.0
1776885109.508103,2.0,-2.0,-45.0
1776885109.5181026,6.0,1.0,-43.0
1776885109.5281026,6.0,-2.0,-42.0
1776885109.5381026,3.0,-1.0,-47.0
1776885109.5481029,4.0,-1.0,-54.0
1776885109.5581028,2.0,-1.0,-47.0
1776885109.5681028,5.0,-2.0,-51.0
1776885109.5781028,4.0,-3.0,-50.0
1776885109.5881028,2.0,-3.0,-41.0
1776885109.5981028,0.0,0.0,-38.0
1776885109.6081028,1.0,-1.0,-37.0
1776885109.6181028,0.0,0.0,-38.0
1776885109.6281028,-2.0,-1.0,-35.0
1776885109.6381028,-1.0,-2.0,-37.0
1776885109.6481028,0.0,-4.0,-42.0
1776885109.6581028,-2.0,-7.0,-40.0
1776885109.6681027,0.0,-8.0,-43.0
1776885109.6781027,-4.0,-11.0,-43.0
1776885109.6881027,-3.0,-8.0,-38.0
1776885109.6981027,-6.0,-3.0,-39.0
1776885109.7081027,-5.0,0.0,-39.0
1776885109.7181027,-6.0,1.0,-41.0
1776885109.7281027,-4.0,-2.0,-46.0
1776885109.738103,0.0,-5.0,-50.0
1776885109.748103,0.0,-4.0,-49.0
1776885109.758103,-6.0,-1.0,-51.0
1776885109.7681026,-5.0,-2.0,-46.0
1776885109.7781026,-2.0,1.0,-46.0
1776885109.7881026,-1.0,4.0,-47.0
1776885109.7981029,0.0,5.0,-54.0
1776885109.8081028,0.0,7.0,-50.0
1776885109.8181028,3.0,4.0,-49.0
1776885109.8281028,7.0,0.0,-54.0
1776885109.8381028,7.0,1.0,-55.0
1776885109.8481028,5.0,1.0,-48.0
1776885109.8581028,9.0,0.0,-50.0
1776885109.8681028,6.0,1.0,-41.0
1776885109.8781028,3.0,0.0,-41.0
1776885109.8881028,1.0,0.0,-45.0
1776885109.8981028,3.0,0.0,-48.0
1776885109.9081028,2.0,1.0,-45.0
1776885109.9181027,-7.0,0.0,-46.0
1776885109.9281027,-4.0,3.0,-48.0
1776885109.9381027,0.0,2.0,-47.0
1776885109.9481027,2.0,3.0,-41.0
1776885109.9581027,-2.0,0.0,-41.0
1776885109.9681027,0.0,-1.0,-47.0
1776885109.9781027,0.0,0.0,-43.0
1776885109.988103,-1.0,0.0,-40.0
1776885109.998103,-4.0,2.0,-38.0
1776885110.008103,-5.0,4.0,-34.0
1776885110.0181026,-4.0,5.0,-29.0
1776885110.0281026,-4.0,5.0,-29.0
1776885110.0381026,-1.0,0.0,-38.0
1776885110.0481029,2.0,2.0,-38.0
1776885110.0581028,4.0,0.0,-37.0
1776885110.0681028,0.0,-2.0,-39.0
1776885110.0781028,-1.0,-5.0,-41.0
1776885110.0881028,0.0,-6.0,-44.0
1776885110.0981028,0.0,-7.0,-44.0
1776885110.1081028,0.0,-3.0,-44.0
1776885110.1181028,5.0,-2.0,-44.0
1776885110.1281028,2.0,-1.0,-38.0
1776885110.1381028,0.0,-1.0,-40.0
1776885110.1481028,-3.0,0.0,-42.0
1776885110.1581028,0.0,-1.0,-48.0
1776885110.1681027,0.0,-3.0,-49.0
1776885110.1781027,3.0,0.0,-54.0
1776885110.1881027,0.0,-1.0,-55.0
1776885110.1981027,0.0,-3.0,-50.0
1776885110.2081027,3.0,0.0,-46.0
1776885110.2181027,-3.0,0.0,-42.0
1776885110.2281027,-8.0,-6.0,-30.0
1776885110.238103,-8.0,-5.0,-30.0
1776885110.248103,-13.0,-8.0,-41.0
1776885110.258103,-10.0,-6.0,-47.0
1776885110.2681026,-9.0,-4.0,-41.0
1776885110.2781026,-6.0,-1.0,-37.0
1776885110.2881026,-5.0,-1.0,-31.0
1776885110.2981029,-11.0,-1.0,-26.0
1776885110.3081028,-12.0,0.0,-27.0
1776885110.3181028,-13.0,0.0,-30.0
1776885110.3281028,-9.0,0.0,-37.0
1776885110.3381028,-8.0,-3.0,-41.0
1776885110.3481028,-11.0,0.0,-43.0
1776885110.3581028,-6.0,0.0,-36.0
1776885110.3681028,-1.0,3.0,-31.0
1776885110.3781028,2.0,2.0,-33.0
1776885110.3881028,8.0,-2.0,-33.0
1776885110.3981028,9.0,-1.0,-35.0
1776885110.4081028,6.0,-1.0,-42.0
1776885110.4181027,3.0,0.0,-39.0
1776885110.4281027,1.0,0.0,-46.0
1776885110.4381027,5.0,0.0,-49.0
1776885110.4481027,2.0,0.0,-48.0
1776885110.4581027,0.0,-3.0,-44.0
1776885110.4681027,-1.0,-3.0,-48.0
1776885110.4781027,-3.0,-5.0,-45.0
1776885110.488103,-2.0,-2.0,-51.0
1776885110.498103,-2.0,0.0,-47.0
1776885110.508103,0.0,1.0,-42.0
1776885110.5181026,5.0,1.0,-41.0
1776885110.5281026,1.0,1.0,-44.0
1776885110.5381026,2.0,1.0,-48.0
1776885110.5481029,2.0,0.0,-44.0
1776885110.5581028,-2.0,0.0,-40.0
1776885110.5681028,0.0,-1.0,-51.0
1776885110.5781028,2.0,-3.0,-48.0
1776885110.5881028,3.0,1.0,-49.0
1776885110.5981028,5.0,-1.0,-49.0
1776885110.6081028,5.0,-2.0,-44.0
1776885110.6181028,4.0,-5.0,-37.0
1776885110.6281028,0.0,-3.0,-45.0
1776885110.6381028,5.0,-3.0,-48.0
1776885110.6481028,6.0,-3.0,-40.0
1776885110.6581028,3.0,1.0,-40.0
1776885110.6681027,1.0,0.0,-42.0
1776885110.6781027,0.0,1.0,-38.0
1776885110.6881027,-4.0,0.0,-36.0
1776885110.6981027,-3.0,0.0,-37.0
1776885110.7081027,2.0,3.0,-40.0
1776885110.7181027,6.0,0.0,-39.0
1776885110.7281027,8.0,-3.0,-48.0
1776885110.738103,5.0,-4.0,-45.0
1776885110.748103,3.0,-3.0,-46.0
1776885110.758103,1.0,-4.0,-46.0
1776885110.7681026,-3.0,-2.0,-42.0
1776885110.7781026,-5.0,-2.0,-41.0
1776885110.7881026,0.0,-5.0,-42.0
1776885110.7981029,3.0,-4.0,-46.0
1776885110.8081028,-2.0,-6.0,-51.0
1776885110.8181028,-1.0,-8.0,-50.0
1776885110.8281028,-2.0,-4.0,-53.0
1776885110.8381028,-2.0,-8.0,-57.0
1776885110.8481028,-8.0,-6.0,-55.0
1776885110.8581028,-9.0,-2.0,-56.0
1776885110.8681028,-2.0,-3.0,-61.0
1776885110.8781028,-1.0,-4.0,-61.0
1776885110.8881028,0.0,-5.0,-57.0
1776885110.8991027,4.0,-5.0,-51.0
1776885110.909103,2.0,-4.0,-52.0
1776885110.919103,0.0,-2.0,-48.0
1776885110.929103,-1.0,0.0,-47.0
1776885110.9391026,0.0,2.0,-44.0
1776885110.9491026,0.0,-1.0,-44.0
1776885110.9591026,-5.0,0.0,-45.0
1776885110.9691026,-6.0,-4.0,-49.0
1776885110.9791028,-2.0,-3.0,-49.0
1776885110.9891028,-2.0,-1.0,-55.0
1776885110.9991028,3.0,4.0,-48.0
1776885111.0091028,0.0,4.0,-48.0
1776885111.0191028,2.0,3.0,-44.0
1776885111.0291028,3.0,2.0,-44.0
1776885111.0391028,1.0,5.0,-46.0
1776885111.0491028,3.0,4.0,-41.0
1776885111.0591028,-2.0,3.0,-45.0
1776885111.0691028,-3.0,4.0,-39.0
1776885111.0791028,-4.0,2.0,-45.0
1776885111.0891027,-5.0,3.0,-41.0
1776885111.0991027,-3.0,5.0,-46.0
1776885111.1091027,1.0,2.0,-53.0
1776885111.1191027,1.0,2.0,-47.0
1776885111.1291027,2.0,4.0,-48.0
1776885111.1391027,3.0,4.0,-47.0
1776885111.1491027,3.0,7.0,-50.0
1776885111.159103,6.0,5.0,-51.0
1776885111.169103,5.0,4.0,-50.0
1776885111.179103,4.0,5.0,-43.0
1776885111.1891026,3.0,4.0,-39.0
1776885111.1991026,5.0,2.0,-33.0
1776885111.2091026,9.0,0.0,-42.0
1776885111.2191026,4.0,-6.0,-47.0
1776885111.2291028,1.0,-3.0,-48.0
1776885111.2391028,3.0,-1.0,-48.0
1776885111.2491028,4.0,0.0,-47.0
1776885111.2591028,9.0,1.0,-44.0
1776885111.2691028,10.0,2.0,-42.0
1776885111.2791028,3.0,0.0,-39.0
1776885111.2891028,2.0,-1.0,-40.0
1776885111.2991028,-1.0,1.0,-41.0
1776885111.3091028,2.0,0.0,-40.0
1776885111.3191028,3.0,0.0,-40.0
1776885111.3291028,3.0,0.0,-38.0
1776885111.3391027,1.0,1.0,-40.0
1776885111.3491027,0.0,0.0,-40.0
1776885111.3591027,-2.0,-1.0,-38.0
1776885111.3691027,-3.0,-1.0,-35.0
1776885111.3791027,0.0,0.0,-34.0
1776885111.3891027,1.0,0.0,-38.0
1776885111.3991027,1.0,-2.0,-42.0
1776885111.409103,1.0,0.0,-36.0
1776885111.419103,1.0,0.0,-40.0
1776885111.429103,0.0,2.0,-42.0
1776885111.4391026,1.0,2.0,-41.0
1776885111.4491026,1.0,3.0,-35.0
1776885111.4591026,2.0,3.0,-40.0
1776885111.4691026,-1.0,0.0,-44.0
1776885111.4791028,1.0,0.0,-44.0
1776885111.4891028,-1.0,0.0,-48.0
1776885111.4991028,7.0,4.0,-38.0
1776885111.5091028,8.0,4.0,-39.0
1776885111.5191028,11.0,9.0,-34.0
1776885111.5291028,13.0,7.0,-36.0
1776885111.5391028,6.0,1.0,-38.0
1776885111.5491028,4.0,-3.0,-45.0
1776885111.5591028,3.0,-5.0,-45.0
1776885111.5691028,2.0,-5.0,-52.0
1776885111.5791028,0.0,-5.0,-47.0
1776885111.5891027,0.0,-4.0,-46.0
1776885111.5991027,-1.0,-1.0,-43.0
1776885111.6091027,1.0,-1.0,-42.0
1776885111.6191027,2.0,0.0,-38.0
1776885111.6291027,1.0,-1.0,-37.0
1776885111.6391027,0.0,-2.0,-40.0
1776885111.6491027,-5.0,-5.0,-40.0
1776885111.659103,-2.0,-5.0,-37.0
1776885111.669103,-3.0,-3.0,-40.0
1776885111.679103,-4.0,-5.0,-40.0
1776885111.6891026,-5.0,-5.0,-47.0
1776885111.6991026,-4.0,-3.0,-43.0
1776885111.7091026,-5.0,-4.0,-43.0
1776885111.7191026,-1.0,-3.0,-49.0
1776885111.7291028,0.0,-2.0,-39.0
1776885111.7391028,1.0,1.0,-41.0
1776885111.7491028,2.0,1.0,-43.0
1776885111.7591028,0.0,2.0,-42.0
1776885111.7691028,-4.0,5.0,-43.0
1776885111.7791028,0.0,4.0,-40.0
1776885111.7891028,4.0,0.0,-35.0
1776885111.7991028,6.0,0.0,-36.0
1776885111.8091028,4.0,3.0,-32.0
1776885111.8191028,2.0,-1.0,-36.0
1776885111.8291028,0.0,-4.0,-38.0
1776885111.8391027,1.0,-2.0,-42.0
1776885111.8491027,1.0,-5.0,-47.0
1776885111.8591027,0.0,-7.0,-43.0
1776885111.8691027,-2.0,-7.0,-44.0
1776885111.8791027,0.0,-7.0,-44.0
1776885111.8891027,3.0,-10.0,-49.0
1776885111.8991027,2.0,-11.0,-48.0
1776885111.909103,1.0,-7.0,-46.0
1776885111.919103,1.0,-5.0,-50.0
1776885111.929103,2.0,0.0,-50.0
1776885111.9391026,0.0,-2.0,-50.0
1776885111.9491026,-2.0,-4.0,-46.0
1776885111.9591026,-7.0,-5.0,-42.0
1776885111.9691026,-4.0,-3.0,-43.0
1776885111.9791028,-1.0,0.0,-41.0
1776885111.9891028,0.0,-2.0,-39.0
1776885111.9991028,0.0,-3.0,-44.0
1776885112.0091028,0.0,0.0,-43.0
1776885112.0191028,2.0,-5.0,-43.0
1776885112.0291028,0.0,-6.0,-38.0
1776885112.0391028,-2.0,-5.0,-40.0
1776885112.0491028,-1.0,-3.0,-48.0
1776885112.0591028,0.0,-3.0,-50.0
1776885112.0691028,4.0,-4.0,-39.0
1776885112.0791028,5.0,-9.0,-37.0
1776885112.0891027,3.0,-9.0,-44.0
1776885112.0991027,1.0,-8.0,-44.0
1776885112.1091027,1.0,-6.0,-42.0
1776885112.1191027,-3.0,-4.0,-40.0
1776885112.1291027,-4.0,1.0,-32.0
1776885112.1391027,-5.0,0.0,-34.0
1776885112.1491027,-5.0,0.0,-37.0
1776885112.159103,-3.0,-1.0,-39.0
1776885112.169103,-5.0,-1.0,-38.0
1776885112.179103,-1.0,0.0,-35.0
1776885112.1891026,1.0,-5.0,-38.0
1776885112.1991026,-2.0,-7.0,-43.0
1776885112.2091026,0.0,-8.0,-43.0
1776885112.2191026,-1.0,-4.0,-35.0
1776885112.2291028,-2.0,-4.0,-39.0
1776885112.2391028,0.0,-2.0,-45.0
1776885112.2491028,4.0,0.0,-41.0
1776885112.2591028,7.0,0.0,-48.0
1776885112.2691028,4.0,-1.0,-57.0
1776885112.2791028,6.0,-5.0,-56.0
1776885112.2891028,3.0,-7.0,-51.0
1776885112.2991028,-1.0,-7.0,-50.0
1776885112.3091028,0.0,-7.0,-47.0
1776885112.3191028,0.0,-3.0,-46.0
1776885112.3291028,0.0,-4.0,-48.0
1776885112.3391027,0.0,-3.0,-55.0
1776885112.3491027,0.0,-1.0,-49.0
1776885112.3591027,0.0,0.0,-46.0
1776885112.3691027,-1.0,-3.0,-48.0
1776885112.3791027,0.0,0.0,-46.0
1776885112.3891027,2.0,-1.0,-46.0
1776885112.3991027,0.0,0.0,-46.0
1776885112.409103,-1.0,0.0,-50.0
1776885112.419103,1.0,-2.0,-49.0
1776885112.429103,-1.0,-7.0,-54.0
1776885112.4391026,-1.0,-6.0,-50.0
1776885112.4491026,2.0,-4.0,-50.0
1776885112.4591026,3.0,3.0,-51.0
1776885112.4691026,5.0,2.0,-50.0
1776885112.4791028,8.0,-1.0,-46.0
1776885112.4891028,8.0,0.0,-43.0
1776885112.4991028,8.0,2.0,-46.0
1776885112.5091028,8.0,2.0,-45.0
1776885112.5191028,8.0,0.0,-40.0
1776885112.5291028,8.0,-2.0,-42.0
1776885112.5391028,8.0,-5.0,-45.0
1776885112.5491028,4.0,-5.0,-44.0
1776885112.5591028,2.0,-4.0,-42.0
1776885112.5691028,3.0,-3.0,-44.0
1776885112.5791028,7.0,-2.0,-41.0
1776885112.5891027,8.0,-3.0,-39.0
1776885112.5991027,7.0,-5.0,-39.0
1776885112.6091027,6.0,-4.0,-44.0
1776885112.6191027,3.0,-4.0,-43.0
1776885112.6291027,-1.0,0.0,-44.0
1776885112.6391027,0.0,-1.0,-44.0
1776885112.6491027,2.0,1.0,-42.0
1776885112.659103,2.0,2.0,-40.0
1776885112.669103,9.0,1.0,-36.0
1776885112.679103,10.0,-1.0,-34.0
1776885112.6891026,7.0,-6.0,-41.0
1776885112.6991026,8.0,-7.0,-43.0
1776885112.7091026,8.0,-9.0,-35.0
1776885112.7191026,8.0,-7.0,-39.0
1776885112.7291028,2.0,-5.0,-40.0
1776885112.7391028,0.0,-1.0,-34.0
1776885112.7491028,-1.0,0.0,-38.0
1776885112.7591028,-6.0,0.0,-38.0
1776885112.7691028,-4.0,0.0,-41.0
1776885112.7791028,0.0,-2.0,-46.0
1776885112.7891028,1.0,-1.0,-51.0
1776885112.7991028,0.0,-5.0,-52.0
1776885112.8091028,-1.0,-4.0,-50.0
1776885112.8191028,-1.0,-1.0,-38.0
1776885112.8291028,-3.0,4.0,-34.0
1776885112.8391027,0.0,6.0,-38.0
1776885112.8491027,2.0,3.0,-45.0
1776885112.8591027,0.0,0.0,-48.0
1776885112.8701026,-4.0,-2.0,-44.0
1776885112.8791027,-2.0,1.0,-45.0
1776885112.8891027,-4.0,0.0,-41.0
1776885112.9001029,-7.0,-1.0,-40.0
1776885112.9101028,-7.0,0.0,-38.0
1776885112.9201028,-8.0,3.0,-43.0
1776885112.9301028,-9.0,4.0,-46.0
1776885112.9401028,-6.0,4.0,-53.0
1776885112.9501028,-7.0,2.0,-45.0
1776885112.9601028,-5.0,-1.0,-38.0
1776885112.9701028,-9.0,-6.0,-46.0
1776885112.9801028,-9.0,-6.0,-45.0
1776885112.9901028,-3.0,-4.0,-47.0
1776885113.0001028,-7.0,-3.0,-45.0
1776885113.0101027,-10.0,-4.0,-44.0
1776885113.0201027,-4.0,-6.0,-42.0
1776885113.0301027,0.0,-1.0,-47.0
1776885113.0401027,-1.0,2.0,-46.0
1776885113.0501027,-2.0,1.0,-44.0
1776885113.0601027,-1.0,0.0,-44.0
1776885113.0701027,0.0,0.0,-46.0
1776885113.0801027,1.0,2.0,-44.0
1776885113.090103,0.0,3.0,-48.0
1776885113.100103,1.0,6.0,-55.0
1776885113.110103,2.0,5.0,-56.0
1776885113.1201026,6.0,6.0,-51.0
1776885113.1301026,4.0,4.0,-49.0
1776885113.1401026,4.0,3.0,-44.0
1776885113.1501029,2.0,0.0,-44.0
1776885113.1601028,2.0,0.0,-40.0
1776885113.1701028,1.0,0.0,-39.0
1776885113.1801028,0.0,0.0,-36.0
1776885113.1901028,-5.0,-1.0,-37.0
1776885113.2001028,-2.0,0.0,-38.0
1776885113.2101028,-4.0,-1.0,-41.0
1776885113.2201028,-3.0,-4.0,-41.0
1776885113.2301028,-2.0,-1.0,-48.0
1776885113.2401028,-2.0,-4.0,-50.0
1776885113.2501028,-3.0,-5.0,-61.0
1776885113.2601027,0.0,-2.0,-60.0
1776885113.2701027,0.0,-2.0,-52.0
1776885113.2801027,2.0,-6.0,-48.0
1776885113.2901027,-2.0,-7.0,-49.0
1776885113.3001027,-5.0,-4.0,-47.0
1776885113.3101027,-6.0,-1.0,-49.0
1776885113.3201027,-5.0,-6.0,-53.0
1776885113.3301027,-4.0,-2.0,-55.0
1776885113.340103,-2.0,-2.0,-49.0
1776885113.350103,-4.0,0.0,-46.0
1776885113.360103,0.0,1.0,-52.0
1776885113.3701026,0.0,2.0,-51.0
1776885113.3801026,1.0,2.0,-46.0
1776885113.3901026,1.0,1.0,-42.0
1776885113.4001029,-1.0,2.0,-42.0
1776885113.4101028,-2.0,2.0,-47.0
1776885113.4201028,-3.0,2.0,-51.0
1776885113.4301028,1.0,-4.0,-44.0
1776885113.4401028,2.0,-6.0,-44.0
1776885113.4501028,-3.0,-5.0,-42.0
1776885113.4601028,0.0,-5.0,-37.0
1776885113.4701028,-3.0,-2.0,-42.0
1776885113.4801028,-2.0,-2.0,-40.0
1776885113.4901028,-2.0,0.0,-35.0
1776885113.5001028,2.0,-2.0,-39.0
1776885113.5101027,-3.0,-3.0,-42.0
1776885113.5201027,-5.0,-8.0,-38.0
1776885113.5301027,-3.0,-5.0,-42.0
1776885113.5401027,0.0,-2.0,-48.0
1776885113.5501027,0.0,-1.0,-45.0
1776885113.5601027,-2.0,0.0,-39.0
1776885113.5701027,-2.0,-1.0,-42.0
1776885113.5801027,0.0,3.0,-47.0
1776885113.590103,6.0,-3.0,-48.0
1776885113.600103,3.0,-2.0,-51.0
1776885113.610103,2.0,-1.0,-56.0
1776885113.6201026,-1.0,3.0,-54.0
1776885113.6301026,-1.0,4.0,-53.0
1776885113.6401026,-4.0,4.0,-53.0
1776885113.6501029,0.0,3.0,-52.0
1776885113.6601028,0.0,4.0,-49.0
1776885113.6701028,-4.0,0.0,-49.0
1776885113.6801028,-7.0,0.0,-47.0
1776885113.6901028,-5.0,0.0,-45.0
1776885113.7001028,-6.0,0.0,-47.0
1776885113.7101028,-9.0,5.0,-51.0
1776885113.7201028,-8.0,5.0,-52.0
1776885113.7301028,0.0,9.0,-49.0
1776885113.7401028,1.0,9.0,-46.0
1776885113.7501028,-1.0,8.0,-50.0
1776885113.7601027,-4.0,1.0,-50.0
1776885113.7701027,-5.0,3.0,-53.0
1776885113.7801027,-1.0,2.0,-55.0
1776885113.7901027,0.0,2.0,-54.0
1776885113.8001027,0.0,-2.0,-47.0
1776885113.8101027,0.0,-3.0,-47.0
1776885113.8201027,0.0,-2.0,-38.0
1776885113.8301027,-5.0,-1.0,-35.0
1776885113.840103,-1.0,1.0,-37.0
1776885113.850103,0.0,0.0,-41.0
1776885113.860103,3.0,3.0,-41.0
1776885113.8701026,3.0,4.0,-36.0
1776885113.8801026,0.0,6.0,-40.0
1776885113.8901026,0.0,2.0,-33.0
1776885113.9001029,0.0,0.0,-37.0
1776885113.9101028,0.0,-2.0,-32.0
1776885113.9201028,0.0,-1.0,-32.0
1776885113.9301028,2.0,-2.0,-39.0
1776885113.9401028,4.0,3.0,-42.0
1776885113.9501028,2.0,0.0,-51.0
1776885113.9601028,2.0,-1.0,-54.0
1776885113.9701028,0.0,0.0,-57.0
1776885113.9801028,2.0,1.0,-57.0
1776885113.9901028,1.0,3.0,-53.0
1776885114.0001028,0.0,0.0,-49.0
1776885114.0101027,0.0,-2.0,-42.0
1776885114.0201027,1.0,-3.0,-47.0
1776885114.0301027,5.0,-4.0,-47.0
1776885114.0401027,4.0,-2.0,-40.0
1776885114.0501027,0.0,-1.0,-36.0
1776885114.0601027,0.0,-3.0,-47.0
1776885114.0701027,-1.0,-1.0,-54.0
1776885114.0801027,0.0,0.0,-59.0
1776885114.090103,-2.0,3.0,-57.0
1776885114.100103,-3.0,1.0,-57.0
1776885114.110103,0.0,0.0,-60.0
1776885114.1201026,0.0,0.0,-55.0
1776885114.1301026,-4.0,-2.0,-51.0
1776885114.1401026,-3.0,-2.0,-45.0
1776885114.1501029,-7.0,-1.0,-47.0
1776885114.1601028,-4.0,-3.0,-49.0
1776885114.1701028,-4.0,-3.0,-44.0
1776885114.1801028,1.0,-2.0,-42.0
1776885114.1901028,6.0,0.0,-46.0
1776885114.2001028,4.0,-2.0,-42.0
1776885114.2101028,5.0,-3.0,-45.0
1776885114.2201028,2.0,-3.0,-47.0
1776885114.2301028,2.0,0.0,-53.0
1776885114.2401028,5.0,3.0,-45.0
1776885114.2501028,-1.0,-1.0,-43.0
1776885114.2601027,-1.0,-1.0,-42.0
1776885114.2701027,0.0,-2.0,-50.0
1776885114.2801027,-3.0,0.0,-45.0
1776885114.2901027,-9.0,0.0,-44.0
1776885114.3001027,-12.0,0.0,-43.0
1776885114.3101027,-9.0,1.0,-47.0
1776885114.3201027,-8.0,0.0,-41.0
1776885114.3301027,-3.0,2.0,-46.0
1776885114.3411028,0.0,4.0,-47.0
1776885114.350103,-3.0,4.0,-44.0
1776885114.360103,-4.0,9.0,-41.0
1776885114.3701026,-10.0,7.0,-44.0
1776885114.3801026,-7.0,6.0,-49.0
1776885114.3901026,-1.0,7.0,-47.0
1776885114.4001029,0.0,4.0,-47.0
1776885114.4101028,-2.0,2.0,-54.0
1776885114.4201028,0.0,0.0,-50.0
1776885114.4301028,-1.0,-2.0,-55.0
1776885114.4401028,1.0,-1.0,-56.0
1776885114.4501028,9.0,-4.0,-57.0
1776885114.4601028,11.0,-4.0,-52.0
1776885114.4701028,8.0,-3.0,-52.0
1776885114.4801028,6.0,-2.0,-51.0
1776885114.4901028,-1.0,-1.0,-54.0
1776885114.5001028,-3.0,-3.0,-57.0
1776885114.5101027,-2.0,-7.0,-54.0
1776885114.5201027,0.0,-7.0,-45.0
1776885114.5301027,2.0,-5.0,-41.0
1776885114.5401027,-1.0,-4.0,-44.0
1776885114.5501027,-2.0,-4.0,-47.0
1776885114.5601027,-3.0,-4.0,-47.0
1776885114.5701027,1.0,0.0,-45.0
1776885114.5801027,3.0,-3.0,-44.0
1776885114.590103,3.0,0.0,-45.0
1776885114.600103,3.0,1.0,-40.0
1776885114.610103,-4.0,2.0,-38.0
1776885114.6201026,-4.0,0.0,-41.0
1776885114.6301026,-9.0,-3.0,-43.0
1776885114.6401026,-12.0,-3.0,-48.0
1776885114.6501029,-8.0,-3.0,-53.0
1776885114.6601028,-3.0,-8.0,-50.0
1776885114.6701028,-4.0,-7.0,-43.0
1776885114.6801028,-2.0,-5.0,-39.0
1776885114.6901028,-3.0,-5.0,-37.0
1776885114.7001028,-3.0,-5.0,-37.0
1776885114.7101028,-3.0,-4.0,-38.0
1776885114.7201028,-2.0,0.0,-42.0
1776885114.7301028,0.0,3.0,-40.0
1776885114.7401028,-2.0,2.0,-36.0
1776885114.7501028,-3.0,5.0,-34.0
1776885114.7601027,-5.0,4.0,-33.0
1776885114.7701027,-5.0,2.0,-36.0
1776885114.7801027,-2.0,2.0,-43.0
1776885114.7901027,-1.0,4.0,-41.0
1776885114.8001027,3.0,2.0,-43.0
1776885114.8101027,3.0,0.0,-58.0
1776885114.8201027,4.0,0.0,-58.0
1776885114.8301027,4.0,0.0,-55.0
1776885114.840103,0.0,-2.0,-51.0
1776885114.8511028,-1.0,-2.0,-50.0
1776885114.860103,1.0,-2.0,-54.0
1776885114.8711028,4.0,-3.0,-57.0
1776885114.8811028,1.0,-1.0,-58.0
1776885114.8911028,0.0,0.0,-53.0
1776885114.9011028,-4.0,-3.0,-42.0
1776885114.9111028,-7.0,-4.0,-37.0
1776885114.9211028,-7.0,-1.0,-42.0
1776885114.9311028,-4.0,-2.0,-45.0
1776885114.9411027,1.0,-1.0,-51.0
1776885114.9511027,0.0,-2.0,-48.0
1776885114.9611027,-2.0,-2.0,-47.0
1776885114.9711027,-1.0,1.0,-46.0
1776885114.9811027,3.0,3.0,-46.0
1776885114.9911027,5.0,2.0,-41.0
1776885115.0011027,4.0,3.0,-46.0
1776885115.011103,4.0,6.0,-45.0
1776885115.021103,8.0,6.0,-44.0
1776885115.031103,7.0,4.0,-42.0
1776885115.0411026,8.0,2.0,-35.0
1776885115.0511026,10.0,-1.0,-41.0
1776885115.0611026,9.0,-5.0,-52.0
1776885115.0711029,6.0,-2.0,-54.0
1776885115.0811028,7.0,0.0,-45.0
1776885115.0911028,6.0,-3.0,-38.0
1776885115.1011028,3.0,-2.0,-44.0
1776885115.1111028,3.0,-3.0,-51.0
1776885115.1211028,2.0,-7.0,-51.0
1776885115.1311028,-2.0,-5.0,-49.0
1776885115.1411028,-2.0,0.0,-59.0
1776885115.1511028,1.0,0.0,-56.0
1776885115.1611028,4.0,-2.0,-52.0
1776885115.1711028,6.0,-3.0,-54.0
1776885115.1811028,3.0,-2.0,-49.0
1776885115.1911027,2.0,-1.0,-56.0
1776885115.2011027,3.0,-5.0,-54.0
1776885115.2111027,7.0,-5.0,-57.0
1776885115.2211027,3.0,-1.0,-63.0
1776885115.2311027,1.0,-2.0,-63.0
1776885115.2411027,3.0,-4.0,-54.0
1776885115.2511027,7.0,-4.0,-45.0
1776885115.261103,5.0,-1.0,-40.0
1776885115.271103,0.0,-4.0,-35.0
1776885115.281103,1.0,-5.0,-43.0
1776885115.2911026,4.0,-4.0,-41.0
1776885115.3011026,6.0,-4.0,-43.0
1776885115.3111026,4.0,-2.0,-44.0
1776885115.3211029,1.0,-1.0,-39.0
1776885115.3311028,4.0,-4.0,-47.0
1776885115.3411028,6.0,-6.0,-42.0
1776885115.3511028,7.0,-6.0,-40.0
1776885115.3611028,4.0,-6.0,-50.0
1776885115.3711028,3.0,-7.0,-54.0
1776885115.3811028,4.0,-6.0,-45.0
1776885115.3911028,5.0,-4.0,-46.0
1776885115.4011028,5.0,-3.0,-54.0
1776885115.4111028,3.0,-4.0,-48.0
1776885115.4211028,5.0,-4.0,-46.0
1776885115.4311028,3.0,-4.0,-48.0
1776885115.4411027,4.0,-6.0,-44.0
1776885115.4511027,2.0,-4.0,-44.0
1776885115.4611027,0.0,0.0,-45.0
1776885115.4711027,1.0,-1.0,-43.0
1776885115.4811027,-4.0,0.0,-38.0
1776885115.4911027,0.0,-1.0,-47.0
1776885115.5011027,4.0,-6.0,-48.0
1776885115.511103,2.0,-3.0,-41.0
1776885115.521103,0.0,2.0,-40.0
1776885115.531103,-1.0,2.0,-44.0
1776885115.5411026,0.0,0.0,-42.0
1776885115.5511026,-2.0,2.0,-42.0
1776885115.5611026,4.0,3.0,-44.0
1776885115.5711029,0.0,0.0,-41.0
1776885115.5811028,2.0,-1.0,-41.0
1776885115.5911028,1.0,-3.0,-47.0
1776885115.6011028,-3.0,-5.0,-53.0
1776885115.6111028,0.0,-5.0,-48.0
1776885115.6211028,2.0,-4.0,-47.0
1776885115.6311028,4.0,-4.0,-46.0
1776885115.6411028,3.0,1.0,-46.0
1776885115.6511028,-1.0,-2.0,-46.0
1776885115.6611028,0.0,0.0,-49.0
1776885115.6711028,1.0,3.0,-53.0
1776885115.6811028,0.0,0.0,-51.0
1776885115.6911027,0.0,-3.0,-53.0
1776885115.7011027,1.0,-1.0,-50.0
1776885115.7111027,4.0,-1.0,-53.0
1776885115.7211027,4.0,0.0,-47.0
1776885115.7311027,5.0,-3.0,-49.0
1776885115.7411027,6.0,-3.0,-52.0
1776885115.7511027,8.0,-5.0,-52.0
1776885115.761103,4.0,-3.0,-55.0
1776885115.771103,2.0,0.0,-50.0
1776885115.781103,4.0,-3.0,-48.0
1776885115.7911026,-2.0,-2.0,-50.0
1776885115.8011026,1.0,-4.0,-45.0
1776885115.8111026,5.0,-4.0,-47.0
1776885115.8211029,2.0,-3.0,-48.0
1776885115.8311028,3.0,-3.0,-45.0
1776885115.8411028,5.0,-2.0,-40.0
1776885115.8511028,2.0,-2.0,-40.0
1776885115.8611028,0.0,-8.0,-44.0
1776885115.8711028,-1.0,-7.0,-41.0
1776885115.8811028,-2.0,-4.0,-45.0
1776885115.8911028,-4.0,-2.0,-53.0
1776885115.9011028,1.0,-5.0,-50.0
1776885115.9111028,0.0,-3.0,-45.0
1776885115.9211028,-4.0,-4.0,-40.0
1776885115.9311028,-3.0,-7.0,-39.0
1776885115.9411027,1.0,-4.0,-38.0
1776885115.9511027,0.0,-1.0,-36.0
1776885115.9611027,0.0,0.0,-37.0
1776885115.9711027,0.0,0.0,-39.0
1776885115.9811027,0.0,0.0,-41.0
1776885115.9911027,-1.0,-1.0,-37.0
1776885116.0011027,-5.0,-2.0,-39.0
1776885116.011103,-4.0,0.0,-43.0
1776885116.021103,-1.0,0.0,-43.0
1776885116.031103,0.0,-1.0,-44.0
1776885116.0411026,1.0,2.0,-53.0
1776885116.0511026,4.0,0.0,-53.0
1776885116.0611026,2.0,0.0,-56.0
1776885116.0711029,5.0,0.0,-55.0
1776885116.0811028,6.0,2.0,-58.0
1776885116.0911028,5.0,-1.0,-60.0
1776885116.1011028,2.0,1.0,-54.0
1776885116.1111028,0.0,2.0,-45.0
1776885116.1211028,1.0,0.0,-47.0
1776885116.1311028,-1.0,0.0,-53.0
1776885116.1411028,-7.0,-2.0,-51.0
1776885116.1511028,-8.0,-3.0,-49.0
1776885116.1611028,-8.0,-1.0,-48.0
1776885116.1711028,-10.0,-1.0,-50.0
1776885116.1811028,-7.0,-2.0,-48.0
1776885116.1911027,-1.0,-3.0,-52.0
1776885116.2011027,-4.0,-6.0,-48.0
1776885116.2111027,0.0,-4.0,-41.0
1776885116.2211027,1.0,-3.0,-49.0
1776885116.2311027,0.0,-4.0,-49.0
1776885116.2411027,3.0,-2.0,-48.0
1776885116.2511027,7.0,1.0,-44.0
1776885116.261103,5.0,4.0,-38.0
1776885116.271103,2.0,0.0,-38.0
1776885116.281103,1.0,2.0,-36.0
1776885116.2911026,5.0,3.0,-36.0
1776885116.3011026,4.0,0.0,-44.0
1776885116.3111026,0.0,-8.0,-46.0
1776885116.3211029,1.0,-7.0,-58.0
1776885116.3311028,1.0,-4.0,-57.0
1776885116.3411028,1.0,-3.0,-57.0
1776885116.3511028,1.0,-9.0,-50.0
1776885116.3611028,2.0,-8.0,-54.0
1776885116.3711028,2.0,-7.0,-56.0
1776885116.3811028,5.0,-1.0,-55.0
1776885116.3911028,4.0,3.0,-45.0
1776885116.4011028,1.0,2.0,-44.0
1776885116.4111028,0.0,1.0,-43.0
1776885116.4211028,0.0,0.0,-47.0
1776885116.4311028,-3.0,-2.0,-41.0
1776885116.4411027,-3.0,-4.0,-37.0
1776885116.4511027,-1.0,-2.0,-44.0
1776885116.4611027,0.0,-6.0,-50.0
1776885116.4711027,1.0,-9.0,-54.0
1776885116.4811027,0.0,-7.0,-55.0
1776885116.4911027,0.0,-9.0,-52.0
1776885116.5011027,-3.0,-6.0,-46.0
1776885116.511103,0.0,-2.0,-47.0
1776885116.521103,-3.0,-1.0,-43.0
1776885116.531103,-8.0,0.0,-43.0
1776885116.5411026,-10.0,-5.0,-45.0
1776885116.5511026,-6.0,-2.0,-51.0
1776885116.5611026,-4.0,-1.0,-48.0
1776885116.5711029,-4.0,3.0,-47.0
1776885116.5811028,-2.0,3.0,-49.0
1776885116.5911028,-2.0,2.0,-53.0
1776885116.6011028,-2.0,1.0,-47.0
1776885116.6111028,-2.0,-4.0,-46.0
1776885116.6211028,-1.0,-5.0,-40.0
1776885116.6311028,0.0,-4.0,-41.0
1776885116.6411028,3.0,-5.0,-37.0
1776885116.6511028,4.0,-3.0,-31.0
1776885116.6611028,-1.0,-4.0,-33.0
1776885116.6711028,-5.0,-2.0,-36.0
1776885116.6811028,-7.0,1.0,-41.0
1776885116.6911027,-4.0,3.0,-39.0
1776885116.7011027,0.0,-1.0,-33.0
1776885116.7111027,-1.0,-3.0,-34.0
1776885116.7211027,3.0,-4.0,-36.0
1776885116.7311027,7.0,-6.0,-43.0
1776885116.7411027,5.0,-7.0,-49.0
1776885116.7511027,5.0,-7.0,-52.0
1776885116.761103,5.0,-2.0,-55.0
1776885116.771103,5.0,-1.0,-58.0
1776885116.781103,4.0,0.0,-52.0
1776885116.7911026,6.0,1.0,-47.0
1776885116.8011026,4.0,3.0,-46.0
1776885116.8111026,5.0,1.0,-42.0
1776885116.8221028,2.0,1.0,-41.0
1776885116.8321028,2.0,0.0,-47.0
1776885116.8421028,2.0,0.0,-47.0
1776885116.8521028,6.0,0.0,-54.0
1776885116.8621027,2.0,0.0,-55.0
1776885116.8721027,0.0,-2.0,-54.0
1776885116.8821027,1.0,0.0,-52.0
1776885116.8921027,-3.0,2.0,-53.0
1776885116.9021027,-3.0,6.0,-50.0
1776885116.9121027,-1.0,5.0,-49.0
1776885116.9221027,-4.0,3.0,-38.0
1776885116.932103,-1.0,4.0,-40.0
1776885116.942103,-4.0,5.0,-45.0
1776885116.952103,-3.0,3.0,-46.0
1776885116.962103,-5.0,0.0,-43.0
1776885116.9721026,-2.0,0.0,-44.0
1776885116.9821026,-2.0,0.0,-44.0
1776885116.9921026,-1.0,0.0,-47.0
1776885117.0021029,-2.0,-1.0,-43.0
1776885117.0121028,-2.0,0.0,-41.0
1776885117.0221028,0.0,2.0,-42.0
1776885117.0321028,-2.0,3.0,-40.0
1776885117.0421028,0.0,7.0,-43.0
1776885117.0521028,1.0,7.0,-44.0
1776885117.0621028,3.0,0.0,-45.0
1776885117.0721028,0.0,-1.0,-39.0
1776885117.0821028,3.0,0.0,-38.0
1776885117.0921028,3.0,-3.0,-39.0
1776885117.1021028,1.0,-4.0,-37.0
1776885117.1121027,4.0,-8.0,-37.0
1776885117.1221027,3.0,-11.0,-43.0
1776885117.1321027,-1.0,-8.0,-38.0
1776885117.1421027,3.0,-8.0,-35.0
1776885117.1521027,7.0,-5.0,-38.0
1776885117.1621027,5.0,-1.0,-42.0
1776885117.1721027,4.0,-1.0,-45.0
1776885117.182103,1.0,-4.0,-42.0
1776885117.192103,3.0,-6.0,-41.0
1776885117.202103,1.0,-3.0,-46.0
1776885117.212103,0.0,-6.0,-43.0
1776885117.2221026,0.0,-6.0,-47.0
1776885117.2321026,0.0,-6.0,-50.0
1776885117.2421026,-3.0,-4.0,-52.0
1776885117.2521029,-2.0,-3.0,-51.0
1776885117.2621028,-1.0,-8.0,-52.0
1776885117.2721028,0.0,-4.0,-52.0
1776885117.2821028,0.0,1.0,-59.0
1776885117.2921028,5.0,0.0,-49.0
1776885117.3021028,0.0,-1.0,-46.0
1776885117.3121028,3.0,-3.0,-41.0
1776885117.3221028,0.0,-2.0,-42.0
1776885117.3321028,1.0,-1.0,-40.0
1776885117.3421028,1.0,-2.0,-39.0
1776885117.3521028,0.0,0.0,-43.0
1776885117.3621027,-2.0,0.0,-43.0
1776885117.3721027,-5.0,-3.0,-39.0
1776885117.3821027,-4.0,-1.0,-38.0
1776885117.3921027,-7.0,-4.0,-38.0
1776885117.4021027,-5.0,-4.0,-39.0
1776885117.4121027,-6.0,-1.0,-44.0
1776885117.4221027,-4.0,-1.0,-46.0
1776885117.432103,-4.0,0.0,-45.0
1776885117.442103,-6.0,-1.0,-47.0
1776885117.452103,-4.0,-2.0,-46.0
1776885117.462103,-2.0,-4.0,-48.0
1776885117.4721026,0.0,-6.0,-49.0
1776885117.4821026,5.0,-6.0,-49.0
1776885117.4921026,3.0,-4.0,-45.0
1776885117.5021029,2.0,-3.0,-44.0
1776885117.5121028,2.0,2.0,-38.0
1776885117.5221028,0.0,2.0,-38.0
1776885117.5321028,4.0,1.0,-34.0
1776885117.5421028,8.0,1.0,-35.0
1776885117.5521028,2.0,0.0,-39.0
1776885117.5621028,0.0,2.0,-40.0
1776885117.5721028,0.0,3.0,-39.0
1776885117.5821028,1.0,0.0,-33.0
1776885117.5921028,-1.0,0.0,-32.0
1776885117.6021028,0.0,0.0,-35.0
1776885117.6121027,-2.0,1.0,-38.0
1776885117.6221027,-2.0,0.0,-46.0
1776885117.6321027,-5.0,-1.0,-43.0
1776885117.6421027,-3.0,-6.0,-44.0
1776885117.6521027,-2.0,-3.0,-47.0
1776885117.6621027,0.0,-5.0,-43.0
1776885117.6721027,1.0,-3.0,-38.0
1776885117.682103,1.0,-1.0,-39.0
1776885117.692103,4.0,-1.0,-36.0
1776885117.702103,4.0,2.0,-35.0
1776885117.712103,5.0,1.0,-36.0
1776885117.7221026,2.0,3.0,-32.0
1776885117.7321026,-1.0,1.0,-40.0
1776885117.7421026,-5.0,0.0,-42.0
1776885117.7521029,-5.0,-3.0,-44.0
1776885117.7621028,-4.0,-1.0,-42.0
1776885117.7721028,-5.0,0.0,-39.0
1776885117.7821028,-7.0,0.0,-41.0
1776885117.7921028,-9.0,0.0,-40.0
1776885117.8021028,-2.0,2.0,-42.0
1776885117.8121028,-2.0,1.0,-45.0
1776885117.8221028,-1.0,0.0,-46.0
1776885117.8321028,0.0,-5.0,-51.0
1776885117.8421028,0.0,-5.0,-38.0
1776885117.8521028,2.0,-7.0,-34.0
1776885117.8621027,5.0,-7.0,-33.0
1776885117.8721027,3.0,-7.0,-35.0
1776885117.8821027,1.0,-5.0,-30.0
1776885117.8921027,4.0,-1.0,-30.0
1776885117.9021027,0.0,-7.0,-31.0
1776885117.9121027,-5.0,-10.0,-33.0
1776885117.9221027,-3.0,-12.0,-38.0
1776885117.932103,-6.0,-10.0,-38.0
1776885117.942103,-6.0,-12.0,-42.0
1776885117.952103,-6.0,-5.0,-45.0
1776885117.962103,-5.0,-10.0,-44.0
1776885117.9721026,-8.0,-12.0,-43.0
1776885117.9821026,-8.0,-10.0,-42.0
1776885117.9921026,-7.0,-6.0,-47.0
1776885118.0021029,-8.0,-1.0,-45.0
1776885118.0121028,0.0,4.0,-43.0
1776885118.0221028,0.0,2.0,-44.0
1776885118.0321028,-1.0,3.0,-49.0
1776885118.0421028,-5.0,-2.0,-43.0
1776885118.0521028,-3.0,0.0,-44.0
1776885118.0621028,1.0,-3.0,-45.0
1776885118.0721028,0.0,-7.0,-45.0
1776885118.0821028,-4.0,-11.0,-45.0
1776885118.0921028,-6.0,-8.0,-47.0
1776885118.1021028,-6.0,-7.0,-44.0
1776885118.1121027,-1.0,-9.0,-45.0
1776885118.1221027,-3.0,-7.0,-47.0
1776885118.1321027,-3.0,-2.0,-46.0
1776885118.1421027,0.0,0.0,-50.0
1776885118.1521027,3.0,1.0,-53.0
1776885118.1621027,4.0,0.0,-48.0
1776885118.1721027,4.0,1.0,-41.0
1776885118.182103,1.0,5.0,-45.0
1776885118.192103,-4.0,0.0,-43.0
1776885118.202103,0.0,-4.0,-45.0
1776885118.212103,2.0,-1.0,-51.0
1776885118.2221026,5.0,2.0,-50.0
1776885118.2321026,3.0,4.0,-55.0
1776885118.2421026,2.0,0.0,-51.0
1776885118.2521029,1.0,-3.0,-49.0
1776885118.2621028,2.0,-5.0,-38.0
1776885118.2721028,4.0,-4.0,-32.0
1776885118.2821028,0.0,-2.0,-41.0
1776885118.2921028,0.0,-2.0,-42.0
1776885118.3021028,3.0,-3.0,-50.0
1776885118.3121028,0.0,-4.0,-54.0
1776885118.3221028,-1.0,-4.0,-49.0
1776885118.3321028,-2.0,1.0,-53.0
1776885118.3421028,0.0,0.0,-45.0
1776885118.3521028,-1.0,2.0,-35.0
1776885118.3621027,-2.0,5.0,-41.0
1776885118.3721027,-2.0,4.0,-45.0
1776885118.3821027,0.0,5.0,-48.0
1776885118.3921027,3.0,2.0,-53.0
1776885118.4021027,3.0,3.0,-52.0
1776885118.4121027,4.0,0.0,-56.0
1776885118.4221027,0.0,0.0,-55.0
1776885118.432103,0.0,-2.0,-56.0
1776885118.442103,3.0,-1.0,-60.0
1776885118.452103,0.0,-2.0,-56.0
1776885118.462103,-2.0,-4.0,-60.0
1776885118.4721026,-4.0,-1.0,-61.0
1776885118.4821026,-5.0,0.0,-60.0
1776885118.4921026,0.0,-1.0,-50.0
1776885118.5021029,-1.0,-3.0,-47.0
1776885118.5121028,-6.0,0.0,-45.0
1776885118.5221028,-4.0,-2.0,-48.0
1776885118.5321028,2.0,-4.0,-48.0
1776885118.5421028,-1.0,-4.0,-52.0
1776885118.5521028,-1.0,-3.0,-58.0
1776885118.5621028,3.0,-4.0,-58.0
1776885118.5721028,0.0,-4.0,-53.0
1776885118.5821028,1.0,-2.0,-49.0
1776885118.5921028,5.0,0.0,-46.0
1776885118.6021028,4.0,1.0,-47.0
1776885118.6121027,2.0,0.0,-54.0
1776885118.6221027,0.0,-1.0,-56.0
1776885118.6321027,0.0,-5.0,-58.0
1776885118.6421027,-1.0,-7.0,-57.0
1776885118.6521027,-2.0,-7.0,-55.0
1776885118.6621027,0.0,-4.0,-56.0
1776885118.6721027,0.0,-2.0,-49.0
1776885118.682103,2.0,-2.0,-47.0
1776885118.692103,3.0,-3.0,-44.0
1776885118.702103,1.0,-1.0,-44.0
1776885118.712103,-3.0,-1.0,-40.0
1776885118.7221026,-6.0,-4.0,-42.0
1776885118.7321026,-9.0,-8.0,-46.0
1776885118.7421026,-7.0,-8.0,-45.0
1776885118.7521029,-8.0,-12.0,-40.0
1776885118.7631028,-9.0,-6.0,-47.0
1776885118.7721028,-4.0,-1.0,-42.0
1776885118.7831028,-4.0,0.0,-39.0
1776885118.7931027,-3.0,-2.0,-41.0
1776885118.8021028,-1.0,-1.0,-45.0
1776885118.8131027,-1.0,-3.0,-42.0
1776885118.8231027,-5.0,-4.0,-42.0
1776885118.8331027,-8.0,-2.0,-43.0
1776885118.8431027,-5.0,3.0,-37.0
1776885118.8531027,-4.0,5.0,-34.0
1776885118.863103,-2.0,1.0,-41.0
1776885118.873103,-3.0,0.0,-38.0
1776885118.883103,-2.0,-3.0,-42.0
1776885118.8931026,6.0,-6.0,-45.0
1776885118.9031026,7.0,-9.0,-50.0
1776885118.9131026,7.0,-3.0,-51.0
1776885118.9231029,3.0,-2.0,-54.0
1776885118.9331028,3.0,-4.0,-44.0
1776885118.9431028,3.0,-2.0,-42.0
1776885118.9531028,3.0,-2.0,-39.0
1776885118.9631028,-2.0,1.0,-40.0
1776885118.9731028,-7.0,2.0,-45.0
1776885118.9831028,-5.0,2.0,-47.0
1776885118.9931028,-2.0,1.0,-47.0
1776885119.0031028,0.0,-1.0,-44.0
1776885119.0131028,3.0,-2.0,-42.0
1776885119.0231028,3.0,-1.0,-40.0
1776885119.0331028,0.0,0.0,-40.0
1776885119.0431027,-4.0,0.0,-42.0
1776885119.0531027,-3.0,0.0,-45.0
1776885119.0631027,-3.0,3.0,-43.0
1776885119.0731027,-5.0,-1.0,-45.0
1776885119.0831027,0.0,-6.0,-40.0
1776885119.0931027,-4.0,-4.0,-47.0
1776885119.1031027,-2.0,-3.0,-45.0
1776885119.113103,0.0,0.0,-52.0
1776885119.123103,4.0,-2.0,-46.0
1776885119.133103,3.0,-1.0,-47.0
1776885119.1431026,2.0,-4.0,-50.0
1776885119.1541028,2.0,-2.0,-48.0
1776885119.1631026,1.0,0.0,-50.0
1776885119.1731029,6.0,-1.0,-48.0
1776885119.1831028,4.0,-3.0,-53.0
1776885119.1931028,1.0,0.0,-56.0
1776885119.2031028,-1.0,0.0,-60.0
1776885119.2131028,0.0,4.0,-63.0
1776885119.2231028,5.0,5.0,-49.0
1776885119.2331028,4.0,8.0,-47.0
1776885119.2431028,3.0,4.0,-45.0
1776885119.2531028,0.0,-1.0,-44.0
1776885119.2631028,-2.0,-4.0,-41.0
1776885119.2731028,-1.0,-2.0,-45.0
1776885119.2831028,3.0,-1.0,-44.0
1776885119.2931027,1.0,-3.0,-46.0
1776885119.3031027,2.0,-6.0,-45.0
1776885119.3131027,3.0,-4.0,-49.0
1776885119.3231027,4.0,-8.0,-55.0
1776885119.3331027,6.0,-7.0,-54.0
1776885119.3431027,2.0,-7.0,-57.0
1776885119.3531027,0.0,-4.0,-54.0
1776885119.363103,1.0,-2.0,-50.0
1776885119.373103,-1.0,-3.0,-48.0
1776885119.383103,1.0,-5.0,-46.0
1776885119.3931026,3.0,-5.0,-49.0
1776885119.4031026,5.0,-4.0,-52.0
1776885119.4131026,8.0,-3.0,-44.0
1776885119.4231029,5.0,0.0,-41.0
1776885119.4331028,3.0,0.0,-34.0
1776885119.4431028,4.0,2.0,-31.0
1776885119.4531028,3.0,4.0,-31.0
1776885119.4631028,1.0,0.0,-35.0
1776885119.4731028,1.0,0.0,-42.0
1776885119.4831028,2.0,-1.0,-38.0
1776885119.4931028,4.0,-3.0,-39.0
1776885119.5031028,4.0,-6.0,-34.0
1776885119.5131028,0.0,-4.0,-38.0
1776885119.5231028,-2.0,-7.0,-42.0
1776885119.5331028,2.0,-9.0,-52.0
1776885119.5431027,4.0,-8.0,-56.0
1776885119.5531027,0.0,-5.0,-65.0
1776885119.5631027,2.0,-5.0,-62.0
1776885119.5731027,0.0,-3.0,-58.0
1776885119.5831027,0.0,0.0,-54.0
1776885119.5931027,4.0,1.0,-51.0
1776885119.6031027,2.0,0.0,-45.0
1776885119.613103,-6.0,1.0,-49.0
1776885119.623103,-10.0,2.0,-46.0
1776885119.633103,-4.0,0.0,-48.0
1776885119.6431026,-1.0,-2.0,-43.0
1776885119.6531026,0.0,1.0,-41.0
1776885119.6631026,-1.0,-2.0,-46.0
1776885119.6731029,3.0,-6.0,-52.0
1776885119.6831028,1.0,-5.0,-50.0
1776885119.6931028,0.0,-6.0,-48.0
1776885119.7031028,0.0,-9.0,-46.0
1776885119.7131028,6.0,-10.0,-47.0
1776885119.7231028,5.0,-8.0,-44.0
1776885119.7331028,4.0,-6.0,-46.0
1776885119.7431028,-2.0,-3.0,-48.0
1776885119.7531028,-3.0,-1.0,-41.0
1776885119.7631028,-2.0,0.0,-35.0
1776885119.7731028,-4.0,0.0,-25.0
1776885119.7831028,-6.0,1.0,-33.0
1776885119.7931027,-2.0,-2.0,-35.0
1776885119.8031027,0.0,-1.0,-36.0
1776885119.8131027,2.0,-4.0,-42.0
1776885119.8231027,4.0,1.0,-42.0
1776885119.8331027,3.0,5.0,-46.0
1776885119.8431027,2.0,5.0,-50.0
1776885119.8531027,0.0,4.0,-50.0
1776885119.863103,0.0,0.0,-51.0
1776885119.873103,-1.0,-1.0,-54.0
1776885119.883103,-1.0,0.0,-63.0
1776885119.8931026,-2.0,-2.0,-56.0
1776885119.9031026,2.0,-3.0,-42.0
1776885119.9131026,0.0,3.0,-44.0
1776885119.9231029,-2.0,2.0,-53.0
1776885119.9331028,-1.0,0.0,-51.0
1776885119.9431028,-1.0,-3.0,-50.0
1776885119.9531028,0.0,0.0,-49.0
1776885119.9631028,-2.0,0.0,-49.0
1776885119.9731028,0.0,-2.0,-44.0
1776885119.9831028,-3.0,-4.0,-43.0
1776885119.9931028,-3.0,0.0,-40.0
1776885120.0031028,0.0,0.0,-41.0
1776885120.0131028,0.0,1.0,-42.0
1776885120.0231028,-1.0,0.0,-45.0
1776885120.0331028,1.0,1.0,-51.0
1776885120.0431027,-1.0,0.0,-51.0
1776885120.0531027,-1.0,-3.0,-55.0
1776885120.0631027,1.0,-3.0,-59.0
1776885120.0731027,5.0,-2.0,-49.0
1776885120.0831027,3.0,-5.0,-46.0
1776885120.0931027,5.0,0.0,-49.0
1776885120.1031027,8.0,2.0,-46.0
1776885120.113103,9.0,0.0,-48.0
1776885120.123103,6.0,0.0,-53.0
1776885120.133103,5.0,-1.0,-55.0
1776885120.1431026,3.0,-1.0,-51.0
1776885120.1531026,2.0,-4.0,-49.0
1776885120.1631026,2.0,-3.0,-50.0
1776885120.1731029,3.0,-2.0,-51.0
1776885120.1831028,2.0,-3.0,-41.0
1776885120.1931028,4.0,0.0,-40.0
1776885120.2031028,5.0,0.0,-43.0
1776885120.2131028,2.0,-4.0,-40.0
1776885120.2231028,4.0,-3.0,-40.0
1776885120.2331028,2.0,-9.0,-39.0
1776885120.2431028,1.0,-8.0,-38.0
1776885120.2531028,5.0,-2.0,-38.0
1776885120.2631028,4.0,-6.0,-39.0
1776885120.2731028,7.0,-8.0,-37.0
1776885120.2831028,4.0,-7.0,-41.0
1776885120.2931027,0.0,-4.0,-46.0
1776885120.3031027,6.0,-7.0,-44.0
1776885120.3131027,7.0,-5.0,-41.0
1776885120.3231027,7.0,-6.0,-42.0
1776885120.3331027,4.0,-11.0,-46.0
1776885120.3431027,2.0,-10.0,-51.0
1776885120.3531027,3.0,-9.0,-49.0
1776885120.363103,0.0,-9.0,-47.0
1776885120.373103,3.0,-8.0,-42.0
1776885120.383103,7.0,0.0,-37.0
1776885120.3931026,2.0,0.0,-41.0
1776885120.4031026,1.0,-7.0,-39.0
1776885120.4131026,0.0,-6.0,-40.0
1776885120.4231029,4.0,-4.0,-37.0
1776885120.4331028,5.0,0.0,-45.0
1776885120.4431028,6.0,-2.0,-54.0
1776885120.4531028,7.0,2.0,-54.0
1776885120.4631028,6.0,-2.0,-52.0
1776885120.4731028,5.0,-3.0,-53.0
1776885120.4831028,0.0,-2.0,-52.0
1776885120.4931028,0.0,-2.0,-51.0
1776885120.5031028,2.0,-2.0,-50.0
1776885120.5131028,5.0,2.0,-50.0
1776885120.5231028,5.0,2.0,-44.0
1776885120.5331028,5.0,1.0,-43.0
1776885120.5431027,1.0,5.0,-38.0
1776885120.5531027,2.0,1.0,-44.0
1776885120.5631027,-1.0,1.0,-40.0
1776885120.5731027,-4.0,4.0,-39.0
1776885120.5831027,-1.0,7.0,-41.0
1776885120.5931027,3.0,8.0,-40.0
1776885120.6031027,0.0,1.0,-39.0
1776885120.613103,2.0,0.0,-39.0
1776885120.623103,-4.0,1.0,-42.0
1776885120.633103,-1.0,-2.0,-47.0
1776885120.6431026,-2.0,-4.0,-50.0
1776885120.6531026,-4.0,-1.0,-56.0
1776885120.6631026,-6.0,0.0,-55.0
1776885120.6731029,-8.0,2.0,-49.0
1776885120.6831028,-4.0,0.0,-48.0
1776885120.6931028,3.0,-2.0,-46.0
1776885120.7031028,5.0,-6.0,-48.0
1776885120.7131028,6.0,-8.0,-46.0
1776885120.7231028,8.0,-11.0,-47.0
1776885120.7331028,7.0,-9.0,-43.0
1776885120.7431028,0.0,-8.0,-40.0
1776885120.7531028,0.0,-7.0,-38.0
1776885120.7631028,-1.0,-9.0,-37.0
1776885120.7731028,1.0,-9.0,-29.0
1776885120.7831028,1.0,-10.0,-29.0
1776885120.794103,3.0,-10.0,-24.0
1776885120.804103,5.0,-3.0,-25.0
1776885120.8141026,3.0,-3.0,-30.0
1776885120.8241026,4.0,-1.0,-34.0
1776885120.8331027,7.0,1.0,-44.0
1776885120.8441026,2.0,1.0,-42.0
1776885120.8541028,7.0,0.0,-40.0
1776885120.8641028,9.0,2.0,-40.0
1776885120.8741028,7.0,1.0,-47.0
1776885120.8841028,6.0,1.0,-48.0
1776885120.8941028,11.0,1.0,-42.0
1776885120.9041028,12.0,3.0,-43.0
1776885120.9141028,8.0,1.0,-52.0
1776885120.9241028,4.0,0.0,-57.0
1776885120.9341028,1.0,2.0,-55.0
1776885120.9441028,0.0,-2.0,-55.0
1776885120.9541028,1.0,0.0,-43.0
1776885120.9641027,0.0,-1.0,-43.0
1776885120.9741027,-5.0,-4.0,-39.0
1776885120.9841027,-6.0,1.0,-40.0
1776885120.9941027,-5.0,4.0,-47.0
1776885121.0041027,-1.0,3.0,-48.0
1776885121.0141027,-2.0,4.0,-48.0
1776885121.0241027,-6.0,2.0,-44.0
1776885121.034103,-5.0,0.0,-49.0
1776885121.044103,-4.0,-2.0,-45.0
1776885121.054103,0.0,-1.0,-45.0
1776885121.0641026,-2.0,1.0,-41.0
1776885121.0741026,-2.0,1.0,-37.0
1776885121.0841026,-4.0,0.0,-40.0
1776885121.0941026,-5.0,0.0,-37.0
1776885121.1041028,-3.0,1.0,-40.0
1776885121.1141028,-1.0,-3.0,-39.0
1776885121.1241028,0.0,-8.0,-41.0
1776885121.1341028,-4.0,-9.0,-39.0
1776885121.1441028,-4.0,-7.0,-48.0
1776885121.1541028,-3.0,-8.0,-43.0
1776885121.1641028,-3.0,-10.0,-43.0
1776885121.1741028,-4.0,-12.0,-42.0
1776885121.1841028,0.0,-9.0,-41.0
1776885121.1941028,-2.0,-4.0,-40.0
1776885121.2041028,-2.0,-4.0,-35.0
1776885121.2141027,0.0,-3.0,-41.0
1776885121.2241027,3.0,0.0,-48.0
1776885121.2341027,3.0,-3.0,-51.0
1776885121.2441027,3.0,-4.0,-46.0
1776885121.2541027,4.0,-3.0,-41.0
1776885121.2641027,3.0,-6.0,-41.0
1776885121.2741027,0.0,-4.0,-37.0
1776885121.284103,-1.0,-5.0,-39.0
1776885121.294103,-1.0,-2.0,-37.0
1776885121.304103,0.0,-1.0,-33.0
1776885121.3141026,-1.0,-3.0,-41.0
1776885121.3241026,-4.0,-7.0,-51.0
1776885121.3341026,-5.0,-8.0,-52.0
1776885121.3441026,-3.0,-6.0,-53.0
1776885121.3541028,0.0,-1.0,-55.0
1776885121.3641028,0.0,0.0,-49.0
1776885121.3741028,2.0,0.0,-48.0
1776885121.3841028,3.0,1.0,-46.0
1776885121.3941028,1.0,1.0,-46.0
1776885121.4041028,1.0,-1.0,-46.0
1776885121.4141028,0.0,0.0,-53.0
1776885121.4241028,0.0,2.0,-56.0
1776885121.4341028,-5.0,3.0,-57.0
1776885121.4441028,-6.0,3.0,-53.0
1776885121.4541028,-4.0,2.0,-44.0
1776885121.4641027,-4.0,-1.0,-38.0
1776885121.4741027,-2.0,-3.0,-49.0
1776885121.4841027,0.0,-1.0,-56.0
1776885121.4941027,6.0,0.0,-55.0
1776885121.5041027,5.0,0.0,-55.0
1776885121.5141027,0.0,-7.0,-57.0
1776885121.5241027,-2.0,-3.0,-55.0
1776885121.534103,-6.0,1.0,-53.0
1776885121.544103,-6.0,1.0,-45.0
1776885121.554103,-7.0,3.0,-39.0
1776885121.5641026,-5.0,0.0,-42.0
1776885121.5741026,-4.0,1.0,-43.0
1776885121.5841026,4.0,0.0,-44.0
1776885121.5941026,9.0,0.0,-45.0
1776885121.6041028,6.0,2.0,-51.0
1776885121.6141028,7.0,3.0,-53.0
1776885121.6241028,3.0,-1.0,-51.0
1776885121.6341028,2.0,0.0,-48.0
1776885121.6441028,3.0,0.0,-38.0
1776885121.6541028,2.0,-2.0,-37.0
1776885121.6641028,0.0,-4.0,-41.0
1776885121.6741028,0.0,-7.0,-48.0
1776885121.6841028,-1.0,-12.0,-42.0
1776885121.6941028,-1.0,-7.0,-41.0
1776885121.7041028,0.0,-6.0,-40.0
1776885121.7141027,-3.0,-7.0,-39.0
1776885121.7241027,-5.0,-8.0,-38.0
1776885121.7341027,-2.0,-8.0,-36.0
1776885121.7441027,-2.0,-8.0,-45.0
1776885121.7541027,-2.0,-5.0,-46.0
1776885121.7641027,0.0,-9.0,-54.0
1776885121.7741027,0.0,-5.0,-53.0
1776885121.784103,-4.0,-2.0,-49.0
1776885121.794103,-2.0,1.0,-42.0
1776885121.804103,-2.0,-2.0,-45.0
1776885121.8141026,0.0,0.0,-53.0
1776885121.8241026,2.0,0.0,-42.0
1776885121.8341026,-4.0,-1.0,-43.0
1776885121.8441026,-3.0,-2.0,-45.0
1776885121.8541028,0.0,-5.0,-45.0
1776885121.8641028,1.0,-10.0,-45.0
1776885121.8741028,-2.0,-9.0,-43.0
1776885121.8841028,-3.0,-9.0,-44.0
1776885121.8941028,0.0,-1.0,-42.0
1776885121.9041028,4.0,5.0,-43.0
1776885121.9141028,5.0,6.0,-44.0
1776885121.9241028,2.0,7.0,-42.0
1776885121.9341028,2.0,4.0,-41.0
1776885121.9441028,1.0,-1.0,-39.0
1776885121.9541028,0.0,-4.0,-41.0
1776885121.9641027,0.0,-3.0,-34.0
1776885121.9741027,-2.0,-2.0,-39.0
1776885121.9841027,-3.0,0.0,-39.0
1776885121.9941027,-1.0,-3.0,-36.0
1776885122.0041027,-2.0,-5.0,-40.0
1776885122.0141027,-5.0,-6.0,-52.0
1776885122.0241027,0.0,-6.0,-51.0
1776885122.034103,3.0,-2.0,-46.0
1776885122.044103,0.0,-2.0,-44.0
1776885122.054103,-4.0,-4.0,-41.0
1776885122.0641026,-2.0,-5.0,-45.0
1776885122.0741026,1.0,-6.0,-45.0
1776885122.0841026,0.0,-5.0,-42.0
1776885122.0941026,-2.0,-7.0,-44.0
1776885122.1041028,-1.0,-7.0,-51.0
1776885122.1141028,-4.0,-5.0,-54.0
1776885122.1241028,-2.0,-2.0,-47.0
1776885122.1341028,-5.0,-2.0,-50.0
1776885122.1441028,0.0,-5.0,-49.0
1776885122.1541028,0.0,0.0,-52.0
1776885122.1641028,0.0,-1.0,-49.0
1776885122.1741028,3.0,0.0,-52.0
1776885122.1841028,4.0,0.0,-53.0
1776885122.1941028,6.0,-1.0,-57.0
1776885122.2041028,3.0,-4.0,-47.0
1776885122.2141027,0.0,-4.0,-44.0
1776885122.2241027,2.0,-4.0,-43.0
1776885122.2341027,0.0,-2.0,-38.0
1776885122.2441027,-4.0,-4.0,-38.0
1776885122.2541027,-9.0,0.0,-37.0
1776885122.2641027,-7.0,-4.0,-37.0
1776885122.2741027,-6.0,-4.0,-42.0
1776885122.284103,-5.0,-5.0,-44.0
1776885122.294103,-6.0,-4.0,-49.0
1776885122.304103,-6.0,-3.0,-53.0
1776885122.3141026,-7.0,-1.0,-47.0
1776885122.3241026,-6.0,0.0,-38.0
1776885122.3341026,-5.0,2.0,-36.0
1776885122.3441026,0.0,2.0,-48.0
1776885122.3541028,-1.0,-1.0,-51.0
1776885122.3641028,-1.0,2.0,-41.0
1776885122.3741028,-2.0,0.0,-44.0
1776885122.3841028,1.0,0.0,-46.0
1776885122.3941028,3.0,-2.0,-41.0
1776885122.4041028,7.0,0.0,-41.0
1776885122.4141028,9.0,-2.0,-40.0
1776885122.4241028,10.0,-2.0,-38.0
1776885122.4341028,6.0,-4.0,-45.0
1776885122.4441028,2.0,0.0,-47.0
1776885122.4541028,5.0,0.0,-51.0
1776885122.4641027,6.0,-3.0,-55.0
1776885122.4741027,1.0,-4.0,-47.0
1776885122.4841027,-3.0,-3.0,-49.0
1776885122.4941027,-5.0,0.0,-46.0
1776885122.5041027,-2.0,3.0,-50.0
1776885122.5141027,-4.0,0.0,-58.0
1776885122.5241027,-5.0,0.0,-54.0
1776885122.534103,-5.0,1.0,-56.0
1776885122.544103,-1.0,6.0,-57.0
1776885122.554103,-4.0,5.0,-57.0
1776885122.5641026,-3.0,4.0,-57.0
1776885122.5741026,-6.0,3.0,-59.0
1776885122.5841026,-3.0,2.0,-53.0
1776885122.5941026,-1.0,1.0,-48.0
1776885122.6041028,-6.0,1.0,-50.0
1776885122.6141028,-6.0,-2.0,-51.0
1776885122.6241028,-7.0,-4.0,-49.0
1776885122.6341028,-4.0,-4.0,-46.0
1776885122.6441028,-1.0,-3.0,-43.0
1776885122.6541028,-3.0,1.0,-43.0
1776885122.6641028,-8.0,6.0,-39.0
1776885122.6741028,-7.0,5.0,-39.0
1776885122.6841028,-4.0,7.0,-41.0
1776885122.6951027,-2.0,6.0,-32.0
1776885122.7041028,-3.0,6.0,-31.0
1776885122.7141027,0.0,3.0,-35.0
1776885122.7241027,0.0,2.0,-37.0
1776885122.7341027,0.0,6.0,-41.0
1776885122.7451026,2.0,6.0,-43.0
1776885122.7551026,2.0,2.0,-49.0
1776885122.7651026,3.0,-4.0,-49.0
1776885122.7751029,5.0,-3.0,-43.0
1776885122.784103,1.0,-2.0,-46.0
1776885122.7951028,-1.0,-3.0,-40.0
1776885122.8051028,2.0,-2.0,-41.0
1776885122.8151028,0.0,-1.0,-42.0
1776885122.8251028,0.0,1.0,-44.0
1776885122.8351028,-1.0,-4.0,-45.0
1776885122.8451028,0.0,-2.0,-42.0
1776885122.8551028,-2.0,-2.0,-44.0
1776885122.8651028,0.0,-4.0,-48.0
1776885122.8751028,-1.0,-5.0,-42.0
1776885122.8851027,-2.0,0.0,-44.0
1776885122.8951027,-2.0,-1.0,-53.0
1776885122.9051027,-4.0,-3.0,-46.0
1776885122.9151027,0.0,-1.0,-48.0
1776885122.9251027,4.0,-1.0,-49.0
1776885122.9351027,6.0,-4.0,-45.0
1776885122.9451027,7.0,-5.0,-49.0
1776885122.9551027,4.0,-9.0,-48.0
1776885122.965103,5.0,-8.0,-51.0
1776885122.975103,8.0,-6.0,-45.0
1776885122.985103,9.0,-9.0,-42.0
1776885122.9951026,9.0,-8.0,-37.0
1776885123.0051026,10.0,-2.0,-31.0
1776885123.0151026,6.0,-2.0,-35.0
1776885123.0251029,6.0,-1.0,-42.0
1776885123.0351028,2.0,-2.0,-49.0
1776885123.0451028,1.0,-1.0,-44.0
1776885123.0551028,4.0,2.0,-44.0
1776885123.0651028,6.0,7.0,-45.0
1776885123.0751028,9.0,9.0,-42.0
1776885123.0851028,7.0,9.0,-39.0
1776885123.0951028,8.0,9.0,-39.0
1776885123.1051028,7.0,6.0,-38.0
1776885123.1151028,13.0,5.0,-45.0
1776885123.1251028,11.0,2.0,-48.0
1776885123.1351027,6.0,-2.0,-39.0
1776885123.1451027,5.0,-5.0,-41.0
1776885123.1551027,0.0,-5.0,-38.0
1776885123.1651027,-1.0,-11.0,-35.0
1776885123.1751027,-1.0,-12.0,-34.0
1776885123.1851027,0.0,-12.0,-36.0
1776885123.1951027,-1.0,-4.0,-36.0
1776885123.2051027,-5.0,0.0,-38.0
1776885123.215103,-6.0,1.0,-47.0
1776885123.225103,-7.0,4.0,-57.0
1776885123.235103,-4.0,1.0,-55.0
1776885123.2451026,-3.0,-1.0,-45.0
1776885123.2551026,-3.0,1.0,-47.0
1776885123.2651026,0.0,1.0,-41.0
1776885123.2751029,-1.0,0.0,-36.0
1776885123.2851028,0.0,7.0,-37.0
1776885123.2951028,0.0,6.0,-41.0
1776885123.3051028,5.0,3.0,-34.0
1776885123.3151028,5.0,3.0,-36.0
1776885123.3251028,8.0,1.0,-33.0
1776885123.3351028,5.0,2.0,-35.0
1776885123.3451028,3.0,3.0,-33.0
1776885123.3551028,3.0,3.0,-38.0
1776885123.3651028,-3.0,0.0,-40.0
1776885123.3751028,-4.0,-4.0,-39.0
1776885123.3851027,-8.0,-2.0,-40.0
1776885123.3951027,-14.0,0.0,-42.0
1776885123.4051027,-10.0,0.0,-44.0
1776885123.4151027,-8.0,-6.0,-53.0
1776885123.4251027,-3.0,-5.0,-48.0
1776885123.4351027,-4.0,-2.0,-50.0
1776885123.4451027,-2.0,-1.0,-49.0
1776885123.4551027,0.0,-2.0,-44.0
1776885123.465103,1.0,-3.0,-40.0
1776885123.475103,0.0,-6.0,-43.0
1776885123.485103,-5.0,-5.0,-45.0
1776885123.4951026,0.0,-3.0,-47.0
1776885123.5051026,-3.0,-5.0,-49.0
1776885123.5151026,0.0,-1.0,-50.0
1776885123.5251029,2.0,3.0,-54.0
1776885123.5351028,3.0,2.0,-47.0
1776885123.5451028,0.0,-1.0,-48.0
1776885123.5551028,-2.0,-4.0,-48.0
1776885123.5651028,-6.0,-2.0,-47.0
1776885123.5751028,-8.0,0.0,-48.0
1776885123.5851028,1.0,1.0,-53.0
1776885123.5951028,2.0,0.0,-53.0
1776885123.6051028,1.0,3.0,-51.0
1776885123.6151028,-2.0,4.0,-50.0
1776885123.6251028,0.0,5.0,-44.0
1776885123.6351027,-1.0,6.0,-42.0
1776885123.6451027,3.0,5.0,-44.0
1776885123.6551027,2.0,6.0,-48.0
1776885123.6651027,4.0,5.0,-50.0
1776885123.6751027,1.0,4.0,-52.0
1776885123.6851027,0.0,2.0,-51.0
1776885123.6951027,-1.0,-1.0,-50.0
1776885123.7051027,-2.0,-2.0,-52.0
1776885123.715103,0.0,-1.0,-53.0
1776885123.725103,-1.0,1.0,-48.0
1776885123.735103,-2.0,0.0,-42.0
1776885123.7451026,-1.0,0.0,-37.0
1776885123.7551026,1.0,-2.0,-29.0
1776885123.7651026,0.0,-4.0,-30.0
1776885123.7751029,-2.0,-4.0,-33.0
1776885123.7851028,-2.0,-3.0,-35.0
1776885123.7951028,-3.0,-6.0,-33.0
1776885123.8051028,-3.0,-3.0,-36.0
1776885123.8151028,-5.0,0.0,-33.0
1776885123.8251028,0.0,1.0,-34.0
1776885123.8351028,0.0,0.0,-33.0
1776885123.8451028,2.0,-2.0,-37.0
1776885123.8551028,1.0,-3.0,-41.0
1776885123.8651028,0.0,-1.0,-38.0
1776885123.8751028,0.0,-4.0,-37.0
1776885123.8851027,0.0,-5.0,-36.0
1776885123.8951027,0.0,-5.0,-38.0
1776885123.9051027,2.0,-4.0,-44.0
1776885123.9151027,1.0,-3.0,-46.0
1776885123.9251027,2.0,0.0,-45.0
1776885123.9351027,1.0,0.0,-42.0
1776885123.9451027,0.0,0.0,-44.0
1776885123.9551027,0.0,0.0,-41.0
1776885123.965103,-3.0,-4.0,-42.0
1776885123.975103,-4.0,-5.0,-42.0
1776885123.985103,-6.0,-5.0,-41.0
1776885123.9951026,-2.0,-6.0,-44.0
1776885124.0051026,-5.0,-3.0,-48.0
1776885124.0151026,-7.0,-2.0,-51.0
1776885124.0251029,-4.0,0.0,-58.0
1776885124.0351028,-1.0,0.0,-49.0
1776885124.0451028,-3.0,-3.0,-55.0
1776885124.0551028,-2.0,-1.0,-58.0
1776885124.0651028,-1.0,-1.0,-53.0
1776885124.0751028,0.0,-1.0,-49.0
1776885124.0851028,1.0,-4.0,-49.0
1776885124.0951028,-1.0,-5.0,-53.0
1776885124.1051028,-2.0,-4.0,-50.0
1776885124.1151028,1.0,-8.0,-48.0
1776885124.1251028,1.0,-7.0,-52.0
1776885124.1351027,3.0,-1.0,-52.0
1776885124.1451027,5.0,0.0,-52.0
1776885124.1551027,0.0,-1.0,-51.0
1776885124.1651027,0.0,-2.0,-60.0
1776885124.1751027,0.0,-2.0,-61.0
1776885124.1851027,-1.0,0.0,-58.0
1776885124.1951027,-2.0,-3.0,-59.0
1776885124.2051027,0.0,-2.0,-51.0
1776885124.215103,0.0,-2.0,-51.0
1776885124.225103,3.0,-1.0,-42.0
1776885124.235103,7.0,0.0,-43.0
1776885124.2451026,8.0,0.0,-41.0
1776885124.2551026,7.0,2.0,-42.0
1776885124.2651026,11.0,0.0,-45.0
1776885124.2751029,9.0,0.0,-39.0
1776885124.2851028,10.0,0.0,-32.0
1776885124.2951028,4.0,2.0,-33.0
1776885124.3051028,1.0,2.0,-34.0
1776885124.3151028,-4.0,-1.0,-34.0
1776885124.3251028,-8.0,-4.0,-38.0
1776885124.3351028,-5.0,-5.0,-50.0
1776885124.3451028,1.0,-7.0,-51.0
1776885124.3551028,0.0,-8.0,-50.0
1776885124.3651028,0.0,-3.0,-54.0
1776885124.3751028,-2.0,0.0,-52.0
1776885124.3851027,0.0,1.0,-52.0
1776885124.3951027,-3.0,0.0,-55.0
1776885124.4051027,-2.0,-1.0,-57.0
1776885124.4151027,3.0,-4.0,-51.0
1776885124.4251027,0.0,-4.0,-44.0
1776885124.4351027,-2.0,-6.0,-43.0
1776885124.4451027,-6.0,-2.0,-37.0
1776885124.4551027,-4.0,0.0,-34.0
1776885124.465103,0.0,-1.0,-37.0
1776885124.475103,0.0,0.0,-39.0
1776885124.485103,0.0,4.0,-39.0
1776885124.4951026,0.0,5.0,-38.0
1776885124.5051026,5.0,2.0,-46.0
1776885124.5151026,10.0,-1.0,-46.0
1776885124.5251029,9.0,-3.0,-50.0
1776885124.5351028,8.0,-5.0,-50.0
1776885124.5451028,9.0,-5.0,-45.0
1776885124.5551028,11.0,-5.0,-41.0
1776885124.5651028,10.0,-2.0,-41.0
1776885124.5751028,12.0,-4.0,-42.0
1776885124.5851028,6.0,-3.0,-39.0
1776885124.5951028,-1.0,-6.0,-41.0
1776885124.6051028,-4.0,-5.0,-47.0
1776885124.6151028,-3.0,0.0,-47.0
1776885124.6251028,-2.0,1.0,-49.0
1776885124.6351027,-2.0,0.0,-40.0
1776885124.6451027,-5.0,-1.0,-36.0
1776885124.6551027,-7.0,-4.0,-44.0
1776885124.6651027,-6.0,-1.0,-41.0
1776885124.6751027,-7.0,-4.0,-41.0
1776885124.6861026,0.0,-6.0,-42.0
1776885124.6961029,2.0,-5.0,-40.0
1776885124.7061028,5.0,-7.0,-38.0
1776885124.715103,1.0,-6.0,-34.0
1776885124.7261028,1.0,-7.0,-37.0
1776885124.7361028,3.0,-7.0,-52.0
1776885124.7461028,-3.0,-5.0,-52.0
1776885124.7561028,-1.0,-7.0,-52.0
1776885124.7661028,0.0,-7.0,-56.0
1776885124.7761028,0.0,-5.0,-57.0
1776885124.7861028,1.0,-1.0,-42.0
1776885124.7961028,0.0,-2.0,-42.0
1776885124.8061028,1.0,0.0,-40.0
1776885124.8161027,3.0,0.0,-39.0
1776885124.8261027,0.0,2.0,-36.0
1776885124.8361027,0.0,2.0,-40.0
1776885124.8461027,-2.0,1.0,-40.0
1776885124.8561027,-3.0,2.0,-51.0
1776885124.8661027,-5.0,3.0,-47.0
1776885124.8761027,-5.0,5.0,-42.0
1776885124.886103,-1.0,0.0,-41.0
1776885124.896103,-2.0,0.0,-34.0
1776885124.906103,-2.0,0.0,-32.0
1776885124.9161026,3.0,-1.0,-35.0
1776885124.9261026,-1.0,-2.0,-44.0
1776885124.9361026,0.0,-3.0,-43.0
1776885124.9461029,6.0,-3.0,-40.0
1776885124.9561028,2.0,0.0,-46.0
1776885124.9661028,0.0,4.0,-46.0
1776885124.9761028,-1.0,4.0,-45.0
1776885124.9861028,-1.0,6.0,-42.0
1776885124.9961028,0.0,9.0,-39.0
1776885125.0061028,3.0,7.0,-37.0
1776885125.0161028,0.0,4.0,-40.0
1776885125.0261028,0.0,0.0,-38.0
1776885125.0361028,-1.0,-3.0,-39.0
1776885125.0461028,0.0,-5.0,-44.0
1776885125.0561028,0.0,-3.0,-39.0
1776885125.0661027,0.0,-1.0,-36.0
1776885125.0761027,5.0,-1.0,-39.0
1776885125.0861027,4.0,-4.0,-41.0
1776885125.0961027,5.0,-5.0,-42.0
1776885125.1061027,5.0,-1.0,-42.0
1776885125.1161027,7.0,-1.0,-38.0
1776885125.1261027,6.0,0.0,-43.0
1776885125.136103,5.0,0.0,-51.0
1776885125.146103,3.0,0.0,-47.0
1776885125.156103,1.0,0.0,-43.0
1776885125.1661026,1.0,2.0,-45.0
1776885125.1761026,0.0,1.0,-42.0
1776885125.1861026,2.0,1.0,-48.0
1776885125.1961029,2.0,0.0,-55.0
1776885125.2061028,3.0,0.0,-53.0
1776885125.2161028,4.0,0.0,-51.0
1776885125.2261028,4.0,0.0,-52.0
1776885125.2361028,4.0,-3.0,-48.0
1776885125.2461028,8.0,-7.0,-46.0
1776885125.2561028,5.0,-9.0,-50.0
1776885125.2661028,0.0,-7.0,-42.0
1776885125.2761028,-1.0,-7.0,-44.0
1776885125.2861028,0.0,-5.0,-48.0
1776885125.2961028,0.0,-2.0,-40.0
1776885125.3061028,1.0,0.0,-36.0
1776885125.3161027,1.0,-7.0,-44.0
1776885125.3261027,0.0,-3.0,-48.0
1776885125.3361027,2.0,-1.0,-43.0
1776885125.3461027,2.0,-4.0,-36.0
1776885125.3561027,2.0,-3.0,-44.0
1776885125.3661027,3.0,-4.0,-40.0
1776885125.3761027,2.0,-3.0,-42.0
1776885125.386103,2.0,-2.0,-45.0
1776885125.396103,2.0,-4.0,-40.0
1776885125.406103,2.0,-2.0,-43.0
1776885125.4161026,0.0,2.0,-41.0
1776885125.4261026,-3.0,1.0,-44.0
1776885125.4361026,-4.0,0.0,-45.0
1776885125.4461029,-3.0,0.0,-51.0
1776885125.4561028,-4.0,-1.0,-49.0
1776885125.4661028,-4.0,0.0,-48.0
1776885125.4761028,-6.0,2.0,-52.0
1776885125.4861028,0.0,2.0,-52.0
1776885125.4961028,-2.0,-3.0,-54.0
1776885125.5061028,-5.0,-3.0,-52.0
1776885125.5161028,-6.0,-7.0,-51.0
1776885125.5261028,-7.0,-7.0,-55.0
1776885125.5361028,-10.0,-8.0,-54.0
1776885125.5461028,-8.0,-3.0,-53.0
1776885125.5561028,-6.0,3.0,-40.0
1776885125.5661027,-13.0,2.0,-39.0
1776885125.5761027,-13.0,2.0,-40.0
1776885125.5861027,-13.0,0.0,-42.0
1776885125.5961027,-8.0,1.0,-46.0
1776885125.6061027,-5.0,0.0,-44.0
1776885125.6161027,-3.0,1.0,-44.0
1776885125.6261027,-2.0,-2.0,-45.0
1776885125.636103,0.0,-3.0,-41.0
1776885125.646103,0.0,-3.0,-49.0
1776885125.656103,-1.0,-7.0,-39.0
1776885125.6661026,-3.0,-4.0,-40.0
1776885125.6761026,-3.0,0.0,-46.0
1776885125.6861026,-1.0,2.0,-43.0
1776885125.6961029,-1.0,-2.0,-43.0
1776885125.7061028,-7.0,-6.0,-43.0
1776885125.7161028,-5.0,-6.0,-48.0
1776885125.7261028,-8.0,-3.0,-44.0
1776885125.7361028,-9.0,-2.0,-44.0
1776885125.7461028,-10.0,-1.0,-46.0
1776885125.7561028,-6.0,3.0,-55.0
1776885125.7661028,-3.0,-3.0,-57.0
1776885125.7761028,1.0,-5.0,-54.0
1776885125.7861028,2.0,-6.0,-46.0
1776885125.7961028,2.0,-5.0,-48.0
1776885125.8061028,0.0,-4.0,-54.0
1776885125.8161027,2.0,-2.0,-53.0
1776885125.8261027,3.0,-1.0,-53.0
1776885125.8361027,3.0,0.0,-51.0
1776885125.8461027,4.0,-1.0,-53.0
1776885125.8561027,6.0,0.0,-54.0
1776885125.8661027,3.0,-3.0,-51.0
1776885125.8761027,0.0,-2.0,-46.0
1776885125.886103,-1.0,-1.0,-49.0
1776885125.896103,3.0,-6.0,-56.0
1776885125.906103,4.0,-2.0,-59.0
1776885125.9161026,5.0,-2.0,-55.0
1776885125.9261026,2.0,-1.0,-51.0
1776885125.9361026,3.0,-2.0,-55.0
1776885125.9461029,6.0,-3.0,-57.0
1776885125.9561028,4.0,-1.0,-47.0
1776885125.9661028,3.0,-3.0,-46.0
1776885125.9761028,5.0,-3.0,-48.0
1776885125.9861028,7.0,0.0,-56.0
1776885125.9961028,5.0,-4.0,-52.0
1776885126.0061028,3.0,-2.0,-50.0
1776885126.0161028,2.0,-3.0,-50.0
1776885126.0261028,3.0,-2.0,-48.0
1776885126.0361028,-1.0,-5.0,-46.0
1776885126.0461028,0.0,-3.0,-44.0
1776885126.0561028,-1.0,0.0,-44.0
1776885126.0661027,0.0,0.0,-42.0
1776885126.0761027,4.0,-3.0,-42.0
1776885126.0861027,0.0,-3.0,-44.0
1776885126.0961027,0.0,-2.0,-44.0
1776885126.1061027,0.0,-4.0,-47.0
1776885126.1161027,-1.0,-8.0,-48.0
1776885126.1261027,-3.0,-5.0,-45.0
1776885126.136103,-3.0,-5.0,-52.0
1776885126.146103,-1.0,-3.0,-57.0
1776885126.156103,0.0,2.0,-54.0
1776885126.1661026,0.0,2.0,-53.0
1776885126.1761026,4.0,3.0,-54.0
1776885126.1861026,6.0,0.0,-42.0
1776885126.1961029,5.0,3.0,-42.0
1776885126.2061028,5.0,1.0,-48.0
1776885126.2161028,3.0,0.0,-53.0
1776885126.2261028,0.0,2.0,-55.0
1776885126.2361028,2.0,-1.0,-52.0
1776885126.2461028,8.0,0.0,-48.0
1776885126.2561028,8.0,1.0,-51.0
1776885126.2661028,10.0,-1.0,-54.0
1776885126.2761028,9.0,1.0,-52.0
1776885126.2861028,9.0,-3.0,-51.0
1776885126.2961028,4.0,-2.0,-56.0
1776885126.3061028,3.0,-3.0,-51.0
1776885126.3161027,0.0,-4.0,-47.0
1776885126.3261027,-2.0,-2.0,-43.0
1776885126.3361027,0.0,-2.0,-45.0
1776885126.3461027,0.0,-2.0,-41.0
1776885126.3561027,1.0,0.0,-43.0
1776885126.3661027,1.0,0.0,-41.0
1776885126.3761027,4.0,1.0,-44.0
1776885126.386103,5.0,3.0,-55.0
1776885126.396103,4.0,5.0,-51.0
1776885126.406103,2.0,-3.0,-51.0
1776885126.4161026,1.0,0.0,-47.0
1776885126.4261026,1.0,4.0,-54.0
1776885126.4361026,1.0,6.0,-45.0
1776885126.4461029,4.0,9.0,-38.0
1776885126.4561028,0.0,10.0,-43.0
1776885126.4661028,0.0,7.0,-46.0
1776885126.4761028,-1.0,3.0,-41.0
1776885126.4861028,2.0,3.0,-40.0
1776885126.4961028,1.0,0.0,-40.0
1776885126.5061028,1.0,-1.0,-38.0
1776885126.5161028,0.0,1.0,-37.0
1776885126.5271027,1.0,1.0,-43.0
1776885126.5361028,6.0,-3.0,-42.0
1776885126.5461028,6.0,-2.0,-43.0
1776885126.5561028,9.0,-3.0,-46.0
1776885126.5661027,5.0,-4.0,-50.0
1776885126.5761027,0.0,-6.0,-50.0
1776885126.5861027,-4.0,-4.0,-37.0
1776885126.5961027,0.0,-4.0,-36.0
1776885126.6061027,1.0,-7.0,-36.0
1776885126.6161027,-1.0,-2.0,-38.0
1776885126.6261027,-3.0,-1.0,-40.0
1776885126.636103,-1.0,0.0,-39.0
1776885126.646103,-1.0,-1.0,-38.0
1776885126.6571028,1.0,-3.0,-31.0
1776885126.6661026,0.0,-6.0,-33.0
1776885126.6761026,-2.0,-9.0,-35.0
1776885126.6861026,-6.0,-11.0,-39.0
1776885126.6971028,-5.0,-10.0,-38.0
1776885126.7071028,-3.0,-5.0,-42.0
1776885126.7171028,-3.0,-7.0,-46.0
1776885126.7271028,0.0,-8.0,-46.0
1776885126.7371027,-1.0,-5.0,-45.0
1776885126.7471027,1.0,-3.0,-46.0
1776885126.7571027,-3.0,-6.0,-45.0
1776885126.7671027,-1.0,-7.0,-52.0
1776885126.7771027,-1.0,-11.0,-54.0
1776885126.7871027,-1.0,-9.0,-52.0
1776885126.7971027,-1.0,-8.0,-53.0
1776885126.807103,-7.0,-5.0,-52.0
1776885126.817103,-6.0,-7.0,-44.0
1776885126.827103,-4.0,-9.0,-46.0
1776885126.837103,-1.0,-9.0,-47.0
1776885126.8471026,1.0,-7.0,-47.0
1776885126.8571026,0.0,-5.0,-48.0
1776885126.8671026,5.0,0.0,-43.0
1776885126.8771029,11.0,-1.0,-37.0
1776885126.8871028,4.0,-1.0,-37.0
1776885126.8971028,0.0,-1.0,-42.0
1776885126.9071028,0.0,1.0,-45.0
1776885126.9171028,-3.0,0.0,-41.0
1776885126.9271028,-3.0,-3.0,-46.0
1776885126.9371028,-3.0,-5.0,-38.0
1776885126.9471028,-4.0,-4.0,-36.0
1776885126.9571028,-4.0,-8.0,-43.0
1776885126.9671028,1.0,-5.0,-41.0
1776885126.9771028,2.0,-7.0,-41.0
1776885126.9871027,0.0,-6.0,-36.0
1776885126.9971027,0.0,-2.0,-35.0
1776885127.0071027,-2.0,0.0,-37.0
1776885127.0171027,-3.0,1.0,-34.0
1776885127.0271027,-6.0,-1.0,-34.0
1776885127.0371027,-7.0,0.0,-38.0
1776885127.0471027,-5.0,-3.0,-46.0
1776885127.057103,-8.0,-2.0,-43.0
1776885127.067103,-8.0,-1.0,-45.0
1776885127.077103,-6.0,-4.0,-41.0
1776885127.087103,-3.0,-9.0,-37.0
1776885127.0971026,0.0,-11.0,-37.0
1776885127.1071026,1.0,-13.0,-40.0
1776885127.1171026,0.0,-13.0,-40.0
1776885127.1271029,1.0,-11.0,-42.0
1776885127.1371028,4.0,-7.0,-35.0
1776885127.1471028,4.0,-2.0,-38.0
1776885127.1571028,6.0,-1.0,-36.0
1776885127.1671028,6.0,0.0,-33.0
1776885127.1771028,9.0,-2.0,-33.0
1776885127.1871028,6.0,-5.0,-33.0
1776885127.1971028,7.0,-7.0,-38.0
1776885127.2071028,5.0,-7.0,-41.0
1776885127.2171028,5.0,-8.0,-43.0
1776885127.2271028,3.0,-4.0,-46.0
1776885127.2371027,3.0,-1.0,-53.0
1776885127.2471027,0.0,-5.0,-49.0
1776885127.2571027,1.0,-8.0,-51.0
1776885127.2671027,4.0,-12.0,-54.0
1776885127.2771027,2.0,-11.0,-51.0
1776885127.2871027,5.0,-7.0,-45.0
1776885127.2971027,6.0,-3.0,-45.0
1776885127.307103,4.0,-5.0,-41.0
1776885127.317103,2.0,-1.0,-39.0
1776885127.327103,5.0,-2.0,-36.0
1776885127.337103,8.0,-3.0,-40.0
1776885127.3471026,2.0,-2.0,-41.0
1776885127.3571026,2.0,-3.0,-44.0
1776885127.3671026,0.0,-2.0,-48.0
1776885127.3771029,-2.0,4.0,-55.0
1776885127.3871028,0.0,5.0,-42.0
1776885127.3971028,1.0,2.0,-40.0
1776885127.4071028,-1.0,4.0,-41.0
1776885127.4171028,-2.0,0.0,-38.0
1776885127.4271028,-1.0,-1.0,-38.0
1776885127.4371028,0.0,0.0,-38.0
1776885127.4471028,2.0,-1.0,-36.0
1776885127.4571028,4.0,3.0,-42.0
1776885127.4671028,3.0,3.0,-39.0
1776885127.4771028,0.0,2.0,-44.0
1776885127.4871027,-2.0,-2.0,-45.0
1776885127.4971027,-1.0,-1.0,-44.0
1776885127.5071027,-2.0,0.0,-44.0
1776885127.5171027,-1.0,0.0,-42.0
1776885127.5271027,-3.0,-5.0,-42.0
1776885127.5371027,-1.0,-7.0,-43.0
1776885127.5471027,-1.0,-4.0,-48.0
1776885127.557103,0.0,-4.0,-45.0
1776885127.567103,-2.0,-1.0,-51.0
1776885127.577103,2.0,0.0,-55.0
1776885127.587103,-2.0,3.0,-42.0
1776885127.5971026,-6.0,3.0,-41.0
1776885127.6071026,-8.0,2.0,-36.0
1776885127.6171026,-11.0,-2.0,-43.0
1776885127.6271029,-6.0,-2.0,-44.0
1776885127.6371028,-4.0,-3.0,-46.0
1776885127.6471028,-5.0,-3.0,-46.0
1776885127.6571028,-5.0,1.0,-49.0
1776885127.6671028,-5.0,1.0,-54.0
1776885127.6771028,-4.0,1.0,-49.0
1776885127.6871028,0.0,0.0,-42.0
1776885127.6971028,1.0,0.0,-43.0
1776885127.7071028,1.0,0.0,-43.0
1776885127.7171028,0.0,1.0,-44.0
1776885127.7271028,-3.0,0.0,-49.0
1776885127.7371027,2.0,-3.0,-51.0
1776885127.7471027,2.0,-4.0,-54.0
1776885127.7571027,0.0,-3.0,-59.0
1776885127.7671027,2.0,-4.0,-56.0
1776885127.7771027,0.0,-5.0,-52.0
1776885127.7871027,1.0,-7.0,-43.0
1776885127.7971027,-1.0,-8.0,-36.0
1776885127.807103,-3.0,-9.0,-39.0
1776885127.817103,-6.0,-8.0,-35.0
1776885127.827103,-8.0,-6.0,-41.0
1776885127.837103,-10.0,-4.0,-41.0
1776885127.8471026,-8.0,-2.0,-41.0
1776885127.8571026,-11.0,0.0,-37.0
1776885127.8671026,-8.0,3.0,-42.0
1776885127.8771029,-1.0,4.0,-37.0
1776885127.8871028,3.0,5.0,-39.0
1776885127.8971028,3.0,5.0,-43.0
1776885127.9071028,1.0,2.0,-41.0
1776885127.9171028,-2.0,3.0,-39.0
1776885127.9271028,-1.0,6.0,-36.0
1776885127.9371028,1.0,4.0,-30.0
1776885127.9471028,1.0,3.0,-36.0
1776885127.9571028,-1.0,4.0,-40.0
1776885127.9671028,0.0,0.0,-41.0
1776885127.9771028,1.0,0.0,-37.0
1776885127.9871027,3.0,-2.0,-43.0
1776885127.9971027,1.0,-2.0,-45.0
1776885128.0071027,1.0,-4.0,-44.0
1776885128.0171027,2.0,-7.0,-35.0
1776885128.0271027,1.0,-8.0,-43.0
1776885128.0371027,-1.0,-8.0,-50.0
1776885128.0471027,-6.0,-8.0,-50.0
1776885128.057103,-11.0,-6.0,-41.0
1776885128.067103,-13.0,-3.0,-41.0
1776885128.077103,-7.0,-3.0,-45.0
1776885128.087103,-7.0,1.0,-40.0
1776885128.0971026,-5.0,1.0,-38.0
1776885128.1071026,-5.0,0.0,-40.0
1776885128.1171026,-5.0,0.0,-46.0
1776885128.1271029,-3.0,0.0,-38.0
1776885128.1371028,0.0,0.0,-34.0
1776885128.1471028,4.0,-2.0,-37.0
1776885128.1571028,5.0,-1.0,-43.0
1776885128.1671028,6.0,-1.0,-49.0
1776885128.1771028,0.0,-2.0,-50.0
1776885128.1871028,-1.0,1.0,-50.0
1776885128.1971028,-3.0,2.0,-52.0
1776885128.2071028,-3.0,0.0,-55.0
1776885128.2171028,0.0,-3.0,-49.0
1776885128.2271028,0.0,-6.0,-52.0
1776885128.2371027,4.0,-6.0,-45.0
1776885128.2471027,2.0,-5.0,-49.0
1776885128.2571027,2.0,-6.0,-54.0
1776885128.2671027,-2.0,-6.0,-55.0
1776885128.2771027,-5.0,-7.0,-55.0
1776885128.2871027,-7.0,-5.0,-53.0
1776885128.2971027,-1.0,-2.0,-52.0
1776885128.307103,0.0,-4.0,-52.0
1776885128.317103,4.0,-1.0,-44.0
1776885128.327103,6.0,-3.0,-45.0
1776885128.337103,8.0,-9.0,-48.0
1776885128.3471026,3.0,-7.0,-40.0
1776885128.3571026,5.0,-5.0,-37.0
1776885128.3671026,6.0,-6.0,-45.0
1776885128.3771029,5.0,-5.0,-48.0
1776885128.3871028,2.0,-4.0,-50.0
1776885128.3971028,2.0,-5.0,-51.0
1776885128.4071028,1.0,-1.0,-50.0
1776885128.4171028,1.0,-2.0,-43.0
1776885128.4271028,0.0,-1.0,-39.0
1776885128.4371028,0.0,0.0,-36.0
1776885128.4471028,0.0,-3.0,-38.0
1776885128.4571028,0.0,-4.0,-36.0
1776885128.4671028,1.0,-7.0,-38.0
1776885128.4771028,-2.0,-6.0,-39.0
1776885128.4871027,-5.0,-3.0,-38.0
1776885128.4971027,-1.0,0.0,-38.0
1776885128.5071027,0.0,-2.0,-40.0
1776885128.5171027,5.0,-2.0,-44.0
1776885128.5271027,1.0,-3.0,-45.0
1776885128.5371027,-2.0,-5.0,-51.0
1776885128.5471027,-2.0,-6.0,-49.0
1776885128.557103,-3.0,-5.0,-45.0
1776885128.567103,-3.0,-5.0,-50.0
1776885128.577103,0.0,-8.0,-46.0
1776885128.587103,3.0,-7.0,-51.0
1776885128.5971026,2.0,-7.0,-51.0
1776885128.6071026,0.0,-11.0,-48.0
1776885128.6171026,2.0,-7.0,-43.0
1776885128.6281028,4.0,-7.0,-43.0
1776885128.6371028,1.0,-2.0,-42.0
1776885128.6471028,-2.0,2.0,-45.0
1776885128.6571028,-5.0,2.0,-41.0
1776885128.6671028,-7.0,1.0,-42.0
1776885128.6771028,-3.0,-1.0,-43.0
1776885128.6881027,0.0,-2.0,-47.0
1776885128.6981027,1.0,2.0,-51.0
1776885128.7081027,5.0,1.0,-45.0
1776885128.7181027,9.0,-3.0,-44.0
1776885128.7281027,6.0,-6.0,-38.0
1776885128.738103,5.0,-5.0,-38.0
1776885128.748103,4.0,-5.0,-44.0
1776885128.758103,7.0,-1.0,-45.0
1776885128.7681026,5.0,0.0,-45.0
1776885128.7781026,4.0,-3.0,-53.0
1776885128.7881026,3.0,-5.0,-51.0
1776885128.7981029,4.0,-4.0,-49.0
1776885128.8081028,3.0,0.0,-43.0
1776885128.8181028,-1.0,-4.0,-37.0
1776885128.8281028,0.0,-3.0,-43.0
1776885128.8381028,1.0,-4.0,-49.0
1776885128.8481028,0.0,0.0,-51.0
1776885128.8581028,-1.0,-2.0,-51.0
1776885128.8681028,-2.0,0.0,-45.0
1776885128.8781028,3.0,1.0,-41.0
1776885128.8881028,6.0,0.0,-44.0
1776885128.8981028,4.0,-1.0,-46.0
1776885128.9081028,3.0,2.0,-46.0
1776885128.9181027,9.0,2.0,-45.0
1776885128.9281027,10.0,0.0,-43.0
1776885128.9381027,0.0,-3.0,-35.0
1776885128.9481027,-5.0,-3.0,-33.0
1776885128.9581027,-7.0,-5.0,-37.0
1776885128.9681027,-6.0,-4.0,-41.0
1776885128.9781027,-1.0,-4.0,-40.0
1776885128.988103,-1.0,-4.0,-41.0
1776885128.998103,-1.0,-4.0,-46.0
1776885129.008103,1.0,-1.0,-40.0
1776885129.0181026,0.0,-4.0,-40.0
1776885129.0281026,-2.0,-3.0,-45.0
1776885129.0381026,-2.0,-5.0,-46.0
1776885129.0481029,-7.0,-2.0,-39.0
1776885129.0581028,-6.0,-1.0,-34.0
1776885129.0681028,-8.0,-2.0,-35.0
1776885129.0781028,-6.0,-4.0,-41.0
1776885129.0881028,-3.0,-2.0,-44.0
1776885129.0981028,-2.0,0.0,-39.0
1776885129.1081028,0.0,0.0,-34.0
1776885129.1181028,0.0,0.0,-37.0
1776885129.1281028,-2.0,-2.0,-38.0
1776885129.1381028,-1.0,-3.0,-37.0
1776885129.1481028,0.0,-3.0,-42.0
1776885129.1581028,-1.0,-8.0,-42.0
1776885129.1681027,1.0,-7.0,-41.0
1776885129.1781027,3.0,-5.0,-42.0
1776885129.1881027,1.0,-4.0,-40.0
1776885129.1981027,1.0,-6.0,-39.0
1776885129.2081027,-2.0,-7.0,-39.0
1776885129.2181027,0.0,-5.0,-42.0
1776885129.2281027,2.0,-5.0,-41.0
1776885129.238103,2.0,-1.0,-39.0
1776885129.248103,0.0,0.0,-40.0
1776885129.258103,-2.0,3.0,-42.0
1776885129.2681026,-5.0,3.0,-37.0
1776885129.2781026,-3.0,0.0,-47.0
1776885129.2881026,2.0,0.0,-48.0
1776885129.2981029,-1.0,-1.0,-48.0
1776885129.3081028,0.0,-2.0,-44.0
1776885129.3181028,3.0,0.0,-40.0
1776885129.3281028,4.0,-3.0,-43.0
1776885129.3381028,3.0,-2.0,-43.0
1776885129.3481028,0.0,-2.0,-37.0
1776885129.3581028,-1.0,0.0,-41.0
1776885129.3681028,0.0,-1.0,-41.0
1776885129.3781028,4.0,-1.0,-39.0
1776885129.3881028,2.0,0.0,-40.0
1776885129.3981028,0.0,-1.0,-43.0
1776885129.4081028,4.0,-2.0,-41.0
1776885129.4181027,1.0,-4.0,-45.0
1776885129.4281027,-5.0,-5.0,-45.0
1776885129.4381027,-1.0,-5.0,-47.0
1776885129.4481027,0.0,-6.0,-53.0
1776885129.4581027,2.0,-6.0,-58.0
1776885129.4681027,5.0,-4.0,-63.0
1776885129.4781027,4.0,-2.0,-66.0
1776885129.488103,9.0,-4.0,-60.0
1776885129.498103,7.0,-8.0,-60.0
1776885129.508103,6.0,-6.0,-58.0
1776885129.5181026,5.0,-6.0,-54.0
1776885129.5281026,4.0,-1.0,-46.0
1776885129.5381026,0.0,0.0,-46.0
1776885129.5481029,-4.0,-2.0,-52.0
1776885129.5581028,-2.0,-2.0,-49.0
1776885129.5681028,0.0,-2.0,-45.0
1776885129.5781028,5.0,-4.0,-44.0
1776885129.5881028,2.0,-7.0,-43.0
1776885129.5981028,7.0,-7.0,-41.0
1776885129.6081028,11.0,-12.0,-43.0
1776885129.6181028,7.0,-10.0,-40.0
1776885129.6281028,3.0,-6.0,-42.0
1776885129.6381028,3.0,-5.0,-38.0
1776885129.6481028,2.0,-3.0,-37.0
1776885129.6581028,0.0,-2.0,-40.0
1776885129.6681027,-1.0,-2.0,-50.0
1776885129.6781027,6.0,-4.0,-55.0
1776885129.6881027,1.0,-1.0,-51.0
1776885129.6981027,4.0,-1.0,-57.0
1776885129.7081027,7.0,-2.0,-59.0
1776885129.7181027,7.0,-2.0,-60.0
1776885129.7281027,2.0,-1.0,-62.0
1776885129.738103,0.0,-4.0,-60.0
1776885129.748103,-1.0,-5.0,-55.0
1776885129.758103,1.0,-11.0,-46.0
1776885129.7681026,0.0,-11.0,-49.0
1776885129.7781026,-1.0,-8.0,-47.0
1776885129.7881026,-3.0,-9.0,-42.0
1776885129.7981029,-4.0,-10.0,-42.0
1776885129.8081028,-1.0,-8.0,-48.0
1776885129.8181028,-2.0,-4.0,-47.0
1776885129.8281028,0.0,0.0,-42.0
1776885129.8381028,-2.0,-1.0,-45.0
1776885129.8481028,0.0,-1.0,-36.0
1776885129.8581028,4.0,-2.0,-38.0
1776885129.8681028,1.0,-2.0,-40.0
1776885129.8781028,0.0,0.0,-42.0
1776885129.8881028,0.0,-4.0,-41.0
1776885129.8981028,-5.0,-8.0,-43.0
1776885129.9081028,-1.0,-5.0,-42.0
1776885129.9181027,3.0,-4.0,-40.0
1776885129.9281027,2.0,-1.0,-42.0
1776885129.9381027,-1.0,0.0,-46.0
1776885129.9481027,-2.0,0.0,-46.0
1776885129.9581027,-1.0,1.0,-43.0
1776885129.9681027,1.0,0.0,-39.0
1776885129.9781027,2.0,0.0,-43.0
1776885129.988103,3.0,-2.0,-36.0
1776885129.998103,4.0,-3.0,-40.0
1776885130.008103,2.0,-3.0,-49.0
1776885130.0181026,-2.0,-1.0,-50.0
1776885130.0281026,-4.0,-4.0,-47.0
1776885130.0381026,0.0,-3.0,-37.0
1776885130.0481029,-1.0,-2.0,-36.0
1776885130.0581028,2.0,0.0,-32.0
1776885130.0681028,4.0,0.0,-38.0
1776885130.0781028,7.0,-1.0,-40.0
1776885130.0881028,4.0,-4.0,-46.0
1776885130.0981028,-2.0,-2.0,-48.0
1776885130.1081028,2.0,-1.0,-53.0
1776885130.1181028,-1.0,-1.0,-52.0
1776885130.1281028,-6.0,-1.0,-50.0
1776885130.1381028,-5.0,0.0,-50.0
1776885130.1481028,-5.0,0.0,-48.0
1776885130.1581028,-5.0,-1.0,-46.0
1776885130.1681027,-2.0,-2.0,-49.0
1776885130.1781027,-4.0,-1.0,-44.0
1776885130.1881027,-5.0,-1.0,-49.0
1776885130.1981027,0.0,0.0,-51.0
1776885130.2081027,0.0,-1.0,-56.0
1776885130.2181027,-2.0,-5.0,-49.0
1776885130.2281027,-2.0,-5.0,-44.0
1776885130.238103,-1.0,-2.0,-40.0
1776885130.248103,-1.0,-2.0,-39.0
1776885130.258103,-3.0,-3.0,-43.0
1776885130.2681026,0.0,-6.0,-42.0
1776885130.2781026,1.0,-7.0,-37.0
1776885130.2881026,0.0,-7.0,-38.0
1776885130.2981029,1.0,-8.0,-41.0
1776885130.3081028,1.0,-4.0,-42.0
1776885130.3181028,6.0,0.0,-39.0
1776885130.3281028,8.0,3.0,-44.0
1776885130.3381028,10.0,6.0,-43.0
1776885130.3481028,12.0,6.0,-52.0
1776885130.3581028,10.0,7.0,-54.0
1776885130.3681028,6.0,1.0,-48.0
1776885130.3781028,5.0,0.0,-48.0
1776885130.3881028,8.0,1.0,-46.0
1776885130.3981028,9.0,-4.0,-48.0
1776885130.4081028,3.0,0.0,-45.0
1776885130.4181027,2.0,0.0,-41.0
1776885130.4281027,2.0,0.0,-42.0
1776885130.4381027,2.0,2.0,-40.0
1776885130.4481027,0.0,1.0,-40.0
1776885130.4581027,-2.0,1.0,-37.0
1776885130.4681027,-4.0,0.0,-42.0
1776885130.4781027,-5.0,-5.0,-48.0
1776885130.488103,0.0,-4.0,-47.0
1776885130.498103,0.0,-3.0,-46.0
1776885130.508103,1.0,0.0,-50.0
1776885130.5181026,0.0,-4.0,-45.0
1776885130.5281026,2.0,-3.0,-36.0
1776885130.5381026,2.0,-1.0,-34.0
1776885130.5481029,3.0,0.0,-42.0
1776885130.5581028,0.0,-2.0,-44.0
1776885130.5681028,-2.0,1.0,-42.0
1776885130.5781028,0.0,-1.0,-38.0
1776885130.5891027,1.0,-1.0,-34.0
1776885130.5981028,4.0,1.0,-32.0
1776885130.6081028,11.0,3.0,-28.0
1776885130.6181028,12.0,5.0,-33.0
1776885130.6291027,7.0,5.0,-31.0
1776885130.6381028,4.0,3.0,-32.0
1776885130.6491027,2.0,0.0,-33.0
1776885130.659103,0.0,2.0,-36.0
1776885130.669103,2.0,0.0,-34.0
1776885130.679103,5.0,-3.0,-35.0
1776885130.6891026,5.0,-2.0,-31.0
1776885130.6991026,5.0,-1.0,-35.0
1776885130.7091026,2.0,0.0,-43.0
1776885130.7191026,0.0,5.0,-46.0
1776885130.7291028,0.0,4.0,-42.0
1776885130.7391028,0.0,4.0,-45.0
1776885130.7491028,-3.0,2.0,-43.0
1776885130.7591028,1.0,0.0,-44.0
1776885130.7691028,5.0,-9.0,-48.0
1776885130.7791028,7.0,-6.0,-50.0
1776885130.7891028,4.0,-4.0,-51.0
1776885130.7991028,-2.0,-4.0,-56.0
1776885130.8091028,-3.0,-8.0,-61.0
1776885130.8191028,-7.0,-6.0,-62.0
1776885130.8291028,-4.0,-2.0,-64.0
1776885130.8391027,-3.0,-2.0,-59.0
1776885130.8491027,-2.0,-1.0,-59.0
1776885130.8591027,0.0,-2.0,-61.0
1776885130.8691027,1.0,-4.0,-67.0
1776885130.8791027,0.0,-5.0,-63.0
1776885130.8891027,0.0,-6.0,-57.0
1776885130.8991027,-1.0,-4.0,-59.0
1776885130.909103,0.0,-3.0,-58.0
1776885130.919103,-3.0,-3.0,-50.0
1776885130.929103,0.0,-4.0,-38.0
1776885130.9391026,2.0,-5.0,-36.0
1776885130.9491026,4.0,-6.0,-34.0
1776885130.9591026,0.0,-5.0,-33.0
1776885130.9691026,3.0,-8.0,-40.0
1776885130.9791028,4.0,-7.0,-43.0
1776885130.9891028,0.0,-12.0,-40.0
1776885130.9991028,0.0,-9.0,-38.0
1776885131.0091028,1.0,-5.0,-37.0
1776885131.0191028,6.0,-6.0,-39.0
1776885131.0291028,3.0,-6.0,-42.0
1776885131.0391028,2.0,-3.0,-43.0
1776885131.0491028,0.0,-2.0,-41.0
1776885131.0591028,0.0,-4.0,-44.0
1776885131.0691028,3.0,-3.0,-41.0
1776885131.0791028,4.0,1.0,-40.0
1776885131.0891027,5.0,-2.0,-51.0
1776885131.0991027,1.0,-6.0,-55.0
1776885131.1091027,-3.0,-3.0,-59.0
1776885131.1191027,-2.0,-1.0,-59.0
1776885131.1291027,-3.0,-6.0,-64.0
1776885131.1391027,-2.0,-5.0,-61.0
1776885131.1491027,0.0,-3.0,-52.0
1776885131.159103,2.0,-2.0,-49.0
1776885131.169103,2.0,-4.0,-53.0
1776885131.179103,2.0,-6.0,-51.0
1776885131.1891026,3.0,-3.0,-47.0
1776885131.1991026,3.0,-3.0,-44.0
1776885131.2091026,0.0,-2.0,-45.0
1776885131.2191026,2.0,-3.0,-40.0
1776885131.2291028,2.0,-5.0,-40.0
1776885131.2391028,2.0,-4.0,-40.0
1776885131.2491028,3.0,-1.0,-39.0
1776885131.2591028,4.0,4.0,-41.0
1776885131.2691028,2.0,3.0,-43.0
1776885131.2791028,0.0,2.0,-44.0
1776885131.2891028,4.0,3.0,-37.0
1776885131.2991028,3.0,11.0,-39.0
1776885131.3091028,6.0,11.0,-43.0
1776885131.3191028,5.0,4.0,-51.0
1776885131.3291028,9.0,2.0,-48.0
1776885131.340103,12.0,-1.0,-55.0
1776885131.3491027,11.0,-1.0,-57.0
1776885131.3591027,10.0,-1.0,-53.0
1776885131.3691027,2.0,-3.0,-53.0
1776885131.3791027,0.0,-1.0,-45.0
1776885131.3891027,-4.0,-3.0,-51.0
1776885131.3991027,2.0,-2.0,-48.0
1776885131.409103,1.0,0.0,-46.0
1776885131.419103,0.0,0.0,-44.0
1776885131.429103,-1.0,0.0,-45.0
1776885131.4391026,-1.0,-4.0,-54.0
1776885131.4491026,0.0,-5.0,-47.0
1776885131.4591026,0.0,-2.0,-41.0
1776885131.4691026,-3.0,-2.0,-42.0
1776885131.4791028,-6.0,-1.0,-47.0
1776885131.4891028,-1.0,-5.0,-50.0
1776885131.4991028,-1.0,-2.0,-49.0
1776885131.5091028,0.0,-3.0,-43.0
1776885131.5191028,0.0,-5.0,-54.0
1776885131.5291028,3.0,-6.0,-52.0
1776885131.5391028,-1.0,-4.0,-55.0
1776885131.5491028,-5.0,0.0,-54.0
1776885131.5591028,-2.0,0.0,-55.0
1776885131.5691028,-1.0,-4.0,-55.0
1776885131.5791028,0.0,-3.0,-51.0
1776885131.5891027,0.0,-3.0,-51.0
1776885131.5991027,0.0,0.0,-55.0
1776885131.6091027,0.0,-2.0,-54.0
1776885131.6191027,-7.0,0.0,-47.0
1776885131.6291027,-8.0,-2.0,-51.0
1776885131.6391027,-4.0,0.0,-44.0
1776885131.6491027,-3.0,-1.0,-43.0
1776885131.659103,-3.0,0.0,-42.0
1776885131.669103,-2.0,0.0,-39.0
1776885131.679103,1.0,2.0,-39.0
1776885131.6891026,6.0,-1.0,-36.0
1776885131.6991026,4.0,0.0,-41.0
1776885131.7091026,0.0,-3.0,-35.0
1776885131.7191026,-1.0,3.0,-35.0
1776885131.7291028,-3.0,4.0,-38.0
1776885131.7391028,-4.0,2.0,-39.0
1776885131.7491028,0.0,-2.0,-42.0
1776885131.7591028,0.0,-1.0,-41.0
1776885131.7691028,4.0,-3.0,-41.0
1776885131.7791028,7.0,-5.0,-39.0
1776885131.7891028,5.0,-7.0,-40.0
1776885131.7991028,7.0,-9.0,-38.0
1776885131.8091028,7.0,-6.0,-40.0
1776885131.8191028,4.0,-4.0,-39.0
1776885131.8291028,-3.0,-6.0,-39.0
1776885131.8391027,-1.0,-5.0,-41.0
1776885131.8491027,-1.0,-6.0,-41.0
1776885131.8591027,-3.0,-2.0,-44.0
1776885131.8691027,0.0,-3.0,-47.0
1776885131.8791027,-1.0,-3.0,-52.0
1776885131.8891027,1.0,-3.0,-48.0
1776885131.8991027,0.0,-2.0,-55.0
1776885131.909103,0.0,-3.0,-54.0
1776885131.919103,0.0,-2.0,-55.0
1776885131.929103,2.0,-3.0,-55.0
1776885131.9391026,4.0,-2.0,-55.0
1776885131.9491026,4.0,-4.0,-53.0
1776885131.9591026,2.0,-6.0,-54.0
1776885131.9691026,-4.0,-7.0,-64.0
1776885131.9791028,-5.0,-7.0,-57.0
1776885131.9891028,0.0,-5.0,-51.0
1776885131.9991028,5.0,-7.0,-51.0
1776885132.0091028,5.0,-7.0,-45.0
1776885132.0191028,7.0,-9.0,-53.0
1776885132.0291028,9.0,-9.0,-55.0
1776885132.0391028,10.0,-1.0,-55.0
1776885132.0491028,10.0,0.0,-60.0
1776885132.0591028,5.0,2.0,-53.0
1776885132.0691028,2.0,1.0,-52.0
1776885132.0791028,5.0,2.0,-51.0
1776885132.0891027,1.0,-2.0,-59.0
1776885132.0991027,4.0,-1.0,-55.0
1776885132.1091027,1.0,1.0,-49.0
1776885132.1191027,0.0,3.0,-50.0
1776885132.1291027,-3.0,-1.0,-56.0
1776885132.1391027,-2.0,-1.0,-61.0
1776885132.1491027,-3.0,2.0,-58.0
1776885132.159103,-7.0,0.0,-52.0
1776885132.169103,-9.0,-2.0,-48.0
1776885132.179103,-7.0,-5.0,-46.0
1776885132.1891026,-10.0,-7.0,-44.0
1776885132.1991026,-8.0,-3.0,-43.0
1776885132.2091026,-9.0,1.0,-42.0
1776885132.2191026,-8.0,0.0,-41.0
1776885132.2291028,-2.0,0.0,-40.0
1776885132.2391028,-1.0,-1.0,-40.0
1776885132.2491028,-2.0,2.0,-45.0
1776885132.2591028,2.0,1.0,-51.0
1776885132.2691028,1.0,0.0,-49.0
1776885132.2791028,0.0,1.0,-47.0
1776885132.2891028,1.0,-1.0,-42.0
1776885132.2991028,-2.0,1.0,-41.0
1776885132.3091028,0.0,4.0,-47.0
1776885132.3191028,2.0,0.0,-46.0
1776885132.3291028,0.0,3.0,-40.0
1776885132.3391027,0.0,4.0,-32.0
1776885132.3491027,0.0,2.0,-27.0
1776885132.3591027,2.0,0.0,-26.0
1776885132.3691027,2.0,-3.0,-30.0
1776885132.3791027,0.0,-3.0,-35.0
1776885132.3891027,2.0,-1.0,-32.0
1776885132.3991027,0.0,-1.0,-34.0
1776885132.409103,-3.0,0.0,-40.0
1776885132.419103,-4.0,0.0,-41.0
1776885132.429103,-9.0,0.0,-43.0
1776885132.4391026,-10.0,3.0,-42.0
1776885132.4491026,-11.0,0.0,-42.0
1776885132.4591026,-7.0,-1.0,-41.0
1776885132.4691026,-9.0,-1.0,-54.0
1776885132.4791028,-6.0,2.0,-57.0
1776885132.4891028,-1.0,-3.0,-62.0
1776885132.4991028,1.0,-4.0,-63.0
1776885132.5091028,2.0,-1.0,-61.0
1776885132.5191028,3.0,0.0,-62.0
1776885132.5291028,5.0,3.0,-51.0
1776885132.5391028,5.0,2.0,-47.0
1776885132.5491028,1.0,2.0,-51.0
1776885132.5591028,3.0,-1.0,-54.0
1776885132.5691028,3.0,0.0,-58.0
1776885132.5791028,0.0,-2.0,-61.0
1776885132.5891027,1.0,-2.0,-60.0
1776885132.5991027,1.0,-2.0,-58.0
1776885132.6091027,-2.0,-3.0,-61.0
1776885132.6191027,-5.0,-4.0,-61.0
1776885132.6291027,-5.0,-5.0,-50.0
1776885132.6401026,-4.0,-4.0,-46.0
1776885132.6501029,-5.0,-4.0,-47.0
1776885132.6601028,-2.0,-3.0,-49.0
1776885132.6701028,0.0,-1.0,-50.0
1776885132.6801028,-3.0,2.0,-45.0
1776885132.6901028,-3.0,2.0,-45.0
1776885132.7001028,-2.0,-1.0,-45.0
1776885132.7101028,-3.0,-4.0,-43.0
1776885132.7201028,-1.0,-2.0,-46.0
1776885132.7301028,1.0,0.0,-49.0
1776885132.7401028,-1.0,-1.0,-45.0
1776885132.7501028,0.0,0.0,-44.0
1776885132.7601027,3.0,-1.0,-48.0
1776885132.7701027,6.0,-4.0,-39.0
1776885132.7801027,6.0,-3.0,-41.0
1776885132.7901027,5.0,0.0,-38.0
1776885132.8001027,-1.0,0.0,-31.0
1776885132.8101027,-1.0,0.0,-31.0
1776885132.8201027,-3.0,2.0,-31.0
1776885132.8301027,0.0,6.0,-33.0
1776885132.840103,-3.0,6.0,-41.0
1776885132.850103,0.0,4.0,-35.0
1776885132.860103,0.0,4.0,-41.0
1776885132.8701026,0.0,0.0,-41.0
1776885132.8801026,0.0,1.0,-37.0
1776885132.8901026,4.0,0.0,-35.0
1776885132.9001029,4.0,1.0,-43.0
1776885132.9101028,3.0,2.0,-44.0
1776885132.9201028,0.0,-2.0,-45.0
1776885132.9301028,-2.0,0.0,-43.0
1776885132.9401028,-6.0,1.0,-48.0
1776885132.9501028,-7.0,2.0,-44.0
1776885132.9601028,-7.0,0.0,-47.0
1776885132.9701028,-4.0,1.0,-46.0
1776885132.9801028,0.0,-2.0,-47.0
1776885132.9901028,-1.0,-6.0,-45.0
1776885133.0001028,-3.0,-6.0,-48.0
1776885133.0101027,-7.0,-6.0,-45.0
1776885133.0201027,-7.0,-6.0,-49.0
1776885133.0301027,-6.0,-2.0,-49.0
1776885133.0401027,2.0,-6.0,-46.0
1776885133.0501027,8.0,-6.0,-43.0
1776885133.0601027,3.0,-6.0,-45.0
1776885133.0701027,0.0,-12.0,-49.0
1776885133.0811028,-1.0,-8.0,-49.0
1776885133.090103,-6.0,-10.0,-53.0
1776885133.100103,-4.0,-6.0,-48.0
1776885133.110103,-4.0,-4.0,-51.0
1776885133.1201026,4.0,-3.0,-49.0
1776885133.1301026,4.0,-4.0,-52.0
1776885133.1401026,1.0,-4.0,-54.0
1776885133.1501029,3.0,-5.0,-55.0
1776885133.1601028,0.0,-9.0,-53.0
1776885133.1701028,-1.0,-10.0,-57.0
1776885133.1801028,1.0,-9.0,-54.0
1776885133.1901028,-2.0,-8.0,-53.0
1776885133.2001028,-5.0,-5.0,-51.0
1776885133.2101028,-4.0,-3.0,-49.0
1776885133.2201028,-4.0,2.0,-48.0
1776885133.2301028,-3.0,3.0,-49.0
1776885133.2401028,-1.0,2.0,-52.0
1776885133.2501028,-1.0,4.0,-47.0
1776885133.2601027,-1.0,2.0,-43.0
1776885133.2701027,-1.0,1.0,-45.0
1776885133.2801027,-2.0,0.0,-47.0
1776885133.2901027,0.0,0.0,-45.0
1776885133.3001027,-1.0,-2.0,-43.0
1776885133.3101027,-1.0,-5.0,-43.0
1776885133.3201027,3.0,-2.0,-46.0
1776885133.3301027,4.0,-4.0,-46.0
1776885133.340103,6.0,-4.0,-47.0
1776885133.350103,5.0,-5.0,-50.0
1776885133.360103,3.0,-3.0,-51.0
1776885133.3701026,4.0,-11.0,-48.0
1776885133.3801026,8.0,-12.0,-47.0
1776885133.3901026,9.0,-7.0,-51.0
1776885133.4001029,6.0,-6.0,-49.0
1776885133.4101028,5.0,-7.0,-50.0
1776885133.4201028,4.0,-5.0,-50.0
1776885133.4301028,2.0,-2.0,-46.0
1776885133.4401028,0.0,0.0,-52.0
1776885133.4501028,0.0,0.0,-43.0
1776885133.4601028,1.0,1.0,-39.0
1776885133.4701028,1.0,5.0,-43.0
1776885133.4801028,-4.0,3.0,-43.0
1776885133.4901028,0.0,-1.0,-40.0
1776885133.5001028,4.0,-5.0,-43.0
1776885133.5101027,5.0,-3.0,-47.0
1776885133.5201027,4.0,0.0,-48.0
1776885133.5301027,9.0,0.0,-44.0
1776885133.5401027,6.0,0.0,-44.0
1776885133.5501027,3.0,-5.0,-41.0
1776885133.5601027,1.0,-7.0,-37.0
1776885133.5701027,2.0,-9.0,-41.0
1776885133.5801027,-2.0,-9.0,-40.0
1776885133.590103,-2.0,-5.0,-41.0
1776885133.600103,-2.0,-3.0,-44.0
1776885133.610103,-2.0,-5.0,-44.0
1776885133.6201026,-5.0,-4.0,-44.0
1776885133.6301026,-2.0,-3.0,-47.0
1776885133.6401026,0.0,-2.0,-42.0
1776885133.6501029,2.0,-4.0,-43.0
1776885133.6601028,2.0,-2.0,-48.0
1776885133.6701028,0.0,-5.0,-47.0
1776885133.6801028,3.0,-7.0,-40.0
1776885133.6901028,3.0,-9.0,-43.0
1776885133.7001028,3.0,-7.0,-44.0
1776885133.7101028,5.0,-5.0,-43.0
1776885133.7201028,6.0,-2.0,-37.0
1776885133.7301028,6.0,-2.0,-35.0
1776885133.7401028,0.0,-4.0,-40.0
1776885133.7501028,0.0,-1.0,-41.0
1776885133.7601027,0.0,-3.0,-41.0
1776885133.7701027,-4.0,-3.0,-38.0
1776885133.7801027,-7.0,-4.0,-42.0
1776885133.7901027,-7.0,-4.0,-41.0
1776885133.8001027,-7.0,-1.0,-41.0
1776885133.8101027,0.0,-1.0,-37.0
1776885133.8201027,1.0,-4.0,-41.0
1776885133.8301027,0.0,-2.0,-44.0
1776885133.840103,0.0,0.0,-41.0
1776885133.850103,-1.0,-2.0,-46.0
1776885133.860103,0.0,-1.0,-49.0
1776885133.8701026,3.0,-4.0,-54.0
1776885133.8801026,4.0,-3.0,-49.0
1776885133.8901026,3.0,-1.0,-48.0
1776885133.9001029,4.0,0.0,-54.0
1776885133.9101028,2.0,2.0,-51.0
1776885133.9201028,3.0,2.0,-49.0
1776885133.9301028,2.0,0.0,-52.0
1776885133.9401028,3.0,0.0,-50.0
1776885133.9501028,7.0,4.0,-50.0
1776885133.9601028,10.0,3.0,-51.0
1776885133.9701028,12.0,1.0,-50.0
1776885133.9801028,12.0,0.0,-50.0
1776885133.9901028,7.0,-5.0,-49.0
1776885134.0001028,7.0,-6.0,-44.0
1776885134.0101027,4.0,-3.0,-47.0
1776885134.0201027,3.0,-5.0,-46.0
1776885134.0301027,2.0,-6.0,-45.0
1776885134.0401027,0.0,-12.0,-44.0
1776885134.0501027,-1.0,-8.0,-46.0
1776885134.0601027,-1.0,-9.0,-50.0
1776885134.0701027,2.0,-9.0,-50.0
1776885134.0801027,1.0,-10.0,-48.0
1776885134.090103,4.0,-9.0,-44.0
1776885134.100103,3.0,-12.0,-39.0
1776885134.110103,-4.0,-9.0,-34.0
1776885134.1201026,-5.0,-6.0,-38.0
1776885134.1301026,-6.0,-2.0,-41.0
1776885134.1401026,-9.0,-1.0,-42.0
1776885134.1501029,-9.0,-4.0,-46.0
1776885134.1601028,-8.0,-9.0,-47.0
1776885134.1701028,-9.0,-10.0,-49.0
1776885134.1801028,-10.0,-6.0,-51.0
1776885134.1901028,-9.0,-7.0,-52.0
1776885134.2001028,-10.0,-7.0,-54.0
1776885134.2101028,-4.0,-6.0,-53.0
1776885134.2201028,-4.0,-3.0,-55.0
1776885134.2301028,-5.0,0.0,-52.0
1776885134.2401028,-6.0,0.0,-44.0
1776885134.2501028,-5.0,-4.0,-43.0
1776885134.2601027,-11.0,-3.0,-50.0
1776885134.2701027,-10.0,-4.0,-51.0
1776885134.2801027,-5.0,-1.0,-47.0
1776885134.2901027,-1.0,1.0,-43.0
1776885134.3001027,-3.0,0.0,-46.0
1776885134.3101027,0.0,0.0,-43.0
1776885134.3201027,0.0,0.0,-44.0
1776885134.3301027,0.0,-3.0,-43.0
1776885134.340103,1.0,-2.0,-43.0
1776885134.350103,-1.0,-5.0,-43.0
1776885134.360103,-4.0,-2.0,-44.0
1776885134.3701026,-2.0,-1.0,-54.0
1776885134.3801026,-2.0,-2.0,-56.0
1776885134.3901026,1.0,1.0,-59.0
1776885134.4001029,3.0,-5.0,-63.0
1776885134.4101028,1.0,-9.0,-55.0
1776885134.4201028,0.0,-8.0,-51.0
1776885134.4301028,-2.0,-4.0,-49.0
1776885134.4401028,3.0,-6.0,-60.0
1776885134.4501028,4.0,-7.0,-64.0
1776885134.4601028,6.0,-6.0,-58.0
1776885134.4701028,5.0,-4.0,-50.0
1776885134.4801028,3.0,-4.0,-54.0
1776885134.4901028,0.0,-3.0,-60.0
1776885134.5001028,1.0,-4.0,-51.0
1776885134.5101027,1.0,-7.0,-54.0
1776885134.5201027,4.0,-5.0,-53.0
1776885134.5301027,-2.0,-5.0,-50.0
1776885134.5401027,-2.0,-5.0,-44.0
1776885134.5501027,-6.0,-4.0,-39.0
1776885134.5601027,-4.0,-3.0,-48.0
1776885134.5701027,-3.0,-7.0,-48.0
1776885134.5801027,0.0,-7.0,-41.0
1776885134.5911028,1.0,-8.0,-39.0
1776885134.6011028,-2.0,-11.0,-41.0
1776885134.610103,-4.0,-10.0,-40.0
1776885134.6211028,-2.0,-8.0,-42.0
1776885134.6311028,-2.0,-4.0,-43.0
1776885134.6411028,0.0,-3.0,-45.0
1776885134.6511028,-1.0,-3.0,-46.0
1776885134.6611028,0.0,-4.0,-38.0
1776885134.6711028,0.0,-10.0,-35.0
1776885134.6811028,1.0,-7.0,-31.0
1776885134.6911027,-3.0,-7.0,-29.0
1776885134.7011027,-2.0,-7.0,-31.0
1776885134.7111027,-3.0,-10.0,-38.0
1776885134.7211027,-1.0,-13.0,-38.0
1776885134.7311027,-3.0,-12.0,-37.0
1776885134.7411027,-2.0,-11.0,-40.0
1776885134.7511027,-2.0,-6.0,-50.0
1776885134.761103,0.0,-6.0,-46.0
1776885134.771103,0.0,-2.0,-44.0
1776885134.781103,-3.0,-6.0,-39.0
1776885134.7911026,-3.0,-8.0,-39.0
1776885134.8011026,0.0,-7.0,-49.0
1776885134.8111026,-1.0,-8.0,-49.0
1776885134.8211029,-4.0,-9.0,-50.0
1776885134.8311028,1.0,-11.0,-50.0
1776885134.8411028,0.0,-10.0,-48.0
1776885134.8511028,-1.0,-6.0,-42.0
1776885134.8611028,3.0,-3.0,-41.0
1776885134.8711028,8.0,-3.0,-46.0
1776885134.8811028,8.0,-2.0,-53.0
1776885134.8911028,4.0,-2.0,-52.0
1776885134.9011028,4.0,0.0,-50.0
1776885134.9111028,5.0,-1.0,-51.0
1776885134.9211028,0.0,-3.0,-46.0
1776885134.9311028,2.0,-7.0,-43.0
1776885134.9411027,2.0,-8.0,-50.0
1776885134.9511027,-1.0,-6.0,-52.0
1776885134.9611027,6.0,-6.0,-51.0
1776885134.9711027,8.0,-7.0,-54.0
1776885134.9811027,6.0,-4.0,-54.0
1776885134.9911027,6.0,-4.0,-55.0
1776885135.0011027,-3.0,-6.0,-55.0
1776885135.011103,-3.0,-3.0,-55.0
1776885135.021103,3.0,-3.0,-49.0
1776885135.031103,0.0,-1.0,-45.0
1776885135.0411026,0.0,-3.0,-45.0
1776885135.0511026,0.0,-5.0,-42.0
1776885135.0611026,3.0,-5.0,-47.0
1776885135.0711029,0.0,-3.0,-50.0
1776885135.0811028,-3.0,-4.0,-50.0
1776885135.0911028,-7.0,-4.0,-52.0
1776885135.1011028,-6.0,-3.0,-54.0
1776885135.1111028,-6.0,-1.0,-52.0
1776885135.1211028,-6.0,0.0,-50.0
1776885135.1311028,-3.0,0.0,-48.0
1776885135.1411028,1.0,-3.0,-47.0
1776885135.1511028,0.0,-5.0,-46.0
1776885135.1611028,0.0,-3.0,-56.0
1776885135.1711028,-3.0,-4.0,-52.0
1776885135.1811028,0.0,-1.0,-49.0
1776885135.1911027,0.0,0.0,-54.0
1776885135.2011027,-1.0,-1.0,-61.0
1776885135.2111027,1.0,-1.0,-58.0
1776885135.2211027,1.0,0.0,-50.0
1776885135.2311027,9.0,0.0,-45.0
1776885135.2411027,6.0,-3.0,-40.0
1776885135.2511027,2.0,-3.0,-38.0
1776885135.261103,6.0,-3.0,-44.0
1776885135.271103,3.0,-3.0,-46.0
1776885135.281103,3.0,-2.0,-42.0
1776885135.2911026,7.0,-4.0,-48.0
1776885135.3011026,3.0,-5.0,-52.0
1776885135.3111026,2.0,-9.0,-52.0
1776885135.3211029,4.0,-11.0,-51.0
1776885135.3311028,3.0,-7.0,-47.0
1776885135.3411028,13.0,-2.0,-49.0
1776885135.3511028,9.0,-6.0,-46.0
1776885135.3611028,9.0,-8.0,-48.0
1776885135.3711028,7.0,-7.0,-50.0
1776885135.3811028,4.0,-7.0,-50.0
1776885135.3911028,4.0,-7.0,-44.0
1776885135.4011028,5.0,-4.0,-42.0
1776885135.4111028,6.0,-5.0,-45.0
1776885135.4211028,6.0,-3.0,-49.0
1776885135.4311028,2.0,-6.0,-49.0
1776885135.4411027,-2.0,1.0,-48.0
1776885135.4511027,0.0,1.0,-45.0
1776885135.4611027,0.0,-1.0,-47.0
1776885135.4711027,6.0,-1.0,-42.0
1776885135.4811027,0.0,1.0,-38.0
1776885135.4911027,0.0,0.0,-32.0
1776885135.5011027,-2.0,3.0,-32.0
1776885135.511103,-1.0,6.0,-32.0
1776885135.521103,-3.0,3.0,-29.0
1776885135.531103,0.0,0.0,-33.0
1776885135.5411026,0.0,-1.0,-32.0
1776885135.5511026,-1.0,-2.0,-30.0
1776885135.5611026,-2.0,-3.0,-32.0
1776885135.5711029,-6.0,0.0,-31.0
1776885135.5811028,-6.0,-2.0,-33.0
1776885135.5911028,-6.0,-6.0,-29.0
1776885135.6011028,-4.0,-4.0,-34.0
1776885135.6111028,0.0,-6.0,-38.0
1776885135.6211028,-1.0,-5.0,-36.0
1776885135.6311028,-2.0,-5.0,-42.0
1776885135.6411028,0.0,-7.0,-45.0
1776885135.6511028,-5.0,-5.0,-41.0
1776885135.6611028,-3.0,-3.0,-40.0
1776885135.6711028,-1.0,-5.0,-39.0
1776885135.6811028,0.0,-9.0,-34.0
1776885135.6911027,-3.0,-4.0,-40.0
1776885135.7011027,-1.0,-2.0,-40.0
1776885135.7111027,0.0,-3.0,-38.0
1776885135.7211027,-2.0,-6.0,-33.0
1776885135.7311027,-4.0,-3.0,-31.0
1776885135.7411027,-4.0,-3.0,-40.0
1776885135.7511027,0.0,-1.0,-42.0
1776885135.761103,0.0,0.0,-43.0
1776885135.771103,-4.0,-3.0,-47.0
1776885135.781103,-3.0,-7.0,-43.0
1776885135.7911026,1.0,-6.0,-42.0
1776885135.8011026,6.0,-1.0,-47.0
1776885135.8111026,1.0,0.0,-53.0
1776885135.8211029,0.0,-5.0,-60.0
1776885135.8311028,-3.0,-5.0,-60.0
1776885135.8411028,-2.0,-6.0,-64.0
1776885135.8511028,-5.0,-5.0,-59.0
1776885135.8611028,-4.0,-4.0,-53.0
1776885135.8711028,-5.0,-3.0,-50.0
1776885135.8811028,-5.0,0.0,-51.0
1776885135.8911028,-7.0,-5.0,-55.0
1776885135.9011028,-7.0,-8.0,-55.0
1776885135.9111028,-4.0,-5.0,-51.0
1776885135.9211028,-3.0,-5.0,-55.0
1776885135.9311028,0.0,-2.0,-52.0
1776885135.9411027,0.0,-4.0,-40.0
1776885135.9511027,4.0,-5.0,-43.0
1776885135.9611027,7.0,-4.0,-47.0
1776885135.9711027,6.0,-2.0,-47.0
1776885135.9811027,7.0,1.0,-44.0
1776885135.9911027,8.0,-2.0,-47.0
1776885136.0011027,6.0,-2.0,-53.0
1776885136.011103,4.0,1.0,-56.0
1776885136.021103,4.0,-3.0,-54.0
1776885136.031103,6.0,-5.0,-51.0
1776885136.0411026,9.0,-4.0,-53.0
1776885136.0511026,9.0,-7.0,-56.0
1776885136.0611026,2.0,-4.0,-57.0
1776885136.0711029,2.0,0.0,-49.0
1776885136.0811028,1.0,0.0,-46.0
1776885136.0911028,0.0,0.0,-42.0
1776885136.1011028,2.0,-1.0,-44.0
1776885136.1111028,5.0,-7.0,-46.0
1776885136.1211028,4.0,-5.0,-46.0
1776885136.1311028,0.0,0.0,-38.0
1776885136.1411028,-1.0,-1.0,-38.0
1776885136.1511028,-1.0,-5.0,-37.0
1776885136.1611028,4.0,-5.0,-37.0
1776885136.1711028,4.0,-3.0,-36.0
1776885136.1811028,0.0,0.0,-39.0
1776885136.1911027,0.0,0.0,-48.0
1776885136.2011027,3.0,-1.0,-52.0
1776885136.2111027,-1.0,-1.0,-55.0
1776885136.2211027,-3.0,1.0,-48.0
1776885136.2311027,-1.0,2.0,-48.0
1776885136.2411027,0.0,0.0,-45.0
1776885136.2511027,0.0,0.0,-36.0
1776885136.261103,0.0,-2.0,-35.0
1776885136.271103,1.0,0.0,-42.0
1776885136.281103,1.0,0.0,-53.0
1776885136.2911026,4.0,-3.0,-52.0
1776885136.3011026,3.0,-3.0,-60.0
1776885136.3111026,7.0,-4.0,-55.0
1776885136.3211029,7.0,-2.0,-49.0
1776885136.3311028,7.0,0.0,-40.0
1776885136.3411028,6.0,4.0,-43.0
1776885136.3511028,6.0,4.0,-50.0
1776885136.3611028,5.0,0.0,-48.0
1776885136.3711028,4.0,1.0,-50.0
1776885136.3811028,3.0,4.0,-50.0
1776885136.3911028,1.0,0.0,-48.0
1776885136.4011028,0.0,2.0,-48.0
1776885136.4111028,-1.0,0.0,-46.0
1776885136.4211028,1.0,-1.0,-42.0
1776885136.4311028,2.0,-9.0,-47.0
1776885136.4411027,0.0,-8.0,-43.0
1776885136.4511027,0.0,-7.0,-36.0
1776885136.4611027,-2.0,-5.0,-39.0
1776885136.4711027,0.0,-2.0,-42.0
1776885136.4811027,-1.0,-1.0,-41.0
1776885136.4911027,0.0,3.0,-44.0
1776885136.5011027,0.0,0.0,-43.0
1776885136.511103,0.0,0.0,-46.0
1776885136.521103,1.0,4.0,-48.0
1776885136.531103,2.0,7.0,-52.0
1776885136.5421028,1.0,1.0,-52.0
1776885136.5511026,1.0,0.0,-50.0
1776885136.5621028,-2.0,0.0,-47.0
1776885136.5711029,-2.0,0.0,-45.0
1776885136.5821028,-1.0,0.0,-45.0
1776885136.5921028,0.0,0.0,-48.0
1776885136.6021028,-1.0,0.0,-43.0
1776885136.6121027,-6.0,0.0,-46.0
1776885136.6221027,-7.0,-3.0,-45.0
1776885136.6321027,-7.0,-7.0,-50.0
1776885136.6421027,-4.0,-5.0,-44.0
1776885136.6521027,-1.0,-6.0,-45.0
1776885136.6621027,1.0,-4.0,-48.0
1776885136.6721027,1.0,-5.0,-46.0
1776885136.682103,3.0,-2.0,-53.0
1776885136.692103,4.0,-4.0,-52.0
1776885136.702103,0.0,-4.0,-55.0
1776885136.712103,-1.0,-2.0,-45.0
1776885136.7221026,-1.0,-3.0,-42.0
1776885136.7321026,-3.0,-3.0,-39.0
1776885136.7421026,-3.0,-1.0,-41.0
1776885136.7521029,-4.0,0.0,-39.0
1776885136.7621028,-6.0,2.0,-36.0
1776885136.7721028,-4.0,4.0,-36.0
1776885136.7821028,-3.0,-1.0,-32.0
1776885136.7921028,-3.0,0.0,-35.0
1776885136.8021028,0.0,-2.0,-37.0
1776885136.8121028,0.0,-3.0,-39.0
1776885136.8221028,0.0,-1.0,-38.0
1776885136.8321028,-4.0,-5.0,-43.0
1776885136.8421028,-2.0,-4.0,-47.0
1776885136.8521028,-4.0,-6.0,-46.0
1776885136.8621027,-2.0,-8.0,-46.0
1776885136.8721027,0.0,-3.0,-37.0
1776885136.8821027,0.0,0.0,-39.0
1776885136.8921027,0.0,1.0,-43.0
1776885136.9021027,-1.0,2.0,-45.0
1776885136.9121027,-7.0,-4.0,-41.0
1776885136.9221027,-10.0,0.0,-38.0
1776885136.932103,-7.0,-1.0,-38.0
1776885136.942103,-5.0,0.0,-38.0
1776885136.952103,-7.0,-2.0,-37.0
1776885136.962103,0.0,0.0,-41.0
1776885136.9721026,6.0,-2.0,-38.0
1776885136.9821026,1.0,-4.0,-37.0
1776885136.9931028,-1.0,-3.0,-40.0
1776885137.0021029,-1.0,-1.0,-42.0
1776885137.0121028,-1.0,-1.0,-41.0
1776885137.0221028,0.0,0.0,-45.0
1776885137.0321028,0.0,-2.0,-50.0
1776885137.0421028,0.0,0.0,-57.0
1776885137.0521028,-1.0,-1.0,-62.0
1776885137.0621028,0.0,-1.0,-58.0
1776885137.0721028,2.0,-3.0,-52.0
1776885137.0821028,5.0,-3.0,-50.0
1776885137.0921028,1.0,0.0,-55.0
1776885137.1021028,0.0,0.0,-61.0
1776885137.1121027,-1.0,-2.0,-56.0
1776885137.1221027,2.0,-2.0,-46.0
1776885137.1321027,5.0,-3.0,-52.0
1776885137.1421027,1.0,-3.0,-52.0
1776885137.1521027,1.0,0.0,-48.0
1776885137.1621027,2.0,-3.0,-50.0
1776885137.1721027,0.0,0.0,-49.0
1776885137.182103,4.0,0.0,-43.0
1776885137.192103,9.0,0.0,-45.0
1776885137.202103,10.0,-1.0,-48.0
1776885137.212103,4.0,-2.0,-48.0
1776885137.2221026,0.0,-1.0,-46.0
1776885137.2321026,-1.0,-3.0,-46.0
1776885137.2421026,3.0,-6.0,-49.0
1776885137.2521029,2.0,-10.0,-43.0
1776885137.2621028,0.0,-9.0,-39.0
1776885137.2721028,-1.0,-15.0,-44.0
1776885137.2821028,3.0,-14.0,-47.0
1776885137.2921028,-1.0,-10.0,-40.0
1776885137.3021028,-3.0,-2.0,-43.0
1776885137.3121028,-3.0,-2.0,-37.0
1776885137.3221028,0.0,-4.0,-40.0
1776885137.3321028,2.0,-6.0,-39.0
1776885137.3421028,2.0,-7.0,-39.0
1776885137.3521028,9.0,-6.0,-42.0
1776885137.3621027,5.0,-6.0,-40.0
1776885137.3721027,4.0,-9.0,-43.0
1776885137.3821027,5.0,-4.0,-40.0
1776885137.3921027,3.0,-7.0,-37.0
1776885137.4021027,1.0,-5.0,-42.0
1776885137.4121027,0.0,-4.0,-50.0
1776885137.4221027,0.0,-2.0,-51.0
1776885137.432103,-2.0,-4.0,-52.0
1776885137.442103,-1.0,-3.0,-45.0
1776885137.452103,-3.0,-2.0,-41.0
1776885137.462103,0.0,-1.0,-40.0
1776885137.4721026,0.0,0.0,-40.0
1776885137.4821026,2.0,3.0,-35.0
1776885137.4921026,2.0,0.0,-26.0
1776885137.5021029,9.0,-3.0,-31.0
1776885137.5121028,9.0,-2.0,-38.0
1776885137.5221028,4.0,-3.0,-52.0
1776885137.5321028,6.0,-11.0,-52.0
1776885137.5421028,3.0,-7.0,-55.0
1776885137.5521028,2.0,-4.0,-55.0
1776885137.5621028,1.0,-2.0,-54.0
1776885137.5721028,0.0,-5.0,-51.0
1776885137.5821028,-5.0,-6.0,-45.0
1776885137.5921028,-5.0,-4.0,-50.0
1776885137.6021028,-4.0,-5.0,-50.0
1776885137.6121027,-3.0,-7.0,-50.0
1776885137.6221027,0.0,-4.0,-50.0
1776885137.6321027,4.0,-9.0,-46.0
1776885137.6421027,0.0,-5.0,-41.0
1776885137.6521027,3.0,-2.0,-37.0
1776885137.6621027,3.0,-2.0,-42.0
1776885137.6721027,4.0,-2.0,-43.0
1776885137.682103,3.0,-3.0,-46.0
1776885137.692103,3.0,-2.0,-40.0
1776885137.702103,4.0,-8.0,-43.0
1776885137.712103,8.0,-9.0,-47.0
1776885137.7221026,5.0,-9.0,-49.0
1776885137.7321026,5.0,-4.0,-56.0
1776885137.7421026,3.0,-5.0,-60.0
1776885137.7521029,1.0,-5.0,-58.0
1776885137.7621028,2.0,-5.0,-62.0
1776885137.7721028,4.0,-11.0,-63.0
1776885137.7821028,4.0,-9.0,-58.0
1776885137.7921028,2.0,-7.0,-53.0
1776885137.8021028,0.0,-9.0,-51.0
1776885137.8121028,-3.0,-4.0,-55.0
1776885137.8221028,-6.0,-1.0,-50.0
1776885137.8321028,-2.0,-2.0,-51.0
1776885137.8421028,3.0,-2.0,-46.0
1776885137.8521028,1.0,-3.0,-43.0
1776885137.8621027,0.0,-5.0,-46.0
1776885137.8721027,-2.0,-4.0,-52.0
1776885137.8821027,-6.0,-1.0,-41.0
1776885137.8921027,-4.0,0.0,-41.0
1776885137.9021027,1.0,4.0,-43.0
1776885137.9121027,5.0,6.0,-43.0
1776885137.9221027,6.0,2.0,-47.0
1776885137.932103,5.0,-3.0,-48.0
1776885137.942103,6.0,-7.0,-43.0
1776885137.952103,6.0,-6.0,-48.0
1776885137.962103,1.0,-5.0,-44.0
1776885137.9721026,2.0,-3.0,-45.0
1776885137.9821026,1.0,-1.0,-43.0
1776885137.9921026,2.0,0.0,-38.0
1776885138.0021029,1.0,0.0,-36.0
1776885138.0121028,3.0,-5.0,-40.0
1776885138.0221028,3.0,-3.0,-42.0
1776885138.0321028,2.0,-2.0,-46.0
1776885138.0421028,0.0,0.0,-51.0
1776885138.0521028,0.0,1.0,-50.0
1776885138.0621028,1.0,-4.0,-47.0
1776885138.0721028,0.0,-2.0,-54.0
1776885138.0821028,-5.0,-4.0,-50.0
1776885138.0921028,0.0,-2.0,-52.0
1776885138.1021028,-5.0,-3.0,-49.0
1776885138.1121027,-1.0,-4.0,-55.0
1776885138.1221027,3.0,-5.0,-54.0
1776885138.1321027,4.0,-6.0,-52.0
1776885138.1421027,5.0,-2.0,-51.0
1776885138.1521027,3.0,2.0,-49.0
1776885138.1621027,4.0,-2.0,-51.0
1776885138.1721027,0.0,0.0,-45.0
1776885138.182103,4.0,-1.0,-47.0
1776885138.192103,3.0,-2.0,-48.0
1776885138.202103,2.0,-3.0,-46.0
1776885138.212103,0.0,-5.0,-42.0
1776885138.2221026,0.0,-3.0,-43.0
1776885138.2321026,2.0,0.0,-41.0
1776885138.2421026,0.0,-3.0,-43.0
1776885138.2521029,1.0,-4.0,-40.0
1776885138.2621028,1.0,-6.0,-40.0
1776885138.2721028,3.0,-8.0,-45.0
1776885138.2821028,4.0,-5.0,-49.0
1776885138.2921028,7.0,-7.0,-48.0
1776885138.3021028,9.0,-3.0,-47.0
1776885138.3121028,8.0,-1.0,-42.0
1776885138.3221028,8.0,-2.0,-47.0
1776885138.3321028,9.0,-2.0,-52.0
1776885138.3421028,6.0,1.0,-48.0
1776885138.3521028,1.0,-2.0,-47.0
1776885138.3621027,-1.0,0.0,-50.0
1776885138.3721027,-1.0,0.0,-49.0
1776885138.3821027,-1.0,0.0,-44.0
1776885138.3921027,0.0,-3.0,-45.0
1776885138.4021027,0.0,-4.0,-48.0
1776885138.4121027,0.0,-3.0,-46.0
1776885138.4221027,0.0,-2.0,-48.0
1776885138.432103,3.0,-2.0,-47.0
1776885138.442103,1.0,-2.0,-44.0
1776885138.452103,0.0,-3.0,-45.0
1776885138.462103,1.0,-10.0,-47.0
1776885138.4721026,-1.0,-13.0,-51.0
1776885138.4821026,-1.0,-10.0,-52.0
1776885138.4921026,0.0,-9.0,-50.0
1776885138.5021029,-4.0,-8.0,-56.0
1776885138.5121028,-5.0,-6.0,-54.0
1776885138.5231028,-5.0,-6.0,-48.0
1776885138.5321028,-5.0,-6.0,-49.0
1776885138.5421028,-5.0,0.0,-50.0
1776885138.5531027,0.0,0.0,-50.0
1776885138.5631027,-2.0,-1.0,-56.0
1776885138.5731027,0.0,-7.0,-56.0
1776885138.5831027,0.0,-6.0,-51.0
1776885138.5931027,-3.0,-7.0,-54.0
1776885138.6031027,-1.0,-6.0,-52.0
1776885138.613103,-4.0,-4.0,-48.0
1776885138.623103,-9.0,-1.0,-42.0
1776885138.633103,-4.0,-5.0,-42.0
1776885138.6431026,-7.0,-12.0,-47.0
1776885138.6531026,-6.0,-8.0,-44.0
1776885138.6631026,0.0,-8.0,-46.0
1776885138.6731029,2.0,-10.0,-46.0
1776885138.6831028,0.0,-6.0,-53.0
1776885138.6931028,-2.0,-4.0,-54.0
1776885138.7031028,-3.0,-3.0,-56.0
1776885138.7131028,-11.0,-7.0,-54.0
1776885138.7231028,-11.0,-4.0,-59.0
1776885138.7331028,-7.0,-1.0,-58.0
1776885138.7431028,-2.0,-3.0,-50.0
1776885138.7531028,-1.0,-9.0,-46.0
1776885138.7631028,-2.0,-7.0,-46.0
1776885138.7731028,-2.0,-5.0,-43.0
1776885138.7831028,0.0,-3.0,-35.0
1776885138.7931027,2.0,-6.0,-35.0
1776885138.8031027,1.0,-9.0,-43.0
1776885138.8131027,0.0,-10.0,-43.0
1776885138.8231027,-1.0,-7.0,-45.0
1776885138.8331027,0.0,-8.0,-39.0
1776885138.8431027,-1.0,-7.0,-37.0
1776885138.8531027,-1.0,-6.0,-46.0
1776885138.863103,-7.0,-7.0,-50.0
1776885138.873103,-10.0,-2.0,-51.0
1776885138.883103,-7.0,0.0,-46.0
1776885138.8931026,-3.0,1.0,-44.0
1776885138.9031026,-4.0,-2.0,-42.0
1776885138.9131026,-7.0,-3.0,-36.0
1776885138.9231029,-1.0,-5.0,-35.0
1776885138.9331028,0.0,-3.0,-39.0
1776885138.9431028,-3.0,-6.0,-38.0
1776885138.9531028,-4.0,-6.0,-38.0
1776885138.9631028,0.0,0.0,-38.0
1776885138.9731028,4.0,0.0,-33.0
1776885138.9831028,4.0,-5.0,-43.0
1776885138.9931028,3.0,-3.0,-41.0
1776885139.0031028,3.0,-3.0,-35.0
1776885139.0131028,3.0,-7.0,-36.0
1776885139.0231028,0.0,-4.0,-44.0
1776885139.0331028,-2.0,-5.0,-43.0
1776885139.0431027,-6.0,-6.0,-41.0
1776885139.0531027,-7.0,-4.0,-40.0
1776885139.0631027,-7.0,-1.0,-36.0
1776885139.0731027,-5.0,-1.0,-34.0
1776885139.0831027,0.0,-3.0,-38.0
1776885139.0931027,0.0,-2.0,-32.0
1776885139.1031027,0.0,-1.0,-33.0
1776885139.113103,1.0,0.0,-30.0
1776885139.123103,8.0,-1.0,-29.0
1776885139.133103,5.0,0.0,-34.0
1776885139.1431026,2.0,1.0,-32.0
1776885139.1531026,2.0,0.0,-37.0
1776885139.1631026,3.0,0.0,-40.0
1776885139.1731029,9.0,0.0,-38.0
1776885139.1831028,6.0,-4.0,-40.0
1776885139.1931028,4.0,-4.0,-46.0
1776885139.2031028,1.0,-2.0,-46.0
1776885139.2131028,4.0,0.0,-50.0
1776885139.2231028,4.0,-1.0,-52.0
1776885139.2331028,4.0,-1.0,-53.0
1776885139.2431028,5.0,-2.0,-54.0
1776885139.2531028,4.0,0.0,-52.0
1776885139.2631028,0.0,1.0,-53.0
1776885139.2731028,0.0,-1.0,-58.0
1776885139.2831028,2.0,0.0,-60.0
1776885139.2931027,2.0,-2.0,-56.0
1776885139.3031027,3.0,-4.0,-50.0
1776885139.3131027,2.0,-6.0,-49.0
1776885139.3231027,1.0,-12.0,-48.0
1776885139.3331027,0.0,-7.0,-48.0
1776885139.3431027,-1.0,-8.0,-55.0
1776885139.3531027,0.0,-9.0,-46.0
1776885139.363103,0.0,-7.0,-44.0
1776885139.373103,1.0,-5.0,-46.0
1776885139.383103,0.0,-3.0,-43.0
1776885139.3931026,-1.0,-3.0,-39.0
1776885139.4031026,0.0,0.0,-42.0
1776885139.4131026,0.0,-3.0,-45.0
1776885139.4231029,0.0,-4.0,-46.0
1776885139.4331028,1.0,-1.0,-41.0
1776885139.4431028,2.0,-1.0,-47.0
1776885139.4531028,0.0,3.0,-49.0
1776885139.4631028,0.0,-1.0,-48.0
1776885139.4731028,0.0,0.0,-48.0
1776885139.4831028,-1.0,-5.0,-43.0
1776885139.4931028,0.0,-2.0,-38.0
1776885139.5031028,-2.0,-1.0,-34.0
1776885139.5131028,0.0,-3.0,-36.0
1776885139.5231028,4.0,-4.0,-39.0
1776885139.5331028,6.0,-5.0,-46.0
1776885139.5431027,2.0,-2.0,-52.0
1776885139.5531027,-2.0,0.0,-56.0
1776885139.5631027,-4.0,-3.0,-57.0
1776885139.5731027,-7.0,1.0,-57.0
1776885139.5831027,-8.0,0.0,-57.0
1776885139.5931027,-7.0,-5.0,-53.0
1776885139.6031027,-6.0,-6.0,-46.0
1776885139.613103,-5.0,-8.0,-41.0
1776885139.623103,1.0,-5.0,-44.0
1776885139.633103,2.0,-7.0,-49.0
1776885139.6431026,0.0,-7.0,-49.0
1776885139.6531026,5.0,-8.0,-55.0
1776885139.6631026,2.0,-5.0,-49.0
1776885139.6731029,3.0,-6.0,-45.0
1776885139.6831028,2.0,0.0,-40.0
1776885139.6931028,2.0,-1.0,-36.0
1776885139.7031028,8.0,0.0,-33.0
1776885139.7131028,3.0,-2.0,-32.0
1776885139.7231028,2.0,-1.0,-38.0
1776885139.7331028,0.0,0.0,-38.0
1776885139.7431028,0.0,1.0,-48.0
1776885139.7531028,0.0,0.0,-51.0
1776885139.7631028,-2.0,2.0,-55.0
1776885139.7731028,-1.0,1.0,-52.0
1776885139.7831028,0.0,1.0,-46.0
1776885139.7931027,3.0,0.0,-54.0
1776885139.8031027,2.0,-2.0,-47.0
1776885139.8131027,1.0,0.0,-52.0
1776885139.8231027,0.0,-2.0,-57.0
1776885139.8331027,-1.0,-2.0,-50.0
1776885139.8431027,0.0,-8.0,-51.0
1776885139.8531027,2.0,-10.0,-57.0
1776885139.863103,5.0,-9.0,-57.0
1776885139.873103,4.0,-10.0,-53.0
1776885139.883103,2.0,-10.0,-52.0
1776885139.8931026,2.0,-7.0,-47.0
1776885139.9031026,4.0,-10.0,-49.0
1776885139.9131026,3.0,-9.0,-53.0
1776885139.9231029,1.0,-6.0,-50.0
1776885139.9331028,-2.0,-10.0,-45.0
1776885139.9431028,-3.0,-6.0,-49.0
1776885139.9531028,-1.0,-2.0,-55.0
1776885139.9631028,1.0,-5.0,-57.0
1776885139.9731028,3.0,-3.0,-49.0
1776885139.9831028,3.0,-1.0,-40.0
1776885139.9931028,2.0,0.0,-43.0
1776885140.0031028,-2.0,-1.0,-46.0
1776885140.0131028,0.0,-4.0,-46.0
1776885140.0231028,1.0,-4.0,-49.0
1776885140.0331028,1.0,-8.0,-50.0
1776885140.0431027,5.0,-4.0,-53.0
1776885140.0531027,1.0,-4.0,-52.0
1776885140.0631027,0.0,-2.0,-57.0
1776885140.0731027,-5.0,-3.0,-49.0
1776885140.0831027,-5.0,-3.0,-46.0
1776885140.0931027,-7.0,-2.0,-46.0
1776885140.1031027,-4.0,-4.0,-50.0
1776885140.113103,-3.0,-3.0,-47.0
1776885140.123103,-4.0,-3.0,-46.0
1776885140.133103,-4.0,-4.0,-45.0
1776885140.1431026,-2.0,-5.0,-41.0
1776885140.1531026,0.0,-8.0,-42.0
1776885140.1631026,-2.0,-9.0,-44.0
1776885140.1731029,-2.0,-5.0,-44.0
1776885140.1831028,-2.0,-5.0,-38.0
1776885140.1931028,-2.0,-4.0,-39.0
1776885140.2031028,3.0,-4.0,-38.0
1776885140.2131028,5.0,-6.0,-49.0
1776885140.2231028,7.0,-8.0,-42.0
1776885140.2331028,3.0,-5.0,-48.0
1776885140.2431028,0.0,-4.0,-50.0
1776885140.2531028,3.0,1.0,-50.0
1776885140.2631028,4.0,1.0,-49.0
1776885140.2731028,-2.0,3.0,-47.0
1776885140.2831028,-2.0,4.0,-47.0
1776885140.2931027,-2.0,2.0,-51.0
1776885140.3031027,0.0,0.0,-44.0
1776885140.3131027,-1.0,2.0,-48.0
1776885140.3231027,2.0,3.0,-44.0
1776885140.3331027,2.0,6.0,-41.0
1776885140.3431027,-4.0,8.0,-46.0
1776885140.3531027,-8.0,5.0,-53.0
1776885140.363103,-6.0,1.0,-49.0
1776885140.373103,-4.0,0.0,-42.0
1776885140.383103,-2.0,1.0,-45.0
1776885140.3931026,-1.0,2.0,-44.0
1776885140.4031026,2.0,6.0,-52.0
1776885140.4131026,2.0,2.0,-51.0
1776885140.4231029,0.0,3.0,-53.0
1776885140.4331028,0.0,4.0,-55.0
1776885140.4431028,-2.0,-1.0,-54.0
1776885140.4541028,-3.0,-3.0,-49.0
1776885140.4631028,-1.0,-2.0,-43.0
1776885140.4731028,-7.0,-2.0,-41.0
1776885140.4831028,-5.0,-1.0,-44.0
1776885140.4941027,-2.0,-2.0,-42.0
1776885140.5031028,-3.0,0.0,-43.0
1776885140.5131028,0.0,-4.0,-48.0
1776885140.5231028,0.0,-3.0,-47.0
1776885140.5331028,-2.0,-5.0,-49.0
1776885140.544103,1.0,-3.0,-55.0
1776885140.554103,2.0,0.0,-48.0
1776885140.5641026,2.0,-1.0,-50.0
1776885140.5741026,2.0,0.0,-51.0
1776885140.5841026,-1.0,-2.0,-56.0
1776885140.5941026,0.0,-2.0,-54.0
1776885140.6041028,1.0,-1.0,-51.0
1776885140.6141028,-3.0,-1.0,-47.0
1776885140.6241028,-1.0,-3.0,-48.0
1776885140.6341028,-2.0,-3.0,-51.0
1776885140.6441028,1.0,-6.0,-52.0
1776885140.6541028,0.0,-6.0,-53.0
1776885140.6641028,0.0,-1.0,-54.0
1776885140.6741028,4.0,0.0,-48.0
1776885140.6841028,4.0,-2.0,-43.0
1776885140.6941028,5.0,-1.0,-33.0
1776885140.7041028,3.0,-5.0,-37.0
1776885140.7141027,5.0,-5.0,-39.0
1776885140.7241027,3.0,-4.0,-36.0
1776885140.7341027,0.0,-1.0,-38.0
1776885140.7441027,4.0,0.0,-38.0
1776885140.7541027,1.0,-2.0,-34.0
1776885140.7641027,2.0,2.0,-35.0
1776885140.7741027,0.0,8.0,-36.0
1776885140.784103,-4.0,7.0,-33.0
1776885140.794103,-1.0,4.0,-41.0
1776885140.804103,-3.0,0.0,-43.0
1776885140.8141026,-7.0,-1.0,-44.0
1776885140.8241026,-1.0,1.0,-43.0
1776885140.8341026,-4.0,0.0,-39.0
1776885140.8441026,-5.0,-4.0,-37.0
1776885140.8541028,-2.0,-1.0,-37.0
1776885140.8641028,0.0,1.0,-36.0
1776885140.8741028,2.0,4.0,-42.0
1776885140.8841028,1.0,5.0,-42.0
1776885140.8941028,1.0,4.0,-42.0
1776885140.9041028,0.0,2.0,-46.0
1776885140.9141028,0.0,0.0,-36.0
1776885140.9241028,-4.0,0.0,-38.0
1776885140.9341028,0.0,0.0,-38.0
1776885140.9441028,0.0,0.0,-40.0
1776885140.9541028,0.0,-1.0,-41.0
1776885140.9641027,-1.0,-4.0,-40.0
1776885140.9741027,0.0,-8.0,-46.0
1776885140.9841027,2.0,-8.0,-51.0
1776885140.9941027,0.0,-6.0,-52.0
1776885141.0041027,-5.0,-2.0,-57.0
1776885141.0141027,0.0,-2.0,-54.0
1776885141.0241027,3.0,-4.0,-55.0
1776885141.034103,2.0,-5.0,-49.0
1776885141.044103,0.0,-1.0,-48.0
1776885141.054103,-1.0,4.0,-46.0
1776885141.0641026,1.0,2.0,-44.0
1776885141.0741026,3.0,3.0,-44.0
1776885141.0841026,5.0,1.0,-49.0
1776885141.0941026,6.0,1.0,-52.0
1776885141.1041028,4.0,0.0,-47.0
1776885141.1141028,2.0,-1.0,-47.0
1776885141.1241028,2.0,0.0,-42.0
1776885141.1341028,5.0,0.0,-37.0
1776885141.1441028,0.0,2.0,-37.0
1776885141.1541028,-1.0,1.0,-38.0
1776885141.1641028,2.0,1.0,-38.0
1776885141.1741028,-1.0,3.0,-39.0
1776885141.1841028,0.0,0.0,-42.0
1776885141.1941028,4.0,-1.0,-44.0
1776885141.2041028,1.0,1.0,-48.0
1776885141.2141027,1.0,2.0,-48.0
1776885141.2241027,0.0,1.0,-46.0
1776885141.2341027,0.0,-1.0,-41.0
1776885141.2441027,0.0,0.0,-44.0
1776885141.2541027,-3.0,-2.0,-40.0
1776885141.2641027,-3.0,-3.0,-46.0
1776885141.2741027,-3.0,-1.0,-53.0
1776885141.284103,-2.0,-2.0,-50.0
1776885141.294103,0.0,-2.0,-43.0
1776885141.304103,0.0,-2.0,-39.0
1776885141.3141026,0.0,0.0,-39.0
1776885141.3241026,0.0,2.0,-43.0
1776885141.3341026,3.0,0.0,-51.0
1776885141.3441026,6.0,-2.0,-51.0
1776885141.3541028,8.0,1.0,-45.0
1776885141.3641028,4.0,3.0,-45.0
1776885141.3741028,5.0,-2.0,-49.0
1776885141.3841028,4.0,-1.0,-48.0
1776885141.3941028,3.0,-2.0,-47.0
1776885141.4041028,3.0,-1.0,-39.0
1776885141.4141028,2.0,-3.0,-40.0
1776885141.4241028,0.0,-1.0,-49.0
1776885141.4341028,1.0,-4.0,-51.0
1776885141.4441028,-3.0,-3.0,-50.0
1776885141.4541028,-3.0,-1.0,-51.0
1776885141.4641027,0.0,-1.0,-40.0
1776885141.4741027,2.0,2.0,-43.0
1776885141.4841027,4.0,4.0,-40.0
1776885141.4941027,4.0,4.0,-40.0
1776885141.5041027,4.0,2.0,-45.0
1776885141.5141027,-2.0,0.0,-41.0
1776885141.5241027,-3.0,0.0,-47.0
1776885141.534103,-1.0,2.0,-45.0
1776885141.544103,8.0,0.0,-46.0
1776885141.554103,16.0,2.0,-45.0
1776885141.5641026,14.0,0.0,-41.0
1776885141.5741026,10.0,-2.0,-45.0
1776885141.5841026,9.0,-5.0,-44.0
1776885141.5941026,7.0,-4.0,-41.0
1776885141.6041028,6.0,-8.0,-36.0
1776885141.6141028,5.0,-7.0,-37.0
1776885141.6241028,5.0,-7.0,-36.0
1776885141.6341028,4.0,-3.0,-36.0
1776885141.6441028,6.0,1.0,-38.0
1776885141.6541028,3.0,0.0,-44.0
1776885141.6641028,6.0,0.0,-41.0
1776885141.6741028,4.0,0.0,-37.0
1776885141.6841028,4.0,-1.0,-43.0
1776885141.6941028,0.0,0.0,-44.0
1776885141.7041028,0.0,2.0,-42.0
1776885141.7141027,0.0,1.0,-48.0
1776885141.7241027,0.0,0.0,-52.0
1776885141.7341027,5.0,-4.0,-52.0
1776885141.7441027,3.0,-1.0,-49.0
1776885141.7541027,0.0,6.0,-44.0
1776885141.7641027,0.0,3.0,-42.0
1776885141.7741027,0.0,-3.0,-42.0
1776885141.784103,0.0,-3.0,-48.0
1776885141.794103,2.0,-4.0,-45.0
1776885141.804103,0.0,-8.0,-48.0
1776885141.8141026,-4.0,-8.0,-45.0
1776885141.8241026,-3.0,-9.0,-40.0
1776885141.8341026,-5.0,-11.0,-45.0
1776885141.8441026,-2.0,-12.0,-40.0
1776885141.8541028,0.0,-10.0,-39.0
1776885141.8641028,0.0,-9.0,-45.0
1776885141.8741028,4.0,-10.0,-44.0
1776885141.8841028,1.0,-9.0,-42.0
1776885141.8941028,0.0,-5.0,-42.0
1776885141.9041028,0.0,-5.0,-45.0
1776885141.9141028,1.0,-3.0,-42.0
1776885141.9241028,0.0,-2.0,-44.0
1776885141.9341028,4.0,-5.0,-48.0
1776885141.9441028,0.0,-3.0,-60.0
1776885141.9541028,-1.0,-4.0,-66.0
1776885141.9641027,-2.0,-2.0,-66.0
1776885141.9741027,4.0,-1.0,-61.0
1776885141.9841027,5.0,1.0,-57.0
1776885141.9941027,7.0,5.0,-52.0
1776885142.0041027,8.0,5.0,-46.0
1776885142.0141027,7.0,1.0,-51.0
1776885142.0241027,4.0,-2.0,-47.0
1776885142.034103,2.0,-2.0,-45.0
1776885142.044103,4.0,-1.0,-49.0
1776885142.054103,-2.0,-5.0,-43.0
1776885142.0641026,-1.0,-8.0,-41.0
1776885142.0741026,-2.0,-5.0,-46.0
1776885142.0841026,-4.0,-3.0,-51.0
1776885142.0941026,-1.0,-2.0,-47.0
1776885142.1041028,-1.0,-2.0,-42.0
1776885142.1141028,-1.0,0.0,-43.0
1776885142.1241028,-5.0,-1.0,-37.0
1776885142.1341028,0.0,0.0,-38.0
1776885142.1441028,1.0,-1.0,-43.0
1776885142.1541028,-3.0,1.0,-43.0
1776885142.1641028,-4.0,4.0,-51.0
1776885142.1741028,0.0,1.0,-46.0
1776885142.1841028,0.0,0.0,-45.0
1776885142.1941028,0.0,-3.0,-47.0
1776885142.2041028,3.0,-4.0,-50.0
1776885142.2141027,5.0,0.0,-47.0
1776885142.2241027,3.0,-1.0,-44.0
1776885142.2341027,0.0,-2.0,-42.0
1776885142.2441027,-3.0,-4.0,-42.0
1776885142.2541027,-7.0,-6.0,-39.0
1776885142.2641027,-6.0,-4.0,-41.0
1776885142.2741027,-3.0,-5.0,-43.0
1776885142.284103,-3.0,0.0,-38.0
1776885142.294103,-1.0,0.0,-41.0
1776885142.304103,0.0,-2.0,-40.0
1776885142.3141026,3.0,0.0,-42.0
1776885142.3241026,0.0,0.0,-44.0
1776885142.3341026,0.0,-5.0,-47.0
1776885142.3441026,3.0,-7.0,-47.0
1776885142.3541028,3.0,-6.0,-48.0
1776885142.3641028,-2.0,-3.0,-54.0
1776885142.3741028,-5.0,-2.0,-47.0
1776885142.3841028,-4.0,1.0,-46.0
1776885142.3941028,-2.0,0.0,-54.0
1776885142.4041028,1.0,1.0,-54.0
1776885142.4141028,3.0,-2.0,-49.0
1776885142.4241028,0.0,-4.0,-42.0
1776885142.4341028,0.0,-1.0,-48.0
1776885142.4441028,-1.0,-3.0,-47.0
1776885142.4541028,0.0,-1.0,-48.0
1776885142.4641027,-1.0,0.0,-49.0
1776885142.4741027,-1.0,0.0,-47.0
1776885142.4841027,0.0,3.0,-40.0
1776885142.4941027,-1.0,2.0,-38.0
1776885142.5051026,1.0,3.0,-35.0
1776885142.5151026,-1.0,0.0,-42.0
1776885142.5251029,-8.0,-1.0,-45.0
1776885142.534103,-10.0,-5.0,-43.0
1776885142.5451028,-6.0,-5.0,-49.0
1776885142.5551028,-5.0,-7.0,-43.0
1776885142.5651028,0.0,-6.0,-40.0
1776885142.5751028,-1.0,-6.0,-39.0
1776885142.5851028,0.0,-8.0,-42.0
1776885142.5951028,-1.0,-6.0,-53.0
1776885142.6051028,-1.0,-4.0,-55.0
1776885142.6151028,0.0,-1.0,-55.0
1776885142.6251028,2.0,0.0,-59.0
1776885142.6351027,1.0,1.0,-57.0
1776885142.6451027,1.0,-2.0,-52.0
1776885142.6551027,0.0,-4.0,-44.0
1776885142.6651027,-6.0,-7.0,-44.0
1776885142.6751027,-1.0,-7.0,-35.0
1776885142.6851027,0.0,-1.0,-36.0
1776885142.6951027,-1.0,0.0,-36.0
1776885142.7051027,-3.0,-3.0,-42.0
1776885142.715103,-2.0,-5.0,-42.0
1776885142.725103,3.0,-6.0,-41.0
1776885142.735103,3.0,-5.0,-43.0
1776885142.7451026,2.0,-5.0,-47.0
1776885142.7551026,0.0,-2.0,-48.0
1776885142.7651026,1.0,0.0,-42.0
1776885142.7751029,-2.0,-1.0,-36.0
1776885142.7851028,-1.0,-2.0,-47.0
1776885142.7951028,-1.0,-4.0,-43.0
1776885142.8051028,-2.0,-1.0,-47.0
1776885142.8151028,0.0,-3.0,-53.0
1776885142.8251028,1.0,-2.0,-55.0
1776885142.8351028,-3.0,-2.0,-54.0
1776885142.8451028,0.0,-5.0,-55.0
1776885142.8551028,3.0,-1.0,-54.0
1776885142.8651028,6.0,0.0,-52.0
1776885142.8751028,3.0,3.0,-46.0
1776885142.8851027,3.0,-3.0,-40.0
1776885142.8951027,1.0,-6.0,-40.0
1776885142.9051027,0.0,-6.0,-37.0
1776885142.9151027,0.0,-3.0,-39.0
1776885142.9251027,0.0,-5.0,-46.0
1776885142.9351027,1.0,-3.0,-52.0
1776885142.9451027,1.0,-2.0,-62.0
1776885142.9551027,-1.0,-7.0,-56.0
1776885142.965103,-6.0,-7.0,-54.0
1776885142.975103,-3.0,-10.0,-46.0
1776885142.985103,0.0,-8.0,-44.0
1776885142.9951026,-1.0,-1.0,-46.0
1776885143.0051026,0.0,0.0,-46.0
1776885143.0151026,-4.0,0.0,-41.0
1776885143.0251029,-5.0,-2.0,-47.0
1776885143.0351028,-5.0,-2.0,-56.0
1776885143.0451028,-5.0,-4.0,-48.0
1776885143.0551028,-9.0,-5.0,-56.0
1776885143.0651028,-9.0,-4.0,-49.0
1776885143.0751028,-11.0,-2.0,-42.0
1776885143.0851028,-12.0,1.0,-42.0
1776885143.0951028,-10.0,1.0,-41.0
1776885143.1051028,-3.0,-3.0,-47.0
1776885143.1151028,-3.0,-3.0,-43.0
1776885143.1251028,-5.0,-2.0,-43.0
1776885143.1351027,-3.0,-3.0,-40.0
1776885143.1451027,-2.0,-1.0,-37.0
1776885143.1551027,-3.0,0.0,-27.0
1776885143.1651027,-7.0,0.0,-33.0
1776885143.1751027,-1.0,-3.0,-36.0
1776885143.1851027,0.0,-2.0,-38.0
1776885143.1951027,4.0,-2.0,-41.0
1776885143.2051027,2.0,0.0,-39.0
1776885143.215103,5.0,0.0,-39.0
1776885143.225103,7.0,-2.0,-44.0
1776885143.235103,7.0,-3.0,-43.0
1776885143.2451026,7.0,-3.0,-47.0
1776885143.2551026,6.0,-2.0,-40.0
1776885143.2651026,5.0,-1.0,-34.0
1776885143.2751029,5.0,-1.0,-33.0
1776885143.2851028,5.0,-1.0,-33.0
1776885143.2951028,0.0,1.0,-38.0
1776885143.3051028,-3.0,0.0,-42.0
1776885143.3151028,-2.0,0.0,-48.0
1776885143.3251028,-1.0,0.0,-45.0
1776885143.3351028,1.0,-5.0,-38.0
1776885143.3451028,4.0,-4.0,-39.0
1776885143.3551028,0.0,-1.0,-33.0
1776885143.3651028,1.0,-2.0,-38.0
1776885143.3751028,2.0,-1.0,-42.0
1776885143.3851027,-3.0,-1.0,-45.0
1776885143.3951027,-7.0,-4.0,-46.0
1776885143.4051027,-6.0,-6.0,-54.0
1776885143.4151027,-3.0,-5.0,-62.0
1776885143.4251027,4.0,-7.0,-58.0
1776885143.4351027,1.0,-8.0,-51.0
1776885143.4451027,6.0,-4.0,-50.0
1776885143.4551027,3.0,-1.0,-50.0
1776885143.465103,1.0,0.0,-51.0
1776885143.475103,8.0,0.0,-48.0
1776885143.485103,6.0,0.0,-45.0
1776885143.4951026,4.0,-1.0,-42.0
1776885143.5051026,3.0,-2.0,-43.0
1776885143.5151026,4.0,0.0,-38.0
1776885143.5251029,2.0,4.0,-42.0
1776885143.5351028,6.0,4.0,-42.0
1776885143.5451028,3.0,3.0,-42.0
1776885143.5551028,3.0,2.0,-40.0
1776885143.5651028,5.0,4.0,-44.0
1776885143.5751028,-1.0,3.0,-39.0
1776885143.5851028,1.0,2.0,-44.0
1776885143.5951028,1.0,3.0,-43.0
1776885143.6051028,3.0,5.0,-43.0
1776885143.6151028,4.0,5.0,-49.0
1776885143.6251028,-2.0,3.0,-46.0
1776885143.6351027,-2.0,4.0,-45.0
1776885143.6451027,0.0,2.0,-46.0
1776885143.6551027,2.0,-1.0,-45.0
1776885143.6651027,4.0,4.0,-49.0
1776885143.6751027,2.0,3.0,-49.0
1776885143.6851027,1.0,1.0,-54.0
1776885143.6951027,-1.0,3.0,-53.0
1776885143.7051027,0.0,1.0,-49.0
1776885143.715103,-2.0,-1.0,-48.0
1776885143.725103,-6.0,-2.0,-42.0
1776885143.735103,-7.0,0.0,-45.0
1776885143.7451026,-6.0,4.0,-41.0
1776885143.7551026,-8.0,3.0,-39.0
1776885143.7651026,-5.0,3.0,-41.0
1776885143.7751029,0.0,-1.0,-41.0
1776885143.7851028,-2.0,-2.0,-40.0
1776885143.7951028,-7.0,-2.0,-45.0
1776885143.8051028,-3.0,-2.0,-43.0
1776885143.8151028,-2.0,-6.0,-47.0
1776885143.8251028,-3.0,-11.0,-50.0
1776885143.8351028,-2.0,-9.0,-59.0
1776885143.8451028,0.0,-7.0,-53.0
1776885143.8551028,3.0,-6.0,-48.0
1776885143.8651028,1.0,-10.0,-46.0
1776885143.8751028,5.0,-7.0,-48.0
1776885143.8851027,6.0,-5.0,-47.0
1776885143.8951027,4.0,-1.0,-50.0
1776885143.9051027,-1.0,1.0,-48.0
1776885143.9151027,0.0,0.0,-46.0
1776885143.9251027,2.0,-1.0,-43.0
1776885143.9351027,4.0,-2.0,-40.0
1776885143.9451027,5.0,-2.0,-49.0
1776885143.9551027,0.0,0.0,-53.0
1776885143.965103,0.0,0.0,-47.0
1776885143.975103,2.0,0.0,-47.0
1776885143.985103,0.0,0.0,-38.0
1776885143.9951026,1.0,3.0,-28.0
1776885144.0051026,-1.0,2.0,-31.0
1776885144.0151026,0.0,0.0,-39.0
1776885144.0251029,-1.0,-2.0,-31.0
1776885144.0351028,-2.0,-4.0,-35.0
1776885144.0451028,1.0,-3.0,-39.0
1776885144.0551028,0.0,0.0,-46.0
1776885144.0651028,-4.0,-3.0,-52.0
1776885144.0751028,-7.0,-1.0,-50.0
1776885144.0851028,-5.0,-1.0,-48.0
1776885144.0951028,-5.0,0.0,-52.0
1776885144.1051028,-5.0,-2.0,-48.0
1776885144.1151028,0.0,-1.0,-47.0
1776885144.1251028,7.0,1.0,-46.0
1776885144.1351027,7.0,1.0,-52.0
1776885144.1451027,4.0,4.0,-48.0
1776885144.1551027,5.0,1.0,-45.0
1776885144.1651027,5.0,-1.0,-46.0
1776885144.1751027,4.0,0.0,-44.0
1776885144.1851027,3.0,-8.0,-38.0
1776885144.1951027,3.0,-6.0,-42.0
1776885144.2051027,1.0,0.0,-43.0
1776885144.215103,-3.0,0.0,-41.0
1776885144.225103,-3.0,2.0,-48.0
1776885144.235103,-2.0,0.0,-44.0
1776885144.2451026,-3.0,4.0,-51.0
1776885144.2551026,-1.0,8.0,-52.0
1776885144.2651026,0.0,6.0,-51.0
1776885144.2751029,0.0,4.0,-51.0
1776885144.2851028,1.0,3.0,-48.0
1776885144.2951028,5.0,3.0,-44.0
1776885144.3051028,3.0,0.0,-48.0
1776885144.3151028,-3.0,-2.0,-53.0
1776885144.3251028,-4.0,-2.0,-54.0
1776885144.3351028,0.0,0.0,-50.0
1776885144.3451028,-3.0,-2.0,-50.0
1776885144.3551028,2.0,-4.0,-49.0
1776885144.3651028,1.0,-1.0,-40.0
1776885144.3751028,1.0,-4.0,-40.0
1776885144.3851027,0.0,-2.0,-39.0
1776885144.3951027,4.0,-4.0,-39.0
1776885144.4051027,2.0,-5.0,-39.0
1776885144.4151027,1.0,-2.0,-44.0
1776885144.4251027,0.0,0.0,-46.0
1776885144.4351027,-1.0,1.0,-51.0
1776885144.4461029,-5.0,4.0,-49.0
1776885144.4551027,-5.0,5.0,-43.0
1776885144.4661028,-8.0,3.0,-41.0
1776885144.4761028,-11.0,6.0,-41.0
1776885144.485103,-6.0,6.0,-39.0
1776885144.4961028,-2.0,8.0,-39.0
1776885144.5061028,-1.0,2.0,-31.0
1776885144.5161028,-3.0,3.0,-36.0
1776885144.5261028,-8.0,0.0,-39.0
1776885144.5361028,-10.0,2.0,-42.0
1776885144.5461028,-6.0,4.0,-39.0
1776885144.5561028,-11.0,4.0,-39.0
1776885144.5661027,-7.0,1.0,-37.0
1776885144.5761027,0.0,-4.0,-41.0
1776885144.5861027,2.0,-8.0,-45.0
1776885144.5961027,2.0,-4.0,-36.0
1776885144.6061027,4.0,-4.0,-38.0
1776885144.6161027,1.0,1.0,-37.0
1776885144.6261027,1.0,0.0,-40.0
1776885144.636103,3.0,-2.0,-41.0
1776885144.646103,4.0,-1.0,-44.0
1776885144.656103,4.0,-2.0,-39.0
1776885144.6661026,7.0,-3.0,-42.0
1776885144.6761026,6.0,2.0,-43.0
1776885144.6861026,12.0,0.0,-40.0
1776885144.6961029,9.0,0.0,-44.0
1776885144.7061028,3.0,-1.0,-42.0
1776885144.7161028,4.0,-2.0,-45.0
1776885144.7261028,2.0,0.0,-43.0
1776885144.7361028,2.0,1.0,-43.0
1776885144.7461028,1.0,4.0,-39.0
1776885144.7561028,-1.0,5.0,-40.0
1776885144.7661028,-5.0,0.0,-43.0
1776885144.7761028,-6.0,-2.0,-49.0
1776885144.7861028,-8.0,-2.0,-52.0
1776885144.7961028,-5.0,-1.0,-49.0
1776885144.8061028,-5.0,-2.0,-52.0
1776885144.8161027,0.0,2.0,-49.0
1776885144.8261027,3.0,5.0,-49.0
1776885144.8361027,1.0,0.0,-49.0
1776885144.8461027,0.0,2.0,-49.0
1776885144.8561027,2.0,0.0,-41.0
1776885144.8661027,6.0,2.0,-41.0
1776885144.8761027,4.0,0.0,-47.0
1776885144.886103,3.0,-8.0,-52.0
1776885144.896103,-1.0,-5.0,-52.0
1776885144.906103,4.0,0.0,-54.0
1776885144.9161026,1.0,3.0,-53.0
1776885144.9261026,3.0,2.0,-50.0
1776885144.9361026,5.0,0.0,-47.0
1776885144.9461029,2.0,-2.0,-45.0
1776885144.9561028,-2.0,-2.0,-43.0
1776885144.9661028,-6.0,0.0,-49.0
1776885144.9761028,-4.0,1.0,-47.0
1776885144.9861028,-5.0,4.0,-44.0
1776885144.9961028,1.0,1.0,-42.0
1776885145.0061028,6.0,1.0,-42.0
1776885145.0161028,4.0,0.0,-38.0
1776885145.0261028,-1.0,-1.0,-38.0
1776885145.0361028,0.0,-2.0,-42.0
1776885145.0461028,0.0,-2.0,-47.0
1776885145.0561028,0.0,3.0,-52.0
1776885145.0661027,-6.0,1.0,-55.0
1776885145.0761027,-4.0,3.0,-54.0
1776885145.0861027,-5.0,1.0,-49.0
1776885145.0961027,-6.0,0.0,-50.0
1776885145.1061027,-7.0,-1.0,-49.0
1776885145.1161027,-1.0,2.0,-42.0
1776885145.1261027,2.0,1.0,-43.0
1776885145.136103,4.0,-1.0,-41.0
1776885145.146103,4.0,0.0,-42.0
1776885145.156103,6.0,-2.0,-34.0
1776885145.1661026,3.0,-1.0,-41.0
1776885145.1761026,-1.0,0.0,-42.0
1776885145.1861026,-1.0,2.0,-44.0
1776885145.1961029,-2.0,-1.0,-38.0
1776885145.2061028,-5.0,0.0,-47.0
1776885145.2161028,-8.0,3.0,-48.0
1776885145.2261028,-10.0,4.0,-46.0
1776885145.2361028,-13.0,0.0,-50.0
1776885145.2461028,-7.0,1.0,-48.0
1776885145.2561028,-10.0,0.0,-47.0
1776885145.2661028,-10.0,0.0,-44.0
1776885145.2761028,-8.0,1.0,-48.0
1776885145.2861028,-5.0,4.0,-48.0
1776885145.2961028,-1.0,5.0,-44.0
1776885145.3061028,1.0,7.0,-48.0
1776885145.3161027,0.0,3.0,-42.0
1776885145.3261027,1.0,7.0,-42.0
1776885145.3361027,0.0,5.0,-45.0
1776885145.3461027,0.0,3.0,-52.0
1776885145.3561027,0.0,2.0,-54.0
1776885145.3661027,4.0,0.0,-55.0
1776885145.3761027,7.0,0.0,-54.0
1776885145.386103,9.0,0.0,-48.0
1776885145.396103,9.0,0.0,-40.0
1776885145.406103,1.0,-2.0,-42.0
1776885145.4161026,1.0,-4.0,-41.0
1776885145.4261026,0.0,-8.0,-42.0
1776885145.4361026,0.0,-6.0,-40.0
1776885145.4461029,0.0,-9.0,-38.0
1776885145.4561028,-1.0,-9.0,-37.0
1776885145.4661028,-2.0,-4.0,-36.0
1776885145.4761028,-1.0,0.0,-42.0
1776885145.4861028,-2.0,0.0,-46.0
1776885145.4961028,-3.0,-3.0,-50.0
1776885145.5061028,-4.0,-4.0,-49.0
1776885145.5161028,-3.0,-3.0,-51.0
1776885145.5261028,-3.0,-7.0,-49.0
1776885145.5361028,-7.0,-9.0,-52.0
1776885145.5461028,-6.0,-5.0,-46.0
1776885145.5561028,-1.0,-1.0,-46.0
1776885145.5661027,0.0,-3.0,-46.0
1776885145.5761027,2.0,-1.0,-44.0
1776885145.5861027,5.0,2.0,-44.0
1776885145.5961027,3.0,0.0,-44.0
1776885145.6061027,3.0,2.0,-39.0
1776885145.6161027,0.0,-2.0,-40.0
1776885145.6261027,1.0,-6.0,-44.0
1776885145.636103,1.0,-8.0,-42.0
1776885145.646103,-2.0,-8.0,-44.0
1776885145.656103,-1.0,-10.0,-44.0
1776885145.6661026,1.0,-6.0,-44.0
1776885145.6761026,0.0,-4.0,-45.0
1776885145.6861026,0.0,-3.0,-40.0
1776885145.6961029,0.0,-1.0,-36.0
1776885145.7061028,-5.0,-3.0,-32.0
1776885145.7161028,-1.0,-5.0,-31.0
1776885145.7261028,0.0,-6.0,-31.0
1776885145.7361028,-3.0,-4.0,-33.0
1776885145.7461028,-2.0,-1.0,-31.0
1776885145.7561028,-2.0,-4.0,-35.0
1776885145.7661028,-1.0,-2.0,-38.0
1776885145.7761028,0.0,0.0,-38.0
1776885145.7861028,1.0,0.0,-38.0
1776885145.7961028,1.0,0.0,-36.0
1776885145.8061028,0.0,-4.0,-38.0
1776885145.8161027,2.0,-5.0,-37.0
1776885145.8261027,1.0,-8.0,-40.0
1776885145.8361027,-3.0,-11.0,-43.0
1776885145.8461027,-1.0,-11.0,-43.0
1776885145.8561027,0.0,-5.0,-45.0
1776885145.8661027,0.0,-2.0,-39.0
1776885145.8761027,2.0,-3.0,-42.0
1776885145.886103,6.0,-4.0,-39.0
1776885145.896103,10.0,-3.0,-46.0
1776885145.906103,6.0,-2.0,-45.0
1776885145.9161026,5.0,0.0,-49.0
1776885145.9261026,7.0,-1.0,-49.0
1776885145.9361026,8.0,2.0,-49.0
1776885145.9461029,13.0,1.0,-46.0
1776885145.9561028,11.0,1.0,-41.0
1776885145.9661028,11.0,1.0,-38.0
1776885145.9761028,10.0,0.0,-41.0
1776885145.9861028,9.0,0.0,-42.0
1776885145.9961028,4.0,-2.0,-45.0
1776885146.0061028,0.0,-5.0,-49.0
1776885146.0161028,-2.0,-5.0,-47.0
1776885146.0261028,2.0,-2.0,-49.0
1776885146.0361028,-2.0,0.0,-52.0
1776885146.0461028,-7.0,1.0,-48.0
1776885146.0561028,-2.0,-1.0,-44.0
1776885146.0661027,-1.0,-1.0,-39.0
1776885146.0761027,0.0,2.0,-42.0
1776885146.0861027,2.0,4.0,-41.0
1776885146.0961027,5.0,3.0,-42.0
1776885146.1061027,2.0,5.0,-40.0
1776885146.1161027,-3.0,6.0,-46.0
1776885146.1261027,-1.0,2.0,-41.0
1776885146.136103,1.0,0.0,-37.0
1776885146.146103,5.0,-2.0,-42.0
1776885146.156103,1.0,-4.0,-44.0
1776885146.1661026,2.0,-2.0,-47.0
1776885146.1761026,2.0,-2.0,-51.0
1776885146.1861026,0.0,-1.0,-50.0
1776885146.1961029,-4.0,0.0,-48.0
1776885146.2061028,-2.0,2.0,-45.0
1776885146.2161028,-1.0,4.0,-49.0
1776885146.2261028,-6.0,2.0,-50.0
1776885146.2361028,-8.0,6.0,-47.0
1776885146.2461028,-9.0,6.0,-47.0
1776885146.2561028,-9.0,1.0,-44.0
1776885146.2661028,-11.0,0.0,-45.0
1776885146.2761028,-8.0,-2.0,-41.0
1776885146.2861028,-8.0,-4.0,-39.0
1776885146.2961028,-3.0,-7.0,-39.0
1776885146.3061028,1.0,-10.0,-36.0
1776885146.3161027,2.0,-5.0,-41.0
1776885146.3261027,5.0,-2.0,-36.0
1776885146.3361027,4.0,0.0,-34.0
1776885146.3461027,6.0,-2.0,-39.0
1776885146.3561027,3.0,0.0,-39.0
1776885146.3661027,1.0,-3.0,-39.0
1776885146.3761027,4.0,0.0,-45.0
1776885146.386103,6.0,-4.0,-44.0
1776885146.396103,4.0,-1.0,-37.0
1776885146.406103,6.0,-4.0,-44.0
1776885146.4161026,6.0,-2.0,-39.0
1776885146.4271028,4.0,0.0,-37.0
1776885146.4371028,0.0,1.0,-45.0
1776885146.4471028,4.0,0.0,-43.0
1776885146.4571028,4.0,-5.0,-41.0
1776885146.4661028,4.0,-4.0,-43.0
1776885146.4771028,-1.0,-8.0,-43.0
1776885146.4871027,1.0,-7.0,-47.0
1776885146.4971027,4.0,-5.0,-48.0
1776885146.5071027,1.0,-2.0,-48.0
1776885146.5171027,-4.0,-2.0,-50.0
1776885146.5271027,-7.0,-4.0,-56.0
1776885146.5371027,-9.0,-2.0,-53.0
1776885146.5471027,-2.0,-1.0,-53.0
1776885146.557103,-2.0,0.0,-53.0
1776885146.567103,3.0,-3.0,-49.0
1776885146.577103,4.0,-2.0,-54.0
1776885146.587103,8.0,0.0,-60.0
1776885146.5971026,4.0,-4.0,-57.0
1776885146.6071026,5.0,-6.0,-53.0
1776885146.6171026,7.0,-6.0,-46.0
1776885146.6271029,7.0,-3.0,-50.0
1776885146.6371028,2.0,-3.0,-46.0
1776885146.6471028,0.0,-2.0,-42.0
1776885146.6571028,-6.0,-2.0,-42.0
1776885146.6671028,-5.0,0.0,-46.0
1776885146.6771028,-1.0,-3.0,-51.0
1776885146.6871028,-4.0,-7.0,-42.0
1776885146.6971028,-2.0,-5.0,-45.0
1776885146.7071028,-4.0,-4.0,-44.0
1776885146.7171028,-5.0,-3.0,-44.0
1776885146.7271028,-1.0,-4.0,-40.0
1776885146.7371027,0.0,-4.0,-40.0
1776885146.7471027,-2.0,-3.0,-45.0
1776885146.7571027,-4.0,-6.0,-50.0
1776885146.7671027,-4.0,-8.0,-54.0
1776885146.7771027,-4.0,-5.0,-55.0
1776885146.7871027,-3.0,-2.0,-51.0
1776885146.7971027,0.0,3.0,-53.0
1776885146.807103,2.0,0.0,-51.0
1776885146.817103,0.0,-1.0,-52.0
1776885146.827103,-5.0,-3.0,-52.0
1776885146.837103,-2.0,-3.0,-52.0
1776885146.8471026,1.0,-2.0,-48.0
1776885146.8571026,1.0,-8.0,-51.0
1776885146.8671026,2.0,-8.0,-49.0
1776885146.8771029,2.0,-11.0,-42.0
1776885146.8871028,-4.0,-11.0,-40.0
1776885146.8971028,-5.0,-11.0,-47.0
1776885146.9071028,-2.0,-8.0,-46.0
1776885146.9171028,2.0,-7.0,-44.0
1776885146.9271028,1.0,-6.0,-44.0
1776885146.9371028,0.0,-5.0,-51.0
1776885146.9471028,2.0,-3.0,-47.0
1776885146.9571028,1.0,-7.0,-36.0
1776885146.9671028,0.0,-8.0,-35.0
1776885146.9771028,-2.0,-8.0,-40.0
1776885146.9871027,-2.0,-4.0,-49.0
1776885146.9971027,0.0,-2.0,-50.0
1776885147.0071027,-1.0,-1.0,-48.0
1776885147.0171027,0.0,1.0,-44.0
1776885147.0271027,1.0,0.0,-48.0
1776885147.0371027,1.0,0.0,-49.0
1776885147.0471027,0.0,0.0,-52.0
1776885147.057103,1.0,-1.0,-51.0
1776885147.067103,3.0,-3.0,-42.0
1776885147.077103,0.0,-2.0,-45.0
1776885147.087103,-3.0,-3.0,-43.0
1776885147.0971026,1.0,0.0,-47.0
1776885147.1071026,3.0,-1.0,-39.0
1776885147.1171026,5.0,-4.0,-47.0
1776885147.1271029,4.0,-4.0,-49.0
1776885147.1371028,-1.0,-4.0,-46.0
1776885147.1471028,-3.0,-2.0,-44.0
1776885147.1571028,0.0,-1.0,-48.0
1776885147.1671028,2.0,0.0,-46.0
1776885147.1771028,0.0,-1.0,-45.0
1776885147.1871028,-2.0,0.0,-45.0
1776885147.1971028,0.0,2.0,-49.0
1776885147.2071028,-1.0,5.0,-52.0
1776885147.2171028,-3.0,3.0,-55.0
1776885147.2271028,2.0,0.0,-55.0
1776885147.2371027,2.0,-3.0,-51.0
1776885147.2471027,0.0,2.0,-55.0
1776885147.2571027,2.0,0.0,-54.0
1776885147.2671027,0.0,1.0,-54.0
1776885147.2771027,0.0,-2.0,-47.0
1776885147.2871027,-4.0,-7.0,-40.0
1776885147.2971027,-3.0,-6.0,-37.0
1776885147.307103,-1.0,-2.0,-38.0
1776885147.317103,1.0,-3.0,-43.0
1776885147.327103,2.0,-5.0,-45.0
1776885147.337103,4.0,-1.0,-38.0
1776885147.3471026,5.0,-3.0,-38.0
1776885147.3571026,3.0,-4.0,-44.0
1776885147.3671026,-2.0,-6.0,-48.0
1776885147.3771029,-6.0,-2.0,-53.0
1776885147.3871028,-3.0,-3.0,-54.0
1776885147.3971028,0.0,-9.0,-49.0
1776885147.4071028,0.0,-8.0,-50.0
1776885147.4171028,-2.0,-8.0,-51.0
1776885147.4271028,-3.0,-7.0,-49.0
1776885147.4371028,0.0,-4.0,-53.0
1776885147.4471028,0.0,-5.0,-58.0
1776885147.4571028,1.0,-4.0,-54.0
1776885147.4671028,-3.0,-3.0,-55.0
1776885147.4771028,0.0,-3.0,-46.0
1776885147.4871027,3.0,-4.0,-45.0
1776885147.4971027,3.0,-3.0,-44.0
1776885147.5071027,0.0,-2.0,-42.0
1776885147.5171027,-2.0,0.0,-39.0
1776885147.5271027,-4.0,-3.0,-38.0
1776885147.5371027,-8.0,-2.0,-39.0
1776885147.5471027,-8.0,-3.0,-38.0
1776885147.557103,-10.0,-8.0,-38.0
1776885147.567103,-7.0,-6.0,-39.0
1776885147.577103,-5.0,-4.0,-40.0
1776885147.587103,-3.0,0.0,-37.0
1776885147.5971026,2.0,-5.0,-36.0
1776885147.6071026,3.0,0.0,-40.0
1776885147.6171026,3.0,-1.0,-47.0
1776885147.6271029,4.0,-6.0,-46.0
1776885147.6371028,3.0,-6.0,-43.0
1776885147.6471028,-1.0,-2.0,-42.0
1776885147.6571028,0.0,-1.0,-41.0
1776885147.6671028,1.0,-4.0,-37.0
1776885147.6771028,0.0,-3.0,-39.0
1776885147.6871028,-1.0,0.0,-37.0
1776885147.6971028,-1.0,2.0,-36.0
1776885147.7071028,-3.0,0.0,-35.0
1776885147.7171028,-2.0,0.0,-36.0
1776885147.7271028,-1.0,0.0,-37.0
1776885147.7371027,-2.0,-2.0,-43.0
1776885147.7471027,-6.0,1.0,-44.0
1776885147.7571027,-9.0,3.0,-43.0
1776885147.7671027,-8.0,1.0,-40.0
1776885147.7771027,-6.0,1.0,-39.0
1776885147.7871027,-5.0,0.0,-36.0
1776885147.7971027,-6.0,0.0,-41.0
1776885147.807103,-15.0,-4.0,-48.0
1776885147.817103,-10.0,-7.0,-51.0
1776885147.827103,-7.0,-6.0,-48.0
1776885147.837103,-4.0,-5.0,-49.0
1776885147.8471026,-2.0,0.0,-51.0
1776885147.8571026,-4.0,-1.0,-48.0
1776885147.8671026,-4.0,-2.0,-45.0
1776885147.8771029,-3.0,-1.0,-50.0
1776885147.8871028,-3.0,0.0,-47.0
1776885147.8971028,-3.0,-1.0,-56.0
1776885147.9071028,-3.0,-3.0,-54.0
1776885147.9171028,-2.0,-2.0,-47.0
1776885147.9271028,-1.0,-1.0,-44.0
1776885147.9371028,-2.0,-2.0,-44.0
1776885147.9471028,-2.0,-1.0,-46.0
1776885147.9571028,-3.0,-2.0,-42.0
1776885147.9671028,-4.0,-2.0,-32.0
1776885147.9771028,-3.0,-1.0,-33.0
1776885147.9871027,-4.0,0.0,-31.0
1776885147.9971027,-6.0,1.0,-30.0
1776885148.0071027,-1.0,3.0,-28.0
1776885148.0171027,-1.0,-2.0,-39.0
1776885148.0271027,-5.0,-4.0,-45.0
1776885148.0371027,-6.0,-4.0,-48.0
1776885148.0471027,-5.0,-2.0,-40.0
1776885148.057103,-4.0,0.0,-33.0
1776885148.067103,-6.0,0.0,-37.0
1776885148.077103,0.0,-4.0,-39.0
1776885148.087103,4.0,-4.0,-47.0
1776885148.0971026,6.0,-2.0,-41.0
1776885148.1071026,9.0,-1.0,-43.0
1776885148.1171026,11.0,-1.0,-48.0
1776885148.1271029,9.0,0.0,-50.0
1776885148.1371028,5.0,0.0,-52.0
1776885148.1471028,3.0,1.0,-53.0
1776885148.1571028,0.0,1.0,-44.0
1776885148.1671028,0.0,2.0,-44.0
1776885148.1771028,-1.0,0.0,-44.0
1776885148.1871028,-2.0,-4.0,-45.0
1776885148.1971028,-3.0,-6.0,-48.0
1776885148.2071028,-1.0,-6.0,-49.0
1776885148.2171028,-2.0,0.0,-48.0
1776885148.2271028,-3.0,0.0,-50.0
1776885148.2371027,-4.0,-2.0,-49.0
1776885148.2471027,-2.0,-5.0,-54.0
1776885148.2571027,-1.0,-8.0,-55.0
1776885148.2671027,2.0,-2.0,-50.0
1776885148.2771027,2.0,0.0,-42.0
1776885148.2871027,2.0,-1.0,-40.0
1776885148.2971027,6.0,-5.0,-39.0
1776885148.307103,6.0,-5.0,-38.0
1776885148.317103,5.0,-7.0,-33.0
1776885148.327103,3.0,-6.0,-32.0
1776885148.337103,0.0,-5.0,-37.0
1776885148.3471026,0.0,-9.0,-36.0
1776885148.3571026,-2.0,-8.0,-40.0
1776885148.3671026,-3.0,-3.0,-40.0
1776885148.3771029,-4.0,-1.0,-33.0
1776885148.3871028,-2.0,4.0,-38.0
1776885148.3981028,0.0,6.0,-40.0
1776885148.4071028,3.0,2.0,-33.0
1776885148.4181027,2.0,2.0,-33.0
1776885148.4281027,-4.0,4.0,-35.0
1776885148.4381027,-2.0,5.0,-40.0
1776885148.4481027,-5.0,3.0,-47.0
1776885148.4581027,-10.0,3.0,-37.0
1776885148.4681027,-6.0,5.0,-35.0
1776885148.4781027,-4.0,1.0,-34.0
1776885148.488103,0.0,-1.0,-32.0
1776885148.498103,1.0,-5.0,-39.0
1776885148.508103,2.0,-2.0,-34.0
1776885148.5181026,0.0,0.0,-29.0
1776885148.5281026,-2.0,1.0,-38.0
1776885148.5381026,-4.0,0.0,-43.0
1776885148.5481029,-4.0,0.0,-43.0
1776885148.5581028,0.0,0.0,-44.0
1776885148.5681028,-3.0,2.0,-45.0
1776885148.5781028,-5.0,-4.0,-46.0
1776885148.5881028,-2.0,1.0,-47.0
1776885148.5981028,1.0,0.0,-46.0
1776885148.6081028,0.0,-3.0,-46.0
1776885148.6181028,-3.0,-6.0,-46.0
1776885148.6281028,0.0,-3.0,-45.0
1776885148.6381028,-1.0,-1.0,-48.0
1776885148.6481028,0.0,-5.0,-47.0
1776885148.6581028,-1.0,-7.0,-43.0
1776885148.6681027,1.0,-5.0,-48.0
1776885148.6781027,4.0,-6.0,-47.0
1776885148.6881027,2.0,-8.0,-48.0
1776885148.6981027,3.0,-7.0,-39.0
1776885148.7081027,6.0,-3.0,-38.0
1776885148.7181027,3.0,-4.0,-45.0
1776885148.7281027,0.0,-7.0,-48.0
1776885148.738103,-3.0,-10.0,-53.0
1776885148.748103,-2.0,-4.0,-53.0
1776885148.758103,0.0,0.0,-54.0
1776885148.7681026,0.0,2.0,-52.0
1776885148.7781026,-4.0,3.0,-48.0
1776885148.7881026,-3.0,0.0,-46.0
1776885148.7981029,-2.0,0.0,-46.0
1776885148.8081028,0.0,-2.0,-37.0
1776885148.8181028,2.0,0.0,-34.0
1776885148.8281028,3.0,0.0,-32.0
1776885148.8381028,0.0,0.0,-37.0
1776885148.8481028,1.0,-4.0,-40.0
1776885148.8581028,2.0,0.0,-38.0
1776885148.8681028,1.0,1.0,-43.0
1776885148.8781028,0.0,0.0,-44.0
1776885148.8881028,0.0,-1.0,-44.0
1776885148.8981028,-4.0,0.0,-45.0
1776885148.9081028,-1.0,3.0,-49.0
1776885148.9181027,-8.0,0.0,-56.0
1776885148.9281027,-8.0,1.0,-59.0
1776885148.9381027,-2.0,0.0,-58.0
1776885148.9481027,-4.0,-3.0,-63.0
1776885148.9581027,-3.0,-7.0,-63.0
1776885148.9681027,3.0,-5.0,-54.0
1776885148.9781027,4.0,-4.0,-51.0
1776885148.988103,1.0,-1.0,-44.0
1776885148.998103,-1.0,2.0,-44.0
1776885149.008103,-2.0,6.0,-44.0
1776885149.0181026,0.0,4.0,-48.0
1776885149.0281026,3.0,1.0,-50.0
1776885149.0381026,0.0,0.0,-41.0
1776885149.0481029,3.0,1.0,-43.0
1776885149.0581028,5.0,-1.0,-39.0
1776885149.0681028,6.0,-4.0,-38.0
1776885149.0781028,1.0,-3.0,-37.0
1776885149.0881028,0.0,-4.0,-38.0
1776885149.0981028,0.0,-2.0,-37.0
1776885149.1081028,0.0,-8.0,-39.0
1776885149.1181028,2.0,-8.0,-36.0
1776885149.1281028,7.0,-8.0,-34.0
1776885149.1381028,4.0,-5.0,-42.0
1776885149.1481028,5.0,-7.0,-39.0
1776885149.1581028,3.0,-9.0,-39.0
1776885149.1681027,7.0,-8.0,-44.0
1776885149.1781027,6.0,-3.0,-50.0
1776885149.1881027,3.0,-1.0,-50.0
1776885149.1981027,1.0,1.0,-40.0
1776885149.2081027,-1.0,5.0,-38.0
1776885149.2181027,0.0,0.0,-35.0
1776885149.2281027,2.0,0.0,-33.0
1776885149.238103,2.0,0.0,-39.0
1776885149.248103,6.0,2.0,-39.0
1776885149.258103,1.0,0.0,-39.0
1776885149.2681026,0.0,2.0,-43.0
1776885149.2781026,1.0,1.0,-48.0
1776885149.2881026,1.0,3.0,-45.0
1776885149.2981029,1.0,0.0,-40.0
1776885149.3081028,5.0,0.0,-41.0
1776885149.3181028,8.0,-3.0,-45.0
1776885149.3281028,5.0,-2.0,-45.0
1776885149.3381028,4.0,1.0,-49.0
1776885149.3481028,7.0,4.0,-42.0
1776885149.3581028,10.0,3.0,-42.0
1776885149.3681028,14.0,0.0,-47.0
1776885149.3781028,11.0,-4.0,-47.0
1776885149.3881028,4.0,-5.0,-46.0
1776885149.3981028,4.0,-6.0,-47.0
1776885149.4081028,3.0,-8.0,-57.0
1776885149.4181027,1.0,-10.0,-57.0
1776885149.4281027,2.0,-10.0,-49.0
1776885149.4381027,0.0,-9.0,-48.0
1776885149.4481027,0.0,-12.0,-52.0
1776885149.4581027,2.0,-13.0,-54.0
1776885149.4681027,-1.0,-10.0,-49.0
1776885149.4781027,-2.0,-8.0,-44.0
1776885149.488103,0.0,-10.0,-44.0
1776885149.498103,-1.0,-8.0,-43.0
1776885149.508103,-6.0,-6.0,-44.0
1776885149.5181026,-6.0,-5.0,-53.0
1776885149.5281026,0.0,-1.0,-51.0
1776885149.5381026,0.0,-3.0,-56.0
1776885149.5481029,1.0,-5.0,-53.0
1776885149.5581028,0.0,-5.0,-53.0
1776885149.5681028,-4.0,-8.0,-49.0
1776885149.5781028,0.0,-7.0,-44.0
1776885149.5881028,0.0,-5.0,-40.0
1776885149.5981028,-2.0,-7.0,-42.0
1776885149.6081028,1.0,-7.0,-43.0
1776885149.6181028,-4.0,-3.0,-46.0
1776885149.6281028,-4.0,-3.0,-51.0
1776885149.6381028,-1.0,-8.0,-50.0
1776885149.6481028,1.0,-1.0,-54.0
1776885149.6581028,1.0,2.0,-51.0
1776885149.6681027,0.0,0.0,-50.0
1776885149.6781027,-2.0,-2.0,-47.0
1776885149.6881027,-2.0,-3.0,-47.0
1776885149.6981027,-1.0,0.0,-44.0
1776885149.7081027,-1.0,-1.0,-45.0
1776885149.7181027,3.0,-2.0,-42.0
1776885149.7281027,3.0,0.0,-43.0
1776885149.738103,1.0,0.0,-37.0
1776885149.748103,0.0,0.0,-32.0
1776885149.758103,0.0,-2.0,-36.0
1776885149.7681026,1.0,-2.0,-43.0
1776885149.7781026,1.0,-1.0,-40.0
1776885149.7881026,0.0,0.0,-44.0
1776885149.7981029,2.0,-2.0,-46.0
1776885149.8081028,3.0,0.0,-56.0
1776885149.8181028,4.0,-1.0,-50.0
1776885149.8281028,2.0,-1.0,-51.0
1776885149.8381028,6.0,0.0,-44.0
1776885149.8481028,7.0,0.0,-48.0
1776885149.8581028,6.0,1.0,-46.0
1776885149.8681028,10.0,1.0,-41.0
1776885149.8781028,4.0,0.0,-31.0
1776885149.8881028,0.0,3.0,-37.0
1776885149.8981028,0.0,-1.0,-38.0
1776885149.9081028,-3.0,-4.0,-46.0
1776885149.9181027,0.0,-9.0,-52.0
1776885149.9281027,-2.0,-12.0,-50.0
1776885149.9381027,-2.0,-8.0,-53.0
1776885149.9481027,-3.0,-6.0,-53.0
1776885149.9581027,-3.0,-3.0,-51.0
1776885149.9681027,-3.0,-2.0,-43.0
1776885149.9781027,1.0,0.0,-52.0
1776885149.988103,3.0,1.0,-52.0
1776885149.998103,-3.0,0.0,-45.0
1776885150.008103,2.0,3.0,-42.0
1776885150.0181026,-2.0,3.0,-45.0
1776885150.0281026,-1.0,-1.0,-47.0
1776885150.0381026,1.0,-3.0,-43.0
1776885150.0481029,4.0,0.0,-45.0
1776885150.0581028,6.0,-3.0,-48.0
1776885150.0681028,6.0,-7.0,-45.0
1776885150.0781028,8.0,-8.0,-43.0
1776885150.0881028,3.0,-8.0,-42.0
1776885150.0981028,6.0,-5.0,-41.0
1776885150.1081028,10.0,-2.0,-41.0
1776885150.1181028,9.0,-1.0,-37.0
1776885150.1281028,3.0,0.0,-35.0
1776885150.1381028,6.0,-1.0,-40.0
1776885150.1481028,0.0,0.0,-42.0
1776885150.1581028,0.0,-3.0,-45.0
1776885150.1681027,4.0,-4.0,-43.0
1776885150.1781027,7.0,-2.0,-36.0
1776885150.1881027,5.0,-2.0,-27.0
1776885150.1981027,0.0,-2.0,-26.0
1776885150.2081027,-1.0,-1.0,-23.0
1776885150.2181027,0.0,0.0,-26.0
1776885150.2281027,1.0,1.0,-29.0
1776885150.238103,5.0,3.0,-28.0
1776885150.248103,3.0,4.0,-33.0
1776885150.258103,6.0,1.0,-37.0
1776885150.2681026,3.0,-3.0,-41.0
1776885150.2781026,0.0,-11.0,-55.0
1776885150.2881026,0.0,-13.0,-52.0
1776885150.2981029,0.0,-12.0,-59.0
1776885150.3081028,0.0,-8.0,-57.0
1776885150.3181028,0.0,-7.0,-56.0
1776885150.3281028,0.0,-4.0,-53.0
1776885150.3381028,-2.0,-3.0,-48.0
1776885150.3481028,0.0,-4.0,-40.0
1776885150.3581028,3.0,-2.0,-43.0
1776885150.3691027,3.0,-2.0,-36.0
1776885150.3791027,1.0,-6.0,-36.0
1776885150.3891027,-1.0,-3.0,-36.0
1776885150.3981028,0.0,-6.0,-41.0
1776885150.409103,-2.0,-4.0,-41.0
1776885150.419103,-3.0,-1.0,-36.0
1776885150.429103,-2.0,0.0,-38.0
1776885150.4391026,0.0,0.0,-40.0
1776885150.4491026,4.0,-3.0,-40.0
1776885150.4591026,0.0,-7.0,-41.0
1776885150.4691026,-2.0,-1.0,-47.0
1776885150.4791028,-4.0,-7.0,-52.0
1776885150.4891028,0.0,-7.0,-53.0
1776885150.4991028,0.0,-6.0,-49.0
1776885150.5091028,3.0,-4.0,-47.0
1776885150.5191028,4.0,1.0,-41.0
1776885150.5291028,5.0,0.0,-34.0
1776885150.5391028,9.0,1.0,-34.0
1776885150.5491028,12.0,-1.0,-35.0
1776885150.5591028,9.0,-2.0,-35.0
1776885150.5691028,5.0,-2.0,-42.0
1776885150.5791028,2.0,0.0,-45.0
1776885150.5891027,1.0,3.0,-45.0
1776885150.5991027,2.0,2.0,-50.0
1776885150.6091027,2.0,-1.0,-56.0
1776885150.6191027,2.0,0.0,-51.0
1776885150.6291027,2.0,-3.0,-48.0
1776885150.6391027,0.0,-6.0,-45.0
1776885150.6491027,0.0,-3.0,-47.0
1776885150.659103,1.0,-2.0,-44.0
1776885150.669103,2.0,0.0,-43.0
1776885150.679103,0.0,-1.0,-45.0
1776885150.6891026,-2.0,-3.0,-49.0
1776885150.6991026,-6.0,-7.0,-47.0
1776885150.7091026,0.0,-7.0,-42.0
1776885150.7191026,2.0,-9.0,-41.0
1776885150.7291028,5.0,-7.0,-46.0
1776885150.7391028,3.0,-6.0,-40.0
1776885150.7491028,2.0,-2.0,-43.0
1776885150.7591028,0.0,0.0,-45.0
1776885150.7691028,1.0,-4.0,-45.0
1776885150.7791028,0.0,-3.0,-50.0
1776885150.7891028,4.0,-1.0,-49.0
1776885150.7991028,6.0,-2.0,-48.0
1776885150.8091028,9.0,-6.0,-52.0
1776885150.8191028,9.0,-6.0,-49.0
1776885150.8291028,9.0,-2.0,-50.0
1776885150.8391027,9.0,-3.0,-45.0
1776885150.8491027,1.0,-1.0,-52.0
1776885150.8591027,-1.0,-2.0,-44.0
1776885150.8691027,2.0,-2.0,-38.0
1776885150.8791027,1.0,-1.0,-40.0
1776885150.8891027,4.0,-2.0,-45.0
1776885150.8991027,5.0,-1.0,-44.0
1776885150.909103,6.0,-4.0,-45.0
1776885150.919103,5.0,-2.0,-44.0
1776885150.929103,3.0,0.0,-40.0
1776885150.9391026,0.0,1.0,-42.0
1776885150.9491026,-2.0,5.0,-42.0
1776885150.9591026,0.0,2.0,-44.0
1776885150.9691026,-3.0,2.0,-37.0
1776885150.9791028,-6.0,2.0,-40.0
1776885150.9891028,-7.0,3.0,-45.0
1776885150.9991028,-8.0,5.0,-43.0
1776885151.0091028,-9.0,4.0,-45.0
1776885151.0191028,-8.0,6.0,-40.0
1776885151.0291028,-3.0,7.0,-42.0
1776885151.0391028,-1.0,2.0,-41.0
1776885151.0491028,0.0,0.0,-44.0
1776885151.0591028,0.0,0.0,-51.0
1776885151.0691028,0.0,0.0,-47.0
1776885151.0791028,0.0,-1.0,-48.0
1776885151.0891027,-2.0,-1.0,-46.0
1776885151.0991027,-4.0,-2.0,-46.0
1776885151.1091027,-1.0,-4.0,-49.0
1776885151.1191027,-4.0,-2.0,-47.0
1776885151.1291027,-4.0,-2.0,-49.0
1776885151.1391027,-3.0,-4.0,-47.0
1776885151.1491027,-3.0,-3.0,-51.0
1776885151.159103,-2.0,-2.0,-52.0
1776885151.169103,0.0,-4.0,-47.0
1776885151.179103,-1.0,-6.0,-43.0
1776885151.1891026,-5.0,-6.0,-35.0
1776885151.1991026,-5.0,-5.0,-37.0
1776885151.2091026,0.0,-3.0,-39.0
1776885151.2191026,-3.0,-4.0,-38.0
1776885151.2291028,-3.0,-3.0,-44.0
1776885151.2391028,-3.0,-2.0,-46.0
1776885151.2491028,-1.0,0.0,-43.0
1776885151.2591028,3.0,1.0,-45.0
1776885151.2691028,6.0,3.0,-45.0
1776885151.2791028,8.0,3.0,-44.0
1776885151.2891028,9.0,0.0,-44.0
1776885151.2991028,10.0,-1.0,-41.0
1776885151.3091028,8.0,-3.0,-33.0
1776885151.3191028,6.0,-4.0,-31.0
1776885151.3291028,3.0,0.0,-34.0
1776885151.3391027,2.0,-3.0,-35.0
1776885151.3491027,1.0,-2.0,-36.0
1776885151.3591027,-3.0,-2.0,-40.0
1776885151.3691027,-5.0,-2.0,-44.0
1776885151.3791027,0.0,-4.0,-46.0
1776885151.3891027,0.0,-4.0,-41.0
1776885151.3991027,2.0,-4.0,-39.0
1776885151.409103,0.0,-5.0,-38.0
1776885151.419103,-2.0,-7.0,-44.0
1776885151.429103,-2.0,-12.0,-46.0
1776885151.4391026,2.0,-9.0,-45.0
1776885151.4491026,4.0,-9.0,-41.0
1776885151.4591026,2.0,-6.0,-36.0
1776885151.4691026,-1.0,-8.0,-37.0
1776885151.4791028,-6.0,-6.0,-33.0
1776885151.4891028,-8.0,-5.0,-30.0
1776885151.4991028,-9.0,-4.0,-36.0
1776885151.5091028,-7.0,0.0,-43.0
1776885151.5191028,-1.0,3.0,-45.0
1776885151.5291028,-2.0,1.0,-46.0
1776885151.5391028,-3.0,3.0,-52.0
1776885151.5491028,0.0,7.0,-53.0
1776885151.5591028,3.0,5.0,-53.0
1776885151.5691028,0.0,5.0,-50.0
1776885151.5791028,-1.0,4.0,-53.0
1776885151.5891027,0.0,1.0,-46.0
1776885151.5991027,0.0,1.0,-53.0
1776885151.6091027,0.0,0.0,-54.0
1776885151.6191027,-2.0,0.0,-46.0
1776885151.6291027,-6.0,-3.0,-43.0
1776885151.6391027,-3.0,-1.0,-43.0
1776885151.6491027,-2.0,-2.0,-41.0
1776885151.659103,-2.0,-4.0,-44.0
1776885151.669103,0.0,1.0,-46.0
1776885151.679103,2.0,0.0,-43.0
1776885151.6891026,2.0,-4.0,-43.0
1776885151.6991026,0.0,-2.0,-41.0
1776885151.7091026,0.0,1.0,-45.0
1776885151.7191026,-4.0,-4.0,-47.0
1776885151.7291028,-7.0,-4.0,-46.0
1776885151.7391028,-8.0,0.0,-45.0
1776885151.7491028,-7.0,1.0,-39.0
1776885151.7591028,-4.0,2.0,-37.0
1776885151.7691028,-1.0,1.0,-37.0
1776885151.7791028,-6.0,-1.0,-39.0
1776885151.7891028,-3.0,0.0,-40.0
1776885151.7991028,-3.0,3.0,-43.0
1776885151.8091028,-5.0,1.0,-43.0
1776885151.8191028,-3.0,4.0,-51.0
1776885151.8291028,-7.0,4.0,-50.0
1776885151.8391027,-3.0,2.0,-49.0
1776885151.8491027,-3.0,5.0,-56.0
1776885151.8591027,-4.0,2.0,-53.0
1776885151.8691027,0.0,2.0,-46.0
1776885151.8791027,3.0,-1.0,-48.0
1776885151.8891027,6.0,-5.0,-44.0
1776885151.8991027,5.0,-8.0,-43.0
1776885151.909103,7.0,-5.0,-46.0
1776885151.919103,2.0,-3.0,-50.0
1776885151.929103,-4.0,-3.0,-49.0
1776885151.9391026,0.0,-4.0,-50.0
1776885151.9491026,-1.0,-4.0,-52.0
1776885151.9591026,-1.0,-6.0,-51.0
1776885151.9691026,-2.0,-4.0,-55.0
1776885151.9791028,0.0,-3.0,-61.0
1776885151.9891028,-1.0,-7.0,-57.0
1776885151.9991028,-2.0,-6.0,-49.0
1776885152.0091028,-2.0,-3.0,-38.0
1776885152.0191028,-3.0,-4.0,-32.0
1776885152.0291028,-3.0,-1.0,-26.0
1776885152.0391028,-2.0,-2.0,-24.0
1776885152.0491028,-3.0,0.0,-30.0
1776885152.0591028,-7.0,1.0,-38.0
1776885152.0691028,-5.0,0.0,-34.0
1776885152.0791028,-1.0,-3.0,-32.0
1776885152.0891027,6.0,-6.0,-36.0
1776885152.0991027,2.0,-2.0,-37.0
1776885152.1091027,2.0,0.0,-34.0
1776885152.1191027,0.0,-2.0,-36.0
1776885152.1291027,0.0,-2.0,-33.0
1776885152.1391027,6.0,1.0,-36.0
1776885152.1491027,6.0,0.0,-35.0
1776885152.159103,6.0,-5.0,-32.0
1776885152.169103,4.0,-5.0,-34.0
1776885152.179103,2.0,-5.0,-31.0
1776885152.1891026,0.0,-7.0,-39.0
1776885152.1991026,-4.0,-8.0,-46.0
1776885152.2091026,-8.0,-5.0,-49.0
1776885152.2191026,-4.0,0.0,-34.0
1776885152.2291028,-2.0,-1.0,-36.0
1776885152.2391028,0.0,-2.0,-38.0
1776885152.2491028,-1.0,0.0,-44.0
1776885152.2591028,-1.0,0.0,-42.0
1776885152.2691028,0.0,-1.0,-45.0
1776885152.2791028,0.0,-3.0,-45.0
1776885152.2891028,3.0,-2.0,-46.0
1776885152.2991028,0.0,-3.0,-43.0
1776885152.3091028,3.0,-3.0,-42.0
1776885152.3191028,-1.0,-1.0,-46.0
1776885152.3291028,0.0,0.0,-50.0
1776885152.3391027,-1.0,3.0,-47.0
1776885152.3491027,0.0,4.0,-45.0
1776885152.3591027,0.0,4.0,-46.0
1776885152.3701026,-1.0,6.0,-42.0
1776885152.3801026,0.0,2.0,-37.0
1776885152.3901026,1.0,3.0,-33.0
1776885152.4001029,3.0,1.0,-33.0
1776885152.4101028,1.0,-1.0,-31.0
1776885152.4201028,0.0,-4.0,-34.0
1776885152.4301028,-1.0,-2.0,-32.0
1776885152.4401028,0.0,-6.0,-35.0
1776885152.4501028,-3.0,-2.0,-39.0
1776885152.4601028,-1.0,-8.0,-39.0
1776885152.4701028,0.0,-4.0,-35.0
1776885152.4801028,0.0,-1.0,-35.0
1776885152.4901028,2.0,-1.0,-31.0
1776885152.5001028,1.0,-5.0,-37.0
1776885152.5101027,0.0,-6.0,-35.0
1776885152.5201027,3.0,0.0,-38.0
1776885152.5301027,3.0,-1.0,-38.0
1776885152.5401027,0.0,-2.0,-41.0
1776885152.5501027,-6.0,-4.0,-43.0
1776885152.5601027,-4.0,-6.0,-44.0
1776885152.5701027,-5.0,-6.0,-51.0
1776885152.5801027,-6.0,-4.0,-58.0
1776885152.590103,-10.0,-2.0,-59.0
1776885152.600103,-9.0,-1.0,-61.0
1776885152.610103,-6.0,1.0,-70.0
1776885152.6201026,-7.0,0.0,-61.0
1776885152.6301026,-6.0,0.0,-54.0
1776885152.6401026,-3.0,1.0,-47.0
1776885152.6501029,0.0,0.0,-51.0
1776885152.6601028,-4.0,-3.0,-56.0
1776885152.6701028,-3.0,-4.0,-55.0
1776885152.6801028,-4.0,-4.0,-53.0
1776885152.6901028,-4.0,-4.0,-40.0
1776885152.7001028,-6.0,-5.0,-42.0
1776885152.7101028,-7.0,-4.0,-47.0
1776885152.7201028,-3.0,-1.0,-44.0
1776885152.7301028,-7.0,0.0,-45.0
1776885152.7401028,-6.0,2.0,-45.0
1776885152.7501028,-6.0,4.0,-47.0
1776885152.7601027,-7.0,0.0,-44.0
1776885152.7701027,-5.0,1.0,-36.0
1776885152.7801027,-2.0,2.0,-35.0
1776885152.7901027,0.0,2.0,-36.0
1776885152.8001027,-1.0,6.0,-40.0
1776885152.8101027,0.0,3.0,-39.0
1776885152.8201027,0.0,7.0,-36.0
1776885152.8301027,0.0,9.0,-36.0
1776885152.840103,2.0,10.0,-44.0
1776885152.850103,2.0,6.0,-47.0
1776885152.860103,2.0,8.0,-46.0
1776885152.8701026,4.0,9.0,-40.0
1776885152.8801026,9.0,10.0,-48.0
1776885152.8901026,6.0,6.0,-49.0
1776885152.9001029,3.0,4.0,-47.0
1776885152.9101028,2.0,0.0,-47.0
1776885152.9201028,4.0,4.0,-47.0
1776885152.9301028,3.0,2.0,-50.0
1776885152.9401028,0.0,2.0,-45.0
1776885152.9501028,0.0,3.0,-52.0
1776885152.9601028,4.0,1.0,-53.0
1776885152.9701028,6.0,3.0,-46.0
1776885152.9801028,3.0,2.0,-50.0
1776885152.9901028,4.0,2.0,-52.0
1776885153.0001028,5.0,6.0,-48.0
1776885153.0101027,1.0,8.0,-53.0
1776885153.0201027,0.0,2.0,-50.0
1776885153.0301027,-1.0,1.0,-52.0
1776885153.0401027,3.0,1.0,-54.0
1776885153.0501027,1.0,0.0,-60.0
1776885153.0601027,-1.0,-1.0,-62.0
1776885153.0701027,-3.0,-3.0,-59.0
1776885153.0801027,-2.0,-2.0,-48.0
1776885153.090103,-3.0,-4.0,-46.0
1776885153.100103,-1.0,-2.0,-42.0
1776885153.110103,-1.0,0.0,-41.0
1776885153.1201026,0.0,-2.0,-36.0
1776885153.1301026,5.0,-3.0,-36.0
1776885153.1401026,2.0,0.0,-34.0
1776885153.1501029,3.0,-1.0,-35.0
1776885153.1601028,4.0,-1.0,-35.0
1776885153.1701028,5.0,-1.0,-37.0
1776885153.1801028,2.0,4.0,-40.0
1776885153.1901028,1.0,4.0,-50.0
1776885153.2001028,-1.0,1.0,-45.0
1776885153.2101028,-1.0,-1.0,-45.0
1776885153.2201028,-4.0,-2.0,-39.0
1776885153.2301028,-7.0,0.0,-38.0
1776885153.2401028,-7.0,3.0,-41.0
1776885153.2501028,-5.0,2.0,-42.0
1776885153.2601027,-1.0,1.0,-39.0
1776885153.2701027,1.0,1.0,-40.0
1776885153.2801027,0.0,0.0,-38.0
1776885153.2901027,4.0,4.0,-37.0
1776885153.3001027,7.0,2.0,-42.0
1776885153.3101027,8.0,-3.0,-47.0
1776885153.3201027,4.0,1.0,-45.0
1776885153.3301027,4.0,1.0,-45.0
1776885153.340103,4.0,0.0,-42.0
1776885153.350103,4.0,-2.0,-43.0
1776885153.360103,3.0,-1.0,-52.0
1776885153.3701026,0.0,3.0,-42.0
1776885153.3801026,-1.0,3.0,-38.0
1776885153.3901026,-5.0,0.0,-39.0
1776885153.4001029,4.0,0.0,-42.0
1776885153.4101028,4.0,0.0,-40.0
1776885153.4201028,1.0,0.0,-44.0
1776885153.4301028,-2.0,-2.0,-49.0
1776885153.4401028,-1.0,-7.0,-51.0
1776885153.4501028,0.0,-10.0,-45.0
1776885153.4601028,2.0,-6.0,-47.0
1776885153.4701028,1.0,-4.0,-47.0
1776885153.4801028,3.0,-4.0,-43.0
1776885153.4901028,6.0,-7.0,-39.0
1776885153.5001028,3.0,-3.0,-40.0
1776885153.5101027,7.0,-2.0,-36.0
1776885153.5201027,7.0,-3.0,-45.0
1776885153.5301027,5.0,0.0,-41.0
1776885153.5401027,3.0,0.0,-42.0
1776885153.5501027,2.0,-2.0,-40.0
1776885153.5601027,4.0,-1.0,-44.0
1776885153.5701027,1.0,0.0,-47.0
1776885153.5801027,2.0,-3.0,-51.0
1776885153.590103,1.0,-4.0,-50.0
1776885153.600103,2.0,-6.0,-60.0
1776885153.610103,3.0,-7.0,-62.0
1776885153.6201026,4.0,-3.0,-61.0
1776885153.6301026,0.0,0.0,-56.0
1776885153.6401026,3.0,4.0,-53.0
1776885153.6501029,3.0,3.0,-56.0
1776885153.6601028,4.0,2.0,-55.0
1776885153.6701028,6.0,0.0,-47.0
1776885153.6801028,5.0,0.0,-44.0
1776885153.6901028,10.0,-3.0,-46.0
1776885153.7001028,11.0,-1.0,-42.0
1776885153.7101028,10.0,-5.0,-39.0
1776885153.7201028,8.0,-5.0,-36.0
1776885153.7301028,8.0,-5.0,-33.0
1776885153.7401028,5.0,-6.0,-39.0
1776885153.7501028,5.0,-4.0,-46.0
1776885153.7601027,7.0,-5.0,-50.0
1776885153.7701027,8.0,-7.0,-47.0
1776885153.7801027,10.0,-6.0,-47.0
1776885153.7901027,4.0,-6.0,-45.0
1776885153.8001027,5.0,-4.0,-46.0
1776885153.8101027,4.0,-1.0,-47.0
1776885153.8201027,7.0,4.0,-49.0
1776885153.8301027,5.0,-4.0,-47.0
1776885153.840103,0.0,0.0,-52.0
1776885153.850103,4.0,-1.0,-45.0
1776885153.860103,5.0,-2.0,-48.0
1776885153.8701026,6.0,-1.0,-46.0
1776885153.8801026,4.0,0.0,-46.0
1776885153.8901026,3.0,-4.0,-51.0
1776885153.9001029,2.0,-6.0,-55.0
1776885153.9101028,0.0,-1.0,-50.0
1776885153.9201028,0.0,-3.0,-43.0
1776885153.9301028,-5.0,0.0,-38.0
1776885153.9401028,2.0,0.0,-37.0
1776885153.9501028,10.0,1.0,-41.0
1776885153.9601028,12.0,0.0,-38.0
1776885153.9701028,12.0,1.0,-44.0
1776885153.9801028,10.0,3.0,-44.0
1776885153.9901028,11.0,2.0,-43.0
1776885154.0001028,10.0,-1.0,-38.0
1776885154.0101027,7.0,-1.0,-37.0
1776885154.0201027,6.0,1.0,-39.0
1776885154.0301027,11.0,0.0,-42.0
1776885154.0401027,2.0,3.0,-46.0
1776885154.0501027,4.0,2.0,-53.0
1776885154.0601027,7.0,3.0,-53.0
1776885154.0701027,7.0,1.0,-54.0
1776885154.0801027,7.0,-1.0,-52.0
1776885154.090103,6.0,-3.0,-55.0
1776885154.100103,5.0,0.0,-50.0
1776885154.110103,-3.0,1.0,-49.0
1776885154.1201026,-5.0,0.0,-42.0
1776885154.1301026,-8.0,-1.0,-41.0
1776885154.1401026,-7.0,-3.0,-38.0
1776885154.1501029,-7.0,-5.0,-40.0
1776885154.1601028,-5.0,-6.0,-49.0
1776885154.1701028,-4.0,-7.0,-46.0
1776885154.1801028,-5.0,-5.0,-47.0
1776885154.1901028,-8.0,-8.0,-44.0
1776885154.2001028,-4.0,-5.0,-41.0
1776885154.2101028,0.0,1.0,-41.0
1776885154.2201028,0.0,1.0,-40.0
1776885154.2301028,-1.0,5.0,-47.0
1776885154.2401028,4.0,4.0,-41.0
1776885154.2501028,3.0,7.0,-36.0
1776885154.2601027,3.0,8.0,-35.0
1776885154.2701027,2.0,7.0,-37.0
1776885154.2801027,3.0,7.0,-37.0
1776885154.2901027,3.0,3.0,-39.0
1776885154.3001027,0.0,6.0,-38.0
1776885154.3101027,-1.0,5.0,-39.0
1776885154.3201027,1.0,2.0,-39.0
1776885154.3301027,1.0,1.0,-40.0
1776885154.340103,3.0,0.0,-47.0
1776885154.350103,0.0,1.0,-50.0
1776885154.360103,-7.0,2.0,-51.0
1776885154.3711028,-7.0,4.0,-45.0
1776885154.3811028,-6.0,4.0,-40.0
1776885154.3911028,-8.0,7.0,-38.0
1776885154.4011028,-5.0,8.0,-35.0
1776885154.4111028,-1.0,2.0,-42.0
1776885154.4211028,1.0,3.0,-39.0
1776885154.4311028,2.0,1.0,-38.0
1776885154.4411027,4.0,-2.0,-35.0
1776885154.4511027,10.0,-1.0,-39.0
1776885154.4611027,3.0,0.0,-35.0
1776885154.4711027,3.0,0.0,-36.0
1776885154.4811027,-1.0,3.0,-32.0
1776885154.4911027,2.0,0.0,-37.0
1776885154.5011027,4.0,4.0,-41.0
1776885154.511103,4.0,4.0,-47.0
1776885154.521103,5.0,7.0,-45.0
1776885154.531103,6.0,3.0,-52.0
1776885154.5411026,8.0,-3.0,-54.0
1776885154.5511026,8.0,-6.0,-50.0
1776885154.5611026,7.0,-5.0,-56.0
1776885154.5711029,4.0,-6.0,-58.0
1776885154.5811028,4.0,-8.0,-59.0
1776885154.5911028,3.0,-8.0,-59.0
1776885154.6011028,0.0,-6.0,-54.0
1776885154.6111028,1.0,-4.0,-49.0
1776885154.6211028,0.0,-3.0,-44.0
1776885154.6311028,0.0,-4.0,-44.0
1776885154.6411028,5.0,-2.0,-49.0
1776885154.6511028,4.0,-4.0,-47.0
1776885154.6611028,4.0,-1.0,-37.0
1776885154.6711028,5.0,1.0,-34.0
1776885154.6811028,8.0,6.0,-40.0
1776885154.6911027,8.0,4.0,-40.0
1776885154.7011027,9.0,5.0,-32.0
1776885154.7111027,8.0,5.0,-33.0
1776885154.7211027,11.0,7.0,-31.0
1776885154.7311027,9.0,5.0,-32.0
1776885154.7411027,5.0,4.0,-35.0
1776885154.7511027,5.0,0.0,-34.0
1776885154.761103,1.0,1.0,-35.0
1776885154.771103,0.0,2.0,-43.0
1776885154.781103,0.0,-2.0,-41.0
1776885154.7911026,5.0,1.0,-40.0
1776885154.8011026,4.0,0.0,-41.0
1776885154.8111026,0.0,-1.0,-45.0
1776885154.8211029,4.0,0.0,-49.0
1776885154.8311028,0.0,-3.0,-48.0
1776885154.8411028,0.0,-5.0,-45.0
1776885154.8511028,-9.0,-5.0,-47.0
1776885154.8611028,-10.0,-6.0,-54.0
1776885154.8711028,-4.0,-6.0,-56.0
1776885154.8811028,0.0,-5.0,-52.0
1776885154.8911028,0.0,0.0,-59.0
1776885154.9011028,1.0,0.0,-55.0
1776885154.9111028,3.0,1.0,-50.0
1776885154.9211028,2.0,2.0,-48.0
1776885154.9311028,3.0,3.0,-51.0
1776885154.9411027,0.0,2.0,-46.0
1776885154.9511027,3.0,-3.0,-43.0
1776885154.9611027,-1.0,-3.0,-45.0
1776885154.9711027,-2.0,0.0,-40.0
1776885154.9811027,1.0,0.0,-41.0
1776885154.9911027,0.0,-1.0,-43.0
1776885155.0011027,0.0,-5.0,-45.0
1776885155.011103,-1.0,-2.0,-45.0
1776885155.021103,1.0,-8.0,-40.0
1776885155.031103,1.0,-5.0,-41.0
1776885155.0411026,1.0,-3.0,-48.0
1776885155.0511026,1.0,-3.0,-51.0
1776885155.0611026,1.0,-4.0,-53.0
1776885155.0711029,-1.0,-1.0,-54.0
1776885155.0811028,-3.0,0.0,-54.0
1776885155.0911028,-5.0,0.0,-52.0
1776885155.1011028,-7.0,0.0,-46.0
1776885155.1111028,-3.0,0.0,-39.0
1776885155.1211028,-1.0,1.0,-37.0
1776885155.1311028,1.0,0.0,-36.0
1776885155.1411028,0.0,-1.0,-35.0
1776885155.1511028,0.0,-1.0,-37.0
1776885155.1611028,0.0,-2.0,-40.0
1776885155.1711028,1.0,-1.0,-45.0
1776885155.1811028,1.0,0.0,-46.0
1776885155.1911027,2.0,0.0,-48.0
1776885155.2011027,1.0,-1.0,-47.0
1776885155.2111027,0.0,4.0,-45.0
1776885155.2211027,0.0,5.0,-45.0
1776885155.2311027,1.0,0.0,-46.0
1776885155.2411027,-1.0,-2.0,-43.0
1776885155.2511027,0.0,-2.0,-40.0
1776885155.261103,1.0,0.0,-40.0
1776885155.271103,1.0,0.0,-41.0
1776885155.281103,0.0,0.0,-42.0
1776885155.2911026,-2.0,-4.0,-39.0
1776885155.3011026,-5.0,-3.0,-36.0
1776885155.3111026,-1.0,-3.0,-41.0
1776885155.3211029,0.0,-2.0,-37.0
1776885155.3311028,-4.0,-4.0,-43.0
1776885155.3411028,-10.0,0.0,-41.0
1776885155.3511028,-10.0,3.0,-38.0
1776885155.3611028,-8.0,2.0,-37.0
1776885155.3711028,-9.0,3.0,-39.0
1776885155.3811028,-12.0,-1.0,-43.0
1776885155.3911028,-12.0,-2.0,-41.0
1776885155.4011028,-7.0,-3.0,-46.0
1776885155.4111028,-3.0,-2.0,-48.0
1776885155.4211028,-7.0,0.0,-46.0
1776885155.4311028,-7.0,-1.0,-45.0
1776885155.4411027,-6.0,0.0,-41.0
1776885155.4511027,-2.0,0.0,-42.0
1776885155.4611027,-4.0,-1.0,-40.0
1776885155.4711027,1.0,-4.0,-43.0
1776885155.4811027,3.0,-4.0,-40.0
1776885155.4911027,2.0,-6.0,-40.0
1776885155.5011027,3.0,-7.0,-40.0
1776885155.511103,3.0,-6.0,-41.0
1776885155.521103,1.0,-7.0,-47.0
1776885155.531103,0.0,-3.0,-44.0
1776885155.5411026,-1.0,0.0,-46.0
1776885155.5511026,-2.0,-2.0,-55.0
1776885155.5611026,-3.0,0.0,-54.0
1776885155.5711029,0.0,0.0,-54.0
1776885155.5811028,-1.0,-1.0,-57.0
1776885155.5911028,-1.0,2.0,-53.0
1776885155.6011028,-1.0,1.0,-56.0
1776885155.6111028,2.0,4.0,-55.0
1776885155.6211028,1.0,0.0,-51.0
1776885155.6311028,1.0,0.0,-48.0
1776885155.6411028,3.0,0.0,-51.0
1776885155.6511028,4.0,-1.0,-51.0
1776885155.6611028,8.0,1.0,-52.0
1776885155.6711028,1.0,-2.0,-48.0
1776885155.6811028,1.0,-1.0,-43.0
1776885155.6911027,0.0,-1.0,-39.0
1776885155.7011027,-2.0,-1.0,-39.0
1776885155.7111027,-1.0,-1.0,-43.0
1776885155.7211027,-2.0,-3.0,-45.0
1776885155.7311027,0.0,-3.0,-44.0
1776885155.7411027,2.0,-6.0,-52.0
1776885155.7511027,0.0,-10.0,-50.0
1776885155.761103,3.0,-6.0,-49.0
1776885155.771103,-1.0,-7.0,-43.0
1776885155.781103,1.0,-6.0,-43.0
1776885155.7911026,3.0,-1.0,-49.0
1776885155.8011026,0.0,0.0,-51.0
1776885155.8111026,-3.0,2.0,-48.0
1776885155.8211029,0.0,0.0,-44.0
1776885155.8311028,0.0,0.0,-46.0
1776885155.8411028,0.0,0.0,-45.0
1776885155.8511028,0.0,1.0,-49.0
1776885155.8611028,0.0,0.0,-51.0
1776885155.8711028,0.0,-3.0,-43.0
1776885155.8811028,-1.0,-4.0,-42.0
1776885155.8911028,-7.0,-5.0,-37.0
1776885155.9011028,-8.0,-3.0,-35.0
1776885155.9111028,-3.0,0.0,-38.0
1776885155.9211028,-2.0,0.0,-40.0
1776885155.9311028,-4.0,-2.0,-42.0
1776885155.9411027,-2.0,-7.0,-40.0
1776885155.9511027,-4.0,-5.0,-43.0
1776885155.9611027,-3.0,-6.0,-45.0
1776885155.9711027,-4.0,-4.0,-43.0
1776885155.9811027,-4.0,-9.0,-46.0
1776885155.9911027,0.0,-5.0,-39.0
1776885156.0011027,-2.0,-5.0,-47.0
1776885156.011103,-1.0,-3.0,-50.0
1776885156.021103,-8.0,-2.0,-49.0
1776885156.031103,-2.0,-4.0,-44.0
1776885156.0411026,-5.0,-6.0,-40.0
1776885156.0511026,-6.0,-6.0,-37.0
1776885156.0611026,-10.0,-6.0,-37.0
1776885156.0711029,-7.0,-2.0,-40.0
1776885156.0811028,-5.0,-1.0,-41.0
1776885156.0911028,-4.0,0.0,-33.0
1776885156.1011028,-4.0,0.0,-34.0
1776885156.1111028,-6.0,0.0,-37.0
1776885156.1211028,-2.0,0.0,-45.0
1776885156.1311028,0.0,0.0,-49.0
1776885156.1411028,2.0,-5.0,-53.0
1776885156.1511028,8.0,-2.0,-53.0
1776885156.1611028,2.0,-3.0,-51.0
1776885156.1711028,-3.0,2.0,-58.0
1776885156.1811028,-5.0,2.0,-58.0
1776885156.1911027,-1.0,0.0,-48.0
1776885156.2011027,0.0,-2.0,-44.0
1776885156.2111027,-2.0,-6.0,-48.0
1776885156.2211027,-3.0,-1.0,-44.0
1776885156.2311027,-1.0,-3.0,-40.0
1776885156.2411027,-2.0,-2.0,-42.0
1776885156.2511027,0.0,-4.0,-44.0
1776885156.261103,4.0,-2.0,-50.0
1776885156.271103,1.0,-2.0,-59.0
1776885156.281103,0.0,-2.0,-53.0
1776885156.2911026,-4.0,0.0,-45.0
1776885156.3011026,-2.0,-1.0,-39.0
1776885156.3121028,-4.0,-2.0,-33.0
1776885156.3221028,-7.0,-4.0,-30.0
1776885156.3321028,-7.0,-4.0,-40.0
1776885156.3421028,-5.0,-1.0,-46.0
1776885156.3521028,-5.0,-1.0,-53.0
1776885156.3621027,-4.0,-2.0,-51.0
1776885156.3721027,-7.0,-2.0,-53.0
1776885156.3821027,-2.0,0.0,-56.0
1776885156.3921027,1.0,-5.0,-52.0
1776885156.4021027,0.0,-1.0,-46.0
1776885156.4121027,0.0,0.0,-44.0
1776885156.4221027,0.0,-3.0,-48.0
1776885156.432103,2.0,-2.0,-52.0
1776885156.442103,2.0,-4.0,-57.0
1776885156.452103,1.0,-5.0,-53.0
1776885156.462103,0.0,-3.0,-45.0
1776885156.4721026,0.0,-3.0,-42.0
1776885156.4821026,-4.0,-8.0,-40.0
1776885156.4921026,-4.0,-7.0,-37.0
1776885156.5021029,-2.0,-5.0,-37.0
1776885156.5121028,-2.0,-2.0,-39.0
1776885156.5221028,-1.0,-5.0,-38.0
1776885156.5321028,-1.0,-5.0,-41.0
1776885156.5421028,0.0,-5.0,-43.0
1776885156.5521028,-4.0,-2.0,-40.0
1776885156.5621028,-4.0,-6.0,-39.0
1776885156.5721028,-1.0,-5.0,-33.0
1776885156.5821028,-2.0,-9.0,-36.0
1776885156.5921028,-4.0,-8.0,-40.0
1776885156.6021028,-2.0,-7.0,-41.0
1776885156.6121027,0.0,-1.0,-44.0
1776885156.6221027,1.0,-1.0,-39.0
1776885156.6321027,0.0,1.0,-38.0
1776885156.6421027,-1.0,0.0,-41.0
1776885156.6521027,2.0,-4.0,-38.0
1776885156.6621027,4.0,-1.0,-45.0
1776885156.6721027,3.0,0.0,-48.0
1776885156.682103,3.0,3.0,-48.0
1776885156.692103,0.0,2.0,-48.0
1776885156.702103,2.0,-1.0,-51.0
1776885156.712103,4.0,0.0,-52.0
1776885156.7221026,7.0,1.0,-49.0
1776885156.7321026,10.0,1.0,-48.0
1776885156.7421026,10.0,-3.0,-50.0
1776885156.7521029,7.0,-1.0,-39.0
1776885156.7621028,6.0,-1.0,-39.0
1776885156.7721028,3.0,-6.0,-42.0
1776885156.7821028,2.0,-7.0,-40.0
1776885156.7921028,2.0,-6.0,-39.0
1776885156.8021028,3.0,-2.0,-42.0
1776885156.8121028,4.0,-5.0,-44.0
1776885156.8221028,3.0,-7.0,-49.0
1776885156.8321028,-2.0,-1.0,-47.0
1776885156.8421028,-6.0,-4.0,-55.0
1776885156.8521028,-1.0,-3.0,-52.0
1776885156.8621027,-1.0,-1.0,-48.0
1776885156.8721027,0.0,1.0,-55.0
1776885156.8821027,-1.0,0.0,-54.0
1776885156.8921027,0.0,-8.0,-59.0
1776885156.9021027,-1.0,-6.0,-58.0
1776885156.9121027,-3.0,-2.0,-51.0
1776885156.9221027,0.0,-5.0,-46.0
1776885156.932103,1.0,-2.0,-51.0
1776885156.942103,3.0,-5.0,-51.0
1776885156.952103,1.0,-7.0,-52.0
1776885156.962103,0.0,-5.0,-48.0
1776885156.9721026,1.0,0.0,-43.0
1776885156.9821026,-1.0,2.0,-37.0
1776885156.9921026,-1.0,0.0,-40.0
1776885157.0021029,0.0,2.0,-37.0
1776885157.0121028,-3.0,2.0,-44.0
1776885157.0221028,-3.0,3.0,-47.0
1776885157.0321028,0.0,2.0,-48.0
1776885157.0421028,1.0,1.0,-54.0
1776885157.0521028,-1.0,1.0,-53.0
1776885157.0621028,-1.0,0.0,-59.0
1776885157.0721028,-1.0,0.0,-52.0
1776885157.0821028,0.0,0.0,-48.0
1776885157.0921028,2.0,3.0,-42.0
1776885157.1021028,1.0,2.0,-40.0
1776885157.1121027,0.0,2.0,-45.0
1776885157.1221027,-4.0,-1.0,-49.0
1776885157.1321027,-3.0,0.0,-58.0
1776885157.1421027,-1.0,0.0,-56.0
1776885157.1521027,0.0,-3.0,-51.0
1776885157.1621027,0.0,-7.0,-47.0
1776885157.1721027,0.0,-2.0,-42.0
1776885157.182103,1.0,-3.0,-43.0
1776885157.192103,0.0,-2.0,-38.0
1776885157.202103,-3.0,0.0,-31.0
1776885157.212103,-1.0,-1.0,-37.0
1776885157.2221026,-5.0,-2.0,-40.0
1776885157.2321026,-3.0,1.0,-43.0
1776885157.2421026,-6.0,2.0,-44.0
1776885157.2521029,-3.0,1.0,-50.0
1776885157.2621028,-2.0,0.0,-48.0
1776885157.2721028,-4.0,0.0,-42.0
1776885157.2821028,0.0,-2.0,-46.0
1776885157.2921028,0.0,-4.0,-51.0
1776885157.3021028,0.0,-5.0,-53.0
1776885157.3121028,5.0,-4.0,-47.0
1776885157.3221028,0.0,-2.0,-51.0
1776885157.3321028,3.0,0.0,-49.0
1776885157.3421028,4.0,2.0,-50.0
1776885157.3521028,0.0,3.0,-42.0
1776885157.3621027,-3.0,2.0,-42.0
1776885157.3721027,-5.0,3.0,-47.0
1776885157.3821027,-5.0,2.0,-51.0
1776885157.3921027,-5.0,2.0,-49.0
1776885157.4021027,0.0,1.0,-51.0
1776885157.4121027,1.0,-3.0,-48.0
1776885157.4221027,-2.0,-1.0,-49.0
1776885157.432103,-2.0,-1.0,-55.0
1776885157.442103,1.0,3.0,-50.0
1776885157.4531028,0.0,0.0,-57.0
1776885157.462103,1.0,-2.0,-50.0
1776885157.4721026,4.0,-2.0,-50.0
1776885157.4821026,1.0,-1.0,-50.0
1776885157.4921026,2.0,0.0,-46.0
1776885157.5021029,6.0,0.0,-39.0
1776885157.5121028,3.0,-5.0,-37.0
1776885157.5221028,4.0,-4.0,-43.0
1776885157.5321028,3.0,-1.0,-47.0
1776885157.5421028,4.0,0.0,-46.0
1776885157.5521028,4.0,-1.0,-45.0
1776885157.5621028,3.0,-3.0,-36.0
1776885157.5721028,4.0,2.0,-36.0
1776885157.5821028,4.0,4.0,-44.0
1776885157.5921028,-1.0,4.0,-37.0
1776885157.6021028,-3.0,5.0,-35.0
1776885157.6121027,0.0,4.0,-39.0
1776885157.6221027,3.0,-1.0,-44.0
1776885157.6321027,0.0,-2.0,-46.0
1776885157.6421027,1.0,-4.0,-39.0
1776885157.6521027,0.0,-6.0,-37.0
1776885157.6621027,-2.0,-7.0,-39.0
1776885157.6721027,0.0,-9.0,-45.0
1776885157.682103,3.0,-7.0,-49.0
1776885157.692103,2.0,-8.0,-50.0
1776885157.702103,1.0,-7.0,-48.0
1776885157.712103,-3.0,-6.0,-47.0
1776885157.7221026,-3.0,-3.0,-43.0
1776885157.7321026,-5.0,-6.0,-45.0
1776885157.7421026,-1.0,-8.0,-44.0
1776885157.7521029,-4.0,-9.0,-47.0
1776885157.7621028,-1.0,-6.0,-61.0
1776885157.7721028,-1.0,-3.0,-60.0
1776885157.7821028,0.0,-5.0,-56.0
1776885157.7921028,-1.0,-6.0,-63.0
1776885157.8021028,0.0,-4.0,-60.0
1776885157.8121028,0.0,-3.0,-57.0
1776885157.8221028,3.0,2.0,-55.0
1776885157.8321028,0.0,2.0,-58.0
1776885157.8421028,-2.0,4.0,-47.0
1776885157.8521028,-3.0,2.0,-49.0
1776885157.8621027,-2.0,0.0,-48.0
1776885157.8721027,2.0,0.0,-46.0
1776885157.8821027,3.0,0.0,-41.0
1776885157.8921027,4.0,-3.0,-42.0
1776885157.9021027,4.0,-5.0,-50.0
1776885157.9121027,0.0,-3.0,-41.0
1776885157.9221027,2.0,-1.0,-46.0
1776885157.932103,2.0,-5.0,-49.0
1776885157.942103,2.0,-3.0,-55.0
1776885157.952103,1.0,0.0,-57.0
1776885157.962103,0.0,-1.0,-55.0
1776885157.9721026,2.0,-2.0,-50.0
1776885157.9821026,1.0,-7.0,-49.0
1776885157.9921026,-2.0,-5.0,-49.0
1776885158.0021029,-3.0,-4.0,-53.0
1776885158.0121028,-3.0,-1.0,-56.0
1776885158.0221028,0.0,2.0,-45.0
1776885158.0321028,2.0,2.0,-48.0
1776885158.0421028,0.0,4.0,-47.0
1776885158.0521028,0.0,2.0,-47.0
1776885158.0621028,5.0,3.0,-50.0
1776885158.0721028,2.0,8.0,-50.0
1776885158.0821028,0.0,5.0,-46.0
1776885158.0921028,4.0,7.0,-51.0
1776885158.1021028,10.0,5.0,-52.0
1776885158.1121027,8.0,2.0,-46.0
1776885158.1221027,7.0,-2.0,-46.0
1776885158.1321027,5.0,-3.0,-46.0
1776885158.1421027,2.0,-4.0,-47.0
1776885158.1521027,3.0,-2.0,-49.0
1776885158.1621027,1.0,-9.0,-45.0
1776885158.1721027,1.0,-7.0,-43.0
1776885158.182103,1.0,-7.0,-46.0
1776885158.192103,2.0,-6.0,-53.0
1776885158.202103,0.0,-3.0,-53.0
1776885158.212103,-1.0,-2.0,-56.0
1776885158.2221026,-2.0,0.0,-59.0
1776885158.2321026,-3.0,1.0,-59.0
1776885158.2421026,-3.0,3.0,-52.0
1776885158.2521029,0.0,4.0,-45.0
1776885158.2621028,0.0,-3.0,-40.0
1776885158.2721028,1.0,-2.0,-42.0
1776885158.2821028,2.0,-4.0,-52.0
1776885158.2931027,0.0,-4.0,-49.0
1776885158.3031027,-1.0,-1.0,-49.0
1776885158.3121028,0.0,0.0,-54.0
1776885158.3231027,1.0,-1.0,-49.0
1776885158.3331027,-2.0,-2.0,-41.0
1776885158.3431027,-1.0,-3.0,-49.0
1776885158.3531027,0.0,-4.0,-53.0
1776885158.363103,0.0,-3.0,-47.0
1776885158.373103,3.0,-1.0,-43.0
1776885158.383103,5.0,-1.0,-49.0
1776885158.3931026,2.0,-2.0,-47.0
1776885158.4031026,7.0,-1.0,-50.0
1776885158.4131026,5.0,0.0,-51.0
1776885158.4231029,7.0,1.0,-52.0
1776885158.4331028,6.0,0.0,-44.0
1776885158.4431028,4.0,0.0,-46.0
1776885158.4531028,7.0,0.0,-46.0
1776885158.4631028,13.0,-1.0,-42.0
1776885158.4731028,10.0,-1.0,-37.0
1776885158.4831028,5.0,-2.0,-34.0
1776885158.4931028,1.0,-1.0,-36.0
1776885158.5031028,4.0,0.0,-33.0
1776885158.5131028,5.0,0.0,-36.0
1776885158.5231028,0.0,0.0,-33.0
1776885158.5331028,-1.0,1.0,-38.0
1776885158.5431027,3.0,5.0,-40.0
1776885158.5531027,4.0,4.0,-41.0
1776885158.5631027,0.0,3.0,-35.0
1776885158.5731027,-3.0,2.0,-38.0
1776885158.5831027,0.0,-1.0,-43.0
1776885158.5931027,0.0,-2.0,-47.0
1776885158.6031027,-3.0,-1.0,-49.0
1776885158.613103,-2.0,-1.0,-37.0
1776885158.623103,0.0,-2.0,-43.0
1776885158.633103,3.0,-5.0,-44.0
1776885158.6431026,3.0,-8.0,-42.0
1776885158.6531026,6.0,-5.0,-45.0
1776885158.6631026,3.0,-4.0,-46.0
1776885158.6731029,5.0,-4.0,-50.0
1776885158.6831028,5.0,-5.0,-45.0
1776885158.6931028,4.0,-3.0,-37.0
1776885158.7031028,8.0,-5.0,-41.0
1776885158.7131028,6.0,-7.0,-44.0
1776885158.7231028,2.0,-5.0,-42.0
1776885158.7331028,-2.0,-2.0,-45.0
1776885158.7431028,-6.0,0.0,-42.0
1776885158.7531028,-7.0,2.0,-37.0
1776885158.7631028,-9.0,1.0,-34.0
1776885158.7731028,-4.0,2.0,-35.0
1776885158.7831028,-6.0,2.0,-30.0
1776885158.7931027,-6.0,-3.0,-36.0
1776885158.8031027,-3.0,-3.0,-46.0
1776885158.8131027,-2.0,0.0,-43.0
1776885158.8231027,-7.0,-3.0,-44.0
1776885158.8331027,-8.0,-4.0,-45.0
1776885158.8431027,-5.0,-5.0,-40.0
1776885158.8531027,-3.0,-2.0,-39.0
1776885158.863103,0.0,1.0,-42.0
1776885158.873103,0.0,4.0,-39.0
1776885158.883103,2.0,1.0,-47.0
1776885158.8931026,4.0,-3.0,-50.0
1776885158.9031026,6.0,-5.0,-39.0
1776885158.9131026,8.0,-3.0,-40.0
1776885158.9231029,1.0,-5.0,-40.0
1776885158.9331028,0.0,-3.0,-40.0
1776885158.9431028,0.0,-1.0,-40.0
1776885158.9531028,0.0,-1.0,-46.0
1776885158.9631028,2.0,-1.0,-45.0
1776885158.9731028,0.0,-2.0,-47.0
1776885158.9831028,3.0,-2.0,-44.0
1776885158.9931028,2.0,-7.0,-52.0
1776885159.0031028,8.0,-6.0,-48.0
1776885159.0131028,6.0,-4.0,-47.0
1776885159.0231028,2.0,-4.0,-41.0
1776885159.0331028,1.0,-7.0,-34.0
1776885159.0431027,0.0,-7.0,-41.0
1776885159.0531027,-3.0,-7.0,-39.0
1776885159.0631027,-5.0,-3.0,-39.0
1776885159.0731027,0.0,-5.0,-40.0
1776885159.0831027,3.0,2.0,-46.0
1776885159.0931027,1.0,0.0,-48.0
1776885159.1031027,-3.0,0.0,-47.0
1776885159.113103,-4.0,1.0,-48.0
1776885159.123103,-2.0,2.0,-51.0
1776885159.133103,-4.0,1.0,-44.0
1776885159.1431026,-5.0,0.0,-41.0
1776885159.1531026,-4.0,1.0,-40.0
1776885159.1631026,-4.0,3.0,-45.0
1776885159.1731029,0.0,1.0,-46.0
1776885159.1831028,2.0,-5.0,-46.0
1776885159.1931028,3.0,-7.0,-43.0
1776885159.2031028,0.0,-9.0,-43.0
1776885159.2131028,4.0,-3.0,-38.0
1776885159.2231028,2.0,-3.0,-36.0
1776885159.2331028,1.0,-1.0,-36.0
1776885159.2431028,-4.0,2.0,-43.0
1776885159.2531028,-2.0,-1.0,-38.0
1776885159.2631028,-3.0,-5.0,-42.0
1776885159.2731028,0.0,-6.0,-39.0
1776885159.2831028,0.0,0.0,-41.0
1776885159.2931027,0.0,0.0,-36.0
1776885159.3031027,0.0,-1.0,-38.0
1776885159.3131027,5.0,-1.0,-38.0
1776885159.3231027,7.0,-3.0,-40.0
1776885159.3331027,5.0,-3.0,-37.0
1776885159.3431027,3.0,-4.0,-31.0
1776885159.3531027,-1.0,-4.0,-34.0
1776885159.363103,2.0,-3.0,-39.0
1776885159.373103,5.0,-1.0,-44.0
1776885159.383103,9.0,-2.0,-49.0
1776885159.3931026,10.0,-2.0,-47.0
1776885159.4031026,8.0,-2.0,-48.0
1776885159.4131026,2.0,-5.0,-50.0
1776885159.4231029,0.0,-6.0,-45.0
1776885159.4331028,-1.0,-8.0,-45.0
1776885159.4431028,4.0,-11.0,-43.0
1776885159.4531028,5.0,-4.0,-37.0
1776885159.4631028,7.0,-3.0,-41.0
1776885159.4731028,4.0,-2.0,-39.0
1776885159.4831028,2.0,-4.0,-41.0
1776885159.4931028,2.0,-3.0,-49.0
1776885159.5031028,0.0,0.0,-50.0
1776885159.5131028,0.0,-3.0,-44.0
1776885159.5231028,0.0,-5.0,-48.0
1776885159.5331028,2.0,-1.0,-42.0
1776885159.5431027,5.0,0.0,-41.0
1776885159.5531027,5.0,1.0,-41.0
1776885159.5631027,8.0,-2.0,-40.0
1776885159.5731027,6.0,-2.0,-32.0
1776885159.5831027,9.0,-7.0,-38.0
1776885159.5931027,5.0,-7.0,-41.0
1776885159.6031027,6.0,-7.0,-39.0
1776885159.613103,5.0,-5.0,-35.0
1776885159.623103,2.0,-6.0,-30.0
1776885159.633103,7.0,-4.0,-36.0
1776885159.6431026,8.0,-10.0,-34.0
1776885159.6531026,10.0,-8.0,-35.0
1776885159.6631026,13.0,-6.0,-37.0
1776885159.6731029,9.0,-4.0,-39.0
1776885159.6831028,2.0,-6.0,-46.0
1776885159.6931028,-3.0,-2.0,-53.0
1776885159.7031028,-4.0,-1.0,-56.0
1776885159.7131028,0.0,3.0,-59.0
1776885159.7231028,-1.0,2.0,-57.0
1776885159.7331028,-5.0,-2.0,-56.0
1776885159.7431028,-6.0,-3.0,-54.0
1776885159.7531028,-3.0,-6.0,-57.0
1776885159.7631028,-1.0,-5.0,-59.0
1776885159.7731028,2.0,-5.0,-63.0
1776885159.7831028,0.0,-3.0,-58.0
1776885159.7931027,0.0,-3.0,-50.0
1776885159.8031027,0.0,0.0,-50.0
1776885159.8131027,-1.0,1.0,-42.0
1776885159.8231027,-1.0,0.0,-42.0
1776885159.8331027,1.0,5.0,-38.0
1776885159.8431027,-3.0,0.0,-43.0
1776885159.8531027,-4.0,1.0,-43.0
1776885159.863103,-5.0,1.0,-41.0
1776885159.873103,-6.0,0.0,-38.0
1776885159.883103,-5.0,-1.0,-36.0
1776885159.8931026,-2.0,-1.0,-35.0
1776885159.9031026,0.0,-1.0,-34.0
1776885159.9131026,0.0,-4.0,-33.0
1776885159.9231029,0.0,-6.0,-35.0
1776885159.9331028,1.0,-4.0,-40.0
1776885159.9431028,1.0,-3.0,-53.0
1776885159.9531028,1.0,-4.0,-52.0
1776885159.9631028,-2.0,-7.0,-48.0
1776885159.9731028,-2.0,-7.0,-44.0
1776885159.9831028,3.0,-6.0,-41.0
1776885159.9931028,7.0,-2.0,-37.0
1776885160.0031028,6.0,-1.0,-43.0
1776885160.0131028,7.0,-2.0,-45.0
1776885160.0231028,8.0,-4.0,-47.0
1776885160.0331028,5.0,-2.0,-56.0
1776885160.0431027,0.0,-1.0,-58.0
1776885160.0531027,-4.0,-6.0,-60.0
1776885160.0631027,-4.0,-3.0,-61.0
1776885160.0731027,-7.0,-4.0,-57.0
1776885160.0831027,-5.0,-9.0,-52.0
1776885160.0931027,-4.0,-9.0,-48.0
1776885160.1031027,-4.0,-8.0,-50.0
1776885160.113103,-6.0,-8.0,-50.0
1776885160.123103,-7.0,-8.0,-47.0
1776885160.133103,-3.0,-7.0,-49.0
1776885160.1431026,-2.0,-3.0,-53.0
1776885160.1531026,2.0,-2.0,-53.0
1776885160.1631026,3.0,-5.0,-48.0
1776885160.1731029,1.0,-4.0,-47.0
1776885160.1831028,-1.0,-3.0,-52.0
1776885160.1931028,-1.0,-3.0,-49.0
1776885160.2031028,-2.0,-6.0,-44.0
1776885160.2131028,-4.0,-8.0,-40.0
1776885160.2231028,-5.0,-7.0,-43.0
1776885160.2331028,-5.0,-5.0,-46.0
1776885160.2431028,-3.0,-4.0,-49.0
1776885160.2531028,0.0,-5.0,-44.0
1776885160.2631028,-3.0,-6.0,-47.0
1776885160.2731028,0.0,-7.0,-48.0
1776885160.284103,0.0,-4.0,-45.0
1776885160.2931027,1.0,-4.0,-43.0
1776885160.304103,0.0,-1.0,-44.0
1776885160.3141026,-2.0,-2.0,-46.0
1776885160.3241026,-1.0,-2.0,-47.0
1776885160.3341026,-1.0,-5.0,-44.0
1776885160.3441026,-2.0,-3.0,-42.0
1776885160.3541028,-7.0,-7.0,-44.0
1776885160.3641028,-11.0,-5.0,-40.0
1776885160.3741028,-10.0,0.0,-38.0
1776885160.3841028,-14.0,4.0,-41.0
1776885160.3941028,-10.0,1.0,-42.0
1776885160.4041028,-3.0,2.0,-44.0
1776885160.4141028,0.0,2.0,-35.0
1776885160.4241028,0.0,-1.0,-36.0
1776885160.4341028,0.0,0.0,-34.0
1776885160.4441028,0.0,2.0,-40.0
1776885160.4541028,-1.0,0.0,-46.0
1776885160.4641027,-3.0,-2.0,-45.0
1776885160.4741027,-4.0,-2.0,-44.0
1776885160.4841027,-5.0,0.0,-46.0
1776885160.4941027,-7.0,-2.0,-49.0
1776885160.5041027,-9.0,-1.0,-50.0
1776885160.5141027,-8.0,1.0,-54.0
1776885160.5241027,-4.0,-3.0,-55.0
1776885160.534103,-8.0,-3.0,-52.0
1776885160.544103,-10.0,-7.0,-51.0
1776885160.554103,-12.0,-4.0,-48.0
1776885160.5641026,-8.0,1.0,-48.0
1776885160.5741026,-3.0,2.0,-46.0
1776885160.5841026,-3.0,0.0,-45.0
1776885160.5941026,-5.0,3.0,-48.0
1776885160.6041028,-2.0,3.0,-47.0
1776885160.6141028,3.0,0.0,-50.0
1776885160.6241028,4.0,2.0,-48.0
1776885160.6341028,3.0,4.0,-46.0
1776885160.6441028,2.0,1.0,-45.0
1776885160.6541028,-2.0,0.0,-39.0
1776885160.6641028,1.0,3.0,-43.0
1776885160.6741028,2.0,2.0,-45.0
1776885160.6841028,0.0,3.0,-44.0
1776885160.6941028,0.0,5.0,-47.0
1776885160.7041028,0.0,1.0,-44.0
1776885160.7141027,0.0,0.0,-37.0
1776885160.7241027,0.0,3.0,-34.0
1776885160.7341027,-1.0,1.0,-36.0
1776885160.7441027,-1.0,-1.0,-36.0
1776885160.7541027,-6.0,0.0,-32.0
1776885160.7641027,-6.0,0.0,-31.0
1776885160.7741027,-1.0,1.0,-34.0
1776885160.784103,2.0,1.0,-33.0
1776885160.794103,-1.0,-3.0,-37.0
1776885160.804103,0.0,-6.0,-41.0
1776885160.8141026,0.0,-4.0,-48.0
1776885160.8241026,-4.0,-2.0,-57.0
1776885160.8341026,-7.0,-4.0,-54.0
1776885160.8441026,-6.0,-6.0,-53.0
1776885160.8541028,-3.0,-6.0,-52.0
1776885160.8641028,-4.0,-7.0,-53.0
1776885160.8741028,-3.0,-7.0,-49.0
1776885160.8841028,-1.0,-7.0,-46.0
1776885160.8941028,-1.0,-4.0,-49.0
1776885160.9041028,-2.0,-4.0,-37.0
1776885160.9141028,-5.0,-4.0,-41.0
1776885160.9241028,-5.0,-8.0,-43.0
1776885160.9341028,-3.0,-6.0,-51.0
1776885160.9441028,-7.0,-5.0,-51.0
1776885160.9541028,-5.0,-6.0,-51.0
1776885160.9641027,-7.0,-6.0,-50.0
1776885160.9741027,-3.0,-9.0,-48.0
1776885160.9841027,0.0,-7.0,-41.0
1776885160.9941027,0.0,-7.0,-38.0
1776885161.0041027,-2.0,-1.0,-38.0
1776885161.0141027,-1.0,2.0,-37.0
1776885161.0241027,-2.0,-1.0,-38.0
1776885161.034103,-2.0,-3.0,-41.0
1776885161.044103,-5.0,-1.0,-44.0
1776885161.054103,-4.0,0.0,-42.0
1776885161.0641026,-1.0,-1.0,-45.0
1776885161.0741026,2.0,0.0,-45.0
1776885161.0841026,0.0,-2.0,-45.0
1776885161.0941026,0.0,-3.0,-40.0
1776885161.1041028,-2.0,-3.0,-46.0
1776885161.1141028,1.0,-5.0,-43.0
1776885161.1241028,5.0,-6.0,-45.0
1776885161.1341028,4.0,-8.0,-42.0
1776885161.1441028,8.0,-5.0,-51.0
1776885161.1541028,8.0,-5.0,-50.0
1776885161.1641028,8.0,-5.0,-47.0
1776885161.1741028,8.0,-4.0,-53.0
1776885161.1841028,5.0,-4.0,-48.0
1776885161.1941028,5.0,0.0,-39.0
1776885161.2041028,5.0,1.0,-40.0
1776885161.2141027,5.0,-2.0,-42.0
1776885161.2241027,10.0,-8.0,-39.0
1776885161.2341027,7.0,-7.0,-38.0
1776885161.2441027,6.0,-7.0,-43.0
1776885161.2541027,3.0,-7.0,-50.0
1776885161.2641027,-2.0,-6.0,-48.0
1776885161.2741027,-6.0,-7.0,-43.0
1776885161.284103,-7.0,-7.0,-41.0
1776885161.294103,-8.0,-2.0,-40.0
1776885161.304103,-9.0,0.0,-37.0
1776885161.3141026,-11.0,-4.0,-39.0
1776885161.3241026,-6.0,-5.0,-43.0
1776885161.3341026,-4.0,-2.0,-41.0
1776885161.3441026,-3.0,-2.0,-45.0
1776885161.3541028,0.0,-5.0,-41.0
1776885161.3641028,-1.0,-3.0,-43.0
1776885161.3741028,-2.0,-3.0,-40.0
1776885161.3841028,-2.0,-4.0,-42.0
1776885161.3941028,-2.0,-7.0,-41.0
1776885161.4041028,-2.0,-7.0,-37.0
1776885161.4141028,-1.0,-1.0,-32.0
1776885161.4241028,1.0,0.0,-40.0
1776885161.4341028,1.0,0.0,-38.0
1776885161.4441028,4.0,-5.0,-37.0
1776885161.4541028,7.0,-1.0,-41.0
1776885161.4641027,8.0,-4.0,-34.0
1776885161.4741027,2.0,0.0,-37.0
1776885161.4841027,3.0,2.0,-43.0
1776885161.4941027,2.0,1.0,-39.0
1776885161.5041027,0.0,-1.0,-38.0
1776885161.5141027,0.0,-4.0,-39.0
1776885161.5241027,-4.0,-4.0,-39.0
1776885161.534103,-3.0,-5.0,-39.0
1776885161.544103,1.0,-5.0,-39.0
1776885161.554103,0.0,0.0,-37.0
1776885161.5641026,0.0,1.0,-31.0
1776885161.5741026,-4.0,0.0,-33.0
1776885161.5841026,-4.0,3.0,-38.0
1776885161.5941026,-7.0,2.0,-34.0
1776885161.6041028,-1.0,2.0,-36.0
1776885161.6141028,1.0,2.0,-39.0
1776885161.6241028,1.0,3.0,-40.0
1776885161.6341028,6.0,2.0,-40.0
1776885161.6441028,9.0,0.0,-40.0
1776885161.6541028,8.0,-1.0,-37.0
1776885161.6641028,8.0,0.0,-45.0
1776885161.6741028,5.0,-1.0,-43.0
1776885161.6841028,6.0,0.0,-38.0
1776885161.6941028,7.0,5.0,-40.0
1776885161.7041028,6.0,1.0,-31.0
1776885161.7141027,8.0,0.0,-36.0
1776885161.7241027,5.0,0.0,-41.0
1776885161.7341027,6.0,0.0,-38.0
1776885161.7441027,9.0,0.0,-39.0
1776885161.7541027,9.0,-1.0,-35.0
1776885161.7641027,5.0,0.0,-34.0
1776885161.7741027,4.0,1.0,-33.0
1776885161.784103,6.0,0.0,-41.0
1776885161.794103,2.0,-4.0,-46.0
1776885161.804103,5.0,-7.0,-39.0
1776885161.8141026,4.0,-4.0,-41.0
1776885161.8241026,3.0,-7.0,-40.0
1776885161.8341026,4.0,-8.0,-39.0
1776885161.8441026,4.0,-6.0,-41.0
1776885161.8541028,4.0,-3.0,-42.0
1776885161.8641028,0.0,-1.0,-45.0
1776885161.8741028,-3.0,2.0,-49.0
1776885161.8841028,-4.0,1.0,-50.0
1776885161.8941028,-7.0,-3.0,-49.0
1776885161.9041028,0.0,-1.0,-53.0
1776885161.9141028,3.0,0.0,-58.0
1776885161.9241028,6.0,0.0,-57.0
1776885161.9341028,5.0,-4.0,-58.0
1776885161.9441028,0.0,-7.0,-52.0
1776885161.9541028,5.0,-2.0,-43.0
1776885161.9641027,-1.0,2.0,-44.0
1776885161.9741027,0.0,1.0,-40.0
1776885161.9841027,0.0,3.0,-37.0
1776885161.9941027,4.0,-2.0,-32.0
1776885162.0041027,4.0,-5.0,-32.0
1776885162.0141027,6.0,-6.0,-32.0
1776885162.0241027,1.0,-6.0,-37.0
1776885162.034103,4.0,-3.0,-43.0
1776885162.044103,8.0,-7.0,-50.0
1776885162.054103,4.0,-5.0,-54.0
1776885162.0641026,2.0,-5.0,-48.0
1776885162.0741026,0.0,-3.0,-50.0
1776885162.0841026,0.0,0.0,-56.0
1776885162.0941026,2.0,2.0,-60.0
1776885162.1041028,3.0,0.0,-53.0
1776885162.1141028,2.0,0.0,-48.0
1776885162.1241028,5.0,-2.0,-52.0
1776885162.1341028,8.0,-2.0,-55.0
1776885162.1441028,9.0,-1.0,-50.0
1776885162.1541028,9.0,-5.0,-50.0
1776885162.1641028,10.0,-5.0,-47.0
1776885162.1741028,5.0,-5.0,-51.0
1776885162.1841028,6.0,-4.0,-48.0
1776885162.1941028,5.0,-1.0,-49.0
1776885162.2041028,6.0,0.0,-56.0
1776885162.2141027,6.0,3.0,-57.0
1776885162.2241027,3.0,2.0,-57.0
1776885162.235103,2.0,0.0,-57.0
1776885162.2441027,0.0,0.0,-53.0
1776885162.2551026,0.0,0.0,-44.0
1776885162.2651026,2.0,-2.0,-36.0
1776885162.2751029,1.0,-6.0,-34.0
1776885162.2851028,0.0,-8.0,-39.0
1776885162.2951028,1.0,-8.0,-40.0
1776885162.3051028,0.0,-7.0,-45.0
1776885162.3151028,0.0,-7.0,-45.0
1776885162.3251028,0.0,-5.0,-46.0
1776885162.3351028,0.0,-3.0,-45.0
1776885162.3451028,3.0,-3.0,-44.0
1776885162.3551028,2.0,2.0,-40.0
1776885162.3651028,0.0,-1.0,-44.0
1776885162.3751028,3.0,-3.0,-44.0
1776885162.3851027,2.0,0.0,-49.0
1776885162.3951027,-1.0,-3.0,-44.0
1776885162.4051027,-4.0,-4.0,-45.0
1776885162.4151027,1.0,-3.0,-47.0
1776885162.4251027,5.0,-3.0,-44.0
1776885162.4351027,8.0,-1.0,-44.0
1776885162.4451027,6.0,0.0,-41.0
1776885162.4551027,4.0,1.0,-43.0
1776885162.465103,5.0,4.0,-44.0
1776885162.475103,7.0,3.0,-45.0
1776885162.485103,7.0,0.0,-46.0
1776885162.4951026,0.0,-3.0,-43.0
1776885162.5051026,4.0,0.0,-46.0
1776885162.5151026,5.0,-2.0,-43.0
1776885162.5251029,8.0,-5.0,-44.0
1776885162.5351028,6.0,-5.0,-46.0
1776885162.5451028,3.0,-3.0,-50.0
1776885162.5551028,5.0,-3.0,-46.0
1776885162.5651028,6.0,0.0,-47.0
1776885162.5751028,5.0,-3.0,-50.0
1776885162.5851028,9.0,-3.0,-43.0
1776885162.5951028,12.0,-2.0,-38.0
1776885162.6051028,13.0,0.0,-42.0
1776885162.6151028,9.0,0.0,-45.0
1776885162.6251028,5.0,0.0,-49.0
1776885162.6351027,3.0,2.0,-46.0
1776885162.6451027,-1.0,0.0,-44.0
1776885162.6551027,-1.0,-2.0,-45.0
1776885162.6651027,-3.0,-7.0,-44.0
1776885162.6751027,-3.0,-9.0,-41.0
1776885162.6851027,-4.0,-9.0,-45.0
1776885162.6951027,-5.0,-6.0,-48.0
1776885162.7051027,-7.0,-7.0,-53.0
1776885162.715103,-6.0,-8.0,-46.0
1776885162.725103,-2.0,-6.0,-42.0
1776885162.735103,-7.0,-4.0,-42.0
1776885162.7451026,-8.0,-4.0,-40.0
1776885162.7551026,-6.0,-3.0,-46.0
1776885162.7651026,-9.0,-4.0,-46.0
1776885162.7751029,-7.0,-4.0,-33.0
1776885162.7851028,-7.0,0.0,-32.0
1776885162.7951028,-3.0,1.0,-37.0
1776885162.8051028,-2.0,-4.0,-45.0
1776885162.8151028,-3.0,-7.0,-43.0
1776885162.8251028,-5.0,-5.0,-42.0
1776885162.8351028,-5.0,-2.0,-41.0
1776885162.8451028,0.0,-4.0,-41.0
1776885162.8551028,0.0,0.0,-43.0
1776885162.8651028,-1.0,2.0,-42.0
1776885162.8751028,-3.0,-1.0,-41.0
1776885162.8851027,-4.0,-3.0,-41.0
1776885162.8951027,-1.0,-2.0,-45.0
1776885162.9051027,1.0,-1.0,-43.0
1776885162.9151027,0.0,0.0,-46.0
1776885162.9251027,0.0,0.0,-44.0
1776885162.9351027,0.0,0.0,-46.0
1776885162.9451027,3.0,-1.0,-44.0
1776885162.9551027,0.0,2.0,-50.0
1776885162.965103,2.0,1.0,-46.0
1776885162.975103,1.0,0.0,-44.0
1776885162.985103,-1.0,0.0,-46.0
1776885162.9951026,-1.0,0.0,-46.0
1776885163.0051026,0.0,0.0,-54.0
1776885163.0151026,0.0,0.0,-52.0
1776885163.0251029,1.0,0.0,-49.0
1776885163.0351028,0.0,-2.0,-48.0
1776885163.0451028,1.0,-2.0,-49.0
1776885163.0551028,4.0,-2.0,-53.0
1776885163.0651028,7.0,0.0,-56.0
1776885163.0751028,4.0,0.0,-53.0
1776885163.0851028,2.0,1.0,-49.0
1776885163.0951028,0.0,3.0,-48.0
1776885163.1051028,3.0,1.0,-45.0
1776885163.1151028,3.0,1.0,-45.0
1776885163.1251028,1.0,4.0,-46.0
1776885163.1351027,2.0,0.0,-49.0
1776885163.1451027,2.0,-3.0,-48.0
1776885163.1551027,0.0,-7.0,-54.0
1776885163.1651027,-2.0,-8.0,-54.0
1776885163.1751027,-3.0,-2.0,-51.0
1776885163.1851027,-4.0,1.0,-49.0
1776885163.1951027,-2.0,5.0,-44.0
1776885163.2051027,-2.0,6.0,-42.0
1776885163.215103,-1.0,6.0,-48.0
1776885163.225103,0.0,4.0,-50.0
1776885163.235103,0.0,4.0,-57.0
1776885163.2451026,-2.0,5.0,-60.0
1776885163.2551026,2.0,2.0,-53.0
1776885163.2651026,-1.0,3.0,-51.0
1776885163.2751029,-1.0,4.0,-50.0
1776885163.2851028,-2.0,1.0,-46.0
1776885163.2951028,0.0,1.0,-36.0
1776885163.3051028,0.0,-4.0,-30.0
1776885163.3151028,-1.0,-4.0,-31.0
1776885163.3251028,0.0,-5.0,-45.0
1776885163.3351028,-5.0,-7.0,-51.0
1776885163.3451028,-4.0,-8.0,-54.0
1776885163.3551028,-3.0,-8.0,-48.0
1776885163.3651028,0.0,-9.0,-44.0
1776885163.3751028,-1.0,-3.0,-48.0
1776885163.3851027,-1.0,-2.0,-51.0
1776885163.3951027,0.0,-6.0,-40.0
1776885163.4051027,0.0,-6.0,-39.0
1776885163.4151027,-2.0,-5.0,-40.0
1776885163.4251027,-2.0,-8.0,-40.0
1776885163.4351027,0.0,-9.0,-46.0
1776885163.4451027,4.0,-8.0,-51.0
1776885163.4551027,0.0,-4.0,-48.0
1776885163.465103,0.0,-3.0,-51.0
1776885163.475103,0.0,-4.0,-50.0
1776885163.485103,2.0,-4.0,-51.0
1776885163.4951026,-1.0,-4.0,-52.0
1776885163.5051026,0.0,-1.0,-51.0
1776885163.5151026,-3.0,-4.0,-53.0
1776885163.5251029,-4.0,-2.0,-58.0
1776885163.5351028,-4.0,-2.0,-61.0
1776885163.5451028,-6.0,-3.0,-60.0
1776885163.5551028,-8.0,-4.0,-58.0
1776885163.5651028,-8.0,-6.0,-54.0
1776885163.5751028,-9.0,-4.0,-50.0
1776885163.5851028,-3.0,0.0,-46.0
1776885163.5951028,0.0,0.0,-41.0
1776885163.6051028,3.0,0.0,-38.0
1776885163.6151028,3.0,-1.0,-39.0
1776885163.6251028,2.0,-4.0,-45.0
1776885163.6351027,0.0,-6.0,-46.0
1776885163.6451027,1.0,-5.0,-47.0
1776885163.6551027,2.0,-5.0,-44.0
1776885163.6651027,0.0,0.0,-44.0
1776885163.6751027,0.0,0.0,-35.0
1776885163.6851027,1.0,-4.0,-42.0
1776885163.6951027,1.0,-2.0,-38.0
1776885163.7051027,0.0,-3.0,-49.0
1776885163.715103,-2.0,-1.0,-50.0
1776885163.725103,-2.0,3.0,-49.0
1776885163.735103,-2.0,6.0,-52.0
1776885163.7451026,2.0,4.0,-48.0
1776885163.7551026,1.0,0.0,-43.0
1776885163.7651026,-1.0,-2.0,-40.0
1776885163.7751029,-1.0,-2.0,-44.0
1776885163.7851028,0.0,0.0,-46.0
1776885163.7951028,-1.0,-1.0,-42.0
1776885163.8051028,-3.0,-3.0,-40.0
1776885163.8151028,-5.0,-3.0,-41.0
1776885163.8251028,-9.0,-6.0,-40.0
1776885163.8351028,-5.0,-3.0,-41.0
1776885163.8451028,0.0,-2.0,-38.0
1776885163.8551028,1.0,0.0,-36.0
1776885163.8651028,0.0,0.0,-44.0
1776885163.8751028,-2.0,-4.0,-49.0
1776885163.8851027,-4.0,-3.0,-47.0
1776885163.8951027,-2.0,-5.0,-45.0
1776885163.9051027,-3.0,-7.0,-43.0
1776885163.9151027,-2.0,-4.0,-39.0
1776885163.9251027,-1.0,-2.0,-41.0
1776885163.9351027,-5.0,-3.0,-44.0
1776885163.9451027,-4.0,-5.0,-51.0
1776885163.9551027,-4.0,-5.0,-54.0
1776885163.965103,-1.0,-1.0,-56.0
1776885163.975103,1.0,-1.0,-47.0
1776885163.985103,2.0,-2.0,-43.0
1776885163.9951026,2.0,0.0,-40.0
1776885164.0051026,1.0,1.0,-46.0
1776885164.0151026,0.0,-1.0,-50.0
1776885164.0251029,-1.0,-8.0,-58.0
1776885164.0351028,0.0,-3.0,-57.0
1776885164.0451028,0.0,1.0,-57.0
1776885164.0551028,-5.0,1.0,-57.0
1776885164.0651028,0.0,4.0,-52.0
1776885164.0751028,0.0,3.0,-55.0
1776885164.0851028,0.0,5.0,-56.0
1776885164.0951028,0.0,6.0,-56.0
1776885164.1051028,0.0,2.0,-50.0
1776885164.1151028,-1.0,1.0,-48.0
1776885164.1251028,2.0,1.0,-52.0
1776885164.1351027,5.0,4.0,-54.0
1776885164.1451027,6.0,7.0,-58.0
1776885164.1551027,5.0,10.0,-51.0
1776885164.1651027,3.0,8.0,-48.0
1776885164.1751027,-2.0,6.0,-54.0
1776885164.1851027,-1.0,3.0,-47.0
1776885164.1951027,0.0,-1.0,-45.0
1776885164.2051027,0.0,-3.0,-54.0
1776885164.2161028,2.0,-1.0,-55.0
1776885164.2261028,-2.0,-4.0,-55.0
1776885164.2361028,-4.0,-4.0,-52.0
1776885164.2461028,-6.0,-5.0,-56.0
1776885164.2561028,-5.0,-8.0,-42.0
1776885164.2661028,-3.0,-3.0,-42.0
1776885164.2761028,-4.0,0.0,-40.0
1776885164.2861028,-6.0,2.0,-39.0
1776885164.2961028,-4.0,0.0,-38.0
1776885164.3061028,0.0,2.0,-44.0
1776885164.3161027,1.0,1.0,-46.0
1776885164.3261027,1.0,4.0,-43.0
1776885164.3361027,0.0,1.0,-36.0
1776885164.3461027,0.0,-3.0,-40.0
1776885164.3561027,1.0,-3.0,-40.0
1776885164.3661027,2.0,0.0,-44.0
1776885164.3761027,2.0,1.0,-41.0
1776885164.386103,5.0,-1.0,-43.0
1776885164.396103,3.0,-1.0,-45.0
1776885164.406103,5.0,-2.0,-47.0
1776885164.4161026,3.0,-1.0,-48.0
1776885164.4261026,1.0,-2.0,-54.0
1776885164.4361026,-1.0,0.0,-50.0
1776885164.4461029,-5.0,-1.0,-54.0
1776885164.4561028,-5.0,1.0,-55.0
1776885164.4661028,-8.0,1.0,-52.0
1776885164.4761028,-7.0,2.0,-45.0
1776885164.4861028,-8.0,2.0,-45.0
1776885164.4961028,-11.0,1.0,-41.0
1776885164.5061028,-7.0,-2.0,-42.0
1776885164.5161028,-4.0,-2.0,-44.0
1776885164.5261028,-3.0,1.0,-44.0
1776885164.5361028,-1.0,0.0,-43.0
1776885164.5461028,-1.0,0.0,-37.0
1776885164.5561028,-2.0,-3.0,-44.0
1776885164.5661027,-1.0,-8.0,-45.0
1776885164.5761027,-2.0,-8.0,-44.0
1776885164.5861027,-4.0,-5.0,-49.0
1776885164.5961027,-10.0,-6.0,-46.0
1776885164.6061027,-4.0,-9.0,-49.0
1776885164.6161027,0.0,-3.0,-52.0
1776885164.6261027,-2.0,-3.0,-49.0
1776885164.636103,1.0,-4.0,-49.0
1776885164.646103,1.0,-3.0,-47.0
1776885164.656103,-1.0,-1.0,-53.0
1776885164.6661026,-1.0,3.0,-54.0
1776885164.6761026,-1.0,1.0,-55.0
1776885164.6861026,0.0,3.0,-48.0
1776885164.6961029,1.0,4.0,-51.0
1776885164.7061028,0.0,-3.0,-52.0
1776885164.7161028,-2.0,-7.0,-55.0
1776885164.7261028,-3.0,-5.0,-58.0
1776885164.7361028,-4.0,-6.0,-53.0
1776885164.7461028,-5.0,-9.0,-55.0
1776885164.7561028,0.0,-2.0,-52.0
1776885164.7661028,1.0,-2.0,-49.0
1776885164.7761028,0.0,1.0,-46.0
1776885164.7861028,2.0,1.0,-45.0
1776885164.7961028,5.0,1.0,-51.0
1776885164.8061028,7.0,2.0,-51.0
1776885164.8161027,6.0,3.0,-50.0
1776885164.8261027,6.0,0.0,-53.0
1776885164.8361027,6.0,-3.0,-52.0
1776885164.8461027,4.0,-4.0,-48.0
1776885164.8561027,0.0,-7.0,-51.0
1776885164.8661027,-1.0,-6.0,-51.0
1776885164.8761027,2.0,-4.0,-56.0
1776885164.886103,1.0,-2.0,-57.0
1776885164.896103,2.0,0.0,-48.0
1776885164.906103,0.0,0.0,-45.0
1776885164.9161026,0.0,0.0,-45.0
1776885164.9261026,0.0,-1.0,-39.0
1776885164.9361026,2.0,-1.0,-47.0
1776885164.9461029,1.0,-1.0,-46.0
1776885164.9561028,3.0,0.0,-49.0
1776885164.9661028,0.0,0.0,-40.0
1776885164.9761028,-1.0,-4.0,-27.0
1776885164.9861028,3.0,-6.0,-24.0
1776885164.9961028,0.0,0.0,-25.0
1776885165.0061028,-4.0,0.0,-36.0
1776885165.0161028,-2.0,-1.0,-36.0
1776885165.0261028,-5.0,-1.0,-42.0
1776885165.0361028,-2.0,1.0,-43.0
1776885165.0461028,1.0,0.0,-49.0
1776885165.0561028,-1.0,3.0,-48.0
1776885165.0661027,0.0,2.0,-46.0
1776885165.0761027,0.0,1.0,-36.0
1776885165.0861027,4.0,0.0,-35.0
1776885165.0961027,5.0,-3.0,-35.0
1776885165.1061027,5.0,-5.0,-42.0
1776885165.1161027,6.0,-4.0,-42.0
1776885165.1261027,4.0,-4.0,-46.0
1776885165.136103,5.0,-6.0,-46.0
1776885165.146103,6.0,-7.0,-42.0
1776885165.156103,2.0,-6.0,-42.0
1776885165.1661026,3.0,-3.0,-39.0
1776885165.1761026,0.0,-3.0,-35.0
1776885165.1861026,-1.0,-2.0,-46.0
1776885165.1961029,1.0,-3.0,-48.0
1776885165.2061028,-1.0,0.0,-59.0
1776885165.2161028,-3.0,-1.0,-53.0
1776885165.2261028,0.0,-2.0,-54.0
1776885165.2361028,2.0,0.0,-56.0
1776885165.2461028,6.0,-2.0,-55.0
1776885165.2561028,9.0,-1.0,-52.0
1776885165.2661028,5.0,0.0,-48.0
1776885165.2761028,8.0,0.0,-48.0
1776885165.2861028,5.0,0.0,-44.0
1776885165.2961028,8.0,2.0,-42.0
1776885165.3061028,5.0,2.0,-47.0
1776885165.3161027,0.0,0.0,-48.0
1776885165.3261027,1.0,-4.0,-51.0
1776885165.3361027,1.0,-5.0,-53.0
1776885165.3461027,2.0,-3.0,-54.0
1776885165.3561027,-1.0,0.0,-56.0
1776885165.3661027,0.0,1.0,-51.0
1776885165.3761027,-2.0,0.0,-46.0
1776885165.386103,-1.0,0.0,-46.0
1776885165.396103,-4.0,0.0,-49.0
1776885165.406103,-7.0,1.0,-54.0
1776885165.4161026,-3.0,0.0,-53.0
1776885165.4261026,-1.0,-2.0,-52.0
1776885165.4361026,-2.0,0.0,-54.0
1776885165.4461029,-3.0,0.0,-53.0
1776885165.4561028,2.0,-2.0,-46.0
1776885165.4661028,0.0,2.0,-42.0
1776885165.4761028,-2.0,3.0,-38.0
1776885165.4861028,-1.0,1.0,-44.0
1776885165.4961028,2.0,4.0,-42.0
1776885165.5061028,5.0,2.0,-45.0
1776885165.5161028,8.0,3.0,-39.0
1776885165.5261028,9.0,3.0,-37.0
1776885165.5361028,6.0,1.0,-45.0
1776885165.5461028,3.0,0.0,-44.0
1776885165.5561028,4.0,-1.0,-48.0
1776885165.5661027,5.0,2.0,-47.0
1776885165.5761027,1.0,0.0,-50.0
1776885165.5861027,-1.0,2.0,-47.0
1776885165.5961027,-2.0,3.0,-48.0
1776885165.6061027,0.0,0.0,-48.0
1776885165.6161027,1.0,-5.0,-48.0
1776885165.6261027,0.0,-8.0,-55.0
1776885165.636103,1.0,-9.0,-58.0
1776885165.646103,0.0,-2.0,-65.0
1776885165.656103,3.0,2.0,-57.0
1776885165.6661026,4.0,2.0,-61.0
1776885165.6761026,3.0,1.0,-57.0
1776885165.6861026,1.0,-1.0,-51.0
1776885165.6961029,2.0,-1.0,-49.0
1776885165.7061028,3.0,-2.0,-44.0
1776885165.7161028,2.0,-3.0,-42.0
1776885165.7261028,3.0,-4.0,-42.0
1776885165.7361028,6.0,-3.0,-45.0
1776885165.7461028,2.0,-4.0,-49.0
1776885165.7561028,1.0,-1.0,-50.0
1776885165.7661028,-1.0,-1.0,-46.0
1776885165.7761028,-2.0,1.0,-44.0
1776885165.7861028,0.0,-3.0,-44.0
1776885165.7961028,-3.0,-3.0,-41.0
1776885165.8061028,-6.0,-2.0,-37.0
1776885165.8161027,-4.0,-1.0,-40.0
1776885165.8261027,-8.0,2.0,-44.0
1776885165.8361027,-10.0,4.0,-42.0
1776885165.8461027,-4.0,4.0,-40.0
1776885165.8561027,-4.0,3.0,-36.0
1776885165.8661027,-3.0,1.0,-39.0
1776885165.8761027,-5.0,0.0,-41.0
1776885165.886103,-8.0,1.0,-41.0
1776885165.896103,-6.0,0.0,-39.0
1776885165.906103,-7.0,-3.0,-48.0
1776885165.9161026,-1.0,-3.0,-47.0
1776885165.9261026,-1.0,-2.0,-45.0
1776885165.9361026,0.0,2.0,-39.0
1776885165.9461029,0.0,0.0,-43.0
1776885165.9561028,-1.0,-3.0,-50.0
1776885165.9661028,0.0,0.0,-51.0
1776885165.9761028,1.0,0.0,-42.0
1776885165.9861028,0.0,0.0,-39.0
1776885165.9961028,0.0,0.0,-39.0
1776885166.0061028,-5.0,-3.0,-40.0
1776885166.0161028,-2.0,-6.0,-42.0
1776885166.0261028,0.0,-10.0,-39.0
1776885166.0361028,0.0,-8.0,-39.0
1776885166.0461028,0.0,-1.0,-39.0
1776885166.0561028,1.0,-2.0,-43.0
1776885166.0661027,1.0,-4.0,-44.0
1776885166.0761027,3.0,-2.0,-45.0
1776885166.0861027,7.0,-1.0,-47.0
1776885166.0961027,8.0,0.0,-47.0
1776885166.1061027,6.0,1.0,-43.0
1776885166.1161027,6.0,3.0,-45.0
1776885166.1261027,2.0,0.0,-40.0
1776885166.136103,3.0,0.0,-37.0
1776885166.146103,9.0,-2.0,-39.0
1776885166.156103,9.0,0.0,-35.0
1776885166.1661026,5.0,0.0,-35.0
1776885166.1761026,5.0,0.0,-30.0
1776885166.1861026,4.0,-1.0,-35.0
1776885166.1961029,3.0,0.0,-32.0
1776885166.2071028,4.0,0.0,-36.0
1776885166.2171028,0.0,1.0,-40.0
1776885166.2271028,0.0,-1.0,-43.0
1776885166.2371027,2.0,-2.0,-45.0
1776885166.2471027,1.0,-3.0,-48.0
1776885166.2571027,2.0,2.0,-45.0
1776885166.2671027,2.0,3.0,-43.0
1776885166.2771027,-5.0,0.0,-42.0
1776885166.2871027,-2.0,0.0,-44.0
1776885166.2971027,-1.0,3.0,-50.0
1776885166.307103,-3.0,2.0,-53.0
1776885166.317103,-2.0,0.0,-46.0
1776885166.327103,-5.0,-4.0,-45.0
1776885166.337103,-1.0,-3.0,-51.0
1776885166.3471026,-4.0,-1.0,-50.0
1776885166.3571026,-6.0,-2.0,-50.0
1776885166.3671026,-3.0,-1.0,-51.0
1776885166.3771029,-2.0,0.0,-42.0
1776885166.3871028,-3.0,2.0,-33.0
1776885166.3971028,-1.0,0.0,-33.0
1776885166.4071028,-2.0,-4.0,-41.0
1776885166.4171028,0.0,-3.0,-43.0
1776885166.4271028,1.0,-8.0,-45.0
1776885166.4371028,0.0,-8.0,-42.0
1776885166.4471028,-2.0,-1.0,-38.0
1776885166.4571028,-3.0,-1.0,-39.0
1776885166.4671028,-3.0,-4.0,-44.0
1776885166.4771028,-2.0,-5.0,-43.0
1776885166.4871027,-1.0,-4.0,-44.0
1776885166.4971027,-1.0,-6.0,-49.0
1776885166.5071027,-4.0,-4.0,-43.0
1776885166.5171027,0.0,-6.0,-43.0
1776885166.5271027,0.0,-8.0,-35.0
1776885166.5371027,0.0,-3.0,-33.0
1776885166.5471027,-1.0,-3.0,-37.0
1776885166.557103,-2.0,-7.0,-36.0
1776885166.567103,-2.0,-7.0,-41.0
1776885166.577103,-6.0,-9.0,-43.0
1776885166.587103,-6.0,-11.0,-38.0
1776885166.5971026,0.0,-7.0,-34.0
1776885166.6071026,1.0,-9.0,-35.0
1776885166.6171026,1.0,-7.0,-45.0
1776885166.6271029,5.0,-9.0,-45.0
1776885166.6371028,5.0,-4.0,-45.0
1776885166.6471028,1.0,-4.0,-45.0
1776885166.6571028,2.0,-7.0,-49.0
1776885166.6671028,6.0,-6.0,-47.0
1776885166.6771028,2.0,-1.0,-47.0
1776885166.6871028,4.0,0.0,-51.0
1776885166.6971028,9.0,3.0,-53.0
1776885166.7071028,8.0,0.0,-50.0
1776885166.7171028,10.0,-7.0,-45.0
1776885166.7271028,7.0,-8.0,-49.0
1776885166.7371027,-2.0,-6.0,-45.0
1776885166.7471027,1.0,-3.0,-43.0
1776885166.7571027,-2.0,0.0,-43.0
1776885166.7671027,-6.0,-1.0,-50.0
1776885166.7771027,-8.0,-1.0,-47.0
1776885166.7871027,-8.0,-1.0,-49.0
1776885166.7971027,-4.0,-3.0,-46.0
1776885166.807103,-2.0,-2.0,-38.0
1776885166.817103,-4.0,-1.0,-36.0
1776885166.827103,-6.0,0.0,-40.0
1776885166.837103,-4.0,0.0,-39.0
1776885166.8471026,0.0,-3.0,-37.0
1776885166.8571026,2.0,-5.0,-40.0
1776885166.8671026,-1.0,-3.0,-39.0
1776885166.8771029,0.0,-6.0,-32.0
1776885166.8871028,1.0,-6.0,-40.0
1776885166.8971028,2.0,-1.0,-39.0
1776885166.9071028,1.0,4.0,-42.0
1776885166.9171028,4.0,8.0,-38.0
1776885166.9271028,3.0,4.0,-34.0
1776885166.9371028,0.0,0.0,-38.0
1776885166.9471028,-2.0,-1.0,-41.0
1776885166.9571028,0.0,-3.0,-36.0
1776885166.9671028,1.0,-4.0,-36.0
1776885166.9771028,2.0,-5.0,-39.0
1776885166.9871027,3.0,-8.0,-39.0
1776885166.9971027,2.0,-5.0,-36.0
1776885167.0071027,3.0,-3.0,-37.0
1776885167.0171027,3.0,-6.0,-38.0
1776885167.0271027,3.0,0.0,-40.0
1776885167.0371027,3.0,2.0,-44.0
1776885167.0471027,1.0,3.0,-46.0
1776885167.057103,0.0,6.0,-43.0
1776885167.067103,-1.0,2.0,-41.0
1776885167.077103,0.0,-1.0,-43.0
1776885167.087103,1.0,-6.0,-44.0
1776885167.0971026,4.0,-5.0,-44.0
1776885167.1071026,2.0,-1.0,-48.0
1776885167.1171026,-3.0,0.0,-48.0
1776885167.1271029,1.0,0.0,-40.0
1776885167.1371028,3.0,1.0,-41.0
1776885167.1471028,3.0,5.0,-40.0
1776885167.1571028,1.0,2.0,-36.0
1776885167.1671028,0.0,2.0,-43.0
1776885167.1771028,-2.0,3.0,-43.0
1776885167.1871028,-3.0,4.0,-41.0
1776885167.1971028,-2.0,2.0,-38.0
1776885167.2071028,2.0,2.0,-33.0
1776885167.2171028,6.0,0.0,-33.0
1776885167.2271028,6.0,0.0,-33.0
1776885167.2371027,2.0,0.0,-35.0
1776885167.2471027,1.0,1.0,-41.0
1776885167.2571027,-2.0,-4.0,-44.0
1776885167.2671027,-5.0,-3.0,-47.0
1776885167.2771027,-5.0,-3.0,-52.0
1776885167.2871027,-5.0,0.0,-53.0
1776885167.2971027,-1.0,-4.0,-50.0
1776885167.307103,-2.0,-3.0,-51.0
1776885167.317103,-2.0,-3.0,-44.0
1776885167.327103,-8.0,-6.0,-43.0
1776885167.337103,-6.0,-10.0,-41.0
1776885167.3471026,-5.0,-8.0,-46.0
1776885167.3571026,2.0,-6.0,-46.0
1776885167.3671026,3.0,-6.0,-42.0
1776885167.3771029,1.0,-2.0,-42.0
1776885167.3871028,0.0,-1.0,-39.0
1776885167.3971028,1.0,1.0,-35.0
1776885167.4071028,-2.0,0.0,-36.0
1776885167.4171028,0.0,1.0,-43.0
1776885167.4271028,1.0,0.0,-45.0
1776885167.4371028,-1.0,-1.0,-49.0
1776885167.4471028,1.0,-1.0,-44.0
1776885167.4571028,0.0,-3.0,-40.0
1776885167.4671028,1.0,0.0,-37.0
1776885167.4771028,1.0,3.0,-34.0
1776885167.4871027,4.0,0.0,-37.0
1776885167.4971027,6.0,0.0,-35.0
1776885167.5071027,8.0,0.0,-32.0
1776885167.5171027,8.0,0.0,-36.0
1776885167.5271027,6.0,0.0,-34.0
1776885167.5371027,6.0,0.0,-33.0
1776885167.5471027,1.0,3.0,-34.0
1776885167.557103,-2.0,1.0,-36.0
1776885167.567103,-1.0,0.0,-34.0
1776885167.577103,-1.0,3.0,-37.0
1776885167.587103,-3.0,2.0,-37.0
1776885167.5971026,-4.0,1.0,-42.0
1776885167.6071026,-4.0,0.0,-45.0
1776885167.6171026,1.0,0.0,-39.0
1776885167.6271029,5.0,-3.0,-39.0
1776885167.6371028,3.0,-4.0,-35.0
1776885167.6471028,1.0,-3.0,-41.0
1776885167.6571028,-1.0,-1.0,-42.0
1776885167.6671028,1.0,-3.0,-45.0
1776885167.6771028,6.0,-5.0,-41.0
1776885167.6871028,8.0,-7.0,-42.0
1776885167.6971028,10.0,-7.0,-45.0
1776885167.7071028,3.0,-4.0,-41.0
1776885167.7171028,-2.0,-2.0,-41.0
1776885167.7271028,0.0,-3.0,-34.0
1776885167.7371027,-2.0,-4.0,-40.0
1776885167.7471027,0.0,-5.0,-40.0
1776885167.7571027,0.0,-4.0,-40.0
1776885167.7671027,4.0,-3.0,-41.0
1776885167.7771027,4.0,0.0,-36.0
1776885167.7871027,1.0,2.0,-37.0
1776885167.7971027,0.0,0.0,-48.0
1776885167.807103,2.0,0.0,-43.0
1776885167.817103,4.0,0.0,-35.0
1776885167.827103,1.0,0.0,-40.0
1776885167.837103,0.0,2.0,-37.0
1776885167.8471026,4.0,3.0,-29.0
1776885167.8571026,4.0,2.0,-40.0
1776885167.8671026,8.0,1.0,-44.0
1776885167.8771029,7.0,0.0,-43.0
1776885167.8871028,4.0,0.0,-43.0
1776885167.8971028,0.0,1.0,-47.0
1776885167.9071028,-2.0,2.0,-52.0
1776885167.9171028,-6.0,-1.0,-47.0
1776885167.9271028,-5.0,-1.0,-50.0
1776885167.9371028,0.0,-4.0,-54.0
1776885167.9471028,0.0,-1.0,-50.0
1776885167.9571028,1.0,-3.0,-48.0
1776885167.9671028,3.0,-7.0,-45.0
1776885167.9771028,-1.0,-9.0,-45.0
1776885167.9871027,2.0,-10.0,-48.0
1776885167.9971027,6.0,-13.0,-46.0
1776885168.0071027,6.0,-12.0,-45.0
1776885168.0171027,1.0,-11.0,-45.0
1776885168.0271027,-1.0,-8.0,-42.0
1776885168.0371027,-5.0,-6.0,-42.0
1776885168.0471027,-6.0,-4.0,-42.0
1776885168.057103,-5.0,-2.0,-49.0
1776885168.067103,-5.0,0.0,-49.0
1776885168.077103,-3.0,0.0,-44.0
1776885168.087103,0.0,-1.0,-48.0
1776885168.0971026,-1.0,1.0,-46.0
1776885168.1071026,-3.0,1.0,-47.0
1776885168.1171026,0.0,0.0,-48.0
1776885168.1271029,0.0,0.0,-43.0
1776885168.1371028,1.0,0.0,-44.0
1776885168.1471028,3.0,-1.0,-44.0
1776885168.1571028,0.0,0.0,-43.0
1776885168.1671028,3.0,0.0,-44.0
1776885168.1781027,1.0,0.0,-39.0
1776885168.1881027,2.0,0.0,-37.0
1776885168.1981027,0.0,0.0,-44.0
1776885168.2081027,1.0,-3.0,-38.0
1776885168.2181027,3.0,-3.0,-36.0
1776885168.2281027,2.0,-3.0,-38.0
1776885168.238103,0.0,-2.0,-41.0
1776885168.248103,-2.0,-1.0,-43.0
1776885168.258103,-2.0,-1.0,-39.0
1776885168.2681026,0.0,0.0,-38.0
1776885168.2781026,-3.0,2.0,-36.0
1776885168.2881026,0.0,4.0,-40.0
1776885168.2981029,4.0,3.0,-43.0
1776885168.3081028,9.0,1.0,-49.0
1776885168.3181028,3.0,-1.0,-51.0
1776885168.3281028,-2.0,-2.0,-55.0
1776885168.3381028,0.0,-5.0,-58.0
1776885168.3481028,1.0,-2.0,-54.0
1776885168.3581028,4.0,-2.0,-50.0
1776885168.3681028,5.0,-2.0,-56.0
1776885168.3781028,2.0,0.0,-54.0
1776885168.3881028,0.0,3.0,-52.0
1776885168.3981028,0.0,3.0,-46.0
1776885168.4081028,2.0,2.0,-47.0
1776885168.4181027,5.0,-1.0,-50.0
1776885168.4281027,6.0,-1.0,-46.0
1776885168.4381027,7.0,2.0,-47.0
1776885168.4481027,5.0,-2.0,-41.0
1776885168.4581027,9.0,-2.0,-41.0
1776885168.4681027,6.0,-5.0,-42.0
1776885168.4781027,7.0,-7.0,-41.0
1776885168.488103,10.0,-4.0,-45.0
1776885168.498103,8.0,-5.0,-40.0
1776885168.508103,5.0,-6.0,-40.0
1776885168.5181026,2.0,-4.0,-33.0
1776885168.5281026,1.0,0.0,-31.0
1776885168.5381026,4.0,-1.0,-41.0
1776885168.5481029,4.0,0.0,-45.0
1776885168.5581028,0.0,-1.0,-45.0
1776885168.5681028,2.0,0.0,-43.0
1776885168.5781028,0.0,-3.0,-47.0
1776885168.5881028,-2.0,-3.0,-45.0
1776885168.5981028,-1.0,2.0,-40.0
1776885168.6081028,-2.0,3.0,-43.0
1776885168.6181028,0.0,0.0,-47.0
1776885168.6281028,0.0,0.0,-47.0
1776885168.6381028,3.0,0.0,-43.0
1776885168.6481028,6.0,-2.0,-43.0
1776885168.6581028,6.0,-2.0,-43.0
1776885168.6681027,1.0,0.0,-34.0
1776885168.6781027,-2.0,-2.0,-39.0
1776885168.6881027,-2.0,-2.0,-47.0
1776885168.6981027,0.0,1.0,-54.0
1776885168.7081027,3.0,0.0,-52.0
1776885168.7181027,2.0,-2.0,-53.0
1776885168.7281027,0.0,-3.0,-52.0
1776885168.738103,4.0,-2.0,-55.0
1776885168.748103,3.0,0.0,-52.0
1776885168.758103,0.0,-2.0,-52.0
1776885168.7681026,0.0,0.0,-49.0
1776885168.7781026,-5.0,2.0,-49.0
1776885168.7881026,-5.0,2.0,-49.0
1776885168.7981029,0.0,3.0,-47.0
1776885168.8081028,3.0,4.0,-51.0
1776885168.8181028,4.0,2.0,-50.0
1776885168.8281028,0.0,1.0,-48.0
1776885168.8381028,-1.0,0.0,-42.0
1776885168.8481028,1.0,-1.0,-41.0
1776885168.8581028,6.0,-1.0,-34.0
1776885168.8681028,6.0,-4.0,-37.0
1776885168.8781028,6.0,-6.0,-40.0
1776885168.8881028,7.0,-8.0,-41.0
1776885168.8981028,7.0,-5.0,-41.0
1776885168.9081028,0.0,-5.0,-40.0
1776885168.9181027,0.0,-4.0,-40.0
1776885168.9281027,3.0,-3.0,-39.0
1776885168.9381027,7.0,0.0,-39.0
1776885168.9481027,6.0,0.0,-44.0
1776885168.9581027,3.0,-2.0,-49.0
1776885168.9681027,1.0,2.0,-47.0
1776885168.9781027,3.0,1.0,-52.0
1776885168.988103,5.0,0.0,-54.0
1776885168.998103,2.0,-4.0,-48.0
1776885169.008103,0.0,-7.0,-45.0
1776885169.0181026,-2.0,-8.0,-44.0
1776885169.0281026,-3.0,-4.0,-46.0
1776885169.0381026,-2.0,-3.0,-51.0
1776885169.0481029,-1.0,-3.0,-50.0
1776885169.0581028,1.0,0.0,-51.0
1776885169.0681028,6.0,0.0,-41.0
1776885169.0781028,9.0,-1.0,-37.0
1776885169.0881028,13.0,0.0,-38.0
1776885169.0981028,13.0,-1.0,-38.0
1776885169.1081028,11.0,-4.0,-35.0
1776885169.1181028,8.0,-8.0,-37.0
1776885169.1281028,8.0,-6.0,-38.0
1776885169.1381028,5.0,-7.0,-44.0
1776885169.1481028,4.0,-4.0,-43.0
1776885169.1581028,4.0,-4.0,-46.0
1776885169.1681027,5.0,1.0,-42.0
1776885169.1781027,5.0,4.0,-45.0
1776885169.1881027,6.0,6.0,-49.0
1776885169.1981027,6.0,5.0,-49.0
1776885169.2081027,0.0,0.0,-46.0
1776885169.2181027,6.0,-2.0,-43.0
1776885169.2281027,8.0,-6.0,-46.0
1776885169.238103,4.0,-6.0,-51.0
1776885169.248103,1.0,-5.0,-50.0
1776885169.258103,1.0,-6.0,-54.0
1776885169.2681026,-2.0,-1.0,-54.0
1776885169.2781026,-4.0,-3.0,-53.0
1776885169.2881026,-3.0,-5.0,-53.0
1776885169.2981029,3.0,-7.0,-55.0
1776885169.3081028,2.0,-9.0,-52.0
1776885169.3181028,8.0,-8.0,-51.0
1776885169.3281028,10.0,-4.0,-53.0
1776885169.3381028,12.0,-6.0,-53.0
1776885169.3481028,7.0,-7.0,-57.0
1776885169.3581028,4.0,-4.0,-47.0
1776885169.3681028,4.0,-5.0,-47.0
1776885169.3781028,2.0,-4.0,-43.0
1776885169.3881028,3.0,-1.0,-46.0
1776885169.3981028,3.0,-3.0,-41.0
1776885169.4081028,4.0,1.0,-43.0
1776885169.4181027,3.0,3.0,-50.0
1776885169.4281027,-1.0,2.0,-49.0
1776885169.4381027,0.0,3.0,-42.0
1776885169.4481027,3.0,3.0,-40.0
1776885169.4581027,3.0,1.0,-43.0
1776885169.4681027,0.0,-2.0,-42.0
1776885169.4781027,-4.0,-5.0,-37.0
1776885169.488103,-7.0,-4.0,-34.0
1776885169.498103,-6.0,-4.0,-32.0
1776885169.508103,-2.0,-2.0,-38.0
1776885169.5181026,0.0,-6.0,-40.0
1776885169.5281026,-3.0,-6.0,-45.0
1776885169.5381026,0.0,-7.0,-49.0
1776885169.5481029,3.0,-8.0,-46.0
1776885169.5581028,5.0,-7.0,-49.0
1776885169.5681028,4.0,-11.0,-43.0
1776885169.5781028,5.0,-5.0,-47.0
1776885169.5881028,3.0,-7.0,-48.0
1776885169.5981028,-1.0,-3.0,-50.0
1776885169.6081028,-7.0,-1.0,-47.0
1776885169.6181028,-8.0,1.0,-50.0
1776885169.6281028,-9.0,1.0,-48.0
1776885169.6381028,-3.0,3.0,-46.0
1776885169.6481028,-2.0,-1.0,-45.0
1776885169.6581028,-2.0,-3.0,-47.0
1776885169.6681027,2.0,-5.0,-44.0
1776885169.6781027,2.0,-4.0,-42.0
1776885169.6881027,5.0,-4.0,-42.0
1776885169.6981027,5.0,-4.0,-35.0
1776885169.7081027,4.0,0.0,-33.0
1776885169.7181027,1.0,3.0,-35.0
1776885169.7281027,-3.0,2.0,-32.0
1776885169.738103,3.0,3.0,-29.0
1776885169.748103,3.0,0.0,-33.0
1776885169.758103,2.0,0.0,-33.0
1776885169.7681026,2.0,-4.0,-33.0
1776885169.7781026,2.0,-3.0,-39.0
1776885169.7881026,1.0,-6.0,-45.0
1776885169.7981029,1.0,-1.0,-47.0
1776885169.8081028,0.0,0.0,-47.0
1776885169.8181028,0.0,0.0,-43.0
1776885169.8281028,2.0,3.0,-46.0
1776885169.8381028,0.0,1.0,-41.0
1776885169.8481028,-3.0,-1.0,-45.0
1776885169.8581028,-1.0,-2.0,-49.0
1776885169.8681028,3.0,0.0,-47.0
1776885169.8781028,2.0,0.0,-52.0
1776885169.8881028,4.0,-6.0,-46.0
1776885169.8981028,5.0,-2.0,-42.0
1776885169.9081028,6.0,-1.0,-36.0
1776885169.9181027,3.0,-4.0,-34.0
1776885169.9281027,2.0,-5.0,-40.0
1776885169.9381027,3.0,-1.0,-46.0
1776885169.9481027,1.0,-2.0,-52.0
1776885169.9581027,1.0,-2.0,-49.0
1776885169.9681027,2.0,-2.0,-53.0
1776885169.9781027,6.0,0.0,-49.0
1776885169.988103,3.0,-1.0,-51.0
1776885169.998103,4.0,-1.0,-44.0
1776885170.008103,7.0,-3.0,-39.0
1776885170.0181026,8.0,-2.0,-41.0
1776885170.0281026,5.0,-1.0,-46.0
1776885170.0381026,5.0,-2.0,-42.0
1776885170.0481029,1.0,0.0,-44.0
1776885170.0581028,-1.0,-4.0,-50.0
1776885170.0681028,-2.0,-7.0,-51.0
1776885170.0781028,-9.0,-5.0,-46.0
1776885170.0881028,-7.0,-4.0,-44.0
1776885170.0981028,-7.0,-3.0,-51.0
1776885170.1081028,-6.0,0.0,-54.0
1776885170.1181028,-7.0,0.0,-50.0
1776885170.1281028,-3.0,0.0,-49.0
1776885170.1381028,0.0,0.0,-49.0
1776885170.1491027,0.0,-2.0,-51.0
1776885170.159103,0.0,1.0,-49.0
1776885170.169103,0.0,0.0,-52.0
1776885170.179103,0.0,-1.0,-47.0
1776885170.1891026,2.0,-1.0,-49.0
1776885170.1991026,4.0,0.0,-50.0
1776885170.2091026,2.0,-4.0,-52.0
1776885170.2191026,5.0,-6.0,-46.0
1776885170.2291028,7.0,-2.0,-42.0
1776885170.2391028,1.0,-4.0,-33.0
1776885170.2491028,2.0,-1.0,-37.0
1776885170.2591028,-1.0,-3.0,-34.0
1776885170.2691028,-1.0,-2.0,-43.0
1776885170.2791028,-1.0,-2.0,-43.0
1776885170.2891028,-1.0,-4.0,-43.0
1776885170.2991028,1.0,-4.0,-48.0
1776885170.3091028,2.0,-3.0,-43.0
1776885170.3191028,3.0,-5.0,-47.0
1776885170.3291028,0.0,-2.0,-39.0
1776885170.3391027,0.0,-3.0,-42.0
1776885170.3491027,-3.0,-1.0,-43.0
1776885170.3591027,-12.0,2.0,-47.0
1776885170.3691027,-9.0,0.0,-43.0
1776885170.3791027,-11.0,0.0,-46.0
1776885170.3891027,-7.0,2.0,-49.0
1776885170.3991027,-6.0,1.0,-51.0
1776885170.409103,-4.0,3.0,-54.0
1776885170.419103,-1.0,2.0,-46.0
1776885170.429103,1.0,-2.0,-44.0
1776885170.4391026,0.0,-7.0,-46.0
1776885170.4491026,-6.0,-8.0,-47.0
1776885170.4591026,-7.0,-3.0,-50.0
1776885170.4691026,-5.0,-7.0,-45.0
1776885170.4791028,-1.0,-7.0,-54.0
1776885170.4891028,0.0,-3.0,-54.0
1776885170.4991028,0.0,-4.0,-47.0
1776885170.5091028,-1.0,-6.0,-41.0
1776885170.5191028,-1.0,-5.0,-36.0
1776885170.5291028,-4.0,-5.0,-39.0
1776885170.5391028,-1.0,-3.0,-45.0
1776885170.5491028,4.0,-4.0,-49.0
1776885170.5591028,0.0,-10.0,-48.0
1776885170.5691028,2.0,-10.0,-54.0
1776885170.5791028,3.0,-4.0,-57.0
1776885170.5891027,2.0,-4.0,-49.0
1776885170.5991027,-2.0,-4.0,-52.0
1776885170.6091027,-3.0,-4.0,-55.0
1776885170.6191027,-3.0,-5.0,-53.0
1776885170.6291027,0.0,-4.0,-51.0
1776885170.6391027,0.0,1.0,-52.0
1776885170.6491027,3.0,-2.0,-48.0
1776885170.659103,3.0,-2.0,-49.0
1776885170.669103,-3.0,-1.0,-49.0
1776885170.679103,-2.0,-4.0,-49.0
1776885170.6891026,5.0,-5.0,-49.0
1776885170.6991026,8.0,-8.0,-48.0
1776885170.7091026,6.0,-4.0,-51.0
1776885170.7191026,8.0,-5.0,-44.0
1776885170.7291028,10.0,-4.0,-40.0
1776885170.7391028,6.0,-2.0,-41.0
1776885170.7491028,1.0,-1.0,-39.0
1776885170.7591028,-2.0,0.0,-42.0
1776885170.7691028,-2.0,0.0,-44.0
1776885170.7791028,3.0,-1.0,-42.0
1776885170.7891028,2.0,-1.0,-40.0
1776885170.7991028,0.0,0.0,-45.0
1776885170.8091028,1.0,0.0,-40.0
1776885170.8191028,-1.0,0.0,-40.0
1776885170.8291028,1.0,0.0,-42.0
1776885170.8391027,1.0,-2.0,-37.0
1776885170.8491027,0.0,0.0,-32.0
1776885170.8591027,0.0,0.0,-37.0
1776885170.8691027,0.0,0.0,-32.0
1776885170.8791027,-2.0,-3.0,-32.0
1776885170.8891027,0.0,-3.0,-35.0
1776885170.8991027,1.0,-3.0,-36.0
1776885170.909103,2.0,0.0,-37.0
1776885170.919103,5.0,2.0,-41.0
1776885170.929103,2.0,2.0,-36.0
1776885170.9391026,0.0,0.0,-35.0
1776885170.9491026,0.0,0.0,-43.0
1776885170.9591026,1.0,-1.0,-47.0
1776885170.9691026,3.0,1.0,-45.0
1776885170.9791028,3.0,10.0,-48.0
1776885170.9891028,2.0,5.0,-49.0
1776885170.9991028,4.0,4.0,-40.0
1776885171.0091028,1.0,5.0,-33.0
1776885171.0191028,4.0,4.0,-36.0
1776885171.0291028,4.0,4.0,-33.0
1776885171.0391028,0.0,3.0,-36.0
1776885171.0491028,0.0,2.0,-37.0
1776885171.0591028,-1.0,1.0,-45.0
1776885171.0691028,3.0,-5.0,-41.0
1776885171.0791028,0.0,-10.0,-43.0
1776885171.0891027,6.0,-5.0,-37.0
1776885171.0991027,3.0,-2.0,-42.0
1776885171.1091027,3.0,-1.0,-48.0
1776885171.1191027,1.0,-2.0,-44.0
1776885171.1291027,2.0,2.0,-43.0
1776885171.1391027,3.0,0.0,-44.0
1776885171.1491027,2.0,-1.0,-48.0
1776885171.159103,1.0,-6.0,-49.0
1776885171.169103,3.0,-9.0,-45.0
1776885171.179103,2.0,-13.0,-45.0
1776885171.1891026,0.0,-10.0,-42.0
1776885171.1991026,2.0,-5.0,-37.0
1776885171.2091026,3.0,0.0,-39.0
1776885171.2191026,0.0,0.0,-40.0
1776885171.2291028,-3.0,0.0,-42.0
1776885171.2391028,0.0,0.0,-47.0
1776885171.2491028,-4.0,1.0,-51.0
1776885171.2591028,-3.0,2.0,-52.0
1776885171.2691028,-2.0,0.0,-52.0
1776885171.2791028,-3.0,0.0,-45.0
1776885171.2891028,-3.0,1.0,-48.0
1776885171.2991028,-2.0,0.0,-49.0
1776885171.3091028,0.0,-1.0,-55.0
1776885171.3191028,6.0,-4.0,-49.0
1776885171.3291028,8.0,-2.0,-43.0
1776885171.3391027,4.0,-3.0,-44.0
1776885171.3491027,-1.0,-1.0,-42.0
1776885171.3591027,-2.0,-3.0,-42.0
1776885171.3691027,2.0,-2.0,-43.0
1776885171.3791027,2.0,0.0,-46.0
1776885171.3891027,1.0,0.0,-48.0
1776885171.3991027,-1.0,-6.0,-47.0
1776885171.409103,-1.0,-9.0,-44.0
1776885171.419103,0.0,-12.0,-43.0
1776885171.429103,-6.0,-7.0,-45.0
1776885171.4391026,-4.0,-9.0,-46.0
1776885171.4491026,-3.0,-6.0,-46.0
1776885171.4591026,-1.0,-5.0,-44.0
1776885171.4691026,-1.0,-5.0,-47.0
1776885171.4791028,-2.0,-6.0,-44.0
1776885171.4891028,-3.0,-4.0,-49.0
1776885171.4991028,0.0,-2.0,-48.0
1776885171.5091028,3.0,-1.0,-47.0
1776885171.5191028,7.0,0.0,-50.0
1776885171.5291028,8.0,1.0,-54.0
1776885171.5391028,10.0,6.0,-51.0
1776885171.5491028,4.0,7.0,-48.0
1776885171.5591028,3.0,4.0,-43.0
1776885171.5691028,5.0,5.0,-44.0
1776885171.5791028,1.0,6.0,-42.0
1776885171.5891027,-1.0,3.0,-47.0
1776885171.5991027,1.0,-2.0,-43.0
1776885171.6091027,7.0,2.0,-44.0
1776885171.6191027,4.0,0.0,-40.0
1776885171.6291027,-1.0,0.0,-41.0
1776885171.6391027,-1.0,-2.0,-44.0
1776885171.6491027,-2.0,0.0,-48.0
1776885171.659103,-1.0,-1.0,-48.0
1776885171.669103,3.0,0.0,-47.0
1776885171.679103,4.0,0.0,-47.0
1776885171.6891026,2.0,-1.0,-44.0
1776885171.6991026,0.0,-3.0,-47.0
1776885171.7091026,-1.0,-4.0,-47.0
1776885171.7191026,-4.0,-2.0,-46.0
1776885171.7291028,-1.0,-4.0,-49.0
1776885171.7391028,-2.0,-2.0,-43.0
1776885171.7491028,0.0,-1.0,-44.0
1776885171.7591028,3.0,0.0,-43.0
1776885171.7691028,1.0,0.0,-39.0
1776885171.7791028,-4.0,3.0,-38.0
1776885171.7891028,0.0,3.0,-40.0
1776885171.7991028,1.0,4.0,-44.0
1776885171.8091028,0.0,6.0,-46.0
1776885171.8191028,4.0,0.0,-47.0
1776885171.8291028,9.0,3.0,-45.0
1776885171.8391027,11.0,5.0,-48.0
1776885171.8491027,3.0,4.0,-48.0
1776885171.8591027,3.0,4.0,-55.0
1776885171.8691027,-3.0,4.0,-56.0
1776885171.8791027,-4.0,0.0,-51.0
1776885171.8891027,-4.0,1.0,-56.0
1776885171.8991027,-6.0,0.0,-51.0
1776885171.909103,-4.0,-2.0,-46.0
1776885171.919103,0.0,0.0,-44.0
1776885171.929103,0.0,-1.0,-47.0
1776885171.9391026,2.0,-4.0,-40.0
1776885171.9491026,5.0,-3.0,-40.0
1776885171.9591026,6.0,-2.0,-34.0
1776885171.9691026,4.0,-6.0,-36.0
1776885171.9791028,0.0,-9.0,-38.0
1776885171.9891028,0.0,-9.0,-39.0
1776885171.9991028,-5.0,-3.0,-44.0
1776885172.0091028,-3.0,-4.0,-43.0
1776885172.0191028,-2.0,-4.0,-47.0
1776885172.0291028,-3.0,-1.0,-48.0
1776885172.0391028,-4.0,-1.0,-42.0
1776885172.0491028,-2.0,1.0,-42.0
1776885172.0591028,-2.0,1.0,-42.0
1776885172.0691028,-3.0,-1.0,-43.0
1776885172.0791028,0.0,-1.0,-44.0
1776885172.0891027,0.0,-1.0,-50.0
1776885172.0991027,1.0,0.0,-58.0
1776885172.1091027,1.0,0.0,-52.0
1776885172.1191027,-1.0,0.0,-47.0
1776885172.1301026,-1.0,0.0,-51.0
1776885172.1401026,-2.0,-6.0,-45.0
1776885172.1501029,-4.0,-5.0,-38.0
1776885172.1601028,-2.0,-5.0,-37.0
1776885172.1701028,-6.0,-6.0,-45.0
1776885172.1801028,-3.0,-8.0,-41.0
1776885172.1901028,-1.0,-6.0,-35.0
1776885172.2001028,2.0,-5.0,-37.0
1776885172.2101028,0.0,0.0,-36.0
1776885172.2201028,-2.0,1.0,-38.0
1776885172.2301028,-3.0,1.0,-31.0
1776885172.2401028,-3.0,3.0,-34.0
1776885172.2501028,-7.0,5.0,-36.0
1776885172.2601027,-8.0,4.0,-37.0
1776885172.2701027,-3.0,0.0,-31.0
1776885172.2801027,-2.0,-2.0,-28.0
1776885172.2901027,-2.0,-2.0,-42.0
1776885172.3001027,-2.0,-1.0,-43.0
1776885172.3101027,-1.0,-1.0,-44.0
1776885172.3201027,-4.0,0.0,-43.0
1776885172.3301027,-5.0,0.0,-45.0
1776885172.340103,-4.0,-1.0,-43.0
1776885172.350103,-7.0,-1.0,-39.0
1776885172.360103,-6.0,-4.0,-40.0
1776885172.3701026,-6.0,-1.0,-39.0
1776885172.3801026,-6.0,-3.0,-44.0
1776885172.3901026,-7.0,0.0,-49.0
1776885172.4001029,-1.0,0.0,-47.0
1776885172.4101028,3.0,-2.0,-52.0
1776885172.4201028,7.0,-7.0,-50.0
1776885172.4301028,8.0,-5.0,-47.0
1776885172.4401028,8.0,-3.0,-51.0
1776885172.4501028,6.0,-5.0,-53.0
1776885172.4601028,3.0,-8.0,-54.0
1776885172.4701028,1.0,-8.0,-56.0
1776885172.4801028,0.0,-6.0,-60.0
1776885172.4901028,0.0,-2.0,-57.0
1776885172.5001028,2.0,-1.0,-53.0
1776885172.5101027,0.0,0.0,-53.0
1776885172.5201027,1.0,-3.0,-53.0
1776885172.5301027,0.0,-6.0,-53.0
1776885172.5401027,2.0,-3.0,-60.0
1776885172.5501027,0.0,-4.0,-58.0
1776885172.5601027,-2.0,-2.0,-62.0
1776885172.5701027,-2.0,1.0,-55.0
1776885172.5801027,-4.0,1.0,-52.0
1776885172.590103,-1.0,3.0,-47.0
1776885172.600103,1.0,3.0,-41.0
1776885172.610103,3.0,2.0,-41.0
1776885172.6201026,4.0,1.0,-47.0
1776885172.6301026,6.0,2.0,-51.0
1776885172.6401026,5.0,0.0,-47.0
1776885172.6501029,5.0,0.0,-50.0
1776885172.6601028,3.0,-2.0,-53.0
1776885172.6701028,2.0,-1.0,-55.0
1776885172.6801028,0.0,-3.0,-59.0
1776885172.6901028,-3.0,-3.0,-59.0
1776885172.7001028,0.0,-5.0,-57.0
1776885172.7101028,-1.0,-4.0,-56.0
1776885172.7201028,0.0,-1.0,-52.0
1776885172.7301028,0.0,-7.0,-41.0
1776885172.7401028,-2.0,-2.0,-38.0
1776885172.7501028,0.0,-1.0,-39.0
1776885172.7601027,-2.0,-2.0,-42.0
1776885172.7701027,-3.0,0.0,-33.0
1776885172.7801027,0.0,-2.0,-33.0
1776885172.7901027,2.0,-3.0,-34.0
1776885172.8001027,0.0,-2.0,-34.0
1776885172.8101027,3.0,0.0,-37.0
1776885172.8201027,2.0,-3.0,-40.0
1776885172.8301027,2.0,-6.0,-43.0
1776885172.840103,0.0,-1.0,-41.0
1776885172.850103,0.0,0.0,-43.0
1776885172.860103,0.0,-2.0,-42.0
1776885172.8701026,0.0,-4.0,-41.0
1776885172.8801026,0.0,-2.0,-45.0
1776885172.8901026,-4.0,-1.0,-49.0
1776885172.9001029,-1.0,-2.0,-49.0
1776885172.9101028,-2.0,-6.0,-46.0
1776885172.9201028,-5.0,-5.0,-49.0
1776885172.9301028,-2.0,-6.0,-50.0
1776885172.9401028,0.0,-4.0,-55.0
1776885172.9501028,2.0,-3.0,-52.0
1776885172.9601028,0.0,-4.0,-50.0
1776885172.9701028,2.0,-2.0,-48.0
1776885172.9801028,0.0,-3.0,-47.0
1776885172.9901028,2.0,-2.0,-44.0
1776885173.0001028,6.0,2.0,-39.0
1776885173.0101027,4.0,4.0,-40.0
1776885173.0201027,8.0,1.0,-39.0
1776885173.0301027,10.0,0.0,-39.0
1776885173.0401027,8.0,0.0,-41.0
1776885173.0501027,6.0,0.0,-45.0
1776885173.0601027,7.0,0.0,-43.0
1776885173.0701027,3.0,2.0,-49.0
1776885173.0801027,0.0,-3.0,-49.0
1776885173.090103,0.0,-8.0,-49.0
1776885173.100103,3.0,-7.0,-51.0
1776885173.110103,3.0,-6.0,-44.0
1776885173.1201026,4.0,-8.0,-46.0
1776885173.1301026,-2.0,-7.0,-42.0
1776885173.1401026,-6.0,-6.0,-48.0
1776885173.1501029,-5.0,-6.0,-45.0
1776885173.1601028,-6.0,-4.0,-44.0
1776885173.1701028,-10.0,-4.0,-41.0
1776885173.1801028,-6.0,-1.0,-42.0
1776885173.1901028,-4.0,0.0,-46.0
1776885173.2001028,-4.0,-3.0,-48.0
1776885173.2101028,-2.0,-3.0,-52.0
1776885173.2201028,0.0,-1.0,-48.0
1776885173.2301028,1.0,-1.0,-53.0
1776885173.2401028,-6.0,-5.0,-53.0
1776885173.2501028,-7.0,-2.0,-53.0
1776885173.2601027,-3.0,-3.0,-55.0
1776885173.2701027,-1.0,-3.0,-48.0
1776885173.2801027,-3.0,-1.0,-39.0
1776885173.2901027,-4.0,4.0,-37.0
1776885173.3001027,-3.0,5.0,-30.0
1776885173.3101027,0.0,0.0,-36.0
1776885173.3201027,-2.0,-2.0,-38.0
1776885173.3301027,0.0,0.0,-40.0
1776885173.340103,0.0,-1.0,-44.0
1776885173.350103,1.0,-1.0,-49.0
1776885173.360103,3.0,-3.0,-45.0
1776885173.3701026,2.0,1.0,-47.0
1776885173.3801026,0.0,0.0,-45.0
1776885173.3901026,-1.0,0.0,-43.0
1776885173.4001029,-5.0,4.0,-44.0
1776885173.4101028,-7.0,4.0,-35.0
1776885173.4201028,-3.0,4.0,-40.0
1776885173.4301028,-4.0,1.0,-34.0
1776885173.4401028,-6.0,7.0,-35.0
1776885173.4501028,-6.0,3.0,-39.0
1776885173.4601028,-2.0,-2.0,-42.0
1776885173.4701028,-2.0,-2.0,-45.0
1776885173.4801028,2.0,-2.0,-44.0
1776885173.4901028,1.0,0.0,-47.0
1776885173.5001028,5.0,2.0,-37.0
1776885173.5101027,9.0,-2.0,-38.0
1776885173.5201027,8.0,-3.0,-39.0
1776885173.5301027,3.0,2.0,-39.0
1776885173.5401027,0.0,0.0,-42.0
1776885173.5501027,-1.0,-2.0,-43.0
1776885173.5601027,0.0,-2.0,-46.0
1776885173.5701027,0.0,-1.0,-47.0
1776885173.5801027,0.0,1.0,-49.0
1776885173.590103,-2.0,3.0,-44.0
1776885173.600103,-2.0,5.0,-46.0
1776885173.610103,-8.0,5.0,-43.0
1776885173.6201026,-7.0,5.0,-35.0
1776885173.6301026,-4.0,3.0,-30.0
1776885173.6401026,-1.0,0.0,-35.0
1776885173.6501029,0.0,-2.0,-42.0
1776885173.6601028,1.0,-2.0,-43.0
1776885173.6701028,7.0,-4.0,-52.0
1776885173.6801028,9.0,0.0,-51.0
1776885173.6901028,10.0,-4.0,-51.0
1776885173.7001028,5.0,-7.0,-49.0
1776885173.7101028,2.0,-5.0,-57.0
1776885173.7201028,3.0,-4.0,-60.0
1776885173.7301028,0.0,-3.0,-58.0
1776885173.7401028,-2.0,-5.0,-53.0
1776885173.7501028,-3.0,-3.0,-49.0
1776885173.7601027,0.0,-3.0,-38.0
1776885173.7701027,-3.0,-6.0,-38.0
1776885173.7801027,0.0,-9.0,-36.0
1776885173.7901027,1.0,-9.0,-39.0
1776885173.8001027,5.0,-2.0,-43.0
1776885173.8101027,9.0,-5.0,-47.0
1776885173.8201027,8.0,-9.0,-54.0
1776885173.8301027,7.0,-10.0,-49.0
1776885173.840103,5.0,-8.0,-53.0
1776885173.850103,3.0,-3.0,-45.0
1776885173.860103,6.0,-5.0,-45.0
1776885173.8701026,2.0,-4.0,-47.0
1776885173.8801026,0.0,-3.0,-46.0
1776885173.8901026,0.0,-1.0,-50.0
1776885173.9001029,1.0,-1.0,-44.0
1776885173.9101028,-3.0,1.0,-33.0
1776885173.9201028,0.0,2.0,-35.0
1776885173.9301028,2.0,2.0,-40.0
1776885173.9401028,4.0,4.0,-46.0
1776885173.9501028,7.0,3.0,-47.0
1776885173.9601028,6.0,5.0,-48.0
1776885173.9701028,2.0,3.0,-44.0
1776885173.9801028,7.0,3.0,-44.0
1776885173.9901028,8.0,0.0,-43.0
1776885174.0001028,5.0,-4.0,-43.0
1776885174.0101027,1.0,-2.0,-40.0
1776885174.0201027,-3.0,-3.0,-40.0
1776885174.0301027,0.0,-4.0,-43.0
1776885174.0401027,-3.0,-5.0,-49.0
1776885174.0501027,-4.0,-4.0,-49.0
1776885174.0601027,-6.0,0.0,-50.0
1776885174.0711029,-5.0,1.0,-58.0
1776885174.0801027,-2.0,0.0,-53.0
1776885174.0911028,0.0,0.0,-51.0
1776885174.1011028,1.0,0.0,-51.0
1776885174.1111028,0.0,0.0,-44.0
1776885174.1211028,-2.0,0.0,-44.0
1776885174.1311028,2.0,-2.0,-45.0
1776885174.1411028,4.0,-4.0,-44.0
1776885174.1511028,8.0,-4.0,-49.0
1776885174.1611028,8.0,-3.0,-51.0
1776885174.1711028,4.0,-7.0,-49.0
1776885174.1811028,-2.0,-5.0,-47.0
1776885174.1911027,-3.0,-5.0,-45.0
1776885174.2011027,2.0,-4.0,-40.0
1776885174.2111027,5.0,-8.0,-42.0
1776885174.2211027,0.0,-5.0,-42.0
1776885174.2311027,-1.0,-4.0,-42.0
1776885174.2411027,0.0,-8.0,-36.0
1776885174.2511027,-2.0,-8.0,-36.0
1776885174.261103,0.0,-7.0,-34.0
1776885174.271103,0.0,-2.0,-39.0
1776885174.281103,2.0,-5.0,-43.0
1776885174.2911026,4.0,-9.0,-42.0
1776885174.3011026,0.0,-9.0,-43.0
1776885174.3111026,-5.0,-5.0,-40.0
1776885174.3211029,-1.0,-1.0,-44.0
1776885174.3311028,3.0,2.0,-37.0
1776885174.3411028,4.0,2.0,-41.0
1776885174.3511028,5.0,5.0,-40.0
1776885174.3611028,0.0,2.0,-46.0
1776885174.3711028,-2.0,-1.0,-46.0
1776885174.3811028,-3.0,-3.0,-46.0
1776885174.3911028,-2.0,-1.0,-47.0
1776885174.4011028,0.0,1.0,-50.0
1776885174.4111028,0.0,0.0,-53.0
1776885174.4211028,-2.0,1.0,-49.0
1776885174.4311028,-1.0,-1.0,-44.0
1776885174.4411027,-4.0,3.0,-40.0
1776885174.4511027,-9.0,1.0,-38.0
1776885174.4611027,-8.0,3.0,-32.0
1776885174.4711027,-5.0,0.0,-41.0
1776885174.4811027,-3.0,1.0,-44.0
1776885174.4911027,-6.0,-6.0,-41.0
1776885174.5011027,-5.0,-2.0,-42.0
1776885174.511103,-4.0,-4.0,-35.0
1776885174.521103,3.0,-1.0,-36.0
1776885174.531103,1.0,1.0,-41.0
1776885174.5411026,3.0,1.0,-52.0
1776885174.5511026,7.0,1.0,-52.0
1776885174.5611026,12.0,0.0,-43.0
1776885174.5711029,13.0,-2.0,-37.0
1776885174.5811028,10.0,1.0,-37.0
1776885174.5911028,11.0,0.0,-38.0
1776885174.6011028,3.0,-2.0,-42.0
1776885174.6111028,6.0,-4.0,-47.0
1776885174.6211028,8.0,-4.0,-46.0
1776885174.6311028,8.0,-3.0,-40.0
1776885174.6411028,6.0,-3.0,-45.0
1776885174.6511028,2.0,-4.0,-44.0
1776885174.6611028,0.0,-4.0,-40.0
1776885174.6711028,0.0,-3.0,-32.0
1776885174.6811028,-2.0,0.0,-37.0
1776885174.6911027,-3.0,-2.0,-42.0
1776885174.7011027,-8.0,-5.0,-42.0
1776885174.7111027,-6.0,-8.0,-37.0
1776885174.7211027,-5.0,-10.0,-31.0
1776885174.7311027,0.0,-8.0,-27.0
1776885174.7411027,2.0,-8.0,-31.0
1776885174.7511027,2.0,-5.0,-35.0
1776885174.761103,6.0,-4.0,-35.0
1776885174.771103,5.0,-2.0,-33.0
1776885174.781103,1.0,2.0,-35.0
1776885174.7911026,4.0,0.0,-39.0
1776885174.8011026,4.0,1.0,-37.0
1776885174.8111026,1.0,-3.0,-34.0
1776885174.8211029,0.0,-5.0,-37.0
1776885174.8311028,-1.0,-5.0,-42.0
1776885174.8411028,1.0,-1.0,-52.0
1776885174.8511028,2.0,2.0,-54.0
1776885174.8611028,7.0,6.0,-53.0
1776885174.8711028,8.0,7.0,-51.0
1776885174.8811028,7.0,3.0,-48.0
1776885174.8911028,7.0,1.0,-46.0
1776885174.9011028,8.0,-2.0,-47.0
1776885174.9111028,5.0,-1.0,-47.0
1776885174.9211028,0.0,-1.0,-41.0
1776885174.9311028,0.0,3.0,-44.0
1776885174.9411027,0.0,4.0,-39.0
1776885174.9511027,0.0,3.0,-40.0
1776885174.9611027,0.0,5.0,-45.0
1776885174.9711027,-2.0,1.0,-42.0
1776885174.9811027,-2.0,-1.0,-46.0
1776885174.9911027,2.0,0.0,-49.0
1776885175.0011027,0.0,3.0,-57.0
1776885175.011103,1.0,4.0,-56.0
1776885175.021103,-1.0,0.0,-58.0
1776885175.031103,-1.0,-2.0,-53.0
1776885175.0411026,0.0,-2.0,-53.0
1776885175.0511026,0.0,-5.0,-50.0
1776885175.0611026,0.0,-7.0,-41.0
1776885175.0711029,-2.0,-9.0,-46.0
1776885175.0811028,-1.0,-9.0,-43.0
1776885175.0911028,-2.0,-10.0,-40.0
1776885175.1011028,-3.0,-13.0,-46.0
1776885175.1111028,-4.0,-12.0,-52.0
1776885175.1211028,-5.0,-10.0,-53.0
1776885175.1311028,-1.0,-9.0,-45.0
1776885175.1411028,-3.0,-10.0,-44.0
1776885175.1511028,-2.0,-6.0,-43.0
1776885175.1611028,1.0,-4.0,-47.0
1776885175.1711028,2.0,-2.0,-47.0
1776885175.1811028,3.0,-1.0,-47.0
1776885175.1911027,3.0,-3.0,-44.0
1776885175.2011027,4.0,0.0,-51.0
1776885175.2111027,-1.0,-2.0,-53.0
1776885175.2211027,-5.0,-6.0,-50.0
1776885175.2311027,-2.0,-10.0,-49.0
1776885175.2411027,2.0,-6.0,-48.0
1776885175.2511027,5.0,0.0,-50.0
1776885175.261103,9.0,0.0,-54.0
1776885175.271103,7.0,1.0,-53.0
1776885175.281103,7.0,-2.0,-51.0
1776885175.2911026,7.0,-1.0,-51.0
1776885175.3011026,6.0,-2.0,-49.0
1776885175.3111026,2.0,-3.0,-47.0
1776885175.3211029,2.0,-3.0,-51.0
1776885175.3311028,2.0,-1.0,-57.0
1776885175.3411028,8.0,0.0,-62.0
1776885175.3511028,7.0,4.0,-56.0
1776885175.3611028,7.0,-1.0,-49.0
1776885175.3711028,6.0,-1.0,-42.0
1776885175.3811028,5.0,0.0,-45.0
1776885175.3911028,5.0,2.0,-49.0
1776885175.4011028,5.0,1.0,-51.0
1776885175.4111028,0.0,-3.0,-48.0
1776885175.4211028,4.0,-5.0,-47.0
1776885175.4311028,5.0,-2.0,-42.0
1776885175.4411027,0.0,0.0,-41.0
1776885175.4511027,0.0,2.0,-47.0
1776885175.4611027,-6.0,0.0,-42.0
1776885175.4711027,-1.0,-2.0,-44.0
1776885175.4811027,-3.0,-3.0,-45.0
1776885175.4911027,-3.0,0.0,-45.0
1776885175.5011027,2.0,-3.0,-43.0
1776885175.511103,3.0,0.0,-49.0
1776885175.521103,3.0,-1.0,-50.0
1776885175.531103,0.0,-4.0,-51.0
1776885175.5411026,4.0,-7.0,-50.0
1776885175.5511026,6.0,-4.0,-54.0
1776885175.5611026,5.0,-4.0,-46.0
1776885175.5711029,8.0,-5.0,-45.0
1776885175.5811028,3.0,-4.0,-45.0
1776885175.5911028,5.0,-6.0,-52.0
1776885175.6011028,8.0,-2.0,-51.0
1776885175.6111028,3.0,-3.0,-48.0
1776885175.6211028,5.0,-2.0,-40.0
1776885175.6311028,5.0,0.0,-36.0
1776885175.6411028,6.0,-1.0,-40.0
1776885175.6511028,4.0,-1.0,-44.0
1776885175.6611028,3.0,-1.0,-44.0
1776885175.6711028,6.0,-3.0,-43.0
1776885175.6811028,3.0,-4.0,-49.0
1776885175.6911027,1.0,-3.0,-48.0
1776885175.7011027,1.0,0.0,-44.0
1776885175.7111027,2.0,-5.0,-43.0
1776885175.7211027,-1.0,-6.0,-44.0
1776885175.7311027,0.0,-5.0,-44.0
1776885175.7411027,-4.0,-5.0,-43.0
1776885175.7511027,-1.0,-1.0,-47.0
1776885175.761103,-1.0,-1.0,-49.0
1776885175.771103,2.0,0.0,-55.0
1776885175.781103,6.0,1.0,-55.0
1776885175.7911026,2.0,-1.0,-59.0
1776885175.8011026,6.0,-2.0,-53.0
1776885175.8111026,6.0,-2.0,-52.0
1776885175.8211029,7.0,-3.0,-46.0
1776885175.8311028,5.0,-4.0,-47.0
1776885175.8411028,4.0,-6.0,-57.0
1776885175.8511028,3.0,-5.0,-50.0
1776885175.8611028,2.0,-3.0,-53.0
1776885175.8711028,4.0,-4.0,-56.0
1776885175.8811028,0.0,-5.0,-56.0
1776885175.8911028,-2.0,-3.0,-50.0
1776885175.9011028,0.0,-3.0,-49.0
1776885175.9111028,1.0,-4.0,-57.0
1776885175.9211028,0.0,-3.0,-57.0
1776885175.9311028,-1.0,-5.0,-53.0
1776885175.9411027,-3.0,0.0,-51.0
1776885175.9511027,-4.0,-1.0,-49.0
1776885175.9611027,0.0,0.0,-49.0
1776885175.9711027,3.0,1.0,-43.0
1776885175.9811027,5.0,-3.0,-52.0
1776885175.9911027,0.0,-7.0,-49.0
1776885176.0011027,0.0,-11.0,-41.0
1776885176.011103,3.0,-9.0,-41.0
1776885176.021103,0.0,-7.0,-43.0
1776885176.031103,3.0,-5.0,-43.0
1776885176.0411026,1.0,-6.0,-49.0
1776885176.0521028,3.0,-4.0,-54.0
1776885176.0611026,4.0,2.0,-52.0
1776885176.0711029,5.0,2.0,-53.0
1776885176.0811028,9.0,1.0,-55.0
1776885176.0921028,10.0,1.0,-47.0
1776885176.1021028,9.0,0.0,-43.0
1776885176.1121027,11.0,0.0,-48.0
1776885176.1221027,7.0,3.0,-53.0
1776885176.1321027,2.0,2.0,-55.0
1776885176.1421027,2.0,-1.0,-57.0
1776885176.1521027,0.0,-3.0,-56.0
1776885176.1621027,0.0,-1.0,-49.0
1776885176.1721027,-2.0,-1.0,-52.0
1776885176.182103,-3.0,2.0,-54.0
1776885176.192103,-4.0,0.0,-54.0
1776885176.202103,-8.0,0.0,-54.0
1776885176.212103,-1.0,-4.0,-53.0
1776885176.2221026,-2.0,-1.0,-59.0
1776885176.2321026,-4.0,-4.0,-51.0
1776885176.2421026,-6.0,-4.0,-44.0
1776885176.2521029,-5.0,-2.0,-38.0
1776885176.2621028,-4.0,-3.0,-42.0
1776885176.2721028,-1.0,-4.0,-38.0
1776885176.2821028,-1.0,-4.0,-38.0
1776885176.2921028,0.0,-5.0,-39.0
1776885176.3021028,0.0,-2.0,-35.0
1776885176.3121028,2.0,-4.0,-41.0
1776885176.3221028,3.0,-5.0,-40.0
1776885176.3321028,0.0,-4.0,-40.0
1776885176.3421028,2.0,-1.0,-40.0
1776885176.3521028,0.0,0.0,-38.0
1776885176.3621027,1.0,-1.0,-30.0
1776885176.3721027,0.0,-2.0,-30.0
1776885176.3821027,2.0,-6.0,-39.0
1776885176.3921027,0.0,-6.0,-40.0
1776885176.4021027,-4.0,-8.0,-38.0
1776885176.4121027,-5.0,-5.0,-40.0
1776885176.4221027,-5.0,-5.0,-50.0
1776885176.432103,-3.0,-5.0,-56.0
1776885176.442103,1.0,-4.0,-55.0
1776885176.452103,-3.0,-3.0,-52.0
1776885176.462103,-1.0,-4.0,-56.0
1776885176.4721026,-1.0,-10.0,-49.0
1776885176.4821026,-1.0,-8.0,-48.0
1776885176.4921026,0.0,-9.0,-49.0
1776885176.5021029,0.0,-8.0,-46.0
1776885176.5121028,0.0,-8.0,-48.0
1776885176.5221028,5.0,-3.0,-47.0
1776885176.5321028,6.0,-5.0,-51.0
1776885176.5421028,7.0,0.0,-52.0
1776885176.5521028,7.0,0.0,-51.0
1776885176.5621028,6.0,0.0,-43.0
1776885176.5721028,2.0,-4.0,-43.0
1776885176.5821028,6.0,-2.0,-41.0
1776885176.5921028,5.0,-2.0,-38.0
1776885176.6021028,0.0,-6.0,-33.0
1776885176.6121027,-3.0,-7.0,-34.0
1776885176.6221027,0.0,-8.0,-35.0
1776885176.6321027,2.0,-7.0,-36.0
1776885176.6421027,3.0,-1.0,-34.0
1776885176.6521027,3.0,0.0,-43.0
1776885176.6621027,1.0,4.0,-47.0
1776885176.6721027,-1.0,2.0,-51.0
1776885176.682103,0.0,2.0,-51.0
1776885176.692103,8.0,0.0,-56.0
1776885176.702103,14.0,0.0,-53.0
1776885176.712103,10.0,-4.0,-43.0
1776885176.7221026,5.0,0.0,-41.0
1776885176.7321026,2.0,-1.0,-46.0
1776885176.7421026,4.0,0.0,-43.0
1776885176.7521029,1.0,-4.0,-42.0
1776885176.7621028,2.0,-4.0,-40.0
1776885176.7721028,0.0,-2.0,-41.0
1776885176.7821028,-1.0,-1.0,-38.0
1776885176.7921028,-2.0,0.0,-35.0
1776885176.8021028,0.0,-1.0,-34.0
1776885176.8121028,4.0,-3.0,-28.0
1776885176.8221028,1.0,0.0,-31.0
1776885176.8321028,0.0,-2.0,-30.0
1776885176.8421028,-2.0,-6.0,-29.0
1776885176.8521028,0.0,-5.0,-36.0
1776885176.8621027,0.0,-3.0,-35.0
1776885176.8721027,2.0,0.0,-39.0
1776885176.8821027,2.0,0.0,-43.0
1776885176.8921027,-2.0,4.0,-38.0
1776885176.9021027,-4.0,2.0,-40.0
1776885176.9121027,-6.0,2.0,-42.0
1776885176.9221027,0.0,2.0,-47.0
1776885176.932103,2.0,0.0,-44.0
1776885176.942103,5.0,-3.0,-46.0
1776885176.952103,0.0,-2.0,-45.0
1776885176.962103,-5.0,-2.0,-40.0
1776885176.9721026,-2.0,1.0,-43.0
1776885176.9821026,-4.0,4.0,-42.0
1776885176.9921026,0.0,3.0,-42.0
1776885177.0021029,4.0,0.0,-54.0
1776885177.0121028,0.0,0.0,-55.0
1776885177.0221028,0.0,0.0,-54.0
1776885177.0321028,3.0,-1.0,-48.0
1776885177.0421028,6.0,-4.0,-48.0
1776885177.0521028,3.0,-2.0,-52.0
1776885177.0621028,1.0,-3.0,-44.0
1776885177.0721028,0.0,-1.0,-42.0
1776885177.0821028,2.0,0.0,-45.0
1776885177.0921028,4.0,0.0,-48.0
1776885177.1021028,4.0,-1.0,-44.0
1776885177.1121027,1.0,-2.0,-47.0
1776885177.1221027,0.0,-5.0,-52.0
1776885177.1321027,3.0,-5.0,-52.0
1776885177.1421027,4.0,2.0,-54.0
1776885177.1521027,0.0,2.0,-46.0
1776885177.1621027,-2.0,2.0,-42.0
1776885177.1721027,-2.0,1.0,-48.0
1776885177.182103,0.0,3.0,-56.0
1776885177.192103,-1.0,1.0,-60.0
1776885177.202103,-2.0,-2.0,-61.0
1776885177.212103,-2.0,-6.0,-61.0
1776885177.2221026,-2.0,-5.0,-57.0
1776885177.2321026,0.0,-1.0,-57.0
1776885177.2421026,2.0,-3.0,-58.0
1776885177.2521029,4.0,-1.0,-55.0
1776885177.2621028,4.0,-2.0,-56.0
1776885177.2721028,1.0,-1.0,-53.0
1776885177.2821028,0.0,-3.0,-46.0
1776885177.2921028,-1.0,-5.0,-53.0
1776885177.3021028,1.0,-2.0,-51.0
1776885177.3121028,0.0,0.0,-50.0
1776885177.3221028,0.0,1.0,-54.0
1776885177.3321028,-5.0,5.0,-56.0
1776885177.3421028,-3.0,8.0,-57.0
1776885177.3521028,0.0,11.0,-54.0
1776885177.3621027,-2.0,11.0,-56.0
1776885177.3721027,1.0,13.0,-59.0
1776885177.3821027,2.0,11.0,-54.0
1776885177.3921027,3.0,7.0,-54.0
1776885177.4021027,2.0,0.0,-49.0
1776885177.4121027,3.0,2.0,-46.0
1776885177.4221027,1.0,2.0,-42.0
1776885177.432103,5.0,1.0,-42.0
1776885177.442103,-1.0,0.0,-36.0
1776885177.452103,3.0,-2.0,-40.0
1776885177.462103,4.0,-1.0,-43.0
1776885177.4721026,2.0,0.0,-44.0
1776885177.4821026,0.0,1.0,-45.0
1776885177.4921026,3.0,-1.0,-47.0
1776885177.5021029,7.0,0.0,-47.0
1776885177.5121028,3.0,-2.0,-48.0
1776885177.5221028,0.0,1.0,-46.0
1776885177.5321028,1.0,-2.0,-41.0
1776885177.5421028,4.0,-5.0,-44.0
1776885177.5521028,0.0,-3.0,-41.0
1776885177.5621028,-2.0,-5.0,-37.0
1776885177.5721028,-3.0,-6.0,-34.0
1776885177.5821028,0.0,-6.0,-35.0
1776885177.5921028,2.0,-5.0,-35.0
1776885177.6021028,1.0,-1.0,-33.0
1776885177.6121027,1.0,0.0,-37.0
1776885177.6221027,-3.0,0.0,-41.0
1776885177.6321027,-4.0,0.0,-43.0
1776885177.6421027,-9.0,0.0,-42.0
1776885177.6521027,-7.0,-4.0,-48.0
1776885177.6621027,-2.0,-5.0,-41.0
1776885177.6721027,-2.0,0.0,-44.0
1776885177.682103,-3.0,0.0,-43.0
1776885177.692103,-2.0,1.0,-41.0
1776885177.702103,-1.0,1.0,-39.0
1776885177.712103,-1.0,0.0,-41.0
1776885177.7221026,-2.0,-3.0,-48.0
1776885177.7321026,-3.0,-4.0,-53.0
1776885177.7421026,0.0,-1.0,-48.0
1776885177.7521029,1.0,-2.0,-49.0
1776885177.7621028,0.0,-2.0,-45.0
1776885177.7721028,1.0,1.0,-44.0
1776885177.7821028,0.0,2.0,-45.0
1776885177.7921028,0.0,2.0,-45.0
1776885177.8021028,0.0,3.0,-42.0
1776885177.8121028,3.0,2.0,-43.0
1776885177.8221028,4.0,2.0,-47.0
1776885177.8321028,5.0,1.0,-54.0
1776885177.8421028,2.0,1.0,-52.0
1776885177.8521028,1.0,1.0,-58.0
1776885177.8621027,-1.0,5.0,-61.0
1776885177.8721027,0.0,5.0,-55.0
1776885177.8821027,2.0,5.0,-51.0
1776885177.8921027,-2.0,3.0,-52.0
1776885177.9021027,-4.0,3.0,-51.0
1776885177.9121027,-4.0,-4.0,-54.0
1776885177.9221027,0.0,-5.0,-50.0
1776885177.932103,0.0,-5.0,-51.0
1776885177.942103,-1.0,-4.0,-50.0
1776885177.952103,0.0,-6.0,-47.0
1776885177.962103,0.0,-3.0,-52.0
1776885177.9721026,4.0,-8.0,-50.0
1776885177.9821026,3.0,-8.0,-44.0
1776885177.9921026,0.0,-10.0,-41.0
1776885178.0021029,-1.0,-10.0,-48.0
1776885178.0121028,-2.0,-5.0,-50.0
1776885178.0231028,3.0,-5.0,-52.0
1776885178.0321028,2.0,-4.0,-53.0
1776885178.0431027,3.0,-1.0,-55.0
1776885178.0531027,3.0,3.0,-47.0
1776885178.0631027,0.0,0.0,-50.0
1776885178.0731027,-4.0,-4.0,-53.0
1776885178.0831027,-5.0,-6.0,-52.0
1776885178.0931027,0.0,-5.0,-55.0
1776885178.1031027,0.0,-3.0,-54.0
1776885178.113103,0.0,-7.0,-51.0
1776885178.123103,0.0,-9.0,-50.0
1776885178.133103,3.0,-7.0,-45.0
1776885178.1431026,0.0,-5.0,-40.0
1776885178.1531026,1.0,-5.0,-34.0
1776885178.1631026,7.0,-6.0,-29.0
1776885178.1731029,4.0,-8.0,-39.0
1776885178.1831028,4.0,-7.0,-38.0
1776885178.1931028,1.0,-3.0,-44.0
1776885178.2031028,2.0,-2.0,-47.0
1776885178.2131028,-1.0,-4.0,-48.0
1776885178.2231028,0.0,-2.0,-43.0
1776885178.2331028,-2.0,0.0,-44.0
1776885178.2431028,-1.0,-3.0,-38.0
1776885178.2531028,0.0,-3.0,-36.0
1776885178.2631028,1.0,-3.0,-39.0
1776885178.2731028,2.0,-4.0,-41.0
1776885178.2831028,1.0,-1.0,-45.0
1776885178.2931027,-1.0,-1.0,-47.0
1776885178.3031027,-2.0,0.0,-50.0
1776885178.3131027,-2.0,-2.0,-47.0
1776885178.3231027,-3.0,0.0,-54.0
1776885178.3331027,-4.0,-2.0,-51.0
1776885178.3431027,-3.0,-5.0,-49.0
1776885178.3531027,-1.0,-5.0,-46.0
1776885178.363103,-1.0,-6.0,-42.0
1776885178.373103,-2.0,-9.0,-48.0
1776885178.383103,-2.0,-4.0,-46.0
1776885178.3931026,-2.0,-4.0,-42.0
1776885178.4031026,0.0,-6.0,-39.0
1776885178.4131026,-2.0,-4.0,-39.0
1776885178.4231029,-3.0,-4.0,-40.0
1776885178.4331028,-2.0,-4.0,-33.0
1776885178.4431028,1.0,-1.0,-37.0
1776885178.4531028,-1.0,-3.0,-37.0
1776885178.4631028,-1.0,-1.0,-40.0
1776885178.4731028,5.0,0.0,-42.0
1776885178.4831028,3.0,0.0,-42.0
1776885178.4931028,2.0,-1.0,-41.0
1776885178.5031028,0.0,-6.0,-39.0
1776885178.5131028,0.0,-8.0,-40.0
1776885178.5231028,-1.0,-7.0,-38.0
1776885178.5331028,3.0,-3.0,-35.0
1776885178.5431027,3.0,-1.0,-43.0
1776885178.5531027,8.0,-2.0,-42.0
1776885178.5631027,9.0,-1.0,-40.0
1776885178.5731027,6.0,-4.0,-39.0
1776885178.5831027,6.0,-6.0,-38.0
1776885178.5931027,7.0,-3.0,-43.0
1776885178.6031027,6.0,0.0,-46.0
1776885178.613103,6.0,-4.0,-42.0
1776885178.623103,3.0,-1.0,-33.0
1776885178.633103,2.0,-2.0,-33.0
1776885178.6431026,1.0,-4.0,-39.0
1776885178.6531026,0.0,-7.0,-45.0
1776885178.6631026,-4.0,-7.0,-45.0
1776885178.6731029,-2.0,-2.0,-43.0
1776885178.6831028,2.0,-4.0,-36.0
1776885178.6931028,5.0,-3.0,-46.0
1776885178.7031028,6.0,-2.0,-45.0
1776885178.7131028,6.0,-3.0,-43.0
1776885178.7231028,1.0,-6.0,-43.0
1776885178.7331028,1.0,0.0,-40.0
1776885178.7431028,0.0,-5.0,-40.0
1776885178.7531028,-2.0,-8.0,-41.0
1776885178.7631028,-6.0,-5.0,-38.0
1776885178.7731028,-2.0,-7.0,-32.0
1776885178.7831028,1.0,-6.0,-30.0
1776885178.7931027,3.0,-2.0,-34.0
1776885178.8031027,4.0,-4.0,-30.0
1776885178.8131027,0.0,-7.0,-32.0
1776885178.8231027,-1.0,-5.0,-27.0
1776885178.8331027,0.0,-2.0,-34.0
1776885178.8431027,1.0,-1.0,-32.0
1776885178.8531027,0.0,-3.0,-35.0
1776885178.863103,1.0,-3.0,-36.0
1776885178.873103,0.0,-2.0,-36.0
1776885178.883103,2.0,-2.0,-41.0
1776885178.8931026,-3.0,-4.0,-36.0
1776885178.9031026,-5.0,-3.0,-38.0
1776885178.9131026,-6.0,-3.0,-40.0
1776885178.9231029,-4.0,-2.0,-44.0
1776885178.9331028,-3.0,-5.0,-43.0
1776885178.9431028,0.0,-11.0,-49.0
1776885178.9531028,0.0,-12.0,-50.0
1776885178.9631028,-4.0,-12.0,-46.0
1776885178.9731028,-3.0,-10.0,-46.0
1776885178.9831028,0.0,-9.0,-46.0
1776885178.9931028,-4.0,-2.0,-45.0
1776885179.0031028,-3.0,0.0,-45.0
1776885179.0131028,0.0,-2.0,-50.0
1776885179.0231028,2.0,-1.0,-50.0
1776885179.0331028,10.0,0.0,-50.0
1776885179.0431027,11.0,3.0,-48.0
1776885179.0531027,7.0,7.0,-48.0
1776885179.0631027,5.0,2.0,-43.0
1776885179.0731027,1.0,0.0,-39.0
1776885179.0831027,2.0,3.0,-47.0
1776885179.0931027,6.0,6.0,-49.0
1776885179.1031027,7.0,0.0,-53.0
1776885179.113103,7.0,2.0,-47.0
1776885179.123103,8.0,4.0,-49.0
1776885179.133103,6.0,0.0,-51.0
1776885179.1431026,2.0,3.0,-44.0
1776885179.1531026,1.0,1.0,-40.0
1776885179.1631026,1.0,4.0,-40.0
1776885179.1731029,4.0,2.0,-39.0
1776885179.1831028,9.0,2.0,-40.0
1776885179.1931028,9.0,1.0,-44.0
1776885179.2031028,8.0,-2.0,-46.0
1776885179.2131028,6.0,-5.0,-45.0
1776885179.2231028,2.0,-8.0,-39.0
1776885179.2331028,4.0,-3.0,-42.0
1776885179.2431028,7.0,-4.0,-46.0
1776885179.2531028,1.0,-5.0,-42.0
1776885179.2631028,0.0,-5.0,-42.0
1776885179.2731028,1.0,-4.0,-46.0
1776885179.2831028,0.0,-5.0,-41.0
1776885179.2931027,0.0,-5.0,-39.0
1776885179.3031027,5.0,-5.0,-45.0
1776885179.3131027,8.0,-6.0,-43.0
1776885179.3231027,6.0,-7.0,-40.0
1776885179.3331027,1.0,-6.0,-33.0
1776885179.3431027,4.0,-8.0,-40.0
1776885179.3531027,5.0,-3.0,-43.0
1776885179.363103,2.0,-9.0,-44.0
1776885179.373103,5.0,-11.0,-42.0
1776885179.383103,7.0,-11.0,-38.0
1776885179.3931026,7.0,-12.0,-37.0
1776885179.4031026,8.0,-12.0,-39.0
1776885179.4131026,1.0,-12.0,-47.0
1776885179.4231029,0.0,-12.0,-48.0
1776885179.4331028,1.0,-7.0,-46.0
1776885179.4431028,0.0,-9.0,-43.0
1776885179.4531028,0.0,-6.0,-44.0
1776885179.4631028,0.0,-4.0,-48.0
1776885179.4731028,-3.0,-5.0,-56.0
1776885179.4831028,-8.0,-5.0,-55.0
1776885179.4931028,-7.0,-3.0,-53.0
1776885179.5031028,0.0,0.0,-52.0
1776885179.5131028,3.0,-2.0,-50.0
1776885179.5231028,1.0,0.0,-45.0
1776885179.5331028,0.0,1.0,-52.0
1776885179.5431027,-1.0,4.0,-57.0
1776885179.5531027,-10.0,5.0,-53.0
1776885179.5631027,-13.0,6.0,-46.0
1776885179.5731027,-10.0,9.0,-40.0
1776885179.5831027,-10.0,4.0,-42.0
1776885179.5931027,-7.0,5.0,-41.0
1776885179.6031027,-6.0,2.0,-43.0
1776885179.613103,-3.0,1.0,-52.0
1776885179.623103,0.0,3.0,-56.0
1776885179.633103,3.0,3.0,-53.0
1776885179.6431026,0.0,0.0,-48.0
1776885179.6531026,2.0,-1.0,-48.0
1776885179.6631026,2.0,-4.0,-48.0
1776885179.6731029,3.0,-4.0,-51.0
1776885179.6831028,4.0,-2.0,-50.0
1776885179.6931028,5.0,-1.0,-45.0
1776885179.7031028,4.0,1.0,-46.0
1776885179.7131028,8.0,1.0,-46.0
1776885179.7231028,6.0,2.0,-45.0
1776885179.7331028,2.0,1.0,-45.0
1776885179.7431028,2.0,4.0,-47.0
1776885179.7531028,5.0,2.0,-46.0
1776885179.7631028,6.0,1.0,-49.0
1776885179.7731028,2.0,0.0,-49.0
1776885179.7831028,0.0,0.0,-46.0
1776885179.7931027,0.0,0.0,-40.0
1776885179.8031027,0.0,0.0,-37.0
1776885179.8131027,-1.0,0.0,-43.0
1776885179.8231027,-3.0,-1.0,-47.0
1776885179.8331027,-2.0,-4.0,-46.0
1776885179.8431027,4.0,-6.0,-42.0
1776885179.8531027,2.0,-1.0,-43.0
1776885179.863103,1.0,-1.0,-46.0
1776885179.873103,2.0,-1.0,-50.0
1776885179.883103,-1.0,1.0,-50.0
1776885179.8931026,-8.0,0.0,-53.0
1776885179.9031026,-6.0,-1.0,-53.0
1776885179.9131026,-3.0,-2.0,-51.0
1776885179.9231029,-3.0,0.0,-48.0
1776885179.9331028,-2.0,0.0,-43.0
1776885179.9431028,0.0,-2.0,-43.0
1776885179.9531028,-2.0,-6.0,-48.0
1776885179.9631028,-4.0,-4.0,-50.0
1776885179.9731028,-3.0,1.0,-51.0
1776885179.9831028,-7.0,3.0,-44.0
1776885179.9931028,-6.0,-1.0,-41.0
1776885180.0031028,-4.0,0.0,-31.0
1776885180.0131028,-3.0,0.0,-40.0
1776885180.0231028,-2.0,-2.0,-40.0
1776885180.0331028,-4.0,-4.0,-40.0
1776885180.0431027,-3.0,-3.0,-48.0
1776885180.0531027,-4.0,-3.0,-55.0
1776885180.0641026,-1.0,-4.0,-52.0
1776885180.0741026,2.0,-10.0,-49.0
1776885180.0841026,7.0,-9.0,-50.0
1776885180.0941026,5.0,-10.0,-50.0
1776885180.1041028,3.0,-11.0,-55.0
1776885180.1141028,0.0,-7.0,-55.0
1776885180.1241028,0.0,-4.0,-55.0
1776885180.1341028,-1.0,0.0,-52.0
1776885180.1441028,-7.0,1.0,-55.0
1776885180.1541028,-2.0,0.0,-52.0
1776885180.1641028,-1.0,0.0,-50.0
1776885180.1741028,0.0,0.0,-43.0
1776885180.1841028,3.0,-2.0,-42.0
1776885180.1941028,1.0,-3.0,-44.0
1776885180.2041028,0.0,-3.0,-48.0
1776885180.2141027,0.0,-8.0,-43.0
1776885180.2241027,-1.0,-10.0,-40.0
1776885180.2341027,2.0,-5.0,-49.0
1776885180.2441027,3.0,-2.0,-50.0
1776885180.2541027,6.0,-3.0,-51.0
1776885180.2641027,7.0,-2.0,-54.0
1776885180.2741027,6.0,-5.0,-53.0
1776885180.284103,6.0,-6.0,-50.0
1776885180.294103,1.0,-6.0,-52.0
1776885180.304103,5.0,-5.0,-55.0
1776885180.3141026,4.0,-4.0,-55.0
1776885180.3241026,8.0,-4.0,-52.0
1776885180.3341026,10.0,-7.0,-44.0
1776885180.3441026,7.0,-9.0,-43.0
1776885180.3541028,10.0,-11.0,-43.0
1776885180.3641028,9.0,-7.0,-43.0
1776885180.3741028,3.0,-4.0,-42.0
1776885180.3841028,5.0,0.0,-42.0
1776885180.3941028,2.0,-4.0,-49.0
1776885180.4041028,4.0,-5.0,-51.0
1776885180.4141028,1.0,-2.0,-49.0
1776885180.4241028,-4.0,-5.0,-49.0
1776885180.4341028,-7.0,-1.0,-44.0
1776885180.4441028,-8.0,0.0,-38.0
1776885180.4541028,-9.0,-4.0,-40.0
1776885180.4641027,-4.0,-3.0,-33.0
1776885180.4741027,-2.0,0.0,-27.0
1776885180.4841027,-2.0,0.0,-22.0
1776885180.4941027,0.0,1.0,-33.0
1776885180.5041027,0.0,3.0,-37.0
1776885180.5141027,0.0,1.0,-37.0
1776885180.5241027,2.0,-1.0,-39.0
1776885180.534103,1.0,-2.0,-41.0
1776885180.544103,3.0,1.0,-44.0
1776885180.554103,7.0,1.0,-45.0
1776885180.5641026,4.0,0.0,-42.0
1776885180.5741026,6.0,3.0,-42.0
1776885180.5841026,3.0,0.0,-43.0
1776885180.5941026,3.0,1.0,-47.0
1776885180.6041028,4.0,3.0,-51.0
1776885180.6141028,1.0,0.0,-43.0
1776885180.6241028,0.0,-5.0,-42.0
1776885180.6341028,0.0,-2.0,-37.0
1776885180.6441028,1.0,-3.0,-38.0
1776885180.6541028,1.0,-6.0,-38.0
1776885180.6641028,1.0,-5.0,-38.0
1776885180.6741028,-1.0,-9.0,-38.0
1776885180.6841028,1.0,-4.0,-38.0
1776885180.6941028,-1.0,-2.0,-41.0
1776885180.7041028,-3.0,2.0,-41.0
1776885180.7141027,1.0,5.0,-40.0
1776885180.7241027,3.0,3.0,-40.0
1776885180.7341027,-1.0,0.0,-39.0
1776885180.7441027,0.0,-1.0,-41.0
1776885180.7541027,0.0,-4.0,-39.0
1776885180.7641027,0.0,-6.0,-40.0
1776885180.7741027,3.0,-3.0,-38.0
1776885180.784103,2.0,1.0,-35.0
1776885180.794103,0.0,0.0,-38.0
1776885180.804103,-1.0,2.0,-45.0
1776885180.8141026,-5.0,2.0,-45.0
1776885180.8241026,-2.0,5.0,-43.0
1776885180.8341026,-3.0,2.0,-44.0
1776885180.8441026,1.0,0.0,-48.0
1776885180.8541028,5.0,3.0,-46.0
1776885180.8641028,3.0,1.0,-51.0
1776885180.8741028,1.0,2.0,-52.0
1776885180.8841028,0.0,1.0,-51.0
1776885180.8941028,0.0,0.0,-43.0
1776885180.9041028,-2.0,-5.0,-42.0
1776885180.9141028,-3.0,0.0,-38.0
1776885180.9241028,-6.0,-3.0,-49.0
1776885180.9341028,-5.0,-1.0,-49.0
1776885180.9441028,-4.0,-2.0,-50.0
1776885180.9541028,-3.0,-3.0,-50.0
1776885180.9641027,-5.0,-3.0,-44.0
1776885180.9741027,-3.0,-3.0,-43.0
1776885180.9841027,-7.0,-4.0,-45.0
1776885180.9941027,-5.0,-2.0,-46.0
1776885181.0041027,-9.0,-2.0,-42.0
1776885181.0141027,-9.0,0.0,-36.0
1776885181.0241027,-7.0,2.0,-38.0
1776885181.034103,-4.0,-1.0,-43.0
1776885181.044103,-8.0,-3.0,-44.0
1776885181.054103,-6.0,0.0,-43.0
1776885181.0641026,-5.0,2.0,-43.0
1776885181.0741026,-3.0,0.0,-43.0
1776885181.0841026,2.0,-2.0,-43.0
1776885181.0941026,1.0,-2.0,-47.0
1776885181.1041028,0.0,0.0,-47.0
1776885181.1141028,1.0,1.0,-44.0
1776885181.1241028,1.0,-2.0,-40.0
1776885181.1341028,-1.0,-4.0,-38.0
1776885181.1441028,0.0,-5.0,-39.0
1776885181.1541028,5.0,-3.0,-37.0
1776885181.1641028,5.0,0.0,-38.0
1776885181.1741028,5.0,1.0,-47.0
1776885181.1841028,8.0,-4.0,-54.0
1776885181.1941028,3.0,0.0,-54.0
1776885181.2041028,7.0,0.0,-50.0
1776885181.2141027,11.0,-1.0,-49.0
1776885181.2241027,10.0,-1.0,-46.0
1776885181.2341027,10.0,1.0,-47.0
1776885181.2441027,8.0,0.0,-49.0
1776885181.2541027,6.0,0.0,-53.0
1776885181.2641027,5.0,0.0,-52.0
1776885181.2741027,9.0,-1.0,-52.0
1776885181.284103,6.0,-5.0,-47.0
1776885181.294103,7.0,-9.0,-40.0
1776885181.304103,5.0,-9.0,-44.0
1776885181.3141026,0.0,-10.0,-44.0
1776885181.3241026,0.0,-9.0,-44.0
1776885181.3341026,1.0,-9.0,-45.0
1776885181.3441026,0.0,-8.0,-52.0
1776885181.3541028,-2.0,-6.0,-50.0
1776885181.3641028,-8.0,-6.0,-46.0
1776885181.3741028,-7.0,-7.0,-44.0
1776885181.3841028,-1.0,-10.0,-44.0
1776885181.3941028,0.0,-7.0,-37.0
1776885181.4041028,6.0,-3.0,-37.0
1776885181.4141028,4.0,-4.0,-36.0
1776885181.4241028,6.0,-1.0,-33.0
1776885181.4341028,5.0,-2.0,-37.0
1776885181.4441028,2.0,-1.0,-34.0
1776885181.4541028,5.0,0.0,-30.0
1776885181.4641027,6.0,1.0,-38.0
1776885181.4741027,9.0,0.0,-40.0
1776885181.4841027,11.0,-3.0,-39.0
1776885181.4941027,10.0,-2.0,-35.0
1776885181.5041027,8.0,-2.0,-34.0
1776885181.5141027,6.0,-4.0,-23.0
1776885181.5241027,3.0,-3.0,-29.0
1776885181.534103,1.0,-3.0,-38.0
1776885181.544103,0.0,-3.0,-46.0
1776885181.554103,3.0,-6.0,-47.0
1776885181.5641026,0.0,-2.0,-41.0
1776885181.5741026,4.0,-3.0,-33.0
1776885181.5841026,0.0,0.0,-36.0
1776885181.5941026,-3.0,-1.0,-42.0
1776885181.6041028,-1.0,-1.0,-46.0
1776885181.6141028,2.0,0.0,-44.0
1776885181.6241028,0.0,1.0,-41.0
1776885181.6341028,-4.0,-1.0,-45.0
1776885181.6441028,-4.0,-3.0,-44.0
1776885181.6541028,-4.0,-1.0,-44.0
1776885181.6641028,-4.0,-4.0,-48.0
1776885181.6741028,-3.0,-7.0,-44.0
1776885181.6841028,-3.0,-8.0,-46.0
1776885181.6941028,-1.0,-5.0,-49.0
1776885181.7041028,0.0,-6.0,-48.0
1776885181.7141027,-1.0,-7.0,-50.0
1776885181.7241027,-9.0,-3.0,-48.0
1776885181.7341027,-5.0,1.0,-49.0
1776885181.7441027,-3.0,0.0,-50.0
1776885181.7541027,-3.0,0.0,-47.0
1776885181.7641027,-8.0,-3.0,-48.0
1776885181.7741027,-4.0,-3.0,-46.0
1776885181.784103,-3.0,-3.0,-51.0
1776885181.794103,-1.0,-2.0,-43.0
1776885181.804103,-1.0,-2.0,-34.0
1776885181.8141026,0.0,-4.0,-37.0
1776885181.8241026,7.0,-8.0,-39.0
1776885181.8341026,11.0,-6.0,-34.0
1776885181.8441026,8.0,-4.0,-33.0
1776885181.8541028,4.0,-3.0,-39.0
1776885181.8641028,8.0,-5.0,-38.0
1776885181.8741028,5.0,-5.0,-44.0
1776885181.8841028,4.0,-7.0,-43.0
1776885181.8941028,3.0,-9.0,-46.0
1776885181.9041028,0.0,-11.0,-45.0
1776885181.9141028,-5.0,-5.0,-42.0
1776885181.9241028,-8.0,-3.0,-37.0
1776885181.9341028,-9.0,-2.0,-40.0
1776885181.9441028,-3.0,0.0,-47.0
1776885181.9541028,0.0,3.0,-46.0
1776885181.9641027,1.0,0.0,-42.0
1776885181.9741027,0.0,0.0,-33.0
1776885181.9841027,1.0,0.0,-35.0
1776885181.9941027,6.0,1.0,-34.0
1776885182.0041027,4.0,-1.0,-35.0
1776885182.0151026,2.0,-2.0,-37.0
1776885182.0251029,0.0,0.0,-44.0
1776885182.034103,3.0,4.0,-49.0
1776885182.0451028,1.0,4.0,-51.0
1776885182.0551028,2.0,0.0,-47.0
1776885182.0651028,0.0,0.0,-46.0
1776885182.0751028,0.0,0.0,-45.0
1776885182.0851028,-1.0,0.0,-46.0
1776885182.0951028,-1.0,-2.0,-53.0
1776885182.1051028,-2.0,-1.0,-56.0
1776885182.1151028,0.0,-1.0,-47.0
1776885182.1251028,-1.0,1.0,-46.0
1776885182.1351027,4.0,2.0,-52.0
1776885182.1451027,2.0,0.0,-50.0
1776885182.1551027,1.0,0.0,-56.0
1776885182.1651027,0.0,-2.0,-54.0
1776885182.1751027,0.0,-2.0,-56.0
1776885182.1851027,4.0,-3.0,-52.0
1776885182.1951027,7.0,-1.0,-42.0
1776885182.2051027,12.0,-4.0,-42.0
1776885182.215103,14.0,-8.0,-43.0
1776885182.225103,11.0,-8.0,-39.0
1776885182.235103,8.0,-9.0,-36.0
1776885182.2451026,11.0,-5.0,-45.0
1776885182.2551026,9.0,-3.0,-47.0
1776885182.2651026,6.0,-7.0,-47.0
1776885182.2751029,5.0,-7.0,-42.0
1776885182.2851028,8.0,-7.0,-40.0
1776885182.2951028,8.0,-6.0,-41.0
1776885182.3051028,1.0,-3.0,-48.0
1776885182.3151028,1.0,-9.0,-50.0
1776885182.3251028,0.0,-6.0,-53.0
1776885182.3351028,-4.0,-4.0,-50.0
1776885182.3451028,-3.0,-7.0,-54.0
1776885182.3551028,1.0,-5.0,-51.0
1776885182.3651028,0.0,-2.0,-44.0
1776885182.3751028,-3.0,-4.0,-45.0
1776885182.3851027,-4.0,-4.0,-44.0
1776885182.3951027,0.0,-4.0,-39.0
1776885182.4051027,-1.0,-4.0,-37.0
1776885182.4151027,-3.0,-5.0,-42.0
1776885182.4251027,-1.0,-4.0,-46.0
1776885182.4351027,-2.0,-5.0,-48.0
1776885182.4451027,-6.0,-4.0,-53.0
1776885182.4551027,-2.0,-5.0,-47.0
1776885182.465103,-4.0,-9.0,-41.0
1776885182.475103,-3.0,-3.0,-45.0
1776885182.485103,-2.0,-1.0,-48.0
1776885182.4951026,1.0,-3.0,-47.0
1776885182.5051026,0.0,-5.0,-49.0
1776885182.5151026,1.0,-5.0,-55.0
1776885182.5251029,5.0,-6.0,-45.0
1776885182.5351028,9.0,-4.0,-41.0
1776885182.5451028,11.0,-3.0,-36.0
1776885182.5551028,8.0,1.0,-42.0
1776885182.5651028,7.0,-1.0,-39.0
1776885182.5751028,8.0,-3.0,-34.0
1776885182.5851028,9.0,-5.0,-38.0
1776885182.5951028,9.0,-4.0,-42.0
1776885182.6051028,7.0,3.0,-40.0
1776885182.6151028,6.0,3.0,-39.0
1776885182.6251028,5.0,1.0,-39.0
1776885182.6351027,5.0,-1.0,-33.0
1776885182.6451027,6.0,-5.0,-36.0
1776885182.6551027,3.0,-1.0,-47.0
1776885182.6651027,0.0,0.0,-45.0
1776885182.6751027,2.0,-2.0,-45.0
1776885182.6851027,3.0,-4.0,-51.0
1776885182.6951027,4.0,-1.0,-52.0
1776885182.7051027,1.0,0.0,-51.0
1776885182.715103,0.0,2.0,-44.0
1776885182.725103,0.0,1.0,-47.0
1776885182.735103,4.0,0.0,-42.0
1776885182.7451026,1.0,0.0,-43.0
1776885182.7551026,0.0,-2.0,-42.0
1776885182.7651026,0.0,-3.0,-45.0
1776885182.7751029,-4.0,-3.0,-45.0
1776885182.7851028,-4.0,1.0,-39.0
1776885182.7951028,-3.0,-2.0,-40.0
1776885182.8051028,-2.0,-4.0,-38.0
1776885182.8151028,0.0,-3.0,-36.0
1776885182.8251028,-2.0,-5.0,-37.0
1776885182.8351028,-3.0,-3.0,-40.0
1776885182.8451028,0.0,-1.0,-39.0
1776885182.8551028,-4.0,0.0,-42.0
1776885182.8651028,-8.0,-1.0,-53.0
1776885182.8751028,-6.0,1.0,-49.0
1776885182.8851027,-4.0,0.0,-47.0
1776885182.8951027,-1.0,0.0,-45.0
1776885182.9051027,-2.0,-3.0,-46.0
1776885182.9151027,-3.0,-4.0,-51.0
1776885182.9251027,-3.0,-5.0,-57.0
1776885182.9351027,-1.0,-4.0,-57.0
1776885182.9451027,-1.0,-8.0,-54.0
1776885182.9551027,-2.0,-7.0,-55.0
1776885182.965103,1.0,-5.0,-50.0
1776885182.975103,10.0,-2.0,-47.0
1776885182.985103,6.0,0.0,-41.0
1776885182.9951026,5.0,-2.0,-48.0
1776885183.0051026,2.0,0.0,-49.0
1776885183.0151026,4.0,1.0,-48.0
1776885183.0251029,2.0,-2.0,-44.0
1776885183.0351028,4.0,-2.0,-34.0
1776885183.0451028,2.0,-5.0,-27.0
1776885183.0551028,1.0,-10.0,-32.0
1776885183.0651028,3.0,-10.0,-31.0
1776885183.0751028,1.0,-10.0,-29.0
1776885183.0851028,2.0,-4.0,-26.0
1776885183.0951028,9.0,-5.0,-28.0
1776885183.1051028,13.0,-9.0,-35.0
1776885183.1151028,11.0,-10.0,-41.0
1776885183.1251028,5.0,-10.0,-47.0
1776885183.1351027,5.0,-9.0,-48.0
1776885183.1451027,4.0,-7.0,-46.0
1776885183.1551027,5.0,-6.0,-47.0
1776885183.1651027,2.0,-3.0,-45.0
1776885183.1751027,2.0,-5.0,-51.0
1776885183.1851027,0.0,-9.0,-56.0
1776885183.1951027,-3.0,-7.0,-57.0
1776885183.2051027,-1.0,-6.0,-51.0
1776885183.215103,0.0,-4.0,-46.0
1776885183.225103,-2.0,-7.0,-36.0
1776885183.235103,2.0,-7.0,-29.0
1776885183.2451026,1.0,-3.0,-28.0
1776885183.2551026,0.0,-1.0,-31.0
1776885183.2651026,-1.0,-2.0,-27.0
1776885183.2751029,-2.0,-1.0,-33.0
1776885183.2851028,-2.0,-2.0,-36.0
1776885183.2951028,-2.0,4.0,-36.0
1776885183.3051028,-3.0,4.0,-41.0
1776885183.3151028,-4.0,1.0,-42.0
1776885183.3251028,-2.0,0.0,-35.0
1776885183.3351028,-4.0,1.0,-42.0
1776885183.3451028,-7.0,0.0,-44.0
1776885183.3551028,-4.0,-2.0,-46.0
1776885183.3651028,-3.0,-4.0,-46.0
1776885183.3751028,-2.0,-6.0,-43.0
1776885183.3851027,0.0,-7.0,-45.0
1776885183.3951027,3.0,-8.0,-46.0
1776885183.4051027,7.0,-7.0,-41.0
1776885183.4151027,7.0,-2.0,-48.0
1776885183.4251027,2.0,-1.0,-46.0
1776885183.4351027,1.0,-6.0,-46.0
1776885183.4451027,0.0,-6.0,-45.0
1776885183.4551027,0.0,-2.0,-46.0
1776885183.465103,5.0,-2.0,-49.0
1776885183.475103,6.0,-3.0,-49.0
1776885183.485103,2.0,-7.0,-48.0
1776885183.4951026,4.0,-6.0,-49.0
1776885183.5051026,4.0,-7.0,-47.0
1776885183.5151026,5.0,-6.0,-49.0
1776885183.5251029,1.0,-2.0,-49.0
1776885183.5351028,0.0,0.0,-52.0
1776885183.5451028,-5.0,3.0,-49.0
1776885183.5551028,0.0,0.0,-45.0
1776885183.5651028,-5.0,0.0,-50.0
1776885183.5751028,-4.0,0.0,-51.0
1776885183.5851028,-7.0,2.0,-50.0
1776885183.5951028,-7.0,0.0,-50.0
1776885183.6051028,-5.0,-2.0,-49.0
1776885183.6151028,-3.0,-2.0,-52.0
1776885183.6251028,-3.0,-2.0,-51.0
1776885183.6351027,5.0,-1.0,-51.0
1776885183.6451027,4.0,-1.0,-55.0
1776885183.6551027,0.0,-4.0,-49.0
1776885183.6651027,-1.0,-4.0,-50.0
1776885183.6751027,-5.0,-7.0,-53.0
1776885183.6851027,-5.0,-6.0,-51.0
1776885183.6951027,-3.0,-10.0,-42.0
1776885183.7051027,-4.0,-7.0,-41.0
1776885183.715103,-4.0,-7.0,-40.0
1776885183.725103,-2.0,-3.0,-38.0
1776885183.735103,-1.0,-8.0,-29.0
1776885183.7451026,0.0,-8.0,-30.0
1776885183.7551026,-3.0,-8.0,-34.0
1776885183.7651026,-1.0,-12.0,-36.0
1776885183.7751029,3.0,-14.0,-36.0
1776885183.7851028,-2.0,-9.0,-39.0
1776885183.7951028,0.0,-11.0,-42.0
1776885183.8051028,-1.0,-8.0,-41.0
1776885183.8151028,-3.0,-5.0,-42.0
1776885183.8251028,-4.0,-6.0,-38.0
1776885183.8351028,2.0,-6.0,-38.0
1776885183.8451028,1.0,-6.0,-43.0
1776885183.8551028,4.0,-6.0,-43.0
1776885183.8651028,7.0,-5.0,-43.0
1776885183.8751028,10.0,-1.0,-43.0
1776885183.8851027,9.0,-1.0,-50.0
1776885183.8951027,9.0,0.0,-51.0
1776885183.9051027,0.0,2.0,-49.0
1776885183.9151027,-2.0,4.0,-47.0
1776885183.9251027,-2.0,0.0,-47.0
1776885183.9351027,1.0,-2.0,-47.0
1776885183.9451027,0.0,-4.0,-54.0
1776885183.9551027,3.0,-6.0,-54.0
1776885183.965103,2.0,-9.0,-57.0
1776885183.975103,4.0,-6.0,-53.0
1776885183.9861028,0.0,-5.0,-56.0
1776885183.9961028,0.0,-3.0,-53.0
1776885184.0061028,-1.0,-3.0,-44.0
1776885184.0161028,0.0,-3.0,-42.0
1776885184.0251029,1.0,-4.0,-42.0
1776885184.0361028,1.0,-1.0,-45.0
1776885184.0461028,1.0,-2.0,-49.0
1776885184.0561028,7.0,0.0,-48.0
1776885184.0661027,9.0,1.0,-43.0
1776885184.0761027,8.0,0.0,-43.0
1776885184.0861027,3.0,2.0,-47.0
1776885184.0961027,0.0,5.0,-46.0
1776885184.1061027,0.0,5.0,-44.0
1776885184.1161027,0.0,0.0,-46.0
1776885184.1261027,-1.0,1.0,-42.0
1776885184.136103,-3.0,0.0,-37.0
1776885184.146103,-7.0,4.0,-35.0
1776885184.156103,-7.0,6.0,-33.0
1776885184.1661026,-7.0,6.0,-33.0
1776885184.1761026,-5.0,4.0,-36.0
1776885184.1861026,-5.0,5.0,-38.0
1776885184.1961029,-3.0,1.0,-40.0
1776885184.2061028,-2.0,-1.0,-42.0
1776885184.2161028,1.0,0.0,-42.0
1776885184.2261028,0.0,1.0,-44.0
1776885184.2361028,0.0,2.0,-48.0
1776885184.2461028,4.0,1.0,-43.0
1776885184.2561028,0.0,0.0,-44.0
1776885184.2661028,0.0,-4.0,-45.0
1776885184.2761028,2.0,-9.0,-45.0
1776885184.2861028,4.0,-7.0,-47.0
1776885184.2961028,5.0,-8.0,-44.0
1776885184.3061028,4.0,-9.0,-42.0
1776885184.3161027,5.0,-9.0,-36.0
1776885184.3261027,4.0,-10.0,-38.0
1776885184.3361027,3.0,-7.0,-39.0
1776885184.3461027,2.0,-6.0,-49.0
1776885184.3561027,4.0,-1.0,-51.0
1776885184.3661027,8.0,-1.0,-51.0
1776885184.3761027,7.0,2.0,-46.0
1776885184.386103,3.0,5.0,-47.0
1776885184.396103,3.0,4.0,-47.0
1776885184.406103,2.0,0.0,-44.0
1776885184.4161026,1.0,-1.0,-34.0
1776885184.4261026,0.0,-2.0,-31.0
1776885184.4361026,-1.0,0.0,-33.0
1776885184.4461029,1.0,0.0,-30.0
1776885184.4561028,2.0,0.0,-33.0
1776885184.4671028,1.0,1.0,-33.0
1776885184.4761028,-4.0,-2.0,-41.0
1776885184.4861028,-6.0,-4.0,-44.0
1776885184.4961028,-4.0,-4.0,-50.0
1776885184.5061028,-6.0,-4.0,-50.0
1776885184.5161028,-2.0,-2.0,-51.0
1776885184.5261028,-5.0,-1.0,-43.0
1776885184.5361028,0.0,0.0,-44.0
1776885184.5461028,3.0,-1.0,-43.0
1776885184.5561028,6.0,-2.0,-39.0
1776885184.5661027,6.0,-3.0,-40.0
1776885184.5761027,3.0,0.0,-43.0
1776885184.5861027,-1.0,0.0,-42.0
1776885184.5961027,0.0,0.0,-50.0
1776885184.6061027,0.0,-4.0,-41.0
1776885184.6161027,0.0,-3.0,-38.0
1776885184.6261027,1.0,0.0,-41.0
1776885184.636103,7.0,-3.0,-46.0
1776885184.646103,7.0,1.0,-49.0
1776885184.656103,2.0,4.0,-46.0
1776885184.6661026,2.0,8.0,-54.0
1776885184.6761026,4.0,1.0,-52.0
1776885184.6861026,7.0,2.0,-48.0
1776885184.6961029,6.0,2.0,-41.0
1776885184.7061028,11.0,2.0,-45.0
1776885184.7161028,9.0,0.0,-39.0
1776885184.7261028,3.0,1.0,-45.0
1776885184.7361028,1.0,1.0,-43.0
1776885184.7461028,0.0,0.0,-44.0
1776885184.7561028,0.0,-1.0,-44.0
1776885184.7661028,1.0,-2.0,-43.0
1776885184.7761028,4.0,-3.0,-39.0
1776885184.7861028,7.0,1.0,-43.0
1776885184.7961028,5.0,-3.0,-43.0
1776885184.8061028,1.0,0.0,-36.0
1776885184.8161027,1.0,-1.0,-35.0
1776885184.8261027,0.0,-5.0,-37.0
1776885184.8361027,2.0,-5.0,-37.0
1776885184.8461027,2.0,-3.0,-34.0
1776885184.8561027,2.0,0.0,-38.0
1776885184.8661027,0.0,-5.0,-37.0
1776885184.8761027,1.0,-4.0,-35.0
1776885184.886103,0.0,-4.0,-25.0
1776885184.896103,-5.0,-1.0,-35.0
1776885184.906103,-7.0,-5.0,-43.0
1776885184.9161026,-4.0,-6.0,-44.0
1776885184.9261026,-4.0,-11.0,-49.0
1776885184.9361026,-3.0,-8.0,-46.0
1776885184.9461029,0.0,-12.0,-45.0
1776885184.9561028,-3.0,-11.0,-44.0
1776885184.9661028,-1.0,-8.0,-39.0
1776885184.9761028,0.0,-6.0,-42.0
1776885184.9861028,0.0,-7.0,-41.0
1776885184.9961028,-3.0,-4.0,-37.0
1776885185.0061028,-6.0,-3.0,-43.0
1776885185.0161028,-5.0,-1.0,-40.0
1776885185.0261028,-5.0,3.0,-37.0
1776885185.0361028,0.0,5.0,-37.0
1776885185.0461028,4.0,-2.0,-37.0
1776885185.0561028,0.0,-4.0,-35.0
1776885185.0661027,0.0,-2.0,-46.0
1776885185.0761027,-1.0,-1.0,-48.0
1776885185.0861027,1.0,-4.0,-51.0
1776885185.0961027,2.0,-3.0,-57.0
1776885185.1061027,1.0,-1.0,-56.0
1776885185.1161027,1.0,0.0,-52.0
1776885185.1261027,1.0,-1.0,-52.0
1776885185.136103,-1.0,0.0,-48.0
1776885185.146103,-1.0,0.0,-52.0
1776885185.156103,3.0,0.0,-50.0
1776885185.1661026,2.0,-2.0,-47.0
1776885185.1761026,3.0,-4.0,-48.0
1776885185.1861026,2.0,-3.0,-49.0
1776885185.1961029,3.0,1.0,-44.0
1776885185.2061028,1.0,0.0,-43.0
1776885185.2161028,-1.0,0.0,-45.0
1776885185.2261028,-1.0,-2.0,-44.0
1776885185.2361028,-2.0,-4.0,-45.0
1776885185.2461028,-4.0,-5.0,-53.0
1776885185.2561028,-2.0,-4.0,-56.0
1776885185.2661028,0.0,-6.0,-60.0
1776885185.2761028,0.0,-6.0,-57.0
1776885185.2861028,1.0,-4.0,-61.0
1776885185.2961028,-2.0,-1.0,-57.0
1776885185.3061028,2.0,-3.0,-62.0
1776885185.3161027,3.0,0.0,-63.0
1776885185.3261027,3.0,1.0,-60.0
1776885185.3361027,4.0,3.0,-56.0
1776885185.3461027,6.0,3.0,-52.0
1776885185.3561027,4.0,4.0,-48.0
1776885185.3661027,2.0,4.0,-52.0
1776885185.3761027,3.0,2.0,-54.0
1776885185.386103,3.0,0.0,-53.0
1776885185.396103,0.0,-5.0,-48.0
1776885185.406103,5.0,-5.0,-55.0
1776885185.4161026,4.0,-4.0,-54.0
1776885185.4261026,3.0,-2.0,-49.0
1776885185.4361026,4.0,-3.0,-47.0
1776885185.4461029,2.0,-3.0,-42.0
1776885185.4561028,-1.0,-3.0,-37.0
1776885185.4661028,-2.0,-4.0,-41.0
1776885185.4761028,-1.0,-3.0,-40.0
1776885185.4861028,-2.0,-5.0,-44.0
1776885185.4961028,0.0,-2.0,-41.0
1776885185.5061028,-1.0,1.0,-41.0
1776885185.5161028,-2.0,2.0,-43.0
1776885185.5261028,1.0,5.0,-44.0
1776885185.5361028,-2.0,7.0,-42.0
1776885185.5461028,-1.0,4.0,-40.0
1776885185.5561028,0.0,1.0,-42.0
1776885185.5661027,-1.0,0.0,-43.0
1776885185.5761027,0.0,-1.0,-43.0
1776885185.5861027,3.0,2.0,-43.0
1776885185.5961027,1.0,2.0,-47.0
1776885185.6061027,1.0,-1.0,-43.0
1776885185.6161027,0.0,-4.0,-40.0
1776885185.6261027,-4.0,-3.0,-45.0
1776885185.636103,-3.0,0.0,-38.0
1776885185.646103,-5.0,0.0,-34.0
1776885185.656103,-5.0,2.0,-32.0
1776885185.6661026,-3.0,3.0,-45.0
1776885185.6761026,-6.0,0.0,-45.0
1776885185.6861026,-5.0,0.0,-39.0
1776885185.6961029,-5.0,1.0,-40.0
1776885185.7061028,-6.0,-1.0,-47.0
1776885185.7161028,-3.0,3.0,-48.0
1776885185.7261028,-2.0,9.0,-44.0
1776885185.7361028,5.0,6.0,-43.0
1776885185.7461028,3.0,5.0,-46.0
1776885185.7561028,2.0,5.0,-45.0
1776885185.7661028,6.0,1.0,-49.0
1776885185.7761028,3.0,-1.0,-50.0
1776885185.7861028,-1.0,0.0,-47.0
1776885185.7961028,-2.0,4.0,-46.0
1776885185.8061028,-4.0,4.0,-43.0
1776885185.8161027,-2.0,4.0,-37.0
1776885185.8261027,-3.0,3.0,-39.0
1776885185.8361027,0.0,0.0,-42.0
1776885185.8461027,0.0,-3.0,-43.0
1776885185.8561027,-2.0,-7.0,-39.0
1776885185.8661027,-1.0,-8.0,-39.0
1776885185.8761027,1.0,-8.0,-45.0
1776885185.886103,4.0,-2.0,-42.0
1776885185.896103,2.0,-1.0,-48.0
1776885185.906103,3.0,0.0,-46.0
1776885185.9161026,5.0,-3.0,-43.0
1776885185.9261026,7.0,-5.0,-41.0
1776885185.9371028,3.0,-8.0,-37.0
1776885185.9461029,5.0,-5.0,-40.0
1776885185.9571028,6.0,-4.0,-37.0
1776885185.9671028,4.0,-7.0,-32.0
1776885185.9771028,3.0,-7.0,-35.0
1776885185.9871027,1.0,-3.0,-34.0
1776885185.9971027,3.0,-4.0,-36.0
1776885186.0071027,-3.0,-3.0,-36.0
1776885186.0171027,-4.0,-4.0,-42.0
1776885186.0271027,-6.0,-4.0,-50.0
1776885186.0371027,-2.0,-9.0,-55.0
1776885186.0471027,0.0,-8.0,-51.0
1776885186.057103,-1.0,-2.0,-45.0
1776885186.067103,0.0,-3.0,-36.0
1776885186.077103,0.0,-5.0,-34.0
1776885186.087103,-1.0,-7.0,-39.0
1776885186.0971026,-4.0,-10.0,-45.0
1776885186.1071026,-4.0,-4.0,-47.0
1776885186.1171026,-4.0,-3.0,-51.0
1776885186.1271029,-2.0,-2.0,-44.0
1776885186.1371028,0.0,-2.0,-44.0
1776885186.1471028,0.0,0.0,-42.0
1776885186.1571028,-3.0,0.0,-44.0
1776885186.1671028,-3.0,-1.0,-40.0
1776885186.1771028,-6.0,-2.0,-43.0
1776885186.1871028,-10.0,0.0,-41.0
1776885186.1971028,-8.0,0.0,-45.0
1776885186.2071028,-8.0,0.0,-49.0
1776885186.2171028,-6.0,3.0,-52.0
1776885186.2271028,-8.0,2.0,-52.0
1776885186.2371027,-9.0,-2.0,-49.0
1776885186.2471027,-6.0,-4.0,-42.0
1776885186.2571027,-6.0,-2.0,-37.0
1776885186.2671027,-4.0,0.0,-38.0
1776885186.2771027,-5.0,-1.0,-46.0
1776885186.2871027,-2.0,-3.0,-49.0
1776885186.2971027,-3.0,-3.0,-48.0
1776885186.307103,-2.0,-2.0,-46.0
1776885186.317103,-3.0,0.0,-54.0
1776885186.327103,-1.0,2.0,-45.0
1776885186.337103,1.0,0.0,-50.0
1776885186.3471026,3.0,-2.0,-53.0
1776885186.3571026,3.0,-3.0,-47.0
1776885186.3671026,5.0,2.0,-48.0
1776885186.3771029,6.0,0.0,-43.0
1776885186.3871028,6.0,-5.0,-40.0
1776885186.3971028,5.0,-2.0,-41.0
1776885186.4071028,5.0,-3.0,-39.0
1776885186.4171028,6.0,-5.0,-39.0
1776885186.4271028,3.0,-4.0,-35.0
1776885186.4371028,-2.0,-5.0,-36.0
1776885186.4471028,0.0,-3.0,-37.0
1776885186.4571028,0.0,-5.0,-40.0
1776885186.4671028,-3.0,-4.0,-42.0
1776885186.4771028,-2.0,-1.0,-39.0
1776885186.4871027,0.0,0.0,-44.0
1776885186.4971027,-3.0,-1.0,-46.0
1776885186.5071027,-4.0,0.0,-39.0
1776885186.5171027,-2.0,-2.0,-40.0
1776885186.5271027,0.0,-5.0,-42.0
1776885186.5371027,0.0,-4.0,-50.0
1776885186.5471027,-3.0,-8.0,-44.0
1776885186.557103,0.0,-4.0,-39.0
1776885186.567103,1.0,-4.0,-41.0
1776885186.577103,-1.0,-4.0,-38.0
1776885186.587103,1.0,-6.0,-29.0
1776885186.5971026,2.0,-7.0,-34.0
1776885186.6071026,3.0,-11.0,-42.0
1776885186.6171026,3.0,-11.0,-48.0
1776885186.6271029,0.0,-7.0,-47.0
1776885186.6371028,-4.0,-10.0,-49.0
1776885186.6471028,-2.0,-10.0,-54.0
1776885186.6571028,-2.0,-11.0,-52.0
1776885186.6671028,0.0,-12.0,-56.0
1776885186.6771028,3.0,-12.0,-54.0
1776885186.6871028,4.0,-6.0,-47.0
1776885186.6971028,5.0,-7.0,-41.0
1776885186.7071028,4.0,-7.0,-41.0
1776885186.7171028,0.0,-1.0,-34.0
1776885186.7271028,-1.0,3.0,-33.0
1776885186.7371027,-2.0,4.0,-37.0
1776885186.7471027,-3.0,4.0,-34.0
1776885186.7571027,-1.0,2.0,-39.0
1776885186.7671027,0.0,1.0,-39.0
1776885186.7771027,0.0,-1.0,-43.0
1776885186.7871027,-1.0,-2.0,-48.0
1776885186.7971027,1.0,-3.0,-46.0
1776885186.807103,0.0,-2.0,-48.0
1776885186.817103,-3.0,-4.0,-48.0
1776885186.827103,0.0,0.0,-44.0
1776885186.837103,1.0,-1.0,-41.0
1776885186.8471026,3.0,-1.0,-37.0
1776885186.8571026,4.0,3.0,-36.0
1776885186.8671026,5.0,3.0,-42.0
1776885186.8771029,2.0,0.0,-41.0
1776885186.8871028,2.0,-3.0,-42.0
1776885186.8971028,5.0,-4.0,-38.0
1776885186.9071028,7.0,-6.0,-43.0
1776885186.9171028,8.0,-8.0,-39.0
1776885186.9271028,3.0,-5.0,-35.0
1776885186.9371028,4.0,-4.0,-45.0
1776885186.9471028,4.0,-5.0,-55.0
1776885186.9571028,3.0,-9.0,-56.0
1776885186.9671028,0.0,-13.0,-53.0
1776885186.9771028,-5.0,-11.0,-49.0
1776885186.9871027,-3.0,-7.0,-48.0
1776885186.9971027,2.0,-8.0,-50.0
1776885187.0071027,0.0,-6.0,-46.0
1776885187.0171027,2.0,-5.0,-44.0
1776885187.0271027,6.0,-4.0,-34.0
1776885187.0371027,6.0,-1.0,-39.0
1776885187.0471027,9.0,-1.0,-47.0
1776885187.057103,2.0,-2.0,-51.0
1776885187.067103,0.0,-2.0,-45.0
1776885187.077103,0.0,-2.0,-45.0
1776885187.087103,2.0,-4.0,-50.0
1776885187.0971026,2.0,-2.0,-56.0
1776885187.1071026,1.0,-6.0,-62.0
1776885187.1171026,1.0,-9.0,-59.0
1776885187.1271029,9.0,-12.0,-61.0
1776885187.1371028,15.0,-7.0,-50.0
1776885187.1471028,15.0,-4.0,-51.0
1776885187.1571028,11.0,-5.0,-49.0
1776885187.1671028,7.0,-3.0,-49.0
1776885187.1771028,13.0,-3.0,-47.0
1776885187.1871028,11.0,-1.0,-51.0
1776885187.1971028,6.0,0.0,-42.0
1776885187.2071028,9.0,-3.0,-43.0
1776885187.2171028,8.0,-4.0,-43.0
1776885187.2271028,8.0,-4.0,-41.0
1776885187.2371027,8.0,-6.0,-42.0
1776885187.2471027,6.0,-5.0,-43.0
1776885187.2571027,1.0,-4.0,-35.0
1776885187.2671027,1.0,-6.0,-31.0
1776885187.2771027,3.0,-5.0,-30.0
1776885187.2871027,1.0,-2.0,-33.0
1776885187.2971027,1.0,0.0,-35.0
1776885187.307103,3.0,-1.0,-46.0
1776885187.317103,2.0,0.0,-49.0
1776885187.327103,4.0,-2.0,-48.0
1776885187.337103,6.0,-1.0,-45.0
1776885187.3471026,5.0,-3.0,-38.0
1776885187.3571026,6.0,-4.0,-36.0
1776885187.3671026,2.0,-5.0,-37.0
1776885187.3771029,3.0,-8.0,-43.0
1776885187.3871028,7.0,-9.0,-43.0
1776885187.3971028,6.0,-10.0,-43.0
1776885187.4071028,4.0,-7.0,-40.0
1776885187.4171028,2.0,-3.0,-42.0
1776885187.4271028,3.0,1.0,-44.0
1776885187.4371028,7.0,1.0,-53.0
1776885187.4471028,1.0,-1.0,-50.0
1776885187.4571028,-3.0,-1.0,-54.0
1776885187.4671028,-7.0,-5.0,-42.0
1776885187.4771028,-3.0,-2.0,-43.0
1776885187.4871027,0.0,-4.0,-45.0
1776885187.4971027,0.0,-4.0,-39.0
1776885187.5071027,4.0,-8.0,-42.0
1776885187.5171027,7.0,-5.0,-38.0
1776885187.5271027,2.0,-5.0,-39.0
1776885187.5371027,2.0,-4.0,-44.0
1776885187.5471027,3.0,0.0,-43.0
1776885187.557103,0.0,-2.0,-38.0
1776885187.567103,1.0,-4.0,-45.0
1776885187.577103,0.0,-2.0,-48.0
1776885187.587103,2.0,-4.0,-44.0
1776885187.5971026,0.0,-4.0,-48.0
1776885187.6071026,0.0,-3.0,-52.0
1776885187.6171026,4.0,-1.0,-52.0
1776885187.6271029,2.0,0.0,-49.0
1776885187.6371028,2.0,-5.0,-47.0
1776885187.6471028,2.0,-10.0,-43.0
1776885187.6571028,1.0,-10.0,-38.0
1776885187.6671028,3.0,-5.0,-43.0
1776885187.6771028,0.0,-6.0,-41.0
1776885187.6871028,-3.0,-8.0,-44.0
1776885187.6971028,-3.0,-8.0,-47.0
1776885187.7071028,-1.0,-8.0,-44.0
1776885187.7171028,-2.0,-8.0,-54.0
1776885187.7271028,0.0,-3.0,-55.0
1776885187.7371027,0.0,-4.0,-56.0
1776885187.7471027,0.0,-4.0,-64.0
1776885187.7571027,3.0,-10.0,-58.0
1776885187.7671027,2.0,-6.0,-54.0
1776885187.7771027,4.0,-5.0,-51.0
1776885187.7871027,2.0,-5.0,-51.0
1776885187.7971027,5.0,0.0,-53.0
1776885187.807103,8.0,-3.0,-52.0
1776885187.817103,7.0,-2.0,-49.0
1776885187.827103,4.0,-1.0,-49.0
1776885187.837103,5.0,0.0,-48.0
1776885187.8471026,1.0,-3.0,-48.0
1776885187.8571026,0.0,-5.0,-49.0
1776885187.8671026,1.0,-3.0,-47.0
1776885187.8771029,4.0,-2.0,-45.0
1776885187.8871028,5.0,0.0,-51.0
1776885187.8971028,0.0,0.0,-52.0
1776885187.9081028,0.0,0.0,-50.0
1776885187.9171028,-2.0,-1.0,-49.0
1776885187.9281027,0.0,-3.0,-47.0
1776885187.9381027,-3.0,0.0,-48.0
1776885187.9471028,-7.0,-1.0,-48.0
1776885187.9581027,-6.0,0.0,-51.0
1776885187.9681027,-4.0,0.0,-49.0
1776885187.9781027,0.0,-1.0,-50.0
1776885187.988103,2.0,-2.0,-46.0
1776885187.998103,2.0,-4.0,-44.0
1776885188.008103,1.0,-9.0,-42.0
1776885188.0181026,0.0,-10.0,-41.0
1776885188.0281026,0.0,-8.0,-42.0
1776885188.0381026,-1.0,-10.0,-48.0
1776885188.0481029,-8.0,-9.0,-50.0
1776885188.0581028,-8.0,-8.0,-48.0
1776885188.0681028,0.0,-6.0,-48.0
1776885188.0781028,5.0,-5.0,-53.0
1776885188.0881028,5.0,-5.0,-60.0
1776885188.0981028,5.0,-3.0,-64.0
1776885188.1081028,6.0,-2.0,-61.0
1776885188.1181028,3.0,2.0,-52.0
1776885188.1281028,-1.0,0.0,-46.0
1776885188.1381028,0.0,0.0,-43.0
1776885188.1481028,-1.0,-2.0,-51.0
1776885188.1581028,-3.0,1.0,-40.0
1776885188.1681027,0.0,3.0,-48.0
1776885188.1781027,2.0,-2.0,-52.0
1776885188.1881027,4.0,-1.0,-55.0
1776885188.1981027,6.0,-3.0,-55.0
1776885188.2081027,10.0,0.0,-59.0
1776885188.2181027,9.0,2.0,-65.0
1776885188.2281027,6.0,-4.0,-61.0
1776885188.238103,7.0,-2.0,-54.0
1776885188.248103,5.0,0.0,-48.0
1776885188.258103,2.0,-1.0,-38.0
1776885188.2681026,0.0,0.0,-44.0
1776885188.2781026,3.0,1.0,-47.0
1776885188.2881026,5.0,2.0,-50.0
1776885188.2981029,8.0,0.0,-47.0
1776885188.3081028,7.0,0.0,-50.0
1776885188.3181028,3.0,4.0,-44.0
1776885188.3281028,2.0,3.0,-42.0
1776885188.3381028,-3.0,1.0,-47.0
1776885188.3481028,-8.0,-1.0,-44.0
1776885188.3581028,-11.0,-8.0,-42.0
1776885188.3681028,-15.0,-9.0,-41.0
1776885188.3791027,-12.0,-7.0,-38.0
1776885188.3881028,-9.0,-4.0,-42.0
1776885188.3981028,-5.0,-4.0,-44.0
1776885188.4081028,-5.0,-7.0,-39.0
1776885188.4181027,-1.0,-3.0,-41.0
1776885188.4281027,-3.0,-1.0,-36.0
1776885188.4381027,-1.0,-4.0,-37.0
1776885188.4481027,1.0,-9.0,-41.0
1776885188.4581027,4.0,-5.0,-39.0
1776885188.4681027,2.0,-2.0,-36.0
1776885188.4781027,6.0,-1.0,-39.0
1776885188.488103,4.0,-2.0,-46.0
1776885188.498103,2.0,0.0,-46.0
1776885188.508103,7.0,0.0,-44.0
1776885188.5181026,7.0,1.0,-45.0
1776885188.5271027,6.0,-3.0,-47.0
1776885188.5381026,2.0,-1.0,-51.0
1776885188.5481029,-1.0,-1.0,-55.0
1776885188.5581028,-2.0,1.0,-49.0
1776885188.5681028,1.0,0.0,-43.0
1776885188.5781028,2.0,2.0,-41.0
1776885188.5881028,6.0,0.0,-39.0
1776885188.5981028,9.0,-3.0,-42.0
1776885188.6081028,5.0,-3.0,-44.0
1776885188.6181028,5.0,-4.0,-48.0
1776885188.6281028,2.0,-8.0,-49.0
1776885188.6381028,3.0,-8.0,-52.0
1776885188.6481028,-1.0,-5.0,-50.0
1776885188.6581028,0.0,-4.0,-49.0
1776885188.6681027,1.0,-5.0,-49.0
1776885188.6781027,1.0,-3.0,-56.0
1776885188.6881027,0.0,0.0,-59.0
1776885188.6981027,-2.0,4.0,-60.0
1776885188.7081027,-1.0,1.0,-53.0
1776885188.7181027,-4.0,0.0,-44.0
1776885188.7281027,0.0,-1.0,-39.0
1776885188.738103,3.0,1.0,-41.0
1776885188.748103,3.0,-1.0,-34.0
1776885188.758103,4.0,-2.0,-38.0
1776885188.7681026,6.0,-3.0,-43.0
1776885188.7781026,1.0,0.0,-49.0
1776885188.7881026,-1.0,0.0,-53.0
1776885188.7981029,0.0,-1.0,-55.0
1776885188.8081028,0.0,-5.0,-54.0
1776885188.8181028,-3.0,0.0,-51.0
1776885188.8281028,-3.0,1.0,-54.0
1776885188.8381028,0.0,3.0,-56.0
1776885188.8481028,1.0,1.0,-64.0
1776885188.8581028,2.0,-2.0,-60.0
1776885188.8681028,2.0,-4.0,-48.0
1776885188.8781028,3.0,-4.0,-47.0
1776885188.8881028,-2.0,-8.0,-40.0
1776885188.8981028,0.0,-9.0,-46.0
1776885188.9081028,-1.0,-10.0,-46.0
1776885188.9181027,-3.0,-12.0,-48.0
1776885188.9281027,-8.0,-11.0,-47.0
1776885188.9381027,-9.0,-10.0,-47.0
1776885188.9481027,-4.0,-5.0,-50.0
1776885188.9581027,3.0,-3.0,-47.0
1776885188.9681027,4.0,0.0,-45.0
1776885188.9781027,-3.0,3.0,-41.0
1776885188.988103,-1.0,6.0,-37.0
1776885188.998103,0.0,1.0,-42.0
1776885189.008103,-5.0,1.0,-52.0
1776885189.0181026,-11.0,1.0,-55.0
1776885189.0281026,-10.0,0.0,-56.0
1776885189.0381026,-7.0,-2.0,-51.0
1776885189.0481029,-8.0,-2.0,-47.0
1776885189.0581028,-10.0,-3.0,-47.0
1776885189.0681028,-7.0,-2.0,-43.0
1776885189.0781028,-3.0,0.0,-40.0
1776885189.0881028,0.0,1.0,-40.0
1776885189.0981028,1.0,0.0,-39.0
1776885189.1081028,1.0,0.0,-36.0
1776885189.1181028,0.0,-2.0,-38.0
1776885189.1281028,0.0,-7.0,-39.0
1776885189.1381028,0.0,-6.0,-43.0
1776885189.1481028,-1.0,-7.0,-39.0
1776885189.1581028,0.0,-7.0,-39.0
1776885189.1681027,-3.0,-6.0,-41.0
1776885189.1781027,-4.0,-6.0,-41.0
1776885189.1881027,-1.0,-3.0,-41.0
1776885189.1981027,-1.0,-3.0,-40.0
1776885189.2081027,0.0,-1.0,-46.0
1776885189.2181027,0.0,-2.0,-49.0
1776885189.2281027,-5.0,-3.0,-51.0
1776885189.238103,-9.0,-1.0,-54.0
1776885189.248103,-9.0,-2.0,-58.0
1776885189.258103,-2.0,-1.0,-53.0
1776885189.2681026,0.0,-2.0,-45.0
1776885189.2781026,1.0,-4.0,-48.0
1776885189.2881026,5.0,-2.0,-46.0
1776885189.2981029,9.0,-5.0,-49.0
1776885189.3081028,7.0,-5.0,-48.0
1776885189.3181028,6.0,-7.0,-45.0
1776885189.3281028,3.0,-7.0,-45.0
1776885189.3381028,3.0,-12.0,-47.0
1776885189.3481028,6.0,-12.0,-47.0
1776885189.3581028,5.0,-8.0,-46.0
1776885189.3681028,4.0,-7.0,-47.0
1776885189.3781028,1.0,-8.0,-36.0
1776885189.3881028,1.0,1.0,-33.0
1776885189.3981028,3.0,3.0,-35.0
1776885189.4081028,9.0,4.0,-46.0
1776885189.4181027,12.0,4.0,-43.0
1776885189.4281027,13.0,-2.0,-48.0
1776885189.4381027,6.0,-6.0,-46.0
1776885189.4481027,0.0,-5.0,-45.0
1776885189.4581027,-2.0,-6.0,-38.0
1776885189.4681027,0.0,-4.0,-30.0
1776885189.4781027,0.0,-4.0,-32.0
1776885189.488103,-4.0,-6.0,-33.0
1776885189.498103,-6.0,-2.0,-35.0
1776885189.508103,0.0,-3.0,-37.0
1776885189.5181026,0.0,-4.0,-33.0
1776885189.5281026,2.0,-3.0,-31.0
1776885189.5381026,1.0,-7.0,-35.0
1776885189.5481029,0.0,-9.0,-30.0
1776885189.5581028,0.0,-5.0,-35.0
1776885189.5681028,-3.0,0.0,-42.0
1776885189.5781028,-3.0,1.0,-43.0
1776885189.5881028,-5.0,5.0,-38.0
1776885189.5981028,-6.0,0.0,-34.0
1776885189.6081028,-4.0,-6.0,-42.0
1776885189.6181028,3.0,-5.0,-48.0
1776885189.6281028,4.0,-3.0,-56.0
1776885189.6381028,6.0,-3.0,-53.0
1776885189.6481028,3.0,0.0,-47.0
1776885189.6581028,0.0,4.0,-51.0
1776885189.6681027,-1.0,4.0,-44.0
1776885189.6781027,3.0,6.0,-39.0
1776885189.6881027,1.0,2.0,-34.0
1776885189.6981027,0.0,3.0,-38.0
1776885189.7081027,3.0,3.0,-39.0
1776885189.7181027,3.0,0.0,-36.0
1776885189.7281027,0.0,1.0,-38.0
1776885189.738103,1.0,2.0,-39.0
1776885189.748103,0.0,0.0,-44.0
1776885189.758103,-3.0,0.0,-42.0
1776885189.7681026,-5.0,-1.0,-45.0
1776885189.7781026,-4.0,0.0,-48.0
1776885189.7881026,0.0,-4.0,-52.0
1776885189.7981029,-1.0,-4.0,-54.0
1776885189.8081028,-2.0,-4.0,-53.0
1776885189.8181028,0.0,-6.0,-47.0
1776885189.8281028,1.0,-5.0,-34.0
1776885189.8381028,-2.0,-2.0,-33.0
1776885189.8481028,1.0,-1.0,-36.0
1776885189.8581028,2.0,-2.0,-34.0
1776885189.8681028,1.0,-3.0,-31.0
1776885189.8781028,0.0,-6.0,-37.0
1776885189.8881028,2.0,-5.0,-42.0
1776885189.8991027,5.0,-8.0,-44.0
1776885189.909103,1.0,-7.0,-45.0
1776885189.919103,-4.0,-7.0,-47.0
1776885189.929103,-4.0,-7.0,-45.0
1776885189.9391026,-3.0,-4.0,-39.0
1776885189.9491026,-7.0,-5.0,-53.0
1776885189.9591026,-6.0,-2.0,-51.0
1776885189.9691026,-3.0,-2.0,-48.0
1776885189.9791028,0.0,0.0,-53.0
1776885189.9891028,-1.0,2.0,-54.0
1776885189.9991028,2.0,1.0,-58.0
1776885190.0091028,2.0,2.0,-59.0
1776885190.0191028,4.0,-3.0,-53.0
1776885190.0291028,4.0,-3.0,-56.0
1776885190.0391028,3.0,0.0,-55.0
1776885190.0491028,3.0,-1.0,-52.0
1776885190.0591028,0.0,0.0,-56.0
1776885190.0691028,0.0,-1.0,-58.0
1776885190.0791028,4.0,-8.0,-52.0
1776885190.0891027,7.0,-10.0,-48.0
1776885190.0991027,4.0,-8.0,-40.0
1776885190.1091027,4.0,-7.0,-37.0
1776885190.1191027,1.0,-6.0,-38.0
1776885190.1291027,5.0,-2.0,-34.0
1776885190.1391027,6.0,-2.0,-29.0
1776885190.1491027,4.0,-4.0,-37.0
1776885190.159103,5.0,0.0,-40.0
1776885190.169103,4.0,-1.0,-40.0
1776885190.179103,5.0,-1.0,-33.0
1776885190.1891026,3.0,-1.0,-39.0
1776885190.1991026,-1.0,-1.0,-44.0
1776885190.2091026,-3.0,-9.0,-38.0
1776885190.2191026,0.0,-11.0,-43.0
1776885190.2291028,0.0,-10.0,-41.0
1776885190.2391028,1.0,-10.0,-42.0
1776885190.2491028,4.0,-5.0,-45.0
1776885190.2591028,1.0,-4.0,-39.0
1776885190.2691028,0.0,-7.0,-38.0
1776885190.2791028,1.0,-9.0,-32.0
1776885190.2891028,-2.0,-8.0,-35.0
1776885190.2991028,-2.0,-8.0,-38.0
1776885190.3091028,-3.0,-6.0,-48.0
1776885190.3191028,-4.0,-3.0,-50.0
1776885190.3291028,0.0,-1.0,-50.0
1776885190.3391027,-3.0,-2.0,-47.0
1776885190.3491027,-2.0,-2.0,-41.0
1776885190.3591027,0.0,-1.0,-43.0
1776885190.3691027,-2.0,0.0,-38.0
1776885190.3791027,-4.0,-2.0,-41.0
1776885190.3891027,-6.0,-2.0,-40.0
1776885190.3991027,-6.0,-4.0,-36.0
1776885190.409103,-3.0,-5.0,-40.0
1776885190.419103,-2.0,-5.0,-42.0
1776885190.429103,-3.0,-4.0,-46.0
1776885190.4391026,-5.0,-4.0,-39.0
1776885190.4491026,-2.0,-4.0,-41.0
1776885190.4591026,-3.0,0.0,-38.0
1776885190.4691026,0.0,-2.0,-43.0
1776885190.4791028,0.0,-2.0,-52.0
1776885190.4891028,0.0,-1.0,-59.0
1776885190.4991028,0.0,-2.0,-59.0
1776885190.5091028,-4.0,-1.0,-49.0
1776885190.5191028,-7.0,0.0,-46.0
1776885190.5291028,-4.0,-3.0,-39.0
1776885190.5391028,-1.0,-7.0,-42.0
1776885190.5491028,1.0,-7.0,-39.0
1776885190.5591028,1.0,-7.0,-37.0
1776885190.5691028,-2.0,-2.0,-37.0
1776885190.5791028,-3.0,0.0,-38.0
1776885190.5891027,-3.0,4.0,-46.0
1776885190.5991027,-1.0,3.0,-43.0
1776885190.6091027,1.0,0.0,-44.0
1776885190.6191027,-1.0,4.0,-46.0
1776885190.6291027,-3.0,3.0,-42.0
1776885190.6391027,-5.0,6.0,-47.0
1776885190.6491027,-4.0,8.0,-42.0
1776885190.659103,2.0,10.0,-41.0
1776885190.669103,-1.0,4.0,-40.0
1776885190.679103,-3.0,1.0,-38.0
1776885190.6891026,3.0,1.0,-36.0
1776885190.6991026,3.0,3.0,-36.0
1776885190.7091026,5.0,5.0,-40.0
1776885190.7191026,2.0,3.0,-44.0
1776885190.7291028,0.0,3.0,-42.0
1776885190.7391028,5.0,3.0,-48.0
1776885190.7491028,5.0,3.0,-56.0
1776885190.7591028,3.0,0.0,-59.0
1776885190.7691028,2.0,-1.0,-55.0
1776885190.7791028,-2.0,-3.0,-50.0
1776885190.7891028,0.0,-5.0,-48.0
1776885190.7991028,-2.0,-5.0,-47.0
1776885190.8091028,-3.0,-3.0,-42.0
1776885190.8191028,-8.0,-5.0,-46.0
1776885190.8291028,-4.0,-5.0,-45.0
1776885190.8391027,-3.0,-3.0,-43.0
1776885190.8491027,-2.0,-5.0,-49.0
1776885190.8591027,-3.0,-9.0,-51.0
1776885190.8691027,-5.0,-7.0,-46.0
1776885190.8791027,-7.0,-7.0,-46.0
1776885190.8891027,-3.0,-6.0,-39.0
1776885190.8991027,-3.0,-7.0,-42.0
1776885190.909103,-5.0,-5.0,-49.0
1776885190.919103,-4.0,0.0,-53.0
1776885190.929103,-1.0,0.0,-51.0
1776885190.9391026,0.0,0.0,-46.0
1776885190.9491026,2.0,-1.0,-46.0
1776885190.9591026,-1.0,-2.0,-44.0
1776885190.9691026,-6.0,-1.0,-42.0
1776885190.9791028,-9.0,-1.0,-41.0
1776885190.9891028,-6.0,-1.0,-48.0
1776885190.9991028,-1.0,-4.0,-52.0
1776885191.0091028,0.0,0.0,-49.0
1776885191.0191028,1.0,4.0,-38.0
1776885191.0291028,1.0,1.0,-38.0
1776885191.0391028,2.0,0.0,-35.0
1776885191.0491028,4.0,0.0,-36.0
1776885191.0591028,-1.0,1.0,-37.0
1776885191.0691028,-5.0,1.0,-40.0
1776885191.0791028,-3.0,0.0,-37.0
1776885191.0891027,0.0,-5.0,-46.0
1776885191.0991027,2.0,-4.0,-55.0
1776885191.1091027,0.0,-1.0,-55.0
1776885191.1191027,-5.0,-4.0,-45.0
1776885191.1291027,-1.0,-3.0,-49.0
1776885191.1391027,2.0,-4.0,-48.0
1776885191.1491027,1.0,-5.0,-44.0
1776885191.159103,2.0,-6.0,-49.0
1776885191.169103,3.0,-5.0,-44.0
1776885191.179103,-2.0,-6.0,-39.0
1776885191.1891026,-3.0,-4.0,-37.0
1776885191.1991026,-6.0,-5.0,-43.0
1776885191.2091026,-4.0,-2.0,-41.0
1776885191.2191026,-1.0,-1.0,-43.0
1776885191.2291028,-1.0,0.0,-47.0
1776885191.2391028,0.0,-3.0,-41.0
1776885191.2491028,7.0,-7.0,-47.0
1776885191.2591028,9.0,-5.0,-48.0
1776885191.2691028,4.0,-5.0,-48.0
1776885191.2791028,2.0,-4.0,-43.0
1776885191.2891028,2.0,-4.0,-39.0
1776885191.2991028,-1.0,-2.0,-38.0
1776885191.3091028,-4.0,-4.0,-40.0
1776885191.3191028,-2.0,-2.0,-42.0
1776885191.3291028,-1.0,-3.0,-38.0
1776885191.3391027,-3.0,-7.0,-34.0
1776885191.3491027,-1.0,-8.0,-34.0
1776885191.3591027,-4.0,-6.0,-46.0
1776885191.3691027,1.0,-4.0,-54.0
1776885191.3791027,4.0,-1.0,-53.0
1776885191.3891027,3.0,-4.0,-47.0
1776885191.3991027,1.0,-7.0,-50.0
1776885191.409103,-1.0,-2.0,-43.0
1776885191.419103,1.0,-2.0,-44.0
1776885191.429103,-2.0,-1.0,-51.0
1776885191.4391026,1.0,0.0,-46.0
1776885191.4491026,5.0,-2.0,-37.0
1776885191.4591026,3.0,-4.0,-42.0
1776885191.4691026,5.0,-4.0,-45.0
1776885191.4791028,6.0,-5.0,-51.0
1776885191.4891028,11.0,-9.0,-56.0
1776885191.4991028,8.0,-9.0,-54.0
1776885191.5091028,7.0,-3.0,-57.0
1776885191.5191028,5.0,-3.0,-60.0
1776885191.5291028,3.0,-1.0,-62.0
1776885191.5391028,-1.0,-1.0,-59.0
1776885191.5491028,-6.0,-6.0,-54.0
1776885191.5591028,-5.0,-6.0,-51.0
1776885191.5691028,-5.0,-6.0,-44.0
1776885191.5791028,-4.0,-6.0,-48.0
1776885191.5891027,-3.0,-5.0,-46.0
1776885191.5991027,0.0,-5.0,-47.0
1776885191.6091027,1.0,-7.0,-46.0
1776885191.6191027,3.0,-12.0,-52.0
1776885191.6291027,3.0,-11.0,-47.0
1776885191.6391027,2.0,-7.0,-38.0
1776885191.6491027,3.0,-6.0,-38.0
1776885191.659103,0.0,-7.0,-35.0
1776885191.669103,0.0,-8.0,-43.0
1776885191.679103,0.0,-7.0,-43.0
1776885191.6891026,-1.0,-9.0,-47.0
1776885191.6991026,0.0,-8.0,-50.0
1776885191.7091026,3.0,-5.0,-46.0
1776885191.7191026,5.0,-5.0,-44.0
1776885191.7291028,3.0,0.0,-49.0
1776885191.7391028,4.0,0.0,-47.0
1776885191.7491028,5.0,0.0,-57.0
1776885191.7591028,4.0,0.0,-56.0
1776885191.7691028,5.0,4.0,-48.0
1776885191.7791028,5.0,3.0,-53.0
1776885191.7891028,3.0,1.0,-55.0
1776885191.7991028,6.0,-1.0,-50.0
1776885191.8101027,6.0,-2.0,-38.0
1776885191.8191028,8.0,-3.0,-39.0
1776885191.8291028,10.0,0.0,-33.0
1776885191.8391027,7.0,-3.0,-35.0
1776885191.8491027,5.0,-5.0,-38.0
1776885191.8591027,6.0,-6.0,-35.0
1776885191.8691027,5.0,-1.0,-36.0
1776885191.8801026,6.0,-2.0,-31.0
1776885191.8901026,9.0,-2.0,-31.0
1776885191.9001029,10.0,0.0,-33.0
1776885191.9101028,9.0,0.0,-33.0
1776885191.9201028,7.0,0.0,-38.0
1776885191.9301028,8.0,0.0,-45.0
1776885191.9401028,6.0,-2.0,-48.0
1776885191.9501028,8.0,-4.0,-51.0
1776885191.9601028,-1.0,-4.0,-54.0
1776885191.9701028,-1.0,-5.0,-52.0
1776885191.9801028,3.0,-7.0,-48.0
1776885191.9901028,3.0,-6.0,-48.0
1776885192.0001028,4.0,-7.0,-47.0
1776885192.0101027,3.0,-7.0,-47.0
1776885192.0201027,-2.0,-9.0,-44.0
1776885192.0301027,-2.0,-9.0,-46.0
1776885192.0401027,4.0,-9.0,-47.0
1776885192.0501027,1.0,-6.0,-49.0
1776885192.0601027,-5.0,-8.0,-49.0
1776885192.0701027,0.0,-8.0,-59.0
1776885192.0801027,0.0,-5.0,-57.0
1776885192.090103,1.0,-7.0,-54.0
1776885192.100103,2.0,-4.0,-51.0
1776885192.110103,2.0,-1.0,-51.0
1776885192.1201026,2.0,-3.0,-48.0
1776885192.1301026,4.0,-7.0,-38.0
1776885192.1401026,1.0,-7.0,-36.0
1776885192.1501029,0.0,-6.0,-39.0
1776885192.1601028,3.0,-6.0,-43.0
1776885192.1701028,4.0,-7.0,-44.0
1776885192.1801028,3.0,-2.0,-42.0
1776885192.1901028,2.0,-1.0,-47.0
1776885192.2001028,2.0,0.0,-42.0
1776885192.2101028,1.0,0.0,-45.0
1776885192.2201028,2.0,-2.0,-41.0
1776885192.2301028,9.0,-2.0,-45.0
1776885192.2401028,4.0,0.0,-40.0
1776885192.2501028,3.0,1.0,-41.0
1776885192.2601027,4.0,0.0,-38.0
1776885192.2701027,2.0,2.0,-37.0
1776885192.2801027,2.0,-1.0,-32.0
1776885192.2901027,2.0,-3.0,-32.0
1776885192.3001027,3.0,-3.0,-36.0
1776885192.3101027,1.0,-2.0,-35.0
1776885192.3201027,-4.0,-6.0,-40.0
1776885192.3301027,0.0,-6.0,-38.0
1776885192.340103,1.0,-3.0,-33.0
1776885192.350103,3.0,-5.0,-34.0
1776885192.360103,3.0,-5.0,-41.0
1776885192.3701026,3.0,-1.0,-46.0
1776885192.3801026,5.0,-1.0,-45.0
1776885192.3901026,7.0,0.0,-46.0
1776885192.4001029,5.0,1.0,-40.0
1776885192.4101028,3.0,-4.0,-33.0
1776885192.4201028,7.0,-1.0,-28.0
1776885192.4301028,2.0,0.0,-28.0
1776885192.4401028,-2.0,-4.0,-32.0
1776885192.4501028,0.0,-7.0,-48.0
1776885192.4601028,0.0,-4.0,-55.0
1776885192.4701028,0.0,-4.0,-56.0
1776885192.4801028,2.0,-4.0,-52.0
1776885192.4901028,2.0,-7.0,-60.0
1776885192.5001028,4.0,-10.0,-59.0
1776885192.5101027,4.0,-7.0,-53.0
1776885192.5201027,1.0,-4.0,-55.0
1776885192.5301027,0.0,-4.0,-58.0
1776885192.5401027,0.0,-7.0,-58.0
1776885192.5501027,2.0,-10.0,-55.0
1776885192.5601027,5.0,-7.0,-53.0
1776885192.5701027,1.0,-6.0,-51.0
1776885192.5801027,-2.0,-8.0,-53.0
1776885192.590103,0.0,-7.0,-48.0
1776885192.600103,1.0,-5.0,-51.0
1776885192.610103,0.0,0.0,-50.0
1776885192.6201026,0.0,0.0,-47.0
1776885192.6301026,2.0,0.0,-47.0
1776885192.6401026,4.0,0.0,-55.0
1776885192.6501029,5.0,-2.0,-52.0
1776885192.6601028,3.0,-3.0,-46.0
1776885192.6701028,-2.0,-5.0,-42.0
1776885192.6801028,-6.0,-3.0,-42.0
1776885192.6901028,-6.0,-1.0,-37.0
1776885192.7001028,-4.0,0.0,-40.0
1776885192.7101028,-6.0,-4.0,-39.0
1776885192.7201028,-2.0,-7.0,-40.0
1776885192.7301028,-2.0,-9.0,-42.0
1776885192.7401028,0.0,-7.0,-41.0
1776885192.7501028,0.0,-7.0,-36.0
1776885192.7601027,2.0,-8.0,-30.0
1776885192.7701027,-1.0,-6.0,-40.0
1776885192.7801027,0.0,-6.0,-39.0
1776885192.7901027,-3.0,-6.0,-40.0
1776885192.8001027,0.0,-5.0,-42.0
1776885192.8101027,0.0,-8.0,-41.0
1776885192.8201027,4.0,-6.0,-36.0
1776885192.8301027,1.0,-5.0,-35.0
1776885192.840103,-1.0,-4.0,-35.0
1776885192.850103,-3.0,-4.0,-36.0
1776885192.860103,0.0,-4.0,-35.0
1776885192.8701026,3.0,-1.0,-40.0
1776885192.8801026,3.0,1.0,-44.0
1776885192.8901026,5.0,0.0,-46.0
1776885192.9001029,10.0,0.0,-45.0
1776885192.9101028,2.0,-2.0,-47.0
1776885192.9201028,2.0,0.0,-41.0
1776885192.9301028,-4.0,-1.0,-39.0
1776885192.9401028,-4.0,0.0,-48.0
1776885192.9501028,0.0,0.0,-54.0
1776885192.9601028,2.0,1.0,-56.0
1776885192.9701028,1.0,0.0,-60.0
1776885192.9801028,3.0,-2.0,-59.0
1776885192.9901028,5.0,3.0,-55.0
1776885193.0001028,4.0,0.0,-48.0
1776885193.0101027,1.0,0.0,-43.0
1776885193.0201027,-2.0,-1.0,-34.0
1776885193.0301027,0.0,-3.0,-36.0
1776885193.0401027,-1.0,-4.0,-37.0
1776885193.0501027,-1.0,-6.0,-42.0
1776885193.0601027,-3.0,-4.0,-46.0
1776885193.0701027,-4.0,-4.0,-48.0
1776885193.0801027,-5.0,-3.0,-40.0
1776885193.090103,-6.0,0.0,-31.0
1776885193.100103,-4.0,1.0,-36.0
1776885193.110103,-5.0,0.0,-38.0
1776885193.1201026,-3.0,-1.0,-39.0
1776885193.1301026,-3.0,-1.0,-39.0
1776885193.1401026,-5.0,-4.0,-42.0
1776885193.1501029,-4.0,-3.0,-42.0
1776885193.1601028,-3.0,-1.0,-45.0
1776885193.1701028,-1.0,-1.0,-49.0
1776885193.1801028,-2.0,-6.0,-48.0
1776885193.1901028,-1.0,-1.0,-41.0
1776885193.2001028,0.0,-4.0,-43.0
1776885193.2101028,3.0,-10.0,-46.0
1776885193.2201028,-2.0,-8.0,-49.0
1776885193.2301028,-3.0,-10.0,-47.0
1776885193.2401028,-4.0,-8.0,-40.0
1776885193.2501028,-9.0,-2.0,-41.0
1776885193.2601027,-4.0,1.0,-40.0
1776885193.2701027,0.0,1.0,-43.0
1776885193.2801027,0.0,1.0,-52.0
1776885193.2901027,-3.0,0.0,-43.0
1776885193.3001027,-3.0,2.0,-43.0
1776885193.3101027,-2.0,-2.0,-54.0
1776885193.3201027,-2.0,-10.0,-48.0
1776885193.3301027,-1.0,-7.0,-49.0
1776885193.340103,0.0,-4.0,-46.0
1776885193.350103,1.0,-7.0,-53.0
1776885193.360103,0.0,-12.0,-57.0
1776885193.3701026,0.0,-10.0,-51.0
1776885193.3801026,0.0,-10.0,-48.0
1776885193.3901026,2.0,-7.0,-50.0
1776885193.4001029,0.0,-7.0,-55.0
1776885193.4101028,-5.0,-7.0,-54.0
1776885193.4201028,-3.0,-7.0,-50.0
1776885193.4301028,-5.0,-6.0,-50.0
1776885193.4401028,-1.0,-6.0,-53.0
1776885193.4501028,1.0,-6.0,-44.0
1776885193.4601028,4.0,-8.0,-44.0
1776885193.4701028,4.0,-4.0,-48.0
1776885193.4801028,1.0,-4.0,-40.0
1776885193.4901028,-6.0,-5.0,-37.0
1776885193.5001028,-6.0,-4.0,-36.0
1776885193.5101027,-6.0,-7.0,-35.0
1776885193.5201027,-3.0,-7.0,-33.0
1776885193.5301027,0.0,-6.0,-30.0
1776885193.5401027,0.0,-6.0,-32.0
1776885193.5501027,-4.0,-7.0,-43.0
1776885193.5601027,-2.0,-5.0,-41.0
1776885193.5701027,-1.0,-4.0,-41.0
1776885193.5801027,0.0,-4.0,-43.0
1776885193.590103,-2.0,-5.0,-39.0
1776885193.600103,0.0,-2.0,-41.0
1776885193.610103,0.0,-1.0,-46.0
1776885193.6201026,-1.0,-4.0,-42.0
1776885193.6301026,-3.0,-6.0,-45.0
1776885193.6401026,-6.0,-6.0,-45.0
1776885193.6501029,-5.0,-7.0,-44.0
1776885193.6601028,-1.0,-1.0,-49.0
1776885193.6701028,2.0,-2.0,-51.0
1776885193.6801028,1.0,-4.0,-48.0
1776885193.6901028,4.0,-4.0,-48.0
1776885193.7001028,5.0,-8.0,-49.0
1776885193.7101028,11.0,-4.0,-45.0
1776885193.7201028,13.0,-1.0,-45.0
1776885193.7301028,12.0,0.0,-53.0
1776885193.7401028,7.0,0.0,-53.0
1776885193.7501028,10.0,3.0,-50.0
1776885193.7601027,9.0,2.0,-54.0
1776885193.7701027,6.0,-3.0,-55.0
1776885193.7801027,4.0,-6.0,-43.0
1776885193.7901027,4.0,-4.0,-40.0
1776885193.8001027,2.0,-3.0,-39.0
1776885193.8101027,2.0,-3.0,-35.0
1776885193.8201027,0.0,-2.0,-41.0
1776885193.8301027,-1.0,-1.0,-45.0
1776885193.8411028,-1.0,-3.0,-46.0
1776885193.8511028,-4.0,-1.0,-44.0
1776885193.8611028,-7.0,-3.0,-37.0
1776885193.8711028,-7.0,-5.0,-41.0
1776885193.8811028,-7.0,-6.0,-47.0
1776885193.8911028,-16.0,0.0,-44.0
1776885193.9011028,-14.0,1.0,-44.0
1776885193.9111028,-11.0,2.0,-37.0
1776885193.9211028,-3.0,0.0,-38.0
1776885193.9311028,0.0,1.0,-39.0
1776885193.9411027,0.0,0.0,-40.0
1776885193.9511027,0.0,2.0,-42.0
1776885193.9611027,2.0,0.0,-46.0
1776885193.9711027,5.0,0.0,-44.0
1776885193.9811027,-1.0,2.0,-45.0
1776885193.9911027,0.0,1.0,-44.0
1776885194.0011027,0.0,5.0,-34.0
1776885194.011103,7.0,5.0,-27.0
1776885194.021103,11.0,9.0,-30.0
1776885194.031103,9.0,5.0,-31.0
1776885194.0411026,13.0,5.0,-27.0
1776885194.0511026,17.0,6.0,-27.0
1776885194.0611026,12.0,4.0,-36.0
1776885194.0711029,8.0,3.0,-35.0
1776885194.0811028,8.0,3.0,-38.0
1776885194.0911028,9.0,5.0,-42.0
1776885194.1011028,6.0,4.0,-42.0
1776885194.1111028,4.0,0.0,-47.0
1776885194.1211028,2.0,-1.0,-47.0
1776885194.1311028,3.0,0.0,-45.0
1776885194.1411028,0.0,0.0,-50.0
1776885194.1511028,0.0,2.0,-50.0
1776885194.1611028,-2.0,1.0,-52.0
1776885194.1711028,-3.0,-4.0,-55.0
1776885194.1811028,-3.0,-7.0,-51.0
1776885194.1911027,-4.0,-6.0,-51.0
1776885194.2011027,-1.0,-1.0,-50.0
1776885194.2111027,-1.0,-1.0,-49.0
1776885194.2211027,0.0,1.0,-51.0
1776885194.2311027,0.0,4.0,-50.0
1776885194.2411027,-1.0,7.0,-53.0
1776885194.2511027,-2.0,7.0,-53.0
1776885194.261103,0.0,8.0,-48.0
1776885194.271103,5.0,2.0,-51.0
1776885194.281103,6.0,0.0,-47.0
1776885194.2911026,0.0,-1.0,-43.0
1776885194.3011026,5.0,-4.0,-43.0
1776885194.3111026,5.0,-5.0,-48.0
1776885194.3211029,4.0,-1.0,-48.0
1776885194.3311028,8.0,-3.0,-53.0
1776885194.3411028,4.0,-6.0,-58.0
1776885194.3511028,0.0,-9.0,-57.0
1776885194.3611028,2.0,-5.0,-53.0
1776885194.3711028,0.0,-4.0,-53.0
1776885194.3811028,0.0,-2.0,-52.0
1776885194.3911028,0.0,-1.0,-49.0
1776885194.4011028,4.0,-5.0,-49.0
1776885194.4111028,1.0,-6.0,-49.0
1776885194.4211028,3.0,-6.0,-51.0
1776885194.4311028,1.0,-9.0,-54.0
1776885194.4411027,2.0,-5.0,-53.0
1776885194.4511027,2.0,-1.0,-49.0
1776885194.4611027,3.0,2.0,-43.0
1776885194.4711027,6.0,2.0,-45.0
1776885194.4811027,10.0,1.0,-51.0
1776885194.4911027,12.0,0.0,-55.0
1776885194.5011027,8.0,0.0,-56.0
1776885194.511103,1.0,-6.0,-55.0
1776885194.521103,0.0,-6.0,-56.0
1776885194.531103,2.0,-7.0,-57.0
1776885194.5411026,0.0,-6.0,-48.0
1776885194.5511026,-2.0,0.0,-45.0
1776885194.5611026,-2.0,3.0,-46.0
1776885194.5711029,2.0,10.0,-47.0
1776885194.5811028,1.0,8.0,-51.0
1776885194.5911028,6.0,7.0,-49.0
1776885194.6011028,4.0,3.0,-52.0
1776885194.6111028,8.0,0.0,-44.0
1776885194.6211028,4.0,-2.0,-45.0
1776885194.6311028,2.0,-2.0,-46.0
1776885194.6411028,2.0,0.0,-42.0
1776885194.6511028,3.0,0.0,-45.0
1776885194.6611028,4.0,0.0,-39.0
1776885194.6711028,7.0,-3.0,-34.0
1776885194.6811028,7.0,-4.0,-38.0
1776885194.6911027,4.0,-1.0,-32.0
1776885194.7011027,2.0,0.0,-37.0
1776885194.7111027,0.0,-3.0,-43.0
1776885194.7211027,0.0,-4.0,-41.0
1776885194.7311027,-4.0,0.0,-36.0
1776885194.7411027,-5.0,0.0,-30.0
1776885194.7511027,-3.0,-1.0,-37.0
1776885194.761103,-2.0,-2.0,-35.0
1776885194.771103,-3.0,-1.0,-39.0
1776885194.781103,-3.0,0.0,-34.0
1776885194.7911026,0.0,1.0,-38.0
1776885194.8011026,5.0,-2.0,-36.0
1776885194.8111026,6.0,2.0,-46.0
1776885194.8211029,9.0,2.0,-47.0
1776885194.8311028,8.0,1.0,-50.0
1776885194.8411028,5.0,1.0,-49.0
1776885194.8511028,-2.0,4.0,-46.0
1776885194.8611028,0.0,0.0,-47.0
1776885194.8711028,0.0,0.0,-40.0
1776885194.8811028,0.0,0.0,-41.0
1776885194.8911028,4.0,0.0,-44.0
1776885194.9011028,4.0,1.0,-49.0
1776885194.9111028,5.0,4.0,-49.0
1776885194.9211028,7.0,1.0,-52.0
1776885194.9311028,6.0,-2.0,-50.0
1776885194.9411027,9.0,-5.0,-47.0
1776885194.9511027,7.0,-5.0,-40.0
1776885194.9611027,4.0,0.0,-36.0
1776885194.9711027,2.0,-1.0,-40.0
1776885194.9811027,4.0,-1.0,-44.0
1776885194.9911027,6.0,1.0,-46.0
1776885195.0011027,5.0,0.0,-41.0
1776885195.011103,-1.0,0.0,-42.0
1776885195.021103,-5.0,0.0,-46.0
1776885195.031103,-1.0,-2.0,-50.0
1776885195.0411026,3.0,-2.0,-47.0
1776885195.0511026,1.0,-1.0,-40.0
1776885195.0611026,0.0,-6.0,-43.0
1776885195.0711029,2.0,-8.0,-53.0
1776885195.0811028,4.0,-9.0,-52.0
1776885195.0911028,6.0,-8.0,-51.0
1776885195.1011028,9.0,1.0,-47.0
1776885195.1111028,0.0,6.0,-45.0
1776885195.1211028,-7.0,4.0,-42.0
1776885195.1311028,-7.0,2.0,-34.0
1776885195.1411028,-4.0,-2.0,-36.0
1776885195.1511028,-1.0,-6.0,-41.0
1776885195.1611028,0.0,-6.0,-42.0
1776885195.1711028,1.0,-5.0,-40.0
1776885195.1811028,0.0,-2.0,-30.0
1776885195.1911027,1.0,-2.0,-35.0
1776885195.2011027,1.0,-2.0,-36.0
1776885195.2111027,0.0,-3.0,-35.0
1776885195.2211027,-9.0,-1.0,-32.0
1776885195.2311027,-7.0,-1.0,-34.0
1776885195.2411027,-1.0,1.0,-36.0
1776885195.2511027,1.0,4.0,-42.0
1776885195.261103,4.0,8.0,-41.0
1776885195.271103,1.0,1.0,-45.0
1776885195.281103,3.0,1.0,-44.0
1776885195.2911026,1.0,0.0,-50.0
1776885195.3011026,0.0,-4.0,-50.0
1776885195.3111026,1.0,-2.0,-57.0
1776885195.3211029,1.0,0.0,-51.0
1776885195.3311028,2.0,-1.0,-51.0
1776885195.3411028,-1.0,-2.0,-44.0
1776885195.3511028,0.0,0.0,-44.0
1776885195.3611028,1.0,-1.0,-38.0
1776885195.3711028,4.0,0.0,-46.0
1776885195.3811028,2.0,0.0,-46.0
1776885195.3911028,0.0,-2.0,-39.0
1776885195.4011028,-3.0,0.0,-44.0
1776885195.4111028,-5.0,0.0,-54.0
1776885195.4211028,-4.0,0.0,-52.0
1776885195.4311028,-8.0,-1.0,-50.0
1776885195.4411027,-6.0,1.0,-48.0
1776885195.4511027,0.0,2.0,-45.0
1776885195.4611027,3.0,1.0,-42.0
1776885195.4711027,3.0,2.0,-42.0
1776885195.4811027,-1.0,-1.0,-40.0
1776885195.4911027,-1.0,-2.0,-38.0
1776885195.5011027,1.0,-3.0,-37.0
1776885195.511103,-2.0,-6.0,-38.0
1776885195.521103,-2.0,-10.0,-36.0
1776885195.531103,-1.0,-1.0,-41.0
1776885195.5411026,-2.0,4.0,-46.0
1776885195.5511026,1.0,2.0,-41.0
1776885195.5611026,0.0,4.0,-42.0
1776885195.5711029,0.0,0.0,-41.0
1776885195.5811028,1.0,-4.0,-42.0
1776885195.5911028,6.0,-6.0,-44.0
1776885195.6011028,6.0,-5.0,-46.0
1776885195.6111028,3.0,-8.0,-46.0
1776885195.6221027,0.0,-7.0,-48.0
1776885195.6311028,-2.0,-4.0,-41.0
1776885195.6411028,-3.0,-6.0,-39.0
1776885195.6511028,-4.0,-6.0,-36.0
1776885195.6611028,-5.0,-6.0,-36.0
1776885195.6711028,0.0,-8.0,-41.0
1776885195.6811028,-2.0,-6.0,-40.0
1776885195.6911027,2.0,-5.0,-43.0
1776885195.7011027,-2.0,0.0,-51.0
1776885195.7111027,-3.0,0.0,-49.0
1776885195.7211027,-3.0,1.0,-48.0
1776885195.7311027,-1.0,2.0,-45.0
1776885195.7411027,-5.0,-2.0,-50.0
1776885195.7521029,-1.0,0.0,-52.0
1776885195.761103,4.0,-1.0,-51.0
1776885195.771103,3.0,-2.0,-51.0
1776885195.781103,5.0,-2.0,-49.0
1776885195.7911026,5.0,-5.0,-52.0
1776885195.8011026,2.0,-6.0,-52.0
1776885195.8121028,4.0,-3.0,-53.0
1776885195.8221028,2.0,-2.0,-52.0
1776885195.8311028,1.0,-4.0,-53.0
1776885195.8421028,3.0,-6.0,-52.0
1776885195.8521028,3.0,-6.0,-46.0
1776885195.8621027,4.0,0.0,-40.0
1776885195.8721027,6.0,0.0,-38.0
1776885195.8821027,2.0,1.0,-42.0
1776885195.8921027,-3.0,0.0,-41.0
1776885195.9021027,-2.0,1.0,-48.0
1776885195.9121027,-1.0,0.0,-49.0
1776885195.9221027,0.0,-4.0,-47.0
1776885195.932103,0.0,-2.0,-46.0
1776885195.942103,1.0,-2.0,-44.0
1776885195.952103,-3.0,-1.0,-53.0
1776885195.962103,-6.0,2.0,-54.0
1776885195.9721026,-3.0,1.0,-53.0
1776885195.9821026,1.0,1.0,-57.0
1776885195.9921026,2.0,2.0,-54.0
1776885196.0021029,-1.0,4.0,-51.0
1776885196.0121028,-1.0,6.0,-47.0
1776885196.0221028,0.0,5.0,-47.0
1776885196.0321028,-1.0,4.0,-38.0
1776885196.0421028,-3.0,5.0,-38.0
1776885196.0521028,-2.0,3.0,-37.0
1776885196.0621028,-2.0,5.0,-43.0
1776885196.0721028,-1.0,6.0,-48.0
1776885196.0821028,1.0,7.0,-44.0
1776885196.0921028,1.0,7.0,-38.0
1776885196.1021028,4.0,6.0,-40.0
1776885196.1121027,0.0,4.0,-39.0
1776885196.1221027,0.0,2.0,-35.0
1776885196.1321027,4.0,1.0,-40.0
1776885196.1421027,8.0,-1.0,-51.0
1776885196.1521027,6.0,2.0,-49.0
1776885196.1621027,7.0,-2.0,-43.0
1776885196.1721027,1.0,-5.0,-42.0
1776885196.182103,0.0,-2.0,-42.0
1776885196.192103,2.0,-3.0,-34.0
1776885196.202103,1.0,-2.0,-31.0
1776885196.212103,3.0,1.0,-31.0
1776885196.2221026,0.0,0.0,-35.0
1776885196.2321026,0.0,-5.0,-35.0
1776885196.2421026,4.0,-9.0,-39.0
1776885196.2521029,4.0,-7.0,-47.0
1776885196.2621028,2.0,-6.0,-50.0
1776885196.2721028,-1.0,-1.0,-44.0
1776885196.2821028,-5.0,-1.0,-42.0
1776885196.2921028,-3.0,2.0,-40.0
1776885196.3021028,0.0,-1.0,-39.0
1776885196.3121028,0.0,-2.0,-31.0
1776885196.3221028,-3.0,-6.0,-31.0
1776885196.3321028,-2.0,-9.0,-35.0
1776885196.3421028,0.0,-7.0,-45.0
1776885196.3521028,-3.0,-2.0,-48.0
1776885196.3621027,1.0,-6.0,-47.0
1776885196.3721027,3.0,-3.0,-48.0
1776885196.3821027,6.0,-8.0,-43.0
1776885196.3921027,2.0,-7.0,-37.0
1776885196.4021027,0.0,-9.0,-36.0
1776885196.4121027,0.0,-10.0,-43.0
1776885196.4221027,-4.0,-11.0,-43.0
1776885196.432103,-4.0,-10.0,-47.0
1776885196.442103,-4.0,-12.0,-44.0
1776885196.452103,-2.0,-12.0,-43.0
1776885196.462103,1.0,-16.0,-43.0
1776885196.4721026,0.0,-12.0,-41.0
1776885196.4821026,-1.0,-9.0,-45.0
1776885196.4921026,-1.0,-4.0,-46.0
1776885196.5021029,0.0,0.0,-43.0
1776885196.5121028,0.0,-2.0,-46.0
1776885196.5221028,-4.0,-4.0,-48.0
1776885196.5321028,-3.0,-8.0,-47.0
1776885196.5421028,-7.0,-7.0,-45.0
1776885196.5521028,-5.0,-5.0,-38.0
1776885196.5621028,-12.0,-5.0,-42.0
1776885196.5721028,-12.0,-4.0,-44.0
1776885196.5821028,-7.0,-1.0,-45.0
1776885196.5921028,-5.0,-1.0,-48.0
1776885196.6021028,-1.0,-3.0,-53.0
1776885196.6121027,3.0,-4.0,-57.0
1776885196.6221027,6.0,0.0,-53.0
1776885196.6321027,9.0,1.0,-47.0
1776885196.6421027,11.0,3.0,-44.0
1776885196.6521027,12.0,1.0,-46.0
1776885196.6621027,10.0,-1.0,-45.0
1776885196.6721027,5.0,-4.0,-42.0
1776885196.682103,3.0,-5.0,-43.0
1776885196.692103,2.0,-4.0,-40.0
1776885196.702103,2.0,-1.0,-36.0
1776885196.712103,1.0,-1.0,-39.0
1776885196.7221026,2.0,1.0,-42.0
1776885196.7321026,3.0,1.0,-39.0
1776885196.7421026,8.0,-1.0,-40.0
1776885196.7521029,8.0,3.0,-43.0
1776885196.7621028,2.0,2.0,-44.0
1776885196.7721028,2.0,2.0,-39.0
1776885196.7821028,1.0,1.0,-36.0
1776885196.7921028,0.0,2.0,-36.0
1776885196.8021028,0.0,2.0,-39.0
1776885196.8121028,3.0,0.0,-46.0
1776885196.8221028,1.0,-2.0,-55.0
1776885196.8321028,0.0,-2.0,-50.0
1776885196.8421028,0.0,0.0,-47.0
1776885196.8521028,2.0,2.0,-43.0
1776885196.8621027,3.0,1.0,-43.0
1776885196.8721027,2.0,1.0,-46.0
1776885196.8821027,0.0,4.0,-48.0
1776885196.8921027,-1.0,4.0,-48.0
1776885196.9021027,-3.0,4.0,-44.0
1776885196.9121027,-1.0,6.0,-47.0
1776885196.9221027,5.0,3.0,-47.0
1776885196.932103,3.0,1.0,-46.0
1776885196.942103,-1.0,0.0,-43.0
1776885196.952103,1.0,3.0,-42.0
1776885196.962103,3.0,0.0,-44.0
1776885196.9721026,1.0,0.0,-47.0
1776885196.9821026,1.0,-3.0,-46.0
1776885196.9921026,6.0,-2.0,-41.0
1776885197.0021029,4.0,-2.0,-36.0
1776885197.0121028,3.0,-2.0,-30.0
1776885197.0221028,0.0,1.0,-34.0
1776885197.0321028,2.0,5.0,-33.0
1776885197.0421028,3.0,2.0,-41.0
1776885197.0521028,1.0,0.0,-48.0
1776885197.0621028,1.0,-2.0,-39.0
1776885197.0721028,0.0,-2.0,-35.0
1776885197.0821028,1.0,-1.0,-39.0
1776885197.0921028,-1.0,-2.0,-36.0
1776885197.1021028,-3.0,-2.0,-40.0
1776885197.1121027,2.0,-4.0,-42.0
1776885197.1221027,0.0,-5.0,-51.0
1776885197.1321027,-2.0,-2.0,-49.0
1776885197.1421027,-3.0,-4.0,-42.0
1776885197.1521027,-6.0,-5.0,-32.0
1776885197.1621027,-1.0,-4.0,-37.0
1776885197.1721027,1.0,-6.0,-44.0
1776885197.182103,0.0,-2.0,-48.0
1776885197.192103,0.0,-2.0,-49.0
1776885197.202103,2.0,1.0,-48.0
1776885197.212103,0.0,0.0,-45.0
1776885197.2221026,4.0,-5.0,-41.0
1776885197.2321026,3.0,-4.0,-39.0
1776885197.2421026,1.0,-1.0,-40.0
1776885197.2521029,4.0,1.0,-35.0
1776885197.2621028,3.0,-1.0,-37.0
1776885197.2721028,-1.0,-1.0,-42.0
1776885197.2821028,0.0,-2.0,-42.0
1776885197.2921028,0.0,-2.0,-45.0
1776885197.3021028,0.0,-6.0,-43.0
1776885197.3121028,1.0,-4.0,-40.0
1776885197.3221028,-2.0,-1.0,-34.0
1776885197.3321028,-6.0,1.0,-35.0
1776885197.3421028,-5.0,2.0,-37.0
1776885197.3521028,2.0,3.0,-37.0
1776885197.3621027,3.0,-1.0,-34.0
1776885197.3721027,-3.0,0.0,-37.0
1776885197.3821027,-2.0,2.0,-37.0
1776885197.3921027,-3.0,1.0,-43.0
1776885197.4021027,0.0,0.0,-47.0
1776885197.4121027,-1.0,1.0,-43.0
1776885197.4221027,-3.0,2.0,-39.0
1776885197.432103,-1.0,2.0,-43.0
1776885197.442103,-1.0,0.0,-42.0
1776885197.452103,2.0,0.0,-42.0
1776885197.462103,2.0,-3.0,-46.0
1776885197.4721026,2.0,-1.0,-43.0
1776885197.4821026,3.0,1.0,-42.0
1776885197.4921026,3.0,4.0,-41.0
1776885197.5021029,7.0,0.0,-42.0
1776885197.5121028,11.0,-2.0,-38.0
1776885197.5221028,7.0,-4.0,-38.0
1776885197.5321028,11.0,-3.0,-43.0
1776885197.5421028,8.0,-1.0,-45.0
1776885197.5521028,9.0,0.0,-42.0
1776885197.5621028,6.0,0.0,-41.0
1776885197.5721028,-2.0,1.0,-37.0
1776885197.5821028,-1.0,2.0,-43.0
1776885197.5921028,-1.0,0.0,-50.0
1776885197.6021028,0.0,1.0,-53.0
1776885197.6121027,1.0,4.0,-49.0
1776885197.6221027,2.0,4.0,-48.0
1776885197.6321027,0.0,5.0,-43.0
1776885197.6421027,5.0,3.0,-39.0
1776885197.6521027,8.0,-1.0,-32.0
1776885197.6621027,11.0,0.0,-26.0
1776885197.6721027,12.0,3.0,-31.0
1776885197.682103,12.0,4.0,-37.0
1776885197.692103,11.0,3.0,-33.0
1776885197.702103,11.0,5.0,-34.0
1776885197.712103,8.0,7.0,-40.0
1776885197.7221026,4.0,3.0,-45.0
1776885197.7321026,3.0,2.0,-50.0
1776885197.7421026,3.0,-1.0,-42.0
1776885197.7521029,0.0,0.0,-39.0
1776885197.7621028,-3.0,-5.0,-45.0
1776885197.7721028,0.0,-7.0,-46.0
1776885197.7821028,1.0,-6.0,-44.0
1776885197.7921028,0.0,-6.0,-45.0
1776885197.8021028,-5.0,-3.0,-49.0
1776885197.8121028,-6.0,0.0,-43.0
1776885197.8231027,-9.0,0.0,-41.0
1776885197.8331027,-8.0,0.0,-35.0
1776885197.8431027,-8.0,-1.0,-39.0
1776885197.8531027,-5.0,0.0,-46.0
1776885197.863103,-7.0,-3.0,-46.0
1776885197.873103,-11.0,-1.0,-43.0
1776885197.883103,-9.0,0.0,-42.0
1776885197.8931026,-5.0,4.0,-46.0
1776885197.9031026,0.0,4.0,-47.0
1776885197.9131026,0.0,3.0,-49.0
1776885197.9231029,-2.0,4.0,-50.0
1776885197.9331028,-6.0,6.0,-56.0
1776885197.9431028,-5.0,4.0,-48.0
1776885197.9531028,-3.0,0.0,-46.0
1776885197.9631028,0.0,0.0,-45.0
1776885197.9731028,-1.0,-4.0,-47.0
1776885197.9831028,-2.0,-9.0,-46.0
1776885197.9931028,-6.0,-5.0,-51.0
1776885198.0031028,-8.0,-3.0,-55.0
1776885198.0131028,-10.0,-2.0,-50.0
1776885198.0231028,-9.0,-9.0,-46.0
1776885198.0331028,-6.0,-11.0,-44.0
1776885198.0431027,-8.0,-11.0,-37.0
1776885198.0531027,-10.0,-7.0,-44.0
1776885198.0631027,-8.0,-5.0,-47.0
1776885198.0731027,-4.0,-4.0,-48.0
1776885198.0831027,0.0,-3.0,-46.0
1776885198.0931027,-3.0,-3.0,-49.0
1776885198.1031027,0.0,1.0,-51.0
1776885198.113103,-3.0,0.0,-51.0
1776885198.123103,-3.0,1.0,-49.0
1776885198.133103,-2.0,2.0,-47.0
1776885198.1431026,-4.0,3.0,-51.0
1776885198.1531026,0.0,5.0,-55.0
1776885198.1631026,4.0,6.0,-56.0
1776885198.1731029,7.0,4.0,-56.0
1776885198.1831028,10.0,1.0,-46.0
1776885198.1931028,4.0,1.0,-46.0
1776885198.2031028,2.0,0.0,-36.0
1776885198.2131028,1.0,-2.0,-37.0
1776885198.2231028,1.0,-5.0,-39.0
1776885198.2331028,1.0,-4.0,-45.0
1776885198.2431028,1.0,-7.0,-49.0
1776885198.2531028,3.0,-6.0,-44.0
1776885198.2631028,5.0,-6.0,-42.0
1776885198.2731028,4.0,-7.0,-39.0
1776885198.2831028,3.0,-8.0,-38.0
1776885198.2931027,0.0,-11.0,-40.0
1776885198.3031027,-1.0,-11.0,-37.0
1776885198.3131027,0.0,-9.0,-41.0
1776885198.3231027,0.0,-6.0,-44.0
1776885198.3331027,-2.0,-6.0,-46.0
1776885198.3431027,-1.0,-7.0,-46.0
1776885198.3531027,-1.0,-7.0,-45.0
1776885198.363103,0.0,-5.0,-45.0
1776885198.373103,0.0,-1.0,-41.0
1776885198.383103,-1.0,-4.0,-42.0
1776885198.3931026,-3.0,-3.0,-38.0
1776885198.4031026,-2.0,-5.0,-45.0
1776885198.4131026,-2.0,0.0,-48.0
1776885198.4231029,0.0,-1.0,-47.0
1776885198.4331028,0.0,0.0,-47.0
1776885198.4431028,-1.0,2.0,-50.0
1776885198.4531028,1.0,1.0,-44.0
1776885198.4631028,3.0,0.0,-46.0
1776885198.4731028,0.0,2.0,-52.0
1776885198.4831028,0.0,1.0,-50.0
1776885198.4931028,1.0,-3.0,-50.0
1776885198.5031028,0.0,-3.0,-55.0
1776885198.5131028,0.0,-4.0,-59.0
1776885198.5231028,-4.0,0.0,-58.0
1776885198.5331028,-3.0,-1.0,-43.0
1776885198.5431027,-3.0,-2.0,-41.0
1776885198.5531027,-4.0,1.0,-39.0
1776885198.5631027,-7.0,4.0,-31.0
1776885198.5731027,-11.0,3.0,-33.0
1776885198.5831027,-4.0,-1.0,-40.0
1776885198.5931027,-7.0,-1.0,-44.0
1776885198.6031027,-7.0,-3.0,-45.0
1776885198.613103,-3.0,-5.0,-43.0
1776885198.623103,-4.0,-8.0,-40.0
1776885198.633103,-3.0,-5.0,-35.0
1776885198.6431026,-5.0,-3.0,-36.0
1776885198.6531026,-6.0,1.0,-33.0
1776885198.6631026,-2.0,0.0,-34.0
1776885198.6731029,-1.0,-2.0,-36.0
1776885198.6831028,-3.0,-4.0,-41.0
1776885198.6931028,0.0,-5.0,-47.0
1776885198.7031028,3.0,-1.0,-51.0
1776885198.7131028,3.0,-6.0,-53.0
1776885198.7231028,3.0,-11.0,-50.0
1776885198.7331028,-1.0,-10.0,-53.0
1776885198.7431028,1.0,-13.0,-47.0
1776885198.7531028,0.0,-9.0,-45.0
1776885198.7631028,-2.0,-8.0,-42.0
1776885198.7731028,2.0,-8.0,-42.0
1776885198.7831028,5.0,-10.0,-48.0
1776885198.7931027,6.0,-7.0,-46.0
1776885198.8031027,7.0,-4.0,-42.0
1776885198.8131027,2.0,-7.0,-45.0
1776885198.8231027,5.0,-5.0,-52.0
1776885198.8331027,4.0,-2.0,-54.0
1776885198.8431027,6.0,-3.0,-44.0
1776885198.8531027,1.0,2.0,-42.0
1776885198.863103,-1.0,4.0,-50.0
1776885198.873103,-1.0,2.0,-56.0
1776885198.883103,1.0,-5.0,-54.0
1776885198.8931026,3.0,-9.0,-52.0
1776885198.9031026,0.0,-7.0,-56.0
1776885198.9131026,2.0,-4.0,-51.0
1776885198.9231029,6.0,0.0,-51.0
1776885198.9331028,6.0,0.0,-50.0
1776885198.9431028,9.0,-3.0,-49.0
1776885198.9531028,7.0,-2.0,-54.0
1776885198.9631028,6.0,-3.0,-52.0
1776885198.9731028,7.0,-4.0,-56.0
1776885198.9831028,6.0,-6.0,-60.0
1776885198.9931028,6.0,-4.0,-61.0
1776885199.0031028,6.0,-1.0,-52.0
1776885199.0131028,3.0,0.0,-50.0
1776885199.0231028,0.0,0.0,-51.0
1776885199.0331028,-1.0,-4.0,-47.0
1776885199.0431027,-1.0,-2.0,-43.0
1776885199.0531027,0.0,-4.0,-43.0
1776885199.0631027,1.0,-3.0,-49.0
1776885199.0731027,0.0,-3.0,-49.0
1776885199.0831027,0.0,-4.0,-49.0
1776885199.0931027,0.0,-2.0,-48.0
1776885199.1031027,0.0,0.0,-43.0
1776885199.113103,-5.0,3.0,-45.0
1776885199.123103,-5.0,4.0,-46.0
1776885199.133103,-9.0,3.0,-45.0
1776885199.1431026,-9.0,4.0,-51.0
1776885199.1531026,-6.0,3.0,-50.0
1776885199.1631026,-2.0,1.0,-49.0
1776885199.1731029,0.0,0.0,-53.0
1776885199.1831028,-2.0,-2.0,-49.0
1776885199.1931028,-3.0,-2.0,-46.0
1776885199.2031028,-6.0,-5.0,-49.0
1776885199.2131028,-2.0,-3.0,-46.0
1776885199.2231028,1.0,-2.0,-49.0
1776885199.2331028,1.0,0.0,-46.0
1776885199.2431028,7.0,-3.0,-44.0
1776885199.2531028,7.0,-2.0,-45.0
1776885199.2631028,7.0,-4.0,-46.0
1776885199.2731028,5.0,-2.0,-44.0
1776885199.2831028,3.0,-1.0,-44.0
1776885199.2931027,1.0,0.0,-36.0
1776885199.3031027,1.0,-1.0,-28.0
1776885199.3131027,2.0,0.0,-33.0
1776885199.3231027,0.0,1.0,-29.0
1776885199.3331027,-1.0,0.0,-36.0
1776885199.3431027,-5.0,-1.0,-47.0
1776885199.3531027,-2.0,1.0,-46.0
1776885199.363103,-5.0,5.0,-39.0
1776885199.373103,-7.0,4.0,-45.0
1776885199.383103,-2.0,0.0,-44.0
1776885199.3931026,2.0,1.0,-50.0
1776885199.4031026,0.0,1.0,-42.0
1776885199.4131026,3.0,0.0,-39.0
1776885199.4231029,3.0,2.0,-38.0
1776885199.4331028,3.0,0.0,-39.0
1776885199.4431028,-1.0,0.0,-39.0
1776885199.4531028,4.0,4.0,-45.0
1776885199.4631028,6.0,2.0,-49.0
1776885199.4731028,2.0,4.0,-52.0
1776885199.4831028,5.0,-2.0,-54.0
1776885199.4931028,6.0,2.0,-54.0
1776885199.5031028,0.0,1.0,-52.0
1776885199.5131028,1.0,0.0,-56.0
1776885199.5231028,3.0,0.0,-48.0
1776885199.5331028,5.0,0.0,-45.0
1776885199.5431027,1.0,-4.0,-44.0
1776885199.5531027,1.0,-5.0,-45.0
1776885199.5631027,3.0,-6.0,-45.0
1776885199.5731027,7.0,-2.0,-43.0
1776885199.5831027,9.0,-1.0,-40.0
1776885199.5931027,9.0,0.0,-43.0
1776885199.6031027,7.0,2.0,-45.0
1776885199.613103,9.0,3.0,-42.0
1776885199.623103,14.0,2.0,-44.0
1776885199.633103,11.0,-1.0,-44.0
1776885199.6431026,11.0,1.0,-45.0
1776885199.6531026,6.0,3.0,-49.0
1776885199.6631026,8.0,1.0,-48.0
1776885199.6731029,9.0,-1.0,-43.0
1776885199.6831028,7.0,-6.0,-41.0
1776885199.6931028,2.0,-5.0,-49.0
1776885199.7031028,6.0,-5.0,-49.0
1776885199.7131028,6.0,-2.0,-44.0
1776885199.7231028,5.0,-4.0,-46.0
1776885199.7331028,1.0,-4.0,-42.0
1776885199.7431028,3.0,-1.0,-42.0
1776885199.7531028,8.0,-4.0,-46.0
1776885199.7641027,6.0,-1.0,-46.0
1776885199.7731028,5.0,1.0,-46.0
1776885199.784103,4.0,0.0,-44.0
1776885199.794103,3.0,0.0,-44.0
1776885199.804103,0.0,0.0,-41.0
1776885199.8141026,-3.0,-2.0,-44.0
1776885199.8241026,-4.0,-4.0,-45.0
1776885199.8341026,-1.0,-5.0,-44.0
1776885199.8441026,0.0,-5.0,-44.0
1776885199.8541028,0.0,-3.0,-43.0
1776885199.8641028,-1.0,-6.0,-51.0
1776885199.8741028,-1.0,-3.0,-46.0
1776885199.8841028,0.0,-4.0,-45.0
1776885199.8941028,5.0,-5.0,-45.0
1776885199.9041028,6.0,-2.0,-46.0
1776885199.9141028,3.0,-2.0,-44.0
1776885199.9241028,2.0,-3.0,-46.0
1776885199.9341028,1.0,-5.0,-36.0
1776885199.9441028,0.0,-4.0,-42.0
1776885199.9541028,2.0,-1.0,-44.0
1776885199.9641027,-1.0,-2.0,-44.0
1776885199.9741027,-5.0,0.0,-44.0
1776885199.9841027,-2.0,5.0,-36.0
1776885199.9941027,0.0,4.0,-34.0
1776885200.0041027,-1.0,2.0,-36.0
1776885200.0141027,-4.0,1.0,-39.0
1776885200.0241027,-6.0,3.0,-32.0
1776885200.034103,0.0,0.0,-29.0
1776885200.044103,2.0,0.0,-27.0
1776885200.054103,0.0,0.0,-28.0
1776885200.0641026,-5.0,0.0,-31.0
1776885200.0741026,-2.0,0.0,-40.0
1776885200.0841026,-5.0,-1.0,-43.0
1776885200.0941026,-5.0,-1.0,-44.0
1776885200.1041028,-3.0,3.0,-43.0
1776885200.1141028,1.0,3.0,-38.0
1776885200.1241028,-2.0,0.0,-51.0
1776885200.1341028,0.0,-2.0,-59.0
1776885200.1441028,1.0,-6.0,-59.0
1776885200.1541028,3.0,-2.0,-58.0
1776885200.1641028,-1.0,-2.0,-53.0
1776885200.1741028,-5.0,-3.0,-50.0
1776885200.1841028,-9.0,-8.0,-46.0
1776885200.1941028,-7.0,-6.0,-45.0
1776885200.2041028,-3.0,-3.0,-49.0
1776885200.2141027,-1.0,-4.0,-43.0
1776885200.2241027,-1.0,-4.0,-43.0
1776885200.2341027,1.0,-7.0,-41.0
1776885200.2441027,3.0,-7.0,-44.0
1776885200.2541027,4.0,-6.0,-51.0
1776885200.2641027,4.0,-4.0,-50.0
1776885200.2741027,0.0,-2.0,-57.0
1776885200.284103,-4.0,-3.0,-50.0
1776885200.294103,-2.0,0.0,-52.0
1776885200.304103,-1.0,-1.0,-45.0
1776885200.3141026,-1.0,1.0,-43.0
1776885200.3241026,-6.0,1.0,-34.0
1776885200.3341026,-2.0,-1.0,-32.0
1776885200.3441026,1.0,-1.0,-29.0
1776885200.3541028,1.0,0.0,-38.0
1776885200.3641028,1.0,4.0,-34.0
1776885200.3741028,0.0,2.0,-32.0
1776885200.3841028,0.0,0.0,-33.0
1776885200.3941028,3.0,3.0,-30.0
1776885200.4041028,5.0,3.0,-33.0
1776885200.4141028,0.0,0.0,-38.0
1776885200.4241028,0.0,-1.0,-45.0
1776885200.4341028,4.0,-3.0,-39.0
1776885200.4441028,9.0,-8.0,-40.0
1776885200.4541028,10.0,-5.0,-40.0
1776885200.4641027,8.0,-1.0,-43.0
1776885200.4741027,8.0,-2.0,-41.0
1776885200.4841027,3.0,-4.0,-36.0
1776885200.4941027,2.0,-1.0,-34.0
1776885200.5041027,4.0,-2.0,-31.0
1776885200.5141027,4.0,-1.0,-31.0
1776885200.5241027,3.0,0.0,-34.0
1776885200.534103,-3.0,-3.0,-47.0
1776885200.544103,-5.0,0.0,-42.0
1776885200.554103,-3.0,3.0,-44.0
1776885200.5651028,-5.0,3.0,-41.0
1776885200.5741026,-4.0,2.0,-42.0
1776885200.5841026,-3.0,0.0,-42.0
1776885200.5941026,0.0,0.0,-41.0
1776885200.6041028,3.0,-1.0,-44.0
1776885200.6141028,6.0,1.0,-43.0
1776885200.6241028,5.0,-1.0,-41.0
1776885200.6341028,10.0,-4.0,-39.0
1776885200.6441028,7.0,-2.0,-40.0
1776885200.6541028,2.0,2.0,-37.0
1776885200.6651027,3.0,0.0,-39.0
1776885200.6741028,0.0,0.0,-38.0
1776885200.6841028,-4.0,-2.0,-37.0
1776885200.6941028,-1.0,-2.0,-42.0
1776885200.7041028,-2.0,-4.0,-47.0
1776885200.7141027,-5.0,-7.0,-53.0
1776885200.7241027,-7.0,-10.0,-44.0
1776885200.7341027,-4.0,-11.0,-46.0
1776885200.7441027,-7.0,-10.0,-49.0
1776885200.7541027,-4.0,-7.0,-47.0
1776885200.7641027,-1.0,-10.0,-51.0
1776885200.7741027,3.0,-9.0,-47.0
1776885200.784103,2.0,-10.0,-44.0
1776885200.794103,-2.0,-9.0,-50.0
1776885200.804103,-1.0,-4.0,-50.0
1776885200.8141026,0.0,-1.0,-47.0
1776885200.8241026,-3.0,-2.0,-43.0
1776885200.8341026,1.0,-3.0,-41.0
1776885200.8441026,4.0,-3.0,-43.0
1776885200.8541028,6.0,0.0,-47.0
1776885200.8641028,8.0,-1.0,-53.0
1776885200.8741028,6.0,-6.0,-51.0
1776885200.8841028,9.0,-10.0,-51.0
1776885200.8941028,10.0,-10.0,-48.0
1776885200.9041028,10.0,-13.0,-50.0
1776885200.9141028,10.0,-13.0,-54.0
1776885200.9241028,13.0,-10.0,-59.0
1776885200.9341028,10.0,-4.0,-62.0
1776885200.9441028,4.0,-2.0,-60.0
1776885200.9541028,1.0,1.0,-52.0
1776885200.9641027,0.0,2.0,-51.0
1776885200.9741027,0.0,4.0,-48.0
1776885200.9841027,0.0,4.0,-52.0
1776885200.9941027,0.0,4.0,-50.0
1776885201.0041027,0.0,2.0,-50.0
1776885201.0141027,0.0,2.0,-53.0
1776885201.0241027,0.0,6.0,-42.0
1776885201.034103,-4.0,1.0,-50.0
1776885201.044103,0.0,0.0,-48.0
1776885201.054103,0.0,0.0,-44.0
1776885201.0641026,-3.0,0.0,-42.0
1776885201.0741026,0.0,0.0,-37.0
1776885201.0841026,-3.0,0.0,-35.0
1776885201.0941026,-4.0,0.0,-41.0
1776885201.1041028,-5.0,-2.0,-38.0
1776885201.1141028,-4.0,-5.0,-34.0
1776885201.1241028,-2.0,-1.0,-42.0
1776885201.1341028,0.0,-2.0,-45.0
1776885201.1441028,0.0,-1.0,-47.0
1776885201.1541028,2.0,-3.0,-49.0
1776885201.1641028,5.0,-6.0,-50.0
1776885201.1741028,4.0,-3.0,-52.0
1776885201.1841028,2.0,-3.0,-55.0
1776885201.1941028,3.0,-2.0,-53.0
1776885201.2041028,0.0,-3.0,-44.0
1776885201.2141027,0.0,-4.0,-41.0
1776885201.2241027,0.0,-2.0,-42.0
1776885201.2341027,0.0,-1.0,-49.0
1776885201.2441027,4.0,-1.0,-48.0
1776885201.2541027,2.0,-4.0,-47.0
1776885201.2641027,3.0,-3.0,-46.0
1776885201.2741027,8.0,-5.0,-44.0
1776885201.284103,6.0,-8.0,-36.0
1776885201.294103,7.0,-4.0,-31.0
1776885201.304103,0.0,-2.0,-39.0
1776885201.3141026,0.0,-5.0,-40.0
1776885201.3241026,-1.0,-7.0,-43.0
1776885201.3341026,-6.0,-5.0,-44.0
1776885201.3441026,-4.0,-3.0,-46.0
1776885201.3541028,0.0,-8.0,-42.0
1776885201.3641028,-1.0,-9.0,-38.0
1776885201.3741028,-1.0,-9.0,-36.0
1776885201.3841028,-3.0,-6.0,-45.0
1776885201.3941028,2.0,-3.0,-43.0
1776885201.4041028,7.0,-5.0,-45.0
1776885201.4141028,8.0,-8.0,-44.0
1776885201.4241028,6.0,-6.0,-43.0
1776885201.4341028,7.0,-6.0,-46.0
1776885201.4441028,7.0,-5.0,-43.0
1776885201.4541028,4.0,-4.0,-40.0
1776885201.4641027,7.0,0.0,-45.0
1776885201.4741027,9.0,1.0,-40.0
1776885201.4841027,9.0,1.0,-42.0
1776885201.4941027,8.0,0.0,-39.0
1776885201.5041027,4.0,0.0,-40.0
1776885201.5141027,4.0,1.0,-38.0
1776885201.5241027,10.0,5.0,-35.0
1776885201.534103,6.0,4.0,-36.0
1776885201.544103,9.0,0.0,-42.0
1776885201.554103,7.0,0.0,-46.0
1776885201.5641026,3.0,0.0,-46.0
1776885201.5741026,0.0,0.0,-44.0
1776885201.5841026,2.0,0.0,-46.0
1776885201.5941026,3.0,0.0,-44.0
1776885201.6041028,-3.0,0.0,-47.0
1776885201.6141028,0.0,1.0,-52.0
1776885201.6241028,1.0,0.0,-46.0
1776885201.6341028,3.0,0.0,-50.0
1776885201.6441028,5.0,2.0,-48.0
1776885201.6541028,7.0,0.0,-47.0
1776885201.6641028,9.0,2.0,-47.0
1776885201.6741028,6.0,1.0,-41.0
1776885201.6841028,5.0,1.0,-43.0
1776885201.6941028,8.0,0.0,-40.0
1776885201.7041028,5.0,1.0,-41.0
1776885201.7141027,1.0,2.0,-44.0
1776885201.7241027,4.0,1.0,-42.0
1776885201.7341027,4.0,3.0,-38.0
1776885201.7441027,8.0,3.0,-41.0
1776885201.7551026,5.0,4.0,-47.0
1776885201.7641027,1.0,3.0,-48.0
1776885201.7751029,3.0,1.0,-50.0
1776885201.7851028,0.0,-1.0,-45.0
1776885201.7951028,0.0,0.0,-43.0
1776885201.8051028,0.0,0.0,-43.0
1776885201.8151028,-1.0,1.0,-44.0
1776885201.8251028,0.0,0.0,-40.0
1776885201.8351028,-1.0,0.0,-38.0
1776885201.8451028,0.0,0.0,-45.0
1776885201.8551028,5.0,0.0,-49.0
1776885201.8651028,5.0,0.0,-51.0
1776885201.8751028,-3.0,2.0,-53.0
1776885201.8851027,-1.0,-1.0,-54.0
1776885201.8951027,0.0,0.0,-50.0
1776885201.9051027,0.0,-1.0,-55.0
1776885201.9151027,0.0,-1.0,-52.0
1776885201.9251027,0.0,0.0,-56.0
1776885201.9351027,1.0,2.0,-58.0
1776885201.9451027,0.0,5.0,-53.0
1776885201.9551027,-2.0,6.0,-51.0
1776885201.965103,0.0,4.0,-49.0
1776885201.975103,2.0,2.0,-43.0
1776885201.985103,3.0,0.0,-42.0
1776885201.9951026,4.0,-5.0,-41.0
1776885202.0051026,1.0,-5.0,-44.0
1776885202.0151026,2.0,0.0,-47.0
1776885202.0251029,2.0,1.0,-48.0
1776885202.0351028,9.0,-1.0,-46.0
1776885202.0451028,10.0,0.0,-48.0
1776885202.0551028,7.0,4.0,-51.0
1776885202.0651028,1.0,2.0,-51.0
1776885202.0751028,2.0,0.0,-42.0
1776885202.0851028,7.0,-2.0,-36.0
1776885202.0951028,4.0,-4.0,-37.0
1776885202.1051028,0.0,-3.0,-42.0
1776885202.1151028,-2.0,0.0,-48.0
1776885202.1251028,0.0,-2.0,-55.0
1776885202.1351027,-2.0,0.0,-51.0
1776885202.1451027,-3.0,1.0,-50.0
1776885202.1551027,-5.0,0.0,-39.0
1776885202.1651027,-2.0,2.0,-34.0
1776885202.1751027,-1.0,3.0,-42.0
1776885202.1851027,-1.0,1.0,-48.0
1776885202.1951027,-3.0,3.0,-46.0
1776885202.2051027,-7.0,1.0,-51.0
1776885202.215103,-4.0,0.0,-53.0
1776885202.225103,-5.0,1.0,-49.0
1776885202.235103,-3.0,2.0,-39.0
1776885202.2451026,-5.0,1.0,-44.0
1776885202.2551026,-5.0,-2.0,-43.0
1776885202.2651026,-3.0,-7.0,-50.0
1776885202.2751029,-1.0,-5.0,-46.0
1776885202.2851028,0.0,-7.0,-47.0
1776885202.2951028,-1.0,-1.0,-44.0
1776885202.3051028,-2.0,-4.0,-45.0
1776885202.3151028,0.0,-3.0,-44.0
1776885202.3251028,1.0,-3.0,-42.0
1776885202.3351028,3.0,-2.0,-43.0
1776885202.3451028,2.0,0.0,-43.0
1776885202.3551028,3.0,-5.0,-39.0
1776885202.3651028,1.0,-4.0,-38.0
1776885202.3751028,0.0,-6.0,-39.0
1776885202.3851027,1.0,-6.0,-41.0
1776885202.3951027,1.0,-8.0,-35.0
1776885202.4051027,1.0,-8.0,-37.0
1776885202.4151027,1.0,-5.0,-38.0
1776885202.4251027,2.0,0.0,-35.0
1776885202.4351027,2.0,0.0,-33.0
1776885202.4451027,4.0,1.0,-38.0
1776885202.4551027,0.0,1.0,-39.0
1776885202.465103,0.0,0.0,-38.0
1776885202.475103,-1.0,-1.0,-39.0
1776885202.485103,0.0,-1.0,-45.0
1776885202.4951026,3.0,-1.0,-43.0
1776885202.5051026,0.0,-1.0,-34.0
1776885202.5151026,0.0,-7.0,-36.0
1776885202.5251029,0.0,-3.0,-42.0
1776885202.5351028,-3.0,-2.0,-50.0
1776885202.5451028,-2.0,-6.0,-42.0
1776885202.5551028,-3.0,0.0,-41.0
1776885202.5651028,0.0,-2.0,-42.0
1776885202.5751028,3.0,0.0,-41.0
1776885202.5851028,6.0,-2.0,-39.0
1776885202.5951028,10.0,-2.0,-37.0
1776885202.6051028,11.0,-1.0,-43.0
1776885202.6151028,10.0,0.0,-42.0
1776885202.6251028,12.0,1.0,-47.0
1776885202.6351027,10.0,0.0,-49.0
1776885202.6451027,8.0,-2.0,-46.0
1776885202.6551027,4.0,-2.0,-43.0
1776885202.6651027,3.0,-2.0,-42.0
1776885202.6751027,0.0,0.0,-38.0
1776885202.6851027,-2.0,0.0,-35.0
1776885202.6951027,1.0,-1.0,-38.0
1776885202.7051027,-2.0,-4.0,-36.0
1776885202.715103,-1.0,-4.0,-43.0
1776885202.725103,-1.0,-2.0,-38.0
1776885202.735103,-1.0,-4.0,-41.0
1776885202.7451026,2.0,-2.0,-48.0
1776885202.7551026,0.0,-4.0,-44.0
1776885202.7651026,-2.0,-4.0,-41.0
1776885202.7751029,3.0,-3.0,-42.0
1776885202.7851028,6.0,-2.0,-42.0
1776885202.7951028,3.0,-5.0,-49.0
1776885202.8051028,7.0,-4.0,-48.0
1776885202.8151028,5.0,-3.0,-50.0
1776885202.8251028,1.0,0.0,-50.0
1776885202.8351028,2.0,3.0,-50.0
1776885202.8451028,5.0,6.0,-45.0
1776885202.8551028,4.0,11.0,-54.0
1776885202.8651028,7.0,10.0,-50.0
1776885202.8751028,2.0,2.0,-52.0
1776885202.8851027,-2.0,5.0,-52.0
1776885202.8951027,1.0,5.0,-44.0
1776885202.9051027,2.0,3.0,-42.0
1776885202.9151027,5.0,2.0,-41.0
1776885202.9251027,3.0,-1.0,-47.0
1776885202.9351027,3.0,-4.0,-51.0
1776885202.9451027,0.0,-5.0,-46.0
1776885202.9551027,1.0,-6.0,-50.0
1776885202.965103,-2.0,-3.0,-46.0
1776885202.975103,0.0,-2.0,-45.0
1776885202.985103,3.0,-2.0,-45.0
1776885202.9951026,0.0,0.0,-53.0
1776885203.0051026,-3.0,3.0,-52.0
1776885203.0151026,-4.0,4.0,-51.0
1776885203.0251029,-3.0,4.0,-55.0
1776885203.0351028,-1.0,0.0,-59.0
1776885203.0451028,-1.0,3.0,-67.0
1776885203.0551028,-3.0,1.0,-59.0
1776885203.0651028,-2.0,-2.0,-53.0
1776885203.0751028,0.0,2.0,-54.0
1776885203.0851028,6.0,4.0,-51.0
1776885203.0951028,8.0,2.0,-49.0
1776885203.1051028,10.0,0.0,-49.0
1776885203.1151028,6.0,-4.0,-49.0
1776885203.1251028,8.0,-3.0,-47.0
1776885203.1351027,8.0,-4.0,-43.0
1776885203.1451027,11.0,-3.0,-45.0
1776885203.1551027,9.0,-1.0,-44.0
1776885203.1651027,11.0,0.0,-47.0
1776885203.1751027,9.0,3.0,-43.0
1776885203.1851027,8.0,-1.0,-44.0
1776885203.1951027,6.0,-3.0,-40.0
1776885203.2051027,8.0,-1.0,-40.0
1776885203.215103,8.0,0.0,-46.0
1776885203.225103,9.0,-1.0,-54.0
1776885203.235103,9.0,0.0,-54.0
1776885203.2451026,10.0,0.0,-53.0
1776885203.2551026,6.0,1.0,-50.0
1776885203.2651026,7.0,0.0,-50.0
1776885203.2751029,5.0,-4.0,-47.0
1776885203.2851028,0.0,-4.0,-44.0
1776885203.2951028,-2.0,-2.0,-42.0
1776885203.3051028,-5.0,0.0,-45.0
1776885203.3151028,-5.0,-5.0,-41.0
1776885203.3251028,-5.0,0.0,-46.0
1776885203.3351028,-9.0,4.0,-45.0
1776885203.3451028,-5.0,1.0,-46.0
1776885203.3551028,-3.0,3.0,-47.0
1776885203.3651028,-2.0,0.0,-38.0
1776885203.3751028,2.0,1.0,-40.0
1776885203.3851027,0.0,0.0,-51.0
1776885203.3951027,0.0,0.0,-49.0
1776885203.4051027,0.0,5.0,-46.0
1776885203.4151027,-2.0,0.0,-43.0
1776885203.4251027,-2.0,2.0,-46.0
1776885203.4351027,4.0,2.0,-43.0
1776885203.4451027,4.0,2.0,-41.0
1776885203.4551027,4.0,3.0,-45.0
1776885203.465103,0.0,1.0,-45.0
1776885203.475103,-3.0,-1.0,-52.0
1776885203.485103,-1.0,-3.0,-54.0
1776885203.4951026,-2.0,-2.0,-55.0
1776885203.5051026,0.0,1.0,-49.0
1776885203.5151026,-2.0,5.0,-43.0
1776885203.5251029,-7.0,1.0,-49.0
1776885203.5351028,-2.0,5.0,-50.0
1776885203.5451028,2.0,2.0,-48.0
1776885203.5551028,0.0,2.0,-51.0
1776885203.5651028,-1.0,2.0,-53.0
1776885203.5751028,-1.0,3.0,-53.0
1776885203.5851028,-2.0,-1.0,-55.0
1776885203.5951028,0.0,-4.0,-47.0
1776885203.6051028,1.0,-2.0,-44.0
1776885203.6151028,1.0,0.0,-46.0
1776885203.6251028,1.0,-2.0,-46.0
1776885203.6351027,-1.0,1.0,-45.0
1776885203.6451027,-1.0,-1.0,-51.0
1776885203.6551027,0.0,-1.0,-49.0
1776885203.6651027,-1.0,2.0,-48.0
1776885203.6751027,-2.0,1.0,-51.0
1776885203.6851027,0.0,2.0,-55.0
1776885203.6951027,3.0,2.0,-51.0
1776885203.7061028,2.0,3.0,-45.0
1776885203.7161028,-4.0,1.0,-41.0
1776885203.725103,-6.0,-3.0,-44.0
1776885203.7361028,-2.0,-3.0,-36.0
1776885203.7461028,-4.0,-4.0,-37.0
1776885203.7561028,-4.0,-1.0,-37.0
1776885203.7661028,-2.0,-3.0,-42.0
1776885203.7761028,-6.0,-6.0,-41.0
1776885203.7861028,-6.0,-7.0,-46.0
1776885203.7961028,-4.0,-4.0,-50.0
1776885203.8061028,-4.0,-1.0,-54.0
1776885203.8161027,-4.0,-1.0,-49.0
1776885203.8261027,0.0,0.0,-44.0
1776885203.8361027,6.0,2.0,-40.0
1776885203.8461027,3.0,5.0,-40.0
1776885203.8561027,4.0,4.0,-45.0
1776885203.8661027,-2.0,3.0,-51.0
1776885203.8761027,-3.0,3.0,-44.0
1776885203.886103,-5.0,0.0,-39.0
1776885203.896103,1.0,-1.0,-38.0
1776885203.906103,1.0,-1.0,-33.0
1776885203.9161026,2.0,-4.0,-31.0
1776885203.9261026,5.0,-5.0,-38.0
1776885203.9361026,1.0,-2.0,-46.0
1776885203.9461029,-1.0,-4.0,-45.0
1776885203.9561028,-1.0,-2.0,-41.0
1776885203.9661028,-3.0,1.0,-40.0
1776885203.9761028,-1.0,0.0,-41.0
1776885203.9861028,-2.0,1.0,-44.0
1776885203.9961028,-3.0,4.0,-42.0
1776885204.0061028,-1.0,2.0,-34.0
1776885204.0161028,-1.0,0.0,-27.0
1776885204.0261028,-2.0,5.0,-28.0
1776885204.0361028,2.0,5.0,-32.0
1776885204.0461028,2.0,3.0,-37.0
1776885204.0561028,-1.0,4.0,-31.0
1776885204.0661027,0.0,0.0,-36.0
1776885204.0761027,-3.0,1.0,-33.0
1776885204.0861027,-4.0,-2.0,-32.0
1776885204.0961027,-7.0,0.0,-34.0
1776885204.1061027,-7.0,-5.0,-41.0
1776885204.1161027,-6.0,-4.0,-46.0
1776885204.1261027,-2.0,-4.0,-47.0
1776885204.136103,-2.0,-4.0,-48.0
1776885204.146103,-1.0,-1.0,-47.0
1776885204.156103,1.0,0.0,-42.0
1776885204.1661026,0.0,0.0,-47.0
1776885204.1761026,0.0,-4.0,-47.0
1776885204.1861026,1.0,-5.0,-44.0
1776885204.1961029,-1.0,-8.0,-44.0
1776885204.2061028,-1.0,-4.0,-42.0
1776885204.2161028,-1.0,-3.0,-40.0
1776885204.2261028,1.0,-2.0,-40.0
1776885204.2361028,-1.0,-7.0,-42.0
1776885204.2461028,0.0,-6.0,-49.0
1776885204.2561028,4.0,-9.0,-51.0
1776885204.2661028,1.0,-9.0,-54.0
1776885204.2761028,0.0,-5.0,-52.0
1776885204.2861028,-2.0,-8.0,-49.0
1776885204.2961028,-1.0,-7.0,-46.0
1776885204.3061028,-1.0,-7.0,-50.0
1776885204.3161027,-2.0,-6.0,-53.0
1776885204.3261027,0.0,-1.0,-53.0
1776885204.3361027,3.0,-2.0,-53.0
1776885204.3461027,1.0,-4.0,-47.0
1776885204.3561027,0.0,0.0,-47.0
1776885204.3661027,1.0,1.0,-40.0
1776885204.3761027,5.0,3.0,-42.0
1776885204.386103,6.0,1.0,-39.0
1776885204.396103,2.0,-2.0,-36.0
1776885204.406103,2.0,-2.0,-46.0
1776885204.4161026,0.0,1.0,-50.0
1776885204.4261026,-2.0,3.0,-42.0
1776885204.4361026,-5.0,4.0,-40.0
1776885204.4461029,-6.0,1.0,-42.0
1776885204.4561028,-10.0,-1.0,-46.0
1776885204.4661028,-8.0,0.0,-44.0
1776885204.4761028,-7.0,-2.0,-45.0
1776885204.4861028,-6.0,0.0,-44.0
1776885204.4961028,-9.0,-1.0,-42.0
1776885204.5061028,-6.0,1.0,-41.0
1776885204.5161028,-7.0,7.0,-39.0
1776885204.5261028,-9.0,4.0,-41.0
1776885204.5361028,-5.0,3.0,-43.0
1776885204.5461028,-9.0,-1.0,-40.0
1776885204.5561028,-11.0,-3.0,-35.0
1776885204.5661027,-6.0,-6.0,-39.0
1776885204.5761027,-5.0,0.0,-37.0
1776885204.5861027,-8.0,2.0,-38.0
1776885204.5961027,-4.0,3.0,-39.0
1776885204.6061027,-2.0,3.0,-45.0
1776885204.6161027,-3.0,2.0,-52.0
1776885204.6261027,-1.0,1.0,-50.0
1776885204.636103,0.0,-1.0,-51.0
1776885204.646103,0.0,-6.0,-60.0
1776885204.656103,0.0,-6.0,-63.0
1776885204.6661026,-2.0,-8.0,-54.0
1776885204.6761026,-3.0,-5.0,-47.0
1776885204.6861026,-4.0,-2.0,-36.0
1776885204.6961029,-3.0,-2.0,-37.0
1776885204.7061028,1.0,-7.0,-42.0
1776885204.7161028,0.0,-9.0,-39.0
1776885204.7261028,-2.0,-9.0,-40.0
1776885204.7361028,-3.0,-10.0,-49.0
1776885204.7461028,1.0,-8.0,-46.0
1776885204.7561028,1.0,-5.0,-43.0
1776885204.7661028,-2.0,-6.0,-43.0
1776885204.7761028,-3.0,-10.0,-43.0
1776885204.7861028,-4.0,-6.0,-37.0
1776885204.7961028,-1.0,-6.0,-40.0
1776885204.8061028,-6.0,-3.0,-45.0
1776885204.8161027,-5.0,-5.0,-53.0
1776885204.8261027,-5.0,-6.0,-49.0
1776885204.8361027,-6.0,-5.0,-49.0
1776885204.8461027,-5.0,-5.0,-47.0
1776885204.8561027,-2.0,-5.0,-46.0
1776885204.8661027,0.0,0.0,-52.0
1776885204.8761027,-2.0,-1.0,-51.0
1776885204.886103,-1.0,-2.0,-49.0
1776885204.896103,-3.0,1.0,-46.0
1776885204.906103,-3.0,2.0,-47.0
1776885204.9161026,0.0,1.0,-44.0
1776885204.9261026,4.0,1.0,-50.0
1776885204.9361026,5.0,0.0,-52.0
1776885204.9461029,0.0,-2.0,-52.0
1776885204.9561028,2.0,2.0,-49.0
1776885204.9661028,0.0,4.0,-51.0
1776885204.9761028,0.0,4.0,-50.0
1776885204.9861028,-6.0,2.0,-50.0
1776885204.9961028,-11.0,0.0,-53.0
1776885205.0061028,-7.0,-6.0,-52.0
1776885205.0161028,-5.0,-7.0,-53.0
1776885205.0261028,5.0,-6.0,-57.0
1776885205.0361028,4.0,-3.0,-58.0
1776885205.0461028,4.0,-3.0,-53.0
1776885205.0561028,0.0,2.0,-53.0
1776885205.0661027,-1.0,3.0,-49.0
1776885205.0761027,-1.0,4.0,-44.0
1776885205.0861027,-2.0,2.0,-37.0
1776885205.0961027,-2.0,0.0,-38.0
1776885205.1061027,-4.0,-1.0,-48.0
1776885205.1161027,0.0,-3.0,-47.0
1776885205.1261027,-1.0,-1.0,-46.0
1776885205.136103,0.0,-3.0,-47.0
1776885205.146103,0.0,-3.0,-49.0
1776885205.156103,0.0,0.0,-48.0
1776885205.1661026,4.0,-1.0,-42.0
1776885205.1761026,3.0,0.0,-41.0
1776885205.1861026,2.0,0.0,-43.0
1776885205.1961029,5.0,-4.0,-41.0
1776885205.2061028,5.0,-1.0,-31.0
1776885205.2161028,2.0,-1.0,-32.0
1776885205.2261028,1.0,-1.0,-28.0
1776885205.2361028,-2.0,3.0,-32.0
1776885205.2461028,-1.0,1.0,-35.0
1776885205.2561028,-2.0,0.0,-37.0
1776885205.2661028,-1.0,0.0,-40.0
1776885205.2761028,2.0,-2.0,-42.0
1776885205.2861028,-3.0,-3.0,-45.0
1776885205.2961028,-3.0,-2.0,-45.0
1776885205.3061028,0.0,-4.0,-48.0
1776885205.3161027,-1.0,-2.0,-53.0
1776885205.3261027,-1.0,-1.0,-53.0
1776885205.3361027,-1.0,0.0,-52.0
1776885205.3461027,0.0,2.0,-48.0
1776885205.3561027,0.0,-4.0,-49.0
1776885205.3661027,0.0,-3.0,-49.0
1776885205.3761027,4.0,-3.0,-46.0
1776885205.386103,0.0,-2.0,-46.0
1776885205.396103,0.0,1.0,-48.0
1776885205.406103,-1.0,0.0,-44.0
1776885205.4161026,0.0,0.0,-45.0
1776885205.4261026,1.0,0.0,-55.0
1776885205.4361026,5.0,-2.0,-58.0
1776885205.4461029,5.0,-3.0,-57.0
1776885205.4561028,3.0,-2.0,-51.0
1776885205.4661028,-2.0,-1.0,-46.0
1776885205.4761028,-2.0,-3.0,-47.0
1776885205.4861028,-4.0,-2.0,-48.0
1776885205.4961028,0.0,-4.0,-48.0
1776885205.5061028,1.0,-3.0,-45.0
1776885205.5161028,0.0,-5.0,-41.0
1776885205.5261028,3.0,-3.0,-37.0
1776885205.5361028,3.0,3.0,-28.0
1776885205.5461028,1.0,0.0,-32.0
1776885205.5561028,0.0,0.0,-38.0
1776885205.5661027,0.0,-5.0,-44.0
1776885205.5761027,4.0,-5.0,-43.0
1776885205.5861027,5.0,-5.0,-47.0
1776885205.5961027,3.0,-8.0,-49.0
1776885205.6061027,2.0,-9.0,-46.0
1776885205.6161027,2.0,-9.0,-44.0
1776885205.6261027,5.0,-10.0,-43.0
1776885205.636103,6.0,-12.0,-42.0
1776885205.646103,8.0,-6.0,-39.0
1776885205.656103,5.0,-2.0,-38.0
1776885205.6661026,3.0,-1.0,-38.0
1776885205.6761026,4.0,-8.0,-43.0
1776885205.6861026,3.0,-5.0,-44.0
1776885205.6961029,5.0,-5.0,-46.0
1776885205.7061028,5.0,-3.0,-46.0
1776885205.7171028,-2.0,-3.0,-46.0
1776885205.7271028,-2.0,-5.0,-44.0
1776885205.7371027,-1.0,-5.0,-38.0
1776885205.7471027,0.0,-2.0,-40.0
1776885205.7571027,0.0,-3.0,-40.0
1776885205.7671027,0.0,-3.0,-38.0
1776885205.7771027,3.0,-2.0,-35.0
1776885205.7871027,4.0,0.0,-40.0
1776885205.7971027,6.0,2.0,-37.0
1776885205.807103,7.0,-3.0,-39.0
1776885205.817103,8.0,-2.0,-41.0
1776885205.827103,4.0,0.0,-45.0
1776885205.837103,3.0,2.0,-46.0
1776885205.8471026,3.0,2.0,-48.0
1776885205.8571026,0.0,2.0,-46.0
1776885205.8671026,0.0,1.0,-44.0
1776885205.8771029,-1.0,3.0,-43.0
1776885205.8871028,0.0,0.0,-45.0
1776885205.8971028,1.0,2.0,-39.0
1776885205.9071028,1.0,2.0,-41.0
1776885205.9171028,1.0,3.0,-38.0
1776885205.9271028,0.0,0.0,-39.0
1776885205.9371028,-1.0,0.0,-41.0
1776885205.9471028,0.0,-3.0,-42.0
1776885205.9571028,3.0,-4.0,-43.0
1776885205.9671028,3.0,-3.0,-40.0
1776885205.9771028,2.0,-1.0,-40.0
1776885205.9871027,0.0,-5.0,-43.0
1776885205.9971027,0.0,-2.0,-44.0
1776885206.0071027,4.0,-3.0,-44.0
1776885206.0171027,2.0,-6.0,-50.0
1776885206.0271027,2.0,-8.0,-44.0
1776885206.0371027,-3.0,-12.0,-45.0
1776885206.0471027,-4.0,-9.0,-48.0
1776885206.057103,-2.0,-4.0,-48.0
1776885206.067103,-3.0,-6.0,-39.0
1776885206.077103,0.0,-6.0,-45.0
1776885206.087103,-1.0,-3.0,-49.0
1776885206.0971026,-5.0,-1.0,-46.0
1776885206.1071026,-1.0,1.0,-43.0
1776885206.1171026,1.0,0.0,-45.0
1776885206.1271029,-3.0,-3.0,-48.0
1776885206.1371028,-1.0,-5.0,-48.0
1776885206.1471028,0.0,-5.0,-50.0
1776885206.1571028,3.0,-4.0,-49.0
1776885206.1671028,4.0,-3.0,-41.0
1776885206.1771028,6.0,-3.0,-34.0
1776885206.1871028,6.0,-8.0,-43.0
1776885206.1971028,0.0,-8.0,-52.0
1776885206.2071028,0.0,-4.0,-51.0
1776885206.2171028,-4.0,-3.0,-46.0
1776885206.2271028,-2.0,-8.0,-48.0
1776885206.2371027,1.0,-4.0,-48.0
1776885206.2471027,1.0,-3.0,-47.0
1776885206.2571027,4.0,-7.0,-46.0
1776885206.2671027,3.0,-3.0,-44.0
1776885206.2771027,1.0,-1.0,-41.0
1776885206.2871027,0.0,0.0,-44.0
1776885206.2971027,-3.0,-4.0,-45.0
1776885206.307103,1.0,-6.0,-48.0
1776885206.317103,1.0,-7.0,-45.0
1776885206.327103,-3.0,-3.0,-39.0
1776885206.337103,-5.0,-5.0,-45.0
1776885206.3471026,0.0,-3.0,-48.0
1776885206.3571026,0.0,-3.0,-48.0
1776885206.3671026,-2.0,-3.0,-49.0
1776885206.3771029,-2.0,-4.0,-44.0
1776885206.3871028,-2.0,-5.0,-47.0
1776885206.3971028,-1.0,-3.0,-48.0
1776885206.4071028,-4.0,0.0,-47.0
1776885206.4171028,-1.0,-1.0,-40.0
1776885206.4271028,3.0,-6.0,-39.0
1776885206.4371028,5.0,-5.0,-43.0
1776885206.4471028,3.0,-4.0,-47.0
1776885206.4571028,-3.0,-6.0,-40.0
1776885206.4671028,-2.0,-4.0,-39.0
1776885206.4771028,-7.0,-2.0,-37.0
1776885206.4871027,-4.0,-6.0,-36.0
1776885206.4971027,0.0,-3.0,-41.0
1776885206.5071027,2.0,-2.0,-47.0
1776885206.5171027,2.0,-1.0,-43.0
1776885206.5271027,2.0,-4.0,-39.0
1776885206.5371027,5.0,-5.0,-36.0
1776885206.5471027,5.0,-3.0,-41.0
1776885206.557103,7.0,-3.0,-43.0
1776885206.567103,5.0,1.0,-40.0
1776885206.577103,3.0,3.0,-46.0
1776885206.587103,1.0,3.0,-45.0
1776885206.5971026,3.0,3.0,-42.0
1776885206.6071026,0.0,3.0,-40.0
1776885206.6171026,2.0,5.0,-47.0
1776885206.6271029,0.0,3.0,-53.0
1776885206.6371028,0.0,1.0,-52.0
1776885206.6471028,0.0,4.0,-48.0
1776885206.6571028,0.0,6.0,-53.0
1776885206.6671028,-1.0,4.0,-49.0
1776885206.6771028,0.0,7.0,-52.0
1776885206.6871028,6.0,3.0,-45.0
1776885206.6971028,1.0,2.0,-40.0
1776885206.7071028,-1.0,1.0,-41.0
1776885206.7171028,-1.0,-1.0,-44.0
1776885206.7281027,-1.0,0.0,-46.0
1776885206.7371027,4.0,4.0,-51.0
1776885206.7471027,2.0,1.0,-52.0
1776885206.7571027,0.0,3.0,-52.0
1776885206.7671027,1.0,4.0,-53.0
1776885206.7771027,4.0,4.0,-48.0
1776885206.7871027,4.0,1.0,-48.0
1776885206.7971027,2.0,1.0,-47.0
1776885206.807103,5.0,-1.0,-54.0
1776885206.817103,8.0,0.0,-53.0
1776885206.827103,4.0,1.0,-47.0
1776885206.837103,0.0,2.0,-45.0
1776885206.8471026,-1.0,1.0,-42.0
1776885206.8571026,-4.0,0.0,-42.0
1776885206.8671026,3.0,-2.0,-45.0
1776885206.8771029,3.0,-2.0,-43.0
1776885206.8871028,-1.0,-1.0,-44.0
1776885206.8971028,-2.0,2.0,-52.0
1776885206.9071028,-2.0,0.0,-54.0
1776885206.9171028,-1.0,-3.0,-51.0
1776885206.9271028,-1.0,-6.0,-53.0
1776885206.9371028,-7.0,-6.0,-48.0
1776885206.9471028,-6.0,-5.0,-49.0
1776885206.9571028,-6.0,-7.0,-50.0
1776885206.9671028,-7.0,-6.0,-42.0
1776885206.9771028,-4.0,-3.0,-44.0
1776885206.9871027,-2.0,-6.0,-43.0
1776885206.9971027,-3.0,-5.0,-48.0
1776885207.0071027,-5.0,-2.0,-50.0
1776885207.0171027,-7.0,-5.0,-45.0
1776885207.0271027,-3.0,-7.0,-39.0
1776885207.0371027,-3.0,-3.0,-35.0
1776885207.0471027,0.0,-4.0,-42.0
1776885207.057103,0.0,-5.0,-45.0
1776885207.067103,0.0,-4.0,-47.0
1776885207.077103,1.0,-4.0,-47.0
1776885207.087103,-1.0,-2.0,-43.0
1776885207.0971026,-1.0,-4.0,-45.0
1776885207.1071026,0.0,-6.0,-46.0
1776885207.1171026,1.0,-2.0,-47.0
1776885207.1271029,2.0,2.0,-48.0
1776885207.1371028,1.0,3.0,-48.0
1776885207.1471028,-1.0,3.0,-47.0
1776885207.1571028,0.0,0.0,-43.0
1776885207.1671028,0.0,0.0,-41.0
1776885207.1771028,1.0,-3.0,-45.0
1776885207.1871028,0.0,-2.0,-46.0
1776885207.1971028,-2.0,-3.0,-46.0
1776885207.2071028,-1.0,-1.0,-45.0
1776885207.2171028,-1.0,0.0,-45.0
1776885207.2271028,-1.0,-2.0,-43.0
1776885207.2371027,1.0,-3.0,-44.0
1776885207.2471027,2.0,-6.0,-43.0
1776885207.2571027,4.0,-8.0,-38.0
1776885207.2671027,1.0,-2.0,-40.0
1776885207.2771027,0.0,-4.0,-45.0
1776885207.2871027,-3.0,-2.0,-49.0
1776885207.2971027,0.0,-3.0,-48.0
1776885207.307103,0.0,-2.0,-43.0
1776885207.317103,0.0,0.0,-45.0
1776885207.327103,0.0,1.0,-49.0
1776885207.337103,1.0,1.0,-45.0
1776885207.3471026,-1.0,0.0,-45.0
1776885207.3571026,3.0,0.0,-42.0
1776885207.3671026,3.0,-3.0,-39.0
1776885207.3771029,0.0,-8.0,-39.0
1776885207.3871028,-1.0,-9.0,-39.0
1776885207.3971028,0.0,-4.0,-44.0
1776885207.4071028,-1.0,-2.0,-48.0
1776885207.4171028,-5.0,0.0,-43.0
1776885207.4271028,-6.0,0.0,-42.0
1776885207.4371028,-3.0,0.0,-35.0
1776885207.4471028,-3.0,2.0,-39.0
1776885207.4571028,-3.0,2.0,-44.0
1776885207.4671028,-6.0,1.0,-53.0
1776885207.4771028,-4.0,-3.0,-57.0
1776885207.4871027,0.0,0.0,-51.0
1776885207.4971027,2.0,0.0,-52.0
1776885207.5071027,1.0,1.0,-50.0
1776885207.5171027,3.0,3.0,-42.0
1776885207.5271027,4.0,3.0,-41.0
1776885207.5371027,8.0,4.0,-44.0
1776885207.5471027,3.0,3.0,-42.0
1776885207.557103,4.0,1.0,-38.0
1776885207.567103,4.0,-1.0,-42.0
1776885207.577103,3.0,-5.0,-47.0
1776885207.587103,9.0,-7.0,-43.0
1776885207.5971026,10.0,-5.0,-46.0
1776885207.6071026,4.0,-2.0,-49.0
1776885207.6171026,1.0,-4.0,-42.0
1776885207.6271029,2.0,-1.0,-41.0
1776885207.6381028,3.0,0.0,-45.0
1776885207.6471028,-2.0,0.0,-47.0
1776885207.6571028,-5.0,-1.0,-42.0
1776885207.6681027,-9.0,-2.0,-46.0
1776885207.6781027,-7.0,-5.0,-43.0
1776885207.6881027,-6.0,-5.0,-46.0
1776885207.6981027,-8.0,-4.0,-40.0
1776885207.7071028,-4.0,-1.0,-38.0
1776885207.7181027,-5.0,-1.0,-35.0
1776885207.7281027,-4.0,-7.0,-36.0
1776885207.738103,-3.0,-8.0,-43.0
1776885207.748103,-4.0,-3.0,-42.0
1776885207.758103,-5.0,-4.0,-41.0
1776885207.7681026,-4.0,-6.0,-39.0
1776885207.7781026,-2.0,-6.0,-48.0
1776885207.7881026,-2.0,-6.0,-46.0
1776885207.7981029,-1.0,-5.0,-46.0
1776885207.8081028,-3.0,-5.0,-45.0
1776885207.8181028,0.0,-6.0,-42.0
1776885207.8281028,2.0,-2.0,-43.0
1776885207.8381028,0.0,-2.0,-49.0
1776885207.8481028,1.0,-1.0,-54.0
1776885207.8581028,-1.0,1.0,-47.0
1776885207.8681028,-2.0,2.0,-37.0
1776885207.8781028,-1.0,2.0,-33.0
1776885207.8881028,-2.0,2.0,-33.0
1776885207.8981028,-1.0,1.0,-39.0
1776885207.9081028,-5.0,5.0,-45.0
1776885207.9181027,-5.0,3.0,-45.0
1776885207.9281027,-7.0,4.0,-44.0
1776885207.9381027,-4.0,1.0,-47.0
1776885207.9481027,-4.0,0.0,-46.0
1776885207.9581027,-2.0,-3.0,-45.0
1776885207.9681027,-1.0,-1.0,-47.0
1776885207.9781027,3.0,-2.0,-46.0
1776885207.988103,4.0,0.0,-48.0
1776885207.998103,3.0,0.0,-38.0
1776885208.008103,3.0,-2.0,-39.0
1776885208.0181026,2.0,-7.0,-36.0
1776885208.0281026,2.0,-10.0,-35.0
1776885208.0381026,3.0,-4.0,-31.0
1776885208.0481029,4.0,-3.0,-34.0
1776885208.0581028,2.0,-1.0,-37.0
1776885208.0681028,2.0,-4.0,-38.0
1776885208.0781028,7.0,-9.0,-42.0
1776885208.0881028,8.0,-5.0,-46.0
1776885208.0981028,8.0,0.0,-56.0
1776885208.1081028,8.0,-4.0,-47.0
1776885208.1181028,9.0,-4.0,-43.0
1776885208.1281028,8.0,-2.0,-38.0
1776885208.1381028,3.0,-3.0,-35.0
1776885208.1481028,0.0,0.0,-32.0
1776885208.1581028,3.0,0.0,-37.0
1776885208.1681027,1.0,0.0,-39.0
1776885208.1781027,7.0,0.0,-34.0
1776885208.1881027,5.0,-1.0,-33.0
1776885208.1981027,10.0,-1.0,-40.0
1776885208.2081027,8.0,-1.0,-42.0
1776885208.2181027,11.0,-2.0,-46.0
1776885208.2281027,6.0,-3.0,-49.0
1776885208.238103,3.0,0.0,-42.0
1776885208.248103,4.0,1.0,-40.0
1776885208.258103,7.0,1.0,-50.0
1776885208.2681026,5.0,0.0,-44.0
1776885208.2781026,1.0,-1.0,-41.0
1776885208.2881026,0.0,0.0,-40.0
1776885208.2981029,-3.0,1.0,-46.0
1776885208.3081028,0.0,3.0,-42.0
1776885208.3181028,1.0,-1.0,-41.0
1776885208.3281028,2.0,0.0,-39.0
1776885208.3381028,1.0,0.0,-45.0
1776885208.3481028,5.0,2.0,-39.0
1776885208.3581028,8.0,0.0,-42.0
1776885208.3681028,6.0,0.0,-43.0
1776885208.3781028,2.0,-4.0,-49.0
1776885208.3881028,-1.0,-4.0,-45.0
1776885208.3981028,0.0,-4.0,-45.0
1776885208.4081028,1.0,-3.0,-49.0
1776885208.4181027,-2.0,-1.0,-51.0
1776885208.4281027,-4.0,0.0,-52.0
1776885208.4381027,0.0,1.0,-56.0
1776885208.4481027,1.0,-1.0,-54.0
1776885208.4581027,4.0,-4.0,-38.0
1776885208.4681027,8.0,-4.0,-43.0
1776885208.4781027,10.0,-2.0,-45.0
1776885208.488103,8.0,-1.0,-46.0
1776885208.498103,0.0,-1.0,-44.0
1776885208.508103,0.0,1.0,-44.0
1776885208.5181026,-1.0,0.0,-43.0
1776885208.5281026,-3.0,1.0,-48.0
1776885208.5381026,0.0,0.0,-48.0
1776885208.5481029,0.0,-1.0,-47.0
1776885208.5581028,1.0,2.0,-49.0
1776885208.5681028,2.0,0.0,-55.0
1776885208.5781028,0.0,-4.0,-57.0
1776885208.5881028,3.0,-2.0,-51.0
1776885208.5981028,5.0,-2.0,-50.0
1776885208.6081028,4.0,-5.0,-49.0
1776885208.6181028,6.0,-6.0,-48.0
1776885208.6281028,2.0,-5.0,-48.0
1776885208.6381028,0.0,-3.0,-57.0
1776885208.6481028,1.0,-1.0,-47.0
1776885208.6581028,-1.0,0.0,-41.0
1776885208.6681027,-2.0,3.0,-41.0
1776885208.6781027,2.0,3.0,-37.0
1776885208.6881027,6.0,1.0,-40.0
1776885208.6981027,0.0,3.0,-45.0
1776885208.7081027,1.0,0.0,-43.0
1776885208.7181027,4.0,2.0,-44.0
1776885208.7281027,5.0,2.0,-40.0
1776885208.738103,6.0,1.0,-37.0
1776885208.748103,6.0,0.0,-37.0
1776885208.758103,2.0,-3.0,-28.0
1776885208.7681026,-1.0,-3.0,-29.0
1776885208.7781026,5.0,0.0,-30.0
1776885208.7881026,3.0,0.0,-35.0
1776885208.7981029,-1.0,-1.0,-43.0
1776885208.8081028,-2.0,0.0,-51.0
1776885208.8181028,0.0,2.0,-50.0
1776885208.8281028,0.0,3.0,-50.0
1776885208.8381028,1.0,6.0,-47.0
1776885208.8481028,0.0,5.0,-46.0
1776885208.8581028,-2.0,2.0,-40.0
1776885208.8681028,-7.0,2.0,-38.0
1776885208.8781028,-5.0,0.0,-39.0
1776885208.8881028,-2.0,2.0,-35.0
1776885208.8981028,-4.0,6.0,-37.0
1776885208.9081028,0.0,5.0,-34.0
1776885208.9181027,4.0,1.0,-36.0
1776885208.9281027,11.0,-3.0,-38.0
1776885208.9381027,6.0,-5.0,-43.0
1776885208.9481027,2.0,-4.0,-46.0
1776885208.9581027,4.0,-7.0,-43.0
1776885208.9681027,4.0,-5.0,-41.0
1776885208.9781027,1.0,-8.0,-40.0
1776885208.988103,1.0,-9.0,-43.0
1776885208.998103,5.0,-11.0,-46.0
1776885209.008103,7.0,-11.0,-40.0
1776885209.0181026,6.0,-6.0,-32.0
1776885209.0281026,4.0,-9.0,-36.0
1776885209.0381026,1.0,-9.0,-37.0
1776885209.0481029,2.0,-9.0,-39.0
1776885209.0581028,-1.0,-4.0,-38.0
1776885209.0681028,-1.0,1.0,-43.0
1776885209.0781028,0.0,-1.0,-41.0
1776885209.0881028,0.0,0.0,-43.0
1776885209.0981028,0.0,-2.0,-41.0
1776885209.1081028,-5.0,-5.0,-43.0
1776885209.1181028,-5.0,-6.0,-41.0
1776885209.1281028,-3.0,-6.0,-42.0
1776885209.1381028,-5.0,-6.0,-49.0
1776885209.1481028,-3.0,-4.0,-51.0
1776885209.1581028,-1.0,-6.0,-51.0
1776885209.1681027,0.0,-6.0,-47.0
1776885209.1781027,-1.0,-6.0,-44.0
1776885209.1881027,0.0,-6.0,-40.0
1776885209.1981027,4.0,-3.0,-40.0
1776885209.2081027,7.0,2.0,-34.0
1776885209.2181027,4.0,1.0,-40.0
1776885209.2281027,7.0,0.0,-37.0
1776885209.238103,1.0,1.0,-43.0
1776885209.248103,-1.0,2.0,-44.0
1776885209.258103,-6.0,0.0,-50.0
1776885209.2681026,-2.0,3.0,-47.0
1776885209.2781026,-1.0,3.0,-54.0
1776885209.2881026,0.0,1.0,-50.0
1776885209.2981029,0.0,1.0,-40.0
1776885209.3081028,6.0,0.0,-37.0
1776885209.3181028,6.0,3.0,-39.0
1776885209.3281028,4.0,0.0,-45.0
1776885209.3381028,6.0,0.0,-43.0
1776885209.3481028,7.0,1.0,-43.0
1776885209.3581028,3.0,3.0,-43.0
1776885209.3681028,0.0,2.0,-42.0
1776885209.3781028,4.0,1.0,-44.0
1776885209.3881028,4.0,0.0,-45.0
1776885209.3981028,0.0,-1.0,-49.0
1776885209.4081028,-1.0,-5.0,-51.0
1776885209.4181027,-1.0,-3.0,-47.0
1776885209.4281027,0.0,-1.0,-45.0
1776885209.4381027,0.0,3.0,-50.0
1776885209.4481027,-1.0,4.0,-48.0
1776885209.4581027,1.0,4.0,-48.0
1776885209.4681027,-2.0,3.0,-47.0
1776885209.4781027,-1.0,9.0,-42.0
1776885209.488103,-1.0,5.0,-45.0
1776885209.498103,-1.0,4.0,-50.0
1776885209.508103,-1.0,7.0,-47.0
1776885209.5181026,-2.0,6.0,-54.0
1776885209.5281026,-5.0,7.0,-51.0
1776885209.5381026,-5.0,5.0,-51.0
1776885209.5481029,-6.0,3.0,-39.0
1776885209.5581028,-3.0,3.0,-35.0
1776885209.5681028,-3.0,0.0,-40.0
1776885209.5781028,-6.0,3.0,-44.0
1776885209.5881028,-7.0,-1.0,-41.0
1776885209.5981028,-7.0,-5.0,-44.0
1776885209.6081028,-5.0,-5.0,-40.0
1776885209.6181028,-4.0,-4.0,-41.0
1776885209.6281028,-1.0,-3.0,-46.0
1776885209.6391027,-2.0,-2.0,-42.0
1776885209.6491027,-3.0,-2.0,-44.0
1776885209.659103,1.0,-8.0,-48.0
1776885209.6681027,3.0,-5.0,-48.0
1776885209.679103,3.0,-5.0,-50.0
1776885209.6891026,3.0,-7.0,-55.0
1776885209.6991026,1.0,-9.0,-50.0
1776885209.7091026,-1.0,-8.0,-48.0
1776885209.7181027,-1.0,-3.0,-47.0
1776885209.7291028,1.0,-1.0,-47.0
1776885209.7391028,2.0,0.0,-48.0
1776885209.7491028,7.0,0.0,-40.0
1776885209.7591028,6.0,-1.0,-42.0
1776885209.7691028,2.0,-1.0,-46.0
1776885209.7791028,2.0,-4.0,-41.0
1776885209.7891028,5.0,-4.0,-46.0
1776885209.7991028,8.0,-5.0,-51.0
1776885209.8091028,9.0,-5.0,-48.0
1776885209.8191028,7.0,-3.0,-49.0
1776885209.8291028,3.0,-2.0,-48.0
1776885209.8391027,-2.0,-5.0,-53.0
1776885209.8491027,-3.0,-4.0,-51.0
1776885209.8591027,-5.0,-3.0,-53.0
1776885209.8691027,-9.0,-5.0,-51.0
1776885209.8791027,-3.0,-3.0,-52.0
1776885209.8891027,-4.0,-2.0,-50.0
1776885209.8991027,-7.0,-5.0,-44.0
1776885209.909103,-2.0,-4.0,-46.0
1776885209.919103,-1.0,-2.0,-42.0
1776885209.929103,-2.0,1.0,-39.0
1776885209.9391026,-3.0,0.0,-40.0
1776885209.9491026,-2.0,0.0,-37.0
1776885209.9591026,-4.0,0.0,-35.0
1776885209.9691026,-5.0,4.0,-32.0
1776885209.9791028,-2.0,2.0,-36.0
1776885209.9891028,-5.0,3.0,-41.0
1776885209.9991028,-5.0,3.0,-37.0
1776885210.0091028,-7.0,5.0,-35.0
1776885210.0191028,-4.0,4.0,-38.0
1776885210.0291028,-4.0,2.0,-39.0
1776885210.0391028,-7.0,2.0,-44.0
1776885210.0491028,-9.0,0.0,-39.0
1776885210.0591028,-9.0,-4.0,-45.0
1776885210.0691028,-8.0,-1.0,-47.0
1776885210.0791028,-6.0,0.0,-41.0
1776885210.0891027,-9.0,0.0,-37.0
1776885210.0991027,-2.0,-2.0,-40.0
1776885210.1091027,2.0,0.0,-41.0
1776885210.1191027,5.0,-1.0,-41.0
1776885210.1291027,3.0,-3.0,-42.0
1776885210.1391027,2.0,0.0,-48.0
1776885210.1491027,1.0,-1.0,-48.0
1776885210.159103,0.0,0.0,-39.0
1776885210.169103,-2.0,-4.0,-51.0
1776885210.179103,0.0,0.0,-47.0
1776885210.1891026,2.0,0.0,-40.0
1776885210.1991026,5.0,-1.0,-35.0
1776885210.2091026,2.0,-2.0,-41.0
1776885210.2191026,1.0,-3.0,-45.0
1776885210.2291028,-1.0,0.0,-48.0
1776885210.2391028,2.0,0.0,-41.0
1776885210.2491028,0.0,5.0,-42.0
1776885210.2591028,-4.0,5.0,-39.0
1776885210.2691028,0.0,2.0,-41.0
1776885210.2791028,-2.0,0.0,-46.0
1776885210.2891028,-4.0,0.0,-51.0
1776885210.2991028,0.0,0.0,-51.0
1776885210.3091028,3.0,0.0,-51.0
1776885210.3191028,4.0,-5.0,-51.0
1776885210.3291028,5.0,-4.0,-49.0
1776885210.3391027,8.0,0.0,-44.0
1776885210.3491027,8.0,0.0,-49.0
1776885210.3591027,3.0,-4.0,-51.0
1776885210.3691027,1.0,-5.0,-45.0
1776885210.3791027,0.0,-3.0,-45.0
1776885210.3891027,5.0,0.0,-36.0
1776885210.3991027,6.0,0.0,-35.0
1776885210.409103,3.0,-2.0,-38.0
1776885210.419103,2.0,-3.0,-50.0
1776885210.429103,3.0,-1.0,-45.0
1776885210.4391026,0.0,-1.0,-51.0
1776885210.4491026,0.0,0.0,-45.0
1776885210.4591026,1.0,-2.0,-44.0
1776885210.4691026,3.0,-6.0,-41.0
1776885210.4791028,4.0,-5.0,-38.0
1776885210.4891028,3.0,0.0,-39.0
1776885210.4991028,-1.0,-2.0,-42.0
1776885210.5091028,-2.0,-2.0,-41.0
1776885210.5191028,-1.0,-1.0,-43.0
1776885210.5291028,-1.0,0.0,-52.0
1776885210.5391028,0.0,1.0,-58.0
1776885210.5491028,-1.0,4.0,-55.0
1776885210.5591028,0.0,2.0,-55.0
1776885210.5691028,1.0,2.0,-52.0
1776885210.5791028,0.0,-1.0,-52.0
1776885210.5891027,0.0,0.0,-52.0
1776885210.5991027,-3.0,-3.0,-57.0
1776885210.6091027,-6.0,-5.0,-55.0
1776885210.6191027,-5.0,-4.0,-54.0
1776885210.6291027,-2.0,-3.0,-45.0
1776885210.6391027,-1.0,0.0,-44.0
1776885210.6491027,-3.0,3.0,-39.0
1776885210.659103,-2.0,1.0,-36.0
1776885210.669103,0.0,2.0,-41.0
1776885210.679103,2.0,1.0,-43.0
1776885210.6891026,6.0,3.0,-44.0
1776885210.6991026,5.0,3.0,-42.0
1776885210.7091026,1.0,2.0,-42.0
1776885210.7191026,1.0,5.0,-39.0
1776885210.7291028,1.0,8.0,-40.0
1776885210.7391028,0.0,7.0,-40.0
1776885210.7491028,2.0,7.0,-45.0
1776885210.7591028,1.0,6.0,-40.0
1776885210.7691028,0.0,1.0,-41.0
1776885210.7791028,0.0,3.0,-36.0
1776885210.7891028,1.0,4.0,-37.0
1776885210.7991028,0.0,0.0,-40.0
1776885210.8091028,0.0,1.0,-48.0
1776885210.8191028,0.0,-1.0,-46.0
1776885210.8291028,3.0,-3.0,-47.0
1776885210.8391027,2.0,-3.0,-48.0
1776885210.8491027,3.0,-4.0,-40.0
1776885210.8591027,7.0,-1.0,-39.0
1776885210.8691027,6.0,-2.0,-44.0
1776885210.8791027,4.0,-1.0,-46.0
1776885210.8891027,2.0,0.0,-44.0
1776885210.8991027,3.0,0.0,-38.0
1776885210.909103,1.0,0.0,-39.0
1776885210.919103,3.0,0.0,-42.0
1776885210.929103,4.0,0.0,-40.0
1776885210.9391026,3.0,-1.0,-36.0
1776885210.9491026,7.0,-2.0,-45.0
1776885210.9591026,10.0,-3.0,-45.0
1776885210.9691026,6.0,-2.0,-47.0
1776885210.9791028,6.0,-2.0,-44.0
1776885210.9891028,2.0,-3.0,-47.0
1776885210.9991028,1.0,0.0,-45.0
1776885211.0091028,1.0,0.0,-46.0
1776885211.0191028,5.0,0.0,-53.0
1776885211.0291028,6.0,-2.0,-54.0
1776885211.0391028,6.0,-2.0,-48.0
1776885211.0491028,5.0,-1.0,-50.0
1776885211.0591028,6.0,1.0,-48.0
1776885211.0691028,3.0,0.0,-44.0
1776885211.0791028,5.0,-3.0,-47.0
1776885211.0891027,5.0,0.0,-44.0
1776885211.0991027,3.0,0.0,-42.0
1776885211.1091027,0.0,3.0,-40.0
1776885211.1191027,0.0,2.0,-41.0
1776885211.1291027,4.0,5.0,-37.0
1776885211.1391027,11.0,5.0,-44.0
1776885211.1491027,4.0,0.0,-42.0
1776885211.159103,5.0,-2.0,-41.0
1776885211.169103,2.0,-2.0,-40.0
1776885211.179103,1.0,0.0,-40.0
1776885211.1891026,-3.0,3.0,-40.0
1776885211.1991026,1.0,1.0,-44.0
1776885211.2091026,3.0,-1.0,-51.0
1776885211.2191026,8.0,-5.0,-54.0
1776885211.2291028,9.0,-5.0,-49.0
1776885211.2391028,2.0,-4.0,-50.0
1776885211.2491028,8.0,-3.0,-45.0
1776885211.2591028,6.0,-3.0,-50.0
1776885211.2691028,7.0,0.0,-39.0
1776885211.2791028,5.0,1.0,-33.0
1776885211.2891028,6.0,-2.0,-38.0
1776885211.2991028,9.0,0.0,-52.0
1776885211.3091028,8.0,1.0,-46.0
1776885211.3191028,4.0,0.0,-46.0
1776885211.3291028,3.0,-1.0,-48.0
1776885211.3391027,-2.0,-1.0,-50.0
1776885211.3491027,0.0,-2.0,-45.0
1776885211.3591027,1.0,-2.0,-44.0
1776885211.3691027,0.0,0.0,-42.0
1776885211.3791027,4.0,0.0,-44.0
1776885211.3891027,1.0,-3.0,-46.0
1776885211.3991027,0.0,-4.0,-46.0
1776885211.409103,2.0,-3.0,-49.0
1776885211.419103,0.0,-4.0,-47.0
1776885211.429103,-1.0,-3.0,-49.0
1776885211.4391026,4.0,-4.0,-53.0
1776885211.4491026,5.0,-4.0,-59.0
1776885211.4591026,3.0,-5.0,-62.0
1776885211.4691026,1.0,-1.0,-58.0
1776885211.4791028,0.0,-2.0,-54.0
1776885211.4891028,0.0,-1.0,-56.0
1776885211.4991028,3.0,-2.0,-62.0
1776885211.5091028,4.0,-4.0,-56.0
1776885211.5191028,-1.0,-5.0,-54.0
1776885211.5291028,0.0,-4.0,-54.0
1776885211.5391028,5.0,-2.0,-54.0
1776885211.5491028,10.0,-4.0,-52.0
1776885211.5591028,8.0,-6.0,-51.0
1776885211.5691028,3.0,-7.0,-45.0
1776885211.5791028,1.0,-6.0,-48.0
1776885211.5891027,-2.0,-4.0,-53.0
1776885211.5991027,-1.0,1.0,-54.0
1776885211.610103,2.0,1.0,-54.0
1776885211.6191027,5.0,-3.0,-48.0
1776885211.6301026,3.0,-1.0,-49.0
1776885211.6401026,4.0,-5.0,-51.0
1776885211.6491027,5.0,-9.0,-46.0
1776885211.6601028,1.0,-10.0,-43.0
1776885211.6701028,2.0,-9.0,-44.0
1776885211.6801028,7.0,-10.0,-50.0
1776885211.6901028,2.0,-8.0,-53.0
1776885211.7001028,3.0,-3.0,-54.0
1776885211.7101028,2.0,-4.0,-48.0
1776885211.7201028,3.0,-3.0,-45.0
1776885211.7301028,4.0,-2.0,-42.0
1776885211.7401028,1.0,1.0,-48.0
1776885211.7501028,1.0,1.0,-46.0
1776885211.7601027,3.0,0.0,-44.0
1776885211.7701027,0.0,1.0,-44.0
1776885211.7801027,2.0,0.0,-45.0
1776885211.7901027,1.0,-2.0,-50.0
1776885211.8001027,3.0,-2.0,-45.0
1776885211.8101027,7.0,-2.0,-42.0
1776885211.8201027,3.0,0.0,-49.0
1776885211.8301027,0.0,-2.0,-51.0
1776885211.840103,-4.0,-3.0,-52.0
1776885211.850103,-7.0,-4.0,-56.0
1776885211.860103,-3.0,-3.0,-55.0
1776885211.8701026,-1.0,-2.0,-53.0
1776885211.8801026,0.0,-2.0,-47.0
1776885211.8901026,3.0,-3.0,-45.0
1776885211.9001029,5.0,-3.0,-49.0
1776885211.9101028,5.0,0.0,-50.0
1776885211.9201028,7.0,1.0,-52.0
1776885211.9301028,4.0,3.0,-52.0
1776885211.9401028,1.0,5.0,-51.0
1776885211.9501028,1.0,4.0,-51.0
1776885211.9601028,4.0,4.0,-53.0
1776885211.9701028,0.0,5.0,-49.0
1776885211.9801028,2.0,1.0,-49.0
1776885211.9901028,4.0,0.0,-48.0
1776885212.0001028,2.0,0.0,-40.0
1776885212.0101027,1.0,-3.0,-43.0
1776885212.0201027,2.0,-3.0,-34.0
1776885212.0301027,3.0,-3.0,-36.0
1776885212.0401027,1.0,-8.0,-43.0
1776885212.0501027,0.0,-4.0,-49.0
1776885212.0601027,0.0,-4.0,-42.0
1776885212.0701027,0.0,-5.0,-42.0
1776885212.0801027,1.0,0.0,-44.0
1776885212.090103,0.0,6.0,-40.0
1776885212.100103,0.0,4.0,-41.0
1776885212.110103,-1.0,4.0,-41.0
1776885212.1201026,0.0,1.0,-38.0
1776885212.1301026,4.0,0.0,-34.0
1776885212.1401026,4.0,2.0,-27.0
1776885212.1501029,0.0,4.0,-25.0
1776885212.1601028,4.0,5.0,-35.0
1776885212.1701028,1.0,1.0,-40.0
1776885212.1801028,3.0,-3.0,-49.0
1776885212.1901028,1.0,1.0,-49.0
1776885212.2001028,3.0,0.0,-54.0
1776885212.2101028,9.0,-2.0,-56.0
1776885212.2201028,5.0,0.0,-57.0
1776885212.2301028,4.0,2.0,-57.0
1776885212.2401028,0.0,1.0,-50.0
1776885212.2501028,-2.0,3.0,-52.0
1776885212.2601027,-2.0,2.0,-45.0
1776885212.2701027,2.0,0.0,-47.0
1776885212.2801027,3.0,0.0,-45.0
1776885212.2901027,0.0,-1.0,-47.0
1776885212.3001027,0.0,0.0,-48.0
1776885212.3101027,-4.0,-3.0,-47.0
1776885212.3201027,-5.0,1.0,-50.0
1776885212.3301027,-4.0,3.0,-45.0
1776885212.340103,-4.0,2.0,-48.0
1776885212.350103,-1.0,1.0,-48.0
1776885212.360103,0.0,0.0,-45.0
1776885212.3701026,-1.0,-1.0,-47.0
1776885212.3801026,0.0,-2.0,-49.0
1776885212.3901026,3.0,-5.0,-51.0
1776885212.4001029,0.0,-2.0,-47.0
1776885212.4101028,0.0,-1.0,-43.0
1776885212.4201028,-1.0,-5.0,-44.0
1776885212.4301028,-5.0,-1.0,-41.0
1776885212.4401028,-2.0,-5.0,-38.0
1776885212.4501028,0.0,-3.0,-40.0
1776885212.4601028,0.0,1.0,-43.0
1776885212.4701028,-3.0,2.0,-49.0
1776885212.4801028,0.0,-1.0,-48.0
1776885212.4901028,1.0,1.0,-51.0
1776885212.5001028,2.0,-2.0,-57.0
1776885212.5101027,7.0,-2.0,-52.0
1776885212.5201027,6.0,-1.0,-47.0
1776885212.5301027,6.0,-5.0,-40.0
1776885212.5401027,6.0,0.0,-44.0
1776885212.5501027,7.0,4.0,-45.0
1776885212.5601027,9.0,3.0,-49.0
1776885212.5701027,7.0,-1.0,-49.0
1776885212.5801027,2.0,-3.0,-52.0
1776885212.590103,4.0,-2.0,-48.0
1776885212.600103,5.0,0.0,-43.0
1776885212.610103,3.0,1.0,-41.0
1776885212.6201026,2.0,4.0,-41.0
1776885212.6301026,4.0,1.0,-39.0
1776885212.6401026,3.0,-2.0,-34.0
1776885212.6501029,5.0,0.0,-34.0
1776885212.6601028,1.0,0.0,-29.0
1776885212.6701028,0.0,0.0,-38.0
1776885212.6801028,-1.0,0.0,-38.0
1776885212.6901028,-1.0,2.0,-34.0
1776885212.7001028,0.0,3.0,-33.0
1776885212.7101028,0.0,-1.0,-35.0
1776885212.7201028,-1.0,0.0,-37.0
1776885212.7301028,-4.0,1.0,-42.0
1776885212.7401028,0.0,1.0,-41.0
1776885212.7501028,2.0,0.0,-37.0
1776885212.7601027,5.0,3.0,-42.0
1776885212.7701027,4.0,-3.0,-44.0
1776885212.7801027,1.0,-7.0,-42.0
1776885212.7901027,6.0,-4.0,-42.0
1776885212.8001027,9.0,-10.0,-43.0
1776885212.8101027,11.0,-5.0,-40.0
1776885212.8201027,8.0,-7.0,-41.0
1776885212.8301027,6.0,-7.0,-40.0
1776885212.840103,6.0,-5.0,-43.0
1776885212.850103,8.0,-5.0,-41.0
1776885212.860103,4.0,-8.0,-42.0
1776885212.8701026,2.0,-4.0,-39.0
1776885212.8801026,0.0,-3.0,-34.0
1776885212.8901026,-1.0,-6.0,-33.0
1776885212.9001029,1.0,-7.0,-35.0
1776885212.9101028,2.0,-2.0,-36.0
1776885212.9201028,3.0,0.0,-37.0
1776885212.9301028,6.0,0.0,-43.0
1776885212.9401028,7.0,1.0,-45.0
1776885212.9501028,10.0,3.0,-42.0
1776885212.9601028,12.0,3.0,-46.0
1776885212.9701028,10.0,0.0,-48.0
1776885212.9801028,11.0,0.0,-47.0
1776885212.9901028,11.0,0.0,-47.0
1776885213.0001028,10.0,0.0,-45.0
1776885213.0101027,10.0,-2.0,-41.0
1776885213.0201027,12.0,-3.0,-45.0
1776885213.0301027,14.0,-4.0,-45.0
1776885213.0401027,12.0,0.0,-46.0
1776885213.0501027,8.0,-3.0,-38.0
1776885213.0601027,0.0,-1.0,-33.0
1776885213.0701027,3.0,0.0,-31.0
1776885213.0801027,3.0,-1.0,-32.0
1776885213.090103,0.0,1.0,-34.0
1776885213.100103,3.0,0.0,-34.0
1776885213.110103,7.0,0.0,-39.0
1776885213.1201026,7.0,0.0,-40.0
1776885213.1301026,6.0,-3.0,-51.0
1776885213.1401026,9.0,1.0,-52.0
1776885213.1501029,8.0,2.0,-51.0
1776885213.1601028,4.0,1.0,-53.0
1776885213.1701028,5.0,2.0,-49.0
1776885213.1801028,4.0,2.0,-49.0
1776885213.1901028,4.0,2.0,-44.0
1776885213.2001028,4.0,1.0,-51.0
1776885213.2101028,0.0,2.0,-44.0
1776885213.2201028,6.0,5.0,-41.0
1776885213.2301028,4.0,5.0,-40.0
1776885213.2401028,2.0,5.0,-37.0
1776885213.2501028,0.0,1.0,-37.0
1776885213.2601027,-1.0,0.0,-33.0
1776885213.2701027,0.0,-2.0,-35.0
1776885213.2801027,0.0,0.0,-35.0
1776885213.2901027,0.0,-1.0,-36.0
1776885213.3001027,2.0,-4.0,-38.0
1776885213.3101027,4.0,0.0,-36.0
1776885213.3201027,2.0,0.0,-41.0
1776885213.3301027,2.0,0.0,-37.0
1776885213.340103,0.0,0.0,-31.0
1776885213.350103,2.0,0.0,-40.0
1776885213.360103,2.0,4.0,-42.0
1776885213.3701026,0.0,0.0,-46.0
1776885213.3801026,-2.0,0.0,-47.0
1776885213.3901026,-2.0,0.0,-41.0
1776885213.4001029,-5.0,0.0,-39.0
1776885213.4101028,-7.0,4.0,-37.0
1776885213.4201028,-7.0,3.0,-37.0
1776885213.4301028,-3.0,1.0,-40.0
1776885213.4401028,-7.0,2.0,-36.0
1776885213.4501028,-10.0,0.0,-38.0
1776885213.4601028,-9.0,0.0,-41.0
1776885213.4701028,-10.0,-2.0,-37.0
1776885213.4801028,-12.0,-1.0,-37.0
1776885213.4901028,-10.0,-1.0,-45.0
1776885213.5001028,-7.0,-2.0,-40.0
1776885213.5101027,-2.0,-2.0,-41.0
1776885213.5201027,-5.0,-1.0,-44.0
1776885213.5301027,-5.0,0.0,-42.0
1776885213.5401027,-3.0,-1.0,-41.0
1776885213.5501027,-1.0,-1.0,-40.0
1776885213.5601027,-1.0,0.0,-38.0
1776885213.5701027,-1.0,-3.0,-41.0
1776885213.5811028,0.0,-2.0,-41.0
1776885213.590103,3.0,-2.0,-45.0
1776885213.600103,5.0,-2.0,-43.0
1776885213.6111028,6.0,-2.0,-43.0
1776885213.6211028,4.0,3.0,-44.0
1776885213.6311028,3.0,4.0,-46.0
1776885213.6411028,0.0,4.0,-40.0
1776885213.6511028,1.0,4.0,-33.0
1776885213.6611028,0.0,5.0,-30.0
1776885213.6711028,-1.0,4.0,-33.0
1776885213.6811028,-2.0,3.0,-34.0
1776885213.6911027,-7.0,0.0,-35.0
1776885213.7011027,-4.0,-1.0,-39.0
1776885213.7111027,-3.0,-4.0,-45.0
1776885213.7211027,-2.0,-1.0,-38.0
1776885213.7311027,-6.0,0.0,-37.0
1776885213.7411027,-4.0,3.0,-33.0
1776885213.7511027,-3.0,-2.0,-32.0
1776885213.761103,0.0,0.0,-31.0
1776885213.771103,0.0,2.0,-34.0
1776885213.781103,-2.0,4.0,-33.0
1776885213.7911026,-4.0,2.0,-37.0
1776885213.8011026,0.0,3.0,-31.0
1776885213.8111026,0.0,7.0,-36.0
1776885213.8211029,-2.0,7.0,-36.0
1776885213.8311028,-1.0,3.0,-43.0
1776885213.8411028,-1.0,3.0,-50.0
1776885213.8511028,-2.0,3.0,-44.0
1776885213.8611028,-3.0,2.0,-47.0
1776885213.8711028,-4.0,-3.0,-45.0
1776885213.8811028,-3.0,-6.0,-42.0
1776885213.8911028,-1.0,-4.0,-42.0
1776885213.9011028,-1.0,-2.0,-39.0
1776885213.9111028,3.0,0.0,-36.0
1776885213.9211028,3.0,0.0,-44.0
1776885213.9311028,0.0,0.0,-44.0
1776885213.9411027,2.0,0.0,-46.0
1776885213.9511027,0.0,0.0,-42.0
1776885213.9611027,1.0,-3.0,-46.0
1776885213.9711027,1.0,-9.0,-48.0
1776885213.9811027,1.0,-12.0,-44.0
1776885213.9911027,2.0,-12.0,-47.0
1776885214.0011027,0.0,-14.0,-41.0
1776885214.011103,0.0,-16.0,-39.0
1776885214.021103,0.0,-13.0,-40.0
1776885214.031103,3.0,-9.0,-44.0
1776885214.0411026,3.0,-6.0,-42.0
1776885214.0511026,6.0,-5.0,-40.0
1776885214.0611026,2.0,-8.0,-37.0
1776885214.0711029,0.0,-8.0,-32.0
1776885214.0811028,-2.0,-6.0,-40.0
1776885214.0911028,-2.0,-8.0,-45.0
1776885214.1011028,-1.0,-6.0,-42.0
1776885214.1111028,-1.0,-3.0,-41.0
1776885214.1211028,0.0,-1.0,-44.0
1776885214.1311028,-2.0,-1.0,-34.0
1776885214.1411028,-3.0,-8.0,-37.0
1776885214.1511028,-4.0,-9.0,-46.0
1776885214.1611028,-3.0,-3.0,-42.0
1776885214.1711028,5.0,0.0,-39.0
1776885214.1811028,2.0,0.0,-43.0
1776885214.1911027,1.0,0.0,-40.0
1776885214.2011027,-4.0,-4.0,-42.0
1776885214.2111027,-4.0,-1.0,-39.0
1776885214.2211027,0.0,0.0,-36.0
1776885214.2311027,1.0,0.0,-34.0
1776885214.2411027,-2.0,-2.0,-39.0
1776885214.2511027,0.0,-3.0,-42.0
1776885214.261103,0.0,1.0,-40.0
1776885214.271103,-1.0,0.0,-40.0
1776885214.281103,-1.0,0.0,-43.0
1776885214.2911026,3.0,-1.0,-42.0
1776885214.3011026,5.0,0.0,-52.0
1776885214.3111026,5.0,0.0,-51.0
1776885214.3211029,6.0,-3.0,-52.0
1776885214.3311028,3.0,-1.0,-51.0
1776885214.3411028,2.0,-5.0,-44.0
1776885214.3511028,3.0,-5.0,-43.0
1776885214.3611028,1.0,-1.0,-39.0
1776885214.3711028,-2.0,-1.0,-41.0
1776885214.3811028,-5.0,-4.0,-46.0
1776885214.3911028,-4.0,-5.0,-43.0
1776885214.4011028,0.0,-2.0,-47.0
1776885214.4111028,4.0,1.0,-43.0
1776885214.4211028,2.0,4.0,-44.0
1776885214.4311028,4.0,2.0,-40.0
1776885214.4411027,6.0,0.0,-38.0
1776885214.4511027,0.0,0.0,-37.0
1776885214.4611027,3.0,-2.0,-46.0
1776885214.4711027,5.0,-3.0,-43.0
1776885214.4811027,7.0,-2.0,-42.0
1776885214.4921026,5.0,-2.0,-44.0
1776885214.5011027,5.0,1.0,-40.0
1776885214.511103,2.0,0.0,-41.0
1776885214.521103,0.0,-1.0,-43.0
1776885214.531103,2.0,1.0,-43.0
1776885214.5411026,2.0,4.0,-41.0
1776885214.5511026,4.0,4.0,-39.0
1776885214.5611026,3.0,5.0,-40.0
1776885214.5711029,0.0,1.0,-38.0
1776885214.5811028,0.0,0.0,-25.0
1776885214.5911028,0.0,-5.0,-34.0
1776885214.6011028,0.0,-3.0,-37.0
1776885214.6111028,0.0,-3.0,-34.0
1776885214.6211028,-4.0,0.0,-34.0
1776885214.6311028,-10.0,0.0,-39.0
1776885214.6411028,-10.0,-1.0,-41.0
1776885214.6511028,-5.0,-4.0,-41.0
1776885214.6611028,-10.0,1.0,-44.0
1776885214.6711028,-12.0,2.0,-45.0
1776885214.6811028,-15.0,0.0,-46.0
1776885214.6911027,-10.0,1.0,-41.0
1776885214.7011027,-5.0,-3.0,-43.0
1776885214.7111027,-4.0,-1.0,-43.0
1776885214.7211027,-9.0,-1.0,-45.0
1776885214.7311027,-1.0,3.0,-44.0
1776885214.7411027,2.0,1.0,-43.0
1776885214.7511027,6.0,-2.0,-41.0
1776885214.761103,5.0,-4.0,-43.0
1776885214.771103,5.0,1.0,-43.0
1776885214.7821028,1.0,1.0,-44.0
1776885214.7911026,-2.0,0.0,-44.0
1776885214.8011026,2.0,2.0,-44.0
1776885214.8111026,1.0,-1.0,-45.0
1776885214.8211029,4.0,3.0,-44.0
1776885214.8311028,3.0,0.0,-38.0
1776885214.8411028,2.0,1.0,-40.0
1776885214.8511028,-2.0,0.0,-41.0
1776885214.8611028,-3.0,-2.0,-41.0
1776885214.8711028,-4.0,-2.0,-43.0
1776885214.8811028,1.0,2.0,-42.0
1776885214.8911028,2.0,4.0,-42.0
1776885214.9011028,5.0,1.0,-44.0
1776885214.9111028,0.0,0.0,-46.0
1776885214.9211028,-3.0,-3.0,-46.0
1776885214.9311028,-2.0,-3.0,-45.0
1776885214.9411027,0.0,0.0,-45.0
1776885214.9511027,0.0,-2.0,-47.0
1776885214.9611027,2.0,1.0,-46.0
1776885214.9711027,3.0,0.0,-46.0
1776885214.9811027,0.0,0.0,-49.0
1776885214.9911027,-1.0,-1.0,-50.0
1776885215.0011027,-1.0,-3.0,-47.0
1776885215.011103,0.0,-1.0,-52.0
1776885215.021103,3.0,0.0,-54.0
1776885215.031103,0.0,0.0,-60.0
1776885215.0411026,0.0,-1.0,-57.0
1776885215.0511026,0.0,2.0,-46.0
1776885215.0611026,2.0,4.0,-48.0
1776885215.0711029,1.0,8.0,-55.0
1776885215.0811028,0.0,9.0,-60.0
1776885215.0911028,0.0,12.0,-57.0
1776885215.1011028,0.0,5.0,-55.0
1776885215.1111028,0.0,3.0,-54.0
1776885215.1211028,0.0,-2.0,-56.0
1776885215.1311028,-6.0,1.0,-54.0
1776885215.1411028,-5.0,4.0,-49.0
1776885215.1511028,-4.0,4.0,-54.0
1776885215.1611028,0.0,2.0,-53.0
1776885215.1711028,1.0,0.0,-52.0
1776885215.1811028,0.0,-1.0,-48.0
1776885215.1911027,2.0,-2.0,-46.0
1776885215.2011027,0.0,2.0,-43.0
1776885215.2111027,0.0,2.0,-43.0
1776885215.2211027,0.0,0.0,-39.0
1776885215.2311027,0.0,0.0,-42.0
1776885215.2411027,-3.0,0.0,-46.0
1776885215.2511027,-6.0,-4.0,-42.0
1776885215.261103,-4.0,-2.0,-42.0
1776885215.271103,-4.0,-1.0,-41.0
1776885215.281103,0.0,0.0,-43.0
1776885215.2911026,0.0,-5.0,-42.0
1776885215.3011026,2.0,-3.0,-41.0
1776885215.3111026,1.0,-6.0,-40.0
1776885215.3211029,2.0,-5.0,-41.0
1776885215.3311028,3.0,-7.0,-40.0
1776885215.3411028,5.0,-10.0,-46.0
1776885215.3511028,2.0,-6.0,-43.0
1776885215.3611028,3.0,-10.0,-44.0
1776885215.3711028,3.0,-8.0,-40.0
1776885215.3811028,5.0,-6.0,-38.0
1776885215.3911028,4.0,-4.0,-40.0
1776885215.4011028,5.0,-6.0,-40.0
1776885215.4111028,6.0,-4.0,-40.0
1776885215.4211028,6.0,-4.0,-48.0
1776885215.4311028,9.0,-2.0,-42.0
1776885215.4411027,9.0,0.0,-41.0
1776885215.4511027,8.0,1.0,-48.0
1776885215.4611027,7.0,1.0,-47.0
1776885215.4711027,8.0,5.0,-50.0
1776885215.4811027,9.0,5.0,-52.0
1776885215.4911027,3.0,10.0,-51.0
1776885215.5011027,3.0,7.0,-51.0
1776885215.511103,2.0,6.0,-49.0
1776885215.521103,1.0,3.0,-53.0
1776885215.531103,4.0,7.0,-54.0
1776885215.5411026,4.0,4.0,-46.0
1776885215.5511026,1.0,3.0,-50.0
1776885215.5611026,1.0,2.0,-49.0
1776885215.5721028,4.0,2.0,-52.0
1776885215.5821028,2.0,3.0,-48.0
1776885215.5921028,-1.0,1.0,-47.0
1776885215.6021028,3.0,1.0,-51.0
1776885215.6121027,5.0,2.0,-51.0
1776885215.6221027,1.0,3.0,-57.0
1776885215.6321027,-2.0,-3.0,-57.0
1776885215.6421027,-3.0,-4.0,-55.0
1776885215.6521027,-2.0,-5.0,-52.0
1776885215.6621027,0.0,-2.0,-50.0
1776885215.6721027,-2.0,-4.0,-49.0
1776885215.682103,2.0,-6.0,-44.0
1776885215.692103,2.0,-6.0,-40.0
1776885215.702103,2.0,-6.0,-36.0
1776885215.712103,5.0,-5.0,-42.0
1776885215.7221026,3.0,-2.0,-39.0
1776885215.7321026,5.0,-3.0,-42.0
1776885215.7421026,2.0,0.0,-43.0
1776885215.7521029,4.0,0.0,-40.0
1776885215.7621028,3.0,2.0,-36.0
1776885215.7721028,5.0,1.0,-37.0
1776885215.7821028,6.0,6.0,-42.0
1776885215.7921028,6.0,4.0,-46.0
1776885215.8021028,4.0,3.0,-42.0
1776885215.8121028,6.0,1.0,-43.0
1776885215.8221028,7.0,-2.0,-41.0
1776885215.8321028,5.0,-1.0,-48.0
1776885215.8421028,1.0,0.0,-51.0
1776885215.8521028,3.0,-1.0,-46.0
1776885215.8621027,4.0,0.0,-43.0
1776885215.8721027,5.0,0.0,-46.0
1776885215.8821027,5.0,0.0,-47.0
1776885215.8921027,4.0,-2.0,-45.0
1776885215.9021027,2.0,-1.0,-43.0
1776885215.9121027,5.0,1.0,-40.0
1776885215.9221027,3.0,2.0,-35.0
1776885215.932103,2.0,-1.0,-34.0
1776885215.942103,2.0,-3.0,-32.0
1776885215.952103,4.0,-2.0,-37.0
1776885215.962103,0.0,-4.0,-47.0
1776885215.9721026,0.0,-3.0,-51.0
1776885215.9821026,-2.0,-4.0,-50.0
1776885215.9921026,-6.0,-1.0,-48.0
1776885216.0021029,-9.0,-3.0,-48.0
1776885216.0121028,-14.0,-8.0,-50.0
1776885216.0221028,-12.0,-10.0,-47.0
1776885216.0321028,-7.0,-8.0,-50.0
1776885216.0421028,-4.0,-5.0,-51.0
1776885216.0521028,-5.0,-4.0,-47.0
1776885216.0621028,-6.0,-2.0,-46.0
1776885216.0721028,-3.0,0.0,-42.0
1776885216.0821028,-2.0,0.0,-40.0
1776885216.0921028,-10.0,3.0,-42.0
1776885216.1021028,-8.0,4.0,-44.0
1776885216.1121027,-2.0,2.0,-46.0
1776885216.1221027,-5.0,-1.0,-47.0
1776885216.1321027,-5.0,-5.0,-45.0
1776885216.1421027,-2.0,-2.0,-43.0
1776885216.1521027,0.0,0.0,-47.0
1776885216.1621027,0.0,2.0,-47.0
1776885216.1721027,-1.0,-2.0,-44.0
1776885216.182103,0.0,0.0,-41.0
1776885216.192103,1.0,0.0,-40.0
1776885216.202103,-1.0,-1.0,-44.0
1776885216.212103,-1.0,0.0,-45.0
1776885216.2221026,-2.0,0.0,-47.0
1776885216.2321026,-4.0,-4.0,-45.0
1776885216.2421026,1.0,-6.0,-47.0
1776885216.2521029,0.0,-8.0,-49.0
1776885216.2621028,4.0,-5.0,-35.0
1776885216.2721028,2.0,-6.0,-43.0
1776885216.2821028,3.0,-3.0,-44.0
1776885216.2921028,1.0,-5.0,-36.0
1776885216.3021028,5.0,-5.0,-36.0
1776885216.3121028,6.0,-10.0,-43.0
1776885216.3221028,1.0,-10.0,-46.0
1776885216.3321028,-2.0,-11.0,-48.0
1776885216.3421028,0.0,-6.0,-39.0
1776885216.3521028,1.0,-1.0,-34.0
1776885216.3621027,0.0,5.0,-37.0
1776885216.3721027,1.0,0.0,-40.0
1776885216.3821027,-2.0,0.0,-47.0
1776885216.3921027,-1.0,3.0,-39.0
1776885216.4021027,1.0,-3.0,-40.0
1776885216.4121027,3.0,-3.0,-40.0
1776885216.4221027,2.0,-4.0,-44.0
1776885216.432103,-3.0,-2.0,-40.0
1776885216.442103,-5.0,0.0,-45.0
1776885216.452103,-5.0,-1.0,-43.0
1776885216.462103,-3.0,-5.0,-36.0
1776885216.4721026,1.0,-5.0,-38.0
1776885216.4821026,1.0,-7.0,-44.0
1776885216.4921026,4.0,-4.0,-38.0
1776885216.5021029,3.0,0.0,-33.0
1776885216.5121028,2.0,1.0,-32.0
1776885216.5221028,1.0,4.0,-42.0
1776885216.5321028,0.0,0.0,-41.0
1776885216.5421028,-1.0,-1.0,-47.0
1776885216.5521028,-1.0,3.0,-48.0
1776885216.5621028,0.0,1.0,-38.0
1776885216.5721028,-2.0,-1.0,-33.0
1776885216.5821028,-2.0,0.0,-37.0
1776885216.5921028,-4.0,-1.0,-41.0
1776885216.6021028,-1.0,-4.0,-48.0
1776885216.6121027,-1.0,-3.0,-47.0
1776885216.6221027,-2.0,-1.0,-37.0
1776885216.6321027,-3.0,1.0,-29.0
1776885216.6421027,-2.0,4.0,-37.0
1776885216.6521027,1.0,1.0,-45.0
1776885216.6621027,0.0,1.0,-45.0
1776885216.6721027,0.0,4.0,-45.0
1776885216.682103,4.0,3.0,-50.0
1776885216.692103,5.0,0.0,-50.0
1776885216.702103,0.0,1.0,-52.0
1776885216.712103,1.0,-1.0,-51.0
1776885216.7221026,4.0,-2.0,-52.0
1776885216.7321026,2.0,1.0,-43.0
1776885216.7421026,5.0,-1.0,-44.0
1776885216.7521029,4.0,-4.0,-42.0
1776885216.7621028,4.0,-6.0,-35.0
1776885216.7721028,2.0,-6.0,-36.0
1776885216.7821028,0.0,0.0,-30.0
1776885216.7921028,0.0,4.0,-35.0
1776885216.8021028,2.0,0.0,-42.0
1776885216.8121028,3.0,-2.0,-38.0
1776885216.8221028,3.0,-5.0,-44.0
1776885216.8321028,5.0,-5.0,-48.0
1776885216.8421028,6.0,-2.0,-44.0
1776885216.8521028,4.0,0.0,-46.0
1776885216.8621027,3.0,1.0,-46.0
1776885216.8721027,4.0,-1.0,-44.0
1776885216.8821027,0.0,-3.0,-41.0
1776885216.8921027,-4.0,-4.0,-36.0
1776885216.9021027,0.0,-3.0,-42.0
1776885216.9121027,5.0,-2.0,-39.0
1776885216.9221027,6.0,0.0,-42.0
1776885216.932103,1.0,0.0,-45.0
1776885216.942103,3.0,-1.0,-40.0
1776885216.952103,3.0,-2.0,-42.0
1776885216.962103,4.0,-3.0,-40.0
1776885216.9721026,0.0,-3.0,-40.0
1776885216.9821026,-2.0,-2.0,-39.0
1776885216.9921026,-2.0,-1.0,-39.0
1776885217.0021029,0.0,0.0,-40.0
1776885217.0121028,1.0,-7.0,-48.0
1776885217.0221028,8.0,-3.0,-45.0
1776885217.0321028,9.0,0.0,-49.0
1776885217.0421028,15.0,-2.0,-48.0
1776885217.0521028,9.0,0.0,-54.0
1776885217.0621028,5.0,0.0,-48.0
1776885217.0721028,3.0,0.0,-49.0
1776885217.0821028,5.0,-4.0,-52.0
1776885217.0921028,4.0,-2.0,-51.0
1776885217.1021028,2.0,-4.0,-50.0
1776885217.1121027,1.0,-6.0,-51.0
1776885217.1221027,2.0,-5.0,-51.0
1776885217.1321027,3.0,-7.0,-49.0
1776885217.1421027,2.0,-4.0,-40.0
1776885217.1521027,2.0,-5.0,-40.0
1776885217.1621027,0.0,-3.0,-40.0
1776885217.1721027,2.0,-2.0,-43.0
1776885217.182103,3.0,-5.0,-49.0
1776885217.192103,5.0,-7.0,-43.0
1776885217.202103,7.0,-3.0,-44.0
1776885217.212103,6.0,-1.0,-45.0
1776885217.2221026,6.0,0.0,-44.0
1776885217.2321026,1.0,-2.0,-42.0
1776885217.2421026,-6.0,-5.0,-47.0
1776885217.2521029,-6.0,-4.0,-38.0
1776885217.2621028,-8.0,-1.0,-41.0
1776885217.2721028,-9.0,0.0,-38.0
1776885217.2821028,-5.0,1.0,-36.0
1776885217.2921028,-7.0,-2.0,-41.0
1776885217.3021028,-3.0,-1.0,-46.0
1776885217.3121028,-3.0,0.0,-51.0
1776885217.3221028,-2.0,-2.0,-53.0
1776885217.3321028,-1.0,0.0,-52.0
1776885217.3421028,-1.0,1.0,-46.0
1776885217.3521028,-3.0,-4.0,-40.0
1776885217.3621027,1.0,0.0,-44.0
1776885217.3721027,5.0,-2.0,-51.0
1776885217.3821027,13.0,-3.0,-51.0
1776885217.3921027,13.0,-4.0,-55.0
1776885217.4021027,7.0,-1.0,-57.0
1776885217.4121027,5.0,-2.0,-60.0
1776885217.4221027,5.0,-4.0,-57.0
1776885217.432103,8.0,-5.0,-54.0
1776885217.442103,4.0,-3.0,-45.0
1776885217.452103,4.0,-4.0,-45.0
1776885217.462103,5.0,1.0,-42.0
1776885217.4721026,5.0,0.0,-41.0
1776885217.4821026,7.0,0.0,-47.0
1776885217.4921026,2.0,2.0,-46.0
1776885217.5021029,0.0,0.0,-43.0
1776885217.5121028,1.0,1.0,-49.0
1776885217.5221028,4.0,1.0,-45.0
1776885217.5321028,6.0,2.0,-45.0
1776885217.5421028,6.0,0.0,-44.0
1776885217.5521028,5.0,1.0,-51.0
1776885217.5631027,7.0,-3.0,-43.0
1776885217.5731027,7.0,-5.0,-44.0
1776885217.5831027,4.0,-2.0,-46.0
1776885217.5931027,-1.0,-2.0,-47.0
1776885217.6031027,2.0,-1.0,-44.0
1776885217.613103,1.0,0.0,-46.0
1776885217.623103,0.0,-1.0,-54.0
1776885217.633103,1.0,-7.0,-55.0
1776885217.6431026,3.0,-9.0,-58.0
1776885217.6531026,5.0,-7.0,-52.0
1776885217.6631026,8.0,-4.0,-48.0
1776885217.6731029,11.0,-4.0,-48.0
1776885217.6831028,6.0,-3.0,-44.0
1776885217.6931028,3.0,-2.0,-38.0
1776885217.7031028,1.0,0.0,-36.0
1776885217.7131028,0.0,-1.0,-39.0
1776885217.7231028,-7.0,0.0,-36.0
1776885217.7331028,-4.0,0.0,-41.0
1776885217.7431028,-4.0,-4.0,-47.0
1776885217.7531028,-5.0,-3.0,-47.0
1776885217.7631028,-3.0,1.0,-45.0
1776885217.7731028,-8.0,3.0,-41.0
1776885217.7831028,-6.0,3.0,-41.0
1776885217.7931027,0.0,3.0,-40.0
1776885217.8031027,-3.0,0.0,-45.0
1776885217.8131027,-2.0,0.0,-40.0
1776885217.8231027,-2.0,0.0,-32.0
1776885217.8331027,-2.0,1.0,-34.0
1776885217.8431027,-3.0,4.0,-37.0
1776885217.8531027,-5.0,3.0,-33.0
1776885217.863103,0.0,3.0,-34.0
1776885217.873103,3.0,3.0,-27.0
1776885217.883103,1.0,2.0,-30.0
1776885217.8931026,0.0,8.0,-26.0
1776885217.9031026,0.0,3.0,-32.0
1776885217.9131026,-1.0,1.0,-42.0
1776885217.9231029,5.0,0.0,-48.0
1776885217.9331028,5.0,3.0,-48.0
1776885217.9431028,6.0,5.0,-46.0
1776885217.9531028,6.0,5.0,-44.0
1776885217.9631028,8.0,5.0,-43.0
1776885217.9731028,5.0,3.0,-42.0
1776885217.9831028,3.0,-1.0,-41.0
1776885217.9931028,1.0,2.0,-48.0
1776885218.0031028,-5.0,0.0,-49.0
1776885218.0131028,-4.0,-3.0,-43.0
1776885218.0231028,-7.0,-4.0,-42.0
1776885218.0331028,-6.0,-4.0,-47.0
1776885218.0431027,-6.0,0.0,-43.0
1776885218.0531027,-4.0,4.0,-47.0
1776885218.0631027,-4.0,0.0,-48.0
1776885218.0731027,-8.0,-2.0,-51.0
1776885218.0831027,-4.0,-3.0,-51.0
1776885218.0931027,-4.0,-7.0,-52.0
1776885218.1031027,-6.0,-4.0,-45.0
1776885218.113103,-6.0,-7.0,-39.0
1776885218.123103,-8.0,-6.0,-38.0
1776885218.133103,-10.0,-5.0,-40.0
1776885218.1431026,-8.0,-4.0,-45.0
1776885218.1531026,-7.0,-7.0,-42.0
1776885218.1631026,-7.0,-6.0,-48.0
1776885218.1731029,-2.0,-3.0,-52.0
1776885218.1831028,-3.0,-3.0,-54.0
1776885218.1931028,-6.0,-1.0,-44.0
1776885218.2031028,-9.0,-4.0,-44.0
1776885218.2131028,-6.0,0.0,-35.0
1776885218.2231028,-1.0,-1.0,-41.0
1776885218.2331028,0.0,-1.0,-39.0
1776885218.2431028,1.0,-6.0,-40.0
1776885218.2531028,6.0,-10.0,-43.0
1776885218.2631028,4.0,-10.0,-50.0
1776885218.2731028,5.0,-10.0,-53.0
1776885218.2831028,4.0,-8.0,-57.0
1776885218.2931027,4.0,-5.0,-50.0
1776885218.3031027,4.0,-1.0,-50.0
1776885218.3131027,2.0,1.0,-48.0
1776885218.3231027,1.0,1.0,-46.0
1776885218.3331027,5.0,0.0,-44.0
1776885218.3431027,7.0,0.0,-42.0
1776885218.3531027,6.0,-5.0,-37.0
1776885218.363103,4.0,-4.0,-45.0
1776885218.373103,5.0,-4.0,-46.0
1776885218.383103,5.0,-5.0,-47.0
1776885218.3931026,2.0,-7.0,-44.0
1776885218.4031026,0.0,-5.0,-45.0
1776885218.4131026,0.0,-3.0,-49.0
1776885218.4231029,0.0,-1.0,-47.0
1776885218.4331028,2.0,-4.0,-47.0
1776885218.4431028,5.0,-8.0,-47.0
1776885218.4531028,6.0,-8.0,-41.0
1776885218.4631028,5.0,-1.0,-43.0
1776885218.4731028,1.0,0.0,-41.0
1776885218.4831028,2.0,3.0,-46.0
1776885218.4931028,2.0,0.0,-52.0
1776885218.5031028,9.0,0.0,-47.0
1776885218.5131028,4.0,4.0,-43.0
1776885218.5231028,7.0,2.0,-42.0
1776885218.5331028,13.0,-1.0,-41.0
1776885218.5431027,11.0,0.0,-36.0
1776885218.5531027,7.0,-1.0,-40.0
1776885218.5631027,2.0,-5.0,-42.0
1776885218.5731027,1.0,-8.0,-45.0
1776885218.5831027,-1.0,-9.0,-48.0
1776885218.5931027,-1.0,-8.0,-47.0
1776885218.6031027,-2.0,-3.0,-40.0
1776885218.613103,-1.0,0.0,-41.0
1776885218.623103,1.0,3.0,-49.0
1776885218.633103,0.0,3.0,-55.0
1776885218.6431026,0.0,4.0,-54.0
1776885218.6531026,-5.0,7.0,-48.0
1776885218.6631026,-2.0,6.0,-46.0
1776885218.6731029,-1.0,7.0,-46.0
1776885218.6831028,2.0,4.0,-42.0
1776885218.6931028,0.0,4.0,-50.0
1776885218.7031028,-1.0,2.0,-51.0
1776885218.7131028,-1.0,-1.0,-51.0
1776885218.7231028,0.0,-6.0,-43.0
1776885218.7331028,-2.0,-5.0,-46.0
1776885218.7431028,-2.0,0.0,-47.0
1776885218.7531028,0.0,4.0,-45.0
1776885218.7631028,-1.0,3.0,-48.0
1776885218.7731028,0.0,4.0,-48.0
1776885218.7831028,-2.0,-1.0,-46.0
1776885218.7931027,-1.0,-3.0,-42.0
1776885218.8031027,-1.0,-8.0,-39.0
1776885218.8131027,1.0,-12.0,-37.0
1776885218.8231027,6.0,-10.0,-44.0
1776885218.8331027,3.0,-6.0,-40.0
1776885218.8431027,5.0,-4.0,-40.0
1776885218.8531027,1.0,-3.0,-35.0
1776885218.863103,-2.0,-3.0,-39.0
1776885218.873103,0.0,3.0,-42.0
1776885218.883103,6.0,0.0,-36.0
1776885218.8931026,8.0,0.0,-32.0
1776885218.9031026,8.0,-1.0,-35.0
1776885218.9131026,6.0,-3.0,-38.0
1776885218.9231029,4.0,-6.0,-38.0
1776885218.9331028,-1.0,-7.0,-42.0
1776885218.9431028,2.0,-4.0,-34.0
1776885218.9531028,0.0,-3.0,-33.0
1776885218.9631028,0.0,-4.0,-38.0
1776885218.9731028,-2.0,-2.0,-40.0
1776885218.9831028,-2.0,-3.0,-49.0
1776885218.9931028,-4.0,-6.0,-46.0
1776885219.0031028,-6.0,-3.0,-49.0
1776885219.0131028,-7.0,0.0,-51.0
1776885219.0231028,-5.0,0.0,-44.0
1776885219.0331028,-7.0,2.0,-43.0
1776885219.0431027,-2.0,1.0,-40.0
1776885219.0531027,0.0,-3.0,-36.0
1776885219.0631027,1.0,-5.0,-32.0
1776885219.0731027,1.0,-1.0,-30.0
1776885219.0831027,0.0,-3.0,-26.0
1776885219.0931027,-1.0,-5.0,-29.0
1776885219.1031027,-4.0,-3.0,-32.0
1776885219.113103,-3.0,-3.0,-33.0
1776885219.123103,-3.0,-4.0,-42.0
1776885219.133103,2.0,-6.0,-46.0
1776885219.1431026,7.0,-7.0,-46.0
1776885219.1531026,6.0,-6.0,-44.0
1776885219.1631026,2.0,-1.0,-36.0
1776885219.1731029,2.0,0.0,-39.0
1776885219.1831028,0.0,-5.0,-36.0
1776885219.1931028,-4.0,-7.0,-42.0
1776885219.2031028,-5.0,-5.0,-39.0
1776885219.2131028,-8.0,-3.0,-33.0
1776885219.2231028,-4.0,-5.0,-31.0
1776885219.2331028,-3.0,-4.0,-37.0
1776885219.2431028,-4.0,-4.0,-35.0
1776885219.2531028,-5.0,-4.0,-34.0
1776885219.2631028,-1.0,-4.0,-39.0
1776885219.2731028,0.0,-2.0,-47.0
1776885219.2831028,-4.0,-1.0,-37.0
1776885219.2931027,-5.0,0.0,-41.0
1776885219.3031027,-5.0,0.0,-47.0
1776885219.3131027,-1.0,-1.0,-49.0
1776885219.3231027,0.0,1.0,-56.0
1776885219.3331027,0.0,2.0,-62.0
1776885219.3431027,2.0,0.0,-63.0
1776885219.3531027,0.0,-1.0,-57.0
1776885219.363103,-2.0,0.0,-51.0
1776885219.373103,-2.0,0.0,-49.0
1776885219.383103,-4.0,0.0,-45.0
1776885219.3931026,1.0,-1.0,-47.0
1776885219.4031026,0.0,-1.0,-49.0
1776885219.4131026,-6.0,2.0,-43.0
1776885219.4231029,-6.0,4.0,-34.0
1776885219.4331028,-1.0,4.0,-34.0
1776885219.4431028,3.0,3.0,-36.0
1776885219.4531028,3.0,2.0,-31.0
1776885219.4631028,5.0,0.0,-31.0
1776885219.4731028,6.0,3.0,-28.0
1776885219.4831028,6.0,0.0,-37.0
1776885219.4931028,4.0,-2.0,-39.0
1776885219.5031028,1.0,0.0,-39.0
1776885219.5131028,-2.0,3.0,-39.0
1776885219.5231028,-2.0,-4.0,-44.0
1776885219.5331028,0.0,-2.0,-44.0
1776885219.544103,0.0,-1.0,-43.0
1776885219.554103,-1.0,-4.0,-42.0
1776885219.5641026,-1.0,-6.0,-38.0
1776885219.5741026,2.0,-4.0,-49.0
1776885219.5841026,6.0,-2.0,-46.0
1776885219.5941026,8.0,-1.0,-45.0
1776885219.6041028,9.0,-4.0,-49.0
1776885219.6141028,9.0,-5.0,-44.0
1776885219.6241028,2.0,-5.0,-43.0
1776885219.6341028,-1.0,-7.0,-41.0
1776885219.6441028,2.0,-4.0,-42.0
1776885219.6541028,1.0,-8.0,-46.0
1776885219.6641028,0.0,-5.0,-47.0
1776885219.6741028,1.0,-6.0,-47.0
1776885219.6841028,0.0,-10.0,-48.0
1776885219.6941028,2.0,-10.0,-44.0
1776885219.7041028,2.0,-8.0,-48.0
1776885219.7141027,2.0,-9.0,-46.0
1776885219.7241027,3.0,-10.0,-41.0
1776885219.7341027,5.0,-12.0,-40.0
1776885219.7441027,4.0,-10.0,-41.0
1776885219.7541027,2.0,-6.0,-42.0
1776885219.7641027,-5.0,-3.0,-49.0
1776885219.7741027,-9.0,-2.0,-55.0
1776885219.784103,-7.0,-4.0,-53.0
1776885219.794103,-6.0,-2.0,-46.0
1776885219.804103,-2.0,0.0,-46.0
1776885219.8141026,-3.0,-1.0,-49.0
1776885219.8241026,-2.0,-2.0,-48.0
1776885219.8341026,-2.0,-3.0,-52.0
1776885219.8441026,-2.0,-6.0,-49.0
1776885219.8541028,-1.0,-9.0,-48.0
1776885219.8641028,0.0,-10.0,-46.0
1776885219.8741028,3.0,-8.0,-46.0
1776885219.8841028,6.0,-7.0,-46.0
1776885219.8941028,8.0,-5.0,-43.0
1776885219.9041028,4.0,-4.0,-41.0
1776885219.9141028,3.0,-2.0,-39.0
1776885219.9241028,0.0,-4.0,-41.0
1776885219.9341028,-2.0,-4.0,-40.0
1776885219.9441028,0.0,-4.0,-39.0
1776885219.9541028,1.0,-2.0,-41.0
1776885219.9641027,3.0,-1.0,-40.0
1776885219.9741027,4.0,-2.0,-43.0
1776885219.9841027,6.0,-1.0,-43.0
1776885219.9941027,6.0,-3.0,-47.0
1776885220.0041027,4.0,-4.0,-51.0
1776885220.0141027,3.0,-10.0,-57.0
1776885220.0241027,2.0,-9.0,-53.0
1776885220.034103,4.0,-6.0,-46.0
1776885220.044103,3.0,-8.0,-41.0
1776885220.054103,4.0,-5.0,-42.0
1776885220.0641026,-1.0,-4.0,-44.0
1776885220.0741026,-5.0,-5.0,-45.0
1776885220.0841026,-9.0,-3.0,-47.0
1776885220.0941026,-7.0,-6.0,-42.0
1776885220.1041028,-4.0,-2.0,-41.0
1776885220.1141028,-3.0,-2.0,-44.0
1776885220.1241028,1.0,-1.0,-43.0
1776885220.1341028,3.0,1.0,-46.0
1776885220.1441028,3.0,6.0,-39.0
1776885220.1541028,6.0,7.0,-36.0
1776885220.1641028,4.0,4.0,-41.0
1776885220.1741028,-2.0,4.0,-50.0
1776885220.1841028,0.0,3.0,-51.0
1776885220.1941028,-1.0,0.0,-51.0
1776885220.2041028,-2.0,-3.0,-48.0
1776885220.2141027,-7.0,-5.0,-44.0
1776885220.2241027,-4.0,-1.0,-45.0
1776885220.2341027,-7.0,-1.0,-46.0
1776885220.2441027,-6.0,-1.0,-40.0
1776885220.2541027,-6.0,3.0,-44.0
1776885220.2641027,-2.0,2.0,-48.0
1776885220.2741027,-1.0,0.0,-52.0
1776885220.284103,1.0,-5.0,-57.0
1776885220.294103,0.0,-6.0,-56.0
1776885220.304103,0.0,-4.0,-55.0
1776885220.3141026,-5.0,-1.0,-54.0
1776885220.3241026,-6.0,-2.0,-48.0
1776885220.3341026,-4.0,-5.0,-43.0
1776885220.3441026,-2.0,-3.0,-39.0
1776885220.3541028,-4.0,-1.0,-41.0
1776885220.3641028,-3.0,-2.0,-39.0
1776885220.3741028,-1.0,-1.0,-35.0
1776885220.3841028,0.0,-3.0,-31.0
1776885220.3941028,0.0,-6.0,-35.0
1776885220.4041028,0.0,-5.0,-38.0
1776885220.4141028,-2.0,-5.0,-33.0
1776885220.4241028,1.0,-5.0,-38.0
1776885220.4341028,-1.0,-3.0,-45.0
1776885220.4441028,-4.0,-4.0,-50.0
1776885220.4541028,-3.0,-2.0,-47.0
1776885220.4641027,-1.0,0.0,-46.0
1776885220.4741027,-1.0,2.0,-42.0
1776885220.4841027,-4.0,-1.0,-42.0
1776885220.4941027,-4.0,-3.0,-41.0
1776885220.5041027,-2.0,0.0,-41.0
1776885220.5141027,-4.0,0.0,-40.0
1776885220.5241027,-3.0,1.0,-36.0
1776885220.534103,0.0,-1.0,-37.0
1776885220.544103,1.0,1.0,-41.0
1776885220.554103,-1.0,1.0,-46.0
1776885220.5641026,-2.0,0.0,-49.0
1776885220.5741026,-1.0,0.0,-51.0
1776885220.5841026,-1.0,2.0,-54.0
1776885220.5941026,3.0,1.0,-54.0
1776885220.6041028,8.0,1.0,-55.0
1776885220.6141028,5.0,-3.0,-57.0
1776885220.6241028,6.0,-3.0,-57.0
1776885220.6341028,1.0,1.0,-55.0
1776885220.6441028,0.0,-1.0,-51.0
1776885220.6541028,4.0,-2.0,-52.0
1776885220.6641028,4.0,-4.0,-51.0
1776885220.6741028,1.0,-1.0,-48.0
1776885220.6841028,2.0,-5.0,-47.0
1776885220.6941028,1.0,-4.0,-46.0
1776885220.7041028,0.0,-2.0,-41.0
1776885220.7141027,2.0,-4.0,-44.0
1776885220.7241027,0.0,-6.0,-41.0
1776885220.7341027,2.0,-7.0,-39.0
1776885220.7441027,-1.0,-6.0,-43.0
1776885220.7541027,-6.0,-3.0,-48.0
1776885220.7641027,-6.0,-5.0,-44.0
1776885220.7741027,-2.0,-10.0,-45.0
1776885220.784103,-4.0,-12.0,-51.0
1776885220.794103,1.0,-8.0,-50.0
1776885220.804103,5.0,-3.0,-55.0
1776885220.8141026,7.0,0.0,-48.0
1776885220.8241026,2.0,4.0,-49.0
1776885220.8341026,2.0,4.0,-53.0
1776885220.8441026,2.0,2.0,-50.0
1776885220.8541028,0.0,3.0,-43.0
1776885220.8641028,-5.0,4.0,-39.0
1776885220.8741028,-3.0,3.0,-47.0
1776885220.8841028,-1.0,1.0,-47.0
1776885220.8941028,4.0,0.0,-42.0
1776885220.9041028,5.0,-6.0,-38.0
1776885220.9141028,4.0,-5.0,-36.0
1776885220.9241028,1.0,-6.0,-35.0
1776885220.9341028,0.0,-5.0,-39.0
1776885220.9441028,-2.0,-3.0,-40.0
1776885220.9541028,-3.0,-6.0,-48.0
1776885220.9641027,0.0,-7.0,-45.0
1776885220.9741027,4.0,-9.0,-44.0
1776885220.9841027,1.0,-10.0,-48.0
1776885220.9941027,0.0,-13.0,-45.0
1776885221.0041027,-1.0,-11.0,-50.0
1776885221.0141027,-1.0,-8.0,-55.0
1776885221.0241027,-1.0,-3.0,-56.0
1776885221.034103,2.0,-3.0,-51.0
1776885221.044103,1.0,-4.0,-54.0
1776885221.054103,3.0,-12.0,-52.0
1776885221.0641026,3.0,-12.0,-51.0
1776885221.0741026,4.0,-9.0,-53.0
1776885221.0841026,2.0,-6.0,-47.0
1776885221.0941026,-2.0,-6.0,-46.0
1776885221.1041028,-2.0,-7.0,-52.0
1776885221.1141028,-2.0,-10.0,-48.0
1776885221.1241028,0.0,-10.0,-51.0
1776885221.1341028,-2.0,-8.0,-50.0
1776885221.1441028,0.0,-7.0,-46.0
1776885221.1541028,-1.0,-6.0,-38.0
1776885221.1641028,-1.0,-5.0,-36.0
1776885221.1741028,4.0,-6.0,-38.0
1776885221.1841028,3.0,-5.0,-40.0
1776885221.1941028,0.0,-6.0,-42.0
1776885221.2041028,0.0,-7.0,-39.0
1776885221.2141027,2.0,-8.0,-39.0
1776885221.2241027,3.0,-7.0,-30.0
1776885221.2341027,6.0,-5.0,-28.0
1776885221.2441027,10.0,-5.0,-32.0
1776885221.2541027,10.0,-3.0,-36.0
1776885221.2641027,7.0,-2.0,-45.0
1776885221.2741027,6.0,-2.0,-50.0
1776885221.284103,7.0,-1.0,-54.0
1776885221.294103,3.0,-2.0,-49.0
1776885221.304103,2.0,-3.0,-48.0
1776885221.3141026,1.0,-5.0,-45.0
1776885221.3241026,-4.0,-4.0,-41.0
1776885221.3341026,-2.0,-4.0,-37.0
1776885221.3441026,-1.0,-7.0,-32.0
1776885221.3541028,0.0,-5.0,-32.0
1776885221.3641028,1.0,-6.0,-35.0
1776885221.3741028,-2.0,-4.0,-43.0
1776885221.3841028,0.0,-3.0,-47.0
1776885221.3941028,-1.0,0.0,-45.0
1776885221.4041028,-8.0,1.0,-41.0
1776885221.4141028,-12.0,0.0,-47.0
1776885221.4241028,-16.0,4.0,-50.0
1776885221.4341028,-13.0,5.0,-48.0
1776885221.4441028,-7.0,3.0,-47.0
1776885221.4541028,-5.0,0.0,-49.0
1776885221.4641027,-1.0,1.0,-49.0
1776885221.4741027,0.0,4.0,-54.0
1776885221.4841027,0.0,5.0,-46.0
1776885221.4941027,1.0,7.0,-39.0
1776885221.5051026,0.0,7.0,-39.0
1776885221.5141027,0.0,10.0,-41.0
1776885221.5251029,4.0,8.0,-36.0
1776885221.5351028,3.0,5.0,-33.0
1776885221.5451028,2.0,4.0,-46.0
1776885221.5551028,2.0,1.0,-53.0
1776885221.5651028,5.0,3.0,-47.0
1776885221.5751028,4.0,4.0,-41.0
1776885221.5851028,3.0,2.0,-44.0
1776885221.5951028,5.0,4.0,-40.0
1776885221.6051028,1.0,5.0,-41.0
1776885221.6151028,4.0,4.0,-40.0
1776885221.6251028,7.0,4.0,-36.0
1776885221.6351027,2.0,4.0,-37.0
1776885221.6451027,3.0,1.0,-37.0
1776885221.6551027,0.0,1.0,-41.0
1776885221.6651027,-5.0,0.0,-39.0
1776885221.6751027,0.0,1.0,-44.0
1776885221.6851027,0.0,0.0,-42.0
1776885221.6951027,0.0,-2.0,-42.0
1776885221.7051027,0.0,1.0,-42.0
1776885221.715103,0.0,3.0,-42.0
1776885221.725103,0.0,7.0,-39.0
1776885221.735103,-2.0,2.0,-37.0
1776885221.7451026,-6.0,2.0,-35.0
1776885221.7551026,-1.0,2.0,-43.0
1776885221.7651026,-2.0,5.0,-45.0
1776885221.7751029,-5.0,2.0,-45.0
1776885221.7851028,-6.0,-2.0,-47.0
1776885221.7951028,-1.0,-5.0,-47.0
1776885221.8051028,-1.0,-5.0,-46.0
1776885221.8151028,0.0,-4.0,-39.0
1776885221.8251028,0.0,-8.0,-38.0
1776885221.8351028,0.0,-8.0,-45.0
1776885221.8451028,0.0,-8.0,-44.0
1776885221.8551028,0.0,-13.0,-45.0
1776885221.8651028,3.0,-10.0,-40.0
1776885221.8751028,2.0,-13.0,-42.0
1776885221.8851027,3.0,-10.0,-43.0
1776885221.8951027,0.0,-5.0,-51.0
1776885221.9051027,0.0,-6.0,-50.0
1776885221.9151027,-2.0,-2.0,-43.0
1776885221.9251027,-2.0,-2.0,-49.0
1776885221.9351027,0.0,0.0,-45.0
1776885221.9451027,1.0,-1.0,-43.0
1776885221.9551027,3.0,-5.0,-37.0
1776885221.965103,0.0,-4.0,-37.0
1776885221.975103,0.0,-4.0,-40.0
1776885221.985103,0.0,-2.0,-43.0
1776885221.9951026,-4.0,0.0,-42.0
1776885222.0051026,-9.0,5.0,-40.0
1776885222.0151026,-2.0,3.0,-37.0
1776885222.0251029,0.0,4.0,-39.0
1776885222.0351028,6.0,-1.0,-39.0
1776885222.0451028,6.0,0.0,-37.0
1776885222.0551028,3.0,-2.0,-40.0
1776885222.0651028,8.0,-2.0,-43.0
1776885222.0751028,4.0,0.0,-52.0
1776885222.0851028,1.0,-3.0,-58.0
1776885222.0951028,1.0,1.0,-52.0
1776885222.1051028,-3.0,-1.0,-44.0
1776885222.1151028,-3.0,-3.0,-46.0
1776885222.1251028,-2.0,-4.0,-50.0
1776885222.1351027,-3.0,-3.0,-46.0
1776885222.1451027,-3.0,-2.0,-45.0
1776885222.1551027,-8.0,-1.0,-50.0
1776885222.1651027,-10.0,0.0,-52.0
1776885222.1751027,-4.0,-3.0,-51.0
1776885222.1851027,-1.0,-1.0,-45.0
1776885222.1951027,1.0,-2.0,-33.0
1776885222.2051027,4.0,0.0,-37.0
1776885222.215103,2.0,-2.0,-37.0
1776885222.225103,7.0,-2.0,-36.0
1776885222.235103,8.0,0.0,-36.0
1776885222.2451026,6.0,1.0,-40.0
1776885222.2551026,2.0,2.0,-42.0
1776885222.2651026,0.0,2.0,-45.0
1776885222.2751029,-1.0,-1.0,-46.0
1776885222.2851028,-9.0,1.0,-44.0
1776885222.2951028,-10.0,3.0,-44.0
1776885222.3051028,-7.0,2.0,-46.0
1776885222.3151028,-4.0,1.0,-51.0
1776885222.3251028,0.0,0.0,-53.0
1776885222.3351028,1.0,0.0,-53.0
1776885222.3451028,0.0,-1.0,-47.0
1776885222.3551028,-1.0,-5.0,-47.0
1776885222.3651028,-1.0,-2.0,-47.0
1776885222.3751028,0.0,-3.0,-43.0
1776885222.3851027,0.0,-3.0,-41.0
1776885222.3951027,1.0,-5.0,-36.0
1776885222.4051027,0.0,-3.0,-32.0
1776885222.4151027,2.0,2.0,-39.0
1776885222.4251027,3.0,-1.0,-49.0
1776885222.4351027,2.0,-3.0,-56.0
1776885222.4451027,4.0,-2.0,-52.0
1776885222.4551027,2.0,-3.0,-48.0
1776885222.465103,0.0,-1.0,-48.0
1776885222.475103,1.0,0.0,-48.0
1776885222.485103,-3.0,2.0,-47.0
1776885222.4951026,0.0,0.0,-50.0
1776885222.5051026,4.0,-1.0,-49.0
1776885222.5151026,4.0,-6.0,-50.0
1776885222.5251029,4.0,-6.0,-53.0
1776885222.5351028,3.0,-3.0,-49.0
1776885222.5451028,2.0,-2.0,-42.0
1776885222.5551028,8.0,-3.0,-38.0
1776885222.5651028,7.0,-1.0,-33.0
1776885222.5751028,3.0,0.0,-32.0
1776885222.5851028,6.0,-5.0,-36.0
1776885222.5951028,3.0,-5.0,-36.0
1776885222.6051028,0.0,-3.0,-44.0
1776885222.6151028,0.0,-3.0,-41.0
1776885222.6251028,-5.0,-2.0,-39.0
1776885222.6351027,-6.0,-4.0,-40.0
1776885222.6451027,-6.0,-4.0,-39.0
1776885222.6551027,-5.0,-4.0,-41.0
1776885222.6651027,-4.0,-3.0,-41.0
1776885222.6751027,-3.0,-2.0,-48.0
1776885222.6851027,-1.0,2.0,-44.0
1776885222.6951027,-5.0,4.0,-48.0
1776885222.7051027,-10.0,5.0,-45.0
1776885222.715103,-7.0,4.0,-51.0
1776885222.725103,-3.0,6.0,-53.0
1776885222.735103,0.0,5.0,-57.0
1776885222.7451026,2.0,-1.0,-55.0
1776885222.7551026,2.0,-2.0,-50.0
1776885222.7651026,6.0,-1.0,-50.0
1776885222.7751029,2.0,1.0,-61.0
1776885222.7851028,1.0,2.0,-53.0
1776885222.7951028,0.0,1.0,-51.0
1776885222.8051028,-2.0,-2.0,-50.0
1776885222.8151028,-4.0,-2.0,-51.0
1776885222.8251028,-6.0,0.0,-51.0
1776885222.8351028,-7.0,1.0,-57.0
1776885222.8451028,-9.0,0.0,-49.0
1776885222.8561027,-9.0,2.0,-41.0
1776885222.8651028,-11.0,2.0,-44.0
1776885222.8751028,-9.0,1.0,-43.0
1776885222.8851027,-8.0,2.0,-44.0
1776885222.8951027,-7.0,1.0,-45.0
1776885222.9051027,-6.0,-1.0,-42.0
1776885222.9151027,-5.0,-1.0,-40.0
1776885222.9251027,-3.0,-2.0,-40.0
1776885222.9351027,-3.0,-2.0,-40.0
1776885222.9451027,1.0,-5.0,-43.0
1776885222.9551027,8.0,-4.0,-42.0
1776885222.965103,7.0,-2.0,-40.0
1776885222.975103,2.0,0.0,-39.0
1776885222.985103,0.0,1.0,-45.0
1776885222.9951026,0.0,0.0,-49.0
1776885223.0051026,0.0,3.0,-40.0
1776885223.0151026,0.0,0.0,-47.0
1776885223.0251029,-2.0,0.0,-47.0
1776885223.0351028,0.0,0.0,-42.0
1776885223.0451028,1.0,0.0,-45.0
1776885223.0551028,0.0,0.0,-44.0
1776885223.0651028,-3.0,0.0,-44.0
1776885223.0751028,-6.0,0.0,-42.0
1776885223.0851028,-2.0,0.0,-45.0
1776885223.0951028,-6.0,4.0,-44.0
1776885223.1051028,-10.0,1.0,-46.0
1776885223.1151028,-6.0,-1.0,-43.0
1776885223.1251028,-5.0,-1.0,-42.0
1776885223.1351027,-7.0,-4.0,-39.0
1776885223.1451027,-3.0,-6.0,-39.0
1776885223.1551027,0.0,-2.0,-45.0
1776885223.1651027,6.0,-3.0,-44.0
1776885223.1751027,8.0,-1.0,-42.0
1776885223.1851027,7.0,-2.0,-39.0
1776885223.1951027,5.0,0.0,-35.0
1776885223.2051027,4.0,1.0,-34.0
1776885223.215103,0.0,4.0,-30.0
1776885223.225103,-1.0,3.0,-39.0
1776885223.235103,-3.0,4.0,-40.0
1776885223.2451026,-4.0,0.0,-41.0
1776885223.2551026,-6.0,1.0,-38.0
1776885223.2651026,-4.0,-2.0,-37.0
1776885223.2751029,0.0,-3.0,-46.0
1776885223.2851028,1.0,-4.0,-49.0
1776885223.2951028,0.0,-6.0,-47.0
1776885223.3051028,-3.0,0.0,-46.0
1776885223.3151028,-1.0,2.0,-39.0
1776885223.3251028,-1.0,2.0,-44.0
1776885223.3351028,-2.0,3.0,-46.0
1776885223.3451028,-2.0,2.0,-44.0
1776885223.3551028,-2.0,0.0,-42.0
1776885223.3651028,-1.0,1.0,-44.0
1776885223.3751028,0.0,0.0,-37.0
1776885223.3851027,0.0,3.0,-47.0
1776885223.3951027,-1.0,3.0,-46.0
1776885223.4051027,-1.0,-2.0,-46.0
1776885223.4151027,-2.0,-5.0,-51.0
1776885223.4251027,1.0,-6.0,-52.0
1776885223.4351027,4.0,-6.0,-47.0
1776885223.4451027,0.0,-6.0,-49.0
1776885223.4551027,-1.0,-8.0,-48.0
1776885223.465103,-5.0,-6.0,-40.0
1776885223.475103,0.0,-2.0,-41.0
1776885223.485103,-1.0,-6.0,-42.0
1776885223.4951026,-5.0,-6.0,-44.0
1776885223.5061028,-4.0,0.0,-53.0
1776885223.5161028,-7.0,1.0,-56.0
1776885223.5261028,-3.0,0.0,-54.0
1776885223.5361028,-1.0,-3.0,-51.0
1776885223.5461028,0.0,-1.0,-48.0
1776885223.5561028,1.0,-2.0,-44.0
1776885223.5661027,2.0,-1.0,-46.0
1776885223.5761027,2.0,0.0,-51.0
1776885223.5861027,1.0,2.0,-49.0
1776885223.5961027,1.0,2.0,-47.0
1776885223.6061027,-1.0,0.0,-48.0
1776885223.6161027,0.0,-3.0,-37.0
1776885223.6261027,0.0,-4.0,-37.0
1776885223.636103,0.0,1.0,-36.0
1776885223.646103,0.0,0.0,-43.0
1776885223.656103,1.0,0.0,-42.0
1776885223.6661026,2.0,0.0,-46.0
1776885223.6761026,1.0,0.0,-41.0
1776885223.6861026,0.0,1.0,-41.0
1776885223.6961029,0.0,6.0,-41.0
1776885223.7061028,0.0,1.0,-45.0
1776885223.7161028,1.0,0.0,-43.0
1776885223.7261028,6.0,-2.0,-48.0
1776885223.7361028,2.0,-4.0,-39.0
1776885223.7461028,3.0,-2.0,-38.0
1776885223.7561028,1.0,6.0,-42.0
1776885223.7661028,0.0,0.0,-45.0
1776885223.7761028,-2.0,0.0,-42.0
1776885223.7861028,4.0,-6.0,-37.0
1776885223.7961028,12.0,-6.0,-36.0
1776885223.8061028,9.0,-13.0,-37.0
1776885223.8161027,3.0,-10.0,-30.0
1776885223.8261027,1.0,-4.0,-29.0
1776885223.8361027,0.0,0.0,-39.0
1776885223.8461027,-1.0,-2.0,-38.0
1776885223.8561027,-4.0,-8.0,-36.0
1776885223.8661027,-5.0,-5.0,-37.0
1776885223.8761027,-1.0,0.0,-36.0
1776885223.886103,0.0,0.0,-40.0
1776885223.896103,-1.0,-5.0,-38.0
1776885223.906103,-6.0,-7.0,-43.0
1776885223.9161026,-7.0,-3.0,-48.0
1776885223.9261026,-5.0,0.0,-50.0
1776885223.9361026,-6.0,-1.0,-48.0
1776885223.9461029,-9.0,-2.0,-48.0
1776885223.9561028,-11.0,0.0,-44.0
1776885223.9661028,-12.0,-1.0,-50.0
1776885223.9761028,-7.0,5.0,-53.0
1776885223.9861028,-6.0,4.0,-50.0
1776885223.9961028,-8.0,1.0,-45.0
1776885224.0061028,-4.0,1.0,-47.0
1776885224.0161028,-1.0,0.0,-43.0
1776885224.0261028,1.0,5.0,-44.0
1776885224.0361028,0.0,5.0,-47.0
1776885224.0461028,-2.0,0.0,-43.0
1776885224.0561028,-2.0,2.0,-47.0
1776885224.0661027,-3.0,0.0,-46.0
1776885224.0761027,0.0,-1.0,-48.0
1776885224.0861027,0.0,-4.0,-42.0
1776885224.0961027,0.0,-7.0,-46.0
1776885224.1061027,-1.0,-10.0,-48.0
1776885224.1161027,-5.0,-12.0,-40.0
1776885224.1261027,-6.0,-13.0,-44.0
1776885224.136103,-10.0,-8.0,-45.0
1776885224.146103,-6.0,-7.0,-49.0
1776885224.156103,-4.0,-6.0,-45.0
1776885224.1661026,-4.0,-8.0,-46.0
1776885224.1761026,-2.0,-8.0,-48.0
1776885224.1861026,-1.0,0.0,-45.0
1776885224.1961029,2.0,0.0,-45.0
1776885224.2061028,0.0,0.0,-43.0
1776885224.2161028,1.0,3.0,-42.0
1776885224.2261028,0.0,5.0,-45.0
1776885224.2361028,-6.0,5.0,-40.0
1776885224.2461028,-8.0,4.0,-35.0
1776885224.2561028,-5.0,4.0,-43.0
1776885224.2661028,-6.0,3.0,-44.0
1776885224.2761028,-2.0,1.0,-51.0
1776885224.2861028,2.0,0.0,-49.0
1776885224.2961028,1.0,0.0,-51.0
1776885224.3061028,1.0,-4.0,-40.0
1776885224.3161027,1.0,-1.0,-46.0
1776885224.3261027,6.0,0.0,-43.0
1776885224.3361027,6.0,-3.0,-41.0
1776885224.3461027,7.0,-7.0,-43.0
1776885224.3561027,4.0,-6.0,-45.0
1776885224.3661027,2.0,-3.0,-46.0
1776885224.3761027,1.0,0.0,-43.0
1776885224.386103,1.0,1.0,-41.0
1776885224.396103,1.0,0.0,-43.0
1776885224.406103,-2.0,-2.0,-48.0
1776885224.4161026,-4.0,-5.0,-52.0
1776885224.4261026,-1.0,-8.0,-48.0
1776885224.4361026,0.0,-10.0,-44.0
1776885224.4461029,-1.0,-12.0,-44.0
1776885224.4561028,-2.0,-12.0,-43.0
1776885224.4661028,0.0,-12.0,-39.0
1776885224.4761028,-3.0,-14.0,-38.0
1776885224.4861028,-5.0,-13.0,-47.0
1776885224.4961028,-4.0,-8.0,-44.0
1776885224.5061028,-4.0,-5.0,-50.0
1776885224.5161028,0.0,-11.0,-53.0
1776885224.5261028,-3.0,-8.0,-45.0
1776885224.5361028,0.0,-8.0,-46.0
1776885224.5461028,-2.0,-6.0,-50.0
1776885224.5561028,-4.0,-6.0,-52.0
1776885224.5661027,-4.0,-3.0,-47.0
1776885224.5761027,0.0,-5.0,-49.0
1776885224.5861027,-4.0,-1.0,-52.0
1776885224.5961027,0.0,-4.0,-49.0
1776885224.6061027,4.0,-6.0,-42.0
1776885224.6161027,5.0,-3.0,-42.0
1776885224.6261027,3.0,-4.0,-44.0
1776885224.636103,6.0,-8.0,-46.0
1776885224.646103,2.0,-4.0,-48.0
1776885224.656103,2.0,-4.0,-53.0
1776885224.6661026,3.0,0.0,-49.0
1776885224.6761026,4.0,0.0,-49.0
1776885224.6861026,2.0,3.0,-44.0
1776885224.6961029,0.0,4.0,-48.0
1776885224.7061028,0.0,4.0,-45.0
1776885224.7161028,3.0,3.0,-42.0
1776885224.7261028,3.0,6.0,-41.0
1776885224.7361028,1.0,4.0,-41.0
1776885224.7461028,2.0,0.0,-41.0
1776885224.7561028,5.0,-5.0,-33.0
1776885224.7661028,7.0,0.0,-40.0
1776885224.7761028,7.0,0.0,-35.0
1776885224.7861028,6.0,-1.0,-39.0
1776885224.7961028,13.0,-2.0,-40.0
1776885224.8061028,12.0,-4.0,-39.0
1776885224.8161027,11.0,-4.0,-40.0
1776885224.8261027,10.0,-3.0,-35.0
1776885224.8361027,7.0,0.0,-39.0
1776885224.8461027,4.0,1.0,-46.0
1776885224.8561027,1.0,3.0,-47.0
1776885224.8661027,0.0,0.0,-53.0
1776885224.8761027,2.0,-3.0,-55.0
1776885224.886103,5.0,-5.0,-58.0
1776885224.896103,7.0,-7.0,-57.0
1776885224.906103,7.0,-9.0,-57.0
1776885224.9161026,5.0,-7.0,-49.0
1776885224.9261026,6.0,-7.0,-47.0
1776885224.9361026,3.0,-5.0,-52.0
1776885224.9461029,3.0,-5.0,-49.0
1776885224.9561028,-1.0,-4.0,-51.0
1776885224.9661028,0.0,-4.0,-54.0
1776885224.9761028,1.0,-1.0,-52.0
1776885224.9861028,4.0,-3.0,-53.0
1776885224.9961028,5.0,-5.0,-48.0
1776885225.0061028,6.0,-7.0,-53.0
1776885225.0161028,3.0,-5.0,-53.0
1776885225.0261028,4.0,-3.0,-51.0
1776885225.0361028,1.0,-6.0,-54.0
1776885225.0461028,4.0,-4.0,-52.0
1776885225.0561028,1.0,-3.0,-42.0
1776885225.0661027,6.0,-3.0,-39.0
1776885225.0761027,7.0,-3.0,-43.0
1776885225.0861027,2.0,-8.0,-43.0
1776885225.0961027,1.0,-7.0,-37.0
1776885225.1061027,4.0,-5.0,-43.0
1776885225.1161027,4.0,-5.0,-45.0
1776885225.1261027,4.0,-1.0,-48.0
1776885225.136103,4.0,-2.0,-47.0
1776885225.146103,4.0,-2.0,-35.0
1776885225.156103,4.0,0.0,-28.0
1776885225.1661026,5.0,0.0,-28.0
1776885225.1761026,2.0,-1.0,-28.0
1776885225.1861026,3.0,-2.0,-31.0
1776885225.1961029,3.0,-5.0,-38.0
1776885225.2061028,4.0,-4.0,-38.0
1776885225.2161028,3.0,0.0,-41.0
1776885225.2261028,-1.0,-1.0,-37.0
1776885225.2361028,0.0,-1.0,-30.0
1776885225.2461028,-1.0,-2.0,-35.0
1776885225.2561028,-3.0,0.0,-37.0
1776885225.2661028,-3.0,3.0,-42.0
1776885225.2761028,-5.0,6.0,-40.0
1776885225.2861028,-3.0,6.0,-45.0
1776885225.2961028,1.0,6.0,-44.0
1776885225.3061028,1.0,0.0,-40.0
1776885225.3161027,0.0,-4.0,-43.0
1776885225.3261027,0.0,-2.0,-46.0
1776885225.3361027,0.0,0.0,-45.0
1776885225.3461027,-1.0,1.0,-36.0
1776885225.3561027,0.0,1.0,-37.0
1776885225.3661027,-3.0,2.0,-31.0
1776885225.3761027,0.0,1.0,-33.0
1776885225.386103,0.0,0.0,-35.0
1776885225.396103,0.0,1.0,-36.0
1776885225.406103,-3.0,0.0,-35.0
1776885225.4161026,0.0,0.0,-36.0
1776885225.4271028,-8.0,1.0,-36.0
1776885225.4371028,-1.0,2.0,-33.0
1776885225.4461029,-1.0,2.0,-35.0
1776885225.4561028,-4.0,0.0,-34.0
1776885225.4671028,-3.0,-3.0,-32.0
1776885225.4771028,-3.0,-1.0,-33.0
1776885225.4871027,0.0,0.0,-36.0
1776885225.4971027,2.0,-1.0,-34.0
1776885225.5071027,3.0,0.0,-39.0
1776885225.5171027,4.0,-3.0,-48.0
1776885225.5271027,3.0,-2.0,-44.0
1776885225.5371027,3.0,-2.0,-41.0
1776885225.5471027,6.0,-1.0,-41.0
1776885225.557103,9.0,-1.0,-43.0
1776885225.567103,7.0,0.0,-45.0
1776885225.577103,6.0,0.0,-44.0
1776885225.587103,4.0,-2.0,-41.0
1776885225.5971026,5.0,-2.0,-38.0
1776885225.6071026,9.0,-1.0,-43.0
1776885225.6171026,10.0,0.0,-51.0
1776885225.6271029,1.0,-2.0,-51.0
1776885225.6371028,0.0,-2.0,-47.0
1776885225.6471028,0.0,-5.0,-43.0
1776885225.6571028,2.0,-6.0,-44.0
1776885225.6671028,1.0,-4.0,-41.0
1776885225.6771028,1.0,-3.0,-43.0
1776885225.6871028,4.0,-4.0,-46.0
1776885225.6971028,6.0,-10.0,-43.0
1776885225.7071028,3.0,-9.0,-43.0
1776885225.7171028,3.0,-5.0,-41.0
1776885225.7271028,0.0,-2.0,-47.0
1776885225.7371027,-3.0,1.0,-53.0
1776885225.7471027,-1.0,0.0,-48.0
1776885225.7571027,0.0,1.0,-49.0
1776885225.7671027,-5.0,4.0,-50.0
1776885225.7771027,-6.0,4.0,-48.0
1776885225.7871027,-5.0,-1.0,-49.0
1776885225.7971027,-3.0,-2.0,-57.0
1776885225.807103,-1.0,2.0,-51.0
1776885225.817103,0.0,2.0,-45.0
1776885225.827103,0.0,-1.0,-45.0
1776885225.837103,2.0,0.0,-42.0
1776885225.8471026,0.0,4.0,-44.0
1776885225.8571026,0.0,5.0,-47.0
1776885225.8671026,-2.0,1.0,-49.0
1776885225.8771029,3.0,0.0,-50.0
1776885225.8871028,6.0,-6.0,-47.0
1776885225.8971028,7.0,-8.0,-43.0
1776885225.9071028,4.0,-11.0,-43.0
1776885225.9171028,-3.0,-10.0,-41.0
1776885225.9271028,1.0,-7.0,-40.0
1776885225.9371028,-1.0,-1.0,-45.0
1776885225.9471028,-1.0,0.0,-49.0
1776885225.9571028,-4.0,-1.0,-49.0
1776885225.9671028,-7.0,0.0,-48.0
1776885225.9771028,-11.0,0.0,-44.0
1776885225.9871027,-3.0,0.0,-45.0
1776885225.9971027,1.0,0.0,-41.0
1776885226.0071027,1.0,-1.0,-41.0
1776885226.0171027,4.0,-4.0,-46.0
1776885226.0271027,5.0,-9.0,-50.0
1776885226.0371027,3.0,-8.0,-52.0
1776885226.0471027,0.0,-6.0,-47.0
1776885226.057103,-3.0,-5.0,-46.0
1776885226.067103,0.0,-7.0,-45.0
1776885226.077103,6.0,-7.0,-41.0
1776885226.087103,14.0,-7.0,-41.0
1776885226.0971026,9.0,-7.0,-44.0
1776885226.1071026,8.0,-10.0,-45.0
1776885226.1171026,4.0,-7.0,-47.0
1776885226.1271029,1.0,-5.0,-50.0
1776885226.1371028,-1.0,-2.0,-54.0
1776885226.1471028,0.0,0.0,-51.0
1776885226.1571028,0.0,1.0,-55.0
1776885226.1671028,1.0,0.0,-53.0
1776885226.1771028,4.0,-2.0,-49.0
1776885226.1871028,4.0,0.0,-47.0
1776885226.1971028,3.0,2.0,-46.0
1776885226.2071028,0.0,1.0,-40.0
1776885226.2171028,0.0,0.0,-40.0
1776885226.2271028,-3.0,-2.0,-53.0
1776885226.2371027,-6.0,-2.0,-55.0
1776885226.2471027,-6.0,-2.0,-51.0
1776885226.2571027,-5.0,-5.0,-39.0
1776885226.2671027,-2.0,-4.0,-42.0
1776885226.2771027,0.0,-4.0,-35.0
1776885226.2871027,0.0,-1.0,-41.0
1776885226.2971027,-3.0,0.0,-40.0
1776885226.307103,1.0,2.0,-33.0
1776885226.317103,6.0,0.0,-35.0
1776885226.327103,8.0,-3.0,-41.0
1776885226.337103,5.0,-1.0,-52.0
1776885226.3471026,8.0,-1.0,-52.0
1776885226.3571026,8.0,-2.0,-49.0
1776885226.3671026,6.0,-2.0,-45.0
1776885226.3771029,7.0,-2.0,-46.0
1776885226.3871028,6.0,-3.0,-36.0
1776885226.3971028,5.0,-4.0,-36.0
1776885226.4071028,8.0,-2.0,-32.0
1776885226.4171028,8.0,1.0,-31.0
1776885226.4271028,6.0,-3.0,-29.0
1776885226.4371028,2.0,-6.0,-37.0
1776885226.4471028,1.0,-1.0,-33.0
1776885226.4571028,0.0,0.0,-34.0
1776885226.4671028,0.0,0.0,-44.0
1776885226.4771028,0.0,1.0,-44.0
1776885226.4871027,0.0,4.0,-46.0
1776885226.4971027,5.0,1.0,-48.0
1776885226.5071027,2.0,1.0,-50.0
1776885226.5171027,1.0,1.0,-56.0
1776885226.5271027,-2.0,5.0,-64.0
1776885226.5371027,-5.0,1.0,-59.0
1776885226.5471027,-2.0,2.0,-52.0
1776885226.557103,-3.0,0.0,-48.0
1776885226.567103,4.0,-1.0,-52.0
1776885226.577103,6.0,-3.0,-57.0
1776885226.587103,5.0,-4.0,-60.0
1776885226.5971026,7.0,-4.0,-61.0
1776885226.6071026,6.0,-2.0,-59.0
1776885226.6171026,2.0,-2.0,-47.0
1776885226.6271029,3.0,-5.0,-42.0
1776885226.6371028,-1.0,-3.0,-39.0
1776885226.6471028,-2.0,-5.0,-39.0
1776885226.6571028,0.0,-6.0,-41.0
1776885226.6671028,2.0,-8.0,-44.0
1776885226.6781027,-1.0,-7.0,-45.0
1776885226.6871028,-1.0,-5.0,-45.0
1776885226.6971028,-3.0,-3.0,-46.0
1776885226.7071028,-6.0,0.0,-44.0
1776885226.7171028,-5.0,-1.0,-46.0
1776885226.7271028,-5.0,-3.0,-47.0
1776885226.7371027,0.0,-4.0,-47.0
1776885226.7471027,5.0,-4.0,-41.0
1776885226.7571027,4.0,-5.0,-43.0
1776885226.7671027,4.0,-7.0,-48.0
1776885226.7771027,0.0,-4.0,-50.0
1776885226.7871027,3.0,-2.0,-49.0
1776885226.7971027,3.0,1.0,-50.0
1776885226.807103,1.0,0.0,-52.0
1776885226.817103,-4.0,-3.0,-54.0
1776885226.827103,-6.0,-4.0,-52.0
1776885226.837103,-9.0,-5.0,-55.0
1776885226.8471026,-5.0,-3.0,-55.0
1776885226.8571026,-9.0,-4.0,-55.0
1776885226.8671026,-7.0,-5.0,-63.0
1776885226.8771029,-4.0,-7.0,-64.0
1776885226.8871028,-2.0,-8.0,-58.0
1776885226.8971028,1.0,-9.0,-52.0
1776885226.9071028,-2.0,-11.0,-45.0
1776885226.9171028,-4.0,-10.0,-42.0
1776885226.9271028,-3.0,-4.0,-45.0
1776885226.9371028,-7.0,0.0,-44.0
1776885226.9471028,-4.0,0.0,-48.0
1776885226.9571028,1.0,3.0,-47.0
1776885226.9671028,0.0,3.0,-44.0
1776885226.9771028,1.0,-1.0,-47.0
1776885226.9871027,0.0,-3.0,-45.0
1776885226.9971027,0.0,-5.0,-43.0
1776885227.0071027,2.0,-6.0,-46.0
1776885227.0171027,2.0,-8.0,-54.0
1776885227.0271027,-2.0,-7.0,-55.0
1776885227.0371027,-3.0,-7.0,-48.0
1776885227.0471027,-4.0,-1.0,-53.0
1776885227.057103,-4.0,1.0,-49.0
1776885227.067103,-1.0,0.0,-54.0
1776885227.077103,0.0,-2.0,-55.0
1776885227.087103,3.0,-3.0,-53.0
1776885227.0971026,1.0,-4.0,-56.0
1776885227.1071026,6.0,0.0,-49.0
1776885227.1171026,6.0,1.0,-38.0
1776885227.1271029,4.0,0.0,-41.0
1776885227.1371028,0.0,-2.0,-41.0
1776885227.1471028,2.0,-5.0,-44.0
1776885227.1571028,-2.0,-6.0,-50.0
1776885227.1671028,-3.0,-8.0,-52.0
1776885227.1771028,-1.0,-10.0,-50.0
1776885227.1871028,-3.0,-7.0,-45.0
1776885227.1971028,-6.0,-4.0,-41.0
1776885227.2071028,-6.0,-2.0,-43.0
1776885227.2171028,-1.0,-2.0,-42.0
1776885227.2271028,-1.0,-3.0,-43.0
1776885227.2371027,3.0,-7.0,-44.0
1776885227.2471027,0.0,-2.0,-38.0
1776885227.2571027,5.0,-4.0,-41.0
1776885227.2671027,6.0,-4.0,-42.0
1776885227.2771027,3.0,-4.0,-46.0
1776885227.2871027,4.0,-4.0,-46.0
1776885227.2971027,2.0,-3.0,-47.0
1776885227.307103,-1.0,-1.0,-52.0
1776885227.317103,0.0,-3.0,-54.0
1776885227.327103,-3.0,-3.0,-52.0
1776885227.337103,-1.0,0.0,-56.0
1776885227.3471026,-3.0,1.0,-54.0
1776885227.3571026,-3.0,5.0,-50.0
1776885227.3671026,0.0,2.0,-47.0
1776885227.3771029,0.0,0.0,-45.0
1776885227.3871028,0.0,-6.0,-52.0
1776885227.3971028,2.0,-5.0,-51.0
1776885227.4071028,5.0,-1.0,-54.0
1776885227.4171028,6.0,-3.0,-49.0
1776885227.4281027,7.0,-1.0,-41.0
1776885227.4381027,6.0,-2.0,-48.0
1776885227.4481027,5.0,2.0,-43.0
1776885227.4581027,3.0,2.0,-38.0
1776885227.4681027,5.0,0.0,-32.0
1776885227.4781027,3.0,-2.0,-32.0
1776885227.488103,1.0,-5.0,-32.0
1776885227.498103,3.0,-5.0,-34.0
1776885227.508103,1.0,-8.0,-45.0
1776885227.5181026,0.0,-6.0,-39.0
1776885227.5281026,0.0,-7.0,-36.0
1776885227.5381026,0.0,-4.0,-40.0
1776885227.5481029,-1.0,-3.0,-40.0
1776885227.5581028,0.0,-2.0,-44.0
1776885227.5681028,0.0,-2.0,-51.0
1776885227.5781028,0.0,-3.0,-51.0
1776885227.5881028,5.0,-5.0,-40.0
1776885227.5981028,3.0,-1.0,-47.0
1776885227.6081028,2.0,-3.0,-49.0
1776885227.6181028,0.0,-4.0,-48.0
1776885227.6281028,1.0,-4.0,-45.0
1776885227.6381028,4.0,-4.0,-39.0
1776885227.6481028,3.0,-6.0,-46.0
1776885227.6581028,4.0,-4.0,-46.0
1776885227.6681027,2.0,-4.0,-38.0
1776885227.6781027,0.0,-1.0,-34.0
1776885227.6881027,-2.0,0.0,-36.0
1776885227.6981027,-4.0,-1.0,-38.0
1776885227.7081027,0.0,-2.0,-39.0
1776885227.7181027,5.0,-2.0,-42.0
1776885227.7281027,1.0,-6.0,-39.0
1776885227.738103,0.0,-8.0,-44.0
1776885227.748103,2.0,-6.0,-40.0
1776885227.758103,2.0,-2.0,-44.0
1776885227.7681026,6.0,-5.0,-48.0
1776885227.7781026,3.0,-5.0,-46.0
1776885227.7881026,1.0,-8.0,-42.0
1776885227.7981029,2.0,-10.0,-41.0
1776885227.8081028,6.0,-10.0,-35.0
1776885227.8181028,1.0,-8.0,-41.0
1776885227.8281028,1.0,-5.0,-44.0
1776885227.8381028,4.0,-5.0,-48.0
1776885227.8481028,2.0,-2.0,-50.0
1776885227.8581028,3.0,-2.0,-50.0
1776885227.8681028,1.0,-2.0,-57.0
1776885227.8781028,0.0,-1.0,-57.0
1776885227.8881028,-1.0,0.0,-49.0
1776885227.8981028,0.0,0.0,-43.0
1776885227.9081028,2.0,-3.0,-50.0
1776885227.9181027,8.0,-4.0,-54.0
1776885227.9281027,9.0,-3.0,-53.0
1776885227.9381027,7.0,-2.0,-50.0
1776885227.9481027,6.0,-2.0,-46.0
1776885227.9581027,-2.0,0.0,-48.0
1776885227.9681027,-4.0,-1.0,-50.0
1776885227.9781027,-6.0,-7.0,-47.0
1776885227.988103,-3.0,-6.0,-40.0
1776885227.998103,-4.0,-6.0,-37.0
1776885228.008103,-2.0,0.0,-36.0
1776885228.0181026,-4.0,0.0,-39.0
1776885228.0281026,-8.0,1.0,-42.0
1776885228.0381026,-7.0,-2.0,-41.0
1776885228.0481029,-7.0,-1.0,-41.0
1776885228.0581028,-6.0,0.0,-42.0
1776885228.0681028,-5.0,0.0,-39.0
1776885228.0781028,-3.0,3.0,-44.0
1776885228.0881028,0.0,5.0,-45.0
1776885228.0981028,-4.0,1.0,-41.0
1776885228.1081028,-5.0,2.0,-45.0
1776885228.1181028,-4.0,3.0,-41.0
1776885228.1281028,0.0,3.0,-41.0
1776885228.1381028,2.0,1.0,-37.0
1776885228.1481028,4.0,0.0,-28.0
1776885228.1581028,3.0,1.0,-24.0
1776885228.1681027,0.0,-2.0,-27.0
1776885228.1781027,0.0,-4.0,-30.0
1776885228.1881027,-2.0,-4.0,-38.0
1776885228.1981027,-3.0,-6.0,-37.0
1776885228.2081027,-2.0,-7.0,-40.0
1776885228.2181027,1.0,-7.0,-38.0
1776885228.2281027,3.0,-8.0,-39.0
1776885228.238103,1.0,-2.0,-36.0
1776885228.248103,0.0,1.0,-38.0
1776885228.258103,0.0,3.0,-34.0
1776885228.2681026,0.0,5.0,-38.0
1776885228.2781026,3.0,5.0,-41.0
1776885228.2881026,4.0,4.0,-35.0
1776885228.2981029,4.0,6.0,-44.0
1776885228.3081028,7.0,7.0,-41.0
1776885228.3181028,8.0,0.0,-44.0
1776885228.3281028,9.0,0.0,-46.0
1776885228.3381028,8.0,-2.0,-42.0
1776885228.3481028,5.0,-2.0,-44.0
1776885228.3581028,3.0,-3.0,-46.0
1776885228.3681028,3.0,-2.0,-48.0
1776885228.3781028,5.0,0.0,-42.0
1776885228.3881028,-3.0,1.0,-42.0
1776885228.3981028,-7.0,5.0,-41.0
1776885228.4081028,-6.0,1.0,-46.0
1776885228.4181027,-7.0,-2.0,-41.0
1776885228.4281027,-4.0,0.0,-39.0
1776885228.4381027,-3.0,1.0,-34.0
1776885228.4481027,-4.0,-3.0,-31.0
1776885228.4581027,-3.0,-5.0,-35.0
1776885228.4681027,0.0,-5.0,-42.0
1776885228.4781027,0.0,-7.0,-46.0
1776885228.488103,-4.0,-5.0,-44.0
1776885228.498103,-7.0,-7.0,-45.0
1776885228.508103,-1.0,-3.0,-46.0
1776885228.5181026,-1.0,0.0,-41.0
1776885228.5281026,3.0,-2.0,-36.0
1776885228.5381026,3.0,-2.0,-30.0
1776885228.5481029,0.0,-2.0,-30.0
1776885228.5581028,-1.0,0.0,-36.0
1776885228.5681028,1.0,4.0,-43.0
1776885228.5781028,1.0,1.0,-51.0
1776885228.5881028,-2.0,3.0,-52.0
1776885228.5981028,-3.0,2.0,-53.0
1776885228.6081028,-5.0,0.0,-46.0
1776885228.6181028,-4.0,3.0,-46.0
1776885228.6281028,-6.0,3.0,-50.0
1776885228.6381028,-6.0,2.0,-43.0
1776885228.6481028,-4.0,7.0,-48.0
1776885228.6581028,0.0,6.0,-46.0
1776885228.6681027,-1.0,4.0,-45.0
1776885228.6781027,-1.0,0.0,-45.0
1776885228.6881027,-3.0,3.0,-53.0
1776885228.6981027,-2.0,5.0,-49.0
1776885228.7081027,-1.0,4.0,-46.0
1776885228.7181027,0.0,3.0,-45.0
1776885228.7281027,2.0,2.0,-52.0
1776885228.738103,-2.0,1.0,-54.0
1776885228.748103,0.0,2.0,-52.0
1776885228.758103,0.0,3.0,-51.0
1776885228.7681026,-3.0,5.0,-45.0
1776885228.7781026,-1.0,6.0,-43.0
1776885228.7881026,-4.0,7.0,-46.0
1776885228.7981029,-4.0,6.0,-47.0
1776885228.8081028,-3.0,7.0,-44.0
1776885228.8181028,0.0,4.0,-45.0
1776885228.8281028,0.0,5.0,-39.0
1776885228.8381028,2.0,2.0,-43.0
1776885228.8481028,4.0,2.0,-42.0
1776885228.8581028,5.0,0.0,-39.0
1776885228.8681028,3.0,0.0,-29.0
1776885228.8781028,4.0,0.0,-37.0
1776885228.8881028,0.0,0.0,-39.0
1776885228.8981028,-1.0,1.0,-39.0
1776885228.9081028,-4.0,1.0,-45.0
1776885228.9181027,-2.0,2.0,-41.0
1776885228.9281027,0.0,1.0,-47.0
1776885228.9381027,0.0,0.0,-51.0
1776885228.9481027,-1.0,2.0,-47.0
1776885228.9581027,1.0,0.0,-46.0
1776885228.9681027,1.0,2.0,-47.0
1776885228.9781027,1.0,-3.0,-46.0
1776885228.988103,3.0,-2.0,-47.0
1776885228.998103,2.0,-3.0,-44.0
1776885229.008103,2.0,-2.0,-47.0
1776885229.0181026,3.0,-1.0,-43.0
1776885229.0281026,7.0,0.0,-39.0
1776885229.0381026,3.0,-4.0,-43.0
1776885229.0481029,7.0,-4.0,-44.0
1776885229.0581028,9.0,-4.0,-30.0
1776885229.0681028,4.0,-2.0,-28.0
1776885229.0781028,2.0,-1.0,-28.0
1776885229.0881028,4.0,1.0,-32.0
1776885229.0981028,6.0,0.0,-40.0
1776885229.1081028,9.0,-1.0,-38.0
1776885229.1181028,7.0,-2.0,-46.0
1776885229.1281028,5.0,0.0,-47.0
1776885229.1381028,5.0,0.0,-46.0
1776885229.1481028,6.0,1.0,-47.0
1776885229.1581028,8.0,0.0,-47.0
1776885229.1681027,6.0,-1.0,-51.0
1776885229.1781027,3.0,0.0,-52.0
1776885229.1881027,2.0,1.0,-50.0
1776885229.1981027,0.0,1.0,-44.0
1776885229.2081027,0.0,1.0,-44.0
1776885229.2181027,-2.0,4.0,-43.0
1776885229.2281027,-2.0,3.0,-37.0
1776885229.238103,-3.0,2.0,-39.0
1776885229.248103,0.0,0.0,-39.0
1776885229.258103,-3.0,-5.0,-44.0
1776885229.2681026,-4.0,-6.0,-40.0
1776885229.2781026,0.0,-2.0,-39.0
1776885229.2881026,3.0,-3.0,-44.0
1776885229.2981029,1.0,-4.0,-42.0
1776885229.3081028,4.0,-5.0,-40.0
1776885229.3181028,5.0,-4.0,-39.0
1776885229.3281028,7.0,-1.0,-39.0
1776885229.3381028,6.0,-4.0,-35.0
1776885229.3481028,0.0,-2.0,-44.0
1776885229.3581028,0.0,0.0,-47.0
1776885229.3681028,4.0,0.0,-47.0
1776885229.3781028,7.0,0.0,-53.0
1776885229.3891027,5.0,1.0,-48.0
1776885229.3981028,2.0,-1.0,-44.0
1776885229.409103,0.0,0.0,-39.0
1776885229.419103,2.0,0.0,-32.0
1776885229.429103,3.0,-2.0,-35.0
1776885229.4391026,1.0,0.0,-34.0
1776885229.4491026,-2.0,-1.0,-34.0
1776885229.4591026,1.0,-2.0,-35.0
1776885229.4691026,3.0,1.0,-39.0
1776885229.4791028,0.0,3.0,-38.0
1776885229.4891028,0.0,4.0,-35.0
1776885229.4991028,0.0,2.0,-40.0
1776885229.5091028,-3.0,1.0,-35.0
1776885229.5191028,-3.0,0.0,-33.0
1776885229.5291028,-1.0,-1.0,-33.0
1776885229.5391028,0.0,2.0,-35.0
1776885229.5491028,-3.0,1.0,-36.0
1776885229.5591028,0.0,0.0,-30.0
1776885229.5691028,-2.0,-2.0,-26.0
1776885229.5791028,-2.0,-1.0,-27.0
1776885229.5891027,0.0,-1.0,-34.0
1776885229.5991027,-1.0,-3.0,-36.0
1776885229.6091027,-1.0,-1.0,-37.0
1776885229.6191027,3.0,-1.0,-38.0
1776885229.6291027,7.0,-3.0,-36.0
1776885229.6391027,5.0,-1.0,-39.0
1776885229.6491027,0.0,-3.0,-38.0
1776885229.659103,4.0,-3.0,-35.0
1776885229.669103,5.0,-3.0,-29.0
1776885229.679103,2.0,-5.0,-30.0
1776885229.6891026,0.0,-5.0,-24.0
1776885229.6991026,-1.0,-5.0,-23.0
1776885229.7091026,-2.0,-7.0,-29.0
1776885229.7191026,-4.0,-5.0,-31.0
1776885229.7291028,-2.0,-5.0,-37.0
1776885229.7391028,-4.0,-3.0,-39.0
1776885229.7491028,-1.0,-3.0,-40.0
1776885229.7591028,1.0,3.0,-40.0
1776885229.7691028,4.0,3.0,-47.0
1776885229.7791028,0.0,0.0,-51.0
1776885229.7891028,0.0,0.0,-53.0
1776885229.7991028,-2.0,0.0,-54.0
1776885229.8091028,-1.0,0.0,-55.0
1776885229.8191028,0.0,2.0,-60.0
1776885229.8291028,2.0,1.0,-57.0
1776885229.8391027,3.0,-3.0,-53.0
1776885229.8491027,1.0,-1.0,-52.0
1776885229.8591027,2.0,-3.0,-50.0
1776885229.8691027,3.0,-4.0,-48.0
1776885229.8791027,5.0,0.0,-50.0
1776885229.8891027,5.0,0.0,-53.0
1776885229.8991027,3.0,0.0,-52.0
1776885229.909103,1.0,1.0,-45.0
1776885229.919103,-3.0,-1.0,-49.0
1776885229.929103,-2.0,-2.0,-42.0
1776885229.9391026,-4.0,-3.0,-39.0
1776885229.9491026,-5.0,-6.0,-40.0
1776885229.9591026,-6.0,-6.0,-36.0
1776885229.9691026,-3.0,-5.0,-38.0
1776885229.9791028,2.0,-2.0,-36.0
1776885229.9891028,5.0,0.0,-39.0
1776885229.9991028,6.0,3.0,-36.0
1776885230.0091028,2.0,9.0,-42.0
1776885230.0191028,2.0,2.0,-42.0
1776885230.0291028,-2.0,2.0,-43.0
1776885230.0391028,0.0,3.0,-43.0
1776885230.0491028,1.0,3.0,-45.0
1776885230.0591028,0.0,0.0,-45.0
1776885230.0691028,-5.0,-5.0,-39.0
1776885230.0791028,-5.0,-4.0,-37.0
1776885230.0891027,0.0,-8.0,-34.0
1776885230.0991027,-4.0,-4.0,-36.0
1776885230.1091027,-4.0,-1.0,-42.0
1776885230.1191027,-6.0,-3.0,-39.0
1776885230.1291027,-7.0,-2.0,-45.0
1776885230.1391027,-2.0,-2.0,-43.0
1776885230.1491027,3.0,-2.0,-41.0
1776885230.159103,4.0,-4.0,-44.0
1776885230.169103,5.0,-4.0,-49.0
1776885230.179103,4.0,-5.0,-50.0
1776885230.1891026,3.0,-5.0,-49.0
1776885230.1991026,-1.0,-3.0,-48.0
1776885230.2091026,-5.0,-1.0,-48.0
1776885230.2191026,-5.0,-1.0,-47.0
1776885230.2291028,-3.0,0.0,-52.0
1776885230.2391028,-3.0,-4.0,-57.0
1776885230.2491028,-2.0,-3.0,-55.0
1776885230.2591028,2.0,-4.0,-52.0
1776885230.2691028,0.0,-4.0,-48.0
1776885230.2791028,-6.0,-4.0,-43.0
1776885230.2891028,-7.0,-7.0,-44.0
1776885230.2991028,-6.0,-1.0,-38.0
1776885230.3091028,-3.0,0.0,-41.0
1776885230.3191028,-2.0,0.0,-40.0
1776885230.3291028,-2.0,-4.0,-41.0
1776885230.3391027,0.0,-7.0,-41.0
1776885230.3491027,-1.0,-5.0,-36.0
1776885230.3591027,1.0,-4.0,-31.0
1776885230.3691027,4.0,-3.0,-34.0
1776885230.3791027,7.0,-3.0,-33.0
1776885230.3891027,6.0,-7.0,-32.0
1776885230.3991027,4.0,-9.0,-30.0
1776885230.409103,3.0,-4.0,-40.0
1776885230.419103,2.0,-3.0,-45.0
1776885230.429103,6.0,-1.0,-46.0
1776885230.4391026,4.0,1.0,-47.0
1776885230.4491026,1.0,1.0,-44.0
1776885230.4591026,-2.0,3.0,-43.0
1776885230.4691026,-2.0,0.0,-41.0
1776885230.4791028,-4.0,-1.0,-40.0
1776885230.4891028,-3.0,-3.0,-37.0
1776885230.4991028,0.0,-6.0,-43.0
1776885230.5091028,1.0,-6.0,-45.0
1776885230.5191028,1.0,-3.0,-44.0
1776885230.5291028,-1.0,-1.0,-43.0
1776885230.5391028,2.0,-7.0,-41.0
1776885230.5491028,5.0,-6.0,-38.0
1776885230.5591028,3.0,-8.0,-42.0
1776885230.5691028,0.0,0.0,-42.0
1776885230.5791028,-5.0,2.0,-50.0
1776885230.5891027,-2.0,-1.0,-51.0
1776885230.5991027,0.0,-1.0,-45.0
1776885230.6091027,0.0,-1.0,-41.0
1776885230.6191027,3.0,-1.0,-43.0
1776885230.6291027,9.0,-3.0,-42.0
1776885230.6391027,10.0,-1.0,-41.0
1776885230.6491027,7.0,0.0,-44.0
1776885230.659103,2.0,0.0,-49.0
1776885230.669103,2.0,0.0,-51.0
1776885230.679103,0.0,-2.0,-53.0
1776885230.6891026,0.0,0.0,-46.0
1776885230.6991026,3.0,0.0,-49.0
1776885230.7091026,2.0,-3.0,-43.0
1776885230.7191026,-2.0,-5.0,-34.0
1776885230.7291028,-5.0,-6.0,-40.0
1776885230.7391028,-6.0,-4.0,-42.0
1776885230.7491028,-7.0,-1.0,-40.0
1776885230.7591028,-5.0,0.0,-43.0
1776885230.7691028,-3.0,-2.0,-50.0
1776885230.7791028,-3.0,0.0,-50.0
1776885230.7891028,-3.0,4.0,-48.0
1776885230.7991028,-3.0,8.0,-49.0
1776885230.8091028,-1.0,4.0,-49.0
1776885230.8191028,1.0,6.0,-58.0
1776885230.8291028,5.0,7.0,-54.0
1776885230.8391027,7.0,4.0,-55.0
1776885230.8491027,3.0,-1.0,-59.0
1776885230.8591027,2.0,0.0,-53.0
1776885230.8691027,1.0,-1.0,-49.0
1776885230.8791027,2.0,-8.0,-46.0
1776885230.8891027,5.0,-7.0,-47.0
1776885230.8991027,9.0,-3.0,-45.0
1776885230.909103,3.0,0.0,-46.0
1776885230.919103,5.0,0.0,-46.0
1776885230.929103,7.0,-4.0,-45.0
1776885230.9391026,4.0,-7.0,-39.0
1776885230.9491026,3.0,-7.0,-43.0
1776885230.9591026,0.0,-9.0,-47.0
1776885230.9691026,-2.0,-10.0,-49.0
1776885230.9791028,-1.0,-6.0,-48.0
1776885230.9891028,0.0,-6.0,-46.0
1776885230.9991028,0.0,-8.0,-51.0
1776885231.0091028,0.0,-9.0,-47.0
1776885231.0191028,-2.0,-11.0,-50.0
1776885231.0291028,-8.0,-10.0,-51.0
1776885231.0391028,-4.0,-11.0,-46.0
1776885231.0491028,-1.0,-6.0,-42.0
1776885231.0591028,0.0,-5.0,-39.0
1776885231.0691028,2.0,-4.0,-34.0
1776885231.0791028,0.0,-6.0,-39.0
1776885231.0891027,-1.0,-6.0,-43.0
1776885231.0991027,-1.0,-4.0,-48.0
1776885231.1091027,-1.0,-3.0,-45.0
1776885231.1191027,-4.0,-2.0,-40.0
1776885231.1291027,-1.0,-4.0,-37.0
1776885231.1391027,-1.0,-2.0,-39.0
1776885231.1491027,6.0,0.0,-42.0
1776885231.159103,6.0,-3.0,-38.0
1776885231.169103,4.0,-4.0,-40.0
1776885231.179103,2.0,-6.0,-34.0
1776885231.1891026,0.0,-7.0,-38.0
1776885231.1991026,2.0,-12.0,-41.0
1776885231.2091026,5.0,-7.0,-40.0
1776885231.2191026,4.0,-2.0,-42.0
1776885231.2291028,4.0,2.0,-39.0
1776885231.2391028,3.0,1.0,-33.0
1776885231.2491028,3.0,2.0,-34.0
1776885231.2591028,6.0,0.0,-39.0
1776885231.2691028,5.0,1.0,-40.0
1776885231.2791028,3.0,2.0,-39.0
1776885231.2891028,5.0,0.0,-39.0
1776885231.2991028,10.0,3.0,-38.0
1776885231.3091028,7.0,7.0,-41.0
1776885231.3191028,8.0,6.0,-45.0
1776885231.3291028,5.0,3.0,-43.0
1776885231.3391027,2.0,4.0,-40.0
1776885231.3491027,0.0,3.0,-39.0
1776885231.360103,3.0,3.0,-37.0
1776885231.3691027,3.0,-1.0,-39.0
1776885231.3791027,0.0,-3.0,-41.0
1776885231.3891027,-1.0,-6.0,-48.0
1776885231.4001029,0.0,-2.0,-55.0
1776885231.4101028,-1.0,1.0,-61.0
1776885231.4201028,0.0,0.0,-59.0
1776885231.4301028,0.0,3.0,-58.0
1776885231.4401028,0.0,2.0,-52.0
1776885231.4501028,-1.0,3.0,-52.0
1776885231.4601028,0.0,2.0,-47.0
1776885231.4701028,0.0,4.0,-45.0
1776885231.4801028,5.0,-1.0,-49.0
1776885231.4911027,5.0,-4.0,-47.0
1776885231.5001028,4.0,-4.0,-43.0
1776885231.5101027,5.0,-5.0,-43.0
1776885231.5201027,2.0,-2.0,-47.0
1776885231.5301027,7.0,-1.0,-43.0
1776885231.5401027,3.0,-1.0,-47.0
1776885231.5501027,-1.0,1.0,-49.0
1776885231.5601027,-3.0,1.0,-49.0
1776885231.5701027,-6.0,0.0,-48.0
1776885231.5801027,-4.0,-1.0,-50.0
1776885231.590103,-7.0,-3.0,-53.0
1776885231.600103,-5.0,-3.0,-49.0
1776885231.610103,-5.0,-4.0,-45.0
1776885231.6201026,-5.0,-1.0,-44.0
1776885231.6301026,-5.0,-1.0,-43.0
1776885231.6401026,-7.0,0.0,-37.0
1776885231.6501029,-7.0,0.0,-35.0
1776885231.6601028,-8.0,-6.0,-36.0
1776885231.6701028,-9.0,-9.0,-44.0
1776885231.6801028,-6.0,-5.0,-40.0
1776885231.6901028,-7.0,-1.0,-39.0
1776885231.7001028,-6.0,-3.0,-35.0
1776885231.7101028,-2.0,-4.0,-39.0
1776885231.7201028,1.0,1.0,-48.0
1776885231.7301028,0.0,3.0,-45.0
1776885231.7401028,-1.0,3.0,-40.0
1776885231.7501028,3.0,1.0,-40.0
1776885231.7601027,1.0,4.0,-42.0
1776885231.7701027,0.0,0.0,-46.0
1776885231.7801027,0.0,2.0,-52.0
1776885231.7901027,2.0,1.0,-53.0
1776885231.8001027,2.0,0.0,-55.0
1776885231.8101027,1.0,-2.0,-50.0
1776885231.8201027,3.0,-5.0,-43.0
1776885231.8301027,5.0,-4.0,-42.0
1776885231.840103,0.0,-6.0,-37.0
1776885231.850103,3.0,-5.0,-42.0
1776885231.860103,2.0,-4.0,-46.0
1776885231.8701026,5.0,-2.0,-49.0
1776885231.8801026,5.0,-3.0,-46.0
1776885231.8901026,10.0,-1.0,-53.0
1776885231.9001029,9.0,-5.0,-49.0
1776885231.9101028,9.0,0.0,-56.0
1776885231.9201028,7.0,0.0,-56.0
1776885231.9301028,4.0,-3.0,-51.0
1776885231.9401028,4.0,0.0,-44.0
1776885231.9501028,3.0,0.0,-47.0
1776885231.9601028,3.0,0.0,-47.0
1776885231.9701028,5.0,0.0,-43.0
1776885231.9801028,3.0,0.0,-42.0
1776885231.9901028,3.0,-1.0,-43.0
1776885232.0001028,2.0,-4.0,-42.0
1776885232.0101027,-1.0,-7.0,-34.0
1776885232.0201027,-3.0,-12.0,-35.0
1776885232.0301027,-3.0,-6.0,-42.0
1776885232.0401027,0.0,-4.0,-45.0
1776885232.0501027,4.0,-7.0,-44.0
1776885232.0601027,1.0,-6.0,-48.0
1776885232.0701027,0.0,-1.0,-44.0
1776885232.0801027,0.0,0.0,-38.0
1776885232.090103,-1.0,0.0,-33.0
1776885232.100103,3.0,0.0,-36.0
1776885232.110103,0.0,-1.0,-43.0
1776885232.1201026,0.0,-1.0,-50.0
1776885232.1301026,0.0,-3.0,-53.0
1776885232.1401026,3.0,-5.0,-56.0
1776885232.1501029,0.0,-5.0,-53.0
1776885232.1601028,3.0,-5.0,-50.0
1776885232.1701028,-1.0,-3.0,-53.0
1776885232.1801028,0.0,-2.0,-42.0
1776885232.1901028,6.0,-4.0,-49.0
1776885232.2001028,10.0,-7.0,-51.0
1776885232.2101028,8.0,-7.0,-57.0
1776885232.2201028,6.0,-4.0,-55.0
1776885232.2301028,6.0,-1.0,-52.0
1776885232.2401028,4.0,-2.0,-45.0
1776885232.2501028,0.0,-3.0,-46.0
1776885232.2601027,0.0,-5.0,-50.0
1776885232.2701027,3.0,-3.0,-53.0
1776885232.2801027,3.0,-2.0,-47.0
1776885232.2901027,0.0,-5.0,-43.0
1776885232.3001027,2.0,-4.0,-42.0
1776885232.3101027,3.0,-3.0,-42.0
1776885232.3201027,4.0,-3.0,-39.0
1776885232.3301027,2.0,-1.0,-35.0
1776885232.340103,3.0,-2.0,-37.0
1776885232.350103,5.0,-2.0,-37.0
1776885232.360103,2.0,0.0,-30.0
1776885232.3701026,0.0,3.0,-32.0
1776885232.3801026,2.0,1.0,-37.0
1776885232.3901026,5.0,1.0,-37.0
1776885232.4001029,8.0,0.0,-41.0
1776885232.4101028,6.0,2.0,-44.0
1776885232.4201028,6.0,0.0,-40.0
1776885232.4301028,3.0,-2.0,-40.0
1776885232.4401028,2.0,-4.0,-43.0
1776885232.4501028,0.0,-3.0,-41.0
1776885232.4601028,0.0,-1.0,-43.0
1776885232.4701028,-4.0,1.0,-41.0
1776885232.4801028,0.0,0.0,-40.0
1776885232.4901028,0.0,0.0,-40.0
1776885232.5001028,0.0,-1.0,-47.0
1776885232.5101027,0.0,0.0,-40.0
1776885232.5201027,0.0,0.0,-39.0
1776885232.5301027,0.0,4.0,-47.0
1776885232.5401027,0.0,3.0,-46.0
1776885232.5501027,0.0,0.0,-48.0
1776885232.5601027,-1.0,-2.0,-53.0
1776885232.5701027,2.0,-4.0,-55.0
1776885232.5801027,0.0,-4.0,-54.0
1776885232.590103,-2.0,-1.0,-48.0
1776885232.600103,-5.0,-1.0,-50.0
1776885232.610103,-5.0,-2.0,-44.0
1776885232.6201026,0.0,-4.0,-44.0
1776885232.6301026,4.0,-7.0,-47.0
1776885232.6401026,0.0,-6.0,-42.0
1776885232.6501029,-1.0,0.0,-38.0
1776885232.6601028,0.0,-1.0,-35.0
1776885232.6701028,-2.0,-1.0,-39.0
1776885232.6801028,-3.0,2.0,-41.0
1776885232.6901028,-2.0,2.0,-44.0
1776885232.7001028,-2.0,1.0,-43.0
1776885232.7101028,-4.0,2.0,-41.0
1776885232.7201028,-5.0,0.0,-34.0
1776885232.7301028,-2.0,-4.0,-36.0
1776885232.7401028,-4.0,-3.0,-39.0
1776885232.7501028,-1.0,-4.0,-39.0
1776885232.7601027,-7.0,-5.0,-38.0
1776885232.7701027,-5.0,-4.0,-40.0
1776885232.7801027,-1.0,-4.0,-37.0
1776885232.7901027,2.0,0.0,-32.0
1776885232.8001027,-1.0,-2.0,-35.0
1776885232.8101027,-2.0,-1.0,-37.0
1776885232.8201027,-4.0,-2.0,-42.0
1776885232.8301027,-1.0,0.0,-47.0
1776885232.840103,0.0,0.0,-46.0
1776885232.850103,0.0,0.0,-40.0
1776885232.860103,-1.0,0.0,-33.0
1776885232.8701026,0.0,1.0,-27.0
1776885232.8801026,4.0,0.0,-33.0
1776885232.8901026,3.0,1.0,-36.0
1776885232.9001029,2.0,1.0,-34.0
1776885232.9101028,5.0,0.0,-33.0
1776885232.9201028,6.0,0.0,-37.0
1776885232.9301028,4.0,0.0,-33.0
1776885232.9401028,-1.0,-2.0,-36.0
1776885232.9501028,0.0,-7.0,-38.0
1776885232.9601028,3.0,-3.0,-38.0
1776885232.9701028,2.0,-5.0,-38.0
1776885232.9801028,2.0,-4.0,-37.0
1776885232.9901028,3.0,-2.0,-37.0
1776885233.0001028,7.0,-3.0,-35.0
1776885233.0101027,9.0,0.0,-43.0
1776885233.0201027,7.0,0.0,-41.0
1776885233.0301027,7.0,0.0,-38.0
1776885233.0401027,7.0,-1.0,-37.0
1776885233.0501027,6.0,0.0,-41.0
1776885233.0601027,6.0,0.0,-45.0
1776885233.0701027,3.0,2.0,-44.0
1776885233.0801027,1.0,3.0,-45.0
1776885233.090103,3.0,1.0,-46.0
1776885233.100103,1.0,-1.0,-42.0
1776885233.110103,0.0,0.0,-34.0
1776885233.1201026,-3.0,-2.0,-34.0
1776885233.1301026,-5.0,-6.0,-38.0
1776885233.1401026,-4.0,-5.0,-42.0
1776885233.1501029,-4.0,-4.0,-44.0
1776885233.1601028,-1.0,-7.0,-36.0
1776885233.1701028,0.0,-5.0,-42.0
1776885233.1801028,0.0,-3.0,-39.0
1776885233.1901028,3.0,-3.0,-42.0
1776885233.2001028,3.0,0.0,-43.0
1776885233.2101028,0.0,0.0,-40.0
1776885233.2201028,0.0,4.0,-43.0
1776885233.2301028,0.0,4.0,-43.0
1776885233.2401028,-1.0,5.0,-39.0
1776885233.2501028,0.0,3.0,-43.0
1776885233.2601027,-2.0,3.0,-42.0
1776885233.2701027,-2.0,1.0,-40.0
1776885233.2801027,-5.0,-1.0,-44.0
1776885233.2901027,-2.0,-3.0,-44.0
1776885233.3001027,0.0,-2.0,-46.0
1776885233.3101027,-6.0,0.0,-51.0
1776885233.3201027,-9.0,1.0,-50.0
1776885233.3301027,-2.0,0.0,-49.0
1776885233.340103,0.0,-1.0,-43.0
1776885233.350103,0.0,-2.0,-39.0
1776885233.360103,0.0,-1.0,-41.0
1776885233.3711028,2.0,1.0,-43.0
1776885233.3811028,1.0,1.0,-42.0
1776885233.3911028,-4.0,-1.0,-43.0
1776885233.4011028,-2.0,-1.0,-43.0
1776885233.4111028,0.0,-5.0,-42.0
1776885233.4211028,2.0,-3.0,-42.0
1776885233.4311028,3.0,-3.0,-42.0
1776885233.4411027,3.0,-3.0,-42.0
1776885233.4511027,1.0,-2.0,-46.0
1776885233.4611027,0.0,-7.0,-37.0
1776885233.4711027,2.0,-4.0,-41.0
1776885233.4811027,2.0,-5.0,-38.0
1776885233.4911027,-5.0,-6.0,-39.0
1776885233.5011027,-4.0,-7.0,-46.0
1776885233.511103,-1.0,-6.0,-45.0
1776885233.521103,-3.0,-6.0,-47.0
1776885233.531103,-8.0,-5.0,-41.0
1776885233.5411026,-7.0,-2.0,-44.0
1776885233.5511026,-3.0,-2.0,-51.0
1776885233.5611026,0.0,-3.0,-58.0
1776885233.5711029,5.0,-2.0,-53.0
1776885233.5811028,4.0,-3.0,-57.0
1776885233.5911028,3.0,0.0,-59.0
1776885233.6011028,6.0,-3.0,-49.0
1776885233.6111028,4.0,-4.0,-42.0
1776885233.6211028,0.0,-3.0,-41.0
1776885233.6311028,-5.0,-5.0,-39.0
1776885233.6411028,-7.0,-3.0,-39.0
1776885233.6511028,-3.0,-1.0,-42.0
1776885233.6611028,0.0,0.0,-46.0
1776885233.6711028,-2.0,-3.0,-52.0
1776885233.6811028,-5.0,-2.0,-50.0
1776885233.6911027,-5.0,0.0,-48.0
1776885233.7011027,0.0,1.0,-48.0
1776885233.7111027,0.0,3.0,-44.0
1776885233.7211027,1.0,2.0,-41.0
1776885233.7311027,0.0,1.0,-43.0
1776885233.7411027,-3.0,0.0,-50.0
1776885233.7511027,-7.0,-2.0,-52.0
1776885233.761103,-2.0,-6.0,-49.0
1776885233.771103,1.0,-4.0,-48.0
1776885233.781103,0.0,-6.0,-47.0
1776885233.7911026,0.0,0.0,-44.0
1776885233.8011026,6.0,-4.0,-46.0
1776885233.8111026,4.0,-6.0,-40.0
1776885233.8211029,4.0,-3.0,-38.0
1776885233.8311028,6.0,-1.0,-41.0
1776885233.8411028,5.0,0.0,-48.0
1776885233.8511028,4.0,-2.0,-52.0
1776885233.8611028,0.0,-3.0,-50.0
1776885233.8711028,-2.0,0.0,-44.0
1776885233.8811028,-7.0,-2.0,-44.0
1776885233.8911028,-6.0,-4.0,-38.0
1776885233.9011028,-4.0,-1.0,-42.0
1776885233.9111028,-8.0,-5.0,-48.0
1776885233.9211028,-6.0,-4.0,-52.0
1776885233.9311028,-5.0,-2.0,-54.0
1776885233.9411027,-4.0,0.0,-54.0
1776885233.9511027,0.0,1.0,-48.0
1776885233.9611027,0.0,3.0,-46.0
1776885233.9711027,0.0,4.0,-49.0
1776885233.9811027,0.0,1.0,-53.0
1776885233.9911027,0.0,-3.0,-48.0
1776885234.0011027,-4.0,-2.0,-49.0
1776885234.011103,-2.0,-4.0,-52.0
1776885234.021103,-2.0,-6.0,-55.0
1776885234.031103,-2.0,-5.0,-59.0
1776885234.0411026,-2.0,-3.0,-57.0
1776885234.0511026,-4.0,0.0,-56.0
1776885234.0611026,-4.0,2.0,-51.0
1776885234.0711029,-9.0,1.0,-49.0
1776885234.0811028,-8.0,0.0,-48.0
1776885234.0911028,-7.0,0.0,-46.0
1776885234.1011028,-3.0,3.0,-45.0
1776885234.1111028,-1.0,0.0,-45.0
1776885234.1211028,0.0,3.0,-43.0
1776885234.1311028,-1.0,0.0,-44.0
1776885234.1411028,-2.0,0.0,-43.0
1776885234.1511028,1.0,0.0,-42.0
1776885234.1611028,0.0,-3.0,-41.0
1776885234.1711028,1.0,-4.0,-42.0
1776885234.1811028,2.0,-5.0,-44.0
1776885234.1911027,6.0,-8.0,-44.0
1776885234.2011027,3.0,-4.0,-43.0
1776885234.2111027,1.0,-4.0,-39.0
1776885234.2211027,2.0,-3.0,-45.0
1776885234.2311027,1.0,-1.0,-47.0
1776885234.2411027,1.0,-1.0,-45.0
1776885234.2511027,1.0,-1.0,-42.0
1776885234.261103,-1.0,-3.0,-45.0
1776885234.271103,4.0,-1.0,-46.0
1776885234.281103,4.0,-1.0,-51.0
1776885234.2911026,5.0,-1.0,-51.0
1776885234.3011026,6.0,-4.0,-44.0
1776885234.3111026,4.0,-2.0,-42.0
1776885234.3211029,2.0,0.0,-40.0
1776885234.3311028,-1.0,-1.0,-43.0
1776885234.3411028,-2.0,2.0,-36.0
1776885234.3511028,3.0,1.0,-39.0
1776885234.3611028,2.0,-3.0,-36.0
1776885234.3711028,3.0,-4.0,-43.0
1776885234.3811028,0.0,-4.0,-50.0
1776885234.3911028,0.0,-1.0,-51.0
1776885234.4011028,4.0,-2.0,-51.0
1776885234.4111028,0.0,0.0,-51.0
1776885234.4211028,-1.0,0.0,-46.0
1776885234.4311028,-10.0,0.0,-44.0
1776885234.4411027,-14.0,1.0,-40.0
1776885234.4511027,-13.0,0.0,-44.0
1776885234.4611027,-8.0,1.0,-49.0
1776885234.4711027,-3.0,3.0,-48.0
1776885234.4811027,-4.0,0.0,-56.0
1776885234.4911027,-4.0,0.0,-57.0
1776885234.5011027,-3.0,4.0,-57.0
1776885234.511103,-1.0,6.0,-52.0
1776885234.521103,0.0,3.0,-51.0
1776885234.531103,0.0,0.0,-51.0
1776885234.5411026,-3.0,0.0,-54.0
1776885234.5511026,-2.0,0.0,-61.0
1776885234.5611026,0.0,0.0,-60.0
1776885234.5711029,-3.0,1.0,-51.0
1776885234.5811028,-2.0,-1.0,-53.0
1776885234.5911028,0.0,-2.0,-56.0
1776885234.6011028,2.0,-2.0,-57.0
1776885234.6111028,4.0,-2.0,-52.0
1776885234.6211028,2.0,0.0,-48.0
1776885234.6311028,3.0,2.0,-53.0
1776885234.6411028,2.0,-1.0,-50.0
1776885234.6511028,1.0,-1.0,-51.0
1776885234.6611028,4.0,-3.0,-51.0
1776885234.6711028,4.0,0.0,-46.0
1776885234.6811028,5.0,3.0,-46.0
1776885234.6911027,7.0,-4.0,-46.0
1776885234.7011027,3.0,-4.0,-46.0
1776885234.7111027,9.0,-6.0,-51.0
1776885234.7211027,10.0,-4.0,-48.0
1776885234.7311027,9.0,-2.0,-52.0
1776885234.7411027,3.0,-2.0,-50.0
1776885234.7511027,0.0,-5.0,-39.0
1776885234.761103,3.0,-3.0,-42.0
1776885234.771103,0.0,-3.0,-42.0
1776885234.781103,0.0,-3.0,-43.0
1776885234.7911026,3.0,-3.0,-45.0
1776885234.8011026,4.0,-3.0,-40.0
1776885234.8111026,3.0,-3.0,-36.0
1776885234.8211029,0.0,-5.0,-36.0
1776885234.8311028,1.0,-6.0,-43.0
1776885234.8411028,0.0,-5.0,-47.0
1776885234.8511028,-1.0,-4.0,-41.0
1776885234.8611028,-2.0,-7.0,-40.0
1776885234.8711028,-3.0,-6.0,-38.0
1776885234.8811028,-3.0,-9.0,-36.0
1776885234.8911028,2.0,-9.0,-37.0
1776885234.9011028,4.0,-11.0,-36.0
1776885234.9111028,1.0,-10.0,-45.0
1776885234.9211028,3.0,-9.0,-46.0
1776885234.9311028,6.0,-11.0,-39.0
1776885234.9411027,4.0,-8.0,-34.0
1776885234.9511027,5.0,-9.0,-38.0
1776885234.9611027,2.0,-12.0,-37.0
1776885234.9711027,5.0,-10.0,-40.0
1776885234.9811027,2.0,-9.0,-41.0
1776885234.9911027,7.0,-6.0,-39.0
1776885235.0011027,6.0,-1.0,-37.0
1776885235.011103,4.0,-5.0,-41.0
1776885235.021103,6.0,-8.0,-48.0
1776885235.031103,6.0,-8.0,-49.0
1776885235.0411026,9.0,-9.0,-44.0
1776885235.0511026,10.0,-3.0,-50.0
1776885235.0611026,8.0,2.0,-51.0
1776885235.0711029,9.0,-1.0,-49.0
1776885235.0811028,11.0,-3.0,-47.0
1776885235.0911028,5.0,-5.0,-52.0
1776885235.1011028,0.0,-8.0,-51.0
1776885235.1111028,0.0,-5.0,-47.0
1776885235.1211028,-6.0,-2.0,-47.0
1776885235.1311028,-2.0,-4.0,-53.0
1776885235.1411028,-2.0,-7.0,-58.0
1776885235.1511028,-1.0,-8.0,-57.0
1776885235.1611028,-2.0,-6.0,-54.0
1776885235.1711028,-2.0,-1.0,-55.0
1776885235.1811028,-3.0,-5.0,-61.0
1776885235.1911027,-1.0,-6.0,-63.0
1776885235.2011027,1.0,-6.0,-58.0
1776885235.2111027,1.0,-8.0,-57.0
1776885235.2211027,0.0,-9.0,-53.0
1776885235.2311027,0.0,-6.0,-47.0
1776885235.2411027,0.0,-5.0,-44.0
1776885235.2511027,0.0,-6.0,-45.0
1776885235.261103,0.0,-6.0,-41.0
1776885235.271103,2.0,-5.0,-41.0
1776885235.281103,3.0,-8.0,-41.0
1776885235.2911026,4.0,-5.0,-43.0
1776885235.3011026,6.0,-8.0,-43.0
1776885235.3111026,9.0,-9.0,-48.0
1776885235.3211029,5.0,-7.0,-45.0
1776885235.3321028,2.0,-6.0,-40.0
1776885235.3421028,3.0,-4.0,-47.0
1776885235.3521028,4.0,-6.0,-47.0
1776885235.3621027,1.0,-9.0,-46.0
1776885235.3721027,1.0,-9.0,-45.0
1776885235.3821027,0.0,-7.0,-47.0
1776885235.3921027,0.0,-9.0,-43.0
1776885235.4021027,0.0,-10.0,-37.0
1776885235.4121027,2.0,-9.0,-40.0
1776885235.4221027,3.0,-5.0,-42.0
1776885235.432103,-4.0,-3.0,-45.0
1776885235.442103,-1.0,-1.0,-45.0
1776885235.452103,0.0,0.0,-44.0
1776885235.462103,4.0,-1.0,-39.0
1776885235.4721026,-3.0,-9.0,-37.0
1776885235.4821026,-2.0,-7.0,-37.0
1776885235.4921026,-3.0,0.0,-37.0
1776885235.5021029,-2.0,-3.0,-39.0
1776885235.5121028,-4.0,0.0,-40.0
1776885235.5221028,-2.0,-2.0,-35.0
1776885235.5321028,-4.0,-5.0,-35.0
1776885235.5421028,-3.0,-5.0,-38.0
1776885235.5521028,-2.0,-2.0,-36.0
1776885235.5621028,0.0,-5.0,-39.0
1776885235.5721028,0.0,-5.0,-44.0
1776885235.5821028,3.0,-5.0,-41.0
1776885235.5921028,2.0,-4.0,-45.0
1776885235.6021028,1.0,-7.0,-47.0
1776885235.6121027,0.0,-6.0,-53.0
1776885235.6221027,-1.0,-3.0,-60.0
1776885235.6321027,-1.0,-3.0,-63.0
1776885235.6421027,1.0,-4.0,-56.0
1776885235.6521027,2.0,-4.0,-47.0
1776885235.6621027,0.0,-1.0,-55.0
1776885235.6721027,0.0,3.0,-54.0
1776885235.682103,-3.0,-2.0,-43.0
1776885235.692103,-4.0,-1.0,-44.0
1776885235.702103,1.0,-5.0,-47.0
1776885235.712103,5.0,-6.0,-48.0
1776885235.7221026,0.0,-1.0,-53.0
1776885235.7321026,3.0,-2.0,-54.0
1776885235.7421026,3.0,-2.0,-50.0
1776885235.7521029,3.0,-3.0,-46.0
1776885235.7621028,1.0,-4.0,-45.0
1776885235.7721028,-7.0,0.0,-42.0
1776885235.7821028,-4.0,-4.0,-44.0
1776885235.7921028,-4.0,-3.0,-44.0
1776885235.8021028,-7.0,-3.0,-46.0
1776885235.8121028,-9.0,-8.0,-49.0
1776885235.8221028,-10.0,-8.0,-52.0
1776885235.8321028,-7.0,-6.0,-52.0
1776885235.8421028,-8.0,-7.0,-45.0
1776885235.8521028,-7.0,-6.0,-44.0
1776885235.8621027,-4.0,-8.0,-42.0
1776885235.8721027,-3.0,-10.0,-36.0
1776885235.8821027,-3.0,-10.0,-41.0
1776885235.8921027,0.0,-11.0,-44.0
1776885235.9021027,-2.0,-7.0,-44.0
1776885235.9121027,-4.0,-9.0,-45.0
1776885235.9221027,-3.0,-7.0,-51.0
1776885235.932103,-6.0,-6.0,-50.0
1776885235.942103,-8.0,-8.0,-55.0
1776885235.952103,-9.0,-9.0,-56.0
1776885235.962103,-6.0,-10.0,-50.0
1776885235.9721026,-2.0,-11.0,-54.0
1776885235.9821026,-4.0,-11.0,-56.0
1776885235.9921026,-4.0,-4.0,-47.0
1776885236.0021029,-2.0,0.0,-46.0
1776885236.0121028,-7.0,-1.0,-46.0
1776885236.0221028,-9.0,0.0,-47.0
1776885236.0321028,-6.0,-1.0,-46.0
1776885236.0421028,-8.0,-2.0,-48.0
1776885236.0521028,-2.0,-1.0,-41.0
1776885236.0621028,1.0,1.0,-33.0
1776885236.0721028,4.0,2.0,-30.0
1776885236.0821028,9.0,2.0,-35.0
1776885236.0921028,6.0,-3.0,-48.0
1776885236.1021028,3.0,-7.0,-53.0
1776885236.1121027,0.0,-4.0,-46.0
1776885236.1221027,2.0,0.0,-44.0
1776885236.1321027,3.0,1.0,-44.0
1776885236.1421027,3.0,2.0,-41.0
1776885236.1521027,2.0,1.0,-36.0
1776885236.1621027,-1.0,-1.0,-40.0
1776885236.1721027,-5.0,-2.0,-40.0
1776885236.182103,-5.0,0.0,-45.0
1776885236.192103,-3.0,-1.0,-49.0
1776885236.202103,-2.0,-3.0,-45.0
1776885236.212103,-2.0,-6.0,-47.0
1776885236.2221026,-1.0,-3.0,-47.0
1776885236.2321026,-5.0,-3.0,-51.0
1776885236.2421026,-8.0,1.0,-50.0
1776885236.2521029,-2.0,4.0,-44.0
1776885236.2621028,0.0,1.0,-41.0
1776885236.2721028,0.0,0.0,-45.0
1776885236.2821028,0.0,-2.0,-36.0
1776885236.2921028,0.0,-4.0,-43.0
1776885236.3021028,-7.0,0.0,-41.0
1776885236.3121028,-5.0,-2.0,-44.0
1776885236.3221028,1.0,-5.0,-47.0
1776885236.3321028,2.0,-7.0,-46.0
1776885236.3421028,-1.0,-3.0,-43.0
1776885236.3521028,0.0,-1.0,-46.0
1776885236.3621027,0.0,-4.0,-45.0
1776885236.3721027,-1.0,-5.0,-45.0
1776885236.3821027,0.0,-5.0,-45.0
1776885236.3921027,0.0,-3.0,-42.0
1776885236.4021027,-3.0,0.0,-47.0
1776885236.4121027,0.0,-1.0,-49.0
1776885236.4221027,-1.0,0.0,-48.0
1776885236.432103,-2.0,0.0,-42.0
1776885236.442103,0.0,-1.0,-42.0
1776885236.452103,-4.0,2.0,-44.0
1776885236.462103,0.0,1.0,-46.0
1776885236.4721026,0.0,2.0,-42.0
1776885236.4821026,0.0,0.0,-37.0
1776885236.4921026,2.0,2.0,-36.0
1776885236.5021029,-1.0,5.0,-39.0
1776885236.5121028,0.0,0.0,-43.0
1776885236.5221028,-6.0,-2.0,-48.0
1776885236.5321028,-3.0,-3.0,-52.0
1776885236.5421028,0.0,-3.0,-57.0
1776885236.5521028,-5.0,-5.0,-54.0
1776885236.5621028,-8.0,-3.0,-55.0
1776885236.5721028,-2.0,-2.0,-47.0
1776885236.5821028,-2.0,-5.0,-36.0
1776885236.5921028,-3.0,-5.0,-40.0
1776885236.6021028,-3.0,-2.0,-45.0
1776885236.6121027,-1.0,0.0,-47.0
1776885236.6221027,-2.0,-2.0,-45.0
1776885236.6321027,-1.0,-4.0,-36.0
1776885236.6421027,-1.0,-6.0,-38.0
1776885236.6521027,4.0,-6.0,-45.0
1776885236.6621027,1.0,-4.0,-46.0
1776885236.6721027,-1.0,-1.0,-45.0
1776885236.682103,-3.0,0.0,-41.0
1776885236.692103,0.0,0.0,-42.0
1776885236.702103,0.0,0.0,-37.0
1776885236.712103,0.0,0.0,-41.0
1776885236.7221026,-1.0,0.0,-39.0
1776885236.7321026,-1.0,0.0,-37.0
1776885236.7421026,0.0,3.0,-38.0
1776885236.7521029,-2.0,5.0,-40.0
1776885236.7621028,-1.0,4.0,-49.0
1776885236.7721028,0.0,6.0,-49.0
1776885236.7821028,5.0,1.0,-45.0
1776885236.7921028,7.0,1.0,-48.0
1776885236.8021028,5.0,1.0,-40.0
1776885236.8121028,4.0,-3.0,-40.0
1776885236.8221028,3.0,0.0,-45.0
1776885236.8321028,0.0,-3.0,-45.0
1776885236.8421028,0.0,-8.0,-40.0
1776885236.8521028,0.0,-8.0,-44.0
1776885236.8621027,2.0,-10.0,-48.0
1776885236.8721027,0.0,-6.0,-44.0
1776885236.8821027,0.0,-1.0,-43.0
1776885236.8921027,4.0,-2.0,-47.0
1776885236.9021027,3.0,-3.0,-39.0
1776885236.9121027,4.0,-3.0,-41.0
1776885236.9221027,2.0,-4.0,-46.0
1776885236.932103,4.0,-3.0,-46.0
1776885236.942103,0.0,-2.0,-51.0
1776885236.952103,-4.0,3.0,-52.0
1776885236.962103,-9.0,1.0,-46.0
1776885236.9721026,-9.0,5.0,-42.0
1776885236.9821026,-8.0,6.0,-44.0
1776885236.9921026,-7.0,6.0,-41.0
1776885237.0021029,-2.0,4.0,-38.0
1776885237.0121028,-2.0,1.0,-38.0
1776885237.0221028,-4.0,3.0,-37.0
1776885237.0321028,-5.0,2.0,-38.0
1776885237.0421028,0.0,0.0,-34.0
1776885237.0521028,0.0,-2.0,-38.0
1776885237.0621028,0.0,-1.0,-35.0
1776885237.0721028,2.0,-2.0,-33.0
1776885237.0821028,3.0,-1.0,-34.0
1776885237.0921028,1.0,-3.0,-40.0
1776885237.1021028,0.0,-3.0,-40.0
1776885237.1121027,2.0,0.0,-42.0
1776885237.1221027,2.0,1.0,-38.0
1776885237.1321027,4.0,0.0,-35.0
1776885237.1421027,3.0,1.0,-30.0
1776885237.1521027,2.0,3.0,-29.0
1776885237.1621027,5.0,2.0,-38.0
1776885237.1721027,7.0,0.0,-42.0
1776885237.182103,8.0,2.0,-44.0
1776885237.192103,2.0,-1.0,-38.0
1776885237.202103,-1.0,0.0,-43.0
1776885237.212103,1.0,-3.0,-43.0
1776885237.2221026,3.0,-6.0,-46.0
1776885237.2321026,3.0,-7.0,-47.0
1776885237.2421026,-1.0,-8.0,-44.0
1776885237.2521029,0.0,-7.0,-46.0
1776885237.2631028,-2.0,-4.0,-44.0
1776885237.2721028,-4.0,-4.0,-40.0
1776885237.2821028,-3.0,-5.0,-38.0
1776885237.2921028,2.0,-2.0,-39.0
1776885237.3021028,-2.0,-5.0,-47.0
1776885237.3121028,-7.0,-2.0,-44.0
1776885237.3231027,-5.0,-1.0,-44.0
1776885237.3331027,-3.0,0.0,-42.0
1776885237.3431027,-2.0,-2.0,-41.0
1776885237.3531027,-6.0,-5.0,-40.0
1776885237.363103,-5.0,-3.0,-46.0
1776885237.373103,-4.0,-5.0,-37.0
1776885237.383103,-5.0,-3.0,-39.0
1776885237.3931026,-7.0,-2.0,-37.0
1776885237.4031026,-6.0,-4.0,-38.0
1776885237.4131026,-8.0,-3.0,-43.0
1776885237.4231029,-5.0,-2.0,-43.0
1776885237.4331028,-1.0,-4.0,-46.0
1776885237.4431028,-3.0,0.0,-42.0
1776885237.4531028,-3.0,-1.0,-37.0
1776885237.4631028,0.0,0.0,-42.0
1776885237.4731028,0.0,0.0,-47.0
1776885237.4831028,-2.0,-3.0,-44.0
1776885237.4931028,-1.0,-2.0,-44.0
1776885237.5031028,-2.0,0.0,-45.0
1776885237.5131028,-3.0,-1.0,-47.0
1776885237.5231028,-3.0,1.0,-49.0
1776885237.5331028,2.0,1.0,-47.0
1776885237.5431027,1.0,1.0,-43.0
1776885237.5531027,0.0,-2.0,-45.0
1776885237.5631027,0.0,-4.0,-52.0
1776885237.5731027,1.0,-6.0,-53.0
1776885237.5831027,9.0,-8.0,-49.0
1776885237.5931027,4.0,-9.0,-48.0
1776885237.6031027,1.0,-6.0,-48.0
1776885237.613103,-2.0,-2.0,-50.0
1776885237.623103,-3.0,-1.0,-53.0
1776885237.633103,3.0,-3.0,-54.0
1776885237.6431026,3.0,0.0,-56.0
1776885237.6531026,2.0,-3.0,-49.0
1776885237.6631026,0.0,-8.0,-47.0
1776885237.6731029,0.0,-8.0,-47.0
1776885237.6831028,3.0,-5.0,-40.0
1776885237.6931028,2.0,-5.0,-43.0
1776885237.7031028,1.0,0.0,-43.0
1776885237.7131028,0.0,4.0,-43.0
1776885237.7231028,1.0,2.0,-42.0
1776885237.7331028,-1.0,-3.0,-35.0
1776885237.7431028,-1.0,-4.0,-40.0
1776885237.7531028,1.0,0.0,-42.0
1776885237.7631028,-1.0,1.0,-36.0
1776885237.7731028,0.0,2.0,-38.0
1776885237.7831028,-3.0,0.0,-41.0
1776885237.7931027,-2.0,-3.0,-45.0
1776885237.8031027,-3.0,-2.0,-51.0
1776885237.8131027,0.0,-4.0,-55.0
1776885237.8231027,-2.0,-5.0,-53.0
1776885237.8331027,-8.0,-6.0,-53.0
1776885237.8431027,-8.0,-5.0,-57.0
1776885237.8531027,-6.0,-5.0,-58.0
1776885237.863103,-2.0,-3.0,-56.0
1776885237.873103,1.0,-2.0,-60.0
1776885237.883103,2.0,0.0,-56.0
1776885237.8931026,7.0,-2.0,-51.0
1776885237.9031026,8.0,-3.0,-50.0
1776885237.9131026,7.0,0.0,-48.0
1776885237.9231029,2.0,-7.0,-40.0
1776885237.9331028,0.0,-4.0,-34.0
1776885237.9431028,-1.0,-4.0,-36.0
1776885237.9531028,-2.0,-7.0,-39.0
1776885237.9631028,-3.0,-7.0,-41.0
1776885237.9731028,-1.0,-7.0,-35.0
1776885237.9831028,2.0,-7.0,-38.0
1776885237.9931028,7.0,-4.0,-35.0
1776885238.0031028,5.0,-3.0,-39.0
1776885238.0131028,4.0,1.0,-41.0
1776885238.0231028,9.0,4.0,-43.0
1776885238.0331028,8.0,1.0,-44.0
1776885238.0431027,2.0,-1.0,-42.0
1776885238.0531027,1.0,-1.0,-44.0
1776885238.0631027,3.0,-5.0,-42.0
1776885238.0731027,4.0,-1.0,-41.0
1776885238.0831027,2.0,0.0,-40.0
1776885238.0931027,4.0,0.0,-45.0
1776885238.1031027,1.0,0.0,-38.0
1776885238.113103,1.0,-2.0,-40.0
1776885238.123103,0.0,-7.0,-42.0
1776885238.133103,-1.0,-7.0,-44.0
1776885238.1431026,-2.0,-8.0,-41.0
1776885238.1531026,-3.0,-7.0,-42.0
1776885238.1631026,-3.0,-8.0,-46.0
1776885238.1731029,-3.0,-6.0,-47.0
1776885238.1831028,-4.0,-1.0,-38.0
1776885238.1931028,0.0,-3.0,-33.0
1776885238.2031028,-3.0,-4.0,-34.0
1776885238.2131028,-2.0,0.0,-36.0
1776885238.2231028,0.0,-2.0,-38.0
1776885238.2331028,5.0,-4.0,-43.0
1776885238.2431028,4.0,-1.0,-53.0
1776885238.2531028,1.0,-4.0,-50.0
1776885238.2631028,2.0,-6.0,-50.0
1776885238.2731028,5.0,-5.0,-45.0
1776885238.2831028,3.0,-9.0,-45.0
1776885238.2931027,3.0,-7.0,-46.0
1776885238.3031027,1.0,-5.0,-50.0
1776885238.3131027,-2.0,-3.0,-50.0
1776885238.3231027,-3.0,-2.0,-48.0
1776885238.3331027,0.0,-3.0,-42.0
1776885238.3431027,0.0,-1.0,-42.0
1776885238.3531027,1.0,-1.0,-37.0
1776885238.363103,3.0,-1.0,-33.0
1776885238.373103,1.0,1.0,-38.0
1776885238.383103,0.0,0.0,-34.0
1776885238.3931026,1.0,-3.0,-37.0
1776885238.4031026,0.0,-4.0,-37.0
1776885238.4131026,0.0,-7.0,-40.0
1776885238.4231029,0.0,-9.0,-40.0
1776885238.4331028,8.0,-10.0,-40.0
1776885238.4431028,4.0,-6.0,-38.0
1776885238.4531028,2.0,-5.0,-40.0
1776885238.4631028,2.0,-5.0,-45.0
1776885238.4731028,0.0,-9.0,-44.0
1776885238.4831028,1.0,-7.0,-37.0
1776885238.4931028,1.0,-8.0,-37.0
1776885238.5031028,4.0,-3.0,-30.0
1776885238.5131028,4.0,-2.0,-34.0
1776885238.5231028,2.0,0.0,-35.0
1776885238.5331028,1.0,0.0,-39.0
1776885238.5431027,0.0,-1.0,-42.0
1776885238.5531027,-2.0,-2.0,-42.0
1776885238.5631027,-6.0,2.0,-39.0
1776885238.5731027,-2.0,4.0,-34.0
1776885238.5831027,-2.0,6.0,-37.0
1776885238.5931027,-2.0,7.0,-48.0
1776885238.6031027,0.0,9.0,-47.0
1776885238.613103,-5.0,10.0,-45.0
1776885238.623103,-2.0,10.0,-51.0
1776885238.633103,3.0,10.0,-49.0
1776885238.6431026,3.0,7.0,-42.0
1776885238.6531026,6.0,2.0,-43.0
1776885238.6631026,1.0,1.0,-42.0
1776885238.6731029,-4.0,1.0,-48.0
1776885238.6831028,-1.0,3.0,-46.0
1776885238.6931028,1.0,3.0,-48.0
1776885238.7031028,2.0,6.0,-47.0
1776885238.7131028,1.0,2.0,-50.0
1776885238.7231028,-2.0,-4.0,-44.0
1776885238.7331028,0.0,-3.0,-38.0
1776885238.7431028,2.0,-6.0,-38.0
1776885238.7531028,2.0,-1.0,-41.0
1776885238.7631028,2.0,-2.0,-45.0
1776885238.7731028,4.0,-1.0,-52.0
1776885238.7831028,5.0,0.0,-53.0
1776885238.7931027,1.0,0.0,-50.0
1776885238.8031027,3.0,4.0,-44.0
1776885238.8131027,8.0,0.0,-48.0
1776885238.8231027,3.0,-3.0,-42.0
1776885238.8331027,0.0,-2.0,-40.0
1776885238.8431027,-2.0,0.0,-50.0
1776885238.8531027,-5.0,0.0,-48.0
1776885238.863103,-5.0,0.0,-48.0
1776885238.873103,-2.0,-1.0,-43.0
1776885238.883103,-3.0,-3.0,-44.0
1776885238.8931026,-3.0,-2.0,-37.0
1776885238.9031026,-1.0,0.0,-37.0
1776885238.9131026,0.0,5.0,-35.0
1776885238.9231029,0.0,5.0,-40.0
1776885238.9331028,0.0,2.0,-41.0
1776885238.9431028,3.0,0.0,-40.0
1776885238.9531028,1.0,2.0,-40.0
1776885238.9631028,1.0,6.0,-42.0
1776885238.9731028,1.0,1.0,-41.0
1776885238.9831028,-2.0,0.0,-43.0
1776885238.9931028,0.0,-1.0,-39.0
1776885239.0031028,3.0,-4.0,-38.0
1776885239.0131028,3.0,-5.0,-45.0
1776885239.0231028,3.0,-5.0,-46.0
1776885239.0331028,6.0,0.0,-44.0
1776885239.0431027,5.0,-1.0,-43.0
1776885239.0531027,4.0,0.0,-47.0
1776885239.0631027,2.0,-3.0,-44.0
1776885239.0731027,2.0,-2.0,-49.0
1776885239.0831027,0.0,-4.0,-51.0
1776885239.0931027,-1.0,-4.0,-47.0
1776885239.1031027,3.0,-3.0,-45.0
1776885239.113103,2.0,-2.0,-39.0
1776885239.123103,0.0,0.0,-41.0
1776885239.133103,1.0,0.0,-41.0
1776885239.1431026,0.0,-2.0,-41.0
1776885239.1531026,3.0,-4.0,-40.0
1776885239.1631026,1.0,-1.0,-36.0
1776885239.1731029,-2.0,-1.0,-41.0
1776885239.1831028,-2.0,-4.0,-42.0
1776885239.1931028,-2.0,2.0,-45.0
1776885239.2031028,1.0,0.0,-42.0
1776885239.2131028,1.0,0.0,-48.0
1776885239.2231028,-1.0,1.0,-47.0
1776885239.2331028,-2.0,2.0,-44.0
1776885239.2431028,-4.0,2.0,-45.0
1776885239.2531028,-8.0,0.0,-42.0
1776885239.2631028,-12.0,1.0,-40.0
1776885239.2731028,-13.0,2.0,-41.0
1776885239.284103,-2.0,3.0,-43.0
1776885239.294103,0.0,0.0,-46.0
1776885239.304103,-2.0,2.0,-46.0
1776885239.3141026,1.0,4.0,-45.0
1776885239.3241026,0.0,7.0,-54.0
1776885239.3341026,-1.0,4.0,-50.0
1776885239.3441026,0.0,0.0,-50.0
1776885239.3541028,7.0,0.0,-49.0
1776885239.3641028,5.0,-1.0,-51.0
1776885239.3741028,2.0,0.0,-54.0
1776885239.3841028,3.0,-2.0,-43.0
1776885239.3941028,5.0,-1.0,-37.0
1776885239.4041028,1.0,-1.0,-34.0
1776885239.4141028,0.0,-3.0,-43.0
1776885239.4241028,-2.0,0.0,-47.0
1776885239.4341028,2.0,2.0,-45.0
1776885239.4441028,6.0,0.0,-35.0
1776885239.4541028,9.0,0.0,-38.0
1776885239.4641027,12.0,-1.0,-39.0
1776885239.4741027,11.0,0.0,-40.0
1776885239.4841027,8.0,0.0,-48.0
1776885239.4941027,13.0,-4.0,-52.0
1776885239.5041027,9.0,0.0,-52.0
1776885239.5141027,4.0,-2.0,-42.0
1776885239.5241027,2.0,0.0,-40.0
1776885239.534103,-7.0,-2.0,-49.0
1776885239.544103,-3.0,-4.0,-46.0
1776885239.554103,-1.0,-1.0,-44.0
1776885239.5641026,-1.0,1.0,-53.0
1776885239.5741026,-3.0,0.0,-55.0
1776885239.5841026,-1.0,-1.0,-57.0
1776885239.5941026,0.0,-2.0,-60.0
1776885239.6041028,0.0,-7.0,-55.0
1776885239.6141028,0.0,-5.0,-48.0
1776885239.6241028,-1.0,-4.0,-48.0
1776885239.6341028,-4.0,-1.0,-52.0
1776885239.6441028,-3.0,-1.0,-57.0
1776885239.6541028,-1.0,-1.0,-58.0
1776885239.6641028,0.0,0.0,-55.0
1776885239.6741028,2.0,-2.0,-48.0
1776885239.6841028,2.0,0.0,-47.0
1776885239.6941028,0.0,-1.0,-55.0
1776885239.7041028,-3.0,1.0,-55.0
1776885239.7141027,-5.0,0.0,-52.0
1776885239.7241027,-4.0,2.0,-44.0
1776885239.7341027,-2.0,0.0,-47.0
1776885239.7441027,0.0,0.0,-42.0
1776885239.7541027,0.0,2.0,-45.0
1776885239.7641027,-1.0,2.0,-45.0
1776885239.7741027,-3.0,-2.0,-50.0
1776885239.784103,-2.0,-2.0,-51.0
1776885239.794103,-2.0,-5.0,-55.0
1776885239.804103,5.0,-11.0,-55.0
1776885239.8141026,6.0,-7.0,-55.0
1776885239.8241026,2.0,-4.0,-60.0
1776885239.8341026,1.0,-1.0,-60.0
1776885239.8441026,-1.0,0.0,-60.0
1776885239.8541028,0.0,0.0,-57.0
1776885239.8641028,2.0,2.0,-56.0
1776885239.8741028,1.0,-2.0,-52.0
1776885239.8841028,3.0,-7.0,-54.0
1776885239.8941028,0.0,-7.0,-56.0
1776885239.9041028,-1.0,-5.0,-56.0
1776885239.9141028,-4.0,-4.0,-56.0
1776885239.9241028,-4.0,0.0,-54.0
1776885239.9341028,-2.0,2.0,-48.0
1776885239.9441028,0.0,2.0,-41.0
1776885239.9541028,2.0,0.0,-40.0
1776885239.9641027,4.0,-2.0,-41.0
1776885239.9741027,0.0,1.0,-36.0
1776885239.9841027,2.0,2.0,-33.0
1776885239.9941027,0.0,1.0,-38.0
1776885240.0041027,-3.0,1.0,-41.0
1776885240.0141027,-2.0,0.0,-51.0
1776885240.0241027,-2.0,0.0,-51.0
1776885240.034103,-2.0,-2.0,-48.0
1776885240.044103,0.0,-6.0,-50.0
1776885240.054103,2.0,-4.0,-47.0
1776885240.0641026,5.0,-1.0,-47.0
1776885240.0741026,0.0,-3.0,-46.0
1776885240.0841026,0.0,1.0,-51.0
1776885240.0941026,0.0,4.0,-51.0
1776885240.1041028,-2.0,4.0,-57.0
1776885240.1141028,-1.0,0.0,-56.0
1776885240.1241028,1.0,-4.0,-52.0
1776885240.1341028,3.0,-2.0,-39.0
1776885240.1441028,3.0,-2.0,-38.0
1776885240.1541028,4.0,-1.0,-38.0
1776885240.1641028,0.0,4.0,-38.0
1776885240.1741028,0.0,8.0,-34.0
1776885240.1841028,5.0,5.0,-38.0
1776885240.1941028,3.0,2.0,-41.0
1776885240.2041028,3.0,2.0,-43.0
1776885240.2141027,0.0,1.0,-40.0
1776885240.2241027,-5.0,-3.0,-43.0
1776885240.2341027,-4.0,-3.0,-46.0
1776885240.2441027,-1.0,-1.0,-41.0
1776885240.2541027,-1.0,-4.0,-43.0
1776885240.2641027,-5.0,-5.0,-39.0
1776885240.2741027,-5.0,-5.0,-47.0
1776885240.284103,-3.0,0.0,-47.0
1776885240.294103,-5.0,2.0,-48.0
1776885240.304103,-8.0,0.0,-48.0
1776885240.3141026,-6.0,-2.0,-51.0
1776885240.3241026,-2.0,0.0,-50.0
1776885240.3341026,3.0,-1.0,-45.0
1776885240.3441026,2.0,-3.0,-41.0
1776885240.3541028,2.0,-2.0,-37.0
1776885240.3641028,0.0,-6.0,-42.0
1776885240.3741028,1.0,-8.0,-40.0
1776885240.3841028,4.0,-5.0,-39.0
1776885240.3941028,3.0,-2.0,-31.0
1776885240.4041028,6.0,-4.0,-32.0
1776885240.4141028,7.0,-4.0,-36.0
1776885240.4241028,6.0,-9.0,-39.0
1776885240.4341028,6.0,-7.0,-42.0
1776885240.4441028,0.0,-4.0,-42.0
1776885240.4541028,0.0,-9.0,-46.0
1776885240.4641027,3.0,-10.0,-45.0
1776885240.4741027,4.0,-11.0,-44.0
1776885240.4841027,1.0,-8.0,-40.0
1776885240.4941027,4.0,-7.0,-33.0
1776885240.5041027,3.0,-5.0,-34.0
1776885240.5141027,-1.0,-8.0,-38.0
1776885240.5241027,-3.0,-9.0,-45.0
1776885240.534103,-8.0,-9.0,-46.0
1776885240.544103,-8.0,-5.0,-44.0
1776885240.554103,0.0,-4.0,-45.0
1776885240.5641026,3.0,-7.0,-47.0
1776885240.5741026,7.0,-8.0,-50.0
1776885240.5841026,4.0,-8.0,-49.0
1776885240.5941026,6.0,-7.0,-52.0
1776885240.6051028,5.0,-3.0,-58.0
1776885240.6141028,1.0,-3.0,-60.0
1776885240.6241028,1.0,0.0,-55.0
1776885240.6341028,1.0,0.0,-52.0
1776885240.6441028,0.0,2.0,-52.0
1776885240.6541028,-2.0,2.0,-53.0
1776885240.6641028,-2.0,-1.0,-56.0
1776885240.6741028,-2.0,-7.0,-58.0
1776885240.6841028,-2.0,-8.0,-53.0
1776885240.6941028,2.0,-7.0,-51.0
1776885240.7041028,0.0,-5.0,-49.0
1776885240.7141027,0.0,-6.0,-43.0
1776885240.7241027,0.0,-5.0,-39.0
1776885240.7341027,-2.0,-5.0,-46.0
1776885240.7441027,-2.0,-1.0,-50.0
1776885240.7541027,-3.0,-3.0,-49.0
1776885240.7641027,-2.0,-6.0,-47.0
1776885240.7741027,1.0,-8.0,-47.0
1776885240.784103,6.0,-6.0,-43.0
1776885240.794103,4.0,-3.0,-43.0
1776885240.804103,5.0,0.0,-49.0
1776885240.8141026,0.0,1.0,-50.0
1776885240.8241026,2.0,-1.0,-46.0
1776885240.8341026,3.0,-3.0,-41.0
1776885240.8441026,2.0,0.0,-44.0
1776885240.8541028,3.0,0.0,-46.0
1776885240.8641028,3.0,0.0,-42.0
1776885240.8741028,4.0,0.0,-46.0
1776885240.8841028,0.0,1.0,-44.0
1776885240.8941028,-4.0,-3.0,-43.0
1776885240.9041028,2.0,0.0,-40.0
1776885240.9141028,3.0,-2.0,-37.0
1776885240.9241028,4.0,-5.0,-39.0
1776885240.9341028,3.0,-2.0,-46.0
1776885240.9441028,0.0,-4.0,-43.0
1776885240.9541028,0.0,0.0,-50.0
1776885240.9641027,0.0,3.0,-51.0
1776885240.9741027,2.0,4.0,-52.0
1776885240.9841027,1.0,0.0,-51.0
1776885240.9941027,8.0,-1.0,-47.0
1776885241.0041027,7.0,-5.0,-49.0
1776885241.0141027,1.0,-2.0,-48.0
1776885241.0241027,0.0,-6.0,-45.0
1776885241.034103,0.0,-6.0,-47.0
1776885241.044103,-2.0,-8.0,-37.0
1776885241.054103,0.0,-5.0,-37.0
1776885241.0641026,0.0,-3.0,-33.0
1776885241.0741026,0.0,-8.0,-34.0
1776885241.0841026,0.0,-5.0,-39.0
1776885241.0941026,3.0,-6.0,-33.0
1776885241.1041028,-2.0,-4.0,-31.0
1776885241.1141028,-3.0,-5.0,-31.0
1776885241.1241028,0.0,-3.0,-35.0
1776885241.1341028,3.0,-9.0,-34.0
1776885241.1441028,1.0,-7.0,-36.0
1776885241.1541028,0.0,-7.0,-41.0
1776885241.1641028,-6.0,-5.0,-44.0
1776885241.1741028,-4.0,-5.0,-45.0
1776885241.1841028,-5.0,-6.0,-52.0
1776885241.1941028,-4.0,-4.0,-54.0
1776885241.2041028,-3.0,-2.0,-52.0
1776885241.2141027,-7.0,-4.0,-54.0
1776885241.2241027,-2.0,-3.0,-53.0
1776885241.2341027,1.0,-4.0,-44.0
1776885241.2451026,-1.0,-3.0,-38.0
1776885241.2541027,-4.0,-2.0,-37.0
1776885241.2651026,-4.0,0.0,-37.0
1776885241.2741027,-5.0,-5.0,-33.0
1776885241.2851028,-6.0,-7.0,-45.0
1776885241.2951028,-2.0,-6.0,-49.0
1776885241.3051028,-1.0,-5.0,-46.0
1776885241.3151028,-3.0,-7.0,-46.0
1776885241.3251028,-1.0,-5.0,-42.0
1776885241.3351028,-3.0,-3.0,-38.0
1776885241.3451028,-2.0,0.0,-39.0
1776885241.3551028,-4.0,0.0,-35.0
1776885241.3651028,-1.0,2.0,-37.0
1776885241.3751028,0.0,3.0,-38.0
1776885241.3851027,2.0,1.0,-34.0
1776885241.3951027,3.0,0.0,-37.0
1776885241.4051027,3.0,-1.0,-42.0
1776885241.4151027,0.0,-3.0,-41.0
1776885241.4251027,1.0,-4.0,-41.0
1776885241.4351027,4.0,-3.0,-40.0
1776885241.4451027,7.0,2.0,-45.0
1776885241.4551027,11.0,2.0,-40.0
1776885241.465103,4.0,0.0,-43.0
1776885241.475103,1.0,-1.0,-46.0
1776885241.485103,2.0,0.0,-52.0
1776885241.4951026,3.0,1.0,-49.0
1776885241.5051026,4.0,-1.0,-51.0
1776885241.5151026,0.0,-1.0,-44.0
1776885241.5251029,1.0,-4.0,-37.0
1776885241.5351028,1.0,-2.0,-39.0
1776885241.5451028,4.0,-2.0,-42.0
1776885241.5551028,1.0,-2.0,-47.0
1776885241.5651028,-5.0,1.0,-47.0
1776885241.5751028,-6.0,6.0,-51.0
1776885241.5851028,-2.0,4.0,-48.0
1776885241.5951028,-4.0,2.0,-50.0
1776885241.6051028,-3.0,5.0,-47.0
1776885241.6151028,-2.0,5.0,-44.0
1776885241.6251028,-9.0,11.0,-40.0
1776885241.6351027,-5.0,8.0,-34.0
1776885241.6451027,-6.0,6.0,-37.0
1776885241.6551027,-4.0,6.0,-37.0
1776885241.6651027,-4.0,6.0,-39.0
1776885241.6751027,-2.0,7.0,-39.0
1776885241.6851027,0.0,5.0,-45.0
1776885241.6951027,1.0,7.0,-43.0
1776885241.7051027,2.0,4.0,-36.0
1776885241.715103,1.0,2.0,-38.0
1776885241.725103,0.0,-2.0,-33.0
1776885241.735103,1.0,0.0,-38.0
1776885241.7451026,4.0,2.0,-40.0
1776885241.7551026,4.0,5.0,-41.0
1776885241.7651026,0.0,2.0,-39.0
1776885241.7751029,-4.0,1.0,-35.0
1776885241.7851028,-6.0,2.0,-35.0
1776885241.7951028,-4.0,-2.0,-31.0
1776885241.8051028,-6.0,-4.0,-32.0
1776885241.8151028,-6.0,-5.0,-36.0
1776885241.8251028,-7.0,-3.0,-40.0
1776885241.8351028,-4.0,-2.0,-35.0
1776885241.8451028,-5.0,-7.0,-34.0
1776885241.8551028,-1.0,-8.0,-35.0
1776885241.8651028,2.0,-7.0,-36.0
1776885241.8751028,6.0,-5.0,-33.0
1776885241.8851027,7.0,-4.0,-32.0
1776885241.8951027,3.0,-1.0,-37.0
1776885241.9051027,3.0,0.0,-42.0
1776885241.9151027,4.0,-4.0,-44.0
1776885241.9251027,9.0,-5.0,-44.0
1776885241.9351027,10.0,-4.0,-47.0
1776885241.9451027,5.0,-7.0,-45.0
1776885241.9551027,3.0,-4.0,-44.0
1776885241.965103,-2.0,-4.0,-50.0
1776885241.975103,-2.0,-2.0,-52.0
1776885241.985103,1.0,-3.0,-52.0
1776885241.9951026,1.0,-4.0,-55.0
1776885242.0051026,2.0,-7.0,-55.0
1776885242.0151026,-1.0,-4.0,-54.0
1776885242.0251029,-3.0,-3.0,-58.0
1776885242.0351028,-2.0,-4.0,-53.0
1776885242.0451028,0.0,-5.0,-44.0
1776885242.0551028,0.0,-6.0,-42.0
1776885242.0651028,1.0,0.0,-43.0
1776885242.0751028,0.0,-3.0,-47.0
1776885242.0851028,0.0,-4.0,-40.0
1776885242.0951028,9.0,-8.0,-41.0
1776885242.1051028,12.0,-10.0,-44.0
1776885242.1151028,6.0,-7.0,-44.0
1776885242.1251028,9.0,-8.0,-45.0
1776885242.1351027,5.0,-7.0,-47.0
1776885242.1451027,4.0,-7.0,-50.0
1776885242.1551027,2.0,-3.0,-46.0
1776885242.1651027,5.0,-8.0,-43.0
1776885242.1751027,3.0,-10.0,-40.0
1776885242.1851027,0.0,-7.0,-31.0
1776885242.1951027,0.0,-8.0,-34.0
1776885242.2051027,-2.0,-8.0,-40.0
1776885242.215103,-4.0,-8.0,-40.0
1776885242.225103,-3.0,-6.0,-39.0
1776885242.235103,0.0,-2.0,-42.0
1776885242.2451026,2.0,-5.0,-46.0
1776885242.2551026,-1.0,-4.0,-52.0
1776885242.2651026,-3.0,0.0,-50.0
1776885242.2751029,0.0,5.0,-42.0
1776885242.2851028,-4.0,3.0,-49.0
1776885242.2951028,-5.0,1.0,-50.0
1776885242.3051028,0.0,0.0,-56.0
1776885242.3151028,0.0,-4.0,-56.0
1776885242.3251028,0.0,-3.0,-50.0
1776885242.3351028,0.0,1.0,-48.0
1776885242.3451028,2.0,0.0,-49.0
1776885242.3551028,5.0,-3.0,-52.0
1776885242.3651028,6.0,-2.0,-52.0
1776885242.3751028,7.0,-3.0,-50.0
1776885242.3851027,9.0,-2.0,-55.0
1776885242.3951027,6.0,-4.0,-51.0
1776885242.4051027,4.0,-6.0,-45.0
1776885242.4151027,5.0,-3.0,-46.0
1776885242.4251027,7.0,0.0,-47.0
1776885242.4351027,7.0,0.0,-38.0
1776885242.4451027,5.0,1.0,-39.0
1776885242.4551027,2.0,0.0,-42.0
1776885242.465103,4.0,2.0,-46.0
1776885242.475103,7.0,0.0,-43.0
1776885242.485103,13.0,0.0,-46.0
1776885242.4951026,13.0,0.0,-52.0
1776885242.5051026,8.0,-2.0,-49.0
1776885242.5151026,3.0,-2.0,-45.0
1776885242.5251029,5.0,-6.0,-40.0
1776885242.5351028,4.0,-8.0,-39.0
1776885242.5451028,2.0,-8.0,-43.0
1776885242.5551028,4.0,-9.0,-42.0
1776885242.5651028,2.0,-1.0,-50.0
1776885242.5751028,-1.0,-1.0,-53.0
1776885242.5851028,-5.0,0.0,-55.0
1776885242.5951028,-1.0,0.0,-50.0
1776885242.6051028,4.0,-1.0,-47.0
1776885242.6151028,6.0,-1.0,-46.0
1776885242.6251028,5.0,0.0,-51.0
1776885242.6351027,5.0,-4.0,-57.0
1776885242.6451027,6.0,-5.0,-58.0
1776885242.6551027,3.0,0.0,-56.0
1776885242.6651027,1.0,2.0,-53.0
1776885242.6751027,0.0,8.0,-57.0
1776885242.6851027,0.0,4.0,-47.0
1776885242.6951027,0.0,2.0,-46.0
1776885242.7051027,0.0,2.0,-50.0
1776885242.715103,-1.0,2.0,-53.0
1776885242.725103,6.0,4.0,-53.0
1776885242.735103,10.0,0.0,-46.0
1776885242.7451026,8.0,-2.0,-45.0
1776885242.7551026,8.0,-1.0,-39.0
1776885242.7651026,3.0,3.0,-39.0
1776885242.7751029,2.0,0.0,-38.0
1776885242.7851028,-2.0,-4.0,-41.0
1776885242.7951028,-3.0,-7.0,-44.0
1776885242.8051028,-3.0,-5.0,-52.0
1776885242.8151028,-1.0,-3.0,-45.0
1776885242.8251028,-5.0,-1.0,-42.0
1776885242.8351028,-7.0,-4.0,-40.0
1776885242.8451028,-5.0,-3.0,-41.0
1776885242.8551028,-2.0,-6.0,-41.0
1776885242.8651028,0.0,-7.0,-43.0
1776885242.8751028,4.0,-5.0,-39.0
1776885242.8851027,6.0,-5.0,-46.0
1776885242.8951027,-2.0,-2.0,-48.0
1776885242.9051027,-5.0,-1.0,-56.0
1776885242.9151027,-8.0,-1.0,-48.0
1776885242.9251027,-10.0,-1.0,-46.0
1776885242.9351027,-1.0,1.0,-40.0
1776885242.9451027,0.0,0.0,-39.0
1776885242.9551027,-1.0,0.0,-39.0
1776885242.965103,0.0,-2.0,-41.0
1776885242.975103,-1.0,-3.0,-44.0
1776885242.985103,-2.0,-3.0,-45.0
1776885242.9951026,0.0,-5.0,-45.0
1776885243.0051026,-1.0,-9.0,-40.0
1776885243.0151026,2.0,-5.0,-39.0
1776885243.0251029,-2.0,-6.0,-39.0
1776885243.0351028,-2.0,-9.0,-37.0
1776885243.0451028,0.0,-14.0,-40.0
1776885243.0551028,3.0,-11.0,-37.0
1776885243.0651028,4.0,-7.0,-39.0
1776885243.0751028,9.0,-4.0,-37.0
1776885243.0851028,12.0,-4.0,-37.0
1776885243.0951028,13.0,-8.0,-37.0
1776885243.1051028,7.0,-9.0,-34.0
1776885243.1151028,5.0,-4.0,-29.0
1776885243.1251028,6.0,-3.0,-27.0
1776885243.1351027,7.0,-3.0,-33.0
1776885243.1451027,2.0,-5.0,-37.0
1776885243.1551027,1.0,-5.0,-41.0
1776885243.1651027,0.0,-8.0,-42.0
1776885243.1751027,0.0,-12.0,-45.0
1776885243.1851027,3.0,-11.0,-42.0
1776885243.1951027,6.0,-8.0,-44.0
1776885243.2051027,5.0,-7.0,-44.0
1776885243.215103,8.0,-6.0,-46.0
1776885243.225103,7.0,-5.0,-47.0
1776885243.2361028,10.0,-5.0,-43.0
1776885243.2461028,5.0,-2.0,-38.0
1776885243.2561028,0.0,-3.0,-35.0
1776885243.2661028,0.0,-4.0,-36.0
1776885243.2761028,7.0,-5.0,-27.0
1776885243.2861028,5.0,-6.0,-21.0
1776885243.2961028,3.0,-8.0,-26.0
1776885243.3061028,2.0,-3.0,-28.0
1776885243.3161027,2.0,-3.0,-24.0
1776885243.3261027,1.0,-3.0,-34.0
1776885243.3361027,-3.0,-5.0,-39.0
1776885243.3461027,-7.0,-4.0,-37.0
1776885243.3561027,-7.0,-5.0,-41.0
1776885243.3661027,-11.0,-4.0,-44.0
1776885243.3761027,-10.0,-5.0,-48.0
1776885243.386103,-3.0,-5.0,-52.0
1776885243.396103,0.0,-3.0,-50.0
1776885243.406103,0.0,-2.0,-46.0
1776885243.4161026,0.0,-2.0,-48.0
1776885243.4261026,-3.0,-3.0,-49.0
1776885243.4361026,-2.0,-5.0,-46.0
1776885243.4461029,-3.0,-5.0,-46.0
1776885243.4561028,-2.0,-8.0,-47.0
1776885243.4661028,1.0,-3.0,-47.0
1776885243.4761028,-1.0,-3.0,-40.0
1776885243.4861028,0.0,-3.0,-37.0
1776885243.4961028,0.0,-4.0,-39.0
1776885243.5061028,2.0,-6.0,-40.0
1776885243.5161028,6.0,-8.0,-35.0
1776885243.5261028,7.0,-9.0,-41.0
1776885243.5361028,4.0,-7.0,-47.0
1776885243.5461028,1.0,-4.0,-44.0
1776885243.5561028,0.0,0.0,-42.0
1776885243.5661027,2.0,-2.0,-42.0
1776885243.5761027,0.0,2.0,-36.0
1776885243.5861027,0.0,0.0,-40.0
1776885243.5961027,3.0,0.0,-40.0
1776885243.6061027,0.0,0.0,-45.0
1776885243.6161027,-1.0,-3.0,-45.0
1776885243.6261027,0.0,1.0,-44.0
1776885243.636103,2.0,2.0,-44.0
1776885243.646103,2.0,2.0,-41.0
1776885243.656103,2.0,0.0,-37.0
1776885243.6661026,1.0,0.0,-37.0
1776885243.6761026,2.0,0.0,-42.0
1776885243.6861026,2.0,-3.0,-48.0
1776885243.6961029,10.0,-1.0,-45.0
1776885243.7061028,5.0,-3.0,-39.0
1776885243.7161028,-1.0,-5.0,-42.0
1776885243.7261028,-2.0,-3.0,-35.0
1776885243.7361028,-3.0,-1.0,-34.0
1776885243.7461028,-6.0,1.0,-32.0
1776885243.7561028,-3.0,2.0,-37.0
1776885243.7661028,-1.0,3.0,-41.0
1776885243.7761028,0.0,2.0,-45.0
1776885243.7861028,-3.0,0.0,-43.0
1776885243.7961028,-4.0,-2.0,-45.0
1776885243.8061028,-7.0,-5.0,-46.0
1776885243.8161027,-5.0,-5.0,-47.0
1776885243.8261027,-8.0,-3.0,-47.0
1776885243.8361027,-8.0,-6.0,-48.0
1776885243.8461027,-8.0,-5.0,-50.0
1776885243.8561027,-6.0,-5.0,-48.0
1776885243.8661027,-6.0,-4.0,-45.0
1776885243.8761027,-4.0,-5.0,-48.0
1776885243.886103,-4.0,-5.0,-48.0
1776885243.896103,0.0,-9.0,-40.0
1776885243.906103,-2.0,-9.0,-38.0
1776885243.9161026,-2.0,-9.0,-37.0
1776885243.9261026,0.0,-15.0,-43.0
1776885243.9361026,0.0,-15.0,-44.0
1776885243.9461029,-5.0,-13.0,-40.0
1776885243.9561028,-2.0,-10.0,-40.0
1776885243.9661028,0.0,-2.0,-40.0
1776885243.9761028,1.0,4.0,-46.0
1776885243.9861028,-2.0,0.0,-46.0
1776885243.9961028,0.0,-2.0,-43.0
1776885244.0061028,-2.0,-1.0,-49.0
1776885244.0161028,-2.0,-3.0,-51.0
1776885244.0261028,-4.0,-2.0,-49.0
1776885244.0361028,-2.0,0.0,-49.0
1776885244.0461028,-3.0,3.0,-50.0
1776885244.0561028,0.0,-3.0,-49.0
1776885244.0661027,3.0,-7.0,-51.0
1776885244.0761027,10.0,-6.0,-49.0
1776885244.0861027,9.0,-5.0,-41.0
1776885244.0961027,8.0,-2.0,-42.0
1776885244.1061027,8.0,-5.0,-43.0
1776885244.1161027,2.0,-5.0,-42.0
1776885244.1261027,4.0,-7.0,-37.0
1776885244.136103,2.0,-8.0,-46.0
1776885244.146103,5.0,-8.0,-41.0
1776885244.156103,4.0,-4.0,-44.0
1776885244.1661026,-1.0,-3.0,-41.0
1776885244.1761026,-1.0,-8.0,-41.0
1776885244.1861026,0.0,-7.0,-45.0
1776885244.1961029,1.0,-7.0,-41.0
1776885244.2061028,5.0,-6.0,-38.0
1776885244.2161028,6.0,-2.0,-41.0
1776885244.2261028,0.0,2.0,-37.0
1776885244.2361028,-4.0,1.0,-33.0
1776885244.2461028,-3.0,-1.0,-36.0
1776885244.2561028,0.0,-4.0,-33.0
1776885244.2661028,2.0,-4.0,-45.0
1776885244.2761028,3.0,-5.0,-47.0
1776885244.2861028,6.0,-7.0,-41.0
1776885244.2961028,6.0,-5.0,-43.0
1776885244.3061028,6.0,-5.0,-38.0
1776885244.3161027,11.0,-2.0,-37.0
1776885244.3261027,8.0,-4.0,-42.0
1776885244.3361027,7.0,-2.0,-40.0
1776885244.3461027,1.0,-2.0,-46.0
1776885244.3561027,3.0,-4.0,-47.0
1776885244.3661027,0.0,-1.0,-41.0
1776885244.3761027,0.0,0.0,-40.0
1776885244.386103,-2.0,-5.0,-38.0
1776885244.396103,-1.0,-7.0,-33.0
1776885244.406103,0.0,-2.0,-35.0
1776885244.4161026,1.0,-5.0,-32.0
1776885244.4261026,0.0,-3.0,-30.0
1776885244.4361026,2.0,-2.0,-29.0
1776885244.4461029,3.0,0.0,-35.0
1776885244.4561028,6.0,-3.0,-38.0
1776885244.4661028,7.0,-1.0,-41.0
1776885244.4761028,5.0,-4.0,-45.0
1776885244.4861028,9.0,-3.0,-46.0
1776885244.4961028,11.0,-3.0,-47.0
1776885244.5061028,7.0,-3.0,-50.0
1776885244.5161028,0.0,-4.0,-47.0
1776885244.5261028,-3.0,-3.0,-42.0
1776885244.5361028,-4.0,-6.0,-41.0
1776885244.5461028,-4.0,-6.0,-44.0
1776885244.5561028,-1.0,-4.0,-48.0
1776885244.5661027,0.0,0.0,-42.0
1776885244.5761027,5.0,0.0,-43.0
1776885244.5861027,2.0,0.0,-45.0
1776885244.5961027,3.0,0.0,-47.0
1776885244.6061027,2.0,-1.0,-46.0
1776885244.6161027,0.0,-3.0,-47.0
1776885244.6261027,3.0,2.0,-46.0
1776885244.636103,2.0,2.0,-37.0
1776885244.646103,1.0,2.0,-36.0
1776885244.656103,0.0,-2.0,-45.0
1776885244.6661026,1.0,-2.0,-48.0
1776885244.6761026,3.0,-2.0,-43.0
1776885244.6861026,0.0,-2.0,-51.0
1776885244.6961029,2.0,-1.0,-49.0
1776885244.7061028,0.0,0.0,-48.0
1776885244.7161028,0.0,-2.0,-51.0
1776885244.7261028,0.0,-5.0,-53.0
1776885244.7361028,-2.0,-4.0,-50.0
1776885244.7461028,-4.0,-2.0,-47.0
1776885244.7561028,-5.0,-6.0,-48.0
1776885244.7661028,-1.0,-4.0,-44.0
1776885244.7761028,-5.0,-3.0,-44.0
1776885244.7861028,-5.0,-2.0,-44.0
1776885244.7961028,-1.0,0.0,-50.0
1776885244.8061028,0.0,0.0,-49.0
1776885244.8161027,0.0,0.0,-49.0
1776885244.8261027,0.0,2.0,-53.0
1776885244.8361027,5.0,3.0,-49.0
1776885244.8461027,2.0,5.0,-55.0
1776885244.8561027,2.0,6.0,-53.0
1776885244.8661027,1.0,1.0,-46.0
1776885244.8761027,0.0,-1.0,-41.0
1776885244.886103,-2.0,0.0,-41.0
1776885244.896103,-5.0,-1.0,-44.0
1776885244.906103,-7.0,-1.0,-48.0
1776885244.9161026,-5.0,-1.0,-53.0
1776885244.9261026,-6.0,1.0,-52.0
1776885244.9361026,-3.0,3.0,-51.0
1776885244.9461029,0.0,4.0,-52.0
1776885244.9561028,0.0,-2.0,-45.0
1776885244.9661028,-1.0,0.0,-45.0
1776885244.9761028,0.0,-3.0,-46.0
1776885244.9861028,1.0,-4.0,-48.0
1776885244.9961028,3.0,-5.0,-52.0
1776885245.0061028,6.0,0.0,-50.0
1776885245.0161028,3.0,0.0,-49.0
1776885245.0261028,0.0,0.0,-48.0
1776885245.0361028,1.0,-3.0,-46.0
1776885245.0461028,-3.0,-3.0,-47.0
1776885245.0561028,-4.0,0.0,-48.0
1776885245.0661027,-3.0,1.0,-48.0
1776885245.0761027,-4.0,0.0,-49.0
1776885245.0861027,0.0,-2.0,-48.0
1776885245.0961027,0.0,0.0,-49.0
1776885245.1061027,1.0,2.0,-40.0
1776885245.1161027,-3.0,2.0,-34.0
1776885245.1261027,-3.0,0.0,-39.0
1776885245.136103,1.0,0.0,-44.0
1776885245.146103,5.0,-2.0,-47.0
1776885245.156103,7.0,-2.0,-42.0
1776885245.1661026,5.0,-1.0,-46.0
1776885245.1761026,4.0,0.0,-46.0
1776885245.1861026,6.0,-2.0,-49.0
1776885245.1971028,6.0,-5.0,-54.0
1776885245.2061028,6.0,-6.0,-52.0
1776885245.2171028,8.0,-8.0,-42.0
1776885245.2271028,2.0,-7.0,-41.0
1776885245.2371027,-1.0,-7.0,-42.0
1776885245.2471027,-1.0,-4.0,-44.0
1776885245.2571027,3.0,0.0,-37.0
1776885245.2671027,5.0,-1.0,-39.0
1776885245.2771027,1.0,-1.0,-37.0
1776885245.2871027,2.0,0.0,-41.0
1776885245.2971027,4.0,-1.0,-40.0
1776885245.307103,6.0,0.0,-44.0
1776885245.317103,8.0,0.0,-50.0
1776885245.327103,8.0,-1.0,-52.0
1776885245.337103,6.0,0.0,-49.0
1776885245.3471026,3.0,-2.0,-43.0
1776885245.3571026,7.0,-5.0,-44.0
1776885245.3671026,5.0,-2.0,-40.0
1776885245.3771029,9.0,-2.0,-41.0
1776885245.3871028,7.0,-5.0,-46.0
1776885245.3971028,4.0,-5.0,-47.0
1776885245.4071028,6.0,-3.0,-48.0
1776885245.4181027,0.0,-5.0,-51.0
1776885245.4271028,-2.0,-7.0,-49.0
1776885245.4371028,-3.0,-4.0,-43.0
1776885245.4471028,3.0,1.0,-39.0
1776885245.4571028,2.0,0.0,-45.0
1776885245.4671028,0.0,-1.0,-46.0
1776885245.4771028,0.0,0.0,-46.0
1776885245.4871027,-2.0,-3.0,-44.0
1776885245.4971027,-4.0,-2.0,-42.0
1776885245.5071027,-8.0,-2.0,-41.0
1776885245.5171027,-9.0,-3.0,-46.0
1776885245.5271027,0.0,-1.0,-43.0
1776885245.5371027,3.0,-2.0,-40.0
1776885245.5471027,4.0,-6.0,-41.0
1776885245.557103,6.0,-7.0,-44.0
1776885245.567103,8.0,-2.0,-45.0
1776885245.577103,9.0,1.0,-43.0
1776885245.587103,9.0,-2.0,-42.0
1776885245.5971026,4.0,-4.0,-48.0
1776885245.6071026,1.0,-8.0,-50.0
1776885245.6171026,-3.0,-10.0,-57.0
1776885245.6271029,-5.0,-10.0,-48.0
1776885245.6371028,-4.0,-7.0,-43.0
1776885245.6471028,-6.0,-5.0,-39.0
1776885245.6571028,-2.0,-8.0,-36.0
1776885245.6671028,-1.0,-8.0,-37.0
1776885245.6771028,2.0,-9.0,-37.0
1776885245.6871028,3.0,-10.0,-45.0
1776885245.6971028,6.0,-10.0,-41.0
1776885245.7071028,4.0,-9.0,-45.0
1776885245.7171028,3.0,-8.0,-45.0
1776885245.7271028,0.0,-8.0,-52.0
1776885245.7371027,0.0,-8.0,-54.0
1776885245.7471027,4.0,-9.0,-47.0
1776885245.7571027,3.0,-9.0,-41.0
1776885245.7671027,1.0,-12.0,-42.0
1776885245.7771027,2.0,-13.0,-39.0
1776885245.7871027,-2.0,-11.0,-44.0
1776885245.7971027,-2.0,-12.0,-40.0
1776885245.807103,-2.0,-10.0,-38.0
1776885245.817103,-1.0,-6.0,-40.0
1776885245.827103,-1.0,-6.0,-44.0
1776885245.837103,0.0,-4.0,-43.0
1776885245.8471026,2.0,-2.0,-44.0
1776885245.8571026,3.0,-2.0,-41.0
1776885245.8671026,5.0,-4.0,-43.0
1776885245.8771029,7.0,-2.0,-46.0
1776885245.8871028,6.0,0.0,-50.0
1776885245.8971028,6.0,-4.0,-49.0
1776885245.9071028,1.0,-5.0,-51.0
1776885245.9171028,4.0,-7.0,-51.0
1776885245.9271028,5.0,-3.0,-43.0
1776885245.9371028,5.0,-1.0,-41.0
1776885245.9471028,6.0,0.0,-39.0
1776885245.9571028,9.0,0.0,-43.0
1776885245.9671028,9.0,3.0,-44.0
1776885245.9771028,6.0,1.0,-49.0
1776885245.9871027,6.0,-1.0,-52.0
1776885245.9971027,5.0,1.0,-54.0
1776885246.0071027,4.0,4.0,-53.0
1776885246.0171027,4.0,6.0,-49.0
1776885246.0271027,0.0,7.0,-48.0
1776885246.0371027,0.0,4.0,-50.0
1776885246.0471027,1.0,1.0,-53.0
1776885246.057103,2.0,-3.0,-55.0
1776885246.067103,-1.0,-6.0,-58.0
1776885246.077103,2.0,-2.0,-52.0
1776885246.087103,6.0,-4.0,-52.0
1776885246.0971026,9.0,0.0,-57.0
1776885246.1071026,9.0,0.0,-60.0
1776885246.1171026,11.0,1.0,-59.0
1776885246.1271029,11.0,0.0,-59.0
1776885246.1371028,12.0,-2.0,-54.0
1776885246.1471028,8.0,0.0,-52.0
1776885246.1571028,5.0,-1.0,-46.0
1776885246.1671028,0.0,0.0,-44.0
1776885246.1771028,5.0,-1.0,-46.0
1776885246.1871028,6.0,-4.0,-47.0
1776885246.1971028,4.0,-3.0,-42.0
1776885246.2071028,1.0,-4.0,-44.0
1776885246.2171028,0.0,0.0,-40.0
1776885246.2271028,1.0,-1.0,-37.0
1776885246.2371027,1.0,0.0,-39.0
1776885246.2471027,2.0,-1.0,-40.0
1776885246.2571027,-1.0,-1.0,-31.0
1776885246.2671027,0.0,1.0,-36.0
1776885246.2771027,4.0,4.0,-36.0
1776885246.2871027,2.0,3.0,-35.0
1776885246.2971027,-1.0,0.0,-36.0
1776885246.307103,2.0,1.0,-35.0
1776885246.317103,0.0,0.0,-39.0
1776885246.327103,-5.0,-4.0,-37.0
1776885246.337103,-4.0,-4.0,-42.0
1776885246.3471026,-1.0,-8.0,-48.0
1776885246.3571026,0.0,-10.0,-55.0
1776885246.3671026,-2.0,-5.0,-56.0
1776885246.3771029,1.0,-2.0,-58.0
1776885246.3871028,-1.0,-1.0,-53.0
1776885246.3971028,-2.0,-1.0,-48.0
1776885246.4071028,-6.0,-3.0,-48.0
1776885246.4171028,-8.0,-3.0,-46.0
1776885246.4271028,-5.0,-9.0,-44.0
1776885246.4371028,-6.0,-7.0,-37.0
1776885246.4471028,-5.0,-6.0,-40.0
1776885246.4571028,-7.0,-3.0,-43.0
1776885246.4671028,-6.0,-3.0,-40.0
1776885246.4771028,-9.0,-2.0,-39.0
1776885246.4871027,-7.0,-2.0,-35.0
1776885246.4971027,-5.0,-2.0,-45.0
1776885246.5071027,-3.0,-4.0,-47.0
1776885246.5171027,-1.0,-1.0,-44.0
1776885246.5271027,0.0,0.0,-40.0
1776885246.5371027,1.0,0.0,-43.0
1776885246.5471027,-2.0,-1.0,-42.0
1776885246.557103,-6.0,-4.0,-48.0
1776885246.567103,-5.0,-5.0,-49.0
1776885246.577103,0.0,-6.0,-50.0
1776885246.587103,1.0,-3.0,-48.0
1776885246.5971026,2.0,0.0,-49.0
1776885246.6071026,1.0,-1.0,-48.0
1776885246.6171026,0.0,0.0,-48.0
1776885246.6271029,4.0,-6.0,-53.0
1776885246.6371028,5.0,-5.0,-58.0
1776885246.6471028,6.0,-9.0,-50.0
1776885246.6571028,4.0,-5.0,-47.0
1776885246.6671028,2.0,-9.0,-46.0
1776885246.6771028,-1.0,-10.0,-47.0
1776885246.6871028,-1.0,-13.0,-43.0
1776885246.6971028,-2.0,-11.0,-46.0
1776885246.7071028,0.0,-13.0,-44.0
1776885246.7171028,-2.0,-14.0,-46.0
1776885246.7271028,0.0,-9.0,-41.0
1776885246.7371027,1.0,-6.0,-45.0
1776885246.7471027,2.0,-3.0,-53.0
1776885246.7571027,5.0,-3.0,-51.0
1776885246.7671027,8.0,-6.0,-50.0
1776885246.7771027,10.0,-7.0,-53.0
1776885246.7871027,7.0,-6.0,-53.0
1776885246.7971027,0.0,-8.0,-46.0
1776885246.807103,2.0,-8.0,-40.0
1776885246.817103,0.0,-5.0,-38.0
1776885246.827103,-2.0,0.0,-37.0
1776885246.837103,-1.0,-1.0,-36.0
1776885246.8471026,1.0,0.0,-39.0
1776885246.8571026,4.0,-4.0,-43.0
1776885246.8671026,7.0,-3.0,-43.0
1776885246.8771029,4.0,-3.0,-43.0
1776885246.8871028,1.0,-5.0,-45.0
1776885246.8971028,0.0,-5.0,-38.0
1776885246.9071028,2.0,-5.0,-41.0
1776885246.9171028,4.0,-1.0,-44.0
1776885246.9271028,6.0,0.0,-42.0
1776885246.9371028,2.0,-1.0,-40.0
1776885246.9471028,0.0,-5.0,-41.0
1776885246.9571028,0.0,-6.0,-42.0
1776885246.9671028,4.0,-9.0,-42.0
1776885246.9771028,-1.0,-10.0,-47.0
1776885246.9871027,-3.0,-7.0,-50.0
1776885246.9971027,-6.0,-6.0,-50.0
1776885247.0071027,-5.0,-7.0,-46.0
1776885247.0171027,-6.0,-10.0,-47.0
1776885247.0271027,-1.0,-10.0,-47.0
1776885247.0371027,-3.0,-10.0,-53.0
1776885247.0471027,-5.0,-7.0,-48.0
1776885247.057103,-5.0,-2.0,-48.0
1776885247.067103,1.0,-2.0,-48.0
1776885247.077103,3.0,0.0,-45.0
1776885247.087103,7.0,0.0,-49.0
1776885247.0971026,6.0,2.0,-51.0
1776885247.1071026,1.0,0.0,-51.0
1776885247.1171026,0.0,2.0,-54.0
1776885247.1271029,3.0,1.0,-52.0
1776885247.1371028,8.0,0.0,-56.0
1776885247.1471028,7.0,-5.0,-56.0
1776885247.1571028,6.0,-3.0,-60.0
1776885247.1671028,4.0,-2.0,-59.0
1776885247.1771028,5.0,-5.0,-52.0
1776885247.1881027,4.0,-1.0,-53.0
1776885247.1971028,8.0,-4.0,-51.0
1776885247.2081027,3.0,-6.0,-57.0
1776885247.2181027,0.0,-2.0,-58.0
1776885247.2281027,0.0,-2.0,-54.0
1776885247.238103,0.0,-5.0,-53.0
1776885247.2471027,0.0,-5.0,-52.0
1776885247.258103,0.0,-5.0,-52.0
1776885247.2681026,-5.0,-6.0,-53.0
1776885247.2781026,-2.0,-2.0,-51.0
1776885247.2881026,4.0,0.0,-49.0
1776885247.2981029,6.0,5.0,-45.0
1776885247.3081028,8.0,5.0,-40.0
1776885247.3181028,5.0,5.0,-45.0
1776885247.3281028,4.0,2.0,-50.0
1776885247.3381028,1.0,-1.0,-55.0
1776885247.3481028,-1.0,0.0,-59.0
1776885247.3581028,-3.0,0.0,-65.0
1776885247.3681028,-5.0,1.0,-64.0
1776885247.3781028,-2.0,0.0,-65.0
1776885247.3881028,0.0,2.0,-64.0
1776885247.3981028,3.0,0.0,-54.0
1776885247.4081028,3.0,2.0,-51.0
1776885247.4181027,0.0,2.0,-44.0
1776885247.4281027,0.0,2.0,-42.0
1776885247.4381027,-3.0,4.0,-44.0
1776885247.4481027,0.0,4.0,-49.0
1776885247.4581027,2.0,4.0,-45.0
1776885247.4681027,3.0,0.0,-47.0
1776885247.4781027,4.0,-1.0,-45.0
1776885247.488103,3.0,-2.0,-47.0
1776885247.498103,1.0,-2.0,-46.0
1776885247.508103,0.0,0.0,-45.0
1776885247.5181026,0.0,-1.0,-46.0
1776885247.5281026,-3.0,0.0,-43.0
1776885247.5381026,-4.0,0.0,-44.0
1776885247.5481029,-10.0,0.0,-42.0
1776885247.5581028,-6.0,2.0,-41.0
1776885247.5681028,-7.0,0.0,-41.0
1776885247.5781028,-1.0,-2.0,-44.0
1776885247.5881028,4.0,-6.0,-46.0
1776885247.5981028,0.0,-4.0,-54.0
1776885247.6081028,-4.0,-1.0,-62.0
1776885247.6181028,-5.0,1.0,-60.0
1776885247.6281028,-3.0,0.0,-67.0
1776885247.6381028,-3.0,-3.0,-65.0
1776885247.6481028,-1.0,0.0,-61.0
1776885247.6581028,0.0,0.0,-65.0
1776885247.6681027,3.0,-3.0,-64.0
1776885247.6781027,2.0,-5.0,-56.0
1776885247.6881027,6.0,-3.0,-52.0
1776885247.6981027,-1.0,-1.0,-53.0
1776885247.7081027,-5.0,0.0,-55.0
1776885247.7181027,-4.0,-1.0,-53.0
1776885247.7281027,-6.0,-1.0,-50.0
1776885247.738103,-8.0,-1.0,-47.0
1776885247.748103,-8.0,0.0,-47.0
1776885247.758103,-4.0,0.0,-47.0
1776885247.7681026,2.0,0.0,-45.0
1776885247.7781026,1.0,3.0,-48.0
1776885247.7881026,4.0,4.0,-47.0
1776885247.7981029,6.0,-2.0,-47.0
1776885247.8081028,-1.0,0.0,-40.0
1776885247.8181028,-2.0,-1.0,-36.0
1776885247.8281028,1.0,-1.0,-37.0
1776885247.8381028,0.0,-2.0,-36.0
1776885247.8481028,1.0,1.0,-33.0
1776885247.8581028,5.0,4.0,-40.0
1776885247.8681028,5.0,4.0,-45.0
1776885247.8781028,6.0,5.0,-48.0
1776885247.8881028,6.0,3.0,-41.0
1776885247.8981028,1.0,9.0,-48.0
1776885247.9081028,-3.0,9.0,-54.0
1776885247.9181027,0.0,9.0,-49.0
1776885247.9281027,1.0,7.0,-50.0
1776885247.9381027,0.0,4.0,-51.0
1776885247.9481027,0.0,0.0,-49.0
1776885247.9581027,-3.0,-3.0,-46.0
1776885247.9681027,0.0,0.0,-45.0
1776885247.9781027,3.0,0.0,-46.0
1776885247.988103,4.0,0.0,-42.0
1776885247.998103,2.0,-3.0,-42.0
1776885248.008103,-3.0,-7.0,-43.0
1776885248.0181026,0.0,-6.0,-44.0
1776885248.0281026,0.0,-7.0,-40.0
1776885248.0381026,-2.0,-4.0,-42.0
1776885248.0481029,-6.0,-1.0,-44.0
1776885248.0581028,-12.0,0.0,-41.0
1776885248.0681028,-7.0,-2.0,-43.0
1776885248.0781028,-1.0,-5.0,-45.0
1776885248.0881028,-4.0,-7.0,-46.0
1776885248.0981028,-1.0,-9.0,-46.0
1776885248.1081028,4.0,-12.0,-48.0
1776885248.1181028,6.0,-13.0,-48.0
1776885248.1281028,7.0,-6.0,-46.0
1776885248.1381028,3.0,-7.0,-46.0
1776885248.1481028,2.0,-4.0,-47.0
1776885248.1581028,2.0,-4.0,-47.0
1776885248.1681027,0.0,-4.0,-48.0
1776885248.1781027,2.0,-2.0,-46.0
1776885248.1881027,2.0,-2.0,-47.0
1776885248.1981027,3.0,-2.0,-45.0
1776885248.2081027,1.0,0.0,-41.0
1776885248.2181027,0.0,-3.0,-44.0
1776885248.2281027,0.0,-1.0,-46.0
1776885248.238103,2.0,-3.0,-42.0
1776885248.248103,2.0,-2.0,-49.0
1776885248.258103,1.0,-2.0,-54.0
1776885248.2681026,-2.0,-5.0,-55.0
1776885248.2781026,1.0,-10.0,-55.0
1776885248.2881026,3.0,-6.0,-54.0
1776885248.2981029,4.0,-5.0,-45.0
1776885248.3081028,5.0,-2.0,-44.0
1776885248.3181028,5.0,-1.0,-41.0
1776885248.3281028,2.0,-2.0,-40.0
1776885248.3381028,0.0,-3.0,-40.0
1776885248.3481028,-2.0,-2.0,-45.0
1776885248.3581028,0.0,-1.0,-46.0
1776885248.3681028,1.0,0.0,-35.0
1776885248.3781028,0.0,2.0,-36.0
1776885248.3881028,-1.0,2.0,-40.0
1776885248.3981028,-2.0,-1.0,-43.0
1776885248.4081028,0.0,-2.0,-47.0
1776885248.4181027,5.0,-5.0,-50.0
1776885248.4281027,5.0,-4.0,-49.0
1776885248.4381027,-3.0,-3.0,-49.0
1776885248.4481027,0.0,-4.0,-46.0
1776885248.4581027,-2.0,-2.0,-43.0
1776885248.4681027,-1.0,-5.0,-45.0
1776885248.4781027,-5.0,-9.0,-46.0
1776885248.488103,-2.0,-11.0,-50.0
1776885248.498103,-3.0,-9.0,-44.0
1776885248.508103,-7.0,-11.0,-40.0
1776885248.5181026,-5.0,-6.0,-39.0
1776885248.5281026,-5.0,-2.0,-42.0
1776885248.5381026,-3.0,-2.0,-42.0
1776885248.5481029,2.0,-1.0,-48.0
1776885248.5581028,5.0,1.0,-49.0
1776885248.5681028,8.0,-1.0,-52.0
1776885248.5781028,3.0,-2.0,-55.0
1776885248.5881028,2.0,-4.0,-50.0
1776885248.5981028,0.0,-6.0,-48.0
1776885248.6081028,-5.0,-5.0,-45.0
1776885248.6181028,-6.0,-1.0,-45.0
1776885248.6281028,-3.0,-2.0,-40.0
1776885248.6381028,-2.0,-2.0,-43.0
1776885248.6481028,0.0,-4.0,-40.0
1776885248.6581028,-2.0,-3.0,-37.0
1776885248.6681027,0.0,0.0,-43.0
1776885248.6781027,4.0,0.0,-44.0
1776885248.6881027,2.0,2.0,-50.0
1776885248.6981027,0.0,3.0,-54.0
1776885248.7081027,0.0,5.0,-51.0
1776885248.7181027,-5.0,2.0,-54.0
1776885248.7281027,0.0,1.0,-57.0
1776885248.738103,0.0,4.0,-53.0
1776885248.748103,0.0,0.0,-57.0
1776885248.758103,0.0,0.0,-57.0
1776885248.7681026,-3.0,1.0,-56.0
1776885248.7781026,-7.0,-2.0,-55.0
1776885248.7881026,-10.0,-4.0,-52.0
1776885248.7981029,-8.0,-3.0,-51.0
1776885248.8081028,-6.0,-2.0,-48.0
1776885248.8181028,-9.0,0.0,-48.0
1776885248.8281028,-8.0,-4.0,-53.0
1776885248.8381028,-1.0,-3.0,-51.0
1776885248.8481028,0.0,-4.0,-44.0
1776885248.8581028,-1.0,-2.0,-45.0
1776885248.8681028,0.0,-5.0,-53.0
1776885248.8781028,3.0,-8.0,-51.0
1776885248.8881028,2.0,-8.0,-49.0
1776885248.8981028,1.0,-5.0,-40.0
1776885248.9081028,2.0,0.0,-47.0
1776885248.9181027,2.0,0.0,-42.0
1776885248.9281027,4.0,-1.0,-45.0
1776885248.9381027,2.0,-4.0,-44.0
1776885248.9481027,2.0,-2.0,-50.0
1776885248.9581027,2.0,-3.0,-50.0
1776885248.9681027,2.0,-6.0,-52.0
1776885248.9781027,0.0,-3.0,-51.0
1776885248.988103,0.0,-1.0,-49.0
1776885248.998103,5.0,0.0,-48.0
1776885249.008103,3.0,-2.0,-48.0
1776885249.0181026,2.0,-4.0,-48.0
1776885249.0281026,2.0,-5.0,-47.0
1776885249.0381026,0.0,-3.0,-47.0
1776885249.0481029,0.0,-3.0,-47.0
1776885249.0581028,-1.0,-3.0,-50.0
1776885249.0681028,0.0,-1.0,-46.0
1776885249.0781028,0.0,-3.0,-37.0
1776885249.0881028,-2.0,-1.0,-40.0
1776885249.0981028,-6.0,-1.0,-40.0
1776885249.1081028,-5.0,-2.0,-43.0
1776885249.1181028,-8.0,0.0,-44.0
1776885249.1281028,-5.0,0.0,-38.0
1776885249.1381028,0.0,1.0,-46.0
1776885249.1481028,2.0,-2.0,-45.0
1776885249.1581028,2.0,-2.0,-43.0
1776885249.169103,3.0,-2.0,-43.0
1776885249.179103,0.0,-2.0,-44.0
1776885249.1891026,-1.0,-1.0,-37.0
1776885249.1991026,0.0,-2.0,-30.0
1776885249.2091026,1.0,1.0,-32.0
1776885249.2191026,1.0,1.0,-34.0
1776885249.2291028,0.0,4.0,-40.0
1776885249.2391028,0.0,7.0,-44.0
1776885249.2491028,3.0,5.0,-47.0
1776885249.2591028,3.0,5.0,-42.0
1776885249.2691028,2.0,4.0,-40.0
1776885249.2791028,-1.0,0.0,-42.0
1776885249.2891028,1.0,-3.0,-48.0
1776885249.2991028,5.0,-5.0,-50.0
1776885249.3091028,3.0,-4.0,-53.0
1776885249.3191028,0.0,-1.0,-49.0
1776885249.3291028,0.0,2.0,-42.0
1776885249.3391027,6.0,3.0,-37.0
1776885249.3491027,7.0,5.0,-35.0
1776885249.3591027,8.0,3.0,-36.0
1776885249.3691027,6.0,1.0,-38.0
1776885249.3791027,2.0,0.0,-36.0
1776885249.3891027,0.0,-1.0,-41.0
1776885249.3991027,-1.0,0.0,-39.0
1776885249.409103,0.0,0.0,-36.0
1776885249.419103,0.0,-1.0,-32.0
1776885249.429103,2.0,-2.0,-32.0
1776885249.4391026,4.0,-6.0,-32.0
1776885249.4491026,0.0,-3.0,-36.0
1776885249.4591026,-2.0,0.0,-37.0
1776885249.4691026,0.0,2.0,-37.0
1776885249.4791028,2.0,3.0,-41.0
1776885249.4891028,4.0,-1.0,-46.0
1776885249.4991028,1.0,-2.0,-38.0
1776885249.5091028,-1.0,0.0,-43.0
1776885249.5191028,-2.0,2.0,-44.0
1776885249.5291028,-1.0,0.0,-44.0
1776885249.5391028,0.0,1.0,-49.0
1776885249.5491028,3.0,2.0,-50.0
1776885249.5591028,4.0,2.0,-52.0
1776885249.5691028,10.0,0.0,-55.0
1776885249.5791028,11.0,-5.0,-58.0
1776885249.5891027,13.0,-3.0,-57.0
1776885249.5991027,10.0,3.0,-57.0
1776885249.6091027,6.0,3.0,-55.0
1776885249.6191027,2.0,1.0,-52.0
1776885249.6291027,1.0,2.0,-55.0
1776885249.6391027,1.0,2.0,-49.0
1776885249.6491027,-2.0,4.0,-49.0
1776885249.659103,-3.0,4.0,-46.0
1776885249.669103,-3.0,0.0,-49.0
1776885249.679103,0.0,-1.0,-48.0
1776885249.6891026,0.0,0.0,-53.0
1776885249.6991026,2.0,4.0,-54.0
1776885249.7091026,4.0,5.0,-57.0
1776885249.7191026,1.0,6.0,-60.0
1776885249.7291028,-4.0,10.0,-61.0
1776885249.7391028,-6.0,8.0,-54.0
1776885249.7491028,-5.0,7.0,-53.0
1776885249.7591028,-1.0,5.0,-50.0
1776885249.7691028,-1.0,7.0,-48.0
1776885249.7791028,-2.0,6.0,-49.0
1776885249.7891028,-4.0,0.0,-53.0
1776885249.7991028,-3.0,-5.0,-50.0
1776885249.8091028,-6.0,-2.0,-50.0
1776885249.8191028,-1.0,-6.0,-43.0
1776885249.8291028,0.0,-8.0,-54.0
1776885249.8391027,-1.0,-10.0,-53.0
1776885249.8491027,-2.0,-5.0,-54.0
1776885249.8591027,-1.0,-2.0,-50.0
1776885249.8691027,0.0,0.0,-51.0
1776885249.8791027,1.0,2.0,-48.0
1776885249.8891027,4.0,1.0,-52.0
1776885249.8991027,0.0,0.0,-47.0
1776885249.909103,-2.0,-2.0,-44.0
1776885249.919103,-1.0,-1.0,-45.0
1776885249.929103,2.0,0.0,-42.0
1776885249.9391026,3.0,0.0,-40.0
1776885249.9491026,5.0,2.0,-43.0
1776885249.9591026,4.0,-2.0,-40.0
1776885249.9691026,4.0,-3.0,-46.0
1776885249.9791028,2.0,-3.0,-47.0
1776885249.9891028,0.0,0.0,-45.0
1776885249.9991028,3.0,1.0,-44.0
1776885250.0091028,1.0,2.0,-43.0
1776885250.0191028,-2.0,0.0,-46.0
1776885250.0291028,-1.0,0.0,-47.0
1776885250.0391028,3.0,0.0,-44.0
1776885250.0491028,3.0,-5.0,-42.0
1776885250.0591028,2.0,-6.0,-38.0
1776885250.0691028,-2.0,-3.0,-39.0
1776885250.0791028,0.0,0.0,-39.0
1776885250.0891027,1.0,0.0,-42.0
1776885250.0991027,3.0,-3.0,-48.0
1776885250.1091027,3.0,-5.0,-50.0
1776885250.1191027,4.0,-4.0,-51.0
1776885250.1291027,9.0,-2.0,-50.0
1776885250.1391027,5.0,-7.0,-45.0
1776885250.1491027,6.0,-1.0,-45.0
1776885250.159103,7.0,2.0,-43.0
1776885250.169103,5.0,1.0,-47.0
1776885250.179103,3.0,-2.0,-50.0
1776885250.1891026,0.0,-1.0,-48.0
1776885250.1991026,2.0,-5.0,-47.0
1776885250.2091026,0.0,-5.0,-40.0
1776885250.2191026,2.0,-4.0,-37.0
1776885250.2291028,3.0,0.0,-41.0
1776885250.2391028,1.0,2.0,-39.0
1776885250.2491028,1.0,4.0,-34.0
1776885250.2591028,0.0,2.0,-35.0
1776885250.2691028,-1.0,1.0,-39.0
1776885250.2791028,0.0,1.0,-36.0
1776885250.2891028,-2.0,2.0,-45.0
1776885250.2991028,0.0,3.0,-50.0
1776885250.3091028,3.0,4.0,-46.0
1776885250.3191028,7.0,7.0,-45.0
1776885250.3291028,6.0,7.0,-46.0
1776885250.3391027,5.0,5.0,-48.0
1776885250.3491027,12.0,6.0,-47.0
1776885250.3591027,8.0,3.0,-51.0
1776885250.3691027,7.0,0.0,-44.0
1776885250.3791027,2.0,-2.0,-48.0
1776885250.3891027,3.0,-4.0,-55.0
1776885250.3991027,9.0,-2.0,-51.0
1776885250.409103,11.0,-2.0,-50.0
1776885250.419103,8.0,-2.0,-48.0
1776885250.429103,6.0,1.0,-52.0
1776885250.4391026,5.0,4.0,-45.0
1776885250.4491026,5.0,1.0,-41.0
1776885250.4591026,4.0,0.0,-42.0
1776885250.4691026,0.0,3.0,-34.0
1776885250.4791028,-1.0,-1.0,-31.0
1776885250.4891028,0.0,0.0,-27.0
1776885250.4991028,0.0,0.0,-31.0
1776885250.5091028,-1.0,0.0,-39.0
1776885250.5191028,-7.0,-1.0,-44.0
1776885250.5291028,-3.0,-1.0,-40.0
1776885250.5391028,-2.0,0.0,-45.0
1776885250.5491028,0.0,-2.0,-45.0
1776885250.5591028,-1.0,0.0,-42.0
1776885250.5691028,-7.0,4.0,-40.0
1776885250.5791028,-5.0,6.0,-36.0
1776885250.5891027,-2.0,6.0,-29.0
1776885250.5991027,-1.0,2.0,-33.0
1776885250.6091027,-4.0,0.0,-39.0
1776885250.6191027,-1.0,0.0,-45.0
1776885250.6291027,0.0,-5.0,-51.0
1776885250.6391027,0.0,-4.0,-47.0
1776885250.6491027,2.0,-2.0,-40.0
1776885250.659103,0.0,-2.0,-47.0
1776885250.669103,-6.0,-3.0,-50.0
1776885250.679103,-11.0,-6.0,-54.0
1776885250.6891026,-14.0,-5.0,-47.0
1776885250.6991026,-9.0,-1.0,-47.0
1776885250.7091026,-3.0,-4.0,-50.0
1776885250.7191026,-4.0,-4.0,-48.0
1776885250.7291028,-5.0,-2.0,-47.0
1776885250.7391028,-3.0,-3.0,-37.0
1776885250.7491028,-2.0,0.0,-33.0
1776885250.7591028,-1.0,1.0,-39.0
1776885250.7691028,-2.0,0.0,-40.0
1776885250.7791028,-4.0,-1.0,-43.0
1776885250.7891028,-7.0,-4.0,-42.0
1776885250.7991028,-4.0,-5.0,-39.0
1776885250.8091028,-3.0,-5.0,-45.0
1776885250.8191028,-3.0,-4.0,-50.0
1776885250.8291028,0.0,0.0,-48.0
1776885250.8391027,0.0,2.0,-50.0
1776885250.8491027,3.0,2.0,-50.0
1776885250.8591027,-1.0,2.0,-46.0
1776885250.8691027,0.0,3.0,-38.0
1776885250.8791027,1.0,1.0,-28.0
1776885250.8891027,1.0,2.0,-28.0
1776885250.8991027,3.0,0.0,-37.0
1776885250.909103,4.0,0.0,-35.0
1776885250.919103,4.0,0.0,-41.0
1776885250.929103,2.0,1.0,-39.0
1776885250.9391026,0.0,-5.0,-42.0
1776885250.9491026,3.0,-4.0,-42.0
1776885250.9591026,5.0,0.0,-40.0
1776885250.9691026,8.0,0.0,-34.0
1776885250.9791028,5.0,-2.0,-32.0
1776885250.9891028,8.0,-3.0,-35.0
1776885250.9991028,4.0,-1.0,-44.0
1776885251.0091028,2.0,-2.0,-47.0
1776885251.0191028,2.0,-4.0,-54.0
1776885251.0291028,-1.0,-3.0,-57.0
1776885251.0391028,-6.0,-3.0,-50.0
1776885251.0491028,-8.0,0.0,-51.0
1776885251.0591028,-9.0,-1.0,-52.0
1776885251.0691028,-1.0,0.0,-47.0
1776885251.0791028,0.0,0.0,-47.0
1776885251.0891027,1.0,-5.0,-47.0
1776885251.0991027,3.0,-6.0,-51.0
1776885251.110103,6.0,-2.0,-48.0
1776885251.1191027,1.0,-2.0,-50.0
1776885251.1291027,0.0,-1.0,-46.0
1776885251.1391027,2.0,1.0,-51.0
1776885251.1501029,-2.0,4.0,-48.0
1776885251.1601028,0.0,5.0,-40.0
1776885251.1701028,3.0,2.0,-40.0
1776885251.1801028,4.0,2.0,-48.0
1776885251.1901028,5.0,1.0,-51.0
1776885251.2001028,4.0,3.0,-55.0
1776885251.2101028,5.0,3.0,-57.0
1776885251.2201028,0.0,0.0,-51.0
1776885251.2301028,2.0,-2.0,-49.0
1776885251.2401028,0.0,-2.0,-45.0
1776885251.2501028,4.0,-3.0,-41.0
1776885251.2601027,3.0,-4.0,-36.0
1776885251.2701027,3.0,-3.0,-35.0
1776885251.2801027,4.0,-3.0,-43.0
1776885251.2901027,4.0,-2.0,-44.0
1776885251.3001027,0.0,-5.0,-37.0
1776885251.3101027,-3.0,-3.0,-39.0
1776885251.3201027,-4.0,-6.0,-46.0
1776885251.3301027,-3.0,-3.0,-42.0
1776885251.340103,3.0,-3.0,-34.0
1776885251.350103,3.0,-3.0,-36.0
1776885251.360103,2.0,-5.0,-36.0
1776885251.3701026,6.0,-8.0,-37.0
1776885251.3801026,8.0,-2.0,-40.0
1776885251.3901026,15.0,-2.0,-52.0
1776885251.4001029,17.0,-4.0,-52.0
1776885251.4101028,12.0,0.0,-47.0
1776885251.4201028,11.0,-3.0,-40.0
1776885251.4301028,3.0,-2.0,-39.0
1776885251.4401028,1.0,-4.0,-44.0
1776885251.4501028,0.0,-7.0,-44.0
1776885251.4601028,-2.0,-5.0,-38.0
1776885251.4701028,-1.0,-7.0,-34.0
1776885251.4801028,0.0,-6.0,-34.0
1776885251.4901028,2.0,-3.0,-41.0
1776885251.5001028,0.0,1.0,-40.0
1776885251.5101027,-1.0,1.0,-36.0
1776885251.5201027,0.0,-1.0,-38.0
1776885251.5301027,3.0,0.0,-44.0
1776885251.5401027,5.0,1.0,-48.0
1776885251.5501027,1.0,1.0,-48.0
1776885251.5601027,2.0,1.0,-44.0
1776885251.5701027,2.0,0.0,-40.0
1776885251.5801027,-5.0,4.0,-40.0
1776885251.590103,-8.0,6.0,-36.0
1776885251.600103,-4.0,10.0,-36.0
1776885251.610103,-1.0,7.0,-39.0
1776885251.6201026,2.0,4.0,-41.0
1776885251.6301026,3.0,5.0,-44.0
1776885251.6401026,3.0,1.0,-42.0
1776885251.6501029,0.0,-2.0,-48.0
1776885251.6601028,0.0,-5.0,-50.0
1776885251.6701028,-3.0,-4.0,-50.0
1776885251.6801028,-3.0,-7.0,-58.0
1776885251.6901028,-4.0,-10.0,-57.0
1776885251.7001028,-6.0,-6.0,-54.0
1776885251.7101028,-4.0,-6.0,-52.0
1776885251.7201028,-1.0,-2.0,-49.0
1776885251.7301028,0.0,-2.0,-53.0
1776885251.7401028,-4.0,-2.0,-52.0
1776885251.7501028,-3.0,-1.0,-49.0
1776885251.7601027,-3.0,-5.0,-45.0
1776885251.7701027,-1.0,-2.0,-39.0
1776885251.7801027,0.0,-2.0,-39.0
1776885251.7901027,3.0,0.0,-39.0
1776885251.8001027,4.0,-4.0,-38.0
1776885251.8101027,3.0,-4.0,-35.0
1776885251.8201027,-1.0,-4.0,-37.0
1776885251.8301027,0.0,-3.0,-37.0
1776885251.840103,0.0,-5.0,-38.0
1776885251.850103,5.0,-7.0,-45.0
1776885251.860103,5.0,-7.0,-43.0
1776885251.8701026,6.0,-5.0,-45.0
1776885251.8801026,8.0,-6.0,-48.0
1776885251.8901026,4.0,-8.0,-45.0
1776885251.9001029,6.0,-6.0,-44.0
1776885251.9101028,4.0,-9.0,-44.0
1776885251.9201028,3.0,-11.0,-47.0
1776885251.9301028,3.0,-5.0,-47.0
1776885251.9401028,5.0,-4.0,-42.0
1776885251.9501028,7.0,-5.0,-32.0
1776885251.9601028,7.0,-2.0,-31.0
1776885251.9701028,3.0,-2.0,-30.0
1776885251.9801028,3.0,-2.0,-33.0
1776885251.9901028,4.0,-1.0,-32.0
1776885252.0001028,4.0,-3.0,-35.0
1776885252.0101027,6.0,-3.0,-39.0
1776885252.0201027,4.0,0.0,-36.0
1776885252.0301027,1.0,1.0,-39.0
1776885252.0401027,1.0,2.0,-40.0
1776885252.0501027,0.0,1.0,-36.0
1776885252.0601027,1.0,-2.0,-44.0
1776885252.0701027,3.0,-1.0,-53.0
1776885252.0801027,3.0,-5.0,-46.0
1776885252.090103,1.0,-6.0,-47.0
1776885252.100103,2.0,-4.0,-45.0
1776885252.110103,0.0,1.0,-46.0
1776885252.1201026,0.0,4.0,-42.0
1776885252.1301026,0.0,3.0,-48.0
1776885252.1401026,-1.0,2.0,-50.0
1776885252.1501029,-1.0,-6.0,-58.0
1776885252.1601028,0.0,-8.0,-59.0
1776885252.1701028,4.0,-6.0,-61.0
1776885252.1801028,3.0,-3.0,-58.0
1776885252.1901028,1.0,-4.0,-57.0
1776885252.2001028,0.0,0.0,-54.0
1776885252.2101028,-1.0,2.0,-55.0
1776885252.2201028,-5.0,-1.0,-49.0
1776885252.2301028,-7.0,-2.0,-47.0
1776885252.2401028,-1.0,-3.0,-52.0
1776885252.2501028,2.0,-4.0,-50.0
1776885252.2601027,2.0,0.0,-46.0
1776885252.2701027,2.0,0.0,-46.0
1776885252.2801027,3.0,2.0,-50.0
1776885252.2901027,4.0,-1.0,-53.0
1776885252.3001027,0.0,-2.0,-48.0
1776885252.3101027,3.0,-1.0,-51.0
1776885252.3201027,5.0,-2.0,-53.0
1776885252.3301027,4.0,-3.0,-53.0
1776885252.340103,6.0,-4.0,-49.0
1776885252.350103,4.0,-5.0,-51.0
1776885252.360103,4.0,-4.0,-52.0
1776885252.3701026,6.0,-4.0,-49.0
1776885252.3801026,1.0,0.0,-41.0
1776885252.3901026,0.0,-3.0,-42.0
1776885252.4001029,0.0,-3.0,-46.0
1776885252.4101028,2.0,-3.0,-43.0
1776885252.4201028,0.0,-1.0,-39.0
1776885252.4301028,-1.0,-2.0,-40.0
1776885252.4401028,0.0,0.0,-36.0
1776885252.4501028,1.0,2.0,-36.0
1776885252.4601028,0.0,1.0,-40.0
1776885252.4701028,1.0,-1.0,-43.0
1776885252.4801028,5.0,-2.0,-39.0
1776885252.4901028,4.0,-2.0,-37.0
1776885252.5001028,3.0,-6.0,-41.0
1776885252.5101027,3.0,-5.0,-38.0
1776885252.5201027,-2.0,-2.0,-49.0
1776885252.5301027,-3.0,-4.0,-47.0
1776885252.5401027,-3.0,-6.0,-48.0
1776885252.5501027,-6.0,-7.0,-47.0
1776885252.5601027,-9.0,-10.0,-48.0
1776885252.5701027,-5.0,-7.0,-48.0
1776885252.5801027,-2.0,-6.0,-54.0
1776885252.590103,0.0,-5.0,-53.0
1776885252.600103,-1.0,-7.0,-48.0
1776885252.610103,-2.0,-1.0,-44.0
1776885252.6201026,-3.0,-2.0,-48.0
1776885252.6301026,0.0,0.0,-51.0
1776885252.6401026,-1.0,-2.0,-47.0
1776885252.6501029,1.0,0.0,-51.0
1776885252.6601028,0.0,0.0,-50.0
1776885252.6701028,2.0,0.0,-50.0
1776885252.6801028,0.0,3.0,-51.0
1776885252.6901028,2.0,3.0,-57.0
1776885252.7001028,0.0,1.0,-55.0
1776885252.7101028,1.0,-2.0,-46.0
1776885252.7201028,1.0,-2.0,-48.0
1776885252.7301028,0.0,-2.0,-47.0
1776885252.7401028,0.0,2.0,-44.0
1776885252.7501028,1.0,5.0,-48.0
1776885252.7601027,0.0,4.0,-48.0
1776885252.7701027,-2.0,5.0,-54.0
1776885252.7801027,-1.0,5.0,-53.0
1776885252.7911026,2.0,4.0,-60.0
1776885252.8001027,3.0,-2.0,-56.0
1776885252.8101027,0.0,-2.0,-51.0
1776885252.8201027,0.0,-3.0,-47.0
1776885252.8301027,1.0,0.0,-48.0
1776885252.840103,3.0,2.0,-50.0
1776885252.850103,1.0,2.0,-49.0
1776885252.860103,6.0,4.0,-50.0
1776885252.8701026,8.0,2.0,-52.0
1776885252.8801026,7.0,1.0,-46.0
1776885252.8901026,4.0,0.0,-51.0
1776885252.9001029,3.0,0.0,-49.0
1776885252.9101028,4.0,1.0,-45.0
1776885252.9201028,7.0,-1.0,-51.0
1776885252.9301028,3.0,-2.0,-54.0
1776885252.9401028,-1.0,0.0,-53.0
1776885252.9501028,3.0,3.0,-47.0
1776885252.9601028,6.0,3.0,-39.0
1776885252.9701028,5.0,4.0,-36.0
1776885252.9801028,1.0,5.0,-34.0
1776885252.9901028,0.0,3.0,-35.0
1776885253.0001028,2.0,-1.0,-37.0
1776885253.0101027,0.0,-3.0,-34.0
1776885253.0201027,1.0,-6.0,-36.0
1776885253.0301027,0.0,-3.0,-40.0
1776885253.0401027,-1.0,-1.0,-47.0
1776885253.0501027,-2.0,-3.0,-48.0
1776885253.0601027,-3.0,-3.0,-43.0
1776885253.0701027,0.0,-5.0,-47.0
1776885253.0801027,-1.0,-1.0,-45.0
1776885253.090103,2.0,-2.0,-46.0
1776885253.1011028,2.0,-1.0,-44.0
1776885253.1111028,2.0,-4.0,-38.0
1776885253.1211028,3.0,-2.0,-43.0
1776885253.1311028,1.0,0.0,-43.0
1776885253.1411028,3.0,0.0,-35.0
1776885253.1511028,9.0,1.0,-40.0
1776885253.1611028,8.0,3.0,-46.0
1776885253.1711028,8.0,1.0,-50.0
1776885253.1811028,6.0,0.0,-50.0
1776885253.1911027,6.0,3.0,-49.0
1776885253.2011027,11.0,2.0,-54.0
1776885253.2111027,5.0,0.0,-57.0
1776885253.2211027,1.0,2.0,-53.0
1776885253.2311027,2.0,0.0,-51.0
1776885253.2411027,4.0,-3.0,-46.0
1776885253.2511027,2.0,-10.0,-42.0
1776885253.261103,4.0,-12.0,-41.0
1776885253.271103,1.0,-11.0,-44.0
1776885253.281103,-1.0,-8.0,-42.0
1776885253.2911026,-3.0,-5.0,-38.0
1776885253.3011026,-1.0,-3.0,-33.0
1776885253.3111026,-2.0,-2.0,-39.0
1776885253.3211029,-2.0,-3.0,-42.0
1776885253.3311028,0.0,-7.0,-39.0
1776885253.3411028,2.0,-9.0,-37.0
1776885253.3511028,4.0,-7.0,-41.0
1776885253.3611028,2.0,-7.0,-45.0
1776885253.3711028,-3.0,-5.0,-49.0
1776885253.3811028,-2.0,-5.0,-50.0
1776885253.3911028,3.0,-3.0,-53.0
1776885253.4011028,-1.0,-4.0,-52.0
1776885253.4111028,-5.0,-7.0,-47.0
1776885253.4211028,0.0,-3.0,-47.0
1776885253.4311028,5.0,0.0,-42.0
1776885253.4411027,4.0,0.0,-49.0
1776885253.4511027,3.0,3.0,-42.0
1776885253.4611027,-2.0,5.0,-41.0
1776885253.4711027,-2.0,4.0,-47.0
1776885253.4811027,-1.0,3.0,-49.0
1776885253.4911027,0.0,-1.0,-47.0
1776885253.5011027,-6.0,-1.0,-47.0
1776885253.511103,-2.0,-3.0,-43.0
1776885253.521103,0.0,-4.0,-41.0
1776885253.531103,0.0,-6.0,-46.0
1776885253.5411026,1.0,-4.0,-49.0
1776885253.5511026,1.0,-1.0,-46.0
1776885253.5611026,-1.0,-1.0,-40.0
1776885253.5711029,-1.0,-4.0,-35.0
1776885253.5811028,-5.0,-2.0,-33.0
1776885253.5911028,-1.0,1.0,-40.0
1776885253.6011028,-1.0,-1.0,-46.0
1776885253.6111028,-2.0,-6.0,-51.0
1776885253.6211028,-1.0,-4.0,-55.0
1776885253.6311028,-3.0,-3.0,-56.0
1776885253.6411028,-4.0,-4.0,-58.0
1776885253.6511028,-6.0,-4.0,-51.0
1776885253.6611028,-5.0,-2.0,-52.0
1776885253.6711028,-1.0,0.0,-52.0
1776885253.6811028,0.0,0.0,-56.0
1776885253.6911027,-5.0,0.0,-49.0
1776885253.7011027,0.0,1.0,-46.0
1776885253.7111027,3.0,2.0,-43.0
1776885253.7211027,2.0,2.0,-39.0
1776885253.7311027,2.0,0.0,-42.0
1776885253.7411027,0.0,0.0,-44.0
1776885253.7511027,1.0,-3.0,-48.0
1776885253.761103,-1.0,-3.0,-42.0
1776885253.771103,-3.0,-4.0,-42.0
1776885253.781103,-3.0,-2.0,-43.0
1776885253.7911026,-1.0,-1.0,-35.0
1776885253.8011026,0.0,-2.0,-40.0
1776885253.8111026,-2.0,1.0,-42.0
1776885253.8211029,-5.0,0.0,-44.0
1776885253.8311028,0.0,0.0,-49.0
1776885253.8411028,-1.0,-1.0,-47.0
1776885253.8511028,-5.0,0.0,-49.0
1776885253.8611028,-8.0,0.0,-45.0
1776885253.8711028,-2.0,3.0,-43.0
1776885253.8811028,3.0,1.0,-40.0
1776885253.8911028,6.0,0.0,-42.0
1776885253.9011028,8.0,2.0,-46.0
1776885253.9111028,7.0,0.0,-50.0
1776885253.9211028,7.0,-3.0,-53.0
1776885253.9311028,1.0,-2.0,-50.0
1776885253.9411027,0.0,-3.0,-45.0
1776885253.9511027,0.0,-6.0,-46.0
1776885253.9611027,1.0,-8.0,-51.0
1776885253.9711027,8.0,-8.0,-45.0
1776885253.9811027,8.0,-5.0,-44.0
1776885253.9911027,8.0,-7.0,-41.0
1776885254.0011027,3.0,-5.0,-39.0
1776885254.011103,3.0,-4.0,-36.0
1776885254.021103,2.0,-2.0,-34.0
1776885254.031103,0.0,-3.0,-35.0
1776885254.0411026,0.0,0.0,-42.0
1776885254.0511026,0.0,1.0,-45.0
1776885254.0611026,5.0,-4.0,-46.0
1776885254.0711029,0.0,-5.0,-39.0
1776885254.0811028,0.0,-5.0,-32.0
1776885254.0911028,4.0,-1.0,-31.0
1776885254.1011028,9.0,0.0,-33.0
1776885254.1111028,11.0,1.0,-45.0
1776885254.1211028,4.0,-2.0,-47.0
1776885254.1311028,6.0,-4.0,-54.0
1776885254.1411028,3.0,-4.0,-57.0
1776885254.1511028,0.0,-2.0,-50.0
1776885254.1611028,0.0,-3.0,-50.0
1776885254.1711028,-1.0,-4.0,-55.0
1776885254.1811028,0.0,-4.0,-57.0
1776885254.1911027,0.0,-2.0,-56.0
1776885254.2011027,-2.0,-1.0,-54.0
1776885254.2111027,0.0,-2.0,-49.0
1776885254.2211027,5.0,0.0,-47.0
1776885254.2311027,7.0,0.0,-53.0
1776885254.2411027,5.0,-3.0,-53.0
1776885254.2511027,9.0,-4.0,-58.0
1776885254.261103,11.0,-4.0,-53.0
1776885254.271103,11.0,-1.0,-56.0
1776885254.281103,8.0,0.0,-58.0
1776885254.2911026,9.0,-2.0,-50.0
1776885254.3011026,7.0,-3.0,-46.0
1776885254.3111026,1.0,-6.0,-46.0
1776885254.3211029,4.0,-9.0,-46.0
1776885254.3311028,7.0,-9.0,-41.0
1776885254.3411028,6.0,-7.0,-44.0
1776885254.3511028,1.0,-5.0,-47.0
1776885254.3611028,0.0,-4.0,-51.0
1776885254.3711028,0.0,-7.0,-53.0
1776885254.3811028,0.0,-7.0,-47.0
1776885254.3911028,0.0,-3.0,-50.0
1776885254.4011028,3.0,0.0,-46.0
1776885254.4111028,6.0,0.0,-43.0
1776885254.4211028,8.0,-3.0,-43.0
1776885254.4311028,9.0,-6.0,-42.0
1776885254.4411027,6.0,-10.0,-38.0
1776885254.4511027,4.0,-6.0,-41.0
1776885254.4611027,1.0,-7.0,-37.0
1776885254.4711027,-1.0,-5.0,-41.0
1776885254.4811027,-1.0,-3.0,-38.0
1776885254.4911027,-2.0,-2.0,-39.0
1776885254.5011027,-3.0,0.0,-37.0
1776885254.511103,0.0,0.0,-38.0
1776885254.521103,0.0,-1.0,-47.0
1776885254.531103,4.0,-2.0,-54.0
1776885254.5411026,4.0,-1.0,-54.0
1776885254.5511026,5.0,-2.0,-52.0
1776885254.5611026,3.0,-1.0,-51.0
1776885254.5711029,1.0,-3.0,-51.0
1776885254.5811028,0.0,-1.0,-51.0
1776885254.5911028,0.0,-4.0,-51.0
1776885254.6011028,-1.0,0.0,-49.0
1776885254.6111028,-3.0,0.0,-47.0
1776885254.6211028,-2.0,-2.0,-44.0
1776885254.6311028,-5.0,-1.0,-50.0
1776885254.6411028,-4.0,-3.0,-48.0
1776885254.6511028,-3.0,1.0,-50.0
1776885254.6611028,0.0,2.0,-48.0
1776885254.6711028,-2.0,0.0,-48.0
1776885254.6811028,0.0,-1.0,-53.0
1776885254.6911027,0.0,-1.0,-55.0
1776885254.7011027,2.0,0.0,-51.0
1776885254.7111027,-1.0,-1.0,-47.0
1776885254.7211027,0.0,3.0,-42.0
1776885254.7311027,-4.0,2.0,-42.0
1776885254.7411027,-3.0,0.0,-44.0
1776885254.7511027,3.0,-2.0,-48.0
1776885254.761103,0.0,-2.0,-42.0
1776885254.771103,-3.0,-3.0,-41.0
1776885254.781103,-9.0,-1.0,-39.0
1776885254.7911026,-6.0,0.0,-43.0
1776885254.8011026,-2.0,-1.0,-44.0
1776885254.8111026,0.0,0.0,-49.0
1776885254.8211029,0.0,1.0,-47.0
1776885254.8311028,2.0,1.0,-47.0
1776885254.8411028,5.0,0.0,-41.0
1776885254.8511028,8.0,0.0,-40.0
1776885254.8611028,0.0,0.0,-47.0
1776885254.8711028,-1.0,-2.0,-48.0
1776885254.8811028,-4.0,-3.0,-51.0
1776885254.8911028,-4.0,-2.0,-49.0
1776885254.9011028,-5.0,2.0,-46.0
1776885254.9111028,-3.0,4.0,-43.0
1776885254.9211028,-3.0,2.0,-44.0
1776885254.9311028,3.0,4.0,-40.0
1776885254.9411027,1.0,3.0,-43.0
1776885254.9511027,4.0,0.0,-47.0
1776885254.9611027,1.0,1.0,-48.0
1776885254.9711027,-4.0,1.0,-41.0
1776885254.9811027,-4.0,0.0,-41.0
1776885254.9911027,-1.0,0.0,-39.0
1776885255.0011027,-3.0,6.0,-34.0
1776885255.011103,0.0,8.0,-37.0
1776885255.021103,2.0,4.0,-35.0
1776885255.031103,1.0,0.0,-37.0
1776885255.0411026,-3.0,-2.0,-33.0
1776885255.0511026,-1.0,-3.0,-27.0
1776885255.0611026,0.0,-2.0,-29.0
1776885255.0711029,3.0,-1.0,-35.0
1776885255.0811028,0.0,-1.0,-38.0
1776885255.0911028,2.0,-2.0,-38.0
1776885255.1021028,3.0,0.0,-39.0
1776885255.1121027,4.0,0.0,-40.0
1776885255.1221027,6.0,-1.0,-41.0
1776885255.1321027,3.0,0.0,-48.0
1776885255.1421027,-3.0,1.0,-50.0
1776885255.1521027,-5.0,1.0,-52.0
1776885255.1621027,-2.0,0.0,-53.0
1776885255.1721027,-9.0,0.0,-60.0
1776885255.182103,-7.0,1.0,-59.0
1776885255.192103,-2.0,0.0,-54.0
1776885255.202103,0.0,-3.0,-56.0
1776885255.212103,0.0,-4.0,-50.0
1776885255.2221026,-3.0,-3.0,-49.0
1776885255.2321026,-5.0,-2.0,-44.0
1776885255.2421026,-6.0,-3.0,-46.0
1776885255.2521029,-6.0,-5.0,-51.0
1776885255.2621028,-3.0,-5.0,-40.0
1776885255.2721028,-7.0,-8.0,-34.0
1776885255.2821028,-4.0,-2.0,-41.0
1776885255.2921028,3.0,1.0,-49.0
1776885255.3021028,4.0,0.0,-49.0
1776885255.3121028,-1.0,1.0,-43.0
1776885255.3221028,-1.0,0.0,-41.0
1776885255.3321028,3.0,-2.0,-50.0
1776885255.3421028,2.0,-3.0,-57.0
1776885255.3521028,2.0,-5.0,-60.0
1776885255.3621027,-1.0,-3.0,-54.0
1776885255.3721027,0.0,-2.0,-54.0
1776885255.3821027,2.0,0.0,-47.0
1776885255.3921027,1.0,0.0,-49.0
1776885255.4021027,0.0,2.0,-56.0
1776885255.4121027,5.0,2.0,-56.0
1776885255.4221027,0.0,4.0,-50.0
1776885255.432103,0.0,0.0,-43.0
1776885255.442103,0.0,1.0,-41.0
1776885255.452103,1.0,-4.0,-39.0
1776885255.462103,0.0,-5.0,-44.0
1776885255.4721026,-2.0,-4.0,-52.0
1776885255.4821026,-1.0,-5.0,-46.0
1776885255.4921026,5.0,-6.0,-45.0
1776885255.5021029,9.0,-9.0,-47.0
1776885255.5121028,6.0,-5.0,-47.0
1776885255.5221028,0.0,-1.0,-49.0
1776885255.5321028,0.0,1.0,-49.0
1776885255.5421028,2.0,7.0,-43.0
1776885255.5521028,1.0,7.0,-37.0
1776885255.5621028,-1.0,2.0,-36.0
1776885255.5721028,0.0,-1.0,-37.0
1776885255.5821028,0.0,0.0,-43.0
1776885255.5921028,0.0,0.0,-37.0
1776885255.6021028,0.0,-5.0,-41.0
1776885255.6121027,3.0,-5.0,-45.0
1776885255.6221027,1.0,-1.0,-44.0
1776885255.6321027,-3.0,-2.0,-47.0
1776885255.6421027,-4.0,-4.0,-42.0
1776885255.6521027,-3.0,0.0,-42.0
1776885255.6621027,2.0,1.0,-43.0
1776885255.6721027,0.0,1.0,-48.0
1776885255.682103,4.0,4.0,-53.0
1776885255.692103,3.0,3.0,-49.0
1776885255.702103,1.0,3.0,-47.0
1776885255.712103,6.0,1.0,-48.0
1776885255.7221026,3.0,0.0,-46.0
1776885255.7321026,2.0,0.0,-43.0
1776885255.7421026,0.0,0.0,-47.0
1776885255.7521029,-1.0,1.0,-52.0
1776885255.7621028,5.0,1.0,-55.0
1776885255.7721028,3.0,5.0,-48.0
1776885255.7821028,4.0,0.0,-48.0
1776885255.7921028,6.0,-4.0,-46.0
1776885255.8021028,3.0,-3.0,-47.0
1776885255.8121028,2.0,-2.0,-47.0
1776885255.8221028,2.0,2.0,-40.0
1776885255.8321028,3.0,1.0,-40.0
1776885255.8421028,4.0,-2.0,-47.0
1776885255.8521028,5.0,-3.0,-45.0
1776885255.8621027,3.0,-3.0,-47.0
1776885255.8721027,-3.0,-3.0,-48.0
1776885255.8821027,0.0,-3.0,-49.0
1776885255.8921027,2.0,-6.0,-53.0
1776885255.9021027,5.0,-8.0,-57.0
1776885255.9121027,4.0,-12.0,-53.0
1776885255.9221027,5.0,-11.0,-52.0
1776885255.932103,3.0,-6.0,-53.0
1776885255.942103,-2.0,-3.0,-52.0
1776885255.952103,-2.0,-3.0,-47.0
1776885255.962103,0.0,-5.0,-47.0
1776885255.9721026,0.0,-3.0,-49.0
1776885255.9821026,2.0,-4.0,-52.0
1776885255.9921026,1.0,-7.0,-53.0
1776885256.0021029,3.0,-10.0,-49.0
1776885256.0121028,2.0,-10.0,-46.0
1776885256.0221028,0.0,-6.0,-43.0
1776885256.0321028,7.0,-9.0,-52.0
1776885256.0421028,5.0,-10.0,-54.0
1776885256.0521028,0.0,-7.0,-60.0
1776885256.0621028,3.0,-7.0,-55.0
1776885256.0721028,5.0,-9.0,-54.0
1776885256.0821028,7.0,-7.0,-51.0
1776885256.0921028,9.0,-5.0,-54.0
1776885256.1021028,8.0,0.0,-51.0
1776885256.1121027,5.0,1.0,-49.0
1776885256.1221027,3.0,1.0,-47.0
1776885256.1321027,6.0,0.0,-50.0
1776885256.1421027,4.0,0.0,-41.0
1776885256.1521027,3.0,5.0,-36.0
1776885256.1621027,7.0,4.0,-38.0
1776885256.1721027,5.0,3.0,-42.0
1776885256.182103,5.0,-1.0,-37.0
1776885256.192103,3.0,0.0,-36.0
1776885256.202103,0.0,-5.0,-32.0
1776885256.212103,-1.0,-5.0,-33.0
1776885256.2221026,-2.0,-3.0,-39.0
1776885256.2321026,-2.0,-1.0,-41.0
1776885256.2421026,-1.0,-4.0,-39.0
1776885256.2521029,-5.0,-6.0,-37.0
1776885256.2621028,-3.0,-5.0,-35.0
1776885256.2721028,-3.0,-8.0,-37.0
1776885256.2821028,-6.0,-5.0,-41.0
1776885256.2921028,-3.0,-4.0,-40.0
1776885256.3021028,3.0,-3.0,-44.0
1776885256.3121028,1.0,-3.0,-47.0
1776885256.3221028,0.0,-2.0,-42.0
1776885256.3321028,3.0,-5.0,-43.0
1776885256.3421028,5.0,-7.0,-41.0
1776885256.3521028,4.0,-7.0,-40.0
1776885256.3621027,5.0,-9.0,-40.0
1776885256.3721027,6.0,-8.0,-37.0
1776885256.3821027,3.0,-8.0,-39.0
1776885256.3921027,-2.0,-9.0,-42.0
1776885256.4021027,-2.0,-8.0,-39.0
1776885256.4121027,0.0,-7.0,-35.0
1776885256.4221027,2.0,-10.0,-34.0
1776885256.432103,-1.0,-4.0,-39.0
1776885256.442103,0.0,-6.0,-45.0
1776885256.452103,4.0,-7.0,-45.0
1776885256.462103,5.0,-7.0,-42.0
1776885256.4721026,1.0,-6.0,-39.0
1776885256.4821026,0.0,-6.0,-49.0
1776885256.4921026,2.0,-8.0,-51.0
1776885256.5021029,2.0,-5.0,-45.0
1776885256.5121028,1.0,-5.0,-40.0
1776885256.5221028,2.0,-1.0,-41.0
1776885256.5321028,2.0,0.0,-35.0
1776885256.5421028,8.0,0.0,-38.0
1776885256.5521028,4.0,-2.0,-33.0
1776885256.5621028,2.0,-4.0,-30.0
1776885256.5721028,0.0,-4.0,-32.0
1776885256.5821028,1.0,-1.0,-40.0
1776885256.5921028,2.0,-9.0,-37.0
1776885256.6021028,2.0,-8.0,-41.0
1776885256.6121027,2.0,-9.0,-46.0
1776885256.6221027,0.0,-6.0,-52.0
1776885256.6321027,0.0,-5.0,-50.0
1776885256.6421027,-4.0,-7.0,-49.0
1776885256.6521027,-7.0,-9.0,-42.0
1776885256.6621027,-5.0,-8.0,-36.0
1776885256.6721027,-3.0,-7.0,-41.0
1776885256.682103,0.0,-1.0,-45.0
1776885256.692103,1.0,-4.0,-46.0
1776885256.702103,1.0,-2.0,-49.0
1776885256.712103,1.0,-5.0,-49.0
1776885256.7221026,4.0,-7.0,-42.0
1776885256.7321026,1.0,-4.0,-46.0
1776885256.7421026,1.0,-7.0,-47.0
1776885256.7521029,2.0,-7.0,-44.0
1776885256.7621028,-1.0,-7.0,-47.0
1776885256.7721028,0.0,-4.0,-48.0
1776885256.7821028,0.0,0.0,-46.0
1776885256.7921028,3.0,1.0,-40.0
1776885256.8021028,4.0,2.0,-43.0
1776885256.8121028,0.0,1.0,-41.0
1776885256.8221028,5.0,6.0,-38.0
1776885256.8321028,0.0,7.0,-43.0
1776885256.8421028,1.0,5.0,-43.0
1776885256.8521028,-1.0,1.0,-41.0
1776885256.8621027,3.0,2.0,-41.0
1776885256.8721027,4.0,1.0,-39.0
1776885256.8821027,0.0,0.0,-38.0
1776885256.8921027,0.0,1.0,-37.0
1776885256.9021027,0.0,4.0,-39.0
1776885256.9121027,-3.0,2.0,-40.0
1776885256.9221027,-2.0,2.0,-43.0
1776885256.932103,3.0,1.0,-44.0
1776885256.942103,0.0,2.0,-44.0
1776885256.952103,-3.0,-1.0,-48.0
1776885256.962103,-1.0,-2.0,-47.0
1776885256.9721026,1.0,-1.0,-48.0
1776885256.9821026,0.0,0.0,-50.0
1776885256.9921026,-4.0,-1.0,-57.0
1776885257.0021029,-2.0,-1.0,-56.0
1776885257.0121028,-3.0,-2.0,-57.0
1776885257.0221028,-3.0,-1.0,-50.0
1776885257.0321028,-1.0,-3.0,-51.0
1776885257.0421028,0.0,-3.0,-50.0
1776885257.0531027,0.0,-3.0,-56.0
1776885257.0631027,0.0,0.0,-54.0
1776885257.0731027,-2.0,-1.0,-54.0
1776885257.0831027,0.0,-2.0,-53.0
1776885257.0931027,0.0,-2.0,-49.0
1776885257.1031027,3.0,0.0,-49.0
1776885257.113103,5.0,-3.0,-52.0
1776885257.123103,5.0,-6.0,-48.0
1776885257.133103,3.0,-6.0,-49.0
1776885257.1431026,3.0,-5.0,-51.0
1776885257.1531026,7.0,-9.0,-44.0
1776885257.1631026,-1.0,-14.0,-44.0
1776885257.1731029,0.0,-14.0,-46.0
1776885257.1831028,2.0,-6.0,-41.0
1776885257.1931028,6.0,-2.0,-37.0
1776885257.2031028,2.0,-2.0,-39.0
1776885257.2131028,-3.0,0.0,-33.0
1776885257.2231028,-7.0,0.0,-34.0
1776885257.2331028,0.0,5.0,-30.0
1776885257.2431028,0.0,1.0,-32.0
1776885257.2531028,-3.0,1.0,-34.0
1776885257.2631028,-2.0,0.0,-39.0
1776885257.2731028,-5.0,0.0,-43.0
1776885257.2831028,-5.0,-3.0,-45.0
1776885257.2931027,-4.0,-5.0,-47.0
1776885257.3031027,-9.0,0.0,-46.0
1776885257.3131027,-8.0,2.0,-48.0
1776885257.3231027,-7.0,3.0,-48.0
1776885257.3331027,-4.0,0.0,-47.0
1776885257.3431027,0.0,-4.0,-44.0
1776885257.3531027,0.0,-1.0,-46.0
1776885257.363103,0.0,0.0,-45.0
1776885257.373103,-2.0,1.0,-48.0
1776885257.383103,0.0,-2.0,-51.0
1776885257.3931026,4.0,-1.0,-43.0
1776885257.4031026,1.0,0.0,-51.0
1776885257.4131026,2.0,3.0,-50.0
1776885257.4231029,3.0,1.0,-44.0
1776885257.4331028,3.0,0.0,-43.0
1776885257.4431028,7.0,-4.0,-37.0
1776885257.4531028,7.0,-7.0,-41.0
1776885257.4631028,9.0,-6.0,-38.0
1776885257.4731028,6.0,-4.0,-44.0
1776885257.4831028,4.0,2.0,-43.0
1776885257.4931028,1.0,0.0,-42.0
1776885257.5031028,0.0,-4.0,-45.0
1776885257.5131028,2.0,-3.0,-50.0
1776885257.5231028,0.0,-3.0,-48.0
1776885257.5331028,1.0,-2.0,-45.0
1776885257.5431027,6.0,0.0,-44.0
1776885257.5531027,4.0,-2.0,-52.0
1776885257.5631027,6.0,-4.0,-52.0
1776885257.5731027,2.0,-2.0,-47.0
1776885257.5831027,4.0,0.0,-46.0
1776885257.5931027,5.0,0.0,-40.0
1776885257.6041028,8.0,-1.0,-36.0
1776885257.613103,9.0,0.0,-43.0
1776885257.623103,1.0,0.0,-47.0
1776885257.633103,4.0,2.0,-44.0
1776885257.6431026,0.0,2.0,-41.0
1776885257.6531026,-3.0,0.0,-46.0
1776885257.6631026,-7.0,-1.0,-43.0
1776885257.6731029,-2.0,0.0,-45.0
1776885257.6831028,-1.0,-2.0,-50.0
1776885257.6931028,3.0,-3.0,-50.0
1776885257.7031028,1.0,-4.0,-44.0
1776885257.7131028,-1.0,1.0,-37.0
1776885257.7231028,2.0,0.0,-30.0
1776885257.7331028,5.0,-3.0,-34.0
1776885257.7431028,-1.0,-6.0,-33.0
1776885257.7531028,0.0,-9.0,-38.0
1776885257.7631028,4.0,-6.0,-43.0
1776885257.7731028,0.0,-6.0,-49.0
1776885257.7831028,-2.0,-7.0,-46.0
1776885257.7931027,-5.0,-3.0,-49.0
1776885257.8031027,-6.0,-3.0,-55.0
1776885257.8131027,-5.0,-1.0,-52.0
1776885257.8231027,-3.0,-2.0,-52.0
1776885257.8331027,-2.0,-5.0,-49.0
1776885257.8431027,0.0,-7.0,-43.0
1776885257.8531027,0.0,-8.0,-33.0
1776885257.863103,-3.0,-6.0,-33.0
1776885257.873103,-3.0,-6.0,-33.0
1776885257.883103,-2.0,-4.0,-41.0
1776885257.8931026,-2.0,-4.0,-44.0
1776885257.9031026,-1.0,-6.0,-49.0
1776885257.9131026,0.0,-4.0,-54.0
1776885257.9231029,2.0,-1.0,-52.0
1776885257.9331028,3.0,-2.0,-44.0
1776885257.9431028,0.0,-1.0,-38.0
1776885257.9531028,3.0,0.0,-42.0
1776885257.9631028,6.0,0.0,-45.0
1776885257.9731028,8.0,-3.0,-43.0
1776885257.9831028,5.0,-5.0,-39.0
1776885257.9931028,7.0,-2.0,-39.0
1776885258.0031028,12.0,-7.0,-38.0
1776885258.0131028,8.0,-7.0,-39.0
1776885258.0231028,4.0,-5.0,-40.0
1776885258.0331028,5.0,-5.0,-44.0
1776885258.0431027,6.0,-5.0,-43.0
1776885258.0531027,2.0,-3.0,-38.0
1776885258.0631027,0.0,-2.0,-43.0
1776885258.0731027,0.0,-1.0,-39.0
1776885258.0831027,-2.0,0.0,-45.0
1776885258.0931027,-5.0,0.0,-46.0
1776885258.1031027,-6.0,0.0,-47.0
1776885258.113103,-3.0,0.0,-41.0
1776885258.123103,-4.0,-4.0,-40.0
1776885258.133103,-1.0,-2.0,-45.0
1776885258.1431026,3.0,-2.0,-43.0
1776885258.1531026,3.0,-1.0,-39.0
1776885258.1631026,-5.0,0.0,-39.0
1776885258.1731029,-4.0,1.0,-41.0
1776885258.1831028,-4.0,-6.0,-41.0
1776885258.1931028,0.0,-1.0,-44.0
1776885258.2031028,6.0,0.0,-40.0
1776885258.2131028,6.0,1.0,-46.0
1776885258.2231028,4.0,-1.0,-45.0
1776885258.2331028,5.0,-8.0,-49.0
1776885258.2431028,4.0,-8.0,-46.0
1776885258.2531028,3.0,-4.0,-44.0
1776885258.2641027,5.0,-1.0,-42.0
1776885258.2731028,6.0,-1.0,-44.0
1776885258.2831028,0.0,-2.0,-42.0
1776885258.2931027,4.0,-2.0,-48.0
1776885258.3031027,8.0,-2.0,-39.0
1776885258.3131027,6.0,-7.0,-39.0
1776885258.3231027,5.0,-10.0,-40.0
1776885258.3331027,6.0,-12.0,-44.0
1776885258.3431027,5.0,-9.0,-45.0
1776885258.3531027,3.0,-8.0,-43.0
1776885258.363103,-2.0,-11.0,-48.0
1776885258.373103,2.0,-8.0,-44.0
1776885258.383103,3.0,-6.0,-40.0
1776885258.3931026,2.0,-8.0,-45.0
1776885258.4031026,3.0,-8.0,-46.0
1776885258.4131026,-3.0,-7.0,-37.0
1776885258.4231029,-1.0,-6.0,-39.0
1776885258.4331028,2.0,-4.0,-46.0
1776885258.4431028,3.0,0.0,-46.0
1776885258.4531028,3.0,2.0,-48.0
1776885258.4631028,5.0,3.0,-45.0
1776885258.4731028,4.0,2.0,-44.0
1776885258.4831028,1.0,3.0,-48.0
1776885258.4931028,-2.0,0.0,-45.0
1776885258.5031028,0.0,-5.0,-40.0
1776885258.5131028,-1.0,-8.0,-42.0
1776885258.5231028,-1.0,-8.0,-44.0
1776885258.5331028,-7.0,-8.0,-46.0
1776885258.5431027,-9.0,-7.0,-47.0
1776885258.5531027,-7.0,-7.0,-45.0
1776885258.5631027,-1.0,-5.0,-43.0
1776885258.5731027,0.0,-3.0,-47.0
1776885258.5831027,-2.0,-6.0,-47.0
1776885258.5931027,2.0,-8.0,-50.0
1776885258.6031027,2.0,-8.0,-43.0
1776885258.613103,4.0,-1.0,-45.0
1776885258.623103,5.0,-2.0,-42.0
1776885258.633103,2.0,-4.0,-43.0
1776885258.6431026,2.0,-1.0,-42.0
1776885258.6531026,-1.0,-2.0,-40.0
1776885258.6631026,1.0,-4.0,-35.0
1776885258.6731029,0.0,0.0,-35.0
1776885258.6831028,3.0,0.0,-34.0
1776885258.6931028,0.0,-3.0,-35.0
1776885258.7031028,-1.0,-7.0,-41.0
1776885258.7131028,1.0,-9.0,-40.0
1776885258.7231028,3.0,-10.0,-43.0
1776885258.7331028,5.0,-7.0,-44.0
1776885258.7431028,6.0,-8.0,-45.0
1776885258.7531028,9.0,-8.0,-48.0
1776885258.7631028,8.0,-8.0,-42.0
1776885258.7731028,7.0,-7.0,-37.0
1776885258.7831028,7.0,-9.0,-35.0
1776885258.7931027,7.0,-9.0,-35.0
1776885258.8031027,3.0,-5.0,-48.0
1776885258.8131027,2.0,-1.0,-45.0
1776885258.8231027,2.0,1.0,-47.0
1776885258.8331027,3.0,3.0,-47.0
1776885258.8431027,7.0,2.0,-52.0
1776885258.8531027,0.0,2.0,-48.0
1776885258.863103,-3.0,-2.0,-45.0
1776885258.873103,0.0,-3.0,-48.0
1776885258.883103,2.0,-1.0,-48.0
1776885258.8931026,0.0,-3.0,-49.0
1776885258.9031026,4.0,2.0,-43.0
1776885258.9131026,9.0,0.0,-38.0
1776885258.9231029,8.0,-3.0,-37.0
1776885258.9331028,2.0,-5.0,-31.0
1776885258.9431028,2.0,-2.0,-28.0
1776885258.9531028,2.0,-5.0,-32.0
1776885258.9631028,0.0,-5.0,-39.0
1776885258.9731028,0.0,-2.0,-45.0
1776885258.9831028,0.0,-3.0,-46.0
1776885258.9931028,0.0,-3.0,-46.0
1776885259.0031028,1.0,1.0,-43.0
1776885259.0131028,1.0,0.0,-39.0
1776885259.0231028,0.0,-1.0,-38.0
1776885259.0331028,-1.0,-4.0,-45.0
1776885259.0431027,-3.0,-4.0,-49.0
1776885259.0531027,-9.0,-1.0,-52.0
1776885259.0641026,-9.0,3.0,-51.0
1776885259.0741026,-6.0,4.0,-45.0
1776885259.0841026,-5.0,3.0,-45.0
1776885259.0941026,-1.0,3.0,-48.0
1776885259.1041028,0.0,-2.0,-48.0
1776885259.1141028,-5.0,-3.0,-51.0
1776885259.1241028,0.0,-5.0,-52.0
1776885259.1341028,4.0,-7.0,-45.0
1776885259.1441028,3.0,-8.0,-41.0
1776885259.1541028,3.0,-6.0,-42.0
1776885259.1641028,4.0,-7.0,-44.0
1776885259.1741028,0.0,-3.0,-41.0
1776885259.1841028,0.0,-3.0,-45.0
1776885259.1941028,-5.0,-3.0,-44.0
1776885259.2041028,-4.0,0.0,-39.0
1776885259.2141027,0.0,0.0,-37.0
1776885259.2241027,-1.0,-2.0,-37.0
1776885259.2341027,-4.0,-1.0,-36.0
1776885259.2441027,-2.0,2.0,-40.0
1776885259.2541027,-2.0,3.0,-43.0
1776885259.2641027,0.0,0.0,-46.0
1776885259.2741027,1.0,-1.0,-47.0
1776885259.284103,3.0,-1.0,-46.0
1776885259.294103,0.0,1.0,-46.0
1776885259.304103,-3.0,6.0,-44.0
1776885259.3141026,2.0,5.0,-46.0
1776885259.3241026,0.0,2.0,-37.0
1776885259.3341026,1.0,5.0,-38.0
1776885259.3441026,0.0,2.0,-41.0
1776885259.3541028,1.0,0.0,-45.0
1776885259.3641028,4.0,0.0,-47.0
1776885259.3741028,1.0,-3.0,-49.0
1776885259.3841028,-2.0,-3.0,-50.0
1776885259.3941028,-3.0,-2.0,-53.0
1776885259.4041028,0.0,-7.0,-49.0
1776885259.4141028,0.0,-7.0,-46.0
1776885259.4241028,0.0,-4.0,-41.0
1776885259.4341028,6.0,-4.0,-45.0
1776885259.4441028,5.0,-4.0,-38.0
1776885259.4541028,6.0,-4.0,-36.0
1776885259.4641027,8.0,-5.0,-37.0
1776885259.4741027,7.0,-4.0,-36.0
1776885259.4841027,0.0,-3.0,-31.0
1776885259.4941027,-1.0,-2.0,-33.0
1776885259.5041027,-3.0,0.0,-33.0
1776885259.5141027,-5.0,0.0,-38.0
1776885259.5241027,-6.0,-2.0,-39.0
1776885259.534103,-5.0,-1.0,-39.0
1776885259.544103,-6.0,0.0,-42.0
1776885259.554103,-1.0,-1.0,-44.0
1776885259.5641026,0.0,-2.0,-42.0
1776885259.5741026,4.0,0.0,-33.0
1776885259.5841026,6.0,0.0,-33.0
1776885259.5941026,7.0,-2.0,-41.0
1776885259.6041028,7.0,0.0,-38.0
1776885259.6141028,3.0,4.0,-43.0
1776885259.6241028,5.0,0.0,-36.0
1776885259.6341028,5.0,0.0,-33.0
1776885259.6441028,3.0,-1.0,-31.0
1776885259.6541028,-1.0,0.0,-33.0
1776885259.6641028,1.0,-1.0,-40.0
1776885259.6741028,2.0,0.0,-42.0
1776885259.6841028,2.0,1.0,-36.0
1776885259.6941028,1.0,-2.0,-33.0
1776885259.7041028,0.0,-5.0,-36.0
1776885259.7141027,2.0,-1.0,-39.0
1776885259.7241027,4.0,0.0,-39.0
1776885259.7341027,0.0,0.0,-47.0
1776885259.7441027,-1.0,0.0,-49.0
1776885259.7541027,0.0,-2.0,-46.0
1776885259.7641027,1.0,1.0,-46.0
1776885259.7741027,0.0,0.0,-41.0
1776885259.784103,-5.0,-1.0,-41.0
1776885259.794103,-1.0,0.0,-36.0
1776885259.804103,-7.0,0.0,-29.0
1776885259.8141026,-9.0,2.0,-33.0
1776885259.8241026,-8.0,3.0,-35.0
1776885259.8341026,-4.0,5.0,-39.0
1776885259.8441026,-1.0,4.0,-41.0
1776885259.8541028,0.0,6.0,-44.0
1776885259.8641028,1.0,4.0,-40.0
1776885259.8741028,0.0,3.0,-44.0
1776885259.8841028,2.0,1.0,-48.0
1776885259.8941028,-1.0,1.0,-56.0
1776885259.9041028,-1.0,-2.0,-63.0
1776885259.9141028,-1.0,-2.0,-64.0
1776885259.9241028,-1.0,-8.0,-63.0
1776885259.9341028,-2.0,-7.0,-62.0
1776885259.9441028,-3.0,-2.0,-56.0
1776885259.9541028,-5.0,-2.0,-54.0
1776885259.9641027,-1.0,0.0,-51.0
1776885259.9741027,-2.0,0.0,-44.0
1776885259.9841027,-3.0,-3.0,-42.0
1776885259.9941027,0.0,-1.0,-42.0
1776885260.0041027,1.0,-1.0,-39.0
1776885260.0141027,0.0,-1.0,-37.0
1776885260.0241027,0.0,0.0,-36.0
1776885260.034103,-2.0,-5.0,-32.0
1776885260.044103,1.0,-5.0,-38.0
1776885260.054103,3.0,-1.0,-37.0
1776885260.0641026,3.0,1.0,-36.0
1776885260.0741026,7.0,-2.0,-40.0
1776885260.0841026,5.0,2.0,-35.0
1776885260.0941026,3.0,3.0,-30.0
1776885260.1041028,0.0,4.0,-22.0
1776885260.1141028,-3.0,0.0,-28.0
1776885260.1241028,-8.0,-5.0,-33.0
1776885260.1341028,-9.0,-4.0,-37.0
1776885260.1441028,-7.0,-1.0,-46.0
1776885260.1541028,-6.0,-3.0,-45.0
1776885260.1641028,-7.0,-5.0,-43.0
1776885260.1741028,-5.0,-7.0,-37.0
1776885260.1841028,-2.0,-3.0,-43.0
1776885260.1941028,1.0,0.0,-47.0
1776885260.2041028,2.0,0.0,-42.0
1776885260.2141027,6.0,0.0,-41.0
1776885260.2241027,3.0,0.0,-40.0
1776885260.2341027,1.0,-2.0,-45.0
1776885260.2441027,1.0,-4.0,-46.0
1776885260.2541027,0.0,-2.0,-41.0
1776885260.2641027,-1.0,-4.0,-36.0
1776885260.2741027,0.0,-5.0,-37.0
1776885260.284103,0.0,-2.0,-42.0
1776885260.294103,0.0,0.0,-48.0
1776885260.304103,-1.0,0.0,-44.0
1776885260.3141026,-3.0,3.0,-40.0
1776885260.3241026,-6.0,0.0,-40.0
1776885260.3341026,-4.0,0.0,-44.0
1776885260.3441026,-7.0,1.0,-44.0
1776885260.3541028,-11.0,2.0,-47.0
1776885260.3641028,-8.0,4.0,-49.0
1776885260.3741028,-8.0,0.0,-50.0
1776885260.3841028,-9.0,-1.0,-48.0
1776885260.3941028,-4.0,0.0,-45.0
1776885260.4041028,-1.0,0.0,-43.0
1776885260.4141028,-1.0,-1.0,-47.0
1776885260.4241028,0.0,-1.0,-44.0
1776885260.4341028,-1.0,-4.0,-41.0
1776885260.4441028,2.0,-6.0,-43.0
1776885260.4541028,4.0,-4.0,-50.0
1776885260.4641027,0.0,-4.0,-49.0
1776885260.4741027,4.0,-5.0,-49.0
1776885260.4841027,7.0,-5.0,-52.0
1776885260.4941027,4.0,-4.0,-58.0
1776885260.5041027,2.0,-4.0,-59.0
1776885260.5141027,1.0,-3.0,-57.0
1776885260.5241027,0.0,0.0,-58.0
1776885260.534103,1.0,1.0,-56.0
1776885260.544103,-3.0,-1.0,-58.0
1776885260.554103,-3.0,-3.0,-62.0
1776885260.5641026,-3.0,-7.0,-61.0
1776885260.5741026,-2.0,-4.0,-62.0
1776885260.5841026,0.0,-3.0,-52.0
1776885260.5941026,0.0,-3.0,-44.0
1776885260.6041028,0.0,-2.0,-43.0
1776885260.6141028,1.0,-2.0,-43.0
1776885260.6241028,7.0,-6.0,-40.0
1776885260.6341028,1.0,-6.0,-40.0
1776885260.6441028,1.0,-6.0,-46.0
1776885260.6541028,-3.0,-6.0,-43.0
1776885260.6641028,0.0,-5.0,-32.0
1776885260.6741028,3.0,-4.0,-29.0
1776885260.6841028,4.0,-8.0,-24.0
1776885260.6941028,2.0,-7.0,-29.0
1776885260.7041028,-1.0,-6.0,-34.0
1776885260.7141027,1.0,-6.0,-35.0
1776885260.7241027,2.0,-7.0,-38.0
1776885260.7341027,2.0,-1.0,-41.0
1776885260.7441027,2.0,0.0,-47.0
1776885260.7541027,4.0,-6.0,-49.0
1776885260.7641027,7.0,-7.0,-49.0
1776885260.7741027,5.0,-7.0,-48.0
1776885260.784103,1.0,-6.0,-48.0
1776885260.794103,2.0,-3.0,-50.0
1776885260.804103,5.0,-5.0,-56.0
1776885260.8141026,6.0,-8.0,-49.0
1776885260.8241026,7.0,-11.0,-37.0
1776885260.8341026,8.0,-7.0,-44.0
1776885260.8441026,2.0,-6.0,-53.0
1776885260.8541028,1.0,-5.0,-53.0
1776885260.8641028,-1.0,-6.0,-54.0
1776885260.8741028,-2.0,-4.0,-42.0
1776885260.8841028,-3.0,0.0,-39.0
1776885260.8941028,0.0,-1.0,-38.0
1776885260.9041028,1.0,-5.0,-38.0
1776885260.9141028,2.0,-10.0,-40.0
1776885260.9241028,-3.0,-10.0,-42.0
1776885260.9341028,-2.0,-10.0,-42.0
1776885260.9441028,0.0,-4.0,-48.0
1776885260.9541028,0.0,-2.0,-52.0
1776885260.9641027,0.0,-4.0,-44.0
1776885260.9741027,-2.0,0.0,-40.0
1776885260.9841027,-4.0,-1.0,-37.0
1776885260.9941027,-2.0,0.0,-35.0
1776885261.0041027,-7.0,3.0,-32.0
1776885261.0151026,-5.0,2.0,-29.0
1776885261.0251029,0.0,3.0,-25.0
1776885261.0351028,0.0,1.0,-23.0
1776885261.0451028,-1.0,-2.0,-31.0
1776885261.0551028,2.0,0.0,-33.0
1776885261.0651028,1.0,1.0,-30.0
1776885261.0751028,3.0,3.0,-32.0
1776885261.0851028,3.0,4.0,-35.0
1776885261.0951028,5.0,3.0,-37.0
1776885261.1051028,8.0,2.0,-32.0
1776885261.1151028,6.0,1.0,-33.0
1776885261.1251028,7.0,0.0,-39.0
1776885261.1351027,2.0,-1.0,-37.0
1776885261.1451027,1.0,1.0,-38.0
1776885261.1551027,2.0,6.0,-42.0
1776885261.1651027,2.0,7.0,-42.0
1776885261.1751027,1.0,9.0,-36.0
1776885261.1851027,-2.0,4.0,-36.0
1776885261.1951027,-1.0,5.0,-44.0
1776885261.2051027,0.0,5.0,-47.0
1776885261.215103,0.0,4.0,-46.0
1776885261.225103,1.0,3.0,-46.0
1776885261.235103,4.0,8.0,-43.0
1776885261.2451026,1.0,7.0,-44.0
1776885261.2551026,0.0,3.0,-46.0
1776885261.2651026,2.0,1.0,-48.0
1776885261.2751029,0.0,1.0,-46.0
1776885261.2851028,-3.0,-1.0,-45.0
1776885261.2951028,-3.0,-1.0,-45.0
1776885261.3051028,-4.0,-1.0,-44.0
1776885261.3151028,0.0,0.0,-46.0
1776885261.3251028,1.0,0.0,-45.0
1776885261.3351028,-1.0,-3.0,-40.0
1776885261.3451028,-1.0,-6.0,-42.0
1776885261.3551028,0.0,-9.0,-36.0
1776885261.3651028,0.0,-14.0,-39.0
1776885261.3751028,3.0,-13.0,-42.0
1776885261.3851027,3.0,-11.0,-45.0
1776885261.3951027,8.0,-10.0,-43.0
1776885261.4051027,10.0,-7.0,-46.0
1776885261.4151027,9.0,-5.0,-52.0
1776885261.4251027,6.0,-2.0,-54.0
1776885261.4351027,2.0,-3.0,-51.0
1776885261.4451027,2.0,-3.0,-53.0
1776885261.4551027,2.0,-4.0,-56.0
1776885261.465103,0.0,-4.0,-57.0
1776885261.475103,2.0,-3.0,-61.0
1776885261.485103,0.0,-6.0,-62.0
1776885261.4951026,-2.0,-6.0,-56.0
1776885261.5051026,0.0,-4.0,-51.0
1776885261.5151026,5.0,-7.0,-51.0
1776885261.5251029,5.0,-6.0,-53.0
1776885261.5351028,1.0,-11.0,-56.0
1776885261.5451028,1.0,-8.0,-56.0
1776885261.5551028,1.0,-2.0,-51.0
1776885261.5651028,0.0,-4.0,-48.0
1776885261.5751028,3.0,-3.0,-51.0
1776885261.5851028,-2.0,-4.0,-53.0
1776885261.5951028,2.0,-2.0,-53.0
1776885261.6051028,1.0,1.0,-46.0
1776885261.6151028,2.0,4.0,-43.0
1776885261.6251028,4.0,4.0,-38.0
1776885261.6351027,3.0,1.0,-34.0
1776885261.6451027,4.0,-3.0,-35.0
1776885261.6551027,4.0,-4.0,-39.0
1776885261.6651027,3.0,-4.0,-45.0
1776885261.6751027,4.0,-4.0,-38.0
1776885261.6851027,3.0,-5.0,-37.0
1776885261.6951027,0.0,-5.0,-37.0
1776885261.7051027,-2.0,-3.0,-43.0
1776885261.715103,-1.0,-5.0,-42.0
1776885261.725103,-3.0,-1.0,-42.0
1776885261.735103,0.0,0.0,-41.0
1776885261.7451026,3.0,-2.0,-42.0
1776885261.7551026,1.0,-5.0,-46.0
1776885261.7651026,0.0,0.0,-51.0
1776885261.7751029,0.0,0.0,-50.0
1776885261.7851028,0.0,0.0,-44.0
1776885261.7951028,-1.0,1.0,-35.0
1776885261.8051028,-2.0,-1.0,-39.0
1776885261.8151028,0.0,-1.0,-40.0
1776885261.8251028,0.0,-2.0,-45.0
1776885261.8351028,0.0,-4.0,-52.0
1776885261.8451028,-3.0,0.0,-53.0
1776885261.8551028,-5.0,0.0,-49.0
1776885261.8651028,2.0,0.0,-49.0
1776885261.8751028,2.0,0.0,-52.0
1776885261.8851027,1.0,0.0,-51.0
1776885261.8951027,1.0,0.0,-60.0
1776885261.9051027,3.0,0.0,-57.0
1776885261.9151027,4.0,0.0,-46.0
1776885261.9251027,-1.0,0.0,-44.0
1776885261.9351027,-3.0,3.0,-47.0
1776885261.9451027,-3.0,6.0,-52.0
1776885261.9551027,-2.0,8.0,-48.0
1776885261.965103,-1.0,3.0,-46.0
1776885261.975103,0.0,2.0,-49.0
1776885261.985103,-3.0,0.0,-49.0
1776885261.9951026,-5.0,0.0,-46.0
1776885262.0051026,-7.0,-3.0,-45.0
1776885262.0151026,-3.0,-3.0,-41.0
1776885262.0251029,-4.0,0.0,-43.0
1776885262.0351028,0.0,1.0,-46.0
1776885262.0451028,1.0,1.0,-43.0
1776885262.0551028,5.0,1.0,-42.0
1776885262.0651028,3.0,2.0,-40.0
1776885262.0751028,0.0,-2.0,-42.0
1776885262.0851028,3.0,-2.0,-45.0
1776885262.0951028,1.0,-3.0,-49.0
1776885262.1051028,4.0,-8.0,-44.0
1776885262.1151028,3.0,-5.0,-40.0
1776885262.1251028,1.0,-5.0,-43.0
1776885262.1351027,4.0,-7.0,-42.0
1776885262.1451027,0.0,-7.0,-48.0
1776885262.1551027,3.0,-5.0,-40.0
1776885262.1651027,0.0,0.0,-36.0
1776885262.1751027,2.0,-1.0,-38.0
1776885262.1851027,2.0,0.0,-39.0
1776885262.1951027,3.0,1.0,-40.0
1776885262.2051027,6.0,1.0,-44.0
1776885262.215103,5.0,1.0,-45.0
1776885262.225103,7.0,0.0,-47.0
1776885262.235103,8.0,0.0,-44.0
1776885262.2451026,6.0,-2.0,-45.0
1776885262.2551026,6.0,-2.0,-47.0
1776885262.2651026,5.0,-2.0,-51.0
1776885262.2751029,0.0,-3.0,-48.0
1776885262.2851028,-2.0,-5.0,-41.0
1776885262.2951028,-3.0,-2.0,-39.0
1776885262.3051028,2.0,-5.0,-43.0
1776885262.3151028,6.0,-7.0,-41.0
1776885262.3251028,2.0,-8.0,-42.0
1776885262.3351028,1.0,-2.0,-43.0
1776885262.3451028,2.0,-1.0,-40.0
1776885262.3551028,1.0,2.0,-43.0
1776885262.3651028,-1.0,1.0,-47.0
1776885262.3751028,0.0,-4.0,-52.0
1776885262.3851027,0.0,-4.0,-45.0
1776885262.3951027,0.0,-4.0,-44.0
1776885262.4051027,-1.0,0.0,-49.0
1776885262.4151027,-4.0,-1.0,-44.0
1776885262.4251027,-1.0,-5.0,-43.0
1776885262.4351027,-4.0,-2.0,-43.0
1776885262.4451027,-8.0,1.0,-36.0
1776885262.4551027,-7.0,0.0,-40.0
1776885262.465103,-2.0,2.0,-45.0
1776885262.475103,-1.0,7.0,-37.0
1776885262.485103,1.0,5.0,-42.0
1776885262.4951026,4.0,0.0,-44.0
1776885262.5051026,6.0,-3.0,-42.0
1776885262.5151026,4.0,-5.0,-39.0
1776885262.5251029,3.0,-3.0,-47.0
1776885262.5351028,0.0,-3.0,-48.0
1776885262.5451028,-2.0,-1.0,-50.0
1776885262.5551028,-6.0,-2.0,-52.0
1776885262.5651028,-8.0,-2.0,-54.0
1776885262.5751028,-1.0,-5.0,-51.0
1776885262.5851028,-1.0,-2.0,-52.0
1776885262.5951028,-3.0,0.0,-51.0
1776885262.6051028,-3.0,0.0,-53.0
1776885262.6151028,-3.0,0.0,-55.0
1776885262.6251028,-1.0,-1.0,-45.0
1776885262.6351027,-3.0,3.0,-42.0
1776885262.6451027,-8.0,3.0,-42.0
1776885262.6551027,-6.0,0.0,-42.0
1776885262.6651027,-5.0,-1.0,-47.0
1776885262.6751027,-4.0,1.0,-45.0
1776885262.6851027,-5.0,5.0,-46.0
1776885262.6951027,0.0,3.0,-44.0
1776885262.7051027,4.0,0.0,-37.0
1776885262.715103,2.0,-3.0,-37.0
1776885262.725103,3.0,-1.0,-40.0
1776885262.735103,0.0,0.0,-42.0
1776885262.7451026,0.0,-2.0,-44.0
1776885262.7551026,1.0,2.0,-37.0
1776885262.7651026,1.0,3.0,-40.0
1776885262.7751029,3.0,2.0,-38.0
1776885262.7851028,9.0,0.0,-43.0
1776885262.7951028,10.0,-2.0,-47.0
1776885262.8051028,8.0,-4.0,-46.0
1776885262.8151028,5.0,0.0,-43.0
1776885262.8251028,1.0,-2.0,-41.0
1776885262.8351028,-1.0,-2.0,-40.0
1776885262.8451028,-2.0,-7.0,-43.0
1776885262.8551028,-2.0,-9.0,-39.0
1776885262.8651028,-1.0,-6.0,-38.0
1776885262.8751028,-2.0,-6.0,-41.0
1776885262.8851027,0.0,-8.0,-41.0
1776885262.8951027,2.0,-8.0,-47.0
1776885262.9051027,-1.0,-11.0,-45.0
1776885262.9151027,-1.0,-12.0,-50.0
1776885262.9251027,0.0,-13.0,-51.0
1776885262.9351027,2.0,-10.0,-52.0
1776885262.9451027,2.0,-8.0,-51.0
1776885262.9551027,2.0,-5.0,-51.0
1776885262.965103,2.0,-8.0,-42.0
1776885262.975103,3.0,-6.0,-44.0
1776885262.985103,5.0,-5.0,-44.0
1776885262.9951026,10.0,-1.0,-53.0
1776885263.0051026,11.0,-2.0,-61.0
1776885263.0161028,8.0,-2.0,-62.0
1776885263.0261028,5.0,0.0,-63.0
1776885263.0361028,5.0,0.0,-56.0
1776885263.0461028,3.0,0.0,-56.0
1776885263.0561028,4.0,-5.0,-55.0
1776885263.0661027,1.0,-5.0,-53.0
1776885263.0761027,3.0,-6.0,-44.0
1776885263.0861027,3.0,-4.0,-43.0
1776885263.0961027,3.0,-1.0,-41.0
1776885263.1061027,4.0,-1.0,-35.0
1776885263.1161027,-1.0,-5.0,-37.0
1776885263.1261027,-2.0,-4.0,-40.0
1776885263.136103,-2.0,-6.0,-36.0
1776885263.146103,-2.0,-8.0,-45.0
1776885263.156103,2.0,-7.0,-46.0
1776885263.1661026,0.0,-8.0,-40.0
1776885263.1761026,1.0,-12.0,-38.0
1776885263.1861026,-2.0,-6.0,-43.0
1776885263.1961029,2.0,-4.0,-44.0
1776885263.2061028,3.0,-3.0,-42.0
1776885263.2161028,2.0,-2.0,-42.0
1776885263.2261028,-7.0,-6.0,-40.0
1776885263.2361028,-2.0,-5.0,-45.0
1776885263.2461028,-2.0,-2.0,-47.0
1776885263.2561028,-4.0,-5.0,-46.0
1776885263.2661028,-1.0,-3.0,-45.0
1776885263.2761028,1.0,2.0,-48.0
1776885263.2861028,3.0,-1.0,-49.0
1776885263.2961028,2.0,-6.0,-51.0
1776885263.3061028,2.0,-1.0,-45.0
1776885263.317103,0.0,0.0,-47.0
1776885263.3261027,0.0,0.0,-51.0
1776885263.3361027,-4.0,5.0,-50.0
1776885263.3461027,-4.0,1.0,-49.0
1776885263.3561027,-3.0,1.0,-52.0
1776885263.3661027,-1.0,-2.0,-50.0
1776885263.3761027,0.0,-1.0,-44.0
1776885263.386103,0.0,-2.0,-38.0
1776885263.396103,-3.0,-1.0,-41.0
1776885263.406103,-2.0,0.0,-41.0
1776885263.4161026,0.0,1.0,-38.0
1776885263.4261026,-1.0,0.0,-42.0
1776885263.4361026,-3.0,-1.0,-39.0
1776885263.4461029,0.0,-11.0,-43.0
1776885263.4561028,0.0,-10.0,-44.0
1776885263.4661028,-4.0,-9.0,-45.0
1776885263.4761028,-4.0,-8.0,-44.0
1776885263.4861028,0.0,-9.0,-43.0
1776885263.4961028,6.0,-9.0,-45.0
1776885263.5061028,6.0,-8.0,-43.0
1776885263.5161028,0.0,-9.0,-45.0
1776885263.5261028,0.0,-10.0,-47.0
1776885263.5361028,0.0,-8.0,-43.0
1776885263.5461028,0.0,-1.0,-46.0
1776885263.5561028,1.0,7.0,-39.0
1776885263.5661027,2.0,11.0,-44.0
1776885263.5761027,2.0,9.0,-43.0
1776885263.5861027,3.0,6.0,-49.0
1776885263.5961027,3.0,7.0,-48.0
1776885263.6061027,2.0,5.0,-46.0
1776885263.6161027,-2.0,4.0,-54.0
1776885263.6261027,-2.0,2.0,-44.0
1776885263.636103,-4.0,-2.0,-46.0
1776885263.646103,-3.0,-2.0,-46.0
1776885263.656103,1.0,-2.0,-47.0
1776885263.6661026,0.0,1.0,-48.0
1776885263.6761026,0.0,0.0,-42.0
1776885263.6861026,-1.0,1.0,-50.0
1776885263.6961029,-2.0,0.0,-51.0
1776885263.7061028,-2.0,-1.0,-52.0
1776885263.7161028,-3.0,0.0,-47.0
1776885263.7261028,-7.0,-2.0,-49.0
1776885263.7361028,-6.0,0.0,-49.0
1776885263.7461028,-7.0,-1.0,-39.0
1776885263.7561028,-6.0,-3.0,-37.0
1776885263.7661028,-5.0,0.0,-44.0
1776885263.7761028,-4.0,0.0,-41.0
1776885263.7861028,-3.0,0.0,-41.0
1776885263.7961028,-3.0,0.0,-40.0
1776885263.8061028,-2.0,-2.0,-41.0
1776885263.8161027,0.0,-1.0,-31.0
1776885263.8261027,1.0,0.0,-35.0
1776885263.8361027,2.0,1.0,-32.0
1776885263.8461027,0.0,1.0,-25.0
1776885263.8561027,-1.0,1.0,-25.0
1776885263.8661027,-1.0,4.0,-29.0
1776885263.8761027,-6.0,4.0,-30.0
1776885263.886103,-9.0,2.0,-32.0
1776885263.896103,-8.0,4.0,-36.0
1776885263.906103,-7.0,0.0,-37.0
1776885263.9161026,-6.0,1.0,-42.0
1776885263.9261026,-6.0,-2.0,-44.0
1776885263.9361026,-2.0,0.0,-42.0
1776885263.9461029,-1.0,0.0,-42.0
1776885263.9561028,0.0,-2.0,-40.0
1776885263.9661028,0.0,-3.0,-38.0
1776885263.9761028,2.0,-4.0,-42.0
1776885263.9861028,3.0,-2.0,-46.0
1776885263.9961028,4.0,-5.0,-46.0
1776885264.0061028,3.0,-5.0,-53.0
1776885264.0161028,0.0,-8.0,-49.0
1776885264.0261028,2.0,-10.0,-49.0
1776885264.0361028,-2.0,-8.0,-45.0
1776885264.0461028,0.0,-8.0,-47.0
1776885264.0561028,1.0,-7.0,-44.0
1776885264.0661027,2.0,-1.0,-39.0
1776885264.0761027,4.0,-5.0,-45.0
1776885264.0861027,5.0,-3.0,-45.0
1776885264.0961027,5.0,0.0,-42.0
1776885264.1061027,6.0,-4.0,-44.0
1776885264.1161027,6.0,-3.0,-42.0
1776885264.1261027,4.0,-1.0,-42.0
1776885264.136103,3.0,2.0,-45.0
1776885264.146103,2.0,5.0,-45.0
1776885264.156103,0.0,-2.0,-48.0
1776885264.1661026,-4.0,-3.0,-48.0
1776885264.1761026,0.0,-4.0,-46.0
1776885264.1861026,-3.0,-4.0,-50.0
1776885264.1961029,-8.0,-5.0,-50.0
1776885264.2061028,-10.0,-6.0,-45.0
1776885264.2161028,-5.0,-9.0,-43.0
1776885264.2261028,-2.0,-10.0,-42.0
1776885264.2361028,-4.0,-7.0,-33.0
1776885264.2461028,-11.0,-3.0,-38.0
1776885264.2561028,-9.0,-1.0,-38.0
1776885264.2661028,-4.0,-6.0,-43.0
1776885264.2761028,-2.0,-6.0,-43.0
1776885264.2861028,1.0,-4.0,-45.0
1776885264.2961028,1.0,-2.0,-44.0
1776885264.3061028,4.0,-6.0,-47.0
1776885264.3161027,0.0,-2.0,-45.0
1776885264.3261027,0.0,-2.0,-46.0
1776885264.3361027,4.0,0.0,-43.0
1776885264.3461027,6.0,0.0,-39.0
1776885264.3561027,5.0,0.0,-37.0
1776885264.3661027,2.0,-1.0,-35.0
1776885264.3761027,0.0,0.0,-39.0
1776885264.386103,0.0,-7.0,-43.0
1776885264.396103,1.0,-7.0,-35.0
1776885264.406103,1.0,-5.0,-37.0
1776885264.4161026,4.0,-2.0,-47.0
1776885264.4261026,4.0,0.0,-41.0
1776885264.4361026,3.0,1.0,-37.0
1776885264.4461029,2.0,1.0,-37.0
1776885264.4561028,3.0,2.0,-41.0
1776885264.4661028,4.0,8.0,-41.0
1776885264.4761028,5.0,8.0,-41.0
1776885264.4861028,2.0,6.0,-39.0
1776885264.4961028,0.0,6.0,-37.0
1776885264.5061028,-1.0,6.0,-39.0
1776885264.5161028,-4.0,3.0,-37.0
1776885264.5261028,2.0,0.0,-36.0
1776885264.5361028,4.0,-1.0,-37.0
1776885264.5461028,6.0,-1.0,-32.0
1776885264.5561028,1.0,2.0,-38.0
1776885264.5661027,-4.0,1.0,-40.0
1776885264.5761027,-2.0,0.0,-43.0
1776885264.5861027,-3.0,0.0,-40.0
1776885264.5961027,-5.0,4.0,-42.0
1776885264.6061027,0.0,6.0,-39.0
1776885264.6161027,-1.0,3.0,-42.0
1776885264.6261027,-1.0,1.0,-46.0
1776885264.636103,2.0,0.0,-44.0
1776885264.646103,2.0,-2.0,-43.0
1776885264.656103,1.0,-2.0,-47.0
1776885264.6661026,0.0,-6.0,-46.0
1776885264.6761026,2.0,-8.0,-45.0
1776885264.6861026,3.0,-6.0,-44.0
1776885264.6961029,0.0,-11.0,-41.0
1776885264.7061028,4.0,-9.0,-42.0
1776885264.7161028,2.0,-7.0,-43.0
1776885264.7261028,0.0,-6.0,-42.0
1776885264.7361028,-4.0,-4.0,-43.0
1776885264.7461028,-5.0,-2.0,-35.0
1776885264.7561028,-4.0,1.0,-31.0
1776885264.7661028,-1.0,1.0,-34.0
1776885264.7761028,3.0,2.0,-38.0
1776885264.7861028,1.0,0.0,-40.0
1776885264.7961028,-4.0,-5.0,-39.0
1776885264.8061028,-1.0,-6.0,-39.0
1776885264.8161027,4.0,-4.0,-38.0
1776885264.8261027,5.0,-3.0,-43.0
1776885264.8361027,5.0,-4.0,-42.0
1776885264.8461027,0.0,-2.0,-46.0
1776885264.8561027,1.0,-3.0,-47.0
1776885264.8661027,1.0,-3.0,-44.0
1776885264.8761027,3.0,-2.0,-37.0
1776885264.886103,4.0,-2.0,-31.0
1776885264.896103,3.0,-2.0,-32.0
1776885264.906103,3.0,-5.0,-44.0
1776885264.9161026,0.0,-8.0,-43.0
1776885264.9261026,0.0,-3.0,-42.0
1776885264.9361026,-3.0,-4.0,-41.0
1776885264.9461029,-2.0,-4.0,-34.0
1776885264.9561028,0.0,-4.0,-40.0
1776885264.9671028,4.0,2.0,-37.0
1776885264.9761028,7.0,3.0,-37.0
1776885264.9871027,8.0,4.0,-39.0
1776885264.9971027,4.0,0.0,-40.0
1776885265.0071027,7.0,0.0,-42.0
1776885265.0171027,9.0,0.0,-43.0
1776885265.0271027,9.0,1.0,-40.0
1776885265.0371027,0.0,-1.0,-33.0
1776885265.0471027,-1.0,-4.0,-34.0
1776885265.057103,0.0,-2.0,-43.0
1776885265.067103,-3.0,0.0,-42.0
1776885265.077103,2.0,-1.0,-40.0
1776885265.087103,3.0,-2.0,-30.0
1776885265.0971026,1.0,3.0,-33.0
1776885265.1071026,-1.0,5.0,-39.0
1776885265.1171026,-1.0,3.0,-46.0
1776885265.1271029,0.0,1.0,-48.0
1776885265.1371028,1.0,7.0,-48.0
1776885265.1471028,0.0,4.0,-47.0
1776885265.1571028,2.0,1.0,-52.0
1776885265.1671028,1.0,1.0,-50.0
1776885265.1771028,4.0,0.0,-38.0
1776885265.1871028,5.0,0.0,-46.0
1776885265.1971028,10.0,-1.0,-41.0
1776885265.2071028,7.0,-1.0,-38.0
1776885265.2171028,4.0,0.0,-37.0
1776885265.2271028,0.0,0.0,-34.0
1776885265.2371027,-5.0,2.0,-36.0
1776885265.2471027,-5.0,3.0,-37.0
1776885265.2571027,-3.0,0.0,-39.0
1776885265.2671027,-2.0,-3.0,-39.0
1776885265.2771027,-2.0,-2.0,-44.0
1776885265.2871027,-3.0,0.0,-38.0
1776885265.2971027,-2.0,-2.0,-42.0
1776885265.307103,-2.0,-5.0,-41.0
1776885265.317103,-4.0,-2.0,-43.0
1776885265.327103,-2.0,-5.0,-44.0
1776885265.337103,-2.0,-4.0,-51.0
1776885265.3471026,-1.0,-3.0,-48.0
1776885265.3571026,1.0,0.0,-42.0
1776885265.3671026,5.0,-2.0,-48.0
1776885265.3771029,5.0,0.0,-49.0
1776885265.3871028,2.0,-2.0,-50.0
1776885265.3971028,2.0,-1.0,-47.0
1776885265.4071028,1.0,0.0,-46.0
1776885265.4171028,0.0,1.0,-43.0
1776885265.4271028,-2.0,1.0,-47.0
1776885265.4371028,-3.0,0.0,-43.0
1776885265.4471028,-2.0,1.0,-46.0
1776885265.4571028,-4.0,1.0,-49.0
1776885265.4671028,0.0,0.0,-44.0
1776885265.4771028,3.0,0.0,-42.0
1776885265.4871027,0.0,-5.0,-41.0
1776885265.4971027,-3.0,-6.0,-33.0
1776885265.5071027,-2.0,-1.0,-39.0
1776885265.5171027,-4.0,0.0,-39.0
1776885265.5271027,-3.0,0.0,-42.0
1776885265.5371027,-3.0,1.0,-42.0
1776885265.5471027,-2.0,0.0,-44.0
1776885265.557103,-2.0,1.0,-47.0
1776885265.567103,0.0,-3.0,-41.0
1776885265.577103,2.0,-8.0,-38.0
1776885265.587103,0.0,-8.0,-41.0
1776885265.5971026,-5.0,-10.0,-40.0
1776885265.6071026,-4.0,-12.0,-40.0
1776885265.6171026,-1.0,-8.0,-41.0
1776885265.6271029,4.0,-6.0,-39.0
1776885265.6371028,10.0,-4.0,-41.0
1776885265.6471028,5.0,-5.0,-45.0
1776885265.6571028,4.0,-6.0,-47.0
1776885265.6671028,6.0,-4.0,-50.0
1776885265.6771028,6.0,-3.0,-50.0
1776885265.6871028,2.0,-1.0,-50.0
1776885265.6971028,0.0,0.0,-50.0
1776885265.7071028,0.0,4.0,-50.0
1776885265.7171028,4.0,-1.0,-44.0
1776885265.7271028,7.0,-2.0,-44.0
1776885265.7371027,9.0,1.0,-39.0
1776885265.7471027,10.0,-1.0,-42.0
1776885265.7571027,8.0,-6.0,-44.0
1776885265.7671027,1.0,-5.0,-45.0
1776885265.7771027,3.0,-3.0,-47.0
1776885265.7871027,1.0,-3.0,-46.0
1776885265.7971027,-3.0,-7.0,-40.0
1776885265.807103,-2.0,-9.0,-37.0
1776885265.817103,0.0,-5.0,-29.0
1776885265.827103,-3.0,-4.0,-30.0
1776885265.837103,0.0,-2.0,-37.0
1776885265.8471026,1.0,-3.0,-34.0
1776885265.8571026,3.0,-5.0,-28.0
1776885265.8671026,3.0,0.0,-32.0
1776885265.8771029,2.0,-2.0,-33.0
1776885265.8871028,2.0,0.0,-34.0
1776885265.8971028,0.0,0.0,-32.0
1776885265.9071028,0.0,0.0,-35.0
1776885265.9171028,1.0,0.0,-35.0
1776885265.9271028,5.0,-3.0,-39.0
1776885265.9371028,2.0,-1.0,-43.0
1776885265.9471028,1.0,-3.0,-40.0
1776885265.9571028,-1.0,-4.0,-36.0
1776885265.9671028,0.0,-5.0,-41.0
1776885265.9771028,1.0,-3.0,-41.0
1776885265.9871027,0.0,-3.0,-44.0
1776885265.9971027,2.0,0.0,-48.0
1776885266.0071027,5.0,0.0,-50.0
1776885266.0171027,6.0,0.0,-45.0
1776885266.0271027,2.0,1.0,-46.0
1776885266.0371027,2.0,2.0,-49.0
1776885266.0471027,2.0,3.0,-45.0
1776885266.057103,0.0,1.0,-45.0
1776885266.067103,-3.0,3.0,-45.0
1776885266.077103,-5.0,0.0,-42.0
1776885266.087103,-5.0,-6.0,-43.0
1776885266.0971026,-4.0,-6.0,-42.0
1776885266.1071026,1.0,-8.0,-42.0
1776885266.1171026,0.0,-9.0,-46.0
1776885266.1271029,0.0,-2.0,-47.0
1776885266.1371028,-2.0,0.0,-44.0
1776885266.1471028,-4.0,1.0,-46.0
1776885266.1571028,-5.0,2.0,-54.0
1776885266.1671028,-1.0,0.0,-54.0
1776885266.1771028,-1.0,-3.0,-51.0
1776885266.1871028,-1.0,-2.0,-54.0
1776885266.1971028,5.0,-3.0,-44.0
1776885266.2071028,4.0,2.0,-45.0
1776885266.2171028,0.0,2.0,-40.0
1776885266.2271028,4.0,0.0,-40.0
1776885266.2371027,3.0,0.0,-41.0
1776885266.2471027,1.0,-2.0,-39.0
1776885266.2571027,4.0,0.0,-42.0
1776885266.2671027,-1.0,-2.0,-45.0
1776885266.2771027,1.0,0.0,-49.0
1776885266.2871027,-3.0,-1.0,-47.0
1776885266.2971027,-3.0,-1.0,-49.0
1776885266.307103,-1.0,-6.0,-56.0
1776885266.317103,2.0,-7.0,-50.0
1776885266.327103,7.0,-3.0,-46.0
1776885266.337103,4.0,0.0,-39.0
1776885266.3471026,3.0,1.0,-38.0
1776885266.3571026,0.0,1.0,-43.0
1776885266.3671026,1.0,0.0,-41.0
1776885266.3771029,-2.0,0.0,-47.0
1776885266.3871028,-3.0,0.0,-52.0
1776885266.3971028,-2.0,0.0,-52.0
1776885266.4071028,-2.0,-1.0,-50.0
1776885266.4171028,-4.0,0.0,-50.0
1776885266.4271028,-1.0,0.0,-54.0
1776885266.4371028,2.0,-7.0,-56.0
1776885266.4471028,3.0,-1.0,-50.0
1776885266.4571028,7.0,-1.0,-52.0
1776885266.4671028,7.0,0.0,-43.0
1776885266.4771028,4.0,1.0,-39.0
1776885266.4871027,6.0,-6.0,-39.0
1776885266.4971027,3.0,-5.0,-37.0
1776885266.5071027,0.0,-1.0,-39.0
1776885266.5171027,-1.0,0.0,-31.0
1776885266.5271027,-5.0,-3.0,-29.0
1776885266.5371027,-5.0,-3.0,-35.0
1776885266.5471027,-1.0,-1.0,-33.0
1776885266.557103,4.0,-3.0,-30.0
1776885266.567103,5.0,-4.0,-31.0
1776885266.577103,4.0,-4.0,-32.0
1776885266.587103,4.0,0.0,-32.0
1776885266.5971026,0.0,2.0,-35.0
1776885266.6071026,-2.0,0.0,-36.0
1776885266.6171026,0.0,0.0,-40.0
1776885266.6271029,0.0,6.0,-41.0
1776885266.6371028,0.0,2.0,-47.0
1776885266.6471028,1.0,4.0,-49.0
1776885266.6571028,6.0,3.0,-44.0
1776885266.6671028,3.0,2.0,-50.0
1776885266.6771028,-1.0,-1.0,-51.0
1776885266.6871028,-1.0,-1.0,-44.0
1776885266.6971028,-3.0,-4.0,-46.0
1776885266.7071028,-4.0,-8.0,-46.0
1776885266.7181027,-7.0,-7.0,-44.0
1776885266.7271028,-2.0,-6.0,-43.0
1776885266.7371027,1.0,-5.0,-43.0
1776885266.7471027,0.0,-1.0,-49.0
1776885266.7571027,0.0,-3.0,-47.0
1776885266.7671027,-3.0,-4.0,-44.0
1776885266.7771027,0.0,-4.0,-49.0
1776885266.7871027,2.0,0.0,-47.0
1776885266.7971027,4.0,0.0,-43.0
1776885266.807103,5.0,-1.0,-41.0
1776885266.817103,-1.0,2.0,-41.0
1776885266.827103,-5.0,5.0,-38.0
1776885266.837103,-3.0,3.0,-38.0
1776885266.8471026,-7.0,3.0,-37.0
1776885266.8571026,-8.0,1.0,-35.0
1776885266.8671026,-7.0,0.0,-34.0
1776885266.8771029,-9.0,1.0,-32.0
1776885266.8871028,-5.0,0.0,-34.0
1776885266.8971028,0.0,-2.0,-36.0
1776885266.9071028,1.0,-1.0,-43.0
1776885266.9171028,-3.0,1.0,-49.0
1776885266.9271028,-4.0,3.0,-46.0
1776885266.9371028,-3.0,3.0,-52.0
1776885266.9471028,-4.0,4.0,-54.0
1776885266.9581027,-4.0,3.0,-56.0
1776885266.9671028,-1.0,0.0,-47.0
1776885266.9781027,1.0,0.0,-42.0
1776885266.988103,0.0,0.0,-35.0
1776885266.998103,1.0,2.0,-38.0
1776885267.008103,0.0,2.0,-42.0
1776885267.0181026,1.0,-2.0,-44.0
1776885267.0281026,0.0,-4.0,-42.0
1776885267.0381026,1.0,0.0,-43.0
1776885267.0481029,0.0,0.0,-47.0
1776885267.0581028,-1.0,-1.0,-31.0
1776885267.0681028,-3.0,2.0,-35.0
1776885267.0781028,-1.0,-3.0,-49.0
1776885267.0881028,-3.0,-4.0,-50.0
1776885267.0981028,-8.0,-5.0,-56.0
1776885267.1081028,-9.0,-2.0,-53.0
1776885267.1181028,-5.0,-1.0,-52.0
1776885267.1281028,-3.0,0.0,-50.0
1776885267.1381028,0.0,4.0,-53.0
1776885267.1481028,2.0,1.0,-57.0
1776885267.1581028,0.0,1.0,-51.0
1776885267.1681027,-4.0,3.0,-51.0
1776885267.1781027,-3.0,5.0,-51.0
1776885267.1881027,1.0,5.0,-51.0
1776885267.1981027,3.0,4.0,-45.0
1776885267.2081027,1.0,1.0,-50.0
1776885267.2181027,2.0,1.0,-56.0
1776885267.2281027,1.0,-1.0,-47.0
1776885267.238103,2.0,0.0,-46.0
1776885267.248103,0.0,0.0,-48.0
1776885267.258103,-1.0,-3.0,-47.0
1776885267.2681026,-5.0,0.0,-45.0
1776885267.2781026,-3.0,0.0,-49.0
1776885267.2881026,-2.0,0.0,-52.0
1776885267.2981029,3.0,-3.0,-46.0
1776885267.3081028,4.0,-4.0,-49.0
1776885267.3181028,2.0,-1.0,-41.0
1776885267.3281028,1.0,-3.0,-35.0
1776885267.3381028,-2.0,0.0,-33.0
1776885267.3481028,-2.0,-1.0,-34.0
1776885267.3581028,-2.0,-4.0,-36.0
1776885267.3681028,-5.0,-4.0,-35.0
1776885267.3781028,-3.0,-2.0,-38.0
1776885267.3881028,-1.0,-4.0,-38.0
1776885267.3981028,0.0,0.0,-45.0
1776885267.4081028,-6.0,0.0,-49.0
1776885267.4181027,-5.0,0.0,-46.0
1776885267.4281027,-8.0,-1.0,-40.0
1776885267.4381027,-6.0,-1.0,-43.0
1776885267.4481027,-5.0,-4.0,-46.0
1776885267.4581027,-3.0,-4.0,-50.0
1776885267.4681027,-2.0,-6.0,-57.0
1776885267.4781027,3.0,-6.0,-55.0
1776885267.488103,4.0,-1.0,-50.0
1776885267.498103,7.0,0.0,-44.0
1776885267.508103,8.0,3.0,-38.0
1776885267.5181026,2.0,3.0,-41.0
1776885267.5281026,0.0,1.0,-41.0
1776885267.5381026,0.0,-4.0,-38.0
1776885267.5481029,2.0,-6.0,-35.0
1776885267.5581028,5.0,-6.0,-34.0
1776885267.5681028,6.0,0.0,-37.0
1776885267.5781028,5.0,1.0,-44.0
1776885267.5881028,6.0,0.0,-43.0
1776885267.5981028,4.0,1.0,-39.0
1776885267.6081028,9.0,0.0,-36.0
1776885267.6181028,5.0,4.0,-35.0
1776885267.6281028,0.0,4.0,-35.0
1776885267.6381028,-6.0,2.0,-36.0
1776885267.6481028,-11.0,1.0,-44.0
1776885267.6581028,-10.0,1.0,-44.0
1776885267.6681027,-4.0,0.0,-40.0
1776885267.6781027,-1.0,-4.0,-32.0
1776885267.6881027,0.0,-3.0,-39.0
1776885267.6981027,-1.0,-3.0,-43.0
1776885267.7081027,0.0,-6.0,-48.0
1776885267.7181027,-2.0,-4.0,-49.0
1776885267.7281027,-4.0,0.0,-52.0
1776885267.738103,-2.0,0.0,-50.0
1776885267.748103,-1.0,2.0,-51.0
1776885267.758103,-3.0,-2.0,-49.0
1776885267.7681026,-2.0,0.0,-51.0
1776885267.7781026,0.0,0.0,-43.0
1776885267.7881026,1.0,0.0,-41.0
1776885267.7981029,5.0,0.0,-39.0
1776885267.8081028,6.0,-2.0,-45.0
1776885267.8181028,3.0,-1.0,-48.0
1776885267.8281028,4.0,3.0,-46.0
1776885267.8381028,7.0,1.0,-51.0
1776885267.8481028,6.0,2.0,-52.0
1776885267.8581028,5.0,5.0,-57.0
1776885267.8681028,0.0,9.0,-57.0
1776885267.8781028,0.0,9.0,-52.0
1776885267.8881028,-5.0,6.0,-44.0
1776885267.8981028,0.0,0.0,-42.0
1776885267.9081028,-1.0,-2.0,-41.0
1776885267.9181027,1.0,0.0,-39.0
1776885267.9281027,4.0,-4.0,-37.0
1776885267.9381027,5.0,-4.0,-47.0
1776885267.9481027,7.0,-5.0,-54.0
1776885267.9581027,7.0,-5.0,-51.0
1776885267.9681027,6.0,-5.0,-47.0
1776885267.9781027,10.0,-4.0,-42.0
1776885267.988103,11.0,-1.0,-38.0
1776885267.998103,4.0,1.0,-46.0
1776885268.008103,2.0,2.0,-41.0
1776885268.0181026,7.0,6.0,-47.0
1776885268.0281026,6.0,2.0,-50.0
1776885268.0381026,4.0,0.0,-49.0
1776885268.0481029,8.0,-1.0,-46.0
1776885268.0581028,4.0,-2.0,-48.0
1776885268.0681028,-2.0,0.0,-50.0
1776885268.0781028,-4.0,-2.0,-49.0
1776885268.0881028,-3.0,3.0,-51.0
1776885268.0981028,2.0,4.0,-46.0
1776885268.1081028,4.0,0.0,-48.0
1776885268.1181028,5.0,2.0,-60.0
1776885268.1281028,10.0,0.0,-62.0
1776885268.1381028,9.0,-1.0,-57.0
1776885268.1481028,9.0,0.0,-55.0
1776885268.1581028,7.0,0.0,-55.0
1776885268.1681027,5.0,-5.0,-58.0
1776885268.1781027,5.0,-5.0,-58.0
1776885268.1881027,5.0,-5.0,-60.0
1776885268.1981027,5.0,-4.0,-59.0
1776885268.2081027,4.0,-8.0,-55.0
1776885268.2181027,0.0,-3.0,-53.0
1776885268.2281027,2.0,-4.0,-49.0
1776885268.238103,2.0,-4.0,-41.0
1776885268.248103,1.0,-2.0,-38.0
1776885268.258103,-2.0,-2.0,-43.0
1776885268.2681026,-1.0,-4.0,-47.0
1776885268.2781026,3.0,-11.0,-46.0
1776885268.2881026,7.0,-12.0,-45.0
1776885268.2981029,5.0,-11.0,-49.0
1776885268.3081028,7.0,-6.0,-45.0
1776885268.3181028,5.0,-7.0,-48.0
1776885268.3281028,2.0,-6.0,-40.0
1776885268.3381028,3.0,-6.0,-47.0
1776885268.3481028,6.0,-4.0,-45.0
1776885268.3581028,5.0,-1.0,-39.0
1776885268.3681028,0.0,0.0,-31.0
1776885268.3781028,1.0,0.0,-30.0
1776885268.3881028,5.0,-3.0,-37.0
1776885268.3981028,1.0,-2.0,-39.0
1776885268.4081028,2.0,0.0,-45.0
1776885268.4181027,1.0,-1.0,-43.0
1776885268.4281027,8.0,5.0,-42.0
1776885268.4381027,3.0,6.0,-47.0
1776885268.4481027,-1.0,0.0,-47.0
1776885268.4581027,-4.0,0.0,-44.0
1776885268.4681027,-3.0,-3.0,-53.0
1776885268.4781027,-2.0,0.0,-50.0
1776885268.488103,-3.0,2.0,-48.0
1776885268.498103,-4.0,0.0,-45.0
1776885268.508103,0.0,-1.0,-53.0
1776885268.5181026,0.0,0.0,-56.0
1776885268.5281026,0.0,0.0,-45.0
1776885268.5381026,-4.0,-3.0,-42.0
1776885268.5481029,-2.0,-3.0,-36.0
1776885268.5581028,-3.0,-2.0,-34.0
1776885268.5681028,0.0,0.0,-41.0
1776885268.5781028,0.0,2.0,-47.0
1776885268.5881028,1.0,1.0,-47.0
1776885268.5981028,3.0,0.0,-48.0
1776885268.6081028,2.0,0.0,-43.0
1776885268.6181028,3.0,0.0,-40.0
1776885268.6281028,8.0,0.0,-50.0
1776885268.6381028,7.0,0.0,-45.0
1776885268.6481028,10.0,3.0,-46.0
1776885268.6581028,4.0,-1.0,-43.0
1776885268.6681027,0.0,-5.0,-40.0
1776885268.6781027,-2.0,-4.0,-41.0
1776885268.6881027,-4.0,-1.0,-36.0
1776885268.6981027,-1.0,0.0,-38.0
1776885268.7081027,1.0,0.0,-42.0
1776885268.7181027,0.0,0.0,-41.0
1776885268.7281027,-2.0,-2.0,-38.0
1776885268.738103,3.0,-4.0,-38.0
1776885268.748103,3.0,-4.0,-39.0
1776885268.758103,1.0,-1.0,-39.0
1776885268.7681026,4.0,0.0,-38.0
1776885268.7781026,6.0,3.0,-44.0
1776885268.7881026,10.0,1.0,-43.0
1776885268.7981029,8.0,1.0,-43.0
1776885268.8081028,6.0,2.0,-42.0
1776885268.8181028,3.0,4.0,-46.0
1776885268.8281028,-1.0,2.0,-41.0
1776885268.8381028,0.0,1.0,-44.0
1776885268.8481028,-4.0,0.0,-40.0
1776885268.8581028,-2.0,0.0,-42.0
1776885268.8681028,-1.0,0.0,-41.0
1776885268.8781028,-3.0,-3.0,-49.0
1776885268.8881028,-2.0,1.0,-48.0
1776885268.8981028,-3.0,3.0,-51.0
1776885268.9081028,0.0,3.0,-50.0
1776885268.9181027,1.0,1.0,-43.0
1776885268.9281027,2.0,1.0,-40.0
1776885268.9381027,3.0,1.0,-43.0
1776885268.9481027,7.0,2.0,-42.0
1776885268.9591026,2.0,6.0,-46.0
1776885268.9691026,2.0,5.0,-46.0
1776885268.9781027,1.0,0.0,-50.0
1776885268.9891028,-2.0,2.0,-49.0
1776885268.9991028,0.0,0.0,-47.0
1776885269.0091028,-4.0,0.0,-42.0
1776885269.0191028,-4.0,2.0,-36.0
1776885269.0291028,-3.0,0.0,-40.0
1776885269.0391028,-9.0,0.0,-42.0
1776885269.0491028,-10.0,-1.0,-52.0
1776885269.0591028,-5.0,-3.0,-50.0
1776885269.0691028,-1.0,-2.0,-43.0
1776885269.0791028,-2.0,0.0,-41.0
1776885269.0891027,1.0,-3.0,-41.0
1776885269.0991027,1.0,-9.0,-48.0
1776885269.1091027,4.0,-4.0,-50.0
1776885269.1191027,4.0,-2.0,-49.0
1776885269.1291027,3.0,-3.0,-51.0
1776885269.1391027,1.0,0.0,-51.0
1776885269.1491027,2.0,0.0,-54.0
1776885269.159103,7.0,0.0,-45.0
1776885269.169103,10.0,-1.0,-46.0
1776885269.179103,8.0,0.0,-45.0
1776885269.1891026,6.0,0.0,-50.0
1776885269.1991026,6.0,-1.0,-54.0
1776885269.2091026,5.0,4.0,-53.0
1776885269.2191026,6.0,4.0,-54.0
1776885269.2291028,1.0,6.0,-55.0
1776885269.2391028,4.0,3.0,-65.0
1776885269.2491028,1.0,5.0,-57.0
1776885269.2591028,1.0,1.0,-57.0
1776885269.2691028,0.0,2.0,-54.0
1776885269.2791028,0.0,2.0,-51.0
1776885269.2891028,0.0,4.0,-46.0
1776885269.2991028,-2.0,5.0,-46.0
1776885269.3091028,-3.0,1.0,-49.0
1776885269.3191028,-2.0,-1.0,-44.0
1776885269.3291028,-1.0,-4.0,-48.0
1776885269.3391027,-3.0,-5.0,-42.0
1776885269.3491027,-3.0,-4.0,-42.0
1776885269.3591027,-2.0,-4.0,-41.0
1776885269.3691027,-1.0,-5.0,-42.0
1776885269.3791027,-4.0,-4.0,-49.0
1776885269.3891027,-5.0,-2.0,-45.0
1776885269.3991027,-1.0,0.0,-52.0
1776885269.409103,-1.0,5.0,-48.0
1776885269.419103,-3.0,7.0,-47.0
1776885269.429103,-6.0,8.0,-48.0
1776885269.4391026,-10.0,1.0,-45.0
1776885269.4491026,-3.0,0.0,-41.0
1776885269.4591026,-3.0,0.0,-38.0
1776885269.4691026,-4.0,-4.0,-46.0
1776885269.4791028,-6.0,-2.0,-48.0
1776885269.4891028,-2.0,1.0,-44.0
1776885269.4991028,-3.0,0.0,-45.0
1776885269.5091028,0.0,1.0,-45.0
1776885269.5191028,1.0,3.0,-40.0
1776885269.5291028,1.0,1.0,-42.0
1776885269.5391028,2.0,0.0,-44.0
1776885269.5491028,0.0,-2.0,-42.0
1776885269.5591028,2.0,-6.0,-41.0
1776885269.5691028,4.0,-4.0,-44.0
1776885269.5791028,6.0,-2.0,-44.0
1776885269.5891027,6.0,-1.0,-47.0
1776885269.5991027,7.0,0.0,-46.0
1776885269.6091027,1.0,2.0,-44.0
1776885269.6191027,0.0,-1.0,-44.0
1776885269.6291027,-2.0,-1.0,-39.0
1776885269.6391027,-4.0,-1.0,-39.0
1776885269.6491027,-4.0,-3.0,-44.0
1776885269.659103,-4.0,-7.0,-43.0
1776885269.669103,-5.0,-7.0,-46.0
1776885269.679103,-1.0,-10.0,-54.0
1776885269.6891026,0.0,-2.0,-53.0
1776885269.6991026,-2.0,-1.0,-55.0
1776885269.7091026,0.0,-4.0,-58.0
1776885269.7191026,1.0,-3.0,-56.0
1776885269.7291028,0.0,0.0,-51.0
1776885269.7391028,-1.0,0.0,-52.0
1776885269.7491028,-4.0,2.0,-49.0
1776885269.7591028,0.0,5.0,-52.0
1776885269.7691028,1.0,4.0,-47.0
1776885269.7791028,3.0,3.0,-47.0
1776885269.7891028,5.0,1.0,-44.0
1776885269.7991028,0.0,0.0,-45.0
1776885269.8091028,-3.0,-1.0,-47.0
1776885269.8191028,-3.0,-1.0,-45.0
1776885269.8291028,0.0,-3.0,-45.0
1776885269.8391027,3.0,-2.0,-50.0
1776885269.8491027,4.0,0.0,-50.0
1776885269.8591027,3.0,0.0,-43.0
1776885269.8691027,1.0,4.0,-40.0
1776885269.8791027,4.0,1.0,-43.0
1776885269.8891027,5.0,2.0,-41.0
1776885269.8991027,6.0,2.0,-35.0
1776885269.909103,12.0,0.0,-36.0
1776885269.919103,10.0,-1.0,-43.0
1776885269.929103,7.0,-4.0,-48.0
1776885269.9391026,5.0,-6.0,-44.0
1776885269.9491026,2.0,-6.0,-45.0
1776885269.9591026,1.0,-9.0,-43.0
1776885269.9691026,0.0,-10.0,-42.0
1776885269.9791028,-2.0,-10.0,-44.0
1776885269.9891028,-3.0,-5.0,-49.0
1776885269.9991028,-3.0,-3.0,-46.0
1776885270.0091028,0.0,0.0,-47.0
1776885270.0191028,2.0,3.0,-47.0
1776885270.0291028,1.0,3.0,-39.0
1776885270.0391028,5.0,4.0,-41.0
1776885270.0491028,6.0,1.0,-45.0
1776885270.0591028,4.0,0.0,-48.0
1776885270.0691028,3.0,-1.0,-50.0
1776885270.0791028,3.0,-1.0,-46.0
1776885270.0891027,5.0,-2.0,-46.0
1776885270.0991027,4.0,0.0,-44.0
1776885270.1091027,3.0,4.0,-46.0
1776885270.1191027,5.0,1.0,-53.0
1776885270.1291027,6.0,4.0,-50.0
1776885270.1391027,2.0,5.0,-53.0
1776885270.1491027,-1.0,6.0,-56.0
1776885270.159103,1.0,8.0,-51.0
1776885270.169103,1.0,5.0,-48.0
1776885270.179103,2.0,4.0,-49.0
1776885270.1891026,3.0,5.0,-44.0
1776885270.1991026,2.0,3.0,-44.0
1776885270.2091026,-4.0,3.0,-44.0
1776885270.2191026,-11.0,4.0,-42.0
1776885270.2291028,-10.0,5.0,-44.0
1776885270.2391028,-5.0,6.0,-44.0
1776885270.2491028,-4.0,7.0,-46.0
1776885270.2591028,1.0,4.0,-45.0
1776885270.2691028,0.0,0.0,-39.0
1776885270.2791028,5.0,-1.0,-38.0
1776885270.2891028,10.0,-2.0,-38.0
1776885270.2991028,9.0,-3.0,-43.0
1776885270.3091028,9.0,1.0,-46.0
1776885270.3191028,7.0,0.0,-43.0
1776885270.3291028,7.0,-5.0,-53.0
1776885270.3391027,7.0,-4.0,-51.0
1776885270.3491027,2.0,-1.0,-44.0
1776885270.3591027,6.0,-5.0,-45.0
1776885270.3691027,3.0,-4.0,-43.0
1776885270.3791027,2.0,-3.0,-46.0
1776885270.3891027,3.0,-2.0,-48.0
1776885270.3991027,7.0,-4.0,-57.0
1776885270.409103,7.0,-7.0,-62.0
1776885270.419103,7.0,0.0,-62.0
1776885270.429103,6.0,1.0,-64.0
1776885270.4391026,4.0,3.0,-57.0
1776885270.4491026,0.0,6.0,-47.0
1776885270.4591026,0.0,6.0,-47.0
1776885270.4691026,0.0,3.0,-54.0
1776885270.4791028,1.0,4.0,-54.0
1776885270.4891028,-1.0,2.0,-51.0
1776885270.4991028,3.0,0.0,-50.0
1776885270.5091028,0.0,3.0,-45.0
1776885270.5191028,-5.0,2.0,-46.0
1776885270.5291028,-6.0,3.0,-46.0
1776885270.5391028,-4.0,1.0,-48.0
1776885270.5491028,1.0,-2.0,-45.0
1776885270.5591028,2.0,-1.0,-43.0
1776885270.5691028,3.0,-2.0,-50.0
1776885270.5791028,2.0,-1.0,-57.0
1776885270.5891027,1.0,-3.0,-57.0
1776885270.5991027,3.0,-4.0,-59.0
1776885270.6091027,6.0,1.0,-57.0
1776885270.6191027,9.0,3.0,-57.0
1776885270.6291027,9.0,1.0,-55.0
1776885270.6391027,4.0,0.0,-53.0
1776885270.6491027,5.0,-1.0,-49.0
1776885270.659103,4.0,0.0,-49.0
1776885270.669103,5.0,0.0,-47.0
1776885270.679103,4.0,4.0,-47.0
1776885270.6891026,1.0,2.0,-50.0
1776885270.6991026,2.0,1.0,-48.0
1776885270.7091026,4.0,-1.0,-50.0
1776885270.7191026,3.0,0.0,-44.0
1776885270.7291028,1.0,-5.0,-43.0
1776885270.7391028,0.0,-8.0,-35.0
1776885270.7491028,-2.0,-7.0,-41.0
1776885270.7591028,-6.0,-9.0,-43.0
1776885270.7691028,-8.0,-9.0,-41.0
1776885270.7791028,-4.0,-7.0,-41.0
1776885270.7891028,0.0,-5.0,-38.0
1776885270.7991028,3.0,-4.0,-34.0
1776885270.8091028,0.0,-5.0,-35.0
1776885270.8191028,1.0,-2.0,-38.0
1776885270.8291028,-1.0,0.0,-35.0
1776885270.8391027,-6.0,0.0,-31.0
1776885270.8491027,-4.0,-3.0,-33.0
1776885270.8591027,0.0,-2.0,-30.0
1776885270.8691027,5.0,-5.0,-30.0
1776885270.8791027,4.0,-1.0,-37.0
1776885270.8891027,3.0,-1.0,-41.0
1776885270.8991027,-3.0,2.0,-39.0
1776885270.909103,-10.0,3.0,-44.0
1776885270.919103,-11.0,6.0,-39.0
1776885270.9301028,-6.0,4.0,-40.0
1776885270.9401028,2.0,3.0,-36.0
1776885270.9501028,3.0,4.0,-37.0
1776885270.9601028,-1.0,5.0,-37.0
1776885270.9701028,-6.0,2.0,-38.0
1776885270.9801028,-2.0,-1.0,-36.0
1776885270.9901028,0.0,1.0,-37.0
1776885271.0001028,1.0,7.0,-40.0
1776885271.0101027,-3.0,6.0,-39.0
1776885271.0201027,-3.0,5.0,-39.0
1776885271.0301027,0.0,7.0,-35.0
1776885271.0401027,-3.0,2.0,-37.0
1776885271.0501027,-2.0,3.0,-39.0
1776885271.0601027,-2.0,4.0,-41.0
1776885271.0701027,2.0,4.0,-45.0
1776885271.0801027,2.0,4.0,-43.0
1776885271.090103,4.0,-1.0,-43.0
1776885271.100103,6.0,-5.0,-44.0
1776885271.110103,9.0,-5.0,-41.0
1776885271.1201026,6.0,-2.0,-42.0
1776885271.1301026,2.0,-2.0,-44.0
1776885271.1401026,0.0,0.0,-43.0
1776885271.1501029,-4.0,1.0,-46.0
1776885271.1601028,-11.0,0.0,-46.0
1776885271.1701028,-7.0,0.0,-44.0
1776885271.1801028,-4.0,-2.0,-40.0
1776885271.1901028,-4.0,0.0,-36.0
1776885271.2001028,-4.0,1.0,-34.0
1776885271.2101028,0.0,1.0,-33.0
1776885271.2201028,-5.0,2.0,-40.0
1776885271.2301028,-6.0,3.0,-40.0
1776885271.2401028,-1.0,2.0,-43.0
1776885271.2501028,-3.0,1.0,-39.0
1776885271.2601027,-1.0,0.0,-43.0
1776885271.2701027,1.0,0.0,-46.0
1776885271.2801027,1.0,0.0,-44.0
1776885271.2901027,-4.0,1.0,-39.0
1776885271.3001027,-8.0,3.0,-39.0
1776885271.3101027,-2.0,0.0,-45.0
1776885271.3201027,0.0,1.0,-48.0
1776885271.3301027,2.0,0.0,-48.0
1776885271.340103,0.0,1.0,-48.0
1776885271.350103,0.0,-1.0,-47.0
1776885271.360103,-1.0,-1.0,-51.0
1776885271.3701026,1.0,-4.0,-50.0
1776885271.3801026,3.0,0.0,-48.0
1776885271.3901026,6.0,3.0,-47.0
1776885271.4001029,6.0,7.0,-50.0
1776885271.4101028,9.0,3.0,-50.0
1776885271.4201028,10.0,3.0,-51.0
1776885271.4301028,11.0,-2.0,-48.0
1776885271.4401028,8.0,-7.0,-47.0
1776885271.4501028,3.0,-3.0,-53.0
1776885271.4601028,1.0,-1.0,-48.0
1776885271.4701028,2.0,-1.0,-45.0
1776885271.4801028,5.0,1.0,-55.0
1776885271.4901028,2.0,2.0,-56.0
1776885271.5001028,5.0,1.0,-58.0
1776885271.5101027,5.0,0.0,-53.0
1776885271.5201027,7.0,3.0,-49.0
1776885271.531103,3.0,0.0,-42.0
1776885271.5401027,0.0,2.0,-35.0
1776885271.5501027,0.0,0.0,-33.0
1776885271.5601027,-2.0,-8.0,-39.0
1776885271.5701027,0.0,-9.0,-39.0
1776885271.5801027,0.0,-10.0,-41.0
1776885271.590103,3.0,-8.0,-44.0
1776885271.600103,1.0,-5.0,-39.0
1776885271.610103,1.0,-4.0,-39.0
1776885271.6201026,0.0,-6.0,-43.0
1776885271.6301026,-4.0,-7.0,-40.0
1776885271.6401026,0.0,-9.0,-37.0
1776885271.6501029,4.0,-4.0,-38.0
1776885271.6601028,2.0,-4.0,-43.0
1776885271.6701028,1.0,-3.0,-43.0
1776885271.6801028,3.0,0.0,-49.0
1776885271.6901028,5.0,1.0,-55.0
1776885271.7001028,3.0,-3.0,-44.0
1776885271.7101028,4.0,-1.0,-46.0
1776885271.7201028,1.0,-6.0,-50.0
1776885271.7301028,3.0,-6.0,-47.0
1776885271.7401028,6.0,-3.0,-47.0
1776885271.7501028,3.0,-5.0,-52.0
1776885271.7601027,2.0,-7.0,-52.0
1776885271.7701027,4.0,-7.0,-56.0
1776885271.7801027,8.0,-7.0,-49.0
1776885271.7901027,4.0,-7.0,-46.0
1776885271.8001027,1.0,-5.0,-49.0
1776885271.8101027,2.0,-1.0,-43.0
1776885271.8201027,3.0,-3.0,-39.0
1776885271.8301027,1.0,-5.0,-39.0
1776885271.840103,1.0,-2.0,-37.0
1776885271.850103,1.0,-2.0,-37.0
1776885271.860103,-3.0,-3.0,-34.0
1776885271.8701026,-2.0,-1.0,-35.0
1776885271.8801026,0.0,0.0,-37.0
1776885271.8901026,0.0,1.0,-37.0
1776885271.9001029,1.0,1.0,-45.0
1776885271.9101028,1.0,1.0,-45.0
1776885271.9201028,3.0,1.0,-48.0
1776885271.9301028,7.0,1.0,-44.0
1776885271.9401028,8.0,1.0,-42.0
1776885271.9501028,5.0,0.0,-39.0
1776885271.9601028,4.0,-2.0,-38.0
1776885271.9701028,2.0,-2.0,-40.0
1776885271.9801028,-6.0,-4.0,-44.0
1776885271.9901028,-6.0,-2.0,-44.0
1776885272.0001028,-4.0,-3.0,-40.0
1776885272.0101027,-1.0,-6.0,-39.0
1776885272.0201027,0.0,-9.0,-41.0
1776885272.0301027,0.0,-6.0,-44.0
1776885272.0401027,0.0,-4.0,-39.0
1776885272.0501027,2.0,-5.0,-39.0
1776885272.0601027,-1.0,-3.0,-45.0
1776885272.0701027,0.0,-4.0,-42.0
1776885272.0801027,-1.0,0.0,-40.0
1776885272.090103,0.0,0.0,-39.0
1776885272.100103,-2.0,1.0,-43.0
1776885272.110103,-4.0,2.0,-42.0
1776885272.1201026,-2.0,2.0,-37.0
1776885272.1301026,-1.0,0.0,-43.0
1776885272.1401026,-3.0,2.0,-44.0
1776885272.1501029,-3.0,0.0,-34.0
1776885272.1601028,0.0,-2.0,-32.0
1776885272.1701028,0.0,-5.0,-37.0
1776885272.1801028,0.0,-4.0,-39.0
1776885272.1901028,-5.0,-3.0,-33.0
1776885272.2001028,-3.0,-2.0,-42.0
1776885272.2101028,2.0,-2.0,-46.0
1776885272.2201028,6.0,-6.0,-55.0
1776885272.2301028,4.0,-2.0,-53.0
1776885272.2401028,0.0,-2.0,-56.0
1776885272.2501028,0.0,-3.0,-52.0
1776885272.2601027,0.0,-3.0,-45.0
1776885272.2701027,-3.0,-1.0,-45.0
1776885272.2801027,-6.0,-1.0,-48.0
1776885272.2901027,-7.0,-1.0,-54.0
1776885272.3001027,-5.0,-4.0,-49.0
1776885272.3101027,-6.0,-5.0,-47.0
1776885272.3201027,-4.0,-6.0,-47.0
1776885272.3301027,0.0,-8.0,-44.0
1776885272.340103,0.0,-9.0,-42.0
1776885272.350103,0.0,-8.0,-48.0
1776885272.360103,4.0,-7.0,-48.0
1776885272.3701026,6.0,-5.0,-46.0
1776885272.3801026,8.0,-5.0,-49.0
1776885272.3901026,7.0,-5.0,-49.0
1776885272.4001029,4.0,-2.0,-46.0
1776885272.4101028,2.0,-1.0,-47.0
1776885272.4201028,0.0,-5.0,-49.0
1776885272.4301028,0.0,-5.0,-51.0
1776885272.4401028,0.0,-8.0,-48.0
1776885272.4501028,-2.0,-5.0,-42.0
1776885272.4601028,2.0,1.0,-47.0
1776885272.4701028,6.0,0.0,-45.0
1776885272.4801028,7.0,-2.0,-46.0
1776885272.4901028,6.0,-2.0,-47.0
1776885272.5001028,2.0,0.0,-52.0
1776885272.5101027,2.0,1.0,-47.0
1776885272.5201027,0.0,2.0,-43.0
1776885272.5301027,-1.0,5.0,-46.0
1776885272.5401027,0.0,6.0,-45.0
1776885272.5501027,0.0,6.0,-50.0
1776885272.5601027,-2.0,5.0,-45.0
1776885272.5701027,0.0,0.0,-43.0
1776885272.5801027,1.0,0.0,-45.0
1776885272.590103,0.0,2.0,-46.0
1776885272.600103,-2.0,-2.0,-52.0
1776885272.610103,0.0,-1.0,-49.0
1776885272.6201026,-2.0,-1.0,-51.0
1776885272.6301026,-1.0,-3.0,-47.0
1776885272.6401026,0.0,-7.0,-47.0
1776885272.6501029,-3.0,-2.0,-47.0
1776885272.6601028,2.0,-2.0,-41.0
1776885272.6701028,0.0,-2.0,-39.0
1776885272.6801028,-2.0,-1.0,-34.0
1776885272.6901028,-5.0,-2.0,-31.0
1776885272.7001028,-4.0,-4.0,-37.0
1776885272.7101028,-6.0,-10.0,-38.0
1776885272.7201028,-2.0,-11.0,-44.0
1776885272.7301028,0.0,-4.0,-43.0
1776885272.7401028,-1.0,-7.0,-42.0
1776885272.7501028,-3.0,-7.0,-38.0
1776885272.7601027,-2.0,-7.0,-40.0
1776885272.7701027,-6.0,-10.0,-35.0
1776885272.7801027,-1.0,-5.0,-37.0
1776885272.7901027,-1.0,-6.0,-46.0
1776885272.8001027,-2.0,-6.0,-33.0
1776885272.8101027,-3.0,-8.0,-38.0
1776885272.8201027,1.0,-10.0,-42.0
1776885272.8301027,2.0,-6.0,-45.0
1776885272.840103,2.0,-2.0,-44.0
1776885272.850103,-4.0,-3.0,-40.0
1776885272.860103,-1.0,0.0,-43.0
1776885272.8701026,2.0,0.0,-43.0
1776885272.8801026,2.0,-1.0,-44.0
1776885272.8901026,2.0,0.0,-38.0
1776885272.9011028,2.0,-4.0,-38.0
1776885272.9111028,0.0,-3.0,-42.0
1776885272.9211028,2.0,-3.0,-39.0
1776885272.9311028,2.0,-1.0,-40.0
1776885272.9411027,2.0,0.0,-43.0
1776885272.9511027,0.0,2.0,-42.0
1776885272.9611027,3.0,5.0,-42.0
1776885272.9711027,3.0,6.0,-39.0
1776885272.9811027,3.0,6.0,-47.0
1776885272.9911027,5.0,10.0,-47.0
1776885273.0011027,6.0,8.0,-45.0
1776885273.011103,10.0,8.0,-43.0
1776885273.021103,10.0,5.0,-49.0
1776885273.031103,10.0,2.0,-44.0
1776885273.0411026,10.0,0.0,-47.0
1776885273.0511026,14.0,0.0,-50.0
1776885273.0611026,15.0,0.0,-51.0
1776885273.0711029,14.0,-2.0,-51.0
1776885273.0811028,15.0,2.0,-45.0
1776885273.0911028,9.0,0.0,-43.0
1776885273.1011028,3.0,-3.0,-42.0
1776885273.1111028,1.0,-6.0,-46.0
1776885273.1211028,1.0,-2.0,-49.0
1776885273.1311028,0.0,0.0,-50.0
1776885273.1411028,0.0,0.0,-50.0
1776885273.1511028,2.0,3.0,-51.0
1776885273.1611028,6.0,0.0,-43.0
1776885273.1711028,8.0,0.0,-47.0
1776885273.1811028,5.0,-1.0,-45.0
1776885273.1911027,2.0,1.0,-42.0
1776885273.2011027,4.0,3.0,-36.0
1776885273.2111027,0.0,0.0,-40.0
1776885273.2211027,1.0,0.0,-43.0
1776885273.2311027,0.0,1.0,-42.0
1776885273.2411027,2.0,0.0,-46.0
1776885273.2511027,1.0,2.0,-42.0
1776885273.261103,0.0,0.0,-38.0
1776885273.271103,0.0,-3.0,-41.0
1776885273.281103,2.0,-2.0,-42.0
1776885273.2911026,-1.0,-4.0,-45.0
1776885273.3011026,-1.0,-8.0,-47.0
1776885273.3111026,1.0,-6.0,-52.0
1776885273.3211029,0.0,-6.0,-52.0
1776885273.3311028,3.0,-6.0,-52.0
1776885273.3411028,1.0,-5.0,-48.0
1776885273.3511028,0.0,-1.0,-41.0
1776885273.3611028,-2.0,-2.0,-40.0
1776885273.3711028,-3.0,-2.0,-39.0
1776885273.3811028,-3.0,-6.0,-43.0
1776885273.3911028,-1.0,-5.0,-44.0
1776885273.4011028,-4.0,-6.0,-41.0
1776885273.4111028,-5.0,-2.0,-43.0
1776885273.4211028,-6.0,-2.0,-48.0
1776885273.4311028,-4.0,3.0,-44.0
1776885273.4411027,0.0,3.0,-38.0
1776885273.4511027,-1.0,2.0,-36.0
1776885273.4611027,-4.0,-1.0,-32.0
1776885273.4711027,-4.0,-6.0,-36.0
1776885273.4811027,-4.0,-8.0,-44.0
1776885273.4911027,-8.0,-4.0,-49.0
1776885273.5011027,-9.0,0.0,-49.0
1776885273.511103,-8.0,-3.0,-50.0
1776885273.521103,-12.0,-5.0,-52.0
1776885273.531103,-5.0,-3.0,-50.0
1776885273.5411026,-2.0,5.0,-47.0
1776885273.5511026,-5.0,3.0,-43.0
1776885273.5611026,0.0,2.0,-43.0
1776885273.5711029,-1.0,3.0,-47.0
1776885273.5811028,-1.0,4.0,-53.0
1776885273.5911028,-2.0,2.0,-52.0
1776885273.6011028,1.0,3.0,-45.0
1776885273.6111028,6.0,4.0,-40.0
1776885273.6211028,3.0,2.0,-38.0
1776885273.6311028,3.0,6.0,-41.0
1776885273.6411028,5.0,5.0,-40.0
1776885273.6511028,4.0,5.0,-44.0
1776885273.6611028,0.0,1.0,-44.0
1776885273.6711028,-4.0,2.0,-47.0
1776885273.6811028,-5.0,3.0,-41.0
1776885273.6911027,-3.0,0.0,-44.0
1776885273.7011027,-5.0,0.0,-52.0
1776885273.7111027,-5.0,2.0,-48.0
1776885273.7211027,-8.0,2.0,-42.0
1776885273.7311027,-5.0,-2.0,-47.0
1776885273.7411027,-6.0,-1.0,-44.0
1776885273.7511027,-9.0,0.0,-39.0
1776885273.761103,-5.0,0.0,-42.0
1776885273.771103,-2.0,-1.0,-47.0
1776885273.781103,0.0,-2.0,-50.0
1776885273.7911026,0.0,-2.0,-51.0
1776885273.8011026,-2.0,-1.0,-44.0
1776885273.8111026,1.0,1.0,-46.0
1776885273.8211029,3.0,0.0,-43.0
1776885273.8311028,0.0,1.0,-49.0
1776885273.8411028,2.0,-2.0,-50.0
1776885273.8511028,0.0,-7.0,-48.0
1776885273.8611028,2.0,-8.0,-47.0
1776885273.8711028,2.0,-6.0,-46.0
1776885273.8811028,1.0,-4.0,-47.0
1776885273.8911028,4.0,-2.0,-46.0
1776885273.9011028,8.0,0.0,-47.0
1776885273.9111028,5.0,0.0,-46.0
1776885273.9211028,0.0,-1.0,-43.0
1776885273.9311028,-3.0,-4.0,-52.0
1776885273.9411027,-4.0,-7.0,-48.0
1776885273.9511027,-5.0,-4.0,-47.0
1776885273.9611027,-8.0,-4.0,-47.0
1776885273.9711027,-7.0,0.0,-44.0
1776885273.9811027,-2.0,2.0,-46.0
1776885273.9911027,-2.0,0.0,-46.0
1776885274.0011027,-4.0,0.0,-47.0
1776885274.011103,-4.0,1.0,-50.0
1776885274.021103,-1.0,3.0,-49.0
1776885274.031103,3.0,-1.0,-57.0
1776885274.0411026,4.0,-5.0,-52.0
1776885274.0511026,2.0,-6.0,-49.0
1776885274.0611026,3.0,-5.0,-50.0
1776885274.0711029,3.0,-6.0,-45.0
1776885274.0811028,0.0,-1.0,-47.0
1776885274.0911028,-2.0,-2.0,-48.0
1776885274.1011028,-3.0,-5.0,-51.0
1776885274.1111028,-4.0,0.0,-47.0
1776885274.1211028,-2.0,-5.0,-39.0
1776885274.1311028,-5.0,-4.0,-42.0
1776885274.1411028,-1.0,-2.0,-45.0
1776885274.1511028,1.0,1.0,-44.0
1776885274.1611028,3.0,0.0,-52.0
1776885274.1711028,2.0,0.0,-52.0
1776885274.1811028,1.0,-3.0,-53.0
1776885274.1911027,-3.0,-1.0,-45.0
1776885274.2011027,-3.0,-1.0,-53.0
1776885274.2111027,-4.0,-5.0,-51.0
1776885274.2211027,-2.0,-5.0,-51.0
1776885274.2311027,0.0,0.0,-50.0
1776885274.2411027,1.0,4.0,-50.0
1776885274.2511027,-2.0,3.0,-56.0
1776885274.261103,2.0,3.0,-56.0
1776885274.271103,3.0,0.0,-49.0
1776885274.281103,-1.0,-2.0,-45.0
1776885274.2911026,-9.0,-5.0,-46.0
1776885274.3011026,-10.0,-4.0,-41.0
1776885274.3111026,-7.0,-1.0,-39.0
1776885274.3211029,-5.0,0.0,-34.0
1776885274.3311028,0.0,-1.0,-31.0
1776885274.3411028,0.0,-2.0,-34.0
1776885274.3511028,2.0,-2.0,-34.0
1776885274.3611028,1.0,0.0,-32.0
1776885274.3711028,0.0,3.0,-36.0
1776885274.3811028,-4.0,3.0,-41.0
1776885274.3911028,-3.0,1.0,-42.0
1776885274.4011028,-7.0,3.0,-49.0
1776885274.4111028,-3.0,1.0,-45.0
1776885274.4211028,-1.0,2.0,-51.0
1776885274.4311028,0.0,0.0,-46.0
1776885274.4411027,4.0,1.0,-44.0
1776885274.4511027,6.0,-1.0,-46.0
1776885274.4611027,5.0,-3.0,-48.0
1776885274.4711027,2.0,-4.0,-46.0
1776885274.4811027,3.0,-1.0,-45.0
1776885274.4911027,2.0,1.0,-45.0
1776885274.5011027,0.0,0.0,-49.0
1776885274.511103,0.0,0.0,-49.0
1776885274.521103,-3.0,0.0,-46.0
1776885274.531103,-3.0,0.0,-47.0
1776885274.5411026,-2.0,2.0,-47.0
1776885274.5511026,-2.0,0.0,-47.0
1776885274.5611026,-4.0,1.0,-49.0
1776885274.5711029,-6.0,2.0,-49.0
1776885274.5811028,-6.0,-1.0,-46.0
1776885274.5911028,2.0,-3.0,-49.0
1776885274.6011028,6.0,-4.0,-48.0
1776885274.6111028,3.0,-3.0,-49.0
1776885274.6211028,5.0,-4.0,-46.0
1776885274.6311028,3.0,-5.0,-43.0
1776885274.6411028,5.0,-3.0,-48.0
1776885274.6511028,5.0,-1.0,-47.0
1776885274.6611028,4.0,-4.0,-50.0
1776885274.6711028,1.0,-5.0,-56.0
1776885274.6811028,3.0,-2.0,-53.0
1776885274.6911027,4.0,-2.0,-48.0
1776885274.7011027,2.0,-1.0,-46.0
1776885274.7111027,-2.0,0.0,-49.0
1776885274.7211027,-4.0,4.0,-53.0
1776885274.7311027,-2.0,-3.0,-57.0
1776885274.7411027,0.0,-5.0,-54.0
1776885274.7511027,-3.0,-4.0,-57.0
1776885274.761103,0.0,-1.0,-59.0
1776885274.771103,-1.0,-3.0,-49.0
1776885274.781103,-2.0,-6.0,-51.0
1776885274.7911026,-3.0,-6.0,-50.0
1776885274.8011026,2.0,0.0,-47.0
1776885274.8111026,2.0,0.0,-48.0
1776885274.8211029,1.0,0.0,-44.0
1776885274.8311028,0.0,-4.0,-46.0
1776885274.8411028,1.0,-3.0,-43.0
1776885274.8511028,0.0,-3.0,-43.0
1776885274.8621027,6.0,-1.0,-31.0
1776885274.8711028,7.0,4.0,-33.0
1776885274.8821027,5.0,3.0,-34.0
1776885274.8921027,2.0,2.0,-35.0
1776885274.9021027,3.0,-1.0,-32.0
1776885274.9121027,4.0,0.0,-35.0
1776885274.9221027,6.0,0.0,-29.0
1776885274.932103,7.0,0.0,-32.0
1776885274.942103,6.0,0.0,-34.0
1776885274.952103,7.0,4.0,-38.0
1776885274.962103,2.0,3.0,-34.0
1776885274.9721026,3.0,3.0,-32.0
1776885274.9821026,8.0,1.0,-29.0
1776885274.9921026,10.0,-2.0,-27.0
1776885275.0021029,12.0,-3.0,-29.0
1776885275.0121028,11.0,0.0,-33.0
1776885275.0221028,9.0,-1.0,-29.0
1776885275.0321028,11.0,3.0,-29.0
1776885275.0421028,8.0,-3.0,-29.0
1776885275.0521028,3.0,-4.0,-32.0
1776885275.0621028,2.0,-4.0,-29.0
1776885275.0721028,-1.0,-3.0,-29.0
1776885275.0821028,-4.0,-6.0,-38.0
1776885275.0921028,-4.0,-6.0,-44.0
1776885275.1021028,-5.0,0.0,-45.0
1776885275.1121027,0.0,0.0,-47.0
1776885275.1221027,1.0,-1.0,-49.0
1776885275.1321027,-1.0,-2.0,-46.0
1776885275.1421027,0.0,0.0,-51.0
1776885275.1521027,-2.0,-1.0,-49.0
1776885275.1621027,0.0,-1.0,-42.0
1776885275.1721027,-3.0,-4.0,-37.0
1776885275.182103,1.0,-4.0,-38.0
1776885275.192103,4.0,1.0,-32.0
1776885275.202103,2.0,3.0,-29.0
1776885275.212103,0.0,3.0,-34.0
1776885275.2221026,-3.0,-2.0,-34.0
1776885275.2321026,0.0,-1.0,-30.0
1776885275.2421026,2.0,0.0,-33.0
1776885275.2521029,2.0,0.0,-34.0
1776885275.2621028,3.0,-4.0,-30.0
1776885275.2721028,0.0,-1.0,-26.0
1776885275.2821028,-1.0,0.0,-32.0
1776885275.2921028,-6.0,4.0,-34.0
1776885275.3021028,-4.0,0.0,-38.0
1776885275.3121028,0.0,-3.0,-34.0
1776885275.3221028,0.0,0.0,-37.0
1776885275.3321028,-1.0,0.0,-35.0
1776885275.3421028,-1.0,0.0,-45.0
1776885275.3521028,-3.0,-4.0,-41.0
1776885275.3621027,-1.0,-7.0,-42.0
1776885275.3721027,1.0,-7.0,-42.0
1776885275.3821027,1.0,-6.0,-35.0
1776885275.3921027,-2.0,-7.0,-38.0
1776885275.4021027,-2.0,-7.0,-37.0
1776885275.4121027,-1.0,-3.0,-41.0
1776885275.4221027,-1.0,-2.0,-49.0
1776885275.432103,-2.0,0.0,-49.0
1776885275.442103,-1.0,-2.0,-45.0
1776885275.452103,0.0,-8.0,-36.0
1776885275.462103,0.0,-10.0,-31.0
1776885275.4721026,-1.0,-9.0,-35.0
1776885275.4821026,-3.0,-8.0,-31.0
1776885275.4921026,-1.0,-10.0,-32.0
1776885275.5021029,-2.0,-8.0,-39.0
1776885275.5121028,-3.0,-7.0,-46.0
1776885275.5221028,-4.0,-5.0,-50.0
1776885275.5321028,-3.0,-10.0,-51.0
1776885275.5421028,0.0,-10.0,-50.0
1776885275.5521028,-2.0,-8.0,-40.0
1776885275.5621028,-2.0,-3.0,-33.0
1776885275.5721028,-2.0,0.0,-41.0
1776885275.5821028,1.0,-2.0,-48.0
1776885275.5921028,3.0,0.0,-50.0
1776885275.6021028,4.0,0.0,-48.0
1776885275.6121027,5.0,-3.0,-50.0
1776885275.6221027,6.0,-5.0,-44.0
1776885275.6321027,2.0,-1.0,-39.0
1776885275.6421027,2.0,0.0,-41.0
1776885275.6521027,5.0,0.0,-45.0
1776885275.6621027,2.0,-2.0,-48.0
1776885275.6721027,7.0,0.0,-49.0
1776885275.682103,3.0,-2.0,-47.0
1776885275.692103,3.0,-3.0,-45.0
1776885275.702103,0.0,-1.0,-44.0
1776885275.712103,-1.0,4.0,-47.0
1776885275.7221026,3.0,2.0,-45.0
1776885275.7321026,5.0,-1.0,-46.0
1776885275.7421026,4.0,-1.0,-51.0
1776885275.7521029,10.0,0.0,-51.0
1776885275.7621028,9.0,2.0,-46.0
1776885275.7721028,7.0,3.0,-45.0
1776885275.7821028,0.0,11.0,-46.0
1776885275.7921028,0.0,8.0,-40.0
1776885275.8021028,1.0,6.0,-38.0
1776885275.8121028,-1.0,4.0,-40.0
1776885275.8221028,-1.0,1.0,-36.0
1776885275.8321028,-6.0,0.0,-41.0
1776885275.8421028,-4.0,-2.0,-35.0
1776885275.8521028,-1.0,-2.0,-43.0
1776885275.8621027,-4.0,-2.0,-43.0
1776885275.8721027,-2.0,-1.0,-42.0
1776885275.8821027,-11.0,2.0,-42.0
1776885275.8921027,-7.0,1.0,-44.0
1776885275.9021027,-4.0,0.0,-49.0
1776885275.9121027,-6.0,0.0,-52.0
1776885275.9221027,-1.0,-1.0,-52.0
1776885275.932103,0.0,-3.0,-46.0
1776885275.942103,1.0,-1.0,-46.0
1776885275.952103,0.0,-2.0,-47.0
1776885275.962103,-1.0,-4.0,-44.0
1776885275.9721026,-1.0,-5.0,-42.0
1776885275.9821026,3.0,-4.0,-38.0
1776885275.9921026,6.0,-2.0,-37.0
1776885276.0021029,1.0,-3.0,-42.0
1776885276.0121028,4.0,-4.0,-50.0
1776885276.0221028,8.0,-1.0,-54.0
1776885276.0321028,5.0,6.0,-58.0
1776885276.0421028,2.0,6.0,-53.0
1776885276.0521028,0.0,2.0,-53.0
1776885276.0621028,0.0,0.0,-58.0
1776885276.0721028,0.0,2.0,-49.0
1776885276.0821028,6.0,2.0,-43.0
1776885276.0921028,8.0,0.0,-35.0
1776885276.1021028,6.0,-3.0,-37.0
1776885276.1121027,6.0,-4.0,-33.0
1776885276.1221027,1.0,-2.0,-35.0
1776885276.1321027,-3.0,-1.0,-37.0
1776885276.1421027,-8.0,-5.0,-40.0
1776885276.1521027,-6.0,-7.0,-39.0
1776885276.1621027,-1.0,-3.0,-33.0
1776885276.1721027,0.0,0.0,-33.0
1776885276.182103,4.0,0.0,-35.0
1776885276.192103,4.0,-2.0,-42.0
1776885276.202103,2.0,-4.0,-45.0
1776885276.212103,2.0,-2.0,-50.0
1776885276.2221026,3.0,1.0,-50.0
1776885276.2321026,-1.0,2.0,-46.0
1776885276.2421026,0.0,2.0,-48.0
1776885276.2521029,-4.0,2.0,-53.0
1776885276.2621028,-1.0,1.0,-51.0
1776885276.2721028,-1.0,0.0,-44.0
1776885276.2821028,-2.0,1.0,-41.0
1776885276.2921028,-1.0,0.0,-37.0
1776885276.3021028,-2.0,-3.0,-40.0
1776885276.3121028,0.0,-1.0,-41.0
1776885276.3221028,0.0,-5.0,-46.0
1776885276.3321028,-5.0,-2.0,-48.0
1776885276.3421028,-6.0,-6.0,-41.0
1776885276.3521028,-6.0,-9.0,-39.0
1776885276.3621027,-1.0,-8.0,-37.0
1776885276.3721027,-1.0,-5.0,-39.0
1776885276.3821027,-4.0,-3.0,-45.0
1776885276.3921027,-5.0,-6.0,-43.0
1776885276.4021027,-5.0,-10.0,-43.0
1776885276.4121027,-4.0,-8.0,-42.0
1776885276.4221027,-5.0,-9.0,-37.0
1776885276.432103,-4.0,-5.0,-36.0
1776885276.442103,-4.0,-9.0,-38.0
1776885276.452103,1.0,-7.0,-38.0
1776885276.462103,0.0,-3.0,-38.0
1776885276.4721026,3.0,3.0,-43.0
1776885276.4821026,7.0,3.0,-49.0
1776885276.4921026,1.0,3.0,-46.0
1776885276.5021029,-5.0,2.0,-47.0
1776885276.5121028,-5.0,-2.0,-51.0
1776885276.5221028,-6.0,-1.0,-52.0
1776885276.5321028,-1.0,0.0,-52.0
1776885276.5421028,-3.0,1.0,-50.0
1776885276.5521028,-3.0,2.0,-38.0
1776885276.5621028,-3.0,4.0,-36.0
1776885276.5721028,-7.0,2.0,-36.0
1776885276.5821028,-11.0,4.0,-41.0
1776885276.5921028,-14.0,2.0,-41.0
1776885276.6021028,-8.0,3.0,-37.0
1776885276.6121027,-1.0,4.0,-41.0
1776885276.6221027,-1.0,0.0,-50.0
1776885276.6321027,7.0,-2.0,-51.0
1776885276.6421027,8.0,1.0,-45.0
1776885276.6521027,10.0,1.0,-44.0
1776885276.6621027,7.0,0.0,-33.0
1776885276.6721027,10.0,-4.0,-38.0
1776885276.682103,5.0,-3.0,-34.0
1776885276.692103,0.0,-4.0,-35.0
1776885276.702103,8.0,-3.0,-38.0
1776885276.712103,8.0,-2.0,-36.0
1776885276.7221026,5.0,-4.0,-32.0
1776885276.7321026,7.0,2.0,-35.0
1776885276.7421026,5.0,-2.0,-44.0
1776885276.7521029,3.0,-4.0,-41.0
1776885276.7621028,4.0,-8.0,-37.0
1776885276.7721028,0.0,-7.0,-36.0
1776885276.7821028,-4.0,-12.0,-35.0
1776885276.7921028,-3.0,-13.0,-36.0
1776885276.8021028,-1.0,-15.0,-37.0
1776885276.8121028,-1.0,-10.0,-40.0
1776885276.8231027,-2.0,-12.0,-44.0
1776885276.8331027,-3.0,-9.0,-41.0
1776885276.8431027,-4.0,-6.0,-43.0
1776885276.8531027,-4.0,-9.0,-47.0
1776885276.863103,-2.0,-7.0,-49.0
1776885276.873103,-5.0,-8.0,-45.0
1776885276.883103,-8.0,-10.0,-42.0
1776885276.8931026,-4.0,-9.0,-40.0
1776885276.9031026,-6.0,-10.0,-39.0
1776885276.9131026,-4.0,-9.0,-34.0
1776885276.9231029,-1.0,-9.0,-37.0
1776885276.9331028,-6.0,-9.0,-40.0
1776885276.9431028,-8.0,-9.0,-39.0
1776885276.9531028,-10.0,-8.0,-35.0
1776885276.9631028,-10.0,-2.0,-32.0
1776885276.9731028,-11.0,0.0,-39.0
1776885276.9831028,-12.0,5.0,-36.0
1776885276.9931028,-4.0,2.0,-41.0
1776885277.0031028,-4.0,1.0,-44.0
1776885277.0131028,0.0,0.0,-45.0
1776885277.0231028,-1.0,5.0,-49.0
1776885277.0331028,-2.0,2.0,-50.0
1776885277.0431027,-3.0,-1.0,-44.0
1776885277.0531027,-2.0,-3.0,-39.0
1776885277.0631027,-1.0,-3.0,-46.0
1776885277.0731027,2.0,-2.0,-47.0
1776885277.0831027,2.0,-5.0,-42.0
1776885277.0931027,1.0,-7.0,-43.0
1776885277.1031027,1.0,-5.0,-52.0
1776885277.113103,1.0,-2.0,-52.0
1776885277.123103,3.0,-2.0,-51.0
1776885277.133103,2.0,-5.0,-50.0
1776885277.1431026,0.0,-3.0,-48.0
1776885277.1531026,0.0,1.0,-48.0
1776885277.1631026,0.0,-2.0,-43.0
1776885277.1731029,0.0,-2.0,-44.0
1776885277.1831028,-2.0,-2.0,-43.0
1776885277.1931028,0.0,-3.0,-43.0
1776885277.2031028,1.0,0.0,-45.0
1776885277.2131028,-3.0,-1.0,-48.0
1776885277.2231028,-7.0,-3.0,-48.0
1776885277.2331028,-12.0,-6.0,-52.0
1776885277.2431028,-7.0,-6.0,-59.0
1776885277.2531028,-9.0,-8.0,-51.0
1776885277.2631028,-8.0,-7.0,-49.0
1776885277.2731028,-4.0,-9.0,-47.0
1776885277.2831028,-3.0,-8.0,-49.0
1776885277.2931027,-3.0,-7.0,-42.0
1776885277.3031027,-2.0,-1.0,-35.0
1776885277.3131027,-1.0,-7.0,-42.0
1776885277.3231027,-1.0,-6.0,-48.0
1776885277.3331027,4.0,-1.0,-56.0
1776885277.3431027,5.0,-2.0,-53.0
1776885277.3531027,7.0,-3.0,-46.0
1776885277.363103,3.0,-1.0,-45.0
1776885277.373103,3.0,0.0,-43.0
1776885277.383103,4.0,1.0,-36.0
1776885277.3931026,0.0,-4.0,-35.0
1776885277.4031026,-1.0,0.0,-36.0
1776885277.4131026,0.0,0.0,-32.0
1776885277.4231029,-2.0,0.0,-37.0
1776885277.4331028,-1.0,-3.0,-39.0
1776885277.4431028,0.0,-3.0,-40.0
1776885277.4531028,-2.0,-4.0,-39.0
1776885277.4631028,1.0,-4.0,-39.0
1776885277.4731028,0.0,1.0,-41.0
1776885277.4831028,1.0,-1.0,-41.0
1776885277.4931028,3.0,-2.0,-47.0
1776885277.5031028,6.0,-3.0,-48.0
1776885277.5131028,6.0,-2.0,-41.0
1776885277.5231028,4.0,-3.0,-36.0
1776885277.5331028,3.0,-2.0,-43.0
1776885277.5431027,3.0,-1.0,-43.0
1776885277.5531027,5.0,-6.0,-44.0
1776885277.5631027,2.0,-2.0,-45.0
1776885277.5731027,0.0,-4.0,-50.0
1776885277.5831027,1.0,-2.0,-48.0
1776885277.5931027,0.0,0.0,-44.0
1776885277.6031027,3.0,2.0,-44.0
1776885277.613103,2.0,3.0,-48.0
1776885277.623103,8.0,1.0,-46.0
1776885277.633103,5.0,3.0,-44.0
1776885277.6431026,5.0,1.0,-45.0
1776885277.6531026,3.0,1.0,-49.0
1776885277.6631026,3.0,-1.0,-44.0
1776885277.6731029,1.0,-3.0,-45.0
1776885277.6831028,-2.0,1.0,-47.0
1776885277.6931028,2.0,2.0,-47.0
1776885277.7031028,-1.0,-3.0,-48.0
1776885277.7131028,-3.0,-3.0,-50.0
1776885277.7231028,-1.0,-1.0,-44.0
1776885277.7331028,-4.0,-1.0,-45.0
1776885277.7431028,-6.0,-3.0,-34.0
1776885277.7531028,-6.0,-5.0,-32.0
1776885277.7631028,-4.0,-7.0,-39.0
1776885277.7731028,0.0,-3.0,-47.0
1776885277.7831028,0.0,-3.0,-55.0
1776885277.7931027,-3.0,-3.0,-51.0
1776885277.8031027,-6.0,-6.0,-48.0
1776885277.8131027,-3.0,-6.0,-44.0
1776885277.8231027,-3.0,-1.0,-36.0
1776885277.8331027,-1.0,-5.0,-40.0
1776885277.8431027,0.0,-6.0,-46.0
1776885277.8531027,-3.0,-8.0,-44.0
1776885277.863103,-4.0,-7.0,-37.0
1776885277.873103,-5.0,-8.0,-37.0
1776885277.883103,-7.0,-8.0,-36.0
1776885277.8931026,-7.0,-5.0,-39.0
1776885277.9031026,-4.0,-5.0,-39.0
1776885277.9131026,-5.0,-6.0,-42.0
1776885277.9231029,-4.0,-4.0,-36.0
1776885277.9331028,0.0,-2.0,-36.0
1776885277.9431028,0.0,-3.0,-37.0
1776885277.9531028,3.0,0.0,-43.0
1776885277.9631028,7.0,0.0,-46.0
1776885277.9731028,8.0,0.0,-39.0
1776885277.9831028,9.0,1.0,-36.0
1776885277.9931028,7.0,5.0,-38.0
1776885278.0031028,4.0,2.0,-38.0
1776885278.0131028,7.0,3.0,-44.0
1776885278.0231028,6.0,2.0,-46.0
1776885278.0331028,3.0,1.0,-42.0
1776885278.0431027,1.0,-1.0,-39.0
1776885278.0531027,4.0,-4.0,-40.0
1776885278.0631027,6.0,-9.0,-38.0
1776885278.0731027,4.0,-12.0,-42.0
1776885278.0831027,0.0,-11.0,-47.0
1776885278.0931027,0.0,-10.0,-48.0
1776885278.1031027,5.0,-8.0,-46.0
1776885278.113103,4.0,-7.0,-45.0
1776885278.123103,6.0,-4.0,-48.0
1776885278.133103,5.0,-4.0,-49.0
1776885278.1431026,2.0,-2.0,-48.0
1776885278.1531026,5.0,1.0,-44.0
1776885278.1631026,6.0,4.0,-40.0
1776885278.1731029,5.0,7.0,-37.0
1776885278.1831028,1.0,4.0,-30.0
1776885278.1931028,0.0,1.0,-32.0
1776885278.2031028,0.0,2.0,-36.0
1776885278.2131028,1.0,-4.0,-36.0
1776885278.2231028,2.0,-6.0,-36.0
1776885278.2331028,3.0,-5.0,-35.0
1776885278.2431028,3.0,-9.0,-27.0
1776885278.2531028,3.0,-12.0,-35.0
1776885278.2631028,2.0,-10.0,-42.0
1776885278.2731028,0.0,-8.0,-47.0
1776885278.2831028,1.0,-8.0,-46.0
1776885278.2931027,3.0,-8.0,-46.0
1776885278.3031027,5.0,-5.0,-45.0
1776885278.3131027,11.0,-1.0,-47.0
1776885278.3231027,14.0,-2.0,-47.0
1776885278.3331027,5.0,-2.0,-43.0
1776885278.3431027,2.0,-4.0,-49.0
1776885278.3531027,4.0,-3.0,-55.0
1776885278.363103,4.0,-5.0,-50.0
1776885278.373103,0.0,-2.0,-43.0
1776885278.383103,-1.0,-2.0,-44.0
1776885278.3931026,-2.0,0.0,-51.0
1776885278.4031026,1.0,0.0,-42.0
1776885278.4131026,-1.0,-3.0,-37.0
1776885278.4231029,0.0,-5.0,-32.0
1776885278.4331028,-2.0,-6.0,-35.0
1776885278.4431028,-2.0,-3.0,-32.0
1776885278.4531028,-4.0,-4.0,-37.0
1776885278.4631028,4.0,-5.0,-39.0
1776885278.4731028,6.0,-8.0,-37.0
1776885278.4831028,6.0,-6.0,-37.0
1776885278.4931028,9.0,-9.0,-30.0
1776885278.5031028,5.0,-5.0,-39.0
1776885278.5131028,2.0,-7.0,-41.0
1776885278.5231028,5.0,-2.0,-44.0
1776885278.5331028,3.0,1.0,-49.0
1776885278.5431027,2.0,5.0,-47.0
1776885278.5531027,3.0,6.0,-47.0
1776885278.5631027,0.0,0.0,-49.0
1776885278.5731027,-1.0,-2.0,-47.0
1776885278.5831027,0.0,-1.0,-48.0
1776885278.5931027,-1.0,0.0,-53.0
1776885278.6031027,6.0,1.0,-56.0
1776885278.613103,4.0,3.0,-58.0
1776885278.623103,7.0,-1.0,-56.0
1776885278.633103,4.0,-2.0,-52.0
1776885278.6431026,4.0,-4.0,-51.0
1776885278.6531026,5.0,-4.0,-52.0
1776885278.6631026,3.0,-2.0,-49.0
1776885278.6731029,-1.0,-4.0,-49.0
1776885278.6831028,-2.0,0.0,-43.0
1776885278.6931028,-1.0,0.0,-47.0
1776885278.7031028,-3.0,-3.0,-54.0
1776885278.7131028,-6.0,-4.0,-57.0
1776885278.7231028,-8.0,0.0,-50.0
1776885278.7331028,-8.0,-2.0,-51.0
1776885278.7431028,-8.0,-4.0,-43.0
1776885278.7531028,-8.0,0.0,-46.0
1776885278.7631028,-3.0,2.0,-54.0
1776885278.7731028,0.0,3.0,-59.0
1776885278.784103,-2.0,4.0,-49.0
1776885278.794103,0.0,4.0,-43.0
1776885278.8031027,1.0,5.0,-38.0
1776885278.8131027,1.0,2.0,-38.0
1776885278.8241026,0.0,3.0,-34.0
1776885278.8341026,0.0,5.0,-40.0
1776885278.8441026,-1.0,2.0,-40.0
1776885278.8541028,-3.0,-1.0,-45.0
1776885278.8641028,-1.0,0.0,-39.0
1776885278.8741028,-1.0,0.0,-38.0
1776885278.8841028,-7.0,0.0,-44.0
1776885278.8941028,-5.0,-1.0,-49.0
1776885278.9041028,-5.0,-5.0,-48.0
1776885278.9141028,-7.0,-1.0,-43.0
1776885278.9241028,-2.0,0.0,-42.0
1776885278.9341028,-5.0,-1.0,-43.0
1776885278.9441028,-7.0,2.0,-45.0
1776885278.9541028,-8.0,-1.0,-46.0
1776885278.9641027,-8.0,0.0,-49.0
1776885278.9741027,-5.0,-3.0,-47.0
1776885278.9841027,0.0,-3.0,-56.0
1776885278.9941027,4.0,0.0,-59.0
1776885279.0041027,2.0,0.0,-63.0
1776885279.0141027,0.0,1.0,-70.0
1776885279.0241027,1.0,1.0,-67.0
1776885279.034103,2.0,0.0,-59.0
1776885279.044103,4.0,0.0,-62.0
1776885279.054103,5.0,-2.0,-58.0
1776885279.0641026,5.0,-7.0,-54.0
1776885279.0741026,5.0,-7.0,-50.0
1776885279.0841026,6.0,-2.0,-45.0
1776885279.0941026,4.0,-3.0,-40.0
1776885279.1041028,4.0,1.0,-33.0
1776885279.1141028,1.0,-2.0,-32.0
1776885279.1241028,-2.0,-4.0,-33.0
1776885279.1341028,-5.0,-5.0,-36.0
1776885279.1441028,-7.0,-5.0,-37.0
1776885279.1541028,-3.0,-6.0,-36.0
1776885279.1641028,-4.0,-2.0,-37.0
1776885279.1741028,-2.0,-2.0,-41.0
1776885279.1841028,0.0,-4.0,-41.0
1776885279.1941028,1.0,-6.0,-41.0
1776885279.2041028,-1.0,-3.0,-36.0
1776885279.2141027,1.0,0.0,-38.0
1776885279.2241027,4.0,1.0,-37.0
1776885279.2341027,4.0,0.0,-44.0
1776885279.2441027,2.0,0.0,-45.0
1776885279.2541027,3.0,2.0,-49.0
1776885279.2641027,5.0,-1.0,-52.0
1776885279.2741027,5.0,-4.0,-51.0
1776885279.284103,3.0,-4.0,-51.0
1776885279.294103,-1.0,-2.0,-58.0
1776885279.304103,-2.0,0.0,-52.0
1776885279.3141026,-3.0,-2.0,-50.0
1776885279.3241026,-6.0,-1.0,-55.0
1776885279.3341026,0.0,-1.0,-52.0
1776885279.3441026,-1.0,-3.0,-48.0
1776885279.3541028,-4.0,-2.0,-48.0
1776885279.3641028,-5.0,-4.0,-44.0
1776885279.3741028,-4.0,-5.0,-42.0
1776885279.3841028,-4.0,-2.0,-43.0
1776885279.3941028,-3.0,0.0,-42.0
1776885279.4041028,0.0,-2.0,-40.0
1776885279.4141028,6.0,-2.0,-42.0
1776885279.4241028,2.0,-3.0,-42.0
1776885279.4341028,1.0,-6.0,-40.0
1776885279.4441028,5.0,-3.0,-41.0
1776885279.4541028,8.0,-1.0,-40.0
1776885279.4641027,7.0,-3.0,-38.0
1776885279.4741027,7.0,-1.0,-39.0
1776885279.4841027,5.0,-3.0,-41.0
1776885279.4941027,2.0,0.0,-48.0
1776885279.5041027,0.0,-1.0,-45.0
1776885279.5141027,0.0,2.0,-42.0
1776885279.5241027,-2.0,2.0,-38.0
1776885279.534103,-5.0,0.0,-37.0
1776885279.544103,-2.0,0.0,-38.0
1776885279.554103,0.0,3.0,-40.0
1776885279.5641026,-4.0,2.0,-50.0
1776885279.5741026,-6.0,0.0,-51.0
1776885279.5841026,-9.0,0.0,-53.0
1776885279.5941026,-6.0,0.0,-45.0
1776885279.6041028,-5.0,-6.0,-48.0
1776885279.6141028,-1.0,-6.0,-49.0
1776885279.6241028,-1.0,-5.0,-47.0
1776885279.6341028,-4.0,-5.0,-50.0
1776885279.6441028,-4.0,-3.0,-44.0
1776885279.6541028,-2.0,-1.0,-45.0
1776885279.6641028,2.0,1.0,-44.0
1776885279.6741028,-1.0,2.0,-38.0
1776885279.6841028,-2.0,-1.0,-48.0
1776885279.6941028,-2.0,-2.0,-49.0
1776885279.7041028,1.0,0.0,-46.0
1776885279.7141027,0.0,1.0,-47.0
1776885279.7241027,-2.0,-4.0,-45.0
1776885279.7341027,-2.0,-1.0,-45.0
1776885279.7441027,0.0,-7.0,-42.0
1776885279.7541027,0.0,-9.0,-45.0
1776885279.7641027,0.0,-7.0,-42.0
1776885279.7741027,0.0,-3.0,-42.0
1776885279.784103,2.0,-2.0,-39.0
1776885279.794103,1.0,2.0,-40.0
1776885279.804103,0.0,4.0,-43.0
1776885279.8141026,2.0,3.0,-51.0
1776885279.8241026,-1.0,5.0,-52.0
1776885279.8341026,0.0,1.0,-56.0
1776885279.8441026,1.0,-2.0,-55.0
1776885279.8541028,4.0,-3.0,-54.0
1776885279.8641028,5.0,-4.0,-51.0
1776885279.8741028,6.0,-7.0,-51.0
1776885279.8841028,5.0,-8.0,-49.0
1776885279.8941028,3.0,-5.0,-42.0
1776885279.9041028,2.0,-6.0,-37.0
1776885279.9141028,3.0,-7.0,-47.0
1776885279.9241028,5.0,-10.0,-47.0
1776885279.9341028,2.0,-5.0,-41.0
1776885279.9441028,0.0,-4.0,-39.0
1776885279.9541028,2.0,-3.0,-44.0
1776885279.9641027,6.0,-2.0,-40.0
1776885279.9741027,11.0,-2.0,-44.0
1776885279.9841027,9.0,1.0,-39.0
1776885279.9941027,13.0,0.0,-41.0
1776885280.0041027,11.0,0.0,-44.0
1776885280.0141027,11.0,-3.0,-43.0
1776885280.0241027,5.0,-3.0,-38.0
1776885280.034103,5.0,-2.0,-42.0
1776885280.044103,0.0,-2.0,-42.0
1776885280.054103,0.0,0.0,-46.0
1776885280.0641026,-1.0,-2.0,-40.0
1776885280.0741026,1.0,-5.0,-39.0
1776885280.0841026,5.0,-4.0,-43.0
1776885280.0941026,8.0,-8.0,-51.0
1776885280.1041028,3.0,-8.0,-52.0
1776885280.1141028,0.0,-1.0,-51.0
1776885280.1241028,2.0,-4.0,-48.0
1776885280.1341028,3.0,-5.0,-46.0
1776885280.1441028,2.0,0.0,-47.0
1776885280.1541028,2.0,2.0,-42.0
1776885280.1641028,0.0,1.0,-40.0
1776885280.1741028,2.0,0.0,-45.0
1776885280.1841028,-1.0,0.0,-46.0
1776885280.1941028,3.0,-1.0,-48.0
1776885280.2041028,2.0,-1.0,-52.0
1776885280.2141027,0.0,0.0,-56.0
1776885280.2241027,0.0,-3.0,-58.0
1776885280.2341027,-3.0,-7.0,-51.0
1776885280.2441027,-2.0,-4.0,-47.0
1776885280.2541027,0.0,-4.0,-42.0
1776885280.2641027,1.0,-4.0,-42.0
1776885280.2741027,0.0,-3.0,-39.0
1776885280.284103,-1.0,-2.0,-42.0
1776885280.294103,0.0,0.0,-31.0
1776885280.304103,0.0,2.0,-27.0
1776885280.3141026,0.0,4.0,-34.0
1776885280.3241026,3.0,1.0,-37.0
1776885280.3341026,-2.0,0.0,-36.0
1776885280.3441026,0.0,-4.0,-33.0
1776885280.3541028,4.0,-3.0,-40.0
1776885280.3641028,3.0,-1.0,-45.0
1776885280.3741028,5.0,0.0,-47.0
1776885280.3841028,2.0,0.0,-49.0
1776885280.3941028,0.0,3.0,-55.0
1776885280.4041028,2.0,3.0,-59.0
1776885280.4141028,2.0,0.0,-56.0
1776885280.4241028,0.0,0.0,-48.0
1776885280.4341028,-1.0,-3.0,-51.0
1776885280.4441028,-3.0,-6.0,-51.0
1776885280.4541028,-1.0,-5.0,-47.0
1776885280.4641027,2.0,-2.0,-40.0
1776885280.4741027,2.0,0.0,-37.0
1776885280.4841027,5.0,0.0,-35.0
1776885280.4941027,7.0,2.0,-36.0
1776885280.5041027,3.0,2.0,-36.0
1776885280.5141027,8.0,2.0,-39.0
1776885280.5241027,8.0,2.0,-39.0
1776885280.534103,9.0,2.0,-38.0
1776885280.544103,0.0,3.0,-43.0
1776885280.554103,-2.0,2.0,-44.0
1776885280.5641026,2.0,-1.0,-38.0
1776885280.5741026,3.0,-4.0,-45.0
1776885280.5841026,4.0,-2.0,-41.0
1776885280.5941026,1.0,-5.0,-41.0
1776885280.6041028,2.0,-5.0,-36.0
1776885280.6141028,2.0,-3.0,-34.0
1776885280.6241028,3.0,-2.0,-31.0
1776885280.6341028,0.0,-2.0,-29.0
1776885280.6451027,0.0,0.0,-30.0
1776885280.6541028,2.0,-4.0,-37.0
1776885280.6641028,-1.0,-6.0,-44.0
1776885280.6741028,2.0,-6.0,-44.0
1776885280.6841028,1.0,-5.0,-41.0
1776885280.6941028,-2.0,-5.0,-33.0
1776885280.7041028,-5.0,-7.0,-37.0
1776885280.7141027,-1.0,-4.0,-42.0
1776885280.7241027,-3.0,-4.0,-41.0
1776885280.7341027,0.0,-5.0,-41.0
1776885280.7441027,1.0,-4.0,-43.0
1776885280.7541027,-3.0,-8.0,-46.0
1776885280.7641027,-6.0,-10.0,-42.0
1776885280.7741027,-4.0,-6.0,-43.0
1776885280.7851028,-1.0,-6.0,-40.0
1776885280.794103,0.0,-9.0,-38.0
1776885280.8051028,0.0,-7.0,-40.0
1776885280.8151028,0.0,-6.0,-35.0
1776885280.8251028,0.0,-4.0,-34.0
1776885280.8351028,7.0,0.0,-39.0
1776885280.8451028,6.0,-3.0,-42.0
1776885280.8551028,4.0,-3.0,-40.0
1776885280.8651028,3.0,-8.0,-37.0
1776885280.8751028,3.0,-9.0,-38.0
1776885280.8851027,3.0,-10.0,-43.0
1776885280.8951027,0.0,-5.0,-38.0
1776885280.9051027,1.0,-1.0,-35.0
1776885280.9151027,1.0,0.0,-36.0
1776885280.9251027,1.0,1.0,-32.0
1776885280.9351027,3.0,-1.0,-30.0
1776885280.9451027,3.0,-1.0,-36.0
1776885280.9551027,4.0,-1.0,-32.0
1776885280.965103,8.0,2.0,-39.0
1776885280.975103,7.0,1.0,-45.0
1776885280.985103,8.0,0.0,-41.0
1776885280.9951026,7.0,-4.0,-45.0
1776885281.0051026,9.0,-9.0,-45.0
1776885281.0151026,9.0,-6.0,-47.0
1776885281.0251029,9.0,-5.0,-46.0
1776885281.0351028,8.0,-4.0,-48.0
1776885281.0451028,7.0,-3.0,-46.0
1776885281.0551028,1.0,-1.0,-45.0
1776885281.0651028,-1.0,-4.0,-40.0
1776885281.0751028,1.0,-9.0,-41.0
1776885281.0851028,2.0,-9.0,-40.0
1776885281.0951028,1.0,-8.0,-43.0
1776885281.1051028,0.0,-9.0,-44.0
1776885281.1151028,2.0,-9.0,-41.0
1776885281.1251028,0.0,-7.0,-36.0
1776885281.1351027,0.0,-4.0,-34.0
1776885281.1451027,2.0,-3.0,-38.0
1776885281.1551027,1.0,-4.0,-42.0
1776885281.1651027,-2.0,-4.0,-48.0
1776885281.1751027,-4.0,-3.0,-54.0
1776885281.1851027,-4.0,0.0,-51.0
1776885281.1951027,-6.0,-2.0,-54.0
1776885281.2051027,-5.0,0.0,-50.0
1776885281.215103,-7.0,0.0,-43.0
1776885281.225103,-7.0,-4.0,-38.0
1776885281.235103,-6.0,-5.0,-37.0
1776885281.2451026,-7.0,-10.0,-35.0
1776885281.2551026,-3.0,-5.0,-36.0
1776885281.2651026,-5.0,-3.0,-43.0
1776885281.2751029,-4.0,-3.0,-53.0
1776885281.2851028,0.0,-3.0,-62.0
1776885281.2951028,-2.0,-3.0,-58.0
1776885281.3051028,-6.0,-3.0,-50.0
1776885281.3151028,-6.0,-6.0,-52.0
1776885281.3251028,-2.0,-5.0,-48.0
1776885281.3351028,0.0,-1.0,-47.0
1776885281.3451028,2.0,-1.0,-46.0
1776885281.3551028,4.0,0.0,-48.0
1776885281.3651028,6.0,0.0,-49.0
1776885281.3751028,7.0,-1.0,-48.0
1776885281.3851027,8.0,-1.0,-49.0
1776885281.3951027,10.0,-2.0,-45.0
1776885281.4051027,8.0,-3.0,-46.0
1776885281.4151027,9.0,-2.0,-48.0
1776885281.4251027,5.0,-1.0,-50.0
1776885281.4351027,10.0,0.0,-49.0
1776885281.4451027,7.0,2.0,-46.0
1776885281.4551027,5.0,0.0,-38.0
1776885281.465103,5.0,0.0,-35.0
1776885281.475103,4.0,-5.0,-39.0
1776885281.485103,5.0,-8.0,-40.0
1776885281.4951026,1.0,-12.0,-48.0
1776885281.5051026,3.0,-7.0,-45.0
1776885281.5151026,2.0,-8.0,-35.0
1776885281.5251029,3.0,-7.0,-34.0
1776885281.5351028,0.0,-9.0,-36.0
1776885281.5451028,-2.0,-12.0,-34.0
1776885281.5551028,0.0,-14.0,-33.0
1776885281.5651028,0.0,-12.0,-41.0
1776885281.5751028,1.0,-10.0,-44.0
1776885281.5851028,2.0,-12.0,-47.0
1776885281.5951028,0.0,-9.0,-46.0
1776885281.6051028,1.0,-7.0,-42.0
1776885281.6151028,2.0,-8.0,-47.0
1776885281.6251028,2.0,-6.0,-50.0
1776885281.6351027,2.0,-4.0,-48.0
1776885281.6451027,6.0,-4.0,-39.0
1776885281.6551027,4.0,-4.0,-42.0
1776885281.6651027,0.0,-1.0,-44.0
1776885281.6751027,-3.0,0.0,-41.0
1776885281.6851027,-6.0,3.0,-42.0
1776885281.6951027,-9.0,2.0,-42.0
1776885281.7051027,-4.0,5.0,-43.0
1776885281.715103,1.0,4.0,-47.0
1776885281.725103,7.0,5.0,-41.0
1776885281.735103,2.0,5.0,-36.0
1776885281.7451026,1.0,-2.0,-36.0
1776885281.7551026,3.0,-9.0,-45.0
1776885281.7651026,2.0,-13.0,-42.0
1776885281.7751029,0.0,-9.0,-40.0
1776885281.7851028,-3.0,-11.0,-32.0
1776885281.7951028,-1.0,-7.0,-26.0
1776885281.8051028,1.0,-7.0,-27.0
1776885281.8151028,0.0,-5.0,-34.0
1776885281.8251028,0.0,-4.0,-40.0
1776885281.8351028,1.0,-5.0,-40.0
1776885281.8451028,0.0,-5.0,-38.0
1776885281.8551028,-3.0,-4.0,-43.0
1776885281.8651028,-1.0,-5.0,-42.0
1776885281.8751028,3.0,-8.0,-43.0
1776885281.8851027,3.0,-7.0,-44.0
1776885281.8951027,6.0,-4.0,-47.0
1776885281.9051027,7.0,-4.0,-49.0
1776885281.9151027,9.0,0.0,-44.0
1776885281.9251027,7.0,-4.0,-39.0
1776885281.9351027,3.0,-4.0,-41.0
1776885281.9451027,6.0,-2.0,-44.0
1776885281.9551027,1.0,-3.0,-44.0
1776885281.965103,2.0,-4.0,-37.0
1776885281.975103,1.0,-1.0,-39.0
1776885281.985103,1.0,-1.0,-40.0
1776885281.9951026,3.0,-1.0,-35.0
1776885282.0051026,3.0,-2.0,-42.0
1776885282.0151026,9.0,-1.0,-43.0
1776885282.0251029,11.0,-1.0,-40.0
1776885282.0351028,9.0,-4.0,-44.0
1776885282.0451028,4.0,-2.0,-41.0
1776885282.0551028,6.0,-2.0,-37.0
1776885282.0651028,5.0,-1.0,-38.0
1776885282.0751028,4.0,-3.0,-38.0
1776885282.0851028,6.0,-2.0,-34.0
1776885282.0951028,6.0,-3.0,-25.0
1776885282.1051028,4.0,-3.0,-28.0
1776885282.1151028,5.0,-3.0,-33.0
1776885282.1251028,5.0,-5.0,-35.0
1776885282.1351027,6.0,-7.0,-34.0
1776885282.1451027,2.0,-7.0,-41.0
1776885282.1551027,2.0,-8.0,-46.0
1776885282.1651027,2.0,-9.0,-50.0
1776885282.1751027,0.0,-10.0,-55.0
1776885282.1851027,-3.0,-6.0,-54.0
1776885282.1951027,-7.0,-5.0,-47.0
1776885282.2051027,-10.0,-5.0,-46.0
1776885282.215103,-7.0,-5.0,-41.0
1776885282.225103,-3.0,-4.0,-37.0
1776885282.235103,1.0,-2.0,-37.0
1776885282.2451026,2.0,-2.0,-44.0
1776885282.2551026,4.0,-5.0,-47.0
1776885282.2651026,7.0,-6.0,-53.0
1776885282.2751029,5.0,-6.0,-48.0
1776885282.2851028,4.0,-7.0,-41.0
1776885282.2951028,2.0,-8.0,-41.0
1776885282.3051028,0.0,-6.0,-45.0
1776885282.3151028,-2.0,-2.0,-41.0
1776885282.3251028,-5.0,-4.0,-41.0
1776885282.3351028,-1.0,-9.0,-28.0
1776885282.3451028,0.0,-8.0,-29.0
1776885282.3551028,0.0,-7.0,-31.0
1776885282.3651028,2.0,-4.0,-35.0
1776885282.3751028,4.0,-1.0,-41.0
1776885282.3851027,-1.0,-2.0,-39.0
1776885282.3951027,0.0,-5.0,-35.0
1776885282.4051027,-4.0,-3.0,-35.0
1776885282.4151027,3.0,-5.0,-39.0
1776885282.4251027,1.0,-3.0,-46.0
1776885282.4351027,6.0,-2.0,-44.0
1776885282.4451027,3.0,-3.0,-49.0
1776885282.4551027,3.0,1.0,-48.0
1776885282.465103,5.0,0.0,-45.0
1776885282.475103,8.0,0.0,-43.0
1776885282.485103,8.0,0.0,-41.0
1776885282.4951026,2.0,-3.0,-43.0
1776885282.5051026,3.0,-6.0,-52.0
1776885282.5151026,4.0,-2.0,-48.0
1776885282.5251029,1.0,3.0,-49.0
1776885282.5351028,-1.0,2.0,-50.0
1776885282.5451028,-3.0,0.0,-43.0
1776885282.5551028,-2.0,-5.0,-44.0
1776885282.5651028,-2.0,-4.0,-41.0
1776885282.5751028,-1.0,-5.0,-41.0
1776885282.5851028,-4.0,-2.0,-48.0
1776885282.5951028,-5.0,-3.0,-46.0
1776885282.6051028,-2.0,-2.0,-42.0
1776885282.6151028,4.0,-5.0,-39.0
1776885282.6251028,3.0,-3.0,-40.0
1776885282.6351027,4.0,0.0,-43.0
1776885282.6451027,4.0,-3.0,-41.0
1776885282.6551027,3.0,0.0,-38.0
1776885282.6651027,0.0,0.0,-39.0
1776885282.6751027,0.0,0.0,-37.0
1776885282.6851027,0.0,0.0,-39.0
1776885282.6951027,0.0,-1.0,-38.0
1776885282.7051027,0.0,-8.0,-44.0
1776885282.715103,-1.0,-7.0,-49.0
1776885282.725103,-2.0,-4.0,-52.0
1776885282.735103,-6.0,0.0,-51.0
1776885282.7451026,-8.0,1.0,-51.0
1776885282.7561028,0.0,-2.0,-48.0
1776885282.7651026,2.0,-5.0,-43.0
1776885282.7751029,2.0,-2.0,-40.0
1776885282.7851028,-2.0,0.0,-44.0
1776885282.7961028,-7.0,1.0,-43.0
1776885282.8061028,-5.0,5.0,-42.0
1776885282.8161027,-4.0,7.0,-45.0
1776885282.8261027,-1.0,3.0,-39.0
1776885282.8361027,-3.0,5.0,-31.0
1776885282.8461027,-4.0,0.0,-28.0
1776885282.8561027,0.0,-2.0,-33.0
1776885282.8661027,-4.0,-4.0,-32.0
1776885282.8761027,-4.0,-5.0,-31.0
1776885282.886103,-3.0,-3.0,-32.0
1776885282.896103,0.0,0.0,-38.0
1776885282.906103,1.0,0.0,-42.0
1776885282.9161026,4.0,-1.0,-49.0
1776885282.9261026,4.0,-2.0,-55.0
1776885282.9361026,2.0,-5.0,-54.0
1776885282.9461029,-2.0,-5.0,-46.0
1776885282.9561028,-5.0,-6.0,-40.0
1776885282.9661028,-6.0,-7.0,-38.0
1776885282.9761028,-6.0,-7.0,-40.0
1776885282.9861028,-6.0,-8.0,-40.0
1776885282.9961028,-3.0,-9.0,-35.0
1776885283.0061028,-4.0,-10.0,-33.0
1776885283.0161028,-1.0,-8.0,-34.0
1776885283.0261028,-2.0,-3.0,-36.0
1776885283.0361028,2.0,-7.0,-34.0
1776885283.0461028,0.0,-8.0,-34.0
1776885283.0561028,0.0,-8.0,-39.0
1776885283.0661027,0.0,-5.0,-47.0
1776885283.0761027,0.0,-5.0,-49.0
1776885283.0861027,-3.0,-7.0,-55.0
1776885283.0961027,-2.0,-9.0,-53.0
1776885283.1061027,-3.0,-8.0,-52.0
1776885283.1161027,3.0,-6.0,-48.0
1776885283.1261027,4.0,-3.0,-45.0
1776885283.136103,1.0,-4.0,-44.0
1776885283.146103,0.0,-2.0,-50.0
1776885283.156103,5.0,0.0,-54.0
1776885283.1661026,3.0,0.0,-48.0
1776885283.1761026,2.0,-2.0,-45.0
1776885283.1861026,2.0,-3.0,-45.0
1776885283.1961029,0.0,-3.0,-54.0
1776885283.2061028,0.0,-8.0,-50.0
1776885283.2161028,-4.0,-9.0,-46.0
1776885283.2261028,-4.0,-7.0,-43.0
1776885283.2361028,-6.0,-5.0,-46.0
1776885283.2461028,-8.0,-6.0,-46.0
1776885283.2561028,-10.0,-5.0,-46.0
1776885283.2661028,-7.0,-5.0,-40.0
1776885283.2761028,-5.0,-2.0,-41.0
1776885283.2861028,-3.0,-5.0,-44.0
1776885283.2961028,-3.0,-4.0,-49.0
1776885283.3061028,0.0,-5.0,-49.0
1776885283.3161027,1.0,-10.0,-52.0
1776885283.3261027,0.0,-6.0,-45.0
1776885283.3361027,0.0,-5.0,-38.0
1776885283.3461027,-7.0,-5.0,-35.0
1776885283.3561027,-7.0,-6.0,-33.0
1776885283.3661027,-2.0,-5.0,-36.0
1776885283.3761027,3.0,-1.0,-39.0
1776885283.386103,2.0,-1.0,-39.0
1776885283.396103,0.0,-4.0,-39.0
1776885283.406103,0.0,-3.0,-35.0
1776885283.4161026,2.0,-3.0,-39.0
1776885283.4261026,2.0,-1.0,-43.0
1776885283.4361026,7.0,-4.0,-48.0
1776885283.4461029,8.0,-2.0,-44.0
1776885283.4561028,5.0,-4.0,-39.0
1776885283.4661028,5.0,-5.0,-37.0
1776885283.4761028,3.0,-2.0,-44.0
1776885283.4861028,1.0,-4.0,-43.0
1776885283.4961028,-1.0,-3.0,-41.0
1776885283.5061028,-1.0,-1.0,-39.0
1776885283.5161028,0.0,-3.0,-38.0
1776885283.5261028,-1.0,-2.0,-47.0
1776885283.5361028,-1.0,-4.0,-51.0
1776885283.5461028,0.0,-3.0,-50.0
1776885283.5561028,6.0,-5.0,-46.0
1776885283.5661027,7.0,-4.0,-46.0
1776885283.5761027,8.0,-4.0,-45.0
1776885283.5861027,5.0,-5.0,-52.0
1776885283.5961027,5.0,-2.0,-54.0
1776885283.6061027,10.0,-2.0,-49.0
1776885283.6161027,2.0,-3.0,-42.0
1776885283.6261027,1.0,0.0,-46.0
1776885283.636103,-3.0,-1.0,-41.0
1776885283.646103,-1.0,3.0,-44.0
1776885283.656103,-2.0,1.0,-48.0
1776885283.6661026,1.0,2.0,-52.0
1776885283.6761026,0.0,4.0,-53.0
1776885283.6861026,-6.0,3.0,-45.0
1776885283.6961029,-7.0,1.0,-41.0
1776885283.7061028,-5.0,2.0,-43.0
1776885283.7171028,-8.0,5.0,-51.0
1776885283.7261028,-10.0,6.0,-51.0
1776885283.7361028,-7.0,7.0,-51.0
1776885283.7461028,-7.0,3.0,-49.0
1776885283.7561028,-7.0,5.0,-52.0
1776885283.7661028,-4.0,0.0,-50.0
1776885283.7761028,-4.0,-2.0,-49.0
1776885283.7861028,0.0,1.0,-44.0
1776885283.7961028,1.0,4.0,-35.0
1776885283.8061028,1.0,2.0,-35.0
1776885283.8161027,0.0,2.0,-38.0
1776885283.8261027,0.0,0.0,-37.0
1776885283.8361027,-2.0,-4.0,-34.0
1776885283.8461027,-5.0,0.0,-35.0
1776885283.8561027,-3.0,0.0,-33.0
1776885283.8661027,0.0,1.0,-39.0
1776885283.8761027,2.0,2.0,-40.0
1776885283.886103,4.0,5.0,-40.0
1776885283.896103,0.0,0.0,-45.0
1776885283.906103,2.0,-1.0,-47.0
1776885283.9161026,0.0,-2.0,-51.0
1776885283.9261026,-2.0,3.0,-46.0
1776885283.9361026,-5.0,5.0,-43.0
1776885283.9461029,0.0,0.0,-46.0
1776885283.9561028,1.0,2.0,-43.0
1776885283.9661028,3.0,2.0,-44.0
1776885283.9761028,3.0,3.0,-40.0
1776885283.9861028,4.0,3.0,-36.0
1776885283.9961028,0.0,2.0,-31.0
1776885284.0061028,-1.0,3.0,-37.0
1776885284.0161028,-3.0,-4.0,-43.0
1776885284.0261028,0.0,-7.0,-41.0
1776885284.0361028,1.0,-7.0,-37.0
1776885284.0461028,-2.0,-6.0,-50.0
1776885284.0561028,-3.0,-1.0,-54.0
1776885284.0661027,-4.0,-4.0,-48.0
1776885284.0761027,-6.0,0.0,-46.0
1776885284.0861027,-5.0,-1.0,-43.0
1776885284.0961027,-7.0,-1.0,-51.0
1776885284.1061027,-6.0,0.0,-53.0
1776885284.1161027,-7.0,-2.0,-52.0
1776885284.1261027,-6.0,-4.0,-54.0
1776885284.136103,0.0,-10.0,-52.0
1776885284.146103,3.0,-9.0,-52.0
1776885284.156103,3.0,-3.0,-53.0
1776885284.1661026,5.0,-6.0,-54.0
1776885284.1761026,6.0,-9.0,-49.0
1776885284.1861026,3.0,-7.0,-53.0
1776885284.1961029,2.0,-2.0,-49.0
1776885284.2061028,0.0,-1.0,-48.0
1776885284.2161028,-3.0,-4.0,-51.0
1776885284.2261028,-4.0,-4.0,-51.0
1776885284.2361028,-2.0,-1.0,-40.0
1776885284.2461028,0.0,1.0,-38.0
1776885284.2561028,0.0,0.0,-38.0
1776885284.2661028,-1.0,2.0,-39.0
1776885284.2761028,1.0,1.0,-43.0
1776885284.2861028,2.0,1.0,-45.0
1776885284.2961028,0.0,0.0,-46.0
1776885284.3061028,0.0,1.0,-44.0
1776885284.3161027,0.0,0.0,-44.0
1776885284.3261027,0.0,0.0,-51.0
1776885284.3361027,0.0,-1.0,-52.0
1776885284.3461027,0.0,-2.0,-48.0
1776885284.3561027,-4.0,-4.0,-44.0
1776885284.3661027,-2.0,-7.0,-43.0
1776885284.3761027,3.0,-8.0,-40.0
1776885284.386103,2.0,-6.0,-40.0
1776885284.396103,0.0,-3.0,-36.0
1776885284.406103,0.0,-2.0,-35.0
1776885284.4161026,1.0,-1.0,-33.0
1776885284.4261026,1.0,-2.0,-34.0
1776885284.4361026,5.0,-2.0,-38.0
1776885284.4461029,5.0,-3.0,-41.0
1776885284.4561028,7.0,-10.0,-46.0
1776885284.4661028,1.0,-4.0,-43.0
1776885284.4761028,-1.0,0.0,-44.0
1776885284.4861028,-7.0,-1.0,-46.0
1776885284.4961028,-1.0,-1.0,-46.0
1776885284.5061028,1.0,0.0,-49.0
1776885284.5161028,0.0,-1.0,-46.0
1776885284.5261028,0.0,-1.0,-48.0
1776885284.5361028,-1.0,-1.0,-39.0
1776885284.5461028,0.0,-3.0,-45.0
1776885284.5561028,0.0,-5.0,-34.0
1776885284.5661027,1.0,-6.0,-40.0
1776885284.5761027,3.0,-7.0,-42.0
1776885284.5861027,3.0,-6.0,-46.0
1776885284.5961027,1.0,-4.0,-47.0
1776885284.6061027,-1.0,-7.0,-45.0
1776885284.6161027,3.0,-4.0,-45.0
1776885284.6261027,5.0,-5.0,-44.0
1776885284.636103,2.0,-5.0,-40.0
1776885284.646103,1.0,-3.0,-39.0
1776885284.656103,2.0,-3.0,-37.0
1776885284.6661026,0.0,-5.0,-40.0
1776885284.6761026,4.0,-4.0,-35.0
1776885284.6861026,4.0,-2.0,-40.0
1776885284.6961029,6.0,-6.0,-44.0
1776885284.7061028,2.0,0.0,-45.0
1776885284.7161028,5.0,1.0,-42.0
1776885284.7271028,2.0,-1.0,-45.0
1776885284.7371027,5.0,-3.0,-46.0
1776885284.7471027,3.0,-2.0,-48.0
1776885284.7571027,2.0,-3.0,-46.0
1776885284.7671027,3.0,-5.0,-42.0
1776885284.7771027,3.0,-9.0,-41.0
1776885284.7871027,6.0,-7.0,-39.0
1776885284.7971027,5.0,-5.0,-38.0
1776885284.807103,1.0,-6.0,-39.0
1776885284.817103,2.0,-7.0,-41.0
1776885284.827103,0.0,-4.0,-39.0
1776885284.837103,0.0,-5.0,-40.0
1776885284.8471026,1.0,-6.0,-47.0
1776885284.8571026,7.0,-4.0,-44.0
1776885284.8671026,6.0,0.0,-44.0
1776885284.8771029,5.0,-1.0,-49.0
1776885284.8871028,1.0,-5.0,-47.0
1776885284.8971028,5.0,-7.0,-48.0
1776885284.9071028,9.0,-6.0,-55.0
1776885284.9171028,12.0,-8.0,-50.0
1776885284.9271028,7.0,-5.0,-53.0
1776885284.9371028,6.0,-5.0,-51.0
1776885284.9471028,6.0,-2.0,-55.0
1776885284.9571028,7.0,-1.0,-51.0
1776885284.9671028,6.0,0.0,-46.0
1776885284.9771028,7.0,0.0,-47.0
1776885284.9871027,11.0,-2.0,-52.0
1776885284.9971027,9.0,-1.0,-49.0
1776885285.0071027,8.0,-1.0,-47.0
1776885285.0171027,8.0,1.0,-42.0
1776885285.0271027,9.0,1.0,-43.0
1776885285.0371027,6.0,2.0,-44.0
1776885285.0471027,6.0,0.0,-46.0
1776885285.057103,7.0,-2.0,-50.0
1776885285.067103,1.0,-5.0,-53.0
1776885285.077103,-4.0,-3.0,-42.0
1776885285.087103,-6.0,-2.0,-44.0
1776885285.0971026,0.0,-4.0,-45.0
1776885285.1071026,-2.0,-2.0,-46.0
1776885285.1171026,-2.0,-3.0,-38.0
1776885285.1271029,3.0,-1.0,-41.0
1776885285.1371028,2.0,-1.0,-48.0
1776885285.1471028,0.0,-4.0,-47.0
1776885285.1571028,6.0,-2.0,-44.0
1776885285.1671028,1.0,-6.0,-42.0
1776885285.1771028,1.0,-7.0,-40.0
1776885285.1871028,3.0,-7.0,-36.0
1776885285.1971028,2.0,-7.0,-40.0
1776885285.2071028,5.0,-1.0,-47.0
1776885285.2171028,7.0,-3.0,-38.0
1776885285.2271028,0.0,-3.0,-33.0
1776885285.2371027,-1.0,0.0,-38.0
1776885285.2471027,-4.0,-1.0,-37.0
1776885285.2571027,-7.0,-5.0,-40.0
1776885285.2671027,-4.0,-7.0,-40.0
1776885285.2771027,-5.0,-6.0,-44.0
1776885285.2871027,-7.0,-5.0,-44.0
1776885285.2971027,-3.0,-4.0,-42.0
1776885285.307103,-1.0,-2.0,-49.0
1776885285.317103,-2.0,-1.0,-45.0
1776885285.327103,-1.0,0.0,-39.0
1776885285.337103,-3.0,-2.0,-38.0
1776885285.3471026,-4.0,-3.0,-43.0
1776885285.3571026,-8.0,-6.0,-46.0
1776885285.3671026,-6.0,-8.0,-44.0
1776885285.3771029,-11.0,-10.0,-44.0
1776885285.3871028,-12.0,-7.0,-47.0
1776885285.3971028,-7.0,-7.0,-52.0
1776885285.4071028,-6.0,-7.0,-39.0
1776885285.4171028,-5.0,-6.0,-44.0
1776885285.4271028,-1.0,-7.0,-50.0
1776885285.4371028,-1.0,-11.0,-52.0
1776885285.4471028,-1.0,-6.0,-48.0
1776885285.4571028,-1.0,-3.0,-47.0
1776885285.4671028,0.0,0.0,-47.0
1776885285.4771028,1.0,-3.0,-45.0
1776885285.4871027,2.0,-2.0,-47.0
1776885285.4971027,2.0,-1.0,-44.0
1776885285.5071027,1.0,-1.0,-41.0
1776885285.5171027,4.0,-4.0,-36.0
1776885285.5271027,3.0,-6.0,-36.0
1776885285.5371027,0.0,-10.0,-35.0
1776885285.5471027,1.0,-8.0,-40.0
1776885285.557103,2.0,-9.0,-40.0
1776885285.567103,5.0,-6.0,-42.0
1776885285.577103,5.0,-5.0,-42.0
1776885285.587103,2.0,-2.0,-40.0
1776885285.5971026,0.0,-1.0,-41.0
1776885285.6071026,3.0,0.0,-45.0
1776885285.6171026,1.0,1.0,-47.0
1776885285.6271029,2.0,0.0,-47.0
1776885285.6371028,4.0,-2.0,-48.0
1776885285.6471028,2.0,0.0,-51.0
1776885285.6571028,-2.0,0.0,-50.0
1776885285.6671028,-4.0,1.0,-50.0
1776885285.6771028,-5.0,-3.0,-46.0
1776885285.6871028,-4.0,-3.0,-45.0
1776885285.6971028,-3.0,-3.0,-51.0
1776885285.7071028,-5.0,-4.0,-46.0
1776885285.7171028,-5.0,0.0,-51.0
1776885285.7271028,-1.0,0.0,-55.0
1776885285.7371027,-2.0,0.0,-49.0
1776885285.7471027,-2.0,0.0,-46.0
1776885285.7571027,-5.0,-2.0,-46.0
1776885285.7671027,-3.0,-1.0,-45.0
1776885285.7771027,0.0,0.0,-40.0
1776885285.7871027,-2.0,0.0,-44.0
1776885285.7971027,-3.0,-4.0,-46.0
1776885285.807103,-2.0,-4.0,-51.0
1776885285.817103,-1.0,-2.0,-42.0
1776885285.827103,-4.0,-3.0,-47.0
1776885285.837103,-3.0,0.0,-38.0
1776885285.8471026,-1.0,-1.0,-38.0
1776885285.8571026,-4.0,-3.0,-40.0
1776885285.8671026,0.0,-4.0,-39.0
1776885285.8771029,0.0,-1.0,-45.0
1776885285.8871028,-2.0,-1.0,-49.0
1776885285.8971028,-1.0,-1.0,-51.0
1776885285.9071028,-3.0,0.0,-56.0
1776885285.9171028,0.0,-4.0,-56.0
1776885285.9271028,2.0,-9.0,-54.0
1776885285.9371028,3.0,-11.0,-56.0
1776885285.9471028,1.0,-7.0,-52.0
1776885285.9571028,4.0,-2.0,-51.0
1776885285.9671028,6.0,1.0,-49.0
1776885285.9771028,4.0,-3.0,-50.0
1776885285.9871027,2.0,-2.0,-49.0
1776885285.9971027,0.0,-1.0,-53.0
1776885286.0071027,0.0,0.0,-51.0
1776885286.0171027,3.0,-2.0,-50.0
1776885286.0271027,2.0,-1.0,-49.0
1776885286.0371027,3.0,-1.0,-46.0
1776885286.0471027,3.0,-2.0,-41.0
1776885286.057103,6.0,-5.0,-35.0
1776885286.067103,9.0,-3.0,-39.0
1776885286.077103,11.0,-1.0,-43.0
1776885286.087103,10.0,-1.0,-45.0
1776885286.0971026,7.0,-2.0,-41.0
1776885286.1071026,6.0,-3.0,-45.0
1776885286.1171026,6.0,-3.0,-47.0
1776885286.1271029,10.0,-5.0,-57.0
1776885286.1371028,7.0,-6.0,-54.0
1776885286.1471028,6.0,-5.0,-50.0
1776885286.1571028,7.0,-4.0,-52.0
1776885286.1671028,10.0,-5.0,-43.0
1776885286.1771028,12.0,-3.0,-45.0
1776885286.1871028,8.0,-5.0,-47.0
1776885286.1971028,2.0,-7.0,-43.0
1776885286.2071028,2.0,-6.0,-49.0
1776885286.2171028,-2.0,-10.0,-42.0
1776885286.2271028,-1.0,-6.0,-39.0
1776885286.2371027,-4.0,-6.0,-43.0
1776885286.2471027,-5.0,-4.0,-45.0
1776885286.2571027,-7.0,-1.0,-44.0
1776885286.2671027,-6.0,3.0,-48.0
1776885286.2771027,-5.0,2.0,-45.0
1776885286.2871027,-7.0,0.0,-50.0
1776885286.2971027,-3.0,-1.0,-55.0
1776885286.307103,-2.0,1.0,-53.0
1776885286.317103,-1.0,1.0,-53.0
1776885286.327103,2.0,0.0,-48.0
1776885286.337103,-2.0,0.0,-39.0
1776885286.3471026,-2.0,-2.0,-43.0
1776885286.3571026,1.0,0.0,-42.0
1776885286.3671026,2.0,-1.0,-49.0
1776885286.3771029,0.0,-1.0,-48.0
1776885286.3871028,-1.0,2.0,-44.0
1776885286.3971028,1.0,0.0,-43.0
1776885286.4071028,3.0,-1.0,-44.0
1776885286.4171028,6.0,1.0,-43.0
1776885286.4271028,7.0,3.0,-46.0
1776885286.4371028,8.0,0.0,-44.0
1776885286.4471028,5.0,-2.0,-45.0
1776885286.4571028,2.0,-5.0,-44.0
1776885286.4671028,-3.0,-6.0,-44.0
1776885286.4771028,-2.0,-7.0,-44.0
1776885286.4871027,-1.0,-4.0,-43.0
1776885286.4971027,0.0,-1.0,-47.0
1776885286.5071027,2.0,0.0,-48.0
1776885286.5171027,2.0,-2.0,-55.0
1776885286.5271027,-3.0,-6.0,-51.0
1776885286.5371027,-1.0,-7.0,-47.0
1776885286.5471027,-4.0,-3.0,-44.0
1776885286.557103,-6.0,-5.0,-40.0
1776885286.567103,-4.0,-4.0,-43.0
1776885286.577103,-7.0,-4.0,-43.0
1776885286.587103,-4.0,-3.0,-46.0
1776885286.5971026,-6.0,-4.0,-45.0
1776885286.6071026,-3.0,-2.0,-33.0
1776885286.6171026,-5.0,-4.0,-36.0
1776885286.6271029,-2.0,0.0,-37.0
1776885286.6371028,-4.0,0.0,-40.0
1776885286.6471028,-1.0,-2.0,-45.0
1776885286.6571028,-2.0,-2.0,-44.0
1776885286.6671028,-2.0,1.0,-45.0
1776885286.6771028,-4.0,1.0,-44.0
1776885286.6871028,-1.0,0.0,-40.0
1776885286.6971028,4.0,1.0,-45.0
1776885286.7071028,-1.0,5.0,-44.0
1776885286.7181027,0.0,6.0,-46.0
1776885286.7271028,0.0,4.0,-43.0
1776885286.738103,1.0,5.0,-42.0
1776885286.7471027,1.0,2.0,-43.0
1776885286.758103,3.0,2.0,-42.0
1776885286.7681026,4.0,2.0,-48.0
1776885286.7781026,4.0,0.0,-42.0
1776885286.7881026,3.0,0.0,-51.0
1776885286.7971027,0.0,0.0,-52.0
1776885286.8081028,-4.0,-1.0,-50.0
1776885286.8181028,-4.0,-2.0,-47.0
1776885286.8281028,-2.0,-2.0,-51.0
1776885286.8381028,-2.0,-6.0,-49.0
1776885286.8481028,-2.0,-6.0,-44.0
1776885286.8581028,0.0,-3.0,-34.0
1776885286.8681028,-1.0,-2.0,-27.0
1776885286.8781028,-1.0,-3.0,-29.0
1776885286.8881028,-1.0,-3.0,-32.0
1776885286.8981028,0.0,0.0,-33.0
1776885286.9081028,1.0,-2.0,-35.0
1776885286.9181027,1.0,0.0,-34.0
1776885286.9281027,1.0,-5.0,-40.0
1776885286.9381027,-2.0,-7.0,-40.0
1776885286.9481027,-3.0,-9.0,-43.0
1776885286.9581027,-3.0,-7.0,-50.0
1776885286.9681027,0.0,-3.0,-51.0
1776885286.9781027,0.0,-2.0,-50.0
1776885286.988103,-2.0,0.0,-46.0
1776885286.998103,-1.0,0.0,-43.0
1776885287.008103,-1.0,-1.0,-39.0
1776885287.0181026,0.0,1.0,-33.0
1776885287.0281026,0.0,2.0,-30.0
1776885287.0381026,0.0,0.0,-34.0
1776885287.0481029,1.0,-2.0,-35.0
1776885287.0581028,-3.0,-3.0,-40.0
1776885287.0681028,-3.0,-2.0,-42.0
1776885287.0781028,-6.0,-1.0,-41.0
1776885287.0881028,-10.0,-1.0,-45.0
1776885287.0981028,-8.0,-2.0,-45.0
1776885287.1081028,-7.0,0.0,-44.0
1776885287.1181028,-7.0,1.0,-46.0
1776885287.1281028,-4.0,2.0,-56.0
1776885287.1381028,-1.0,0.0,-53.0
1776885287.1481028,-2.0,1.0,-54.0
1776885287.1581028,1.0,4.0,-47.0
1776885287.1681027,2.0,1.0,-43.0
1776885287.1781027,3.0,-1.0,-39.0
1776885287.1881027,2.0,0.0,-34.0
1776885287.1981027,3.0,2.0,-29.0
1776885287.2081027,5.0,-1.0,-33.0
1776885287.2181027,6.0,2.0,-38.0
1776885287.2281027,0.0,0.0,-36.0
1776885287.238103,3.0,0.0,-35.0
1776885287.248103,5.0,2.0,-44.0
1776885287.258103,5.0,-1.0,-51.0
1776885287.2681026,3.0,1.0,-49.0
1776885287.2781026,0.0,7.0,-52.0
1776885287.2881026,-2.0,4.0,-47.0
1776885287.2981029,-2.0,7.0,-42.0
1776885287.3081028,0.0,4.0,-35.0
1776885287.3181028,0.0,2.0,-34.0
1776885287.3281028,0.0,2.0,-38.0
1776885287.3381028,2.0,1.0,-33.0
1776885287.3481028,5.0,0.0,-35.0
1776885287.3581028,1.0,-3.0,-47.0
1776885287.3681028,4.0,-2.0,-43.0
1776885287.3781028,3.0,-5.0,-44.0
1776885287.3881028,4.0,-3.0,-49.0
1776885287.3981028,7.0,-3.0,-58.0
1776885287.4081028,10.0,-2.0,-54.0
1776885287.4181027,5.0,-6.0,-50.0
1776885287.4281027,4.0,-7.0,-43.0
1776885287.4381027,2.0,-9.0,-42.0
1776885287.4481027,4.0,-10.0,-49.0
1776885287.4581027,6.0,-8.0,-45.0
1776885287.4681027,11.0,-7.0,-47.0
1776885287.4781027,8.0,-7.0,-47.0
1776885287.488103,7.0,-5.0,-46.0
1776885287.498103,7.0,-5.0,-46.0
1776885287.508103,10.0,-1.0,-51.0
1776885287.5181026,14.0,1.0,-45.0
1776885287.5281026,12.0,0.0,-44.0
1776885287.5381026,9.0,-3.0,-50.0
1776885287.5481029,6.0,-4.0,-51.0
1776885287.5581028,5.0,-3.0,-52.0
1776885287.5681028,5.0,-1.0,-54.0
1776885287.5781028,4.0,-4.0,-56.0
1776885287.5881028,0.0,0.0,-56.0
1776885287.5981028,-1.0,-1.0,-52.0
1776885287.6081028,-3.0,-2.0,-51.0
1776885287.6181028,-3.0,-7.0,-52.0
1776885287.6281028,-3.0,-8.0,-47.0
1776885287.6381028,-1.0,-5.0,-39.0
1776885287.6481028,0.0,-1.0,-42.0
1776885287.6581028,-1.0,-1.0,-41.0
1776885287.6681027,2.0,-2.0,-49.0
1776885287.6781027,5.0,-3.0,-41.0
1776885287.6881027,3.0,0.0,-37.0
1776885287.6981027,5.0,-2.0,-37.0
1776885287.7081027,0.0,-4.0,-34.0
1776885287.7181027,2.0,-1.0,-26.0
1776885287.7281027,1.0,-2.0,-25.0
1776885287.738103,2.0,-5.0,-28.0
1776885287.748103,4.0,-1.0,-27.0
1776885287.758103,0.0,-1.0,-30.0
1776885287.7681026,-2.0,1.0,-29.0
1776885287.7781026,-1.0,4.0,-33.0
1776885287.7881026,-1.0,3.0,-46.0
1776885287.7981029,-1.0,6.0,-46.0
1776885287.8081028,-2.0,3.0,-58.0
1776885287.8181028,-1.0,6.0,-54.0
1776885287.8281028,0.0,3.0,-48.0
1776885287.8381028,6.0,1.0,-51.0
1776885287.8481028,4.0,-2.0,-53.0
1776885287.8581028,1.0,-4.0,-50.0
1776885287.8681028,-1.0,-1.0,-47.0
1776885287.8781028,0.0,-3.0,-49.0
1776885287.8881028,2.0,-3.0,-44.0
1776885287.8981028,3.0,-4.0,-40.0
1776885287.9081028,6.0,0.0,-38.0
1776885287.9181027,1.0,3.0,-36.0
1776885287.9281027,4.0,2.0,-38.0
1776885287.9381027,1.0,2.0,-36.0
1776885287.9481027,1.0,0.0,-42.0
1776885287.9581027,1.0,-1.0,-44.0
1776885287.9681027,-1.0,-2.0,-47.0
1776885287.9781027,2.0,-2.0,-49.0
1776885287.988103,3.0,-5.0,-51.0
1776885287.998103,0.0,-3.0,-49.0
1776885288.008103,-1.0,0.0,-52.0
1776885288.0181026,1.0,2.0,-46.0
1776885288.0281026,2.0,2.0,-50.0
1776885288.0381026,2.0,0.0,-49.0
1776885288.0481029,1.0,0.0,-46.0
1776885288.0581028,0.0,0.0,-51.0
1776885288.0681028,-1.0,0.0,-45.0
1776885288.0781028,0.0,-1.0,-47.0
1776885288.0881028,0.0,-5.0,-52.0
1776885288.0981028,-1.0,-3.0,-57.0
1776885288.1081028,4.0,-3.0,-50.0
1776885288.1181028,6.0,-2.0,-47.0
1776885288.1281028,4.0,-1.0,-43.0
1776885288.1381028,4.0,0.0,-37.0
1776885288.1481028,3.0,-1.0,-36.0
1776885288.1581028,4.0,0.0,-40.0
1776885288.1681027,4.0,-1.0,-39.0
1776885288.1781027,0.0,0.0,-36.0
1776885288.1881027,1.0,-2.0,-39.0
1776885288.1981027,5.0,-7.0,-38.0
1776885288.2081027,7.0,-11.0,-35.0
1776885288.2181027,7.0,-6.0,-36.0
1776885288.2281027,7.0,-7.0,-34.0
1776885288.238103,8.0,-6.0,-40.0
1776885288.248103,8.0,-6.0,-44.0
1776885288.258103,3.0,-3.0,-46.0
1776885288.2681026,0.0,-5.0,-48.0
1776885288.2781026,5.0,-3.0,-49.0
1776885288.2881026,6.0,0.0,-52.0
1776885288.2981029,0.0,0.0,-51.0
1776885288.3081028,0.0,0.0,-47.0
1776885288.3181028,-2.0,-1.0,-43.0
1776885288.3281028,-3.0,-1.0,-39.0
1776885288.3381028,-2.0,-1.0,-34.0
1776885288.3481028,0.0,0.0,-41.0
1776885288.3581028,-1.0,9.0,-48.0
1776885288.3681028,-3.0,8.0,-50.0
1776885288.3781028,-5.0,9.0,-39.0
1776885288.3881028,-1.0,4.0,-38.0
1776885288.3981028,1.0,4.0,-42.0
1776885288.4081028,1.0,1.0,-44.0
1776885288.4181027,5.0,-4.0,-39.0
1776885288.4281027,8.0,-5.0,-37.0
1776885288.4381027,10.0,-6.0,-38.0
1776885288.4481027,10.0,-7.0,-43.0
1776885288.4581027,8.0,-5.0,-31.0
1776885288.4681027,8.0,0.0,-32.0
1776885288.4781027,6.0,0.0,-38.0
1776885288.488103,-3.0,1.0,-42.0
1776885288.498103,-3.0,0.0,-43.0
1776885288.508103,-2.0,-3.0,-46.0
1776885288.5181026,0.0,-3.0,-48.0
1776885288.5281026,3.0,-2.0,-48.0
1776885288.5381026,4.0,-4.0,-43.0
1776885288.5481029,4.0,-2.0,-45.0
1776885288.5581028,2.0,1.0,-39.0
1776885288.5681028,0.0,1.0,-36.0
1776885288.5781028,-4.0,-3.0,-39.0
1776885288.5881028,-5.0,0.0,-43.0
1776885288.5981028,-2.0,-1.0,-48.0
1776885288.6081028,0.0,0.0,-43.0
1776885288.6181028,8.0,-1.0,-42.0
1776885288.6281028,13.0,-1.0,-38.0
1776885288.6381028,10.0,-1.0,-42.0
1776885288.6481028,11.0,1.0,-48.0
1776885288.6581028,7.0,1.0,-45.0
1776885288.669103,5.0,0.0,-54.0
1776885288.6781027,3.0,-2.0,-52.0
1776885288.6891026,-1.0,0.0,-49.0
1776885288.6991026,1.0,0.0,-50.0
1776885288.7081027,2.0,-1.0,-46.0
1776885288.7191026,2.0,-4.0,-41.0
1776885288.7291028,2.0,-3.0,-39.0
1776885288.7391028,0.0,1.0,-41.0
1776885288.7491028,-2.0,0.0,-41.0
1776885288.7591028,0.0,-2.0,-44.0
1776885288.7691028,2.0,-4.0,-50.0
1776885288.7791028,0.0,-4.0,-46.0
1776885288.7891028,2.0,-3.0,-46.0
1776885288.7991028,-2.0,-2.0,-44.0
1776885288.8091028,-1.0,0.0,-41.0
1776885288.8191028,1.0,-1.0,-35.0
1776885288.8291028,2.0,-2.0,-35.0
1776885288.8391027,3.0,-1.0,-37.0
1776885288.8491027,6.0,-2.0,-41.0
1776885288.8591027,3.0,0.0,-49.0
1776885288.8691027,2.0,-5.0,-47.0
1776885288.8791027,1.0,-5.0,-43.0
1776885288.8891027,2.0,-7.0,-43.0
1776885288.8991027,5.0,-8.0,-47.0
1776885288.909103,3.0,-1.0,-46.0
1776885288.919103,8.0,0.0,-53.0
1776885288.929103,6.0,2.0,-56.0
1776885288.9391026,0.0,2.0,-54.0
1776885288.9491026,-1.0,2.0,-53.0
1776885288.9591026,1.0,0.0,-54.0
1776885288.9691026,4.0,-2.0,-48.0
1776885288.9791028,3.0,-1.0,-45.0
1776885288.9891028,2.0,-2.0,-40.0
1776885288.9991028,-3.0,0.0,-43.0
1776885289.0091028,-6.0,-1.0,-41.0
1776885289.0191028,-7.0,-1.0,-40.0
1776885289.0291028,-10.0,2.0,-36.0
1776885289.0391028,-5.0,4.0,-38.0
1776885289.0491028,-1.0,5.0,-44.0
1776885289.0591028,-5.0,7.0,-44.0
1776885289.0691028,-4.0,8.0,-45.0
1776885289.0791028,-3.0,7.0,-53.0
1776885289.0891027,-7.0,6.0,-54.0
1776885289.0991027,-5.0,7.0,-53.0
1776885289.1091027,-5.0,3.0,-53.0
1776885289.1191027,-5.0,0.0,-49.0
1776885289.1291027,0.0,-2.0,-49.0
1776885289.1391027,-3.0,-5.0,-47.0
1776885289.1491027,-3.0,-7.0,-47.0
1776885289.159103,-2.0,0.0,-44.0
1776885289.169103,1.0,3.0,-49.0
1776885289.179103,4.0,4.0,-53.0
1776885289.1891026,5.0,3.0,-55.0
1776885289.1991026,0.0,2.0,-57.0
1776885289.2091026,2.0,0.0,-51.0
1776885289.2191026,2.0,1.0,-50.0
1776885289.2291028,4.0,0.0,-49.0
1776885289.2391028,3.0,1.0,-48.0
1776885289.2491028,4.0,0.0,-43.0
1776885289.2591028,1.0,2.0,-39.0
1776885289.2691028,1.0,0.0,-35.0
1776885289.2791028,-1.0,0.0,-40.0
1776885289.2891028,-5.0,4.0,-44.0
1776885289.2991028,1.0,1.0,-47.0
1776885289.3091028,-1.0,4.0,-48.0
1776885289.3191028,-1.0,1.0,-44.0
1776885289.3291028,-3.0,-3.0,-44.0
1776885289.3391027,1.0,-4.0,-41.0
1776885289.3491027,0.0,-2.0,-44.0
1776885289.3591027,1.0,-3.0,-49.0
1776885289.3691027,-3.0,0.0,-45.0
1776885289.3791027,-1.0,-1.0,-42.0
1776885289.3891027,3.0,-4.0,-47.0
1776885289.3991027,1.0,-1.0,-43.0
1776885289.409103,3.0,-1.0,-41.0
1776885289.419103,4.0,-1.0,-39.0
1776885289.429103,3.0,-1.0,-44.0
1776885289.4391026,3.0,0.0,-45.0
1776885289.4491026,0.0,0.0,-41.0
1776885289.4591026,-1.0,0.0,-42.0
1776885289.4691026,0.0,0.0,-39.0
1776885289.4791028,-2.0,-3.0,-39.0
1776885289.4891028,-4.0,-3.0,-39.0
1776885289.4991028,-3.0,-7.0,-40.0
1776885289.5091028,0.0,-12.0,-44.0
1776885289.5191028,-1.0,-10.0,-44.0
1776885289.5291028,-2.0,-8.0,-45.0
1776885289.5391028,-2.0,-8.0,-49.0
1776885289.5491028,-2.0,-5.0,-50.0
1776885289.5591028,-3.0,-3.0,-50.0
1776885289.5691028,-5.0,-3.0,-50.0
1776885289.5791028,0.0,0.0,-48.0
1776885289.5891027,0.0,-1.0,-43.0
1776885289.5991027,-3.0,-2.0,-47.0
1776885289.6091027,-1.0,1.0,-52.0
1776885289.6191027,-1.0,4.0,-50.0
1776885289.6291027,0.0,1.0,-47.0
1776885289.6391027,1.0,0.0,-45.0
1776885289.6491027,2.0,-1.0,-49.0
1776885289.659103,0.0,-1.0,-51.0
1776885289.669103,1.0,-1.0,-52.0
1776885289.679103,2.0,0.0,-53.0
1776885289.6891026,7.0,3.0,-43.0
1776885289.6991026,4.0,0.0,-42.0
1776885289.7091026,2.0,2.0,-50.0
1776885289.7191026,5.0,2.0,-55.0
1776885289.7291028,3.0,1.0,-49.0
1776885289.7391028,6.0,-4.0,-45.0
1776885289.7491028,2.0,-6.0,-46.0
1776885289.7591028,5.0,-8.0,-44.0
1776885289.7691028,2.0,-5.0,-41.0
1776885289.7791028,0.0,-4.0,-47.0
1776885289.7891028,3.0,-4.0,-52.0
1776885289.7991028,3.0,4.0,-49.0
1776885289.8091028,1.0,5.0,-49.0
1776885289.8191028,0.0,0.0,-59.0
1776885289.8291028,1.0,0.0,-54.0
1776885289.8391027,0.0,-2.0,-54.0
1776885289.8491027,-1.0,-1.0,-49.0
1776885289.8591027,1.0,-2.0,-57.0
1776885289.8691027,0.0,-3.0,-55.0
1776885289.8791027,0.0,-3.0,-51.0
1776885289.8891027,2.0,0.0,-51.0
1776885289.8991027,0.0,-1.0,-55.0
1776885289.909103,0.0,0.0,-51.0
1776885289.919103,0.0,2.0,-51.0
1776885289.929103,-1.0,2.0,-50.0
1776885289.9391026,0.0,2.0,-52.0
1776885289.9491026,3.0,-1.0,-49.0
1776885289.9591026,3.0,-3.0,-50.0
1776885289.9691026,-1.0,-2.0,-54.0
1776885289.9791028,0.0,-2.0,-54.0
1776885289.9891028,0.0,-1.0,-41.0
1776885289.9991028,-3.0,-1.0,-35.0
1776885290.0091028,-3.0,0.0,-39.0
1776885290.0191028,-6.0,-1.0,-42.0
1776885290.0291028,-7.0,1.0,-48.0
1776885290.0391028,-6.0,1.0,-41.0
1776885290.0491028,-6.0,-1.0,-39.0
1776885290.0591028,-2.0,-2.0,-37.0
1776885290.0691028,0.0,2.0,-40.0
1776885290.0791028,-2.0,5.0,-37.0
1776885290.0891027,-8.0,5.0,-41.0
1776885290.0991027,-8.0,3.0,-43.0
1776885290.1091027,-11.0,0.0,-47.0
1776885290.1191027,-3.0,-4.0,-46.0
1776885290.1291027,0.0,-1.0,-45.0
1776885290.1391027,0.0,-2.0,-41.0
1776885290.1491027,0.0,0.0,-35.0
1776885290.159103,0.0,0.0,-43.0
1776885290.169103,5.0,0.0,-49.0
1776885290.179103,7.0,0.0,-50.0
1776885290.1891026,3.0,-1.0,-43.0
1776885290.1991026,2.0,2.0,-40.0
1776885290.2091026,3.0,2.0,-40.0
1776885290.2191026,4.0,0.0,-33.0
1776885290.2291028,3.0,-4.0,-33.0
1776885290.2391028,4.0,-6.0,-32.0
1776885290.2491028,3.0,-5.0,-42.0
1776885290.2591028,0.0,-9.0,-43.0
1776885290.2691028,-1.0,-7.0,-43.0
1776885290.2791028,3.0,-4.0,-40.0
1776885290.2891028,-1.0,-5.0,-36.0
1776885290.2991028,0.0,-3.0,-33.0
1776885290.3091028,6.0,-6.0,-34.0
1776885290.3191028,6.0,-4.0,-29.0
1776885290.3291028,6.0,-7.0,-34.0
1776885290.3391027,2.0,-5.0,-34.0
1776885290.3491027,0.0,-1.0,-35.0
1776885290.3591027,0.0,0.0,-39.0
1776885290.3691027,-3.0,-1.0,-39.0
1776885290.3791027,-4.0,0.0,-39.0
1776885290.3891027,-1.0,0.0,-39.0
1776885290.3991027,3.0,-2.0,-42.0
1776885290.409103,8.0,-6.0,-52.0
1776885290.419103,7.0,-7.0,-54.0
1776885290.429103,3.0,-5.0,-51.0
1776885290.4391026,4.0,-9.0,-51.0
1776885290.4491026,4.0,-8.0,-49.0
1776885290.4591026,3.0,-11.0,-53.0
1776885290.4691026,2.0,-8.0,-50.0
1776885290.4791028,1.0,-5.0,-50.0
1776885290.4891028,3.0,-5.0,-49.0
1776885290.4991028,3.0,-3.0,-46.0
1776885290.5091028,1.0,-2.0,-42.0
1776885290.5191028,0.0,-3.0,-41.0
1776885290.5291028,-1.0,-4.0,-38.0
1776885290.5391028,-5.0,-1.0,-43.0
1776885290.5491028,-2.0,0.0,-46.0
1776885290.5591028,-1.0,-3.0,-37.0
1776885290.5691028,-7.0,-2.0,-33.0
1776885290.5791028,-7.0,-1.0,-37.0
1776885290.5891027,-6.0,-2.0,-37.0
1776885290.5991027,-7.0,0.0,-38.0
1776885290.6091027,-4.0,-2.0,-44.0
1776885290.6191027,0.0,-2.0,-43.0
1776885290.6291027,3.0,-4.0,-49.0
1776885290.6391027,1.0,-2.0,-52.0
1776885290.6491027,-2.0,-3.0,-54.0
1776885290.659103,-4.0,-3.0,-51.0
1776885290.6701028,-3.0,-6.0,-50.0
1776885290.6801028,-1.0,-6.0,-54.0
1776885290.6901028,1.0,-2.0,-54.0
1776885290.7001028,2.0,-1.0,-54.0
1776885290.7101028,-5.0,-4.0,-58.0
1776885290.7201028,-5.0,-3.0,-57.0
1776885290.7301028,-5.0,-1.0,-58.0
1776885290.7401028,-3.0,-1.0,-56.0
1776885290.7501028,-4.0,1.0,-53.0
1776885290.7601027,0.0,0.0,-54.0
1776885290.7701027,0.0,0.0,-59.0
1776885290.7801027,2.0,-1.0,-56.0
1776885290.7901027,2.0,-1.0,-54.0
1776885290.8001027,0.0,-1.0,-57.0
1776885290.8101027,2.0,-1.0,-53.0
1776885290.8201027,3.0,0.0,-48.0
1776885290.8301027,5.0,3.0,-47.0
1776885290.840103,3.0,3.0,-45.0
1776885290.850103,7.0,2.0,-46.0
1776885290.860103,8.0,2.0,-47.0
1776885290.8701026,8.0,-1.0,-49.0
1776885290.8801026,5.0,-3.0,-46.0
1776885290.8901026,0.0,0.0,-42.0
1776885290.9001029,3.0,-2.0,-43.0
1776885290.9101028,8.0,-2.0,-45.0
1776885290.9201028,7.0,-2.0,-47.0
1776885290.9301028,13.0,-2.0,-55.0
1776885290.9401028,13.0,-2.0,-54.0
1776885290.9501028,8.0,-3.0,-53.0
1776885290.9601028,3.0,0.0,-50.0
1776885290.9701028,1.0,3.0,-48.0
1776885290.9801028,0.0,3.0,-53.0
1776885290.9901028,3.0,2.0,-56.0
1776885291.0001028,0.0,2.0,-50.0
1776885291.0101027,-1.0,2.0,-38.0
1776885291.0201027,-2.0,-1.0,-36.0
1776885291.0301027,-5.0,-5.0,-42.0
1776885291.0401027,-3.0,-5.0,-42.0
1776885291.0501027,0.0,-2.0,-38.0
1776885291.0601027,2.0,-1.0,-35.0
1776885291.0701027,2.0,0.0,-39.0
1776885291.0801027,0.0,-1.0,-47.0
1776885291.090103,2.0,0.0,-46.0
1776885291.100103,0.0,-2.0,-46.0
1776885291.110103,-1.0,0.0,-46.0
1776885291.1201026,-2.0,-4.0,-46.0
1776885291.1301026,0.0,-6.0,-40.0
1776885291.1401026,-2.0,-5.0,-33.0
1776885291.1501029,0.0,0.0,-35.0
1776885291.1601028,-1.0,1.0,-34.0
1776885291.1701028,-2.0,4.0,-35.0
1776885291.1801028,-2.0,2.0,-45.0
1776885291.1901028,0.0,3.0,-47.0
1776885291.2001028,4.0,-1.0,-51.0
1776885291.2101028,7.0,0.0,-52.0
1776885291.2201028,11.0,-4.0,-49.0
1776885291.2301028,11.0,-7.0,-51.0
1776885291.2401028,8.0,-8.0,-51.0
1776885291.2501028,6.0,-4.0,-52.0
1776885291.2601027,7.0,-2.0,-53.0
1776885291.2701027,7.0,-5.0,-43.0
1776885291.2801027,4.0,-4.0,-39.0
1776885291.2901027,5.0,-1.0,-39.0
1776885291.3001027,1.0,2.0,-36.0
1776885291.3101027,1.0,1.0,-34.0
1776885291.3201027,0.0,1.0,-38.0
1776885291.3301027,1.0,4.0,-46.0
1776885291.340103,5.0,3.0,-48.0
1776885291.350103,1.0,8.0,-45.0
1776885291.360103,2.0,7.0,-46.0
1776885291.3701026,1.0,4.0,-46.0
1776885291.3801026,-1.0,0.0,-41.0
1776885291.3901026,0.0,-1.0,-40.0
1776885291.4001029,-4.0,-2.0,-36.0
1776885291.4101028,-5.0,-4.0,-31.0
1776885291.4201028,-4.0,-5.0,-33.0
1776885291.4301028,-1.0,-9.0,-34.0
1776885291.4401028,2.0,-10.0,-38.0
1776885291.4501028,2.0,-10.0,-37.0
1776885291.4601028,7.0,-8.0,-43.0
1776885291.4701028,8.0,-8.0,-40.0
1776885291.4801028,6.0,-3.0,-38.0
1776885291.4901028,2.0,-5.0,-39.0
1776885291.5001028,0.0,-2.0,-45.0
1776885291.5101027,0.0,0.0,-49.0
1776885291.5201027,1.0,-1.0,-46.0
1776885291.5301027,6.0,-3.0,-41.0
1776885291.5401027,5.0,-2.0,-37.0
1776885291.5501027,3.0,0.0,-39.0
1776885291.5601027,2.0,0.0,-38.0
1776885291.5701027,5.0,-2.0,-42.0
1776885291.5801027,6.0,0.0,-40.0
1776885291.590103,4.0,1.0,-41.0
1776885291.600103,3.0,0.0,-40.0
1776885291.610103,5.0,2.0,-38.0
1776885291.6201026,4.0,0.0,-37.0
1776885291.6301026,5.0,0.0,-37.0
1776885291.6401026,1.0,0.0,-38.0
1776885291.6501029,0.0,0.0,-44.0
1776885291.6601028,6.0,0.0,-45.0
1776885291.6701028,4.0,0.0,-50.0
1776885291.6801028,6.0,0.0,-52.0
1776885291.6901028,5.0,-1.0,-54.0
1776885291.7001028,2.0,0.0,-50.0
1776885291.7101028,3.0,-7.0,-48.0
1776885291.7201028,7.0,-9.0,-49.0
1776885291.7301028,4.0,-9.0,-48.0
1776885291.7401028,2.0,-9.0,-44.0
1776885291.7501028,8.0,-9.0,-42.0
1776885291.7601027,13.0,-6.0,-40.0
1776885291.7701027,15.0,-8.0,-45.0
1776885291.7801027,8.0,-6.0,-55.0
1776885291.7901027,7.0,-3.0,-56.0
1776885291.8001027,6.0,1.0,-47.0
1776885291.8101027,10.0,0.0,-47.0
1776885291.8201027,6.0,2.0,-49.0
1776885291.8301027,5.0,3.0,-53.0
1776885291.840103,3.0,1.0,-51.0
1776885291.850103,2.0,2.0,-49.0
1776885291.860103,1.0,0.0,-44.0
1776885291.8701026,1.0,-1.0,-43.0
1776885291.8801026,1.0,1.0,-44.0
1776885291.8901026,1.0,-2.0,-41.0
1776885291.9001029,1.0,-1.0,-42.0
1776885291.9101028,2.0,-2.0,-44.0
1776885291.9201028,3.0,-2.0,-41.0
1776885291.9301028,0.0,0.0,-39.0
1776885291.9401028,2.0,-1.0,-45.0
1776885291.9501028,5.0,-2.0,-47.0
1776885291.9601028,4.0,0.0,-38.0
1776885291.9701028,3.0,2.0,-41.0
1776885291.9801028,6.0,4.0,-48.0
1776885291.9901028,7.0,3.0,-53.0
1776885292.0001028,5.0,0.0,-52.0
1776885292.0101027,4.0,-2.0,-50.0
1776885292.0201027,2.0,-2.0,-50.0
1776885292.0301027,0.0,-5.0,-50.0
1776885292.0401027,0.0,-3.0,-44.0
1776885292.0501027,-2.0,-2.0,-39.0
1776885292.0601027,1.0,-5.0,-40.0
1776885292.0701027,1.0,-10.0,-45.0
1776885292.0801027,-1.0,-6.0,-46.0
1776885292.090103,-3.0,-9.0,-45.0
1776885292.100103,0.0,-6.0,-48.0
1776885292.110103,1.0,-5.0,-48.0
1776885292.1201026,2.0,-4.0,-51.0
1776885292.1301026,6.0,-7.0,-49.0
1776885292.1401026,2.0,-10.0,-46.0
1776885292.1501029,0.0,-10.0,-43.0
1776885292.1601028,1.0,-7.0,-43.0
1776885292.1701028,0.0,-7.0,-33.0
1776885292.1801028,0.0,-6.0,-41.0
1776885292.1901028,3.0,-3.0,-46.0
1776885292.2001028,3.0,0.0,-50.0
1776885292.2101028,4.0,2.0,-44.0
1776885292.2201028,2.0,2.0,-40.0
1776885292.2301028,-5.0,2.0,-35.0
1776885292.2401028,-2.0,4.0,-29.0
1776885292.2501028,-1.0,1.0,-41.0
1776885292.2601027,3.0,2.0,-44.0
1776885292.2701027,1.0,0.0,-38.0
1776885292.2801027,0.0,-1.0,-36.0
1776885292.2901027,2.0,-1.0,-40.0
1776885292.3001027,2.0,-4.0,-45.0
1776885292.3101027,2.0,-4.0,-53.0
1776885292.3201027,3.0,0.0,-51.0
1776885292.3301027,3.0,0.0,-53.0
1776885292.340103,0.0,-2.0,-53.0
1776885292.350103,-3.0,-2.0,-54.0
1776885292.360103,-2.0,0.0,-51.0
1776885292.3701026,1.0,-2.0,-41.0
1776885292.3801026,2.0,-1.0,-38.0
1776885292.3901026,4.0,0.0,-43.0
1776885292.4001029,3.0,0.0,-43.0
1776885292.4101028,6.0,-1.0,-47.0
1776885292.4201028,2.0,-4.0,-44.0
1776885292.4301028,0.0,-3.0,-40.0
1776885292.4401028,-5.0,-1.0,-38.0
1776885292.4501028,-9.0,-2.0,-38.0
1776885292.4601028,-5.0,-6.0,-39.0
1776885292.4701028,-11.0,-7.0,-42.0
1776885292.4801028,-9.0,-7.0,-41.0
1776885292.4901028,-13.0,-10.0,-37.0
1776885292.5001028,-15.0,-9.0,-34.0
1776885292.5101027,-10.0,-8.0,-35.0
1776885292.5201027,-7.0,-10.0,-38.0
1776885292.5301027,-8.0,-10.0,-37.0
1776885292.5401027,-7.0,-8.0,-36.0
1776885292.5501027,-7.0,-6.0,-38.0
1776885292.5601027,-7.0,-4.0,-39.0
1776885292.5701027,-3.0,0.0,-39.0
1776885292.5801027,-5.0,1.0,-46.0
1776885292.590103,-4.0,0.0,-45.0
1776885292.600103,-5.0,4.0,-41.0
1776885292.610103,3.0,3.0,-32.0
1776885292.6201026,4.0,2.0,-35.0
1776885292.6301026,3.0,1.0,-33.0
1776885292.6401026,0.0,0.0,-33.0
1776885292.6511028,0.0,0.0,-38.0
1776885292.6611028,-3.0,0.0,-36.0
1776885292.6711028,0.0,1.0,-31.0
1776885292.6811028,-3.0,6.0,-31.0
1776885292.6911027,-4.0,4.0,-36.0
1776885292.7011027,-3.0,1.0,-38.0
1776885292.7111027,-1.0,2.0,-39.0
1776885292.7211027,0.0,-2.0,-35.0
1776885292.7311027,2.0,-1.0,-39.0
1776885292.7411027,1.0,2.0,-38.0
1776885292.7511027,0.0,4.0,-33.0
1776885292.761103,2.0,2.0,-42.0
1776885292.771103,3.0,1.0,-38.0
1776885292.781103,0.0,3.0,-38.0
1776885292.7911026,1.0,4.0,-43.0
1776885292.8011026,1.0,1.0,-46.0
1776885292.8111026,2.0,-1.0,-47.0
1776885292.8211029,8.0,0.0,-46.0
1776885292.8311028,2.0,-2.0,-48.0
1776885292.8411028,3.0,-3.0,-45.0
1776885292.8511028,5.0,-2.0,-43.0
1776885292.8611028,2.0,-4.0,-48.0
1776885292.8711028,0.0,-7.0,-37.0
1776885292.8811028,-1.0,-7.0,-39.0
1776885292.8911028,-2.0,-1.0,-41.0
1776885292.9011028,-2.0,0.0,-39.0
1776885292.9111028,2.0,0.0,-40.0
1776885292.9211028,2.0,2.0,-42.0
1776885292.9311028,1.0,0.0,-43.0
1776885292.9411027,-1.0,3.0,-42.0
1776885292.9511027,1.0,3.0,-51.0
1776885292.9611027,0.0,0.0,-49.0
1776885292.9711027,-1.0,-2.0,-45.0
1776885292.9811027,0.0,-3.0,-42.0
1776885292.9911027,1.0,-1.0,-43.0
1776885293.0011027,5.0,-5.0,-45.0
1776885293.011103,7.0,-3.0,-47.0
1776885293.021103,9.0,-7.0,-45.0
1776885293.031103,7.0,-10.0,-46.0
1776885293.0411026,7.0,-14.0,-43.0
1776885293.0511026,7.0,-12.0,-43.0
1776885293.0611026,8.0,-8.0,-43.0
1776885293.0711029,11.0,-5.0,-39.0
1776885293.0811028,8.0,-2.0,-44.0
1776885293.0911028,5.0,-2.0,-38.0
1776885293.1011028,4.0,0.0,-39.0
1776885293.1111028,3.0,-3.0,-48.0
1776885293.1211028,3.0,-4.0,-53.0
1776885293.1311028,4.0,-5.0,-44.0
1776885293.1411028,2.0,-7.0,-41.0
1776885293.1511028,1.0,-5.0,-44.0
1776885293.1611028,1.0,-1.0,-43.0
1776885293.1711028,2.0,-3.0,-45.0
1776885293.1811028,4.0,0.0,-41.0
1776885293.1911027,2.0,0.0,-49.0
1776885293.2011027,1.0,1.0,-49.0
1776885293.2111027,6.0,3.0,-46.0
1776885293.2211027,3.0,2.0,-48.0
1776885293.2311027,3.0,-1.0,-46.0
1776885293.2411027,0.0,-5.0,-38.0
1776885293.2511027,-2.0,-4.0,-36.0
1776885293.261103,-3.0,-3.0,-39.0
1776885293.271103,-1.0,0.0,-40.0
1776885293.281103,2.0,-1.0,-44.0
1776885293.2911026,3.0,0.0,-46.0
1776885293.3011026,3.0,1.0,-40.0
1776885293.3111026,2.0,0.0,-41.0
1776885293.3211029,0.0,4.0,-43.0
1776885293.3311028,0.0,4.0,-47.0
1776885293.3411028,2.0,0.0,-44.0
1776885293.3511028,3.0,0.0,-42.0
1776885293.3611028,1.0,-4.0,-42.0
1776885293.3711028,6.0,-3.0,-43.0
1776885293.3811028,7.0,-3.0,-42.0
1776885293.3911028,5.0,0.0,-38.0
1776885293.4011028,0.0,0.0,-29.0
1776885293.4111028,-1.0,-5.0,-34.0
1776885293.4211028,-6.0,-5.0,-38.0
1776885293.4311028,-5.0,-6.0,-39.0
1776885293.4411027,-8.0,-1.0,-35.0
1776885293.4511027,-4.0,-2.0,-37.0
1776885293.4611027,0.0,-5.0,-41.0
1776885293.4711027,0.0,-7.0,-41.0
1776885293.4811027,0.0,-4.0,-44.0
1776885293.4911027,0.0,-3.0,-46.0
1776885293.5011027,2.0,-7.0,-47.0
1776885293.511103,-1.0,-3.0,-48.0
1776885293.521103,1.0,0.0,-52.0
1776885293.531103,-3.0,1.0,-50.0
1776885293.5411026,-5.0,0.0,-52.0
1776885293.5511026,-4.0,-2.0,-49.0
1776885293.5611026,-2.0,-2.0,-50.0
1776885293.5711029,-2.0,-3.0,-55.0
1776885293.5811028,0.0,-2.0,-50.0
1776885293.5911028,1.0,-4.0,-49.0
1776885293.6011028,7.0,-6.0,-50.0
1776885293.6111028,8.0,-5.0,-51.0
1776885293.6211028,8.0,-5.0,-43.0
1776885293.6311028,6.0,-6.0,-44.0
1776885293.6411028,5.0,-4.0,-45.0
1776885293.6511028,1.0,-7.0,-50.0
1776885293.6611028,-3.0,1.0,-55.0
1776885293.6711028,-1.0,1.0,-56.0
1776885293.6811028,-4.0,2.0,-56.0
1776885293.6911027,-4.0,5.0,-53.0
1776885293.7011027,0.0,8.0,-53.0
1776885293.7111027,0.0,0.0,-53.0
1776885293.7211027,0.0,0.0,-52.0
1776885293.7311027,1.0,-2.0,-48.0
1776885293.7411027,1.0,-3.0,-47.0
1776885293.7511027,1.0,-2.0,-46.0
1776885293.761103,4.0,-2.0,-41.0
1776885293.771103,1.0,-2.0,-40.0
1776885293.781103,1.0,-3.0,-45.0
1776885293.7911026,-3.0,0.0,-45.0
1776885293.8011026,-4.0,3.0,-42.0
1776885293.8111026,-1.0,0.0,-40.0
1776885293.8211029,-1.0,1.0,-39.0
1776885293.8311028,1.0,-1.0,-35.0
1776885293.8411028,-1.0,-4.0,-33.0
1776885293.8511028,-4.0,-3.0,-43.0
1776885293.8611028,-4.0,0.0,-42.0
1776885293.8711028,-6.0,-3.0,-38.0
1776885293.8811028,-6.0,-6.0,-44.0
1776885293.8911028,-3.0,-9.0,-48.0
1776885293.9011028,-1.0,-7.0,-41.0
1776885293.9111028,-1.0,-7.0,-42.0
1776885293.9211028,3.0,-10.0,-42.0
1776885293.9311028,-1.0,-10.0,-43.0
1776885293.9411027,-8.0,-9.0,-42.0
1776885293.9511027,-10.0,-7.0,-39.0
1776885293.9611027,-4.0,-9.0,-43.0
1776885293.9711027,-5.0,-5.0,-43.0
1776885293.9811027,-9.0,-2.0,-45.0
1776885293.9911027,-7.0,-3.0,-45.0
1776885294.0011027,-6.0,-5.0,-43.0
1776885294.011103,-8.0,-1.0,-36.0
1776885294.021103,-4.0,-3.0,-37.0
1776885294.031103,-1.0,-5.0,-35.0
1776885294.0411026,0.0,-8.0,-32.0
1776885294.0511026,0.0,-3.0,-26.0
1776885294.0611026,-3.0,-2.0,-30.0
1776885294.0711029,-6.0,-1.0,-33.0
1776885294.0811028,-6.0,-2.0,-35.0
1776885294.0911028,-6.0,-2.0,-39.0
1776885294.1011028,-7.0,-2.0,-38.0
1776885294.1111028,-6.0,-3.0,-37.0
1776885294.1211028,-9.0,0.0,-37.0
1776885294.1311028,-12.0,0.0,-43.0
1776885294.1411028,-9.0,0.0,-46.0
1776885294.1511028,-4.0,6.0,-49.0
1776885294.1611028,-3.0,5.0,-47.0
1776885294.1711028,-3.0,7.0,-47.0
1776885294.1811028,-2.0,6.0,-43.0
1776885294.1911027,-2.0,1.0,-40.0
1776885294.2011027,-2.0,0.0,-43.0
1776885294.2111027,-4.0,0.0,-40.0
1776885294.2211027,0.0,0.0,-46.0
1776885294.2311027,1.0,-1.0,-40.0
1776885294.2411027,0.0,1.0,-33.0
1776885294.2511027,0.0,0.0,-39.0
1776885294.261103,5.0,1.0,-40.0
1776885294.271103,0.0,2.0,-36.0
1776885294.281103,1.0,-4.0,-40.0
1776885294.2911026,4.0,-6.0,-45.0
1776885294.3011026,4.0,-5.0,-44.0
1776885294.3111026,8.0,-5.0,-38.0
1776885294.3211029,10.0,-4.0,-39.0
1776885294.3311028,12.0,2.0,-41.0
1776885294.3411028,11.0,2.0,-41.0
1776885294.3511028,10.0,-1.0,-41.0
1776885294.3611028,11.0,0.0,-43.0
1776885294.3711028,10.0,-1.0,-37.0
1776885294.3811028,4.0,2.0,-38.0
1776885294.3911028,2.0,3.0,-34.0
1776885294.4011028,4.0,1.0,-38.0
1776885294.4111028,2.0,0.0,-42.0
1776885294.4211028,2.0,0.0,-41.0
1776885294.4311028,0.0,0.0,-36.0
1776885294.4411027,-5.0,0.0,-36.0
1776885294.4511027,-5.0,-2.0,-37.0
1776885294.4611027,-6.0,-9.0,-35.0
1776885294.4711027,-6.0,-9.0,-30.0
1776885294.4811027,-2.0,-6.0,-31.0
1776885294.4911027,4.0,-1.0,-28.0
1776885294.5011027,4.0,-2.0,-32.0
1776885294.511103,3.0,-3.0,-27.0
1776885294.521103,2.0,-3.0,-28.0
1776885294.531103,0.0,-2.0,-34.0
1776885294.5411026,5.0,1.0,-28.0
1776885294.5511026,2.0,0.0,-28.0
1776885294.5611026,0.0,0.0,-33.0
1776885294.5711029,-2.0,1.0,-33.0
1776885294.5811028,1.0,0.0,-35.0
1776885294.5911028,7.0,-2.0,-36.0
1776885294.6011028,6.0,-4.0,-40.0
1776885294.6111028,4.0,-3.0,-37.0
1776885294.6211028,6.0,-4.0,-39.0
1776885294.6311028,7.0,-3.0,-37.0
1776885294.6421027,3.0,0.0,-34.0
1776885294.6511028,-4.0,1.0,-37.0
1776885294.6621027,0.0,1.0,-32.0
1776885294.6721027,8.0,2.0,-39.0
1776885294.682103,4.0,-1.0,-43.0
1776885294.692103,5.0,-2.0,-44.0
1776885294.702103,2.0,3.0,-38.0
1776885294.712103,4.0,3.0,-47.0
1776885294.7221026,7.0,-1.0,-50.0
1776885294.7321026,3.0,0.0,-48.0
1776885294.7421026,2.0,1.0,-46.0
1776885294.7521029,2.0,4.0,-37.0
1776885294.7621028,0.0,0.0,-42.0
1776885294.7721028,-2.0,-2.0,-47.0
1776885294.7821028,1.0,-2.0,-47.0
1776885294.7921028,3.0,0.0,-47.0
1776885294.8021028,4.0,-4.0,-46.0
1776885294.8121028,3.0,-2.0,-40.0
1776885294.8221028,2.0,-2.0,-42.0
1776885294.8321028,0.0,-1.0,-45.0
1776885294.8421028,2.0,-3.0,-38.0
1776885294.8521028,-3.0,-3.0,-33.0
1776885294.8621027,-5.0,-1.0,-30.0
1776885294.8721027,-5.0,0.0,-34.0
1776885294.8821027,-10.0,-4.0,-34.0
1776885294.8921027,-9.0,-5.0,-32.0
1776885294.9021027,-9.0,-3.0,-29.0
1776885294.9121027,-10.0,-8.0,-29.0
1776885294.9221027,-7.0,-2.0,-34.0
1776885294.932103,-5.0,-7.0,-29.0
1776885294.942103,-4.0,-10.0,-35.0
1776885294.952103,0.0,-8.0,-40.0
1776885294.962103,0.0,-8.0,-45.0
1776885294.9721026,-1.0,-5.0,-41.0
1776885294.9821026,-3.0,-3.0,-44.0
1776885294.9921026,-6.0,-5.0,-39.0
1776885295.0021029,-7.0,-6.0,-39.0
1776885295.0121028,-1.0,-9.0,-41.0
1776885295.0221028,-7.0,-3.0,-38.0
1776885295.0321028,-8.0,-3.0,-38.0
1776885295.0421028,-6.0,-4.0,-37.0
1776885295.0521028,-7.0,-8.0,-33.0
1776885295.0621028,-4.0,-8.0,-37.0
1776885295.0721028,-2.0,-7.0,-37.0
1776885295.0821028,1.0,-5.0,-41.0
1776885295.0921028,0.0,-6.0,-43.0
1776885295.1021028,0.0,-2.0,-42.0
1776885295.1121027,-3.0,-2.0,-40.0
1776885295.1221027,-6.0,-2.0,-38.0
1776885295.1321027,-4.0,-1.0,-37.0
1776885295.1421027,-2.0,1.0,-39.0
1776885295.1521027,-2.0,0.0,-35.0
1776885295.1621027,0.0,0.0,-31.0
1776885295.1721027,0.0,-2.0,-27.0
1776885295.182103,2.0,0.0,-30.0
1776885295.192103,3.0,0.0,-27.0
1776885295.202103,1.0,2.0,-23.0
1776885295.212103,1.0,0.0,-24.0
1776885295.2221026,3.0,-2.0,-25.0
1776885295.2321026,5.0,-3.0,-34.0
1776885295.2421026,7.0,-6.0,-36.0
1776885295.2521029,5.0,-4.0,-38.0
1776885295.2621028,2.0,-3.0,-46.0
1776885295.2721028,0.0,-2.0,-48.0
1776885295.2821028,-3.0,-4.0,-51.0
1776885295.2921028,-2.0,-2.0,-54.0
1776885295.3021028,0.0,-1.0,-56.0
1776885295.3121028,0.0,1.0,-50.0
1776885295.3221028,5.0,0.0,-46.0
1776885295.3321028,5.0,-4.0,-42.0
1776885295.3421028,4.0,-7.0,-37.0
1776885295.3521028,4.0,-4.0,-41.0
1776885295.3621027,1.0,0.0,-40.0
1776885295.3721027,-3.0,1.0,-40.0
1776885295.3821027,-4.0,3.0,-39.0
1776885295.3921027,-7.0,5.0,-45.0
1776885295.4021027,-2.0,2.0,-47.0
1776885295.4121027,1.0,3.0,-42.0
1776885295.4221027,1.0,3.0,-44.0
1776885295.432103,4.0,2.0,-43.0
1776885295.442103,5.0,-2.0,-38.0
1776885295.452103,5.0,0.0,-36.0
1776885295.462103,2.0,1.0,-44.0
1776885295.4721026,3.0,2.0,-43.0
1776885295.4821026,2.0,1.0,-40.0
1776885295.4921026,3.0,-2.0,-38.0
1776885295.5021029,7.0,-2.0,-40.0
1776885295.5121028,7.0,-2.0,-37.0
1776885295.5221028,5.0,1.0,-38.0
1776885295.5321028,5.0,0.0,-44.0
1776885295.5421028,4.0,-3.0,-46.0
1776885295.5521028,0.0,-2.0,-45.0
1776885295.5621028,1.0,-3.0,-39.0
1776885295.5721028,0.0,-5.0,-45.0
1776885295.5821028,-2.0,-4.0,-45.0
1776885295.5921028,-2.0,-2.0,-47.0
1776885295.6021028,0.0,1.0,-40.0
1776885295.6121027,-1.0,3.0,-45.0
1776885295.6221027,0.0,5.0,-49.0
1776885295.6321027,-3.0,2.0,-50.0
1776885295.6421027,1.0,3.0,-53.0
1776885295.6521027,0.0,1.0,-56.0
1776885295.6621027,0.0,-1.0,-60.0
1776885295.6721027,-4.0,-3.0,-60.0
1776885295.682103,-5.0,-1.0,-52.0
1776885295.692103,-3.0,-3.0,-51.0
1776885295.702103,2.0,1.0,-50.0
1776885295.712103,0.0,-4.0,-49.0
1776885295.7221026,3.0,-4.0,-44.0
1776885295.7321026,2.0,-5.0,-43.0
1776885295.7421026,4.0,-10.0,-36.0
1776885295.7521029,3.0,-11.0,-38.0
1776885295.7621028,5.0,-10.0,-36.0
1776885295.7721028,6.0,-10.0,-36.0
1776885295.7821028,5.0,-7.0,-44.0
1776885295.7921028,3.0,-6.0,-41.0
1776885295.8021028,5.0,-4.0,-44.0
1776885295.8121028,5.0,-3.0,-46.0
1776885295.8221028,1.0,-6.0,-44.0
1776885295.8321028,0.0,-10.0,-46.0
1776885295.8421028,1.0,-9.0,-41.0
1776885295.8521028,1.0,-5.0,-36.0
1776885295.8621027,-1.0,-7.0,-38.0
1776885295.8721027,-1.0,-9.0,-38.0
1776885295.8821027,-6.0,-8.0,-36.0
1776885295.8921027,-6.0,-9.0,-38.0
1776885295.9031026,-2.0,-6.0,-44.0
1776885295.9121027,-3.0,-8.0,-38.0
1776885295.9221027,0.0,-6.0,-37.0
1776885295.932103,-1.0,-1.0,-38.0
1776885295.942103,-2.0,0.0,-38.0
1776885295.952103,0.0,-1.0,-36.0
1776885295.962103,3.0,0.0,-39.0
1776885295.9721026,0.0,0.0,-43.0
1776885295.9821026,0.0,2.0,-43.0
1776885295.9921026,1.0,4.0,-43.0
1776885296.0021029,4.0,0.0,-45.0
1776885296.0121028,0.0,-2.0,-36.0
1776885296.0221028,-4.0,-3.0,-37.0
1776885296.0321028,-3.0,-4.0,-40.0
1776885296.0421028,-6.0,-6.0,-44.0
1776885296.0521028,-7.0,-6.0,-43.0
1776885296.0621028,-9.0,-8.0,-39.0
1776885296.0721028,-7.0,-9.0,-36.0
1776885296.0821028,-5.0,-3.0,-43.0
1776885296.0921028,-7.0,0.0,-50.0
1776885296.1021028,-5.0,0.0,-53.0
1776885296.1121027,-4.0,2.0,-43.0
1776885296.1221027,-5.0,1.0,-48.0
1776885296.1321027,-5.0,0.0,-51.0
1776885296.1421027,-3.0,1.0,-54.0
1776885296.1521027,-1.0,0.0,-51.0
1776885296.1621027,-1.0,-4.0,-53.0
1776885296.1721027,0.0,-2.0,-53.0
1776885296.182103,-6.0,-6.0,-50.0
1776885296.192103,-3.0,-6.0,-50.0
1776885296.202103,2.0,-3.0,-49.0
1776885296.212103,6.0,-5.0,-45.0
1776885296.2221026,3.0,-9.0,-42.0
1776885296.2321026,1.0,-5.0,-38.0
1776885296.2421026,0.0,-5.0,-42.0
1776885296.2521029,2.0,-7.0,-47.0
1776885296.2621028,1.0,-3.0,-52.0
1776885296.2721028,1.0,-2.0,-48.0
1776885296.2821028,4.0,-2.0,-51.0
1776885296.2921028,3.0,0.0,-44.0
1776885296.3021028,3.0,0.0,-40.0
1776885296.3121028,1.0,1.0,-35.0
1776885296.3221028,-1.0,2.0,-40.0
1776885296.3321028,-1.0,5.0,-40.0
1776885296.3421028,-2.0,5.0,-36.0
1776885296.3521028,0.0,4.0,-42.0
1776885296.3621027,1.0,5.0,-44.0
1776885296.3721027,1.0,7.0,-49.0
1776885296.3821027,-2.0,5.0,-49.0
1776885296.3921027,-2.0,7.0,-52.0
1776885296.4021027,0.0,4.0,-54.0
1776885296.4121027,-6.0,1.0,-52.0
1776885296.4221027,-9.0,2.0,-54.0
1776885296.432103,-1.0,1.0,-49.0
1776885296.442103,0.0,0.0,-47.0
1776885296.452103,2.0,-2.0,-40.0
1776885296.462103,1.0,-1.0,-37.0
1776885296.4721026,1.0,-1.0,-38.0
1776885296.4821026,0.0,-2.0,-37.0
1776885296.4921026,-1.0,-5.0,-45.0
1776885296.5021029,-3.0,-9.0,-50.0
1776885296.5121028,-1.0,-5.0,-51.0
1776885296.5221028,0.0,-3.0,-54.0
1776885296.5321028,0.0,-6.0,-54.0
1776885296.5421028,0.0,-3.0,-57.0
1776885296.5521028,2.0,-4.0,-62.0
1776885296.5621028,6.0,-3.0,-54.0
1776885296.5721028,6.0,-1.0,-52.0
1776885296.5831027,4.0,-1.0,-49.0
1776885296.5921028,9.0,1.0,-49.0
1776885296.6031027,5.0,-2.0,-53.0
1776885296.6121027,2.0,-3.0,-53.0
1776885296.623103,4.0,-6.0,-53.0
1776885296.6321027,0.0,-8.0,-54.0
1776885296.6431026,1.0,-6.0,-56.0
1776885296.6531026,0.0,-5.0,-48.0
1776885296.6631026,0.0,-3.0,-46.0
1776885296.6731029,4.0,-6.0,-41.0
1776885296.6831028,0.0,-3.0,-42.0
1776885296.6931028,4.0,-1.0,-46.0
1776885296.7031028,3.0,0.0,-45.0
1776885296.7131028,4.0,0.0,-44.0
1776885296.7231028,1.0,0.0,-45.0
1776885296.7331028,6.0,0.0,-49.0
1776885296.7431028,6.0,-3.0,-42.0
1776885296.7531028,3.0,-1.0,-41.0
1776885296.7631028,1.0,-1.0,-41.0
1776885296.7731028,3.0,-4.0,-44.0
1776885296.7831028,3.0,-3.0,-44.0
1776885296.7931027,1.0,-8.0,-48.0
1776885296.8031027,2.0,-8.0,-46.0
1776885296.8131027,0.0,-10.0,-44.0
1776885296.8231027,0.0,-8.0,-46.0
1776885296.8331027,1.0,-9.0,-46.0
1776885296.8431027,2.0,-9.0,-42.0
1776885296.8531027,0.0,-7.0,-45.0
1776885296.863103,-1.0,-6.0,-41.0
1776885296.873103,0.0,-6.0,-38.0
1776885296.883103,-1.0,-8.0,-37.0
1776885296.8931026,0.0,-5.0,-36.0
1776885296.9031026,2.0,-2.0,-41.0
1776885296.9131026,3.0,0.0,-41.0
1776885296.9231029,4.0,0.0,-42.0
1776885296.9331028,2.0,-2.0,-42.0
1776885296.9431028,2.0,0.0,-43.0
1776885296.9531028,5.0,-3.0,-44.0
1776885296.9631028,2.0,0.0,-41.0
1776885296.9731028,4.0,3.0,-45.0
1776885296.9831028,5.0,2.0,-50.0
1776885296.9931028,6.0,3.0,-51.0
1776885297.0031028,6.0,1.0,-56.0
1776885297.0131028,11.0,2.0,-52.0
1776885297.0231028,10.0,1.0,-45.0
1776885297.0331028,10.0,1.0,-44.0
1776885297.0431027,9.0,0.0,-47.0
1776885297.0531027,11.0,0.0,-53.0
1776885297.0631027,10.0,2.0,-47.0
1776885297.0731027,6.0,2.0,-48.0
1776885297.0831027,0.0,1.0,-49.0
1776885297.0931027,4.0,2.0,-55.0
1776885297.1031027,6.0,0.0,-52.0
1776885297.113103,4.0,2.0,-46.0
1776885297.123103,5.0,1.0,-42.0
1776885297.133103,1.0,0.0,-38.0
1776885297.1431026,1.0,-2.0,-41.0
1776885297.1531026,1.0,-6.0,-43.0
1776885297.1631026,3.0,-2.0,-53.0
1776885297.1731029,0.0,-2.0,-49.0
1776885297.1831028,2.0,-1.0,-51.0
1776885297.1931028,-2.0,1.0,-49.0
1776885297.2031028,0.0,0.0,-50.0
1776885297.2131028,3.0,-1.0,-50.0
1776885297.2231028,0.0,-2.0,-51.0
1776885297.2331028,-1.0,0.0,-47.0
1776885297.2431028,0.0,-2.0,-41.0
1776885297.2531028,0.0,-1.0,-39.0
1776885297.2631028,0.0,-2.0,-41.0
1776885297.2731028,1.0,-2.0,-37.0
1776885297.2831028,2.0,-2.0,-36.0
1776885297.2931027,4.0,1.0,-41.0
1776885297.3031027,4.0,-1.0,-39.0
1776885297.3131027,1.0,1.0,-43.0
1776885297.3231027,-4.0,2.0,-50.0
1776885297.3331027,-3.0,1.0,-48.0
1776885297.3431027,-7.0,0.0,-48.0
1776885297.3531027,-4.0,0.0,-42.0
1776885297.363103,-3.0,-4.0,-46.0
1776885297.373103,-5.0,-4.0,-49.0
1776885297.383103,-6.0,-8.0,-59.0
1776885297.3931026,-7.0,-3.0,-54.0
1776885297.4031026,-4.0,-1.0,-42.0
1776885297.4131026,-1.0,1.0,-47.0
1776885297.4231029,-1.0,-1.0,-49.0
1776885297.4331028,-6.0,1.0,-50.0
1776885297.4431028,-7.0,-1.0,-46.0
1776885297.4531028,-1.0,-1.0,-44.0
1776885297.4631028,-4.0,0.0,-41.0
1776885297.4731028,-4.0,2.0,-42.0
1776885297.4831028,0.0,0.0,-39.0
1776885297.4931028,6.0,-1.0,-39.0
1776885297.5031028,8.0,4.0,-32.0
1776885297.5131028,6.0,2.0,-31.0
1776885297.5231028,2.0,6.0,-35.0
1776885297.5331028,0.0,3.0,-41.0
1776885297.5431027,-1.0,3.0,-49.0
1776885297.5531027,2.0,2.0,-53.0
1776885297.5631027,6.0,-1.0,-54.0
1776885297.5731027,8.0,-1.0,-53.0
1776885297.5831027,4.0,0.0,-54.0
1776885297.5931027,0.0,-1.0,-53.0
1776885297.6031027,3.0,0.0,-47.0
1776885297.613103,3.0,4.0,-43.0
1776885297.623103,-1.0,1.0,-37.0
1776885297.633103,-1.0,0.0,-41.0
1776885297.6431026,-4.0,-3.0,-44.0
1776885297.6531026,-5.0,1.0,-46.0
1776885297.6631026,-3.0,1.0,-50.0
1776885297.6731029,2.0,2.0,-48.0
1776885297.6831028,4.0,1.0,-52.0
1776885297.6931028,2.0,0.0,-47.0
1776885297.7031028,5.0,-3.0,-40.0
1776885297.7131028,4.0,-1.0,-36.0
1776885297.7231028,1.0,-1.0,-32.0
1776885297.7331028,-1.0,-2.0,-21.0
1776885297.7431028,2.0,0.0,-19.0
1776885297.7531028,3.0,0.0,-15.0
1776885297.7631028,2.0,-2.0,-19.0
1776885297.7731028,3.0,0.0,-29.0
1776885297.7831028,2.0,0.0,-37.0
1776885297.7931027,1.0,-1.0,-47.0
1776885297.8031027,3.0,-2.0,-51.0
1776885297.8131027,1.0,-4.0,-48.0
1776885297.8231027,2.0,-6.0,-46.0
1776885297.8331027,0.0,-5.0,-41.0
1776885297.8431027,-5.0,-2.0,-45.0
1776885297.8531027,-4.0,-1.0,-47.0
1776885297.863103,-2.0,-5.0,-39.0
1776885297.873103,3.0,-4.0,-44.0
1776885297.883103,3.0,-2.0,-48.0
1776885297.8931026,3.0,-2.0,-47.0
1776885297.9031026,5.0,-5.0,-45.0
1776885297.9131026,5.0,-5.0,-47.0
1776885297.9231029,10.0,-2.0,-44.0
1776885297.9331028,6.0,-3.0,-44.0
1776885297.9431028,8.0,-3.0,-41.0
1776885297.9531028,9.0,-5.0,-44.0
1776885297.9631028,8.0,-2.0,-54.0
1776885297.9731028,6.0,-3.0,-59.0
1776885297.9831028,5.0,-2.0,-53.0
1776885297.9931028,9.0,-7.0,-50.0
1776885298.0031028,8.0,-8.0,-49.0
1776885298.0131028,7.0,-10.0,-48.0
1776885298.0231028,2.0,-9.0,-52.0
1776885298.0331028,1.0,-9.0,-53.0
1776885298.0431027,1.0,-9.0,-47.0
1776885298.0531027,4.0,-9.0,-45.0
1776885298.0631027,1.0,-5.0,-44.0
1776885298.0731027,-5.0,-4.0,-48.0
1776885298.0831027,-4.0,-2.0,-52.0
1776885298.0931027,-6.0,-1.0,-45.0
1776885298.1031027,-3.0,-3.0,-41.0
1776885298.113103,0.0,-2.0,-42.0
1776885298.123103,1.0,1.0,-39.0
1776885298.133103,1.0,1.0,-39.0
1776885298.1431026,4.0,2.0,-40.0
1776885298.1531026,0.0,1.0,-47.0
1776885298.1631026,0.0,2.0,-41.0
1776885298.1731029,1.0,-1.0,-41.0
1776885298.1831028,0.0,-1.0,-37.0
1776885298.1931028,0.0,-6.0,-39.0
1776885298.2031028,1.0,-6.0,-38.0
1776885298.2131028,0.0,-5.0,-43.0
1776885298.2231028,2.0,-6.0,-41.0
1776885298.2331028,0.0,-2.0,-44.0
1776885298.2431028,-1.0,-3.0,-47.0
1776885298.2531028,0.0,-4.0,-47.0
1776885298.2631028,0.0,0.0,-45.0
1776885298.2731028,4.0,0.0,-45.0
1776885298.2831028,9.0,0.0,-40.0
1776885298.2931027,5.0,0.0,-44.0
1776885298.3031027,4.0,-2.0,-53.0
1776885298.3131027,-1.0,-3.0,-51.0
1776885298.3231027,0.0,-5.0,-50.0
1776885298.3331027,3.0,-5.0,-49.0
1776885298.3431027,2.0,-6.0,-48.0
1776885298.3531027,0.0,-1.0,-47.0
1776885298.363103,2.0,2.0,-46.0
1776885298.373103,2.0,2.0,-45.0
1776885298.383103,2.0,2.0,-45.0
1776885298.3931026,4.0,-2.0,-45.0
1776885298.4031026,5.0,-2.0,-51.0
1776885298.4131026,6.0,-3.0,-50.0
1776885298.4231029,7.0,-3.0,-46.0
1776885298.4331028,9.0,-4.0,-42.0
1776885298.4431028,5.0,-1.0,-44.0
1776885298.4531028,-1.0,0.0,-51.0
1776885298.4631028,-3.0,0.0,-52.0
1776885298.4731028,-5.0,0.0,-51.0
1776885298.4831028,-5.0,2.0,-46.0
1776885298.4931028,-4.0,3.0,-44.0
1776885298.5031028,-2.0,3.0,-38.0
1776885298.5131028,0.0,4.0,-44.0
1776885298.5231028,-1.0,4.0,-42.0
1776885298.5331028,-3.0,7.0,-47.0
1776885298.5431027,-5.0,5.0,-40.0
1776885298.5531027,-2.0,3.0,-33.0
1776885298.5631027,-2.0,4.0,-31.0
1776885298.5741026,1.0,0.0,-23.0
1776885298.5831027,2.0,2.0,-27.0
1776885298.5931027,4.0,-4.0,-35.0
1776885298.6041028,6.0,-7.0,-35.0
1776885298.6141028,6.0,-6.0,-45.0
1776885298.6241028,10.0,-5.0,-38.0
1776885298.6341028,7.0,-6.0,-37.0
1776885298.6441028,2.0,-8.0,-40.0
1776885298.6541028,0.0,-6.0,-36.0
1776885298.6641028,0.0,-5.0,-41.0
1776885298.6741028,0.0,-7.0,-39.0
1776885298.6841028,-1.0,-6.0,-35.0
1776885298.6941028,-3.0,-4.0,-33.0
1776885298.7041028,-3.0,-3.0,-35.0
1776885298.7141027,3.0,-4.0,-37.0
1776885298.7241027,4.0,-2.0,-41.0
1776885298.7341027,3.0,-1.0,-37.0
1776885298.7441027,4.0,-2.0,-35.0
1776885298.7541027,3.0,-4.0,-42.0
1776885298.7641027,0.0,-7.0,-44.0
1776885298.7741027,0.0,-4.0,-49.0
1776885298.784103,2.0,-1.0,-45.0
1776885298.794103,3.0,-1.0,-45.0
1776885298.804103,0.0,-2.0,-43.0
1776885298.8141026,0.0,-2.0,-44.0
1776885298.8241026,1.0,-3.0,-47.0
1776885298.8341026,2.0,-1.0,-42.0
1776885298.8441026,0.0,-4.0,-42.0
1776885298.8541028,-2.0,-8.0,-42.0
1776885298.8641028,-2.0,-10.0,-41.0
1776885298.8741028,-5.0,-8.0,-41.0
1776885298.8841028,-8.0,-7.0,-47.0
1776885298.8941028,-10.0,-6.0,-49.0
1776885298.9041028,-9.0,-5.0,-51.0
1776885298.9141028,-5.0,-6.0,-52.0
1776885298.9241028,-4.0,-7.0,-52.0
1776885298.9341028,-3.0,-7.0,-55.0
1776885298.9441028,-3.0,-4.0,-53.0
1776885298.9541028,-10.0,-3.0,-57.0
1776885298.9641027,-11.0,-2.0,-58.0
1776885298.9741027,-9.0,3.0,-47.0
1776885298.9841027,-4.0,-2.0,-45.0
1776885298.9941027,-2.0,-1.0,-40.0
1776885299.0041027,0.0,-2.0,-39.0
1776885299.0141027,0.0,-2.0,-39.0
1776885299.0241027,0.0,-6.0,-35.0
1776885299.034103,3.0,-5.0,-37.0
1776885299.044103,2.0,-6.0,-33.0
1776885299.054103,1.0,-8.0,-28.0
1776885299.0641026,-1.0,-6.0,-30.0
1776885299.0741026,0.0,-3.0,-37.0
1776885299.0841026,0.0,-1.0,-40.0
1776885299.0941026,-1.0,-5.0,-39.0
1776885299.1041028,-2.0,-4.0,-36.0
1776885299.1141028,0.0,-2.0,-36.0
1776885299.1241028,3.0,-2.0,-41.0
1776885299.1341028,-4.0,0.0,-45.0
1776885299.1441028,-3.0,-5.0,-47.0
1776885299.1541028,-1.0,-7.0,-51.0
1776885299.1641028,0.0,-6.0,-55.0
1776885299.1741028,0.0,-2.0,-57.0
1776885299.1841028,-3.0,-4.0,-56.0
1776885299.1941028,-1.0,-4.0,-51.0
1776885299.2041028,-3.0,-5.0,-44.0
1776885299.2141027,-5.0,-7.0,-46.0
1776885299.2241027,0.0,-7.0,-48.0
1776885299.2341027,0.0,-9.0,-40.0
1776885299.2441027,-1.0,-7.0,-38.0
1776885299.2541027,-3.0,-7.0,-45.0
1776885299.2641027,0.0,-8.0,-42.0
1776885299.2741027,-2.0,-11.0,-36.0
1776885299.284103,-2.0,-13.0,-39.0
1776885299.294103,-2.0,-10.0,-35.0
1776885299.304103,0.0,-9.0,-33.0
1776885299.3141026,2.0,-6.0,-29.0
1776885299.3241026,0.0,-5.0,-27.0
1776885299.3341026,-1.0,-5.0,-34.0
1776885299.3441026,-4.0,-2.0,-41.0
1776885299.3541028,-1.0,-3.0,-37.0
1776885299.3641028,1.0,-6.0,-37.0
1776885299.3741028,1.0,-1.0,-40.0
1776885299.3841028,3.0,-1.0,-42.0
1776885299.3941028,5.0,0.0,-41.0
1776885299.4041028,4.0,-1.0,-43.0
1776885299.4141028,4.0,-4.0,-42.0
1776885299.4241028,0.0,-4.0,-44.0
1776885299.4341028,-1.0,-3.0,-46.0
1776885299.4441028,-2.0,0.0,-43.0
1776885299.4541028,1.0,-1.0,-41.0
1776885299.4641027,2.0,-1.0,-45.0
1776885299.4741027,0.0,-2.0,-47.0
1776885299.4841027,0.0,-1.0,-49.0
1776885299.4941027,-3.0,0.0,-49.0
1776885299.5041027,-5.0,3.0,-47.0
1776885299.5141027,-3.0,4.0,-43.0
1776885299.5241027,0.0,2.0,-44.0
1776885299.534103,0.0,1.0,-45.0
1776885299.544103,1.0,1.0,-51.0
1776885299.554103,-3.0,-6.0,-53.0
1776885299.5641026,-4.0,-9.0,-46.0
1776885299.5741026,-5.0,-7.0,-45.0
1776885299.5841026,-3.0,-8.0,-47.0
1776885299.5941026,1.0,-7.0,-48.0
1776885299.6041028,1.0,-6.0,-41.0
1776885299.6141028,0.0,-3.0,-40.0
1776885299.6241028,0.0,-4.0,-38.0
1776885299.6341028,5.0,-2.0,-38.0
1776885299.6441028,5.0,-3.0,-38.0
1776885299.6541028,3.0,-2.0,-37.0
1776885299.6641028,3.0,-2.0,-35.0
1776885299.6741028,4.0,0.0,-37.0
1776885299.6841028,6.0,0.0,-34.0
1776885299.6941028,4.0,-2.0,-38.0
1776885299.7041028,5.0,-2.0,-38.0
1776885299.7141027,4.0,-5.0,-43.0
1776885299.7241027,6.0,-2.0,-43.0
1776885299.7341027,2.0,-1.0,-43.0
1776885299.7441027,4.0,-2.0,-39.0
1776885299.7541027,5.0,-4.0,-33.0
1776885299.7641027,5.0,-9.0,-37.0
1776885299.7741027,1.0,-6.0,-43.0
1776885299.784103,4.0,-6.0,-36.0
1776885299.794103,3.0,-8.0,-37.0
1776885299.804103,2.0,-6.0,-37.0
1776885299.8141026,0.0,-3.0,-37.0
1776885299.8241026,0.0,-4.0,-37.0
1776885299.8341026,0.0,0.0,-38.0
1776885299.8441026,0.0,-4.0,-39.0
1776885299.8541028,0.0,-4.0,-38.0
1776885299.8641028,-6.0,-5.0,-33.0
1776885299.8741028,-4.0,-5.0,-34.0
1776885299.8841028,-4.0,-7.0,-44.0
1776885299.8941028,-1.0,-6.0,-43.0
1776885299.9041028,0.0,-5.0,-39.0
1776885299.9141028,0.0,-4.0,-37.0
1776885299.9241028,1.0,-5.0,-40.0
1776885299.9341028,-3.0,-3.0,-44.0
1776885299.9441028,0.0,-6.0,-43.0
1776885299.9541028,-3.0,-3.0,-47.0
1776885299.9641027,-3.0,-2.0,-50.0
1776885299.9741027,-5.0,0.0,-51.0
1776885299.9841027,-4.0,-1.0,-42.0
1776885299.9941027,0.0,2.0,-43.0
1776885300.0041027,0.0,3.0,-48.0
1776885300.0141027,0.0,0.0,-48.0
1776885300.0241027,0.0,0.0,-53.0
1776885300.034103,0.0,-2.0,-52.0
1776885300.044103,1.0,-4.0,-48.0
1776885300.054103,-2.0,-5.0,-42.0
1776885300.0641026,-2.0,-3.0,-40.0
1776885300.0741026,1.0,-2.0,-35.0
1776885300.0841026,1.0,-3.0,-35.0
1776885300.0941026,0.0,-2.0,-38.0
1776885300.1041028,-1.0,-2.0,-42.0
1776885300.1141028,-6.0,0.0,-41.0
1776885300.1241028,-3.0,0.0,-38.0
1776885300.1341028,-2.0,-3.0,-40.0
1776885300.1441028,-5.0,0.0,-47.0
1776885300.1541028,-3.0,2.0,-50.0
1776885300.1641028,-1.0,1.0,-53.0
1776885300.1741028,-3.0,-1.0,-45.0
1776885300.1841028,-4.0,0.0,-48.0
1776885300.1941028,0.0,-1.0,-49.0
1776885300.2041028,2.0,0.0,-45.0
1776885300.2141027,1.0,0.0,-47.0
1776885300.2241027,0.0,1.0,-41.0
1776885300.2341027,1.0,3.0,-34.0
1776885300.2441027,0.0,2.0,-34.0
1776885300.2541027,-1.0,2.0,-40.0
1776885300.2641027,-3.0,-1.0,-42.0
1776885300.2741027,-1.0,0.0,-42.0
1776885300.284103,-2.0,2.0,-35.0
1776885300.294103,0.0,1.0,-39.0
1776885300.304103,-2.0,-2.0,-44.0
1776885300.3141026,0.0,-6.0,-44.0
1776885300.3241026,-1.0,0.0,-42.0
1776885300.3341026,-7.0,0.0,-38.0
1776885300.3441026,-2.0,2.0,-43.0
1776885300.3541028,-3.0,5.0,-47.0
1776885300.3641028,-2.0,3.0,-50.0
1776885300.3741028,0.0,3.0,-52.0
1776885300.3841028,0.0,-2.0,-52.0
1776885300.3941028,0.0,-4.0,-54.0
1776885300.4041028,-4.0,-3.0,-51.0
1776885300.4141028,-9.0,-4.0,-46.0
1776885300.4241028,-11.0,-3.0,-46.0
1776885300.4341028,-9.0,-3.0,-45.0
1776885300.4441028,-10.0,-3.0,-44.0
1776885300.4541028,-7.0,-2.0,-39.0
1776885300.4641027,-8.0,-5.0,-42.0
1776885300.4741027,-2.0,-3.0,-43.0
1776885300.4841027,2.0,-5.0,-43.0
1776885300.4941027,6.0,-5.0,-50.0
1776885300.5041027,5.0,-6.0,-51.0
1776885300.5141027,8.0,-5.0,-42.0
1776885300.5241027,3.0,0.0,-40.0
1776885300.534103,6.0,3.0,-40.0
1776885300.544103,7.0,1.0,-46.0
1776885300.5551028,0.0,0.0,-49.0
1776885300.5651028,1.0,0.0,-50.0
1776885300.5751028,1.0,-2.0,-54.0
1776885300.5851028,1.0,2.0,-55.0
1776885300.5951028,1.0,2.0,-51.0
1776885300.6051028,0.0,-2.0,-51.0
1776885300.6151028,-4.0,-1.0,-50.0
1776885300.6251028,-5.0,0.0,-48.0
1776885300.6351027,-5.0,-2.0,-47.0
1776885300.6451027,-7.0,-5.0,-46.0
1776885300.6551027,-3.0,-4.0,-45.0
1776885300.6651027,1.0,-2.0,-47.0
1776885300.6751027,2.0,-4.0,-59.0
1776885300.6851027,0.0,-5.0,-58.0
1776885300.6951027,3.0,-9.0,-54.0
1776885300.7051027,5.0,-8.0,-53.0
1776885300.715103,7.0,-6.0,-47.0
1776885300.725103,10.0,-10.0,-47.0
1776885300.735103,6.0,-7.0,-51.0
1776885300.7451026,4.0,-3.0,-49.0
1776885300.7551026,0.0,1.0,-49.0
1776885300.7651026,1.0,-2.0,-50.0
1776885300.7751029,1.0,0.0,-48.0
1776885300.7851028,1.0,2.0,-47.0
1776885300.7951028,0.0,0.0,-42.0
1776885300.8051028,0.0,-2.0,-37.0
1776885300.8151028,2.0,-5.0,-27.0
1776885300.8251028,0.0,-2.0,-33.0
1776885300.8351028,-1.0,-2.0,-39.0
1776885300.8451028,-3.0,-1.0,-40.0
1776885300.8551028,0.0,0.0,-46.0
1776885300.8651028,3.0,4.0,-46.0
1776885300.8751028,2.0,6.0,-42.0
1776885300.8851027,3.0,7.0,-39.0
1776885300.8951027,-1.0,5.0,-33.0
1776885300.9051027,0.0,2.0,-36.0
1776885300.9151027,0.0,0.0,-40.0
1776885300.9251027,-2.0,-2.0,-48.0
1776885300.9351027,-2.0,0.0,-51.0
1776885300.9451027,-1.0,6.0,-47.0
1776885300.9551027,0.0,1.0,-38.0
1776885300.965103,-2.0,-2.0,-37.0
1776885300.975103,-2.0,-2.0,-38.0
1776885300.985103,-5.0,-7.0,-33.0
1776885300.9951026,-4.0,-3.0,-32.0
1776885301.0051026,-5.0,0.0,-36.0
1776885301.0151026,-7.0,0.0,-33.0
1776885301.0251029,-6.0,0.0,-36.0
1776885301.0351028,-3.0,0.0,-36.0
1776885301.0451028,-2.0,0.0,-36.0
1776885301.0551028,0.0,0.0,-41.0
1776885301.0651028,0.0,0.0,-46.0
1776885301.0751028,0.0,3.0,-55.0
1776885301.0851028,2.0,2.0,-56.0
1776885301.0951028,4.0,3.0,-60.0
1776885301.1051028,8.0,5.0,-61.0
1776885301.1151028,6.0,7.0,-56.0
1776885301.1251028,6.0,5.0,-55.0
1776885301.1351027,3.0,7.0,-57.0
1776885301.1451027,1.0,9.0,-53.0
1776885301.1551027,3.0,0.0,-53.0
1776885301.1651027,6.0,-3.0,-50.0
1776885301.1751027,4.0,-3.0,-53.0
1776885301.1851027,5.0,0.0,-47.0
1776885301.1951027,8.0,0.0,-46.0
1776885301.2051027,7.0,-2.0,-44.0
1776885301.215103,3.0,-4.0,-42.0
1776885301.225103,3.0,0.0,-45.0
1776885301.235103,0.0,-3.0,-45.0
1776885301.2451026,1.0,-1.0,-44.0
1776885301.2551026,3.0,0.0,-48.0
1776885301.2651026,3.0,0.0,-46.0
1776885301.2751029,4.0,-1.0,-49.0
1776885301.2851028,1.0,-1.0,-50.0
1776885301.2951028,0.0,-4.0,-51.0
1776885301.3051028,3.0,-5.0,-44.0
1776885301.3151028,4.0,-8.0,-40.0
1776885301.3251028,2.0,-6.0,-37.0
1776885301.3351028,4.0,-5.0,-34.0
1776885301.3451028,1.0,1.0,-33.0
1776885301.3551028,0.0,1.0,-35.0
1776885301.3651028,0.0,-3.0,-34.0
1776885301.3751028,1.0,-3.0,-40.0
1776885301.3851027,0.0,-3.0,-54.0
1776885301.3951027,-4.0,-4.0,-55.0
1776885301.4051027,-5.0,-4.0,-52.0
1776885301.4151027,-2.0,-5.0,-43.0
1776885301.4251027,1.0,-7.0,-47.0
1776885301.4351027,2.0,-8.0,-47.0
1776885301.4451027,3.0,-5.0,-47.0
1776885301.4551027,0.0,-1.0,-45.0
1776885301.465103,0.0,2.0,-46.0
1776885301.475103,-2.0,1.0,-42.0
1776885301.485103,-4.0,0.0,-41.0
1776885301.4951026,-3.0,3.0,-40.0
1776885301.5051026,-1.0,-3.0,-37.0
1776885301.5151026,3.0,-2.0,-42.0
1776885301.5251029,4.0,0.0,-40.0
1776885301.5351028,3.0,-6.0,-50.0
1776885301.5451028,3.0,-8.0,-48.0
1776885301.5551028,3.0,-8.0,-52.0
1776885301.5651028,3.0,-4.0,-55.0
1776885301.5751028,1.0,-3.0,-47.0
1776885301.5851028,1.0,-5.0,-42.0
1776885301.5951028,2.0,-9.0,-41.0
1776885301.6051028,3.0,-9.0,-43.0
1776885301.6151028,1.0,-10.0,-44.0
1776885301.6251028,0.0,-5.0,-39.0
1776885301.6351027,-1.0,-5.0,-40.0
1776885301.6451027,0.0,-3.0,-37.0
1776885301.6551027,1.0,1.0,-37.0
1776885301.6651027,6.0,1.0,-40.0
1776885301.6751027,5.0,1.0,-42.0
1776885301.6851027,4.0,0.0,-42.0
1776885301.6951027,3.0,-1.0,-42.0
1776885301.7051027,0.0,0.0,-42.0
1776885301.715103,-5.0,-1.0,-40.0
1776885301.725103,-11.0,-1.0,-38.0
1776885301.735103,-8.0,0.0,-45.0
1776885301.7451026,-9.0,0.0,-49.0
1776885301.7551026,-3.0,-4.0,-52.0
1776885301.7651026,-9.0,-5.0,-54.0
1776885301.7751029,-11.0,-9.0,-50.0
1776885301.7851028,-6.0,-7.0,-49.0
1776885301.7951028,-5.0,-6.0,-52.0
1776885301.8051028,-6.0,-6.0,-57.0
1776885301.8151028,0.0,-4.0,-55.0
1776885301.8251028,4.0,-3.0,-55.0
1776885301.8351028,5.0,-6.0,-52.0
1776885301.8451028,3.0,-6.0,-43.0
1776885301.8551028,7.0,-10.0,-43.0
1776885301.8651028,4.0,-11.0,-45.0
1776885301.8751028,0.0,-9.0,-41.0
1776885301.8851027,-4.0,-5.0,-45.0
1776885301.8951027,-1.0,-4.0,-46.0
1776885301.9051027,5.0,0.0,-44.0
1776885301.9151027,5.0,2.0,-44.0
1776885301.9251027,4.0,2.0,-48.0
1776885301.9351027,4.0,1.0,-47.0
1776885301.9451027,4.0,0.0,-49.0
1776885301.9551027,7.0,3.0,-41.0
1776885301.965103,10.0,0.0,-46.0
1776885301.975103,6.0,3.0,-44.0
1776885301.985103,4.0,3.0,-42.0
1776885301.9951026,5.0,2.0,-38.0
1776885302.0051026,0.0,-2.0,-33.0
1776885302.0151026,0.0,-1.0,-32.0
1776885302.0251029,1.0,0.0,-38.0
1776885302.0351028,0.0,3.0,-32.0
1776885302.0451028,0.0,0.0,-37.0
1776885302.0551028,0.0,-1.0,-42.0
1776885302.0651028,-1.0,2.0,-40.0
1776885302.0751028,0.0,2.0,-39.0
1776885302.0851028,6.0,0.0,-44.0
1776885302.0951028,1.0,-4.0,-44.0
1776885302.1051028,1.0,-7.0,-51.0
1776885302.1151028,0.0,-7.0,-37.0
1776885302.1251028,-2.0,-6.0,-35.0
1776885302.1351027,-1.0,-8.0,-30.0
1776885302.1451027,-5.0,-3.0,-28.0
1776885302.1551027,-3.0,-3.0,-28.0
1776885302.1651027,2.0,-1.0,-32.0
1776885302.1751027,1.0,-5.0,-35.0
1776885302.1851027,1.0,-4.0,-42.0
1776885302.1951027,6.0,-4.0,-48.0
1776885302.2051027,7.0,-3.0,-46.0
1776885302.215103,3.0,-1.0,-41.0
1776885302.225103,-1.0,-2.0,-45.0
1776885302.235103,-1.0,0.0,-45.0
1776885302.2451026,0.0,0.0,-42.0
1776885302.2551026,3.0,3.0,-40.0
1776885302.2651026,2.0,0.0,-38.0
1776885302.2751029,2.0,-2.0,-37.0
1776885302.2851028,1.0,0.0,-47.0
1776885302.2951028,2.0,7.0,-44.0
1776885302.3051028,0.0,3.0,-50.0
1776885302.3151028,-3.0,3.0,-50.0
1776885302.3251028,1.0,2.0,-47.0
1776885302.3351028,2.0,-1.0,-46.0
1776885302.3451028,3.0,2.0,-45.0
1776885302.3551028,1.0,-1.0,-50.0
1776885302.3651028,-1.0,0.0,-54.0
1776885302.3751028,-4.0,0.0,-50.0
1776885302.3851027,-4.0,0.0,-50.0
1776885302.3951027,-2.0,-2.0,-48.0
1776885302.4051027,2.0,-4.0,-48.0
1776885302.4151027,3.0,-8.0,-48.0
1776885302.4251027,6.0,-3.0,-51.0
1776885302.4351027,8.0,0.0,-46.0
1776885302.4451027,6.0,5.0,-39.0
1776885302.4551027,2.0,5.0,-38.0
1776885302.465103,1.0,7.0,-39.0
1776885302.475103,3.0,9.0,-43.0
1776885302.485103,1.0,8.0,-53.0
1776885302.4951026,2.0,7.0,-50.0
1776885302.5051026,5.0,3.0,-47.0
1776885302.5151026,0.0,1.0,-47.0
1776885302.5261028,4.0,0.0,-39.0
1776885302.5361028,6.0,0.0,-43.0
1776885302.5461028,5.0,2.0,-45.0
1776885302.5561028,5.0,5.0,-55.0
1776885302.5661027,8.0,8.0,-55.0
1776885302.5761027,0.0,5.0,-55.0
1776885302.5861027,0.0,3.0,-54.0
1776885302.5961027,3.0,2.0,-60.0
1776885302.6061027,3.0,1.0,-59.0
1776885302.6161027,1.0,0.0,-54.0
1776885302.6261027,6.0,0.0,-50.0
1776885302.636103,7.0,0.0,-48.0
1776885302.646103,3.0,3.0,-51.0
1776885302.656103,4.0,4.0,-49.0
1776885302.6661026,5.0,0.0,-48.0
1776885302.6761026,0.0,-1.0,-47.0
1776885302.6861026,1.0,0.0,-49.0
1776885302.6961029,6.0,-3.0,-46.0
1776885302.7061028,8.0,0.0,-48.0
1776885302.7161028,4.0,-3.0,-48.0
1776885302.7261028,0.0,-1.0,-50.0
1776885302.7361028,-4.0,0.0,-46.0
1776885302.7461028,-1.0,5.0,-43.0
1776885302.7561028,2.0,2.0,-47.0
1776885302.7661028,2.0,2.0,-46.0
1776885302.7761028,2.0,4.0,-44.0
1776885302.7861028,4.0,1.0,-47.0
1776885302.7961028,7.0,5.0,-46.0
1776885302.8061028,7.0,4.0,-44.0
1776885302.8161027,5.0,8.0,-41.0
1776885302.8261027,3.0,7.0,-33.0
1776885302.8361027,2.0,1.0,-33.0
1776885302.8461027,1.0,1.0,-42.0
1776885302.8561027,-3.0,0.0,-42.0
1776885302.8661027,1.0,0.0,-49.0
1776885302.8761027,0.0,0.0,-46.0
1776885302.886103,0.0,-1.0,-49.0
1776885302.896103,2.0,-1.0,-42.0
1776885302.906103,2.0,-4.0,-44.0
1776885302.9161026,-2.0,-10.0,-35.0
1776885302.9261026,-3.0,-10.0,-41.0
1776885302.9361026,1.0,-3.0,-44.0
1776885302.9461029,0.0,-5.0,-43.0
1776885302.9561028,-2.0,-3.0,-50.0
1776885302.9661028,0.0,-5.0,-46.0
1776885302.9761028,0.0,-5.0,-53.0
1776885302.9861028,0.0,-1.0,-53.0
1776885302.9961028,-1.0,-2.0,-47.0
1776885303.0061028,-1.0,-4.0,-51.0
1776885303.0161028,3.0,-7.0,-44.0
1776885303.0261028,5.0,-5.0,-38.0
1776885303.0361028,3.0,-8.0,-36.0
1776885303.0461028,4.0,-4.0,-36.0
1776885303.0561028,7.0,0.0,-44.0
1776885303.0661027,6.0,-5.0,-40.0
1776885303.0761027,4.0,-4.0,-32.0
1776885303.0861027,11.0,-4.0,-33.0
1776885303.0961027,10.0,-6.0,-42.0
1776885303.1061027,5.0,-7.0,-43.0
1776885303.1161027,2.0,-5.0,-37.0
1776885303.1261027,2.0,-5.0,-40.0
1776885303.136103,4.0,-4.0,-42.0
1776885303.146103,5.0,-5.0,-50.0
1776885303.156103,6.0,-6.0,-44.0
1776885303.1661026,2.0,-5.0,-40.0
1776885303.1761026,3.0,-5.0,-45.0
1776885303.1861026,3.0,1.0,-43.0
1776885303.1961029,4.0,2.0,-41.0
1776885303.2061028,7.0,-1.0,-36.0
1776885303.2161028,5.0,-6.0,-39.0
1776885303.2261028,5.0,-8.0,-39.0
1776885303.2361028,4.0,-7.0,-38.0
1776885303.2461028,2.0,-6.0,-37.0
1776885303.2561028,3.0,-1.0,-38.0
1776885303.2661028,0.0,-1.0,-37.0
1776885303.2761028,-5.0,-1.0,-38.0
1776885303.2861028,-5.0,0.0,-38.0
1776885303.2961028,0.0,-3.0,-36.0
1776885303.3061028,-4.0,-6.0,-36.0
1776885303.3161027,-2.0,-8.0,-38.0
1776885303.3261027,-2.0,-2.0,-37.0
1776885303.3361027,-3.0,-4.0,-37.0
1776885303.3461027,-3.0,-6.0,-37.0
1776885303.3561027,-1.0,-7.0,-35.0
1776885303.3661027,-1.0,-6.0,-35.0
1776885303.3761027,-2.0,-8.0,-39.0
1776885303.386103,-1.0,-9.0,-41.0
1776885303.396103,-6.0,-9.0,-41.0
1776885303.406103,2.0,-6.0,-46.0
1776885303.4161026,0.0,-3.0,-43.0
1776885303.4261026,1.0,0.0,-50.0
1776885303.4361026,-3.0,-1.0,-60.0
1776885303.4461029,-5.0,0.0,-54.0
1776885303.4561028,0.0,0.0,-52.0
1776885303.4661028,0.0,1.0,-51.0
1776885303.4761028,-2.0,0.0,-48.0
1776885303.4861028,0.0,-1.0,-42.0
1776885303.4961028,-4.0,0.0,-51.0
1776885303.5061028,-6.0,2.0,-49.0
1776885303.5161028,-1.0,3.0,-44.0
1776885303.5261028,-2.0,0.0,-47.0
1776885303.5361028,-2.0,-5.0,-42.0
1776885303.5461028,0.0,-4.0,-41.0
1776885303.5561028,1.0,-3.0,-48.0
1776885303.5661027,2.0,-5.0,-52.0
1776885303.5761027,1.0,-5.0,-51.0
1776885303.5861027,2.0,-4.0,-53.0
1776885303.5961027,0.0,-3.0,-52.0
1776885303.6061027,-4.0,-2.0,-53.0
1776885303.6161027,0.0,-3.0,-50.0
1776885303.6261027,2.0,-2.0,-45.0
1776885303.636103,1.0,-1.0,-51.0
1776885303.646103,3.0,-3.0,-50.0
1776885303.656103,5.0,0.0,-48.0
1776885303.6661026,3.0,0.0,-48.0
1776885303.6761026,3.0,-2.0,-49.0
1776885303.6861026,7.0,-3.0,-49.0
1776885303.6961029,6.0,-5.0,-51.0
1776885303.7061028,7.0,-1.0,-51.0
1776885303.7161028,5.0,0.0,-53.0
1776885303.7261028,5.0,0.0,-56.0
1776885303.7361028,4.0,0.0,-52.0
1776885303.7461028,6.0,1.0,-47.0
1776885303.7561028,2.0,2.0,-46.0
1776885303.7661028,2.0,0.0,-46.0
1776885303.7761028,0.0,-2.0,-47.0
1776885303.7861028,-1.0,-6.0,-46.0
1776885303.7961028,0.0,-6.0,-51.0
1776885303.8061028,-1.0,-8.0,-55.0
1776885303.8161027,-9.0,-7.0,-52.0
1776885303.8261027,-14.0,-5.0,-50.0
1776885303.8361027,-10.0,-2.0,-51.0
1776885303.8461027,-8.0,-4.0,-48.0
1776885303.8561027,-6.0,-4.0,-49.0
1776885303.8661027,-4.0,-1.0,-49.0
1776885303.8761027,-3.0,-1.0,-49.0
1776885303.886103,-5.0,0.0,-49.0
1776885303.896103,-2.0,-6.0,-50.0
1776885303.906103,-4.0,-1.0,-47.0
1776885303.9161026,0.0,1.0,-45.0
1776885303.9261026,2.0,-1.0,-44.0
1776885303.9361026,1.0,-2.0,-44.0
1776885303.9461029,-3.0,0.0,-41.0
1776885303.9561028,-2.0,0.0,-41.0
1776885303.9661028,-2.0,0.0,-47.0
1776885303.9761028,-3.0,2.0,-50.0
1776885303.9861028,-3.0,-1.0,-52.0
1776885303.9961028,-2.0,2.0,-58.0
1776885304.0061028,-1.0,0.0,-53.0
1776885304.0161028,0.0,-3.0,-50.0
1776885304.0261028,5.0,-3.0,-52.0
1776885304.0361028,6.0,0.0,-54.0
1776885304.0461028,1.0,-1.0,-56.0
1776885304.0561028,-2.0,0.0,-61.0
1776885304.0661027,-4.0,-1.0,-58.0
1776885304.0761027,-4.0,0.0,-49.0
1776885304.0861027,-4.0,3.0,-45.0
1776885304.0961027,-7.0,1.0,-43.0
1776885304.1061027,-5.0,-2.0,-38.0
1776885304.1161027,0.0,-2.0,-33.0
1776885304.1261027,5.0,-3.0,-28.0
1776885304.136103,7.0,-1.0,-29.0
1776885304.146103,-1.0,-7.0,-35.0
1776885304.156103,-1.0,-6.0,-41.0
1776885304.1661026,-6.0,-2.0,-36.0
1776885304.1761026,-4.0,0.0,-35.0
1776885304.1861026,-4.0,0.0,-35.0
1776885304.1961029,-2.0,0.0,-37.0
1776885304.2061028,-3.0,-3.0,-45.0
1776885304.2161028,0.0,-4.0,-39.0
1776885304.2261028,0.0,-1.0,-44.0
1776885304.2361028,1.0,1.0,-47.0
1776885304.2461028,0.0,4.0,-39.0
1776885304.2561028,0.0,0.0,-39.0
1776885304.2661028,0.0,-1.0,-46.0
1776885304.2761028,0.0,0.0,-47.0
1776885304.2861028,-3.0,0.0,-49.0
1776885304.2961028,-4.0,-1.0,-47.0
1776885304.3061028,-4.0,-2.0,-42.0
1776885304.3161027,0.0,-1.0,-43.0
1776885304.3261027,2.0,-1.0,-43.0
1776885304.3361027,7.0,-1.0,-45.0
1776885304.3461027,4.0,1.0,-45.0
1776885304.3561027,1.0,1.0,-46.0
1776885304.3661027,-4.0,-1.0,-43.0
1776885304.3761027,-3.0,0.0,-40.0
1776885304.386103,1.0,1.0,-38.0
1776885304.396103,-1.0,1.0,-39.0
1776885304.406103,-6.0,0.0,-43.0
1776885304.4161026,-4.0,2.0,-44.0
1776885304.4261026,-2.0,0.0,-42.0
1776885304.4361026,-1.0,-2.0,-44.0
1776885304.4461029,0.0,-2.0,-44.0
1776885304.4561028,0.0,-2.0,-41.0
1776885304.4661028,0.0,0.0,-40.0
1776885304.4771028,0.0,0.0,-37.0
1776885304.4861028,1.0,0.0,-32.0
1776885304.4961028,0.0,0.0,-37.0
1776885304.5071027,1.0,0.0,-38.0
1776885304.5171027,4.0,0.0,-43.0
1776885304.5271027,4.0,0.0,-43.0
1776885304.5371027,3.0,-2.0,-42.0
1776885304.5471027,3.0,-5.0,-37.0
1776885304.557103,5.0,-8.0,-36.0
1776885304.567103,2.0,-8.0,-41.0
1776885304.577103,3.0,-4.0,-40.0
1776885304.587103,6.0,-2.0,-42.0
1776885304.5971026,3.0,-2.0,-38.0
1776885304.6071026,2.0,0.0,-30.0
1776885304.6171026,1.0,-1.0,-26.0
1776885304.6271029,-3.0,-1.0,-26.0
1776885304.6371028,-5.0,0.0,-36.0
1776885304.6471028,-4.0,-3.0,-35.0
1776885304.6571028,-7.0,-4.0,-43.0
1776885304.6671028,-3.0,-2.0,-47.0
1776885304.6771028,0.0,-3.0,-49.0
1776885304.6871028,-2.0,-5.0,-47.0
1776885304.6971028,0.0,-5.0,-42.0
1776885304.7071028,-2.0,-5.0,-47.0
1776885304.7171028,-6.0,-6.0,-46.0
1776885304.7271028,-1.0,-9.0,-44.0
1776885304.7371027,-3.0,-5.0,-43.0
1776885304.7471027,-2.0,-3.0,-42.0
1776885304.7571027,-3.0,0.0,-42.0
1776885304.7671027,2.0,3.0,-44.0
1776885304.7771027,-1.0,5.0,-37.0
1776885304.7871027,0.0,5.0,-48.0
1776885304.7971027,2.0,4.0,-51.0
1776885304.807103,9.0,-3.0,-50.0
1776885304.817103,8.0,-4.0,-48.0
1776885304.827103,3.0,-1.0,-53.0
1776885304.837103,-3.0,-3.0,-51.0
1776885304.8471026,0.0,-2.0,-49.0
1776885304.8571026,6.0,-8.0,-50.0
1776885304.8671026,4.0,-7.0,-47.0
1776885304.8771029,5.0,-3.0,-46.0
1776885304.8871028,1.0,-9.0,-42.0
1776885304.8971028,-5.0,-7.0,-41.0
1776885304.9071028,0.0,-7.0,-41.0
1776885304.9171028,1.0,-4.0,-45.0
1776885304.9271028,4.0,0.0,-47.0
1776885304.9371028,4.0,2.0,-42.0
1776885304.9471028,2.0,0.0,-41.0
1776885304.9571028,0.0,0.0,-42.0
1776885304.9671028,0.0,0.0,-36.0
1776885304.9771028,-3.0,-1.0,-34.0
1776885304.9871027,-5.0,0.0,-36.0
1776885304.9971027,-8.0,-4.0,-38.0
1776885305.0071027,-8.0,-7.0,-39.0
1776885305.0171027,-5.0,-8.0,-40.0
1776885305.0271027,-3.0,-4.0,-47.0
1776885305.0371027,0.0,-4.0,-47.0
1776885305.0471027,3.0,-2.0,-49.0
1776885305.057103,5.0,0.0,-51.0
1776885305.067103,8.0,-1.0,-52.0
1776885305.077103,4.0,-1.0,-48.0
1776885305.087103,9.0,1.0,-45.0
1776885305.0971026,10.0,1.0,-47.0
1776885305.1071026,10.0,3.0,-51.0
1776885305.1171026,9.0,7.0,-56.0
1776885305.1271029,6.0,4.0,-51.0
1776885305.1371028,-1.0,2.0,-51.0
1776885305.1471028,1.0,-1.0,-52.0
1776885305.1571028,1.0,-2.0,-52.0
1776885305.1671028,0.0,-7.0,-56.0
1776885305.1771028,-3.0,-4.0,-49.0
1776885305.1871028,0.0,-6.0,-49.0
1776885305.1971028,-1.0,-1.0,-48.0
1776885305.2071028,-1.0,-1.0,-44.0
1776885305.2171028,0.0,-1.0,-47.0
1776885305.2271028,2.0,-1.0,-44.0
1776885305.2371027,4.0,-4.0,-43.0
1776885305.2471027,2.0,-5.0,-46.0
1776885305.2571027,3.0,-2.0,-47.0
1776885305.2671027,4.0,-3.0,-48.0
1776885305.2771027,6.0,-2.0,-56.0
1776885305.2871027,8.0,-3.0,-61.0
1776885305.2971027,6.0,-1.0,-56.0
1776885305.307103,7.0,-2.0,-56.0
1776885305.317103,4.0,-4.0,-49.0
1776885305.327103,5.0,2.0,-44.0
1776885305.337103,7.0,1.0,-44.0
1776885305.3471026,2.0,4.0,-45.0
1776885305.3571026,4.0,2.0,-50.0
1776885305.3671026,7.0,2.0,-53.0
1776885305.3771029,6.0,0.0,-41.0
1776885305.3871028,7.0,0.0,-39.0
1776885305.3971028,4.0,3.0,-36.0
1776885305.4071028,4.0,-1.0,-30.0
1776885305.4171028,8.0,-4.0,-35.0
1776885305.4271028,7.0,-6.0,-41.0
1776885305.4371028,5.0,-3.0,-48.0
1776885305.4471028,-1.0,-3.0,-47.0
1776885305.4571028,-3.0,-5.0,-42.0
1776885305.4671028,-4.0,-4.0,-35.0
1776885305.4771028,-7.0,-8.0,-36.0
1776885305.4871027,-3.0,-6.0,-36.0
1776885305.4971027,-3.0,-3.0,-39.0
1776885305.5071027,-1.0,0.0,-36.0
1776885305.5171027,0.0,0.0,-38.0
1776885305.5271027,1.0,2.0,-36.0
1776885305.5371027,5.0,1.0,-42.0
1776885305.5471027,0.0,-1.0,-43.0
1776885305.557103,1.0,-1.0,-46.0
1776885305.567103,2.0,-2.0,-47.0
1776885305.577103,0.0,-5.0,-47.0
1776885305.587103,0.0,-6.0,-44.0
1776885305.5971026,-1.0,-3.0,-49.0
1776885305.6071026,-5.0,-2.0,-43.0
1776885305.6171026,2.0,-3.0,-44.0
1776885305.6271029,3.0,-4.0,-46.0
1776885305.6371028,2.0,-5.0,-44.0
1776885305.6471028,3.0,-4.0,-48.0
1776885305.6571028,6.0,-5.0,-40.0
1776885305.6671028,1.0,-5.0,-40.0
1776885305.6771028,-1.0,-7.0,-41.0
1776885305.6871028,-1.0,-6.0,-47.0
1776885305.6971028,-2.0,-6.0,-52.0
1776885305.7071028,4.0,-6.0,-50.0
1776885305.7171028,2.0,-5.0,-49.0
1776885305.7271028,0.0,-2.0,-49.0
1776885305.7371027,-2.0,2.0,-49.0
1776885305.7471027,-2.0,0.0,-43.0
1776885305.7571027,-3.0,0.0,-46.0
1776885305.7671027,-4.0,-1.0,-46.0
1776885305.7771027,-3.0,-4.0,-47.0
1776885305.7871027,0.0,-6.0,-47.0
1776885305.7971027,-1.0,-6.0,-46.0
1776885305.807103,-2.0,-4.0,-43.0
1776885305.817103,-3.0,-2.0,-43.0
1776885305.827103,-2.0,0.0,-41.0
1776885305.837103,-4.0,3.0,-40.0
1776885305.8471026,-2.0,2.0,-46.0
1776885305.8571026,-2.0,-1.0,-43.0
1776885305.8671026,0.0,-1.0,-42.0
1776885305.8771029,4.0,-2.0,-48.0
1776885305.8871028,4.0,1.0,-48.0
1776885305.8971028,3.0,1.0,-47.0
1776885305.9071028,4.0,2.0,-44.0
1776885305.9171028,3.0,-1.0,-47.0
1776885305.9271028,4.0,-2.0,-52.0
1776885305.9371028,2.0,-5.0,-51.0
1776885305.9471028,1.0,-6.0,-59.0
1776885305.9571028,-1.0,-4.0,-59.0
1776885305.9671028,3.0,-2.0,-55.0
1776885305.9771028,2.0,-2.0,-56.0
1776885305.9871027,0.0,0.0,-49.0
1776885305.9971027,0.0,1.0,-51.0
1776885306.0071027,-3.0,0.0,-48.0
1776885306.0171027,-3.0,0.0,-48.0
1776885306.0271027,-1.0,0.0,-41.0
1776885306.0371027,0.0,0.0,-39.0
1776885306.0471027,3.0,-3.0,-46.0
1776885306.057103,2.0,-6.0,-45.0
1776885306.067103,0.0,-10.0,-50.0
1776885306.077103,0.0,-7.0,-52.0
1776885306.087103,4.0,-7.0,-51.0
1776885306.0971026,2.0,-6.0,-52.0
1776885306.1071026,5.0,-3.0,-49.0
1776885306.1171026,1.0,-6.0,-48.0
1776885306.1271029,1.0,-7.0,-42.0
1776885306.1371028,3.0,-1.0,-37.0
1776885306.1471028,1.0,-5.0,-29.0
1776885306.1571028,0.0,-7.0,-28.0
1776885306.1671028,-4.0,-8.0,-33.0
1776885306.1771028,-2.0,-6.0,-34.0
1776885306.1871028,1.0,-5.0,-40.0
1776885306.1971028,6.0,-4.0,-40.0
1776885306.2071028,4.0,0.0,-47.0
1776885306.2171028,0.0,0.0,-49.0
1776885306.2271028,0.0,-1.0,-49.0
1776885306.2371027,0.0,-2.0,-49.0
1776885306.2471027,1.0,-2.0,-53.0
1776885306.2571027,0.0,0.0,-57.0
1776885306.2671027,2.0,-2.0,-56.0
1776885306.2771027,0.0,2.0,-53.0
1776885306.2871027,6.0,1.0,-44.0
1776885306.2971027,4.0,0.0,-42.0
1776885306.307103,6.0,0.0,-44.0
1776885306.317103,7.0,0.0,-45.0
1776885306.327103,6.0,3.0,-49.0
1776885306.337103,7.0,2.0,-53.0
1776885306.3471026,4.0,1.0,-58.0
1776885306.3571026,0.0,2.0,-54.0
1776885306.3671026,-3.0,5.0,-50.0
1776885306.3771029,2.0,6.0,-50.0
1776885306.3871028,2.0,4.0,-44.0
1776885306.3971028,0.0,6.0,-46.0
1776885306.4071028,-1.0,1.0,-49.0
1776885306.4171028,-2.0,0.0,-51.0
1776885306.4271028,4.0,-1.0,-52.0
1776885306.4371028,5.0,-3.0,-50.0
1776885306.4471028,7.0,0.0,-42.0
1776885306.4571028,0.0,-2.0,-45.0
1776885306.4671028,-2.0,-7.0,-52.0
1776885306.4771028,-1.0,-6.0,-56.0
1776885306.488103,-1.0,0.0,-59.0
1776885306.498103,-4.0,0.0,-57.0
1776885306.508103,-6.0,2.0,-53.0
1776885306.5181026,-7.0,0.0,-54.0
1776885306.5281026,-7.0,-1.0,-46.0
1776885306.5381026,-5.0,-2.0,-42.0
1776885306.5481029,-3.0,-5.0,-46.0
1776885306.5581028,-1.0,-1.0,-42.0
1776885306.5681028,0.0,-5.0,-44.0
1776885306.5781028,1.0,-7.0,-34.0
1776885306.5881028,0.0,-6.0,-35.0
1776885306.5981028,2.0,-7.0,-44.0
1776885306.6081028,0.0,-8.0,-45.0
1776885306.6181028,-3.0,-8.0,-47.0
1776885306.6281028,-6.0,-5.0,-41.0
1776885306.6381028,-6.0,-6.0,-45.0
1776885306.6481028,-3.0,-4.0,-42.0
1776885306.6581028,-7.0,-3.0,-38.0
1776885306.6681027,-7.0,-3.0,-40.0
1776885306.6781027,-3.0,-3.0,-35.0
1776885306.6881027,2.0,-4.0,-31.0
1776885306.6981027,2.0,0.0,-34.0
1776885306.7081027,-2.0,0.0,-35.0
1776885306.7181027,1.0,0.0,-41.0
1776885306.7281027,1.0,1.0,-43.0
1776885306.738103,0.0,1.0,-46.0
1776885306.748103,-1.0,0.0,-41.0
1776885306.758103,-1.0,1.0,-42.0
1776885306.7681026,0.0,0.0,-48.0
1776885306.7781026,-3.0,1.0,-50.0
1776885306.7881026,-3.0,2.0,-46.0
1776885306.7981029,-2.0,3.0,-46.0
1776885306.8081028,-5.0,-1.0,-42.0
1776885306.8181028,-6.0,-3.0,-47.0
1776885306.8281028,-2.0,0.0,-43.0
1776885306.8381028,1.0,-1.0,-35.0
1776885306.8481028,2.0,2.0,-35.0
1776885306.8581028,0.0,4.0,-40.0
1776885306.8681028,0.0,5.0,-42.0
1776885306.8781028,0.0,0.0,-36.0
1776885306.8881028,-1.0,2.0,-38.0
1776885306.8981028,-3.0,4.0,-42.0
1776885306.9081028,-1.0,0.0,-47.0
1776885306.9181027,-8.0,-3.0,-51.0
1776885306.9281027,-6.0,-1.0,-47.0
1776885306.9381027,0.0,-3.0,-46.0
1776885306.9481027,-1.0,-1.0,-42.0
1776885306.9581027,0.0,-3.0,-42.0
1776885306.9681027,2.0,-5.0,-41.0
1776885306.9781027,0.0,-2.0,-38.0
1776885306.988103,-5.0,-4.0,-38.0
1776885306.998103,-3.0,-4.0,-42.0
1776885307.008103,-5.0,-6.0,-43.0
1776885307.0181026,0.0,-4.0,-42.0
1776885307.0281026,-6.0,-7.0,-43.0
1776885307.0381026,-5.0,-7.0,-45.0
1776885307.0481029,-8.0,-5.0,-44.0
1776885307.0581028,-4.0,2.0,-44.0
1776885307.0681028,-1.0,1.0,-47.0
1776885307.0781028,0.0,0.0,-45.0
1776885307.0881028,-4.0,-2.0,-46.0
1776885307.0981028,-7.0,-5.0,-48.0
1776885307.1081028,-7.0,-3.0,-46.0
1776885307.1181028,-3.0,-3.0,-49.0
1776885307.1281028,2.0,0.0,-46.0
1776885307.1381028,5.0,1.0,-47.0
1776885307.1481028,0.0,0.0,-46.0
1776885307.1581028,0.0,1.0,-44.0
1776885307.1681027,0.0,-2.0,-40.0
1776885307.1781027,2.0,-1.0,-41.0
1776885307.1881027,1.0,-3.0,-42.0
1776885307.1981027,-3.0,-5.0,-48.0
1776885307.2081027,0.0,-2.0,-45.0
1776885307.2181027,-1.0,-4.0,-44.0
1776885307.2281027,0.0,1.0,-40.0
1776885307.238103,-2.0,-3.0,-41.0
1776885307.248103,0.0,-6.0,-38.0
1776885307.258103,-1.0,-6.0,-41.0
1776885307.2681026,-1.0,-4.0,-34.0
1776885307.2781026,2.0,0.0,-27.0
1776885307.2881026,2.0,1.0,-34.0
1776885307.2981029,5.0,-1.0,-45.0
1776885307.3081028,4.0,1.0,-53.0
1776885307.3181028,0.0,0.0,-51.0
1776885307.3281028,-6.0,1.0,-42.0
1776885307.3381028,-6.0,-3.0,-37.0
1776885307.3481028,-6.0,-3.0,-34.0
1776885307.3581028,-4.0,-4.0,-36.0
1776885307.3681028,-7.0,-3.0,-38.0
1776885307.3781028,-8.0,-4.0,-46.0
1776885307.3881028,-5.0,-7.0,-46.0
1776885307.3981028,-2.0,0.0,-39.0
1776885307.4081028,-4.0,0.0,-32.0
1776885307.4181027,-5.0,-2.0,-32.0
1776885307.4281027,-9.0,-1.0,-34.0
1776885307.4381027,-11.0,1.0,-30.0
1776885307.4481027,-3.0,1.0,-29.0
1776885307.4581027,0.0,0.0,-37.0
1776885307.4681027,0.0,0.0,-45.0
1776885307.4781027,0.0,-4.0,-42.0
1776885307.488103,-5.0,-7.0,-44.0
1776885307.498103,-5.0,-5.0,-43.0
1776885307.508103,-5.0,-3.0,-40.0
1776885307.5181026,-9.0,2.0,-43.0
1776885307.5281026,-5.0,4.0,-42.0
1776885307.5381026,-1.0,3.0,-42.0
1776885307.5481029,0.0,2.0,-51.0
1776885307.5581028,0.0,4.0,-52.0
1776885307.5681028,-2.0,0.0,-50.0
1776885307.5781028,-3.0,-5.0,-53.0
1776885307.5881028,-5.0,-6.0,-51.0
1776885307.5981028,-3.0,-6.0,-45.0
1776885307.6081028,-5.0,-4.0,-43.0
1776885307.6181028,-5.0,-4.0,-43.0
1776885307.6281028,0.0,-2.0,-39.0
1776885307.6381028,2.0,-1.0,-34.0
1776885307.6481028,2.0,-4.0,-39.0
1776885307.6581028,-1.0,0.0,-45.0
1776885307.6681027,-1.0,0.0,-40.0
1776885307.6781027,-1.0,1.0,-47.0
1776885307.6881027,2.0,-1.0,-54.0
1776885307.6981027,1.0,-1.0,-55.0
1776885307.7081027,-3.0,0.0,-43.0
1776885307.7181027,0.0,-2.0,-42.0
1776885307.7281027,0.0,-4.0,-42.0
1776885307.738103,-1.0,-3.0,-52.0
1776885307.748103,-5.0,0.0,-57.0
1776885307.758103,0.0,1.0,-56.0
1776885307.7681026,0.0,2.0,-58.0
1776885307.7781026,-2.0,4.0,-54.0
1776885307.7881026,-1.0,5.0,-48.0
1776885307.7981029,1.0,0.0,-51.0
1776885307.8081028,2.0,2.0,-50.0
1776885307.8181028,4.0,0.0,-52.0
1776885307.8281028,1.0,1.0,-41.0
1776885307.8381028,0.0,-3.0,-41.0
1776885307.8481028,-6.0,-4.0,-44.0
1776885307.8581028,-4.0,0.0,-53.0
1776885307.8681028,0.0,2.0,-56.0
1776885307.8781028,0.0,3.0,-54.0
1776885307.8881028,1.0,0.0,-50.0
1776885307.8981028,4.0,-2.0,-49.0
1776885307.9081028,8.0,-4.0,-45.0
1776885307.9181027,6.0,-2.0,-46.0
1776885307.9281027,6.0,-3.0,-42.0
1776885307.9381027,2.0,-1.0,-42.0
1776885307.9481027,5.0,1.0,-40.0
1776885307.9581027,3.0,2.0,-40.0
1776885307.9681027,3.0,0.0,-35.0
1776885307.9781027,2.0,5.0,-45.0
1776885307.988103,0.0,-1.0,-49.0
1776885307.998103,3.0,0.0,-48.0
1776885308.008103,2.0,-3.0,-45.0
1776885308.0181026,3.0,-3.0,-51.0
1776885308.0281026,3.0,-2.0,-51.0
1776885308.0381026,4.0,-7.0,-48.0
1776885308.0481029,0.0,-9.0,-47.0
1776885308.0581028,-2.0,-7.0,-45.0
1776885308.0681028,-1.0,-5.0,-50.0
1776885308.0781028,0.0,-1.0,-43.0
1776885308.0881028,1.0,-3.0,-44.0
1776885308.0981028,3.0,-2.0,-42.0
1776885308.1081028,0.0,-1.0,-40.0
1776885308.1181028,0.0,-3.0,-39.0
1776885308.1281028,-4.0,-4.0,-47.0
1776885308.1381028,-3.0,-2.0,-51.0
1776885308.1481028,-3.0,-2.0,-45.0
1776885308.1581028,-3.0,-6.0,-44.0
1776885308.1681027,-2.0,-6.0,-48.0
1776885308.1781027,-1.0,-4.0,-48.0
1776885308.1881027,-2.0,-4.0,-52.0
1776885308.1981027,-3.0,-5.0,-53.0
1776885308.2081027,-8.0,-5.0,-55.0
1776885308.2181027,-14.0,-4.0,-48.0
1776885308.2281027,-9.0,-4.0,-40.0
1776885308.238103,-11.0,-2.0,-36.0
1776885308.248103,-7.0,-6.0,-33.0
1776885308.258103,-5.0,-4.0,-37.0
1776885308.2681026,-5.0,-5.0,-38.0
1776885308.2781026,-1.0,-2.0,-33.0
1776885308.2881026,-2.0,-4.0,-40.0
1776885308.2981029,-5.0,-3.0,-38.0
1776885308.3081028,-1.0,1.0,-41.0
1776885308.3181028,-6.0,0.0,-49.0
1776885308.3281028,-5.0,-2.0,-48.0
1776885308.3381028,-5.0,-3.0,-47.0
1776885308.3481028,-4.0,-4.0,-45.0
1776885308.3581028,-5.0,-4.0,-39.0
1776885308.3681028,0.0,-2.0,-37.0
1776885308.3781028,-1.0,-2.0,-39.0
1776885308.3881028,-1.0,-2.0,-43.0
1776885308.3981028,2.0,1.0,-49.0
1776885308.4081028,2.0,-3.0,-49.0
1776885308.4181027,5.0,-5.0,-49.0
1776885308.4281027,6.0,-4.0,-43.0
1776885308.4391026,3.0,-4.0,-42.0
1776885308.4481027,0.0,-6.0,-34.0
1776885308.4581027,-1.0,-7.0,-34.0
1776885308.4691026,-5.0,-7.0,-30.0
1776885308.4791028,-5.0,-8.0,-29.0
1776885308.4891028,-4.0,-5.0,-28.0
1776885308.4991028,0.0,-6.0,-38.0
1776885308.5091028,-2.0,-1.0,-41.0
1776885308.5191028,-5.0,0.0,-41.0
1776885308.5291028,-9.0,-2.0,-47.0
1776885308.5391028,-8.0,-2.0,-46.0
1776885308.5491028,-7.0,1.0,-40.0
1776885308.5591028,-2.0,0.0,-35.0
1776885308.5691028,0.0,6.0,-39.0
1776885308.5791028,2.0,4.0,-36.0
1776885308.5891027,5.0,-1.0,-31.0
1776885308.5991027,2.0,2.0,-27.0
1776885308.6091027,1.0,4.0,-23.0
1776885308.6191027,1.0,0.0,-27.0
1776885308.6291027,-1.0,1.0,-30.0
1776885308.6391027,-2.0,0.0,-35.0
1776885308.6491027,-3.0,0.0,-32.0
1776885308.659103,0.0,0.0,-31.0
1776885308.669103,0.0,0.0,-39.0
1776885308.679103,0.0,-4.0,-42.0
1776885308.6891026,3.0,1.0,-37.0
1776885308.6991026,-1.0,2.0,-38.0
1776885308.7091026,-2.0,4.0,-40.0
1776885308.7191026,-3.0,1.0,-46.0
1776885308.7291028,-3.0,3.0,-48.0
1776885308.7391028,-3.0,1.0,-46.0
1776885308.7491028,-2.0,2.0,-44.0
1776885308.7591028,-4.0,2.0,-36.0
1776885308.7691028,-6.0,-1.0,-40.0
1776885308.7791028,-3.0,-5.0,-38.0
1776885308.7891028,-3.0,-5.0,-35.0
1776885308.7991028,-1.0,-6.0,-37.0
1776885308.8091028,2.0,-6.0,-39.0
1776885308.8191028,5.0,-5.0,-37.0
1776885308.8291028,8.0,-2.0,-34.0
1776885308.8391027,7.0,-3.0,-31.0
1776885308.8491027,1.0,-1.0,-32.0
1776885308.8591027,1.0,0.0,-33.0
1776885308.8691027,-1.0,0.0,-34.0
1776885308.8791027,2.0,0.0,-39.0
1776885308.8891027,1.0,3.0,-43.0
1776885308.8991027,1.0,5.0,-44.0
1776885308.909103,0.0,-1.0,-38.0
1776885308.919103,0.0,-5.0,-34.0
1776885308.929103,0.0,-6.0,-39.0
1776885308.9391026,-2.0,-1.0,-38.0
1776885308.9491026,0.0,1.0,-43.0
1776885308.9591026,-1.0,4.0,-42.0
1776885308.9691026,-3.0,6.0,-40.0
1776885308.9791028,0.0,8.0,-40.0
1776885308.9891028,-2.0,8.0,-39.0
1776885308.9991028,-1.0,13.0,-43.0
1776885309.0091028,0.0,10.0,-41.0
1776885309.0191028,-1.0,6.0,-49.0
1776885309.0291028,0.0,4.0,-52.0
1776885309.0391028,-3.0,-5.0,-50.0
1776885309.0491028,-3.0,-3.0,-52.0
1776885309.0591028,-2.0,-7.0,-52.0
1776885309.0691028,0.0,-7.0,-50.0
1776885309.0791028,4.0,-5.0,-47.0
1776885309.0891027,5.0,-2.0,-47.0
1776885309.0991027,4.0,-3.0,-42.0
1776885309.1091027,9.0,-4.0,-42.0
1776885309.1191027,6.0,-2.0,-40.0
1776885309.1291027,6.0,0.0,-38.0
1776885309.1391027,4.0,1.0,-45.0
1776885309.1491027,7.0,0.0,-53.0
1776885309.159103,3.0,-1.0,-50.0
1776885309.169103,1.0,0.0,-46.0
1776885309.179103,0.0,0.0,-41.0
1776885309.1891026,1.0,0.0,-41.0
1776885309.1991026,3.0,2.0,-44.0
1776885309.2091026,3.0,-1.0,-46.0
1776885309.2191026,1.0,-1.0,-46.0
1776885309.2291028,-5.0,-1.0,-42.0
1776885309.2391028,-2.0,-3.0,-39.0
1776885309.2491028,0.0,-2.0,-39.0
1776885309.2591028,5.0,0.0,-40.0
1776885309.2691028,1.0,1.0,-40.0
1776885309.2791028,0.0,3.0,-39.0
1776885309.2891028,0.0,7.0,-40.0
1776885309.2991028,2.0,8.0,-39.0
1776885309.3091028,3.0,5.0,-45.0
1776885309.3191028,5.0,4.0,-43.0
1776885309.3291028,5.0,0.0,-44.0
1776885309.3391027,7.0,2.0,-42.0
1776885309.3491027,7.0,4.0,-47.0
1776885309.3591027,5.0,4.0,-40.0
1776885309.3691027,-3.0,1.0,-38.0
1776885309.3791027,-2.0,2.0,-35.0
1776885309.3891027,-1.0,3.0,-35.0
1776885309.3991027,-1.0,0.0,-36.0
1776885309.409103,-4.0,-1.0,-35.0
1776885309.419103,-5.0,-4.0,-35.0
1776885309.429103,-1.0,-4.0,-31.0
1776885309.4391026,-1.0,-2.0,-37.0
1776885309.4491026,0.0,-2.0,-39.0
1776885309.4591026,2.0,-5.0,-40.0
1776885309.4691026,0.0,-8.0,-43.0
1776885309.4791028,-2.0,-4.0,-44.0
1776885309.4891028,0.0,-7.0,-49.0
1776885309.4991028,3.0,-4.0,-52.0
1776885309.5091028,4.0,-6.0,-55.0
1776885309.5191028,4.0,-3.0,-59.0
1776885309.5291028,6.0,1.0,-60.0
1776885309.5391028,3.0,-1.0,-58.0
1776885309.5491028,0.0,2.0,-55.0
1776885309.5591028,-1.0,0.0,-53.0
1776885309.5691028,0.0,-1.0,-50.0
1776885309.5791028,-1.0,0.0,-45.0
1776885309.5891027,0.0,2.0,-39.0
1776885309.5991027,2.0,1.0,-48.0
1776885309.6091027,0.0,2.0,-56.0
1776885309.6191027,1.0,1.0,-58.0
1776885309.6291027,0.0,5.0,-56.0
1776885309.6391027,1.0,5.0,-61.0
1776885309.6491027,-1.0,4.0,-51.0
1776885309.659103,-5.0,2.0,-52.0
1776885309.669103,-2.0,-1.0,-49.0
1776885309.679103,2.0,0.0,-50.0
1776885309.6891026,1.0,0.0,-55.0
1776885309.6991026,-5.0,-1.0,-51.0
1776885309.7091026,-4.0,-7.0,-51.0
1776885309.7191026,-2.0,-7.0,-41.0
1776885309.7291028,-1.0,-4.0,-43.0
1776885309.7391028,-1.0,-3.0,-46.0
1776885309.7491028,-1.0,0.0,-47.0
1776885309.7591028,0.0,0.0,-46.0
1776885309.7691028,3.0,-3.0,-52.0
1776885309.7791028,0.0,0.0,-47.0
1776885309.7891028,-1.0,-3.0,-48.0
1776885309.7991028,-2.0,-5.0,-51.0
1776885309.8091028,1.0,-7.0,-50.0
1776885309.8191028,1.0,-8.0,-45.0
1776885309.8291028,2.0,-7.0,-48.0
1776885309.8391027,5.0,-4.0,-43.0
1776885309.8491027,9.0,-4.0,-39.0
1776885309.8591027,5.0,-7.0,-43.0
1776885309.8691027,6.0,-7.0,-39.0
1776885309.8791027,3.0,-2.0,-38.0
1776885309.8891027,2.0,-2.0,-38.0
1776885309.8991027,0.0,-8.0,-36.0
1776885309.909103,-1.0,-4.0,-40.0
1776885309.919103,1.0,-6.0,-46.0
1776885309.929103,3.0,-6.0,-48.0
1776885309.9391026,5.0,-9.0,-42.0
1776885309.9491026,4.0,-9.0,-48.0
1776885309.9591026,1.0,-3.0,-48.0
1776885309.9691026,0.0,-4.0,-53.0
1776885309.9791028,0.0,0.0,-59.0
1776885309.9891028,0.0,1.0,-57.0
1776885309.9991028,7.0,0.0,-55.0
1776885310.0091028,5.0,0.0,-50.0
1776885310.0191028,4.0,1.0,-49.0
1776885310.0291028,6.0,-2.0,-47.0
1776885310.0391028,9.0,-2.0,-46.0
1776885310.0491028,6.0,-5.0,-45.0
1776885310.0591028,8.0,-8.0,-41.0
1776885310.0691028,7.0,-4.0,-42.0
1776885310.0791028,6.0,-1.0,-37.0
1776885310.0891027,5.0,1.0,-36.0
1776885310.0991027,2.0,2.0,-38.0
1776885310.1091027,7.0,1.0,-35.0
1776885310.1191027,7.0,2.0,-40.0
1776885310.1291027,5.0,2.0,-39.0
1776885310.1391027,4.0,0.0,-45.0
1776885310.1491027,0.0,1.0,-51.0
1776885310.159103,-3.0,0.0,-51.0
1776885310.169103,-4.0,-4.0,-48.0
1776885310.179103,-4.0,-6.0,-45.0
1776885310.1891026,0.0,-7.0,-43.0
1776885310.1991026,-4.0,-9.0,-45.0
1776885310.2091026,-2.0,-9.0,-40.0
1776885310.2191026,-5.0,-1.0,-36.0
1776885310.2291028,-8.0,-4.0,-40.0
1776885310.2391028,-2.0,0.0,-36.0
1776885310.2491028,-1.0,2.0,-34.0
1776885310.2591028,-1.0,0.0,-36.0
1776885310.2691028,0.0,-1.0,-38.0
1776885310.2791028,0.0,1.0,-44.0
1776885310.2891028,1.0,1.0,-43.0
1776885310.2991028,0.0,2.0,-45.0
1776885310.3091028,0.0,4.0,-45.0
1776885310.3191028,0.0,0.0,-42.0
1776885310.3291028,0.0,1.0,-43.0
1776885310.3391027,-3.0,2.0,-42.0
1776885310.3491027,4.0,0.0,-40.0
1776885310.3591027,1.0,-1.0,-49.0
1776885310.3691027,-5.0,-5.0,-46.0
1776885310.3791027,-4.0,-2.0,-44.0
1776885310.3891027,0.0,-2.0,-48.0
1776885310.3991027,1.0,1.0,-39.0
1776885310.4101028,1.0,0.0,-38.0
1776885310.419103,1.0,-5.0,-43.0
1776885310.4301028,2.0,-3.0,-48.0
1776885310.4391026,1.0,-7.0,-50.0
1776885310.4491026,1.0,-13.0,-42.0
1776885310.4601028,-2.0,-10.0,-46.0
1776885310.4701028,-6.0,-10.0,-47.0
1776885310.4801028,-6.0,-8.0,-46.0
1776885310.4901028,-2.0,-3.0,-48.0
1776885310.5001028,-2.0,-4.0,-49.0
1776885310.5101027,-1.0,-3.0,-55.0
1776885310.5201027,1.0,-8.0,-49.0
1776885310.5301027,-1.0,-10.0,-47.0
1776885310.5401027,-3.0,-7.0,-54.0
1776885310.5501027,-2.0,-2.0,-52.0
1776885310.5601027,-2.0,-4.0,-55.0
1776885310.5701027,-3.0,-1.0,-57.0
1776885310.5801027,0.0,-5.0,-47.0
1776885310.590103,0.0,-6.0,-48.0
1776885310.600103,0.0,-8.0,-50.0
1776885310.610103,0.0,-9.0,-53.0
1776885310.6201026,-4.0,-10.0,-44.0
1776885310.6301026,-1.0,-9.0,-45.0
1776885310.6401026,3.0,-5.0,-50.0
1776885310.6501029,2.0,-1.0,-50.0
1776885310.6601028,2.0,1.0,-47.0
1776885310.6701028,0.0,0.0,-49.0
1776885310.6801028,-3.0,-2.0,-50.0
1776885310.6901028,-4.0,-3.0,-48.0
1776885310.7001028,-5.0,-5.0,-44.0
1776885310.7101028,-5.0,-8.0,-51.0
1776885310.7201028,-4.0,-7.0,-46.0
1776885310.7301028,-1.0,-2.0,-49.0
1776885310.7401028,-4.0,0.0,-52.0
1776885310.7501028,-1.0,0.0,-56.0
1776885310.7601027,-3.0,2.0,-54.0
1776885310.7701027,-2.0,1.0,-53.0
1776885310.7801027,0.0,-1.0,-48.0
1776885310.7901027,2.0,0.0,-46.0
1776885310.8001027,5.0,2.0,-47.0
1776885310.8101027,2.0,2.0,-47.0
1776885310.8201027,-1.0,2.0,-47.0
1776885310.8301027,-2.0,3.0,-42.0
1776885310.840103,-2.0,10.0,-44.0
1776885310.850103,-4.0,4.0,-42.0
1776885310.860103,-7.0,6.0,-40.0
1776885310.8701026,-3.0,3.0,-39.0
1776885310.8801026,0.0,0.0,-38.0
1776885310.8901026,3.0,-3.0,-40.0
1776885310.9001029,1.0,0.0,-42.0
1776885310.9101028,0.0,-6.0,-40.0
1776885310.9201028,-1.0,-4.0,-45.0
1776885310.9301028,-2.0,-7.0,-48.0
1776885310.9401028,0.0,-6.0,-47.0
1776885310.9501028,4.0,-6.0,-55.0
1776885310.9601028,3.0,-7.0,-50.0
1776885310.9701028,1.0,-9.0,-53.0
1776885310.9801028,1.0,-11.0,-57.0
1776885310.9901028,4.0,-3.0,-52.0
1776885311.0001028,1.0,-4.0,-51.0
1776885311.0101027,6.0,-3.0,-60.0
1776885311.0201027,5.0,-2.0,-62.0
1776885311.0301027,5.0,-3.0,-57.0
1776885311.0401027,10.0,-4.0,-55.0
1776885311.0501027,7.0,-4.0,-55.0
1776885311.0601027,2.0,-4.0,-44.0
1776885311.0701027,1.0,-7.0,-41.0
1776885311.0801027,2.0,-9.0,-41.0
1776885311.090103,4.0,-6.0,-40.0
1776885311.100103,1.0,-3.0,-43.0
1776885311.110103,2.0,-4.0,-46.0
1776885311.1201026,3.0,-2.0,-42.0
1776885311.1301026,1.0,-3.0,-38.0
1776885311.1401026,2.0,-1.0,-37.0
1776885311.1501029,3.0,-1.0,-39.0
1776885311.1601028,4.0,0.0,-38.0
1776885311.1701028,1.0,0.0,-47.0
1776885311.1801028,0.0,0.0,-52.0
1776885311.1901028,-1.0,0.0,-45.0
1776885311.2001028,-2.0,-1.0,-40.0
1776885311.2101028,0.0,-1.0,-42.0
1776885311.2201028,0.0,0.0,-40.0
1776885311.2301028,-1.0,-1.0,-49.0
1776885311.2401028,3.0,-7.0,-49.0
1776885311.2501028,2.0,-8.0,-42.0
1776885311.2601027,4.0,-8.0,-41.0
1776885311.2701027,2.0,-8.0,-39.0
1776885311.2801027,3.0,-4.0,-40.0
1776885311.2901027,1.0,-1.0,-40.0
1776885311.3001027,-3.0,-4.0,-43.0
1776885311.3101027,-3.0,-6.0,-46.0
1776885311.3201027,-3.0,-6.0,-44.0
1776885311.3301027,0.0,-6.0,-42.0
1776885311.340103,4.0,-7.0,-46.0
1776885311.350103,4.0,-7.0,-51.0
1776885311.360103,6.0,-6.0,-53.0
1776885311.3701026,4.0,-3.0,-51.0
1776885311.3801026,0.0,-1.0,-47.0
1776885311.3901026,0.0,0.0,-46.0
1776885311.4001029,-1.0,-5.0,-46.0
1776885311.4101028,-4.0,-7.0,-40.0
1776885311.4201028,-2.0,-9.0,-48.0
1776885311.4301028,-3.0,-8.0,-48.0
1776885311.4401028,-3.0,-11.0,-37.0
1776885311.4501028,0.0,-13.0,-35.0
1776885311.4601028,0.0,-10.0,-38.0
1776885311.4701028,2.0,-7.0,-38.0
1776885311.4801028,1.0,-5.0,-39.0
1776885311.4901028,2.0,-6.0,-44.0
1776885311.5001028,5.0,-10.0,-49.0
1776885311.5101027,4.0,-9.0,-42.0
1776885311.5201027,2.0,-5.0,-45.0
1776885311.5301027,6.0,-1.0,-48.0
1776885311.5401027,2.0,-4.0,-49.0
1776885311.5501027,-1.0,-5.0,-50.0
1776885311.5601027,-5.0,-5.0,-43.0
1776885311.5701027,-5.0,-6.0,-49.0
1776885311.5801027,-6.0,-8.0,-46.0
1776885311.590103,-1.0,-4.0,-45.0
1776885311.600103,-3.0,1.0,-41.0
1776885311.610103,-2.0,-2.0,-40.0
1776885311.6201026,2.0,0.0,-47.0
1776885311.6301026,4.0,-1.0,-50.0
1776885311.6401026,7.0,0.0,-49.0
1776885311.6501029,10.0,0.0,-42.0
1776885311.6601028,11.0,1.0,-30.0
1776885311.6701028,9.0,-1.0,-34.0
1776885311.6801028,2.0,1.0,-38.0
1776885311.6901028,1.0,6.0,-33.0
1776885311.7001028,3.0,4.0,-41.0
1776885311.7101028,7.0,-1.0,-43.0
1776885311.7201028,6.0,-1.0,-38.0
1776885311.7301028,9.0,-4.0,-41.0
1776885311.7401028,9.0,-4.0,-45.0
1776885311.7501028,5.0,-3.0,-53.0
1776885311.7601027,2.0,-4.0,-55.0
1776885311.7701027,4.0,-1.0,-56.0
1776885311.7801027,3.0,-3.0,-58.0
1776885311.7901027,0.0,-6.0,-57.0
1776885311.8001027,0.0,-2.0,-61.0
1776885311.8101027,4.0,0.0,-55.0
1776885311.8201027,1.0,0.0,-47.0
1776885311.8301027,-1.0,1.0,-48.0
1776885311.840103,-2.0,-1.0,-45.0
1776885311.850103,-2.0,1.0,-47.0
1776885311.860103,-2.0,2.0,-44.0
1776885311.8701026,-1.0,6.0,-45.0
1776885311.8801026,0.0,7.0,-37.0
1776885311.8901026,0.0,1.0,-42.0
1776885311.9001029,1.0,3.0,-44.0
1776885311.9101028,2.0,0.0,-41.0
1776885311.9201028,5.0,-1.0,-38.0
1776885311.9301028,7.0,0.0,-41.0
1776885311.9401028,5.0,-1.0,-43.0
1776885311.9501028,5.0,-4.0,-45.0
1776885311.9601028,6.0,-7.0,-38.0
1776885311.9701028,7.0,-9.0,-38.0
1776885311.9801028,3.0,-4.0,-41.0
1776885311.9901028,0.0,-6.0,-47.0
1776885312.0001028,1.0,-6.0,-47.0
1776885312.0101027,-1.0,-2.0,-47.0
1776885312.0201027,1.0,-1.0,-46.0
1776885312.0301027,0.0,-3.0,-46.0
1776885312.0401027,2.0,-5.0,-47.0
1776885312.0501027,3.0,-2.0,-48.0
1776885312.0601027,4.0,0.0,-45.0
1776885312.0701027,6.0,0.0,-43.0
1776885312.0801027,8.0,-5.0,-46.0
1776885312.090103,9.0,-9.0,-45.0
1776885312.100103,11.0,-9.0,-51.0
1776885312.110103,10.0,-5.0,-49.0
1776885312.1201026,9.0,-2.0,-40.0
1776885312.1301026,6.0,0.0,-35.0
1776885312.1401026,5.0,1.0,-42.0
1776885312.1501029,6.0,2.0,-41.0
1776885312.1601028,6.0,4.0,-47.0
1776885312.1701028,5.0,4.0,-51.0
1776885312.1801028,-1.0,0.0,-47.0
1776885312.1901028,3.0,0.0,-42.0
1776885312.2001028,6.0,-3.0,-45.0
1776885312.2101028,4.0,-8.0,-43.0
1776885312.2201028,0.0,-9.0,-44.0
1776885312.2301028,0.0,-8.0,-41.0
1776885312.2401028,6.0,-7.0,-38.0
1776885312.2501028,7.0,-4.0,-38.0
1776885312.2601027,8.0,-5.0,-40.0
1776885312.2701027,6.0,-5.0,-43.0
1776885312.2801027,3.0,-4.0,-45.0
1776885312.2901027,0.0,-5.0,-47.0
1776885312.3001027,-3.0,-2.0,-50.0
1776885312.3101027,-5.0,-5.0,-55.0
1776885312.3201027,-4.0,-6.0,-51.0
1776885312.3301027,-6.0,-6.0,-45.0
1776885312.340103,-4.0,-7.0,-44.0
1776885312.350103,1.0,-5.0,-47.0
1776885312.360103,1.0,-4.0,-49.0
1776885312.3701026,1.0,-4.0,-55.0
1776885312.3801026,6.0,-7.0,-57.0
1776885312.3901026,5.0,-6.0,-53.0
1776885312.4001029,0.0,-3.0,-56.0
1776885312.4101028,-3.0,-2.0,-53.0
1776885312.4201028,-2.0,-2.0,-40.0
1776885312.4311028,-1.0,-4.0,-31.0
1776885312.4401028,-3.0,-2.0,-31.0
1776885312.4511027,-6.0,-3.0,-37.0
1776885312.4611027,-3.0,-1.0,-35.0
1776885312.4711027,-2.0,-2.0,-39.0
1776885312.4811027,2.0,0.0,-44.0
1776885312.4901028,8.0,0.0,-37.0
1776885312.5011027,11.0,1.0,-35.0
1776885312.511103,7.0,1.0,-34.0
1776885312.521103,8.0,3.0,-33.0
1776885312.531103,2.0,4.0,-39.0
1776885312.5411026,0.0,1.0,-39.0
1776885312.5511026,2.0,-1.0,-34.0
1776885312.5611026,4.0,-4.0,-38.0
1776885312.5711029,2.0,0.0,-38.0
1776885312.5811028,7.0,-1.0,-41.0
1776885312.5911028,5.0,-2.0,-44.0
1776885312.6011028,9.0,-1.0,-45.0
1776885312.6111028,13.0,0.0,-48.0
1776885312.6211028,10.0,-2.0,-50.0
1776885312.6311028,7.0,-2.0,-48.0
1776885312.6411028,6.0,0.0,-53.0
1776885312.6511028,2.0,-2.0,-49.0
1776885312.6611028,-3.0,-2.0,-46.0
1776885312.6711028,-7.0,-2.0,-51.0
1776885312.6811028,-6.0,-2.0,-52.0
1776885312.6911027,-5.0,-4.0,-52.0
1776885312.7011027,-3.0,-3.0,-58.0
1776885312.7111027,0.0,0.0,-53.0
1776885312.7211027,3.0,5.0,-46.0
1776885312.7311027,4.0,5.0,-44.0
1776885312.7411027,0.0,2.0,-39.0
1776885312.7511027,-3.0,3.0,-44.0
1776885312.761103,0.0,2.0,-47.0
1776885312.771103,-1.0,8.0,-44.0
1776885312.781103,-1.0,6.0,-41.0
1776885312.7911026,0.0,0.0,-42.0
1776885312.8011026,1.0,-5.0,-46.0
1776885312.8111026,1.0,-6.0,-45.0
1776885312.8211029,3.0,-4.0,-45.0
1776885312.8311028,2.0,-5.0,-48.0
1776885312.8411028,0.0,-4.0,-52.0
1776885312.8511028,-3.0,-4.0,-55.0
1776885312.8611028,-2.0,0.0,-53.0
1776885312.8711028,0.0,2.0,-47.0
1776885312.8811028,-2.0,1.0,-41.0
1776885312.8911028,-4.0,1.0,-42.0
1776885312.9011028,-2.0,2.0,-41.0
1776885312.9111028,-5.0,1.0,-39.0
1776885312.9211028,-7.0,-1.0,-39.0
1776885312.9311028,-6.0,0.0,-41.0
1776885312.9411027,-1.0,-1.0,-45.0
1776885312.9511027,2.0,-5.0,-45.0
1776885312.9611027,0.0,-6.0,-43.0
1776885312.9711027,3.0,-5.0,-37.0
1776885312.9811027,3.0,-4.0,-31.0
1776885312.9911027,3.0,-3.0,-30.0
1776885313.0011027,1.0,-5.0,-37.0
1776885313.011103,0.0,-4.0,-40.0
1776885313.021103,0.0,-4.0,-43.0
1776885313.031103,-2.0,-1.0,-42.0
1776885313.0411026,-5.0,-2.0,-39.0
1776885313.0511026,0.0,-1.0,-43.0
1776885313.0611026,2.0,0.0,-53.0
1776885313.0711029,1.0,0.0,-52.0
1776885313.0811028,-1.0,0.0,-48.0
1776885313.0911028,-5.0,0.0,-41.0
1776885313.1011028,-7.0,0.0,-36.0
1776885313.1111028,-11.0,1.0,-38.0
1776885313.1211028,-8.0,4.0,-37.0
1776885313.1311028,-9.0,3.0,-37.0
1776885313.1411028,-4.0,0.0,-39.0
1776885313.1511028,-2.0,3.0,-38.0
1776885313.1611028,-2.0,-1.0,-47.0
1776885313.1711028,-2.0,-4.0,-42.0
1776885313.1811028,-1.0,-9.0,-42.0
1776885313.1911027,-1.0,-10.0,-33.0
1776885313.2011027,-3.0,-7.0,-39.0
1776885313.2111027,0.0,-7.0,-43.0
1776885313.2211027,0.0,-4.0,-43.0
1776885313.2311027,1.0,-4.0,-41.0
1776885313.2411027,1.0,-3.0,-41.0
1776885313.2511027,-4.0,-6.0,-45.0
1776885313.261103,-3.0,-5.0,-45.0
1776885313.271103,-5.0,-7.0,-37.0
1776885313.281103,-4.0,-1.0,-33.0
1776885313.2911026,-5.0,-7.0,-33.0
1776885313.3011026,-5.0,-3.0,-30.0
1776885313.3111026,-1.0,-5.0,-29.0
1776885313.3211029,-1.0,-5.0,-26.0
1776885313.3311028,-4.0,-8.0,-36.0
1776885313.3411028,-2.0,-13.0,-40.0
1776885313.3511028,-1.0,-10.0,-36.0
1776885313.3611028,0.0,-10.0,-39.0
1776885313.3711028,-2.0,-10.0,-36.0
1776885313.3811028,2.0,-5.0,-36.0
1776885313.3911028,0.0,-5.0,-40.0
1776885313.4011028,1.0,-3.0,-40.0
1776885313.4111028,4.0,-5.0,-38.0
1776885313.4211028,2.0,-7.0,-44.0
1776885313.4311028,7.0,-1.0,-49.0
1776885313.4411027,8.0,-1.0,-54.0
1776885313.4511027,8.0,-1.0,-55.0
1776885313.4611027,9.0,0.0,-47.0
1776885313.4711027,7.0,2.0,-43.0
1776885313.4811027,6.0,1.0,-43.0
1776885313.4911027,2.0,-1.0,-39.0
1776885313.5011027,3.0,-1.0,-35.0
1776885313.511103,1.0,0.0,-34.0
1776885313.521103,-4.0,0.0,-35.0
1776885313.531103,-3.0,0.0,-34.0
1776885313.5411026,-3.0,1.0,-37.0
1776885313.5511026,-5.0,0.0,-37.0
1776885313.5611026,0.0,-2.0,-43.0
1776885313.5711029,4.0,-2.0,-45.0
1776885313.5811028,3.0,0.0,-46.0
1776885313.5911028,3.0,0.0,-52.0
1776885313.6011028,0.0,-2.0,-51.0
1776885313.6111028,1.0,-2.0,-47.0
1776885313.6211028,1.0,1.0,-43.0
1776885313.6311028,0.0,1.0,-41.0
1776885313.6411028,-1.0,-2.0,-48.0
1776885313.6511028,0.0,0.0,-45.0
1776885313.6611028,2.0,0.0,-41.0
1776885313.6711028,2.0,1.0,-42.0
1776885313.6811028,5.0,4.0,-41.0
1776885313.6911027,2.0,2.0,-42.0
1776885313.7011027,0.0,4.0,-40.0
1776885313.7111027,0.0,1.0,-37.0
1776885313.7211027,0.0,1.0,-38.0
1776885313.7311027,-1.0,2.0,-41.0
1776885313.7411027,1.0,0.0,-40.0
1776885313.7511027,0.0,-2.0,-45.0
1776885313.761103,0.0,-2.0,-46.0
1776885313.771103,3.0,-5.0,-47.0
1776885313.781103,2.0,-8.0,-50.0
1776885313.7911026,2.0,-7.0,-51.0
1776885313.8011026,2.0,-6.0,-48.0
1776885313.8111026,0.0,-3.0,-53.0
1776885313.8211029,0.0,-5.0,-51.0
1776885313.8311028,0.0,-6.0,-53.0
1776885313.8411028,0.0,-6.0,-57.0
1776885313.8511028,0.0,-11.0,-53.0
1776885313.8611028,0.0,-10.0,-52.0
1776885313.8711028,0.0,-9.0,-58.0
1776885313.8811028,2.0,-11.0,-53.0
1776885313.8911028,2.0,-8.0,-46.0
1776885313.9011028,2.0,-9.0,-41.0
1776885313.9111028,5.0,-6.0,-42.0
1776885313.9211028,8.0,-3.0,-49.0
1776885313.9311028,6.0,-6.0,-44.0
1776885313.9411027,5.0,-7.0,-44.0
1776885313.9511027,3.0,-3.0,-45.0
1776885313.9611027,2.0,-1.0,-46.0
1776885313.9711027,5.0,0.0,-46.0
1776885313.9811027,4.0,-2.0,-45.0
1776885313.9911027,2.0,-4.0,-49.0
1776885314.0011027,1.0,-5.0,-44.0
1776885314.011103,0.0,-6.0,-42.0
1776885314.021103,4.0,-4.0,-45.0
1776885314.031103,4.0,-4.0,-40.0
1776885314.0411026,5.0,-4.0,-38.0
1776885314.0511026,5.0,-4.0,-45.0
1776885314.0611026,0.0,-1.0,-44.0
1776885314.0711029,0.0,0.0,-46.0
1776885314.0811028,2.0,0.0,-43.0
1776885314.0911028,1.0,2.0,-40.0
1776885314.1011028,1.0,1.0,-36.0
1776885314.1111028,5.0,-2.0,-37.0
1776885314.1211028,4.0,-2.0,-42.0
1776885314.1311028,0.0,-2.0,-37.0
1776885314.1411028,3.0,-4.0,-34.0
1776885314.1511028,2.0,-4.0,-29.0
1776885314.1611028,2.0,-3.0,-27.0
1776885314.1711028,0.0,-1.0,-25.0
1776885314.1811028,-4.0,1.0,-28.0
1776885314.1911027,-7.0,4.0,-31.0
1776885314.2011027,-5.0,0.0,-28.0
1776885314.2111027,-4.0,0.0,-28.0
1776885314.2211027,3.0,-5.0,-25.0
1776885314.2311027,2.0,-4.0,-36.0
1776885314.2411027,-3.0,0.0,-38.0
1776885314.2511027,-4.0,-1.0,-32.0
1776885314.261103,-1.0,1.0,-30.0
1776885314.271103,3.0,0.0,-28.0
1776885314.281103,-1.0,0.0,-36.0
1776885314.2911026,0.0,-4.0,-41.0
1776885314.3011026,-5.0,-5.0,-47.0
1776885314.3111026,-8.0,-5.0,-46.0
1776885314.3211029,-4.0,-6.0,-49.0
1776885314.3311028,-4.0,-7.0,-48.0
1776885314.3411028,-4.0,-3.0,-47.0
1776885314.3511028,-2.0,-1.0,-51.0
1776885314.3621027,-5.0,-4.0,-49.0
1776885314.3711028,-5.0,-7.0,-47.0
1776885314.3811028,-1.0,-6.0,-45.0
1776885314.3911028,0.0,-4.0,-40.0
1776885314.4011028,-1.0,-4.0,-42.0
1776885314.4121027,-1.0,-4.0,-39.0
1776885314.4221027,0.0,-7.0,-36.0
1776885314.432103,2.0,-7.0,-40.0
1776885314.442103,4.0,-6.0,-41.0
1776885314.452103,2.0,-3.0,-39.0
1776885314.462103,-1.0,0.0,-36.0
1776885314.4721026,-3.0,-2.0,-38.0
1776885314.4821026,-4.0,-3.0,-43.0
1776885314.4921026,-6.0,-3.0,-37.0
1776885314.5021029,-5.0,-3.0,-43.0
1776885314.5121028,-4.0,-7.0,-45.0
1776885314.5221028,-2.0,-8.0,-41.0
1776885314.5321028,0.0,-8.0,-38.0
1776885314.5421028,-2.0,-7.0,-40.0
1776885314.5521028,-5.0,-5.0,-37.0
1776885314.5621028,-3.0,-6.0,-39.0
1776885314.5721028,-4.0,-2.0,-41.0
1776885314.5821028,-7.0,-9.0,-43.0
1776885314.5921028,-5.0,-9.0,-44.0
1776885314.6021028,-8.0,-7.0,-45.0
1776885314.6121027,-6.0,-6.0,-46.0
1776885314.6221027,-6.0,-8.0,-39.0
1776885314.6321027,-3.0,-10.0,-42.0
1776885314.6421027,1.0,-16.0,-43.0
1776885314.6521027,0.0,-9.0,-47.0
1776885314.6621027,3.0,-5.0,-49.0
1776885314.6721027,5.0,-4.0,-46.0
1776885314.682103,1.0,-8.0,-45.0
1776885314.692103,-1.0,-13.0,-41.0
1776885314.702103,0.0,-12.0,-36.0
1776885314.712103,2.0,-11.0,-31.0
1776885314.7221026,3.0,-10.0,-33.0
1776885314.7321026,3.0,-10.0,-28.0
1776885314.7421026,5.0,-9.0,-27.0
1776885314.7521029,6.0,-8.0,-29.0
1776885314.7621028,2.0,-9.0,-40.0
1776885314.7721028,0.0,-9.0,-48.0
1776885314.7821028,-1.0,-8.0,-47.0
1776885314.7921028,-3.0,-5.0,-47.0
1776885314.8021028,0.0,-2.0,-39.0
1776885314.8121028,0.0,-4.0,-37.0
1776885314.8221028,0.0,-3.0,-33.0
1776885314.8321028,1.0,-3.0,-38.0
1776885314.8421028,1.0,-2.0,-36.0
1776885314.8521028,2.0,2.0,-43.0
1776885314.8621027,1.0,-2.0,-48.0
1776885314.8721027,0.0,-4.0,-50.0
1776885314.8821027,-1.0,-1.0,-45.0
1776885314.8921027,0.0,-1.0,-48.0
1776885314.9021027,0.0,-2.0,-45.0
1776885314.9121027,3.0,-2.0,-41.0
1776885314.9221027,7.0,-3.0,-42.0
1776885314.932103,9.0,-2.0,-43.0
1776885314.942103,8.0,0.0,-45.0
1776885314.952103,8.0,0.0,-48.0
1776885314.962103,8.0,1.0,-45.0
1776885314.9721026,8.0,0.0,-42.0
1776885314.9821026,4.0,-2.0,-44.0
1776885314.9921026,6.0,-2.0,-44.0
1776885315.0021029,6.0,-3.0,-48.0
1776885315.0121028,5.0,0.0,-48.0
1776885315.0221028,4.0,1.0,-41.0
1776885315.0321028,2.0,1.0,-41.0
1776885315.0421028,9.0,5.0,-47.0
1776885315.0521028,7.0,2.0,-42.0
1776885315.0621028,4.0,1.0,-39.0
1776885315.0721028,2.0,2.0,-40.0
1776885315.0821028,0.0,0.0,-45.0
1776885315.0921028,0.0,-2.0,-45.0
1776885315.1021028,1.0,-2.0,-46.0
1776885315.1121027,1.0,-4.0,-51.0
1776885315.1221027,0.0,-4.0,-45.0
1776885315.1321027,4.0,-2.0,-40.0
1776885315.1421027,0.0,-1.0,-46.0
1776885315.1521027,-2.0,-1.0,-44.0
1776885315.1621027,-8.0,-3.0,-42.0
1776885315.1721027,-9.0,-4.0,-42.0
1776885315.182103,-8.0,-3.0,-44.0
1776885315.192103,-4.0,-1.0,-44.0
1776885315.202103,1.0,0.0,-50.0
1776885315.212103,3.0,2.0,-54.0
1776885315.2221026,3.0,2.0,-55.0
1776885315.2321026,3.0,4.0,-53.0
1776885315.2421026,0.0,3.0,-49.0
1776885315.2521029,-1.0,4.0,-45.0
1776885315.2621028,3.0,4.0,-41.0
1776885315.2721028,2.0,2.0,-36.0
1776885315.2821028,0.0,0.0,-38.0
1776885315.2921028,6.0,0.0,-36.0
1776885315.3021028,5.0,-3.0,-34.0
1776885315.3121028,2.0,-5.0,-34.0
1776885315.3221028,0.0,-3.0,-40.0
1776885315.3321028,1.0,-3.0,-41.0
1776885315.3421028,0.0,-3.0,-43.0
1776885315.3521028,0.0,-2.0,-35.0
1776885315.3621027,1.0,0.0,-38.0
1776885315.3721027,1.0,-3.0,-39.0
1776885315.3821027,0.0,-2.0,-42.0
1776885315.3921027,-5.0,-2.0,-49.0
1776885315.4021027,-5.0,-5.0,-48.0
1776885315.4121027,-2.0,-4.0,-42.0
1776885315.4221027,-1.0,-10.0,-44.0
1776885315.432103,3.0,-7.0,-44.0
1776885315.442103,5.0,-7.0,-45.0
1776885315.452103,1.0,-6.0,-47.0
1776885315.462103,1.0,-1.0,-44.0
1776885315.4721026,3.0,4.0,-46.0
1776885315.4821026,1.0,3.0,-43.0
1776885315.4921026,-1.0,0.0,-45.0
1776885315.5021029,0.0,-2.0,-49.0
1776885315.5121028,0.0,-4.0,-49.0
1776885315.5221028,1.0,-3.0,-47.0
1776885315.5321028,1.0,-2.0,-46.0
1776885315.5421028,4.0,0.0,-45.0
1776885315.5521028,8.0,2.0,-47.0
1776885315.5621028,7.0,2.0,-48.0
1776885315.5721028,3.0,5.0,-50.0
1776885315.5821028,0.0,2.0,-51.0
1776885315.5921028,0.0,-1.0,-51.0
1776885315.6021028,-2.0,-7.0,-46.0
1776885315.6121027,-5.0,-11.0,-49.0
1776885315.6221027,-5.0,-13.0,-41.0
1776885315.6321027,-7.0,-9.0,-47.0
1776885315.6421027,-5.0,-5.0,-42.0
1776885315.6521027,0.0,-5.0,-42.0
1776885315.6621027,6.0,-4.0,-42.0
1776885315.6721027,8.0,-5.0,-40.0
1776885315.682103,9.0,-8.0,-43.0
1776885315.692103,14.0,-9.0,-39.0
1776885315.702103,8.0,-6.0,-40.0
1776885315.712103,3.0,-9.0,-44.0
1776885315.7221026,1.0,-12.0,-48.0
1776885315.7321026,5.0,-10.0,-51.0
1776885315.7421026,4.0,-8.0,-49.0
1776885315.7521029,7.0,-5.0,-47.0
1776885315.7621028,4.0,-3.0,-49.0
1776885315.7721028,2.0,0.0,-54.0
1776885315.7821028,-3.0,2.0,-57.0
1776885315.7921028,-8.0,4.0,-54.0
1776885315.8021028,-5.0,2.0,-55.0
1776885315.8121028,-9.0,0.0,-53.0
1776885315.8221028,-4.0,-1.0,-50.0
1776885315.8321028,0.0,-1.0,-51.0
1776885315.8421028,-1.0,3.0,-52.0
1776885315.8521028,0.0,0.0,-46.0
1776885315.8621027,-1.0,-1.0,-51.0
1776885315.8721027,0.0,-4.0,-49.0
1776885315.8821027,1.0,-3.0,-47.0
1776885315.8921027,2.0,-3.0,-46.0
1776885315.9021027,0.0,-2.0,-47.0
1776885315.9121027,5.0,-2.0,-41.0
1776885315.9221027,5.0,-4.0,-38.0
1776885315.932103,6.0,0.0,-40.0
1776885315.942103,2.0,1.0,-41.0
1776885315.952103,4.0,1.0,-46.0
1776885315.962103,5.0,-3.0,-45.0
1776885315.9721026,5.0,-6.0,-39.0
1776885315.9821026,4.0,-6.0,-39.0
1776885315.9921026,5.0,0.0,-37.0
1776885316.0021029,5.0,0.0,-43.0
1776885316.0121028,3.0,1.0,-42.0
1776885316.0221028,2.0,-2.0,-40.0
1776885316.0321028,3.0,-2.0,-45.0
1776885316.0421028,3.0,-2.0,-49.0
1776885316.0521028,2.0,-3.0,-51.0
1776885316.0621028,3.0,-5.0,-56.0
1776885316.0721028,2.0,-3.0,-49.0
1776885316.0821028,4.0,-1.0,-44.0
1776885316.0921028,-1.0,-6.0,-41.0
1776885316.1021028,-3.0,-6.0,-38.0
1776885316.1121027,-1.0,-1.0,-38.0
1776885316.1221027,0.0,-2.0,-42.0
1776885316.1321027,-3.0,-1.0,-43.0
1776885316.1421027,2.0,-7.0,-45.0
1776885316.1521027,0.0,-4.0,-48.0
1776885316.1621027,4.0,-1.0,-47.0
1776885316.1721027,6.0,-1.0,-50.0
1776885316.182103,7.0,1.0,-47.0
1776885316.192103,1.0,-3.0,-47.0
1776885316.202103,1.0,-4.0,-43.0
1776885316.212103,-2.0,-4.0,-47.0
1776885316.2221026,-5.0,-4.0,-47.0
1776885316.2321026,-5.0,-2.0,-39.0
1776885316.2421026,-4.0,-2.0,-36.0
1776885316.2521029,-3.0,-3.0,-32.0
1776885316.2621028,-2.0,-2.0,-37.0
1776885316.2721028,-3.0,-3.0,-36.0
1776885316.2821028,-3.0,-6.0,-35.0
1776885316.2921028,3.0,-3.0,-35.0
1776885316.3021028,0.0,-3.0,-33.0
1776885316.3131027,3.0,-2.0,-28.0
1776885316.3221028,0.0,1.0,-32.0
1776885316.3321028,0.0,1.0,-30.0
1776885316.3431027,-2.0,0.0,-36.0
1776885316.3521028,-5.0,-1.0,-44.0
1776885316.363103,-4.0,1.0,-44.0
1776885316.373103,0.0,0.0,-45.0
1776885316.383103,1.0,0.0,-45.0
1776885316.3931026,0.0,-2.0,-34.0
1776885316.4031026,-2.0,-2.0,-30.0
1776885316.4131026,-1.0,-2.0,-27.0
1776885316.4231029,2.0,-5.0,-34.0
1776885316.4331028,2.0,-5.0,-33.0
1776885316.4431028,3.0,-5.0,-35.0
1776885316.4531028,4.0,0.0,-40.0
1776885316.4631028,5.0,0.0,-39.0
1776885316.4731028,3.0,-1.0,-37.0
1776885316.4831028,2.0,-4.0,-42.0
1776885316.4931028,2.0,-4.0,-44.0
1776885316.5031028,0.0,-5.0,-42.0
1776885316.5131028,-2.0,-5.0,-45.0
1776885316.5231028,0.0,-8.0,-41.0
1776885316.5331028,3.0,-9.0,-36.0
1776885316.5431027,4.0,-7.0,-36.0
1776885316.5531027,5.0,-4.0,-40.0
1776885316.5631027,3.0,-1.0,-42.0
1776885316.5731027,6.0,6.0,-39.0
1776885316.5831027,5.0,5.0,-43.0
1776885316.5931027,6.0,0.0,-33.0
1776885316.6031027,6.0,-4.0,-36.0
1776885316.613103,5.0,-8.0,-44.0
1776885316.623103,5.0,-8.0,-48.0
1776885316.633103,6.0,-10.0,-49.0
1776885316.6431026,0.0,-6.0,-46.0
1776885316.6531026,3.0,3.0,-47.0
1776885316.6631026,3.0,1.0,-50.0
1776885316.6731029,4.0,0.0,-53.0
1776885316.6831028,-1.0,-3.0,-55.0
1776885316.6931028,-5.0,-3.0,-47.0
1776885316.7031028,-6.0,-3.0,-50.0
1776885316.7131028,-1.0,0.0,-53.0
1776885316.7231028,-1.0,-2.0,-53.0
1776885316.7331028,-1.0,-5.0,-50.0
1776885316.7431028,0.0,-4.0,-51.0
1776885316.7531028,2.0,-2.0,-49.0
1776885316.7631028,1.0,-3.0,-49.0
1776885316.7731028,1.0,-6.0,-50.0
1776885316.7831028,0.0,-5.0,-50.0
1776885316.7931027,-5.0,-3.0,-44.0
1776885316.8031027,-2.0,-6.0,-40.0
1776885316.8131027,1.0,-5.0,-36.0
1776885316.8231027,0.0,-3.0,-34.0
1776885316.8331027,0.0,-2.0,-37.0
1776885316.8431027,4.0,-6.0,-35.0
1776885316.8531027,5.0,-8.0,-35.0
1776885316.863103,7.0,-10.0,-40.0
1776885316.873103,8.0,-11.0,-46.0
1776885316.883103,5.0,-10.0,-44.0
1776885316.8931026,3.0,-4.0,-47.0
1776885316.9031026,3.0,-9.0,-50.0
1776885316.9131026,1.0,-8.0,-47.0
1776885316.9231029,6.0,-3.0,-40.0
1776885316.9331028,4.0,-3.0,-35.0
1776885316.9431028,4.0,-5.0,-38.0
1776885316.9531028,3.0,-8.0,-35.0
1776885316.9631028,1.0,-8.0,-37.0
1776885316.9731028,0.0,-6.0,-42.0
1776885316.9831028,-1.0,-6.0,-38.0
1776885316.9931028,1.0,-2.0,-37.0
1776885317.0031028,2.0,0.0,-41.0
1776885317.0131028,1.0,0.0,-40.0
1776885317.0231028,3.0,3.0,-40.0
1776885317.0331028,3.0,4.0,-47.0
1776885317.0431027,3.0,2.0,-49.0
1776885317.0531027,3.0,0.0,-48.0
1776885317.0631027,5.0,-4.0,-46.0
1776885317.0731027,4.0,-3.0,-44.0
1776885317.0831027,0.0,-6.0,-45.0
1776885317.0931027,-1.0,-5.0,-43.0
1776885317.1031027,-3.0,-6.0,-47.0
1776885317.113103,-4.0,-7.0,-45.0
1776885317.123103,-5.0,-5.0,-48.0
1776885317.133103,-9.0,-6.0,-46.0
1776885317.1431026,-8.0,-5.0,-42.0
1776885317.1531026,-10.0,-7.0,-46.0
1776885317.1631026,-6.0,-2.0,-42.0
1776885317.1731029,-6.0,-2.0,-33.0
1776885317.1831028,0.0,-1.0,-33.0
1776885317.1931028,-6.0,-1.0,-27.0
1776885317.2031028,-2.0,-2.0,-28.0
1776885317.2131028,3.0,-1.0,-32.0
1776885317.2231028,2.0,-2.0,-31.0
1776885317.2331028,3.0,-2.0,-29.0
1776885317.2431028,5.0,0.0,-27.0
1776885317.2531028,2.0,-3.0,-34.0
1776885317.2631028,-1.0,-4.0,-34.0
1776885317.2731028,-4.0,-7.0,-39.0
1776885317.2831028,-2.0,-5.0,-38.0
1776885317.2931027,-3.0,-5.0,-39.0
1776885317.3031027,1.0,-5.0,-41.0
1776885317.3131027,-1.0,-6.0,-44.0
1776885317.3231027,0.0,-9.0,-39.0
1776885317.3331027,3.0,-6.0,-43.0
1776885317.3431027,6.0,-3.0,-49.0
1776885317.3531027,4.0,0.0,-50.0
1776885317.363103,3.0,0.0,-45.0
1776885317.373103,1.0,2.0,-45.0
1776885317.383103,0.0,2.0,-52.0
1776885317.3931026,-3.0,0.0,-51.0
1776885317.4031026,0.0,-4.0,-43.0
1776885317.4131026,-6.0,-1.0,-42.0
1776885317.4231029,-7.0,0.0,-42.0
1776885317.4331028,-9.0,6.0,-42.0
1776885317.4431028,-9.0,1.0,-44.0
1776885317.4531028,-8.0,0.0,-41.0
1776885317.4631028,-6.0,1.0,-37.0
1776885317.4731028,-4.0,5.0,-35.0
1776885317.4831028,0.0,8.0,-32.0
1776885317.4931028,0.0,5.0,-44.0
1776885317.5031028,-1.0,2.0,-37.0
1776885317.5131028,-1.0,1.0,-34.0
1776885317.5231028,3.0,0.0,-39.0
1776885317.5331028,0.0,3.0,-46.0
1776885317.5431027,-2.0,0.0,-49.0
1776885317.5531027,0.0,-2.0,-43.0
1776885317.5631027,-1.0,-3.0,-45.0
1776885317.5731027,1.0,-3.0,-44.0
1776885317.5831027,4.0,-1.0,-41.0
1776885317.5931027,5.0,-1.0,-43.0
1776885317.6031027,7.0,-1.0,-45.0
1776885317.613103,6.0,0.0,-45.0
1776885317.623103,3.0,2.0,-46.0
1776885317.633103,1.0,2.0,-48.0
1776885317.6431026,4.0,0.0,-44.0
1776885317.6531026,0.0,-1.0,-47.0
1776885317.6631026,0.0,-5.0,-39.0
1776885317.6731029,1.0,-5.0,-34.0
1776885317.6831028,1.0,-7.0,-37.0
1776885317.6931028,1.0,-3.0,-43.0
1776885317.7031028,4.0,-1.0,-42.0
1776885317.7131028,0.0,-4.0,-39.0
1776885317.7231028,2.0,-4.0,-41.0
1776885317.7331028,3.0,-1.0,-41.0
1776885317.7431028,-2.0,-1.0,-46.0
1776885317.7531028,-5.0,-5.0,-50.0
1776885317.7631028,-3.0,-8.0,-49.0
1776885317.7731028,-4.0,-5.0,-50.0
1776885317.7831028,-5.0,-2.0,-53.0
1776885317.7931027,-6.0,-1.0,-50.0
1776885317.8031027,-6.0,0.0,-50.0
1776885317.8131027,-4.0,-2.0,-47.0
1776885317.8231027,-2.0,-6.0,-49.0
1776885317.8331027,-6.0,-5.0,-48.0
1776885317.8431027,-3.0,-4.0,-51.0
1776885317.8531027,-9.0,-5.0,-48.0
1776885317.863103,-10.0,-6.0,-53.0
1776885317.873103,-7.0,-8.0,-50.0
1776885317.883103,0.0,-7.0,-50.0
1776885317.8931026,0.0,-8.0,-48.0
1776885317.9031026,0.0,-5.0,-46.0
1776885317.9131026,-4.0,1.0,-46.0
1776885317.9231029,-8.0,2.0,-50.0
1776885317.9331028,-2.0,2.0,-44.0
1776885317.9431028,-3.0,5.0,-42.0
1776885317.9531028,0.0,7.0,-44.0
1776885317.9631028,1.0,2.0,-47.0
1776885317.9731028,0.0,1.0,-51.0
1776885317.9831028,-2.0,0.0,-53.0
1776885317.9931028,0.0,-1.0,-50.0
1776885318.0031028,4.0,1.0,-50.0
1776885318.0131028,3.0,-2.0,-47.0
1776885318.0231028,6.0,-1.0,-48.0
1776885318.0331028,5.0,-2.0,-48.0
1776885318.0431027,2.0,-1.0,-52.0
1776885318.0531027,2.0,-3.0,-52.0
1776885318.0631027,0.0,-5.0,-42.0
1776885318.0731027,0.0,-5.0,-47.0
1776885318.0831027,3.0,-3.0,-49.0
1776885318.0931027,6.0,-4.0,-49.0
1776885318.1031027,7.0,-5.0,-47.0
1776885318.113103,9.0,-4.0,-48.0
1776885318.123103,5.0,-2.0,-44.0
1776885318.133103,5.0,-3.0,-40.0
1776885318.1431026,6.0,-2.0,-39.0
1776885318.1531026,9.0,-5.0,-41.0
1776885318.1631026,6.0,-5.0,-46.0
1776885318.1731029,3.0,-5.0,-52.0
1776885318.1831028,3.0,-3.0,-47.0
1776885318.1931028,4.0,0.0,-51.0
1776885318.2031028,1.0,1.0,-48.0
1776885318.2131028,1.0,0.0,-48.0
1776885318.2231028,1.0,0.0,-50.0
1776885318.2331028,1.0,-1.0,-46.0
1776885318.2431028,1.0,-2.0,-43.0
1776885318.2531028,-1.0,0.0,-38.0
1776885318.2631028,-4.0,-1.0,-40.0
1776885318.2731028,-6.0,-2.0,-40.0
1776885318.2831028,-3.0,-3.0,-44.0
1776885318.2931027,-5.0,-3.0,-43.0
1776885318.3031027,-3.0,-2.0,-43.0
1776885318.3131027,-1.0,2.0,-45.0
1776885318.3241026,0.0,0.0,-46.0
1776885318.3331027,0.0,0.0,-43.0
1776885318.3441026,0.0,0.0,-47.0
1776885318.3531027,-2.0,-1.0,-45.0
1776885318.3641028,-6.0,-1.0,-48.0
1776885318.3741028,-6.0,0.0,-43.0
1776885318.383103,0.0,0.0,-41.0
1776885318.3941028,4.0,1.0,-39.0
1776885318.4041028,5.0,0.0,-44.0
1776885318.4141028,7.0,-2.0,-45.0
1776885318.4241028,8.0,-2.0,-48.0
1776885318.4341028,6.0,0.0,-43.0
1776885318.4441028,1.0,2.0,-39.0
1776885318.4541028,-1.0,2.0,-43.0
1776885318.4641027,-4.0,3.0,-46.0
1776885318.4741027,-1.0,2.0,-43.0
1776885318.4841027,-2.0,3.0,-45.0
1776885318.4941027,-1.0,5.0,-49.0
1776885318.5041027,-5.0,2.0,-47.0
1776885318.5141027,-5.0,2.0,-46.0
1776885318.5241027,1.0,3.0,-43.0
1776885318.534103,7.0,4.0,-45.0
1776885318.544103,6.0,0.0,-42.0
1776885318.554103,0.0,1.0,-42.0
1776885318.5641026,0.0,3.0,-38.0
1776885318.5741026,-3.0,0.0,-43.0
1776885318.5841026,-3.0,-2.0,-51.0
1776885318.5941026,-6.0,0.0,-44.0
1776885318.6041028,-6.0,2.0,-43.0
1776885318.6141028,-7.0,5.0,-39.0
1776885318.6241028,-3.0,7.0,-45.0
1776885318.6341028,-7.0,1.0,-48.0
1776885318.6441028,-6.0,0.0,-45.0
1776885318.6541028,-6.0,-2.0,-50.0
1776885318.6641028,-5.0,0.0,-47.0
1776885318.6741028,-7.0,1.0,-46.0
1776885318.6841028,-3.0,-1.0,-44.0
1776885318.6941028,-1.0,-1.0,-47.0
1776885318.7041028,-1.0,2.0,-50.0
1776885318.7141027,-2.0,4.0,-50.0
1776885318.7241027,-2.0,-1.0,-54.0
1776885318.7341027,0.0,-4.0,-52.0
1776885318.7441027,1.0,-4.0,-51.0
1776885318.7541027,3.0,-7.0,-53.0
1776885318.7641027,1.0,-8.0,-51.0
1776885318.7741027,-3.0,-6.0,-49.0
1776885318.784103,0.0,-1.0,-47.0
1776885318.794103,-2.0,-3.0,-47.0
1776885318.804103,0.0,-4.0,-55.0
1776885318.8141026,3.0,-3.0,-59.0
1776885318.8241026,8.0,-4.0,-59.0
1776885318.8341026,3.0,-7.0,-56.0
1776885318.8441026,3.0,-8.0,-50.0
1776885318.8541028,3.0,-6.0,-50.0
1776885318.8641028,0.0,-8.0,-50.0
1776885318.8741028,0.0,-6.0,-52.0
1776885318.8841028,4.0,-7.0,-50.0
1776885318.8941028,1.0,-9.0,-52.0
1776885318.9041028,0.0,-8.0,-52.0
1776885318.9141028,3.0,-6.0,-56.0
1776885318.9241028,1.0,-2.0,-50.0
1776885318.9341028,4.0,0.0,-51.0
1776885318.9441028,5.0,0.0,-50.0
1776885318.9541028,4.0,-2.0,-48.0
1776885318.9641027,1.0,-1.0,-40.0
1776885318.9741027,3.0,0.0,-33.0
1776885318.9841027,0.0,-7.0,-40.0
1776885318.9941027,2.0,-13.0,-37.0
1776885319.0041027,3.0,-10.0,-37.0
1776885319.0141027,1.0,-7.0,-35.0
1776885319.0241027,1.0,-3.0,-32.0
1776885319.034103,4.0,-4.0,-36.0
1776885319.044103,0.0,-7.0,-35.0
1776885319.054103,1.0,-11.0,-37.0
1776885319.0641026,0.0,-11.0,-36.0
1776885319.0741026,1.0,-10.0,-35.0
1776885319.0841026,0.0,-8.0,-36.0
1776885319.0941026,-4.0,-9.0,-38.0
1776885319.1041028,-4.0,-5.0,-39.0
1776885319.1141028,1.0,-8.0,-43.0
1776885319.1241028,5.0,0.0,-48.0
1776885319.1341028,5.0,-1.0,-55.0
1776885319.1441028,6.0,-5.0,-47.0
1776885319.1541028,3.0,-5.0,-40.0
1776885319.1641028,0.0,-3.0,-40.0
1776885319.1741028,5.0,-3.0,-38.0
1776885319.1841028,8.0,-2.0,-38.0
1776885319.1941028,4.0,-1.0,-42.0
1776885319.2041028,2.0,-1.0,-46.0
1776885319.2141027,0.0,1.0,-47.0
1776885319.2241027,4.0,-1.0,-42.0
1776885319.2341027,5.0,-1.0,-41.0
1776885319.2441027,0.0,-4.0,-35.0
1776885319.2541027,0.0,-1.0,-37.0
1776885319.2641027,0.0,2.0,-40.0
1776885319.2741027,3.0,6.0,-39.0
1776885319.284103,4.0,7.0,-35.0
1776885319.294103,1.0,6.0,-40.0
1776885319.304103,2.0,5.0,-40.0
1776885319.3141026,4.0,4.0,-37.0
1776885319.3241026,4.0,4.0,-44.0
1776885319.3341026,5.0,3.0,-44.0
1776885319.3441026,1.0,1.0,-44.0
1776885319.3541028,1.0,0.0,-44.0
1776885319.3641028,-2.0,0.0,-51.0
1776885319.3741028,-3.0,-4.0,-50.0
1776885319.3841028,-3.0,-5.0,-41.0
1776885319.3941028,-1.0,-5.0,-41.0
1776885319.4041028,-3.0,-6.0,-41.0
1776885319.4141028,-3.0,-3.0,-42.0
1776885319.4241028,0.0,-3.0,-42.0
1776885319.4341028,0.0,-2.0,-34.0
1776885319.4441028,1.0,0.0,-35.0
1776885319.4541028,1.0,0.0,-41.0
1776885319.4641027,4.0,0.0,-47.0
1776885319.4741027,5.0,0.0,-42.0
1776885319.4841027,8.0,1.0,-48.0
1776885319.4941027,6.0,3.0,-48.0
1776885319.5041027,2.0,-2.0,-50.0
1776885319.5141027,-3.0,-3.0,-49.0
1776885319.5241027,-1.0,-6.0,-45.0
1776885319.534103,-1.0,-3.0,-49.0
1776885319.544103,1.0,0.0,-47.0
1776885319.554103,4.0,0.0,-41.0
1776885319.5641026,2.0,-1.0,-45.0
1776885319.5741026,3.0,0.0,-48.0
1776885319.5841026,4.0,5.0,-51.0
1776885319.5941026,2.0,0.0,-50.0
1776885319.6041028,2.0,0.0,-52.0
1776885319.6141028,3.0,-2.0,-50.0
1776885319.6241028,-2.0,-2.0,-43.0
1776885319.6341028,-3.0,-5.0,-44.0
1776885319.6441028,-3.0,-3.0,-48.0
1776885319.6541028,-3.0,0.0,-52.0
1776885319.6641028,1.0,3.0,-53.0
1776885319.6741028,2.0,1.0,-50.0
1776885319.6841028,1.0,3.0,-38.0
1776885319.6941028,1.0,2.0,-33.0
1776885319.7041028,4.0,3.0,-34.0
1776885319.7141027,2.0,2.0,-39.0
1776885319.7241027,1.0,-1.0,-51.0
1776885319.7341027,-1.0,-3.0,-48.0
1776885319.7441027,-2.0,-5.0,-49.0
1776885319.7541027,-4.0,-5.0,-53.0
1776885319.7641027,-3.0,-5.0,-62.0
1776885319.7741027,0.0,-1.0,-59.0
1776885319.784103,0.0,0.0,-51.0
1776885319.794103,1.0,-3.0,-58.0
1776885319.804103,-2.0,0.0,-52.0
1776885319.8141026,-2.0,1.0,-49.0
1776885319.8241026,1.0,-1.0,-51.0
1776885319.8341026,3.0,-2.0,-50.0
1776885319.8441026,1.0,-3.0,-50.0
1776885319.8541028,-3.0,-6.0,-47.0
1776885319.8641028,-4.0,-4.0,-44.0
1776885319.8741028,-1.0,-4.0,-48.0
1776885319.8841028,-4.0,-5.0,-50.0
1776885319.8941028,-2.0,-2.0,-51.0
1776885319.9041028,-2.0,-7.0,-53.0
1776885319.9141028,-3.0,-9.0,-57.0
1776885319.9241028,-4.0,-8.0,-53.0
1776885319.9341028,-8.0,-5.0,-46.0
1776885319.9441028,-11.0,-6.0,-48.0
1776885319.9541028,-7.0,-7.0,-46.0
1776885319.9641027,-9.0,-9.0,-42.0
1776885319.9741027,-8.0,-9.0,-43.0
1776885319.9841027,-6.0,-4.0,-41.0
1776885319.9941027,-7.0,-6.0,-32.0
1776885320.0041027,-5.0,-3.0,-37.0
1776885320.0141027,-3.0,-7.0,-46.0
1776885320.0241027,-5.0,-5.0,-44.0
1776885320.034103,-4.0,-8.0,-47.0
1776885320.044103,0.0,-7.0,-49.0
1776885320.054103,-1.0,-4.0,-47.0
1776885320.0641026,0.0,-5.0,-53.0
1776885320.0741026,1.0,-3.0,-56.0
1776885320.0841026,0.0,-1.0,-56.0
1776885320.0941026,2.0,-2.0,-55.0
1776885320.1041028,4.0,-1.0,-60.0
1776885320.1141028,8.0,-2.0,-60.0
1776885320.1241028,10.0,1.0,-55.0
1776885320.1341028,7.0,-2.0,-52.0
1776885320.1441028,1.0,-1.0,-53.0
1776885320.1541028,-4.0,-1.0,-49.0
1776885320.1641028,-1.0,-2.0,-44.0
1776885320.1741028,0.0,0.0,-41.0
1776885320.1841028,0.0,2.0,-44.0
1776885320.1941028,0.0,3.0,-41.0
1776885320.2041028,-2.0,2.0,-34.0
1776885320.2141027,-5.0,0.0,-38.0
1776885320.2241027,-6.0,1.0,-38.0
1776885320.2341027,-5.0,0.0,-44.0
1776885320.2441027,-5.0,-2.0,-40.0
1776885320.2541027,-2.0,-1.0,-36.0
1776885320.2641027,0.0,-5.0,-40.0
1776885320.2741027,6.0,-6.0,-39.0
1776885320.284103,4.0,-8.0,-41.0
1776885320.294103,2.0,-9.0,-40.0
1776885320.304103,3.0,-8.0,-34.0
1776885320.3151028,0.0,-5.0,-30.0
1776885320.3251028,-4.0,1.0,-35.0
1776885320.3351028,-2.0,2.0,-35.0
1776885320.3451028,-2.0,0.0,-39.0
1776885320.3551028,-2.0,-3.0,-44.0
1776885320.3651028,1.0,-1.0,-49.0
1776885320.3751028,-2.0,-2.0,-45.0
1776885320.3851027,1.0,-3.0,-45.0
1776885320.3951027,0.0,-2.0,-49.0
1776885320.4051027,1.0,-3.0,-52.0
1776885320.4151027,1.0,-1.0,-44.0
1776885320.4251027,2.0,-4.0,-43.0
1776885320.4351027,1.0,-3.0,-42.0
1776885320.4451027,1.0,-6.0,-49.0
1776885320.4551027,1.0,-5.0,-50.0
1776885320.465103,4.0,-4.0,-49.0
1776885320.475103,4.0,-2.0,-48.0
1776885320.485103,1.0,-1.0,-45.0
1776885320.4951026,0.0,-2.0,-45.0
1776885320.5051026,0.0,-3.0,-43.0
1776885320.5151026,0.0,-5.0,-48.0
1776885320.5251029,0.0,-5.0,-57.0
1776885320.5351028,-2.0,-6.0,-57.0
1776885320.5451028,0.0,-6.0,-46.0
1776885320.5551028,-2.0,-3.0,-42.0
1776885320.5651028,3.0,-2.0,-43.0
1776885320.5751028,0.0,-7.0,-51.0
1776885320.5851028,-5.0,-7.0,-58.0
1776885320.5951028,-5.0,-9.0,-55.0
1776885320.6051028,0.0,-7.0,-51.0
1776885320.6151028,4.0,-10.0,-51.0
1776885320.6251028,6.0,-15.0,-51.0
1776885320.6351027,7.0,-11.0,-53.0
1776885320.6451027,8.0,-9.0,-46.0
1776885320.6551027,8.0,-6.0,-44.0
1776885320.6651027,3.0,-4.0,-42.0
1776885320.6751027,3.0,-6.0,-46.0
1776885320.6851027,6.0,0.0,-49.0
1776885320.6951027,2.0,0.0,-49.0
1776885320.7051027,0.0,0.0,-45.0
1776885320.715103,1.0,-2.0,-40.0
1776885320.725103,-1.0,-3.0,-41.0
1776885320.735103,2.0,-4.0,-37.0
1776885320.7451026,4.0,0.0,-44.0
1776885320.7551026,10.0,1.0,-43.0
1776885320.7651026,8.0,0.0,-39.0
1776885320.7751029,4.0,-3.0,-40.0
1776885320.7851028,1.0,0.0,-37.0
1776885320.7951028,4.0,-3.0,-37.0
1776885320.8051028,3.0,-4.0,-40.0
1776885320.8151028,0.0,-9.0,-37.0
1776885320.8251028,0.0,-8.0,-38.0
1776885320.8351028,0.0,-6.0,-43.0
1776885320.8451028,0.0,-5.0,-40.0
1776885320.8551028,-5.0,-5.0,-40.0
1776885320.8651028,-5.0,-7.0,-39.0
1776885320.8751028,-7.0,-4.0,-32.0
1776885320.8851027,-4.0,-4.0,-33.0
1776885320.8951027,-1.0,-8.0,-32.0
1776885320.9051027,0.0,-7.0,-35.0
1776885320.9151027,1.0,-6.0,-39.0
1776885320.9251027,0.0,-5.0,-39.0
1776885320.9351027,-3.0,-5.0,-33.0
1776885320.9451027,-2.0,-1.0,-35.0
1776885320.9551027,-6.0,-2.0,-32.0
1776885320.965103,-8.0,0.0,-37.0
1776885320.975103,-3.0,0.0,-38.0
1776885320.985103,-4.0,1.0,-45.0
1776885320.9951026,-3.0,2.0,-45.0
1776885321.0051026,-1.0,1.0,-43.0
1776885321.0151026,1.0,0.0,-40.0
1776885321.0251029,0.0,2.0,-38.0
1776885321.0351028,0.0,3.0,-42.0
1776885321.0451028,0.0,0.0,-39.0
1776885321.0551028,-2.0,0.0,-38.0
1776885321.0651028,-1.0,-5.0,-40.0
1776885321.0751028,-2.0,-7.0,-42.0
1776885321.0851028,-3.0,-5.0,-38.0
1776885321.0951028,1.0,-5.0,-35.0
1776885321.1051028,4.0,-3.0,-39.0
1776885321.1151028,6.0,-4.0,-41.0
1776885321.1251028,5.0,-4.0,-44.0
1776885321.1351027,4.0,0.0,-44.0
1776885321.1451027,1.0,-1.0,-44.0
1776885321.1551027,0.0,0.0,-44.0
1776885321.1651027,-2.0,-4.0,-45.0
1776885321.1751027,0.0,-2.0,-43.0
1776885321.1851027,0.0,0.0,-41.0
1776885321.1951027,-1.0,2.0,-41.0
1776885321.2051027,-1.0,0.0,-47.0
1776885321.215103,-4.0,0.0,-52.0
1776885321.225103,-3.0,-1.0,-55.0
1776885321.235103,-3.0,0.0,-50.0
1776885321.2451026,-5.0,2.0,-47.0
1776885321.2551026,-2.0,-1.0,-37.0
1776885321.2651026,-6.0,0.0,-35.0
1776885321.2751029,-9.0,0.0,-36.0
1776885321.2851028,-3.0,1.0,-33.0
1776885321.2951028,-2.0,-2.0,-34.0
1776885321.3051028,-2.0,-3.0,-34.0
1776885321.3151028,1.0,-6.0,-35.0
1776885321.3251028,2.0,-4.0,-46.0
1776885321.3351028,3.0,-2.0,-51.0
1776885321.3451028,1.0,0.0,-50.0
1776885321.3551028,3.0,0.0,-56.0
1776885321.3651028,3.0,-1.0,-48.0
1776885321.3751028,0.0,0.0,-48.0
1776885321.3851027,5.0,0.0,-50.0
1776885321.3951027,6.0,2.0,-49.0
1776885321.4051027,6.0,6.0,-42.0
1776885321.4151027,7.0,5.0,-39.0
1776885321.4251027,6.0,3.0,-37.0
1776885321.4351027,7.0,1.0,-42.0
1776885321.4451027,8.0,0.0,-46.0
1776885321.4551027,6.0,0.0,-47.0
1776885321.465103,5.0,1.0,-51.0
1776885321.475103,3.0,-1.0,-48.0
1776885321.485103,1.0,2.0,-39.0
1776885321.4951026,0.0,0.0,-41.0
1776885321.5051026,0.0,5.0,-41.0
1776885321.5151026,2.0,3.0,-43.0
1776885321.5251029,0.0,9.0,-44.0
1776885321.5351028,0.0,9.0,-44.0
1776885321.5451028,-2.0,5.0,-48.0
1776885321.5551028,-3.0,0.0,-50.0
1776885321.5651028,-3.0,2.0,-54.0
1776885321.5751028,0.0,3.0,-57.0
1776885321.5851028,3.0,1.0,-56.0
1776885321.5951028,3.0,0.0,-52.0
1776885321.6051028,1.0,-6.0,-45.0
1776885321.6151028,4.0,-2.0,-38.0
1776885321.6251028,1.0,1.0,-38.0
1776885321.6351027,0.0,0.0,-34.0
1776885321.6451027,-1.0,-3.0,-29.0
1776885321.6551027,3.0,-8.0,-31.0
1776885321.6651027,3.0,-7.0,-34.0
1776885321.6751027,5.0,-3.0,-39.0
1776885321.6851027,8.0,0.0,-40.0
1776885321.6951027,10.0,-2.0,-37.0
1776885321.7051027,7.0,-4.0,-41.0
1776885321.715103,-2.0,1.0,-38.0
1776885321.725103,-6.0,3.0,-41.0
1776885321.735103,-3.0,6.0,-36.0
1776885321.7451026,-2.0,7.0,-40.0
1776885321.7551026,1.0,5.0,-36.0
1776885321.7651026,5.0,2.0,-32.0
1776885321.7751029,5.0,1.0,-27.0
1776885321.7851028,1.0,3.0,-30.0
1776885321.7951028,2.0,5.0,-30.0
1776885321.8051028,-4.0,4.0,-33.0
1776885321.8151028,-1.0,5.0,-36.0
1776885321.8251028,-5.0,5.0,-37.0
1776885321.8351028,-2.0,5.0,-37.0
1776885321.8451028,0.0,1.0,-35.0
1776885321.8551028,3.0,1.0,-35.0
1776885321.8651028,4.0,2.0,-38.0
1776885321.8751028,5.0,6.0,-42.0
1776885321.8851027,3.0,6.0,-48.0
1776885321.8951027,6.0,5.0,-48.0
1776885321.9051027,6.0,1.0,-49.0
1776885321.9151027,6.0,-6.0,-50.0
1776885321.9251027,0.0,-6.0,-48.0
1776885321.9351027,4.0,-9.0,-53.0
1776885321.9451027,7.0,-6.0,-46.0
1776885321.9551027,3.0,0.0,-41.0
1776885321.965103,3.0,-3.0,-43.0
1776885321.975103,3.0,0.0,-46.0
1776885321.985103,4.0,-3.0,-39.0
1776885321.9951026,4.0,-6.0,-36.0
1776885322.0051026,1.0,-8.0,-35.0
1776885322.0151026,-2.0,-7.0,-34.0
1776885322.0251029,2.0,-7.0,-41.0
1776885322.0351028,4.0,-5.0,-40.0
1776885322.0451028,6.0,-8.0,-43.0
1776885322.0551028,4.0,-6.0,-43.0
1776885322.0651028,4.0,-6.0,-45.0
1776885322.0751028,4.0,-7.0,-42.0
1776885322.0851028,0.0,-6.0,-41.0
1776885322.0951028,0.0,-7.0,-38.0
1776885322.1051028,1.0,-7.0,-41.0
1776885322.1151028,0.0,-2.0,-44.0
1776885322.1251028,-1.0,-4.0,-51.0
1776885322.1351027,-3.0,-4.0,-51.0
1776885322.1451027,-3.0,-6.0,-48.0
1776885322.1551027,-1.0,-4.0,-46.0
1776885322.1651027,1.0,-5.0,-47.0
1776885322.1751027,-3.0,-5.0,-45.0
1776885322.1851027,-4.0,-2.0,-44.0
1776885322.1951027,-4.0,-1.0,-47.0
1776885322.2051027,-2.0,0.0,-47.0
1776885322.215103,1.0,0.0,-41.0
1776885322.225103,0.0,-1.0,-44.0
1776885322.235103,0.0,-1.0,-38.0
1776885322.2451026,6.0,-1.0,-35.0
1776885322.2551026,9.0,1.0,-41.0
1776885322.2651026,3.0,1.0,-40.0
1776885322.2751029,1.0,1.0,-37.0
1776885322.2851028,4.0,1.0,-38.0
1776885322.2951028,1.0,1.0,-40.0
1776885322.3051028,2.0,-1.0,-43.0
1776885322.3161027,2.0,-3.0,-51.0
1776885322.3261027,0.0,-3.0,-52.0
1776885322.3361027,0.0,-3.0,-50.0
1776885322.3451028,0.0,-2.0,-44.0
1776885322.3561027,0.0,-3.0,-43.0
1776885322.3661027,0.0,0.0,-45.0
1776885322.3761027,-2.0,0.0,-47.0
1776885322.386103,0.0,-1.0,-44.0
1776885322.396103,0.0,-3.0,-46.0
1776885322.406103,5.0,-3.0,-47.0
1776885322.4161026,2.0,-4.0,-51.0
1776885322.4261026,-1.0,-2.0,-52.0
1776885322.4361026,-3.0,0.0,-43.0
1776885322.4461029,-5.0,-4.0,-36.0
1776885322.4561028,-3.0,-4.0,-34.0
1776885322.4661028,1.0,0.0,-35.0
1776885322.4761028,6.0,-3.0,-39.0
1776885322.4861028,5.0,-8.0,-43.0
1776885322.4961028,6.0,-8.0,-41.0
1776885322.5061028,3.0,-4.0,-39.0
1776885322.5161028,3.0,-5.0,-41.0
1776885322.5261028,1.0,-8.0,-42.0
1776885322.5361028,0.0,-9.0,-47.0
1776885322.5461028,3.0,-9.0,-49.0
1776885322.5561028,4.0,-5.0,-48.0
1776885322.5661027,6.0,-5.0,-49.0
1776885322.5761027,7.0,-2.0,-51.0
1776885322.5861027,8.0,-1.0,-50.0
1776885322.5961027,1.0,-4.0,-44.0
1776885322.6061027,-1.0,-1.0,-49.0
1776885322.6161027,-3.0,-2.0,-51.0
1776885322.6261027,-3.0,-5.0,-52.0
1776885322.636103,-1.0,-3.0,-53.0
1776885322.646103,-4.0,-3.0,-55.0
1776885322.656103,0.0,-4.0,-52.0
1776885322.6661026,6.0,-2.0,-53.0
1776885322.6761026,12.0,-2.0,-54.0
1776885322.6861026,8.0,-3.0,-52.0
1776885322.6961029,5.0,-2.0,-50.0
1776885322.7061028,8.0,-5.0,-48.0
1776885322.7161028,6.0,0.0,-45.0
1776885322.7261028,6.0,0.0,-42.0
1776885322.7361028,-1.0,3.0,-42.0
1776885322.7461028,-5.0,3.0,-37.0
1776885322.7561028,-2.0,5.0,-37.0
1776885322.7661028,2.0,1.0,-35.0
1776885322.7761028,2.0,-2.0,-32.0
1776885322.7861028,5.0,0.0,-34.0
1776885322.7961028,2.0,4.0,-33.0
1776885322.8061028,4.0,-2.0,-35.0
1776885322.8161027,1.0,-3.0,-40.0
1776885322.8261027,-1.0,-5.0,-47.0
1776885322.8361027,-1.0,-2.0,-43.0
1776885322.8461027,0.0,-1.0,-44.0
1776885322.8561027,-2.0,1.0,-48.0
1776885322.8661027,-5.0,2.0,-50.0
1776885322.8761027,-2.0,4.0,-56.0
1776885322.886103,-1.0,4.0,-53.0
1776885322.896103,2.0,-1.0,-52.0
1776885322.906103,-2.0,0.0,-53.0
1776885322.9161026,0.0,-3.0,-56.0
1776885322.9261026,4.0,-1.0,-50.0
1776885322.9361026,5.0,-1.0,-44.0
1776885322.9461029,3.0,0.0,-47.0
1776885322.9561028,1.0,-1.0,-50.0
1776885322.9661028,-2.0,1.0,-50.0
1776885322.9761028,-4.0,2.0,-48.0
1776885322.9861028,-7.0,0.0,-49.0
1776885322.9961028,0.0,0.0,-48.0
1776885323.0061028,-1.0,4.0,-47.0
1776885323.0161028,-2.0,4.0,-46.0
1776885323.0261028,-6.0,5.0,-44.0
1776885323.0361028,-4.0,5.0,-43.0
1776885323.0461028,1.0,6.0,-49.0
1776885323.0561028,4.0,5.0,-55.0
1776885323.0661027,2.0,2.0,-52.0
1776885323.0761027,2.0,6.0,-52.0
1776885323.0861027,0.0,8.0,-51.0
1776885323.0961027,-1.0,4.0,-52.0
1776885323.1061027,0.0,3.0,-51.0
1776885323.1161027,-3.0,2.0,-53.0
1776885323.1261027,0.0,2.0,-44.0
1776885323.136103,0.0,2.0,-43.0
1776885323.146103,0.0,-1.0,-46.0
1776885323.156103,0.0,0.0,-52.0
1776885323.1661026,-1.0,1.0,-52.0
1776885323.1761026,-3.0,1.0,-54.0
1776885323.1861026,0.0,0.0,-56.0
1776885323.1961029,2.0,-4.0,-50.0
1776885323.2061028,2.0,-7.0,-41.0
1776885323.2161028,2.0,-3.0,-48.0
1776885323.2261028,3.0,-1.0,-50.0
1776885323.2361028,0.0,-2.0,-45.0
1776885323.2461028,0.0,-3.0,-47.0
1776885323.2561028,-1.0,-1.0,-43.0
1776885323.2661028,5.0,-2.0,-37.0
1776885323.2761028,5.0,-3.0,-33.0
1776885323.2861028,2.0,-2.0,-32.0
1776885323.2961028,2.0,-2.0,-41.0
1776885323.3061028,0.0,-1.0,-48.0
1776885323.3161027,0.0,0.0,-46.0
1776885323.3261027,-5.0,3.0,-39.0
1776885323.3361027,-9.0,2.0,-39.0
1776885323.3461027,-3.0,0.0,-37.0
1776885323.3561027,-2.0,2.0,-41.0
1776885323.3661027,-2.0,0.0,-40.0
1776885323.3761027,0.0,0.0,-41.0
1776885323.386103,0.0,1.0,-37.0
1776885323.396103,4.0,1.0,-42.0
1776885323.406103,7.0,-1.0,-34.0
1776885323.4161026,2.0,-4.0,-35.0
1776885323.4261026,1.0,-3.0,-30.0
1776885323.4361026,4.0,-4.0,-33.0
1776885323.4461029,5.0,-4.0,-37.0
1776885323.4561028,2.0,-1.0,-38.0
1776885323.4661028,0.0,-2.0,-39.0
1776885323.4761028,-1.0,-4.0,-43.0
1776885323.4861028,-2.0,-6.0,-48.0
1776885323.4961028,-4.0,-5.0,-49.0
1776885323.5061028,-4.0,-1.0,-48.0
1776885323.5161028,-4.0,2.0,-51.0
1776885323.5261028,0.0,1.0,-44.0
1776885323.5361028,0.0,2.0,-41.0
1776885323.5461028,2.0,1.0,-35.0
1776885323.5561028,4.0,0.0,-38.0
1776885323.5661027,2.0,0.0,-48.0
1776885323.5761027,1.0,0.0,-48.0
1776885323.5861027,-2.0,0.0,-47.0
1776885323.5961027,-4.0,0.0,-52.0
1776885323.6061027,-1.0,-1.0,-47.0
1776885323.6161027,-1.0,-2.0,-48.0
1776885323.6261027,-4.0,-4.0,-43.0
1776885323.636103,0.0,-6.0,-41.0
1776885323.646103,0.0,-5.0,-43.0
1776885323.656103,0.0,1.0,-46.0
1776885323.6661026,-3.0,0.0,-45.0
1776885323.6761026,0.0,0.0,-52.0
1776885323.6861026,-4.0,3.0,-52.0
1776885323.6961029,-5.0,-2.0,-51.0
1776885323.7061028,-3.0,-2.0,-47.0
1776885323.7161028,-1.0,1.0,-42.0
1776885323.7261028,0.0,1.0,-44.0
1776885323.7361028,3.0,0.0,-47.0
1776885323.7461028,2.0,0.0,-50.0
1776885323.7561028,1.0,-1.0,-46.0
1776885323.7661028,3.0,0.0,-43.0
1776885323.7761028,6.0,0.0,-42.0
1776885323.7861028,3.0,-1.0,-43.0
1776885323.7961028,8.0,-3.0,-43.0
1776885323.8061028,4.0,-2.0,-43.0
1776885323.8161027,1.0,-4.0,-45.0
1776885323.8261027,2.0,-8.0,-48.0
1776885323.8361027,-1.0,-11.0,-47.0
1776885323.8461027,-2.0,-8.0,-44.0
1776885323.8561027,2.0,-6.0,-44.0
1776885323.8661027,0.0,-3.0,-46.0
1776885323.8761027,-3.0,0.0,-47.0
1776885323.886103,-2.0,3.0,-44.0
1776885323.896103,-5.0,4.0,-41.0
1776885323.906103,-1.0,3.0,-37.0
1776885323.9161026,2.0,6.0,-36.0
1776885323.9261026,3.0,4.0,-41.0
1776885323.9361026,1.0,0.0,-46.0
1776885323.9461029,0.0,-3.0,-37.0
1776885323.9561028,-2.0,-2.0,-32.0
1776885323.9661028,3.0,-2.0,-31.0
1776885323.9761028,3.0,3.0,-31.0
1776885323.9861028,3.0,3.0,-38.0
1776885323.9961028,1.0,2.0,-40.0
1776885324.0061028,1.0,2.0,-45.0
1776885324.0161028,0.0,5.0,-48.0
1776885324.0261028,0.0,5.0,-49.0
1776885324.0361028,-2.0,5.0,-50.0
1776885324.0461028,-5.0,3.0,-61.0
1776885324.0561028,-1.0,4.0,-58.0
1776885324.0661027,-6.0,3.0,-53.0
1776885324.0761027,-7.0,1.0,-52.0
1776885324.0861027,-6.0,-1.0,-53.0
1776885324.0961027,-3.0,0.0,-50.0
1776885324.1061027,-1.0,0.0,-48.0
1776885324.1161027,-2.0,-2.0,-52.0
1776885324.1261027,0.0,-1.0,-52.0
1776885324.136103,0.0,-2.0,-55.0
1776885324.146103,1.0,-3.0,-48.0
1776885324.156103,4.0,-3.0,-51.0
1776885324.1661026,0.0,-1.0,-53.0
1776885324.1761026,-3.0,2.0,-47.0
1776885324.1861026,-1.0,2.0,-45.0
1776885324.1961029,1.0,3.0,-44.0
1776885324.2061028,1.0,0.0,-45.0
1776885324.2161028,1.0,-1.0,-44.0
1776885324.2261028,-2.0,-1.0,-42.0
1776885324.2361028,-3.0,-2.0,-42.0
1776885324.2461028,0.0,-3.0,-40.0
1776885324.2561028,-3.0,-6.0,-47.0
1776885324.2661028,-2.0,-6.0,-40.0
1776885324.2771027,-2.0,0.0,-49.0
1776885324.2861028,0.0,-2.0,-48.0
1776885324.2971027,0.0,-3.0,-53.0
1776885324.307103,1.0,-5.0,-56.0
1776885324.317103,-1.0,-7.0,-56.0
1776885324.327103,-2.0,-8.0,-58.0
1776885324.337103,-2.0,-7.0,-60.0
1776885324.3471026,-3.0,-5.0,-54.0
1776885324.3571026,0.0,-4.0,-51.0
1776885324.3671026,2.0,-6.0,-47.0
1776885324.3771029,3.0,-2.0,-48.0
1776885324.3871028,-3.0,-2.0,-54.0
1776885324.3971028,-8.0,0.0,-47.0
1776885324.4071028,-8.0,-1.0,-48.0
1776885324.4171028,0.0,0.0,-45.0
1776885324.4271028,0.0,-1.0,-42.0
1776885324.4371028,0.0,-1.0,-41.0
1776885324.4471028,-4.0,1.0,-45.0
1776885324.4571028,-7.0,1.0,-44.0
1776885324.4671028,-1.0,3.0,-44.0
1776885324.4771028,0.0,-3.0,-43.0
1776885324.4871027,-1.0,-2.0,-42.0
1776885324.4971027,-4.0,0.0,-44.0
1776885324.5071027,1.0,2.0,-53.0
1776885324.5171027,0.0,-3.0,-51.0
1776885324.5271027,0.0,-3.0,-45.0
1776885324.5371027,0.0,0.0,-39.0
1776885324.5471027,2.0,0.0,-49.0
1776885324.557103,3.0,3.0,-47.0
1776885324.567103,5.0,2.0,-41.0
1776885324.577103,2.0,0.0,-35.0
1776885324.587103,3.0,-2.0,-36.0
1776885324.5971026,1.0,-2.0,-30.0
1776885324.6071026,-1.0,0.0,-35.0
1776885324.6171026,-1.0,-1.0,-37.0
1776885324.6271029,0.0,0.0,-33.0
1776885324.6371028,0.0,-4.0,-45.0
1776885324.6471028,-2.0,-2.0,-53.0
1776885324.6571028,0.0,-2.0,-48.0
1776885324.6671028,-2.0,-3.0,-45.0
1776885324.6771028,-1.0,-3.0,-44.0
1776885324.6871028,3.0,-3.0,-40.0
1776885324.6971028,2.0,-4.0,-42.0
1776885324.7071028,0.0,-7.0,-46.0
1776885324.7171028,4.0,-7.0,-49.0
1776885324.7271028,1.0,-6.0,-50.0
1776885324.7371027,-3.0,-9.0,-46.0
1776885324.7471027,-2.0,-10.0,-48.0
1776885324.7571027,-2.0,-6.0,-51.0
1776885324.7671027,-2.0,-9.0,-59.0
1776885324.7771027,-3.0,-7.0,-62.0
1776885324.7871027,0.0,-4.0,-57.0
1776885324.7971027,2.0,-5.0,-53.0
1776885324.807103,2.0,-3.0,-46.0
1776885324.817103,3.0,-3.0,-42.0
1776885324.827103,3.0,-2.0,-44.0
1776885324.837103,0.0,-1.0,-55.0
1776885324.8471026,-4.0,0.0,-59.0
1776885324.8571026,-5.0,0.0,-53.0
1776885324.8671026,-4.0,1.0,-49.0
1776885324.8771029,-1.0,7.0,-46.0
1776885324.8871028,-2.0,5.0,-48.0
1776885324.8971028,0.0,6.0,-40.0
1776885324.9071028,2.0,5.0,-37.0
1776885324.9171028,5.0,5.0,-40.0
1776885324.9271028,3.0,6.0,-42.0
1776885324.9371028,5.0,8.0,-33.0
1776885324.9471028,5.0,3.0,-34.0
1776885324.9571028,7.0,0.0,-34.0
1776885324.9681027,6.0,-2.0,-38.0
1776885324.9771028,4.0,-1.0,-41.0
1776885324.9871027,4.0,-5.0,-44.0
1776885324.9971027,0.0,-7.0,-43.0
1776885325.0071027,1.0,-6.0,-45.0
1776885325.0171027,2.0,-8.0,-48.0
1776885325.0271027,3.0,-8.0,-43.0
1776885325.0371027,2.0,-7.0,-43.0
1776885325.0471027,4.0,-10.0,-43.0
1776885325.057103,2.0,-8.0,-44.0
1776885325.067103,1.0,-4.0,-42.0
1776885325.077103,-1.0,-1.0,-47.0
1776885325.087103,-2.0,-1.0,-54.0
1776885325.0971026,1.0,-7.0,-52.0
1776885325.1071026,1.0,-5.0,-49.0
1776885325.1171026,1.0,-1.0,-45.0
1776885325.1271029,0.0,-2.0,-49.0
1776885325.1371028,-4.0,0.0,-45.0
1776885325.1471028,-6.0,0.0,-40.0
1776885325.1571028,-1.0,-1.0,-31.0
1776885325.1671028,1.0,-7.0,-36.0
1776885325.1771028,1.0,-8.0,-44.0
1776885325.1871028,4.0,-6.0,-51.0
1776885325.1971028,0.0,-6.0,-53.0
1776885325.2071028,1.0,-5.0,-47.0
1776885325.2171028,2.0,-3.0,-44.0
1776885325.2271028,4.0,-4.0,-39.0
1776885325.2371027,2.0,-5.0,-37.0
1776885325.2471027,1.0,-3.0,-32.0
1776885325.2571027,0.0,0.0,-41.0
1776885325.2671027,-2.0,1.0,-42.0
1776885325.2771027,2.0,-1.0,-43.0
1776885325.2871027,3.0,-3.0,-45.0
1776885325.2971027,3.0,-4.0,-48.0
1776885325.307103,0.0,-4.0,-49.0
1776885325.317103,-2.0,-2.0,-51.0
1776885325.327103,0.0,-4.0,-47.0
1776885325.337103,0.0,0.0,-50.0
1776885325.3471026,4.0,3.0,-51.0
1776885325.3571026,5.0,5.0,-51.0
1776885325.3671026,2.0,2.0,-46.0
1776885325.3771029,2.0,1.0,-47.0
1776885325.3871028,3.0,0.0,-52.0
1776885325.3971028,0.0,0.0,-54.0
1776885325.4071028,0.0,-3.0,-51.0
1776885325.4171028,-1.0,-4.0,-48.0
1776885325.4271028,1.0,-2.0,-50.0
1776885325.4371028,2.0,1.0,-47.0
1776885325.4471028,6.0,3.0,-48.0
1776885325.4571028,6.0,4.0,-44.0
1776885325.4671028,4.0,4.0,-39.0
1776885325.4771028,3.0,3.0,-35.0
1776885325.4871027,2.0,-2.0,-33.0
1776885325.4971027,2.0,-7.0,-32.0
1776885325.5071027,5.0,-3.0,-34.0
1776885325.5171027,6.0,-4.0,-41.0
1776885325.5271027,4.0,-2.0,-44.0
1776885325.5371027,4.0,1.0,-43.0
1776885325.5471027,5.0,-1.0,-44.0
1776885325.557103,8.0,-3.0,-40.0
1776885325.567103,5.0,-4.0,-39.0
1776885325.577103,5.0,0.0,-32.0
1776885325.587103,3.0,2.0,-34.0
1776885325.5971026,-1.0,2.0,-37.0
1776885325.6071026,-4.0,0.0,-46.0
1776885325.6171026,-1.0,1.0,-42.0
1776885325.6271029,3.0,0.0,-45.0
1776885325.6371028,4.0,-1.0,-44.0
1776885325.6471028,7.0,0.0,-39.0
1776885325.6571028,2.0,-4.0,-40.0
1776885325.6671028,0.0,-5.0,-45.0
1776885325.6771028,3.0,-5.0,-45.0
1776885325.6871028,5.0,1.0,-46.0
1776885325.6971028,6.0,0.0,-48.0
1776885325.7071028,5.0,-1.0,-48.0
1776885325.7171028,0.0,-1.0,-50.0
1776885325.7271028,3.0,-2.0,-53.0
1776885325.7371027,6.0,-2.0,-55.0
1776885325.7471027,12.0,-2.0,-50.0
1776885325.7571027,10.0,-7.0,-57.0
1776885325.7671027,6.0,-8.0,-55.0
1776885325.7771027,4.0,-3.0,-52.0
1776885325.7871027,1.0,-4.0,-58.0
1776885325.7971027,2.0,-1.0,-52.0
1776885325.807103,1.0,-5.0,-49.0
1776885325.817103,-1.0,-8.0,-59.0
1776885325.827103,0.0,-7.0,-58.0
1776885325.837103,0.0,-6.0,-48.0
1776885325.8471026,5.0,-2.0,-45.0
1776885325.8571026,0.0,0.0,-43.0
1776885325.8671026,3.0,0.0,-43.0
1776885325.8771029,2.0,-4.0,-40.0
1776885325.8871028,0.0,-6.0,-35.0
1776885325.8971028,3.0,-1.0,-33.0
1776885325.9071028,10.0,-6.0,-28.0
1776885325.9171028,9.0,-4.0,-30.0
1776885325.9271028,6.0,-7.0,-30.0
1776885325.9371028,7.0,-10.0,-36.0
1776885325.9471028,6.0,-10.0,-38.0
1776885325.9571028,7.0,-6.0,-36.0
1776885325.9671028,5.0,-2.0,-44.0
1776885325.9771028,6.0,1.0,-44.0
1776885325.9871027,5.0,1.0,-41.0
1776885325.9971027,7.0,0.0,-47.0
1776885326.0071027,0.0,0.0,-51.0
1776885326.0171027,0.0,0.0,-55.0
1776885326.0271027,0.0,-2.0,-53.0
1776885326.0371027,6.0,0.0,-51.0
1776885326.0471027,6.0,0.0,-50.0
1776885326.057103,3.0,1.0,-53.0
1776885326.067103,1.0,0.0,-54.0
1776885326.077103,0.0,0.0,-58.0
1776885326.087103,2.0,-2.0,-59.0
1776885326.0971026,2.0,-5.0,-59.0
1776885326.1071026,2.0,-4.0,-52.0
1776885326.1171026,4.0,-2.0,-43.0
1776885326.1271029,4.0,-2.0,-36.0
1776885326.1371028,5.0,-5.0,-45.0
1776885326.1471028,6.0,-6.0,-49.0
1776885326.1571028,4.0,-8.0,-51.0
1776885326.1671028,6.0,-6.0,-48.0
1776885326.1771028,5.0,-5.0,-41.0
1776885326.1871028,5.0,-3.0,-43.0
1776885326.1971028,4.0,-2.0,-41.0
1776885326.2071028,3.0,1.0,-41.0
1776885326.2171028,6.0,1.0,-44.0
1776885326.2281027,10.0,1.0,-40.0
1776885326.2371027,6.0,0.0,-39.0
1776885326.248103,0.0,0.0,-41.0
1776885326.258103,-1.0,-1.0,-36.0
1776885326.2681026,-3.0,1.0,-48.0
1776885326.2781026,-4.0,3.0,-40.0
1776885326.2881026,-4.0,3.0,-32.0
1776885326.2981029,-4.0,-2.0,-32.0
1776885326.3081028,-3.0,-4.0,-41.0
1776885326.3181028,0.0,-4.0,-42.0
1776885326.3281028,1.0,0.0,-43.0
1776885326.3381028,5.0,0.0,-40.0
1776885326.3481028,6.0,0.0,-39.0
1776885326.3581028,10.0,2.0,-40.0
1776885326.3681028,11.0,1.0,-38.0
1776885326.3781028,9.0,0.0,-40.0
1776885326.3881028,5.0,-2.0,-50.0
1776885326.3981028,3.0,-3.0,-49.0
1776885326.4081028,8.0,-2.0,-43.0
1776885326.4181027,5.0,-1.0,-39.0
1776885326.4281027,1.0,-2.0,-39.0
1776885326.4381027,1.0,-8.0,-50.0
1776885326.4481027,0.0,-7.0,-47.0
1776885326.4581027,-1.0,-6.0,-48.0
1776885326.4681027,-6.0,-6.0,-39.0
1776885326.4781027,-8.0,1.0,-37.0
1776885326.488103,-7.0,0.0,-41.0
1776885326.498103,-1.0,-1.0,-45.0
1776885326.508103,0.0,-1.0,-47.0
1776885326.5181026,2.0,0.0,-47.0
1776885326.5281026,0.0,-5.0,-44.0
1776885326.5381026,1.0,0.0,-44.0
1776885326.5481029,0.0,-1.0,-38.0
1776885326.5581028,-2.0,-4.0,-41.0
1776885326.5681028,0.0,-5.0,-46.0
1776885326.5781028,3.0,-6.0,-46.0
1776885326.5881028,2.0,-8.0,-49.0
1776885326.5981028,1.0,-9.0,-44.0
1776885326.6081028,-3.0,-8.0,-38.0
1776885326.6181028,-2.0,-8.0,-39.0
1776885326.6281028,3.0,-7.0,-44.0
1776885326.6381028,5.0,-6.0,-43.0
1776885326.6481028,1.0,-6.0,-45.0
1776885326.6581028,2.0,-5.0,-46.0
1776885326.6681027,2.0,-3.0,-41.0
1776885326.6781027,3.0,1.0,-45.0
1776885326.6881027,1.0,0.0,-44.0
1776885326.6981027,0.0,-3.0,-42.0
1776885326.7081027,0.0,-1.0,-38.0
1776885326.7181027,-1.0,0.0,-34.0
1776885326.7281027,-3.0,-2.0,-32.0
1776885326.738103,-6.0,-6.0,-34.0
1776885326.748103,-5.0,-8.0,-39.0
1776885326.758103,-6.0,-5.0,-40.0
1776885326.7681026,-2.0,-6.0,-38.0
1776885326.7781026,-4.0,-2.0,-42.0
1776885326.7881026,0.0,1.0,-40.0
1776885326.7981029,-2.0,3.0,-38.0
1776885326.8081028,-5.0,0.0,-42.0
1776885326.8181028,-5.0,3.0,-50.0
1776885326.8291028,-6.0,4.0,-48.0
1776885326.8381028,-4.0,4.0,-48.0
1776885326.8481028,-3.0,0.0,-41.0
1776885326.8581028,1.0,0.0,-40.0
1776885326.8681028,3.0,0.0,-45.0
1776885326.8781028,5.0,-1.0,-39.0
1776885326.8881028,3.0,0.0,-33.0
1776885326.8981028,1.0,2.0,-28.0
1776885326.9081028,-1.0,-3.0,-29.0
1776885326.9181027,0.0,-8.0,-28.0
1776885326.9281027,2.0,-6.0,-30.0
1776885326.9381027,8.0,-4.0,-31.0
1776885326.9481027,8.0,-5.0,-36.0
1776885326.9581027,8.0,-6.0,-43.0
1776885326.9681027,8.0,-2.0,-45.0
1776885326.9781027,12.0,-3.0,-36.0
1776885326.988103,10.0,-4.0,-43.0
1776885326.998103,10.0,-2.0,-44.0
1776885327.008103,10.0,-4.0,-44.0
1776885327.0181026,14.0,-3.0,-37.0
1776885327.0281026,11.0,-4.0,-35.0
1776885327.0381026,3.0,-7.0,-31.0
1776885327.0481029,0.0,-7.0,-36.0
1776885327.0581028,4.0,-6.0,-40.0
1776885327.0681028,7.0,-5.0,-35.0
1776885327.0781028,3.0,-2.0,-41.0
1776885327.0881028,0.0,-3.0,-46.0
1776885327.0981028,-2.0,-1.0,-49.0
1776885327.1081028,-4.0,-4.0,-49.0
1776885327.1181028,0.0,-5.0,-51.0
1776885327.1281028,1.0,-7.0,-46.0
1776885327.1381028,0.0,-8.0,-48.0
1776885327.1481028,1.0,-4.0,-49.0
1776885327.1581028,4.0,-6.0,-53.0
1776885327.1681027,4.0,-5.0,-53.0
1776885327.1781027,1.0,-8.0,-49.0
1776885327.1881027,4.0,-8.0,-51.0
1776885327.1981027,6.0,-3.0,-56.0
1776885327.2081027,6.0,-1.0,-56.0
1776885327.2181027,8.0,0.0,-51.0
1776885327.2281027,5.0,5.0,-46.0
1776885327.238103,8.0,6.0,-44.0
1776885327.248103,7.0,3.0,-42.0
1776885327.258103,4.0,-1.0,-44.0
1776885327.2681026,6.0,-4.0,-46.0
1776885327.2781026,9.0,-4.0,-45.0
1776885327.2881026,11.0,-6.0,-49.0
1776885327.2981029,5.0,-3.0,-43.0
1776885327.3081028,0.0,0.0,-43.0
1776885327.3181028,-1.0,-2.0,-47.0
1776885327.3281028,0.0,-4.0,-46.0
1776885327.3381028,-2.0,-4.0,-44.0
1776885327.3481028,0.0,-3.0,-41.0
1776885327.3581028,1.0,-3.0,-38.0
1776885327.3681028,4.0,-7.0,-37.0
1776885327.3781028,-1.0,-9.0,-32.0
1776885327.3881028,2.0,-8.0,-34.0
1776885327.3981028,-2.0,-4.0,-40.0
1776885327.4081028,0.0,-5.0,-46.0
1776885327.4181027,0.0,-5.0,-53.0
1776885327.4281027,0.0,-2.0,-54.0
1776885327.4381027,-2.0,-2.0,-51.0
1776885327.4481027,1.0,-2.0,-54.0
1776885327.4581027,0.0,-4.0,-55.0
1776885327.4681027,-1.0,-4.0,-50.0
1776885327.4781027,0.0,0.0,-49.0
1776885327.488103,3.0,0.0,-57.0
1776885327.498103,2.0,0.0,-55.0
1776885327.508103,1.0,0.0,-53.0
1776885327.5181026,2.0,0.0,-53.0
1776885327.5281026,1.0,-4.0,-54.0
1776885327.5381026,4.0,-3.0,-49.0
1776885327.5481029,4.0,-5.0,-51.0
1776885327.5581028,2.0,-6.0,-54.0
1776885327.5681028,0.0,-5.0,-58.0
1776885327.5781028,2.0,-7.0,-59.0
1776885327.5881028,2.0,-8.0,-54.0
1776885327.5981028,4.0,-7.0,-54.0
1776885327.6081028,5.0,-5.0,-48.0
1776885327.6181028,3.0,-2.0,-51.0
1776885327.6281028,6.0,-6.0,-49.0
1776885327.6381028,7.0,-4.0,-56.0
1776885327.6481028,5.0,0.0,-54.0
1776885327.6581028,5.0,-1.0,-52.0
1776885327.6681027,7.0,-2.0,-51.0
1776885327.6781027,7.0,-4.0,-49.0
1776885327.6881027,3.0,-8.0,-46.0
1776885327.6981027,2.0,-6.0,-50.0
1776885327.7081027,0.0,-8.0,-52.0
1776885327.7181027,1.0,-4.0,-49.0
1776885327.7281027,-1.0,-2.0,-49.0
1776885327.738103,-1.0,-1.0,-53.0
1776885327.748103,-1.0,0.0,-53.0
1776885327.758103,1.0,3.0,-51.0
1776885327.7681026,1.0,3.0,-49.0
1776885327.7781026,1.0,3.0,-50.0
1776885327.7881026,6.0,1.0,-46.0
1776885327.7981029,5.0,-4.0,-57.0
1776885327.8081028,0.0,-2.0,-56.0
1776885327.8181028,0.0,-2.0,-57.0
1776885327.8281028,2.0,-1.0,-58.0
1776885327.8381028,5.0,0.0,-58.0
1776885327.8481028,2.0,3.0,-55.0
1776885327.8581028,0.0,4.0,-47.0
1776885327.8681028,0.0,2.0,-44.0
1776885327.8781028,0.0,2.0,-47.0
1776885327.8881028,0.0,1.0,-55.0
1776885327.8981028,2.0,1.0,-52.0
1776885327.9081028,-4.0,4.0,-47.0
1776885327.9181027,-5.0,3.0,-44.0
1776885327.9281027,-6.0,1.0,-45.0
1776885327.9381027,-4.0,2.0,-41.0
1776885327.9481027,-11.0,0.0,-38.0
1776885327.9581027,-10.0,0.0,-37.0
1776885327.9681027,-9.0,-2.0,-38.0
1776885327.9781027,-8.0,-5.0,-39.0
1776885327.988103,-5.0,-3.0,-49.0
1776885327.998103,-1.0,-5.0,-48.0
1776885328.008103,-2.0,-4.0,-46.0
1776885328.0181026,0.0,-9.0,-48.0
1776885328.0281026,-2.0,-8.0,-44.0
1776885328.0381026,-4.0,-4.0,-41.0
1776885328.0481029,-3.0,-2.0,-40.0
1776885328.0581028,-1.0,-5.0,-42.0
1776885328.0681028,-1.0,-5.0,-49.0
1776885328.0781028,-3.0,-8.0,-47.0
1776885328.0881028,-4.0,-9.0,-46.0
1776885328.0981028,-2.0,-6.0,-49.0
1776885328.1081028,-7.0,-2.0,-44.0
1776885328.1181028,-9.0,-8.0,-45.0
1776885328.1281028,-6.0,-11.0,-44.0
1776885328.1381028,0.0,-13.0,-49.0
1776885328.1481028,-1.0,-12.0,-43.0
1776885328.1581028,0.0,-9.0,-41.0
1776885328.1681027,-1.0,-8.0,-41.0
1776885328.1781027,-4.0,-4.0,-45.0
1776885328.1881027,0.0,-5.0,-47.0
1776885328.1981027,-3.0,-5.0,-46.0
1776885328.2081027,-4.0,-4.0,-38.0
1776885328.2181027,-1.0,-4.0,-38.0
1776885328.2291028,1.0,-7.0,-39.0
1776885328.238103,2.0,-3.0,-41.0
1776885328.2491028,3.0,0.0,-40.0
1776885328.2591028,13.0,1.0,-37.0
1776885328.2691028,13.0,0.0,-43.0
1776885328.2791028,8.0,-2.0,-49.0
1776885328.2891028,11.0,-3.0,-47.0
1776885328.2991028,14.0,-5.0,-42.0
1776885328.3091028,12.0,-4.0,-43.0
1776885328.3191028,10.0,-2.0,-40.0
1776885328.3291028,5.0,-7.0,-44.0
1776885328.3391027,6.0,-9.0,-45.0
1776885328.3491027,6.0,-8.0,-42.0
1776885328.3591027,4.0,-6.0,-40.0
1776885328.3691027,4.0,-6.0,-40.0
1776885328.3791027,1.0,0.0,-44.0
1776885328.3891027,-1.0,-5.0,-50.0
1776885328.3991027,0.0,-8.0,-46.0
1776885328.409103,-1.0,-7.0,-48.0
1776885328.419103,-2.0,-2.0,-44.0
1776885328.429103,0.0,-3.0,-46.0
1776885328.4391026,6.0,-3.0,-42.0
1776885328.4491026,3.0,-6.0,-46.0
1776885328.4591026,3.0,-1.0,-39.0
1776885328.4691026,6.0,-1.0,-32.0
1776885328.4791028,2.0,-4.0,-37.0
1776885328.4891028,0.0,-5.0,-45.0
1776885328.4991028,0.0,-3.0,-38.0
1776885328.5091028,0.0,1.0,-32.0
1776885328.5191028,-1.0,-1.0,-37.0
1776885328.5291028,-4.0,-6.0,-39.0
1776885328.5391028,-7.0,-2.0,-41.0
1776885328.5491028,-2.0,0.0,-29.0
1776885328.5591028,0.0,3.0,-30.0
1776885328.5691028,-4.0,1.0,-30.0
1776885328.5791028,-5.0,0.0,-33.0
1776885328.5891027,-1.0,0.0,-35.0
1776885328.5991027,0.0,-1.0,-34.0
1776885328.6091027,1.0,0.0,-37.0
1776885328.6191027,2.0,0.0,-40.0
1776885328.6291027,0.0,1.0,-38.0
1776885328.6391027,3.0,3.0,-38.0
1776885328.6491027,0.0,4.0,-44.0
1776885328.659103,1.0,10.0,-55.0
1776885328.669103,1.0,9.0,-54.0
1776885328.679103,2.0,6.0,-47.0
1776885328.6891026,1.0,4.0,-41.0
1776885328.6991026,-1.0,3.0,-38.0
1776885328.7091026,-2.0,0.0,-46.0
1776885328.7191026,0.0,0.0,-44.0
1776885328.7291028,0.0,0.0,-45.0
1776885328.7391028,-1.0,-4.0,-46.0
1776885328.7491028,1.0,-5.0,-42.0
1776885328.7591028,1.0,-5.0,-44.0
1776885328.7691028,2.0,-1.0,-46.0
1776885328.7791028,4.0,-4.0,-53.0
1776885328.7891028,2.0,-3.0,-53.0
1776885328.7991028,1.0,-3.0,-52.0
1776885328.8091028,3.0,-2.0,-55.0
1776885328.8191028,0.0,-2.0,-50.0
1776885328.8291028,-2.0,-3.0,-47.0
1776885328.8391027,-5.0,-5.0,-44.0
1776885328.8491027,-1.0,-3.0,-46.0
1776885328.8591027,0.0,-4.0,-46.0
1776885328.8691027,3.0,-6.0,-46.0
1776885328.8791027,2.0,-4.0,-55.0
1776885328.8891027,0.0,-4.0,-56.0
1776885328.8991027,-2.0,-3.0,-56.0
1776885328.909103,-3.0,-4.0,-57.0
1776885328.919103,-5.0,-6.0,-55.0
1776885328.929103,-2.0,-6.0,-48.0
1776885328.9391026,0.0,1.0,-42.0
1776885328.9491026,2.0,4.0,-39.0
1776885328.9591026,-1.0,0.0,-37.0
1776885328.9691026,0.0,-3.0,-39.0
1776885328.9791028,1.0,-2.0,-42.0
1776885328.9891028,3.0,-2.0,-43.0
1776885328.9991028,5.0,-2.0,-37.0
1776885329.0091028,2.0,-4.0,-38.0
1776885329.0191028,-1.0,-4.0,-38.0
1776885329.0291028,-5.0,-6.0,-32.0
1776885329.0391028,-5.0,-4.0,-33.0
1776885329.0491028,-7.0,-2.0,-31.0
1776885329.0591028,-7.0,-4.0,-28.0
1776885329.0691028,-2.0,-7.0,-37.0
1776885329.0791028,-7.0,-5.0,-40.0
1776885329.0891027,-1.0,-5.0,-49.0
1776885329.0991027,-1.0,-5.0,-51.0
1776885329.1091027,-3.0,-7.0,-45.0
1776885329.1191027,-4.0,-1.0,-48.0
1776885329.1291027,-2.0,0.0,-47.0
1776885329.1391027,-1.0,-4.0,-45.0
1776885329.1491027,-3.0,-4.0,-42.0
1776885329.159103,-6.0,-1.0,-43.0
1776885329.169103,-5.0,0.0,-45.0
1776885329.179103,-5.0,5.0,-45.0
1776885329.1891026,-1.0,0.0,-41.0
1776885329.1991026,-2.0,0.0,-43.0
1776885329.2091026,0.0,-1.0,-45.0
1776885329.2191026,0.0,0.0,-46.0
1776885329.2291028,1.0,1.0,-51.0
1776885329.2391028,2.0,2.0,-52.0
1776885329.2491028,2.0,0.0,-51.0
1776885329.2591028,3.0,-1.0,-48.0
1776885329.2691028,0.0,-4.0,-47.0
1776885329.2791028,-2.0,-8.0,-54.0
1776885329.2891028,2.0,-7.0,-49.0
1776885329.2991028,4.0,-9.0,-46.0
1776885329.3091028,2.0,-11.0,-48.0
1776885329.3191028,1.0,-11.0,-38.0
1776885329.3291028,4.0,-10.0,-37.0
1776885329.3391027,5.0,-10.0,-38.0
1776885329.3491027,8.0,-5.0,-48.0
1776885329.3591027,4.0,-2.0,-46.0
1776885329.3691027,5.0,-2.0,-47.0
1776885329.3791027,6.0,-4.0,-42.0
1776885329.3891027,2.0,-3.0,-42.0
1776885329.3991027,5.0,-3.0,-41.0
1776885329.409103,5.0,-4.0,-47.0
1776885329.419103,6.0,-9.0,-48.0
1776885329.429103,1.0,-7.0,-40.0
1776885329.4391026,0.0,-4.0,-42.0
1776885329.4491026,4.0,-7.0,-49.0
1776885329.4591026,5.0,-6.0,-51.0
1776885329.4691026,4.0,1.0,-45.0
1776885329.4791028,2.0,0.0,-45.0
1776885329.4891028,3.0,1.0,-50.0
1776885329.4991028,0.0,2.0,-49.0
1776885329.5091028,-1.0,4.0,-52.0
1776885329.5191028,1.0,0.0,-47.0
1776885329.5291028,-2.0,-3.0,-45.0
1776885329.5391028,-8.0,-1.0,-50.0
1776885329.5491028,-12.0,-2.0,-47.0
1776885329.5591028,-10.0,0.0,-42.0
1776885329.5691028,-4.0,1.0,-39.0
1776885329.5791028,0.0,1.0,-38.0
1776885329.5891027,-1.0,-2.0,-48.0
1776885329.5991027,0.0,-3.0,-46.0
1776885329.6091027,-3.0,0.0,-47.0
1776885329.6191027,-4.0,0.0,-47.0
1776885329.6291027,-7.0,-1.0,-40.0
1776885329.6391027,-2.0,-1.0,-39.0
1776885329.6491027,-4.0,0.0,-40.0
1776885329.659103,0.0,0.0,-39.0
1776885329.669103,0.0,-1.0,-42.0
1776885329.679103,-4.0,0.0,-34.0
1776885329.6891026,0.0,3.0,-34.0
1776885329.6991026,-3.0,2.0,-36.0
1776885329.7091026,-6.0,1.0,-41.0
1776885329.7191026,-5.0,-2.0,-38.0
1776885329.7291028,-6.0,3.0,-36.0
1776885329.7391028,-4.0,4.0,-43.0
1776885329.7491028,-6.0,4.0,-47.0
1776885329.7591028,-4.0,1.0,-53.0
1776885329.7691028,0.0,0.0,-48.0
1776885329.7791028,3.0,0.0,-40.0
1776885329.7891028,4.0,-3.0,-40.0
1776885329.7991028,0.0,-5.0,-42.0
1776885329.8091028,0.0,-6.0,-45.0
1776885329.8191028,0.0,-5.0,-45.0
1776885329.8291028,3.0,-5.0,-44.0
1776885329.8391027,4.0,-1.0,-41.0
1776885329.8491027,1.0,-2.0,-44.0
1776885329.8591027,-5.0,-1.0,-44.0
1776885329.8691027,0.0,-1.0,-45.0
1776885329.8791027,-1.0,3.0,-43.0
1776885329.8891027,-3.0,3.0,-38.0
1776885329.8991027,2.0,4.0,-42.0
1776885329.909103,3.0,1.0,-37.0
1776885329.919103,5.0,1.0,-40.0
1776885329.929103,3.0,0.0,-47.0
1776885329.9391026,4.0,0.0,-44.0
1776885329.9491026,4.0,0.0,-48.0
1776885329.9591026,0.0,-2.0,-49.0
1776885329.9691026,0.0,-3.0,-49.0
1776885329.9791028,1.0,-2.0,-46.0
1776885329.9891028,3.0,-5.0,-53.0
1776885329.9991028,8.0,-5.0,-47.0
1776885330.0091028,9.0,-5.0,-41.0
1776885330.0191028,5.0,-1.0,-43.0
1776885330.0291028,6.0,-3.0,-44.0
1776885330.0391028,5.0,-2.0,-44.0
1776885330.0491028,5.0,-1.0,-46.0
1776885330.0591028,6.0,-2.0,-42.0
1776885330.0691028,7.0,1.0,-45.0
1776885330.0791028,4.0,1.0,-46.0
1776885330.0891027,-1.0,1.0,-51.0
1776885330.0991027,-2.0,-1.0,-52.0
1776885330.1091027,-4.0,-4.0,-52.0
1776885330.1191027,-6.0,-7.0,-50.0
1776885330.1291027,-6.0,-4.0,-49.0
1776885330.1391027,-8.0,-1.0,-44.0
1776885330.1491027,-4.0,-3.0,-48.0
1776885330.159103,0.0,-2.0,-47.0
1776885330.169103,1.0,-4.0,-50.0
1776885330.179103,2.0,-6.0,-47.0
1776885330.1901028,0.0,-8.0,-48.0
1776885330.1991026,1.0,-4.0,-48.0
1776885330.2091026,2.0,0.0,-52.0
1776885330.2191026,0.0,0.0,-49.0
1776885330.2301028,0.0,-1.0,-48.0
1776885330.2401028,-5.0,-1.0,-48.0
1776885330.2501028,-4.0,0.0,-47.0
1776885330.2601027,0.0,-1.0,-51.0
1776885330.2691028,-2.0,0.0,-51.0
1776885330.2801027,-2.0,0.0,-47.0
1776885330.2901027,-5.0,3.0,-44.0
1776885330.3001027,-6.0,0.0,-41.0
1776885330.3101027,1.0,0.0,-41.0
1776885330.3201027,3.0,-2.0,-36.0
1776885330.3301027,4.0,-5.0,-38.0
1776885330.340103,4.0,-4.0,-37.0
1776885330.350103,0.0,-2.0,-32.0
1776885330.360103,-1.0,-3.0,-36.0
1776885330.3701026,3.0,-1.0,-34.0
1776885330.3801026,0.0,0.0,-36.0
1776885330.3901026,4.0,0.0,-44.0
1776885330.4001029,3.0,-2.0,-42.0
1776885330.4101028,5.0,-5.0,-37.0
1776885330.4201028,8.0,-6.0,-40.0
1776885330.4301028,7.0,-6.0,-40.0
1776885330.4401028,2.0,-6.0,-47.0
1776885330.4501028,-2.0,-1.0,-46.0
1776885330.4601028,-2.0,0.0,-43.0
1776885330.4701028,0.0,0.0,-51.0
1776885330.4801028,-3.0,0.0,-48.0
1776885330.4901028,-3.0,-4.0,-46.0
1776885330.5001028,-1.0,-5.0,-44.0
1776885330.5101027,-1.0,-3.0,-44.0
1776885330.5201027,0.0,-1.0,-40.0
1776885330.5301027,2.0,0.0,-41.0
1776885330.5401027,2.0,-1.0,-47.0
1776885330.5501027,5.0,1.0,-47.0
1776885330.5601027,5.0,0.0,-47.0
1776885330.5701027,2.0,-2.0,-45.0
1776885330.5801027,6.0,-1.0,-43.0
1776885330.590103,2.0,-6.0,-48.0
1776885330.600103,2.0,-5.0,-43.0
1776885330.610103,0.0,-7.0,-51.0
1776885330.6201026,4.0,-9.0,-47.0
1776885330.6301026,4.0,-12.0,-52.0
1776885330.6401026,6.0,-8.0,-55.0
1776885330.6501029,1.0,-9.0,-62.0
1776885330.6601028,-2.0,-9.0,-59.0
1776885330.6701028,0.0,-4.0,-51.0
1776885330.6801028,3.0,-1.0,-46.0
1776885330.6901028,3.0,-1.0,-42.0
1776885330.7001028,6.0,0.0,-43.0
1776885330.7101028,5.0,3.0,-46.0
1776885330.7201028,7.0,3.0,-41.0
1776885330.7301028,2.0,4.0,-41.0
1776885330.7401028,9.0,2.0,-41.0
1776885330.7501028,11.0,0.0,-47.0
1776885330.7601027,6.0,0.0,-42.0
1776885330.7701027,4.0,0.0,-38.0
1776885330.7801027,-1.0,0.0,-35.0
1776885330.7901027,-3.0,0.0,-35.0
1776885330.8001027,-4.0,1.0,-34.0
1776885330.8101027,-4.0,2.0,-33.0
1776885330.8201027,-3.0,7.0,-32.0
1776885330.8301027,0.0,5.0,-31.0
1776885330.840103,2.0,0.0,-37.0
1776885330.850103,2.0,0.0,-42.0
1776885330.860103,5.0,2.0,-42.0
1776885330.8701026,2.0,4.0,-42.0
1776885330.8801026,2.0,4.0,-46.0
1776885330.8901026,0.0,5.0,-50.0
1776885330.9001029,0.0,0.0,-50.0
1776885330.9101028,2.0,-6.0,-42.0
1776885330.9201028,0.0,-5.0,-40.0
1776885330.9301028,0.0,-7.0,-38.0
1776885330.9401028,3.0,-6.0,-36.0
1776885330.9501028,2.0,-8.0,-37.0
1776885330.9601028,3.0,-8.0,-40.0
1776885330.9701028,4.0,-5.0,-37.0
1776885330.9801028,6.0,-2.0,-40.0
1776885330.9901028,1.0,-4.0,-36.0
1776885331.0001028,3.0,-3.0,-34.0
1776885331.0101027,2.0,-3.0,-31.0
1776885331.0201027,-3.0,-6.0,-26.0
1776885331.0301027,-8.0,-3.0,-26.0
1776885331.0401027,-7.0,0.0,-28.0
1776885331.0501027,-3.0,-1.0,-32.0
1776885331.0601027,-4.0,-1.0,-28.0
1776885331.0701027,4.0,-7.0,-34.0
1776885331.0801027,6.0,-8.0,-38.0
1776885331.090103,8.0,-4.0,-33.0
1776885331.100103,1.0,-7.0,-33.0
1776885331.110103,1.0,-2.0,-42.0
1776885331.1201026,0.0,1.0,-45.0
1776885331.1301026,1.0,1.0,-40.0
1776885331.1401026,3.0,1.0,-43.0
1776885331.1501029,6.0,6.0,-41.0
1776885331.1601028,5.0,5.0,-47.0
1776885331.1701028,5.0,2.0,-47.0
1776885331.1801028,5.0,1.0,-48.0
1776885331.1901028,4.0,0.0,-42.0
1776885331.2001028,5.0,0.0,-45.0
1776885331.2101028,4.0,-2.0,-41.0
1776885331.2201028,3.0,-5.0,-40.0
1776885331.2301028,3.0,-4.0,-36.0
1776885331.2401028,2.0,-4.0,-40.0
1776885331.2501028,2.0,-3.0,-46.0
1776885331.2601027,2.0,-5.0,-40.0
1776885331.2701027,2.0,-3.0,-43.0
1776885331.2801027,0.0,0.0,-49.0
1776885331.2901027,-2.0,0.0,-47.0
1776885331.3001027,-1.0,1.0,-52.0
1776885331.3101027,-1.0,0.0,-53.0
1776885331.3201027,0.0,0.0,-54.0
1776885331.3301027,-4.0,3.0,-51.0
1776885331.340103,0.0,4.0,-49.0
1776885331.350103,1.0,1.0,-47.0
1776885331.360103,4.0,-2.0,-46.0
1776885331.3701026,0.0,-7.0,-50.0
1776885331.3801026,0.0,-8.0,-44.0
1776885331.3901026,2.0,-10.0,-51.0
1776885331.4001029,3.0,-9.0,-43.0
1776885331.4101028,0.0,-6.0,-37.0
1776885331.4201028,1.0,-7.0,-41.0
1776885331.4301028,5.0,-4.0,-39.0
1776885331.4401028,7.0,-8.0,-36.0
1776885331.4501028,6.0,-2.0,-35.0
1776885331.4601028,4.0,0.0,-36.0
1776885331.4701028,1.0,0.0,-33.0
1776885331.4801028,3.0,0.0,-32.0
1776885331.4901028,3.0,-4.0,-27.0
1776885331.5001028,3.0,-6.0,-32.0
1776885331.5101027,3.0,-4.0,-35.0
1776885331.5201027,3.0,-6.0,-36.0
1776885331.5301027,7.0,-6.0,-39.0
1776885331.5401027,11.0,-8.0,-44.0
1776885331.5501027,9.0,-7.0,-48.0
1776885331.5601027,7.0,-11.0,-46.0
1776885331.5701027,7.0,-7.0,-50.0
1776885331.5801027,12.0,-7.0,-47.0
1776885331.590103,10.0,-7.0,-40.0
1776885331.600103,4.0,-9.0,-46.0
1776885331.610103,6.0,-11.0,-50.0
1776885331.6201026,8.0,-7.0,-52.0
1776885331.6301026,1.0,-4.0,-48.0
1776885331.6401026,0.0,-3.0,-49.0
1776885331.6501029,0.0,1.0,-52.0
1776885331.6601028,2.0,3.0,-45.0
1776885331.6701028,1.0,1.0,-48.0
1776885331.6801028,2.0,0.0,-46.0
1776885331.6901028,-4.0,-3.0,-46.0
1776885331.7001028,-5.0,-1.0,-43.0
1776885331.7101028,-4.0,-4.0,-36.0
1776885331.7201028,-2.0,-4.0,-37.0
1776885331.7301028,3.0,-7.0,-40.0
1776885331.7401028,1.0,-6.0,-38.0
1776885331.7501028,1.0,-7.0,-38.0
1776885331.7601027,0.0,-7.0,-41.0
1776885331.7701027,0.0,-6.0,-35.0
1776885331.7801027,0.0,-6.0,-34.0
1776885331.7901027,-2.0,-3.0,-32.0
1776885331.8001027,-4.0,-2.0,-35.0
1776885331.8101027,-3.0,-4.0,-37.0
1776885331.8201027,-1.0,-5.0,-39.0
1776885331.8301027,-2.0,-6.0,-39.0
1776885331.840103,-2.0,-4.0,-35.0
1776885331.850103,-6.0,-4.0,-31.0
1776885331.860103,-9.0,-4.0,-33.0
1776885331.8701026,-5.0,-4.0,-29.0
1776885331.8801026,-4.0,-6.0,-26.0
1776885331.8901026,-3.0,-3.0,-35.0
1776885331.9001029,2.0,-1.0,-42.0
1776885331.9101028,-1.0,-3.0,-47.0
1776885331.9201028,-3.0,0.0,-49.0
1776885331.9301028,-1.0,1.0,-50.0
1776885331.9401028,0.0,1.0,-53.0
1776885331.9501028,0.0,0.0,-46.0
1776885331.9601028,0.0,-4.0,-49.0
1776885331.9701028,-2.0,-3.0,-54.0
1776885331.9801028,-6.0,-4.0,-46.0
1776885331.9901028,-8.0,-2.0,-45.0
1776885332.0001028,-6.0,-1.0,-47.0
1776885332.0101027,-6.0,-3.0,-47.0
1776885332.0201027,-3.0,-3.0,-50.0
1776885332.0301027,3.0,-2.0,-44.0
1776885332.0401027,0.0,-5.0,-42.0
1776885332.0501027,4.0,-9.0,-41.0
1776885332.0601027,0.0,-10.0,-40.0
1776885332.0701027,0.0,-9.0,-40.0
1776885332.0801027,-1.0,-7.0,-42.0
1776885332.090103,0.0,-6.0,-37.0
1776885332.100103,0.0,-8.0,-38.0
1776885332.110103,3.0,-8.0,-45.0
1776885332.1201026,0.0,-7.0,-51.0
1776885332.1301026,0.0,-5.0,-52.0
1776885332.1401026,3.0,-6.0,-51.0
1776885332.1501029,7.0,-5.0,-53.0
1776885332.1601028,10.0,-6.0,-51.0
1776885332.1701028,12.0,-6.0,-50.0
1776885332.1801028,8.0,-6.0,-44.0
1776885332.1911027,5.0,-7.0,-37.0
1776885332.2001028,2.0,-5.0,-40.0
1776885332.2111027,1.0,-8.0,-46.0
1776885332.2201028,2.0,-13.0,-47.0
1776885332.2311027,-3.0,-10.0,-46.0
1776885332.2411027,-3.0,-9.0,-47.0
1776885332.2511027,0.0,-4.0,-48.0
1776885332.261103,2.0,-4.0,-42.0
1776885332.271103,6.0,0.0,-49.0
1776885332.281103,1.0,0.0,-43.0
1776885332.2911026,-1.0,2.0,-37.0
1776885332.3011026,-2.0,0.0,-37.0
1776885332.3111026,0.0,-4.0,-35.0
1776885332.3211029,0.0,-8.0,-36.0
1776885332.3311028,-4.0,-6.0,-40.0
1776885332.3411028,-7.0,-4.0,-35.0
1776885332.3511028,-6.0,0.0,-35.0
1776885332.3611028,-2.0,1.0,-36.0
1776885332.3711028,0.0,3.0,-33.0
1776885332.3811028,2.0,2.0,-26.0
1776885332.3911028,1.0,0.0,-31.0
1776885332.4011028,0.0,-3.0,-33.0
1776885332.4111028,2.0,2.0,-41.0
1776885332.4211028,7.0,1.0,-41.0
1776885332.4311028,9.0,-1.0,-41.0
1776885332.4411027,10.0,0.0,-45.0
1776885332.4511027,8.0,0.0,-46.0
1776885332.4611027,3.0,-1.0,-45.0
1776885332.4711027,3.0,0.0,-49.0
1776885332.4811027,3.0,1.0,-45.0
1776885332.4911027,1.0,5.0,-50.0
1776885332.5011027,4.0,8.0,-47.0
1776885332.511103,6.0,5.0,-41.0
1776885332.521103,2.0,0.0,-43.0
1776885332.531103,3.0,-6.0,-40.0
1776885332.5411026,3.0,-8.0,-40.0
1776885332.5511026,0.0,-6.0,-41.0
1776885332.5611026,2.0,-6.0,-49.0
1776885332.5711029,3.0,-2.0,-48.0
1776885332.5811028,9.0,-5.0,-50.0
1776885332.5911028,4.0,-1.0,-51.0
1776885332.6011028,4.0,-3.0,-52.0
1776885332.6111028,0.0,-5.0,-47.0
1776885332.6211028,-1.0,-7.0,-45.0
1776885332.6311028,-4.0,-7.0,-46.0
1776885332.6411028,-6.0,-8.0,-36.0
1776885332.6511028,0.0,-4.0,-39.0
1776885332.6611028,0.0,-4.0,-46.0
1776885332.6711028,0.0,-2.0,-47.0
1776885332.6811028,3.0,-1.0,-45.0
1776885332.6911027,-1.0,-3.0,-45.0
1776885332.7011027,-1.0,-4.0,-50.0
1776885332.7111027,-2.0,-5.0,-54.0
1776885332.7211027,0.0,-5.0,-57.0
1776885332.7311027,0.0,-3.0,-56.0
1776885332.7411027,0.0,-2.0,-52.0
1776885332.7511027,3.0,-1.0,-40.0
1776885332.761103,3.0,-1.0,-36.0
1776885332.771103,-1.0,-1.0,-36.0
1776885332.781103,-1.0,0.0,-47.0
1776885332.7911026,-1.0,5.0,-51.0
1776885332.8011026,2.0,1.0,-52.0
1776885332.8111026,0.0,3.0,-47.0
1776885332.8211029,-2.0,8.0,-43.0
1776885332.8311028,-4.0,4.0,-40.0
1776885332.8411028,-4.0,3.0,-33.0
1776885332.8511028,0.0,3.0,-28.0
1776885332.8611028,1.0,4.0,-30.0
1776885332.8711028,0.0,5.0,-35.0
1776885332.8811028,-2.0,6.0,-32.0
1776885332.8911028,-1.0,0.0,-33.0
1776885332.9011028,-1.0,-2.0,-31.0
1776885332.9111028,2.0,0.0,-36.0
1776885332.9211028,-2.0,0.0,-39.0
1776885332.9311028,0.0,0.0,-34.0
1776885332.9411027,-2.0,0.0,-35.0
1776885332.9511027,-1.0,1.0,-29.0
1776885332.9611027,-2.0,4.0,-35.0
1776885332.9711027,-1.0,-2.0,-36.0
1776885332.9811027,-4.0,-1.0,-41.0
1776885332.9911027,-4.0,0.0,-41.0
1776885333.0011027,-4.0,0.0,-38.0
1776885333.011103,2.0,-4.0,-46.0
1776885333.021103,5.0,-7.0,-41.0
1776885333.031103,9.0,-6.0,-36.0
1776885333.0411026,7.0,-2.0,-36.0
1776885333.0511026,3.0,-4.0,-40.0
1776885333.0611026,0.0,-2.0,-38.0
1776885333.0711029,3.0,0.0,-39.0
1776885333.0811028,4.0,-2.0,-40.0
1776885333.0911028,0.0,0.0,-43.0
1776885333.1011028,-2.0,0.0,-45.0
1776885333.1111028,-4.0,0.0,-42.0
1776885333.1211028,-1.0,1.0,-42.0
1776885333.1311028,-4.0,0.0,-45.0
1776885333.1411028,-3.0,0.0,-48.0
1776885333.1511028,-5.0,1.0,-48.0
1776885333.1611028,-6.0,2.0,-48.0
1776885333.1711028,-2.0,0.0,-43.0
1776885333.1811028,-6.0,3.0,-39.0
1776885333.1911027,-3.0,2.0,-37.0
1776885333.2011027,1.0,-1.0,-36.0
1776885333.2111027,1.0,-3.0,-36.0
1776885333.2211027,1.0,0.0,-48.0
1776885333.2311027,0.0,0.0,-46.0
1776885333.2411027,0.0,-1.0,-50.0
1776885333.2511027,-2.0,-7.0,-44.0
1776885333.261103,-2.0,-9.0,-46.0
1776885333.271103,-4.0,-10.0,-50.0
1776885333.281103,-3.0,-8.0,-48.0
1776885333.2911026,-5.0,-4.0,-41.0
1776885333.3011026,-7.0,-5.0,-43.0
1776885333.3111026,-9.0,-4.0,-47.0
1776885333.3211029,-8.0,-4.0,-45.0
1776885333.3311028,-8.0,-8.0,-45.0
1776885333.3411028,-10.0,-14.0,-42.0
1776885333.3511028,-1.0,-11.0,-53.0
1776885333.3611028,-1.0,0.0,-50.0
1776885333.3711028,-1.0,2.0,-48.0
1776885333.3811028,0.0,3.0,-55.0
1776885333.3911028,-3.0,5.0,-53.0
1776885333.4011028,-5.0,3.0,-49.0
1776885333.4111028,-4.0,2.0,-42.0
1776885333.4211028,-1.0,0.0,-44.0
1776885333.4311028,0.0,-4.0,-47.0
1776885333.4411027,0.0,-3.0,-47.0
1776885333.4511027,0.0,-4.0,-47.0
1776885333.4611027,1.0,-6.0,-45.0
1776885333.4711027,3.0,-5.0,-49.0
1776885333.4811027,5.0,-3.0,-43.0
1776885333.4911027,0.0,-1.0,-44.0
1776885333.5011027,3.0,0.0,-45.0
1776885333.511103,4.0,-3.0,-42.0
1776885333.521103,3.0,-5.0,-41.0
1776885333.531103,0.0,-2.0,-38.0
1776885333.5411026,1.0,-3.0,-40.0
1776885333.5511026,4.0,-1.0,-38.0
1776885333.5611026,6.0,2.0,-38.0
1776885333.5711029,10.0,0.0,-36.0
1776885333.5811028,8.0,-1.0,-34.0
1776885333.5911028,3.0,-8.0,-37.0
1776885333.6011028,1.0,-10.0,-38.0
1776885333.6111028,2.0,-9.0,-37.0
1776885333.6211028,0.0,-10.0,-38.0
1776885333.6311028,0.0,-7.0,-36.0
1776885333.6411028,-2.0,-7.0,-39.0
1776885333.6511028,-3.0,-8.0,-49.0
1776885333.6611028,1.0,-6.0,-47.0
1776885333.6711028,0.0,-3.0,-49.0
1776885333.6811028,-1.0,-2.0,-57.0
1776885333.6911027,-7.0,-5.0,-55.0
1776885333.7011027,-4.0,-2.0,-51.0
1776885333.7111027,-3.0,-1.0,-41.0
1776885333.7211027,-1.0,0.0,-41.0
1776885333.7311027,1.0,0.0,-42.0
1776885333.7411027,0.0,0.0,-43.0
1776885333.7511027,-5.0,2.0,-43.0
1776885333.761103,-7.0,0.0,-37.0
1776885333.771103,-4.0,-4.0,-35.0
1776885333.781103,-3.0,-6.0,-34.0
1776885333.7911026,-2.0,-7.0,-38.0
1776885333.8011026,-1.0,-9.0,-39.0
1776885333.8111026,-4.0,-6.0,-45.0
1776885333.8211029,-4.0,-2.0,-38.0
1776885333.8311028,-5.0,0.0,-44.0
1776885333.8411028,-4.0,0.0,-45.0
1776885333.8511028,-4.0,-1.0,-49.0
1776885333.8611028,2.0,1.0,-45.0
1776885333.8711028,2.0,0.0,-43.0
1776885333.8811028,2.0,-1.0,-44.0
1776885333.8911028,2.0,-3.0,-49.0
1776885333.9011028,3.0,-4.0,-46.0
1776885333.9111028,-1.0,-1.0,-46.0
1776885333.9211028,-4.0,-3.0,-45.0
1776885333.9311028,-7.0,-8.0,-40.0
1776885333.9411027,-4.0,-7.0,-38.0
1776885333.9511027,-7.0,-6.0,-46.0
1776885333.9611027,-4.0,-7.0,-45.0
1776885333.9711027,1.0,-8.0,-44.0
1776885333.9811027,0.0,-1.0,-45.0
1776885333.9911027,1.0,1.0,-48.0
1776885334.0011027,4.0,3.0,-47.0
1776885334.011103,4.0,2.0,-47.0
1776885334.021103,-1.0,0.0,-42.0
1776885334.031103,0.0,-2.0,-46.0
1776885334.0411026,0.0,-3.0,-43.0
1776885334.0511026,2.0,-3.0,-43.0
1776885334.0611026,-2.0,-5.0,-42.0
1776885334.0711029,-6.0,-6.0,-41.0
1776885334.0811028,0.0,-5.0,-42.0
1776885334.0911028,4.0,-4.0,-40.0
1776885334.1011028,1.0,-2.0,-38.0
1776885334.1111028,-1.0,-1.0,-40.0
1776885334.1211028,-3.0,0.0,-43.0
1776885334.1311028,-3.0,0.0,-44.0
1776885334.1411028,-2.0,-3.0,-37.0
1776885334.1511028,-1.0,-5.0,-40.0
1776885334.1611028,-5.0,-4.0,-42.0
1776885334.1721027,2.0,-3.0,-45.0
1776885334.182103,4.0,0.0,-47.0
1776885334.192103,3.0,2.0,-44.0
1776885334.2011027,-2.0,7.0,-49.0
1776885334.212103,0.0,7.0,-49.0
1776885334.2221026,3.0,5.0,-49.0
1776885334.2321026,4.0,7.0,-44.0
1776885334.2421026,3.0,6.0,-41.0
1776885334.2521029,1.0,4.0,-47.0
1776885334.2621028,0.0,0.0,-39.0
1776885334.2721028,-3.0,0.0,-43.0
1776885334.2821028,0.0,0.0,-43.0
1776885334.2921028,-2.0,0.0,-41.0
1776885334.3021028,-3.0,-3.0,-42.0
1776885334.3121028,-1.0,0.0,-50.0
1776885334.3221028,-2.0,4.0,-50.0
1776885334.3321028,0.0,3.0,-50.0
1776885334.3421028,-3.0,-2.0,-43.0
1776885334.3521028,-4.0,-1.0,-44.0
1776885334.3621027,0.0,0.0,-52.0
1776885334.3721027,0.0,1.0,-49.0
1776885334.3821027,4.0,-1.0,-46.0
1776885334.3921027,6.0,-2.0,-41.0
1776885334.4021027,4.0,-3.0,-41.0
1776885334.4121027,6.0,-5.0,-33.0
1776885334.4221027,10.0,-5.0,-40.0
1776885334.432103,6.0,-4.0,-44.0
1776885334.442103,1.0,0.0,-42.0
1776885334.452103,-1.0,-1.0,-47.0
1776885334.462103,-6.0,3.0,-47.0
1776885334.4721026,-6.0,6.0,-44.0
1776885334.4821026,-5.0,1.0,-45.0
1776885334.4921026,-5.0,1.0,-44.0
1776885334.5021029,-2.0,5.0,-47.0
1776885334.5121028,1.0,8.0,-46.0
1776885334.5221028,2.0,5.0,-50.0
1776885334.5321028,5.0,0.0,-51.0
1776885334.5421028,7.0,1.0,-47.0
1776885334.5521028,3.0,0.0,-48.0
1776885334.5621028,3.0,-2.0,-42.0
1776885334.5721028,2.0,-7.0,-42.0
1776885334.5821028,1.0,-11.0,-42.0
1776885334.5921028,0.0,-11.0,-41.0
1776885334.6021028,0.0,-10.0,-44.0
1776885334.6121027,0.0,-10.0,-48.0
1776885334.6221027,-2.0,-7.0,-53.0
1776885334.6321027,-2.0,-1.0,-48.0
1776885334.6421027,-2.0,-3.0,-43.0
1776885334.6521027,0.0,0.0,-49.0
1776885334.6621027,-1.0,-4.0,-46.0
1776885334.6721027,-3.0,-3.0,-48.0
1776885334.682103,-7.0,-1.0,-49.0
1776885334.692103,-6.0,0.0,-51.0
1776885334.702103,-4.0,0.0,-57.0
1776885334.712103,-8.0,0.0,-56.0
1776885334.7221026,-5.0,-5.0,-56.0
1776885334.7321026,-4.0,-3.0,-59.0
1776885334.7421026,-6.0,-1.0,-52.0
1776885334.7521029,-6.0,-6.0,-50.0
1776885334.7621028,-5.0,-10.0,-44.0
1776885334.7721028,-8.0,-11.0,-36.0
1776885334.7821028,-6.0,-12.0,-40.0
1776885334.7921028,-8.0,-8.0,-46.0
1776885334.8021028,-3.0,-6.0,-43.0
1776885334.8121028,-2.0,-6.0,-34.0
1776885334.8221028,-2.0,-5.0,-37.0
1776885334.8321028,-1.0,-4.0,-35.0
1776885334.8421028,-1.0,-4.0,-41.0
1776885334.8521028,0.0,-8.0,-34.0
1776885334.8621027,1.0,-7.0,-41.0
1776885334.8721027,2.0,-8.0,-40.0
1776885334.8821027,5.0,-9.0,-38.0
1776885334.8921027,3.0,-4.0,-40.0
1776885334.9021027,3.0,-5.0,-44.0
1776885334.9121027,3.0,-2.0,-49.0
1776885334.9221027,4.0,-3.0,-53.0
1776885334.932103,9.0,-3.0,-46.0
1776885334.942103,11.0,-6.0,-46.0
1776885334.952103,8.0,-9.0,-50.0
1776885334.962103,7.0,-8.0,-44.0
1776885334.9721026,6.0,-2.0,-40.0
1776885334.9821026,7.0,-5.0,-43.0
1776885334.9921026,6.0,-6.0,-45.0
1776885335.0021029,0.0,-6.0,-47.0
1776885335.0121028,4.0,-3.0,-48.0
1776885335.0221028,4.0,0.0,-46.0
1776885335.0321028,1.0,0.0,-33.0
1776885335.0421028,2.0,-1.0,-30.0
1776885335.0521028,0.0,-1.0,-38.0
1776885335.0621028,-2.0,-4.0,-42.0
1776885335.0721028,-2.0,-5.0,-47.0
1776885335.0821028,-3.0,-5.0,-47.0
1776885335.0921028,0.0,-5.0,-45.0
1776885335.1021028,1.0,-4.0,-41.0
1776885335.1121027,-4.0,-4.0,-40.0
1776885335.1221027,-10.0,-4.0,-45.0
1776885335.1321027,-8.0,-2.0,-46.0
1776885335.1421027,-8.0,0.0,-43.0
1776885335.1521027,-9.0,-1.0,-43.0
1776885335.1621027,-8.0,0.0,-45.0
1776885335.1721027,-10.0,0.0,-45.0
1776885335.182103,-8.0,-2.0,-47.0
1776885335.192103,-4.0,-7.0,-44.0
1776885335.202103,-6.0,-9.0,-44.0
1776885335.212103,-4.0,-10.0,-50.0
1776885335.2221026,-6.0,-8.0,-55.0
1776885335.2321026,-7.0,-3.0,-51.0
1776885335.2421026,-7.0,-4.0,-46.0
1776885335.2521029,-5.0,-2.0,-47.0
1776885335.2621028,-8.0,-3.0,-46.0
1776885335.2721028,-9.0,-5.0,-43.0
1776885335.2821028,-10.0,-5.0,-44.0
1776885335.2921028,-10.0,-7.0,-45.0
1776885335.3021028,-11.0,-8.0,-45.0
1776885335.3121028,-5.0,-3.0,-48.0
1776885335.3221028,-7.0,0.0,-41.0
1776885335.3321028,0.0,0.0,-41.0
1776885335.3421028,0.0,-3.0,-47.0
1776885335.3521028,2.0,-3.0,-44.0
1776885335.3621027,2.0,-3.0,-46.0
1776885335.3721027,0.0,0.0,-50.0
1776885335.3821027,-3.0,1.0,-50.0
1776885335.3921027,-1.0,2.0,-48.0
1776885335.4021027,-1.0,3.0,-50.0
1776885335.4121027,0.0,6.0,-48.0
1776885335.4221027,0.0,6.0,-54.0
1776885335.432103,3.0,0.0,-48.0
1776885335.442103,3.0,1.0,-47.0
1776885335.452103,1.0,2.0,-46.0
1776885335.462103,2.0,0.0,-48.0
1776885335.4721026,2.0,-2.0,-49.0
1776885335.4821026,4.0,-3.0,-47.0
1776885335.4921026,3.0,-3.0,-45.0
1776885335.5021029,2.0,-1.0,-44.0
1776885335.5121028,0.0,-1.0,-44.0
1776885335.5221028,2.0,0.0,-44.0
1776885335.5321028,0.0,0.0,-47.0
1776885335.5421028,-4.0,0.0,-52.0
1776885335.5521028,-2.0,-4.0,-46.0
1776885335.5621028,-8.0,-4.0,-40.0
1776885335.5721028,-8.0,-3.0,-46.0
1776885335.5821028,-6.0,3.0,-47.0
1776885335.5921028,-6.0,4.0,-46.0
1776885335.6021028,-5.0,0.0,-49.0
1776885335.6121027,-2.0,-2.0,-47.0
1776885335.6221027,-1.0,-1.0,-49.0
1776885335.6321027,0.0,0.0,-47.0
1776885335.6421027,4.0,-1.0,-48.0
1776885335.6521027,1.0,0.0,-48.0
1776885335.6621027,2.0,-3.0,-49.0
1776885335.6721027,3.0,-1.0,-48.0
1776885335.682103,6.0,-2.0,-45.0
1776885335.692103,5.0,-5.0,-41.0
1776885335.702103,5.0,-3.0,-37.0
1776885335.712103,5.0,0.0,-43.0
1776885335.7221026,5.0,0.0,-48.0
1776885335.7321026,6.0,-1.0,-49.0
1776885335.7421026,6.0,-3.0,-43.0
1776885335.7521029,5.0,-2.0,-41.0
1776885335.7621028,1.0,-4.0,-39.0
1776885335.7721028,5.0,-9.0,-36.0
1776885335.7821028,7.0,-8.0,-42.0
1776885335.7921028,7.0,-5.0,-51.0
1776885335.8021028,7.0,-1.0,-47.0
1776885335.8121028,2.0,-1.0,-45.0
1776885335.8221028,4.0,0.0,-47.0
1776885335.8321028,2.0,3.0,-52.0
1776885335.8421028,5.0,6.0,-50.0
1776885335.8521028,1.0,5.0,-51.0
1776885335.8621027,-3.0,0.0,-46.0
1776885335.8721027,1.0,3.0,-51.0
1776885335.8821027,4.0,2.0,-47.0
1776885335.8921027,5.0,-2.0,-50.0
1776885335.9021027,8.0,-2.0,-45.0
1776885335.9121027,2.0,0.0,-41.0
1776885335.9221027,-2.0,-1.0,-36.0
1776885335.932103,-2.0,2.0,-38.0
1776885335.9431028,-5.0,1.0,-40.0
1776885335.952103,-5.0,-2.0,-49.0
1776885335.962103,0.0,-2.0,-50.0
1776885335.9721026,1.0,-3.0,-50.0
1776885335.9821026,3.0,-2.0,-43.0
1776885335.9921026,2.0,0.0,-42.0
1776885336.0021029,2.0,0.0,-44.0
1776885336.0121028,-1.0,0.0,-44.0
1776885336.0221028,1.0,-1.0,-47.0
1776885336.0321028,2.0,-1.0,-53.0
1776885336.0421028,1.0,-3.0,-49.0
1776885336.0521028,-2.0,-2.0,-48.0
1776885336.0621028,1.0,0.0,-49.0
1776885336.0721028,1.0,-1.0,-53.0
1776885336.0821028,3.0,0.0,-58.0
1776885336.0921028,0.0,-1.0,-53.0
1776885336.1021028,0.0,-1.0,-47.0
1776885336.1121027,7.0,0.0,-39.0
1776885336.1221027,7.0,2.0,-43.0
1776885336.1321027,5.0,-2.0,-46.0
1776885336.1431026,0.0,-3.0,-44.0
1776885336.1531026,0.0,-4.0,-40.0
1776885336.1631026,3.0,0.0,-44.0
1776885336.1731029,2.0,0.0,-43.0
1776885336.1831028,1.0,-1.0,-35.0
1776885336.1931028,0.0,0.0,-30.0
1776885336.2031028,0.0,1.0,-36.0
1776885336.2131028,0.0,3.0,-38.0
1776885336.2231028,-3.0,4.0,-40.0
1776885336.2331028,-3.0,4.0,-36.0
1776885336.2431028,-4.0,4.0,-34.0
1776885336.2531028,-2.0,0.0,-35.0
1776885336.2631028,-4.0,-2.0,-41.0
1776885336.2731028,-2.0,-1.0,-39.0
1776885336.2831028,0.0,-1.0,-41.0
1776885336.2931027,1.0,-4.0,-40.0
1776885336.3031027,1.0,-4.0,-40.0
1776885336.3131027,0.0,0.0,-36.0
1776885336.3231027,0.0,3.0,-29.0
1776885336.3331027,6.0,1.0,-37.0
1776885336.3431027,7.0,-1.0,-39.0
1776885336.3531027,9.0,2.0,-39.0
1776885336.363103,8.0,2.0,-43.0
1776885336.373103,9.0,-1.0,-42.0
1776885336.383103,8.0,-3.0,-46.0
1776885336.3931026,11.0,-5.0,-43.0
1776885336.4031026,12.0,-4.0,-39.0
1776885336.4131026,2.0,-3.0,-38.0
1776885336.4231029,1.0,-7.0,-43.0
1776885336.4331028,-1.0,-5.0,-41.0
1776885336.4431028,-3.0,-2.0,-43.0
1776885336.4531028,-5.0,-2.0,-47.0
1776885336.4631028,-6.0,-2.0,-45.0
1776885336.4731028,-7.0,1.0,-49.0
1776885336.4831028,-8.0,-2.0,-54.0
1776885336.4931028,-9.0,-3.0,-50.0
1776885336.5031028,-7.0,-4.0,-46.0
1776885336.5131028,-4.0,-2.0,-47.0
1776885336.5231028,-2.0,-2.0,-47.0
1776885336.5331028,-3.0,0.0,-41.0
1776885336.5431027,-2.0,2.0,-40.0
1776885336.5531027,0.0,-1.0,-40.0
1776885336.5631027,0.0,-1.0,-35.0
1776885336.5731027,0.0,1.0,-30.0
1776885336.5831027,3.0,0.0,-31.0
1776885336.5931027,3.0,5.0,-30.0
1776885336.6031027,5.0,0.0,-36.0
1776885336.613103,5.0,-2.0,-38.0
1776885336.623103,0.0,-3.0,-40.0
1776885336.633103,2.0,-1.0,-43.0
1776885336.6431026,3.0,1.0,-44.0
1776885336.6531026,6.0,0.0,-44.0
1776885336.6631026,4.0,1.0,-42.0
1776885336.6731029,3.0,0.0,-45.0
1776885336.6831028,2.0,3.0,-52.0
1776885336.6931028,6.0,8.0,-49.0
1776885336.7031028,12.0,7.0,-43.0
1776885336.7131028,5.0,2.0,-31.0
1776885336.7231028,5.0,1.0,-42.0
1776885336.7331028,2.0,2.0,-45.0
1776885336.7431028,3.0,8.0,-48.0
1776885336.7531028,6.0,5.0,-51.0
1776885336.7631028,5.0,2.0,-54.0
1776885336.7731028,3.0,-1.0,-47.0
1776885336.7831028,6.0,0.0,-43.0
1776885336.7931027,1.0,0.0,-45.0
1776885336.8031027,1.0,-1.0,-47.0
1776885336.8131027,-3.0,-5.0,-51.0
1776885336.8231027,1.0,-6.0,-45.0
1776885336.8331027,1.0,-8.0,-44.0
1776885336.8431027,2.0,-7.0,-45.0
1776885336.8531027,4.0,-3.0,-43.0
1776885336.863103,3.0,-5.0,-36.0
1776885336.873103,4.0,0.0,-40.0
1776885336.883103,-1.0,1.0,-42.0
1776885336.8931026,-1.0,0.0,-43.0
1776885336.9031026,1.0,1.0,-44.0
1776885336.9131026,4.0,0.0,-46.0
1776885336.9231029,3.0,-4.0,-51.0
1776885336.9331028,6.0,-7.0,-47.0
1776885336.9431028,0.0,-7.0,-42.0
1776885336.9531028,-1.0,-6.0,-43.0
1776885336.9631028,-3.0,-2.0,-44.0
1776885336.9731028,-1.0,-5.0,-45.0
1776885336.9831028,1.0,-8.0,-46.0
1776885336.9931028,0.0,-10.0,-54.0
1776885337.0031028,1.0,-12.0,-51.0
1776885337.0131028,1.0,-10.0,-46.0
1776885337.0231028,3.0,-10.0,-41.0
1776885337.0331028,1.0,-8.0,-38.0
1776885337.0431027,3.0,-6.0,-42.0
1776885337.0531027,0.0,-6.0,-38.0
1776885337.0631027,0.0,-6.0,-40.0
1776885337.0731027,6.0,-4.0,-35.0
1776885337.0831027,8.0,-4.0,-37.0
1776885337.0931027,1.0,-2.0,-40.0
1776885337.1031027,6.0,-2.0,-35.0
1776885337.113103,5.0,0.0,-32.0
1776885337.123103,4.0,-1.0,-33.0
1776885337.133103,-1.0,-2.0,-40.0
1776885337.1431026,-2.0,-5.0,-43.0
1776885337.1531026,0.0,-3.0,-43.0
1776885337.1631026,3.0,-2.0,-39.0
1776885337.1731029,-1.0,-2.0,-44.0
1776885337.1831028,0.0,0.0,-50.0
1776885337.1931028,0.0,3.0,-52.0
1776885337.2031028,0.0,3.0,-54.0
1776885337.2131028,0.0,2.0,-49.0
1776885337.2231028,0.0,-2.0,-55.0
1776885337.2331028,0.0,-5.0,-54.0
1776885337.2431028,2.0,-4.0,-48.0
1776885337.2531028,3.0,0.0,-47.0
1776885337.2631028,4.0,0.0,-39.0
1776885337.2731028,2.0,-1.0,-40.0
1776885337.2831028,-4.0,-2.0,-38.0
1776885337.2931027,-4.0,-1.0,-35.0
1776885337.3031027,-4.0,1.0,-36.0
1776885337.3131027,-3.0,0.0,-36.0
1776885337.3231027,-5.0,-2.0,-32.0
1776885337.3331027,-3.0,-4.0,-32.0
1776885337.3431027,-4.0,-5.0,-30.0
1776885337.3531027,-1.0,0.0,-33.0
1776885337.363103,0.0,0.0,-42.0
1776885337.373103,-3.0,-6.0,-39.0
1776885337.383103,-2.0,-5.0,-41.0
1776885337.3931026,0.0,-6.0,-44.0
1776885337.4031026,0.0,-7.0,-44.0
1776885337.4131026,0.0,-3.0,-42.0
1776885337.4231029,0.0,-5.0,-33.0
1776885337.4331028,-3.0,-6.0,-39.0
1776885337.4431028,0.0,-7.0,-43.0
1776885337.4531028,0.0,-9.0,-48.0
1776885337.4631028,0.0,-12.0,-46.0
1776885337.4731028,3.0,-9.0,-49.0
1776885337.4831028,1.0,-8.0,-46.0
1776885337.4931028,-2.0,-5.0,-40.0
1776885337.5031028,-8.0,0.0,-42.0
1776885337.5131028,-7.0,-3.0,-38.0
1776885337.5231028,-6.0,-1.0,-42.0
1776885337.5331028,-7.0,-7.0,-42.0
1776885337.5431027,-6.0,-4.0,-40.0
1776885337.5531027,-3.0,-2.0,-40.0
1776885337.5631027,-4.0,0.0,-42.0
1776885337.5731027,-5.0,0.0,-43.0
1776885337.5831027,-1.0,-6.0,-51.0
1776885337.5931027,0.0,-7.0,-49.0
1776885337.6031027,5.0,-4.0,-43.0
1776885337.613103,2.0,-2.0,-43.0
1776885337.623103,1.0,-7.0,-42.0
1776885337.633103,2.0,-4.0,-40.0
1776885337.6431026,4.0,-4.0,-45.0
1776885337.6531026,2.0,0.0,-44.0
1776885337.6631026,-1.0,-2.0,-44.0
1776885337.6731029,-4.0,-3.0,-50.0
1776885337.6831028,0.0,3.0,-44.0
1776885337.6931028,-1.0,6.0,-37.0
1776885337.7031028,3.0,4.0,-30.0
1776885337.7131028,0.0,0.0,-31.0
1776885337.7231028,-2.0,1.0,-38.0
1776885337.7331028,1.0,-3.0,-37.0
1776885337.7431028,4.0,-3.0,-30.0
1776885337.7531028,9.0,-3.0,-37.0
1776885337.7631028,9.0,-2.0,-43.0
1776885337.7731028,7.0,-3.0,-48.0
1776885337.7831028,1.0,-2.0,-51.0
1776885337.7931027,1.0,-3.0,-49.0
1776885337.8031027,4.0,0.0,-53.0
1776885337.8131027,2.0,-4.0,-49.0
1776885337.8231027,1.0,-2.0,-42.0
1776885337.8331027,0.0,-4.0,-44.0
1776885337.8431027,2.0,-3.0,-45.0
1776885337.8531027,0.0,-4.0,-52.0
1776885337.863103,0.0,-5.0,-56.0
1776885337.873103,5.0,-7.0,-52.0
1776885337.883103,4.0,-6.0,-55.0
1776885337.8931026,1.0,-8.0,-53.0
1776885337.9031026,4.0,-6.0,-56.0
1776885337.9131026,3.0,0.0,-63.0
1776885337.9231029,1.0,0.0,-55.0
1776885337.9331028,-1.0,-1.0,-50.0
1776885337.9431028,-4.0,-2.0,-46.0
1776885337.9531028,-3.0,-3.0,-46.0
1776885337.9631028,-2.0,-1.0,-44.0
1776885337.9731028,-1.0,-4.0,-42.0
1776885337.9831028,0.0,-3.0,-42.0
1776885337.9931028,-1.0,-3.0,-41.0
1776885338.0031028,-6.0,0.0,-39.0
1776885338.0131028,-3.0,3.0,-40.0
1776885338.0231028,-8.0,3.0,-45.0
1776885338.0331028,-10.0,2.0,-42.0
1776885338.0431027,-14.0,0.0,-39.0
1776885338.0531027,-10.0,0.0,-38.0
1776885338.0631027,-10.0,0.0,-35.0
1776885338.0731027,-5.0,-3.0,-40.0
1776885338.0831027,-5.0,0.0,-40.0
1776885338.0931027,-1.0,0.0,-42.0
1776885338.1031027,0.0,-4.0,-43.0
1776885338.1141028,-9.0,-3.0,-32.0
1776885338.1241028,-7.0,-3.0,-38.0
1776885338.133103,-5.0,-3.0,-43.0
1776885338.1441028,-6.0,-3.0,-44.0
1776885338.1541028,-6.0,0.0,-42.0
1776885338.1641028,-3.0,4.0,-48.0
1776885338.1741028,1.0,9.0,-48.0
1776885338.1841028,0.0,6.0,-44.0
1776885338.1941028,2.0,8.0,-41.0
1776885338.2041028,0.0,4.0,-36.0
1776885338.2141027,-6.0,4.0,-40.0
1776885338.2241027,-2.0,3.0,-38.0
1776885338.2341027,0.0,3.0,-40.0
1776885338.2441027,0.0,2.0,-46.0
1776885338.2541027,5.0,1.0,-50.0
1776885338.2641027,6.0,0.0,-48.0
1776885338.2741027,5.0,-2.0,-49.0
1776885338.284103,0.0,0.0,-50.0
1776885338.294103,0.0,-1.0,-46.0
1776885338.304103,0.0,1.0,-42.0
1776885338.3141026,-2.0,-1.0,-44.0
1776885338.3241026,-3.0,-1.0,-45.0
1776885338.3341026,-6.0,1.0,-44.0
1776885338.3441026,-7.0,2.0,-44.0
1776885338.3541028,0.0,0.0,-47.0
1776885338.3641028,0.0,-1.0,-48.0
1776885338.3741028,0.0,-3.0,-39.0
1776885338.3841028,-1.0,0.0,-43.0
1776885338.3941028,-6.0,0.0,-47.0
1776885338.4041028,-7.0,0.0,-47.0
1776885338.4141028,-5.0,0.0,-49.0
1776885338.4241028,-2.0,1.0,-46.0
1776885338.4341028,0.0,0.0,-55.0
1776885338.4441028,2.0,-1.0,-51.0
1776885338.4541028,5.0,0.0,-38.0
1776885338.4641027,3.0,-1.0,-40.0
1776885338.4741027,0.0,0.0,-38.0
1776885338.4841027,-4.0,-4.0,-34.0
1776885338.4941027,-9.0,-7.0,-35.0
1776885338.5041027,-10.0,-7.0,-43.0
1776885338.5141027,-10.0,-5.0,-48.0
1776885338.5241027,-11.0,-2.0,-46.0
1776885338.534103,-8.0,-2.0,-44.0
1776885338.544103,-8.0,-3.0,-45.0
1776885338.554103,-8.0,1.0,-46.0
1776885338.5641026,-7.0,-3.0,-48.0
1776885338.5741026,-2.0,0.0,-54.0
1776885338.5841026,-2.0,-4.0,-53.0
1776885338.5941026,-5.0,-2.0,-49.0
1776885338.6041028,-5.0,-4.0,-47.0
1776885338.6141028,-4.0,-4.0,-49.0
1776885338.6241028,-3.0,-2.0,-53.0
1776885338.6341028,0.0,-5.0,-53.0
1776885338.6441028,0.0,-8.0,-53.0
1776885338.6541028,4.0,-4.0,-50.0
1776885338.6641028,0.0,-6.0,-49.0
1776885338.6741028,-3.0,-10.0,-49.0
1776885338.6841028,-5.0,-8.0,-48.0
1776885338.6941028,-4.0,-4.0,-46.0
1776885338.7041028,0.0,-2.0,-48.0
1776885338.7141027,1.0,-6.0,-49.0
1776885338.7241027,1.0,-3.0,-51.0
1776885338.7341027,3.0,-3.0,-46.0
1776885338.7441027,1.0,-2.0,-47.0
1776885338.7541027,1.0,0.0,-47.0
1776885338.7641027,0.0,3.0,-39.0
1776885338.7741027,0.0,1.0,-30.0
1776885338.784103,-4.0,0.0,-26.0
1776885338.794103,-2.0,0.0,-34.0
1776885338.804103,-3.0,-1.0,-36.0
1776885338.8141026,-8.0,-5.0,-34.0
1776885338.8241026,-9.0,-6.0,-35.0
1776885338.8341026,-8.0,-5.0,-39.0
1776885338.8441026,-6.0,-6.0,-37.0
1776885338.8541028,0.0,-3.0,-39.0
1776885338.8641028,4.0,-5.0,-37.0
1776885338.8741028,4.0,-3.0,-44.0
1776885338.8841028,2.0,-2.0,-42.0
1776885338.8941028,6.0,-2.0,-41.0
1776885338.9041028,5.0,-3.0,-39.0
1776885338.9141028,11.0,-2.0,-31.0
1776885338.9241028,6.0,-5.0,-31.0
1776885338.9341028,3.0,-8.0,-38.0
1776885338.9441028,-3.0,-10.0,-41.0
1776885338.9541028,-6.0,-7.0,-43.0
1776885338.9641027,-1.0,-8.0,-52.0
1776885338.9741027,-2.0,-8.0,-44.0
1776885338.9841027,-1.0,-7.0,-41.0
1776885338.9941027,0.0,-9.0,-38.0
1776885339.0041027,1.0,-4.0,-33.0
1776885339.0141027,1.0,-10.0,-41.0
1776885339.0241027,1.0,-7.0,-36.0
1776885339.034103,3.0,-10.0,-33.0
1776885339.044103,5.0,-10.0,-38.0
1776885339.054103,10.0,-12.0,-45.0
1776885339.0641026,14.0,-7.0,-46.0
1776885339.0741026,14.0,-7.0,-45.0
1776885339.0841026,11.0,-2.0,-42.0
1776885339.0941026,6.0,0.0,-41.0
1776885339.1041028,4.0,0.0,-48.0
1776885339.1141028,1.0,0.0,-48.0
1776885339.1241028,5.0,2.0,-46.0
1776885339.1341028,5.0,4.0,-46.0
1776885339.1441028,2.0,4.0,-47.0
1776885339.1541028,3.0,0.0,-46.0
1776885339.1641028,3.0,0.0,-47.0
1776885339.1741028,2.0,-5.0,-44.0
1776885339.1841028,1.0,-2.0,-48.0
1776885339.1941028,2.0,-5.0,-54.0
1776885339.2041028,2.0,-3.0,-50.0
1776885339.2141027,1.0,-1.0,-51.0
1776885339.2241027,0.0,-2.0,-49.0
1776885339.2341027,1.0,2.0,-48.0
1776885339.2441027,-1.0,6.0,-50.0
1776885339.2541027,-1.0,5.0,-47.0
1776885339.2641027,1.0,3.0,-48.0
1776885339.2741027,4.0,5.0,-48.0
1776885339.284103,4.0,0.0,-43.0
1776885339.294103,1.0,0.0,-44.0
1776885339.304103,-1.0,-1.0,-43.0
1776885339.3141026,-3.0,-2.0,-42.0
1776885339.3241026,-6.0,0.0,-46.0
1776885339.3341026,0.0,0.0,-46.0
1776885339.3441026,2.0,0.0,-34.0
1776885339.3541028,0.0,0.0,-33.0
1776885339.3641028,-1.0,0.0,-40.0
1776885339.3741028,-1.0,0.0,-39.0
1776885339.3841028,-1.0,2.0,-34.0
1776885339.3941028,3.0,4.0,-31.0
1776885339.4041028,0.0,2.0,-37.0
1776885339.4141028,0.0,1.0,-36.0
1776885339.4241028,2.0,0.0,-36.0
1776885339.4341028,1.0,1.0,-39.0
1776885339.4441028,0.0,1.0,-35.0
1776885339.4541028,-2.0,0.0,-30.0
1776885339.4641027,0.0,0.0,-34.0
1776885339.4741027,-2.0,-2.0,-31.0
1776885339.4841027,0.0,-2.0,-35.0
1776885339.4941027,-2.0,0.0,-35.0
1776885339.5041027,0.0,-1.0,-37.0
1776885339.5141027,3.0,-1.0,-40.0
1776885339.5241027,2.0,-2.0,-43.0
1776885339.534103,0.0,0.0,-53.0
1776885339.544103,0.0,0.0,-55.0
1776885339.554103,1.0,1.0,-53.0
1776885339.5641026,5.0,0.0,-51.0
1776885339.5741026,5.0,-4.0,-50.0
1776885339.5841026,2.0,-2.0,-48.0
1776885339.5941026,3.0,-6.0,-47.0
1776885339.6041028,3.0,-5.0,-47.0
1776885339.6141028,1.0,-3.0,-49.0
1776885339.6241028,1.0,1.0,-46.0
1776885339.6341028,-1.0,1.0,-47.0
1776885339.6441028,-3.0,-5.0,-48.0
1776885339.6541028,-7.0,-7.0,-51.0
1776885339.6641028,-8.0,-8.0,-54.0
1776885339.6741028,-11.0,-7.0,-46.0
1776885339.6841028,-2.0,-6.0,-42.0
1776885339.6941028,-4.0,-3.0,-40.0
1776885339.7041028,-5.0,-3.0,-44.0
1776885339.7141027,-5.0,-1.0,-43.0
1776885339.7241027,-3.0,0.0,-41.0
1776885339.7341027,-2.0,-1.0,-49.0
1776885339.7441027,-4.0,-3.0,-38.0
1776885339.7541027,-3.0,-2.0,-37.0
1776885339.7641027,-2.0,0.0,-39.0
1776885339.7741027,0.0,0.0,-36.0
1776885339.784103,-2.0,0.0,-41.0
1776885339.794103,0.0,0.0,-47.0
1776885339.804103,1.0,-2.0,-40.0
1776885339.8141026,-1.0,-5.0,-42.0
1776885339.8241026,0.0,-3.0,-40.0
1776885339.8341026,1.0,-1.0,-45.0
1776885339.8441026,-1.0,1.0,-46.0
1776885339.8541028,-2.0,2.0,-48.0
1776885339.8641028,-9.0,3.0,-42.0
1776885339.8741028,-9.0,0.0,-49.0
1776885339.8841028,-7.0,-1.0,-45.0
1776885339.8941028,-5.0,-2.0,-47.0
1776885339.9041028,-6.0,0.0,-50.0
1776885339.9141028,-4.0,1.0,-57.0
1776885339.9241028,-3.0,3.0,-57.0
1776885339.9341028,-5.0,6.0,-60.0
1776885339.9441028,-6.0,12.0,-49.0
1776885339.9541028,0.0,7.0,-50.0
1776885339.9641027,0.0,3.0,-41.0
1776885339.9741027,1.0,1.0,-43.0
1776885339.9841027,1.0,0.0,-42.0
1776885339.9941027,-2.0,0.0,-49.0
1776885340.0041027,-3.0,-1.0,-51.0
1776885340.0141027,-2.0,0.0,-46.0
1776885340.0241027,1.0,2.0,-41.0
1776885340.034103,3.0,2.0,-42.0
1776885340.044103,4.0,0.0,-39.0
1776885340.054103,4.0,5.0,-40.0
1776885340.0641026,1.0,5.0,-39.0
1776885340.0741026,1.0,0.0,-43.0
1776885340.0841026,0.0,0.0,-52.0
1776885340.0951028,2.0,2.0,-46.0
1776885340.1041028,2.0,-1.0,-44.0
1776885340.1151028,1.0,-2.0,-41.0
1776885340.1241028,2.0,-2.0,-43.0
1776885340.1341028,0.0,0.0,-42.0
1776885340.1451027,0.0,0.0,-43.0
1776885340.1551027,0.0,0.0,-43.0
1776885340.1651027,-1.0,-2.0,-45.0
1776885340.1751027,0.0,-5.0,-48.0
1776885340.1851027,-1.0,-4.0,-48.0
1776885340.1951027,-1.0,-5.0,-53.0
1776885340.2051027,1.0,-3.0,-52.0
1776885340.215103,3.0,-4.0,-46.0
1776885340.225103,7.0,-3.0,-47.0
1776885340.235103,1.0,-3.0,-51.0
1776885340.2451026,0.0,-3.0,-48.0
1776885340.2551026,-3.0,-2.0,-46.0
1776885340.2651026,0.0,0.0,-42.0
1776885340.2751029,0.0,0.0,-44.0
1776885340.2851028,-4.0,1.0,-46.0
1776885340.2951028,-3.0,3.0,-42.0
1776885340.3051028,4.0,1.0,-41.0
1776885340.3151028,6.0,4.0,-38.0
1776885340.3251028,1.0,5.0,-44.0
1776885340.3351028,5.0,0.0,-51.0
1776885340.3451028,6.0,2.0,-53.0
1776885340.3551028,10.0,-2.0,-51.0
1776885340.3651028,4.0,-1.0,-50.0
1776885340.3751028,1.0,0.0,-50.0
1776885340.3851027,-2.0,0.0,-46.0
1776885340.3951027,0.0,-1.0,-51.0
1776885340.4051027,3.0,0.0,-50.0
1776885340.4151027,8.0,0.0,-50.0
1776885340.4251027,6.0,2.0,-43.0
1776885340.4351027,2.0,1.0,-42.0
1776885340.4451027,-2.0,0.0,-44.0
1776885340.4551027,-1.0,-4.0,-47.0
1776885340.465103,-2.0,0.0,-46.0
1776885340.475103,-2.0,5.0,-51.0
1776885340.485103,-2.0,1.0,-49.0
1776885340.4951026,0.0,0.0,-51.0
1776885340.5051026,0.0,0.0,-50.0
1776885340.5151026,4.0,0.0,-52.0
1776885340.5251029,0.0,-4.0,-48.0
1776885340.5351028,-1.0,-3.0,-46.0
1776885340.5451028,1.0,0.0,-53.0
1776885340.5551028,1.0,-2.0,-54.0
1776885340.5651028,2.0,-4.0,-61.0
1776885340.5751028,1.0,-6.0,-57.0
1776885340.5851028,5.0,1.0,-51.0
1776885340.5951028,8.0,0.0,-42.0
1776885340.6051028,14.0,2.0,-37.0
1776885340.6151028,13.0,4.0,-41.0
1776885340.6251028,5.0,0.0,-39.0
1776885340.6351027,0.0,0.0,-40.0
1776885340.6451027,0.0,0.0,-48.0
1776885340.6551027,5.0,0.0,-47.0
1776885340.6651027,8.0,0.0,-47.0
1776885340.6751027,6.0,0.0,-49.0
1776885340.6851027,10.0,-1.0,-51.0
1776885340.6951027,5.0,2.0,-55.0
1776885340.7051027,2.0,2.0,-47.0
1776885340.715103,-1.0,4.0,-46.0
1776885340.725103,1.0,2.0,-45.0
1776885340.735103,1.0,2.0,-40.0
1776885340.7451026,1.0,3.0,-37.0
1776885340.7551026,3.0,-1.0,-37.0
1776885340.7651026,3.0,-1.0,-44.0
1776885340.7751029,0.0,-2.0,-43.0
1776885340.7851028,3.0,-2.0,-39.0
1776885340.7951028,1.0,-3.0,-39.0
1776885340.8051028,4.0,-2.0,-37.0
1776885340.8151028,2.0,-4.0,-37.0
1776885340.8251028,2.0,-10.0,-37.0
1776885340.8351028,5.0,-12.0,-39.0
1776885340.8451028,5.0,-10.0,-46.0
1776885340.8551028,8.0,-6.0,-45.0
1776885340.8651028,8.0,-7.0,-46.0
1776885340.8751028,7.0,-2.0,-43.0
1776885340.8851027,2.0,-2.0,-46.0
1776885340.8951027,0.0,-4.0,-45.0
1776885340.9051027,-1.0,-2.0,-47.0
1776885340.9151027,-1.0,0.0,-47.0
1776885340.9251027,0.0,2.0,-49.0
1776885340.9351027,-1.0,0.0,-45.0
1776885340.9451027,7.0,6.0,-45.0
1776885340.9551027,7.0,3.0,-46.0
1776885340.965103,5.0,3.0,-47.0
1776885340.975103,5.0,1.0,-45.0
1776885340.985103,2.0,0.0,-49.0
1776885340.9951026,-3.0,-4.0,-49.0
1776885341.0051026,-2.0,-6.0,-42.0
1776885341.0151026,-2.0,-3.0,-42.0
1776885341.0251029,-2.0,-2.0,-50.0
1776885341.0351028,-4.0,-4.0,-46.0
1776885341.0451028,2.0,0.0,-42.0
1776885341.0551028,3.0,0.0,-45.0
1776885341.0651028,1.0,-1.0,-45.0
1776885341.0751028,1.0,5.0,-46.0
1776885341.0851028,0.0,4.0,-42.0
1776885341.0951028,1.0,7.0,-44.0
1776885341.1051028,3.0,6.0,-50.0
1776885341.1151028,1.0,1.0,-48.0
1776885341.1251028,-1.0,1.0,-52.0
1776885341.1351027,0.0,4.0,-54.0
1776885341.1451027,4.0,4.0,-51.0
1776885341.1551027,3.0,0.0,-46.0
1776885341.1651027,6.0,-1.0,-45.0
1776885341.1751027,0.0,-2.0,-44.0
1776885341.1851027,7.0,0.0,-39.0
1776885341.1951027,0.0,2.0,-41.0
1776885341.2051027,-1.0,0.0,-41.0
1776885341.215103,0.0,1.0,-32.0
1776885341.225103,-3.0,4.0,-42.0
1776885341.235103,-5.0,2.0,-50.0
1776885341.2451026,-3.0,-2.0,-43.0
1776885341.2551026,-4.0,-4.0,-47.0
1776885341.2651026,-5.0,-4.0,-43.0
1776885341.2751029,-5.0,-2.0,-40.0
1776885341.2851028,-1.0,-2.0,-40.0
1776885341.2951028,-2.0,-5.0,-36.0
1776885341.3051028,-9.0,-4.0,-34.0
1776885341.3151028,-10.0,-2.0,-38.0
1776885341.3251028,-11.0,-2.0,-42.0
1776885341.3351028,-7.0,-7.0,-46.0
1776885341.3451028,-7.0,-6.0,-43.0
1776885341.3551028,-3.0,-6.0,-49.0
1776885341.3651028,-5.0,-8.0,-41.0
1776885341.3751028,0.0,-5.0,-39.0
1776885341.3851027,4.0,-6.0,-38.0
1776885341.3951027,3.0,-3.0,-35.0
1776885341.4051027,3.0,0.0,-31.0
1776885341.4151027,1.0,2.0,-37.0
1776885341.4251027,0.0,3.0,-37.0
1776885341.4351027,6.0,5.0,-33.0
1776885341.4451027,10.0,0.0,-37.0
1776885341.4551027,10.0,-2.0,-41.0
1776885341.465103,3.0,0.0,-39.0
1776885341.475103,3.0,2.0,-50.0
1776885341.485103,0.0,-2.0,-48.0
1776885341.4951026,-1.0,-1.0,-40.0
1776885341.5051026,0.0,-4.0,-45.0
1776885341.5151026,-5.0,-4.0,-44.0
1776885341.5251029,-7.0,-6.0,-35.0
1776885341.5351028,-5.0,-2.0,-30.0
1776885341.5451028,-5.0,-1.0,-38.0
1776885341.5551028,-4.0,-1.0,-48.0
1776885341.5651028,-4.0,0.0,-44.0
1776885341.5751028,-9.0,-2.0,-39.0
1776885341.5851028,-9.0,-1.0,-43.0
1776885341.5951028,-3.0,-3.0,-47.0
1776885341.6051028,2.0,-5.0,-48.0
1776885341.6151028,5.0,-4.0,-54.0
1776885341.6251028,5.0,-7.0,-53.0
1776885341.6351027,6.0,-3.0,-54.0
1776885341.6451027,5.0,-6.0,-50.0
1776885341.6551027,1.0,-5.0,-49.0
1776885341.6651027,-3.0,-6.0,-50.0
1776885341.6751027,-5.0,-7.0,-53.0
1776885341.6851027,-3.0,-9.0,-51.0
1776885341.6951027,-5.0,-9.0,-48.0
1776885341.7051027,-8.0,-8.0,-47.0
1776885341.715103,-1.0,-7.0,-45.0
1776885341.725103,1.0,-7.0,-44.0
1776885341.735103,0.0,-6.0,-44.0
1776885341.7451026,-2.0,-8.0,-41.0
1776885341.7551026,-7.0,-9.0,-38.0
1776885341.7651026,-4.0,-8.0,-39.0
1776885341.7751029,-1.0,-7.0,-44.0
1776885341.7851028,0.0,-8.0,-40.0
1776885341.7951028,0.0,-10.0,-41.0
1776885341.8051028,1.0,-9.0,-40.0
1776885341.8151028,2.0,-8.0,-38.0
1776885341.8251028,3.0,-9.0,-34.0
1776885341.8351028,5.0,-7.0,-38.0
1776885341.8451028,7.0,-8.0,-38.0
1776885341.8551028,9.0,-9.0,-44.0
1776885341.8651028,5.0,-12.0,-47.0
1776885341.8751028,5.0,-11.0,-45.0
1776885341.8851027,2.0,-5.0,-44.0
1776885341.8951027,4.0,-4.0,-43.0
1776885341.9051027,3.0,-5.0,-36.0
1776885341.9151027,5.0,-4.0,-33.0
1776885341.9251027,2.0,-3.0,-35.0
1776885341.9351027,1.0,0.0,-38.0
1776885341.9451027,0.0,0.0,-43.0
1776885341.9551027,0.0,-1.0,-43.0
1776885341.965103,0.0,-2.0,-43.0
1776885341.975103,4.0,-1.0,-49.0
1776885341.985103,2.0,-1.0,-51.0
1776885341.9951026,1.0,1.0,-49.0
1776885342.0051026,2.0,-2.0,-49.0
1776885342.0151026,1.0,0.0,-52.0
1776885342.0251029,-2.0,0.0,-54.0
1776885342.0351028,-2.0,0.0,-54.0
1776885342.0451028,-4.0,1.0,-47.0
1776885342.0561028,0.0,0.0,-43.0
1776885342.0661027,4.0,1.0,-48.0
1776885342.0751028,2.0,1.0,-50.0
1776885342.0861027,0.0,4.0,-46.0
1776885342.0961027,3.0,4.0,-45.0
1776885342.1061027,2.0,5.0,-41.0
1776885342.1161027,3.0,1.0,-39.0
1776885342.1261027,4.0,-3.0,-39.0
1776885342.136103,3.0,0.0,-35.0
1776885342.146103,6.0,0.0,-43.0
1776885342.156103,0.0,0.0,-50.0
1776885342.1661026,0.0,0.0,-46.0
1776885342.1761026,-1.0,0.0,-43.0
1776885342.1861026,3.0,0.0,-42.0
1776885342.1961029,8.0,0.0,-44.0
1776885342.2061028,1.0,-4.0,-45.0
1776885342.2161028,3.0,-3.0,-47.0
1776885342.2261028,-2.0,-2.0,-52.0
1776885342.2361028,-2.0,-1.0,-50.0
1776885342.2461028,0.0,1.0,-50.0
1776885342.2561028,-1.0,2.0,-51.0
1776885342.2661028,-3.0,1.0,-54.0
1776885342.2761028,-5.0,-2.0,-48.0
1776885342.2861028,0.0,-3.0,-49.0
1776885342.2961028,1.0,-3.0,-50.0
1776885342.3061028,-2.0,-1.0,-48.0
1776885342.3161027,-2.0,1.0,-44.0
1776885342.3261027,-2.0,1.0,-34.0
1776885342.3361027,-2.0,0.0,-36.0
1776885342.3461027,1.0,-2.0,-38.0
1776885342.3561027,3.0,4.0,-40.0
1776885342.3661027,6.0,3.0,-42.0
1776885342.3761027,2.0,5.0,-43.0
1776885342.386103,2.0,4.0,-47.0
1776885342.396103,4.0,2.0,-45.0
1776885342.406103,4.0,1.0,-46.0
1776885342.4161026,5.0,-2.0,-45.0
1776885342.4261026,3.0,-4.0,-41.0
1776885342.4361026,3.0,0.0,-47.0
1776885342.4461029,2.0,3.0,-45.0
1776885342.4561028,-1.0,-2.0,-42.0
1776885342.4661028,0.0,-5.0,-36.0
1776885342.4761028,3.0,-6.0,-38.0
1776885342.4861028,4.0,-1.0,-36.0
1776885342.4961028,7.0,-1.0,-45.0
1776885342.5061028,5.0,-3.0,-45.0
1776885342.5161028,4.0,-1.0,-43.0
1776885342.5261028,3.0,-1.0,-40.0
1776885342.5361028,2.0,-2.0,-41.0
1776885342.5461028,-1.0,1.0,-45.0
1776885342.5561028,-1.0,0.0,-45.0
1776885342.5661027,3.0,-1.0,-43.0
1776885342.5761027,4.0,-1.0,-47.0
1776885342.5861027,6.0,1.0,-40.0
1776885342.5961027,2.0,-1.0,-38.0
1776885342.6061027,0.0,-3.0,-39.0
1776885342.6161027,0.0,1.0,-42.0
1776885342.6261027,4.0,6.0,-48.0
1776885342.636103,3.0,0.0,-47.0
1776885342.646103,0.0,-1.0,-46.0
1776885342.656103,1.0,-4.0,-45.0
1776885342.6661026,3.0,-1.0,-45.0
1776885342.6761026,0.0,-1.0,-39.0
1776885342.6861026,-3.0,-2.0,-33.0
1776885342.6961029,-6.0,-4.0,-37.0
1776885342.7061028,-4.0,-4.0,-45.0
1776885342.7161028,-2.0,-6.0,-44.0
1776885342.7261028,0.0,-5.0,-49.0
1776885342.7361028,5.0,-3.0,-45.0
1776885342.7461028,6.0,0.0,-43.0
1776885342.7561028,2.0,-4.0,-42.0
1776885342.7661028,-3.0,-5.0,-44.0
1776885342.7761028,-4.0,-2.0,-45.0
1776885342.7861028,-1.0,-2.0,-46.0
1776885342.7961028,0.0,-5.0,-41.0
1776885342.8061028,1.0,-3.0,-48.0
1776885342.8161027,4.0,0.0,-55.0
1776885342.8261027,6.0,0.0,-53.0
1776885342.8361027,6.0,-1.0,-49.0
1776885342.8461027,8.0,1.0,-47.0
1776885342.8561027,9.0,0.0,-45.0
1776885342.8661027,7.0,2.0,-41.0
1776885342.8761027,9.0,0.0,-39.0
1776885342.886103,6.0,0.0,-46.0
1776885342.896103,6.0,0.0,-46.0
1776885342.906103,11.0,-2.0,-43.0
1776885342.9161026,7.0,-4.0,-42.0
1776885342.9261026,4.0,-5.0,-43.0
1776885342.9361026,4.0,-1.0,-38.0
1776885342.9461029,5.0,-4.0,-40.0
1776885342.9561028,2.0,-4.0,-45.0
1776885342.9661028,6.0,-5.0,-47.0
1776885342.9761028,5.0,-6.0,-50.0
1776885342.9861028,2.0,-4.0,-50.0
1776885342.9961028,3.0,-3.0,-52.0
1776885343.0061028,0.0,-6.0,-44.0
1776885343.0161028,0.0,-6.0,-40.0
1776885343.0261028,0.0,-3.0,-46.0
1776885343.0361028,2.0,0.0,-46.0
1776885343.0461028,4.0,-1.0,-50.0
1776885343.0561028,6.0,-3.0,-51.0
1776885343.0661027,2.0,0.0,-50.0
1776885343.0761027,2.0,0.0,-48.0
1776885343.0861027,1.0,-3.0,-44.0
1776885343.0961027,2.0,0.0,-41.0
1776885343.1061027,-3.0,-1.0,-44.0
1776885343.1161027,0.0,-4.0,-36.0
1776885343.1261027,4.0,-2.0,-37.0
1776885343.136103,4.0,-2.0,-36.0
1776885343.146103,0.0,-9.0,-43.0
1776885343.156103,3.0,-8.0,-42.0
1776885343.1661026,5.0,-2.0,-45.0
1776885343.1761026,7.0,-3.0,-51.0
1776885343.1861026,4.0,-3.0,-50.0
1776885343.1961029,2.0,-2.0,-47.0
1776885343.2061028,1.0,0.0,-43.0
1776885343.2161028,0.0,1.0,-41.0
1776885343.2261028,2.0,-1.0,-45.0
1776885343.2361028,1.0,-3.0,-39.0
1776885343.2461028,2.0,-2.0,-40.0
1776885343.2561028,4.0,0.0,-41.0
1776885343.2661028,1.0,0.0,-43.0
1776885343.2761028,5.0,4.0,-43.0
1776885343.2861028,4.0,6.0,-46.0
1776885343.2961028,3.0,5.0,-47.0
1776885343.3061028,-2.0,5.0,-44.0
1776885343.3161027,-5.0,4.0,-42.0
1776885343.3261027,-4.0,1.0,-42.0
1776885343.3361027,-4.0,0.0,-44.0
1776885343.3461027,0.0,0.0,-43.0
1776885343.3561027,1.0,-2.0,-41.0
1776885343.3661027,1.0,-1.0,-34.0
1776885343.3761027,3.0,-2.0,-33.0
1776885343.386103,0.0,2.0,-33.0
1776885343.396103,2.0,0.0,-33.0
1776885343.406103,-2.0,0.0,-42.0
1776885343.4161026,1.0,-3.0,-38.0
1776885343.4261026,0.0,0.0,-40.0
1776885343.4361026,-4.0,2.0,-41.0
1776885343.4461029,-4.0,0.0,-38.0
1776885343.4561028,-4.0,-5.0,-47.0
1776885343.4661028,-2.0,-6.0,-53.0
1776885343.4761028,-10.0,-7.0,-53.0
1776885343.4861028,-5.0,-7.0,-48.0
1776885343.4961028,-2.0,-7.0,-40.0
1776885343.5061028,1.0,-5.0,-37.0
1776885343.5161028,4.0,-3.0,-37.0
1776885343.5261028,2.0,-5.0,-36.0
1776885343.5361028,3.0,-4.0,-37.0
1776885343.5461028,2.0,-3.0,-39.0
1776885343.5561028,3.0,-3.0,-42.0
1776885343.5661027,3.0,-2.0,-41.0
1776885343.5761027,1.0,-3.0,-40.0
1776885343.5861027,-2.0,-1.0,-38.0
1776885343.5961027,-2.0,1.0,-41.0
1776885343.6061027,-3.0,2.0,-42.0
1776885343.6161027,0.0,5.0,-41.0
1776885343.6261027,1.0,3.0,-42.0
1776885343.636103,0.0,-2.0,-42.0
1776885343.646103,2.0,-1.0,-39.0
1776885343.656103,1.0,-1.0,-37.0
1776885343.6661026,2.0,0.0,-32.0
1776885343.6761026,-4.0,-1.0,-36.0
1776885343.6861026,-7.0,-6.0,-36.0
1776885343.6961029,-6.0,-7.0,-30.0
1776885343.7061028,-3.0,-6.0,-39.0
1776885343.7161028,-5.0,-3.0,-42.0
1776885343.7261028,-8.0,-4.0,-45.0
1776885343.7361028,-8.0,-3.0,-44.0
1776885343.7461028,-9.0,1.0,-52.0
1776885343.7561028,-11.0,2.0,-58.0
1776885343.7661028,-6.0,6.0,-57.0
1776885343.7761028,-3.0,3.0,-51.0
1776885343.7861028,-4.0,2.0,-43.0
1776885343.7961028,-9.0,1.0,-46.0
1776885343.8061028,-13.0,-2.0,-52.0
1776885343.8161027,-13.0,-1.0,-56.0
1776885343.8261027,-3.0,-3.0,-57.0
1776885343.8361027,-2.0,0.0,-56.0
1776885343.8461027,-2.0,3.0,-60.0
1776885343.8561027,0.0,1.0,-58.0
1776885343.8661027,0.0,0.0,-59.0
1776885343.8761027,-2.0,2.0,-57.0
1776885343.886103,-2.0,1.0,-56.0
1776885343.896103,-1.0,1.0,-55.0
1776885343.906103,-7.0,-1.0,-56.0
1776885343.9161026,-9.0,-1.0,-55.0
1776885343.9261026,-10.0,2.0,-54.0
1776885343.9361026,-8.0,-1.0,-54.0
1776885343.9461029,0.0,0.0,-57.0
1776885343.9561028,0.0,1.0,-60.0
1776885343.9661028,2.0,0.0,-58.0
1776885343.9761028,5.0,0.0,-47.0
1776885343.9861028,2.0,0.0,-44.0
1776885343.9961028,-4.0,-3.0,-40.0
1776885344.0061028,-3.0,-5.0,-41.0
1776885344.0161028,-4.0,-5.0,-39.0
1776885344.0261028,-1.0,-5.0,-36.0
1776885344.0371027,0.0,-8.0,-38.0
1776885344.0461028,-4.0,-9.0,-32.0
1776885344.057103,-7.0,-8.0,-38.0
1776885344.0661027,-7.0,-6.0,-38.0
1776885344.077103,-3.0,-6.0,-37.0
1776885344.087103,-1.0,-4.0,-37.0
1776885344.0971026,-1.0,-4.0,-42.0
1776885344.1071026,0.0,-5.0,-43.0
1776885344.1171026,0.0,-4.0,-41.0
1776885344.1271029,3.0,-5.0,-42.0
1776885344.1371028,2.0,-2.0,-43.0
1776885344.1471028,1.0,-2.0,-43.0
1776885344.1571028,4.0,-4.0,-41.0
1776885344.1661026,-1.0,-3.0,-40.0
1776885344.1771028,1.0,0.0,-39.0
1776885344.1871028,1.0,1.0,-41.0
1776885344.1971028,6.0,2.0,-43.0
1776885344.2071028,5.0,2.0,-40.0
1776885344.2171028,3.0,-1.0,-45.0
1776885344.2271028,1.0,-2.0,-47.0
1776885344.2371027,-3.0,-6.0,-46.0
1776885344.2471027,-3.0,-11.0,-51.0
1776885344.2571027,-5.0,-7.0,-42.0
1776885344.2671027,-5.0,-9.0,-40.0
1776885344.2771027,0.0,-6.0,-43.0
1776885344.2871027,2.0,-4.0,-47.0
1776885344.2971027,-1.0,-2.0,-44.0
1776885344.307103,-4.0,-5.0,-43.0
1776885344.317103,-5.0,-6.0,-43.0
1776885344.327103,-1.0,-2.0,-43.0
1776885344.337103,3.0,-1.0,-47.0
1776885344.3471026,1.0,-1.0,-48.0
1776885344.3571026,-4.0,-3.0,-44.0
1776885344.3671026,-2.0,1.0,-47.0
1776885344.3771029,-2.0,-1.0,-49.0
1776885344.3871028,-1.0,-4.0,-52.0
1776885344.3971028,-2.0,-1.0,-49.0
1776885344.4071028,0.0,-2.0,-49.0
1776885344.4171028,0.0,-3.0,-50.0
1776885344.4271028,-3.0,-6.0,-50.0
1776885344.4371028,-5.0,-6.0,-41.0
1776885344.4471028,-2.0,-3.0,-35.0
1776885344.4571028,0.0,-2.0,-39.0
1776885344.4671028,2.0,0.0,-38.0
1776885344.4771028,4.0,3.0,-31.0
1776885344.4871027,0.0,7.0,-34.0
1776885344.4971027,2.0,4.0,-37.0
1776885344.5071027,0.0,4.0,-41.0
1776885344.5171027,0.0,4.0,-37.0
1776885344.5271027,1.0,2.0,-41.0
1776885344.5371027,3.0,0.0,-43.0
1776885344.5471027,5.0,0.0,-49.0
1776885344.557103,5.0,-5.0,-50.0
1776885344.567103,2.0,-5.0,-48.0
1776885344.577103,0.0,-5.0,-49.0
1776885344.587103,0.0,-10.0,-43.0
1776885344.5971026,0.0,-9.0,-53.0
1776885344.6071026,1.0,-9.0,-47.0
1776885344.6171026,5.0,-8.0,-44.0
1776885344.6271029,3.0,-5.0,-46.0
1776885344.6371028,1.0,-4.0,-43.0
1776885344.6471028,2.0,0.0,-29.0
1776885344.6571028,2.0,0.0,-34.0
1776885344.6671028,-2.0,2.0,-34.0
1776885344.6771028,1.0,1.0,-29.0
1776885344.6871028,0.0,0.0,-32.0
1776885344.6971028,0.0,-3.0,-39.0
1776885344.7071028,0.0,0.0,-43.0
1776885344.7171028,-1.0,-1.0,-37.0
1776885344.7271028,1.0,0.0,-36.0
1776885344.7371027,0.0,-6.0,-36.0
1776885344.7471027,-4.0,-5.0,-37.0
1776885344.7571027,-7.0,-4.0,-47.0
1776885344.7671027,-6.0,-2.0,-49.0
1776885344.7771027,-5.0,-1.0,-47.0
1776885344.7871027,-3.0,-4.0,-44.0
1776885344.7971027,-5.0,-2.0,-45.0
1776885344.807103,-2.0,0.0,-54.0
1776885344.817103,-2.0,-2.0,-55.0
1776885344.827103,3.0,-4.0,-57.0
1776885344.837103,9.0,-3.0,-54.0
1776885344.8471026,8.0,-1.0,-53.0
1776885344.8571026,1.0,0.0,-51.0
1776885344.8671026,5.0,-1.0,-50.0
1776885344.8771029,4.0,0.0,-51.0
1776885344.8871028,0.0,-2.0,-49.0
1776885344.8971028,-2.0,-1.0,-44.0
1776885344.9071028,-4.0,-1.0,-40.0
1776885344.9171028,-5.0,-3.0,-39.0
1776885344.9271028,-5.0,-7.0,-41.0
1776885344.9371028,-1.0,-5.0,-42.0
1776885344.9471028,0.0,-6.0,-42.0
1776885344.9571028,4.0,-3.0,-43.0
1776885344.9671028,5.0,-3.0,-40.0
1776885344.9771028,7.0,4.0,-38.0
1776885344.9871027,6.0,3.0,-43.0
1776885344.9971027,7.0,3.0,-46.0
1776885345.0071027,6.0,0.0,-44.0
1776885345.0171027,4.0,0.0,-43.0
1776885345.0271027,9.0,1.0,-35.0
1776885345.0371027,7.0,-2.0,-30.0
1776885345.0471027,7.0,0.0,-30.0
1776885345.057103,4.0,-1.0,-38.0
1776885345.067103,7.0,-2.0,-35.0
1776885345.077103,6.0,-5.0,-33.0
1776885345.087103,4.0,-3.0,-40.0
1776885345.0971026,5.0,0.0,-45.0
1776885345.1071026,6.0,2.0,-47.0
1776885345.1171026,8.0,3.0,-46.0
1776885345.1271029,8.0,3.0,-45.0
1776885345.1371028,5.0,3.0,-47.0
1776885345.1471028,2.0,0.0,-50.0
1776885345.1571028,5.0,3.0,-53.0
1776885345.1671028,6.0,1.0,-53.0
1776885345.1771028,8.0,0.0,-56.0
1776885345.1871028,10.0,-2.0,-52.0
1776885345.1971028,12.0,0.0,-49.0
1776885345.2071028,6.0,4.0,-49.0
1776885345.2171028,2.0,1.0,-50.0
1776885345.2271028,0.0,0.0,-45.0
1776885345.2371027,0.0,1.0,-36.0
1776885345.2471027,4.0,0.0,-36.0
1776885345.2571027,5.0,2.0,-39.0
1776885345.2671027,4.0,2.0,-43.0
1776885345.2771027,3.0,4.0,-46.0
1776885345.2871027,0.0,1.0,-45.0
1776885345.2971027,0.0,-1.0,-45.0
1776885345.307103,3.0,-4.0,-43.0
1776885345.317103,3.0,-3.0,-49.0
1776885345.327103,8.0,0.0,-46.0
1776885345.337103,8.0,3.0,-46.0
1776885345.3471026,10.0,5.0,-47.0
1776885345.3571026,5.0,4.0,-49.0
1776885345.3671026,5.0,1.0,-50.0
1776885345.3771029,5.0,1.0,-45.0
1776885345.3871028,2.0,2.0,-41.0
1776885345.3971028,-1.0,4.0,-34.0
1776885345.4071028,-2.0,1.0,-44.0
1776885345.4171028,-7.0,4.0,-46.0
1776885345.4271028,-10.0,2.0,-51.0
1776885345.4371028,-6.0,0.0,-52.0
1776885345.4471028,-3.0,0.0,-52.0
1776885345.4571028,-5.0,1.0,-48.0
1776885345.4671028,-8.0,3.0,-47.0
1776885345.4771028,-3.0,4.0,-51.0
1776885345.4871027,0.0,0.0,-49.0
1776885345.4971027,2.0,0.0,-48.0
1776885345.5071027,0.0,-1.0,-42.0
1776885345.5171027,0.0,2.0,-42.0
1776885345.5271027,-2.0,4.0,-39.0
1776885345.5371027,-2.0,6.0,-38.0
1776885345.5471027,0.0,0.0,-44.0
1776885345.557103,1.0,-3.0,-44.0
1776885345.567103,1.0,-5.0,-42.0
1776885345.577103,1.0,-2.0,-42.0
1776885345.587103,5.0,-1.0,-44.0
1776885345.5971026,5.0,0.0,-44.0
1776885345.6071026,11.0,-3.0,-49.0
1776885345.6171026,6.0,-4.0,-46.0
1776885345.6271029,6.0,1.0,-47.0
1776885345.6371028,2.0,6.0,-44.0
1776885345.6471028,1.0,6.0,-45.0
1776885345.6571028,0.0,2.0,-46.0
1776885345.6671028,0.0,0.0,-52.0
1776885345.6771028,1.0,1.0,-55.0
1776885345.6871028,5.0,-2.0,-48.0
1776885345.6971028,5.0,-5.0,-51.0
1776885345.7071028,6.0,-6.0,-55.0
1776885345.7171028,1.0,-4.0,-53.0
1776885345.7271028,3.0,-8.0,-48.0
1776885345.7371027,1.0,-12.0,-48.0
1776885345.7471027,3.0,-10.0,-48.0
1776885345.7571027,4.0,-7.0,-50.0
1776885345.7671027,5.0,-6.0,-61.0
1776885345.7771027,5.0,-6.0,-55.0
1776885345.7871027,0.0,-5.0,-47.0
1776885345.7971027,4.0,-5.0,-44.0
1776885345.807103,1.0,0.0,-45.0
1776885345.817103,4.0,-2.0,-50.0
1776885345.827103,7.0,-7.0,-47.0
1776885345.837103,0.0,-5.0,-51.0
1776885345.8471026,4.0,-6.0,-44.0
1776885345.8571026,6.0,-3.0,-47.0
1776885345.8671026,6.0,-7.0,-41.0
1776885345.8771029,8.0,-7.0,-45.0
1776885345.8871028,9.0,-8.0,-49.0
1776885345.8971028,5.0,-6.0,-51.0
1776885345.9071028,11.0,-5.0,-55.0
1776885345.9171028,13.0,-5.0,-55.0
1776885345.9271028,7.0,-5.0,-50.0
1776885345.9371028,7.0,-2.0,-52.0
1776885345.9471028,7.0,-1.0,-51.0
1776885345.9571028,10.0,0.0,-50.0
1776885345.9671028,8.0,-5.0,-46.0
1776885345.9771028,2.0,-3.0,-44.0
1776885345.9871027,0.0,1.0,-46.0
1776885345.9971027,1.0,1.0,-47.0
1776885346.008103,7.0,0.0,-47.0
1776885346.0181026,4.0,-1.0,-51.0
1776885346.0281026,5.0,-3.0,-49.0
1776885346.0371027,8.0,-1.0,-44.0
1776885346.0481029,5.0,1.0,-46.0
1776885346.0581028,3.0,0.0,-41.0
1776885346.0681028,5.0,2.0,-37.0
1776885346.0781028,4.0,2.0,-36.0
1776885346.0881028,3.0,1.0,-43.0
1776885346.0981028,6.0,-2.0,-47.0
1776885346.1081028,8.0,-6.0,-47.0
1776885346.1181028,3.0,-2.0,-52.0
1776885346.1281028,3.0,-3.0,-48.0
1776885346.1381028,-3.0,-2.0,-44.0
1776885346.1481028,-2.0,-4.0,-45.0
1776885346.1581028,-1.0,-8.0,-44.0
1776885346.1681027,2.0,-6.0,-47.0
1776885346.1781027,0.0,-4.0,-46.0
1776885346.1881027,0.0,-4.0,-52.0
1776885346.1981027,0.0,-4.0,-55.0
1776885346.2081027,3.0,-6.0,-45.0
1776885346.2181027,2.0,-4.0,-44.0
1776885346.2281027,-1.0,-1.0,-48.0
1776885346.238103,-6.0,-3.0,-45.0
1776885346.248103,-7.0,-4.0,-48.0
1776885346.258103,0.0,-2.0,-43.0
1776885346.2681026,-1.0,-3.0,-42.0
1776885346.2781026,1.0,-3.0,-38.0
1776885346.2881026,7.0,-4.0,-35.0
1776885346.2981029,10.0,0.0,-36.0
1776885346.3081028,5.0,-1.0,-40.0
1776885346.3181028,2.0,-2.0,-45.0
1776885346.3281028,0.0,-3.0,-51.0
1776885346.3381028,-1.0,-3.0,-49.0
1776885346.3481028,0.0,0.0,-49.0
1776885346.3581028,3.0,-1.0,-38.0
1776885346.3681028,0.0,-4.0,-35.0
1776885346.3781028,1.0,-3.0,-39.0
1776885346.3881028,4.0,0.0,-33.0
1776885346.3981028,3.0,0.0,-38.0
1776885346.4081028,3.0,1.0,-32.0
1776885346.4181027,1.0,2.0,-31.0
1776885346.4281027,4.0,0.0,-32.0
1776885346.4381027,3.0,0.0,-37.0
1776885346.4481027,3.0,3.0,-44.0
1776885346.4581027,-1.0,4.0,-46.0
1776885346.4681027,3.0,1.0,-46.0
1776885346.4781027,3.0,-2.0,-48.0
1776885346.488103,6.0,-2.0,-44.0
1776885346.498103,3.0,-1.0,-45.0
1776885346.508103,0.0,1.0,-45.0
1776885346.5181026,-1.0,0.0,-42.0
1776885346.5281026,-1.0,-1.0,-46.0
1776885346.5381026,-5.0,0.0,-46.0
1776885346.5481029,-6.0,-2.0,-45.0
1776885346.5581028,-8.0,-6.0,-43.0
1776885346.5681028,-6.0,-8.0,-46.0
1776885346.5781028,0.0,-7.0,-42.0
1776885346.5881028,1.0,-8.0,-38.0
1776885346.5981028,3.0,-9.0,-40.0
1776885346.6081028,1.0,-5.0,-42.0
1776885346.6181028,2.0,-4.0,-46.0
1776885346.6281028,2.0,-6.0,-44.0
1776885346.6381028,0.0,-3.0,-42.0
1776885346.6481028,-6.0,-2.0,-38.0
1776885346.6581028,-3.0,-3.0,-38.0
1776885346.6681027,0.0,-2.0,-40.0
1776885346.6781027,-4.0,-3.0,-40.0
1776885346.6881027,-2.0,-2.0,-42.0
1776885346.6981027,-3.0,-1.0,-43.0
1776885346.7081027,-7.0,0.0,-45.0
1776885346.7181027,-6.0,-1.0,-49.0
1776885346.7281027,-6.0,-2.0,-51.0
1776885346.738103,0.0,-2.0,-52.0
1776885346.748103,-2.0,0.0,-58.0
1776885346.758103,-1.0,1.0,-52.0
1776885346.7681026,0.0,6.0,-51.0
1776885346.7781026,1.0,4.0,-47.0
1776885346.7881026,4.0,4.0,-43.0
1776885346.7981029,2.0,5.0,-47.0
1776885346.8081028,1.0,2.0,-41.0
1776885346.8181028,2.0,5.0,-44.0
1776885346.8281028,2.0,6.0,-42.0
1776885346.8381028,0.0,6.0,-43.0
1776885346.8481028,1.0,5.0,-39.0
1776885346.8581028,3.0,4.0,-40.0
1776885346.8681028,2.0,7.0,-32.0
1776885346.8781028,0.0,1.0,-35.0
1776885346.8881028,-1.0,3.0,-43.0
1776885346.8981028,0.0,5.0,-46.0
1776885346.9081028,-2.0,0.0,-49.0
1776885346.9181027,-2.0,0.0,-44.0
1776885346.9281027,-1.0,-1.0,-42.0
1776885346.9381027,0.0,0.0,-41.0
1776885346.9481027,4.0,-3.0,-34.0
1776885346.9581027,2.0,-3.0,-38.0
1776885346.9681027,1.0,-1.0,-40.0
1776885346.9781027,1.0,-2.0,-41.0
1776885346.988103,2.0,-6.0,-45.0
1776885346.998103,2.0,-3.0,-45.0
1776885347.008103,2.0,0.0,-48.0
1776885347.0181026,1.0,1.0,-50.0
1776885347.0281026,1.0,2.0,-50.0
1776885347.0381026,3.0,0.0,-45.0
1776885347.0481029,6.0,-2.0,-45.0
1776885347.0581028,5.0,-3.0,-47.0
1776885347.0681028,1.0,-1.0,-50.0
1776885347.0781028,0.0,-5.0,-49.0
1776885347.0881028,-1.0,-7.0,-46.0
1776885347.0981028,0.0,-10.0,-47.0
1776885347.1081028,-2.0,-10.0,-46.0
1776885347.1181028,-3.0,-7.0,-45.0
1776885347.1281028,-4.0,-6.0,-52.0
1776885347.1381028,-8.0,-8.0,-47.0
1776885347.1481028,-6.0,-8.0,-44.0
1776885347.1581028,-5.0,-6.0,-40.0
1776885347.1681027,-5.0,-10.0,-38.0
1776885347.1781027,-7.0,-11.0,-43.0
1776885347.1881027,-3.0,-9.0,-50.0
1776885347.1981027,-3.0,-5.0,-50.0
1776885347.2081027,-4.0,-2.0,-51.0
1776885347.2181027,-4.0,-3.0,-46.0
1776885347.2281027,-5.0,-2.0,-43.0
1776885347.238103,-3.0,-2.0,-35.0
1776885347.248103,0.0,-4.0,-42.0
1776885347.258103,0.0,-3.0,-40.0
1776885347.2681026,0.0,-5.0,-44.0
1776885347.2781026,3.0,-5.0,-41.0
1776885347.2881026,6.0,-8.0,-37.0
1776885347.2981029,6.0,-9.0,-30.0
1776885347.3081028,-2.0,-7.0,-35.0
1776885347.3181028,0.0,-7.0,-34.0
1776885347.3281028,0.0,-4.0,-35.0
1776885347.3381028,2.0,-5.0,-37.0
1776885347.3481028,1.0,0.0,-37.0
1776885347.3581028,2.0,-1.0,-39.0
1776885347.3681028,4.0,1.0,-37.0
1776885347.3781028,1.0,1.0,-48.0
1776885347.3881028,0.0,-3.0,-46.0
1776885347.3981028,1.0,-5.0,-42.0
1776885347.4081028,0.0,0.0,-45.0
1776885347.4181027,0.0,0.0,-46.0
1776885347.4281027,-1.0,-3.0,-44.0
1776885347.4381027,-4.0,-3.0,-50.0
1776885347.4481027,-5.0,0.0,-51.0
1776885347.4581027,-4.0,0.0,-50.0
1776885347.4681027,-3.0,1.0,-44.0
1776885347.4781027,-3.0,1.0,-39.0
1776885347.488103,-4.0,1.0,-37.0
1776885347.498103,-3.0,-5.0,-37.0
1776885347.508103,1.0,-6.0,-36.0
1776885347.5181026,0.0,-6.0,-37.0
1776885347.5281026,-2.0,-4.0,-39.0
1776885347.5381026,-3.0,-4.0,-34.0
1776885347.5481029,-5.0,-6.0,-35.0
1776885347.5581028,-7.0,-3.0,-32.0
1776885347.5681028,-7.0,-8.0,-34.0
1776885347.5781028,-4.0,-6.0,-37.0
1776885347.5881028,0.0,-4.0,-45.0
1776885347.5981028,0.0,0.0,-51.0
1776885347.6081028,1.0,-2.0,-49.0
1776885347.6181028,0.0,-3.0,-44.0
1776885347.6281028,2.0,-3.0,-49.0
1776885347.6381028,0.0,-4.0,-52.0
1776885347.6481028,2.0,-4.0,-47.0
1776885347.6581028,2.0,-9.0,-42.0
1776885347.6681027,4.0,-9.0,-46.0
1776885347.6781027,3.0,-9.0,-45.0
1776885347.6881027,-6.0,-11.0,-42.0
1776885347.6981027,-8.0,-8.0,-42.0
1776885347.7081027,-5.0,-6.0,-44.0
1776885347.7181027,-8.0,-4.0,-44.0
1776885347.7281027,-6.0,-2.0,-45.0
1776885347.738103,-6.0,-3.0,-43.0
1776885347.748103,-2.0,-3.0,-39.0
1776885347.758103,-5.0,-5.0,-42.0
1776885347.7681026,-3.0,-6.0,-49.0
1776885347.7781026,1.0,-7.0,-47.0
1776885347.7881026,-1.0,-8.0,-49.0
1776885347.7981029,0.0,-6.0,-46.0
1776885347.8081028,0.0,-4.0,-47.0
1776885347.8181028,1.0,0.0,-52.0
1776885347.8281028,2.0,-3.0,-53.0
1776885347.8381028,2.0,-2.0,-55.0
1776885347.8481028,-1.0,-3.0,-45.0
1776885347.8581028,0.0,-4.0,-39.0
1776885347.8681028,1.0,-4.0,-35.0
1776885347.8781028,0.0,-4.0,-32.0
1776885347.8881028,-4.0,-4.0,-32.0
1776885347.8981028,-3.0,-5.0,-35.0
1776885347.9081028,-2.0,-8.0,-37.0
1776885347.9181027,-6.0,-4.0,-36.0
1776885347.9281027,-5.0,-5.0,-40.0
1776885347.9381027,-2.0,-5.0,-36.0
1776885347.9481027,-3.0,-5.0,-36.0
1776885347.9581027,0.0,-5.0,-40.0
1776885347.9681027,1.0,-4.0,-33.0
1776885347.9781027,0.0,-2.0,-36.0
1776885347.9891028,-2.0,-9.0,-41.0
1776885347.998103,-7.0,-8.0,-34.0
1776885348.008103,-5.0,-5.0,-39.0
1776885348.0191028,-4.0,-2.0,-41.0
1776885348.0291028,-3.0,-2.0,-42.0
1776885348.0391028,-1.0,-6.0,-42.0
1776885348.0491028,-4.0,-4.0,-41.0
1776885348.0581028,-6.0,-2.0,-40.0
1776885348.0691028,-2.0,-1.0,-41.0
1776885348.0791028,-7.0,-1.0,-44.0
1776885348.0891027,-13.0,-3.0,-37.0
1776885348.0991027,-13.0,-3.0,-39.0
1776885348.1091027,-14.0,-1.0,-43.0
1776885348.1191027,-14.0,-1.0,-43.0
1776885348.1291027,-8.0,0.0,-45.0
1776885348.1391027,-6.0,-3.0,-43.0
1776885348.1491027,-1.0,-2.0,-42.0
1776885348.159103,2.0,-2.0,-42.0
1776885348.169103,-1.0,0.0,-47.0
1776885348.179103,-2.0,0.0,-45.0
1776885348.1891026,0.0,-3.0,-41.0
1776885348.1991026,0.0,-4.0,-43.0
1776885348.2091026,-4.0,-2.0,-45.0
1776885348.2191026,-2.0,-1.0,-39.0
1776885348.2291028,4.0,0.0,-42.0
1776885348.2391028,2.0,2.0,-46.0
1776885348.2491028,4.0,2.0,-48.0
1776885348.2591028,-1.0,1.0,-42.0
1776885348.2691028,2.0,-2.0,-41.0
1776885348.2791028,0.0,-5.0,-46.0
1776885348.2891028,-1.0,-2.0,-42.0
1776885348.2991028,-3.0,-4.0,-45.0
1776885348.3091028,1.0,-2.0,-42.0
1776885348.3191028,1.0,0.0,-39.0
1776885348.3291028,2.0,0.0,-41.0
1776885348.3391027,4.0,0.0,-38.0
1776885348.3491027,5.0,-7.0,-42.0
1776885348.3591027,8.0,-3.0,-43.0
1776885348.3691027,6.0,-4.0,-42.0
1776885348.3791027,3.0,-3.0,-41.0
1776885348.3891027,5.0,-6.0,-41.0
1776885348.3991027,0.0,-9.0,-38.0
1776885348.409103,1.0,-2.0,-38.0
1776885348.419103,0.0,-4.0,-42.0
1776885348.429103,0.0,-3.0,-41.0
1776885348.4391026,0.0,-4.0,-49.0
1776885348.4491026,0.0,-7.0,-45.0
1776885348.4591026,0.0,-3.0,-48.0
1776885348.4691026,-1.0,-2.0,-45.0
1776885348.4791028,-4.0,-1.0,-39.0
1776885348.4891028,-5.0,0.0,-35.0
1776885348.4991028,-5.0,-2.0,-40.0
1776885348.5091028,-1.0,-3.0,-48.0
1776885348.5191028,-1.0,-1.0,-49.0
1776885348.5291028,-4.0,-3.0,-54.0
1776885348.5391028,0.0,-5.0,-55.0
1776885348.5491028,-2.0,-7.0,-48.0
1776885348.5591028,3.0,-10.0,-43.0
1776885348.5691028,1.0,-7.0,-43.0
1776885348.5791028,0.0,-5.0,-41.0
1776885348.5891027,-2.0,-2.0,-40.0
1776885348.5991027,-2.0,-1.0,-39.0
1776885348.6091027,2.0,-6.0,-44.0
1776885348.6191027,5.0,-5.0,-40.0
1776885348.6291027,5.0,-5.0,-46.0
1776885348.6391027,9.0,-2.0,-44.0
1776885348.6491027,11.0,-5.0,-40.0
1776885348.659103,10.0,-2.0,-37.0
1776885348.669103,7.0,0.0,-34.0
1776885348.679103,5.0,3.0,-34.0
1776885348.6891026,10.0,-1.0,-34.0
1776885348.6991026,5.0,2.0,-34.0
1776885348.7091026,4.0,7.0,-40.0
1776885348.7191026,7.0,4.0,-47.0
1776885348.7291028,4.0,0.0,-48.0
1776885348.7391028,1.0,0.0,-46.0
1776885348.7491028,-2.0,-1.0,-43.0
1776885348.7591028,0.0,-2.0,-37.0
1776885348.7691028,-1.0,-3.0,-34.0
1776885348.7791028,0.0,-3.0,-37.0
1776885348.7891028,2.0,0.0,-35.0
1776885348.7991028,-2.0,2.0,-36.0
1776885348.8091028,-4.0,1.0,-38.0
1776885348.8191028,-4.0,-5.0,-31.0
1776885348.8291028,-5.0,-3.0,-31.0
1776885348.8391027,-4.0,-2.0,-34.0
1776885348.8491027,-3.0,-2.0,-37.0
1776885348.8591027,-3.0,-1.0,-44.0
1776885348.8691027,-1.0,-1.0,-48.0
1776885348.8791027,0.0,1.0,-47.0
1776885348.8891027,3.0,0.0,-47.0
1776885348.8991027,2.0,-2.0,-47.0
1776885348.909103,4.0,-3.0,-55.0
1776885348.919103,5.0,-6.0,-50.0
1776885348.929103,6.0,-4.0,-45.0
1776885348.9391026,7.0,3.0,-37.0
1776885348.9491026,6.0,5.0,-29.0
1776885348.9591026,0.0,3.0,-27.0
1776885348.9691026,-2.0,2.0,-26.0
1776885348.9791028,-1.0,4.0,-30.0
1776885348.9891028,1.0,5.0,-44.0
1776885348.9991028,0.0,9.0,-49.0
1776885349.0091028,2.0,10.0,-49.0
1776885349.0191028,0.0,6.0,-49.0
1776885349.0291028,0.0,5.0,-48.0
1776885349.0391028,-4.0,1.0,-41.0
1776885349.0491028,-1.0,1.0,-36.0
1776885349.0591028,2.0,1.0,-38.0
1776885349.0691028,1.0,3.0,-44.0
1776885349.0791028,-1.0,4.0,-46.0
1776885349.0891027,-3.0,3.0,-51.0
1776885349.0991027,-5.0,2.0,-54.0
1776885349.1091027,-1.0,1.0,-51.0
1776885349.1191027,-5.0,1.0,-47.0
1776885349.1291027,-4.0,2.0,-43.0
1776885349.1391027,-1.0,6.0,-40.0
1776885349.1491027,-1.0,3.0,-42.0
1776885349.159103,0.0,2.0,-47.0
1776885349.169103,0.0,2.0,-42.0
1776885349.179103,3.0,2.0,-51.0
1776885349.1891026,6.0,4.0,-52.0
1776885349.1991026,7.0,4.0,-54.0
1776885349.2091026,2.0,3.0,-48.0
1776885349.2191026,3.0,0.0,-48.0
1776885349.2291028,3.0,-1.0,-40.0
1776885349.2391028,2.0,0.0,-40.0
1776885349.2491028,-1.0,1.0,-37.0
1776885349.2591028,0.0,-3.0,-43.0
1776885349.2691028,-2.0,-6.0,-43.0
1776885349.2791028,1.0,-2.0,-38.0
1776885349.2891028,1.0,0.0,-42.0
1776885349.2991028,0.0,-2.0,-39.0
1776885349.3091028,-3.0,-2.0,-40.0
1776885349.3191028,-1.0,-4.0,-41.0
1776885349.3291028,-1.0,-1.0,-49.0
1776885349.3391027,-2.0,1.0,-35.0
1776885349.3491027,-3.0,0.0,-30.0
1776885349.3591027,-4.0,-2.0,-28.0
1776885349.3691027,-3.0,-7.0,-32.0
1776885349.3791027,-2.0,-7.0,-34.0
1776885349.3891027,-3.0,-5.0,-31.0
1776885349.3991027,-1.0,0.0,-33.0
1776885349.409103,-2.0,0.0,-29.0
1776885349.419103,0.0,-2.0,-37.0
1776885349.429103,1.0,-3.0,-31.0
1776885349.4391026,0.0,1.0,-34.0
1776885349.4491026,1.0,1.0,-33.0
1776885349.4591026,-4.0,-2.0,-42.0
1776885349.4691026,-8.0,-2.0,-46.0
1776885349.4791028,-6.0,-4.0,-42.0
1776885349.4891028,-2.0,-2.0,-39.0
1776885349.4991028,0.0,1.0,-40.0
1776885349.5091028,4.0,3.0,-41.0
1776885349.5191028,1.0,1.0,-37.0
1776885349.5291028,2.0,0.0,-39.0
1776885349.5391028,-2.0,0.0,-45.0
1776885349.5491028,0.0,2.0,-45.0
1776885349.5591028,5.0,-1.0,-47.0
1776885349.5691028,7.0,-6.0,-51.0
1776885349.5791028,9.0,-2.0,-43.0
1776885349.5891027,12.0,-4.0,-41.0
1776885349.5991027,8.0,0.0,-38.0
1776885349.6091027,6.0,-2.0,-39.0
1776885349.6191027,5.0,0.0,-41.0
1776885349.6291027,4.0,-2.0,-46.0
1776885349.6391027,4.0,-5.0,-48.0
1776885349.6491027,5.0,-5.0,-44.0
1776885349.659103,6.0,-10.0,-38.0
1776885349.669103,1.0,-8.0,-39.0
1776885349.679103,0.0,-4.0,-36.0
1776885349.6891026,-1.0,-3.0,-29.0
1776885349.6991026,-1.0,-6.0,-38.0
1776885349.7091026,2.0,-4.0,-36.0
1776885349.7191026,2.0,-4.0,-43.0
1776885349.7291028,2.0,-6.0,-42.0
1776885349.7391028,1.0,-10.0,-41.0
1776885349.7491028,3.0,-13.0,-44.0
1776885349.7591028,1.0,-13.0,-41.0
1776885349.7691028,1.0,-7.0,-38.0
1776885349.7791028,6.0,-6.0,-39.0
1776885349.7891028,4.0,-4.0,-37.0
1776885349.7991028,1.0,-2.0,-44.0
1776885349.8091028,2.0,0.0,-47.0
1776885349.8191028,1.0,1.0,-56.0
1776885349.8291028,1.0,1.0,-53.0
1776885349.8391027,2.0,-2.0,-54.0
1776885349.8491027,-3.0,-3.0,-50.0
1776885349.8591027,-3.0,-6.0,-46.0
1776885349.8691027,-4.0,-6.0,-46.0
1776885349.8791027,-1.0,-7.0,-47.0
1776885349.8891027,4.0,-10.0,-46.0
1776885349.8991027,7.0,-11.0,-47.0
1776885349.909103,9.0,-8.0,-42.0
1776885349.919103,8.0,-4.0,-41.0
1776885349.929103,2.0,-5.0,-44.0
1776885349.9391026,3.0,-1.0,-40.0
1776885349.9491026,0.0,-6.0,-35.0
1776885349.9601028,0.0,-3.0,-35.0
1776885349.9691026,0.0,-1.0,-36.0
1776885349.9801028,0.0,3.0,-39.0
1776885349.9891028,4.0,0.0,-37.0
1776885350.0001028,3.0,1.0,-43.0
1776885350.0101027,5.0,-1.0,-40.0
1776885350.0201027,10.0,0.0,-37.0
1776885350.0301027,11.0,1.0,-40.0
1776885350.0401027,10.0,-1.0,-36.0
1776885350.0501027,3.0,4.0,-43.0
1776885350.0601027,1.0,0.0,-46.0
1776885350.0701027,-2.0,-1.0,-44.0
1776885350.0801027,1.0,-1.0,-42.0
1776885350.090103,1.0,-5.0,-37.0
1776885350.100103,0.0,-5.0,-33.0
1776885350.110103,0.0,-5.0,-30.0
1776885350.1201026,1.0,-1.0,-34.0
1776885350.1301026,1.0,-3.0,-40.0
1776885350.1401026,-4.0,-5.0,-42.0
1776885350.1501029,0.0,-5.0,-44.0
1776885350.1601028,-2.0,-3.0,-34.0
1776885350.1701028,2.0,-4.0,-39.0
1776885350.1801028,0.0,-1.0,-35.0
1776885350.1901028,0.0,-3.0,-41.0
1776885350.2001028,0.0,-1.0,-46.0
1776885350.2101028,2.0,0.0,-47.0
1776885350.2201028,4.0,0.0,-47.0
1776885350.2301028,3.0,0.0,-52.0
1776885350.2401028,4.0,-1.0,-52.0
1776885350.2501028,5.0,-2.0,-46.0
1776885350.2601027,6.0,2.0,-51.0
1776885350.2701027,8.0,3.0,-46.0
1776885350.2801027,9.0,6.0,-47.0
1776885350.2901027,6.0,1.0,-46.0
1776885350.3001027,4.0,-1.0,-41.0
1776885350.3101027,5.0,1.0,-39.0
1776885350.3201027,1.0,-1.0,-35.0
1776885350.3301027,0.0,-4.0,-36.0
1776885350.340103,-1.0,-6.0,-37.0
1776885350.350103,0.0,-7.0,-37.0
1776885350.360103,-2.0,-8.0,-41.0
1776885350.3701026,-5.0,-4.0,-37.0
1776885350.3801026,-6.0,-4.0,-42.0
1776885350.3901026,-8.0,-3.0,-32.0
1776885350.4001029,-4.0,0.0,-32.0
1776885350.4101028,-1.0,0.0,-31.0
1776885350.4201028,1.0,-2.0,-33.0
1776885350.4301028,-3.0,-5.0,-38.0
1776885350.4401028,-6.0,-5.0,-42.0
1776885350.4501028,-2.0,0.0,-41.0
1776885350.4601028,-5.0,0.0,-48.0
1776885350.4701028,-5.0,1.0,-48.0
1776885350.4801028,-2.0,1.0,-47.0
1776885350.4901028,0.0,0.0,-45.0
1776885350.5001028,3.0,3.0,-42.0
1776885350.5101027,0.0,1.0,-42.0
1776885350.5201027,-3.0,1.0,-39.0
1776885350.5301027,-1.0,-1.0,-44.0
1776885350.5401027,-2.0,-4.0,-43.0
1776885350.5501027,-2.0,-5.0,-41.0
1776885350.5601027,0.0,-5.0,-41.0
1776885350.5701027,-1.0,-6.0,-38.0
1776885350.5801027,-1.0,-8.0,-39.0
1776885350.590103,0.0,-7.0,-40.0
1776885350.600103,-4.0,-4.0,-47.0
1776885350.610103,-7.0,-3.0,-46.0
1776885350.6201026,-9.0,-1.0,-46.0
1776885350.6301026,-11.0,1.0,-44.0
1776885350.6401026,-1.0,1.0,-48.0
1776885350.6501029,-1.0,-4.0,-46.0
1776885350.6601028,-5.0,-8.0,-46.0
1776885350.6701028,-7.0,-8.0,-43.0
1776885350.6801028,-6.0,-5.0,-47.0
1776885350.6901028,-1.0,-3.0,-43.0
1776885350.7001028,0.0,-5.0,-41.0
1776885350.7101028,-1.0,-6.0,-44.0
1776885350.7201028,0.0,-4.0,-41.0
1776885350.7301028,0.0,-4.0,-41.0
1776885350.7401028,1.0,-3.0,-45.0
1776885350.7501028,0.0,-5.0,-56.0
1776885350.7601027,-2.0,-2.0,-54.0
1776885350.7701027,0.0,2.0,-56.0
1776885350.7801027,0.0,0.0,-50.0
1776885350.7901027,4.0,-1.0,-49.0
1776885350.8001027,4.0,0.0,-48.0
1776885350.8101027,5.0,1.0,-46.0
1776885350.8201027,6.0,1.0,-39.0
1776885350.8301027,6.0,-2.0,-38.0
1776885350.840103,5.0,-4.0,-38.0
1776885350.850103,7.0,-10.0,-35.0
1776885350.860103,2.0,-5.0,-33.0
1776885350.8701026,5.0,0.0,-33.0
1776885350.8801026,5.0,-2.0,-35.0
1776885350.8901026,-4.0,1.0,-39.0
1776885350.9001029,0.0,3.0,-36.0
1776885350.9101028,0.0,3.0,-42.0
1776885350.9201028,-4.0,0.0,-35.0
1776885350.9301028,-3.0,1.0,-39.0
1776885350.9401028,-3.0,0.0,-42.0
1776885350.9501028,4.0,-1.0,-47.0
1776885350.9601028,4.0,0.0,-47.0
1776885350.9701028,3.0,-2.0,-54.0
1776885350.9801028,2.0,-4.0,-51.0
1776885350.9901028,4.0,-4.0,-51.0
1776885351.0001028,6.0,-6.0,-42.0
1776885351.0101027,5.0,-4.0,-40.0
1776885351.0201027,5.0,-4.0,-43.0
1776885351.0301027,5.0,-2.0,-42.0
1776885351.0401027,4.0,-1.0,-38.0
1776885351.0501027,0.0,-3.0,-41.0
1776885351.0601027,3.0,-4.0,-41.0
1776885351.0701027,0.0,-2.0,-41.0
1776885351.0801027,0.0,-1.0,-48.0
1776885351.090103,0.0,-3.0,-50.0
1776885351.100103,0.0,-3.0,-46.0
1776885351.110103,-1.0,-2.0,-49.0
1776885351.1201026,-1.0,-2.0,-50.0
1776885351.1301026,-3.0,-6.0,-49.0
1776885351.1401026,-2.0,-9.0,-55.0
1776885351.1501029,-1.0,-11.0,-57.0
1776885351.1601028,2.0,-11.0,-59.0
1776885351.1701028,0.0,-12.0,-56.0
1776885351.1801028,1.0,-9.0,-60.0
1776885351.1901028,1.0,-7.0,-59.0
1776885351.2001028,0.0,-2.0,-54.0
1776885351.2101028,-1.0,2.0,-52.0
1776885351.2201028,-3.0,0.0,-50.0
1776885351.2301028,-6.0,0.0,-41.0
1776885351.2401028,-8.0,0.0,-40.0
1776885351.2501028,-5.0,2.0,-41.0
1776885351.2601027,-6.0,0.0,-43.0
1776885351.2701027,-4.0,0.0,-47.0
1776885351.2801027,-2.0,0.0,-47.0
1776885351.2901027,-1.0,0.0,-50.0
1776885351.3001027,-1.0,0.0,-60.0
1776885351.3101027,-3.0,-3.0,-52.0
1776885351.3201027,0.0,-5.0,-47.0
1776885351.3301027,4.0,-2.0,-47.0
1776885351.340103,1.0,-2.0,-43.0
1776885351.350103,1.0,-3.0,-39.0
1776885351.360103,2.0,-1.0,-40.0
1776885351.3701026,2.0,-3.0,-49.0
1776885351.3801026,0.0,0.0,-54.0
1776885351.3901026,0.0,0.0,-49.0
1776885351.4001029,-4.0,0.0,-42.0
1776885351.4101028,-2.0,0.0,-42.0
1776885351.4201028,-2.0,0.0,-44.0
1776885351.4301028,-6.0,1.0,-45.0
1776885351.4401028,-3.0,0.0,-53.0
1776885351.4501028,0.0,-4.0,-52.0
1776885351.4601028,2.0,-3.0,-48.0
1776885351.4701028,-3.0,-2.0,-44.0
1776885351.4801028,0.0,-2.0,-53.0
1776885351.4901028,-1.0,-1.0,-46.0
1776885351.5001028,-4.0,-2.0,-44.0
1776885351.5101027,-2.0,-2.0,-45.0
1776885351.5201027,-1.0,-1.0,-47.0
1776885351.5301027,2.0,-1.0,-51.0
1776885351.5401027,1.0,-1.0,-49.0
1776885351.5501027,-1.0,-2.0,-44.0
1776885351.5601027,-3.0,-6.0,-47.0
1776885351.5701027,-1.0,-1.0,-47.0
1776885351.5801027,0.0,0.0,-45.0
1776885351.590103,0.0,-2.0,-48.0
1776885351.600103,1.0,-1.0,-44.0
1776885351.610103,-1.0,0.0,-44.0
1776885351.6201026,1.0,-2.0,-49.0
1776885351.6301026,1.0,-1.0,-39.0
1776885351.6401026,3.0,1.0,-39.0
1776885351.6501029,0.0,-2.0,-43.0
1776885351.6601028,0.0,-5.0,-40.0
1776885351.6701028,3.0,-15.0,-34.0
1776885351.6801028,4.0,-14.0,-37.0
1776885351.6901028,6.0,-14.0,-42.0
1776885351.7001028,1.0,-13.0,-46.0
1776885351.7101028,2.0,-12.0,-47.0
1776885351.7201028,0.0,-11.0,-48.0
1776885351.7301028,0.0,-13.0,-50.0
1776885351.7401028,-1.0,-9.0,-48.0
1776885351.7501028,-2.0,-7.0,-50.0
1776885351.7601027,0.0,-11.0,-52.0
1776885351.7701027,2.0,-11.0,-58.0
1776885351.7801027,0.0,-7.0,-50.0
1776885351.7901027,5.0,-7.0,-45.0
1776885351.8001027,0.0,-5.0,-47.0
1776885351.8101027,0.0,-9.0,-46.0
1776885351.8201027,2.0,-7.0,-44.0
1776885351.8301027,0.0,-5.0,-41.0
1776885351.840103,-1.0,-5.0,-40.0
1776885351.850103,-1.0,0.0,-48.0
1776885351.860103,-2.0,-1.0,-49.0
1776885351.8701026,1.0,-4.0,-46.0
1776885351.8801026,9.0,-8.0,-46.0
1776885351.8901026,4.0,-7.0,-50.0
1776885351.9001029,2.0,-8.0,-51.0
1776885351.9101028,3.0,-9.0,-50.0
1776885351.9201028,0.0,-13.0,-48.0
1776885351.9311028,2.0,-13.0,-49.0
1776885351.9401028,5.0,-10.0,-41.0
1776885351.9511027,7.0,-8.0,-42.0
1776885351.9611027,0.0,-8.0,-47.0
1776885351.9711027,1.0,-8.0,-51.0
1776885351.9811027,1.0,-6.0,-46.0
1776885351.9911027,0.0,-8.0,-43.0
1776885352.0011027,-4.0,-4.0,-46.0
1776885352.011103,-5.0,-3.0,-49.0
1776885352.021103,-4.0,-4.0,-51.0
1776885352.031103,-3.0,-5.0,-51.0
1776885352.0411026,-4.0,-4.0,-48.0
1776885352.0511026,-1.0,-1.0,-45.0
1776885352.0611026,-1.0,-1.0,-40.0
1776885352.0711029,-3.0,-1.0,-28.0
1776885352.0811028,-3.0,0.0,-28.0
1776885352.0911028,2.0,-1.0,-34.0
1776885352.1011028,1.0,-6.0,-40.0
1776885352.1111028,0.0,-5.0,-34.0
1776885352.1211028,0.0,-3.0,-32.0
1776885352.1311028,0.0,-4.0,-34.0
1776885352.1411028,-1.0,0.0,-37.0
1776885352.1511028,0.0,-1.0,-42.0
1776885352.1611028,0.0,-6.0,-34.0
1776885352.1711028,-1.0,-10.0,-30.0
1776885352.1811028,0.0,-8.0,-32.0
1776885352.1911027,0.0,-7.0,-40.0
1776885352.2011027,2.0,-8.0,-39.0
1776885352.2111027,0.0,-4.0,-43.0
1776885352.2211027,2.0,0.0,-34.0
1776885352.2311027,-2.0,-7.0,-37.0
1776885352.2411027,-2.0,-4.0,-37.0
1776885352.2511027,-3.0,-6.0,-41.0
1776885352.261103,-2.0,-6.0,-44.0
1776885352.271103,-1.0,-8.0,-46.0
1776885352.281103,0.0,-6.0,-41.0
1776885352.2911026,4.0,-3.0,-43.0
1776885352.3011026,5.0,-1.0,-46.0
1776885352.3111026,3.0,-3.0,-53.0
1776885352.3211029,2.0,-8.0,-56.0
1776885352.3311028,2.0,-4.0,-54.0
1776885352.3411028,1.0,-4.0,-54.0
1776885352.3511028,5.0,-5.0,-44.0
1776885352.3611028,-2.0,-6.0,-44.0
1776885352.3711028,0.0,-7.0,-44.0
1776885352.3811028,1.0,-3.0,-42.0
1776885352.3911028,-3.0,0.0,-39.0
1776885352.4011028,-7.0,-1.0,-42.0
1776885352.4111028,-8.0,-2.0,-47.0
1776885352.4211028,-10.0,0.0,-49.0
1776885352.4311028,-9.0,0.0,-50.0
1776885352.4411027,-4.0,-1.0,-56.0
1776885352.4511027,-3.0,-1.0,-54.0
1776885352.4611027,0.0,0.0,-49.0
1776885352.4711027,1.0,0.0,-48.0
1776885352.4811027,0.0,2.0,-49.0
1776885352.4911027,-1.0,3.0,-40.0
1776885352.5011027,0.0,6.0,-41.0
1776885352.511103,-1.0,8.0,-42.0
1776885352.521103,0.0,7.0,-41.0
1776885352.531103,1.0,7.0,-44.0
1776885352.5411026,2.0,7.0,-43.0
1776885352.5511026,2.0,2.0,-43.0
1776885352.5611026,0.0,0.0,-41.0
1776885352.5711029,-1.0,0.0,-37.0
1776885352.5811028,0.0,0.0,-34.0
1776885352.5911028,2.0,-2.0,-37.0
1776885352.6011028,3.0,-5.0,-31.0
1776885352.6111028,5.0,-5.0,-29.0
1776885352.6211028,6.0,-3.0,-32.0
1776885352.6311028,5.0,-5.0,-35.0
1776885352.6411028,0.0,-3.0,-40.0
1776885352.6511028,0.0,-2.0,-41.0
1776885352.6611028,-2.0,1.0,-42.0
1776885352.6711028,-1.0,1.0,-46.0
1776885352.6811028,-3.0,2.0,-44.0
1776885352.6911027,-2.0,3.0,-47.0
1776885352.7011027,-3.0,-1.0,-51.0
1776885352.7111027,0.0,-3.0,-49.0
1776885352.7211027,-1.0,-2.0,-47.0
1776885352.7311027,0.0,-4.0,-44.0
1776885352.7411027,-2.0,0.0,-45.0
1776885352.7511027,-1.0,-2.0,-46.0
1776885352.761103,1.0,-1.0,-43.0
1776885352.771103,-1.0,0.0,-43.0
1776885352.781103,-3.0,-4.0,-41.0
1776885352.7911026,-1.0,-7.0,-42.0
1776885352.8011026,-4.0,-2.0,-49.0
1776885352.8111026,-6.0,-4.0,-48.0
1776885352.8211029,-7.0,-1.0,-45.0
1776885352.8311028,-5.0,-5.0,-38.0
1776885352.8411028,-2.0,-3.0,-44.0
1776885352.8511028,-3.0,-4.0,-46.0
1776885352.8611028,-2.0,-4.0,-41.0
1776885352.8711028,2.0,-2.0,-41.0
1776885352.8811028,3.0,0.0,-38.0
1776885352.8911028,2.0,2.0,-36.0
1776885352.9011028,0.0,-1.0,-28.0
1776885352.9111028,0.0,-4.0,-34.0
1776885352.9211028,-2.0,-4.0,-36.0
1776885352.9311028,-4.0,-3.0,-37.0
1776885352.942103,0.0,-1.0,-37.0
1776885352.9511027,0.0,0.0,-37.0
1776885352.9611027,-2.0,-1.0,-36.0
1776885352.9711027,-8.0,1.0,-40.0
1776885352.9811027,-4.0,5.0,-39.0
1776885352.9911027,-2.0,5.0,-42.0
1776885353.0011027,0.0,3.0,-35.0
1776885353.011103,5.0,1.0,-40.0
1776885353.021103,1.0,3.0,-43.0
1776885353.031103,-2.0,8.0,-42.0
1776885353.0411026,-1.0,4.0,-37.0
1776885353.0511026,1.0,4.0,-36.0
1776885353.0611026,7.0,4.0,-32.0
1776885353.0711029,4.0,8.0,-37.0
1776885353.0811028,7.0,3.0,-38.0
1776885353.0911028,9.0,3.0,-34.0
1776885353.1011028,11.0,2.0,-31.0
1776885353.1111028,10.0,-1.0,-28.0
1776885353.1211028,4.0,-1.0,-34.0
1776885353.1311028,3.0,-5.0,-35.0
1776885353.1411028,0.0,-4.0,-38.0
1776885353.1511028,0.0,0.0,-45.0
1776885353.1611028,-1.0,-1.0,-44.0
1776885353.1711028,-1.0,-3.0,-43.0
1776885353.1811028,1.0,-2.0,-43.0
1776885353.1911027,3.0,0.0,-53.0
1776885353.2011027,2.0,1.0,-56.0
1776885353.2111027,3.0,-1.0,-57.0
1776885353.2211027,7.0,-1.0,-54.0
1776885353.2311027,2.0,-2.0,-62.0
1776885353.2411027,4.0,-3.0,-53.0
1776885353.2511027,0.0,-9.0,-49.0
1776885353.261103,3.0,-9.0,-47.0
1776885353.271103,3.0,-7.0,-42.0
1776885353.281103,6.0,-8.0,-44.0
1776885353.2911026,5.0,-10.0,-42.0
1776885353.3011026,4.0,-7.0,-43.0
1776885353.3111026,3.0,-4.0,-49.0
1776885353.3211029,8.0,-2.0,-53.0
1776885353.3311028,7.0,-1.0,-46.0
1776885353.3411028,0.0,-4.0,-49.0
1776885353.3511028,-4.0,-3.0,-41.0
1776885353.3611028,-3.0,-1.0,-37.0
1776885353.3711028,-1.0,0.0,-40.0
1776885353.3811028,-2.0,-3.0,-36.0
1776885353.3911028,0.0,0.0,-41.0
1776885353.4011028,1.0,2.0,-46.0
1776885353.4111028,0.0,-4.0,-44.0
1776885353.4211028,0.0,0.0,-39.0
1776885353.4311028,1.0,-1.0,-39.0
1776885353.4411027,5.0,-5.0,-44.0
1776885353.4511027,7.0,-7.0,-43.0
1776885353.4611027,0.0,-11.0,-42.0
1776885353.4711027,1.0,-7.0,-39.0
1776885353.4811027,3.0,-6.0,-35.0
1776885353.4911027,0.0,-2.0,-38.0
1776885353.5011027,-1.0,-2.0,-44.0
1776885353.511103,1.0,-1.0,-41.0
1776885353.521103,-2.0,-3.0,-37.0
1776885353.531103,-3.0,-7.0,-40.0
1776885353.5411026,2.0,-5.0,-45.0
1776885353.5511026,3.0,-4.0,-48.0
1776885353.5611026,6.0,-3.0,-53.0
1776885353.5711029,7.0,-5.0,-52.0
1776885353.5811028,6.0,-5.0,-53.0
1776885353.5911028,1.0,-7.0,-60.0
1776885353.6011028,-3.0,-5.0,-56.0
1776885353.6111028,-2.0,-4.0,-57.0
1776885353.6211028,-1.0,-6.0,-52.0
1776885353.6311028,0.0,-11.0,-45.0
1776885353.6411028,1.0,-7.0,-40.0
1776885353.6511028,3.0,-4.0,-34.0
1776885353.6611028,0.0,1.0,-35.0
1776885353.6711028,-2.0,1.0,-44.0
1776885353.6811028,-1.0,-2.0,-43.0
1776885353.6911027,-3.0,-3.0,-41.0
1776885353.7011027,0.0,-3.0,-44.0
1776885353.7111027,2.0,-1.0,-47.0
1776885353.7211027,4.0,1.0,-45.0
1776885353.7311027,4.0,2.0,-43.0
1776885353.7411027,4.0,-2.0,-50.0
1776885353.7511027,6.0,-1.0,-51.0
1776885353.761103,6.0,-4.0,-47.0
1776885353.771103,6.0,-4.0,-39.0
1776885353.781103,5.0,-7.0,-37.0
1776885353.7911026,3.0,-6.0,-42.0
1776885353.8011026,5.0,-6.0,-37.0
1776885353.8111026,3.0,-4.0,-41.0
1776885353.8211029,0.0,0.0,-47.0
1776885353.8311028,-5.0,-2.0,-46.0
1776885353.8411028,0.0,-3.0,-47.0
1776885353.8511028,1.0,0.0,-47.0
1776885353.8611028,-2.0,0.0,-48.0
1776885353.8711028,-1.0,0.0,-42.0
1776885353.8811028,-3.0,2.0,-35.0
1776885353.8911028,-5.0,2.0,-40.0
1776885353.9011028,-8.0,2.0,-43.0
1776885353.9111028,-5.0,0.0,-49.0
1776885353.9211028,-2.0,0.0,-53.0
1776885353.932103,-2.0,-6.0,-53.0
1776885353.942103,2.0,-4.0,-63.0
1776885353.952103,4.0,0.0,-58.0
1776885353.962103,5.0,0.0,-48.0
1776885353.9721026,7.0,-3.0,-45.0
1776885353.9821026,5.0,-6.0,-46.0
1776885353.9921026,6.0,-5.0,-57.0
1776885354.0021029,4.0,-4.0,-50.0
1776885354.0121028,5.0,-3.0,-44.0
1776885354.0221028,4.0,-3.0,-50.0
1776885354.0321028,7.0,-4.0,-51.0
1776885354.0421028,7.0,-1.0,-48.0
1776885354.0521028,3.0,0.0,-56.0
1776885354.0621028,1.0,4.0,-53.0
1776885354.0721028,2.0,3.0,-48.0
1776885354.0821028,4.0,0.0,-45.0
1776885354.0921028,7.0,-1.0,-43.0
1776885354.1021028,8.0,0.0,-43.0
1776885354.1121027,12.0,0.0,-43.0
1776885354.1221027,11.0,2.0,-40.0
1776885354.1321027,11.0,2.0,-43.0
1776885354.1421027,9.0,1.0,-43.0
1776885354.1521027,4.0,1.0,-38.0
1776885354.1621027,5.0,-4.0,-34.0
1776885354.1721027,4.0,-4.0,-34.0
1776885354.182103,2.0,-2.0,-40.0
1776885354.192103,1.0,-3.0,-45.0
1776885354.202103,0.0,2.0,-43.0
1776885354.212103,1.0,3.0,-43.0
1776885354.2221026,3.0,-3.0,-42.0
1776885354.2321026,0.0,-4.0,-42.0
1776885354.2421026,3.0,-7.0,-39.0
1776885354.2521029,6.0,-6.0,-44.0
1776885354.2621028,4.0,-7.0,-48.0
1776885354.2721028,4.0,-7.0,-44.0
1776885354.2821028,2.0,-12.0,-49.0
1776885354.2921028,6.0,-8.0,-52.0
1776885354.3021028,6.0,-5.0,-50.0
1776885354.3121028,6.0,-4.0,-43.0
1776885354.3221028,2.0,-9.0,-42.0
1776885354.3321028,-2.0,-7.0,-51.0
1776885354.3421028,1.0,-5.0,-51.0
1776885354.3521028,1.0,-7.0,-52.0
1776885354.3621027,2.0,-4.0,-49.0
1776885354.3721027,4.0,0.0,-51.0
1776885354.3821027,2.0,-1.0,-51.0
1776885354.3921027,6.0,-1.0,-55.0
1776885354.4021027,2.0,1.0,-60.0
1776885354.4121027,1.0,6.0,-57.0
1776885354.4221027,1.0,6.0,-53.0
1776885354.432103,-3.0,4.0,-54.0
1776885354.442103,-4.0,3.0,-60.0
1776885354.452103,-7.0,9.0,-56.0
1776885354.462103,-5.0,9.0,-58.0
1776885354.4721026,-1.0,11.0,-60.0
1776885354.4821026,-2.0,7.0,-53.0
1776885354.4921026,-2.0,2.0,-52.0
1776885354.5021029,0.0,-1.0,-51.0
1776885354.5121028,0.0,0.0,-53.0
1776885354.5221028,2.0,0.0,-54.0
1776885354.5321028,2.0,-1.0,-43.0
1776885354.5421028,2.0,2.0,-39.0
1776885354.5521028,0.0,-1.0,-32.0
1776885354.5621028,1.0,0.0,-40.0
1776885354.5721028,-1.0,1.0,-41.0
1776885354.5821028,1.0,2.0,-40.0
1776885354.5921028,4.0,3.0,-44.0
1776885354.6021028,3.0,2.0,-46.0
1776885354.6121027,3.0,-2.0,-47.0
1776885354.6221027,7.0,-5.0,-51.0
1776885354.6321027,7.0,-3.0,-47.0
1776885354.6421027,2.0,-2.0,-47.0
1776885354.6521027,0.0,-1.0,-50.0
1776885354.6621027,-1.0,1.0,-46.0
1776885354.6721027,1.0,0.0,-45.0
1776885354.6831028,4.0,0.0,-42.0
1776885354.692103,3.0,0.0,-41.0
1776885354.702103,5.0,1.0,-41.0
1776885354.712103,6.0,2.0,-39.0
1776885354.7221026,2.0,5.0,-33.0
1776885354.7321026,0.0,2.0,-34.0
1776885354.7421026,0.0,1.0,-38.0
1776885354.7521029,-1.0,0.0,-42.0
1776885354.7621028,-3.0,-3.0,-46.0
1776885354.7721028,-3.0,0.0,-43.0
1776885354.7821028,0.0,1.0,-36.0
1776885354.7921028,-2.0,0.0,-37.0
1776885354.8021028,-7.0,0.0,-45.0
1776885354.8121028,-3.0,0.0,-48.0
1776885354.8221028,0.0,0.0,-46.0
1776885354.8321028,-3.0,3.0,-36.0
1776885354.8421028,-2.0,0.0,-36.0
1776885354.8521028,-3.0,0.0,-39.0
1776885354.8621027,-2.0,0.0,-41.0
1776885354.8721027,1.0,1.0,-44.0
1776885354.8821027,-1.0,3.0,-37.0
1776885354.8921027,0.0,0.0,-38.0
1776885354.9021027,4.0,-3.0,-39.0
1776885354.9121027,7.0,-5.0,-45.0
1776885354.9221027,8.0,-3.0,-40.0
1776885354.932103,6.0,0.0,-43.0
1776885354.942103,5.0,2.0,-47.0
1776885354.952103,2.0,2.0,-51.0
1776885354.962103,1.0,4.0,-56.0
1776885354.9721026,1.0,5.0,-58.0
1776885354.9821026,0.0,6.0,-52.0
1776885354.9921026,4.0,4.0,-54.0
1776885355.0021029,7.0,2.0,-56.0
1776885355.0121028,4.0,0.0,-57.0
1776885355.0221028,5.0,0.0,-59.0
1776885355.0321028,4.0,-6.0,-54.0
1776885355.0421028,1.0,-5.0,-59.0
1776885355.0521028,1.0,-3.0,-55.0
1776885355.0621028,1.0,-8.0,-52.0
1776885355.0721028,4.0,-6.0,-52.0
1776885355.0821028,3.0,-6.0,-48.0
1776885355.0921028,2.0,-6.0,-46.0
1776885355.1021028,1.0,-2.0,-47.0
1776885355.1121027,0.0,-6.0,-49.0
1776885355.1221027,1.0,-9.0,-48.0
1776885355.1321027,2.0,-5.0,-47.0
1776885355.1421027,1.0,-5.0,-48.0
1776885355.1521027,0.0,-3.0,-47.0
1776885355.1621027,1.0,1.0,-52.0
1776885355.1721027,0.0,0.0,-56.0
1776885355.182103,0.0,0.0,-55.0
1776885355.192103,0.0,2.0,-47.0
1776885355.202103,-2.0,1.0,-47.0
1776885355.212103,0.0,1.0,-51.0
1776885355.2221026,0.0,1.0,-53.0
1776885355.2321026,1.0,0.0,-57.0
1776885355.2421026,6.0,1.0,-55.0
1776885355.2521029,10.0,1.0,-52.0
1776885355.2621028,3.0,1.0,-50.0
1776885355.2721028,3.0,0.0,-55.0
1776885355.2821028,-1.0,0.0,-46.0
1776885355.2921028,0.0,1.0,-45.0
1776885355.3021028,3.0,-3.0,-42.0
1776885355.3121028,1.0,0.0,-39.0
1776885355.3221028,3.0,0.0,-37.0
1776885355.3321028,2.0,-6.0,-40.0
1776885355.3421028,4.0,-3.0,-45.0
1776885355.3521028,3.0,0.0,-47.0
1776885355.3621027,0.0,0.0,-57.0
1776885355.3721027,-1.0,1.0,-58.0
1776885355.3821027,-3.0,0.0,-57.0
1776885355.3921027,0.0,4.0,-52.0
1776885355.4021027,10.0,3.0,-52.0
1776885355.4121027,10.0,4.0,-51.0
1776885355.4221027,15.0,3.0,-47.0
1776885355.432103,15.0,3.0,-44.0
1776885355.442103,11.0,-1.0,-42.0
1776885355.452103,6.0,0.0,-40.0
1776885355.462103,5.0,3.0,-46.0
1776885355.4721026,5.0,1.0,-46.0
1776885355.4821026,7.0,-1.0,-55.0
1776885355.4921026,9.0,-1.0,-61.0
1776885355.5021029,5.0,3.0,-65.0
1776885355.5121028,-2.0,1.0,-65.0
1776885355.5221028,3.0,0.0,-62.0
1776885355.5321028,9.0,0.0,-64.0
1776885355.5421028,7.0,-1.0,-62.0
1776885355.5521028,7.0,-2.0,-60.0
1776885355.5621028,5.0,-3.0,-56.0
1776885355.5721028,7.0,0.0,-52.0
1776885355.5821028,9.0,0.0,-46.0
1776885355.5921028,4.0,-2.0,-45.0
1776885355.6021028,2.0,-3.0,-40.0
1776885355.6121027,0.0,-2.0,-46.0
1776885355.6221027,-1.0,-4.0,-47.0
1776885355.6321027,-2.0,-5.0,-40.0
1776885355.6421027,-2.0,-4.0,-38.0
1776885355.6521027,-1.0,3.0,-41.0
1776885355.6621027,-1.0,3.0,-42.0
1776885355.6721027,1.0,4.0,-42.0
1776885355.682103,-5.0,2.0,-43.0
1776885355.692103,-6.0,4.0,-36.0
1776885355.702103,-3.0,7.0,-36.0
1776885355.712103,-4.0,9.0,-31.0
1776885355.7221026,-3.0,14.0,-36.0
1776885355.7321026,-4.0,15.0,-37.0
1776885355.7421026,-1.0,11.0,-35.0
1776885355.7521029,0.0,4.0,-40.0
1776885355.7621028,0.0,3.0,-39.0
1776885355.7721028,3.0,-1.0,-35.0
1776885355.7821028,2.0,0.0,-32.0
1776885355.7921028,3.0,2.0,-38.0
1776885355.8021028,-1.0,1.0,-32.0
1776885355.8121028,-2.0,2.0,-40.0
1776885355.8221028,0.0,0.0,-41.0
1776885355.8321028,1.0,3.0,-47.0
1776885355.8421028,-1.0,2.0,-46.0
1776885355.8521028,0.0,3.0,-47.0
1776885355.8621027,4.0,3.0,-47.0
1776885355.8721027,1.0,2.0,-43.0
1776885355.883103,0.0,3.0,-46.0
1776885355.8921027,-4.0,4.0,-54.0
1776885355.9021027,-1.0,0.0,-50.0
1776885355.9131026,-1.0,-2.0,-49.0
1776885355.9221027,1.0,-1.0,-43.0
1776885355.9331028,5.0,2.0,-45.0
1776885355.9431028,9.0,-1.0,-47.0
1776885355.9531028,7.0,-5.0,-47.0
1776885355.9631028,9.0,-3.0,-47.0
1776885355.9731028,9.0,-3.0,-49.0
1776885355.9831028,0.0,-1.0,-52.0
1776885355.9931028,0.0,1.0,-46.0
1776885356.0031028,3.0,1.0,-47.0
1776885356.0131028,1.0,1.0,-43.0
1776885356.0231028,4.0,1.0,-47.0
1776885356.0331028,6.0,4.0,-47.0
1776885356.0431027,0.0,4.0,-42.0
1776885356.0531027,0.0,0.0,-47.0
1776885356.0631027,0.0,-2.0,-50.0
1776885356.0731027,-1.0,-1.0,-49.0
1776885356.0831027,-2.0,-4.0,-46.0
1776885356.0931027,-2.0,-2.0,-37.0
1776885356.1031027,0.0,0.0,-46.0
1776885356.113103,-5.0,0.0,-41.0
1776885356.123103,-2.0,2.0,-36.0
1776885356.133103,0.0,6.0,-39.0
1776885356.1431026,0.0,4.0,-35.0
1776885356.1531026,1.0,0.0,-40.0
1776885356.1631026,1.0,0.0,-37.0
1776885356.1731029,0.0,3.0,-42.0
1776885356.1831028,0.0,-1.0,-37.0
1776885356.1931028,2.0,-5.0,-37.0
1776885356.2031028,-2.0,-3.0,-38.0
1776885356.2131028,0.0,-2.0,-41.0
1776885356.2231028,1.0,0.0,-45.0
1776885356.2331028,6.0,-1.0,-43.0
1776885356.2431028,4.0,-3.0,-42.0
1776885356.2531028,6.0,-8.0,-42.0
1776885356.2641027,8.0,-7.0,-40.0
1776885356.2731028,5.0,-5.0,-38.0
1776885356.2831028,5.0,-7.0,-40.0
1776885356.2931027,3.0,-9.0,-44.0
1776885356.3031027,4.0,-6.0,-47.0
1776885356.3131027,4.0,-6.0,-49.0
1776885356.3231027,2.0,-8.0,-50.0
1776885356.3331027,2.0,-8.0,-53.0
1776885356.3431027,1.0,-8.0,-55.0
1776885356.3531027,1.0,-12.0,-52.0
1776885356.363103,3.0,-12.0,-53.0
1776885356.373103,1.0,-10.0,-57.0
1776885356.383103,0.0,-9.0,-51.0
1776885356.3931026,-1.0,-5.0,-45.0
1776885356.4031026,0.0,-4.0,-46.0
1776885356.4131026,2.0,-6.0,-47.0
1776885356.4231029,3.0,-11.0,-53.0
1776885356.4331028,5.0,-10.0,-53.0
1776885356.4431028,5.0,-11.0,-59.0
1776885356.4531028,-1.0,-14.0,-61.0
1776885356.4631028,-2.0,-9.0,-52.0
1776885356.4731028,0.0,-8.0,-48.0
1776885356.4831028,3.0,-11.0,-45.0
1776885356.4931028,1.0,-11.0,-43.0
1776885356.5031028,-3.0,-8.0,-41.0
1776885356.5131028,0.0,-6.0,-39.0
1776885356.5231028,-4.0,-4.0,-53.0
1776885356.5331028,0.0,-5.0,-56.0
1776885356.5431027,5.0,-7.0,-52.0
1776885356.5531027,3.0,-5.0,-57.0
1776885356.5631027,0.0,-2.0,-56.0
1776885356.5731027,-2.0,-4.0,-57.0
1776885356.5831027,4.0,-3.0,-50.0
1776885356.5931027,5.0,-2.0,-44.0
1776885356.6031027,3.0,-6.0,-45.0
1776885356.613103,0.0,-5.0,-50.0
1776885356.623103,0.0,-7.0,-49.0
1776885356.633103,0.0,-3.0,-49.0
1776885356.6431026,0.0,-2.0,-48.0
1776885356.6531026,3.0,-2.0,-49.0
1776885356.6631026,-2.0,-5.0,-46.0
1776885356.6731029,-1.0,-3.0,-45.0
1776885356.6831028,-1.0,-3.0,-40.0
1776885356.6931028,0.0,0.0,-39.0
1776885356.7031028,-3.0,2.0,-44.0
1776885356.7131028,1.0,1.0,-47.0
1776885356.7231028,1.0,0.0,-42.0
1776885356.7331028,0.0,-2.0,-43.0
1776885356.7431028,-4.0,-5.0,-42.0
1776885356.7531028,0.0,-8.0,-41.0
1776885356.7631028,0.0,-11.0,-46.0
1776885356.7731028,-1.0,-16.0,-55.0
1776885356.7831028,0.0,-16.0,-54.0
1776885356.7931027,-2.0,-11.0,-47.0
1776885356.8031027,-1.0,-14.0,-46.0
1776885356.8131027,0.0,-6.0,-38.0
1776885356.8231027,1.0,-7.0,-35.0
1776885356.8331027,2.0,-5.0,-39.0
1776885356.8431027,3.0,-4.0,-39.0
1776885356.8531027,6.0,-6.0,-39.0
1776885356.863103,8.0,-4.0,-40.0
1776885356.873103,7.0,-2.0,-39.0
1776885356.883103,7.0,-2.0,-45.0
1776885356.8931026,1.0,-1.0,-41.0
1776885356.9031026,-1.0,0.0,-45.0
1776885356.9131026,0.0,0.0,-42.0
1776885356.9231029,2.0,1.0,-47.0
1776885356.9331028,0.0,2.0,-45.0
1776885356.9431028,-5.0,8.0,-45.0
1776885356.9531028,-5.0,3.0,-45.0
1776885356.9631028,-2.0,2.0,-44.0
1776885356.9731028,-1.0,3.0,-36.0
1776885356.9831028,0.0,-1.0,-37.0
1776885356.9931028,4.0,2.0,-44.0
1776885357.0031028,2.0,5.0,-42.0
1776885357.0131028,-2.0,2.0,-44.0
1776885357.0231028,0.0,2.0,-44.0
1776885357.0331028,-1.0,5.0,-53.0
1776885357.0431027,-4.0,5.0,-54.0
1776885357.0531027,-6.0,2.0,-53.0
1776885357.0631027,-6.0,0.0,-49.0
1776885357.0731027,-5.0,-1.0,-46.0
1776885357.0831027,-4.0,-2.0,-51.0
1776885357.0931027,0.0,-5.0,-50.0
1776885357.1031027,-2.0,-4.0,-53.0
1776885357.113103,5.0,0.0,-48.0
1776885357.123103,7.0,2.0,-50.0
1776885357.133103,6.0,-3.0,-47.0
1776885357.1431026,3.0,-4.0,-43.0
1776885357.1531026,3.0,-2.0,-42.0
1776885357.1631026,3.0,-3.0,-45.0
1776885357.1731029,4.0,-6.0,-48.0
1776885357.1831028,9.0,-5.0,-47.0
1776885357.1931028,6.0,-5.0,-49.0
1776885357.2031028,1.0,0.0,-47.0
1776885357.2131028,1.0,-1.0,-42.0
1776885357.2231028,3.0,-2.0,-44.0
1776885357.2331028,2.0,-3.0,-41.0
1776885357.2431028,5.0,-1.0,-38.0
1776885357.2531028,5.0,-4.0,-45.0
1776885357.2631028,7.0,-4.0,-48.0
1776885357.2731028,4.0,-2.0,-47.0
1776885357.2831028,4.0,-1.0,-41.0
1776885357.2931027,7.0,-1.0,-42.0
1776885357.3031027,4.0,-5.0,-50.0
1776885357.3131027,-1.0,-5.0,-54.0
1776885357.3231027,1.0,-7.0,-51.0
1776885357.3331027,0.0,-6.0,-40.0
1776885357.3431027,0.0,-6.0,-42.0
1776885357.3531027,2.0,-4.0,-45.0
1776885357.363103,2.0,-3.0,-46.0
1776885357.373103,2.0,-8.0,-48.0
1776885357.383103,6.0,-8.0,-51.0
1776885357.3931026,7.0,-4.0,-52.0
1776885357.4031026,7.0,-2.0,-56.0
1776885357.4131026,3.0,-6.0,-56.0
1776885357.4231029,0.0,-4.0,-52.0
1776885357.4331028,-1.0,-4.0,-42.0
1776885357.4431028,0.0,0.0,-44.0
1776885357.4531028,4.0,-1.0,-46.0
1776885357.4631028,3.0,0.0,-47.0
1776885357.4731028,1.0,0.0,-42.0
1776885357.4831028,0.0,0.0,-38.0
1776885357.4931028,-2.0,-1.0,-40.0
1776885357.5031028,1.0,0.0,-39.0
1776885357.5131028,0.0,0.0,-40.0
1776885357.5231028,-1.0,1.0,-38.0
1776885357.5331028,0.0,1.0,-46.0
1776885357.5431027,0.0,4.0,-45.0
1776885357.5531027,0.0,3.0,-50.0
1776885357.5631027,-2.0,2.0,-47.0
1776885357.5731027,3.0,5.0,-47.0
1776885357.5831027,1.0,4.0,-45.0
1776885357.5931027,-1.0,1.0,-43.0
1776885357.6031027,0.0,-1.0,-41.0
1776885357.613103,0.0,-5.0,-40.0
1776885357.623103,-3.0,-6.0,-45.0
1776885357.633103,0.0,-10.0,-50.0
1776885357.6431026,-1.0,-11.0,-48.0
1776885357.6531026,2.0,-4.0,-47.0
1776885357.6631026,2.0,-5.0,-46.0
1776885357.6731029,5.0,-4.0,-53.0
1776885357.6831028,5.0,-5.0,-57.0
1776885357.6931028,3.0,-2.0,-57.0
1776885357.7031028,6.0,-4.0,-50.0
1776885357.7131028,3.0,-2.0,-45.0
1776885357.7231028,1.0,-1.0,-55.0
1776885357.7331028,0.0,-7.0,-51.0
1776885357.7431028,3.0,-9.0,-46.0
1776885357.7531028,1.0,-7.0,-42.0
1776885357.7631028,-3.0,-5.0,-44.0
1776885357.7731028,-4.0,-1.0,-44.0
1776885357.7831028,-2.0,-2.0,-37.0
1776885357.7931027,-4.0,-1.0,-33.0
1776885357.8031027,-4.0,-3.0,-37.0
1776885357.8131027,-3.0,-5.0,-36.0
1776885357.8231027,-2.0,-3.0,-36.0
1776885357.8331027,0.0,-1.0,-41.0
1776885357.8431027,1.0,0.0,-48.0
1776885357.8531027,1.0,-1.0,-40.0
1776885357.863103,-1.0,0.0,-35.0
1776885357.873103,-5.0,1.0,-39.0
1776885357.883103,-4.0,0.0,-39.0
1776885357.8931026,-7.0,-3.0,-43.0
1776885357.9031026,-5.0,-7.0,-46.0
1776885357.9131026,-3.0,-5.0,-48.0
1776885357.9241028,-6.0,-5.0,-46.0
1776885357.9341028,-5.0,-5.0,-43.0
1776885357.9441028,-1.0,-2.0,-42.0
1776885357.9541028,1.0,-1.0,-44.0
1776885357.9641027,-2.0,-3.0,-45.0
1776885357.9741027,-3.0,-1.0,-48.0
1776885357.9841027,-1.0,0.0,-48.0
1776885357.9941027,0.0,-3.0,-43.0
1776885358.0041027,6.0,-6.0,-36.0
1776885358.0141027,2.0,-9.0,-37.0
1776885358.0241027,0.0,-7.0,-41.0
1776885358.034103,2.0,-6.0,-45.0
1776885358.044103,0.0,-5.0,-49.0
1776885358.054103,3.0,-4.0,-48.0
1776885358.0641026,8.0,-5.0,-47.0
1776885358.0741026,4.0,-3.0,-49.0
1776885358.0841026,5.0,-4.0,-40.0
1776885358.0941026,2.0,-3.0,-38.0
1776885358.1041028,2.0,-3.0,-35.0
1776885358.1141028,2.0,-5.0,-41.0
1776885358.1241028,3.0,-5.0,-48.0
1776885358.1341028,2.0,-4.0,-51.0
1776885358.1441028,1.0,-4.0,-48.0
1776885358.1541028,-2.0,-3.0,-41.0
1776885358.1641028,-1.0,0.0,-41.0
1776885358.1741028,1.0,2.0,-41.0
1776885358.1841028,0.0,2.0,-40.0
1776885358.1941028,-5.0,0.0,-45.0
1776885358.2041028,-5.0,-4.0,-46.0
1776885358.2141027,-8.0,-5.0,-39.0
1776885358.2241027,-4.0,-8.0,-43.0
1776885358.2341027,0.0,-1.0,-44.0
1776885358.2441027,0.0,1.0,-49.0
1776885358.2541027,-1.0,0.0,-53.0
1776885358.2641027,0.0,-3.0,-61.0
1776885358.2741027,0.0,-4.0,-60.0
1776885358.284103,0.0,-4.0,-54.0
1776885358.294103,1.0,-7.0,-50.0
1776885358.304103,6.0,-2.0,-46.0
1776885358.3141026,4.0,-6.0,-53.0
1776885358.3241026,7.0,-3.0,-53.0
1776885358.3341026,1.0,-5.0,-50.0
1776885358.3441026,1.0,-5.0,-51.0
1776885358.3541028,3.0,0.0,-49.0
1776885358.3641028,6.0,-1.0,-47.0
1776885358.3741028,5.0,-4.0,-50.0
1776885358.3841028,9.0,-5.0,-39.0
1776885358.3941028,8.0,-5.0,-41.0
1776885358.4041028,8.0,-4.0,-46.0
1776885358.4141028,4.0,-1.0,-47.0
1776885358.4241028,3.0,0.0,-42.0
1776885358.4341028,5.0,1.0,-41.0
1776885358.4441028,2.0,0.0,-41.0
1776885358.4541028,2.0,-5.0,-35.0
1776885358.4641027,5.0,-6.0,-34.0
1776885358.4741027,7.0,-4.0,-32.0
1776885358.4841027,9.0,-3.0,-33.0
1776885358.4941027,8.0,-1.0,-40.0
1776885358.5041027,7.0,-2.0,-39.0
1776885358.5141027,6.0,-7.0,-39.0
1776885358.5241027,7.0,-4.0,-46.0
1776885358.534103,6.0,-1.0,-44.0
1776885358.544103,4.0,-4.0,-43.0
1776885358.554103,4.0,-3.0,-43.0
1776885358.5641026,3.0,-2.0,-39.0
1776885358.5741026,7.0,-1.0,-38.0
1776885358.5841026,5.0,-2.0,-42.0
1776885358.5941026,4.0,-4.0,-43.0
1776885358.6041028,3.0,-2.0,-51.0
1776885358.6141028,1.0,1.0,-50.0
1776885358.6241028,0.0,-1.0,-49.0
1776885358.6341028,5.0,0.0,-47.0
1776885358.6441028,8.0,0.0,-48.0
1776885358.6541028,4.0,0.0,-40.0
1776885358.6641028,0.0,2.0,-35.0
1776885358.6741028,2.0,5.0,-37.0
1776885358.6841028,4.0,5.0,-44.0
1776885358.6941028,6.0,4.0,-42.0
1776885358.7041028,1.0,4.0,-33.0
1776885358.7141027,0.0,1.0,-29.0
1776885358.7241027,0.0,1.0,-36.0
1776885358.7341027,0.0,0.0,-36.0
1776885358.7441027,0.0,-5.0,-31.0
1776885358.7541027,6.0,-5.0,-29.0
1776885358.7641027,0.0,-5.0,-28.0
1776885358.7741027,0.0,-2.0,-29.0
1776885358.784103,-2.0,0.0,-36.0
1776885358.794103,0.0,0.0,-37.0
1776885358.804103,0.0,0.0,-42.0
1776885358.8141026,-3.0,-4.0,-41.0
1776885358.8241026,-1.0,-5.0,-46.0
1776885358.8341026,0.0,-6.0,-45.0
1776885358.8441026,0.0,-1.0,-43.0
1776885358.8541028,3.0,-1.0,-47.0
1776885358.8641028,3.0,-3.0,-54.0
1776885358.8741028,6.0,-1.0,-49.0
1776885358.8841028,4.0,-6.0,-46.0
1776885358.8941028,6.0,-4.0,-47.0
1776885358.9041028,2.0,0.0,-45.0
1776885358.9141028,3.0,2.0,-43.0
1776885358.9241028,0.0,2.0,-42.0
1776885358.9341028,3.0,0.0,-43.0
1776885358.9441028,4.0,2.0,-46.0
1776885358.9541028,5.0,2.0,-48.0
1776885358.9641027,7.0,2.0,-52.0
1776885358.9741027,7.0,0.0,-55.0
1776885358.9841027,3.0,-5.0,-48.0
1776885358.9941027,5.0,-3.0,-49.0
1776885359.0041027,4.0,-4.0,-48.0
1776885359.0141027,4.0,-4.0,-47.0
1776885359.0241027,3.0,-3.0,-38.0
1776885359.034103,5.0,-5.0,-28.0
1776885359.044103,2.0,-5.0,-26.0
1776885359.054103,3.0,-4.0,-34.0
1776885359.0641026,2.0,-7.0,-36.0
1776885359.0741026,-1.0,-5.0,-38.0
1776885359.0841026,-2.0,-4.0,-44.0
1776885359.0941026,-1.0,-5.0,-50.0
1776885359.1041028,-4.0,-6.0,-45.0
1776885359.1141028,-1.0,-5.0,-39.0
1776885359.1241028,-2.0,-5.0,-36.0
1776885359.1341028,1.0,-2.0,-33.0
1776885359.1441028,0.0,0.0,-41.0
1776885359.1541028,2.0,-4.0,-45.0
1776885359.1641028,2.0,-2.0,-43.0
1776885359.1741028,1.0,-5.0,-42.0
1776885359.1841028,-1.0,-7.0,-45.0
1776885359.1941028,-4.0,-7.0,-49.0
1776885359.2041028,0.0,-7.0,-54.0
1776885359.2141027,3.0,-8.0,-55.0
1776885359.2241027,0.0,-4.0,-61.0
1776885359.2341027,0.0,0.0,-62.0
1776885359.2441027,4.0,-2.0,-58.0
1776885359.2541027,-1.0,0.0,-60.0
1776885359.2641027,2.0,1.0,-53.0
1776885359.2741027,2.0,0.0,-47.0
1776885359.284103,0.0,-3.0,-41.0
1776885359.294103,-1.0,-2.0,-44.0
1776885359.304103,0.0,0.0,-42.0
1776885359.3141026,6.0,2.0,-41.0
1776885359.3241026,11.0,-2.0,-34.0
1776885359.3341026,11.0,1.0,-34.0
1776885359.3441026,7.0,2.0,-41.0
1776885359.3541028,5.0,-2.0,-49.0
1776885359.3641028,4.0,0.0,-50.0
1776885359.3741028,4.0,-1.0,-44.0
1776885359.3841028,7.0,-2.0,-46.0
1776885359.3941028,5.0,-5.0,-48.0
1776885359.4041028,5.0,-6.0,-46.0
1776885359.4141028,6.0,-5.0,-36.0
1776885359.4241028,5.0,-5.0,-33.0
1776885359.4341028,0.0,-4.0,-33.0
1776885359.4441028,1.0,-4.0,-38.0
1776885359.4541028,-3.0,-1.0,-38.0
1776885359.4641027,2.0,3.0,-32.0
1776885359.4741027,6.0,3.0,-39.0
1776885359.4841027,4.0,1.0,-43.0
1776885359.4941027,5.0,1.0,-44.0
1776885359.5041027,5.0,0.0,-37.0
1776885359.5141027,4.0,4.0,-41.0
1776885359.5241027,8.0,0.0,-41.0
1776885359.534103,6.0,-1.0,-39.0
1776885359.544103,7.0,0.0,-38.0
1776885359.554103,8.0,0.0,-39.0
1776885359.5641026,11.0,-2.0,-39.0
1776885359.5741026,2.0,-2.0,-43.0
1776885359.5841026,0.0,0.0,-46.0
1776885359.5941026,-6.0,-3.0,-45.0
1776885359.6041028,-6.0,-3.0,-47.0
1776885359.6141028,-3.0,0.0,-45.0
1776885359.6241028,-8.0,-1.0,-50.0
1776885359.6341028,-4.0,-3.0,-47.0
1776885359.6441028,-1.0,-7.0,-43.0
1776885359.6541028,0.0,-9.0,-40.0
1776885359.6641028,-1.0,-8.0,-42.0
1776885359.6741028,-6.0,-7.0,-43.0
1776885359.6841028,-5.0,-5.0,-49.0
1776885359.6941028,0.0,-7.0,-53.0
1776885359.7041028,0.0,-5.0,-48.0
1776885359.7141027,0.0,-3.0,-49.0
1776885359.7241027,0.0,-2.0,-44.0
1776885359.7341027,0.0,-5.0,-44.0
1776885359.7441027,-1.0,-2.0,-41.0
1776885359.7541027,0.0,1.0,-47.0
1776885359.7641027,-3.0,0.0,-44.0
1776885359.7741027,0.0,-1.0,-44.0
1776885359.784103,-2.0,0.0,-50.0
1776885359.794103,1.0,4.0,-45.0
1776885359.804103,0.0,1.0,-43.0
1776885359.8141026,-2.0,-3.0,-54.0
1776885359.8241026,-1.0,-5.0,-53.0
1776885359.8341026,1.0,-5.0,-48.0
1776885359.8441026,0.0,-5.0,-47.0
1776885359.8541028,-5.0,-2.0,-46.0
1776885359.8641028,-4.0,-1.0,-46.0
1776885359.8751028,0.0,-3.0,-49.0
1776885359.8851027,1.0,-2.0,-47.0
1776885359.8941028,-2.0,-5.0,-47.0
1776885359.9051027,1.0,-4.0,-40.0
1776885359.9151027,-1.0,-3.0,-42.0
1776885359.9251027,-3.0,-5.0,-46.0
1776885359.9351027,-1.0,-3.0,-45.0
1776885359.9451027,0.0,-5.0,-46.0
1776885359.9551027,-1.0,-2.0,-50.0
1776885359.965103,-3.0,-1.0,-45.0
1776885359.975103,0.0,-6.0,-45.0
1776885359.985103,0.0,-2.0,-51.0
1776885359.9951026,-3.0,-1.0,-55.0
1776885360.0051026,-1.0,0.0,-52.0
1776885360.0151026,-1.0,0.0,-49.0
1776885360.0251029,-4.0,-2.0,-54.0
1776885360.0351028,-1.0,-7.0,-51.0
1776885360.0451028,3.0,-7.0,-50.0
1776885360.0551028,3.0,-7.0,-48.0
1776885360.0651028,6.0,-8.0,-52.0
1776885360.0751028,5.0,-4.0,-46.0
1776885360.0851028,0.0,-3.0,-43.0
1776885360.0951028,-3.0,0.0,-46.0
1776885360.1051028,-1.0,-2.0,-45.0
1776885360.1151028,2.0,0.0,-44.0
1776885360.1251028,-1.0,2.0,-48.0
1776885360.1351027,2.0,4.0,-44.0
1776885360.1451027,6.0,-1.0,-46.0
1776885360.1551027,3.0,-3.0,-48.0
1776885360.1651027,3.0,-2.0,-51.0
1776885360.1751027,0.0,-3.0,-51.0
1776885360.1851027,-1.0,-4.0,-53.0
1776885360.1951027,0.0,-4.0,-54.0
1776885360.2051027,2.0,-6.0,-54.0
1776885360.215103,5.0,-6.0,-49.0
1776885360.225103,3.0,-8.0,-50.0
1776885360.235103,1.0,-3.0,-51.0
1776885360.2451026,-1.0,0.0,-52.0
1776885360.2551026,0.0,1.0,-52.0
1776885360.2651026,-2.0,4.0,-57.0
1776885360.2751029,7.0,3.0,-58.0
1776885360.2851028,7.0,5.0,-60.0
1776885360.2951028,7.0,3.0,-64.0
1776885360.3051028,8.0,1.0,-60.0
1776885360.3151028,11.0,-1.0,-56.0
1776885360.3251028,8.0,0.0,-46.0
1776885360.3351028,6.0,-2.0,-46.0
1776885360.3451028,2.0,-5.0,-46.0
1776885360.3551028,2.0,0.0,-48.0
1776885360.3651028,1.0,0.0,-52.0
1776885360.3751028,3.0,0.0,-50.0
1776885360.3851027,0.0,-4.0,-53.0
1776885360.3951027,0.0,-5.0,-47.0
1776885360.4051027,0.0,-1.0,-47.0
1776885360.4151027,-1.0,-4.0,-53.0
1776885360.4251027,0.0,-1.0,-52.0
1776885360.4351027,1.0,-1.0,-52.0
1776885360.4451027,-1.0,-2.0,-49.0
1776885360.4551027,-1.0,0.0,-48.0
1776885360.465103,4.0,1.0,-46.0
1776885360.475103,6.0,1.0,-49.0
1776885360.485103,2.0,2.0,-46.0
1776885360.4951026,0.0,0.0,-44.0
1776885360.5051026,5.0,2.0,-43.0
1776885360.5151026,6.0,3.0,-42.0
1776885360.5251029,3.0,0.0,-44.0
1776885360.5351028,-2.0,1.0,-40.0
1776885360.5451028,-4.0,2.0,-46.0
1776885360.5551028,-6.0,3.0,-38.0
1776885360.5651028,-9.0,2.0,-43.0
1776885360.5751028,-8.0,2.0,-51.0
1776885360.5851028,-3.0,2.0,-55.0
1776885360.5951028,0.0,2.0,-48.0
1776885360.6051028,2.0,5.0,-47.0
1776885360.6151028,5.0,6.0,-44.0
1776885360.6251028,6.0,5.0,-47.0
1776885360.6351027,5.0,7.0,-45.0
1776885360.6451027,4.0,5.0,-50.0
1776885360.6551027,-3.0,5.0,-54.0
1776885360.6651027,-1.0,3.0,-49.0
1776885360.6751027,0.0,0.0,-50.0
1776885360.6851027,1.0,-2.0,-50.0
1776885360.6951027,6.0,-5.0,-39.0
1776885360.7051027,10.0,-4.0,-38.0
1776885360.715103,8.0,-2.0,-40.0
1776885360.725103,7.0,2.0,-45.0
1776885360.735103,2.0,4.0,-50.0
1776885360.7451026,4.0,-3.0,-47.0
1776885360.7551026,7.0,-3.0,-42.0
1776885360.7651026,5.0,-2.0,-44.0
1776885360.7751029,2.0,-3.0,-40.0
1776885360.7851028,-2.0,-2.0,-40.0
1776885360.7951028,3.0,1.0,-46.0
1776885360.8051028,5.0,2.0,-44.0
1776885360.8151028,3.0,0.0,-42.0
1776885360.8251028,7.0,0.0,-35.0
1776885360.8351028,6.0,-4.0,-40.0
1776885360.8451028,4.0,-5.0,-41.0
1776885360.8551028,4.0,-4.0,-44.0
1776885360.8651028,2.0,-6.0,-43.0
1776885360.8751028,4.0,-7.0,-43.0
1776885360.8851027,5.0,-9.0,-34.0
1776885360.8951027,5.0,-8.0,-40.0
1776885360.9051027,4.0,-8.0,-39.0
1776885360.9151027,6.0,-6.0,-38.0
1776885360.9251027,7.0,-4.0,-38.0
1776885360.9351027,2.0,-6.0,-36.0
1776885360.9451027,-3.0,-11.0,-35.0
1776885360.9551027,-8.0,-12.0,-37.0
1776885360.965103,-8.0,-7.0,-36.0
1776885360.975103,-4.0,-5.0,-35.0
1776885360.985103,-1.0,-10.0,-37.0
1776885360.9951026,0.0,-7.0,-39.0
1776885361.0051026,1.0,-4.0,-39.0
1776885361.0151026,0.0,0.0,-41.0
1776885361.0251029,1.0,-3.0,-47.0
1776885361.0351028,1.0,-2.0,-45.0
1776885361.0451028,2.0,-6.0,-38.0
1776885361.0551028,0.0,-6.0,-32.0
1776885361.0651028,-2.0,-4.0,-28.0
1776885361.0751028,-7.0,-5.0,-36.0
1776885361.0851028,-7.0,-7.0,-36.0
1776885361.0951028,-4.0,-7.0,-38.0
1776885361.1051028,1.0,-4.0,-42.0
1776885361.1151028,4.0,-4.0,-42.0
1776885361.1251028,5.0,0.0,-42.0
1776885361.1351027,5.0,0.0,-42.0
1776885361.1451027,0.0,-2.0,-44.0
1776885361.1551027,0.0,-2.0,-37.0
1776885361.1651027,-1.0,0.0,-39.0
1776885361.1751027,-1.0,3.0,-38.0
1776885361.1851027,0.0,2.0,-39.0
1776885361.1951027,-3.0,0.0,-43.0
1776885361.2051027,-3.0,-1.0,-43.0
1776885361.215103,-5.0,-5.0,-43.0
1776885361.225103,-6.0,-7.0,-40.0
1776885361.235103,-3.0,-2.0,-43.0
1776885361.2451026,-3.0,-2.0,-42.0
1776885361.2551026,-1.0,-1.0,-42.0
1776885361.2651026,-2.0,-3.0,-45.0
1776885361.2751029,-3.0,-5.0,-44.0
1776885361.2851028,-4.0,-2.0,-45.0
1776885361.2951028,-4.0,-2.0,-42.0
1776885361.3051028,-4.0,-1.0,-41.0
1776885361.3151028,-5.0,-1.0,-42.0
1776885361.3251028,0.0,2.0,-47.0
1776885361.3351028,2.0,2.0,-44.0
1776885361.3451028,6.0,0.0,-44.0
1776885361.3551028,-1.0,0.0,-40.0
1776885361.3651028,-1.0,-1.0,-50.0
1776885361.3751028,0.0,0.0,-50.0
1776885361.3851027,0.0,1.0,-48.0
1776885361.3951027,0.0,1.0,-48.0
1776885361.4051027,-1.0,1.0,-47.0
1776885361.4151027,0.0,1.0,-39.0
1776885361.4251027,0.0,-1.0,-44.0
1776885361.4351027,-4.0,0.0,-44.0
1776885361.4451027,-1.0,-3.0,-47.0
1776885361.4551027,0.0,-6.0,-39.0
1776885361.465103,2.0,-6.0,-36.0
1776885361.475103,1.0,-3.0,-41.0
1776885361.485103,6.0,-2.0,-40.0
1776885361.4951026,4.0,-5.0,-39.0
1776885361.5051026,0.0,-9.0,-44.0
1776885361.5151026,-3.0,-7.0,-50.0
1776885361.5251029,-6.0,-5.0,-42.0
1776885361.5351028,-9.0,-7.0,-38.0
1776885361.5451028,-7.0,-6.0,-40.0
1776885361.5551028,-6.0,0.0,-44.0
1776885361.5651028,-9.0,-1.0,-39.0
1776885361.5751028,-7.0,-5.0,-37.0
1776885361.5851028,-1.0,-5.0,-40.0
1776885361.5951028,4.0,-6.0,-44.0
1776885361.6051028,3.0,-5.0,-41.0
1776885361.6151028,0.0,-5.0,-45.0
1776885361.6251028,1.0,-3.0,-49.0
1776885361.6351027,1.0,-2.0,-44.0
1776885361.6451027,4.0,0.0,-43.0
1776885361.6551027,8.0,-2.0,-47.0
1776885361.6651027,8.0,0.0,-46.0
1776885361.6751027,10.0,3.0,-47.0
1776885361.6851027,5.0,2.0,-46.0
1776885361.6951027,0.0,-4.0,-47.0
1776885361.7051027,0.0,-10.0,-42.0
1776885361.715103,0.0,-9.0,-38.0
1776885361.725103,1.0,-9.0,-30.0
1776885361.735103,-1.0,-9.0,-34.0
1776885361.7451026,1.0,-5.0,-37.0
1776885361.7551026,6.0,-4.0,-46.0
1776885361.7651026,3.0,-6.0,-51.0
1776885361.7761028,0.0,-6.0,-53.0
1776885361.7851028,1.0,-6.0,-48.0
1776885361.7951028,1.0,-6.0,-48.0
1776885361.8051028,5.0,-7.0,-45.0
1776885361.8151028,2.0,0.0,-40.0
1776885361.8251028,3.0,2.0,-39.0
1776885361.8351028,3.0,3.0,-41.0
1776885361.8461027,2.0,1.0,-46.0
1776885361.8561027,1.0,1.0,-42.0
1776885361.8651028,1.0,1.0,-37.0
1776885361.8761027,0.0,-1.0,-39.0
1776885361.886103,0.0,-2.0,-46.0
1776885361.896103,6.0,-2.0,-47.0
1776885361.906103,5.0,-2.0,-46.0
1776885361.9161026,3.0,-3.0,-49.0
1776885361.9261026,7.0,-2.0,-51.0
1776885361.9361026,7.0,-2.0,-53.0
1776885361.9461029,7.0,-6.0,-50.0
1776885361.9561028,5.0,-3.0,-54.0
1776885361.9661028,4.0,1.0,-55.0
1776885361.9761028,8.0,0.0,-49.0
1776885361.9861028,7.0,-2.0,-52.0
1776885361.9961028,0.0,0.0,-50.0
1776885362.0061028,0.0,0.0,-42.0
1776885362.0161028,-1.0,-2.0,-35.0
1776885362.0261028,3.0,-6.0,-41.0
1776885362.0361028,6.0,-3.0,-46.0
1776885362.0461028,8.0,-3.0,-51.0
1776885362.0561028,3.0,-3.0,-49.0
1776885362.0661027,3.0,-4.0,-44.0
1776885362.0761027,1.0,-7.0,-47.0
1776885362.0861027,1.0,-8.0,-52.0
1776885362.0961027,1.0,-7.0,-53.0
1776885362.1061027,2.0,-5.0,-50.0
1776885362.1161027,4.0,-8.0,-53.0
1776885362.1261027,7.0,-5.0,-51.0
1776885362.136103,8.0,-3.0,-45.0
1776885362.146103,3.0,-6.0,-42.0
1776885362.156103,0.0,-9.0,-38.0
1776885362.1661026,-1.0,-6.0,-36.0
1776885362.1761026,-5.0,0.0,-40.0
1776885362.1861026,-3.0,-2.0,-45.0
1776885362.1961029,-3.0,-3.0,-47.0
1776885362.2061028,0.0,-4.0,-51.0
1776885362.2161028,1.0,-4.0,-52.0
1776885362.2261028,4.0,-5.0,-54.0
1776885362.2361028,5.0,-1.0,-53.0
1776885362.2461028,4.0,-1.0,-52.0
1776885362.2561028,7.0,-5.0,-42.0
1776885362.2661028,6.0,-5.0,-44.0
1776885362.2761028,6.0,-4.0,-42.0
1776885362.2861028,6.0,-6.0,-43.0
1776885362.2961028,0.0,-7.0,-41.0
1776885362.3061028,0.0,-2.0,-42.0
1776885362.3161027,0.0,-4.0,-46.0
1776885362.3261027,1.0,-3.0,-52.0
1776885362.3361027,3.0,-4.0,-48.0
1776885362.3461027,-1.0,-4.0,-45.0
1776885362.3561027,-7.0,0.0,-50.0
1776885362.3661027,-6.0,-1.0,-49.0
1776885362.3761027,-5.0,0.0,-48.0
1776885362.386103,-2.0,0.0,-50.0
1776885362.396103,-1.0,2.0,-50.0
1776885362.406103,-1.0,-1.0,-46.0
1776885362.4161026,-2.0,-6.0,-51.0
1776885362.4261026,-1.0,-2.0,-56.0
1776885362.4361026,-3.0,1.0,-55.0
1776885362.4461029,-2.0,0.0,-56.0
1776885362.4561028,-3.0,-2.0,-51.0
1776885362.4661028,-3.0,-5.0,-52.0
1776885362.4761028,0.0,-6.0,-58.0
1776885362.4861028,-4.0,-3.0,-52.0
1776885362.4961028,-6.0,-5.0,-49.0
1776885362.5061028,-6.0,-5.0,-46.0
1776885362.5161028,-8.0,-6.0,-48.0
1776885362.5261028,-7.0,-2.0,-47.0
1776885362.5361028,-4.0,1.0,-42.0
1776885362.5461028,-3.0,0.0,-44.0
1776885362.5561028,-1.0,0.0,-49.0
1776885362.5661027,3.0,-2.0,-54.0
1776885362.5761027,6.0,-4.0,-50.0
1776885362.5861027,0.0,-5.0,-51.0
1776885362.5961027,0.0,-7.0,-47.0
1776885362.6061027,-2.0,-4.0,-50.0
1776885362.6161027,-3.0,-1.0,-51.0
1776885362.6261027,0.0,-2.0,-47.0
1776885362.636103,-2.0,-4.0,-45.0
1776885362.646103,1.0,-3.0,-44.0
1776885362.656103,2.0,-3.0,-44.0
1776885362.6661026,5.0,-4.0,-41.0
1776885362.6761026,6.0,-3.0,-46.0
1776885362.6861026,2.0,-1.0,-45.0
1776885362.6961029,2.0,-3.0,-43.0
1776885362.7061028,4.0,-5.0,-45.0
1776885362.7161028,2.0,-8.0,-48.0
1776885362.7261028,1.0,-6.0,-44.0
1776885362.7361028,-1.0,-8.0,-44.0
1776885362.7461028,-3.0,-9.0,-43.0
1776885362.7561028,-4.0,-8.0,-51.0
1776885362.7661028,-5.0,-5.0,-49.0
1776885362.7761028,-6.0,-6.0,-48.0
1776885362.7861028,-8.0,-2.0,-40.0
1776885362.7961028,-8.0,0.0,-35.0
1776885362.8061028,-8.0,0.0,-33.0
1776885362.8161027,-5.0,0.0,-33.0
1776885362.8261027,-6.0,2.0,-28.0
1776885362.8361027,-2.0,-2.0,-32.0
1776885362.8461027,-1.0,-1.0,-33.0
1776885362.8561027,-3.0,-2.0,-34.0
1776885362.8661027,-2.0,-4.0,-42.0
1776885362.8761027,-3.0,-4.0,-44.0
1776885362.886103,-9.0,-3.0,-49.0
1776885362.896103,-6.0,-7.0,-44.0
1776885362.906103,-1.0,-11.0,-43.0
1776885362.9161026,1.0,-9.0,-42.0
1776885362.9261026,0.0,-5.0,-43.0
1776885362.9361026,2.0,-7.0,-48.0
1776885362.9461029,-3.0,-5.0,-50.0
1776885362.9561028,-3.0,-2.0,-47.0
1776885362.9661028,-2.0,-5.0,-54.0
1776885362.9761028,-1.0,-8.0,-58.0
1776885362.9861028,-3.0,-5.0,-63.0
1776885362.9961028,-3.0,0.0,-56.0
1776885363.0061028,0.0,0.0,-54.0
1776885363.0161028,3.0,2.0,-49.0
1776885363.0261028,-2.0,3.0,-53.0
1776885363.0361028,-5.0,2.0,-43.0
1776885363.0461028,-6.0,0.0,-46.0
1776885363.0561028,-4.0,-3.0,-43.0
1776885363.0661027,-2.0,-5.0,-42.0
1776885363.0761027,-6.0,-10.0,-37.0
1776885363.0861027,-3.0,-6.0,-36.0
1776885363.0961027,-4.0,-1.0,-40.0
1776885363.1061027,-1.0,-1.0,-42.0
1776885363.1161027,-4.0,-1.0,-36.0
1776885363.1261027,-2.0,-1.0,-29.0
1776885363.136103,-3.0,0.0,-27.0
1776885363.146103,-4.0,-2.0,-36.0
1776885363.156103,1.0,-2.0,-49.0
1776885363.1661026,1.0,-4.0,-49.0
1776885363.1761026,3.0,-1.0,-47.0
1776885363.1861026,0.0,-1.0,-43.0
1776885363.1961029,-1.0,2.0,-50.0
1776885363.2061028,0.0,-2.0,-48.0
1776885363.2161028,-3.0,0.0,-43.0
1776885363.2261028,-4.0,-2.0,-43.0
1776885363.2361028,-3.0,-3.0,-42.0
1776885363.2461028,0.0,-2.0,-42.0
1776885363.2561028,0.0,0.0,-37.0
1776885363.2661028,0.0,-1.0,-38.0
1776885363.2761028,3.0,-2.0,-30.0
1776885363.2861028,5.0,-1.0,-33.0
1776885363.2961028,6.0,-2.0,-45.0
1776885363.3061028,2.0,-3.0,-37.0
1776885363.3161027,0.0,-3.0,-40.0
1776885363.3261027,0.0,-3.0,-35.0
1776885363.3361027,-2.0,-2.0,-40.0
1776885363.3461027,-4.0,0.0,-48.0
1776885363.3561027,-3.0,0.0,-46.0
1776885363.3661027,0.0,-3.0,-43.0
1776885363.3761027,-2.0,-5.0,-44.0
1776885363.386103,-6.0,-4.0,-45.0
1776885363.396103,-3.0,-5.0,-48.0
1776885363.406103,-1.0,-6.0,-41.0
1776885363.4161026,-1.0,1.0,-40.0
1776885363.4261026,1.0,1.0,-46.0
1776885363.4361026,0.0,4.0,-45.0
1776885363.4461029,2.0,0.0,-39.0
1776885363.4561028,0.0,-4.0,-37.0
1776885363.4661028,0.0,-3.0,-39.0
1776885363.4761028,1.0,2.0,-42.0
1776885363.4861028,1.0,3.0,-39.0
1776885363.4961028,3.0,2.0,-38.0
1776885363.5061028,2.0,2.0,-33.0
1776885363.5161028,5.0,4.0,-36.0
1776885363.5261028,3.0,4.0,-39.0
1776885363.5361028,-3.0,1.0,-39.0
1776885363.5461028,-2.0,-1.0,-38.0
1776885363.5561028,2.0,2.0,-31.0
1776885363.5661027,7.0,3.0,-35.0
1776885363.5761027,10.0,3.0,-43.0
1776885363.5861027,6.0,2.0,-49.0
1776885363.5961027,7.0,-6.0,-46.0
1776885363.6061027,7.0,-6.0,-43.0
1776885363.6161027,2.0,-5.0,-42.0
1776885363.6261027,6.0,-4.0,-48.0
1776885363.636103,3.0,0.0,-43.0
1776885363.646103,4.0,4.0,-45.0
1776885363.656103,4.0,1.0,-45.0
1776885363.6661026,4.0,-1.0,-38.0
1776885363.6761026,10.0,-5.0,-44.0
1776885363.6861026,7.0,-1.0,-53.0
1776885363.6961029,6.0,-4.0,-60.0
1776885363.7061028,4.0,-8.0,-55.0
1776885363.7161028,5.0,-4.0,-56.0
1776885363.7261028,5.0,-1.0,-57.0
1776885363.7361028,9.0,0.0,-54.0
1776885363.7461028,6.0,-1.0,-45.0
1776885363.7561028,11.0,0.0,-42.0
1776885363.7661028,7.0,3.0,-42.0
1776885363.7761028,6.0,2.0,-36.0
1776885363.7861028,6.0,0.0,-41.0
1776885363.7961028,2.0,3.0,-40.0
1776885363.8061028,-4.0,4.0,-34.0
1776885363.8161027,-4.0,4.0,-38.0
1776885363.8261027,-2.0,1.0,-41.0
1776885363.837103,-6.0,0.0,-38.0
1776885363.8471026,-5.0,-1.0,-42.0
1776885363.8571026,-3.0,-1.0,-46.0
1776885363.8671026,0.0,-4.0,-49.0
1776885363.8771029,3.0,-3.0,-47.0
1776885363.8871028,3.0,-2.0,-49.0
1776885363.8971028,2.0,0.0,-48.0
1776885363.9071028,-2.0,-1.0,-51.0
1776885363.9171028,-6.0,-5.0,-51.0
1776885363.9271028,-3.0,-5.0,-51.0
1776885363.9371028,-3.0,-4.0,-55.0
1776885363.9471028,-5.0,0.0,-57.0
1776885363.9571028,0.0,0.0,-57.0
1776885363.9671028,0.0,-1.0,-58.0
1776885363.9771028,-7.0,-2.0,-61.0
1776885363.9871027,-6.0,3.0,-59.0
1776885363.9971027,3.0,1.0,-53.0
1776885364.0071027,0.0,0.0,-49.0
1776885364.0171027,-2.0,-2.0,-46.0
1776885364.0271027,-1.0,0.0,-46.0
1776885364.0371027,-5.0,2.0,-42.0
1776885364.0471027,-6.0,1.0,-39.0
1776885364.057103,-5.0,1.0,-39.0
1776885364.067103,-3.0,0.0,-46.0
1776885364.077103,-5.0,-3.0,-39.0
1776885364.087103,-6.0,0.0,-38.0
1776885364.0971026,-4.0,0.0,-40.0
1776885364.1071026,-5.0,0.0,-38.0
1776885364.1171026,-2.0,4.0,-39.0
1776885364.1271029,0.0,5.0,-39.0
1776885364.1371028,-3.0,4.0,-37.0
1776885364.1471028,-3.0,0.0,-38.0
1776885364.1571028,-3.0,0.0,-41.0
1776885364.1671028,-6.0,0.0,-44.0
1776885364.1771028,-5.0,0.0,-44.0
1776885364.1871028,-5.0,-2.0,-48.0
1776885364.1971028,-3.0,-1.0,-46.0
1776885364.2071028,1.0,1.0,-46.0
1776885364.2171028,0.0,1.0,-42.0
1776885364.2271028,-2.0,2.0,-35.0
1776885364.2371027,-1.0,0.0,-31.0
1776885364.2471027,-2.0,-1.0,-39.0
1776885364.2571027,-3.0,-8.0,-46.0
1776885364.2671027,-5.0,-4.0,-52.0
1776885364.2771027,-2.0,0.0,-50.0
1776885364.2871027,-1.0,0.0,-47.0
1776885364.2971027,-3.0,-5.0,-46.0
1776885364.307103,0.0,-5.0,-40.0
1776885364.317103,4.0,0.0,-36.0
1776885364.327103,7.0,1.0,-43.0
1776885364.337103,10.0,3.0,-46.0
1776885364.3471026,13.0,3.0,-47.0
1776885364.3571026,12.0,2.0,-41.0
1776885364.3671026,9.0,1.0,-41.0
1776885364.3771029,4.0,0.0,-41.0
1776885364.3871028,4.0,0.0,-42.0
1776885364.3971028,-1.0,4.0,-49.0
1776885364.4071028,-4.0,1.0,-52.0
1776885364.4171028,-3.0,1.0,-46.0
1776885364.4271028,-2.0,-3.0,-44.0
1776885364.4371028,-1.0,-2.0,-38.0
1776885364.4471028,0.0,-1.0,-37.0
1776885364.4571028,0.0,-2.0,-38.0
1776885364.4671028,0.0,-2.0,-42.0
1776885364.4771028,-2.0,-6.0,-37.0
1776885364.4871027,1.0,-4.0,-39.0
1776885364.4971027,4.0,-2.0,-41.0
1776885364.5071027,3.0,-5.0,-33.0
1776885364.5171027,3.0,-7.0,-34.0
1776885364.5271027,2.0,-7.0,-37.0
1776885364.5371027,3.0,-7.0,-39.0
1776885364.5471027,-1.0,-7.0,-40.0
1776885364.557103,3.0,-7.0,-46.0
1776885364.567103,6.0,-5.0,-39.0
1776885364.577103,8.0,-8.0,-43.0
1776885364.587103,4.0,-3.0,-49.0
1776885364.5971026,0.0,-4.0,-49.0
1776885364.6071026,-2.0,-4.0,-51.0
1776885364.6171026,-4.0,1.0,-49.0
1776885364.6271029,-3.0,2.0,-42.0
1776885364.6371028,0.0,1.0,-37.0
1776885364.6471028,-3.0,2.0,-35.0
1776885364.6571028,-1.0,-3.0,-37.0
1776885364.6671028,-3.0,-6.0,-35.0
1776885364.6771028,-3.0,-5.0,-40.0
1776885364.6871028,-5.0,-4.0,-40.0
1776885364.6971028,-4.0,-1.0,-44.0
1776885364.7071028,3.0,0.0,-44.0
1776885364.7171028,2.0,-2.0,-40.0
1776885364.7271028,0.0,-5.0,-37.0
1776885364.7371027,0.0,-8.0,-38.0
1776885364.7471027,4.0,-7.0,-35.0
1776885364.7571027,6.0,-8.0,-29.0
1776885364.7671027,5.0,-7.0,-40.0
1776885364.7771027,6.0,0.0,-43.0
1776885364.7871027,4.0,2.0,-43.0
1776885364.7971027,0.0,3.0,-43.0
1776885364.807103,5.0,2.0,-39.0
1776885364.817103,4.0,-3.0,-38.0
1776885364.827103,2.0,-1.0,-35.0
1776885364.837103,3.0,0.0,-40.0
1776885364.8471026,4.0,-1.0,-36.0
1776885364.8571026,3.0,-1.0,-34.0
1776885364.8671026,4.0,0.0,-42.0
1776885364.8771029,5.0,1.0,-37.0
1776885364.8871028,1.0,1.0,-40.0
1776885364.8971028,-2.0,-1.0,-38.0
1776885364.9071028,-4.0,0.0,-40.0
1776885364.9171028,-6.0,-2.0,-43.0
1776885364.9271028,0.0,-2.0,-42.0
1776885364.9371028,-1.0,-4.0,-42.0
1776885364.9471028,0.0,-6.0,-45.0
1776885364.9571028,5.0,-4.0,-48.0
1776885364.9671028,5.0,-6.0,-47.0
1776885364.9771028,1.0,-3.0,-41.0
1776885364.9871027,0.0,0.0,-42.0
1776885364.9971027,0.0,-3.0,-50.0
1776885365.0071027,-2.0,-5.0,-46.0
1776885365.0171027,-3.0,-3.0,-40.0
1776885365.0271027,0.0,-3.0,-36.0
1776885365.0371027,4.0,-4.0,-36.0
1776885365.0471027,4.0,-3.0,-40.0
1776885365.057103,4.0,-1.0,-42.0
1776885365.067103,5.0,-2.0,-43.0
1776885365.077103,9.0,-4.0,-45.0
1776885365.087103,5.0,-8.0,-48.0
1776885365.0971026,-1.0,-9.0,-43.0
1776885365.1071026,0.0,-6.0,-41.0
1776885365.1171026,0.0,-1.0,-41.0
1776885365.1271029,0.0,-3.0,-42.0
1776885365.1371028,-4.0,-2.0,-46.0
1776885365.1471028,-7.0,-1.0,-46.0
1776885365.1571028,-4.0,-7.0,-41.0
1776885365.1671028,-8.0,-9.0,-44.0
1776885365.1771028,0.0,-10.0,-51.0
1776885365.1871028,-1.0,-4.0,-48.0
1776885365.1971028,0.0,0.0,-45.0
1776885365.2071028,-2.0,2.0,-40.0
1776885365.2171028,-5.0,0.0,-41.0
1776885365.2271028,-1.0,0.0,-45.0
1776885365.2371027,0.0,0.0,-41.0
1776885365.2471027,-1.0,1.0,-45.0
1776885365.2571027,0.0,-2.0,-45.0
1776885365.2671027,-4.0,-8.0,-49.0
1776885365.2771027,-4.0,-10.0,-51.0
1776885365.2871027,0.0,-10.0,-48.0
1776885365.2971027,1.0,-8.0,-48.0
1776885365.307103,0.0,-3.0,-51.0
1776885365.317103,-1.0,0.0,-52.0
1776885365.327103,0.0,5.0,-49.0
1776885365.337103,-1.0,4.0,-44.0
1776885365.3471026,0.0,2.0,-43.0
1776885365.3571026,0.0,0.0,-42.0
1776885365.3671026,1.0,4.0,-43.0
1776885365.3771029,2.0,2.0,-40.0
1776885365.3871028,4.0,-1.0,-37.0
1776885365.3971028,5.0,-3.0,-41.0
1776885365.4071028,4.0,0.0,-40.0
1776885365.4171028,4.0,-2.0,-42.0
1776885365.4271028,1.0,-7.0,-39.0
1776885365.4371028,0.0,-10.0,-40.0
1776885365.4471028,0.0,-10.0,-46.0
1776885365.4571028,0.0,-8.0,-53.0
1776885365.4671028,4.0,-4.0,-52.0
1776885365.4771028,6.0,-3.0,-46.0
1776885365.4871027,3.0,-1.0,-40.0
1776885365.4971027,1.0,0.0,-46.0
1776885365.5071027,0.0,1.0,-42.0
1776885365.5171027,-1.0,-1.0,-46.0
1776885365.5271027,-4.0,-1.0,-47.0
1776885365.5371027,-4.0,-1.0,-42.0
1776885365.5471027,-1.0,-6.0,-44.0
1776885365.557103,-3.0,-7.0,-45.0
1776885365.567103,-7.0,0.0,-40.0
1776885365.577103,-1.0,3.0,-46.0
1776885365.587103,-2.0,0.0,-48.0
1776885365.5971026,0.0,3.0,-46.0
1776885365.6071026,0.0,5.0,-52.0
1776885365.6171026,-2.0,4.0,-53.0
1776885365.6271029,-1.0,1.0,-51.0
1776885365.6371028,-3.0,0.0,-47.0
1776885365.6471028,-5.0,0.0,-40.0
1776885365.6571028,0.0,2.0,-33.0
1776885365.6671028,0.0,1.0,-35.0
1776885365.6771028,1.0,0.0,-41.0
1776885365.6871028,-2.0,0.0,-38.0
1776885365.6971028,-1.0,1.0,-42.0
1776885365.7071028,0.0,0.0,-43.0
1776885365.7171028,5.0,0.0,-37.0
1776885365.7271028,7.0,0.0,-37.0
1776885365.7371027,6.0,0.0,-35.0
1776885365.7471027,4.0,-1.0,-34.0
1776885365.7571027,0.0,-3.0,-36.0
1776885365.7671027,-4.0,-1.0,-34.0
1776885365.7771027,-4.0,-2.0,-35.0
1776885365.7871027,-2.0,-3.0,-36.0
1776885365.7971027,3.0,-2.0,-45.0
1776885365.8081028,4.0,-1.0,-45.0
1776885365.8181028,8.0,0.0,-45.0
1776885365.8281028,5.0,0.0,-44.0
1776885365.8381028,4.0,-1.0,-39.0
1776885365.8481028,3.0,0.0,-40.0
1776885365.8581028,0.0,0.0,-45.0
1776885365.8681028,-1.0,-1.0,-42.0
1776885365.8781028,3.0,-1.0,-43.0
1776885365.8881028,0.0,2.0,-44.0
1776885365.8981028,0.0,4.0,-48.0
1776885365.9081028,0.0,1.0,-44.0
1776885365.9181027,-2.0,0.0,-43.0
1776885365.9281027,-1.0,-1.0,-42.0
1776885365.9381027,-1.0,0.0,-44.0
1776885365.9481027,0.0,0.0,-46.0
1776885365.9581027,4.0,-1.0,-41.0
1776885365.9681027,5.0,1.0,-39.0
1776885365.9781027,4.0,0.0,-36.0
1776885365.988103,2.0,0.0,-34.0
1776885365.998103,-1.0,0.0,-36.0
1776885366.008103,-3.0,0.0,-31.0
1776885366.0181026,-3.0,2.0,-38.0
1776885366.0281026,-1.0,0.0,-38.0
1776885366.0381026,1.0,0.0,-37.0
1776885366.0481029,-3.0,-2.0,-31.0
1776885366.0581028,-4.0,-2.0,-26.0
1776885366.0681028,0.0,-5.0,-25.0
1776885366.0781028,1.0,-4.0,-25.0
1776885366.0881028,3.0,-1.0,-31.0
1776885366.0981028,8.0,0.0,-32.0
1776885366.1081028,8.0,-2.0,-32.0
1776885366.1181028,6.0,0.0,-32.0
1776885366.1281028,2.0,3.0,-35.0
1776885366.1381028,2.0,2.0,-35.0
1776885366.1481028,-3.0,2.0,-37.0
1776885366.1581028,-5.0,0.0,-31.0
1776885366.1681027,-5.0,-1.0,-38.0
1776885366.1781027,1.0,0.0,-46.0
1776885366.1881027,0.0,0.0,-38.0
1776885366.1981027,2.0,1.0,-40.0
1776885366.2081027,5.0,-2.0,-41.0
1776885366.2181027,4.0,-1.0,-45.0
1776885366.2281027,2.0,0.0,-45.0
1776885366.238103,1.0,0.0,-46.0
1776885366.248103,3.0,3.0,-43.0
1776885366.258103,5.0,8.0,-40.0
1776885366.2681026,1.0,9.0,-44.0
1776885366.2781026,0.0,9.0,-38.0
1776885366.2881026,-1.0,8.0,-43.0
1776885366.2981029,-4.0,6.0,-44.0
1776885366.3081028,-3.0,5.0,-42.0
1776885366.3181028,-1.0,7.0,-43.0
1776885366.3281028,3.0,6.0,-45.0
1776885366.3381028,4.0,3.0,-41.0
1776885366.3481028,4.0,1.0,-39.0
1776885366.3581028,3.0,0.0,-29.0
1776885366.3681028,2.0,0.0,-24.0
1776885366.3781028,5.0,1.0,-26.0
1776885366.3881028,4.0,-2.0,-35.0
1776885366.3981028,8.0,-2.0,-38.0
1776885366.4081028,8.0,1.0,-43.0
1776885366.4181027,3.0,2.0,-49.0
1776885366.4281027,3.0,2.0,-46.0
1776885366.4381027,3.0,0.0,-44.0
1776885366.4481027,1.0,-3.0,-43.0
1776885366.4581027,0.0,0.0,-43.0
1776885366.4681027,4.0,3.0,-38.0
1776885366.4781027,6.0,1.0,-34.0
1776885366.488103,8.0,-1.0,-39.0
1776885366.498103,10.0,-2.0,-44.0
1776885366.508103,10.0,-6.0,-44.0
1776885366.5181026,8.0,-6.0,-45.0
1776885366.5281026,6.0,-6.0,-45.0
1776885366.5381026,7.0,-3.0,-43.0
1776885366.5481029,3.0,-5.0,-43.0
1776885366.5581028,5.0,-7.0,-40.0
1776885366.5681028,3.0,-7.0,-37.0
1776885366.5781028,-1.0,-5.0,-37.0
1776885366.5881028,-4.0,-3.0,-44.0
1776885366.5981028,-3.0,-6.0,-47.0
1776885366.6081028,-9.0,-4.0,-47.0
1776885366.6181028,-3.0,-5.0,-48.0
1776885366.6281028,-8.0,-5.0,-50.0
1776885366.6381028,-8.0,-5.0,-51.0
1776885366.6481028,-9.0,-6.0,-41.0
1776885366.6581028,-7.0,-1.0,-35.0
1776885366.6681027,-6.0,0.0,-37.0
1776885366.6781027,-3.0,-1.0,-32.0
1776885366.6881027,-1.0,-7.0,-40.0
1776885366.6981027,0.0,-3.0,-44.0
1776885366.7081027,2.0,-1.0,-45.0
1776885366.7181027,2.0,1.0,-49.0
1776885366.7281027,-2.0,1.0,-50.0
1776885366.738103,-4.0,3.0,-54.0
1776885366.748103,-6.0,2.0,-53.0
1776885366.758103,-4.0,0.0,-55.0
1776885366.7681026,4.0,1.0,-52.0
1776885366.7781026,3.0,-1.0,-47.0
1776885366.7881026,2.0,1.0,-47.0
1776885366.7981029,0.0,3.0,-43.0
1776885366.8081028,1.0,0.0,-42.0
1776885366.8181028,2.0,-3.0,-48.0
1776885366.8281028,0.0,-1.0,-50.0
1776885366.8381028,0.0,-1.0,-53.0
1776885366.8481028,-2.0,-2.0,-53.0
1776885366.8581028,-3.0,-4.0,-53.0
1776885366.8681028,-8.0,-2.0,-50.0
1776885366.8781028,-9.0,-1.0,-51.0
1776885366.8881028,-4.0,-4.0,-49.0
1776885366.8981028,-1.0,-4.0,-45.0
1776885366.9081028,-4.0,-8.0,-50.0
1776885366.9181027,-4.0,-9.0,-48.0
1776885366.9281027,4.0,-11.0,-47.0
1776885366.9381027,1.0,-6.0,-49.0
1776885366.9481027,3.0,-7.0,-57.0
1776885366.9581027,1.0,-4.0,-59.0
1776885366.9681027,2.0,-6.0,-58.0
1776885366.9781027,-1.0,-6.0,-58.0
1776885366.988103,-1.0,-6.0,-58.0
1776885366.998103,-1.0,-7.0,-57.0
1776885367.008103,0.0,-5.0,-51.0
1776885367.0181026,0.0,-6.0,-51.0
1776885367.0281026,2.0,-4.0,-53.0
1776885367.0381026,5.0,0.0,-57.0
1776885367.0481029,0.0,0.0,-52.0
1776885367.0581028,-4.0,0.0,-50.0
1776885367.0681028,-2.0,0.0,-55.0
1776885367.0781028,-2.0,0.0,-49.0
1776885367.0881028,-1.0,-3.0,-48.0
1776885367.0981028,0.0,-2.0,-52.0
1776885367.1081028,2.0,-2.0,-53.0
1776885367.1181028,1.0,-7.0,-53.0
1776885367.1281028,-3.0,-8.0,-45.0
1776885367.1381028,-1.0,-4.0,-41.0
1776885367.1481028,-5.0,-4.0,-42.0
1776885367.1581028,-3.0,-2.0,-40.0
1776885367.1681027,-6.0,1.0,-45.0
1776885367.1781027,-4.0,-1.0,-51.0
1776885367.1881027,-4.0,2.0,-47.0
1776885367.1981027,-5.0,5.0,-50.0
1776885367.2081027,-4.0,2.0,-52.0
1776885367.2181027,-3.0,0.0,-50.0
1776885367.2281027,1.0,3.0,-52.0
1776885367.238103,0.0,1.0,-46.0
1776885367.248103,-2.0,1.0,-41.0
1776885367.258103,-2.0,2.0,-43.0
1776885367.2681026,-5.0,6.0,-43.0
1776885367.2781026,-4.0,8.0,-42.0
1776885367.2881026,2.0,8.0,-41.0
1776885367.2981029,5.0,5.0,-36.0
1776885367.3081028,8.0,5.0,-28.0
1776885367.3181028,2.0,3.0,-27.0
1776885367.3281028,3.0,2.0,-30.0
1776885367.3381028,8.0,1.0,-34.0
1776885367.3481028,4.0,0.0,-45.0
1776885367.3581028,2.0,2.0,-33.0
1776885367.3681028,0.0,3.0,-40.0
1776885367.3781028,1.0,-2.0,-47.0
1776885367.3881028,-2.0,-3.0,-47.0
1776885367.3981028,-3.0,-2.0,-47.0
1776885367.4081028,1.0,-3.0,-47.0
1776885367.4181027,0.0,-4.0,-46.0
1776885367.4281027,2.0,-2.0,-51.0
1776885367.4381027,-3.0,-7.0,-45.0
1776885367.4481027,0.0,-8.0,-48.0
1776885367.4581027,0.0,-8.0,-41.0
1776885367.4681027,-1.0,-10.0,-46.0
1776885367.4781027,3.0,-13.0,-49.0
1776885367.488103,6.0,-12.0,-53.0
1776885367.498103,3.0,-10.0,-53.0
1776885367.508103,4.0,-7.0,-58.0
1776885367.5181026,5.0,-3.0,-60.0
1776885367.5281026,5.0,-4.0,-56.0
1776885367.5381026,5.0,-5.0,-63.0
1776885367.5481029,7.0,-7.0,-61.0
1776885367.5581028,6.0,-5.0,-58.0
1776885367.5681028,6.0,-4.0,-49.0
1776885367.5781028,2.0,-3.0,-50.0
1776885367.5881028,5.0,0.0,-49.0
1776885367.5981028,2.0,2.0,-49.0
1776885367.6081028,6.0,1.0,-44.0
1776885367.6181028,7.0,3.0,-38.0
1776885367.6281028,5.0,3.0,-33.0
1776885367.6381028,6.0,0.0,-40.0
1776885367.6481028,5.0,2.0,-44.0
1776885367.6581028,3.0,1.0,-46.0
1776885367.6681027,0.0,3.0,-48.0
1776885367.6781027,-3.0,1.0,-42.0
1776885367.6881027,-4.0,1.0,-42.0
1776885367.6981027,-4.0,0.0,-42.0
1776885367.7081027,-3.0,-3.0,-41.0
1776885367.7181027,-2.0,-5.0,-31.0
1776885367.7281027,0.0,-3.0,-33.0
1776885367.738103,2.0,-5.0,-36.0
1776885367.748103,1.0,-7.0,-44.0
1776885367.758103,-1.0,-5.0,-40.0
1776885367.7681026,0.0,-6.0,-41.0
1776885367.7791028,0.0,-3.0,-43.0
1776885367.7891028,-3.0,-1.0,-43.0
1776885367.7991028,-5.0,-2.0,-43.0
1776885367.8091028,-1.0,2.0,-45.0
1776885367.8191028,1.0,4.0,-45.0
1776885367.8291028,0.0,5.0,-41.0
1776885367.8391027,0.0,6.0,-47.0
1776885367.8491027,0.0,0.0,-47.0
1776885367.8591027,2.0,0.0,-42.0
1776885367.8691027,4.0,0.0,-44.0
1776885367.8791027,0.0,-1.0,-47.0
1776885367.8891027,4.0,0.0,-44.0
1776885367.8991027,4.0,0.0,-43.0
1776885367.909103,5.0,2.0,-48.0
1776885367.919103,6.0,0.0,-47.0
1776885367.929103,4.0,1.0,-42.0
1776885367.9391026,3.0,2.0,-46.0
1776885367.9491026,5.0,-1.0,-49.0
1776885367.9591026,5.0,-5.0,-52.0
1776885367.9691026,4.0,-6.0,-48.0
1776885367.9791028,7.0,-6.0,-49.0
1776885367.9891028,3.0,-4.0,-48.0
1776885367.9991028,0.0,0.0,-48.0
1776885368.0091028,-2.0,-2.0,-46.0
1776885368.0191028,-2.0,-7.0,-42.0
1776885368.0291028,-1.0,-4.0,-42.0
1776885368.0391028,-1.0,0.0,-38.0
1776885368.0491028,0.0,-2.0,-40.0
1776885368.0591028,2.0,1.0,-38.0
1776885368.0691028,2.0,2.0,-42.0
1776885368.0791028,3.0,0.0,-41.0
1776885368.0891027,2.0,1.0,-35.0
1776885368.0991027,-1.0,3.0,-34.0
1776885368.1091027,-2.0,0.0,-33.0
1776885368.1191027,-6.0,2.0,-35.0
1776885368.1291027,-4.0,3.0,-38.0
1776885368.1391027,-6.0,0.0,-34.0
1776885368.1491027,-8.0,2.0,-38.0
1776885368.159103,-5.0,1.0,-43.0
1776885368.169103,1.0,-1.0,-38.0
1776885368.179103,0.0,-3.0,-41.0
1776885368.1891026,2.0,-6.0,-43.0
1776885368.1991026,3.0,-7.0,-51.0
1776885368.2091026,-2.0,-6.0,-57.0
1776885368.2191026,-4.0,-5.0,-58.0
1776885368.2291028,-4.0,-2.0,-50.0
1776885368.2391028,0.0,-5.0,-41.0
1776885368.2491028,1.0,-4.0,-43.0
1776885368.2591028,-1.0,-5.0,-52.0
1776885368.2691028,1.0,-1.0,-51.0
1776885368.2791028,4.0,-2.0,-52.0
1776885368.2891028,0.0,-2.0,-45.0
1776885368.2991028,5.0,-3.0,-47.0
1776885368.3091028,2.0,-2.0,-41.0
1776885368.3191028,1.0,-4.0,-36.0
1776885368.3291028,0.0,-4.0,-38.0
1776885368.3391027,-2.0,-4.0,-39.0
1776885368.3491027,-3.0,-2.0,-40.0
1776885368.3591027,-7.0,0.0,-41.0
1776885368.3691027,-6.0,-3.0,-42.0
1776885368.3791027,-8.0,-4.0,-43.0
1776885368.3891027,-7.0,-6.0,-39.0
1776885368.3991027,-4.0,-4.0,-37.0
1776885368.409103,-4.0,-3.0,-38.0
1776885368.419103,-3.0,0.0,-39.0
1776885368.429103,-1.0,0.0,-36.0
1776885368.4391026,1.0,0.0,-37.0
1776885368.4491026,3.0,0.0,-41.0
1776885368.4591026,4.0,4.0,-46.0
1776885368.4691026,0.0,4.0,-41.0
1776885368.4791028,0.0,1.0,-35.0
1776885368.4891028,-2.0,3.0,-39.0
1776885368.4991028,0.0,2.0,-38.0
1776885368.5091028,1.0,1.0,-38.0
1776885368.5191028,1.0,-2.0,-44.0
1776885368.5291028,4.0,-1.0,-43.0
1776885368.5391028,1.0,-2.0,-34.0
1776885368.5491028,0.0,-5.0,-37.0
1776885368.5591028,4.0,-2.0,-47.0
1776885368.5691028,3.0,1.0,-52.0
1776885368.5791028,2.0,2.0,-54.0
1776885368.5891027,0.0,-2.0,-50.0
1776885368.5991027,-1.0,0.0,-37.0
1776885368.6091027,0.0,2.0,-32.0
1776885368.6191027,-2.0,3.0,-33.0
1776885368.6291027,-6.0,1.0,-29.0
1776885368.6391027,-9.0,-3.0,-35.0
1776885368.6491027,-8.0,-5.0,-35.0
1776885368.659103,-8.0,0.0,-33.0
1776885368.669103,-6.0,0.0,-35.0
1776885368.679103,-6.0,0.0,-38.0
1776885368.6891026,-3.0,-2.0,-35.0
1776885368.6991026,-1.0,-2.0,-37.0
1776885368.7091026,0.0,-1.0,-36.0
1776885368.7191026,-2.0,-3.0,-33.0
1776885368.7291028,-1.0,-7.0,-33.0
1776885368.7391028,1.0,-5.0,-27.0
1776885368.7491028,0.0,-7.0,-38.0
1776885368.7591028,-1.0,-9.0,-49.0
1776885368.7691028,1.0,-13.0,-44.0
1776885368.7791028,4.0,-12.0,-45.0
1776885368.7891028,4.0,-15.0,-50.0
1776885368.7991028,7.0,-14.0,-42.0
1776885368.8091028,7.0,-8.0,-42.0
1776885368.8191028,6.0,-5.0,-45.0
1776885368.8291028,3.0,-3.0,-39.0
1776885368.8391027,1.0,0.0,-39.0
1776885368.8491027,-1.0,0.0,-40.0
1776885368.8591027,-5.0,-1.0,-42.0
1776885368.8691027,-3.0,-3.0,-39.0
1776885368.8791027,0.0,-1.0,-47.0
1776885368.8891027,5.0,-1.0,-47.0
1776885368.8991027,6.0,-3.0,-48.0
1776885368.909103,3.0,-5.0,-51.0
1776885368.919103,7.0,-5.0,-50.0
1776885368.929103,6.0,-5.0,-48.0
1776885368.9391026,2.0,-6.0,-42.0
1776885368.9491026,0.0,-7.0,-39.0
1776885368.9591026,-8.0,-3.0,-31.0
1776885368.9691026,-3.0,-3.0,-37.0
1776885368.9791028,0.0,-2.0,-41.0
1776885368.9891028,3.0,0.0,-43.0
1776885368.9991028,7.0,-2.0,-41.0
1776885369.0091028,3.0,0.0,-40.0
1776885369.0191028,0.0,-1.0,-44.0
1776885369.0291028,2.0,-3.0,-44.0
1776885369.0391028,0.0,-4.0,-40.0
1776885369.0491028,-2.0,-4.0,-37.0
1776885369.0591028,-1.0,-2.0,-39.0
1776885369.0691028,-3.0,-2.0,-44.0
1776885369.0791028,-2.0,0.0,-43.0
1776885369.0891027,-2.0,0.0,-40.0
1776885369.0991027,-2.0,4.0,-44.0
1776885369.1091027,0.0,3.0,-47.0
1776885369.1191027,-1.0,5.0,-44.0
1776885369.1291027,-1.0,5.0,-44.0
1776885369.1391027,3.0,0.0,-37.0
1776885369.1491027,2.0,-3.0,-37.0
1776885369.159103,2.0,-3.0,-41.0
1776885369.169103,2.0,-1.0,-41.0
1776885369.179103,1.0,-2.0,-40.0
1776885369.1891026,0.0,-3.0,-38.0
1776885369.1991026,0.0,-1.0,-41.0
1776885369.2091026,2.0,0.0,-44.0
1776885369.2191026,0.0,-4.0,-43.0
1776885369.2291028,0.0,-6.0,-46.0
1776885369.2391028,4.0,-4.0,-46.0
1776885369.2491028,7.0,-2.0,-47.0
1776885369.2591028,3.0,-1.0,-50.0
1776885369.2691028,2.0,-3.0,-49.0
1776885369.2791028,3.0,-4.0,-49.0
1776885369.2891028,5.0,-3.0,-52.0
1776885369.2991028,4.0,0.0,-54.0
1776885369.3091028,-1.0,-4.0,-49.0
1776885369.3191028,-3.0,-6.0,-46.0
1776885369.3291028,0.0,-4.0,-54.0
1776885369.3391027,3.0,-5.0,-54.0
1776885369.3491027,6.0,-3.0,-51.0
1776885369.3591027,6.0,-3.0,-48.0
1776885369.3691027,8.0,-4.0,-45.0
1776885369.3791027,7.0,-5.0,-48.0
1776885369.3891027,8.0,-4.0,-44.0
1776885369.3991027,8.0,-1.0,-50.0
1776885369.409103,11.0,-1.0,-40.0
1776885369.419103,12.0,0.0,-45.0
1776885369.429103,13.0,-4.0,-50.0
1776885369.4391026,5.0,-5.0,-47.0
1776885369.4491026,-1.0,-5.0,-45.0
1776885369.4591026,-1.0,-9.0,-45.0
1776885369.4691026,0.0,-7.0,-50.0
1776885369.4791028,-1.0,-4.0,-46.0
1776885369.4891028,-3.0,-8.0,-54.0
1776885369.4991028,-3.0,-9.0,-49.0
1776885369.5091028,1.0,-8.0,-47.0
1776885369.5191028,5.0,-10.0,-47.0
1776885369.5291028,1.0,-8.0,-41.0
1776885369.5391028,5.0,-2.0,-40.0
1776885369.5491028,9.0,-1.0,-42.0
1776885369.5591028,7.0,-2.0,-38.0
1776885369.5691028,4.0,0.0,-38.0
1776885369.5791028,0.0,1.0,-41.0
1776885369.5891027,-2.0,3.0,-43.0
1776885369.5991027,0.0,3.0,-46.0
1776885369.6091027,-3.0,5.0,-49.0
1776885369.6191027,-3.0,1.0,-53.0
1776885369.6291027,-2.0,-3.0,-50.0
1776885369.6391027,-2.0,-7.0,-53.0
1776885369.6491027,0.0,-3.0,-56.0
1776885369.659103,0.0,-7.0,-54.0
1776885369.669103,-2.0,-3.0,-54.0
1776885369.679103,-2.0,-3.0,-45.0
1776885369.6891026,-1.0,2.0,-43.0
1776885369.6991026,1.0,-1.0,-50.0
1776885369.7091026,0.0,-5.0,-52.0
1776885369.7191026,0.0,-5.0,-52.0
1776885369.7301028,-2.0,-3.0,-47.0
1776885369.7391028,2.0,-7.0,-50.0
1776885369.7491028,1.0,-8.0,-47.0
1776885369.7601027,3.0,-6.0,-46.0
1776885369.7691028,0.0,-9.0,-50.0
1776885369.7801027,2.0,-7.0,-42.0
1776885369.7901027,6.0,-7.0,-40.0
1776885369.8001027,7.0,-6.0,-47.0
1776885369.8101027,1.0,-3.0,-49.0
1776885369.8201027,-1.0,-7.0,-50.0
1776885369.8301027,-1.0,-5.0,-44.0
1776885369.840103,1.0,-6.0,-46.0
1776885369.850103,3.0,-8.0,-44.0
1776885369.860103,3.0,-6.0,-45.0
1776885369.8701026,2.0,-3.0,-41.0
1776885369.8801026,-4.0,-6.0,-40.0
1776885369.8901026,-4.0,-5.0,-38.0
1776885369.9001029,-3.0,-5.0,-37.0
1776885369.9101028,-2.0,-5.0,-39.0
1776885369.9201028,0.0,-7.0,-35.0
1776885369.9301028,0.0,-6.0,-35.0
1776885369.9411027,0.0,-6.0,-39.0
1776885369.9501028,1.0,-4.0,-46.0
1776885369.9601028,0.0,-3.0,-46.0
1776885369.9701028,3.0,-1.0,-36.0
1776885369.9801028,0.0,-2.0,-31.0
1776885369.9901028,0.0,-2.0,-37.0
1776885370.0001028,0.0,-6.0,-46.0
1776885370.0101027,-3.0,-5.0,-48.0
1776885370.0201027,0.0,0.0,-47.0
1776885370.0301027,2.0,4.0,-44.0
1776885370.0401027,3.0,8.0,-47.0
1776885370.0501027,0.0,6.0,-50.0
1776885370.0601027,-2.0,4.0,-46.0
1776885370.0701027,2.0,2.0,-49.0
1776885370.0801027,1.0,-2.0,-51.0
1776885370.090103,2.0,-2.0,-49.0
1776885370.100103,8.0,-1.0,-52.0
1776885370.110103,11.0,1.0,-44.0
1776885370.1201026,6.0,0.0,-32.0
1776885370.1301026,7.0,5.0,-34.0
1776885370.1401026,7.0,4.0,-41.0
1776885370.1501029,7.0,0.0,-47.0
1776885370.1601028,7.0,0.0,-51.0
1776885370.1701028,3.0,1.0,-53.0
1776885370.1801028,1.0,0.0,-48.0
1776885370.1901028,1.0,-2.0,-47.0
1776885370.2001028,0.0,-6.0,-47.0
1776885370.2101028,3.0,-6.0,-41.0
1776885370.2201028,4.0,-5.0,-42.0
1776885370.2301028,4.0,-4.0,-49.0
1776885370.2401028,1.0,-7.0,-45.0
1776885370.2501028,3.0,-8.0,-43.0
1776885370.2601027,6.0,-10.0,-46.0
1776885370.2701027,6.0,-7.0,-44.0
1776885370.2801027,1.0,-7.0,-50.0
1776885370.2901027,2.0,-7.0,-55.0
1776885370.3001027,1.0,-8.0,-50.0
1776885370.3101027,3.0,-8.0,-52.0
1776885370.3201027,6.0,-6.0,-48.0
1776885370.3301027,6.0,-3.0,-48.0
1776885370.340103,4.0,-1.0,-51.0
1776885370.350103,4.0,0.0,-45.0
1776885370.360103,2.0,-3.0,-43.0
1776885370.3701026,0.0,-2.0,-42.0
1776885370.3801026,-1.0,0.0,-40.0
1776885370.3901026,3.0,0.0,-32.0
1776885370.4001029,7.0,-1.0,-32.0
1776885370.4101028,10.0,-1.0,-34.0
1776885370.4201028,9.0,-1.0,-37.0
1776885370.4301028,10.0,4.0,-46.0
1776885370.4401028,10.0,3.0,-42.0
1776885370.4501028,6.0,-1.0,-40.0
1776885370.4601028,3.0,-3.0,-40.0
1776885370.4701028,3.0,-3.0,-47.0
1776885370.4801028,2.0,1.0,-46.0
1776885370.4901028,1.0,1.0,-50.0
1776885370.5001028,-2.0,2.0,-53.0
1776885370.5101027,0.0,1.0,-55.0
1776885370.5201027,1.0,4.0,-55.0
1776885370.5301027,0.0,-1.0,-52.0
1776885370.5401027,-3.0,0.0,-46.0
1776885370.5501027,-2.0,0.0,-48.0
1776885370.5601027,-3.0,-1.0,-51.0
1776885370.5701027,-8.0,1.0,-47.0
1776885370.5801027,-7.0,3.0,-50.0
1776885370.590103,-3.0,0.0,-47.0
1776885370.600103,-7.0,-4.0,-48.0
1776885370.610103,-5.0,-2.0,-42.0
1776885370.6201026,-5.0,-2.0,-39.0
1776885370.6301026,-3.0,0.0,-43.0
1776885370.6401026,0.0,0.0,-46.0
1776885370.6501029,0.0,-2.0,-40.0
1776885370.6601028,0.0,0.0,-39.0
1776885370.6701028,-2.0,-1.0,-40.0
1776885370.6801028,0.0,0.0,-42.0
1776885370.6901028,1.0,1.0,-39.0
1776885370.7001028,0.0,-1.0,-39.0
1776885370.7101028,2.0,0.0,-40.0
1776885370.7201028,0.0,0.0,-35.0
1776885370.7301028,1.0,0.0,-27.0
1776885370.7401028,-3.0,-3.0,-29.0
1776885370.7501028,-5.0,-1.0,-33.0
1776885370.7601027,-3.0,0.0,-36.0
1776885370.7701027,-1.0,0.0,-37.0
1776885370.7801027,2.0,-1.0,-33.0
1776885370.7901027,5.0,-5.0,-35.0
1776885370.8001027,5.0,-6.0,-40.0
1776885370.8101027,5.0,-3.0,-42.0
1776885370.8201027,3.0,-3.0,-42.0
1776885370.8301027,1.0,-1.0,-40.0
1776885370.840103,-2.0,0.0,-40.0
1776885370.850103,0.0,0.0,-37.0
1776885370.860103,0.0,-1.0,-35.0
1776885370.8701026,-1.0,-4.0,-42.0
1776885370.8801026,-3.0,-1.0,-47.0
1776885370.8901026,-2.0,0.0,-46.0
1776885370.9001029,2.0,2.0,-47.0
1776885370.9101028,2.0,0.0,-49.0
1776885370.9201028,1.0,2.0,-46.0
1776885370.9301028,2.0,4.0,-47.0
1776885370.9401028,4.0,3.0,-49.0
1776885370.9501028,5.0,-2.0,-47.0
1776885370.9601028,3.0,-1.0,-45.0
1776885370.9701028,1.0,-3.0,-38.0
1776885370.9801028,1.0,0.0,-37.0
1776885370.9901028,2.0,0.0,-30.0
1776885371.0001028,3.0,-4.0,-32.0
1776885371.0101027,0.0,-3.0,-37.0
1776885371.0201027,0.0,-1.0,-38.0
1776885371.0301027,-3.0,-4.0,-36.0
1776885371.0401027,3.0,-4.0,-33.0
1776885371.0501027,-4.0,0.0,-29.0
1776885371.0601027,-5.0,-1.0,-24.0
1776885371.0701027,-3.0,-8.0,-30.0
1776885371.0801027,-3.0,-6.0,-36.0
1776885371.090103,-5.0,-3.0,-34.0
1776885371.100103,-8.0,-4.0,-36.0
1776885371.110103,-6.0,-6.0,-41.0
1776885371.1201026,-6.0,-7.0,-46.0
1776885371.1301026,-7.0,-6.0,-52.0
1776885371.1401026,-4.0,-7.0,-56.0
1776885371.1501029,-6.0,-4.0,-48.0
1776885371.1601028,-4.0,-3.0,-45.0
1776885371.1701028,-7.0,-7.0,-43.0
1776885371.1801028,-6.0,-6.0,-46.0
1776885371.1901028,-6.0,-6.0,-53.0
1776885371.2001028,-7.0,-5.0,-50.0
1776885371.2101028,-1.0,-3.0,-57.0
1776885371.2201028,0.0,-9.0,-53.0
1776885371.2301028,-1.0,-12.0,-44.0
1776885371.2401028,-1.0,-9.0,-40.0
1776885371.2501028,-3.0,-9.0,-42.0
1776885371.2601027,1.0,-7.0,-40.0
1776885371.2701027,-2.0,-8.0,-40.0
1776885371.2801027,4.0,-8.0,-43.0
1776885371.2901027,5.0,-3.0,-44.0
1776885371.3001027,4.0,-3.0,-43.0
1776885371.3101027,2.0,-3.0,-43.0
1776885371.3201027,3.0,-3.0,-50.0
1776885371.3301027,0.0,-2.0,-49.0
1776885371.340103,-1.0,-4.0,-45.0
1776885371.350103,1.0,-1.0,-46.0
1776885371.360103,-1.0,-4.0,-47.0
1776885371.3701026,1.0,-4.0,-43.0
1776885371.3801026,0.0,-2.0,-44.0
1776885371.3901026,-1.0,0.0,-52.0
1776885371.4001029,1.0,0.0,-51.0
1776885371.4101028,0.0,-5.0,-47.0
1776885371.4201028,-1.0,-4.0,-49.0
1776885371.4301028,0.0,-2.0,-40.0
1776885371.4401028,-5.0,-5.0,-40.0
1776885371.4501028,-6.0,-6.0,-37.0
1776885371.4601028,-8.0,-6.0,-42.0
1776885371.4701028,-5.0,-5.0,-35.0
1776885371.4801028,-1.0,-2.0,-33.0
1776885371.4901028,0.0,-2.0,-28.0
1776885371.5001028,-1.0,0.0,-31.0
1776885371.5101027,-1.0,-4.0,-35.0
1776885371.5201027,6.0,-4.0,-33.0
1776885371.5301027,12.0,-4.0,-40.0
1776885371.5401027,11.0,0.0,-48.0
1776885371.5501027,9.0,0.0,-47.0
1776885371.5601027,4.0,0.0,-43.0
1776885371.5701027,3.0,0.0,-35.0
1776885371.5801027,0.0,-1.0,-38.0
1776885371.590103,0.0,0.0,-39.0
1776885371.600103,0.0,-1.0,-43.0
1776885371.610103,-1.0,-5.0,-52.0
1776885371.6201026,-2.0,-6.0,-51.0
1776885371.6301026,-4.0,-4.0,-52.0
1776885371.6401026,-7.0,-1.0,-54.0
1776885371.6501029,-6.0,0.0,-54.0
1776885371.6601028,-5.0,-7.0,-51.0
1776885371.6701028,-7.0,-7.0,-46.0
1776885371.6801028,-7.0,-6.0,-48.0
1776885371.6901028,-5.0,-7.0,-44.0
1776885371.7001028,-5.0,-3.0,-49.0
1776885371.7111027,-2.0,-3.0,-40.0
1776885371.7201028,1.0,2.0,-33.0
1776885371.7311027,-1.0,6.0,-28.0
1776885371.7411027,-1.0,8.0,-26.0
1776885371.7501028,0.0,9.0,-32.0
1776885371.761103,2.0,5.0,-33.0
1776885371.771103,2.0,4.0,-41.0
1776885371.781103,1.0,3.0,-37.0
1776885371.7911026,0.0,2.0,-38.0
1776885371.8011026,4.0,-2.0,-35.0
1776885371.8111026,4.0,0.0,-35.0
1776885371.8211029,3.0,-2.0,-33.0
1776885371.8311028,1.0,-1.0,-36.0
1776885371.8411028,-2.0,2.0,-40.0
1776885371.8511028,-3.0,4.0,-50.0
1776885371.8611028,-1.0,4.0,-52.0
1776885371.8711028,5.0,2.0,-50.0
1776885371.8811028,10.0,1.0,-42.0
1776885371.8911028,6.0,-1.0,-41.0
1776885371.9011028,5.0,-3.0,-39.0
1776885371.9111028,3.0,-5.0,-42.0
1776885371.9211028,3.0,-6.0,-43.0
1776885371.9311028,4.0,-5.0,-42.0
1776885371.9411027,7.0,-9.0,-44.0
1776885371.9511027,5.0,-9.0,-45.0
1776885371.9611027,8.0,-8.0,-46.0
1776885371.9711027,10.0,-6.0,-47.0
1776885371.9811027,6.0,-7.0,-46.0
1776885371.9911027,8.0,-7.0,-37.0
1776885372.0011027,5.0,-4.0,-36.0
1776885372.011103,-1.0,-3.0,-38.0
1776885372.021103,-5.0,-1.0,-38.0
1776885372.031103,-4.0,-3.0,-37.0
1776885372.0411026,-4.0,-1.0,-31.0
1776885372.0511026,-5.0,-1.0,-38.0
1776885372.0611026,-4.0,-3.0,-46.0
1776885372.0711029,-4.0,1.0,-46.0
1776885372.0811028,-2.0,2.0,-50.0
1776885372.0911028,1.0,1.0,-45.0
1776885372.1011028,-1.0,1.0,-40.0
1776885372.1111028,0.0,1.0,-37.0
1776885372.1211028,1.0,0.0,-47.0
1776885372.1311028,0.0,1.0,-48.0
1776885372.1411028,-3.0,-3.0,-44.0
1776885372.1511028,-3.0,-2.0,-47.0
1776885372.1611028,-3.0,-1.0,-48.0
1776885372.1711028,-3.0,-2.0,-48.0
1776885372.1811028,-2.0,-1.0,-39.0
1776885372.1911027,0.0,-1.0,-45.0
1776885372.2011027,1.0,0.0,-46.0
1776885372.2111027,3.0,0.0,-47.0
1776885372.2211027,3.0,0.0,-48.0
1776885372.2311027,2.0,0.0,-45.0
1776885372.2411027,6.0,0.0,-41.0
1776885372.2511027,2.0,1.0,-38.0
1776885372.261103,3.0,1.0,-33.0
1776885372.271103,0.0,-2.0,-30.0
1776885372.281103,0.0,-5.0,-29.0
1776885372.2911026,-3.0,-5.0,-32.0
1776885372.3011026,0.0,-4.0,-37.0
1776885372.3111026,-2.0,0.0,-38.0
1776885372.3211029,-3.0,0.0,-37.0
1776885372.3311028,-5.0,-4.0,-35.0
1776885372.3411028,-4.0,-6.0,-44.0
1776885372.3511028,-7.0,-2.0,-45.0
1776885372.3611028,-8.0,0.0,-44.0
1776885372.3711028,-9.0,-2.0,-42.0
1776885372.3811028,-2.0,-2.0,-42.0
1776885372.3911028,0.0,-5.0,-40.0
1776885372.4011028,-2.0,-8.0,-35.0
1776885372.4111028,0.0,-5.0,-33.0
1776885372.4211028,-3.0,-4.0,-38.0
1776885372.4311028,-4.0,-6.0,-41.0
1776885372.4411027,-4.0,-4.0,-45.0
1776885372.4511027,-2.0,-4.0,-48.0
1776885372.4611027,5.0,-6.0,-47.0
1776885372.4711027,4.0,-6.0,-46.0
1776885372.4811027,1.0,-6.0,-45.0
1776885372.4911027,0.0,-4.0,-40.0
1776885372.5011027,8.0,-6.0,-46.0
1776885372.511103,10.0,-8.0,-42.0
1776885372.521103,8.0,-8.0,-52.0
1776885372.531103,10.0,-6.0,-55.0
1776885372.5411026,9.0,-6.0,-53.0
1776885372.5511026,9.0,-5.0,-53.0
1776885372.5611026,3.0,-4.0,-53.0
1776885372.5711029,0.0,-2.0,-54.0
1776885372.5811028,-4.0,-4.0,-45.0
1776885372.5911028,-6.0,-3.0,-43.0
1776885372.6011028,-5.0,-3.0,-50.0
1776885372.6111028,-2.0,-2.0,-53.0
1776885372.6211028,-1.0,-1.0,-53.0
1776885372.6311028,-3.0,-3.0,-53.0
1776885372.6411028,0.0,-1.0,-52.0
1776885372.6511028,0.0,-2.0,-47.0
1776885372.6611028,3.0,-4.0,-47.0
1776885372.6711028,6.0,-3.0,-54.0
1776885372.6811028,0.0,0.0,-58.0
1776885372.6911027,0.0,2.0,-56.0
1776885372.7011027,-2.0,0.0,-56.0
1776885372.7111027,-1.0,-4.0,-50.0
1776885372.7211027,1.0,-1.0,-48.0
1776885372.7311027,0.0,3.0,-47.0
1776885372.7411027,1.0,4.0,-51.0
1776885372.7511027,2.0,4.0,-49.0
1776885372.761103,3.0,3.0,-53.0
1776885372.771103,-1.0,3.0,-45.0
1776885372.781103,-4.0,3.0,-46.0
1776885372.7911026,-6.0,2.0,-47.0
1776885372.8011026,-4.0,3.0,-51.0
1776885372.8111026,-1.0,2.0,-57.0
1776885372.8211029,2.0,0.0,-54.0
1776885372.8311028,4.0,4.0,-54.0
1776885372.8411028,6.0,5.0,-56.0
1776885372.8511028,5.0,10.0,-45.0
1776885372.8611028,3.0,8.0,-49.0
1776885372.8711028,7.0,6.0,-38.0
1776885372.8811028,10.0,4.0,-40.0
1776885372.8911028,10.0,0.0,-44.0
1776885372.9011028,6.0,-1.0,-44.0
1776885372.9111028,0.0,-1.0,-49.0
1776885372.9211028,1.0,0.0,-48.0
1776885372.9311028,3.0,-3.0,-56.0
1776885372.9411027,3.0,-2.0,-50.0
1776885372.9511027,0.0,-4.0,-47.0
1776885372.9611027,0.0,-5.0,-35.0
1776885372.9711027,0.0,-8.0,-38.0
1776885372.9811027,-2.0,-3.0,-37.0
1776885372.9911027,-2.0,-5.0,-32.0
1776885373.0011027,-3.0,0.0,-28.0
1776885373.011103,0.0,3.0,-34.0
1776885373.021103,-6.0,2.0,-32.0
1776885373.031103,-6.0,0.0,-34.0
1776885373.0411026,0.0,-1.0,-34.0
1776885373.0511026,-4.0,-4.0,-35.0
1776885373.0611026,-2.0,-4.0,-33.0
1776885373.0711029,0.0,-5.0,-37.0
1776885373.0811028,0.0,-8.0,-43.0
1776885373.0911028,0.0,-7.0,-50.0
1776885373.1011028,-2.0,-7.0,-40.0
1776885373.1111028,0.0,-1.0,-38.0
1776885373.1211028,0.0,2.0,-44.0
1776885373.1311028,8.0,3.0,-46.0
1776885373.1411028,9.0,0.0,-50.0
1776885373.1511028,7.0,0.0,-56.0
1776885373.1611028,9.0,-3.0,-57.0
1776885373.1711028,4.0,-5.0,-52.0
1776885373.1811028,2.0,-6.0,-53.0
1776885373.1911027,2.0,-5.0,-50.0
1776885373.2011027,0.0,-7.0,-50.0
1776885373.2111027,0.0,-5.0,-50.0
1776885373.2211027,2.0,-3.0,-51.0
1776885373.2311027,3.0,-3.0,-46.0
1776885373.2411027,3.0,-3.0,-51.0
1776885373.2511027,1.0,-3.0,-54.0
1776885373.261103,0.0,-5.0,-51.0
1776885373.271103,3.0,-3.0,-43.0
1776885373.281103,1.0,-3.0,-41.0
1776885373.2911026,2.0,-2.0,-41.0
1776885373.3011026,0.0,-2.0,-46.0
1776885373.3111026,-1.0,-1.0,-44.0
1776885373.3211029,0.0,-4.0,-42.0
1776885373.3311028,-1.0,0.0,-37.0
1776885373.3411028,0.0,-2.0,-39.0
1776885373.3511028,1.0,0.0,-35.0
1776885373.3611028,1.0,0.0,-38.0
1776885373.3711028,3.0,-1.0,-40.0
1776885373.3811028,-1.0,1.0,-43.0
1776885373.3911028,4.0,1.0,-42.0
1776885373.4011028,7.0,-1.0,-39.0
1776885373.4111028,6.0,-1.0,-40.0
1776885373.4211028,3.0,-3.0,-40.0
1776885373.4311028,3.0,-5.0,-38.0
1776885373.4411027,0.0,-3.0,-41.0
1776885373.4511027,-3.0,-1.0,-38.0
1776885373.4611027,-2.0,2.0,-37.0
1776885373.4711027,0.0,0.0,-33.0
1776885373.4811027,0.0,0.0,-31.0
1776885373.4911027,1.0,-5.0,-31.0
1776885373.5011027,2.0,-3.0,-30.0
1776885373.511103,0.0,-5.0,-36.0
1776885373.521103,-2.0,-6.0,-38.0
1776885373.531103,-4.0,-5.0,-38.0
1776885373.5411026,-3.0,-5.0,-41.0
1776885373.5511026,3.0,-3.0,-45.0
1776885373.5611026,5.0,-7.0,-43.0
1776885373.5711029,3.0,-9.0,-48.0
1776885373.5811028,2.0,-10.0,-52.0
1776885373.5911028,5.0,-6.0,-52.0
1776885373.6011028,6.0,-9.0,-50.0
1776885373.6111028,2.0,-8.0,-47.0
1776885373.6211028,0.0,-7.0,-51.0
1776885373.6311028,1.0,-8.0,-49.0
1776885373.6411028,-2.0,-9.0,-36.0
1776885373.6511028,-4.0,-8.0,-34.0
1776885373.6611028,-7.0,-11.0,-30.0
1776885373.6711028,-10.0,-9.0,-27.0
1776885373.6811028,-4.0,-5.0,-31.0
1776885373.6911027,-2.0,-5.0,-39.0
1776885373.7011027,-6.0,-5.0,-42.0
1776885373.7111027,-5.0,-6.0,-48.0
1776885373.7221026,-3.0,-3.0,-54.0
1776885373.7311027,-1.0,-2.0,-54.0
1776885373.7421026,3.0,0.0,-48.0
1776885373.7521029,4.0,-1.0,-45.0
1776885373.7621028,3.0,-2.0,-44.0
1776885373.7721028,7.0,-4.0,-42.0
1776885373.7821028,0.0,-4.0,-40.0
1776885373.7921028,-1.0,-6.0,-42.0
1776885373.8021028,2.0,-2.0,-52.0
1776885373.8121028,5.0,-4.0,-60.0
1776885373.8221028,9.0,-9.0,-53.0
1776885373.8321028,3.0,-7.0,-51.0
1776885373.8421028,0.0,-6.0,-48.0
1776885373.8521028,-2.0,-4.0,-41.0
1776885373.8621027,1.0,-2.0,-43.0
1776885373.8721027,3.0,-7.0,-41.0
1776885373.8821027,1.0,-7.0,-42.0
1776885373.8921027,3.0,-5.0,-43.0
1776885373.9021027,5.0,-9.0,-46.0
1776885373.9121027,1.0,-7.0,-48.0
1776885373.9221027,0.0,-4.0,-42.0
1776885373.932103,-3.0,-1.0,-42.0
1776885373.942103,0.0,-1.0,-46.0
1776885373.952103,1.0,-2.0,-50.0
1776885373.962103,3.0,-3.0,-50.0
1776885373.9721026,0.0,2.0,-54.0
1776885373.9821026,1.0,3.0,-50.0
1776885373.9921026,0.0,2.0,-51.0
1776885374.0021029,0.0,2.0,-53.0
1776885374.0121028,0.0,-1.0,-50.0
1776885374.0221028,2.0,-1.0,-50.0
1776885374.0321028,0.0,0.0,-44.0
1776885374.0421028,3.0,-1.0,-43.0
1776885374.0521028,2.0,-1.0,-39.0
1776885374.0621028,2.0,-3.0,-39.0
1776885374.0721028,6.0,0.0,-41.0
1776885374.0821028,1.0,0.0,-36.0
1776885374.0921028,2.0,3.0,-38.0
1776885374.1021028,-1.0,4.0,-38.0
1776885374.1121027,-5.0,0.0,-40.0
1776885374.1221027,-8.0,4.0,-44.0
1776885374.1321027,-9.0,5.0,-40.0
1776885374.1421027,-6.0,1.0,-41.0
1776885374.1521027,-5.0,1.0,-47.0
1776885374.1621027,-2.0,1.0,-49.0
1776885374.1721027,-5.0,0.0,-49.0
1776885374.182103,-6.0,-2.0,-40.0
1776885374.192103,-1.0,-2.0,-40.0
1776885374.202103,0.0,-1.0,-39.0
1776885374.212103,-1.0,-1.0,-40.0
1776885374.2221026,0.0,0.0,-46.0
1776885374.2321026,1.0,-1.0,-43.0
1776885374.2421026,2.0,-3.0,-44.0
1776885374.2521029,2.0,0.0,-51.0
1776885374.2621028,0.0,-1.0,-52.0
1776885374.2721028,7.0,-1.0,-48.0
1776885374.2821028,9.0,0.0,-46.0
1776885374.2921028,5.0,1.0,-41.0
1776885374.3021028,5.0,1.0,-38.0
1776885374.3121028,1.0,4.0,-36.0
1776885374.3221028,-1.0,5.0,-36.0
1776885374.3321028,0.0,3.0,-38.0
1776885374.3421028,0.0,1.0,-41.0
1776885374.3521028,3.0,0.0,-41.0
1776885374.3621027,5.0,0.0,-43.0
1776885374.3721027,6.0,2.0,-51.0
1776885374.3821027,1.0,4.0,-50.0
1776885374.3921027,4.0,3.0,-39.0
1776885374.4021027,3.0,0.0,-37.0
1776885374.4121027,10.0,0.0,-35.0
1776885374.4221027,9.0,-3.0,-35.0
1776885374.432103,1.0,-3.0,-43.0
1776885374.4431028,1.0,-5.0,-47.0
1776885374.452103,1.0,-7.0,-45.0
1776885374.462103,3.0,-5.0,-44.0
1776885374.4721026,1.0,-5.0,-50.0
1776885374.4821026,-1.0,-4.0,-52.0
1776885374.4921026,-1.0,0.0,-49.0
1776885374.5021029,-3.0,0.0,-47.0
1776885374.5121028,-4.0,-2.0,-42.0
1776885374.5221028,-3.0,0.0,-37.0
1776885374.5321028,-1.0,-1.0,-37.0
1776885374.5421028,1.0,1.0,-38.0
1776885374.5521028,4.0,2.0,-34.0
1776885374.5621028,2.0,0.0,-32.0
1776885374.5721028,2.0,1.0,-37.0
1776885374.5821028,1.0,-1.0,-38.0
1776885374.5921028,1.0,-3.0,-41.0
1776885374.6021028,3.0,-2.0,-41.0
1776885374.6121027,3.0,0.0,-40.0
1776885374.6221027,3.0,0.0,-46.0
1776885374.6321027,1.0,0.0,-47.0
1776885374.6421027,0.0,-3.0,-45.0
1776885374.6521027,1.0,0.0,-52.0
1776885374.6621027,0.0,1.0,-54.0
1776885374.6721027,4.0,3.0,-50.0
1776885374.682103,3.0,1.0,-50.0
1776885374.692103,-1.0,-1.0,-43.0
1776885374.702103,0.0,-2.0,-43.0
1776885374.712103,0.0,-1.0,-44.0
1776885374.7221026,-2.0,-2.0,-45.0
1776885374.7321026,-3.0,-4.0,-51.0
1776885374.7421026,1.0,-2.0,-50.0
1776885374.7521029,2.0,-3.0,-50.0
1776885374.7621028,0.0,-5.0,-46.0
1776885374.7721028,0.0,-3.0,-48.0
1776885374.7821028,0.0,-3.0,-47.0
1776885374.7921028,0.0,-4.0,-51.0
1776885374.8021028,1.0,-7.0,-48.0
1776885374.8121028,0.0,-9.0,-43.0
1776885374.8221028,0.0,-8.0,-43.0
1776885374.8321028,3.0,-8.0,-38.0
1776885374.8421028,2.0,-6.0,-36.0
1776885374.8521028,2.0,-6.0,-36.0
1776885374.8621027,0.0,-3.0,-48.0
1776885374.8721027,1.0,-1.0,-48.0
1776885374.8821027,2.0,0.0,-40.0
1776885374.8921027,-2.0,0.0,-38.0
1776885374.9021027,-4.0,-5.0,-41.0
1776885374.9121027,-6.0,0.0,-42.0
1776885374.9221027,-5.0,3.0,-48.0
1776885374.932103,-4.0,1.0,-57.0
1776885374.942103,-6.0,0.0,-54.0
1776885374.952103,-14.0,1.0,-54.0
1776885374.962103,-13.0,0.0,-50.0
1776885374.9721026,-15.0,0.0,-47.0
1776885374.9821026,-16.0,0.0,-40.0
1776885374.9921026,-7.0,1.0,-41.0
1776885375.0021029,-1.0,-3.0,-42.0
1776885375.0121028,0.0,-4.0,-39.0
1776885375.0221028,2.0,-3.0,-42.0
1776885375.0321028,5.0,0.0,-38.0
1776885375.0421028,2.0,0.0,-41.0
1776885375.0521028,4.0,-2.0,-41.0
1776885375.0621028,2.0,-4.0,-45.0
1776885375.0721028,0.0,-1.0,-44.0
1776885375.0821028,-2.0,-2.0,-43.0
1776885375.0921028,-4.0,-4.0,-40.0
1776885375.1021028,0.0,-3.0,-44.0
1776885375.1121027,3.0,-3.0,-49.0
1776885375.1221027,0.0,2.0,-47.0
1776885375.1321027,3.0,2.0,-47.0
1776885375.1421027,6.0,0.0,-37.0
1776885375.1521027,7.0,-1.0,-41.0
1776885375.1621027,3.0,0.0,-36.0
1776885375.1721027,-1.0,0.0,-40.0
1776885375.182103,-2.0,-2.0,-42.0
1776885375.192103,-1.0,-4.0,-40.0
1776885375.202103,1.0,0.0,-42.0
1776885375.212103,3.0,-3.0,-47.0
1776885375.2221026,1.0,-3.0,-46.0
1776885375.2321026,-1.0,-3.0,-43.0
1776885375.2421026,0.0,-3.0,-39.0
1776885375.2521029,1.0,0.0,-37.0
1776885375.2621028,3.0,0.0,-40.0
1776885375.2721028,6.0,0.0,-42.0
1776885375.2821028,5.0,2.0,-45.0
1776885375.2921028,2.0,1.0,-46.0
1776885375.3021028,0.0,0.0,-44.0
1776885375.3121028,-1.0,-1.0,-41.0
1776885375.3221028,-4.0,0.0,-41.0
1776885375.3321028,-6.0,3.0,-43.0
1776885375.3421028,-5.0,0.0,-51.0
1776885375.3521028,-3.0,1.0,-54.0
1776885375.3621027,-1.0,2.0,-54.0
1776885375.3721027,0.0,5.0,-46.0
1776885375.3821027,0.0,4.0,-47.0
1776885375.3921027,1.0,3.0,-50.0
1776885375.4021027,1.0,1.0,-59.0
1776885375.4121027,-3.0,1.0,-54.0
1776885375.4221027,0.0,0.0,-53.0
1776885375.432103,0.0,0.0,-60.0
1776885375.442103,-3.0,-2.0,-53.0
1776885375.452103,-4.0,-4.0,-46.0
1776885375.462103,-1.0,-4.0,-45.0
1776885375.4721026,-2.0,0.0,-48.0
1776885375.4821026,-5.0,-4.0,-49.0
1776885375.4921026,-6.0,-1.0,-55.0
1776885375.5021029,-5.0,-2.0,-46.0
1776885375.5121028,-2.0,-1.0,-43.0
1776885375.5221028,-2.0,-2.0,-46.0
1776885375.5321028,-1.0,-3.0,-48.0
1776885375.5421028,0.0,-1.0,-48.0
1776885375.5521028,0.0,0.0,-45.0
1776885375.5621028,-1.0,0.0,-40.0
1776885375.5721028,-2.0,-3.0,-44.0
1776885375.5821028,0.0,-4.0,-38.0
1776885375.5921028,-3.0,-4.0,-40.0
1776885375.6021028,0.0,0.0,-41.0
1776885375.6121027,3.0,-2.0,-43.0
1776885375.6221027,3.0,-1.0,-45.0
1776885375.6321027,0.0,0.0,-40.0
1776885375.6421027,0.0,-2.0,-40.0
1776885375.6521027,-4.0,-6.0,-45.0
1776885375.6621027,-3.0,-5.0,-44.0
1776885375.6721027,-7.0,-6.0,-45.0
1776885375.682103,-3.0,0.0,-46.0
1776885375.6931028,-4.0,1.0,-51.0
1776885375.7031028,-6.0,0.0,-51.0
1776885375.7131028,-5.0,0.0,-51.0
1776885375.7231028,-1.0,-1.0,-48.0
1776885375.7331028,0.0,1.0,-48.0
1776885375.7431028,0.0,3.0,-47.0
1776885375.7531028,0.0,1.0,-46.0
1776885375.7631028,-2.0,0.0,-44.0
1776885375.7731028,2.0,-1.0,-41.0
1776885375.7831028,2.0,-4.0,-38.0
1776885375.7931027,0.0,-6.0,-37.0
1776885375.8031027,3.0,-8.0,-36.0
1776885375.8131027,-2.0,-7.0,-41.0
1776885375.8231027,-2.0,-6.0,-42.0
1776885375.8331027,-1.0,-3.0,-39.0
1776885375.8431027,1.0,-1.0,-36.0
1776885375.8531027,1.0,1.0,-41.0
1776885375.863103,0.0,-1.0,-39.0
1776885375.873103,1.0,-1.0,-36.0
1776885375.883103,2.0,-1.0,-38.0
1776885375.8931026,0.0,-2.0,-39.0
1776885375.9031026,1.0,-2.0,-40.0
1776885375.9131026,1.0,0.0,-39.0
1776885375.9231029,0.0,-1.0,-41.0
1776885375.9331028,4.0,0.0,-44.0
1776885375.9431028,6.0,-1.0,-39.0
1776885375.9531028,5.0,-2.0,-36.0
1776885375.9631028,0.0,-1.0,-37.0
1776885375.9731028,2.0,0.0,-38.0
1776885375.9831028,0.0,0.0,-36.0
1776885375.9931028,0.0,0.0,-38.0
1776885376.0031028,-4.0,0.0,-39.0
1776885376.0131028,-5.0,0.0,-41.0
1776885376.0231028,0.0,0.0,-43.0
1776885376.0331028,-4.0,-4.0,-39.0
1776885376.0431027,-2.0,-6.0,-34.0
1776885376.0531027,1.0,-8.0,-39.0
1776885376.0631027,1.0,-7.0,-37.0
1776885376.0731027,1.0,-7.0,-32.0
1776885376.0831027,0.0,-3.0,-28.0
1776885376.0931027,1.0,0.0,-36.0
1776885376.1031027,4.0,-1.0,-38.0
1776885376.113103,0.0,-1.0,-40.0
1776885376.123103,-1.0,-3.0,-37.0
1776885376.133103,1.0,-7.0,-37.0
1776885376.1431026,2.0,-3.0,-44.0
1776885376.1531026,-4.0,0.0,-44.0
1776885376.1631026,-9.0,-1.0,-39.0
1776885376.1731029,-4.0,-2.0,-42.0
1776885376.1831028,0.0,0.0,-39.0
1776885376.1931028,-1.0,0.0,-38.0
1776885376.2031028,0.0,0.0,-39.0
1776885376.2131028,0.0,0.0,-39.0
1776885376.2231028,1.0,-5.0,-39.0
1776885376.2331028,0.0,-4.0,-48.0
1776885376.2431028,2.0,-3.0,-49.0
1776885376.2531028,0.0,0.0,-47.0
1776885376.2631028,0.0,-2.0,-41.0
1776885376.2731028,-1.0,0.0,-39.0
1776885376.2831028,0.0,2.0,-41.0
1776885376.2931027,-2.0,-1.0,-44.0
1776885376.3031027,-1.0,-5.0,-44.0
1776885376.3131027,-2.0,-3.0,-47.0
1776885376.3231027,-5.0,-4.0,-46.0
1776885376.3331027,-9.0,-5.0,-43.0
1776885376.3431027,-6.0,-1.0,-38.0
1776885376.3531027,1.0,-1.0,-34.0
1776885376.363103,4.0,0.0,-39.0
1776885376.373103,-3.0,-1.0,-48.0
1776885376.383103,0.0,-1.0,-41.0
1776885376.3931026,-1.0,1.0,-32.0
1776885376.4031026,6.0,3.0,-31.0
1776885376.4131026,6.0,1.0,-37.0
1776885376.4231029,-1.0,2.0,-33.0
1776885376.4331028,1.0,-1.0,-31.0
1776885376.4431028,1.0,2.0,-33.0
1776885376.4531028,0.0,0.0,-36.0
1776885376.4631028,0.0,0.0,-35.0
1776885376.4731028,-1.0,-6.0,-39.0
1776885376.4831028,0.0,-3.0,-48.0
1776885376.4931028,-1.0,-3.0,-46.0
1776885376.5031028,-3.0,-6.0,-46.0
1776885376.5131028,-4.0,-1.0,-49.0
1776885376.5231028,-1.0,0.0,-47.0
1776885376.5331028,1.0,-2.0,-48.0
1776885376.5431027,0.0,-4.0,-50.0
1776885376.5531027,0.0,-2.0,-47.0
1776885376.5631027,-3.0,-5.0,-48.0
1776885376.5731027,-3.0,-6.0,-41.0
1776885376.5831027,-5.0,-6.0,-37.0
1776885376.5931027,-11.0,-4.0,-41.0
1776885376.6031027,-6.0,-2.0,-46.0
1776885376.613103,-3.0,1.0,-47.0
1776885376.623103,-1.0,3.0,-44.0
1776885376.633103,0.0,2.0,-48.0
1776885376.6431026,2.0,3.0,-46.0
1776885376.6531026,4.0,0.0,-47.0
1776885376.6631026,3.0,1.0,-49.0
1776885376.6731029,0.0,3.0,-48.0
1776885376.6831028,-2.0,2.0,-49.0
1776885376.6931028,-3.0,1.0,-42.0
1776885376.7031028,0.0,1.0,-38.0
1776885376.7131028,0.0,-1.0,-34.0
1776885376.7231028,-1.0,-3.0,-34.0
1776885376.7331028,-1.0,-6.0,-35.0
1776885376.7431028,-5.0,-8.0,-33.0
1776885376.7531028,-4.0,-5.0,-32.0
1776885376.7631028,1.0,-2.0,-33.0
1776885376.7731028,-3.0,-3.0,-31.0
1776885376.7831028,-2.0,0.0,-34.0
1776885376.7931027,-4.0,0.0,-37.0
1776885376.8031027,-7.0,-5.0,-37.0
1776885376.8131027,-4.0,-5.0,-35.0
1776885376.8231027,-3.0,0.0,-37.0
1776885376.8331027,-6.0,-3.0,-39.0
1776885376.8431027,-4.0,1.0,-33.0
1776885376.8531027,-7.0,1.0,-35.0
1776885376.863103,-6.0,-1.0,-39.0
1776885376.873103,-1.0,-1.0,-44.0
1776885376.883103,2.0,-1.0,-42.0
1776885376.8931026,1.0,-2.0,-52.0
1776885376.9031026,-1.0,-1.0,-57.0
1776885376.9131026,-5.0,-3.0,-56.0
1776885376.9231029,-2.0,-5.0,-53.0
1776885376.9331028,-5.0,-7.0,-53.0
1776885376.9431028,-2.0,-4.0,-45.0
1776885376.9531028,3.0,0.0,-42.0
1776885376.9631028,1.0,1.0,-46.0
1776885376.9731028,5.0,1.0,-43.0
1776885376.9831028,8.0,0.0,-41.0
1776885376.9931028,8.0,-4.0,-46.0
1776885377.0031028,6.0,-8.0,-46.0
1776885377.0131028,9.0,-4.0,-48.0
1776885377.0231028,12.0,-2.0,-51.0
1776885377.0331028,10.0,-3.0,-50.0
1776885377.0431027,5.0,-4.0,-46.0
1776885377.0531027,4.0,-8.0,-42.0
1776885377.0631027,0.0,-7.0,-41.0
1776885377.0731027,0.0,-6.0,-40.0
1776885377.0831027,-2.0,-2.0,-39.0
1776885377.0931027,2.0,-2.0,-31.0
1776885377.1031027,6.0,-1.0,-29.0
1776885377.113103,6.0,-3.0,-34.0
1776885377.123103,2.0,-1.0,-35.0
1776885377.133103,1.0,-2.0,-41.0
1776885377.1431026,-1.0,-1.0,-42.0
1776885377.1531026,0.0,0.0,-40.0
1776885377.1631026,0.0,-7.0,-38.0
1776885377.1731029,1.0,-7.0,-39.0
1776885377.1831028,1.0,-4.0,-38.0
1776885377.1931028,2.0,-3.0,-35.0
1776885377.2031028,-3.0,-2.0,-41.0
1776885377.2131028,-3.0,-2.0,-46.0
1776885377.2231028,-2.0,0.0,-43.0
1776885377.2331028,1.0,0.0,-40.0
1776885377.2431028,3.0,-3.0,-41.0
1776885377.2531028,4.0,-4.0,-46.0
1776885377.2631028,5.0,-5.0,-40.0
1776885377.2731028,6.0,-9.0,-38.0
1776885377.2831028,0.0,-10.0,-37.0
1776885377.2931027,0.0,-7.0,-37.0
1776885377.3031027,-1.0,-5.0,-36.0
1776885377.3131027,-1.0,-3.0,-40.0
1776885377.3231027,-1.0,0.0,-43.0
1776885377.3331027,-2.0,-2.0,-35.0
1776885377.3431027,-2.0,0.0,-43.0
1776885377.3531027,-4.0,0.0,-46.0
1776885377.363103,-2.0,-1.0,-42.0
1776885377.373103,0.0,0.0,-35.0
1776885377.383103,0.0,-1.0,-35.0
1776885377.3931026,-2.0,-2.0,-33.0
1776885377.4031026,-2.0,-5.0,-32.0
1776885377.4131026,-2.0,-7.0,-34.0
1776885377.4231029,-4.0,-3.0,-34.0
1776885377.4331028,-2.0,-1.0,-36.0
1776885377.4431028,-1.0,0.0,-37.0
1776885377.4531028,-1.0,-1.0,-43.0
1776885377.4631028,-2.0,-1.0,-43.0
1776885377.4731028,-1.0,-5.0,-36.0
1776885377.4831028,-2.0,-3.0,-36.0
1776885377.4931028,-5.0,2.0,-40.0
1776885377.5031028,-3.0,0.0,-41.0
1776885377.5131028,0.0,2.0,-35.0
1776885377.5231028,3.0,-1.0,-32.0
1776885377.5331028,2.0,-3.0,-34.0
1776885377.5431027,4.0,-2.0,-32.0
1776885377.5531027,7.0,3.0,-34.0
1776885377.5631027,5.0,2.0,-35.0
1776885377.5731027,5.0,5.0,-41.0
1776885377.5831027,5.0,5.0,-41.0
1776885377.5931027,3.0,1.0,-40.0
1776885377.6031027,0.0,1.0,-37.0
1776885377.613103,1.0,0.0,-40.0
1776885377.623103,2.0,-3.0,-38.0
1776885377.633103,2.0,-2.0,-30.0
1776885377.6431026,1.0,3.0,-33.0
1776885377.6531026,2.0,0.0,-48.0
1776885377.6641028,3.0,-1.0,-47.0
1776885377.6741028,5.0,0.0,-47.0
1776885377.6841028,3.0,-1.0,-45.0
1776885377.6931028,3.0,-5.0,-46.0
1776885377.7041028,2.0,-3.0,-49.0
1776885377.7141027,-5.0,-4.0,-46.0
1776885377.7241027,-1.0,-1.0,-52.0
1776885377.7341027,0.0,-1.0,-50.0
1776885377.7441027,-1.0,-1.0,-46.0
1776885377.7541027,-5.0,2.0,-46.0
1776885377.7641027,-8.0,-1.0,-42.0
1776885377.7741027,-7.0,0.0,-44.0
1776885377.784103,-8.0,-2.0,-49.0
1776885377.794103,-7.0,-1.0,-48.0
1776885377.804103,-4.0,4.0,-54.0
1776885377.8141026,-2.0,3.0,-56.0
1776885377.8241026,2.0,0.0,-59.0
1776885377.8341026,-1.0,-2.0,-57.0
1776885377.8441026,-2.0,-1.0,-55.0
1776885377.8541028,0.0,0.0,-55.0
1776885377.8641028,0.0,-1.0,-52.0
1776885377.8741028,-1.0,1.0,-56.0
1776885377.8841028,-3.0,0.0,-43.0
1776885377.8941028,-5.0,0.0,-42.0
1776885377.9041028,-4.0,0.0,-43.0
1776885377.9141028,4.0,0.0,-48.0
1776885377.9241028,0.0,-3.0,-43.0
1776885377.9341028,3.0,-7.0,-41.0
1776885377.9441028,2.0,-4.0,-46.0
1776885377.9541028,5.0,-3.0,-42.0
1776885377.9641027,2.0,-4.0,-37.0
1776885377.9741027,1.0,-3.0,-42.0
1776885377.9841027,9.0,-5.0,-47.0
1776885377.9941027,4.0,-3.0,-39.0
1776885378.0041027,4.0,-1.0,-42.0
1776885378.0141027,0.0,-3.0,-43.0
1776885378.0241027,1.0,0.0,-34.0
1776885378.034103,2.0,0.0,-39.0
1776885378.044103,2.0,0.0,-41.0
1776885378.054103,-2.0,-1.0,-44.0
1776885378.0641026,-5.0,3.0,-42.0
1776885378.0741026,-2.0,5.0,-40.0
1776885378.0841026,1.0,3.0,-38.0
1776885378.0941026,2.0,4.0,-38.0
1776885378.1041028,2.0,3.0,-33.0
1776885378.1141028,5.0,3.0,-37.0
1776885378.1241028,4.0,1.0,-45.0
1776885378.1341028,3.0,1.0,-45.0
1776885378.1441028,1.0,1.0,-40.0
1776885378.1541028,2.0,0.0,-42.0
1776885378.1641028,0.0,-1.0,-47.0
1776885378.1741028,5.0,-2.0,-42.0
1776885378.1841028,3.0,-2.0,-47.0
1776885378.1941028,1.0,-2.0,-48.0
1776885378.2041028,7.0,-2.0,-48.0
1776885378.2141027,11.0,2.0,-47.0
1776885378.2241027,9.0,4.0,-45.0
1776885378.2341027,5.0,3.0,-42.0
1776885378.2441027,1.0,2.0,-43.0
1776885378.2541027,0.0,1.0,-43.0
1776885378.2641027,-1.0,-1.0,-44.0
1776885378.2741027,-3.0,-1.0,-47.0
1776885378.284103,-3.0,-5.0,-45.0
1776885378.294103,0.0,-2.0,-42.0
1776885378.304103,-2.0,-5.0,-46.0
1776885378.3141026,-1.0,-2.0,-41.0
1776885378.3241026,0.0,-3.0,-39.0
1776885378.3341026,0.0,-3.0,-40.0
1776885378.3441026,0.0,0.0,-45.0
1776885378.3541028,0.0,1.0,-42.0
1776885378.3641028,2.0,3.0,-44.0
1776885378.3741028,0.0,1.0,-45.0
1776885378.3841028,0.0,-2.0,-44.0
1776885378.3941028,0.0,-4.0,-44.0
1776885378.4041028,0.0,-4.0,-52.0
1776885378.4141028,0.0,-4.0,-52.0
1776885378.4241028,1.0,-7.0,-50.0
1776885378.4341028,0.0,-4.0,-46.0
1776885378.4441028,-7.0,0.0,-46.0
1776885378.4541028,-4.0,-2.0,-40.0
1776885378.4641027,-6.0,-1.0,-44.0
1776885378.4741027,-6.0,-1.0,-47.0
1776885378.4841027,-4.0,-6.0,-51.0
1776885378.4941027,-6.0,-11.0,-44.0
1776885378.5041027,-13.0,-8.0,-43.0
1776885378.5141027,-5.0,-4.0,-45.0
1776885378.5241027,-3.0,-4.0,-45.0
1776885378.534103,-3.0,-3.0,-47.0
1776885378.544103,-5.0,-3.0,-48.0
1776885378.554103,-5.0,-2.0,-52.0
1776885378.5641026,-6.0,-3.0,-49.0
1776885378.5741026,-6.0,-3.0,-44.0
1776885378.5841026,-7.0,-2.0,-41.0
1776885378.5941026,-5.0,-3.0,-34.0
1776885378.6041028,-2.0,1.0,-33.0
1776885378.6141028,-3.0,1.0,-36.0
1776885378.6241028,-3.0,-2.0,-36.0
1776885378.6341028,-2.0,-2.0,-39.0
1776885378.6441028,0.0,-3.0,-38.0
1776885378.6541028,0.0,0.0,-42.0
1776885378.6641028,0.0,-2.0,-36.0
1776885378.6741028,0.0,-8.0,-31.0
1776885378.6841028,1.0,-7.0,-31.0
1776885378.6941028,1.0,-4.0,-30.0
1776885378.7041028,-1.0,0.0,-34.0
1776885378.7141027,-5.0,-2.0,-37.0
1776885378.7241027,-6.0,-2.0,-41.0
1776885378.7341027,-1.0,-1.0,-30.0
1776885378.7441027,-3.0,-2.0,-34.0
1776885378.7541027,-7.0,-2.0,-38.0
1776885378.7641027,-8.0,-6.0,-43.0
1776885378.7741027,-7.0,-3.0,-43.0
1776885378.784103,-2.0,-1.0,-48.0
1776885378.794103,2.0,0.0,-47.0
1776885378.804103,2.0,0.0,-44.0
1776885378.8141026,0.0,0.0,-38.0
1776885378.8241026,0.0,-2.0,-46.0
1776885378.8341026,1.0,0.0,-49.0
1776885378.8441026,0.0,-4.0,-47.0
1776885378.8541028,-1.0,-7.0,-51.0
1776885378.8641028,-2.0,-9.0,-52.0
1776885378.8741028,-3.0,-8.0,-52.0
1776885378.8841028,-3.0,-6.0,-46.0
1776885378.8941028,-4.0,-8.0,-40.0
1776885378.9041028,-2.0,-6.0,-39.0
1776885378.9141028,-1.0,-1.0,-39.0
1776885378.9241028,-3.0,-1.0,-37.0
1776885378.9341028,-2.0,3.0,-38.0
1776885378.9441028,-7.0,5.0,-37.0
1776885378.9541028,-8.0,2.0,-37.0
1776885378.9641027,-3.0,-2.0,-45.0
1776885378.9741027,0.0,-2.0,-44.0
1776885378.9841027,3.0,-2.0,-46.0
1776885378.9941027,2.0,-1.0,-46.0
1776885379.0041027,1.0,0.0,-51.0
1776885379.0141027,0.0,-2.0,-42.0
1776885379.0241027,-2.0,-6.0,-43.0
1776885379.034103,-4.0,-9.0,-46.0
1776885379.044103,-4.0,-4.0,-47.0
1776885379.0551028,-5.0,-5.0,-41.0
1776885379.0641026,-3.0,-7.0,-45.0
1776885379.0741026,-3.0,-2.0,-39.0
1776885379.0841026,-3.0,-3.0,-37.0
1776885379.0941026,-7.0,-5.0,-33.0
1776885379.1041028,-4.0,-5.0,-34.0
1776885379.1141028,0.0,-6.0,-39.0
1776885379.1241028,0.0,-6.0,-46.0
1776885379.1341028,3.0,-5.0,-51.0
1776885379.1441028,0.0,-5.0,-52.0
1776885379.1541028,1.0,-6.0,-55.0
1776885379.1641028,2.0,-7.0,-51.0
1776885379.1741028,7.0,-7.0,-52.0
1776885379.1841028,7.0,-5.0,-57.0
1776885379.1941028,3.0,-2.0,-52.0
1776885379.2041028,1.0,-1.0,-52.0
1776885379.2141027,3.0,0.0,-57.0
1776885379.2241027,7.0,-1.0,-58.0
1776885379.2341027,6.0,-3.0,-55.0
1776885379.2441027,7.0,-4.0,-44.0
1776885379.2541027,6.0,-1.0,-46.0
1776885379.2641027,7.0,-4.0,-48.0
1776885379.2741027,11.0,-5.0,-45.0
1776885379.284103,12.0,-4.0,-48.0
1776885379.294103,13.0,0.0,-51.0
1776885379.304103,11.0,1.0,-45.0
1776885379.3141026,8.0,1.0,-40.0
1776885379.3241026,13.0,-3.0,-39.0
1776885379.3341026,12.0,-8.0,-40.0
1776885379.3441026,7.0,-8.0,-35.0
1776885379.3541028,2.0,-6.0,-35.0
1776885379.3641028,4.0,-6.0,-32.0
1776885379.3741028,6.0,-2.0,-33.0
1776885379.3841028,2.0,-2.0,-40.0
1776885379.3941028,3.0,-3.0,-38.0
1776885379.4041028,3.0,-3.0,-37.0
1776885379.4141028,0.0,0.0,-36.0
1776885379.4241028,0.0,2.0,-39.0
1776885379.4341028,0.0,0.0,-38.0
1776885379.4441028,0.0,2.0,-40.0
1776885379.4541028,1.0,1.0,-39.0
1776885379.4641027,0.0,1.0,-39.0
1776885379.4741027,-1.0,0.0,-40.0
1776885379.4841027,-3.0,-2.0,-42.0
1776885379.4941027,-2.0,-5.0,-48.0
1776885379.5041027,3.0,-8.0,-51.0
1776885379.5141027,1.0,-10.0,-49.0
1776885379.5241027,2.0,-12.0,-45.0
1776885379.534103,0.0,-10.0,-43.0
1776885379.544103,-4.0,-9.0,-40.0
1776885379.554103,-7.0,-7.0,-38.0
1776885379.5641026,-4.0,-7.0,-35.0
1776885379.5741026,-2.0,-5.0,-38.0
1776885379.5841026,0.0,-5.0,-43.0
1776885379.5941026,1.0,-3.0,-46.0
1776885379.6041028,3.0,-5.0,-53.0
1776885379.6141028,4.0,-4.0,-48.0
1776885379.6241028,7.0,0.0,-48.0
1776885379.6341028,0.0,-2.0,-50.0
1776885379.6451027,-1.0,0.0,-41.0
1776885379.6551027,0.0,-3.0,-37.0
1776885379.6651027,4.0,-2.0,-38.0
1776885379.6751027,5.0,0.0,-45.0
1776885379.6851027,6.0,2.0,-49.0
1776885379.6951027,7.0,-2.0,-47.0
1776885379.7051027,4.0,0.0,-48.0
1776885379.715103,4.0,2.0,-48.0
1776885379.725103,1.0,2.0,-42.0
1776885379.735103,1.0,0.0,-33.0
1776885379.7451026,1.0,1.0,-40.0
1776885379.7551026,1.0,-1.0,-41.0
1776885379.7651026,4.0,0.0,-39.0
1776885379.7751029,2.0,-1.0,-34.0
1776885379.7851028,3.0,0.0,-42.0
1776885379.7951028,0.0,-1.0,-41.0
1776885379.8051028,-1.0,-1.0,-42.0
1776885379.8151028,-2.0,-1.0,-37.0
1776885379.8251028,-3.0,-2.0,-33.0
1776885379.8351028,-4.0,-5.0,-27.0
1776885379.8451028,-3.0,-2.0,-32.0
1776885379.8551028,-6.0,-4.0,-33.0
1776885379.8651028,-10.0,-7.0,-37.0
1776885379.8751028,-8.0,-6.0,-38.0
1776885379.8851027,-4.0,-10.0,-38.0
1776885379.8951027,1.0,-3.0,-41.0
1776885379.9051027,-2.0,-4.0,-42.0
1776885379.9151027,-6.0,-3.0,-36.0
1776885379.9251027,-3.0,-4.0,-37.0
1776885379.9351027,-7.0,-2.0,-36.0
1776885379.9451027,-5.0,0.0,-31.0
1776885379.9551027,-2.0,-1.0,-30.0
1776885379.965103,2.0,0.0,-34.0
1776885379.975103,0.0,2.0,-37.0
1776885379.985103,1.0,-2.0,-38.0
1776885379.9951026,4.0,-5.0,-37.0
1776885380.0051026,4.0,-2.0,-38.0
1776885380.0151026,0.0,2.0,-38.0
1776885380.0251029,-1.0,5.0,-37.0
1776885380.0351028,0.0,7.0,-39.0
1776885380.0451028,0.0,8.0,-36.0
1776885380.0551028,1.0,5.0,-38.0
1776885380.0651028,2.0,1.0,-37.0
1776885380.0751028,4.0,-2.0,-43.0
1776885380.0851028,7.0,0.0,-47.0
1776885380.0951028,3.0,1.0,-51.0
1776885380.1051028,4.0,0.0,-53.0
1776885380.1151028,5.0,2.0,-57.0
1776885380.1251028,6.0,5.0,-58.0
1776885380.1351027,7.0,1.0,-58.0
1776885380.1451027,6.0,0.0,-59.0
1776885380.1551027,3.0,-5.0,-56.0
1776885380.1651027,5.0,-4.0,-57.0
1776885380.1751027,4.0,-1.0,-52.0
1776885380.1851027,7.0,-1.0,-48.0
1776885380.1951027,2.0,-5.0,-46.0
1776885380.2051027,0.0,-2.0,-43.0
1776885380.215103,-3.0,0.0,-41.0
1776885380.225103,0.0,-5.0,-43.0
1776885380.235103,0.0,-6.0,-42.0
1776885380.2451026,2.0,-6.0,-40.0
1776885380.2551026,4.0,-2.0,-46.0
1776885380.2651026,4.0,0.0,-43.0
1776885380.2751029,7.0,-4.0,-43.0
1776885380.2851028,10.0,-3.0,-40.0
1776885380.2951028,10.0,0.0,-41.0
1776885380.3051028,8.0,0.0,-48.0
1776885380.3151028,8.0,-1.0,-45.0
1776885380.3251028,5.0,2.0,-44.0
1776885380.3351028,0.0,1.0,-42.0
1776885380.3451028,0.0,2.0,-37.0
1776885380.3551028,0.0,0.0,-35.0
1776885380.3651028,0.0,0.0,-30.0
1776885380.3751028,-1.0,0.0,-33.0
1776885380.3851027,1.0,1.0,-41.0
1776885380.3951027,3.0,-1.0,-47.0
1776885380.4051027,2.0,0.0,-46.0
1776885380.4151027,0.0,-2.0,-48.0
1776885380.4251027,0.0,0.0,-42.0
1776885380.4351027,-2.0,-1.0,-43.0
1776885380.4451027,3.0,-1.0,-44.0
1776885380.4551027,3.0,0.0,-48.0
1776885380.465103,1.0,4.0,-42.0
1776885380.475103,3.0,4.0,-39.0
1776885380.485103,5.0,1.0,-37.0
1776885380.4951026,4.0,0.0,-43.0
1776885380.5051026,1.0,2.0,-51.0
1776885380.5151026,0.0,4.0,-47.0
1776885380.5251029,4.0,4.0,-43.0
1776885380.5351028,3.0,5.0,-45.0
1776885380.5451028,-1.0,5.0,-46.0
1776885380.5551028,0.0,3.0,-46.0
1776885380.5651028,0.0,3.0,-46.0
1776885380.5751028,-2.0,3.0,-48.0
1776885380.5851028,-3.0,5.0,-49.0
1776885380.5951028,-6.0,7.0,-48.0
1776885380.6051028,-2.0,4.0,-46.0
1776885380.6151028,-1.0,1.0,-45.0
1776885380.6251028,-4.0,-1.0,-43.0
1776885380.6351027,-6.0,-2.0,-41.0
1776885380.6451027,-12.0,-1.0,-38.0
1776885380.6551027,-13.0,1.0,-38.0
1776885380.6651027,-8.0,0.0,-31.0
1776885380.6751027,-2.0,2.0,-30.0
1776885380.6851027,-2.0,0.0,-26.0
1776885380.6951027,-2.0,-2.0,-30.0
1776885380.7051027,-3.0,-3.0,-29.0
1776885380.715103,-2.0,0.0,-32.0
1776885380.725103,-2.0,1.0,-41.0
1776885380.735103,1.0,2.0,-41.0
1776885380.7451026,3.0,0.0,-36.0
1776885380.7551026,3.0,-4.0,-39.0
1776885380.7651026,0.0,-5.0,-47.0
1776885380.7751029,2.0,-5.0,-46.0
1776885380.7851028,3.0,-2.0,-46.0
1776885380.7951028,2.0,-3.0,-50.0
1776885380.8051028,1.0,-4.0,-48.0
1776885380.8151028,1.0,-3.0,-42.0
1776885380.8251028,0.0,-1.0,-47.0
1776885380.8351028,0.0,-3.0,-48.0
1776885380.8451028,0.0,0.0,-40.0
1776885380.8551028,1.0,0.0,-38.0
1776885380.8651028,0.0,-2.0,-37.0
1776885380.8751028,-2.0,1.0,-37.0
1776885380.8851027,0.0,-2.0,-37.0
1776885380.8951027,1.0,-1.0,-40.0
1776885380.9051027,-1.0,-2.0,-42.0
1776885380.9151027,0.0,0.0,-48.0
1776885380.9251027,4.0,1.0,-46.0
1776885380.9351027,3.0,-3.0,-46.0
1776885380.9451027,3.0,-3.0,-46.0
1776885380.9551027,3.0,-4.0,-49.0
1776885380.965103,1.0,-4.0,-45.0
1776885380.975103,-1.0,-5.0,-44.0
1776885380.985103,4.0,-4.0,-45.0
1776885380.9951026,2.0,-3.0,-45.0
1776885381.0051026,-3.0,-5.0,-41.0
1776885381.0151026,-4.0,-3.0,-42.0
1776885381.0251029,-5.0,-7.0,-37.0
1776885381.0351028,-4.0,-10.0,-45.0
1776885381.0451028,0.0,-12.0,-46.0
1776885381.0551028,2.0,-6.0,-38.0
1776885381.0651028,1.0,-4.0,-46.0
1776885381.0751028,3.0,-2.0,-49.0
1776885381.0851028,5.0,1.0,-50.0
1776885381.0951028,7.0,3.0,-51.0
1776885381.1051028,7.0,3.0,-52.0
1776885381.1151028,1.0,1.0,-49.0
1776885381.1251028,2.0,0.0,-45.0
1776885381.1351027,7.0,-3.0,-40.0
1776885381.1451027,1.0,-1.0,-35.0
1776885381.1551027,-5.0,-2.0,-40.0
1776885381.1651027,-5.0,-1.0,-39.0
1776885381.1751027,-1.0,-1.0,-39.0
1776885381.1851027,0.0,0.0,-41.0
1776885381.1951027,-1.0,-1.0,-45.0
1776885381.2051027,-6.0,-4.0,-46.0
1776885381.215103,-7.0,-4.0,-41.0
1776885381.225103,-1.0,-2.0,-49.0
1776885381.235103,3.0,-1.0,-53.0
1776885381.2451026,3.0,-7.0,-51.0
1776885381.2551026,3.0,-4.0,-47.0
1776885381.2651026,6.0,-5.0,-47.0
1776885381.2751029,5.0,0.0,-46.0
1776885381.2851028,7.0,-1.0,-45.0
1776885381.2951028,3.0,-3.0,-45.0
1776885381.3051028,0.0,-1.0,-49.0
1776885381.3151028,-4.0,-5.0,-44.0
1776885381.3251028,-2.0,-6.0,-45.0
1776885381.3351028,-3.0,-5.0,-45.0
1776885381.3451028,-5.0,-4.0,-47.0
1776885381.3551028,-2.0,-3.0,-39.0
1776885381.3651028,-2.0,0.0,-41.0
1776885381.3751028,1.0,0.0,-42.0
1776885381.3851027,6.0,0.0,-40.0
1776885381.3951027,10.0,-1.0,-41.0
1776885381.4051027,8.0,2.0,-44.0
1776885381.4151027,5.0,2.0,-42.0
1776885381.4251027,-1.0,3.0,-44.0
1776885381.4351027,-1.0,4.0,-49.0
1776885381.4451027,-2.0,1.0,-48.0
1776885381.4551027,-1.0,1.0,-48.0
1776885381.465103,0.0,-6.0,-52.0
1776885381.475103,-2.0,-10.0,-51.0
1776885381.485103,-2.0,-14.0,-49.0
1776885381.4951026,-2.0,-10.0,-48.0
1776885381.5051026,-4.0,-6.0,-50.0
1776885381.5151026,-3.0,-8.0,-47.0
1776885381.5251029,-5.0,-5.0,-53.0
1776885381.5351028,1.0,-6.0,-45.0
1776885381.5451028,0.0,-7.0,-49.0
1776885381.5551028,-1.0,-7.0,-50.0
1776885381.5651028,-4.0,-7.0,-51.0
1776885381.5751028,-2.0,-4.0,-58.0
1776885381.5851028,-3.0,-4.0,-61.0
1776885381.5951028,0.0,-5.0,-58.0
1776885381.6051028,5.0,-3.0,-54.0
1776885381.6151028,7.0,-3.0,-55.0
1776885381.6251028,2.0,0.0,-51.0
1776885381.636103,-2.0,0.0,-55.0
1776885381.646103,0.0,0.0,-50.0
1776885381.656103,-1.0,-2.0,-50.0
1776885381.6661026,-1.0,-1.0,-48.0
1776885381.6761026,-4.0,2.0,-45.0
1776885381.6861026,-7.0,1.0,-47.0
1776885381.6961029,-7.0,0.0,-52.0
1776885381.7061028,-2.0,-1.0,-54.0
1776885381.7161028,-1.0,-3.0,-52.0
1776885381.7261028,-6.0,-3.0,-46.0
1776885381.7361028,-6.0,-2.0,-50.0
1776885381.7461028,-3.0,-3.0,-49.0
1776885381.7561028,-5.0,0.0,-52.0
1776885381.7661028,-9.0,7.0,-57.0
1776885381.7761028,-6.0,3.0,-57.0
1776885381.7861028,-5.0,3.0,-50.0
1776885381.7961028,-2.0,2.0,-51.0
1776885381.8061028,0.0,3.0,-47.0
1776885381.8161027,-3.0,0.0,-47.0
1776885381.8261027,-4.0,0.0,-46.0
1776885381.8361027,-3.0,-3.0,-44.0
1776885381.8461027,-6.0,-6.0,-45.0
1776885381.8561027,-7.0,-6.0,-44.0
1776885381.8661027,-6.0,-4.0,-35.0
1776885381.8761027,0.0,-6.0,-34.0
1776885381.886103,0.0,-5.0,-36.0
1776885381.896103,-3.0,-1.0,-36.0
1776885381.906103,-5.0,-2.0,-38.0
1776885381.9161026,-5.0,-2.0,-39.0
1776885381.9261026,-7.0,-1.0,-42.0
1776885381.9361026,-4.0,0.0,-48.0
1776885381.9461029,-5.0,1.0,-45.0
1776885381.9561028,-3.0,3.0,-46.0
1776885381.9661028,2.0,4.0,-42.0
1776885381.9761028,1.0,2.0,-43.0
1776885381.9861028,3.0,2.0,-49.0
1776885381.9961028,-1.0,3.0,-47.0
1776885382.0061028,0.0,5.0,-39.0
1776885382.0161028,0.0,3.0,-35.0
1776885382.0261028,1.0,2.0,-35.0
1776885382.0361028,4.0,3.0,-34.0
1776885382.0461028,-2.0,8.0,-32.0
1776885382.0561028,0.0,5.0,-36.0
1776885382.0661027,0.0,3.0,-38.0
1776885382.0761027,0.0,2.0,-39.0
1776885382.0861027,-3.0,2.0,-39.0
1776885382.0961027,-8.0,2.0,-33.0
1776885382.1061027,-9.0,1.0,-31.0
1776885382.1161027,-6.0,0.0,-32.0
1776885382.1261027,-3.0,1.0,-28.0
1776885382.136103,-3.0,1.0,-31.0
1776885382.146103,-3.0,2.0,-31.0
1776885382.156103,0.0,0.0,-39.0
1776885382.1661026,2.0,0.0,-38.0
1776885382.1761026,-4.0,0.0,-38.0
1776885382.1861026,-9.0,5.0,-49.0
1776885382.1961029,-10.0,0.0,-46.0
1776885382.2061028,-8.0,-2.0,-48.0
1776885382.2161028,-11.0,-2.0,-51.0
1776885382.2261028,-10.0,-3.0,-46.0
1776885382.2361028,-9.0,-7.0,-48.0
1776885382.2461028,-11.0,-7.0,-49.0
1776885382.2561028,-8.0,-4.0,-50.0
1776885382.2661028,-5.0,-6.0,-50.0
1776885382.2761028,-4.0,-2.0,-50.0
1776885382.2861028,-3.0,1.0,-47.0
1776885382.2961028,0.0,1.0,-48.0
1776885382.3061028,3.0,1.0,-49.0
1776885382.3161027,1.0,-1.0,-45.0
1776885382.3261027,0.0,-4.0,-41.0
1776885382.3361027,1.0,-3.0,-43.0
1776885382.3461027,0.0,-4.0,-46.0
1776885382.3561027,1.0,1.0,-41.0
1776885382.3661027,-1.0,-1.0,-44.0
1776885382.3761027,2.0,1.0,-42.0
1776885382.386103,4.0,-2.0,-33.0
1776885382.396103,6.0,-1.0,-38.0
1776885382.406103,3.0,0.0,-41.0
1776885382.4161026,2.0,0.0,-45.0
1776885382.4261026,3.0,-1.0,-48.0
1776885382.4361026,0.0,-1.0,-51.0
1776885382.4461029,-3.0,-4.0,-52.0
1776885382.4561028,-6.0,-6.0,-52.0
1776885382.4661028,-6.0,-6.0,-52.0
1776885382.4761028,-2.0,-4.0,-52.0
1776885382.4861028,-2.0,-7.0,-52.0
1776885382.4961028,-3.0,-7.0,-54.0
1776885382.5061028,0.0,-3.0,-55.0
1776885382.5161028,4.0,-1.0,-51.0
1776885382.5261028,3.0,0.0,-49.0
1776885382.5361028,6.0,-1.0,-51.0
1776885382.5461028,5.0,-6.0,-44.0
1776885382.5561028,6.0,-10.0,-52.0
1776885382.5661027,2.0,-7.0,-48.0
1776885382.5761027,-1.0,-4.0,-43.0
1776885382.5861027,-2.0,0.0,-49.0
1776885382.5961027,-3.0,-2.0,-49.0
1776885382.6061027,0.0,-6.0,-51.0
1776885382.6161027,0.0,-4.0,-52.0
1776885382.6261027,3.0,-2.0,-53.0
1776885382.636103,3.0,-1.0,-47.0
1776885382.646103,5.0,-6.0,-49.0
1776885382.656103,4.0,-8.0,-49.0
1776885382.6661026,1.0,-12.0,-50.0
1776885382.6761026,-1.0,-12.0,-54.0
1776885382.6861026,-3.0,-9.0,-59.0
1776885382.6961029,-4.0,-10.0,-51.0
1776885382.7061028,-3.0,-8.0,-51.0
1776885382.7161028,-2.0,-3.0,-49.0
1776885382.7261028,-6.0,-2.0,-50.0
1776885382.7361028,-5.0,-3.0,-55.0
1776885382.7461028,-5.0,-2.0,-46.0
1776885382.7561028,-5.0,-3.0,-41.0
1776885382.7661028,-3.0,0.0,-43.0
1776885382.7761028,-1.0,-1.0,-46.0
1776885382.7861028,-5.0,2.0,-41.0
1776885382.7961028,-4.0,2.0,-33.0
1776885382.8061028,1.0,2.0,-34.0
1776885382.8161027,1.0,1.0,-45.0
1776885382.8261027,-3.0,0.0,-42.0
1776885382.8361027,-3.0,0.0,-40.0
1776885382.8461027,-3.0,-2.0,-43.0
1776885382.8561027,-2.0,-6.0,-46.0
1776885382.8661027,-3.0,-1.0,-41.0
1776885382.8761027,-3.0,-1.0,-43.0
1776885382.886103,-1.0,-1.0,-41.0
1776885382.896103,0.0,0.0,-38.0
1776885382.906103,2.0,-3.0,-38.0
1776885382.9161026,1.0,-5.0,-37.0
1776885382.9261026,6.0,-4.0,-34.0
1776885382.9361026,0.0,-2.0,-37.0
1776885382.9461029,0.0,-4.0,-37.0
1776885382.9561028,-3.0,-6.0,-38.0
1776885382.9661028,-4.0,-7.0,-44.0
1776885382.9761028,-1.0,-3.0,-47.0
1776885382.9861028,0.0,0.0,-43.0
1776885382.9961028,1.0,1.0,-43.0
1776885383.0061028,1.0,0.0,-44.0
1776885383.0161028,1.0,-2.0,-46.0
1776885383.0261028,1.0,-2.0,-44.0
1776885383.0361028,0.0,0.0,-46.0
1776885383.0461028,1.0,3.0,-41.0
1776885383.0561028,-1.0,3.0,-40.0
1776885383.0661027,-1.0,3.0,-40.0
1776885383.0761027,-2.0,2.0,-41.0
1776885383.0861027,-1.0,0.0,-43.0
1776885383.0961027,-2.0,0.0,-45.0
1776885383.1061027,-1.0,-1.0,-41.0
1776885383.1161027,1.0,-3.0,-36.0
1776885383.1261027,3.0,-4.0,-39.0
1776885383.136103,2.0,-7.0,-41.0
1776885383.146103,4.0,-10.0,-43.0
1776885383.156103,4.0,-11.0,-42.0
1776885383.1661026,0.0,-9.0,-43.0
1776885383.1761026,1.0,-8.0,-53.0
1776885383.1861026,1.0,-6.0,-59.0
1776885383.1961029,7.0,-4.0,-55.0
1776885383.2061028,8.0,-5.0,-49.0
1776885383.2161028,8.0,-4.0,-46.0
1776885383.2261028,4.0,-5.0,-41.0
1776885383.2361028,4.0,-6.0,-42.0
1776885383.2461028,3.0,-9.0,-44.0
1776885383.2561028,2.0,-7.0,-44.0
1776885383.2661028,3.0,-2.0,-44.0
1776885383.2761028,2.0,-5.0,-46.0
1776885383.2861028,2.0,-4.0,-52.0
1776885383.2961028,1.0,-6.0,-56.0
1776885383.3061028,0.0,-5.0,-53.0
1776885383.3161027,0.0,-3.0,-51.0
1776885383.3261027,1.0,0.0,-50.0
1776885383.3361027,0.0,-3.0,-45.0
1776885383.3461027,-2.0,-3.0,-42.0
1776885383.3561027,-8.0,-2.0,-48.0
1776885383.3661027,-7.0,-1.0,-49.0
1776885383.3761027,-5.0,-1.0,-47.0
1776885383.386103,-4.0,-3.0,-37.0
1776885383.396103,-2.0,-3.0,-38.0
1776885383.406103,0.0,-5.0,-35.0
1776885383.4161026,-5.0,-5.0,-33.0
1776885383.4261026,-3.0,-3.0,-33.0
1776885383.4361026,-4.0,-3.0,-38.0
1776885383.4461029,-1.0,-5.0,-37.0
1776885383.4561028,-3.0,0.0,-38.0
1776885383.4661028,-2.0,0.0,-34.0
1776885383.4761028,-2.0,-3.0,-37.0
1776885383.4861028,-2.0,-2.0,-40.0
1776885383.4961028,-1.0,-1.0,-41.0
1776885383.5061028,0.0,-1.0,-47.0
1776885383.5161028,4.0,-8.0,-58.0
1776885383.5261028,4.0,-9.0,-55.0
1776885383.5361028,6.0,-3.0,-54.0
1776885383.5461028,7.0,-1.0,-53.0
1776885383.5561028,7.0,0.0,-48.0
1776885383.5661027,2.0,-4.0,-45.0
1776885383.5761027,6.0,-7.0,-38.0
1776885383.5861027,7.0,-4.0,-43.0
1776885383.5961027,7.0,0.0,-50.0
1776885383.6061027,8.0,5.0,-51.0
1776885383.6161027,9.0,4.0,-55.0
1776885383.6271029,6.0,0.0,-52.0
1776885383.6371028,4.0,-2.0,-47.0
1776885383.6471028,2.0,-3.0,-44.0
1776885383.6571028,2.0,-3.0,-42.0
1776885383.6671028,2.0,-3.0,-37.0
1776885383.6771028,-1.0,0.0,-36.0
1776885383.6871028,-4.0,2.0,-42.0
1776885383.6971028,0.0,4.0,-39.0
1776885383.7071028,0.0,6.0,-37.0
1776885383.7171028,1.0,4.0,-42.0
1776885383.7271028,1.0,0.0,-40.0
1776885383.7371027,-1.0,-3.0,-47.0
1776885383.7471027,-2.0,0.0,-45.0
1776885383.7571027,-5.0,-1.0,-45.0
1776885383.7671027,-8.0,-2.0,-49.0
1776885383.7771027,-4.0,-6.0,-45.0
1776885383.7871027,-3.0,-5.0,-44.0
1776885383.7971027,-4.0,0.0,-46.0
1776885383.807103,-2.0,1.0,-41.0
1776885383.817103,0.0,1.0,-44.0
1776885383.827103,-2.0,3.0,-43.0
1776885383.837103,0.0,0.0,-38.0
1776885383.8471026,-4.0,-4.0,-39.0
1776885383.8571026,-3.0,-3.0,-39.0
1776885383.8671026,-1.0,3.0,-37.0
1776885383.8771029,-1.0,2.0,-37.0
1776885383.8871028,0.0,0.0,-38.0
1776885383.8971028,-1.0,-2.0,-40.0
1776885383.9071028,2.0,-8.0,-35.0
1776885383.9171028,2.0,-7.0,-41.0
1776885383.9271028,4.0,-5.0,-44.0
1776885383.9371028,1.0,-4.0,-48.0
1776885383.9471028,4.0,-2.0,-47.0
1776885383.9571028,7.0,-4.0,-46.0
1776885383.9671028,8.0,-3.0,-50.0
1776885383.9771028,5.0,-1.0,-48.0
1776885383.9871027,4.0,-2.0,-44.0
1776885383.9971027,0.0,-4.0,-39.0
1776885384.0071027,-6.0,0.0,-42.0
1776885384.0171027,-3.0,0.0,-39.0
1776885384.0271027,2.0,0.0,-37.0
1776885384.0371027,-3.0,-2.0,-39.0
1776885384.0471027,-5.0,-2.0,-40.0
1776885384.057103,-7.0,-2.0,-45.0
1776885384.067103,-6.0,-3.0,-41.0
1776885384.077103,-4.0,-4.0,-44.0
1776885384.087103,-1.0,-8.0,-42.0
1776885384.0971026,2.0,-8.0,-41.0
1776885384.1071026,3.0,-8.0,-42.0
1776885384.1171026,8.0,-3.0,-44.0
1776885384.1271029,10.0,-4.0,-44.0
1776885384.1371028,7.0,-7.0,-45.0
1776885384.1471028,9.0,-8.0,-46.0
1776885384.1571028,7.0,-5.0,-47.0
1776885384.1671028,3.0,-6.0,-52.0
1776885384.1771028,0.0,-5.0,-45.0
1776885384.1871028,0.0,-6.0,-37.0
1776885384.1971028,-3.0,-2.0,-40.0
1776885384.2071028,0.0,0.0,-47.0
1776885384.2171028,1.0,3.0,-40.0
1776885384.2271028,4.0,0.0,-38.0
1776885384.2371027,3.0,2.0,-39.0
1776885384.2471027,1.0,-1.0,-43.0
1776885384.2571027,0.0,-4.0,-45.0
1776885384.2671027,0.0,-6.0,-44.0
1776885384.2771027,0.0,-1.0,-47.0
1776885384.2871027,-1.0,-2.0,-53.0
1776885384.2971027,-3.0,-2.0,-52.0
1776885384.307103,-1.0,-1.0,-54.0
1776885384.317103,0.0,3.0,-57.0
1776885384.327103,1.0,1.0,-54.0
1776885384.337103,-2.0,0.0,-56.0
1776885384.3471026,-1.0,0.0,-56.0
1776885384.3571026,-2.0,1.0,-52.0
1776885384.3671026,-3.0,-4.0,-44.0
1776885384.3771029,0.0,-5.0,-40.0
1776885384.3871028,-2.0,-2.0,-38.0
1776885384.3971028,-3.0,0.0,-42.0
1776885384.4071028,-4.0,-2.0,-40.0
1776885384.4171028,-3.0,-7.0,-32.0
1776885384.4271028,0.0,-9.0,-40.0
1776885384.4371028,2.0,-7.0,-43.0
1776885384.4471028,0.0,-10.0,-46.0
1776885384.4571028,-2.0,-10.0,-46.0
1776885384.4671028,0.0,-5.0,-49.0
1776885384.4771028,0.0,0.0,-48.0
1776885384.4871027,-2.0,2.0,-53.0
1776885384.4971027,2.0,5.0,-48.0
1776885384.5071027,4.0,3.0,-46.0
1776885384.5171027,3.0,2.0,-45.0
1776885384.5271027,4.0,0.0,-43.0
1776885384.5371027,4.0,1.0,-43.0
1776885384.5471027,6.0,-1.0,-44.0
1776885384.557103,2.0,0.0,-49.0
1776885384.567103,-1.0,-3.0,-47.0
1776885384.577103,0.0,-11.0,-50.0
1776885384.587103,-1.0,-14.0,-47.0
1776885384.5971026,0.0,-11.0,-47.0
1776885384.6071026,0.0,-7.0,-46.0
1776885384.6171026,1.0,-4.0,-43.0
1776885384.6271029,-1.0,-7.0,-45.0
1776885384.6371028,0.0,-6.0,-52.0
1776885384.6471028,-1.0,-8.0,-49.0
1776885384.6571028,3.0,-7.0,-48.0
1776885384.6671028,3.0,-7.0,-47.0
1776885384.6771028,6.0,-10.0,-53.0
1776885384.6871028,9.0,-5.0,-57.0
1776885384.6971028,7.0,-6.0,-54.0
1776885384.7071028,3.0,-9.0,-51.0
1776885384.7171028,2.0,-8.0,-64.0
1776885384.7271028,0.0,-4.0,-58.0
1776885384.7371027,0.0,-2.0,-48.0
1776885384.7471027,-2.0,-1.0,-45.0
1776885384.7571027,-5.0,-3.0,-46.0
1776885384.7671027,-3.0,1.0,-47.0
1776885384.7771027,-3.0,0.0,-53.0
1776885384.7871027,-9.0,-2.0,-55.0
1776885384.7971027,-8.0,3.0,-58.0
1776885384.807103,-9.0,5.0,-57.0
1776885384.817103,-6.0,2.0,-59.0
1776885384.827103,-5.0,-1.0,-55.0
1776885384.837103,-11.0,-5.0,-59.0
1776885384.8471026,-13.0,-4.0,-62.0
1776885384.8571026,-8.0,-4.0,-55.0
1776885384.8671026,-6.0,-4.0,-61.0
1776885384.8771029,-7.0,-1.0,-59.0
1776885384.8871028,1.0,-2.0,-56.0
1776885384.8971028,1.0,-5.0,-53.0
1776885384.9071028,1.0,-6.0,-52.0
1776885384.9171028,4.0,-3.0,-53.0
1776885384.9271028,1.0,0.0,-61.0
1776885384.9371028,0.0,3.0,-57.0
1776885384.9471028,-1.0,0.0,-63.0
1776885384.9571028,-1.0,2.0,-61.0
1776885384.9671028,-1.0,-1.0,-65.0
1776885384.9771028,-3.0,1.0,-56.0
1776885384.9871027,-1.0,0.0,-50.0
1776885384.9971027,-4.0,2.0,-54.0
1776885385.0071027,-5.0,2.0,-45.0
1776885385.0171027,1.0,-3.0,-44.0
1776885385.0271027,4.0,-7.0,-42.0
1776885385.0371027,6.0,-6.0,-46.0
1776885385.0471027,4.0,-3.0,-47.0
1776885385.057103,6.0,0.0,-40.0
1776885385.067103,8.0,4.0,-36.0
1776885385.077103,8.0,1.0,-35.0
1776885385.087103,3.0,3.0,-33.0
1776885385.0971026,3.0,1.0,-40.0
1776885385.1071026,1.0,0.0,-43.0
1776885385.1171026,1.0,-4.0,-53.0
1776885385.1271029,6.0,-1.0,-47.0
1776885385.1371028,2.0,-1.0,-50.0
1776885385.1471028,2.0,0.0,-49.0
1776885385.1571028,1.0,0.0,-53.0
1776885385.1671028,1.0,1.0,-48.0
1776885385.1771028,3.0,2.0,-50.0
1776885385.1871028,3.0,-1.0,-51.0
1776885385.1971028,2.0,-1.0,-56.0
1776885385.2071028,0.0,-1.0,-51.0
1776885385.2171028,-2.0,-5.0,-50.0
1776885385.2271028,1.0,-8.0,-56.0
1776885385.2371027,0.0,-7.0,-60.0
1776885385.2471027,2.0,-3.0,-56.0
1776885385.2571027,6.0,-7.0,-52.0
1776885385.2671027,5.0,-7.0,-54.0
1776885385.2771027,3.0,-6.0,-54.0
1776885385.2871027,-2.0,-6.0,-44.0
1776885385.2971027,0.0,-4.0,-48.0
1776885385.307103,5.0,-2.0,-50.0
1776885385.317103,6.0,-4.0,-50.0
1776885385.327103,4.0,-5.0,-45.0
1776885385.337103,2.0,-12.0,-38.0
1776885385.3471026,0.0,-13.0,-41.0
1776885385.3571026,-1.0,-14.0,-43.0
1776885385.3671026,-1.0,-14.0,-49.0
1776885385.3771029,-2.0,-10.0,-49.0
1776885385.3871028,-1.0,-8.0,-43.0
1776885385.3971028,0.0,-9.0,-38.0
1776885385.4071028,-1.0,-9.0,-42.0
1776885385.4171028,0.0,-5.0,-35.0
1776885385.4271028,2.0,-1.0,-33.0
1776885385.4371028,0.0,-2.0,-35.0
1776885385.4471028,0.0,-1.0,-37.0
1776885385.4571028,0.0,-6.0,-41.0
1776885385.4671028,0.0,-3.0,-44.0
1776885385.4771028,1.0,-3.0,-49.0
1776885385.4871027,5.0,-3.0,-52.0
1776885385.4971027,5.0,-2.0,-56.0
1776885385.5071027,3.0,1.0,-59.0
1776885385.5171027,6.0,2.0,-52.0
1776885385.5271027,5.0,0.0,-45.0
1776885385.5371027,5.0,-11.0,-39.0
1776885385.5481029,8.0,-8.0,-42.0
1776885385.557103,8.0,-7.0,-36.0
1776885385.567103,15.0,-7.0,-39.0
1776885385.5781028,14.0,-5.0,-45.0
1776885385.587103,10.0,-4.0,-40.0
1776885385.5971026,9.0,-3.0,-47.0
1776885385.6081028,12.0,0.0,-45.0
1776885385.6181028,10.0,1.0,-48.0
1776885385.6281028,5.0,1.0,-40.0
1776885385.6381028,5.0,1.0,-41.0
1776885385.6481028,8.0,0.0,-35.0
1776885385.6581028,5.0,3.0,-32.0
1776885385.6681027,5.0,0.0,-33.0
1776885385.6781027,5.0,1.0,-35.0
1776885385.6881027,2.0,-1.0,-37.0
1776885385.6981027,0.0,3.0,-39.0
1776885385.7081027,2.0,5.0,-35.0
1776885385.7181027,4.0,6.0,-31.0
1776885385.7281027,0.0,5.0,-36.0
1776885385.738103,-1.0,3.0,-41.0
1776885385.748103,-3.0,1.0,-41.0
1776885385.758103,-1.0,3.0,-44.0
1776885385.7681026,-1.0,-1.0,-47.0
1776885385.7781026,0.0,-2.0,-45.0
1776885385.7881026,6.0,-6.0,-47.0
1776885385.7981029,10.0,-9.0,-47.0
1776885385.8081028,10.0,-8.0,-44.0
1776885385.8181028,4.0,-9.0,-42.0
1776885385.8281028,2.0,-7.0,-46.0
1776885385.8381028,2.0,-4.0,-46.0
1776885385.8481028,3.0,-4.0,-48.0
1776885385.8581028,2.0,-1.0,-46.0
1776885385.8681028,5.0,-3.0,-43.0
1776885385.8781028,1.0,-4.0,-36.0
1776885385.8881028,0.0,-4.0,-36.0
1776885385.8981028,1.0,0.0,-30.0
1776885385.9081028,0.0,2.0,-29.0
1776885385.9181027,-2.0,2.0,-27.0
1776885385.9281027,0.0,0.0,-30.0
1776885385.9381027,0.0,-1.0,-36.0
1776885385.9481027,2.0,-6.0,-37.0
1776885385.9581027,-1.0,-3.0,-39.0
1776885385.9681027,-2.0,-2.0,-36.0
1776885385.9781027,-1.0,0.0,-38.0
1776885385.988103,-1.0,-4.0,-40.0
1776885385.998103,-1.0,-7.0,-37.0
1776885386.008103,-1.0,-2.0,-36.0
1776885386.0181026,0.0,-6.0,-40.0
1776885386.0281026,-2.0,-6.0,-39.0
1776885386.0381026,-1.0,-8.0,-38.0
1776885386.0481029,0.0,-1.0,-38.0
1776885386.0581028,1.0,0.0,-42.0
1776885386.0681028,3.0,0.0,-38.0
1776885386.0781028,3.0,-2.0,-37.0
1776885386.0881028,2.0,-2.0,-38.0
1776885386.0981028,4.0,-1.0,-40.0
1776885386.1081028,4.0,0.0,-39.0
1776885386.1181028,7.0,-2.0,-42.0
1776885386.1281028,1.0,-3.0,-41.0
1776885386.1381028,1.0,-5.0,-41.0
1776885386.1481028,-2.0,-3.0,-41.0
1776885386.1581028,2.0,-3.0,-35.0
1776885386.1681027,-1.0,-2.0,-36.0
1776885386.1781027,-1.0,0.0,-37.0
1776885386.1881027,-5.0,1.0,-38.0
1776885386.1981027,-9.0,5.0,-46.0
1776885386.2081027,-5.0,4.0,-47.0
1776885386.2181027,-5.0,1.0,-43.0
1776885386.2281027,-5.0,1.0,-45.0
1776885386.238103,-8.0,0.0,-42.0
1776885386.248103,-9.0,-1.0,-40.0
1776885386.258103,-10.0,-2.0,-40.0
1776885386.2681026,-6.0,-4.0,-39.0
1776885386.2781026,-3.0,-3.0,-36.0
1776885386.2881026,-4.0,-7.0,-38.0
1776885386.2981029,0.0,-8.0,-38.0
1776885386.3081028,2.0,-3.0,-46.0
1776885386.3181028,4.0,-1.0,-40.0
1776885386.3281028,-1.0,1.0,-41.0
1776885386.3381028,1.0,2.0,-43.0
1776885386.3481028,3.0,-2.0,-36.0
1776885386.3581028,0.0,-4.0,-33.0
1776885386.3681028,0.0,-1.0,-35.0
1776885386.3781028,1.0,-1.0,-36.0
1776885386.3881028,0.0,-3.0,-34.0
1776885386.3981028,2.0,-6.0,-41.0
1776885386.4081028,5.0,-1.0,-46.0
1776885386.4181027,5.0,0.0,-45.0
1776885386.4281027,3.0,0.0,-48.0
1776885386.4381027,2.0,0.0,-48.0
1776885386.4481027,3.0,0.0,-44.0
1776885386.4581027,-2.0,-2.0,-39.0
1776885386.4681027,1.0,-4.0,-38.0
1776885386.4781027,4.0,-2.0,-43.0
1776885386.488103,0.0,0.0,-52.0
1776885386.498103,-1.0,-5.0,-42.0
1776885386.508103,1.0,-6.0,-47.0
1776885386.5181026,3.0,-8.0,-47.0
1776885386.5281026,9.0,-8.0,-41.0
1776885386.5381026,6.0,-8.0,-39.0
1776885386.5481029,9.0,-5.0,-38.0
1776885386.5581028,7.0,-4.0,-37.0
1776885386.5681028,4.0,-2.0,-40.0
1776885386.5781028,5.0,0.0,-38.0
1776885386.5881028,2.0,-1.0,-40.0
1776885386.5981028,-6.0,-1.0,-41.0
1776885386.6081028,-8.0,-1.0,-41.0
1776885386.6181028,-5.0,-1.0,-35.0
1776885386.6281028,-7.0,-1.0,-36.0
1776885386.6381028,-9.0,-6.0,-33.0
1776885386.6481028,-10.0,-12.0,-40.0
1776885386.6581028,-11.0,-9.0,-39.0
1776885386.6681027,-8.0,-4.0,-39.0
1776885386.6781027,-5.0,-2.0,-41.0
1776885386.6881027,-3.0,0.0,-42.0
1776885386.6981027,-3.0,5.0,-44.0
1776885386.7081027,-1.0,0.0,-40.0
1776885386.7181027,0.0,0.0,-43.0
1776885386.7281027,0.0,-1.0,-38.0
1776885386.738103,-2.0,0.0,-36.0
1776885386.748103,-5.0,1.0,-41.0
1776885386.758103,-5.0,2.0,-35.0
1776885386.7681026,-2.0,0.0,-38.0
1776885386.7781026,0.0,-2.0,-44.0
1776885386.7881026,-3.0,-5.0,-46.0
1776885386.7981029,-6.0,-2.0,-50.0
1776885386.8081028,-4.0,-3.0,-48.0
1776885386.8181028,0.0,-2.0,-49.0
1776885386.8281028,0.0,-9.0,-43.0
1776885386.8381028,3.0,-11.0,-36.0
1776885386.8481028,3.0,-8.0,-41.0
1776885386.8581028,5.0,-6.0,-46.0
1776885386.8681028,4.0,-5.0,-48.0
1776885386.8781028,8.0,-6.0,-58.0
1776885386.8881028,3.0,-5.0,-58.0
1776885386.8981028,-1.0,-3.0,-54.0
1776885386.9081028,-3.0,-1.0,-59.0
1776885386.9181027,-10.0,0.0,-55.0
1776885386.9281027,-3.0,-1.0,-52.0
1776885386.9381027,-4.0,0.0,-51.0
1776885386.9481027,-4.0,-4.0,-49.0
1776885386.9581027,-3.0,-2.0,-43.0
1776885386.9681027,-1.0,2.0,-43.0
1776885386.9781027,-1.0,2.0,-41.0
1776885386.988103,0.0,5.0,-43.0
1776885386.998103,4.0,8.0,-38.0
1776885387.008103,5.0,4.0,-43.0
1776885387.0181026,1.0,0.0,-43.0
1776885387.0281026,0.0,1.0,-46.0
1776885387.0381026,1.0,6.0,-37.0
1776885387.0481029,0.0,7.0,-35.0
1776885387.0581028,0.0,6.0,-38.0
1776885387.0681028,5.0,9.0,-48.0
1776885387.0781028,7.0,7.0,-52.0
1776885387.0881028,7.0,7.0,-50.0
1776885387.0981028,8.0,5.0,-52.0
1776885387.1081028,8.0,4.0,-54.0
1776885387.1181028,6.0,4.0,-58.0
1776885387.1281028,11.0,2.0,-52.0
1776885387.1381028,10.0,2.0,-52.0
1776885387.1481028,3.0,0.0,-50.0
1776885387.1581028,5.0,1.0,-48.0
1776885387.1681027,5.0,1.0,-45.0
1776885387.1781027,3.0,-1.0,-47.0
1776885387.1881027,0.0,-3.0,-47.0
1776885387.1981027,-4.0,-3.0,-42.0
1776885387.2081027,-5.0,-2.0,-43.0
1776885387.2181027,-4.0,0.0,-40.0
1776885387.2281027,-2.0,2.0,-41.0
1776885387.238103,0.0,3.0,-36.0
1776885387.248103,-3.0,0.0,-39.0
1776885387.258103,-2.0,1.0,-40.0
1776885387.2681026,0.0,0.0,-43.0
1776885387.2781026,2.0,0.0,-41.0
1776885387.2881026,3.0,-1.0,-41.0
1776885387.2981029,1.0,-2.0,-38.0
1776885387.3081028,1.0,-1.0,-42.0
1776885387.3181028,2.0,-1.0,-42.0
1776885387.3281028,7.0,0.0,-44.0
1776885387.3381028,6.0,0.0,-42.0
1776885387.3481028,3.0,1.0,-41.0
1776885387.3581028,-3.0,2.0,-43.0
1776885387.3681028,1.0,0.0,-46.0
1776885387.3781028,3.0,0.0,-38.0
1776885387.3881028,3.0,0.0,-43.0
1776885387.3981028,-1.0,0.0,-38.0
1776885387.4081028,-4.0,0.0,-35.0
1776885387.4181027,0.0,2.0,-35.0
1776885387.4281027,-1.0,-1.0,-35.0
1776885387.4381027,3.0,0.0,-42.0
1776885387.4481027,3.0,0.0,-43.0
1776885387.4581027,3.0,3.0,-41.0
1776885387.4681027,1.0,3.0,-43.0
1776885387.4781027,0.0,2.0,-39.0
1776885387.488103,-1.0,4.0,-44.0
1776885387.498103,0.0,-1.0,-42.0
1776885387.508103,0.0,3.0,-42.0
1776885387.5181026,0.0,3.0,-37.0
1776885387.5281026,2.0,0.0,-36.0
1776885387.5381026,0.0,0.0,-39.0
1776885387.5481029,0.0,0.0,-39.0
1776885387.5581028,-2.0,-2.0,-34.0
1776885387.5691028,-5.0,-2.0,-37.0
1776885387.5791028,-4.0,-1.0,-36.0
1776885387.5891027,-3.0,0.0,-39.0
1776885387.5991027,0.0,0.0,-40.0
1776885387.6081028,-1.0,-2.0,-39.0
1776885387.6191027,-7.0,-2.0,-45.0
1776885387.6291027,-7.0,-1.0,-41.0
1776885387.6391027,-6.0,-1.0,-38.0
1776885387.6491027,-6.0,1.0,-35.0
1776885387.6581028,-6.0,4.0,-37.0
1776885387.669103,-6.0,3.0,-40.0
1776885387.679103,-6.0,5.0,-41.0
1776885387.6891026,-6.0,3.0,-39.0
1776885387.6991026,-4.0,0.0,-37.0
1776885387.7091026,-2.0,0.0,-38.0
1776885387.7191026,0.0,2.0,-40.0
1776885387.7291028,-4.0,3.0,-38.0
1776885387.7391028,-5.0,0.0,-46.0
1776885387.7491028,-8.0,-1.0,-40.0
1776885387.7591028,-8.0,0.0,-40.0
1776885387.7691028,-3.0,1.0,-39.0
1776885387.7791028,1.0,-2.0,-42.0
1776885387.7891028,4.0,0.0,-42.0
1776885387.7991028,6.0,0.0,-37.0
1776885387.8091028,10.0,0.0,-38.0
1776885387.8191028,13.0,-2.0,-32.0
1776885387.8291028,13.0,-5.0,-39.0
1776885387.8391027,12.0,-2.0,-41.0
1776885387.8491027,9.0,-2.0,-53.0
1776885387.8591027,5.0,2.0,-49.0
1776885387.8691027,4.0,2.0,-53.0
1776885387.8791027,1.0,0.0,-53.0
1776885387.8891027,2.0,0.0,-54.0
1776885387.8991027,2.0,-2.0,-59.0
1776885387.909103,3.0,-1.0,-55.0
1776885387.919103,3.0,-3.0,-53.0
1776885387.929103,3.0,-2.0,-51.0
1776885387.9391026,2.0,-6.0,-45.0
1776885387.9491026,5.0,-7.0,-44.0
1776885387.9591026,6.0,-5.0,-44.0
1776885387.9691026,1.0,-7.0,-45.0
1776885387.9791028,-3.0,-11.0,-45.0
1776885387.9891028,-5.0,-9.0,-43.0
1776885387.9991028,-6.0,-13.0,-47.0
1776885388.0091028,-6.0,-11.0,-53.0
1776885388.0191028,-4.0,-10.0,-51.0
1776885388.0291028,0.0,-8.0,-47.0
1776885388.0391028,1.0,-7.0,-46.0
1776885388.0491028,5.0,-6.0,-39.0
1776885388.0591028,1.0,-6.0,-39.0
1776885388.0691028,0.0,-5.0,-36.0
1776885388.0791028,-3.0,-1.0,-40.0
1776885388.0891027,-1.0,0.0,-36.0
1776885388.0991027,-5.0,0.0,-38.0
1776885388.1091027,-2.0,1.0,-37.0
1776885388.1191027,-5.0,-2.0,-38.0
1776885388.1291027,-4.0,-3.0,-39.0
1776885388.1391027,0.0,0.0,-41.0
1776885388.1491027,2.0,0.0,-42.0
1776885388.159103,-2.0,1.0,-44.0
1776885388.169103,-3.0,1.0,-42.0
1776885388.179103,0.0,3.0,-41.0
1776885388.1891026,-1.0,2.0,-39.0
1776885388.1991026,-5.0,1.0,-38.0
1776885388.2091026,-8.0,-1.0,-39.0
1776885388.2191026,-7.0,-1.0,-37.0
1776885388.2291028,-3.0,-2.0,-36.0
1776885388.2391028,0.0,0.0,-34.0
1776885388.2491028,-5.0,2.0,-34.0
1776885388.2591028,-4.0,0.0,-38.0
1776885388.2691028,-6.0,-1.0,-40.0
1776885388.2791028,1.0,0.0,-42.0
1776885388.2891028,0.0,-2.0,-34.0
1776885388.2991028,0.0,-5.0,-38.0
1776885388.3091028,-4.0,-1.0,-45.0
1776885388.3191028,-1.0,0.0,-39.0
1776885388.3291028,-3.0,-1.0,-49.0
1776885388.3391027,-2.0,-3.0,-41.0
1776885388.3491027,-2.0,-1.0,-40.0
1776885388.3591027,0.0,-4.0,-43.0
1776885388.3691027,0.0,-5.0,-44.0
1776885388.3791027,0.0,-2.0,-51.0
1776885388.3891027,-1.0,-1.0,-49.0
1776885388.3991027,-1.0,-1.0,-38.0
1776885388.409103,-1.0,2.0,-32.0
1776885388.419103,3.0,1.0,-31.0
1776885388.429103,0.0,3.0,-30.0
1776885388.4391026,1.0,5.0,-31.0
1776885388.4491026,3.0,5.0,-29.0
1776885388.4591026,5.0,3.0,-31.0
1776885388.4691026,1.0,2.0,-44.0
1776885388.4791028,0.0,0.0,-44.0
1776885388.4891028,4.0,-2.0,-45.0
1776885388.4991028,1.0,-3.0,-44.0
1776885388.5091028,1.0,-2.0,-45.0
1776885388.5191028,0.0,-1.0,-44.0
1776885388.5291028,0.0,0.0,-39.0
1776885388.5391028,0.0,2.0,-40.0
1776885388.5491028,-4.0,0.0,-44.0
1776885388.5591028,-10.0,-4.0,-44.0
1776885388.5691028,-10.0,-9.0,-45.0
1776885388.5791028,-8.0,-10.0,-49.0
1776885388.5891027,-8.0,-10.0,-48.0
1776885388.5991027,0.0,-7.0,-41.0
1776885388.6091027,4.0,-7.0,-36.0
1776885388.6191027,1.0,-5.0,-42.0
1776885388.6291027,-1.0,-1.0,-39.0
1776885388.6391027,-3.0,2.0,-31.0
1776885388.6491027,-1.0,7.0,-32.0
1776885388.659103,-4.0,6.0,-36.0
1776885388.669103,-5.0,2.0,-39.0
1776885388.679103,-3.0,2.0,-41.0
1776885388.6891026,-4.0,6.0,-42.0
1776885388.6991026,-2.0,7.0,-39.0
1776885388.7091026,-7.0,6.0,-39.0
1776885388.7191026,-8.0,2.0,-37.0
1776885388.7291028,-1.0,4.0,-42.0
1776885388.7391028,-3.0,3.0,-45.0
1776885388.7491028,-1.0,2.0,-49.0
1776885388.7591028,-1.0,1.0,-50.0
1776885388.7691028,-6.0,-2.0,-45.0
1776885388.7791028,-7.0,-2.0,-49.0
1776885388.7891028,-4.0,-1.0,-44.0
1776885388.7991028,-2.0,-5.0,-46.0
1776885388.8091028,2.0,-1.0,-47.0
1776885388.8191028,0.0,0.0,-45.0
1776885388.8291028,-1.0,0.0,-42.0
1776885388.8391027,0.0,-5.0,-41.0
1776885388.8491027,-1.0,-6.0,-47.0
1776885388.8591027,0.0,-7.0,-45.0
1776885388.8691027,0.0,-4.0,-45.0
1776885388.8791027,4.0,-3.0,-44.0
1776885388.8891027,2.0,-5.0,-47.0
1776885388.8991027,1.0,-5.0,-43.0
1776885388.909103,2.0,-9.0,-45.0
1776885388.919103,2.0,-11.0,-53.0
1776885388.929103,0.0,-11.0,-52.0
1776885388.9391026,-1.0,-9.0,-57.0
1776885388.9491026,2.0,-8.0,-51.0
1776885388.9591026,5.0,-7.0,-58.0
1776885388.9691026,7.0,-6.0,-53.0
1776885388.9791028,6.0,-3.0,-42.0
1776885388.9891028,4.0,3.0,-35.0
1776885388.9991028,3.0,4.0,-39.0
1776885389.0091028,4.0,2.0,-41.0
1776885389.0191028,5.0,0.0,-33.0
1776885389.0291028,4.0,-3.0,-32.0
1776885389.0391028,3.0,0.0,-38.0
1776885389.0491028,0.0,3.0,-37.0
1776885389.0591028,-3.0,3.0,-32.0
1776885389.0691028,-2.0,3.0,-38.0
1776885389.0791028,0.0,0.0,-39.0
1776885389.0891027,2.0,0.0,-36.0
1776885389.0991027,-2.0,2.0,-40.0
1776885389.1091027,4.0,3.0,-44.0
1776885389.1191027,3.0,3.0,-46.0
1776885389.1291027,1.0,0.0,-49.0
1776885389.1391027,2.0,0.0,-48.0
1776885389.1491027,3.0,3.0,-42.0
1776885389.159103,3.0,2.0,-38.0
1776885389.169103,3.0,1.0,-36.0
1776885389.179103,1.0,-2.0,-32.0
1776885389.1891026,-3.0,-7.0,-34.0
1776885389.1991026,-2.0,-1.0,-33.0
1776885389.2091026,2.0,0.0,-28.0
1776885389.2191026,5.0,1.0,-32.0
1776885389.2291028,0.0,1.0,-31.0
1776885389.2391028,1.0,-2.0,-40.0
1776885389.2491028,-2.0,0.0,-48.0
1776885389.2591028,0.0,2.0,-47.0
1776885389.2691028,3.0,0.0,-45.0
1776885389.2791028,6.0,-2.0,-42.0
1776885389.2891028,2.0,-2.0,-35.0
1776885389.2991028,-3.0,-8.0,-35.0
1776885389.3091028,0.0,-6.0,-36.0
1776885389.3191028,0.0,-8.0,-35.0
1776885389.3291028,-1.0,-6.0,-38.0
1776885389.3391027,-2.0,-1.0,-36.0
1776885389.3491027,-3.0,3.0,-39.0
1776885389.3591027,-5.0,2.0,-42.0
1776885389.3691027,-7.0,0.0,-38.0
1776885389.3791027,-7.0,-1.0,-41.0
1776885389.3891027,-3.0,-1.0,-40.0
1776885389.3991027,-4.0,0.0,-42.0
1776885389.409103,-4.0,-3.0,-49.0
1776885389.419103,-5.0,-1.0,-53.0
1776885389.429103,-3.0,-2.0,-43.0
1776885389.4391026,1.0,-2.0,-45.0
1776885389.4491026,1.0,-4.0,-36.0
1776885389.4591026,2.0,-7.0,-46.0
1776885389.4691026,-5.0,-4.0,-49.0
1776885389.4791028,-3.0,-1.0,-51.0
1776885389.4891028,-3.0,-2.0,-55.0
1776885389.4991028,-4.0,-3.0,-51.0
1776885389.5091028,-5.0,2.0,-46.0
1776885389.5191028,-10.0,3.0,-42.0
1776885389.5291028,-13.0,1.0,-44.0
1776885389.5401027,-8.0,-2.0,-48.0
1776885389.5501027,-6.0,-6.0,-49.0
1776885389.5601027,-7.0,-7.0,-48.0
1776885389.5701027,-4.0,-5.0,-51.0
1776885389.5801027,-4.0,-3.0,-51.0
1776885389.590103,-1.0,0.0,-51.0
1776885389.600103,-3.0,0.0,-51.0
1776885389.610103,-6.0,0.0,-46.0
1776885389.6201026,-6.0,1.0,-42.0
1776885389.6301026,-4.0,1.0,-33.0
1776885389.6401026,-1.0,-1.0,-36.0
1776885389.6501029,-5.0,0.0,-37.0
1776885389.6601028,-7.0,0.0,-39.0
1776885389.6701028,-8.0,-1.0,-46.0
1776885389.6801028,-4.0,-3.0,-52.0
1776885389.6901028,-3.0,-1.0,-47.0
1776885389.7001028,-1.0,-1.0,-48.0
1776885389.7101028,0.0,-1.0,-50.0
1776885389.7201028,0.0,0.0,-51.0
1776885389.7301028,-4.0,0.0,-52.0
1776885389.7401028,-6.0,-2.0,-46.0
1776885389.7501028,-6.0,-5.0,-45.0
1776885389.7601027,-8.0,-3.0,-40.0
1776885389.7701027,-4.0,-2.0,-40.0
1776885389.7801027,-4.0,-3.0,-36.0
1776885389.7901027,-1.0,-2.0,-38.0
1776885389.8001027,-3.0,0.0,-48.0
1776885389.8101027,-1.0,1.0,-41.0
1776885389.8201027,0.0,3.0,-41.0
1776885389.8301027,4.0,5.0,-41.0
1776885389.840103,3.0,2.0,-37.0
1776885389.850103,0.0,3.0,-37.0
1776885389.860103,0.0,2.0,-46.0
1776885389.8701026,2.0,5.0,-45.0
1776885389.8801026,2.0,2.0,-40.0
1776885389.8901026,8.0,-2.0,-42.0
1776885389.9001029,13.0,0.0,-41.0
1776885389.9101028,8.0,1.0,-38.0
1776885389.9201028,1.0,0.0,-38.0
1776885389.9301028,-1.0,1.0,-33.0
1776885389.9401028,1.0,-1.0,-31.0
1776885389.9501028,0.0,4.0,-36.0
1776885389.9601028,1.0,3.0,-33.0
1776885389.9701028,1.0,2.0,-39.0
1776885389.9801028,0.0,7.0,-36.0
1776885389.9901028,0.0,5.0,-31.0
1776885390.0001028,-3.0,3.0,-34.0
1776885390.0101027,-5.0,1.0,-31.0
1776885390.0201027,-2.0,0.0,-28.0
1776885390.0301027,-1.0,-8.0,-27.0
1776885390.0401027,-2.0,-9.0,-34.0
1776885390.0501027,-4.0,0.0,-41.0
1776885390.0601027,-4.0,-2.0,-42.0
1776885390.0701027,-1.0,-2.0,-46.0
1776885390.0801027,-1.0,-1.0,-40.0
1776885390.090103,-5.0,-2.0,-36.0
1776885390.100103,-1.0,-6.0,-37.0
1776885390.110103,1.0,-4.0,-40.0
1776885390.1201026,1.0,-4.0,-41.0
1776885390.1301026,0.0,-4.0,-41.0
1776885390.1401026,-1.0,-2.0,-42.0
1776885390.1501029,0.0,-3.0,-40.0
1776885390.1601028,1.0,0.0,-33.0
1776885390.1701028,1.0,2.0,-41.0
1776885390.1801028,-3.0,1.0,-47.0
1776885390.1901028,-2.0,1.0,-43.0
1776885390.2001028,-3.0,7.0,-49.0
1776885390.2101028,-1.0,10.0,-56.0
1776885390.2201028,-2.0,3.0,-53.0
1776885390.2301028,0.0,1.0,-48.0
1776885390.2401028,0.0,-1.0,-44.0
1776885390.2501028,1.0,-3.0,-45.0
1776885390.2601027,-1.0,-2.0,-50.0
1776885390.2701027,-1.0,0.0,-51.0
1776885390.2801027,0.0,2.0,-51.0
1776885390.2901027,-1.0,4.0,-49.0
1776885390.3001027,1.0,0.0,-47.0
1776885390.3101027,9.0,-3.0,-42.0
1776885390.3201027,7.0,-4.0,-43.0
1776885390.3301027,5.0,0.0,-43.0
1776885390.340103,1.0,2.0,-39.0
1776885390.350103,0.0,3.0,-40.0
1776885390.360103,-3.0,2.0,-45.0
1776885390.3701026,-2.0,-1.0,-41.0
1776885390.3801026,-2.0,0.0,-37.0
1776885390.3901026,-5.0,-1.0,-37.0
1776885390.4001029,-5.0,-4.0,-43.0
1776885390.4101028,-3.0,-5.0,-45.0
1776885390.4201028,1.0,-4.0,-45.0
1776885390.4301028,2.0,-6.0,-41.0
1776885390.4401028,6.0,-3.0,-46.0
1776885390.4501028,-1.0,0.0,-46.0
1776885390.4601028,-1.0,0.0,-47.0
1776885390.4701028,-1.0,-1.0,-43.0
1776885390.4801028,-3.0,-1.0,-44.0
1776885390.4901028,-3.0,-6.0,-43.0
1776885390.5001028,-1.0,-4.0,-47.0
1776885390.5101027,0.0,-7.0,-43.0
1776885390.5201027,3.0,-6.0,-44.0
1776885390.5301027,3.0,-6.0,-48.0
1776885390.5401027,6.0,-2.0,-49.0
1776885390.5501027,0.0,-1.0,-38.0
1776885390.5601027,2.0,-5.0,-37.0
1776885390.5701027,-1.0,-5.0,-37.0
1776885390.5801027,0.0,-5.0,-41.0
1776885390.590103,-1.0,-2.0,-42.0
1776885390.600103,0.0,-2.0,-44.0
1776885390.610103,1.0,0.0,-45.0
1776885390.6201026,3.0,0.0,-43.0
1776885390.6301026,0.0,2.0,-42.0
1776885390.6401026,1.0,3.0,-43.0
1776885390.6501029,8.0,1.0,-49.0
1776885390.6601028,8.0,4.0,-57.0
1776885390.6701028,8.0,3.0,-54.0
1776885390.6801028,10.0,0.0,-46.0
1776885390.6901028,10.0,0.0,-44.0
1776885390.7001028,9.0,0.0,-43.0
1776885390.7101028,7.0,0.0,-37.0
1776885390.7201028,-1.0,3.0,-37.0
1776885390.7301028,-7.0,1.0,-42.0
1776885390.7401028,-8.0,-2.0,-39.0
1776885390.7501028,-8.0,-4.0,-43.0
1776885390.7601027,-3.0,-6.0,-45.0
1776885390.7701027,-1.0,-7.0,-44.0
1776885390.7801027,2.0,-10.0,-45.0
1776885390.7901027,0.0,-7.0,-49.0
1776885390.8001027,-2.0,-1.0,-48.0
1776885390.8101027,-3.0,2.0,-40.0
1776885390.8201027,-5.0,0.0,-39.0
1776885390.8301027,-8.0,0.0,-43.0
1776885390.840103,-4.0,-1.0,-47.0
1776885390.850103,-5.0,3.0,-58.0
1776885390.860103,-5.0,5.0,-58.0
1776885390.8701026,-5.0,7.0,-60.0
1776885390.8801026,-7.0,8.0,-53.0
1776885390.8901026,-6.0,4.0,-50.0
1776885390.9001029,-4.0,0.0,-44.0
1776885390.9101028,-4.0,0.0,-44.0
1776885390.9201028,0.0,-4.0,-53.0
1776885390.9301028,0.0,0.0,-59.0
1776885390.9401028,0.0,-3.0,-58.0
1776885390.9501028,-5.0,-1.0,-50.0
1776885390.9601028,-7.0,-2.0,-55.0
1776885390.9701028,-5.0,-2.0,-56.0
1776885390.9801028,-3.0,-8.0,-52.0
1776885390.9901028,-3.0,-2.0,-50.0
1776885391.0001028,-1.0,1.0,-47.0
1776885391.0101027,0.0,6.0,-42.0
1776885391.0201027,0.0,5.0,-43.0
1776885391.0301027,1.0,4.0,-39.0
1776885391.0401027,1.0,5.0,-46.0
1776885391.0501027,-1.0,2.0,-50.0
1776885391.0601027,-4.0,0.0,-47.0
1776885391.0701027,-1.0,-3.0,-48.0
1776885391.0801027,0.0,-6.0,-52.0
1776885391.090103,3.0,-5.0,-47.0
1776885391.100103,-3.0,-1.0,-42.0
1776885391.110103,-1.0,-4.0,-44.0
1776885391.1201026,-1.0,-1.0,-45.0
1776885391.1301026,-3.0,-2.0,-40.0
1776885391.1401026,0.0,-1.0,-37.0
1776885391.1501029,0.0,1.0,-33.0
1776885391.1601028,3.0,-1.0,-36.0
1776885391.1701028,4.0,-2.0,-37.0
1776885391.1801028,4.0,-6.0,-41.0
1776885391.1901028,5.0,-2.0,-43.0
1776885391.2001028,-1.0,1.0,-51.0
1776885391.2101028,2.0,4.0,-48.0
1776885391.2201028,2.0,3.0,-45.0
1776885391.2301028,1.0,3.0,-43.0
1776885391.2411027,-3.0,4.0,-44.0
1776885391.2501028,-9.0,-1.0,-41.0
1776885391.2601027,-6.0,-1.0,-39.0
1776885391.2701027,-5.0,-3.0,-36.0
1776885391.2801027,-7.0,-5.0,-35.0
1776885391.2901027,-4.0,-3.0,-43.0
1776885391.3001027,1.0,-6.0,-39.0
1776885391.3101027,1.0,-2.0,-40.0
1776885391.3201027,3.0,-1.0,-42.0
1776885391.3301027,3.0,-5.0,-40.0
1776885391.340103,5.0,-2.0,-39.0
1776885391.350103,2.0,0.0,-45.0
1776885391.360103,-2.0,4.0,-47.0
1776885391.3701026,-2.0,0.0,-48.0
1776885391.3801026,0.0,3.0,-46.0
1776885391.3901026,-1.0,-1.0,-44.0
1776885391.4001029,2.0,-1.0,-48.0
1776885391.4101028,1.0,-3.0,-45.0
1776885391.4201028,3.0,-1.0,-44.0
1776885391.4301028,3.0,-3.0,-47.0
1776885391.4401028,0.0,-6.0,-46.0
1776885391.4501028,1.0,-3.0,-40.0
1776885391.4601028,2.0,-4.0,-43.0
1776885391.4701028,0.0,-9.0,-35.0
1776885391.4801028,-1.0,-11.0,-34.0
1776885391.4901028,-4.0,-8.0,-35.0
1776885391.5001028,-1.0,-9.0,-44.0
1776885391.5101027,-1.0,-4.0,-46.0
1776885391.521103,-1.0,-1.0,-44.0
1776885391.531103,-2.0,-2.0,-43.0
1776885391.5411026,-1.0,-1.0,-46.0
1776885391.5501027,0.0,0.0,-48.0
1776885391.5611026,-1.0,3.0,-50.0
1776885391.5711029,0.0,0.0,-49.0
1776885391.5811028,5.0,-1.0,-46.0
1776885391.5911028,8.0,0.0,-43.0
1776885391.6011028,4.0,0.0,-42.0
1776885391.6111028,-1.0,-1.0,-42.0
1776885391.6211028,-7.0,-5.0,-46.0
1776885391.6311028,-3.0,-7.0,-46.0
1776885391.6411028,-4.0,-4.0,-50.0
1776885391.6501029,-1.0,-4.0,-53.0
1776885391.6611028,0.0,-6.0,-53.0
1776885391.6711028,0.0,-2.0,-50.0
1776885391.6811028,-2.0,-1.0,-50.0
1776885391.6911027,-4.0,-2.0,-50.0
1776885391.7011027,0.0,-1.0,-51.0
1776885391.7111027,0.0,-4.0,-44.0
1776885391.7211027,2.0,-6.0,-37.0
1776885391.7311027,7.0,-4.0,-37.0
1776885391.7411027,2.0,-6.0,-33.0
1776885391.7511027,1.0,-10.0,-35.0
1776885391.761103,2.0,-10.0,-34.0
1776885391.771103,2.0,-8.0,-36.0
1776885391.781103,2.0,-10.0,-37.0
1776885391.7911026,-1.0,-8.0,-46.0
1776885391.8011026,-5.0,-6.0,-43.0
1776885391.8111026,-4.0,-4.0,-47.0
1776885391.8211029,0.0,-3.0,-46.0
1776885391.8311028,0.0,-6.0,-53.0
1776885391.8411028,-2.0,-8.0,-52.0
1776885391.8511028,-1.0,-8.0,-43.0
1776885391.8611028,-3.0,-6.0,-44.0
1776885391.8711028,-1.0,-6.0,-47.0
1776885391.8811028,-3.0,-6.0,-52.0
1776885391.8911028,-5.0,-3.0,-49.0
1776885391.9011028,2.0,-6.0,-54.0
1776885391.9111028,2.0,-6.0,-50.0
1776885391.9211028,0.0,-3.0,-46.0
1776885391.9311028,0.0,-3.0,-35.0
1776885391.9411027,2.0,-1.0,-34.0
1776885391.9511027,0.0,-2.0,-33.0
1776885391.9611027,0.0,-1.0,-35.0
1776885391.9711027,0.0,-2.0,-33.0
1776885391.9811027,2.0,-2.0,-34.0
1776885391.9911027,5.0,0.0,-38.0
1776885392.0011027,7.0,-2.0,-37.0
1776885392.011103,6.0,-4.0,-35.0
1776885392.021103,3.0,-3.0,-32.0
1776885392.031103,2.0,-5.0,-40.0
1776885392.0411026,4.0,-6.0,-51.0
1776885392.0511026,0.0,-7.0,-51.0
1776885392.0611026,-2.0,-3.0,-46.0
1776885392.0711029,-4.0,-7.0,-37.0
1776885392.0811028,-3.0,-9.0,-41.0
1776885392.0911028,-6.0,-6.0,-42.0
1776885392.1011028,-4.0,-3.0,-42.0
1776885392.1111028,-2.0,-2.0,-40.0
1776885392.1211028,-2.0,-2.0,-44.0
1776885392.1311028,-4.0,-1.0,-44.0
1776885392.1411028,-8.0,-2.0,-50.0
1776885392.1511028,-11.0,-5.0,-55.0
1776885392.1611028,-11.0,-4.0,-56.0
1776885392.1711028,-8.0,-5.0,-51.0
1776885392.1811028,-7.0,-3.0,-45.0
1776885392.1911027,-6.0,0.0,-35.0
1776885392.2011027,-2.0,0.0,-34.0
1776885392.2111027,-3.0,1.0,-34.0
1776885392.2211027,-6.0,-1.0,-33.0
1776885392.2311027,-6.0,-5.0,-34.0
1776885392.2411027,-7.0,-6.0,-33.0
1776885392.2511027,-9.0,-4.0,-30.0
1776885392.261103,-6.0,-5.0,-33.0
1776885392.271103,-5.0,-4.0,-29.0
1776885392.281103,-6.0,-6.0,-36.0
1776885392.2911026,-1.0,-7.0,-40.0
1776885392.3011026,3.0,-3.0,-44.0
1776885392.3111026,5.0,-3.0,-44.0
1776885392.3211029,5.0,-1.0,-43.0
1776885392.3311028,3.0,2.0,-40.0
1776885392.3411028,5.0,1.0,-41.0
1776885392.3511028,3.0,0.0,-43.0
1776885392.3611028,4.0,0.0,-43.0
1776885392.3711028,3.0,-2.0,-45.0
1776885392.3811028,4.0,1.0,-43.0
1776885392.3911028,4.0,5.0,-40.0
1776885392.4011028,10.0,2.0,-40.0
1776885392.4111028,5.0,-1.0,-40.0
1776885392.4211028,5.0,-2.0,-43.0
1776885392.4311028,10.0,-2.0,-40.0
1776885392.4411027,13.0,0.0,-34.0
1776885392.4511027,10.0,-2.0,-35.0
1776885392.4611027,10.0,-2.0,-40.0
1776885392.4711027,8.0,-3.0,-40.0
1776885392.4811027,4.0,-1.0,-47.0
1776885392.4911027,3.0,2.0,-41.0
1776885392.5011027,0.0,2.0,-43.0
1776885392.511103,4.0,4.0,-43.0
1776885392.521103,5.0,3.0,-40.0
1776885392.531103,3.0,4.0,-42.0
1776885392.5411026,3.0,4.0,-40.0
1776885392.5511026,3.0,0.0,-42.0
1776885392.5611026,-1.0,-1.0,-47.0
1776885392.5711029,-4.0,0.0,-47.0
1776885392.5811028,0.0,0.0,-43.0
1776885392.5911028,0.0,1.0,-39.0
1776885392.6011028,-1.0,1.0,-43.0
1776885392.6111028,-1.0,0.0,-42.0
1776885392.6211028,3.0,0.0,-37.0
1776885392.6311028,5.0,0.0,-39.0
1776885392.6411028,3.0,-1.0,-42.0
1776885392.6511028,3.0,-7.0,-40.0
1776885392.6611028,2.0,-10.0,-44.0
1776885392.6711028,0.0,-6.0,-55.0
1776885392.6811028,-6.0,-4.0,-55.0
1776885392.6911027,-6.0,-2.0,-55.0
1776885392.7011027,-3.0,-1.0,-58.0
1776885392.7111027,-3.0,0.0,-58.0
1776885392.7211027,-3.0,-5.0,-52.0
1776885392.7311027,0.0,-5.0,-46.0
1776885392.7411027,2.0,-3.0,-40.0
1776885392.7511027,3.0,-1.0,-40.0
1776885392.761103,-1.0,-1.0,-46.0
1776885392.771103,2.0,-6.0,-40.0
1776885392.781103,-1.0,-5.0,-35.0
1776885392.7911026,0.0,0.0,-36.0
1776885392.8011026,2.0,0.0,-41.0
1776885392.8111026,4.0,-3.0,-39.0
1776885392.8211029,2.0,-2.0,-39.0
1776885392.8311028,2.0,-1.0,-39.0
1776885392.8411028,0.0,-1.0,-38.0
1776885392.8511028,-4.0,-5.0,-45.0
1776885392.8611028,-6.0,-5.0,-39.0
1776885392.8711028,-1.0,-9.0,-38.0
1776885392.8811028,-1.0,-9.0,-39.0
1776885392.8911028,2.0,-8.0,-41.0
1776885392.9011028,1.0,-6.0,-42.0
1776885392.9111028,1.0,-4.0,-45.0
1776885392.9211028,-4.0,-6.0,-42.0
1776885392.9311028,-4.0,-9.0,-45.0
1776885392.9411027,-2.0,-4.0,-48.0
1776885392.9511027,0.0,3.0,-45.0
1776885392.9611027,-2.0,1.0,-49.0
1776885392.9711027,-3.0,-2.0,-45.0
1776885392.9811027,-5.0,-1.0,-46.0
1776885392.9911027,-9.0,-3.0,-48.0
1776885393.0011027,-8.0,-2.0,-43.0
1776885393.011103,-4.0,-2.0,-41.0
1776885393.021103,0.0,0.0,-40.0
1776885393.031103,0.0,4.0,-41.0
1776885393.0411026,0.0,5.0,-44.0
1776885393.0511026,-4.0,2.0,-58.0
1776885393.0611026,-6.0,2.0,-61.0
1776885393.0711029,-7.0,1.0,-67.0
1776885393.0811028,-6.0,0.0,-60.0
1776885393.0911028,-9.0,0.0,-52.0
1776885393.1011028,-11.0,-1.0,-51.0
1776885393.1111028,-6.0,0.0,-48.0
1776885393.1211028,-9.0,3.0,-51.0
1776885393.1311028,-6.0,2.0,-56.0
1776885393.1411028,-9.0,0.0,-59.0
1776885393.1511028,-4.0,0.0,-58.0
1776885393.1611028,2.0,1.0,-59.0
1776885393.1711028,4.0,1.0,-58.0
1776885393.1811028,2.0,3.0,-54.0
1776885393.1911027,2.0,5.0,-47.0
1776885393.2011027,5.0,6.0,-50.0
1776885393.2111027,2.0,8.0,-54.0
1776885393.2211027,3.0,8.0,-53.0
1776885393.2311027,2.0,5.0,-55.0
1776885393.2411027,4.0,6.0,-52.0
1776885393.2511027,0.0,6.0,-45.0
1776885393.261103,-1.0,6.0,-36.0
1776885393.271103,0.0,0.0,-35.0
1776885393.281103,-1.0,3.0,-31.0
1776885393.2911026,-5.0,1.0,-32.0
1776885393.3011026,-3.0,-1.0,-36.0
1776885393.3111026,-1.0,-2.0,-35.0
1776885393.3211029,3.0,0.0,-33.0
1776885393.3311028,0.0,-2.0,-30.0
1776885393.3411028,0.0,0.0,-27.0
1776885393.3511028,0.0,2.0,-30.0
1776885393.3611028,0.0,3.0,-35.0
1776885393.3711028,5.0,1.0,-33.0
1776885393.3811028,5.0,0.0,-32.0
1776885393.3911028,6.0,-3.0,-38.0
1776885393.4011028,6.0,-4.0,-38.0
1776885393.4111028,0.0,-2.0,-43.0
1776885393.4211028,-2.0,-3.0,-44.0
1776885393.4311028,0.0,-5.0,-34.0
1776885393.4411027,-2.0,-3.0,-32.0
1776885393.4511027,2.0,-7.0,-37.0
1776885393.4611027,4.0,-6.0,-34.0
1776885393.4711027,2.0,-3.0,-41.0
1776885393.4821026,3.0,-6.0,-40.0
1776885393.4911027,3.0,-7.0,-38.0
1776885393.5021029,3.0,-2.0,-44.0
1776885393.5121028,2.0,-2.0,-45.0
1776885393.5221028,-2.0,1.0,-44.0
1776885393.5321028,-3.0,1.0,-41.0
1776885393.5421028,-1.0,-4.0,-42.0
1776885393.5521028,0.0,-8.0,-35.0
1776885393.5621028,-2.0,-5.0,-39.0
1776885393.5721028,0.0,0.0,-35.0
1776885393.5821028,1.0,0.0,-26.0
1776885393.5921028,-2.0,0.0,-29.0
1776885393.6021028,-2.0,-3.0,-37.0
1776885393.6121027,-4.0,0.0,-41.0
1776885393.6221027,-4.0,1.0,-47.0
1776885393.6321027,-3.0,2.0,-51.0
1776885393.6421027,-3.0,6.0,-49.0
1776885393.6521027,-3.0,2.0,-49.0
1776885393.6621027,0.0,0.0,-56.0
1776885393.6721027,2.0,1.0,-45.0
1776885393.682103,0.0,3.0,-38.0
1776885393.692103,0.0,2.0,-36.0
1776885393.702103,-1.0,2.0,-34.0
1776885393.712103,-2.0,2.0,-33.0
1776885393.7221026,-1.0,0.0,-33.0
1776885393.7321026,-2.0,-4.0,-43.0
1776885393.7421026,-4.0,-6.0,-48.0
1776885393.7521029,2.0,-5.0,-46.0
1776885393.7621028,3.0,-5.0,-53.0
1776885393.7721028,2.0,-7.0,-52.0
1776885393.7821028,0.0,-7.0,-43.0
1776885393.7921028,0.0,-4.0,-39.0
1776885393.8021028,3.0,-7.0,-43.0
1776885393.8121028,4.0,-9.0,-38.0
1776885393.8221028,9.0,-9.0,-36.0
1776885393.8321028,9.0,-6.0,-37.0
1776885393.8421028,0.0,-3.0,-35.0
1776885393.8521028,4.0,-3.0,-33.0
1776885393.8621027,3.0,0.0,-36.0
1776885393.8721027,-2.0,2.0,-39.0
1776885393.8821027,-3.0,2.0,-46.0
1776885393.8921027,-3.0,-1.0,-50.0
1776885393.9021027,0.0,-8.0,-52.0
1776885393.9121027,-1.0,-6.0,-48.0
1776885393.9221027,2.0,-5.0,-43.0
1776885393.932103,1.0,0.0,-41.0
1776885393.942103,0.0,-3.0,-42.0
1776885393.952103,1.0,-8.0,-46.0
1776885393.962103,2.0,-5.0,-45.0
1776885393.9721026,4.0,-8.0,-44.0
1776885393.9821026,1.0,-11.0,-43.0
1776885393.9921026,0.0,-12.0,-44.0
1776885394.0021029,-4.0,-11.0,-43.0
1776885394.0121028,-1.0,-11.0,-41.0
1776885394.0221028,-4.0,-11.0,-45.0
1776885394.0321028,-5.0,-12.0,-47.0
1776885394.0421028,-7.0,-14.0,-46.0
1776885394.0521028,-4.0,-12.0,-44.0
1776885394.0621028,-3.0,-9.0,-49.0
1776885394.0721028,-4.0,-5.0,-53.0
1776885394.0821028,-2.0,-2.0,-48.0
1776885394.0921028,-1.0,-1.0,-46.0
1776885394.1021028,-1.0,-4.0,-48.0
1776885394.1121027,4.0,-3.0,-44.0
1776885394.1221027,0.0,-5.0,-44.0
1776885394.1321027,-3.0,0.0,-48.0
1776885394.1421027,-3.0,0.0,-41.0
1776885394.1521027,-4.0,2.0,-42.0
1776885394.1621027,-4.0,0.0,-37.0
1776885394.1721027,-2.0,2.0,-40.0
1776885394.182103,-4.0,-3.0,-43.0
1776885394.192103,-3.0,-3.0,-47.0
1776885394.202103,0.0,0.0,-49.0
1776885394.212103,2.0,2.0,-41.0
1776885394.2221026,-1.0,0.0,-39.0
1776885394.2321026,0.0,-2.0,-34.0
1776885394.2421026,0.0,-1.0,-29.0
1776885394.2521029,0.0,-2.0,-27.0
1776885394.2621028,1.0,-1.0,-35.0
1776885394.2721028,2.0,-2.0,-29.0
1776885394.2821028,1.0,-2.0,-33.0
1776885394.2921028,3.0,0.0,-36.0
1776885394.3021028,-1.0,-4.0,-39.0
1776885394.3121028,-4.0,-2.0,-40.0
1776885394.3221028,-5.0,-2.0,-42.0
1776885394.3321028,-4.0,-1.0,-41.0
1776885394.3421028,-3.0,-2.0,-36.0
1776885394.3521028,0.0,-4.0,-40.0
1776885394.3621027,-3.0,-4.0,-49.0
1776885394.3721027,-3.0,-5.0,-44.0
1776885394.3821027,0.0,-4.0,-41.0
1776885394.3921027,0.0,-4.0,-41.0
1776885394.4021027,-1.0,-7.0,-52.0
1776885394.4121027,1.0,-5.0,-52.0
1776885394.4221027,1.0,-4.0,-49.0
1776885394.432103,0.0,-2.0,-55.0
1776885394.442103,-2.0,-1.0,-54.0
1776885394.452103,-2.0,-4.0,-51.0
1776885394.462103,0.0,-4.0,-39.0
1776885394.4721026,1.0,-3.0,-34.0
1776885394.4821026,0.0,-6.0,-32.0
1776885394.4921026,0.0,-5.0,-31.0
1776885394.5021029,-4.0,-5.0,-35.0
1776885394.5121028,-7.0,-4.0,-43.0
1776885394.5221028,-9.0,-5.0,-37.0
1776885394.5321028,-1.0,0.0,-38.0
1776885394.5421028,-2.0,1.0,-38.0
1776885394.5521028,0.0,3.0,-42.0
1776885394.5621028,0.0,0.0,-35.0
1776885394.5721028,1.0,0.0,-38.0
1776885394.5821028,4.0,1.0,-42.0
1776885394.5921028,6.0,1.0,-43.0
1776885394.6021028,4.0,0.0,-42.0
1776885394.6121027,0.0,-2.0,-42.0
1776885394.6221027,1.0,-1.0,-40.0
1776885394.6321027,0.0,-3.0,-40.0
1776885394.6421027,4.0,0.0,-39.0
1776885394.6521027,3.0,0.0,-36.0
1776885394.6621027,-1.0,2.0,-39.0
1776885394.6721027,-5.0,5.0,-40.0
1776885394.682103,-5.0,5.0,-41.0
1776885394.692103,-3.0,4.0,-42.0
1776885394.702103,-1.0,0.0,-38.0
1776885394.712103,3.0,-2.0,-35.0
1776885394.7221026,0.0,-7.0,-36.0
1776885394.7321026,-2.0,-1.0,-46.0
1776885394.7421026,-3.0,-1.0,-45.0
1776885394.7521029,-3.0,-3.0,-47.0
1776885394.7621028,-7.0,-4.0,-43.0
1776885394.7721028,-8.0,-3.0,-40.0
1776885394.7821028,-9.0,-3.0,-43.0
1776885394.7921028,-3.0,-3.0,-42.0
1776885394.8021028,1.0,-2.0,-35.0
1776885394.8121028,5.0,0.0,-39.0
1776885394.8221028,7.0,0.0,-50.0
1776885394.8321028,0.0,0.0,-53.0
1776885394.8421028,-1.0,0.0,-45.0
1776885394.8521028,1.0,3.0,-39.0
1776885394.8621027,1.0,0.0,-43.0
1776885394.8721027,4.0,-1.0,-41.0
1776885394.8821027,4.0,-5.0,-42.0
1776885394.8921027,5.0,-8.0,-39.0
1776885394.9021027,11.0,-10.0,-42.0
1776885394.9121027,15.0,-10.0,-42.0
1776885394.9221027,13.0,-11.0,-40.0
1776885394.932103,11.0,-8.0,-39.0
1776885394.942103,14.0,-9.0,-45.0
1776885394.952103,13.0,-6.0,-45.0
1776885394.962103,13.0,-2.0,-41.0
1776885394.9721026,14.0,-2.0,-40.0
1776885394.9821026,16.0,-3.0,-47.0
1776885394.9921026,10.0,-3.0,-47.0
1776885395.0021029,13.0,0.0,-47.0
1776885395.0121028,14.0,-2.0,-45.0
1776885395.0221028,13.0,0.0,-47.0
1776885395.0321028,13.0,0.0,-55.0
1776885395.0421028,8.0,0.0,-58.0
1776885395.0521028,3.0,-3.0,-49.0
1776885395.0621028,2.0,-4.0,-48.0
1776885395.0721028,2.0,-1.0,-52.0
1776885395.0821028,1.0,-1.0,-51.0
1776885395.0921028,2.0,-2.0,-53.0
1776885395.1021028,2.0,2.0,-51.0
1776885395.1121027,1.0,0.0,-49.0
1776885395.1221027,1.0,0.0,-43.0
1776885395.1321027,1.0,0.0,-40.0
1776885395.1421027,-1.0,0.0,-36.0
1776885395.1521027,-6.0,-1.0,-36.0
1776885395.1621027,-3.0,-6.0,-37.0
1776885395.1721027,-4.0,-3.0,-42.0
1776885395.182103,-1.0,-3.0,-41.0
1776885395.192103,0.0,0.0,-35.0
1776885395.202103,1.0,-2.0,-37.0
1776885395.212103,4.0,0.0,-38.0
1776885395.2221026,1.0,3.0,-37.0
1776885395.2321026,0.0,1.0,-43.0
1776885395.2421026,-1.0,0.0,-40.0
1776885395.2521029,-2.0,-4.0,-38.0
1776885395.2621028,-2.0,0.0,-42.0
1776885395.2721028,-6.0,1.0,-42.0
1776885395.2821028,-7.0,1.0,-42.0
1776885395.2921028,-7.0,4.0,-49.0
1776885395.3021028,-9.0,4.0,-52.0
1776885395.3121028,-6.0,10.0,-51.0
1776885395.3221028,-2.0,11.0,-46.0
1776885395.3321028,-2.0,8.0,-42.0
1776885395.3421028,0.0,6.0,-42.0
1776885395.3521028,1.0,4.0,-41.0
1776885395.3621027,2.0,2.0,-40.0
1776885395.3721027,3.0,4.0,-43.0
1776885395.3821027,-1.0,6.0,-45.0
1776885395.3921027,1.0,7.0,-45.0
1776885395.4021027,1.0,5.0,-40.0
1776885395.4121027,2.0,2.0,-45.0
1776885395.4221027,-2.0,0.0,-49.0
1776885395.4331028,-3.0,-1.0,-44.0
1776885395.442103,-6.0,-2.0,-35.0
1776885395.452103,-3.0,-1.0,-33.0
1776885395.462103,-3.0,0.0,-31.0
1776885395.4731028,-1.0,-3.0,-32.0
1776885395.4831028,2.0,-2.0,-29.0
1776885395.4931028,0.0,-1.0,-34.0
1776885395.5031028,0.0,-2.0,-33.0
1776885395.5131028,1.0,-2.0,-40.0
1776885395.5231028,-2.0,-3.0,-41.0
1776885395.5331028,-1.0,-3.0,-46.0
1776885395.5431027,3.0,-4.0,-43.0
1776885395.5531027,1.0,-6.0,-40.0
1776885395.5631027,2.0,-6.0,-40.0
1776885395.5731027,0.0,-7.0,-42.0
1776885395.5831027,2.0,-5.0,-43.0
1776885395.5931027,4.0,-3.0,-44.0
1776885395.6031027,6.0,-1.0,-45.0
1776885395.613103,9.0,2.0,-49.0
1776885395.623103,7.0,0.0,-49.0
1776885395.633103,4.0,0.0,-48.0
1776885395.6431026,5.0,3.0,-45.0
1776885395.6531026,5.0,0.0,-45.0
1776885395.6631026,4.0,1.0,-47.0
1776885395.6731029,4.0,2.0,-48.0
1776885395.6831028,4.0,1.0,-50.0
1776885395.6931028,2.0,3.0,-50.0
1776885395.7031028,4.0,5.0,-51.0
1776885395.7131028,1.0,1.0,-53.0
1776885395.7231028,0.0,0.0,-51.0
1776885395.7331028,0.0,-1.0,-55.0
1776885395.7431028,0.0,-3.0,-54.0
1776885395.7531028,-1.0,-3.0,-54.0
1776885395.7631028,-1.0,-1.0,-59.0
1776885395.7731028,0.0,0.0,-59.0
1776885395.7831028,2.0,-1.0,-57.0
1776885395.7931027,1.0,-1.0,-55.0
1776885395.8031027,1.0,-1.0,-49.0
1776885395.8131027,4.0,-2.0,-56.0
1776885395.8231027,3.0,-4.0,-58.0
1776885395.8331027,0.0,-5.0,-55.0
1776885395.8431027,-3.0,-2.0,-50.0
1776885395.8531027,0.0,-5.0,-46.0
1776885395.863103,0.0,-5.0,-45.0
1776885395.873103,0.0,-4.0,-37.0
1776885395.883103,0.0,0.0,-37.0
1776885395.8931026,0.0,-4.0,-45.0
1776885395.9031026,1.0,0.0,-46.0
1776885395.9131026,1.0,-1.0,-44.0
1776885395.9231029,1.0,-1.0,-41.0
1776885395.9331028,0.0,-3.0,-44.0
1776885395.9431028,1.0,-3.0,-43.0
1776885395.9531028,2.0,-6.0,-47.0
1776885395.9631028,-2.0,-2.0,-50.0
1776885395.9731028,1.0,-1.0,-50.0
1776885395.9831028,3.0,-5.0,-50.0
1776885395.9931028,3.0,-8.0,-44.0
1776885396.0031028,7.0,-12.0,-40.0
1776885396.0131028,6.0,-10.0,-42.0
1776885396.0231028,9.0,-5.0,-37.0
1776885396.0331028,4.0,-3.0,-37.0
1776885396.0431027,2.0,-2.0,-43.0
1776885396.054103,3.0,-4.0,-41.0
1776885396.0631027,3.0,1.0,-41.0
1776885396.0731027,3.0,0.0,-40.0
1776885396.0831027,4.0,-1.0,-40.0
1776885396.0931027,5.0,-5.0,-42.0
1776885396.1031027,1.0,-4.0,-38.0
1776885396.113103,2.0,-3.0,-33.0
1776885396.123103,2.0,-5.0,-34.0
1776885396.133103,5.0,-5.0,-43.0
1776885396.1431026,2.0,-4.0,-42.0
1776885396.1531026,-3.0,0.0,-36.0
1776885396.1631026,-1.0,-4.0,-33.0
1776885396.1731029,-2.0,-1.0,-33.0
1776885396.1831028,-3.0,-1.0,-32.0
1776885396.1931028,0.0,-1.0,-30.0
1776885396.2031028,6.0,0.0,-36.0
1776885396.2131028,9.0,1.0,-35.0
1776885396.2231028,5.0,1.0,-40.0
1776885396.2331028,4.0,0.0,-44.0
1776885396.2431028,6.0,-4.0,-48.0
1776885396.2531028,9.0,-2.0,-43.0
1776885396.2631028,4.0,-3.0,-45.0
1776885396.2731028,1.0,-6.0,-46.0
1776885396.2831028,4.0,-2.0,-38.0
1776885396.2931027,0.0,-4.0,-42.0
1776885396.3031027,-3.0,-8.0,-49.0
1776885396.3131027,-2.0,-8.0,-48.0
1776885396.3231027,-1.0,-7.0,-52.0
1776885396.3331027,-4.0,-5.0,-54.0
1776885396.3431027,-3.0,-4.0,-53.0
1776885396.3531027,-6.0,-2.0,-60.0
1776885396.363103,-2.0,0.0,-57.0
1776885396.373103,-3.0,-2.0,-50.0
1776885396.383103,-5.0,-2.0,-54.0
1776885396.3931026,-5.0,0.0,-51.0
1776885396.4031026,-1.0,-1.0,-46.0
1776885396.4131026,-1.0,-5.0,-42.0
1776885396.4231029,0.0,-6.0,-41.0
1776885396.4331028,0.0,-6.0,-47.0
1776885396.4431028,0.0,-6.0,-47.0
1776885396.4531028,3.0,-9.0,-41.0
1776885396.4631028,1.0,-7.0,-38.0
1776885396.4731028,0.0,-10.0,-39.0
1776885396.4831028,-6.0,-12.0,-43.0
1776885396.4931028,-2.0,-10.0,-43.0
1776885396.5031028,-2.0,-9.0,-48.0
1776885396.5131028,-5.0,-4.0,-51.0
1776885396.5231028,-8.0,0.0,-49.0
1776885396.5331028,-6.0,1.0,-49.0
1776885396.5431027,-8.0,3.0,-52.0
1776885396.5531027,-7.0,0.0,-52.0
1776885396.5631027,-7.0,1.0,-45.0
1776885396.5731027,-7.0,-1.0,-48.0
1776885396.5831027,-6.0,0.0,-49.0
1776885396.5931027,-8.0,1.0,-45.0
1776885396.6031027,-7.0,5.0,-40.0
1776885396.613103,-1.0,3.0,-35.0
1776885396.623103,2.0,-1.0,-38.0
1776885396.633103,5.0,0.0,-39.0
1776885396.6431026,5.0,0.0,-40.0
1776885396.6531026,1.0,-4.0,-41.0
1776885396.6631026,3.0,-2.0,-37.0
1776885396.6731029,2.0,-1.0,-41.0
1776885396.6831028,7.0,-3.0,-42.0
1776885396.6931028,9.0,-4.0,-42.0
1776885396.7031028,12.0,-2.0,-46.0
1776885396.7131028,11.0,-2.0,-48.0
1776885396.7231028,9.0,0.0,-44.0
1776885396.7331028,4.0,1.0,-42.0
1776885396.7431028,2.0,0.0,-44.0
1776885396.7531028,2.0,-2.0,-50.0
1776885396.7631028,0.0,-2.0,-49.0
1776885396.7731028,0.0,0.0,-46.0
1776885396.7831028,1.0,5.0,-43.0
1776885396.7931027,3.0,4.0,-46.0
1776885396.8031027,0.0,2.0,-43.0
1776885396.8131027,0.0,0.0,-41.0
1776885396.8231027,0.0,1.0,-48.0
1776885396.8331027,0.0,2.0,-45.0
1776885396.8431027,0.0,4.0,-45.0
1776885396.8531027,1.0,3.0,-33.0
1776885396.863103,0.0,1.0,-36.0
1776885396.873103,1.0,-2.0,-31.0
1776885396.883103,-2.0,-3.0,-37.0
1776885396.8931026,-3.0,0.0,-40.0
1776885396.9031026,-5.0,0.0,-44.0
1776885396.9131026,-10.0,0.0,-50.0
1776885396.9231029,-7.0,0.0,-50.0
1776885396.9331028,1.0,2.0,-48.0
1776885396.9431028,0.0,2.0,-47.0
1776885396.9531028,-2.0,0.0,-43.0
1776885396.9631028,-1.0,-2.0,-39.0
1776885396.9731028,-3.0,-6.0,-40.0
1776885396.9831028,-2.0,-1.0,-42.0
1776885396.9931028,1.0,0.0,-44.0
1776885397.0031028,0.0,1.0,-36.0
1776885397.0131028,0.0,-3.0,-37.0
1776885397.0231028,1.0,-2.0,-38.0
1776885397.0331028,0.0,0.0,-39.0
1776885397.0431027,1.0,-4.0,-35.0
1776885397.0531027,0.0,-1.0,-39.0
1776885397.0631027,-1.0,1.0,-40.0
1776885397.0731027,-2.0,0.0,-39.0
1776885397.0831027,0.0,-1.0,-38.0
1776885397.0931027,-2.0,-1.0,-41.0
1776885397.1031027,0.0,4.0,-39.0
1776885397.113103,1.0,2.0,-39.0
1776885397.123103,3.0,0.0,-38.0
1776885397.133103,6.0,-2.0,-33.0
1776885397.1431026,4.0,-5.0,-29.0
1776885397.1531026,3.0,-6.0,-34.0
1776885397.1631026,6.0,-4.0,-34.0
1776885397.1731029,4.0,-5.0,-38.0
1776885397.1831028,2.0,-6.0,-38.0
1776885397.1931028,1.0,-2.0,-46.0
1776885397.2031028,1.0,-3.0,-48.0
1776885397.2131028,0.0,-1.0,-43.0
1776885397.2231028,0.0,-3.0,-43.0
1776885397.2331028,5.0,-3.0,-42.0
1776885397.2431028,6.0,-4.0,-44.0
1776885397.2531028,7.0,-1.0,-43.0
1776885397.2631028,5.0,-2.0,-42.0
1776885397.2731028,4.0,-5.0,-45.0
1776885397.2831028,3.0,-6.0,-46.0
1776885397.2931027,2.0,-7.0,-45.0
1776885397.3031027,5.0,-6.0,-45.0
1776885397.3131027,3.0,-4.0,-47.0
1776885397.3231027,0.0,-3.0,-49.0
1776885397.3331027,0.0,-5.0,-54.0
1776885397.3431027,1.0,2.0,-49.0
1776885397.3531027,0.0,4.0,-49.0
1776885397.363103,0.0,4.0,-51.0
1776885397.373103,0.0,2.0,-54.0
1776885397.383103,0.0,0.0,-55.0
1776885397.3931026,1.0,-2.0,-49.0
1776885397.4031026,-1.0,0.0,-40.0
1776885397.4131026,-1.0,0.0,-39.0
1776885397.4231029,-1.0,-2.0,-39.0
1776885397.4341028,-5.0,0.0,-42.0
1776885397.4441028,-5.0,0.0,-46.0
1776885397.4541028,0.0,0.0,-43.0
1776885397.4641027,-1.0,-1.0,-43.0
1776885397.4741027,0.0,0.0,-40.0
1776885397.4841027,1.0,-1.0,-38.0
1776885397.4941027,-2.0,1.0,-45.0
1776885397.5041027,0.0,0.0,-51.0
1776885397.5141027,2.0,0.0,-51.0
1776885397.5241027,0.0,1.0,-49.0
1776885397.534103,-1.0,0.0,-44.0
1776885397.544103,-1.0,1.0,-37.0
1776885397.554103,-5.0,-4.0,-33.0
1776885397.5641026,-4.0,-6.0,-39.0
1776885397.5741026,0.0,-5.0,-45.0
1776885397.5841026,0.0,-3.0,-49.0
1776885397.5941026,1.0,-4.0,-46.0
1776885397.6041028,1.0,-6.0,-39.0
1776885397.6141028,0.0,-7.0,-41.0
1776885397.6241028,0.0,-5.0,-37.0
1776885397.6341028,2.0,-9.0,-36.0
1776885397.6441028,1.0,-5.0,-34.0
1776885397.6541028,-1.0,-1.0,-30.0
1776885397.6641028,-1.0,2.0,-32.0
1776885397.6741028,-3.0,-2.0,-28.0
1776885397.6841028,-2.0,-1.0,-30.0
1776885397.6941028,-3.0,-2.0,-38.0
1776885397.7041028,-2.0,-2.0,-37.0
1776885397.7141027,0.0,-2.0,-31.0
1776885397.7241027,-2.0,-6.0,-29.0
1776885397.7341027,-2.0,-9.0,-36.0
1776885397.7441027,-1.0,-4.0,-45.0
1776885397.7541027,-1.0,-4.0,-48.0
1776885397.7641027,0.0,-7.0,-46.0
1776885397.7741027,-1.0,-7.0,-49.0
1776885397.784103,2.0,-6.0,-51.0
1776885397.794103,2.0,0.0,-49.0
1776885397.804103,2.0,0.0,-45.0
1776885397.8141026,3.0,0.0,-40.0
1776885397.8241026,-1.0,-3.0,-43.0
1776885397.8341026,-2.0,-7.0,-42.0
1776885397.8441026,0.0,-4.0,-46.0
1776885397.8541028,4.0,1.0,-43.0
1776885397.8641028,0.0,-1.0,-40.0
1776885397.8741028,0.0,-4.0,-37.0
1776885397.8841028,-6.0,-11.0,-41.0
1776885397.8941028,-9.0,-6.0,-38.0
1776885397.9041028,-8.0,-5.0,-33.0
1776885397.9141028,-10.0,-3.0,-34.0
1776885397.9241028,-5.0,-6.0,-33.0
1776885397.9341028,-3.0,-5.0,-33.0
1776885397.9441028,-2.0,0.0,-38.0
1776885397.9541028,-10.0,0.0,-39.0
1776885397.9641027,-4.0,-2.0,-39.0
1776885397.9741027,-1.0,-4.0,-40.0
1776885397.9841027,-1.0,-2.0,-37.0
1776885397.9941027,0.0,-5.0,-40.0
1776885398.0041027,0.0,-8.0,-36.0
1776885398.0141027,2.0,-10.0,-39.0
1776885398.0241027,2.0,-11.0,-39.0
1776885398.034103,0.0,-11.0,-45.0
1776885398.044103,-1.0,-8.0,-44.0
1776885398.054103,2.0,-7.0,-52.0
1776885398.0641026,0.0,-9.0,-55.0
1776885398.0741026,0.0,-7.0,-55.0
1776885398.0841026,0.0,-2.0,-49.0
1776885398.0941026,1.0,-6.0,-48.0
1776885398.1041028,6.0,-8.0,-47.0
1776885398.1141028,3.0,-8.0,-50.0
1776885398.1241028,0.0,-4.0,-50.0
1776885398.1341028,3.0,-3.0,-47.0
1776885398.1441028,4.0,0.0,-47.0
1776885398.1541028,8.0,1.0,-37.0
1776885398.1641028,9.0,-1.0,-38.0
1776885398.1741028,10.0,-5.0,-39.0
1776885398.1841028,5.0,-5.0,-39.0
1776885398.1941028,4.0,-4.0,-41.0
1776885398.2041028,5.0,-3.0,-40.0
1776885398.2141027,4.0,-2.0,-34.0
1776885398.2241027,4.0,-4.0,-36.0
1776885398.2341027,4.0,-5.0,-45.0
1776885398.2441027,0.0,-3.0,-50.0
1776885398.2541027,-2.0,-4.0,-49.0
1776885398.2641027,-2.0,-6.0,-46.0
1776885398.2741027,-7.0,-4.0,-46.0
1776885398.284103,-6.0,-4.0,-46.0
1776885398.294103,-4.0,0.0,-53.0
1776885398.304103,-10.0,0.0,-51.0
1776885398.3141026,-8.0,0.0,-51.0
1776885398.3241026,-8.0,-6.0,-53.0
1776885398.3341026,-6.0,-8.0,-53.0
1776885398.3441026,-2.0,-10.0,-59.0
1776885398.3541028,-4.0,-8.0,-46.0
1776885398.3641028,-5.0,-9.0,-46.0
1776885398.3741028,-2.0,-6.0,-45.0
1776885398.3841028,1.0,-7.0,-38.0
1776885398.3941028,0.0,-6.0,-42.0
1776885398.4041028,2.0,-8.0,-45.0
1776885398.4141028,5.0,-9.0,-50.0
1776885398.4241028,1.0,-12.0,-44.0
1776885398.4341028,0.0,-11.0,-45.0
1776885398.4441028,-1.0,-6.0,-43.0
1776885398.4541028,-3.0,-9.0,-42.0
1776885398.4641027,-2.0,-8.0,-43.0
1776885398.4741027,2.0,-3.0,-45.0
1776885398.4841027,4.0,-6.0,-46.0
1776885398.4941027,2.0,-9.0,-53.0
1776885398.5041027,2.0,-5.0,-50.0
1776885398.5141027,-5.0,-6.0,-37.0
1776885398.5241027,-8.0,-6.0,-36.0
1776885398.534103,-7.0,-2.0,-39.0
1776885398.544103,-5.0,0.0,-43.0
1776885398.554103,-6.0,0.0,-41.0
1776885398.5641026,-2.0,0.0,-42.0
1776885398.5741026,-3.0,-6.0,-42.0
1776885398.5841026,-4.0,-7.0,-39.0
1776885398.5941026,-2.0,-3.0,-48.0
1776885398.6041028,-4.0,-3.0,-54.0
1776885398.6141028,-1.0,-2.0,-56.0
1776885398.6241028,0.0,-1.0,-54.0
1776885398.6341028,0.0,1.0,-55.0
1776885398.6441028,0.0,0.0,-47.0
1776885398.6541028,-1.0,-1.0,-52.0
1776885398.6641028,-2.0,-3.0,-53.0
1776885398.6741028,-4.0,-3.0,-55.0
1776885398.6841028,-1.0,-4.0,-50.0
1776885398.6941028,0.0,-6.0,-53.0
1776885398.7041028,-1.0,-10.0,-49.0
1776885398.7141027,-2.0,-8.0,-50.0
1776885398.7241027,0.0,-5.0,-54.0
1776885398.7341027,2.0,-4.0,-50.0
1776885398.7441027,3.0,-2.0,-48.0
1776885398.7541027,0.0,-3.0,-44.0
1776885398.7641027,-1.0,-4.0,-45.0
1776885398.7741027,-2.0,-4.0,-46.0
1776885398.784103,1.0,0.0,-49.0
1776885398.794103,2.0,-3.0,-52.0
1776885398.804103,2.0,-4.0,-41.0
1776885398.8141026,0.0,-4.0,-42.0
1776885398.8241026,-2.0,0.0,-40.0
1776885398.8341026,-8.0,-2.0,-45.0
1776885398.8441026,-7.0,-1.0,-43.0
1776885398.8541028,-7.0,1.0,-45.0
1776885398.8641028,-3.0,0.0,-43.0
1776885398.8741028,-3.0,3.0,-43.0
1776885398.8841028,-2.0,2.0,-41.0
1776885398.8941028,-3.0,0.0,-50.0
1776885398.9041028,-6.0,0.0,-53.0
1776885398.9141028,-3.0,-2.0,-49.0
1776885398.9241028,-3.0,-4.0,-47.0
1776885398.9341028,-2.0,-4.0,-50.0
1776885398.9441028,0.0,-1.0,-48.0
1776885398.9541028,3.0,0.0,-41.0
1776885398.9641027,6.0,2.0,-43.0
1776885398.9741027,8.0,0.0,-39.0
1776885398.9841027,5.0,-3.0,-37.0
1776885398.9941027,8.0,0.0,-42.0
1776885399.0041027,9.0,2.0,-47.0
1776885399.0141027,6.0,4.0,-41.0
1776885399.0241027,8.0,3.0,-38.0
1776885399.034103,7.0,4.0,-34.0
1776885399.044103,6.0,1.0,-33.0
1776885399.054103,1.0,0.0,-39.0
1776885399.0641026,6.0,-2.0,-38.0
1776885399.0741026,6.0,-2.0,-39.0
1776885399.0841026,4.0,-7.0,-46.0
1776885399.0941026,5.0,-4.0,-44.0
1776885399.1041028,2.0,-3.0,-50.0
1776885399.1141028,-1.0,-4.0,-47.0
1776885399.1241028,-5.0,-6.0,-52.0
1776885399.1341028,-5.0,-2.0,-52.0
1776885399.1441028,-6.0,0.0,-51.0
1776885399.1541028,-5.0,3.0,-46.0
1776885399.1641028,-6.0,-5.0,-49.0
1776885399.1741028,-7.0,-5.0,-49.0
1776885399.1841028,-4.0,-4.0,-46.0
1776885399.1941028,-6.0,-6.0,-42.0
1776885399.2041028,-5.0,-5.0,-44.0
1776885399.2141027,-4.0,-2.0,-45.0
1776885399.2241027,-4.0,-4.0,-45.0
1776885399.2341027,-5.0,-5.0,-40.0
1776885399.2441027,0.0,-1.0,-37.0
1776885399.2541027,-6.0,1.0,-39.0
1776885399.2641027,-10.0,2.0,-41.0
1776885399.2741027,-12.0,0.0,-43.0
1776885399.284103,-9.0,-2.0,-42.0
1776885399.294103,-2.0,-3.0,-51.0
1776885399.304103,-1.0,-4.0,-53.0
1776885399.3141026,1.0,-4.0,-48.0
1776885399.3241026,0.0,-7.0,-49.0
1776885399.3341026,-1.0,-6.0,-54.0
1776885399.3441026,0.0,-5.0,-45.0
1776885399.3541028,-3.0,-1.0,-48.0
1776885399.3641028,-5.0,-1.0,-45.0
1776885399.3741028,-6.0,-1.0,-38.0
1776885399.3841028,-7.0,-6.0,-37.0
1776885399.3941028,-4.0,-5.0,-38.0
1776885399.4041028,-4.0,-1.0,-42.0
1776885399.4141028,1.0,-2.0,-46.0
1776885399.4251027,1.0,-2.0,-45.0
1776885399.4351027,3.0,0.0,-46.0
1776885399.4451027,2.0,0.0,-44.0
1776885399.4551027,1.0,-2.0,-41.0
1776885399.465103,3.0,-3.0,-44.0
1776885399.475103,0.0,0.0,-50.0
1776885399.485103,0.0,0.0,-48.0
1776885399.4951026,-2.0,0.0,-51.0
1776885399.5051026,2.0,-2.0,-49.0
1776885399.5151026,4.0,2.0,-47.0
1776885399.5251029,5.0,0.0,-44.0
1776885399.5351028,1.0,-1.0,-39.0
1776885399.5451028,2.0,-4.0,-36.0
1776885399.5551028,-2.0,0.0,-31.0
1776885399.5651028,-8.0,-3.0,-41.0
1776885399.5751028,-6.0,-4.0,-38.0
1776885399.5851028,-4.0,-3.0,-43.0
1776885399.5951028,-5.0,-3.0,-44.0
1776885399.6051028,-3.0,-4.0,-42.0
1776885399.6151028,0.0,-4.0,-48.0
1776885399.6251028,0.0,-5.0,-46.0
1776885399.6351027,-1.0,-9.0,-45.0
1776885399.6451027,0.0,-8.0,-42.0
1776885399.6551027,1.0,-7.0,-40.0
1776885399.6651027,2.0,-7.0,-45.0
1776885399.6751027,2.0,-4.0,-50.0
1776885399.6851027,-2.0,-4.0,-46.0
1776885399.6951027,0.0,-3.0,-44.0
1776885399.7051027,-4.0,-6.0,-36.0
1776885399.715103,-1.0,-4.0,-33.0
1776885399.725103,-3.0,-3.0,-36.0
1776885399.735103,0.0,-1.0,-38.0
1776885399.7451026,-2.0,-1.0,-45.0
1776885399.7551026,-3.0,-6.0,-47.0
1776885399.7651026,-4.0,-6.0,-46.0
1776885399.7751029,-3.0,-3.0,-51.0
1776885399.7851028,0.0,-6.0,-56.0
1776885399.7951028,5.0,-6.0,-52.0
1776885399.8051028,7.0,-3.0,-48.0
1776885399.8151028,3.0,-2.0,-47.0
1776885399.8251028,5.0,0.0,-50.0
1776885399.8351028,7.0,3.0,-46.0
1776885399.8451028,5.0,4.0,-42.0
1776885399.8551028,7.0,1.0,-37.0
1776885399.8651028,7.0,2.0,-36.0
1776885399.8751028,7.0,0.0,-37.0
1776885399.8851027,5.0,0.0,-39.0
1776885399.8951027,6.0,0.0,-40.0
1776885399.9051027,5.0,1.0,-36.0
1776885399.9151027,9.0,1.0,-42.0
1776885399.9251027,4.0,2.0,-44.0
1776885399.9351027,1.0,1.0,-44.0
1776885399.9451027,-3.0,0.0,-45.0
1776885399.9551027,-4.0,-1.0,-47.0
1776885399.965103,-1.0,0.0,-51.0
1776885399.975103,-4.0,-1.0,-49.0
1776885399.985103,-1.0,-3.0,-51.0
1776885399.9951026,0.0,-3.0,-52.0
1776885400.0051026,1.0,-3.0,-49.0
1776885400.0151026,0.0,-3.0,-48.0
1776885400.0251029,-3.0,-3.0,-48.0
1776885400.0351028,-5.0,-4.0,-48.0
1776885400.0451028,-5.0,0.0,-51.0
1776885400.0551028,-5.0,-3.0,-53.0
1776885400.0651028,-2.0,-4.0,-51.0
1776885400.0751028,-2.0,-1.0,-53.0
1776885400.0851028,0.0,-3.0,-58.0
1776885400.0951028,-2.0,-2.0,-60.0
1776885400.1051028,-6.0,-2.0,-57.0
1776885400.1151028,-10.0,-4.0,-47.0
1776885400.1251028,-14.0,-1.0,-37.0
1776885400.1351027,-11.0,-1.0,-38.0
1776885400.1451027,-11.0,-3.0,-39.0
1776885400.1551027,-6.0,-7.0,-39.0
1776885400.1651027,-4.0,-4.0,-42.0
1776885400.1751027,0.0,-3.0,-40.0
1776885400.1851027,3.0,-6.0,-39.0
1776885400.1951027,0.0,-5.0,-33.0
1776885400.2051027,0.0,-4.0,-35.0
1776885400.215103,0.0,-8.0,-41.0
1776885400.225103,3.0,-4.0,-47.0
1776885400.235103,4.0,-7.0,-53.0
1776885400.2451026,7.0,-4.0,-51.0
1776885400.2551026,6.0,2.0,-51.0
1776885400.2651026,9.0,-2.0,-54.0
1776885400.2751029,5.0,-4.0,-62.0
1776885400.2851028,1.0,-6.0,-58.0
1776885400.2951028,0.0,-8.0,-51.0
1776885400.3051028,-2.0,-5.0,-46.0
1776885400.3151028,-4.0,-5.0,-45.0
1776885400.3251028,-3.0,0.0,-46.0
1776885400.3351028,-7.0,0.0,-45.0
1776885400.3451028,-4.0,-1.0,-38.0
1776885400.3551028,-5.0,0.0,-44.0
1776885400.3651028,-3.0,1.0,-47.0
1776885400.3751028,-4.0,1.0,-44.0
1776885400.3851027,-6.0,1.0,-43.0
1776885400.3951027,-8.0,4.0,-43.0
1776885400.4051027,-3.0,1.0,-43.0
1776885400.4151027,-2.0,0.0,-45.0
1776885400.4251027,-1.0,0.0,-49.0
1776885400.4351027,-4.0,-1.0,-44.0
1776885400.4451027,-2.0,-2.0,-44.0
1776885400.4551027,-2.0,-1.0,-46.0
1776885400.465103,-6.0,-3.0,-47.0
1776885400.475103,-2.0,0.0,-45.0
1776885400.485103,-3.0,-1.0,-46.0
1776885400.4951026,-1.0,-5.0,-41.0
1776885400.5051026,3.0,-5.0,-47.0
1776885400.5151026,5.0,-8.0,-44.0
1776885400.5251029,5.0,-7.0,-40.0
1776885400.5351028,8.0,-5.0,-38.0
1776885400.5451028,1.0,-4.0,-40.0
1776885400.5551028,-3.0,-4.0,-36.0
1776885400.5651028,-8.0,-7.0,-31.0
1776885400.5751028,-7.0,-6.0,-38.0
1776885400.5851028,-4.0,0.0,-48.0
1776885400.5951028,-1.0,0.0,-49.0
1776885400.6051028,2.0,2.0,-49.0
1776885400.6151028,5.0,0.0,-46.0
1776885400.6251028,11.0,0.0,-41.0
1776885400.6351027,6.0,0.0,-40.0
1776885400.6451027,7.0,0.0,-39.0
1776885400.6551027,8.0,2.0,-34.0
1776885400.6651027,5.0,4.0,-37.0
1776885400.6751027,2.0,3.0,-39.0
1776885400.6851027,-6.0,2.0,-39.0
1776885400.6951027,-2.0,2.0,-44.0
1776885400.7051027,0.0,3.0,-48.0
1776885400.715103,2.0,1.0,-42.0
1776885400.725103,3.0,-2.0,-47.0
1776885400.735103,-1.0,-1.0,-43.0
1776885400.7451026,0.0,3.0,-47.0
1776885400.7551026,4.0,4.0,-44.0
1776885400.7651026,4.0,4.0,-42.0
1776885400.7751029,1.0,5.0,-36.0
1776885400.7851028,0.0,5.0,-32.0
1776885400.7951028,6.0,4.0,-39.0
1776885400.8051028,5.0,0.0,-38.0
1776885400.8151028,2.0,0.0,-34.0
1776885400.8251028,4.0,2.0,-34.0
1776885400.8351028,0.0,4.0,-36.0
1776885400.8451028,2.0,2.0,-44.0
1776885400.8551028,-1.0,1.0,-47.0
1776885400.8651028,-3.0,-4.0,-47.0
1776885400.8751028,-5.0,-6.0,-46.0
1776885400.8851027,-4.0,-2.0,-47.0
1776885400.8951027,-4.0,-6.0,-46.0
1776885400.9051027,-1.0,-4.0,-48.0
1776885400.9151027,-2.0,-2.0,-37.0
1776885400.9251027,-5.0,-6.0,-39.0
1776885400.9351027,-6.0,-5.0,-43.0
1776885400.9451027,-4.0,-3.0,-37.0
1776885400.9551027,-6.0,-1.0,-38.0
1776885400.965103,-5.0,-6.0,-38.0
1776885400.975103,0.0,-3.0,-43.0
1776885400.985103,0.0,-4.0,-41.0
1776885400.9951026,0.0,-5.0,-41.0
1776885401.0051026,-1.0,-7.0,-47.0
1776885401.0151026,-3.0,-8.0,-48.0
1776885401.0251029,-3.0,-4.0,-50.0
1776885401.0351028,-4.0,-3.0,-45.0
1776885401.0451028,-1.0,-1.0,-44.0
1776885401.0551028,2.0,-1.0,-49.0
1776885401.0651028,6.0,-2.0,-46.0
1776885401.0751028,8.0,-4.0,-43.0
1776885401.0851028,6.0,-2.0,-45.0
1776885401.0951028,-1.0,-4.0,-40.0
1776885401.1051028,-1.0,-4.0,-43.0
1776885401.1151028,3.0,-4.0,-42.0
1776885401.1251028,4.0,-5.0,-39.0
1776885401.1351027,0.0,-2.0,-41.0
1776885401.1451027,1.0,0.0,-44.0
1776885401.1551027,-5.0,-3.0,-41.0
1776885401.1651027,-1.0,-3.0,-49.0
1776885401.1751027,0.0,-4.0,-50.0
1776885401.1851027,0.0,-6.0,-48.0
1776885401.1951027,-2.0,-3.0,-48.0
1776885401.2051027,-2.0,-2.0,-45.0
1776885401.215103,0.0,-4.0,-43.0
1776885401.225103,0.0,-5.0,-38.0
1776885401.235103,1.0,-6.0,-27.0
1776885401.2451026,0.0,-7.0,-25.0
1776885401.2551026,3.0,-6.0,-33.0
1776885401.2651026,1.0,-7.0,-39.0
1776885401.2751029,0.0,-3.0,-39.0
1776885401.2851028,-1.0,0.0,-34.0
1776885401.2951028,-2.0,4.0,-38.0
1776885401.3051028,-5.0,5.0,-39.0
1776885401.3151028,-1.0,7.0,-38.0
1776885401.3251028,-1.0,7.0,-41.0
1776885401.3351028,0.0,2.0,-38.0
1776885401.3451028,-2.0,0.0,-39.0
1776885401.3551028,-6.0,0.0,-41.0
1776885401.3651028,-2.0,-2.0,-42.0
1776885401.3751028,0.0,-2.0,-40.0
1776885401.3851027,4.0,-2.0,-42.0
1776885401.396103,4.0,-2.0,-44.0
1776885401.4051027,0.0,-1.0,-46.0
1776885401.4151027,0.0,-2.0,-45.0
1776885401.4261026,0.0,-4.0,-49.0
1776885401.4361026,3.0,0.0,-47.0
1776885401.4461029,1.0,0.0,-45.0
1776885401.4561028,-1.0,0.0,-50.0
1776885401.4661028,-2.0,0.0,-45.0
1776885401.4761028,-1.0,0.0,-53.0
1776885401.4861028,-1.0,-2.0,-57.0
1776885401.4961028,0.0,0.0,-56.0
1776885401.5061028,3.0,0.0,-57.0
1776885401.5161028,4.0,0.0,-55.0
1776885401.5261028,5.0,-2.0,-56.0
1776885401.5361028,1.0,4.0,-52.0
1776885401.5461028,-1.0,1.0,-53.0
1776885401.5561028,-5.0,0.0,-59.0
1776885401.5661027,-5.0,0.0,-63.0
1776885401.5761027,-3.0,3.0,-56.0
1776885401.5861027,-2.0,3.0,-46.0
1776885401.5961027,-1.0,0.0,-43.0
1776885401.6061027,-3.0,2.0,-42.0
1776885401.6161027,-1.0,0.0,-38.0
1776885401.6261027,-4.0,-2.0,-45.0
1776885401.636103,-4.0,-6.0,-41.0
1776885401.646103,-2.0,-4.0,-35.0
1776885401.656103,0.0,-4.0,-31.0
1776885401.6661026,2.0,-4.0,-36.0
1776885401.6761026,5.0,-5.0,-41.0
1776885401.6861026,8.0,-3.0,-31.0
1776885401.6961029,7.0,-5.0,-27.0
1776885401.7061028,2.0,-4.0,-32.0
1776885401.7161028,0.0,-3.0,-38.0
1776885401.7261028,-3.0,-8.0,-40.0
1776885401.7361028,-2.0,-10.0,-37.0
1776885401.7461028,-2.0,-9.0,-34.0
1776885401.7561028,-2.0,-8.0,-33.0
1776885401.7661028,0.0,-7.0,-31.0
1776885401.7761028,-1.0,-4.0,-31.0
1776885401.7861028,-1.0,-2.0,-35.0
1776885401.7961028,0.0,-3.0,-40.0
1776885401.8061028,0.0,-3.0,-38.0
1776885401.8161027,-3.0,-2.0,-36.0
1776885401.8261027,-6.0,0.0,-39.0
1776885401.8361027,-2.0,-1.0,-41.0
1776885401.8461027,0.0,0.0,-39.0
1776885401.8561027,-1.0,0.0,-39.0
1776885401.8661027,1.0,1.0,-39.0
1776885401.8761027,0.0,3.0,-42.0
1776885401.886103,0.0,2.0,-43.0
1776885401.896103,1.0,-1.0,-47.0
1776885401.906103,7.0,-1.0,-46.0
1776885401.9161026,2.0,-1.0,-51.0
1776885401.9261026,0.0,-4.0,-47.0
1776885401.9361026,-2.0,-3.0,-40.0
1776885401.9461029,-2.0,-3.0,-35.0
1776885401.9561028,2.0,0.0,-40.0
1776885401.9661028,-1.0,0.0,-39.0
1776885401.9761028,-6.0,1.0,-39.0
1776885401.9861028,-3.0,0.0,-33.0
1776885401.9961028,-4.0,0.0,-38.0
1776885402.0061028,-6.0,0.0,-39.0
1776885402.0161028,-4.0,-3.0,-40.0
1776885402.0261028,-5.0,-3.0,-38.0
1776885402.0361028,-1.0,-2.0,-40.0
1776885402.0461028,-1.0,-5.0,-45.0
1776885402.0561028,-1.0,-3.0,-45.0
1776885402.0661027,0.0,-3.0,-48.0
1776885402.0761027,5.0,0.0,-42.0
1776885402.0861027,3.0,-3.0,-44.0
1776885402.0961027,1.0,-2.0,-36.0
1776885402.1061027,1.0,-3.0,-36.0
1776885402.1161027,-1.0,-2.0,-39.0
1776885402.1261027,-1.0,-1.0,-38.0
1776885402.136103,0.0,-3.0,-39.0
1776885402.146103,1.0,-7.0,-34.0
1776885402.156103,-1.0,-5.0,-39.0
1776885402.1661026,2.0,-5.0,-36.0
1776885402.1761026,5.0,-5.0,-36.0
1776885402.1861026,6.0,-1.0,-42.0
1776885402.1961029,5.0,-1.0,-41.0
1776885402.2061028,1.0,-5.0,-36.0
1776885402.2161028,-4.0,-6.0,-41.0
1776885402.2261028,-2.0,-7.0,-37.0
1776885402.2361028,-2.0,-6.0,-31.0
1776885402.2461028,-2.0,-5.0,-31.0
1776885402.2561028,3.0,-8.0,-38.0
1776885402.2661028,4.0,-6.0,-45.0
1776885402.2761028,-1.0,-3.0,-45.0
1776885402.2861028,-2.0,-3.0,-48.0
1776885402.2961028,-3.0,-2.0,-48.0
1776885402.3061028,-5.0,-1.0,-39.0
1776885402.3161027,-7.0,0.0,-37.0
1776885402.3261027,-4.0,-2.0,-37.0
1776885402.3361027,-6.0,1.0,-37.0
1776885402.3461027,-1.0,3.0,-40.0
1776885402.3561027,2.0,9.0,-46.0
1776885402.3661027,4.0,8.0,-46.0
1776885402.3761027,8.0,2.0,-46.0
1776885402.386103,6.0,1.0,-51.0
1776885402.396103,6.0,2.0,-46.0
1776885402.406103,4.0,4.0,-44.0
1776885402.4161026,7.0,3.0,-43.0
1776885402.4261026,9.0,0.0,-41.0
1776885402.4361026,12.0,-1.0,-39.0
1776885402.4461029,11.0,1.0,-37.0
1776885402.4561028,10.0,3.0,-35.0
1776885402.4661028,8.0,1.0,-41.0
1776885402.4761028,8.0,3.0,-49.0
1776885402.4861028,5.0,-1.0,-49.0
1776885402.4961028,1.0,-3.0,-51.0
1776885402.5061028,1.0,-7.0,-47.0
1776885402.5161028,8.0,-8.0,-51.0
1776885402.5261028,11.0,-6.0,-53.0
1776885402.5361028,9.0,-6.0,-50.0
1776885402.5461028,4.0,-4.0,-44.0
1776885402.5561028,3.0,-4.0,-40.0
1776885402.5661027,1.0,-2.0,-39.0
1776885402.5761027,0.0,-2.0,-37.0
1776885402.5861027,2.0,-1.0,-39.0
1776885402.5961027,1.0,-2.0,-43.0
1776885402.6061027,5.0,0.0,-44.0
1776885402.6161027,3.0,3.0,-47.0
1776885402.6261027,5.0,6.0,-45.0
1776885402.636103,5.0,5.0,-45.0
1776885402.646103,2.0,4.0,-37.0
1776885402.656103,0.0,0.0,-40.0
1776885402.6661026,0.0,3.0,-38.0
1776885402.6761026,-4.0,2.0,-41.0
1776885402.6861026,2.0,1.0,-41.0
1776885402.6961029,5.0,2.0,-44.0
1776885402.7061028,7.0,1.0,-50.0
1776885402.7161028,8.0,3.0,-57.0
1776885402.7261028,4.0,7.0,-48.0
1776885402.7361028,-1.0,5.0,-49.0
1776885402.7461028,-4.0,8.0,-46.0
1776885402.7561028,-10.0,10.0,-51.0
1776885402.7661028,-8.0,11.0,-56.0
1776885402.7761028,-9.0,3.0,-57.0
1776885402.7861028,-7.0,5.0,-49.0
1776885402.7961028,-5.0,3.0,-52.0
1776885402.8061028,-6.0,3.0,-46.0
1776885402.8161027,-5.0,-1.0,-40.0
1776885402.8261027,-8.0,-1.0,-46.0
1776885402.8361027,-9.0,-1.0,-49.0
1776885402.8461027,-7.0,2.0,-46.0
1776885402.8561027,-4.0,2.0,-49.0
1776885402.8661027,-3.0,1.0,-48.0
1776885402.8761027,-3.0,-1.0,-50.0
1776885402.886103,-5.0,-2.0,-46.0
1776885402.896103,-1.0,-4.0,-42.0
1776885402.906103,-1.0,-7.0,-43.0
1776885402.9161026,1.0,-6.0,-37.0
1776885402.9261026,-1.0,-5.0,-39.0
1776885402.9361026,0.0,-1.0,-45.0
1776885402.9461029,1.0,-1.0,-43.0
1776885402.9561028,0.0,4.0,-44.0
1776885402.9661028,-1.0,0.0,-39.0
1776885402.9761028,-1.0,0.0,-45.0
1776885402.9861028,-2.0,-2.0,-48.0
1776885402.9961028,-2.0,-1.0,-45.0
1776885403.0061028,0.0,2.0,-42.0
1776885403.0161028,0.0,1.0,-43.0
1776885403.0261028,0.0,0.0,-47.0
1776885403.0361028,-2.0,0.0,-41.0
1776885403.0461028,-1.0,4.0,-39.0
1776885403.0561028,0.0,7.0,-32.0
1776885403.0661027,-2.0,3.0,-33.0
1776885403.0761027,-2.0,0.0,-40.0
1776885403.0861027,0.0,0.0,-34.0
1776885403.0961027,0.0,3.0,-35.0
1776885403.1061027,0.0,0.0,-33.0
1776885403.1161027,2.0,2.0,-31.0
1776885403.1261027,0.0,1.0,-33.0
1776885403.136103,-2.0,2.0,-31.0
1776885403.146103,-2.0,2.0,-36.0
1776885403.156103,0.0,4.0,-39.0
1776885403.1661026,1.0,4.0,-42.0
1776885403.1761026,3.0,2.0,-40.0
1776885403.1861026,1.0,5.0,-36.0
1776885403.1961029,-2.0,3.0,-35.0
1776885403.2061028,-3.0,1.0,-41.0
1776885403.2161028,-1.0,4.0,-43.0
1776885403.2261028,-1.0,0.0,-39.0
1776885403.2361028,-3.0,-1.0,-40.0
1776885403.2461028,0.0,-1.0,-44.0
1776885403.2561028,-1.0,-2.0,-48.0
1776885403.2661028,-2.0,-2.0,-53.0
1776885403.2761028,0.0,-2.0,-54.0
1776885403.2861028,1.0,-4.0,-52.0
1776885403.2961028,0.0,-6.0,-46.0
1776885403.3061028,-7.0,-13.0,-45.0
1776885403.3161027,-6.0,-9.0,-42.0
1776885403.3261027,-2.0,-7.0,-44.0
1776885403.3361027,-2.0,-7.0,-45.0
1776885403.3461027,-11.0,-7.0,-51.0
1776885403.3561027,-15.0,-5.0,-54.0
1776885403.3671026,-12.0,-6.0,-51.0
1776885403.3771029,-8.0,-7.0,-43.0
1776885403.3871028,-8.0,-6.0,-39.0
1776885403.3971028,-8.0,-3.0,-38.0
1776885403.4071028,-6.0,-4.0,-47.0
1776885403.4171028,-8.0,1.0,-43.0
1776885403.4271028,-10.0,2.0,-48.0
1776885403.4371028,-9.0,0.0,-41.0
1776885403.4471028,-5.0,-5.0,-33.0
1776885403.4571028,-5.0,-2.0,-36.0
1776885403.4671028,-7.0,-1.0,-42.0
1776885403.4771028,-3.0,-4.0,-47.0
1776885403.4871027,-5.0,0.0,-47.0
1776885403.4971027,-5.0,5.0,-42.0
1776885403.5071027,-3.0,3.0,-38.0
1776885403.5171027,-1.0,-1.0,-38.0
1776885403.5271027,-2.0,-1.0,-34.0
1776885403.5371027,-3.0,0.0,-35.0
1776885403.5471027,0.0,0.0,-33.0
1776885403.557103,-3.0,-1.0,-37.0
1776885403.567103,-4.0,0.0,-35.0
1776885403.577103,1.0,-1.0,-39.0
1776885403.587103,-2.0,0.0,-44.0
1776885403.5971026,-2.0,4.0,-44.0
1776885403.6071026,-2.0,4.0,-48.0
1776885403.6171026,0.0,2.0,-43.0
1776885403.6271029,-1.0,2.0,-39.0
1776885403.6371028,-3.0,0.0,-34.0
1776885403.6471028,-4.0,0.0,-32.0
1776885403.6571028,-5.0,0.0,-37.0
1776885403.6671028,-4.0,2.0,-39.0
1776885403.6771028,-6.0,4.0,-43.0
1776885403.6871028,-7.0,5.0,-43.0
1776885403.6971028,-12.0,0.0,-42.0
1776885403.7071028,-12.0,4.0,-41.0
1776885403.7171028,-10.0,2.0,-37.0
1776885403.7271028,-6.0,-1.0,-37.0
1776885403.7371027,-6.0,-4.0,-36.0
1776885403.7471027,1.0,1.0,-38.0
1776885403.7571027,2.0,4.0,-39.0
1776885403.7671027,0.0,2.0,-41.0
1776885403.7771027,0.0,2.0,-40.0
1776885403.7871027,0.0,2.0,-43.0
1776885403.7971027,-1.0,-1.0,-42.0
1776885403.807103,-6.0,-3.0,-36.0
1776885403.817103,-4.0,-3.0,-38.0
1776885403.827103,-3.0,-5.0,-37.0
1776885403.837103,-5.0,-4.0,-35.0
1776885403.8471026,-4.0,-5.0,-43.0
1776885403.8571026,-2.0,-2.0,-47.0
1776885403.8671026,0.0,0.0,-48.0
1776885403.8771029,-1.0,-1.0,-48.0
1776885403.8871028,-2.0,-3.0,-50.0
1776885403.8971028,-1.0,-2.0,-44.0
1776885403.9071028,0.0,-2.0,-45.0
1776885403.9171028,-1.0,-1.0,-44.0
1776885403.9271028,-4.0,-1.0,-44.0
1776885403.9371028,-1.0,3.0,-44.0
1776885403.9471028,-4.0,0.0,-43.0
1776885403.9571028,-3.0,0.0,-44.0
1776885403.9671028,-4.0,0.0,-40.0
1776885403.9771028,-3.0,2.0,-40.0
1776885403.9871027,-6.0,2.0,-33.0
1776885403.9971027,-7.0,0.0,-29.0
1776885404.0071027,-7.0,-2.0,-30.0
1776885404.0171027,-4.0,1.0,-37.0
1776885404.0271027,-4.0,0.0,-38.0
1776885404.0371027,-1.0,-2.0,-44.0
1776885404.0471027,0.0,-4.0,-42.0
1776885404.057103,0.0,-7.0,-41.0
1776885404.067103,2.0,-5.0,-41.0
1776885404.077103,3.0,-2.0,-41.0
1776885404.087103,5.0,0.0,-44.0
1776885404.0971026,1.0,0.0,-46.0
1776885404.1071026,2.0,1.0,-44.0
1776885404.1171026,3.0,3.0,-41.0
1776885404.1271029,4.0,0.0,-35.0
1776885404.1371028,1.0,-1.0,-35.0
1776885404.1471028,-1.0,-2.0,-35.0
1776885404.1571028,-1.0,-4.0,-35.0
1776885404.1671028,-3.0,-6.0,-42.0
1776885404.1771028,-4.0,-10.0,-46.0
1776885404.1871028,-5.0,-8.0,-47.0
1776885404.1971028,-3.0,-4.0,-52.0
1776885404.2071028,2.0,-2.0,-47.0
1776885404.2171028,4.0,0.0,-37.0
1776885404.2271028,-2.0,-1.0,-40.0
1776885404.2371027,-3.0,3.0,-44.0
1776885404.2471027,-3.0,5.0,-44.0
1776885404.2571027,2.0,9.0,-40.0
1776885404.2671027,2.0,8.0,-44.0
1776885404.2771027,0.0,10.0,-44.0
1776885404.2871027,-1.0,6.0,-47.0
1776885404.2971027,0.0,7.0,-52.0
1776885404.307103,8.0,5.0,-54.0
1776885404.317103,9.0,7.0,-56.0
1776885404.327103,11.0,4.0,-59.0
1776885404.337103,4.0,4.0,-59.0
1776885404.3471026,4.0,1.0,-53.0
1776885404.3571026,1.0,2.0,-53.0
1776885404.3671026,-2.0,2.0,-54.0
1776885404.3771029,-5.0,2.0,-50.0
1776885404.3871028,-5.0,0.0,-51.0
1776885404.3971028,0.0,-2.0,-44.0
1776885404.4071028,2.0,-2.0,-40.0
1776885404.4171028,-3.0,-5.0,-34.0
1776885404.4271028,-4.0,-7.0,-39.0
1776885404.4371028,-4.0,-5.0,-35.0
1776885404.4471028,-1.0,-2.0,-43.0
1776885404.4571028,-3.0,-2.0,-42.0
1776885404.4671028,0.0,-4.0,-40.0
1776885404.4771028,0.0,-6.0,-33.0
1776885404.4871027,1.0,-5.0,-32.0
1776885404.4971027,2.0,-3.0,-37.0
1776885404.5071027,0.0,3.0,-40.0
1776885404.5171027,1.0,0.0,-44.0
1776885404.5271027,1.0,0.0,-42.0
1776885404.5371027,3.0,0.0,-42.0
1776885404.5471027,3.0,0.0,-35.0
1776885404.557103,2.0,-3.0,-36.0
1776885404.567103,3.0,-3.0,-45.0
1776885404.577103,7.0,0.0,-50.0
1776885404.587103,7.0,0.0,-46.0
1776885404.5971026,4.0,-5.0,-36.0
1776885404.6071026,7.0,-1.0,-37.0
1776885404.6171026,5.0,1.0,-35.0
1776885404.6271029,3.0,-5.0,-33.0
1776885404.6371028,5.0,-1.0,-36.0
1776885404.6471028,0.0,1.0,-37.0
1776885404.6571028,4.0,-2.0,-37.0
1776885404.6671028,5.0,-3.0,-39.0
1776885404.6771028,0.0,-2.0,-42.0
1776885404.6871028,1.0,0.0,-42.0
1776885404.6971028,0.0,-1.0,-43.0
1776885404.7071028,0.0,-1.0,-49.0
1776885404.7171028,2.0,-1.0,-48.0
1776885404.7271028,5.0,0.0,-44.0
1776885404.7371027,3.0,-2.0,-45.0
1776885404.7471027,1.0,0.0,-47.0
1776885404.7571027,-3.0,-2.0,-42.0
1776885404.7671027,-3.0,-4.0,-47.0
1776885404.7771027,-1.0,-3.0,-45.0
1776885404.7871027,3.0,2.0,-39.0
1776885404.7971027,1.0,0.0,-46.0
1776885404.807103,3.0,0.0,-49.0
1776885404.817103,3.0,0.0,-49.0
1776885404.827103,2.0,1.0,-48.0
1776885404.837103,1.0,-2.0,-46.0
1776885404.8471026,3.0,-2.0,-49.0
1776885404.8571026,0.0,-2.0,-45.0
1776885404.8671026,-1.0,-3.0,-43.0
1776885404.8771029,-1.0,-4.0,-42.0
1776885404.8871028,2.0,-3.0,-48.0
1776885404.8971028,1.0,-4.0,-52.0
1776885404.9071028,2.0,1.0,-48.0
1776885404.9171028,2.0,2.0,-51.0
1776885404.9271028,3.0,-1.0,-46.0
1776885404.9371028,3.0,-2.0,-52.0
1776885404.9471028,1.0,0.0,-59.0
1776885404.9571028,2.0,-1.0,-60.0
1776885404.9671028,1.0,0.0,-61.0
1776885404.9771028,0.0,1.0,-56.0
1776885404.9871027,1.0,1.0,-54.0
1776885404.9971027,-1.0,-1.0,-57.0
1776885405.0071027,-7.0,-8.0,-55.0
1776885405.0171027,-6.0,-9.0,-50.0
1776885405.0271027,-3.0,-11.0,-43.0
1776885405.0371027,0.0,-6.0,-39.0
1776885405.0471027,3.0,-9.0,-45.0
1776885405.057103,6.0,-13.0,-48.0
1776885405.067103,3.0,-12.0,-48.0
1776885405.077103,-4.0,-12.0,-43.0
1776885405.087103,-3.0,-13.0,-42.0
1776885405.0971026,-5.0,-12.0,-44.0
1776885405.1071026,-1.0,-10.0,-47.0
1776885405.1171026,1.0,-10.0,-46.0
1776885405.1271029,0.0,-7.0,-48.0
1776885405.1371028,-1.0,-5.0,-50.0
1776885405.1471028,-3.0,0.0,-50.0
1776885405.1571028,-1.0,0.0,-49.0
1776885405.1681027,3.0,0.0,-49.0
1776885405.1771028,0.0,3.0,-42.0
1776885405.1871028,0.0,1.0,-39.0
1776885405.1971028,1.0,3.0,-38.0
1776885405.2071028,2.0,2.0,-39.0
1776885405.2171028,0.0,4.0,-44.0
1776885405.2271028,0.0,3.0,-44.0
1776885405.2371027,3.0,2.0,-44.0
1776885405.2471027,3.0,0.0,-45.0
1776885405.2571027,3.0,1.0,-49.0
1776885405.2671027,3.0,-1.0,-45.0
1776885405.2771027,4.0,-4.0,-42.0
1776885405.2871027,0.0,-7.0,-39.0
1776885405.2971027,1.0,-5.0,-42.0
1776885405.307103,4.0,-5.0,-43.0
1776885405.317103,4.0,-9.0,-43.0
1776885405.327103,4.0,-6.0,-47.0
1776885405.337103,4.0,-3.0,-49.0
1776885405.3471026,5.0,-1.0,-56.0
1776885405.3581028,6.0,2.0,-51.0
1776885405.3681028,6.0,2.0,-49.0
1776885405.3781028,5.0,0.0,-48.0
1776885405.3881028,6.0,2.0,-38.0
1776885405.3981028,7.0,-3.0,-37.0
1776885405.4081028,6.0,-6.0,-37.0
1776885405.4181027,4.0,-8.0,-43.0
1776885405.4281027,0.0,-8.0,-44.0
1776885405.4381027,-4.0,-6.0,-45.0
1776885405.4481027,-4.0,-3.0,-46.0
1776885405.4581027,-2.0,-1.0,-44.0
1776885405.4681027,2.0,-1.0,-48.0
1776885405.4781027,0.0,-3.0,-46.0
1776885405.488103,5.0,-4.0,-39.0
1776885405.498103,7.0,-1.0,-39.0
1776885405.508103,5.0,-3.0,-40.0
1776885405.5181026,3.0,-5.0,-48.0
1776885405.5281026,-3.0,-4.0,-46.0
1776885405.5381026,0.0,-2.0,-43.0
1776885405.5481029,-2.0,-2.0,-49.0
1776885405.5581028,-1.0,0.0,-45.0
1776885405.5681028,0.0,-1.0,-40.0
1776885405.5781028,0.0,0.0,-44.0
1776885405.5881028,-2.0,0.0,-41.0
1776885405.5981028,-3.0,-2.0,-42.0
1776885405.6081028,-4.0,0.0,-44.0
1776885405.6181028,-1.0,3.0,-38.0
1776885405.6281028,-1.0,3.0,-39.0
1776885405.6381028,1.0,0.0,-45.0
1776885405.6481028,1.0,-2.0,-47.0
1776885405.6581028,2.0,-6.0,-44.0
1776885405.6681027,3.0,-5.0,-42.0
1776885405.6781027,6.0,-3.0,-39.0
1776885405.6881027,3.0,-6.0,-36.0
1776885405.6981027,2.0,-8.0,-36.0
1776885405.7081027,1.0,-4.0,-39.0
1776885405.7181027,0.0,-5.0,-42.0
1776885405.7281027,-1.0,-2.0,-44.0
1776885405.738103,-1.0,-9.0,-49.0
1776885405.748103,-4.0,-5.0,-52.0
1776885405.758103,-1.0,0.0,-45.0
1776885405.7681026,0.0,0.0,-46.0
1776885405.7781026,0.0,0.0,-49.0
1776885405.7881026,4.0,-1.0,-49.0
1776885405.7981029,7.0,1.0,-50.0
1776885405.8081028,10.0,1.0,-54.0
1776885405.8181028,3.0,3.0,-49.0
1776885405.8281028,2.0,1.0,-44.0
1776885405.8381028,2.0,4.0,-41.0
1776885405.8481028,0.0,2.0,-40.0
1776885405.8581028,0.0,2.0,-44.0
1776885405.8681028,-1.0,1.0,-42.0
1776885405.8781028,1.0,4.0,-42.0
1776885405.8881028,3.0,4.0,-48.0
1776885405.8981028,1.0,0.0,-50.0
1776885405.9081028,2.0,0.0,-47.0
1776885405.9181027,1.0,-1.0,-49.0
1776885405.9281027,6.0,0.0,-48.0
1776885405.9381027,8.0,1.0,-43.0
1776885405.9481027,12.0,1.0,-39.0
1776885405.9581027,9.0,5.0,-39.0
1776885405.9681027,1.0,4.0,-37.0
1776885405.9781027,1.0,2.0,-42.0
1776885405.988103,0.0,0.0,-42.0
1776885405.998103,0.0,2.0,-43.0
1776885406.008103,3.0,1.0,-48.0
1776885406.0181026,2.0,3.0,-42.0
1776885406.0281026,3.0,-1.0,-41.0
1776885406.0381026,7.0,5.0,-38.0
1776885406.0481029,1.0,2.0,-39.0
1776885406.0581028,5.0,-1.0,-46.0
1776885406.0681028,8.0,-9.0,-45.0
1776885406.0781028,8.0,-13.0,-42.0
1776885406.0881028,3.0,-12.0,-42.0
1776885406.0981028,0.0,-10.0,-39.0
1776885406.1081028,1.0,-9.0,-40.0
1776885406.1181028,4.0,-8.0,-42.0
1776885406.1281028,5.0,-8.0,-44.0
1776885406.1381028,4.0,-8.0,-48.0
1776885406.1481028,-1.0,-8.0,-48.0
1776885406.1581028,0.0,-9.0,-50.0
1776885406.1681027,0.0,-9.0,-49.0
1776885406.1781027,1.0,-9.0,-42.0
1776885406.1881027,1.0,-7.0,-46.0
1776885406.1981027,0.0,-11.0,-46.0
1776885406.2081027,-3.0,-9.0,-48.0
1776885406.2181027,-3.0,-3.0,-43.0
1776885406.2281027,0.0,-1.0,-38.0
1776885406.238103,0.0,-3.0,-37.0
1776885406.248103,-1.0,-1.0,-30.0
1776885406.258103,-2.0,-3.0,-32.0
1776885406.2681026,1.0,-3.0,-40.0
1776885406.2781026,2.0,-4.0,-46.0
1776885406.2881026,2.0,-2.0,-36.0
1776885406.2981029,4.0,-6.0,-36.0
1776885406.3081028,4.0,-8.0,-32.0
1776885406.3181028,0.0,-7.0,-32.0
1776885406.3281028,5.0,-3.0,-38.0
1776885406.3381028,0.0,-5.0,-41.0
1776885406.3481028,0.0,-4.0,-40.0
1776885406.3581028,0.0,-6.0,-38.0
1776885406.3681028,-1.0,-6.0,-41.0
1776885406.3781028,-5.0,-7.0,-42.0
1776885406.3881028,-3.0,-4.0,-46.0
1776885406.3981028,0.0,-4.0,-49.0
1776885406.4081028,0.0,-3.0,-50.0
1776885406.4181027,1.0,-1.0,-49.0
1776885406.4281027,2.0,2.0,-46.0
1776885406.4381027,3.0,2.0,-47.0
1776885406.4481027,6.0,2.0,-45.0
1776885406.4581027,4.0,0.0,-46.0
1776885406.4681027,4.0,-2.0,-49.0
1776885406.4781027,6.0,-5.0,-52.0
1776885406.488103,10.0,-1.0,-47.0
1776885406.498103,13.0,-1.0,-42.0
1776885406.508103,8.0,0.0,-40.0
1776885406.5181026,6.0,0.0,-43.0
1776885406.5281026,1.0,5.0,-48.0
1776885406.5381026,1.0,5.0,-52.0
1776885406.5481029,0.0,2.0,-47.0
1776885406.5581028,-1.0,1.0,-45.0
1776885406.5681028,0.0,2.0,-45.0
1776885406.5781028,6.0,4.0,-47.0
1776885406.5881028,6.0,0.0,-43.0
1776885406.5981028,3.0,3.0,-42.0
1776885406.6081028,0.0,2.0,-42.0
1776885406.6181028,0.0,0.0,-49.0
1776885406.6281028,2.0,-6.0,-52.0
1776885406.6381028,3.0,-5.0,-56.0
1776885406.6481028,0.0,-2.0,-52.0
1776885406.6581028,-1.0,-2.0,-48.0
1776885406.6681027,-4.0,-3.0,-45.0
1776885406.6781027,-7.0,-8.0,-43.0
1776885406.6881027,-6.0,-4.0,-48.0
1776885406.6981027,-5.0,-4.0,-46.0
1776885406.7081027,-5.0,-7.0,-47.0
1776885406.7181027,0.0,-5.0,-49.0
1776885406.7281027,1.0,-4.0,-48.0
1776885406.738103,1.0,0.0,-44.0
1776885406.748103,3.0,1.0,-53.0
1776885406.758103,-2.0,0.0,-46.0
1776885406.7681026,4.0,0.0,-40.0
1776885406.7781026,4.0,0.0,-41.0
1776885406.7881026,3.0,-1.0,-40.0
1776885406.7981029,2.0,-1.0,-42.0
1776885406.8081028,0.0,-1.0,-40.0
1776885406.8181028,2.0,-8.0,-41.0
1776885406.8281028,0.0,-9.0,-39.0
1776885406.8381028,-5.0,-6.0,-45.0
1776885406.8481028,-4.0,-7.0,-45.0
1776885406.8581028,-2.0,-6.0,-44.0
1776885406.8681028,0.0,-2.0,-43.0
1776885406.8781028,3.0,-2.0,-42.0
1776885406.8881028,3.0,0.0,-42.0
1776885406.8981028,4.0,-5.0,-41.0
1776885406.9081028,4.0,-7.0,-39.0
1776885406.9181027,6.0,0.0,-44.0
1776885406.9281027,1.0,1.0,-49.0
1776885406.9381027,-4.0,-2.0,-57.0
1776885406.9481027,-2.0,-2.0,-59.0
1776885406.9581027,-2.0,-2.0,-53.0
1776885406.9681027,-1.0,-2.0,-48.0
1776885406.9781027,-5.0,-2.0,-45.0
1776885406.988103,-5.0,-2.0,-48.0
1776885406.998103,-4.0,-6.0,-47.0
1776885407.008103,-3.0,-8.0,-46.0
1776885407.0181026,-1.0,-9.0,-47.0
1776885407.0281026,-2.0,-6.0,-52.0
1776885407.0381026,-1.0,-6.0,-50.0
1776885407.0481029,2.0,-8.0,-47.0
1776885407.0581028,3.0,-6.0,-48.0
1776885407.0681028,1.0,-2.0,-39.0
1776885407.0781028,-3.0,-3.0,-41.0
1776885407.0881028,-6.0,-5.0,-43.0
1776885407.0981028,-2.0,-7.0,-36.0
1776885407.1081028,-3.0,-5.0,-36.0
1776885407.1181028,-4.0,-4.0,-35.0
1776885407.1281028,0.0,-5.0,-37.0
1776885407.1381028,-1.0,-1.0,-39.0
1776885407.1481028,-3.0,-4.0,-35.0
1776885407.1581028,0.0,0.0,-39.0
1776885407.1681027,6.0,1.0,-41.0
1776885407.1781027,9.0,0.0,-45.0
1776885407.1881027,7.0,-4.0,-34.0
1776885407.1981027,6.0,-5.0,-36.0
1776885407.2081027,5.0,-3.0,-38.0
1776885407.2181027,2.0,-2.0,-37.0
1776885407.2281027,0.0,0.0,-37.0
1776885407.238103,-2.0,0.0,-36.0
1776885407.248103,-6.0,0.0,-42.0
1776885407.258103,-3.0,1.0,-41.0
1776885407.2681026,-4.0,-1.0,-43.0
1776885407.2781026,0.0,-7.0,-45.0
1776885407.2881026,-2.0,-6.0,-50.0
1776885407.2981029,-4.0,-6.0,-51.0
1776885407.3081028,0.0,-6.0,-53.0
1776885407.3191028,5.0,-6.0,-44.0
1776885407.3291028,5.0,-9.0,-38.0
1776885407.3391027,2.0,-8.0,-38.0
1776885407.3481028,-2.0,-8.0,-42.0
1776885407.3591027,-4.0,-8.0,-40.0
1776885407.3691027,-3.0,-6.0,-37.0
1776885407.3791027,-1.0,-3.0,-38.0
1776885407.3891027,-6.0,-7.0,-39.0
1776885407.3991027,-4.0,-7.0,-43.0
1776885407.409103,-6.0,-6.0,-47.0
1776885407.419103,-7.0,-5.0,-54.0
1776885407.429103,-8.0,-3.0,-59.0
1776885407.4391026,-6.0,-4.0,-53.0
1776885407.4491026,-6.0,-8.0,-41.0
1776885407.4591026,-7.0,-8.0,-42.0
1776885407.4691026,-8.0,-6.0,-41.0
1776885407.4791028,-3.0,-5.0,-33.0
1776885407.4891028,-5.0,-2.0,-40.0
1776885407.4991028,-8.0,3.0,-41.0
1776885407.5091028,-13.0,4.0,-47.0
1776885407.5191028,-10.0,2.0,-47.0
1776885407.5291028,-9.0,-2.0,-41.0
1776885407.5391028,-3.0,-5.0,-33.0
1776885407.5491028,1.0,-7.0,-26.0
1776885407.5591028,0.0,-6.0,-25.0
1776885407.5691028,2.0,-4.0,-30.0
1776885407.5791028,7.0,-3.0,-32.0
1776885407.5891027,8.0,2.0,-39.0
1776885407.5991027,9.0,3.0,-39.0
1776885407.6091027,8.0,2.0,-50.0
1776885407.6191027,1.0,-1.0,-47.0
1776885407.6291027,0.0,-1.0,-45.0
1776885407.6391027,0.0,-3.0,-51.0
1776885407.6491027,1.0,-1.0,-48.0
1776885407.659103,1.0,0.0,-42.0
1776885407.669103,1.0,-1.0,-47.0
1776885407.679103,0.0,-1.0,-45.0
1776885407.6891026,-4.0,0.0,-43.0
1776885407.6991026,-8.0,0.0,-38.0
1776885407.7091026,-8.0,2.0,-38.0
1776885407.7191026,-6.0,7.0,-39.0
1776885407.7291028,-5.0,2.0,-35.0
1776885407.7391028,-3.0,0.0,-30.0
1776885407.7491028,2.0,-2.0,-37.0
1776885407.7591028,4.0,-3.0,-50.0
1776885407.7691028,3.0,0.0,-52.0
1776885407.7791028,4.0,2.0,-48.0
1776885407.7891028,9.0,0.0,-45.0
1776885407.7991028,10.0,2.0,-45.0
1776885407.8091028,10.0,2.0,-42.0
1776885407.8191028,7.0,-1.0,-48.0
1776885407.8291028,7.0,-2.0,-50.0
1776885407.8391027,5.0,-5.0,-51.0
1776885407.8491027,8.0,-2.0,-48.0
1776885407.8591027,5.0,-3.0,-50.0
1776885407.8691027,6.0,-1.0,-47.0
1776885407.8791027,1.0,-3.0,-53.0
1776885407.8891027,0.0,-7.0,-53.0
1776885407.8991027,1.0,-6.0,-50.0
1776885407.909103,-2.0,-9.0,-50.0
1776885407.919103,2.0,-8.0,-51.0
1776885407.929103,5.0,-7.0,-52.0
1776885407.9391026,3.0,-8.0,-43.0
1776885407.9491026,3.0,-10.0,-45.0
1776885407.9591026,1.0,-3.0,-44.0
1776885407.9691026,0.0,-3.0,-44.0
1776885407.9791028,2.0,-3.0,-43.0
1776885407.9891028,3.0,-3.0,-41.0
1776885407.9991028,5.0,-7.0,-44.0
1776885408.0091028,4.0,-7.0,-41.0
1776885408.0191028,-2.0,0.0,-41.0
1776885408.0291028,-2.0,1.0,-50.0
1776885408.0391028,2.0,-1.0,-50.0
1776885408.0491028,1.0,1.0,-49.0
1776885408.0591028,8.0,1.0,-46.0
1776885408.0691028,8.0,-2.0,-49.0
1776885408.0791028,1.0,-2.0,-41.0
1776885408.0891027,1.0,-1.0,-41.0
1776885408.0991027,1.0,-3.0,-44.0
1776885408.1091027,7.0,-4.0,-40.0
1776885408.1191027,6.0,-3.0,-40.0
1776885408.1291027,7.0,-2.0,-44.0
1776885408.1391027,7.0,-5.0,-47.0
1776885408.1491027,5.0,-3.0,-47.0
1776885408.159103,5.0,-2.0,-43.0
1776885408.169103,4.0,-5.0,-47.0
1776885408.179103,0.0,-4.0,-51.0
1776885408.1891026,1.0,0.0,-49.0
1776885408.1991026,1.0,1.0,-46.0
1776885408.2091026,4.0,1.0,-45.0
1776885408.2191026,8.0,2.0,-44.0
1776885408.2291028,6.0,1.0,-41.0
1776885408.2391028,3.0,2.0,-41.0
1776885408.2491028,2.0,0.0,-42.0
1776885408.2591028,4.0,0.0,-38.0
1776885408.2691028,2.0,-5.0,-41.0
1776885408.2791028,3.0,-4.0,-54.0
1776885408.2891028,-2.0,-3.0,-56.0
1776885408.2991028,0.0,-4.0,-47.0
1776885408.3091028,-1.0,-2.0,-46.0
1776885408.3191028,-1.0,-3.0,-45.0
1776885408.3291028,-3.0,-5.0,-37.0
1776885408.3391027,-4.0,-2.0,-45.0
1776885408.3491027,-3.0,-2.0,-43.0
1776885408.3591027,-3.0,-2.0,-46.0
1776885408.3691027,-6.0,-1.0,-40.0
1776885408.3791027,-5.0,-1.0,-39.0
1776885408.3891027,-1.0,-2.0,-43.0
1776885408.3991027,-1.0,0.0,-50.0
1776885408.409103,0.0,0.0,-56.0
1776885408.419103,2.0,-2.0,-59.0
1776885408.429103,4.0,-3.0,-56.0
1776885408.4391026,5.0,-3.0,-53.0
1776885408.4491026,3.0,-2.0,-52.0
1776885408.4591026,3.0,-5.0,-50.0
1776885408.4691026,5.0,-1.0,-46.0
1776885408.4791028,8.0,2.0,-47.0
1776885408.4891028,5.0,7.0,-39.0
1776885408.4991028,2.0,3.0,-41.0
1776885408.5091028,2.0,0.0,-48.0
1776885408.5191028,3.0,2.0,-50.0
1776885408.5291028,3.0,0.0,-46.0
1776885408.5391028,2.0,-2.0,-46.0
1776885408.5491028,1.0,0.0,-47.0
1776885408.5591028,3.0,0.0,-52.0
1776885408.5691028,-3.0,0.0,-50.0
1776885408.5791028,-3.0,1.0,-49.0
1776885408.5891027,1.0,0.0,-47.0
1776885408.5991027,5.0,-9.0,-43.0
1776885408.6091027,6.0,-7.0,-41.0
1776885408.6191027,5.0,-4.0,-38.0
1776885408.6291027,5.0,-6.0,-40.0
1776885408.6391027,4.0,-6.0,-50.0
1776885408.6491027,1.0,-6.0,-45.0
1776885408.659103,0.0,-5.0,-37.0
1776885408.669103,-1.0,-4.0,-38.0
1776885408.679103,0.0,-1.0,-38.0
1776885408.6891026,0.0,-1.0,-39.0
1776885408.6991026,-3.0,0.0,-46.0
1776885408.7091026,-1.0,0.0,-49.0
1776885408.7191026,2.0,0.0,-40.0
1776885408.7291028,6.0,-2.0,-38.0
1776885408.7391028,9.0,-2.0,-31.0
1776885408.7491028,3.0,-4.0,-33.0
1776885408.7591028,4.0,-2.0,-44.0
1776885408.7691028,4.0,-4.0,-58.0
1776885408.7791028,5.0,-5.0,-61.0
1776885408.7891028,6.0,-4.0,-59.0
1776885408.7991028,3.0,-2.0,-54.0
1776885408.8091028,5.0,-3.0,-52.0
1776885408.8191028,4.0,-4.0,-48.0
1776885408.8291028,0.0,-2.0,-49.0
1776885408.8391027,-3.0,-1.0,-56.0
1776885408.8491027,-9.0,-2.0,-63.0
1776885408.8591027,-8.0,-1.0,-63.0
1776885408.8691027,-10.0,0.0,-56.0
1776885408.8791027,-14.0,0.0,-48.0
1776885408.8891027,-12.0,-2.0,-47.0
1776885408.8991027,-9.0,-4.0,-48.0
1776885408.909103,-4.0,-1.0,-46.0
1776885408.919103,-1.0,0.0,-43.0
1776885408.929103,2.0,0.0,-50.0
1776885408.9391026,5.0,-1.0,-45.0
1776885408.9491026,7.0,0.0,-36.0
1776885408.9591026,4.0,-1.0,-42.0
1776885408.9691026,5.0,2.0,-48.0
1776885408.9791028,7.0,2.0,-45.0
1776885408.9891028,4.0,2.0,-45.0
1776885408.9991028,5.0,0.0,-45.0
1776885409.0091028,3.0,-1.0,-45.0
1776885409.0191028,0.0,2.0,-44.0
1776885409.0291028,0.0,0.0,-48.0
1776885409.0391028,1.0,-4.0,-45.0
1776885409.0491028,0.0,0.0,-50.0
1776885409.0591028,0.0,2.0,-45.0
1776885409.0691028,0.0,1.0,-47.0
1776885409.0791028,-3.0,1.0,-44.0
1776885409.0891027,1.0,0.0,-46.0
1776885409.0991027,0.0,-5.0,-39.0
1776885409.1091027,0.0,-6.0,-31.0
1776885409.1191027,1.0,-4.0,-31.0
1776885409.1291027,0.0,-5.0,-35.0
1776885409.1391027,-1.0,-6.0,-33.0
1776885409.1491027,-3.0,-5.0,-31.0
1776885409.159103,-6.0,-4.0,-36.0
1776885409.169103,0.0,-6.0,-42.0
1776885409.179103,-2.0,-1.0,-50.0
1776885409.1891026,-4.0,0.0,-50.0
1776885409.1991026,-3.0,-2.0,-56.0
1776885409.2091026,-2.0,-5.0,-57.0
1776885409.2191026,-5.0,-6.0,-52.0
1776885409.2291028,-6.0,-6.0,-40.0
1776885409.2391028,-6.0,-5.0,-41.0
1776885409.2491028,-6.0,-9.0,-38.0
1776885409.2591028,-7.0,-10.0,-39.0
1776885409.2691028,-5.0,-10.0,-36.0
1776885409.2791028,-2.0,-10.0,-44.0
1776885409.2891028,-3.0,-7.0,-44.0
1776885409.3001027,-3.0,-7.0,-45.0
1776885409.3091028,0.0,-7.0,-46.0
1776885409.3191028,2.0,-6.0,-46.0
1776885409.3291028,0.0,-3.0,-53.0
1776885409.340103,-1.0,-6.0,-54.0
1776885409.350103,-1.0,-4.0,-50.0
1776885409.360103,-2.0,-1.0,-44.0
1776885409.3701026,0.0,-2.0,-35.0
1776885409.3801026,0.0,-4.0,-40.0
1776885409.3901026,2.0,-4.0,-41.0
1776885409.4001029,2.0,-2.0,-40.0
1776885409.4101028,-2.0,-3.0,-44.0
1776885409.4201028,-5.0,-7.0,-40.0
1776885409.4301028,-1.0,-13.0,-38.0
1776885409.4401028,0.0,-10.0,-38.0
1776885409.4501028,0.0,-8.0,-40.0
1776885409.4601028,-2.0,-6.0,-33.0
1776885409.4701028,0.0,-3.0,-31.0
1776885409.4801028,-1.0,-2.0,-31.0
1776885409.4901028,-3.0,-2.0,-31.0
1776885409.5001028,-7.0,1.0,-40.0
1776885409.5101027,-7.0,3.0,-41.0
1776885409.5201027,-2.0,-1.0,-45.0
1776885409.5301027,-1.0,-4.0,-43.0
1776885409.5401027,-1.0,-5.0,-42.0
1776885409.5501027,0.0,-3.0,-40.0
1776885409.5601027,-2.0,2.0,-41.0
1776885409.5701027,-2.0,7.0,-48.0
1776885409.5801027,0.0,5.0,-42.0
1776885409.590103,-4.0,3.0,-47.0
1776885409.600103,-4.0,2.0,-44.0
1776885409.610103,0.0,0.0,-44.0
1776885409.6201026,5.0,0.0,-48.0
1776885409.6301026,6.0,3.0,-49.0
1776885409.6401026,3.0,5.0,-51.0
1776885409.6501029,3.0,4.0,-43.0
1776885409.6601028,-1.0,3.0,-40.0
1776885409.6701028,2.0,4.0,-38.0
1776885409.6801028,6.0,2.0,-39.0
1776885409.6901028,4.0,2.0,-42.0
1776885409.7001028,9.0,0.0,-39.0
1776885409.7101028,6.0,-1.0,-42.0
1776885409.7201028,4.0,3.0,-48.0
1776885409.7301028,-1.0,2.0,-45.0
1776885409.7401028,1.0,1.0,-49.0
1776885409.7501028,3.0,4.0,-43.0
1776885409.7601027,7.0,1.0,-41.0
1776885409.7701027,7.0,1.0,-48.0
1776885409.7801027,3.0,0.0,-51.0
1776885409.7901027,2.0,-5.0,-52.0
1776885409.8001027,1.0,-3.0,-53.0
1776885409.8101027,2.0,-5.0,-49.0
1776885409.8211029,2.0,-5.0,-48.0
1776885409.8301027,2.0,-9.0,-50.0
1776885409.840103,0.0,-8.0,-49.0
1776885409.850103,1.0,-6.0,-49.0
1776885409.860103,0.0,-10.0,-54.0
1776885409.8701026,3.0,-8.0,-55.0
1776885409.8801026,7.0,-7.0,-56.0
1776885409.8901026,6.0,-6.0,-52.0
1776885409.9001029,5.0,-5.0,-44.0
1776885409.9101028,3.0,0.0,-45.0
1776885409.9201028,2.0,2.0,-44.0
1776885409.9301028,1.0,-1.0,-37.0
1776885409.9401028,3.0,-3.0,-33.0
1776885409.9501028,1.0,-2.0,-35.0
1776885409.9601028,3.0,-3.0,-43.0
1776885409.9701028,5.0,0.0,-53.0
1776885409.9811027,4.0,-1.0,-52.0
1776885409.9901028,3.0,-2.0,-53.0
1776885410.0001028,2.0,-2.0,-48.0
1776885410.0101027,2.0,-5.0,-44.0
1776885410.0201027,-2.0,-4.0,-44.0
1776885410.0301027,-5.0,1.0,-48.0
1776885410.0401027,-3.0,5.0,-42.0
1776885410.0501027,0.0,5.0,-48.0
1776885410.0601027,1.0,3.0,-48.0
1776885410.0701027,-1.0,1.0,-41.0
1776885410.0801027,-1.0,-2.0,-42.0
1776885410.090103,-1.0,0.0,-40.0
1776885410.100103,-1.0,-1.0,-45.0
1776885410.110103,-2.0,-3.0,-40.0
1776885410.1201026,-6.0,-2.0,-48.0
1776885410.1301026,0.0,2.0,-44.0
1776885410.1401026,0.0,7.0,-39.0
1776885410.1501029,0.0,3.0,-33.0
1776885410.1601028,4.0,0.0,-33.0
1776885410.1701028,9.0,4.0,-35.0
1776885410.1801028,6.0,2.0,-39.0
1776885410.1901028,5.0,1.0,-38.0
1776885410.2001028,7.0,-1.0,-32.0
1776885410.2101028,6.0,0.0,-36.0
1776885410.2201028,5.0,0.0,-31.0
1776885410.2301028,6.0,-2.0,-30.0
1776885410.2401028,7.0,-4.0,-31.0
1776885410.2501028,2.0,-7.0,-33.0
1776885410.2601027,2.0,-6.0,-41.0
1776885410.2701027,7.0,-7.0,-42.0
1776885410.2801027,4.0,-11.0,-39.0
1776885410.2901027,4.0,-14.0,-44.0
1776885410.3001027,0.0,-14.0,-44.0
1776885410.3101027,-4.0,-10.0,-48.0
1776885410.3201027,-4.0,-8.0,-48.0
1776885410.3301027,-1.0,-8.0,-47.0
1776885410.340103,-1.0,-5.0,-53.0
1776885410.350103,0.0,-5.0,-55.0
1776885410.360103,1.0,-1.0,-50.0
1776885410.3701026,1.0,1.0,-53.0
1776885410.3801026,0.0,0.0,-50.0
1776885410.3901026,-4.0,0.0,-51.0
1776885410.4001029,-2.0,4.0,-45.0
1776885410.4101028,1.0,6.0,-45.0
1776885410.4201028,0.0,4.0,-45.0
1776885410.4301028,-2.0,1.0,-48.0
1776885410.4401028,3.0,2.0,-54.0
1776885410.4501028,1.0,0.0,-47.0
1776885410.4601028,4.0,0.0,-47.0
1776885410.4701028,1.0,-1.0,-39.0
1776885410.4801028,0.0,-4.0,-37.0
1776885410.4901028,1.0,-1.0,-31.0
1776885410.5001028,-1.0,-1.0,-31.0
1776885410.5101027,-3.0,-5.0,-31.0
1776885410.5201027,-2.0,-3.0,-36.0
1776885410.5301027,1.0,-3.0,-37.0
1776885410.5401027,3.0,-1.0,-34.0
1776885410.5501027,6.0,0.0,-36.0
1776885410.5601027,6.0,1.0,-45.0
1776885410.5701027,0.0,3.0,-44.0
1776885410.5801027,2.0,3.0,-47.0
1776885410.590103,4.0,-1.0,-50.0
1776885410.600103,5.0,-5.0,-48.0
1776885410.610103,4.0,-2.0,-44.0
1776885410.6201026,1.0,0.0,-44.0
1776885410.6301026,1.0,-2.0,-49.0
1776885410.6401026,2.0,0.0,-45.0
1776885410.6501029,-2.0,0.0,-43.0
1776885410.6601028,-4.0,0.0,-44.0
1776885410.6701028,-2.0,-1.0,-45.0
1776885410.6801028,-1.0,-3.0,-49.0
1776885410.6901028,0.0,0.0,-50.0
1776885410.7001028,1.0,4.0,-45.0
1776885410.7101028,2.0,0.0,-49.0
1776885410.7201028,0.0,0.0,-49.0
1776885410.7301028,1.0,0.0,-44.0
1776885410.7401028,2.0,2.0,-42.0
1776885410.7501028,0.0,0.0,-46.0
1776885410.7601027,-3.0,0.0,-44.0
1776885410.7701027,-6.0,1.0,-44.0
1776885410.7801027,-8.0,2.0,-40.0
1776885410.7901027,-6.0,2.0,-39.0
1776885410.8001027,-4.0,2.0,-39.0
1776885410.8101027,-5.0,4.0,-33.0
1776885410.8201027,-5.0,0.0,-38.0
1776885410.8301027,-9.0,2.0,-45.0
1776885410.840103,-6.0,10.0,-44.0
1776885410.850103,-9.0,7.0,-53.0
1776885410.860103,-9.0,5.0,-52.0
1776885410.8701026,-12.0,3.0,-46.0
1776885410.8801026,-12.0,-3.0,-48.0
1776885410.8901026,-4.0,-4.0,-47.0
1776885410.9001029,-5.0,-2.0,-44.0
1776885410.9101028,0.0,-1.0,-39.0
1776885410.9201028,4.0,0.0,-40.0
1776885410.9301028,3.0,-2.0,-39.0
1776885410.9401028,1.0,-2.0,-39.0
1776885410.9501028,2.0,0.0,-38.0
1776885410.9601028,1.0,2.0,-43.0
1776885410.9701028,-2.0,-2.0,-45.0
1776885410.9801028,0.0,-2.0,-44.0
1776885410.9901028,0.0,-4.0,-38.0
1776885411.0001028,1.0,-2.0,-39.0
1776885411.0101027,0.0,-1.0,-36.0
1776885411.0201027,-2.0,0.0,-36.0
1776885411.0301027,-4.0,0.0,-40.0
1776885411.0401027,-6.0,0.0,-47.0
1776885411.0501027,-5.0,3.0,-53.0
1776885411.0601027,-2.0,0.0,-48.0
1776885411.0701027,0.0,0.0,-49.0
1776885411.0801027,1.0,1.0,-45.0
1776885411.090103,2.0,-1.0,-38.0
1776885411.100103,6.0,3.0,-34.0
1776885411.110103,7.0,4.0,-40.0
1776885411.1201026,11.0,4.0,-42.0
1776885411.1301026,10.0,1.0,-43.0
1776885411.1401026,7.0,0.0,-40.0
1776885411.1501029,7.0,-1.0,-38.0
1776885411.1601028,3.0,-2.0,-42.0
1776885411.1701028,1.0,0.0,-43.0
1776885411.1801028,2.0,-1.0,-47.0
1776885411.1901028,7.0,-2.0,-42.0
1776885411.2001028,5.0,-2.0,-38.0
1776885411.2101028,7.0,-5.0,-32.0
1776885411.2201028,5.0,-4.0,-43.0
1776885411.2301028,2.0,-3.0,-45.0
1776885411.2401028,0.0,0.0,-51.0
1776885411.2501028,1.0,0.0,-55.0
1776885411.2601027,1.0,0.0,-52.0
1776885411.2701027,1.0,0.0,-46.0
1776885411.281103,-1.0,0.0,-38.0
1776885411.2901027,0.0,-5.0,-35.0
1776885411.3011026,2.0,-7.0,-35.0
1776885411.3111026,5.0,-5.0,-35.0
1776885411.3211029,4.0,-7.0,-45.0
1776885411.3311028,2.0,-9.0,-46.0
1776885411.3411028,-1.0,-9.0,-47.0
1776885411.3511028,-1.0,-8.0,-46.0
1776885411.3611028,3.0,-4.0,-53.0
1776885411.3711028,0.0,-3.0,-45.0
1776885411.3811028,0.0,-3.0,-45.0
1776885411.3911028,2.0,0.0,-43.0
1776885411.4011028,2.0,2.0,-39.0
1776885411.4111028,4.0,7.0,-39.0
1776885411.4211028,6.0,6.0,-36.0
1776885411.4311028,6.0,3.0,-49.0
1776885411.4411027,4.0,3.0,-52.0
1776885411.4511027,2.0,3.0,-51.0
1776885411.4611027,5.0,1.0,-56.0
1776885411.4711027,3.0,0.0,-55.0
1776885411.4811027,2.0,0.0,-49.0
1776885411.4911027,4.0,-2.0,-48.0
1776885411.5011027,1.0,-3.0,-47.0
1776885411.511103,0.0,2.0,-41.0
1776885411.521103,-2.0,3.0,-38.0
1776885411.531103,2.0,5.0,-41.0
1776885411.5411026,0.0,2.0,-39.0
1776885411.5511026,0.0,0.0,-40.0
1776885411.5611026,-2.0,-4.0,-43.0
1776885411.5711029,-4.0,-6.0,-41.0
1776885411.5811028,0.0,-6.0,-36.0
1776885411.5911028,0.0,-1.0,-38.0
1776885411.6011028,3.0,2.0,-41.0
1776885411.6111028,5.0,0.0,-40.0
1776885411.6211028,-1.0,0.0,-44.0
1776885411.6311028,-5.0,0.0,-41.0
1776885411.6411028,-2.0,-1.0,-45.0
1776885411.6511028,-6.0,0.0,-47.0
1776885411.6611028,-7.0,0.0,-50.0
1776885411.6711028,-7.0,-1.0,-50.0
1776885411.6811028,-5.0,-1.0,-46.0
1776885411.6911027,-3.0,-4.0,-47.0
1776885411.7011027,0.0,-6.0,-44.0
1776885411.7111027,-2.0,-3.0,-49.0
1776885411.7211027,-10.0,-7.0,-45.0
1776885411.7311027,-10.0,-5.0,-45.0
1776885411.7411027,-2.0,-9.0,-43.0
1776885411.7511027,0.0,-7.0,-49.0
1776885411.761103,0.0,-5.0,-60.0
1776885411.771103,0.0,-9.0,-59.0
1776885411.781103,1.0,-8.0,-59.0
1776885411.7911026,1.0,-7.0,-54.0
1776885411.8011026,0.0,0.0,-49.0
1776885411.8111026,3.0,3.0,-41.0
1776885411.8211029,5.0,2.0,-39.0
1776885411.8311028,2.0,0.0,-39.0
1776885411.8411028,4.0,0.0,-35.0
1776885411.8511028,7.0,0.0,-38.0
1776885411.8611028,8.0,-1.0,-38.0
1776885411.8711028,6.0,-1.0,-42.0
1776885411.8811028,3.0,-1.0,-40.0
1776885411.8911028,-2.0,1.0,-41.0
1776885411.9011028,5.0,0.0,-46.0
1776885411.9111028,4.0,0.0,-50.0
1776885411.9211028,4.0,2.0,-66.0
1776885411.9311028,6.0,1.0,-64.0
1776885411.9411027,5.0,-2.0,-57.0
1776885411.9511027,1.0,0.0,-53.0
1776885411.9611027,0.0,3.0,-58.0
1776885411.9711027,-1.0,0.0,-58.0
1776885411.9811027,0.0,0.0,-52.0
1776885411.9911027,-1.0,3.0,-42.0
1776885412.0011027,-4.0,2.0,-44.0
1776885412.011103,1.0,2.0,-50.0
1776885412.021103,3.0,-1.0,-52.0
1776885412.031103,5.0,0.0,-54.0
1776885412.0411026,0.0,3.0,-46.0
1776885412.0511026,1.0,2.0,-38.0
1776885412.0611026,0.0,3.0,-41.0
1776885412.0711029,-1.0,1.0,-42.0
1776885412.0811028,4.0,2.0,-47.0
1776885412.0911028,6.0,8.0,-50.0
1776885412.1011028,7.0,5.0,-41.0
1776885412.1111028,8.0,6.0,-38.0
1776885412.1211028,7.0,6.0,-41.0
1776885412.1311028,0.0,4.0,-46.0
1776885412.1411028,5.0,2.0,-46.0
1776885412.1511028,4.0,4.0,-48.0
1776885412.1611028,4.0,5.0,-42.0
1776885412.1711028,3.0,4.0,-47.0
1776885412.1811028,4.0,6.0,-49.0
1776885412.1911027,0.0,6.0,-38.0
1776885412.2011027,-2.0,7.0,-39.0
1776885412.2111027,2.0,6.0,-47.0
1776885412.2211027,2.0,5.0,-47.0
1776885412.2311027,2.0,3.0,-53.0
1776885412.2411027,-2.0,0.0,-52.0
1776885412.2511027,0.0,0.0,-47.0
1776885412.261103,0.0,-3.0,-46.0
1776885412.271103,0.0,-5.0,-42.0
1776885412.281103,0.0,-9.0,-45.0
1776885412.2911026,-1.0,-10.0,-40.0
1776885412.3011026,0.0,-8.0,-41.0
1776885412.3111026,-1.0,-3.0,-33.0
1776885412.3211029,0.0,-5.0,-34.0
1776885412.3311028,-2.0,0.0,-40.0
1776885412.3411028,-1.0,0.0,-42.0
1776885412.3511028,0.0,2.0,-49.0
1776885412.3611028,2.0,2.0,-50.0
1776885412.3711028,1.0,7.0,-56.0
1776885412.3811028,0.0,7.0,-54.0
1776885412.3911028,1.0,2.0,-45.0
1776885412.4011028,-2.0,2.0,-42.0
1776885412.4111028,0.0,-1.0,-38.0
1776885412.4211028,-3.0,-2.0,-35.0
1776885412.4311028,-3.0,-1.0,-36.0
1776885412.4411027,-2.0,0.0,-41.0
1776885412.4511027,-1.0,0.0,-44.0
1776885412.4611027,-4.0,-4.0,-38.0
1776885412.4711027,-1.0,-9.0,-36.0
1776885412.4811027,-2.0,-6.0,-31.0
1776885412.4911027,-3.0,-6.0,-28.0
1776885412.5011027,-2.0,-4.0,-28.0
1776885412.511103,-5.0,0.0,-33.0
1776885412.521103,-5.0,-3.0,-30.0
1776885412.531103,-3.0,-8.0,-41.0
1776885412.5411026,-2.0,-8.0,-48.0
1776885412.5511026,0.0,-4.0,-49.0
1776885412.5611026,-1.0,-4.0,-47.0
1776885412.5711029,1.0,-4.0,-53.0
1776885412.5811028,1.0,-4.0,-55.0
1776885412.5911028,5.0,-1.0,-51.0
1776885412.6011028,7.0,-1.0,-55.0
1776885412.6111028,5.0,-2.0,-49.0
1776885412.6211028,5.0,-2.0,-46.0
1776885412.6311028,8.0,0.0,-47.0
1776885412.6411028,6.0,0.0,-46.0
1776885412.6511028,7.0,0.0,-36.0
1776885412.6611028,1.0,-2.0,-32.0
1776885412.6711028,-2.0,-3.0,-32.0
1776885412.6811028,0.0,-5.0,-31.0
1776885412.6911027,5.0,0.0,-32.0
1776885412.7011027,6.0,2.0,-33.0
1776885412.7111027,5.0,0.0,-37.0
1776885412.7211027,5.0,0.0,-38.0
1776885412.7311027,9.0,-4.0,-45.0
1776885412.7411027,11.0,-2.0,-46.0
1776885412.7511027,10.0,0.0,-48.0
1776885412.761103,5.0,5.0,-46.0
1776885412.771103,-1.0,5.0,-42.0
1776885412.781103,-3.0,0.0,-45.0
1776885412.7911026,-2.0,1.0,-45.0
1776885412.8011026,0.0,0.0,-45.0
1776885412.8111026,-1.0,4.0,-45.0
1776885412.8211029,0.0,0.0,-41.0
1776885412.8311028,-2.0,1.0,-44.0
1776885412.8411028,0.0,0.0,-45.0
1776885412.8511028,-1.0,0.0,-45.0
1776885412.8611028,-1.0,-2.0,-46.0
1776885412.8711028,-2.0,-4.0,-38.0
1776885412.8811028,-3.0,-6.0,-39.0
1776885412.8911028,0.0,-5.0,-48.0
1776885412.9011028,2.0,-5.0,-42.0
1776885412.9111028,0.0,-8.0,-42.0
1776885412.9211028,-3.0,-5.0,-40.0
1776885412.9311028,-1.0,-1.0,-39.0
1776885412.9411027,-4.0,-1.0,-47.0
1776885412.9511027,-3.0,0.0,-37.0
1776885412.9611027,0.0,1.0,-37.0
1776885412.9711027,-1.0,-1.0,-46.0
1776885412.9811027,3.0,-1.0,-49.0
1776885412.9911027,1.0,1.0,-46.0
1776885413.0011027,-3.0,0.0,-42.0
1776885413.011103,-4.0,1.0,-37.0
1776885413.021103,-1.0,0.0,-42.0
1776885413.031103,-2.0,-1.0,-49.0
1776885413.0411026,-3.0,-1.0,-47.0
1776885413.0511026,-4.0,-4.0,-44.0
1776885413.0611026,-3.0,-3.0,-46.0
1776885413.0711029,1.0,-5.0,-47.0
1776885413.0811028,1.0,-2.0,-51.0
1776885413.0911028,1.0,0.0,-49.0
1776885413.1011028,0.0,1.0,-44.0
1776885413.1111028,1.0,1.0,-43.0
1776885413.1211028,2.0,1.0,-48.0
1776885413.1311028,3.0,0.0,-51.0
1776885413.1411028,2.0,1.0,-46.0
1776885413.1511028,2.0,2.0,-43.0
1776885413.1611028,0.0,0.0,-35.0
1776885413.1711028,2.0,-1.0,-37.0
1776885413.1811028,2.0,-6.0,-36.0
1776885413.1911027,-3.0,-4.0,-36.0
1776885413.2011027,-2.0,-6.0,-37.0
1776885413.2111027,1.0,-8.0,-42.0
1776885413.2211027,2.0,-8.0,-41.0
1776885413.2311027,3.0,-8.0,-44.0
1776885413.2411027,3.0,-7.0,-45.0
1776885413.2511027,0.0,-5.0,-45.0
1776885413.261103,-4.0,-4.0,-46.0
1776885413.271103,-2.0,-5.0,-49.0
1776885413.2821028,-5.0,-3.0,-42.0
1776885413.2921028,-4.0,-1.0,-43.0
1776885413.3021028,-2.0,-3.0,-52.0
1776885413.3121028,0.0,-3.0,-46.0
1776885413.3221028,3.0,-7.0,-52.0
1776885413.3321028,2.0,-10.0,-59.0
1776885413.3421028,1.0,-8.0,-58.0
1776885413.3521028,1.0,-6.0,-59.0
1776885413.3621027,4.0,-5.0,-54.0
1776885413.3721027,3.0,-5.0,-46.0
1776885413.3821027,3.0,-4.0,-45.0
1776885413.3921027,0.0,-3.0,-43.0
1776885413.4021027,2.0,-1.0,-44.0
1776885413.4121027,-1.0,-3.0,-51.0
1776885413.4221027,1.0,-4.0,-55.0
1776885413.432103,1.0,-6.0,-55.0
1776885413.442103,5.0,-8.0,-56.0
1776885413.452103,1.0,-6.0,-51.0
1776885413.462103,-3.0,-7.0,-54.0
1776885413.4721026,-5.0,-9.0,-56.0
1776885413.4821026,-4.0,-9.0,-50.0
1776885413.4921026,0.0,-5.0,-52.0
1776885413.5021029,1.0,-3.0,-46.0
1776885413.5121028,0.0,-5.0,-41.0
1776885413.5221028,-1.0,-5.0,-43.0
1776885413.5321028,1.0,-1.0,-43.0
1776885413.5421028,2.0,-2.0,-38.0
1776885413.5521028,0.0,-1.0,-32.0
1776885413.5621028,-2.0,-2.0,-37.0
1776885413.5721028,0.0,1.0,-40.0
1776885413.5821028,0.0,0.0,-40.0
1776885413.5921028,0.0,0.0,-41.0
1776885413.6021028,-3.0,-6.0,-37.0
1776885413.6121027,-1.0,-2.0,-36.0
1776885413.6221027,-1.0,-2.0,-40.0
1776885413.6321027,1.0,-1.0,-41.0
1776885413.6421027,0.0,-2.0,-49.0
1776885413.6521027,1.0,-3.0,-42.0
1776885413.6621027,7.0,-7.0,-46.0
1776885413.6721027,2.0,-1.0,-46.0
1776885413.682103,1.0,-2.0,-46.0
1776885413.692103,-1.0,-5.0,-42.0
1776885413.702103,2.0,-2.0,-41.0
1776885413.712103,-2.0,0.0,-46.0
1776885413.7221026,0.0,0.0,-40.0
1776885413.7321026,4.0,-1.0,-45.0
1776885413.7421026,4.0,0.0,-46.0
1776885413.7521029,4.0,0.0,-40.0
1776885413.7621028,2.0,0.0,-38.0
1776885413.7721028,2.0,2.0,-32.0
1776885413.7821028,2.0,4.0,-36.0
1776885413.7921028,4.0,4.0,-36.0
1776885413.8021028,1.0,2.0,-36.0
1776885413.8121028,0.0,-2.0,-38.0
1776885413.8221028,0.0,-5.0,-45.0
1776885413.8321028,-3.0,-8.0,-45.0
1776885413.8421028,-2.0,-8.0,-43.0
1776885413.8521028,-3.0,-7.0,-39.0
1776885413.8621027,0.0,-6.0,-46.0
1776885413.8721027,3.0,-10.0,-47.0
1776885413.8821027,3.0,-6.0,-45.0
1776885413.8921027,1.0,-8.0,-36.0
1776885413.9021027,1.0,-3.0,-34.0
1776885413.9121027,3.0,0.0,-39.0
1776885413.9221027,3.0,-1.0,-40.0
1776885413.932103,1.0,-6.0,-46.0
1776885413.942103,0.0,-10.0,-43.0
1776885413.952103,0.0,-3.0,-45.0
1776885413.962103,1.0,-5.0,-47.0
1776885413.9721026,1.0,-8.0,-47.0
1776885413.9821026,3.0,-10.0,-45.0
1776885413.9921026,6.0,-8.0,-43.0
1776885414.0021029,9.0,-8.0,-43.0
1776885414.0121028,5.0,-8.0,-43.0
1776885414.0221028,3.0,-4.0,-46.0
1776885414.0321028,7.0,-5.0,-45.0
1776885414.0421028,2.0,-1.0,-44.0
1776885414.0521028,1.0,-1.0,-46.0
1776885414.0621028,2.0,-1.0,-47.0
1776885414.0721028,-2.0,0.0,-45.0
1776885414.0821028,0.0,2.0,-49.0
1776885414.0921028,3.0,5.0,-44.0
1776885414.1021028,3.0,5.0,-42.0
1776885414.1121027,0.0,4.0,-42.0
1776885414.1221027,-4.0,3.0,-40.0
1776885414.1321027,-3.0,2.0,-34.0
1776885414.1421027,-1.0,2.0,-33.0
1776885414.1521027,-7.0,0.0,-34.0
1776885414.1621027,-8.0,-4.0,-37.0
1776885414.1721027,-7.0,-4.0,-35.0
1776885414.182103,-4.0,-4.0,-36.0
1776885414.192103,-3.0,-6.0,-42.0
1776885414.202103,-5.0,-2.0,-45.0
1776885414.212103,-5.0,-2.0,-45.0
1776885414.2221026,-2.0,2.0,-49.0
1776885414.2321026,0.0,0.0,-49.0
1776885414.2421026,-6.0,0.0,-42.0
1776885414.2521029,-1.0,0.0,-40.0
1776885414.2621028,-1.0,2.0,-40.0
1776885414.2721028,-2.0,3.0,-43.0
1776885414.2821028,2.0,7.0,-47.0
1776885414.2921028,-1.0,4.0,-46.0
1776885414.3021028,0.0,6.0,-44.0
1776885414.3121028,1.0,2.0,-45.0
1776885414.3221028,0.0,2.0,-50.0
1776885414.3321028,0.0,4.0,-48.0
1776885414.3421028,-1.0,9.0,-44.0
1776885414.3521028,0.0,3.0,-44.0
1776885414.3621027,0.0,5.0,-39.0
1776885414.3721027,0.0,9.0,-37.0
1776885414.3821027,-2.0,9.0,-41.0
1776885414.3921027,2.0,11.0,-41.0
1776885414.4021027,0.0,11.0,-44.0
1776885414.4121027,-1.0,7.0,-40.0
1776885414.4221027,0.0,2.0,-42.0
1776885414.432103,0.0,2.0,-43.0
1776885414.442103,0.0,5.0,-43.0
1776885414.452103,-2.0,5.0,-38.0
1776885414.462103,-2.0,6.0,-44.0
1776885414.4721026,-2.0,5.0,-44.0
1776885414.4821026,-1.0,3.0,-46.0
1776885414.4921026,1.0,2.0,-42.0
1776885414.5021029,-2.0,-1.0,-40.0
1776885414.5121028,0.0,0.0,-46.0
1776885414.5221028,0.0,0.0,-51.0
1776885414.5321028,-3.0,-3.0,-45.0
1776885414.5421028,-2.0,-3.0,-43.0
1776885414.5521028,1.0,-1.0,-45.0
1776885414.5621028,3.0,-2.0,-42.0
1776885414.5721028,0.0,-3.0,-39.0
1776885414.5821028,0.0,-2.0,-45.0
1776885414.5921028,0.0,1.0,-44.0
1776885414.6021028,3.0,0.0,-42.0
1776885414.6121027,4.0,1.0,-47.0
1776885414.6221027,5.0,2.0,-43.0
1776885414.6321027,2.0,3.0,-41.0
1776885414.6421027,0.0,1.0,-36.0
1776885414.6521027,0.0,0.0,-36.0
1776885414.6621027,3.0,-3.0,-35.0
1776885414.6721027,3.0,-1.0,-29.0
1776885414.682103,4.0,-4.0,-31.0
1776885414.692103,2.0,-1.0,-30.0
1776885414.702103,1.0,-3.0,-40.0
1776885414.712103,3.0,-5.0,-44.0
1776885414.7221026,0.0,-2.0,-46.0
1776885414.7321026,-1.0,-4.0,-44.0
1776885414.7421026,-2.0,-6.0,-45.0
1776885414.7521029,-5.0,-5.0,-48.0
1776885414.7621028,-3.0,-4.0,-47.0
1776885414.7721028,0.0,-3.0,-47.0
1776885414.7821028,2.0,-2.0,-50.0
1776885414.7921028,2.0,0.0,-48.0
1776885414.8021028,1.0,0.0,-49.0
1776885414.8121028,-2.0,2.0,-51.0
1776885414.8221028,-4.0,1.0,-50.0
1776885414.8321028,-6.0,0.0,-51.0
1776885414.8421028,-7.0,2.0,-47.0
1776885414.8521028,-9.0,-3.0,-40.0
1776885414.8621027,-5.0,-7.0,-43.0
1776885414.8721027,-2.0,-10.0,-45.0
1776885414.8821027,-1.0,-4.0,-41.0
1776885414.8921027,3.0,-5.0,-40.0
1776885414.9021027,2.0,-3.0,-41.0
1776885414.9121027,3.0,-1.0,-42.0
1776885414.9221027,0.0,0.0,-44.0
1776885414.932103,0.0,-2.0,-39.0
1776885414.942103,-1.0,-7.0,-43.0
1776885414.952103,0.0,-9.0,-47.0
1776885414.962103,1.0,-9.0,-45.0
1776885414.9721026,0.0,-8.0,-47.0
1776885414.9821026,4.0,-9.0,-43.0
1776885414.9921026,4.0,-5.0,-45.0
1776885415.0021029,3.0,-9.0,-38.0
1776885415.0121028,-1.0,-5.0,-40.0
1776885415.0221028,-3.0,-7.0,-41.0
1776885415.0321028,-2.0,-6.0,-40.0
1776885415.0421028,-1.0,-4.0,-41.0
1776885415.0521028,-2.0,-4.0,-44.0
1776885415.0621028,-1.0,0.0,-45.0
1776885415.0721028,0.0,-1.0,-49.0
1776885415.0821028,-1.0,-6.0,-49.0
1776885415.0921028,-1.0,-1.0,-46.0
1776885415.1021028,-6.0,-3.0,-45.0
1776885415.1121027,-4.0,-7.0,-45.0
1776885415.1221027,-9.0,-5.0,-43.0
1776885415.1321027,-11.0,-1.0,-45.0
1776885415.1421027,-10.0,0.0,-46.0
1776885415.1521027,-7.0,-2.0,-42.0
1776885415.1621027,-2.0,-3.0,-45.0
1776885415.1721027,-1.0,0.0,-46.0
1776885415.182103,1.0,0.0,-42.0
1776885415.192103,1.0,0.0,-44.0
1776885415.202103,4.0,0.0,-39.0
1776885415.212103,1.0,0.0,-42.0
1776885415.2231028,-1.0,-2.0,-44.0
1776885415.2321026,0.0,-8.0,-46.0
1776885415.2421026,0.0,-10.0,-45.0
1776885415.2521029,2.0,-12.0,-48.0
1776885415.2631028,1.0,-9.0,-48.0
1776885415.2731028,3.0,-10.0,-44.0
1776885415.2831028,3.0,-3.0,-45.0
1776885415.2931027,0.0,0.0,-45.0
1776885415.3031027,0.0,0.0,-47.0
1776885415.3131027,0.0,4.0,-50.0
1776885415.3231027,-4.0,2.0,-45.0
1776885415.3331027,-2.0,2.0,-46.0
1776885415.3421028,-4.0,-2.0,-49.0
1776885415.3531027,-5.0,-1.0,-41.0
1776885415.363103,-2.0,0.0,-39.0
1776885415.373103,0.0,4.0,-50.0
1776885415.383103,0.0,0.0,-53.0
1776885415.3931026,5.0,0.0,-51.0
1776885415.4031026,5.0,2.0,-53.0
1776885415.4131026,1.0,0.0,-56.0
1776885415.4231029,0.0,-2.0,-52.0
1776885415.4331028,-2.0,-1.0,-46.0
1776885415.4431028,-3.0,0.0,-41.0
1776885415.4531028,-1.0,0.0,-40.0
1776885415.4631028,3.0,-5.0,-39.0
1776885415.4731028,1.0,-5.0,-41.0
1776885415.4831028,2.0,-2.0,-48.0
1776885415.4931028,3.0,-3.0,-42.0
1776885415.5031028,3.0,-5.0,-40.0
1776885415.5131028,1.0,0.0,-41.0
1776885415.5231028,4.0,-1.0,-47.0
1776885415.5331028,3.0,0.0,-48.0
1776885415.5431027,10.0,-6.0,-53.0
1776885415.5531027,7.0,-6.0,-49.0
1776885415.5631027,6.0,-5.0,-51.0
1776885415.5731027,5.0,-5.0,-53.0
1776885415.5831027,0.0,-6.0,-47.0
1776885415.5931027,1.0,-3.0,-50.0
1776885415.6031027,0.0,-6.0,-43.0
1776885415.613103,0.0,-9.0,-42.0
1776885415.623103,0.0,-10.0,-41.0
1776885415.633103,-1.0,-11.0,-35.0
1776885415.6431026,1.0,-5.0,-42.0
1776885415.6531026,0.0,-2.0,-40.0
1776885415.6631026,1.0,0.0,-39.0
1776885415.6731029,1.0,-1.0,-38.0
1776885415.6831028,0.0,0.0,-41.0
1776885415.6931028,1.0,0.0,-43.0
1776885415.7031028,4.0,-6.0,-44.0
1776885415.7131028,3.0,-3.0,-46.0
1776885415.7231028,3.0,-3.0,-49.0
1776885415.7331028,2.0,-4.0,-51.0
1776885415.7431028,0.0,0.0,-54.0
1776885415.7531028,0.0,3.0,-52.0
1776885415.7631028,1.0,0.0,-50.0
1776885415.7731028,2.0,-1.0,-49.0
1776885415.7831028,4.0,2.0,-55.0
1776885415.7931027,4.0,1.0,-51.0
1776885415.8031027,4.0,0.0,-51.0
1776885415.8131027,3.0,-5.0,-55.0
1776885415.8231027,2.0,-6.0,-53.0
1776885415.8331027,1.0,-4.0,-51.0
1776885415.8431027,0.0,-5.0,-51.0
1776885415.8531027,2.0,-3.0,-57.0
1776885415.863103,-2.0,-1.0,-52.0
1776885415.873103,-5.0,0.0,-56.0
1776885415.883103,-4.0,-1.0,-55.0
1776885415.8931026,-3.0,0.0,-55.0
1776885415.9031026,-3.0,-2.0,-57.0
1776885415.9131026,-3.0,-4.0,-53.0
1776885415.9231029,-3.0,-4.0,-50.0
1776885415.9331028,-1.0,-4.0,-52.0
1776885415.9431028,1.0,-4.0,-56.0
1776885415.9531028,2.0,-2.0,-57.0
1776885415.9631028,3.0,-2.0,-51.0
1776885415.9731028,1.0,-1.0,-43.0
1776885415.9831028,-1.0,0.0,-44.0
1776885415.9931028,-1.0,2.0,-48.0
1776885416.0031028,-2.0,0.0,-48.0
1776885416.0131028,-5.0,-5.0,-51.0
1776885416.0231028,-9.0,-8.0,-50.0
1776885416.0331028,-8.0,-8.0,-57.0
1776885416.0431027,-5.0,-6.0,-56.0
1776885416.0531027,0.0,-2.0,-55.0
1776885416.0631027,1.0,-2.0,-54.0
1776885416.0731027,-2.0,-5.0,-49.0
1776885416.0831027,0.0,-6.0,-48.0
1776885416.0931027,0.0,-3.0,-52.0
1776885416.1031027,-5.0,-4.0,-48.0
1776885416.113103,-4.0,-2.0,-49.0
1776885416.123103,-1.0,0.0,-50.0
1776885416.133103,1.0,2.0,-53.0
1776885416.1431026,3.0,1.0,-48.0
1776885416.1531026,1.0,0.0,-52.0
1776885416.1631026,0.0,-2.0,-55.0
1776885416.1731029,-5.0,-4.0,-55.0
1776885416.1831028,-6.0,-3.0,-47.0
1776885416.1931028,-2.0,-1.0,-48.0
1776885416.2031028,-3.0,4.0,-46.0
1776885416.2131028,0.0,3.0,-45.0
1776885416.2231028,0.0,2.0,-45.0
1776885416.2331028,-1.0,0.0,-43.0
1776885416.2431028,-7.0,7.0,-41.0
1776885416.2531028,-3.0,9.0,-38.0
1776885416.2631028,-3.0,11.0,-47.0
1776885416.2731028,0.0,7.0,-53.0
1776885416.2831028,-2.0,5.0,-49.0
1776885416.2931027,0.0,-1.0,-44.0
1776885416.3031027,0.0,-3.0,-38.0
1776885416.3131027,1.0,-3.0,-32.0
1776885416.3231027,8.0,-4.0,-34.0
1776885416.3331027,4.0,-1.0,-34.0
1776885416.3431027,5.0,-1.0,-37.0
1776885416.3531027,4.0,-1.0,-41.0
1776885416.363103,2.0,1.0,-36.0
1776885416.373103,4.0,2.0,-38.0
1776885416.383103,0.0,0.0,-33.0
1776885416.3931026,7.0,-3.0,-33.0
1776885416.4031026,6.0,-7.0,-38.0
1776885416.4131026,1.0,-8.0,-36.0
1776885416.4231029,1.0,-5.0,-41.0
1776885416.4331028,6.0,-5.0,-47.0
1776885416.4431028,8.0,-3.0,-39.0
1776885416.4531028,5.0,-3.0,-45.0
1776885416.4631028,8.0,-4.0,-53.0
1776885416.4731028,11.0,0.0,-57.0
1776885416.4831028,14.0,-2.0,-55.0
1776885416.4931028,12.0,-1.0,-58.0
1776885416.5031028,11.0,-3.0,-57.0
1776885416.5131028,8.0,0.0,-50.0
1776885416.5231028,8.0,-7.0,-53.0
1776885416.5331028,5.0,-9.0,-55.0
1776885416.5431027,4.0,-10.0,-55.0
1776885416.5531027,4.0,-6.0,-54.0
1776885416.5631027,7.0,-2.0,-44.0
1776885416.5731027,4.0,-2.0,-41.0
1776885416.5831027,1.0,-7.0,-40.0
1776885416.5931027,-3.0,-6.0,-44.0
1776885416.6031027,-4.0,-3.0,-47.0
1776885416.613103,1.0,-6.0,-43.0
1776885416.623103,3.0,-4.0,-52.0
1776885416.633103,0.0,-6.0,-48.0
1776885416.6431026,0.0,-10.0,-48.0
1776885416.6531026,-3.0,-6.0,-48.0
1776885416.6631026,-3.0,-3.0,-47.0
1776885416.6731029,-7.0,-4.0,-45.0
1776885416.6831028,-4.0,-3.0,-46.0
1776885416.6931028,-4.0,0.0,-45.0
1776885416.7031028,-7.0,0.0,-37.0
1776885416.7131028,-4.0,-3.0,-35.0
1776885416.7231028,-1.0,-7.0,-39.0
1776885416.7331028,1.0,-8.0,-39.0
1776885416.7431028,1.0,-12.0,-30.0
1776885416.7531028,1.0,-11.0,-26.0
1776885416.7631028,-3.0,-8.0,-23.0
1776885416.7731028,-4.0,-3.0,-33.0
1776885416.7831028,-2.0,-2.0,-40.0
1776885416.7931027,0.0,-1.0,-47.0
1776885416.8031027,-2.0,0.0,-51.0
1776885416.8131027,-3.0,-5.0,-40.0
1776885416.8231027,-5.0,-5.0,-35.0
1776885416.8331027,-2.0,-5.0,-32.0
1776885416.8431027,-1.0,0.0,-37.0
1776885416.8531027,-3.0,0.0,-39.0
1776885416.863103,-3.0,-1.0,-42.0
1776885416.873103,-4.0,0.0,-41.0
1776885416.883103,-2.0,0.0,-38.0
1776885416.8931026,1.0,-1.0,-41.0
1776885416.9031026,-1.0,-5.0,-41.0
1776885416.9131026,-7.0,-9.0,-44.0
1776885416.9231029,-7.0,-6.0,-44.0
1776885416.9331028,-5.0,-2.0,-32.0
1776885416.9431028,-1.0,-2.0,-35.0
1776885416.9531028,-4.0,-1.0,-36.0
1776885416.9631028,-2.0,-1.0,-37.0
1776885416.9731028,-4.0,0.0,-44.0
1776885416.9831028,0.0,0.0,-52.0
1776885416.9931028,2.0,-2.0,-51.0
1776885417.0031028,3.0,0.0,-50.0
1776885417.0131028,3.0,0.0,-50.0
1776885417.0231028,3.0,-1.0,-50.0
1776885417.0331028,7.0,-1.0,-49.0
1776885417.0431027,4.0,-1.0,-53.0
1776885417.0531027,1.0,1.0,-49.0
1776885417.0631027,2.0,0.0,-41.0
1776885417.0731027,3.0,4.0,-42.0
1776885417.0831027,8.0,6.0,-42.0
1776885417.0931027,9.0,5.0,-51.0
1776885417.1031027,5.0,2.0,-48.0
1776885417.113103,6.0,-2.0,-45.0
1776885417.123103,2.0,-1.0,-48.0
1776885417.133103,3.0,0.0,-52.0
1776885417.1431026,2.0,0.0,-53.0
1776885417.1531026,-1.0,-2.0,-53.0
1776885417.1631026,-3.0,-4.0,-52.0
1776885417.1731029,-3.0,-5.0,-47.0
1776885417.1831028,-2.0,0.0,-49.0
1776885417.1931028,-1.0,2.0,-47.0
1776885417.2031028,1.0,4.0,-47.0
1776885417.2131028,0.0,3.0,-46.0
1776885417.2231028,4.0,2.0,-45.0
1776885417.2331028,5.0,2.0,-49.0
1776885417.2441027,2.0,1.0,-52.0
1776885417.2541027,-1.0,-4.0,-51.0
1776885417.2641027,0.0,-7.0,-57.0
1776885417.2741027,0.0,-9.0,-54.0
1776885417.284103,-1.0,-6.0,-50.0
1776885417.294103,-3.0,-5.0,-47.0
1776885417.304103,-4.0,-4.0,-42.0
1776885417.3141026,-5.0,-11.0,-38.0
1776885417.3241026,-3.0,-12.0,-45.0
1776885417.3341026,0.0,-7.0,-48.0
1776885417.3441026,0.0,-4.0,-45.0
1776885417.3541028,-5.0,-4.0,-50.0
1776885417.3641028,-5.0,-2.0,-46.0
1776885417.3741028,-3.0,0.0,-43.0
1776885417.3841028,-4.0,0.0,-47.0
1776885417.3941028,-3.0,0.0,-51.0
1776885417.4041028,3.0,-3.0,-46.0
1776885417.4141028,3.0,-5.0,-48.0
1776885417.4241028,3.0,-6.0,-50.0
1776885417.4341028,-2.0,-5.0,-45.0
1776885417.4441028,-5.0,-4.0,-45.0
1776885417.4541028,-4.0,-3.0,-45.0
1776885417.4641027,1.0,-6.0,-49.0
1776885417.4741027,3.0,-4.0,-47.0
1776885417.4841027,2.0,-5.0,-41.0
1776885417.4941027,5.0,-2.0,-44.0
1776885417.5041027,6.0,0.0,-45.0
1776885417.5141027,8.0,1.0,-40.0
1776885417.5241027,10.0,-1.0,-35.0
1776885417.534103,6.0,-4.0,-36.0
1776885417.544103,-2.0,-5.0,-39.0
1776885417.554103,-1.0,-7.0,-38.0
1776885417.5641026,-1.0,-5.0,-35.0
1776885417.5741026,-1.0,-6.0,-34.0
1776885417.5841026,-1.0,-8.0,-35.0
1776885417.5941026,1.0,-6.0,-36.0
1776885417.6041028,1.0,-7.0,-38.0
1776885417.6141028,1.0,-10.0,-38.0
1776885417.6241028,0.0,-6.0,-36.0
1776885417.6341028,-3.0,-10.0,-39.0
1776885417.6441028,0.0,-5.0,-41.0
1776885417.6541028,-1.0,-2.0,-43.0
1776885417.6641028,0.0,-3.0,-39.0
1776885417.6741028,1.0,-2.0,-42.0
1776885417.6841028,0.0,-1.0,-34.0
1776885417.6941028,-1.0,0.0,-45.0
1776885417.7041028,-2.0,0.0,-46.0
1776885417.7141027,-4.0,1.0,-49.0
1776885417.7241027,-1.0,0.0,-53.0
1776885417.7341027,-1.0,1.0,-55.0
1776885417.7441027,-3.0,3.0,-57.0
1776885417.7541027,0.0,0.0,-56.0
1776885417.7641027,0.0,1.0,-51.0
1776885417.7741027,0.0,3.0,-47.0
1776885417.784103,-2.0,3.0,-45.0
1776885417.794103,0.0,4.0,-47.0
1776885417.804103,0.0,1.0,-51.0
1776885417.8141026,-1.0,-3.0,-45.0
1776885417.8241026,-3.0,-1.0,-41.0
1776885417.8341026,-2.0,0.0,-39.0
1776885417.8441026,-3.0,5.0,-44.0
1776885417.8541028,-2.0,9.0,-45.0
1776885417.8641028,-2.0,5.0,-41.0
1776885417.8741028,-2.0,3.0,-39.0
1776885417.8841028,-4.0,1.0,-41.0
1776885417.8941028,-1.0,0.0,-29.0
1776885417.9041028,2.0,1.0,-28.0
1776885417.9141028,0.0,5.0,-30.0
1776885417.9241028,3.0,5.0,-42.0
1776885417.9341028,3.0,2.0,-52.0
1776885417.9441028,7.0,-2.0,-49.0
1776885417.9541028,9.0,1.0,-43.0
1776885417.9641027,6.0,-1.0,-45.0
1776885417.9741027,5.0,-5.0,-40.0
1776885417.9841027,4.0,-6.0,-42.0
1776885417.9941027,1.0,-4.0,-43.0
1776885418.0041027,-3.0,-3.0,-34.0
1776885418.0141027,-3.0,-4.0,-29.0
1776885418.0241027,-4.0,1.0,-32.0
1776885418.034103,-5.0,-1.0,-42.0
1776885418.044103,-7.0,-7.0,-48.0
1776885418.054103,-3.0,-6.0,-43.0
1776885418.0641026,-1.0,-6.0,-46.0
1776885418.0741026,-2.0,-8.0,-40.0
1776885418.0841026,0.0,-4.0,-42.0
1776885418.0941026,-4.0,-2.0,-43.0
1776885418.1041028,-6.0,1.0,-49.0
1776885418.1141028,-8.0,3.0,-48.0
1776885418.1241028,-6.0,0.0,-46.0
1776885418.1341028,-5.0,3.0,-49.0
1776885418.1441028,-1.0,3.0,-55.0
1776885418.1541028,0.0,2.0,-53.0
1776885418.1641028,-5.0,0.0,-54.0
1776885418.1741028,-9.0,-5.0,-55.0
1776885418.1841028,-10.0,-5.0,-46.0
1776885418.1941028,-10.0,-4.0,-45.0
1776885418.2041028,-10.0,-6.0,-39.0
1776885418.2141027,-7.0,-5.0,-43.0
1776885418.2241027,-7.0,-7.0,-43.0
1776885418.2341027,-3.0,-11.0,-38.0
1776885418.2441027,-3.0,-6.0,-43.0
1776885418.2541027,-7.0,-3.0,-46.0
1776885418.2641027,-3.0,-2.0,-43.0
1776885418.2741027,-6.0,-2.0,-47.0
1776885418.284103,-5.0,-4.0,-51.0
1776885418.294103,-10.0,0.0,-53.0
1776885418.304103,-9.0,2.0,-52.0
1776885418.3141026,-7.0,-1.0,-50.0
1776885418.3241026,-9.0,-3.0,-54.0
1776885418.3341026,-9.0,-2.0,-56.0
1776885418.3441026,-4.0,-1.0,-52.0
1776885418.3541028,-2.0,-3.0,-50.0
1776885418.3641028,-7.0,-7.0,-48.0
1776885418.3741028,-2.0,-4.0,-47.0
1776885418.3841028,0.0,0.0,-52.0
1776885418.3941028,0.0,-1.0,-53.0
1776885418.4041028,0.0,0.0,-50.0
1776885418.4141028,0.0,-1.0,-45.0
1776885418.4241028,0.0,4.0,-45.0
1776885418.4341028,0.0,4.0,-41.0
1776885418.4441028,3.0,1.0,-40.0
1776885418.4541028,2.0,-5.0,-36.0
1776885418.4641027,5.0,-4.0,-36.0
1776885418.4741027,4.0,-6.0,-29.0
1776885418.4841027,4.0,-7.0,-29.0
1776885418.4941027,0.0,-5.0,-29.0
1776885418.5041027,-1.0,-1.0,-28.0
1776885418.5141027,-1.0,2.0,-31.0
1776885418.5241027,-1.0,4.0,-39.0
1776885418.534103,-2.0,1.0,-42.0
1776885418.544103,-4.0,3.0,-45.0
1776885418.554103,0.0,-1.0,-47.0
1776885418.5641026,0.0,-2.0,-46.0
1776885418.5741026,3.0,-2.0,-46.0
1776885418.5841026,6.0,-5.0,-45.0
1776885418.5941026,6.0,-1.0,-39.0
1776885418.6041028,4.0,0.0,-41.0
1776885418.6141028,6.0,-1.0,-43.0
1776885418.6241028,9.0,0.0,-47.0
1776885418.6341028,11.0,1.0,-51.0
1776885418.6441028,9.0,-2.0,-48.0
1776885418.6541028,9.0,0.0,-50.0
1776885418.6641028,8.0,0.0,-54.0
1776885418.6741028,7.0,0.0,-46.0
1776885418.6841028,5.0,-3.0,-46.0
1776885418.6941028,10.0,-3.0,-47.0
1776885418.7041028,4.0,0.0,-47.0
1776885418.7141027,2.0,-2.0,-46.0
1776885418.7241027,4.0,-4.0,-52.0
1776885418.7341027,4.0,-3.0,-50.0
1776885418.7441027,3.0,-3.0,-54.0
1776885418.7541027,4.0,-5.0,-55.0
1776885418.7641027,-2.0,0.0,-51.0
1776885418.7741027,-5.0,1.0,-46.0
1776885418.784103,-1.0,0.0,-47.0
1776885418.794103,0.0,1.0,-49.0
1776885418.804103,0.0,-1.0,-47.0
1776885418.8141026,2.0,1.0,-40.0
1776885418.8241026,5.0,0.0,-42.0
1776885418.8341026,3.0,-3.0,-45.0
1776885418.8441026,0.0,-3.0,-49.0
1776885418.8541028,0.0,0.0,-40.0
1776885418.8641028,-1.0,-4.0,-37.0
1776885418.8741028,-2.0,-3.0,-29.0
1776885418.8841028,-5.0,-1.0,-27.0
1776885418.8941028,-3.0,1.0,-30.0
1776885418.9041028,-2.0,-1.0,-31.0
1776885418.9141028,-6.0,-4.0,-29.0
1776885418.9241028,-5.0,-6.0,-30.0
1776885418.9341028,-4.0,-9.0,-35.0
1776885418.9441028,-6.0,-8.0,-41.0
1776885418.9541028,-3.0,-12.0,-39.0
1776885418.9641027,-3.0,-11.0,-41.0
1776885418.9741027,-5.0,-5.0,-34.0
1776885418.9841027,-7.0,-2.0,-36.0
1776885418.9941027,-11.0,-3.0,-40.0
1776885419.0041027,-8.0,-3.0,-46.0
1776885419.0141027,-4.0,-2.0,-47.0
1776885419.0241027,0.0,1.0,-48.0
1776885419.034103,1.0,-1.0,-42.0
1776885419.044103,4.0,-5.0,-37.0
1776885419.054103,7.0,-4.0,-40.0
1776885419.0641026,7.0,-2.0,-38.0
1776885419.0741026,8.0,-3.0,-39.0
1776885419.0841026,8.0,-1.0,-42.0
1776885419.0941026,8.0,0.0,-47.0
1776885419.1041028,8.0,1.0,-48.0
1776885419.1141028,7.0,-1.0,-42.0
1776885419.1241028,3.0,-5.0,-38.0
1776885419.1341028,4.0,-4.0,-34.0
1776885419.1441028,6.0,0.0,-33.0
1776885419.1541028,6.0,0.0,-38.0
1776885419.1641028,9.0,0.0,-39.0
1776885419.1741028,8.0,0.0,-33.0
1776885419.1841028,4.0,0.0,-38.0
1776885419.1941028,0.0,-2.0,-45.0
1776885419.2041028,-4.0,-6.0,-40.0
1776885419.215103,-3.0,-10.0,-35.0
1776885419.225103,-1.0,-7.0,-41.0
1776885419.235103,0.0,-6.0,-45.0
1776885419.2451026,0.0,-3.0,-41.0
1776885419.2551026,0.0,-2.0,-37.0
1776885419.2651026,0.0,-3.0,-41.0
1776885419.2751029,-6.0,-5.0,-42.0
1776885419.2851028,-5.0,-6.0,-47.0
1776885419.2951028,-5.0,-5.0,-48.0
1776885419.3051028,1.0,0.0,-52.0
1776885419.3151028,1.0,3.0,-54.0
1776885419.3251028,0.0,0.0,-49.0
1776885419.3351028,0.0,0.0,-48.0
1776885419.3451028,0.0,-5.0,-53.0
1776885419.3551028,-1.0,0.0,-52.0
1776885419.3651028,-3.0,5.0,-41.0
1776885419.3751028,-1.0,7.0,-43.0
1776885419.3851027,1.0,8.0,-49.0
1776885419.3951027,4.0,1.0,-46.0
1776885419.4051027,4.0,6.0,-40.0
1776885419.4151027,0.0,6.0,-34.0
1776885419.4251027,-2.0,7.0,-34.0
1776885419.4351027,-4.0,7.0,-32.0
1776885419.4451027,-5.0,1.0,-33.0
1776885419.4551027,-2.0,2.0,-32.0
1776885419.465103,-2.0,1.0,-41.0
1776885419.475103,-4.0,0.0,-42.0
1776885419.485103,-4.0,-2.0,-41.0
1776885419.4951026,-7.0,0.0,-43.0
1776885419.5051026,-11.0,5.0,-38.0
1776885419.5151026,-9.0,0.0,-38.0
1776885419.5251029,-8.0,0.0,-42.0
1776885419.5351028,-4.0,0.0,-42.0
1776885419.5451028,2.0,3.0,-38.0
1776885419.5551028,4.0,5.0,-39.0
1776885419.5651028,4.0,5.0,-39.0
1776885419.5751028,0.0,3.0,-40.0
1776885419.5851028,6.0,1.0,-37.0
1776885419.5951028,9.0,-1.0,-37.0
1776885419.6051028,10.0,0.0,-35.0
1776885419.6151028,12.0,1.0,-34.0
1776885419.6251028,13.0,1.0,-33.0
1776885419.6351027,11.0,-2.0,-39.0
1776885419.6451027,12.0,-3.0,-41.0
1776885419.6551027,10.0,0.0,-37.0
1776885419.6651027,6.0,6.0,-37.0
1776885419.6751027,1.0,7.0,-32.0
1776885419.6851027,0.0,5.0,-39.0
1776885419.6951027,0.0,6.0,-38.0
1776885419.7051027,0.0,-1.0,-39.0
1776885419.715103,-2.0,0.0,-37.0
1776885419.725103,-1.0,-3.0,-35.0
1776885419.735103,2.0,-4.0,-37.0
1776885419.7451026,-2.0,-5.0,-45.0
1776885419.7551026,-8.0,-2.0,-47.0
1776885419.7651026,-4.0,0.0,-49.0
1776885419.7751029,-1.0,-6.0,-44.0
1776885419.7851028,0.0,0.0,-40.0
1776885419.7951028,-2.0,0.0,-42.0
1776885419.8051028,-5.0,0.0,-42.0
1776885419.8151028,-2.0,-3.0,-46.0
1776885419.8251028,-1.0,-7.0,-48.0
1776885419.8351028,0.0,-2.0,-46.0
1776885419.8451028,0.0,-3.0,-49.0
1776885419.8551028,-1.0,-3.0,-48.0
1776885419.8651028,-1.0,-2.0,-49.0
1776885419.8751028,-4.0,0.0,-43.0
1776885419.8851027,-8.0,0.0,-44.0
1776885419.8951027,-6.0,1.0,-45.0
1776885419.9051027,-1.0,-2.0,-47.0
1776885419.9151027,0.0,0.0,-43.0
1776885419.9251027,2.0,-3.0,-42.0
1776885419.9351027,0.0,-6.0,-40.0
1776885419.9451027,-1.0,-8.0,-43.0
1776885419.9551027,-4.0,-6.0,-43.0
1776885419.965103,-5.0,-3.0,-39.0
1776885419.975103,-7.0,-5.0,-41.0
1776885419.985103,-6.0,-7.0,-32.0
1776885419.9951026,-3.0,0.0,-38.0
1776885420.0051026,-3.0,2.0,-39.0
1776885420.0151026,0.0,1.0,-39.0
1776885420.0251029,0.0,-2.0,-36.0
1776885420.0351028,0.0,-7.0,-40.0
1776885420.0451028,0.0,-8.0,-37.0
1776885420.0551028,0.0,-4.0,-40.0
1776885420.0651028,-4.0,-2.0,-42.0
1776885420.0751028,-11.0,-6.0,-38.0
1776885420.0851028,-8.0,-5.0,-41.0
1776885420.0951028,-8.0,-5.0,-38.0
1776885420.1051028,-6.0,-4.0,-34.0
1776885420.1151028,-4.0,-3.0,-37.0
1776885420.1251028,-2.0,-2.0,-40.0
1776885420.1351027,-3.0,-5.0,-44.0
1776885420.1451027,-5.0,-8.0,-51.0
1776885420.1551027,-2.0,-10.0,-53.0
1776885420.1651027,0.0,-8.0,-55.0
1776885420.1751027,6.0,-5.0,-56.0
1776885420.1851027,1.0,-8.0,-53.0
1776885420.1951027,0.0,-7.0,-54.0
1776885420.2051027,3.0,-6.0,-48.0
1776885420.215103,4.0,-7.0,-42.0
1776885420.225103,6.0,-8.0,-42.0
1776885420.235103,5.0,-9.0,-35.0
1776885420.2451026,7.0,-4.0,-28.0
1776885420.2551026,10.0,-7.0,-40.0
1776885420.2651026,7.0,-5.0,-46.0
1776885420.2751029,3.0,-1.0,-48.0
1776885420.2851028,2.0,0.0,-47.0
1776885420.2951028,3.0,0.0,-53.0
1776885420.3051028,4.0,0.0,-49.0
1776885420.3151028,2.0,0.0,-48.0
1776885420.3251028,2.0,-2.0,-47.0
1776885420.3351028,4.0,-2.0,-46.0
1776885420.3451028,6.0,0.0,-43.0
1776885420.3551028,9.0,-1.0,-36.0
1776885420.3651028,12.0,-6.0,-37.0
1776885420.3751028,6.0,-5.0,-38.0
1776885420.3851027,8.0,-4.0,-43.0
1776885420.3951027,8.0,-2.0,-47.0
1776885420.4051027,10.0,-7.0,-46.0
1776885420.4151027,5.0,-9.0,-43.0
1776885420.4251027,0.0,-3.0,-38.0
1776885420.4351027,1.0,-4.0,-31.0
1776885420.4451027,0.0,-3.0,-33.0
1776885420.4551027,0.0,-4.0,-41.0
1776885420.465103,0.0,-1.0,-45.0
1776885420.475103,-1.0,-2.0,-42.0
1776885420.485103,-4.0,-1.0,-40.0
1776885420.4951026,-5.0,-1.0,-36.0
1776885420.5051026,-1.0,-4.0,-37.0
1776885420.5151026,0.0,0.0,-47.0
1776885420.5251029,-1.0,-2.0,-48.0
1776885420.5351028,1.0,-7.0,-51.0
1776885420.5451028,0.0,-3.0,-51.0
1776885420.5551028,0.0,-1.0,-43.0
1776885420.5651028,1.0,-6.0,-49.0
1776885420.5751028,2.0,-2.0,-55.0
1776885420.5851028,5.0,-1.0,-51.0
1776885420.5951028,3.0,0.0,-49.0
1776885420.6051028,9.0,1.0,-50.0
1776885420.6151028,10.0,1.0,-47.0
1776885420.6251028,7.0,0.0,-45.0
1776885420.6351027,-3.0,0.0,-43.0
1776885420.6451027,-4.0,4.0,-43.0
1776885420.6551027,-6.0,3.0,-37.0
1776885420.6651027,-6.0,2.0,-47.0
1776885420.6751027,-9.0,0.0,-38.0
1776885420.6851027,-8.0,1.0,-30.0
1776885420.6951027,-8.0,2.0,-38.0
1776885420.7051027,-7.0,0.0,-39.0
1776885420.715103,-9.0,0.0,-37.0
1776885420.725103,-7.0,-3.0,-39.0
1776885420.735103,-3.0,-3.0,-45.0
1776885420.7451026,-8.0,0.0,-46.0
1776885420.7551026,-5.0,-1.0,-37.0
1776885420.7651026,-3.0,-2.0,-41.0
1776885420.7751029,1.0,-3.0,-42.0
1776885420.7851028,6.0,0.0,-45.0
1776885420.7951028,3.0,1.0,-45.0
1776885420.8051028,7.0,-2.0,-43.0
1776885420.8151028,7.0,-4.0,-43.0
1776885420.8251028,4.0,-4.0,-43.0
1776885420.8351028,5.0,-6.0,-51.0
1776885420.8451028,0.0,-12.0,-55.0
1776885420.8551028,2.0,-12.0,-57.0
1776885420.8651028,0.0,-9.0,-53.0
1776885420.8751028,-5.0,-7.0,-55.0
1776885420.8851027,-4.0,-4.0,-48.0
1776885420.8951027,-2.0,1.0,-51.0
1776885420.9051027,-2.0,0.0,-51.0
1776885420.9151027,-4.0,3.0,-52.0
1776885420.9251027,-5.0,-1.0,-48.0
1776885420.9351027,-3.0,-4.0,-46.0
1776885420.9451027,-3.0,-1.0,-41.0
1776885420.9551027,-2.0,-1.0,-40.0
1776885420.965103,-2.0,-2.0,-38.0
1776885420.975103,-2.0,-3.0,-34.0
1776885420.985103,0.0,-4.0,-32.0
1776885420.9951026,2.0,-5.0,-29.0
1776885421.0051026,4.0,-4.0,-30.0
1776885421.0151026,7.0,-7.0,-32.0
1776885421.0251029,6.0,-3.0,-36.0
1776885421.0351028,3.0,-1.0,-37.0
1776885421.0451028,0.0,0.0,-39.0
1776885421.0551028,0.0,0.0,-37.0
1776885421.0651028,0.0,0.0,-40.0
1776885421.0751028,0.0,1.0,-35.0
1776885421.0851028,3.0,4.0,-36.0
1776885421.0951028,5.0,2.0,-32.0
1776885421.1051028,5.0,2.0,-33.0
1776885421.1151028,7.0,1.0,-34.0
1776885421.1251028,4.0,-2.0,-33.0
1776885421.1351027,7.0,-1.0,-32.0
1776885421.1451027,3.0,-1.0,-30.0
1776885421.1551027,1.0,-2.0,-27.0
1776885421.1651027,-2.0,-3.0,-30.0
1776885421.1751027,1.0,-2.0,-36.0
1776885421.1851027,2.0,-7.0,-37.0
1776885421.1961029,4.0,-4.0,-30.0
1776885421.2051027,4.0,1.0,-31.0
1776885421.2161028,5.0,4.0,-37.0
1776885421.2261028,2.0,1.0,-45.0
1776885421.2361028,-2.0,-2.0,-42.0
1776885421.2461028,-5.0,-1.0,-37.0
1776885421.2561028,-4.0,0.0,-37.0
1776885421.2661028,-2.0,3.0,-43.0
1776885421.2761028,-4.0,2.0,-47.0
1776885421.2861028,-1.0,1.0,-46.0
1776885421.2961028,4.0,-2.0,-48.0
1776885421.3061028,4.0,-4.0,-52.0
1776885421.3161027,0.0,0.0,-47.0
1776885421.3261027,-1.0,-5.0,-43.0
1776885421.3361027,-1.0,-1.0,-44.0
1776885421.3461027,-2.0,-4.0,-51.0
1776885421.3561027,0.0,-7.0,-53.0
1776885421.3661027,1.0,-5.0,-54.0
1776885421.3761027,3.0,-3.0,-54.0
1776885421.386103,2.0,-4.0,-48.0
1776885421.396103,7.0,-4.0,-49.0
1776885421.406103,6.0,-3.0,-54.0
1776885421.4161026,5.0,3.0,-52.0
1776885421.4261026,6.0,3.0,-58.0
1776885421.4361026,3.0,3.0,-51.0
1776885421.4461029,1.0,3.0,-46.0
1776885421.4561028,1.0,5.0,-43.0
1776885421.4661028,2.0,3.0,-41.0
1776885421.4761028,0.0,4.0,-45.0
1776885421.4861028,3.0,6.0,-40.0
1776885421.4961028,4.0,4.0,-37.0
1776885421.5061028,7.0,3.0,-33.0
1776885421.5161028,8.0,6.0,-36.0
1776885421.5261028,5.0,2.0,-38.0
1776885421.5361028,4.0,0.0,-34.0
1776885421.5461028,6.0,-1.0,-38.0
1776885421.5561028,6.0,1.0,-44.0
1776885421.5661027,4.0,0.0,-41.0
1776885421.5761027,4.0,0.0,-40.0
1776885421.5861027,6.0,-1.0,-35.0
1776885421.5961027,10.0,0.0,-34.0
1776885421.6061027,8.0,0.0,-36.0
1776885421.6161027,7.0,0.0,-39.0
1776885421.6261027,1.0,1.0,-37.0
1776885421.636103,2.0,3.0,-36.0
1776885421.646103,0.0,8.0,-35.0
1776885421.656103,0.0,10.0,-36.0
1776885421.6661026,1.0,6.0,-40.0
1776885421.6761026,-3.0,1.0,-38.0
1776885421.6861026,-6.0,5.0,-39.0
1776885421.6961029,-7.0,4.0,-48.0
1776885421.7061028,-3.0,5.0,-50.0
1776885421.7161028,1.0,4.0,-53.0
1776885421.7261028,5.0,0.0,-55.0
1776885421.7361028,1.0,0.0,-52.0
1776885421.7461028,2.0,2.0,-48.0
1776885421.7561028,-4.0,2.0,-45.0
1776885421.7661028,-5.0,2.0,-46.0
1776885421.7761028,-4.0,2.0,-52.0
1776885421.7861028,-5.0,4.0,-57.0
1776885421.7961028,-7.0,4.0,-58.0
1776885421.8061028,-6.0,2.0,-54.0
1776885421.8161027,2.0,1.0,-54.0
1776885421.8261027,2.0,-3.0,-48.0
1776885421.8361027,3.0,-1.0,-48.0
1776885421.8461027,1.0,1.0,-51.0
1776885421.8561027,0.0,3.0,-48.0
1776885421.8661027,4.0,2.0,-39.0
1776885421.8761027,7.0,2.0,-42.0
1776885421.886103,5.0,4.0,-50.0
1776885421.896103,4.0,0.0,-50.0
1776885421.906103,6.0,-1.0,-50.0
1776885421.9161026,7.0,-1.0,-44.0
1776885421.9261026,2.0,1.0,-42.0
1776885421.9361026,1.0,-2.0,-39.0
1776885421.9461029,1.0,-1.0,-42.0
1776885421.9561028,5.0,0.0,-44.0
1776885421.9661028,3.0,-1.0,-45.0
1776885421.9761028,0.0,-2.0,-49.0
1776885421.9861028,3.0,-1.0,-44.0
1776885421.9961028,0.0,0.0,-43.0
1776885422.0061028,1.0,3.0,-48.0
1776885422.0161028,4.0,6.0,-45.0
1776885422.0261028,5.0,2.0,-49.0
1776885422.0361028,7.0,1.0,-51.0
1776885422.0461028,5.0,-1.0,-54.0
1776885422.0561028,5.0,0.0,-46.0
1776885422.0661027,5.0,1.0,-42.0
1776885422.0761027,4.0,4.0,-44.0
1776885422.0861027,5.0,0.0,-35.0
1776885422.0961027,8.0,0.0,-38.0
1776885422.1061027,3.0,-1.0,-45.0
1776885422.1161027,4.0,0.0,-40.0
1776885422.1261027,2.0,0.0,-38.0
1776885422.136103,0.0,1.0,-41.0
1776885422.146103,0.0,0.0,-47.0
1776885422.156103,2.0,2.0,-44.0
1776885422.1671028,4.0,-1.0,-44.0
1776885422.1761026,4.0,-4.0,-48.0
1776885422.1861026,9.0,-1.0,-43.0
1776885422.1961029,10.0,0.0,-41.0
1776885422.2061028,10.0,-2.0,-39.0
1776885422.2161028,12.0,-3.0,-43.0
1776885422.2261028,10.0,-3.0,-43.0
1776885422.2361028,5.0,0.0,-41.0
1776885422.2461028,0.0,0.0,-42.0
1776885422.2561028,-5.0,-5.0,-45.0
1776885422.2661028,-2.0,-3.0,-48.0
1776885422.2761028,-4.0,-2.0,-38.0
1776885422.2861028,-3.0,0.0,-41.0
1776885422.2961028,0.0,1.0,-39.0
1776885422.3061028,1.0,1.0,-42.0
1776885422.3161027,0.0,0.0,-45.0
1776885422.3261027,0.0,1.0,-40.0
1776885422.3361027,2.0,-3.0,-39.0
1776885422.3461027,0.0,-3.0,-46.0
1776885422.3561027,2.0,-2.0,-44.0
1776885422.3661027,2.0,-6.0,-51.0
1776885422.3761027,4.0,-5.0,-48.0
1776885422.386103,2.0,-2.0,-43.0
1776885422.396103,3.0,0.0,-42.0
1776885422.406103,0.0,-4.0,-40.0
1776885422.4161026,-2.0,-7.0,-38.0
1776885422.4261026,-2.0,-7.0,-40.0
1776885422.4361026,-4.0,-10.0,-42.0
1776885422.4461029,-4.0,-9.0,-47.0
1776885422.4561028,-1.0,-8.0,-47.0
1776885422.4661028,-4.0,-4.0,-51.0
1776885422.4761028,-2.0,-1.0,-51.0
1776885422.4861028,-3.0,-1.0,-50.0
1776885422.4961028,-2.0,-1.0,-43.0
1776885422.5061028,0.0,0.0,-47.0
1776885422.5161028,2.0,3.0,-47.0
1776885422.5261028,2.0,4.0,-47.0
1776885422.5361028,3.0,5.0,-48.0
1776885422.5461028,9.0,-1.0,-47.0
1776885422.5561028,5.0,-1.0,-47.0
1776885422.5661027,1.0,0.0,-55.0
1776885422.5761027,4.0,-1.0,-52.0
1776885422.5861027,4.0,-1.0,-53.0
1776885422.5961027,1.0,-3.0,-54.0
1776885422.6061027,0.0,-2.0,-57.0
1776885422.6161027,-3.0,-4.0,-57.0
1776885422.6261027,-6.0,0.0,-54.0
1776885422.636103,-6.0,0.0,-47.0
1776885422.646103,-9.0,2.0,-42.0
1776885422.656103,-4.0,1.0,-42.0
1776885422.6661026,-2.0,0.0,-43.0
1776885422.6761026,-2.0,-1.0,-48.0
1776885422.6861026,0.0,-4.0,-53.0
1776885422.6961029,0.0,-4.0,-58.0
1776885422.7061028,0.0,0.0,-55.0
1776885422.7161028,3.0,1.0,-53.0
1776885422.7261028,4.0,1.0,-57.0
1776885422.7361028,2.0,-1.0,-55.0
1776885422.7461028,4.0,0.0,-52.0
1776885422.7561028,5.0,-1.0,-55.0
1776885422.7661028,4.0,-3.0,-55.0
1776885422.7761028,2.0,-6.0,-51.0
1776885422.7861028,0.0,-5.0,-54.0
1776885422.7961028,2.0,-6.0,-50.0
1776885422.8061028,5.0,-8.0,-49.0
1776885422.8161027,7.0,-9.0,-48.0
1776885422.8261027,6.0,-9.0,-51.0
1776885422.8361027,5.0,-8.0,-39.0
1776885422.8461027,6.0,-5.0,-37.0
1776885422.8561027,6.0,-8.0,-38.0
1776885422.8661027,3.0,-9.0,-42.0
1776885422.8761027,3.0,-7.0,-48.0
1776885422.886103,1.0,-12.0,-42.0
1776885422.896103,-1.0,-7.0,-50.0
1776885422.906103,4.0,-5.0,-46.0
1776885422.9161026,1.0,-7.0,-46.0
1776885422.9261026,0.0,-4.0,-49.0
1776885422.9361026,5.0,-5.0,-46.0
1776885422.9461029,1.0,-3.0,-47.0
1776885422.9561028,2.0,-4.0,-46.0
1776885422.9661028,2.0,0.0,-45.0
1776885422.9761028,1.0,-2.0,-47.0
1776885422.9861028,2.0,1.0,-51.0
1776885422.9961028,0.0,0.0,-54.0
1776885423.0061028,-5.0,0.0,-53.0
1776885423.0161028,-4.0,-2.0,-54.0
1776885423.0261028,-1.0,-2.0,-56.0
1776885423.0361028,-1.0,-2.0,-55.0
1776885423.0461028,-2.0,-2.0,-52.0
1776885423.0561028,-2.0,-1.0,-43.0
1776885423.0661027,-2.0,-1.0,-43.0
1776885423.0761027,-2.0,-1.0,-40.0
1776885423.0861027,-8.0,2.0,-41.0
1776885423.0961027,-11.0,0.0,-49.0
1776885423.1061027,-11.0,-4.0,-42.0
1776885423.1161027,-4.0,-6.0,-40.0
1776885423.1261027,-1.0,-7.0,-47.0
1776885423.1371028,-1.0,-3.0,-50.0
1776885423.146103,-2.0,-3.0,-49.0
1776885423.156103,0.0,0.0,-44.0
1776885423.1661026,-3.0,0.0,-47.0
1776885423.1771028,-4.0,1.0,-45.0
1776885423.1871028,-1.0,2.0,-42.0
1776885423.1971028,-6.0,3.0,-41.0
1776885423.2071028,-1.0,0.0,-46.0
1776885423.2171028,1.0,0.0,-44.0
1776885423.2271028,4.0,0.0,-40.0
1776885423.2371027,3.0,-1.0,-35.0
1776885423.2471027,3.0,-1.0,-45.0
1776885423.2571027,2.0,-1.0,-42.0
1776885423.2671027,-3.0,1.0,-42.0
1776885423.2771027,-6.0,-1.0,-42.0
1776885423.2871027,-3.0,4.0,-45.0
1776885423.2971027,0.0,5.0,-45.0
1776885423.307103,3.0,-1.0,-48.0
1776885423.317103,0.0,-1.0,-54.0
1776885423.327103,1.0,0.0,-47.0
1776885423.337103,3.0,0.0,-47.0
1776885423.3471026,-2.0,0.0,-37.0
1776885423.3571026,0.0,-1.0,-35.0
1776885423.3671026,4.0,0.0,-33.0
1776885423.3771029,8.0,0.0,-33.0
1776885423.3871028,5.0,-1.0,-33.0
1776885423.3971028,2.0,-1.0,-34.0
1776885423.4071028,5.0,-2.0,-40.0
1776885423.4171028,2.0,2.0,-32.0
1776885423.4271028,4.0,5.0,-34.0
1776885423.4371028,0.0,4.0,-34.0
1776885423.4471028,0.0,1.0,-40.0
1776885423.4571028,-2.0,0.0,-47.0
1776885423.4671028,0.0,-5.0,-39.0
1776885423.4771028,-2.0,-6.0,-40.0
1776885423.4871027,0.0,-4.0,-36.0
1776885423.4971027,2.0,-1.0,-38.0
1776885423.5071027,1.0,-5.0,-38.0
1776885423.5171027,1.0,-7.0,-44.0
1776885423.5271027,5.0,-2.0,-49.0
1776885423.5371027,-1.0,0.0,-57.0
1776885423.5471027,-5.0,0.0,-60.0
1776885423.557103,-3.0,0.0,-48.0
1776885423.567103,-2.0,-2.0,-46.0
1776885423.577103,0.0,-1.0,-42.0
1776885423.587103,-4.0,0.0,-46.0
1776885423.5971026,-4.0,0.0,-46.0
1776885423.6071026,-5.0,-2.0,-45.0
1776885423.6171026,-4.0,-4.0,-40.0
1776885423.6271029,-1.0,-10.0,-40.0
1776885423.6371028,-1.0,-11.0,-43.0
1776885423.6471028,-2.0,-6.0,-45.0
1776885423.6571028,-1.0,-7.0,-52.0
1776885423.6671028,4.0,-5.0,-52.0
1776885423.6771028,7.0,-5.0,-59.0
1776885423.6871028,10.0,-4.0,-56.0
1776885423.6971028,8.0,-3.0,-51.0
1776885423.7071028,4.0,-2.0,-47.0
1776885423.7171028,3.0,-1.0,-47.0
1776885423.7271028,4.0,-1.0,-54.0
1776885423.7371027,4.0,-3.0,-53.0
1776885423.7471027,-1.0,-3.0,-50.0
1776885423.7571027,2.0,2.0,-48.0
1776885423.7671027,9.0,1.0,-44.0
1776885423.7771027,11.0,0.0,-36.0
1776885423.7871027,5.0,1.0,-38.0
1776885423.7971027,6.0,0.0,-37.0
1776885423.807103,1.0,2.0,-28.0
1776885423.817103,0.0,3.0,-34.0
1776885423.827103,-2.0,0.0,-41.0
1776885423.837103,-7.0,0.0,-44.0
1776885423.8471026,-7.0,0.0,-49.0
1776885423.8571026,-7.0,-2.0,-47.0
1776885423.8671026,-1.0,-2.0,-38.0
1776885423.8771029,3.0,0.0,-35.0
1776885423.8871028,3.0,0.0,-38.0
1776885423.8971028,2.0,-4.0,-39.0
1776885423.9071028,1.0,-3.0,-34.0
1776885423.9171028,0.0,-2.0,-33.0
1776885423.9271028,3.0,0.0,-38.0
1776885423.9371028,4.0,-1.0,-37.0
1776885423.9471028,0.0,-3.0,-39.0
1776885423.9571028,-1.0,-4.0,-40.0
1776885423.9671028,-1.0,-1.0,-38.0
1776885423.9771028,-1.0,-1.0,-34.0
1776885423.9871027,0.0,0.0,-31.0
1776885423.9971027,1.0,-1.0,-32.0
1776885424.0071027,4.0,-4.0,-34.0
1776885424.0171027,4.0,-5.0,-37.0
1776885424.0271027,8.0,-11.0,-38.0
1776885424.0371027,8.0,-12.0,-37.0
1776885424.0471027,7.0,-7.0,-32.0
1776885424.057103,4.0,-2.0,-32.0
1776885424.067103,4.0,-2.0,-31.0
1776885424.077103,2.0,-6.0,-32.0
1776885424.087103,3.0,-8.0,-31.0
1776885424.0971026,-2.0,-7.0,-33.0
1776885424.1071026,3.0,-4.0,-32.0
1776885424.1171026,3.0,-7.0,-29.0
1776885424.1271029,2.0,-6.0,-27.0
1776885424.1371028,2.0,-4.0,-37.0
1776885424.1471028,0.0,-3.0,-42.0
1776885424.1571028,5.0,-3.0,-41.0
1776885424.1671028,5.0,-4.0,-43.0
1776885424.1771028,0.0,-1.0,-39.0
1776885424.1871028,-1.0,-4.0,-36.0
1776885424.1971028,-5.0,-3.0,-35.0
1776885424.2071028,-5.0,-3.0,-27.0
1776885424.2171028,-6.0,0.0,-29.0
1776885424.2271028,-6.0,-1.0,-42.0
1776885424.2371027,-2.0,-4.0,-47.0
1776885424.2471027,-3.0,-4.0,-41.0
1776885424.2571027,0.0,-6.0,-37.0
1776885424.2671027,1.0,-6.0,-38.0
1776885424.2771027,-3.0,-4.0,-42.0
1776885424.2871027,-3.0,-2.0,-44.0
1776885424.2971027,0.0,-6.0,-49.0
1776885424.307103,0.0,-1.0,-50.0
1776885424.317103,9.0,0.0,-48.0
1776885424.327103,5.0,0.0,-50.0
1776885424.337103,3.0,0.0,-49.0
1776885424.3471026,3.0,1.0,-48.0
1776885424.3571026,4.0,2.0,-48.0
1776885424.3671026,0.0,6.0,-53.0
1776885424.3771029,-2.0,2.0,-50.0
1776885424.3871028,-2.0,2.0,-49.0
1776885424.3971028,0.0,3.0,-47.0
1776885424.4071028,-1.0,0.0,-38.0
1776885424.4171028,-3.0,0.0,-32.0
1776885424.4271028,-5.0,-1.0,-32.0
1776885424.4371028,-1.0,0.0,-32.0
1776885424.4471028,-3.0,1.0,-31.0
1776885424.4571028,-6.0,1.0,-33.0
1776885424.4671028,-3.0,-2.0,-39.0
1776885424.4771028,0.0,2.0,-44.0
1776885424.4871027,0.0,0.0,-43.0
1776885424.4971027,1.0,-2.0,-39.0
1776885424.5071027,3.0,0.0,-41.0
1776885424.5171027,3.0,2.0,-41.0
1776885424.5271027,3.0,1.0,-47.0
1776885424.5371027,6.0,-1.0,-48.0
1776885424.5471027,8.0,-4.0,-49.0
1776885424.557103,7.0,-7.0,-51.0
1776885424.567103,5.0,0.0,-43.0
1776885424.577103,4.0,0.0,-41.0
1776885424.587103,2.0,-2.0,-38.0
1776885424.5971026,0.0,0.0,-42.0
1776885424.6071026,-1.0,3.0,-45.0
1776885424.6171026,0.0,2.0,-45.0
1776885424.6271029,0.0,0.0,-46.0
1776885424.6371028,1.0,-1.0,-50.0
1776885424.6471028,-1.0,-3.0,-47.0
1776885424.6571028,0.0,-9.0,-48.0
1776885424.6671028,3.0,-5.0,-49.0
1776885424.6771028,4.0,-2.0,-48.0
1776885424.6871028,5.0,1.0,-47.0
1776885424.6971028,2.0,5.0,-52.0
1776885424.7071028,0.0,6.0,-52.0
1776885424.7171028,2.0,4.0,-55.0
1776885424.7271028,3.0,0.0,-55.0
1776885424.7371027,0.0,-5.0,-50.0
1776885424.7471027,2.0,-4.0,-45.0
1776885424.7571027,0.0,-3.0,-45.0
1776885424.7671027,-3.0,0.0,-46.0
1776885424.7771027,-6.0,0.0,-45.0
1776885424.7871027,-4.0,-8.0,-46.0
1776885424.7971027,0.0,-7.0,-47.0
1776885424.807103,4.0,-5.0,-46.0
1776885424.817103,4.0,0.0,-44.0
1776885424.827103,3.0,0.0,-40.0
1776885424.837103,3.0,-3.0,-37.0
1776885424.8471026,2.0,-1.0,-41.0
1776885424.8571026,7.0,-1.0,-46.0
1776885424.8671026,3.0,4.0,-45.0
1776885424.8771029,2.0,2.0,-39.0
1776885424.8871028,6.0,-4.0,-42.0
1776885424.8971028,1.0,-3.0,-42.0
1776885424.9071028,1.0,-1.0,-44.0
1776885424.9171028,0.0,-6.0,-42.0
1776885424.9271028,0.0,-2.0,-44.0
1776885424.9371028,0.0,3.0,-34.0
1776885424.9471028,-3.0,4.0,-33.0
1776885424.9571028,-9.0,2.0,-34.0
1776885424.9671028,-4.0,3.0,-29.0
1776885424.9771028,2.0,3.0,-31.0
1776885424.9871027,3.0,3.0,-28.0
1776885424.9971027,1.0,3.0,-32.0
1776885425.0071027,1.0,7.0,-36.0
1776885425.0171027,-1.0,3.0,-38.0
1776885425.0271027,-3.0,0.0,-41.0
1776885425.0371027,-2.0,0.0,-45.0
1776885425.0471027,-3.0,0.0,-46.0
1776885425.057103,-6.0,0.0,-49.0
1776885425.067103,-5.0,0.0,-55.0
1776885425.077103,-2.0,3.0,-51.0
1776885425.087103,0.0,1.0,-52.0
1776885425.0971026,4.0,0.0,-52.0
1776885425.1071026,3.0,-3.0,-49.0
1776885425.1171026,0.0,-3.0,-44.0
1776885425.1271029,0.0,0.0,-43.0
1776885425.1371028,4.0,0.0,-40.0
1776885425.1481028,5.0,0.0,-36.0
1776885425.1571028,4.0,-5.0,-41.0
1776885425.1681027,5.0,-8.0,-44.0
1776885425.1781027,1.0,-5.0,-43.0
1776885425.1881027,1.0,-5.0,-42.0
1776885425.1981027,2.0,-4.0,-37.0
1776885425.2081027,0.0,-4.0,-45.0
1776885425.2181027,0.0,-6.0,-40.0
1776885425.2281027,-1.0,-5.0,-41.0
1776885425.238103,-3.0,-5.0,-42.0
1776885425.248103,0.0,-2.0,-49.0
1776885425.258103,1.0,-2.0,-49.0
1776885425.2681026,0.0,-1.0,-45.0
1776885425.2781026,-5.0,-1.0,-49.0
1776885425.2881026,0.0,-5.0,-49.0
1776885425.2981029,3.0,-5.0,-51.0
1776885425.3081028,8.0,-5.0,-51.0
1776885425.3181028,8.0,-4.0,-43.0
1776885425.3281028,1.0,-7.0,-47.0
1776885425.3381028,4.0,-5.0,-50.0
1776885425.3481028,-1.0,-3.0,-56.0
1776885425.3581028,-1.0,-3.0,-57.0
1776885425.3681028,0.0,-1.0,-52.0
1776885425.3781028,0.0,-2.0,-51.0
1776885425.3881028,0.0,-6.0,-50.0
1776885425.3981028,2.0,-5.0,-46.0
1776885425.4081028,3.0,-6.0,-43.0
1776885425.4181027,0.0,-8.0,-46.0
1776885425.4281027,0.0,-13.0,-51.0
1776885425.4381027,1.0,-8.0,-50.0
1776885425.4481027,1.0,-7.0,-44.0
1776885425.4581027,8.0,-4.0,-43.0
1776885425.4681027,7.0,-4.0,-44.0
1776885425.4781027,6.0,-3.0,-40.0
1776885425.488103,6.0,-2.0,-43.0
1776885425.498103,13.0,-2.0,-49.0
1776885425.508103,16.0,0.0,-49.0
1776885425.5181026,13.0,2.0,-51.0
1776885425.5281026,13.0,1.0,-54.0
1776885425.5381026,5.0,0.0,-54.0
1776885425.5481029,0.0,-2.0,-52.0
1776885425.5581028,0.0,0.0,-48.0
1776885425.5681028,0.0,0.0,-46.0
1776885425.5781028,1.0,5.0,-42.0
1776885425.5881028,5.0,5.0,-34.0
1776885425.5981028,5.0,1.0,-33.0
1776885425.6081028,6.0,-2.0,-37.0
1776885425.6181028,7.0,-3.0,-38.0
1776885425.6281028,9.0,0.0,-40.0
1776885425.6381028,4.0,0.0,-42.0
1776885425.6481028,6.0,-2.0,-45.0
1776885425.6581028,2.0,-1.0,-45.0
1776885425.6681027,0.0,-4.0,-48.0
1776885425.6781027,2.0,-1.0,-42.0
1776885425.6881027,0.0,-1.0,-41.0
1776885425.6981027,3.0,-2.0,-35.0
1776885425.7081027,2.0,-1.0,-37.0
1776885425.7181027,3.0,-2.0,-38.0
1776885425.7281027,4.0,-3.0,-41.0
1776885425.738103,2.0,-4.0,-43.0
1776885425.748103,1.0,-7.0,-43.0
1776885425.758103,0.0,-4.0,-45.0
1776885425.7681026,-1.0,2.0,-46.0
1776885425.7781026,1.0,0.0,-48.0
1776885425.7881026,3.0,1.0,-46.0
1776885425.7981029,1.0,0.0,-49.0
1776885425.8081028,-1.0,-4.0,-44.0
1776885425.8181028,1.0,-5.0,-46.0
1776885425.8281028,3.0,0.0,-54.0
1776885425.8381028,5.0,0.0,-52.0
1776885425.8481028,5.0,-2.0,-46.0
1776885425.8581028,3.0,0.0,-47.0
1776885425.8681028,0.0,0.0,-42.0
1776885425.8781028,0.0,0.0,-42.0
1776885425.8881028,0.0,7.0,-46.0
1776885425.8981028,2.0,9.0,-43.0
1776885425.9081028,1.0,9.0,-42.0
1776885425.9181027,3.0,6.0,-39.0
1776885425.9281027,0.0,7.0,-43.0
1776885425.9381027,-4.0,8.0,-40.0
1776885425.9481027,-2.0,2.0,-39.0
1776885425.9581027,0.0,0.0,-37.0
1776885425.9681027,0.0,0.0,-40.0
1776885425.9781027,0.0,0.0,-41.0
1776885425.988103,5.0,-4.0,-40.0
1776885425.998103,6.0,-8.0,-36.0
1776885426.008103,1.0,-3.0,-38.0
1776885426.0181026,3.0,-1.0,-39.0
1776885426.0281026,3.0,-1.0,-42.0
1776885426.0381026,-3.0,1.0,-42.0
1776885426.0481029,-2.0,2.0,-37.0
1776885426.0581028,0.0,0.0,-37.0
1776885426.0681028,0.0,0.0,-38.0
1776885426.0781028,-1.0,0.0,-34.0
1776885426.0881028,0.0,-1.0,-32.0
1776885426.0981028,-2.0,0.0,-32.0
1776885426.1081028,0.0,-3.0,-31.0
1776885426.1181028,1.0,-6.0,-36.0
1776885426.1281028,-5.0,-1.0,-38.0
1776885426.1381028,-5.0,0.0,-36.0
1776885426.1481028,-3.0,-2.0,-37.0
1776885426.1581028,-2.0,-6.0,-37.0
1776885426.1681027,-1.0,-6.0,-44.0
1776885426.1781027,0.0,-5.0,-43.0
1776885426.1881027,-6.0,-2.0,-43.0
1776885426.1981027,-8.0,2.0,-40.0
1776885426.2081027,-7.0,4.0,-34.0
1776885426.2181027,-6.0,2.0,-31.0
1776885426.2281027,-9.0,0.0,-36.0
1776885426.238103,-9.0,2.0,-31.0
1776885426.248103,-8.0,1.0,-31.0
1776885426.258103,-3.0,5.0,-40.0
1776885426.2681026,0.0,5.0,-40.0
1776885426.2781026,5.0,4.0,-38.0
1776885426.2881026,10.0,1.0,-41.0
1776885426.2981029,7.0,5.0,-41.0
1776885426.3081028,3.0,2.0,-41.0
1776885426.3181028,4.0,-1.0,-37.0
1776885426.3281028,6.0,-3.0,-48.0
1776885426.3381028,5.0,-2.0,-53.0
1776885426.3481028,6.0,-1.0,-52.0
1776885426.3581028,2.0,0.0,-53.0
1776885426.3681028,0.0,0.0,-47.0
1776885426.3781028,-5.0,-1.0,-49.0
1776885426.3881028,-7.0,0.0,-48.0
1776885426.3981028,-2.0,-2.0,-41.0
1776885426.4081028,3.0,-2.0,-40.0
1776885426.4181027,4.0,-3.0,-35.0
1776885426.4281027,-2.0,-2.0,-34.0
1776885426.4381027,0.0,-1.0,-38.0
1776885426.4481027,2.0,-3.0,-34.0
1776885426.4581027,5.0,-4.0,-41.0
1776885426.4681027,5.0,-2.0,-34.0
1776885426.4781027,4.0,0.0,-38.0
1776885426.488103,3.0,1.0,-43.0
1776885426.498103,0.0,2.0,-51.0
1776885426.508103,-3.0,5.0,-50.0
1776885426.5181026,1.0,3.0,-49.0
1776885426.5281026,2.0,0.0,-44.0
1776885426.5381026,0.0,0.0,-47.0
1776885426.5481029,-6.0,0.0,-47.0
1776885426.5581028,-5.0,0.0,-48.0
1776885426.5681028,-6.0,5.0,-52.0
1776885426.5781028,-3.0,1.0,-51.0
1776885426.5881028,0.0,1.0,-53.0
1776885426.5981028,1.0,0.0,-51.0
1776885426.6081028,2.0,-2.0,-49.0
1776885426.6181028,3.0,2.0,-50.0
1776885426.6281028,2.0,4.0,-51.0
1776885426.6381028,0.0,2.0,-54.0
1776885426.6481028,-1.0,0.0,-48.0
1776885426.6581028,-4.0,-4.0,-50.0
1776885426.6681027,-3.0,-2.0,-50.0
1776885426.6781027,-3.0,0.0,-61.0
1776885426.6881027,-3.0,2.0,-57.0
1776885426.6981027,2.0,0.0,-49.0
1776885426.7081027,4.0,1.0,-48.0
1776885426.7181027,6.0,3.0,-48.0
1776885426.7281027,5.0,-2.0,-50.0
1776885426.738103,1.0,-1.0,-53.0
1776885426.748103,0.0,0.0,-55.0
1776885426.758103,-6.0,4.0,-41.0
1776885426.7681026,-3.0,2.0,-35.0
1776885426.7781026,0.0,3.0,-38.0
1776885426.7881026,0.0,5.0,-38.0
1776885426.7981029,2.0,3.0,-39.0
1776885426.8081028,2.0,2.0,-39.0
1776885426.8181028,2.0,0.0,-34.0
1776885426.8281028,1.0,0.0,-37.0
1776885426.8381028,-5.0,0.0,-44.0
1776885426.8481028,-6.0,0.0,-47.0
1776885426.8581028,-8.0,1.0,-44.0
1776885426.8681028,-9.0,0.0,-45.0
1776885426.8781028,-9.0,1.0,-42.0
1776885426.8881028,-9.0,0.0,-45.0
1776885426.8981028,-4.0,3.0,-47.0
1776885426.9081028,-5.0,3.0,-50.0
1776885426.9181027,0.0,5.0,-53.0
1776885426.9281027,0.0,5.0,-53.0
1776885426.9381027,1.0,6.0,-45.0
1776885426.9481027,-2.0,8.0,-50.0
1776885426.9581027,-4.0,0.0,-45.0
1776885426.9681027,-4.0,-2.0,-44.0
1776885426.9781027,-5.0,-3.0,-41.0
1776885426.988103,-1.0,3.0,-39.0
1776885426.998103,0.0,5.0,-41.0
1776885427.008103,0.0,2.0,-43.0
1776885427.0181026,0.0,3.0,-40.0
1776885427.0281026,-6.0,6.0,-47.0
1776885427.0381026,-6.0,7.0,-43.0
1776885427.0481029,-3.0,7.0,-38.0
1776885427.0581028,-2.0,6.0,-41.0
1776885427.0681028,-4.0,6.0,-37.0
1776885427.0781028,-5.0,4.0,-40.0
1776885427.0881028,-8.0,0.0,-43.0
1776885427.0981028,-1.0,-2.0,-43.0
1776885427.1091027,-4.0,-6.0,-44.0
1776885427.1191027,-4.0,-6.0,-47.0
1776885427.1281028,-4.0,-2.0,-48.0
1776885427.1391027,-4.0,0.0,-46.0
1776885427.1491027,-2.0,-1.0,-45.0
1776885427.159103,-3.0,0.0,-48.0
1776885427.169103,-7.0,-3.0,-48.0
1776885427.179103,-8.0,-4.0,-51.0
1776885427.1891026,-4.0,-5.0,-50.0
1776885427.1991026,-1.0,-2.0,-49.0
1776885427.2091026,1.0,0.0,-49.0
1776885427.2191026,2.0,-2.0,-44.0
1776885427.2291028,0.0,-4.0,-44.0
1776885427.2391028,2.0,-3.0,-42.0
1776885427.2491028,3.0,-5.0,-42.0
1776885427.2591028,1.0,-3.0,-39.0
1776885427.2691028,-1.0,-4.0,-39.0
1776885427.2791028,0.0,-3.0,-47.0
1776885427.2891028,-3.0,-1.0,-53.0
1776885427.2991028,-5.0,-2.0,-50.0
1776885427.3091028,0.0,-2.0,-47.0
1776885427.3191028,-2.0,-5.0,-48.0
1776885427.3291028,-2.0,-3.0,-45.0
1776885427.3391027,-1.0,-2.0,-38.0
1776885427.3491027,0.0,0.0,-41.0
1776885427.3591027,3.0,0.0,-43.0
1776885427.3691027,3.0,0.0,-45.0
1776885427.3791027,6.0,-2.0,-49.0
1776885427.3891027,3.0,-5.0,-47.0
1776885427.3991027,0.0,-6.0,-46.0
1776885427.409103,0.0,0.0,-46.0
1776885427.419103,0.0,1.0,-39.0
1776885427.429103,-1.0,0.0,-44.0
1776885427.4391026,0.0,0.0,-47.0
1776885427.4491026,0.0,-1.0,-43.0
1776885427.4591026,0.0,-6.0,-48.0
1776885427.4691026,1.0,-5.0,-51.0
1776885427.4791028,-1.0,0.0,-43.0
1776885427.4891028,-2.0,-3.0,-36.0
1776885427.4991028,-3.0,-3.0,-33.0
1776885427.5091028,-5.0,-1.0,-29.0
1776885427.5191028,-1.0,0.0,-31.0
1776885427.5291028,4.0,-2.0,-37.0
1776885427.5391028,5.0,-1.0,-44.0
1776885427.5491028,7.0,1.0,-48.0
1776885427.5591028,5.0,1.0,-39.0
1776885427.5691028,4.0,0.0,-37.0
1776885427.5791028,5.0,0.0,-37.0
1776885427.5891027,6.0,-4.0,-41.0
1776885427.5991027,10.0,-1.0,-37.0
1776885427.6091027,8.0,2.0,-40.0
1776885427.6191027,8.0,0.0,-38.0
1776885427.6291027,6.0,0.0,-31.0
1776885427.6391027,9.0,4.0,-29.0
1776885427.6491027,7.0,3.0,-30.0
1776885427.659103,3.0,0.0,-30.0
1776885427.669103,-1.0,2.0,-30.0
1776885427.679103,0.0,2.0,-37.0
1776885427.6891026,-2.0,0.0,-37.0
1776885427.6991026,-1.0,-3.0,-32.0
1776885427.7091026,-3.0,-4.0,-37.0
1776885427.7191026,-2.0,1.0,-41.0
1776885427.7291028,0.0,0.0,-39.0
1776885427.7391028,-2.0,0.0,-48.0
1776885427.7491028,-3.0,1.0,-49.0
1776885427.7591028,-3.0,2.0,-52.0
1776885427.7691028,-7.0,0.0,-52.0
1776885427.7791028,-8.0,-3.0,-58.0
1776885427.7891028,-4.0,-3.0,-50.0
1776885427.7991028,0.0,-2.0,-45.0
1776885427.8091028,-2.0,1.0,-43.0
1776885427.8191028,-4.0,2.0,-45.0
1776885427.8291028,-1.0,0.0,-38.0
1776885427.8391027,0.0,1.0,-35.0
1776885427.8491027,-1.0,-3.0,-34.0
1776885427.8591027,2.0,-8.0,-35.0
1776885427.8691027,2.0,-8.0,-30.0
1776885427.8791027,-1.0,-5.0,-28.0
1776885427.8891027,1.0,-1.0,-26.0
1776885427.8991027,3.0,-3.0,-35.0
1776885427.909103,0.0,-3.0,-37.0
1776885427.919103,2.0,-3.0,-45.0
1776885427.929103,1.0,-4.0,-45.0
1776885427.9391026,3.0,-9.0,-39.0
1776885427.9491026,-1.0,-9.0,-34.0
1776885427.9591026,0.0,-6.0,-42.0
1776885427.9691026,2.0,-4.0,-47.0
1776885427.9791028,2.0,-6.0,-49.0
1776885427.9891028,4.0,0.0,-43.0
1776885427.9991028,2.0,4.0,-42.0
1776885428.0091028,1.0,-1.0,-44.0
1776885428.0191028,0.0,-8.0,-47.0
1776885428.0291028,4.0,-9.0,-46.0
1776885428.0391028,2.0,-11.0,-42.0
1776885428.0491028,5.0,-8.0,-44.0
1776885428.0591028,2.0,-4.0,-53.0
1776885428.0691028,4.0,-2.0,-50.0
1776885428.0791028,5.0,-1.0,-50.0
1776885428.0891027,6.0,0.0,-54.0
1776885428.0991027,1.0,-1.0,-40.0
1776885428.1091027,-1.0,1.0,-41.0
1776885428.1191027,-2.0,4.0,-46.0
1776885428.1291027,-2.0,2.0,-45.0
1776885428.1391027,-2.0,4.0,-40.0
1776885428.1491027,0.0,7.0,-41.0
1776885428.159103,0.0,5.0,-39.0
1776885428.169103,0.0,1.0,-40.0
1776885428.179103,0.0,2.0,-38.0
1776885428.1891026,1.0,4.0,-45.0
1776885428.1991026,2.0,6.0,-46.0
1776885428.2091026,2.0,1.0,-47.0
1776885428.2191026,6.0,-2.0,-43.0
1776885428.2291028,3.0,0.0,-41.0
1776885428.2391028,0.0,2.0,-41.0
1776885428.2491028,0.0,1.0,-34.0
1776885428.2591028,2.0,2.0,-40.0
1776885428.2691028,2.0,1.0,-42.0
1776885428.2791028,0.0,-1.0,-38.0
1776885428.2891028,0.0,1.0,-36.0
1776885428.2991028,4.0,4.0,-36.0
1776885428.3091028,0.0,3.0,-35.0
1776885428.3191028,-3.0,6.0,-36.0
1776885428.3291028,-2.0,5.0,-39.0
1776885428.3391027,0.0,4.0,-45.0
1776885428.3491027,0.0,6.0,-50.0
1776885428.3591027,4.0,4.0,-53.0
1776885428.3691027,1.0,2.0,-53.0
1776885428.3791027,0.0,2.0,-52.0
1776885428.3891027,-2.0,0.0,-54.0
1776885428.3991027,-2.0,3.0,-49.0
1776885428.409103,0.0,2.0,-52.0
1776885428.419103,0.0,2.0,-52.0
1776885428.429103,0.0,0.0,-54.0
1776885428.4391026,-1.0,-1.0,-46.0
1776885428.4491026,-3.0,-3.0,-35.0
1776885428.4591026,-5.0,-1.0,-40.0
1776885428.4691026,-7.0,-3.0,-46.0
1776885428.4791028,-1.0,-2.0,-47.0
1776885428.4891028,-1.0,-1.0,-44.0
1776885428.4991028,0.0,1.0,-38.0
1776885428.5091028,1.0,1.0,-42.0
1776885428.5191028,0.0,1.0,-37.0
1776885428.5291028,-5.0,-1.0,-40.0
1776885428.5391028,-5.0,-6.0,-42.0
1776885428.5491028,-5.0,-3.0,-43.0
1776885428.5591028,-6.0,-5.0,-39.0
1776885428.5691028,-2.0,-5.0,-42.0
1776885428.5791028,0.0,0.0,-42.0
1776885428.5891027,-1.0,0.0,-39.0
1776885428.5991027,0.0,1.0,-32.0
1776885428.6091027,-1.0,3.0,-33.0
1776885428.6191027,-3.0,7.0,-37.0
1776885428.6291027,2.0,1.0,-36.0
1776885428.6391027,8.0,0.0,-40.0
1776885428.6491027,3.0,0.0,-43.0
1776885428.659103,1.0,2.0,-36.0
1776885428.669103,2.0,1.0,-37.0
1776885428.679103,-2.0,-1.0,-47.0
1776885428.6891026,-4.0,-4.0,-55.0
1776885428.6991026,-2.0,-8.0,-51.0
1776885428.7091026,-2.0,-11.0,-51.0
1776885428.7191026,7.0,-7.0,-56.0
1776885428.7291028,4.0,-5.0,-57.0
1776885428.7391028,2.0,-4.0,-60.0
1776885428.7491028,3.0,0.0,-53.0
1776885428.7591028,2.0,-6.0,-48.0
1776885428.7691028,2.0,-5.0,-47.0
1776885428.7791028,-2.0,-8.0,-41.0
1776885428.7891028,0.0,-10.0,-47.0
1776885428.7991028,-2.0,-9.0,-48.0
1776885428.8091028,-3.0,-3.0,-44.0
1776885428.8191028,-2.0,-5.0,-45.0
1776885428.8291028,0.0,-11.0,-44.0
1776885428.8391027,3.0,-9.0,-48.0
1776885428.8491027,5.0,-12.0,-47.0
1776885428.8591027,4.0,-12.0,-38.0
1776885428.8691027,7.0,-13.0,-32.0
1776885428.8791027,7.0,-8.0,-25.0
1776885428.8891027,6.0,-8.0,-37.0
1776885428.8991027,8.0,-7.0,-37.0
1776885428.909103,3.0,-8.0,-38.0
1776885428.919103,2.0,-8.0,-43.0
1776885428.929103,5.0,-4.0,-44.0
1776885428.9391026,9.0,-3.0,-47.0
1776885428.9491026,7.0,-2.0,-47.0
1776885428.9591026,8.0,-2.0,-42.0
1776885428.9691026,8.0,0.0,-37.0
1776885428.9791028,9.0,-2.0,-35.0
1776885428.9891028,6.0,-5.0,-32.0
1776885428.9991028,8.0,-1.0,-36.0
1776885429.0091028,9.0,-4.0,-33.0
1776885429.0191028,6.0,-7.0,-35.0
1776885429.0291028,7.0,-6.0,-34.0
1776885429.0391028,4.0,-2.0,-31.0
1776885429.0491028,4.0,2.0,-33.0
1776885429.0591028,8.0,5.0,-29.0
1776885429.0691028,8.0,6.0,-32.0
1776885429.0791028,5.0,3.0,-39.0
1776885429.090103,1.0,0.0,-40.0
1776885429.0991027,1.0,2.0,-40.0
1776885429.110103,2.0,1.0,-36.0
1776885429.1191027,2.0,0.0,-34.0
1776885429.1301026,0.0,3.0,-39.0
1776885429.1401026,7.0,0.0,-42.0
1776885429.1501029,10.0,0.0,-41.0
1776885429.1601028,12.0,0.0,-39.0
1776885429.1701028,9.0,-1.0,-35.0
1776885429.1801028,5.0,-2.0,-34.0
1776885429.1901028,5.0,-4.0,-38.0
1776885429.2001028,6.0,-3.0,-35.0
1776885429.2101028,6.0,-5.0,-39.0
1776885429.2201028,6.0,-8.0,-40.0
1776885429.2301028,2.0,-1.0,-37.0
1776885429.2401028,-1.0,-3.0,-34.0
1776885429.2501028,-1.0,-6.0,-37.0
1776885429.2601027,1.0,-4.0,-49.0
1776885429.2701027,0.0,-1.0,-49.0
1776885429.2801027,0.0,-2.0,-41.0
1776885429.2901027,5.0,-7.0,-52.0
1776885429.3001027,4.0,-8.0,-50.0
1776885429.3101027,5.0,-9.0,-47.0
1776885429.3201027,0.0,-10.0,-44.0
1776885429.3301027,0.0,-7.0,-43.0
1776885429.340103,1.0,-4.0,-40.0
1776885429.350103,2.0,-1.0,-38.0
1776885429.360103,5.0,0.0,-43.0
1776885429.3701026,2.0,-2.0,-38.0
1776885429.3801026,-1.0,-2.0,-39.0
1776885429.3901026,-4.0,-5.0,-40.0
1776885429.4001029,-4.0,-12.0,-36.0
1776885429.4101028,-6.0,-12.0,-37.0
1776885429.4201028,-6.0,-13.0,-34.0
1776885429.4301028,-3.0,-11.0,-36.0
1776885429.4401028,0.0,-5.0,-40.0
1776885429.4501028,0.0,-4.0,-33.0
1776885429.4601028,1.0,-1.0,-35.0
1776885429.4701028,2.0,0.0,-39.0
1776885429.4801028,-1.0,0.0,-41.0
1776885429.4901028,-5.0,3.0,-39.0
1776885429.5001028,-1.0,1.0,-33.0
1776885429.5101027,0.0,0.0,-28.0
1776885429.5201027,0.0,1.0,-31.0
1776885429.5301027,0.0,0.0,-33.0
1776885429.5401027,0.0,0.0,-41.0
1776885429.5501027,1.0,-1.0,-49.0
1776885429.5601027,-2.0,-3.0,-42.0
1776885429.5701027,0.0,-1.0,-40.0
1776885429.5801027,0.0,0.0,-42.0
1776885429.590103,3.0,-1.0,-40.0
1776885429.600103,4.0,-4.0,-36.0
1776885429.610103,0.0,-8.0,-41.0
1776885429.6201026,2.0,-4.0,-37.0
1776885429.6301026,0.0,-4.0,-42.0
1776885429.6401026,-2.0,-2.0,-41.0
1776885429.6501029,0.0,0.0,-41.0
1776885429.6601028,-2.0,4.0,-45.0
1776885429.6701028,-2.0,4.0,-38.0
1776885429.6801028,-5.0,5.0,-35.0
1776885429.6901028,-6.0,0.0,-30.0
1776885429.7001028,0.0,0.0,-30.0
1776885429.7101028,1.0,0.0,-38.0
1776885429.7201028,4.0,0.0,-38.0
1776885429.7301028,8.0,0.0,-40.0
1776885429.7401028,4.0,-3.0,-40.0
1776885429.7501028,4.0,-2.0,-36.0
1776885429.7601027,4.0,-1.0,-39.0
1776885429.7701027,8.0,1.0,-32.0
1776885429.7801027,3.0,0.0,-29.0
1776885429.7901027,0.0,-2.0,-34.0
1776885429.8001027,4.0,0.0,-34.0
1776885429.8101027,2.0,-1.0,-44.0
1776885429.8201027,6.0,-3.0,-40.0
1776885429.8301027,0.0,-3.0,-43.0
1776885429.840103,3.0,-3.0,-37.0
1776885429.850103,1.0,-1.0,-35.0
1776885429.860103,-6.0,0.0,-34.0
1776885429.8701026,-7.0,-2.0,-37.0
1776885429.8801026,-7.0,0.0,-34.0
1776885429.8901026,-7.0,-2.0,-31.0
1776885429.9001029,-5.0,-4.0,-34.0
1776885429.9101028,-1.0,-6.0,-38.0
1776885429.9201028,-2.0,-5.0,-46.0
1776885429.9301028,-3.0,-5.0,-45.0
1776885429.9401028,-3.0,-1.0,-43.0
1776885429.9501028,-6.0,-2.0,-38.0
1776885429.9601028,-3.0,-2.0,-42.0
1776885429.9701028,1.0,0.0,-42.0
1776885429.9801028,1.0,0.0,-43.0
1776885429.9901028,-1.0,0.0,-46.0
1776885430.0001028,0.0,0.0,-48.0
1776885430.0101027,0.0,-2.0,-42.0
1776885430.0201027,2.0,-2.0,-38.0
1776885430.0301027,1.0,-2.0,-42.0
1776885430.0401027,0.0,-5.0,-46.0
1776885430.0501027,0.0,-3.0,-48.0
1776885430.0601027,-4.0,-6.0,-47.0
1776885430.0701027,-5.0,-6.0,-46.0
1776885430.0801027,-2.0,-7.0,-46.0
1776885430.090103,0.0,-4.0,-45.0
1776885430.100103,-4.0,0.0,-48.0
1776885430.110103,-5.0,4.0,-41.0
1776885430.1201026,-5.0,4.0,-37.0
1776885430.1301026,-1.0,0.0,-35.0
1776885430.1401026,-1.0,0.0,-35.0
1776885430.1501029,-1.0,0.0,-37.0
1776885430.1601028,0.0,0.0,-42.0
1776885430.1701028,-2.0,1.0,-43.0
1776885430.1801028,-5.0,2.0,-38.0
1776885430.1901028,-5.0,0.0,-29.0
1776885430.2001028,-2.0,-2.0,-27.0
1776885430.2101028,0.0,-2.0,-31.0
1776885430.2201028,0.0,0.0,-37.0
1776885430.2301028,4.0,-1.0,-38.0
1776885430.2401028,4.0,-1.0,-38.0
1776885430.2501028,6.0,0.0,-35.0
1776885430.2601027,4.0,0.0,-37.0
1776885430.2701027,1.0,1.0,-36.0
1776885430.2801027,1.0,3.0,-39.0
1776885430.2901027,-2.0,3.0,-46.0
1776885430.3001027,-1.0,1.0,-52.0
1776885430.3101027,-2.0,-5.0,-56.0
1776885430.3201027,-1.0,-8.0,-53.0
1776885430.3301027,1.0,-8.0,-51.0
1776885430.340103,-1.0,-5.0,-40.0
1776885430.350103,-1.0,-3.0,-40.0
1776885430.360103,-1.0,-1.0,-39.0
1776885430.3701026,0.0,3.0,-37.0
1776885430.3801026,-4.0,0.0,-38.0
1776885430.3901026,-1.0,0.0,-47.0
1776885430.4001029,0.0,0.0,-51.0
1776885430.4101028,0.0,4.0,-54.0
1776885430.4201028,0.0,4.0,-48.0
1776885430.4301028,-4.0,4.0,-52.0
1776885430.4401028,-1.0,1.0,-54.0
1776885430.4501028,5.0,0.0,-48.0
1776885430.4601028,1.0,0.0,-47.0
1776885430.4701028,0.0,-1.0,-47.0
1776885430.4801028,0.0,-3.0,-47.0
1776885430.4901028,-2.0,1.0,-46.0
1776885430.5001028,-2.0,3.0,-49.0
1776885430.5101027,-6.0,3.0,-45.0
1776885430.5201027,-5.0,0.0,-47.0
1776885430.5301027,-1.0,-1.0,-48.0
1776885430.5401027,0.0,-3.0,-37.0
1776885430.5501027,-1.0,-4.0,-43.0
1776885430.5601027,-8.0,2.0,-39.0
1776885430.5701027,-7.0,3.0,-37.0
1776885430.5801027,-7.0,2.0,-37.0
1776885430.590103,-2.0,0.0,-38.0
1776885430.600103,0.0,3.0,-42.0
1776885430.610103,-1.0,4.0,-42.0
1776885430.6201026,-5.0,2.0,-42.0
1776885430.6301026,0.0,0.0,-38.0
1776885430.6401026,5.0,1.0,-37.0
1776885430.6501029,5.0,-1.0,-38.0
1776885430.6601028,5.0,-3.0,-31.0
1776885430.6701028,1.0,-1.0,-36.0
1776885430.6801028,2.0,1.0,-37.0
1776885430.6901028,1.0,1.0,-38.0
1776885430.7001028,0.0,2.0,-38.0
1776885430.7101028,0.0,1.0,-40.0
1776885430.7201028,0.0,2.0,-41.0
1776885430.7301028,-4.0,-2.0,-35.0
1776885430.7401028,-6.0,-6.0,-43.0
1776885430.7501028,-6.0,-5.0,-48.0
1776885430.7601027,-6.0,-4.0,-52.0
1776885430.7701027,-7.0,-4.0,-51.0
1776885430.7801027,-5.0,-2.0,-54.0
1776885430.7901027,-3.0,-1.0,-52.0
1776885430.8001027,0.0,-3.0,-51.0
1776885430.8101027,-2.0,-6.0,-49.0
1776885430.8201027,-6.0,-5.0,-44.0
1776885430.8301027,-5.0,-4.0,-39.0
1776885430.840103,-3.0,-6.0,-38.0
1776885430.850103,-4.0,-2.0,-45.0
1776885430.860103,-3.0,-5.0,-50.0
1776885430.8701026,-2.0,-9.0,-49.0
1776885430.8801026,-1.0,-9.0,-51.0
1776885430.8901026,-2.0,-7.0,-50.0
1776885430.9001029,-2.0,-5.0,-43.0
1776885430.9101028,1.0,-5.0,-46.0
1776885430.9201028,-3.0,-6.0,-44.0
1776885430.9301028,-2.0,-5.0,-46.0
1776885430.9401028,0.0,-2.0,-47.0
1776885430.9501028,3.0,-1.0,-44.0
1776885430.9601028,4.0,2.0,-43.0
1776885430.9701028,4.0,-1.0,-43.0
1776885430.9801028,2.0,0.0,-38.0
1776885430.9901028,0.0,2.0,-39.0
1776885431.0001028,2.0,1.0,-44.0
1776885431.0101027,5.0,1.0,-48.0
1776885431.0201027,2.0,0.0,-52.0
1776885431.0301027,2.0,0.0,-44.0
1776885431.0401027,-4.0,-1.0,-46.0
1776885431.0501027,-2.0,-3.0,-49.0
1776885431.0601027,-1.0,-3.0,-48.0
1776885431.0701027,0.0,-5.0,-44.0
1776885431.0811028,0.0,-3.0,-42.0
1776885431.0911028,0.0,-1.0,-47.0
1776885431.100103,0.0,0.0,-36.0
1776885431.1111028,0.0,0.0,-36.0
1776885431.1211028,-1.0,2.0,-32.0
1776885431.1311028,0.0,1.0,-42.0
1776885431.1411028,-3.0,-3.0,-51.0
1776885431.1511028,-9.0,0.0,-50.0
1776885431.1611028,-8.0,-3.0,-45.0
1776885431.1711028,-6.0,-4.0,-41.0
1776885431.1811028,-4.0,-3.0,-42.0
1776885431.1911027,-3.0,-2.0,-48.0
1776885431.2011027,-3.0,-3.0,-58.0
1776885431.2111027,0.0,-3.0,-55.0
1776885431.2211027,3.0,1.0,-52.0
1776885431.2311027,5.0,10.0,-55.0
1776885431.2411027,2.0,3.0,-52.0
1776885431.2511027,0.0,2.0,-55.0
1776885431.261103,3.0,2.0,-46.0
1776885431.271103,2.0,1.0,-42.0
1776885431.281103,-2.0,1.0,-45.0
1776885431.2911026,0.0,-1.0,-47.0
1776885431.3011026,4.0,-5.0,-41.0
1776885431.3111026,2.0,-3.0,-33.0
1776885431.3211029,6.0,-5.0,-36.0
1776885431.3311028,5.0,-4.0,-39.0
1776885431.3411028,2.0,0.0,-34.0
1776885431.3511028,-1.0,-2.0,-35.0
1776885431.3611028,-2.0,-8.0,-34.0
1776885431.3711028,0.0,-2.0,-35.0
1776885431.3811028,0.0,-3.0,-37.0
1776885431.3911028,0.0,-1.0,-37.0
1776885431.4011028,0.0,-1.0,-37.0
1776885431.4111028,3.0,-1.0,-42.0
1776885431.4211028,3.0,-2.0,-38.0
1776885431.4311028,1.0,-2.0,-45.0
1776885431.4411027,3.0,-6.0,-45.0
1776885431.4511027,2.0,-5.0,-44.0
1776885431.4611027,0.0,-5.0,-46.0
1776885431.4711027,1.0,-2.0,-47.0
1776885431.4811027,2.0,1.0,-40.0
1776885431.4911027,5.0,5.0,-36.0
1776885431.5011027,7.0,-1.0,-32.0
1776885431.511103,5.0,-3.0,-38.0
1776885431.521103,2.0,-2.0,-39.0
1776885431.531103,2.0,-5.0,-37.0
1776885431.5411026,5.0,-4.0,-42.0
1776885431.5511026,4.0,-3.0,-33.0
1776885431.5611026,4.0,-2.0,-33.0
1776885431.5711029,3.0,-4.0,-39.0
1776885431.5811028,0.0,-6.0,-39.0
1776885431.5911028,-1.0,-8.0,-42.0
1776885431.6011028,0.0,-7.0,-44.0
1776885431.6111028,0.0,-3.0,-41.0
1776885431.6211028,3.0,0.0,-41.0
1776885431.6311028,1.0,1.0,-42.0
1776885431.6411028,0.0,0.0,-49.0
1776885431.6511028,0.0,-1.0,-42.0
1776885431.6611028,0.0,0.0,-41.0
1776885431.6711028,3.0,-3.0,-45.0
1776885431.6811028,-1.0,-3.0,-46.0
1776885431.6911027,0.0,0.0,-40.0
1776885431.7011027,-3.0,0.0,-48.0
1776885431.7111027,0.0,1.0,-48.0
1776885431.7211027,2.0,-1.0,-48.0
1776885431.7311027,1.0,-1.0,-45.0
1776885431.7411027,0.0,1.0,-47.0
1776885431.7511027,0.0,0.0,-39.0
1776885431.761103,-1.0,1.0,-40.0
1776885431.771103,-2.0,0.0,-41.0
1776885431.781103,0.0,0.0,-37.0
1776885431.7911026,-3.0,-2.0,-36.0
1776885431.8011026,-3.0,-3.0,-35.0
1776885431.8111026,-1.0,-3.0,-36.0
1776885431.8211029,-2.0,-4.0,-38.0
1776885431.8311028,-2.0,-5.0,-41.0
1776885431.8411028,-2.0,-5.0,-45.0
1776885431.8511028,0.0,-8.0,-42.0
1776885431.8611028,-4.0,-4.0,-45.0
1776885431.8711028,-2.0,-5.0,-40.0
1776885431.8811028,-1.0,-4.0,-44.0
1776885431.8911028,2.0,-2.0,-45.0
1776885431.9011028,4.0,-2.0,-51.0
1776885431.9111028,4.0,0.0,-45.0
1776885431.9211028,2.0,1.0,-42.0
1776885431.9311028,0.0,1.0,-44.0
1776885431.9411027,3.0,-3.0,-48.0
1776885431.9511027,2.0,-5.0,-49.0
1776885431.9611027,1.0,-4.0,-49.0
1776885431.9711027,-4.0,0.0,-50.0
1776885431.9811027,-4.0,3.0,-48.0
1776885431.9911027,-1.0,1.0,-51.0
1776885432.0011027,1.0,4.0,-50.0
1776885432.011103,0.0,7.0,-45.0
1776885432.021103,-5.0,2.0,-49.0
1776885432.031103,-2.0,2.0,-52.0
1776885432.0411026,0.0,2.0,-52.0
1776885432.0511026,-1.0,2.0,-55.0
1776885432.0611026,1.0,0.0,-51.0
1776885432.0711029,0.0,0.0,-55.0
1776885432.0811028,-1.0,0.0,-53.0
1776885432.0911028,-1.0,0.0,-50.0
1776885432.1011028,-3.0,-2.0,-47.0
1776885432.1111028,-2.0,-1.0,-46.0
1776885432.1211028,-1.0,3.0,-41.0
1776885432.1311028,-1.0,4.0,-44.0
1776885432.1411028,1.0,5.0,-47.0
1776885432.1511028,2.0,4.0,-47.0
1776885432.1611028,4.0,6.0,-45.0
1776885432.1711028,1.0,5.0,-45.0
1776885432.1811028,4.0,6.0,-48.0
1776885432.1911027,6.0,5.0,-49.0
1776885432.2011027,0.0,2.0,-46.0
1776885432.2111027,-1.0,-1.0,-48.0
1776885432.2211027,0.0,-2.0,-46.0
1776885432.2311027,0.0,0.0,-48.0
1776885432.2411027,0.0,0.0,-48.0
1776885432.2511027,-2.0,1.0,-46.0
1776885432.261103,-5.0,1.0,-50.0
1776885432.271103,-6.0,0.0,-51.0
1776885432.281103,-2.0,0.0,-56.0
1776885432.2911026,-2.0,2.0,-55.0
1776885432.3011026,0.0,2.0,-52.0
1776885432.3111026,0.0,1.0,-51.0
1776885432.3211029,-4.0,-2.0,-49.0
1776885432.3311028,0.0,-3.0,-43.0
1776885432.3411028,0.0,-5.0,-45.0
1776885432.3511028,4.0,-3.0,-47.0
1776885432.3611028,3.0,0.0,-55.0
1776885432.3711028,6.0,-3.0,-55.0
1776885432.3811028,9.0,-4.0,-48.0
1776885432.3911028,12.0,-4.0,-45.0
1776885432.4011028,8.0,-3.0,-42.0
1776885432.4111028,6.0,0.0,-36.0
1776885432.4211028,1.0,0.0,-40.0
1776885432.4311028,0.0,0.0,-44.0
1776885432.4411027,0.0,2.0,-41.0
1776885432.4511027,0.0,3.0,-36.0
1776885432.4611027,-2.0,-1.0,-39.0
1776885432.4711027,-5.0,-2.0,-35.0
1776885432.4811027,-3.0,-6.0,-35.0
1776885432.4911027,0.0,0.0,-38.0
1776885432.5011027,-1.0,1.0,-42.0
1776885432.511103,4.0,4.0,-41.0
1776885432.521103,7.0,2.0,-40.0
1776885432.531103,6.0,2.0,-38.0
1776885432.5411026,7.0,2.0,-36.0
1776885432.5511026,5.0,1.0,-37.0
1776885432.5611026,2.0,-2.0,-41.0
1776885432.5711029,4.0,1.0,-39.0
1776885432.5811028,5.0,0.0,-38.0
1776885432.5911028,4.0,0.0,-31.0
1776885432.6011028,3.0,-2.0,-28.0
1776885432.6111028,0.0,-1.0,-32.0
1776885432.6211028,0.0,-1.0,-36.0
1776885432.6311028,0.0,2.0,-35.0
1776885432.6411028,1.0,1.0,-39.0
1776885432.6511028,-3.0,0.0,-45.0
1776885432.6611028,-4.0,1.0,-51.0
1776885432.6711028,-1.0,-5.0,-56.0
1776885432.6811028,-1.0,-7.0,-55.0
1776885432.6911027,-2.0,-5.0,-50.0
1776885432.7011027,0.0,-4.0,-54.0
1776885432.7111027,0.0,-5.0,-50.0
1776885432.7211027,2.0,-3.0,-55.0
1776885432.7311027,3.0,-1.0,-49.0
1776885432.7411027,5.0,-1.0,-47.0
1776885432.7511027,5.0,2.0,-44.0
1776885432.761103,6.0,-4.0,-40.0
1776885432.771103,7.0,-4.0,-40.0
1776885432.781103,1.0,2.0,-39.0
1776885432.7911026,0.0,5.0,-39.0
1776885432.8011026,1.0,5.0,-40.0
1776885432.8111026,0.0,6.0,-41.0
1776885432.8211029,4.0,4.0,-40.0
1776885432.8311028,4.0,3.0,-44.0
1776885432.8411028,1.0,0.0,-50.0
1776885432.8511028,0.0,0.0,-47.0
1776885432.8611028,2.0,3.0,-43.0
1776885432.8711028,0.0,0.0,-46.0
1776885432.8811028,0.0,-2.0,-49.0
1776885432.8911028,0.0,-4.0,-51.0
1776885432.9011028,3.0,-3.0,-46.0
1776885432.9111028,5.0,-5.0,-47.0
1776885432.9211028,2.0,-8.0,-46.0
1776885432.9311028,0.0,-7.0,-51.0
1776885432.9411027,3.0,-3.0,-54.0
1776885432.9511027,7.0,-1.0,-56.0
1776885432.9611027,7.0,-1.0,-51.0
1776885432.9711027,6.0,0.0,-52.0
1776885432.9811027,4.0,3.0,-55.0
1776885432.9911027,4.0,0.0,-53.0
1776885433.0011027,7.0,-1.0,-59.0
1776885433.011103,0.0,2.0,-58.0
1776885433.021103,-1.0,-2.0,-55.0
1776885433.031103,-4.0,-1.0,-53.0
1776885433.0411026,-4.0,-3.0,-43.0
1776885433.0511026,-5.0,-5.0,-45.0
1776885433.0611026,-6.0,-7.0,-46.0
1776885433.0721028,-6.0,-4.0,-48.0
1776885433.0821028,-5.0,-2.0,-49.0
1776885433.0921028,-2.0,-2.0,-49.0
1776885433.1021028,-3.0,-3.0,-53.0
1776885433.1121027,0.0,-1.0,-49.0
1776885433.1221027,2.0,-3.0,-49.0
1776885433.1321027,8.0,-4.0,-52.0
1776885433.1421027,5.0,0.0,-53.0
1776885433.1521027,3.0,0.0,-53.0
1776885433.1621027,6.0,-1.0,-49.0
1776885433.1721027,3.0,0.0,-47.0
1776885433.182103,10.0,-2.0,-45.0
1776885433.192103,7.0,-1.0,-44.0
1776885433.202103,5.0,-3.0,-47.0
1776885433.212103,7.0,-3.0,-42.0
1776885433.2221026,8.0,-4.0,-42.0
1776885433.2321026,9.0,0.0,-46.0
1776885433.2421026,6.0,-1.0,-47.0
1776885433.2521029,3.0,-4.0,-49.0
1776885433.2621028,-1.0,-4.0,-49.0
1776885433.2721028,-2.0,-9.0,-49.0
1776885433.2821028,-3.0,-7.0,-56.0
1776885433.2921028,0.0,-6.0,-55.0
1776885433.3021028,0.0,-4.0,-52.0
1776885433.3121028,2.0,0.0,-56.0
1776885433.3221028,4.0,-1.0,-55.0
1776885433.3321028,6.0,0.0,-56.0
1776885433.3421028,8.0,5.0,-49.0
1776885433.3521028,5.0,4.0,-47.0
1776885433.3621027,5.0,0.0,-46.0
1776885433.3721027,5.0,-4.0,-51.0
1776885433.3821027,0.0,-4.0,-47.0
1776885433.3921027,0.0,-4.0,-46.0
1776885433.4021027,0.0,-3.0,-47.0
1776885433.4121027,0.0,-3.0,-48.0
1776885433.4221027,1.0,-2.0,-41.0
1776885433.432103,0.0,0.0,-44.0
1776885433.442103,2.0,-1.0,-42.0
1776885433.452103,0.0,0.0,-44.0
1776885433.462103,-2.0,-4.0,-42.0
1776885433.4721026,0.0,-6.0,-48.0
1776885433.4821026,0.0,-9.0,-50.0
1776885433.4921026,0.0,-9.0,-54.0
1776885433.5021029,0.0,-5.0,-48.0
1776885433.5121028,0.0,-3.0,-45.0
1776885433.5221028,2.0,-3.0,-49.0
1776885433.5321028,9.0,-6.0,-50.0
1776885433.5421028,6.0,-4.0,-42.0
1776885433.5521028,4.0,-2.0,-43.0
1776885433.5621028,6.0,-2.0,-42.0
1776885433.5721028,1.0,-2.0,-44.0
1776885433.5821028,1.0,-4.0,-44.0
1776885433.5921028,2.0,-3.0,-46.0
1776885433.6021028,0.0,-4.0,-41.0
1776885433.6121027,0.0,-2.0,-40.0
1776885433.6221027,-4.0,-5.0,-39.0
1776885433.6321027,0.0,-4.0,-38.0
1776885433.6421027,3.0,-1.0,-43.0
1776885433.6521027,1.0,-7.0,-46.0
1776885433.6621027,1.0,-3.0,-40.0
1776885433.6721027,3.0,0.0,-43.0
1776885433.682103,5.0,1.0,-43.0
1776885433.692103,4.0,1.0,-38.0
1776885433.702103,3.0,0.0,-37.0
1776885433.712103,-3.0,3.0,-38.0
1776885433.7221026,-2.0,0.0,-37.0
1776885433.7321026,0.0,-2.0,-36.0
1776885433.7421026,0.0,-3.0,-37.0
1776885433.7521029,-1.0,0.0,-41.0
1776885433.7621028,1.0,-1.0,-39.0
1776885433.7721028,2.0,-5.0,-38.0
1776885433.7821028,4.0,-2.0,-34.0
1776885433.7921028,0.0,-4.0,-39.0
1776885433.8021028,0.0,-4.0,-44.0
1776885433.8121028,-1.0,-5.0,-47.0
1776885433.8221028,0.0,-6.0,-44.0
1776885433.8321028,2.0,-3.0,-34.0
1776885433.8421028,1.0,0.0,-34.0
1776885433.8521028,2.0,0.0,-36.0
1776885433.8621027,4.0,0.0,-35.0
1776885433.8721027,2.0,0.0,-35.0
1776885433.8821027,0.0,0.0,-38.0
1776885433.8921027,1.0,2.0,-40.0
1776885433.9021027,5.0,6.0,-41.0
1776885433.9121027,5.0,6.0,-45.0
1776885433.9221027,0.0,0.0,-48.0
1776885433.932103,-3.0,-1.0,-46.0
1776885433.942103,-7.0,-2.0,-45.0
1776885433.952103,-5.0,3.0,-44.0
1776885433.962103,-2.0,5.0,-45.0
1776885433.9721026,-1.0,0.0,-45.0
1776885433.9821026,2.0,1.0,-47.0
1776885433.9921026,2.0,-1.0,-48.0
1776885434.0021029,1.0,0.0,-47.0
1776885434.0121028,0.0,0.0,-48.0
1776885434.0221028,-1.0,0.0,-48.0
1776885434.0321028,1.0,-1.0,-47.0
1776885434.0421028,0.0,-3.0,-49.0
1776885434.0521028,3.0,-3.0,-50.0
1776885434.0621028,5.0,2.0,-55.0
1776885434.0721028,7.0,8.0,-58.0
1776885434.0821028,1.0,2.0,-61.0
1776885434.0921028,2.0,2.0,-60.0
1776885434.1021028,1.0,0.0,-46.0
1776885434.1121027,5.0,-4.0,-47.0
1776885434.1221027,4.0,-5.0,-52.0
1776885434.1321027,0.0,-4.0,-46.0
1776885434.1421027,-2.0,-5.0,-42.0
1776885434.1521027,-3.0,-6.0,-46.0
1776885434.1621027,0.0,-2.0,-40.0
1776885434.1721027,6.0,-3.0,-35.0
1776885434.182103,5.0,-2.0,-36.0
1776885434.192103,7.0,0.0,-30.0
1776885434.202103,11.0,0.0,-32.0
1776885434.212103,7.0,0.0,-35.0
1776885434.2221026,3.0,3.0,-35.0
1776885434.2321026,3.0,-1.0,-36.0
1776885434.2421026,4.0,0.0,-39.0
1776885434.2521029,2.0,0.0,-43.0
1776885434.2621028,0.0,0.0,-45.0
1776885434.2721028,-1.0,-3.0,-49.0
1776885434.2821028,-1.0,-3.0,-55.0
1776885434.2921028,-4.0,-1.0,-51.0
1776885434.3021028,-7.0,1.0,-49.0
1776885434.3121028,-5.0,8.0,-52.0
1776885434.3221028,0.0,7.0,-53.0
1776885434.3321028,1.0,4.0,-55.0
1776885434.3421028,3.0,3.0,-59.0
1776885434.3521028,2.0,3.0,-57.0
1776885434.3621027,0.0,2.0,-55.0
1776885434.3721027,7.0,2.0,-54.0
1776885434.3821027,6.0,3.0,-50.0
1776885434.3921027,8.0,3.0,-45.0
1776885434.4021027,3.0,7.0,-42.0
1776885434.4121027,0.0,9.0,-40.0
1776885434.4221027,-1.0,8.0,-34.0
1776885434.432103,0.0,6.0,-30.0
1776885434.442103,3.0,7.0,-35.0
1776885434.452103,2.0,4.0,-41.0
1776885434.462103,7.0,2.0,-42.0
1776885434.4721026,9.0,2.0,-39.0
1776885434.4821026,5.0,1.0,-38.0
1776885434.4921026,5.0,0.0,-39.0
1776885434.5021029,2.0,-1.0,-42.0
1776885434.5121028,4.0,-2.0,-39.0
1776885434.5221028,1.0,-2.0,-36.0
1776885434.5321028,-4.0,-2.0,-45.0
1776885434.5421028,-4.0,0.0,-45.0
1776885434.5521028,0.0,-1.0,-41.0
1776885434.5621028,0.0,3.0,-32.0
1776885434.5721028,-1.0,1.0,-41.0
1776885434.5821028,0.0,0.0,-37.0
1776885434.5921028,0.0,-2.0,-38.0
1776885434.6021028,-1.0,-4.0,-41.0
1776885434.6121027,-4.0,-1.0,-35.0
1776885434.6221027,-4.0,0.0,-36.0
1776885434.6321027,-3.0,-1.0,-41.0
1776885434.6421027,-2.0,-1.0,-43.0
1776885434.6521027,-2.0,-4.0,-44.0
1776885434.6621027,3.0,-5.0,-45.0
1776885434.6721027,-1.0,-4.0,-40.0
1776885434.682103,0.0,-2.0,-39.0
1776885434.692103,0.0,0.0,-41.0
1776885434.702103,0.0,0.0,-42.0
1776885434.712103,4.0,0.0,-44.0
1776885434.7221026,1.0,-4.0,-46.0
1776885434.7321026,-1.0,-5.0,-34.0
1776885434.7421026,-3.0,-3.0,-36.0
1776885434.7521029,0.0,0.0,-35.0
1776885434.7621028,0.0,-3.0,-36.0
1776885434.7721028,2.0,-5.0,-33.0
1776885434.7821028,5.0,-7.0,-35.0
1776885434.7921028,8.0,-4.0,-39.0
1776885434.8021028,2.0,-2.0,-40.0
1776885434.8121028,3.0,-4.0,-43.0
1776885434.8221028,2.0,-3.0,-42.0
1776885434.8321028,1.0,-2.0,-43.0
1776885434.8421028,-1.0,0.0,-44.0
1776885434.8521028,1.0,-1.0,-41.0
1776885434.8621027,0.0,-4.0,-38.0
1776885434.8721027,0.0,-3.0,-38.0
1776885434.8821027,0.0,-1.0,-35.0
1776885434.8921027,1.0,0.0,-39.0
1776885434.9021027,0.0,-1.0,-41.0
1776885434.9121027,-2.0,2.0,-36.0
1776885434.9221027,0.0,2.0,-36.0
1776885434.932103,3.0,3.0,-40.0
1776885434.942103,2.0,0.0,-42.0
1776885434.952103,0.0,3.0,-46.0
1776885434.962103,0.0,0.0,-45.0
1776885434.9721026,-3.0,-3.0,-45.0
1776885434.9821026,1.0,-4.0,-39.0
1776885434.9921026,0.0,-4.0,-40.0
1776885435.0021029,-3.0,0.0,-42.0
1776885435.0121028,-6.0,1.0,-46.0
1776885435.0221028,-6.0,0.0,-42.0
1776885435.0321028,-3.0,-1.0,-46.0
1776885435.0421028,0.0,-1.0,-38.0
1776885435.0531027,5.0,-4.0,-31.0
1776885435.0631027,6.0,0.0,-30.0
1776885435.0731027,7.0,0.0,-44.0
1776885435.0831027,1.0,-1.0,-38.0
1776885435.0931027,3.0,-4.0,-38.0
1776885435.1031027,2.0,-8.0,-39.0
1776885435.113103,-1.0,-7.0,-33.0
1776885435.123103,2.0,-2.0,-37.0
1776885435.133103,2.0,-1.0,-40.0
1776885435.1431026,1.0,1.0,-44.0
1776885435.1531026,-2.0,1.0,-43.0
1776885435.1631026,0.0,2.0,-44.0
1776885435.1731029,1.0,0.0,-46.0
1776885435.1831028,0.0,0.0,-44.0
1776885435.1931028,5.0,2.0,-46.0
1776885435.2031028,6.0,3.0,-44.0
1776885435.2131028,6.0,1.0,-37.0
1776885435.2231028,5.0,0.0,-36.0
1776885435.2331028,8.0,0.0,-39.0
1776885435.2431028,5.0,0.0,-39.0
1776885435.2531028,2.0,4.0,-40.0
1776885435.2631028,2.0,7.0,-35.0
1776885435.2731028,-4.0,6.0,-31.0
1776885435.2831028,-4.0,1.0,-37.0
1776885435.2931027,-3.0,-5.0,-37.0
1776885435.3031027,-4.0,-3.0,-36.0
1776885435.3131027,-5.0,-4.0,-37.0
1776885435.3231027,-4.0,-4.0,-42.0
1776885435.3331027,-3.0,-4.0,-44.0
1776885435.3431027,-4.0,0.0,-41.0
1776885435.3531027,0.0,-1.0,-36.0
1776885435.363103,-3.0,-1.0,-41.0
1776885435.373103,1.0,-3.0,-48.0
1776885435.383103,-4.0,-3.0,-50.0
1776885435.3931026,-6.0,-6.0,-47.0
1776885435.4031026,-7.0,-5.0,-40.0
1776885435.4131026,-4.0,-5.0,-32.0
1776885435.4231029,-4.0,-4.0,-23.0
1776885435.4331028,-2.0,-1.0,-24.0
1776885435.4431028,-1.0,0.0,-30.0
1776885435.4531028,-6.0,0.0,-39.0
1776885435.4631028,-8.0,-3.0,-42.0
1776885435.4731028,-5.0,-5.0,-38.0
1776885435.4831028,-4.0,-7.0,-42.0
1776885435.4931028,-2.0,-4.0,-47.0
1776885435.5031028,0.0,-5.0,-46.0
1776885435.5131028,0.0,-3.0,-43.0
1776885435.5231028,0.0,-1.0,-41.0
1776885435.5331028,-5.0,-5.0,-34.0
1776885435.5431027,-4.0,-8.0,-38.0
1776885435.5531027,-3.0,-8.0,-40.0
1776885435.5631027,0.0,-8.0,-40.0
1776885435.5731027,0.0,-6.0,-47.0
1776885435.5831027,1.0,-5.0,-44.0
1776885435.5931027,0.0,-3.0,-49.0
1776885435.6031027,0.0,-1.0,-50.0
1776885435.613103,-1.0,1.0,-51.0
1776885435.623103,0.0,2.0,-44.0
1776885435.633103,1.0,1.0,-37.0
1776885435.6431026,1.0,3.0,-39.0
1776885435.6531026,1.0,0.0,-36.0
1776885435.6631026,4.0,-3.0,-32.0
1776885435.6731029,2.0,-5.0,-33.0
1776885435.6831028,2.0,-1.0,-34.0
1776885435.6931028,1.0,-3.0,-40.0
1776885435.7031028,1.0,-1.0,-42.0
1776885435.7131028,1.0,1.0,-43.0
1776885435.7231028,1.0,2.0,-41.0
1776885435.7331028,0.0,4.0,-42.0
1776885435.7431028,3.0,4.0,-44.0
1776885435.7531028,6.0,4.0,-49.0
1776885435.7631028,1.0,5.0,-46.0
1776885435.7731028,-2.0,2.0,-44.0
1776885435.7831028,1.0,1.0,-42.0
1776885435.7931027,1.0,2.0,-47.0
1776885435.8031027,1.0,0.0,-47.0
1776885435.8131027,-3.0,-2.0,-46.0
1776885435.8231027,-4.0,-5.0,-41.0
1776885435.8331027,-2.0,-5.0,-47.0
1776885435.8431027,-2.0,-6.0,-53.0
1776885435.8531027,-2.0,-6.0,-50.0
1776885435.863103,1.0,-4.0,-47.0
1776885435.873103,-1.0,-3.0,-41.0
1776885435.883103,3.0,-4.0,-46.0
1776885435.8931026,2.0,-1.0,-43.0
1776885435.9031026,0.0,-1.0,-44.0
1776885435.9131026,2.0,-3.0,-45.0
1776885435.9231029,1.0,0.0,-39.0
1776885435.9331028,0.0,1.0,-41.0
1776885435.9431028,0.0,1.0,-45.0
1776885435.9531028,-3.0,4.0,-47.0
1776885435.9631028,-4.0,0.0,-44.0
1776885435.9731028,-8.0,0.0,-43.0
1776885435.9831028,-6.0,0.0,-44.0
1776885435.9931028,-4.0,2.0,-43.0
1776885436.0031028,2.0,1.0,-43.0
1776885436.0131028,3.0,0.0,-44.0
1776885436.0231028,2.0,-2.0,-43.0
1776885436.0331028,1.0,-4.0,-45.0
1776885436.0431027,0.0,-6.0,-45.0
1776885436.0531027,-5.0,-5.0,-42.0
1776885436.0631027,-4.0,-5.0,-49.0
1776885436.0731027,-1.0,0.0,-46.0
1776885436.0831027,2.0,-4.0,-40.0
1776885436.0931027,4.0,-3.0,-39.0
1776885436.1031027,5.0,-3.0,-41.0
1776885436.113103,5.0,-2.0,-41.0
1776885436.123103,7.0,-3.0,-41.0
1776885436.133103,5.0,-3.0,-33.0
1776885436.1431026,8.0,-3.0,-34.0
1776885436.1531026,4.0,-4.0,-38.0
1776885436.1631026,5.0,-4.0,-40.0
1776885436.1731029,2.0,-2.0,-42.0
1776885436.1831028,-1.0,0.0,-41.0
1776885436.1931028,2.0,-1.0,-39.0
1776885436.2031028,0.0,2.0,-37.0
1776885436.2131028,-2.0,3.0,-37.0
1776885436.2231028,-2.0,3.0,-33.0
1776885436.2331028,1.0,0.0,-35.0
1776885436.2431028,1.0,0.0,-41.0
1776885436.2531028,2.0,0.0,-42.0
1776885436.2631028,0.0,-1.0,-41.0
1776885436.2731028,0.0,-2.0,-39.0
1776885436.2831028,-1.0,-4.0,-43.0
1776885436.2931027,2.0,-2.0,-45.0
1776885436.3031027,3.0,-4.0,-45.0
1776885436.3131027,1.0,-2.0,-48.0
1776885436.3231027,0.0,-1.0,-47.0
1776885436.3331027,-1.0,-3.0,-45.0
1776885436.3431027,-1.0,1.0,-41.0
1776885436.3531027,0.0,1.0,-46.0
1776885436.363103,3.0,4.0,-45.0
1776885436.373103,1.0,4.0,-45.0
1776885436.383103,4.0,2.0,-48.0
1776885436.3931026,7.0,0.0,-51.0
1776885436.4031026,6.0,0.0,-46.0
1776885436.4131026,3.0,-2.0,-53.0
1776885436.4231029,2.0,-7.0,-55.0
1776885436.4331028,3.0,-3.0,-54.0
1776885436.4431028,1.0,0.0,-50.0
1776885436.4531028,2.0,1.0,-53.0
1776885436.4631028,0.0,6.0,-47.0
1776885436.4731028,-2.0,9.0,-45.0
1776885436.4831028,-4.0,8.0,-46.0
1776885436.4931028,-1.0,7.0,-48.0
1776885436.5031028,-6.0,7.0,-58.0
1776885436.5131028,-8.0,5.0,-57.0
1776885436.5231028,-6.0,2.0,-55.0
1776885436.5331028,-6.0,2.0,-55.0
1776885436.5431027,-5.0,-2.0,-52.0
1776885436.5531027,-1.0,-2.0,-51.0
1776885436.5631027,-4.0,-6.0,-53.0
1776885436.5731027,-5.0,-3.0,-54.0
1776885436.5831027,0.0,-1.0,-54.0
1776885436.5931027,0.0,0.0,-53.0
1776885436.6031027,1.0,-1.0,-51.0
1776885436.613103,-3.0,2.0,-48.0
1776885436.623103,-9.0,5.0,-46.0
1776885436.633103,-8.0,2.0,-42.0
1776885436.6431026,-5.0,2.0,-41.0
1776885436.6531026,-3.0,-2.0,-39.0
1776885436.6631026,-5.0,-7.0,-41.0
1776885436.6731029,-5.0,-4.0,-47.0
1776885436.6831028,-1.0,-5.0,-46.0
1776885436.6931028,0.0,-2.0,-53.0
1776885436.7031028,-3.0,0.0,-55.0
1776885436.7131028,1.0,0.0,-51.0
1776885436.7231028,0.0,5.0,-45.0
1776885436.7331028,-2.0,5.0,-41.0
1776885436.7431028,0.0,4.0,-46.0
1776885436.7531028,0.0,1.0,-51.0
1776885436.7631028,-1.0,0.0,-44.0
1776885436.7731028,1.0,0.0,-45.0
1776885436.7831028,1.0,0.0,-44.0
1776885436.7931027,0.0,-2.0,-49.0
1776885436.8031027,0.0,-1.0,-53.0
1776885436.8131027,0.0,-3.0,-53.0
1776885436.8231027,3.0,-4.0,-49.0
1776885436.8331027,0.0,-6.0,-56.0
1776885436.8431027,-1.0,-4.0,-64.0
1776885436.8531027,2.0,-3.0,-61.0
1776885436.863103,3.0,-6.0,-54.0
1776885436.873103,-1.0,-2.0,-50.0
1776885436.883103,0.0,0.0,-51.0
1776885436.8931026,1.0,1.0,-53.0
1776885436.9031026,-1.0,1.0,-56.0
1776885436.9131026,0.0,4.0,-57.0
1776885436.9231029,-2.0,4.0,-56.0
1776885436.9331028,-1.0,3.0,-53.0
1776885436.9431028,-3.0,5.0,-50.0
1776885436.9531028,-10.0,3.0,-44.0
1776885436.9631028,-10.0,0.0,-38.0
1776885436.9731028,-6.0,0.0,-41.0
1776885436.9831028,1.0,-1.0,-39.0
1776885436.9931028,0.0,0.0,-36.0
1776885437.0031028,3.0,-1.0,-32.0
1776885437.0131028,2.0,0.0,-38.0
1776885437.0231028,0.0,-1.0,-41.0
1776885437.0331028,-2.0,-1.0,-46.0
1776885437.044103,0.0,1.0,-46.0
1776885437.054103,0.0,4.0,-49.0
1776885437.0641026,-5.0,5.0,-53.0
1776885437.0741026,-6.0,0.0,-58.0
1776885437.0841026,-3.0,-2.0,-56.0
1776885437.0941026,-4.0,-3.0,-51.0
1776885437.1041028,-3.0,-7.0,-44.0
1776885437.1141028,-5.0,-8.0,-42.0
1776885437.1241028,-4.0,-4.0,-42.0
1776885437.1341028,-1.0,-1.0,-38.0
1776885437.1441028,-1.0,-2.0,-30.0
1776885437.1541028,-1.0,0.0,-34.0
1776885437.1641028,-4.0,0.0,-40.0
1776885437.1741028,-2.0,-1.0,-36.0
1776885437.1841028,-1.0,-3.0,-36.0
1776885437.1941028,-3.0,0.0,-37.0
1776885437.2041028,-6.0,-4.0,-41.0
1776885437.2141027,-2.0,-5.0,-43.0
1776885437.2241027,0.0,-3.0,-36.0
1776885437.2341027,3.0,0.0,-40.0
1776885437.2441027,6.0,0.0,-39.0
1776885437.2541027,3.0,0.0,-37.0
1776885437.2641027,3.0,2.0,-35.0
1776885437.2741027,2.0,2.0,-39.0
1776885437.284103,1.0,3.0,-41.0
1776885437.294103,1.0,0.0,-45.0
1776885437.304103,1.0,0.0,-48.0
1776885437.3141026,2.0,3.0,-45.0
1776885437.3241026,1.0,0.0,-44.0
1776885437.3341026,4.0,-1.0,-43.0
1776885437.3441026,14.0,-1.0,-43.0
1776885437.3541028,14.0,0.0,-47.0
1776885437.3641028,7.0,0.0,-48.0
1776885437.3741028,4.0,3.0,-50.0
1776885437.3841028,4.0,4.0,-50.0
1776885437.3941028,6.0,4.0,-45.0
1776885437.4041028,6.0,-1.0,-48.0
1776885437.4141028,6.0,-3.0,-49.0
1776885437.4241028,6.0,1.0,-45.0
1776885437.4341028,6.0,5.0,-34.0
1776885437.4441028,0.0,1.0,-31.0
1776885437.4541028,-3.0,4.0,-26.0
1776885437.4641027,-7.0,0.0,-31.0
1776885437.4741027,-8.0,0.0,-31.0
1776885437.4841027,-2.0,0.0,-36.0
1776885437.4941027,-4.0,1.0,-35.0
1776885437.5041027,-1.0,2.0,-38.0
1776885437.5141027,0.0,1.0,-38.0
1776885437.5241027,-1.0,2.0,-37.0
1776885437.534103,0.0,0.0,-40.0
1776885437.544103,-3.0,0.0,-42.0
1776885437.554103,-3.0,-1.0,-40.0
1776885437.5641026,-2.0,-2.0,-43.0
1776885437.5741026,4.0,-3.0,-47.0
1776885437.5841026,1.0,-3.0,-47.0
1776885437.5941026,0.0,-2.0,-42.0
1776885437.6041028,-2.0,-2.0,-42.0
1776885437.6141028,-3.0,-3.0,-36.0
1776885437.6241028,-1.0,-3.0,-37.0
1776885437.6341028,-2.0,-2.0,-35.0
1776885437.6441028,-6.0,-3.0,-35.0
1776885437.6541028,-5.0,-3.0,-37.0
1776885437.6641028,-1.0,-3.0,-43.0
1776885437.6741028,0.0,-2.0,-46.0
1776885437.6841028,2.0,0.0,-50.0
1776885437.6941028,3.0,-1.0,-49.0
1776885437.7041028,2.0,-2.0,-42.0
1776885437.7141027,3.0,-4.0,-43.0
1776885437.7241027,8.0,0.0,-42.0
1776885437.7341027,3.0,-3.0,-37.0
1776885437.7441027,2.0,-5.0,-43.0
1776885437.7541027,4.0,1.0,-48.0
1776885437.7641027,0.0,0.0,-43.0
1776885437.7741027,2.0,-1.0,-36.0
1776885437.784103,-3.0,-5.0,-39.0
1776885437.794103,0.0,-5.0,-40.0
1776885437.804103,0.0,-3.0,-37.0
1776885437.8141026,-1.0,0.0,-42.0
1776885437.8241026,0.0,-2.0,-50.0
1776885437.8341026,-4.0,-1.0,-47.0
1776885437.8441026,0.0,-2.0,-48.0
1776885437.8541028,3.0,0.0,-48.0
1776885437.8641028,0.0,-3.0,-47.0
1776885437.8741028,-3.0,0.0,-48.0
1776885437.8841028,-5.0,3.0,-44.0
1776885437.8941028,-1.0,1.0,-43.0
1776885437.9041028,0.0,5.0,-39.0
1776885437.9141028,-1.0,4.0,-44.0
1776885437.9241028,1.0,7.0,-38.0
1776885437.9341028,5.0,9.0,-45.0
1776885437.9441028,4.0,7.0,-45.0
1776885437.9541028,7.0,6.0,-45.0
1776885437.9641027,7.0,5.0,-49.0
1776885437.9741027,4.0,5.0,-47.0
1776885437.9841027,0.0,1.0,-45.0
1776885437.9941027,-2.0,3.0,-54.0
1776885438.0041027,-4.0,1.0,-47.0
1776885438.0141027,-5.0,2.0,-44.0
1776885438.0241027,-1.0,4.0,-39.0
1776885438.034103,-3.0,0.0,-47.0
1776885438.044103,-8.0,0.0,-50.0
1776885438.054103,-7.0,1.0,-41.0
1776885438.0641026,-8.0,4.0,-40.0
1776885438.0741026,-6.0,7.0,-39.0
1776885438.0841026,-6.0,0.0,-41.0
1776885438.0941026,-3.0,3.0,-46.0
1776885438.1041028,-2.0,6.0,-40.0
1776885438.1141028,3.0,5.0,-37.0
1776885438.1241028,8.0,4.0,-37.0
1776885438.1341028,4.0,5.0,-43.0
1776885438.1441028,8.0,4.0,-43.0
1776885438.1541028,2.0,4.0,-38.0
1776885438.1641028,3.0,5.0,-27.0
1776885438.1741028,2.0,4.0,-22.0
1776885438.1841028,1.0,0.0,-32.0
1776885438.1941028,2.0,0.0,-36.0
1776885438.2041028,2.0,-1.0,-37.0
1776885438.2141027,1.0,-2.0,-40.0
1776885438.2241027,5.0,-4.0,-39.0
1776885438.2341027,8.0,-6.0,-43.0
1776885438.2441027,10.0,-6.0,-47.0
1776885438.2541027,14.0,-8.0,-48.0
1776885438.2641027,14.0,-5.0,-43.0
1776885438.2741027,16.0,-3.0,-37.0
1776885438.284103,10.0,-2.0,-41.0
1776885438.294103,10.0,-1.0,-46.0
1776885438.304103,7.0,-1.0,-47.0
1776885438.3141026,7.0,1.0,-42.0
1776885438.3241026,9.0,2.0,-46.0
1776885438.3341026,8.0,6.0,-50.0
1776885438.3441026,2.0,5.0,-45.0
1776885438.3541028,0.0,5.0,-45.0
1776885438.3641028,1.0,0.0,-43.0
1776885438.3741028,-1.0,-1.0,-43.0
1776885438.3841028,-1.0,-3.0,-45.0
1776885438.3941028,0.0,1.0,-45.0
1776885438.4041028,1.0,1.0,-49.0
1776885438.4141028,3.0,2.0,-50.0
1776885438.4241028,3.0,4.0,-46.0
1776885438.4341028,-3.0,4.0,-46.0
1776885438.4441028,-1.0,1.0,-40.0
1776885438.4541028,-2.0,-1.0,-41.0
1776885438.4641027,-3.0,-3.0,-35.0
1776885438.4741027,-2.0,-3.0,-33.0
1776885438.4841027,0.0,-2.0,-28.0
1776885438.4941027,2.0,-3.0,-27.0
1776885438.5041027,1.0,-5.0,-28.0
1776885438.5141027,0.0,-6.0,-31.0
1776885438.5241027,0.0,-12.0,-35.0
1776885438.534103,3.0,-17.0,-42.0
1776885438.544103,1.0,-15.0,-43.0
1776885438.554103,-1.0,-15.0,-42.0
1776885438.5641026,1.0,-12.0,-38.0
1776885438.5741026,1.0,-12.0,-41.0
1776885438.5841026,0.0,-5.0,-39.0
1776885438.5941026,-1.0,-6.0,-39.0
1776885438.6041028,1.0,-4.0,-45.0
1776885438.6141028,1.0,-5.0,-45.0
1776885438.6241028,2.0,-1.0,-44.0
1776885438.6341028,4.0,-2.0,-47.0
1776885438.6441028,1.0,-3.0,-49.0
1776885438.6541028,0.0,-3.0,-46.0
1776885438.6641028,0.0,-5.0,-45.0
1776885438.6741028,-4.0,-8.0,-44.0
1776885438.6841028,0.0,-7.0,-43.0
1776885438.6941028,1.0,-7.0,-44.0
1776885438.7041028,3.0,0.0,-46.0
1776885438.7141027,2.0,-1.0,-41.0
1776885438.7241027,0.0,-4.0,-47.0
1776885438.7341027,0.0,-5.0,-50.0
1776885438.7441027,3.0,-7.0,-53.0
1776885438.7541027,-5.0,-5.0,-52.0
1776885438.7641027,-7.0,-5.0,-56.0
1776885438.7741027,-9.0,-7.0,-53.0
1776885438.784103,-11.0,-7.0,-50.0
1776885438.794103,-10.0,-7.0,-50.0
1776885438.804103,-8.0,-6.0,-50.0
1776885438.8141026,-3.0,-6.0,-49.0
1776885438.8241026,-4.0,-5.0,-52.0
1776885438.8341026,0.0,0.0,-52.0
1776885438.8441026,0.0,2.0,-48.0
1776885438.8541028,0.0,4.0,-48.0
1776885438.8641028,-2.0,3.0,-48.0
1776885438.8741028,-1.0,0.0,-51.0
1776885438.8841028,-1.0,-3.0,-46.0
1776885438.8941028,-1.0,-2.0,-42.0
1776885438.9041028,0.0,0.0,-47.0
1776885438.9141028,0.0,0.0,-37.0
1776885438.9241028,0.0,-3.0,-37.0
1776885438.9341028,-1.0,-4.0,-41.0
1776885438.9441028,0.0,-6.0,-48.0
1776885438.9541028,2.0,-4.0,-51.0
1776885438.9641027,0.0,-5.0,-47.0
1776885438.9741027,0.0,-1.0,-44.0
1776885438.9841027,-2.0,0.0,-50.0
1776885438.9941027,5.0,3.0,-46.0
1776885439.0041027,6.0,2.0,-52.0
1776885439.0141027,4.0,1.0,-45.0
1776885439.0241027,3.0,3.0,-43.0
1776885439.034103,5.0,2.0,-47.0
1776885439.0451028,4.0,0.0,-49.0
1776885439.0551028,3.0,-3.0,-41.0
1776885439.0651028,0.0,-1.0,-41.0
1776885439.0751028,1.0,0.0,-44.0
1776885439.0851028,5.0,0.0,-40.0
1776885439.0951028,3.0,0.0,-35.0
1776885439.1051028,1.0,-1.0,-33.0
1776885439.1151028,4.0,-3.0,-39.0
1776885439.1251028,6.0,-1.0,-39.0
1776885439.1351027,1.0,0.0,-40.0
1776885439.1451027,-1.0,-1.0,-41.0
1776885439.1551027,4.0,-2.0,-35.0
1776885439.1651027,1.0,-1.0,-37.0
1776885439.1751027,2.0,-3.0,-42.0
1776885439.1851027,6.0,-2.0,-48.0
1776885439.1951027,12.0,0.0,-53.0
1776885439.2051027,11.0,0.0,-49.0
1776885439.215103,8.0,2.0,-49.0
1776885439.225103,9.0,1.0,-48.0
1776885439.235103,6.0,-1.0,-50.0
1776885439.2451026,6.0,-3.0,-49.0
1776885439.2551026,1.0,-6.0,-46.0
1776885439.2651026,3.0,-3.0,-48.0
1776885439.2751029,3.0,-3.0,-44.0
1776885439.2851028,3.0,-3.0,-46.0
1776885439.2951028,1.0,-6.0,-46.0
1776885439.3051028,4.0,-5.0,-41.0
1776885439.3151028,6.0,-5.0,-36.0
1776885439.3251028,8.0,-1.0,-34.0
1776885439.3351028,8.0,-4.0,-42.0
1776885439.3451028,7.0,-4.0,-46.0
1776885439.3551028,7.0,0.0,-43.0
1776885439.3651028,3.0,2.0,-46.0
1776885439.3751028,4.0,0.0,-40.0
1776885439.3851027,0.0,0.0,-40.0
1776885439.3951027,2.0,0.0,-42.0
1776885439.4051027,3.0,3.0,-36.0
1776885439.4151027,1.0,1.0,-40.0
1776885439.4251027,0.0,1.0,-48.0
1776885439.4351027,0.0,0.0,-48.0
1776885439.4451027,3.0,3.0,-47.0
1776885439.4551027,2.0,1.0,-36.0
1776885439.465103,3.0,4.0,-36.0
1776885439.475103,1.0,6.0,-28.0
1776885439.485103,-1.0,3.0,-27.0
1776885439.4951026,-2.0,5.0,-26.0
1776885439.5051026,-2.0,5.0,-31.0
1776885439.5151026,0.0,1.0,-34.0
1776885439.5251029,1.0,3.0,-33.0
1776885439.5351028,0.0,6.0,-35.0
1776885439.5451028,-3.0,7.0,-39.0
1776885439.5551028,0.0,10.0,-39.0
1776885439.5651028,0.0,6.0,-36.0
1776885439.5751028,2.0,4.0,-40.0
1776885439.5851028,0.0,0.0,-38.0
1776885439.5951028,0.0,1.0,-40.0
1776885439.6051028,5.0,1.0,-45.0
1776885439.6151028,5.0,2.0,-39.0
1776885439.6251028,3.0,0.0,-36.0
1776885439.6351027,3.0,1.0,-32.0
1776885439.6451027,4.0,1.0,-35.0
1776885439.6551027,5.0,-1.0,-34.0
1776885439.6651027,3.0,1.0,-35.0
1776885439.6751027,1.0,2.0,-37.0
1776885439.6851027,-1.0,2.0,-35.0
1776885439.6951027,-6.0,3.0,-30.0
1776885439.7051027,-4.0,0.0,-33.0
1776885439.715103,-4.0,0.0,-36.0
1776885439.725103,-5.0,2.0,-33.0
1776885439.735103,-3.0,-3.0,-36.0
1776885439.7451026,0.0,-4.0,-37.0
1776885439.7551026,0.0,1.0,-40.0
1776885439.7651026,-5.0,3.0,-42.0
1776885439.7751029,-2.0,2.0,-47.0
1776885439.7851028,2.0,2.0,-49.0
1776885439.7951028,1.0,0.0,-45.0
1776885439.8051028,0.0,-1.0,-42.0
1776885439.8151028,-1.0,-8.0,-44.0
1776885439.8251028,-2.0,-11.0,-45.0
1776885439.8351028,-7.0,-7.0,-43.0
1776885439.8451028,-1.0,-7.0,-41.0
1776885439.8551028,1.0,-6.0,-39.0
1776885439.8651028,0.0,-2.0,-41.0
1776885439.8751028,-1.0,-2.0,-42.0
1776885439.8851027,0.0,-5.0,-43.0
1776885439.8951027,-1.0,0.0,-45.0
1776885439.9051027,-2.0,0.0,-46.0
1776885439.9151027,-8.0,0.0,-51.0
1776885439.9251027,-9.0,1.0,-60.0
1776885439.9351027,-11.0,0.0,-58.0
1776885439.9451027,-7.0,0.0,-55.0
1776885439.9551027,-3.0,0.0,-53.0
1776885439.965103,-8.0,3.0,-46.0
1776885439.975103,-8.0,2.0,-35.0
1776885439.985103,-7.0,0.0,-42.0
1776885439.9951026,-4.0,0.0,-41.0
1776885440.0051026,-4.0,1.0,-40.0
1776885440.0151026,0.0,2.0,-48.0
1776885440.0251029,2.0,-1.0,-44.0
1776885440.0351028,6.0,-2.0,-46.0
1776885440.0451028,8.0,1.0,-51.0
1776885440.0551028,9.0,0.0,-44.0
1776885440.0651028,10.0,2.0,-45.0
1776885440.0751028,4.0,2.0,-44.0
1776885440.0851028,0.0,1.0,-46.0
1776885440.0951028,-1.0,0.0,-46.0
1776885440.1051028,-4.0,-1.0,-50.0
1776885440.1151028,-5.0,-5.0,-46.0
1776885440.1251028,-3.0,0.0,-51.0
1776885440.1351027,-3.0,-1.0,-49.0
1776885440.1451027,-4.0,-3.0,-51.0
1776885440.1551027,-2.0,-4.0,-45.0
1776885440.1651027,0.0,0.0,-41.0
1776885440.1751027,3.0,-2.0,-44.0
1776885440.1851027,5.0,0.0,-43.0
1776885440.1951027,1.0,0.0,-38.0
1776885440.2051027,0.0,-4.0,-35.0
1776885440.215103,0.0,-8.0,-38.0
1776885440.225103,0.0,-8.0,-45.0
1776885440.235103,-7.0,-7.0,-51.0
1776885440.2451026,-2.0,-7.0,-47.0
1776885440.2551026,-4.0,-3.0,-43.0
1776885440.2651026,0.0,-3.0,-50.0
1776885440.2751029,2.0,0.0,-48.0
1776885440.2851028,3.0,0.0,-51.0
1776885440.2951028,5.0,-3.0,-56.0
1776885440.3051028,8.0,-8.0,-53.0
1776885440.3151028,4.0,-6.0,-52.0
1776885440.3251028,4.0,-7.0,-52.0
1776885440.3351028,5.0,-10.0,-52.0
1776885440.3451028,4.0,-8.0,-51.0
1776885440.3551028,5.0,-7.0,-43.0
1776885440.3651028,4.0,-8.0,-43.0
1776885440.3751028,1.0,-5.0,-40.0
1776885440.3851027,-1.0,-3.0,-41.0
1776885440.3951027,-2.0,-4.0,-42.0
1776885440.4051027,-3.0,-6.0,-44.0
1776885440.4151027,-4.0,-9.0,-36.0
1776885440.4251027,0.0,-11.0,-33.0
1776885440.4351027,0.0,-11.0,-36.0
1776885440.4451027,0.0,-8.0,-34.0
1776885440.4551027,0.0,-12.0,-31.0
1776885440.465103,3.0,-12.0,-36.0
1776885440.475103,4.0,-9.0,-42.0
1776885440.485103,4.0,-5.0,-47.0
1776885440.4951026,4.0,-4.0,-44.0
1776885440.5051026,-1.0,-2.0,-42.0
1776885440.5151026,-3.0,-4.0,-47.0
1776885440.5251029,2.0,-5.0,-47.0
1776885440.5351028,3.0,-5.0,-53.0
1776885440.5451028,6.0,-4.0,-57.0
1776885440.5551028,5.0,-3.0,-57.0
1776885440.5651028,1.0,-4.0,-56.0
1776885440.5751028,-2.0,-8.0,-55.0
1776885440.5851028,-1.0,-8.0,-52.0
1776885440.5951028,1.0,-9.0,-52.0
1776885440.6051028,7.0,-8.0,-50.0
1776885440.6151028,2.0,-5.0,-52.0
1776885440.6251028,-2.0,-1.0,-55.0
1776885440.6351027,-1.0,-3.0,-54.0
1776885440.6451027,-4.0,-2.0,-52.0
1776885440.6551027,-3.0,-6.0,-51.0
1776885440.6651027,-2.0,-5.0,-49.0
1776885440.6751027,0.0,-1.0,-43.0
1776885440.6851027,-5.0,-1.0,-41.0
1776885440.6951027,-7.0,-4.0,-40.0
1776885440.7051027,-6.0,2.0,-39.0
1776885440.715103,-7.0,2.0,-33.0
1776885440.725103,-5.0,3.0,-36.0
1776885440.735103,-3.0,5.0,-34.0
1776885440.7451026,1.0,5.0,-42.0
1776885440.7551026,2.0,8.0,-50.0
1776885440.7651026,3.0,8.0,-56.0
1776885440.7751029,4.0,7.0,-54.0
1776885440.7851028,2.0,6.0,-59.0
1776885440.7951028,2.0,8.0,-53.0
1776885440.8051028,0.0,5.0,-52.0
1776885440.8151028,2.0,7.0,-46.0
1776885440.8251028,5.0,4.0,-45.0
1776885440.8351028,0.0,1.0,-46.0
1776885440.8451028,-2.0,0.0,-42.0
1776885440.8551028,-2.0,0.0,-36.0
1776885440.8651028,-1.0,0.0,-42.0
1776885440.8751028,-4.0,0.0,-44.0
1776885440.8851027,-1.0,-2.0,-47.0
1776885440.8951027,0.0,-4.0,-44.0
1776885440.9051027,5.0,-1.0,-43.0
1776885440.9151027,5.0,-4.0,-45.0
1776885440.9251027,1.0,0.0,-45.0
1776885440.9351027,4.0,-1.0,-53.0
1776885440.9451027,1.0,-5.0,-50.0
1776885440.9551027,1.0,-6.0,-41.0
1776885440.965103,0.0,-4.0,-39.0
1776885440.975103,2.0,-1.0,-42.0
1776885440.985103,3.0,1.0,-41.0
1776885440.9961028,6.0,-1.0,-35.0
1776885441.0061028,6.0,-5.0,-45.0
1776885441.0161028,8.0,-5.0,-42.0
1776885441.0261028,4.0,-4.0,-42.0
1776885441.0361028,4.0,-5.0,-36.0
1776885441.0461028,1.0,-3.0,-38.0
1776885441.0561028,0.0,0.0,-39.0
1776885441.0661027,5.0,4.0,-44.0
1776885441.0761027,3.0,1.0,-51.0
1776885441.0861027,2.0,1.0,-54.0
1776885441.0961027,-1.0,2.0,-56.0
1776885441.1061027,0.0,0.0,-54.0
1776885441.1161027,-1.0,-2.0,-52.0
1776885441.1261027,-1.0,-3.0,-50.0
1776885441.136103,7.0,-3.0,-45.0
1776885441.146103,9.0,-2.0,-36.0
1776885441.156103,6.0,3.0,-35.0
1776885441.1661026,4.0,1.0,-46.0
1776885441.1761026,-1.0,0.0,-45.0
1776885441.1861026,-3.0,0.0,-41.0
1776885441.1961029,-2.0,1.0,-36.0
1776885441.2061028,-5.0,-1.0,-42.0
1776885441.2161028,-6.0,-5.0,-44.0
1776885441.2261028,-4.0,-5.0,-38.0
1776885441.2361028,-3.0,-1.0,-38.0
1776885441.2461028,-3.0,0.0,-42.0
1776885441.2561028,-4.0,-1.0,-41.0
1776885441.2661028,-3.0,-2.0,-38.0
1776885441.2761028,-2.0,-1.0,-41.0
1776885441.2861028,-1.0,-3.0,-47.0
1776885441.2961028,-3.0,0.0,-43.0
1776885441.3061028,-2.0,2.0,-39.0
1776885441.3161027,-2.0,4.0,-41.0
1776885441.3261027,0.0,0.0,-40.0
1776885441.3361027,0.0,0.0,-43.0
1776885441.3461027,0.0,-3.0,-49.0
1776885441.3561027,0.0,-7.0,-49.0
1776885441.3661027,2.0,-7.0,-45.0
1776885441.3761027,4.0,-4.0,-44.0
1776885441.386103,5.0,-3.0,-39.0
1776885441.396103,6.0,-9.0,-45.0
1776885441.406103,6.0,-10.0,-45.0
1776885441.4161026,5.0,-7.0,-39.0
1776885441.4261026,6.0,-2.0,-43.0
1776885441.4361026,6.0,0.0,-46.0
1776885441.4461029,5.0,2.0,-53.0
1776885441.4561028,6.0,2.0,-54.0
1776885441.4661028,7.0,-2.0,-53.0
1776885441.4761028,9.0,0.0,-53.0
1776885441.4861028,8.0,0.0,-51.0
1776885441.4961028,2.0,3.0,-49.0
1776885441.5061028,2.0,4.0,-47.0
1776885441.5161028,0.0,0.0,-40.0
1776885441.5261028,-2.0,-2.0,-40.0
1776885441.5361028,-2.0,-4.0,-36.0
1776885441.5461028,2.0,-1.0,-37.0
1776885441.5561028,3.0,0.0,-39.0
1776885441.5661027,1.0,-2.0,-40.0
1776885441.5761027,4.0,-4.0,-44.0
1776885441.5861027,0.0,-2.0,-47.0
1776885441.5961027,0.0,-3.0,-52.0
1776885441.6061027,5.0,-4.0,-55.0
1776885441.6161027,10.0,-3.0,-46.0
1776885441.6261027,6.0,-7.0,-47.0
1776885441.636103,1.0,-6.0,-38.0
1776885441.646103,-4.0,-2.0,-40.0
1776885441.656103,-4.0,1.0,-37.0
1776885441.6661026,-2.0,2.0,-37.0
1776885441.6761026,1.0,-2.0,-45.0
1776885441.6861026,2.0,-3.0,-48.0
1776885441.6961029,3.0,-5.0,-49.0
1776885441.7061028,0.0,-4.0,-49.0
1776885441.7161028,0.0,-3.0,-45.0
1776885441.7261028,0.0,-3.0,-51.0
1776885441.7361028,-2.0,-1.0,-46.0
1776885441.7461028,0.0,0.0,-44.0
1776885441.7561028,2.0,-2.0,-53.0
1776885441.7661028,0.0,-4.0,-54.0
1776885441.7761028,-2.0,-2.0,-43.0
1776885441.7861028,0.0,0.0,-40.0
1776885441.7961028,3.0,-3.0,-40.0
1776885441.8061028,3.0,-5.0,-44.0
1776885441.8161027,-2.0,-5.0,-54.0
1776885441.8261027,-3.0,-3.0,-56.0
1776885441.8361027,-2.0,-6.0,-53.0
1776885441.8461027,-2.0,-5.0,-52.0
1776885441.8561027,-2.0,-10.0,-46.0
1776885441.8661027,-3.0,-6.0,-45.0
1776885441.8761027,-4.0,-4.0,-49.0
1776885441.886103,-2.0,-4.0,-49.0
1776885441.896103,-3.0,-1.0,-41.0
1776885441.906103,-3.0,0.0,-46.0
1776885441.9161026,-3.0,4.0,-49.0
1776885441.9261026,2.0,4.0,-51.0
1776885441.9361026,1.0,4.0,-49.0
1776885441.9461029,3.0,1.0,-49.0
1776885441.9561028,3.0,2.0,-54.0
1776885441.9661028,2.0,-2.0,-53.0
1776885441.9761028,2.0,1.0,-49.0
1776885441.9861028,2.0,0.0,-43.0
1776885441.9961028,2.0,1.0,-46.0
1776885442.0061028,7.0,1.0,-55.0
1776885442.0161028,12.0,0.0,-53.0
1776885442.0261028,9.0,3.0,-49.0
1776885442.0361028,9.0,0.0,-42.0
1776885442.0461028,7.0,4.0,-42.0
1776885442.0561028,6.0,3.0,-41.0
1776885442.0661027,3.0,1.0,-45.0
1776885442.0761027,2.0,0.0,-49.0
1776885442.0861027,2.0,-2.0,-53.0
1776885442.0961027,0.0,0.0,-56.0
1776885442.1061027,0.0,2.0,-49.0
1776885442.1161027,2.0,1.0,-50.0
1776885442.1261027,1.0,0.0,-51.0
1776885442.136103,5.0,-4.0,-39.0
1776885442.146103,4.0,0.0,-30.0
1776885442.156103,6.0,0.0,-27.0
1776885442.1661026,5.0,-3.0,-32.0
1776885442.1761026,0.0,0.0,-28.0
1776885442.1861026,2.0,-2.0,-32.0
1776885442.1961029,0.0,0.0,-33.0
1776885442.2061028,3.0,2.0,-33.0
1776885442.2161028,0.0,0.0,-36.0
1776885442.2261028,0.0,0.0,-38.0
1776885442.2361028,3.0,-3.0,-40.0
1776885442.2461028,3.0,-3.0,-41.0
1776885442.2561028,1.0,-3.0,-42.0
1776885442.2661028,2.0,0.0,-42.0
1776885442.2761028,2.0,-3.0,-52.0
1776885442.2861028,-4.0,0.0,-52.0
1776885442.2961028,-1.0,-3.0,-57.0
1776885442.3061028,-1.0,-2.0,-58.0
1776885442.3161027,1.0,-3.0,-62.0
1776885442.3261027,4.0,-6.0,-58.0
1776885442.3361027,0.0,-8.0,-52.0
1776885442.3461027,0.0,-2.0,-52.0
1776885442.3561027,0.0,-2.0,-49.0
1776885442.3661027,5.0,-5.0,-55.0
1776885442.3761027,6.0,0.0,-57.0
1776885442.386103,4.0,1.0,-56.0
1776885442.396103,7.0,2.0,-57.0
1776885442.406103,6.0,0.0,-49.0
1776885442.4161026,3.0,0.0,-51.0
1776885442.4261026,7.0,0.0,-51.0
1776885442.4361026,8.0,-1.0,-48.0
1776885442.4461029,6.0,-4.0,-48.0
1776885442.4561028,9.0,-4.0,-42.0
1776885442.4661028,6.0,-8.0,-41.0
1776885442.4761028,0.0,-6.0,-40.0
1776885442.4861028,3.0,-2.0,-36.0
1776885442.4961028,2.0,-2.0,-33.0
1776885442.5061028,2.0,-1.0,-35.0
1776885442.5161028,0.0,-1.0,-36.0
1776885442.5261028,0.0,-1.0,-38.0
1776885442.5361028,1.0,-1.0,-42.0
1776885442.5461028,1.0,-4.0,-42.0
1776885442.5561028,0.0,-3.0,-46.0
1776885442.5661027,5.0,-2.0,-44.0
1776885442.5761027,10.0,-1.0,-42.0
1776885442.5861027,7.0,0.0,-45.0
1776885442.5961027,5.0,-1.0,-42.0
1776885442.6061027,0.0,-1.0,-41.0
1776885442.6161027,3.0,0.0,-37.0
1776885442.6261027,3.0,0.0,-38.0
1776885442.636103,0.0,0.0,-36.0
1776885442.646103,4.0,-3.0,-34.0
1776885442.656103,4.0,-5.0,-35.0
1776885442.6661026,2.0,-6.0,-37.0
1776885442.6761026,5.0,-2.0,-34.0
1776885442.6861026,3.0,0.0,-39.0
1776885442.6961029,3.0,-1.0,-43.0
1776885442.7061028,3.0,-2.0,-44.0
1776885442.7161028,1.0,-1.0,-43.0
1776885442.7261028,0.0,2.0,-42.0
1776885442.7361028,-1.0,2.0,-46.0
1776885442.7461028,0.0,2.0,-40.0
1776885442.7561028,4.0,3.0,-35.0
1776885442.7661028,5.0,0.0,-36.0
1776885442.7761028,-1.0,2.0,-38.0
1776885442.7861028,-1.0,4.0,-44.0
1776885442.7961028,0.0,0.0,-47.0
1776885442.8061028,4.0,-3.0,-46.0
1776885442.8161027,0.0,-4.0,-47.0
1776885442.8261027,0.0,-8.0,-41.0
1776885442.8361027,4.0,-6.0,-43.0
1776885442.8461027,5.0,-4.0,-42.0
1776885442.8561027,0.0,-6.0,-45.0
1776885442.8661027,-1.0,-1.0,-40.0
1776885442.8761027,1.0,-3.0,-39.0
1776885442.886103,2.0,-2.0,-41.0
1776885442.896103,0.0,0.0,-43.0
1776885442.906103,-5.0,-2.0,-44.0
1776885442.9161026,-3.0,0.0,-43.0
1776885442.9261026,0.0,0.0,-46.0
1776885442.9361026,1.0,1.0,-40.0
1776885442.9461029,2.0,-1.0,-39.0
1776885442.9561028,0.0,-4.0,-34.0
1776885442.9661028,-2.0,-5.0,-46.0
1776885442.9771028,0.0,-6.0,-51.0
1776885442.9871027,0.0,-4.0,-49.0
1776885442.9971027,1.0,-1.0,-42.0
1776885443.0071027,1.0,-3.0,-46.0
1776885443.0171027,2.0,-3.0,-46.0
1776885443.0271027,1.0,-5.0,-44.0
1776885443.0371027,1.0,-8.0,-44.0
1776885443.0471027,4.0,-7.0,-44.0
1776885443.057103,5.0,-4.0,-45.0
1776885443.067103,6.0,0.0,-46.0
1776885443.077103,6.0,-3.0,-46.0
1776885443.087103,5.0,-2.0,-48.0
1776885443.0971026,5.0,0.0,-51.0
1776885443.1071026,8.0,1.0,-49.0
1776885443.1171026,4.0,0.0,-50.0
1776885443.1271029,2.0,-1.0,-45.0
1776885443.1371028,3.0,-3.0,-43.0
1776885443.1471028,8.0,-1.0,-44.0
1776885443.1571028,6.0,-1.0,-40.0
1776885443.1671028,0.0,-6.0,-41.0
1776885443.1771028,1.0,-7.0,-43.0
1776885443.1871028,0.0,-8.0,-48.0
1776885443.1971028,-1.0,-11.0,-53.0
1776885443.2071028,1.0,-8.0,-52.0
1776885443.2171028,0.0,-7.0,-47.0
1776885443.2271028,2.0,-6.0,-47.0
1776885443.2371027,0.0,-8.0,-46.0
1776885443.2471027,0.0,-6.0,-42.0
1776885443.2571027,0.0,-7.0,-44.0
1776885443.2671027,-3.0,-8.0,-48.0
1776885443.2771027,0.0,-5.0,-48.0
1776885443.2871027,4.0,-8.0,-46.0
1776885443.2971027,1.0,-6.0,-41.0
1776885443.307103,4.0,-7.0,-45.0
1776885443.317103,5.0,-9.0,-48.0
1776885443.327103,8.0,-8.0,-50.0
1776885443.337103,7.0,-5.0,-55.0
1776885443.3471026,11.0,-6.0,-53.0
1776885443.3571026,8.0,-5.0,-53.0
1776885443.3671026,5.0,-5.0,-45.0
1776885443.3771029,4.0,-2.0,-39.0
1776885443.3871028,5.0,-5.0,-44.0
1776885443.3971028,9.0,-8.0,-45.0
1776885443.4071028,8.0,-5.0,-47.0
1776885443.4171028,4.0,-3.0,-39.0
1776885443.4271028,2.0,-4.0,-42.0
1776885443.4371028,0.0,-5.0,-38.0
1776885443.4471028,0.0,-9.0,-36.0
1776885443.4571028,-2.0,-6.0,-36.0
1776885443.4671028,-4.0,-3.0,-39.0
1776885443.4771028,-5.0,-1.0,-43.0
1776885443.4871027,-6.0,-6.0,-46.0
1776885443.4971027,-4.0,-6.0,-49.0
1776885443.5071027,-5.0,-10.0,-45.0
1776885443.5171027,-2.0,-6.0,-36.0
1776885443.5271027,1.0,-5.0,-33.0
1776885443.5371027,4.0,-3.0,-29.0
1776885443.5471027,6.0,-1.0,-32.0
1776885443.557103,4.0,-2.0,-30.0
1776885443.567103,7.0,-2.0,-29.0
1776885443.577103,0.0,-6.0,-30.0
1776885443.587103,0.0,-1.0,-35.0
1776885443.5971026,0.0,3.0,-39.0
1776885443.6071026,-1.0,0.0,-42.0
1776885443.6171026,-2.0,-2.0,-45.0
1776885443.6271029,-5.0,-4.0,-48.0
1776885443.6371028,-7.0,-3.0,-52.0
1776885443.6471028,-7.0,-5.0,-56.0
1776885443.6571028,-6.0,-5.0,-55.0
1776885443.6671028,-6.0,-3.0,-54.0
1776885443.6771028,-6.0,-2.0,-45.0
1776885443.6871028,-1.0,0.0,-49.0
1776885443.6971028,0.0,0.0,-50.0
1776885443.7071028,0.0,0.0,-49.0
1776885443.7171028,-3.0,-2.0,-44.0
1776885443.7271028,0.0,-3.0,-42.0
1776885443.7371027,2.0,1.0,-41.0
1776885443.7471027,1.0,1.0,-42.0
1776885443.7571027,0.0,0.0,-37.0
1776885443.7671027,-2.0,0.0,-43.0
1776885443.7771027,-2.0,1.0,-46.0
1776885443.7871027,-2.0,-3.0,-47.0
1776885443.7971027,0.0,0.0,-48.0
1776885443.807103,-3.0,-1.0,-52.0
1776885443.817103,-3.0,1.0,-50.0
1776885443.827103,-1.0,4.0,-41.0
1776885443.837103,0.0,3.0,-35.0
1776885443.8471026,1.0,1.0,-31.0
1776885443.8571026,0.0,-3.0,-35.0
1776885443.8671026,0.0,0.0,-38.0
1776885443.8771029,1.0,2.0,-37.0
1776885443.8871028,4.0,0.0,-36.0
1776885443.8971028,6.0,1.0,-39.0
1776885443.9071028,3.0,0.0,-43.0
1776885443.9171028,2.0,2.0,-45.0
1776885443.9271028,0.0,2.0,-44.0
1776885443.9371028,4.0,2.0,-47.0
1776885443.9471028,6.0,3.0,-53.0
1776885443.9571028,5.0,3.0,-51.0
1776885443.9671028,5.0,0.0,-57.0
1776885443.9771028,6.0,0.0,-49.0
1776885443.9871027,3.0,-1.0,-46.0
1776885443.9971027,4.0,0.0,-46.0
1776885444.0071027,5.0,-4.0,-39.0
1776885444.0171027,3.0,-7.0,-44.0
1776885444.0271027,-1.0,-11.0,-41.0
1776885444.0371027,-6.0,-11.0,-42.0
1776885444.0471027,-2.0,-10.0,-37.0
1776885444.057103,5.0,-3.0,-37.0
1776885444.067103,3.0,-2.0,-42.0
1776885444.077103,4.0,-5.0,-35.0
1776885444.087103,3.0,-2.0,-33.0
1776885444.0971026,0.0,-4.0,-31.0
1776885444.1071026,0.0,-7.0,-38.0
1776885444.1171026,-4.0,-9.0,-38.0
1776885444.1271029,-5.0,-12.0,-41.0
1776885444.1371028,-1.0,-9.0,-38.0
1776885444.1471028,-1.0,-5.0,-39.0
1776885444.1571028,-1.0,-3.0,-45.0
1776885444.1671028,0.0,-7.0,-47.0
1776885444.1771028,0.0,-2.0,-51.0
1776885444.1871028,3.0,0.0,-48.0
1776885444.1971028,5.0,-4.0,-47.0
1776885444.2071028,7.0,-9.0,-50.0
1776885444.2171028,7.0,-10.0,-46.0
1776885444.2271028,3.0,-11.0,-39.0
1776885444.2371027,-1.0,-7.0,-38.0
1776885444.2471027,-1.0,-5.0,-44.0
1776885444.2571027,-2.0,-5.0,-41.0
1776885444.2671027,0.0,-5.0,-37.0
1776885444.2771027,0.0,-1.0,-38.0
1776885444.2871027,-5.0,3.0,-42.0
1776885444.2971027,-5.0,1.0,-45.0
1776885444.307103,-1.0,2.0,-50.0
1776885444.317103,0.0,3.0,-52.0
1776885444.327103,-2.0,2.0,-55.0
1776885444.337103,-3.0,0.0,-56.0
1776885444.3471026,-7.0,1.0,-50.0
1776885444.3571026,-6.0,4.0,-55.0
1776885444.3671026,-7.0,2.0,-47.0
1776885444.3771029,-4.0,0.0,-44.0
1776885444.3871028,-6.0,2.0,-38.0
1776885444.3971028,-4.0,4.0,-40.0
1776885444.4071028,-5.0,0.0,-45.0
1776885444.4171028,-6.0,1.0,-48.0
1776885444.4271028,-2.0,1.0,-52.0
1776885444.4371028,1.0,0.0,-41.0
1776885444.4471028,4.0,-2.0,-38.0
1776885444.4571028,2.0,-6.0,-44.0
1776885444.4671028,3.0,-3.0,-42.0
1776885444.4771028,4.0,-3.0,-37.0
1776885444.4871027,2.0,-7.0,-38.0
1776885444.4971027,-1.0,-3.0,-39.0
1776885444.5071027,0.0,0.0,-36.0
1776885444.5171027,0.0,0.0,-37.0
1776885444.5271027,-5.0,2.0,-36.0
1776885444.5371027,1.0,2.0,-37.0
1776885444.5471027,2.0,-1.0,-28.0
1776885444.557103,2.0,-4.0,-27.0
1776885444.567103,2.0,-2.0,-31.0
1776885444.577103,2.0,2.0,-42.0
1776885444.587103,5.0,-1.0,-44.0
1776885444.5971026,9.0,-2.0,-49.0
1776885444.6071026,10.0,-1.0,-41.0
1776885444.6171026,12.0,-2.0,-42.0
1776885444.6271029,10.0,-3.0,-41.0
1776885444.6371028,7.0,0.0,-41.0
1776885444.6471028,6.0,-1.0,-39.0
1776885444.6571028,1.0,0.0,-44.0
1776885444.6671028,4.0,2.0,-45.0
1776885444.6771028,2.0,6.0,-49.0
1776885444.6871028,-4.0,2.0,-47.0
1776885444.6971028,-5.0,0.0,-49.0
1776885444.7071028,-5.0,3.0,-46.0
1776885444.7171028,-2.0,-1.0,-47.0
1776885444.7271028,-4.0,-6.0,-48.0
1776885444.7371027,-7.0,-7.0,-42.0
1776885444.7471027,-7.0,-4.0,-43.0
1776885444.7571027,-5.0,-7.0,-42.0
1776885444.7671027,-7.0,-7.0,-44.0
1776885444.7771027,-2.0,0.0,-44.0
1776885444.7871027,-2.0,2.0,-42.0
1776885444.7971027,2.0,4.0,-41.0
1776885444.807103,1.0,2.0,-41.0
1776885444.817103,0.0,0.0,-49.0
1776885444.827103,-1.0,-1.0,-52.0
1776885444.837103,-4.0,-3.0,-51.0
1776885444.8471026,-1.0,0.0,-42.0
1776885444.8571026,1.0,-5.0,-38.0
1776885444.8671026,6.0,-5.0,-40.0
1776885444.8771029,7.0,-5.0,-40.0
1776885444.8871028,9.0,-5.0,-39.0
1776885444.8971028,7.0,-6.0,-37.0
1776885444.9071028,6.0,-8.0,-30.0
1776885444.9171028,0.0,-10.0,-34.0
1776885444.9271028,-1.0,-11.0,-41.0
1776885444.9371028,0.0,-6.0,-40.0
1776885444.9481027,2.0,-7.0,-45.0
1776885444.9581027,7.0,-8.0,-46.0
1776885444.9681027,6.0,-2.0,-49.0
1776885444.9781027,5.0,-3.0,-53.0
1776885444.988103,3.0,-2.0,-55.0
1776885444.998103,1.0,-1.0,-53.0
1776885445.008103,-3.0,-1.0,-42.0
1776885445.0181026,-3.0,1.0,-39.0
1776885445.0281026,1.0,0.0,-37.0
1776885445.0381026,2.0,0.0,-35.0
1776885445.0481029,-5.0,2.0,-41.0
1776885445.0581028,0.0,4.0,-50.0
1776885445.0681028,0.0,3.0,-53.0
1776885445.0781028,0.0,2.0,-45.0
1776885445.0881028,0.0,2.0,-47.0
1776885445.0981028,0.0,1.0,-51.0
1776885445.1081028,0.0,-3.0,-50.0
1776885445.1181028,4.0,-5.0,-47.0
1776885445.1281028,2.0,-4.0,-36.0
1776885445.1381028,3.0,-3.0,-38.0
1776885445.1481028,1.0,0.0,-40.0
1776885445.1581028,6.0,1.0,-37.0
1776885445.1681027,0.0,0.0,-39.0
1776885445.1781027,-1.0,4.0,-40.0
1776885445.1881027,2.0,-1.0,-37.0
1776885445.1981027,4.0,-1.0,-43.0
1776885445.2081027,6.0,-4.0,-38.0
1776885445.2181027,9.0,-1.0,-44.0
1776885445.2281027,10.0,3.0,-52.0
1776885445.238103,10.0,4.0,-47.0
1776885445.248103,9.0,4.0,-47.0
1776885445.258103,2.0,0.0,-46.0
1776885445.2681026,0.0,1.0,-47.0
1776885445.2781026,0.0,0.0,-41.0
1776885445.2881026,-1.0,1.0,-40.0
1776885445.2981029,1.0,1.0,-42.0
1776885445.3081028,3.0,2.0,-42.0
1776885445.3181028,4.0,0.0,-43.0
1776885445.3281028,3.0,2.0,-42.0
1776885445.3381028,3.0,-1.0,-35.0
1776885445.3481028,2.0,1.0,-35.0
1776885445.3581028,0.0,1.0,-33.0
1776885445.3681028,-1.0,0.0,-33.0
1776885445.3781028,0.0,-2.0,-39.0
1776885445.3881028,-1.0,-7.0,-43.0
1776885445.3981028,-3.0,-5.0,-43.0
1776885445.4081028,0.0,-3.0,-42.0
1776885445.4181027,0.0,-4.0,-39.0
1776885445.4281027,0.0,-1.0,-42.0
1776885445.4381027,-2.0,0.0,-43.0
1776885445.4481027,-1.0,4.0,-44.0
1776885445.4581027,0.0,4.0,-48.0
1776885445.4681027,-1.0,2.0,-51.0
1776885445.4781027,0.0,0.0,-54.0
1776885445.488103,-9.0,2.0,-49.0
1776885445.498103,-8.0,0.0,-49.0
1776885445.508103,-5.0,-3.0,-55.0
1776885445.5181026,-2.0,-3.0,-52.0
1776885445.5281026,-4.0,0.0,-54.0
1776885445.5381026,-3.0,0.0,-46.0
1776885445.5481029,0.0,0.0,-49.0
1776885445.5581028,0.0,0.0,-42.0
1776885445.5681028,-5.0,-6.0,-36.0
1776885445.5781028,-5.0,-7.0,-39.0
1776885445.5881028,-6.0,-5.0,-41.0
1776885445.5981028,-3.0,-11.0,-43.0
1776885445.6081028,0.0,-11.0,-48.0
1776885445.6181028,0.0,-8.0,-49.0
1776885445.6281028,-2.0,-5.0,-46.0
1776885445.6381028,-3.0,-4.0,-48.0
1776885445.6481028,2.0,-2.0,-46.0
1776885445.6581028,4.0,-4.0,-46.0
1776885445.6681027,0.0,-11.0,-44.0
1776885445.6781027,0.0,-7.0,-46.0
1776885445.6881027,2.0,-8.0,-49.0
1776885445.6981027,3.0,-7.0,-56.0
1776885445.7081027,4.0,-9.0,-52.0
1776885445.7181027,-3.0,-7.0,-53.0
1776885445.7281027,1.0,-6.0,-52.0
1776885445.738103,1.0,-7.0,-49.0
1776885445.748103,1.0,-7.0,-45.0
1776885445.758103,3.0,-8.0,-51.0
1776885445.7681026,0.0,-7.0,-43.0
1776885445.7781026,-1.0,-5.0,-46.0
1776885445.7881026,2.0,-2.0,-44.0
1776885445.7981029,5.0,-3.0,-50.0
1776885445.8081028,5.0,-5.0,-46.0
1776885445.8181028,6.0,-7.0,-42.0
1776885445.8281028,7.0,-5.0,-47.0
1776885445.8381028,8.0,-1.0,-43.0
1776885445.8481028,3.0,-1.0,-44.0
1776885445.8581028,1.0,-3.0,-40.0
1776885445.8681028,2.0,-5.0,-40.0
1776885445.8781028,3.0,-3.0,-37.0
1776885445.8881028,-1.0,1.0,-39.0
1776885445.8981028,0.0,0.0,-43.0
1776885445.9081028,-1.0,4.0,-45.0
1776885445.9181027,-4.0,1.0,-43.0
1776885445.9281027,0.0,2.0,-37.0
1776885445.9381027,0.0,2.0,-37.0
1776885445.9481027,0.0,0.0,-42.0
1776885445.9581027,-1.0,0.0,-42.0
1776885445.9681027,-4.0,-6.0,-41.0
1776885445.9781027,-3.0,-7.0,-41.0
1776885445.988103,-5.0,-7.0,-46.0
1776885445.998103,-1.0,-14.0,-51.0
1776885446.008103,-1.0,-14.0,-54.0
1776885446.0181026,0.0,-11.0,-54.0
1776885446.0281026,-2.0,-7.0,-46.0
1776885446.0381026,-3.0,-5.0,-48.0
1776885446.0481029,-6.0,-2.0,-51.0
1776885446.0581028,-5.0,-3.0,-51.0
1776885446.0681028,-1.0,-4.0,-54.0
1776885446.0781028,5.0,-3.0,-55.0
1776885446.0881028,2.0,-3.0,-50.0
1776885446.0981028,2.0,-1.0,-50.0
1776885446.1081028,0.0,1.0,-46.0
1776885446.1181028,4.0,0.0,-49.0
1776885446.1281028,8.0,1.0,-45.0
1776885446.1381028,9.0,4.0,-42.0
1776885446.1481028,2.0,1.0,-47.0
1776885446.1581028,0.0,0.0,-51.0
1776885446.1681027,-1.0,-3.0,-51.0
1776885446.1781027,0.0,-6.0,-51.0
1776885446.1881027,0.0,-6.0,-49.0
1776885446.1981027,0.0,-4.0,-51.0
1776885446.2081027,-1.0,-10.0,-48.0
1776885446.2181027,0.0,-7.0,-41.0
1776885446.2281027,1.0,-3.0,-41.0
1776885446.238103,-2.0,-5.0,-42.0
1776885446.248103,-2.0,-6.0,-43.0
1776885446.258103,0.0,-7.0,-43.0
1776885446.2681026,0.0,-2.0,-44.0
1776885446.2781026,-2.0,1.0,-41.0
1776885446.2881026,-1.0,2.0,-44.0
1776885446.2981029,-1.0,0.0,-49.0
1776885446.3081028,0.0,3.0,-51.0
1776885446.3181028,0.0,1.0,-48.0
1776885446.3281028,-3.0,0.0,-46.0
1776885446.3381028,-3.0,-1.0,-47.0
1776885446.3481028,-6.0,-4.0,-46.0
1776885446.3581028,-6.0,-8.0,-40.0
1776885446.3681028,2.0,-2.0,-36.0
1776885446.3781028,3.0,-3.0,-34.0
1776885446.3881028,2.0,-1.0,-37.0
1776885446.3981028,1.0,-1.0,-43.0
1776885446.4081028,2.0,-6.0,-47.0
1776885446.4181027,4.0,-3.0,-46.0
1776885446.4281027,0.0,-1.0,-49.0
1776885446.4381027,-5.0,0.0,-43.0
1776885446.4481027,-2.0,2.0,-46.0
1776885446.4581027,-4.0,2.0,-42.0
1776885446.4681027,-3.0,1.0,-45.0
1776885446.4781027,-2.0,-2.0,-43.0
1776885446.488103,-7.0,-6.0,-44.0
1776885446.498103,-3.0,-7.0,-46.0
1776885446.508103,-2.0,-4.0,-48.0
1776885446.5181026,4.0,-4.0,-51.0
1776885446.5281026,6.0,-5.0,-50.0
1776885446.5381026,10.0,-2.0,-46.0
1776885446.5481029,12.0,-3.0,-41.0
1776885446.5581028,11.0,-3.0,-37.0
1776885446.5681028,9.0,-8.0,-32.0
1776885446.5781028,6.0,-5.0,-36.0
1776885446.5881028,6.0,-6.0,-38.0
1776885446.5981028,0.0,-4.0,-42.0
1776885446.6081028,-1.0,-2.0,-41.0
1776885446.6181028,0.0,-3.0,-35.0
1776885446.6281028,4.0,-5.0,-37.0
1776885446.6381028,4.0,-2.0,-43.0
1776885446.6481028,0.0,-1.0,-42.0
1776885446.6581028,-1.0,-4.0,-45.0
1776885446.6681027,-3.0,-3.0,-41.0
1776885446.6781027,-2.0,-7.0,-45.0
1776885446.6881027,-6.0,-7.0,-44.0
1776885446.6981027,-5.0,-5.0,-44.0
1776885446.7081027,-5.0,-6.0,-42.0
1776885446.7181027,-8.0,-7.0,-42.0
1776885446.7281027,-7.0,-10.0,-41.0
1776885446.738103,-4.0,-9.0,-40.0
1776885446.748103,0.0,-8.0,-39.0
1776885446.758103,-2.0,-4.0,-38.0
1776885446.7681026,-1.0,-5.0,-36.0
1776885446.7781026,4.0,-3.0,-37.0
1776885446.7881026,4.0,-4.0,-40.0
1776885446.7981029,0.0,-4.0,-47.0
1776885446.8081028,1.0,-5.0,-41.0
1776885446.8181028,5.0,-5.0,-34.0
1776885446.8281028,0.0,-4.0,-36.0
1776885446.8381028,0.0,-4.0,-38.0
1776885446.8481028,-6.0,-2.0,-37.0
1776885446.8581028,-4.0,-7.0,-31.0
1776885446.8681028,2.0,-6.0,-37.0
1776885446.8781028,4.0,-5.0,-43.0
1776885446.8881028,4.0,-3.0,-47.0
1776885446.8981028,0.0,-3.0,-48.0
1776885446.9081028,-1.0,-2.0,-53.0
1776885446.9181027,-2.0,-3.0,-55.0
1776885446.9281027,-2.0,-2.0,-49.0
1776885446.9391026,-1.0,-1.0,-48.0
1776885446.9491026,1.0,0.0,-52.0
1776885446.9591026,7.0,-3.0,-45.0
1776885446.9681027,5.0,-1.0,-42.0
1776885446.9791028,4.0,-2.0,-43.0
1776885446.9891028,2.0,-2.0,-43.0
1776885446.9991028,-2.0,-1.0,-41.0
1776885447.0091028,1.0,0.0,-48.0
1776885447.0191028,4.0,3.0,-49.0
1776885447.0291028,2.0,1.0,-53.0
1776885447.0391028,4.0,-2.0,-54.0
1776885447.0491028,0.0,-2.0,-56.0
1776885447.0591028,-1.0,-2.0,-53.0
1776885447.0691028,1.0,-3.0,-46.0
1776885447.0791028,2.0,0.0,-43.0
1776885447.0891027,2.0,-4.0,-39.0
1776885447.0991027,1.0,-8.0,-44.0
1776885447.1091027,1.0,-3.0,-44.0
1776885447.1191027,0.0,-4.0,-45.0
1776885447.1291027,10.0,-8.0,-47.0
1776885447.1391027,7.0,-7.0,-51.0
1776885447.1491027,0.0,-6.0,-45.0
1776885447.159103,-2.0,-10.0,-40.0
1776885447.169103,-1.0,-10.0,-34.0
1776885447.179103,-3.0,-7.0,-33.0
1776885447.1891026,-4.0,-8.0,-29.0
1776885447.1991026,-6.0,0.0,-27.0
1776885447.2091026,-3.0,2.0,-31.0
1776885447.2191026,-1.0,0.0,-26.0
1776885447.2291028,-2.0,3.0,-24.0
1776885447.2391028,0.0,3.0,-26.0
1776885447.2491028,3.0,2.0,-24.0
1776885447.2591028,0.0,0.0,-28.0
1776885447.2691028,0.0,-1.0,-35.0
1776885447.2791028,-1.0,-1.0,-42.0
1776885447.2891028,-3.0,0.0,-39.0
1776885447.2991028,-6.0,2.0,-36.0
1776885447.3091028,-6.0,2.0,-37.0
1776885447.3191028,-7.0,1.0,-36.0
1776885447.3291028,-7.0,-3.0,-40.0
1776885447.3391027,-2.0,-2.0,-45.0
1776885447.3491027,-3.0,0.0,-46.0
1776885447.3591027,-3.0,1.0,-48.0
1776885447.3691027,0.0,1.0,-48.0
1776885447.3791027,-2.0,3.0,-48.0
1776885447.3891027,-1.0,2.0,-46.0
1776885447.3991027,0.0,2.0,-46.0
1776885447.409103,-3.0,1.0,-46.0
1776885447.419103,-3.0,0.0,-46.0
1776885447.429103,-2.0,-2.0,-40.0
1776885447.4391026,0.0,0.0,-43.0
1776885447.4491026,3.0,1.0,-47.0
1776885447.4591026,1.0,-1.0,-52.0
1776885447.4691026,0.0,-3.0,-49.0
1776885447.4791028,-2.0,0.0,-45.0
1776885447.4891028,-1.0,3.0,-39.0
1776885447.4991028,2.0,-1.0,-39.0
1776885447.5091028,0.0,-2.0,-38.0
1776885447.5191028,0.0,-1.0,-34.0
1776885447.5291028,0.0,1.0,-37.0
1776885447.5391028,0.0,0.0,-44.0
1776885447.5491028,0.0,0.0,-44.0
1776885447.5591028,-3.0,0.0,-41.0
1776885447.5691028,-3.0,0.0,-45.0
1776885447.5791028,-1.0,-1.0,-49.0
1776885447.5891027,0.0,-1.0,-54.0
1776885447.5991027,4.0,-2.0,-51.0
1776885447.6091027,6.0,-2.0,-47.0
1776885447.6191027,3.0,-1.0,-50.0
1776885447.6291027,3.0,-4.0,-45.0
1776885447.6391027,1.0,-2.0,-38.0
1776885447.6491027,-1.0,-3.0,-38.0
1776885447.659103,0.0,-6.0,-37.0
1776885447.669103,0.0,-1.0,-37.0
1776885447.679103,-1.0,-5.0,-38.0
1776885447.6891026,-1.0,-5.0,-44.0
1776885447.6991026,0.0,-4.0,-36.0
1776885447.7091026,2.0,0.0,-32.0
1776885447.7191026,0.0,-2.0,-36.0
1776885447.7291028,-3.0,0.0,-39.0
1776885447.7391028,1.0,-3.0,-37.0
1776885447.7491028,1.0,0.0,-34.0
1776885447.7591028,5.0,0.0,-32.0
1776885447.7691028,7.0,-2.0,-32.0
1776885447.7791028,10.0,0.0,-31.0
1776885447.7891028,7.0,-2.0,-41.0
1776885447.7991028,1.0,-4.0,-45.0
1776885447.8091028,0.0,-1.0,-49.0
1776885447.8191028,0.0,0.0,-51.0
1776885447.8291028,3.0,-1.0,-51.0
1776885447.8391027,3.0,-5.0,-52.0
1776885447.8491027,8.0,-3.0,-53.0
1776885447.8591027,3.0,-1.0,-54.0
1776885447.8691027,5.0,2.0,-52.0
1776885447.8791027,7.0,2.0,-49.0
1776885447.8891027,4.0,3.0,-43.0
1776885447.8991027,3.0,1.0,-40.0
1776885447.909103,2.0,1.0,-37.0
1776885447.919103,3.0,1.0,-36.0
1776885447.929103,3.0,2.0,-41.0
1776885447.9391026,2.0,-2.0,-42.0
1776885447.9491026,-2.0,-8.0,-44.0
1776885447.9591026,2.0,-4.0,-42.0
1776885447.9691026,0.0,-1.0,-44.0
1776885447.9791028,4.0,0.0,-48.0
1776885447.9891028,4.0,0.0,-53.0
1776885447.9991028,5.0,1.0,-56.0
1776885448.0091028,6.0,2.0,-53.0
1776885448.0191028,7.0,2.0,-53.0
1776885448.0291028,6.0,1.0,-48.0
1776885448.0391028,4.0,6.0,-41.0
1776885448.0491028,0.0,8.0,-39.0
1776885448.0591028,6.0,6.0,-42.0
1776885448.0691028,11.0,6.0,-42.0
1776885448.0791028,11.0,4.0,-41.0
1776885448.0891027,9.0,0.0,-40.0
1776885448.0991027,9.0,2.0,-42.0
1776885448.1091027,6.0,0.0,-43.0
1776885448.1191027,3.0,-1.0,-45.0
1776885448.1291027,2.0,4.0,-41.0
1776885448.1391027,0.0,7.0,-37.0
1776885448.1491027,0.0,3.0,-43.0
1776885448.159103,-4.0,0.0,-46.0
1776885448.169103,-4.0,-2.0,-48.0
1776885448.179103,-2.0,-6.0,-44.0
1776885448.1891026,-1.0,-8.0,-52.0
1776885448.1991026,-2.0,-6.0,-48.0
1776885448.2091026,-2.0,-1.0,-46.0
1776885448.2191026,2.0,-4.0,-41.0
1776885448.2291028,1.0,0.0,-44.0
1776885448.2391028,-1.0,-3.0,-39.0
1776885448.2491028,0.0,0.0,-45.0
1776885448.2591028,-2.0,-3.0,-42.0
1776885448.2691028,-1.0,-4.0,-42.0
1776885448.2791028,0.0,-4.0,-45.0
1776885448.2891028,1.0,-6.0,-49.0
1776885448.2991028,0.0,-6.0,-48.0
1776885448.3091028,0.0,0.0,-50.0
1776885448.3191028,0.0,-5.0,-46.0
1776885448.3291028,-1.0,-1.0,-39.0
1776885448.3391027,-2.0,4.0,-43.0
1776885448.3491027,-4.0,3.0,-47.0
1776885448.3591027,-5.0,0.0,-49.0
1776885448.3691027,0.0,1.0,-41.0
1776885448.3791027,0.0,0.0,-43.0
1776885448.3891027,0.0,3.0,-48.0
1776885448.3991027,0.0,3.0,-45.0
1776885448.409103,4.0,8.0,-50.0
1776885448.419103,4.0,6.0,-44.0
1776885448.429103,4.0,0.0,-49.0
1776885448.4391026,4.0,-6.0,-48.0
1776885448.4491026,0.0,-5.0,-47.0
1776885448.4591026,1.0,-3.0,-51.0
1776885448.4691026,1.0,-3.0,-51.0
1776885448.4791028,0.0,0.0,-47.0
1776885448.4891028,-1.0,-1.0,-42.0
1776885448.4991028,-2.0,-3.0,-47.0
1776885448.5091028,-1.0,-1.0,-42.0
1776885448.5191028,1.0,-2.0,-35.0
1776885448.5291028,0.0,-1.0,-38.0
1776885448.5391028,1.0,0.0,-45.0
1776885448.5491028,5.0,1.0,-41.0
1776885448.5591028,6.0,2.0,-43.0
1776885448.5691028,7.0,3.0,-40.0
1776885448.5791028,8.0,4.0,-35.0
1776885448.5891027,5.0,2.0,-37.0
1776885448.5991027,1.0,0.0,-36.0
1776885448.6091027,0.0,-4.0,-38.0
1776885448.6191027,0.0,-1.0,-41.0
1776885448.6291027,-3.0,-2.0,-41.0
1776885448.6391027,-3.0,-4.0,-38.0
1776885448.6491027,0.0,-1.0,-40.0
1776885448.659103,0.0,-1.0,-43.0
1776885448.669103,-1.0,-3.0,-44.0
1776885448.679103,1.0,-3.0,-47.0
1776885448.6891026,3.0,-6.0,-40.0
1776885448.6991026,6.0,-6.0,-38.0
1776885448.7091026,9.0,-5.0,-41.0
1776885448.7191026,9.0,-4.0,-40.0
1776885448.7291028,5.0,-6.0,-36.0
1776885448.7391028,1.0,-3.0,-37.0
1776885448.7491028,3.0,0.0,-40.0
1776885448.7591028,4.0,0.0,-47.0
1776885448.7691028,7.0,0.0,-46.0
1776885448.7791028,7.0,0.0,-46.0
1776885448.7891028,9.0,-1.0,-49.0
1776885448.7991028,9.0,-1.0,-45.0
1776885448.8091028,10.0,-2.0,-38.0
1776885448.8191028,11.0,-1.0,-39.0
1776885448.8291028,10.0,-2.0,-41.0
1776885448.8391027,5.0,-4.0,-42.0
1776885448.8491027,5.0,-3.0,-37.0
1776885448.8591027,10.0,-1.0,-39.0
1776885448.8691027,9.0,2.0,-36.0
1776885448.8791027,2.0,-2.0,-33.0
1776885448.8891027,3.0,-1.0,-36.0
1776885448.9001029,0.0,0.0,-39.0
1776885448.909103,0.0,-3.0,-38.0
1776885448.9201028,-1.0,-4.0,-38.0
1776885448.9301028,0.0,-2.0,-37.0
1776885448.9401028,0.0,0.0,-32.0
1776885448.9501028,0.0,1.0,-38.0
1776885448.9601028,0.0,4.0,-41.0
1776885448.9701028,0.0,2.0,-41.0
1776885448.9801028,1.0,0.0,-44.0
1776885448.9901028,0.0,0.0,-46.0
1776885449.0001028,2.0,0.0,-46.0
1776885449.0101027,3.0,-1.0,-48.0
1776885449.0201027,3.0,-2.0,-44.0
1776885449.0301027,1.0,-2.0,-46.0
1776885449.0401027,1.0,-3.0,-42.0
1776885449.0501027,0.0,-2.0,-48.0
1776885449.0601027,6.0,0.0,-42.0
1776885449.0701027,5.0,3.0,-44.0
1776885449.0801027,2.0,0.0,-46.0
1776885449.090103,1.0,1.0,-42.0
1776885449.100103,4.0,1.0,-42.0
1776885449.110103,3.0,-5.0,-44.0
1776885449.1201026,-6.0,-1.0,-42.0
1776885449.1301026,-3.0,-1.0,-44.0
1776885449.1401026,-3.0,0.0,-47.0
1776885449.1501029,-6.0,4.0,-52.0
1776885449.1601028,-3.0,4.0,-55.0
1776885449.1701028,-1.0,2.0,-48.0
1776885449.1801028,-3.0,0.0,-49.0
1776885449.1901028,-3.0,-2.0,-54.0
1776885449.2001028,-2.0,-1.0,-50.0
1776885449.2101028,0.0,0.0,-45.0
1776885449.2201028,0.0,-1.0,-45.0
1776885449.2301028,0.0,-6.0,-42.0
1776885449.2411027,0.0,-6.0,-39.0
1776885449.2501028,3.0,-2.0,-44.0
1776885449.2601027,2.0,-1.0,-50.0
1776885449.2701027,1.0,0.0,-56.0
1776885449.2801027,-2.0,0.0,-51.0
1776885449.2901027,-5.0,0.0,-53.0
1776885449.3001027,-4.0,-2.0,-53.0
1776885449.3101027,-5.0,-3.0,-51.0
1776885449.3201027,-7.0,-3.0,-45.0
1776885449.3301027,-3.0,-1.0,-46.0
1776885449.340103,-2.0,1.0,-40.0
1776885449.350103,-1.0,-2.0,-42.0
1776885449.360103,1.0,-5.0,-42.0
1776885449.3701026,2.0,-8.0,-39.0
1776885449.3801026,1.0,-8.0,-44.0
1776885449.3901026,3.0,-5.0,-43.0
1776885449.4001029,3.0,-4.0,-47.0
1776885449.4101028,3.0,-7.0,-39.0
1776885449.4201028,3.0,-9.0,-40.0
1776885449.4301028,0.0,-9.0,-40.0
1776885449.4401028,-1.0,-6.0,-33.0
1776885449.4501028,-1.0,0.0,-43.0
1776885449.4601028,0.0,1.0,-42.0
1776885449.4701028,-2.0,6.0,-36.0
1776885449.4801028,0.0,6.0,-41.0
1776885449.4901028,0.0,6.0,-44.0
1776885449.5001028,-1.0,1.0,-43.0
1776885449.5101027,-4.0,0.0,-43.0
1776885449.5201027,-5.0,1.0,-42.0
1776885449.5301027,-5.0,2.0,-39.0
1776885449.5401027,2.0,1.0,-43.0
1776885449.5501027,-1.0,1.0,-39.0
1776885449.5601027,-1.0,5.0,-44.0
1776885449.5701027,-1.0,4.0,-40.0
1776885449.5801027,1.0,4.0,-41.0
1776885449.590103,5.0,3.0,-44.0
1776885449.600103,8.0,2.0,-44.0
1776885449.610103,3.0,3.0,-42.0
1776885449.6201026,6.0,-1.0,-41.0
1776885449.6301026,6.0,-1.0,-43.0
1776885449.6401026,8.0,0.0,-46.0
1776885449.6501029,7.0,-4.0,-51.0
1776885449.6601028,4.0,-2.0,-58.0
1776885449.6701028,3.0,1.0,-49.0
1776885449.6801028,4.0,0.0,-49.0
1776885449.6901028,4.0,-1.0,-36.0
1776885449.7001028,3.0,-4.0,-39.0
1776885449.7101028,5.0,-7.0,-45.0
1776885449.7201028,4.0,-6.0,-48.0
1776885449.7301028,0.0,-7.0,-55.0
1776885449.7401028,-4.0,-7.0,-57.0
1776885449.7501028,-4.0,-3.0,-55.0
1776885449.7601027,-8.0,-5.0,-52.0
1776885449.7701027,-7.0,-6.0,-54.0
1776885449.7801027,-4.0,-8.0,-49.0
1776885449.7901027,-2.0,-7.0,-43.0
1776885449.8001027,-1.0,-7.0,-46.0
1776885449.8101027,5.0,-8.0,-46.0
1776885449.8201027,8.0,-5.0,-46.0
1776885449.8301027,9.0,-1.0,-43.0
1776885449.840103,7.0,-4.0,-44.0
1776885449.850103,2.0,-7.0,-44.0
1776885449.860103,1.0,-1.0,-46.0
1776885449.8701026,-1.0,0.0,-43.0
1776885449.8801026,-4.0,0.0,-42.0
1776885449.8901026,-6.0,0.0,-47.0
1776885449.9001029,-3.0,1.0,-50.0
1776885449.9101028,0.0,0.0,-52.0
1776885449.9201028,2.0,1.0,-51.0
1776885449.9301028,7.0,3.0,-57.0
1776885449.9401028,11.0,3.0,-59.0
1776885449.9501028,4.0,4.0,-59.0
1776885449.9601028,2.0,4.0,-52.0
1776885449.9701028,4.0,1.0,-57.0
1776885449.9801028,4.0,1.0,-55.0
1776885449.9901028,0.0,0.0,-56.0
1776885450.0001028,1.0,1.0,-51.0
1776885450.0101027,2.0,2.0,-49.0
1776885450.0201027,1.0,-1.0,-52.0
1776885450.0301027,0.0,-2.0,-54.0
1776885450.0401027,-1.0,-3.0,-54.0
1776885450.0501027,0.0,-7.0,-52.0
1776885450.0601027,0.0,-7.0,-52.0
1776885450.0701027,2.0,-11.0,-51.0
1776885450.0801027,0.0,-10.0,-51.0
1776885450.090103,-4.0,-6.0,-44.0
1776885450.100103,-3.0,-5.0,-35.0
1776885450.110103,0.0,-4.0,-28.0
1776885450.1201026,1.0,-3.0,-29.0
1776885450.1301026,0.0,-3.0,-41.0
1776885450.1401026,0.0,-6.0,-48.0
1776885450.1501029,-1.0,-3.0,-41.0
1776885450.1601028,0.0,-5.0,-39.0
1776885450.1701028,-2.0,-5.0,-35.0
1776885450.1801028,-2.0,-6.0,-38.0
1776885450.1901028,2.0,-5.0,-33.0
1776885450.2001028,5.0,-3.0,-33.0
1776885450.2101028,7.0,2.0,-37.0
1776885450.2201028,5.0,2.0,-36.0
1776885450.2301028,3.0,0.0,-39.0
1776885450.2401028,2.0,-3.0,-47.0
1776885450.2501028,3.0,-3.0,-40.0
1776885450.2601027,3.0,-5.0,-36.0
1776885450.2701027,1.0,-9.0,-35.0
1776885450.2801027,0.0,-9.0,-36.0
1776885450.2901027,0.0,-10.0,-31.0
1776885450.3001027,2.0,-9.0,-36.0
1776885450.3101027,7.0,-6.0,-36.0
1776885450.3201027,0.0,-4.0,-41.0
1776885450.3301027,1.0,-1.0,-43.0
1776885450.340103,1.0,-1.0,-48.0
1776885450.350103,0.0,-2.0,-42.0
1776885450.360103,3.0,-4.0,-42.0
1776885450.3701026,7.0,-3.0,-41.0
1776885450.3801026,6.0,-2.0,-37.0
1776885450.3901026,2.0,-3.0,-37.0
1776885450.4001029,1.0,-2.0,-36.0
1776885450.4101028,-2.0,0.0,-36.0
1776885450.4201028,-3.0,1.0,-41.0
1776885450.4301028,-4.0,0.0,-43.0
1776885450.4401028,-5.0,0.0,-35.0
1776885450.4501028,-2.0,0.0,-37.0
1776885450.4601028,1.0,-3.0,-37.0
1776885450.4701028,5.0,-4.0,-37.0
1776885450.4801028,13.0,-4.0,-35.0
1776885450.4901028,14.0,-1.0,-42.0
1776885450.5001028,14.0,-5.0,-40.0
1776885450.5101027,9.0,-1.0,-39.0
1776885450.5201027,10.0,0.0,-43.0
1776885450.5301027,11.0,0.0,-41.0
1776885450.5401027,7.0,-2.0,-41.0
1776885450.5501027,10.0,-7.0,-45.0
1776885450.5601027,4.0,-7.0,-45.0
1776885450.5701027,4.0,-8.0,-49.0
1776885450.5801027,6.0,-7.0,-42.0
1776885450.590103,1.0,-2.0,-39.0
1776885450.600103,1.0,0.0,-47.0
1776885450.610103,1.0,0.0,-50.0
1776885450.6201026,-3.0,0.0,-52.0
1776885450.6301026,0.0,-1.0,-48.0
1776885450.6401026,-3.0,-1.0,-41.0
1776885450.6501029,-2.0,-3.0,-47.0
1776885450.6601028,-5.0,0.0,-37.0
1776885450.6701028,-1.0,-1.0,-37.0
1776885450.6801028,2.0,-1.0,-31.0
1776885450.6901028,4.0,-5.0,-29.0
1776885450.7001028,3.0,0.0,-37.0
1776885450.7101028,3.0,0.0,-34.0
1776885450.7201028,4.0,0.0,-40.0
1776885450.7301028,11.0,-2.0,-40.0
1776885450.7401028,9.0,0.0,-44.0
1776885450.7501028,5.0,0.0,-50.0
1776885450.7601027,1.0,-1.0,-56.0
1776885450.7701027,-4.0,-3.0,-48.0
1776885450.7801027,-7.0,-3.0,-44.0
1776885450.7901027,-9.0,-2.0,-38.0
1776885450.8001027,-5.0,-2.0,-37.0
1776885450.8101027,-2.0,-2.0,-38.0
1776885450.8201027,-3.0,1.0,-40.0
1776885450.8301027,-3.0,1.0,-39.0
1776885450.840103,-1.0,1.0,-44.0
1776885450.8511028,0.0,0.0,-53.0
1776885450.860103,3.0,-2.0,-56.0
1776885450.8711028,6.0,0.0,-52.0
1776885450.8811028,3.0,-4.0,-39.0
1776885450.8901026,2.0,-4.0,-37.0
1776885450.9001029,6.0,-1.0,-36.0
1776885450.9111028,3.0,-2.0,-44.0
1776885450.9211028,4.0,-3.0,-52.0
1776885450.9311028,4.0,-3.0,-50.0
1776885450.9411027,0.0,-2.0,-44.0
1776885450.9511027,0.0,-1.0,-37.0
1776885450.9611027,-4.0,-2.0,-39.0
1776885450.9711027,0.0,0.0,-33.0
1776885450.9811027,-2.0,3.0,-36.0
1776885450.9911027,-3.0,4.0,-40.0
1776885451.0011027,-1.0,0.0,-44.0
1776885451.011103,-3.0,0.0,-40.0
1776885451.021103,-2.0,-5.0,-38.0
1776885451.031103,0.0,-4.0,-40.0
1776885451.0411026,3.0,-6.0,-43.0
1776885451.0511026,7.0,-4.0,-37.0
1776885451.0611026,6.0,-4.0,-41.0
1776885451.0711029,5.0,-3.0,-42.0
1776885451.0811028,3.0,-2.0,-49.0
1776885451.0911028,1.0,-1.0,-47.0
1776885451.1011028,0.0,3.0,-41.0
1776885451.1111028,1.0,0.0,-38.0
1776885451.1211028,-1.0,-3.0,-44.0
1776885451.1311028,-5.0,-3.0,-47.0
1776885451.1411028,-4.0,-2.0,-44.0
1776885451.1511028,1.0,1.0,-48.0
1776885451.1611028,3.0,0.0,-49.0
1776885451.1711028,-2.0,-4.0,-50.0
1776885451.1811028,-5.0,-3.0,-50.0
1776885451.1911027,-8.0,-1.0,-47.0
1776885451.2011027,-5.0,-4.0,-45.0
1776885451.2111027,-6.0,1.0,-47.0
1776885451.2211027,-6.0,4.0,-51.0
1776885451.2311027,-6.0,0.0,-51.0
1776885451.2411027,1.0,-5.0,-57.0
1776885451.2511027,0.0,-5.0,-53.0
1776885451.261103,1.0,-2.0,-58.0
1776885451.271103,6.0,-2.0,-51.0
1776885451.281103,10.0,-4.0,-50.0
1776885451.2911026,8.0,-3.0,-48.0
1776885451.3011026,4.0,-2.0,-43.0
1776885451.3111026,2.0,-6.0,-37.0
1776885451.3211029,2.0,-7.0,-41.0
1776885451.3311028,6.0,-4.0,-39.0
1776885451.3411028,5.0,0.0,-41.0
1776885451.3511028,0.0,-3.0,-40.0
1776885451.3611028,-4.0,0.0,-46.0
1776885451.3711028,-6.0,0.0,-43.0
1776885451.3811028,-2.0,2.0,-31.0
1776885451.3911028,-1.0,3.0,-34.0
1776885451.4011028,-2.0,1.0,-36.0
1776885451.4111028,-4.0,-1.0,-37.0
1776885451.4211028,-2.0,0.0,-37.0
1776885451.4311028,-3.0,1.0,-40.0
1776885451.4411027,-4.0,3.0,-45.0
1776885451.4511027,-7.0,6.0,-45.0
1776885451.4611027,-7.0,2.0,-44.0
1776885451.4711027,-5.0,0.0,-45.0
1776885451.4811027,-1.0,-1.0,-43.0
1776885451.4911027,0.0,2.0,-48.0
1776885451.5011027,1.0,1.0,-47.0
1776885451.511103,1.0,0.0,-41.0
1776885451.521103,0.0,-3.0,-34.0
1776885451.531103,0.0,-2.0,-41.0
1776885451.5411026,0.0,-4.0,-40.0
1776885451.5511026,-1.0,-5.0,-35.0
1776885451.5611026,0.0,-4.0,-30.0
1776885451.5711029,0.0,-5.0,-35.0
1776885451.5811028,-1.0,-2.0,-39.0
1776885451.5911028,-2.0,-6.0,-43.0
1776885451.6011028,-2.0,-7.0,-46.0
1776885451.6111028,0.0,-6.0,-47.0
1776885451.6211028,-2.0,-5.0,-43.0
1776885451.6311028,-7.0,-2.0,-44.0
1776885451.6411028,-9.0,2.0,-38.0
1776885451.6511028,-9.0,1.0,-33.0
1776885451.6611028,-12.0,0.0,-31.0
1776885451.6711028,-15.0,-1.0,-32.0
1776885451.6811028,-9.0,-8.0,-27.0
1776885451.6911027,-5.0,-10.0,-33.0
1776885451.7011027,-2.0,-5.0,-41.0
1776885451.7111027,-4.0,-3.0,-42.0
1776885451.7211027,-8.0,-5.0,-41.0
1776885451.7311027,-13.0,-5.0,-42.0
1776885451.7411027,-10.0,-10.0,-42.0
1776885451.7511027,-8.0,-9.0,-44.0
1776885451.761103,-6.0,-3.0,-46.0
1776885451.771103,-8.0,-3.0,-37.0
1776885451.781103,-6.0,-4.0,-32.0
1776885451.7911026,-2.0,-7.0,-34.0
1776885451.8011026,-1.0,-5.0,-34.0
1776885451.8111026,2.0,-4.0,-25.0
1776885451.8211029,0.0,-4.0,-22.0
1776885451.8311028,0.0,-5.0,-34.0
1776885451.8411028,2.0,-3.0,-34.0
1776885451.8511028,0.0,-5.0,-34.0
1776885451.8611028,-3.0,-1.0,-39.0
1776885451.8711028,-2.0,0.0,-36.0
1776885451.8811028,0.0,-2.0,-37.0
1776885451.8911028,-2.0,-1.0,-41.0
1776885451.9011028,-1.0,-4.0,-48.0
1776885451.9111028,-2.0,-3.0,-56.0
1776885451.9211028,-3.0,-8.0,-52.0
1776885451.9311028,-3.0,-6.0,-53.0
1776885451.9411027,-5.0,-4.0,-49.0
1776885451.9511027,-3.0,0.0,-42.0
1776885451.9611027,-4.0,-1.0,-41.0
1776885451.9711027,-2.0,0.0,-43.0
1776885451.9811027,0.0,2.0,-41.0
1776885451.9911027,0.0,4.0,-46.0
1776885452.0011027,-2.0,7.0,-50.0
1776885452.011103,-3.0,4.0,-55.0
1776885452.021103,-2.0,3.0,-53.0
1776885452.031103,-3.0,1.0,-50.0
1776885452.0411026,-1.0,0.0,-45.0
1776885452.0511026,4.0,-2.0,-42.0
1776885452.0611026,6.0,0.0,-42.0
1776885452.0711029,7.0,0.0,-41.0
1776885452.0811028,4.0,-3.0,-42.0
1776885452.0911028,3.0,-2.0,-35.0
1776885452.1011028,5.0,-2.0,-38.0
1776885452.1111028,4.0,-3.0,-38.0
1776885452.1211028,5.0,-5.0,-39.0
1776885452.1311028,5.0,-8.0,-40.0
1776885452.1411028,6.0,-9.0,-43.0
1776885452.1511028,5.0,-14.0,-48.0
1776885452.1611028,5.0,-12.0,-51.0
1776885452.1711028,6.0,-9.0,-50.0
1776885452.1811028,10.0,-15.0,-47.0
1776885452.1911027,8.0,-11.0,-40.0
1776885452.2011027,12.0,-11.0,-37.0
1776885452.2111027,14.0,-12.0,-41.0
1776885452.2211027,11.0,-8.0,-49.0
1776885452.2311027,6.0,-8.0,-50.0
1776885452.2411027,5.0,-7.0,-50.0
1776885452.2511027,5.0,-5.0,-53.0
1776885452.261103,4.0,-9.0,-43.0
1776885452.271103,6.0,-3.0,-38.0
1776885452.281103,1.0,-3.0,-34.0
1776885452.2911026,2.0,-5.0,-31.0
1776885452.3011026,6.0,-6.0,-34.0
1776885452.3111026,2.0,-7.0,-31.0
1776885452.3211029,-3.0,-7.0,-37.0
1776885452.3311028,-1.0,-3.0,-37.0
1776885452.3411028,0.0,1.0,-39.0
1776885452.3511028,0.0,2.0,-38.0
1776885452.3611028,0.0,0.0,-39.0
1776885452.3711028,0.0,-3.0,-36.0
1776885452.3811028,-2.0,-4.0,-36.0
1776885452.3911028,-1.0,-4.0,-27.0
1776885452.4011028,-1.0,-6.0,-32.0
1776885452.4111028,-1.0,-3.0,-41.0
1776885452.4211028,1.0,-4.0,-48.0
1776885452.4311028,-3.0,-1.0,-47.0
1776885452.4411027,1.0,-4.0,-48.0
1776885452.4511027,0.0,-4.0,-52.0
1776885452.4611027,1.0,-4.0,-50.0
1776885452.4711027,0.0,-6.0,-51.0
1776885452.4811027,0.0,-4.0,-52.0
1776885452.4911027,3.0,-3.0,-55.0
1776885452.5011027,5.0,-3.0,-56.0
1776885452.511103,4.0,-3.0,-55.0
1776885452.521103,-2.0,-4.0,-51.0
1776885452.531103,-1.0,-3.0,-47.0
1776885452.5411026,-4.0,-4.0,-44.0
1776885452.5511026,-5.0,-4.0,-45.0
1776885452.5611026,0.0,-1.0,-46.0
1776885452.5711029,1.0,2.0,-43.0
1776885452.5811028,1.0,7.0,-38.0
1776885452.5911028,5.0,5.0,-41.0
1776885452.6011028,2.0,5.0,-47.0
1776885452.6111028,-2.0,3.0,-46.0
1776885452.6211028,0.0,-1.0,-41.0
1776885452.6311028,1.0,-8.0,-48.0
1776885452.6411028,0.0,-13.0,-43.0
1776885452.6511028,-3.0,-12.0,-44.0
1776885452.6611028,-3.0,-10.0,-46.0
1776885452.6711028,0.0,-8.0,-49.0
1776885452.6811028,3.0,-5.0,-49.0
1776885452.6911027,4.0,-5.0,-54.0
1776885452.7011027,9.0,-5.0,-49.0
1776885452.7111027,8.0,-2.0,-42.0
1776885452.7211027,5.0,-2.0,-47.0
1776885452.7311027,4.0,-4.0,-48.0
1776885452.7411027,2.0,-6.0,-54.0
1776885452.7511027,1.0,-3.0,-44.0
1776885452.761103,4.0,-2.0,-42.0
1776885452.771103,5.0,-7.0,-42.0
1776885452.781103,2.0,-7.0,-41.0
1776885452.7911026,0.0,-9.0,-45.0
1776885452.8011026,0.0,-3.0,-42.0
1776885452.8111026,-2.0,-2.0,-45.0
1776885452.8211029,-5.0,-6.0,-39.0
1776885452.8311028,-8.0,-6.0,-36.0
1776885452.8411028,-2.0,-8.0,-33.0
1776885452.8511028,4.0,-11.0,-42.0
1776885452.8621027,1.0,-10.0,-45.0
1776885452.8711028,-2.0,-2.0,-46.0
1776885452.8811028,-1.0,-3.0,-47.0
1776885452.8921027,5.0,-1.0,-39.0
1776885452.9021027,7.0,-2.0,-35.0
1776885452.9121027,6.0,0.0,-40.0
1776885452.9221027,9.0,1.0,-39.0
1776885452.932103,7.0,1.0,-38.0
1776885452.942103,2.0,-1.0,-37.0
1776885452.952103,-2.0,1.0,-38.0
1776885452.962103,0.0,1.0,-40.0
1776885452.9721026,2.0,-1.0,-37.0
1776885452.9821026,0.0,-3.0,-32.0
1776885452.9921026,-1.0,-3.0,-36.0
1776885453.0021029,0.0,-2.0,-39.0
1776885453.0121028,0.0,-2.0,-44.0
1776885453.0221028,-1.0,-1.0,-47.0
1776885453.0321028,0.0,-2.0,-51.0
1776885453.0421028,-1.0,-3.0,-44.0
1776885453.0521028,-1.0,-7.0,-43.0
1776885453.0621028,3.0,-7.0,-47.0
1776885453.0721028,0.0,-8.0,-52.0
1776885453.0821028,0.0,-8.0,-50.0
1776885453.0931027,0.0,-7.0,-46.0
1776885453.1021028,-1.0,-1.0,-47.0
1776885453.1121027,-1.0,-3.0,-44.0
1776885453.1221027,0.0,-7.0,-44.0
1776885453.1321027,-4.0,-6.0,-43.0
1776885453.1421027,-2.0,-5.0,-38.0
1776885453.1521027,-5.0,-2.0,-35.0
1776885453.1621027,-2.0,0.0,-32.0
1776885453.1721027,-7.0,-2.0,-31.0
1776885453.182103,-11.0,-4.0,-26.0
1776885453.192103,-12.0,-1.0,-36.0
1776885453.202103,-14.0,0.0,-44.0
1776885453.212103,-4.0,0.0,-47.0
1776885453.2221026,-3.0,-4.0,-48.0
1776885453.2321026,-4.0,-5.0,-52.0
1776885453.2421026,-3.0,-1.0,-52.0
1776885453.2521029,0.0,-3.0,-45.0
1776885453.2621028,1.0,-4.0,-45.0
1776885453.2721028,0.0,-4.0,-48.0
1776885453.2821028,2.0,-6.0,-55.0
1776885453.2921028,0.0,-6.0,-52.0
1776885453.3021028,0.0,-4.0,-56.0
1776885453.3121028,2.0,-1.0,-57.0
1776885453.3221028,-3.0,0.0,-48.0
1776885453.3321028,-7.0,4.0,-42.0
1776885453.3421028,-8.0,0.0,-41.0
1776885453.3521028,-4.0,0.0,-43.0
1776885453.3621027,-4.0,2.0,-50.0
1776885453.3721027,-3.0,4.0,-51.0
1776885453.3821027,0.0,6.0,-46.0
1776885453.3921027,-2.0,4.0,-50.0
1776885453.4021027,0.0,-3.0,-47.0
1776885453.4121027,-3.0,-6.0,-36.0
1776885453.4221027,-2.0,-6.0,-41.0
1776885453.432103,0.0,-6.0,-43.0
1776885453.442103,5.0,-10.0,-39.0
1776885453.452103,4.0,-5.0,-37.0
1776885453.462103,8.0,-2.0,-34.0
1776885453.4721026,7.0,-1.0,-36.0
1776885453.4821026,4.0,-4.0,-38.0
1776885453.4921026,-1.0,-5.0,-45.0
1776885453.5021029,0.0,-6.0,-46.0
1776885453.5121028,5.0,-4.0,-45.0
1776885453.5221028,11.0,-3.0,-42.0
1776885453.5321028,9.0,-7.0,-38.0
1776885453.5421028,8.0,-7.0,-35.0
1776885453.5521028,7.0,-8.0,-27.0
1776885453.5621028,4.0,-9.0,-37.0
1776885453.5721028,4.0,-10.0,-41.0
1776885453.5821028,6.0,-6.0,-43.0
1776885453.5921028,3.0,-9.0,-44.0
1776885453.6021028,1.0,-10.0,-44.0
1776885453.6121027,1.0,-11.0,-42.0
1776885453.6221027,2.0,-8.0,-34.0
1776885453.6321027,3.0,-6.0,-35.0
1776885453.6421027,1.0,-7.0,-39.0
1776885453.6521027,3.0,-7.0,-34.0
1776885453.6621027,0.0,-10.0,-46.0
1776885453.6721027,-1.0,-9.0,-42.0
1776885453.682103,0.0,-4.0,-33.0
1776885453.692103,0.0,-3.0,-36.0
1776885453.702103,-1.0,-3.0,-37.0
1776885453.712103,1.0,-2.0,-37.0
1776885453.7221026,-1.0,0.0,-39.0
1776885453.7321026,-1.0,0.0,-37.0
1776885453.7421026,-3.0,-2.0,-40.0
1776885453.7521029,-1.0,-7.0,-43.0
1776885453.7621028,-3.0,-6.0,-43.0
1776885453.7721028,-2.0,-6.0,-41.0
1776885453.7821028,-3.0,-5.0,-44.0
1776885453.7921028,-4.0,-1.0,-48.0
1776885453.8021028,-2.0,-1.0,-48.0
1776885453.8121028,0.0,-3.0,-45.0
1776885453.8221028,0.0,-3.0,-47.0
1776885453.8321028,1.0,-6.0,-48.0
1776885453.8421028,2.0,-5.0,-45.0
1776885453.8521028,2.0,-3.0,-42.0
1776885453.8621027,-2.0,0.0,-40.0
1776885453.8721027,-1.0,2.0,-48.0
1776885453.8821027,1.0,-1.0,-49.0
1776885453.8921027,0.0,-1.0,-52.0
1776885453.9021027,1.0,0.0,-48.0
1776885453.9121027,5.0,-1.0,-50.0
1776885453.9221027,3.0,-1.0,-55.0
1776885453.932103,0.0,1.0,-55.0
1776885453.942103,1.0,1.0,-53.0
1776885453.952103,1.0,4.0,-46.0
1776885453.962103,-2.0,0.0,-48.0
1776885453.9721026,0.0,-1.0,-53.0
1776885453.9821026,2.0,1.0,-55.0
1776885453.9921026,2.0,3.0,-54.0
1776885454.0021029,0.0,0.0,-48.0
1776885454.0121028,-2.0,4.0,-49.0
1776885454.0221028,-2.0,7.0,-47.0
1776885454.0321028,-3.0,5.0,-48.0
1776885454.0421028,-2.0,3.0,-51.0
1776885454.0521028,-1.0,0.0,-50.0
1776885454.0621028,-2.0,-1.0,-45.0
1776885454.0721028,-2.0,1.0,-41.0
1776885454.0821028,-6.0,3.0,-41.0
1776885454.0921028,-4.0,5.0,-45.0
1776885454.1021028,-3.0,9.0,-48.0
1776885454.1121027,-4.0,7.0,-52.0
1776885454.1221027,0.0,7.0,-49.0
1776885454.1321027,-3.0,4.0,-49.0
1776885454.1421027,-1.0,1.0,-52.0
1776885454.1521027,0.0,0.0,-52.0
1776885454.1621027,2.0,-1.0,-50.0
1776885454.1721027,3.0,1.0,-51.0
1776885454.182103,4.0,4.0,-43.0
1776885454.192103,-1.0,0.0,-41.0
1776885454.202103,1.0,0.0,-39.0
1776885454.212103,4.0,3.0,-38.0
1776885454.2221026,9.0,2.0,-40.0
1776885454.2321026,2.0,1.0,-40.0
1776885454.2421026,0.0,2.0,-36.0
1776885454.2521029,4.0,0.0,-38.0
1776885454.2621028,0.0,0.0,-34.0
1776885454.2721028,0.0,0.0,-37.0
1776885454.2821028,4.0,0.0,-38.0
1776885454.2921028,2.0,0.0,-37.0
1776885454.3021028,2.0,-2.0,-42.0
1776885454.3121028,4.0,-1.0,-43.0
1776885454.3221028,2.0,-3.0,-48.0
1776885454.3321028,0.0,-8.0,-52.0
1776885454.3421028,0.0,-8.0,-50.0
1776885454.3521028,0.0,-8.0,-52.0
1776885454.3621027,1.0,-7.0,-50.0
1776885454.3721027,0.0,-7.0,-52.0
1776885454.3821027,0.0,-6.0,-48.0
1776885454.3921027,1.0,-7.0,-43.0
1776885454.4021027,0.0,-6.0,-43.0
1776885454.4121027,-1.0,-7.0,-42.0
1776885454.4221027,0.0,-4.0,-42.0
1776885454.432103,3.0,-4.0,-34.0
1776885454.442103,4.0,-2.0,-33.0
1776885454.452103,4.0,-5.0,-39.0
1776885454.462103,1.0,-5.0,-37.0
1776885454.4721026,1.0,-8.0,-42.0
1776885454.4821026,0.0,-5.0,-40.0
1776885454.4921026,0.0,-6.0,-39.0
1776885454.5021029,2.0,-7.0,-37.0
1776885454.5121028,6.0,-5.0,-44.0
1776885454.5221028,6.0,-4.0,-42.0
1776885454.5321028,4.0,-4.0,-51.0
1776885454.5421028,-1.0,-5.0,-52.0
1776885454.5521028,-1.0,-4.0,-48.0
1776885454.5621028,-2.0,-1.0,-50.0
1776885454.5721028,-6.0,-5.0,-54.0
1776885454.5821028,-6.0,-4.0,-53.0
1776885454.5921028,-4.0,-3.0,-49.0
1776885454.6021028,-6.0,-2.0,-52.0
1776885454.6121027,-5.0,-5.0,-50.0
1776885454.6221027,-3.0,-8.0,-45.0
1776885454.6321027,-1.0,-9.0,-44.0
1776885454.6421027,-2.0,-6.0,-43.0
1776885454.6521027,-7.0,-6.0,-44.0
1776885454.6621027,-5.0,-7.0,-43.0
1776885454.6721027,-4.0,-5.0,-44.0
1776885454.682103,0.0,-1.0,-36.0
1776885454.692103,2.0,-2.0,-33.0
1776885454.702103,4.0,-2.0,-32.0
1776885454.712103,3.0,0.0,-38.0
1776885454.7221026,6.0,3.0,-44.0
1776885454.7321026,2.0,1.0,-48.0
1776885454.7421026,-2.0,2.0,-53.0
1776885454.7521029,-1.0,2.0,-55.0
1776885454.7621028,-1.0,3.0,-56.0
1776885454.7721028,-2.0,3.0,-48.0
1776885454.7821028,-1.0,3.0,-49.0
1776885454.7921028,-1.0,1.0,-56.0
1776885454.8021028,0.0,2.0,-59.0
1776885454.8121028,1.0,1.0,-64.0
1776885454.8221028,3.0,3.0,-60.0
1776885454.8321028,1.0,7.0,-52.0
1776885454.8421028,0.0,1.0,-51.0
1776885454.8531027,-1.0,-1.0,-51.0
1776885454.863103,0.0,-2.0,-50.0
1776885454.873103,-1.0,-2.0,-45.0
1776885454.883103,0.0,-3.0,-35.0
1776885454.8931026,0.0,-1.0,-41.0
1776885454.9031026,2.0,-2.0,-50.0
1776885454.9131026,2.0,-4.0,-59.0
1776885454.9231029,3.0,-3.0,-58.0
1776885454.9331028,3.0,-3.0,-51.0
1776885454.9431028,2.0,-3.0,-46.0
1776885454.9531028,2.0,-5.0,-45.0
1776885454.9631028,5.0,-8.0,-44.0
1776885454.9731028,0.0,-7.0,-44.0
1776885454.9831028,2.0,-11.0,-44.0
1776885454.9931028,3.0,-5.0,-50.0
1776885455.0031028,1.0,0.0,-52.0
1776885455.0131028,-1.0,2.0,-45.0
1776885455.0231028,-1.0,-4.0,-45.0
1776885455.0331028,0.0,-6.0,-46.0
1776885455.0431027,-1.0,-3.0,-47.0
1776885455.0531027,0.0,-3.0,-49.0
1776885455.0631027,0.0,-4.0,-50.0
1776885455.0731027,-2.0,-7.0,-42.0
1776885455.0831027,-4.0,-3.0,-44.0
1776885455.0931027,-3.0,0.0,-44.0
1776885455.1031027,-1.0,-3.0,-49.0
1776885455.113103,0.0,-3.0,-51.0
1776885455.123103,0.0,-2.0,-52.0
1776885455.133103,6.0,-2.0,-56.0
1776885455.1431026,8.0,-3.0,-59.0
1776885455.1531026,11.0,-3.0,-55.0
1776885455.1631026,6.0,-3.0,-56.0
1776885455.1731029,1.0,-1.0,-50.0
1776885455.1831028,7.0,0.0,-50.0
1776885455.1931028,6.0,-2.0,-48.0
1776885455.2031028,8.0,-2.0,-49.0
1776885455.2131028,4.0,-2.0,-46.0
1776885455.2231028,2.0,-4.0,-48.0
1776885455.2331028,2.0,-1.0,-49.0
1776885455.2431028,2.0,1.0,-42.0
1776885455.2531028,3.0,0.0,-36.0
1776885455.2631028,2.0,1.0,-33.0
1776885455.2731028,0.0,-1.0,-30.0
1776885455.2831028,0.0,-3.0,-35.0
1776885455.2931027,1.0,-4.0,-30.0
1776885455.3031027,4.0,-3.0,-37.0
1776885455.3131027,-2.0,-2.0,-45.0
1776885455.3231027,0.0,-5.0,-46.0
1776885455.3331027,2.0,-2.0,-45.0
1776885455.3431027,0.0,-1.0,-50.0
1776885455.3531027,4.0,2.0,-46.0
1776885455.363103,8.0,-2.0,-46.0
1776885455.373103,3.0,-5.0,-40.0
1776885455.383103,0.0,-8.0,-43.0
1776885455.3931026,0.0,-8.0,-40.0
1776885455.4031026,-1.0,-11.0,-36.0
1776885455.4131026,-6.0,-8.0,-40.0
1776885455.4231029,-6.0,0.0,-50.0
1776885455.4331028,-6.0,0.0,-58.0
1776885455.4431028,0.0,-5.0,-46.0
1776885455.4531028,-2.0,-11.0,-44.0
1776885455.4631028,-4.0,-8.0,-50.0
1776885455.4731028,-4.0,-6.0,-49.0
1776885455.4831028,-1.0,-4.0,-54.0
1776885455.4931028,0.0,-5.0,-57.0
1776885455.5031028,1.0,-6.0,-50.0
1776885455.5131028,2.0,-5.0,-51.0
1776885455.5231028,0.0,-5.0,-55.0
1776885455.5331028,4.0,-2.0,-54.0
1776885455.5431027,4.0,0.0,-51.0
1776885455.5531027,6.0,5.0,-50.0
1776885455.5631027,2.0,1.0,-53.0
1776885455.5731027,3.0,0.0,-50.0
1776885455.5831027,1.0,-1.0,-45.0
1776885455.5931027,2.0,-1.0,-45.0
1776885455.6031027,4.0,-3.0,-39.0
1776885455.613103,2.0,-4.0,-40.0
1776885455.623103,0.0,-4.0,-42.0
1776885455.633103,4.0,-4.0,-45.0
1776885455.6431026,3.0,-8.0,-44.0
1776885455.6531026,4.0,-4.0,-42.0
1776885455.6631026,4.0,-7.0,-39.0
1776885455.6731029,4.0,-6.0,-41.0
1776885455.6831028,3.0,-7.0,-41.0
1776885455.6931028,0.0,-2.0,-36.0
1776885455.7031028,2.0,-2.0,-33.0
1776885455.7131028,5.0,5.0,-38.0
1776885455.7231028,3.0,4.0,-42.0
1776885455.7331028,3.0,4.0,-38.0
1776885455.7431028,0.0,3.0,-36.0
1776885455.7531028,0.0,2.0,-36.0
1776885455.7631028,1.0,0.0,-37.0
1776885455.7731028,0.0,0.0,-40.0
1776885455.7831028,-1.0,0.0,-39.0
1776885455.7931027,-1.0,3.0,-40.0
1776885455.8031027,0.0,7.0,-43.0
1776885455.8131027,0.0,9.0,-46.0
1776885455.8231027,2.0,11.0,-47.0
1776885455.8331027,6.0,10.0,-48.0
1776885455.8431027,5.0,10.0,-49.0
1776885455.8531027,6.0,6.0,-55.0
1776885455.863103,-1.0,11.0,-51.0
1776885455.873103,1.0,8.0,-51.0
1776885455.883103,4.0,7.0,-50.0
1776885455.8931026,3.0,5.0,-43.0
1776885455.9031026,4.0,0.0,-41.0
1776885455.9131026,5.0,-2.0,-37.0
1776885455.9231029,6.0,-3.0,-39.0
1776885455.9331028,3.0,-2.0,-44.0
1776885455.9431028,1.0,-6.0,-43.0
1776885455.9531028,1.0,-6.0,-38.0
1776885455.9631028,3.0,-4.0,-37.0
1776885455.9731028,0.0,-5.0,-34.0
1776885455.9831028,0.0,-9.0,-38.0
1776885455.9931028,0.0,-9.0,-37.0
1776885456.0031028,2.0,-7.0,-41.0
1776885456.0131028,1.0,-4.0,-44.0
1776885456.0231028,0.0,-3.0,-42.0
1776885456.0331028,-2.0,-3.0,-41.0
1776885456.0431027,-3.0,-5.0,-36.0
1776885456.0531027,0.0,-4.0,-33.0
1776885456.0631027,-3.0,-5.0,-34.0
1776885456.0731027,-2.0,-8.0,-32.0
1776885456.0831027,0.0,-7.0,-29.0
1776885456.0931027,3.0,-4.0,-31.0
1776885456.1031027,3.0,0.0,-26.0
1776885456.113103,3.0,-2.0,-26.0
1776885456.123103,4.0,2.0,-32.0
1776885456.133103,4.0,2.0,-32.0
1776885456.1431026,0.0,0.0,-34.0
1776885456.1531026,-1.0,0.0,-40.0
1776885456.1631026,-6.0,0.0,-37.0
1776885456.1731029,-2.0,-1.0,-37.0
1776885456.1831028,-1.0,-4.0,-44.0
1776885456.1931028,-1.0,0.0,-44.0
1776885456.2031028,0.0,-3.0,-47.0
1776885456.2131028,1.0,0.0,-47.0
1776885456.2231028,1.0,-2.0,-44.0
1776885456.2331028,3.0,0.0,-43.0
1776885456.2431028,1.0,0.0,-39.0
1776885456.2531028,2.0,3.0,-47.0
1776885456.2631028,9.0,4.0,-48.0
1776885456.2731028,12.0,2.0,-43.0
1776885456.2831028,8.0,0.0,-41.0
1776885456.2931027,4.0,0.0,-44.0
1776885456.3031027,3.0,0.0,-45.0
1776885456.3131027,3.0,0.0,-46.0
1776885456.3231027,3.0,0.0,-52.0
1776885456.3331027,1.0,3.0,-50.0
1776885456.3431027,-1.0,5.0,-51.0
1776885456.3531027,-1.0,4.0,-58.0
1776885456.363103,-1.0,1.0,-57.0
1776885456.373103,1.0,-6.0,-58.0
1776885456.383103,2.0,-6.0,-54.0
1776885456.3931026,5.0,-1.0,-51.0
1776885456.4031026,4.0,-2.0,-50.0
1776885456.4131026,7.0,0.0,-52.0
1776885456.4231029,9.0,2.0,-51.0
1776885456.4331028,6.0,1.0,-47.0
1776885456.4431028,1.0,3.0,-48.0
1776885456.4531028,-1.0,-2.0,-52.0
1776885456.4631028,-3.0,-3.0,-49.0
1776885456.4731028,-4.0,-3.0,-48.0
1776885456.4831028,-2.0,0.0,-44.0
1776885456.4931028,0.0,5.0,-47.0
1776885456.5031028,-1.0,4.0,-48.0
1776885456.5131028,0.0,3.0,-49.0
1776885456.5231028,2.0,0.0,-54.0
1776885456.5331028,5.0,0.0,-52.0
1776885456.5431027,3.0,-2.0,-50.0
1776885456.5531027,3.0,-1.0,-44.0
1776885456.5631027,3.0,-1.0,-40.0
1776885456.5731027,0.0,-2.0,-44.0
1776885456.5831027,0.0,-4.0,-38.0
1776885456.5931027,-3.0,0.0,-34.0
1776885456.6031027,-3.0,3.0,-43.0
1776885456.613103,0.0,1.0,-40.0
1776885456.623103,2.0,3.0,-39.0
1776885456.633103,7.0,3.0,-39.0
1776885456.6431026,7.0,1.0,-36.0
1776885456.6531026,1.0,5.0,-40.0
1776885456.6631026,1.0,2.0,-42.0
1776885456.6731029,0.0,1.0,-46.0
1776885456.6831028,0.0,0.0,-54.0
1776885456.6931028,0.0,-1.0,-58.0
1776885456.7031028,-1.0,1.0,-51.0
1776885456.7131028,3.0,4.0,-40.0
1776885456.7231028,1.0,-1.0,-42.0
1776885456.7331028,1.0,-3.0,-43.0
1776885456.7431028,-1.0,-6.0,-48.0
1776885456.7531028,1.0,-2.0,-50.0
1776885456.7631028,0.0,-4.0,-53.0
1776885456.7731028,1.0,-2.0,-47.0
1776885456.7831028,1.0,-5.0,-46.0
1776885456.7931027,0.0,-7.0,-51.0
1776885456.804103,-1.0,-4.0,-51.0
1776885456.8131027,-1.0,-4.0,-54.0
1776885456.8231027,-4.0,-4.0,-54.0
1776885456.8341026,-5.0,-2.0,-52.0
1776885456.8441026,-3.0,-3.0,-50.0
1776885456.8541028,-3.0,0.0,-50.0
1776885456.8641028,1.0,-1.0,-57.0
1776885456.8741028,10.0,0.0,-54.0
1776885456.8841028,3.0,-1.0,-53.0
1776885456.8941028,2.0,-3.0,-53.0
1776885456.9041028,3.0,-6.0,-51.0
1776885456.9141028,5.0,-2.0,-47.0
1776885456.9241028,2.0,0.0,-44.0
1776885456.9341028,2.0,0.0,-47.0
1776885456.9441028,4.0,-2.0,-45.0
1776885456.9541028,8.0,-4.0,-51.0
1776885456.9641027,7.0,-3.0,-53.0
1776885456.9741027,7.0,-6.0,-46.0
1776885456.9841027,2.0,-5.0,-47.0
1776885456.9941027,2.0,-3.0,-47.0
1776885457.0041027,0.0,-6.0,-47.0
1776885457.0141027,2.0,-8.0,-46.0
1776885457.0241027,4.0,-7.0,-44.0
1776885457.034103,0.0,-5.0,-44.0
1776885457.044103,2.0,-4.0,-40.0
1776885457.054103,6.0,-3.0,-45.0
1776885457.0641026,6.0,-4.0,-48.0
1776885457.0741026,3.0,-7.0,-49.0
1776885457.0841026,3.0,-7.0,-49.0
1776885457.0941026,2.0,-7.0,-42.0
1776885457.1041028,1.0,-6.0,-41.0
1776885457.1141028,1.0,-1.0,-44.0
1776885457.1241028,-1.0,-1.0,-42.0
1776885457.1341028,-1.0,3.0,-37.0
1776885457.1441028,-2.0,1.0,-39.0
1776885457.1541028,-3.0,2.0,-39.0
1776885457.1641028,0.0,0.0,-42.0
1776885457.1741028,2.0,2.0,-47.0
1776885457.1841028,0.0,1.0,-41.0
1776885457.1941028,-3.0,2.0,-40.0
1776885457.2041028,-4.0,3.0,-43.0
1776885457.2141027,1.0,1.0,-47.0
1776885457.2241027,3.0,2.0,-53.0
1776885457.2341027,4.0,0.0,-49.0
1776885457.2441027,5.0,2.0,-34.0
1776885457.2541027,5.0,3.0,-34.0
1776885457.2641027,3.0,1.0,-38.0
1776885457.2741027,1.0,1.0,-40.0
1776885457.284103,1.0,0.0,-45.0
1776885457.294103,3.0,-1.0,-44.0
1776885457.304103,3.0,-6.0,-41.0
1776885457.3141026,0.0,-8.0,-36.0
1776885457.3241026,-2.0,-6.0,-44.0
1776885457.3341026,-3.0,-3.0,-49.0
1776885457.3441026,-3.0,-2.0,-49.0
1776885457.3541028,-4.0,-3.0,-44.0
1776885457.3641028,-5.0,-4.0,-45.0
1776885457.3741028,-1.0,0.0,-47.0
1776885457.3841028,0.0,2.0,-47.0
1776885457.3941028,4.0,-4.0,-51.0
1776885457.4041028,7.0,-9.0,-50.0
1776885457.4141028,9.0,-5.0,-49.0
1776885457.4241028,8.0,0.0,-48.0
1776885457.4341028,5.0,0.0,-55.0
1776885457.4441028,3.0,0.0,-53.0
1776885457.4541028,2.0,0.0,-51.0
1776885457.4641027,-1.0,1.0,-43.0
1776885457.4741027,0.0,0.0,-43.0
1776885457.4841027,0.0,3.0,-45.0
1776885457.4941027,1.0,1.0,-47.0
1776885457.5041027,1.0,-2.0,-46.0
1776885457.5141027,2.0,-2.0,-43.0
1776885457.5241027,0.0,0.0,-45.0
1776885457.534103,5.0,3.0,-41.0
1776885457.544103,4.0,3.0,-33.0
1776885457.554103,0.0,0.0,-38.0
1776885457.5641026,-1.0,0.0,-31.0
1776885457.5741026,0.0,0.0,-37.0
1776885457.5841026,7.0,-5.0,-41.0
1776885457.5941026,9.0,-1.0,-34.0
1776885457.6041028,1.0,0.0,-31.0
1776885457.6141028,3.0,2.0,-34.0
1776885457.6241028,3.0,4.0,-39.0
1776885457.6341028,2.0,7.0,-40.0
1776885457.6441028,3.0,4.0,-32.0
1776885457.6541028,3.0,0.0,-33.0
1776885457.6641028,1.0,-3.0,-31.0
1776885457.6741028,0.0,-4.0,-40.0
1776885457.6841028,1.0,-4.0,-41.0
1776885457.6941028,-3.0,-1.0,-39.0
1776885457.7041028,-1.0,1.0,-36.0
1776885457.7141027,-4.0,0.0,-39.0
1776885457.7241027,-6.0,1.0,-42.0
1776885457.7341027,-2.0,0.0,-41.0
1776885457.7441027,-1.0,-1.0,-39.0
1776885457.7541027,2.0,-6.0,-44.0
1776885457.7641027,-2.0,-6.0,-51.0
1776885457.7741027,0.0,-5.0,-56.0
1776885457.784103,2.0,-6.0,-51.0
1776885457.794103,1.0,-1.0,-53.0
1776885457.804103,-1.0,-1.0,-47.0
1776885457.8141026,1.0,0.0,-49.0
1776885457.8241026,2.0,1.0,-50.0
1776885457.8341026,-1.0,-3.0,-54.0
1776885457.8441026,0.0,-2.0,-52.0
1776885457.8541028,-1.0,0.0,-47.0
1776885457.8641028,-1.0,3.0,-44.0
1776885457.8741028,-1.0,4.0,-40.0
1776885457.8841028,0.0,4.0,-37.0
1776885457.8941028,-2.0,2.0,-37.0
1776885457.9041028,-9.0,0.0,-39.0
1776885457.9141028,-8.0,0.0,-38.0
1776885457.9241028,-7.0,0.0,-38.0
1776885457.9341028,-4.0,4.0,-45.0
1776885457.9441028,-7.0,4.0,-46.0
1776885457.9541028,-4.0,5.0,-51.0
1776885457.9641027,-4.0,3.0,-49.0
1776885457.9741027,-2.0,3.0,-51.0
1776885457.9841027,2.0,-2.0,-48.0
1776885457.9941027,1.0,-4.0,-51.0
1776885458.0041027,-1.0,-2.0,-42.0
1776885458.0141027,-2.0,0.0,-40.0
1776885458.0241027,0.0,1.0,-42.0
1776885458.034103,2.0,-2.0,-37.0
1776885458.044103,0.0,-1.0,-43.0
1776885458.054103,2.0,1.0,-39.0
1776885458.0641026,4.0,3.0,-41.0
1776885458.0741026,2.0,4.0,-40.0
1776885458.0841026,0.0,2.0,-44.0
1776885458.0941026,3.0,4.0,-44.0
1776885458.1041028,1.0,1.0,-49.0
1776885458.1141028,0.0,-1.0,-51.0
1776885458.1241028,2.0,0.0,-53.0
1776885458.1341028,0.0,2.0,-54.0
1776885458.1441028,-2.0,0.0,-53.0
1776885458.1541028,1.0,-4.0,-54.0
1776885458.1641028,0.0,-6.0,-54.0
1776885458.1741028,-3.0,0.0,-55.0
1776885458.1841028,1.0,3.0,-49.0
1776885458.1941028,2.0,1.0,-42.0
1776885458.2041028,5.0,0.0,-36.0
1776885458.2141027,5.0,-3.0,-33.0
1776885458.2241027,7.0,-4.0,-34.0
1776885458.2341027,4.0,-3.0,-31.0
1776885458.2441027,-1.0,0.0,-39.0
1776885458.2541027,-5.0,0.0,-50.0
1776885458.2641027,-5.0,1.0,-53.0
1776885458.2741027,-7.0,0.0,-54.0
1776885458.284103,-6.0,-1.0,-45.0
1776885458.294103,-5.0,-2.0,-43.0
1776885458.304103,-5.0,-3.0,-40.0
1776885458.3141026,-1.0,1.0,-37.0
1776885458.3241026,2.0,-2.0,-37.0
1776885458.3341026,1.0,-6.0,-38.0
1776885458.3441026,0.0,-5.0,-41.0
1776885458.3541028,-3.0,-4.0,-48.0
1776885458.3641028,1.0,-5.0,-51.0
1776885458.3741028,3.0,-9.0,-46.0
1776885458.3841028,4.0,-9.0,-47.0
1776885458.3941028,7.0,-8.0,-45.0
1776885458.4041028,12.0,-1.0,-45.0
1776885458.4141028,9.0,1.0,-43.0
1776885458.4241028,7.0,0.0,-46.0
1776885458.4341028,7.0,1.0,-46.0
1776885458.4441028,8.0,0.0,-48.0
1776885458.4541028,9.0,-2.0,-51.0
1776885458.4641027,6.0,-2.0,-50.0
1776885458.4741027,2.0,-2.0,-56.0
1776885458.4841027,-2.0,-2.0,-57.0
1776885458.4941027,0.0,-5.0,-61.0
1776885458.5041027,-1.0,-4.0,-63.0
1776885458.5141027,-2.0,-3.0,-59.0
1776885458.5241027,-3.0,-2.0,-53.0
1776885458.534103,-1.0,-1.0,-45.0
1776885458.544103,1.0,-3.0,-50.0
1776885458.554103,0.0,-3.0,-46.0
1776885458.5641026,-3.0,0.0,-44.0
1776885458.5741026,-2.0,0.0,-45.0
1776885458.5841026,-4.0,0.0,-46.0
1776885458.5941026,-3.0,2.0,-40.0
1776885458.6041028,2.0,4.0,-33.0
1776885458.6141028,1.0,2.0,-36.0
1776885458.6241028,0.0,0.0,-30.0
1776885458.6341028,2.0,-3.0,-29.0
1776885458.6441028,2.0,-3.0,-29.0
1776885458.6541028,1.0,0.0,-43.0
1776885458.6641028,6.0,4.0,-46.0
1776885458.6741028,4.0,0.0,-45.0
1776885458.6841028,4.0,-3.0,-45.0
1776885458.6941028,4.0,-4.0,-39.0
1776885458.7041028,7.0,-4.0,-40.0
1776885458.7141027,5.0,-9.0,-41.0
1776885458.7241027,3.0,-11.0,-40.0
1776885458.7341027,3.0,-9.0,-45.0
1776885458.7441027,3.0,-4.0,-40.0
1776885458.7541027,2.0,-3.0,-43.0
1776885458.7641027,-3.0,0.0,-44.0
1776885458.7741027,0.0,2.0,-40.0
1776885458.784103,2.0,2.0,-36.0
1776885458.794103,2.0,7.0,-34.0
1776885458.804103,3.0,10.0,-37.0
1776885458.8151028,5.0,10.0,-42.0
1776885458.8251028,3.0,7.0,-47.0
1776885458.8351028,4.0,7.0,-42.0
1776885458.8451028,5.0,4.0,-43.0
1776885458.8551028,3.0,0.0,-41.0
1776885458.8651028,7.0,0.0,-38.0
1776885458.8751028,7.0,2.0,-40.0
1776885458.8851027,3.0,0.0,-37.0
1776885458.8951027,5.0,-2.0,-40.0
1776885458.9051027,0.0,-3.0,-42.0
1776885458.9151027,-6.0,0.0,-40.0
1776885458.9251027,0.0,-1.0,-37.0
1776885458.9351027,-1.0,0.0,-37.0
1776885458.9451027,-5.0,-2.0,-41.0
1776885458.9551027,-5.0,-6.0,-43.0
1776885458.965103,-1.0,-2.0,-43.0
1776885458.975103,0.0,-2.0,-43.0
1776885458.985103,-1.0,-4.0,-42.0
1776885458.9951026,0.0,-5.0,-37.0
1776885459.0051026,0.0,-2.0,-42.0
1776885459.0151026,0.0,-3.0,-46.0
1776885459.0251029,1.0,-2.0,-50.0
1776885459.0351028,-1.0,0.0,-51.0
1776885459.0451028,0.0,-2.0,-53.0
1776885459.0551028,6.0,0.0,-53.0
1776885459.0651028,9.0,0.0,-45.0
1776885459.0751028,5.0,-2.0,-40.0
1776885459.0851028,6.0,0.0,-42.0
1776885459.0951028,2.0,-1.0,-37.0
1776885459.1051028,-2.0,-4.0,-43.0
1776885459.1151028,-1.0,-3.0,-40.0
1776885459.1251028,-2.0,-8.0,-38.0
1776885459.1351027,-4.0,-6.0,-39.0
1776885459.1451027,-3.0,-3.0,-48.0
1776885459.1551027,-3.0,-1.0,-42.0
1776885459.1651027,-5.0,-1.0,-39.0
1776885459.1751027,-4.0,-1.0,-42.0
1776885459.1851027,0.0,1.0,-43.0
1776885459.1951027,0.0,3.0,-46.0
1776885459.2051027,0.0,0.0,-47.0
1776885459.215103,-1.0,4.0,-46.0
1776885459.225103,-5.0,4.0,-43.0
1776885459.235103,0.0,2.0,-46.0
1776885459.2451026,1.0,1.0,-48.0
1776885459.2551026,0.0,2.0,-51.0
1776885459.2651026,3.0,-3.0,-53.0
1776885459.2751029,-1.0,0.0,-46.0
1776885459.2851028,2.0,0.0,-49.0
1776885459.2951028,3.0,1.0,-44.0
1776885459.3051028,4.0,0.0,-47.0
1776885459.3151028,2.0,0.0,-42.0
1776885459.3251028,2.0,-3.0,-39.0
1776885459.3351028,6.0,-1.0,-43.0
1776885459.3451028,2.0,-3.0,-46.0
1776885459.3561027,0.0,-2.0,-39.0
1776885459.3651028,1.0,1.0,-42.0
1776885459.3751028,1.0,0.0,-48.0
1776885459.3851027,-4.0,0.0,-45.0
1776885459.3951027,-2.0,1.0,-44.0
1776885459.4051027,0.0,-3.0,-45.0
1776885459.4151027,0.0,-6.0,-46.0
1776885459.4251027,-4.0,-9.0,-43.0
1776885459.4351027,-10.0,-14.0,-49.0
1776885459.4451027,-9.0,-13.0,-49.0
1776885459.4551027,-8.0,-15.0,-50.0
1776885459.465103,-4.0,-15.0,-49.0
1776885459.475103,-4.0,-10.0,-48.0
1776885459.485103,-3.0,-6.0,-43.0
1776885459.4951026,-8.0,-6.0,-34.0
1776885459.5051026,-8.0,-2.0,-40.0
1776885459.5151026,-5.0,0.0,-45.0
1776885459.5251029,0.0,-2.0,-45.0
1776885459.5351028,4.0,-6.0,-45.0
1776885459.5451028,10.0,-7.0,-40.0
1776885459.5551028,7.0,-6.0,-36.0
1776885459.5651028,6.0,-9.0,-39.0
1776885459.5751028,9.0,-9.0,-49.0
1776885459.5851028,4.0,-10.0,-46.0
1776885459.5951028,6.0,-10.0,-46.0
1776885459.6051028,0.0,-11.0,-48.0
1776885459.6151028,5.0,-11.0,-51.0
1776885459.6251028,3.0,-8.0,-53.0
1776885459.6351027,-3.0,-6.0,-57.0
1776885459.6451027,-4.0,-7.0,-52.0
1776885459.6551027,-5.0,-4.0,-46.0
1776885459.6651027,-5.0,-2.0,-47.0
1776885459.6751027,-9.0,-4.0,-47.0
1776885459.6851027,-9.0,-4.0,-43.0
1776885459.6951027,-10.0,0.0,-41.0
1776885459.7051027,-5.0,0.0,-34.0
1776885459.715103,-3.0,1.0,-38.0
1776885459.725103,0.0,-3.0,-44.0
1776885459.735103,2.0,0.0,-39.0
1776885459.7451026,2.0,-3.0,-35.0
1776885459.7551026,3.0,2.0,-35.0
1776885459.7651026,7.0,3.0,-41.0
1776885459.7751029,3.0,4.0,-42.0
1776885459.7851028,4.0,0.0,-41.0
1776885459.7951028,0.0,2.0,-45.0
1776885459.8051028,0.0,3.0,-46.0
1776885459.8151028,3.0,5.0,-46.0
1776885459.8251028,2.0,3.0,-49.0
1776885459.8351028,2.0,4.0,-46.0
1776885459.8451028,6.0,1.0,-44.0
1776885459.8551028,4.0,-2.0,-38.0
1776885459.8651028,3.0,-1.0,-36.0
1776885459.8751028,2.0,-2.0,-38.0
1776885459.8851027,3.0,-4.0,-36.0
1776885459.8951027,2.0,-5.0,-34.0
1776885459.9051027,4.0,-9.0,-40.0
1776885459.9151027,6.0,-9.0,-43.0
1776885459.9251027,3.0,-7.0,-43.0
1776885459.9351027,5.0,-8.0,-41.0
1776885459.9451027,5.0,-7.0,-43.0
1776885459.9551027,7.0,-8.0,-43.0
1776885459.965103,7.0,-4.0,-49.0
1776885459.975103,7.0,0.0,-50.0
1776885459.985103,7.0,-2.0,-50.0
1776885459.9951026,9.0,-1.0,-51.0
1776885460.0051026,16.0,0.0,-49.0
1776885460.0151026,15.0,1.0,-46.0
1776885460.0251029,11.0,-5.0,-47.0
1776885460.0351028,10.0,-3.0,-44.0
1776885460.0451028,6.0,-1.0,-42.0
1776885460.0551028,5.0,-4.0,-45.0
1776885460.0651028,3.0,-5.0,-39.0
1776885460.0751028,3.0,-2.0,-42.0
1776885460.0851028,2.0,-5.0,-47.0
1776885460.0951028,1.0,-3.0,-40.0
1776885460.1051028,2.0,-3.0,-45.0
1776885460.1151028,3.0,-5.0,-45.0
1776885460.1251028,6.0,-6.0,-44.0
1776885460.1351027,2.0,-2.0,-37.0
1776885460.1451027,0.0,-1.0,-49.0
1776885460.1551027,2.0,-2.0,-50.0
1776885460.1651027,2.0,-4.0,-47.0
1776885460.1751027,4.0,-3.0,-47.0
1776885460.1851027,5.0,-3.0,-51.0
1776885460.1951027,-1.0,-5.0,-47.0
1776885460.2051027,-6.0,-3.0,-48.0
1776885460.215103,-5.0,0.0,-50.0
1776885460.225103,-1.0,0.0,-50.0
1776885460.235103,2.0,0.0,-40.0
1776885460.2451026,-2.0,1.0,-41.0
1776885460.2551026,0.0,-1.0,-43.0
1776885460.2651026,-1.0,0.0,-42.0
1776885460.2751029,2.0,1.0,-43.0
1776885460.2851028,5.0,1.0,-48.0
1776885460.2951028,3.0,0.0,-49.0
1776885460.3051028,6.0,-3.0,-53.0
1776885460.3151028,10.0,-4.0,-56.0
1776885460.3251028,4.0,-4.0,-58.0
1776885460.3361027,1.0,-2.0,-55.0
1776885460.3451028,0.0,-2.0,-57.0
1776885460.3551028,0.0,-5.0,-54.0
1776885460.3651028,2.0,-3.0,-56.0
1776885460.3751028,2.0,-3.0,-53.0
1776885460.3851027,3.0,-4.0,-48.0
1776885460.3951027,7.0,-3.0,-48.0
1776885460.4051027,-3.0,-3.0,-50.0
1776885460.4151027,-1.0,-7.0,-44.0
1776885460.4251027,1.0,-5.0,-39.0
1776885460.4351027,4.0,-3.0,-36.0
1776885460.4451027,2.0,-2.0,-39.0
1776885460.4551027,5.0,-3.0,-35.0
1776885460.4661028,4.0,-5.0,-40.0
1776885460.475103,7.0,-3.0,-51.0
1776885460.485103,2.0,-6.0,-56.0
1776885460.4951026,0.0,-6.0,-50.0
1776885460.5051026,-1.0,-5.0,-51.0
1776885460.5151026,-4.0,0.0,-46.0
1776885460.5251029,-2.0,2.0,-45.0
1776885460.5351028,0.0,6.0,-39.0
1776885460.5451028,1.0,7.0,-42.0
1776885460.5551028,0.0,1.0,-43.0
1776885460.5651028,-5.0,0.0,-43.0
1776885460.5751028,-6.0,7.0,-39.0
1776885460.5851028,0.0,3.0,-44.0
1776885460.5951028,0.0,3.0,-39.0
1776885460.6051028,1.0,0.0,-40.0
1776885460.6151028,2.0,-2.0,-42.0
1776885460.6251028,1.0,-4.0,-37.0
1776885460.6351027,0.0,1.0,-30.0
1776885460.6451027,-2.0,1.0,-32.0
1776885460.6551027,1.0,1.0,-35.0
1776885460.6651027,3.0,1.0,-42.0
1776885460.6751027,4.0,1.0,-40.0
1776885460.6851027,2.0,-2.0,-50.0
1776885460.6951027,2.0,-1.0,-47.0
1776885460.7051027,0.0,0.0,-49.0
1776885460.715103,3.0,2.0,-53.0
1776885460.725103,6.0,2.0,-48.0
1776885460.735103,13.0,0.0,-38.0
1776885460.7451026,12.0,5.0,-41.0
1776885460.7551026,8.0,0.0,-39.0
1776885460.7651026,2.0,1.0,-35.0
1776885460.7761028,0.0,6.0,-35.0
1776885460.7861028,4.0,7.0,-34.0
1776885460.7951028,5.0,1.0,-38.0
1776885460.8051028,6.0,4.0,-39.0
1776885460.8161027,3.0,3.0,-34.0
1776885460.8261027,2.0,-3.0,-31.0
1776885460.8361027,4.0,-5.0,-39.0
1776885460.8461027,2.0,-2.0,-43.0
1776885460.8551028,0.0,-3.0,-40.0
1776885460.8661027,-5.0,-2.0,-38.0
1776885460.8761027,-4.0,-3.0,-34.0
1776885460.886103,0.0,-3.0,-33.0
1776885460.896103,1.0,2.0,-39.0
1776885460.906103,3.0,1.0,-43.0
1776885460.9161026,2.0,2.0,-43.0
1776885460.9261026,1.0,3.0,-46.0
1776885460.9361026,0.0,4.0,-54.0
1776885460.9461029,0.0,5.0,-51.0
1776885460.9561028,-4.0,4.0,-47.0
1776885460.9661028,-3.0,2.0,-52.0
1776885460.9761028,-4.0,5.0,-52.0
1776885460.9861028,-3.0,5.0,-50.0
1776885460.9961028,-3.0,3.0,-53.0
1776885461.0061028,-1.0,1.0,-49.0
1776885461.0161028,-3.0,-1.0,-39.0
1776885461.0261028,-4.0,0.0,-43.0
1776885461.0361028,-8.0,0.0,-43.0
1776885461.0461028,-5.0,-3.0,-40.0
1776885461.0561028,-2.0,-9.0,-41.0
1776885461.0661027,-3.0,-7.0,-39.0
1776885461.0761027,-3.0,-3.0,-40.0
1776885461.0861027,1.0,-1.0,-41.0
1776885461.0961027,4.0,0.0,-42.0
1776885461.1061027,8.0,0.0,-47.0
1776885461.1161027,11.0,1.0,-44.0
1776885461.1261027,1.0,1.0,-44.0
1776885461.136103,2.0,1.0,-43.0
1776885461.146103,5.0,0.0,-43.0
1776885461.156103,5.0,7.0,-44.0
1776885461.1661026,7.0,3.0,-50.0
1776885461.1761026,5.0,1.0,-46.0
1776885461.1861026,3.0,2.0,-42.0
1776885461.1961029,2.0,3.0,-46.0
1776885461.2061028,1.0,5.0,-44.0
1776885461.2161028,6.0,3.0,-48.0
1776885461.2261028,9.0,0.0,-39.0
1776885461.2361028,11.0,0.0,-33.0
1776885461.2461028,6.0,-1.0,-35.0
1776885461.2561028,1.0,0.0,-33.0
1776885461.2661028,6.0,0.0,-34.0
1776885461.2761028,6.0,2.0,-31.0
1776885461.2861028,2.0,2.0,-30.0
1776885461.2961028,3.0,3.0,-35.0
1776885461.3061028,0.0,1.0,-37.0
1776885461.3161027,0.0,4.0,-42.0
1776885461.3261027,0.0,3.0,-44.0
1776885461.3361027,0.0,3.0,-50.0
1776885461.3461027,0.0,1.0,-47.0
1776885461.3561027,1.0,0.0,-42.0
1776885461.3661027,1.0,2.0,-43.0
1776885461.3761027,2.0,2.0,-40.0
1776885461.386103,0.0,5.0,-39.0
1776885461.396103,2.0,0.0,-40.0
1776885461.406103,1.0,0.0,-39.0
1776885461.4161026,0.0,-4.0,-43.0
1776885461.4261026,0.0,-2.0,-40.0
1776885461.4361026,0.0,-5.0,-34.0
1776885461.4461029,1.0,-4.0,-37.0
1776885461.4561028,3.0,0.0,-33.0
1776885461.4661028,2.0,-1.0,-37.0
1776885461.4761028,1.0,-1.0,-36.0
1776885461.4861028,3.0,-4.0,-36.0
1776885461.4961028,-1.0,-1.0,-32.0
1776885461.5061028,0.0,-4.0,-36.0
1776885461.5161028,-2.0,-4.0,-35.0
1776885461.5261028,-2.0,-2.0,-34.0
1776885461.5361028,0.0,-4.0,-29.0
1776885461.5461028,7.0,-5.0,-33.0
1776885461.5561028,11.0,-4.0,-36.0
1776885461.5661027,9.0,-4.0,-40.0
1776885461.5761027,6.0,-7.0,-43.0
1776885461.5861027,2.0,-12.0,-43.0
1776885461.5961027,-1.0,-11.0,-45.0
1776885461.6061027,-2.0,-10.0,-49.0
1776885461.6161027,0.0,-9.0,-55.0
1776885461.6261027,-1.0,-9.0,-55.0
1776885461.636103,-4.0,-8.0,-53.0
1776885461.646103,-1.0,-1.0,-54.0
1776885461.656103,5.0,2.0,-49.0
1776885461.6661026,0.0,4.0,-48.0
1776885461.6761026,1.0,4.0,-49.0
1776885461.6861026,3.0,1.0,-44.0
1776885461.6961029,8.0,0.0,-38.0
1776885461.7061028,12.0,-3.0,-42.0
1776885461.7161028,16.0,-4.0,-40.0
1776885461.7261028,13.0,-7.0,-45.0
1776885461.7361028,3.0,-6.0,-46.0
1776885461.7461028,1.0,-4.0,-48.0
1776885461.7561028,2.0,-2.0,-46.0
1776885461.7661028,-1.0,-4.0,-44.0
1776885461.7761028,0.0,-3.0,-46.0
1776885461.7861028,-2.0,-3.0,-42.0
1776885461.7961028,-1.0,-7.0,-44.0
1776885461.8061028,0.0,-2.0,-45.0
1776885461.8161027,-1.0,-3.0,-41.0
1776885461.8261027,0.0,-2.0,-45.0
1776885461.8361027,2.0,-3.0,-48.0
1776885461.8461027,6.0,0.0,-47.0
1776885461.8561027,4.0,-1.0,-45.0
1776885461.8661027,8.0,-1.0,-47.0
1776885461.8761027,4.0,-2.0,-45.0
1776885461.886103,4.0,-1.0,-41.0
1776885461.896103,2.0,0.0,-46.0
1776885461.906103,3.0,0.0,-47.0
1776885461.9161026,5.0,-1.0,-46.0
1776885461.9261026,4.0,1.0,-47.0
1776885461.9361026,-2.0,0.0,-49.0
1776885461.9461029,-2.0,-4.0,-52.0
1776885461.9561028,-6.0,-4.0,-53.0
1776885461.9661028,-2.0,0.0,-52.0
1776885461.9761028,-2.0,-4.0,-61.0
1776885461.9861028,1.0,-4.0,-60.0
1776885461.9961028,1.0,-5.0,-61.0
1776885462.0061028,-3.0,-4.0,-55.0
1776885462.0161028,-5.0,-4.0,-48.0
1776885462.0261028,-5.0,-3.0,-48.0
1776885462.0361028,-10.0,-5.0,-45.0
1776885462.0461028,-9.0,-3.0,-45.0
1776885462.0561028,-7.0,0.0,-46.0
1776885462.0661027,-6.0,0.0,-44.0
1776885462.0761027,-1.0,-1.0,-45.0
1776885462.0861027,-2.0,-1.0,-52.0
1776885462.0961027,-6.0,-2.0,-50.0
1776885462.1061027,-6.0,0.0,-50.0
1776885462.1161027,-3.0,-3.0,-48.0
1776885462.1261027,0.0,-3.0,-52.0
1776885462.136103,4.0,-5.0,-51.0
1776885462.146103,5.0,-4.0,-54.0
1776885462.156103,10.0,-4.0,-47.0
1776885462.1661026,8.0,0.0,-44.0
1776885462.1761026,11.0,-2.0,-47.0
1776885462.1861026,9.0,-2.0,-41.0
1776885462.1961029,9.0,3.0,-34.0
1776885462.2061028,6.0,6.0,-38.0
1776885462.2161028,8.0,1.0,-40.0
1776885462.2261028,3.0,-2.0,-41.0
1776885462.2361028,5.0,-6.0,-39.0
1776885462.2461028,3.0,-9.0,-38.0
1776885462.2561028,-1.0,-6.0,-39.0
1776885462.2661028,3.0,-6.0,-40.0
1776885462.2761028,5.0,-3.0,-40.0
1776885462.2861028,3.0,1.0,-45.0
1776885462.2961028,4.0,0.0,-44.0
1776885462.3061028,2.0,0.0,-42.0
1776885462.3161027,2.0,-2.0,-49.0
1776885462.3261027,5.0,-2.0,-49.0
1776885462.3361027,8.0,-1.0,-46.0
1776885462.3461027,5.0,-5.0,-44.0
1776885462.3561027,9.0,-4.0,-47.0
1776885462.3661027,8.0,-4.0,-49.0
1776885462.3761027,2.0,-7.0,-46.0
1776885462.386103,3.0,-5.0,-37.0
1776885462.396103,1.0,-1.0,-51.0
1776885462.406103,-3.0,-5.0,-55.0
1776885462.4161026,-1.0,-3.0,-50.0
1776885462.4261026,0.0,-1.0,-49.0
1776885462.4361026,0.0,-3.0,-50.0
1776885462.4461029,1.0,-4.0,-46.0
1776885462.4561028,4.0,-5.0,-48.0
1776885462.4661028,0.0,-4.0,-42.0
1776885462.4761028,5.0,-2.0,-45.0
1776885462.4861028,5.0,0.0,-52.0
1776885462.4961028,5.0,1.0,-46.0
1776885462.5061028,4.0,1.0,-43.0
1776885462.5161028,5.0,-2.0,-46.0
1776885462.5261028,0.0,-5.0,-51.0
1776885462.5361028,-1.0,-6.0,-46.0
1776885462.5461028,0.0,-9.0,-47.0
1776885462.5561028,1.0,-9.0,-50.0
1776885462.5661027,0.0,-6.0,-47.0
1776885462.5761027,-1.0,-1.0,-37.0
1776885462.5861027,-4.0,-2.0,-38.0
1776885462.5961027,-3.0,-2.0,-40.0
1776885462.6061027,-1.0,-7.0,-42.0
1776885462.6161027,0.0,-5.0,-48.0
1776885462.6261027,-2.0,-7.0,-46.0
1776885462.636103,-3.0,-8.0,-39.0
1776885462.646103,0.0,-8.0,-49.0
1776885462.656103,-3.0,-7.0,-49.0
1776885462.6661026,-6.0,-6.0,-46.0
1776885462.6761026,-1.0,-7.0,-40.0
1776885462.6861026,0.0,-5.0,-44.0
1776885462.6961029,5.0,-1.0,-41.0
1776885462.7061028,1.0,-2.0,-39.0
1776885462.7161028,0.0,-1.0,-42.0
1776885462.7271028,1.0,-1.0,-45.0
1776885462.7361028,0.0,-2.0,-39.0
1776885462.7461028,1.0,-4.0,-35.0
1776885462.7561028,7.0,-4.0,-42.0
1776885462.7661028,6.0,0.0,-37.0
1776885462.7771027,2.0,0.0,-43.0
1776885462.7871027,2.0,0.0,-42.0
1776885462.7961028,3.0,-2.0,-40.0
1776885462.807103,3.0,-1.0,-45.0
1776885462.817103,4.0,0.0,-49.0
1776885462.827103,6.0,-1.0,-45.0
1776885462.837103,5.0,-4.0,-40.0
1776885462.8471026,4.0,-6.0,-41.0
1776885462.8571026,1.0,0.0,-43.0
1776885462.8671026,0.0,0.0,-38.0
1776885462.8771029,0.0,-4.0,-38.0
1776885462.8871028,-3.0,-2.0,-41.0
1776885462.8971028,-4.0,0.0,-43.0
1776885462.9071028,-4.0,2.0,-43.0
1776885462.9171028,0.0,2.0,-38.0
1776885462.9271028,0.0,3.0,-39.0
1776885462.9371028,1.0,2.0,-46.0
1776885462.9471028,0.0,2.0,-49.0
1776885462.9571028,-3.0,0.0,-45.0
1776885462.9671028,0.0,-1.0,-39.0
1776885462.9771028,3.0,-3.0,-37.0
1776885462.9871027,1.0,-2.0,-36.0
1776885462.9971027,0.0,-1.0,-35.0
1776885463.0071027,4.0,0.0,-37.0
1776885463.0171027,2.0,0.0,-40.0
1776885463.0271027,3.0,2.0,-33.0
1776885463.0371027,2.0,6.0,-37.0
1776885463.0471027,2.0,3.0,-41.0
1776885463.057103,1.0,2.0,-44.0
1776885463.067103,-2.0,1.0,-43.0
1776885463.077103,-3.0,-1.0,-43.0
1776885463.087103,-6.0,0.0,-41.0
1776885463.0971026,-8.0,-3.0,-40.0
1776885463.1071026,-7.0,-2.0,-36.0
1776885463.1171026,-5.0,0.0,-37.0
1776885463.1271029,-3.0,-2.0,-35.0
1776885463.1371028,-2.0,-5.0,-36.0
1776885463.1471028,-2.0,-1.0,-38.0
1776885463.1571028,-3.0,0.0,-36.0
1776885463.1671028,0.0,0.0,-42.0
1776885463.1771028,3.0,0.0,-33.0
1776885463.1871028,-1.0,-1.0,-37.0
1776885463.1971028,-2.0,-1.0,-42.0
1776885463.2071028,0.0,0.0,-45.0
1776885463.2171028,1.0,0.0,-44.0
1776885463.2271028,0.0,0.0,-40.0
1776885463.2371027,3.0,-2.0,-44.0
1776885463.2471027,3.0,-4.0,-44.0
1776885463.2571027,0.0,-5.0,-45.0
1776885463.2671027,3.0,-4.0,-37.0
1776885463.2771027,7.0,-3.0,-38.0
1776885463.2871027,2.0,-2.0,-35.0
1776885463.2971027,3.0,0.0,-40.0
1776885463.307103,6.0,1.0,-46.0
1776885463.317103,3.0,1.0,-52.0
1776885463.327103,4.0,-1.0,-48.0
1776885463.337103,2.0,-2.0,-43.0
1776885463.3471026,3.0,-1.0,-46.0
1776885463.3571026,3.0,-1.0,-44.0
1776885463.3671026,3.0,-1.0,-44.0
1776885463.3771029,1.0,0.0,-37.0
1776885463.3871028,0.0,0.0,-39.0
1776885463.3971028,0.0,3.0,-43.0
1776885463.4071028,0.0,0.0,-40.0
1776885463.4171028,-3.0,-5.0,-40.0
1776885463.4271028,-3.0,-7.0,-42.0
1776885463.4371028,-3.0,-3.0,-43.0
1776885463.4471028,-1.0,-1.0,-42.0
1776885463.4571028,3.0,3.0,-42.0
1776885463.4671028,1.0,2.0,-46.0
1776885463.4771028,1.0,5.0,-50.0
1776885463.4871027,-3.0,2.0,-48.0
1776885463.4971027,-1.0,0.0,-42.0
1776885463.5071027,-6.0,-1.0,-43.0
1776885463.5171027,-5.0,0.0,-49.0
1776885463.5271027,-7.0,1.0,-48.0
1776885463.5371027,-8.0,-1.0,-41.0
1776885463.5471027,-4.0,-2.0,-39.0
1776885463.557103,0.0,-1.0,-37.0
1776885463.567103,-2.0,0.0,-42.0
1776885463.577103,3.0,0.0,-39.0
1776885463.587103,0.0,-1.0,-41.0
1776885463.5971026,0.0,0.0,-46.0
1776885463.6071026,0.0,2.0,-53.0
1776885463.6171026,1.0,3.0,-55.0
1776885463.6271029,1.0,1.0,-52.0
1776885463.6371028,-2.0,0.0,-48.0
1776885463.6471028,-4.0,3.0,-46.0
1776885463.6571028,-6.0,0.0,-43.0
1776885463.6671028,-6.0,2.0,-39.0
1776885463.6771028,-7.0,4.0,-33.0
1776885463.6871028,-5.0,4.0,-40.0
1776885463.6971028,-7.0,0.0,-45.0
1776885463.7071028,-7.0,-2.0,-46.0
1776885463.7171028,-4.0,-3.0,-48.0
1776885463.7271028,-2.0,-8.0,-46.0
1776885463.7371027,-5.0,-2.0,-37.0
1776885463.7471027,0.0,-2.0,-37.0
1776885463.7571027,-1.0,0.0,-46.0
1776885463.7671027,0.0,0.0,-43.0
1776885463.7771027,4.0,1.0,-45.0
1776885463.7871027,5.0,-1.0,-47.0
1776885463.7971027,4.0,-7.0,-43.0
1776885463.807103,0.0,-8.0,-43.0
1776885463.817103,2.0,-7.0,-46.0
1776885463.827103,2.0,-11.0,-52.0
1776885463.837103,3.0,-13.0,-45.0
1776885463.8471026,0.0,-11.0,-43.0
1776885463.8571026,-1.0,-4.0,-40.0
1776885463.8671026,2.0,-4.0,-38.0
1776885463.8771029,2.0,-7.0,-39.0
1776885463.8871028,4.0,-4.0,-40.0
1776885463.8971028,5.0,1.0,-47.0
1776885463.9071028,2.0,2.0,-47.0
1776885463.9171028,3.0,0.0,-44.0
1776885463.9271028,0.0,0.0,-44.0
1776885463.9371028,3.0,0.0,-46.0
1776885463.9471028,2.0,3.0,-49.0
1776885463.9571028,6.0,3.0,-50.0
1776885463.9671028,7.0,5.0,-53.0
1776885463.9771028,4.0,5.0,-48.0
1776885463.9871027,2.0,5.0,-51.0
1776885463.9971027,0.0,13.0,-56.0
1776885464.0071027,-1.0,11.0,-49.0
1776885464.0171027,-7.0,4.0,-44.0
1776885464.0271027,-2.0,0.0,-45.0
1776885464.0371027,1.0,0.0,-48.0
1776885464.0471027,0.0,-1.0,-54.0
1776885464.057103,-4.0,-1.0,-46.0
1776885464.067103,-2.0,-4.0,-46.0
1776885464.077103,-1.0,-5.0,-46.0
1776885464.087103,-2.0,-4.0,-41.0
1776885464.0971026,-2.0,0.0,-35.0
1776885464.1071026,-4.0,-3.0,-31.0
1776885464.1171026,0.0,-3.0,-35.0
1776885464.1271029,3.0,-5.0,-39.0
1776885464.1371028,0.0,-3.0,-38.0
1776885464.1471028,-4.0,1.0,-41.0
1776885464.1571028,-4.0,0.0,-43.0
1776885464.1671028,-2.0,4.0,-41.0
1776885464.1771028,3.0,0.0,-37.0
1776885464.1871028,6.0,-2.0,-46.0
1776885464.1971028,8.0,-3.0,-54.0
1776885464.2071028,7.0,-8.0,-47.0
1776885464.2171028,2.0,-7.0,-46.0
1776885464.2271028,-1.0,-7.0,-47.0
1776885464.2371027,-6.0,-5.0,-51.0
1776885464.2471027,-5.0,-3.0,-46.0
1776885464.2571027,-5.0,0.0,-38.0
1776885464.2671027,-4.0,1.0,-34.0
1776885464.2771027,-4.0,0.0,-34.0
1776885464.2871027,-4.0,0.0,-33.0
1776885464.2971027,-3.0,1.0,-32.0
1776885464.307103,0.0,1.0,-29.0
1776885464.317103,0.0,2.0,-35.0
1776885464.327103,2.0,1.0,-41.0
1776885464.337103,2.0,0.0,-43.0
1776885464.3471026,2.0,2.0,-34.0
1776885464.3571026,2.0,3.0,-30.0
1776885464.3671026,-1.0,2.0,-39.0
1776885464.3771029,-5.0,-1.0,-41.0
1776885464.3871028,-6.0,-2.0,-43.0
1776885464.3971028,-7.0,0.0,-44.0
1776885464.4071028,-6.0,1.0,-45.0
1776885464.4171028,-8.0,1.0,-46.0
1776885464.4271028,-10.0,0.0,-42.0
1776885464.4371028,-8.0,0.0,-38.0
1776885464.4471028,-7.0,4.0,-38.0
1776885464.4571028,-4.0,5.0,-39.0
1776885464.4671028,-3.0,4.0,-42.0
1776885464.4771028,0.0,1.0,-40.0
1776885464.4871027,0.0,2.0,-40.0
1776885464.4971027,3.0,4.0,-48.0
1776885464.5071027,-3.0,0.0,-48.0
1776885464.5171027,-4.0,-3.0,-51.0
1776885464.5271027,-7.0,-2.0,-47.0
1776885464.5371027,-4.0,-1.0,-54.0
1776885464.5471027,-3.0,-5.0,-54.0
1776885464.557103,-4.0,-4.0,-44.0
1776885464.567103,-3.0,-1.0,-39.0
1776885464.577103,-3.0,-1.0,-44.0
1776885464.587103,-6.0,-3.0,-46.0
1776885464.5971026,-6.0,-2.0,-53.0
1776885464.6071026,-4.0,-2.0,-47.0
1776885464.6171026,-1.0,0.0,-54.0
1776885464.6271029,0.0,1.0,-49.0
1776885464.6371028,0.0,1.0,-41.0
1776885464.6471028,-2.0,0.0,-34.0
1776885464.6571028,-2.0,-2.0,-40.0
1776885464.6671028,-4.0,-3.0,-43.0
1776885464.6771028,0.0,-2.0,-44.0
1776885464.6871028,-2.0,1.0,-48.0
1776885464.6971028,-3.0,2.0,-46.0
1776885464.7071028,-7.0,0.0,-36.0
1776885464.7171028,0.0,-1.0,-34.0
1776885464.7271028,-2.0,0.0,-45.0
1776885464.738103,-1.0,0.0,-51.0
1776885464.748103,-1.0,4.0,-52.0
1776885464.758103,-3.0,1.0,-53.0
1776885464.7681026,-1.0,-1.0,-47.0
1776885464.7781026,-3.0,-5.0,-41.0
1776885464.7881026,0.0,-3.0,-40.0
1776885464.7981029,-1.0,-3.0,-39.0
1776885464.8081028,1.0,-1.0,-45.0
1776885464.8181028,1.0,-2.0,-46.0
1776885464.8281028,4.0,-1.0,-48.0
1776885464.8381028,5.0,-1.0,-47.0
1776885464.8481028,3.0,0.0,-33.0
1776885464.8581028,1.0,1.0,-28.0
1776885464.8681028,2.0,0.0,-29.0
1776885464.8781028,0.0,-3.0,-29.0
1776885464.8881028,0.0,-6.0,-34.0
1776885464.8981028,1.0,-4.0,-38.0
1776885464.9081028,0.0,-6.0,-42.0
1776885464.9181027,2.0,1.0,-45.0
1776885464.9281027,2.0,1.0,-49.0
1776885464.9381027,3.0,4.0,-42.0
1776885464.9481027,0.0,1.0,-41.0
1776885464.9581027,-1.0,0.0,-41.0
1776885464.9681027,-3.0,0.0,-44.0
1776885464.9781027,0.0,2.0,-44.0
1776885464.988103,1.0,0.0,-43.0
1776885464.998103,2.0,1.0,-42.0
1776885465.008103,5.0,4.0,-49.0
1776885465.0181026,3.0,4.0,-47.0
1776885465.0281026,1.0,0.0,-47.0
1776885465.0381026,-5.0,-2.0,-43.0
1776885465.0481029,-6.0,-3.0,-42.0
1776885465.0581028,-6.0,-2.0,-40.0
1776885465.0681028,-8.0,-3.0,-38.0
1776885465.0781028,-4.0,-3.0,-36.0
1776885465.0881028,-5.0,-6.0,-38.0
1776885465.0981028,-4.0,-8.0,-35.0
1776885465.1081028,0.0,-3.0,-41.0
1776885465.1181028,-1.0,3.0,-47.0
1776885465.1281028,-3.0,2.0,-45.0
1776885465.1381028,-4.0,-1.0,-39.0
1776885465.1481028,-7.0,0.0,-35.0
1776885465.1581028,-5.0,-2.0,-36.0
1776885465.1681027,-4.0,-2.0,-42.0
1776885465.1781027,-6.0,0.0,-43.0
1776885465.1881027,-3.0,-1.0,-38.0
1776885465.1981027,0.0,-1.0,-45.0
1776885465.2081027,-2.0,-5.0,-41.0
1776885465.2181027,-6.0,-4.0,-43.0
1776885465.2281027,-7.0,0.0,-40.0
1776885465.238103,-7.0,2.0,-40.0
1776885465.248103,-7.0,4.0,-32.0
1776885465.258103,-2.0,0.0,-38.0
1776885465.2681026,-3.0,-4.0,-40.0
1776885465.2791028,1.0,-6.0,-37.0
1776885465.2881026,5.0,-10.0,-38.0
1776885465.2981029,7.0,-8.0,-38.0
1776885465.3081028,6.0,-3.0,-39.0
1776885465.3181028,3.0,0.0,-37.0
1776885465.3281028,3.0,1.0,-40.0
1776885465.3381028,7.0,0.0,-42.0
1776885465.3481028,6.0,4.0,-43.0
1776885465.3581028,1.0,3.0,-43.0
1776885465.3681028,3.0,-1.0,-38.0
1776885465.3781028,6.0,-3.0,-42.0
1776885465.3881028,5.0,-6.0,-47.0
1776885465.3981028,6.0,-3.0,-43.0
1776885465.4081028,0.0,-4.0,-46.0
1776885465.4181027,0.0,0.0,-50.0
1776885465.4281027,-4.0,-4.0,-55.0
1776885465.4381027,-4.0,-4.0,-55.0
1776885465.4481027,-7.0,-6.0,-56.0
1776885465.4581027,-5.0,-7.0,-48.0
1776885465.4681027,-5.0,-6.0,-45.0
1776885465.4781027,-3.0,-3.0,-47.0
1776885465.488103,0.0,0.0,-45.0
1776885465.498103,6.0,2.0,-41.0
1776885465.508103,1.0,-1.0,-38.0
1776885465.5181026,-1.0,0.0,-42.0
1776885465.5281026,0.0,0.0,-38.0
1776885465.5381026,5.0,-1.0,-36.0
1776885465.5481029,7.0,-2.0,-38.0
1776885465.5581028,6.0,-4.0,-41.0
1776885465.5681028,6.0,-5.0,-42.0
1776885465.5781028,7.0,-7.0,-39.0
1776885465.5881028,1.0,-4.0,-40.0
1776885465.5981028,0.0,-4.0,-36.0
1776885465.6081028,2.0,-6.0,-34.0
1776885465.6181028,0.0,-1.0,-31.0
1776885465.6281028,-1.0,0.0,-38.0
1776885465.6381028,0.0,0.0,-41.0
1776885465.6481028,0.0,0.0,-41.0
1776885465.6581028,0.0,2.0,-48.0
1776885465.6681027,2.0,-2.0,-55.0
1776885465.6781027,0.0,0.0,-53.0
1776885465.6881027,0.0,-3.0,-55.0
1776885465.6981027,2.0,-2.0,-46.0
1776885465.7081027,3.0,-2.0,-53.0
1776885465.7181027,1.0,-1.0,-49.0
1776885465.7281027,0.0,-5.0,-46.0
1776885465.738103,0.0,-11.0,-48.0
1776885465.748103,-3.0,-10.0,-46.0
1776885465.758103,-4.0,-7.0,-41.0
1776885465.7681026,-4.0,-10.0,-43.0
1776885465.7781026,2.0,-10.0,-44.0
1776885465.7881026,1.0,-11.0,-45.0
1776885465.7981029,5.0,-10.0,-50.0
1776885465.8081028,0.0,-8.0,-51.0
1776885465.8181028,-2.0,-3.0,-43.0
1776885465.8281028,-1.0,-3.0,-52.0
1776885465.8381028,0.0,-2.0,-55.0
1776885465.8481028,5.0,0.0,-54.0
1776885465.8581028,5.0,0.0,-47.0
1776885465.8681028,8.0,0.0,-39.0
1776885465.8781028,4.0,-1.0,-39.0
1776885465.8881028,1.0,-3.0,-40.0
1776885465.8981028,0.0,-4.0,-38.0
1776885465.9081028,0.0,-5.0,-45.0
1776885465.9181027,2.0,-8.0,-49.0
1776885465.9281027,3.0,-4.0,-50.0
1776885465.9381027,-1.0,-4.0,-50.0
1776885465.9481027,0.0,-2.0,-50.0
1776885465.9581027,0.0,0.0,-48.0
1776885465.9681027,3.0,2.0,-50.0
1776885465.9781027,0.0,5.0,-51.0
1776885465.988103,-2.0,3.0,-51.0
1776885465.998103,2.0,4.0,-50.0
1776885466.008103,1.0,1.0,-44.0
1776885466.0181026,0.0,0.0,-41.0
1776885466.0281026,-3.0,0.0,-45.0
1776885466.0381026,-5.0,0.0,-50.0
1776885466.0481029,-5.0,-1.0,-46.0
1776885466.0581028,-3.0,-1.0,-43.0
1776885466.0681028,-3.0,-2.0,-47.0
1776885466.0781028,-6.0,-5.0,-46.0
1776885466.0881028,-4.0,-4.0,-46.0
1776885466.0981028,-3.0,1.0,-47.0
1776885466.1081028,-3.0,7.0,-49.0
1776885466.1181028,1.0,9.0,-46.0
1776885466.1281028,0.0,4.0,-45.0
1776885466.1381028,0.0,0.0,-46.0
1776885466.1481028,-3.0,0.0,-39.0
1776885466.1581028,-4.0,-3.0,-38.0
1776885466.1681027,-1.0,3.0,-39.0
1776885466.1781027,-2.0,0.0,-46.0
1776885466.1881027,1.0,-4.0,-48.0
1776885466.1981027,1.0,-5.0,-47.0
1776885466.2081027,6.0,-6.0,-46.0
1776885466.2181027,1.0,-3.0,-52.0
1776885466.2281027,1.0,-4.0,-49.0
1776885466.238103,2.0,0.0,-46.0
1776885466.248103,1.0,-2.0,-49.0
1776885466.258103,7.0,-1.0,-47.0
1776885466.2681026,12.0,-1.0,-43.0
1776885466.2781026,9.0,-2.0,-41.0
1776885466.2881026,5.0,-4.0,-42.0
1776885466.2981029,5.0,-2.0,-47.0
1776885466.3081028,5.0,-2.0,-50.0
1776885466.3181028,2.0,-1.0,-45.0
1776885466.3281028,2.0,0.0,-42.0
1776885466.3381028,0.0,0.0,-41.0
1776885466.3481028,2.0,0.0,-43.0
1776885466.3581028,0.0,-1.0,-40.0
1776885466.3681028,-1.0,0.0,-40.0
1776885466.3781028,0.0,-2.0,-37.0
1776885466.3881028,-2.0,-5.0,-45.0
1776885466.3981028,-1.0,-4.0,-40.0
1776885466.4081028,-2.0,-3.0,-34.0
1776885466.4181027,-3.0,-3.0,-36.0
1776885466.4281027,0.0,-2.0,-39.0
1776885466.4381027,-1.0,-1.0,-37.0
1776885466.4481027,-1.0,0.0,-37.0
1776885466.4581027,-2.0,3.0,-41.0
1776885466.4681027,-3.0,5.0,-43.0
1776885466.4781027,-3.0,2.0,-42.0
1776885466.488103,-6.0,0.0,-45.0
1776885466.498103,0.0,-7.0,-39.0
1776885466.508103,4.0,-7.0,-34.0
1776885466.5181026,2.0,-4.0,-41.0
1776885466.5281026,2.0,-4.0,-43.0
1776885466.5381026,0.0,-5.0,-47.0
1776885466.5481029,0.0,0.0,-45.0
1776885466.5581028,0.0,-3.0,-42.0
1776885466.5681028,2.0,-3.0,-41.0
1776885466.5781028,0.0,0.0,-43.0
1776885466.5881028,-2.0,-2.0,-46.0
1776885466.5981028,-7.0,0.0,-49.0
1776885466.6081028,-2.0,-3.0,-45.0
1776885466.6181028,-1.0,-5.0,-46.0
1776885466.6281028,2.0,-6.0,-42.0
1776885466.6381028,1.0,-4.0,-41.0
1776885466.6481028,7.0,0.0,-37.0
1776885466.6581028,10.0,2.0,-47.0
1776885466.6681027,8.0,3.0,-41.0
1776885466.6781027,8.0,5.0,-32.0
1776885466.6881027,5.0,3.0,-33.0
1776885466.6981027,1.0,4.0,-34.0
1776885466.7081027,0.0,2.0,-35.0
1776885466.7181027,-1.0,-1.0,-29.0
1776885466.7291028,-2.0,-3.0,-28.0
1776885466.7391028,-3.0,-5.0,-34.0
1776885466.748103,-4.0,-6.0,-40.0
1776885466.7591028,-5.0,-1.0,-39.0
1776885466.7691028,-5.0,-2.0,-39.0
1776885466.7791028,-3.0,-4.0,-41.0
1776885466.7891028,-1.0,-5.0,-40.0
1776885466.7991028,-2.0,-7.0,-40.0
1776885466.8091028,-3.0,-3.0,-42.0
1776885466.8191028,-4.0,-3.0,-44.0
1776885466.8291028,-3.0,-7.0,-37.0
1776885466.8391027,-3.0,-9.0,-36.0
1776885466.8491027,-3.0,-6.0,-35.0
1776885466.8591027,-4.0,-9.0,-39.0
1776885466.8691027,0.0,-4.0,-41.0
1776885466.8791027,0.0,-5.0,-46.0
1776885466.8891027,-1.0,-4.0,-44.0
1776885466.8991027,-2.0,-1.0,-45.0
1776885466.909103,-1.0,-2.0,-44.0
1776885466.919103,0.0,-3.0,-44.0
1776885466.929103,3.0,2.0,-42.0
1776885466.9391026,1.0,3.0,-41.0
1776885466.9491026,2.0,4.0,-40.0
1776885466.9591026,1.0,2.0,-45.0
1776885466.9691026,0.0,5.0,-52.0
1776885466.9791028,0.0,4.0,-50.0
1776885466.9891028,-1.0,4.0,-40.0
1776885466.9991028,0.0,1.0,-37.0
1776885467.0091028,3.0,1.0,-49.0
1776885467.0191028,5.0,1.0,-50.0
1776885467.0291028,7.0,0.0,-43.0
1776885467.0391028,9.0,-1.0,-41.0
1776885467.0491028,6.0,0.0,-38.0
1776885467.0591028,6.0,0.0,-39.0
1776885467.0691028,8.0,0.0,-39.0
1776885467.0791028,8.0,-3.0,-40.0
1776885467.0891027,6.0,-7.0,-39.0
1776885467.0991027,2.0,-5.0,-46.0
1776885467.1091027,1.0,-8.0,-45.0
1776885467.1191027,0.0,-2.0,-39.0
1776885467.1291027,5.0,-2.0,-40.0
1776885467.1391027,7.0,0.0,-46.0
1776885467.1491027,7.0,0.0,-50.0
1776885467.159103,2.0,0.0,-54.0
1776885467.169103,0.0,2.0,-50.0
1776885467.179103,0.0,0.0,-49.0
1776885467.1891026,1.0,0.0,-44.0
1776885467.1991026,-2.0,0.0,-46.0
1776885467.2091026,-3.0,-5.0,-46.0
1776885467.2191026,-7.0,-4.0,-48.0
1776885467.2291028,-4.0,-1.0,-45.0
1776885467.2391028,-5.0,-3.0,-39.0
1776885467.2491028,-5.0,-4.0,-48.0
1776885467.2591028,0.0,-1.0,-50.0
1776885467.2691028,1.0,0.0,-52.0
1776885467.2791028,3.0,-2.0,-51.0
1776885467.2891028,2.0,-4.0,-49.0
1776885467.2991028,0.0,-1.0,-45.0
1776885467.3091028,0.0,-4.0,-47.0
1776885467.3191028,0.0,-3.0,-46.0
1776885467.3291028,0.0,-4.0,-52.0
1776885467.3391027,-4.0,-3.0,-51.0
1776885467.3491027,-1.0,-7.0,-47.0
1776885467.3591027,-4.0,-6.0,-43.0
1776885467.3691027,-4.0,-10.0,-43.0
1776885467.3791027,-2.0,-10.0,-49.0
1776885467.3891027,-3.0,-4.0,-49.0
1776885467.3991027,-1.0,0.0,-45.0
1776885467.409103,-7.0,-1.0,-48.0
1776885467.419103,-6.0,1.0,-47.0
1776885467.429103,-2.0,4.0,-46.0
1776885467.4391026,0.0,1.0,-48.0
1776885467.4491026,-2.0,0.0,-41.0
1776885467.4591026,-5.0,2.0,-37.0
1776885467.4691026,-3.0,3.0,-41.0
1776885467.4791028,0.0,6.0,-42.0
1776885467.4891028,-3.0,2.0,-44.0
1776885467.4991028,-1.0,0.0,-41.0
1776885467.5091028,2.0,0.0,-40.0
1776885467.5191028,0.0,0.0,-47.0
1776885467.5291028,1.0,0.0,-44.0
1776885467.5391028,3.0,-2.0,-45.0
1776885467.5491028,4.0,-2.0,-47.0
1776885467.5591028,-1.0,-2.0,-52.0
1776885467.5691028,-1.0,1.0,-48.0
1776885467.5791028,-2.0,-4.0,-50.0
1776885467.5891027,-1.0,-9.0,-50.0
1776885467.5991027,1.0,-10.0,-44.0
1776885467.6091027,5.0,-3.0,-47.0
1776885467.6191027,5.0,0.0,-47.0
1776885467.6291027,8.0,2.0,-48.0
1776885467.6391027,6.0,0.0,-53.0
1776885467.6491027,0.0,0.0,-50.0
1776885467.659103,-3.0,-1.0,-49.0
1776885467.669103,-3.0,-1.0,-52.0
1776885467.679103,-6.0,3.0,-54.0
1776885467.6891026,-6.0,2.0,-57.0
1776885467.6991026,-6.0,0.0,-57.0
1776885467.7091026,-6.0,5.0,-51.0
1776885467.7191026,-6.0,3.0,-40.0
1776885467.7291028,0.0,0.0,-40.0
1776885467.7391028,0.0,-1.0,-42.0
1776885467.7491028,0.0,0.0,-47.0
1776885467.7591028,0.0,-4.0,-47.0
1776885467.7691028,2.0,-3.0,-48.0
1776885467.7791028,0.0,-2.0,-48.0
1776885467.7891028,3.0,-2.0,-44.0
1776885467.7991028,3.0,-1.0,-47.0
1776885467.8091028,1.0,-3.0,-51.0
1776885467.8191028,0.0,-4.0,-42.0
1776885467.8291028,0.0,-6.0,-36.0
1776885467.8391027,0.0,-5.0,-39.0
1776885467.8491027,0.0,-6.0,-39.0
1776885467.8591027,1.0,-6.0,-38.0
1776885467.8691027,1.0,-2.0,-35.0
1776885467.8791027,-1.0,0.0,-32.0
1776885467.8891027,-1.0,-3.0,-36.0
1776885467.8991027,1.0,-1.0,-32.0
1776885467.909103,1.0,-2.0,-40.0
1776885467.919103,-1.0,-3.0,-44.0
1776885467.929103,-7.0,0.0,-44.0
1776885467.9391026,-9.0,0.0,-36.0
1776885467.9491026,-2.0,0.0,-36.0
1776885467.9591026,-1.0,2.0,-40.0
1776885467.9691026,2.0,0.0,-44.0
1776885467.9791028,5.0,-2.0,-47.0
1776885467.9891028,6.0,3.0,-45.0
1776885467.9991028,4.0,-1.0,-42.0
1776885468.0091028,11.0,0.0,-42.0
1776885468.0191028,3.0,1.0,-46.0
1776885468.0291028,0.0,-1.0,-45.0
1776885468.0391028,2.0,2.0,-38.0
1776885468.0491028,6.0,3.0,-45.0
1776885468.0591028,5.0,4.0,-48.0
1776885468.0691028,4.0,2.0,-55.0
1776885468.0791028,3.0,0.0,-52.0
1776885468.0891027,0.0,-2.0,-48.0
1776885468.0991027,-1.0,-6.0,-49.0
1776885468.1091027,0.0,0.0,-55.0
1776885468.1191027,2.0,6.0,-53.0
1776885468.1291027,1.0,7.0,-51.0
1776885468.1391027,4.0,8.0,-46.0
1776885468.1491027,6.0,5.0,-47.0
1776885468.159103,4.0,2.0,-51.0
1776885468.169103,3.0,-2.0,-47.0
1776885468.179103,-1.0,-2.0,-41.0
1776885468.1891026,0.0,3.0,-42.0
1776885468.1991026,-3.0,3.0,-43.0
1776885468.2091026,-8.0,0.0,-41.0
1776885468.2191026,-4.0,-2.0,-45.0
1776885468.2291028,-4.0,1.0,-45.0
1776885468.2391028,-6.0,0.0,-41.0
1776885468.2491028,-3.0,0.0,-38.0
1776885468.2591028,3.0,0.0,-33.0
1776885468.2691028,3.0,-1.0,-34.0
1776885468.2791028,0.0,0.0,-36.0
1776885468.2891028,0.0,0.0,-38.0
1776885468.2991028,0.0,1.0,-36.0
1776885468.3091028,1.0,7.0,-35.0
1776885468.3191028,-2.0,1.0,-34.0
1776885468.3291028,-2.0,0.0,-33.0
1776885468.3391027,-1.0,2.0,-36.0
1776885468.3491027,-1.0,5.0,-35.0
1776885468.3591027,1.0,5.0,-39.0
1776885468.3691027,3.0,6.0,-44.0
1776885468.3791027,3.0,3.0,-46.0
1776885468.3891027,1.0,5.0,-46.0
1776885468.3991027,0.0,3.0,-52.0
1776885468.409103,0.0,2.0,-57.0
1776885468.419103,0.0,0.0,-64.0
1776885468.429103,0.0,2.0,-60.0
1776885468.4391026,-1.0,0.0,-61.0
1776885468.4491026,-1.0,0.0,-58.0
1776885468.4591026,0.0,1.0,-54.0
1776885468.4691026,0.0,-3.0,-48.0
1776885468.4791028,1.0,-3.0,-44.0
1776885468.4891028,-3.0,-2.0,-42.0
1776885468.4991028,-8.0,1.0,-40.0
1776885468.5091028,-7.0,3.0,-40.0
1776885468.5191028,-7.0,0.0,-39.0
1776885468.5291028,-7.0,-3.0,-40.0
1776885468.5391028,-4.0,-1.0,-40.0
1776885468.5491028,-1.0,-2.0,-44.0
1776885468.5591028,-5.0,0.0,-48.0
1776885468.5691028,-3.0,-2.0,-48.0
1776885468.5791028,-4.0,0.0,-47.0
1776885468.5891027,-2.0,0.0,-46.0
1776885468.5991027,0.0,-1.0,-49.0
1776885468.6091027,-1.0,-4.0,-50.0
1776885468.6191027,-1.0,-3.0,-44.0
1776885468.6291027,-5.0,-2.0,-45.0
1776885468.6391027,-2.0,-2.0,-47.0
1776885468.6491027,0.0,0.0,-42.0
1776885468.659103,0.0,-5.0,-35.0
1776885468.669103,4.0,-2.0,-41.0
1776885468.679103,3.0,-5.0,-46.0
1776885468.6891026,0.0,-3.0,-42.0
1776885468.6991026,0.0,-3.0,-39.0
1776885468.7101028,3.0,-2.0,-41.0
1776885468.7201028,3.0,-1.0,-44.0
1776885468.7301028,2.0,-6.0,-47.0
1776885468.7391028,-1.0,-12.0,-53.0
1776885468.7501028,-2.0,-7.0,-53.0
1776885468.7601027,-2.0,-3.0,-51.0
1776885468.7701027,-1.0,-6.0,-45.0
1776885468.7801027,0.0,-6.0,-39.0
1776885468.7891028,-1.0,0.0,-36.0
1776885468.8001027,0.0,0.0,-33.0
1776885468.8101027,0.0,-4.0,-37.0
1776885468.8201027,2.0,-8.0,-34.0
1776885468.8301027,1.0,-8.0,-39.0
1776885468.840103,-2.0,-4.0,-44.0
1776885468.850103,0.0,-5.0,-41.0
1776885468.860103,5.0,-4.0,-44.0
1776885468.8701026,5.0,-3.0,-42.0
1776885468.8801026,4.0,-6.0,-37.0
1776885468.8901026,3.0,-10.0,-35.0
1776885468.9001029,4.0,-8.0,-38.0
1776885468.9101028,4.0,-6.0,-41.0
1776885468.9201028,-1.0,-3.0,-40.0
1776885468.9301028,-3.0,0.0,-42.0
1776885468.9401028,-5.0,0.0,-38.0
1776885468.9501028,-6.0,0.0,-40.0
1776885468.9601028,-2.0,6.0,-41.0
1776885468.9701028,0.0,2.0,-41.0
1776885468.9801028,-1.0,0.0,-42.0
1776885468.9901028,0.0,-4.0,-48.0
1776885469.0001028,0.0,-7.0,-49.0
1776885469.0101027,-1.0,-7.0,-48.0
1776885469.0201027,-8.0,-7.0,-56.0
1776885469.0301027,-8.0,-1.0,-55.0
1776885469.0401027,-6.0,-2.0,-52.0
1776885469.0501027,-7.0,-5.0,-51.0
1776885469.0601027,0.0,-2.0,-45.0
1776885469.0701027,-1.0,-1.0,-46.0
1776885469.0801027,-5.0,-1.0,-55.0
1776885469.090103,-3.0,-2.0,-46.0
1776885469.100103,-2.0,-2.0,-48.0
1776885469.110103,-6.0,-3.0,-53.0
1776885469.1201026,-4.0,-4.0,-51.0
1776885469.1301026,-4.0,-4.0,-52.0
1776885469.1401026,-4.0,-4.0,-49.0
1776885469.1501029,-7.0,-5.0,-43.0
1776885469.1601028,-6.0,-6.0,-47.0
1776885469.1701028,-2.0,-5.0,-45.0
1776885469.1801028,-3.0,-3.0,-44.0
1776885469.1901028,0.0,-2.0,-49.0
1776885469.2001028,2.0,0.0,-51.0
1776885469.2101028,4.0,0.0,-46.0
1776885469.2201028,3.0,0.0,-49.0
1776885469.2301028,0.0,-4.0,-55.0
1776885469.2401028,2.0,0.0,-58.0
1776885469.2501028,0.0,0.0,-55.0
1776885469.2601027,-5.0,1.0,-53.0
1776885469.2701027,-6.0,-2.0,-51.0
1776885469.2801027,-2.0,-3.0,-50.0
1776885469.2901027,-5.0,-6.0,-56.0
1776885469.3001027,-1.0,-5.0,-51.0
1776885469.3101027,-2.0,-4.0,-48.0
1776885469.3201027,-2.0,-7.0,-39.0
1776885469.3301027,0.0,-10.0,-38.0
1776885469.340103,1.0,-9.0,-38.0
1776885469.350103,0.0,-11.0,-38.0
1776885469.360103,2.0,-8.0,-33.0
1776885469.3701026,-2.0,-4.0,-37.0
1776885469.3801026,-4.0,0.0,-33.0
1776885469.3901026,-2.0,-1.0,-30.0
1776885469.4001029,-1.0,-3.0,-34.0
1776885469.4101028,-5.0,-6.0,-32.0
1776885469.4201028,0.0,-3.0,-31.0
1776885469.4301028,4.0,-1.0,-40.0
1776885469.4401028,5.0,1.0,-41.0
1776885469.4501028,3.0,4.0,-46.0
1776885469.4601028,0.0,2.0,-48.0
1776885469.4701028,2.0,2.0,-46.0
1776885469.4801028,-3.0,0.0,-46.0
1776885469.4901028,0.0,1.0,-48.0
1776885469.5001028,4.0,1.0,-39.0
1776885469.5101027,0.0,2.0,-39.0
1776885469.5201027,4.0,2.0,-45.0
1776885469.5301027,5.0,0.0,-49.0
1776885469.5401027,6.0,2.0,-51.0
1776885469.5501027,7.0,3.0,-44.0
1776885469.5601027,8.0,-3.0,-47.0
1776885469.5701027,5.0,0.0,-42.0
1776885469.5801027,3.0,2.0,-41.0
1776885469.590103,8.0,0.0,-37.0
1776885469.600103,1.0,2.0,-41.0
1776885469.610103,0.0,4.0,-46.0
1776885469.6201026,-3.0,4.0,-40.0
1776885469.6301026,-4.0,3.0,-42.0
1776885469.6401026,-3.0,3.0,-38.0
1776885469.6501029,-8.0,1.0,-37.0
1776885469.6601028,-4.0,-4.0,-34.0
1776885469.6701028,-5.0,-7.0,-39.0
1776885469.6801028,-3.0,-7.0,-36.0
1776885469.6901028,0.0,-5.0,-35.0
1776885469.7001028,-1.0,-4.0,-38.0
1776885469.7101028,2.0,2.0,-36.0
1776885469.7201028,0.0,5.0,-42.0
1776885469.7301028,1.0,3.0,-41.0
1776885469.7401028,-2.0,3.0,-39.0
1776885469.7501028,-6.0,2.0,-40.0
1776885469.7601027,-7.0,0.0,-44.0
1776885469.7701027,-6.0,3.0,-49.0
1776885469.7801027,-2.0,1.0,-53.0
1776885469.7901027,1.0,-1.0,-52.0
1776885469.8001027,2.0,-6.0,-46.0
1776885469.8101027,3.0,-7.0,-42.0
1776885469.8201027,0.0,-8.0,-47.0
1776885469.8301027,2.0,-5.0,-41.0
1776885469.840103,1.0,-3.0,-41.0
1776885469.850103,-2.0,-6.0,-39.0
1776885469.860103,-4.0,-5.0,-39.0
1776885469.8701026,1.0,-6.0,-44.0
1776885469.8801026,0.0,-6.0,-46.0
1776885469.8901026,0.0,-3.0,-49.0
1776885469.9001029,0.0,0.0,-50.0
1776885469.9101028,0.0,-1.0,-51.0
1776885469.9201028,0.0,1.0,-51.0
1776885469.9301028,-5.0,0.0,-52.0
1776885469.9401028,-7.0,-1.0,-48.0
1776885469.9501028,-9.0,-2.0,-49.0
1776885469.9601028,-5.0,-2.0,-45.0
1776885469.9701028,-3.0,-3.0,-49.0
1776885469.9801028,-1.0,-5.0,-52.0
1776885469.9901028,-3.0,-3.0,-56.0
1776885470.0001028,0.0,1.0,-54.0
1776885470.0101027,-1.0,0.0,-46.0
1776885470.0201027,-1.0,0.0,-39.0
1776885470.0301027,2.0,0.0,-39.0
1776885470.0401027,0.0,-1.0,-32.0
1776885470.0501027,0.0,-2.0,-34.0
1776885470.0601027,-5.0,-5.0,-36.0
1776885470.0701027,-9.0,-5.0,-32.0
1776885470.0801027,-4.0,-5.0,-40.0
1776885470.090103,-7.0,-7.0,-40.0
1776885470.100103,-6.0,-5.0,-40.0
1776885470.110103,-9.0,-4.0,-45.0
1776885470.1201026,-11.0,-2.0,-42.0
1776885470.1301026,-8.0,-2.0,-40.0
1776885470.1401026,-8.0,0.0,-37.0
1776885470.1501029,-7.0,-2.0,-39.0
1776885470.1601028,-5.0,0.0,-40.0
1776885470.1701028,0.0,0.0,-44.0
1776885470.1801028,0.0,-1.0,-46.0
1776885470.1901028,-2.0,1.0,-53.0
1776885470.2001028,-1.0,2.0,-54.0
1776885470.2101028,-6.0,2.0,-44.0
1776885470.2201028,-5.0,5.0,-37.0
1776885470.2301028,-2.0,7.0,-43.0
1776885470.2401028,3.0,5.0,-43.0
1776885470.2501028,-1.0,7.0,-36.0
1776885470.2601027,-1.0,3.0,-40.0
1776885470.2701027,0.0,2.0,-41.0
1776885470.2801027,5.0,3.0,-45.0
1776885470.2901027,8.0,5.0,-49.0
1776885470.3001027,4.0,6.0,-55.0
1776885470.3101027,5.0,2.0,-54.0
1776885470.3201027,-1.0,-1.0,-51.0
1776885470.3301027,-5.0,-1.0,-53.0
1776885470.340103,-2.0,-2.0,-51.0
1776885470.350103,-3.0,0.0,-49.0
1776885470.360103,0.0,0.0,-50.0
1776885470.3701026,0.0,0.0,-49.0
1776885470.3801026,1.0,0.0,-45.0
1776885470.3901026,0.0,0.0,-45.0
1776885470.4001029,6.0,-1.0,-50.0
1776885470.4101028,9.0,-2.0,-47.0
1776885470.4201028,2.0,-3.0,-46.0
1776885470.4301028,1.0,-3.0,-47.0
1776885470.4401028,1.0,-3.0,-42.0
1776885470.4501028,7.0,-5.0,-42.0
1776885470.4601028,6.0,-4.0,-39.0
1776885470.4701028,7.0,-5.0,-45.0
1776885470.4801028,8.0,-5.0,-51.0
1776885470.4901028,2.0,-4.0,-49.0
1776885470.5001028,-2.0,-3.0,-50.0
1776885470.5101027,0.0,-3.0,-45.0
1776885470.5201027,0.0,-7.0,-41.0
1776885470.5301027,0.0,-5.0,-43.0
1776885470.5401027,3.0,-4.0,-42.0
1776885470.5501027,3.0,-7.0,-44.0
1776885470.5601027,1.0,-8.0,-46.0
1776885470.5701027,2.0,-6.0,-39.0
1776885470.5801027,5.0,-1.0,-34.0
1776885470.590103,5.0,1.0,-41.0
1776885470.600103,3.0,6.0,-47.0
1776885470.610103,4.0,3.0,-45.0
1776885470.6201026,0.0,0.0,-45.0
1776885470.6301026,0.0,-3.0,-41.0
1776885470.6401026,0.0,0.0,-39.0
1776885470.6501029,0.0,-2.0,-43.0
1776885470.6601028,-1.0,-5.0,-34.0
1776885470.6701028,-3.0,-8.0,-37.0
1776885470.6801028,-3.0,-11.0,-39.0
1776885470.6911027,-3.0,-7.0,-41.0
1776885470.7011027,-2.0,-2.0,-38.0
1776885470.7111027,0.0,-3.0,-43.0
1776885470.7211027,0.0,1.0,-45.0
1776885470.7311027,-1.0,-2.0,-45.0
1776885470.7411027,0.0,1.0,-47.0
1776885470.7511027,4.0,0.0,-52.0
1776885470.761103,6.0,-1.0,-50.0
1776885470.771103,7.0,-5.0,-48.0
1776885470.781103,10.0,-5.0,-46.0
1776885470.7911026,5.0,-5.0,-45.0
1776885470.8011026,4.0,-6.0,-47.0
1776885470.8111026,3.0,-7.0,-48.0
1776885470.8211029,5.0,-7.0,-49.0
1776885470.8311028,3.0,-2.0,-53.0
1776885470.8411028,-1.0,-6.0,-52.0
1776885470.8511028,-1.0,-7.0,-54.0
1776885470.8611028,-2.0,-6.0,-52.0
1776885470.8711028,-4.0,-5.0,-47.0
1776885470.8811028,-5.0,-1.0,-50.0
1776885470.8911028,-6.0,0.0,-46.0
1776885470.9011028,-1.0,1.0,-47.0
1776885470.9111028,-3.0,0.0,-46.0
1776885470.9211028,-4.0,0.0,-36.0
1776885470.9311028,0.0,-1.0,-38.0
1776885470.9411027,2.0,-2.0,-35.0
1776885470.9511027,4.0,0.0,-34.0
1776885470.9611027,3.0,1.0,-32.0
1776885470.9711027,3.0,0.0,-36.0
1776885470.9811027,1.0,0.0,-32.0
1776885470.9911027,1.0,-7.0,-30.0
1776885471.0011027,-1.0,-8.0,-29.0
1776885471.011103,-3.0,-4.0,-25.0
1776885471.021103,0.0,-4.0,-34.0
1776885471.031103,4.0,-4.0,-32.0
1776885471.0411026,2.0,-2.0,-29.0
1776885471.0511026,-1.0,-2.0,-27.0
1776885471.0611026,-1.0,0.0,-37.0
1776885471.0711029,0.0,1.0,-46.0
1776885471.0811028,2.0,3.0,-39.0
1776885471.0911028,3.0,0.0,-42.0
1776885471.1011028,-2.0,1.0,-44.0
1776885471.1111028,0.0,-1.0,-44.0
1776885471.1211028,1.0,-2.0,-42.0
1776885471.1311028,-1.0,-3.0,-44.0
1776885471.1411028,0.0,-3.0,-40.0
1776885471.1511028,0.0,-3.0,-41.0
1776885471.1611028,-1.0,-3.0,-47.0
1776885471.1711028,6.0,1.0,-45.0
1776885471.1811028,6.0,0.0,-42.0
1776885471.1911027,6.0,-1.0,-39.0
1776885471.2011027,6.0,0.0,-47.0
1776885471.2111027,8.0,-3.0,-50.0
1776885471.2211027,10.0,-2.0,-52.0
1776885471.2311027,10.0,-4.0,-49.0
1776885471.2411027,7.0,-6.0,-49.0
1776885471.2511027,7.0,-7.0,-58.0
1776885471.261103,9.0,-5.0,-53.0
1776885471.271103,9.0,1.0,-51.0
1776885471.281103,5.0,5.0,-50.0
1776885471.2911026,1.0,3.0,-42.0
1776885471.3011026,-2.0,3.0,-42.0
1776885471.3111026,-1.0,3.0,-41.0
1776885471.3211029,0.0,6.0,-41.0
1776885471.3311028,-2.0,4.0,-43.0
1776885471.3411028,0.0,3.0,-48.0
1776885471.3511028,0.0,1.0,-48.0
1776885471.3611028,1.0,0.0,-47.0
1776885471.3711028,1.0,-1.0,-49.0
1776885471.3811028,-2.0,1.0,-48.0
1776885471.3911028,0.0,1.0,-49.0
1776885471.4011028,4.0,1.0,-50.0
1776885471.4111028,8.0,0.0,-45.0
1776885471.4211028,9.0,-2.0,-42.0
1776885471.4311028,9.0,-2.0,-41.0
1776885471.4411027,6.0,-4.0,-45.0
1776885471.4511027,7.0,-6.0,-54.0
1776885471.4611027,1.0,-10.0,-55.0
1776885471.4711027,2.0,-12.0,-59.0
1776885471.4811027,4.0,-7.0,-56.0
1776885471.4911027,6.0,-1.0,-47.0
1776885471.5011027,1.0,-5.0,-45.0
1776885471.511103,-3.0,-6.0,-50.0
1776885471.521103,-8.0,-4.0,-43.0
1776885471.531103,-9.0,-2.0,-44.0
1776885471.5411026,-8.0,1.0,-43.0
1776885471.5511026,-4.0,5.0,-40.0
1776885471.5611026,-3.0,2.0,-33.0
1776885471.5711029,0.0,1.0,-31.0
1776885471.5811028,6.0,0.0,-34.0
1776885471.5911028,9.0,-3.0,-34.0
1776885471.6011028,4.0,-3.0,-38.0
1776885471.6111028,5.0,0.0,-38.0
1776885471.6211028,2.0,0.0,-38.0
1776885471.6311028,2.0,3.0,-34.0
1776885471.6411028,2.0,1.0,-41.0
1776885471.6511028,0.0,2.0,-44.0
1776885471.6611028,0.0,0.0,-40.0
1776885471.6711028,-1.0,3.0,-42.0
1776885471.6811028,-5.0,4.0,-49.0
1776885471.6911027,-3.0,1.0,-51.0
1776885471.7011027,2.0,1.0,-45.0
1776885471.7111027,0.0,0.0,-44.0
1776885471.7211027,4.0,0.0,-44.0
1776885471.7311027,0.0,0.0,-46.0
1776885471.7411027,-2.0,1.0,-53.0
1776885471.7511027,-3.0,-1.0,-45.0
1776885471.761103,-8.0,0.0,-41.0
1776885471.771103,-7.0,1.0,-39.0
1776885471.781103,-4.0,1.0,-34.0
1776885471.7911026,0.0,1.0,-42.0
1776885471.8011026,0.0,1.0,-46.0
1776885471.8111026,3.0,1.0,-46.0
1776885471.8211029,1.0,0.0,-44.0
1776885471.8311028,4.0,-1.0,-44.0
1776885471.8411028,1.0,-3.0,-38.0
1776885471.8511028,1.0,-5.0,-26.0
1776885471.8611028,0.0,-4.0,-29.0
1776885471.8711028,0.0,-6.0,-35.0
1776885471.8811028,5.0,-4.0,-31.0
1776885471.8911028,-1.0,-5.0,-34.0
1776885471.9011028,1.0,-4.0,-42.0
1776885471.9111028,3.0,-3.0,-49.0
1776885471.9211028,5.0,-1.0,-60.0
1776885471.9311028,4.0,1.0,-62.0
1776885471.9411027,2.0,1.0,-52.0
1776885471.9511027,4.0,0.0,-46.0
1776885471.9611027,7.0,-1.0,-49.0
1776885471.9711027,8.0,-1.0,-44.0
1776885471.9811027,5.0,1.0,-52.0
1776885471.9911027,6.0,2.0,-53.0
1776885472.0011027,9.0,3.0,-57.0
1776885472.011103,3.0,1.0,-49.0
1776885472.021103,3.0,-5.0,-46.0
1776885472.031103,7.0,-5.0,-47.0
1776885472.0411026,5.0,-7.0,-48.0
1776885472.0511026,5.0,-7.0,-39.0
1776885472.0611026,8.0,-2.0,-42.0
1776885472.0711029,6.0,-3.0,-46.0
1776885472.0811028,5.0,0.0,-45.0
1776885472.0911028,1.0,1.0,-44.0
1776885472.1011028,2.0,1.0,-40.0
1776885472.1111028,0.0,-1.0,-35.0
1776885472.1211028,3.0,-1.0,-46.0
1776885472.1311028,4.0,2.0,-46.0
1776885472.1411028,0.0,0.0,-51.0
1776885472.1511028,-3.0,1.0,-48.0
1776885472.1611028,-5.0,-3.0,-51.0
1776885472.1711028,-5.0,-3.0,-46.0
1776885472.1811028,-6.0,-3.0,-53.0
1776885472.1911027,0.0,0.0,-52.0
1776885472.2011027,2.0,-1.0,-49.0
1776885472.2111027,3.0,-3.0,-49.0
1776885472.2211027,6.0,-3.0,-47.0
1776885472.2311027,8.0,-2.0,-46.0
1776885472.2411027,7.0,-4.0,-42.0
1776885472.2511027,6.0,-3.0,-42.0
1776885472.261103,4.0,-5.0,-39.0
1776885472.271103,3.0,-4.0,-35.0
1776885472.281103,1.0,0.0,-37.0
1776885472.2911026,0.0,-4.0,-43.0
1776885472.3011026,-2.0,-3.0,-48.0
1776885472.3111026,-1.0,-1.0,-55.0
1776885472.3211029,0.0,-2.0,-52.0
1776885472.3311028,0.0,-1.0,-49.0
1776885472.3411028,0.0,-4.0,-52.0
1776885472.3511028,-2.0,-1.0,-48.0
1776885472.3611028,1.0,0.0,-48.0
1776885472.3711028,-3.0,-2.0,-58.0
1776885472.3811028,-1.0,-4.0,-55.0
1776885472.3911028,1.0,-5.0,-58.0
1776885472.4011028,2.0,-2.0,-50.0
1776885472.4111028,2.0,0.0,-47.0
1776885472.4211028,2.0,0.0,-50.0
1776885472.4311028,0.0,0.0,-52.0
1776885472.4411027,-3.0,0.0,-53.0
1776885472.4511027,-8.0,0.0,-47.0
1776885472.4611027,-1.0,2.0,-44.0
1776885472.4711027,-5.0,8.0,-46.0
1776885472.4811027,-6.0,5.0,-44.0
1776885472.4911027,-9.0,1.0,-43.0
1776885472.5011027,-6.0,0.0,-43.0
1776885472.511103,-8.0,6.0,-48.0
1776885472.521103,-2.0,5.0,-54.0
1776885472.531103,3.0,5.0,-46.0
1776885472.5411026,4.0,2.0,-44.0
1776885472.5511026,5.0,2.0,-48.0
1776885472.5611026,7.0,-1.0,-44.0
1776885472.5711029,5.0,0.0,-36.0
1776885472.5811028,0.0,0.0,-34.0
1776885472.5911028,-1.0,0.0,-39.0
1776885472.6011028,-4.0,-1.0,-37.0
1776885472.6111028,-2.0,-1.0,-41.0
1776885472.6211028,0.0,3.0,-39.0
1776885472.6311028,-1.0,4.0,-44.0
1776885472.6411028,-3.0,6.0,-49.0
1776885472.6511028,0.0,11.0,-50.0
1776885472.6621027,1.0,8.0,-47.0
1776885472.6711028,-2.0,8.0,-44.0
1776885472.682103,-1.0,10.0,-42.0
1776885472.692103,0.0,4.0,-43.0
1776885472.702103,2.0,1.0,-36.0
1776885472.712103,3.0,1.0,-39.0
1776885472.7221026,4.0,0.0,-39.0
1776885472.7321026,1.0,-1.0,-43.0
1776885472.7421026,1.0,0.0,-46.0
1776885472.7521029,5.0,2.0,-45.0
1776885472.7621028,2.0,1.0,-49.0
1776885472.7721028,1.0,-1.0,-49.0
1776885472.7821028,-2.0,1.0,-48.0
1776885472.7921028,1.0,0.0,-49.0
1776885472.8021028,2.0,-1.0,-47.0
1776885472.8121028,6.0,-4.0,-49.0
1776885472.8221028,7.0,-4.0,-48.0
1776885472.8321028,9.0,0.0,-51.0
1776885472.8421028,9.0,-1.0,-54.0
1776885472.8521028,10.0,-2.0,-51.0
1776885472.8621027,8.0,0.0,-44.0
1776885472.8721027,8.0,0.0,-43.0
1776885472.8821027,2.0,0.0,-44.0
1776885472.8921027,1.0,0.0,-46.0
1776885472.9021027,-2.0,-1.0,-47.0
1776885472.9121027,-6.0,-4.0,-46.0
1776885472.9221027,-6.0,-1.0,-44.0
1776885472.932103,-5.0,0.0,-45.0
1776885472.942103,-4.0,5.0,-47.0
1776885472.952103,-2.0,3.0,-37.0
1776885472.962103,-2.0,0.0,-34.0
1776885472.9721026,-1.0,0.0,-36.0
1776885472.9821026,-4.0,0.0,-36.0
1776885472.9921026,-5.0,2.0,-41.0
1776885473.0021029,-6.0,3.0,-45.0
1776885473.0121028,-6.0,-1.0,-46.0
1776885473.0221028,-3.0,0.0,-43.0
1776885473.0321028,1.0,0.0,-42.0
1776885473.0421028,2.0,0.0,-34.0
1776885473.0521028,0.0,0.0,-29.0
1776885473.0621028,0.0,-1.0,-32.0
1776885473.0721028,1.0,1.0,-45.0
1776885473.0821028,0.0,-2.0,-44.0
1776885473.0921028,0.0,-2.0,-47.0
1776885473.1021028,2.0,-1.0,-45.0
1776885473.1121027,1.0,0.0,-38.0
1776885473.1221027,-2.0,-2.0,-37.0
1776885473.1321027,-4.0,-3.0,-37.0
1776885473.1421027,-1.0,-4.0,-32.0
1776885473.1521027,2.0,-3.0,-40.0
1776885473.1621027,4.0,-8.0,-39.0
1776885473.1721027,4.0,-8.0,-43.0
1776885473.182103,5.0,-8.0,-41.0
1776885473.192103,8.0,-9.0,-38.0
1776885473.202103,6.0,-9.0,-30.0
1776885473.212103,4.0,-6.0,-33.0
1776885473.2221026,1.0,-5.0,-40.0
1776885473.2321026,-2.0,0.0,-47.0
1776885473.2421026,-1.0,1.0,-47.0
1776885473.2521029,0.0,-1.0,-47.0
1776885473.2621028,4.0,-3.0,-52.0
1776885473.2721028,1.0,-2.0,-54.0
1776885473.2821028,3.0,-2.0,-49.0
1776885473.2921028,1.0,-7.0,-46.0
1776885473.3021028,2.0,-9.0,-46.0
1776885473.3121028,0.0,-11.0,-37.0
1776885473.3221028,5.0,-11.0,-41.0
1776885473.3321028,7.0,-11.0,-43.0
1776885473.3421028,4.0,-5.0,-44.0
1776885473.3521028,4.0,-4.0,-46.0
1776885473.3621027,4.0,-5.0,-48.0
1776885473.3721027,5.0,-7.0,-52.0
1776885473.3821027,3.0,-6.0,-50.0
1776885473.3921027,1.0,-2.0,-49.0
1776885473.4021027,3.0,-2.0,-50.0
1776885473.4121027,1.0,0.0,-50.0
1776885473.4221027,-2.0,-1.0,-45.0
1776885473.432103,-1.0,-4.0,-41.0
1776885473.442103,-1.0,-4.0,-39.0
1776885473.452103,-1.0,-3.0,-43.0
1776885473.462103,-1.0,1.0,-44.0
1776885473.4721026,2.0,-1.0,-42.0
1776885473.4821026,1.0,2.0,-43.0
1776885473.4921026,0.0,4.0,-47.0
1776885473.5021029,1.0,0.0,-49.0
1776885473.5121028,1.0,6.0,-42.0
1776885473.5221028,3.0,7.0,-38.0
1776885473.5321028,4.0,4.0,-32.0
1776885473.5421028,0.0,0.0,-34.0
1776885473.5521028,0.0,3.0,-31.0
1776885473.5621028,0.0,2.0,-33.0
1776885473.5721028,-4.0,1.0,-33.0
1776885473.5821028,0.0,-1.0,-34.0
1776885473.5921028,-2.0,-4.0,-36.0
1776885473.6021028,-3.0,-3.0,-37.0
1776885473.6121027,-1.0,-3.0,-40.0
1776885473.6221027,0.0,-1.0,-43.0
1776885473.6321027,0.0,2.0,-46.0
1776885473.6421027,-1.0,0.0,-45.0
1776885473.6521027,-3.0,2.0,-45.0
1776885473.6621027,-5.0,2.0,-44.0
1776885473.6721027,0.0,1.0,-45.0
1776885473.682103,3.0,2.0,-44.0
1776885473.692103,0.0,2.0,-36.0
1776885473.702103,-1.0,1.0,-41.0
1776885473.712103,-1.0,0.0,-42.0
1776885473.7221026,1.0,0.0,-40.0
1776885473.7321026,3.0,0.0,-39.0
1776885473.7421026,0.0,0.0,-40.0
1776885473.7521029,0.0,0.0,-39.0
1776885473.7621028,-1.0,3.0,-39.0
1776885473.7721028,-3.0,0.0,-47.0
1776885473.7821028,-5.0,0.0,-45.0
1776885473.7921028,2.0,-3.0,-44.0
1776885473.8021028,-3.0,-5.0,-44.0
1776885473.8121028,-2.0,-5.0,-42.0
1776885473.8221028,-1.0,-3.0,-46.0
1776885473.8321028,1.0,-4.0,-47.0
1776885473.8421028,-1.0,-7.0,-51.0
1776885473.8521028,-2.0,-7.0,-48.0
1776885473.8621027,-2.0,-3.0,-44.0
1776885473.8721027,0.0,-4.0,-44.0
1776885473.8821027,-4.0,-3.0,-46.0
1776885473.8921027,-1.0,-1.0,-49.0
1776885473.9021027,-2.0,-4.0,-44.0
1776885473.9121027,-4.0,-8.0,-45.0
1776885473.9221027,-4.0,-6.0,-43.0
1776885473.932103,-7.0,-3.0,-42.0
1776885473.942103,-5.0,-3.0,-37.0
1776885473.952103,-3.0,-2.0,-38.0
1776885473.962103,0.0,-5.0,-37.0
1776885473.9721026,1.0,-4.0,-37.0
1776885473.9821026,7.0,-3.0,-35.0
1776885473.9921026,8.0,0.0,-36.0
1776885474.0021029,3.0,-3.0,-38.0
1776885474.0121028,5.0,-4.0,-38.0
1776885474.0221028,4.0,-2.0,-41.0
1776885474.0321028,2.0,-1.0,-39.0
1776885474.0421028,0.0,0.0,-40.0
1776885474.0521028,-4.0,0.0,-43.0
1776885474.0621028,-5.0,-3.0,-38.0
1776885474.0721028,-5.0,-3.0,-36.0
1776885474.0821028,-7.0,-2.0,-29.0
1776885474.0921028,-7.0,-2.0,-36.0
1776885474.1021028,-3.0,-3.0,-39.0
1776885474.1121027,3.0,-1.0,-39.0
1776885474.1221027,8.0,-4.0,-46.0
1776885474.1321027,8.0,1.0,-49.0
1776885474.1421027,4.0,1.0,-46.0
1776885474.1521027,2.0,-2.0,-42.0
1776885474.1621027,0.0,-3.0,-37.0
1776885474.1721027,4.0,-3.0,-38.0
1776885474.182103,6.0,-2.0,-39.0
1776885474.192103,6.0,-4.0,-42.0
1776885474.202103,8.0,-1.0,-47.0
1776885474.212103,12.0,0.0,-48.0
1776885474.2221026,7.0,1.0,-48.0
1776885474.2321026,4.0,2.0,-47.0
1776885474.2421026,0.0,-2.0,-45.0
1776885474.2521029,1.0,-5.0,-40.0
1776885474.2621028,5.0,-4.0,-40.0
1776885474.2721028,1.0,-4.0,-39.0
1776885474.2821028,3.0,-3.0,-30.0
1776885474.2921028,2.0,0.0,-31.0
1776885474.3021028,2.0,0.0,-33.0
1776885474.3121028,1.0,-2.0,-39.0
1776885474.3221028,3.0,-1.0,-38.0
1776885474.3321028,1.0,1.0,-36.0
1776885474.3421028,0.0,-2.0,-37.0
1776885474.3521028,-5.0,-3.0,-32.0
1776885474.3621027,-2.0,-1.0,-35.0
1776885474.3721027,-3.0,0.0,-43.0
1776885474.3821027,-1.0,0.0,-46.0
1776885474.3931026,5.0,-5.0,-44.0
1776885474.4021027,4.0,-4.0,-48.0
1776885474.4121027,4.0,0.0,-42.0
1776885474.4221027,0.0,0.0,-46.0
1776885474.432103,0.0,0.0,-44.0
1776885474.442103,-1.0,0.0,-44.0
1776885474.452103,2.0,2.0,-36.0
1776885474.462103,5.0,1.0,-36.0
1776885474.4721026,0.0,0.0,-38.0
1776885474.4821026,0.0,-2.0,-38.0
1776885474.4921026,3.0,-4.0,-36.0
1776885474.5021029,-2.0,-4.0,-38.0
1776885474.5121028,-6.0,-4.0,-40.0
1776885474.5221028,-5.0,-5.0,-38.0
1776885474.5321028,-5.0,-6.0,-40.0
1776885474.5421028,3.0,-6.0,-38.0
1776885474.5521028,0.0,-7.0,-43.0
1776885474.5621028,2.0,-6.0,-42.0
1776885474.5721028,2.0,-6.0,-43.0
1776885474.5821028,0.0,-3.0,-47.0
1776885474.5921028,4.0,-3.0,-42.0
1776885474.6021028,3.0,-2.0,-35.0
1776885474.6121027,-1.0,-1.0,-35.0
1776885474.6221027,0.0,-4.0,-43.0
1776885474.6321027,2.0,-4.0,-46.0
1776885474.6431026,1.0,-3.0,-42.0
1776885474.6531026,0.0,-3.0,-39.0
1776885474.6631026,2.0,0.0,-39.0
1776885474.6731029,6.0,3.0,-42.0
1776885474.6831028,7.0,0.0,-41.0
1776885474.6931028,10.0,-1.0,-45.0
1776885474.7031028,3.0,-2.0,-47.0
1776885474.7131028,5.0,0.0,-45.0
1776885474.7231028,5.0,2.0,-47.0
1776885474.7331028,1.0,0.0,-47.0
1776885474.7431028,0.0,1.0,-52.0
1776885474.7531028,1.0,1.0,-57.0
1776885474.7631028,2.0,4.0,-53.0
1776885474.7731028,-3.0,6.0,-44.0
1776885474.7831028,-5.0,7.0,-48.0
1776885474.7931027,-2.0,4.0,-52.0
1776885474.8031027,-1.0,0.0,-59.0
1776885474.8131027,2.0,0.0,-59.0
1776885474.8231027,0.0,0.0,-52.0
1776885474.8331027,-3.0,0.0,-47.0
1776885474.8431027,-2.0,0.0,-45.0
1776885474.8531027,-1.0,-1.0,-43.0
1776885474.863103,0.0,0.0,-41.0
1776885474.873103,0.0,2.0,-41.0
1776885474.883103,1.0,3.0,-38.0
1776885474.8931026,4.0,1.0,-36.0
1776885474.9031026,7.0,0.0,-35.0
1776885474.9131026,4.0,0.0,-35.0
1776885474.9231029,2.0,0.0,-43.0
1776885474.9331028,0.0,-3.0,-41.0
1776885474.9431028,-4.0,-3.0,-40.0
1776885474.9531028,-6.0,0.0,-40.0
1776885474.9631028,-2.0,0.0,-43.0
1776885474.9731028,0.0,1.0,-45.0
1776885474.9831028,-1.0,2.0,-43.0
1776885474.9931028,-4.0,2.0,-42.0
1776885475.0031028,-8.0,0.0,-40.0
1776885475.0131028,-1.0,0.0,-40.0
1776885475.0231028,1.0,-1.0,-41.0
1776885475.0331028,1.0,-2.0,-37.0
1776885475.0431027,4.0,-2.0,-37.0
1776885475.0531027,6.0,1.0,-47.0
1776885475.0631027,5.0,-2.0,-49.0
1776885475.0731027,4.0,0.0,-47.0
1776885475.0831027,0.0,0.0,-52.0
1776885475.0931027,0.0,-2.0,-45.0
1776885475.1031027,-1.0,-1.0,-39.0
1776885475.113103,3.0,-2.0,-39.0
1776885475.123103,5.0,2.0,-39.0
1776885475.133103,5.0,3.0,-39.0
1776885475.1431026,7.0,2.0,-42.0
1776885475.1531026,3.0,1.0,-47.0
1776885475.1631026,7.0,-1.0,-47.0
1776885475.1731029,7.0,-4.0,-39.0
1776885475.1831028,9.0,-3.0,-39.0
1776885475.1931028,7.0,0.0,-46.0
1776885475.2031028,3.0,0.0,-48.0
1776885475.2131028,1.0,0.0,-50.0
1776885475.2231028,7.0,-1.0,-49.0
1776885475.2331028,7.0,2.0,-53.0
1776885475.2431028,6.0,-1.0,-51.0
1776885475.2531028,3.0,-3.0,-44.0
1776885475.2631028,2.0,-4.0,-46.0
1776885475.2731028,2.0,-7.0,-46.0
1776885475.2831028,0.0,-7.0,-50.0
1776885475.2931027,0.0,-4.0,-49.0
1776885475.3031027,-4.0,-6.0,-50.0
1776885475.3131027,-6.0,-7.0,-44.0
1776885475.3231027,-7.0,-6.0,-37.0
1776885475.3331027,-2.0,-3.0,-35.0
1776885475.3431027,-5.0,-1.0,-35.0
1776885475.3531027,-4.0,1.0,-43.0
1776885475.363103,-5.0,0.0,-41.0
1776885475.373103,-1.0,0.0,-43.0
1776885475.383103,-1.0,-2.0,-43.0
1776885475.3931026,-1.0,-1.0,-46.0
1776885475.4031026,0.0,0.0,-50.0
1776885475.4131026,0.0,-1.0,-45.0
1776885475.4231029,1.0,-3.0,-41.0
1776885475.4331028,2.0,-8.0,-40.0
1776885475.4431028,5.0,-6.0,-39.0
1776885475.4531028,6.0,-2.0,-37.0
1776885475.4631028,2.0,0.0,-37.0
1776885475.4731028,5.0,-2.0,-43.0
1776885475.4831028,2.0,-2.0,-44.0
1776885475.4931028,5.0,-2.0,-43.0
1776885475.5031028,8.0,-4.0,-44.0
1776885475.5131028,3.0,-7.0,-39.0
1776885475.5231028,5.0,-9.0,-43.0
1776885475.5331028,3.0,-10.0,-41.0
1776885475.5431027,0.0,-11.0,-39.0
1776885475.5531027,1.0,-8.0,-41.0
1776885475.5631027,-1.0,-5.0,-46.0
1776885475.5731027,-3.0,-2.0,-41.0
1776885475.5831027,-1.0,-2.0,-36.0
1776885475.5931027,-5.0,-6.0,-40.0
1776885475.6031027,-6.0,-4.0,-34.0
1776885475.613103,-5.0,-2.0,-36.0
1776885475.623103,-4.0,0.0,-44.0
1776885475.633103,0.0,-4.0,-41.0
1776885475.6431026,-3.0,-5.0,-33.0
1776885475.6531026,-3.0,1.0,-27.0
1776885475.6631026,-4.0,3.0,-24.0
1776885475.6731029,-3.0,1.0,-30.0
1776885475.6831028,-3.0,0.0,-32.0
1776885475.6931028,-1.0,-1.0,-41.0
1776885475.7031028,-3.0,-3.0,-42.0
1776885475.7131028,-3.0,-7.0,-41.0
1776885475.7231028,-3.0,-3.0,-39.0
1776885475.7331028,0.0,-2.0,-43.0
1776885475.7431028,1.0,-1.0,-44.0
1776885475.7531028,1.0,0.0,-42.0
1776885475.7631028,-1.0,-1.0,-50.0
1776885475.7731028,-3.0,-1.0,-47.0
1776885475.7831028,-2.0,0.0,-50.0
1776885475.7931027,-3.0,1.0,-53.0
1776885475.8031027,0.0,-1.0,-62.0
1776885475.8131027,0.0,-1.0,-59.0
1776885475.8231027,5.0,-5.0,-57.0
1776885475.8331027,3.0,-7.0,-52.0
1776885475.8431027,-1.0,-7.0,-46.0
1776885475.8531027,0.0,-4.0,-41.0
1776885475.863103,-3.0,0.0,-38.0
1776885475.873103,-4.0,4.0,-39.0
1776885475.883103,-2.0,5.0,-39.0
1776885475.8931026,1.0,6.0,-43.0
1776885475.9031026,2.0,5.0,-51.0
1776885475.9131026,7.0,3.0,-48.0
1776885475.9231029,6.0,2.0,-45.0
1776885475.9331028,2.0,2.0,-38.0
1776885475.9431028,1.0,0.0,-37.0
1776885475.9531028,3.0,-2.0,-36.0
1776885475.9631028,3.0,-1.0,-36.0
1776885475.9731028,7.0,0.0,-42.0
1776885475.9831028,9.0,-3.0,-42.0
1776885475.9931028,14.0,-1.0,-52.0
1776885476.0031028,8.0,-1.0,-54.0
1776885476.0131028,6.0,-1.0,-53.0
1776885476.0231028,8.0,1.0,-44.0
1776885476.0331028,2.0,0.0,-41.0
1776885476.0431027,3.0,0.0,-44.0
1776885476.0531027,5.0,2.0,-41.0
1776885476.0631027,7.0,0.0,-44.0
1776885476.0731027,6.0,0.0,-41.0
1776885476.0831027,5.0,0.0,-47.0
1776885476.0931027,8.0,0.0,-47.0
1776885476.1031027,5.0,2.0,-42.0
1776885476.113103,5.0,-1.0,-47.0
1776885476.123103,4.0,-4.0,-45.0
1776885476.133103,-1.0,-3.0,-41.0
1776885476.1431026,-2.0,-5.0,-39.0
1776885476.1531026,-4.0,-5.0,-40.0
1776885476.1631026,-5.0,-7.0,-44.0
1776885476.1731029,-6.0,-8.0,-48.0
1776885476.1831028,-7.0,-8.0,-49.0
1776885476.1931028,-6.0,-4.0,-48.0
1776885476.2031028,-5.0,-5.0,-56.0
1776885476.2131028,-2.0,-6.0,-52.0
1776885476.2231028,-4.0,-8.0,-50.0
1776885476.2331028,-7.0,-8.0,-51.0
1776885476.2431028,-4.0,-6.0,-53.0
1776885476.2531028,-3.0,-6.0,-52.0
1776885476.2631028,-3.0,-4.0,-50.0
1776885476.2731028,-2.0,-5.0,-44.0
1776885476.2831028,-5.0,-2.0,-43.0
1776885476.2931027,-1.0,-2.0,-42.0
1776885476.3031027,-1.0,0.0,-40.0
1776885476.3131027,-3.0,0.0,-47.0
1776885476.3231027,-3.0,1.0,-41.0
1776885476.3331027,5.0,0.0,-42.0
1776885476.3431027,5.0,0.0,-49.0
1776885476.3531027,2.0,0.0,-49.0
1776885476.363103,7.0,4.0,-47.0
1776885476.373103,10.0,0.0,-45.0
1776885476.383103,9.0,-1.0,-40.0
1776885476.3931026,3.0,-3.0,-43.0
1776885476.4031026,0.0,-4.0,-37.0
1776885476.4131026,0.0,-8.0,-28.0
1776885476.4231029,0.0,-3.0,-29.0
1776885476.4331028,1.0,-4.0,-36.0
1776885476.4431028,2.0,-2.0,-40.0
1776885476.4531028,-3.0,3.0,-49.0
1776885476.4631028,-1.0,1.0,-51.0
1776885476.4731028,-1.0,-3.0,-51.0
1776885476.4831028,-1.0,1.0,-49.0
1776885476.4931028,-1.0,6.0,-48.0
1776885476.5031028,0.0,4.0,-47.0
1776885476.5131028,-3.0,1.0,-41.0
1776885476.5231028,-1.0,0.0,-35.0
1776885476.5331028,2.0,-2.0,-30.0
1776885476.5431027,0.0,-1.0,-33.0
1776885476.5531027,-2.0,-1.0,-40.0
1776885476.5631027,-3.0,0.0,-37.0
1776885476.5731027,-2.0,0.0,-44.0
1776885476.5831027,-1.0,-2.0,-46.0
1776885476.5931027,0.0,2.0,-48.0
1776885476.6031027,-5.0,-2.0,-50.0
1776885476.6141028,-9.0,-2.0,-47.0
1776885476.623103,-7.0,-5.0,-45.0
1776885476.633103,-9.0,-8.0,-45.0
1776885476.6431026,-8.0,-7.0,-45.0
1776885476.6541028,1.0,-10.0,-43.0
1776885476.6641028,0.0,-9.0,-40.0
1776885476.6741028,0.0,-13.0,-37.0
1776885476.6841028,0.0,-12.0,-39.0
1776885476.6941028,-2.0,-11.0,-43.0
1776885476.7041028,-2.0,-10.0,-43.0
1776885476.7141027,0.0,-6.0,-49.0
1776885476.7241027,2.0,-2.0,-44.0
1776885476.7341027,-1.0,-4.0,-42.0
1776885476.7441027,-5.0,-5.0,-42.0
1776885476.7541027,-2.0,-2.0,-43.0
1776885476.7641027,0.0,-4.0,-48.0
1776885476.7741027,1.0,-4.0,-47.0
1776885476.784103,1.0,-5.0,-48.0
1776885476.794103,-1.0,-2.0,-45.0
1776885476.804103,-8.0,-4.0,-47.0
1776885476.8141026,-6.0,-3.0,-41.0
1776885476.8241026,-4.0,-5.0,-43.0
1776885476.8341026,-7.0,-8.0,-47.0
1776885476.8441026,-8.0,-10.0,-51.0
1776885476.8541028,-5.0,-9.0,-41.0
1776885476.8641028,-4.0,-13.0,-39.0
1776885476.8741028,-5.0,-11.0,-42.0
1776885476.8841028,-1.0,-4.0,-47.0
1776885476.8941028,-2.0,-6.0,-46.0
1776885476.9041028,0.0,-6.0,-39.0
1776885476.9141028,-1.0,-3.0,-43.0
1776885476.9241028,0.0,3.0,-50.0
1776885476.9341028,-1.0,0.0,-49.0
1776885476.9441028,-1.0,-4.0,-47.0
1776885476.9541028,-1.0,-3.0,-52.0
1776885476.9641027,3.0,-4.0,-54.0
1776885476.9741027,0.0,1.0,-47.0
1776885476.9841027,3.0,5.0,-40.0
1776885476.9941027,2.0,3.0,-42.0
1776885477.0041027,3.0,0.0,-46.0
1776885477.0141027,2.0,-1.0,-43.0
1776885477.0241027,6.0,-1.0,-42.0
1776885477.034103,3.0,-2.0,-48.0
1776885477.044103,1.0,-1.0,-42.0
1776885477.054103,3.0,-6.0,-46.0
1776885477.0641026,0.0,-5.0,-44.0
1776885477.0741026,1.0,-7.0,-48.0
1776885477.0841026,3.0,-8.0,-52.0
1776885477.0941026,2.0,-11.0,-48.0
1776885477.1041028,2.0,-9.0,-39.0
1776885477.1141028,2.0,-6.0,-38.0
1776885477.1241028,0.0,-4.0,-44.0
1776885477.1341028,1.0,-4.0,-43.0
1776885477.1441028,-2.0,-3.0,-45.0
1776885477.1541028,-6.0,-4.0,-40.0
1776885477.1641028,-5.0,-4.0,-31.0
1776885477.1741028,-3.0,-1.0,-32.0
1776885477.1841028,-5.0,-1.0,-35.0
1776885477.1941028,-5.0,-3.0,-42.0
1776885477.2041028,-2.0,0.0,-46.0
1776885477.2141027,0.0,0.0,-44.0
1776885477.2241027,3.0,3.0,-46.0
1776885477.2341027,3.0,4.0,-46.0
1776885477.2441027,1.0,0.0,-45.0
1776885477.2541027,3.0,1.0,-46.0
1776885477.2641027,2.0,0.0,-46.0
1776885477.2741027,2.0,-1.0,-41.0
1776885477.284103,-4.0,0.0,-41.0
1776885477.294103,-2.0,-2.0,-40.0
1776885477.304103,-2.0,1.0,-38.0
1776885477.3141026,-3.0,-1.0,-42.0
1776885477.3241026,-2.0,-1.0,-34.0
1776885477.3341026,2.0,0.0,-36.0
1776885477.3441026,4.0,0.0,-41.0
1776885477.3541028,1.0,1.0,-46.0
1776885477.3641028,3.0,2.0,-46.0
1776885477.3741028,0.0,2.0,-46.0
1776885477.3841028,7.0,2.0,-44.0
1776885477.3941028,8.0,1.0,-38.0
1776885477.4041028,10.0,1.0,-34.0
1776885477.4141028,9.0,-2.0,-39.0
1776885477.4241028,11.0,0.0,-42.0
1776885477.4341028,5.0,-2.0,-45.0
1776885477.4441028,6.0,0.0,-51.0
1776885477.4541028,6.0,-4.0,-50.0
1776885477.4641027,5.0,-6.0,-49.0
1776885477.4741027,6.0,-8.0,-50.0
1776885477.4841027,7.0,-9.0,-48.0
1776885477.4941027,3.0,-5.0,-43.0
1776885477.5041027,2.0,0.0,-41.0
1776885477.5141027,2.0,0.0,-34.0
1776885477.5241027,4.0,-1.0,-32.0
1776885477.534103,1.0,-1.0,-35.0
1776885477.544103,1.0,1.0,-35.0
1776885477.554103,-1.0,1.0,-37.0
1776885477.5641026,1.0,4.0,-36.0
1776885477.5741026,3.0,0.0,-39.0
1776885477.5841026,2.0,0.0,-38.0
1776885477.5941026,3.0,1.0,-34.0
1776885477.6041028,0.0,-2.0,-38.0
1776885477.6141028,0.0,-2.0,-43.0
1776885477.6241028,2.0,0.0,-42.0
1776885477.6341028,6.0,3.0,-41.0
1776885477.6441028,5.0,0.0,-38.0
1776885477.6541028,8.0,-1.0,-44.0
1776885477.6641028,10.0,2.0,-47.0
1776885477.6741028,11.0,2.0,-44.0
1776885477.6841028,10.0,1.0,-44.0
1776885477.6941028,8.0,2.0,-49.0
1776885477.7041028,7.0,3.0,-47.0
1776885477.7141027,4.0,5.0,-42.0
1776885477.7241027,6.0,5.0,-46.0
1776885477.7341027,4.0,8.0,-49.0
1776885477.7441027,3.0,4.0,-50.0
1776885477.7541027,6.0,0.0,-44.0
1776885477.7641027,6.0,1.0,-36.0
1776885477.7741027,2.0,0.0,-36.0
1776885477.784103,-1.0,0.0,-40.0
1776885477.794103,0.0,-1.0,-42.0
1776885477.804103,0.0,-1.0,-51.0
1776885477.8141026,0.0,-3.0,-46.0
1776885477.8241026,2.0,1.0,-43.0
1776885477.8341026,6.0,-3.0,-40.0
1776885477.8441026,6.0,-2.0,-40.0
1776885477.8541028,1.0,-2.0,-39.0
1776885477.8641028,-1.0,2.0,-41.0
1776885477.8741028,-1.0,1.0,-43.0
1776885477.8841028,-1.0,2.0,-49.0
1776885477.8941028,-3.0,0.0,-48.0
1776885477.9041028,-3.0,0.0,-45.0
1776885477.9141028,-5.0,2.0,-42.0
1776885477.9241028,-5.0,0.0,-40.0
1776885477.9341028,-6.0,0.0,-43.0
1776885477.9441028,-4.0,0.0,-47.0
1776885477.9541028,-3.0,-1.0,-43.0
1776885477.9641027,-1.0,1.0,-47.0
1776885477.9741027,-2.0,0.0,-47.0
1776885477.9841027,-2.0,-1.0,-49.0
1776885477.9941027,0.0,0.0,-48.0
1776885478.0041027,0.0,0.0,-48.0
1776885478.0141027,0.0,0.0,-43.0
1776885478.0241027,0.0,-1.0,-42.0
1776885478.034103,1.0,0.0,-48.0
1776885478.044103,5.0,-5.0,-51.0
1776885478.054103,2.0,-3.0,-47.0
1776885478.0641026,0.0,-5.0,-41.0
1776885478.0741026,1.0,-6.0,-44.0
1776885478.0841026,2.0,-6.0,-50.0
1776885478.0941026,-1.0,-5.0,-50.0
1776885478.1041028,0.0,-1.0,-48.0
1776885478.1141028,0.0,-3.0,-43.0
1776885478.1241028,-2.0,-2.0,-40.0
1776885478.1341028,-2.0,0.0,-45.0
1776885478.1441028,0.0,-1.0,-46.0
1776885478.1541028,0.0,0.0,-47.0
1776885478.1641028,4.0,0.0,-41.0
1776885478.1741028,7.0,-3.0,-43.0
1776885478.1841028,0.0,-3.0,-47.0
1776885478.1941028,-5.0,-5.0,-51.0
1776885478.2041028,0.0,-5.0,-48.0
1776885478.2141027,0.0,-3.0,-44.0
1776885478.2241027,4.0,-3.0,-41.0
1776885478.2341027,11.0,-4.0,-40.0
1776885478.2441027,7.0,-1.0,-38.0
1776885478.2541027,10.0,-4.0,-42.0
1776885478.2641027,9.0,-3.0,-50.0
1776885478.2741027,7.0,-1.0,-47.0
1776885478.284103,8.0,2.0,-50.0
1776885478.294103,1.0,7.0,-47.0
1776885478.304103,0.0,5.0,-50.0
1776885478.3141026,2.0,4.0,-48.0
1776885478.3241026,3.0,4.0,-45.0
1776885478.3341026,1.0,3.0,-41.0
1776885478.3441026,-4.0,3.0,-37.0
1776885478.3541028,0.0,1.0,-30.0
1776885478.3641028,0.0,-1.0,-34.0
1776885478.3741028,-1.0,-2.0,-30.0
1776885478.3841028,1.0,-2.0,-30.0
1776885478.3941028,0.0,-3.0,-28.0
1776885478.4041028,0.0,-2.0,-37.0
1776885478.4141028,1.0,-1.0,-35.0
1776885478.4241028,3.0,-1.0,-39.0
1776885478.4341028,1.0,-2.0,-44.0
1776885478.4441028,-1.0,-1.0,-43.0
1776885478.4541028,-1.0,0.0,-52.0
1776885478.4641027,0.0,1.0,-47.0
1776885478.4741027,0.0,2.0,-49.0
1776885478.4841027,1.0,-2.0,-47.0
1776885478.4941027,0.0,1.0,-48.0
1776885478.5041027,-1.0,0.0,-45.0
1776885478.5141027,-2.0,-3.0,-44.0
1776885478.5241027,-3.0,-3.0,-46.0
1776885478.534103,-6.0,0.0,-45.0
1776885478.544103,-5.0,-2.0,-42.0
1776885478.554103,-5.0,1.0,-41.0
1776885478.5641026,-2.0,-3.0,-45.0
1776885478.5741026,0.0,-2.0,-44.0
1776885478.5841026,0.0,0.0,-45.0
1776885478.5941026,-1.0,0.0,-41.0
1776885478.6041028,-9.0,3.0,-40.0
1776885478.6141028,-13.0,3.0,-37.0
1776885478.6251028,-13.0,0.0,-35.0
1776885478.6351027,-15.0,-3.0,-43.0
1776885478.6441028,-9.0,-1.0,-42.0
1776885478.6551027,-3.0,-4.0,-43.0
1776885478.6651027,4.0,-2.0,-44.0
1776885478.6751027,7.0,-4.0,-42.0
1776885478.6851027,11.0,-5.0,-39.0
1776885478.6951027,6.0,-3.0,-39.0
1776885478.7051027,5.0,-5.0,-41.0
1776885478.715103,1.0,-6.0,-39.0
1776885478.725103,1.0,-4.0,-40.0
1776885478.735103,2.0,-1.0,-41.0
1776885478.7451026,1.0,-3.0,-40.0
1776885478.7551026,5.0,-1.0,-41.0
1776885478.7651026,4.0,-1.0,-39.0
1776885478.7751029,1.0,-1.0,-37.0
1776885478.7851028,3.0,-1.0,-38.0
1776885478.7951028,5.0,-3.0,-42.0
1776885478.8051028,8.0,-4.0,-45.0
1776885478.8151028,2.0,-6.0,-46.0
1776885478.8251028,0.0,-5.0,-44.0
1776885478.8351028,0.0,-4.0,-42.0
1776885478.8451028,-2.0,0.0,-42.0
1776885478.8551028,-4.0,-3.0,-44.0
1776885478.8651028,-1.0,-2.0,-37.0
1776885478.8751028,2.0,0.0,-38.0
1776885478.8851027,-3.0,1.0,-40.0
1776885478.8951027,-6.0,3.0,-44.0
1776885478.9051027,-5.0,2.0,-46.0
1776885478.9151027,-3.0,-1.0,-41.0
1776885478.9251027,-1.0,-3.0,-38.0
1776885478.9351027,0.0,-1.0,-45.0
1776885478.9451027,0.0,0.0,-47.0
1776885478.9551027,1.0,-5.0,-50.0
1776885478.965103,0.0,-6.0,-43.0
1776885478.975103,1.0,-5.0,-34.0
1776885478.985103,-1.0,-4.0,-37.0
1776885478.9951026,-4.0,-8.0,-39.0
1776885479.0051026,-2.0,0.0,-41.0
1776885479.0151026,-3.0,0.0,-41.0
1776885479.0251029,-6.0,-3.0,-40.0
1776885479.0351028,-4.0,-5.0,-43.0
1776885479.0451028,-5.0,-9.0,-43.0
1776885479.0551028,1.0,-6.0,-45.0
1776885479.0651028,4.0,-4.0,-44.0
1776885479.0751028,4.0,-2.0,-34.0
1776885479.0851028,2.0,1.0,-37.0
1776885479.0951028,2.0,3.0,-32.0
1776885479.1051028,2.0,0.0,-38.0
1776885479.1151028,-1.0,-2.0,-41.0
1776885479.1251028,-2.0,-3.0,-43.0
1776885479.1351027,-5.0,-4.0,-42.0
1776885479.1451027,-8.0,-1.0,-47.0
1776885479.1551027,-1.0,-6.0,-45.0
1776885479.1651027,1.0,-6.0,-44.0
1776885479.1751027,4.0,-7.0,-43.0
1776885479.1851027,2.0,-5.0,-45.0
1776885479.1951027,5.0,-4.0,-50.0
1776885479.2061028,6.0,-2.0,-50.0
1776885479.215103,3.0,0.0,-50.0
1776885479.225103,1.0,0.0,-45.0
1776885479.235103,0.0,-2.0,-47.0
1776885479.2451026,0.0,0.0,-48.0
1776885479.2551026,0.0,-6.0,-51.0
1776885479.2651026,-1.0,-10.0,-47.0
1776885479.2751029,0.0,-11.0,-42.0
1776885479.2851028,-2.0,-11.0,-43.0
1776885479.2951028,-3.0,-10.0,-40.0
1776885479.3051028,-5.0,-7.0,-37.0
1776885479.3151028,-4.0,-6.0,-45.0
1776885479.3251028,-9.0,-3.0,-51.0
1776885479.3351028,-4.0,2.0,-49.0
1776885479.3451028,-4.0,0.0,-46.0
1776885479.3551028,-1.0,-2.0,-47.0
1776885479.3651028,-1.0,0.0,-42.0
1776885479.3751028,0.0,-1.0,-42.0
1776885479.3851027,2.0,0.0,-39.0
1776885479.3951027,4.0,1.0,-37.0
1776885479.4051027,1.0,4.0,-38.0
1776885479.4151027,0.0,-1.0,-37.0
1776885479.4251027,-4.0,0.0,-37.0
1776885479.4351027,-3.0,-4.0,-38.0
1776885479.4451027,-1.0,-4.0,-30.0
1776885479.4551027,0.0,-4.0,-32.0
1776885479.465103,-1.0,-6.0,-27.0
1776885479.475103,-1.0,-7.0,-29.0
1776885479.485103,2.0,-4.0,-33.0
1776885479.4951026,7.0,-1.0,-40.0
1776885479.5051026,8.0,1.0,-41.0
1776885479.5151026,7.0,2.0,-36.0
1776885479.5251029,6.0,-1.0,-38.0
1776885479.5351028,3.0,-4.0,-34.0
1776885479.5451028,1.0,-4.0,-34.0
1776885479.5551028,-2.0,-3.0,-41.0
1776885479.5651028,-3.0,-3.0,-39.0
1776885479.5751028,0.0,-4.0,-42.0
1776885479.5851028,0.0,-4.0,-50.0
1776885479.5951028,-7.0,-6.0,-53.0
1776885479.6051028,-2.0,-5.0,-47.0
1776885479.6151028,0.0,-4.0,-46.0
1776885479.6251028,-2.0,0.0,-52.0
1776885479.6351027,1.0,-1.0,-53.0
1776885479.6451027,2.0,-2.0,-50.0
1776885479.6551027,1.0,-4.0,-49.0
1776885479.6651027,-2.0,-3.0,-55.0
1776885479.6751027,-4.0,-1.0,-49.0
1776885479.6851027,-4.0,0.0,-47.0
1776885479.6951027,-2.0,0.0,-44.0
1776885479.7051027,-1.0,-3.0,-45.0
1776885479.715103,-1.0,-4.0,-43.0
1776885479.725103,0.0,-1.0,-41.0
1776885479.735103,-1.0,2.0,-36.0
1776885479.7451026,-9.0,0.0,-36.0
1776885479.7551026,-7.0,0.0,-29.0
1776885479.7651026,-3.0,-4.0,-38.0
1776885479.7751029,-2.0,-2.0,-38.0
1776885479.7851028,-1.0,-2.0,-37.0
1776885479.7951028,-6.0,-2.0,-33.0
1776885479.8051028,-4.0,-5.0,-36.0
1776885479.8151028,0.0,0.0,-36.0
1776885479.8251028,2.0,0.0,-39.0
1776885479.8351028,0.0,0.0,-39.0
1776885479.8451028,3.0,0.0,-43.0
1776885479.8551028,7.0,0.0,-44.0
1776885479.8651028,2.0,0.0,-42.0
1776885479.8751028,0.0,-3.0,-45.0
1776885479.8851027,-1.0,-3.0,-44.0
1776885479.8951027,1.0,-4.0,-47.0
1776885479.9051027,2.0,-3.0,-45.0
1776885479.9151027,0.0,0.0,-41.0
1776885479.9251027,-4.0,1.0,-36.0
1776885479.9351027,1.0,-1.0,-36.0
1776885479.9451027,0.0,-6.0,-29.0
1776885479.9551027,-1.0,-6.0,-30.0
1776885479.965103,0.0,0.0,-35.0
1776885479.975103,-3.0,2.0,-33.0
1776885479.985103,-2.0,2.0,-30.0
1776885479.9951026,-6.0,2.0,-33.0
1776885480.0051026,-3.0,4.0,-34.0
1776885480.0151026,2.0,6.0,-35.0
1776885480.0251029,7.0,3.0,-39.0
1776885480.0351028,4.0,5.0,-41.0
1776885480.0451028,3.0,5.0,-45.0
1776885480.0551028,1.0,2.0,-45.0
1776885480.0651028,5.0,2.0,-48.0
1776885480.0751028,7.0,1.0,-46.0
1776885480.0851028,4.0,0.0,-38.0
1776885480.0951028,1.0,4.0,-39.0
1776885480.1051028,0.0,2.0,-38.0
1776885480.1151028,-1.0,0.0,-35.0
1776885480.1251028,3.0,-3.0,-35.0
1776885480.1351027,0.0,-4.0,-37.0
1776885480.1451027,-5.0,-6.0,-33.0
1776885480.1551027,-3.0,-2.0,-30.0
1776885480.1651027,0.0,-1.0,-36.0
1776885480.1751027,-1.0,-3.0,-38.0
1776885480.1851027,-1.0,-1.0,-43.0
1776885480.1951027,1.0,1.0,-45.0
1776885480.2051027,1.0,8.0,-40.0
1776885480.215103,4.0,7.0,-41.0
1776885480.225103,-1.0,6.0,-50.0
1776885480.235103,0.0,5.0,-49.0
1776885480.2451026,1.0,2.0,-49.0
1776885480.2551026,1.0,0.0,-49.0
1776885480.2651026,3.0,-1.0,-46.0
1776885480.2751029,-2.0,0.0,-44.0
1776885480.2851028,-5.0,-1.0,-38.0
1776885480.2951028,-3.0,0.0,-33.0
1776885480.3051028,-4.0,2.0,-38.0
1776885480.3151028,-3.0,3.0,-38.0
1776885480.3251028,-8.0,6.0,-35.0
1776885480.3351028,-8.0,2.0,-36.0
1776885480.3451028,-5.0,3.0,-38.0
1776885480.3551028,-4.0,1.0,-37.0
1776885480.3651028,-4.0,1.0,-36.0
1776885480.3751028,-3.0,-2.0,-40.0
1776885480.3851027,2.0,1.0,-42.0
1776885480.3951027,0.0,2.0,-42.0
1776885480.4051027,1.0,4.0,-40.0
1776885480.4151027,6.0,2.0,-42.0
1776885480.4251027,4.0,3.0,-45.0
1776885480.4351027,5.0,6.0,-47.0
1776885480.4451027,4.0,5.0,-43.0
1776885480.4551027,3.0,4.0,-40.0
1776885480.465103,3.0,4.0,-40.0
1776885480.475103,1.0,5.0,-39.0
1776885480.485103,0.0,1.0,-44.0
1776885480.4951026,-1.0,0.0,-40.0
1776885480.5051026,-2.0,3.0,-35.0
1776885480.5151026,0.0,1.0,-33.0
1776885480.5251029,-3.0,2.0,-36.0
1776885480.5351028,-4.0,2.0,-37.0
1776885480.5451028,-6.0,1.0,-46.0
1776885480.5551028,-8.0,3.0,-55.0
1776885480.5651028,-6.0,1.0,-55.0
1776885480.5751028,-10.0,3.0,-50.0
1776885480.5861027,-8.0,1.0,-51.0
1776885480.5961027,-10.0,1.0,-50.0
1776885480.6061027,-11.0,3.0,-44.0
1776885480.6161027,-8.0,3.0,-42.0
1776885480.6261027,-9.0,0.0,-49.0
1776885480.636103,0.0,0.0,-56.0
1776885480.646103,-2.0,0.0,-50.0
1776885480.656103,0.0,3.0,-52.0
1776885480.6661026,0.0,2.0,-47.0
1776885480.6761026,-2.0,2.0,-48.0
1776885480.6861026,-4.0,-1.0,-46.0
1776885480.6961029,-1.0,-3.0,-41.0
1776885480.7061028,1.0,-2.0,-40.0
1776885480.7161028,3.0,0.0,-40.0
1776885480.7261028,4.0,4.0,-38.0
1776885480.7361028,1.0,3.0,-42.0
1776885480.7461028,-1.0,1.0,-45.0
1776885480.7561028,-2.0,1.0,-43.0
1776885480.7661028,-4.0,0.0,-45.0
1776885480.7761028,0.0,1.0,-40.0
1776885480.7861028,0.0,1.0,-40.0
1776885480.7961028,-2.0,3.0,-45.0
1776885480.8061028,0.0,1.0,-42.0
1776885480.8161027,-2.0,-2.0,-43.0
1776885480.8261027,-5.0,-2.0,-44.0
1776885480.8361027,-5.0,-3.0,-38.0
1776885480.8461027,-8.0,-6.0,-33.0
1776885480.8561027,-6.0,-9.0,-36.0
1776885480.8661027,-5.0,-8.0,-44.0
1776885480.8761027,-7.0,-8.0,-49.0
1776885480.886103,-5.0,-5.0,-50.0
1776885480.896103,-1.0,-6.0,-55.0
1776885480.906103,-3.0,-3.0,-46.0
1776885480.9161026,-2.0,-7.0,-52.0
1776885480.9261026,1.0,-8.0,-48.0
1776885480.9361026,0.0,-6.0,-44.0
1776885480.9461029,-3.0,-4.0,-39.0
1776885480.9561028,-6.0,-6.0,-50.0
1776885480.9661028,-7.0,-7.0,-49.0
1776885480.9761028,-7.0,-8.0,-47.0
1776885480.9861028,-4.0,-5.0,-46.0
1776885480.9961028,0.0,-6.0,-48.0
1776885481.0061028,0.0,-8.0,-44.0
1776885481.0161028,3.0,-10.0,-43.0
1776885481.0261028,3.0,-6.0,-43.0
1776885481.0361028,8.0,-6.0,-44.0
1776885481.0461028,10.0,-7.0,-42.0
1776885481.0561028,11.0,-6.0,-43.0
1776885481.0661027,10.0,-2.0,-41.0
1776885481.0761027,8.0,-4.0,-47.0
1776885481.0861027,6.0,-2.0,-50.0
1776885481.0961027,5.0,0.0,-50.0
1776885481.1061027,8.0,-1.0,-46.0
1776885481.1161027,5.0,6.0,-46.0
1776885481.1261027,2.0,5.0,-37.0
1776885481.136103,1.0,0.0,-41.0
1776885481.146103,1.0,1.0,-35.0
1776885481.156103,-3.0,2.0,-42.0
1776885481.1661026,-7.0,1.0,-38.0
1776885481.1761026,-8.0,-5.0,-32.0
1776885481.1861026,-3.0,-3.0,-38.0
1776885481.1961029,-2.0,-5.0,-40.0
1776885481.2061028,0.0,-10.0,-46.0
1776885481.2161028,-2.0,-11.0,-46.0
1776885481.2261028,-3.0,-12.0,-49.0
1776885481.2361028,-5.0,-6.0,-46.0
1776885481.2461028,-5.0,-5.0,-44.0
1776885481.2561028,-4.0,-2.0,-40.0
1776885481.2661028,-2.0,1.0,-48.0
1776885481.2761028,1.0,4.0,-47.0
1776885481.2861028,3.0,2.0,-45.0
1776885481.2961028,6.0,-1.0,-49.0
1776885481.3061028,4.0,0.0,-45.0
1776885481.3161027,2.0,0.0,-40.0
1776885481.3261027,0.0,1.0,-45.0
1776885481.3361027,0.0,3.0,-49.0
1776885481.3461027,-1.0,0.0,-43.0
1776885481.3561027,-4.0,1.0,-48.0
1776885481.3661027,-6.0,0.0,-47.0
1776885481.3761027,-1.0,4.0,-49.0
1776885481.386103,1.0,4.0,-42.0
1776885481.396103,1.0,2.0,-45.0
1776885481.406103,1.0,0.0,-51.0
1776885481.4161026,3.0,3.0,-51.0
1776885481.4261026,1.0,2.0,-54.0
1776885481.4361026,-2.0,1.0,-45.0
1776885481.4461029,1.0,1.0,-42.0
1776885481.4561028,4.0,0.0,-42.0
1776885481.4661028,1.0,0.0,-43.0
1776885481.4761028,-3.0,2.0,-38.0
1776885481.4861028,-8.0,5.0,-41.0
1776885481.4961028,-5.0,2.0,-40.0
1776885481.5061028,0.0,5.0,-44.0
1776885481.5161028,0.0,6.0,-45.0
1776885481.5261028,-1.0,5.0,-45.0
1776885481.5361028,-1.0,0.0,-47.0
1776885481.5461028,-4.0,-1.0,-46.0
1776885481.5561028,-1.0,-4.0,-42.0
1776885481.5661027,-1.0,0.0,-45.0
1776885481.5761027,-1.0,-1.0,-49.0
1776885481.5861027,3.0,-1.0,-44.0
1776885481.5961027,4.0,1.0,-46.0
1776885481.6061027,5.0,4.0,-49.0
1776885481.6161027,5.0,5.0,-41.0
1776885481.6261027,5.0,3.0,-35.0
1776885481.636103,2.0,4.0,-35.0
1776885481.646103,1.0,2.0,-33.0
1776885481.656103,-1.0,-2.0,-36.0
1776885481.6661026,-4.0,-4.0,-40.0
1776885481.6761026,-6.0,-2.0,-44.0
1776885481.6861026,-7.0,-3.0,-44.0
1776885481.6961029,-11.0,-2.0,-43.0
1776885481.7061028,-12.0,-4.0,-47.0
1776885481.7161028,-13.0,-4.0,-52.0
1776885481.7261028,-8.0,-2.0,-47.0
1776885481.7361028,-6.0,0.0,-41.0
1776885481.7461028,-8.0,-1.0,-40.0
1776885481.7561028,-5.0,-3.0,-44.0
1776885481.7661028,-5.0,-1.0,-42.0
1776885481.7761028,-7.0,-1.0,-42.0
1776885481.7861028,-7.0,-1.0,-41.0
1776885481.7961028,0.0,-2.0,-49.0
1776885481.8061028,-1.0,0.0,-48.0
1776885481.8161027,1.0,-3.0,-53.0
1776885481.8261027,2.0,-3.0,-59.0
1776885481.8361027,5.0,-6.0,-52.0
1776885481.8461027,4.0,-6.0,-52.0
1776885481.8561027,1.0,-10.0,-41.0
1776885481.8661027,1.0,-10.0,-38.0
1776885481.8761027,2.0,-9.0,-38.0
1776885481.886103,6.0,-9.0,-34.0
1776885481.896103,6.0,-6.0,-43.0
1776885481.906103,2.0,-3.0,-43.0
1776885481.9161026,-1.0,-3.0,-48.0
1776885481.9261026,-2.0,-8.0,-44.0
1776885481.9361026,-2.0,-4.0,-41.0
1776885481.9461029,3.0,0.0,-44.0
1776885481.9561028,1.0,2.0,-42.0
1776885481.9661028,0.0,3.0,-40.0
1776885481.9761028,0.0,3.0,-42.0
1776885481.9861028,0.0,6.0,-41.0
1776885481.9961028,-1.0,2.0,-34.0
1776885482.0061028,0.0,0.0,-33.0
1776885482.0161028,3.0,0.0,-39.0
1776885482.0261028,9.0,0.0,-47.0
1776885482.0361028,7.0,0.0,-40.0
1776885482.0461028,3.0,-1.0,-38.0
1776885482.0561028,0.0,0.0,-37.0
1776885482.0661027,0.0,-1.0,-33.0
1776885482.0761027,0.0,0.0,-33.0
1776885482.0861027,0.0,-3.0,-32.0
1776885482.0961027,2.0,-5.0,-36.0
1776885482.1061027,1.0,-6.0,-34.0
1776885482.1161027,-1.0,-4.0,-42.0
1776885482.1261027,1.0,-4.0,-44.0
1776885482.136103,0.0,-4.0,-48.0
1776885482.146103,0.0,-1.0,-49.0
1776885482.156103,0.0,-3.0,-48.0
1776885482.1661026,0.0,-6.0,-50.0
1776885482.1761026,0.0,-4.0,-47.0
1776885482.1861026,-2.0,-5.0,-50.0
1776885482.1961029,-2.0,-6.0,-52.0
1776885482.2061028,0.0,-7.0,-54.0
1776885482.2161028,2.0,-2.0,-56.0
1776885482.2261028,3.0,-3.0,-54.0
1776885482.2361028,4.0,-4.0,-52.0
1776885482.2461028,7.0,-5.0,-52.0
1776885482.2561028,11.0,-4.0,-53.0
1776885482.2661028,12.0,0.0,-52.0
1776885482.2761028,11.0,3.0,-49.0
1776885482.2861028,6.0,-2.0,-48.0
1776885482.2961028,6.0,-2.0,-48.0
1776885482.3061028,0.0,0.0,-42.0
1776885482.3161027,-1.0,0.0,-37.0
1776885482.3261027,-2.0,-5.0,-38.0
1776885482.3361027,-3.0,-6.0,-36.0
1776885482.3461027,-4.0,-6.0,-44.0
1776885482.3561027,-6.0,-6.0,-43.0
1776885482.3661027,-4.0,-6.0,-43.0
1776885482.3761027,-4.0,-2.0,-44.0
1776885482.386103,-4.0,1.0,-50.0
1776885482.396103,-2.0,7.0,-56.0
1776885482.406103,-2.0,7.0,-48.0
1776885482.4161026,-4.0,6.0,-46.0
1776885482.4261026,-4.0,4.0,-36.0
1776885482.4361026,-4.0,7.0,-39.0
1776885482.4461029,-6.0,6.0,-43.0
1776885482.4561028,-3.0,2.0,-39.0
1776885482.4661028,-1.0,1.0,-42.0
1776885482.4761028,-3.0,6.0,-36.0
1776885482.4861028,2.0,11.0,-36.0
1776885482.4961028,0.0,11.0,-33.0
1776885482.5061028,-1.0,11.0,-39.0
1776885482.5161028,-4.0,9.0,-43.0
1776885482.5261028,-3.0,5.0,-42.0
1776885482.5361028,-5.0,3.0,-40.0
1776885482.5471027,-4.0,4.0,-39.0
1776885482.5561028,-2.0,-4.0,-38.0
1776885482.567103,1.0,-4.0,-38.0
1776885482.5761027,2.0,-4.0,-30.0
1776885482.5861027,3.0,-4.0,-34.0
1776885482.5961027,8.0,-5.0,-33.0
1776885482.6071026,3.0,-2.0,-28.0
1776885482.6171026,1.0,-2.0,-32.0
1776885482.6271029,-2.0,-1.0,-30.0
1776885482.6371028,2.0,0.0,-36.0
1776885482.6471028,3.0,0.0,-34.0
1776885482.6571028,3.0,-1.0,-39.0
1776885482.6671028,1.0,0.0,-38.0
1776885482.6771028,3.0,-1.0,-37.0
1776885482.6871028,1.0,1.0,-34.0
1776885482.6971028,0.0,0.0,-30.0
1776885482.7071028,1.0,0.0,-32.0
1776885482.7171028,1.0,0.0,-40.0
1776885482.7271028,1.0,1.0,-44.0
1776885482.7371027,0.0,0.0,-48.0
1776885482.7471027,0.0,-2.0,-39.0
1776885482.7571027,-3.0,0.0,-35.0
1776885482.7671027,0.0,1.0,-36.0
1776885482.7771027,0.0,4.0,-35.0
1776885482.7871027,0.0,7.0,-32.0
1776885482.7971027,1.0,10.0,-33.0
1776885482.807103,-3.0,9.0,-45.0
1776885482.817103,-6.0,10.0,-44.0
1776885482.827103,-2.0,6.0,-44.0
1776885482.837103,-2.0,1.0,-45.0
1776885482.8471026,-3.0,0.0,-45.0
1776885482.8571026,-3.0,0.0,-48.0
1776885482.8671026,0.0,0.0,-46.0
1776885482.8771029,-1.0,2.0,-44.0
1776885482.8871028,0.0,2.0,-39.0
1776885482.8971028,-1.0,0.0,-38.0
1776885482.9071028,-2.0,0.0,-39.0
1776885482.9171028,2.0,5.0,-39.0
1776885482.9271028,3.0,7.0,-31.0
1776885482.9371028,4.0,8.0,-37.0
1776885482.9471028,6.0,8.0,-36.0
1776885482.9571028,9.0,3.0,-32.0
1776885482.9671028,12.0,0.0,-29.0
1776885482.9771028,10.0,2.0,-28.0
1776885482.9871027,6.0,1.0,-31.0
1776885482.9971027,0.0,2.0,-44.0
1776885483.0071027,-1.0,3.0,-46.0
1776885483.0171027,-3.0,3.0,-45.0
1776885483.0271027,-4.0,1.0,-38.0
1776885483.0371027,-5.0,0.0,-42.0
1776885483.0471027,-1.0,-1.0,-46.0
1776885483.057103,4.0,1.0,-45.0
1776885483.067103,1.0,0.0,-39.0
1776885483.077103,2.0,-2.0,-42.0
1776885483.087103,1.0,-1.0,-43.0
1776885483.0971026,0.0,-1.0,-37.0
1776885483.1071026,-4.0,-1.0,-36.0
1776885483.1171026,-1.0,0.0,-37.0
1776885483.1271029,0.0,-2.0,-41.0
1776885483.1371028,-1.0,-7.0,-41.0
1776885483.1471028,-1.0,-8.0,-45.0
1776885483.1571028,-5.0,-4.0,-42.0
1776885483.1671028,-4.0,-3.0,-35.0
1776885483.1771028,0.0,-5.0,-41.0
1776885483.1871028,-1.0,-3.0,-46.0
1776885483.1971028,-6.0,-5.0,-44.0
1776885483.2071028,-2.0,-4.0,-47.0
1776885483.2171028,-6.0,-5.0,-48.0
1776885483.2271028,-8.0,-6.0,-52.0
1776885483.2371027,-9.0,-2.0,-51.0
1776885483.2471027,-9.0,-3.0,-51.0
1776885483.2571027,-7.0,-5.0,-48.0
1776885483.2671027,-6.0,-6.0,-51.0
1776885483.2771027,0.0,-4.0,-48.0
1776885483.2871027,1.0,-2.0,-48.0
1776885483.2971027,0.0,-5.0,-51.0
1776885483.307103,0.0,-2.0,-52.0
1776885483.317103,0.0,-1.0,-51.0
1776885483.327103,-2.0,1.0,-51.0
1776885483.337103,-5.0,1.0,-38.0
1776885483.3471026,-10.0,2.0,-25.0
1776885483.3571026,-11.0,1.0,-22.0
1776885483.3671026,-8.0,-1.0,-22.0
1776885483.3771029,-12.0,1.0,-22.0
1776885483.3871028,-15.0,0.0,-27.0
1776885483.3971028,-9.0,2.0,-30.0
1776885483.4071028,-9.0,1.0,-33.0
1776885483.4171028,-7.0,1.0,-35.0
1776885483.4271028,-7.0,1.0,-38.0
1776885483.4371028,-3.0,1.0,-47.0
1776885483.4471028,-2.0,1.0,-53.0
1776885483.4571028,0.0,2.0,-54.0
1776885483.4671028,1.0,-3.0,-49.0
1776885483.4771028,6.0,-2.0,-57.0
1776885483.4871027,6.0,0.0,-50.0
1776885483.4971027,0.0,3.0,-42.0
1776885483.5071027,0.0,10.0,-46.0
1776885483.5171027,0.0,4.0,-41.0
1776885483.5271027,0.0,1.0,-36.0
1776885483.5371027,0.0,2.0,-40.0
1776885483.5471027,0.0,-3.0,-36.0
1776885483.557103,-1.0,-4.0,-37.0
1776885483.567103,0.0,0.0,-43.0
1776885483.577103,2.0,2.0,-46.0
1776885483.587103,0.0,1.0,-46.0
1776885483.5971026,1.0,-2.0,-45.0
1776885483.6071026,0.0,0.0,-42.0
1776885483.6171026,1.0,0.0,-55.0
1776885483.6271029,3.0,-2.0,-51.0
1776885483.6371028,1.0,0.0,-44.0
1776885483.6471028,2.0,-1.0,-39.0
1776885483.6571028,2.0,0.0,-35.0
1776885483.6671028,0.0,-1.0,-34.0
1776885483.6771028,-1.0,2.0,-34.0
1776885483.6871028,-1.0,1.0,-40.0
1776885483.6971028,-1.0,4.0,-40.0
1776885483.7071028,0.0,1.0,-40.0
1776885483.7171028,0.0,1.0,-39.0
1776885483.7271028,3.0,0.0,-41.0
1776885483.7371027,-1.0,0.0,-43.0
1776885483.7471027,-1.0,-4.0,-46.0
1776885483.7571027,-2.0,-6.0,-42.0
1776885483.7671027,-3.0,-5.0,-40.0
1776885483.7771027,-3.0,-6.0,-46.0
1776885483.7871027,-1.0,-4.0,-43.0
1776885483.7971027,4.0,2.0,-46.0
1776885483.807103,4.0,0.0,-42.0
1776885483.817103,6.0,3.0,-44.0
1776885483.827103,7.0,1.0,-45.0
1776885483.837103,9.0,0.0,-45.0
1776885483.8471026,5.0,-1.0,-51.0
1776885483.8571026,4.0,0.0,-50.0
1776885483.8671026,6.0,2.0,-51.0
1776885483.8771029,3.0,0.0,-52.0
1776885483.8871028,0.0,0.0,-55.0
1776885483.8971028,-1.0,0.0,-51.0
1776885483.9071028,-2.0,-1.0,-48.0
1776885483.9171028,-2.0,0.0,-46.0
1776885483.9271028,0.0,3.0,-45.0
1776885483.9371028,5.0,1.0,-43.0
1776885483.9471028,5.0,0.0,-44.0
1776885483.9571028,5.0,-3.0,-47.0
1776885483.9671028,3.0,-2.0,-46.0
1776885483.9771028,3.0,1.0,-41.0
1776885483.9871027,0.0,0.0,-42.0
1776885483.9971027,-1.0,-1.0,-45.0
1776885484.0071027,1.0,0.0,-43.0
1776885484.0171027,3.0,2.0,-38.0
1776885484.0271027,3.0,3.0,-37.0
1776885484.0371027,0.0,0.0,-41.0
1776885484.0471027,2.0,0.0,-45.0
1776885484.057103,0.0,-3.0,-43.0
1776885484.067103,2.0,0.0,-45.0
1776885484.077103,-3.0,1.0,-45.0
1776885484.087103,-10.0,0.0,-44.0
1776885484.0971026,-11.0,-1.0,-47.0
1776885484.1071026,-9.0,0.0,-44.0
1776885484.1171026,-3.0,0.0,-43.0
1776885484.1271029,-3.0,3.0,-47.0
1776885484.1371028,0.0,3.0,-42.0
1776885484.1471028,0.0,4.0,-42.0
1776885484.1571028,6.0,5.0,-40.0
1776885484.1671028,2.0,6.0,-47.0
1776885484.1771028,3.0,5.0,-42.0
1776885484.1871028,1.0,6.0,-36.0
1776885484.1971028,-1.0,4.0,-34.0
1776885484.2071028,-2.0,0.0,-35.0
1776885484.2171028,-4.0,0.0,-34.0
1776885484.2271028,-3.0,1.0,-40.0
1776885484.2371027,-1.0,1.0,-41.0
1776885484.2471027,0.0,1.0,-46.0
1776885484.2571027,3.0,8.0,-50.0
1776885484.2671027,3.0,4.0,-43.0
1776885484.2771027,1.0,3.0,-50.0
1776885484.2871027,1.0,0.0,-43.0
1776885484.2971027,-1.0,-2.0,-41.0
1776885484.307103,-2.0,-5.0,-40.0
1776885484.317103,-3.0,-5.0,-36.0
1776885484.327103,-5.0,-3.0,-46.0
1776885484.337103,-2.0,-1.0,-49.0
1776885484.3471026,1.0,-1.0,-47.0
1776885484.3571026,4.0,0.0,-40.0
1776885484.3671026,3.0,1.0,-42.0
1776885484.3771029,0.0,1.0,-42.0
1776885484.3871028,-3.0,0.0,-40.0
1776885484.3971028,-2.0,0.0,-40.0
1776885484.4071028,2.0,4.0,-45.0
1776885484.4171028,5.0,2.0,-41.0
1776885484.4271028,7.0,0.0,-48.0
1776885484.4371028,5.0,-2.0,-47.0
1776885484.4471028,-1.0,-4.0,-45.0
1776885484.4571028,0.0,-6.0,-47.0
1776885484.4671028,2.0,-9.0,-48.0
1776885484.4771028,0.0,-10.0,-51.0
1776885484.4871027,0.0,-8.0,-49.0
1776885484.4971027,-1.0,-7.0,-45.0
1776885484.5071027,1.0,-10.0,-47.0
1776885484.5171027,4.0,-8.0,-43.0
1776885484.5271027,0.0,-2.0,-40.0
1776885484.5381026,-3.0,0.0,-43.0
1776885484.5471027,-6.0,-2.0,-41.0
1776885484.5581028,-4.0,-3.0,-35.0
1776885484.5681028,-5.0,-1.0,-35.0
1776885484.5781028,-3.0,-2.0,-35.0
1776885484.5881028,1.0,-3.0,-37.0
1776885484.5981028,3.0,-6.0,-40.0
1776885484.6081028,2.0,-6.0,-43.0
1776885484.6181028,-4.0,-4.0,-42.0
1776885484.6281028,-8.0,0.0,-45.0
1776885484.6381028,-3.0,3.0,-40.0
1776885484.6481028,0.0,2.0,-38.0
1776885484.6581028,-2.0,-2.0,-37.0
1776885484.6681027,-2.0,-3.0,-36.0
1776885484.6781027,0.0,-1.0,-38.0
1776885484.6881027,2.0,0.0,-41.0
1776885484.6981027,1.0,-2.0,-45.0
1776885484.7081027,1.0,0.0,-53.0
1776885484.7181027,4.0,1.0,-47.0
1776885484.7281027,1.0,0.0,-42.0
1776885484.738103,0.0,0.0,-47.0
1776885484.748103,-2.0,-3.0,-48.0
1776885484.758103,-4.0,1.0,-48.0
1776885484.7681026,-4.0,0.0,-48.0
1776885484.7781026,1.0,1.0,-46.0
1776885484.7881026,1.0,0.0,-44.0
1776885484.7981029,0.0,0.0,-40.0
1776885484.8081028,0.0,1.0,-36.0
1776885484.8181028,-1.0,-2.0,-44.0
1776885484.8281028,-3.0,-4.0,-38.0
1776885484.8381028,-2.0,0.0,-42.0
1776885484.8481028,-3.0,0.0,-47.0
1776885484.8581028,-1.0,1.0,-45.0
1776885484.8681028,0.0,3.0,-51.0
1776885484.8781028,-3.0,5.0,-46.0
1776885484.8881028,-3.0,1.0,-46.0
1776885484.8981028,-2.0,2.0,-44.0
1776885484.9081028,-2.0,2.0,-48.0
1776885484.9181027,0.0,2.0,-43.0
1776885484.9281027,0.0,1.0,-51.0
1776885484.9381027,-1.0,3.0,-46.0
1776885484.9481027,-1.0,4.0,-47.0
1776885484.9581027,0.0,1.0,-47.0
1776885484.9681027,-2.0,0.0,-42.0
1776885484.9781027,0.0,-2.0,-40.0
1776885484.988103,2.0,-1.0,-46.0
1776885484.998103,6.0,2.0,-52.0
1776885485.008103,4.0,-1.0,-54.0
1776885485.0181026,5.0,-2.0,-52.0
1776885485.0281026,4.0,-1.0,-41.0
1776885485.0381026,0.0,0.0,-46.0
1776885485.0481029,-3.0,0.0,-46.0
1776885485.0581028,-6.0,-3.0,-47.0
1776885485.0681028,-5.0,-2.0,-46.0
1776885485.0781028,-6.0,-2.0,-39.0
1776885485.0881028,-4.0,0.0,-39.0
1776885485.0981028,0.0,4.0,-44.0
1776885485.1081028,0.0,0.0,-45.0
1776885485.1181028,-2.0,1.0,-41.0
1776885485.1281028,0.0,3.0,-48.0
1776885485.1381028,0.0,4.0,-49.0
1776885485.1481028,-2.0,4.0,-48.0
1776885485.1581028,-3.0,2.0,-47.0
1776885485.1681027,-5.0,0.0,-47.0
1776885485.1781027,-4.0,1.0,-47.0
1776885485.1881027,-1.0,-1.0,-46.0
1776885485.1981027,-2.0,0.0,-39.0
1776885485.2081027,-5.0,0.0,-39.0
1776885485.2181027,-5.0,-2.0,-44.0
1776885485.2281027,-6.0,-4.0,-47.0
1776885485.238103,0.0,-5.0,-43.0
1776885485.248103,2.0,-4.0,-45.0
1776885485.258103,1.0,-6.0,-49.0
1776885485.2681026,0.0,-12.0,-47.0
1776885485.2781026,-2.0,-6.0,-42.0
1776885485.2881026,-2.0,0.0,-39.0
1776885485.2981029,-3.0,-3.0,-34.0
1776885485.3081028,-5.0,-2.0,-29.0
1776885485.3181028,-7.0,-4.0,-25.0
1776885485.3281028,-5.0,-5.0,-34.0
1776885485.3381028,-6.0,-7.0,-32.0
1776885485.3481028,-5.0,-8.0,-34.0
1776885485.3581028,-6.0,-3.0,-32.0
1776885485.3681028,-5.0,-5.0,-34.0
1776885485.3781028,-3.0,-9.0,-36.0
1776885485.3881028,-6.0,-9.0,-36.0
1776885485.3981028,-2.0,-6.0,-42.0
1776885485.4081028,-1.0,-1.0,-44.0
1776885485.4181027,0.0,0.0,-42.0
1776885485.4281027,0.0,0.0,-44.0
1776885485.4381027,-4.0,1.0,-49.0
1776885485.4481027,-6.0,3.0,-46.0
1776885485.4581027,-3.0,3.0,-42.0
1776885485.4681027,0.0,-2.0,-41.0
1776885485.4781027,4.0,-1.0,-34.0
1776885485.488103,0.0,0.0,-36.0
1776885485.498103,5.0,-2.0,-41.0
1776885485.508103,5.0,-5.0,-48.0
1776885485.5181026,3.0,-4.0,-49.0
1776885485.5281026,0.0,-2.0,-51.0
1776885485.5381026,1.0,-2.0,-50.0
1776885485.5481029,3.0,0.0,-46.0
1776885485.5581028,-1.0,4.0,-47.0
1776885485.5681028,-6.0,3.0,-44.0
1776885485.5781028,0.0,1.0,-41.0
1776885485.5881028,-3.0,2.0,-36.0
1776885485.5981028,-2.0,4.0,-31.0
1776885485.6081028,1.0,4.0,-36.0
1776885485.6181028,3.0,3.0,-36.0
1776885485.6281028,4.0,0.0,-28.0
1776885485.6381028,6.0,2.0,-26.0
1776885485.6481028,7.0,2.0,-31.0
1776885485.6581028,8.0,4.0,-31.0
1776885485.6681027,14.0,1.0,-33.0
1776885485.6781027,9.0,5.0,-34.0
1776885485.6881027,1.0,4.0,-36.0
1776885485.6981027,0.0,1.0,-36.0
1776885485.7081027,0.0,0.0,-39.0
1776885485.7181027,0.0,1.0,-41.0
1776885485.7281027,-2.0,0.0,-46.0
1776885485.738103,-1.0,0.0,-46.0
1776885485.748103,0.0,-5.0,-49.0
1776885485.758103,2.0,-4.0,-49.0
1776885485.7681026,2.0,-1.0,-43.0
1776885485.7781026,0.0,-1.0,-41.0
1776885485.7881026,0.0,0.0,-41.0
1776885485.7981029,-4.0,-2.0,-46.0
1776885485.8081028,-4.0,-4.0,-42.0
1776885485.8181028,-5.0,-4.0,-46.0
1776885485.8281028,-2.0,-4.0,-51.0
1776885485.8381028,0.0,-3.0,-51.0
1776885485.8481028,1.0,-4.0,-46.0
1776885485.8581028,1.0,-2.0,-49.0
1776885485.8681028,-4.0,-1.0,-50.0
1776885485.8781028,0.0,0.0,-50.0
1776885485.8881028,2.0,-6.0,-48.0
1776885485.8981028,5.0,-1.0,-47.0
1776885485.9081028,9.0,-2.0,-46.0
1776885485.9181027,10.0,0.0,-42.0
1776885485.9281027,8.0,1.0,-51.0
1776885485.9381027,7.0,4.0,-51.0
1776885485.9481027,3.0,3.0,-50.0
1776885485.9581027,0.0,2.0,-42.0
1776885485.9681027,-2.0,0.0,-38.0
1776885485.9781027,-2.0,-2.0,-43.0
1776885485.988103,-3.0,-1.0,-39.0
1776885485.998103,-1.0,-2.0,-41.0
1776885486.008103,2.0,-1.0,-43.0
1776885486.0181026,-1.0,-3.0,-48.0
1776885486.0281026,-4.0,0.0,-52.0
1776885486.0381026,-8.0,-4.0,-46.0
1776885486.0481029,-5.0,2.0,-48.0
1776885486.0581028,0.0,2.0,-48.0
1776885486.0681028,-1.0,-1.0,-50.0
1776885486.0781028,-1.0,0.0,-47.0
1776885486.0881028,0.0,-1.0,-47.0
1776885486.0981028,1.0,-2.0,-47.0
1776885486.1081028,0.0,-3.0,-47.0
1776885486.1181028,-1.0,-5.0,-44.0
1776885486.1281028,-5.0,-5.0,-46.0
1776885486.1381028,-8.0,-3.0,-45.0
1776885486.1481028,-6.0,-6.0,-43.0
1776885486.1581028,-7.0,-8.0,-45.0
1776885486.1681027,-1.0,-7.0,-45.0
1776885486.1781027,-1.0,-6.0,-49.0
1776885486.1881027,0.0,0.0,-51.0
1776885486.1981027,-1.0,-4.0,-53.0
1776885486.2081027,-2.0,-4.0,-54.0
1776885486.2181027,-2.0,-1.0,-53.0
1776885486.2281027,-5.0,-4.0,-58.0
1776885486.238103,-6.0,-5.0,-59.0
1776885486.248103,-4.0,-3.0,-59.0
1776885486.258103,-4.0,-3.0,-56.0
1776885486.2681026,-7.0,-6.0,-51.0
1776885486.2781026,-3.0,-6.0,-51.0
1776885486.2881026,-2.0,-3.0,-52.0
1776885486.2981029,-2.0,-4.0,-47.0
1776885486.3081028,0.0,-1.0,-42.0
1776885486.3181028,1.0,-1.0,-41.0
1776885486.3281028,1.0,-4.0,-37.0
1776885486.3381028,2.0,-1.0,-37.0
1776885486.3481028,-2.0,-5.0,-43.0
1776885486.3581028,-2.0,-7.0,-47.0
1776885486.3681028,-4.0,-9.0,-46.0
1776885486.3781028,-4.0,-6.0,-54.0
1776885486.3881028,0.0,-5.0,-54.0
1776885486.3981028,0.0,-1.0,-52.0
1776885486.4081028,-2.0,3.0,-53.0
1776885486.4181027,-8.0,0.0,-50.0
1776885486.4281027,-4.0,0.0,-55.0
1776885486.4381027,-1.0,-2.0,-48.0
1776885486.4481027,1.0,-1.0,-42.0
1776885486.4581027,3.0,-1.0,-36.0
1776885486.4681027,4.0,0.0,-36.0
1776885486.4781027,7.0,0.0,-36.0
1776885486.488103,5.0,0.0,-41.0
1776885486.498103,7.0,-1.0,-43.0
1776885486.5091028,5.0,-2.0,-51.0
1776885486.5181026,4.0,-1.0,-53.0
1776885486.5281026,1.0,2.0,-55.0
1776885486.5381026,-2.0,2.0,-57.0
1776885486.5491028,-3.0,2.0,-58.0
1776885486.5591028,0.0,3.0,-51.0
1776885486.5691028,-1.0,3.0,-50.0
1776885486.5791028,0.0,4.0,-51.0
1776885486.5891027,3.0,2.0,-50.0
1776885486.5991027,6.0,0.0,-49.0
1776885486.6091027,0.0,-2.0,-46.0
1776885486.6191027,-1.0,-6.0,-46.0
1776885486.6291027,0.0,-7.0,-45.0
1776885486.6391027,2.0,-6.0,-44.0
1776885486.6491027,5.0,-6.0,-48.0
1776885486.659103,5.0,-5.0,-51.0
1776885486.669103,9.0,-4.0,-48.0
1776885486.679103,13.0,-1.0,-48.0
1776885486.6891026,16.0,-4.0,-47.0
1776885486.6991026,12.0,-2.0,-50.0
1776885486.7091026,9.0,-4.0,-47.0
1776885486.7191026,6.0,-4.0,-43.0
1776885486.7291028,3.0,-2.0,-38.0
1776885486.7391028,2.0,-1.0,-33.0
1776885486.7491028,-3.0,-1.0,-34.0
1776885486.7591028,-1.0,0.0,-44.0
1776885486.7691028,0.0,0.0,-44.0
1776885486.7791028,-3.0,1.0,-45.0
1776885486.7891028,-5.0,1.0,-45.0
1776885486.7991028,-6.0,4.0,-45.0
1776885486.8091028,-7.0,3.0,-35.0
1776885486.8191028,-5.0,1.0,-35.0
1776885486.8291028,-3.0,-2.0,-31.0
1776885486.8391027,-1.0,0.0,-28.0
1776885486.8491027,1.0,-1.0,-28.0
1776885486.8591027,-1.0,0.0,-33.0
1776885486.8691027,2.0,0.0,-32.0
1776885486.8791027,4.0,1.0,-37.0
1776885486.8891027,4.0,0.0,-45.0
1776885486.8991027,1.0,-3.0,-46.0
1776885486.909103,-2.0,-3.0,-44.0
1776885486.919103,-5.0,-6.0,-49.0
1776885486.929103,-4.0,-2.0,-48.0
1776885486.9391026,0.0,1.0,-47.0
1776885486.9491026,4.0,3.0,-49.0
1776885486.9591026,9.0,0.0,-46.0
1776885486.9691026,6.0,0.0,-39.0
1776885486.9791028,2.0,5.0,-39.0
1776885486.9891028,3.0,2.0,-38.0
1776885486.9991028,1.0,2.0,-35.0
1776885487.0091028,5.0,3.0,-32.0
1776885487.0191028,3.0,4.0,-32.0
1776885487.0291028,0.0,3.0,-32.0
1776885487.0391028,2.0,1.0,-34.0
1776885487.0491028,-2.0,-1.0,-41.0
1776885487.0591028,-3.0,3.0,-47.0
1776885487.0691028,0.0,2.0,-43.0
1776885487.0791028,0.0,4.0,-43.0
1776885487.0891027,3.0,1.0,-44.0
1776885487.0991027,1.0,0.0,-44.0
1776885487.1091027,0.0,0.0,-44.0
1776885487.1191027,0.0,-4.0,-41.0
1776885487.1291027,0.0,-2.0,-46.0
1776885487.1391027,1.0,1.0,-53.0
1776885487.1491027,2.0,1.0,-53.0
1776885487.159103,7.0,-2.0,-52.0
1776885487.169103,5.0,-1.0,-46.0
1776885487.179103,7.0,4.0,-46.0
1776885487.1891026,10.0,4.0,-49.0
1776885487.1991026,16.0,5.0,-43.0
1776885487.2091026,11.0,4.0,-36.0
1776885487.2191026,8.0,6.0,-32.0
1776885487.2291028,5.0,5.0,-35.0
1776885487.2391028,6.0,3.0,-38.0
1776885487.2491028,6.0,0.0,-40.0
1776885487.2591028,4.0,-6.0,-43.0
1776885487.2691028,3.0,-8.0,-45.0
1776885487.2791028,0.0,-7.0,-40.0
1776885487.2891028,0.0,-4.0,-39.0
1776885487.2991028,-3.0,-4.0,-35.0
1776885487.3091028,0.0,-3.0,-34.0
1776885487.3191028,-1.0,-4.0,-36.0
1776885487.3291028,-1.0,-3.0,-38.0
1776885487.3391027,3.0,-1.0,-34.0
1776885487.3491027,0.0,-1.0,-32.0
1776885487.3591027,-4.0,-2.0,-32.0
1776885487.3691027,-4.0,0.0,-31.0
1776885487.3791027,-2.0,1.0,-33.0
1776885487.3891027,1.0,-5.0,-37.0
1776885487.3991027,3.0,-4.0,-38.0
1776885487.409103,5.0,-3.0,-35.0
1776885487.419103,1.0,-4.0,-35.0
1776885487.429103,-2.0,0.0,-37.0
1776885487.4391026,0.0,0.0,-39.0
1776885487.4491026,0.0,-4.0,-46.0
1776885487.4591026,0.0,-6.0,-45.0
1776885487.4691026,0.0,-1.0,-44.0
1776885487.4791028,-2.0,1.0,-47.0
1776885487.4891028,-2.0,0.0,-49.0
1776885487.4991028,-3.0,-4.0,-44.0
1776885487.5091028,-1.0,-2.0,-47.0
1776885487.5191028,-3.0,-4.0,-41.0
1776885487.5291028,-4.0,-1.0,-43.0
1776885487.5391028,-6.0,0.0,-44.0
1776885487.5491028,-5.0,0.0,-43.0
1776885487.5591028,0.0,-6.0,-41.0
1776885487.5691028,2.0,-10.0,-44.0
1776885487.5791028,1.0,-7.0,-50.0
1776885487.5891027,1.0,-2.0,-52.0
1776885487.5991027,4.0,-1.0,-50.0
1776885487.6091027,7.0,-2.0,-47.0
1776885487.6191027,3.0,-2.0,-50.0
1776885487.6291027,-4.0,-2.0,-44.0
1776885487.6391027,-8.0,-1.0,-41.0
1776885487.6491027,-3.0,-2.0,-40.0
1776885487.659103,-3.0,-2.0,-44.0
1776885487.669103,-1.0,-3.0,-40.0
1776885487.679103,-1.0,-1.0,-48.0
1776885487.6891026,-3.0,0.0,-51.0
1776885487.6991026,-2.0,0.0,-49.0
1776885487.7091026,0.0,2.0,-51.0
1776885487.7191026,5.0,0.0,-48.0
1776885487.7291028,2.0,0.0,-51.0
1776885487.7391028,1.0,3.0,-47.0
1776885487.7491028,1.0,0.0,-45.0
1776885487.7591028,1.0,0.0,-54.0
1776885487.7691028,-1.0,0.0,-54.0
1776885487.7791028,0.0,5.0,-56.0
1776885487.7891028,1.0,1.0,-50.0
1776885487.7991028,0.0,-1.0,-52.0
1776885487.8091028,-1.0,-3.0,-56.0
1776885487.8191028,-2.0,-1.0,-49.0
1776885487.8291028,0.0,-5.0,-43.0
1776885487.8391027,-2.0,-1.0,-39.0
1776885487.8491027,1.0,-1.0,-39.0
1776885487.8591027,0.0,-4.0,-38.0
1776885487.8691027,1.0,-5.0,-46.0
1776885487.8791027,0.0,-2.0,-41.0
1776885487.8891027,0.0,-4.0,-42.0
1776885487.8991027,-4.0,-9.0,-44.0
1776885487.909103,1.0,-7.0,-40.0
1776885487.919103,4.0,-3.0,-47.0
1776885487.929103,7.0,-3.0,-46.0
1776885487.9391026,6.0,-3.0,-48.0
1776885487.9491026,9.0,-3.0,-48.0
1776885487.9591026,8.0,-2.0,-43.0
1776885487.9691026,4.0,0.0,-43.0
1776885487.9791028,2.0,-2.0,-44.0
1776885487.9891028,-2.0,-3.0,-44.0
1776885487.9991028,-4.0,-4.0,-42.0
1776885488.0091028,0.0,-4.0,-34.0
1776885488.0191028,2.0,-6.0,-37.0
1776885488.0291028,2.0,-5.0,-39.0
1776885488.0391028,4.0,-2.0,-43.0
1776885488.0491028,0.0,-2.0,-49.0
1776885488.0591028,1.0,-1.0,-42.0
1776885488.0691028,2.0,0.0,-40.0
1776885488.0791028,2.0,-2.0,-40.0
1776885488.0891027,2.0,0.0,-41.0
1776885488.0991027,-2.0,2.0,-37.0
1776885488.1091027,-1.0,0.0,-42.0
1776885488.1191027,0.0,-1.0,-49.0
1776885488.1291027,-2.0,-1.0,-51.0
1776885488.1391027,-6.0,-2.0,-48.0
1776885488.1491027,-11.0,-4.0,-47.0
1776885488.159103,-12.0,-2.0,-47.0
1776885488.169103,-7.0,-3.0,-43.0
1776885488.179103,-2.0,2.0,-42.0
1776885488.1891026,0.0,0.0,-48.0
1776885488.1991026,-2.0,1.0,-51.0
1776885488.2091026,-1.0,-1.0,-49.0
1776885488.2191026,-1.0,-5.0,-50.0
1776885488.2291028,-1.0,-6.0,-48.0
1776885488.2391028,3.0,-5.0,-45.0
1776885488.2491028,3.0,-2.0,-39.0
1776885488.2591028,5.0,-3.0,-48.0
1776885488.2691028,2.0,-2.0,-51.0
1776885488.2791028,2.0,-2.0,-52.0
1776885488.2891028,2.0,0.0,-52.0
1776885488.2991028,6.0,0.0,-42.0
1776885488.3091028,3.0,2.0,-39.0
1776885488.3191028,6.0,4.0,-36.0
1776885488.3291028,4.0,1.0,-35.0
1776885488.3391027,6.0,0.0,-38.0
1776885488.3491027,7.0,-1.0,-40.0
1776885488.3591027,2.0,-5.0,-43.0
1776885488.3691027,-2.0,-2.0,-47.0
1776885488.3791027,-2.0,0.0,-46.0
1776885488.3891027,0.0,0.0,-49.0
1776885488.3991027,3.0,-2.0,-50.0
1776885488.409103,-2.0,2.0,-45.0
1776885488.419103,-7.0,4.0,-52.0
1776885488.429103,-4.0,1.0,-44.0
1776885488.4391026,-4.0,1.0,-41.0
1776885488.4491026,-8.0,5.0,-39.0
1776885488.4591026,-7.0,0.0,-38.0
1776885488.4691026,-9.0,0.0,-32.0
1776885488.4791028,-4.0,0.0,-37.0
1776885488.4891028,0.0,2.0,-41.0
1776885488.4991028,-3.0,4.0,-41.0
1776885488.5101027,-2.0,2.0,-38.0
1776885488.5201027,-3.0,-1.0,-41.0
1776885488.5291028,0.0,1.0,-45.0
1776885488.5401027,1.0,1.0,-46.0
1776885488.5501027,-1.0,-1.0,-38.0
1776885488.5601027,0.0,0.0,-39.0
1776885488.5701027,1.0,0.0,-40.0
1776885488.5801027,-1.0,0.0,-39.0
1776885488.590103,-2.0,2.0,-40.0
1776885488.600103,1.0,5.0,-37.0
1776885488.610103,-2.0,5.0,-38.0
1776885488.6201026,0.0,-1.0,-44.0
1776885488.6301026,1.0,0.0,-44.0
1776885488.6401026,1.0,0.0,-39.0
1776885488.6501029,0.0,0.0,-39.0
1776885488.6601028,0.0,0.0,-46.0
1776885488.6701028,0.0,-1.0,-52.0
1776885488.6801028,2.0,-2.0,-48.0
1776885488.6901028,5.0,-3.0,-44.0
1776885488.7001028,4.0,-3.0,-47.0
1776885488.7101028,8.0,-2.0,-56.0
1776885488.7201028,11.0,-3.0,-53.0
1776885488.7301028,15.0,-3.0,-59.0
1776885488.7401028,14.0,-2.0,-59.0
1776885488.7501028,13.0,-4.0,-50.0
1776885488.7601027,11.0,-5.0,-46.0
1776885488.7701027,6.0,-4.0,-41.0
1776885488.7801027,9.0,0.0,-40.0
1776885488.7901027,5.0,-2.0,-41.0
1776885488.8001027,5.0,-7.0,-44.0
1776885488.8101027,3.0,-5.0,-43.0
1776885488.8201027,4.0,-6.0,-39.0
1776885488.8301027,3.0,-6.0,-39.0
1776885488.840103,1.0,-3.0,-40.0
1776885488.850103,-2.0,-4.0,-44.0
1776885488.860103,0.0,-6.0,-43.0
1776885488.8701026,0.0,-3.0,-50.0
1776885488.8801026,-4.0,-5.0,-51.0
1776885488.8901026,-6.0,-6.0,-46.0
1776885488.9001029,-7.0,-3.0,-41.0
1776885488.9101028,-15.0,-4.0,-49.0
1776885488.9201028,-7.0,-6.0,-46.0
1776885488.9301028,-4.0,1.0,-42.0
1776885488.9401028,1.0,0.0,-46.0
1776885488.9501028,2.0,-4.0,-43.0
1776885488.9601028,3.0,-9.0,-42.0
1776885488.9701028,6.0,-9.0,-45.0
1776885488.9801028,2.0,-6.0,-39.0
1776885488.9901028,2.0,-6.0,-40.0
1776885489.0001028,8.0,-5.0,-44.0
1776885489.0101027,6.0,-8.0,-48.0
1776885489.0201027,5.0,-9.0,-55.0
1776885489.0301027,0.0,-7.0,-50.0
1776885489.0401027,0.0,-6.0,-46.0
1776885489.0501027,0.0,-3.0,-43.0
1776885489.0601027,4.0,-3.0,-44.0
1776885489.0701027,-1.0,-1.0,-42.0
1776885489.0801027,0.0,2.0,-38.0
1776885489.090103,1.0,0.0,-39.0
1776885489.100103,-1.0,-2.0,-40.0
1776885489.110103,-3.0,-3.0,-35.0
1776885489.1201026,-3.0,-8.0,-36.0
1776885489.1301026,-1.0,-10.0,-39.0
1776885489.1401026,4.0,-7.0,-39.0
1776885489.1501029,5.0,-1.0,-40.0
1776885489.1601028,9.0,-2.0,-37.0
1776885489.1701028,5.0,0.0,-36.0
1776885489.1801028,5.0,-2.0,-39.0
1776885489.1901028,0.0,-6.0,-43.0
1776885489.2001028,2.0,-4.0,-43.0
1776885489.2101028,3.0,-1.0,-46.0
1776885489.2201028,5.0,0.0,-44.0
1776885489.2301028,7.0,-1.0,-44.0
1776885489.2401028,4.0,-3.0,-49.0
1776885489.2501028,5.0,-6.0,-45.0
1776885489.2601027,3.0,-5.0,-46.0
1776885489.2701027,2.0,-2.0,-47.0
1776885489.2801027,-3.0,-2.0,-44.0
1776885489.2901027,-2.0,-1.0,-44.0
1776885489.3001027,-1.0,2.0,-47.0
1776885489.3101027,-2.0,-1.0,-43.0
1776885489.3201027,-5.0,-7.0,-44.0
1776885489.3301027,-6.0,-3.0,-43.0
1776885489.340103,-4.0,0.0,-44.0
1776885489.350103,2.0,-1.0,-45.0
1776885489.360103,3.0,-3.0,-47.0
1776885489.3701026,3.0,-4.0,-51.0
1776885489.3801026,-2.0,-5.0,-52.0
1776885489.3901026,-7.0,-5.0,-55.0
1776885489.4001029,-6.0,-6.0,-48.0
1776885489.4101028,-1.0,1.0,-44.0
1776885489.4201028,2.0,2.0,-45.0
1776885489.4301028,-1.0,7.0,-47.0
1776885489.4401028,4.0,3.0,-52.0
1776885489.4501028,5.0,3.0,-64.0
1776885489.4601028,2.0,-3.0,-60.0
1776885489.4701028,1.0,-4.0,-59.0
1776885489.4801028,1.0,-5.0,-57.0
1776885489.4901028,3.0,-4.0,-56.0
1776885489.5001028,3.0,-1.0,-55.0
1776885489.5101027,5.0,2.0,-51.0
1776885489.5201027,8.0,4.0,-52.0
1776885489.5301027,7.0,1.0,-46.0
1776885489.5401027,8.0,2.0,-46.0
1776885489.5501027,8.0,0.0,-37.0
1776885489.5601027,5.0,1.0,-42.0
1776885489.5701027,4.0,0.0,-48.0
1776885489.5801027,4.0,-7.0,-43.0
1776885489.590103,8.0,-8.0,-44.0
1776885489.600103,5.0,-8.0,-52.0
1776885489.610103,6.0,-4.0,-49.0
1776885489.6201026,5.0,-1.0,-44.0
1776885489.6301026,3.0,-1.0,-47.0
1776885489.6401026,4.0,-2.0,-45.0
1776885489.6501029,7.0,-3.0,-48.0
1776885489.6601028,3.0,-6.0,-44.0
1776885489.6701028,2.0,-1.0,-47.0
1776885489.6801028,5.0,-1.0,-45.0
1776885489.6901028,1.0,-3.0,-45.0
1776885489.7001028,1.0,-2.0,-41.0
1776885489.7101028,0.0,-2.0,-40.0
1776885489.7201028,0.0,0.0,-38.0
1776885489.7301028,0.0,1.0,-36.0
1776885489.7401028,3.0,-1.0,-37.0
1776885489.7501028,4.0,0.0,-39.0
1776885489.7601027,3.0,-1.0,-45.0
1776885489.7701027,7.0,-5.0,-48.0
1776885489.7801027,5.0,-4.0,-42.0
1776885489.7901027,6.0,-7.0,-43.0
1776885489.8001027,7.0,-6.0,-43.0
1776885489.8101027,2.0,-9.0,-44.0
1776885489.8201027,4.0,-11.0,-43.0
1776885489.8301027,3.0,-9.0,-49.0
1776885489.840103,9.0,-7.0,-56.0
1776885489.850103,10.0,-5.0,-58.0
1776885489.860103,6.0,-2.0,-69.0
1776885489.8701026,6.0,-4.0,-61.0
1776885489.8801026,0.0,-7.0,-56.0
1776885489.8901026,0.0,-7.0,-49.0
1776885489.9001029,-3.0,-6.0,-41.0
1776885489.9101028,2.0,-9.0,-46.0
1776885489.9201028,4.0,-7.0,-46.0
1776885489.9301028,2.0,-6.0,-44.0
1776885489.9401028,0.0,-4.0,-43.0
1776885489.9501028,0.0,-4.0,-38.0
1776885489.9601028,1.0,-8.0,-40.0
1776885489.9701028,2.0,-9.0,-38.0
1776885489.9801028,4.0,-9.0,-36.0
1776885489.9901028,0.0,-6.0,-40.0
1776885490.0001028,0.0,-4.0,-41.0
1776885490.0101027,0.0,-4.0,-39.0
1776885490.0201027,0.0,-5.0,-39.0
1776885490.0301027,-1.0,-5.0,-40.0
1776885490.0401027,-4.0,-5.0,-45.0
1776885490.0501027,-3.0,-4.0,-46.0
1776885490.0601027,-2.0,-1.0,-45.0
1776885490.0701027,-1.0,-1.0,-40.0
1776885490.0801027,3.0,0.0,-42.0
1776885490.090103,2.0,2.0,-41.0
1776885490.100103,3.0,0.0,-42.0
1776885490.110103,6.0,0.0,-40.0
1776885490.1201026,5.0,0.0,-39.0
1776885490.1301026,6.0,0.0,-39.0
1776885490.1401026,5.0,-1.0,-42.0
1776885490.1501029,10.0,-1.0,-41.0
1776885490.1601028,7.0,-2.0,-35.0
1776885490.1701028,3.0,-2.0,-41.0
1776885490.1801028,1.0,0.0,-51.0
1776885490.1901028,0.0,-1.0,-48.0
1776885490.2001028,0.0,0.0,-42.0
1776885490.2101028,3.0,0.0,-43.0
1776885490.2201028,6.0,0.0,-44.0
1776885490.2301028,11.0,0.0,-46.0
1776885490.2401028,6.0,-1.0,-45.0
1776885490.2501028,5.0,-2.0,-45.0
1776885490.2601027,10.0,-3.0,-42.0
1776885490.2701027,13.0,-4.0,-42.0
1776885490.2801027,15.0,-3.0,-49.0
1776885490.2901027,15.0,2.0,-46.0
1776885490.3001027,12.0,0.0,-42.0
1776885490.3101027,7.0,-1.0,-41.0
1776885490.3201027,5.0,-1.0,-43.0
1776885490.3301027,10.0,-5.0,-45.0
1776885490.340103,6.0,-4.0,-44.0
1776885490.350103,2.0,-4.0,-39.0
1776885490.360103,0.0,-3.0,-29.0
1776885490.3701026,5.0,-3.0,-32.0
1776885490.3801026,5.0,-3.0,-32.0
1776885490.3901026,3.0,1.0,-36.0
1776885490.4001029,0.0,1.0,-42.0
1776885490.4101028,0.0,2.0,-45.0
1776885490.4201028,-4.0,1.0,-45.0
1776885490.4301028,-6.0,-1.0,-42.0
1776885490.4401028,-3.0,0.0,-39.0
1776885490.4501028,-1.0,0.0,-38.0
1776885490.4601028,1.0,3.0,-45.0
1776885490.4711027,6.0,0.0,-40.0
1776885490.4801028,6.0,-9.0,-33.0
1776885490.4911027,5.0,-7.0,-33.0
1776885490.5011027,5.0,-4.0,-38.0
1776885490.511103,9.0,-2.0,-45.0
1776885490.521103,10.0,0.0,-48.0
1776885490.531103,5.0,-5.0,-42.0
1776885490.5411026,7.0,-10.0,-39.0
1776885490.5511026,2.0,-9.0,-38.0
1776885490.5611026,5.0,-9.0,-36.0
1776885490.5711029,6.0,-10.0,-34.0
1776885490.5811028,6.0,-5.0,-41.0
1776885490.5911028,4.0,0.0,-44.0
1776885490.6011028,6.0,0.0,-46.0
1776885490.6111028,8.0,-5.0,-46.0
1776885490.6211028,6.0,-1.0,-44.0
1776885490.6311028,1.0,1.0,-42.0
1776885490.6411028,3.0,0.0,-41.0
1776885490.6521027,1.0,-5.0,-38.0
1776885490.6611028,-2.0,-5.0,-43.0
1776885490.6711028,-3.0,-5.0,-39.0
1776885490.6811028,0.0,-9.0,-36.0
1776885490.6911027,-2.0,-5.0,-42.0
1776885490.7011027,-2.0,-7.0,-44.0
1776885490.7111027,-2.0,-5.0,-49.0
1776885490.7211027,-4.0,-10.0,-47.0
1776885490.7311027,0.0,-10.0,-43.0
1776885490.7411027,-2.0,-11.0,-42.0
1776885490.7511027,-2.0,-13.0,-49.0
1776885490.761103,2.0,-10.0,-49.0
1776885490.771103,1.0,-8.0,-48.0
1776885490.781103,2.0,-9.0,-47.0
1776885490.7911026,-1.0,-8.0,-55.0
1776885490.8011026,-1.0,-12.0,-52.0
1776885490.8111026,5.0,-13.0,-48.0
1776885490.8211029,11.0,-12.0,-49.0
1776885490.8311028,11.0,-9.0,-45.0
1776885490.8411028,9.0,-8.0,-40.0
1776885490.8511028,3.0,-7.0,-39.0
1776885490.8611028,4.0,0.0,-33.0
1776885490.8711028,2.0,0.0,-37.0
1776885490.8811028,2.0,-1.0,-38.0
1776885490.8911028,4.0,0.0,-40.0
1776885490.9011028,2.0,-2.0,-42.0
1776885490.9111028,4.0,-1.0,-44.0
1776885490.9211028,2.0,-2.0,-45.0
1776885490.9311028,5.0,-4.0,-42.0
1776885490.9411027,2.0,-7.0,-41.0
1776885490.9511027,0.0,-9.0,-37.0
1776885490.9611027,1.0,-9.0,-36.0
1776885490.9711027,4.0,-13.0,-41.0
1776885490.9811027,3.0,-12.0,-36.0
1776885490.9911027,2.0,-10.0,-32.0
1776885491.0011027,0.0,-7.0,-29.0
1776885491.011103,-5.0,-8.0,-36.0
1776885491.021103,-12.0,-5.0,-38.0
1776885491.031103,-10.0,-7.0,-35.0
1776885491.0411026,-10.0,-4.0,-31.0
1776885491.0511026,-8.0,-4.0,-36.0
1776885491.0611026,-4.0,-1.0,-38.0
1776885491.0711029,-1.0,1.0,-41.0
1776885491.0811028,3.0,0.0,-48.0
1776885491.0911028,0.0,0.0,-46.0
1776885491.1011028,2.0,0.0,-53.0
1776885491.1111028,4.0,-4.0,-51.0
1776885491.1211028,4.0,-8.0,-50.0
1776885491.1311028,7.0,-5.0,-50.0
1776885491.1411028,8.0,-2.0,-45.0
1776885491.1511028,5.0,-3.0,-40.0
1776885491.1611028,2.0,-5.0,-45.0
1776885491.1711028,0.0,-3.0,-50.0
1776885491.1811028,0.0,-4.0,-48.0
1776885491.1911027,3.0,-1.0,-53.0
1776885491.2011027,5.0,-4.0,-47.0
1776885491.2111027,5.0,-2.0,-44.0
1776885491.2211027,3.0,3.0,-43.0
1776885491.2311027,1.0,0.0,-40.0
1776885491.2411027,0.0,-4.0,-42.0
1776885491.2511027,-4.0,-3.0,-44.0
1776885491.261103,-6.0,-1.0,-38.0
1776885491.271103,-5.0,-2.0,-40.0
1776885491.281103,-11.0,-3.0,-33.0
1776885491.2911026,-5.0,-7.0,-40.0
1776885491.3011026,-2.0,-7.0,-44.0
1776885491.3111026,-2.0,-8.0,-46.0
1776885491.3211029,-4.0,-11.0,-40.0
1776885491.3311028,-5.0,-10.0,-38.0
1776885491.3411028,-1.0,-10.0,-39.0
1776885491.3511028,4.0,-13.0,-40.0
1776885491.3611028,6.0,-12.0,-39.0
1776885491.3711028,8.0,-15.0,-44.0
1776885491.3811028,10.0,-15.0,-40.0
1776885491.3921027,10.0,-13.0,-37.0
1776885491.4011028,5.0,-10.0,-42.0
1776885491.4111028,4.0,-9.0,-46.0
1776885491.4211028,1.0,-7.0,-48.0
1776885491.4311028,0.0,-4.0,-47.0
1776885491.4411027,1.0,-2.0,-42.0
1776885491.4511027,0.0,0.0,-40.0
1776885491.4611027,-2.0,-1.0,-45.0
1776885491.4711027,2.0,0.0,-38.0
1776885491.4811027,0.0,-2.0,-39.0
1776885491.4911027,0.0,-5.0,-38.0
1776885491.5011027,-3.0,-6.0,-36.0
1776885491.511103,-9.0,-8.0,-37.0
1776885491.521103,-6.0,-5.0,-31.0
1776885491.531103,-6.0,-4.0,-32.0
1776885491.5411026,-5.0,-2.0,-28.0
1776885491.5511026,-3.0,-1.0,-32.0
1776885491.5611026,-1.0,-1.0,-32.0
1776885491.5711029,-3.0,-2.0,-41.0
1776885491.5811028,-2.0,-3.0,-44.0
1776885491.5911028,-4.0,-6.0,-43.0
1776885491.6011028,-4.0,-4.0,-44.0
1776885491.6111028,-4.0,-2.0,-43.0
1776885491.6211028,-4.0,-4.0,-41.0
1776885491.6311028,-3.0,-5.0,-44.0
1776885491.6411028,-1.0,-5.0,-38.0
1776885491.6511028,-5.0,0.0,-39.0
1776885491.6611028,-3.0,-3.0,-36.0
1776885491.6711028,0.0,-1.0,-31.0
1776885491.6811028,2.0,0.0,-35.0
1776885491.6911027,0.0,0.0,-39.0
1776885491.7011027,2.0,-2.0,-33.0
1776885491.7111027,5.0,-1.0,-27.0
1776885491.7211027,3.0,-6.0,-33.0
1776885491.7311027,4.0,-4.0,-33.0
1776885491.7411027,8.0,-2.0,-33.0
1776885491.7511027,4.0,-2.0,-40.0
1776885491.761103,3.0,-1.0,-46.0
1776885491.771103,-1.0,-4.0,-48.0
1776885491.781103,-4.0,-7.0,-50.0
1776885491.7911026,-1.0,-7.0,-42.0
1776885491.8011026,0.0,-9.0,-44.0
1776885491.8111026,-1.0,-11.0,-46.0
1776885491.8211029,6.0,-11.0,-44.0
1776885491.8311028,6.0,-8.0,-41.0
1776885491.8411028,6.0,-6.0,-42.0
1776885491.8511028,7.0,-5.0,-39.0
1776885491.8611028,0.0,-3.0,-38.0
1776885491.8711028,2.0,-6.0,-41.0
1776885491.8811028,4.0,-7.0,-40.0
1776885491.8911028,5.0,-5.0,-39.0
1776885491.9011028,7.0,-4.0,-38.0
1776885491.9111028,7.0,-8.0,-38.0
1776885491.9211028,3.0,-9.0,-38.0
1776885491.9311028,9.0,-11.0,-41.0
1776885491.9411027,9.0,-12.0,-39.0
1776885491.9511027,6.0,-8.0,-41.0
1776885491.9611027,4.0,-6.0,-39.0
1776885491.9711027,6.0,-6.0,-40.0
1776885491.9811027,4.0,-5.0,-43.0
1776885491.9911027,7.0,-2.0,-49.0
1776885492.0011027,9.0,-5.0,-50.0
1776885492.011103,7.0,-1.0,-45.0
1776885492.021103,3.0,-3.0,-48.0
1776885492.031103,2.0,-1.0,-40.0
1776885492.0411026,0.0,0.0,-48.0
1776885492.0511026,-1.0,-1.0,-44.0
1776885492.0611026,-3.0,-1.0,-38.0
1776885492.0711029,0.0,-3.0,-39.0
1776885492.0811028,4.0,-5.0,-35.0
1776885492.0911028,1.0,-6.0,-35.0
1776885492.1011028,2.0,-6.0,-37.0
1776885492.1111028,2.0,-8.0,-31.0
1776885492.1211028,0.0,-10.0,-29.0
1776885492.1311028,1.0,-9.0,-36.0
1776885492.1411028,1.0,-4.0,-40.0
1776885492.1511028,3.0,-3.0,-40.0
1776885492.1611028,3.0,-2.0,-46.0
1776885492.1711028,4.0,1.0,-44.0
1776885492.1811028,1.0,2.0,-42.0
1776885492.1911027,-1.0,5.0,-45.0
1776885492.2011027,0.0,3.0,-40.0
1776885492.2111027,-1.0,0.0,-35.0
1776885492.2211027,-2.0,-3.0,-36.0
1776885492.2311027,-2.0,-4.0,-36.0
1776885492.2411027,0.0,-4.0,-35.0
1776885492.2511027,2.0,0.0,-34.0
1776885492.261103,-1.0,2.0,-36.0
1776885492.271103,-2.0,0.0,-39.0
1776885492.281103,-1.0,0.0,-39.0
1776885492.2911026,-2.0,-8.0,-46.0
1776885492.3011026,-1.0,-8.0,-43.0
1776885492.3111026,-1.0,-7.0,-37.0
1776885492.3211029,-3.0,0.0,-39.0
1776885492.3311028,-2.0,-2.0,-38.0
1776885492.3411028,-5.0,-2.0,-36.0
1776885492.3511028,-5.0,0.0,-35.0
1776885492.3611028,-5.0,0.0,-39.0
1776885492.3711028,-4.0,1.0,-39.0
1776885492.3811028,0.0,4.0,-33.0
1776885492.3911028,0.0,9.0,-38.0
1776885492.4011028,0.0,7.0,-47.0
1776885492.4111028,0.0,9.0,-40.0
1776885492.4211028,0.0,7.0,-42.0
1776885492.4311028,1.0,2.0,-45.0
1776885492.4411027,-2.0,1.0,-44.0
1776885492.4511027,-5.0,-1.0,-43.0
1776885492.462103,-3.0,-1.0,-34.0
1776885492.4721026,0.0,-7.0,-35.0
1776885492.4811027,-2.0,-7.0,-47.0
1776885492.4921026,0.0,-5.0,-55.0
1776885492.5021029,0.0,-3.0,-53.0
1776885492.5121028,0.0,-3.0,-52.0
1776885492.5221028,0.0,-5.0,-48.0
1776885492.5321028,-2.0,-3.0,-42.0
1776885492.5421028,0.0,-3.0,-40.0
1776885492.5521028,2.0,-5.0,-36.0
1776885492.5621028,-5.0,-7.0,-31.0
1776885492.5721028,-5.0,-6.0,-32.0
1776885492.5821028,-4.0,-4.0,-32.0
1776885492.5921028,-1.0,-2.0,-34.0
1776885492.6021028,1.0,0.0,-36.0
1776885492.6121027,4.0,0.0,-33.0
1776885492.6221027,5.0,-1.0,-34.0
1776885492.6321027,2.0,0.0,-45.0
1776885492.6421027,0.0,0.0,-46.0
1776885492.6521027,-3.0,0.0,-45.0
1776885492.6621027,0.0,-1.0,-41.0
1776885492.6721027,-2.0,-5.0,-39.0
1776885492.682103,1.0,-3.0,-36.0
1776885492.692103,0.0,-3.0,-36.0
1776885492.702103,-4.0,-1.0,-35.0
1776885492.712103,-7.0,0.0,-33.0
1776885492.7221026,-6.0,-1.0,-35.0
1776885492.7321026,-5.0,-6.0,-37.0
1776885492.7421026,-1.0,-12.0,-41.0
1776885492.7521029,-2.0,-13.0,-40.0
1776885492.7621028,-5.0,-11.0,-34.0
1776885492.7721028,-6.0,-8.0,-31.0
1776885492.7821028,-3.0,-8.0,-31.0
1776885492.7921028,-5.0,-5.0,-35.0
1776885492.8021028,-2.0,-6.0,-37.0
1776885492.8121028,-2.0,-10.0,-42.0
1776885492.8221028,-1.0,-7.0,-41.0
1776885492.8321028,1.0,-5.0,-38.0
1776885492.8421028,-2.0,-5.0,-49.0
1776885492.8521028,-4.0,-4.0,-45.0
1776885492.8621027,-4.0,-1.0,-44.0
1776885492.8721027,1.0,-1.0,-53.0
1776885492.8821027,1.0,-2.0,-58.0
1776885492.8921027,1.0,-2.0,-59.0
1776885492.9021027,1.0,0.0,-53.0
1776885492.9121027,5.0,0.0,-54.0
1776885492.9221027,6.0,-1.0,-57.0
1776885492.932103,3.0,-4.0,-50.0
1776885492.942103,-1.0,-7.0,-52.0
1776885492.952103,-1.0,-9.0,-45.0
1776885492.962103,1.0,-5.0,-38.0
1776885492.9721026,3.0,-5.0,-38.0
1776885492.9821026,2.0,-3.0,-46.0
1776885492.9921026,5.0,-3.0,-44.0
1776885493.0021029,1.0,-3.0,-40.0
1776885493.0121028,1.0,-4.0,-47.0
1776885493.0221028,-1.0,-2.0,-53.0
1776885493.0321028,-3.0,-3.0,-50.0
1776885493.0421028,1.0,-4.0,-52.0
1776885493.0521028,3.0,0.0,-48.0
1776885493.0621028,4.0,3.0,-49.0
1776885493.0721028,2.0,4.0,-49.0
1776885493.0821028,2.0,0.0,-37.0
1776885493.0921028,1.0,-1.0,-39.0
1776885493.1021028,4.0,-1.0,-39.0
1776885493.1121027,2.0,-4.0,-36.0
1776885493.1221027,0.0,-2.0,-38.0
1776885493.1321027,-2.0,-3.0,-45.0
1776885493.1421027,0.0,-8.0,-47.0
1776885493.1521027,0.0,-8.0,-52.0
1776885493.1621027,3.0,-7.0,-53.0
1776885493.1721027,1.0,-6.0,-49.0
1776885493.182103,2.0,-4.0,-45.0
1776885493.192103,0.0,-3.0,-40.0
1776885493.202103,-4.0,-3.0,-39.0
1776885493.212103,-6.0,-4.0,-45.0
1776885493.2221026,-6.0,0.0,-45.0
1776885493.2321026,-3.0,-1.0,-39.0
1776885493.2421026,0.0,-3.0,-42.0
1776885493.2521029,3.0,-2.0,-49.0
1776885493.2621028,1.0,-2.0,-47.0
1776885493.2721028,0.0,-3.0,-41.0
1776885493.2821028,1.0,-4.0,-41.0
1776885493.2921028,3.0,-4.0,-31.0
1776885493.3021028,9.0,-8.0,-37.0
1776885493.3121028,11.0,-6.0,-38.0
1776885493.3221028,11.0,-9.0,-35.0
1776885493.3321028,10.0,-13.0,-36.0
1776885493.3421028,8.0,-10.0,-36.0
1776885493.3521028,9.0,-7.0,-37.0
1776885493.3621027,6.0,-5.0,-42.0
1776885493.3721027,6.0,-7.0,-39.0
1776885493.3821027,5.0,-6.0,-46.0
1776885493.3921027,6.0,-7.0,-46.0
1776885493.4021027,4.0,-10.0,-48.0
1776885493.4121027,0.0,-8.0,-41.0
1776885493.4221027,-1.0,-5.0,-32.0
1776885493.432103,-2.0,-4.0,-28.0
1776885493.442103,0.0,-2.0,-35.0
1776885493.452103,0.0,-5.0,-42.0
1776885493.462103,0.0,-8.0,-39.0
1776885493.4721026,3.0,-10.0,-33.0
1776885493.4821026,4.0,-9.0,-33.0
1776885493.4921026,0.0,-7.0,-41.0
1776885493.5021029,0.0,-7.0,-51.0
1776885493.5121028,-1.0,-6.0,-59.0
1776885493.5221028,-6.0,-4.0,-61.0
1776885493.5321028,-7.0,-1.0,-63.0
1776885493.5421028,-7.0,-6.0,-52.0
1776885493.5521028,-10.0,-3.0,-47.0
1776885493.5621028,-9.0,-2.0,-41.0
1776885493.5721028,-1.0,-2.0,-36.0
1776885493.5821028,1.0,0.0,-42.0
1776885493.5921028,7.0,-2.0,-39.0
1776885493.6021028,10.0,-4.0,-39.0
1776885493.6121027,10.0,-7.0,-33.0
1776885493.6221027,12.0,-5.0,-38.0
1776885493.6321027,15.0,-5.0,-36.0
1776885493.6421027,13.0,-5.0,-42.0
1776885493.6521027,11.0,-5.0,-47.0
1776885493.6621027,8.0,-4.0,-47.0
1776885493.6721027,9.0,-6.0,-48.0
1776885493.682103,10.0,-4.0,-45.0
1776885493.692103,3.0,0.0,-42.0
1776885493.702103,1.0,-3.0,-45.0
1776885493.712103,0.0,-5.0,-45.0
1776885493.7221026,-4.0,-5.0,-49.0
1776885493.7321026,-3.0,-2.0,-52.0
1776885493.7421026,-3.0,-3.0,-51.0
1776885493.7521029,0.0,0.0,-47.0
1776885493.7621028,-2.0,3.0,-44.0
1776885493.7721028,-2.0,3.0,-47.0
1776885493.7821028,-2.0,0.0,-48.0
1776885493.7921028,-2.0,-3.0,-46.0
1776885493.8021028,-3.0,-4.0,-51.0
1776885493.8121028,-5.0,0.0,-48.0
1776885493.8221028,-2.0,3.0,-47.0
1776885493.8321028,-1.0,3.0,-38.0
1776885493.8421028,-3.0,2.0,-37.0
1776885493.8521028,-3.0,0.0,-41.0
1776885493.8621027,0.0,0.0,-44.0
1776885493.8721027,3.0,1.0,-43.0
1776885493.8821027,0.0,4.0,-49.0
1776885493.8921027,-1.0,6.0,-50.0
1776885493.9021027,0.0,7.0,-46.0
1776885493.9121027,0.0,9.0,-53.0
1776885493.9221027,2.0,9.0,-50.0
1776885493.932103,1.0,5.0,-54.0
1776885493.942103,-1.0,4.0,-52.0
1776885493.952103,-4.0,3.0,-48.0
1776885493.962103,-1.0,0.0,-47.0
1776885493.9721026,-3.0,-3.0,-53.0
1776885493.9821026,-2.0,-7.0,-56.0
1776885493.9921026,-1.0,-6.0,-53.0
1776885494.0021029,-1.0,-4.0,-55.0
1776885494.0121028,-1.0,-4.0,-44.0
1776885494.0221028,-3.0,-6.0,-44.0
1776885494.0321028,-5.0,-5.0,-43.0
1776885494.0421028,-2.0,-6.0,-48.0
1776885494.0521028,1.0,-5.0,-47.0
1776885494.0621028,7.0,-3.0,-50.0
1776885494.0721028,7.0,-9.0,-50.0
1776885494.0821028,3.0,-13.0,-48.0
1776885494.0921028,1.0,-13.0,-42.0
1776885494.1021028,0.0,-12.0,-36.0
1776885494.1121027,-1.0,-8.0,-39.0
1776885494.1221027,2.0,-4.0,-37.0
1776885494.1321027,3.0,-6.0,-40.0
1776885494.1421027,4.0,-6.0,-39.0
1776885494.1521027,1.0,-4.0,-46.0
1776885494.1621027,0.0,-10.0,-55.0
1776885494.1721027,2.0,-8.0,-56.0
1776885494.182103,4.0,-7.0,-55.0
1776885494.192103,4.0,-9.0,-55.0
1776885494.202103,2.0,-4.0,-48.0
1776885494.212103,2.0,-4.0,-46.0
1776885494.2221026,4.0,-5.0,-50.0
1776885494.2321026,8.0,-4.0,-56.0
1776885494.2421026,8.0,-3.0,-50.0
1776885494.2521029,6.0,-7.0,-52.0
1776885494.2621028,5.0,-7.0,-56.0
1776885494.2721028,0.0,-7.0,-53.0
1776885494.2821028,0.0,-7.0,-51.0
1776885494.2921028,-1.0,-7.0,-55.0
1776885494.3021028,5.0,-2.0,-57.0
1776885494.3121028,7.0,-4.0,-60.0
1776885494.3221028,5.0,-2.0,-53.0
1776885494.3321028,6.0,-3.0,-44.0
1776885494.3421028,9.0,0.0,-43.0
1776885494.3521028,12.0,0.0,-39.0
1776885494.3621027,8.0,-1.0,-45.0
1776885494.3721027,8.0,1.0,-43.0
1776885494.3821027,6.0,1.0,-41.0
1776885494.3921027,9.0,3.0,-38.0
1776885494.4021027,7.0,0.0,-44.0
1776885494.4121027,9.0,1.0,-48.0
1776885494.4221027,8.0,2.0,-43.0
1776885494.432103,4.0,1.0,-39.0
1776885494.442103,4.0,0.0,-36.0
1776885494.4531028,9.0,-4.0,-35.0
1776885494.4631028,5.0,-9.0,-39.0
1776885494.4731028,4.0,-8.0,-47.0
1776885494.4831028,3.0,-6.0,-41.0
1776885494.4931028,3.0,-8.0,-50.0
1776885494.5031028,2.0,-5.0,-51.0
1776885494.5131028,3.0,-5.0,-58.0
1776885494.5231028,8.0,-5.0,-55.0
1776885494.5331028,2.0,-3.0,-53.0
1776885494.5431027,3.0,0.0,-54.0
1776885494.5531027,-1.0,-1.0,-51.0
1776885494.5631027,0.0,0.0,-47.0
1776885494.5731027,3.0,-1.0,-48.0
1776885494.5831027,3.0,-4.0,-39.0
1776885494.5931027,2.0,-4.0,-35.0
1776885494.6031027,-1.0,0.0,-42.0
1776885494.613103,1.0,-4.0,-39.0
1776885494.623103,3.0,-11.0,-37.0
1776885494.633103,9.0,-11.0,-41.0
1776885494.6431026,11.0,-9.0,-41.0
1776885494.6531026,8.0,-9.0,-41.0
1776885494.6631026,2.0,-9.0,-39.0
1776885494.6731029,0.0,-11.0,-36.0
1776885494.6831028,1.0,-6.0,-25.0
1776885494.6931028,-1.0,-3.0,-27.0
1776885494.7031028,-9.0,-6.0,-31.0
1776885494.7131028,-4.0,-7.0,-40.0
1776885494.7231028,-1.0,-7.0,-45.0
1776885494.7331028,-1.0,0.0,-46.0
1776885494.7431028,0.0,0.0,-47.0
1776885494.7531028,-2.0,0.0,-49.0
1776885494.7631028,0.0,1.0,-49.0
1776885494.7731028,0.0,1.0,-45.0
1776885494.7831028,4.0,-2.0,-53.0
1776885494.7931027,9.0,-2.0,-50.0
1776885494.8031027,2.0,-4.0,-52.0
1776885494.8131027,-1.0,-1.0,-47.0
1776885494.8231027,-1.0,0.0,-45.0
1776885494.8331027,0.0,-1.0,-47.0
1776885494.8431027,3.0,-3.0,-46.0
1776885494.8531027,3.0,-2.0,-43.0
1776885494.863103,0.0,0.0,-48.0
1776885494.873103,0.0,0.0,-50.0
1776885494.883103,-1.0,0.0,-47.0
1776885494.8931026,0.0,2.0,-46.0
1776885494.9031026,0.0,4.0,-45.0
1776885494.9131026,0.0,1.0,-38.0
1776885494.9231029,-1.0,0.0,-37.0
1776885494.9331028,4.0,-4.0,-37.0
1776885494.9431028,1.0,-2.0,-35.0
1776885494.9531028,1.0,0.0,-43.0
1776885494.9631028,0.0,0.0,-43.0
1776885494.9731028,-1.0,0.0,-41.0
1776885494.9831028,-5.0,0.0,-36.0
1776885494.9931028,-9.0,2.0,-46.0
1776885495.0031028,-7.0,4.0,-43.0
1776885495.0131028,0.0,0.0,-43.0
1776885495.0231028,0.0,1.0,-46.0
1776885495.0331028,0.0,-1.0,-44.0
1776885495.0431027,-3.0,-3.0,-43.0
1776885495.0531027,2.0,-1.0,-40.0
1776885495.0631027,0.0,-4.0,-33.0
1776885495.0731027,-1.0,0.0,-29.0
1776885495.0831027,0.0,0.0,-30.0
1776885495.0931027,0.0,0.0,-34.0
1776885495.1031027,1.0,-3.0,-36.0
1776885495.113103,3.0,-2.0,-31.0
1776885495.123103,1.0,-2.0,-39.0
1776885495.133103,0.0,-5.0,-48.0
1776885495.1431026,-1.0,-5.0,-41.0
1776885495.1531026,-2.0,-2.0,-41.0
1776885495.1631026,1.0,-3.0,-41.0
1776885495.1731029,0.0,-4.0,-39.0
1776885495.1831028,0.0,-6.0,-43.0
1776885495.1931028,-2.0,-4.0,-53.0
1776885495.2031028,-4.0,2.0,-57.0
1776885495.2131028,-1.0,1.0,-53.0
1776885495.2231028,1.0,-1.0,-54.0
1776885495.2331028,5.0,-1.0,-49.0
1776885495.2431028,9.0,-3.0,-49.0
1776885495.2531028,6.0,-1.0,-56.0
1776885495.2631028,8.0,0.0,-57.0
1776885495.2731028,9.0,0.0,-53.0
1776885495.2831028,13.0,-1.0,-55.0
1776885495.2931027,16.0,-4.0,-54.0
1776885495.3031027,9.0,0.0,-43.0
1776885495.3131027,5.0,-1.0,-43.0
1776885495.3231027,1.0,-4.0,-45.0
1776885495.3331027,-1.0,-2.0,-49.0
1776885495.3431027,-4.0,-1.0,-49.0
1776885495.3531027,-5.0,-4.0,-55.0
1776885495.363103,-3.0,-5.0,-49.0
1776885495.373103,-5.0,-3.0,-56.0
1776885495.383103,0.0,-3.0,-55.0
1776885495.3931026,0.0,-3.0,-55.0
1776885495.4031026,2.0,-6.0,-52.0
1776885495.4131026,5.0,-9.0,-56.0
1776885495.4231029,8.0,-5.0,-47.0
1776885495.4331028,3.0,-3.0,-54.0
1776885495.4431028,1.0,-5.0,-50.0
1776885495.4531028,-2.0,-3.0,-43.0
1776885495.4631028,-5.0,-2.0,-44.0
1776885495.4731028,-4.0,-3.0,-37.0
1776885495.4831028,0.0,-6.0,-39.0
1776885495.4931028,0.0,-10.0,-44.0
1776885495.5031028,-1.0,-12.0,-46.0
1776885495.5131028,-3.0,-9.0,-44.0
1776885495.5231028,-3.0,-2.0,-43.0
1776885495.5331028,1.0,-1.0,-45.0
1776885495.5431027,2.0,-4.0,-47.0
1776885495.5531027,4.0,-5.0,-43.0
1776885495.5631027,0.0,-1.0,-38.0
1776885495.5731027,-2.0,-4.0,-40.0
1776885495.5831027,-1.0,-3.0,-50.0
1776885495.5931027,0.0,-2.0,-49.0
1776885495.6031027,7.0,-5.0,-48.0
1776885495.613103,11.0,-5.0,-46.0
1776885495.623103,5.0,-6.0,-44.0
1776885495.633103,5.0,-6.0,-45.0
1776885495.6431026,8.0,-7.0,-47.0
1776885495.6531026,1.0,-2.0,-44.0
1776885495.6631026,-3.0,-2.0,-40.0
1776885495.6731029,-5.0,1.0,-39.0
1776885495.6831028,-6.0,-2.0,-33.0
1776885495.6931028,-6.0,-3.0,-38.0
1776885495.7031028,-2.0,-8.0,-43.0
1776885495.7131028,-5.0,-5.0,-35.0
1776885495.7231028,-7.0,-2.0,-33.0
1776885495.7331028,-10.0,-5.0,-35.0
1776885495.7431028,-4.0,-6.0,-36.0
1776885495.7531028,0.0,-5.0,-40.0
1776885495.7631028,1.0,-4.0,-52.0
1776885495.7731028,-1.0,-5.0,-51.0
1776885495.7831028,-4.0,-6.0,-47.0
1776885495.7931027,-1.0,-5.0,-47.0
1776885495.8031027,-2.0,-6.0,-40.0
1776885495.8131027,-2.0,-4.0,-39.0
1776885495.8231027,0.0,-3.0,-39.0
1776885495.8331027,6.0,-1.0,-34.0
1776885495.8431027,6.0,1.0,-36.0
1776885495.8531027,5.0,-1.0,-45.0
1776885495.863103,5.0,1.0,-45.0
1776885495.873103,7.0,0.0,-42.0
1776885495.883103,3.0,-1.0,-50.0
1776885495.8931026,8.0,0.0,-43.0
1776885495.9031026,6.0,-1.0,-40.0
1776885495.9131026,4.0,0.0,-40.0
1776885495.9231029,1.0,0.0,-36.0
1776885495.9331028,5.0,0.0,-34.0
1776885495.9431028,3.0,0.0,-38.0
1776885495.9531028,4.0,3.0,-35.0
1776885495.9631028,2.0,3.0,-38.0
1776885495.9731028,4.0,3.0,-35.0
1776885495.9831028,6.0,2.0,-35.0
1776885495.9931028,8.0,1.0,-37.0
1776885496.0031028,7.0,0.0,-43.0
1776885496.0131028,9.0,3.0,-39.0
1776885496.0231028,8.0,4.0,-37.0
1776885496.0331028,1.0,3.0,-32.0
1776885496.0431027,2.0,-3.0,-33.0
1776885496.0531027,0.0,-8.0,-34.0
1776885496.0631027,-4.0,-6.0,-39.0
1776885496.0731027,-4.0,-5.0,-36.0
1776885496.0831027,-5.0,0.0,-36.0
1776885496.0931027,-4.0,-1.0,-35.0
1776885496.1031027,0.0,-6.0,-30.0
1776885496.113103,-1.0,-5.0,-33.0
1776885496.123103,-3.0,-7.0,-37.0
1776885496.133103,-7.0,-15.0,-34.0
1776885496.1431026,-4.0,-12.0,-39.0
1776885496.1531026,-7.0,-10.0,-41.0
1776885496.1631026,-8.0,-8.0,-45.0
1776885496.1731029,-8.0,-5.0,-44.0
1776885496.1831028,-3.0,-3.0,-40.0
1776885496.1931028,-5.0,-4.0,-36.0
1776885496.2031028,0.0,-3.0,-38.0
1776885496.2131028,-1.0,-6.0,-41.0
1776885496.2231028,3.0,-6.0,-41.0
1776885496.2331028,5.0,-2.0,-41.0
1776885496.2431028,0.0,2.0,-42.0
1776885496.2531028,0.0,7.0,-38.0
1776885496.2631028,2.0,5.0,-42.0
1776885496.2731028,1.0,0.0,-47.0
1776885496.2831028,0.0,-2.0,-45.0
1776885496.2931027,-3.0,-1.0,-47.0
1776885496.3031027,-7.0,-2.0,-48.0
1776885496.3131027,-3.0,0.0,-49.0
1776885496.3231027,-2.0,-3.0,-46.0
1776885496.3331027,0.0,-4.0,-48.0
1776885496.3431027,2.0,-3.0,-47.0
1776885496.3531027,4.0,-1.0,-48.0
1776885496.363103,5.0,-2.0,-54.0
1776885496.373103,6.0,-2.0,-48.0
1776885496.383103,13.0,-1.0,-46.0
1776885496.3931026,8.0,1.0,-44.0
1776885496.4031026,9.0,0.0,-33.0
1776885496.4131026,10.0,-4.0,-34.0
1776885496.4231029,6.0,-3.0,-35.0
1776885496.4341028,0.0,-2.0,-45.0
1776885496.4431028,-2.0,-3.0,-47.0
1776885496.4541028,-6.0,-7.0,-43.0
1776885496.4641027,-4.0,-5.0,-38.0
1776885496.4741027,-2.0,-3.0,-39.0
1776885496.4841027,-2.0,-3.0,-37.0
1776885496.4941027,-1.0,0.0,-40.0
1776885496.5041027,1.0,-2.0,-40.0
1776885496.5141027,1.0,-2.0,-39.0
1776885496.5241027,2.0,4.0,-37.0
1776885496.534103,5.0,8.0,-42.0
1776885496.544103,7.0,7.0,-36.0
1776885496.554103,7.0,2.0,-35.0
1776885496.5641026,7.0,0.0,-40.0
1776885496.5741026,10.0,2.0,-41.0
1776885496.5841026,4.0,0.0,-41.0
1776885496.5941026,2.0,1.0,-45.0
1776885496.6041028,1.0,2.0,-51.0
1776885496.6141028,4.0,2.0,-59.0
1776885496.6241028,6.0,0.0,-56.0
1776885496.6341028,6.0,-1.0,-57.0
1776885496.6441028,3.0,-3.0,-50.0
1776885496.6541028,5.0,-2.0,-48.0
1776885496.6641028,5.0,0.0,-45.0
1776885496.6741028,5.0,-8.0,-47.0
1776885496.6841028,6.0,-7.0,-44.0
1776885496.6941028,4.0,-5.0,-43.0
1776885496.7041028,6.0,-3.0,-47.0
1776885496.7141027,8.0,-4.0,-55.0
1776885496.7241027,3.0,-2.0,-56.0
1776885496.7341027,2.0,2.0,-53.0
1776885496.7441027,-2.0,-5.0,-48.0
1776885496.7551026,-2.0,-9.0,-43.0
1776885496.7641027,1.0,-5.0,-45.0
1776885496.7741027,-1.0,-3.0,-40.0
1776885496.784103,1.0,-8.0,-35.0
1776885496.794103,0.0,-8.0,-36.0
1776885496.804103,-1.0,-3.0,-37.0
1776885496.8141026,-4.0,-4.0,-37.0
1776885496.8241026,-1.0,-2.0,-32.0
1776885496.8341026,-4.0,4.0,-34.0
1776885496.8441026,-3.0,2.0,-30.0
1776885496.8541028,-5.0,1.0,-34.0
1776885496.8641028,-8.0,1.0,-32.0
1776885496.8741028,-4.0,2.0,-34.0
1776885496.8841028,-2.0,2.0,-35.0
1776885496.8941028,0.0,0.0,-40.0
1776885496.9041028,-2.0,-3.0,-41.0
1776885496.9141028,0.0,-2.0,-34.0
1776885496.9241028,-1.0,-1.0,-32.0
1776885496.9341028,0.0,-3.0,-36.0
1776885496.9441028,1.0,0.0,-34.0
1776885496.9541028,3.0,1.0,-41.0
1776885496.9641027,0.0,3.0,-40.0
1776885496.9741027,-3.0,0.0,-41.0
1776885496.9841027,-7.0,-1.0,-41.0
1776885496.9941027,-4.0,0.0,-48.0
1776885497.0041027,-1.0,-4.0,-50.0
1776885497.0141027,-3.0,-3.0,-49.0
1776885497.0241027,0.0,-2.0,-45.0
1776885497.034103,-1.0,0.0,-43.0
1776885497.044103,-1.0,-2.0,-42.0
1776885497.054103,-1.0,-2.0,-38.0
1776885497.0641026,-5.0,-1.0,-40.0
1776885497.0741026,-10.0,0.0,-41.0
1776885497.0841026,-5.0,1.0,-45.0
1776885497.0941026,-3.0,0.0,-40.0
1776885497.1041028,-3.0,-1.0,-36.0
1776885497.1141028,2.0,-4.0,-38.0
1776885497.1241028,5.0,-4.0,-46.0
1776885497.1341028,5.0,-3.0,-46.0
1776885497.1441028,5.0,-3.0,-46.0
1776885497.1541028,7.0,-1.0,-43.0
1776885497.1641028,10.0,2.0,-43.0
1776885497.1741028,7.0,2.0,-41.0
1776885497.1841028,6.0,3.0,-43.0
1776885497.1941028,9.0,1.0,-39.0
1776885497.2041028,8.0,0.0,-38.0
1776885497.2141027,6.0,3.0,-40.0
1776885497.2241027,6.0,4.0,-43.0
1776885497.2341027,3.0,3.0,-47.0
1776885497.2441027,1.0,5.0,-51.0
1776885497.2541027,-1.0,4.0,-57.0
1776885497.2641027,1.0,0.0,-53.0
1776885497.2741027,1.0,0.0,-48.0
1776885497.284103,3.0,-1.0,-42.0
1776885497.294103,1.0,-1.0,-39.0
1776885497.304103,1.0,-2.0,-37.0
1776885497.3141026,0.0,0.0,-35.0
1776885497.3241026,0.0,3.0,-40.0
1776885497.3341026,5.0,0.0,-39.0
1776885497.3441026,5.0,-1.0,-39.0
1776885497.3541028,2.0,1.0,-43.0
1776885497.3641028,0.0,0.0,-42.0
1776885497.3741028,0.0,0.0,-42.0
1776885497.3841028,-5.0,3.0,-39.0
1776885497.3941028,0.0,3.0,-38.0
1776885497.4041028,-1.0,4.0,-35.0
1776885497.4141028,1.0,1.0,-40.0
1776885497.4241028,0.0,5.0,-43.0
1776885497.4341028,2.0,5.0,-43.0
1776885497.4441028,3.0,7.0,-40.0
1776885497.4541028,1.0,0.0,-43.0
1776885497.4641027,1.0,0.0,-39.0
1776885497.4741027,3.0,-1.0,-39.0
1776885497.4841027,4.0,-5.0,-41.0
1776885497.4941027,5.0,-2.0,-38.0
1776885497.5041027,3.0,0.0,-42.0
1776885497.5141027,0.0,0.0,-46.0
1776885497.5241027,1.0,-2.0,-48.0
1776885497.534103,0.0,-4.0,-52.0
1776885497.544103,-6.0,-2.0,-52.0
1776885497.554103,-5.0,1.0,-52.0
1776885497.5641026,-4.0,1.0,-51.0
1776885497.5741026,-1.0,7.0,-50.0
1776885497.5841026,0.0,8.0,-54.0
1776885497.5941026,0.0,5.0,-56.0
1776885497.6041028,0.0,7.0,-56.0
1776885497.6141028,1.0,8.0,-50.0
1776885497.6241028,2.0,4.0,-51.0
1776885497.6341028,4.0,1.0,-47.0
1776885497.6441028,0.0,1.0,-43.0
1776885497.6541028,-1.0,-3.0,-35.0
1776885497.6641028,0.0,-3.0,-43.0
1776885497.6741028,-3.0,1.0,-47.0
1776885497.6841028,-6.0,1.0,-50.0
1776885497.6941028,-7.0,1.0,-49.0
1776885497.7041028,0.0,0.0,-49.0
1776885497.7141027,-1.0,0.0,-45.0
1776885497.7241027,-1.0,-2.0,-42.0
1776885497.7341027,-6.0,-5.0,-40.0
1776885497.7441027,-4.0,-6.0,-34.0
1776885497.7541027,-9.0,-7.0,-33.0
1776885497.7641027,-10.0,-5.0,-39.0
1776885497.7741027,-10.0,-1.0,-45.0
1776885497.784103,-9.0,2.0,-45.0
1776885497.794103,-6.0,3.0,-42.0
1776885497.804103,-5.0,1.0,-43.0
1776885497.8141026,1.0,-1.0,-46.0
1776885497.8241026,0.0,2.0,-46.0
1776885497.8341026,-1.0,-2.0,-42.0
1776885497.8441026,0.0,0.0,-38.0
1776885497.8541028,3.0,0.0,-36.0
1776885497.8641028,7.0,0.0,-34.0
1776885497.8741028,4.0,-3.0,-36.0
1776885497.8841028,2.0,-2.0,-38.0
1776885497.8941028,1.0,-5.0,-41.0
1776885497.9041028,3.0,-6.0,-42.0
1776885497.9141028,1.0,-6.0,-42.0
1776885497.9241028,0.0,-7.0,-41.0
1776885497.9341028,0.0,-7.0,-41.0
1776885497.9441028,1.0,-11.0,-40.0
1776885497.9541028,0.0,-7.0,-38.0
1776885497.9641027,-3.0,-7.0,-34.0
1776885497.9741027,0.0,-9.0,-38.0
1776885497.9841027,0.0,-9.0,-35.0
1776885497.9941027,4.0,-5.0,-40.0
1776885498.0041027,3.0,-3.0,-48.0
1776885498.0141027,1.0,-6.0,-51.0
1776885498.0241027,0.0,-6.0,-53.0
1776885498.034103,1.0,-6.0,-53.0
1776885498.044103,2.0,-5.0,-57.0
1776885498.054103,2.0,-3.0,-50.0
1776885498.0641026,2.0,0.0,-51.0
1776885498.0741026,1.0,-1.0,-46.0
1776885498.0841026,0.0,-1.0,-51.0
1776885498.0941026,-7.0,-1.0,-49.0
1776885498.1041028,-7.0,-4.0,-39.0
1776885498.1141028,-7.0,-4.0,-41.0
1776885498.1241028,-4.0,-5.0,-41.0
1776885498.1341028,-8.0,-5.0,-41.0
1776885498.1441028,-5.0,-3.0,-38.0
1776885498.1541028,0.0,2.0,-36.0
1776885498.1641028,2.0,0.0,-47.0
1776885498.1741028,8.0,-1.0,-46.0
1776885498.1841028,11.0,-1.0,-42.0
1776885498.1941028,8.0,-3.0,-41.0
1776885498.2041028,1.0,-2.0,-37.0
1776885498.2141027,2.0,0.0,-33.0
1776885498.2241027,2.0,-1.0,-34.0
1776885498.2341027,3.0,-5.0,-32.0
1776885498.2441027,1.0,-2.0,-35.0
1776885498.2541027,0.0,0.0,-47.0
1776885498.2641027,-1.0,-4.0,-44.0
1776885498.2741027,1.0,-9.0,-51.0
1776885498.284103,0.0,-11.0,-61.0
1776885498.294103,0.0,-8.0,-60.0
1776885498.304103,2.0,-5.0,-54.0
1776885498.3141026,0.0,-7.0,-53.0
1776885498.3241026,0.0,-6.0,-54.0
1776885498.3341026,2.0,-10.0,-55.0
1776885498.3441026,2.0,-8.0,-58.0
1776885498.3541028,0.0,-8.0,-58.0
1776885498.3641028,-3.0,-7.0,-53.0
1776885498.3741028,-7.0,-10.0,-46.0
1776885498.3841028,-2.0,-10.0,-47.0
1776885498.3941028,1.0,-8.0,-45.0
1776885498.4041028,0.0,-9.0,-41.0
1776885498.4151027,2.0,-9.0,-39.0
1776885498.4251027,1.0,-7.0,-37.0
1776885498.4351027,0.0,-2.0,-38.0
1776885498.4451027,0.0,1.0,-36.0
1776885498.4551027,3.0,-1.0,-39.0
1776885498.465103,4.0,-1.0,-40.0
1776885498.475103,2.0,-3.0,-48.0
1776885498.485103,0.0,-6.0,-47.0
1776885498.4951026,2.0,-4.0,-41.0
1776885498.5051026,0.0,-6.0,-41.0
1776885498.5151026,-2.0,-7.0,-38.0
1776885498.5251029,-2.0,-8.0,-40.0
1776885498.5351028,-1.0,-9.0,-45.0
1776885498.5451028,-6.0,-9.0,-47.0
1776885498.5551028,-2.0,-6.0,-41.0
1776885498.5651028,0.0,-2.0,-45.0
1776885498.5751028,-3.0,0.0,-48.0
1776885498.5851028,-2.0,2.0,-48.0
1776885498.5951028,-2.0,4.0,-51.0
1776885498.6051028,-2.0,2.0,-50.0
1776885498.6151028,0.0,1.0,-44.0
1776885498.6251028,-4.0,1.0,-42.0
1776885498.6351027,-8.0,-2.0,-43.0
1776885498.6451027,-9.0,-2.0,-46.0
1776885498.6551027,-5.0,-3.0,-50.0
1776885498.6651027,-1.0,-5.0,-53.0
1776885498.6751027,4.0,-3.0,-48.0
1776885498.6851027,3.0,0.0,-46.0
1776885498.6951027,0.0,2.0,-50.0
1776885498.7051027,0.0,-1.0,-54.0
1776885498.715103,-2.0,-5.0,-50.0
1776885498.725103,0.0,-9.0,-48.0
1776885498.735103,3.0,-7.0,-50.0
1776885498.7451026,7.0,-10.0,-56.0
1776885498.7551026,5.0,-6.0,-56.0
1776885498.7651026,2.0,-4.0,-56.0
1776885498.7751029,2.0,-2.0,-53.0
1776885498.7851028,-3.0,-7.0,-47.0
1776885498.7951028,1.0,-7.0,-45.0
1776885498.8051028,0.0,-6.0,-45.0
1776885498.8151028,-1.0,-6.0,-42.0
1776885498.8251028,3.0,-9.0,-40.0
1776885498.8351028,3.0,-10.0,-40.0
1776885498.8451028,-1.0,-8.0,-43.0
1776885498.8551028,0.0,-10.0,-45.0
1776885498.8651028,3.0,-9.0,-44.0
1776885498.8751028,1.0,-12.0,-51.0
1776885498.8851027,1.0,-12.0,-48.0
1776885498.8951027,2.0,-6.0,-44.0
1776885498.9051027,0.0,-3.0,-45.0
1776885498.9151027,-2.0,-4.0,-50.0
1776885498.9251027,-1.0,-8.0,-38.0
1776885498.9351027,-1.0,-8.0,-41.0
1776885498.9451027,-2.0,-4.0,-37.0
1776885498.9551027,-1.0,-4.0,-38.0
1776885498.965103,0.0,0.0,-42.0
1776885498.975103,0.0,0.0,-48.0
1776885498.985103,-3.0,-1.0,-47.0
1776885498.9951026,-2.0,-1.0,-45.0
1776885499.0051026,-1.0,-1.0,-40.0
1776885499.0151026,2.0,-1.0,-38.0
1776885499.0251029,4.0,2.0,-42.0
1776885499.0351028,7.0,2.0,-47.0
1776885499.0451028,6.0,2.0,-48.0
1776885499.0551028,4.0,1.0,-49.0
1776885499.0651028,0.0,3.0,-51.0
1776885499.0751028,-1.0,3.0,-53.0
1776885499.0851028,3.0,0.0,-52.0
1776885499.0951028,8.0,1.0,-51.0
1776885499.1051028,4.0,1.0,-50.0
1776885499.1151028,3.0,0.0,-46.0
1776885499.1251028,2.0,0.0,-42.0
1776885499.1351027,1.0,-1.0,-44.0
1776885499.1451027,0.0,0.0,-41.0
1776885499.1551027,-1.0,0.0,-36.0
1776885499.1651027,1.0,0.0,-36.0
1776885499.1751027,0.0,1.0,-37.0
1776885499.1851027,-2.0,3.0,-36.0
1776885499.1951027,0.0,0.0,-37.0
1776885499.2051027,-1.0,1.0,-41.0
1776885499.215103,-2.0,3.0,-44.0
1776885499.225103,0.0,4.0,-47.0
1776885499.235103,-2.0,7.0,-47.0
1776885499.2451026,0.0,3.0,-48.0
1776885499.2551026,-1.0,2.0,-41.0
1776885499.2651026,0.0,0.0,-42.0
1776885499.2751029,-1.0,1.0,-46.0
1776885499.2851028,0.0,0.0,-43.0
1776885499.2951028,-1.0,0.0,-47.0
1776885499.3051028,4.0,0.0,-51.0
1776885499.3151028,0.0,1.0,-47.0
1776885499.3251028,0.0,3.0,-44.0
1776885499.3351028,1.0,3.0,-44.0
1776885499.3451028,1.0,4.0,-51.0
1776885499.3551028,-2.0,5.0,-52.0
1776885499.3651028,-3.0,5.0,-47.0
1776885499.3751028,-1.0,2.0,-42.0
1776885499.3851027,-2.0,0.0,-43.0
1776885499.3951027,-2.0,-1.0,-46.0
1776885499.4051027,1.0,-2.0,-42.0
1776885499.4151027,3.0,0.0,-41.0
1776885499.4251027,3.0,-2.0,-41.0
1776885499.4351027,5.0,0.0,-45.0
1776885499.4451027,3.0,0.0,-48.0
1776885499.4551027,1.0,-3.0,-45.0
1776885499.465103,4.0,-2.0,-47.0
1776885499.475103,1.0,-3.0,-50.0
1776885499.485103,-3.0,-4.0,-52.0
1776885499.4951026,-1.0,-5.0,-50.0
1776885499.5051026,-2.0,-5.0,-47.0
1776885499.5151026,0.0,-3.0,-54.0
1776885499.5251029,2.0,-1.0,-50.0
1776885499.5351028,0.0,-2.0,-44.0
1776885499.5451028,-1.0,2.0,-40.0
1776885499.5551028,0.0,2.0,-39.0
1776885499.5651028,0.0,-1.0,-45.0
1776885499.5751028,3.0,-4.0,-51.0
1776885499.5851028,4.0,-3.0,-59.0
1776885499.5951028,6.0,-4.0,-61.0
1776885499.6051028,4.0,-5.0,-57.0
1776885499.6151028,0.0,-5.0,-55.0
1776885499.6251028,-4.0,-7.0,-51.0
1776885499.6351027,-3.0,-6.0,-46.0
1776885499.6451027,-3.0,-4.0,-46.0
1776885499.6551027,-5.0,-3.0,-43.0
1776885499.6651027,0.0,1.0,-40.0
1776885499.6751027,2.0,2.0,-37.0
1776885499.6851027,4.0,0.0,-42.0
1776885499.6951027,4.0,3.0,-45.0
1776885499.7051027,0.0,2.0,-45.0
1776885499.715103,2.0,1.0,-47.0
1776885499.725103,2.0,3.0,-50.0
1776885499.735103,0.0,3.0,-49.0
1776885499.7451026,1.0,0.0,-43.0
1776885499.7551026,-2.0,-2.0,-52.0
1776885499.7651026,-3.0,-3.0,-53.0
1776885499.7751029,-7.0,-2.0,-55.0
1776885499.7851028,-3.0,-4.0,-54.0
1776885499.7951028,-2.0,-3.0,-56.0
1776885499.8051028,0.0,-2.0,-52.0
1776885499.8151028,3.0,0.0,-52.0
1776885499.8251028,4.0,-1.0,-52.0
1776885499.8351028,6.0,0.0,-49.0
1776885499.8451028,3.0,0.0,-46.0
1776885499.8551028,2.0,-4.0,-50.0
1776885499.8651028,0.0,-4.0,-46.0
1776885499.8751028,6.0,0.0,-45.0
1776885499.8851027,4.0,0.0,-50.0
1776885499.8951027,4.0,3.0,-54.0
1776885499.9051027,3.0,2.0,-51.0
1776885499.9151027,-2.0,2.0,-51.0
1776885499.9251027,-1.0,3.0,-49.0
1776885499.9351027,-2.0,-1.0,-43.0
1776885499.9451027,-1.0,0.0,-46.0
1776885499.9551027,-2.0,0.0,-42.0
1776885499.965103,-6.0,-3.0,-40.0
1776885499.975103,-5.0,-6.0,-41.0
1776885499.985103,-11.0,-7.0,-35.0
1776885499.9951026,-6.0,-5.0,-39.0
1776885500.0051026,-9.0,-3.0,-39.0
1776885500.0151026,-5.0,-2.0,-36.0
1776885500.0251029,-1.0,-3.0,-35.0
1776885500.0351028,0.0,-2.0,-43.0
1776885500.0451028,1.0,-5.0,-45.0
1776885500.0551028,7.0,-6.0,-47.0
1776885500.0651028,5.0,-6.0,-46.0
1776885500.0751028,2.0,-4.0,-49.0
1776885500.0851028,1.0,-6.0,-51.0
1776885500.0951028,0.0,-2.0,-50.0
1776885500.1051028,3.0,-4.0,-44.0
1776885500.1151028,5.0,-6.0,-42.0
1776885500.1251028,9.0,-7.0,-42.0
1776885500.1351027,8.0,-7.0,-38.0
1776885500.1451027,3.0,-6.0,-33.0
1776885500.1551027,1.0,-6.0,-37.0
1776885500.1651027,3.0,-9.0,-43.0
1776885500.1751027,2.0,-9.0,-37.0
1776885500.1851027,4.0,-4.0,-42.0
1776885500.1951027,4.0,-2.0,-48.0
1776885500.2051027,5.0,-3.0,-39.0
1776885500.215103,2.0,-3.0,-38.0
1776885500.225103,3.0,-4.0,-45.0
1776885500.235103,2.0,-7.0,-37.0
1776885500.2451026,0.0,-6.0,-35.0
1776885500.2551026,3.0,0.0,-37.0
1776885500.2651026,1.0,3.0,-34.0
1776885500.2751029,3.0,1.0,-33.0
1776885500.2851028,3.0,1.0,-32.0
1776885500.2951028,3.0,0.0,-30.0
1776885500.3051028,2.0,0.0,-33.0
1776885500.3151028,3.0,3.0,-35.0
1776885500.3251028,5.0,4.0,-33.0
1776885500.3351028,4.0,2.0,-34.0
1776885500.3451028,0.0,3.0,-38.0
1776885500.3551028,-3.0,2.0,-43.0
1776885500.3661027,-2.0,3.0,-43.0
1776885500.3751028,-2.0,1.0,-39.0
1776885500.3851027,-3.0,2.0,-35.0
1776885500.396103,1.0,1.0,-37.0
1776885500.4051027,1.0,0.0,-36.0
1776885500.4161026,0.0,0.0,-39.0
1776885500.4261026,4.0,0.0,-36.0
1776885500.4361026,0.0,-1.0,-32.0
1776885500.4461029,-1.0,0.0,-29.0
1776885500.4561028,0.0,0.0,-32.0
1776885500.4661028,0.0,-2.0,-38.0
1776885500.4761028,-3.0,-2.0,-41.0
1776885500.4861028,-4.0,-6.0,-41.0
1776885500.4961028,2.0,-6.0,-49.0
1776885500.5061028,7.0,0.0,-54.0
1776885500.5161028,5.0,0.0,-48.0
1776885500.5261028,0.0,-3.0,-42.0
1776885500.5361028,-3.0,-2.0,-44.0
1776885500.5461028,-2.0,-6.0,-46.0
1776885500.5561028,-2.0,-4.0,-50.0
1776885500.5661027,-2.0,-8.0,-47.0
1776885500.5761027,1.0,-4.0,-47.0
1776885500.5861027,-1.0,-5.0,-51.0
1776885500.5961027,-4.0,-7.0,-55.0
1776885500.6061027,-4.0,-3.0,-61.0
1776885500.6161027,-1.0,-3.0,-62.0
1776885500.6261027,1.0,-3.0,-59.0
1776885500.636103,4.0,-3.0,-57.0
1776885500.646103,0.0,-5.0,-60.0
1776885500.656103,-1.0,-5.0,-58.0
1776885500.6661026,-2.0,-5.0,-48.0
1776885500.6761026,0.0,-3.0,-46.0
1776885500.6861026,2.0,-4.0,-45.0
1776885500.6961029,4.0,-3.0,-50.0
1776885500.7061028,2.0,-9.0,-50.0
1776885500.7161028,1.0,-5.0,-59.0
1776885500.7261028,4.0,0.0,-56.0
1776885500.7361028,3.0,-5.0,-56.0
1776885500.7461028,-2.0,-7.0,-56.0
1776885500.7561028,0.0,-7.0,-54.0
1776885500.7661028,-2.0,-6.0,-54.0
1776885500.7761028,-3.0,-6.0,-45.0
1776885500.7861028,-5.0,-4.0,-49.0
1776885500.7961028,0.0,0.0,-45.0
1776885500.8061028,0.0,0.0,-47.0
1776885500.8161027,2.0,0.0,-49.0
1776885500.8261027,8.0,-5.0,-44.0
1776885500.8361027,7.0,-4.0,-41.0
1776885500.8461027,9.0,-3.0,-41.0
1776885500.8561027,9.0,-1.0,-44.0
1776885500.8661027,4.0,-3.0,-44.0
1776885500.8761027,9.0,-6.0,-45.0
1776885500.886103,4.0,-3.0,-45.0
1776885500.896103,0.0,0.0,-41.0
1776885500.906103,0.0,-1.0,-42.0
1776885500.9161026,2.0,-3.0,-44.0
1776885500.9261026,2.0,0.0,-44.0
1776885500.9361026,-1.0,-1.0,-51.0
1776885500.9461029,1.0,1.0,-47.0
1776885500.9561028,1.0,0.0,-48.0
1776885500.9661028,0.0,0.0,-45.0
1776885500.9761028,2.0,1.0,-40.0
1776885500.9861028,0.0,-1.0,-39.0
1776885500.9961028,2.0,0.0,-40.0
1776885501.0061028,3.0,-1.0,-42.0
1776885501.0161028,0.0,-3.0,-47.0
1776885501.0261028,0.0,0.0,-44.0
1776885501.0361028,-1.0,1.0,-37.0
1776885501.0461028,2.0,0.0,-35.0
1776885501.0561028,5.0,0.0,-36.0
1776885501.0661027,3.0,1.0,-39.0
1776885501.0761027,0.0,-2.0,-36.0
1776885501.0861027,2.0,1.0,-41.0
1776885501.0961027,3.0,0.0,-45.0
1776885501.1061027,4.0,-2.0,-46.0
1776885501.1161027,3.0,1.0,-50.0
1776885501.1261027,0.0,2.0,-51.0
1776885501.136103,3.0,0.0,-50.0
1776885501.146103,0.0,2.0,-47.0
1776885501.156103,-2.0,-1.0,-46.0
1776885501.1661026,0.0,1.0,-50.0
1776885501.1761026,4.0,1.0,-45.0
1776885501.1861026,7.0,2.0,-43.0
1776885501.1961029,8.0,0.0,-36.0
1776885501.2061028,6.0,-3.0,-38.0
1776885501.2161028,7.0,-2.0,-34.0
1776885501.2261028,5.0,2.0,-40.0
1776885501.2361028,6.0,4.0,-34.0
1776885501.2461028,0.0,6.0,-32.0
1776885501.2561028,-10.0,5.0,-31.0
1776885501.2661028,-11.0,4.0,-31.0
1776885501.2761028,-12.0,2.0,-29.0
1776885501.2861028,-8.0,1.0,-39.0
1776885501.2961028,-2.0,1.0,-36.0
1776885501.3061028,-4.0,2.0,-39.0
1776885501.3161027,-4.0,0.0,-38.0
1776885501.3261027,-4.0,0.0,-39.0
1776885501.3361027,-2.0,-2.0,-39.0
1776885501.3461027,0.0,0.0,-41.0
1776885501.3561027,0.0,0.0,-43.0
1776885501.3661027,-2.0,0.0,-42.0
1776885501.3761027,-5.0,0.0,-42.0
1776885501.386103,-4.0,0.0,-41.0
1776885501.396103,-5.0,-1.0,-42.0
1776885501.406103,-2.0,-6.0,-41.0
1776885501.4161026,2.0,-5.0,-45.0
1776885501.4261026,5.0,-6.0,-42.0
1776885501.4361026,8.0,0.0,-45.0
1776885501.4461029,6.0,-2.0,-44.0
1776885501.4561028,4.0,-5.0,-42.0
1776885501.4661028,2.0,-6.0,-36.0
1776885501.4761028,-1.0,-7.0,-32.0
1776885501.4861028,-4.0,-3.0,-36.0
1776885501.4961028,-2.0,0.0,-37.0
1776885501.5061028,-2.0,1.0,-40.0
1776885501.5161028,-1.0,5.0,-35.0
1776885501.5261028,-2.0,4.0,-41.0
1776885501.5361028,-3.0,0.0,-39.0
1776885501.5461028,-5.0,-4.0,-34.0
1776885501.5561028,-2.0,0.0,-40.0
1776885501.5661027,0.0,-3.0,-37.0
1776885501.5761027,-1.0,-1.0,-39.0
1776885501.5861027,-7.0,-4.0,-34.0
1776885501.5961027,-4.0,-5.0,-38.0
1776885501.6061027,-5.0,-2.0,-38.0
1776885501.6161027,-2.0,-3.0,-40.0
1776885501.6261027,-3.0,-5.0,-39.0
1776885501.636103,-4.0,-3.0,-44.0
1776885501.646103,-4.0,0.0,-44.0
1776885501.656103,-7.0,-3.0,-40.0
1776885501.6661026,-9.0,-1.0,-47.0
1776885501.6761026,-10.0,-1.0,-47.0
1776885501.6861026,-7.0,0.0,-41.0
1776885501.6961029,-6.0,0.0,-47.0
1776885501.7061028,-2.0,1.0,-50.0
1776885501.7161028,-2.0,1.0,-55.0
1776885501.7261028,-2.0,0.0,-51.0
1776885501.7361028,0.0,0.0,-53.0
1776885501.7461028,2.0,-1.0,-54.0
1776885501.7561028,0.0,2.0,-47.0
1776885501.7661028,-4.0,-1.0,-43.0
1776885501.7761028,-8.0,-1.0,-41.0
1776885501.7861028,-7.0,0.0,-37.0
1776885501.7961028,-3.0,-3.0,-42.0
1776885501.8061028,-1.0,0.0,-47.0
1776885501.8161027,2.0,-1.0,-42.0
1776885501.8261027,3.0,-3.0,-37.0
1776885501.8361027,4.0,-3.0,-31.0
1776885501.8461027,5.0,-4.0,-43.0
1776885501.8561027,7.0,-5.0,-43.0
1776885501.8661027,5.0,-6.0,-39.0
1776885501.8761027,2.0,-3.0,-42.0
1776885501.886103,0.0,-6.0,-44.0
1776885501.896103,2.0,-7.0,-45.0
1776885501.906103,0.0,-3.0,-40.0
1776885501.9161026,3.0,-1.0,-39.0
1776885501.9261026,1.0,-2.0,-44.0
1776885501.9361026,4.0,-3.0,-50.0
1776885501.9461029,5.0,-7.0,-52.0
1776885501.9561028,6.0,-11.0,-49.0
1776885501.9661028,5.0,-11.0,-47.0
1776885501.9761028,3.0,-9.0,-43.0
1776885501.9861028,5.0,-3.0,-47.0
1776885501.9961028,6.0,-2.0,-46.0
1776885502.0061028,3.0,-1.0,-40.0
1776885502.0161028,-1.0,-1.0,-43.0
1776885502.0261028,-1.0,-1.0,-45.0
1776885502.0361028,-2.0,-4.0,-52.0
1776885502.0461028,-3.0,-2.0,-53.0
1776885502.0561028,-5.0,-1.0,-54.0
1776885502.0661027,-1.0,-4.0,-52.0
1776885502.0761027,1.0,-3.0,-54.0
1776885502.0861027,1.0,-1.0,-49.0
1776885502.0961027,0.0,-3.0,-46.0
1776885502.1061027,1.0,-3.0,-43.0
1776885502.1161027,-1.0,-1.0,-41.0
1776885502.1261027,-8.0,2.0,-44.0
1776885502.136103,-4.0,1.0,-40.0
1776885502.146103,-3.0,0.0,-43.0
1776885502.156103,2.0,1.0,-43.0
1776885502.1661026,3.0,1.0,-42.0
1776885502.1761026,4.0,1.0,-43.0
1776885502.1861026,0.0,1.0,-41.0
1776885502.1961029,1.0,4.0,-35.0
1776885502.2061028,0.0,3.0,-38.0
1776885502.2161028,0.0,3.0,-39.0
1776885502.2261028,1.0,3.0,-41.0
1776885502.2361028,1.0,0.0,-44.0
1776885502.2461028,0.0,-6.0,-43.0
1776885502.2561028,-2.0,-7.0,-44.0
1776885502.2661028,0.0,-7.0,-42.0
1776885502.2761028,-1.0,-8.0,-42.0
1776885502.2861028,-9.0,-9.0,-40.0
1776885502.2961028,-9.0,-8.0,-41.0
1776885502.3061028,-6.0,-7.0,-43.0
1776885502.317103,-1.0,-8.0,-41.0
1776885502.3261027,2.0,-8.0,-43.0
1776885502.3361027,0.0,-9.0,-41.0
1776885502.3471026,-2.0,-8.0,-39.0
1776885502.3561027,-3.0,-8.0,-37.0
1776885502.3661027,-3.0,-8.0,-41.0
1776885502.3771029,-2.0,-7.0,-39.0
1776885502.3871028,0.0,-5.0,-38.0
1776885502.3971028,7.0,-8.0,-35.0
1776885502.406103,7.0,-5.0,-32.0
1776885502.4171028,10.0,-5.0,-32.0
1776885502.4271028,8.0,-4.0,-30.0
1776885502.4371028,9.0,-2.0,-32.0
1776885502.4471028,6.0,-5.0,-35.0
1776885502.4571028,9.0,-6.0,-33.0
1776885502.4671028,3.0,-3.0,-33.0
1776885502.4771028,2.0,-7.0,-29.0
1776885502.4871027,0.0,-6.0,-32.0
1776885502.4971027,0.0,-5.0,-35.0
1776885502.5071027,-1.0,-4.0,-33.0
1776885502.5171027,1.0,-3.0,-47.0
1776885502.5271027,2.0,-4.0,-46.0
1776885502.5371027,5.0,-1.0,-49.0
1776885502.5471027,3.0,-3.0,-51.0
1776885502.557103,5.0,0.0,-54.0
1776885502.567103,8.0,-2.0,-51.0
1776885502.577103,8.0,-6.0,-49.0
1776885502.587103,3.0,-4.0,-49.0
1776885502.5971026,6.0,-2.0,-51.0
1776885502.6071026,8.0,-1.0,-49.0
1776885502.6171026,10.0,-3.0,-43.0
1776885502.6271029,10.0,-2.0,-41.0
1776885502.6371028,8.0,-5.0,-42.0
1776885502.6471028,9.0,-9.0,-43.0
1776885502.6571028,7.0,-6.0,-41.0
1776885502.6671028,7.0,-4.0,-38.0
1776885502.6771028,6.0,0.0,-42.0
1776885502.6871028,3.0,0.0,-41.0
1776885502.6971028,4.0,1.0,-45.0
1776885502.7071028,0.0,4.0,-48.0
1776885502.7171028,0.0,1.0,-51.0
1776885502.7271028,2.0,-1.0,-44.0
1776885502.7371027,-2.0,-4.0,-42.0
1776885502.7471027,-2.0,-3.0,-44.0
1776885502.7571027,0.0,-6.0,-50.0
1776885502.7671027,1.0,-8.0,-43.0
1776885502.7771027,-1.0,-11.0,-49.0
1776885502.7871027,0.0,-8.0,-44.0
1776885502.7971027,4.0,-7.0,-45.0
1776885502.807103,2.0,-5.0,-45.0
1776885502.817103,2.0,-3.0,-44.0
1776885502.827103,5.0,-4.0,-44.0
1776885502.837103,8.0,-7.0,-51.0
1776885502.8471026,4.0,-10.0,-50.0
1776885502.8571026,7.0,-7.0,-49.0
1776885502.8671026,7.0,-8.0,-53.0
1776885502.8771029,1.0,-8.0,-50.0
1776885502.8871028,0.0,-10.0,-45.0
1776885502.8971028,0.0,-8.0,-43.0
1776885502.9071028,-2.0,-3.0,-39.0
1776885502.9171028,-4.0,-4.0,-34.0
1776885502.9271028,-3.0,2.0,-34.0
1776885502.9371028,-3.0,2.0,-31.0
1776885502.9471028,1.0,1.0,-26.0
1776885502.9571028,5.0,-4.0,-30.0
1776885502.9671028,3.0,-2.0,-30.0
1776885502.9771028,6.0,-2.0,-32.0
1776885502.9871027,4.0,-4.0,-39.0
1776885502.9971027,0.0,-4.0,-45.0
1776885503.0071027,0.0,-4.0,-43.0
1776885503.0171027,0.0,-4.0,-39.0
1776885503.0271027,-2.0,-1.0,-35.0
1776885503.0371027,0.0,0.0,-34.0
1776885503.0471027,-1.0,-2.0,-36.0
1776885503.057103,-2.0,-2.0,-41.0
1776885503.067103,0.0,0.0,-46.0
1776885503.077103,3.0,0.0,-46.0
1776885503.087103,5.0,-2.0,-43.0
1776885503.0971026,6.0,-1.0,-43.0
1776885503.1071026,4.0,0.0,-47.0
1776885503.1171026,0.0,3.0,-40.0
1776885503.1271029,2.0,-2.0,-36.0
1776885503.1371028,3.0,-2.0,-38.0
1776885503.1471028,5.0,-2.0,-34.0
1776885503.1571028,3.0,-6.0,-32.0
1776885503.1671028,4.0,-7.0,-38.0
1776885503.1771028,5.0,-8.0,-45.0
1776885503.1871028,0.0,-4.0,-35.0
1776885503.1971028,-1.0,-1.0,-35.0
1776885503.2071028,0.0,-2.0,-35.0
1776885503.2171028,3.0,-4.0,-33.0
1776885503.2271028,3.0,-7.0,-41.0
1776885503.2371027,1.0,-9.0,-46.0
1776885503.2471027,1.0,-6.0,-51.0
1776885503.2571027,2.0,-2.0,-47.0
1776885503.2671027,3.0,-1.0,-39.0
1776885503.2771027,0.0,4.0,-40.0
1776885503.2871027,-2.0,3.0,-42.0
1776885503.2971027,2.0,4.0,-43.0
1776885503.307103,0.0,4.0,-46.0
1776885503.317103,5.0,3.0,-48.0
1776885503.327103,5.0,2.0,-53.0
1776885503.337103,1.0,0.0,-52.0
1776885503.3471026,2.0,-1.0,-56.0
1776885503.3571026,2.0,1.0,-52.0
1776885503.3671026,3.0,4.0,-49.0
1776885503.3771029,0.0,3.0,-46.0
1776885503.3871028,-2.0,4.0,-42.0
1776885503.3971028,-2.0,5.0,-42.0
1776885503.4071028,-2.0,4.0,-43.0
1776885503.4171028,-2.0,1.0,-43.0
1776885503.4271028,-2.0,2.0,-40.0
1776885503.4371028,-5.0,-1.0,-46.0
1776885503.4471028,0.0,-8.0,-45.0
1776885503.4571028,1.0,-3.0,-44.0
1776885503.4671028,0.0,-3.0,-42.0
1776885503.4771028,-3.0,2.0,-43.0
1776885503.4871027,1.0,0.0,-47.0
1776885503.4971027,1.0,-4.0,-44.0
1776885503.5071027,0.0,-6.0,-43.0
1776885503.5171027,1.0,-7.0,-43.0
1776885503.5271027,-3.0,-6.0,-43.0
1776885503.5371027,0.0,-6.0,-39.0
1776885503.5471027,3.0,1.0,-45.0
1776885503.557103,3.0,0.0,-42.0
1776885503.567103,1.0,0.0,-52.0
1776885503.577103,6.0,0.0,-54.0
1776885503.587103,8.0,0.0,-49.0
1776885503.5971026,5.0,-3.0,-46.0
1776885503.6071026,4.0,-1.0,-45.0
1776885503.6171026,7.0,0.0,-47.0
1776885503.6271029,10.0,0.0,-48.0
1776885503.6371028,12.0,0.0,-41.0
1776885503.6471028,1.0,-2.0,-39.0
1776885503.6571028,0.0,3.0,-34.0
1776885503.6671028,3.0,3.0,-38.0
1776885503.6771028,3.0,3.0,-39.0
1776885503.6871028,0.0,0.0,-39.0
1776885503.6971028,-2.0,1.0,-46.0
1776885503.7071028,-1.0,0.0,-45.0
1776885503.7171028,2.0,-4.0,-45.0
1776885503.7271028,9.0,-6.0,-51.0
1776885503.7371027,7.0,-4.0,-49.0
1776885503.7471027,4.0,-4.0,-45.0
1776885503.7571027,3.0,-3.0,-41.0
1776885503.7671027,0.0,-4.0,-42.0
1776885503.7771027,5.0,-1.0,-44.0
1776885503.7871027,0.0,0.0,-44.0
1776885503.7971027,-5.0,0.0,-38.0
1776885503.807103,-3.0,1.0,-47.0
1776885503.817103,0.0,2.0,-48.0
1776885503.827103,3.0,4.0,-43.0
1776885503.837103,4.0,5.0,-37.0
1776885503.8471026,0.0,3.0,-39.0
1776885503.8571026,-2.0,3.0,-37.0
1776885503.8671026,-2.0,1.0,-40.0
1776885503.8771029,-2.0,-1.0,-37.0
1776885503.8871028,1.0,2.0,-35.0
1776885503.8971028,0.0,4.0,-37.0
1776885503.9071028,0.0,5.0,-40.0
1776885503.9171028,-2.0,5.0,-40.0
1776885503.9271028,-1.0,5.0,-41.0
1776885503.9371028,0.0,1.0,-42.0
1776885503.9471028,-6.0,3.0,-37.0
1776885503.9571028,-8.0,3.0,-34.0
1776885503.9671028,-6.0,3.0,-40.0
1776885503.9771028,-7.0,0.0,-37.0
1776885503.9871027,-9.0,0.0,-41.0
1776885503.9971027,-5.0,-2.0,-43.0
1776885504.0071027,-2.0,0.0,-52.0
1776885504.0171027,2.0,0.0,-56.0
1776885504.0271027,-1.0,2.0,-54.0
1776885504.0371027,0.0,2.0,-53.0
1776885504.0471027,2.0,1.0,-51.0
1776885504.057103,5.0,0.0,-52.0
1776885504.067103,7.0,-2.0,-51.0
1776885504.077103,9.0,-2.0,-50.0
1776885504.087103,6.0,-2.0,-48.0
1776885504.0971026,7.0,-3.0,-43.0
1776885504.1071026,5.0,-6.0,-46.0
1776885504.1171026,2.0,-6.0,-47.0
1776885504.1271029,1.0,-3.0,-43.0
1776885504.1371028,0.0,-4.0,-33.0
1776885504.1471028,4.0,-6.0,-34.0
1776885504.1571028,0.0,-8.0,-31.0
1776885504.1671028,-2.0,-8.0,-32.0
1776885504.1771028,-1.0,-8.0,-27.0
1776885504.1871028,-2.0,-7.0,-28.0
1776885504.1971028,0.0,-4.0,-29.0
1776885504.2071028,1.0,-4.0,-33.0
1776885504.2171028,4.0,-6.0,-38.0
1776885504.2271028,4.0,-4.0,-41.0
1776885504.2371027,7.0,-8.0,-47.0
1776885504.2471027,7.0,-3.0,-44.0
1776885504.2571027,3.0,0.0,-38.0
1776885504.2671027,2.0,-4.0,-43.0
1776885504.2771027,2.0,-2.0,-39.0
1776885504.2871027,6.0,2.0,-44.0
1776885504.2971027,8.0,0.0,-42.0
1776885504.307103,8.0,0.0,-42.0
1776885504.317103,3.0,0.0,-50.0
1776885504.327103,2.0,4.0,-54.0
1776885504.337103,5.0,5.0,-51.0
1776885504.3471026,0.0,6.0,-44.0
1776885504.3581028,-1.0,8.0,-29.0
1776885504.3681028,-3.0,0.0,-38.0
1776885504.3781028,-3.0,0.0,-35.0
1776885504.3881028,-4.0,-2.0,-37.0
1776885504.3981028,-5.0,-3.0,-40.0
1776885504.4081028,-4.0,-7.0,-45.0
1776885504.4181027,1.0,-6.0,-39.0
1776885504.4281027,4.0,-6.0,-44.0
1776885504.4381027,0.0,-2.0,-46.0
1776885504.4481027,4.0,-3.0,-49.0
1776885504.4581027,3.0,-2.0,-47.0
1776885504.4681027,1.0,-2.0,-45.0
1776885504.4781027,3.0,1.0,-46.0
1776885504.488103,3.0,0.0,-48.0
1776885504.498103,-2.0,0.0,-37.0
1776885504.508103,-1.0,0.0,-36.0
1776885504.5181026,1.0,0.0,-33.0
1776885504.5281026,5.0,0.0,-34.0
1776885504.5381026,2.0,-1.0,-39.0
1776885504.5481029,6.0,0.0,-35.0
1776885504.5581028,5.0,2.0,-33.0
1776885504.5681028,2.0,3.0,-32.0
1776885504.5781028,3.0,6.0,-35.0
1776885504.5881028,4.0,4.0,-40.0
1776885504.5981028,1.0,0.0,-38.0
1776885504.6081028,1.0,1.0,-38.0
1776885504.6181028,1.0,3.0,-45.0
1776885504.6281028,0.0,4.0,-50.0
1776885504.6381028,0.0,-2.0,-47.0
1776885504.6481028,3.0,-3.0,-52.0
1776885504.6581028,0.0,-1.0,-51.0
1776885504.6681027,0.0,-3.0,-55.0
1776885504.6781027,0.0,-1.0,-60.0
1776885504.6881027,-1.0,0.0,-53.0
1776885504.6981027,-1.0,1.0,-56.0
1776885504.7081027,0.0,2.0,-56.0
1776885504.7181027,-1.0,-1.0,-60.0
1776885504.7281027,-4.0,-1.0,-58.0
1776885504.738103,-3.0,-6.0,-55.0
1776885504.748103,0.0,-7.0,-49.0
1776885504.758103,0.0,-10.0,-46.0
1776885504.7681026,2.0,-5.0,-48.0
1776885504.7781026,3.0,-7.0,-46.0
1776885504.7881026,0.0,-8.0,-44.0
1776885504.7991028,1.0,-7.0,-41.0
1776885504.8081028,2.0,-4.0,-42.0
1776885504.8181028,0.0,-3.0,-39.0
1776885504.8281028,-3.0,-1.0,-38.0
1776885504.8381028,-4.0,-4.0,-40.0
1776885504.8481028,-3.0,-3.0,-46.0
1776885504.8581028,0.0,-2.0,-44.0
1776885504.8681028,2.0,-1.0,-43.0
1776885504.8781028,4.0,0.0,-44.0
1776885504.8881028,4.0,0.0,-44.0
1776885504.8981028,3.0,0.0,-43.0
1776885504.9081028,9.0,-1.0,-40.0
1776885504.9181027,5.0,-2.0,-41.0
1776885504.9281027,3.0,-2.0,-38.0
1776885504.9381027,2.0,0.0,-39.0
1776885504.9481027,4.0,0.0,-41.0
1776885504.9581027,5.0,0.0,-37.0
1776885504.9681027,6.0,2.0,-44.0
1776885504.9781027,3.0,0.0,-46.0
1776885504.988103,0.0,-2.0,-48.0
1776885504.998103,-1.0,-5.0,-52.0
1776885505.008103,-2.0,-3.0,-50.0
1776885505.0181026,0.0,-3.0,-51.0
1776885505.0281026,0.0,-4.0,-54.0
1776885505.0381026,1.0,0.0,-53.0
1776885505.0481029,3.0,6.0,-51.0
1776885505.0581028,5.0,1.0,-50.0
1776885505.0681028,4.0,-3.0,-48.0
1776885505.0781028,3.0,1.0,-53.0
1776885505.0881028,1.0,2.0,-53.0
1776885505.0981028,1.0,-2.0,-49.0
1776885505.1081028,1.0,-5.0,-49.0
1776885505.1181028,0.0,-8.0,-46.0
1776885505.1281028,-2.0,-6.0,-50.0
1776885505.1381028,0.0,-7.0,-52.0
1776885505.1481028,4.0,-6.0,-48.0
1776885505.1581028,1.0,-4.0,-45.0
1776885505.1681027,0.0,-3.0,-43.0
1776885505.1781027,-2.0,-4.0,-46.0
1776885505.1881027,-4.0,-6.0,-40.0
1776885505.1981027,-3.0,-6.0,-39.0
1776885505.2081027,1.0,-2.0,-37.0
1776885505.2181027,8.0,-1.0,-32.0
1776885505.2281027,7.0,0.0,-32.0
1776885505.238103,4.0,0.0,-43.0
1776885505.248103,1.0,-1.0,-44.0
1776885505.258103,0.0,-3.0,-45.0
1776885505.2681026,2.0,-4.0,-49.0
1776885505.2781026,2.0,-4.0,-46.0
1776885505.2881026,-2.0,-5.0,-47.0
1776885505.2981029,-2.0,-3.0,-47.0
1776885505.3081028,-2.0,-2.0,-49.0
1776885505.3181028,-4.0,-3.0,-48.0
1776885505.3281028,0.0,-2.0,-49.0
1776885505.3381028,1.0,-5.0,-40.0
1776885505.3481028,2.0,-3.0,-36.0
1776885505.3581028,-2.0,-5.0,-40.0
1776885505.3681028,-5.0,-3.0,-38.0
1776885505.3781028,-3.0,1.0,-35.0
1776885505.3881028,-4.0,3.0,-38.0
1776885505.3981028,-1.0,0.0,-35.0
1776885505.4081028,-4.0,-2.0,-32.0
1776885505.4181027,-3.0,1.0,-33.0
1776885505.4281027,0.0,0.0,-37.0
1776885505.4381027,-3.0,-1.0,-44.0
1776885505.4481027,-1.0,-2.0,-48.0
1776885505.4581027,-2.0,-3.0,-48.0
1776885505.4681027,-4.0,1.0,-41.0
1776885505.4781027,-5.0,2.0,-40.0
1776885505.488103,-2.0,0.0,-42.0
1776885505.498103,-1.0,-1.0,-46.0
1776885505.508103,-2.0,-2.0,-43.0
1776885505.5181026,0.0,-1.0,-39.0
1776885505.5281026,-4.0,-3.0,-41.0
1776885505.5381026,-1.0,-3.0,-46.0
1776885505.5481029,-1.0,-7.0,-50.0
1776885505.5581028,-1.0,-4.0,-49.0
1776885505.5681028,-2.0,-1.0,-50.0
1776885505.5781028,-4.0,-3.0,-46.0
1776885505.5881028,-5.0,-4.0,-44.0
1776885505.5981028,1.0,-3.0,-45.0
1776885505.6081028,1.0,-5.0,-38.0
1776885505.6181028,1.0,-5.0,-46.0
1776885505.6281028,3.0,0.0,-46.0
1776885505.6381028,0.0,-2.0,-43.0
1776885505.6481028,1.0,0.0,-48.0
1776885505.6581028,3.0,-2.0,-50.0
1776885505.6681027,7.0,-3.0,-46.0
1776885505.6781027,8.0,-9.0,-42.0
1776885505.6881027,7.0,-5.0,-38.0
1776885505.6981027,5.0,-6.0,-37.0
1776885505.7081027,2.0,-6.0,-39.0
1776885505.7181027,5.0,-4.0,-43.0
1776885505.7281027,3.0,0.0,-36.0
1776885505.738103,5.0,0.0,-33.0
1776885505.748103,5.0,0.0,-33.0
1776885505.758103,5.0,0.0,-34.0
1776885505.7681026,7.0,-2.0,-34.0
1776885505.7781026,3.0,-3.0,-41.0
1776885505.7881026,0.0,-2.0,-35.0
1776885505.7981029,2.0,-2.0,-43.0
1776885505.8081028,5.0,0.0,-47.0
1776885505.8181028,2.0,3.0,-47.0
1776885505.8281028,7.0,7.0,-47.0
1776885505.8381028,5.0,5.0,-44.0
1776885505.8481028,0.0,4.0,-39.0
1776885505.8581028,-2.0,5.0,-39.0
1776885505.8681028,-4.0,3.0,-36.0
1776885505.8781028,-4.0,2.0,-35.0
1776885505.8881028,0.0,-3.0,-45.0
1776885505.8981028,0.0,-5.0,-42.0
1776885505.9081028,3.0,-5.0,-45.0
1776885505.9181027,2.0,-3.0,-42.0
1776885505.9281027,-1.0,-3.0,-41.0
1776885505.9381027,2.0,-2.0,-39.0
1776885505.9481027,4.0,0.0,-45.0
1776885505.9581027,-1.0,0.0,-41.0
1776885505.9681027,-2.0,-4.0,-42.0
1776885505.9781027,2.0,-2.0,-46.0
1776885505.988103,2.0,0.0,-42.0
1776885505.998103,4.0,-1.0,-39.0
1776885506.008103,9.0,0.0,-34.0
1776885506.0181026,7.0,0.0,-36.0
1776885506.0281026,3.0,0.0,-41.0
1776885506.0381026,0.0,6.0,-37.0
1776885506.0481029,-3.0,1.0,-34.0
1776885506.0581028,-3.0,-1.0,-35.0
1776885506.0681028,-6.0,-3.0,-33.0
1776885506.0781028,-6.0,-2.0,-38.0
1776885506.0881028,-6.0,-3.0,-38.0
1776885506.0981028,0.0,0.0,-37.0
1776885506.1081028,0.0,6.0,-37.0
1776885506.1181028,-1.0,8.0,-43.0
1776885506.1281028,-6.0,1.0,-43.0
1776885506.1381028,-7.0,0.0,-47.0
1776885506.1481028,-7.0,0.0,-53.0
1776885506.1581028,-6.0,-1.0,-53.0
1776885506.1681027,-3.0,0.0,-52.0
1776885506.1781027,-3.0,1.0,-48.0
1776885506.1881027,-1.0,0.0,-52.0
1776885506.1981027,-5.0,-2.0,-58.0
1776885506.2081027,-4.0,1.0,-58.0
1776885506.2181027,-5.0,1.0,-63.0
1776885506.2281027,-4.0,-2.0,-56.0
1776885506.238103,-3.0,-2.0,-55.0
1776885506.248103,-5.0,-4.0,-56.0
1776885506.258103,-4.0,-2.0,-48.0
1776885506.2681026,2.0,-1.0,-45.0
1776885506.2781026,-1.0,-2.0,-50.0
1776885506.2881026,0.0,0.0,-45.0
1776885506.2981029,-4.0,2.0,-43.0
1776885506.3081028,0.0,-1.0,-45.0
1776885506.3191028,0.0,-3.0,-44.0
1776885506.3281028,-2.0,0.0,-47.0
1776885506.3381028,-4.0,3.0,-53.0
1776885506.3481028,0.0,3.0,-54.0
1776885506.3591027,2.0,3.0,-54.0
1776885506.3691027,0.0,5.0,-57.0
1776885506.3791027,1.0,3.0,-57.0
1776885506.3891027,5.0,-1.0,-55.0
1776885506.3991027,4.0,1.0,-53.0
1776885506.409103,0.0,0.0,-46.0
1776885506.419103,0.0,0.0,-44.0
1776885506.429103,3.0,-3.0,-37.0
1776885506.4391026,2.0,-6.0,-44.0
1776885506.4491026,-2.0,-8.0,-45.0
1776885506.4591026,-3.0,-8.0,-52.0
1776885506.4691026,-1.0,-5.0,-51.0
1776885506.4791028,0.0,-3.0,-49.0
1776885506.4891028,-1.0,-1.0,-45.0
1776885506.4991028,-5.0,-1.0,-48.0
1776885506.5091028,-4.0,-4.0,-47.0
1776885506.5191028,-4.0,-5.0,-46.0
1776885506.5291028,0.0,-7.0,-50.0
1776885506.5391028,-1.0,-7.0,-47.0
1776885506.5491028,-3.0,-3.0,-42.0
1776885506.5591028,-3.0,-3.0,-37.0
1776885506.5691028,-2.0,0.0,-37.0
1776885506.5791028,0.0,0.0,-30.0
1776885506.5891027,-1.0,1.0,-34.0
1776885506.5991027,-3.0,-2.0,-34.0
1776885506.6091027,-3.0,-4.0,-31.0
1776885506.6191027,3.0,-3.0,-30.0
1776885506.6291027,2.0,-5.0,-32.0
1776885506.6391027,3.0,-7.0,-41.0
1776885506.6491027,9.0,-8.0,-39.0
1776885506.659103,11.0,-4.0,-41.0
1776885506.669103,11.0,-2.0,-37.0
1776885506.679103,4.0,-1.0,-42.0
1776885506.6891026,8.0,1.0,-41.0
1776885506.6991026,5.0,0.0,-34.0
1776885506.7091026,6.0,0.0,-32.0
1776885506.7191026,8.0,4.0,-30.0
1776885506.7291028,4.0,1.0,-27.0
1776885506.7391028,4.0,1.0,-38.0
1776885506.7491028,3.0,4.0,-41.0
1776885506.7591028,-1.0,7.0,-42.0
1776885506.7691028,0.0,4.0,-46.0
1776885506.7791028,-2.0,3.0,-50.0
1776885506.7891028,-1.0,4.0,-48.0
1776885506.7991028,-2.0,0.0,-51.0
1776885506.8091028,-3.0,0.0,-51.0
1776885506.8191028,-3.0,2.0,-52.0
1776885506.8291028,-1.0,1.0,-49.0
1776885506.8391027,0.0,5.0,-47.0
1776885506.8491027,2.0,1.0,-43.0
1776885506.8591027,1.0,2.0,-33.0
1776885506.8691027,1.0,2.0,-35.0
1776885506.8791027,6.0,1.0,-39.0
1776885506.8891027,5.0,2.0,-37.0
1776885506.8991027,5.0,-1.0,-40.0
1776885506.909103,6.0,-3.0,-40.0
1776885506.919103,6.0,0.0,-40.0
1776885506.929103,9.0,-2.0,-44.0
1776885506.9391026,4.0,-8.0,-43.0
1776885506.9491026,4.0,-2.0,-39.0
1776885506.9591026,8.0,-4.0,-42.0
1776885506.9691026,5.0,-6.0,-37.0
1776885506.9791028,3.0,-5.0,-42.0
1776885506.9891028,1.0,-8.0,-52.0
1776885506.9991028,1.0,-10.0,-51.0
1776885507.0091028,2.0,-8.0,-46.0
1776885507.0191028,2.0,-6.0,-46.0
1776885507.0291028,0.0,-3.0,-52.0
1776885507.0391028,0.0,-5.0,-49.0
1776885507.0491028,2.0,-7.0,-45.0
1776885507.0591028,0.0,-5.0,-48.0
1776885507.0691028,1.0,-7.0,-39.0
1776885507.0791028,3.0,-7.0,-39.0
1776885507.0891027,4.0,-6.0,-42.0
1776885507.0991027,1.0,-6.0,-45.0
1776885507.1091027,3.0,-4.0,-50.0
1776885507.1191027,-2.0,0.0,-41.0
1776885507.1291027,-2.0,0.0,-39.0
1776885507.1391027,0.0,1.0,-36.0
1776885507.1491027,-1.0,0.0,-34.0
1776885507.159103,1.0,2.0,-36.0
1776885507.169103,-2.0,2.0,-37.0
1776885507.179103,0.0,-2.0,-34.0
1776885507.1891026,0.0,-1.0,-33.0
1776885507.1991026,3.0,-2.0,-37.0
1776885507.2091026,0.0,-5.0,-35.0
1776885507.2191026,0.0,-6.0,-42.0
1776885507.2291028,-1.0,-5.0,-42.0
1776885507.2391028,-4.0,-4.0,-46.0
1776885507.2491028,0.0,-7.0,-54.0
1776885507.2591028,4.0,-3.0,-53.0
1776885507.2691028,7.0,-6.0,-53.0
1776885507.2791028,9.0,-5.0,-57.0
1776885507.2891028,1.0,-4.0,-54.0
1776885507.2991028,2.0,-4.0,-47.0
1776885507.3091028,3.0,-3.0,-48.0
1776885507.3191028,2.0,0.0,-43.0
1776885507.3291028,1.0,2.0,-40.0
1776885507.3391027,0.0,2.0,-33.0
1776885507.3491027,2.0,1.0,-36.0
1776885507.3591027,5.0,0.0,-42.0
1776885507.3691027,5.0,2.0,-40.0
1776885507.3791027,6.0,0.0,-36.0
1776885507.3891027,5.0,1.0,-38.0
1776885507.3991027,8.0,-1.0,-42.0
1776885507.409103,1.0,0.0,-50.0
1776885507.419103,0.0,-2.0,-51.0
1776885507.429103,0.0,0.0,-48.0
1776885507.4391026,-3.0,0.0,-45.0
1776885507.4491026,-3.0,0.0,-48.0
1776885507.4591026,-2.0,-3.0,-46.0
1776885507.4691026,4.0,-6.0,-43.0
1776885507.4791028,5.0,-5.0,-38.0
1776885507.4891028,5.0,-5.0,-31.0
1776885507.4991028,4.0,-4.0,-30.0
1776885507.5091028,5.0,-5.0,-36.0
1776885507.5191028,3.0,-4.0,-39.0
1776885507.5291028,3.0,-5.0,-40.0
1776885507.5391028,0.0,-5.0,-36.0
1776885507.5491028,2.0,-4.0,-41.0
1776885507.5591028,3.0,-2.0,-40.0
1776885507.5691028,1.0,-4.0,-38.0
1776885507.5791028,0.0,-2.0,-35.0
1776885507.5891027,-1.0,-2.0,-36.0
1776885507.5991027,-2.0,-2.0,-36.0
1776885507.6091027,-1.0,-4.0,-44.0
1776885507.6191027,-1.0,-2.0,-48.0
1776885507.6291027,-1.0,-3.0,-47.0
1776885507.6391027,-1.0,-2.0,-42.0
1776885507.6491027,3.0,2.0,-41.0
1776885507.659103,6.0,-1.0,-41.0
1776885507.669103,7.0,-3.0,-39.0
1776885507.679103,10.0,-5.0,-40.0
1776885507.6891026,10.0,-5.0,-41.0
1776885507.6991026,8.0,-2.0,-40.0
1776885507.7091026,5.0,-6.0,-39.0
1776885507.7191026,8.0,-6.0,-39.0
1776885507.7291028,1.0,-5.0,-39.0
1776885507.7391028,-1.0,-7.0,-45.0
1776885507.7491028,-5.0,-7.0,-49.0
1776885507.7591028,-4.0,-4.0,-51.0
1776885507.7691028,-4.0,-1.0,-46.0
1776885507.7791028,-2.0,0.0,-46.0
1776885507.7891028,-2.0,0.0,-44.0
1776885507.7991028,-4.0,0.0,-46.0
1776885507.8091028,-3.0,-1.0,-40.0
1776885507.8191028,2.0,-3.0,-41.0
1776885507.8291028,2.0,-1.0,-37.0
1776885507.8391027,2.0,0.0,-38.0
1776885507.8491027,5.0,0.0,-41.0
1776885507.8591027,1.0,-1.0,-38.0
1776885507.8691027,-1.0,-4.0,-39.0
1776885507.8791027,4.0,-1.0,-45.0
1776885507.8891027,5.0,0.0,-47.0
1776885507.8991027,8.0,-4.0,-54.0
1776885507.909103,10.0,-5.0,-53.0
1776885507.919103,7.0,-3.0,-51.0
1776885507.929103,3.0,-1.0,-52.0
1776885507.9391026,0.0,0.0,-48.0
1776885507.9491026,0.0,0.0,-44.0
1776885507.9591026,-3.0,0.0,-42.0
1776885507.9691026,1.0,0.0,-39.0
1776885507.9791028,1.0,0.0,-43.0
1776885507.9891028,0.0,3.0,-42.0
1776885507.9991028,1.0,3.0,-44.0
1776885508.0091028,-1.0,-1.0,-39.0
1776885508.0191028,-3.0,0.0,-35.0
1776885508.0291028,-3.0,-1.0,-40.0
1776885508.0391028,-6.0,-2.0,-41.0
1776885508.0491028,-2.0,-3.0,-44.0
1776885508.0591028,-2.0,-2.0,-51.0
1776885508.0691028,0.0,0.0,-43.0
1776885508.0791028,1.0,0.0,-45.0
1776885508.0891027,3.0,1.0,-44.0
1776885508.0991027,4.0,-1.0,-43.0
1776885508.1091027,2.0,-2.0,-39.0
1776885508.1191027,2.0,-4.0,-42.0
1776885508.1291027,0.0,-6.0,-39.0
1776885508.1391027,-3.0,-8.0,-41.0
1776885508.1491027,1.0,-9.0,-36.0
1776885508.159103,-1.0,-6.0,-42.0
1776885508.169103,4.0,-8.0,-44.0
1776885508.179103,6.0,-10.0,-45.0
1776885508.1891026,0.0,-5.0,-52.0
1776885508.1991026,-2.0,-3.0,-54.0
1776885508.2091026,1.0,-1.0,-48.0
1776885508.2191026,4.0,-2.0,-56.0
1776885508.2291028,3.0,-2.0,-61.0
1776885508.2391028,8.0,-5.0,-58.0
1776885508.2491028,7.0,-5.0,-53.0
1776885508.2591028,6.0,-1.0,-47.0
1776885508.2691028,3.0,0.0,-40.0
1776885508.2801027,6.0,-1.0,-38.0
1776885508.2891028,1.0,0.0,-34.0
1776885508.2991028,0.0,2.0,-41.0
1776885508.3101027,-4.0,2.0,-36.0
1776885508.3191028,-5.0,1.0,-43.0
1776885508.3291028,-7.0,0.0,-50.0
1776885508.3391027,-7.0,-3.0,-55.0
1776885508.350103,-3.0,-9.0,-52.0
1776885508.360103,-3.0,-5.0,-49.0
1776885508.3701026,-2.0,-8.0,-38.0
1776885508.3801026,-1.0,-6.0,-36.0
1776885508.3911028,1.0,-6.0,-35.0
1776885508.4001029,4.0,-6.0,-27.0
1776885508.4101028,5.0,-6.0,-26.0
1776885508.4201028,6.0,-4.0,-27.0
1776885508.4301028,3.0,-2.0,-32.0
1776885508.4401028,-3.0,-3.0,-37.0
1776885508.4501028,-1.0,-3.0,-45.0
1776885508.4601028,-1.0,-4.0,-48.0
1776885508.4701028,1.0,1.0,-46.0
1776885508.4801028,4.0,4.0,-42.0
1776885508.4901028,3.0,3.0,-38.0
1776885508.5001028,1.0,1.0,-37.0
1776885508.5101027,0.0,0.0,-39.0
1776885508.5201027,1.0,-4.0,-39.0
1776885508.5301027,0.0,1.0,-32.0
1776885508.5401027,3.0,-1.0,-31.0
1776885508.5501027,2.0,5.0,-33.0
1776885508.5601027,4.0,7.0,-35.0
1776885508.5701027,4.0,8.0,-36.0
1776885508.5801027,6.0,5.0,-40.0
1776885508.590103,11.0,1.0,-39.0
1776885508.600103,13.0,-1.0,-38.0
1776885508.610103,6.0,-3.0,-32.0
1776885508.6201026,5.0,-4.0,-38.0
1776885508.6301026,5.0,-10.0,-47.0
1776885508.6401026,6.0,-13.0,-52.0
1776885508.6501029,8.0,-12.0,-51.0
1776885508.6601028,7.0,-11.0,-53.0
1776885508.6701028,6.0,-10.0,-54.0
1776885508.6801028,8.0,-9.0,-51.0
1776885508.6901028,9.0,-3.0,-45.0
1776885508.7001028,8.0,-3.0,-45.0
1776885508.7101028,5.0,1.0,-46.0
1776885508.7201028,9.0,0.0,-49.0
1776885508.7301028,6.0,0.0,-54.0
1776885508.7401028,5.0,2.0,-53.0
1776885508.7501028,6.0,1.0,-55.0
1776885508.7601027,4.0,0.0,-48.0
1776885508.7701027,5.0,0.0,-42.0
1776885508.7801027,0.0,-1.0,-43.0
1776885508.7901027,-2.0,3.0,-45.0
1776885508.8001027,-5.0,3.0,-44.0
1776885508.8101027,0.0,4.0,-48.0
1776885508.8201027,2.0,5.0,-49.0
1776885508.8301027,3.0,2.0,-50.0
1776885508.840103,3.0,0.0,-49.0
1776885508.850103,4.0,-2.0,-49.0
1776885508.860103,4.0,-4.0,-49.0
1776885508.8701026,7.0,-1.0,-52.0
1776885508.8801026,5.0,3.0,-47.0
1776885508.8901026,7.0,5.0,-38.0
1776885508.9001029,6.0,1.0,-39.0
1776885508.9101028,3.0,1.0,-39.0
1776885508.9201028,0.0,-2.0,-35.0
1776885508.9301028,0.0,0.0,-35.0
1776885508.9401028,3.0,2.0,-36.0
1776885508.9501028,-1.0,1.0,-31.0
1776885508.9601028,-1.0,0.0,-34.0
1776885508.9701028,0.0,-3.0,-31.0
1776885508.9801028,-1.0,-5.0,-31.0
1776885508.9901028,-1.0,-2.0,-34.0
1776885509.0001028,1.0,0.0,-35.0
1776885509.0101027,1.0,0.0,-33.0
1776885509.0201027,0.0,-2.0,-34.0
1776885509.0301027,-6.0,-5.0,-37.0
1776885509.0401027,-4.0,-5.0,-31.0
1776885509.0501027,-1.0,-4.0,-32.0
1776885509.0601027,-1.0,-5.0,-32.0
1776885509.0701027,0.0,-1.0,-37.0
1776885509.0801027,0.0,-3.0,-51.0
1776885509.090103,-1.0,-7.0,-55.0
1776885509.100103,0.0,-7.0,-59.0
1776885509.110103,0.0,-9.0,-62.0
1776885509.1201026,3.0,-7.0,-58.0
1776885509.1301026,6.0,-7.0,-54.0
1776885509.1401026,6.0,-6.0,-55.0
1776885509.1501029,5.0,-6.0,-52.0
1776885509.1601028,3.0,-1.0,-55.0
1776885509.1701028,2.0,0.0,-50.0
1776885509.1801028,-2.0,0.0,-50.0
1776885509.1901028,0.0,0.0,-43.0
1776885509.2001028,-1.0,0.0,-41.0
1776885509.2101028,-1.0,2.0,-45.0
1776885509.2201028,-1.0,0.0,-49.0
1776885509.2301028,-1.0,-2.0,-52.0
1776885509.2401028,-2.0,-4.0,-48.0
1776885509.2501028,-2.0,-2.0,-44.0
1776885509.2601027,-1.0,0.0,-41.0
1776885509.2701027,1.0,0.0,-42.0
1776885509.2801027,2.0,-2.0,-43.0
1776885509.2901027,0.0,-2.0,-30.0
1776885509.3001027,1.0,-4.0,-35.0
1776885509.3101027,1.0,-3.0,-40.0
1776885509.3201027,0.0,-3.0,-43.0
1776885509.3301027,0.0,-7.0,-46.0
1776885509.340103,0.0,-2.0,-41.0
1776885509.350103,0.0,-1.0,-45.0
1776885509.360103,-2.0,-2.0,-51.0
1776885509.3701026,-2.0,-5.0,-56.0
1776885509.3801026,-3.0,-4.0,-55.0
1776885509.3901026,2.0,-5.0,-53.0
1776885509.4001029,3.0,-3.0,-46.0
1776885509.4101028,1.0,5.0,-44.0
1776885509.4201028,5.0,8.0,-46.0
1776885509.4301028,2.0,9.0,-47.0
1776885509.4401028,1.0,8.0,-49.0
1776885509.4501028,1.0,7.0,-52.0
1776885509.4601028,0.0,8.0,-50.0
1776885509.4701028,4.0,8.0,-54.0
1776885509.4801028,5.0,5.0,-53.0
1776885509.4901028,5.0,2.0,-54.0
1776885509.5001028,9.0,3.0,-48.0
1776885509.5101027,8.0,-1.0,-45.0
1776885509.5201027,9.0,-4.0,-44.0
1776885509.5301027,13.0,-2.0,-39.0
1776885509.5401027,10.0,-1.0,-46.0
1776885509.5501027,4.0,0.0,-44.0
1776885509.5601027,3.0,0.0,-42.0
1776885509.5701027,2.0,2.0,-40.0
1776885509.5801027,7.0,0.0,-41.0
1776885509.590103,9.0,-3.0,-42.0
1776885509.600103,11.0,1.0,-42.0
1776885509.610103,6.0,-1.0,-45.0
1776885509.6201026,3.0,-3.0,-47.0
1776885509.6301026,1.0,-6.0,-49.0
1776885509.6401026,3.0,-7.0,-41.0
1776885509.6501029,3.0,-7.0,-44.0
1776885509.6601028,2.0,-7.0,-45.0
1776885509.6701028,0.0,-6.0,-44.0
1776885509.6801028,6.0,-2.0,-48.0
1776885509.6901028,7.0,-3.0,-50.0
1776885509.7001028,5.0,0.0,-49.0
1776885509.7101028,2.0,1.0,-50.0
1776885509.7201028,6.0,2.0,-51.0
1776885509.7301028,3.0,5.0,-46.0
1776885509.7401028,1.0,1.0,-44.0
1776885509.7501028,5.0,-2.0,-44.0
1776885509.7601027,3.0,-3.0,-46.0
1776885509.7701027,-2.0,-3.0,-48.0
1776885509.7801027,-2.0,-3.0,-50.0
1776885509.7901027,1.0,-3.0,-51.0
1776885509.8001027,1.0,-1.0,-52.0
1776885509.8101027,3.0,-1.0,-54.0
1776885509.8201027,4.0,1.0,-45.0
1776885509.8301027,9.0,1.0,-39.0
1776885509.840103,5.0,0.0,-32.0
1776885509.850103,4.0,-2.0,-35.0
1776885509.860103,1.0,-2.0,-47.0
1776885509.8701026,0.0,-6.0,-54.0
1776885509.8801026,0.0,-5.0,-50.0
1776885509.8901026,-2.0,-2.0,-49.0
1776885509.9001029,-4.0,0.0,-47.0
1776885509.9101028,-4.0,2.0,-45.0
1776885509.9201028,0.0,-1.0,-42.0
1776885509.9301028,-1.0,-1.0,-39.0
1776885509.9401028,0.0,0.0,-42.0
1776885509.9501028,2.0,0.0,-49.0
1776885509.9601028,0.0,0.0,-45.0
1776885509.9701028,3.0,2.0,-41.0
1776885509.9801028,3.0,1.0,-49.0
1776885509.9901028,2.0,-3.0,-47.0
1776885510.0001028,-2.0,-3.0,-48.0
1776885510.0101027,-1.0,-2.0,-49.0
1776885510.0201027,1.0,-3.0,-45.0
1776885510.0301027,1.0,-2.0,-43.0
1776885510.0401027,-1.0,-3.0,-46.0
1776885510.0501027,0.0,-4.0,-43.0
1776885510.0601027,-2.0,-6.0,-42.0
1776885510.0701027,-5.0,-3.0,-35.0
1776885510.0801027,-6.0,-3.0,-30.0
1776885510.090103,-3.0,0.0,-34.0
1776885510.100103,-2.0,0.0,-33.0
1776885510.110103,0.0,-3.0,-44.0
1776885510.1201026,1.0,1.0,-50.0
1776885510.1301026,7.0,4.0,-47.0
1776885510.1401026,2.0,3.0,-43.0
1776885510.1501029,-1.0,-2.0,-37.0
1776885510.1601028,-3.0,-3.0,-39.0
1776885510.1701028,-3.0,-3.0,-39.0
1776885510.1801028,-2.0,-2.0,-36.0
1776885510.1901028,-5.0,1.0,-38.0
1776885510.2001028,-5.0,0.0,-37.0
1776885510.2101028,-3.0,-1.0,-35.0
1776885510.2201028,0.0,-4.0,-39.0
1776885510.2301028,5.0,-2.0,-40.0
1776885510.2401028,4.0,-1.0,-47.0
1776885510.2501028,6.0,-1.0,-46.0
1776885510.2601027,10.0,0.0,-41.0
1776885510.2701027,8.0,-2.0,-42.0
1776885510.2801027,5.0,1.0,-40.0
1776885510.2911026,8.0,2.0,-43.0
1776885510.3011026,6.0,2.0,-40.0
1776885510.3111026,6.0,2.0,-43.0
1776885510.3211029,5.0,-1.0,-41.0
1776885510.3311028,6.0,-5.0,-38.0
1776885510.3411028,3.0,-2.0,-35.0
1776885510.3511028,0.0,-3.0,-38.0
1776885510.3611028,-1.0,-3.0,-46.0
1776885510.3711028,0.0,-5.0,-47.0
1776885510.3811028,1.0,-4.0,-46.0
1776885510.3911028,1.0,-1.0,-42.0
1776885510.4011028,1.0,-2.0,-32.0
1776885510.4111028,5.0,-5.0,-34.0
1776885510.4211028,7.0,-2.0,-29.0
1776885510.4311028,10.0,-1.0,-32.0
1776885510.4411027,7.0,-3.0,-33.0
1776885510.4511027,7.0,-1.0,-35.0
1776885510.4611027,7.0,-4.0,-39.0
1776885510.4711027,8.0,-6.0,-42.0
1776885510.4811027,5.0,-7.0,-44.0
1776885510.4911027,-1.0,-6.0,-37.0
1776885510.5011027,-1.0,-4.0,-30.0
1776885510.511103,-5.0,-5.0,-31.0
1776885510.521103,-3.0,-7.0,-28.0
1776885510.531103,0.0,-7.0,-30.0
1776885510.5411026,0.0,-8.0,-33.0
1776885510.5511026,0.0,-9.0,-36.0
1776885510.5611026,0.0,-5.0,-44.0
1776885510.5711029,-4.0,-4.0,-43.0
1776885510.5811028,-1.0,-2.0,-45.0
1776885510.5911028,3.0,0.0,-40.0
1776885510.6011028,1.0,0.0,-41.0
1776885510.6111028,1.0,-3.0,-44.0
1776885510.6211028,4.0,-5.0,-45.0
1776885510.6311028,0.0,-2.0,-42.0
1776885510.6411028,5.0,1.0,-47.0
1776885510.6511028,0.0,1.0,-41.0
1776885510.6611028,-4.0,2.0,-40.0
1776885510.6711028,-3.0,2.0,-43.0
1776885510.6811028,1.0,5.0,-42.0
1776885510.6911027,2.0,3.0,-43.0
1776885510.7011027,0.0,4.0,-45.0
1776885510.7111027,0.0,3.0,-45.0
1776885510.7211027,-1.0,2.0,-49.0
1776885510.7311027,3.0,4.0,-51.0
1776885510.7411027,-4.0,5.0,-52.0
1776885510.7511027,0.0,0.0,-48.0
1776885510.761103,-1.0,1.0,-44.0
1776885510.771103,-4.0,-2.0,-47.0
1776885510.781103,2.0,-4.0,-50.0
1776885510.7911026,-2.0,-2.0,-47.0
1776885510.8011026,-2.0,-6.0,-50.0
1776885510.8111026,2.0,-7.0,-48.0
1776885510.8211029,4.0,-4.0,-48.0
1776885510.8311028,2.0,0.0,-43.0
1776885510.8411028,0.0,-1.0,-45.0
1776885510.8511028,0.0,-2.0,-45.0
1776885510.8611028,-3.0,-4.0,-44.0
1776885510.8711028,-4.0,-5.0,-44.0
1776885510.8821027,0.0,-7.0,-41.0
1776885510.8911028,0.0,-5.0,-39.0
1776885510.9011028,-4.0,-3.0,-38.0
1776885510.9111028,0.0,0.0,-37.0
1776885510.9211028,2.0,2.0,-45.0
1776885510.9311028,-1.0,1.0,-48.0
1776885510.9411027,-5.0,-2.0,-42.0
1776885510.9511027,-4.0,-4.0,-38.0
1776885510.9611027,-3.0,-3.0,-36.0
1776885510.9711027,-7.0,-4.0,-36.0
1776885510.9811027,-5.0,-4.0,-39.0
1776885510.9911027,-6.0,-6.0,-38.0
1776885511.0011027,-4.0,-7.0,-39.0
1776885511.011103,-5.0,0.0,-38.0
1776885511.021103,-7.0,2.0,-37.0
1776885511.031103,0.0,5.0,-39.0
1776885511.0411026,0.0,7.0,-36.0
1776885511.0511026,-2.0,3.0,-37.0
1776885511.0611026,2.0,2.0,-39.0
1776885511.0711029,0.0,2.0,-41.0
1776885511.0811028,-2.0,0.0,-39.0
1776885511.0911028,-1.0,1.0,-38.0
1776885511.1011028,1.0,1.0,-42.0
1776885511.1111028,1.0,0.0,-48.0
1776885511.1211028,0.0,2.0,-44.0
1776885511.1311028,3.0,1.0,-44.0
1776885511.1411028,3.0,0.0,-43.0
1776885511.1511028,1.0,-4.0,-42.0
1776885511.1611028,2.0,-4.0,-50.0
1776885511.1711028,0.0,-4.0,-52.0
1776885511.1811028,2.0,-9.0,-54.0
1776885511.1911027,0.0,-9.0,-52.0
1776885511.2011027,-3.0,-7.0,-49.0
1776885511.2111027,-1.0,-5.0,-44.0
1776885511.2211027,1.0,-4.0,-51.0
1776885511.2311027,1.0,-1.0,-52.0
1776885511.2411027,-4.0,1.0,-46.0
1776885511.2511027,-5.0,4.0,-39.0
1776885511.261103,-2.0,1.0,-47.0
1776885511.271103,1.0,1.0,-51.0
1776885511.281103,5.0,2.0,-46.0
1776885511.2911026,4.0,1.0,-41.0
1776885511.3011026,1.0,-1.0,-40.0
1776885511.3111026,2.0,-3.0,-36.0
1776885511.3211029,2.0,-2.0,-40.0
1776885511.3311028,2.0,-6.0,-37.0
1776885511.3411028,2.0,-9.0,-34.0
1776885511.3511028,0.0,-6.0,-35.0
1776885511.3611028,2.0,-6.0,-37.0
1776885511.3711028,0.0,-7.0,-41.0
1776885511.3811028,-5.0,-5.0,-43.0
1776885511.3911028,-3.0,-7.0,-38.0
1776885511.4011028,-3.0,-7.0,-33.0
1776885511.4111028,-1.0,-7.0,-30.0
1776885511.4211028,0.0,-8.0,-37.0
1776885511.4311028,3.0,-9.0,-43.0
1776885511.4411027,3.0,-7.0,-46.0
1776885511.4511027,1.0,-4.0,-47.0
1776885511.4611027,0.0,-3.0,-42.0
1776885511.4711027,0.0,-4.0,-44.0
1776885511.4811027,2.0,0.0,-49.0
1776885511.4911027,4.0,1.0,-49.0
1776885511.5011027,6.0,1.0,-47.0
1776885511.511103,2.0,-1.0,-49.0
1776885511.521103,2.0,-4.0,-47.0
1776885511.531103,5.0,-2.0,-41.0
1776885511.5411026,7.0,0.0,-39.0
1776885511.5511026,14.0,-1.0,-43.0
1776885511.5611026,14.0,-4.0,-42.0
1776885511.5711029,10.0,-5.0,-48.0
1776885511.5811028,8.0,-9.0,-54.0
1776885511.5911028,6.0,-7.0,-46.0
1776885511.6011028,0.0,-5.0,-49.0
1776885511.6111028,-2.0,-6.0,-50.0
1776885511.6211028,-2.0,-3.0,-46.0
1776885511.6311028,-1.0,-2.0,-49.0
1776885511.6411028,1.0,-2.0,-51.0
1776885511.6511028,0.0,-3.0,-49.0
1776885511.6611028,0.0,-4.0,-43.0
1776885511.6711028,0.0,-1.0,-38.0
1776885511.6811028,2.0,-4.0,-30.0
1776885511.6911027,4.0,1.0,-32.0
1776885511.7011027,2.0,0.0,-35.0
1776885511.7111027,1.0,2.0,-44.0
1776885511.7211027,0.0,3.0,-48.0
1776885511.7311027,0.0,3.0,-43.0
1776885511.7411027,0.0,4.0,-43.0
1776885511.7511027,-1.0,1.0,-39.0
1776885511.761103,2.0,2.0,-38.0
1776885511.771103,7.0,1.0,-32.0
1776885511.781103,4.0,0.0,-31.0
1776885511.7911026,3.0,1.0,-34.0
1776885511.8011026,3.0,4.0,-42.0
1776885511.8111026,1.0,1.0,-40.0
1776885511.8211029,1.0,-2.0,-33.0
1776885511.8311028,-2.0,-1.0,-31.0
1776885511.8411028,0.0,0.0,-30.0
1776885511.8511028,0.0,0.0,-35.0
1776885511.8611028,-4.0,-1.0,-40.0
1776885511.8711028,-7.0,2.0,-41.0
1776885511.8811028,-2.0,4.0,-40.0
1776885511.8911028,1.0,6.0,-44.0
1776885511.9011028,1.0,4.0,-40.0
1776885511.9111028,1.0,6.0,-43.0
1776885511.9211028,3.0,5.0,-37.0
1776885511.9311028,4.0,3.0,-40.0
1776885511.9411027,0.0,0.0,-38.0
1776885511.9511027,-2.0,-2.0,-48.0
1776885511.9611027,-7.0,-1.0,-44.0
1776885511.9711027,-6.0,-4.0,-42.0
1776885511.9811027,-5.0,-5.0,-40.0
1776885511.9911027,0.0,0.0,-38.0
1776885512.0011027,1.0,1.0,-36.0
1776885512.011103,1.0,0.0,-36.0
1776885512.021103,0.0,-1.0,-39.0
1776885512.031103,-2.0,-4.0,-40.0
1776885512.0411026,-3.0,-7.0,-37.0
1776885512.0511026,-3.0,-9.0,-40.0
1776885512.0611026,-6.0,-10.0,-41.0
1776885512.0711029,-1.0,-10.0,-40.0
1776885512.0811028,-2.0,-9.0,-40.0
1776885512.0911028,0.0,-4.0,-40.0
1776885512.1011028,0.0,-3.0,-43.0
1776885512.1111028,5.0,0.0,-43.0
1776885512.1211028,4.0,0.0,-45.0
1776885512.1311028,1.0,1.0,-45.0
1776885512.1411028,6.0,1.0,-43.0
1776885512.1511028,9.0,-2.0,-44.0
1776885512.1611028,7.0,-1.0,-37.0
1776885512.1711028,3.0,-1.0,-44.0
1776885512.1811028,4.0,-1.0,-47.0
1776885512.1911027,4.0,-3.0,-42.0
1776885512.2011027,1.0,-4.0,-39.0
1776885512.2111027,-1.0,-5.0,-43.0
1776885512.2211027,-3.0,-4.0,-46.0
1776885512.2321026,1.0,-4.0,-52.0
1776885512.2411027,6.0,-2.0,-52.0
1776885512.2511027,4.0,-1.0,-55.0
1776885512.2621028,1.0,-1.0,-52.0
1776885512.271103,0.0,0.0,-53.0
1776885512.281103,0.0,1.0,-44.0
1776885512.2911026,1.0,-1.0,-47.0
1776885512.3021028,4.0,-4.0,-47.0
1776885512.3121028,5.0,0.0,-50.0
1776885512.3221028,5.0,-4.0,-48.0
1776885512.3321028,6.0,-2.0,-43.0
1776885512.3421028,4.0,-6.0,-46.0
1776885512.3521028,2.0,0.0,-43.0
1776885512.3621027,4.0,2.0,-55.0
1776885512.3721027,3.0,0.0,-55.0
1776885512.3821027,0.0,0.0,-57.0
1776885512.3921027,5.0,-1.0,-53.0
1776885512.4021027,9.0,-3.0,-46.0
1776885512.4121027,7.0,-7.0,-51.0
1776885512.4221027,3.0,-6.0,-49.0
1776885512.432103,4.0,-1.0,-48.0
1776885512.442103,0.0,1.0,-50.0
1776885512.452103,0.0,2.0,-46.0
1776885512.462103,0.0,2.0,-49.0
1776885512.4721026,0.0,0.0,-51.0
1776885512.4821026,2.0,-2.0,-46.0
1776885512.4921026,0.0,-1.0,-44.0
1776885512.5021029,-8.0,-3.0,-44.0
1776885512.5121028,-8.0,-2.0,-44.0
1776885512.5221028,-2.0,-1.0,-50.0
1776885512.5321028,1.0,-2.0,-53.0
1776885512.5421028,3.0,-3.0,-50.0
1776885512.5521028,0.0,-2.0,-45.0
1776885512.5621028,-2.0,0.0,-38.0
1776885512.5721028,-3.0,-2.0,-39.0
1776885512.5821028,-1.0,-6.0,-35.0
1776885512.5921028,0.0,-8.0,-34.0
1776885512.6021028,1.0,-6.0,-33.0
1776885512.6121027,2.0,-8.0,-33.0
1776885512.6221027,0.0,-7.0,-30.0
1776885512.6321027,1.0,-10.0,-37.0
1776885512.6421027,3.0,-8.0,-45.0
1776885512.6521027,4.0,-5.0,-48.0
1776885512.6621027,6.0,-3.0,-49.0
1776885512.6721027,4.0,-1.0,-49.0
1776885512.682103,5.0,-2.0,-55.0
1776885512.692103,2.0,-5.0,-51.0
1776885512.702103,0.0,-6.0,-46.0
1776885512.712103,2.0,-3.0,-47.0
1776885512.7221026,-2.0,0.0,-50.0
1776885512.7321026,1.0,-4.0,-48.0
1776885512.7421026,3.0,-5.0,-45.0
1776885512.7521029,4.0,-2.0,-44.0
1776885512.7621028,3.0,0.0,-47.0
1776885512.7721028,4.0,0.0,-46.0
1776885512.7821028,2.0,1.0,-49.0
1776885512.7921028,1.0,2.0,-39.0
1776885512.8021028,3.0,0.0,-39.0
1776885512.8121028,5.0,0.0,-36.0
1776885512.8221028,5.0,-3.0,-43.0
1776885512.8321028,5.0,-9.0,-44.0
1776885512.8421028,5.0,-9.0,-44.0
1776885512.8521028,4.0,-7.0,-46.0
1776885512.8621027,7.0,-1.0,-42.0
1776885512.8721027,9.0,3.0,-46.0
1776885512.8821027,5.0,0.0,-39.0
1776885512.8921027,0.0,0.0,-32.0
1776885512.9021027,0.0,-3.0,-34.0
1776885512.9121027,1.0,-5.0,-42.0
1776885512.9221027,4.0,-4.0,-42.0
1776885512.932103,3.0,-7.0,-41.0
1776885512.942103,1.0,-10.0,-40.0
1776885512.952103,5.0,-6.0,-41.0
1776885512.962103,4.0,-6.0,-38.0
1776885512.9721026,0.0,-4.0,-40.0
1776885512.9821026,0.0,-6.0,-42.0
1776885512.9921026,-3.0,-3.0,-42.0
1776885513.0021029,-1.0,-5.0,-46.0
1776885513.0121028,-2.0,-2.0,-41.0
1776885513.0221028,-1.0,-1.0,-38.0
1776885513.0321028,1.0,-5.0,-38.0
1776885513.0421028,4.0,-3.0,-39.0
1776885513.0521028,6.0,-1.0,-46.0
1776885513.0621028,4.0,1.0,-46.0
1776885513.0721028,5.0,0.0,-48.0
1776885513.0821028,1.0,2.0,-50.0
1776885513.0921028,1.0,0.0,-49.0
1776885513.1021028,-5.0,-3.0,-48.0
1776885513.1121027,1.0,-5.0,-45.0
1776885513.1221027,2.0,-5.0,-46.0
1776885513.1321027,2.0,0.0,-53.0
1776885513.1421027,2.0,-1.0,-41.0
1776885513.1521027,4.0,0.0,-40.0
1776885513.1621027,3.0,0.0,-42.0
1776885513.1721027,4.0,-2.0,-42.0
1776885513.182103,5.0,-3.0,-35.0
1776885513.192103,4.0,-3.0,-36.0
1776885513.202103,0.0,-2.0,-38.0
1776885513.212103,2.0,-3.0,-31.0
1776885513.2221026,4.0,-5.0,-39.0
1776885513.2321026,0.0,-1.0,-40.0
1776885513.2421026,-2.0,0.0,-35.0
1776885513.2521029,-1.0,-3.0,-41.0
1776885513.2621028,0.0,-3.0,-38.0
1776885513.2721028,2.0,-1.0,-42.0
1776885513.2821028,-1.0,-4.0,-38.0
1776885513.2921028,-4.0,-1.0,-38.0
1776885513.3021028,-4.0,0.0,-33.0
1776885513.3121028,-6.0,1.0,-36.0
1776885513.3221028,-4.0,2.0,-32.0
1776885513.3321028,-6.0,-1.0,-33.0
1776885513.3421028,-3.0,1.0,-30.0
1776885513.3521028,0.0,0.0,-41.0
1776885513.3621027,0.0,3.0,-45.0
1776885513.3721027,-3.0,0.0,-34.0
1776885513.3821027,-1.0,-2.0,-34.0
1776885513.3921027,0.0,-1.0,-32.0
1776885513.4021027,4.0,-6.0,-39.0
1776885513.4121027,7.0,-7.0,-39.0
1776885513.4221027,9.0,-4.0,-35.0
1776885513.432103,9.0,-2.0,-31.0
1776885513.442103,7.0,-2.0,-26.0
1776885513.452103,7.0,-2.0,-29.0
1776885513.462103,6.0,-5.0,-34.0
1776885513.4721026,2.0,-9.0,-41.0
1776885513.4821026,1.0,-6.0,-47.0
1776885513.4921026,1.0,-10.0,-54.0
1776885513.5021029,4.0,-10.0,-57.0
1776885513.5121028,5.0,-8.0,-48.0
1776885513.5221028,5.0,-5.0,-47.0
1776885513.5321028,3.0,-3.0,-45.0
1776885513.5421028,0.0,-3.0,-46.0
1776885513.5521028,0.0,-7.0,-51.0
1776885513.5621028,-1.0,0.0,-48.0
1776885513.5721028,-3.0,-1.0,-50.0
1776885513.5821028,-3.0,-1.0,-52.0
1776885513.5921028,-6.0,-2.0,-45.0
1776885513.6021028,-7.0,0.0,-45.0
1776885513.6121027,-5.0,1.0,-42.0
1776885513.6221027,-2.0,0.0,-49.0
1776885513.6321027,2.0,-3.0,-49.0
1776885513.6421027,3.0,-2.0,-50.0
1776885513.6521027,1.0,-5.0,-49.0
1776885513.6621027,2.0,-4.0,-46.0
1776885513.6721027,2.0,-8.0,-47.0
1776885513.682103,1.0,-10.0,-48.0
1776885513.692103,1.0,-5.0,-43.0
1776885513.702103,3.0,-4.0,-34.0
1776885513.712103,4.0,-2.0,-34.0
1776885513.7221026,7.0,-1.0,-44.0
1776885513.7321026,7.0,-1.0,-48.0
1776885513.7421026,8.0,3.0,-47.0
1776885513.7521029,7.0,3.0,-47.0
1776885513.7621028,8.0,5.0,-42.0
1776885513.7721028,8.0,1.0,-41.0
1776885513.7821028,4.0,-5.0,-41.0
1776885513.7921028,2.0,-5.0,-45.0
1776885513.8021028,-3.0,-4.0,-41.0
1776885513.8121028,-6.0,-3.0,-35.0
1776885513.8221028,-6.0,-3.0,-30.0
1776885513.8321028,0.0,-7.0,-25.0
1776885513.8421028,-3.0,-10.0,-28.0
1776885513.8521028,-4.0,-11.0,-29.0
1776885513.8621027,-2.0,-9.0,-35.0
1776885513.8721027,0.0,-7.0,-33.0
1776885513.8821027,0.0,-4.0,-38.0
1776885513.8921027,1.0,-8.0,-37.0
1776885513.9021027,2.0,-10.0,-38.0
1776885513.9121027,4.0,-6.0,-37.0
1776885513.9221027,4.0,-6.0,-38.0
1776885513.932103,1.0,-3.0,-37.0
1776885513.942103,2.0,-3.0,-40.0
1776885513.952103,2.0,-2.0,-49.0
1776885513.962103,4.0,-4.0,-45.0
1776885513.9721026,0.0,-5.0,-40.0
1776885513.9821026,5.0,-7.0,-39.0
1776885513.9921026,2.0,-2.0,-42.0
1776885514.0021029,-1.0,1.0,-43.0
1776885514.0121028,0.0,0.0,-44.0
1776885514.0221028,0.0,-1.0,-45.0
1776885514.0321028,-1.0,-5.0,-42.0
1776885514.0421028,0.0,-2.0,-44.0
1776885514.0521028,0.0,-6.0,-47.0
1776885514.0621028,-2.0,-7.0,-47.0
1776885514.0721028,-4.0,-9.0,-45.0
1776885514.0821028,-2.0,-12.0,-46.0
1776885514.0921028,-4.0,-10.0,-47.0
1776885514.1021028,0.0,-10.0,-44.0
1776885514.1121027,3.0,-8.0,-42.0
1776885514.1221027,0.0,-4.0,-35.0
1776885514.1321027,-4.0,-3.0,-32.0
1776885514.1421027,-1.0,-3.0,-30.0
1776885514.1521027,0.0,-6.0,-36.0
1776885514.1621027,-3.0,-6.0,-40.0
1776885514.1721027,0.0,-6.0,-39.0
1776885514.182103,0.0,-4.0,-40.0
1776885514.192103,-1.0,-2.0,-40.0
1776885514.202103,-4.0,-1.0,-39.0
1776885514.212103,0.0,-1.0,-38.0
1776885514.2221026,3.0,-3.0,-35.0
1776885514.2321026,-1.0,-4.0,-45.0
1776885514.2421026,0.0,-3.0,-40.0
1776885514.2531028,0.0,-2.0,-43.0
1776885514.2621028,-5.0,1.0,-37.0
1776885514.2731028,-9.0,3.0,-39.0
1776885514.2821028,-9.0,3.0,-33.0
1776885514.2931027,-9.0,2.0,-30.0
1776885514.3031027,-4.0,-4.0,-34.0
1776885514.3131027,-5.0,-4.0,-41.0
1776885514.3231027,-3.0,-4.0,-41.0
1776885514.3331027,-1.0,-7.0,-38.0
1776885514.3431027,0.0,-8.0,-44.0
1776885514.3531027,0.0,-5.0,-45.0
1776885514.363103,0.0,-7.0,-43.0
1776885514.373103,-4.0,-4.0,-41.0
1776885514.383103,-7.0,-6.0,-37.0
1776885514.3931026,-4.0,-6.0,-39.0
1776885514.4031026,-5.0,-3.0,-43.0
1776885514.4131026,-10.0,-1.0,-43.0
1776885514.4231029,-2.0,0.0,-39.0
1776885514.4331028,0.0,2.0,-43.0
1776885514.4431028,-2.0,2.0,-44.0
1776885514.4531028,-5.0,2.0,-46.0
1776885514.4631028,-8.0,-1.0,-44.0
1776885514.4731028,-9.0,-1.0,-45.0
1776885514.4831028,-5.0,-3.0,-43.0
1776885514.4931028,0.0,-4.0,-41.0
1776885514.5031028,2.0,-3.0,-42.0
1776885514.5131028,0.0,-2.0,-53.0
1776885514.5231028,-2.0,-1.0,-55.0
1776885514.5331028,-1.0,-2.0,-51.0
1776885514.5431027,-1.0,2.0,-51.0
1776885514.5531027,0.0,1.0,-41.0
1776885514.5631027,-2.0,3.0,-34.0
1776885514.5731027,-4.0,5.0,-39.0
1776885514.5831027,-3.0,5.0,-41.0
1776885514.5931027,1.0,4.0,-40.0
1776885514.6031027,0.0,3.0,-43.0
1776885514.613103,1.0,4.0,-40.0
1776885514.623103,0.0,3.0,-41.0
1776885514.633103,-2.0,2.0,-46.0
1776885514.6431026,1.0,4.0,-48.0
1776885514.6531026,2.0,1.0,-50.0
1776885514.6631026,3.0,-1.0,-45.0
1776885514.6731029,8.0,-2.0,-51.0
1776885514.6831028,8.0,-4.0,-46.0
1776885514.6931028,6.0,0.0,-39.0
1776885514.7031028,6.0,-2.0,-47.0
1776885514.7131028,9.0,-2.0,-51.0
1776885514.7231028,6.0,-4.0,-47.0
1776885514.7331028,6.0,-6.0,-46.0
1776885514.7431028,2.0,-6.0,-47.0
1776885514.7531028,2.0,-3.0,-49.0
1776885514.7631028,2.0,0.0,-48.0
1776885514.7731028,-1.0,-1.0,-47.0
1776885514.7831028,-2.0,-1.0,-45.0
1776885514.7931027,0.0,-4.0,-48.0
1776885514.8031027,0.0,-3.0,-49.0
1776885514.8131027,0.0,1.0,-47.0
1776885514.8231027,-5.0,-1.0,-43.0
1776885514.8331027,0.0,-3.0,-47.0
1776885514.8431027,1.0,-4.0,-43.0
1776885514.8531027,0.0,-9.0,-40.0
1776885514.863103,-2.0,-8.0,-47.0
1776885514.873103,-6.0,-5.0,-48.0
1776885514.883103,-5.0,-7.0,-48.0
1776885514.8931026,-8.0,-7.0,-47.0
1776885514.9031026,-7.0,-4.0,-43.0
1776885514.9131026,-3.0,-6.0,-35.0
1776885514.9231029,-5.0,0.0,-32.0
1776885514.9331028,-7.0,-3.0,-34.0
1776885514.9431028,-5.0,-1.0,-34.0
1776885514.9531028,-6.0,-1.0,-32.0
1776885514.9631028,-8.0,0.0,-34.0
1776885514.9731028,-10.0,1.0,-38.0
1776885514.9831028,-6.0,5.0,-40.0
1776885514.9931028,-4.0,5.0,-41.0
1776885515.0031028,-4.0,5.0,-45.0
1776885515.0131028,-7.0,5.0,-49.0
1776885515.0231028,-7.0,4.0,-51.0
1776885515.0331028,-6.0,4.0,-53.0
1776885515.0431027,-7.0,4.0,-47.0
1776885515.0531027,-13.0,1.0,-43.0
1776885515.0631027,-12.0,0.0,-47.0
1776885515.0731027,-10.0,0.0,-39.0
1776885515.0831027,-8.0,0.0,-37.0
1776885515.0931027,-6.0,0.0,-36.0
1776885515.1031027,-7.0,2.0,-38.0
1776885515.113103,-7.0,0.0,-36.0
1776885515.123103,-2.0,0.0,-33.0
1776885515.133103,0.0,-2.0,-33.0
1776885515.1431026,1.0,-4.0,-34.0
1776885515.1531026,5.0,-8.0,-34.0
1776885515.1631026,5.0,-12.0,-36.0
1776885515.1731029,1.0,-9.0,-36.0
1776885515.1831028,0.0,-4.0,-41.0
1776885515.1931028,2.0,-3.0,-46.0
1776885515.2031028,-1.0,-2.0,-46.0
1776885515.2131028,-4.0,-3.0,-47.0
1776885515.2231028,-6.0,-7.0,-50.0
1776885515.2331028,-4.0,-4.0,-56.0
1776885515.2431028,0.0,0.0,-50.0
1776885515.2531028,-2.0,-3.0,-48.0
1776885515.2631028,-1.0,-2.0,-47.0
1776885515.2731028,0.0,0.0,-43.0
1776885515.2831028,1.0,-1.0,-40.0
1776885515.2931027,0.0,1.0,-34.0
1776885515.3031027,1.0,-3.0,-35.0
1776885515.3131027,0.0,-4.0,-38.0
1776885515.3231027,-2.0,-2.0,-41.0
1776885515.3331027,-4.0,1.0,-39.0
1776885515.3431027,-6.0,0.0,-35.0
1776885515.3531027,-3.0,0.0,-32.0
1776885515.363103,0.0,0.0,-39.0
1776885515.373103,0.0,0.0,-37.0
1776885515.383103,-2.0,-3.0,-33.0
1776885515.3931026,-1.0,-2.0,-34.0
1776885515.4031026,0.0,0.0,-37.0
1776885515.4131026,-1.0,-1.0,-35.0
1776885515.4231029,-3.0,-1.0,-36.0
1776885515.4331028,-4.0,-5.0,-36.0
1776885515.4431028,0.0,-10.0,-41.0
1776885515.4531028,1.0,-11.0,-42.0
1776885515.4631028,1.0,-11.0,-45.0
1776885515.4731028,4.0,-12.0,-46.0
1776885515.4831028,0.0,-6.0,-48.0
1776885515.4931028,5.0,-5.0,-52.0
1776885515.5031028,6.0,-6.0,-51.0
1776885515.5131028,2.0,-8.0,-46.0
1776885515.5231028,3.0,-7.0,-48.0
1776885515.5331028,1.0,-8.0,-45.0
1776885515.5431027,0.0,-9.0,-49.0
1776885515.5531027,0.0,-10.0,-51.0
1776885515.5631027,-1.0,-7.0,-53.0
1776885515.5731027,1.0,-4.0,-47.0
1776885515.5831027,-2.0,-4.0,-53.0
1776885515.5931027,-1.0,-6.0,-50.0
1776885515.6031027,-1.0,-3.0,-47.0
1776885515.613103,0.0,-4.0,-41.0
1776885515.623103,3.0,-2.0,-39.0
1776885515.633103,3.0,-9.0,-42.0
1776885515.6431026,6.0,-8.0,-37.0
1776885515.6531026,0.0,-8.0,-33.0
1776885515.6631026,-2.0,-8.0,-36.0
1776885515.6731029,0.0,-4.0,-43.0
1776885515.6831028,-2.0,-2.0,-48.0
1776885515.6931028,-4.0,-5.0,-43.0
1776885515.7031028,1.0,-5.0,-40.0
1776885515.7131028,2.0,-3.0,-38.0
1776885515.7231028,1.0,-4.0,-47.0
1776885515.7331028,0.0,-1.0,-49.0
1776885515.7431028,0.0,-4.0,-53.0
1776885515.7531028,-1.0,-3.0,-49.0
1776885515.7631028,-5.0,0.0,-51.0
1776885515.7731028,-8.0,-2.0,-46.0
1776885515.7831028,-7.0,-4.0,-42.0
1776885515.7931027,-5.0,-2.0,-37.0
1776885515.8031027,-5.0,0.0,-42.0
1776885515.8131027,-4.0,0.0,-37.0
1776885515.8231027,-1.0,-3.0,-37.0
1776885515.8331027,3.0,-5.0,-41.0
1776885515.8431027,1.0,-8.0,-36.0
1776885515.8531027,0.0,-12.0,-34.0
1776885515.863103,-1.0,-11.0,-36.0
1776885515.873103,3.0,-9.0,-36.0
1776885515.883103,1.0,-5.0,-38.0
1776885515.8931026,0.0,-7.0,-40.0
1776885515.9031026,0.0,-7.0,-39.0
1776885515.9131026,0.0,-6.0,-33.0
1776885515.9231029,-1.0,-6.0,-35.0
1776885515.9331028,1.0,-7.0,-41.0
1776885515.9431028,-1.0,-3.0,-46.0
1776885515.9531028,-3.0,0.0,-47.0
1776885515.9631028,-2.0,0.0,-42.0
1776885515.9731028,1.0,-4.0,-44.0
1776885515.9831028,-3.0,0.0,-44.0
1776885515.9931028,-4.0,-1.0,-45.0
1776885516.0031028,-5.0,-5.0,-42.0
1776885516.0131028,-3.0,-9.0,-41.0
1776885516.0231028,-8.0,-8.0,-45.0
1776885516.0331028,-8.0,-5.0,-49.0
1776885516.0431027,-3.0,-5.0,-45.0
1776885516.0531027,-2.0,-6.0,-47.0
1776885516.0631027,-2.0,-4.0,-42.0
1776885516.0731027,-3.0,-4.0,-48.0
1776885516.0831027,0.0,-6.0,-53.0
1776885516.0931027,0.0,-7.0,-50.0
1776885516.1031027,-1.0,-7.0,-48.0
1776885516.113103,-1.0,-5.0,-43.0
1776885516.123103,0.0,0.0,-35.0
1776885516.133103,-1.0,-1.0,-35.0
1776885516.1431026,0.0,0.0,-39.0
1776885516.1531026,1.0,1.0,-35.0
1776885516.1631026,6.0,1.0,-38.0
1776885516.1731029,6.0,1.0,-36.0
1776885516.1831028,7.0,4.0,-32.0
1776885516.1931028,4.0,3.0,-33.0
1776885516.2031028,0.0,10.0,-34.0
1776885516.2131028,2.0,10.0,-35.0
1776885516.2231028,9.0,11.0,-40.0
1776885516.2331028,7.0,9.0,-41.0
1776885516.2441027,5.0,6.0,-39.0
1776885516.2541027,4.0,4.0,-37.0
1776885516.2641027,1.0,1.0,-37.0
1776885516.2741027,0.0,1.0,-39.0
1776885516.284103,2.0,0.0,-37.0
1776885516.294103,0.0,6.0,-35.0
1776885516.304103,2.0,4.0,-30.0
1776885516.3141026,1.0,0.0,-38.0
1776885516.3241026,1.0,0.0,-40.0
1776885516.3341026,1.0,-1.0,-41.0
1776885516.3441026,3.0,-4.0,-48.0
1776885516.3541028,3.0,-3.0,-51.0
1776885516.3641028,6.0,-1.0,-51.0
1776885516.3741028,7.0,-2.0,-45.0
1776885516.3841028,7.0,-3.0,-39.0
1776885516.3941028,3.0,-4.0,-44.0
1776885516.4041028,4.0,-6.0,-40.0
1776885516.4141028,2.0,-4.0,-39.0
1776885516.4241028,4.0,-4.0,-36.0
1776885516.4341028,4.0,-3.0,-32.0
1776885516.4441028,4.0,-4.0,-38.0
1776885516.4541028,0.0,-8.0,-41.0
1776885516.4641027,0.0,-8.0,-44.0
1776885516.4741027,0.0,-9.0,-49.0
1776885516.4841027,2.0,-6.0,-50.0
1776885516.4941027,5.0,-8.0,-55.0
1776885516.5041027,0.0,-8.0,-46.0
1776885516.5141027,-1.0,-5.0,-38.0
1776885516.5241027,-3.0,-3.0,-37.0
1776885516.534103,-2.0,2.0,-42.0
1776885516.544103,-3.0,2.0,-39.0
1776885516.554103,-2.0,0.0,-38.0
1776885516.5641026,-1.0,1.0,-35.0
1776885516.5741026,1.0,0.0,-35.0
1776885516.5841026,2.0,-2.0,-38.0
1776885516.5941026,1.0,-1.0,-38.0
1776885516.6041028,-1.0,-3.0,-43.0
1776885516.6141028,-4.0,-3.0,-42.0
1776885516.6241028,-7.0,-2.0,-40.0
1776885516.6341028,-10.0,-1.0,-39.0
1776885516.6441028,-4.0,-6.0,-40.0
1776885516.6541028,-3.0,-8.0,-38.0
1776885516.6641028,-5.0,-9.0,-37.0
1776885516.6741028,-5.0,-6.0,-39.0
1776885516.6841028,-6.0,-4.0,-42.0
1776885516.6941028,-5.0,-7.0,-39.0
1776885516.7041028,-2.0,-10.0,-45.0
1776885516.7141027,-3.0,-7.0,-45.0
1776885516.7241027,-4.0,-3.0,-42.0
1776885516.7341027,-4.0,-2.0,-43.0
1776885516.7441027,-5.0,-1.0,-50.0
1776885516.7541027,1.0,0.0,-48.0
1776885516.7641027,4.0,-6.0,-43.0
1776885516.7741027,4.0,-9.0,-40.0
1776885516.784103,6.0,-9.0,-35.0
1776885516.794103,4.0,-8.0,-41.0
1776885516.804103,5.0,-4.0,-41.0
1776885516.8141026,7.0,0.0,-43.0
1776885516.8241026,7.0,2.0,-52.0
1776885516.8341026,8.0,-3.0,-49.0
1776885516.8441026,10.0,-2.0,-41.0
1776885516.8541028,12.0,-5.0,-44.0
1776885516.8641028,14.0,-3.0,-53.0
1776885516.8741028,10.0,-4.0,-53.0
1776885516.8841028,8.0,-5.0,-52.0
1776885516.8941028,5.0,-5.0,-42.0
1776885516.9041028,2.0,-2.0,-37.0
1776885516.9141028,0.0,-7.0,-34.0
1776885516.9241028,-1.0,-10.0,-42.0
1776885516.9341028,1.0,-12.0,-42.0
1776885516.9441028,-2.0,-11.0,-36.0
1776885516.9541028,-1.0,-8.0,-40.0
1776885516.9641027,0.0,-4.0,-39.0
1776885516.9741027,1.0,-2.0,-43.0
1776885516.9841027,0.0,0.0,-46.0
1776885516.9941027,-3.0,2.0,-52.0
1776885517.0041027,-5.0,3.0,-50.0
1776885517.0141027,-7.0,4.0,-42.0
1776885517.0241027,-7.0,2.0,-44.0
1776885517.034103,-5.0,3.0,-47.0
1776885517.044103,-1.0,2.0,-47.0
1776885517.054103,-3.0,1.0,-50.0
1776885517.0641026,-3.0,0.0,-58.0
1776885517.0741026,-3.0,0.0,-54.0
1776885517.0841026,-2.0,-1.0,-52.0
1776885517.0941026,-2.0,-4.0,-46.0
1776885517.1041028,-1.0,-8.0,-44.0
1776885517.1141028,1.0,-8.0,-44.0
1776885517.1241028,2.0,-5.0,-40.0
1776885517.1341028,2.0,-5.0,-40.0
1776885517.1441028,1.0,-5.0,-36.0
1776885517.1541028,-3.0,-2.0,-29.0
1776885517.1641028,-4.0,-1.0,-29.0
1776885517.1741028,-2.0,-2.0,-34.0
1776885517.1841028,-2.0,-1.0,-35.0
1776885517.1941028,-4.0,0.0,-40.0
1776885517.2041028,-4.0,1.0,-39.0
1776885517.2141027,-4.0,-2.0,-34.0
1776885517.2241027,-1.0,0.0,-36.0
1776885517.2341027,2.0,2.0,-35.0
1776885517.2441027,4.0,1.0,-38.0
1776885517.2541027,4.0,3.0,-42.0
1776885517.2641027,1.0,2.0,-39.0
1776885517.2741027,2.0,2.0,-43.0
1776885517.284103,0.0,1.0,-51.0
1776885517.294103,-1.0,5.0,-51.0
1776885517.304103,-1.0,4.0,-59.0
1776885517.3141026,-4.0,4.0,-56.0
1776885517.3241026,3.0,5.0,-45.0
1776885517.3341026,3.0,3.0,-49.0
1776885517.3441026,0.0,2.0,-50.0
1776885517.3541028,0.0,0.0,-42.0
1776885517.3641028,2.0,0.0,-38.0
1776885517.3741028,6.0,-2.0,-42.0
1776885517.3841028,6.0,-2.0,-43.0
1776885517.3941028,0.0,0.0,-40.0
1776885517.4041028,2.0,-1.0,-42.0
1776885517.4141028,0.0,-2.0,-49.0
1776885517.4241028,1.0,-4.0,-47.0
1776885517.4341028,0.0,-5.0,-54.0
1776885517.4441028,2.0,-5.0,-55.0
1776885517.4541028,0.0,-6.0,-56.0
1776885517.4641027,0.0,-2.0,-56.0
1776885517.4741027,3.0,-4.0,-61.0
1776885517.4841027,0.0,-3.0,-53.0
1776885517.4941027,-1.0,1.0,-44.0
1776885517.5051026,-3.0,-3.0,-41.0
1776885517.5141027,-3.0,-3.0,-50.0
1776885517.5241027,-6.0,-3.0,-53.0
1776885517.534103,-3.0,-4.0,-49.0
1776885517.544103,-7.0,-2.0,-47.0
1776885517.554103,-6.0,1.0,-39.0
1776885517.5641026,-3.0,3.0,-40.0
1776885517.5741026,-3.0,0.0,-38.0
1776885517.5841026,-4.0,0.0,-42.0
1776885517.5941026,-1.0,-2.0,-45.0
1776885517.6041028,-2.0,-3.0,-44.0
1776885517.6141028,-7.0,-4.0,-38.0
1776885517.6241028,-4.0,0.0,-43.0
1776885517.6341028,-3.0,-3.0,-41.0
1776885517.6441028,-2.0,1.0,-39.0
1776885517.6541028,-2.0,1.0,-46.0
1776885517.6641028,-2.0,-1.0,-44.0
1776885517.6741028,-3.0,0.0,-41.0
1776885517.6841028,0.0,3.0,-38.0
1776885517.6941028,6.0,1.0,-43.0
1776885517.7041028,8.0,1.0,-45.0
1776885517.7141027,10.0,0.0,-41.0
1776885517.7241027,9.0,0.0,-33.0
1776885517.7341027,9.0,1.0,-36.0
1776885517.7441027,7.0,-2.0,-41.0
1776885517.7541027,4.0,0.0,-38.0
1776885517.7641027,2.0,2.0,-37.0
1776885517.7741027,6.0,-1.0,-43.0
1776885517.784103,5.0,-3.0,-48.0
1776885517.794103,5.0,0.0,-46.0
1776885517.804103,4.0,2.0,-46.0
1776885517.8141026,2.0,-1.0,-41.0
1776885517.8241026,0.0,1.0,-43.0
1776885517.8341026,1.0,3.0,-43.0
1776885517.8441026,-3.0,3.0,-44.0
1776885517.8541028,-5.0,1.0,-40.0
1776885517.8641028,-5.0,-2.0,-40.0
1776885517.8741028,-2.0,-5.0,-40.0
1776885517.8841028,-6.0,-3.0,-39.0
1776885517.8941028,-4.0,-2.0,-43.0
1776885517.9041028,-1.0,0.0,-41.0
1776885517.9141028,0.0,-1.0,-43.0
1776885517.9241028,1.0,-1.0,-40.0
1776885517.9341028,0.0,-5.0,-41.0
1776885517.9441028,3.0,-7.0,-40.0
1776885517.9541028,5.0,-9.0,-39.0
1776885517.9641027,0.0,-11.0,-35.0
1776885517.9741027,0.0,-9.0,-36.0
1776885517.9841027,1.0,-8.0,-38.0
1776885517.9941027,3.0,-5.0,-32.0
1776885518.0041027,5.0,-3.0,-34.0
1776885518.0141027,7.0,0.0,-37.0
1776885518.0241027,5.0,0.0,-45.0
1776885518.034103,3.0,-1.0,-45.0
1776885518.044103,1.0,-5.0,-42.0
1776885518.054103,4.0,-4.0,-47.0
1776885518.0641026,6.0,-3.0,-44.0
1776885518.0741026,8.0,-4.0,-49.0
1776885518.0841026,7.0,-2.0,-50.0
1776885518.0941026,1.0,-3.0,-52.0
1776885518.1041028,3.0,0.0,-47.0
1776885518.1141028,2.0,-2.0,-44.0
1776885518.1241028,2.0,-1.0,-43.0
1776885518.1341028,4.0,0.0,-47.0
1776885518.1441028,4.0,-1.0,-43.0
1776885518.1541028,1.0,-4.0,-42.0
1776885518.1641028,1.0,-1.0,-36.0
1776885518.1741028,2.0,-3.0,-33.0
1776885518.1841028,4.0,-1.0,-34.0
1776885518.1941028,-1.0,0.0,-30.0
1776885518.2041028,0.0,4.0,-35.0
1776885518.2141027,2.0,0.0,-35.0
1776885518.2241027,4.0,3.0,-37.0
1776885518.2341027,5.0,0.0,-38.0
1776885518.2451026,2.0,0.0,-41.0
1776885518.2551026,3.0,-4.0,-39.0
1776885518.2651026,4.0,-5.0,-42.0
1776885518.2751029,7.0,-6.0,-43.0
1776885518.2851028,11.0,-4.0,-35.0
1776885518.2951028,7.0,-3.0,-32.0
1776885518.3051028,5.0,-6.0,-29.0
1776885518.3151028,3.0,-6.0,-35.0
1776885518.3251028,0.0,-4.0,-39.0
1776885518.3351028,1.0,-6.0,-45.0
1776885518.3451028,0.0,-5.0,-45.0
1776885518.3551028,2.0,-2.0,-50.0
1776885518.3651028,2.0,-2.0,-54.0
1776885518.3751028,2.0,0.0,-57.0
1776885518.3851027,1.0,0.0,-56.0
1776885518.3951027,0.0,1.0,-51.0
1776885518.4051027,2.0,0.0,-50.0
1776885518.4151027,0.0,0.0,-55.0
1776885518.4251027,-3.0,0.0,-60.0
1776885518.4351027,-1.0,1.0,-60.0
1776885518.4451027,5.0,0.0,-55.0
1776885518.4551027,8.0,-8.0,-49.0
1776885518.465103,10.0,-6.0,-46.0
1776885518.475103,6.0,-6.0,-48.0
1776885518.485103,5.0,-3.0,-51.0
1776885518.4951026,7.0,-2.0,-52.0
1776885518.5051026,2.0,0.0,-51.0
1776885518.5151026,1.0,-3.0,-52.0
1776885518.5251029,2.0,0.0,-52.0
1776885518.5351028,5.0,1.0,-49.0
1776885518.5451028,5.0,3.0,-54.0
1776885518.5551028,4.0,5.0,-52.0
1776885518.5651028,7.0,3.0,-51.0
1776885518.5751028,4.0,0.0,-48.0
1776885518.5851028,2.0,-1.0,-44.0
1776885518.5951028,0.0,0.0,-44.0
1776885518.6051028,1.0,3.0,-46.0
1776885518.6151028,0.0,3.0,-40.0
1776885518.6251028,0.0,0.0,-41.0
1776885518.6351027,0.0,0.0,-41.0
1776885518.6451027,0.0,-1.0,-41.0
1776885518.6551027,2.0,-4.0,-39.0
1776885518.6651027,-4.0,0.0,-42.0
1776885518.6751027,-5.0,-1.0,-40.0
1776885518.6851027,-4.0,-3.0,-36.0
1776885518.6951027,-1.0,-3.0,-38.0
1776885518.7051027,2.0,-3.0,-34.0
1776885518.715103,0.0,0.0,-35.0
1776885518.725103,-3.0,-1.0,-36.0
1776885518.735103,-5.0,5.0,-32.0
1776885518.7451026,-6.0,6.0,-34.0
1776885518.7551026,-10.0,4.0,-48.0
1776885518.7651026,-9.0,0.0,-51.0
1776885518.7751029,-6.0,0.0,-46.0
1776885518.7851028,-6.0,-1.0,-39.0
1776885518.7951028,-9.0,-4.0,-35.0
1776885518.8051028,-5.0,-7.0,-33.0
1776885518.8151028,-7.0,-8.0,-44.0
1776885518.8251028,-7.0,-8.0,-45.0
1776885518.8351028,-4.0,-6.0,-43.0
1776885518.8451028,0.0,-6.0,-44.0
1776885518.8551028,2.0,-5.0,-44.0
1776885518.8651028,7.0,-4.0,-46.0
1776885518.8751028,9.0,-1.0,-37.0
1776885518.8851027,6.0,0.0,-35.0
1776885518.8951027,1.0,0.0,-37.0
1776885518.9051027,1.0,-1.0,-36.0
1776885518.9151027,0.0,-3.0,-37.0
1776885518.9251027,-2.0,-1.0,-46.0
1776885518.9351027,-2.0,-1.0,-46.0
1776885518.9451027,-2.0,-3.0,-41.0
1776885518.9551027,-1.0,-4.0,-39.0
1776885518.965103,0.0,-4.0,-39.0
1776885518.975103,0.0,-3.0,-38.0
1776885518.985103,-2.0,0.0,-40.0
1776885518.9951026,-7.0,-4.0,-37.0
1776885519.0051026,-5.0,-6.0,-35.0
1776885519.0151026,-5.0,-4.0,-35.0
1776885519.0251029,-3.0,-5.0,-44.0
1776885519.0351028,-3.0,-5.0,-43.0
1776885519.0451028,-3.0,-5.0,-45.0
1776885519.0551028,-2.0,-1.0,-44.0
1776885519.0651028,1.0,-1.0,-42.0
1776885519.0751028,-1.0,-1.0,-52.0
1776885519.0851028,-1.0,-5.0,-54.0
1776885519.0951028,-2.0,-5.0,-51.0
1776885519.1051028,-3.0,-2.0,-50.0
1776885519.1151028,-1.0,-6.0,-46.0
1776885519.1251028,3.0,-3.0,-51.0
1776885519.1351027,4.0,-1.0,-47.0
1776885519.1451027,7.0,-3.0,-45.0
1776885519.1551027,7.0,-4.0,-42.0
1776885519.1651027,8.0,-3.0,-43.0
1776885519.1751027,6.0,-5.0,-42.0
1776885519.1851027,0.0,-8.0,-45.0
1776885519.1951027,-3.0,-9.0,-54.0
1776885519.2051027,-3.0,-7.0,-52.0
1776885519.215103,1.0,-5.0,-54.0
1776885519.225103,0.0,-4.0,-49.0
1776885519.235103,3.0,0.0,-43.0
1776885519.2451026,4.0,3.0,-49.0
1776885519.2551026,2.0,4.0,-47.0
1776885519.2651026,0.0,7.0,-45.0
1776885519.2751029,0.0,7.0,-39.0
1776885519.2851028,4.0,7.0,-40.0
1776885519.2951028,5.0,5.0,-42.0
1776885519.3051028,4.0,3.0,-36.0
1776885519.3151028,5.0,1.0,-42.0
1776885519.3251028,7.0,1.0,-41.0
1776885519.3351028,6.0,0.0,-46.0
1776885519.3451028,-5.0,-1.0,-49.0
1776885519.3551028,0.0,1.0,-50.0
1776885519.3651028,3.0,4.0,-47.0
1776885519.3751028,0.0,-4.0,-48.0
1776885519.3851027,0.0,-5.0,-47.0
1776885519.3951027,0.0,-4.0,-42.0
1776885519.4051027,1.0,-5.0,-42.0
1776885519.4151027,-5.0,-3.0,-43.0
1776885519.4251027,-1.0,-5.0,-41.0
1776885519.4351027,2.0,-2.0,-42.0
1776885519.4451027,0.0,-2.0,-44.0
1776885519.4551027,-2.0,-2.0,-46.0
1776885519.465103,-2.0,-3.0,-45.0
1776885519.475103,-2.0,-3.0,-39.0
1776885519.485103,-4.0,-1.0,-39.0
1776885519.4951026,-3.0,-1.0,-49.0
1776885519.5051026,-1.0,0.0,-46.0
1776885519.5151026,1.0,2.0,-44.0
1776885519.5251029,2.0,3.0,-51.0
1776885519.5351028,0.0,4.0,-59.0
1776885519.5451028,1.0,4.0,-55.0
1776885519.5551028,3.0,0.0,-50.0
1776885519.5651028,2.0,0.0,-42.0
1776885519.5751028,-1.0,0.0,-46.0
1776885519.5851028,-5.0,1.0,-46.0
1776885519.5951028,0.0,5.0,-52.0
1776885519.6051028,1.0,4.0,-50.0
1776885519.6151028,0.0,3.0,-48.0
1776885519.6251028,4.0,5.0,-50.0
1776885519.6351027,4.0,7.0,-49.0
1776885519.6451027,5.0,7.0,-47.0
1776885519.6551027,6.0,5.0,-47.0
1776885519.6651027,1.0,4.0,-52.0
1776885519.6751027,0.0,1.0,-42.0
1776885519.6851027,-2.0,4.0,-36.0
1776885519.6951027,-1.0,3.0,-35.0
1776885519.7051027,6.0,0.0,-39.0
1776885519.715103,4.0,-3.0,-40.0
1776885519.725103,4.0,-3.0,-41.0
1776885519.735103,8.0,-6.0,-42.0
1776885519.7451026,4.0,-8.0,-41.0
1776885519.7551026,2.0,-8.0,-31.0
1776885519.7651026,0.0,-7.0,-23.0
1776885519.7751029,0.0,-7.0,-26.0
1776885519.7851028,0.0,-5.0,-32.0
1776885519.7951028,0.0,-10.0,-39.0
1776885519.8051028,0.0,-7.0,-39.0
1776885519.8151028,-1.0,-6.0,-35.0
1776885519.8251028,0.0,-7.0,-37.0
1776885519.8351028,-1.0,-5.0,-37.0
1776885519.8451028,-1.0,-6.0,-39.0
1776885519.8551028,2.0,-9.0,-40.0
1776885519.8651028,1.0,-9.0,-38.0
1776885519.8751028,-2.0,-9.0,-39.0
1776885519.8851027,0.0,-6.0,-45.0
1776885519.8951027,3.0,0.0,-50.0
1776885519.9051027,4.0,2.0,-47.0
1776885519.9151027,1.0,3.0,-49.0
1776885519.9251027,-2.0,1.0,-52.0
1776885519.9351027,-2.0,1.0,-52.0
1776885519.9451027,-2.0,2.0,-50.0
1776885519.9551027,0.0,-2.0,-50.0
1776885519.965103,-1.0,-3.0,-49.0
1776885519.975103,-4.0,-3.0,-50.0
1776885519.985103,0.0,-3.0,-50.0
1776885519.9951026,-1.0,-1.0,-49.0
1776885520.0051026,0.0,-6.0,-48.0
1776885520.0151026,0.0,-5.0,-49.0
1776885520.0251029,3.0,-1.0,-50.0
1776885520.0351028,4.0,1.0,-44.0
1776885520.0451028,3.0,-2.0,-50.0
1776885520.0551028,1.0,1.0,-47.0
1776885520.0651028,-3.0,1.0,-42.0
1776885520.0751028,-4.0,0.0,-44.0
1776885520.0851028,-6.0,4.0,-42.0
1776885520.0951028,-2.0,2.0,-37.0
1776885520.1051028,-5.0,3.0,-38.0
1776885520.1151028,-7.0,2.0,-35.0
1776885520.1251028,-1.0,3.0,-42.0
1776885520.1351027,0.0,6.0,-43.0
1776885520.1451027,-4.0,3.0,-40.0
1776885520.1551027,-1.0,2.0,-38.0
1776885520.1651027,-3.0,1.0,-46.0
1776885520.1751027,-2.0,2.0,-43.0
1776885520.1851027,-3.0,2.0,-44.0
1776885520.1951027,-7.0,0.0,-49.0
1776885520.2061028,-4.0,-4.0,-52.0
1776885520.2161028,-5.0,-5.0,-51.0
1776885520.2261028,-6.0,-7.0,-55.0
1776885520.2361028,-2.0,-6.0,-58.0
1776885520.2461028,0.0,-4.0,-56.0
1776885520.2561028,-3.0,-1.0,-50.0
1776885520.2661028,-2.0,0.0,-48.0
1776885520.2761028,-4.0,-4.0,-48.0
1776885520.2861028,-2.0,-9.0,-46.0
1776885520.2961028,0.0,-7.0,-43.0
1776885520.3061028,-2.0,-9.0,-46.0
1776885520.3161027,-2.0,-10.0,-44.0
1776885520.3261027,-3.0,-7.0,-47.0
1776885520.3361027,1.0,-8.0,-49.0
1776885520.3461027,0.0,-5.0,-54.0
1776885520.3561027,3.0,-3.0,-50.0
1776885520.3661027,3.0,-9.0,-42.0
1776885520.3761027,3.0,-6.0,-41.0
1776885520.386103,1.0,-6.0,-42.0
1776885520.396103,4.0,0.0,-36.0
1776885520.406103,5.0,-1.0,-35.0
1776885520.4161026,5.0,1.0,-46.0
1776885520.4261026,6.0,6.0,-52.0
1776885520.4361026,7.0,7.0,-55.0
1776885520.4461029,4.0,4.0,-56.0
1776885520.4561028,5.0,2.0,-58.0
1776885520.4661028,2.0,0.0,-58.0
1776885520.4761028,5.0,2.0,-56.0
1776885520.4861028,7.0,0.0,-52.0
1776885520.4961028,9.0,1.0,-54.0
1776885520.5061028,9.0,2.0,-46.0
1776885520.5161028,3.0,1.0,-45.0
1776885520.5261028,-1.0,2.0,-43.0
1776885520.5361028,-6.0,1.0,-46.0
1776885520.5461028,-4.0,3.0,-42.0
1776885520.5561028,-7.0,3.0,-39.0
1776885520.5661027,-9.0,0.0,-45.0
1776885520.5761027,-7.0,-3.0,-48.0
1776885520.5861027,-5.0,-3.0,-40.0
1776885520.5961027,-3.0,-7.0,-45.0
1776885520.6061027,-2.0,-2.0,-45.0
1776885520.6161027,-3.0,0.0,-50.0
1776885520.6261027,-6.0,-6.0,-45.0
1776885520.636103,-6.0,-4.0,-44.0
1776885520.646103,0.0,-9.0,-44.0
1776885520.656103,2.0,-6.0,-45.0
1776885520.6661026,0.0,-6.0,-48.0
1776885520.6761026,0.0,-8.0,-41.0
1776885520.6861026,2.0,-3.0,-36.0
1776885520.6961029,4.0,0.0,-42.0
1776885520.7061028,5.0,-2.0,-44.0
1776885520.7161028,5.0,-3.0,-43.0
1776885520.7261028,2.0,-6.0,-42.0
1776885520.7361028,1.0,-2.0,-40.0
1776885520.7461028,6.0,-1.0,-34.0
1776885520.7561028,8.0,-4.0,-38.0
1776885520.7661028,6.0,0.0,-35.0
1776885520.7761028,1.0,1.0,-29.0
1776885520.7861028,-4.0,4.0,-30.0
1776885520.7961028,-7.0,0.0,-34.0
1776885520.8061028,-4.0,0.0,-35.0
1776885520.8161027,-5.0,0.0,-30.0
1776885520.8261027,-9.0,1.0,-29.0
1776885520.8361027,-8.0,3.0,-28.0
1776885520.8461027,-8.0,1.0,-28.0
1776885520.8561027,-14.0,-1.0,-29.0
1776885520.8661027,-12.0,-1.0,-40.0
1776885520.8761027,-13.0,-3.0,-47.0
1776885520.886103,-13.0,-4.0,-43.0
1776885520.896103,-7.0,-4.0,-41.0
1776885520.906103,-4.0,-1.0,-40.0
1776885520.9161026,-3.0,-1.0,-43.0
1776885520.9261026,-6.0,-2.0,-40.0
1776885520.9361026,-3.0,-2.0,-41.0
1776885520.9461029,-6.0,-3.0,-43.0
1776885520.9561028,-4.0,-2.0,-45.0
1776885520.9661028,0.0,0.0,-43.0
1776885520.9761028,2.0,1.0,-42.0
1776885520.9861028,0.0,0.0,-45.0
1776885520.9961028,1.0,0.0,-46.0
1776885521.0061028,7.0,1.0,-51.0
1776885521.0161028,9.0,1.0,-51.0
1776885521.0261028,7.0,1.0,-50.0
1776885521.0361028,2.0,0.0,-50.0
1776885521.0461028,3.0,-5.0,-50.0
1776885521.0561028,3.0,-8.0,-48.0
1776885521.0661027,3.0,-6.0,-44.0
1776885521.0761027,0.0,-2.0,-44.0
1776885521.0861027,1.0,0.0,-45.0
1776885521.0961027,1.0,1.0,-45.0
1776885521.1061027,0.0,0.0,-42.0
1776885521.1161027,1.0,-1.0,-42.0
1776885521.1261027,1.0,-4.0,-44.0
1776885521.136103,0.0,-4.0,-46.0
1776885521.146103,0.0,0.0,-48.0
1776885521.156103,3.0,0.0,-43.0
1776885521.1661026,1.0,3.0,-42.0
1776885521.1761026,3.0,6.0,-43.0
1776885521.1861026,1.0,6.0,-48.0
1776885521.1961029,2.0,3.0,-52.0
1776885521.2061028,0.0,0.0,-53.0
1776885521.2161028,1.0,-3.0,-53.0
1776885521.2261028,4.0,-3.0,-58.0
1776885521.2361028,5.0,3.0,-52.0
1776885521.2461028,2.0,6.0,-48.0
1776885521.2561028,4.0,3.0,-49.0
1776885521.2661028,7.0,4.0,-43.0
1776885521.2761028,4.0,3.0,-45.0
1776885521.2861028,3.0,1.0,-47.0
1776885521.2961028,0.0,0.0,-50.0
1776885521.3061028,-1.0,3.0,-48.0
1776885521.3161027,-1.0,1.0,-47.0
1776885521.3261027,-6.0,-2.0,-43.0
1776885521.3361027,-6.0,-3.0,-43.0
1776885521.3461027,-6.0,-5.0,-39.0
1776885521.3561027,-6.0,-1.0,-38.0
1776885521.3661027,-1.0,0.0,-38.0
1776885521.3761027,-2.0,-8.0,-43.0
1776885521.386103,-4.0,-2.0,-42.0
1776885521.396103,-3.0,-3.0,-42.0
1776885521.406103,-3.0,-5.0,-41.0
1776885521.4161026,-3.0,-6.0,-43.0
1776885521.4261026,-1.0,-3.0,-42.0
1776885521.4361026,0.0,-2.0,-38.0
1776885521.4461029,3.0,-2.0,-38.0
1776885521.4561028,5.0,-2.0,-34.0
1776885521.4661028,7.0,-1.0,-36.0
1776885521.4761028,8.0,-3.0,-39.0
1776885521.4861028,5.0,-3.0,-41.0
1776885521.4961028,11.0,-2.0,-46.0
1776885521.5061028,10.0,-2.0,-51.0
1776885521.5161028,5.0,-1.0,-44.0
1776885521.5261028,5.0,0.0,-39.0
1776885521.5361028,6.0,3.0,-36.0
1776885521.5461028,10.0,4.0,-35.0
1776885521.5561028,8.0,3.0,-36.0
1776885521.5661027,13.0,0.0,-35.0
1776885521.5761027,11.0,0.0,-37.0
1776885521.5861027,6.0,-1.0,-35.0
1776885521.5961027,8.0,-3.0,-40.0
1776885521.6061027,6.0,-5.0,-48.0
1776885521.6161027,3.0,1.0,-49.0
1776885521.6261027,3.0,1.0,-50.0
1776885521.636103,0.0,2.0,-52.0
1776885521.646103,-5.0,3.0,-50.0
1776885521.656103,-4.0,4.0,-49.0
1776885521.6661026,-2.0,9.0,-35.0
1776885521.6761026,-1.0,5.0,-36.0
1776885521.6861026,0.0,6.0,-35.0
1776885521.6961029,1.0,7.0,-34.0
1776885521.7061028,1.0,5.0,-44.0
1776885521.7161028,2.0,-3.0,-47.0
1776885521.7261028,1.0,-2.0,-50.0
1776885521.7361028,2.0,1.0,-45.0
1776885521.7461028,7.0,0.0,-45.0
1776885521.7561028,10.0,2.0,-47.0
1776885521.7661028,11.0,3.0,-47.0
1776885521.7761028,7.0,4.0,-39.0
1776885521.7861028,5.0,7.0,-37.0
1776885521.7961028,1.0,4.0,-42.0
1776885521.8061028,0.0,1.0,-38.0
1776885521.8161027,4.0,-4.0,-39.0
1776885521.8261027,2.0,-1.0,-40.0
1776885521.8361027,4.0,-2.0,-31.0
1776885521.8461027,11.0,2.0,-27.0
1776885521.8561027,9.0,3.0,-32.0
1776885521.8661027,3.0,0.0,-41.0
1776885521.8761027,0.0,-3.0,-38.0
1776885521.886103,4.0,-3.0,-38.0
1776885521.896103,3.0,-1.0,-29.0
1776885521.906103,-3.0,1.0,-29.0
1776885521.9161026,-6.0,3.0,-32.0
1776885521.9261026,-6.0,2.0,-34.0
1776885521.9361026,-3.0,-1.0,-35.0
1776885521.9461029,4.0,-1.0,-42.0
1776885521.9561028,6.0,-4.0,-42.0
1776885521.9661028,6.0,-5.0,-43.0
1776885521.9761028,5.0,0.0,-47.0
1776885521.9861028,4.0,-3.0,-46.0
1776885521.9961028,3.0,-2.0,-36.0
1776885522.0061028,1.0,0.0,-37.0
1776885522.0161028,3.0,0.0,-43.0
1776885522.0261028,1.0,0.0,-45.0
1776885522.0361028,0.0,1.0,-44.0
1776885522.0461028,-4.0,0.0,-41.0
1776885522.0561028,-1.0,0.0,-45.0
1776885522.0661027,2.0,0.0,-50.0
1776885522.0761027,1.0,3.0,-48.0
1776885522.0861027,-3.0,5.0,-42.0
1776885522.0961027,-1.0,5.0,-45.0
1776885522.1061027,-1.0,10.0,-46.0
1776885522.1161027,-5.0,9.0,-47.0
1776885522.1261027,-2.0,5.0,-51.0
1776885522.136103,0.0,6.0,-51.0
1776885522.146103,2.0,1.0,-56.0
1776885522.156103,0.0,1.0,-57.0
1776885522.1661026,0.0,-1.0,-60.0
1776885522.1761026,2.0,-1.0,-54.0
1776885522.1871028,2.0,-2.0,-51.0
1776885522.1971028,0.0,0.0,-48.0
1776885522.2061028,0.0,3.0,-49.0
1776885522.2171028,2.0,3.0,-47.0
1776885522.2271028,-3.0,1.0,-41.0
1776885522.2371027,-1.0,-1.0,-40.0
1776885522.2471027,0.0,0.0,-44.0
1776885522.2571027,0.0,3.0,-50.0
1776885522.2671027,0.0,4.0,-54.0
1776885522.2771027,-2.0,3.0,-52.0
1776885522.2871027,-2.0,1.0,-56.0
1776885522.2971027,-5.0,0.0,-55.0
1776885522.307103,-3.0,0.0,-48.0
1776885522.3181028,0.0,-2.0,-53.0
1776885522.327103,0.0,0.0,-57.0
1776885522.337103,1.0,0.0,-59.0
1776885522.3471026,0.0,5.0,-60.0
1776885522.3571026,3.0,2.0,-53.0
1776885522.3671026,-6.0,0.0,-51.0
1776885522.3771029,-5.0,2.0,-54.0
1776885522.3871028,-3.0,4.0,-56.0
1776885522.3971028,-5.0,5.0,-59.0
1776885522.4071028,-4.0,7.0,-55.0
1776885522.4171028,-3.0,4.0,-52.0
1776885522.4271028,-2.0,3.0,-52.0
1776885522.4371028,-2.0,2.0,-44.0
1776885522.4471028,-8.0,1.0,-45.0
1776885522.4571028,-9.0,3.0,-43.0
1776885522.4671028,-5.0,3.0,-42.0
1776885522.4771028,-2.0,3.0,-45.0
1776885522.4871027,-1.0,2.0,-39.0
1776885522.4971027,3.0,2.0,-32.0
1776885522.5071027,0.0,3.0,-36.0
1776885522.5171027,-2.0,2.0,-33.0
1776885522.5271027,-2.0,-2.0,-36.0
1776885522.5371027,-2.0,-7.0,-31.0
1776885522.5471027,-2.0,-9.0,-31.0
1776885522.557103,0.0,-9.0,-34.0
1776885522.567103,2.0,-12.0,-36.0
1776885522.577103,4.0,-12.0,-37.0
1776885522.587103,0.0,-13.0,-43.0
1776885522.5971026,-2.0,-10.0,-41.0
1776885522.6071026,0.0,-13.0,-41.0
1776885522.6171026,4.0,-12.0,-43.0
1776885522.6271029,6.0,-6.0,-40.0
1776885522.6371028,4.0,-6.0,-39.0
1776885522.6471028,4.0,-6.0,-38.0
1776885522.6571028,3.0,-6.0,-34.0
1776885522.6671028,-4.0,-2.0,-39.0
1776885522.6771028,1.0,-1.0,-46.0
1776885522.6871028,1.0,-2.0,-43.0
1776885522.6971028,4.0,0.0,-47.0
1776885522.7071028,0.0,-2.0,-44.0
1776885522.7171028,0.0,0.0,-44.0
1776885522.7271028,-4.0,0.0,-50.0
1776885522.7371027,-1.0,2.0,-52.0
1776885522.7471027,-1.0,1.0,-57.0
1776885522.7571027,-5.0,3.0,-60.0
1776885522.7671027,-5.0,7.0,-63.0
1776885522.7771027,0.0,9.0,-58.0
1776885522.7871027,3.0,4.0,-54.0
1776885522.7971027,0.0,8.0,-49.0
1776885522.807103,-1.0,6.0,-51.0
1776885522.817103,-3.0,6.0,-45.0
1776885522.827103,-3.0,4.0,-49.0
1776885522.837103,2.0,2.0,-46.0
1776885522.8471026,3.0,3.0,-50.0
1776885522.8571026,5.0,2.0,-50.0
1776885522.8671026,1.0,-1.0,-58.0
1776885522.8771029,3.0,-3.0,-51.0
1776885522.8871028,1.0,-2.0,-56.0
1776885522.8971028,-1.0,-3.0,-56.0
1776885522.9071028,0.0,-4.0,-58.0
1776885522.9171028,0.0,-7.0,-60.0
1776885522.9271028,0.0,0.0,-51.0
1776885522.9371028,1.0,0.0,-46.0
1776885522.9471028,0.0,1.0,-49.0
1776885522.9571028,0.0,6.0,-48.0
1776885522.9671028,7.0,6.0,-43.0
1776885522.9771028,5.0,3.0,-40.0
1776885522.9871027,1.0,0.0,-39.0
1776885522.9971027,0.0,0.0,-37.0
1776885523.0071027,2.0,-1.0,-38.0
1776885523.0171027,7.0,-3.0,-37.0
1776885523.0271027,2.0,-1.0,-35.0
1776885523.0371027,6.0,-1.0,-33.0
1776885523.0471027,5.0,-3.0,-40.0
1776885523.057103,6.0,-4.0,-45.0
1776885523.067103,5.0,-6.0,-49.0
1776885523.077103,8.0,-5.0,-44.0
1776885523.087103,8.0,2.0,-42.0
1776885523.0971026,9.0,3.0,-37.0
1776885523.1071026,7.0,2.0,-40.0
1776885523.1171026,5.0,3.0,-45.0
1776885523.1271029,6.0,2.0,-44.0
1776885523.1371028,5.0,0.0,-43.0
1776885523.1471028,6.0,-2.0,-42.0
1776885523.1571028,2.0,1.0,-39.0
1776885523.1671028,2.0,0.0,-40.0
1776885523.1771028,0.0,1.0,-45.0
1776885523.1871028,-1.0,1.0,-40.0
1776885523.1971028,-4.0,0.0,-38.0
1776885523.2071028,-2.0,0.0,-44.0
1776885523.2171028,-5.0,3.0,-40.0
1776885523.2271028,-2.0,0.0,-41.0
1776885523.2371027,-1.0,0.0,-39.0
1776885523.2471027,-1.0,0.0,-42.0
1776885523.2571027,1.0,-2.0,-35.0
1776885523.2671027,1.0,0.0,-39.0
1776885523.2771027,0.0,-1.0,-40.0
1776885523.2871027,-1.0,-2.0,-39.0
1776885523.2971027,2.0,-4.0,-44.0
1776885523.307103,-3.0,-3.0,-46.0
1776885523.317103,-5.0,-3.0,-50.0
1776885523.327103,-5.0,-1.0,-61.0
1776885523.337103,-5.0,-4.0,-60.0
1776885523.3471026,-4.0,-3.0,-56.0
1776885523.3571026,-8.0,-1.0,-52.0
1776885523.3671026,-4.0,3.0,-43.0
1776885523.3771029,0.0,2.0,-47.0
1776885523.3871028,2.0,0.0,-47.0
1776885523.3971028,0.0,0.0,-36.0
1776885523.4071028,-2.0,3.0,-31.0
1776885523.4171028,-2.0,3.0,-34.0
1776885523.4271028,-5.0,1.0,-34.0
1776885523.4371028,-3.0,-1.0,-36.0
1776885523.4471028,0.0,0.0,-41.0
1776885523.4571028,-2.0,-3.0,-53.0
1776885523.4671028,-3.0,-4.0,-53.0
1776885523.4771028,-2.0,-2.0,-51.0
1776885523.4871027,-2.0,-3.0,-50.0
1776885523.4971027,-5.0,-7.0,-44.0
1776885523.5071027,-1.0,-5.0,-48.0
1776885523.5171027,0.0,-5.0,-45.0
1776885523.5271027,-3.0,-8.0,-46.0
1776885523.5371027,-4.0,-8.0,-46.0
1776885523.5471027,0.0,-10.0,-45.0
1776885523.557103,-4.0,-7.0,-41.0
1776885523.567103,-4.0,-1.0,-42.0
1776885523.577103,0.0,-4.0,-41.0
1776885523.587103,3.0,0.0,-40.0
1776885523.5971026,2.0,-1.0,-36.0
1776885523.6071026,3.0,-7.0,-35.0
1776885523.6171026,3.0,-2.0,-35.0
1776885523.6271029,-2.0,-1.0,-41.0
1776885523.6371028,-2.0,0.0,-39.0
1776885523.6471028,-1.0,-1.0,-42.0
1776885523.6571028,-3.0,-1.0,-44.0
1776885523.6671028,-2.0,-1.0,-40.0
1776885523.6771028,-1.0,-1.0,-41.0
1776885523.6871028,-5.0,-3.0,-41.0
1776885523.6971028,-7.0,-4.0,-46.0
1776885523.7071028,-6.0,-5.0,-39.0
1776885523.7171028,0.0,-2.0,-37.0
1776885523.7271028,-2.0,-1.0,-36.0
1776885523.7371027,-2.0,-1.0,-37.0
1776885523.7471027,-1.0,0.0,-35.0
1776885523.7571027,-3.0,1.0,-40.0
1776885523.7671027,-7.0,0.0,-44.0
1776885523.7771027,-3.0,-1.0,-46.0
1776885523.7871027,0.0,-1.0,-45.0
1776885523.7971027,4.0,-3.0,-40.0
1776885523.807103,3.0,0.0,-38.0
1776885523.817103,3.0,-1.0,-36.0
1776885523.827103,6.0,0.0,-30.0
1776885523.837103,6.0,0.0,-26.0
1776885523.8471026,2.0,-2.0,-34.0
1776885523.8571026,3.0,-4.0,-38.0
1776885523.8671026,4.0,-7.0,-40.0
1776885523.8771029,1.0,-2.0,-51.0
1776885523.8871028,2.0,0.0,-52.0
1776885523.8971028,3.0,-1.0,-52.0
1776885523.9071028,2.0,-4.0,-47.0
1776885523.9171028,0.0,-2.0,-50.0
1776885523.9271028,0.0,-2.0,-44.0
1776885523.9371028,3.0,1.0,-45.0
1776885523.9471028,11.0,-1.0,-40.0
1776885523.9571028,4.0,0.0,-41.0
1776885523.9671028,5.0,-1.0,-41.0
1776885523.9771028,2.0,-4.0,-38.0
1776885523.9871027,2.0,-2.0,-38.0
1776885523.9971027,4.0,-1.0,-37.0
1776885524.008103,4.0,-1.0,-38.0
1776885524.0171027,8.0,-1.0,-33.0
1776885524.0271027,7.0,0.0,-34.0
1776885524.0371027,3.0,0.0,-32.0
1776885524.0471027,2.0,0.0,-31.0
1776885524.057103,0.0,0.0,-32.0
1776885524.067103,-7.0,-1.0,-31.0
1776885524.077103,-4.0,-4.0,-39.0
1776885524.087103,-4.0,-5.0,-54.0
1776885524.0971026,-2.0,-5.0,-46.0
1776885524.1071026,0.0,-4.0,-35.0
1776885524.1171026,1.0,-2.0,-33.0
1776885524.1271029,0.0,3.0,-38.0
1776885524.1371028,0.0,1.0,-41.0
1776885524.1471028,2.0,-2.0,-41.0
1776885524.1571028,2.0,-3.0,-39.0
1776885524.1681027,0.0,-3.0,-38.0
1776885524.1781027,2.0,-4.0,-38.0
1776885524.1881027,0.0,-1.0,-37.0
1776885524.1981027,2.0,-5.0,-38.0
1776885524.2081027,2.0,-3.0,-44.0
1776885524.2181027,2.0,-3.0,-44.0
1776885524.2281027,6.0,-5.0,-46.0
1776885524.238103,1.0,-9.0,-49.0
1776885524.248103,4.0,-3.0,-42.0
1776885524.258103,0.0,-3.0,-41.0
1776885524.2681026,-1.0,0.0,-39.0
1776885524.2781026,-5.0,0.0,-37.0
1776885524.2881026,-5.0,-1.0,-33.0
1776885524.2981029,-5.0,0.0,-38.0
1776885524.3081028,-4.0,-4.0,-43.0
1776885524.3181028,-1.0,0.0,-44.0
1776885524.3281028,1.0,0.0,-47.0
1776885524.3381028,2.0,-1.0,-44.0
1776885524.3481028,1.0,1.0,-43.0
1776885524.3581028,1.0,1.0,-44.0
1776885524.3681028,8.0,0.0,-45.0
1776885524.3781028,9.0,-3.0,-43.0
1776885524.3881028,4.0,-4.0,-46.0
1776885524.3981028,4.0,-6.0,-45.0
1776885524.4081028,8.0,-9.0,-48.0
1776885524.4181027,7.0,-6.0,-51.0
1776885524.4281027,0.0,-2.0,-45.0
1776885524.4381027,3.0,0.0,-51.0
1776885524.4481027,3.0,1.0,-54.0
1776885524.4581027,-1.0,-1.0,-49.0
1776885524.4681027,-2.0,0.0,-49.0
1776885524.4781027,0.0,0.0,-39.0
1776885524.488103,0.0,1.0,-43.0
1776885524.498103,0.0,5.0,-47.0
1776885524.508103,0.0,7.0,-52.0
1776885524.5181026,-2.0,8.0,-54.0
1776885524.5281026,-1.0,5.0,-60.0
1776885524.5381026,-2.0,5.0,-60.0
1776885524.5481029,-2.0,4.0,-55.0
1776885524.5581028,0.0,2.0,-51.0
1776885524.5681028,-2.0,1.0,-41.0
1776885524.5781028,0.0,1.0,-41.0
1776885524.5881028,-2.0,3.0,-42.0
1776885524.5981028,-1.0,6.0,-44.0
1776885524.6081028,1.0,7.0,-47.0
1776885524.6181028,-1.0,7.0,-41.0
1776885524.6281028,3.0,7.0,-36.0
1776885524.6381028,4.0,3.0,-37.0
1776885524.6481028,5.0,5.0,-51.0
1776885524.6581028,1.0,0.0,-55.0
1776885524.6681027,-1.0,3.0,-47.0
1776885524.6781027,-3.0,2.0,-46.0
1776885524.6881027,-6.0,-3.0,-43.0
1776885524.6981027,-6.0,-3.0,-37.0
1776885524.7081027,-4.0,-5.0,-35.0
1776885524.7181027,-3.0,-3.0,-33.0
1776885524.7281027,-5.0,-4.0,-32.0
1776885524.738103,-3.0,-1.0,-34.0
1776885524.748103,-1.0,0.0,-37.0
1776885524.758103,-1.0,3.0,-40.0
1776885524.7681026,-2.0,6.0,-46.0
1776885524.7781026,-1.0,2.0,-43.0
1776885524.7881026,1.0,1.0,-40.0
1776885524.7981029,4.0,1.0,-33.0
1776885524.8081028,6.0,0.0,-31.0
1776885524.8181028,7.0,-5.0,-29.0
1776885524.8281028,4.0,-5.0,-40.0
1776885524.8381028,5.0,-4.0,-38.0
1776885524.8481028,5.0,-6.0,-42.0
1776885524.8581028,5.0,-3.0,-45.0
1776885524.8681028,1.0,-5.0,-47.0
1776885524.8781028,1.0,-7.0,-50.0
1776885524.8881028,3.0,-5.0,-48.0
1776885524.8981028,-1.0,-3.0,-47.0
1776885524.9081028,-1.0,-1.0,-48.0
1776885524.9181027,1.0,-3.0,-50.0
1776885524.9281027,-2.0,-2.0,-52.0
1776885524.9381027,0.0,-4.0,-50.0
1776885524.9481027,0.0,0.0,-50.0
1776885524.9581027,3.0,0.0,-48.0
1776885524.9681027,7.0,-3.0,-50.0
1776885524.9781027,5.0,-6.0,-50.0
1776885524.988103,2.0,-6.0,-47.0
1776885524.998103,1.0,-5.0,-45.0
1776885525.008103,-2.0,-4.0,-38.0
1776885525.0181026,-3.0,-1.0,-45.0
1776885525.0281026,-5.0,0.0,-44.0
1776885525.0381026,-13.0,-2.0,-43.0
1776885525.0481029,-10.0,-5.0,-42.0
1776885525.0581028,-9.0,-7.0,-46.0
1776885525.0681028,-8.0,-3.0,-46.0
1776885525.0781028,-3.0,-6.0,-43.0
1776885525.0881028,1.0,-6.0,-45.0
1776885525.0981028,3.0,-3.0,-45.0
1776885525.1081028,3.0,-3.0,-48.0
1776885525.1181028,4.0,-3.0,-52.0
1776885525.1281028,3.0,-3.0,-54.0
1776885525.1381028,0.0,-6.0,-50.0
1776885525.1481028,-4.0,-8.0,-47.0
1776885525.1581028,-2.0,-5.0,-52.0
1776885525.1681027,0.0,-4.0,-49.0
1776885525.1781027,-1.0,-1.0,-45.0
1776885525.1881027,0.0,0.0,-41.0
1776885525.1981027,7.0,3.0,-44.0
1776885525.2081027,2.0,1.0,-48.0
1776885525.2181027,2.0,2.0,-47.0
1776885525.2281027,0.0,0.0,-55.0
1776885525.238103,1.0,0.0,-57.0
1776885525.248103,3.0,-1.0,-55.0
1776885525.258103,1.0,-3.0,-49.0
1776885525.2681026,-2.0,0.0,-52.0
1776885525.2781026,-3.0,0.0,-47.0
1776885525.2881026,0.0,-4.0,-52.0
1776885525.2981029,2.0,2.0,-50.0
1776885525.3081028,0.0,5.0,-49.0
1776885525.3181028,-2.0,1.0,-47.0
1776885525.3281028,-5.0,1.0,-40.0
1776885525.3381028,-3.0,1.0,-42.0
1776885525.3481028,-1.0,1.0,-43.0
1776885525.3581028,-3.0,0.0,-45.0
1776885525.3681028,-1.0,0.0,-39.0
1776885525.3781028,1.0,2.0,-36.0
1776885525.3881028,1.0,6.0,-36.0
1776885525.3981028,-3.0,8.0,-41.0
1776885525.4081028,-4.0,9.0,-41.0
1776885525.4181027,0.0,4.0,-35.0
1776885525.4281027,5.0,-2.0,-43.0
1776885525.4381027,3.0,0.0,-43.0
1776885525.4481027,1.0,1.0,-40.0
1776885525.4581027,-3.0,0.0,-42.0
1776885525.4681027,-4.0,1.0,-49.0
1776885525.4781027,0.0,-3.0,-48.0
1776885525.488103,1.0,-9.0,-43.0
1776885525.498103,5.0,-11.0,-40.0
1776885525.508103,4.0,-10.0,-52.0
1776885525.5181026,6.0,-6.0,-48.0
1776885525.5281026,10.0,-6.0,-51.0
1776885525.5381026,5.0,-6.0,-47.0
1776885525.5481029,1.0,-7.0,-44.0
1776885525.5581028,-1.0,-5.0,-39.0
1776885525.5681028,-3.0,-5.0,-46.0
1776885525.5781028,-8.0,-5.0,-43.0
1776885525.5881028,-4.0,-6.0,-38.0
1776885525.5981028,-3.0,-4.0,-43.0
1776885525.6081028,-2.0,-7.0,-45.0
1776885525.6181028,0.0,-7.0,-42.0
1776885525.6281028,-2.0,-5.0,-45.0
1776885525.6381028,-4.0,-9.0,-50.0
1776885525.6481028,-4.0,-10.0,-48.0
1776885525.6581028,-4.0,-7.0,-47.0
1776885525.6681027,-5.0,-4.0,-50.0
1776885525.6781027,-4.0,-4.0,-50.0
1776885525.6881027,-6.0,0.0,-50.0
1776885525.6981027,1.0,2.0,-49.0
1776885525.7081027,-1.0,-2.0,-52.0
1776885525.7181027,-2.0,-7.0,-44.0
1776885525.7281027,-4.0,-4.0,-44.0
1776885525.738103,-7.0,-4.0,-40.0
1776885525.748103,-2.0,-5.0,-44.0
1776885525.758103,-6.0,-5.0,-48.0
1776885525.7681026,-3.0,-6.0,-47.0
1776885525.7781026,-6.0,-8.0,-49.0
1776885525.7881026,-5.0,-8.0,-48.0
1776885525.7981029,-8.0,-8.0,-46.0
1776885525.8081028,-4.0,-7.0,-45.0
1776885525.8181028,-2.0,-3.0,-46.0
1776885525.8281028,-4.0,-5.0,-48.0
1776885525.8381028,0.0,-4.0,-47.0
1776885525.8481028,-1.0,1.0,-44.0
1776885525.8581028,1.0,6.0,-50.0
1776885525.8681028,0.0,1.0,-45.0
1776885525.8781028,-3.0,-2.0,-42.0
1776885525.8881028,-1.0,1.0,-36.0
1776885525.8981028,-1.0,0.0,-39.0
1776885525.9081028,-3.0,0.0,-45.0
1776885525.9181027,-5.0,4.0,-45.0
1776885525.9281027,-6.0,5.0,-45.0
1776885525.9381027,-8.0,3.0,-41.0
1776885525.9481027,-9.0,6.0,-44.0
1776885525.9581027,-7.0,4.0,-45.0
1776885525.9681027,-3.0,0.0,-52.0
1776885525.9781027,2.0,-2.0,-49.0
1776885525.988103,4.0,-2.0,-46.0
1776885525.998103,2.0,0.0,-45.0
1776885526.008103,-2.0,2.0,-45.0
1776885526.0181026,0.0,-1.0,-42.0
1776885526.0281026,1.0,0.0,-42.0
1776885526.0381026,1.0,-3.0,-39.0
1776885526.0481029,4.0,-5.0,-37.0
1776885526.0581028,6.0,0.0,-37.0
1776885526.0681028,4.0,2.0,-36.0
1776885526.0781028,4.0,1.0,-39.0
1776885526.0881028,2.0,1.0,-36.0
1776885526.0981028,4.0,2.0,-43.0
1776885526.1081028,6.0,-2.0,-41.0
1776885526.1181028,5.0,0.0,-38.0
1776885526.1281028,0.0,-1.0,-39.0
1776885526.1381028,-3.0,-3.0,-38.0
1776885526.1491027,-5.0,0.0,-35.0
1776885526.159103,0.0,-1.0,-42.0
1776885526.169103,0.0,0.0,-46.0
1776885526.179103,-7.0,3.0,-48.0
1776885526.1891026,-8.0,0.0,-48.0
1776885526.1991026,-6.0,-1.0,-47.0
1776885526.2091026,-2.0,2.0,-39.0
1776885526.2191026,0.0,3.0,-44.0
1776885526.2291028,-1.0,0.0,-42.0
1776885526.2391028,-1.0,0.0,-39.0
1776885526.2491028,1.0,-1.0,-45.0
1776885526.2591028,4.0,-3.0,-43.0
1776885526.2691028,1.0,-5.0,-47.0
1776885526.2791028,2.0,-2.0,-45.0
1776885526.2891028,2.0,0.0,-48.0
1776885526.2991028,1.0,0.0,-44.0
1776885526.3091028,2.0,2.0,-44.0
1776885526.3191028,6.0,0.0,-47.0
1776885526.3291028,1.0,1.0,-42.0
1776885526.3391027,-1.0,1.0,-44.0
1776885526.3491027,-1.0,2.0,-46.0
1776885526.3591027,2.0,2.0,-49.0
1776885526.3691027,0.0,2.0,-50.0
1776885526.3791027,0.0,1.0,-47.0
1776885526.3891027,-4.0,0.0,-45.0
1776885526.3991027,-2.0,4.0,-43.0
1776885526.409103,0.0,2.0,-38.0
1776885526.419103,3.0,1.0,-42.0
1776885526.429103,3.0,-1.0,-47.0
1776885526.4391026,6.0,-4.0,-46.0
1776885526.4491026,4.0,-2.0,-47.0
1776885526.4591026,6.0,0.0,-37.0
1776885526.4691026,4.0,-4.0,-39.0
1776885526.4791028,0.0,-4.0,-42.0
1776885526.4891028,2.0,-4.0,-43.0
1776885526.4991028,1.0,-1.0,-45.0
1776885526.5091028,3.0,2.0,-41.0
1776885526.5191028,2.0,1.0,-42.0
1776885526.5291028,1.0,0.0,-38.0
1776885526.5391028,0.0,-4.0,-37.0
1776885526.5491028,7.0,-5.0,-34.0
1776885526.5591028,5.0,-5.0,-36.0
1776885526.5691028,4.0,-7.0,-38.0
1776885526.5791028,1.0,-9.0,-40.0
1776885526.5891027,0.0,-8.0,-42.0
1776885526.5991027,-2.0,-10.0,-43.0
1776885526.6091027,3.0,-8.0,-50.0
1776885526.6191027,3.0,-4.0,-46.0
1776885526.6291027,5.0,0.0,-41.0
1776885526.6391027,3.0,3.0,-42.0
1776885526.6491027,3.0,1.0,-37.0
1776885526.659103,0.0,1.0,-41.0
1776885526.669103,-1.0,7.0,-43.0
1776885526.679103,-5.0,5.0,-51.0
1776885526.6891026,-6.0,5.0,-51.0
1776885526.6991026,-7.0,8.0,-49.0
1776885526.7091026,-6.0,4.0,-45.0
1776885526.7191026,-4.0,2.0,-39.0
1776885526.7291028,-1.0,3.0,-47.0
1776885526.7391028,-3.0,2.0,-44.0
1776885526.7491028,-3.0,-2.0,-46.0
1776885526.7591028,-6.0,1.0,-44.0
1776885526.7691028,-7.0,1.0,-43.0
1776885526.7791028,-10.0,0.0,-40.0
1776885526.7891028,-12.0,-5.0,-43.0
1776885526.7991028,-8.0,-3.0,-42.0
1776885526.8091028,-4.0,-3.0,-42.0
1776885526.8191028,-5.0,-3.0,-48.0
1776885526.8291028,-7.0,0.0,-52.0
1776885526.8391027,-1.0,1.0,-56.0
1776885526.8491027,1.0,0.0,-58.0
1776885526.8591027,3.0,-3.0,-51.0
1776885526.8691027,3.0,-4.0,-55.0
1776885526.8791027,2.0,-5.0,-45.0
1776885526.8891027,0.0,-7.0,-42.0
1776885526.8991027,3.0,-5.0,-40.0
1776885526.909103,0.0,-6.0,-44.0
1776885526.919103,0.0,-10.0,-45.0
1776885526.929103,4.0,-9.0,-41.0
1776885526.9391026,0.0,-9.0,-33.0
1776885526.9491026,-1.0,-3.0,-34.0
1776885526.9591026,1.0,0.0,-41.0
1776885526.9691026,4.0,-3.0,-35.0
1776885526.9791028,8.0,-5.0,-31.0
1776885526.9891028,8.0,-5.0,-32.0
1776885526.9991028,7.0,-7.0,-39.0
1776885527.0091028,5.0,-10.0,-44.0
1776885527.0191028,7.0,-10.0,-48.0
1776885527.0291028,7.0,-7.0,-39.0
1776885527.0391028,2.0,-6.0,-36.0
1776885527.0491028,1.0,-6.0,-36.0
1776885527.0591028,2.0,-2.0,-31.0
1776885527.0691028,2.0,-2.0,-29.0
1776885527.0791028,-2.0,0.0,-34.0
1776885527.0891027,-7.0,1.0,-32.0
1776885527.0991027,-3.0,0.0,-33.0
1776885527.1091027,-2.0,0.0,-30.0
1776885527.1191027,0.0,1.0,-36.0
1776885527.1291027,-1.0,2.0,-37.0
1776885527.1391027,0.0,1.0,-34.0
1776885527.1491027,1.0,0.0,-39.0
1776885527.159103,-3.0,-1.0,-41.0
1776885527.169103,-3.0,-6.0,-38.0
1776885527.179103,1.0,-7.0,-34.0
1776885527.1891026,5.0,-7.0,-43.0
1776885527.1991026,8.0,-7.0,-43.0
1776885527.2091026,13.0,-9.0,-49.0
1776885527.2191026,8.0,-8.0,-49.0
1776885527.2291028,6.0,-8.0,-50.0
1776885527.2391028,3.0,-10.0,-49.0
1776885527.2491028,0.0,-10.0,-51.0
1776885527.2591028,-4.0,-9.0,-44.0
1776885527.2691028,0.0,-8.0,-42.0
1776885527.2791028,-1.0,-4.0,-50.0
1776885527.2891028,-2.0,-3.0,-50.0
1776885527.2991028,2.0,-1.0,-44.0
1776885527.3091028,0.0,0.0,-41.0
1776885527.3191028,2.0,1.0,-35.0
1776885527.3291028,3.0,5.0,-35.0
1776885527.3391027,6.0,1.0,-34.0
1776885527.3491027,4.0,0.0,-37.0
1776885527.3591027,4.0,-2.0,-40.0
1776885527.3691027,6.0,0.0,-38.0
1776885527.3791027,2.0,2.0,-32.0
1776885527.3891027,2.0,2.0,-33.0
1776885527.3991027,5.0,0.0,-35.0
1776885527.409103,0.0,-4.0,-32.0
1776885527.419103,0.0,0.0,-27.0
1776885527.429103,0.0,-1.0,-32.0
1776885527.4391026,3.0,0.0,-31.0
1776885527.4491026,0.0,-1.0,-36.0
1776885527.4591026,2.0,-3.0,-40.0
1776885527.4691026,0.0,-2.0,-47.0
1776885527.4791028,-1.0,0.0,-48.0
1776885527.4891028,2.0,-1.0,-51.0
1776885527.4991028,-2.0,0.0,-53.0
1776885527.5091028,2.0,0.0,-47.0
1776885527.5191028,1.0,0.0,-44.0
1776885527.5291028,3.0,1.0,-50.0
1776885527.5391028,3.0,0.0,-50.0
1776885527.5491028,0.0,-4.0,-49.0
1776885527.5591028,2.0,-2.0,-42.0
1776885527.5691028,0.0,-3.0,-43.0
1776885527.5791028,2.0,-1.0,-44.0
1776885527.5891027,3.0,0.0,-50.0
1776885527.5991027,5.0,1.0,-52.0
1776885527.6091027,6.0,0.0,-53.0
1776885527.6191027,3.0,0.0,-48.0
1776885527.6291027,6.0,-2.0,-49.0
1776885527.6391027,7.0,-4.0,-54.0
1776885527.6491027,10.0,0.0,-55.0
1776885527.659103,5.0,2.0,-52.0
1776885527.669103,6.0,1.0,-50.0
1776885527.679103,3.0,3.0,-49.0
1776885527.6891026,3.0,1.0,-50.0
1776885527.6991026,3.0,1.0,-51.0
1776885527.7091026,7.0,0.0,-50.0
1776885527.7191026,2.0,2.0,-48.0
1776885527.7291028,2.0,0.0,-47.0
1776885527.7391028,3.0,-5.0,-42.0
1776885527.7491028,4.0,-4.0,-42.0
1776885527.7591028,4.0,-1.0,-43.0
1776885527.7691028,2.0,-7.0,-34.0
1776885527.7791028,1.0,-6.0,-44.0
1776885527.7891028,3.0,-6.0,-44.0
1776885527.7991028,0.0,-5.0,-39.0
1776885527.8091028,1.0,-1.0,-41.0
1776885527.8191028,4.0,-2.0,-37.0
1776885527.8291028,8.0,-8.0,-36.0
1776885527.8391027,9.0,-7.0,-36.0
1776885527.8491027,8.0,-2.0,-40.0
1776885527.8591027,6.0,-5.0,-36.0
1776885527.8691027,6.0,-9.0,-35.0
1776885527.8791027,4.0,-9.0,-33.0
1776885527.8891027,0.0,-5.0,-31.0
1776885527.8991027,0.0,-1.0,-30.0
1776885527.909103,4.0,0.0,-33.0
1776885527.919103,6.0,0.0,-39.0
1776885527.929103,2.0,5.0,-48.0
1776885527.9391026,1.0,4.0,-47.0
1776885527.9491026,-1.0,4.0,-45.0
1776885527.9591026,5.0,2.0,-46.0
1776885527.9691026,5.0,3.0,-47.0
1776885527.9791028,5.0,2.0,-50.0
1776885527.9891028,6.0,0.0,-47.0
1776885527.9991028,6.0,2.0,-48.0
1776885528.0091028,3.0,0.0,-47.0
1776885528.0191028,3.0,1.0,-51.0
1776885528.0291028,3.0,0.0,-47.0
1776885528.0391028,4.0,0.0,-48.0
1776885528.0491028,0.0,0.0,-49.0
1776885528.0591028,-2.0,1.0,-51.0
1776885528.0691028,-1.0,0.0,-51.0
1776885528.0791028,-2.0,0.0,-52.0
1776885528.0891027,-4.0,2.0,-49.0
1776885528.0991027,-2.0,2.0,-45.0
1776885528.110103,1.0,3.0,-47.0
1776885528.1201026,0.0,-1.0,-45.0
1776885528.1291027,4.0,1.0,-47.0
1776885528.1401026,1.0,5.0,-51.0
1776885528.1501029,0.0,4.0,-46.0
1776885528.1601028,0.0,5.0,-44.0
1776885528.1701028,3.0,2.0,-40.0
1776885528.1801028,8.0,3.0,-50.0
1776885528.1901028,9.0,4.0,-53.0
1776885528.2001028,4.0,6.0,-52.0
1776885528.2101028,6.0,3.0,-44.0
1776885528.2201028,2.0,0.0,-46.0
1776885528.2301028,5.0,-5.0,-52.0
1776885528.2401028,7.0,-3.0,-49.0
1776885528.2501028,5.0,0.0,-49.0
1776885528.2601027,2.0,-1.0,-47.0
1776885528.2701027,4.0,-3.0,-41.0
1776885528.2801027,5.0,-6.0,-44.0
1776885528.2901027,5.0,-5.0,-40.0
1776885528.3001027,6.0,-4.0,-38.0
1776885528.3101027,1.0,-2.0,-33.0
1776885528.3201027,0.0,-1.0,-38.0
1776885528.3301027,0.0,-4.0,-37.0
1776885528.340103,-1.0,-6.0,-43.0
1776885528.350103,0.0,-6.0,-45.0
1776885528.360103,-4.0,-4.0,-49.0
1776885528.3701026,-3.0,-1.0,-54.0
1776885528.3801026,-1.0,-2.0,-56.0
1776885528.3901026,1.0,-3.0,-54.0
1776885528.4001029,3.0,0.0,-58.0
1776885528.4101028,2.0,-5.0,-59.0
1776885528.4201028,2.0,-8.0,-56.0
1776885528.4301028,7.0,-8.0,-53.0
1776885528.4401028,6.0,-3.0,-49.0
1776885528.4501028,4.0,-5.0,-45.0
1776885528.4601028,2.0,-6.0,-46.0
1776885528.4701028,6.0,-2.0,-52.0
1776885528.4801028,0.0,2.0,-54.0
1776885528.4901028,-1.0,-3.0,-53.0
1776885528.5001028,-2.0,-3.0,-50.0
1776885528.5101027,-1.0,-1.0,-46.0
1776885528.5201027,2.0,-3.0,-42.0
1776885528.5301027,4.0,0.0,-34.0
1776885528.5401027,3.0,3.0,-32.0
1776885528.5501027,6.0,1.0,-29.0
1776885528.5601027,8.0,-1.0,-33.0
1776885528.5701027,5.0,0.0,-39.0
1776885528.5801027,2.0,-2.0,-41.0
1776885528.590103,3.0,-3.0,-45.0
1776885528.600103,4.0,-1.0,-42.0
1776885528.610103,4.0,1.0,-39.0
1776885528.6201026,4.0,3.0,-40.0
1776885528.6301026,2.0,1.0,-35.0
1776885528.6401026,2.0,-2.0,-29.0
1776885528.6501029,3.0,0.0,-30.0
1776885528.6601028,-2.0,1.0,-37.0
1776885528.6701028,-3.0,0.0,-36.0
1776885528.6801028,-6.0,0.0,-27.0
1776885528.6901028,-1.0,0.0,-25.0
1776885528.7001028,1.0,1.0,-29.0
1776885528.7101028,4.0,0.0,-31.0
1776885528.7201028,1.0,-1.0,-36.0
1776885528.7301028,0.0,0.0,-35.0
1776885528.7401028,2.0,0.0,-42.0
1776885528.7501028,4.0,-3.0,-43.0
1776885528.7601027,4.0,-3.0,-48.0
1776885528.7701027,3.0,-1.0,-43.0
1776885528.7801027,6.0,-2.0,-40.0
1776885528.7901027,3.0,-6.0,-34.0
1776885528.8001027,0.0,-6.0,-35.0
1776885528.8101027,-1.0,-6.0,-30.0
1776885528.8201027,-1.0,-2.0,-32.0
1776885528.8301027,-4.0,-1.0,-33.0
1776885528.840103,-4.0,-5.0,-31.0
1776885528.850103,0.0,-5.0,-30.0
1776885528.860103,2.0,-3.0,-33.0
1776885528.8701026,3.0,-2.0,-30.0
1776885528.8801026,-1.0,0.0,-32.0
1776885528.8901026,-1.0,0.0,-39.0
1776885528.9001029,-1.0,-1.0,-40.0
1776885528.9101028,-4.0,0.0,-39.0
1776885528.9201028,-6.0,-1.0,-41.0
1776885528.9301028,-2.0,-2.0,-43.0
1776885528.9401028,-2.0,0.0,-50.0
1776885528.9501028,-2.0,0.0,-49.0
1776885528.9601028,-1.0,0.0,-50.0
1776885528.9701028,-3.0,-1.0,-48.0
1776885528.9801028,-5.0,-1.0,-41.0
1776885528.9901028,-8.0,0.0,-36.0
1776885529.0001028,-9.0,0.0,-43.0
1776885529.0101027,-6.0,-3.0,-41.0
1776885529.0201027,-6.0,-5.0,-43.0
1776885529.0301027,-5.0,-7.0,-44.0
1776885529.0401027,-5.0,-2.0,-47.0
1776885529.0501027,-4.0,-3.0,-47.0
1776885529.0601027,-4.0,-3.0,-41.0
1776885529.0701027,-3.0,-4.0,-41.0
1776885529.0801027,-3.0,-7.0,-42.0
1776885529.090103,-5.0,-10.0,-49.0
1776885529.100103,-5.0,-4.0,-55.0
1776885529.110103,-1.0,-4.0,-53.0
1776885529.1201026,-5.0,-6.0,-54.0
1776885529.1301026,-7.0,-5.0,-49.0
1776885529.1401026,3.0,-3.0,-51.0
1776885529.1501029,1.0,-2.0,-48.0
1776885529.1601028,1.0,2.0,-49.0
1776885529.1701028,0.0,1.0,-45.0
1776885529.1801028,2.0,0.0,-40.0
1776885529.1901028,3.0,-3.0,-34.0
1776885529.2001028,1.0,-3.0,-37.0
1776885529.2101028,0.0,-4.0,-42.0
1776885529.2201028,-1.0,-3.0,-39.0
1776885529.2301028,-1.0,0.0,-38.0
1776885529.2401028,-1.0,0.0,-28.0
1776885529.2501028,0.0,0.0,-30.0
1776885529.2601027,-1.0,-1.0,-38.0
1776885529.2701027,-2.0,-4.0,-38.0
1776885529.2801027,0.0,-4.0,-38.0
1776885529.2901027,2.0,-6.0,-37.0
1776885529.3001027,4.0,-5.0,-40.0
1776885529.3101027,0.0,-3.0,-48.0
1776885529.3201027,0.0,-4.0,-42.0
1776885529.3301027,-1.0,-1.0,-41.0
1776885529.340103,-3.0,-3.0,-41.0
1776885529.350103,-4.0,-6.0,-42.0
1776885529.360103,-6.0,-1.0,-32.0
1776885529.3701026,-1.0,-1.0,-36.0
1776885529.3801026,-1.0,-2.0,-43.0
1776885529.3901026,-5.0,-3.0,-46.0
1776885529.4001029,-1.0,-4.0,-46.0
1776885529.4101028,0.0,1.0,-49.0
1776885529.4201028,0.0,2.0,-47.0
1776885529.4301028,-2.0,6.0,-36.0
1776885529.4401028,0.0,7.0,-37.0
1776885529.4501028,-3.0,7.0,-42.0
1776885529.4601028,1.0,3.0,-46.0
1776885529.4701028,1.0,1.0,-51.0
1776885529.4801028,0.0,-1.0,-49.0
1776885529.4901028,0.0,-1.0,-46.0
1776885529.5001028,0.0,-3.0,-45.0
1776885529.5101027,0.0,-3.0,-43.0
1776885529.5201027,5.0,-3.0,-44.0
1776885529.5301027,1.0,-4.0,-49.0
1776885529.5401027,1.0,-6.0,-50.0
1776885529.5501027,2.0,-3.0,-48.0
1776885529.5601027,4.0,-4.0,-48.0
1776885529.5701027,2.0,0.0,-44.0
1776885529.5801027,6.0,0.0,-38.0
1776885529.590103,2.0,-3.0,-40.0
1776885529.600103,-1.0,-2.0,-35.0
1776885529.610103,-2.0,-1.0,-36.0
1776885529.6201026,-2.0,5.0,-39.0
1776885529.6301026,2.0,0.0,-37.0
1776885529.6401026,3.0,2.0,-34.0
1776885529.6501029,-2.0,2.0,-46.0
1776885529.6601028,-1.0,0.0,-39.0
1776885529.6701028,0.0,-5.0,-38.0
1776885529.6801028,0.0,-6.0,-34.0
1776885529.6901028,-1.0,-3.0,-35.0
1776885529.7001028,-1.0,-7.0,-40.0
1776885529.7101028,-1.0,-9.0,-39.0
1776885529.7201028,-4.0,-14.0,-46.0
1776885529.7301028,-5.0,-11.0,-47.0
1776885529.7401028,-1.0,-4.0,-53.0
1776885529.7501028,-1.0,-2.0,-49.0
1776885529.7601027,-1.0,-1.0,-52.0
1776885529.7701027,0.0,-1.0,-53.0
1776885529.7801027,-1.0,0.0,-54.0
1776885529.7901027,-2.0,2.0,-52.0
1776885529.8001027,-2.0,1.0,-52.0
1776885529.8101027,-2.0,-1.0,-51.0
1776885529.8201027,-1.0,0.0,-49.0
1776885529.8301027,0.0,0.0,-45.0
1776885529.840103,2.0,1.0,-44.0
1776885529.850103,-2.0,1.0,-46.0
1776885529.860103,-5.0,2.0,-47.0
1776885529.8701026,-5.0,-1.0,-49.0
1776885529.8801026,-4.0,0.0,-43.0
1776885529.8901026,-3.0,0.0,-42.0
1776885529.9001029,3.0,3.0,-44.0
1776885529.9101028,0.0,3.0,-42.0
1776885529.9201028,0.0,1.0,-48.0
1776885529.9301028,5.0,-2.0,-51.0
1776885529.9401028,1.0,-2.0,-53.0
1776885529.9501028,-1.0,3.0,-51.0
1776885529.9601028,-1.0,3.0,-53.0
1776885529.9701028,-6.0,0.0,-53.0
1776885529.9801028,-6.0,-2.0,-53.0
1776885529.9901028,-2.0,-4.0,-53.0
1776885530.0001028,-2.0,-4.0,-57.0
1776885530.0101027,0.0,1.0,-50.0
1776885530.0201027,1.0,-2.0,-49.0
1776885530.0301027,0.0,-1.0,-53.0
1776885530.0401027,0.0,-1.0,-50.0
1776885530.0501027,4.0,0.0,-51.0
1776885530.0601027,2.0,0.0,-49.0
1776885530.0701027,-2.0,-1.0,-47.0
1776885530.0801027,-2.0,-2.0,-43.0
1776885530.090103,-6.0,-4.0,-44.0
1776885530.100103,0.0,-1.0,-44.0
1776885530.110103,3.0,1.0,-47.0
1776885530.1201026,0.0,0.0,-50.0
1776885530.1311028,-2.0,-3.0,-47.0
1776885530.1411028,-1.0,1.0,-51.0
1776885530.1511028,-1.0,1.0,-49.0
1776885530.1611028,0.0,-2.0,-51.0
1776885530.1711028,0.0,-1.0,-53.0
1776885530.1811028,2.0,-3.0,-46.0
1776885530.1911027,1.0,-4.0,-46.0
1776885530.2011027,0.0,-5.0,-44.0
1776885530.2111027,-3.0,-7.0,-43.0
1776885530.2211027,-2.0,-12.0,-41.0
1776885530.2311027,-1.0,-11.0,-39.0
1776885530.2411027,5.0,-2.0,-34.0
1776885530.2511027,4.0,-2.0,-41.0
1776885530.261103,2.0,-2.0,-46.0
1776885530.271103,0.0,-1.0,-50.0
1776885530.281103,-2.0,0.0,-39.0
1776885530.2911026,3.0,0.0,-34.0
1776885530.3011026,4.0,-6.0,-39.0
1776885530.3111026,2.0,-8.0,-43.0
1776885530.3211029,1.0,-7.0,-43.0
1776885530.3311028,4.0,-4.0,-48.0
1776885530.3411028,6.0,-2.0,-44.0
1776885530.3511028,4.0,-1.0,-44.0
1776885530.3611028,2.0,0.0,-47.0
1776885530.3711028,1.0,-4.0,-49.0
1776885530.3811028,5.0,-2.0,-49.0
1776885530.3911028,0.0,-1.0,-49.0
1776885530.4011028,0.0,-5.0,-47.0
1776885530.4111028,-1.0,-2.0,-43.0
1776885530.4211028,-2.0,-1.0,-42.0
1776885530.4311028,-4.0,3.0,-40.0
1776885530.4411027,1.0,2.0,-43.0
1776885530.4511027,7.0,4.0,-41.0
1776885530.4611027,3.0,0.0,-51.0
1776885530.4711027,6.0,1.0,-50.0
1776885530.4811027,9.0,0.0,-44.0
1776885530.4911027,14.0,0.0,-48.0
1776885530.5011027,12.0,0.0,-46.0
1776885530.511103,7.0,0.0,-50.0
1776885530.521103,6.0,-1.0,-50.0
1776885530.531103,9.0,-3.0,-46.0
1776885530.5411026,3.0,-4.0,-45.0
1776885530.5511026,0.0,-7.0,-47.0
1776885530.5611026,-4.0,-7.0,-48.0
1776885530.5711029,0.0,-7.0,-42.0
1776885530.5811028,0.0,-3.0,-45.0
1776885530.5911028,-2.0,-4.0,-36.0
1776885530.6011028,-5.0,-7.0,-37.0
1776885530.6111028,-6.0,-5.0,-38.0
1776885530.6211028,-6.0,-8.0,-41.0
1776885530.6311028,-6.0,-6.0,-41.0
1776885530.6411028,-3.0,-4.0,-43.0
1776885530.6511028,-4.0,0.0,-42.0
1776885530.6611028,0.0,0.0,-44.0
1776885530.6711028,3.0,1.0,-54.0
1776885530.6811028,8.0,2.0,-52.0
1776885530.6911027,6.0,4.0,-54.0
1776885530.7011027,4.0,1.0,-55.0
1776885530.7111027,1.0,5.0,-48.0
1776885530.7211027,1.0,4.0,-41.0
1776885530.7311027,9.0,3.0,-43.0
1776885530.7411027,10.0,1.0,-49.0
1776885530.7511027,3.0,-2.0,-52.0
1776885530.761103,2.0,-2.0,-46.0
1776885530.771103,0.0,0.0,-39.0
1776885530.781103,5.0,-3.0,-41.0
1776885530.7911026,11.0,2.0,-44.0
1776885530.8011026,12.0,4.0,-47.0
1776885530.8111026,1.0,3.0,-43.0
1776885530.8211029,1.0,0.0,-39.0
1776885530.8311028,1.0,-1.0,-40.0
1776885530.8411028,0.0,-3.0,-44.0
1776885530.8511028,0.0,-6.0,-47.0
1776885530.8611028,3.0,-6.0,-44.0
1776885530.8711028,1.0,-2.0,-44.0
1776885530.8811028,3.0,-1.0,-37.0
1776885530.8911028,1.0,-3.0,-29.0
1776885530.9011028,0.0,0.0,-31.0
1776885530.9111028,2.0,-4.0,-42.0
1776885530.9211028,0.0,-2.0,-46.0
1776885530.9311028,-5.0,-3.0,-48.0
1776885530.9411027,-6.0,-1.0,-50.0
1776885530.9511027,-5.0,-3.0,-46.0
1776885530.9611027,2.0,-3.0,-42.0
1776885530.9711027,2.0,-2.0,-34.0
1776885530.9811027,2.0,-3.0,-31.0
1776885530.9911027,1.0,-3.0,-38.0
1776885531.0011027,1.0,0.0,-42.0
1776885531.011103,1.0,3.0,-39.0
1776885531.021103,4.0,0.0,-38.0
1776885531.031103,1.0,-4.0,-40.0
1776885531.0411026,3.0,-6.0,-41.0
1776885531.0511026,5.0,-4.0,-50.0
1776885531.0611026,0.0,-1.0,-48.0
1776885531.0711029,-2.0,-1.0,-41.0
1776885531.0811028,-3.0,0.0,-37.0
1776885531.0911028,-3.0,2.0,-43.0
1776885531.1011028,-3.0,5.0,-38.0
1776885531.1111028,-2.0,3.0,-36.0
1776885531.1211028,-3.0,0.0,-34.0
1776885531.1311028,0.0,-1.0,-41.0
1776885531.1411028,0.0,-2.0,-44.0
1776885531.1511028,-4.0,-1.0,-41.0
1776885531.1611028,-5.0,1.0,-43.0
1776885531.1711028,-1.0,3.0,-40.0
1776885531.1811028,-4.0,0.0,-44.0
1776885531.1911027,-2.0,-3.0,-57.0
1776885531.2011027,0.0,-3.0,-61.0
1776885531.2111027,-2.0,-4.0,-52.0
1776885531.2211027,-1.0,-4.0,-48.0
1776885531.2311027,-2.0,-2.0,-45.0
1776885531.2411027,0.0,-2.0,-43.0
1776885531.2511027,-2.0,-2.0,-46.0
1776885531.261103,0.0,-4.0,-43.0
1776885531.271103,-2.0,-2.0,-43.0
1776885531.281103,-2.0,-1.0,-36.0
1776885531.2911026,0.0,-5.0,-38.0
1776885531.3011026,-6.0,-1.0,-42.0
1776885531.3111026,-3.0,-4.0,-44.0
1776885531.3211029,-5.0,-3.0,-42.0
1776885531.3311028,-7.0,-6.0,-39.0
1776885531.3411028,-2.0,-8.0,-37.0
1776885531.3511028,0.0,-12.0,-38.0
1776885531.3611028,6.0,-12.0,-41.0
1776885531.3711028,5.0,-10.0,-37.0
1776885531.3811028,7.0,-7.0,-37.0
1776885531.3911028,4.0,-7.0,-43.0
1776885531.4011028,3.0,-5.0,-39.0
1776885531.4111028,3.0,-7.0,-35.0
1776885531.4211028,0.0,-7.0,-34.0
1776885531.4311028,1.0,-8.0,-33.0
1776885531.4411027,0.0,-10.0,-30.0
1776885531.4511027,-1.0,-9.0,-33.0
1776885531.4611027,0.0,-8.0,-42.0
1776885531.4711027,-3.0,-3.0,-44.0
1776885531.4811027,-4.0,-3.0,-48.0
1776885531.4911027,-6.0,-3.0,-49.0
1776885531.5011027,-6.0,-2.0,-53.0
1776885531.511103,0.0,-2.0,-57.0
1776885531.521103,-1.0,0.0,-50.0
1776885531.531103,-3.0,-3.0,-51.0
1776885531.5411026,-3.0,-2.0,-53.0
1776885531.5511026,-2.0,-5.0,-54.0
1776885531.5611026,-1.0,-5.0,-45.0
1776885531.5711029,2.0,-1.0,-40.0
1776885531.5811028,1.0,0.0,-43.0
1776885531.5911028,-3.0,4.0,-36.0
1776885531.6011028,-4.0,4.0,-40.0
1776885531.6111028,-5.0,4.0,-35.0
1776885531.6211028,-5.0,2.0,-41.0
1776885531.6311028,-4.0,0.0,-49.0
1776885531.6411028,-5.0,0.0,-47.0
1776885531.6511028,-1.0,-3.0,-49.0
1776885531.6611028,0.0,-4.0,-50.0
1776885531.6711028,0.0,-4.0,-47.0
1776885531.6811028,1.0,-10.0,-45.0
1776885531.6911027,-1.0,-8.0,-42.0
1776885531.7011027,0.0,-5.0,-44.0
1776885531.7111027,2.0,-5.0,-53.0
1776885531.7211027,2.0,-4.0,-52.0
1776885531.7311027,0.0,-4.0,-56.0
1776885531.7411027,0.0,-1.0,-52.0
1776885531.7511027,3.0,-3.0,-52.0
1776885531.761103,5.0,-1.0,-55.0
1776885531.771103,7.0,-2.0,-47.0
1776885531.781103,8.0,-5.0,-43.0
1776885531.7911026,4.0,-4.0,-45.0
1776885531.8011026,4.0,-1.0,-46.0
1776885531.8111026,0.0,2.0,-45.0
1776885531.8211029,0.0,3.0,-43.0
1776885531.8311028,4.0,0.0,-46.0
1776885531.8411028,6.0,-4.0,-53.0
1776885531.8511028,3.0,-3.0,-55.0
1776885531.8611028,-3.0,-3.0,-54.0
1776885531.8711028,0.0,-1.0,-50.0
1776885531.8811028,-2.0,-4.0,-55.0
1776885531.8911028,1.0,-2.0,-57.0
1776885531.9011028,1.0,-1.0,-52.0
1776885531.9111028,2.0,-6.0,-51.0
1776885531.9211028,0.0,-8.0,-44.0
1776885531.9311028,1.0,-8.0,-46.0
1776885531.9411027,-1.0,-7.0,-38.0
1776885531.9511027,2.0,-5.0,-39.0
1776885531.9611027,3.0,-8.0,-40.0
1776885531.9711027,1.0,-10.0,-39.0
1776885531.9811027,4.0,-8.0,-38.0
1776885531.9911027,2.0,-4.0,-41.0
1776885532.0011027,0.0,2.0,-42.0
1776885532.011103,1.0,3.0,-42.0
1776885532.021103,0.0,0.0,-45.0
1776885532.031103,2.0,0.0,-49.0
1776885532.0411026,7.0,-1.0,-41.0
1776885532.0511026,5.0,0.0,-46.0
1776885532.0611026,3.0,-6.0,-51.0
1776885532.0711029,0.0,-5.0,-55.0
1776885532.0811028,1.0,-4.0,-47.0
1776885532.0921028,0.0,-5.0,-47.0
1776885532.1021028,-7.0,-8.0,-49.0
1776885532.1121027,-4.0,-6.0,-46.0
1776885532.1221027,-2.0,-6.0,-45.0
1776885532.1321027,-2.0,-3.0,-47.0
1776885532.1421027,-2.0,-3.0,-42.0
1776885532.1521027,0.0,-5.0,-41.0
1776885532.1621027,-3.0,-6.0,-44.0
1776885532.1721027,-3.0,-4.0,-34.0
1776885532.182103,-5.0,-2.0,-38.0
1776885532.192103,-2.0,-2.0,-33.0
1776885532.202103,-2.0,-3.0,-31.0
1776885532.212103,-1.0,-4.0,-34.0
1776885532.2221026,0.0,-6.0,-39.0
1776885532.2321026,-2.0,-5.0,-36.0
1776885532.2421026,0.0,-7.0,-34.0
1776885532.2521029,0.0,-5.0,-35.0
1776885532.2621028,-1.0,-3.0,-36.0
1776885532.2721028,-2.0,-4.0,-39.0
1776885532.2821028,-2.0,0.0,-44.0
1776885532.2921028,-2.0,0.0,-41.0
1776885532.3021028,0.0,-2.0,-42.0
1776885532.3121028,-4.0,-3.0,-45.0
1776885532.3221028,0.0,-4.0,-44.0
1776885532.3321028,4.0,-5.0,-49.0
1776885532.3421028,1.0,-4.0,-57.0
1776885532.3521028,0.0,0.0,-58.0
1776885532.3621027,0.0,3.0,-58.0
1776885532.3721027,1.0,3.0,-53.0
1776885532.3821027,0.0,0.0,-46.0
1776885532.3921027,0.0,4.0,-41.0
1776885532.4021027,-1.0,6.0,-44.0
1776885532.4121027,-4.0,1.0,-42.0
1776885532.4221027,0.0,2.0,-34.0
1776885532.432103,0.0,1.0,-31.0
1776885532.442103,-3.0,0.0,-33.0
1776885532.452103,-9.0,-3.0,-37.0
1776885532.462103,-8.0,-6.0,-39.0
1776885532.4721026,-4.0,-6.0,-45.0
1776885532.4821026,-1.0,-6.0,-43.0
1776885532.4921026,0.0,-6.0,-42.0
1776885532.5021029,1.0,-4.0,-42.0
1776885532.5121028,5.0,-4.0,-43.0
1776885532.5221028,8.0,-3.0,-39.0
1776885532.5321028,4.0,0.0,-51.0
1776885532.5421028,5.0,-1.0,-53.0
1776885532.5521028,8.0,-5.0,-50.0
1776885532.5621028,5.0,-2.0,-49.0
1776885532.5721028,2.0,-2.0,-49.0
1776885532.5821028,0.0,-6.0,-51.0
1776885532.5921028,-1.0,-7.0,-49.0
1776885532.6021028,-2.0,-7.0,-52.0
1776885532.6121027,-5.0,-6.0,-50.0
1776885532.6221027,-3.0,-9.0,-48.0
1776885532.6321027,-2.0,-6.0,-49.0
1776885532.6421027,-2.0,-5.0,-46.0
1776885532.6521027,2.0,-4.0,-46.0
1776885532.6621027,1.0,-4.0,-48.0
1776885532.6721027,0.0,-7.0,-48.0
1776885532.682103,3.0,-2.0,-49.0
1776885532.692103,6.0,0.0,-48.0
1776885532.702103,0.0,3.0,-51.0
1776885532.712103,-2.0,2.0,-54.0
1776885532.7221026,-1.0,2.0,-49.0
1776885532.7321026,-2.0,3.0,-44.0
1776885532.7421026,0.0,3.0,-44.0
1776885532.7521029,3.0,0.0,-44.0
1776885532.7621028,5.0,0.0,-46.0
1776885532.7721028,8.0,0.0,-42.0
1776885532.7821028,8.0,-1.0,-40.0
1776885532.7921028,6.0,1.0,-43.0
1776885532.8021028,7.0,3.0,-45.0
1776885532.8121028,4.0,2.0,-45.0
1776885532.8221028,8.0,3.0,-46.0
1776885532.8321028,6.0,2.0,-47.0
1776885532.8421028,2.0,4.0,-45.0
1776885532.8521028,-1.0,0.0,-44.0
1776885532.8621027,-1.0,-3.0,-39.0
1776885532.8721027,0.0,0.0,-43.0
1776885532.8821027,3.0,1.0,-39.0
1776885532.8921027,7.0,0.0,-39.0
1776885532.9021027,5.0,0.0,-37.0
1776885532.9121027,5.0,-1.0,-35.0
1776885532.9221027,6.0,-5.0,-41.0
1776885532.932103,0.0,-5.0,-37.0
1776885532.942103,-2.0,-3.0,-41.0
1776885532.952103,-2.0,-4.0,-48.0
1776885532.962103,-6.0,-1.0,-47.0
1776885532.9721026,-7.0,-1.0,-42.0
1776885532.9821026,-1.0,-1.0,-40.0
1776885532.9921026,1.0,5.0,-44.0
1776885533.0021029,6.0,6.0,-39.0
1776885533.0121028,6.0,4.0,-42.0
1776885533.0221028,10.0,6.0,-48.0
1776885533.0321028,14.0,5.0,-49.0
1776885533.0421028,14.0,6.0,-42.0
1776885533.0521028,12.0,7.0,-32.0
1776885533.0621028,6.0,10.0,-35.0
1776885533.0721028,3.0,6.0,-45.0
1776885533.0821028,5.0,1.0,-48.0
1776885533.0921028,2.0,0.0,-42.0
1776885533.1021028,0.0,-5.0,-34.0
1776885533.1121027,-3.0,-5.0,-40.0
1776885533.1221027,-4.0,0.0,-45.0
1776885533.1321027,-1.0,-1.0,-45.0
1776885533.1421027,-3.0,0.0,-34.0
1776885533.1521027,-2.0,3.0,-33.0
1776885533.1621027,1.0,0.0,-36.0
1776885533.1721027,1.0,2.0,-38.0
1776885533.182103,0.0,0.0,-41.0
1776885533.192103,2.0,-1.0,-47.0
1776885533.202103,2.0,-2.0,-49.0
1776885533.212103,7.0,-5.0,-49.0
1776885533.2221026,5.0,-3.0,-49.0
1776885533.2321026,2.0,1.0,-43.0
1776885533.2421026,1.0,4.0,-46.0
1776885533.2521029,-1.0,5.0,-48.0
1776885533.2621028,0.0,2.0,-47.0
1776885533.2721028,-2.0,5.0,-49.0
1776885533.2821028,-3.0,1.0,-44.0
1776885533.2921028,-6.0,3.0,-42.0
1776885533.3021028,-9.0,3.0,-44.0
1776885533.3121028,-9.0,1.0,-52.0
1776885533.3221028,-6.0,4.0,-48.0
1776885533.3321028,-8.0,6.0,-47.0
1776885533.3421028,-6.0,4.0,-51.0
1776885533.3521028,-7.0,2.0,-48.0
1776885533.3621027,-8.0,-2.0,-46.0
1776885533.3721027,-5.0,0.0,-45.0
1776885533.3821027,-8.0,-2.0,-41.0
1776885533.3921027,-6.0,-5.0,-52.0
1776885533.4021027,-3.0,-2.0,-51.0
1776885533.4121027,-4.0,1.0,-45.0
1776885533.4221027,-3.0,3.0,-44.0
1776885533.432103,-2.0,0.0,-42.0
1776885533.442103,2.0,0.0,-45.0
1776885533.452103,5.0,0.0,-44.0
1776885533.462103,3.0,-2.0,-43.0
1776885533.4721026,4.0,-3.0,-38.0
1776885533.4821026,6.0,-3.0,-33.0
1776885533.4921026,8.0,-3.0,-30.0
1776885533.5021029,4.0,0.0,-26.0
1776885533.5121028,2.0,5.0,-29.0
1776885533.5221028,0.0,7.0,-24.0
1776885533.5321028,3.0,9.0,-27.0
1776885533.5421028,1.0,2.0,-29.0
1776885533.5521028,0.0,1.0,-26.0
1776885533.5621028,3.0,-4.0,-28.0
1776885533.5721028,0.0,-4.0,-26.0
1776885533.5821028,0.0,-7.0,-25.0
1776885533.5921028,0.0,-9.0,-24.0
1776885533.6021028,0.0,-7.0,-28.0
1776885533.6121027,0.0,-5.0,-31.0
1776885533.6221027,0.0,-1.0,-34.0
1776885533.6321027,-2.0,0.0,-40.0
1776885533.6421027,0.0,-1.0,-41.0
1776885533.6521027,1.0,-2.0,-44.0
1776885533.6621027,2.0,-3.0,-41.0
1776885533.6721027,2.0,-4.0,-42.0
1776885533.682103,1.0,-4.0,-46.0
1776885533.692103,1.0,-3.0,-43.0
1776885533.702103,2.0,-1.0,-52.0
1776885533.712103,2.0,0.0,-53.0
1776885533.7221026,6.0,0.0,-51.0
1776885533.7321026,6.0,1.0,-57.0
1776885533.7421026,9.0,0.0,-59.0
1776885533.7521029,11.0,0.0,-55.0
1776885533.7621028,8.0,1.0,-51.0
1776885533.7721028,3.0,0.0,-46.0
1776885533.7821028,1.0,2.0,-42.0
1776885533.7921028,1.0,1.0,-34.0
1776885533.8021028,5.0,-1.0,-37.0
1776885533.8121028,1.0,2.0,-44.0
1776885533.8221028,3.0,2.0,-40.0
1776885533.8321028,2.0,0.0,-35.0
1776885533.8421028,-1.0,-1.0,-37.0
1776885533.8521028,0.0,1.0,-43.0
1776885533.8621027,-2.0,0.0,-47.0
1776885533.8721027,-4.0,1.0,-48.0
1776885533.8821027,-6.0,-2.0,-47.0
1776885533.8921027,-8.0,-4.0,-51.0
1776885533.9021027,-6.0,-1.0,-56.0
1776885533.9121027,-4.0,5.0,-54.0
1776885533.9221027,-1.0,0.0,-50.0
1776885533.932103,-1.0,1.0,-51.0
1776885533.942103,0.0,0.0,-45.0
1776885533.952103,1.0,2.0,-43.0
1776885533.962103,3.0,0.0,-39.0
1776885533.9721026,0.0,-2.0,-36.0
1776885533.9821026,2.0,-4.0,-38.0
1776885533.9921026,5.0,-5.0,-37.0
1776885534.0021029,5.0,-6.0,-36.0
1776885534.0121028,1.0,-3.0,-37.0
1776885534.0221028,-1.0,-5.0,-35.0
1776885534.0321028,3.0,-11.0,-41.0
1776885534.0421028,2.0,-7.0,-43.0
1776885534.0521028,5.0,-3.0,-40.0
1776885534.0621028,1.0,-3.0,-45.0
1776885534.0731027,0.0,-1.0,-51.0
1776885534.0831027,2.0,-4.0,-51.0
1776885534.0931027,3.0,-8.0,-48.0
1776885534.1021028,5.0,-8.0,-47.0
1776885534.113103,3.0,-8.0,-49.0
1776885534.123103,5.0,-7.0,-52.0
1776885534.133103,5.0,-6.0,-55.0
1776885534.1431026,3.0,-5.0,-51.0
1776885534.1531026,2.0,-1.0,-44.0
1776885534.1631026,0.0,-1.0,-41.0
1776885534.1731029,-2.0,-2.0,-38.0
1776885534.1831028,-2.0,-2.0,-41.0
1776885534.1931028,-1.0,-1.0,-40.0
1776885534.2031028,-1.0,-3.0,-35.0
1776885534.2131028,0.0,-2.0,-39.0
1776885534.2231028,0.0,-4.0,-42.0
1776885534.2331028,-1.0,-3.0,-43.0
1776885534.2431028,5.0,-3.0,-42.0
1776885534.2531028,7.0,-2.0,-43.0
1776885534.2631028,5.0,-7.0,-51.0
1776885534.2731028,6.0,-7.0,-49.0
1776885534.2831028,8.0,-6.0,-43.0
1776885534.2931027,7.0,-3.0,-41.0
1776885534.3031027,8.0,-6.0,-40.0
1776885534.3131027,7.0,-7.0,-37.0
1776885534.3231027,2.0,-9.0,-40.0
1776885534.3331027,3.0,-11.0,-43.0
1776885534.3431027,0.0,-5.0,-43.0
1776885534.3531027,-2.0,-1.0,-43.0
1776885534.363103,0.0,-1.0,-41.0
1776885534.373103,1.0,-3.0,-47.0
1776885534.383103,0.0,0.0,-44.0
1776885534.3931026,0.0,0.0,-38.0
1776885534.4031026,0.0,-2.0,-47.0
1776885534.4131026,-3.0,-1.0,-43.0
1776885534.4231029,-4.0,0.0,-51.0
1776885534.4331028,-3.0,-4.0,-50.0
1776885534.4431028,-8.0,-5.0,-52.0
1776885534.4531028,-2.0,-5.0,-50.0
1776885534.4631028,3.0,-4.0,-47.0
1776885534.4731028,4.0,-4.0,-42.0
1776885534.4831028,3.0,-4.0,-43.0
1776885534.4931028,5.0,-6.0,-42.0
1776885534.5041027,4.0,-5.0,-39.0
1776885534.5131028,4.0,-6.0,-38.0
1776885534.5231028,0.0,-5.0,-45.0
1776885534.5331028,6.0,-7.0,-49.0
1776885534.5431027,4.0,-6.0,-48.0
1776885534.5531027,0.0,-8.0,-50.0
1776885534.5631027,2.0,-5.0,-49.0
1776885534.5731027,-2.0,-6.0,-51.0
1776885534.5831027,-10.0,-3.0,-44.0
1776885534.5931027,-6.0,-2.0,-48.0
1776885534.6031027,-1.0,-3.0,-43.0
1776885534.613103,-1.0,-3.0,-41.0
1776885534.623103,-2.0,-4.0,-41.0
1776885534.633103,0.0,-5.0,-45.0
1776885534.6431026,5.0,-4.0,-55.0
1776885534.6531026,4.0,-6.0,-49.0
1776885534.6631026,7.0,-6.0,-43.0
1776885534.6731029,10.0,-3.0,-42.0
1776885534.6831028,10.0,-1.0,-45.0
1776885534.6931028,5.0,-1.0,-48.0
1776885534.7031028,4.0,-3.0,-38.0
1776885534.7131028,5.0,-4.0,-41.0
1776885534.7231028,6.0,-2.0,-45.0
1776885534.7331028,8.0,0.0,-45.0
1776885534.7431028,5.0,1.0,-40.0
1776885534.7531028,4.0,-1.0,-41.0
1776885534.7631028,-2.0,-3.0,-47.0
1776885534.7731028,3.0,-6.0,-46.0
1776885534.7831028,2.0,-6.0,-49.0
1776885534.7931027,1.0,-6.0,-57.0
1776885534.8031027,0.0,-8.0,-54.0
1776885534.8131027,-2.0,-8.0,-55.0
1776885534.8231027,-3.0,-3.0,-49.0
1776885534.8331027,-8.0,0.0,-46.0
1776885534.8431027,-2.0,2.0,-46.0
1776885534.8531027,-3.0,2.0,-46.0
1776885534.863103,-1.0,0.0,-43.0
1776885534.873103,0.0,-3.0,-43.0
1776885534.883103,3.0,-5.0,-45.0
1776885534.8931026,0.0,-6.0,-40.0
1776885534.9031026,0.0,-8.0,-36.0
1776885534.9131026,-2.0,-4.0,-42.0
1776885534.9231029,0.0,-3.0,-43.0
1776885534.9331028,-1.0,-5.0,-42.0
1776885534.9431028,-1.0,-7.0,-39.0
1776885534.9531028,-3.0,-4.0,-37.0
1776885534.9631028,0.0,-2.0,-35.0
1776885534.9731028,-3.0,0.0,-36.0
1776885534.9831028,-2.0,-2.0,-40.0
1776885534.9931028,1.0,0.0,-44.0
1776885535.0031028,3.0,0.0,-45.0
1776885535.0131028,4.0,-1.0,-40.0
1776885535.0231028,4.0,-2.0,-33.0
1776885535.0331028,0.0,-4.0,-34.0
1776885535.0431027,1.0,-3.0,-41.0
1776885535.0531027,2.0,-3.0,-39.0
1776885535.0631027,1.0,-2.0,-47.0
1776885535.0731027,0.0,-5.0,-43.0
1776885535.0831027,4.0,-3.0,-47.0
1776885535.0931027,5.0,-6.0,-51.0
1776885535.1031027,1.0,-5.0,-49.0
1776885535.113103,5.0,-3.0,-49.0
1776885535.123103,2.0,-4.0,-47.0
1776885535.1341028,5.0,-3.0,-47.0
1776885535.1431026,2.0,-1.0,-46.0
1776885535.1531026,3.0,-4.0,-41.0
1776885535.1631026,3.0,-5.0,-40.0
1776885535.1731029,0.0,-5.0,-33.0
1776885535.1831028,-1.0,-6.0,-31.0
1776885535.1931028,-3.0,-7.0,-37.0
1776885535.2031028,-4.0,-9.0,-38.0
1776885535.2131028,-2.0,-6.0,-40.0
1776885535.2231028,-2.0,-4.0,-40.0
1776885535.2331028,-4.0,-6.0,-40.0
1776885535.2431028,-5.0,-6.0,-39.0
1776885535.2531028,-8.0,-4.0,-35.0
1776885535.2631028,-9.0,-4.0,-28.0
1776885535.2731028,-9.0,-7.0,-23.0
1776885535.2831028,-9.0,-7.0,-26.0
1776885535.2931027,-9.0,-4.0,-31.0
1776885535.3031027,-12.0,-6.0,-35.0
1776885535.3131027,-11.0,-3.0,-36.0
1776885535.3231027,-5.0,-2.0,-35.0
1776885535.3331027,-2.0,-4.0,-34.0
1776885535.3431027,-2.0,0.0,-39.0
1776885535.3531027,3.0,0.0,-47.0
1776885535.363103,0.0,-2.0,-43.0
1776885535.373103,0.0,-5.0,-51.0
1776885535.383103,-2.0,-7.0,-51.0
1776885535.3931026,0.0,-3.0,-49.0
1776885535.4031026,-4.0,-5.0,-47.0
1776885535.4131026,-5.0,-4.0,-43.0
1776885535.4231029,0.0,0.0,-36.0
1776885535.4331028,2.0,-2.0,-34.0
1776885535.4431028,1.0,1.0,-35.0
1776885535.4531028,1.0,1.0,-43.0
1776885535.4631028,-2.0,-2.0,-46.0
1776885535.4731028,0.0,-7.0,-53.0
1776885535.4831028,0.0,-3.0,-54.0
1776885535.4931028,1.0,-2.0,-53.0
1776885535.5031028,2.0,-3.0,-45.0
1776885535.5131028,2.0,-2.0,-41.0
1776885535.5231028,0.0,-3.0,-38.0
1776885535.5331028,0.0,-6.0,-35.0
1776885535.5431027,0.0,-5.0,-43.0
1776885535.5531027,0.0,0.0,-47.0
1776885535.5631027,-1.0,1.0,-42.0
1776885535.5731027,0.0,0.0,-44.0
1776885535.5831027,-1.0,-4.0,-46.0
1776885535.5931027,1.0,-2.0,-39.0
1776885535.6031027,0.0,-2.0,-43.0
1776885535.613103,-3.0,-2.0,-47.0
1776885535.623103,-4.0,-2.0,-47.0
1776885535.633103,-4.0,0.0,-39.0
1776885535.6431026,-3.0,0.0,-37.0
1776885535.6531026,-9.0,0.0,-34.0
1776885535.6631026,-3.0,2.0,-31.0
1776885535.6731029,3.0,4.0,-38.0
1776885535.6831028,0.0,7.0,-40.0
1776885535.6931028,0.0,4.0,-46.0
1776885535.7031028,-2.0,0.0,-41.0
1776885535.7131028,-4.0,0.0,-43.0
1776885535.7231028,-3.0,-2.0,-43.0
1776885535.7331028,-6.0,-2.0,-43.0
1776885535.7431028,-3.0,-3.0,-39.0
1776885535.7531028,0.0,0.0,-42.0
1776885535.7631028,0.0,0.0,-45.0
1776885535.7731028,1.0,0.0,-45.0
1776885535.7831028,0.0,0.0,-42.0
1776885535.7931027,5.0,-1.0,-49.0
1776885535.8031027,0.0,-1.0,-46.0
1776885535.8131027,-3.0,1.0,-45.0
1776885535.8231027,-3.0,-1.0,-46.0
1776885535.8331027,-6.0,0.0,-39.0
1776885535.8431027,-9.0,-3.0,-34.0
1776885535.8531027,-3.0,-4.0,-36.0
1776885535.863103,0.0,-5.0,-37.0
1776885535.873103,0.0,-5.0,-39.0
1776885535.883103,-4.0,-6.0,-38.0
1776885535.8931026,-3.0,-2.0,-41.0
1776885535.9031026,0.0,-1.0,-44.0
1776885535.9131026,5.0,0.0,-41.0
1776885535.9231029,3.0,-1.0,-35.0
1776885535.9331028,2.0,2.0,-34.0
1776885535.9431028,5.0,1.0,-31.0
1776885535.9531028,8.0,-1.0,-35.0
1776885535.9631028,4.0,-7.0,-42.0
1776885535.9731028,4.0,-7.0,-46.0
1776885535.9831028,1.0,-1.0,-47.0
1776885535.9931028,0.0,0.0,-50.0
1776885536.0031028,0.0,1.0,-51.0
1776885536.0131028,5.0,1.0,-47.0
1776885536.0231028,6.0,1.0,-42.0
1776885536.0331028,1.0,2.0,-39.0
1776885536.0431027,-4.0,5.0,-41.0
1776885536.0531027,-3.0,0.0,-41.0
1776885536.0641026,-2.0,1.0,-41.0
1776885536.0741026,1.0,-1.0,-38.0
1776885536.0841026,6.0,-1.0,-36.0
1776885536.0941026,3.0,-2.0,-37.0
1776885536.1041028,1.0,-2.0,-34.0
1776885536.1141028,-1.0,-2.0,-31.0
1776885536.1241028,2.0,-2.0,-33.0
1776885536.1341028,5.0,-4.0,-38.0
1776885536.1441028,8.0,0.0,-38.0
1776885536.1541028,8.0,-2.0,-34.0
1776885536.1641028,9.0,-2.0,-35.0
1776885536.1741028,6.0,-2.0,-40.0
1776885536.1841028,1.0,0.0,-38.0
1776885536.1941028,4.0,-2.0,-41.0
1776885536.2041028,0.0,-3.0,-47.0
1776885536.2141027,0.0,-9.0,-44.0
1776885536.2241027,1.0,-7.0,-43.0
1776885536.2341027,0.0,-4.0,-40.0
1776885536.2441027,-4.0,-5.0,-41.0
1776885536.2541027,-4.0,-3.0,-40.0
1776885536.2641027,-2.0,-5.0,-41.0
1776885536.2741027,-5.0,-7.0,-43.0
1776885536.284103,-5.0,-6.0,-42.0
1776885536.294103,-2.0,-4.0,-41.0
1776885536.304103,-1.0,-2.0,-44.0
1776885536.3141026,-2.0,-4.0,-44.0
1776885536.3241026,-5.0,-3.0,-45.0
1776885536.3341026,-3.0,-3.0,-41.0
1776885536.3441026,0.0,-2.0,-39.0
1776885536.3541028,-2.0,0.0,-37.0
1776885536.3641028,-2.0,0.0,-39.0
1776885536.3741028,-2.0,3.0,-45.0
1776885536.3841028,-1.0,1.0,-43.0
1776885536.3941028,-2.0,0.0,-44.0
1776885536.4041028,-2.0,-2.0,-43.0
1776885536.4141028,0.0,-1.0,-40.0
1776885536.4241028,0.0,-1.0,-43.0
1776885536.4341028,-3.0,-2.0,-46.0
1776885536.4441028,-6.0,-1.0,-49.0
1776885536.4541028,-3.0,6.0,-45.0
1776885536.4641027,-2.0,5.0,-40.0
1776885536.4741027,2.0,4.0,-42.0
1776885536.4841027,0.0,-1.0,-46.0
1776885536.4941027,-3.0,-2.0,-48.0
1776885536.5041027,0.0,-1.0,-49.0
1776885536.5141027,2.0,-3.0,-49.0
1776885536.5241027,-2.0,-5.0,-44.0
1776885536.534103,-4.0,-7.0,-41.0
1776885536.544103,0.0,-6.0,-38.0
1776885536.554103,-1.0,-8.0,-38.0
1776885536.5641026,1.0,-5.0,-40.0
1776885536.5741026,-2.0,0.0,-36.0
1776885536.5841026,-5.0,0.0,-35.0
1776885536.5941026,-7.0,-3.0,-33.0
1776885536.6041028,-3.0,-1.0,-37.0
1776885536.6141028,-1.0,1.0,-38.0
1776885536.6241028,0.0,1.0,-41.0
1776885536.6341028,0.0,2.0,-36.0
1776885536.6441028,-4.0,2.0,-43.0
1776885536.6541028,-2.0,0.0,-42.0
1776885536.6641028,-3.0,-1.0,-46.0
1776885536.6741028,-4.0,0.0,-46.0
1776885536.6841028,-7.0,2.0,-35.0
1776885536.6941028,-10.0,1.0,-34.0
1776885536.7041028,-8.0,0.0,-33.0
1776885536.7141027,-3.0,0.0,-40.0
1776885536.7241027,-2.0,-2.0,-47.0
1776885536.7341027,2.0,0.0,-45.0
1776885536.7441027,2.0,-1.0,-45.0
1776885536.7541027,1.0,0.0,-44.0
1776885536.7641027,2.0,-1.0,-54.0
1776885536.7741027,4.0,-5.0,-50.0
1776885536.784103,2.0,-5.0,-46.0
1776885536.794103,0.0,-5.0,-45.0
1776885536.804103,-3.0,-6.0,-43.0
1776885536.8141026,-3.0,-4.0,-38.0
1776885536.8241026,0.0,-2.0,-41.0
1776885536.8341026,-1.0,-1.0,-44.0
1776885536.8441026,-2.0,0.0,-49.0
1776885536.8541028,1.0,3.0,-45.0
1776885536.8641028,-4.0,2.0,-39.0
1776885536.8741028,-6.0,4.0,-43.0
1776885536.8841028,-3.0,5.0,-43.0
1776885536.8941028,-4.0,4.0,-41.0
1776885536.9041028,0.0,4.0,-46.0
1776885536.9141028,0.0,4.0,-46.0
1776885536.9241028,-7.0,0.0,-37.0
1776885536.9341028,-8.0,2.0,-39.0
1776885536.9441028,-6.0,-1.0,-42.0
1776885536.9541028,-4.0,-4.0,-43.0
1776885536.9641027,-2.0,-1.0,-34.0
1776885536.9741027,0.0,-4.0,-34.0
1776885536.9841027,0.0,-5.0,-33.0
1776885536.9941027,0.0,1.0,-39.0
1776885537.0041027,0.0,1.0,-43.0
1776885537.0141027,-2.0,3.0,-41.0
1776885537.0241027,-4.0,5.0,-34.0
1776885537.034103,-2.0,7.0,-37.0
1776885537.044103,1.0,5.0,-40.0
1776885537.054103,5.0,-3.0,-42.0
1776885537.0641026,4.0,-8.0,-42.0
1776885537.0741026,3.0,-3.0,-47.0
1776885537.0841026,2.0,-2.0,-41.0
1776885537.0941026,1.0,1.0,-38.0
1776885537.1041028,0.0,4.0,-37.0
1776885537.1141028,0.0,2.0,-36.0
1776885537.1241028,3.0,4.0,-47.0
1776885537.1341028,3.0,3.0,-51.0
1776885537.1441028,0.0,4.0,-46.0
1776885537.1541028,-1.0,1.0,-46.0
1776885537.1641028,-4.0,2.0,-49.0
1776885537.1741028,-7.0,1.0,-42.0
1776885537.1841028,-6.0,-1.0,-42.0
1776885537.1941028,-5.0,-5.0,-49.0
1776885537.2041028,-3.0,-5.0,-46.0
1776885537.2141027,0.0,-1.0,-39.0
1776885537.2241027,0.0,-3.0,-38.0
1776885537.2341027,0.0,0.0,-35.0
1776885537.2441027,-4.0,2.0,-36.0
1776885537.2541027,-4.0,2.0,-45.0
1776885537.2641027,-4.0,3.0,-48.0
1776885537.2741027,-2.0,0.0,-50.0
1776885537.284103,0.0,0.0,-48.0
1776885537.294103,-4.0,0.0,-49.0
1776885537.304103,-1.0,-1.0,-45.0
1776885537.3141026,4.0,0.0,-46.0
1776885537.3241026,-2.0,-1.0,-52.0
1776885537.3341026,-5.0,-4.0,-54.0
1776885537.3441026,-7.0,0.0,-55.0
1776885537.3541028,-8.0,1.0,-56.0
1776885537.3641028,-4.0,2.0,-55.0
1776885537.3741028,-2.0,6.0,-53.0
1776885537.3841028,-4.0,6.0,-50.0
1776885537.3941028,-9.0,0.0,-42.0
1776885537.4041028,-5.0,-1.0,-47.0
1776885537.4141028,-1.0,-6.0,-48.0
1776885537.4241028,-1.0,-6.0,-46.0
1776885537.4341028,-3.0,-6.0,-43.0
1776885537.4441028,-2.0,-6.0,-44.0
1776885537.4541028,-6.0,-3.0,-37.0
1776885537.4641027,-3.0,-1.0,-40.0
1776885537.4741027,-2.0,-5.0,-40.0
1776885537.4841027,0.0,-2.0,-44.0
1776885537.4941027,-1.0,0.0,-44.0
1776885537.5041027,-1.0,3.0,-40.0
1776885537.5141027,2.0,5.0,-41.0
1776885537.5241027,2.0,2.0,-40.0
1776885537.534103,4.0,0.0,-34.0
1776885537.544103,7.0,-2.0,-34.0
1776885537.554103,4.0,-6.0,-39.0
1776885537.5641026,4.0,-4.0,-41.0
1776885537.5741026,1.0,-6.0,-42.0
1776885537.5841026,-1.0,-7.0,-40.0
1776885537.5941026,0.0,-6.0,-39.0
1776885537.6041028,0.0,-5.0,-40.0
1776885537.6141028,-1.0,-2.0,-43.0
1776885537.6241028,0.0,-2.0,-43.0
1776885537.6341028,0.0,-3.0,-48.0
1776885537.6441028,1.0,3.0,-47.0
1776885537.6541028,0.0,0.0,-46.0
1776885537.6641028,0.0,3.0,-48.0
1776885537.6741028,2.0,7.0,-50.0
1776885537.6841028,-3.0,5.0,-55.0
1776885537.6941028,1.0,2.0,-58.0
1776885537.7041028,-3.0,2.0,-55.0
1776885537.7141027,0.0,0.0,-56.0
1776885537.7241027,0.0,1.0,-54.0
1776885537.7341027,0.0,0.0,-51.0
1776885537.7441027,0.0,-5.0,-37.0
1776885537.7541027,0.0,-5.0,-28.0
1776885537.7641027,0.0,-3.0,-28.0
1776885537.7741027,2.0,-5.0,-37.0
1776885537.784103,3.0,-5.0,-42.0
1776885537.794103,5.0,-7.0,-44.0
1776885537.804103,1.0,-3.0,-45.0
1776885537.8141026,-1.0,0.0,-39.0
1776885537.8241026,-4.0,0.0,-40.0
1776885537.8341026,-4.0,0.0,-44.0
1776885537.8441026,0.0,-3.0,-45.0
1776885537.8541028,0.0,-1.0,-41.0
1776885537.8641028,-2.0,-2.0,-44.0
1776885537.8741028,-3.0,-5.0,-50.0
1776885537.8841028,0.0,-2.0,-48.0
1776885537.8941028,0.0,0.0,-47.0
1776885537.9041028,1.0,-3.0,-49.0
1776885537.9141028,7.0,-4.0,-51.0
1776885537.9241028,7.0,0.0,-55.0
1776885537.9341028,7.0,0.0,-48.0
1776885537.9441028,0.0,-1.0,-47.0
1776885537.9541028,-3.0,0.0,-46.0
1776885537.9641027,-4.0,-2.0,-50.0
1776885537.9741027,-3.0,1.0,-52.0
1776885537.9841027,-1.0,2.0,-51.0
1776885537.9941027,-1.0,0.0,-45.0
1776885538.0041027,0.0,0.0,-41.0
1776885538.0141027,-3.0,3.0,-48.0
1776885538.0251029,-1.0,0.0,-43.0
1776885538.0351028,0.0,-1.0,-40.0
1776885538.044103,0.0,-1.0,-38.0
1776885538.0551028,-1.0,3.0,-37.0
1776885538.0651028,-1.0,2.0,-42.0
1776885538.0751028,-1.0,0.0,-43.0
1776885538.0851028,-1.0,-1.0,-44.0
1776885538.0951028,0.0,-3.0,-46.0
1776885538.1051028,4.0,-3.0,-43.0
1776885538.1151028,1.0,0.0,-40.0
1776885538.1251028,-2.0,0.0,-35.0
1776885538.1351027,-3.0,1.0,-40.0
1776885538.1451027,-3.0,3.0,-48.0
1776885538.1551027,0.0,3.0,-44.0
1776885538.1651027,0.0,3.0,-40.0
1776885538.1751027,-1.0,2.0,-44.0
1776885538.1851027,-1.0,3.0,-45.0
1776885538.1951027,0.0,4.0,-46.0
1776885538.2051027,0.0,2.0,-47.0
1776885538.215103,-3.0,3.0,-47.0
1776885538.225103,-2.0,8.0,-50.0
1776885538.235103,0.0,4.0,-47.0
1776885538.2451026,0.0,3.0,-42.0
1776885538.2551026,1.0,0.0,-37.0
1776885538.2651026,1.0,-5.0,-32.0
1776885538.2751029,-1.0,-1.0,-40.0
1776885538.2851028,0.0,0.0,-43.0
1776885538.2951028,6.0,1.0,-41.0
1776885538.3051028,5.0,2.0,-46.0
1776885538.3151028,9.0,2.0,-52.0
1776885538.3251028,6.0,0.0,-48.0
1776885538.3351028,4.0,0.0,-42.0
1776885538.3451028,1.0,-1.0,-34.0
1776885538.3551028,-2.0,0.0,-36.0
1776885538.3651028,-1.0,-3.0,-37.0
1776885538.3751028,-3.0,-4.0,-45.0
1776885538.3851027,-3.0,-2.0,-48.0
1776885538.3951027,-6.0,-5.0,-48.0
1776885538.4051027,-5.0,0.0,-44.0
1776885538.4151027,1.0,-1.0,-39.0
1776885538.4251027,5.0,-2.0,-31.0
1776885538.4351027,5.0,-2.0,-38.0
1776885538.4451027,6.0,-1.0,-41.0
1776885538.4551027,5.0,0.0,-45.0
1776885538.465103,7.0,0.0,-42.0
1776885538.475103,4.0,1.0,-40.0
1776885538.485103,1.0,0.0,-41.0
1776885538.4951026,2.0,0.0,-39.0
1776885538.5051026,1.0,-2.0,-36.0
1776885538.5151026,1.0,0.0,-40.0
1776885538.5251029,0.0,3.0,-42.0
1776885538.5351028,-2.0,3.0,-49.0
1776885538.5451028,-5.0,0.0,-46.0
1776885538.5551028,-6.0,-2.0,-46.0
1776885538.5651028,-1.0,-2.0,-47.0
1776885538.5751028,0.0,-2.0,-52.0
1776885538.5851028,3.0,-3.0,-53.0
1776885538.5951028,7.0,-6.0,-51.0
1776885538.6051028,3.0,-5.0,-55.0
1776885538.6151028,-1.0,0.0,-54.0
1776885538.6251028,-4.0,1.0,-50.0
1776885538.6351027,-4.0,-1.0,-50.0
1776885538.6451027,-2.0,-4.0,-46.0
1776885538.6551027,-3.0,-6.0,-39.0
1776885538.6651027,-4.0,-2.0,-41.0
1776885538.6751027,-3.0,0.0,-40.0
1776885538.6851027,-2.0,0.0,-41.0
1776885538.6951027,-1.0,-2.0,-42.0
1776885538.7051027,-2.0,1.0,-42.0
1776885538.715103,-1.0,0.0,-44.0
1776885538.725103,-1.0,2.0,-43.0
1776885538.735103,0.0,3.0,-47.0
1776885538.7451026,-2.0,5.0,-51.0
1776885538.7551026,-1.0,2.0,-48.0
1776885538.7651026,-7.0,-1.0,-49.0
1776885538.7751029,-2.0,1.0,-47.0
1776885538.7851028,-1.0,0.0,-45.0
1776885538.7951028,0.0,-1.0,-45.0
1776885538.8051028,-1.0,0.0,-43.0
1776885538.8151028,-3.0,0.0,-42.0
1776885538.8251028,-3.0,0.0,-42.0
1776885538.8351028,-3.0,0.0,-39.0
1776885538.8451028,-6.0,0.0,-41.0
1776885538.8551028,-5.0,-2.0,-46.0
1776885538.8651028,-3.0,-5.0,-48.0
1776885538.8751028,-2.0,-3.0,-47.0
1776885538.8851027,-1.0,-4.0,-47.0
1776885538.8951027,-1.0,-5.0,-48.0
1776885538.9051027,-1.0,0.0,-53.0
1776885538.9151027,-5.0,1.0,-53.0
1776885538.9251027,-3.0,5.0,-49.0
1776885538.9351027,0.0,5.0,-48.0
1776885538.9451027,0.0,8.0,-48.0
1776885538.9551027,-2.0,8.0,-49.0
1776885538.965103,-2.0,4.0,-49.0
1776885538.975103,-1.0,2.0,-51.0
1776885538.985103,-5.0,2.0,-46.0
1776885538.9951026,-5.0,0.0,-43.0
1776885539.0051026,-5.0,1.0,-47.0
1776885539.0151026,-6.0,0.0,-51.0
1776885539.0251029,-2.0,1.0,-56.0
1776885539.0351028,0.0,0.0,-51.0
1776885539.0451028,0.0,-2.0,-51.0
1776885539.0551028,0.0,-7.0,-46.0
1776885539.0651028,-1.0,-3.0,-43.0
1776885539.0751028,1.0,-3.0,-43.0
1776885539.0851028,2.0,-2.0,-37.0
1776885539.0951028,0.0,-5.0,-42.0
1776885539.1051028,-2.0,0.0,-41.0
1776885539.1151028,-1.0,2.0,-38.0
1776885539.1251028,-1.0,1.0,-44.0
1776885539.1351027,1.0,0.0,-48.0
1776885539.1451027,0.0,1.0,-49.0
1776885539.1551027,5.0,3.0,-49.0
1776885539.1651027,4.0,1.0,-47.0
1776885539.1751027,5.0,2.0,-46.0
1776885539.1851027,6.0,1.0,-49.0
1776885539.1951027,5.0,-4.0,-47.0
1776885539.2051027,5.0,-5.0,-44.0
1776885539.215103,8.0,-9.0,-39.0
1776885539.225103,5.0,-3.0,-38.0
1776885539.235103,4.0,0.0,-47.0
1776885539.2451026,4.0,0.0,-56.0
1776885539.2551026,3.0,-2.0,-60.0
1776885539.2651026,-1.0,-2.0,-51.0
1776885539.2751029,-4.0,0.0,-51.0
1776885539.2851028,-5.0,1.0,-46.0
1776885539.2951028,-5.0,-2.0,-47.0
1776885539.3051028,0.0,-6.0,-47.0
1776885539.3151028,2.0,-5.0,-46.0
1776885539.3251028,6.0,-4.0,-41.0
1776885539.3351028,8.0,-3.0,-38.0
1776885539.3451028,4.0,-1.0,-38.0
1776885539.3551028,3.0,-2.0,-44.0
1776885539.3651028,5.0,-2.0,-50.0
1776885539.3751028,0.0,-2.0,-49.0
1776885539.3851027,0.0,-2.0,-47.0
1776885539.3951027,-1.0,-5.0,-49.0
1776885539.4051027,-3.0,0.0,-51.0
1776885539.4151027,-7.0,0.0,-53.0
1776885539.4251027,-6.0,2.0,-50.0
1776885539.4351027,-6.0,1.0,-51.0
1776885539.4451027,-8.0,3.0,-51.0
1776885539.4551027,-4.0,2.0,-54.0
1776885539.465103,-3.0,0.0,-55.0
1776885539.475103,-1.0,-3.0,-52.0
1776885539.485103,3.0,2.0,-48.0
1776885539.4951026,5.0,1.0,-44.0
1776885539.5051026,4.0,4.0,-44.0
1776885539.5151026,4.0,-1.0,-48.0
1776885539.5251029,2.0,-6.0,-43.0
1776885539.5351028,1.0,-7.0,-41.0
1776885539.5451028,1.0,-7.0,-41.0
1776885539.5551028,4.0,-6.0,-51.0
1776885539.5651028,4.0,-9.0,-51.0
1776885539.5751028,0.0,-9.0,-49.0
1776885539.5851028,-4.0,-9.0,-53.0
1776885539.5951028,-2.0,-5.0,-53.0
1776885539.6051028,0.0,-1.0,-41.0
1776885539.6151028,-2.0,0.0,-40.0
1776885539.6251028,0.0,-1.0,-48.0
1776885539.6351027,0.0,-5.0,-54.0
1776885539.6451027,0.0,-6.0,-56.0
1776885539.6551027,0.0,-7.0,-58.0
1776885539.6651027,-2.0,-7.0,-55.0
1776885539.6751027,0.0,-4.0,-51.0
1776885539.6851027,-3.0,-3.0,-47.0
1776885539.6951027,0.0,-8.0,-48.0
1776885539.7051027,-1.0,-6.0,-51.0
1776885539.715103,0.0,-7.0,-55.0
1776885539.725103,0.0,-5.0,-48.0
1776885539.735103,-6.0,-4.0,-44.0
1776885539.7451026,-7.0,-3.0,-46.0
1776885539.7551026,-12.0,-3.0,-56.0
1776885539.7651026,-14.0,-5.0,-66.0
1776885539.7751029,-9.0,-3.0,-67.0
1776885539.7851028,-4.0,1.0,-65.0
1776885539.7951028,-2.0,-2.0,-64.0
1776885539.8051028,-1.0,-5.0,-57.0
1776885539.8151028,-1.0,0.0,-46.0
1776885539.8251028,0.0,0.0,-38.0
1776885539.8351028,0.0,-4.0,-25.0
1776885539.8451028,1.0,-4.0,-27.0
1776885539.8551028,1.0,-1.0,-32.0
1776885539.8651028,1.0,0.0,-41.0
1776885539.8751028,-3.0,-1.0,-48.0
1776885539.8851027,-3.0,-2.0,-59.0
1776885539.8951027,-1.0,-4.0,-54.0
1776885539.9051027,-1.0,-6.0,-52.0
1776885539.9151027,-1.0,-2.0,-55.0
1776885539.9251027,-1.0,-1.0,-54.0
1776885539.9351027,0.0,-2.0,-52.0
1776885539.9451027,1.0,-1.0,-53.0
1776885539.9551027,4.0,0.0,-49.0
1776885539.965103,1.0,0.0,-48.0
1776885539.9761028,1.0,-3.0,-52.0
1776885539.985103,-1.0,-3.0,-45.0
1776885539.9951026,0.0,-1.0,-49.0
1776885540.0051026,0.0,-6.0,-53.0
1776885540.0161028,3.0,-6.0,-51.0
1776885540.0261028,0.0,-5.0,-50.0
1776885540.0351028,-4.0,-5.0,-45.0
1776885540.0461028,-3.0,-2.0,-40.0
1776885540.0561028,0.0,-2.0,-43.0
1776885540.0661027,2.0,-2.0,-45.0
1776885540.0761027,5.0,-2.0,-45.0
1776885540.0861027,4.0,1.0,-40.0
1776885540.0961027,2.0,1.0,-39.0
1776885540.1061027,4.0,-5.0,-39.0
1776885540.1161027,8.0,-2.0,-41.0
1776885540.1261027,7.0,-4.0,-38.0
1776885540.136103,6.0,0.0,-38.0
1776885540.146103,2.0,1.0,-34.0
1776885540.156103,1.0,-2.0,-33.0
1776885540.1661026,-2.0,-1.0,-40.0
1776885540.1761026,1.0,2.0,-41.0
1776885540.1861026,0.0,0.0,-43.0
1776885540.1961029,0.0,-1.0,-51.0
1776885540.2061028,-1.0,-4.0,-41.0
1776885540.2161028,1.0,-7.0,-40.0
1776885540.2261028,0.0,-7.0,-43.0
1776885540.2361028,1.0,-9.0,-44.0
1776885540.2461028,1.0,-5.0,-45.0
1776885540.2561028,1.0,-1.0,-42.0
1776885540.2661028,1.0,0.0,-41.0
1776885540.2761028,-2.0,2.0,-41.0
1776885540.2861028,-2.0,2.0,-45.0
1776885540.2961028,-2.0,5.0,-54.0
1776885540.3061028,-3.0,-1.0,-52.0
1776885540.3161027,-1.0,-4.0,-53.0
1776885540.3261027,1.0,-3.0,-46.0
1776885540.3361027,2.0,-3.0,-45.0
1776885540.3461027,2.0,-2.0,-45.0
1776885540.3561027,0.0,-7.0,-45.0
1776885540.3661027,-3.0,-6.0,-41.0
1776885540.3761027,-1.0,-10.0,-49.0
1776885540.386103,-3.0,-7.0,-48.0
1776885540.396103,-2.0,-7.0,-49.0
1776885540.406103,-2.0,-3.0,-47.0
1776885540.4161026,3.0,-3.0,-49.0
1776885540.4261026,3.0,0.0,-52.0
1776885540.4361026,0.0,1.0,-56.0
1776885540.4461029,0.0,-2.0,-52.0
1776885540.4561028,3.0,-4.0,-56.0
1776885540.4661028,3.0,-4.0,-52.0
1776885540.4761028,4.0,-3.0,-49.0
1776885540.4861028,7.0,-1.0,-43.0
1776885540.4961028,7.0,-3.0,-42.0
1776885540.5061028,3.0,-4.0,-41.0
1776885540.5161028,3.0,-10.0,-45.0
1776885540.5261028,3.0,-6.0,-52.0
1776885540.5361028,9.0,-5.0,-59.0
1776885540.5461028,5.0,-6.0,-55.0
1776885540.5561028,1.0,-3.0,-47.0
1776885540.5661027,2.0,1.0,-46.0
1776885540.5761027,0.0,0.0,-51.0
1776885540.5861027,3.0,-5.0,-45.0
1776885540.5961027,3.0,-5.0,-46.0
1776885540.6061027,4.0,-4.0,-45.0
1776885540.6161027,2.0,-4.0,-42.0
1776885540.6261027,1.0,-2.0,-42.0
1776885540.636103,-3.0,-4.0,-39.0
1776885540.646103,3.0,-6.0,-38.0
1776885540.656103,0.0,-4.0,-44.0
1776885540.6661026,-6.0,-5.0,-42.0
1776885540.6761026,-4.0,-8.0,-43.0
1776885540.6861026,-2.0,-4.0,-47.0
1776885540.6961029,0.0,-4.0,-44.0
1776885540.7061028,-2.0,-5.0,-42.0
1776885540.7161028,0.0,-4.0,-44.0
1776885540.7261028,-2.0,0.0,-42.0
1776885540.7361028,-1.0,-1.0,-46.0
1776885540.7461028,2.0,-3.0,-46.0
1776885540.7561028,7.0,-5.0,-45.0
1776885540.7661028,4.0,-5.0,-44.0
1776885540.7761028,0.0,-7.0,-43.0
1776885540.7861028,-2.0,-5.0,-54.0
1776885540.7961028,0.0,-2.0,-49.0
1776885540.8061028,3.0,0.0,-37.0
1776885540.8161027,4.0,1.0,-38.0
1776885540.8261027,2.0,-2.0,-38.0
1776885540.8361027,5.0,-2.0,-38.0
1776885540.8461027,8.0,0.0,-40.0
1776885540.8561027,6.0,-1.0,-41.0
1776885540.8661027,3.0,2.0,-36.0
1776885540.8761027,0.0,3.0,-37.0
1776885540.886103,-2.0,0.0,-38.0
1776885540.896103,-5.0,4.0,-44.0
1776885540.906103,-3.0,2.0,-45.0
1776885540.9161026,1.0,0.0,-39.0
1776885540.9261026,3.0,-3.0,-43.0
1776885540.9361026,2.0,-2.0,-42.0
1776885540.9461029,2.0,-1.0,-41.0
1776885540.9561028,0.0,4.0,-45.0
1776885540.9661028,-5.0,3.0,-43.0
1776885540.9761028,-7.0,1.0,-41.0
1776885540.9861028,-8.0,2.0,-40.0
1776885540.9961028,-3.0,2.0,-43.0
1776885541.0061028,-3.0,-1.0,-44.0
1776885541.0161028,0.0,-5.0,-43.0
1776885541.0261028,-1.0,0.0,-47.0
1776885541.0361028,0.0,1.0,-48.0
1776885541.0461028,1.0,-1.0,-51.0
1776885541.0561028,0.0,0.0,-52.0
1776885541.0661027,-4.0,0.0,-48.0
1776885541.0761027,-3.0,3.0,-52.0
1776885541.0861027,-2.0,2.0,-53.0
1776885541.0961027,-2.0,4.0,-51.0
1776885541.1061027,-3.0,3.0,-48.0
1776885541.1161027,-3.0,2.0,-46.0
1776885541.1261027,0.0,3.0,-43.0
1776885541.136103,4.0,3.0,-48.0
1776885541.146103,2.0,0.0,-55.0
1776885541.156103,4.0,-2.0,-60.0
1776885541.1661026,4.0,-2.0,-48.0
1776885541.1761026,3.0,-8.0,-47.0
1776885541.1861026,3.0,-8.0,-54.0
1776885541.1961029,3.0,-5.0,-52.0
1776885541.2061028,1.0,-4.0,-44.0
1776885541.2161028,-1.0,-6.0,-43.0
1776885541.2261028,-1.0,-4.0,-43.0
1776885541.2361028,2.0,-2.0,-44.0
1776885541.2461028,5.0,-1.0,-46.0
1776885541.2561028,0.0,-2.0,-45.0
1776885541.2661028,2.0,0.0,-45.0
1776885541.2761028,1.0,0.0,-43.0
1776885541.2861028,0.0,0.0,-40.0
1776885541.2961028,1.0,0.0,-41.0
1776885541.3061028,0.0,1.0,-41.0
1776885541.3161027,-4.0,3.0,-36.0
1776885541.3261027,-9.0,-2.0,-34.0
1776885541.3361027,-6.0,0.0,-40.0
1776885541.3461027,0.0,3.0,-35.0
1776885541.3561027,-2.0,1.0,-36.0
1776885541.3661027,-5.0,0.0,-30.0
1776885541.3761027,-6.0,3.0,-36.0
1776885541.386103,-3.0,6.0,-49.0
1776885541.396103,-4.0,5.0,-53.0
1776885541.406103,-5.0,7.0,-50.0
1776885541.4161026,-4.0,5.0,-49.0
1776885541.4261026,-3.0,3.0,-49.0
1776885541.4361026,-2.0,3.0,-44.0
1776885541.4461029,-1.0,7.0,-39.0
1776885541.4561028,0.0,10.0,-36.0
1776885541.4661028,0.0,4.0,-41.0
1776885541.4761028,0.0,1.0,-40.0
1776885541.4861028,-1.0,2.0,-37.0
1776885541.4961028,0.0,6.0,-38.0
1776885541.5061028,0.0,0.0,-44.0
1776885541.5161028,3.0,-4.0,-46.0
1776885541.5261028,2.0,-7.0,-49.0
1776885541.5361028,0.0,-10.0,-41.0
1776885541.5461028,0.0,-8.0,-42.0
1776885541.5561028,3.0,-6.0,-45.0
1776885541.5661027,6.0,-9.0,-43.0
1776885541.5761027,4.0,-10.0,-48.0
1776885541.5861027,2.0,-8.0,-52.0
1776885541.5961027,-2.0,-3.0,-51.0
1776885541.6061027,-7.0,-2.0,-52.0
1776885541.6161027,-1.0,-5.0,-52.0
1776885541.6261027,1.0,-4.0,-47.0
1776885541.636103,0.0,-3.0,-48.0
1776885541.646103,0.0,-4.0,-48.0
1776885541.656103,2.0,0.0,-47.0
1776885541.6661026,1.0,1.0,-46.0
1776885541.6761026,1.0,-3.0,-48.0
1776885541.6861026,-1.0,-6.0,-52.0
1776885541.6961029,-4.0,-8.0,-52.0
1776885541.7061028,2.0,-9.0,-51.0
1776885541.7161028,5.0,-10.0,-50.0
1776885541.7261028,3.0,-6.0,-51.0
1776885541.7361028,2.0,-3.0,-52.0
1776885541.7461028,0.0,-4.0,-50.0
1776885541.7561028,-3.0,0.0,-47.0
1776885541.7661028,-5.0,-1.0,-52.0
1776885541.7761028,-6.0,-2.0,-56.0
1776885541.7861028,-5.0,-6.0,-56.0
1776885541.7961028,-4.0,-3.0,-50.0
1776885541.8061028,-7.0,-5.0,-51.0
1776885541.8161027,-2.0,-5.0,-45.0
1776885541.8261027,1.0,-1.0,-36.0
1776885541.8361027,8.0,3.0,-41.0
1776885541.8461027,5.0,6.0,-50.0
1776885541.8561027,3.0,2.0,-52.0
1776885541.8661027,2.0,1.0,-52.0
1776885541.8761027,2.0,-1.0,-55.0
1776885541.886103,4.0,0.0,-48.0
1776885541.896103,0.0,-3.0,-52.0
1776885541.906103,0.0,-5.0,-48.0
1776885541.9161026,1.0,-4.0,-45.0
1776885541.9261026,4.0,-8.0,-45.0
1776885541.9361026,0.0,-7.0,-44.0
1776885541.9461029,-2.0,-7.0,-42.0
1776885541.9561028,0.0,-3.0,-40.0
1776885541.9661028,-3.0,-2.0,-41.0
1776885541.9771028,-4.0,-4.0,-38.0
1776885541.9871027,-6.0,-5.0,-40.0
1776885541.9971027,-5.0,-8.0,-32.0
1776885542.0061028,-5.0,-5.0,-30.0
1776885542.0171027,-5.0,-7.0,-34.0
1776885542.0271027,-1.0,-7.0,-32.0
1776885542.0371027,0.0,-3.0,-35.0
1776885542.0471027,0.0,-9.0,-34.0
1776885542.057103,9.0,-8.0,-34.0
1776885542.067103,7.0,-12.0,-35.0
1776885542.077103,5.0,-10.0,-35.0
1776885542.087103,11.0,-9.0,-36.0
1776885542.0971026,12.0,-7.0,-36.0
1776885542.1071026,9.0,-7.0,-31.0
1776885542.1171026,5.0,-11.0,-32.0
1776885542.1271029,0.0,-13.0,-38.0
1776885542.1371028,1.0,-12.0,-39.0
1776885542.1471028,-1.0,-12.0,-36.0
1776885542.1571028,-3.0,-6.0,-35.0
1776885542.1671028,0.0,-7.0,-35.0
1776885542.1771028,3.0,-2.0,-34.0
1776885542.1871028,4.0,-3.0,-31.0
1776885542.1971028,0.0,-3.0,-30.0
1776885542.2071028,0.0,0.0,-33.0
1776885542.2171028,-1.0,1.0,-29.0
1776885542.2271028,-4.0,0.0,-39.0
1776885542.2371027,-3.0,-3.0,-41.0
1776885542.2471027,-6.0,-9.0,-42.0
1776885542.2571027,-5.0,-8.0,-48.0
1776885542.2671027,-3.0,-7.0,-43.0
1776885542.2771027,-4.0,0.0,-40.0
1776885542.2871027,-3.0,-2.0,-38.0
1776885542.2971027,-3.0,-2.0,-36.0
1776885542.307103,-5.0,-1.0,-41.0
1776885542.317103,-4.0,-3.0,-36.0
1776885542.327103,-6.0,-3.0,-41.0
1776885542.337103,-10.0,-1.0,-36.0
1776885542.3471026,-10.0,-2.0,-33.0
1776885542.3571026,-2.0,-2.0,-33.0
1776885542.3671026,0.0,-2.0,-33.0
1776885542.3771029,0.0,2.0,-29.0
1776885542.3871028,6.0,2.0,-25.0
1776885542.3971028,7.0,6.0,-34.0
1776885542.4071028,8.0,3.0,-36.0
1776885542.4171028,10.0,-1.0,-34.0
1776885542.4271028,10.0,-2.0,-38.0
1776885542.4371028,9.0,-2.0,-33.0
1776885542.4471028,7.0,-2.0,-31.0
1776885542.4571028,0.0,-3.0,-41.0
1776885542.4671028,0.0,-3.0,-43.0
1776885542.4771028,5.0,-3.0,-41.0
1776885542.4871027,0.0,0.0,-42.0
1776885542.4971027,1.0,0.0,-42.0
1776885542.5071027,0.0,1.0,-44.0
1776885542.5171027,-3.0,6.0,-54.0
1776885542.5271027,0.0,5.0,-50.0
1776885542.5371027,1.0,2.0,-41.0
1776885542.5471027,0.0,1.0,-40.0
1776885542.557103,0.0,0.0,-38.0
1776885542.567103,0.0,-1.0,-41.0
1776885542.577103,0.0,0.0,-45.0
1776885542.587103,2.0,0.0,-51.0
1776885542.5971026,3.0,-4.0,-46.0
1776885542.6071026,1.0,-3.0,-33.0
1776885542.6171026,-1.0,-6.0,-28.0
1776885542.6271029,0.0,-6.0,-31.0
1776885542.6371028,1.0,-2.0,-38.0
1776885542.6471028,3.0,-3.0,-46.0
1776885542.6571028,4.0,-1.0,-40.0
1776885542.6671028,5.0,-3.0,-32.0
1776885542.6771028,4.0,0.0,-38.0
1776885542.6871028,5.0,0.0,-32.0
1776885542.6971028,9.0,1.0,-33.0
1776885542.7071028,8.0,2.0,-34.0
1776885542.7171028,7.0,0.0,-37.0
1776885542.7271028,4.0,-1.0,-43.0
1776885542.7371027,2.0,-2.0,-40.0
1776885542.7471027,-1.0,-2.0,-34.0
1776885542.7571027,-4.0,-4.0,-39.0
1776885542.7671027,-4.0,-5.0,-44.0
1776885542.7771027,-2.0,0.0,-48.0
1776885542.7871027,0.0,1.0,-49.0
1776885542.7971027,4.0,0.0,-46.0
1776885542.807103,4.0,3.0,-46.0
1776885542.817103,5.0,1.0,-46.0
1776885542.827103,1.0,-2.0,-44.0
1776885542.837103,-1.0,0.0,-40.0
1776885542.8471026,-3.0,0.0,-36.0
1776885542.8571026,-5.0,-1.0,-38.0
1776885542.8671026,0.0,-1.0,-43.0
1776885542.8771029,-4.0,-5.0,-44.0
1776885542.8871028,-3.0,-4.0,-39.0
1776885542.8971028,0.0,-5.0,-43.0
1776885542.9071028,-2.0,-4.0,-50.0
1776885542.9171028,4.0,0.0,-51.0
1776885542.9271028,7.0,-1.0,-53.0
1776885542.9371028,4.0,-3.0,-51.0
1776885542.9471028,4.0,-2.0,-47.0
1776885542.9571028,0.0,-1.0,-43.0
1776885542.9671028,0.0,-1.0,-50.0
1776885542.9771028,-1.0,0.0,-45.0
1776885542.9871027,-5.0,-4.0,-43.0
1776885542.9971027,-4.0,-5.0,-45.0
1776885543.0071027,-1.0,-2.0,-52.0
1776885543.0171027,0.0,-3.0,-44.0
1776885543.0271027,0.0,-5.0,-42.0
1776885543.0371027,2.0,-2.0,-41.0
1776885543.0471027,0.0,-2.0,-42.0
1776885543.057103,3.0,-1.0,-48.0
1776885543.067103,3.0,0.0,-46.0
1776885543.077103,6.0,-2.0,-47.0
1776885543.087103,5.0,-4.0,-45.0
1776885543.0971026,1.0,-3.0,-57.0
1776885543.1071026,3.0,-4.0,-50.0
1776885543.1171026,7.0,-9.0,-42.0
1776885543.1271029,5.0,-7.0,-45.0
1776885543.1371028,9.0,-6.0,-47.0
1776885543.1471028,8.0,-3.0,-55.0
1776885543.1571028,3.0,-3.0,-53.0
1776885543.1671028,3.0,-3.0,-50.0
1776885543.1771028,7.0,0.0,-49.0
1776885543.1871028,3.0,-4.0,-44.0
1776885543.1971028,5.0,-6.0,-47.0
1776885543.2071028,10.0,-9.0,-47.0
1776885543.2171028,11.0,-8.0,-42.0
1776885543.2271028,12.0,-6.0,-37.0
1776885543.2371027,9.0,-6.0,-33.0
1776885543.2471027,8.0,-6.0,-36.0
1776885543.2571027,13.0,-8.0,-40.0
1776885543.2671027,10.0,-7.0,-45.0
1776885543.2771027,10.0,-3.0,-45.0
1776885543.2871027,8.0,0.0,-54.0
1776885543.2971027,10.0,2.0,-50.0
1776885543.307103,7.0,0.0,-46.0
1776885543.317103,0.0,-3.0,-44.0
1776885543.327103,0.0,-6.0,-48.0
1776885543.337103,3.0,-3.0,-49.0
1776885543.3471026,2.0,0.0,-49.0
1776885543.3571026,0.0,-1.0,-43.0
1776885543.3671026,2.0,-3.0,-38.0
1776885543.3771029,1.0,0.0,-42.0
1776885543.3871028,1.0,1.0,-38.0
1776885543.3971028,2.0,-1.0,-31.0
1776885543.4071028,4.0,0.0,-27.0
1776885543.4171028,6.0,0.0,-36.0
1776885543.4271028,6.0,0.0,-35.0
1776885543.4371028,1.0,-1.0,-35.0
1776885543.4471028,-4.0,-1.0,-42.0
1776885543.4571028,1.0,0.0,-52.0
1776885543.4671028,0.0,1.0,-54.0
1776885543.4771028,-2.0,0.0,-53.0
1776885543.4871027,-5.0,0.0,-51.0
1776885543.4971027,-5.0,0.0,-47.0
1776885543.5071027,-5.0,-4.0,-46.0
1776885543.5171027,-3.0,0.0,-52.0
1776885543.5271027,-2.0,-1.0,-47.0
1776885543.5371027,-2.0,-3.0,-44.0
1776885543.5471027,0.0,-1.0,-47.0
1776885543.557103,0.0,0.0,-46.0
1776885543.567103,2.0,2.0,-44.0
1776885543.577103,6.0,4.0,-50.0
1776885543.587103,9.0,1.0,-50.0
1776885543.5971026,9.0,-2.0,-46.0
1776885543.6071026,10.0,0.0,-40.0
1776885543.6181028,11.0,1.0,-31.0
1776885543.6271029,5.0,0.0,-32.0
1776885543.6371028,6.0,0.0,-32.0
1776885543.6471028,4.0,-6.0,-33.0
1776885543.6571028,0.0,-7.0,-36.0
1776885543.6671028,-1.0,-6.0,-37.0
1776885543.6771028,-4.0,-6.0,-33.0
1776885543.6871028,-3.0,-2.0,-40.0
1776885543.6971028,-3.0,-5.0,-36.0
1776885543.7071028,-4.0,-5.0,-36.0
1776885543.7171028,-4.0,-5.0,-33.0
1776885543.7271028,-3.0,-3.0,-39.0
1776885543.7371027,0.0,1.0,-38.0
1776885543.7471027,-2.0,-2.0,-39.0
1776885543.7571027,-7.0,-5.0,-30.0
1776885543.7671027,-10.0,-3.0,-27.0
1776885543.7771027,-10.0,-2.0,-33.0
1776885543.7871027,-7.0,-6.0,-35.0
1776885543.7971027,-4.0,-3.0,-30.0
1776885543.807103,-3.0,-2.0,-36.0
1776885543.817103,0.0,-1.0,-43.0
1776885543.827103,-1.0,0.0,-40.0
1776885543.837103,0.0,-1.0,-36.0
1776885543.8471026,2.0,0.0,-30.0
1776885543.8571026,4.0,3.0,-39.0
1776885543.8671026,0.0,2.0,-45.0
1776885543.8771029,-4.0,2.0,-47.0
1776885543.8871028,2.0,0.0,-49.0
1776885543.8971028,3.0,0.0,-40.0
1776885543.9071028,5.0,-2.0,-39.0
1776885543.9171028,4.0,-3.0,-38.0
1776885543.9271028,2.0,-7.0,-35.0
1776885543.9371028,1.0,-6.0,-33.0
1776885543.9471028,1.0,-7.0,-39.0
1776885543.9571028,-2.0,-13.0,-42.0
1776885543.9681027,2.0,-11.0,-47.0
1776885543.9781027,3.0,-7.0,-44.0
1776885543.988103,-1.0,-3.0,-44.0
1776885543.998103,-1.0,-1.0,-35.0
1776885544.008103,-2.0,-1.0,-35.0
1776885544.0181026,-3.0,0.0,-33.0
1776885544.0281026,-3.0,4.0,-36.0
1776885544.0381026,-4.0,6.0,-32.0
1776885544.0481029,-7.0,6.0,-38.0
1776885544.0581028,-7.0,5.0,-34.0
1776885544.0681028,-3.0,2.0,-41.0
1776885544.0781028,-3.0,2.0,-44.0
1776885544.0881028,-1.0,0.0,-38.0
1776885544.0981028,5.0,-3.0,-40.0
1776885544.1081028,3.0,-3.0,-41.0
1776885544.1181028,0.0,-3.0,-40.0
1776885544.1281028,1.0,-4.0,-38.0
1776885544.1381028,2.0,-4.0,-38.0
1776885544.1481028,2.0,-4.0,-46.0
1776885544.1581028,3.0,-4.0,-46.0
1776885544.1681027,3.0,0.0,-42.0
1776885544.1781027,4.0,2.0,-38.0
1776885544.1881027,4.0,0.0,-34.0
1776885544.1981027,2.0,0.0,-29.0
1776885544.2081027,0.0,-2.0,-37.0
1776885544.2181027,2.0,0.0,-44.0
1776885544.2281027,1.0,0.0,-41.0
1776885544.238103,6.0,2.0,-40.0
1776885544.248103,2.0,1.0,-45.0
1776885544.258103,5.0,3.0,-48.0
1776885544.2681026,1.0,0.0,-45.0
1776885544.2781026,4.0,2.0,-49.0
1776885544.2881026,2.0,5.0,-49.0
1776885544.2981029,0.0,1.0,-46.0
1776885544.3081028,0.0,-2.0,-46.0
1776885544.3181028,-2.0,-1.0,-48.0
1776885544.3281028,-10.0,0.0,-53.0
1776885544.3381028,-9.0,0.0,-50.0
1776885544.3481028,-10.0,0.0,-56.0
1776885544.3581028,-9.0,0.0,-56.0
1776885544.3681028,-5.0,-5.0,-53.0
1776885544.3781028,0.0,-5.0,-52.0
1776885544.3881028,2.0,-2.0,-47.0
1776885544.3981028,3.0,0.0,-44.0
1776885544.4081028,2.0,0.0,-41.0
1776885544.4181027,2.0,0.0,-42.0
1776885544.4281027,0.0,0.0,-47.0
1776885544.4381027,3.0,-1.0,-46.0
1776885544.4481027,6.0,-1.0,-51.0
1776885544.4581027,1.0,-4.0,-48.0
1776885544.4681027,1.0,-3.0,-44.0
1776885544.4781027,0.0,0.0,-43.0
1776885544.488103,-4.0,1.0,-35.0
1776885544.498103,-2.0,-1.0,-40.0
1776885544.508103,2.0,1.0,-40.0
1776885544.5181026,1.0,1.0,-39.0
1776885544.5281026,0.0,3.0,-45.0
1776885544.5381026,-1.0,3.0,-44.0
1776885544.5481029,-3.0,3.0,-38.0
1776885544.5581028,-3.0,4.0,-43.0
1776885544.5681028,-1.0,6.0,-48.0
1776885544.5781028,-2.0,1.0,-53.0
1776885544.5881028,-3.0,0.0,-51.0
1776885544.5981028,-8.0,0.0,-46.0
1776885544.6081028,-5.0,0.0,-46.0
1776885544.6181028,-1.0,2.0,-50.0
1776885544.6281028,-4.0,0.0,-49.0
1776885544.6381028,0.0,3.0,-48.0
1776885544.6481028,0.0,3.0,-44.0
1776885544.6581028,0.0,0.0,-38.0
1776885544.6681027,-2.0,-3.0,-35.0
1776885544.6781027,-5.0,-4.0,-37.0
1776885544.6881027,-1.0,-3.0,-43.0
1776885544.6981027,3.0,-3.0,-42.0
1776885544.7081027,6.0,-2.0,-46.0
1776885544.7181027,7.0,-5.0,-47.0
1776885544.7281027,9.0,-6.0,-41.0
1776885544.738103,6.0,-10.0,-51.0
1776885544.748103,2.0,-6.0,-51.0
1776885544.758103,1.0,-3.0,-55.0
1776885544.7681026,0.0,0.0,-47.0
1776885544.7781026,0.0,-1.0,-45.0
1776885544.7881026,2.0,-2.0,-45.0
1776885544.7981029,0.0,-6.0,-45.0
1776885544.8081028,-2.0,-3.0,-47.0
1776885544.8181028,0.0,0.0,-43.0
1776885544.8281028,0.0,0.0,-46.0
1776885544.8381028,2.0,-3.0,-46.0
1776885544.8481028,2.0,-1.0,-43.0
1776885544.8581028,0.0,-3.0,-43.0
1776885544.8681028,0.0,-8.0,-46.0
1776885544.8781028,1.0,-5.0,-47.0
1776885544.8881028,-2.0,-2.0,-50.0
1776885544.8981028,0.0,-2.0,-49.0
1776885544.9081028,4.0,-6.0,-44.0
1776885544.9181027,1.0,-6.0,-44.0
1776885544.9281027,3.0,-5.0,-43.0
1776885544.9381027,0.0,-6.0,-40.0
1776885544.9481027,0.0,-9.0,-43.0
1776885544.9581027,2.0,-11.0,-39.0
1776885544.9681027,0.0,-10.0,-43.0
1776885544.9781027,0.0,-9.0,-35.0
1776885544.988103,-1.0,-4.0,-35.0
1776885544.998103,-2.0,-7.0,-36.0
1776885545.008103,-1.0,-6.0,-33.0
1776885545.0181026,0.0,-6.0,-30.0
1776885545.0281026,-1.0,-10.0,-32.0
1776885545.0381026,-2.0,-9.0,-35.0
1776885545.0481029,-3.0,-2.0,-36.0
1776885545.0581028,-1.0,-1.0,-40.0
1776885545.0681028,-3.0,1.0,-41.0
1776885545.0781028,-2.0,0.0,-41.0
1776885545.0881028,-2.0,2.0,-44.0
1776885545.0981028,1.0,1.0,-44.0
1776885545.1081028,1.0,1.0,-43.0
1776885545.1181028,0.0,-3.0,-46.0
1776885545.1281028,-1.0,-7.0,-48.0
1776885545.1381028,0.0,-9.0,-39.0
1776885545.1481028,0.0,-11.0,-38.0
1776885545.1581028,0.0,-9.0,-32.0
1776885545.1681027,1.0,-7.0,-37.0
1776885545.1781027,2.0,-4.0,-42.0
1776885545.1881027,4.0,0.0,-40.0
1776885545.1981027,0.0,1.0,-39.0
1776885545.2081027,-2.0,2.0,-41.0
1776885545.2181027,-2.0,1.0,-40.0
1776885545.2281027,-2.0,-1.0,-34.0
1776885545.238103,0.0,-4.0,-40.0
1776885545.248103,1.0,-7.0,-43.0
1776885545.258103,2.0,-8.0,-34.0
1776885545.2681026,0.0,-9.0,-28.0
1776885545.2781026,0.0,-8.0,-28.0
1776885545.2881026,0.0,-7.0,-28.0
1776885545.2981029,0.0,-5.0,-35.0
1776885545.3081028,0.0,-6.0,-39.0
1776885545.3181028,-1.0,-5.0,-44.0
1776885545.3281028,1.0,-4.0,-42.0
1776885545.3381028,2.0,-1.0,-39.0
1776885545.3481028,2.0,-3.0,-36.0
1776885545.3581028,1.0,-6.0,-41.0
1776885545.3681028,5.0,-4.0,-43.0
1776885545.3781028,0.0,0.0,-37.0
1776885545.3881028,-1.0,2.0,-35.0
1776885545.3981028,-4.0,5.0,-36.0
1776885545.4081028,-2.0,5.0,-43.0
1776885545.4181027,0.0,3.0,-48.0
1776885545.4281027,1.0,0.0,-41.0
1776885545.4381027,4.0,-1.0,-40.0
1776885545.4481027,3.0,-1.0,-39.0
1776885545.4581027,6.0,0.0,-38.0
1776885545.4681027,5.0,0.0,-41.0
1776885545.4781027,2.0,-1.0,-38.0
1776885545.488103,2.0,-1.0,-31.0
1776885545.498103,0.0,-5.0,-48.0
1776885545.508103,1.0,-6.0,-42.0
1776885545.5181026,0.0,-3.0,-39.0
1776885545.5281026,0.0,-1.0,-43.0
1776885545.5381026,6.0,0.0,-51.0
1776885545.5481029,4.0,0.0,-53.0
1776885545.5581028,4.0,4.0,-53.0
1776885545.5681028,1.0,4.0,-49.0
1776885545.5781028,0.0,7.0,-50.0
1776885545.5881028,1.0,4.0,-52.0
1776885545.5981028,3.0,3.0,-51.0
1776885545.6081028,-2.0,1.0,-48.0
1776885545.6181028,-2.0,-3.0,-47.0
1776885545.6281028,0.0,-5.0,-51.0
1776885545.6381028,-2.0,-3.0,-57.0
1776885545.6481028,-1.0,0.0,-63.0
1776885545.6581028,-2.0,1.0,-57.0
1776885545.6681027,0.0,-1.0,-52.0
1776885545.6781027,6.0,-2.0,-51.0
1776885545.6881027,7.0,0.0,-46.0
1776885545.6981027,3.0,2.0,-48.0
1776885545.7081027,5.0,7.0,-43.0
1776885545.7181027,3.0,5.0,-44.0
1776885545.7281027,3.0,1.0,-49.0
1776885545.738103,1.0,-2.0,-50.0
1776885545.748103,0.0,-4.0,-56.0
1776885545.758103,3.0,-7.0,-57.0
1776885545.7681026,2.0,-1.0,-51.0
1776885545.7781026,0.0,1.0,-45.0
1776885545.7881026,0.0,2.0,-40.0
1776885545.7981029,0.0,2.0,-41.0
1776885545.8081028,1.0,2.0,-41.0
1776885545.8181028,-1.0,1.0,-36.0
1776885545.8281028,-4.0,0.0,-40.0
1776885545.8381028,-4.0,-1.0,-39.0
1776885545.8481028,-3.0,-3.0,-44.0
1776885545.8581028,-4.0,-1.0,-43.0
1776885545.8681028,-2.0,-6.0,-45.0
1776885545.8781028,2.0,-9.0,-45.0
1776885545.8881028,3.0,-3.0,-47.0
1776885545.8981028,2.0,0.0,-56.0
1776885545.9081028,0.0,0.0,-52.0
1776885545.9181027,2.0,-2.0,-50.0
1776885545.9281027,2.0,3.0,-48.0
1776885545.9381027,1.0,0.0,-43.0
1776885545.9481027,1.0,-2.0,-42.0
1776885545.9581027,1.0,-4.0,-55.0
1776885545.9691026,0.0,0.0,-50.0
1776885545.9781027,0.0,0.0,-46.0
1776885545.9891028,0.0,-1.0,-45.0
1776885545.9991028,3.0,-2.0,-46.0
1776885546.0091028,3.0,-5.0,-50.0
1776885546.0191028,6.0,-1.0,-49.0
1776885546.0291028,5.0,0.0,-50.0
1776885546.0391028,5.0,2.0,-46.0
1776885546.0491028,5.0,-2.0,-46.0
1776885546.0591028,5.0,-2.0,-46.0
1776885546.0691028,3.0,-1.0,-47.0
1776885546.0791028,1.0,-3.0,-44.0
1776885546.0891027,0.0,-4.0,-43.0
1776885546.0991027,-2.0,-2.0,-48.0
1776885546.1091027,-1.0,4.0,-48.0
1776885546.1191027,-3.0,3.0,-46.0
1776885546.1291027,-1.0,2.0,-41.0
1776885546.1391027,-2.0,-1.0,-45.0
1776885546.1491027,0.0,-4.0,-50.0
1776885546.159103,0.0,-3.0,-50.0
1776885546.169103,-5.0,-3.0,-48.0
1776885546.179103,-8.0,0.0,-52.0
1776885546.1891026,-10.0,-2.0,-49.0
1776885546.1991026,-11.0,1.0,-51.0
1776885546.2091026,-7.0,-5.0,-51.0
1776885546.2191026,-6.0,-4.0,-47.0
1776885546.2291028,0.0,-2.0,-51.0
1776885546.2391028,-1.0,0.0,-52.0
1776885546.2491028,0.0,-1.0,-45.0
1776885546.2591028,3.0,-1.0,-51.0
1776885546.2691028,6.0,-2.0,-48.0
1776885546.2791028,1.0,2.0,-47.0
1776885546.2891028,-2.0,2.0,-49.0
1776885546.2991028,1.0,2.0,-48.0
1776885546.3091028,1.0,-3.0,-49.0
1776885546.3191028,0.0,-1.0,-50.0
1776885546.3291028,1.0,-2.0,-50.0
1776885546.3391027,4.0,-2.0,-47.0
1776885546.3491027,2.0,-7.0,-42.0
1776885546.3591027,1.0,-6.0,-42.0
1776885546.3691027,4.0,-9.0,-44.0
1776885546.3791027,3.0,-8.0,-42.0
1776885546.3891027,3.0,-5.0,-40.0
1776885546.3991027,1.0,-1.0,-34.0
1776885546.409103,2.0,0.0,-42.0
1776885546.419103,4.0,-1.0,-43.0
1776885546.429103,4.0,-1.0,-50.0
1776885546.4391026,2.0,1.0,-56.0
1776885546.4491026,0.0,0.0,-55.0
1776885546.4591026,-4.0,2.0,-47.0
1776885546.4691026,0.0,-2.0,-43.0
1776885546.4791028,3.0,-7.0,-40.0
1776885546.4891028,2.0,-5.0,-39.0
1776885546.4991028,5.0,-1.0,-41.0
1776885546.5091028,5.0,-1.0,-43.0
1776885546.5191028,0.0,-2.0,-43.0
1776885546.5291028,2.0,-1.0,-40.0
1776885546.5391028,-4.0,-4.0,-39.0
1776885546.5491028,-3.0,-3.0,-41.0
1776885546.5591028,2.0,-2.0,-43.0
1776885546.5691028,1.0,0.0,-45.0
1776885546.5791028,3.0,0.0,-47.0
1776885546.5891027,5.0,-3.0,-49.0
1776885546.5991027,6.0,-11.0,-54.0
1776885546.6091027,2.0,-5.0,-47.0
1776885546.6191027,4.0,-8.0,-50.0
1776885546.6291027,5.0,-6.0,-43.0
1776885546.6391027,3.0,-4.0,-45.0
1776885546.6491027,3.0,-5.0,-47.0
1776885546.659103,6.0,-1.0,-43.0
1776885546.669103,6.0,0.0,-43.0
1776885546.679103,4.0,2.0,-46.0
1776885546.6891026,2.0,-1.0,-41.0
1776885546.6991026,0.0,-1.0,-42.0
1776885546.7091026,1.0,-3.0,-44.0
1776885546.7191026,1.0,-2.0,-37.0
1776885546.7291028,3.0,1.0,-40.0
1776885546.7391028,-1.0,2.0,-44.0
1776885546.7491028,0.0,-2.0,-48.0
1776885546.7591028,3.0,-5.0,-41.0
1776885546.7691028,3.0,-6.0,-37.0
1776885546.7791028,5.0,-6.0,-39.0
1776885546.7891028,3.0,-3.0,-42.0
1776885546.7991028,-1.0,-2.0,-44.0
1776885546.8091028,0.0,2.0,-40.0
1776885546.8191028,0.0,3.0,-33.0
1776885546.8291028,3.0,1.0,-33.0
1776885546.8391027,1.0,3.0,-36.0
1776885546.8491027,3.0,1.0,-34.0
1776885546.8591027,2.0,0.0,-34.0
1776885546.8691027,4.0,2.0,-31.0
1776885546.8791027,3.0,2.0,-31.0
1776885546.8891027,3.0,1.0,-36.0
1776885546.8991027,0.0,2.0,-31.0
1776885546.909103,0.0,1.0,-34.0
1776885546.919103,-4.0,2.0,-29.0
1776885546.929103,-4.0,0.0,-29.0
1776885546.9391026,-3.0,-1.0,-36.0
1776885546.9491026,-1.0,1.0,-37.0
1776885546.9591026,1.0,0.0,-36.0
1776885546.9691026,2.0,0.0,-38.0
1776885546.9791028,1.0,0.0,-35.0
1776885546.9891028,1.0,-4.0,-33.0
1776885546.9991028,8.0,-5.0,-35.0
1776885547.0091028,11.0,-12.0,-44.0
1776885547.0191028,7.0,-9.0,-45.0
1776885547.0291028,5.0,-10.0,-45.0
1776885547.0391028,4.0,-9.0,-44.0
1776885547.0491028,1.0,-5.0,-42.0
1776885547.0591028,0.0,-3.0,-48.0
1776885547.0691028,-1.0,-2.0,-51.0
1776885547.0791028,-5.0,0.0,-49.0
1776885547.0891027,-4.0,3.0,-47.0
1776885547.0991027,-1.0,5.0,-45.0
1776885547.1091027,2.0,3.0,-46.0
1776885547.1191027,0.0,0.0,-42.0
1776885547.1291027,0.0,-2.0,-39.0
1776885547.1391027,1.0,-3.0,-41.0
1776885547.1491027,3.0,-2.0,-52.0
1776885547.159103,2.0,-3.0,-51.0
1776885547.169103,3.0,-3.0,-46.0
1776885547.179103,1.0,-3.0,-49.0
1776885547.1891026,2.0,-4.0,-47.0
1776885547.1991026,2.0,0.0,-40.0
1776885547.2091026,2.0,-3.0,-39.0
1776885547.2191026,3.0,-1.0,-38.0
1776885547.2291028,-1.0,-2.0,-40.0
1776885547.2391028,-5.0,-4.0,-35.0
1776885547.2491028,-2.0,-6.0,-41.0
1776885547.2591028,-2.0,-4.0,-41.0
1776885547.2691028,0.0,-1.0,-42.0
1776885547.2791028,-1.0,-2.0,-41.0
1776885547.2891028,0.0,0.0,-40.0
1776885547.2991028,1.0,-3.0,-37.0
1776885547.3091028,0.0,0.0,-44.0
1776885547.3191028,1.0,0.0,-52.0
1776885547.3291028,0.0,-1.0,-54.0
1776885547.3391027,5.0,-4.0,-47.0
1776885547.3491027,0.0,0.0,-39.0
1776885547.3591027,-1.0,2.0,-37.0
1776885547.3691027,0.0,1.0,-34.0
1776885547.3791027,0.0,2.0,-37.0
1776885547.3891027,-1.0,-1.0,-41.0
1776885547.3991027,-3.0,-1.0,-42.0
1776885547.409103,-2.0,2.0,-46.0
1776885547.419103,-3.0,3.0,-43.0
1776885547.429103,4.0,2.0,-38.0
1776885547.4391026,7.0,0.0,-42.0
1776885547.4491026,7.0,0.0,-46.0
1776885547.4591026,3.0,1.0,-45.0
1776885547.4691026,0.0,1.0,-43.0
1776885547.4791028,3.0,0.0,-44.0
1776885547.4891028,0.0,-2.0,-45.0
1776885547.4991028,4.0,-3.0,-42.0
1776885547.5091028,6.0,-3.0,-37.0
1776885547.5191028,9.0,0.0,-35.0
1776885547.5291028,8.0,0.0,-40.0
1776885547.5391028,2.0,-4.0,-45.0
1776885547.5491028,0.0,-5.0,-45.0
1776885547.5591028,0.0,-5.0,-44.0
1776885547.5691028,0.0,-3.0,-36.0
1776885547.5791028,-2.0,-2.0,-30.0
1776885547.5891027,-1.0,-2.0,-32.0
1776885547.5991027,3.0,3.0,-32.0
1776885547.6091027,0.0,3.0,-40.0
1776885547.6191027,2.0,4.0,-35.0
1776885547.6291027,1.0,-2.0,-42.0
1776885547.6391027,6.0,-4.0,-38.0
1776885547.6491027,4.0,-4.0,-39.0
1776885547.659103,3.0,0.0,-43.0
1776885547.669103,3.0,1.0,-45.0
1776885547.679103,1.0,0.0,-47.0
1776885547.6891026,2.0,1.0,-50.0
1776885547.6991026,0.0,2.0,-51.0
1776885547.7091026,3.0,1.0,-45.0
1776885547.7191026,4.0,0.0,-40.0
1776885547.7291028,4.0,-2.0,-45.0
1776885547.7391028,0.0,0.0,-46.0
1776885547.7491028,-2.0,-1.0,-48.0
1776885547.7591028,-2.0,-2.0,-44.0
1776885547.7691028,-1.0,-2.0,-48.0
1776885547.7791028,1.0,-1.0,-51.0
1776885547.7891028,-1.0,1.0,-51.0
1776885547.7991028,0.0,-2.0,-50.0
1776885547.8091028,-1.0,-3.0,-47.0
1776885547.8191028,0.0,-3.0,-45.0
1776885547.8291028,0.0,-2.0,-50.0
1776885547.8391027,4.0,-4.0,-48.0
1776885547.8491027,3.0,-3.0,-50.0
1776885547.8591027,0.0,-1.0,-48.0
1776885547.8691027,0.0,0.0,-42.0
1776885547.8791027,0.0,0.0,-40.0
1776885547.8891027,3.0,2.0,-43.0
1776885547.8991027,5.0,0.0,-43.0
1776885547.909103,6.0,-1.0,-46.0
1776885547.919103,9.0,-2.0,-45.0
1776885547.929103,8.0,-1.0,-44.0
1776885547.9391026,8.0,0.0,-47.0
1776885547.9501028,9.0,-2.0,-41.0
1776885547.9601028,6.0,-2.0,-41.0
1776885547.9701028,3.0,-1.0,-41.0
1776885547.9801028,4.0,0.0,-40.0
1776885547.9901028,1.0,-2.0,-38.0
1776885548.0001028,0.0,-4.0,-33.0
1776885548.0101027,0.0,-4.0,-41.0
1776885548.0201027,3.0,-1.0,-48.0
1776885548.0301027,3.0,0.0,-43.0
1776885548.0401027,3.0,2.0,-37.0
1776885548.0501027,5.0,0.0,-41.0
1776885548.0601027,3.0,-1.0,-41.0
1776885548.0701027,2.0,0.0,-41.0
1776885548.0801027,9.0,-2.0,-39.0
1776885548.090103,12.0,-5.0,-36.0
1776885548.100103,6.0,-6.0,-36.0
1776885548.110103,4.0,-4.0,-43.0
1776885548.1201026,7.0,-4.0,-42.0
1776885548.1301026,6.0,-4.0,-42.0
1776885548.1401026,5.0,-6.0,-50.0
1776885548.1501029,3.0,-4.0,-48.0
1776885548.1601028,3.0,-2.0,-52.0
1776885548.1701028,2.0,-7.0,-51.0
1776885548.1801028,2.0,-10.0,-44.0
1776885548.1901028,3.0,-6.0,-44.0
1776885548.2001028,3.0,-7.0,-42.0
1776885548.2101028,3.0,-7.0,-38.0
1776885548.2201028,5.0,-4.0,-28.0
1776885548.2301028,5.0,-5.0,-35.0
1776885548.2401028,3.0,-6.0,-32.0
1776885548.2501028,-3.0,-7.0,-25.0
1776885548.2601027,-3.0,-6.0,-30.0
1776885548.271103,-5.0,-2.0,-32.0
1776885548.2801027,-5.0,-2.0,-40.0
1776885548.2901027,-2.0,-2.0,-38.0
1776885548.3001027,-1.0,-1.0,-44.0
1776885548.3101027,0.0,-1.0,-49.0
1776885548.3201027,-4.0,0.0,-49.0
1776885548.3301027,-4.0,-2.0,-51.0
1776885548.340103,-6.0,-2.0,-49.0
1776885548.350103,-10.0,0.0,-51.0
1776885548.360103,-7.0,0.0,-57.0
1776885548.3701026,-1.0,0.0,-51.0
1776885548.3801026,-2.0,-1.0,-48.0
1776885548.3901026,-4.0,3.0,-42.0
1776885548.4001029,-2.0,1.0,-44.0
1776885548.4101028,-3.0,-3.0,-44.0
1776885548.4201028,0.0,-5.0,-44.0
1776885548.4311028,-1.0,-5.0,-40.0
1776885548.4401028,2.0,-2.0,-39.0
1776885548.4501028,1.0,-2.0,-41.0
1776885548.4601028,3.0,-3.0,-44.0
1776885548.4701028,4.0,0.0,-44.0
1776885548.4801028,1.0,-2.0,-46.0
1776885548.4901028,0.0,0.0,-49.0
1776885548.5001028,-1.0,-3.0,-42.0
1776885548.5101027,-3.0,-5.0,-43.0
1776885548.5201027,2.0,-6.0,-45.0
1776885548.5301027,0.0,-2.0,-40.0
1776885548.5401027,1.0,-2.0,-37.0
1776885548.5501027,4.0,-3.0,-39.0
1776885548.5601027,6.0,-5.0,-41.0
1776885548.5701027,2.0,-10.0,-50.0
1776885548.5801027,1.0,-11.0,-53.0
1776885548.590103,3.0,-5.0,-53.0
1776885548.600103,3.0,0.0,-50.0
1776885548.610103,6.0,-1.0,-46.0
1776885548.6201026,4.0,0.0,-44.0
1776885548.6301026,3.0,0.0,-46.0
1776885548.6401026,1.0,-1.0,-38.0
1776885548.6501029,1.0,-3.0,-44.0
1776885548.6601028,2.0,-3.0,-45.0
1776885548.6701028,2.0,-4.0,-45.0
1776885548.6801028,-1.0,-5.0,-48.0
1776885548.6901028,-3.0,-3.0,-52.0
1776885548.7001028,-2.0,-1.0,-56.0
1776885548.7101028,3.0,1.0,-53.0
1776885548.7201028,7.0,0.0,-62.0
1776885548.7301028,-1.0,-2.0,-64.0
1776885548.7401028,0.0,-3.0,-56.0
1776885548.7501028,6.0,-2.0,-48.0
1776885548.7601027,7.0,-2.0,-46.0
1776885548.7701027,6.0,-4.0,-39.0
1776885548.7801027,7.0,-7.0,-40.0
1776885548.7901027,6.0,-5.0,-34.0
1776885548.8001027,3.0,0.0,-38.0
1776885548.8101027,8.0,-2.0,-35.0
1776885548.8201027,15.0,0.0,-41.0
1776885548.8301027,13.0,-4.0,-38.0
1776885548.840103,12.0,0.0,-33.0
1776885548.850103,6.0,0.0,-42.0
1776885548.860103,4.0,-1.0,-48.0
1776885548.8701026,4.0,-2.0,-50.0
1776885548.8801026,0.0,-4.0,-47.0
1776885548.8901026,0.0,-4.0,-44.0
1776885548.9001029,1.0,2.0,-50.0
1776885548.9101028,6.0,0.0,-52.0
1776885548.9201028,1.0,4.0,-42.0
1776885548.9301028,0.0,2.0,-41.0
1776885548.9401028,-1.0,1.0,-44.0
1776885548.9501028,0.0,4.0,-49.0
1776885548.9601028,-2.0,4.0,-47.0
1776885548.9701028,2.0,1.0,-49.0
1776885548.9801028,1.0,1.0,-46.0
1776885548.9901028,0.0,4.0,-42.0
1776885549.0001028,0.0,5.0,-46.0
1776885549.0101027,-1.0,4.0,-47.0
1776885549.0201027,0.0,0.0,-42.0
1776885549.0301027,3.0,-2.0,-42.0
1776885549.0401027,3.0,1.0,-45.0
1776885549.0501027,1.0,2.0,-36.0
1776885549.0601027,0.0,-1.0,-32.0
1776885549.0701027,0.0,-1.0,-36.0
1776885549.0801027,1.0,-2.0,-27.0
1776885549.090103,-3.0,0.0,-30.0
1776885549.100103,0.0,0.0,-37.0
1776885549.110103,2.0,-2.0,-40.0
1776885549.1201026,0.0,-4.0,-50.0
1776885549.1301026,-1.0,-3.0,-48.0
1776885549.1401026,-5.0,-3.0,-36.0
1776885549.1501029,-3.0,-2.0,-32.0
1776885549.1601028,-1.0,-2.0,-39.0
1776885549.1701028,0.0,-1.0,-44.0
1776885549.1801028,0.0,0.0,-45.0
1776885549.1901028,-3.0,2.0,-43.0
1776885549.2001028,-4.0,0.0,-43.0
1776885549.2101028,-3.0,-5.0,-47.0
1776885549.2201028,-1.0,-6.0,-52.0
1776885549.2301028,3.0,-6.0,-54.0
1776885549.2401028,2.0,-6.0,-54.0
1776885549.2501028,0.0,-3.0,-51.0
1776885549.2601027,-1.0,0.0,-47.0
1776885549.2701027,0.0,-1.0,-46.0
1776885549.2801027,1.0,-1.0,-45.0
1776885549.2901027,1.0,0.0,-49.0
1776885549.3001027,0.0,0.0,-55.0
1776885549.3101027,2.0,0.0,-53.0
1776885549.3201027,9.0,1.0,-54.0
1776885549.3301027,12.0,1.0,-58.0
1776885549.340103,10.0,0.0,-53.0
1776885549.350103,9.0,2.0,-50.0
1776885549.360103,8.0,0.0,-48.0
1776885549.3701026,7.0,-3.0,-47.0
1776885549.3801026,9.0,-3.0,-46.0
1776885549.3901026,11.0,-2.0,-39.0
1776885549.4001029,6.0,-5.0,-45.0
1776885549.4101028,6.0,-4.0,-44.0
1776885549.4201028,4.0,-6.0,-33.0
1776885549.4301028,4.0,-10.0,-37.0
1776885549.4401028,0.0,-9.0,-43.0
1776885549.4501028,-3.0,-8.0,-41.0
1776885549.4601028,-5.0,-9.0,-43.0
1776885549.4701028,0.0,-6.0,-47.0
1776885549.4801028,0.0,-2.0,-47.0
1776885549.4901028,-1.0,-2.0,-52.0
1776885549.5001028,0.0,-6.0,-58.0
1776885549.5101027,0.0,-7.0,-54.0
1776885549.5201027,2.0,-5.0,-49.0
1776885549.5301027,0.0,-1.0,-49.0
1776885549.5401027,-4.0,-1.0,-46.0
1776885549.5501027,-8.0,-2.0,-42.0
1776885549.5601027,-10.0,-1.0,-47.0
1776885549.5701027,-5.0,-1.0,-45.0
1776885549.5801027,-4.0,1.0,-47.0
1776885549.590103,-3.0,0.0,-44.0
1776885549.600103,1.0,0.0,-42.0
1776885549.610103,1.0,0.0,-41.0
1776885549.6201026,-2.0,-1.0,-44.0
1776885549.6301026,-3.0,0.0,-47.0
1776885549.6401026,2.0,0.0,-48.0
1776885549.6501029,2.0,1.0,-50.0
1776885549.6601028,-1.0,4.0,-49.0
1776885549.6701028,-3.0,3.0,-58.0
1776885549.6801028,-2.0,2.0,-50.0
1776885549.6901028,1.0,-1.0,-48.0
1776885549.7001028,2.0,-5.0,-47.0
1776885549.7101028,6.0,-3.0,-49.0
1776885549.7201028,8.0,-2.0,-48.0
1776885549.7301028,10.0,0.0,-44.0
1776885549.7401028,10.0,-3.0,-40.0
1776885549.7501028,10.0,-4.0,-38.0
1776885549.7601027,10.0,-6.0,-38.0
1776885549.7701027,6.0,-4.0,-47.0
1776885549.7801027,5.0,-6.0,-48.0
1776885549.7901027,3.0,-9.0,-45.0
1776885549.8001027,4.0,-4.0,-42.0
1776885549.8101027,8.0,0.0,-41.0
1776885549.8201027,11.0,1.0,-45.0
1776885549.8301027,8.0,-2.0,-43.0
1776885549.840103,4.0,-3.0,-44.0
1776885549.850103,3.0,-4.0,-42.0
1776885549.860103,4.0,-1.0,-49.0
1776885549.8701026,0.0,0.0,-49.0
1776885549.8801026,3.0,4.0,-54.0
1776885549.8901026,4.0,5.0,-52.0
1776885549.9001029,3.0,3.0,-46.0
1776885549.9101028,-1.0,2.0,-39.0
1776885549.9201028,-1.0,3.0,-40.0
1776885549.9301028,1.0,3.0,-35.0
1776885549.9401028,-1.0,1.0,-37.0
1776885549.9501028,-2.0,0.0,-32.0
1776885549.9611027,-1.0,0.0,-36.0
1776885549.9711027,0.0,0.0,-36.0
1776885549.9811027,0.0,-2.0,-34.0
1776885549.9911027,0.0,0.0,-36.0
1776885550.0001028,0.0,-1.0,-42.0
1776885550.011103,0.0,0.0,-49.0
1776885550.021103,0.0,-4.0,-45.0
1776885550.031103,1.0,-4.0,-43.0
1776885550.0411026,4.0,-3.0,-38.0
1776885550.0501027,0.0,-3.0,-35.0
1776885550.0611026,0.0,-6.0,-38.0
1776885550.0711029,3.0,-4.0,-38.0
1776885550.0811028,0.0,-2.0,-38.0
1776885550.0911028,4.0,0.0,-35.0
1776885550.1011028,0.0,2.0,-40.0
1776885550.1111028,-5.0,1.0,-44.0
1776885550.1211028,-4.0,2.0,-45.0
1776885550.1311028,-5.0,5.0,-43.0
1776885550.1411028,-1.0,6.0,-41.0
1776885550.1511028,-2.0,4.0,-45.0
1776885550.1611028,-4.0,0.0,-45.0
1776885550.1711028,-2.0,1.0,-44.0
1776885550.1811028,-2.0,1.0,-43.0
1776885550.1911027,-1.0,2.0,-50.0
1776885550.2011027,2.0,2.0,-53.0
1776885550.2111027,0.0,5.0,-47.0
1776885550.2211027,0.0,6.0,-43.0
1776885550.2311027,0.0,8.0,-49.0
1776885550.2411027,0.0,7.0,-46.0
1776885550.2511027,-1.0,5.0,-46.0
1776885550.261103,-2.0,2.0,-48.0
1776885550.271103,-2.0,0.0,-48.0
1776885550.281103,0.0,0.0,-48.0
1776885550.2911026,2.0,2.0,-51.0
1776885550.3011026,0.0,1.0,-46.0
1776885550.3111026,-2.0,3.0,-47.0
1776885550.3211029,1.0,3.0,-51.0
1776885550.3311028,2.0,0.0,-48.0
1776885550.3411028,4.0,0.0,-44.0
1776885550.3511028,3.0,-4.0,-44.0
1776885550.3611028,1.0,-7.0,-42.0
1776885550.3711028,-2.0,-5.0,-44.0
1776885550.3811028,-6.0,-4.0,-48.0
1776885550.3911028,-4.0,-6.0,-40.0
1776885550.4011028,-2.0,-1.0,-44.0
1776885550.4111028,2.0,1.0,-43.0
1776885550.4211028,2.0,-1.0,-44.0
1776885550.4311028,0.0,-3.0,-44.0
1776885550.4411027,-2.0,-4.0,-43.0
1776885550.4511027,-1.0,-3.0,-37.0
1776885550.4611027,-1.0,-4.0,-34.0
1776885550.4711027,-4.0,-1.0,-45.0
1776885550.4811027,-7.0,0.0,-48.0
1776885550.4911027,0.0,0.0,-47.0
1776885550.5011027,2.0,-1.0,-44.0
1776885550.511103,0.0,-2.0,-47.0
1776885550.521103,4.0,0.0,-54.0
1776885550.531103,4.0,-1.0,-57.0
1776885550.5411026,1.0,-4.0,-61.0
1776885550.5511026,2.0,-7.0,-57.0
1776885550.5611026,0.0,-5.0,-60.0
1776885550.5711029,1.0,-7.0,-55.0
1776885550.5811028,0.0,-10.0,-50.0
1776885550.5911028,3.0,-6.0,-51.0
1776885550.6011028,3.0,-4.0,-57.0
1776885550.6111028,-2.0,-6.0,-57.0
1776885550.6211028,1.0,-1.0,-56.0
1776885550.6311028,2.0,-3.0,-50.0
1776885550.6411028,3.0,-6.0,-49.0
1776885550.6511028,0.0,-4.0,-54.0
1776885550.6611028,-1.0,-3.0,-58.0
1776885550.6711028,-3.0,-4.0,-56.0
1776885550.6811028,-2.0,-3.0,-56.0
1776885550.6911027,-9.0,0.0,-55.0
1776885550.7011027,-9.0,2.0,-57.0
1776885550.7111027,-6.0,1.0,-58.0
1776885550.7211027,-5.0,4.0,-51.0
1776885550.7311027,-4.0,7.0,-44.0
1776885550.7411027,-6.0,4.0,-49.0
1776885550.7511027,-2.0,3.0,-46.0
1776885550.761103,-4.0,2.0,-41.0
1776885550.771103,-2.0,3.0,-38.0
1776885550.781103,-4.0,3.0,-38.0
1776885550.7911026,-5.0,2.0,-36.0
1776885550.8011026,-4.0,0.0,-43.0
1776885550.8111026,1.0,1.0,-43.0
1776885550.8211029,1.0,-1.0,-43.0
1776885550.8311028,-1.0,1.0,-46.0
1776885550.8411028,-7.0,0.0,-43.0
1776885550.8511028,-5.0,0.0,-47.0
1776885550.8611028,-9.0,-3.0,-49.0
1776885550.8711028,-8.0,-6.0,-48.0
1776885550.8811028,-3.0,-6.0,-41.0
1776885550.8911028,-3.0,-2.0,-37.0
1776885550.9011028,-2.0,-3.0,-39.0
1776885550.9111028,1.0,-3.0,-38.0
1776885550.9211028,4.0,-3.0,-45.0
1776885550.9311028,3.0,-3.0,-53.0
1776885550.9411027,3.0,-4.0,-49.0
1776885550.9511027,1.0,-1.0,-48.0
1776885550.9611027,5.0,1.0,-50.0
1776885550.9711027,5.0,0.0,-50.0
1776885550.9811027,4.0,1.0,-48.0
1776885550.9911027,-1.0,1.0,-51.0
1776885551.0011027,0.0,1.0,-49.0
1776885551.011103,0.0,-2.0,-52.0
1776885551.021103,6.0,-2.0,-50.0
1776885551.031103,7.0,-8.0,-53.0
1776885551.0411026,3.0,-5.0,-45.0
1776885551.0511026,7.0,0.0,-49.0
1776885551.0611026,3.0,-1.0,-47.0
1776885551.0711029,1.0,0.0,-46.0
1776885551.0811028,-3.0,4.0,-40.0
1776885551.0911028,-1.0,3.0,-38.0
1776885551.1011028,1.0,-1.0,-42.0
1776885551.1111028,2.0,-2.0,-36.0
1776885551.1211028,5.0,1.0,-36.0
1776885551.1311028,5.0,4.0,-46.0
1776885551.1411028,4.0,6.0,-46.0
1776885551.1511028,2.0,5.0,-48.0
1776885551.1611028,-3.0,4.0,-51.0
1776885551.1711028,-3.0,-1.0,-48.0
1776885551.1811028,-3.0,-4.0,-43.0
1776885551.1911027,0.0,-6.0,-46.0
1776885551.2011027,-1.0,-8.0,-37.0
1776885551.2111027,1.0,-8.0,-39.0
1776885551.2211027,2.0,-11.0,-40.0
1776885551.2311027,4.0,-7.0,-40.0
1776885551.2411027,6.0,-3.0,-39.0
1776885551.2511027,3.0,1.0,-39.0
1776885551.261103,3.0,-4.0,-43.0
1776885551.271103,2.0,-4.0,-41.0
1776885551.281103,0.0,-4.0,-45.0
1776885551.2911026,-1.0,-6.0,-47.0
1776885551.3011026,-1.0,-7.0,-50.0
1776885551.3111026,-8.0,-8.0,-48.0
1776885551.3211029,-6.0,-2.0,-49.0
1776885551.3311028,-3.0,1.0,-49.0
1776885551.3411028,-4.0,0.0,-54.0
1776885551.3511028,-5.0,0.0,-49.0
1776885551.3611028,-4.0,-1.0,-54.0
1776885551.3711028,-6.0,-3.0,-51.0
1776885551.3811028,-5.0,-3.0,-53.0
1776885551.3911028,-9.0,-4.0,-45.0
1776885551.4011028,-6.0,-4.0,-42.0
1776885551.4111028,0.0,-5.0,-45.0
1776885551.4211028,1.0,-3.0,-42.0
1776885551.4311028,3.0,4.0,-42.0
1776885551.4411027,2.0,0.0,-40.0
1776885551.4511027,1.0,-1.0,-37.0
1776885551.4611027,4.0,-2.0,-37.0
1776885551.4711027,2.0,-8.0,-41.0
1776885551.4811027,7.0,-6.0,-44.0
1776885551.4911027,4.0,-8.0,-42.0
1776885551.5011027,3.0,-7.0,-40.0
1776885551.511103,2.0,-5.0,-38.0
1776885551.521103,3.0,-4.0,-43.0
1776885551.531103,5.0,-7.0,-42.0
1776885551.5411026,6.0,-7.0,-38.0
1776885551.5511026,2.0,-5.0,-38.0
1776885551.5611026,0.0,-1.0,-37.0
1776885551.5711029,-3.0,1.0,-44.0
1776885551.5811028,-1.0,0.0,-43.0
1776885551.5911028,-4.0,-2.0,-43.0
1776885551.6011028,-5.0,0.0,-44.0
1776885551.6111028,0.0,0.0,-49.0
1776885551.6211028,1.0,-1.0,-45.0
1776885551.6311028,1.0,0.0,-45.0
1776885551.6411028,2.0,3.0,-42.0
1776885551.6511028,4.0,0.0,-44.0
1776885551.6611028,4.0,1.0,-45.0
1776885551.6711028,1.0,0.0,-41.0
1776885551.6811028,0.0,0.0,-43.0
1776885551.6911027,1.0,2.0,-38.0
1776885551.7011027,1.0,5.0,-36.0
1776885551.7111027,1.0,5.0,-40.0
1776885551.7211027,2.0,0.0,-38.0
1776885551.7311027,1.0,-5.0,-37.0
1776885551.7411027,6.0,-6.0,-39.0
1776885551.7511027,6.0,-5.0,-38.0
1776885551.761103,3.0,-6.0,-43.0
1776885551.771103,4.0,-6.0,-53.0
1776885551.781103,7.0,-5.0,-48.0
1776885551.7911026,0.0,-8.0,-47.0
1776885551.8011026,1.0,-1.0,-44.0
1776885551.8111026,0.0,-4.0,-39.0
1776885551.8211029,-2.0,-8.0,-45.0
1776885551.8311028,-2.0,-9.0,-41.0
1776885551.8411028,3.0,-8.0,-46.0
1776885551.8511028,-2.0,-4.0,-42.0
1776885551.8611028,-3.0,-1.0,-38.0
1776885551.8711028,1.0,-1.0,-36.0
1776885551.8811028,2.0,0.0,-44.0
1776885551.8911028,2.0,-5.0,-43.0
1776885551.9011028,1.0,-10.0,-43.0
1776885551.9111028,2.0,-8.0,-49.0
1776885551.9221027,2.0,-10.0,-51.0
1776885551.9311028,-1.0,-6.0,-52.0
1776885551.9411027,0.0,-7.0,-47.0
1776885551.952103,0.0,-3.0,-47.0
1776885551.962103,1.0,-1.0,-48.0
1776885551.9721026,5.0,1.0,-44.0
1776885551.9821026,6.0,0.0,-40.0
1776885551.9921026,6.0,1.0,-43.0
1776885552.0021029,6.0,2.0,-51.0
1776885552.0121028,5.0,0.0,-53.0
1776885552.0221028,0.0,-4.0,-52.0
1776885552.0321028,1.0,-6.0,-54.0
1776885552.0421028,0.0,0.0,-54.0
1776885552.0521028,-4.0,1.0,-48.0
1776885552.0621028,-2.0,3.0,-47.0
1776885552.0721028,4.0,2.0,-41.0
1776885552.0821028,0.0,-1.0,-41.0
1776885552.0921028,-2.0,-4.0,-46.0
1776885552.1021028,-2.0,-5.0,-48.0
1776885552.1121027,1.0,-3.0,-42.0
1776885552.1221027,2.0,-4.0,-43.0
1776885552.1321027,-1.0,-7.0,-49.0
1776885552.1421027,0.0,-11.0,-52.0
1776885552.1521027,1.0,-7.0,-45.0
1776885552.1621027,0.0,-4.0,-50.0
1776885552.1721027,0.0,-6.0,-50.0
1776885552.182103,4.0,-7.0,-48.0
1776885552.192103,8.0,-1.0,-49.0
1776885552.202103,3.0,-1.0,-48.0
1776885552.212103,0.0,-3.0,-50.0
1776885552.2221026,-1.0,-5.0,-50.0
1776885552.2321026,-2.0,-2.0,-48.0
1776885552.2421026,0.0,-3.0,-45.0
1776885552.2521029,-1.0,-3.0,-53.0
1776885552.2621028,-1.0,-4.0,-50.0
1776885552.2721028,-1.0,-4.0,-53.0
1776885552.2821028,1.0,-4.0,-55.0
1776885552.2921028,0.0,-6.0,-55.0
1776885552.3021028,1.0,-2.0,-54.0
1776885552.3121028,-1.0,-4.0,-51.0
1776885552.3221028,0.0,-2.0,-48.0
1776885552.3321028,-1.0,-6.0,-47.0
1776885552.3421028,0.0,-7.0,-41.0
1776885552.3521028,3.0,-5.0,-45.0
1776885552.3621027,3.0,-5.0,-45.0
1776885552.3721027,4.0,-1.0,-42.0
1776885552.3821027,5.0,1.0,-43.0
1776885552.3921027,3.0,3.0,-45.0
1776885552.4021027,0.0,9.0,-46.0
1776885552.4121027,4.0,5.0,-52.0
1776885552.4221027,2.0,5.0,-49.0
1776885552.432103,0.0,5.0,-48.0
1776885552.442103,-4.0,6.0,-45.0
1776885552.452103,-8.0,3.0,-48.0
1776885552.462103,-6.0,2.0,-45.0
1776885552.4721026,-10.0,4.0,-52.0
1776885552.4821026,-8.0,6.0,-46.0
1776885552.4921026,-3.0,2.0,-48.0
1776885552.5021029,-2.0,2.0,-50.0
1776885552.5121028,-2.0,0.0,-48.0
1776885552.5221028,-3.0,0.0,-47.0
1776885552.5321028,1.0,4.0,-38.0
1776885552.5421028,0.0,2.0,-38.0
1776885552.5521028,3.0,2.0,-32.0
1776885552.5621028,0.0,0.0,-35.0
1776885552.5721028,-1.0,-1.0,-39.0
1776885552.5821028,1.0,-1.0,-37.0
1776885552.5921028,-1.0,1.0,-30.0
1776885552.6021028,0.0,-3.0,-33.0
1776885552.6121027,0.0,-2.0,-37.0
1776885552.6221027,-2.0,-1.0,-35.0
1776885552.6321027,4.0,-2.0,-40.0
1776885552.6421027,0.0,-6.0,-44.0
1776885552.6521027,2.0,-6.0,-45.0
1776885552.6621027,9.0,-7.0,-50.0
1776885552.6721027,9.0,-2.0,-47.0
1776885552.682103,11.0,0.0,-48.0
1776885552.692103,13.0,-1.0,-50.0
1776885552.702103,10.0,0.0,-52.0
1776885552.712103,15.0,-5.0,-50.0
1776885552.7221026,10.0,-5.0,-54.0
1776885552.7321026,3.0,-2.0,-61.0
1776885552.7421026,2.0,1.0,-61.0
1776885552.7521029,4.0,0.0,-56.0
1776885552.7621028,3.0,0.0,-55.0
1776885552.7721028,4.0,-1.0,-56.0
1776885552.7821028,2.0,-1.0,-51.0
1776885552.7921028,1.0,-1.0,-51.0
1776885552.8021028,2.0,-1.0,-49.0
1776885552.8121028,0.0,-3.0,-54.0
1776885552.8221028,0.0,0.0,-51.0
1776885552.8321028,-4.0,-4.0,-52.0
1776885552.8421028,0.0,-3.0,-52.0
1776885552.8521028,-1.0,-5.0,-52.0
1776885552.8621027,-1.0,-3.0,-45.0
1776885552.8721027,2.0,-2.0,-41.0
1776885552.8821027,3.0,-2.0,-40.0
1776885552.8921027,5.0,0.0,-42.0
1776885552.9021027,1.0,0.0,-51.0
1776885552.9121027,2.0,1.0,-52.0
1776885552.9221027,-1.0,3.0,-51.0
1776885552.932103,0.0,4.0,-50.0
1776885552.942103,0.0,2.0,-43.0
1776885552.952103,2.0,0.0,-43.0
1776885552.962103,4.0,1.0,-43.0
1776885552.9721026,4.0,7.0,-46.0
1776885552.9821026,6.0,2.0,-44.0
1776885552.9921026,7.0,0.0,-43.0
1776885553.0021029,6.0,-1.0,-41.0
1776885553.0121028,8.0,-1.0,-39.0
1776885553.0221028,9.0,-3.0,-42.0
1776885553.0321028,12.0,0.0,-45.0
1776885553.0421028,11.0,-9.0,-49.0
1776885553.0521028,9.0,-9.0,-39.0
1776885553.0621028,5.0,-5.0,-35.0
1776885553.0721028,10.0,-2.0,-35.0
1776885553.0821028,11.0,-2.0,-40.0
1776885553.0921028,10.0,-1.0,-47.0
1776885553.1021028,7.0,0.0,-51.0
1776885553.1121027,7.0,-1.0,-47.0
1776885553.1221027,5.0,3.0,-50.0
1776885553.1321027,2.0,5.0,-50.0
1776885553.1421027,2.0,5.0,-55.0
1776885553.1521027,4.0,3.0,-55.0
1776885553.1621027,6.0,3.0,-53.0
1776885553.1721027,8.0,2.0,-56.0
1776885553.182103,3.0,0.0,-48.0
1776885553.192103,0.0,-2.0,-43.0
1776885553.202103,1.0,0.0,-42.0
1776885553.212103,1.0,0.0,-33.0
1776885553.2221026,0.0,0.0,-30.0
1776885553.2321026,-1.0,-2.0,-36.0
1776885553.2421026,-1.0,-5.0,-40.0
1776885553.2521029,-1.0,-8.0,-48.0
1776885553.2621028,1.0,-7.0,-45.0
1776885553.2721028,3.0,-8.0,-44.0
1776885553.2821028,4.0,-5.0,-41.0
1776885553.2921028,7.0,-3.0,-39.0
1776885553.3021028,9.0,-2.0,-34.0
1776885553.3121028,8.0,-1.0,-34.0
1776885553.3221028,8.0,-5.0,-28.0
1776885553.3321028,10.0,-1.0,-32.0
1776885553.3421028,4.0,2.0,-28.0
1776885553.3521028,6.0,2.0,-26.0
1776885553.3621027,5.0,2.0,-20.0
1776885553.3721027,-1.0,4.0,-25.0
1776885553.3821027,-5.0,4.0,-33.0
1776885553.3921027,-3.0,1.0,-42.0
1776885553.4021027,-5.0,0.0,-44.0
1776885553.4121027,0.0,3.0,-47.0
1776885553.4221027,4.0,0.0,-46.0
1776885553.432103,4.0,0.0,-49.0
1776885553.442103,1.0,0.0,-48.0
1776885553.452103,0.0,1.0,-45.0
1776885553.462103,1.0,-1.0,-49.0
1776885553.4721026,5.0,-2.0,-56.0
1776885553.4821026,1.0,-7.0,-54.0
1776885553.4921026,0.0,-9.0,-45.0
1776885553.5021029,-1.0,-6.0,-33.0
1776885553.5121028,0.0,-4.0,-29.0
1776885553.5221028,-3.0,-2.0,-32.0
1776885553.5321028,0.0,-3.0,-35.0
1776885553.5421028,2.0,-1.0,-40.0
1776885553.5521028,1.0,0.0,-42.0
1776885553.5621028,1.0,0.0,-41.0
1776885553.5721028,-1.0,0.0,-41.0
1776885553.5821028,0.0,-2.0,-31.0
1776885553.5921028,1.0,0.0,-32.0
1776885553.6021028,0.0,-1.0,-30.0
1776885553.6121027,0.0,-1.0,-35.0
1776885553.6221027,1.0,0.0,-36.0
1776885553.6321027,0.0,-1.0,-42.0
1776885553.6421027,-3.0,-1.0,-41.0
1776885553.6521027,-2.0,-4.0,-41.0
1776885553.6621027,-4.0,-3.0,-35.0
1776885553.6721027,-4.0,0.0,-37.0
1776885553.682103,-8.0,1.0,-35.0
1776885553.692103,-3.0,0.0,-38.0
1776885553.702103,-4.0,-2.0,-43.0
1776885553.712103,-8.0,-3.0,-41.0
1776885553.7221026,-6.0,-3.0,-47.0
1776885553.7321026,-4.0,-1.0,-43.0
1776885553.7421026,-1.0,-4.0,-40.0
1776885553.7521029,-1.0,-3.0,-41.0
1776885553.7621028,-3.0,-3.0,-37.0
1776885553.7721028,-2.0,0.0,-43.0
1776885553.7821028,1.0,0.0,-35.0
1776885553.7921028,3.0,0.0,-36.0
1776885553.8021028,2.0,1.0,-43.0
1776885553.8121028,0.0,1.0,-48.0
1776885553.8221028,3.0,0.0,-41.0
1776885553.8321028,1.0,-1.0,-41.0
1776885553.8421028,2.0,-1.0,-42.0
1776885553.8521028,2.0,0.0,-38.0
1776885553.8621027,3.0,1.0,-39.0
1776885553.8721027,3.0,1.0,-37.0
1776885553.8821027,4.0,1.0,-28.0
1776885553.8921027,7.0,2.0,-24.0
1776885553.9031026,3.0,1.0,-30.0
1776885553.9131026,0.0,0.0,-37.0
1776885553.9231029,4.0,0.0,-39.0
1776885553.9331028,6.0,1.0,-36.0
1776885553.9431028,1.0,-4.0,-36.0
1776885553.9531028,2.0,-5.0,-39.0
1776885553.9631028,5.0,-4.0,-41.0
1776885553.9731028,8.0,-5.0,-46.0
1776885553.9831028,5.0,-4.0,-43.0
1776885553.9931028,7.0,1.0,-44.0
1776885554.0031028,7.0,5.0,-39.0
1776885554.0131028,5.0,5.0,-41.0
1776885554.0231028,4.0,6.0,-33.0
1776885554.0331028,7.0,8.0,-45.0
1776885554.0431027,8.0,7.0,-40.0
1776885554.0531027,8.0,6.0,-39.0
1776885554.0631027,5.0,2.0,-41.0
1776885554.0731027,1.0,1.0,-38.0
1776885554.0831027,-3.0,0.0,-32.0
1776885554.0931027,-4.0,-1.0,-38.0
1776885554.1031027,-5.0,1.0,-38.0
1776885554.113103,0.0,2.0,-35.0
1776885554.123103,-2.0,-3.0,-32.0
1776885554.133103,-4.0,-3.0,-30.0
1776885554.1431026,-6.0,-3.0,-37.0
1776885554.1531026,-6.0,-3.0,-43.0
1776885554.1631026,-4.0,0.0,-35.0
1776885554.1731029,-3.0,1.0,-39.0
1776885554.1831028,-1.0,-5.0,-38.0
1776885554.1931028,-1.0,-7.0,-39.0
1776885554.2031028,4.0,-3.0,-37.0
1776885554.2131028,4.0,-4.0,-38.0
1776885554.2231028,8.0,-4.0,-44.0
1776885554.2331028,9.0,-3.0,-46.0
1776885554.2431028,4.0,-1.0,-44.0
1776885554.2531028,0.0,-1.0,-46.0
1776885554.2631028,-1.0,-2.0,-45.0
1776885554.2731028,-4.0,-4.0,-39.0
1776885554.2831028,-2.0,0.0,-35.0
1776885554.2931027,0.0,-4.0,-41.0
1776885554.3031027,-3.0,-4.0,-41.0
1776885554.3131027,-3.0,-2.0,-42.0
1776885554.3231027,-3.0,0.0,-50.0
1776885554.3331027,0.0,0.0,-47.0
1776885554.3431027,0.0,2.0,-44.0
1776885554.3531027,0.0,3.0,-47.0
1776885554.363103,-3.0,-1.0,-45.0
1776885554.373103,-5.0,-1.0,-38.0
1776885554.383103,-6.0,2.0,-39.0
1776885554.3931026,0.0,-2.0,-44.0
1776885554.4031026,2.0,-3.0,-48.0
1776885554.4131026,3.0,-2.0,-44.0
1776885554.4231029,1.0,-4.0,-47.0
1776885554.4331028,0.0,-2.0,-49.0
1776885554.4431028,-1.0,-2.0,-46.0
1776885554.4531028,-1.0,-2.0,-47.0
1776885554.4631028,1.0,-1.0,-47.0
1776885554.4731028,-3.0,-1.0,-44.0
1776885554.4831028,-1.0,2.0,-47.0
1776885554.4931028,1.0,3.0,-49.0
1776885554.5031028,1.0,0.0,-50.0
1776885554.5131028,-4.0,0.0,-48.0
1776885554.5231028,-1.0,0.0,-51.0
1776885554.5331028,-2.0,-1.0,-45.0
1776885554.5431027,-5.0,1.0,-38.0
1776885554.5531027,0.0,0.0,-36.0
1776885554.5631027,0.0,-3.0,-36.0
1776885554.5731027,-1.0,0.0,-43.0
1776885554.5831027,-3.0,4.0,-39.0
1776885554.5931027,-5.0,0.0,-43.0
1776885554.6031027,-6.0,-2.0,-40.0
1776885554.613103,-5.0,-2.0,-37.0
1776885554.623103,-5.0,0.0,-37.0
1776885554.633103,-6.0,0.0,-40.0
1776885554.6431026,-4.0,0.0,-39.0
1776885554.6531026,-6.0,-4.0,-35.0
1776885554.6631026,0.0,0.0,-39.0
1776885554.6731029,0.0,0.0,-39.0
1776885554.6831028,0.0,2.0,-40.0
1776885554.6931028,4.0,2.0,-43.0
1776885554.7031028,4.0,1.0,-43.0
1776885554.7131028,3.0,3.0,-41.0
1776885554.7231028,3.0,4.0,-40.0
1776885554.7331028,0.0,5.0,-37.0
1776885554.7431028,-4.0,5.0,-31.0
1776885554.7531028,1.0,0.0,-36.0
1776885554.7631028,0.0,0.0,-42.0
1776885554.7731028,1.0,-1.0,-46.0
1776885554.7831028,3.0,-1.0,-45.0
1776885554.7931027,2.0,-3.0,-39.0
1776885554.8031027,5.0,-8.0,-37.0
1776885554.8131027,3.0,-8.0,-44.0
1776885554.8231027,4.0,-7.0,-44.0
1776885554.8331027,3.0,-6.0,-41.0
1776885554.8431027,3.0,-8.0,-41.0
1776885554.8531027,-1.0,-7.0,-41.0
1776885554.863103,0.0,-7.0,-39.0
1776885554.873103,0.0,-6.0,-42.0
1776885554.883103,0.0,-4.0,-45.0
1776885554.8931026,3.0,0.0,-47.0
1776885554.9031026,3.0,0.0,-45.0
1776885554.9131026,2.0,1.0,-50.0
1776885554.9231029,3.0,0.0,-48.0
1776885554.9331028,0.0,1.0,-44.0
1776885554.9431028,-2.0,1.0,-45.0
1776885554.9531028,-3.0,0.0,-46.0
1776885554.9631028,-3.0,0.0,-45.0
1776885554.9731028,0.0,-3.0,-47.0
1776885554.9831028,2.0,-3.0,-47.0
1776885554.9931028,1.0,-4.0,-51.0
1776885555.0031028,3.0,-5.0,-45.0
1776885555.0131028,5.0,-4.0,-45.0
1776885555.0231028,2.0,-1.0,-47.0
1776885555.0331028,1.0,3.0,-55.0
1776885555.0431027,4.0,0.0,-54.0
1776885555.0531027,3.0,1.0,-47.0
1776885555.0631027,6.0,2.0,-51.0
1776885555.0731027,7.0,0.0,-53.0
1776885555.0831027,3.0,-2.0,-52.0
1776885555.0931027,1.0,-1.0,-49.0
1776885555.1031027,0.0,-1.0,-48.0
1776885555.113103,-6.0,-4.0,-47.0
1776885555.123103,-10.0,-2.0,-54.0
1776885555.133103,-7.0,-6.0,-59.0
1776885555.1431026,-3.0,-4.0,-58.0
1776885555.1531026,1.0,-1.0,-55.0
1776885555.1631026,-1.0,0.0,-52.0
1776885555.1731029,2.0,-2.0,-50.0
1776885555.1831028,0.0,-4.0,-50.0
1776885555.1931028,0.0,-5.0,-49.0
1776885555.2031028,-2.0,-3.0,-41.0
1776885555.2131028,-2.0,-2.0,-43.0
1776885555.2231028,-2.0,-4.0,-43.0
1776885555.2331028,-3.0,-2.0,-43.0
1776885555.2431028,0.0,-4.0,-39.0
1776885555.2531028,3.0,-1.0,-34.0
1776885555.2631028,-1.0,2.0,-45.0
1776885555.2731028,0.0,1.0,-44.0
1776885555.2831028,-2.0,0.0,-42.0
1776885555.2931027,3.0,-1.0,-42.0
1776885555.3031027,1.0,0.0,-42.0
1776885555.3131027,0.0,-1.0,-43.0
1776885555.3231027,0.0,-2.0,-42.0
1776885555.3331027,0.0,-1.0,-53.0
1776885555.3431027,-3.0,-4.0,-50.0
1776885555.3531027,3.0,-3.0,-53.0
1776885555.363103,8.0,-4.0,-57.0
1776885555.373103,6.0,-1.0,-61.0
1776885555.383103,7.0,0.0,-56.0
1776885555.3931026,10.0,2.0,-56.0
1776885555.4031026,8.0,0.0,-47.0
1776885555.4131026,3.0,2.0,-42.0
1776885555.4231029,6.0,2.0,-40.0
1776885555.4331028,4.0,0.0,-42.0
1776885555.4431028,0.0,-3.0,-45.0
1776885555.4531028,0.0,-1.0,-48.0
1776885555.4631028,2.0,-1.0,-40.0
1776885555.4731028,5.0,-2.0,-36.0
1776885555.4831028,5.0,-1.0,-41.0
1776885555.4931028,5.0,0.0,-42.0
1776885555.5031028,5.0,3.0,-47.0
1776885555.5131028,3.0,-1.0,-48.0
1776885555.5231028,0.0,-3.0,-42.0
1776885555.5331028,0.0,-4.0,-43.0
1776885555.5431027,-2.0,-5.0,-50.0
1776885555.5531027,-3.0,-4.0,-50.0
1776885555.5631027,-3.0,-5.0,-48.0
1776885555.5731027,0.0,0.0,-48.0
1776885555.5831027,-1.0,-2.0,-53.0
1776885555.5931027,0.0,-10.0,-49.0
1776885555.6031027,3.0,-12.0,-43.0
1776885555.613103,2.0,-7.0,-42.0
1776885555.623103,6.0,-7.0,-39.0
1776885555.633103,9.0,0.0,-37.0
1776885555.6431026,1.0,-3.0,-38.0
1776885555.6531026,3.0,-3.0,-40.0
1776885555.6631026,5.0,-1.0,-41.0
1776885555.6731029,8.0,0.0,-42.0
1776885555.6831028,6.0,3.0,-32.0
1776885555.6931028,3.0,0.0,-31.0
1776885555.7031028,0.0,4.0,-36.0
1776885555.7131028,2.0,2.0,-37.0
1776885555.7231028,3.0,1.0,-39.0
1776885555.7331028,8.0,2.0,-44.0
1776885555.7431028,8.0,6.0,-47.0
1776885555.7531028,6.0,7.0,-40.0
1776885555.7631028,6.0,9.0,-42.0
1776885555.7731028,8.0,7.0,-38.0
1776885555.7831028,14.0,8.0,-37.0
1776885555.7931027,13.0,6.0,-41.0
1776885555.804103,10.0,4.0,-41.0
1776885555.8131027,7.0,1.0,-48.0
1776885555.8231027,4.0,2.0,-53.0
1776885555.8331027,3.0,4.0,-56.0
1776885555.8431027,6.0,4.0,-53.0
1776885555.8531027,6.0,3.0,-53.0
1776885555.863103,3.0,-3.0,-53.0
1776885555.8741028,4.0,-5.0,-44.0
1776885555.883103,3.0,-2.0,-30.0
1776885555.8941028,3.0,2.0,-31.0
1776885555.9041028,5.0,0.0,-34.0
1776885555.9141028,4.0,-2.0,-36.0
1776885555.9241028,1.0,-4.0,-37.0
1776885555.9331028,0.0,0.0,-42.0
1776885555.9441028,0.0,-2.0,-48.0
1776885555.9541028,-1.0,-4.0,-52.0
1776885555.9641027,-3.0,-6.0,-46.0
1776885555.9741027,-2.0,-4.0,-43.0
1776885555.9841027,-2.0,0.0,-40.0
1776885555.9941027,-5.0,0.0,-36.0
1776885556.0041027,-6.0,3.0,-46.0
1776885556.0141027,-6.0,6.0,-40.0
1776885556.0241027,-6.0,5.0,-38.0
1776885556.034103,0.0,1.0,-46.0
1776885556.044103,2.0,0.0,-45.0
1776885556.054103,2.0,3.0,-45.0
1776885556.0641026,1.0,4.0,-49.0
1776885556.0741026,0.0,2.0,-47.0
1776885556.0841026,2.0,0.0,-38.0
1776885556.0941026,0.0,0.0,-39.0
1776885556.1041028,-1.0,1.0,-36.0
1776885556.1141028,0.0,0.0,-36.0
1776885556.1241028,1.0,-3.0,-38.0
1776885556.1341028,3.0,-9.0,-41.0
1776885556.1441028,3.0,-5.0,-38.0
1776885556.1541028,0.0,-2.0,-43.0
1776885556.1641028,-4.0,-4.0,-36.0
1776885556.1741028,-1.0,-2.0,-46.0
1776885556.1841028,0.0,-2.0,-52.0
1776885556.1941028,-2.0,0.0,-47.0
1776885556.2041028,-1.0,-1.0,-45.0
1776885556.2141027,1.0,-2.0,-45.0
1776885556.2241027,3.0,-2.0,-47.0
1776885556.2341027,5.0,0.0,-45.0
1776885556.2441027,4.0,0.0,-42.0
1776885556.2541027,-1.0,-6.0,-45.0
1776885556.2641027,-1.0,-5.0,-50.0
1776885556.2741027,0.0,-2.0,-53.0
1776885556.284103,1.0,-1.0,-53.0
1776885556.294103,1.0,0.0,-53.0
1776885556.304103,-1.0,2.0,-53.0
1776885556.3141026,-7.0,1.0,-49.0
1776885556.3241026,-6.0,-2.0,-49.0
1776885556.3341026,-4.0,-2.0,-47.0
1776885556.3441026,0.0,-6.0,-52.0
1776885556.3541028,0.0,-6.0,-40.0
1776885556.3641028,-1.0,-3.0,-41.0
1776885556.3741028,-1.0,0.0,-39.0
1776885556.3841028,-5.0,2.0,-42.0
1776885556.3941028,0.0,5.0,-45.0
1776885556.4041028,-4.0,2.0,-51.0
1776885556.4141028,-4.0,5.0,-45.0
1776885556.4241028,0.0,4.0,-41.0
1776885556.4341028,-1.0,1.0,-42.0
1776885556.4441028,-3.0,-2.0,-40.0
1776885556.4541028,-2.0,-3.0,-47.0
1776885556.4641027,0.0,-3.0,-45.0
1776885556.4741027,-5.0,-5.0,-42.0
1776885556.4841027,-4.0,-5.0,-38.0
1776885556.4941027,-2.0,-8.0,-38.0
1776885556.5041027,0.0,-11.0,-41.0
1776885556.5141027,1.0,-11.0,-42.0
1776885556.5241027,4.0,-12.0,-33.0
1776885556.534103,1.0,-8.0,-34.0
1776885556.544103,6.0,-6.0,-39.0
1776885556.554103,1.0,-3.0,-40.0
1776885556.5641026,3.0,-3.0,-37.0
1776885556.5741026,0.0,0.0,-38.0
1776885556.5841026,1.0,1.0,-32.0
1776885556.5941026,0.0,-2.0,-26.0
1776885556.6041028,-1.0,2.0,-27.0
1776885556.6141028,0.0,2.0,-28.0
1776885556.6241028,-4.0,0.0,-37.0
1776885556.6341028,-3.0,0.0,-38.0
1776885556.6441028,0.0,-2.0,-38.0
1776885556.6541028,-1.0,0.0,-42.0
1776885556.6641028,-2.0,-1.0,-46.0
1776885556.6741028,-1.0,-2.0,-48.0
1776885556.6841028,-2.0,-4.0,-51.0
1776885556.6941028,-2.0,-2.0,-54.0
1776885556.7041028,-5.0,-4.0,-55.0
1776885556.7141027,-6.0,-1.0,-54.0
1776885556.7241027,-4.0,0.0,-52.0
1776885556.7341027,3.0,0.0,-40.0
1776885556.7441027,-1.0,-1.0,-37.0
1776885556.7541027,1.0,0.0,-31.0
1776885556.7641027,0.0,2.0,-33.0
1776885556.7741027,0.0,0.0,-39.0
1776885556.784103,3.0,3.0,-36.0
1776885556.794103,1.0,2.0,-38.0
1776885556.804103,-2.0,-1.0,-39.0
1776885556.8141026,0.0,-2.0,-37.0
1776885556.8241026,0.0,-6.0,-35.0
1776885556.8341026,0.0,-5.0,-44.0
1776885556.8441026,1.0,-5.0,-46.0
1776885556.8541028,-1.0,-6.0,-45.0
1776885556.8641028,1.0,-6.0,-41.0
1776885556.8741028,0.0,-4.0,-40.0
1776885556.8841028,0.0,-6.0,-40.0
1776885556.8941028,0.0,-4.0,-43.0
1776885556.9041028,2.0,-2.0,-45.0
1776885556.9141028,2.0,-1.0,-46.0
1776885556.9241028,-1.0,-7.0,-45.0
1776885556.9341028,1.0,-6.0,-42.0
1776885556.9441028,5.0,-5.0,-45.0
1776885556.9541028,5.0,-1.0,-45.0
1776885556.9641027,7.0,2.0,-45.0
1776885556.9741027,4.0,2.0,-55.0
1776885556.9841027,1.0,4.0,-56.0
1776885556.9941027,0.0,0.0,-51.0
1776885557.0041027,0.0,0.0,-51.0
1776885557.0141027,0.0,3.0,-41.0
1776885557.0241027,-1.0,3.0,-31.0
1776885557.034103,-1.0,1.0,-36.0
1776885557.044103,-5.0,-1.0,-44.0
1776885557.054103,-5.0,-2.0,-48.0
1776885557.0641026,-4.0,0.0,-47.0
1776885557.0741026,-4.0,2.0,-55.0
1776885557.0841026,-9.0,2.0,-56.0
1776885557.0941026,-10.0,-5.0,-56.0
1776885557.1041028,-7.0,-4.0,-49.0
1776885557.1141028,-4.0,-2.0,-50.0
1776885557.1241028,0.0,1.0,-51.0
1776885557.1341028,2.0,4.0,-47.0
1776885557.1441028,1.0,0.0,-46.0
1776885557.1541028,1.0,0.0,-50.0
1776885557.1641028,1.0,4.0,-49.0
1776885557.1741028,3.0,0.0,-50.0
1776885557.1841028,3.0,-3.0,-47.0
1776885557.1941028,8.0,-3.0,-45.0
1776885557.2041028,6.0,-3.0,-44.0
1776885557.2141027,1.0,-3.0,-45.0
1776885557.2241027,3.0,-4.0,-41.0
1776885557.2341027,3.0,-6.0,-38.0
1776885557.2441027,2.0,-6.0,-40.0
1776885557.2541027,1.0,-8.0,-45.0
1776885557.2641027,0.0,-10.0,-47.0
1776885557.2741027,-3.0,-6.0,-51.0
1776885557.284103,0.0,-4.0,-46.0
1776885557.294103,-2.0,-7.0,-48.0
1776885557.304103,-1.0,-4.0,-48.0
1776885557.3141026,0.0,0.0,-51.0
1776885557.3241026,-1.0,1.0,-50.0
1776885557.3341026,0.0,1.0,-51.0
1776885557.3441026,0.0,0.0,-54.0
1776885557.3541028,0.0,-3.0,-54.0
1776885557.3641028,-2.0,-3.0,-49.0
1776885557.3741028,1.0,-1.0,-46.0
1776885557.3841028,1.0,-4.0,-50.0
1776885557.3941028,0.0,-6.0,-48.0
1776885557.4041028,-6.0,-6.0,-47.0
1776885557.4141028,-10.0,-9.0,-47.0
1776885557.4241028,-4.0,-8.0,-45.0
1776885557.4341028,-1.0,-7.0,-39.0
1776885557.4441028,-2.0,-6.0,-39.0
1776885557.4541028,2.0,-7.0,-39.0
1776885557.4641027,1.0,-6.0,-43.0
1776885557.4741027,7.0,-9.0,-42.0
1776885557.4841027,9.0,-6.0,-48.0
1776885557.4941027,10.0,1.0,-49.0
1776885557.5041027,4.0,6.0,-54.0
1776885557.5141027,1.0,7.0,-57.0
1776885557.5241027,0.0,8.0,-56.0
1776885557.534103,0.0,7.0,-57.0
1776885557.5451028,0.0,9.0,-56.0
1776885557.554103,0.0,6.0,-56.0
1776885557.5641026,-4.0,2.0,-57.0
1776885557.5741026,-5.0,2.0,-55.0
1776885557.5841026,-1.0,0.0,-52.0
1776885557.5941026,1.0,-5.0,-51.0
1776885557.6041028,5.0,0.0,-49.0
1776885557.6141028,8.0,-4.0,-41.0
1776885557.6241028,2.0,-4.0,-43.0
1776885557.6341028,1.0,-7.0,-45.0
1776885557.6441028,-2.0,-10.0,-44.0
1776885557.6541028,2.0,-11.0,-40.0
1776885557.6641028,5.0,-4.0,-39.0
1776885557.6741028,4.0,-3.0,-45.0
1776885557.6841028,6.0,-8.0,-46.0
1776885557.6941028,0.0,-4.0,-42.0
1776885557.7041028,4.0,-3.0,-39.0
1776885557.7141027,4.0,-4.0,-45.0
1776885557.7241027,2.0,-7.0,-41.0
1776885557.7341027,0.0,-3.0,-37.0
1776885557.7441027,3.0,-5.0,-36.0
1776885557.7541027,4.0,-10.0,-36.0
1776885557.7641027,4.0,-12.0,-33.0
1776885557.7741027,4.0,-19.0,-33.0
1776885557.784103,4.0,-9.0,-37.0
1776885557.794103,2.0,-7.0,-45.0
1776885557.804103,-2.0,-9.0,-39.0
1776885557.8141026,0.0,-3.0,-32.0
1776885557.8241026,-3.0,0.0,-35.0
1776885557.8341026,-4.0,-1.0,-37.0
1776885557.8441026,-4.0,-2.0,-33.0
1776885557.8551028,-1.0,1.0,-29.0
1776885557.8651028,4.0,0.0,-31.0
1776885557.8741028,7.0,0.0,-32.0
1776885557.8851027,0.0,-2.0,-30.0
1776885557.8951027,0.0,-3.0,-34.0
1776885557.9051027,-1.0,-7.0,-37.0
1776885557.9151027,-2.0,-8.0,-37.0
1776885557.9251027,-5.0,-8.0,-32.0
1776885557.9351027,-1.0,-7.0,-33.0
1776885557.9451027,-5.0,-6.0,-36.0
1776885557.9551027,-6.0,-8.0,-36.0
1776885557.965103,-8.0,-7.0,-36.0
1776885557.975103,-8.0,-3.0,-33.0
1776885557.985103,-4.0,-4.0,-34.0
1776885557.9951026,-5.0,0.0,-33.0
1776885558.0051026,-10.0,0.0,-33.0
1776885558.0151026,-9.0,-1.0,-36.0
1776885558.0251029,-4.0,6.0,-38.0
1776885558.0351028,-4.0,7.0,-36.0
1776885558.0451028,-6.0,8.0,-35.0
1776885558.0551028,-2.0,8.0,-37.0
1776885558.0651028,-3.0,6.0,-37.0
1776885558.0751028,-3.0,6.0,-37.0
1776885558.0851028,-7.0,0.0,-38.0
1776885558.0951028,-8.0,-1.0,-42.0
1776885558.1051028,-2.0,0.0,-39.0
1776885558.1151028,-3.0,3.0,-42.0
1776885558.1251028,-7.0,5.0,-43.0
1776885558.1351027,-8.0,3.0,-47.0
1776885558.1451027,-9.0,3.0,-44.0
1776885558.1551027,-3.0,2.0,-42.0
1776885558.1651027,-4.0,7.0,-42.0
1776885558.1751027,-5.0,3.0,-43.0
1776885558.1851027,-1.0,0.0,-43.0
1776885558.1951027,-2.0,-3.0,-45.0
1776885558.2051027,-10.0,-5.0,-46.0
1776885558.215103,-2.0,-5.0,-47.0
1776885558.225103,1.0,-7.0,-44.0
1776885558.235103,0.0,-2.0,-43.0
1776885558.2451026,-2.0,-3.0,-43.0
1776885558.2551026,0.0,-3.0,-44.0
1776885558.2651026,1.0,-4.0,-42.0
1776885558.2751029,4.0,-5.0,-32.0
1776885558.2851028,1.0,-3.0,-29.0
1776885558.2951028,0.0,-4.0,-36.0
1776885558.3051028,-2.0,-3.0,-37.0
1776885558.3151028,0.0,-2.0,-47.0
1776885558.3251028,-3.0,-2.0,-48.0
1776885558.3351028,1.0,0.0,-45.0
1776885558.3451028,3.0,2.0,-45.0
1776885558.3551028,2.0,4.0,-47.0
1776885558.3651028,2.0,3.0,-48.0
1776885558.3751028,3.0,-1.0,-47.0
1776885558.3851027,2.0,-2.0,-45.0
1776885558.3951027,2.0,-3.0,-37.0
1776885558.4051027,2.0,-3.0,-36.0
1776885558.4151027,5.0,-4.0,-41.0
1776885558.4251027,5.0,-1.0,-38.0
1776885558.4351027,2.0,-2.0,-36.0
1776885558.4451027,4.0,-2.0,-32.0
1776885558.4551027,9.0,0.0,-38.0
1776885558.465103,7.0,-2.0,-43.0
1776885558.475103,10.0,0.0,-46.0
1776885558.485103,12.0,0.0,-51.0
1776885558.4951026,8.0,-5.0,-50.0
1776885558.5051026,1.0,-3.0,-50.0
1776885558.5151026,0.0,0.0,-53.0
1776885558.5251029,1.0,-2.0,-47.0
1776885558.5351028,6.0,0.0,-43.0
1776885558.5451028,7.0,-1.0,-45.0
1776885558.5551028,9.0,-3.0,-48.0
1776885558.5651028,7.0,-1.0,-44.0
1776885558.5751028,4.0,0.0,-46.0
1776885558.5851028,1.0,-2.0,-45.0
1776885558.5951028,-4.0,0.0,-38.0
1776885558.6051028,0.0,0.0,-37.0
1776885558.6151028,1.0,0.0,-38.0
1776885558.6251028,1.0,1.0,-37.0
1776885558.6351027,1.0,5.0,-42.0
1776885558.6451027,0.0,6.0,-42.0
1776885558.6551027,-3.0,8.0,-45.0
1776885558.6651027,-3.0,5.0,-36.0
1776885558.6751027,0.0,5.0,-37.0
1776885558.6851027,-5.0,6.0,-40.0
1776885558.6951027,-1.0,3.0,-37.0
1776885558.7051027,0.0,0.0,-38.0
1776885558.715103,0.0,-3.0,-37.0
1776885558.725103,-3.0,-5.0,-34.0
1776885558.735103,0.0,-2.0,-33.0
1776885558.7451026,0.0,-2.0,-39.0
1776885558.7551026,3.0,-3.0,-34.0
1776885558.7651026,0.0,-8.0,-32.0
1776885558.7751029,2.0,-4.0,-42.0
1776885558.7851028,0.0,-4.0,-45.0
1776885558.7951028,-4.0,0.0,-43.0
1776885558.8051028,0.0,0.0,-42.0
1776885558.8151028,-3.0,0.0,-44.0
1776885558.8251028,-1.0,0.0,-39.0
1776885558.8351028,0.0,-2.0,-39.0
1776885558.8451028,3.0,0.0,-34.0
1776885558.8551028,4.0,0.0,-41.0
1776885558.8651028,7.0,1.0,-49.0
1776885558.8751028,10.0,-1.0,-48.0
1776885558.8851027,7.0,0.0,-51.0
1776885558.8951027,3.0,2.0,-51.0
1776885558.9051027,8.0,0.0,-47.0
1776885558.9151027,6.0,0.0,-42.0
1776885558.9251027,3.0,0.0,-46.0
1776885558.9351027,0.0,2.0,-53.0
1776885558.9451027,0.0,0.0,-55.0
1776885558.9551027,-1.0,1.0,-48.0
1776885558.965103,-6.0,-1.0,-38.0
1776885558.975103,-6.0,-1.0,-41.0
1776885558.985103,-10.0,-1.0,-41.0
1776885558.9951026,-10.0,-2.0,-44.0
1776885559.0051026,-10.0,-6.0,-36.0
1776885559.0151026,-8.0,-8.0,-43.0
1776885559.0251029,-4.0,-9.0,-39.0
1776885559.0351028,-10.0,-5.0,-38.0
1776885559.0451028,-5.0,-3.0,-34.0
1776885559.0551028,-6.0,-1.0,-38.0
1776885559.0651028,0.0,-5.0,-34.0
1776885559.0751028,2.0,-7.0,-38.0
1776885559.0851028,2.0,-2.0,-43.0
1776885559.0951028,1.0,-3.0,-36.0
1776885559.1051028,0.0,-3.0,-39.0
1776885559.1151028,-2.0,1.0,-40.0
1776885559.1251028,-1.0,3.0,-44.0
1776885559.1351027,0.0,3.0,-40.0
1776885559.1451027,-4.0,2.0,-29.0
1776885559.1551027,-3.0,0.0,-27.0
1776885559.1651027,-6.0,-2.0,-30.0
1776885559.1751027,-4.0,0.0,-37.0
1776885559.1851027,0.0,2.0,-36.0
1776885559.1951027,3.0,-1.0,-40.0
1776885559.2051027,1.0,-3.0,-44.0
1776885559.215103,0.0,-5.0,-46.0
1776885559.225103,-2.0,-4.0,-44.0
1776885559.235103,0.0,-8.0,-47.0
1776885559.2451026,-2.0,-5.0,-46.0
1776885559.2551026,2.0,-4.0,-46.0
1776885559.2651026,8.0,-6.0,-46.0
1776885559.2751029,7.0,-5.0,-48.0
1776885559.2851028,6.0,0.0,-55.0
1776885559.2951028,10.0,-1.0,-52.0
1776885559.3051028,6.0,-4.0,-46.0
1776885559.3151028,5.0,-3.0,-49.0
1776885559.3251028,3.0,-3.0,-54.0
1776885559.3351028,-1.0,-5.0,-53.0
1776885559.3451028,2.0,-6.0,-48.0
1776885559.3551028,3.0,-4.0,-50.0
1776885559.3651028,3.0,-1.0,-48.0
1776885559.3751028,5.0,-1.0,-43.0
1776885559.3851027,4.0,0.0,-40.0
1776885559.3951027,5.0,0.0,-35.0
1776885559.4051027,4.0,-2.0,-36.0
1776885559.4151027,3.0,0.0,-34.0
1776885559.4251027,0.0,2.0,-39.0
1776885559.4351027,0.0,1.0,-42.0
1776885559.4451027,2.0,-1.0,-42.0
1776885559.4551027,-5.0,0.0,-40.0
1776885559.465103,-4.0,3.0,-38.0
1776885559.475103,-4.0,3.0,-40.0
1776885559.485103,-6.0,-1.0,-49.0
1776885559.4951026,-6.0,-6.0,-52.0
1776885559.5051026,-3.0,-6.0,-47.0
1776885559.5151026,-2.0,-3.0,-54.0
1776885559.5251029,-2.0,-5.0,-63.0
1776885559.5351028,3.0,-6.0,-66.0
1776885559.5451028,9.0,-1.0,-60.0
1776885559.5551028,7.0,0.0,-57.0
1776885559.5651028,8.0,3.0,-57.0
1776885559.5751028,6.0,4.0,-52.0
1776885559.5851028,2.0,0.0,-52.0
1776885559.5951028,-1.0,2.0,-52.0
1776885559.6051028,-2.0,1.0,-46.0
1776885559.6151028,0.0,-1.0,-49.0
1776885559.6251028,1.0,0.0,-50.0
1776885559.6351027,4.0,3.0,-46.0
1776885559.6451027,4.0,3.0,-44.0
1776885559.6551027,3.0,0.0,-41.0
1776885559.6651027,0.0,0.0,-39.0
1776885559.6751027,-5.0,-1.0,-39.0
1776885559.6851027,-5.0,-2.0,-38.0
1776885559.6951027,-1.0,0.0,-39.0
1776885559.7051027,0.0,0.0,-45.0
1776885559.715103,-2.0,-2.0,-48.0
1776885559.725103,0.0,-2.0,-51.0
1776885559.735103,2.0,-4.0,-47.0
1776885559.7451026,2.0,-6.0,-43.0
1776885559.7551026,0.0,-9.0,-43.0
1776885559.7651026,6.0,-9.0,-42.0
1776885559.7751029,0.0,-9.0,-35.0
1776885559.7851028,1.0,-6.0,-34.0
1776885559.7951028,3.0,1.0,-39.0
1776885559.8051028,1.0,4.0,-42.0
1776885559.8151028,2.0,2.0,-47.0
1776885559.8251028,5.0,-2.0,-48.0
1776885559.8351028,4.0,0.0,-48.0
1776885559.8461027,7.0,-1.0,-49.0
1776885559.8551028,2.0,-3.0,-49.0
1776885559.8661027,4.0,-1.0,-50.0
1776885559.8761027,4.0,-3.0,-52.0
1776885559.886103,4.0,-3.0,-61.0
1776885559.896103,10.0,-2.0,-57.0
1776885559.9051027,4.0,-1.0,-49.0
1776885559.9161026,2.0,-1.0,-51.0
1776885559.9261026,5.0,-1.0,-56.0
1776885559.9361026,4.0,-4.0,-49.0
1776885559.9461029,2.0,-7.0,-45.0
1776885559.9561028,0.0,-4.0,-37.0
1776885559.9661028,-3.0,-4.0,-36.0
1776885559.9761028,-1.0,-4.0,-43.0
1776885559.9861028,3.0,-5.0,-38.0
1776885559.9961028,7.0,-8.0,-45.0
1776885560.0061028,4.0,-6.0,-44.0
1776885560.0161028,6.0,-8.0,-41.0
1776885560.0261028,6.0,-7.0,-37.0
1776885560.0361028,9.0,-3.0,-35.0
1776885560.0461028,5.0,-4.0,-34.0
1776885560.0561028,2.0,-4.0,-29.0
1776885560.0661027,0.0,-6.0,-34.0
1776885560.0761027,0.0,-5.0,-31.0
1776885560.0861027,3.0,-4.0,-37.0
1776885560.0961027,7.0,-4.0,-38.0
1776885560.1061027,7.0,-8.0,-36.0
1776885560.1161027,8.0,-7.0,-34.0
1776885560.1261027,7.0,-3.0,-40.0
1776885560.136103,4.0,-3.0,-45.0
1776885560.146103,4.0,-2.0,-42.0
1776885560.156103,1.0,-3.0,-38.0
1776885560.1661026,6.0,0.0,-39.0
1776885560.1761026,4.0,0.0,-40.0
1776885560.1861026,0.0,-2.0,-36.0
1776885560.1961029,0.0,-4.0,-42.0
1776885560.2061028,0.0,-2.0,-44.0
1776885560.2161028,-5.0,-2.0,-38.0
1776885560.2261028,-4.0,-3.0,-35.0
1776885560.2361028,-6.0,-2.0,-33.0
1776885560.2461028,-5.0,0.0,-34.0
1776885560.2561028,-2.0,-1.0,-40.0
1776885560.2661028,1.0,-4.0,-32.0
1776885560.2761028,1.0,-6.0,-31.0
1776885560.2861028,0.0,-9.0,-35.0
1776885560.2961028,0.0,-5.0,-27.0
1776885560.3061028,3.0,-2.0,-28.0
1776885560.3161027,1.0,1.0,-35.0
1776885560.3261027,-1.0,3.0,-40.0
1776885560.3361027,-4.0,1.0,-35.0
1776885560.3461027,-7.0,2.0,-33.0
1776885560.3561027,-5.0,0.0,-30.0
1776885560.3661027,-5.0,0.0,-31.0
1776885560.3761027,-3.0,0.0,-35.0
1776885560.386103,-2.0,2.0,-37.0
1776885560.396103,-5.0,2.0,-42.0
1776885560.406103,0.0,4.0,-48.0
1776885560.4161026,2.0,3.0,-52.0
1776885560.4261026,1.0,0.0,-47.0
1776885560.4361026,1.0,0.0,-44.0
1776885560.4461029,-4.0,-3.0,-48.0
1776885560.4561028,-7.0,-5.0,-52.0
1776885560.4661028,-4.0,-2.0,-51.0
1776885560.4761028,-4.0,-2.0,-42.0
1776885560.4861028,-2.0,0.0,-46.0
1776885560.4961028,-6.0,0.0,-45.0
1776885560.5061028,0.0,0.0,-42.0
1776885560.5161028,-1.0,-1.0,-41.0
1776885560.5261028,1.0,-4.0,-47.0
1776885560.5361028,1.0,-5.0,-46.0
1776885560.5461028,-1.0,1.0,-40.0
1776885560.5561028,-2.0,0.0,-40.0
1776885560.5661027,-2.0,1.0,-42.0
1776885560.5761027,-2.0,2.0,-43.0
1776885560.5861027,0.0,0.0,-44.0
1776885560.5961027,-4.0,-2.0,-44.0
1776885560.6061027,-3.0,-3.0,-41.0
1776885560.6171026,-1.0,-8.0,-39.0
1776885560.6261027,1.0,-8.0,-38.0
1776885560.636103,3.0,-5.0,-36.0
1776885560.646103,0.0,-2.0,-40.0
1776885560.656103,0.0,-3.0,-46.0
1776885560.6661026,-3.0,-4.0,-46.0
1776885560.6761026,-4.0,-1.0,-39.0
1776885560.6861026,-2.0,-1.0,-37.0
1776885560.6961029,0.0,-4.0,-42.0
1776885560.7061028,3.0,-3.0,-41.0
1776885560.7161028,1.0,-2.0,-46.0
1776885560.7261028,0.0,-5.0,-48.0
1776885560.7361028,3.0,-4.0,-52.0
1776885560.7461028,3.0,-6.0,-57.0
1776885560.7561028,4.0,-11.0,-52.0
1776885560.7661028,4.0,-9.0,-51.0
1776885560.7761028,1.0,-3.0,-54.0
1776885560.7861028,4.0,-3.0,-51.0
1776885560.7961028,1.0,0.0,-55.0
1776885560.8061028,2.0,0.0,-56.0
1776885560.8161027,2.0,-2.0,-56.0
1776885560.8261027,0.0,-1.0,-52.0
1776885560.8361027,-1.0,-2.0,-51.0
1776885560.8461027,-2.0,-2.0,-42.0
1776885560.8561027,-1.0,0.0,-42.0
1776885560.8661027,4.0,0.0,-43.0
1776885560.8761027,4.0,-4.0,-46.0
1776885560.886103,3.0,-4.0,-50.0
1776885560.896103,6.0,-6.0,-55.0
1776885560.906103,3.0,-3.0,-57.0
1776885560.9161026,5.0,-3.0,-54.0
1776885560.9261026,5.0,-6.0,-51.0
1776885560.9361026,4.0,-5.0,-49.0
1776885560.9461029,5.0,-2.0,-42.0
1776885560.9561028,4.0,-5.0,-43.0
1776885560.9661028,1.0,-7.0,-40.0
1776885560.9761028,-1.0,-5.0,-42.0
1776885560.9861028,-6.0,-4.0,-37.0
1776885560.9961028,-4.0,-4.0,-38.0
1776885561.0061028,-2.0,0.0,-44.0
1776885561.0161028,0.0,2.0,-46.0
1776885561.0261028,0.0,0.0,-42.0
1776885561.0361028,-1.0,0.0,-42.0
1776885561.0461028,0.0,-3.0,-43.0
1776885561.0561028,3.0,-5.0,-43.0
1776885561.0661027,2.0,-3.0,-46.0
1776885561.0761027,-3.0,-7.0,-47.0
1776885561.0861027,-3.0,-4.0,-45.0
1776885561.0961027,-2.0,-2.0,-46.0
1776885561.1061027,0.0,0.0,-45.0
1776885561.1161027,0.0,-2.0,-46.0
1776885561.1261027,0.0,-1.0,-43.0
1776885561.136103,2.0,-2.0,-34.0
1776885561.146103,1.0,0.0,-32.0
1776885561.156103,0.0,0.0,-36.0
1776885561.1661026,-2.0,-2.0,-39.0
1776885561.1761026,-1.0,0.0,-37.0
1776885561.1861026,0.0,-3.0,-40.0
1776885561.1961029,0.0,-2.0,-42.0
1776885561.2061028,2.0,-1.0,-36.0
1776885561.2161028,3.0,1.0,-42.0
1776885561.2261028,0.0,-3.0,-37.0
1776885561.2361028,-3.0,-7.0,-36.0
1776885561.2461028,-3.0,-7.0,-35.0
1776885561.2561028,-2.0,-6.0,-41.0
1776885561.2661028,0.0,-5.0,-44.0
1776885561.2761028,-2.0,-5.0,-44.0
1776885561.2861028,-2.0,-1.0,-43.0
1776885561.2961028,-1.0,0.0,-41.0
1776885561.3061028,1.0,2.0,-39.0
1776885561.3161027,0.0,0.0,-44.0
1776885561.3261027,-1.0,0.0,-37.0
1776885561.3361027,-4.0,-1.0,-35.0
1776885561.3461027,-4.0,-2.0,-42.0
1776885561.3561027,-3.0,-4.0,-43.0
1776885561.3661027,-6.0,-6.0,-42.0
1776885561.3761027,-5.0,-8.0,-45.0
1776885561.386103,-5.0,-7.0,-43.0
1776885561.396103,-2.0,-2.0,-35.0
1776885561.406103,-5.0,-3.0,-42.0
1776885561.4161026,-2.0,-1.0,-44.0
1776885561.4261026,1.0,-6.0,-46.0
1776885561.4361026,1.0,-4.0,-46.0
1776885561.4461029,-1.0,-3.0,-36.0
1776885561.4561028,0.0,2.0,-39.0
1776885561.4661028,4.0,5.0,-41.0
1776885561.4761028,4.0,-1.0,-39.0
1776885561.4861028,3.0,-2.0,-44.0
1776885561.4961028,5.0,-3.0,-45.0
1776885561.5061028,4.0,-2.0,-42.0
1776885561.5161028,6.0,0.0,-37.0
1776885561.5261028,7.0,-4.0,-34.0
1776885561.5361028,3.0,-3.0,-36.0
1776885561.5461028,0.0,-4.0,-37.0
1776885561.5561028,-2.0,-8.0,-38.0
1776885561.5661027,-1.0,-10.0,-37.0
1776885561.5761027,-6.0,-7.0,-40.0
1776885561.5861027,-7.0,-5.0,-47.0
1776885561.5961027,-1.0,-5.0,-47.0
1776885561.6061027,0.0,-4.0,-50.0
1776885561.6161027,0.0,-6.0,-52.0
1776885561.6261027,0.0,-8.0,-59.0
1776885561.636103,2.0,-3.0,-54.0
1776885561.646103,0.0,-3.0,-47.0
1776885561.656103,1.0,-5.0,-43.0
1776885561.6661026,8.0,-2.0,-47.0
1776885561.6761026,7.0,-1.0,-45.0
1776885561.6861026,5.0,-3.0,-39.0
1776885561.6961029,3.0,-8.0,-38.0
1776885561.7061028,4.0,-8.0,-37.0
1776885561.7161028,7.0,-6.0,-36.0
1776885561.7261028,7.0,-4.0,-33.0
1776885561.7361028,0.0,-4.0,-39.0
1776885561.7461028,4.0,-5.0,-37.0
1776885561.7561028,6.0,-9.0,-37.0
1776885561.7661028,5.0,-11.0,-43.0
1776885561.7761028,1.0,-7.0,-41.0
1776885561.7861028,2.0,-1.0,-39.0
1776885561.7961028,5.0,-3.0,-44.0
1776885561.8061028,6.0,-4.0,-43.0
1776885561.8161027,1.0,-6.0,-40.0
1776885561.8261027,0.0,-9.0,-38.0
1776885561.837103,-2.0,-9.0,-48.0
1776885561.8461027,-4.0,-7.0,-47.0
1776885561.8561027,-4.0,-7.0,-53.0
1776885561.8671026,-4.0,-1.0,-50.0
1776885561.8771029,-2.0,3.0,-48.0
1776885561.8871028,-1.0,3.0,-43.0
1776885561.8971028,0.0,1.0,-43.0
1776885561.9071028,2.0,1.0,-46.0
1776885561.9171028,4.0,2.0,-39.0
1776885561.9271028,2.0,3.0,-34.0
1776885561.9371028,-3.0,2.0,-35.0
1776885561.9471028,-4.0,0.0,-36.0
1776885561.9571028,2.0,2.0,-33.0
1776885561.9671028,1.0,1.0,-43.0
1776885561.9771028,-2.0,0.0,-46.0
1776885561.9871027,-8.0,0.0,-44.0
1776885561.9971027,-11.0,2.0,-47.0
1776885562.0071027,-5.0,5.0,-33.0
1776885562.0171027,-3.0,2.0,-28.0
1776885562.0271027,-1.0,0.0,-33.0
1776885562.0371027,-1.0,0.0,-40.0
1776885562.0471027,1.0,-5.0,-45.0
1776885562.057103,8.0,-7.0,-49.0
1776885562.067103,4.0,-6.0,-49.0
1776885562.077103,2.0,2.0,-48.0
1776885562.087103,1.0,2.0,-47.0
1776885562.0971026,4.0,5.0,-51.0
1776885562.1071026,4.0,3.0,-51.0
1776885562.1171026,3.0,3.0,-49.0
1776885562.1271029,3.0,6.0,-50.0
1776885562.1371028,3.0,5.0,-41.0
1776885562.1471028,0.0,1.0,-41.0
1776885562.1571028,3.0,2.0,-38.0
1776885562.1671028,3.0,3.0,-39.0
1776885562.1771028,2.0,-1.0,-37.0
1776885562.1871028,0.0,-1.0,-35.0
1776885562.1971028,6.0,-3.0,-35.0
1776885562.2071028,5.0,1.0,-32.0
1776885562.2171028,4.0,0.0,-33.0
1776885562.2271028,2.0,0.0,-36.0
1776885562.2371027,1.0,-1.0,-37.0
1776885562.2471027,4.0,5.0,-34.0
1776885562.2571027,1.0,6.0,-32.0
1776885562.2671027,3.0,7.0,-40.0
1776885562.2771027,1.0,3.0,-44.0
1776885562.2871027,0.0,0.0,-43.0
1776885562.2971027,0.0,2.0,-40.0
1776885562.307103,0.0,5.0,-38.0
1776885562.317103,0.0,2.0,-39.0
1776885562.327103,-1.0,0.0,-40.0
1776885562.337103,-2.0,-1.0,-39.0
1776885562.3471026,-2.0,0.0,-41.0
1776885562.3571026,-6.0,-1.0,-40.0
1776885562.3671026,-1.0,0.0,-34.0
1776885562.3771029,-4.0,0.0,-38.0
1776885562.3871028,-4.0,3.0,-43.0
1776885562.3971028,0.0,5.0,-41.0
1776885562.4071028,5.0,2.0,-41.0
1776885562.4171028,3.0,0.0,-41.0
1776885562.4271028,4.0,-3.0,-45.0
1776885562.4371028,5.0,-5.0,-47.0
1776885562.4471028,5.0,-3.0,-42.0
1776885562.4571028,1.0,0.0,-49.0
1776885562.4671028,0.0,1.0,-46.0
1776885562.4771028,6.0,2.0,-48.0
1776885562.4871027,6.0,0.0,-41.0
1776885562.4971027,2.0,-1.0,-35.0
1776885562.5071027,2.0,-2.0,-35.0
1776885562.5171027,0.0,-3.0,-33.0
1776885562.5271027,1.0,-5.0,-31.0
1776885562.5371027,4.0,-3.0,-29.0
1776885562.5471027,2.0,-3.0,-34.0
1776885562.557103,0.0,0.0,-42.0
1776885562.567103,-1.0,0.0,-42.0
1776885562.577103,0.0,-1.0,-47.0
1776885562.587103,-1.0,0.0,-42.0
1776885562.5971026,2.0,0.0,-42.0
1776885562.6071026,5.0,0.0,-40.0
1776885562.6171026,5.0,-5.0,-30.0
1776885562.6271029,2.0,-8.0,-32.0
1776885562.6371028,-1.0,-7.0,-35.0
1776885562.6471028,1.0,-4.0,-38.0
1776885562.6571028,0.0,-4.0,-35.0
1776885562.6671028,0.0,-2.0,-32.0
1776885562.6771028,-2.0,1.0,-31.0
1776885562.6871028,0.0,0.0,-31.0
1776885562.6971028,3.0,1.0,-36.0
1776885562.7071028,4.0,4.0,-36.0
1776885562.7171028,0.0,2.0,-37.0
1776885562.7271028,-2.0,2.0,-34.0
1776885562.7371027,0.0,0.0,-40.0
1776885562.7471027,4.0,1.0,-38.0
1776885562.7571027,1.0,2.0,-48.0
1776885562.7671027,0.0,3.0,-50.0
1776885562.7771027,1.0,-3.0,-48.0
1776885562.7871027,0.0,-1.0,-46.0
1776885562.7971027,-1.0,-2.0,-40.0
1776885562.807103,0.0,-2.0,-38.0
1776885562.817103,1.0,2.0,-43.0
1776885562.827103,-2.0,3.0,-43.0
1776885562.837103,-2.0,0.0,-44.0
1776885562.8471026,-6.0,0.0,-51.0
1776885562.8571026,-5.0,0.0,-51.0
1776885562.8671026,-3.0,-2.0,-52.0
1776885562.8771029,-1.0,-3.0,-52.0
1776885562.8871028,0.0,-2.0,-54.0
1776885562.8971028,0.0,-3.0,-60.0
1776885562.9071028,3.0,-3.0,-55.0
1776885562.9171028,6.0,-3.0,-57.0
1776885562.9271028,6.0,-4.0,-55.0
1776885562.9371028,8.0,-6.0,-46.0
1776885562.9471028,4.0,-4.0,-42.0
1776885562.9571028,3.0,-7.0,-46.0
1776885562.9671028,4.0,-5.0,-51.0
1776885562.9771028,0.0,-3.0,-43.0
1776885562.9871027,-1.0,-2.0,-41.0
1776885562.9971027,0.0,0.0,-39.0
1776885563.0071027,-1.0,0.0,-42.0
1776885563.0171027,1.0,-1.0,-37.0
1776885563.0271027,1.0,-3.0,-31.0
1776885563.0371027,2.0,-4.0,-28.0
1776885563.0471027,2.0,0.0,-34.0
1776885563.057103,4.0,4.0,-35.0
1776885563.067103,4.0,5.0,-37.0
1776885563.077103,4.0,6.0,-42.0
1776885563.087103,3.0,4.0,-35.0
1776885563.0971026,-3.0,0.0,-39.0
1776885563.1071026,-1.0,-2.0,-37.0
1776885563.1171026,-2.0,-4.0,-39.0
1776885563.1271029,-2.0,0.0,-42.0
1776885563.1371028,-2.0,2.0,-44.0
1776885563.1471028,-2.0,1.0,-45.0
1776885563.1571028,-1.0,-3.0,-39.0
1776885563.1671028,-3.0,-2.0,-43.0
1776885563.1771028,-4.0,-4.0,-44.0
1776885563.1871028,-5.0,-5.0,-38.0
1776885563.1971028,-6.0,-9.0,-39.0
1776885563.2071028,-1.0,-8.0,-40.0
1776885563.2171028,-6.0,-6.0,-43.0
1776885563.2271028,-8.0,-9.0,-51.0
1776885563.2371027,-10.0,-4.0,-50.0
1776885563.2471027,-10.0,-3.0,-48.0
1776885563.2571027,-9.0,-7.0,-42.0
1776885563.2671027,-7.0,-3.0,-43.0
1776885563.2771027,-11.0,-4.0,-43.0
1776885563.2871027,-9.0,-5.0,-40.0
1776885563.2971027,-4.0,-6.0,-42.0
1776885563.307103,0.0,-7.0,-40.0
1776885563.317103,2.0,-3.0,-51.0
1776885563.327103,2.0,0.0,-49.0
1776885563.337103,-2.0,0.0,-48.0
1776885563.3471026,-2.0,-3.0,-51.0
1776885563.3571026,-4.0,1.0,-43.0
1776885563.3671026,-1.0,0.0,-38.0
1776885563.3771029,-3.0,0.0,-35.0
1776885563.3871028,0.0,1.0,-36.0
1776885563.3971028,-1.0,1.0,-33.0
1776885563.4071028,1.0,-1.0,-30.0
1776885563.4171028,2.0,1.0,-35.0
1776885563.4271028,3.0,5.0,-37.0
1776885563.4371028,2.0,8.0,-39.0
1776885563.4471028,2.0,7.0,-42.0
1776885563.4571028,2.0,3.0,-38.0
1776885563.4671028,-1.0,3.0,-39.0
1776885563.4771028,0.0,5.0,-41.0
1776885563.4871027,0.0,4.0,-46.0
1776885563.4971027,0.0,0.0,-42.0
1776885563.5071027,-3.0,0.0,-45.0
1776885563.5171027,0.0,2.0,-48.0
1776885563.5271027,2.0,5.0,-46.0
1776885563.5371027,4.0,4.0,-46.0
1776885563.5471027,0.0,3.0,-46.0
1776885563.557103,0.0,3.0,-50.0
1776885563.567103,3.0,0.0,-49.0
1776885563.577103,7.0,1.0,-50.0
1776885563.587103,7.0,0.0,-47.0
1776885563.5971026,7.0,-1.0,-40.0
1776885563.6071026,5.0,-2.0,-46.0
1776885563.6171026,3.0,-3.0,-47.0
1776885563.6271029,3.0,-3.0,-44.0
1776885563.6371028,2.0,0.0,-44.0
1776885563.6471028,-1.0,3.0,-42.0
1776885563.6571028,2.0,4.0,-44.0
1776885563.6671028,3.0,5.0,-48.0
1776885563.6771028,2.0,5.0,-45.0
1776885563.6871028,0.0,4.0,-39.0
1776885563.6971028,1.0,0.0,-33.0
1776885563.7071028,-1.0,0.0,-26.0
1776885563.7171028,-1.0,-2.0,-28.0
1776885563.7271028,-4.0,-7.0,-35.0
1776885563.7371027,-4.0,-3.0,-40.0
1776885563.7471027,0.0,0.0,-33.0
1776885563.7571027,-3.0,2.0,-26.0
1776885563.7671027,-4.0,2.0,-30.0
1776885563.7771027,-2.0,-2.0,-26.0
1776885563.7871027,-2.0,-3.0,-25.0
1776885563.7981029,-2.0,0.0,-24.0
1776885563.807103,0.0,4.0,-33.0
1776885563.817103,-2.0,2.0,-37.0
1776885563.8281028,-1.0,0.0,-39.0
1776885563.8381028,0.0,-1.0,-42.0
1776885563.8481028,-3.0,-3.0,-48.0
1776885563.8581028,-7.0,-4.0,-46.0
1776885563.8681028,-7.0,-4.0,-42.0
1776885563.8781028,-7.0,-1.0,-52.0
1776885563.8881028,-5.0,0.0,-50.0
1776885563.8981028,-4.0,2.0,-44.0
1776885563.9081028,-3.0,1.0,-41.0
1776885563.9181027,-4.0,0.0,-39.0
1776885563.9281027,-4.0,0.0,-35.0
1776885563.9381027,-4.0,0.0,-39.0
1776885563.9481027,-7.0,-3.0,-35.0
1776885563.9581027,-10.0,-1.0,-40.0
1776885563.9681027,-6.0,-4.0,-41.0
1776885563.9781027,-6.0,-5.0,-44.0
1776885563.988103,-5.0,-4.0,-42.0
1776885563.998103,-2.0,-3.0,-46.0
1776885564.008103,2.0,0.0,-45.0
1776885564.0181026,5.0,0.0,-42.0
1776885564.0281026,4.0,0.0,-44.0
1776885564.0381026,2.0,-2.0,-50.0
1776885564.0481029,3.0,-2.0,-51.0
1776885564.0581028,0.0,-2.0,-46.0
1776885564.0681028,-1.0,-1.0,-56.0
1776885564.0781028,0.0,-1.0,-51.0
1776885564.0881028,3.0,-2.0,-46.0
1776885564.0981028,2.0,-5.0,-48.0
1776885564.1081028,-3.0,-2.0,-50.0
1776885564.1181028,-3.0,0.0,-40.0
1776885564.1281028,0.0,1.0,-41.0
1776885564.1381028,-2.0,0.0,-47.0
1776885564.1481028,1.0,0.0,-48.0
1776885564.1581028,4.0,-1.0,-53.0
1776885564.1681027,4.0,-2.0,-61.0
1776885564.1781027,2.0,0.0,-58.0
1776885564.1881027,5.0,0.0,-58.0
1776885564.1981027,9.0,3.0,-57.0
1776885564.2081027,9.0,6.0,-53.0
1776885564.2181027,7.0,4.0,-51.0
1776885564.2281027,9.0,0.0,-47.0
1776885564.238103,5.0,0.0,-46.0
1776885564.248103,2.0,-1.0,-52.0
1776885564.258103,0.0,-2.0,-48.0
1776885564.2681026,3.0,0.0,-53.0
1776885564.2781026,5.0,1.0,-53.0
1776885564.2881026,5.0,2.0,-53.0
1776885564.2981029,-1.0,3.0,-53.0
1776885564.3081028,0.0,1.0,-55.0
1776885564.3181028,0.0,-1.0,-49.0
1776885564.3281028,1.0,-3.0,-51.0
1776885564.3381028,3.0,-1.0,-46.0
1776885564.3481028,0.0,-4.0,-48.0
1776885564.3581028,-3.0,-1.0,-46.0
1776885564.3681028,-7.0,2.0,-42.0
1776885564.3781028,-2.0,3.0,-42.0
1776885564.3881028,0.0,0.0,-46.0
1776885564.3981028,0.0,-1.0,-47.0
1776885564.4081028,0.0,0.0,-55.0
1776885564.4181027,1.0,0.0,-49.0
1776885564.4281027,2.0,-5.0,-55.0
1776885564.4381027,7.0,-3.0,-50.0
1776885564.4481027,8.0,-1.0,-39.0
1776885564.4581027,7.0,2.0,-39.0
1776885564.4681027,4.0,2.0,-40.0
1776885564.4781027,5.0,0.0,-42.0
1776885564.488103,3.0,-1.0,-41.0
1776885564.498103,5.0,0.0,-43.0
1776885564.508103,4.0,-3.0,-39.0
1776885564.5181026,2.0,-2.0,-38.0
1776885564.5281026,5.0,-5.0,-39.0
1776885564.5381026,3.0,-2.0,-40.0
1776885564.5481029,-2.0,0.0,-42.0
1776885564.5581028,-6.0,0.0,-39.0
1776885564.5681028,-5.0,-4.0,-39.0
1776885564.5781028,-2.0,-3.0,-36.0
1776885564.5881028,-2.0,1.0,-42.0
1776885564.5981028,-4.0,1.0,-43.0
1776885564.6081028,0.0,5.0,-42.0
1776885564.6181028,0.0,4.0,-48.0
1776885564.6281028,0.0,2.0,-54.0
1776885564.6381028,-2.0,0.0,-61.0
1776885564.6481028,0.0,-1.0,-55.0
1776885564.6581028,-2.0,-5.0,-54.0
1776885564.6681027,-6.0,-7.0,-53.0
1776885564.6781027,-6.0,-4.0,-48.0
1776885564.6881027,-3.0,-8.0,-49.0
1776885564.6981027,-1.0,-8.0,-47.0
1776885564.7081027,0.0,-4.0,-46.0
1776885564.7181027,5.0,-2.0,-42.0
1776885564.7281027,9.0,-4.0,-43.0
1776885564.738103,9.0,-2.0,-45.0
1776885564.748103,9.0,-2.0,-47.0
1776885564.758103,4.0,-5.0,-55.0
1776885564.7681026,3.0,-2.0,-50.0
1776885564.7781026,0.0,-3.0,-40.0
1776885564.7881026,0.0,-2.0,-43.0
1776885564.7981029,2.0,0.0,-43.0
1776885564.8081028,0.0,2.0,-44.0
1776885564.8181028,0.0,1.0,-43.0
1776885564.8281028,3.0,2.0,-42.0
1776885564.8381028,6.0,2.0,-45.0
1776885564.8481028,9.0,3.0,-45.0
1776885564.8581028,7.0,4.0,-41.0
1776885564.8681028,4.0,3.0,-47.0
1776885564.8781028,4.0,2.0,-48.0
1776885564.8881028,-1.0,2.0,-49.0
1776885564.8981028,-2.0,1.0,-48.0
1776885564.9081028,0.0,0.0,-42.0
1776885564.9181027,0.0,5.0,-33.0
1776885564.9281027,2.0,1.0,-31.0
1776885564.9381027,0.0,-3.0,-38.0
1776885564.9481027,0.0,-7.0,-40.0
1776885564.9581027,0.0,-2.0,-45.0
1776885564.9681027,0.0,-3.0,-40.0
1776885564.9781027,4.0,-2.0,-42.0
1776885564.988103,4.0,-2.0,-46.0
1776885564.998103,3.0,-2.0,-53.0
1776885565.008103,0.0,-5.0,-51.0
1776885565.0181026,2.0,0.0,-47.0
1776885565.0281026,4.0,0.0,-44.0
1776885565.0381026,3.0,0.0,-42.0
1776885565.0481029,4.0,0.0,-53.0
1776885565.0581028,9.0,-5.0,-54.0
1776885565.0681028,6.0,-3.0,-42.0
1776885565.0781028,4.0,-6.0,-46.0
1776885565.0881028,6.0,-1.0,-49.0
1776885565.0981028,8.0,0.0,-49.0
1776885565.1081028,9.0,-3.0,-53.0
1776885565.1181028,8.0,0.0,-52.0
1776885565.1281028,7.0,-2.0,-43.0
1776885565.1381028,5.0,-2.0,-46.0
1776885565.1481028,2.0,1.0,-47.0
1776885565.1581028,0.0,-1.0,-47.0
1776885565.1681027,1.0,-4.0,-44.0
1776885565.1781027,1.0,-4.0,-40.0
1776885565.1881027,1.0,-3.0,-41.0
1776885565.1981027,2.0,-2.0,-41.0
1776885565.2081027,1.0,0.0,-44.0
1776885565.2181027,0.0,0.0,-46.0
1776885565.2281027,1.0,4.0,-46.0
1776885565.238103,0.0,0.0,-48.0
1776885565.248103,2.0,1.0,-52.0
1776885565.258103,1.0,3.0,-52.0
1776885565.2681026,2.0,3.0,-48.0
1776885565.2781026,2.0,4.0,-50.0
1776885565.2881026,2.0,0.0,-47.0
1776885565.2981029,4.0,-3.0,-41.0
1776885565.3081028,3.0,0.0,-45.0
1776885565.3181028,-3.0,5.0,-47.0
1776885565.3281028,1.0,3.0,-41.0
1776885565.3381028,4.0,-3.0,-49.0
1776885565.3481028,0.0,-3.0,-46.0
1776885565.3581028,-6.0,-3.0,-43.0
1776885565.3681028,0.0,-5.0,-35.0
1776885565.3781028,1.0,-3.0,-34.0
1776885565.3881028,1.0,-3.0,-35.0
1776885565.3981028,-4.0,-2.0,-36.0
1776885565.4081028,-1.0,2.0,-33.0
1776885565.4181027,-2.0,0.0,-45.0
1776885565.4281027,-3.0,0.0,-45.0
1776885565.4381027,1.0,2.0,-44.0
1776885565.4481027,5.0,0.0,-49.0
1776885565.4581027,7.0,-1.0,-47.0
1776885565.4681027,2.0,-5.0,-47.0
1776885565.4781027,1.0,-3.0,-47.0
1776885565.488103,1.0,-3.0,-43.0
1776885565.498103,2.0,-5.0,-40.0
1776885565.508103,3.0,-9.0,-40.0
1776885565.5181026,2.0,-11.0,-37.0
1776885565.5281026,0.0,-8.0,-38.0
1776885565.5381026,0.0,-9.0,-35.0
1776885565.5481029,0.0,-8.0,-36.0
1776885565.5581028,-1.0,-5.0,-33.0
1776885565.5681028,-4.0,-6.0,-38.0
1776885565.5781028,-5.0,-3.0,-44.0
1776885565.5881028,-4.0,-2.0,-50.0
1776885565.5981028,-3.0,0.0,-51.0
1776885565.6081028,-1.0,3.0,-43.0
1776885565.6181028,-2.0,1.0,-42.0
1776885565.6281028,-2.0,2.0,-37.0
1776885565.6381028,-7.0,4.0,-37.0
1776885565.6481028,-10.0,0.0,-39.0
1776885565.6581028,-9.0,-5.0,-46.0
1776885565.6681027,-5.0,-2.0,-48.0
1776885565.6781027,-4.0,-5.0,-48.0
1776885565.6881027,-1.0,-3.0,-54.0
1776885565.6981027,1.0,0.0,-51.0
1776885565.7081027,3.0,-3.0,-48.0
1776885565.7181027,0.0,-3.0,-43.0
1776885565.7281027,3.0,-6.0,-44.0
1776885565.738103,4.0,-8.0,-49.0
1776885565.748103,3.0,-6.0,-45.0
1776885565.758103,2.0,-4.0,-43.0
1776885565.7681026,1.0,-2.0,-43.0
1776885565.7791028,1.0,7.0,-45.0
1776885565.7891028,1.0,6.0,-49.0
1776885565.7991028,2.0,0.0,-49.0
1776885565.8091028,7.0,-4.0,-46.0
1776885565.8191028,2.0,-7.0,-50.0
1776885565.8291028,6.0,-4.0,-48.0
1776885565.8391027,2.0,-1.0,-45.0
1776885565.8491027,4.0,0.0,-46.0
1776885565.8591027,7.0,-1.0,-42.0
1776885565.8691027,6.0,-4.0,-47.0
1776885565.8791027,3.0,-3.0,-50.0
1776885565.8891027,2.0,-1.0,-47.0
1776885565.8991027,0.0,-4.0,-43.0
1776885565.909103,-2.0,0.0,-41.0
1776885565.919103,1.0,5.0,-37.0
1776885565.929103,3.0,3.0,-33.0
1776885565.9391026,0.0,2.0,-35.0
1776885565.9491026,1.0,0.0,-35.0
1776885565.9591026,-2.0,0.0,-32.0
1776885565.9691026,-2.0,0.0,-36.0
1776885565.9791028,0.0,-2.0,-34.0
1776885565.9891028,0.0,-1.0,-36.0
1776885565.9991028,2.0,0.0,-37.0
1776885566.0091028,-1.0,4.0,-42.0
1776885566.0191028,0.0,6.0,-42.0
1776885566.0291028,0.0,4.0,-40.0
1776885566.0391028,1.0,2.0,-45.0
1776885566.0491028,4.0,4.0,-39.0
1776885566.0591028,2.0,-2.0,-41.0
1776885566.0691028,-1.0,-3.0,-36.0
1776885566.0791028,1.0,-3.0,-43.0
1776885566.0891027,1.0,-4.0,-46.0
1776885566.0991027,1.0,-5.0,-50.0
1776885566.1091027,0.0,-9.0,-46.0
1776885566.1191027,1.0,-8.0,-47.0
1776885566.1291027,0.0,-7.0,-45.0
1776885566.1391027,-4.0,-8.0,-45.0
1776885566.1491027,-6.0,-4.0,-43.0
1776885566.159103,-9.0,-2.0,-40.0
1776885566.169103,-6.0,-2.0,-43.0
1776885566.179103,-7.0,0.0,-44.0
1776885566.1891026,-7.0,1.0,-45.0
1776885566.1991026,-5.0,4.0,-49.0
1776885566.2091026,-6.0,3.0,-43.0
1776885566.2191026,-1.0,-1.0,-36.0
1776885566.2291028,-1.0,0.0,-40.0
1776885566.2391028,-1.0,0.0,-39.0
1776885566.2491028,-3.0,-2.0,-41.0
1776885566.2591028,-4.0,0.0,-43.0
1776885566.2691028,-2.0,1.0,-47.0
1776885566.2791028,-5.0,-1.0,-47.0
1776885566.2891028,-3.0,-1.0,-51.0
1776885566.2991028,-2.0,-1.0,-54.0
1776885566.3091028,-3.0,-2.0,-53.0
1776885566.3191028,-4.0,-2.0,-49.0
1776885566.3291028,-1.0,1.0,-40.0
1776885566.3391027,0.0,-2.0,-43.0
1776885566.3491027,-2.0,-2.0,-38.0
1776885566.3591027,-1.0,2.0,-46.0
1776885566.3691027,0.0,-2.0,-52.0
1776885566.3791027,7.0,-2.0,-48.0
1776885566.3891027,3.0,-2.0,-47.0
1776885566.3991027,0.0,-4.0,-45.0
1776885566.409103,1.0,-3.0,-45.0
1776885566.419103,1.0,-3.0,-40.0
1776885566.429103,1.0,-1.0,-40.0
1776885566.4391026,-2.0,0.0,-38.0
1776885566.4491026,-3.0,-3.0,-45.0
1776885566.4591026,-2.0,-1.0,-42.0
1776885566.4691026,-3.0,1.0,-39.0
1776885566.4791028,-2.0,0.0,-45.0
1776885566.4891028,0.0,0.0,-42.0
1776885566.4991028,-1.0,1.0,-46.0
1776885566.5091028,-7.0,1.0,-51.0
1776885566.5191028,-5.0,3.0,-45.0
1776885566.5291028,-5.0,3.0,-46.0
1776885566.5391028,-6.0,0.0,-37.0
1776885566.5491028,-4.0,0.0,-37.0
1776885566.5591028,0.0,0.0,-46.0
1776885566.5691028,-4.0,-2.0,-42.0
1776885566.5791028,-4.0,-6.0,-44.0
1776885566.5891027,-3.0,-4.0,-51.0
1776885566.5991027,-3.0,-5.0,-49.0
1776885566.6091027,-4.0,-5.0,-47.0
1776885566.6191027,-3.0,-5.0,-47.0
1776885566.6291027,-1.0,-5.0,-42.0
1776885566.6391027,0.0,-2.0,-42.0
1776885566.6491027,0.0,-1.0,-41.0
1776885566.659103,4.0,0.0,-41.0
1776885566.669103,2.0,1.0,-42.0
1776885566.679103,3.0,4.0,-37.0
1776885566.6891026,-1.0,6.0,-40.0
1776885566.6991026,-6.0,3.0,-39.0
1776885566.7091026,-2.0,-1.0,-36.0
1776885566.7191026,-1.0,-3.0,-39.0
1776885566.7291028,0.0,0.0,-37.0
1776885566.7391028,0.0,0.0,-37.0
1776885566.7491028,1.0,-1.0,-45.0
1776885566.7591028,-1.0,4.0,-55.0
1776885566.7691028,-2.0,5.0,-54.0
1776885566.7791028,-2.0,4.0,-55.0
1776885566.7891028,-3.0,3.0,-57.0
1776885566.7991028,1.0,1.0,-47.0
1776885566.8091028,-1.0,-3.0,-42.0
1776885566.8191028,-4.0,-5.0,-39.0
1776885566.8291028,0.0,-5.0,-41.0
1776885566.8391027,-4.0,-4.0,-41.0
1776885566.8491027,-2.0,-4.0,-38.0
1776885566.8591027,3.0,-3.0,-38.0
1776885566.8691027,1.0,-1.0,-40.0
1776885566.8791027,3.0,1.0,-39.0
1776885566.8891027,3.0,0.0,-37.0
1776885566.8991027,1.0,0.0,-35.0
1776885566.909103,-3.0,0.0,-37.0
1776885566.919103,-2.0,0.0,-37.0
1776885566.929103,0.0,1.0,-36.0
1776885566.9391026,4.0,-1.0,-38.0
1776885566.9491026,4.0,1.0,-39.0
1776885566.9591026,8.0,2.0,-43.0
1776885566.9691026,11.0,3.0,-46.0
1776885566.9791028,11.0,2.0,-45.0
1776885566.9891028,8.0,3.0,-49.0
1776885566.9991028,4.0,1.0,-47.0
1776885567.0091028,0.0,-1.0,-51.0
1776885567.0191028,-1.0,-4.0,-50.0
1776885567.0291028,-8.0,1.0,-50.0
1776885567.0391028,-10.0,0.0,-52.0
1776885567.0491028,-12.0,-3.0,-52.0
1776885567.0591028,-12.0,-2.0,-46.0
1776885567.0691028,-13.0,0.0,-46.0
1776885567.0791028,-12.0,0.0,-41.0
1776885567.0891027,-7.0,-4.0,-42.0
1776885567.0991027,-4.0,0.0,-41.0
1776885567.1091027,-3.0,0.0,-34.0
1776885567.1191027,0.0,2.0,-35.0
1776885567.1291027,-1.0,4.0,-35.0
1776885567.1391027,-1.0,4.0,-40.0
1776885567.1491027,0.0,1.0,-41.0
1776885567.159103,0.0,0.0,-38.0
1776885567.169103,3.0,-4.0,-42.0
1776885567.179103,6.0,0.0,-42.0
1776885567.1891026,4.0,0.0,-48.0
1776885567.1991026,7.0,0.0,-48.0
1776885567.2091026,7.0,-1.0,-43.0
1776885567.2191026,4.0,1.0,-40.0
1776885567.2291028,3.0,1.0,-39.0
1776885567.2391028,6.0,1.0,-39.0
1776885567.2491028,7.0,-2.0,-45.0
1776885567.2591028,5.0,-6.0,-39.0
1776885567.2691028,6.0,-6.0,-41.0
1776885567.2791028,0.0,-5.0,-35.0
1776885567.2891028,-3.0,-11.0,-33.0
1776885567.2991028,-1.0,-5.0,-36.0
1776885567.3091028,0.0,-1.0,-37.0
1776885567.3191028,-4.0,0.0,-39.0
1776885567.3291028,-9.0,0.0,-40.0
1776885567.3391027,-6.0,2.0,-37.0
1776885567.3491027,-3.0,6.0,-35.0
1776885567.3591027,-6.0,0.0,-40.0
1776885567.3691027,-5.0,-5.0,-40.0
1776885567.3791027,-3.0,-3.0,-36.0
1776885567.3891027,-2.0,-4.0,-32.0
1776885567.3991027,0.0,-7.0,-38.0
1776885567.409103,-5.0,-10.0,-38.0
1776885567.419103,-5.0,-11.0,-46.0
1776885567.429103,-2.0,-6.0,-49.0
1776885567.4391026,0.0,-10.0,-47.0
1776885567.4501028,1.0,-9.0,-50.0
1776885567.4591026,5.0,-5.0,-46.0
1776885567.4691026,3.0,-7.0,-37.0
1776885567.4791028,6.0,-1.0,-30.0
1776885567.4891028,7.0,0.0,-30.0
1776885567.4991028,5.0,-1.0,-30.0
1776885567.5091028,4.0,-2.0,-36.0
1776885567.5191028,0.0,-2.0,-40.0
1776885567.5291028,-2.0,-1.0,-42.0
1776885567.5391028,-2.0,0.0,-41.0
1776885567.5491028,0.0,2.0,-44.0
1776885567.5591028,0.0,2.0,-45.0
1776885567.5691028,-3.0,-4.0,-46.0
1776885567.5791028,-2.0,-9.0,-44.0
1776885567.5891027,-5.0,-10.0,-45.0
1776885567.5991027,-4.0,-8.0,-47.0
1776885567.6091027,-2.0,-8.0,-46.0
1776885567.6191027,-1.0,-2.0,-46.0
1776885567.6291027,-4.0,-2.0,-43.0
1776885567.6391027,-2.0,0.0,-47.0
1776885567.6491027,3.0,-1.0,-46.0
1776885567.659103,3.0,-3.0,-47.0
1776885567.669103,0.0,-2.0,-44.0
1776885567.679103,2.0,-5.0,-48.0
1776885567.6891026,2.0,-5.0,-51.0
1776885567.6991026,0.0,-4.0,-51.0
1776885567.7091026,0.0,-1.0,-49.0
1776885567.7191026,-1.0,-1.0,-51.0
1776885567.7291028,0.0,0.0,-53.0
1776885567.7401028,-5.0,0.0,-48.0
1776885567.7501028,-1.0,0.0,-43.0
1776885567.7591028,-1.0,-3.0,-43.0
1776885567.7691028,-3.0,-5.0,-41.0
1776885567.7801027,-5.0,-6.0,-44.0
1776885567.7901027,-6.0,-6.0,-41.0
1776885567.7991028,-5.0,-6.0,-43.0
1776885567.8101027,-2.0,-8.0,-47.0
1776885567.8201027,0.0,-7.0,-45.0
1776885567.8301027,0.0,-9.0,-39.0
1776885567.840103,-4.0,-4.0,-45.0
1776885567.850103,-9.0,-5.0,-52.0
1776885567.860103,-8.0,-3.0,-50.0
1776885567.8701026,-7.0,0.0,-50.0
1776885567.8801026,-3.0,0.0,-48.0
1776885567.8901026,-3.0,1.0,-46.0
1776885567.9001029,-6.0,3.0,-45.0
1776885567.9101028,-6.0,1.0,-47.0
1776885567.9201028,-6.0,-3.0,-48.0
1776885567.9301028,-5.0,-6.0,-44.0
1776885567.9401028,-7.0,-5.0,-40.0
1776885567.9501028,0.0,-3.0,-44.0
1776885567.9601028,-1.0,-1.0,-44.0
1776885567.9701028,-2.0,2.0,-48.0
1776885567.9801028,-4.0,3.0,-52.0
1776885567.9901028,-1.0,0.0,-46.0
1776885568.0001028,0.0,1.0,-48.0
1776885568.0101027,-1.0,0.0,-42.0
1776885568.0201027,1.0,-4.0,-41.0
1776885568.0301027,2.0,-2.0,-46.0
1776885568.0401027,2.0,-2.0,-45.0
1776885568.0501027,2.0,-4.0,-47.0
1776885568.0601027,1.0,-4.0,-45.0
1776885568.0701027,2.0,1.0,-41.0
1776885568.0801027,3.0,4.0,-40.0
1776885568.090103,1.0,2.0,-44.0
1776885568.100103,6.0,1.0,-50.0
1776885568.110103,1.0,1.0,-48.0
1776885568.1201026,0.0,2.0,-43.0
1776885568.1301026,6.0,-1.0,-44.0
1776885568.1401026,5.0,-1.0,-44.0
1776885568.1501029,2.0,0.0,-40.0
1776885568.1601028,3.0,-3.0,-38.0
1776885568.1701028,5.0,-3.0,-36.0
1776885568.1801028,6.0,-5.0,-35.0
1776885568.1901028,6.0,-4.0,-32.0
1776885568.2001028,8.0,-4.0,-36.0
1776885568.2101028,14.0,-1.0,-39.0
1776885568.2201028,13.0,1.0,-39.0
1776885568.2301028,8.0,1.0,-46.0
1776885568.2401028,7.0,2.0,-49.0
1776885568.2501028,3.0,2.0,-53.0
1776885568.2601027,3.0,0.0,-58.0
1776885568.2701027,8.0,-8.0,-54.0
1776885568.2801027,8.0,-9.0,-54.0
1776885568.2901027,8.0,-5.0,-55.0
1776885568.3001027,10.0,-5.0,-49.0
1776885568.3101027,7.0,0.0,-46.0
1776885568.3201027,5.0,-2.0,-52.0
1776885568.3301027,1.0,-2.0,-53.0
1776885568.340103,-2.0,-5.0,-52.0
1776885568.350103,2.0,-2.0,-52.0
1776885568.360103,2.0,-5.0,-49.0
1776885568.3701026,3.0,-4.0,-51.0
1776885568.3801026,0.0,-7.0,-43.0
1776885568.3901026,0.0,-6.0,-41.0
1776885568.4001029,0.0,-7.0,-46.0
1776885568.4101028,-3.0,-6.0,-42.0
1776885568.4201028,-3.0,-6.0,-49.0
1776885568.4301028,-7.0,-5.0,-47.0
1776885568.4401028,-8.0,-8.0,-54.0
1776885568.4501028,-8.0,-11.0,-49.0
1776885568.4601028,-5.0,-7.0,-44.0
1776885568.4701028,0.0,-7.0,-41.0
1776885568.4801028,2.0,-6.0,-45.0
1776885568.4901028,0.0,-4.0,-44.0
1776885568.5001028,-2.0,0.0,-45.0
1776885568.5101027,-3.0,-1.0,-39.0
1776885568.5201027,-3.0,-2.0,-37.0
1776885568.5301027,-3.0,-4.0,-38.0
1776885568.5401027,-6.0,-5.0,-40.0
1776885568.5501027,-9.0,-7.0,-39.0
1776885568.5601027,-11.0,-4.0,-44.0
1776885568.5701027,-9.0,-2.0,-40.0
1776885568.5801027,-5.0,-2.0,-46.0
1776885568.590103,-6.0,-2.0,-57.0
1776885568.600103,-5.0,-1.0,-60.0
1776885568.610103,-4.0,-2.0,-56.0
1776885568.6201026,-2.0,-1.0,-45.0
1776885568.6301026,-5.0,3.0,-40.0
1776885568.6401026,-7.0,2.0,-44.0
1776885568.6501029,-3.0,2.0,-39.0
1776885568.6601028,-5.0,0.0,-38.0
1776885568.6701028,-8.0,1.0,-39.0
1776885568.6801028,-2.0,1.0,-44.0
1776885568.6901028,-1.0,-1.0,-43.0
1776885568.7001028,0.0,-5.0,-50.0
1776885568.7101028,0.0,-9.0,-44.0
1776885568.7201028,0.0,-8.0,-44.0
1776885568.7301028,-1.0,-8.0,-36.0
1776885568.7401028,1.0,-15.0,-35.0
1776885568.7501028,2.0,-13.0,-34.0
1776885568.7601027,4.0,-11.0,-41.0
1776885568.7701027,8.0,-6.0,-43.0
1776885568.7801027,5.0,0.0,-37.0
1776885568.7901027,7.0,1.0,-29.0
1776885568.8001027,11.0,2.0,-30.0
1776885568.8101027,3.0,4.0,-29.0
1776885568.8201027,1.0,4.0,-32.0
1776885568.8301027,2.0,3.0,-35.0
1776885568.840103,3.0,-1.0,-25.0
1776885568.850103,4.0,-2.0,-24.0
1776885568.860103,7.0,-3.0,-31.0
1776885568.8701026,3.0,-6.0,-32.0
1776885568.8801026,0.0,-7.0,-31.0
1776885568.8901026,-1.0,-1.0,-37.0
1776885568.9001029,2.0,1.0,-38.0
1776885568.9101028,5.0,0.0,-41.0
1776885568.9201028,4.0,0.0,-39.0
1776885568.9301028,0.0,2.0,-41.0
1776885568.9401028,0.0,1.0,-44.0
1776885568.9501028,2.0,0.0,-42.0
1776885568.9601028,3.0,2.0,-46.0
1776885568.9701028,0.0,3.0,-50.0
1776885568.9801028,0.0,8.0,-51.0
1776885568.9901028,-4.0,5.0,-41.0
1776885569.0001028,-4.0,0.0,-39.0
1776885569.0101027,-3.0,4.0,-39.0
1776885569.0201027,0.0,0.0,-37.0
1776885569.0301027,3.0,2.0,-38.0
1776885569.0401027,4.0,0.0,-41.0
1776885569.0501027,3.0,0.0,-43.0
1776885569.0601027,5.0,-1.0,-38.0
1776885569.0701027,6.0,0.0,-31.0
1776885569.0801027,5.0,-1.0,-33.0
1776885569.090103,4.0,-3.0,-33.0
1776885569.100103,2.0,-4.0,-36.0
1776885569.110103,0.0,-5.0,-38.0
1776885569.1201026,0.0,0.0,-42.0
1776885569.1301026,0.0,2.0,-49.0
1776885569.1401026,-2.0,4.0,-52.0
1776885569.1501029,-7.0,2.0,-57.0
1776885569.1601028,-7.0,0.0,-56.0
1776885569.1701028,-2.0,3.0,-55.0
1776885569.1801028,-5.0,6.0,-46.0
1776885569.1901028,-5.0,3.0,-40.0
1776885569.2001028,-5.0,2.0,-46.0
1776885569.2101028,1.0,1.0,-50.0
1776885569.2201028,0.0,0.0,-47.0
1776885569.2301028,3.0,-2.0,-45.0
1776885569.2401028,3.0,-5.0,-42.0
1776885569.2501028,5.0,-2.0,-43.0
1776885569.2601027,2.0,-4.0,-50.0
1776885569.2701027,0.0,-1.0,-46.0
1776885569.2801027,-1.0,-2.0,-48.0
1776885569.2901027,2.0,-4.0,-43.0
1776885569.3001027,4.0,-5.0,-38.0
1776885569.3101027,4.0,-5.0,-41.0
1776885569.3201027,0.0,-5.0,-42.0
1776885569.3301027,-2.0,-4.0,-47.0
1776885569.340103,-1.0,-5.0,-45.0
1776885569.350103,0.0,1.0,-47.0
1776885569.360103,-2.0,2.0,-42.0
1776885569.3701026,0.0,0.0,-37.0
1776885569.3801026,-1.0,3.0,-35.0
1776885569.3901026,0.0,3.0,-36.0
1776885569.4001029,-1.0,0.0,-29.0
1776885569.4101028,0.0,-2.0,-36.0
1776885569.4201028,-1.0,-1.0,-38.0
1776885569.4301028,0.0,-1.0,-45.0
1776885569.4401028,1.0,0.0,-46.0
1776885569.4501028,-1.0,0.0,-48.0
1776885569.4601028,-1.0,-3.0,-54.0
1776885569.4701028,-2.0,-4.0,-53.0
1776885569.4801028,-3.0,-2.0,-51.0
1776885569.4901028,-4.0,-1.0,-53.0
1776885569.5001028,-2.0,-2.0,-51.0
1776885569.5101027,-5.0,-3.0,-44.0
1776885569.5201027,-5.0,-1.0,-43.0
1776885569.5301027,-3.0,0.0,-42.0
1776885569.5401027,-2.0,0.0,-49.0
1776885569.5501027,-4.0,4.0,-50.0
1776885569.5601027,1.0,7.0,-45.0
1776885569.5701027,1.0,6.0,-40.0
1776885569.5801027,2.0,7.0,-39.0
1776885569.590103,2.0,5.0,-43.0
1776885569.600103,1.0,5.0,-46.0
1776885569.610103,-3.0,3.0,-39.0
1776885569.6201026,-2.0,0.0,-40.0
1776885569.6301026,-1.0,-1.0,-38.0
1776885569.6401026,-1.0,-2.0,-37.0
1776885569.6501029,-3.0,-1.0,-46.0
1776885569.6601028,0.0,-1.0,-45.0
1776885569.6701028,0.0,1.0,-43.0
1776885569.6801028,1.0,4.0,-42.0
1776885569.6901028,3.0,2.0,-40.0
1776885569.7001028,2.0,-3.0,-37.0
1776885569.7101028,2.0,-3.0,-33.0
1776885569.7201028,-2.0,-1.0,-33.0
1776885569.7311027,-1.0,-1.0,-33.0
1776885569.7401028,-4.0,0.0,-33.0
1776885569.7501028,-3.0,0.0,-41.0
1776885569.7601027,-6.0,3.0,-42.0
1776885569.771103,-4.0,2.0,-43.0
1776885569.781103,-1.0,-2.0,-40.0
1776885569.7901027,-1.0,-1.0,-39.0
1776885569.8011026,3.0,-1.0,-43.0
1776885569.8111026,2.0,-1.0,-44.0
1776885569.8211029,3.0,1.0,-45.0
1776885569.8311028,4.0,1.0,-42.0
1776885569.840103,5.0,-3.0,-47.0
1776885569.8511028,3.0,-5.0,-42.0
1776885569.8611028,0.0,-1.0,-46.0
1776885569.8711028,1.0,-3.0,-38.0
1776885569.8811028,0.0,-4.0,-41.0
1776885569.8911028,-1.0,-2.0,-43.0
1776885569.9011028,0.0,-8.0,-42.0
1776885569.9111028,-1.0,-8.0,-40.0
1776885569.9211028,-2.0,-5.0,-44.0
1776885569.9311028,-1.0,-4.0,-47.0
1776885569.9411027,-4.0,-5.0,-50.0
1776885569.9511027,-1.0,-2.0,-53.0
1776885569.9611027,0.0,-2.0,-48.0
1776885569.9711027,2.0,-1.0,-48.0
1776885569.9811027,3.0,-2.0,-47.0
1776885569.9911027,3.0,0.0,-48.0
1776885570.0011027,2.0,0.0,-42.0
1776885570.011103,1.0,-4.0,-49.0
1776885570.021103,1.0,-6.0,-49.0
1776885570.031103,0.0,-6.0,-47.0
1776885570.0411026,0.0,-5.0,-43.0
1776885570.0511026,0.0,-2.0,-42.0
1776885570.0611026,-1.0,-4.0,-44.0
1776885570.0711029,1.0,-2.0,-42.0
1776885570.0811028,4.0,0.0,-49.0
1776885570.0911028,6.0,-2.0,-36.0
1776885570.1011028,5.0,-7.0,-35.0
1776885570.1111028,5.0,-2.0,-31.0
1776885570.1211028,0.0,-1.0,-30.0
1776885570.1311028,-2.0,-3.0,-35.0
1776885570.1411028,0.0,-2.0,-30.0
1776885570.1511028,0.0,0.0,-30.0
1776885570.1611028,0.0,-2.0,-35.0
1776885570.1711028,-4.0,-2.0,-36.0
1776885570.1811028,-4.0,0.0,-42.0
1776885570.1911027,-5.0,2.0,-43.0
1776885570.2011027,-6.0,2.0,-47.0
1776885570.2111027,2.0,-1.0,-45.0
1776885570.2211027,6.0,-3.0,-43.0
1776885570.2311027,3.0,-3.0,-44.0
1776885570.2411027,2.0,-3.0,-46.0
1776885570.2511027,1.0,-1.0,-48.0
1776885570.261103,0.0,0.0,-41.0
1776885570.271103,2.0,-1.0,-41.0
1776885570.281103,0.0,-5.0,-37.0
1776885570.2911026,1.0,-7.0,-31.0
1776885570.3011026,0.0,-7.0,-26.0
1776885570.3111026,1.0,-5.0,-30.0
1776885570.3211029,0.0,-5.0,-28.0
1776885570.3311028,-2.0,-8.0,-26.0
1776885570.3411028,1.0,-4.0,-31.0
1776885570.3511028,0.0,-1.0,-33.0
1776885570.3611028,0.0,-3.0,-35.0
1776885570.3711028,-1.0,-2.0,-32.0
1776885570.3811028,0.0,-3.0,-36.0
1776885570.3911028,-5.0,-6.0,-32.0
1776885570.4011028,-5.0,-4.0,-32.0
1776885570.4111028,-4.0,-4.0,-35.0
1776885570.4211028,0.0,-1.0,-36.0
1776885570.4311028,3.0,-4.0,-38.0
1776885570.4411027,-2.0,-5.0,-38.0
1776885570.4511027,-6.0,-2.0,-40.0
1776885570.4611027,-6.0,-1.0,-39.0
1776885570.4711027,-2.0,-3.0,-38.0
1776885570.4811027,-4.0,-7.0,-44.0
1776885570.4911027,-8.0,-6.0,-46.0
1776885570.5011027,-4.0,-7.0,-47.0
1776885570.511103,0.0,-8.0,-44.0
1776885570.521103,-4.0,-9.0,-45.0
1776885570.531103,-6.0,-7.0,-41.0
1776885570.5411026,-9.0,0.0,-41.0
1776885570.5511026,-7.0,3.0,-41.0
1776885570.5611026,-2.0,1.0,-43.0
1776885570.5711029,-1.0,2.0,-49.0
1776885570.5811028,-6.0,0.0,-54.0
1776885570.5911028,-7.0,-1.0,-54.0
1776885570.6011028,-11.0,0.0,-58.0
1776885570.6111028,-12.0,0.0,-56.0
1776885570.6211028,-9.0,-2.0,-49.0
1776885570.6311028,-5.0,-1.0,-47.0
1776885570.6411028,0.0,0.0,-48.0
1776885570.6511028,-4.0,-3.0,-53.0
1776885570.6611028,-1.0,-5.0,-53.0
1776885570.6711028,-2.0,-7.0,-60.0
1776885570.6811028,-8.0,-5.0,-56.0
1776885570.6911027,-8.0,-5.0,-50.0
1776885570.7011027,-4.0,-6.0,-46.0
1776885570.7111027,-1.0,-5.0,-47.0
1776885570.7211027,3.0,0.0,-48.0
1776885570.7311027,1.0,2.0,-49.0
1776885570.7411027,1.0,2.0,-55.0
1776885570.7511027,0.0,3.0,-53.0
1776885570.761103,1.0,1.0,-50.0
1776885570.771103,2.0,2.0,-43.0
1776885570.781103,4.0,1.0,-46.0
1776885570.7911026,3.0,1.0,-37.0
1776885570.8011026,2.0,0.0,-38.0
1776885570.8111026,2.0,0.0,-41.0
1776885570.8211029,1.0,-2.0,-42.0
1776885570.8311028,-1.0,-6.0,-44.0
1776885570.8411028,0.0,-1.0,-45.0
1776885570.8511028,-2.0,-3.0,-50.0
1776885570.8611028,0.0,-2.0,-46.0
1776885570.8711028,1.0,0.0,-51.0
1776885570.8811028,3.0,-2.0,-53.0
1776885570.8911028,3.0,-4.0,-51.0
1776885570.9011028,2.0,-4.0,-47.0
1776885570.9111028,2.0,-3.0,-51.0
1776885570.9211028,-3.0,-3.0,-43.0
1776885570.9311028,-5.0,-5.0,-44.0
1776885570.9411027,-7.0,-2.0,-48.0
1776885570.9511027,-5.0,-2.0,-42.0
1776885570.9611027,-1.0,-1.0,-42.0
1776885570.9711027,0.0,-1.0,-38.0
1776885570.9811027,-1.0,-2.0,-35.0
1776885570.9911027,-4.0,-4.0,-34.0
1776885571.0011027,-3.0,-3.0,-34.0
1776885571.011103,-4.0,-3.0,-30.0
1776885571.021103,-3.0,-4.0,-36.0
1776885571.031103,0.0,-7.0,-35.0
1776885571.0411026,-3.0,-9.0,-37.0
1776885571.0511026,-5.0,-11.0,-38.0
1776885571.0611026,-3.0,-9.0,-43.0
1776885571.0711029,-2.0,-4.0,-44.0
1776885571.0811028,-2.0,-5.0,-47.0
1776885571.0911028,-5.0,-5.0,-44.0
1776885571.1011028,-2.0,0.0,-47.0
1776885571.1111028,-2.0,1.0,-43.0
1776885571.1211028,0.0,3.0,-45.0
1776885571.1311028,-3.0,1.0,-44.0
1776885571.1411028,0.0,0.0,-47.0
1776885571.1511028,4.0,0.0,-49.0
1776885571.1611028,4.0,1.0,-51.0
1776885571.1711028,5.0,2.0,-44.0
1776885571.1811028,2.0,1.0,-47.0
1776885571.1911027,2.0,0.0,-47.0
1776885571.2011027,-1.0,1.0,-44.0
1776885571.2111027,-1.0,2.0,-47.0
1776885571.2211027,0.0,1.0,-49.0
1776885571.2311027,0.0,2.0,-50.0
1776885571.2411027,1.0,2.0,-58.0
1776885571.2511027,1.0,1.0,-52.0
1776885571.261103,1.0,1.0,-51.0
1776885571.271103,-2.0,-1.0,-52.0
1776885571.281103,-4.0,-1.0,-47.0
1776885571.2911026,-3.0,-2.0,-46.0
1776885571.3011026,1.0,0.0,-45.0
1776885571.3111026,3.0,1.0,-48.0
1776885571.3211029,6.0,1.0,-52.0
1776885571.3311028,0.0,1.0,-41.0
1776885571.3411028,-4.0,3.0,-40.0
1776885571.3511028,2.0,1.0,-39.0
1776885571.3611028,5.0,0.0,-46.0
1776885571.3711028,4.0,0.0,-43.0
1776885571.3811028,2.0,-1.0,-43.0
1776885571.3911028,-2.0,2.0,-42.0
1776885571.4011028,0.0,3.0,-39.0
1776885571.4111028,1.0,2.0,-39.0
1776885571.4211028,3.0,0.0,-46.0
1776885571.4311028,4.0,1.0,-40.0
1776885571.4411027,5.0,0.0,-35.0
1776885571.4511027,4.0,3.0,-39.0
1776885571.4611027,-1.0,3.0,-35.0
1776885571.4711027,0.0,2.0,-40.0
1776885571.4811027,0.0,0.0,-39.0
1776885571.4911027,1.0,2.0,-36.0
1776885571.5011027,-1.0,1.0,-34.0
1776885571.511103,-1.0,2.0,-39.0
1776885571.521103,-1.0,4.0,-42.0
1776885571.531103,-2.0,5.0,-45.0
1776885571.5411026,-2.0,3.0,-41.0
1776885571.5511026,1.0,4.0,-39.0
1776885571.5611026,0.0,2.0,-37.0
1776885571.5711029,0.0,1.0,-38.0
1776885571.5811028,0.0,0.0,-40.0
1776885571.5911028,-2.0,2.0,-44.0
1776885571.6011028,-7.0,3.0,-36.0
1776885571.6111028,-5.0,3.0,-34.0
1776885571.6211028,-2.0,3.0,-36.0
1776885571.6311028,-5.0,-1.0,-39.0
1776885571.6411028,-4.0,-3.0,-40.0
1776885571.6511028,-3.0,-7.0,-40.0
1776885571.6611028,-3.0,-8.0,-39.0
1776885571.6711028,-3.0,-1.0,-41.0
1776885571.6811028,-4.0,-5.0,-44.0
1776885571.6911027,-4.0,-4.0,-43.0
1776885571.7011027,1.0,-4.0,-43.0
1776885571.7111027,0.0,-2.0,-41.0
1776885571.7211027,0.0,-3.0,-41.0
1776885571.7311027,4.0,-4.0,-48.0
1776885571.7421026,0.0,-1.0,-40.0
1776885571.7521029,3.0,0.0,-38.0
1776885571.7621028,1.0,-1.0,-38.0
1776885571.7721028,1.0,-4.0,-40.0
1776885571.7821028,0.0,-4.0,-42.0
1776885571.7921028,1.0,-5.0,-42.0
1776885571.8021028,0.0,-8.0,-41.0
1776885571.8121028,0.0,-7.0,-41.0
1776885571.8221028,2.0,-2.0,-43.0
1776885571.8321028,1.0,-2.0,-41.0
1776885571.8421028,0.0,-1.0,-40.0
1776885571.8521028,2.0,0.0,-45.0
1776885571.8621027,6.0,0.0,-47.0
1776885571.8721027,-1.0,0.0,-36.0
1776885571.8821027,-1.0,-1.0,-37.0
1776885571.8921027,0.0,0.0,-41.0
1776885571.9021027,-1.0,-7.0,-43.0
1776885571.9121027,-6.0,-3.0,-42.0
1776885571.9221027,-8.0,-4.0,-43.0
1776885571.932103,-5.0,-2.0,-44.0
1776885571.942103,-5.0,-4.0,-47.0
1776885571.952103,2.0,-2.0,-54.0
1776885571.962103,-2.0,-3.0,-49.0
1776885571.9721026,-1.0,-3.0,-48.0
1776885571.9821026,2.0,-1.0,-44.0
1776885571.9921026,-1.0,1.0,-39.0
1776885572.0021029,-4.0,-2.0,-36.0
1776885572.0121028,-4.0,-2.0,-43.0
1776885572.0221028,-3.0,0.0,-43.0
1776885572.0321028,-3.0,0.0,-42.0
1776885572.0421028,1.0,0.0,-39.0
1776885572.0521028,3.0,1.0,-37.0
1776885572.0621028,3.0,4.0,-41.0
1776885572.0721028,0.0,6.0,-48.0
1776885572.0821028,-7.0,5.0,-43.0
1776885572.0921028,-1.0,5.0,-41.0
1776885572.1021028,-3.0,6.0,-42.0
1776885572.1121027,-1.0,0.0,-42.0
1776885572.1221027,-1.0,0.0,-42.0
1776885572.1321027,-3.0,0.0,-44.0
1776885572.1421027,0.0,0.0,-44.0
1776885572.1521027,5.0,-1.0,-40.0
1776885572.1621027,7.0,-3.0,-41.0
1776885572.1721027,8.0,0.0,-42.0
1776885572.182103,8.0,3.0,-43.0
1776885572.192103,2.0,3.0,-43.0
1776885572.202103,6.0,2.0,-40.0
1776885572.212103,6.0,-2.0,-34.0
1776885572.2221026,4.0,-5.0,-29.0
1776885572.2321026,4.0,-5.0,-36.0
1776885572.2421026,6.0,-3.0,-34.0
1776885572.2521029,5.0,-4.0,-37.0
1776885572.2621028,7.0,-6.0,-41.0
1776885572.2721028,8.0,-8.0,-44.0
1776885572.2821028,12.0,-10.0,-41.0
1776885572.2921028,8.0,-5.0,-43.0
1776885572.3021028,6.0,-3.0,-38.0
1776885572.3121028,6.0,-5.0,-40.0
1776885572.3221028,7.0,-6.0,-44.0
1776885572.3321028,6.0,-7.0,-47.0
1776885572.3421028,8.0,-2.0,-51.0
1776885572.3521028,7.0,-5.0,-50.0
1776885572.3621027,5.0,-5.0,-47.0
1776885572.3721027,3.0,-2.0,-46.0
1776885572.3821027,4.0,-5.0,-46.0
1776885572.3921027,3.0,-3.0,-45.0
1776885572.4021027,8.0,-2.0,-43.0
1776885572.4121027,8.0,-3.0,-42.0
1776885572.4221027,5.0,-3.0,-49.0
1776885572.432103,0.0,-2.0,-51.0
1776885572.442103,2.0,-1.0,-45.0
1776885572.452103,6.0,-3.0,-44.0
1776885572.462103,9.0,-1.0,-37.0
1776885572.4721026,8.0,-1.0,-39.0
1776885572.4821026,0.0,-1.0,-38.0
1776885572.4921026,1.0,-5.0,-37.0
1776885572.5021029,2.0,-4.0,-33.0
1776885572.5121028,3.0,-1.0,-35.0
1776885572.5221028,4.0,-2.0,-32.0
1776885572.5321028,7.0,-1.0,-33.0
1776885572.5421028,1.0,-3.0,-33.0
1776885572.5521028,4.0,-7.0,-41.0
1776885572.5621028,0.0,-7.0,-44.0
1776885572.5721028,-2.0,-3.0,-50.0
1776885572.5821028,4.0,-3.0,-49.0
1776885572.5921028,5.0,0.0,-48.0
1776885572.6021028,2.0,2.0,-45.0
1776885572.6121027,5.0,1.0,-47.0
1776885572.6221027,5.0,-2.0,-42.0
1776885572.6321027,2.0,-2.0,-40.0
1776885572.6421027,0.0,-4.0,-39.0
1776885572.6521027,3.0,-2.0,-38.0
1776885572.6621027,0.0,-8.0,-42.0
1776885572.6721027,1.0,-12.0,-38.0
1776885572.682103,-4.0,-10.0,-40.0
1776885572.692103,-3.0,-5.0,-47.0
1776885572.702103,-2.0,-2.0,-46.0
1776885572.712103,0.0,-1.0,-41.0
1776885572.7221026,2.0,0.0,-49.0
1776885572.7321026,2.0,0.0,-54.0
1776885572.7421026,3.0,0.0,-49.0
1776885572.7521029,1.0,5.0,-42.0
1776885572.7621028,0.0,4.0,-39.0
1776885572.7721028,0.0,1.0,-39.0
1776885572.7821028,0.0,-2.0,-40.0
1776885572.7921028,-4.0,0.0,-39.0
1776885572.8021028,-2.0,0.0,-38.0
1776885572.8121028,-2.0,-3.0,-48.0
1776885572.8221028,0.0,-3.0,-47.0
1776885572.8321028,1.0,0.0,-49.0
1776885572.8421028,4.0,0.0,-46.0
1776885572.8521028,7.0,-2.0,-48.0
1776885572.8621027,2.0,-5.0,-52.0
1776885572.8721027,0.0,-8.0,-51.0
1776885572.8821027,0.0,-8.0,-49.0
1776885572.8921027,-1.0,-6.0,-50.0
1776885572.9021027,-1.0,-5.0,-48.0
1776885572.9121027,0.0,-5.0,-48.0
1776885572.9221027,-2.0,-6.0,-46.0
1776885572.932103,-5.0,-3.0,-48.0
1776885572.942103,-5.0,0.0,-44.0
1776885572.952103,-9.0,1.0,-47.0
1776885572.962103,-8.0,-1.0,-43.0
1776885572.9721026,-6.0,-3.0,-46.0
1776885572.9821026,-4.0,-3.0,-43.0
1776885572.9921026,-3.0,-1.0,-41.0
1776885573.0021029,-3.0,0.0,-46.0
1776885573.0121028,-4.0,-1.0,-54.0
1776885573.0221028,-5.0,-2.0,-56.0
1776885573.0321028,-8.0,-3.0,-51.0
1776885573.0421028,-5.0,-3.0,-55.0
1776885573.0521028,-4.0,-6.0,-59.0
1776885573.0621028,-4.0,-3.0,-57.0
1776885573.0721028,-3.0,0.0,-56.0
1776885573.0821028,-4.0,0.0,-45.0
1776885573.0921028,-1.0,-5.0,-45.0
1776885573.1021028,-1.0,0.0,-49.0
1776885573.1121027,-2.0,0.0,-47.0
1776885573.1221027,0.0,-2.0,-49.0
1776885573.1321027,0.0,-3.0,-49.0
1776885573.1421027,0.0,-5.0,-42.0
1776885573.1521027,-2.0,-4.0,-40.0
1776885573.1621027,-3.0,-1.0,-39.0
1776885573.1721027,-4.0,-3.0,-44.0
1776885573.182103,-1.0,-3.0,-48.0
1776885573.192103,-1.0,-3.0,-46.0
1776885573.202103,-2.0,-1.0,-48.0
1776885573.212103,-1.0,0.0,-47.0
1776885573.2221026,-4.0,1.0,-44.0
1776885573.2321026,0.0,2.0,-37.0
1776885573.2421026,0.0,0.0,-39.0
1776885573.2521029,0.0,3.0,-35.0
1776885573.2621028,3.0,5.0,-35.0
1776885573.2721028,5.0,4.0,-35.0
1776885573.2821028,6.0,1.0,-36.0
1776885573.2921028,7.0,1.0,-41.0
1776885573.3021028,9.0,0.0,-39.0
1776885573.3121028,9.0,-1.0,-38.0
1776885573.3221028,7.0,-1.0,-40.0
1776885573.3321028,8.0,0.0,-36.0
1776885573.3421028,5.0,-1.0,-30.0
1776885573.3521028,6.0,0.0,-26.0
1776885573.3621027,7.0,-1.0,-27.0
1776885573.3721027,7.0,-2.0,-24.0
1776885573.3821027,8.0,-1.0,-26.0
1776885573.3921027,3.0,-1.0,-25.0
1776885573.4021027,4.0,0.0,-31.0
1776885573.4121027,2.0,3.0,-31.0
1776885573.4221027,-3.0,4.0,-29.0
1776885573.432103,-3.0,3.0,-31.0
1776885573.442103,-2.0,2.0,-31.0
1776885573.452103,-5.0,2.0,-30.0
1776885573.462103,-5.0,-2.0,-30.0
1776885573.4721026,-2.0,-7.0,-34.0
1776885573.4821026,1.0,-7.0,-35.0
1776885573.4921026,3.0,-4.0,-36.0
1776885573.5021029,3.0,-1.0,-40.0
1776885573.5121028,2.0,-2.0,-40.0
1776885573.5221028,0.0,-3.0,-43.0
1776885573.5321028,1.0,2.0,-45.0
1776885573.5421028,3.0,8.0,-50.0
1776885573.5521028,0.0,4.0,-47.0
1776885573.5621028,1.0,0.0,-48.0
1776885573.5721028,0.0,3.0,-50.0
1776885573.5821028,3.0,7.0,-52.0
1776885573.5921028,5.0,7.0,-55.0
1776885573.6021028,7.0,4.0,-50.0
1776885573.6121027,6.0,3.0,-43.0
1776885573.6221027,1.0,2.0,-37.0
1776885573.6321027,-2.0,0.0,-28.0
1776885573.6421027,-3.0,0.0,-32.0
1776885573.6521027,-4.0,0.0,-32.0
1776885573.6621027,-4.0,3.0,-35.0
1776885573.6721027,-7.0,6.0,-37.0
1776885573.682103,-3.0,6.0,-29.0
1776885573.692103,-2.0,9.0,-31.0
1776885573.7031028,-2.0,8.0,-36.0
1776885573.712103,-4.0,8.0,-41.0
1776885573.7231028,-4.0,6.0,-41.0
1776885573.7331028,-4.0,0.0,-47.0
1776885573.7431028,-3.0,0.0,-57.0
1776885573.7531028,0.0,0.0,-58.0
1776885573.7631028,3.0,0.0,-58.0
1776885573.7731028,1.0,-2.0,-54.0
1776885573.7831028,2.0,-2.0,-47.0
1776885573.7931027,2.0,-3.0,-48.0
1776885573.8031027,0.0,-1.0,-39.0
1776885573.8131027,0.0,-2.0,-42.0
1776885573.8231027,2.0,-6.0,-41.0
1776885573.8331027,0.0,-12.0,-40.0
1776885573.8431027,3.0,-10.0,-36.0
1776885573.8531027,0.0,-8.0,-38.0
1776885573.863103,2.0,-6.0,-44.0
1776885573.873103,5.0,-5.0,-44.0
1776885573.883103,0.0,-5.0,-38.0
1776885573.8931026,-1.0,-7.0,-36.0
1776885573.9031026,-1.0,-9.0,-33.0
1776885573.9131026,0.0,-3.0,-39.0
1776885573.9231029,3.0,-7.0,-39.0
1776885573.9331028,9.0,-1.0,-34.0
1776885573.9431028,4.0,0.0,-39.0
1776885573.9531028,2.0,1.0,-39.0
1776885573.9631028,0.0,1.0,-41.0
1776885573.9731028,1.0,2.0,-40.0
1776885573.9831028,7.0,0.0,-38.0
1776885573.9931028,5.0,2.0,-32.0
1776885574.0031028,5.0,2.0,-34.0
1776885574.0131028,3.0,0.0,-40.0
1776885574.0231028,5.0,-5.0,-40.0
1776885574.0331028,1.0,-6.0,-42.0
1776885574.0431027,0.0,-10.0,-34.0
1776885574.0531027,2.0,-2.0,-34.0
1776885574.0631027,0.0,-3.0,-32.0
1776885574.0731027,1.0,0.0,-35.0
1776885574.0831027,1.0,-5.0,-30.0
1776885574.0931027,2.0,-7.0,-30.0
1776885574.1031027,2.0,-7.0,-37.0
1776885574.113103,2.0,-2.0,-40.0
1776885574.123103,4.0,0.0,-39.0
1776885574.133103,0.0,-4.0,-45.0
1776885574.1431026,-3.0,-2.0,-43.0
1776885574.1531026,-1.0,-9.0,-43.0
1776885574.1631026,0.0,-2.0,-41.0
1776885574.1731029,3.0,-6.0,-36.0
1776885574.1831028,7.0,-7.0,-38.0
1776885574.1931028,3.0,-2.0,-45.0
1776885574.2031028,4.0,-1.0,-46.0
1776885574.2131028,2.0,-3.0,-37.0
1776885574.2231028,3.0,-1.0,-40.0
1776885574.2331028,3.0,-2.0,-45.0
1776885574.2431028,0.0,2.0,-44.0
1776885574.2531028,-1.0,0.0,-44.0
1776885574.2631028,-4.0,-2.0,-38.0
1776885574.2731028,-4.0,0.0,-38.0
1776885574.2831028,-6.0,-1.0,-35.0
1776885574.2931027,-3.0,-4.0,-34.0
1776885574.3031027,0.0,-3.0,-30.0
1776885574.3131027,2.0,-1.0,-37.0
1776885574.3231027,-2.0,0.0,-41.0
1776885574.3331027,-4.0,0.0,-42.0
1776885574.3431027,-2.0,0.0,-48.0
1776885574.3531027,0.0,3.0,-42.0
1776885574.363103,2.0,3.0,-41.0
1776885574.373103,3.0,1.0,-38.0
1776885574.383103,3.0,7.0,-42.0
1776885574.3931026,1.0,6.0,-49.0
1776885574.4031026,2.0,2.0,-48.0
1776885574.4131026,2.0,0.0,-44.0
1776885574.4231029,1.0,-1.0,-42.0
1776885574.4331028,5.0,0.0,-40.0
1776885574.4431028,1.0,-2.0,-42.0
1776885574.4531028,1.0,-2.0,-44.0
1776885574.4631028,-3.0,-4.0,-44.0
1776885574.4731028,-3.0,-3.0,-45.0
1776885574.4831028,-2.0,-5.0,-40.0
1776885574.4931028,-2.0,-2.0,-37.0
1776885574.5031028,-2.0,0.0,-26.0
1776885574.5131028,0.0,1.0,-27.0
1776885574.5231028,5.0,0.0,-30.0
1776885574.5331028,3.0,-2.0,-32.0
1776885574.5431027,3.0,-3.0,-32.0
1776885574.5531027,5.0,-4.0,-35.0
1776885574.5631027,1.0,-3.0,-38.0
1776885574.5731027,4.0,-3.0,-42.0
1776885574.5831027,0.0,0.0,-43.0
1776885574.5931027,-4.0,0.0,-44.0
1776885574.6031027,-1.0,0.0,-50.0
1776885574.613103,1.0,-5.0,-52.0
1776885574.623103,8.0,-5.0,-51.0
1776885574.633103,9.0,-4.0,-40.0
1776885574.6431026,6.0,-4.0,-44.0
1776885574.6531026,5.0,0.0,-43.0
1776885574.6631026,2.0,-4.0,-47.0
1776885574.6731029,-5.0,0.0,-44.0
1776885574.6831028,-1.0,2.0,-45.0
1776885574.6931028,2.0,-2.0,-43.0
1776885574.7031028,0.0,-5.0,-42.0
1776885574.7131028,1.0,-10.0,-46.0
1776885574.7231028,-2.0,-9.0,-46.0
1776885574.7331028,-4.0,-9.0,-43.0
1776885574.7431028,-2.0,-10.0,-40.0
1776885574.7531028,0.0,-7.0,-41.0
1776885574.7631028,4.0,-3.0,-43.0
1776885574.7731028,-1.0,-3.0,-42.0
1776885574.7831028,-1.0,-1.0,-35.0
1776885574.7931027,-6.0,-2.0,-42.0
1776885574.8031027,-4.0,-1.0,-47.0
1776885574.8131027,-4.0,-1.0,-51.0
1776885574.8231027,-2.0,1.0,-51.0
1776885574.8331027,-4.0,-1.0,-51.0
1776885574.8431027,-8.0,-4.0,-48.0
1776885574.8531027,-3.0,-5.0,-52.0
1776885574.863103,-2.0,-8.0,-57.0
1776885574.873103,-1.0,-6.0,-50.0
1776885574.883103,-2.0,-10.0,-48.0
1776885574.8931026,-5.0,-10.0,-39.0
1776885574.9031026,-4.0,-8.0,-40.0
1776885574.9131026,-6.0,-6.0,-44.0
1776885574.9231029,-3.0,0.0,-40.0
1776885574.9331028,-3.0,0.0,-37.0
1776885574.9431028,-3.0,0.0,-43.0
1776885574.9531028,-2.0,0.0,-44.0
1776885574.9631028,-1.0,0.0,-46.0
1776885574.9731028,3.0,1.0,-41.0
1776885574.9831028,3.0,0.0,-44.0
1776885574.9931028,4.0,3.0,-43.0
1776885575.0031028,8.0,2.0,-39.0
1776885575.0131028,2.0,0.0,-33.0
1776885575.0231028,-1.0,-1.0,-35.0
1776885575.0331028,-5.0,-2.0,-36.0
1776885575.0431027,-10.0,-2.0,-38.0
1776885575.0531027,-8.0,-3.0,-41.0
1776885575.0631027,-8.0,1.0,-42.0
1776885575.0731027,-7.0,2.0,-37.0
1776885575.0831027,-4.0,3.0,-35.0
1776885575.0931027,-3.0,0.0,-36.0
1776885575.1031027,0.0,-5.0,-42.0
1776885575.113103,-1.0,-8.0,-37.0
1776885575.123103,1.0,-8.0,-47.0
1776885575.133103,0.0,-7.0,-41.0
1776885575.1431026,3.0,-5.0,-38.0
1776885575.1531026,6.0,-4.0,-42.0
1776885575.1631026,8.0,-4.0,-37.0
1776885575.1731029,7.0,-3.0,-38.0
1776885575.1831028,2.0,-6.0,-37.0
1776885575.1931028,3.0,-5.0,-37.0
1776885575.2031028,1.0,0.0,-38.0
1776885575.2131028,2.0,0.0,-44.0
1776885575.2231028,0.0,-3.0,-50.0
1776885575.2331028,0.0,-2.0,-51.0
1776885575.2431028,3.0,-4.0,-53.0
1776885575.2531028,3.0,-8.0,-56.0
1776885575.2631028,-1.0,-8.0,-51.0
1776885575.2731028,-6.0,-6.0,-52.0
1776885575.2831028,-5.0,-6.0,-53.0
1776885575.2931027,-5.0,-6.0,-49.0
1776885575.3031027,-4.0,-8.0,-44.0
1776885575.3131027,-3.0,-8.0,-35.0
1776885575.3231027,-1.0,-5.0,-39.0
1776885575.3331027,2.0,-5.0,-39.0
1776885575.3431027,4.0,-6.0,-39.0
1776885575.3531027,2.0,-1.0,-42.0
1776885575.363103,4.0,1.0,-43.0
1776885575.373103,8.0,1.0,-39.0
1776885575.383103,8.0,1.0,-43.0
1776885575.3931026,1.0,0.0,-48.0
1776885575.4031026,-1.0,0.0,-48.0
1776885575.4131026,0.0,0.0,-47.0
1776885575.4231029,-1.0,0.0,-50.0
1776885575.4331028,0.0,0.0,-50.0
1776885575.4431028,-3.0,-5.0,-47.0
1776885575.4531028,0.0,-2.0,-46.0
1776885575.4631028,-3.0,-3.0,-48.0
1776885575.4731028,-4.0,-2.0,-46.0
1776885575.4831028,0.0,-1.0,-47.0
1776885575.4931028,0.0,-5.0,-47.0
1776885575.5031028,0.0,-2.0,-46.0
1776885575.5131028,-4.0,-1.0,-44.0
1776885575.5231028,-1.0,-1.0,-46.0
1776885575.5331028,-2.0,-2.0,-43.0
1776885575.5431027,-3.0,-1.0,-46.0
1776885575.5531027,-4.0,-1.0,-55.0
1776885575.5641026,-2.0,-3.0,-55.0
1776885575.5731027,0.0,-6.0,-50.0
1776885575.5831027,5.0,-5.0,-49.0
1776885575.5931027,3.0,-10.0,-44.0
1776885575.6031027,1.0,-6.0,-41.0
1776885575.613103,-5.0,-5.0,-41.0
1776885575.623103,-3.0,-5.0,-45.0
1776885575.633103,0.0,-6.0,-43.0
1776885575.6431026,-3.0,-4.0,-35.0
1776885575.6531026,-4.0,-3.0,-36.0
1776885575.6631026,-8.0,-5.0,-40.0
1776885575.6731029,-7.0,-1.0,-38.0
1776885575.6831028,-1.0,0.0,-40.0
1776885575.6941028,-2.0,0.0,-41.0
1776885575.7041028,-1.0,0.0,-48.0
1776885575.7141027,5.0,-2.0,-48.0
1776885575.7241027,2.0,0.0,-40.0
1776885575.7341027,0.0,0.0,-43.0
1776885575.7441027,-2.0,-1.0,-43.0
1776885575.7541027,0.0,-6.0,-45.0
1776885575.7641027,-4.0,-5.0,-47.0
1776885575.7741027,-4.0,-3.0,-47.0
1776885575.784103,-3.0,-4.0,-45.0
1776885575.794103,-4.0,-3.0,-48.0
1776885575.804103,-8.0,-2.0,-49.0
1776885575.8141026,-5.0,-3.0,-42.0
1776885575.8241026,-2.0,-9.0,-43.0
1776885575.8341026,0.0,-7.0,-41.0
1776885575.8441026,1.0,-5.0,-43.0
1776885575.8541028,4.0,-7.0,-45.0
1776885575.8641028,6.0,-7.0,-47.0
1776885575.8741028,5.0,-5.0,-44.0
1776885575.8841028,0.0,-3.0,-48.0
1776885575.8941028,-3.0,-1.0,-48.0
1776885575.9041028,-4.0,-1.0,-52.0
1776885575.9141028,-8.0,-1.0,-51.0
1776885575.9241028,-5.0,3.0,-53.0
1776885575.9341028,-4.0,0.0,-43.0
1776885575.9441028,-4.0,0.0,-44.0
1776885575.9541028,-1.0,1.0,-44.0
1776885575.9641027,-4.0,5.0,-43.0
1776885575.9741027,-7.0,1.0,-44.0
1776885575.9841027,-5.0,2.0,-47.0
1776885575.9941027,-3.0,4.0,-50.0
1776885576.0041027,-1.0,8.0,-48.0
1776885576.0141027,2.0,6.0,-46.0
1776885576.0241027,2.0,3.0,-41.0
1776885576.034103,0.0,0.0,-37.0
1776885576.044103,1.0,0.0,-28.0
1776885576.054103,1.0,-1.0,-26.0
1776885576.0641026,-2.0,0.0,-22.0
1776885576.0741026,-1.0,1.0,-31.0
1776885576.0841026,0.0,3.0,-36.0
1776885576.0941026,0.0,4.0,-33.0
1776885576.1041028,0.0,3.0,-31.0
1776885576.1141028,-2.0,4.0,-35.0
1776885576.1241028,-2.0,1.0,-33.0
1776885576.1341028,-1.0,4.0,-31.0
1776885576.1441028,-6.0,2.0,-35.0
1776885576.1541028,-2.0,6.0,-38.0
1776885576.1641028,-1.0,5.0,-34.0
1776885576.1741028,-1.0,4.0,-37.0
1776885576.1841028,3.0,-1.0,-40.0
1776885576.1941028,8.0,-1.0,-44.0
1776885576.2041028,0.0,-2.0,-49.0
1776885576.2141027,-1.0,-4.0,-46.0
1776885576.2241027,-6.0,-4.0,-49.0
1776885576.2341027,-6.0,-1.0,-50.0
1776885576.2441027,-3.0,0.0,-50.0
1776885576.2541027,-2.0,-1.0,-49.0
1776885576.2641027,-6.0,-2.0,-44.0
1776885576.2741027,-2.0,-7.0,-36.0
1776885576.284103,-3.0,-5.0,-40.0
1776885576.294103,6.0,-3.0,-38.0
1776885576.304103,3.0,-1.0,-31.0
1776885576.3141026,4.0,-4.0,-33.0
1776885576.3241026,4.0,-5.0,-28.0
1776885576.3341026,4.0,-5.0,-26.0
1776885576.3441026,5.0,-3.0,-24.0
1776885576.3541028,3.0,1.0,-23.0
1776885576.3641028,3.0,0.0,-23.0
1776885576.3741028,6.0,2.0,-26.0
1776885576.3841028,4.0,3.0,-27.0
1776885576.3941028,3.0,2.0,-31.0
1776885576.4041028,1.0,0.0,-39.0
1776885576.4141028,0.0,0.0,-41.0
1776885576.4241028,1.0,1.0,-40.0
1776885576.4341028,4.0,2.0,-40.0
1776885576.4441028,0.0,1.0,-40.0
1776885576.4541028,-4.0,3.0,-36.0
1776885576.4641027,-4.0,2.0,-41.0
1776885576.4741027,-1.0,2.0,-40.0
1776885576.4841027,0.0,0.0,-45.0
1776885576.4941027,0.0,2.0,-47.0
1776885576.5041027,-2.0,3.0,-43.0
1776885576.5141027,-3.0,4.0,-49.0
1776885576.5241027,0.0,2.0,-49.0
1776885576.534103,0.0,0.0,-46.0
1776885576.544103,3.0,-1.0,-45.0
1776885576.554103,7.0,-1.0,-46.0
1776885576.5641026,1.0,0.0,-45.0
1776885576.5741026,-2.0,0.0,-49.0
1776885576.5841026,0.0,0.0,-44.0
1776885576.5941026,3.0,1.0,-43.0
1776885576.6041028,0.0,0.0,-44.0
1776885576.6141028,-4.0,0.0,-42.0
1776885576.6241028,-5.0,1.0,-43.0
1776885576.6341028,-2.0,-2.0,-38.0
1776885576.6441028,-5.0,-2.0,-33.0
1776885576.6541028,-8.0,0.0,-31.0
1776885576.6641028,-6.0,-1.0,-34.0
1776885576.6741028,-8.0,-3.0,-37.0
1776885576.6841028,-2.0,-4.0,-41.0
1776885576.6941028,1.0,0.0,-45.0
1776885576.7041028,2.0,0.0,-51.0
1776885576.7141027,2.0,1.0,-48.0
1776885576.7241027,3.0,-2.0,-47.0
1776885576.7341027,6.0,-4.0,-41.0
1776885576.7441027,3.0,-8.0,-38.0
1776885576.7541027,5.0,-8.0,-41.0
1776885576.7641027,3.0,-6.0,-44.0
1776885576.7741027,1.0,-5.0,-34.0
1776885576.784103,3.0,-5.0,-36.0
1776885576.794103,3.0,-7.0,-36.0
1776885576.804103,2.0,-3.0,-34.0
1776885576.8141026,0.0,-2.0,-32.0
1776885576.8241026,1.0,-1.0,-29.0
1776885576.8341026,0.0,0.0,-33.0
1776885576.8441026,3.0,0.0,-33.0
1776885576.8541028,0.0,-4.0,-43.0
1776885576.8641028,0.0,-4.0,-41.0
1776885576.8741028,1.0,-7.0,-45.0
1776885576.8841028,4.0,-3.0,-38.0
1776885576.8941028,4.0,2.0,-39.0
1776885576.9041028,1.0,4.0,-43.0
1776885576.9141028,1.0,0.0,-41.0
1776885576.9241028,0.0,1.0,-41.0
1776885576.9341028,-2.0,3.0,-34.0
1776885576.9441028,-1.0,4.0,-31.0
1776885576.9541028,-2.0,2.0,-36.0
1776885576.9641027,-1.0,4.0,-42.0
1776885576.9741027,0.0,3.0,-41.0
1776885576.9841027,1.0,2.0,-37.0
1776885576.9941027,-1.0,3.0,-34.0
1776885577.0041027,-5.0,2.0,-35.0
1776885577.0141027,0.0,3.0,-33.0
1776885577.0241027,0.0,4.0,-36.0
1776885577.034103,1.0,4.0,-34.0
1776885577.044103,3.0,3.0,-34.0
1776885577.054103,0.0,3.0,-34.0
1776885577.0641026,1.0,1.0,-31.0
1776885577.0741026,3.0,-4.0,-36.0
1776885577.0841026,5.0,-3.0,-42.0
1776885577.0941026,5.0,-3.0,-46.0
1776885577.1041028,2.0,0.0,-43.0
1776885577.1141028,5.0,1.0,-38.0
1776885577.1241028,4.0,4.0,-41.0
1776885577.1341028,6.0,5.0,-39.0
1776885577.1441028,5.0,4.0,-39.0
1776885577.1541028,6.0,1.0,-48.0
1776885577.1641028,4.0,1.0,-47.0
1776885577.1741028,6.0,1.0,-44.0
1776885577.1841028,5.0,0.0,-46.0
1776885577.1941028,0.0,-1.0,-44.0
1776885577.2041028,0.0,1.0,-48.0
1776885577.2141027,0.0,1.0,-52.0
1776885577.2241027,0.0,1.0,-48.0
1776885577.2341027,2.0,0.0,-34.0
1776885577.2441027,1.0,-1.0,-35.0
1776885577.2541027,0.0,-4.0,-40.0
1776885577.2641027,0.0,-2.0,-40.0
1776885577.2741027,0.0,-1.0,-39.0
1776885577.284103,0.0,-1.0,-34.0
1776885577.294103,-3.0,-2.0,-33.0
1776885577.304103,-7.0,-3.0,-36.0
1776885577.3141026,-4.0,-4.0,-37.0
1776885577.3241026,-4.0,-3.0,-44.0
1776885577.3341026,-1.0,0.0,-53.0
1776885577.3441026,-1.0,-1.0,-52.0
1776885577.3541028,-6.0,-5.0,-55.0
1776885577.3641028,0.0,-2.0,-53.0
1776885577.3741028,-5.0,-5.0,-55.0
1776885577.3841028,-9.0,-1.0,-55.0
1776885577.3941028,-1.0,2.0,-58.0
1776885577.4041028,3.0,0.0,-48.0
1776885577.4141028,0.0,-2.0,-39.0
1776885577.4241028,2.0,-3.0,-32.0
1776885577.4341028,2.0,-4.0,-31.0
1776885577.4441028,1.0,-4.0,-36.0
1776885577.4541028,1.0,-3.0,-31.0
1776885577.4641027,2.0,-3.0,-34.0
1776885577.4741027,0.0,-3.0,-35.0
1776885577.4841027,0.0,-7.0,-36.0
1776885577.4941027,2.0,-8.0,-40.0
1776885577.5041027,0.0,-3.0,-38.0
1776885577.5141027,-1.0,-3.0,-32.0
1776885577.5241027,-3.0,-2.0,-34.0
1776885577.534103,0.0,-8.0,-38.0
1776885577.544103,-2.0,-7.0,-32.0
1776885577.554103,0.0,-7.0,-27.0
1776885577.5641026,-2.0,-9.0,-28.0
1776885577.5741026,-6.0,-3.0,-37.0
1776885577.5841026,-8.0,0.0,-43.0
1776885577.5941026,-5.0,-1.0,-41.0
1776885577.6041028,-3.0,-2.0,-35.0
1776885577.6141028,0.0,-2.0,-36.0
1776885577.6241028,-5.0,-5.0,-34.0
1776885577.6341028,-6.0,-4.0,-39.0
1776885577.6441028,-4.0,-2.0,-44.0
1776885577.6541028,-1.0,-5.0,-37.0
1776885577.6641028,0.0,-4.0,-33.0
1776885577.6741028,-2.0,-7.0,-31.0
1776885577.6841028,3.0,-3.0,-35.0
1776885577.6951027,7.0,-2.0,-43.0
1776885577.7051027,2.0,0.0,-46.0
1776885577.715103,1.0,3.0,-47.0
1776885577.725103,-1.0,6.0,-48.0
1776885577.735103,-3.0,3.0,-50.0
1776885577.7451026,0.0,2.0,-48.0
1776885577.7551026,1.0,1.0,-46.0
1776885577.7651026,2.0,0.0,-46.0
1776885577.7751029,2.0,2.0,-48.0
1776885577.7851028,5.0,2.0,-49.0
1776885577.7951028,6.0,0.0,-51.0
1776885577.8051028,2.0,0.0,-51.0
1776885577.8151028,4.0,0.0,-46.0
1776885577.8251028,5.0,-2.0,-39.0
1776885577.8351028,3.0,-2.0,-33.0
1776885577.8451028,1.0,-1.0,-36.0
1776885577.8551028,4.0,-4.0,-36.0
1776885577.8651028,9.0,-2.0,-40.0
1776885577.8751028,4.0,0.0,-38.0
1776885577.8851027,0.0,-1.0,-31.0
1776885577.8951027,0.0,-1.0,-28.0
1776885577.9051027,2.0,-3.0,-36.0
1776885577.9151027,3.0,-3.0,-37.0
1776885577.9251027,-3.0,-5.0,-45.0
1776885577.9351027,-3.0,-6.0,-50.0
1776885577.9451027,1.0,-5.0,-44.0
1776885577.9551027,0.0,-6.0,-42.0
1776885577.965103,-2.0,-5.0,-38.0
1776885577.975103,2.0,-5.0,-39.0
1776885577.985103,3.0,-2.0,-41.0
1776885577.9951026,-2.0,-3.0,-47.0
1776885578.0051026,0.0,-1.0,-51.0
1776885578.0151026,0.0,-4.0,-46.0
1776885578.0251029,-2.0,-4.0,-40.0
1776885578.0351028,1.0,-3.0,-38.0
1776885578.0451028,0.0,-3.0,-44.0
1776885578.0551028,-4.0,-2.0,-41.0
1776885578.0651028,0.0,-2.0,-45.0
1776885578.0751028,2.0,-4.0,-42.0
1776885578.0851028,3.0,-1.0,-47.0
1776885578.0951028,3.0,-5.0,-47.0
1776885578.1051028,2.0,-8.0,-52.0
1776885578.1151028,2.0,-13.0,-51.0
1776885578.1251028,4.0,-9.0,-46.0
1776885578.1351027,10.0,-7.0,-45.0
1776885578.1451027,9.0,-7.0,-43.0
1776885578.1551027,9.0,-5.0,-46.0
1776885578.1651027,4.0,-5.0,-46.0
1776885578.1751027,2.0,-1.0,-49.0
1776885578.1851027,0.0,1.0,-49.0
1776885578.1951027,0.0,-1.0,-48.0
1776885578.2051027,0.0,-3.0,-52.0
1776885578.215103,1.0,-6.0,-55.0
1776885578.225103,0.0,-7.0,-54.0
1776885578.235103,0.0,-6.0,-50.0
1776885578.2451026,0.0,-4.0,-49.0
1776885578.2551026,0.0,-9.0,-47.0
1776885578.2651026,0.0,-3.0,-46.0
1776885578.2751029,0.0,-6.0,-51.0
1776885578.2851028,0.0,-7.0,-47.0
1776885578.2951028,0.0,-1.0,-42.0
1776885578.3051028,5.0,0.0,-42.0
1776885578.3151028,5.0,0.0,-46.0
1776885578.3251028,2.0,-3.0,-47.0
1776885578.3351028,0.0,-1.0,-52.0
1776885578.3451028,6.0,0.0,-51.0
1776885578.3551028,10.0,-1.0,-42.0
1776885578.3651028,6.0,-6.0,-35.0
1776885578.3751028,6.0,-4.0,-36.0
1776885578.3851027,10.0,-4.0,-42.0
1776885578.3951027,5.0,-3.0,-42.0
1776885578.4051027,4.0,-4.0,-42.0
1776885578.4151027,4.0,-3.0,-36.0
1776885578.4251027,2.0,-4.0,-35.0
1776885578.4351027,-1.0,0.0,-33.0
1776885578.4451027,0.0,0.0,-30.0
1776885578.4551027,0.0,-1.0,-33.0
1776885578.465103,-1.0,0.0,-36.0
1776885578.475103,-2.0,0.0,-34.0
1776885578.485103,-4.0,-2.0,-36.0
1776885578.4951026,-1.0,0.0,-40.0
1776885578.5051026,-1.0,-2.0,-42.0
1776885578.5151026,0.0,-3.0,-51.0
1776885578.5251029,1.0,0.0,-46.0
1776885578.5351028,0.0,-2.0,-44.0
1776885578.5451028,0.0,-4.0,-42.0
1776885578.5551028,5.0,-4.0,-47.0
1776885578.5651028,6.0,0.0,-43.0
1776885578.5751028,4.0,1.0,-38.0
1776885578.5851028,6.0,0.0,-36.0
1776885578.5951028,5.0,2.0,-32.0
1776885578.6051028,8.0,2.0,-29.0
1776885578.6151028,8.0,0.0,-32.0
1776885578.6251028,2.0,-2.0,-39.0
1776885578.6351027,2.0,-2.0,-36.0
1776885578.6451027,1.0,0.0,-40.0
1776885578.6551027,2.0,0.0,-41.0
1776885578.6651027,4.0,2.0,-45.0
1776885578.6751027,0.0,0.0,-45.0
1776885578.6851027,-4.0,0.0,-45.0
1776885578.6951027,-4.0,2.0,-44.0
1776885578.7051027,0.0,3.0,-46.0
1776885578.715103,1.0,3.0,-45.0
1776885578.725103,2.0,0.0,-46.0
1776885578.735103,0.0,0.0,-42.0
1776885578.7451026,1.0,0.0,-40.0
1776885578.7551026,0.0,-1.0,-41.0
1776885578.7651026,3.0,-5.0,-41.0
1776885578.7751029,3.0,-5.0,-44.0
1776885578.7851028,2.0,-9.0,-43.0
1776885578.7951028,2.0,-9.0,-47.0
1776885578.8051028,5.0,-7.0,-53.0
1776885578.8151028,0.0,-5.0,-53.0
1776885578.8251028,1.0,-7.0,-51.0
1776885578.8351028,4.0,-3.0,-44.0
1776885578.8451028,2.0,-2.0,-48.0
1776885578.8551028,6.0,-1.0,-46.0
1776885578.8651028,4.0,0.0,-45.0
1776885578.8751028,2.0,0.0,-45.0
1776885578.8851027,5.0,1.0,-49.0
1776885578.8951027,5.0,2.0,-44.0
1776885578.9051027,6.0,3.0,-40.0
1776885578.9151027,7.0,3.0,-44.0
1776885578.9251027,7.0,1.0,-41.0
1776885578.9351027,7.0,0.0,-30.0
1776885578.9451027,2.0,2.0,-34.0
1776885578.9551027,3.0,-1.0,-31.0
1776885578.965103,-1.0,-3.0,-35.0
1776885578.975103,-1.0,-2.0,-36.0
1776885578.985103,3.0,2.0,-36.0
1776885578.9951026,5.0,1.0,-36.0
1776885579.0051026,7.0,1.0,-40.0
1776885579.0151026,10.0,1.0,-41.0
1776885579.0251029,9.0,0.0,-42.0
1776885579.0351028,7.0,-1.0,-40.0
1776885579.0451028,6.0,-2.0,-40.0
1776885579.0551028,11.0,-2.0,-46.0
1776885579.0651028,12.0,1.0,-43.0
1776885579.0751028,11.0,2.0,-44.0
1776885579.0851028,5.0,-3.0,-45.0
1776885579.0951028,8.0,0.0,-46.0
1776885579.1051028,7.0,3.0,-42.0
1776885579.1151028,5.0,7.0,-45.0
1776885579.1251028,7.0,5.0,-44.0
1776885579.1351027,4.0,1.0,-41.0
1776885579.1451027,1.0,2.0,-40.0
1776885579.1551027,6.0,1.0,-39.0
1776885579.1651027,6.0,0.0,-44.0
1776885579.1751027,10.0,0.0,-44.0
1776885579.1851027,3.0,1.0,-44.0
1776885579.1951027,4.0,-1.0,-46.0
1776885579.2051027,5.0,-2.0,-46.0
1776885579.215103,7.0,-4.0,-50.0
1776885579.225103,5.0,-1.0,-43.0
1776885579.235103,4.0,-2.0,-35.0
1776885579.2451026,1.0,-1.0,-33.0
1776885579.2551026,0.0,0.0,-41.0
1776885579.2651026,1.0,-3.0,-36.0
1776885579.2751029,0.0,0.0,-42.0
1776885579.2851028,2.0,-3.0,-43.0
1776885579.2951028,2.0,-2.0,-51.0
1776885579.3051028,0.0,-5.0,-46.0
1776885579.3151028,3.0,-2.0,-40.0
1776885579.3251028,6.0,0.0,-38.0
1776885579.3351028,11.0,1.0,-34.0
1776885579.3451028,11.0,3.0,-35.0
1776885579.3551028,7.0,1.0,-39.0
1776885579.3651028,7.0,0.0,-39.0
1776885579.3751028,3.0,-3.0,-34.0
1776885579.3851027,5.0,-6.0,-41.0
1776885579.3951027,3.0,-8.0,-41.0
1776885579.4051027,2.0,-9.0,-44.0
1776885579.4151027,3.0,-8.0,-41.0
1776885579.4251027,-1.0,-2.0,-44.0
1776885579.4351027,3.0,0.0,-40.0
1776885579.4451027,2.0,2.0,-37.0
1776885579.4551027,4.0,1.0,-38.0
1776885579.465103,5.0,0.0,-35.0
1776885579.475103,3.0,0.0,-39.0
1776885579.485103,3.0,-2.0,-37.0
1776885579.4951026,1.0,-6.0,-35.0
1776885579.5051026,-1.0,-13.0,-36.0
1776885579.5151026,-5.0,-13.0,-31.0
1776885579.5251029,1.0,-10.0,-32.0
1776885579.5351028,1.0,-8.0,-41.0
1776885579.5451028,5.0,-5.0,-36.0
1776885579.5551028,2.0,-6.0,-41.0
1776885579.5651028,1.0,-9.0,-42.0
1776885579.5751028,0.0,-8.0,-47.0
1776885579.5851028,4.0,-10.0,-39.0
1776885579.5951028,5.0,-4.0,-39.0
1776885579.6051028,2.0,-5.0,-41.0
1776885579.6151028,2.0,-2.0,-42.0
1776885579.6261027,2.0,-3.0,-44.0
1776885579.6351027,1.0,-1.0,-56.0
1776885579.6451027,6.0,-2.0,-65.0
1776885579.6551027,1.0,-1.0,-70.0
1776885579.6651027,2.0,0.0,-62.0
1776885579.6751027,0.0,0.0,-56.0
1776885579.6861026,0.0,0.0,-50.0
1776885579.6961029,-6.0,-1.0,-41.0
1776885579.7061028,-8.0,-3.0,-41.0
1776885579.7161028,-8.0,1.0,-42.0
1776885579.7261028,-4.0,3.0,-41.0
1776885579.7361028,-7.0,4.0,-44.0
1776885579.7461028,-8.0,5.0,-48.0
1776885579.7561028,-5.0,4.0,-48.0
1776885579.7661028,-1.0,2.0,-47.0
1776885579.7761028,3.0,1.0,-46.0
1776885579.7861028,4.0,-2.0,-44.0
1776885579.7961028,0.0,-1.0,-39.0
1776885579.8061028,0.0,-2.0,-41.0
1776885579.8161027,-4.0,-2.0,-44.0
1776885579.8261027,-6.0,-5.0,-44.0
1776885579.8361027,-3.0,-3.0,-45.0
1776885579.8461027,0.0,-4.0,-48.0
1776885579.8561027,0.0,-2.0,-39.0
1776885579.8661027,4.0,1.0,-39.0
1776885579.8761027,8.0,2.0,-38.0
1776885579.886103,4.0,3.0,-35.0
1776885579.896103,8.0,3.0,-32.0
1776885579.906103,8.0,1.0,-33.0
1776885579.9161026,7.0,-3.0,-35.0
1776885579.9261026,8.0,-3.0,-36.0
1776885579.9361026,6.0,-4.0,-36.0
1776885579.9461029,5.0,-6.0,-36.0
1776885579.9561028,3.0,-5.0,-37.0
1776885579.9661028,0.0,-7.0,-36.0
1776885579.9761028,0.0,-10.0,-36.0
1776885579.9861028,-2.0,-8.0,-32.0
1776885579.9961028,0.0,-9.0,-37.0
1776885580.0061028,0.0,-6.0,-34.0
1776885580.0161028,1.0,-8.0,-33.0
1776885580.0261028,0.0,-1.0,-38.0
1776885580.0361028,-3.0,-2.0,-35.0
1776885580.0461028,-3.0,-1.0,-33.0
1776885580.0561028,-1.0,-4.0,-41.0
1776885580.0661027,-2.0,-2.0,-46.0
1776885580.0761027,-3.0,-5.0,-48.0
1776885580.0861027,-1.0,-4.0,-47.0
1776885580.0961027,-1.0,-4.0,-46.0
1776885580.1061027,0.0,-4.0,-53.0
1776885580.1161027,4.0,-5.0,-52.0
1776885580.1261027,3.0,-5.0,-50.0
1776885580.136103,3.0,-7.0,-52.0
1776885580.146103,0.0,-6.0,-48.0
1776885580.156103,0.0,0.0,-45.0
1776885580.1661026,-1.0,-3.0,-40.0
1776885580.1761026,3.0,0.0,-34.0
1776885580.1861026,1.0,-1.0,-27.0
1776885580.1961029,0.0,-4.0,-33.0
1776885580.2061028,-1.0,-2.0,-35.0
1776885580.2161028,0.0,-1.0,-32.0
1776885580.2261028,-1.0,-2.0,-31.0
1776885580.2361028,0.0,-7.0,-37.0
1776885580.2461028,-5.0,-5.0,-40.0
1776885580.2561028,-3.0,-3.0,-41.0
1776885580.2661028,0.0,-5.0,-37.0
1776885580.2761028,0.0,0.0,-44.0
1776885580.2861028,0.0,-1.0,-44.0
1776885580.2961028,2.0,-4.0,-42.0
1776885580.3061028,4.0,-2.0,-39.0
1776885580.3161027,3.0,-1.0,-46.0
1776885580.3261027,-1.0,-1.0,-48.0
1776885580.3361027,-5.0,-1.0,-50.0
1776885580.3461027,-5.0,-7.0,-41.0
1776885580.3561027,-5.0,-3.0,-49.0
1776885580.3661027,-6.0,-4.0,-53.0
1776885580.3761027,-5.0,-4.0,-51.0
1776885580.386103,-6.0,-5.0,-50.0
1776885580.396103,-6.0,-4.0,-48.0
1776885580.406103,-1.0,-6.0,-44.0
1776885580.4161026,0.0,-3.0,-50.0
1776885580.4261026,2.0,-5.0,-47.0
1776885580.4361026,1.0,-6.0,-52.0
1776885580.4461029,-1.0,-4.0,-50.0
1776885580.4561028,2.0,-3.0,-48.0
1776885580.4661028,1.0,-1.0,-47.0
1776885580.4761028,-2.0,0.0,-46.0
1776885580.4861028,-2.0,-3.0,-44.0
1776885580.4961028,0.0,0.0,-44.0
1776885580.5061028,0.0,-2.0,-40.0
1776885580.5161028,4.0,-4.0,-35.0
1776885580.5261028,8.0,-6.0,-35.0
1776885580.5361028,8.0,-4.0,-28.0
1776885580.5461028,4.0,-2.0,-31.0
1776885580.5561028,2.0,3.0,-28.0
1776885580.5661027,-2.0,0.0,-23.0
1776885580.5761027,0.0,0.0,-27.0
1776885580.5861027,3.0,-8.0,-27.0
1776885580.5961027,6.0,-7.0,-27.0
1776885580.6061027,6.0,-5.0,-24.0
1776885580.6161027,6.0,-4.0,-33.0
1776885580.6261027,9.0,-4.0,-30.0
1776885580.636103,7.0,-6.0,-30.0
1776885580.646103,10.0,-5.0,-33.0
1776885580.656103,10.0,-7.0,-37.0
1776885580.6661026,5.0,-7.0,-40.0
1776885580.6761026,1.0,-2.0,-48.0
1776885580.6861026,-1.0,0.0,-49.0
1776885580.6961029,-5.0,0.0,-41.0
1776885580.7061028,-10.0,-5.0,-36.0
1776885580.7161028,-9.0,-8.0,-38.0
1776885580.7261028,-3.0,-9.0,-35.0
1776885580.7361028,0.0,-3.0,-34.0
1776885580.7461028,3.0,-6.0,-41.0
1776885580.7561028,4.0,-4.0,-39.0
1776885580.7661028,3.0,1.0,-36.0
1776885580.7761028,1.0,2.0,-35.0
1776885580.7861028,4.0,0.0,-35.0
1776885580.7961028,4.0,1.0,-35.0
1776885580.8061028,-4.0,8.0,-37.0
1776885580.8161027,-4.0,3.0,-36.0
1776885580.8261027,-5.0,6.0,-37.0
1776885580.8361027,-4.0,2.0,-33.0
1776885580.8461027,-9.0,4.0,-40.0
1776885580.8561027,-7.0,3.0,-37.0
1776885580.8661027,-2.0,0.0,-35.0
1776885580.8761027,4.0,-2.0,-34.0
1776885580.886103,5.0,-2.0,-30.0
1776885580.896103,5.0,-5.0,-32.0
1776885580.906103,3.0,-1.0,-37.0
1776885580.9161026,2.0,-6.0,-43.0
1776885580.9261026,2.0,-2.0,-44.0
1776885580.9361026,2.0,-5.0,-45.0
1776885580.9461029,7.0,-9.0,-48.0
1776885580.9561028,5.0,-6.0,-53.0
1776885580.9661028,5.0,-6.0,-56.0
1776885580.9761028,5.0,-10.0,-51.0
1776885580.9861028,7.0,-10.0,-49.0
1776885580.9961028,4.0,-8.0,-47.0
1776885581.0061028,2.0,-5.0,-47.0
1776885581.0161028,2.0,-6.0,-44.0
1776885581.0261028,0.0,-6.0,-45.0
1776885581.0361028,-4.0,-1.0,-51.0
1776885581.0461028,-5.0,0.0,-50.0
1776885581.0561028,-3.0,-2.0,-48.0
1776885581.0661027,-1.0,0.0,-48.0
1776885581.0761027,-1.0,0.0,-49.0
1776885581.0861027,-3.0,-2.0,-46.0
1776885581.0961027,-1.0,-3.0,-43.0
1776885581.1061027,4.0,-1.0,-44.0
1776885581.1161027,0.0,0.0,-47.0
1776885581.1261027,-6.0,6.0,-42.0
1776885581.136103,-9.0,4.0,-41.0
1776885581.146103,-9.0,0.0,-43.0
1776885581.156103,-5.0,0.0,-40.0
1776885581.1661026,2.0,-2.0,-40.0
1776885581.1761026,3.0,-5.0,-43.0
1776885581.1861026,5.0,-7.0,-38.0
1776885581.1961029,3.0,-10.0,-43.0
1776885581.2061028,3.0,-8.0,-51.0
1776885581.2161028,3.0,-10.0,-49.0
1776885581.2261028,3.0,-7.0,-44.0
1776885581.2361028,4.0,-5.0,-41.0
1776885581.2461028,5.0,-5.0,-45.0
1776885581.2561028,3.0,-5.0,-37.0
1776885581.2661028,4.0,-6.0,-43.0
1776885581.2761028,3.0,-7.0,-41.0
1776885581.2861028,3.0,0.0,-48.0
1776885581.2961028,1.0,5.0,-47.0
1776885581.3061028,8.0,0.0,-43.0
1776885581.3161027,4.0,0.0,-46.0
1776885581.3261027,-3.0,-3.0,-48.0
1776885581.3361027,-1.0,-3.0,-46.0
1776885581.3461027,2.0,-2.0,-49.0
1776885581.3561027,3.0,-4.0,-45.0
1776885581.3661027,4.0,-2.0,-44.0
1776885581.3761027,3.0,1.0,-53.0
1776885581.386103,3.0,0.0,-45.0
1776885581.396103,-3.0,0.0,-43.0
1776885581.406103,-1.0,-2.0,-42.0
1776885581.4161026,-3.0,-1.0,-41.0
1776885581.4261026,-5.0,-3.0,-43.0
1776885581.4361026,-1.0,-2.0,-39.0
1776885581.4461029,2.0,-7.0,-43.0
1776885581.4561028,1.0,-8.0,-47.0
1776885581.4661028,0.0,-4.0,-39.0
1776885581.4761028,-1.0,-5.0,-37.0
1776885581.4861028,-2.0,-2.0,-32.0
1776885581.4961028,0.0,-3.0,-37.0
1776885581.5061028,1.0,-8.0,-43.0
1776885581.5161028,1.0,-10.0,-43.0
1776885581.5261028,-1.0,-8.0,-44.0
1776885581.5361028,-3.0,-4.0,-43.0
1776885581.5461028,-5.0,-3.0,-43.0
1776885581.5561028,-6.0,0.0,-43.0
1776885581.5661027,-8.0,-2.0,-42.0
1776885581.5761027,-5.0,-1.0,-42.0
1776885581.5861027,-4.0,0.0,-37.0
1776885581.5971026,-1.0,3.0,-30.0
1776885581.6061027,0.0,3.0,-31.0
1776885581.6161027,6.0,1.0,-34.0
1776885581.6261027,5.0,1.0,-35.0
1776885581.6371028,7.0,-3.0,-39.0
1776885581.6471028,7.0,-5.0,-47.0
1776885581.656103,6.0,-4.0,-47.0
1776885581.6671028,6.0,0.0,-41.0
1776885581.6771028,2.0,0.0,-40.0
1776885581.6871028,3.0,1.0,-35.0
1776885581.6971028,2.0,5.0,-35.0
1776885581.7071028,2.0,2.0,-32.0
1776885581.7171028,1.0,-1.0,-38.0
1776885581.7271028,4.0,-8.0,-40.0
1776885581.7371027,2.0,-6.0,-33.0
1776885581.7471027,-3.0,-8.0,-30.0
1776885581.7571027,-6.0,-10.0,-35.0
1776885581.7671027,-7.0,-7.0,-42.0
1776885581.7771027,-5.0,-5.0,-40.0
1776885581.7871027,-5.0,2.0,-34.0
1776885581.7971027,-2.0,3.0,-39.0
1776885581.807103,-4.0,0.0,-42.0
1776885581.817103,-1.0,-3.0,-43.0
1776885581.827103,1.0,-3.0,-37.0
1776885581.837103,0.0,-3.0,-41.0
1776885581.8471026,-1.0,-5.0,-40.0
1776885581.8571026,-1.0,-5.0,-33.0
1776885581.8671026,-4.0,-4.0,-29.0
1776885581.8771029,-3.0,-4.0,-32.0
1776885581.8871028,-2.0,-2.0,-34.0
1776885581.8971028,0.0,-1.0,-39.0
1776885581.9071028,-1.0,0.0,-38.0
1776885581.9171028,-3.0,-3.0,-43.0
1776885581.9271028,1.0,-8.0,-44.0
1776885581.9371028,1.0,-6.0,-44.0
1776885581.9471028,1.0,-8.0,-44.0
1776885581.9571028,-1.0,-3.0,-46.0
1776885581.9671028,-5.0,-6.0,-48.0
1776885581.9771028,-8.0,-4.0,-38.0
1776885581.9871027,-7.0,-6.0,-30.0
1776885581.9971027,-2.0,-3.0,-36.0
1776885582.0071027,-2.0,-1.0,-32.0
1776885582.0171027,-4.0,-1.0,-33.0
1776885582.0271027,-6.0,-3.0,-40.0
1776885582.0371027,-7.0,-5.0,-42.0
1776885582.0471027,-1.0,-5.0,-45.0
1776885582.057103,0.0,-4.0,-54.0
1776885582.067103,1.0,-2.0,-55.0
1776885582.077103,2.0,-2.0,-53.0
1776885582.087103,3.0,-3.0,-46.0
1776885582.0971026,0.0,-5.0,-46.0
1776885582.1071026,-2.0,-7.0,-38.0
1776885582.1171026,-3.0,-5.0,-44.0
1776885582.1271029,-4.0,0.0,-40.0
1776885582.1371028,0.0,0.0,-40.0
1776885582.1471028,3.0,0.0,-33.0
1776885582.1571028,3.0,0.0,-39.0
1776885582.1671028,8.0,-1.0,-42.0
1776885582.1771028,8.0,0.0,-43.0
1776885582.1871028,11.0,0.0,-38.0
1776885582.1971028,9.0,1.0,-37.0
1776885582.2071028,3.0,0.0,-37.0
1776885582.2171028,3.0,0.0,-39.0
1776885582.2271028,0.0,2.0,-36.0
1776885582.2371027,3.0,4.0,-39.0
1776885582.2471027,5.0,0.0,-37.0
1776885582.2571027,5.0,-2.0,-38.0
1776885582.2671027,-1.0,-2.0,-36.0
1776885582.2771027,1.0,-1.0,-32.0
1776885582.2871027,0.0,0.0,-32.0
1776885582.2971027,-2.0,0.0,-30.0
1776885582.307103,0.0,0.0,-30.0
1776885582.317103,5.0,-3.0,-29.0
1776885582.327103,6.0,-4.0,-34.0
1776885582.337103,6.0,-2.0,-37.0
1776885582.3471026,6.0,-4.0,-49.0
1776885582.3571026,5.0,-5.0,-51.0
1776885582.3671026,5.0,-2.0,-51.0
1776885582.3771029,0.0,-2.0,-50.0
1776885582.3871028,2.0,1.0,-46.0
1776885582.3971028,1.0,0.0,-48.0
1776885582.4071028,1.0,-1.0,-49.0
1776885582.4171028,1.0,-7.0,-51.0
1776885582.4271028,2.0,-6.0,-51.0
1776885582.4371028,0.0,-4.0,-45.0
1776885582.4471028,1.0,-2.0,-41.0
1776885582.4571028,0.0,-4.0,-39.0
1776885582.4671028,0.0,-1.0,-41.0
1776885582.4771028,0.0,0.0,-44.0
1776885582.4871027,2.0,1.0,-45.0
1776885582.4971027,-3.0,-2.0,-48.0
1776885582.5071027,-6.0,0.0,-37.0
1776885582.5171027,0.0,-1.0,-30.0
1776885582.5271027,0.0,-2.0,-30.0
1776885582.5371027,0.0,0.0,-40.0
1776885582.5471027,1.0,3.0,-48.0
1776885582.557103,-1.0,4.0,-46.0
1776885582.567103,-2.0,4.0,-41.0
1776885582.577103,2.0,0.0,-46.0
1776885582.587103,4.0,0.0,-51.0
1776885582.5971026,8.0,-1.0,-41.0
1776885582.6071026,4.0,0.0,-42.0
1776885582.6171026,1.0,0.0,-44.0
1776885582.6271029,3.0,0.0,-43.0
1776885582.6371028,3.0,0.0,-46.0
1776885582.6471028,4.0,2.0,-45.0
1776885582.6571028,-4.0,0.0,-43.0
1776885582.6671028,0.0,-3.0,-38.0
1776885582.6771028,3.0,0.0,-40.0
1776885582.6871028,0.0,-2.0,-38.0
1776885582.6971028,0.0,-3.0,-41.0
1776885582.7071028,1.0,-3.0,-41.0
1776885582.7171028,1.0,-6.0,-43.0
1776885582.7271028,1.0,-6.0,-50.0
1776885582.7371027,3.0,-4.0,-55.0
1776885582.7471027,-1.0,-7.0,-60.0
1776885582.7571027,-2.0,-5.0,-51.0
1776885582.7671027,0.0,-4.0,-50.0
1776885582.7771027,-3.0,0.0,-48.0
1776885582.7871027,-2.0,0.0,-41.0
1776885582.7971027,0.0,-2.0,-37.0
1776885582.807103,1.0,0.0,-39.0
1776885582.817103,3.0,-2.0,-54.0
1776885582.827103,11.0,-6.0,-57.0
1776885582.837103,12.0,-4.0,-59.0
1776885582.8471026,3.0,-7.0,-57.0
1776885582.8571026,0.0,-4.0,-56.0
1776885582.8671026,5.0,-2.0,-54.0
1776885582.8771029,2.0,-4.0,-56.0
1776885582.8871028,4.0,-1.0,-53.0
1776885582.8971028,2.0,0.0,-46.0
1776885582.9071028,5.0,0.0,-48.0
1776885582.9171028,2.0,3.0,-43.0
1776885582.9271028,0.0,0.0,-41.0
1776885582.9371028,0.0,-4.0,-44.0
1776885582.9471028,-3.0,-3.0,-39.0
1776885582.9571028,1.0,0.0,-40.0
1776885582.9671028,-1.0,0.0,-39.0
1776885582.9771028,2.0,-3.0,-42.0
1776885582.9871027,3.0,-1.0,-41.0
1776885582.9971027,0.0,3.0,-37.0
1776885583.0071027,-2.0,3.0,-37.0
1776885583.0171027,-3.0,1.0,-39.0
1776885583.0271027,-4.0,0.0,-36.0
1776885583.0371027,-2.0,0.0,-29.0
1776885583.0471027,1.0,3.0,-32.0
1776885583.057103,1.0,3.0,-31.0
1776885583.067103,-2.0,2.0,-37.0
1776885583.077103,-2.0,-3.0,-36.0
1776885583.087103,-5.0,-3.0,-37.0
1776885583.0971026,-7.0,-6.0,-37.0
1776885583.1071026,-10.0,-2.0,-38.0
1776885583.1171026,-3.0,-2.0,-41.0
1776885583.1271029,-7.0,-4.0,-44.0
1776885583.1371028,-9.0,-2.0,-42.0
1776885583.1471028,-5.0,2.0,-41.0
1776885583.1571028,-4.0,1.0,-35.0
1776885583.1671028,-2.0,-3.0,-39.0
1776885583.1771028,-2.0,0.0,-38.0
1776885583.1871028,2.0,0.0,-33.0
1776885583.1971028,2.0,1.0,-35.0
1776885583.2071028,-1.0,1.0,-27.0
1776885583.2171028,0.0,0.0,-33.0
1776885583.2271028,3.0,1.0,-37.0
1776885583.2371027,6.0,-2.0,-32.0
1776885583.2471027,11.0,-5.0,-38.0
1776885583.2571027,8.0,-5.0,-35.0
1776885583.2671027,4.0,-3.0,-42.0
1776885583.2771027,2.0,-1.0,-36.0
1776885583.2871027,0.0,0.0,-31.0
1776885583.2971027,-2.0,0.0,-32.0
1776885583.307103,0.0,1.0,-32.0
1776885583.317103,4.0,2.0,-38.0
1776885583.327103,6.0,0.0,-40.0
1776885583.337103,4.0,0.0,-46.0
1776885583.3471026,4.0,2.0,-43.0
1776885583.3571026,1.0,0.0,-38.0
1776885583.3671026,-2.0,0.0,-40.0
1776885583.3771029,-1.0,0.0,-38.0
1776885583.3871028,-3.0,0.0,-35.0
1776885583.3971028,0.0,2.0,-33.0
1776885583.4071028,0.0,-1.0,-36.0
1776885583.4171028,1.0,-1.0,-41.0
1776885583.4271028,5.0,1.0,-39.0
1776885583.4371028,6.0,0.0,-46.0
1776885583.4471028,3.0,2.0,-41.0
1776885583.4571028,2.0,2.0,-37.0
1776885583.4671028,5.0,0.0,-43.0
1776885583.4771028,8.0,1.0,-44.0
1776885583.4871027,6.0,-1.0,-52.0
1776885583.4971027,5.0,-1.0,-49.0
1776885583.5071027,2.0,0.0,-56.0
1776885583.5171027,0.0,1.0,-54.0
1776885583.5271027,-5.0,0.0,-47.0
1776885583.5371027,0.0,-3.0,-40.0
1776885583.5471027,0.0,-7.0,-44.0
1776885583.557103,-1.0,-7.0,-35.0
1776885583.567103,-1.0,-6.0,-34.0
1776885583.577103,-3.0,-4.0,-34.0
1776885583.587103,-4.0,-2.0,-27.0
1776885583.5971026,-4.0,-5.0,-25.0
1776885583.6071026,0.0,-6.0,-31.0
1776885583.6181028,4.0,-8.0,-30.0
1776885583.6281028,4.0,-5.0,-38.0
1776885583.6381028,3.0,-3.0,-38.0
1776885583.6471028,4.0,-6.0,-37.0
1776885583.6581028,3.0,-7.0,-37.0
1776885583.6681027,5.0,-2.0,-35.0
1776885583.6781027,0.0,-5.0,-38.0
1776885583.6881027,-1.0,-5.0,-45.0
1776885583.6981027,1.0,-5.0,-43.0
1776885583.7081027,2.0,-7.0,-49.0
1776885583.7181027,0.0,-5.0,-42.0
1776885583.7281027,-2.0,-5.0,-40.0
1776885583.738103,-1.0,-5.0,-42.0
1776885583.748103,-5.0,-4.0,-41.0
1776885583.758103,-2.0,-2.0,-35.0
1776885583.7681026,-1.0,-3.0,-35.0
1776885583.7781026,0.0,-3.0,-36.0
1776885583.7881026,0.0,-4.0,-39.0
1776885583.7981029,0.0,-5.0,-36.0
1776885583.8081028,1.0,-5.0,-43.0
1776885583.8181028,3.0,-6.0,-46.0
1776885583.8281028,-1.0,-5.0,-44.0
1776885583.8381028,-3.0,-6.0,-53.0
1776885583.8481028,4.0,-4.0,-46.0
1776885583.8581028,8.0,-4.0,-41.0
1776885583.8681028,8.0,-2.0,-44.0
1776885583.8781028,4.0,-5.0,-38.0
1776885583.8881028,6.0,-2.0,-36.0
1776885583.8981028,1.0,1.0,-39.0
1776885583.9081028,1.0,-1.0,-45.0
1776885583.9181027,1.0,-4.0,-42.0
1776885583.9281027,-4.0,-5.0,-41.0
1776885583.9381027,-4.0,-5.0,-38.0
1776885583.9481027,-4.0,-8.0,-40.0
1776885583.9581027,-1.0,-8.0,-41.0
1776885583.9681027,3.0,-5.0,-44.0
1776885583.9781027,0.0,-3.0,-37.0
1776885583.988103,4.0,-3.0,-31.0
1776885583.998103,6.0,-3.0,-28.0
1776885584.008103,1.0,-3.0,-31.0
1776885584.0181026,0.0,0.0,-36.0
1776885584.0281026,-1.0,0.0,-40.0
1776885584.0381026,-1.0,0.0,-47.0
1776885584.0481029,-3.0,1.0,-51.0
1776885584.0581028,0.0,-3.0,-48.0
1776885584.0681028,0.0,-6.0,-48.0
1776885584.0781028,2.0,-4.0,-49.0
1776885584.0881028,3.0,-5.0,-48.0
1776885584.0981028,1.0,-4.0,-42.0
1776885584.1081028,-1.0,-1.0,-39.0
1776885584.1181028,3.0,-2.0,-40.0
1776885584.1281028,4.0,-4.0,-40.0
1776885584.1381028,0.0,-6.0,-50.0
1776885584.1481028,-2.0,-6.0,-46.0
1776885584.1581028,-5.0,-8.0,-44.0
1776885584.1681027,-8.0,-4.0,-49.0
1776885584.1781027,-5.0,-5.0,-45.0
1776885584.1881027,-9.0,-3.0,-39.0
1776885584.1981027,-9.0,0.0,-36.0
1776885584.2081027,-2.0,0.0,-34.0
1776885584.2181027,0.0,-3.0,-37.0
1776885584.2281027,0.0,-2.0,-43.0
1776885584.238103,1.0,3.0,-44.0
1776885584.248103,0.0,2.0,-41.0
1776885584.258103,0.0,5.0,-39.0
1776885584.2681026,-1.0,6.0,-37.0
1776885584.2781026,-4.0,5.0,-37.0
1776885584.2881026,-1.0,3.0,-39.0
1776885584.2981029,-1.0,2.0,-46.0
1776885584.3081028,-3.0,-3.0,-43.0
1776885584.3181028,-1.0,-2.0,-45.0
1776885584.3281028,-1.0,-2.0,-42.0
1776885584.3381028,-1.0,-6.0,-46.0
1776885584.3481028,-4.0,-1.0,-43.0
1776885584.3581028,-1.0,-2.0,-42.0
1776885584.3681028,-4.0,2.0,-37.0
1776885584.3781028,-3.0,0.0,-36.0
1776885584.3881028,-3.0,1.0,-42.0
1776885584.3981028,-6.0,1.0,-38.0
1776885584.4081028,-4.0,-1.0,-38.0
1776885584.4181027,0.0,0.0,-38.0
1776885584.4281027,1.0,4.0,-38.0
1776885584.4381027,4.0,4.0,-35.0
1776885584.4481027,1.0,3.0,-38.0
1776885584.4581027,-2.0,2.0,-35.0
1776885584.4681027,0.0,4.0,-25.0
1776885584.4781027,2.0,-2.0,-23.0
1776885584.488103,2.0,-5.0,-28.0
1776885584.498103,2.0,-10.0,-32.0
1776885584.508103,1.0,-11.0,-39.0
1776885584.5181026,2.0,-9.0,-35.0
1776885584.5281026,2.0,-5.0,-37.0
1776885584.5381026,-2.0,-5.0,-38.0
1776885584.5481029,-2.0,-1.0,-36.0
1776885584.5581028,-3.0,-1.0,-41.0
1776885584.5681028,-7.0,-1.0,-41.0
1776885584.5781028,-4.0,1.0,-41.0
1776885584.5881028,-3.0,0.0,-39.0
1776885584.5981028,-8.0,1.0,-38.0
1776885584.6081028,-3.0,0.0,-46.0
1776885584.6181028,2.0,0.0,-51.0
1776885584.6281028,3.0,0.0,-43.0
1776885584.6381028,0.0,-1.0,-46.0
1776885584.6481028,-2.0,2.0,-48.0
1776885584.6581028,-2.0,1.0,-40.0
1776885584.6681027,3.0,-3.0,-36.0
1776885584.6781027,3.0,1.0,-29.0
1776885584.6881027,5.0,0.0,-33.0
1776885584.6981027,6.0,0.0,-36.0
1776885584.7081027,6.0,-1.0,-35.0
1776885584.7181027,1.0,-1.0,-30.0
1776885584.7281027,5.0,0.0,-33.0
1776885584.738103,3.0,-4.0,-41.0
1776885584.748103,-1.0,-5.0,-39.0
1776885584.758103,-5.0,-4.0,-36.0
1776885584.7681026,-6.0,-3.0,-39.0
1776885584.7781026,-5.0,-6.0,-45.0
1776885584.7881026,-3.0,-5.0,-41.0
1776885584.7981029,3.0,-5.0,-38.0
1776885584.8081028,1.0,-4.0,-41.0
1776885584.8181028,4.0,-3.0,-38.0
1776885584.8281028,2.0,-5.0,-39.0
1776885584.8381028,2.0,-2.0,-42.0
1776885584.8481028,2.0,-2.0,-40.0
1776885584.8581028,6.0,-5.0,-39.0
1776885584.8681028,6.0,-3.0,-35.0
1776885584.8781028,6.0,2.0,-31.0
1776885584.8881028,2.0,-2.0,-33.0
1776885584.8981028,1.0,-6.0,-33.0
1776885584.9081028,5.0,-2.0,-42.0
1776885584.9181027,1.0,-5.0,-45.0
1776885584.9281027,0.0,-2.0,-52.0
1776885584.9381027,-4.0,0.0,-53.0
1776885584.9481027,-6.0,-3.0,-50.0
1776885584.9581027,-4.0,-2.0,-51.0
1776885584.9681027,2.0,-2.0,-49.0
1776885584.9781027,3.0,-5.0,-56.0
1776885584.988103,2.0,-5.0,-53.0
1776885584.998103,2.0,-1.0,-55.0
1776885585.008103,7.0,-1.0,-49.0
1776885585.0181026,8.0,1.0,-51.0
1776885585.0281026,3.0,2.0,-46.0
1776885585.0381026,1.0,0.0,-49.0
1776885585.0481029,4.0,-1.0,-50.0
1776885585.0581028,5.0,-1.0,-47.0
1776885585.0681028,10.0,-3.0,-38.0
1776885585.0781028,11.0,-3.0,-34.0
1776885585.0881028,14.0,-6.0,-36.0
1776885585.0981028,14.0,-5.0,-33.0
1776885585.1081028,10.0,-5.0,-42.0
1776885585.1181028,7.0,-7.0,-45.0
1776885585.1281028,10.0,-5.0,-46.0
1776885585.1381028,9.0,-5.0,-44.0
1776885585.1481028,5.0,-3.0,-51.0
1776885585.1581028,5.0,-5.0,-56.0
1776885585.1681027,2.0,-3.0,-52.0
1776885585.1781027,0.0,0.0,-49.0
1776885585.1881027,0.0,1.0,-46.0
1776885585.1981027,1.0,0.0,-47.0
1776885585.2081027,1.0,0.0,-44.0
1776885585.2181027,0.0,3.0,-43.0
1776885585.2281027,0.0,0.0,-43.0
1776885585.238103,0.0,-1.0,-50.0
1776885585.248103,2.0,1.0,-47.0
1776885585.258103,-2.0,-1.0,-45.0
1776885585.2681026,-2.0,-2.0,-41.0
1776885585.2781026,-5.0,-4.0,-43.0
1776885585.2881026,0.0,-2.0,-37.0
1776885585.2981029,0.0,0.0,-39.0
1776885585.3081028,0.0,0.0,-47.0
1776885585.3181028,5.0,-5.0,-50.0
1776885585.3281028,7.0,-7.0,-48.0
1776885585.3381028,9.0,-9.0,-51.0
1776885585.3481028,11.0,-7.0,-46.0
1776885585.3581028,5.0,-4.0,-44.0
1776885585.3681028,4.0,0.0,-43.0
1776885585.3781028,7.0,5.0,-40.0
1776885585.3881028,5.0,5.0,-42.0
1776885585.3981028,5.0,6.0,-46.0
1776885585.4081028,1.0,6.0,-47.0
1776885585.4181027,3.0,4.0,-45.0
1776885585.4281027,0.0,3.0,-51.0
1776885585.4381027,1.0,0.0,-50.0
1776885585.4481027,2.0,-3.0,-48.0
1776885585.4581027,2.0,-5.0,-44.0
1776885585.4681027,0.0,-4.0,-47.0
1776885585.4781027,-4.0,0.0,-47.0
1776885585.488103,0.0,-1.0,-45.0
1776885585.498103,-1.0,0.0,-40.0
1776885585.508103,2.0,0.0,-44.0
1776885585.5181026,-1.0,3.0,-42.0
1776885585.5281026,-2.0,0.0,-39.0
1776885585.5381026,-2.0,-1.0,-38.0
1776885585.5481029,0.0,-1.0,-36.0
1776885585.5581028,0.0,0.0,-40.0
1776885585.5681028,-3.0,1.0,-40.0
1776885585.5781028,-3.0,0.0,-36.0
1776885585.5891027,-2.0,-1.0,-33.0
1776885585.5981028,2.0,-5.0,-28.0
1776885585.6091027,0.0,-6.0,-33.0
1776885585.6191027,-1.0,-9.0,-30.0
1776885585.6291027,-1.0,-11.0,-30.0
1776885585.6391027,-2.0,-8.0,-30.0
1776885585.6491027,-3.0,-3.0,-31.0
1776885585.659103,-2.0,-2.0,-28.0
1776885585.669103,-2.0,-3.0,-28.0
1776885585.679103,-6.0,-1.0,-34.0
1776885585.6891026,-4.0,-1.0,-36.0
1776885585.6991026,-2.0,-4.0,-33.0
1776885585.7091026,0.0,-2.0,-24.0
1776885585.7191026,-2.0,-3.0,-20.0
1776885585.7291028,-7.0,-3.0,-25.0
1776885585.7391028,-1.0,4.0,-26.0
1776885585.7491028,1.0,2.0,-30.0
1776885585.7591028,4.0,5.0,-34.0
1776885585.7691028,4.0,2.0,-41.0
1776885585.7791028,6.0,0.0,-40.0
1776885585.7891028,10.0,-3.0,-42.0
1776885585.7991028,10.0,-1.0,-38.0
1776885585.8091028,11.0,-1.0,-37.0
1776885585.8191028,9.0,2.0,-39.0
1776885585.8291028,5.0,-1.0,-42.0
1776885585.8391027,5.0,-1.0,-46.0
1776885585.8491027,7.0,0.0,-46.0
1776885585.8591027,8.0,-1.0,-46.0
1776885585.8691027,6.0,0.0,-48.0
1776885585.8791027,5.0,-1.0,-43.0
1776885585.8891027,1.0,1.0,-36.0
1776885585.8991027,4.0,2.0,-39.0
1776885585.909103,3.0,2.0,-41.0
1776885585.919103,2.0,2.0,-40.0
1776885585.929103,2.0,0.0,-42.0
1776885585.9391026,3.0,-1.0,-43.0
1776885585.9491026,1.0,-2.0,-39.0
1776885585.9591026,4.0,0.0,-40.0
1776885585.9691026,3.0,0.0,-40.0
1776885585.9791028,6.0,3.0,-43.0
1776885585.9891028,10.0,3.0,-44.0
1776885585.9991028,13.0,3.0,-39.0
1776885586.0091028,7.0,3.0,-44.0
1776885586.0191028,5.0,1.0,-47.0
1776885586.0291028,5.0,0.0,-53.0
1776885586.0391028,5.0,0.0,-51.0
1776885586.0491028,5.0,-1.0,-53.0
1776885586.0591028,6.0,2.0,-48.0
1776885586.0691028,0.0,1.0,-41.0
1776885586.0791028,-1.0,4.0,-35.0
1776885586.0891027,0.0,-1.0,-37.0
1776885586.0991027,-2.0,0.0,-43.0
1776885586.1091027,1.0,1.0,-42.0
1776885586.1191027,4.0,0.0,-44.0
1776885586.1291027,1.0,-3.0,-43.0
1776885586.1391027,-3.0,-9.0,-46.0
1776885586.1491027,0.0,-5.0,-45.0
1776885586.159103,6.0,-1.0,-45.0
1776885586.169103,4.0,-3.0,-38.0
1776885586.179103,6.0,-5.0,-38.0
1776885586.1891026,6.0,-6.0,-43.0
1776885586.1991026,4.0,-5.0,-43.0
1776885586.2091026,3.0,-7.0,-41.0
1776885586.2191026,4.0,-8.0,-38.0
1776885586.2291028,8.0,-5.0,-39.0
1776885586.2391028,7.0,-1.0,-34.0
1776885586.2491028,1.0,-1.0,-38.0
1776885586.2591028,8.0,0.0,-37.0
1776885586.2691028,8.0,1.0,-37.0
1776885586.2791028,5.0,1.0,-35.0
1776885586.2891028,0.0,1.0,-36.0
1776885586.2991028,-4.0,3.0,-34.0
1776885586.3091028,0.0,4.0,-35.0
1776885586.3191028,0.0,0.0,-36.0
1776885586.3291028,-1.0,-3.0,-35.0
1776885586.3391027,-3.0,-5.0,-34.0
1776885586.3491027,-5.0,-3.0,-38.0
1776885586.3591027,-5.0,-4.0,-39.0
1776885586.3691027,-5.0,-5.0,-41.0
1776885586.3791027,-4.0,-5.0,-39.0
1776885586.3891027,-2.0,-5.0,-41.0
1776885586.3991027,0.0,-7.0,-41.0
1776885586.409103,-2.0,-6.0,-48.0
1776885586.419103,-5.0,-6.0,-56.0
1776885586.429103,-5.0,-4.0,-58.0
1776885586.4391026,-4.0,-4.0,-57.0
1776885586.4491026,2.0,-2.0,-53.0
1776885586.4591026,0.0,1.0,-57.0
1776885586.4691026,-1.0,1.0,-54.0
1776885586.4791028,-1.0,1.0,-50.0
1776885586.4891028,-3.0,0.0,-43.0
1776885586.4991028,-1.0,1.0,-38.0
1776885586.5091028,2.0,0.0,-36.0
1776885586.5191028,4.0,-2.0,-35.0
1776885586.5291028,3.0,-4.0,-34.0
1776885586.5391028,1.0,-1.0,-40.0
1776885586.5491028,1.0,-2.0,-48.0
1776885586.5591028,0.0,-1.0,-50.0
1776885586.5691028,0.0,-1.0,-54.0
1776885586.5791028,0.0,-3.0,-51.0
1776885586.5891027,-2.0,-5.0,-46.0
1776885586.5991027,-9.0,-3.0,-42.0
1776885586.6091027,-9.0,1.0,-47.0
1776885586.6191027,-6.0,-1.0,-51.0
1776885586.6291027,-9.0,-3.0,-48.0
1776885586.6391027,-8.0,0.0,-42.0
1776885586.6491027,-6.0,5.0,-41.0
1776885586.659103,-2.0,3.0,-45.0
1776885586.669103,1.0,4.0,-43.0
1776885586.679103,4.0,5.0,-46.0
1776885586.6891026,4.0,4.0,-50.0
1776885586.6991026,6.0,3.0,-49.0
1776885586.7091026,4.0,0.0,-52.0
1776885586.7191026,0.0,-3.0,-47.0
1776885586.7291028,-3.0,-4.0,-53.0
1776885586.7391028,-4.0,-6.0,-62.0
1776885586.7491028,0.0,-5.0,-61.0
1776885586.7591028,0.0,-4.0,-64.0
1776885586.7691028,-4.0,-2.0,-59.0
1776885586.7791028,0.0,-7.0,-52.0
1776885586.7891028,0.0,-5.0,-56.0
1776885586.7991028,0.0,-8.0,-50.0
1776885586.8091028,0.0,-8.0,-51.0
1776885586.8191028,-1.0,-8.0,-49.0
1776885586.8291028,-3.0,-7.0,-44.0
1776885586.8391027,0.0,-4.0,-39.0
1776885586.8491027,2.0,-6.0,-37.0
1776885586.8591027,1.0,-2.0,-40.0
1776885586.8691027,0.0,-1.0,-37.0
1776885586.8791027,4.0,-5.0,-33.0
1776885586.8891027,6.0,-1.0,-30.0
1776885586.8991027,5.0,-3.0,-29.0
1776885586.909103,1.0,-5.0,-29.0
1776885586.919103,0.0,-5.0,-36.0
1776885586.929103,-2.0,-7.0,-45.0
1776885586.9391026,0.0,-8.0,-45.0
1776885586.9491026,3.0,-7.0,-43.0
1776885586.9591026,5.0,-4.0,-41.0
1776885586.9691026,3.0,-2.0,-38.0
1776885586.9791028,1.0,0.0,-41.0
1776885586.9891028,0.0,2.0,-44.0
1776885586.9991028,-2.0,1.0,-38.0
1776885587.0091028,-4.0,0.0,-37.0
1776885587.0191028,-6.0,0.0,-34.0
1776885587.0291028,-3.0,1.0,-40.0
1776885587.0391028,0.0,3.0,-35.0
1776885587.0491028,-2.0,1.0,-31.0
1776885587.0591028,-2.0,-5.0,-36.0
1776885587.0691028,0.0,-4.0,-37.0
1776885587.0791028,-2.0,-3.0,-36.0
1776885587.0891027,0.0,-2.0,-44.0
1776885587.0991027,0.0,1.0,-52.0
1776885587.1091027,1.0,-2.0,-49.0
1776885587.1191027,0.0,-2.0,-45.0
1776885587.1291027,-4.0,-5.0,-45.0
1776885587.1391027,-9.0,-2.0,-46.0
1776885587.1491027,-11.0,-2.0,-42.0
1776885587.159103,-9.0,-2.0,-35.0
1776885587.169103,-6.0,0.0,-28.0
1776885587.179103,-6.0,0.0,-29.0
1776885587.1891026,-5.0,-2.0,-34.0
1776885587.1991026,-5.0,0.0,-28.0
1776885587.2091026,-5.0,1.0,-32.0
1776885587.2191026,-3.0,5.0,-36.0
1776885587.2291028,-4.0,5.0,-39.0
1776885587.2391028,0.0,0.0,-41.0
1776885587.2491028,0.0,0.0,-38.0
1776885587.2591028,0.0,0.0,-42.0
1776885587.2691028,0.0,2.0,-36.0
1776885587.2791028,0.0,2.0,-38.0
1776885587.2891028,5.0,0.0,-33.0
1776885587.2991028,2.0,-2.0,-36.0
1776885587.3091028,1.0,-5.0,-38.0
1776885587.3191028,0.0,-4.0,-40.0
1776885587.3291028,2.0,-4.0,-38.0
1776885587.3391027,0.0,-7.0,-42.0
1776885587.3491027,1.0,-5.0,-40.0
1776885587.3591027,1.0,-3.0,-40.0
1776885587.3691027,0.0,3.0,-45.0
1776885587.3791027,-4.0,4.0,-41.0
1776885587.3891027,0.0,1.0,-44.0
1776885587.3991027,1.0,4.0,-39.0
1776885587.409103,1.0,5.0,-37.0
1776885587.419103,1.0,8.0,-35.0
1776885587.429103,-3.0,7.0,-34.0
1776885587.4391026,-1.0,8.0,-36.0
1776885587.4491026,-1.0,4.0,-33.0
1776885587.4591026,1.0,4.0,-28.0
1776885587.4691026,1.0,4.0,-30.0
1776885587.4791028,-2.0,6.0,-35.0
1776885587.4891028,0.0,9.0,-40.0
1776885587.4991028,-1.0,6.0,-37.0
1776885587.5091028,0.0,5.0,-39.0
1776885587.5191028,0.0,2.0,-39.0
1776885587.5291028,0.0,1.0,-39.0
1776885587.5391028,-1.0,0.0,-46.0
1776885587.5491028,-4.0,1.0,-43.0
1776885587.5591028,-5.0,6.0,-43.0
1776885587.5691028,-2.0,8.0,-29.0
1776885587.5791028,-5.0,5.0,-30.0
1776885587.5891027,-3.0,1.0,-33.0
1776885587.5991027,-6.0,1.0,-34.0
1776885587.610103,-5.0,0.0,-36.0
1776885587.6201026,-5.0,0.0,-39.0
1776885587.6301026,-5.0,-2.0,-44.0
1776885587.6401026,-3.0,-4.0,-45.0
1776885587.6501029,-2.0,-1.0,-41.0
1776885587.6601028,-2.0,0.0,-46.0
1776885587.6701028,1.0,3.0,-46.0
1776885587.679103,3.0,4.0,-45.0
1776885587.6901028,1.0,2.0,-50.0
1776885587.7001028,0.0,5.0,-48.0
1776885587.7101028,2.0,1.0,-46.0
1776885587.7201028,2.0,0.0,-50.0
1776885587.7301028,1.0,-2.0,-47.0
1776885587.7401028,6.0,-4.0,-45.0
1776885587.7501028,5.0,-2.0,-44.0
1776885587.7601027,5.0,-1.0,-45.0
1776885587.7701027,7.0,1.0,-45.0
1776885587.7801027,0.0,2.0,-43.0
1776885587.7901027,0.0,0.0,-37.0
1776885587.8001027,0.0,0.0,-36.0
1776885587.8101027,0.0,3.0,-41.0
1776885587.8201027,2.0,3.0,-42.0
1776885587.8301027,0.0,6.0,-38.0
1776885587.840103,5.0,0.0,-36.0
1776885587.850103,4.0,0.0,-36.0
1776885587.860103,3.0,-1.0,-36.0
1776885587.8701026,0.0,-2.0,-41.0
1776885587.8801026,3.0,-7.0,-47.0
1776885587.8901026,0.0,-11.0,-55.0
1776885587.9001029,-5.0,-8.0,-62.0
1776885587.9101028,-4.0,-5.0,-61.0
1776885587.9201028,-1.0,-5.0,-59.0
1776885587.9301028,-2.0,-4.0,-54.0
1776885587.9401028,-2.0,-5.0,-53.0
1776885587.9501028,-3.0,-5.0,-49.0
1776885587.9601028,0.0,-5.0,-50.0
1776885587.9701028,3.0,0.0,-47.0
1776885587.9801028,0.0,-4.0,-39.0
1776885587.9901028,-3.0,-3.0,-44.0
1776885588.0001028,0.0,0.0,-44.0
1776885588.0101027,0.0,-1.0,-44.0
1776885588.0201027,5.0,-3.0,-46.0
1776885588.0301027,6.0,-2.0,-44.0
1776885588.0401027,4.0,-5.0,-39.0
1776885588.0501027,3.0,-5.0,-44.0
1776885588.0601027,4.0,-2.0,-49.0
1776885588.0701027,7.0,0.0,-42.0
1776885588.0801027,9.0,3.0,-38.0
1776885588.090103,5.0,7.0,-32.0
1776885588.100103,6.0,5.0,-39.0
1776885588.110103,7.0,8.0,-38.0
1776885588.1201026,2.0,8.0,-36.0
1776885588.1301026,2.0,7.0,-38.0
1776885588.1401026,3.0,4.0,-41.0
1776885588.1501029,2.0,3.0,-44.0
1776885588.1601028,1.0,2.0,-38.0
1776885588.1701028,6.0,0.0,-35.0
1776885588.1801028,4.0,-1.0,-34.0
1776885588.1901028,7.0,-2.0,-36.0
1776885588.2001028,8.0,-7.0,-33.0
1776885588.2101028,4.0,-7.0,-35.0
1776885588.2201028,5.0,-4.0,-34.0
1776885588.2301028,0.0,-3.0,-39.0
1776885588.2401028,0.0,-2.0,-39.0
1776885588.2501028,0.0,-2.0,-35.0
1776885588.2601027,3.0,-3.0,-37.0
1776885588.2701027,3.0,-3.0,-41.0
1776885588.2801027,2.0,-1.0,-47.0
1776885588.2901027,5.0,0.0,-46.0
1776885588.3001027,1.0,1.0,-44.0
1776885588.3101027,3.0,0.0,-41.0
1776885588.3201027,0.0,-1.0,-38.0
1776885588.3301027,0.0,-3.0,-41.0
1776885588.340103,-3.0,0.0,-41.0
1776885588.350103,0.0,2.0,-39.0
1776885588.360103,3.0,3.0,-35.0
1776885588.3701026,3.0,3.0,-44.0
1776885588.3801026,2.0,4.0,-46.0
1776885588.3901026,2.0,7.0,-51.0
1776885588.4001029,2.0,3.0,-42.0
1776885588.4101028,3.0,2.0,-48.0
1776885588.4201028,1.0,1.0,-48.0
1776885588.4301028,0.0,2.0,-40.0
1776885588.4401028,2.0,4.0,-37.0
1776885588.4501028,-3.0,1.0,-34.0
1776885588.4601028,-3.0,0.0,-32.0
1776885588.4711027,-5.0,3.0,-42.0
1776885588.4801028,-7.0,2.0,-45.0
1776885588.4901028,-2.0,0.0,-40.0
1776885588.5001028,-4.0,0.0,-42.0
1776885588.5101027,-3.0,0.0,-43.0
1776885588.5201027,-3.0,0.0,-41.0
1776885588.5301027,-2.0,4.0,-42.0
1776885588.5401027,1.0,5.0,-43.0
1776885588.5501027,0.0,4.0,-41.0
1776885588.5601027,1.0,2.0,-40.0
1776885588.5701027,1.0,0.0,-44.0
1776885588.5801027,2.0,-2.0,-46.0
1776885588.590103,2.0,-1.0,-42.0
1776885588.600103,0.0,0.0,-44.0
1776885588.610103,-2.0,0.0,-44.0
1776885588.6201026,0.0,0.0,-46.0
1776885588.6301026,3.0,4.0,-47.0
1776885588.6401026,1.0,0.0,-47.0
1776885588.6501029,0.0,-2.0,-51.0
1776885588.6601028,0.0,-1.0,-49.0
1776885588.6701028,-3.0,3.0,-49.0
1776885588.6801028,-3.0,2.0,-48.0
1776885588.6901028,-8.0,-1.0,-48.0
1776885588.7001028,-10.0,-1.0,-43.0
1776885588.7101028,-7.0,0.0,-41.0
1776885588.7201028,-7.0,0.0,-38.0
1776885588.7301028,-7.0,-1.0,-38.0
1776885588.7401028,-5.0,0.0,-39.0
1776885588.7501028,-3.0,2.0,-39.0
1776885588.7601027,-3.0,1.0,-44.0
1776885588.7701027,-7.0,1.0,-52.0
1776885588.7801027,-5.0,1.0,-53.0
1776885588.7901027,-6.0,3.0,-53.0
1776885588.8001027,-3.0,0.0,-52.0
1776885588.8101027,-4.0,0.0,-45.0
1776885588.8201027,-3.0,0.0,-44.0
1776885588.8301027,0.0,-3.0,-45.0
1776885588.840103,0.0,2.0,-43.0
1776885588.850103,2.0,-1.0,-47.0
1776885588.860103,5.0,0.0,-42.0
1776885588.8701026,4.0,0.0,-46.0
1776885588.8801026,2.0,0.0,-40.0
1776885588.8901026,2.0,0.0,-40.0
1776885588.9001029,-2.0,3.0,-45.0
1776885588.9101028,-4.0,3.0,-44.0
1776885588.9201028,-5.0,2.0,-42.0
1776885588.9301028,-5.0,-2.0,-47.0
1776885588.9401028,-6.0,-1.0,-51.0
1776885588.9501028,-9.0,0.0,-51.0
1776885588.9601028,-11.0,0.0,-49.0
1776885588.9701028,-13.0,1.0,-46.0
1776885588.9801028,-12.0,1.0,-44.0
1776885588.9901028,-11.0,4.0,-40.0
1776885589.0001028,-10.0,2.0,-33.0
1776885589.0101027,-11.0,-1.0,-33.0
1776885589.0201027,-5.0,-3.0,-40.0
1776885589.0301027,-2.0,-5.0,-41.0
1776885589.0401027,-2.0,-2.0,-41.0
1776885589.0501027,-3.0,1.0,-36.0
1776885589.0601027,0.0,3.0,-38.0
1776885589.0701027,0.0,3.0,-40.0
1776885589.0801027,-3.0,0.0,-38.0
1776885589.090103,0.0,-3.0,-38.0
1776885589.100103,-3.0,-8.0,-35.0
1776885589.110103,-1.0,-8.0,-34.0
1776885589.1201026,2.0,-6.0,-39.0
1776885589.1301026,2.0,-6.0,-35.0
1776885589.1401026,4.0,-4.0,-44.0
1776885589.1501029,4.0,0.0,-49.0
1776885589.1601028,7.0,4.0,-50.0
1776885589.1701028,7.0,2.0,-53.0
1776885589.1801028,3.0,0.0,-50.0
1776885589.1901028,1.0,1.0,-50.0
1776885589.2001028,5.0,2.0,-44.0
1776885589.2101028,3.0,-1.0,-53.0
1776885589.2201028,4.0,-2.0,-54.0
1776885589.2301028,2.0,-8.0,-51.0
1776885589.2401028,2.0,-4.0,-48.0
1776885589.2501028,1.0,-2.0,-40.0
1776885589.2601027,0.0,-4.0,-39.0
1776885589.2701027,-2.0,-4.0,-36.0
1776885589.2801027,-5.0,-1.0,-32.0
1776885589.2901027,-4.0,1.0,-34.0
1776885589.3001027,-3.0,0.0,-41.0
1776885589.3101027,-5.0,-1.0,-40.0
1776885589.3201027,-3.0,0.0,-40.0
1776885589.3301027,0.0,1.0,-40.0
1776885589.340103,-4.0,0.0,-42.0
1776885589.350103,-3.0,-5.0,-40.0
1776885589.360103,0.0,0.0,-41.0
1776885589.3701026,-1.0,2.0,-40.0
1776885589.3801026,-2.0,6.0,-48.0
1776885589.3901026,-2.0,11.0,-46.0
1776885589.4001029,0.0,7.0,-47.0
1776885589.4101028,0.0,3.0,-44.0
1776885589.4201028,3.0,1.0,-50.0
1776885589.4301028,2.0,5.0,-48.0
1776885589.4401028,0.0,6.0,-53.0
1776885589.4501028,-1.0,4.0,-51.0
1776885589.4601028,-3.0,-4.0,-45.0
1776885589.4701028,-1.0,-3.0,-43.0
1776885589.4801028,0.0,-3.0,-44.0
1776885589.4901028,7.0,-4.0,-55.0
1776885589.5001028,4.0,-7.0,-56.0
1776885589.5101027,-1.0,-4.0,-60.0
1776885589.5201027,-4.0,0.0,-59.0
1776885589.5301027,-3.0,-3.0,-56.0
1776885589.5401027,-6.0,-1.0,-57.0
1776885589.5501027,-8.0,-4.0,-53.0
1776885589.5601027,-9.0,-1.0,-43.0
1776885589.5711029,-8.0,0.0,-41.0
1776885589.5801027,-16.0,0.0,-43.0
1776885589.5911028,-15.0,0.0,-42.0
1776885589.6011028,-14.0,-5.0,-45.0
1776885589.6111028,-10.0,-4.0,-46.0
1776885589.6211028,-6.0,0.0,-48.0
1776885589.6311028,-2.0,-2.0,-46.0
1776885589.6411028,-3.0,-7.0,-42.0
1776885589.6511028,-2.0,-6.0,-46.0
1776885589.6611028,-4.0,-5.0,-43.0
1776885589.6711028,-4.0,-5.0,-36.0
1776885589.6811028,-5.0,-5.0,-36.0
1776885589.6911027,-5.0,-4.0,-37.0
1776885589.7011027,-1.0,-2.0,-38.0
1776885589.7111027,-5.0,-2.0,-35.0
1776885589.7211027,-5.0,-2.0,-41.0
1776885589.7311027,-1.0,-3.0,-33.0
1776885589.7411027,0.0,-3.0,-34.0
1776885589.7511027,-1.0,-3.0,-41.0
1776885589.761103,0.0,-4.0,-45.0
1776885589.771103,-2.0,-2.0,-47.0
1776885589.781103,-8.0,-2.0,-41.0
1776885589.7911026,-9.0,0.0,-39.0
1776885589.8011026,-11.0,2.0,-42.0
1776885589.8111026,-5.0,2.0,-45.0
1776885589.8211029,-7.0,5.0,-48.0
1776885589.8311028,-4.0,1.0,-54.0
1776885589.8411028,-6.0,0.0,-49.0
1776885589.8511028,-4.0,-1.0,-53.0
1776885589.8611028,-10.0,-3.0,-49.0
1776885589.8711028,-10.0,0.0,-48.0
1776885589.8811028,-6.0,0.0,-47.0
1776885589.8911028,0.0,0.0,-39.0
1776885589.9011028,0.0,1.0,-35.0
1776885589.9111028,1.0,0.0,-37.0
1776885589.9211028,6.0,-1.0,-40.0
1776885589.9311028,5.0,-4.0,-41.0
1776885589.9411027,2.0,-5.0,-50.0
1776885589.9511027,-1.0,-2.0,-45.0
1776885589.9611027,0.0,0.0,-41.0
1776885589.9711027,-1.0,1.0,-38.0
1776885589.9811027,1.0,3.0,-44.0
1776885589.9911027,-1.0,5.0,-47.0
1776885590.0011027,1.0,0.0,-46.0
1776885590.011103,2.0,0.0,-47.0
1776885590.021103,-1.0,1.0,-46.0
1776885590.031103,0.0,-1.0,-43.0
1776885590.0411026,3.0,2.0,-37.0
1776885590.0511026,3.0,0.0,-43.0
1776885590.0611026,0.0,-1.0,-42.0
1776885590.0711029,-1.0,2.0,-44.0
1776885590.0811028,-4.0,0.0,-47.0
1776885590.0911028,-4.0,-3.0,-50.0
1776885590.1011028,-3.0,-1.0,-50.0
1776885590.1111028,-6.0,2.0,-53.0
1776885590.1211028,-8.0,6.0,-44.0
1776885590.1311028,-7.0,3.0,-43.0
1776885590.1411028,-4.0,1.0,-38.0
1776885590.1511028,-1.0,-1.0,-45.0
1776885590.1611028,4.0,-5.0,-38.0
1776885590.1711028,0.0,-4.0,-43.0
1776885590.1811028,-2.0,-1.0,-40.0
1776885590.1911027,-2.0,0.0,-45.0
1776885590.2011027,0.0,0.0,-50.0
1776885590.2111027,-2.0,0.0,-52.0
1776885590.2211027,0.0,1.0,-43.0
1776885590.2311027,6.0,1.0,-42.0
1776885590.2411027,2.0,2.0,-42.0
1776885590.2511027,0.0,0.0,-44.0
1776885590.261103,0.0,-1.0,-53.0
1776885590.271103,1.0,-1.0,-52.0
1776885590.281103,-1.0,0.0,-47.0
1776885590.2911026,-4.0,0.0,-44.0
1776885590.3011026,-3.0,0.0,-43.0
1776885590.3111026,-3.0,-2.0,-45.0
1776885590.3211029,-1.0,-1.0,-41.0
1776885590.3311028,0.0,0.0,-39.0
1776885590.3411028,3.0,-6.0,-38.0
1776885590.3511028,5.0,-6.0,-46.0
1776885590.3611028,3.0,-10.0,-49.0
1776885590.3711028,3.0,-4.0,-47.0
1776885590.3811028,1.0,-5.0,-42.0
1776885590.3911028,-1.0,-3.0,-47.0
1776885590.4011028,0.0,-2.0,-45.0
1776885590.4111028,-1.0,-5.0,-45.0
1776885590.4211028,-4.0,-3.0,-41.0
1776885590.4311028,1.0,-1.0,-34.0
1776885590.4411027,0.0,-4.0,-35.0
1776885590.4511027,2.0,-7.0,-43.0
1776885590.4611027,0.0,-6.0,-47.0
1776885590.4711027,2.0,-8.0,-54.0
1776885590.4811027,2.0,-6.0,-44.0
1776885590.4911027,0.0,-6.0,-41.0
1776885590.5011027,-6.0,-3.0,-39.0
1776885590.511103,-5.0,-4.0,-46.0
1776885590.521103,-2.0,-4.0,-44.0
1776885590.531103,-4.0,-7.0,-40.0
1776885590.5411026,-6.0,-5.0,-34.0
1776885590.5511026,-4.0,-3.0,-33.0
1776885590.5611026,-4.0,-2.0,-37.0
1776885590.5711029,-3.0,1.0,-37.0
1776885590.5811028,0.0,0.0,-40.0
1776885590.5911028,0.0,-1.0,-45.0
1776885590.6011028,1.0,4.0,-48.0
1776885590.6111028,0.0,-1.0,-41.0
1776885590.6211028,0.0,0.0,-45.0
1776885590.6311028,-3.0,1.0,-52.0
1776885590.6411028,-3.0,2.0,-54.0
1776885590.6511028,0.0,2.0,-53.0
1776885590.6611028,2.0,0.0,-47.0
1776885590.6711028,0.0,0.0,-42.0
1776885590.6811028,-3.0,-2.0,-35.0
1776885590.6911027,-1.0,-1.0,-39.0
1776885590.7011027,0.0,-3.0,-39.0
1776885590.7111027,-3.0,-1.0,-38.0
1776885590.7211027,-1.0,-1.0,-42.0
1776885590.7311027,1.0,-1.0,-37.0
1776885590.7411027,3.0,-4.0,-36.0
1776885590.7511027,2.0,-2.0,-42.0
1776885590.761103,6.0,0.0,-49.0
1776885590.771103,7.0,0.0,-53.0
1776885590.781103,7.0,-1.0,-52.0
1776885590.7911026,2.0,4.0,-44.0
1776885590.8011026,5.0,4.0,-42.0
1776885590.8111026,7.0,4.0,-42.0
1776885590.8211029,7.0,8.0,-42.0
1776885590.8311028,4.0,4.0,-41.0
1776885590.8411028,3.0,2.0,-39.0
1776885590.8511028,0.0,5.0,-37.0
1776885590.8611028,2.0,-2.0,-37.0
1776885590.8711028,0.0,-2.0,-41.0
1776885590.8811028,-1.0,-3.0,-46.0
1776885590.8911028,-1.0,-3.0,-45.0
1776885590.9011028,3.0,-4.0,-39.0
1776885590.9111028,0.0,-5.0,-37.0
1776885590.9211028,0.0,-4.0,-42.0
1776885590.9311028,0.0,-5.0,-43.0
1776885590.9411027,-2.0,-1.0,-41.0
1776885590.9511027,-2.0,2.0,-38.0
1776885590.9611027,-2.0,4.0,-34.0
1776885590.9711027,-5.0,1.0,-39.0
1776885590.9811027,-11.0,0.0,-43.0
1776885590.9911027,-13.0,0.0,-35.0
1776885591.0011027,-16.0,-1.0,-33.0
1776885591.011103,-14.0,0.0,-45.0
1776885591.021103,-9.0,2.0,-50.0
1776885591.031103,-8.0,1.0,-58.0
1776885591.0411026,-2.0,2.0,-54.0
1776885591.0511026,-5.0,0.0,-47.0
1776885591.0611026,-6.0,0.0,-50.0
1776885591.0711029,-8.0,-1.0,-39.0
1776885591.0811028,-3.0,2.0,-37.0
1776885591.0911028,0.0,3.0,-36.0
1776885591.1011028,-1.0,0.0,-32.0
1776885591.1111028,0.0,0.0,-37.0
1776885591.1211028,-2.0,0.0,-39.0
1776885591.1311028,-1.0,0.0,-38.0
1776885591.1411028,0.0,0.0,-41.0
1776885591.1511028,2.0,2.0,-39.0
1776885591.1611028,0.0,5.0,-36.0
1776885591.1711028,-1.0,3.0,-35.0
1776885591.1811028,-2.0,1.0,-35.0
1776885591.1911027,-4.0,2.0,-30.0
1776885591.2011027,-5.0,-1.0,-37.0
1776885591.2111027,-1.0,-2.0,-34.0
1776885591.2211027,-3.0,-2.0,-30.0
1776885591.2311027,-4.0,-1.0,-32.0
1776885591.2411027,-5.0,0.0,-33.0
1776885591.2511027,-2.0,-3.0,-40.0
1776885591.261103,-1.0,-7.0,-46.0
1776885591.271103,-2.0,-5.0,-43.0
1776885591.281103,0.0,-5.0,-41.0
1776885591.2911026,2.0,-2.0,-41.0
1776885591.3011026,0.0,-3.0,-41.0
1776885591.3111026,-1.0,-3.0,-37.0
1776885591.3211029,-3.0,-3.0,-42.0
1776885591.3311028,-2.0,-2.0,-50.0
1776885591.3411028,-1.0,-2.0,-56.0
1776885591.3511028,-2.0,-4.0,-57.0
1776885591.3611028,0.0,-5.0,-52.0
1776885591.3711028,3.0,-2.0,-45.0
1776885591.3811028,0.0,-5.0,-42.0
1776885591.3911028,0.0,-5.0,-36.0
1776885591.4011028,-2.0,-1.0,-35.0
1776885591.4111028,0.0,0.0,-38.0
1776885591.4211028,-2.0,0.0,-39.0
1776885591.4311028,0.0,-4.0,-43.0
1776885591.4411027,1.0,-4.0,-49.0
1776885591.4511027,3.0,-5.0,-50.0
1776885591.4611027,1.0,-4.0,-51.0
1776885591.4711027,0.0,2.0,-42.0
1776885591.4811027,1.0,5.0,-41.0
1776885591.4911027,-1.0,8.0,-44.0
1776885591.5011027,-4.0,8.0,-43.0
1776885591.511103,1.0,5.0,-40.0
1776885591.521103,4.0,5.0,-43.0
1776885591.531103,6.0,3.0,-39.0
1776885591.5411026,4.0,1.0,-41.0
1776885591.5511026,5.0,0.0,-43.0
1776885591.5621028,1.0,3.0,-46.0
1776885591.5721028,3.0,3.0,-49.0
1776885591.5821028,2.0,0.0,-49.0
1776885591.5921028,1.0,-5.0,-51.0
1776885591.6021028,2.0,-2.0,-44.0
1776885591.6121027,-2.0,0.0,-40.0
1776885591.6221027,-2.0,0.0,-32.0
1776885591.6321027,1.0,3.0,-33.0
1776885591.6421027,2.0,5.0,-31.0
1776885591.6521027,0.0,1.0,-31.0
1776885591.6621027,-1.0,1.0,-35.0
1776885591.6721027,-2.0,0.0,-37.0
1776885591.682103,-1.0,-2.0,-41.0
1776885591.692103,-2.0,0.0,-42.0
1776885591.702103,-1.0,-1.0,-41.0
1776885591.712103,1.0,0.0,-41.0
1776885591.7221026,1.0,0.0,-45.0
1776885591.7321026,3.0,1.0,-49.0
1776885591.7421026,1.0,1.0,-53.0
1776885591.7521029,1.0,2.0,-42.0
1776885591.7621028,3.0,-2.0,-37.0
1776885591.7721028,0.0,0.0,-35.0
1776885591.7821028,-2.0,-3.0,-42.0
1776885591.7921028,-5.0,0.0,-38.0
1776885591.8021028,-2.0,1.0,-36.0
1776885591.8121028,-1.0,0.0,-34.0
1776885591.8221028,1.0,-1.0,-33.0
1776885591.8321028,2.0,-4.0,-36.0
1776885591.8421028,1.0,-2.0,-31.0
1776885591.8521028,-2.0,-4.0,-32.0
1776885591.8621027,-3.0,0.0,-27.0
1776885591.8721027,-1.0,-2.0,-33.0
1776885591.8821027,0.0,1.0,-34.0
1776885591.8921027,4.0,0.0,-38.0
1776885591.9021027,3.0,0.0,-37.0
1776885591.9121027,4.0,0.0,-41.0
1776885591.9221027,3.0,2.0,-43.0
1776885591.932103,5.0,2.0,-46.0
1776885591.942103,2.0,0.0,-45.0
1776885591.952103,4.0,0.0,-43.0
1776885591.962103,1.0,-4.0,-43.0
1776885591.9721026,1.0,-2.0,-47.0
1776885591.9821026,0.0,-1.0,-43.0
1776885591.9921026,-1.0,-2.0,-41.0
1776885592.0021029,2.0,-1.0,-38.0
1776885592.0121028,0.0,-4.0,-44.0
1776885592.0221028,3.0,-1.0,-44.0
1776885592.0321028,1.0,-2.0,-45.0
1776885592.0421028,0.0,-1.0,-42.0
1776885592.0521028,0.0,-1.0,-42.0
1776885592.0621028,0.0,-1.0,-46.0
1776885592.0721028,0.0,1.0,-47.0
1776885592.0821028,2.0,-2.0,-51.0
1776885592.0921028,7.0,-1.0,-49.0
1776885592.1021028,6.0,-6.0,-45.0
1776885592.1121027,2.0,-7.0,-46.0
1776885592.1221027,-1.0,-5.0,-45.0
1776885592.1321027,3.0,-4.0,-45.0
1776885592.1421027,1.0,-4.0,-48.0
1776885592.1521027,-5.0,-6.0,-49.0
1776885592.1621027,-4.0,-3.0,-46.0
1776885592.1721027,0.0,-1.0,-49.0
1776885592.182103,0.0,4.0,-42.0
1776885592.192103,0.0,1.0,-41.0
1776885592.202103,6.0,1.0,-38.0
1776885592.212103,0.0,2.0,-38.0
1776885592.2221026,-5.0,2.0,-37.0
1776885592.2321026,-2.0,0.0,-38.0
1776885592.2421026,-1.0,3.0,-42.0
1776885592.2521029,-5.0,2.0,-46.0
1776885592.2621028,-5.0,-3.0,-46.0
1776885592.2721028,-10.0,0.0,-45.0
1776885592.2821028,-6.0,-1.0,-41.0
1776885592.2921028,-1.0,0.0,-40.0
1776885592.3021028,0.0,-1.0,-41.0
1776885592.3121028,1.0,-2.0,-36.0
1776885592.3221028,1.0,0.0,-33.0
1776885592.3321028,-1.0,1.0,-29.0
1776885592.3421028,0.0,0.0,-31.0
1776885592.3521028,-2.0,0.0,-41.0
1776885592.3621027,-4.0,0.0,-48.0
1776885592.3721027,-1.0,0.0,-49.0
1776885592.3821027,-7.0,2.0,-47.0
1776885592.3921027,-3.0,1.0,-44.0
1776885592.4021027,-2.0,0.0,-41.0
1776885592.4121027,-2.0,0.0,-40.0
1776885592.4221027,1.0,0.0,-38.0
1776885592.432103,-2.0,0.0,-46.0
1776885592.442103,0.0,-7.0,-47.0
1776885592.452103,1.0,-7.0,-47.0
1776885592.462103,-1.0,-5.0,-42.0
1776885592.4721026,-3.0,-3.0,-47.0
1776885592.4821026,-8.0,-4.0,-47.0
1776885592.4921026,-5.0,0.0,-41.0
1776885592.5021029,-2.0,1.0,-45.0
1776885592.5121028,-4.0,4.0,-43.0
1776885592.5221028,0.0,2.0,-35.0
1776885592.5321028,0.0,2.0,-30.0
1776885592.5421028,0.0,4.0,-36.0
1776885592.5521028,-4.0,2.0,-40.0
1776885592.5621028,-6.0,0.0,-35.0
1776885592.5721028,-2.0,-1.0,-36.0
1776885592.5821028,3.0,-4.0,-40.0
1776885592.5921028,0.0,3.0,-48.0
1776885592.6021028,0.0,4.0,-43.0
1776885592.6121027,0.0,0.0,-45.0
1776885592.6221027,3.0,-2.0,-49.0
1776885592.6321027,1.0,-2.0,-52.0
1776885592.6421027,3.0,0.0,-57.0
1776885592.6521027,1.0,0.0,-53.0
1776885592.6621027,0.0,0.0,-54.0
1776885592.6721027,2.0,0.0,-51.0
1776885592.682103,0.0,-2.0,-58.0
1776885592.692103,-1.0,-1.0,-57.0
1776885592.702103,-3.0,-4.0,-50.0
1776885592.712103,-2.0,-5.0,-52.0
1776885592.7221026,-4.0,-3.0,-50.0
1776885592.7321026,-2.0,-2.0,-51.0
1776885592.7421026,-5.0,-4.0,-49.0
1776885592.7521029,0.0,-5.0,-44.0
1776885592.7621028,-3.0,-4.0,-39.0
1776885592.7721028,-5.0,-3.0,-44.0
1776885592.7821028,-2.0,-3.0,-48.0
1776885592.7921028,-3.0,0.0,-45.0
1776885592.8021028,-5.0,0.0,-39.0
1776885592.8121028,-8.0,-2.0,-51.0
1776885592.8221028,-9.0,-8.0,-56.0
1776885592.8321028,-4.0,-12.0,-58.0
1776885592.8421028,-4.0,-6.0,-51.0
1776885592.8521028,-5.0,-3.0,-50.0
1776885592.8621027,-5.0,0.0,-53.0
1776885592.8721027,-2.0,-1.0,-52.0
1776885592.8821027,-5.0,-2.0,-52.0
1776885592.8921027,1.0,-1.0,-45.0
1776885592.9021027,1.0,-2.0,-38.0
1776885592.9121027,1.0,-1.0,-37.0
1776885592.9221027,1.0,-3.0,-34.0
1776885592.932103,-1.0,-6.0,-36.0
1776885592.942103,-1.0,-8.0,-35.0
1776885592.952103,-1.0,-3.0,-35.0
1776885592.962103,-1.0,0.0,-40.0
1776885592.9721026,0.0,0.0,-44.0
1776885592.9821026,0.0,-3.0,-46.0
1776885592.9921026,1.0,-6.0,-43.0
1776885593.0021029,1.0,-10.0,-39.0
1776885593.0121028,3.0,-9.0,-44.0
1776885593.0221028,7.0,-7.0,-45.0
1776885593.0321028,4.0,-6.0,-47.0
1776885593.0421028,4.0,-4.0,-51.0
1776885593.0521028,2.0,-2.0,-51.0
1776885593.0621028,0.0,-3.0,-47.0
1776885593.0721028,2.0,0.0,-48.0
1776885593.0821028,6.0,2.0,-48.0
1776885593.0921028,0.0,1.0,-48.0
1776885593.1021028,-3.0,1.0,-48.0
1776885593.1121027,-1.0,-3.0,-48.0
1776885593.1221027,-2.0,-2.0,-46.0
1776885593.1321027,-4.0,-6.0,-48.0
1776885593.1421027,-2.0,-4.0,-50.0
1776885593.1521027,0.0,1.0,-49.0
1776885593.1621027,0.0,1.0,-44.0
1776885593.1721027,0.0,0.0,-38.0
1776885593.182103,-2.0,2.0,-37.0
1776885593.192103,-2.0,-1.0,-36.0
1776885593.202103,-5.0,-5.0,-34.0
1776885593.212103,-3.0,-3.0,-29.0
1776885593.2221026,1.0,-3.0,-33.0
1776885593.2321026,4.0,-5.0,-39.0
1776885593.2421026,1.0,-5.0,-39.0
1776885593.2521029,0.0,-5.0,-33.0
1776885593.2621028,1.0,-3.0,-32.0
1776885593.2721028,0.0,-5.0,-37.0
1776885593.2821028,2.0,-6.0,-37.0
1776885593.2921028,1.0,-5.0,-35.0
1776885593.3021028,3.0,-3.0,-36.0
1776885593.3121028,6.0,-4.0,-35.0
1776885593.3221028,4.0,-2.0,-38.0
1776885593.3321028,2.0,-4.0,-42.0
1776885593.3421028,6.0,-1.0,-42.0
1776885593.3521028,6.0,0.0,-45.0
1776885593.3621027,5.0,1.0,-45.0
1776885593.3721027,4.0,0.0,-35.0
1776885593.3821027,3.0,0.0,-33.0
1776885593.3921027,1.0,-2.0,-41.0
1776885593.4021027,0.0,-4.0,-44.0
1776885593.4121027,2.0,-5.0,-41.0
1776885593.4221027,6.0,-6.0,-36.0
1776885593.432103,5.0,-2.0,-35.0
1776885593.442103,7.0,-2.0,-40.0
1776885593.452103,7.0,-5.0,-42.0
1776885593.462103,9.0,-1.0,-36.0
1776885593.4721026,10.0,0.0,-42.0
1776885593.4821026,11.0,-3.0,-46.0
1776885593.4921026,10.0,-2.0,-40.0
1776885593.5021029,8.0,-4.0,-38.0
1776885593.5121028,8.0,-4.0,-36.0
1776885593.5221028,5.0,1.0,-37.0
1776885593.5321028,3.0,1.0,-41.0
1776885593.5421028,0.0,2.0,-45.0
1776885593.5521028,1.0,2.0,-45.0
1776885593.5631027,1.0,1.0,-43.0
1776885593.5731027,0.0,0.0,-43.0
1776885593.5831027,0.0,-2.0,-34.0
1776885593.5931027,1.0,-4.0,-36.0
1776885593.6031027,3.0,-3.0,-36.0
1776885593.613103,5.0,-7.0,-38.0
1776885593.623103,0.0,-3.0,-42.0
1776885593.633103,-1.0,-4.0,-36.0
1776885593.6431026,-4.0,-2.0,-33.0
1776885593.6531026,-5.0,2.0,-33.0
1776885593.6631026,-4.0,0.0,-38.0
1776885593.6731029,-2.0,0.0,-43.0
1776885593.6831028,-1.0,2.0,-43.0
1776885593.6931028,0.0,1.0,-42.0
1776885593.7031028,5.0,1.0,-45.0
1776885593.7131028,6.0,-1.0,-45.0
1776885593.7221026,3.0,-1.0,-45.0
1776885593.7331028,3.0,0.0,-45.0
1776885593.7431028,-2.0,1.0,-48.0
1776885593.7531028,-3.0,0.0,-55.0
1776885593.7631028,-3.0,-4.0,-55.0
1776885593.7731028,1.0,-6.0,-54.0
1776885593.7831028,5.0,-5.0,-55.0
1776885593.7931027,1.0,-4.0,-52.0
1776885593.8031027,-2.0,-5.0,-47.0
1776885593.8131027,-5.0,-8.0,-52.0
1776885593.8231027,-6.0,-4.0,-53.0
1776885593.8331027,-8.0,-5.0,-44.0
1776885593.8431027,-7.0,-6.0,-46.0
1776885593.8531027,-2.0,-6.0,-46.0
1776885593.863103,0.0,0.0,-39.0
1776885593.873103,3.0,0.0,-43.0
1776885593.883103,1.0,2.0,-45.0
1776885593.8931026,1.0,-2.0,-43.0
1776885593.9031026,8.0,-2.0,-38.0
1776885593.9131026,8.0,-1.0,-32.0
1776885593.9231029,4.0,0.0,-38.0
1776885593.9331028,2.0,0.0,-42.0
1776885593.9431028,0.0,-3.0,-44.0
1776885593.9531028,0.0,-7.0,-44.0
1776885593.9631028,-1.0,-5.0,-35.0
1776885593.9731028,-2.0,-9.0,-36.0
1776885593.9831028,-3.0,-11.0,-41.0
1776885593.9931028,0.0,-12.0,-45.0
1776885594.0031028,-2.0,-12.0,-48.0
1776885594.0131028,-2.0,-11.0,-47.0
1776885594.0231028,-5.0,-9.0,-53.0
1776885594.0331028,-7.0,-6.0,-55.0
1776885594.0431027,-4.0,-8.0,-53.0
1776885594.0531027,-3.0,-7.0,-51.0
1776885594.0631027,-3.0,-2.0,-46.0
1776885594.0731027,-3.0,0.0,-42.0
1776885594.0831027,0.0,1.0,-46.0
1776885594.0931027,0.0,0.0,-44.0
1776885594.1031027,2.0,6.0,-42.0
1776885594.113103,2.0,2.0,-40.0
1776885594.123103,4.0,0.0,-45.0
1776885594.133103,3.0,1.0,-48.0
1776885594.1431026,6.0,1.0,-40.0
1776885594.1531026,5.0,-4.0,-38.0
1776885594.1631026,8.0,-7.0,-42.0
1776885594.1731029,7.0,-4.0,-44.0
1776885594.1831028,5.0,-2.0,-46.0
1776885594.1931028,2.0,-8.0,-48.0
1776885594.2031028,4.0,-7.0,-46.0
1776885594.2131028,0.0,-6.0,-49.0
1776885594.2231028,0.0,-1.0,-51.0
1776885594.2331028,0.0,-2.0,-47.0
1776885594.2431028,0.0,-1.0,-48.0
1776885594.2531028,7.0,0.0,-50.0
1776885594.2631028,1.0,1.0,-47.0
1776885594.2731028,2.0,1.0,-47.0
1776885594.2831028,0.0,0.0,-48.0
1776885594.2931027,0.0,-2.0,-47.0
1776885594.3031027,-3.0,-2.0,-44.0
1776885594.3131027,0.0,-1.0,-46.0
1776885594.3231027,3.0,-4.0,-49.0
1776885594.3331027,4.0,-5.0,-46.0
1776885594.3431027,4.0,-6.0,-48.0
1776885594.3531027,0.0,-7.0,-47.0
1776885594.363103,2.0,-8.0,-44.0
1776885594.373103,0.0,-6.0,-38.0
1776885594.383103,-2.0,-3.0,-39.0
1776885594.3931026,0.0,-2.0,-35.0
1776885594.4031026,-3.0,-4.0,-35.0
1776885594.4131026,-7.0,-2.0,-38.0
1776885594.4231029,-2.0,0.0,-43.0
1776885594.4331028,0.0,-1.0,-48.0
1776885594.4431028,1.0,0.0,-46.0
1776885594.4531028,0.0,3.0,-43.0
1776885594.4631028,0.0,4.0,-35.0
1776885594.4731028,0.0,0.0,-27.0
1776885594.4831028,-2.0,-2.0,-33.0
1776885594.4931028,-3.0,-3.0,-34.0
1776885594.5031028,-2.0,1.0,-35.0
1776885594.5131028,-3.0,0.0,-38.0
1776885594.5231028,-4.0,3.0,-48.0
1776885594.5331028,-4.0,5.0,-50.0
1776885594.5431027,-3.0,5.0,-45.0
1776885594.5531027,-6.0,3.0,-49.0
1776885594.5631027,-7.0,-1.0,-54.0
1776885594.5731027,-9.0,1.0,-55.0
1776885594.5831027,-7.0,-1.0,-51.0
1776885594.5931027,-1.0,-4.0,-44.0
1776885594.6031027,-3.0,-5.0,-40.0
1776885594.613103,-2.0,-3.0,-38.0
1776885594.623103,0.0,-5.0,-38.0
1776885594.633103,-2.0,-9.0,-34.0
1776885594.6431026,-3.0,-8.0,-29.0
1776885594.6531026,-7.0,-1.0,-29.0
1776885594.6631026,-2.0,-5.0,-27.0
1776885594.6731029,0.0,-6.0,-35.0
1776885594.6831028,3.0,-8.0,-33.0
1776885594.6931028,1.0,-11.0,-28.0
1776885594.7031028,0.0,-6.0,-28.0
1776885594.7131028,-1.0,-1.0,-35.0
1776885594.7231028,-1.0,-2.0,-38.0
1776885594.7331028,-3.0,0.0,-42.0
1776885594.7441027,-1.0,-3.0,-38.0
1776885594.7531028,0.0,1.0,-42.0
1776885594.7631028,-4.0,-2.0,-36.0
1776885594.7731028,-6.0,-4.0,-33.0
1776885594.7831028,-4.0,-8.0,-36.0
1776885594.7931027,-4.0,-4.0,-34.0
1776885594.8031027,-1.0,-3.0,-44.0
1776885594.8131027,-2.0,0.0,-43.0
1776885594.8231027,-5.0,-2.0,-43.0
1776885594.8331027,-4.0,3.0,-46.0
1776885594.8431027,0.0,0.0,-48.0
1776885594.8531027,1.0,1.0,-43.0
1776885594.863103,0.0,0.0,-49.0
1776885594.873103,1.0,-1.0,-53.0
1776885594.883103,0.0,-3.0,-48.0
1776885594.8931026,-2.0,0.0,-44.0
1776885594.9031026,-2.0,-2.0,-41.0
1776885594.9131026,-5.0,-1.0,-35.0
1776885594.9231029,2.0,0.0,-43.0
1776885594.9331028,1.0,4.0,-45.0
1776885594.9431028,-1.0,6.0,-40.0
1776885594.9531028,0.0,5.0,-43.0
1776885594.9631028,0.0,6.0,-49.0
1776885594.9731028,0.0,6.0,-45.0
1776885594.9831028,0.0,8.0,-40.0
1776885594.9931028,0.0,6.0,-43.0
1776885595.0031028,-4.0,7.0,-46.0
1776885595.0131028,-4.0,5.0,-44.0
1776885595.0231028,-9.0,1.0,-43.0
1776885595.0331028,-8.0,0.0,-45.0
1776885595.0431027,-6.0,0.0,-45.0
1776885595.0531027,-1.0,-5.0,-40.0
1776885595.0631027,-3.0,-5.0,-45.0
1776885595.0731027,-1.0,-5.0,-42.0
1776885595.0831027,0.0,-3.0,-37.0
1776885595.0931027,0.0,1.0,-45.0
1776885595.1031027,0.0,1.0,-46.0
1776885595.113103,-2.0,-1.0,-40.0
1776885595.123103,1.0,-3.0,-40.0
1776885595.133103,0.0,-1.0,-43.0
1776885595.1431026,-1.0,-1.0,-43.0
1776885595.1531026,-3.0,-1.0,-35.0
1776885595.1631026,0.0,2.0,-36.0
1776885595.1731029,2.0,3.0,-36.0
1776885595.1831028,-1.0,0.0,-37.0
1776885595.1931028,1.0,-1.0,-35.0
1776885595.2031028,0.0,0.0,-34.0
1776885595.2131028,1.0,2.0,-34.0
1776885595.2231028,4.0,0.0,-34.0
1776885595.2331028,8.0,-1.0,-41.0
1776885595.2431028,8.0,-6.0,-39.0
1776885595.2531028,7.0,-7.0,-44.0
1776885595.2631028,7.0,-8.0,-46.0
1776885595.2731028,7.0,-8.0,-36.0
1776885595.2831028,3.0,-7.0,-36.0
1776885595.2931027,3.0,-1.0,-39.0
1776885595.3031027,4.0,1.0,-40.0
1776885595.3131027,3.0,0.0,-36.0
1776885595.3231027,1.0,0.0,-36.0
1776885595.3331027,0.0,0.0,-32.0
1776885595.3431027,-7.0,-1.0,-35.0
1776885595.3531027,-8.0,-3.0,-33.0
1776885595.363103,-7.0,-1.0,-35.0
1776885595.373103,-5.0,0.0,-35.0
1776885595.383103,-5.0,3.0,-35.0
1776885595.3931026,-3.0,-1.0,-35.0
1776885595.4031026,0.0,-4.0,-40.0
1776885595.4131026,0.0,-6.0,-34.0
1776885595.4231029,-3.0,-3.0,-39.0
1776885595.4331028,-1.0,0.0,-39.0
1776885595.4431028,-1.0,0.0,-40.0
1776885595.4531028,-2.0,2.0,-36.0
1776885595.4631028,-3.0,3.0,-35.0
1776885595.4731028,-4.0,2.0,-34.0
1776885595.4831028,-2.0,2.0,-32.0
1776885595.4931028,0.0,5.0,-36.0
1776885595.5031028,-1.0,6.0,-44.0
1776885595.5141027,0.0,5.0,-49.0
1776885595.5241027,2.0,6.0,-48.0
1776885595.534103,3.0,4.0,-48.0
1776885595.544103,6.0,6.0,-47.0
1776885595.554103,4.0,6.0,-43.0
1776885595.5641026,4.0,6.0,-44.0
1776885595.5741026,9.0,4.0,-42.0
1776885595.5841026,8.0,0.0,-39.0
1776885595.5941026,8.0,-1.0,-40.0
1776885595.6041028,3.0,0.0,-43.0
1776885595.6141028,6.0,-2.0,-45.0
1776885595.6241028,4.0,-1.0,-44.0
1776885595.6341028,4.0,0.0,-49.0
1776885595.6441028,1.0,0.0,-49.0
1776885595.6541028,2.0,0.0,-49.0
1776885595.6641028,3.0,-4.0,-45.0
1776885595.6741028,7.0,-8.0,-37.0
1776885595.6841028,0.0,-10.0,-44.0
1776885595.6941028,1.0,-11.0,-46.0
1776885595.7041028,2.0,-8.0,-46.0
1776885595.7141027,1.0,-4.0,-44.0
1776885595.7241027,-3.0,-2.0,-47.0
1776885595.7341027,-3.0,-4.0,-49.0
1776885595.7441027,-2.0,-9.0,-48.0
1776885595.7541027,0.0,-4.0,-39.0
1776885595.7641027,1.0,-3.0,-35.0
1776885595.7741027,0.0,-3.0,-36.0
1776885595.784103,-1.0,-9.0,-37.0
1776885595.794103,0.0,-10.0,-37.0
1776885595.804103,1.0,-9.0,-35.0
1776885595.8141026,3.0,-10.0,-36.0
1776885595.8241026,2.0,-8.0,-33.0
1776885595.8341026,-1.0,-12.0,-32.0
1776885595.8441026,3.0,-12.0,-38.0
1776885595.8541028,4.0,-7.0,-44.0
1776885595.8641028,3.0,-6.0,-45.0
1776885595.8741028,0.0,-7.0,-45.0
1776885595.8841028,-4.0,-7.0,-47.0
1776885595.8941028,-3.0,-7.0,-44.0
1776885595.9041028,0.0,-12.0,-45.0
1776885595.9141028,5.0,-7.0,-46.0
1776885595.9241028,3.0,-7.0,-43.0
1776885595.9341028,1.0,-1.0,-42.0
1776885595.9441028,2.0,-2.0,-39.0
1776885595.9541028,2.0,2.0,-42.0
1776885595.9641027,5.0,5.0,-40.0
1776885595.9741027,5.0,0.0,-36.0
1776885595.9841027,1.0,-1.0,-42.0
1776885595.9941027,-2.0,-4.0,-45.0
1776885596.0041027,-4.0,-3.0,-37.0
1776885596.0141027,0.0,-3.0,-35.0
1776885596.0241027,0.0,0.0,-36.0
1776885596.034103,1.0,1.0,-39.0
1776885596.044103,-1.0,3.0,-40.0
1776885596.054103,-1.0,-1.0,-43.0
1776885596.0641026,-2.0,-2.0,-44.0
1776885596.0741026,-3.0,-2.0,-41.0
1776885596.0841026,1.0,-1.0,-41.0
1776885596.0941026,8.0,-1.0,-39.0
1776885596.1041028,8.0,0.0,-37.0
1776885596.1141028,6.0,4.0,-34.0
1776885596.1241028,8.0,2.0,-39.0
1776885596.1341028,8.0,-2.0,-42.0
1776885596.1441028,4.0,0.0,-42.0
1776885596.1541028,2.0,0.0,-38.0
1776885596.1641028,2.0,0.0,-36.0
1776885596.1741028,4.0,1.0,-39.0
1776885596.1841028,3.0,4.0,-41.0
1776885596.1941028,1.0,9.0,-46.0
1776885596.2041028,-1.0,6.0,-45.0
1776885596.2141027,-2.0,2.0,-42.0
1776885596.2241027,3.0,2.0,-41.0
1776885596.2341027,7.0,-2.0,-39.0
1776885596.2441027,8.0,-1.0,-40.0
1776885596.2541027,12.0,-6.0,-44.0
1776885596.2641027,7.0,-5.0,-44.0
1776885596.2741027,4.0,-2.0,-47.0
1776885596.284103,7.0,-3.0,-45.0
1776885596.294103,4.0,-5.0,-49.0
1776885596.304103,1.0,-4.0,-47.0
1776885596.3141026,-1.0,-3.0,-34.0
1776885596.3241026,-3.0,-4.0,-35.0
1776885596.3341026,-1.0,-1.0,-32.0
1776885596.3441026,2.0,0.0,-36.0
1776885596.3541028,4.0,0.0,-37.0
1776885596.3641028,-1.0,-1.0,-41.0
1776885596.3741028,2.0,2.0,-33.0
1776885596.3841028,1.0,2.0,-40.0
1776885596.3941028,0.0,2.0,-40.0
1776885596.4041028,0.0,0.0,-40.0
1776885596.4141028,-5.0,2.0,-43.0
1776885596.4241028,-3.0,3.0,-45.0
1776885596.4341028,-2.0,4.0,-37.0
1776885596.4441028,-3.0,-4.0,-28.0
1776885596.4541028,-3.0,-2.0,-33.0
1776885596.4641027,-3.0,-3.0,-28.0
1776885596.4741027,-5.0,-7.0,-30.0
1776885596.4841027,-8.0,-6.0,-33.0
1776885596.4941027,-3.0,-2.0,-29.0
1776885596.5041027,-1.0,-5.0,-30.0
1776885596.5141027,1.0,-4.0,-37.0
1776885596.5241027,3.0,-5.0,-35.0
1776885596.534103,3.0,-4.0,-37.0
1776885596.544103,-1.0,-3.0,-41.0
1776885596.554103,0.0,-2.0,-46.0
1776885596.5641026,1.0,-2.0,-46.0
1776885596.5741026,2.0,-1.0,-49.0
1776885596.5841026,3.0,-2.0,-44.0
1776885596.5941026,0.0,0.0,-39.0
1776885596.6041028,1.0,-2.0,-43.0
1776885596.6141028,1.0,-3.0,-49.0
1776885596.6241028,1.0,-2.0,-51.0
1776885596.6341028,1.0,-4.0,-56.0
1776885596.6441028,2.0,-3.0,-54.0
1776885596.6541028,3.0,-7.0,-43.0
1776885596.6641028,2.0,-3.0,-41.0
1776885596.6741028,1.0,0.0,-46.0
1776885596.6841028,4.0,3.0,-51.0
1776885596.6941028,2.0,7.0,-57.0
1776885596.7041028,0.0,0.0,-54.0
1776885596.7141027,-1.0,0.0,-49.0
1776885596.7241027,-3.0,0.0,-44.0
1776885596.7341027,-4.0,3.0,-46.0
1776885596.7441027,-2.0,2.0,-42.0
1776885596.7541027,0.0,1.0,-44.0
1776885596.7641027,2.0,-3.0,-45.0
1776885596.7741027,0.0,-3.0,-46.0
1776885596.784103,-2.0,-3.0,-50.0
1776885596.794103,-6.0,-2.0,-46.0
1776885596.804103,-5.0,0.0,-39.0
1776885596.8141026,-3.0,-1.0,-41.0
1776885596.8241026,-3.0,0.0,-40.0
1776885596.8341026,-4.0,-2.0,-42.0
1776885596.8441026,-1.0,1.0,-45.0
1776885596.8541028,0.0,2.0,-50.0
1776885596.8641028,-3.0,3.0,-57.0
1776885596.8741028,-2.0,1.0,-57.0
1776885596.8841028,-1.0,-5.0,-53.0
1776885596.8941028,1.0,-2.0,-51.0
1776885596.9041028,6.0,-1.0,-43.0
1776885596.9141028,3.0,-3.0,-43.0
1776885596.9241028,1.0,-1.0,-41.0
1776885596.9341028,0.0,-3.0,-43.0
1776885596.9441028,2.0,-5.0,-41.0
1776885596.9541028,1.0,-3.0,-40.0
1776885596.9641027,5.0,-5.0,-44.0
1776885596.9741027,-1.0,-6.0,-38.0
1776885596.9841027,-3.0,0.0,-35.0
1776885596.9941027,5.0,2.0,-43.0
1776885597.0041027,8.0,0.0,-48.0
1776885597.0141027,3.0,-3.0,-42.0
1776885597.0241027,2.0,-6.0,-46.0
1776885597.034103,2.0,-4.0,-45.0
1776885597.044103,3.0,-3.0,-40.0
1776885597.054103,0.0,-4.0,-30.0
1776885597.0641026,-1.0,-5.0,-33.0
1776885597.0741026,0.0,-1.0,-36.0
1776885597.0841026,3.0,-2.0,-37.0
1776885597.0941026,-3.0,0.0,-41.0
1776885597.1041028,-1.0,1.0,-41.0
1776885597.1141028,-1.0,2.0,-42.0
1776885597.1241028,2.0,2.0,-42.0
1776885597.1341028,0.0,4.0,-40.0
1776885597.1441028,1.0,4.0,-39.0
1776885597.1541028,0.0,0.0,-41.0
1776885597.1641028,3.0,1.0,-34.0
1776885597.1741028,3.0,0.0,-36.0
1776885597.1841028,5.0,-2.0,-33.0
1776885597.1941028,8.0,-4.0,-34.0
1776885597.2041028,10.0,-6.0,-37.0
1776885597.2141027,11.0,-5.0,-41.0
1776885597.2241027,9.0,-2.0,-31.0
1776885597.2341027,4.0,1.0,-33.0
1776885597.2441027,-2.0,0.0,-34.0
1776885597.2541027,-4.0,-1.0,-40.0
1776885597.2641027,-5.0,1.0,-42.0
1776885597.2741027,-7.0,5.0,-38.0
1776885597.284103,-7.0,4.0,-35.0
1776885597.294103,-5.0,3.0,-36.0
1776885597.304103,-3.0,1.0,-47.0
1776885597.3141026,-8.0,1.0,-56.0
1776885597.3241026,-5.0,2.0,-55.0
1776885597.3341026,-3.0,0.0,-51.0
1776885597.3441026,-6.0,-3.0,-47.0
1776885597.3541028,0.0,-2.0,-44.0
1776885597.3641028,5.0,-3.0,-42.0
1776885597.3741028,3.0,-4.0,-45.0
1776885597.3841028,1.0,-5.0,-46.0
1776885597.3941028,0.0,-1.0,-54.0
1776885597.4041028,1.0,-4.0,-53.0
1776885597.4141028,0.0,-4.0,-54.0
1776885597.4241028,1.0,-9.0,-49.0
1776885597.4341028,2.0,-7.0,-44.0
1776885597.4441028,-1.0,-6.0,-43.0
1776885597.4541028,-2.0,-11.0,-39.0
1776885597.4641027,-1.0,-6.0,-41.0
1776885597.475103,-1.0,-6.0,-47.0
1776885597.4841027,1.0,-5.0,-48.0
1776885597.4941027,-1.0,-11.0,-45.0
1776885597.5041027,0.0,-9.0,-44.0
1776885597.5151026,3.0,-6.0,-39.0
1776885597.5251029,4.0,-2.0,-40.0
1776885597.5351028,7.0,-1.0,-41.0
1776885597.5451028,2.0,-1.0,-35.0
1776885597.5551028,0.0,-2.0,-37.0
1776885597.5651028,0.0,-4.0,-37.0
1776885597.5751028,2.0,-6.0,-40.0
1776885597.5851028,3.0,-5.0,-43.0
1776885597.5951028,2.0,-8.0,-40.0
1776885597.6051028,0.0,-7.0,-44.0
1776885597.6151028,-1.0,-5.0,-43.0
1776885597.6251028,1.0,-6.0,-42.0
1776885597.6351027,1.0,-3.0,-40.0
1776885597.6451027,3.0,-2.0,-40.0
1776885597.6551027,1.0,-4.0,-42.0
1776885597.6651027,0.0,-6.0,-40.0
1776885597.6751027,0.0,-5.0,-37.0
1776885597.6851027,0.0,-5.0,-36.0
1776885597.6951027,-1.0,-7.0,-37.0
1776885597.7051027,-5.0,-6.0,-35.0
1776885597.715103,-7.0,-6.0,-34.0
1776885597.725103,-8.0,-4.0,-29.0
1776885597.735103,-7.0,-4.0,-26.0
1776885597.7451026,-6.0,-3.0,-31.0
1776885597.7551026,-2.0,-5.0,-38.0
1776885597.7651026,-3.0,-3.0,-37.0
1776885597.7751029,-7.0,-1.0,-42.0
1776885597.7851028,1.0,-2.0,-42.0
1776885597.7951028,4.0,-6.0,-39.0
1776885597.8051028,7.0,-4.0,-41.0
1776885597.8151028,9.0,-5.0,-37.0
1776885597.8251028,5.0,-1.0,-40.0
1776885597.8351028,0.0,-2.0,-40.0
1776885597.8451028,2.0,-5.0,-40.0
1776885597.8551028,-3.0,-2.0,-42.0
1776885597.8651028,-4.0,-2.0,-37.0
1776885597.8751028,0.0,-4.0,-43.0
1776885597.8851027,0.0,-5.0,-43.0
1776885597.8951027,-3.0,-5.0,-49.0
1776885597.9051027,-1.0,-6.0,-60.0
1776885597.9151027,-4.0,-7.0,-63.0
1776885597.9251027,1.0,-4.0,-61.0
1776885597.9351027,0.0,0.0,-59.0
1776885597.9451027,0.0,3.0,-53.0
1776885597.9551027,1.0,0.0,-48.0
1776885597.965103,3.0,-1.0,-48.0
1776885597.975103,-1.0,-7.0,-53.0
1776885597.985103,2.0,-4.0,-56.0
1776885597.9951026,0.0,-1.0,-44.0
1776885598.0051026,-4.0,-2.0,-42.0
1776885598.0151026,0.0,-2.0,-46.0
1776885598.0251029,0.0,-3.0,-40.0
1776885598.0351028,0.0,-4.0,-43.0
1776885598.0451028,0.0,-1.0,-37.0
1776885598.0551028,-1.0,-1.0,-39.0
1776885598.0651028,-4.0,0.0,-42.0
1776885598.0751028,-1.0,0.0,-46.0
1776885598.0851028,-1.0,6.0,-46.0
1776885598.0951028,0.0,5.0,-40.0
1776885598.1051028,-2.0,4.0,-48.0
1776885598.1151028,3.0,1.0,-50.0
1776885598.1251028,5.0,-1.0,-50.0
1776885598.1351027,4.0,-2.0,-52.0
1776885598.1451027,8.0,-1.0,-49.0
1776885598.1551027,5.0,-3.0,-46.0
1776885598.1651027,2.0,-3.0,-44.0
1776885598.1751027,4.0,0.0,-41.0
1776885598.1851027,-1.0,1.0,-40.0
1776885598.1951027,0.0,4.0,-43.0
1776885598.2051027,-4.0,2.0,-43.0
1776885598.215103,-2.0,2.0,-48.0
1776885598.225103,-1.0,1.0,-51.0
1776885598.235103,-4.0,0.0,-40.0
1776885598.2451026,-1.0,0.0,-47.0
1776885598.2551026,1.0,3.0,-45.0
1776885598.2651026,2.0,1.0,-44.0
1776885598.2751029,4.0,-1.0,-43.0
1776885598.2851028,5.0,-7.0,-47.0
1776885598.2951028,4.0,-7.0,-43.0
1776885598.3051028,4.0,-3.0,-46.0
1776885598.3151028,4.0,-2.0,-50.0
1776885598.3251028,5.0,0.0,-47.0
1776885598.3351028,6.0,1.0,-41.0
1776885598.3451028,2.0,7.0,-44.0
1776885598.3551028,-1.0,5.0,-52.0
1776885598.3651028,-2.0,5.0,-49.0
1776885598.3751028,1.0,3.0,-50.0
1776885598.3851027,-2.0,0.0,-54.0
1776885598.3951027,-1.0,-5.0,-53.0
1776885598.4051027,-3.0,-7.0,-52.0
1776885598.4151027,-5.0,-7.0,-48.0
1776885598.4251027,-4.0,-6.0,-46.0
1776885598.4351027,0.0,-5.0,-47.0
1776885598.4451027,4.0,-1.0,-47.0
1776885598.4551027,6.0,0.0,-40.0
1776885598.465103,2.0,1.0,-33.0
1776885598.475103,0.0,-4.0,-29.0
1776885598.485103,-3.0,-9.0,-32.0
1776885598.4951026,-2.0,-7.0,-35.0
1776885598.5051026,-1.0,-5.0,-31.0
1776885598.5151026,5.0,-5.0,-37.0
1776885598.5251029,2.0,-5.0,-41.0
1776885598.5351028,0.0,-6.0,-45.0
1776885598.5451028,0.0,-6.0,-46.0
1776885598.5551028,-1.0,-5.0,-47.0
1776885598.5651028,-1.0,-7.0,-48.0
1776885598.5751028,3.0,-1.0,-44.0
1776885598.5851028,5.0,1.0,-38.0
1776885598.5951028,5.0,-2.0,-35.0
1776885598.6051028,5.0,-6.0,-40.0
1776885598.6151028,2.0,-6.0,-38.0
1776885598.6251028,4.0,-9.0,-35.0
1776885598.6351027,1.0,-8.0,-42.0
1776885598.6451027,-3.0,-9.0,-40.0
1776885598.6551027,-4.0,-13.0,-31.0
1776885598.6651027,3.0,-12.0,-31.0
1776885598.6751027,2.0,-10.0,-36.0
1776885598.6851027,7.0,-7.0,-34.0
1776885598.6951027,9.0,-6.0,-37.0
1776885598.7051027,5.0,-4.0,-44.0
1776885598.715103,6.0,-5.0,-52.0
1776885598.725103,7.0,-8.0,-51.0
1776885598.735103,5.0,-8.0,-50.0
1776885598.7451026,0.0,-12.0,-46.0
1776885598.7551026,1.0,-12.0,-38.0
1776885598.7651026,4.0,-12.0,-36.0
1776885598.7751029,6.0,-10.0,-40.0
1776885598.7851028,8.0,-11.0,-41.0
1776885598.7951028,5.0,-2.0,-42.0
1776885598.8051028,2.0,0.0,-45.0
1776885598.8151028,6.0,2.0,-39.0
1776885598.8251028,3.0,1.0,-32.0
1776885598.8351028,8.0,0.0,-31.0
1776885598.8451028,7.0,-1.0,-31.0
1776885598.8551028,6.0,-1.0,-35.0
1776885598.8651028,5.0,-1.0,-35.0
1776885598.8751028,6.0,-1.0,-31.0
1776885598.8851027,5.0,-3.0,-33.0
1776885598.8951027,2.0,-4.0,-36.0
1776885598.9051027,1.0,-3.0,-34.0
1776885598.9151027,3.0,-5.0,-42.0
1776885598.9251027,6.0,-4.0,-49.0
1776885598.9351027,5.0,-5.0,-49.0
1776885598.9451027,4.0,-1.0,-46.0
1776885598.9551027,5.0,0.0,-45.0
1776885598.965103,5.0,3.0,-45.0
1776885598.975103,4.0,6.0,-45.0
1776885598.985103,5.0,6.0,-56.0
1776885598.9951026,2.0,5.0,-58.0
1776885599.0051026,3.0,5.0,-53.0
1776885599.0151026,3.0,1.0,-46.0
1776885599.0251029,-5.0,0.0,-44.0
1776885599.0351028,-4.0,-2.0,-46.0
1776885599.0451028,-3.0,3.0,-47.0
1776885599.0551028,-1.0,2.0,-42.0
1776885599.0651028,-2.0,2.0,-44.0
1776885599.0751028,-1.0,6.0,-41.0
1776885599.0851028,-2.0,4.0,-41.0
1776885599.0951028,-3.0,5.0,-43.0
1776885599.1051028,-1.0,6.0,-39.0
1776885599.1151028,-4.0,5.0,-29.0
1776885599.1251028,-4.0,2.0,-35.0
1776885599.1351027,-6.0,0.0,-43.0
1776885599.1451027,-4.0,-2.0,-46.0
1776885599.1551027,0.0,-5.0,-47.0
1776885599.1651027,2.0,-3.0,-37.0
1776885599.1751027,0.0,0.0,-37.0
1776885599.1851027,0.0,0.0,-33.0
1776885599.1951027,1.0,3.0,-33.0
1776885599.2051027,3.0,0.0,-32.0
1776885599.215103,-1.0,0.0,-32.0
1776885599.225103,-1.0,1.0,-38.0
1776885599.235103,1.0,-2.0,-42.0
1776885599.2451026,8.0,-2.0,-42.0
1776885599.2551026,9.0,4.0,-42.0
1776885599.2651026,6.0,4.0,-42.0
1776885599.2751029,8.0,0.0,-36.0
1776885599.2851028,3.0,-4.0,-40.0
1776885599.2951028,0.0,-4.0,-34.0
1776885599.3051028,-4.0,-7.0,-37.0
1776885599.3151028,-4.0,-9.0,-40.0
1776885599.3251028,-6.0,-10.0,-36.0
1776885599.3351028,-3.0,-12.0,-41.0
1776885599.3451028,-6.0,-10.0,-41.0
1776885599.3551028,-10.0,-9.0,-42.0
1776885599.3651028,-8.0,-9.0,-43.0
1776885599.3751028,-1.0,-3.0,-53.0
1776885599.3851027,2.0,1.0,-54.0
1776885599.3951027,-1.0,4.0,-46.0
1776885599.4051027,0.0,0.0,-40.0
1776885599.4151027,0.0,-2.0,-32.0
1776885599.4251027,2.0,-2.0,-33.0
1776885599.4351027,8.0,0.0,-42.0
1776885599.4451027,9.0,-2.0,-42.0
1776885599.4551027,8.0,-6.0,-45.0
1776885599.465103,13.0,-3.0,-44.0
1776885599.475103,13.0,-2.0,-43.0
1776885599.485103,8.0,-5.0,-44.0
1776885599.4951026,3.0,-3.0,-48.0
1776885599.5061028,-3.0,-3.0,-53.0
1776885599.5151026,-1.0,-7.0,-45.0
1776885599.5261028,1.0,-9.0,-47.0
1776885599.5361028,8.0,-9.0,-44.0
1776885599.5461028,9.0,-9.0,-44.0
1776885599.5561028,4.0,-10.0,-44.0
1776885599.5661027,0.0,-8.0,-45.0
1776885599.5761027,0.0,-9.0,-47.0
1776885599.5861027,-2.0,-4.0,-46.0
1776885599.5961027,-1.0,-4.0,-44.0
1776885599.6061027,1.0,-3.0,-45.0
1776885599.6161027,4.0,-4.0,-49.0
1776885599.6261027,4.0,-6.0,-45.0
1776885599.636103,7.0,-3.0,-45.0
1776885599.646103,3.0,-7.0,-45.0
1776885599.656103,3.0,-7.0,-41.0
1776885599.6661026,0.0,-4.0,-44.0
1776885599.6761026,1.0,-6.0,-46.0
1776885599.6861026,0.0,-7.0,-49.0
1776885599.6961029,-3.0,-4.0,-45.0
1776885599.7061028,1.0,0.0,-51.0
1776885599.7161028,4.0,1.0,-46.0
1776885599.7261028,1.0,5.0,-44.0
1776885599.7361028,-2.0,3.0,-40.0
1776885599.7461028,0.0,0.0,-37.0
1776885599.7561028,0.0,-1.0,-35.0
1776885599.7661028,3.0,-1.0,-40.0
1776885599.7761028,7.0,-1.0,-45.0
1776885599.7861028,6.0,-2.0,-48.0
1776885599.7961028,1.0,-2.0,-55.0
1776885599.8061028,-1.0,1.0,-52.0
1776885599.8161027,-2.0,0.0,-55.0
1776885599.8261027,-3.0,0.0,-47.0
1776885599.8361027,-4.0,0.0,-40.0
1776885599.8461027,-8.0,0.0,-38.0
1776885599.8561027,-3.0,1.0,-34.0
1776885599.8661027,-2.0,2.0,-37.0
1776885599.8761027,-6.0,1.0,-37.0
1776885599.886103,-5.0,5.0,-30.0
1776885599.896103,-5.0,5.0,-25.0
1776885599.906103,-2.0,6.0,-36.0
1776885599.9161026,-1.0,9.0,-35.0
1776885599.9261026,0.0,3.0,-30.0
1776885599.9361026,-4.0,0.0,-32.0
1776885599.9461029,0.0,-2.0,-36.0
1776885599.9561028,2.0,-2.0,-31.0
1776885599.9661028,6.0,-6.0,-29.0
1776885599.9761028,9.0,-8.0,-37.0
1776885599.9861028,9.0,-3.0,-34.0
1776885599.9961028,7.0,-4.0,-37.0
1776885600.0061028,1.0,0.0,-46.0
1776885600.0161028,4.0,0.0,-47.0
1776885600.0261028,4.0,3.0,-40.0
1776885600.0361028,3.0,0.0,-38.0
1776885600.0461028,11.0,-2.0,-39.0
1776885600.0561028,6.0,-5.0,-39.0
1776885600.0661027,5.0,-6.0,-45.0
1776885600.0761027,3.0,-3.0,-44.0
1776885600.0861027,3.0,-2.0,-45.0
1776885600.0961027,6.0,-6.0,-48.0
1776885600.1061027,4.0,-6.0,-46.0
1776885600.1161027,-2.0,-6.0,-42.0
1776885600.1261027,2.0,-5.0,-42.0
1776885600.136103,0.0,-1.0,-46.0
1776885600.146103,0.0,-2.0,-49.0
1776885600.156103,0.0,-4.0,-43.0
1776885600.1661026,-2.0,0.0,-39.0
1776885600.1761026,-4.0,1.0,-38.0
1776885600.1861026,-5.0,-3.0,-41.0
1776885600.1961029,-2.0,-2.0,-46.0
1776885600.2061028,0.0,-2.0,-47.0
1776885600.2161028,0.0,-2.0,-46.0
1776885600.2261028,4.0,-1.0,-47.0
1776885600.2361028,3.0,-2.0,-51.0
1776885600.2461028,1.0,-3.0,-50.0
1776885600.2561028,1.0,-7.0,-46.0
1776885600.2661028,3.0,-2.0,-37.0
1776885600.2761028,3.0,0.0,-39.0
1776885600.2861028,5.0,5.0,-40.0
1776885600.2961028,4.0,8.0,-41.0
1776885600.3061028,6.0,4.0,-40.0
1776885600.3161027,2.0,0.0,-37.0
1776885600.3261027,5.0,3.0,-43.0
1776885600.3361027,7.0,2.0,-50.0
1776885600.3461027,5.0,1.0,-57.0
1776885600.3561027,4.0,3.0,-54.0
1776885600.3661027,5.0,4.0,-50.0
1776885600.3761027,5.0,2.0,-46.0
1776885600.386103,2.0,-5.0,-40.0
1776885600.396103,1.0,-5.0,-39.0
1776885600.406103,4.0,-4.0,-44.0
1776885600.4161026,5.0,-3.0,-46.0
1776885600.4261026,5.0,0.0,-39.0
1776885600.4361026,1.0,0.0,-43.0
1776885600.4461029,-1.0,3.0,-47.0
1776885600.4561028,0.0,3.0,-50.0
1776885600.4661028,0.0,3.0,-52.0
1776885600.4761028,1.0,-1.0,-58.0
1776885600.4861028,0.0,-6.0,-53.0
1776885600.4961028,1.0,-10.0,-52.0
1776885600.5061028,0.0,-7.0,-51.0
1776885600.5161028,0.0,-6.0,-50.0
1776885600.5261028,0.0,-5.0,-54.0
1776885600.5361028,2.0,-2.0,-52.0
1776885600.5461028,4.0,-3.0,-51.0
1776885600.5561028,6.0,-5.0,-48.0
1776885600.5661027,10.0,-2.0,-44.0
1776885600.5761027,4.0,2.0,-49.0
1776885600.5861027,6.0,4.0,-53.0
1776885600.5961027,0.0,4.0,-43.0
1776885600.6061027,2.0,-2.0,-44.0
1776885600.6161027,2.0,-1.0,-39.0
1776885600.6261027,-3.0,0.0,-44.0
1776885600.636103,0.0,0.0,-35.0
1776885600.646103,0.0,-1.0,-31.0
1776885600.6571028,4.0,-1.0,-31.0
1776885600.6661026,3.0,-7.0,-34.0
1776885600.6761026,4.0,-8.0,-35.0
1776885600.6861026,-1.0,-4.0,-38.0
1776885600.6961029,0.0,-3.0,-39.0
1776885600.7061028,1.0,-2.0,-45.0
1776885600.7161028,0.0,-5.0,-45.0
1776885600.7261028,0.0,-3.0,-47.0
1776885600.7361028,4.0,-3.0,-43.0
1776885600.7461028,6.0,-6.0,-45.0
1776885600.7561028,3.0,-4.0,-48.0
1776885600.7661028,5.0,-4.0,-46.0
1776885600.7761028,1.0,-6.0,-45.0
1776885600.7861028,0.0,-2.0,-46.0
1776885600.7961028,-1.0,-1.0,-46.0
1776885600.8061028,-7.0,-2.0,-55.0
1776885600.8161027,-6.0,-3.0,-51.0
1776885600.8261027,-2.0,-4.0,-40.0
1776885600.8361027,0.0,-7.0,-35.0
1776885600.8461027,-1.0,-2.0,-34.0
1776885600.8561027,0.0,0.0,-38.0
1776885600.8661027,0.0,-2.0,-39.0
1776885600.8761027,-7.0,-1.0,-40.0
1776885600.886103,-10.0,0.0,-32.0
1776885600.896103,-8.0,0.0,-32.0
1776885600.906103,-4.0,-1.0,-32.0
1776885600.9161026,-7.0,-3.0,-30.0
1776885600.9261026,-12.0,-2.0,-33.0
1776885600.9361026,-12.0,-4.0,-31.0
1776885600.9461029,-12.0,1.0,-28.0
1776885600.9561028,-12.0,0.0,-26.0
1776885600.9661028,-10.0,-1.0,-27.0
1776885600.9761028,-10.0,-3.0,-30.0
1776885600.9861028,-5.0,-6.0,-38.0
1776885600.9961028,0.0,-4.0,-29.0
1776885601.0061028,0.0,0.0,-32.0
1776885601.0161028,3.0,0.0,-34.0
1776885601.0261028,2.0,1.0,-36.0
1776885601.0361028,5.0,-1.0,-38.0
1776885601.0461028,3.0,0.0,-32.0
1776885601.0561028,-2.0,0.0,-38.0
1776885601.0661027,-5.0,-2.0,-40.0
1776885601.0761027,-3.0,-1.0,-41.0
1776885601.0861027,-1.0,-1.0,-42.0
1776885601.0961027,0.0,0.0,-41.0
1776885601.1061027,-3.0,0.0,-41.0
1776885601.1161027,-2.0,-2.0,-47.0
1776885601.1261027,3.0,-2.0,-43.0
1776885601.136103,1.0,0.0,-40.0
1776885601.146103,-1.0,2.0,-42.0
1776885601.156103,-1.0,1.0,-44.0
1776885601.1661026,-2.0,2.0,-43.0
1776885601.1761026,0.0,0.0,-37.0
1776885601.1861026,1.0,0.0,-37.0
1776885601.1961029,0.0,-1.0,-42.0
1776885601.2061028,2.0,-1.0,-49.0
1776885601.2161028,2.0,-3.0,-41.0
1776885601.2261028,4.0,-1.0,-45.0
1776885601.2361028,-1.0,-2.0,-48.0
1776885601.2461028,0.0,-4.0,-49.0
1776885601.2561028,1.0,0.0,-58.0
1776885601.2661028,0.0,-1.0,-54.0
1776885601.2761028,-2.0,-2.0,-54.0
1776885601.2861028,0.0,2.0,-52.0
1776885601.2961028,0.0,0.0,-52.0
1776885601.3061028,-1.0,2.0,-48.0
1776885601.3161027,0.0,1.0,-48.0
1776885601.3261027,0.0,0.0,-46.0
1776885601.3361027,-4.0,1.0,-43.0
1776885601.3461027,-6.0,-2.0,-41.0
1776885601.3561027,-4.0,-3.0,-38.0
1776885601.3661027,-5.0,4.0,-35.0
1776885601.3761027,-9.0,0.0,-32.0
1776885601.386103,-5.0,0.0,-33.0
1776885601.396103,1.0,0.0,-43.0
1776885601.406103,6.0,-1.0,-43.0
1776885601.4161026,8.0,1.0,-39.0
1776885601.4261026,7.0,-3.0,-36.0
1776885601.4361026,2.0,-2.0,-37.0
1776885601.4461029,1.0,-1.0,-35.0
1776885601.4561028,2.0,0.0,-30.0
1776885601.4671028,2.0,2.0,-29.0
1776885601.4771028,5.0,2.0,-31.0
1776885601.4861028,4.0,-2.0,-34.0
1776885601.4971027,0.0,-2.0,-34.0
1776885601.5071027,0.0,-1.0,-33.0
1776885601.5171027,-1.0,-5.0,-34.0
1776885601.5271027,0.0,-6.0,-36.0
1776885601.5361028,-2.0,-7.0,-34.0
1776885601.5471027,3.0,-1.0,-43.0
1776885601.557103,2.0,0.0,-46.0
1776885601.567103,-1.0,-3.0,-41.0
1776885601.577103,-2.0,-2.0,-44.0
1776885601.587103,0.0,-3.0,-49.0
1776885601.5971026,2.0,-1.0,-53.0
1776885601.6071026,3.0,-5.0,-55.0
1776885601.6171026,7.0,-5.0,-56.0
1776885601.6271029,6.0,-3.0,-54.0
1776885601.6371028,1.0,-1.0,-50.0
1776885601.6471028,1.0,0.0,-48.0
1776885601.6571028,7.0,5.0,-50.0
1776885601.6671028,6.0,1.0,-42.0
1776885601.6771028,0.0,-4.0,-38.0
1776885601.6871028,-3.0,-5.0,-34.0
1776885601.6971028,-3.0,-5.0,-31.0
1776885601.7071028,-2.0,1.0,-37.0
1776885601.7171028,-5.0,3.0,-39.0
1776885601.7271028,-5.0,1.0,-39.0
1776885601.7371027,-4.0,3.0,-45.0
1776885601.7471027,-2.0,1.0,-45.0
1776885601.7571027,-1.0,2.0,-44.0
1776885601.7671027,0.0,2.0,-41.0
1776885601.7771027,-3.0,3.0,-43.0
1776885601.7871027,-1.0,8.0,-47.0
1776885601.7971027,0.0,10.0,-48.0
1776885601.807103,0.0,6.0,-49.0
1776885601.817103,0.0,3.0,-44.0
1776885601.827103,-2.0,-2.0,-47.0
1776885601.837103,-3.0,-4.0,-48.0
1776885601.8471026,-3.0,-1.0,-40.0
1776885601.8571026,-1.0,-2.0,-37.0
1776885601.8671026,-2.0,-2.0,-35.0
1776885601.8771029,-2.0,-3.0,-41.0
1776885601.8871028,-2.0,-2.0,-46.0
1776885601.8971028,-5.0,0.0,-43.0
1776885601.9071028,-5.0,-5.0,-40.0
1776885601.9171028,-1.0,-4.0,-39.0
1776885601.9271028,-1.0,-4.0,-36.0
1776885601.9371028,-3.0,-6.0,-36.0
1776885601.9471028,-3.0,-5.0,-36.0
1776885601.9571028,-3.0,-6.0,-29.0
1776885601.9671028,-5.0,-4.0,-27.0
1776885601.9771028,-4.0,0.0,-25.0
1776885601.9871027,-2.0,1.0,-25.0
1776885601.9971027,-1.0,0.0,-34.0
1776885602.0071027,-3.0,2.0,-35.0
1776885602.0171027,-7.0,0.0,-43.0
1776885602.0271027,-7.0,1.0,-41.0
1776885602.0371027,-3.0,4.0,-39.0
1776885602.0471027,0.0,5.0,-38.0
1776885602.057103,-6.0,3.0,-39.0
1776885602.067103,-7.0,2.0,-38.0
1776885602.077103,-5.0,4.0,-38.0
1776885602.087103,-5.0,0.0,-42.0
1776885602.0971026,1.0,-1.0,-42.0
1776885602.1071026,-1.0,0.0,-43.0
1776885602.1171026,-3.0,1.0,-44.0
1776885602.1271029,-3.0,-1.0,-41.0
1776885602.1371028,-4.0,0.0,-42.0
1776885602.1471028,-3.0,3.0,-46.0
1776885602.1571028,-5.0,4.0,-45.0
1776885602.1671028,-3.0,5.0,-42.0
1776885602.1771028,-1.0,3.0,-42.0
1776885602.1871028,-6.0,3.0,-53.0
1776885602.1971028,-7.0,0.0,-49.0
1776885602.2071028,-3.0,1.0,-49.0
1776885602.2171028,0.0,-1.0,-47.0
1776885602.2271028,2.0,-4.0,-49.0
1776885602.2371027,1.0,-3.0,-43.0
1776885602.2471027,-2.0,0.0,-40.0
1776885602.2571027,-5.0,0.0,-39.0
1776885602.2671027,2.0,-3.0,-39.0
1776885602.2771027,8.0,-4.0,-41.0
1776885602.2871027,5.0,-4.0,-46.0
1776885602.2971027,7.0,-2.0,-57.0
1776885602.307103,2.0,-5.0,-48.0
1776885602.317103,0.0,-5.0,-43.0
1776885602.327103,2.0,0.0,-41.0
1776885602.337103,1.0,-3.0,-44.0
1776885602.3471026,0.0,-5.0,-50.0
1776885602.3571026,-5.0,-9.0,-52.0
1776885602.3671026,-4.0,-9.0,-50.0
1776885602.3771029,-2.0,-4.0,-48.0
1776885602.3871028,2.0,-4.0,-50.0
1776885602.3971028,0.0,-1.0,-51.0
1776885602.4071028,-2.0,-2.0,-46.0
1776885602.4171028,1.0,-1.0,-44.0
1776885602.4271028,-2.0,3.0,-40.0
1776885602.4371028,0.0,4.0,-41.0
1776885602.4471028,1.0,0.0,-43.0
1776885602.4571028,-1.0,0.0,-46.0
1776885602.4671028,5.0,-3.0,-43.0
1776885602.4771028,4.0,-5.0,-40.0
1776885602.4871027,-1.0,-4.0,-39.0
1776885602.4971027,-4.0,-1.0,-40.0
1776885602.5071027,-6.0,-2.0,-44.0
1776885602.5171027,-5.0,-2.0,-45.0
1776885602.5271027,-3.0,2.0,-42.0
1776885602.5371027,-4.0,-2.0,-42.0
1776885602.5471027,-5.0,-4.0,-44.0
1776885602.557103,-2.0,-6.0,-43.0
1776885602.567103,-2.0,-4.0,-44.0
1776885602.577103,1.0,1.0,-47.0
1776885602.587103,3.0,4.0,-42.0
1776885602.5971026,1.0,2.0,-49.0
1776885602.6071026,-2.0,3.0,-52.0
1776885602.6171026,0.0,-2.0,-46.0
1776885602.6271029,-2.0,-2.0,-50.0
1776885602.6371028,-3.0,-6.0,-44.0
1776885602.6471028,1.0,-6.0,-38.0
1776885602.6571028,0.0,-5.0,-38.0
1776885602.6671028,-1.0,-4.0,-40.0
1776885602.6771028,-2.0,-4.0,-43.0
1776885602.6871028,-5.0,-1.0,-47.0
1776885602.6971028,-8.0,1.0,-41.0
1776885602.7071028,-5.0,1.0,-37.0
1776885602.7171028,-8.0,2.0,-34.0
1776885602.7271028,-11.0,3.0,-28.0
1776885602.7371027,-12.0,4.0,-32.0
1776885602.7471027,-7.0,7.0,-36.0
1776885602.7571027,-3.0,5.0,-40.0
1776885602.7671027,0.0,4.0,-42.0
1776885602.7771027,0.0,0.0,-41.0
1776885602.7871027,3.0,-2.0,-40.0
1776885602.7971027,4.0,-2.0,-45.0
1776885602.807103,0.0,-2.0,-45.0
1776885602.817103,-1.0,0.0,-52.0
1776885602.827103,-2.0,-2.0,-47.0
1776885602.837103,0.0,-5.0,-37.0
1776885602.8471026,3.0,-9.0,-34.0
1776885602.8571026,4.0,-10.0,-34.0
1776885602.8671026,4.0,-8.0,-37.0
1776885602.8771029,7.0,-3.0,-42.0
1776885602.8871028,6.0,0.0,-43.0
1776885602.8971028,2.0,-1.0,-43.0
1776885602.9071028,1.0,-1.0,-44.0
1776885602.9171028,0.0,-3.0,-44.0
1776885602.9271028,-1.0,-6.0,-40.0
1776885602.9371028,-2.0,-7.0,-41.0
1776885602.9471028,-1.0,-3.0,-39.0
1776885602.9571028,0.0,-4.0,-44.0
1776885602.9671028,-3.0,-5.0,-46.0
1776885602.9771028,-3.0,-3.0,-48.0
1776885602.9871027,0.0,-5.0,-43.0
1776885602.9971027,4.0,-4.0,-45.0
1776885603.0071027,4.0,0.0,-42.0
1776885603.0171027,-2.0,1.0,-41.0
1776885603.0271027,-7.0,0.0,-35.0
1776885603.0371027,-7.0,-4.0,-38.0
1776885603.0471027,-3.0,-2.0,-36.0
1776885603.057103,0.0,-3.0,-34.0
1776885603.067103,-1.0,-7.0,-37.0
1776885603.077103,1.0,-9.0,-46.0
1776885603.087103,3.0,-7.0,-40.0
1776885603.0971026,4.0,-4.0,-39.0
1776885603.1071026,3.0,-7.0,-40.0
1776885603.1171026,1.0,-2.0,-40.0
1776885603.1271029,-1.0,-2.0,-39.0
1776885603.1371028,0.0,-5.0,-35.0
1776885603.1471028,0.0,-5.0,-29.0
1776885603.1571028,-1.0,-9.0,-35.0
1776885603.1671028,0.0,-7.0,-36.0
1776885603.1771028,0.0,-5.0,-38.0
1776885603.1871028,2.0,-3.0,-36.0
1776885603.1971028,2.0,0.0,-33.0
1776885603.2071028,-4.0,5.0,-37.0
1776885603.2171028,-2.0,2.0,-38.0
1776885603.2271028,-2.0,3.0,-43.0
1776885603.2371027,-3.0,3.0,-47.0
1776885603.2471027,-2.0,-2.0,-49.0
1776885603.2571027,0.0,1.0,-46.0
1776885603.2671027,0.0,0.0,-49.0
1776885603.2771027,-4.0,1.0,-47.0
1776885603.2871027,-5.0,0.0,-45.0
1776885603.2971027,-4.0,1.0,-40.0
1776885603.307103,-4.0,5.0,-39.0
1776885603.317103,-6.0,0.0,-43.0
1776885603.327103,0.0,0.0,-43.0
1776885603.337103,-1.0,2.0,-37.0
1776885603.3471026,3.0,1.0,-37.0
1776885603.3571026,2.0,1.0,-37.0
1776885603.3671026,4.0,-3.0,-38.0
1776885603.3771029,3.0,-3.0,-40.0
1776885603.3871028,3.0,-2.0,-38.0
1776885603.3971028,5.0,0.0,-36.0
1776885603.4071028,3.0,-1.0,-42.0
1776885603.4171028,3.0,-10.0,-46.0
1776885603.4271028,3.0,-8.0,-48.0
1776885603.4371028,2.0,-4.0,-50.0
1776885603.4471028,1.0,-3.0,-47.0
1776885603.4581027,0.0,-6.0,-38.0
1776885603.4681027,1.0,-5.0,-33.0
1776885603.4781027,3.0,-1.0,-35.0
1776885603.488103,3.0,-2.0,-29.0
1776885603.498103,4.0,-3.0,-32.0
1776885603.508103,-2.0,-6.0,-25.0
1776885603.5181026,-6.0,-5.0,-29.0
1776885603.5281026,-6.0,-3.0,-33.0
1776885603.5381026,-3.0,-4.0,-30.0
1776885603.5481029,1.0,-3.0,-32.0
1776885603.5581028,1.0,-8.0,-33.0
1776885603.5681028,5.0,-8.0,-36.0
1776885603.5781028,1.0,-7.0,-39.0
1776885603.5881028,3.0,-5.0,-42.0
1776885603.5981028,4.0,-6.0,-35.0
1776885603.6081028,3.0,-3.0,-34.0
1776885603.6181028,-3.0,-2.0,-34.0
1776885603.6281028,-5.0,-1.0,-34.0
1776885603.6381028,-4.0,0.0,-30.0
1776885603.6481028,-2.0,0.0,-32.0
1776885603.6581028,0.0,-1.0,-33.0
1776885603.6681027,3.0,-1.0,-36.0
1776885603.6781027,2.0,6.0,-36.0
1776885603.6881027,2.0,9.0,-32.0
1776885603.6981027,2.0,3.0,-33.0
1776885603.7081027,2.0,1.0,-36.0
1776885603.7181027,0.0,-6.0,-42.0
1776885603.7291028,1.0,-8.0,-36.0
1776885603.738103,-1.0,-8.0,-33.0
1776885603.748103,0.0,-6.0,-38.0
1776885603.758103,4.0,-3.0,-47.0
1776885603.7681026,5.0,-4.0,-45.0
1776885603.7781026,2.0,-2.0,-49.0
1776885603.7881026,9.0,-3.0,-53.0
1776885603.7981029,5.0,-3.0,-44.0
1776885603.8081028,4.0,-5.0,-42.0
1776885603.8181028,6.0,-4.0,-44.0
1776885603.8281028,5.0,-2.0,-46.0
1776885603.8381028,0.0,1.0,-43.0
1776885603.8481028,2.0,3.0,-41.0
1776885603.8581028,-1.0,4.0,-41.0
1776885603.8681028,0.0,6.0,-42.0
1776885603.8781028,2.0,9.0,-46.0
1776885603.8881028,0.0,8.0,-41.0
1776885603.8981028,3.0,4.0,-40.0
1776885603.9081028,2.0,4.0,-42.0
1776885603.9181027,0.0,-3.0,-37.0
1776885603.9281027,-1.0,-5.0,-34.0
1776885603.9381027,0.0,-3.0,-41.0
1776885603.9481027,0.0,-1.0,-41.0
1776885603.9581027,2.0,0.0,-37.0
1776885603.9681027,1.0,-1.0,-40.0
1776885603.9781027,0.0,-6.0,-43.0
1776885603.988103,1.0,-7.0,-46.0
1776885603.998103,1.0,-8.0,-47.0
1776885604.008103,4.0,-9.0,-43.0
1776885604.0181026,6.0,-6.0,-40.0
1776885604.0281026,6.0,-6.0,-44.0
1776885604.0381026,6.0,-4.0,-44.0
1776885604.0481029,3.0,-3.0,-43.0
1776885604.0581028,0.0,-4.0,-43.0
1776885604.0681028,-1.0,-3.0,-42.0
1776885604.0781028,3.0,-2.0,-44.0
1776885604.0881028,3.0,3.0,-44.0
1776885604.0981028,4.0,-2.0,-40.0
1776885604.1081028,5.0,-1.0,-40.0
1776885604.1181028,3.0,0.0,-38.0
1776885604.1281028,6.0,1.0,-43.0
1776885604.1381028,2.0,1.0,-38.0
1776885604.1481028,0.0,3.0,-45.0
1776885604.1581028,0.0,2.0,-52.0
1776885604.1681027,1.0,5.0,-52.0
1776885604.1781027,3.0,5.0,-55.0
1776885604.1881027,3.0,2.0,-55.0
1776885604.1981027,2.0,1.0,-51.0
1776885604.2081027,4.0,0.0,-52.0
1776885604.2181027,0.0,1.0,-47.0
1776885604.2281027,1.0,0.0,-49.0
1776885604.238103,4.0,1.0,-50.0
1776885604.248103,0.0,0.0,-50.0
1776885604.258103,1.0,0.0,-46.0
1776885604.2681026,0.0,0.0,-40.0
1776885604.2781026,1.0,-1.0,-40.0
1776885604.2881026,-2.0,-6.0,-38.0
1776885604.2981029,1.0,-6.0,-38.0
1776885604.3081028,-7.0,-6.0,-32.0
1776885604.3181028,-3.0,-10.0,-38.0
1776885604.3281028,-3.0,-8.0,-34.0
1776885604.3381028,-4.0,-3.0,-34.0
1776885604.3481028,-5.0,0.0,-31.0
1776885604.3581028,-5.0,0.0,-32.0
1776885604.3681028,-4.0,0.0,-36.0
1776885604.3781028,-4.0,-1.0,-38.0
1776885604.3881028,-4.0,-3.0,-37.0
1776885604.3981028,-1.0,-2.0,-33.0
1776885604.4081028,3.0,-2.0,-28.0
1776885604.4181027,6.0,-4.0,-22.0
1776885604.4281027,8.0,-2.0,-24.0
1776885604.4381027,6.0,-3.0,-29.0
1776885604.4481027,10.0,-3.0,-34.0
1776885604.4581027,9.0,-3.0,-41.0
1776885604.4681027,5.0,-1.0,-41.0
1776885604.4781027,5.0,-6.0,-38.0
1776885604.488103,2.0,-11.0,-38.0
1776885604.498103,4.0,-12.0,-35.0
1776885604.508103,5.0,-9.0,-40.0
1776885604.5181026,8.0,-6.0,-44.0
1776885604.5281026,6.0,-7.0,-50.0
1776885604.5381026,9.0,-7.0,-47.0
1776885604.5481029,9.0,-6.0,-39.0
1776885604.5581028,8.0,-4.0,-41.0
1776885604.5681028,8.0,-2.0,-45.0
1776885604.5781028,4.0,-1.0,-45.0
1776885604.5881028,1.0,0.0,-47.0
1776885604.5981028,0.0,-2.0,-47.0
1776885604.6081028,0.0,3.0,-43.0
1776885604.6181028,0.0,1.0,-41.0
1776885604.6281028,1.0,-3.0,-38.0
1776885604.6381028,5.0,-2.0,-34.0
1776885604.6481028,4.0,0.0,-19.0
1776885604.6581028,0.0,-4.0,-27.0
1776885604.6681027,1.0,-1.0,-30.0
1776885604.6781027,5.0,0.0,-38.0
1776885604.6881027,7.0,0.0,-46.0
1776885604.6981027,8.0,0.0,-43.0
1776885604.7081027,5.0,-3.0,-44.0
1776885604.7181027,3.0,-7.0,-45.0
1776885604.7281027,2.0,-3.0,-47.0
1776885604.738103,1.0,-3.0,-52.0
1776885604.748103,0.0,-6.0,-46.0
1776885604.758103,1.0,-3.0,-43.0
1776885604.7681026,3.0,-1.0,-45.0
1776885604.7781026,5.0,-4.0,-40.0
1776885604.7881026,6.0,-4.0,-49.0
1776885604.7981029,4.0,-5.0,-50.0
1776885604.8081028,7.0,-6.0,-53.0
1776885604.8181028,7.0,-8.0,-49.0
1776885604.8281028,5.0,-5.0,-49.0
1776885604.8391027,4.0,-6.0,-49.0
1776885604.8481028,5.0,-11.0,-49.0
1776885604.8581028,7.0,-8.0,-46.0
1776885604.8681028,6.0,-4.0,-45.0
1776885604.8781028,6.0,-4.0,-41.0
1776885604.8881028,4.0,-4.0,-48.0
1776885604.8981028,0.0,-4.0,-43.0
1776885604.9081028,-4.0,4.0,-45.0
1776885604.9181027,-4.0,2.0,-45.0
1776885604.9281027,-1.0,4.0,-48.0
1776885604.9381027,0.0,3.0,-47.0
1776885604.9481027,-2.0,8.0,-43.0
1776885604.9581027,-4.0,1.0,-45.0
1776885604.9681027,0.0,1.0,-50.0
1776885604.9781027,2.0,6.0,-47.0
1776885604.988103,3.0,1.0,-40.0
1776885604.998103,1.0,0.0,-38.0
1776885605.008103,4.0,-4.0,-35.0
1776885605.0181026,1.0,-2.0,-32.0
1776885605.0281026,1.0,-3.0,-38.0
1776885605.0381026,2.0,-3.0,-43.0
1776885605.0481029,2.0,-5.0,-42.0
1776885605.0581028,1.0,-2.0,-48.0
1776885605.0681028,3.0,-3.0,-51.0
1776885605.0781028,6.0,-4.0,-47.0
1776885605.0881028,4.0,0.0,-41.0
1776885605.0981028,6.0,-2.0,-35.0
1776885605.1081028,6.0,-2.0,-43.0
1776885605.1181028,11.0,-3.0,-41.0
1776885605.1281028,9.0,-3.0,-40.0
1776885605.1381028,6.0,-5.0,-42.0
1776885605.1481028,3.0,-2.0,-44.0
1776885605.1581028,4.0,-7.0,-44.0
1776885605.1681027,3.0,-4.0,-41.0
1776885605.1781027,-4.0,-6.0,-43.0
1776885605.1881027,-3.0,-8.0,-46.0
1776885605.1981027,-2.0,-8.0,-43.0
1776885605.2081027,-2.0,-10.0,-46.0
1776885605.2181027,-4.0,-9.0,-43.0
1776885605.2281027,-6.0,-8.0,-44.0
1776885605.238103,-2.0,-9.0,-42.0
1776885605.248103,-1.0,-6.0,-33.0
1776885605.258103,-5.0,-6.0,-37.0
1776885605.2681026,-3.0,-7.0,-39.0
1776885605.2781026,-2.0,-5.0,-44.0
1776885605.2881026,0.0,-1.0,-32.0
1776885605.2981029,9.0,-3.0,-28.0
1776885605.3081028,9.0,-3.0,-28.0
1776885605.3181028,7.0,-3.0,-26.0
1776885605.3281028,3.0,-8.0,-31.0
1776885605.3381028,4.0,-9.0,-35.0
1776885605.3481028,6.0,-7.0,-35.0
1776885605.3581028,5.0,-4.0,-36.0
1776885605.3681028,2.0,-5.0,-34.0
1776885605.3781028,2.0,-4.0,-36.0
1776885605.3881028,4.0,-4.0,-38.0
1776885605.3981028,4.0,-6.0,-36.0
1776885605.4081028,4.0,-1.0,-39.0
1776885605.4181027,5.0,0.0,-36.0
1776885605.4281027,7.0,0.0,-35.0
1776885605.4381027,4.0,3.0,-38.0
1776885605.4491026,2.0,0.0,-38.0
1776885605.4591026,3.0,-3.0,-31.0
1776885605.4691026,1.0,4.0,-34.0
1776885605.4791028,-2.0,4.0,-39.0
1776885605.4891028,0.0,4.0,-37.0
1776885605.4991028,-2.0,2.0,-42.0
1776885605.5091028,-1.0,5.0,-46.0
1776885605.5191028,1.0,9.0,-46.0
1776885605.5291028,1.0,7.0,-48.0
1776885605.5391028,3.0,13.0,-45.0
1776885605.5491028,0.0,6.0,-40.0
1776885605.5591028,-3.0,7.0,-36.0
1776885605.5691028,0.0,9.0,-40.0
1776885605.5791028,4.0,12.0,-40.0
1776885605.5891027,5.0,7.0,-40.0
1776885605.5991027,7.0,6.0,-40.0
1776885605.6091027,2.0,7.0,-44.0
1776885605.6191027,3.0,5.0,-42.0
1776885605.6291027,0.0,2.0,-42.0
1776885605.6391027,0.0,2.0,-42.0
1776885605.6491027,0.0,0.0,-43.0
1776885605.659103,-1.0,3.0,-45.0
1776885605.669103,0.0,0.0,-41.0
1776885605.679103,-5.0,0.0,-39.0
1776885605.6891026,-10.0,0.0,-35.0
1776885605.6991026,-11.0,0.0,-35.0
1776885605.7091026,-8.0,3.0,-32.0
1776885605.7191026,-2.0,3.0,-26.0
1776885605.7291028,0.0,3.0,-27.0
1776885605.7391028,-1.0,4.0,-32.0
1776885605.7491028,0.0,5.0,-31.0
1776885605.7591028,1.0,2.0,-32.0
1776885605.7691028,3.0,1.0,-38.0
1776885605.7791028,3.0,2.0,-36.0
1776885605.7891028,5.0,4.0,-38.0
1776885605.7991028,5.0,2.0,-38.0
1776885605.8091028,2.0,3.0,-36.0
1776885605.8191028,-1.0,6.0,-40.0
1776885605.8291028,1.0,4.0,-42.0
1776885605.8391027,6.0,3.0,-49.0
1776885605.8491027,6.0,0.0,-55.0
1776885605.8591027,7.0,-1.0,-54.0
1776885605.8691027,7.0,-3.0,-48.0
1776885605.8791027,8.0,-5.0,-46.0
1776885605.8891027,8.0,-9.0,-47.0
1776885605.8991027,5.0,-8.0,-39.0
1776885605.909103,3.0,-5.0,-41.0
1776885605.919103,1.0,-1.0,-40.0
1776885605.929103,0.0,-3.0,-40.0
1776885605.9391026,0.0,0.0,-41.0
1776885605.9491026,2.0,2.0,-39.0
1776885605.9591026,2.0,-1.0,-40.0
1776885605.9691026,0.0,0.0,-41.0
1776885605.9791028,2.0,5.0,-39.0
1776885605.9891028,5.0,2.0,-42.0
1776885605.9991028,2.0,1.0,-42.0
1776885606.0091028,3.0,3.0,-41.0
1776885606.0191028,0.0,5.0,-44.0
1776885606.0291028,2.0,1.0,-50.0
1776885606.0391028,3.0,-1.0,-54.0
1776885606.0491028,2.0,2.0,-59.0
1776885606.0591028,1.0,-1.0,-57.0
1776885606.0691028,2.0,1.0,-58.0
1776885606.0791028,0.0,5.0,-60.0
1776885606.0891027,0.0,7.0,-51.0
1776885606.0991027,0.0,3.0,-40.0
1776885606.1091027,2.0,-3.0,-34.0
1776885606.1191027,0.0,-3.0,-29.0
1776885606.1291027,2.0,-1.0,-30.0
1776885606.1391027,4.0,0.0,-21.0
1776885606.1491027,8.0,-2.0,-26.0
1776885606.159103,7.0,-4.0,-35.0
1776885606.169103,7.0,-3.0,-32.0
1776885606.179103,8.0,-4.0,-31.0
1776885606.1891026,6.0,-7.0,-41.0
1776885606.1991026,3.0,-6.0,-40.0
1776885606.2091026,-1.0,-5.0,-45.0
1776885606.2191026,-2.0,-5.0,-43.0
1776885606.2291028,-2.0,-4.0,-40.0
1776885606.2391028,0.0,-3.0,-38.0
1776885606.2491028,1.0,-2.0,-44.0
1776885606.2591028,1.0,-6.0,-48.0
1776885606.2691028,1.0,-3.0,-48.0
1776885606.2791028,-4.0,-3.0,-43.0
1776885606.2891028,-3.0,0.0,-48.0
1776885606.2991028,-3.0,0.0,-44.0
1776885606.3091028,-4.0,-3.0,-42.0
1776885606.3191028,-2.0,-3.0,-47.0
1776885606.3291028,-2.0,-5.0,-46.0
1776885606.3391027,-2.0,-4.0,-55.0
1776885606.3491027,-2.0,-6.0,-56.0
1776885606.3591027,-4.0,-7.0,-54.0
1776885606.3691027,-4.0,-5.0,-50.0
1776885606.3791027,-7.0,-5.0,-49.0
1776885606.3891027,-6.0,-4.0,-51.0
1776885606.3991027,-5.0,-5.0,-59.0
1776885606.409103,-6.0,-9.0,-61.0
1776885606.419103,-5.0,-4.0,-52.0
1776885606.429103,-2.0,0.0,-41.0
1776885606.4391026,-1.0,1.0,-38.0
1776885606.4491026,-1.0,-3.0,-41.0
1776885606.4591026,0.0,-8.0,-42.0
1776885606.4691026,0.0,-8.0,-46.0
1776885606.4791028,-2.0,-5.0,-46.0
1776885606.4891028,0.0,-1.0,-39.0
1776885606.4991028,0.0,0.0,-38.0
1776885606.5091028,-2.0,-1.0,-33.0
1776885606.5191028,-2.0,-6.0,-39.0
1776885606.5291028,-2.0,-3.0,-32.0
1776885606.5391028,0.0,-1.0,-36.0
1776885606.5491028,0.0,-1.0,-32.0
1776885606.5591028,-4.0,1.0,-27.0
1776885606.5691028,-6.0,0.0,-31.0
1776885606.5791028,-1.0,0.0,-35.0
1776885606.5891027,-3.0,-5.0,-35.0
1776885606.5991027,-7.0,-4.0,-38.0
1776885606.6091027,-3.0,-6.0,-38.0
1776885606.6191027,-2.0,-10.0,-44.0
1776885606.6291027,0.0,-13.0,-48.0
1776885606.6391027,1.0,-12.0,-46.0
1776885606.6491027,0.0,-7.0,-47.0
1776885606.659103,0.0,-3.0,-52.0
1776885606.669103,-2.0,1.0,-49.0
1776885606.679103,0.0,1.0,-45.0
1776885606.6891026,-2.0,3.0,-43.0
1776885606.6991026,2.0,0.0,-43.0
1776885606.7091026,2.0,-1.0,-48.0
1776885606.7191026,2.0,-2.0,-36.0
1776885606.7291028,4.0,-5.0,-38.0
1776885606.7391028,0.0,-2.0,-40.0
1776885606.7491028,2.0,-2.0,-44.0
1776885606.7591028,0.0,2.0,-43.0
1776885606.7691028,-1.0,4.0,-48.0
1776885606.7791028,-2.0,4.0,-55.0
1776885606.7891028,-4.0,2.0,-54.0
1776885606.7991028,-2.0,4.0,-48.0
1776885606.8091028,0.0,0.0,-40.0
1776885606.8191028,0.0,0.0,-42.0
1776885606.8291028,-4.0,-2.0,-39.0
1776885606.8391027,-4.0,-1.0,-42.0
1776885606.8491027,-2.0,0.0,-39.0
1776885606.8591027,0.0,3.0,-40.0
1776885606.8691027,0.0,0.0,-39.0
1776885606.8791027,-3.0,0.0,-40.0
1776885606.8891027,-5.0,1.0,-44.0
1776885606.8991027,-3.0,0.0,-40.0
1776885606.909103,-3.0,-5.0,-45.0
1776885606.919103,-5.0,-7.0,-49.0
1776885606.929103,-3.0,-4.0,-48.0
1776885606.9391026,-1.0,-3.0,-48.0
1776885606.9491026,0.0,-1.0,-48.0
1776885606.9591026,0.0,0.0,-44.0
1776885606.9691026,2.0,-6.0,-41.0
1776885606.9791028,1.0,-3.0,-42.0
1776885606.9891028,-4.0,0.0,-37.0
1776885606.9991028,-7.0,1.0,-34.0
1776885607.0091028,-6.0,0.0,-35.0
1776885607.0191028,0.0,-1.0,-37.0
1776885607.0291028,4.0,0.0,-43.0
1776885607.0391028,2.0,1.0,-40.0
1776885607.0491028,0.0,-1.0,-40.0
1776885607.0591028,3.0,-1.0,-32.0
1776885607.0691028,11.0,-2.0,-34.0
1776885607.0791028,11.0,-2.0,-43.0
1776885607.0891027,6.0,1.0,-46.0
1776885607.0991027,3.0,0.0,-39.0
1776885607.1091027,3.0,2.0,-38.0
1776885607.1191027,2.0,2.0,-37.0
1776885607.1291027,4.0,3.0,-46.0
1776885607.1391027,6.0,2.0,-42.0
1776885607.1491027,1.0,1.0,-39.0
1776885607.159103,1.0,1.0,-41.0
1776885607.169103,1.0,-4.0,-48.0
1776885607.179103,-4.0,-8.0,-52.0
1776885607.1891026,-6.0,-10.0,-48.0
1776885607.1991026,-3.0,-8.0,-43.0
1776885607.2091026,2.0,-4.0,-48.0
1776885607.2191026,2.0,-4.0,-50.0
1776885607.2291028,2.0,-1.0,-46.0
1776885607.2391028,1.0,-2.0,-45.0
1776885607.2491028,0.0,-6.0,-46.0
1776885607.2591028,-1.0,-6.0,-43.0
1776885607.2691028,-2.0,-9.0,-44.0
1776885607.2791028,0.0,-11.0,-41.0
1776885607.2891028,-1.0,-14.0,-39.0
1776885607.2991028,-8.0,-14.0,-40.0
1776885607.3091028,-6.0,-13.0,-42.0
1776885607.3191028,-7.0,-10.0,-47.0
1776885607.3291028,-6.0,-3.0,-42.0
1776885607.3391027,-1.0,-1.0,-45.0
1776885607.3491027,5.0,1.0,-46.0
1776885607.3591027,8.0,5.0,-53.0
1776885607.3691027,10.0,3.0,-46.0
1776885607.3791027,10.0,2.0,-44.0
1776885607.3891027,1.0,1.0,-49.0
1776885607.3991027,-2.0,-2.0,-46.0
1776885607.409103,0.0,0.0,-39.0
1776885607.419103,4.0,-1.0,-44.0
1776885607.4301028,7.0,-2.0,-41.0
1776885607.4401028,0.0,2.0,-42.0
1776885607.4501028,-3.0,0.0,-42.0
1776885607.4601028,0.0,0.0,-40.0
1776885607.4701028,2.0,-2.0,-43.0
1776885607.4801028,1.0,-1.0,-45.0
1776885607.4901028,4.0,-2.0,-44.0
1776885607.5001028,-2.0,-1.0,-37.0
1776885607.5101027,-4.0,-6.0,-37.0
1776885607.5201027,-7.0,-8.0,-41.0
1776885607.5301027,-7.0,-4.0,-45.0
1776885607.5401027,-2.0,-3.0,-42.0
1776885607.5501027,-3.0,0.0,-44.0
1776885607.5601027,3.0,0.0,-44.0
1776885607.5701027,4.0,-4.0,-36.0
1776885607.5801027,4.0,-11.0,-41.0
1776885607.590103,6.0,-11.0,-42.0
1776885607.600103,8.0,-7.0,-49.0
1776885607.610103,6.0,-8.0,-54.0
1776885607.6201026,3.0,-7.0,-50.0
1776885607.6301026,2.0,-2.0,-43.0
1776885607.6401026,0.0,0.0,-36.0
1776885607.6501029,-3.0,-2.0,-34.0
1776885607.6601028,-5.0,-1.0,-33.0
1776885607.6701028,-1.0,-2.0,-30.0
1776885607.6801028,0.0,-2.0,-36.0
1776885607.6901028,0.0,-2.0,-34.0
1776885607.7001028,1.0,-3.0,-31.0
1776885607.7101028,1.0,-5.0,-31.0
1776885607.7201028,-1.0,-6.0,-35.0
1776885607.7301028,-2.0,-5.0,-40.0
1776885607.7401028,0.0,-4.0,-41.0
1776885607.7501028,-2.0,-7.0,-38.0
1776885607.7601027,0.0,-6.0,-38.0
1776885607.7701027,4.0,-8.0,-41.0
1776885607.7801027,6.0,-6.0,-43.0
1776885607.7901027,7.0,-6.0,-47.0
1776885607.8001027,6.0,-5.0,-53.0
1776885607.8101027,4.0,-4.0,-54.0
1776885607.8201027,3.0,-5.0,-57.0
1776885607.8301027,0.0,-5.0,-53.0
1776885607.840103,-1.0,-7.0,-51.0
1776885607.850103,-1.0,-5.0,-48.0
1776885607.860103,1.0,-5.0,-52.0
1776885607.8701026,3.0,-4.0,-56.0
1776885607.8801026,2.0,0.0,-51.0
1776885607.8901026,6.0,-1.0,-52.0
1776885607.9001029,2.0,-5.0,-42.0
1776885607.9101028,3.0,-4.0,-34.0
1776885607.9201028,0.0,-2.0,-33.0
1776885607.9301028,-3.0,-4.0,-36.0
1776885607.9401028,-2.0,-9.0,-36.0
1776885607.9501028,-4.0,-7.0,-36.0
1776885607.9601028,0.0,-6.0,-35.0
1776885607.9701028,-1.0,-3.0,-37.0
1776885607.9801028,-2.0,-4.0,-29.0
1776885607.9901028,-5.0,-6.0,-27.0
1776885608.0001028,-2.0,-7.0,-30.0
1776885608.0101027,-2.0,-7.0,-37.0
1776885608.0201027,3.0,-4.0,-44.0
1776885608.0301027,0.0,-3.0,-46.0
1776885608.0401027,-1.0,0.0,-49.0
1776885608.0501027,1.0,2.0,-50.0
1776885608.0601027,2.0,2.0,-57.0
1776885608.0701027,1.0,3.0,-63.0
1776885608.0801027,0.0,1.0,-61.0
1776885608.090103,0.0,0.0,-59.0
1776885608.100103,7.0,0.0,-58.0
1776885608.110103,7.0,0.0,-51.0
1776885608.1201026,6.0,1.0,-40.0
1776885608.1301026,5.0,1.0,-32.0
1776885608.1401026,5.0,0.0,-33.0
1776885608.1501029,5.0,0.0,-36.0
1776885608.1601028,1.0,-1.0,-43.0
1776885608.1701028,-1.0,3.0,-39.0
1776885608.1801028,-2.0,1.0,-41.0
1776885608.1901028,-4.0,0.0,-42.0
1776885608.2001028,-1.0,2.0,-40.0
1776885608.2101028,0.0,-1.0,-41.0
1776885608.2201028,1.0,-1.0,-50.0
1776885608.2301028,-1.0,-1.0,-41.0
1776885608.2401028,-6.0,-4.0,-40.0
1776885608.2501028,-7.0,-6.0,-39.0
1776885608.2601027,-3.0,-4.0,-34.0
1776885608.2701027,-2.0,0.0,-31.0
1776885608.2801027,-2.0,-2.0,-34.0
1776885608.2901027,-3.0,-2.0,-32.0
1776885608.3001027,-4.0,-6.0,-37.0
1776885608.3101027,0.0,-4.0,-37.0
1776885608.3201027,1.0,0.0,-36.0
1776885608.3301027,1.0,-2.0,-37.0
1776885608.340103,3.0,0.0,-33.0
1776885608.350103,5.0,-3.0,-41.0
1776885608.360103,3.0,-4.0,-33.0
1776885608.3701026,3.0,-3.0,-32.0
1776885608.3801026,5.0,-7.0,-30.0
1776885608.3901026,1.0,-8.0,-38.0
1776885608.4001029,1.0,-5.0,-48.0
1776885608.4101028,-2.0,-5.0,-45.0
1776885608.4201028,2.0,-4.0,-46.0
1776885608.4301028,0.0,-3.0,-53.0
1776885608.4401028,4.0,-5.0,-49.0
1776885608.4501028,4.0,-4.0,-51.0
1776885608.4601028,9.0,-3.0,-42.0
1776885608.4701028,7.0,-3.0,-47.0
1776885608.4801028,5.0,1.0,-46.0
1776885608.4901028,8.0,-2.0,-48.0
1776885608.5001028,5.0,0.0,-44.0
1776885608.5101027,7.0,0.0,-45.0
1776885608.5201027,4.0,1.0,-39.0
1776885608.5301027,1.0,0.0,-36.0
1776885608.5401027,2.0,-1.0,-37.0
1776885608.5501027,3.0,1.0,-34.0
1776885608.5601027,6.0,1.0,-38.0
1776885608.5701027,6.0,-1.0,-45.0
1776885608.5801027,9.0,-6.0,-46.0
1776885608.590103,15.0,-7.0,-45.0
1776885608.600103,11.0,-4.0,-44.0
1776885608.610103,4.0,-3.0,-36.0
1776885608.6201026,4.0,-2.0,-33.0
1776885608.6301026,4.0,-4.0,-41.0
1776885608.6401026,1.0,-5.0,-47.0
1776885608.6501029,2.0,-2.0,-47.0
1776885608.6601028,2.0,-1.0,-48.0
1776885608.6701028,-2.0,-2.0,-41.0
1776885608.6801028,-2.0,-1.0,-39.0
1776885608.6901028,-3.0,0.0,-35.0
1776885608.7001028,-2.0,-2.0,-40.0
1776885608.7101028,-2.0,-6.0,-47.0
1776885608.7201028,-3.0,-5.0,-48.0
1776885608.7301028,-3.0,-6.0,-47.0
1776885608.7401028,-4.0,-5.0,-43.0
1776885608.7501028,-5.0,-3.0,-36.0
1776885608.7601027,-2.0,-4.0,-30.0
1776885608.7701027,-2.0,-2.0,-36.0
1776885608.7801027,-1.0,-2.0,-43.0
1776885608.7901027,2.0,0.0,-42.0
1776885608.8001027,3.0,-1.0,-41.0
1776885608.8101027,3.0,-1.0,-40.0
1776885608.8201027,1.0,-2.0,-37.0
1776885608.8301027,4.0,-2.0,-35.0
1776885608.840103,6.0,-7.0,-34.0
1776885608.850103,5.0,-7.0,-36.0
1776885608.860103,5.0,-8.0,-45.0
1776885608.8701026,5.0,-9.0,-50.0
1776885608.8801026,12.0,-8.0,-45.0
1776885608.8901026,8.0,-2.0,-40.0
1776885608.9001029,0.0,0.0,-42.0
1776885608.9101028,0.0,-1.0,-41.0
1776885608.9201028,-4.0,-2.0,-37.0
1776885608.9301028,-4.0,-3.0,-35.0
1776885608.9401028,-4.0,-1.0,-43.0
1776885608.9501028,-4.0,0.0,-44.0
1776885608.9601028,-6.0,-1.0,-43.0
1776885608.9701028,-3.0,-1.0,-44.0
1776885608.9801028,-4.0,2.0,-46.0
1776885608.9901028,-2.0,0.0,-47.0
1776885609.0001028,-5.0,1.0,-49.0
1776885609.0101027,-6.0,0.0,-49.0
1776885609.0201027,-4.0,4.0,-46.0
1776885609.0301027,-4.0,3.0,-44.0
1776885609.0401027,-7.0,1.0,-44.0
1776885609.0501027,0.0,1.0,-42.0
1776885609.0601027,2.0,0.0,-44.0
1776885609.0701027,2.0,3.0,-46.0
1776885609.0801027,0.0,6.0,-48.0
1776885609.090103,-3.0,3.0,-49.0
1776885609.100103,1.0,3.0,-44.0
1776885609.110103,1.0,5.0,-40.0
1776885609.1201026,-4.0,3.0,-34.0
1776885609.1301026,0.0,3.0,-45.0
1776885609.1401026,0.0,6.0,-51.0
1776885609.1501029,1.0,9.0,-51.0
1776885609.1601028,0.0,4.0,-54.0
1776885609.1701028,-1.0,1.0,-53.0
1776885609.1801028,1.0,1.0,-47.0
1776885609.1901028,0.0,4.0,-42.0
1776885609.2001028,2.0,4.0,-37.0
1776885609.2101028,0.0,4.0,-38.0
1776885609.2201028,3.0,4.0,-42.0
1776885609.2301028,3.0,0.0,-41.0
1776885609.2401028,0.0,-1.0,-43.0
1776885609.2501028,0.0,2.0,-43.0
1776885609.2601027,-1.0,4.0,-50.0
1776885609.2701027,-4.0,-3.0,-49.0
1776885609.2801027,-3.0,-4.0,-47.0
1776885609.2901027,-4.0,-5.0,-46.0
1776885609.3001027,-6.0,-2.0,-46.0
1776885609.3101027,-2.0,-7.0,-41.0
1776885609.3201027,0.0,-6.0,-45.0
1776885609.3301027,0.0,-6.0,-44.0
1776885609.340103,1.0,-1.0,-42.0
1776885609.350103,0.0,0.0,-38.0
1776885609.360103,-4.0,-2.0,-37.0
1776885609.3701026,-2.0,-5.0,-40.0
1776885609.3801026,0.0,-6.0,-40.0
1776885609.3901026,0.0,-8.0,-42.0
1776885609.4001029,-2.0,-7.0,-46.0
1776885609.4111028,1.0,-4.0,-42.0
1776885609.4201028,-3.0,-4.0,-45.0
1776885609.4301028,0.0,-4.0,-43.0
1776885609.4401028,4.0,-8.0,-46.0
1776885609.4511027,6.0,-8.0,-45.0
1776885609.4611027,6.0,-7.0,-46.0
1776885609.4711027,0.0,-4.0,-50.0
1776885609.4811027,0.0,-5.0,-51.0
1776885609.4911027,-1.0,-6.0,-49.0
1776885609.5011027,0.0,-5.0,-52.0
1776885609.511103,-2.0,-4.0,-46.0
1776885609.521103,0.0,0.0,-39.0
1776885609.531103,0.0,0.0,-34.0
1776885609.5411026,2.0,3.0,-36.0
1776885609.5511026,0.0,5.0,-40.0
1776885609.5611026,2.0,5.0,-34.0
1776885609.5711029,2.0,1.0,-35.0
1776885609.5811028,2.0,2.0,-39.0
1776885609.5911028,1.0,0.0,-38.0
1776885609.6011028,5.0,0.0,-44.0
1776885609.6111028,3.0,0.0,-51.0
1776885609.6211028,5.0,-3.0,-43.0
1776885609.6311028,0.0,-5.0,-39.0
1776885609.6411028,-1.0,-2.0,-42.0
1776885609.6511028,2.0,-4.0,-45.0
1776885609.6611028,9.0,-4.0,-45.0
1776885609.6711028,8.0,-2.0,-36.0
1776885609.6811028,2.0,-1.0,-34.0
1776885609.6911027,2.0,-1.0,-40.0
1776885609.7011027,0.0,0.0,-43.0
1776885609.7111027,2.0,-2.0,-47.0
1776885609.7211027,3.0,-3.0,-45.0
1776885609.7311027,6.0,0.0,-50.0
1776885609.7411027,3.0,-2.0,-54.0
1776885609.7511027,0.0,0.0,-49.0
1776885609.761103,2.0,2.0,-45.0
1776885609.771103,2.0,2.0,-47.0
1776885609.781103,3.0,4.0,-48.0
1776885609.7911026,1.0,10.0,-44.0
1776885609.8011026,2.0,4.0,-44.0
1776885609.8111026,1.0,1.0,-39.0
1776885609.8211029,1.0,0.0,-46.0
1776885609.8311028,-3.0,-3.0,-46.0
1776885609.8411028,3.0,-3.0,-46.0
1776885609.8511028,3.0,-5.0,-44.0
1776885609.8611028,0.0,-7.0,-43.0
1776885609.8711028,4.0,-3.0,-35.0
1776885609.8811028,7.0,0.0,-41.0
1776885609.8911028,7.0,-2.0,-42.0
1776885609.9011028,7.0,0.0,-40.0
1776885609.9111028,3.0,0.0,-32.0
1776885609.9211028,5.0,1.0,-33.0
1776885609.9311028,5.0,1.0,-33.0
1776885609.9411027,5.0,5.0,-29.0
1776885609.9511027,4.0,5.0,-34.0
1776885609.9611027,2.0,3.0,-39.0
1776885609.9711027,0.0,0.0,-37.0
1776885609.9811027,2.0,-2.0,-37.0
1776885609.9911027,0.0,-6.0,-37.0
1776885610.0011027,0.0,-6.0,-34.0
1776885610.011103,1.0,-5.0,-36.0
1776885610.021103,-1.0,-5.0,-40.0
1776885610.031103,-2.0,-5.0,-48.0
1776885610.0411026,1.0,-5.0,-45.0
1776885610.0511026,0.0,-5.0,-46.0
1776885610.0611026,0.0,-5.0,-44.0
1776885610.0711029,0.0,-2.0,-44.0
1776885610.0811028,-1.0,-2.0,-44.0
1776885610.0911028,-6.0,0.0,-44.0
1776885610.1011028,-9.0,0.0,-52.0
1776885610.1111028,-12.0,-2.0,-52.0
1776885610.1211028,-12.0,-2.0,-48.0
1776885610.1311028,-10.0,-1.0,-48.0
1776885610.1411028,-7.0,-3.0,-52.0
1776885610.1511028,-4.0,-6.0,-50.0
1776885610.1611028,6.0,-7.0,-49.0
1776885610.1711028,8.0,-2.0,-54.0
1776885610.1811028,7.0,0.0,-52.0
1776885610.1911027,11.0,1.0,-48.0
1776885610.2011027,4.0,-3.0,-42.0
1776885610.2111027,3.0,-2.0,-44.0
1776885610.2211027,4.0,-4.0,-49.0
1776885610.2311027,5.0,-5.0,-48.0
1776885610.2411027,6.0,-3.0,-42.0
1776885610.2511027,2.0,-2.0,-42.0
1776885610.261103,2.0,0.0,-42.0
1776885610.271103,1.0,2.0,-43.0
1776885610.281103,7.0,-4.0,-45.0
1776885610.2911026,7.0,-12.0,-45.0
1776885610.3011026,4.0,-11.0,-38.0
1776885610.3111026,3.0,-7.0,-34.0
1776885610.3211029,1.0,-1.0,-31.0
1776885610.3311028,-4.0,1.0,-34.0
1776885610.3411028,-5.0,1.0,-39.0
1776885610.3511028,0.0,0.0,-44.0
1776885610.3611028,2.0,0.0,-48.0
1776885610.3711028,3.0,2.0,-44.0
1776885610.3811028,-1.0,3.0,-44.0
1776885610.3911028,0.0,4.0,-48.0
1776885610.4011028,-1.0,3.0,-45.0
1776885610.4111028,-3.0,5.0,-39.0
1776885610.4211028,-2.0,6.0,-45.0
1776885610.4311028,0.0,5.0,-45.0
1776885610.4411027,2.0,3.0,-49.0
1776885610.4511027,3.0,4.0,-52.0
1776885610.4611027,3.0,7.0,-47.0
1776885610.4711027,4.0,4.0,-42.0
1776885610.4811027,4.0,2.0,-40.0
1776885610.4911027,-1.0,0.0,-41.0
1776885610.5011027,-5.0,0.0,-39.0
1776885610.511103,-1.0,1.0,-42.0
1776885610.521103,2.0,3.0,-44.0
1776885610.531103,4.0,-1.0,-45.0
1776885610.5411026,4.0,-4.0,-45.0
1776885610.5511026,2.0,-7.0,-42.0
1776885610.5611026,4.0,-7.0,-48.0
1776885610.5711029,4.0,-7.0,-48.0
1776885610.5811028,4.0,-4.0,-51.0
1776885610.5911028,10.0,0.0,-49.0
1776885610.6011028,15.0,0.0,-44.0
1776885610.6111028,13.0,0.0,-47.0
1776885610.6211028,5.0,-3.0,-49.0
1776885610.6311028,3.0,0.0,-42.0
1776885610.6411028,1.0,2.0,-41.0
1776885610.6511028,2.0,3.0,-49.0
1776885610.6611028,3.0,0.0,-47.0
1776885610.6711028,8.0,-4.0,-42.0
1776885610.6811028,10.0,-1.0,-35.0
1776885610.6911027,6.0,0.0,-41.0
1776885610.7011027,0.0,0.0,-41.0
1776885610.7111027,0.0,-2.0,-36.0
1776885610.7211027,-4.0,-5.0,-40.0
1776885610.7311027,-6.0,-8.0,-27.0
1776885610.7411027,-9.0,-7.0,-31.0
1776885610.7511027,-10.0,-3.0,-29.0
1776885610.761103,-9.0,0.0,-34.0
1776885610.771103,-5.0,-3.0,-37.0
1776885610.781103,0.0,-3.0,-41.0
1776885610.7911026,-1.0,0.0,-42.0
1776885610.8011026,0.0,0.0,-43.0
1776885610.8111026,-2.0,-1.0,-40.0
1776885610.8211029,-5.0,-5.0,-43.0
1776885610.8311028,-5.0,-3.0,-44.0
1776885610.8411028,-2.0,-3.0,-37.0
1776885610.8511028,1.0,-4.0,-35.0
1776885610.8611028,-1.0,-3.0,-34.0
1776885610.8711028,-2.0,0.0,-35.0
1776885610.8811028,-4.0,0.0,-29.0
1776885610.8911028,0.0,1.0,-34.0
1776885610.9011028,0.0,4.0,-38.0
1776885610.9111028,-2.0,1.0,-38.0
1776885610.9211028,-2.0,3.0,-39.0
1776885610.9311028,5.0,0.0,-34.0
1776885610.9411027,5.0,0.0,-34.0
1776885610.9511027,3.0,-1.0,-37.0
1776885610.9611027,1.0,-2.0,-42.0
1776885610.9711027,2.0,-2.0,-37.0
1776885610.9811027,4.0,-4.0,-37.0
1776885610.9911027,4.0,-3.0,-39.0
1776885611.0011027,5.0,-5.0,-38.0
1776885611.011103,5.0,0.0,-30.0
1776885611.021103,7.0,3.0,-31.0
1776885611.031103,8.0,5.0,-27.0
1776885611.0411026,5.0,-1.0,-23.0
1776885611.0511026,6.0,-1.0,-22.0
1776885611.0611026,2.0,-1.0,-26.0
1776885611.0711029,3.0,0.0,-34.0
1776885611.0811028,0.0,-2.0,-35.0
1776885611.0911028,-1.0,-2.0,-33.0
1776885611.1011028,-1.0,-1.0,-25.0
1776885611.1111028,-1.0,1.0,-25.0
1776885611.1211028,-3.0,1.0,-33.0
1776885611.1311028,-3.0,1.0,-32.0
1776885611.1411028,-4.0,3.0,-34.0
1776885611.1511028,0.0,6.0,-32.0
1776885611.1611028,-1.0,7.0,-32.0
1776885611.1711028,0.0,8.0,-33.0
1776885611.1811028,0.0,6.0,-35.0
1776885611.1911027,-3.0,5.0,-39.0
1776885611.2011027,-2.0,1.0,-42.0
1776885611.2111027,-5.0,-2.0,-43.0
1776885611.2211027,-4.0,-5.0,-42.0
1776885611.2311027,-2.0,-5.0,-36.0
1776885611.2411027,3.0,-5.0,-36.0
1776885611.2511027,2.0,-5.0,-37.0
1776885611.261103,3.0,-5.0,-37.0
1776885611.271103,4.0,-4.0,-43.0
1776885611.281103,7.0,-3.0,-43.0
1776885611.2911026,7.0,-1.0,-37.0
1776885611.3011026,7.0,1.0,-31.0
1776885611.3111026,4.0,0.0,-33.0
1776885611.3211029,0.0,0.0,-38.0
1776885611.3311028,0.0,-2.0,-40.0
1776885611.3411028,2.0,-3.0,-40.0
1776885611.3511028,0.0,1.0,-34.0
1776885611.3611028,-2.0,-1.0,-34.0
1776885611.3711028,-1.0,-1.0,-32.0
1776885611.3821027,3.0,-2.0,-34.0
1776885611.3911028,4.0,0.0,-36.0
1776885611.4021027,3.0,2.0,-39.0
1776885611.4121027,3.0,0.0,-45.0
1776885611.4211028,3.0,-1.0,-43.0
1776885611.4311028,1.0,0.0,-39.0
1776885611.442103,2.0,-4.0,-38.0
1776885611.452103,5.0,-1.0,-41.0
1776885611.462103,3.0,0.0,-41.0
1776885611.4721026,3.0,2.0,-43.0
1776885611.4811027,3.0,2.0,-47.0
1776885611.4921026,2.0,6.0,-44.0
1776885611.5021029,0.0,4.0,-41.0
1776885611.5121028,2.0,1.0,-46.0
1776885611.5221028,-1.0,0.0,-50.0
1776885611.5321028,-1.0,-4.0,-43.0
1776885611.5421028,1.0,-5.0,-42.0
1776885611.5521028,0.0,-1.0,-38.0
1776885611.5621028,0.0,1.0,-36.0
1776885611.5721028,-1.0,0.0,-39.0
1776885611.5821028,0.0,-3.0,-48.0
1776885611.5921028,-2.0,0.0,-51.0
1776885611.6021028,-4.0,3.0,-46.0
1776885611.6121027,-2.0,3.0,-42.0
1776885611.6221027,-2.0,0.0,-39.0
1776885611.6321027,0.0,3.0,-48.0
1776885611.6421027,2.0,2.0,-54.0
1776885611.6521027,1.0,4.0,-58.0
1776885611.6621027,3.0,3.0,-58.0
1776885611.6721027,5.0,3.0,-56.0
1776885611.682103,4.0,0.0,-55.0
1776885611.692103,5.0,3.0,-51.0
1776885611.702103,0.0,6.0,-51.0
1776885611.712103,-4.0,5.0,-53.0
1776885611.7221026,0.0,2.0,-53.0
1776885611.7321026,-1.0,0.0,-53.0
1776885611.7421026,0.0,1.0,-51.0
1776885611.7521029,-2.0,2.0,-52.0
1776885611.7621028,0.0,6.0,-52.0
1776885611.7721028,0.0,3.0,-46.0
1776885611.7821028,-3.0,4.0,-46.0
1776885611.7921028,0.0,1.0,-41.0
1776885611.8021028,-4.0,2.0,-44.0
1776885611.8121028,-4.0,2.0,-40.0
1776885611.8221028,3.0,4.0,-39.0
1776885611.8321028,7.0,2.0,-36.0
1776885611.8421028,3.0,0.0,-32.0
1776885611.8521028,3.0,1.0,-33.0
1776885611.8621027,2.0,0.0,-35.0
1776885611.8721027,-1.0,-1.0,-32.0
1776885611.8821027,0.0,-2.0,-35.0
1776885611.8921027,-1.0,-3.0,-37.0
1776885611.9021027,-1.0,0.0,-36.0
1776885611.9121027,0.0,-1.0,-30.0
1776885611.9221027,1.0,0.0,-29.0
1776885611.932103,0.0,-4.0,-30.0
1776885611.942103,0.0,-4.0,-25.0
1776885611.952103,1.0,-5.0,-24.0
1776885611.962103,0.0,0.0,-19.0
1776885611.9721026,-1.0,0.0,-24.0
1776885611.9821026,0.0,0.0,-34.0
1776885611.9921026,0.0,0.0,-41.0
1776885612.0021029,0.0,0.0,-44.0
1776885612.0121028,1.0,-4.0,-42.0
1776885612.0221028,-1.0,-2.0,-37.0
1776885612.0321028,0.0,-6.0,-43.0
1776885612.0421028,0.0,-6.0,-36.0
1776885612.0521028,-3.0,-8.0,-37.0
1776885612.0621028,-3.0,-10.0,-41.0
1776885612.0721028,-4.0,-8.0,-45.0
1776885612.0821028,-3.0,-4.0,-49.0
1776885612.0921028,-2.0,-6.0,-46.0
1776885612.1021028,0.0,-2.0,-40.0
1776885612.1121027,1.0,-4.0,-32.0
1776885612.1221027,-1.0,-1.0,-38.0
1776885612.1321027,-3.0,-3.0,-44.0
1776885612.1421027,0.0,-1.0,-47.0
1776885612.1521027,0.0,-5.0,-44.0
1776885612.1621027,-4.0,-5.0,-44.0
1776885612.1721027,-6.0,-6.0,-46.0
1776885612.182103,-3.0,-3.0,-44.0
1776885612.192103,0.0,0.0,-39.0
1776885612.202103,3.0,1.0,-39.0
1776885612.212103,0.0,2.0,-33.0
1776885612.2221026,-5.0,-1.0,-35.0
1776885612.2321026,-4.0,-5.0,-33.0
1776885612.2421026,-2.0,-2.0,-33.0
1776885612.2521029,1.0,-4.0,-37.0
1776885612.2621028,-1.0,-3.0,-37.0
1776885612.2721028,-4.0,0.0,-39.0
1776885612.2821028,-5.0,-1.0,-37.0
1776885612.2921028,-4.0,0.0,-42.0
1776885612.3021028,-5.0,1.0,-44.0
1776885612.3121028,-4.0,1.0,-45.0
1776885612.3221028,-2.0,5.0,-45.0
1776885612.3321028,0.0,6.0,-39.0
1776885612.3421028,-1.0,5.0,-41.0
1776885612.3521028,-1.0,0.0,-42.0
1776885612.3621027,-6.0,0.0,-44.0
1776885612.3721027,-7.0,-1.0,-41.0
1776885612.3821027,-5.0,2.0,-39.0
1776885612.3921027,-6.0,3.0,-39.0
1776885612.4021027,0.0,-1.0,-37.0
1776885612.4121027,0.0,-2.0,-44.0
1776885612.4221027,-1.0,-2.0,-46.0
1776885612.432103,-3.0,-3.0,-48.0
1776885612.442103,-4.0,-5.0,-50.0
1776885612.452103,-3.0,0.0,-43.0
1776885612.462103,-2.0,-1.0,-46.0
1776885612.4721026,-4.0,0.0,-39.0
1776885612.4821026,-5.0,1.0,-36.0
1776885612.4921026,-6.0,0.0,-35.0
1776885612.5021029,-7.0,-2.0,-33.0
1776885612.5121028,-7.0,-1.0,-34.0
1776885612.5221028,-5.0,0.0,-34.0
1776885612.5321028,-4.0,-3.0,-40.0
1776885612.5421028,-4.0,-5.0,-43.0
1776885612.5521028,-9.0,-3.0,-51.0
1776885612.5621028,-9.0,-6.0,-50.0
1776885612.5721028,-6.0,-1.0,-44.0
1776885612.5821028,-9.0,-4.0,-43.0
1776885612.5921028,-4.0,-7.0,-39.0
1776885612.6021028,0.0,-7.0,-34.0
1776885612.6121027,0.0,-6.0,-41.0
1776885612.6221027,2.0,-6.0,-44.0
1776885612.6321027,1.0,-5.0,-51.0
1776885612.6421027,2.0,-4.0,-52.0
1776885612.6521027,2.0,-7.0,-46.0
1776885612.6621027,1.0,-6.0,-47.0
1776885612.6721027,2.0,-5.0,-40.0
1776885612.682103,3.0,-6.0,-32.0
1776885612.692103,3.0,-1.0,-35.0
1776885612.702103,3.0,0.0,-33.0
1776885612.712103,4.0,0.0,-36.0
1776885612.7221026,2.0,0.0,-38.0
1776885612.7321026,1.0,0.0,-35.0
1776885612.7421026,-2.0,-3.0,-39.0
1776885612.7521029,-2.0,0.0,-40.0
1776885612.7621028,-2.0,-1.0,-41.0
1776885612.7721028,-4.0,1.0,-36.0
1776885612.7821028,-5.0,-1.0,-32.0
1776885612.7921028,-4.0,0.0,-33.0
1776885612.8021028,-4.0,-2.0,-39.0
1776885612.8121028,-3.0,0.0,-43.0
1776885612.8221028,-6.0,4.0,-41.0
1776885612.8321028,-11.0,2.0,-43.0
1776885612.8431027,-12.0,0.0,-43.0
1776885612.8521028,-12.0,-2.0,-40.0
1776885612.8621027,-10.0,0.0,-43.0
1776885612.8721027,-10.0,0.0,-44.0
1776885612.8821027,-6.0,0.0,-45.0
1776885612.8921027,-2.0,2.0,-47.0
1776885612.9021027,0.0,6.0,-49.0
1776885612.9121027,0.0,5.0,-48.0
1776885612.9221027,-1.0,6.0,-44.0
1776885612.932103,-5.0,0.0,-38.0
1776885612.942103,-4.0,0.0,-37.0
1776885612.952103,-1.0,-3.0,-42.0
1776885612.962103,0.0,-3.0,-43.0
1776885612.9721026,-1.0,-4.0,-43.0
1776885612.9821026,-2.0,-7.0,-44.0
1776885612.9921026,0.0,-5.0,-43.0
1776885613.0021029,0.0,-5.0,-44.0
1776885613.0121028,-4.0,-6.0,-44.0
1776885613.0221028,-7.0,-5.0,-51.0
1776885613.0321028,-8.0,-4.0,-53.0
1776885613.0421028,-4.0,-1.0,-53.0
1776885613.0521028,-4.0,0.0,-56.0
1776885613.0621028,-3.0,-1.0,-53.0
1776885613.0721028,-1.0,-1.0,-49.0
1776885613.0821028,-3.0,0.0,-51.0
1776885613.0921028,-8.0,2.0,-50.0
1776885613.1021028,-6.0,2.0,-51.0
1776885613.1121027,-3.0,-1.0,-48.0
1776885613.1221027,0.0,-1.0,-39.0
1776885613.1321027,1.0,2.0,-39.0
1776885613.1421027,4.0,4.0,-43.0
1776885613.1521027,6.0,1.0,-42.0
1776885613.1621027,5.0,1.0,-42.0
1776885613.1721027,1.0,-3.0,-44.0
1776885613.182103,3.0,-8.0,-41.0
1776885613.192103,0.0,-9.0,-46.0
1776885613.202103,0.0,-11.0,-50.0
1776885613.212103,-1.0,-8.0,-42.0
1776885613.2221026,5.0,-8.0,-39.0
1776885613.2321026,4.0,-7.0,-39.0
1776885613.2421026,6.0,-9.0,-42.0
1776885613.2521029,7.0,-6.0,-47.0
1776885613.2621028,5.0,-5.0,-48.0
1776885613.2721028,4.0,-5.0,-44.0
1776885613.2821028,4.0,-4.0,-44.0
1776885613.2921028,4.0,-3.0,-49.0
1776885613.3021028,6.0,-1.0,-47.0
1776885613.3121028,6.0,0.0,-49.0
1776885613.3221028,4.0,-2.0,-53.0
1776885613.3321028,4.0,-1.0,-53.0
1776885613.3421028,4.0,0.0,-51.0
1776885613.3521028,8.0,0.0,-43.0
1776885613.3621027,4.0,-3.0,-46.0
1776885613.3721027,0.0,-3.0,-42.0
1776885613.3821027,-1.0,0.0,-51.0
1776885613.3931026,-2.0,1.0,-50.0
1776885613.4031026,3.0,0.0,-53.0
1776885613.4131026,-1.0,0.0,-52.0
1776885613.4231029,0.0,0.0,-43.0
1776885613.4331028,0.0,-5.0,-39.0
1776885613.4431028,0.0,-3.0,-34.0
1776885613.4531028,0.0,-4.0,-39.0
1776885613.4631028,-1.0,-2.0,-41.0
1776885613.4731028,3.0,-4.0,-39.0
1776885613.4831028,6.0,-3.0,-32.0
1776885613.4931028,2.0,-3.0,-37.0
1776885613.5031028,3.0,0.0,-42.0
1776885613.5131028,1.0,-1.0,-46.0
1776885613.5231028,0.0,-2.0,-39.0
1776885613.5331028,4.0,0.0,-44.0
1776885613.5431027,3.0,0.0,-47.0
1776885613.5531027,7.0,1.0,-47.0
1776885613.5631027,8.0,0.0,-45.0
1776885613.5731027,2.0,-1.0,-44.0
1776885613.5831027,2.0,1.0,-44.0
1776885613.5931027,5.0,0.0,-37.0
1776885613.6031027,5.0,0.0,-33.0
1776885613.613103,1.0,6.0,-32.0
1776885613.623103,0.0,8.0,-37.0
1776885613.633103,-1.0,6.0,-39.0
1776885613.6431026,0.0,4.0,-39.0
1776885613.6531026,0.0,5.0,-41.0
1776885613.6631026,0.0,0.0,-41.0
1776885613.6731029,4.0,3.0,-43.0
1776885613.6831028,5.0,2.0,-45.0
1776885613.6931028,4.0,6.0,-47.0
1776885613.7031028,6.0,3.0,-45.0
1776885613.7131028,6.0,1.0,-47.0
1776885613.7231028,7.0,0.0,-51.0
1776885613.7331028,0.0,0.0,-53.0
1776885613.7431028,-1.0,0.0,-61.0
1776885613.7531028,-6.0,2.0,-54.0
1776885613.7631028,-6.0,0.0,-52.0
1776885613.7731028,-6.0,3.0,-52.0
1776885613.7831028,-5.0,4.0,-45.0
1776885613.7931027,-5.0,5.0,-40.0
1776885613.8031027,-4.0,4.0,-47.0
1776885613.8131027,-4.0,3.0,-48.0
1776885613.8231027,0.0,-1.0,-51.0
1776885613.8331027,-2.0,0.0,-55.0
1776885613.8431027,-5.0,-2.0,-54.0
1776885613.8531027,-8.0,-4.0,-54.0
1776885613.863103,-9.0,-1.0,-48.0
1776885613.873103,-5.0,0.0,-47.0
1776885613.883103,-7.0,0.0,-46.0
1776885613.8931026,-10.0,0.0,-47.0
1776885613.9031026,-9.0,2.0,-48.0
1776885613.9131026,-4.0,0.0,-47.0
1776885613.9231029,-5.0,3.0,-42.0
1776885613.9331028,0.0,4.0,-47.0
1776885613.9431028,0.0,-2.0,-49.0
1776885613.9531028,1.0,-2.0,-49.0
1776885613.9631028,3.0,0.0,-40.0
1776885613.9731028,0.0,-2.0,-38.0
1776885613.9831028,0.0,-1.0,-42.0
1776885613.9931028,-3.0,0.0,-40.0
1776885614.0031028,0.0,2.0,-41.0
1776885614.0131028,4.0,3.0,-35.0
1776885614.0231028,5.0,0.0,-38.0
1776885614.0331028,4.0,-2.0,-33.0
1776885614.0431027,7.0,-4.0,-36.0
1776885614.0531027,5.0,-3.0,-38.0
1776885614.0631027,7.0,-5.0,-41.0
1776885614.0731027,10.0,-7.0,-41.0
1776885614.0831027,10.0,-9.0,-39.0
1776885614.0931027,12.0,-7.0,-34.0
1776885614.1031027,9.0,-6.0,-29.0
1776885614.113103,7.0,-4.0,-37.0
1776885614.123103,8.0,-4.0,-35.0
1776885614.133103,5.0,-5.0,-38.0
1776885614.1431026,6.0,-8.0,-37.0
1776885614.1531026,5.0,-7.0,-37.0
1776885614.1631026,0.0,-3.0,-32.0
1776885614.1731029,0.0,-1.0,-29.0
1776885614.1831028,1.0,-2.0,-35.0
1776885614.1931028,1.0,0.0,-37.0
1776885614.2031028,-2.0,0.0,-34.0
1776885614.2131028,-3.0,0.0,-41.0
1776885614.2231028,-1.0,0.0,-35.0
1776885614.2331028,-2.0,0.0,-38.0
1776885614.2431028,-1.0,0.0,-40.0
1776885614.2531028,3.0,1.0,-38.0
1776885614.2631028,4.0,-3.0,-41.0
1776885614.2731028,5.0,-1.0,-36.0
1776885614.2831028,4.0,0.0,-39.0
1776885614.2931027,4.0,0.0,-35.0
1776885614.3031027,3.0,5.0,-35.0
1776885614.3131027,1.0,6.0,-32.0
1776885614.3231027,2.0,1.0,-35.0
1776885614.3331027,0.0,-2.0,-30.0
1776885614.3431027,0.0,-2.0,-38.0
1776885614.3531027,-1.0,-3.0,-37.0
1776885614.363103,-4.0,-2.0,-40.0
1776885614.373103,-1.0,-3.0,-37.0
1776885614.383103,-3.0,-2.0,-32.0
1776885614.3931026,-1.0,1.0,-31.0
1776885614.4031026,-2.0,6.0,-28.0
1776885614.4131026,-3.0,3.0,-31.0
1776885614.4231029,-2.0,7.0,-34.0
1776885614.4331028,-2.0,9.0,-39.0
1776885614.4431028,0.0,13.0,-40.0
1776885614.4531028,3.0,11.0,-35.0
1776885614.4631028,4.0,6.0,-36.0
1776885614.4731028,1.0,5.0,-40.0
1776885614.4831028,3.0,7.0,-43.0
1776885614.4931028,0.0,6.0,-44.0
1776885614.5031028,1.0,6.0,-39.0
1776885614.5131028,-1.0,5.0,-36.0
1776885614.5231028,0.0,1.0,-35.0
1776885614.5331028,0.0,1.0,-40.0
1776885614.5431027,2.0,-1.0,-42.0
1776885614.5531027,1.0,-1.0,-40.0
1776885614.5631027,1.0,1.0,-45.0
1776885614.5731027,3.0,3.0,-38.0
1776885614.5831027,3.0,1.0,-38.0
1776885614.5931027,-1.0,-1.0,-37.0
1776885614.6031027,-3.0,-1.0,-36.0
1776885614.613103,0.0,0.0,-35.0
1776885614.623103,1.0,0.0,-38.0
1776885614.633103,0.0,2.0,-40.0
1776885614.6431026,2.0,2.0,-45.0
1776885614.6531026,2.0,0.0,-53.0
1776885614.6631026,-1.0,-1.0,-53.0
1776885614.6731029,-1.0,-4.0,-49.0
1776885614.6831028,-2.0,-2.0,-46.0
1776885614.6931028,-2.0,-5.0,-44.0
1776885614.7031028,0.0,0.0,-48.0
1776885614.7131028,-1.0,-2.0,-47.0
1776885614.7231028,0.0,0.0,-42.0
1776885614.7331028,-1.0,0.0,-45.0
1776885614.7431028,-3.0,2.0,-44.0
1776885614.7531028,-2.0,6.0,-48.0
1776885614.7631028,0.0,5.0,-53.0
1776885614.7731028,-2.0,0.0,-50.0
1776885614.7831028,0.0,-2.0,-49.0
1776885614.7931027,3.0,0.0,-46.0
1776885614.8031027,6.0,1.0,-47.0
1776885614.8131027,1.0,0.0,-45.0
1776885614.8231027,6.0,2.0,-41.0
1776885614.8331027,8.0,1.0,-41.0
1776885614.8431027,5.0,0.0,-42.0
1776885614.8531027,5.0,0.0,-40.0
1776885614.863103,3.0,0.0,-36.0
1776885614.873103,3.0,2.0,-47.0
1776885614.883103,2.0,2.0,-47.0
1776885614.8931026,3.0,-1.0,-48.0
1776885614.9031026,2.0,2.0,-47.0
1776885614.9131026,2.0,3.0,-39.0
1776885614.9231029,0.0,0.0,-38.0
1776885614.9331028,-1.0,-2.0,-38.0
1776885614.9431028,-1.0,-2.0,-36.0
1776885614.9531028,2.0,0.0,-34.0
1776885614.9631028,3.0,1.0,-30.0
1776885614.9731028,1.0,0.0,-25.0
1776885614.9831028,0.0,0.0,-29.0
1776885614.9931028,-2.0,-1.0,-39.0
1776885615.0031028,0.0,-6.0,-41.0
1776885615.0131028,-2.0,-5.0,-36.0
1776885615.0231028,1.0,-4.0,-39.0
1776885615.0331028,4.0,-3.0,-40.0
1776885615.0431027,5.0,-3.0,-40.0
1776885615.0531027,3.0,-3.0,-39.0
1776885615.0631027,0.0,-4.0,-38.0
1776885615.0731027,-1.0,-1.0,-42.0
1776885615.0831027,0.0,-4.0,-41.0
1776885615.0931027,4.0,-8.0,-40.0
1776885615.1031027,4.0,-9.0,-39.0
1776885615.113103,6.0,-11.0,-48.0
1776885615.123103,1.0,-10.0,-55.0
1776885615.133103,0.0,-11.0,-54.0
1776885615.1431026,2.0,-1.0,-53.0
1776885615.1531026,6.0,0.0,-55.0
1776885615.1631026,3.0,2.0,-50.0
1776885615.1731029,-3.0,0.0,-44.0
1776885615.1831028,-5.0,-4.0,-41.0
1776885615.1931028,-2.0,-5.0,-42.0
1776885615.2031028,0.0,-6.0,-39.0
1776885615.2131028,-2.0,-2.0,-43.0
1776885615.2231028,3.0,-2.0,-40.0
1776885615.2331028,0.0,-4.0,-40.0
1776885615.2431028,2.0,-4.0,-34.0
1776885615.2531028,-4.0,-1.0,-31.0
1776885615.2631028,-5.0,-1.0,-33.0
1776885615.2731028,-4.0,-1.0,-33.0
1776885615.2831028,-5.0,0.0,-36.0
1776885615.2931027,-9.0,0.0,-37.0
1776885615.3031027,-5.0,1.0,-35.0
1776885615.3131027,-4.0,0.0,-30.0
1776885615.3231027,-3.0,-1.0,-33.0
1776885615.3331027,-4.0,-3.0,-40.0
1776885615.3431027,-5.0,-5.0,-37.0
1776885615.3531027,-6.0,-6.0,-39.0
1776885615.363103,-6.0,-3.0,-37.0
1776885615.3741028,-6.0,-1.0,-35.0
1776885615.3841028,-7.0,-6.0,-44.0
1776885615.3941028,-7.0,-5.0,-39.0
1776885615.4041028,-5.0,0.0,-38.0
1776885615.4141028,-2.0,0.0,-42.0
1776885615.4241028,0.0,0.0,-38.0
1776885615.4341028,1.0,-1.0,-41.0
1776885615.4441028,3.0,-3.0,-37.0
1776885615.4541028,0.0,-1.0,-38.0
1776885615.4641027,-2.0,-2.0,-44.0
1776885615.4741027,-1.0,-2.0,-42.0
1776885615.4841027,-3.0,-3.0,-37.0
1776885615.4941027,-2.0,-4.0,-38.0
1776885615.5041027,-1.0,1.0,-44.0
1776885615.5141027,1.0,0.0,-45.0
1776885615.5241027,0.0,-4.0,-40.0
1776885615.534103,-1.0,-3.0,-38.0
1776885615.544103,-4.0,2.0,-37.0
1776885615.554103,1.0,1.0,-39.0
1776885615.5641026,0.0,1.0,-40.0
1776885615.5741026,0.0,-2.0,-39.0
1776885615.5841026,0.0,0.0,-34.0
1776885615.5941026,-6.0,1.0,-38.0
1776885615.6041028,-7.0,5.0,-38.0
1776885615.6141028,-4.0,3.0,-33.0
1776885615.6241028,-4.0,4.0,-36.0
1776885615.6341028,-5.0,4.0,-43.0
1776885615.6441028,-6.0,8.0,-37.0
1776885615.6541028,-1.0,6.0,-40.0
1776885615.6641028,-2.0,1.0,-48.0
1776885615.6741028,0.0,2.0,-48.0
1776885615.6841028,1.0,2.0,-47.0
1776885615.6941028,5.0,0.0,-41.0
1776885615.7041028,8.0,1.0,-42.0
1776885615.7141027,10.0,1.0,-45.0
1776885615.7241027,7.0,1.0,-46.0
1776885615.7341027,4.0,-3.0,-47.0
1776885615.7441027,-2.0,-4.0,-46.0
1776885615.7541027,-2.0,-8.0,-42.0
1776885615.7641027,0.0,-4.0,-36.0
1776885615.7741027,3.0,-3.0,-35.0
1776885615.784103,3.0,0.0,-35.0
1776885615.794103,6.0,0.0,-36.0
1776885615.804103,3.0,0.0,-42.0
1776885615.8141026,6.0,-2.0,-40.0
1776885615.8241026,5.0,-2.0,-39.0
1776885615.8341026,5.0,-1.0,-42.0
1776885615.8441026,2.0,0.0,-44.0
1776885615.8541028,0.0,0.0,-43.0
1776885615.8641028,-1.0,2.0,-42.0
1776885615.8741028,0.0,4.0,-37.0
1776885615.8841028,-1.0,4.0,-30.0
1776885615.8941028,-1.0,4.0,-28.0
1776885615.9041028,0.0,3.0,-28.0
1776885615.9141028,1.0,4.0,-32.0
1776885615.9241028,-3.0,0.0,-34.0
1776885615.9341028,-3.0,3.0,-43.0
1776885615.9441028,-1.0,3.0,-47.0
1776885615.9541028,-2.0,0.0,-45.0
1776885615.9641027,0.0,1.0,-50.0
1776885615.9741027,3.0,1.0,-50.0
1776885615.9841027,4.0,3.0,-45.0
1776885615.9941027,2.0,3.0,-43.0
1776885616.0041027,3.0,6.0,-40.0
1776885616.0141027,1.0,4.0,-36.0
1776885616.0241027,0.0,4.0,-47.0
1776885616.034103,-2.0,5.0,-47.0
1776885616.044103,-8.0,0.0,-45.0
1776885616.054103,-10.0,-5.0,-39.0
1776885616.0641026,-11.0,-5.0,-41.0
1776885616.0741026,-4.0,-6.0,-34.0
1776885616.0841026,-7.0,-8.0,-41.0
1776885616.0941026,-2.0,-9.0,-43.0
1776885616.1041028,0.0,-8.0,-41.0
1776885616.1141028,0.0,-1.0,-46.0
1776885616.1241028,2.0,3.0,-45.0
1776885616.1341028,8.0,6.0,-43.0
1776885616.1441028,9.0,0.0,-43.0
1776885616.1541028,5.0,-1.0,-50.0
1776885616.1641028,-4.0,-4.0,-53.0
1776885616.1741028,-3.0,-3.0,-50.0
1776885616.1841028,-4.0,-2.0,-47.0
1776885616.1941028,-4.0,0.0,-52.0
1776885616.2041028,1.0,2.0,-47.0
1776885616.2141027,6.0,0.0,-42.0
1776885616.2241027,6.0,0.0,-40.0
1776885616.2341027,0.0,4.0,-42.0
1776885616.2441027,0.0,2.0,-46.0
1776885616.2541027,1.0,3.0,-42.0
1776885616.2641027,4.0,2.0,-35.0
1776885616.2741027,0.0,1.0,-38.0
1776885616.284103,0.0,7.0,-41.0
1776885616.294103,0.0,6.0,-40.0
1776885616.304103,2.0,5.0,-45.0
1776885616.3141026,6.0,0.0,-49.0
1776885616.3241026,7.0,1.0,-50.0
1776885616.3341026,9.0,0.0,-49.0
1776885616.3441026,3.0,0.0,-37.0
1776885616.3541028,-2.0,-2.0,-38.0
1776885616.3641028,-1.0,-2.0,-48.0
1776885616.3741028,-1.0,-2.0,-50.0
1776885616.3841028,-3.0,-3.0,-52.0
1776885616.3941028,-4.0,-2.0,-54.0
1776885616.4041028,-4.0,-2.0,-48.0
1776885616.4141028,-1.0,0.0,-47.0
1776885616.4241028,2.0,1.0,-50.0
1776885616.4341028,1.0,0.0,-43.0
1776885616.4441028,3.0,1.0,-38.0
1776885616.4541028,2.0,0.0,-37.0
1776885616.4641027,1.0,0.0,-38.0
1776885616.4741027,3.0,-1.0,-42.0
1776885616.4841027,4.0,-3.0,-40.0
1776885616.4941027,3.0,-3.0,-43.0
1776885616.5041027,4.0,0.0,-42.0
1776885616.5141027,2.0,-1.0,-43.0
1776885616.5241027,4.0,-3.0,-44.0
1776885616.534103,3.0,-2.0,-47.0
1776885616.544103,3.0,1.0,-45.0
1776885616.554103,7.0,-2.0,-39.0
1776885616.5641026,7.0,-7.0,-42.0
1776885616.5741026,6.0,-7.0,-51.0
1776885616.5841026,9.0,-6.0,-40.0
1776885616.5941026,6.0,-6.0,-39.0
1776885616.6041028,5.0,-5.0,-41.0
1776885616.6141028,2.0,-7.0,-44.0
1776885616.6241028,5.0,-6.0,-48.0
1776885616.6341028,2.0,-4.0,-45.0
1776885616.6441028,-3.0,-3.0,-57.0
1776885616.6541028,0.0,0.0,-53.0
1776885616.6641028,6.0,0.0,-52.0
1776885616.6741028,7.0,1.0,-56.0
1776885616.6841028,3.0,0.0,-53.0
1776885616.6941028,1.0,0.0,-53.0
1776885616.7041028,0.0,-4.0,-55.0
1776885616.7141027,-1.0,-6.0,-49.0
1776885616.7241027,-3.0,-3.0,-45.0
1776885616.7341027,-2.0,1.0,-41.0
1776885616.7441027,1.0,1.0,-42.0
1776885616.7541027,2.0,-3.0,-41.0
1776885616.7641027,0.0,-4.0,-36.0
1776885616.7741027,1.0,-3.0,-31.0
1776885616.784103,4.0,-1.0,-32.0
1776885616.794103,1.0,0.0,-30.0
1776885616.804103,3.0,1.0,-32.0
1776885616.8141026,0.0,0.0,-35.0
1776885616.8241026,-5.0,-1.0,-43.0
1776885616.8341026,-5.0,-1.0,-44.0
1776885616.8441026,-3.0,-3.0,-38.0
1776885616.8541028,-2.0,1.0,-36.0
1776885616.8641028,-5.0,3.0,-39.0
1776885616.8741028,-10.0,1.0,-36.0
1776885616.8841028,-4.0,2.0,-38.0
1776885616.8941028,-6.0,1.0,-41.0
1776885616.9041028,-7.0,2.0,-41.0
1776885616.9141028,-7.0,1.0,-41.0
1776885616.9241028,-12.0,3.0,-35.0
1776885616.9341028,-9.0,2.0,-31.0
1776885616.9441028,-5.0,1.0,-34.0
1776885616.9541028,0.0,0.0,-39.0
1776885616.9641027,1.0,0.0,-44.0
1776885616.9741027,3.0,-1.0,-38.0
1776885616.9841027,0.0,0.0,-43.0
1776885616.9941027,0.0,0.0,-43.0
1776885617.0041027,-1.0,-3.0,-38.0
1776885617.0141027,-1.0,-3.0,-47.0
1776885617.0241027,0.0,-3.0,-47.0
1776885617.034103,5.0,-2.0,-46.0
1776885617.044103,5.0,-8.0,-47.0
1776885617.054103,4.0,-7.0,-42.0
1776885617.0641026,2.0,-7.0,-40.0
1776885617.0741026,1.0,-2.0,-42.0
1776885617.0841026,3.0,0.0,-41.0
1776885617.0941026,3.0,3.0,-41.0
1776885617.1041028,-1.0,2.0,-36.0
1776885617.1141028,-1.0,0.0,-34.0
1776885617.1241028,-4.0,0.0,-33.0
1776885617.1341028,-2.0,-1.0,-38.0
1776885617.1441028,0.0,-5.0,-39.0
1776885617.1541028,-2.0,-2.0,-38.0
1776885617.1641028,-1.0,-4.0,-40.0
1776885617.1741028,-2.0,0.0,-46.0
1776885617.1841028,-4.0,-4.0,-50.0
1776885617.1941028,-1.0,-7.0,-48.0
1776885617.2041028,1.0,-6.0,-42.0
1776885617.2141027,2.0,-4.0,-43.0
1776885617.2241027,2.0,-2.0,-39.0
1776885617.2341027,0.0,-5.0,-42.0
1776885617.2441027,3.0,-2.0,-41.0
1776885617.2541027,3.0,-5.0,-35.0
1776885617.2641027,0.0,-11.0,-40.0
1776885617.2741027,-2.0,-10.0,-43.0
1776885617.284103,1.0,-8.0,-46.0
1776885617.294103,4.0,-4.0,-46.0
1776885617.304103,10.0,-2.0,-53.0
1776885617.3141026,7.0,-7.0,-45.0
1776885617.3241026,5.0,-6.0,-42.0
1776885617.3351028,6.0,-7.0,-46.0
1776885617.3451028,6.0,-3.0,-48.0
1776885617.3551028,3.0,-1.0,-41.0
1776885617.3651028,4.0,1.0,-37.0
1776885617.3751028,6.0,3.0,-39.0
1776885617.3851027,10.0,1.0,-37.0
1776885617.3951027,14.0,5.0,-39.0
1776885617.4051027,13.0,7.0,-45.0
1776885617.4151027,11.0,3.0,-44.0
1776885617.4251027,9.0,3.0,-44.0
1776885617.4351027,5.0,5.0,-47.0
1776885617.4451027,3.0,4.0,-50.0
1776885617.4551027,3.0,5.0,-46.0
1776885617.465103,2.0,5.0,-40.0
1776885617.475103,0.0,4.0,-36.0
1776885617.485103,0.0,2.0,-33.0
1776885617.4951026,0.0,1.0,-37.0
1776885617.5051026,-4.0,5.0,-34.0
1776885617.5151026,0.0,0.0,-39.0
1776885617.5251029,0.0,-2.0,-43.0
1776885617.5351028,-1.0,-7.0,-45.0
1776885617.5451028,0.0,-8.0,-51.0
1776885617.5551028,3.0,-4.0,-52.0
1776885617.5651028,2.0,-3.0,-49.0
1776885617.5751028,2.0,-3.0,-53.0
1776885617.5851028,3.0,-2.0,-54.0
1776885617.5951028,0.0,0.0,-55.0
1776885617.6051028,3.0,-3.0,-50.0
1776885617.6151028,3.0,0.0,-55.0
1776885617.6251028,0.0,0.0,-54.0
1776885617.6351027,2.0,-1.0,-50.0
1776885617.6451027,2.0,-3.0,-46.0
1776885617.656103,0.0,-5.0,-44.0
1776885617.6651027,-5.0,0.0,-46.0
1776885617.6751027,0.0,2.0,-42.0
1776885617.6851027,-3.0,1.0,-40.0
1776885617.6951027,-4.0,0.0,-43.0
1776885617.7051027,0.0,-5.0,-40.0
1776885617.715103,0.0,-5.0,-28.0
1776885617.725103,-1.0,-7.0,-29.0
1776885617.735103,1.0,-4.0,-26.0
1776885617.7451026,0.0,-2.0,-22.0
1776885617.7551026,2.0,-1.0,-30.0
1776885617.7651026,1.0,-1.0,-34.0
1776885617.7751029,0.0,-2.0,-32.0
1776885617.7851028,0.0,-2.0,-35.0
1776885617.7951028,0.0,-4.0,-34.0
1776885617.8051028,0.0,-1.0,-36.0
1776885617.8151028,0.0,-1.0,-36.0
1776885617.8251028,-1.0,-1.0,-33.0
1776885617.8351028,-2.0,-2.0,-37.0
1776885617.8451028,-3.0,0.0,-37.0
1776885617.8551028,-5.0,-5.0,-36.0
1776885617.8651028,-5.0,2.0,-35.0
1776885617.8751028,-1.0,2.0,-31.0
1776885617.8851027,-1.0,0.0,-28.0
1776885617.8951027,-1.0,-6.0,-28.0
1776885617.9051027,-5.0,-8.0,-24.0
1776885617.9151027,0.0,-7.0,-26.0
1776885617.9251027,-4.0,-2.0,-25.0
1776885617.9351027,-4.0,-4.0,-29.0
1776885617.9451027,-5.0,-2.0,-26.0
1776885617.9551027,-5.0,-1.0,-24.0
1776885617.965103,-3.0,0.0,-21.0
1776885617.975103,-3.0,1.0,-27.0
1776885617.985103,-3.0,6.0,-34.0
1776885617.9951026,-2.0,6.0,-43.0
1776885618.0051026,-3.0,3.0,-45.0
1776885618.0151026,-2.0,0.0,-39.0
1776885618.0251029,0.0,-4.0,-38.0
1776885618.0351028,0.0,-2.0,-38.0
1776885618.0451028,-1.0,-6.0,-31.0
1776885618.0551028,-1.0,-6.0,-37.0
1776885618.0651028,-2.0,-3.0,-42.0
1776885618.0751028,2.0,-5.0,-38.0
1776885618.0851028,1.0,-1.0,-43.0
1776885618.0951028,0.0,0.0,-44.0
1776885618.1051028,0.0,-1.0,-51.0
1776885618.1151028,0.0,-1.0,-49.0
1776885618.1251028,3.0,0.0,-41.0
1776885618.1351027,0.0,3.0,-41.0
1776885618.1451027,-3.0,4.0,-33.0
1776885618.1551027,-3.0,7.0,-44.0
1776885618.1651027,-4.0,2.0,-45.0
1776885618.1751027,-2.0,0.0,-41.0
1776885618.1851027,-3.0,1.0,-45.0
1776885618.1951027,-7.0,0.0,-46.0
1776885618.2051027,-9.0,0.0,-49.0
1776885618.215103,-4.0,0.0,-45.0
1776885618.225103,-5.0,1.0,-50.0
1776885618.235103,-8.0,-1.0,-53.0
1776885618.2451026,-8.0,-1.0,-47.0
1776885618.2551026,-7.0,0.0,-42.0
1776885618.2651026,-3.0,1.0,-41.0
1776885618.2751029,-2.0,-2.0,-41.0
1776885618.2851028,-1.0,-5.0,-44.0
1776885618.2951028,-4.0,-3.0,-46.0
1776885618.3051028,-1.0,-3.0,-51.0
1776885618.3151028,-4.0,-1.0,-52.0
1776885618.3251028,-5.0,0.0,-52.0
1776885618.3351028,-8.0,-1.0,-45.0
1776885618.3451028,-7.0,2.0,-42.0
1776885618.3551028,-4.0,2.0,-44.0
1776885618.3651028,-2.0,0.0,-41.0
1776885618.3751028,-3.0,0.0,-40.0
1776885618.3851027,-6.0,0.0,-42.0
1776885618.3951027,-3.0,0.0,-42.0
1776885618.4051027,-2.0,-2.0,-36.0
1776885618.4151027,-5.0,0.0,-37.0
1776885618.4251027,-4.0,-3.0,-35.0
1776885618.4351027,-5.0,-1.0,-39.0
1776885618.4451027,-5.0,1.0,-33.0
1776885618.4551027,0.0,2.0,-33.0
1776885618.465103,0.0,-3.0,-32.0
1776885618.475103,0.0,-4.0,-32.0
1776885618.485103,1.0,-2.0,-41.0
1776885618.4951026,1.0,1.0,-41.0
1776885618.5051026,2.0,0.0,-43.0
1776885618.5151026,1.0,0.0,-49.0
1776885618.5251029,3.0,2.0,-42.0
1776885618.5351028,4.0,-1.0,-42.0
1776885618.5451028,2.0,-3.0,-40.0
1776885618.5551028,3.0,2.0,-44.0
1776885618.5651028,2.0,1.0,-48.0
1776885618.5751028,-1.0,3.0,-47.0
1776885618.5851028,-3.0,1.0,-50.0
1776885618.5951028,-2.0,0.0,-52.0
1776885618.6051028,1.0,-3.0,-48.0
1776885618.6151028,1.0,-2.0,-41.0
1776885618.6251028,3.0,0.0,-45.0
1776885618.6351027,0.0,0.0,-40.0
1776885618.6451027,-2.0,-3.0,-41.0
1776885618.6551027,2.0,-5.0,-44.0
1776885618.6651027,5.0,-7.0,-44.0
1776885618.6751027,7.0,-4.0,-42.0
1776885618.6851027,5.0,-6.0,-37.0
1776885618.6951027,2.0,-8.0,-37.0
1776885618.7051027,2.0,-4.0,-44.0
1776885618.715103,4.0,-5.0,-44.0
1776885618.725103,7.0,-8.0,-42.0
1776885618.735103,4.0,-9.0,-35.0
1776885618.7451026,2.0,-8.0,-40.0
1776885618.7551026,1.0,-7.0,-43.0
1776885618.7651026,2.0,-5.0,-50.0
1776885618.7751029,-1.0,0.0,-52.0
1776885618.7851028,3.0,4.0,-48.0
1776885618.7951028,5.0,1.0,-44.0
1776885618.8051028,1.0,1.0,-39.0
1776885618.8151028,0.0,2.0,-40.0
1776885618.8251028,0.0,2.0,-42.0
1776885618.8351028,0.0,1.0,-40.0
1776885618.8451028,1.0,3.0,-38.0
1776885618.8551028,-1.0,2.0,-36.0
1776885618.8651028,2.0,3.0,-33.0
1776885618.8751028,2.0,0.0,-26.0
1776885618.8851027,0.0,2.0,-30.0
1776885618.8951027,0.0,4.0,-32.0
1776885618.9051027,0.0,5.0,-35.0
1776885618.9151027,0.0,9.0,-39.0
1776885618.9251027,3.0,5.0,-37.0
1776885618.9351027,3.0,0.0,-41.0
1776885618.9451027,4.0,0.0,-44.0
1776885618.9551027,3.0,0.0,-47.0
1776885618.965103,0.0,1.0,-50.0
1776885618.975103,4.0,3.0,-50.0
1776885618.985103,3.0,2.0,-53.0
1776885618.9951026,-1.0,0.0,-44.0
1776885619.0051026,-2.0,-7.0,-39.0
1776885619.0151026,-4.0,-5.0,-48.0
1776885619.0251029,-8.0,-4.0,-44.0
1776885619.0351028,-5.0,-4.0,-40.0
1776885619.0451028,-8.0,-5.0,-34.0
1776885619.0551028,-8.0,-5.0,-21.0
1776885619.0651028,-11.0,-5.0,-20.0
1776885619.0751028,-5.0,-1.0,-24.0
1776885619.0851028,-2.0,-3.0,-30.0
1776885619.0951028,-2.0,-2.0,-26.0
1776885619.1051028,-4.0,0.0,-30.0
1776885619.1151028,-5.0,-3.0,-38.0
1776885619.1251028,-4.0,-2.0,-44.0
1776885619.1351027,-3.0,-2.0,-40.0
1776885619.1451027,-2.0,-3.0,-34.0
1776885619.1551027,0.0,-1.0,-33.0
1776885619.1651027,4.0,0.0,-40.0
1776885619.1751027,0.0,0.0,-44.0
1776885619.1851027,-2.0,0.0,-33.0
1776885619.1951027,1.0,4.0,-34.0
1776885619.2051027,0.0,4.0,-41.0
1776885619.215103,-2.0,-4.0,-45.0
1776885619.225103,4.0,-5.0,-42.0
1776885619.235103,1.0,-1.0,-44.0
1776885619.2451026,2.0,1.0,-51.0
1776885619.2551026,5.0,1.0,-53.0
1776885619.2651026,5.0,-5.0,-53.0
1776885619.2751029,2.0,-2.0,-46.0
1776885619.2851028,2.0,-4.0,-37.0
1776885619.2951028,0.0,-3.0,-38.0
1776885619.3051028,2.0,-4.0,-40.0
1776885619.3151028,5.0,-5.0,-45.0
1776885619.3251028,6.0,-6.0,-47.0
1776885619.3351028,6.0,-4.0,-45.0
1776885619.3461027,4.0,-1.0,-44.0
1776885619.3561027,6.0,0.0,-39.0
1776885619.3661027,8.0,0.0,-36.0
1776885619.3761027,3.0,-1.0,-38.0
1776885619.386103,0.0,0.0,-39.0
1776885619.396103,0.0,0.0,-40.0
1776885619.406103,0.0,-1.0,-32.0
1776885619.4161026,0.0,1.0,-35.0
1776885619.4261026,-2.0,-3.0,-35.0
1776885619.4361026,-4.0,-7.0,-39.0
1776885619.4461029,-5.0,-6.0,-36.0
1776885619.4561028,-6.0,-2.0,-37.0
1776885619.4661028,-3.0,-1.0,-34.0
1776885619.4761028,-1.0,-2.0,-40.0
1776885619.4861028,3.0,1.0,-41.0
1776885619.4961028,5.0,1.0,-42.0
1776885619.5061028,7.0,0.0,-36.0
1776885619.5161028,4.0,0.0,-38.0
1776885619.5261028,3.0,-1.0,-37.0
1776885619.5361028,0.0,-1.0,-32.0
1776885619.5461028,0.0,-3.0,-29.0
1776885619.5561028,1.0,0.0,-36.0
1776885619.5661027,0.0,0.0,-40.0
1776885619.5761027,1.0,0.0,-45.0
1776885619.5861027,-2.0,2.0,-49.0
1776885619.5961027,0.0,0.0,-50.0
1776885619.6061027,4.0,2.0,-39.0
1776885619.6161027,7.0,0.0,-37.0
1776885619.6261027,9.0,-3.0,-39.0
1776885619.636103,8.0,-5.0,-45.0
1776885619.646103,8.0,-5.0,-41.0
1776885619.656103,7.0,-2.0,-41.0
1776885619.6661026,4.0,-1.0,-42.0
1776885619.6761026,5.0,2.0,-41.0
1776885619.6861026,1.0,5.0,-41.0
1776885619.6961029,-2.0,3.0,-45.0
1776885619.7061028,-1.0,-1.0,-44.0
1776885619.7161028,3.0,-4.0,-45.0
1776885619.7261028,3.0,-4.0,-55.0
1776885619.7361028,0.0,0.0,-54.0
1776885619.7461028,0.0,-2.0,-57.0
1776885619.7561028,1.0,-2.0,-55.0
1776885619.7661028,5.0,-1.0,-54.0
1776885619.7761028,3.0,0.0,-53.0
1776885619.7861028,4.0,0.0,-48.0
1776885619.7961028,3.0,4.0,-47.0
1776885619.8061028,0.0,4.0,-51.0
1776885619.8161027,0.0,3.0,-49.0
1776885619.8261027,1.0,5.0,-47.0
1776885619.8361027,2.0,5.0,-45.0
1776885619.8461027,2.0,1.0,-46.0
1776885619.8561027,3.0,0.0,-46.0
1776885619.8661027,5.0,0.0,-45.0
1776885619.8761027,7.0,-1.0,-46.0
1776885619.886103,10.0,-1.0,-47.0
1776885619.896103,9.0,-4.0,-43.0
1776885619.906103,4.0,-4.0,-41.0
1776885619.9161026,5.0,-5.0,-40.0
1776885619.9261026,1.0,0.0,-49.0
1776885619.9361026,-1.0,4.0,-56.0
1776885619.9461029,0.0,4.0,-51.0
1776885619.9561028,4.0,3.0,-52.0
1776885619.9661028,5.0,4.0,-52.0
1776885619.9761028,4.0,2.0,-47.0
1776885619.9861028,-1.0,2.0,-51.0
1776885619.9961028,-3.0,1.0,-49.0
1776885620.0061028,-2.0,2.0,-49.0
1776885620.0161028,-2.0,-2.0,-47.0
1776885620.0261028,-1.0,-1.0,-47.0
1776885620.0361028,1.0,-1.0,-44.0
1776885620.0461028,4.0,4.0,-45.0
1776885620.0561028,4.0,6.0,-44.0
1776885620.0661027,2.0,1.0,-49.0
1776885620.0761027,1.0,-6.0,-51.0
1776885620.0861027,2.0,-7.0,-57.0
1776885620.0961027,3.0,-4.0,-53.0
1776885620.1061027,3.0,0.0,-48.0
1776885620.1161027,0.0,0.0,-45.0
1776885620.1261027,0.0,0.0,-45.0
1776885620.136103,-2.0,-2.0,-40.0
1776885620.146103,0.0,2.0,-44.0
1776885620.156103,0.0,0.0,-52.0
1776885620.1661026,0.0,-5.0,-51.0
1776885620.1761026,2.0,-1.0,-53.0
1776885620.1861026,1.0,1.0,-55.0
1776885620.1961029,-1.0,1.0,-42.0
1776885620.2061028,-1.0,-3.0,-35.0
1776885620.2161028,-2.0,0.0,-37.0
1776885620.2261028,-1.0,-4.0,-38.0
1776885620.2361028,0.0,-7.0,-39.0
1776885620.2461028,2.0,-1.0,-44.0
1776885620.2561028,0.0,0.0,-45.0
1776885620.2661028,1.0,-1.0,-37.0
1776885620.2761028,1.0,0.0,-34.0
1776885620.2861028,0.0,0.0,-34.0
1776885620.2961028,0.0,4.0,-38.0
1776885620.3061028,-1.0,1.0,-44.0
1776885620.3161027,0.0,0.0,-52.0
1776885620.3261027,0.0,-4.0,-46.0
1776885620.3361027,-1.0,-5.0,-42.0
1776885620.3461027,0.0,-5.0,-39.0
1776885620.3561027,1.0,-3.0,-32.0
1776885620.3661027,-2.0,-2.0,-33.0
1776885620.3761027,0.0,-2.0,-29.0
1776885620.386103,0.0,1.0,-33.0
1776885620.396103,1.0,0.0,-37.0
1776885620.406103,2.0,-2.0,-41.0
1776885620.4161026,-5.0,-3.0,-39.0
1776885620.4261026,-1.0,-2.0,-43.0
1776885620.4361026,0.0,-1.0,-44.0
1776885620.4461029,0.0,1.0,-44.0
1776885620.4561028,1.0,0.0,-46.0
1776885620.4661028,0.0,2.0,-48.0
1776885620.4761028,-3.0,0.0,-46.0
1776885620.4861028,-3.0,-5.0,-40.0
1776885620.4961028,-1.0,-6.0,-38.0
1776885620.5061028,-4.0,-7.0,-37.0
1776885620.5161028,-1.0,-3.0,-32.0
1776885620.5261028,0.0,-2.0,-29.0
1776885620.5361028,-6.0,0.0,-32.0
1776885620.5461028,-6.0,-1.0,-39.0
1776885620.5561028,-7.0,0.0,-38.0
1776885620.5661027,-3.0,-2.0,-38.0
1776885620.5761027,-1.0,-1.0,-41.0
1776885620.5861027,1.0,-3.0,-40.0
1776885620.5961027,3.0,-2.0,-39.0
1776885620.6061027,3.0,4.0,-39.0
1776885620.6161027,4.0,3.0,-41.0
1776885620.6261027,0.0,-2.0,-44.0
1776885620.636103,4.0,-2.0,-50.0
1776885620.646103,4.0,-5.0,-49.0
1776885620.656103,8.0,-6.0,-47.0
1776885620.6661026,4.0,-5.0,-48.0
1776885620.6761026,3.0,-5.0,-50.0
1776885620.6861026,4.0,-2.0,-54.0
1776885620.6961029,4.0,-3.0,-54.0
1776885620.7061028,5.0,0.0,-56.0
1776885620.7161028,4.0,-3.0,-56.0
1776885620.7261028,0.0,-1.0,-52.0
1776885620.7361028,0.0,-4.0,-46.0
1776885620.7461028,5.0,-2.0,-46.0
1776885620.7561028,3.0,-3.0,-47.0
1776885620.7661028,2.0,-2.0,-43.0
1776885620.7761028,-1.0,0.0,-38.0
1776885620.7861028,0.0,2.0,-38.0
1776885620.7961028,0.0,1.0,-41.0
1776885620.8061028,-3.0,1.0,-37.0
1776885620.8161027,-7.0,0.0,-32.0
1776885620.8261027,-12.0,-2.0,-34.0
1776885620.8361027,-10.0,-1.0,-34.0
1776885620.8461027,-7.0,-3.0,-40.0
1776885620.8561027,-9.0,-5.0,-36.0
1776885620.8661027,-11.0,-7.0,-38.0
1776885620.8761027,-6.0,-3.0,-36.0
1776885620.886103,-5.0,-6.0,-34.0
1776885620.896103,0.0,-7.0,-39.0
1776885620.906103,2.0,-7.0,-40.0
1776885620.9161026,1.0,-5.0,-36.0
1776885620.9261026,-1.0,-3.0,-43.0
1776885620.9361026,-4.0,-1.0,-41.0
1776885620.9461029,0.0,-2.0,-40.0
1776885620.9561028,0.0,-4.0,-42.0
1776885620.9661028,-4.0,-2.0,-43.0
1776885620.9761028,-2.0,-4.0,-45.0
1776885620.9861028,1.0,-1.0,-37.0
1776885620.9961028,-1.0,1.0,-36.0
1776885621.0061028,1.0,0.0,-36.0
1776885621.0161028,5.0,0.0,-32.0
1776885621.0261028,2.0,-4.0,-32.0
1776885621.0361028,0.0,-9.0,-30.0
1776885621.0461028,0.0,-6.0,-28.0
1776885621.0561028,-4.0,-7.0,-33.0
1776885621.0661027,-5.0,-1.0,-36.0
1776885621.0761027,-4.0,5.0,-32.0
1776885621.0861027,2.0,3.0,-39.0
1776885621.0961027,4.0,1.0,-41.0
1776885621.1061027,7.0,1.0,-37.0
1776885621.1161027,10.0,-3.0,-35.0
1776885621.1261027,5.0,-1.0,-32.0
1776885621.136103,6.0,-6.0,-30.0
1776885621.146103,14.0,-11.0,-40.0
1776885621.156103,14.0,-6.0,-45.0
1776885621.1661026,14.0,-4.0,-51.0
1776885621.1761026,12.0,0.0,-49.0
1776885621.1861026,5.0,0.0,-44.0
1776885621.1961029,2.0,0.0,-39.0
1776885621.2061028,1.0,-2.0,-45.0
1776885621.2161028,-1.0,-2.0,-48.0
1776885621.2261028,-6.0,-7.0,-45.0
1776885621.2361028,-4.0,-10.0,-43.0
1776885621.2461028,-6.0,-8.0,-43.0
1776885621.2561028,-3.0,-6.0,-48.0
1776885621.2661028,0.0,-5.0,-53.0
1776885621.2761028,-1.0,-5.0,-52.0
1776885621.2861028,-5.0,-4.0,-54.0
1776885621.2961028,-2.0,-3.0,-51.0
1776885621.3061028,-2.0,0.0,-53.0
1776885621.317103,-2.0,1.0,-55.0
1776885621.3261027,-1.0,1.0,-48.0
1776885621.337103,-4.0,-3.0,-43.0
1776885621.3471026,-5.0,-2.0,-45.0
1776885621.3571026,-5.0,-1.0,-50.0
1776885621.3671026,-2.0,-4.0,-49.0
1776885621.3771029,-4.0,-5.0,-51.0
1776885621.3871028,-2.0,-4.0,-49.0
1776885621.3971028,-1.0,0.0,-48.0
1776885621.4071028,-4.0,-3.0,-57.0
1776885621.4171028,-4.0,-2.0,-59.0
1776885621.4261026,-2.0,-5.0,-50.0
1776885621.4371028,-5.0,-6.0,-49.0
1776885621.4471028,-1.0,-4.0,-47.0
1776885621.4571028,1.0,-3.0,-42.0
1776885621.4671028,-2.0,0.0,-42.0
1776885621.4771028,-3.0,1.0,-42.0
1776885621.4871027,-1.0,-1.0,-45.0
1776885621.4971027,3.0,-4.0,-44.0
1776885621.5071027,6.0,-4.0,-40.0
1776885621.5171027,3.0,0.0,-41.0
1776885621.5271027,4.0,5.0,-39.0
1776885621.5371027,5.0,4.0,-38.0
1776885621.5471027,1.0,2.0,-41.0
1776885621.557103,0.0,3.0,-37.0
1776885621.567103,-3.0,1.0,-32.0
1776885621.577103,0.0,-4.0,-35.0
1776885621.587103,0.0,-4.0,-35.0
1776885621.5971026,1.0,-4.0,-36.0
1776885621.6071026,0.0,1.0,-38.0
1776885621.6171026,-1.0,0.0,-37.0
1776885621.6271029,-1.0,0.0,-41.0
1776885621.6371028,0.0,-1.0,-49.0
1776885621.6471028,1.0,-1.0,-46.0
1776885621.6571028,0.0,1.0,-48.0
1776885621.6671028,-2.0,0.0,-46.0
1776885621.6771028,-1.0,0.0,-39.0
1776885621.6871028,2.0,-3.0,-45.0
1776885621.6971028,2.0,-8.0,-48.0
1776885621.7071028,1.0,-7.0,-46.0
1776885621.7171028,4.0,-1.0,-46.0
1776885621.7271028,5.0,-2.0,-38.0
1776885621.7371027,4.0,2.0,-37.0
1776885621.7471027,5.0,5.0,-47.0
1776885621.7571027,2.0,7.0,-47.0
1776885621.7671027,4.0,8.0,-43.0
1776885621.7771027,6.0,4.0,-38.0
1776885621.7871027,6.0,5.0,-35.0
1776885621.7971027,5.0,5.0,-40.0
1776885621.807103,6.0,6.0,-44.0
1776885621.817103,5.0,8.0,-40.0
1776885621.827103,2.0,10.0,-39.0
1776885621.837103,2.0,8.0,-40.0
1776885621.8471026,3.0,9.0,-36.0
1776885621.8571026,5.0,7.0,-38.0
1776885621.8671026,5.0,5.0,-41.0
1776885621.8771029,3.0,2.0,-41.0
1776885621.8871028,4.0,-4.0,-41.0
1776885621.8971028,4.0,-8.0,-40.0
1776885621.9071028,2.0,-9.0,-44.0
1776885621.9171028,5.0,-8.0,-43.0
1776885621.9271028,4.0,-4.0,-42.0
1776885621.9371028,0.0,-7.0,-41.0
1776885621.9471028,3.0,-7.0,-42.0
1776885621.9571028,4.0,-4.0,-40.0
1776885621.9671028,5.0,-6.0,-41.0
1776885621.9771028,0.0,-3.0,-43.0
1776885621.9871027,2.0,-1.0,-41.0
1776885621.9971027,2.0,-1.0,-45.0
1776885622.0071027,0.0,2.0,-43.0
1776885622.0171027,1.0,0.0,-42.0
1776885622.0271027,7.0,-1.0,-44.0
1776885622.0371027,7.0,-6.0,-47.0
1776885622.0471027,4.0,-8.0,-49.0
1776885622.057103,4.0,-4.0,-52.0
1776885622.067103,-3.0,-4.0,-50.0
1776885622.077103,-2.0,-4.0,-53.0
1776885622.087103,-1.0,-2.0,-50.0
1776885622.0971026,-2.0,-5.0,-52.0
1776885622.1071026,1.0,-4.0,-50.0
1776885622.1171026,1.0,-6.0,-48.0
1776885622.1271029,-1.0,0.0,-37.0
1776885622.1371028,-1.0,-3.0,-39.0
1776885622.1471028,2.0,-3.0,-35.0
1776885622.1571028,2.0,-3.0,-32.0
1776885622.1671028,0.0,0.0,-39.0
1776885622.1771028,-4.0,2.0,-47.0
1776885622.1871028,-1.0,0.0,-54.0
1776885622.1971028,-1.0,0.0,-53.0
1776885622.2071028,-3.0,-3.0,-53.0
1776885622.2171028,-2.0,-6.0,-46.0
1776885622.2271028,-2.0,-7.0,-43.0
1776885622.2371027,-6.0,-5.0,-37.0
1776885622.2471027,-7.0,-3.0,-37.0
1776885622.2571027,-3.0,-5.0,-38.0
1776885622.2671027,-4.0,-3.0,-35.0
1776885622.2771027,-5.0,-3.0,-35.0
1776885622.2871027,-8.0,-5.0,-35.0
1776885622.2971027,-2.0,-3.0,-38.0
1776885622.307103,4.0,-5.0,-39.0
1776885622.317103,2.0,-2.0,-40.0
1776885622.327103,0.0,-2.0,-40.0
1776885622.337103,0.0,0.0,-44.0
1776885622.3471026,1.0,0.0,-48.0
1776885622.3571026,4.0,0.0,-48.0
1776885622.3671026,6.0,-2.0,-42.0
1776885622.3771029,5.0,-2.0,-47.0
1776885622.3871028,4.0,0.0,-44.0
1776885622.3971028,5.0,-4.0,-48.0
1776885622.4071028,4.0,-3.0,-50.0
1776885622.4171028,2.0,-6.0,-49.0
1776885622.4271028,1.0,-9.0,-46.0
1776885622.4371028,1.0,-6.0,-46.0
1776885622.4471028,1.0,-7.0,-43.0
1776885622.4571028,2.0,-3.0,-42.0
1776885622.4671028,2.0,0.0,-39.0
1776885622.4771028,-1.0,0.0,-39.0
1776885622.4871027,-1.0,-2.0,-29.0
1776885622.4971027,-1.0,0.0,-26.0
1776885622.5071027,-2.0,0.0,-29.0
1776885622.5171027,-3.0,0.0,-28.0
1776885622.5271027,-3.0,4.0,-35.0
1776885622.5371027,-1.0,5.0,-45.0
1776885622.5471027,0.0,4.0,-45.0
1776885622.557103,3.0,3.0,-39.0
1776885622.567103,2.0,3.0,-45.0
1776885622.577103,-3.0,2.0,-41.0
1776885622.587103,-3.0,1.0,-48.0
1776885622.5971026,-3.0,4.0,-55.0
1776885622.6071026,4.0,4.0,-54.0
1776885622.6171026,6.0,3.0,-54.0
1776885622.6271029,3.0,2.0,-55.0
1776885622.6371028,4.0,0.0,-52.0
1776885622.6471028,4.0,-3.0,-44.0
1776885622.6571028,2.0,-3.0,-43.0
1776885622.6671028,3.0,-1.0,-46.0
1776885622.6771028,6.0,-1.0,-39.0
1776885622.6871028,4.0,-3.0,-38.0
1776885622.6971028,4.0,-6.0,-39.0
1776885622.7071028,2.0,-5.0,-44.0
1776885622.7171028,1.0,-2.0,-42.0
1776885622.7271028,1.0,0.0,-44.0
1776885622.7371027,1.0,1.0,-40.0
1776885622.7471027,-1.0,5.0,-39.0
1776885622.7571027,0.0,3.0,-39.0
1776885622.7671027,-2.0,2.0,-35.0
1776885622.7771027,2.0,1.0,-40.0
1776885622.7871027,1.0,0.0,-47.0
1776885622.7971027,-1.0,2.0,-42.0
1776885622.807103,5.0,-1.0,-42.0
1776885622.817103,7.0,-4.0,-48.0
1776885622.827103,7.0,-5.0,-47.0
1776885622.837103,6.0,-3.0,-49.0
1776885622.8471026,7.0,-4.0,-47.0
1776885622.8571026,5.0,-6.0,-42.0
1776885622.8671026,2.0,-6.0,-43.0
1776885622.8771029,-1.0,-4.0,-49.0
1776885622.8871028,-1.0,-1.0,-42.0
1776885622.8971028,1.0,-2.0,-39.0
1776885622.9071028,1.0,0.0,-38.0
1776885622.9171028,6.0,-2.0,-42.0
1776885622.9271028,4.0,-1.0,-44.0
1776885622.9371028,0.0,-3.0,-46.0
1776885622.9471028,0.0,-4.0,-43.0
1776885622.9571028,2.0,-1.0,-40.0
1776885622.9671028,5.0,-4.0,-39.0
1776885622.9771028,5.0,-4.0,-43.0
1776885622.9871027,4.0,-3.0,-50.0
1776885622.9971027,1.0,-2.0,-42.0
1776885623.0071027,3.0,0.0,-43.0
1776885623.0171027,0.0,0.0,-46.0
1776885623.0271027,2.0,-3.0,-45.0
1776885623.0371027,0.0,-7.0,-46.0
1776885623.0471027,-1.0,-11.0,-45.0
1776885623.057103,-3.0,-13.0,-44.0
1776885623.067103,0.0,-9.0,-40.0
1776885623.077103,-1.0,-8.0,-36.0
1776885623.087103,1.0,-1.0,-42.0
1776885623.0971026,5.0,3.0,-42.0
1776885623.1071026,7.0,0.0,-42.0
1776885623.1171026,7.0,1.0,-48.0
1776885623.1271029,7.0,0.0,-48.0
1776885623.1371028,9.0,3.0,-47.0
1776885623.1471028,7.0,5.0,-50.0
1776885623.1571028,5.0,7.0,-51.0
1776885623.1671028,5.0,9.0,-47.0
1776885623.1771028,12.0,7.0,-48.0
1776885623.1871028,16.0,0.0,-43.0
1776885623.1971028,11.0,-5.0,-46.0
1776885623.2071028,4.0,-3.0,-50.0
1776885623.2171028,3.0,-8.0,-45.0
1776885623.2271028,4.0,-7.0,-46.0
1776885623.2371027,6.0,-6.0,-46.0
1776885623.2471027,6.0,-4.0,-42.0
1776885623.2571027,6.0,0.0,-43.0
1776885623.2671027,0.0,-2.0,-40.0
1776885623.2781026,0.0,-4.0,-43.0
1776885623.2871027,-2.0,-4.0,-42.0
1776885623.2981029,-3.0,-6.0,-46.0
1776885623.3081028,-3.0,-6.0,-47.0
1776885623.317103,-4.0,-5.0,-44.0
1776885623.3281028,-4.0,-8.0,-49.0
1776885623.3381028,0.0,-8.0,-44.0
1776885623.3481028,-2.0,-9.0,-37.0
1776885623.3581028,3.0,-4.0,-35.0
1776885623.3681028,4.0,-2.0,-36.0
1776885623.3781028,3.0,-3.0,-35.0
1776885623.3881028,-3.0,0.0,-39.0
1776885623.3981028,0.0,1.0,-34.0
1776885623.4081028,-3.0,1.0,-38.0
1776885623.4181027,-1.0,3.0,-43.0
1776885623.4281027,4.0,4.0,-42.0
1776885623.4381027,8.0,4.0,-37.0
1776885623.4481027,8.0,2.0,-32.0
1776885623.4581027,4.0,5.0,-31.0
1776885623.4681027,2.0,4.0,-30.0
1776885623.4781027,7.0,0.0,-38.0
1776885623.488103,9.0,-2.0,-41.0
1776885623.498103,8.0,-2.0,-43.0
1776885623.508103,7.0,0.0,-40.0
1776885623.5181026,0.0,0.0,-46.0
1776885623.5281026,2.0,-6.0,-44.0
1776885623.5381026,4.0,-6.0,-49.0
1776885623.5481029,6.0,-2.0,-49.0
1776885623.5581028,9.0,-1.0,-45.0
1776885623.5681028,5.0,0.0,-41.0
1776885623.5781028,-1.0,0.0,-40.0
1776885623.5881028,-1.0,1.0,-36.0
1776885623.5981028,-3.0,-1.0,-31.0
1776885623.6081028,-5.0,1.0,-35.0
1776885623.6181028,-8.0,1.0,-35.0
1776885623.6281028,-4.0,2.0,-40.0
1776885623.6381028,-7.0,2.0,-46.0
1776885623.6481028,-7.0,2.0,-48.0
1776885623.6581028,-4.0,0.0,-48.0
1776885623.6681027,-8.0,-7.0,-38.0
1776885623.6781027,-7.0,-8.0,-34.0
1776885623.6881027,-9.0,-4.0,-37.0
1776885623.6981027,-6.0,-5.0,-39.0
1776885623.7081027,-5.0,-1.0,-36.0
1776885623.7181027,-7.0,-2.0,-41.0
1776885623.7281027,-9.0,-7.0,-47.0
1776885623.738103,-7.0,-8.0,-39.0
1776885623.748103,-4.0,-3.0,-37.0
1776885623.758103,-3.0,-6.0,-34.0
1776885623.7681026,2.0,-9.0,-42.0
1776885623.7781026,-1.0,-6.0,-40.0
1776885623.7881026,-1.0,-4.0,-41.0
1776885623.7981029,-4.0,-4.0,-43.0
1776885623.8081028,0.0,-3.0,-48.0
1776885623.8181028,0.0,-6.0,-48.0
1776885623.8281028,-3.0,-2.0,-49.0
1776885623.8381028,0.0,-4.0,-50.0
1776885623.8481028,-1.0,0.0,-53.0
1776885623.8581028,-4.0,0.0,-52.0
1776885623.8681028,-4.0,0.0,-54.0
1776885623.8781028,-2.0,-6.0,-51.0
1776885623.8881028,3.0,-9.0,-50.0
1776885623.8981028,2.0,-3.0,-48.0
1776885623.9081028,-2.0,1.0,-45.0
1776885623.9181027,-3.0,0.0,-46.0
1776885623.9281027,0.0,-2.0,-43.0
1776885623.9381027,-2.0,-1.0,-44.0
1776885623.9481027,-2.0,-2.0,-45.0
1776885623.9581027,-5.0,-2.0,-44.0
1776885623.9681027,-3.0,-4.0,-39.0
1776885623.9781027,0.0,-3.0,-41.0
1776885623.988103,1.0,-4.0,-44.0
1776885623.998103,3.0,-4.0,-44.0
1776885624.008103,5.0,-1.0,-48.0
1776885624.0181026,3.0,-3.0,-46.0
1776885624.0281026,5.0,-5.0,-43.0
1776885624.0381026,2.0,-7.0,-42.0
1776885624.0481029,1.0,-8.0,-42.0
1776885624.0581028,2.0,-5.0,-44.0
1776885624.0681028,3.0,-7.0,-49.0
1776885624.0781028,5.0,-4.0,-48.0
1776885624.0881028,8.0,-5.0,-42.0
1776885624.0981028,6.0,-4.0,-38.0
1776885624.1081028,0.0,-1.0,-41.0
1776885624.1181028,-6.0,-2.0,-44.0
1776885624.1281028,-8.0,-7.0,-42.0
1776885624.1381028,-4.0,-7.0,-42.0
1776885624.1481028,-1.0,-9.0,-42.0
1776885624.1581028,1.0,-8.0,-39.0
1776885624.1681027,4.0,-5.0,-33.0
1776885624.1781027,3.0,-4.0,-34.0
1776885624.1881027,2.0,-5.0,-39.0
1776885624.1981027,7.0,-4.0,-41.0
1776885624.2081027,6.0,-4.0,-40.0
1776885624.2181027,5.0,-6.0,-41.0
1776885624.2281027,4.0,-4.0,-38.0
1776885624.238103,4.0,-6.0,-40.0
1776885624.248103,1.0,-7.0,-44.0
1776885624.258103,0.0,-6.0,-45.0
1776885624.2681026,-1.0,-5.0,-36.0
1776885624.2781026,0.0,-7.0,-35.0
1776885624.2881026,-1.0,-12.0,-39.0
1776885624.2981029,0.0,-13.0,-45.0
1776885624.3081028,-1.0,-10.0,-44.0
1776885624.3181028,0.0,-1.0,-50.0
1776885624.3281028,6.0,-1.0,-47.0
1776885624.3381028,7.0,-5.0,-39.0
1776885624.3481028,4.0,-8.0,-37.0
1776885624.3581028,3.0,-4.0,-37.0
1776885624.3681028,5.0,-5.0,-41.0
1776885624.3781028,0.0,-4.0,-46.0
1776885624.3881028,0.0,-2.0,-44.0
1776885624.3981028,0.0,-3.0,-46.0
1776885624.4081028,2.0,-1.0,-44.0
1776885624.4181027,3.0,-4.0,-51.0
1776885624.4281027,0.0,-3.0,-51.0
1776885624.4381027,1.0,-4.0,-52.0
1776885624.4481027,0.0,-3.0,-51.0
1776885624.4581027,0.0,-6.0,-50.0
1776885624.4681027,-1.0,-6.0,-51.0
1776885624.4781027,-3.0,-2.0,-48.0
1776885624.488103,-3.0,-6.0,-44.0
1776885624.498103,-7.0,-4.0,-44.0
1776885624.508103,-2.0,-1.0,-42.0
1776885624.5181026,-5.0,-3.0,-41.0
1776885624.5281026,-4.0,-2.0,-37.0
1776885624.5381026,-4.0,-3.0,-32.0
1776885624.5481029,-5.0,-4.0,-37.0
1776885624.5581028,0.0,-3.0,-38.0
1776885624.5681028,0.0,-5.0,-39.0
1776885624.5781028,-1.0,-6.0,-43.0
1776885624.5881028,-2.0,-4.0,-44.0
1776885624.5981028,0.0,-4.0,-42.0
1776885624.6081028,0.0,-5.0,-45.0
1776885624.6181028,-1.0,-7.0,-42.0
1776885624.6281028,5.0,-9.0,-43.0
1776885624.6381028,9.0,-12.0,-45.0
1776885624.6481028,9.0,-10.0,-46.0
1776885624.6581028,9.0,-7.0,-44.0
1776885624.6681027,7.0,-4.0,-42.0
1776885624.6781027,2.0,-5.0,-42.0
1776885624.6881027,2.0,-1.0,-43.0
1776885624.6981027,4.0,4.0,-46.0
1776885624.7081027,7.0,1.0,-43.0
1776885624.7181027,9.0,1.0,-46.0
1776885624.7281027,7.0,2.0,-48.0
1776885624.738103,9.0,0.0,-51.0
1776885624.748103,9.0,2.0,-55.0
1776885624.758103,6.0,2.0,-52.0
1776885624.7681026,3.0,4.0,-55.0
1776885624.7781026,0.0,2.0,-52.0
1776885624.7881026,-2.0,3.0,-50.0
1776885624.7981029,-1.0,2.0,-48.0
1776885624.8081028,-2.0,4.0,-51.0
1776885624.8181028,0.0,2.0,-52.0
1776885624.8281028,2.0,3.0,-54.0
1776885624.8381028,5.0,2.0,-56.0
1776885624.8481028,1.0,2.0,-57.0
1776885624.8581028,3.0,2.0,-55.0
1776885624.8681028,2.0,1.0,-51.0
1776885624.8781028,4.0,0.0,-45.0
1776885624.8881028,1.0,-2.0,-41.0
1776885624.8981028,1.0,-2.0,-42.0
1776885624.9081028,0.0,3.0,-34.0
1776885624.9181027,2.0,3.0,-31.0
1776885624.9281027,0.0,4.0,-33.0
1776885624.9381027,-2.0,2.0,-38.0
1776885624.9481027,-2.0,1.0,-41.0
1776885624.9581027,-1.0,-1.0,-45.0
1776885624.9681027,1.0,-1.0,-48.0
1776885624.9781027,0.0,-1.0,-44.0
1776885624.988103,0.0,0.0,-42.0
1776885624.998103,4.0,0.0,-41.0
1776885625.008103,2.0,-1.0,-36.0
1776885625.0181026,-1.0,1.0,-37.0
1776885625.0281026,-5.0,1.0,-34.0
1776885625.0381026,-1.0,2.0,-34.0
1776885625.0481029,0.0,0.0,-34.0
1776885625.0581028,0.0,1.0,-35.0
1776885625.0681028,1.0,2.0,-32.0
1776885625.0781028,0.0,4.0,-33.0
1776885625.0881028,0.0,8.0,-36.0
1776885625.0981028,0.0,5.0,-36.0
1776885625.1081028,2.0,6.0,-38.0
1776885625.1181028,1.0,3.0,-34.0
1776885625.1281028,2.0,0.0,-31.0
1776885625.1381028,3.0,0.0,-35.0
1776885625.1481028,1.0,0.0,-33.0
1776885625.1581028,-1.0,-1.0,-33.0
1776885625.1681027,-4.0,-8.0,-38.0
1776885625.1781027,-3.0,-9.0,-45.0
1776885625.1881027,-4.0,-8.0,-50.0
1776885625.1981027,-7.0,-5.0,-50.0
1776885625.2081027,-3.0,-2.0,-51.0
1776885625.2181027,-8.0,-4.0,-48.0
1776885625.2281027,-9.0,-4.0,-47.0
1776885625.2391028,-4.0,-9.0,-51.0
1776885625.248103,-4.0,-7.0,-50.0
1776885625.258103,-6.0,-7.0,-51.0
1776885625.2681026,-3.0,-5.0,-53.0
1776885625.2791028,0.0,-6.0,-56.0
1776885625.2891028,0.0,-6.0,-60.0
1776885625.2981029,-1.0,2.0,-58.0
1776885625.3091028,-2.0,6.0,-57.0
1776885625.3191028,-2.0,6.0,-50.0
1776885625.3291028,0.0,4.0,-44.0
1776885625.3391027,2.0,1.0,-44.0
1776885625.3491027,4.0,-2.0,-44.0
1776885625.3591027,0.0,1.0,-47.0
1776885625.3691027,1.0,0.0,-52.0
1776885625.3791027,3.0,0.0,-56.0
1776885625.3891027,7.0,1.0,-56.0
1776885625.3991027,4.0,0.0,-57.0
1776885625.409103,8.0,1.0,-51.0
1776885625.419103,7.0,3.0,-54.0
1776885625.429103,0.0,5.0,-49.0
1776885625.4391026,0.0,6.0,-40.0
1776885625.4491026,0.0,9.0,-39.0
1776885625.4591026,2.0,10.0,-39.0
1776885625.4691026,7.0,11.0,-45.0
1776885625.4791028,9.0,12.0,-39.0
1776885625.4891028,9.0,10.0,-34.0
1776885625.4991028,2.0,8.0,-28.0
1776885625.5091028,-2.0,5.0,-30.0
1776885625.5191028,-10.0,5.0,-36.0
1776885625.5291028,-6.0,5.0,-44.0
1776885625.5391028,-4.0,6.0,-40.0
1776885625.5491028,-5.0,6.0,-41.0
1776885625.5591028,-4.0,9.0,-43.0
1776885625.5691028,0.0,8.0,-41.0
1776885625.5791028,4.0,4.0,-42.0
1776885625.5891027,3.0,2.0,-40.0
1776885625.5991027,3.0,1.0,-47.0
1776885625.6091027,5.0,-2.0,-50.0
1776885625.6191027,3.0,1.0,-44.0
1776885625.6291027,2.0,-1.0,-38.0
1776885625.6391027,0.0,0.0,-38.0
1776885625.6491027,3.0,1.0,-41.0
1776885625.659103,5.0,4.0,-55.0
1776885625.669103,4.0,1.0,-56.0
1776885625.679103,6.0,0.0,-53.0
1776885625.6891026,-2.0,-1.0,-46.0
1776885625.6991026,-5.0,-1.0,-50.0
1776885625.7091026,-1.0,6.0,-45.0
1776885625.7191026,0.0,11.0,-40.0
1776885625.7291028,0.0,10.0,-35.0
1776885625.7391028,0.0,7.0,-32.0
1776885625.7491028,-6.0,4.0,-35.0
1776885625.7591028,0.0,3.0,-31.0
1776885625.7691028,1.0,-1.0,-33.0
1776885625.7791028,1.0,-1.0,-40.0
1776885625.7891028,-3.0,-2.0,-44.0
1776885625.7991028,-1.0,-1.0,-42.0
1776885625.8091028,-4.0,0.0,-41.0
1776885625.8191028,-7.0,2.0,-37.0
1776885625.8291028,-6.0,0.0,-30.0
1776885625.8391027,-4.0,0.0,-28.0
1776885625.8491027,-3.0,-7.0,-31.0
1776885625.8591027,0.0,-6.0,-35.0
1776885625.8691027,0.0,-7.0,-37.0
1776885625.8791027,0.0,-8.0,-39.0
1776885625.8891027,-3.0,-4.0,-45.0
1776885625.8991027,0.0,-7.0,-49.0
1776885625.909103,0.0,-6.0,-45.0
1776885625.919103,-1.0,-4.0,-43.0
1776885625.929103,-1.0,-7.0,-46.0
1776885625.9391026,-7.0,-5.0,-41.0
1776885625.9491026,-4.0,-7.0,-41.0
1776885625.9591026,-7.0,-10.0,-43.0
1776885625.9691026,-6.0,-7.0,-38.0
1776885625.9791028,0.0,-4.0,-37.0
1776885625.9891028,1.0,-2.0,-37.0
1776885625.9991028,-2.0,-5.0,-38.0
1776885626.0091028,-3.0,-6.0,-34.0
1776885626.0191028,-3.0,-4.0,-35.0
1776885626.0291028,0.0,-9.0,-35.0
1776885626.0391028,-1.0,-9.0,-40.0
1776885626.0491028,-1.0,-8.0,-46.0
1776885626.0591028,1.0,-8.0,-52.0
1776885626.0691028,4.0,-5.0,-52.0
1776885626.0791028,3.0,-3.0,-53.0
1776885626.0891027,-2.0,-6.0,-55.0
1776885626.0991027,-1.0,-3.0,-52.0
1776885626.1091027,-2.0,-2.0,-47.0
1776885626.1191027,0.0,0.0,-48.0
1776885626.1291027,-1.0,-2.0,-49.0
1776885626.1391027,1.0,-1.0,-45.0
1776885626.1491027,1.0,-2.0,-42.0
1776885626.159103,4.0,-2.0,-49.0
1776885626.169103,4.0,-3.0,-47.0
1776885626.179103,1.0,-4.0,-47.0
1776885626.1891026,3.0,-3.0,-48.0
1776885626.1991026,0.0,-1.0,-41.0
1776885626.2091026,-3.0,-2.0,-38.0
1776885626.2191026,2.0,-1.0,-39.0
1776885626.2291028,1.0,-1.0,-43.0
1776885626.2391028,3.0,0.0,-40.0
1776885626.2491028,1.0,1.0,-43.0
1776885626.2591028,1.0,-3.0,-44.0
1776885626.2691028,0.0,-3.0,-33.0
1776885626.2791028,-1.0,-3.0,-33.0
1776885626.2891028,-2.0,0.0,-32.0
1776885626.2991028,-4.0,0.0,-35.0
1776885626.3091028,-3.0,0.0,-36.0
1776885626.3191028,-1.0,-3.0,-38.0
1776885626.3291028,-3.0,-5.0,-44.0
1776885626.3391027,-2.0,-4.0,-47.0
1776885626.3491027,2.0,-6.0,-53.0
1776885626.3591027,0.0,-6.0,-51.0
1776885626.3691027,0.0,-4.0,-49.0
1776885626.3791027,-1.0,-5.0,-52.0
1776885626.3891027,-2.0,-9.0,-50.0
1776885626.3991027,-3.0,-10.0,-49.0
1776885626.409103,0.0,-10.0,-46.0
1776885626.419103,0.0,-9.0,-39.0
1776885626.429103,3.0,-3.0,-38.0
1776885626.4391026,1.0,2.0,-29.0
1776885626.4491026,-4.0,-1.0,-35.0
1776885626.4591026,-1.0,0.0,-34.0
1776885626.4691026,1.0,-2.0,-37.0
1776885626.4791028,-2.0,-1.0,-29.0
1776885626.4891028,-4.0,1.0,-27.0
1776885626.4991028,-5.0,-3.0,-38.0
1776885626.5091028,-5.0,-1.0,-39.0
1776885626.5191028,-6.0,0.0,-41.0
1776885626.5291028,-6.0,0.0,-44.0
1776885626.5391028,-4.0,-3.0,-39.0
1776885626.5491028,-6.0,-2.0,-35.0
1776885626.5591028,-5.0,-1.0,-35.0
1776885626.5691028,-4.0,-2.0,-35.0
1776885626.5791028,0.0,-4.0,-40.0
1776885626.5891027,1.0,-4.0,-36.0
1776885626.5991027,1.0,-4.0,-31.0
1776885626.6091027,3.0,-1.0,-36.0
1776885626.6191027,5.0,1.0,-43.0
1776885626.6291027,6.0,3.0,-46.0
1776885626.6391027,4.0,0.0,-47.0
1776885626.6491027,3.0,0.0,-45.0
1776885626.659103,4.0,-2.0,-43.0
1776885626.669103,0.0,0.0,-49.0
1776885626.679103,5.0,0.0,-41.0
1776885626.6891026,5.0,-3.0,-42.0
1776885626.6991026,3.0,-1.0,-41.0
1776885626.7091026,-2.0,-5.0,-52.0
1776885626.7191026,-3.0,-2.0,-49.0
1776885626.7291028,0.0,0.0,-45.0
1776885626.7391028,1.0,1.0,-45.0
1776885626.7491028,4.0,2.0,-38.0
1776885626.7591028,4.0,0.0,-44.0
1776885626.7691028,1.0,0.0,-40.0
1776885626.7791028,-1.0,-3.0,-38.0
1776885626.7891028,0.0,-1.0,-39.0
1776885626.7991028,1.0,-1.0,-39.0
1776885626.8091028,4.0,1.0,-42.0
1776885626.8191028,3.0,0.0,-36.0
1776885626.8291028,4.0,4.0,-40.0
1776885626.8391027,4.0,3.0,-40.0
1776885626.8491027,0.0,4.0,-35.0
1776885626.8591027,0.0,-1.0,-38.0
1776885626.8691027,0.0,-4.0,-39.0
1776885626.8791027,-6.0,-3.0,-37.0
1776885626.8891027,-2.0,0.0,-44.0
1776885626.8991027,-2.0,-1.0,-43.0
1776885626.909103,0.0,1.0,-50.0
1776885626.919103,5.0,3.0,-51.0
1776885626.929103,6.0,9.0,-49.0
1776885626.9391026,10.0,8.0,-53.0
1776885626.9491026,7.0,6.0,-52.0
1776885626.9591026,9.0,2.0,-47.0
1776885626.9691026,7.0,0.0,-46.0
1776885626.9791028,3.0,-2.0,-48.0
1776885626.9891028,2.0,-5.0,-54.0
1776885626.9991028,1.0,-3.0,-55.0
1776885627.0091028,3.0,-3.0,-49.0
1776885627.0191028,2.0,-3.0,-43.0
1776885627.0291028,-5.0,-2.0,-44.0
1776885627.0391028,-3.0,-4.0,-47.0
1776885627.0491028,-1.0,-7.0,-49.0
1776885627.0591028,3.0,-3.0,-44.0
1776885627.0691028,4.0,-5.0,-45.0
1776885627.0791028,3.0,-3.0,-45.0
1776885627.0891027,5.0,-4.0,-42.0
1776885627.0991027,5.0,-4.0,-37.0
1776885627.1091027,4.0,-1.0,-34.0
1776885627.1191027,-1.0,0.0,-34.0
1776885627.1291027,-2.0,-2.0,-33.0
1776885627.1391027,0.0,-5.0,-34.0
1776885627.1491027,1.0,-6.0,-31.0
1776885627.159103,1.0,-3.0,-34.0
1776885627.169103,0.0,-4.0,-41.0
1776885627.179103,-3.0,-4.0,-42.0
1776885627.1891026,-6.0,-5.0,-37.0
1776885627.1991026,-6.0,-5.0,-36.0
1776885627.2091026,-3.0,-4.0,-37.0
1776885627.2191026,-1.0,-1.0,-37.0
1776885627.2301028,5.0,-5.0,-42.0
1776885627.2391028,4.0,-3.0,-47.0
1776885627.2491028,3.0,-3.0,-50.0
1776885627.2601027,0.0,-3.0,-52.0
1776885627.2701027,4.0,0.0,-54.0
1776885627.2791028,6.0,0.0,-55.0
1776885627.2901027,8.0,-4.0,-55.0
1776885627.3001027,6.0,-6.0,-47.0
1776885627.3101027,6.0,-2.0,-45.0
1776885627.3201027,2.0,-1.0,-43.0
1776885627.3301027,2.0,-4.0,-39.0
1776885627.340103,0.0,-4.0,-31.0
1776885627.350103,-7.0,-3.0,-30.0
1776885627.360103,-5.0,-8.0,-30.0
1776885627.3701026,-2.0,-8.0,-35.0
1776885627.3801026,-4.0,-3.0,-36.0
1776885627.3901026,-7.0,-3.0,-31.0
1776885627.4001029,-6.0,-5.0,-33.0
1776885627.4101028,-3.0,-6.0,-28.0
1776885627.4201028,0.0,-7.0,-33.0
1776885627.4301028,0.0,1.0,-37.0
1776885627.4401028,-1.0,0.0,-32.0
1776885627.4501028,-4.0,0.0,-34.0
1776885627.4601028,-3.0,2.0,-40.0
1776885627.4701028,0.0,0.0,-45.0
1776885627.4801028,-1.0,-4.0,-43.0
1776885627.4901028,-1.0,-7.0,-45.0
1776885627.5001028,1.0,-5.0,-41.0
1776885627.5101027,1.0,-4.0,-40.0
1776885627.5201027,2.0,-5.0,-39.0
1776885627.5301027,1.0,-3.0,-41.0
1776885627.5401027,0.0,-8.0,-37.0
1776885627.5501027,-4.0,-8.0,-34.0
1776885627.5601027,-2.0,-5.0,-40.0
1776885627.5701027,0.0,-6.0,-40.0
1776885627.5801027,3.0,-5.0,-42.0
1776885627.590103,4.0,-6.0,-45.0
1776885627.600103,2.0,-8.0,-40.0
1776885627.610103,4.0,-6.0,-33.0
1776885627.6201026,2.0,-3.0,-42.0
1776885627.6301026,-6.0,-1.0,-46.0
1776885627.6401026,-3.0,0.0,-50.0
1776885627.6501029,2.0,-1.0,-48.0
1776885627.6601028,0.0,-4.0,-37.0
1776885627.6701028,1.0,-3.0,-30.0
1776885627.6801028,3.0,-1.0,-34.0
1776885627.6901028,4.0,-2.0,-40.0
1776885627.7001028,0.0,-3.0,-40.0
1776885627.7101028,2.0,-2.0,-41.0
1776885627.7201028,1.0,-2.0,-50.0
1776885627.7301028,0.0,-4.0,-45.0
1776885627.7401028,0.0,-1.0,-42.0
1776885627.7501028,-2.0,0.0,-41.0
1776885627.7601027,-2.0,-2.0,-31.0
1776885627.7701027,0.0,-3.0,-31.0
1776885627.7801027,0.0,-1.0,-35.0
1776885627.7901027,0.0,0.0,-35.0
1776885627.8001027,-2.0,0.0,-37.0
1776885627.8101027,2.0,-2.0,-35.0
1776885627.8201027,4.0,-2.0,-35.0
1776885627.8301027,7.0,-2.0,-32.0
1776885627.840103,8.0,0.0,-26.0
1776885627.850103,10.0,-1.0,-28.0
1776885627.860103,9.0,1.0,-31.0
1776885627.8701026,9.0,4.0,-40.0
1776885627.8801026,6.0,0.0,-38.0
1776885627.8901026,3.0,0.0,-35.0
1776885627.9001029,2.0,-2.0,-43.0
1776885627.9101028,0.0,-5.0,-44.0
1776885627.9201028,0.0,-1.0,-44.0
1776885627.9301028,-2.0,-4.0,-43.0
1776885627.9401028,-3.0,-6.0,-44.0
1776885627.9501028,-2.0,-3.0,-41.0
1776885627.9601028,1.0,-1.0,-43.0
1776885627.9701028,0.0,-2.0,-48.0
1776885627.9801028,-2.0,-1.0,-46.0
1776885627.9901028,-3.0,-1.0,-43.0
1776885628.0001028,-4.0,-8.0,-45.0
1776885628.0101027,0.0,-3.0,-43.0
1776885628.0201027,0.0,-1.0,-37.0
1776885628.0301027,1.0,0.0,-35.0
1776885628.0401027,0.0,1.0,-32.0
1776885628.0501027,2.0,0.0,-34.0
1776885628.0601027,3.0,-1.0,-35.0
1776885628.0701027,2.0,0.0,-35.0
1776885628.0801027,3.0,3.0,-31.0
1776885628.090103,0.0,0.0,-29.0
1776885628.100103,3.0,0.0,-33.0
1776885628.110103,4.0,0.0,-34.0
1776885628.1201026,4.0,2.0,-28.0
1776885628.1301026,5.0,0.0,-30.0
1776885628.1401026,5.0,1.0,-29.0
1776885628.1501029,2.0,0.0,-35.0
1776885628.1601028,-1.0,0.0,-36.0
1776885628.1701028,0.0,-3.0,-35.0
1776885628.1801028,5.0,-5.0,-34.0
1776885628.1901028,3.0,-3.0,-42.0
1776885628.2001028,1.0,-1.0,-47.0
1776885628.2101028,-2.0,-1.0,-49.0
1776885628.2201028,0.0,3.0,-41.0
1776885628.2301028,1.0,2.0,-49.0
1776885628.2401028,1.0,0.0,-43.0
1776885628.2501028,2.0,0.0,-39.0
1776885628.2601027,3.0,0.0,-47.0
1776885628.2701027,-1.0,0.0,-46.0
1776885628.2801027,-3.0,1.0,-51.0
1776885628.2901027,-5.0,-2.0,-53.0
1776885628.3001027,2.0,-1.0,-47.0
1776885628.3101027,-1.0,0.0,-45.0
1776885628.3201027,1.0,-1.0,-42.0
1776885628.3301027,5.0,-4.0,-36.0
1776885628.340103,6.0,-4.0,-33.0
1776885628.350103,6.0,-4.0,-34.0
1776885628.360103,4.0,-3.0,-36.0
1776885628.3701026,2.0,1.0,-44.0
1776885628.3801026,1.0,3.0,-40.0
1776885628.3901026,3.0,1.0,-42.0
1776885628.4001029,8.0,-2.0,-39.0
1776885628.4101028,7.0,-5.0,-38.0
1776885628.4201028,0.0,-9.0,-41.0
1776885628.4301028,3.0,-9.0,-43.0
1776885628.4401028,6.0,-2.0,-44.0
1776885628.4501028,4.0,3.0,-43.0
1776885628.4601028,0.0,0.0,-41.0
1776885628.4701028,1.0,-1.0,-45.0
1776885628.4801028,2.0,-2.0,-47.0
1776885628.4901028,2.0,-3.0,-45.0
1776885628.5001028,3.0,-3.0,-44.0
1776885628.5101027,2.0,-4.0,-44.0
1776885628.5201027,6.0,-4.0,-46.0
1776885628.5301027,2.0,-2.0,-49.0
1776885628.5401027,1.0,-4.0,-39.0
1776885628.5501027,4.0,-2.0,-43.0
1776885628.5601027,5.0,-6.0,-42.0
1776885628.5701027,4.0,-4.0,-41.0
1776885628.5801027,5.0,-3.0,-30.0
1776885628.590103,2.0,-4.0,-32.0
1776885628.600103,1.0,0.0,-35.0
1776885628.610103,0.0,3.0,-38.0
1776885628.6201026,-1.0,2.0,-37.0
1776885628.6301026,-1.0,1.0,-40.0
1776885628.6401026,1.0,0.0,-47.0
1776885628.6501029,-1.0,-2.0,-47.0
1776885628.6601028,0.0,-4.0,-45.0
1776885628.6701028,3.0,-3.0,-45.0
1776885628.6801028,4.0,-4.0,-45.0
1776885628.6901028,5.0,1.0,-47.0
1776885628.7001028,6.0,2.0,-52.0
1776885628.7101028,5.0,0.0,-51.0
1776885628.7201028,4.0,1.0,-52.0
1776885628.7301028,2.0,2.0,-52.0
1776885628.7401028,1.0,1.0,-54.0
1776885628.7501028,1.0,5.0,-54.0
1776885628.7601027,2.0,6.0,-45.0
1776885628.7701027,0.0,3.0,-42.0
1776885628.7801027,3.0,3.0,-44.0
1776885628.7901027,2.0,2.0,-43.0
1776885628.8001027,2.0,1.0,-46.0
1776885628.8101027,1.0,3.0,-42.0
1776885628.8201027,-2.0,-2.0,-39.0
1776885628.8301027,0.0,-4.0,-38.0
1776885628.840103,1.0,-1.0,-37.0
1776885628.850103,-1.0,-1.0,-38.0
1776885628.860103,2.0,0.0,-32.0
1776885628.8701026,0.0,2.0,-32.0
1776885628.8801026,3.0,1.0,-37.0
1776885628.8901026,0.0,1.0,-35.0
1776885628.9001029,0.0,-1.0,-30.0
1776885628.9101028,4.0,-1.0,-30.0
1776885628.9201028,4.0,-3.0,-34.0
1776885628.9301028,4.0,-1.0,-33.0
1776885628.9401028,2.0,0.0,-39.0
1776885628.9501028,3.0,3.0,-40.0
1776885628.9601028,5.0,1.0,-41.0
1776885628.9701028,5.0,1.0,-40.0
1776885628.9801028,4.0,-1.0,-37.0
1776885628.9901028,6.0,-7.0,-43.0
1776885629.0001028,2.0,-8.0,-44.0
1776885629.0101027,0.0,-4.0,-39.0
1776885629.0201027,0.0,-5.0,-42.0
1776885629.0301027,0.0,-6.0,-47.0
1776885629.0401027,1.0,-5.0,-41.0
1776885629.0501027,0.0,-4.0,-41.0
1776885629.0601027,-1.0,-5.0,-42.0
1776885629.0701027,1.0,-5.0,-42.0
1776885629.0801027,4.0,-2.0,-40.0
1776885629.090103,2.0,-2.0,-45.0
1776885629.100103,4.0,-1.0,-47.0
1776885629.110103,3.0,0.0,-41.0
1776885629.1201026,2.0,2.0,-38.0
1776885629.1301026,7.0,0.0,-41.0
1776885629.1401026,7.0,-1.0,-41.0
1776885629.1501029,3.0,0.0,-40.0
1776885629.1601028,3.0,0.0,-42.0
1776885629.1701028,3.0,0.0,-41.0
1776885629.1801028,0.0,3.0,-48.0
1776885629.1901028,-2.0,9.0,-47.0
1776885629.2001028,2.0,8.0,-47.0
1776885629.2101028,0.0,6.0,-43.0
1776885629.2201028,4.0,8.0,-39.0
1776885629.2311027,3.0,8.0,-42.0
1776885629.2411027,2.0,5.0,-39.0
1776885629.2511027,0.0,-1.0,-43.0
1776885629.2601027,-2.0,0.0,-44.0
1776885629.271103,-2.0,0.0,-49.0
1776885629.281103,-1.0,0.0,-46.0
1776885629.2911026,0.0,-1.0,-45.0
1776885629.3011026,2.0,-3.0,-46.0
1776885629.3111026,2.0,-3.0,-44.0
1776885629.3211029,2.0,-3.0,-52.0
1776885629.3311028,3.0,2.0,-52.0
1776885629.3411028,3.0,-2.0,-50.0
1776885629.3511028,5.0,-3.0,-47.0
1776885629.3611028,4.0,2.0,-51.0
1776885629.3711028,6.0,2.0,-47.0
1776885629.3811028,5.0,1.0,-43.0
1776885629.3911028,3.0,2.0,-45.0
1776885629.4011028,1.0,-1.0,-37.0
1776885629.4111028,2.0,-3.0,-30.0
1776885629.4211028,2.0,-2.0,-26.0
1776885629.4311028,4.0,-3.0,-30.0
1776885629.4411027,4.0,-2.0,-35.0
1776885629.4511027,5.0,-3.0,-34.0
1776885629.4611027,0.0,-2.0,-36.0
1776885629.4711027,-2.0,-3.0,-40.0
1776885629.4811027,-2.0,-5.0,-46.0
1776885629.4911027,1.0,-7.0,-42.0
1776885629.5011027,0.0,-5.0,-45.0
1776885629.511103,-1.0,-4.0,-46.0
1776885629.521103,0.0,1.0,-46.0
1776885629.531103,-3.0,1.0,-48.0
1776885629.5411026,-3.0,-1.0,-44.0
1776885629.5511026,0.0,1.0,-40.0
1776885629.5611026,7.0,1.0,-46.0
1776885629.5711029,5.0,0.0,-39.0
1776885629.5811028,6.0,1.0,-37.0
1776885629.5911028,7.0,0.0,-35.0
1776885629.6011028,3.0,-1.0,-36.0
1776885629.6111028,2.0,-3.0,-42.0
1776885629.6211028,3.0,-6.0,-41.0
1776885629.6311028,0.0,-2.0,-44.0
1776885629.6411028,0.0,-4.0,-47.0
1776885629.6511028,1.0,-2.0,-51.0
1776885629.6611028,4.0,0.0,-56.0
1776885629.6711028,4.0,-4.0,-56.0
1776885629.6811028,2.0,-3.0,-55.0
1776885629.6911027,0.0,-2.0,-50.0
1776885629.7011027,3.0,1.0,-50.0
1776885629.7111027,4.0,4.0,-51.0
1776885629.7211027,7.0,0.0,-50.0
1776885629.7311027,5.0,2.0,-50.0
1776885629.7411027,2.0,-3.0,-48.0
1776885629.7511027,5.0,-3.0,-37.0
1776885629.761103,3.0,-2.0,-36.0
1776885629.771103,4.0,-3.0,-36.0
1776885629.781103,10.0,-8.0,-37.0
1776885629.7911026,12.0,-4.0,-40.0
1776885629.8011026,12.0,-3.0,-39.0
1776885629.8111026,9.0,-4.0,-43.0
1776885629.8211029,7.0,-2.0,-42.0
1776885629.8311028,7.0,-2.0,-46.0
1776885629.8421028,11.0,-3.0,-50.0
1776885629.8511028,8.0,-3.0,-44.0
1776885629.8611028,6.0,-3.0,-38.0
1776885629.8711028,8.0,-5.0,-37.0
1776885629.8811028,6.0,-7.0,-37.0
1776885629.8911028,4.0,-6.0,-37.0
1776885629.9011028,0.0,-4.0,-37.0
1776885629.9111028,1.0,-5.0,-45.0
1776885629.9211028,3.0,-2.0,-43.0
1776885629.9311028,-2.0,-3.0,-41.0
1776885629.9411027,0.0,-1.0,-33.0
1776885629.9511027,0.0,0.0,-33.0
1776885629.9611027,-2.0,0.0,-29.0
1776885629.9711027,-5.0,-2.0,-31.0
1776885629.9811027,-6.0,-5.0,-27.0
1776885629.9911027,-8.0,-8.0,-30.0
1776885630.0011027,-4.0,-9.0,-33.0
1776885630.011103,-3.0,-10.0,-41.0
1776885630.021103,-1.0,-8.0,-37.0
1776885630.031103,-2.0,-6.0,-37.0
1776885630.0411026,-1.0,-5.0,-35.0
1776885630.0511026,3.0,-3.0,-35.0
1776885630.0611026,5.0,-1.0,-37.0
1776885630.0711029,1.0,-2.0,-45.0
1776885630.0811028,4.0,-3.0,-43.0
1776885630.0911028,1.0,-1.0,-41.0
1776885630.1011028,1.0,0.0,-37.0
1776885630.1111028,-1.0,0.0,-36.0
1776885630.1211028,-2.0,-4.0,-38.0
1776885630.1311028,0.0,-2.0,-34.0
1776885630.1411028,0.0,-3.0,-39.0
1776885630.1511028,2.0,-4.0,-38.0
1776885630.1611028,1.0,0.0,-34.0
1776885630.1711028,0.0,-1.0,-39.0
1776885630.1811028,1.0,-2.0,-47.0
1776885630.1911027,1.0,3.0,-41.0
1776885630.2011027,1.0,3.0,-43.0
1776885630.2111027,5.0,0.0,-38.0
1776885630.2211027,2.0,0.0,-37.0
1776885630.2311027,-1.0,-3.0,-36.0
1776885630.2411027,0.0,-2.0,-34.0
1776885630.2511027,1.0,-1.0,-33.0
1776885630.261103,0.0,0.0,-32.0
1776885630.271103,-4.0,-2.0,-40.0
1776885630.281103,-5.0,2.0,-47.0
1776885630.2911026,-3.0,0.0,-44.0
1776885630.3011026,-5.0,0.0,-44.0
1776885630.3111026,-3.0,0.0,-46.0
1776885630.3211029,0.0,0.0,-40.0
1776885630.3311028,0.0,1.0,-39.0
1776885630.3411028,-4.0,2.0,-43.0
1776885630.3511028,-7.0,0.0,-42.0
1776885630.3611028,-6.0,0.0,-41.0
1776885630.3711028,-1.0,-1.0,-45.0
1776885630.3811028,0.0,-7.0,-49.0
1776885630.3911028,0.0,-5.0,-50.0
1776885630.4011028,-1.0,0.0,-52.0
1776885630.4111028,-5.0,0.0,-48.0
1776885630.4211028,-4.0,-2.0,-46.0
1776885630.4311028,2.0,1.0,-49.0
1776885630.4411027,0.0,1.0,-55.0
1776885630.4511027,0.0,-5.0,-60.0
1776885630.4611027,1.0,-5.0,-51.0
1776885630.4711027,0.0,-4.0,-42.0
1776885630.4811027,0.0,-3.0,-40.0
1776885630.4911027,0.0,-3.0,-42.0
1776885630.5011027,3.0,-1.0,-44.0
1776885630.511103,2.0,1.0,-48.0
1776885630.521103,4.0,2.0,-47.0
1776885630.531103,6.0,0.0,-41.0
1776885630.5411026,10.0,0.0,-45.0
1776885630.5511026,11.0,-1.0,-42.0
1776885630.5611026,14.0,-5.0,-43.0
1776885630.5711029,12.0,-3.0,-43.0
1776885630.5811028,9.0,-3.0,-48.0
1776885630.5911028,6.0,-5.0,-46.0
1776885630.6011028,3.0,-7.0,-51.0
1776885630.6111028,2.0,-2.0,-48.0
1776885630.6211028,3.0,-7.0,-45.0
1776885630.6311028,2.0,-7.0,-40.0
1776885630.6411028,-2.0,-6.0,-40.0
1776885630.6511028,-2.0,-5.0,-44.0
1776885630.6611028,-3.0,-5.0,-40.0
1776885630.6711028,-3.0,-2.0,-33.0
1776885630.6811028,0.0,-5.0,-39.0
1776885630.6911027,5.0,-3.0,-47.0
1776885630.7011027,5.0,0.0,-52.0
1776885630.7111027,8.0,0.0,-54.0
1776885630.7211027,8.0,0.0,-54.0
1776885630.7311027,10.0,0.0,-51.0
1776885630.7411027,8.0,0.0,-54.0
1776885630.7511027,5.0,1.0,-55.0
1776885630.761103,5.0,1.0,-58.0
1776885630.771103,6.0,-1.0,-56.0
1776885630.781103,1.0,-2.0,-51.0
1776885630.7911026,0.0,0.0,-50.0
1776885630.8011026,-2.0,-6.0,-45.0
1776885630.8111026,-1.0,-9.0,-43.0
1776885630.8211029,1.0,-6.0,-39.0
1776885630.8311028,0.0,-4.0,-38.0
1776885630.8411028,0.0,2.0,-39.0
1776885630.8511028,-1.0,2.0,-39.0
1776885630.8611028,-2.0,2.0,-35.0
1776885630.8711028,0.0,-3.0,-34.0
1776885630.8811028,2.0,0.0,-38.0
1776885630.8911028,-2.0,-2.0,-42.0
1776885630.9011028,-2.0,-2.0,-42.0
1776885630.9111028,0.0,-1.0,-47.0
1776885630.9211028,0.0,-5.0,-39.0
1776885630.9311028,-1.0,-2.0,-41.0
1776885630.9411027,1.0,0.0,-41.0
1776885630.9511027,3.0,-3.0,-48.0
1776885630.9611027,3.0,0.0,-48.0
1776885630.9711027,5.0,0.0,-44.0
1776885630.9811027,6.0,-2.0,-45.0
1776885630.9911027,5.0,-6.0,-46.0
1776885631.0011027,8.0,-9.0,-44.0
1776885631.011103,5.0,-8.0,-41.0
1776885631.021103,-1.0,-6.0,-44.0
1776885631.031103,-1.0,-8.0,-43.0
1776885631.0411026,-2.0,-9.0,-44.0
1776885631.0511026,0.0,-7.0,-38.0
1776885631.0611026,-3.0,-4.0,-32.0
1776885631.0711029,-2.0,-3.0,-40.0
1776885631.0811028,-1.0,-1.0,-48.0
1776885631.0911028,-2.0,0.0,-51.0
1776885631.1011028,0.0,-3.0,-53.0
1776885631.1111028,1.0,-4.0,-55.0
1776885631.1211028,1.0,-1.0,-57.0
1776885631.1311028,-2.0,0.0,-47.0
1776885631.1411028,2.0,5.0,-47.0
1776885631.1511028,1.0,5.0,-44.0
1776885631.1611028,1.0,5.0,-50.0
1776885631.1711028,6.0,5.0,-51.0
1776885631.1811028,4.0,6.0,-42.0
1776885631.1911027,0.0,8.0,-35.0
1776885631.2011027,-2.0,10.0,-38.0
1776885631.212103,-2.0,5.0,-33.0
1776885631.2221026,-2.0,-1.0,-36.0
1776885631.2311027,-5.0,3.0,-38.0
1776885631.2421026,-3.0,5.0,-37.0
1776885631.2521029,-2.0,6.0,-36.0
1776885631.2621028,1.0,6.0,-38.0
1776885631.2721028,0.0,8.0,-40.0
1776885631.2821028,-3.0,5.0,-36.0
1776885631.2921028,-5.0,2.0,-39.0
1776885631.3021028,-6.0,-3.0,-44.0
1776885631.3121028,-4.0,-4.0,-45.0
1776885631.3221028,-2.0,-1.0,-34.0
1776885631.3321028,0.0,1.0,-39.0
1776885631.3421028,-5.0,0.0,-44.0
1776885631.3521028,-5.0,3.0,-41.0
1776885631.3621027,-3.0,4.0,-45.0
1776885631.3721027,-2.0,3.0,-39.0
1776885631.3821027,1.0,0.0,-40.0
1776885631.3921027,3.0,-1.0,-37.0
1776885631.4021027,7.0,-1.0,-34.0
1776885631.4121027,4.0,0.0,-37.0
1776885631.4221027,2.0,0.0,-33.0
1776885631.432103,2.0,1.0,-31.0
1776885631.442103,2.0,-1.0,-34.0
1776885631.452103,0.0,4.0,-33.0
1776885631.462103,-1.0,4.0,-29.0
1776885631.4721026,1.0,0.0,-23.0
1776885631.4821026,-1.0,-2.0,-27.0
1776885631.4921026,-4.0,-5.0,-32.0
1776885631.5021029,1.0,-4.0,-27.0
1776885631.5121028,6.0,1.0,-20.0
1776885631.5221028,0.0,0.0,-20.0
1776885631.5321028,-1.0,2.0,-32.0
1776885631.5421028,1.0,1.0,-36.0
1776885631.5521028,2.0,0.0,-39.0
1776885631.5621028,7.0,1.0,-43.0
1776885631.5721028,6.0,-1.0,-43.0
1776885631.5821028,4.0,-4.0,-46.0
1776885631.5921028,1.0,-7.0,-49.0
1776885631.6021028,-1.0,-5.0,-50.0
1776885631.6121027,1.0,-3.0,-53.0
1776885631.6221027,1.0,-4.0,-57.0
1776885631.6321027,1.0,-2.0,-51.0
1776885631.6421027,2.0,-1.0,-47.0
1776885631.6521027,1.0,-1.0,-47.0
1776885631.6621027,1.0,-1.0,-41.0
1776885631.6721027,-2.0,0.0,-44.0
1776885631.682103,0.0,1.0,-41.0
1776885631.692103,-2.0,-3.0,-42.0
1776885631.702103,2.0,-4.0,-46.0
1776885631.712103,2.0,-4.0,-49.0
1776885631.7221026,3.0,-2.0,-50.0
1776885631.7321026,4.0,-4.0,-51.0
1776885631.7421026,3.0,-6.0,-45.0
1776885631.7521029,6.0,-6.0,-42.0
1776885631.7621028,8.0,-3.0,-48.0
1776885631.7721028,8.0,-4.0,-50.0
1776885631.7821028,3.0,-4.0,-49.0
1776885631.7921028,-3.0,-6.0,-40.0
1776885631.8021028,1.0,-5.0,-41.0
1776885631.8121028,1.0,-3.0,-43.0
1776885631.8221028,-1.0,-3.0,-44.0
1776885631.8321028,0.0,-1.0,-46.0
1776885631.8421028,5.0,-3.0,-43.0
1776885631.8521028,5.0,-9.0,-47.0
1776885631.8621027,7.0,-6.0,-48.0
1776885631.8721027,4.0,-8.0,-42.0
1776885631.8821027,3.0,-6.0,-41.0
1776885631.8921027,1.0,-8.0,-41.0
1776885631.9021027,-1.0,-9.0,-39.0
1776885631.9121027,2.0,-6.0,-39.0
1776885631.9221027,4.0,-3.0,-41.0
1776885631.932103,2.0,-3.0,-43.0
1776885631.942103,1.0,-4.0,-40.0
1776885631.952103,-1.0,-2.0,-43.0
1776885631.962103,-3.0,-1.0,-41.0
1776885631.9721026,-6.0,0.0,-42.0
1776885631.9821026,-6.0,-1.0,-49.0
1776885631.9921026,-4.0,-2.0,-54.0
1776885632.0021029,1.0,-4.0,-48.0
1776885632.0121028,3.0,-6.0,-39.0
1776885632.0221028,1.0,-7.0,-38.0
1776885632.0321028,2.0,-8.0,-37.0
1776885632.0421028,4.0,-5.0,-38.0
1776885632.0521028,5.0,-1.0,-38.0
1776885632.0621028,0.0,-2.0,-33.0
1776885632.0721028,4.0,-2.0,-40.0
1776885632.0821028,1.0,-2.0,-40.0
1776885632.0921028,3.0,-3.0,-44.0
1776885632.1021028,1.0,-4.0,-43.0
1776885632.1121027,-1.0,-1.0,-39.0
1776885632.1221027,-1.0,-3.0,-33.0
1776885632.1321027,-1.0,0.0,-35.0
1776885632.1421027,1.0,-1.0,-39.0
1776885632.1521027,0.0,0.0,-42.0
1776885632.1621027,-3.0,-4.0,-42.0
1776885632.1721027,0.0,-3.0,-44.0
1776885632.182103,2.0,-2.0,-38.0
1776885632.192103,3.0,-5.0,-37.0
1776885632.202103,2.0,-8.0,-33.0
1776885632.212103,0.0,-5.0,-35.0
1776885632.2221026,0.0,-5.0,-39.0
1776885632.2321026,-1.0,-4.0,-37.0
1776885632.2421026,-5.0,0.0,-40.0
1776885632.2521029,-5.0,0.0,-37.0
1776885632.2621028,-4.0,1.0,-39.0
1776885632.2721028,2.0,0.0,-35.0
1776885632.2821028,5.0,2.0,-31.0
1776885632.2921028,5.0,2.0,-33.0
1776885632.3021028,1.0,1.0,-28.0
1776885632.3121028,0.0,1.0,-31.0
1776885632.3221028,-3.0,6.0,-35.0
1776885632.3321028,-3.0,4.0,-30.0
1776885632.3421028,-5.0,2.0,-37.0
1776885632.3521028,-5.0,1.0,-46.0
1776885632.3621027,0.0,4.0,-59.0
1776885632.3721027,0.0,5.0,-54.0
1776885632.3821027,-1.0,1.0,-52.0
1776885632.3921027,0.0,0.0,-46.0
1776885632.4021027,0.0,-1.0,-50.0
1776885632.4121027,3.0,-3.0,-54.0
1776885632.4221027,0.0,-5.0,-51.0
1776885632.432103,-3.0,-3.0,-55.0
1776885632.442103,-4.0,-3.0,-54.0
1776885632.452103,0.0,-1.0,-52.0
1776885632.462103,0.0,-1.0,-54.0
1776885632.4721026,-4.0,-2.0,-54.0
1776885632.4821026,-3.0,-2.0,-55.0
1776885632.4921026,0.0,-3.0,-47.0
1776885632.5021029,4.0,-2.0,-45.0
1776885632.5121028,-1.0,-1.0,-40.0
1776885632.5221028,0.0,-4.0,-39.0
1776885632.5321028,2.0,-5.0,-37.0
1776885632.5421028,5.0,-4.0,-42.0
1776885632.5521028,8.0,-4.0,-43.0
1776885632.5621028,0.0,-1.0,-41.0
1776885632.5721028,0.0,0.0,-45.0
1776885632.5821028,5.0,-3.0,-42.0
1776885632.5921028,6.0,-3.0,-51.0
1776885632.6021028,7.0,-1.0,-48.0
1776885632.6121027,9.0,-1.0,-50.0
1776885632.6221027,6.0,-2.0,-48.0
1776885632.6321027,4.0,-2.0,-51.0
1776885632.6421027,0.0,-6.0,-47.0
1776885632.6521027,3.0,-12.0,-55.0
1776885632.6621027,4.0,-11.0,-56.0
1776885632.6721027,2.0,-8.0,-48.0
1776885632.682103,-1.0,-5.0,-43.0
1776885632.692103,0.0,0.0,-42.0
1776885632.702103,-4.0,1.0,-43.0
1776885632.712103,-2.0,-5.0,-40.0
1776885632.7221026,-3.0,-4.0,-45.0
1776885632.7321026,0.0,-1.0,-43.0
1776885632.7421026,-2.0,-1.0,-41.0
1776885632.7521029,-1.0,0.0,-40.0
1776885632.7621028,3.0,0.0,-37.0
1776885632.7721028,2.0,0.0,-40.0
1776885632.7821028,0.0,0.0,-48.0
1776885632.7921028,1.0,-4.0,-44.0
1776885632.8021028,0.0,-4.0,-41.0
1776885632.8121028,1.0,0.0,-41.0
1776885632.8221028,0.0,1.0,-34.0
1776885632.8321028,-1.0,0.0,-36.0
1776885632.8421028,0.0,-2.0,-38.0
1776885632.8521028,-5.0,0.0,-39.0
1776885632.8621027,-2.0,2.0,-38.0
1776885632.8721027,-4.0,1.0,-38.0
1776885632.8821027,-5.0,4.0,-42.0
1776885632.8921027,-8.0,6.0,-41.0
1776885632.9021027,-7.0,4.0,-36.0
1776885632.9121027,-2.0,3.0,-35.0
1776885632.9221027,-1.0,0.0,-38.0
1776885632.932103,-1.0,-1.0,-45.0
1776885632.942103,0.0,0.0,-50.0
1776885632.952103,-2.0,2.0,-47.0
1776885632.962103,-4.0,0.0,-45.0
1776885632.9721026,-4.0,-3.0,-43.0
1776885632.9821026,0.0,1.0,-42.0
1776885632.9921026,2.0,-2.0,-42.0
1776885633.0021029,4.0,-1.0,-34.0
1776885633.0121028,7.0,0.0,-34.0
1776885633.0221028,4.0,0.0,-37.0
1776885633.0321028,0.0,-2.0,-31.0
1776885633.0421028,0.0,-1.0,-35.0
1776885633.0521028,2.0,0.0,-41.0
1776885633.0621028,4.0,2.0,-39.0
1776885633.0721028,5.0,4.0,-33.0
1776885633.0821028,7.0,0.0,-37.0
1776885633.0921028,9.0,1.0,-37.0
1776885633.1021028,5.0,0.0,-32.0
1776885633.1121027,6.0,1.0,-33.0
1776885633.1221027,4.0,0.0,-36.0
1776885633.1321027,0.0,0.0,-40.0
1776885633.1421027,-1.0,-4.0,-37.0
1776885633.1521027,-1.0,-3.0,-41.0
1776885633.1621027,-2.0,-4.0,-39.0
1776885633.1721027,-2.0,0.0,-40.0
1776885633.182103,0.0,-2.0,-36.0
1776885633.192103,2.0,-3.0,-35.0
1776885633.2031028,4.0,-6.0,-32.0
1776885633.212103,5.0,-7.0,-39.0
1776885633.2231028,3.0,-5.0,-43.0
1776885633.2331028,3.0,-8.0,-42.0
1776885633.2431028,2.0,-7.0,-34.0
1776885633.2531028,5.0,-9.0,-33.0
1776885633.2631028,7.0,-8.0,-32.0
1776885633.2731028,6.0,-6.0,-32.0
1776885633.2831028,8.0,-2.0,-33.0
1776885633.2931027,9.0,-2.0,-28.0
1776885633.3031027,8.0,0.0,-25.0
1776885633.3131027,6.0,-3.0,-23.0
1776885633.3231027,7.0,-9.0,-29.0
1776885633.3331027,10.0,-12.0,-27.0
1776885633.3431027,9.0,-11.0,-31.0
1776885633.3531027,4.0,-12.0,-34.0
1776885633.363103,5.0,-10.0,-35.0
1776885633.373103,5.0,-6.0,-38.0
1776885633.383103,7.0,-6.0,-31.0
1776885633.3931026,7.0,-4.0,-29.0
1776885633.4031026,6.0,-5.0,-29.0
1776885633.4131026,3.0,-6.0,-38.0
1776885633.4231029,2.0,-4.0,-35.0
1776885633.4331028,-4.0,-3.0,-32.0
1776885633.4431028,-5.0,-5.0,-36.0
1776885633.4531028,-5.0,-4.0,-35.0
1776885633.4631028,-3.0,-3.0,-35.0
1776885633.4731028,-3.0,-5.0,-36.0
1776885633.4831028,-1.0,-2.0,-34.0
1776885633.4931028,0.0,0.0,-34.0
1776885633.5031028,0.0,0.0,-35.0
1776885633.5131028,0.0,-1.0,-39.0
1776885633.5231028,-1.0,-4.0,-38.0
1776885633.5331028,-1.0,-7.0,-36.0
1776885633.5431027,0.0,-6.0,-35.0
1776885633.5531027,1.0,-4.0,-41.0
1776885633.5631027,-1.0,-5.0,-44.0
1776885633.5731027,-2.0,-5.0,-42.0
1776885633.5831027,-3.0,-1.0,-48.0
1776885633.5931027,-2.0,-4.0,-49.0
1776885633.6031027,2.0,-4.0,-45.0
1776885633.613103,1.0,2.0,-39.0
1776885633.623103,4.0,3.0,-37.0
1776885633.633103,6.0,4.0,-37.0
1776885633.6431026,9.0,5.0,-44.0
1776885633.6531026,7.0,2.0,-41.0
1776885633.6631026,7.0,2.0,-33.0
1776885633.6731029,1.0,3.0,-36.0
1776885633.6831028,-3.0,0.0,-38.0
1776885633.6931028,1.0,-2.0,-38.0
1776885633.7031028,1.0,-5.0,-34.0
1776885633.7131028,0.0,-4.0,-33.0
1776885633.7231028,-1.0,-3.0,-40.0
1776885633.7331028,4.0,-2.0,-51.0
1776885633.7431028,3.0,-4.0,-51.0
1776885633.7531028,6.0,-5.0,-51.0
1776885633.7631028,0.0,-5.0,-45.0
1776885633.7731028,-2.0,-5.0,-46.0
1776885633.7831028,-1.0,-2.0,-42.0
1776885633.7931027,2.0,-1.0,-36.0
1776885633.8031027,-2.0,-1.0,-32.0
1776885633.8131027,0.0,-5.0,-32.0
1776885633.8231027,-4.0,-2.0,-30.0
1776885633.8331027,-1.0,0.0,-33.0
1776885633.8431027,-1.0,1.0,-31.0
1776885633.8531027,-1.0,2.0,-35.0
1776885633.863103,1.0,0.0,-38.0
1776885633.873103,-2.0,0.0,-41.0
1776885633.883103,0.0,1.0,-39.0
1776885633.8931026,3.0,8.0,-40.0
1776885633.9031026,5.0,4.0,-48.0
1776885633.9131026,10.0,0.0,-46.0
1776885633.9231029,11.0,-2.0,-45.0
1776885633.9331028,11.0,0.0,-46.0
1776885633.9431028,7.0,2.0,-43.0
1776885633.9531028,1.0,-2.0,-46.0
1776885633.9631028,1.0,-1.0,-47.0
1776885633.9731028,0.0,0.0,-49.0
1776885633.9831028,-1.0,2.0,-51.0
1776885633.9931028,0.0,0.0,-47.0
1776885634.0031028,0.0,-3.0,-48.0
1776885634.0131028,4.0,0.0,-51.0
1776885634.0231028,3.0,0.0,-55.0
1776885634.0331028,5.0,1.0,-51.0
1776885634.0431027,0.0,0.0,-50.0
1776885634.0531027,5.0,2.0,-53.0
1776885634.0631027,6.0,0.0,-46.0
1776885634.0731027,4.0,-1.0,-42.0
1776885634.0831027,2.0,-6.0,-44.0
1776885634.0931027,1.0,-4.0,-40.0
1776885634.1031027,7.0,-5.0,-42.0
1776885634.113103,6.0,-4.0,-41.0
1776885634.123103,9.0,-3.0,-42.0
1776885634.133103,10.0,-2.0,-44.0
1776885634.1431026,8.0,-4.0,-43.0
1776885634.1531026,4.0,-4.0,-38.0
1776885634.1631026,4.0,-5.0,-36.0
1776885634.1731029,0.0,-3.0,-36.0
1776885634.1831028,0.0,-2.0,-37.0
1776885634.1931028,6.0,-5.0,-38.0
1776885634.2031028,5.0,-4.0,-41.0
1776885634.2131028,4.0,-3.0,-43.0
1776885634.2231028,5.0,-6.0,-44.0
1776885634.2331028,4.0,-8.0,-43.0
1776885634.2431028,3.0,-3.0,-39.0
1776885634.2531028,2.0,-1.0,-39.0
1776885634.2631028,4.0,0.0,-44.0
1776885634.2731028,9.0,-3.0,-41.0
1776885634.2831028,9.0,-3.0,-44.0
1776885634.2931027,8.0,-4.0,-45.0
1776885634.3031027,6.0,-4.0,-53.0
1776885634.3131027,3.0,-1.0,-58.0
1776885634.3231027,0.0,0.0,-56.0
1776885634.3331027,2.0,-3.0,-53.0
1776885634.3431027,4.0,-1.0,-48.0
1776885634.3531027,3.0,5.0,-49.0
1776885634.363103,4.0,3.0,-51.0
1776885634.373103,2.0,2.0,-49.0
1776885634.383103,-1.0,1.0,-50.0
1776885634.3931026,-2.0,-1.0,-50.0
1776885634.4031026,-2.0,0.0,-46.0
1776885634.4131026,-4.0,0.0,-51.0
1776885634.4231029,-5.0,0.0,-44.0
1776885634.4331028,-4.0,-2.0,-43.0
1776885634.4431028,3.0,-2.0,-43.0
1776885634.4531028,5.0,-4.0,-38.0
1776885634.4631028,1.0,-2.0,-36.0
1776885634.4731028,1.0,0.0,-40.0
1776885634.4831028,7.0,-2.0,-47.0
1776885634.4931028,3.0,-4.0,-47.0
1776885634.5031028,-1.0,-1.0,-48.0
1776885634.5131028,-5.0,-4.0,-49.0
1776885634.5231028,-2.0,-3.0,-47.0
1776885634.5331028,-2.0,-3.0,-39.0
1776885634.5431027,0.0,-1.0,-39.0
1776885634.5531027,2.0,-1.0,-36.0
1776885634.5631027,1.0,2.0,-32.0
1776885634.5731027,2.0,3.0,-35.0
1776885634.5831027,0.0,1.0,-42.0
1776885634.5931027,2.0,-2.0,-49.0
1776885634.6031027,1.0,3.0,-51.0
1776885634.613103,3.0,5.0,-58.0
1776885634.623103,7.0,5.0,-59.0
1776885634.633103,7.0,0.0,-56.0
1776885634.6431026,4.0,-1.0,-55.0
1776885634.6531026,-2.0,0.0,-52.0
1776885634.6631026,0.0,2.0,-52.0
1776885634.6731029,-4.0,2.0,-50.0
1776885634.6831028,-3.0,0.0,-50.0
1776885634.6931028,0.0,1.0,-45.0
1776885634.7031028,0.0,0.0,-45.0
1776885634.7131028,3.0,0.0,-45.0
1776885634.7231028,2.0,1.0,-44.0
1776885634.7331028,6.0,0.0,-46.0
1776885634.7431028,10.0,0.0,-43.0
1776885634.7531028,7.0,0.0,-41.0
1776885634.7631028,1.0,-2.0,-36.0
1776885634.7731028,1.0,-3.0,-36.0
1776885634.7831028,0.0,-5.0,-38.0
1776885634.7931027,-2.0,-3.0,-44.0
1776885634.8031027,-3.0,-4.0,-48.0
1776885634.8131027,-3.0,-4.0,-47.0
1776885634.8231027,-2.0,-5.0,-45.0
1776885634.8331027,0.0,-2.0,-38.0
1776885634.8431027,-2.0,1.0,-37.0
1776885634.8531027,-1.0,0.0,-38.0
1776885634.863103,0.0,3.0,-44.0
1776885634.873103,2.0,6.0,-46.0
1776885634.883103,2.0,9.0,-41.0
1776885634.8931026,2.0,8.0,-40.0
1776885634.9031026,3.0,4.0,-39.0
1776885634.9131026,0.0,4.0,-39.0
1776885634.9231029,-2.0,1.0,-42.0
1776885634.9331028,-3.0,3.0,-41.0
1776885634.9431028,-6.0,4.0,-39.0
1776885634.9531028,-2.0,3.0,-41.0
1776885634.9631028,-6.0,-3.0,-43.0
1776885634.9731028,-7.0,-4.0,-42.0
1776885634.9831028,-8.0,-6.0,-43.0
1776885634.9931028,-11.0,-4.0,-46.0
1776885635.0031028,-13.0,0.0,-46.0
1776885635.0131028,-6.0,0.0,-45.0
1776885635.0231028,-1.0,-2.0,-37.0
1776885635.0331028,0.0,-6.0,-39.0
1776885635.0431027,-2.0,-4.0,-41.0
1776885635.0531027,-2.0,-1.0,-38.0
1776885635.0631027,-2.0,-4.0,-35.0
1776885635.0731027,-5.0,-9.0,-34.0
1776885635.0831027,-7.0,-12.0,-35.0
1776885635.0931027,-8.0,-9.0,-37.0
1776885635.1031027,-7.0,-7.0,-35.0
1776885635.113103,-6.0,-9.0,-35.0
1776885635.123103,-4.0,-7.0,-39.0
1776885635.133103,-3.0,-5.0,-41.0
1776885635.1431026,0.0,-4.0,-40.0
1776885635.1531026,5.0,-2.0,-38.0
1776885635.1631026,6.0,-1.0,-36.0
1776885635.1741028,4.0,0.0,-40.0
1776885635.1831028,6.0,3.0,-43.0
1776885635.1931028,1.0,-1.0,-46.0
1776885635.2031028,0.0,1.0,-43.0
1776885635.2141027,2.0,0.0,-34.0
1776885635.2241027,-1.0,-2.0,-33.0
1776885635.2341027,-3.0,0.0,-34.0
1776885635.2441027,-5.0,2.0,-38.0
1776885635.2541027,-6.0,4.0,-47.0
1776885635.2641027,-7.0,5.0,-51.0
1776885635.2741027,-7.0,-2.0,-51.0
1776885635.284103,-3.0,-9.0,-47.0
1776885635.294103,-2.0,-7.0,-42.0
1776885635.304103,0.0,-4.0,-45.0
1776885635.3141026,3.0,-4.0,-40.0
1776885635.3241026,5.0,-6.0,-41.0
1776885635.3341026,8.0,-8.0,-45.0
1776885635.3441026,8.0,-8.0,-49.0
1776885635.3541028,6.0,-4.0,-47.0
1776885635.3641028,3.0,-3.0,-47.0
1776885635.3741028,3.0,-1.0,-44.0
1776885635.3841028,3.0,-1.0,-41.0
1776885635.3941028,5.0,-2.0,-41.0
1776885635.4041028,3.0,-3.0,-40.0
1776885635.4141028,1.0,0.0,-38.0
1776885635.4241028,-3.0,0.0,-38.0
1776885635.4341028,-7.0,2.0,-38.0
1776885635.4441028,-5.0,2.0,-41.0
1776885635.4541028,-2.0,4.0,-44.0
1776885635.4641027,-3.0,5.0,-47.0
1776885635.4741027,0.0,5.0,-40.0
1776885635.4841027,1.0,1.0,-41.0
1776885635.4941027,4.0,-4.0,-42.0
1776885635.5041027,7.0,-2.0,-48.0
1776885635.5141027,3.0,1.0,-48.0
1776885635.5241027,5.0,0.0,-50.0
1776885635.534103,4.0,-4.0,-51.0
1776885635.544103,3.0,-2.0,-49.0
1776885635.554103,1.0,-2.0,-49.0
1776885635.5641026,1.0,-2.0,-39.0
1776885635.5741026,3.0,-2.0,-36.0
1776885635.5841026,0.0,-3.0,-41.0
1776885635.5941026,0.0,-2.0,-35.0
1776885635.6041028,1.0,-2.0,-38.0
1776885635.6141028,4.0,-1.0,-40.0
1776885635.6241028,4.0,-1.0,-38.0
1776885635.6341028,2.0,-1.0,-38.0
1776885635.6441028,0.0,-1.0,-41.0
1776885635.6541028,0.0,-1.0,-44.0
1776885635.6641028,2.0,1.0,-42.0
1776885635.6741028,-1.0,0.0,-36.0
1776885635.6841028,0.0,-4.0,-36.0
1776885635.6941028,0.0,-5.0,-33.0
1776885635.7041028,-2.0,-7.0,-26.0
1776885635.7141027,-2.0,-2.0,-24.0
1776885635.7241027,0.0,-2.0,-29.0
1776885635.7341027,2.0,-4.0,-32.0
1776885635.7441027,1.0,-2.0,-35.0
1776885635.7541027,-1.0,-2.0,-41.0
1776885635.7641027,1.0,-3.0,-41.0
1776885635.7741027,2.0,-2.0,-33.0
1776885635.784103,0.0,-1.0,-34.0
1776885635.794103,-3.0,0.0,-36.0
1776885635.804103,-5.0,1.0,-34.0
1776885635.8141026,-3.0,-1.0,-32.0
1776885635.8241026,-4.0,1.0,-36.0
1776885635.8341026,0.0,2.0,-31.0
1776885635.8441026,1.0,-1.0,-30.0
1776885635.8541028,0.0,-3.0,-36.0
1776885635.8641028,-1.0,-7.0,-41.0
1776885635.8741028,0.0,-6.0,-40.0
1776885635.8841028,0.0,-3.0,-42.0
1776885635.8941028,0.0,-6.0,-44.0
1776885635.9041028,0.0,-4.0,-38.0
1776885635.9141028,0.0,-5.0,-36.0
1776885635.9241028,-5.0,-2.0,-39.0
1776885635.9341028,-3.0,-3.0,-43.0
1776885635.9441028,-1.0,-1.0,-47.0
1776885635.9541028,0.0,3.0,-48.0
1776885635.9641027,-1.0,6.0,-48.0
1776885635.9741027,1.0,1.0,-48.0
1776885635.9841027,2.0,0.0,-54.0
1776885635.9941027,0.0,0.0,-46.0
1776885636.0041027,-2.0,3.0,-43.0
1776885636.0141027,-3.0,0.0,-44.0
1776885636.0241027,0.0,0.0,-46.0
1776885636.034103,2.0,3.0,-46.0
1776885636.044103,1.0,4.0,-45.0
1776885636.054103,3.0,2.0,-45.0
1776885636.0641026,4.0,0.0,-48.0
1776885636.0741026,5.0,-3.0,-51.0
1776885636.0841026,3.0,-3.0,-49.0
1776885636.0941026,-1.0,-4.0,-52.0
1776885636.1041028,-3.0,-4.0,-52.0
1776885636.1141028,0.0,-4.0,-50.0
1776885636.1241028,0.0,-3.0,-44.0
1776885636.1341028,1.0,-2.0,-39.0
1776885636.1441028,5.0,0.0,-33.0
1776885636.1541028,2.0,-4.0,-37.0
1776885636.1641028,4.0,-3.0,-44.0
1776885636.1741028,5.0,-4.0,-49.0
1776885636.1841028,2.0,-9.0,-44.0
1776885636.1941028,0.0,-8.0,-45.0
1776885636.2041028,3.0,-7.0,-46.0
1776885636.2141027,5.0,-9.0,-45.0
1776885636.2241027,7.0,-6.0,-46.0
1776885636.2341027,10.0,-6.0,-50.0
1776885636.2441027,12.0,-4.0,-44.0
1776885636.2541027,9.0,-1.0,-42.0
1776885636.2641027,9.0,-1.0,-37.0
1776885636.2741027,5.0,3.0,-40.0
1776885636.284103,1.0,2.0,-39.0
1776885636.294103,1.0,0.0,-42.0
1776885636.304103,1.0,-2.0,-36.0
1776885636.3141026,-1.0,-3.0,-45.0
1776885636.3241026,-3.0,0.0,-43.0
1776885636.3341026,1.0,0.0,-44.0
1776885636.3441026,1.0,-1.0,-43.0
1776885636.3541028,6.0,1.0,-39.0
1776885636.3641028,9.0,2.0,-40.0
1776885636.3741028,8.0,3.0,-37.0
1776885636.3841028,9.0,0.0,-38.0
1776885636.3941028,4.0,-2.0,-34.0
1776885636.4041028,3.0,-1.0,-34.0
1776885636.4141028,-2.0,-1.0,-40.0
1776885636.4241028,2.0,0.0,-37.0
1776885636.4341028,2.0,-2.0,-35.0
1776885636.4441028,3.0,-1.0,-38.0
1776885636.4541028,0.0,-6.0,-30.0
1776885636.4641027,2.0,-9.0,-28.0
1776885636.4741027,-1.0,-7.0,-38.0
1776885636.4841027,-1.0,-3.0,-44.0
1776885636.4941027,1.0,-6.0,-50.0
1776885636.5041027,4.0,-6.0,-51.0
1776885636.5141027,2.0,-7.0,-47.0
1776885636.5241027,-3.0,-3.0,-46.0
1776885636.534103,-3.0,-1.0,-44.0
1776885636.544103,0.0,-6.0,-48.0
1776885636.554103,1.0,-3.0,-43.0
1776885636.5641026,-1.0,-4.0,-45.0
1776885636.5741026,-2.0,-2.0,-53.0
1776885636.5841026,-4.0,-4.0,-51.0
1776885636.5941026,-6.0,-3.0,-51.0
1776885636.6041028,-7.0,4.0,-52.0
1776885636.6141028,-9.0,2.0,-50.0
1776885636.6241028,-7.0,-1.0,-53.0
1776885636.6341028,-5.0,-2.0,-59.0
1776885636.6441028,-3.0,-8.0,-59.0
1776885636.6541028,-2.0,-10.0,-57.0
1776885636.6641028,-4.0,-6.0,-51.0
1776885636.6741028,-7.0,-6.0,-44.0
1776885636.6841028,-2.0,-6.0,-49.0
1776885636.6941028,-2.0,-5.0,-47.0
1776885636.7041028,0.0,-6.0,-39.0
1776885636.7141027,1.0,-5.0,-40.0
1776885636.7241027,-1.0,-4.0,-41.0
1776885636.7341027,-5.0,-3.0,-37.0
1776885636.7441027,-3.0,-1.0,-37.0
1776885636.7541027,-3.0,-1.0,-44.0
1776885636.7641027,-2.0,-4.0,-52.0
1776885636.7741027,-2.0,-1.0,-57.0
1776885636.784103,-1.0,-4.0,-48.0
1776885636.794103,0.0,-2.0,-46.0
1776885636.804103,-3.0,-1.0,-46.0
1776885636.8141026,-4.0,-2.0,-44.0
1776885636.8241026,-6.0,0.0,-46.0
1776885636.8341026,-5.0,-2.0,-47.0
1776885636.8441026,-7.0,-1.0,-52.0
1776885636.8541028,0.0,-2.0,-56.0
1776885636.8641028,4.0,-4.0,-52.0
1776885636.8741028,6.0,-6.0,-47.0
1776885636.8841028,4.0,-6.0,-47.0
1776885636.8941028,2.0,-4.0,-48.0
1776885636.9041028,5.0,-4.0,-43.0
1776885636.9141028,2.0,-1.0,-38.0
1776885636.9241028,-2.0,0.0,-35.0
1776885636.9341028,-3.0,-1.0,-37.0
1776885636.9441028,-2.0,-3.0,-38.0
1776885636.9541028,0.0,-3.0,-38.0
1776885636.9641027,3.0,1.0,-38.0
1776885636.9741027,6.0,-1.0,-40.0
1776885636.9841027,7.0,-3.0,-43.0
1776885636.9941027,6.0,-5.0,-45.0
1776885637.0041027,7.0,-7.0,-45.0
1776885637.0141027,4.0,-4.0,-39.0
1776885637.0241027,4.0,-4.0,-38.0
1776885637.034103,4.0,-5.0,-42.0
1776885637.044103,4.0,-6.0,-39.0
1776885637.054103,1.0,-3.0,-35.0
1776885637.0641026,5.0,-5.0,-43.0
1776885637.0741026,7.0,-6.0,-43.0
1776885637.0841026,7.0,-5.0,-41.0
1776885637.0941026,3.0,-5.0,-42.0
1776885637.1041028,-2.0,-1.0,-40.0
1776885637.1141028,-4.0,-4.0,-38.0
1776885637.1241028,-7.0,-2.0,-37.0
1776885637.1341028,-10.0,2.0,-38.0
1776885637.1441028,-13.0,1.0,-38.0
1776885637.1541028,-12.0,0.0,-34.0
1776885637.1651027,-8.0,-2.0,-37.0
1776885637.1741028,-6.0,-4.0,-40.0
1776885637.1841028,-4.0,-4.0,-43.0
1776885637.1951027,0.0,-8.0,-47.0
1776885637.2051027,7.0,-5.0,-50.0
1776885637.215103,7.0,-3.0,-49.0
1776885637.225103,3.0,-1.0,-54.0
1776885637.235103,5.0,-4.0,-52.0
1776885637.2451026,3.0,-3.0,-50.0
1776885637.2551026,4.0,0.0,-50.0
1776885637.2651026,3.0,-7.0,-49.0
1776885637.2751029,0.0,-11.0,-54.0
1776885637.2851028,0.0,-13.0,-55.0
1776885637.2951028,0.0,-11.0,-54.0
1776885637.3051028,0.0,-10.0,-55.0
1776885637.3151028,0.0,-8.0,-53.0
1776885637.3251028,1.0,-8.0,-50.0
1776885637.3351028,0.0,-5.0,-43.0
1776885637.3451028,0.0,-7.0,-45.0
1776885637.3551028,-5.0,-2.0,-43.0
1776885637.3651028,-1.0,-1.0,-49.0
1776885637.3751028,-1.0,0.0,-53.0
1776885637.3851027,0.0,-3.0,-50.0
1776885637.3951027,3.0,0.0,-43.0
1776885637.4051027,5.0,-1.0,-39.0
1776885637.4151027,8.0,-3.0,-35.0
1776885637.4251027,4.0,0.0,-35.0
1776885637.4351027,0.0,-1.0,-45.0
1776885637.4451027,0.0,-4.0,-50.0
1776885637.4551027,-6.0,-7.0,-48.0
1776885637.465103,-4.0,-6.0,-46.0
1776885637.475103,-8.0,-1.0,-47.0
1776885637.485103,-7.0,2.0,-53.0
1776885637.4951026,-8.0,0.0,-53.0
1776885637.5051026,-9.0,-3.0,-51.0
1776885637.5151026,-10.0,-1.0,-48.0
1776885637.5251029,-10.0,-1.0,-46.0
1776885637.5351028,-3.0,0.0,-47.0
1776885637.5451028,-4.0,1.0,-47.0
1776885637.5551028,-2.0,0.0,-42.0
1776885637.5651028,-1.0,0.0,-50.0
1776885637.5751028,0.0,-3.0,-53.0
1776885637.5851028,2.0,-3.0,-50.0
1776885637.5951028,2.0,0.0,-40.0
1776885637.6051028,0.0,2.0,-32.0
1776885637.6151028,4.0,4.0,-36.0
1776885637.6251028,10.0,4.0,-39.0
1776885637.6351027,10.0,7.0,-45.0
1776885637.6451027,3.0,6.0,-40.0
1776885637.6551027,0.0,3.0,-44.0
1776885637.6651027,1.0,4.0,-46.0
1776885637.6751027,2.0,1.0,-51.0
1776885637.6851027,4.0,2.0,-56.0
1776885637.6951027,1.0,1.0,-49.0
1776885637.7051027,-1.0,2.0,-51.0
1776885637.715103,-2.0,0.0,-56.0
1776885637.725103,0.0,0.0,-53.0
1776885637.735103,0.0,1.0,-50.0
1776885637.7451026,-1.0,2.0,-49.0
1776885637.7551026,-1.0,-1.0,-47.0
1776885637.7651026,-1.0,0.0,-46.0
1776885637.7751029,-4.0,4.0,-49.0
1776885637.7851028,-4.0,7.0,-50.0
1776885637.7951028,-5.0,6.0,-45.0
1776885637.8051028,-2.0,4.0,-40.0
1776885637.8151028,0.0,0.0,-46.0
1776885637.8251028,4.0,2.0,-52.0
1776885637.8351028,2.0,2.0,-49.0
1776885637.8451028,1.0,0.0,-52.0
1776885637.8551028,-3.0,-1.0,-46.0
1776885637.8651028,-4.0,-3.0,-40.0
1776885637.8751028,0.0,-5.0,-44.0
1776885637.8851027,4.0,-6.0,-42.0
1776885637.8951027,4.0,-5.0,-39.0
1776885637.9051027,0.0,-6.0,-41.0
1776885637.9151027,-2.0,-7.0,-49.0
1776885637.9251027,-2.0,-7.0,-49.0
1776885637.9351027,-5.0,-7.0,-48.0
1776885637.9451027,-3.0,-6.0,-45.0
1776885637.9551027,-1.0,-8.0,-46.0
1776885637.965103,-5.0,-3.0,-41.0
1776885637.975103,-6.0,-1.0,-40.0
1776885637.985103,-6.0,1.0,-39.0
1776885637.9951026,0.0,1.0,-37.0
1776885638.0051026,0.0,-2.0,-30.0
1776885638.0151026,0.0,-1.0,-36.0
1776885638.0251029,0.0,-3.0,-41.0
1776885638.0351028,0.0,-6.0,-42.0
1776885638.0451028,0.0,-7.0,-44.0
1776885638.0551028,1.0,-5.0,-47.0
1776885638.0651028,0.0,-6.0,-39.0
1776885638.0751028,-1.0,-6.0,-40.0
1776885638.0851028,0.0,-7.0,-39.0
1776885638.0951028,0.0,-7.0,-41.0
1776885638.1051028,2.0,-7.0,-47.0
1776885638.1151028,1.0,-8.0,-48.0
1776885638.1251028,-1.0,-7.0,-46.0
1776885638.1351027,-1.0,-12.0,-44.0
1776885638.1451027,-1.0,-10.0,-45.0
1776885638.1551027,-4.0,-9.0,-41.0
1776885638.1651027,-5.0,-4.0,-46.0
1776885638.1751027,-2.0,-2.0,-38.0
1776885638.1851027,0.0,1.0,-30.0
1776885638.1951027,0.0,2.0,-31.0
1776885638.2051027,-2.0,5.0,-33.0
1776885638.215103,-2.0,5.0,-24.0
1776885638.225103,0.0,3.0,-25.0
1776885638.235103,-1.0,-1.0,-26.0
1776885638.2451026,-7.0,-4.0,-27.0
1776885638.2551026,-7.0,-4.0,-26.0
1776885638.2651026,-6.0,-6.0,-23.0
1776885638.2751029,-5.0,-6.0,-24.0
1776885638.2851028,0.0,-5.0,-25.0
1776885638.2951028,-7.0,-3.0,-23.0
1776885638.3051028,-7.0,-2.0,-23.0
1776885638.3151028,-7.0,-3.0,-26.0
1776885638.3251028,-3.0,0.0,-29.0
1776885638.3351028,-1.0,3.0,-34.0
1776885638.3451028,-3.0,2.0,-38.0
1776885638.3551028,4.0,3.0,-41.0
1776885638.3651028,3.0,0.0,-42.0
1776885638.3751028,0.0,0.0,-42.0
1776885638.3851027,-1.0,0.0,-43.0
1776885638.3951027,0.0,2.0,-47.0
1776885638.4051027,0.0,0.0,-44.0
1776885638.4151027,6.0,-1.0,-43.0
1776885638.4251027,8.0,-4.0,-41.0
1776885638.4351027,10.0,0.0,-37.0
1776885638.4451027,10.0,0.0,-40.0
1776885638.4551027,10.0,-3.0,-37.0
1776885638.465103,9.0,-5.0,-40.0
1776885638.475103,3.0,-3.0,-46.0
1776885638.485103,0.0,0.0,-40.0
1776885638.4951026,3.0,-2.0,-44.0
1776885638.5051026,4.0,-7.0,-48.0
1776885638.5151026,4.0,-8.0,-47.0
1776885638.5251029,1.0,-9.0,-45.0
1776885638.5351028,0.0,-8.0,-40.0
1776885638.5451028,-2.0,-8.0,-38.0
1776885638.5551028,-4.0,-8.0,-42.0
1776885638.5651028,-1.0,-9.0,-44.0
1776885638.5751028,1.0,-3.0,-45.0
1776885638.5851028,1.0,-6.0,-40.0
1776885638.5951028,0.0,-3.0,-38.0
1776885638.6051028,1.0,-2.0,-36.0
1776885638.6151028,4.0,-2.0,-31.0
1776885638.6251028,2.0,-2.0,-31.0
1776885638.6351027,4.0,-1.0,-32.0
1776885638.6451027,2.0,-4.0,-38.0
1776885638.6551027,1.0,-6.0,-41.0
1776885638.6651027,1.0,-2.0,-41.0
1776885638.6751027,-1.0,0.0,-45.0
1776885638.6851027,-3.0,3.0,-45.0
1776885638.6951027,1.0,0.0,-40.0
1776885638.7051027,-1.0,0.0,-45.0
1776885638.715103,-3.0,-2.0,-43.0
1776885638.725103,-4.0,-1.0,-39.0
1776885638.735103,-4.0,-1.0,-38.0
1776885638.7451026,-6.0,-2.0,-34.0
1776885638.7551026,-6.0,-2.0,-41.0
1776885638.7651026,-11.0,-1.0,-34.0
1776885638.7751029,-7.0,-1.0,-34.0
1776885638.7851028,-5.0,-2.0,-34.0
1776885638.7951028,-3.0,-3.0,-38.0
1776885638.8051028,1.0,-1.0,-41.0
1776885638.8151028,1.0,-3.0,-40.0
1776885638.8251028,-1.0,-4.0,-42.0
1776885638.8351028,0.0,-2.0,-41.0
1776885638.8451028,2.0,-4.0,-48.0
1776885638.8551028,0.0,-1.0,-41.0
1776885638.8651028,1.0,-1.0,-39.0
1776885638.8751028,0.0,-2.0,-44.0
1776885638.8851027,1.0,-7.0,-42.0
1776885638.8951027,3.0,-11.0,-41.0
1776885638.9051027,3.0,-8.0,-37.0
1776885638.9151027,3.0,-4.0,-36.0
1776885638.9251027,3.0,-4.0,-44.0
1776885638.9351027,2.0,0.0,-41.0
1776885638.9451027,4.0,0.0,-40.0
1776885638.9561028,5.0,1.0,-42.0
1776885638.965103,5.0,3.0,-41.0
1776885638.975103,7.0,3.0,-39.0
1776885638.985103,7.0,2.0,-38.0
1776885638.9951026,7.0,3.0,-45.0
1776885639.0051026,9.0,3.0,-46.0
1776885639.0151026,8.0,4.0,-37.0
1776885639.0251029,9.0,2.0,-35.0
1776885639.0351028,13.0,-1.0,-31.0
1776885639.0451028,3.0,-1.0,-40.0
1776885639.0551028,2.0,-1.0,-36.0
1776885639.0651028,5.0,-4.0,-29.0
1776885639.0751028,10.0,-1.0,-26.0
1776885639.0851028,9.0,-1.0,-29.0
1776885639.0951028,3.0,-4.0,-39.0
1776885639.1051028,1.0,-3.0,-40.0
1776885639.1151028,3.0,-3.0,-44.0
1776885639.1251028,-3.0,-4.0,-55.0
1776885639.1351027,-1.0,-3.0,-55.0
1776885639.1451027,-1.0,-1.0,-47.0
1776885639.156103,-1.0,-1.0,-45.0
1776885639.1661026,1.0,0.0,-43.0
1776885639.1761026,0.0,0.0,-40.0
1776885639.1861026,-6.0,1.0,-44.0
1776885639.1961029,-7.0,2.0,-50.0
1776885639.2061028,-6.0,1.0,-47.0
1776885639.2161028,-4.0,2.0,-41.0
1776885639.2261028,0.0,0.0,-34.0
1776885639.2361028,2.0,2.0,-28.0
1776885639.2461028,1.0,6.0,-27.0
1776885639.2561028,3.0,5.0,-29.0
1776885639.2661028,7.0,2.0,-33.0
1776885639.2761028,9.0,2.0,-34.0
1776885639.2861028,5.0,0.0,-39.0
1776885639.2961028,9.0,-1.0,-31.0
1776885639.3061028,7.0,-2.0,-35.0
1776885639.3161027,3.0,-5.0,-38.0
1776885639.3261027,4.0,-3.0,-49.0
1776885639.3361027,2.0,-9.0,-45.0
1776885639.3461027,0.0,-4.0,-47.0
1776885639.3561027,0.0,-6.0,-44.0
1776885639.3661027,-7.0,-13.0,-44.0
1776885639.3761027,-7.0,-9.0,-47.0
1776885639.386103,-5.0,-7.0,-49.0
1776885639.396103,0.0,-3.0,-43.0
1776885639.406103,0.0,-3.0,-39.0
1776885639.4161026,0.0,-1.0,-38.0
1776885639.4261026,2.0,0.0,-43.0
1776885639.4361026,0.0,-4.0,-44.0
1776885639.4461029,0.0,-4.0,-43.0
1776885639.4561028,-1.0,-6.0,-41.0
1776885639.4661028,5.0,-3.0,-39.0
1776885639.4761028,3.0,-4.0,-38.0
1776885639.4861028,4.0,-4.0,-37.0
1776885639.4961028,3.0,-7.0,-41.0
1776885639.5061028,1.0,-7.0,-43.0
1776885639.5161028,2.0,-3.0,-45.0
1776885639.5261028,4.0,-3.0,-46.0
1776885639.5361028,3.0,-4.0,-46.0
1776885639.5461028,5.0,-8.0,-42.0
1776885639.5561028,2.0,-5.0,-43.0
1776885639.5661027,-1.0,-7.0,-44.0
1776885639.5761027,1.0,-7.0,-47.0
1776885639.5861027,-2.0,-6.0,-49.0
1776885639.5961027,-4.0,-8.0,-44.0
1776885639.6061027,-1.0,-6.0,-45.0
1776885639.6161027,-1.0,-3.0,-44.0
1776885639.6261027,-2.0,-3.0,-41.0
1776885639.636103,3.0,-1.0,-44.0
1776885639.646103,6.0,-4.0,-42.0
1776885639.656103,7.0,-1.0,-42.0
1776885639.6661026,2.0,-3.0,-40.0
1776885639.6761026,0.0,-8.0,-36.0
1776885639.6861026,0.0,-9.0,-40.0
1776885639.6961029,0.0,-6.0,-36.0
1776885639.7061028,0.0,0.0,-39.0
1776885639.7161028,-1.0,-3.0,-37.0
1776885639.7261028,0.0,-3.0,-38.0
1776885639.7361028,-2.0,0.0,-37.0
1776885639.7461028,-3.0,-2.0,-44.0
1776885639.7561028,-4.0,-8.0,-47.0
1776885639.7661028,2.0,-7.0,-45.0
1776885639.7761028,1.0,-3.0,-44.0
1776885639.7861028,0.0,0.0,-41.0
1776885639.7961028,0.0,0.0,-40.0
1776885639.8061028,-1.0,1.0,-45.0
1776885639.8161027,-5.0,0.0,-40.0
1776885639.8261027,-1.0,-1.0,-42.0
1776885639.8361027,1.0,1.0,-44.0
1776885639.8461027,0.0,1.0,-37.0
1776885639.8561027,-4.0,0.0,-33.0
1776885639.8661027,0.0,-3.0,-26.0
1776885639.8761027,0.0,-2.0,-26.0
1776885639.886103,0.0,0.0,-30.0
1776885639.896103,1.0,0.0,-29.0
1776885639.906103,1.0,0.0,-41.0
1776885639.9161026,3.0,1.0,-42.0
1776885639.9261026,7.0,0.0,-44.0
1776885639.9361026,7.0,1.0,-47.0
1776885639.9461029,2.0,0.0,-46.0
1776885639.9561028,1.0,-1.0,-42.0
1776885639.9661028,0.0,1.0,-47.0
1776885639.9761028,1.0,4.0,-51.0
1776885639.9861028,0.0,7.0,-52.0
1776885639.9961028,0.0,5.0,-46.0
1776885640.0061028,0.0,1.0,-43.0
1776885640.0161028,-1.0,1.0,-43.0
1776885640.0261028,0.0,0.0,-42.0
1776885640.0361028,-2.0,0.0,-46.0
1776885640.0461028,-5.0,0.0,-43.0
1776885640.0561028,-4.0,-4.0,-34.0
1776885640.0661027,-1.0,-4.0,-31.0
1776885640.0761027,-3.0,-4.0,-23.0
1776885640.0861027,-3.0,-5.0,-26.0
1776885640.0961027,-1.0,-3.0,-30.0
1776885640.1061027,-3.0,-2.0,-36.0
1776885640.1161027,-5.0,-1.0,-38.0
1776885640.1261027,-5.0,1.0,-37.0
1776885640.136103,-3.0,2.0,-37.0
1776885640.146103,0.0,0.0,-38.0
1776885640.156103,0.0,-2.0,-40.0
1776885640.1661026,0.0,-3.0,-36.0
1776885640.1761026,-2.0,-4.0,-37.0
1776885640.1861026,0.0,-3.0,-34.0
1776885640.1961029,-2.0,-3.0,-31.0
1776885640.2061028,-3.0,-3.0,-38.0
1776885640.2161028,-5.0,-2.0,-37.0
1776885640.2261028,-5.0,-2.0,-37.0
1776885640.2361028,-3.0,-1.0,-40.0
1776885640.2461028,-4.0,1.0,-34.0
1776885640.2561028,0.0,0.0,-31.0
1776885640.2661028,0.0,1.0,-31.0
1776885640.2761028,0.0,-2.0,-35.0
1776885640.2861028,-1.0,-1.0,-39.0
1776885640.2961028,-2.0,0.0,-44.0
1776885640.3061028,-1.0,-1.0,-41.0
1776885640.3161027,0.0,0.0,-34.0
1776885640.3261027,-2.0,3.0,-32.0
1776885640.3361027,-2.0,1.0,-29.0
1776885640.3461027,-6.0,3.0,-30.0
1776885640.3561027,-5.0,3.0,-40.0
1776885640.3661027,-4.0,5.0,-47.0
1776885640.3761027,0.0,0.0,-41.0
1776885640.386103,5.0,1.0,-43.0
1776885640.396103,4.0,0.0,-47.0
1776885640.406103,4.0,-3.0,-50.0
1776885640.4161026,7.0,0.0,-49.0
1776885640.4261026,7.0,-1.0,-47.0
1776885640.4361026,4.0,-2.0,-42.0
1776885640.4461029,5.0,-1.0,-48.0
1776885640.4561028,5.0,0.0,-45.0
1776885640.4661028,3.0,1.0,-42.0
1776885640.4761028,3.0,3.0,-43.0
1776885640.4861028,4.0,4.0,-44.0
1776885640.4961028,4.0,4.0,-42.0
1776885640.5061028,0.0,7.0,-43.0
1776885640.5161028,-1.0,2.0,-51.0
1776885640.5261028,2.0,0.0,-41.0
1776885640.5361028,4.0,-1.0,-44.0
1776885640.5461028,4.0,-3.0,-50.0
1776885640.5561028,3.0,-6.0,-47.0
1776885640.5661027,5.0,-7.0,-43.0
1776885640.5761027,4.0,-6.0,-41.0
1776885640.5861027,0.0,-3.0,-33.0
1776885640.5961027,5.0,-4.0,-37.0
1776885640.6061027,6.0,-7.0,-39.0
1776885640.6161027,7.0,-6.0,-39.0
1776885640.6261027,4.0,-10.0,-46.0
1776885640.636103,1.0,-11.0,-45.0
1776885640.646103,2.0,-8.0,-44.0
1776885640.656103,1.0,-7.0,-44.0
1776885640.6661026,2.0,-1.0,-41.0
1776885640.6761026,2.0,-2.0,-32.0
1776885640.6861026,7.0,1.0,-36.0
1776885640.6961029,5.0,1.0,-40.0
1776885640.7061028,3.0,-1.0,-42.0
1776885640.7161028,3.0,4.0,-44.0
1776885640.7261028,4.0,6.0,-41.0
1776885640.7361028,6.0,9.0,-51.0
1776885640.7461028,1.0,4.0,-46.0
1776885640.7561028,-2.0,5.0,-46.0
1776885640.7661028,-7.0,3.0,-43.0
1776885640.7761028,-7.0,2.0,-43.0
1776885640.7861028,-1.0,1.0,-44.0
1776885640.7961028,-4.0,0.0,-45.0
1776885640.8061028,-4.0,1.0,-45.0
1776885640.8161027,-2.0,1.0,-39.0
1776885640.8261027,-1.0,0.0,-47.0
1776885640.8361027,0.0,3.0,-48.0
1776885640.8461027,-6.0,3.0,-45.0
1776885640.8561027,-8.0,1.0,-37.0
1776885640.8661027,-9.0,1.0,-36.0
1776885640.8761027,-8.0,0.0,-39.0
1776885640.886103,-6.0,0.0,-40.0
1776885640.896103,-2.0,-1.0,-40.0
1776885640.906103,-1.0,3.0,-45.0
1776885640.9161026,0.0,4.0,-49.0
1776885640.9261026,0.0,0.0,-47.0
1776885640.9361026,-3.0,2.0,-37.0
1776885640.9461029,-9.0,5.0,-36.0
1776885640.9561028,-8.0,4.0,-35.0
1776885640.9661028,-2.0,4.0,-28.0
1776885640.9761028,0.0,0.0,-31.0
1776885640.9861028,0.0,0.0,-34.0
1776885640.9961028,-3.0,0.0,-37.0
1776885641.0061028,-2.0,0.0,-34.0
1776885641.0161028,-1.0,0.0,-31.0
1776885641.0261028,-1.0,0.0,-32.0
1776885641.0361028,0.0,0.0,-30.0
1776885641.0461028,1.0,-2.0,-30.0
1776885641.0561028,7.0,-2.0,-43.0
1776885641.0661027,7.0,0.0,-45.0
1776885641.0761027,4.0,2.0,-48.0
1776885641.0861027,4.0,0.0,-45.0
1776885641.0961027,6.0,-3.0,-48.0
1776885641.1061027,4.0,-5.0,-44.0
1776885641.1161027,9.0,-5.0,-50.0
1776885641.1261027,8.0,-7.0,-51.0
1776885641.136103,7.0,-6.0,-52.0
1776885641.1471028,8.0,-4.0,-49.0
1776885641.1571028,6.0,-10.0,-40.0
1776885641.1671028,6.0,-9.0,-39.0
1776885641.1771028,2.0,-11.0,-44.0
1776885641.1871028,2.0,-6.0,-44.0
1776885641.1971028,0.0,-4.0,-47.0
1776885641.2071028,-1.0,-5.0,-49.0
1776885641.2171028,-3.0,-5.0,-45.0
1776885641.2271028,-4.0,-5.0,-45.0
1776885641.238103,-3.0,-3.0,-40.0
1776885641.2471027,-1.0,0.0,-42.0
1776885641.2571027,-5.0,-3.0,-37.0
1776885641.2671027,2.0,-6.0,-31.0
1776885641.2771027,4.0,-6.0,-31.0
1776885641.2871027,5.0,0.0,-21.0
1776885641.2971027,5.0,0.0,-28.0
1776885641.307103,0.0,-2.0,-35.0
1776885641.317103,0.0,0.0,-43.0
1776885641.327103,-1.0,2.0,-43.0
1776885641.337103,0.0,3.0,-43.0
1776885641.3471026,0.0,-1.0,-44.0
1776885641.3571026,-2.0,-3.0,-44.0
1776885641.3671026,-3.0,-2.0,-49.0
1776885641.3771029,-1.0,0.0,-50.0
1776885641.3871028,0.0,-1.0,-50.0
1776885641.3971028,0.0,-6.0,-53.0
1776885641.4071028,0.0,-1.0,-56.0
1776885641.4171028,0.0,0.0,-54.0
1776885641.4271028,0.0,-1.0,-51.0
1776885641.4371028,1.0,-1.0,-44.0
1776885641.4471028,6.0,0.0,-36.0
1776885641.4571028,5.0,0.0,-37.0
1776885641.4671028,2.0,1.0,-42.0
1776885641.4771028,3.0,0.0,-49.0
1776885641.4871027,-1.0,2.0,-49.0
1776885641.4971027,-2.0,3.0,-45.0
1776885641.5071027,0.0,0.0,-41.0
1776885641.5171027,4.0,-1.0,-41.0
1776885641.5271027,1.0,-1.0,-41.0
1776885641.5371027,-1.0,-1.0,-42.0
1776885641.5471027,0.0,1.0,-46.0
1776885641.557103,0.0,0.0,-48.0
1776885641.567103,-5.0,0.0,-44.0
1776885641.577103,-2.0,0.0,-46.0
1776885641.587103,-4.0,0.0,-42.0
1776885641.5971026,1.0,1.0,-40.0
1776885641.6071026,2.0,2.0,-36.0
1776885641.6171026,2.0,1.0,-33.0
1776885641.6271029,3.0,0.0,-38.0
1776885641.6371028,0.0,-3.0,-38.0
1776885641.6471028,-2.0,-5.0,-40.0
1776885641.6571028,-6.0,-5.0,-39.0
1776885641.6671028,-4.0,-5.0,-38.0
1776885641.6771028,-1.0,-5.0,-38.0
1776885641.6871028,-2.0,0.0,-38.0
1776885641.6971028,0.0,-6.0,-41.0
1776885641.7071028,1.0,-7.0,-40.0
1776885641.7171028,2.0,-2.0,-38.0
1776885641.7271028,0.0,0.0,-38.0
1776885641.7371027,-6.0,-2.0,-47.0
1776885641.7471027,-7.0,-1.0,-49.0
1776885641.7571027,-4.0,0.0,-48.0
1776885641.7671027,-3.0,0.0,-43.0
1776885641.7771027,1.0,-3.0,-48.0
1776885641.7871027,1.0,-4.0,-41.0
1776885641.7971027,2.0,-6.0,-44.0
1776885641.807103,0.0,-5.0,-42.0
1776885641.817103,2.0,-9.0,-43.0
1776885641.827103,2.0,-7.0,-43.0
1776885641.837103,1.0,-3.0,-43.0
1776885641.8471026,0.0,-3.0,-40.0
1776885641.8571026,-1.0,-5.0,-38.0
1776885641.8671026,-2.0,-7.0,-41.0
1776885641.8771029,-5.0,-4.0,-39.0
1776885641.8871028,-4.0,-3.0,-33.0
1776885641.8971028,-7.0,-3.0,-38.0
1776885641.9071028,-9.0,-3.0,-44.0
1776885641.9171028,-3.0,0.0,-46.0
1776885641.9271028,-1.0,0.0,-43.0
1776885641.9371028,-1.0,-2.0,-40.0
1776885641.9471028,0.0,-4.0,-40.0
1776885641.9571028,1.0,-3.0,-32.0
1776885641.9671028,3.0,-5.0,-26.0
1776885641.9771028,3.0,-5.0,-32.0
1776885641.9871027,6.0,-2.0,-33.0
1776885641.9971027,8.0,-3.0,-36.0
1776885642.0071027,7.0,-3.0,-40.0
1776885642.0171027,5.0,-3.0,-36.0
1776885642.0271027,7.0,-4.0,-40.0
1776885642.0371027,7.0,-5.0,-36.0
1776885642.0471027,9.0,-9.0,-32.0
1776885642.057103,3.0,-6.0,-37.0
1776885642.067103,1.0,-6.0,-41.0
1776885642.077103,0.0,-6.0,-37.0
1776885642.087103,1.0,-6.0,-42.0
1776885642.0971026,0.0,-3.0,-43.0
1776885642.1071026,-3.0,-5.0,-38.0
1776885642.1171026,-3.0,0.0,-34.0
1776885642.1271029,0.0,-2.0,-38.0
1776885642.1371028,0.0,-2.0,-40.0
1776885642.1471028,-1.0,-1.0,-34.0
1776885642.1571028,0.0,-1.0,-37.0
1776885642.1671028,0.0,0.0,-48.0
1776885642.1771028,0.0,0.0,-51.0
1776885642.1871028,-1.0,0.0,-48.0
1776885642.1971028,0.0,0.0,-52.0
1776885642.2071028,-1.0,-4.0,-48.0
1776885642.2171028,-8.0,-4.0,-45.0
1776885642.2271028,-11.0,0.0,-45.0
1776885642.2371027,-12.0,0.0,-39.0
1776885642.2471027,-12.0,2.0,-42.0
1776885642.2571027,-6.0,1.0,-44.0
1776885642.2681026,0.0,4.0,-46.0
1776885642.2771027,4.0,3.0,-46.0
1776885642.2871027,6.0,1.0,-42.0
1776885642.2971027,7.0,-1.0,-41.0
1776885642.307103,2.0,1.0,-40.0
1776885642.317103,0.0,1.0,-51.0
1776885642.327103,0.0,2.0,-52.0
1776885642.337103,1.0,1.0,-54.0
1776885642.3471026,2.0,1.0,-53.0
1776885642.3571026,4.0,0.0,-49.0
1776885642.3671026,5.0,-2.0,-49.0
1776885642.3771029,6.0,-1.0,-43.0
1776885642.3871028,2.0,-4.0,-44.0
1776885642.3971028,3.0,-6.0,-41.0
1776885642.4071028,6.0,-2.0,-44.0
1776885642.4171028,4.0,-2.0,-45.0
1776885642.4271028,2.0,-5.0,-51.0
1776885642.4371028,1.0,-7.0,-51.0
1776885642.4471028,0.0,-11.0,-49.0
1776885642.4571028,1.0,-7.0,-45.0
1776885642.4671028,0.0,-7.0,-46.0
1776885642.4771028,1.0,-9.0,-43.0
1776885642.4871027,-1.0,-7.0,-40.0
1776885642.4971027,-2.0,-8.0,-37.0
1776885642.5071027,-1.0,-6.0,-38.0
1776885642.5171027,-4.0,0.0,-34.0
1776885642.5271027,-5.0,2.0,-33.0
1776885642.5371027,-3.0,-2.0,-38.0
1776885642.5471027,0.0,-5.0,-35.0
1776885642.557103,-1.0,-1.0,-42.0
1776885642.567103,2.0,0.0,-44.0
1776885642.577103,-1.0,-3.0,-39.0
1776885642.587103,1.0,-6.0,-40.0
1776885642.5971026,2.0,-2.0,-37.0
1776885642.6071026,1.0,-3.0,-46.0
1776885642.6171026,4.0,-4.0,-46.0
1776885642.6271029,7.0,-2.0,-36.0
1776885642.6371028,11.0,1.0,-37.0
1776885642.6471028,7.0,-1.0,-44.0
1776885642.6571028,5.0,0.0,-44.0
1776885642.6671028,0.0,0.0,-45.0
1776885642.6771028,1.0,-5.0,-40.0
1776885642.6871028,4.0,-3.0,-44.0
1776885642.6971028,2.0,-1.0,-41.0
1776885642.7071028,2.0,-4.0,-39.0
1776885642.7171028,-2.0,-3.0,-44.0
1776885642.7271028,-2.0,-1.0,-49.0
1776885642.7371027,-1.0,-3.0,-45.0
1776885642.7471027,-2.0,-1.0,-47.0
1776885642.7571027,-2.0,-2.0,-43.0
1776885642.7671027,-1.0,-7.0,-45.0
1776885642.7771027,0.0,-4.0,-51.0
1776885642.7871027,3.0,-1.0,-42.0
1776885642.7971027,5.0,-6.0,-43.0
1776885642.807103,5.0,-5.0,-40.0
1776885642.817103,8.0,-12.0,-39.0
1776885642.827103,7.0,-14.0,-42.0
1776885642.837103,7.0,-11.0,-38.0
1776885642.8471026,7.0,-7.0,-37.0
1776885642.8571026,5.0,-7.0,-38.0
1776885642.8671026,5.0,-5.0,-40.0
1776885642.8771029,3.0,-5.0,-42.0
1776885642.8871028,8.0,-11.0,-42.0
1776885642.8971028,10.0,-8.0,-46.0
1776885642.9071028,8.0,-7.0,-43.0
1776885642.9171028,9.0,-10.0,-39.0
1776885642.9271028,5.0,-8.0,-39.0
1776885642.9371028,8.0,-2.0,-40.0
1776885642.9471028,10.0,-2.0,-39.0
1776885642.9571028,6.0,0.0,-37.0
1776885642.9671028,0.0,-2.0,-41.0
1776885642.9771028,2.0,-7.0,-50.0
1776885642.9871027,0.0,-5.0,-48.0
1776885642.9971027,0.0,-6.0,-44.0
1776885643.0071027,-3.0,-7.0,-49.0
1776885643.0171027,-2.0,-5.0,-50.0
1776885643.0271027,-3.0,-6.0,-50.0
1776885643.0371027,-1.0,-5.0,-46.0
1776885643.0471027,-2.0,-2.0,-45.0
1776885643.057103,-3.0,-4.0,-46.0
1776885643.067103,0.0,-5.0,-42.0
1776885643.077103,2.0,-8.0,-43.0
1776885643.087103,3.0,-5.0,-44.0
1776885643.0971026,1.0,-8.0,-41.0
1776885643.1081028,-1.0,-9.0,-40.0
1776885643.1171026,-3.0,-9.0,-38.0
1776885643.1281028,-3.0,-5.0,-36.0
1776885643.1371028,-7.0,-2.0,-35.0
1776885643.1481028,-5.0,-5.0,-37.0
1776885643.1581028,-3.0,-9.0,-36.0
1776885643.1681027,0.0,-6.0,-46.0
1776885643.1781027,-1.0,-5.0,-46.0
1776885643.1881027,-2.0,-1.0,-44.0
1776885643.1981027,-3.0,-2.0,-46.0
1776885643.2081027,0.0,-3.0,-44.0
1776885643.2181027,-1.0,-4.0,-45.0
1776885643.2281027,0.0,-5.0,-49.0
1776885643.238103,0.0,-3.0,-49.0
1776885643.248103,-2.0,0.0,-50.0
1776885643.258103,-3.0,0.0,-55.0
1776885643.2681026,-1.0,0.0,-56.0
1776885643.2781026,0.0,2.0,-63.0
1776885643.2881026,-1.0,2.0,-58.0
1776885643.2981029,-2.0,-2.0,-56.0
1776885643.3081028,2.0,-1.0,-51.0
1776885643.3181028,0.0,0.0,-46.0
1776885643.3281028,-1.0,-4.0,-45.0
1776885643.3381028,-1.0,-3.0,-40.0
1776885643.3481028,2.0,-2.0,-42.0
1776885643.3581028,1.0,3.0,-41.0
1776885643.3681028,-3.0,0.0,-39.0
1776885643.3781028,-1.0,-3.0,-37.0
1776885643.3881028,-1.0,-3.0,-33.0
1776885643.3981028,-5.0,-5.0,-40.0
1776885643.4081028,-3.0,-7.0,-38.0
1776885643.4181027,0.0,-9.0,-39.0
1776885643.4281027,2.0,-7.0,-36.0
1776885643.4381027,0.0,-7.0,-42.0
1776885643.4481027,0.0,-7.0,-41.0
1776885643.4581027,0.0,-1.0,-43.0
1776885643.4681027,0.0,-1.0,-49.0
1776885643.4781027,2.0,-5.0,-48.0
1776885643.488103,3.0,-7.0,-45.0
1776885643.498103,5.0,-7.0,-39.0
1776885643.508103,5.0,-8.0,-43.0
1776885643.5181026,5.0,-2.0,-46.0
1776885643.5281026,4.0,-4.0,-47.0
1776885643.5381026,2.0,-5.0,-50.0
1776885643.5481029,0.0,-2.0,-52.0
1776885643.5581028,0.0,-5.0,-56.0
1776885643.5681028,0.0,-8.0,-54.0
1776885643.5781028,3.0,-8.0,-52.0
1776885643.5881028,5.0,-10.0,-48.0
1776885643.5981028,2.0,-11.0,-43.0
1776885643.6081028,2.0,-9.0,-41.0
1776885643.6181028,1.0,-7.0,-41.0
1776885643.6281028,0.0,-7.0,-40.0
1776885643.6381028,1.0,-9.0,-42.0
1776885643.6481028,2.0,-9.0,-39.0
1776885643.6581028,7.0,-5.0,-36.0
1776885643.6681027,3.0,-8.0,-40.0
1776885643.6781027,2.0,-9.0,-37.0
1776885643.6881027,2.0,-6.0,-37.0
1776885643.6981027,0.0,-10.0,-44.0
1776885643.7081027,1.0,-7.0,-45.0
1776885643.7181027,2.0,-5.0,-41.0
1776885643.7281027,1.0,-4.0,-40.0
1776885643.738103,0.0,-3.0,-40.0
1776885643.748103,-3.0,1.0,-41.0
1776885643.758103,-3.0,1.0,-44.0
1776885643.7691028,-2.0,3.0,-41.0
1776885643.7781026,-6.0,5.0,-37.0
1776885643.7881026,-3.0,4.0,-38.0
1776885643.7981029,-6.0,2.0,-40.0
1776885643.8081028,-6.0,3.0,-47.0
1776885643.8181028,-7.0,3.0,-41.0
1776885643.8281028,-7.0,1.0,-36.0
1776885643.8381028,-7.0,1.0,-41.0
1776885643.8481028,-1.0,-2.0,-46.0
1776885643.8581028,-2.0,-6.0,-47.0
1776885643.8681028,0.0,-4.0,-50.0
1776885643.8781028,0.0,-8.0,-49.0
1776885643.8881028,0.0,-5.0,-43.0
1776885643.8981028,-2.0,-2.0,-45.0
1776885643.9081028,0.0,0.0,-39.0
1776885643.9181027,1.0,0.0,-43.0
1776885643.9281027,4.0,-1.0,-42.0
1776885643.9381027,1.0,0.0,-39.0
1776885643.9481027,-2.0,-2.0,-32.0
1776885643.9581027,-3.0,-2.0,-30.0
1776885643.9681027,-4.0,-3.0,-32.0
1776885643.9781027,-1.0,-4.0,-35.0
1776885643.988103,-1.0,-2.0,-43.0
1776885643.998103,4.0,1.0,-44.0
1776885644.008103,11.0,2.0,-46.0
1776885644.0181026,9.0,-2.0,-46.0
1776885644.0281026,7.0,0.0,-46.0
1776885644.0381026,3.0,-1.0,-42.0
1776885644.0481029,4.0,-4.0,-51.0
1776885644.0581028,5.0,-5.0,-59.0
1776885644.0681028,1.0,-5.0,-59.0
1776885644.0781028,-3.0,-3.0,-62.0
1776885644.0881028,-8.0,0.0,-59.0
1776885644.0981028,-10.0,1.0,-51.0
1776885644.1081028,-9.0,0.0,-54.0
1776885644.1181028,-6.0,-2.0,-56.0
1776885644.1281028,-4.0,-4.0,-59.0
1776885644.1381028,0.0,-4.0,-51.0
1776885644.1481028,-2.0,-2.0,-47.0
1776885644.1581028,-1.0,-3.0,-53.0
1776885644.1681027,2.0,-1.0,-50.0
1776885644.1781027,0.0,-2.0,-39.0
1776885644.1881027,-4.0,0.0,-35.0
1776885644.1981027,-7.0,-3.0,-40.0
1776885644.2081027,-4.0,-5.0,-38.0
1776885644.2181027,-1.0,-6.0,-38.0
1776885644.2281027,0.0,-4.0,-41.0
1776885644.238103,2.0,-1.0,-43.0
1776885644.248103,5.0,-3.0,-38.0
1776885644.258103,6.0,-3.0,-37.0
1776885644.2681026,1.0,0.0,-37.0
1776885644.2781026,0.0,-2.0,-38.0
1776885644.2881026,0.0,-5.0,-40.0
1776885644.2981029,1.0,-7.0,-35.0
1776885644.3081028,4.0,-10.0,-34.0
1776885644.3181028,0.0,-14.0,-37.0
1776885644.3281028,0.0,-9.0,-36.0
1776885644.3381028,3.0,-8.0,-36.0
1776885644.3481028,3.0,-9.0,-38.0
1776885644.3581028,2.0,-8.0,-37.0
1776885644.3681028,5.0,-10.0,-40.0
1776885644.3781028,6.0,-7.0,-32.0
1776885644.3881028,7.0,-2.0,-37.0
1776885644.3981028,4.0,-3.0,-38.0
1776885644.4081028,3.0,-5.0,-39.0
1776885644.4181027,3.0,-2.0,-44.0
1776885644.4281027,0.0,-2.0,-39.0
1776885644.4381027,2.0,-4.0,-26.0
1776885644.4481027,1.0,-7.0,-32.0
1776885644.4581027,-2.0,-5.0,-36.0
1776885644.4681027,1.0,-4.0,-40.0
1776885644.4781027,0.0,-4.0,-41.0
1776885644.488103,0.0,-1.0,-41.0
1776885644.498103,2.0,0.0,-39.0
1776885644.508103,2.0,2.0,-37.0
1776885644.5181026,8.0,2.0,-39.0
1776885644.5281026,9.0,1.0,-40.0
1776885644.5381026,12.0,0.0,-33.0
1776885644.5481029,6.0,1.0,-31.0
1776885644.5581028,1.0,0.0,-25.0
1776885644.5681028,-4.0,1.0,-25.0
1776885644.5781028,-4.0,1.0,-32.0
1776885644.5881028,-9.0,1.0,-35.0
1776885644.5981028,-11.0,-2.0,-36.0
1776885644.6081028,-7.0,-4.0,-37.0
1776885644.6181028,-6.0,-4.0,-38.0
1776885644.6281028,-9.0,-7.0,-33.0
1776885644.6381028,-9.0,-4.0,-34.0
1776885644.6481028,-7.0,-5.0,-29.0
1776885644.6581028,-5.0,-2.0,-28.0
1776885644.6681027,-6.0,-1.0,-33.0
1776885644.6781027,0.0,-4.0,-34.0
1776885644.6881027,0.0,-4.0,-38.0
1776885644.6981027,0.0,-6.0,-34.0
1776885644.7081027,0.0,-5.0,-29.0
1776885644.7181027,0.0,0.0,-33.0
1776885644.7281027,-3.0,-1.0,-42.0
1776885644.738103,1.0,-2.0,-39.0
1776885644.748103,1.0,-3.0,-36.0
1776885644.758103,-2.0,-6.0,-36.0
1776885644.7681026,-5.0,-6.0,-37.0
1776885644.7781026,-6.0,-6.0,-40.0
1776885644.7881026,-5.0,-7.0,-41.0
1776885644.7981029,-1.0,-7.0,-35.0
1776885644.8081028,1.0,-8.0,-38.0
1776885644.8181028,2.0,-8.0,-36.0
1776885644.8281028,4.0,-7.0,-42.0
1776885644.8381028,0.0,-4.0,-48.0
1776885644.8481028,0.0,-6.0,-53.0
1776885644.8581028,1.0,-5.0,-54.0
1776885644.8681028,5.0,-4.0,-50.0
1776885644.8781028,0.0,-1.0,-42.0
1776885644.8881028,0.0,0.0,-46.0
1776885644.8981028,-3.0,0.0,-41.0
1776885644.9081028,-5.0,2.0,-46.0
1776885644.9181027,-3.0,0.0,-48.0
1776885644.9281027,0.0,-2.0,-47.0
1776885644.9381027,-3.0,0.0,-49.0
1776885644.9481027,-2.0,-2.0,-47.0
1776885644.9581027,-5.0,-5.0,-42.0
1776885644.9681027,-9.0,-3.0,-43.0
1776885644.9781027,-8.0,-6.0,-42.0
1776885644.988103,-7.0,-7.0,-41.0
1776885644.998103,-4.0,-5.0,-42.0
1776885645.008103,-2.0,-6.0,-44.0
1776885645.0181026,0.0,-2.0,-40.0
1776885645.0281026,0.0,-3.0,-40.0
1776885645.0381026,2.0,-2.0,-41.0
1776885645.0481029,4.0,-4.0,-40.0
1776885645.0581028,6.0,-2.0,-35.0
1776885645.0681028,0.0,0.0,-40.0
1776885645.0781028,-1.0,0.0,-38.0
1776885645.0891027,-1.0,-1.0,-36.0
1776885645.0981028,0.0,0.0,-34.0
1776885645.1081028,1.0,0.0,-31.0
1776885645.1181028,4.0,3.0,-34.0
1776885645.1291027,-1.0,0.0,-38.0
1776885645.1391027,-2.0,2.0,-41.0
1776885645.1491027,0.0,2.0,-44.0
1776885645.159103,5.0,1.0,-44.0
1776885645.169103,5.0,0.0,-44.0
1776885645.179103,5.0,-1.0,-42.0
1776885645.1891026,-1.0,2.0,-37.0
1776885645.1991026,-2.0,3.0,-38.0
1776885645.2091026,-1.0,4.0,-35.0
1776885645.2191026,1.0,0.0,-26.0
1776885645.2291028,0.0,0.0,-26.0
1776885645.2391028,1.0,-2.0,-28.0
1776885645.2491028,1.0,0.0,-45.0
1776885645.2591028,3.0,2.0,-45.0
1776885645.2691028,0.0,0.0,-47.0
1776885645.2791028,0.0,-1.0,-51.0
1776885645.2891028,-1.0,-2.0,-52.0
1776885645.2991028,1.0,-3.0,-49.0
1776885645.3091028,1.0,-2.0,-45.0
1776885645.3191028,2.0,-2.0,-43.0
1776885645.3291028,6.0,-2.0,-41.0
1776885645.3391027,5.0,-2.0,-42.0
1776885645.3491027,10.0,-3.0,-43.0
1776885645.3591027,4.0,-5.0,-40.0
1776885645.3691027,6.0,-3.0,-43.0
1776885645.3791027,0.0,-3.0,-44.0
1776885645.3891027,3.0,-4.0,-49.0
1776885645.3991027,3.0,-7.0,-51.0
1776885645.409103,3.0,-9.0,-53.0
1776885645.419103,7.0,-8.0,-54.0
1776885645.429103,4.0,-5.0,-47.0
1776885645.4391026,10.0,-6.0,-41.0
1776885645.4491026,8.0,-5.0,-39.0
1776885645.4591026,2.0,-5.0,-44.0
1776885645.4691026,-5.0,-2.0,-43.0
1776885645.4791028,-10.0,0.0,-45.0
1776885645.4891028,-12.0,-1.0,-42.0
1776885645.4991028,-11.0,-2.0,-44.0
1776885645.5091028,-9.0,2.0,-43.0
1776885645.5191028,-6.0,0.0,-38.0
1776885645.5291028,-7.0,0.0,-43.0
1776885645.5391028,-3.0,1.0,-42.0
1776885645.5491028,0.0,-1.0,-41.0
1776885645.5591028,0.0,0.0,-38.0
1776885645.5691028,4.0,0.0,-44.0
1776885645.5791028,3.0,1.0,-40.0
1776885645.5891027,6.0,0.0,-41.0
1776885645.5991027,4.0,0.0,-45.0
1776885645.6091027,0.0,1.0,-40.0
1776885645.6191027,1.0,0.0,-49.0
1776885645.6291027,-1.0,-3.0,-51.0
1776885645.6391027,-6.0,-8.0,-53.0
1776885645.6491027,-4.0,-8.0,-47.0
1776885645.659103,-6.0,-6.0,-43.0
1776885645.669103,1.0,-8.0,-40.0
1776885645.679103,-2.0,-5.0,-42.0
1776885645.6891026,0.0,-4.0,-41.0
1776885645.6991026,1.0,-3.0,-41.0
1776885645.7091026,2.0,-2.0,-41.0
1776885645.7191026,1.0,-1.0,-43.0
1776885645.7291028,2.0,1.0,-38.0
1776885645.7391028,4.0,2.0,-41.0
1776885645.7491028,6.0,4.0,-40.0
1776885645.7591028,1.0,3.0,-38.0
1776885645.7691028,0.0,2.0,-36.0
1776885645.7791028,3.0,1.0,-43.0
1776885645.7891028,5.0,0.0,-42.0
1776885645.7991028,5.0,-4.0,-42.0
1776885645.8091028,3.0,-1.0,-42.0
1776885645.8191028,1.0,-1.0,-40.0
1776885645.8291028,4.0,1.0,-39.0
1776885645.8391027,3.0,2.0,-41.0
1776885645.8491027,0.0,1.0,-43.0
1776885645.8591027,-6.0,-1.0,-39.0
1776885645.8691027,-4.0,0.0,-43.0
1776885645.8791027,-1.0,0.0,-41.0
1776885645.8891027,-5.0,0.0,-36.0
1776885645.8991027,-6.0,0.0,-34.0
1776885645.909103,-2.0,-5.0,-35.0
1776885645.919103,2.0,0.0,-35.0
1776885645.929103,-3.0,2.0,-39.0
1776885645.9391026,-7.0,1.0,-39.0
1776885645.9491026,-4.0,-2.0,-37.0
1776885645.9591026,-8.0,0.0,-37.0
1776885645.9691026,-6.0,0.0,-32.0
1776885645.9791028,-5.0,-1.0,-36.0
1776885645.9891028,0.0,2.0,-38.0
1776885645.9991028,-1.0,1.0,-37.0
1776885646.0091028,0.0,0.0,-31.0
1776885646.0191028,-3.0,3.0,-35.0
1776885646.0291028,-5.0,2.0,-36.0
1776885646.0391028,0.0,1.0,-30.0
1776885646.0491028,1.0,0.0,-25.0
1776885646.0591028,3.0,-4.0,-30.0
1776885646.0691028,5.0,0.0,-32.0
1776885646.0791028,3.0,1.0,-30.0
1776885646.0891027,7.0,3.0,-38.0
1776885646.0991027,5.0,3.0,-43.0
1776885646.1091027,7.0,0.0,-43.0
1776885646.1191027,6.0,2.0,-48.0
1776885646.1291027,4.0,0.0,-48.0
1776885646.1391027,4.0,-1.0,-46.0
1776885646.1491027,2.0,-3.0,-52.0
1776885646.159103,3.0,-4.0,-52.0
1776885646.169103,2.0,-4.0,-45.0
1776885646.179103,4.0,-2.0,-39.0
1776885646.1891026,7.0,0.0,-38.0
1776885646.1991026,0.0,0.0,-39.0
1776885646.2091026,0.0,2.0,-39.0
1776885646.2191026,3.0,3.0,-38.0
1776885646.2291028,3.0,2.0,-38.0
1776885646.2391028,5.0,4.0,-36.0
1776885646.2491028,2.0,0.0,-31.0
1776885646.2591028,4.0,-4.0,-28.0
1776885646.2691028,-1.0,0.0,-33.0
1776885646.2791028,-2.0,0.0,-34.0
1776885646.2891028,-2.0,-2.0,-33.0
1776885646.2991028,-3.0,-1.0,-33.0
1776885646.3091028,-4.0,1.0,-33.0
1776885646.3191028,-6.0,3.0,-31.0
1776885646.3291028,-2.0,0.0,-33.0
1776885646.3391027,-3.0,-1.0,-36.0
1776885646.3491027,2.0,0.0,-43.0
1776885646.3591027,6.0,0.0,-47.0
1776885646.3691027,6.0,0.0,-45.0
1776885646.3791027,2.0,-2.0,-39.0
1776885646.3891027,0.0,-1.0,-44.0
1776885646.3991027,0.0,-1.0,-40.0
1776885646.409103,0.0,0.0,-38.0
1776885646.419103,2.0,5.0,-46.0
1776885646.429103,1.0,4.0,-51.0
1776885646.4391026,4.0,6.0,-48.0
1776885646.4491026,5.0,0.0,-44.0
1776885646.4591026,1.0,2.0,-40.0
1776885646.4691026,2.0,0.0,-40.0
1776885646.4791028,3.0,-2.0,-40.0
1776885646.4891028,0.0,-3.0,-41.0
1776885646.4991028,-3.0,-3.0,-41.0
1776885646.5091028,-1.0,-3.0,-44.0
1776885646.5191028,-1.0,-2.0,-38.0
1776885646.5291028,-4.0,0.0,-39.0
1776885646.5391028,-5.0,-2.0,-38.0
1776885646.5491028,-1.0,-1.0,-40.0
1776885646.5591028,-3.0,0.0,-37.0
1776885646.5691028,0.0,1.0,-38.0
1776885646.5791028,-3.0,3.0,-46.0
1776885646.5891027,-5.0,0.0,-46.0
1776885646.5991027,-2.0,-1.0,-45.0
1776885646.6091027,-2.0,-1.0,-50.0
1776885646.6191027,-1.0,0.0,-52.0
1776885646.6291027,0.0,4.0,-51.0
1776885646.6391027,0.0,4.0,-45.0
1776885646.6491027,0.0,1.0,-43.0
1776885646.659103,2.0,1.0,-39.0
1776885646.669103,2.0,1.0,-40.0
1776885646.679103,3.0,1.0,-36.0
1776885646.6891026,-3.0,0.0,-34.0
1776885646.6991026,-4.0,3.0,-35.0
1776885646.7091026,-1.0,-2.0,-37.0
1776885646.7191026,-4.0,-1.0,-45.0
1776885646.7291028,-3.0,0.0,-42.0
1776885646.7391028,0.0,3.0,-41.0
1776885646.7491028,-2.0,6.0,-41.0
1776885646.7591028,0.0,4.0,-47.0
1776885646.7691028,2.0,2.0,-46.0
1776885646.7791028,2.0,0.0,-41.0
1776885646.7891028,3.0,-1.0,-45.0
1776885646.7991028,0.0,-3.0,-42.0
1776885646.8091028,-5.0,-1.0,-41.0
1776885646.8191028,1.0,-2.0,-40.0
1776885646.8291028,0.0,0.0,-42.0
1776885646.8391027,-2.0,0.0,-41.0
1776885646.8491027,1.0,4.0,-44.0
1776885646.8591027,5.0,5.0,-43.0
1776885646.8691027,2.0,3.0,-42.0
1776885646.8791027,3.0,3.0,-50.0
1776885646.8891027,0.0,1.0,-46.0
1776885646.8991027,-1.0,-4.0,-39.0
1776885646.909103,0.0,-6.0,-36.0
1776885646.919103,1.0,-5.0,-38.0
1776885646.929103,-1.0,-6.0,-32.0
1776885646.9391026,-1.0,-9.0,-32.0
1776885646.9491026,0.0,-10.0,-30.0
1776885646.9591026,-4.0,-6.0,-40.0
1776885646.9691026,-4.0,-1.0,-44.0
1776885646.9791028,-1.0,-3.0,-49.0
1776885646.9891028,-2.0,0.0,-45.0
1776885646.9991028,0.0,0.0,-47.0
1776885647.0091028,0.0,-2.0,-52.0
1776885647.0191028,0.0,-6.0,-50.0
1776885647.0291028,2.0,-5.0,-45.0
1776885647.0391028,1.0,-6.0,-41.0
1776885647.0491028,2.0,-4.0,-43.0
1776885647.0591028,2.0,1.0,-47.0
1776885647.0691028,0.0,2.0,-39.0
1776885647.0801027,1.0,2.0,-38.0
1776885647.090103,0.0,3.0,-41.0
1776885647.100103,1.0,3.0,-40.0
1776885647.1091027,-1.0,-1.0,-33.0
1776885647.1201026,0.0,-2.0,-40.0
1776885647.1301026,0.0,-4.0,-39.0
1776885647.1401026,-2.0,-3.0,-42.0
1776885647.1501029,4.0,0.0,-42.0
1776885647.1601028,6.0,2.0,-41.0
1776885647.169103,2.0,3.0,-46.0
1776885647.1801028,5.0,1.0,-51.0
1776885647.1901028,8.0,0.0,-43.0
1776885647.2001028,6.0,-1.0,-41.0
1776885647.2101028,4.0,-2.0,-44.0
1776885647.2201028,0.0,-3.0,-44.0
1776885647.2301028,-1.0,-2.0,-46.0
1776885647.2401028,-4.0,-4.0,-47.0
1776885647.2501028,-1.0,-3.0,-37.0
1776885647.2601027,-2.0,-3.0,-40.0
1776885647.2701027,-2.0,-2.0,-42.0
1776885647.2801027,-3.0,-6.0,-40.0
1776885647.2901027,0.0,-4.0,-41.0
1776885647.3001027,5.0,-6.0,-43.0
1776885647.3101027,10.0,-5.0,-44.0
1776885647.3201027,5.0,-1.0,-45.0
1776885647.3301027,6.0,0.0,-46.0
1776885647.340103,2.0,0.0,-45.0
1776885647.350103,0.0,3.0,-40.0
1776885647.360103,-1.0,1.0,-42.0
1776885647.3701026,-4.0,1.0,-39.0
1776885647.3801026,0.0,4.0,-44.0
1776885647.3901026,0.0,5.0,-42.0
1776885647.4001029,-2.0,2.0,-41.0
1776885647.4101028,-1.0,0.0,-40.0
1776885647.4201028,-4.0,-5.0,-41.0
1776885647.4301028,-7.0,-8.0,-32.0
1776885647.4401028,-6.0,-10.0,-36.0
1776885647.4501028,-8.0,-8.0,-40.0
1776885647.4601028,-8.0,-6.0,-47.0
1776885647.4701028,-2.0,-2.0,-41.0
1776885647.4801028,1.0,2.0,-42.0
1776885647.4901028,5.0,2.0,-48.0
1776885647.5001028,0.0,5.0,-42.0
1776885647.5101027,0.0,5.0,-41.0
1776885647.5201027,-4.0,0.0,-40.0
1776885647.5301027,-3.0,0.0,-38.0
1776885647.5401027,-7.0,3.0,-41.0
1776885647.5501027,-6.0,4.0,-44.0
1776885647.5601027,-7.0,2.0,-42.0
1776885647.5701027,-9.0,0.0,-46.0
1776885647.5801027,-11.0,0.0,-45.0
1776885647.590103,-9.0,-3.0,-45.0
1776885647.600103,-9.0,-8.0,-43.0
1776885647.610103,-8.0,-4.0,-43.0
1776885647.6201026,-6.0,-3.0,-41.0
1776885647.6301026,2.0,-2.0,-44.0
1776885647.6401026,2.0,-5.0,-48.0
1776885647.6501029,1.0,-6.0,-51.0
1776885647.6601028,1.0,-3.0,-47.0
1776885647.6701028,3.0,-2.0,-44.0
1776885647.6801028,6.0,1.0,-43.0
1776885647.6901028,5.0,1.0,-46.0
1776885647.7001028,1.0,6.0,-45.0
1776885647.7101028,0.0,5.0,-41.0
1776885647.7201028,-2.0,3.0,-30.0
1776885647.7301028,-5.0,0.0,-29.0
1776885647.7401028,-6.0,0.0,-30.0
1776885647.7501028,-1.0,-3.0,-33.0
1776885647.7601027,-4.0,0.0,-34.0
1776885647.7701027,0.0,3.0,-34.0
1776885647.7801027,3.0,8.0,-30.0
1776885647.7901027,3.0,6.0,-34.0
1776885647.8001027,2.0,1.0,-30.0
1776885647.8101027,2.0,-2.0,-24.0
1776885647.8201027,-5.0,0.0,-24.0
1776885647.8301027,-6.0,2.0,-29.0
1776885647.840103,-7.0,0.0,-35.0
1776885647.850103,-8.0,0.0,-35.0
1776885647.860103,-8.0,0.0,-36.0
1776885647.8701026,-4.0,-1.0,-42.0
1776885647.8801026,0.0,-2.0,-44.0
1776885647.8901026,-5.0,-4.0,-42.0
1776885647.9001029,-1.0,-3.0,-39.0
1776885647.9101028,-7.0,-2.0,-38.0
1776885647.9201028,-3.0,0.0,-36.0
1776885647.9301028,-4.0,-1.0,-36.0
1776885647.9401028,-1.0,0.0,-38.0
1776885647.9501028,1.0,-1.0,-40.0
1776885647.9601028,1.0,0.0,-41.0
1776885647.9701028,0.0,2.0,-47.0
1776885647.9801028,0.0,1.0,-51.0
1776885647.9901028,-2.0,2.0,-57.0
1776885648.0001028,-2.0,-1.0,-54.0
1776885648.0101027,1.0,4.0,-51.0
1776885648.0201027,-2.0,4.0,-47.0
1776885648.0301027,-7.0,0.0,-52.0
1776885648.0401027,-3.0,2.0,-46.0
1776885648.0501027,0.0,3.0,-47.0
1776885648.0601027,1.0,6.0,-43.0
1776885648.0701027,0.0,6.0,-48.0
1776885648.0801027,1.0,3.0,-47.0
1776885648.090103,2.0,3.0,-47.0
1776885648.100103,7.0,0.0,-45.0
1776885648.110103,5.0,-1.0,-47.0
1776885648.1201026,5.0,-3.0,-53.0
1776885648.1301026,3.0,-5.0,-56.0
1776885648.1401026,7.0,-1.0,-52.0
1776885648.1501029,8.0,-3.0,-45.0
1776885648.1601028,5.0,-4.0,-44.0
1776885648.1701028,0.0,0.0,-47.0
1776885648.1801028,3.0,0.0,-46.0
1776885648.1901028,0.0,1.0,-41.0
1776885648.2001028,-3.0,2.0,-42.0
1776885648.2101028,-6.0,1.0,-35.0
1776885648.2201028,-7.0,0.0,-35.0
1776885648.2301028,-6.0,0.0,-27.0
1776885648.2401028,-4.0,-5.0,-36.0
1776885648.2501028,-1.0,-6.0,-24.0
1776885648.2601027,1.0,-9.0,-25.0
1776885648.2701027,-3.0,-4.0,-35.0
1776885648.2801027,-3.0,-4.0,-32.0
1776885648.2901027,-4.0,-1.0,-40.0
1776885648.3001027,0.0,-2.0,-44.0
1776885648.3101027,0.0,0.0,-47.0
1776885648.3201027,0.0,-2.0,-43.0
1776885648.3301027,-3.0,-3.0,-50.0
1776885648.340103,-5.0,0.0,-46.0
1776885648.350103,-5.0,-1.0,-47.0
1776885648.360103,-2.0,-1.0,-48.0
1776885648.3701026,-1.0,0.0,-47.0
1776885648.3801026,-3.0,-4.0,-46.0
1776885648.3901026,-1.0,-8.0,-45.0
1776885648.4001029,0.0,-6.0,-37.0
1776885648.4101028,-3.0,-6.0,-42.0
1776885648.4201028,-2.0,-7.0,-44.0
1776885648.4301028,0.0,-7.0,-37.0
1776885648.4401028,0.0,-7.0,-36.0
1776885648.4501028,0.0,-7.0,-37.0
1776885648.4601028,1.0,-7.0,-38.0
1776885648.4701028,-3.0,-4.0,-33.0
1776885648.4801028,-1.0,0.0,-32.0
1776885648.4901028,-1.0,-7.0,-39.0
1776885648.5001028,-2.0,-5.0,-36.0
1776885648.5101027,0.0,-1.0,-33.0
1776885648.5201027,0.0,0.0,-38.0
1776885648.5301027,1.0,2.0,-43.0
1776885648.5401027,4.0,2.0,-44.0
1776885648.5501027,4.0,1.0,-36.0
1776885648.5601027,4.0,-2.0,-44.0
1776885648.5701027,5.0,-2.0,-38.0
1776885648.5801027,5.0,-7.0,-38.0
1776885648.590103,5.0,-7.0,-37.0
1776885648.600103,3.0,-9.0,-37.0
1776885648.610103,2.0,-5.0,-44.0
1776885648.6201026,4.0,0.0,-44.0
1776885648.6301026,6.0,1.0,-40.0
1776885648.6401026,4.0,-1.0,-45.0
1776885648.6501029,3.0,-1.0,-46.0
1776885648.6601028,0.0,-2.0,-46.0
1776885648.6701028,2.0,-2.0,-44.0
1776885648.6801028,2.0,-3.0,-48.0
1776885648.6901028,1.0,-4.0,-50.0
1776885648.7001028,-3.0,-1.0,-44.0
1776885648.7101028,-2.0,-1.0,-44.0
1776885648.7201028,-4.0,3.0,-41.0
1776885648.7301028,-5.0,4.0,-42.0
1776885648.7401028,-1.0,0.0,-38.0
1776885648.7501028,-3.0,-2.0,-38.0
1776885648.7601027,-1.0,0.0,-35.0
1776885648.7701027,3.0,-1.0,-36.0
1776885648.7801027,8.0,-4.0,-35.0
1776885648.7901027,6.0,-5.0,-45.0
1776885648.8001027,3.0,-5.0,-45.0
1776885648.8101027,4.0,-5.0,-48.0
1776885648.8201027,0.0,-8.0,-43.0
1776885648.8301027,-5.0,-4.0,-36.0
1776885648.840103,-4.0,-4.0,-44.0
1776885648.850103,-7.0,-3.0,-52.0
1776885648.860103,-8.0,-3.0,-55.0
1776885648.8701026,-5.0,-3.0,-56.0
1776885648.8801026,-3.0,-2.0,-49.0
1776885648.8901026,-3.0,-3.0,-41.0
1776885648.9001029,-5.0,-4.0,-41.0
1776885648.9101028,-2.0,-3.0,-35.0
1776885648.9201028,2.0,-5.0,-40.0
1776885648.9301028,1.0,-1.0,-47.0
1776885648.9401028,0.0,0.0,-45.0
1776885648.9501028,0.0,-1.0,-45.0
1776885648.9601028,-2.0,-3.0,-43.0
1776885648.9701028,-1.0,-4.0,-48.0
1776885648.9801028,2.0,0.0,-48.0
1776885648.9901028,2.0,-3.0,-46.0
1776885649.0001028,2.0,-7.0,-46.0
1776885649.0101027,3.0,-6.0,-41.0
1776885649.0201027,2.0,-8.0,-38.0
1776885649.0301027,-1.0,-6.0,-38.0
1776885649.0401027,-2.0,-1.0,-30.0
1776885649.0501027,0.0,-1.0,-28.0
1776885649.0601027,1.0,-1.0,-35.0
1776885649.0711029,1.0,-3.0,-30.0
1776885649.0801027,-3.0,-3.0,-26.0
1776885649.0911028,-2.0,-2.0,-29.0
1776885649.1011028,-2.0,1.0,-34.0
1776885649.1111028,0.0,4.0,-36.0
1776885649.1211028,3.0,5.0,-33.0
1776885649.1311028,4.0,6.0,-35.0
1776885649.1411028,5.0,2.0,-40.0
1776885649.1511028,1.0,1.0,-38.0
1776885649.1611028,0.0,1.0,-41.0
1776885649.1711028,1.0,3.0,-45.0
1776885649.1811028,1.0,1.0,-43.0
1776885649.1911027,2.0,1.0,-38.0
1776885649.2011027,1.0,-2.0,-42.0
1776885649.2111027,5.0,-2.0,-50.0
1776885649.2211027,2.0,-2.0,-56.0
1776885649.2311027,-1.0,-3.0,-51.0
1776885649.2411027,0.0,-1.0,-44.0
1776885649.2511027,-2.0,-1.0,-43.0
1776885649.261103,0.0,-3.0,-43.0
1776885649.271103,2.0,-3.0,-37.0
1776885649.281103,2.0,0.0,-43.0
1776885649.2911026,0.0,4.0,-48.0
1776885649.3011026,0.0,6.0,-50.0
1776885649.3111026,-1.0,5.0,-50.0
1776885649.3211029,0.0,3.0,-53.0
1776885649.3311028,4.0,1.0,-54.0
1776885649.3411028,-1.0,0.0,-61.0
1776885649.3511028,-3.0,-1.0,-52.0
1776885649.3611028,-5.0,-4.0,-49.0
1776885649.3711028,-4.0,-8.0,-43.0
1776885649.3811028,-3.0,-7.0,-41.0
1776885649.3911028,0.0,-6.0,-35.0
1776885649.4011028,-3.0,-5.0,-33.0
1776885649.4111028,-4.0,-3.0,-35.0
1776885649.4211028,-5.0,0.0,-37.0
1776885649.4311028,-8.0,-3.0,-36.0
1776885649.4411027,-4.0,-2.0,-32.0
1776885649.4511027,0.0,-3.0,-43.0
1776885649.4611027,2.0,-4.0,-44.0
1776885649.4711027,4.0,-4.0,-40.0
1776885649.4811027,5.0,-6.0,-34.0
1776885649.4911027,4.0,-5.0,-34.0
1776885649.5011027,-1.0,-5.0,-37.0
1776885649.511103,-3.0,-5.0,-40.0
1776885649.521103,-4.0,-4.0,-38.0
1776885649.531103,0.0,-2.0,-40.0
1776885649.5411026,0.0,-2.0,-41.0
1776885649.5511026,-1.0,-8.0,-43.0
1776885649.5611026,-1.0,-8.0,-39.0
1776885649.5711029,1.0,-2.0,-46.0
1776885649.5811028,0.0,-3.0,-45.0
1776885649.5911028,1.0,-2.0,-41.0
1776885649.6011028,5.0,0.0,-39.0
1776885649.6111028,7.0,0.0,-41.0
1776885649.6211028,6.0,-1.0,-44.0
1776885649.6311028,8.0,-2.0,-45.0
1776885649.6411028,10.0,-2.0,-54.0
1776885649.6511028,6.0,-2.0,-48.0
1776885649.6611028,4.0,-2.0,-49.0
1776885649.6711028,8.0,-3.0,-53.0
1776885649.6811028,6.0,-5.0,-56.0
1776885649.6911027,0.0,0.0,-54.0
1776885649.7011027,-2.0,-2.0,-48.0
1776885649.7111027,0.0,-4.0,-45.0
1776885649.7211027,4.0,-2.0,-47.0
1776885649.7311027,6.0,0.0,-46.0
1776885649.7411027,3.0,-1.0,-34.0
1776885649.7511027,-1.0,-1.0,-37.0
1776885649.761103,1.0,-5.0,-34.0
1776885649.771103,0.0,-7.0,-33.0
1776885649.781103,-2.0,-4.0,-37.0
1776885649.7911026,-5.0,-2.0,-33.0
1776885649.8011026,-4.0,1.0,-32.0
1776885649.8111026,-6.0,1.0,-25.0
1776885649.8211029,-9.0,-1.0,-29.0
1776885649.8311028,-6.0,3.0,-34.0
1776885649.8411028,1.0,0.0,-40.0
1776885649.8511028,-1.0,-1.0,-45.0
1776885649.8611028,2.0,-1.0,-43.0
1776885649.8711028,5.0,0.0,-45.0
1776885649.8811028,10.0,-4.0,-42.0
1776885649.8911028,11.0,-4.0,-46.0
1776885649.9011028,8.0,-1.0,-49.0
1776885649.9111028,9.0,-1.0,-52.0
1776885649.9211028,6.0,0.0,-46.0
1776885649.9311028,6.0,-3.0,-45.0
1776885649.9411027,7.0,-5.0,-48.0
1776885649.9511027,7.0,-6.0,-48.0
1776885649.9611027,2.0,-5.0,-51.0
1776885649.9711027,-1.0,-6.0,-46.0
1776885649.9811027,0.0,-9.0,-46.0
1776885649.9911027,0.0,-9.0,-50.0
1776885650.0011027,1.0,-8.0,-54.0
1776885650.011103,0.0,-7.0,-45.0
1776885650.021103,0.0,-7.0,-48.0
1776885650.031103,0.0,-4.0,-51.0
1776885650.0411026,1.0,-3.0,-52.0
1776885650.0511026,-3.0,-3.0,-48.0
1776885650.0611026,-1.0,-1.0,-48.0
1776885650.0711029,-1.0,0.0,-42.0
1776885650.0811028,-2.0,-1.0,-38.0
1776885650.0911028,-5.0,-2.0,-35.0
1776885650.1011028,-5.0,-3.0,-41.0
1776885650.1111028,-6.0,-6.0,-38.0
1776885650.1211028,-4.0,-5.0,-35.0
1776885650.1311028,-3.0,-4.0,-45.0
1776885650.1411028,-3.0,1.0,-45.0
1776885650.1511028,-3.0,2.0,-47.0
1776885650.1611028,-4.0,-1.0,-48.0
1776885650.1711028,-6.0,-1.0,-46.0
1776885650.1811028,-4.0,-2.0,-48.0
1776885650.1911027,-3.0,-3.0,-48.0
1776885650.2011027,-1.0,-1.0,-43.0
1776885650.2111027,3.0,2.0,-44.0
1776885650.2211027,4.0,2.0,-52.0
1776885650.2311027,2.0,-1.0,-45.0
1776885650.2411027,-1.0,-1.0,-40.0
1776885650.2511027,0.0,1.0,-41.0
1776885650.261103,-3.0,4.0,-47.0
1776885650.271103,2.0,5.0,-57.0
1776885650.281103,4.0,2.0,-58.0
1776885650.2911026,0.0,1.0,-57.0
1776885650.3011026,2.0,-1.0,-50.0
1776885650.3111026,1.0,-2.0,-49.0
1776885650.3211029,-7.0,-7.0,-45.0
1776885650.3311028,0.0,-7.0,-41.0
1776885650.3411028,-4.0,-1.0,-33.0
1776885650.3511028,-1.0,0.0,-32.0
1776885650.3611028,1.0,2.0,-40.0
1776885650.3711028,2.0,0.0,-40.0
1776885650.3811028,1.0,1.0,-36.0
1776885650.3911028,-2.0,-1.0,-42.0
1776885650.4011028,-4.0,-2.0,-41.0
1776885650.4111028,-1.0,0.0,-43.0
1776885650.4211028,0.0,-3.0,-41.0
1776885650.4311028,1.0,-4.0,-43.0
1776885650.4411027,0.0,-2.0,-48.0
1776885650.4511027,0.0,-6.0,-43.0
1776885650.4611027,-2.0,-6.0,-47.0
1776885650.4711027,-3.0,-2.0,-48.0
1776885650.4811027,-3.0,-2.0,-47.0
1776885650.4911027,-3.0,-7.0,-39.0
1776885650.5011027,-1.0,-8.0,-32.0
1776885650.511103,1.0,-9.0,-40.0
1776885650.521103,0.0,-10.0,-48.0
1776885650.531103,-4.0,-6.0,-49.0
1776885650.5411026,-4.0,-5.0,-49.0
1776885650.5511026,-7.0,-3.0,-42.0
1776885650.5611026,-7.0,-9.0,-38.0
1776885650.5711029,-7.0,-7.0,-39.0
1776885650.5811028,-3.0,-5.0,-43.0
1776885650.5911028,-4.0,-1.0,-44.0
1776885650.6011028,0.0,-2.0,-44.0
1776885650.6111028,1.0,-5.0,-47.0
1776885650.6211028,0.0,-5.0,-50.0
1776885650.6311028,-4.0,-5.0,-52.0
1776885650.6411028,-5.0,-6.0,-49.0
1776885650.6511028,-5.0,-3.0,-48.0
1776885650.6611028,-1.0,-6.0,-46.0
1776885650.6711028,3.0,-7.0,-40.0
1776885650.6811028,0.0,-7.0,-41.0
1776885650.6911027,4.0,-4.0,-47.0
1776885650.7011027,0.0,-4.0,-47.0
1776885650.7111027,-1.0,-3.0,-49.0
1776885650.7211027,-1.0,-5.0,-48.0
1776885650.7311027,1.0,0.0,-52.0
1776885650.7411027,0.0,1.0,-51.0
1776885650.7511027,2.0,4.0,-52.0
1776885650.761103,5.0,5.0,-49.0
1776885650.771103,5.0,4.0,-52.0
1776885650.781103,2.0,0.0,-51.0
1776885650.7911026,3.0,0.0,-52.0
1776885650.8011026,3.0,1.0,-50.0
1776885650.8111026,6.0,-3.0,-46.0
1776885650.8211029,4.0,-6.0,-47.0
1776885650.8311028,2.0,-3.0,-52.0
1776885650.8411028,4.0,-5.0,-54.0
1776885650.8511028,5.0,-2.0,-52.0
1776885650.8611028,-1.0,-1.0,-46.0
1776885650.8711028,-8.0,-4.0,-43.0
1776885650.8811028,-5.0,-4.0,-40.0
1776885650.8911028,0.0,-4.0,-35.0
1776885650.9011028,4.0,0.0,-34.0
1776885650.9111028,3.0,-3.0,-34.0
1776885650.9211028,1.0,-4.0,-33.0
1776885650.9311028,0.0,-4.0,-39.0
1776885650.9411027,3.0,1.0,-40.0
1776885650.9511027,0.0,0.0,-38.0
1776885650.9611027,-1.0,2.0,-38.0
1776885650.9711027,-6.0,1.0,-35.0
1776885650.9811027,-4.0,-2.0,-35.0
1776885650.9911027,-3.0,-7.0,-38.0
1776885651.0011027,-1.0,-8.0,-42.0
1776885651.011103,4.0,-4.0,-45.0
1776885651.021103,4.0,-4.0,-45.0
1776885651.031103,0.0,-5.0,-48.0
1776885651.0411026,-2.0,-7.0,-46.0
1776885651.0511026,0.0,-6.0,-39.0
1776885651.0611026,1.0,-6.0,-39.0
1776885651.0721028,0.0,-9.0,-33.0
1776885651.0821028,2.0,-6.0,-37.0
1776885651.0921028,2.0,-1.0,-29.0
1776885651.1021028,4.0,-1.0,-31.0
1776885651.1121027,2.0,-3.0,-36.0
1776885651.1221027,1.0,-2.0,-44.0
1776885651.1321027,-2.0,1.0,-38.0
1776885651.1421027,-1.0,4.0,-40.0
1776885651.1521027,3.0,6.0,-38.0
1776885651.1621027,0.0,2.0,-39.0
1776885651.1721027,-1.0,2.0,-38.0
1776885651.182103,0.0,6.0,-44.0
1776885651.192103,-1.0,2.0,-46.0
1776885651.202103,-1.0,2.0,-50.0
1776885651.212103,-1.0,0.0,-51.0
1776885651.2221026,-2.0,0.0,-49.0
1776885651.2321026,-1.0,-3.0,-39.0
1776885651.2421026,-1.0,-3.0,-38.0
1776885651.2521029,0.0,-4.0,-39.0
1776885651.2621028,-1.0,-3.0,-39.0
1776885651.2721028,-2.0,0.0,-36.0
1776885651.2821028,-3.0,-2.0,-41.0
1776885651.2921028,-3.0,-8.0,-43.0
1776885651.3021028,1.0,-8.0,-32.0
1776885651.3121028,0.0,-6.0,-34.0
1776885651.3221028,-3.0,-5.0,-37.0
1776885651.3321028,-4.0,-5.0,-37.0
1776885651.3421028,0.0,-3.0,-40.0
1776885651.3521028,1.0,-3.0,-45.0
1776885651.3621027,3.0,-5.0,-48.0
1776885651.3721027,4.0,-5.0,-47.0
1776885651.3821027,4.0,-6.0,-49.0
1776885651.3921027,1.0,-5.0,-47.0
1776885651.4021027,4.0,-5.0,-47.0
1776885651.4121027,7.0,-6.0,-43.0
1776885651.4221027,5.0,-5.0,-42.0
1776885651.432103,2.0,-4.0,-45.0
1776885651.442103,1.0,-5.0,-41.0
1776885651.452103,0.0,-3.0,-40.0
1776885651.462103,5.0,-7.0,-41.0
1776885651.4721026,7.0,-10.0,-40.0
1776885651.4821026,6.0,-6.0,-38.0
1776885651.4921026,3.0,-7.0,-43.0
1776885651.5021029,2.0,-7.0,-39.0
1776885651.5121028,0.0,-10.0,-28.0
1776885651.5221028,1.0,-9.0,-22.0
1776885651.5321028,1.0,-6.0,-25.0
1776885651.5421028,0.0,-4.0,-34.0
1776885651.5521028,-2.0,-1.0,-40.0
1776885651.5621028,-2.0,0.0,-45.0
1776885651.5721028,-5.0,-2.0,-41.0
1776885651.5821028,-7.0,-3.0,-41.0
1776885651.5921028,-10.0,-1.0,-47.0
1776885651.6021028,-7.0,-2.0,-39.0
1776885651.6121027,-4.0,1.0,-37.0
1776885651.6221027,1.0,0.0,-41.0
1776885651.6321027,6.0,-1.0,-45.0
1776885651.6421027,-2.0,-3.0,-43.0
1776885651.6521027,-8.0,-5.0,-44.0
1776885651.6621027,-2.0,-5.0,-37.0
1776885651.6721027,-6.0,-6.0,-41.0
1776885651.682103,-6.0,-5.0,-35.0
1776885651.692103,-3.0,-4.0,-35.0
1776885651.702103,-2.0,-4.0,-33.0
1776885651.712103,-5.0,-3.0,-36.0
1776885651.7221026,-3.0,-5.0,-40.0
1776885651.7321026,-5.0,-8.0,-45.0
1776885651.7421026,-6.0,-5.0,-41.0
1776885651.7521029,-4.0,-6.0,-43.0
1776885651.7621028,-6.0,-6.0,-35.0
1776885651.7721028,-2.0,-5.0,-38.0
1776885651.7821028,-2.0,-8.0,-40.0
1776885651.7921028,-1.0,-8.0,-36.0
1776885651.8021028,0.0,-5.0,-39.0
1776885651.8121028,0.0,-2.0,-42.0
1776885651.8221028,0.0,-2.0,-43.0
1776885651.8321028,0.0,0.0,-38.0
1776885651.8421028,-1.0,0.0,-37.0
1776885651.8521028,-4.0,-3.0,-42.0
1776885651.8621027,-4.0,-3.0,-39.0
1776885651.8721027,-4.0,-2.0,-39.0
1776885651.8821027,2.0,-6.0,-41.0
1776885651.8921027,2.0,-2.0,-43.0
1776885651.9021027,-1.0,-2.0,-42.0
1776885651.9121027,-1.0,-1.0,-47.0
1776885651.9221027,-4.0,0.0,-43.0
1776885651.932103,-4.0,-1.0,-43.0
1776885651.942103,0.0,-7.0,-46.0
1776885651.952103,2.0,-8.0,-41.0
1776885651.962103,-3.0,-9.0,-44.0
1776885651.9721026,-2.0,-5.0,-46.0
1776885651.9821026,1.0,0.0,-46.0
1776885651.9921026,1.0,0.0,-48.0
1776885652.0021029,3.0,-3.0,-52.0
1776885652.0121028,3.0,-5.0,-60.0
1776885652.0221028,3.0,-7.0,-54.0
1776885652.0321028,8.0,-7.0,-50.0
1776885652.0421028,6.0,-9.0,-49.0
1776885652.0521028,3.0,-5.0,-51.0
1776885652.0621028,-1.0,-3.0,-48.0
1776885652.0721028,-3.0,-8.0,-48.0
1776885652.0821028,-3.0,-8.0,-43.0
1776885652.0921028,-2.0,-3.0,-48.0
1776885652.1021028,-2.0,-8.0,-49.0
1776885652.1121027,-2.0,-7.0,-48.0
1776885652.1221027,0.0,-3.0,-43.0
1776885652.1321027,1.0,0.0,-42.0
1776885652.1421027,5.0,2.0,-40.0
1776885652.1521027,6.0,1.0,-40.0
1776885652.1621027,6.0,1.0,-42.0
1776885652.1721027,5.0,0.0,-43.0
1776885652.182103,3.0,-1.0,-40.0
1776885652.192103,2.0,-3.0,-40.0
1776885652.202103,-1.0,-6.0,-44.0
1776885652.212103,-5.0,-4.0,-43.0
1776885652.2221026,-2.0,-6.0,-44.0
1776885652.2321026,-3.0,-7.0,-47.0
1776885652.2421026,-4.0,-9.0,-43.0
1776885652.2521029,-1.0,-9.0,-43.0
1776885652.2621028,-1.0,-11.0,-43.0
1776885652.2721028,0.0,-8.0,-40.0
1776885652.2821028,0.0,-7.0,-37.0
1776885652.2921028,-2.0,-9.0,-45.0
1776885652.3021028,-4.0,-9.0,-45.0
1776885652.3121028,-3.0,-5.0,-50.0
1776885652.3221028,0.0,-1.0,-48.0
1776885652.3321028,0.0,0.0,-40.0
1776885652.3421028,-1.0,3.0,-50.0
1776885652.3521028,0.0,0.0,-44.0
1776885652.3621027,2.0,1.0,-35.0
1776885652.3721027,4.0,-2.0,-32.0
1776885652.3821027,1.0,-4.0,-33.0
1776885652.3921027,0.0,-2.0,-33.0
1776885652.4021027,0.0,0.0,-44.0
1776885652.4121027,-2.0,0.0,-54.0
1776885652.4221027,2.0,-1.0,-53.0
1776885652.432103,-2.0,-2.0,-57.0
1776885652.442103,1.0,-6.0,-53.0
1776885652.452103,2.0,-7.0,-51.0
1776885652.462103,2.0,-4.0,-51.0
1776885652.4721026,6.0,0.0,-48.0
1776885652.4821026,7.0,-4.0,-44.0
1776885652.4921026,6.0,-1.0,-37.0
1776885652.5021029,7.0,0.0,-40.0
1776885652.5121028,6.0,0.0,-40.0
1776885652.5221028,3.0,-2.0,-35.0
1776885652.5321028,1.0,-4.0,-33.0
1776885652.5421028,0.0,0.0,-33.0
1776885652.5521028,-2.0,1.0,-28.0
1776885652.5621028,-3.0,0.0,-32.0
1776885652.5721028,-2.0,4.0,-42.0
1776885652.5821028,0.0,6.0,-43.0
1776885652.5921028,1.0,6.0,-48.0
1776885652.6021028,2.0,3.0,-43.0
1776885652.6121027,5.0,0.0,-42.0
1776885652.6221027,6.0,2.0,-39.0
1776885652.6321027,8.0,0.0,-34.0
1776885652.6421027,5.0,0.0,-31.0
1776885652.6521027,8.0,-4.0,-31.0
1776885652.6621027,6.0,0.0,-31.0
1776885652.6721027,4.0,-1.0,-33.0
1776885652.682103,2.0,-2.0,-36.0
1776885652.692103,-3.0,-8.0,-40.0
1776885652.702103,-7.0,-13.0,-36.0
1776885652.712103,-9.0,-10.0,-36.0
1776885652.7221026,-7.0,-9.0,-45.0
1776885652.7321026,-4.0,-8.0,-52.0
1776885652.7421026,0.0,-5.0,-49.0
1776885652.7521029,4.0,-5.0,-45.0
1776885652.7621028,7.0,-2.0,-46.0
1776885652.7721028,6.0,0.0,-45.0
1776885652.7821028,3.0,0.0,-44.0
1776885652.7921028,2.0,-2.0,-33.0
1776885652.8021028,4.0,-3.0,-41.0
1776885652.8121028,7.0,0.0,-39.0
1776885652.8221028,9.0,2.0,-44.0
1776885652.8321028,6.0,1.0,-43.0
1776885652.8421028,3.0,1.0,-45.0
1776885652.8521028,1.0,0.0,-53.0
1776885652.8621027,2.0,1.0,-53.0
1776885652.8721027,2.0,0.0,-45.0
1776885652.8821027,2.0,-3.0,-47.0
1776885652.8921027,-2.0,-2.0,-44.0
1776885652.9021027,-1.0,-4.0,-48.0
1776885652.9121027,1.0,-3.0,-45.0
1776885652.9221027,2.0,-1.0,-48.0
1776885652.932103,-2.0,-7.0,-47.0
1776885652.942103,0.0,-8.0,-48.0
1776885652.952103,1.0,-10.0,-44.0
1776885652.962103,0.0,-9.0,-38.0
1776885652.9721026,0.0,-6.0,-42.0
1776885652.9821026,-2.0,-4.0,-34.0
1776885652.9921026,-4.0,0.0,-36.0
1776885653.0021029,-7.0,1.0,-39.0
1776885653.0121028,-3.0,0.0,-40.0
1776885653.0221028,-1.0,1.0,-43.0
1776885653.0331028,0.0,1.0,-41.0
1776885653.0431027,0.0,0.0,-37.0
1776885653.0531027,0.0,1.0,-36.0
1776885653.0631027,-1.0,1.0,-38.0
1776885653.0731027,-1.0,0.0,-42.0
1776885653.0831027,3.0,0.0,-38.0
1776885653.0931027,2.0,4.0,-41.0
1776885653.1031027,0.0,4.0,-43.0
1776885653.113103,1.0,8.0,-40.0
1776885653.123103,5.0,8.0,-46.0
1776885653.133103,4.0,6.0,-52.0
1776885653.1431026,4.0,3.0,-49.0
1776885653.1531026,5.0,0.0,-41.0
1776885653.1631026,-2.0,2.0,-34.0
1776885653.1731029,-3.0,0.0,-38.0
1776885653.1831028,-3.0,0.0,-37.0
1776885653.1931028,2.0,4.0,-37.0
1776885653.2031028,1.0,2.0,-35.0
1776885653.2131028,0.0,2.0,-37.0
1776885653.2231028,0.0,0.0,-40.0
1776885653.2331028,3.0,-5.0,-40.0
1776885653.2431028,-3.0,-10.0,-38.0
1776885653.2531028,-4.0,-7.0,-38.0
1776885653.2631028,-5.0,-6.0,-34.0
1776885653.2731028,0.0,-9.0,-34.0
1776885653.2831028,1.0,-9.0,-39.0
1776885653.2931027,0.0,-3.0,-43.0
1776885653.3031027,-3.0,-5.0,-38.0
1776885653.3131027,0.0,-2.0,-41.0
1776885653.3231027,7.0,1.0,-43.0
1776885653.3331027,10.0,0.0,-38.0
1776885653.3431027,14.0,-2.0,-31.0
1776885653.3531027,10.0,1.0,-34.0
1776885653.363103,8.0,0.0,-36.0
1776885653.373103,3.0,-3.0,-34.0
1776885653.383103,1.0,-2.0,-34.0
1776885653.3931026,0.0,-6.0,-33.0
1776885653.4031026,-6.0,-3.0,-31.0
1776885653.4131026,-3.0,-2.0,-27.0
1776885653.4231029,-3.0,-3.0,-34.0
1776885653.4331028,-9.0,-2.0,-33.0
1776885653.4431028,-10.0,-2.0,-39.0
1776885653.4531028,-12.0,-1.0,-35.0
1776885653.4631028,-7.0,1.0,-38.0
1776885653.4731028,-2.0,1.0,-39.0
1776885653.4831028,-2.0,2.0,-46.0
1776885653.4931028,-1.0,5.0,-51.0
1776885653.5031028,-2.0,3.0,-53.0
1776885653.5131028,-5.0,3.0,-50.0
1776885653.5231028,-1.0,-6.0,-49.0
1776885653.5331028,-1.0,-7.0,-40.0
1776885653.5431027,0.0,-5.0,-37.0
1776885653.5531027,-3.0,-3.0,-37.0
1776885653.5631027,-1.0,-4.0,-40.0
1776885653.5731027,1.0,-7.0,-48.0
1776885653.5831027,7.0,-2.0,-46.0
1776885653.5931027,4.0,0.0,-46.0
1776885653.6031027,-1.0,2.0,-38.0
1776885653.613103,-1.0,2.0,-35.0
1776885653.623103,0.0,1.0,-41.0
1776885653.633103,1.0,1.0,-35.0
1776885653.6431026,0.0,-2.0,-30.0
1776885653.6531026,0.0,-6.0,-32.0
1776885653.6631026,2.0,-4.0,-42.0
1776885653.6731029,1.0,0.0,-44.0
1776885653.6831028,3.0,-5.0,-38.0
1776885653.6931028,2.0,-5.0,-35.0
1776885653.7031028,0.0,-3.0,-39.0
1776885653.7131028,0.0,-5.0,-41.0
1776885653.7231028,0.0,-5.0,-41.0
1776885653.7331028,-2.0,-4.0,-46.0
1776885653.7431028,-7.0,-6.0,-48.0
1776885653.7531028,-4.0,-1.0,-46.0
1776885653.7631028,-4.0,0.0,-44.0
1776885653.7731028,-5.0,0.0,-40.0
1776885653.7831028,-4.0,2.0,-45.0
1776885653.7931027,-9.0,4.0,-52.0
1776885653.8031027,-8.0,5.0,-56.0
1776885653.8131027,-6.0,6.0,-55.0
1776885653.8231027,0.0,4.0,-47.0
1776885653.8331027,-1.0,2.0,-51.0
1776885653.8431027,-1.0,3.0,-52.0
1776885653.8531027,4.0,1.0,-52.0
1776885653.863103,4.0,1.0,-47.0
1776885653.873103,5.0,1.0,-50.0
1776885653.883103,4.0,0.0,-49.0
1776885653.8931026,6.0,-5.0,-48.0
1776885653.9031026,6.0,-5.0,-38.0
1776885653.9131026,9.0,-7.0,-36.0
1776885653.9231029,10.0,-8.0,-37.0
1776885653.9331028,7.0,-3.0,-34.0
1776885653.9431028,8.0,-1.0,-34.0
1776885653.9531028,7.0,1.0,-31.0
1776885653.9631028,5.0,1.0,-34.0
1776885653.9731028,4.0,-1.0,-38.0
1776885653.9831028,3.0,-4.0,-36.0
1776885653.9931028,4.0,-3.0,-42.0
1776885654.0031028,0.0,2.0,-42.0
1776885654.0131028,-2.0,-2.0,-39.0
1776885654.0231028,-1.0,0.0,-35.0
1776885654.0331028,-2.0,0.0,-44.0
1776885654.0431027,-6.0,-5.0,-50.0
1776885654.0531027,-4.0,-3.0,-53.0
1776885654.0631027,-1.0,-5.0,-51.0
1776885654.0731027,-2.0,-9.0,-49.0
1776885654.0831027,-3.0,-5.0,-48.0
1776885654.0931027,-2.0,-5.0,-41.0
1776885654.1031027,-4.0,-3.0,-48.0
1776885654.113103,-2.0,-5.0,-48.0
1776885654.123103,-5.0,-7.0,-41.0
1776885654.133103,-3.0,-4.0,-46.0
1776885654.1431026,-3.0,0.0,-45.0
1776885654.1531026,-6.0,1.0,-47.0
1776885654.1631026,-5.0,-2.0,-49.0
1776885654.1731029,2.0,-4.0,-53.0
1776885654.1831028,5.0,-8.0,-52.0
1776885654.1931028,4.0,-5.0,-45.0
1776885654.2031028,3.0,-4.0,-40.0
1776885654.2131028,2.0,-2.0,-47.0
1776885654.2231028,1.0,0.0,-45.0
1776885654.2331028,4.0,0.0,-52.0
1776885654.2431028,2.0,-3.0,-52.0
1776885654.2531028,1.0,-1.0,-50.0
1776885654.2631028,3.0,0.0,-57.0
1776885654.2731028,-1.0,1.0,-60.0
1776885654.2831028,1.0,-1.0,-52.0
1776885654.2931027,5.0,-2.0,-52.0
1776885654.3031027,10.0,-1.0,-51.0
1776885654.3131027,7.0,-5.0,-48.0
1776885654.3231027,5.0,-7.0,-51.0
1776885654.3331027,4.0,-7.0,-52.0
1776885654.3431027,1.0,-4.0,-49.0
1776885654.3531027,2.0,-3.0,-43.0
1776885654.363103,-1.0,-1.0,-34.0
1776885654.373103,-2.0,-2.0,-36.0
1776885654.383103,0.0,-4.0,-40.0
1776885654.3931026,-1.0,-8.0,-40.0
1776885654.4031026,-1.0,-5.0,-34.0
1776885654.4131026,4.0,-8.0,-30.0
1776885654.4231029,6.0,-10.0,-41.0
1776885654.4331028,6.0,-6.0,-38.0
1776885654.4431028,3.0,-4.0,-38.0
1776885654.4531028,0.0,-2.0,-43.0
1776885654.4631028,-3.0,0.0,-42.0
1776885654.4731028,-1.0,0.0,-46.0
1776885654.4831028,0.0,1.0,-45.0
1776885654.4931028,-2.0,0.0,-43.0
1776885654.5031028,0.0,-3.0,-44.0
1776885654.5131028,0.0,0.0,-44.0
1776885654.5231028,-2.0,0.0,-40.0
1776885654.5331028,2.0,1.0,-39.0
1776885654.5431027,2.0,1.0,-37.0
1776885654.5531027,1.0,4.0,-39.0
1776885654.5631027,2.0,7.0,-37.0
1776885654.5731027,-1.0,3.0,-40.0
1776885654.5831027,-3.0,3.0,-41.0
1776885654.5931027,-7.0,0.0,-42.0
1776885654.6031027,-11.0,2.0,-38.0
1776885654.613103,-8.0,0.0,-40.0
1776885654.623103,-5.0,0.0,-45.0
1776885654.633103,-2.0,-3.0,-44.0
1776885654.6431026,1.0,0.0,-48.0
1776885654.6531026,-1.0,-2.0,-45.0
1776885654.6631026,-2.0,-8.0,-46.0
1776885654.6731029,-1.0,-12.0,-45.0
1776885654.6831028,-3.0,-9.0,-42.0
1776885654.6931028,-5.0,-12.0,-41.0
1776885654.7031028,0.0,-11.0,-43.0
1776885654.7131028,3.0,-6.0,-41.0
1776885654.7231028,4.0,1.0,-43.0
1776885654.7331028,4.0,-1.0,-43.0
1776885654.7431028,1.0,0.0,-44.0
1776885654.7531028,8.0,-1.0,-46.0
1776885654.7631028,12.0,-1.0,-42.0
1776885654.7731028,10.0,-1.0,-38.0
1776885654.7831028,3.0,2.0,-40.0
1776885654.7931027,-1.0,0.0,-43.0
1776885654.8031027,-5.0,0.0,-51.0
1776885654.8131027,-4.0,1.0,-55.0
1776885654.8231027,0.0,-4.0,-48.0
1776885654.8331027,-1.0,-6.0,-45.0
1776885654.8431027,-5.0,-6.0,-39.0
1776885654.8531027,-11.0,-5.0,-39.0
1776885654.863103,-8.0,-3.0,-41.0
1776885654.873103,-3.0,-4.0,-41.0
1776885654.883103,1.0,-2.0,-44.0
1776885654.8931026,4.0,0.0,-45.0
1776885654.9031026,1.0,1.0,-46.0
1776885654.9131026,0.0,0.0,-44.0
1776885654.9231029,-1.0,0.0,-40.0
1776885654.9331028,-3.0,-3.0,-46.0
1776885654.9431028,-3.0,-3.0,-50.0
1776885654.9531028,-5.0,-4.0,-47.0
1776885654.9631028,-5.0,-1.0,-42.0
1776885654.9731028,-2.0,-3.0,-38.0
1776885654.9831028,0.0,-4.0,-28.0
1776885654.9931028,1.0,-4.0,-31.0
1776885655.0031028,1.0,0.0,-40.0
1776885655.0131028,9.0,-1.0,-46.0
1776885655.0241027,7.0,1.0,-47.0
1776885655.034103,7.0,-1.0,-44.0
1776885655.044103,6.0,0.0,-45.0
1776885655.054103,5.0,0.0,-42.0
1776885655.0641026,3.0,0.0,-40.0
1776885655.0741026,2.0,0.0,-37.0
1776885655.0841026,-3.0,-5.0,-38.0
1776885655.0941026,-3.0,-4.0,-42.0
1776885655.1041028,-5.0,0.0,-53.0
1776885655.1141028,-5.0,-6.0,-54.0
1776885655.1241028,-9.0,-7.0,-49.0
1776885655.1341028,-7.0,-8.0,-47.0
1776885655.1441028,-5.0,-11.0,-45.0
1776885655.1541028,-2.0,-9.0,-50.0
1776885655.1641028,1.0,-7.0,-48.0
1776885655.1741028,2.0,-4.0,-49.0
1776885655.1841028,2.0,2.0,-46.0
1776885655.1941028,2.0,4.0,-45.0
1776885655.2041028,2.0,6.0,-49.0
1776885655.2141027,1.0,5.0,-48.0
1776885655.2241027,1.0,0.0,-48.0
1776885655.2341027,-3.0,1.0,-49.0
1776885655.2441027,-2.0,0.0,-42.0
1776885655.2541027,-5.0,0.0,-35.0
1776885655.2641027,-11.0,1.0,-31.0
1776885655.2741027,-9.0,3.0,-27.0
1776885655.284103,-4.0,4.0,-22.0
1776885655.294103,0.0,4.0,-31.0
1776885655.304103,0.0,8.0,-39.0
1776885655.3141026,-2.0,11.0,-35.0
1776885655.3241026,0.0,8.0,-30.0
1776885655.3341026,-3.0,8.0,-37.0
1776885655.3441026,-5.0,3.0,-31.0
1776885655.3541028,-5.0,0.0,-31.0
1776885655.3641028,-2.0,-1.0,-36.0
1776885655.3741028,0.0,-1.0,-42.0
1776885655.3841028,5.0,-2.0,-41.0
1776885655.3941028,3.0,-5.0,-42.0
1776885655.4041028,-3.0,-5.0,-38.0
1776885655.4141028,-2.0,-1.0,-41.0
1776885655.4241028,1.0,0.0,-38.0
1776885655.4341028,4.0,1.0,-35.0
1776885655.4441028,3.0,3.0,-40.0
1776885655.4541028,3.0,1.0,-39.0
1776885655.4641027,-1.0,0.0,-43.0
1776885655.4741027,-5.0,0.0,-52.0
1776885655.4841027,-4.0,1.0,-53.0
1776885655.4941027,-2.0,2.0,-52.0
1776885655.5041027,-2.0,-1.0,-42.0
1776885655.5141027,-3.0,-2.0,-36.0
1776885655.5241027,-1.0,2.0,-41.0
1776885655.534103,2.0,4.0,-40.0
1776885655.544103,3.0,1.0,-46.0
1776885655.554103,7.0,0.0,-45.0
1776885655.5641026,8.0,0.0,-39.0
1776885655.5741026,4.0,0.0,-37.0
1776885655.5841026,4.0,-2.0,-35.0
1776885655.5941026,4.0,-5.0,-36.0
1776885655.6041028,3.0,-5.0,-37.0
1776885655.6141028,3.0,-2.0,-35.0
1776885655.6241028,8.0,-2.0,-43.0
1776885655.6341028,6.0,0.0,-40.0
1776885655.6441028,5.0,2.0,-30.0
1776885655.6541028,1.0,2.0,-31.0
1776885655.6641028,2.0,-2.0,-39.0
1776885655.6741028,3.0,-5.0,-37.0
1776885655.6841028,-3.0,-2.0,-36.0
1776885655.6941028,0.0,-6.0,-35.0
1776885655.7041028,1.0,-8.0,-41.0
1776885655.7141027,0.0,-9.0,-42.0
1776885655.7241027,3.0,-6.0,-40.0
1776885655.7341027,0.0,-5.0,-41.0
1776885655.7441027,-2.0,-4.0,-42.0
1776885655.7541027,1.0,0.0,-35.0
1776885655.7641027,1.0,-1.0,-27.0
1776885655.7741027,-2.0,-2.0,-25.0
1776885655.784103,-2.0,-6.0,-26.0
1776885655.794103,-4.0,-8.0,-29.0
1776885655.804103,-3.0,-7.0,-41.0
1776885655.8141026,-3.0,-3.0,-39.0
1776885655.8241026,-3.0,0.0,-40.0
1776885655.8341026,-1.0,0.0,-44.0
1776885655.8441026,-1.0,-5.0,-38.0
1776885655.8541028,-3.0,-4.0,-31.0
1776885655.8641028,-1.0,-5.0,-27.0
1776885655.8741028,-2.0,0.0,-27.0
1776885655.8841028,-1.0,0.0,-31.0
1776885655.8941028,2.0,0.0,-32.0
1776885655.9041028,1.0,-5.0,-38.0
1776885655.9141028,0.0,-3.0,-44.0
1776885655.9241028,0.0,0.0,-46.0
1776885655.9341028,-3.0,0.0,-46.0
1776885655.9441028,0.0,-3.0,-50.0
1776885655.9551027,2.0,0.0,-50.0
1776885655.9641027,0.0,-4.0,-45.0
1776885655.9741027,2.0,-4.0,-45.0
1776885655.9841027,6.0,0.0,-44.0
1776885655.9941027,7.0,1.0,-37.0
1776885656.0041027,6.0,0.0,-39.0
1776885656.0141027,8.0,0.0,-42.0
1776885656.0241027,2.0,-3.0,-39.0
1776885656.034103,3.0,-2.0,-43.0
1776885656.044103,2.0,-4.0,-47.0
1776885656.054103,5.0,-5.0,-44.0
1776885656.0641026,3.0,-6.0,-42.0
1776885656.0741026,0.0,-5.0,-42.0
1776885656.0841026,-1.0,-6.0,-41.0
1776885656.0941026,-2.0,-8.0,-44.0
1776885656.1041028,-7.0,-6.0,-44.0
1776885656.1141028,-4.0,-6.0,-49.0
1776885656.1241028,0.0,-7.0,-51.0
1776885656.1341028,0.0,-6.0,-51.0
1776885656.1441028,2.0,-6.0,-53.0
1776885656.1541028,2.0,-12.0,-49.0
1776885656.1641028,2.0,-13.0,-55.0
1776885656.1741028,2.0,-10.0,-51.0
1776885656.1841028,0.0,-7.0,-47.0
1776885656.1941028,-1.0,-4.0,-44.0
1776885656.2041028,-2.0,-6.0,-46.0
1776885656.2141027,0.0,-3.0,-48.0
1776885656.2241027,1.0,-4.0,-49.0
1776885656.2341027,2.0,-3.0,-50.0
1776885656.2441027,-1.0,-3.0,-48.0
1776885656.2541027,-7.0,-2.0,-53.0
1776885656.2641027,-4.0,-2.0,-56.0
1776885656.2741027,-2.0,-2.0,-52.0
1776885656.284103,-4.0,-1.0,-48.0
1776885656.294103,-7.0,0.0,-52.0
1776885656.304103,-5.0,0.0,-51.0
1776885656.3141026,-4.0,0.0,-53.0
1776885656.3241026,-1.0,-4.0,-54.0
1776885656.3341026,0.0,-3.0,-50.0
1776885656.3441026,4.0,-4.0,-52.0
1776885656.3541028,2.0,-4.0,-46.0
1776885656.3641028,2.0,-3.0,-47.0
1776885656.3741028,0.0,1.0,-46.0
1776885656.3841028,2.0,0.0,-49.0
1776885656.3941028,3.0,-4.0,-47.0
1776885656.4041028,0.0,0.0,-46.0
1776885656.4141028,0.0,0.0,-29.0
1776885656.4241028,0.0,3.0,-28.0
1776885656.4341028,0.0,4.0,-31.0
1776885656.4441028,-2.0,5.0,-34.0
1776885656.4541028,-6.0,-1.0,-39.0
1776885656.4641027,-1.0,0.0,-33.0
1776885656.4741027,1.0,4.0,-25.0
1776885656.4841027,0.0,1.0,-30.0
1776885656.4941027,-1.0,1.0,-36.0
1776885656.5041027,-8.0,0.0,-44.0
1776885656.5141027,-7.0,0.0,-43.0
1776885656.5241027,-2.0,-3.0,-43.0
1776885656.534103,-5.0,-1.0,-45.0
1776885656.544103,-6.0,-5.0,-44.0
1776885656.554103,-6.0,0.0,-42.0
1776885656.5641026,-9.0,-2.0,-38.0
1776885656.5741026,-4.0,-3.0,-44.0
1776885656.5841026,0.0,-4.0,-43.0
1776885656.5941026,6.0,-1.0,-40.0
1776885656.6041028,5.0,-3.0,-44.0
1776885656.6141028,7.0,-1.0,-46.0
1776885656.6241028,0.0,-4.0,-45.0
1776885656.6341028,-1.0,-3.0,-43.0
1776885656.6441028,2.0,0.0,-35.0
1776885656.6541028,0.0,-3.0,-37.0
1776885656.6641028,1.0,-6.0,-38.0
1776885656.6741028,-3.0,-6.0,-31.0
1776885656.6841028,-2.0,-5.0,-32.0
1776885656.6941028,3.0,-2.0,-34.0
1776885656.7041028,4.0,-5.0,-38.0
1776885656.7141027,-2.0,-5.0,-38.0
1776885656.7241027,0.0,-1.0,-39.0
1776885656.7341027,6.0,0.0,-43.0
1776885656.7441027,6.0,2.0,-42.0
1776885656.7541027,7.0,0.0,-46.0
1776885656.7641027,8.0,1.0,-44.0
1776885656.7741027,3.0,0.0,-32.0
1776885656.784103,0.0,-2.0,-24.0
1776885656.794103,-2.0,1.0,-21.0
1776885656.804103,0.0,-4.0,-32.0
1776885656.8141026,-3.0,-4.0,-36.0
1776885656.8241026,-1.0,-4.0,-34.0
1776885656.8341026,-5.0,0.0,-42.0
1776885656.8441026,-7.0,0.0,-43.0
1776885656.8541028,-4.0,0.0,-42.0
1776885656.8641028,-2.0,-5.0,-45.0
1776885656.8741028,4.0,-8.0,-46.0
1776885656.8841028,4.0,-8.0,-43.0
1776885656.8941028,5.0,-7.0,-43.0
1776885656.9041028,4.0,-1.0,-45.0
1776885656.9141028,2.0,0.0,-44.0
1776885656.9241028,-3.0,-2.0,-46.0
1776885656.9341028,-6.0,-3.0,-41.0
1776885656.9441028,-6.0,-4.0,-35.0
1776885656.9541028,-3.0,-4.0,-38.0
1776885656.9641027,6.0,-5.0,-32.0
1776885656.9741027,7.0,-5.0,-30.0
1776885656.9841027,7.0,-8.0,-34.0
1776885656.9951026,2.0,-6.0,-34.0
1776885657.0051026,0.0,-6.0,-32.0
1776885657.0151026,2.0,-6.0,-27.0
1776885657.0251029,5.0,-7.0,-30.0
1776885657.0351028,3.0,-4.0,-31.0
1776885657.0451028,2.0,-2.0,-34.0
1776885657.0551028,3.0,-8.0,-35.0
1776885657.0651028,2.0,-5.0,-42.0
1776885657.0751028,3.0,1.0,-45.0
1776885657.0851028,3.0,0.0,-43.0
1776885657.0951028,5.0,-3.0,-50.0
1776885657.1051028,6.0,-4.0,-46.0
1776885657.1151028,6.0,-7.0,-47.0
1776885657.1251028,4.0,-8.0,-47.0
1776885657.1351027,2.0,-7.0,-39.0
1776885657.1451027,0.0,-5.0,-37.0
1776885657.1551027,3.0,-5.0,-34.0
1776885657.1651027,0.0,0.0,-30.0
1776885657.1751027,0.0,2.0,-33.0
1776885657.1851027,-1.0,2.0,-36.0
1776885657.1951027,-1.0,-1.0,-40.0
1776885657.2051027,0.0,-1.0,-43.0
1776885657.215103,-1.0,-1.0,-40.0
1776885657.225103,-2.0,2.0,-45.0
1776885657.235103,-6.0,0.0,-51.0
1776885657.2451026,-3.0,-1.0,-53.0
1776885657.2551026,-3.0,0.0,-54.0
1776885657.2651026,-6.0,2.0,-48.0
1776885657.2751029,-6.0,1.0,-45.0
1776885657.2851028,-2.0,3.0,-41.0
1776885657.2951028,-4.0,2.0,-37.0
1776885657.3051028,1.0,3.0,-42.0
1776885657.3151028,1.0,2.0,-44.0
1776885657.3251028,-2.0,1.0,-47.0
1776885657.3351028,-4.0,-1.0,-49.0
1776885657.3451028,-5.0,0.0,-43.0
1776885657.3551028,-5.0,-3.0,-36.0
1776885657.3651028,-1.0,-9.0,-35.0
1776885657.3751028,-3.0,-8.0,-39.0
1776885657.3851027,-4.0,-8.0,-40.0
1776885657.3951027,-3.0,-10.0,-37.0
1776885657.4051027,-7.0,-10.0,-39.0
1776885657.4151027,-7.0,-9.0,-37.0
1776885657.4251027,-5.0,-4.0,-34.0
1776885657.4351027,0.0,-1.0,-33.0
1776885657.4451027,5.0,0.0,-41.0
1776885657.4551027,4.0,-1.0,-39.0
1776885657.465103,3.0,-1.0,-39.0
1776885657.475103,1.0,-3.0,-37.0
1776885657.485103,1.0,-2.0,-33.0
1776885657.4951026,1.0,-4.0,-33.0
1776885657.5051026,2.0,-1.0,-38.0
1776885657.5151026,7.0,-1.0,-41.0
1776885657.5251029,5.0,-5.0,-38.0
1776885657.5351028,7.0,-6.0,-43.0
1776885657.5451028,3.0,-7.0,-34.0
1776885657.5551028,-2.0,-3.0,-37.0
1776885657.5651028,-3.0,-4.0,-44.0
1776885657.5751028,-4.0,-5.0,-45.0
1776885657.5851028,-8.0,-8.0,-50.0
1776885657.5951028,-4.0,-11.0,-48.0
1776885657.6051028,2.0,-10.0,-46.0
1776885657.6151028,1.0,-13.0,-41.0
1776885657.6251028,0.0,-11.0,-36.0
1776885657.6351027,3.0,-10.0,-39.0
1776885657.6451027,0.0,-11.0,-44.0
1776885657.6551027,1.0,-10.0,-44.0
1776885657.6651027,5.0,-12.0,-45.0
1776885657.6751027,8.0,-9.0,-38.0
1776885657.6851027,10.0,-4.0,-40.0
1776885657.6961029,6.0,-1.0,-42.0
1776885657.7051027,1.0,0.0,-37.0
1776885657.715103,3.0,-1.0,-37.0
1776885657.725103,4.0,-4.0,-41.0
1776885657.735103,5.0,-1.0,-38.0
1776885657.7451026,2.0,-3.0,-32.0
1776885657.7551026,2.0,-3.0,-29.0
1776885657.7651026,0.0,-3.0,-37.0
1776885657.7751029,1.0,-3.0,-34.0
1776885657.7851028,2.0,-5.0,-39.0
1776885657.7951028,-2.0,-4.0,-45.0
1776885657.8051028,-2.0,-3.0,-43.0
1776885657.8151028,-3.0,-5.0,-39.0
1776885657.8251028,0.0,-4.0,-41.0
1776885657.8351028,0.0,-5.0,-46.0
1776885657.8451028,-1.0,-5.0,-45.0
1776885657.8551028,-3.0,-6.0,-47.0
1776885657.8651028,-5.0,-10.0,-37.0
1776885657.8751028,-3.0,-11.0,-34.0
1776885657.8851027,-3.0,-11.0,-44.0
1776885657.8951027,-3.0,-8.0,-47.0
1776885657.9051027,0.0,-5.0,-45.0
1776885657.9151027,1.0,-1.0,-46.0
1776885657.9251027,-2.0,0.0,-49.0
1776885657.9351027,-1.0,0.0,-52.0
1776885657.9451027,-3.0,2.0,-57.0
1776885657.9551027,-2.0,0.0,-53.0
1776885657.965103,-1.0,3.0,-48.0
1776885657.975103,-2.0,4.0,-47.0
1776885657.985103,-2.0,4.0,-47.0
1776885657.9951026,-1.0,-1.0,-47.0
1776885658.0051026,-1.0,-3.0,-47.0
1776885658.0151026,0.0,-5.0,-43.0
1776885658.0251029,2.0,-3.0,-45.0
1776885658.0351028,0.0,-2.0,-47.0
1776885658.0451028,0.0,-2.0,-47.0
1776885658.0551028,0.0,-5.0,-47.0
1776885658.0651028,-1.0,-4.0,-44.0
1776885658.0751028,4.0,-6.0,-48.0
1776885658.0851028,7.0,-7.0,-44.0
1776885658.0951028,8.0,-5.0,-44.0
1776885658.1051028,7.0,-6.0,-45.0
1776885658.1151028,2.0,-6.0,-37.0
1776885658.1251028,0.0,-5.0,-32.0
1776885658.1351027,2.0,-7.0,-30.0
1776885658.1451027,0.0,-6.0,-27.0
1776885658.1551027,-1.0,-6.0,-25.0
1776885658.1651027,-4.0,-1.0,-28.0
1776885658.1751027,-2.0,0.0,-29.0
1776885658.1851027,0.0,-2.0,-32.0
1776885658.1951027,3.0,0.0,-36.0
1776885658.2051027,4.0,0.0,-37.0
1776885658.215103,5.0,-1.0,-38.0
1776885658.225103,8.0,0.0,-38.0
1776885658.235103,0.0,3.0,-36.0
1776885658.2451026,-1.0,0.0,-35.0
1776885658.2551026,-2.0,-5.0,-39.0
1776885658.2651026,-6.0,-11.0,-34.0
1776885658.2751029,-3.0,-12.0,-43.0
1776885658.2851028,0.0,-9.0,-43.0
1776885658.2951028,0.0,-13.0,-44.0
1776885658.3051028,3.0,-9.0,-37.0
1776885658.3151028,2.0,-7.0,-32.0
1776885658.3251028,1.0,-5.0,-41.0
1776885658.3351028,2.0,-6.0,-37.0
1776885658.3451028,0.0,-6.0,-35.0
1776885658.3551028,0.0,-6.0,-40.0
1776885658.3651028,-4.0,-8.0,-40.0
1776885658.3751028,0.0,-6.0,-35.0
1776885658.3851027,1.0,-5.0,-34.0
1776885658.3951027,0.0,-2.0,-36.0
1776885658.4051027,1.0,-5.0,-41.0
1776885658.4151027,3.0,-10.0,-39.0
1776885658.4251027,2.0,-8.0,-42.0
1776885658.4351027,0.0,-11.0,-41.0
1776885658.4451027,-1.0,-9.0,-39.0
1776885658.4551027,1.0,-6.0,-44.0
1776885658.465103,0.0,-4.0,-46.0
1776885658.475103,-4.0,0.0,-39.0
1776885658.485103,-1.0,-1.0,-42.0
1776885658.4951026,-2.0,-4.0,-36.0
1776885658.5051026,0.0,-5.0,-35.0
1776885658.5151026,3.0,0.0,-35.0
1776885658.5251029,1.0,2.0,-37.0
1776885658.5351028,2.0,-1.0,-40.0
1776885658.5451028,-3.0,0.0,-42.0
1776885658.5551028,-1.0,0.0,-45.0
1776885658.5651028,-4.0,-1.0,-43.0
1776885658.5751028,-1.0,2.0,-46.0
1776885658.5851028,-5.0,-1.0,-45.0
1776885658.5951028,-7.0,2.0,-51.0
1776885658.6051028,-5.0,7.0,-51.0
1776885658.6151028,-4.0,3.0,-44.0
1776885658.6251028,-3.0,-1.0,-44.0
1776885658.6351027,0.0,-2.0,-42.0
1776885658.6451027,0.0,0.0,-36.0
1776885658.6551027,0.0,-3.0,-44.0
1776885658.6651027,0.0,-4.0,-48.0
1776885658.6751027,-3.0,-4.0,-48.0
1776885658.6851027,-1.0,-5.0,-43.0
1776885658.6951027,-2.0,-2.0,-37.0
1776885658.7051027,-2.0,0.0,-41.0
1776885658.715103,-2.0,0.0,-41.0
1776885658.725103,0.0,0.0,-45.0
1776885658.735103,-2.0,0.0,-45.0
1776885658.7451026,-1.0,0.0,-43.0
1776885658.7551026,-4.0,-2.0,-37.0
1776885658.7651026,-3.0,2.0,-43.0
1776885658.7751029,0.0,3.0,-40.0
1776885658.7851028,2.0,3.0,-33.0
1776885658.7951028,0.0,2.0,-33.0
1776885658.8051028,0.0,3.0,-35.0
1776885658.8151028,-1.0,5.0,-39.0
1776885658.8251028,0.0,2.0,-39.0
1776885658.8351028,0.0,0.0,-41.0
1776885658.8451028,-2.0,-5.0,-39.0
1776885658.8551028,0.0,-5.0,-45.0
1776885658.8651028,-5.0,-12.0,-48.0
1776885658.8751028,-5.0,-9.0,-40.0
1776885658.8851027,-1.0,-8.0,-46.0
1776885658.8951027,0.0,-5.0,-41.0
1776885658.9051027,5.0,-5.0,-40.0
1776885658.9151027,5.0,-6.0,-46.0
1776885658.9251027,10.0,-7.0,-49.0
1776885658.9351027,6.0,-6.0,-46.0
1776885658.9451027,10.0,-3.0,-50.0
1776885658.9551027,6.0,1.0,-51.0
1776885658.965103,5.0,2.0,-47.0
1776885658.975103,3.0,0.0,-45.0
1776885658.985103,0.0,-1.0,-41.0
1776885658.9951026,1.0,0.0,-42.0
1776885659.0051026,1.0,1.0,-41.0
1776885659.0151026,0.0,0.0,-46.0
1776885659.0261028,0.0,0.0,-46.0
1776885659.0361028,-1.0,0.0,-44.0
1776885659.0461028,1.0,0.0,-43.0
1776885659.0561028,2.0,1.0,-44.0
1776885659.0661027,-1.0,1.0,-52.0
1776885659.0761027,0.0,4.0,-53.0
1776885659.0861027,3.0,0.0,-54.0
1776885659.0961027,4.0,-3.0,-55.0
1776885659.1061027,4.0,-7.0,-60.0
1776885659.1161027,6.0,-5.0,-60.0
1776885659.1261027,4.0,-6.0,-53.0
1776885659.136103,4.0,-7.0,-52.0
1776885659.146103,5.0,-10.0,-53.0
1776885659.156103,1.0,-8.0,-57.0
1776885659.1661026,-2.0,-6.0,-54.0
1776885659.1761026,0.0,-5.0,-55.0
1776885659.1861026,2.0,-2.0,-47.0
1776885659.1961029,2.0,0.0,-48.0
1776885659.2061028,6.0,2.0,-44.0
1776885659.2161028,3.0,0.0,-40.0
1776885659.2261028,-1.0,-4.0,-41.0
1776885659.2361028,-3.0,-5.0,-37.0
1776885659.2461028,-7.0,-6.0,-38.0
1776885659.2561028,-2.0,-6.0,-34.0
1776885659.2661028,0.0,-4.0,-34.0
1776885659.2761028,0.0,-4.0,-43.0
1776885659.2861028,3.0,-3.0,-39.0
1776885659.2961028,2.0,-2.0,-43.0
1776885659.3061028,0.0,-5.0,-45.0
1776885659.3161027,0.0,-4.0,-42.0
1776885659.3261027,5.0,-3.0,-42.0
1776885659.3361027,6.0,-1.0,-43.0
1776885659.3461027,6.0,0.0,-41.0
1776885659.3561027,7.0,3.0,-45.0
1776885659.3661027,0.0,0.0,-48.0
1776885659.3761027,-4.0,0.0,-49.0
1776885659.386103,-2.0,-5.0,-48.0
1776885659.396103,-3.0,-5.0,-51.0
1776885659.406103,0.0,-5.0,-52.0
1776885659.4161026,4.0,-4.0,-46.0
1776885659.4261026,3.0,-6.0,-48.0
1776885659.4361026,2.0,-7.0,-49.0
1776885659.4461029,0.0,-5.0,-45.0
1776885659.4561028,0.0,-4.0,-48.0
1776885659.4661028,-3.0,-3.0,-49.0
1776885659.4761028,-6.0,-2.0,-48.0
1776885659.4861028,-1.0,-3.0,-48.0
1776885659.4961028,1.0,-9.0,-39.0
1776885659.5061028,4.0,-9.0,-35.0
1776885659.5161028,3.0,-10.0,-37.0
1776885659.5261028,1.0,-9.0,-34.0
1776885659.5361028,3.0,-8.0,-34.0
1776885659.5461028,-4.0,-6.0,-36.0
1776885659.5561028,-2.0,-4.0,-31.0
1776885659.5661027,-1.0,-2.0,-32.0
1776885659.5761027,1.0,-1.0,-38.0
1776885659.5861027,2.0,-1.0,-38.0
1776885659.5961027,3.0,-1.0,-34.0
1776885659.6061027,2.0,0.0,-38.0
1776885659.6161027,7.0,2.0,-42.0
1776885659.6261027,8.0,1.0,-41.0
1776885659.636103,3.0,0.0,-43.0
1776885659.646103,2.0,-3.0,-49.0
1776885659.656103,3.0,-3.0,-48.0
1776885659.6661026,2.0,-1.0,-44.0
1776885659.6761026,7.0,0.0,-40.0
1776885659.6861026,7.0,-3.0,-37.0
1776885659.6961029,5.0,-1.0,-31.0
1776885659.7061028,4.0,-1.0,-25.0
1776885659.7161028,-1.0,0.0,-25.0
1776885659.7261028,-2.0,0.0,-33.0
1776885659.7361028,-2.0,0.0,-33.0
1776885659.7461028,-3.0,2.0,-33.0
1776885659.7561028,-1.0,2.0,-36.0
1776885659.7661028,-1.0,-1.0,-39.0
1776885659.7761028,0.0,-1.0,-35.0
1776885659.7861028,3.0,0.0,-33.0
1776885659.7961028,1.0,-4.0,-33.0
1776885659.8061028,3.0,-8.0,-34.0
1776885659.8161027,0.0,-10.0,-36.0
1776885659.8261027,0.0,-9.0,-37.0
1776885659.8361027,0.0,-7.0,-49.0
1776885659.8461027,-1.0,-5.0,-49.0
1776885659.8561027,-1.0,0.0,-47.0
1776885659.8661027,0.0,0.0,-45.0
1776885659.8761027,5.0,0.0,-41.0
1776885659.886103,3.0,3.0,-45.0
1776885659.896103,-1.0,2.0,-43.0
1776885659.906103,-3.0,0.0,-35.0
1776885659.9161026,-1.0,3.0,-42.0
1776885659.9261026,0.0,4.0,-39.0
1776885659.9361026,0.0,0.0,-33.0
1776885659.9461029,1.0,-1.0,-38.0
1776885659.9561028,1.0,-4.0,-42.0
1776885659.9661028,-4.0,-6.0,-46.0
1776885659.9761028,-1.0,-8.0,-48.0
1776885659.9861028,-1.0,-5.0,-49.0
1776885659.9961028,0.0,-5.0,-48.0
1776885660.0061028,-2.0,0.0,-56.0
1776885660.0161028,-3.0,0.0,-49.0
1776885660.0261028,-1.0,-5.0,-49.0
1776885660.0361028,2.0,-8.0,-39.0
1776885660.0461028,2.0,-9.0,-38.0
1776885660.0561028,2.0,-4.0,-34.0
1776885660.0661027,3.0,-2.0,-37.0
1776885660.0761027,0.0,-2.0,-41.0
1776885660.0861027,4.0,0.0,-43.0
1776885660.0961027,7.0,3.0,-42.0
1776885660.1061027,6.0,1.0,-46.0
1776885660.1161027,4.0,0.0,-45.0
1776885660.1261027,7.0,1.0,-47.0
1776885660.136103,3.0,-1.0,-55.0
1776885660.146103,1.0,-1.0,-54.0
1776885660.156103,-2.0,2.0,-52.0
1776885660.1661026,-1.0,0.0,-50.0
1776885660.1761026,0.0,-1.0,-48.0
1776885660.1861026,0.0,-1.0,-42.0
1776885660.1961029,4.0,0.0,-38.0
1776885660.2061028,7.0,0.0,-34.0
1776885660.2161028,8.0,0.0,-36.0
1776885660.2261028,11.0,2.0,-38.0
1776885660.2361028,4.0,3.0,-38.0
1776885660.2461028,1.0,0.0,-36.0
1776885660.2561028,1.0,0.0,-38.0
1776885660.2661028,0.0,0.0,-39.0
1776885660.2761028,-1.0,0.0,-39.0
1776885660.2861028,-2.0,1.0,-45.0
1776885660.2961028,-2.0,-4.0,-46.0
1776885660.3061028,-3.0,-1.0,-44.0
1776885660.3161027,-3.0,1.0,-46.0
1776885660.3261027,0.0,1.0,-47.0
1776885660.3361027,1.0,3.0,-48.0
1776885660.3461027,2.0,-2.0,-42.0
1776885660.3561027,6.0,2.0,-38.0
1776885660.3661027,4.0,1.0,-44.0
1776885660.3761027,8.0,1.0,-48.0
1776885660.386103,6.0,-2.0,-41.0
1776885660.396103,5.0,-4.0,-40.0
1776885660.406103,3.0,-5.0,-40.0
1776885660.4161026,1.0,-6.0,-35.0
1776885660.4261026,0.0,-6.0,-28.0
1776885660.4361026,1.0,-9.0,-22.0
1776885660.4461029,2.0,-12.0,-28.0
1776885660.4561028,-3.0,-9.0,-29.0
1776885660.4661028,0.0,-9.0,-28.0
1776885660.4761028,0.0,-9.0,-31.0
1776885660.4861028,0.0,-3.0,-37.0
1776885660.4961028,1.0,-4.0,-46.0
1776885660.5061028,2.0,-8.0,-43.0
1776885660.5161028,4.0,-8.0,-37.0
1776885660.5261028,0.0,-8.0,-38.0
1776885660.5361028,-1.0,-9.0,-42.0
1776885660.5461028,4.0,-4.0,-43.0
1776885660.5561028,4.0,-6.0,-48.0
1776885660.5661027,4.0,-4.0,-50.0
1776885660.5761027,4.0,-7.0,-49.0
1776885660.5861027,4.0,-10.0,-50.0
1776885660.5961027,6.0,-10.0,-48.0
1776885660.6061027,5.0,-9.0,-42.0
1776885660.6161027,6.0,-6.0,-41.0
1776885660.6261027,2.0,-4.0,-34.0
1776885660.636103,1.0,-1.0,-37.0
1776885660.646103,1.0,0.0,-38.0
1776885660.656103,1.0,1.0,-41.0
1776885660.6661026,0.0,3.0,-52.0
1776885660.6761026,0.0,-2.0,-54.0
1776885660.6861026,0.0,-9.0,-44.0
1776885660.6961029,0.0,-11.0,-42.0
1776885660.7061028,0.0,-10.0,-41.0
1776885660.7161028,-4.0,-7.0,-48.0
1776885660.7261028,-5.0,-8.0,-52.0
1776885660.7361028,0.0,-6.0,-50.0
1776885660.7461028,0.0,-2.0,-55.0
1776885660.7561028,-2.0,-2.0,-54.0
1776885660.7661028,0.0,-4.0,-52.0
1776885660.7761028,1.0,-2.0,-47.0
1776885660.7861028,2.0,0.0,-50.0
1776885660.7961028,0.0,-1.0,-47.0
1776885660.8061028,-1.0,-3.0,-48.0
1776885660.8161027,-1.0,-4.0,-47.0
1776885660.8261027,0.0,-4.0,-42.0
1776885660.8361027,1.0,-1.0,-41.0
1776885660.8461027,5.0,-2.0,-42.0
1776885660.8561027,7.0,-3.0,-43.0
1776885660.8661027,4.0,-4.0,-37.0
1776885660.8761027,5.0,-4.0,-36.0
1776885660.886103,-1.0,0.0,-30.0
1776885660.896103,-1.0,1.0,-30.0
1776885660.906103,-4.0,1.0,-27.0
1776885660.9161026,-4.0,0.0,-27.0
1776885660.9261026,0.0,1.0,-31.0
1776885660.9361026,0.0,-2.0,-32.0
1776885660.9461029,-1.0,-3.0,-37.0
1776885660.9561028,-2.0,-6.0,-44.0
1776885660.9671028,-2.0,0.0,-47.0
1776885660.9761028,-5.0,-1.0,-50.0
1776885660.9861028,-6.0,-1.0,-46.0
1776885660.9971027,-4.0,-2.0,-44.0
1776885661.0071027,-2.0,-1.0,-45.0
1776885661.0171027,0.0,0.0,-52.0
1776885661.0271027,-2.0,1.0,-50.0
1776885661.0371027,-1.0,-1.0,-52.0
1776885661.0471027,-4.0,-3.0,-50.0
1776885661.057103,-5.0,-3.0,-43.0
1776885661.067103,-5.0,-3.0,-38.0
1776885661.077103,-1.0,0.0,-39.0
1776885661.087103,3.0,0.0,-38.0
1776885661.0971026,-1.0,-1.0,-39.0
1776885661.1071026,-3.0,0.0,-45.0
1776885661.1171026,1.0,1.0,-46.0
1776885661.1271029,2.0,5.0,-47.0
1776885661.1371028,5.0,1.0,-48.0
1776885661.1471028,1.0,-1.0,-53.0
1776885661.1571028,4.0,-3.0,-53.0
1776885661.1671028,0.0,0.0,-46.0
1776885661.1771028,-4.0,1.0,-42.0
1776885661.1871028,-1.0,3.0,-38.0
1776885661.1971028,-1.0,-1.0,-34.0
1776885661.2071028,-1.0,0.0,-28.0
1776885661.2171028,-1.0,5.0,-30.0
1776885661.2271028,4.0,4.0,-32.0
1776885661.2371027,7.0,3.0,-37.0
1776885661.2471027,5.0,1.0,-38.0
1776885661.2571027,3.0,1.0,-38.0
1776885661.2671027,0.0,0.0,-38.0
1776885661.2771027,4.0,0.0,-41.0
1776885661.2871027,4.0,-4.0,-42.0
1776885661.2971027,5.0,-6.0,-39.0
1776885661.307103,0.0,-7.0,-44.0
1776885661.317103,1.0,-2.0,-43.0
1776885661.327103,0.0,-1.0,-47.0
1776885661.337103,0.0,3.0,-46.0
1776885661.3471026,1.0,1.0,-48.0
1776885661.3571026,-2.0,0.0,-46.0
1776885661.3671026,0.0,-3.0,-42.0
1776885661.3771029,0.0,-4.0,-43.0
1776885661.3871028,1.0,-3.0,-37.0
1776885661.3971028,2.0,-5.0,-37.0
1776885661.4071028,2.0,-7.0,-37.0
1776885661.4171028,2.0,-8.0,-42.0
1776885661.4271028,2.0,-10.0,-46.0
1776885661.4371028,2.0,-9.0,-41.0
1776885661.4471028,4.0,-10.0,-37.0
1776885661.4571028,7.0,-11.0,-42.0
1776885661.4671028,7.0,-5.0,-42.0
1776885661.4771028,7.0,-6.0,-39.0
1776885661.4871027,5.0,-6.0,-38.0
1776885661.4971027,2.0,-3.0,-36.0
1776885661.5071027,2.0,-2.0,-40.0
1776885661.5171027,0.0,-1.0,-35.0
1776885661.5271027,-4.0,-4.0,-32.0
1776885661.5371027,-2.0,-3.0,-34.0
1776885661.5471027,-3.0,-7.0,-38.0
1776885661.557103,0.0,-3.0,-39.0
1776885661.567103,3.0,-1.0,-36.0
1776885661.577103,4.0,-1.0,-37.0
1776885661.587103,5.0,-2.0,-43.0
1776885661.5971026,1.0,0.0,-35.0
1776885661.6071026,-1.0,4.0,-34.0
1776885661.6171026,-1.0,0.0,-39.0
1776885661.6271029,-4.0,-1.0,-39.0
1776885661.6371028,-2.0,-4.0,-37.0
1776885661.6471028,2.0,-2.0,-37.0
1776885661.6571028,1.0,1.0,-38.0
1776885661.6671028,0.0,0.0,-39.0
1776885661.6771028,0.0,1.0,-43.0
1776885661.6871028,2.0,-1.0,-41.0
1776885661.6971028,2.0,-2.0,-48.0
1776885661.7071028,-5.0,-1.0,-51.0
1776885661.7171028,-2.0,1.0,-45.0
1776885661.7271028,-7.0,0.0,-43.0
1776885661.7371027,-4.0,0.0,-42.0
1776885661.7471027,-5.0,-5.0,-36.0
1776885661.7571027,2.0,-5.0,-37.0
1776885661.7671027,-2.0,-1.0,-46.0
1776885661.7771027,-2.0,0.0,-42.0
1776885661.7871027,2.0,0.0,-38.0
1776885661.7971027,4.0,0.0,-33.0
1776885661.807103,3.0,0.0,-39.0
1776885661.817103,6.0,0.0,-43.0
1776885661.827103,6.0,-2.0,-49.0
1776885661.837103,5.0,-4.0,-46.0
1776885661.8471026,0.0,-3.0,-41.0
1776885661.8571026,-3.0,-6.0,-38.0
1776885661.8671026,-1.0,-3.0,-39.0
1776885661.8771029,0.0,2.0,-42.0
1776885661.8871028,0.0,1.0,-40.0
1776885661.8971028,-4.0,3.0,-34.0
1776885661.9071028,-6.0,0.0,-33.0
1776885661.9171028,-4.0,0.0,-33.0
1776885661.9271028,-7.0,-1.0,-33.0
1776885661.9371028,-9.0,-2.0,-40.0
1776885661.9471028,-5.0,-3.0,-46.0
1776885661.9571028,-4.0,0.0,-46.0
1776885661.9671028,0.0,4.0,-45.0
1776885661.9771028,6.0,5.0,-42.0
1776885661.9871027,7.0,5.0,-34.0
1776885661.9971027,7.0,4.0,-43.0
1776885662.0071027,5.0,4.0,-49.0
1776885662.0171027,6.0,5.0,-52.0
1776885662.0271027,1.0,-1.0,-55.0
1776885662.0371027,0.0,-1.0,-52.0
1776885662.0471027,-1.0,-2.0,-51.0
1776885662.057103,-3.0,0.0,-50.0
1776885662.067103,-2.0,0.0,-52.0
1776885662.077103,3.0,0.0,-52.0
1776885662.087103,0.0,-3.0,-53.0
1776885662.0971026,1.0,-3.0,-52.0
1776885662.1071026,4.0,-2.0,-52.0
1776885662.1171026,0.0,-3.0,-48.0
1776885662.1271029,0.0,-1.0,-45.0
1776885662.1371028,-1.0,-4.0,-38.0
1776885662.1471028,2.0,-2.0,-37.0
1776885662.1571028,-1.0,-1.0,-37.0
1776885662.1671028,0.0,-4.0,-43.0
1776885662.1771028,1.0,-4.0,-38.0
1776885662.1871028,0.0,-5.0,-42.0
1776885662.1971028,0.0,-6.0,-38.0
1776885662.2071028,-3.0,-9.0,-35.0
1776885662.2171028,-2.0,-9.0,-44.0
1776885662.2271028,-2.0,-7.0,-46.0
1776885662.2371027,0.0,-4.0,-47.0
1776885662.2471027,4.0,-5.0,-43.0
1776885662.2571027,4.0,-2.0,-46.0
1776885662.2671027,3.0,1.0,-41.0
1776885662.2771027,0.0,2.0,-40.0
1776885662.2871027,3.0,0.0,-37.0
1776885662.2971027,4.0,0.0,-31.0
1776885662.307103,0.0,2.0,-25.0
1776885662.317103,0.0,4.0,-31.0
1776885662.327103,0.0,2.0,-33.0
1776885662.337103,0.0,0.0,-45.0
1776885662.3471026,3.0,-3.0,-43.0
1776885662.3571026,-1.0,-2.0,-42.0
1776885662.3671026,0.0,-8.0,-44.0
1776885662.3771029,3.0,-4.0,-49.0
1776885662.3871028,6.0,-5.0,-49.0
1776885662.3971028,3.0,0.0,-45.0
1776885662.4071028,-1.0,-1.0,-44.0
1776885662.4171028,1.0,-7.0,-50.0
1776885662.4271028,3.0,-7.0,-45.0
1776885662.4371028,2.0,-3.0,-40.0
1776885662.4471028,2.0,-3.0,-42.0
1776885662.4571028,0.0,2.0,-40.0
1776885662.4671028,0.0,4.0,-39.0
1776885662.4771028,-4.0,3.0,-28.0
1776885662.4871027,-1.0,2.0,-33.0
1776885662.4971027,-1.0,-1.0,-31.0
1776885662.5071027,0.0,-1.0,-32.0
1776885662.5171027,-5.0,-5.0,-42.0
1776885662.5271027,-4.0,-3.0,-46.0
1776885662.5371027,-1.0,-4.0,-50.0
1776885662.5471027,-3.0,-4.0,-46.0
1776885662.557103,-5.0,0.0,-45.0
1776885662.567103,-8.0,1.0,-50.0
1776885662.577103,-5.0,-1.0,-45.0
1776885662.587103,-1.0,-6.0,-51.0
1776885662.5971026,2.0,-4.0,-49.0
1776885662.6071026,4.0,-3.0,-42.0
1776885662.6171026,5.0,-2.0,-46.0
1776885662.6271029,8.0,2.0,-44.0
1776885662.6371028,7.0,2.0,-47.0
1776885662.6471028,9.0,-4.0,-53.0
1776885662.6571028,9.0,-4.0,-59.0
1776885662.6671028,10.0,-3.0,-61.0
1776885662.6771028,6.0,-2.0,-57.0
1776885662.6871028,9.0,-1.0,-58.0
1776885662.6971028,11.0,1.0,-53.0
1776885662.7071028,9.0,1.0,-53.0
1776885662.7171028,9.0,1.0,-57.0
1776885662.7271028,4.0,-3.0,-48.0
1776885662.7371027,6.0,-1.0,-46.0
1776885662.7471027,4.0,-3.0,-40.0
1776885662.7571027,3.0,-6.0,-35.0
1776885662.7671027,4.0,-8.0,-34.0
1776885662.7771027,5.0,-7.0,-31.0
1776885662.7871027,0.0,-8.0,-27.0
1776885662.7971027,7.0,-5.0,-29.0
1776885662.807103,4.0,-3.0,-27.0
1776885662.817103,-1.0,-6.0,-33.0
1776885662.827103,0.0,-8.0,-38.0
1776885662.837103,-5.0,-6.0,-43.0
1776885662.8471026,-4.0,0.0,-41.0
1776885662.8571026,0.0,-1.0,-39.0
1776885662.8671026,0.0,-2.0,-39.0
1776885662.8771029,-1.0,-3.0,-38.0
1776885662.8871028,-1.0,-2.0,-38.0
1776885662.8971028,-5.0,-2.0,-41.0
1776885662.9071028,-7.0,-1.0,-47.0
1776885662.9171028,-6.0,0.0,-43.0
1776885662.9271028,-4.0,-6.0,-46.0
1776885662.9371028,-4.0,-1.0,-49.0
1776885662.9471028,-2.0,2.0,-48.0
1776885662.9581027,0.0,5.0,-49.0
1776885662.9681027,1.0,0.0,-45.0
1776885662.9781027,5.0,-1.0,-44.0
1776885662.9871027,9.0,-4.0,-44.0
1776885662.998103,4.0,-3.0,-42.0
1776885663.008103,3.0,0.0,-45.0
1776885663.0181026,2.0,-3.0,-53.0
1776885663.0281026,2.0,-8.0,-47.0
1776885663.0381026,0.0,-11.0,-37.0
1776885663.0481029,-1.0,-8.0,-31.0
1776885663.0581028,0.0,-5.0,-32.0
1776885663.0681028,0.0,-8.0,-33.0
1776885663.0781028,-3.0,-8.0,-32.0
1776885663.0881028,0.0,-6.0,-30.0
1776885663.0981028,0.0,-5.0,-29.0
1776885663.1081028,1.0,-8.0,-30.0
1776885663.1181028,2.0,-6.0,-40.0
1776885663.1281028,1.0,-3.0,-34.0
1776885663.1381028,0.0,3.0,-30.0
1776885663.1481028,-1.0,-1.0,-36.0
1776885663.1581028,2.0,-2.0,-47.0
1776885663.1681027,4.0,0.0,-51.0
1776885663.1781027,5.0,0.0,-44.0
1776885663.1881027,4.0,-3.0,-40.0
1776885663.1981027,1.0,-3.0,-38.0
1776885663.2081027,2.0,-6.0,-45.0
1776885663.2181027,3.0,-6.0,-53.0
1776885663.2281027,0.0,-3.0,-50.0
1776885663.238103,-2.0,0.0,-50.0
1776885663.248103,0.0,-2.0,-48.0
1776885663.258103,-1.0,-3.0,-51.0
1776885663.2681026,-3.0,-2.0,-41.0
1776885663.2781026,1.0,-3.0,-41.0
1776885663.2881026,3.0,-2.0,-38.0
1776885663.2981029,2.0,0.0,-37.0
1776885663.3081028,0.0,0.0,-36.0
1776885663.3181028,-1.0,0.0,-38.0
1776885663.3281028,-1.0,-3.0,-43.0
1776885663.3381028,0.0,0.0,-48.0
1776885663.3481028,-1.0,-4.0,-46.0
1776885663.3581028,0.0,-7.0,-45.0
1776885663.3681028,-3.0,-6.0,-40.0
1776885663.3781028,-4.0,-4.0,-39.0
1776885663.3881028,-4.0,-6.0,-40.0
1776885663.3981028,-3.0,-7.0,-49.0
1776885663.4081028,0.0,-7.0,-46.0
1776885663.4181027,0.0,-3.0,-42.0
1776885663.4281027,5.0,-8.0,-42.0
1776885663.4381027,1.0,-8.0,-47.0
1776885663.4481027,1.0,-6.0,-41.0
1776885663.4581027,0.0,-8.0,-39.0
1776885663.4681027,-1.0,-6.0,-43.0
1776885663.4781027,-4.0,-6.0,-50.0
1776885663.488103,-5.0,-4.0,-60.0
1776885663.498103,-1.0,-5.0,-55.0
1776885663.508103,-3.0,-5.0,-53.0
1776885663.5181026,-2.0,-3.0,-51.0
1776885663.5281026,-1.0,-5.0,-46.0
1776885663.5381026,3.0,-7.0,-47.0
1776885663.5481029,7.0,-9.0,-38.0
1776885663.5581028,3.0,-8.0,-41.0
1776885663.5681028,4.0,-9.0,-44.0
1776885663.5781028,6.0,-9.0,-46.0
1776885663.5881028,4.0,-7.0,-45.0
1776885663.5981028,3.0,-4.0,-42.0
1776885663.6081028,3.0,-4.0,-44.0
1776885663.6181028,5.0,0.0,-43.0
1776885663.6281028,5.0,-1.0,-44.0
1776885663.6381028,3.0,-3.0,-41.0
1776885663.6481028,0.0,-2.0,-45.0
1776885663.6581028,-2.0,-2.0,-47.0
1776885663.6681027,0.0,0.0,-39.0
1776885663.6781027,0.0,3.0,-35.0
1776885663.6881027,0.0,0.0,-39.0
1776885663.6981027,2.0,2.0,-35.0
1776885663.7081027,-1.0,4.0,-30.0
1776885663.7181027,-2.0,2.0,-31.0
1776885663.7281027,-6.0,1.0,-38.0
1776885663.738103,-8.0,2.0,-37.0
1776885663.748103,-8.0,4.0,-39.0
1776885663.758103,-12.0,7.0,-41.0
1776885663.7681026,-11.0,6.0,-42.0
1776885663.7781026,-12.0,3.0,-39.0
1776885663.7881026,-9.0,0.0,-34.0
1776885663.7981029,-5.0,2.0,-35.0
1776885663.8081028,-1.0,1.0,-39.0
1776885663.8181028,1.0,0.0,-44.0
1776885663.8281028,3.0,-7.0,-36.0
1776885663.8381028,2.0,-13.0,-34.0
1776885663.8481028,0.0,-11.0,-45.0
1776885663.8581028,-4.0,-10.0,-50.0
1776885663.8681028,-6.0,-9.0,-50.0
1776885663.8781028,-2.0,-7.0,-42.0
1776885663.8881028,-6.0,-6.0,-36.0
1776885663.8981028,-3.0,-4.0,-39.0
1776885663.9081028,1.0,-2.0,-39.0
1776885663.9181027,1.0,0.0,-38.0
1776885663.9281027,2.0,0.0,-39.0
1776885663.9381027,3.0,-4.0,-38.0
1776885663.9481027,1.0,-5.0,-38.0
1776885663.9581027,5.0,-6.0,-43.0
1776885663.9681027,2.0,-5.0,-36.0
1776885663.9781027,-1.0,-6.0,-40.0
1776885663.988103,-4.0,-7.0,-40.0
1776885663.998103,1.0,-8.0,-39.0
1776885664.008103,5.0,-8.0,-44.0
1776885664.0181026,3.0,-10.0,-37.0
1776885664.0281026,2.0,-8.0,-38.0
1776885664.0381026,1.0,-7.0,-34.0
1776885664.0481029,2.0,-8.0,-38.0
1776885664.0581028,1.0,-5.0,-41.0
1776885664.0681028,4.0,-8.0,-38.0
1776885664.0781028,3.0,-10.0,-40.0
1776885664.0881028,2.0,-4.0,-40.0
1776885664.0981028,2.0,-3.0,-44.0
1776885664.1081028,0.0,-5.0,-38.0
1776885664.1181028,0.0,-6.0,-39.0
1776885664.1281028,-4.0,-6.0,-36.0
1776885664.1381028,-9.0,-3.0,-38.0
1776885664.1481028,-8.0,-5.0,-34.0
1776885664.1581028,-10.0,-5.0,-33.0
1776885664.1681027,-2.0,-4.0,-34.0
1776885664.1781027,1.0,-6.0,-44.0
1776885664.1881027,3.0,-4.0,-43.0
1776885664.1981027,3.0,-1.0,-45.0
1776885664.2081027,3.0,-3.0,-35.0
1776885664.2181027,4.0,-3.0,-36.0
1776885664.2281027,6.0,-5.0,-39.0
1776885664.238103,8.0,-8.0,-32.0
1776885664.248103,6.0,-6.0,-37.0
1776885664.258103,8.0,-8.0,-37.0
1776885664.2681026,2.0,-6.0,-39.0
1776885664.2781026,0.0,-6.0,-36.0
1776885664.2881026,0.0,-3.0,-41.0
1776885664.2981029,2.0,-1.0,-41.0
1776885664.3081028,2.0,0.0,-42.0
1776885664.3181028,0.0,-1.0,-40.0
1776885664.3281028,-3.0,0.0,-44.0
1776885664.3381028,-2.0,0.0,-46.0
1776885664.3481028,0.0,-4.0,-42.0
1776885664.3581028,1.0,-5.0,-42.0
1776885664.3681028,1.0,-5.0,-37.0
1776885664.3781028,1.0,-3.0,-41.0
1776885664.3881028,2.0,-3.0,-44.0
1776885664.3981028,4.0,-7.0,-39.0
1776885664.4081028,8.0,-6.0,-41.0
1776885664.4181027,9.0,-4.0,-42.0
1776885664.4281027,8.0,-5.0,-45.0
1776885664.4381027,6.0,-3.0,-44.0
1776885664.4481027,2.0,-2.0,-44.0
1776885664.4581027,1.0,-1.0,-46.0
1776885664.4681027,1.0,-3.0,-48.0
1776885664.4781027,1.0,-2.0,-46.0
1776885664.488103,3.0,0.0,-44.0
1776885664.498103,3.0,-1.0,-42.0
1776885664.508103,2.0,-2.0,-44.0
1776885664.5181026,2.0,-2.0,-42.0
1776885664.5281026,3.0,-3.0,-47.0
1776885664.5381026,6.0,-7.0,-48.0
1776885664.5481029,6.0,-6.0,-52.0
1776885664.5581028,6.0,-2.0,-51.0
1776885664.5681028,3.0,-1.0,-49.0
1776885664.5781028,0.0,-4.0,-48.0
1776885664.5881028,4.0,-4.0,-47.0
1776885664.5981028,8.0,-6.0,-39.0
1776885664.6081028,11.0,-5.0,-44.0
1776885664.6181028,9.0,-6.0,-47.0
1776885664.6281028,3.0,-4.0,-52.0
1776885664.6381028,0.0,0.0,-49.0
1776885664.6481028,0.0,0.0,-49.0
1776885664.6581028,0.0,2.0,-48.0
1776885664.6681027,2.0,0.0,-49.0
1776885664.6781027,6.0,-2.0,-46.0
1776885664.6881027,9.0,-2.0,-44.0
1776885664.6981027,3.0,1.0,-41.0
1776885664.7081027,-1.0,0.0,-45.0
1776885664.7181027,1.0,0.0,-47.0
1776885664.7281027,1.0,-2.0,-45.0
1776885664.738103,3.0,-1.0,-41.0
1776885664.748103,-2.0,2.0,-41.0
1776885664.758103,1.0,-1.0,-36.0
1776885664.7681026,4.0,-3.0,-31.0
1776885664.7781026,6.0,1.0,-35.0
1776885664.7881026,5.0,1.0,-49.0
1776885664.7981029,1.0,1.0,-45.0
1776885664.8081028,-1.0,-2.0,-50.0
1776885664.8181028,-1.0,0.0,-45.0
1776885664.8281028,-1.0,2.0,-43.0
1776885664.8381028,1.0,2.0,-42.0
1776885664.8481028,2.0,1.0,-38.0
1776885664.8581028,-1.0,0.0,-33.0
1776885664.8681028,-1.0,2.0,-31.0
1776885664.8781028,-3.0,2.0,-30.0
1776885664.8881028,-1.0,-1.0,-27.0
1776885664.8981028,0.0,0.0,-25.0
1776885664.9081028,1.0,-3.0,-29.0
1776885664.9181027,1.0,-2.0,-37.0
1776885664.9281027,0.0,0.0,-43.0
1776885664.9381027,1.0,0.0,-49.0
1776885664.9491026,3.0,1.0,-47.0
1776885664.9591026,5.0,1.0,-53.0
1776885664.9691026,7.0,0.0,-51.0
1776885664.9791028,8.0,2.0,-44.0
1776885664.9891028,6.0,3.0,-48.0
1776885664.9991028,3.0,3.0,-40.0
1776885665.0091028,3.0,4.0,-40.0
1776885665.0191028,-1.0,9.0,-44.0
1776885665.0291028,-1.0,7.0,-38.0
1776885665.0391028,-1.0,5.0,-42.0
1776885665.0491028,0.0,5.0,-36.0
1776885665.0591028,1.0,4.0,-32.0
1776885665.0691028,1.0,4.0,-33.0
1776885665.0791028,3.0,2.0,-28.0
1776885665.0891027,6.0,-3.0,-31.0
1776885665.0991027,7.0,-4.0,-37.0
1776885665.1091027,0.0,1.0,-39.0
1776885665.1191027,0.0,2.0,-40.0
1776885665.1291027,3.0,1.0,-41.0
1776885665.1391027,5.0,0.0,-42.0
1776885665.1491027,3.0,-4.0,-40.0
1776885665.159103,1.0,-3.0,-47.0
1776885665.169103,0.0,-7.0,-44.0
1776885665.179103,-3.0,-6.0,-47.0
1776885665.1891026,-1.0,-6.0,-44.0
1776885665.1991026,-2.0,-1.0,-41.0
1776885665.2091026,0.0,0.0,-44.0
1776885665.2191026,4.0,0.0,-39.0
1776885665.2291028,3.0,0.0,-36.0
1776885665.2391028,2.0,-1.0,-36.0
1776885665.2491028,1.0,-1.0,-37.0
1776885665.2591028,0.0,-2.0,-37.0
1776885665.2691028,1.0,-2.0,-43.0
1776885665.2791028,3.0,-2.0,-44.0
1776885665.2891028,2.0,-5.0,-50.0
1776885665.2991028,0.0,-4.0,-47.0
1776885665.3091028,-1.0,-2.0,-45.0
1776885665.3191028,0.0,-2.0,-34.0
1776885665.3291028,1.0,-5.0,-37.0
1776885665.3391027,0.0,-5.0,-45.0
1776885665.3491027,-1.0,-7.0,-44.0
1776885665.3591027,0.0,-3.0,-46.0
1776885665.3691027,-1.0,0.0,-47.0
1776885665.3791027,0.0,0.0,-47.0
1776885665.3891027,1.0,-3.0,-40.0
1776885665.3991027,-1.0,-2.0,-40.0
1776885665.409103,0.0,-4.0,-43.0
1776885665.419103,5.0,-8.0,-38.0
1776885665.429103,4.0,-7.0,-36.0
1776885665.4391026,0.0,-6.0,-42.0
1776885665.4491026,0.0,-5.0,-37.0
1776885665.4591026,0.0,-2.0,-39.0
1776885665.4691026,1.0,-2.0,-40.0
1776885665.4791028,2.0,0.0,-36.0
1776885665.4891028,2.0,0.0,-35.0
1776885665.4991028,1.0,-1.0,-31.0
1776885665.5091028,-1.0,-2.0,-32.0
1776885665.5191028,0.0,0.0,-32.0
1776885665.5291028,3.0,-1.0,-34.0
1776885665.5391028,3.0,-2.0,-41.0
1776885665.5491028,2.0,-1.0,-43.0
1776885665.5591028,2.0,-4.0,-44.0
1776885665.5691028,3.0,-7.0,-47.0
1776885665.5791028,3.0,-4.0,-50.0
1776885665.5891027,0.0,0.0,-51.0
1776885665.5991027,0.0,1.0,-45.0
1776885665.6091027,2.0,1.0,-42.0
1776885665.6191027,2.0,-1.0,-43.0
1776885665.6291027,1.0,-1.0,-40.0
1776885665.6391027,4.0,-3.0,-40.0
1776885665.6491027,2.0,0.0,-33.0
1776885665.659103,-1.0,-1.0,-32.0
1776885665.669103,-3.0,-4.0,-30.0
1776885665.679103,-1.0,-3.0,-37.0
1776885665.6891026,-1.0,0.0,-41.0
1776885665.6991026,-2.0,1.0,-40.0
1776885665.7091026,0.0,4.0,-38.0
1776885665.7191026,1.0,5.0,-39.0
1776885665.7291028,0.0,2.0,-37.0
1776885665.7391028,-3.0,0.0,-36.0
1776885665.7491028,0.0,-1.0,-39.0
1776885665.7591028,-1.0,0.0,-40.0
1776885665.7691028,-3.0,0.0,-40.0
1776885665.7791028,-3.0,0.0,-43.0
1776885665.7891028,-7.0,0.0,-43.0
1776885665.7991028,-4.0,2.0,-36.0
1776885665.8091028,-8.0,1.0,-28.0
1776885665.8191028,-7.0,-4.0,-26.0
1776885665.8291028,-7.0,-4.0,-31.0
1776885665.8391027,-3.0,-3.0,-33.0
1776885665.8491027,0.0,-5.0,-35.0
1776885665.8591027,1.0,-4.0,-38.0
1776885665.8691027,0.0,0.0,-40.0
1776885665.8791027,0.0,-1.0,-38.0
1776885665.8891027,2.0,2.0,-41.0
1776885665.8991027,0.0,0.0,-38.0
1776885665.909103,2.0,0.0,-35.0
1776885665.919103,1.0,1.0,-32.0
1776885665.929103,0.0,0.0,-25.0
1776885665.9391026,-2.0,-1.0,-29.0
1776885665.9491026,-1.0,0.0,-35.0
1776885665.9591026,-1.0,0.0,-34.0
1776885665.9691026,-2.0,0.0,-32.0
1776885665.9791028,-2.0,-1.0,-32.0
1776885665.9891028,-1.0,0.0,-36.0
1776885665.9991028,0.0,-2.0,-37.0
1776885666.0091028,-4.0,-3.0,-32.0
1776885666.0191028,-8.0,-4.0,-36.0
1776885666.0291028,-6.0,-2.0,-38.0
1776885666.0391028,-6.0,-2.0,-33.0
1776885666.0491028,-8.0,-3.0,-36.0
1776885666.0591028,-3.0,-2.0,-35.0
1776885666.0691028,-1.0,-2.0,-35.0
1776885666.0791028,-5.0,-7.0,-41.0
1776885666.0891027,-9.0,-3.0,-41.0
1776885666.0991027,-5.0,0.0,-42.0
1776885666.1091027,-7.0,0.0,-49.0
1776885666.1191027,-6.0,0.0,-46.0
1776885666.1291027,-3.0,0.0,-45.0
1776885666.1391027,-6.0,1.0,-43.0
1776885666.1491027,-5.0,-1.0,-45.0
1776885666.159103,-2.0,0.0,-49.0
1776885666.169103,-1.0,1.0,-48.0
1776885666.179103,0.0,2.0,-44.0
1776885666.1891026,-1.0,0.0,-38.0
1776885666.1991026,1.0,0.0,-38.0
1776885666.2091026,2.0,0.0,-37.0
1776885666.2191026,2.0,0.0,-32.0
1776885666.2291028,2.0,0.0,-35.0
1776885666.2391028,3.0,-2.0,-43.0
1776885666.2491028,4.0,-1.0,-46.0
1776885666.2591028,1.0,-2.0,-44.0
1776885666.2691028,1.0,2.0,-50.0
1776885666.2791028,4.0,1.0,-50.0
1776885666.2891028,0.0,3.0,-47.0
1776885666.2991028,3.0,1.0,-38.0
1776885666.3091028,3.0,-1.0,-35.0
1776885666.3191028,5.0,-6.0,-36.0
1776885666.3291028,4.0,-4.0,-35.0
1776885666.3391027,6.0,-3.0,-35.0
1776885666.3491027,2.0,-3.0,-34.0
1776885666.3591027,1.0,-7.0,-34.0
1776885666.3691027,0.0,-4.0,-38.0
1776885666.3791027,-5.0,-3.0,-46.0
1776885666.3891027,-3.0,0.0,-45.0
1776885666.3991027,4.0,0.0,-49.0
1776885666.409103,6.0,-2.0,-48.0
1776885666.419103,10.0,0.0,-42.0
1776885666.429103,7.0,-4.0,-42.0
1776885666.4391026,8.0,-8.0,-47.0
1776885666.4491026,0.0,-7.0,-48.0
1776885666.4591026,0.0,-7.0,-47.0
1776885666.4691026,-1.0,-4.0,-40.0
1776885666.4791028,-1.0,-2.0,-41.0
1776885666.4891028,2.0,-1.0,-39.0
1776885666.4991028,0.0,-2.0,-37.0
1776885666.5091028,-1.0,-1.0,-40.0
1776885666.5191028,-4.0,1.0,-31.0
1776885666.5291028,-3.0,4.0,-34.0
1776885666.5391028,-2.0,3.0,-40.0
1776885666.5491028,-6.0,3.0,-34.0
1776885666.5591028,-8.0,2.0,-27.0
1776885666.5691028,-10.0,2.0,-27.0
1776885666.5791028,-6.0,-1.0,-33.0
1776885666.5891027,-5.0,-1.0,-37.0
1776885666.5991027,-6.0,-1.0,-39.0
1776885666.6091027,-5.0,-5.0,-40.0
1776885666.6191027,-4.0,1.0,-41.0
1776885666.6291027,-3.0,-6.0,-36.0
1776885666.6391027,0.0,-9.0,-34.0
1776885666.6491027,-3.0,-7.0,-34.0
1776885666.659103,-1.0,-4.0,-41.0
1776885666.669103,5.0,0.0,-37.0
1776885666.679103,6.0,0.0,-35.0
1776885666.6891026,3.0,2.0,-43.0
1776885666.6991026,-2.0,2.0,-46.0
1776885666.7091026,-3.0,-3.0,-48.0
1776885666.7191026,-4.0,1.0,-51.0
1776885666.7291028,-4.0,-4.0,-45.0
1776885666.7391028,-2.0,-6.0,-42.0
1776885666.7491028,0.0,-4.0,-45.0
1776885666.7591028,-1.0,-8.0,-44.0
1776885666.7691028,-3.0,-4.0,-46.0
1776885666.7791028,-5.0,-1.0,-48.0
1776885666.7891028,-6.0,-3.0,-43.0
1776885666.7991028,-9.0,-2.0,-42.0
1776885666.8091028,-7.0,-3.0,-43.0
1776885666.8191028,-6.0,-7.0,-42.0
1776885666.8291028,-5.0,-6.0,-42.0
1776885666.8391027,-2.0,-7.0,-45.0
1776885666.8491027,0.0,-6.0,-44.0
1776885666.8591027,0.0,-1.0,-44.0
1776885666.8691027,0.0,0.0,-45.0
1776885666.8791027,0.0,0.0,-38.0
1776885666.8891027,3.0,2.0,-36.0
1776885666.8991027,2.0,0.0,-39.0
1776885666.909103,4.0,-2.0,-41.0
1776885666.919103,2.0,-2.0,-42.0
1776885666.9301028,-3.0,-2.0,-39.0
1776885666.9401028,-1.0,-1.0,-40.0
1776885666.9501028,-2.0,2.0,-36.0
1776885666.9601028,0.0,0.0,-41.0
1776885666.9701028,4.0,1.0,-41.0
1776885666.9801028,5.0,-1.0,-41.0
1776885666.9901028,0.0,1.0,-40.0
1776885667.0001028,4.0,1.0,-46.0
1776885667.0101027,2.0,4.0,-45.0
1776885667.0191028,1.0,0.0,-46.0
1776885667.0301027,2.0,0.0,-44.0
1776885667.0401027,3.0,-2.0,-43.0
1776885667.0501027,1.0,1.0,-46.0
1776885667.0601027,-1.0,0.0,-43.0
1776885667.0701027,1.0,0.0,-39.0
1776885667.0801027,3.0,-2.0,-37.0
1776885667.090103,4.0,-1.0,-43.0
1776885667.100103,2.0,0.0,-39.0
1776885667.110103,1.0,0.0,-41.0
1776885667.1201026,-6.0,1.0,-44.0
1776885667.1301026,-6.0,2.0,-50.0
1776885667.1401026,-1.0,3.0,-46.0
1776885667.1501029,0.0,5.0,-52.0
1776885667.1601028,-1.0,1.0,-50.0
1776885667.1701028,-4.0,1.0,-49.0
1776885667.1801028,-2.0,0.0,-47.0
1776885667.1901028,-4.0,1.0,-61.0
1776885667.2001028,-5.0,1.0,-58.0
1776885667.2101028,-5.0,3.0,-51.0
1776885667.2201028,-7.0,5.0,-46.0
1776885667.2301028,-4.0,0.0,-43.0
1776885667.2401028,0.0,1.0,-45.0
1776885667.2501028,-3.0,5.0,-42.0
1776885667.2601027,-3.0,0.0,-41.0
1776885667.2701027,-5.0,2.0,-33.0
1776885667.2801027,-4.0,-1.0,-37.0
1776885667.2901027,-4.0,4.0,-32.0
1776885667.3001027,-3.0,1.0,-30.0
1776885667.3101027,-8.0,0.0,-33.0
1776885667.3201027,-6.0,-1.0,-35.0
1776885667.3301027,-4.0,-2.0,-40.0
1776885667.340103,0.0,-1.0,-40.0
1776885667.350103,1.0,-1.0,-36.0
1776885667.360103,3.0,-2.0,-32.0
1776885667.3701026,5.0,-1.0,-34.0
1776885667.3801026,2.0,1.0,-29.0
1776885667.3901026,3.0,1.0,-40.0
1776885667.4001029,3.0,2.0,-46.0
1776885667.4101028,2.0,1.0,-39.0
1776885667.4201028,1.0,-3.0,-40.0
1776885667.4301028,1.0,-5.0,-40.0
1776885667.4401028,2.0,-3.0,-41.0
1776885667.4501028,-3.0,-3.0,-43.0
1776885667.4601028,-2.0,0.0,-47.0
1776885667.4701028,4.0,0.0,-45.0
1776885667.4801028,1.0,-2.0,-42.0
1776885667.4901028,-2.0,1.0,-41.0
1776885667.5001028,0.0,0.0,-39.0
1776885667.5101027,-3.0,1.0,-36.0
1776885667.5201027,-2.0,-3.0,-31.0
1776885667.5301027,0.0,-3.0,-36.0
1776885667.5401027,0.0,0.0,-32.0
1776885667.5501027,-2.0,1.0,-33.0
1776885667.5601027,-1.0,2.0,-35.0
1776885667.5701027,-7.0,0.0,-37.0
1776885667.5801027,-2.0,-3.0,-42.0
1776885667.590103,3.0,-2.0,-46.0
1776885667.600103,3.0,-3.0,-42.0
1776885667.610103,2.0,-5.0,-37.0
1776885667.6201026,0.0,-7.0,-34.0
1776885667.6301026,0.0,-14.0,-37.0
1776885667.6401026,-1.0,-13.0,-39.0
1776885667.6501029,2.0,-8.0,-38.0
1776885667.6601028,4.0,-7.0,-42.0
1776885667.6701028,0.0,-8.0,-40.0
1776885667.6801028,-2.0,-8.0,-40.0
1776885667.6901028,-7.0,-7.0,-39.0
1776885667.7001028,-7.0,-5.0,-42.0
1776885667.7101028,-6.0,0.0,-44.0
1776885667.7201028,-2.0,2.0,-43.0
1776885667.7301028,0.0,4.0,-45.0
1776885667.7401028,0.0,2.0,-40.0
1776885667.7501028,0.0,3.0,-41.0
1776885667.7601027,1.0,4.0,-42.0
1776885667.7701027,2.0,0.0,-38.0
1776885667.7801027,4.0,0.0,-39.0
1776885667.7901027,9.0,0.0,-37.0
1776885667.8001027,8.0,0.0,-38.0
1776885667.8101027,0.0,3.0,-36.0
1776885667.8201027,0.0,-1.0,-36.0
1776885667.8301027,0.0,0.0,-37.0
1776885667.840103,0.0,3.0,-35.0
1776885667.850103,-1.0,2.0,-36.0
1776885667.860103,0.0,-2.0,-35.0
1776885667.8701026,0.0,-4.0,-32.0
1776885667.8801026,5.0,-1.0,-32.0
1776885667.8901026,0.0,0.0,-34.0
1776885667.9001029,1.0,0.0,-42.0
1776885667.9101028,2.0,1.0,-43.0
1776885667.9201028,-1.0,4.0,-40.0
1776885667.9301028,2.0,3.0,-38.0
1776885667.9401028,1.0,6.0,-37.0
1776885667.9501028,-4.0,6.0,-37.0
1776885667.9601028,-3.0,5.0,-38.0
1776885667.9701028,-5.0,5.0,-43.0
1776885667.9801028,-4.0,2.0,-42.0
1776885667.9901028,-1.0,0.0,-44.0
1776885668.0001028,0.0,0.0,-48.0
1776885668.0101027,-2.0,0.0,-45.0
1776885668.0201027,-3.0,-1.0,-49.0
1776885668.0301027,-1.0,0.0,-52.0
1776885668.0401027,-1.0,-1.0,-46.0
1776885668.0501027,-3.0,1.0,-43.0
1776885668.0601027,-6.0,0.0,-36.0
1776885668.0701027,-4.0,-2.0,-34.0
1776885668.0801027,-5.0,-2.0,-32.0
1776885668.090103,-2.0,-5.0,-32.0
1776885668.100103,-2.0,-4.0,-31.0
1776885668.110103,0.0,-3.0,-36.0
1776885668.1201026,-4.0,0.0,-43.0
1776885668.1301026,-4.0,-3.0,-45.0
1776885668.1401026,-4.0,0.0,-44.0
1776885668.1501029,0.0,-2.0,-45.0
1776885668.1601028,-4.0,-3.0,-49.0
1776885668.1701028,-5.0,-6.0,-42.0
1776885668.1801028,-4.0,-7.0,-42.0
1776885668.1901028,-1.0,-4.0,-44.0
1776885668.2001028,0.0,-2.0,-42.0
1776885668.2101028,2.0,-4.0,-40.0
1776885668.2201028,2.0,-3.0,-46.0
1776885668.2301028,5.0,-5.0,-51.0
1776885668.2401028,7.0,-5.0,-56.0
1776885668.2501028,5.0,-6.0,-52.0
1776885668.2601027,5.0,-4.0,-42.0
1776885668.2701027,2.0,-3.0,-36.0
1776885668.2801027,0.0,-2.0,-36.0
1776885668.2901027,-1.0,-1.0,-35.0
1776885668.3001027,0.0,-2.0,-36.0
1776885668.3101027,4.0,-4.0,-39.0
1776885668.3201027,3.0,-5.0,-44.0
1776885668.3301027,1.0,-8.0,-41.0
1776885668.340103,0.0,-3.0,-42.0
1776885668.350103,-4.0,-3.0,-46.0
1776885668.360103,-5.0,-1.0,-45.0
1776885668.3701026,-7.0,0.0,-44.0
1776885668.3801026,-6.0,0.0,-42.0
1776885668.3901026,-5.0,-2.0,-38.0
1776885668.4001029,-6.0,-4.0,-34.0
1776885668.4101028,-3.0,-4.0,-38.0
1776885668.4201028,-8.0,-7.0,-45.0
1776885668.4301028,-3.0,-9.0,-39.0
1776885668.4401028,0.0,-8.0,-36.0
1776885668.4501028,1.0,-3.0,-38.0
1776885668.4601028,0.0,0.0,-37.0
1776885668.4701028,1.0,-2.0,-34.0
1776885668.4801028,1.0,-6.0,-40.0
1776885668.4901028,5.0,-9.0,-36.0
1776885668.5001028,6.0,-10.0,-32.0
1776885668.5101027,7.0,-9.0,-39.0
1776885668.5201027,3.0,-9.0,-45.0
1776885668.5301027,-2.0,-5.0,-42.0
1776885668.5401027,1.0,0.0,-40.0
1776885668.5501027,0.0,-1.0,-43.0
1776885668.5601027,4.0,-4.0,-42.0
1776885668.5701027,0.0,-6.0,-37.0
1776885668.5801027,-4.0,-3.0,-39.0
1776885668.590103,-6.0,-1.0,-37.0
1776885668.600103,-4.0,-1.0,-39.0
1776885668.610103,-1.0,-1.0,-37.0
1776885668.6201026,-1.0,-2.0,-38.0
1776885668.6301026,3.0,-2.0,-38.0
1776885668.6401026,5.0,-1.0,-34.0
1776885668.6501029,4.0,-1.0,-34.0
1776885668.6601028,2.0,-2.0,-38.0
1776885668.6701028,3.0,-2.0,-41.0
1776885668.6801028,7.0,0.0,-35.0
1776885668.6901028,4.0,-3.0,-29.0
1776885668.7001028,-1.0,-5.0,-35.0
1776885668.7101028,0.0,-5.0,-36.0
1776885668.7201028,-1.0,-2.0,-34.0
1776885668.7301028,0.0,-2.0,-40.0
1776885668.7401028,-1.0,1.0,-41.0
1776885668.7501028,-2.0,0.0,-40.0
1776885668.7601027,2.0,-1.0,-38.0
1776885668.7701027,-1.0,-3.0,-36.0
1776885668.7801027,-1.0,-4.0,-37.0
1776885668.7901027,-6.0,-5.0,-39.0
1776885668.8001027,-7.0,-4.0,-35.0
1776885668.8101027,-4.0,-5.0,-37.0
1776885668.8201027,0.0,-5.0,-37.0
1776885668.8301027,-3.0,-6.0,-41.0
1776885668.840103,-1.0,-6.0,-39.0
1776885668.850103,-1.0,-8.0,-40.0
1776885668.860103,-3.0,-11.0,-45.0
1776885668.8701026,2.0,-11.0,-48.0
1776885668.8801026,-3.0,-9.0,-47.0
1776885668.8901026,0.0,-14.0,-43.0
1776885668.9001029,1.0,-15.0,-48.0
1776885668.9111028,-1.0,-11.0,-53.0
1776885668.9201028,-5.0,-7.0,-49.0
1776885668.9311028,0.0,-7.0,-47.0
1776885668.9411027,2.0,-5.0,-47.0
1776885668.9501028,1.0,-5.0,-49.0
1776885668.9611027,2.0,-1.0,-48.0
1776885668.9711027,1.0,-2.0,-46.0
1776885668.9811027,4.0,-2.0,-47.0
1776885668.9911027,1.0,-5.0,-46.0
1776885669.0011027,1.0,-2.0,-44.0
1776885669.011103,0.0,-1.0,-37.0
1776885669.021103,-3.0,0.0,-42.0
1776885669.031103,-2.0,-3.0,-38.0
1776885669.0411026,0.0,-5.0,-33.0
1776885669.0511026,-2.0,-1.0,-33.0
1776885669.0611026,-1.0,0.0,-38.0
1776885669.0711029,0.0,-1.0,-46.0
1776885669.0811028,-2.0,-1.0,-46.0
1776885669.0911028,-2.0,0.0,-43.0
1776885669.1011028,-5.0,3.0,-38.0
1776885669.1111028,-5.0,0.0,-40.0
1776885669.1211028,-5.0,1.0,-42.0
1776885669.1311028,0.0,1.0,-42.0
1776885669.1411028,-1.0,0.0,-46.0
1776885669.1511028,0.0,-5.0,-53.0
1776885669.1611028,0.0,-6.0,-54.0
1776885669.1711028,0.0,-5.0,-52.0
1776885669.1811028,1.0,-3.0,-53.0
1776885669.1911027,4.0,-4.0,-44.0
1776885669.2011027,6.0,0.0,-44.0
1776885669.2111027,9.0,1.0,-39.0
1776885669.2211027,11.0,0.0,-39.0
1776885669.2311027,10.0,-1.0,-40.0
1776885669.2411027,7.0,0.0,-43.0
1776885669.2511027,4.0,-5.0,-43.0
1776885669.261103,2.0,-5.0,-42.0
1776885669.271103,2.0,-1.0,-47.0
1776885669.281103,5.0,-4.0,-48.0
1776885669.2911026,2.0,-5.0,-43.0
1776885669.3011026,-3.0,-4.0,-45.0
1776885669.3111026,-5.0,-6.0,-41.0
1776885669.3211029,-5.0,-5.0,-36.0
1776885669.3311028,-2.0,-3.0,-36.0
1776885669.3411028,0.0,-2.0,-35.0
1776885669.3511028,0.0,-2.0,-36.0
1776885669.3611028,0.0,-2.0,-38.0
1776885669.3711028,4.0,-3.0,-38.0
1776885669.3811028,0.0,-6.0,-35.0
1776885669.3911028,2.0,-3.0,-40.0
1776885669.4011028,-1.0,0.0,-44.0
1776885669.4111028,-1.0,-2.0,-47.0
1776885669.4211028,-3.0,0.0,-38.0
1776885669.4311028,-2.0,3.0,-41.0
1776885669.4411027,-1.0,1.0,-37.0
1776885669.4511027,-1.0,3.0,-37.0
1776885669.4611027,2.0,1.0,-36.0
1776885669.4711027,2.0,4.0,-36.0
1776885669.4811027,3.0,2.0,-41.0
1776885669.4911027,4.0,0.0,-50.0
1776885669.5011027,9.0,-5.0,-52.0
1776885669.511103,10.0,-2.0,-42.0
1776885669.521103,12.0,0.0,-41.0
1776885669.531103,12.0,1.0,-39.0
1776885669.5411026,6.0,1.0,-39.0
1776885669.5511026,0.0,0.0,-31.0
1776885669.5611026,-3.0,1.0,-33.0
1776885669.5711029,0.0,-2.0,-44.0
1776885669.5811028,2.0,-11.0,-48.0
1776885669.5911028,2.0,-10.0,-35.0
1776885669.6011028,2.0,-6.0,-35.0
1776885669.6111028,3.0,-5.0,-39.0
1776885669.6211028,1.0,-6.0,-38.0
1776885669.6311028,0.0,1.0,-39.0
1776885669.6411028,-2.0,1.0,-38.0
1776885669.6511028,0.0,0.0,-41.0
1776885669.6611028,3.0,0.0,-44.0
1776885669.6711028,1.0,-3.0,-43.0
1776885669.6811028,4.0,-2.0,-40.0
1776885669.6911027,1.0,0.0,-39.0
1776885669.7011027,0.0,-1.0,-40.0
1776885669.7111027,2.0,0.0,-44.0
1776885669.7211027,2.0,4.0,-44.0
1776885669.7311027,5.0,0.0,-40.0
1776885669.7411027,3.0,0.0,-48.0
1776885669.7511027,1.0,0.0,-48.0
1776885669.761103,2.0,-4.0,-47.0
1776885669.771103,4.0,-3.0,-44.0
1776885669.781103,5.0,0.0,-36.0
1776885669.7911026,4.0,-2.0,-38.0
1776885669.8011026,2.0,-2.0,-39.0
1776885669.8111026,1.0,-3.0,-40.0
1776885669.8211029,4.0,-2.0,-36.0
1776885669.8311028,4.0,-2.0,-29.0
1776885669.8411028,6.0,-4.0,-29.0
1776885669.8511028,4.0,-2.0,-32.0
1776885669.8611028,0.0,-5.0,-32.0
1776885669.8711028,0.0,-4.0,-34.0
1776885669.8811028,0.0,-3.0,-41.0
1776885669.8911028,1.0,-5.0,-44.0
1776885669.9011028,-1.0,-4.0,-45.0
1776885669.9111028,0.0,-5.0,-50.0
1776885669.9211028,1.0,-2.0,-54.0
1776885669.9311028,3.0,-1.0,-48.0
1776885669.9411027,0.0,0.0,-51.0
1776885669.9511027,0.0,-1.0,-48.0
1776885669.9611027,-3.0,-5.0,-45.0
1776885669.9711027,-3.0,-4.0,-42.0
1776885669.9811027,-7.0,-3.0,-39.0
1776885669.9911027,-8.0,-3.0,-33.0
1776885670.0011027,-4.0,4.0,-34.0
1776885670.011103,0.0,7.0,-41.0
1776885670.021103,1.0,4.0,-37.0
1776885670.031103,2.0,2.0,-38.0
1776885670.0411026,5.0,1.0,-37.0
1776885670.0511026,5.0,1.0,-32.0
1776885670.0611026,7.0,0.0,-35.0
1776885670.0711029,5.0,-5.0,-45.0
1776885670.0811028,12.0,-9.0,-47.0
1776885670.0911028,8.0,-13.0,-55.0
1776885670.1011028,2.0,-14.0,-54.0
1776885670.1111028,0.0,-13.0,-50.0
1776885670.1211028,0.0,-10.0,-44.0
1776885670.1311028,0.0,-10.0,-40.0
1776885670.1411028,-2.0,-7.0,-39.0
1776885670.1511028,-2.0,-8.0,-34.0
1776885670.1611028,-3.0,-4.0,-41.0
1776885670.1711028,-1.0,-6.0,-35.0
1776885670.1811028,0.0,-4.0,-35.0
1776885670.1911027,0.0,-1.0,-41.0
1776885670.2011027,0.0,0.0,-40.0
1776885670.2111027,-1.0,1.0,-36.0
1776885670.2211027,-5.0,4.0,-38.0
1776885670.2311027,-4.0,1.0,-43.0
1776885670.2411027,0.0,1.0,-41.0
1776885670.2511027,3.0,-2.0,-37.0
1776885670.261103,5.0,-1.0,-32.0
1776885670.271103,4.0,0.0,-37.0
1776885670.281103,7.0,0.0,-35.0
1776885670.2911026,8.0,-2.0,-28.0
1776885670.3011026,7.0,1.0,-25.0
1776885670.3111026,9.0,-1.0,-28.0
1776885670.3211029,10.0,-3.0,-31.0
1776885670.3311028,4.0,-2.0,-32.0
1776885670.3411028,1.0,0.0,-34.0
1776885670.3511028,-1.0,-3.0,-36.0
1776885670.3611028,-5.0,-2.0,-41.0
1776885670.3711028,-7.0,-3.0,-44.0
1776885670.3811028,-6.0,-5.0,-35.0
1776885670.3911028,0.0,-4.0,-37.0
1776885670.4011028,-3.0,-1.0,-36.0
1776885670.4111028,-4.0,0.0,-38.0
1776885670.4211028,0.0,-1.0,-33.0
1776885670.4311028,3.0,0.0,-28.0
1776885670.4411027,7.0,0.0,-33.0
1776885670.4511027,7.0,-7.0,-36.0
1776885670.4611027,10.0,-8.0,-43.0
1776885670.4711027,10.0,-8.0,-43.0
1776885670.4811027,11.0,-3.0,-42.0
1776885670.4911027,7.0,0.0,-38.0
1776885670.5011027,7.0,-3.0,-43.0
1776885670.511103,4.0,-1.0,-45.0
1776885670.521103,3.0,0.0,-42.0
1776885670.531103,1.0,1.0,-38.0
1776885670.5411026,4.0,2.0,-37.0
1776885670.5511026,1.0,3.0,-39.0
1776885670.5611026,4.0,7.0,-40.0
1776885670.5711029,6.0,7.0,-40.0
1776885670.5811028,7.0,4.0,-44.0
1776885670.5911028,4.0,3.0,-46.0
1776885670.6011028,4.0,0.0,-47.0
1776885670.6111028,1.0,0.0,-47.0
1776885670.6211028,2.0,-1.0,-51.0
1776885670.6311028,0.0,0.0,-49.0
1776885670.6411028,4.0,0.0,-44.0
1776885670.6511028,3.0,-1.0,-36.0
1776885670.6611028,2.0,-3.0,-36.0
1776885670.6711028,-1.0,-7.0,-40.0
1776885670.6811028,2.0,-8.0,-39.0
1776885670.6911027,0.0,-12.0,-43.0
1776885670.7011027,-1.0,-11.0,-46.0
1776885670.7111027,-3.0,-10.0,-43.0
1776885670.7211027,1.0,-10.0,-42.0
1776885670.7311027,2.0,-7.0,-35.0
1776885670.7411027,3.0,-6.0,-35.0
1776885670.7511027,6.0,-4.0,-43.0
1776885670.761103,4.0,0.0,-48.0
1776885670.771103,0.0,-1.0,-53.0
1776885670.781103,5.0,-4.0,-40.0
1776885670.7911026,6.0,-5.0,-35.0
1776885670.8011026,1.0,-7.0,-42.0
1776885670.8111026,0.0,-6.0,-44.0
1776885670.8211029,1.0,-6.0,-45.0
1776885670.8311028,2.0,-3.0,-42.0
1776885670.8411028,5.0,-3.0,-41.0
1776885670.8511028,0.0,-3.0,-40.0
1776885670.8611028,2.0,-6.0,-43.0
1776885670.8711028,0.0,-10.0,-45.0
1776885670.8811028,-2.0,-7.0,-51.0
1776885670.8911028,-6.0,-5.0,-52.0
1776885670.9021027,-7.0,-4.0,-55.0
1776885670.9121027,-2.0,-2.0,-47.0
1776885670.9221027,0.0,0.0,-41.0
1776885670.932103,2.0,-2.0,-38.0
1776885670.942103,4.0,0.0,-38.0
1776885670.952103,5.0,5.0,-37.0
1776885670.962103,6.0,4.0,-30.0
1776885670.9721026,5.0,4.0,-34.0
1776885670.9821026,2.0,3.0,-43.0
1776885670.9921026,0.0,1.0,-38.0
1776885671.0021029,1.0,1.0,-37.0
1776885671.0121028,0.0,3.0,-33.0
1776885671.0221028,0.0,2.0,-36.0
1776885671.0321028,2.0,0.0,-37.0
1776885671.0421028,2.0,0.0,-40.0
1776885671.0521028,2.0,3.0,-39.0
1776885671.0621028,1.0,2.0,-39.0
1776885671.0721028,4.0,0.0,-36.0
1776885671.0821028,2.0,-1.0,-35.0
1776885671.0921028,0.0,-4.0,-39.0
1776885671.1021028,3.0,-6.0,-39.0
1776885671.1121027,4.0,-6.0,-39.0
1776885671.1221027,4.0,-4.0,-38.0
1776885671.1321027,4.0,0.0,-38.0
1776885671.1421027,6.0,2.0,-48.0
1776885671.1521027,6.0,6.0,-54.0
1776885671.1621027,1.0,2.0,-49.0
1776885671.1721027,1.0,0.0,-43.0
1776885671.182103,4.0,-3.0,-44.0
1776885671.192103,8.0,-1.0,-51.0
1776885671.202103,-1.0,-1.0,-53.0
1776885671.212103,3.0,2.0,-58.0
1776885671.2221026,3.0,0.0,-48.0
1776885671.2321026,3.0,0.0,-45.0
1776885671.2421026,5.0,0.0,-45.0
1776885671.2521029,5.0,-3.0,-48.0
1776885671.2621028,2.0,-1.0,-47.0
1776885671.2721028,3.0,-6.0,-43.0
1776885671.2821028,4.0,-6.0,-38.0
1776885671.2921028,9.0,-4.0,-42.0
1776885671.3021028,5.0,-7.0,-35.0
1776885671.3121028,3.0,-4.0,-34.0
1776885671.3221028,0.0,-3.0,-32.0
1776885671.3321028,0.0,-6.0,-35.0
1776885671.3421028,2.0,-10.0,-31.0
1776885671.3521028,3.0,-11.0,-28.0
1776885671.3621027,3.0,-6.0,-30.0
1776885671.3721027,3.0,0.0,-36.0
1776885671.3821027,1.0,-1.0,-37.0
1776885671.3921027,1.0,-2.0,-45.0
1776885671.4021027,1.0,-2.0,-46.0
1776885671.4121027,1.0,0.0,-44.0
1776885671.4221027,0.0,2.0,-43.0
1776885671.432103,5.0,6.0,-38.0
1776885671.442103,7.0,4.0,-43.0
1776885671.452103,7.0,-1.0,-39.0
1776885671.462103,5.0,-1.0,-35.0
1776885671.4721026,2.0,1.0,-31.0
1776885671.4821026,4.0,0.0,-25.0
1776885671.4921026,-1.0,4.0,-29.0
1776885671.5021029,1.0,5.0,-37.0
1776885671.5121028,3.0,4.0,-28.0
1776885671.5221028,3.0,1.0,-31.0
1776885671.5321028,4.0,-1.0,-44.0
1776885671.5421028,6.0,-4.0,-43.0
1776885671.5521028,8.0,-2.0,-49.0
1776885671.5621028,9.0,-1.0,-47.0
1776885671.5721028,9.0,0.0,-49.0
1776885671.5821028,7.0,0.0,-47.0
1776885671.5921028,3.0,3.0,-51.0
1776885671.6021028,1.0,5.0,-45.0
1776885671.6121027,3.0,3.0,-44.0
1776885671.6221027,2.0,0.0,-46.0
1776885671.6321027,1.0,2.0,-40.0
1776885671.6421027,2.0,2.0,-34.0
1776885671.6521027,1.0,-4.0,-34.0
1776885671.6621027,2.0,-3.0,-35.0
1776885671.6721027,1.0,-2.0,-38.0
1776885671.682103,3.0,-2.0,-44.0
1776885671.692103,2.0,-2.0,-44.0
1776885671.702103,-1.0,-3.0,-42.0
1776885671.712103,-4.0,1.0,-41.0
1776885671.7221026,-2.0,3.0,-44.0
1776885671.7321026,1.0,-5.0,-53.0
1776885671.7421026,2.0,-5.0,-52.0
1776885671.7521029,0.0,-5.0,-47.0
1776885671.7621028,0.0,-6.0,-42.0
1776885671.7721028,-4.0,-11.0,-40.0
1776885671.7821028,-2.0,-9.0,-34.0
1776885671.7921028,-4.0,-5.0,-35.0
1776885671.8021028,-4.0,-3.0,-40.0
1776885671.8121028,-4.0,-2.0,-39.0
1776885671.8221028,-9.0,-1.0,-36.0
1776885671.8321028,-5.0,1.0,-34.0
1776885671.8421028,0.0,3.0,-35.0
1776885671.8521028,3.0,1.0,-33.0
1776885671.8621027,3.0,0.0,-37.0
1776885671.8721027,5.0,-2.0,-40.0
1776885671.8821027,4.0,-4.0,-40.0
1776885671.8921027,0.0,0.0,-35.0
1776885671.9021027,2.0,1.0,-39.0
1776885671.9121027,5.0,0.0,-38.0
1776885671.9221027,5.0,-1.0,-39.0
1776885671.932103,-1.0,-6.0,-38.0
1776885671.942103,-1.0,-3.0,-45.0
1776885671.952103,-1.0,-6.0,-42.0
1776885671.962103,0.0,-6.0,-40.0
1776885671.9721026,0.0,-4.0,-42.0
1776885671.9821026,-2.0,-6.0,-41.0
1776885671.9921026,0.0,-6.0,-38.0
1776885672.0021029,-1.0,-6.0,-38.0
1776885672.0121028,1.0,-8.0,-32.0
1776885672.0221028,0.0,-6.0,-31.0
1776885672.0321028,0.0,-7.0,-38.0
1776885672.0421028,0.0,-6.0,-40.0
1776885672.0521028,-7.0,-4.0,-45.0
1776885672.0621028,-6.0,-4.0,-37.0
1776885672.0721028,-1.0,-4.0,-35.0
1776885672.0821028,-1.0,-7.0,-34.0
1776885672.0921028,-1.0,-6.0,-36.0
1776885672.1021028,-3.0,-6.0,-42.0
1776885672.1121027,-4.0,-3.0,-43.0
1776885672.1221027,-2.0,2.0,-47.0
1776885672.1321027,0.0,7.0,-42.0
1776885672.1421027,1.0,11.0,-45.0
1776885672.1521027,0.0,7.0,-42.0
1776885672.1621027,-3.0,4.0,-44.0
1776885672.1721027,-2.0,0.0,-49.0
1776885672.182103,-1.0,0.0,-46.0
1776885672.192103,-4.0,-3.0,-42.0
1776885672.202103,0.0,-6.0,-42.0
1776885672.212103,-5.0,-7.0,-39.0
1776885672.2221026,0.0,-6.0,-46.0
1776885672.2321026,3.0,-7.0,-47.0
1776885672.2421026,7.0,-6.0,-50.0
1776885672.2521029,6.0,-3.0,-41.0
1776885672.2621028,5.0,-6.0,-46.0
1776885672.2721028,2.0,-7.0,-46.0
1776885672.2821028,0.0,-5.0,-51.0
1776885672.2921028,0.0,-7.0,-51.0
1776885672.3021028,0.0,-6.0,-43.0
1776885672.3121028,3.0,-5.0,-44.0
1776885672.3221028,0.0,-7.0,-41.0
1776885672.3321028,-6.0,-8.0,-41.0
1776885672.3421028,-5.0,-6.0,-46.0
1776885672.3521028,-6.0,-6.0,-47.0
1776885672.3621027,-6.0,-6.0,-48.0
1776885672.3721027,-2.0,-6.0,-50.0
1776885672.3821027,-3.0,-7.0,-52.0
1776885672.3921027,0.0,-4.0,-55.0
1776885672.4021027,-2.0,-4.0,-53.0
1776885672.4121027,-6.0,-7.0,-46.0
1776885672.4221027,-3.0,-9.0,-47.0
1776885672.432103,-2.0,-5.0,-43.0
1776885672.442103,-1.0,-5.0,-44.0
1776885672.452103,-1.0,-7.0,-40.0
1776885672.462103,-1.0,-5.0,-37.0
1776885672.4721026,-4.0,0.0,-37.0
1776885672.4821026,0.0,-2.0,-37.0
1776885672.4921026,0.0,-1.0,-36.0
1776885672.5021029,0.0,-2.0,-37.0
1776885672.5121028,-1.0,-3.0,-38.0
1776885672.5221028,-2.0,0.0,-39.0
1776885672.5321028,-4.0,8.0,-43.0
1776885672.5421028,-3.0,5.0,-41.0
1776885672.5521028,-2.0,4.0,-34.0
1776885672.5621028,-1.0,2.0,-35.0
1776885672.5721028,-3.0,0.0,-34.0
1776885672.5821028,-7.0,-1.0,-37.0
1776885672.5921028,-9.0,3.0,-41.0
1776885672.6021028,-7.0,3.0,-38.0
1776885672.6121027,-4.0,-1.0,-39.0
1776885672.6221027,-6.0,-3.0,-37.0
1776885672.6321027,-2.0,-1.0,-38.0
1776885672.6421027,-4.0,1.0,-40.0
1776885672.6521027,-2.0,-3.0,-39.0
1776885672.6621027,1.0,-4.0,-46.0
1776885672.6721027,3.0,-5.0,-38.0
1776885672.682103,0.0,-1.0,-39.0
1776885672.692103,-3.0,1.0,-40.0
1776885672.702103,-3.0,0.0,-40.0
1776885672.712103,-5.0,0.0,-41.0
1776885672.7221026,-2.0,-1.0,-39.0
1776885672.7321026,1.0,-2.0,-39.0
1776885672.7421026,2.0,-3.0,-37.0
1776885672.7521029,3.0,0.0,-38.0
1776885672.7621028,3.0,-2.0,-38.0
1776885672.7721028,3.0,-1.0,-39.0
1776885672.7821028,5.0,-2.0,-42.0
1776885672.7921028,1.0,-2.0,-38.0
1776885672.8021028,2.0,-2.0,-38.0
1776885672.8121028,2.0,-5.0,-33.0
1776885672.8221028,-3.0,-6.0,-35.0
1776885672.8321028,-3.0,-3.0,-28.0
1776885672.8421028,-6.0,-4.0,-33.0
1776885672.8521028,-5.0,-6.0,-31.0
1776885672.8621027,-3.0,-8.0,-35.0
1776885672.8721027,-5.0,-6.0,-34.0
1776885672.8821027,0.0,-12.0,-39.0
1776885672.8931026,-2.0,-8.0,-45.0
1776885672.9031026,-2.0,-4.0,-40.0
1776885672.9131026,0.0,-4.0,-43.0
1776885672.9231029,1.0,-4.0,-43.0
1776885672.9331028,-1.0,-3.0,-46.0
1776885672.9431028,-3.0,-6.0,-47.0
1776885672.9531028,0.0,-7.0,-45.0
1776885672.9631028,5.0,-2.0,-46.0
1776885672.9731028,4.0,-1.0,-33.0
1776885672.9831028,0.0,-2.0,-31.0
1776885672.9931028,0.0,0.0,-37.0
1776885673.0031028,0.0,-2.0,-41.0
1776885673.0131028,2.0,-3.0,-38.0
1776885673.0231028,3.0,-3.0,-38.0
1776885673.0331028,-4.0,-2.0,-34.0
1776885673.0431027,-3.0,-2.0,-37.0
1776885673.0531027,1.0,-1.0,-33.0
1776885673.0631027,1.0,-2.0,-38.0
1776885673.0731027,3.0,0.0,-43.0
1776885673.0831027,2.0,0.0,-37.0
1776885673.0931027,2.0,3.0,-39.0
1776885673.1031027,-1.0,-1.0,-45.0
1776885673.113103,1.0,-2.0,-47.0
1776885673.123103,0.0,-2.0,-42.0
1776885673.133103,0.0,-3.0,-41.0
1776885673.1431026,-2.0,-7.0,-39.0
1776885673.1531026,-1.0,-4.0,-34.0
1776885673.1631026,0.0,-4.0,-33.0
1776885673.1731029,0.0,-5.0,-38.0
1776885673.1831028,-2.0,-5.0,-44.0
1776885673.1931028,-2.0,-8.0,-44.0
1776885673.2031028,1.0,-6.0,-44.0
1776885673.2131028,4.0,-4.0,-47.0
1776885673.2231028,3.0,-2.0,-43.0
1776885673.2331028,5.0,-1.0,-40.0
1776885673.2431028,3.0,0.0,-44.0
1776885673.2531028,3.0,0.0,-45.0
1776885673.2631028,1.0,0.0,-45.0
1776885673.2731028,1.0,-3.0,-44.0
1776885673.2831028,2.0,-5.0,-44.0
1776885673.2931027,2.0,-6.0,-42.0
1776885673.3031027,3.0,-4.0,-46.0
1776885673.3131027,3.0,-1.0,-45.0
1776885673.3231027,2.0,-1.0,-45.0
1776885673.3331027,3.0,-1.0,-40.0
1776885673.3431027,1.0,-3.0,-36.0
1776885673.3531027,2.0,-8.0,-36.0
1776885673.363103,2.0,-2.0,-44.0
1776885673.373103,1.0,0.0,-40.0
1776885673.383103,1.0,-7.0,-40.0
1776885673.3931026,8.0,-4.0,-40.0
1776885673.4031026,7.0,-3.0,-36.0
1776885673.4131026,10.0,-2.0,-40.0
1776885673.4231029,7.0,1.0,-47.0
1776885673.4331028,8.0,0.0,-50.0
1776885673.4431028,10.0,3.0,-43.0
1776885673.4531028,9.0,3.0,-39.0
1776885673.4631028,6.0,3.0,-38.0
1776885673.4731028,3.0,1.0,-40.0
1776885673.4831028,0.0,-2.0,-40.0
1776885673.4931028,1.0,0.0,-38.0
1776885673.5031028,3.0,0.0,-31.0
1776885673.5131028,-2.0,0.0,-28.0
1776885673.5231028,-3.0,-6.0,-36.0
1776885673.5331028,0.0,-6.0,-33.0
1776885673.5431027,2.0,-3.0,-37.0
1776885673.5531027,4.0,0.0,-40.0
1776885673.5631027,5.0,-5.0,-39.0
1776885673.5731027,2.0,-8.0,-43.0
1776885673.5831027,5.0,-6.0,-39.0
1776885673.5931027,11.0,-10.0,-35.0
1776885673.6031027,10.0,-10.0,-35.0
1776885673.613103,10.0,-9.0,-40.0
1776885673.623103,13.0,-4.0,-40.0
1776885673.633103,8.0,0.0,-43.0
1776885673.6431026,-2.0,0.0,-42.0
1776885673.6531026,-2.0,0.0,-40.0
1776885673.6631026,0.0,0.0,-37.0
1776885673.6731029,-3.0,0.0,-32.0
1776885673.6831028,-3.0,0.0,-32.0
1776885673.6931028,1.0,0.0,-37.0
1776885673.7031028,3.0,-2.0,-37.0
1776885673.7131028,1.0,-3.0,-35.0
1776885673.7231028,0.0,-1.0,-35.0
1776885673.7331028,-2.0,-3.0,-37.0
1776885673.7431028,-2.0,-3.0,-33.0
1776885673.7531028,-2.0,-4.0,-36.0
1776885673.7631028,-2.0,-6.0,-39.0
1776885673.7731028,-6.0,-5.0,-36.0
1776885673.7831028,-8.0,-5.0,-40.0
1776885673.7931027,-5.0,-4.0,-42.0
1776885673.8031027,-1.0,-2.0,-49.0
1776885673.8131027,0.0,-1.0,-41.0
1776885673.8231027,-3.0,-4.0,-37.0
1776885673.8331027,-1.0,-2.0,-36.0
1776885673.8431027,1.0,-2.0,-35.0
1776885673.8531027,3.0,-3.0,-43.0
1776885673.863103,-1.0,-5.0,-43.0
1776885673.873103,0.0,-4.0,-31.0
1776885673.883103,1.0,-6.0,-26.0
1776885673.8931026,0.0,-8.0,-32.0
1776885673.9031026,0.0,-7.0,-38.0
1776885673.9131026,-5.0,-1.0,-31.0
1776885673.9231029,-2.0,-3.0,-32.0
1776885673.9331028,1.0,-4.0,-35.0
1776885673.9431028,0.0,-6.0,-40.0
1776885673.9531028,0.0,-8.0,-38.0
1776885673.9631028,0.0,-4.0,-40.0
1776885673.9731028,2.0,-3.0,-34.0
1776885673.9831028,-1.0,-5.0,-38.0
1776885673.9931028,-4.0,-8.0,-35.0
1776885674.0031028,-4.0,-8.0,-27.0
1776885674.0131028,-3.0,-8.0,-29.0
1776885674.0231028,-3.0,-5.0,-23.0
1776885674.0331028,-6.0,-5.0,-35.0
1776885674.0431027,-5.0,-4.0,-41.0
1776885674.0531027,-1.0,-2.0,-39.0
1776885674.0631027,0.0,-5.0,-33.0
1776885674.0731027,-3.0,-7.0,-32.0
1776885674.0831027,0.0,2.0,-33.0
1776885674.0931027,0.0,1.0,-28.0
1776885674.1031027,-1.0,-2.0,-20.0
1776885674.113103,-3.0,-6.0,-20.0
1776885674.123103,1.0,-4.0,-21.0
1776885674.133103,2.0,-3.0,-33.0
1776885674.1431026,5.0,-3.0,-36.0
1776885674.1531026,7.0,-1.0,-41.0
1776885674.1631026,9.0,-1.0,-38.0
1776885674.1731029,7.0,-1.0,-40.0
1776885674.1831028,4.0,0.0,-39.0
1776885674.1931028,7.0,0.0,-40.0
1776885674.2031028,8.0,2.0,-45.0
1776885674.2131028,10.0,2.0,-46.0
1776885674.2231028,3.0,1.0,-48.0
1776885674.2331028,5.0,2.0,-45.0
1776885674.2431028,2.0,7.0,-46.0
1776885674.2531028,1.0,2.0,-41.0
1776885674.2631028,6.0,-1.0,-46.0
1776885674.2731028,5.0,-2.0,-43.0
1776885674.2831028,2.0,-2.0,-40.0
1776885674.2931027,2.0,-3.0,-47.0
1776885674.3031027,1.0,-5.0,-49.0
1776885674.3131027,0.0,-4.0,-44.0
1776885674.3231027,1.0,-7.0,-39.0
1776885674.3331027,4.0,-10.0,-42.0
1776885674.3431027,4.0,-10.0,-37.0
1776885674.3531027,-3.0,-7.0,-38.0
1776885674.363103,-3.0,-6.0,-38.0
1776885674.373103,-5.0,-6.0,-39.0
1776885674.383103,-3.0,-2.0,-42.0
1776885674.3931026,-6.0,2.0,-43.0
1776885674.4031026,-7.0,1.0,-38.0
1776885674.4131026,-8.0,-2.0,-36.0
1776885674.4231029,-6.0,-4.0,-37.0
1776885674.4331028,-5.0,-5.0,-37.0
1776885674.4431028,-1.0,-6.0,-37.0
1776885674.4531028,-5.0,-1.0,-42.0
1776885674.4631028,-2.0,1.0,-43.0
1776885674.4731028,-1.0,-1.0,-39.0
1776885674.4831028,0.0,-1.0,-42.0
1776885674.4931028,1.0,-1.0,-45.0
1776885674.5031028,3.0,-6.0,-45.0
1776885674.5131028,0.0,-5.0,-45.0
1776885674.5231028,-4.0,-6.0,-44.0
1776885674.5331028,0.0,-3.0,-43.0
1776885674.5431027,3.0,0.0,-45.0
1776885674.5531027,0.0,1.0,-41.0
1776885674.5631027,4.0,2.0,-39.0
1776885674.5731027,6.0,1.0,-34.0
1776885674.5831027,8.0,-1.0,-40.0
1776885674.5931027,5.0,1.0,-39.0
1776885674.6031027,2.0,2.0,-36.0
1776885674.6141028,8.0,2.0,-41.0
1776885674.623103,3.0,-1.0,-41.0
1776885674.633103,1.0,-4.0,-39.0
1776885674.6431026,-1.0,-4.0,-44.0
1776885674.6531026,0.0,-3.0,-30.0
1776885674.6631026,-6.0,-6.0,-31.0
1776885674.6731029,-5.0,-4.0,-38.0
1776885674.6831028,-2.0,-6.0,-41.0
1776885674.6931028,3.0,-6.0,-39.0
1776885674.7031028,0.0,-6.0,-33.0
1776885674.7131028,2.0,-1.0,-36.0
1776885674.7231028,3.0,-4.0,-41.0
1776885674.7331028,2.0,-4.0,-45.0
1776885674.7431028,0.0,-5.0,-47.0
1776885674.7531028,3.0,-4.0,-44.0
1776885674.7631028,2.0,-2.0,-45.0
1776885674.7731028,2.0,-1.0,-40.0
1776885674.7831028,4.0,2.0,-36.0
1776885674.7931027,8.0,6.0,-45.0
1776885674.8031027,8.0,8.0,-49.0
1776885674.8131027,6.0,10.0,-45.0
1776885674.8231027,7.0,7.0,-53.0
1776885674.8331027,5.0,6.0,-53.0
1776885674.8431027,3.0,6.0,-52.0
1776885674.8541028,1.0,7.0,-46.0
1776885674.8641028,-1.0,4.0,-47.0
1776885674.873103,-1.0,3.0,-45.0
1776885674.883103,-3.0,3.0,-40.0
1776885674.8941028,-4.0,6.0,-43.0
1776885674.9041028,0.0,3.0,-50.0
1776885674.9141028,1.0,0.0,-47.0
1776885674.9241028,0.0,4.0,-46.0
1776885674.9341028,4.0,3.0,-48.0
1776885674.9441028,2.0,1.0,-46.0
1776885674.9541028,-1.0,-2.0,-48.0
1776885674.9641027,0.0,-2.0,-48.0
1776885674.9741027,-2.0,-1.0,-44.0
1776885674.9841027,4.0,-7.0,-47.0
1776885674.9941027,4.0,-7.0,-42.0
1776885675.0041027,2.0,-8.0,-46.0
1776885675.0141027,3.0,-8.0,-48.0
1776885675.0241027,7.0,-5.0,-47.0
1776885675.034103,9.0,-4.0,-52.0
1776885675.044103,6.0,-2.0,-55.0
1776885675.054103,8.0,-1.0,-57.0
1776885675.0641026,11.0,0.0,-53.0
1776885675.0741026,4.0,-1.0,-51.0
1776885675.0841026,6.0,-2.0,-53.0
1776885675.0941026,5.0,-4.0,-43.0
1776885675.1041028,9.0,-3.0,-39.0
1776885675.1141028,8.0,-2.0,-40.0
1776885675.1241028,8.0,-4.0,-39.0
1776885675.1341028,5.0,-4.0,-40.0
1776885675.1441028,3.0,-5.0,-37.0
1776885675.1541028,4.0,-6.0,-34.0
1776885675.1641028,6.0,-7.0,-37.0
1776885675.1741028,10.0,-8.0,-33.0
1776885675.1841028,8.0,-7.0,-33.0
1776885675.1941028,7.0,-6.0,-37.0
1776885675.2041028,5.0,-6.0,-40.0
1776885675.2141027,6.0,-5.0,-40.0
1776885675.2241027,5.0,-4.0,-37.0
1776885675.2341027,3.0,-2.0,-37.0
1776885675.2441027,0.0,-3.0,-46.0
1776885675.2541027,2.0,-1.0,-46.0
1776885675.2641027,3.0,1.0,-45.0
1776885675.2741027,0.0,1.0,-47.0
1776885675.284103,-1.0,-3.0,-43.0
1776885675.294103,-5.0,-5.0,-39.0
1776885675.304103,-8.0,-5.0,-35.0
1776885675.3141026,-4.0,-2.0,-39.0
1776885675.3241026,-2.0,-1.0,-45.0
1776885675.3341026,0.0,-8.0,-44.0
1776885675.3441026,0.0,-6.0,-47.0
1776885675.3541028,1.0,-3.0,-44.0
1776885675.3641028,3.0,-2.0,-52.0
1776885675.3741028,5.0,-4.0,-53.0
1776885675.3841028,3.0,-4.0,-45.0
1776885675.3941028,4.0,-4.0,-36.0
1776885675.4041028,6.0,-2.0,-34.0
1776885675.4141028,4.0,-5.0,-30.0
1776885675.4241028,3.0,-3.0,-35.0
1776885675.4341028,2.0,0.0,-38.0
1776885675.4441028,0.0,-3.0,-37.0
1776885675.4541028,0.0,2.0,-38.0
1776885675.4641027,3.0,-1.0,-43.0
1776885675.4741027,3.0,2.0,-40.0
1776885675.4841027,-1.0,-1.0,-43.0
1776885675.4941027,-1.0,-4.0,-41.0
1776885675.5041027,-1.0,-3.0,-38.0
1776885675.5141027,0.0,0.0,-40.0
1776885675.5241027,0.0,-2.0,-43.0
1776885675.534103,4.0,0.0,-42.0
1776885675.544103,3.0,3.0,-44.0
1776885675.554103,8.0,3.0,-44.0
1776885675.5641026,6.0,1.0,-44.0
1776885675.5741026,8.0,1.0,-46.0
1776885675.5841026,4.0,0.0,-42.0
1776885675.5941026,0.0,0.0,-48.0
1776885675.6041028,-3.0,1.0,-53.0
1776885675.6141028,-4.0,-3.0,-52.0
1776885675.6241028,-4.0,-7.0,-48.0
1776885675.6341028,-2.0,-9.0,-49.0
1776885675.6441028,-5.0,-8.0,-49.0
1776885675.6541028,-7.0,-6.0,-46.0
1776885675.6641028,-4.0,-5.0,-44.0
1776885675.6741028,-5.0,-8.0,-41.0
1776885675.6841028,1.0,-13.0,-45.0
1776885675.6941028,0.0,-9.0,-41.0
1776885675.7041028,0.0,-8.0,-45.0
1776885675.7141027,2.0,-8.0,-51.0
1776885675.7241027,6.0,-10.0,-55.0
1776885675.7341027,1.0,-5.0,-50.0
1776885675.7441027,3.0,-3.0,-43.0
1776885675.7541027,-2.0,0.0,-40.0
1776885675.7641027,-5.0,-3.0,-40.0
1776885675.7741027,-8.0,-5.0,-38.0
1776885675.784103,-8.0,-4.0,-42.0
1776885675.794103,-4.0,-3.0,-45.0
1776885675.804103,1.0,-6.0,-45.0
1776885675.8141026,-1.0,-3.0,-50.0
1776885675.8241026,1.0,-2.0,-56.0
1776885675.8341026,5.0,-3.0,-54.0
1776885675.8441026,2.0,-7.0,-51.0
1776885675.8541028,1.0,-5.0,-53.0
1776885675.8641028,4.0,-4.0,-55.0
1776885675.8741028,5.0,-6.0,-49.0
1776885675.8841028,0.0,-3.0,-46.0
1776885675.8941028,1.0,0.0,-39.0
1776885675.9041028,0.0,1.0,-35.0
1776885675.9141028,1.0,3.0,-45.0
1776885675.9241028,0.0,2.0,-43.0
1776885675.9341028,-1.0,-3.0,-47.0
1776885675.9441028,-5.0,-3.0,-42.0
1776885675.9541028,-3.0,1.0,-48.0
1776885675.9641027,-4.0,5.0,-52.0
1776885675.9741027,-2.0,5.0,-52.0
1776885675.9841027,-3.0,0.0,-51.0
1776885675.9941027,-4.0,4.0,-48.0
1776885676.0041027,-4.0,4.0,-46.0
1776885676.0141027,0.0,2.0,-49.0
1776885676.0241027,5.0,-4.0,-48.0
1776885676.034103,6.0,-7.0,-48.0
1776885676.044103,4.0,-8.0,-48.0
1776885676.054103,6.0,-7.0,-48.0
1776885676.0641026,7.0,-5.0,-45.0
1776885676.0741026,8.0,-7.0,-44.0
1776885676.0841026,7.0,-7.0,-46.0
1776885676.0941026,2.0,-3.0,-48.0
1776885676.1041028,3.0,2.0,-49.0
1776885676.1141028,3.0,1.0,-47.0
1776885676.1241028,2.0,2.0,-48.0
1776885676.1341028,1.0,1.0,-47.0
1776885676.1441028,-1.0,0.0,-44.0
1776885676.1541028,-2.0,0.0,-51.0
1776885676.1641028,-4.0,-1.0,-50.0
1776885676.1741028,2.0,-1.0,-48.0
1776885676.1841028,0.0,-4.0,-46.0
1776885676.1941028,0.0,-2.0,-47.0
1776885676.2041028,6.0,-1.0,-48.0
1776885676.2141027,1.0,-1.0,-39.0
1776885676.2241027,-1.0,0.0,-41.0
1776885676.2341027,0.0,0.0,-42.0
1776885676.2441027,1.0,1.0,-47.0
1776885676.2541027,0.0,-1.0,-47.0
1776885676.2641027,0.0,-2.0,-45.0
1776885676.2741027,0.0,-4.0,-43.0
1776885676.284103,0.0,-1.0,-44.0
1776885676.294103,1.0,-1.0,-40.0
1776885676.304103,1.0,-3.0,-41.0
1776885676.3141026,-5.0,-5.0,-41.0
1776885676.3241026,-4.0,-7.0,-43.0
1776885676.3341026,3.0,-11.0,-48.0
1776885676.3441026,3.0,-10.0,-37.0
1776885676.3541028,4.0,-8.0,-35.0
1776885676.3641028,1.0,-6.0,-35.0
1776885676.3741028,1.0,-5.0,-38.0
1776885676.3841028,-2.0,-1.0,-38.0
1776885676.3941028,-6.0,2.0,-36.0
1776885676.4041028,-5.0,1.0,-35.0
1776885676.4141028,-3.0,3.0,-43.0
1776885676.4241028,-5.0,5.0,-45.0
1776885676.4341028,-5.0,6.0,-42.0
1776885676.4441028,-2.0,4.0,-50.0
1776885676.4541028,-1.0,3.0,-46.0
1776885676.4641027,-2.0,2.0,-42.0
1776885676.4741027,-5.0,1.0,-39.0
1776885676.4841027,-9.0,-1.0,-43.0
1776885676.4941027,-4.0,-2.0,-49.0
1776885676.5041027,0.0,-6.0,-45.0
1776885676.5141027,1.0,-9.0,-50.0
1776885676.5241027,0.0,-8.0,-42.0
1776885676.534103,0.0,-5.0,-41.0
1776885676.544103,1.0,0.0,-33.0
1776885676.554103,6.0,3.0,-29.0
1776885676.5641026,4.0,3.0,-32.0
1776885676.5741026,3.0,5.0,-38.0
1776885676.5851028,2.0,8.0,-40.0
1776885676.5941026,0.0,3.0,-43.0
1776885676.6041028,2.0,2.0,-47.0
1776885676.6141028,2.0,0.0,-47.0
1776885676.6241028,5.0,0.0,-45.0
1776885676.6341028,3.0,2.0,-48.0
1776885676.6441028,-1.0,-1.0,-46.0
1776885676.6541028,0.0,-1.0,-46.0
1776885676.6641028,1.0,0.0,-46.0
1776885676.6741028,0.0,0.0,-51.0
1776885676.6841028,0.0,0.0,-44.0
1776885676.6941028,-1.0,-5.0,-43.0
1776885676.7041028,-2.0,-8.0,-43.0
1776885676.7141027,0.0,-5.0,-45.0
1776885676.7241027,0.0,-8.0,-38.0
1776885676.7341027,-2.0,-8.0,-42.0
1776885676.7441027,0.0,-8.0,-38.0
1776885676.7541027,0.0,-5.0,-44.0
1776885676.7641027,1.0,0.0,-43.0
1776885676.7741027,4.0,-2.0,-43.0
1776885676.784103,4.0,0.0,-42.0
1776885676.794103,6.0,-2.0,-47.0
1776885676.804103,3.0,-4.0,-41.0
1776885676.8141026,6.0,0.0,-40.0
1776885676.8241026,0.0,-1.0,-38.0
1776885676.8341026,0.0,0.0,-44.0
1776885676.8441026,2.0,0.0,-42.0
1776885676.8541028,3.0,3.0,-40.0
1776885676.8641028,3.0,3.0,-37.0
1776885676.8741028,-1.0,5.0,-42.0
1776885676.8851027,-2.0,5.0,-40.0
1776885676.8951027,-1.0,1.0,-39.0
1776885676.9051027,0.0,-1.0,-48.0
1776885676.9151027,2.0,-1.0,-48.0
1776885676.9251027,0.0,-2.0,-48.0
1776885676.9351027,1.0,-2.0,-41.0
1776885676.9451027,7.0,-4.0,-41.0
1776885676.9551027,5.0,-3.0,-37.0
1776885676.965103,3.0,0.0,-36.0
1776885676.975103,-1.0,1.0,-36.0
1776885676.985103,0.0,3.0,-43.0
1776885676.9951026,-6.0,0.0,-36.0
1776885677.0051026,0.0,0.0,-38.0
1776885677.0151026,0.0,2.0,-41.0
1776885677.0251029,3.0,3.0,-47.0
1776885677.0351028,7.0,0.0,-42.0
1776885677.0451028,11.0,-2.0,-43.0
1776885677.0551028,9.0,-7.0,-45.0
1776885677.0651028,5.0,-6.0,-37.0
1776885677.0751028,0.0,-6.0,-35.0
1776885677.0851028,2.0,-1.0,-36.0
1776885677.0951028,3.0,-1.0,-34.0
1776885677.1051028,2.0,0.0,-33.0
1776885677.1151028,2.0,-1.0,-39.0
1776885677.1251028,5.0,-4.0,-42.0
1776885677.1351027,7.0,-3.0,-50.0
1776885677.1451027,6.0,-2.0,-55.0
1776885677.1551027,4.0,-3.0,-52.0
1776885677.1651027,9.0,-4.0,-45.0
1776885677.1751027,7.0,-4.0,-42.0
1776885677.1851027,4.0,-3.0,-44.0
1776885677.1951027,3.0,-5.0,-39.0
1776885677.2051027,1.0,-9.0,-41.0
1776885677.215103,0.0,-8.0,-46.0
1776885677.225103,0.0,-4.0,-44.0
1776885677.235103,0.0,-2.0,-41.0
1776885677.2451026,2.0,-7.0,-38.0
1776885677.2551026,1.0,-3.0,-40.0
1776885677.2651026,2.0,-5.0,-44.0
1776885677.2751029,3.0,-2.0,-44.0
1776885677.2851028,5.0,0.0,-44.0
1776885677.2951028,6.0,0.0,-52.0
1776885677.3051028,4.0,-2.0,-51.0
1776885677.3151028,4.0,-1.0,-54.0
1776885677.3251028,6.0,-1.0,-60.0
1776885677.3351028,4.0,-6.0,-59.0
1776885677.3451028,1.0,-9.0,-56.0
1776885677.3551028,4.0,-6.0,-58.0
1776885677.3651028,7.0,-7.0,-50.0
1776885677.3751028,8.0,0.0,-45.0
1776885677.3851027,6.0,-4.0,-46.0
1776885677.3951027,2.0,-6.0,-44.0
1776885677.4051027,-1.0,-4.0,-41.0
1776885677.4151027,-2.0,-3.0,-38.0
1776885677.4251027,-1.0,0.0,-41.0
1776885677.4351027,3.0,2.0,-44.0
1776885677.4451027,0.0,4.0,-43.0
1776885677.4551027,0.0,4.0,-36.0
1776885677.465103,-2.0,1.0,-40.0
1776885677.475103,0.0,-1.0,-46.0
1776885677.485103,-4.0,-4.0,-38.0
1776885677.4951026,-2.0,-2.0,-38.0
1776885677.5051026,0.0,-2.0,-44.0
1776885677.5151026,1.0,-1.0,-48.0
1776885677.5251029,2.0,2.0,-53.0
1776885677.5351028,4.0,1.0,-54.0
1776885677.5451028,4.0,7.0,-50.0
1776885677.5551028,0.0,4.0,-43.0
1776885677.5651028,-1.0,0.0,-46.0
1776885677.5751028,-2.0,-3.0,-40.0
1776885677.5851028,-2.0,-1.0,-41.0
1776885677.5951028,-2.0,0.0,-42.0
1776885677.6051028,0.0,-1.0,-38.0
1776885677.6151028,0.0,2.0,-38.0
1776885677.6251028,2.0,4.0,-38.0
1776885677.6351027,1.0,0.0,-44.0
1776885677.6451027,0.0,-1.0,-48.0
1776885677.6551027,3.0,-2.0,-52.0
1776885677.6651027,7.0,-6.0,-46.0
1776885677.6751027,9.0,-8.0,-44.0
1776885677.6851027,5.0,-6.0,-38.0
1776885677.6951027,6.0,-6.0,-37.0
1776885677.7051027,5.0,-3.0,-41.0
1776885677.715103,5.0,-6.0,-42.0
1776885677.725103,7.0,-6.0,-43.0
1776885677.735103,7.0,-5.0,-45.0
1776885677.7451026,6.0,-2.0,-43.0
1776885677.7551026,6.0,-2.0,-50.0
1776885677.7651026,4.0,2.0,-47.0
1776885677.7751029,4.0,3.0,-52.0
1776885677.7851028,1.0,1.0,-56.0
1776885677.7951028,6.0,0.0,-58.0
1776885677.8051028,4.0,1.0,-58.0
1776885677.8151028,1.0,1.0,-54.0
1776885677.8251028,3.0,0.0,-54.0
1776885677.8351028,6.0,0.0,-50.0
1776885677.8451028,3.0,-1.0,-55.0
1776885677.8551028,2.0,3.0,-51.0
1776885677.8651028,-1.0,2.0,-46.0
1776885677.8751028,-1.0,0.0,-48.0
1776885677.8851027,-2.0,0.0,-49.0
1776885677.8951027,-6.0,0.0,-53.0
1776885677.9051027,-5.0,-3.0,-54.0
1776885677.9151027,-8.0,-2.0,-58.0
1776885677.9251027,-6.0,0.0,-49.0
1776885677.9351027,-2.0,-1.0,-51.0
1776885677.9451027,0.0,-2.0,-49.0
1776885677.9551027,-2.0,0.0,-50.0
1776885677.965103,-1.0,3.0,-49.0
1776885677.975103,-2.0,1.0,-43.0
1776885677.985103,-5.0,2.0,-44.0
1776885677.9951026,-5.0,2.0,-38.0
1776885678.0051026,-6.0,1.0,-38.0
1776885678.0151026,-2.0,-1.0,-37.0
1776885678.0251029,0.0,-2.0,-40.0
1776885678.0351028,-1.0,-5.0,-40.0
1776885678.0451028,-7.0,-3.0,-38.0
1776885678.0551028,-9.0,-5.0,-35.0
1776885678.0651028,-9.0,0.0,-36.0
1776885678.0751028,-7.0,-2.0,-35.0
1776885678.0851028,-8.0,0.0,-34.0
1776885678.0951028,-3.0,0.0,-39.0
1776885678.1051028,-4.0,-2.0,-36.0
1776885678.1151028,-4.0,-2.0,-41.0
1776885678.1251028,-3.0,0.0,-42.0
1776885678.1351027,-3.0,0.0,-44.0
1776885678.1451027,-8.0,0.0,-40.0
1776885678.1551027,-5.0,-1.0,-39.0
1776885678.1651027,-5.0,0.0,-41.0
1776885678.1751027,-2.0,4.0,-44.0
1776885678.1851027,-4.0,2.0,-46.0
1776885678.1951027,-1.0,0.0,-46.0
1776885678.2051027,0.0,1.0,-44.0
1776885678.215103,-4.0,0.0,-49.0
1776885678.225103,-9.0,-3.0,-39.0
1776885678.235103,-1.0,-2.0,-36.0
1776885678.2451026,-3.0,0.0,-39.0
1776885678.2551026,0.0,2.0,-43.0
1776885678.2651026,0.0,0.0,-46.0
1776885678.2751029,0.0,1.0,-55.0
1776885678.2851028,0.0,-1.0,-56.0
1776885678.2951028,3.0,2.0,-45.0
1776885678.3051028,5.0,-1.0,-46.0
1776885678.3151028,10.0,0.0,-47.0
1776885678.3251028,7.0,0.0,-50.0
1776885678.3351028,0.0,2.0,-48.0
1776885678.3451028,3.0,2.0,-47.0
1776885678.3551028,2.0,0.0,-38.0
1776885678.3651028,0.0,-3.0,-41.0
1776885678.3751028,6.0,-4.0,-40.0
1776885678.3851027,1.0,-6.0,-43.0
1776885678.3951027,4.0,-4.0,-40.0
1776885678.4051027,1.0,-3.0,-39.0
1776885678.4151027,3.0,-3.0,-46.0
1776885678.4251027,0.0,-3.0,-49.0
1776885678.4351027,0.0,-3.0,-43.0
1776885678.4451027,1.0,-1.0,-38.0
1776885678.4551027,-1.0,1.0,-40.0
1776885678.465103,3.0,1.0,-39.0
1776885678.475103,2.0,-1.0,-31.0
1776885678.485103,5.0,-3.0,-29.0
1776885678.4951026,0.0,-5.0,-32.0
1776885678.5051026,1.0,-5.0,-30.0
1776885678.5151026,4.0,-6.0,-28.0
1776885678.5251029,4.0,-4.0,-32.0
1776885678.5351028,0.0,-2.0,-33.0
1776885678.5451028,-2.0,-1.0,-40.0
1776885678.5551028,-3.0,-4.0,-42.0
1776885678.5651028,-4.0,-7.0,-45.0
1776885678.5751028,-3.0,-5.0,-46.0
1776885678.5851028,-3.0,-1.0,-39.0
1776885678.5951028,-1.0,0.0,-43.0
1776885678.6051028,1.0,-2.0,-42.0
1776885678.6151028,-2.0,0.0,-43.0
1776885678.6251028,0.0,-1.0,-44.0
1776885678.6351027,0.0,0.0,-46.0
1776885678.6451027,3.0,1.0,-43.0
1776885678.6551027,0.0,-1.0,-37.0
1776885678.6651027,0.0,1.0,-42.0
1776885678.6751027,1.0,2.0,-46.0
1776885678.6851027,0.0,2.0,-46.0
1776885678.6951027,0.0,0.0,-44.0
1776885678.7051027,0.0,-2.0,-47.0
1776885678.715103,0.0,-5.0,-44.0
1776885678.725103,-2.0,-3.0,-45.0
1776885678.735103,-4.0,-4.0,-47.0
1776885678.7451026,-1.0,-5.0,-43.0
1776885678.7551026,0.0,-1.0,-40.0
1776885678.7651026,2.0,-2.0,-33.0
1776885678.7751029,3.0,-2.0,-38.0
1776885678.7851028,4.0,-2.0,-47.0
1776885678.7951028,5.0,-2.0,-43.0
1776885678.8051028,0.0,-1.0,-47.0
1776885678.8151028,0.0,-1.0,-49.0
1776885678.8261027,-1.0,-3.0,-48.0
1776885678.8351028,-3.0,-4.0,-50.0
1776885678.8451028,-9.0,0.0,-46.0
1776885678.8561027,-9.0,1.0,-39.0
1776885678.8661027,-6.0,5.0,-40.0
1776885678.8761027,1.0,1.0,-40.0
1776885678.886103,1.0,-1.0,-38.0
1776885678.896103,0.0,1.0,-41.0
1776885678.906103,-3.0,-2.0,-47.0
1776885678.9161026,-3.0,-4.0,-52.0
1776885678.9261026,-3.0,-7.0,-45.0
1776885678.9361026,-2.0,-8.0,-42.0
1776885678.9461029,0.0,-5.0,-42.0
1776885678.9561028,0.0,-5.0,-43.0
1776885678.9661028,-2.0,-6.0,-44.0
1776885678.9761028,-3.0,-4.0,-45.0
1776885678.9861028,-6.0,-4.0,-43.0
1776885678.9961028,-6.0,-1.0,-45.0
1776885679.0061028,0.0,1.0,-40.0
1776885679.0161028,0.0,0.0,-39.0
1776885679.0261028,3.0,-2.0,-41.0
1776885679.0361028,5.0,-3.0,-40.0
1776885679.0461028,1.0,-5.0,-38.0
1776885679.0561028,0.0,-3.0,-34.0
1776885679.0661027,-1.0,0.0,-41.0
1776885679.0761027,-1.0,-1.0,-42.0
1776885679.0861027,3.0,-3.0,-40.0
1776885679.0961027,1.0,0.0,-46.0
1776885679.1061027,2.0,0.0,-47.0
1776885679.1161027,1.0,0.0,-48.0
1776885679.1261027,1.0,-1.0,-46.0
1776885679.136103,2.0,-1.0,-48.0
1776885679.146103,1.0,-3.0,-51.0
1776885679.156103,-3.0,-3.0,-51.0
1776885679.1661026,0.0,3.0,-46.0
1776885679.1761026,-3.0,2.0,-40.0
1776885679.1861026,-1.0,1.0,-48.0
1776885679.1961029,-3.0,1.0,-53.0
1776885679.2061028,0.0,0.0,-57.0
1776885679.2161028,2.0,1.0,-59.0
1776885679.2261028,2.0,1.0,-49.0
1776885679.2361028,5.0,3.0,-49.0
1776885679.2461028,2.0,2.0,-45.0
1776885679.2561028,-1.0,1.0,-37.0
1776885679.2661028,-5.0,-1.0,-41.0
1776885679.2761028,-2.0,-2.0,-40.0
1776885679.2861028,-1.0,-3.0,-42.0
1776885679.2961028,-2.0,-4.0,-46.0
1776885679.3061028,0.0,-2.0,-47.0
1776885679.3161027,0.0,-1.0,-46.0
1776885679.3261027,-2.0,0.0,-47.0
1776885679.3361027,-3.0,0.0,-47.0
1776885679.3461027,-4.0,0.0,-45.0
1776885679.3561027,-3.0,0.0,-46.0
1776885679.3661027,0.0,-1.0,-36.0
1776885679.3761027,1.0,-2.0,-35.0
1776885679.386103,1.0,-4.0,-39.0
1776885679.396103,0.0,0.0,-43.0
1776885679.406103,0.0,1.0,-46.0
1776885679.4161026,2.0,1.0,-45.0
1776885679.4261026,4.0,0.0,-47.0
1776885679.4361026,-2.0,-2.0,-43.0
1776885679.4461029,-4.0,-3.0,-44.0
1776885679.4561028,-2.0,-1.0,-39.0
1776885679.4661028,0.0,1.0,-38.0
1776885679.4761028,-2.0,1.0,-40.0
1776885679.4861028,0.0,0.0,-46.0
1776885679.4961028,2.0,2.0,-49.0
1776885679.5061028,7.0,1.0,-54.0
1776885679.5161028,9.0,0.0,-50.0
1776885679.5261028,7.0,-1.0,-42.0
1776885679.5361028,4.0,3.0,-38.0
1776885679.5461028,2.0,0.0,-31.0
1776885679.5561028,1.0,-4.0,-31.0
1776885679.5661027,1.0,-5.0,-30.0
1776885679.5761027,0.0,-1.0,-39.0
1776885679.5861027,-2.0,0.0,-42.0
1776885679.5961027,2.0,-4.0,-38.0
1776885679.6061027,1.0,-3.0,-41.0
1776885679.6161027,0.0,-2.0,-46.0
1776885679.6261027,-1.0,-2.0,-40.0
1776885679.636103,-7.0,-2.0,-35.0
1776885679.646103,-9.0,-5.0,-40.0
1776885679.656103,-6.0,-4.0,-37.0
1776885679.6661026,-2.0,-2.0,-37.0
1776885679.6761026,0.0,-4.0,-41.0
1776885679.6861026,-1.0,-3.0,-40.0
1776885679.6961029,1.0,-2.0,-37.0
1776885679.7061028,0.0,-5.0,-33.0
1776885679.7161028,0.0,-4.0,-39.0
1776885679.7261028,-3.0,-2.0,-39.0
1776885679.7361028,-1.0,0.0,-43.0
1776885679.7461028,-1.0,-5.0,-50.0
1776885679.7561028,1.0,-10.0,-45.0
1776885679.7661028,0.0,-7.0,-42.0
1776885679.7761028,4.0,-6.0,-39.0
1776885679.7861028,6.0,-6.0,-39.0
1776885679.7961028,5.0,-1.0,-37.0
1776885679.8061028,-1.0,-2.0,-37.0
1776885679.8161027,0.0,-6.0,-38.0
1776885679.8261027,-2.0,-7.0,-40.0
1776885679.8361027,0.0,-7.0,-38.0
1776885679.8461027,3.0,-4.0,-39.0
1776885679.8561027,0.0,-5.0,-37.0
1776885679.8661027,1.0,-6.0,-37.0
1776885679.8761027,0.0,-8.0,-37.0
1776885679.886103,1.0,-4.0,-40.0
1776885679.896103,1.0,-2.0,-39.0
1776885679.906103,-3.0,1.0,-37.0
1776885679.9161026,-3.0,2.0,-35.0
1776885679.9261026,-2.0,1.0,-31.0
1776885679.9361026,-6.0,0.0,-34.0
1776885679.9461029,-4.0,-1.0,-45.0
1776885679.9561028,-4.0,0.0,-43.0
1776885679.9661028,0.0,0.0,-35.0
1776885679.9761028,-1.0,0.0,-31.0
1776885679.9861028,0.0,-2.0,-34.0
1776885679.9961028,0.0,0.0,-32.0
1776885680.0061028,0.0,3.0,-33.0
1776885680.0161028,0.0,0.0,-38.0
1776885680.0261028,4.0,-5.0,-36.0
1776885680.0361028,0.0,-7.0,-38.0
1776885680.0461028,0.0,-3.0,-45.0
1776885680.0561028,0.0,-1.0,-43.0
1776885680.0661027,-2.0,0.0,-46.0
1776885680.0761027,-1.0,0.0,-47.0
1776885680.0861027,0.0,-2.0,-52.0
1776885680.0961027,2.0,-5.0,-55.0
1776885680.1061027,4.0,-8.0,-56.0
1776885680.1161027,9.0,-9.0,-52.0
1776885680.1261027,9.0,-8.0,-50.0
1776885680.136103,7.0,-5.0,-45.0
1776885680.146103,6.0,-3.0,-46.0
1776885680.156103,4.0,-3.0,-46.0
1776885680.1661026,6.0,-3.0,-40.0
1776885680.1761026,7.0,-5.0,-41.0
1776885680.1861026,4.0,-2.0,-43.0
1776885680.1961029,5.0,0.0,-43.0
1776885680.2061028,0.0,0.0,-40.0
1776885680.2161028,0.0,-1.0,-42.0
1776885680.2261028,0.0,0.0,-41.0
1776885680.2361028,5.0,0.0,-40.0
1776885680.2461028,7.0,0.0,-42.0
1776885680.2561028,8.0,1.0,-47.0
1776885680.2661028,7.0,0.0,-46.0
1776885680.2761028,7.0,0.0,-54.0
1776885680.2861028,2.0,-4.0,-59.0
1776885680.2961028,0.0,-5.0,-54.0
1776885680.3061028,0.0,-2.0,-49.0
1776885680.3161027,1.0,-2.0,-51.0
1776885680.3261027,4.0,-2.0,-51.0
1776885680.3361027,2.0,-2.0,-45.0
1776885680.3461027,0.0,-2.0,-45.0
1776885680.3561027,0.0,2.0,-44.0
1776885680.3661027,0.0,0.0,-43.0
1776885680.3761027,0.0,-4.0,-46.0
1776885680.386103,2.0,-8.0,-43.0
1776885680.396103,6.0,-7.0,-40.0
1776885680.406103,8.0,-6.0,-38.0
1776885680.4161026,5.0,-4.0,-42.0
1776885680.4261026,5.0,-3.0,-42.0
1776885680.4361026,3.0,-4.0,-39.0
1776885680.4461029,6.0,-1.0,-40.0
1776885680.4561028,0.0,0.0,-37.0
1776885680.4661028,-5.0,7.0,-43.0
1776885680.4761028,-2.0,9.0,-43.0
1776885680.4861028,1.0,9.0,-46.0
1776885680.4961028,0.0,4.0,-47.0
1776885680.5061028,-4.0,2.0,-45.0
1776885680.5161028,-4.0,5.0,-45.0
1776885680.5261028,0.0,2.0,-38.0
1776885680.5361028,0.0,1.0,-40.0
1776885680.5461028,4.0,4.0,-38.0
1776885680.5561028,6.0,2.0,-40.0
1776885680.5661027,1.0,-2.0,-38.0
1776885680.5761027,0.0,-1.0,-43.0
1776885680.5861027,0.0,0.0,-43.0
1776885680.5961027,-3.0,-4.0,-44.0
1776885680.6061027,-8.0,-6.0,-43.0
1776885680.6161027,-6.0,-6.0,-40.0
1776885680.6261027,-7.0,-3.0,-38.0
1776885680.636103,-9.0,-7.0,-35.0
1776885680.646103,-10.0,-8.0,-43.0
1776885680.656103,-9.0,-8.0,-32.0
1776885680.6661026,-5.0,-4.0,-34.0
1776885680.6761026,-1.0,0.0,-35.0
1776885680.6861026,3.0,0.0,-37.0
1776885680.6961029,4.0,4.0,-41.0
1776885680.7061028,4.0,0.0,-40.0
1776885680.7161028,0.0,1.0,-39.0
1776885680.7261028,-5.0,0.0,-42.0
1776885680.7361028,-4.0,0.0,-39.0
1776885680.7461028,-2.0,-4.0,-40.0
1776885680.7561028,-1.0,-8.0,-40.0
1776885680.7661028,2.0,-3.0,-37.0
1776885680.7761028,4.0,-3.0,-41.0
1776885680.7861028,3.0,0.0,-41.0
1776885680.7961028,1.0,-1.0,-37.0
1776885680.8061028,2.0,-3.0,-31.0
1776885680.8161027,-2.0,1.0,-29.0
1776885680.8261027,-1.0,0.0,-28.0
1776885680.837103,-5.0,-2.0,-28.0
1776885680.8471026,-6.0,-1.0,-34.0
1776885680.8571026,-8.0,-1.0,-43.0
1776885680.8671026,-2.0,-2.0,-46.0
1776885680.8771029,-3.0,-3.0,-43.0
1776885680.8871028,-5.0,-4.0,-43.0
1776885680.8971028,0.0,-5.0,-45.0
1776885680.9071028,-3.0,-4.0,-43.0
1776885680.9171028,-2.0,-5.0,-50.0
1776885680.9271028,-4.0,-3.0,-55.0
1776885680.9371028,0.0,0.0,-57.0
1776885680.9471028,1.0,2.0,-55.0
1776885680.9571028,-4.0,0.0,-57.0
1776885680.9671028,0.0,2.0,-51.0
1776885680.9771028,-2.0,0.0,-48.0
1776885680.9871027,-5.0,-2.0,-50.0
1776885680.9971027,0.0,0.0,-51.0
1776885681.0071027,0.0,1.0,-51.0
1776885681.0171027,1.0,-4.0,-50.0
1776885681.0271027,0.0,-3.0,-45.0
1776885681.0371027,0.0,-4.0,-45.0
1776885681.0471027,0.0,-6.0,-46.0
1776885681.057103,-1.0,-6.0,-44.0
1776885681.067103,-7.0,-3.0,-39.0
1776885681.077103,-3.0,-2.0,-47.0
1776885681.087103,-1.0,-2.0,-47.0
1776885681.0971026,1.0,-5.0,-45.0
1776885681.1071026,2.0,-4.0,-40.0
1776885681.1171026,6.0,1.0,-42.0
1776885681.1271029,4.0,2.0,-38.0
1776885681.1371028,3.0,1.0,-40.0
1776885681.1471028,3.0,4.0,-35.0
1776885681.1571028,5.0,0.0,-35.0
1776885681.1671028,6.0,0.0,-37.0
1776885681.1771028,4.0,0.0,-39.0
1776885681.1871028,0.0,0.0,-36.0
1776885681.1971028,2.0,0.0,-30.0
1776885681.2071028,-1.0,2.0,-33.0
1776885681.2171028,0.0,6.0,-33.0
1776885681.2271028,4.0,5.0,-35.0
1776885681.2371027,2.0,3.0,-37.0
1776885681.2471027,2.0,0.0,-38.0
1776885681.2571027,4.0,-1.0,-42.0
1776885681.2671027,3.0,0.0,-43.0
1776885681.2771027,0.0,-4.0,-42.0
1776885681.2871027,0.0,0.0,-38.0
1776885681.2971027,4.0,1.0,-34.0
1776885681.307103,6.0,-4.0,-44.0
1776885681.317103,4.0,-7.0,-48.0
1776885681.327103,3.0,-7.0,-51.0
1776885681.337103,3.0,-10.0,-52.0
1776885681.3471026,-3.0,-10.0,-50.0
1776885681.3571026,-2.0,-9.0,-44.0
1776885681.3671026,-1.0,-8.0,-34.0
1776885681.3771029,-2.0,-3.0,-31.0
1776885681.3871028,1.0,-3.0,-29.0
1776885681.3971028,0.0,-2.0,-30.0
1776885681.4071028,-1.0,-3.0,-28.0
1776885681.4171028,-1.0,-4.0,-34.0
1776885681.4271028,1.0,-5.0,-29.0
1776885681.4371028,0.0,-4.0,-30.0
1776885681.4471028,0.0,-3.0,-35.0
1776885681.4571028,-1.0,0.0,-36.0
1776885681.4671028,0.0,-3.0,-39.0
1776885681.4771028,0.0,0.0,-38.0
1776885681.4871027,4.0,4.0,-30.0
1776885681.4971027,2.0,6.0,-28.0
1776885681.5071027,-2.0,4.0,-36.0
1776885681.5171027,-2.0,2.0,-44.0
1776885681.5271027,-1.0,3.0,-45.0
1776885681.5371027,1.0,5.0,-44.0
1776885681.5471027,2.0,3.0,-44.0
1776885681.557103,1.0,2.0,-45.0
1776885681.567103,0.0,-1.0,-47.0
1776885681.577103,0.0,-4.0,-42.0
1776885681.587103,3.0,0.0,-45.0
1776885681.5971026,7.0,0.0,-51.0
1776885681.6071026,2.0,-2.0,-56.0
1776885681.6171026,0.0,-3.0,-57.0
1776885681.6271029,2.0,-1.0,-55.0
1776885681.6371028,3.0,-4.0,-53.0
1776885681.6471028,2.0,-6.0,-58.0
1776885681.6571028,0.0,-7.0,-57.0
1776885681.6671028,0.0,-8.0,-51.0
1776885681.6771028,0.0,-7.0,-52.0
1776885681.6871028,4.0,-4.0,-49.0
1776885681.6971028,9.0,-4.0,-52.0
1776885681.7071028,10.0,-4.0,-53.0
1776885681.7171028,10.0,-4.0,-49.0
1776885681.7271028,13.0,-6.0,-47.0
1776885681.7371027,16.0,-3.0,-48.0
1776885681.7471027,20.0,-2.0,-49.0
1776885681.7571027,16.0,-2.0,-44.0
1776885681.7671027,10.0,2.0,-40.0
1776885681.7771027,9.0,0.0,-47.0
1776885681.7871027,7.0,1.0,-49.0
1776885681.7971027,5.0,-1.0,-51.0
1776885681.807103,-1.0,-1.0,-49.0
1776885681.817103,-3.0,-2.0,-52.0
1776885681.827103,-1.0,-2.0,-50.0
1776885681.837103,3.0,-4.0,-39.0
1776885681.8471026,2.0,-6.0,-39.0
1776885681.8571026,3.0,-10.0,-38.0
1776885681.8671026,1.0,-10.0,-32.0
1776885681.8771029,-2.0,-7.0,-36.0
1776885681.8871028,1.0,-6.0,-39.0
1776885681.8971028,5.0,-7.0,-43.0
1776885681.9071028,5.0,-5.0,-44.0
1776885681.9171028,5.0,-6.0,-49.0
1776885681.9271028,5.0,-3.0,-48.0
1776885681.9371028,3.0,-1.0,-49.0
1776885681.9471028,3.0,0.0,-46.0
1776885681.9571028,4.0,3.0,-41.0
1776885681.9671028,4.0,4.0,-42.0
1776885681.9771028,5.0,2.0,-45.0
1776885681.9871027,3.0,0.0,-34.0
1776885681.9971027,6.0,-2.0,-35.0
1776885682.0071027,8.0,-3.0,-34.0
1776885682.0171027,9.0,-1.0,-37.0
1776885682.0271027,8.0,-3.0,-37.0
1776885682.0371027,9.0,-2.0,-40.0
1776885682.0471027,7.0,-1.0,-42.0
1776885682.057103,9.0,0.0,-43.0
1776885682.0681028,6.0,0.0,-35.0
1776885682.077103,2.0,0.0,-40.0
1776885682.087103,3.0,-1.0,-40.0
1776885682.0971026,-1.0,0.0,-36.0
1776885682.1071026,-1.0,0.0,-29.0
1776885682.1171026,-2.0,-2.0,-35.0
1776885682.1271029,-4.0,-8.0,-41.0
1776885682.1371028,-2.0,-14.0,-41.0
1776885682.1471028,-2.0,-11.0,-44.0
1776885682.1571028,-3.0,-9.0,-43.0
1776885682.1671028,0.0,-7.0,-38.0
1776885682.1771028,0.0,-4.0,-32.0
1776885682.1871028,0.0,-1.0,-39.0
1776885682.1971028,5.0,-1.0,-37.0
1776885682.2071028,6.0,0.0,-33.0
1776885682.2171028,5.0,1.0,-28.0
1776885682.2271028,2.0,0.0,-29.0
1776885682.2371027,5.0,-1.0,-31.0
1776885682.2471027,3.0,0.0,-34.0
1776885682.2571027,3.0,-2.0,-34.0
1776885682.2671027,0.0,-4.0,-40.0
1776885682.2771027,-1.0,0.0,-39.0
1776885682.2871027,-4.0,0.0,-41.0
1776885682.2971027,-3.0,0.0,-38.0
1776885682.307103,0.0,-4.0,-34.0
1776885682.317103,-2.0,-5.0,-35.0
1776885682.327103,-3.0,-1.0,-36.0
1776885682.337103,1.0,-3.0,-30.0
1776885682.3471026,2.0,-4.0,-28.0
1776885682.3571026,4.0,-5.0,-29.0
1776885682.3671026,3.0,-3.0,-28.0
1776885682.3771029,2.0,-6.0,-34.0
1776885682.3871028,1.0,-7.0,-41.0
1776885682.3971028,3.0,-9.0,-48.0
1776885682.4071028,2.0,-3.0,-45.0
1776885682.4171028,1.0,-3.0,-36.0
1776885682.4271028,-3.0,-5.0,-35.0
1776885682.4371028,-1.0,-3.0,-36.0
1776885682.4471028,2.0,-2.0,-33.0
1776885682.4571028,6.0,-5.0,-28.0
1776885682.4671028,4.0,-2.0,-28.0
1776885682.4771028,3.0,-4.0,-40.0
1776885682.4871027,1.0,-5.0,-47.0
1776885682.4971027,1.0,-4.0,-43.0
1776885682.5071027,0.0,-7.0,-44.0
1776885682.5171027,0.0,-6.0,-50.0
1776885682.5271027,0.0,-5.0,-54.0
1776885682.5371027,1.0,-3.0,-51.0
1776885682.5471027,2.0,-6.0,-49.0
1776885682.557103,2.0,-6.0,-47.0
1776885682.567103,0.0,-4.0,-51.0
1776885682.577103,0.0,-11.0,-52.0
1776885682.587103,0.0,-11.0,-53.0
1776885682.5971026,0.0,-10.0,-55.0
1776885682.6071026,-1.0,-9.0,-52.0
1776885682.6171026,0.0,-9.0,-55.0
1776885682.6271029,0.0,-8.0,-58.0
1776885682.6371028,1.0,-2.0,-58.0
1776885682.6471028,0.0,0.0,-54.0
1776885682.6571028,2.0,-3.0,-53.0
1776885682.6671028,-4.0,-2.0,-48.0
1776885682.6771028,-4.0,-3.0,-45.0
1776885682.6871028,-3.0,-3.0,-43.0
1776885682.6971028,0.0,-3.0,-33.0
1776885682.7071028,0.0,-4.0,-32.0
1776885682.7171028,1.0,-7.0,-39.0
1776885682.7271028,1.0,-7.0,-43.0
1776885682.7371027,3.0,-7.0,-41.0
1776885682.7471027,4.0,-7.0,-36.0
1776885682.7571027,-2.0,-5.0,-34.0
1776885682.7671027,-1.0,-8.0,-34.0
1776885682.7781026,-2.0,-9.0,-36.0
1776885682.7871027,-3.0,-4.0,-39.0
1776885682.7981029,-3.0,-4.0,-35.0
1776885682.807103,2.0,-5.0,-39.0
1776885682.817103,3.0,-7.0,-41.0
1776885682.827103,5.0,-6.0,-41.0
1776885682.8381028,7.0,-2.0,-37.0
1776885682.8481028,11.0,-1.0,-35.0
1776885682.8581028,8.0,0.0,-37.0
1776885682.8681028,8.0,-3.0,-34.0
1776885682.8781028,2.0,-2.0,-40.0
1776885682.8881028,-2.0,-2.0,-47.0
1776885682.8981028,-3.0,0.0,-48.0
1776885682.9081028,-2.0,-3.0,-48.0
1776885682.9181027,1.0,-3.0,-52.0
1776885682.9281027,5.0,-2.0,-55.0
1776885682.9381027,4.0,-4.0,-49.0
1776885682.9481027,6.0,-2.0,-44.0
1776885682.9581027,0.0,-2.0,-46.0
1776885682.9681027,-1.0,-5.0,-45.0
1776885682.9781027,-3.0,-2.0,-43.0
1776885682.988103,-3.0,1.0,-40.0
1776885682.998103,-5.0,0.0,-39.0
1776885683.008103,-6.0,1.0,-44.0
1776885683.0181026,-2.0,2.0,-43.0
1776885683.0281026,-2.0,0.0,-36.0
1776885683.0381026,-1.0,2.0,-31.0
1776885683.0481029,1.0,4.0,-31.0
1776885683.0581028,2.0,5.0,-29.0
1776885683.0681028,-6.0,4.0,-33.0
1776885683.0781028,-5.0,5.0,-35.0
1776885683.0881028,0.0,3.0,-32.0
1776885683.0981028,4.0,2.0,-34.0
1776885683.1081028,2.0,0.0,-34.0
1776885683.1181028,0.0,-2.0,-39.0
1776885683.1281028,0.0,-2.0,-41.0
1776885683.1381028,2.0,-3.0,-39.0
1776885683.1481028,4.0,-3.0,-47.0
1776885683.1581028,0.0,-3.0,-49.0
1776885683.1681027,-1.0,0.0,-43.0
1776885683.1781027,-2.0,3.0,-32.0
1776885683.1881027,-2.0,0.0,-33.0
1776885683.1981027,0.0,-1.0,-39.0
1776885683.2081027,2.0,-1.0,-40.0
1776885683.2181027,-1.0,-3.0,-41.0
1776885683.2281027,-2.0,-5.0,-40.0
1776885683.238103,-6.0,-1.0,-42.0
1776885683.248103,-7.0,-5.0,-39.0
1776885683.258103,-5.0,-3.0,-36.0
1776885683.2681026,-3.0,-2.0,-32.0
1776885683.2781026,0.0,-1.0,-30.0
1776885683.2881026,-1.0,-1.0,-28.0
1776885683.2981029,0.0,0.0,-33.0
1776885683.3081028,0.0,-1.0,-37.0
1776885683.3181028,0.0,2.0,-39.0
1776885683.3281028,1.0,0.0,-38.0
1776885683.3381028,0.0,-2.0,-37.0
1776885683.3481028,1.0,-3.0,-43.0
1776885683.3581028,8.0,-4.0,-48.0
1776885683.3681028,4.0,-4.0,-45.0
1776885683.3781028,0.0,-6.0,-44.0
1776885683.3881028,1.0,-5.0,-51.0
1776885683.3981028,-2.0,-1.0,-50.0
1776885683.4081028,-2.0,-3.0,-41.0
1776885683.4181027,-3.0,-1.0,-42.0
1776885683.4281027,-3.0,0.0,-36.0
1776885683.4381027,-3.0,-3.0,-36.0
1776885683.4481027,0.0,-1.0,-40.0
1776885683.4581027,-1.0,-1.0,-40.0
1776885683.4681027,1.0,0.0,-42.0
1776885683.4781027,-3.0,-1.0,-37.0
1776885683.488103,-5.0,0.0,-31.0
1776885683.498103,-3.0,0.0,-33.0
1776885683.508103,-6.0,0.0,-34.0
1776885683.5181026,-8.0,1.0,-36.0
1776885683.5281026,-3.0,0.0,-32.0
1776885683.5381026,0.0,-8.0,-32.0
1776885683.5481029,3.0,-6.0,-38.0
1776885683.5581028,1.0,-4.0,-36.0
1776885683.5681028,-1.0,-1.0,-46.0
1776885683.5781028,0.0,0.0,-43.0
1776885683.5881028,4.0,0.0,-42.0
1776885683.5981028,3.0,-4.0,-42.0
1776885683.6081028,3.0,-4.0,-39.0
1776885683.6181028,1.0,0.0,-35.0
1776885683.6281028,0.0,-1.0,-30.0
1776885683.6381028,4.0,-2.0,-37.0
1776885683.6481028,7.0,-1.0,-43.0
1776885683.6581028,3.0,-4.0,-48.0
1776885683.6681027,3.0,-7.0,-50.0
1776885683.6781027,3.0,-7.0,-46.0
1776885683.6881027,5.0,-6.0,-47.0
1776885683.6981027,4.0,-5.0,-47.0
1776885683.7081027,0.0,-7.0,-44.0
1776885683.7181027,-1.0,-10.0,-40.0
1776885683.7281027,-5.0,-10.0,-44.0
1776885683.738103,-4.0,-9.0,-46.0
1776885683.748103,-1.0,-3.0,-45.0
1776885683.758103,-2.0,-3.0,-39.0
1776885683.7681026,-1.0,-2.0,-38.0
1776885683.7781026,-1.0,4.0,-39.0
1776885683.7881026,-1.0,0.0,-31.0
1776885683.7981029,-2.0,-3.0,-36.0
1776885683.8091028,-5.0,-4.0,-41.0
1776885683.8181028,-4.0,-3.0,-35.0
1776885683.8281028,-3.0,0.0,-41.0
1776885683.8381028,0.0,-1.0,-40.0
1776885683.8481028,-1.0,0.0,-40.0
1776885683.8581028,1.0,1.0,-41.0
1776885683.8681028,5.0,3.0,-43.0
1776885683.8781028,0.0,1.0,-42.0
1776885683.8881028,1.0,-3.0,-37.0
1776885683.8981028,4.0,-2.0,-39.0
1776885683.9081028,5.0,-1.0,-41.0
1776885683.9181027,2.0,-5.0,-40.0
1776885683.9281027,2.0,-5.0,-38.0
1776885683.9381027,0.0,-2.0,-35.0
1776885683.9481027,2.0,4.0,-38.0
1776885683.9581027,2.0,0.0,-36.0
1776885683.9681027,0.0,0.0,-40.0
1776885683.9781027,-1.0,-1.0,-42.0
1776885683.988103,3.0,-3.0,-38.0
1776885683.998103,4.0,-5.0,-42.0
1776885684.008103,-2.0,-6.0,-40.0
1776885684.0181026,-7.0,-4.0,-36.0
1776885684.0281026,-7.0,-3.0,-37.0
1776885684.0381026,-2.0,-3.0,-37.0
1776885684.0481029,-3.0,-4.0,-42.0
1776885684.0581028,-4.0,-2.0,-42.0
1776885684.0681028,-7.0,0.0,-45.0
1776885684.0781028,-9.0,-2.0,-45.0
1776885684.0881028,-15.0,-3.0,-47.0
1776885684.0981028,-11.0,-3.0,-46.0
1776885684.1081028,-10.0,-5.0,-49.0
1776885684.1181028,-10.0,-10.0,-46.0
1776885684.1281028,-9.0,-9.0,-41.0
1776885684.1381028,-6.0,-7.0,-38.0
1776885684.1481028,-7.0,-7.0,-40.0
1776885684.1581028,-4.0,-6.0,-39.0
1776885684.1681027,0.0,-6.0,-41.0
1776885684.1781027,4.0,-6.0,-41.0
1776885684.1881027,5.0,-3.0,-40.0
1776885684.1981027,1.0,-4.0,-37.0
1776885684.2081027,1.0,-5.0,-37.0
1776885684.2181027,0.0,-3.0,-32.0
1776885684.2281027,3.0,0.0,-39.0
1776885684.238103,4.0,-3.0,-39.0
1776885684.248103,6.0,0.0,-42.0
1776885684.258103,7.0,0.0,-45.0
1776885684.2681026,5.0,0.0,-39.0
1776885684.2781026,2.0,0.0,-40.0
1776885684.2881026,0.0,-1.0,-35.0
1776885684.2981029,1.0,3.0,-38.0
1776885684.3081028,-3.0,6.0,-39.0
1776885684.3181028,-1.0,2.0,-47.0
1776885684.3281028,-1.0,-1.0,-45.0
1776885684.3381028,0.0,-5.0,-49.0
1776885684.3481028,0.0,-6.0,-47.0
1776885684.3581028,-3.0,-5.0,-46.0
1776885684.3681028,-1.0,-1.0,-48.0
1776885684.3781028,-3.0,-6.0,-42.0
1776885684.3881028,0.0,-11.0,-40.0
1776885684.3981028,-1.0,-12.0,-41.0
1776885684.4081028,0.0,-10.0,-41.0
1776885684.4181027,2.0,-11.0,-36.0
1776885684.4281027,3.0,-11.0,-40.0
1776885684.4381027,5.0,-12.0,-37.0
1776885684.4481027,3.0,-9.0,-35.0
1776885684.4581027,0.0,-12.0,-39.0
1776885684.4681027,0.0,-11.0,-37.0
1776885684.4781027,-1.0,-10.0,-38.0
1776885684.488103,3.0,-10.0,-34.0
1776885684.498103,3.0,-4.0,-43.0
1776885684.508103,4.0,0.0,-42.0
1776885684.5181026,4.0,-1.0,-34.0
1776885684.5281026,-2.0,0.0,-42.0
1776885684.5381026,-2.0,2.0,-35.0
1776885684.5481029,0.0,5.0,-28.0
1776885684.5581028,3.0,0.0,-30.0
1776885684.5681028,4.0,-3.0,-31.0
1776885684.5781028,4.0,-3.0,-28.0
1776885684.5881028,4.0,-3.0,-30.0
1776885684.5981028,3.0,-1.0,-35.0
1776885684.6081028,2.0,-3.0,-29.0
1776885684.6181028,1.0,-4.0,-30.0
1776885684.6281028,2.0,-1.0,-41.0
1776885684.6381028,1.0,0.0,-41.0
1776885684.6481028,3.0,-1.0,-43.0
1776885684.6581028,4.0,-2.0,-44.0
1776885684.6681027,5.0,-2.0,-35.0
1776885684.6781027,2.0,-4.0,-38.0
1776885684.6881027,4.0,-3.0,-40.0
1776885684.6981027,3.0,-5.0,-36.0
1776885684.7081027,2.0,-7.0,-37.0
1776885684.7181027,0.0,-8.0,-39.0
1776885684.7281027,1.0,-6.0,-45.0
1776885684.738103,3.0,-5.0,-43.0
1776885684.748103,1.0,-5.0,-47.0
1776885684.758103,3.0,-4.0,-46.0
1776885684.7691028,0.0,-4.0,-47.0
1776885684.7791028,0.0,-6.0,-44.0
1776885684.7881026,2.0,-6.0,-47.0
1776885684.7991028,3.0,-10.0,-46.0
1776885684.8091028,1.0,-8.0,-47.0
1776885684.8191028,2.0,-4.0,-40.0
1776885684.8281028,1.0,0.0,-44.0
1776885684.8391027,0.0,2.0,-47.0
1776885684.8491027,-2.0,3.0,-46.0
1776885684.8591027,-4.0,6.0,-46.0
1776885684.8691027,-6.0,5.0,-47.0
1776885684.8791027,-10.0,3.0,-44.0
1776885684.8891027,-8.0,3.0,-42.0
1776885684.8991027,-4.0,-1.0,-53.0
1776885684.909103,-3.0,0.0,-55.0
1776885684.919103,0.0,1.0,-54.0
1776885684.929103,-2.0,3.0,-47.0
1776885684.9391026,-2.0,1.0,-43.0
1776885684.9491026,0.0,4.0,-44.0
1776885684.9591026,1.0,0.0,-39.0
1776885684.9691026,-2.0,2.0,-41.0
1776885684.9791028,-3.0,-2.0,-34.0
1776885684.9891028,-1.0,-5.0,-33.0
1776885684.9991028,-2.0,-5.0,-34.0
1776885685.0091028,-1.0,-6.0,-35.0
1776885685.0191028,-7.0,-1.0,-39.0
1776885685.0291028,-9.0,-1.0,-41.0
1776885685.0391028,-9.0,-1.0,-38.0
1776885685.0491028,-3.0,0.0,-39.0
1776885685.0591028,-5.0,2.0,-40.0
1776885685.0691028,-5.0,0.0,-42.0
1776885685.0791028,-2.0,3.0,-41.0
1776885685.0891027,-1.0,0.0,-40.0
1776885685.0991027,0.0,-4.0,-46.0
1776885685.1091027,1.0,-7.0,-41.0
1776885685.1191027,0.0,-7.0,-41.0
1776885685.1291027,0.0,-7.0,-38.0
1776885685.1391027,4.0,-5.0,-35.0
1776885685.1491027,0.0,2.0,-42.0
1776885685.159103,0.0,-1.0,-41.0
1776885685.169103,-3.0,2.0,-47.0
1776885685.179103,-2.0,2.0,-47.0
1776885685.1891026,-2.0,0.0,-46.0
1776885685.1991026,-2.0,0.0,-45.0
1776885685.2091026,0.0,-1.0,-43.0
1776885685.2191026,-4.0,4.0,-45.0
1776885685.2291028,0.0,1.0,-38.0
1776885685.2391028,0.0,1.0,-34.0
1776885685.2491028,1.0,0.0,-38.0
1776885685.2591028,3.0,-6.0,-42.0
1776885685.2691028,0.0,-7.0,-37.0
1776885685.2791028,-2.0,-7.0,-35.0
1776885685.2891028,-5.0,-5.0,-40.0
1776885685.2991028,-3.0,-3.0,-39.0
1776885685.3091028,-2.0,0.0,-34.0
1776885685.3191028,-3.0,-6.0,-29.0
1776885685.3291028,-1.0,-10.0,-27.0
1776885685.3391027,-3.0,-8.0,-31.0
1776885685.3491027,-2.0,-7.0,-36.0
1776885685.3591027,-3.0,-6.0,-35.0
1776885685.3691027,-5.0,-8.0,-34.0
1776885685.3791027,-3.0,-6.0,-34.0
1776885685.3891027,-4.0,-3.0,-35.0
1776885685.3991027,2.0,-1.0,-40.0
1776885685.409103,5.0,1.0,-51.0
1776885685.419103,3.0,0.0,-53.0
1776885685.429103,5.0,-1.0,-53.0
1776885685.4391026,5.0,-4.0,-54.0
1776885685.4491026,4.0,-5.0,-56.0
1776885685.4591026,5.0,-1.0,-57.0
1776885685.4691026,1.0,2.0,-53.0
1776885685.4791028,-1.0,0.0,-51.0
1776885685.4891028,1.0,-2.0,-52.0
1776885685.4991028,4.0,-7.0,-53.0
1776885685.5091028,3.0,-11.0,-43.0
1776885685.5191028,9.0,-8.0,-41.0
1776885685.5291028,7.0,-6.0,-47.0
1776885685.5391028,9.0,-6.0,-49.0
1776885685.5491028,6.0,-4.0,-49.0
1776885685.5591028,4.0,-4.0,-49.0
1776885685.5691028,3.0,-1.0,-50.0
1776885685.5791028,1.0,-2.0,-47.0
1776885685.5891027,2.0,-4.0,-45.0
1776885685.5991027,4.0,-4.0,-50.0
1776885685.6091027,3.0,0.0,-51.0
1776885685.6191027,3.0,-1.0,-53.0
1776885685.6291027,0.0,-4.0,-50.0
1776885685.6391027,-2.0,-1.0,-49.0
1776885685.6491027,2.0,-2.0,-46.0
1776885685.659103,0.0,-2.0,-53.0
1776885685.669103,0.0,-2.0,-58.0
1776885685.679103,-2.0,-3.0,-53.0
1776885685.6891026,-5.0,-3.0,-49.0
1776885685.6991026,-4.0,0.0,-47.0
1776885685.7091026,-3.0,-1.0,-51.0
1776885685.7191026,-5.0,-2.0,-53.0
1776885685.7291028,-3.0,-3.0,-49.0
1776885685.7391028,2.0,-2.0,-43.0
1776885685.7491028,6.0,-2.0,-45.0
1776885685.7591028,2.0,-2.0,-44.0
1776885685.7691028,3.0,-4.0,-40.0
1776885685.7791028,0.0,-3.0,-39.0
1776885685.7891028,-1.0,-3.0,-29.0
1776885685.7991028,0.0,-1.0,-32.0
1776885685.8091028,-3.0,-1.0,-36.0
1776885685.8191028,-7.0,-2.0,-34.0
1776885685.8291028,-5.0,-1.0,-40.0
1776885685.8391027,-3.0,-1.0,-41.0
1776885685.8491027,0.0,-3.0,-46.0
1776885685.8591027,2.0,-4.0,-49.0
1776885685.8691027,1.0,-3.0,-49.0
1776885685.8791027,4.0,-6.0,-47.0
1776885685.8891027,3.0,-6.0,-46.0
1776885685.8991027,1.0,-5.0,-46.0
1776885685.909103,-2.0,-4.0,-46.0
1776885685.919103,-6.0,-3.0,-37.0
1776885685.929103,-8.0,-3.0,-36.0
1776885685.9391026,-6.0,-4.0,-45.0
1776885685.9491026,0.0,-5.0,-46.0
1776885685.9591026,2.0,-2.0,-48.0
1776885685.9691026,3.0,-2.0,-43.0
1776885685.9791028,1.0,2.0,-39.0
1776885685.9891028,-2.0,3.0,-43.0
1776885685.9991028,0.0,2.0,-44.0
1776885686.0091028,1.0,1.0,-44.0
1776885686.0191028,3.0,-1.0,-41.0
1776885686.0291028,2.0,-1.0,-41.0
1776885686.0391028,3.0,-4.0,-46.0
1776885686.0491028,4.0,-7.0,-46.0
1776885686.0591028,4.0,-2.0,-40.0
1776885686.0691028,6.0,0.0,-44.0
1776885686.0791028,4.0,0.0,-44.0
1776885686.0891027,2.0,0.0,-39.0
1776885686.0991027,5.0,0.0,-36.0
1776885686.1091027,3.0,0.0,-38.0
1776885686.1191027,5.0,-1.0,-42.0
1776885686.1291027,2.0,0.0,-52.0
1776885686.1391027,0.0,0.0,-44.0
1776885686.1491027,0.0,4.0,-41.0
1776885686.159103,-4.0,4.0,-32.0
1776885686.169103,-2.0,1.0,-39.0
1776885686.179103,-4.0,2.0,-40.0
1776885686.1891026,-2.0,5.0,-45.0
1776885686.1991026,0.0,4.0,-48.0
1776885686.2091026,2.0,5.0,-44.0
1776885686.2191026,3.0,0.0,-41.0
1776885686.2291028,-2.0,-2.0,-36.0
1776885686.2391028,-4.0,-2.0,-38.0
1776885686.2491028,-3.0,0.0,-42.0
1776885686.2591028,-2.0,3.0,-42.0
1776885686.2691028,-4.0,3.0,-38.0
1776885686.2791028,-3.0,1.0,-42.0
1776885686.2891028,-1.0,1.0,-41.0
1776885686.2991028,1.0,1.0,-35.0
1776885686.3091028,2.0,4.0,-34.0
1776885686.3191028,0.0,5.0,-29.0
1776885686.3291028,-3.0,3.0,-39.0
1776885686.3391027,-4.0,2.0,-43.0
1776885686.3491027,1.0,-2.0,-47.0
1776885686.3591027,7.0,0.0,-43.0
1776885686.3691027,3.0,0.0,-48.0
1776885686.3791027,1.0,-3.0,-49.0
1776885686.3891027,2.0,0.0,-53.0
1776885686.3991027,0.0,-1.0,-55.0
1776885686.409103,0.0,-6.0,-55.0
1776885686.419103,-5.0,-8.0,-53.0
1776885686.429103,-6.0,-6.0,-54.0
1776885686.4391026,-2.0,-10.0,-50.0
1776885686.4491026,-3.0,-6.0,-52.0
1776885686.4591026,-2.0,-4.0,-51.0
1776885686.4691026,3.0,-3.0,-53.0
1776885686.4791028,2.0,1.0,-53.0
1776885686.4891028,2.0,1.0,-50.0
1776885686.4991028,5.0,4.0,-47.0
1776885686.5091028,7.0,2.0,-43.0
1776885686.5191028,6.0,1.0,-47.0
1776885686.5291028,6.0,0.0,-47.0
1776885686.5391028,5.0,-1.0,-47.0
1776885686.5491028,0.0,1.0,-45.0
1776885686.5591028,-4.0,0.0,-39.0
1776885686.5691028,-1.0,-2.0,-45.0
1776885686.5791028,0.0,-2.0,-44.0
1776885686.5891027,-5.0,-1.0,-42.0
1776885686.5991027,-5.0,-6.0,-47.0
1776885686.6091027,-6.0,-3.0,-48.0
1776885686.6191027,-9.0,-6.0,-46.0
1776885686.6291027,-6.0,-5.0,-42.0
1776885686.6391027,-3.0,-6.0,-42.0
1776885686.6491027,-2.0,-7.0,-38.0
1776885686.659103,-1.0,-4.0,-44.0
1776885686.669103,-5.0,-1.0,-39.0
1776885686.679103,-6.0,-2.0,-45.0
1776885686.6891026,0.0,0.0,-48.0
1776885686.6991026,0.0,-1.0,-41.0
1776885686.7091026,6.0,0.0,-37.0
1776885686.7191026,4.0,1.0,-35.0
1776885686.7291028,4.0,0.0,-33.0
1776885686.7391028,5.0,0.0,-29.0
1776885686.7491028,0.0,-8.0,-30.0
1776885686.7591028,1.0,-7.0,-35.0
1776885686.7701027,6.0,-5.0,-36.0
1776885686.7791028,7.0,-9.0,-40.0
1776885686.7891028,10.0,-12.0,-40.0
1776885686.8001027,5.0,-11.0,-44.0
1776885686.8101027,-1.0,-7.0,-42.0
1776885686.8201027,-2.0,-7.0,-42.0
1776885686.8301027,0.0,-1.0,-46.0
1776885686.840103,1.0,2.0,-45.0
1776885686.850103,2.0,-1.0,-41.0
1776885686.860103,0.0,0.0,-39.0
1776885686.8701026,-2.0,1.0,-35.0
1776885686.8811028,-1.0,3.0,-42.0
1776885686.8901026,1.0,2.0,-46.0
1776885686.9001029,3.0,0.0,-43.0
1776885686.9101028,5.0,-1.0,-49.0
1776885686.9201028,9.0,-3.0,-49.0
1776885686.9301028,8.0,-2.0,-42.0
1776885686.9401028,5.0,0.0,-47.0
1776885686.9501028,5.0,-3.0,-48.0
1776885686.9601028,2.0,0.0,-46.0
1776885686.9701028,4.0,-3.0,-44.0
1776885686.9801028,3.0,0.0,-49.0
1776885686.9901028,1.0,0.0,-47.0
1776885687.0001028,3.0,-1.0,-44.0
1776885687.0101027,1.0,0.0,-48.0
1776885687.0201027,5.0,-2.0,-42.0
1776885687.0301027,6.0,-2.0,-48.0
1776885687.0401027,4.0,-1.0,-46.0
1776885687.0501027,9.0,-1.0,-47.0
1776885687.0601027,6.0,0.0,-46.0
1776885687.0701027,5.0,-4.0,-41.0
1776885687.0801027,2.0,-4.0,-38.0
1776885687.090103,5.0,-3.0,-40.0
1776885687.100103,3.0,0.0,-45.0
1776885687.110103,1.0,0.0,-41.0
1776885687.1201026,-3.0,4.0,-41.0
1776885687.1301026,1.0,0.0,-38.0
1776885687.1401026,-1.0,1.0,-34.0
1776885687.1501029,0.0,1.0,-35.0
1776885687.1601028,1.0,0.0,-33.0
1776885687.1701028,3.0,-2.0,-41.0
1776885687.1801028,4.0,-5.0,-41.0
1776885687.1901028,7.0,0.0,-38.0
1776885687.2001028,2.0,3.0,-37.0
1776885687.2101028,4.0,1.0,-44.0
1776885687.2201028,5.0,-2.0,-50.0
1776885687.2301028,4.0,-4.0,-46.0
1776885687.2401028,0.0,0.0,-37.0
1776885687.2501028,1.0,1.0,-40.0
1776885687.2601027,-1.0,1.0,-44.0
1776885687.2701027,-3.0,0.0,-44.0
1776885687.2801027,0.0,2.0,-45.0
1776885687.2901027,0.0,1.0,-44.0
1776885687.3001027,-2.0,0.0,-45.0
1776885687.3101027,1.0,0.0,-43.0
1776885687.3201027,2.0,-1.0,-41.0
1776885687.3301027,1.0,1.0,-51.0
1776885687.340103,3.0,-1.0,-59.0
1776885687.350103,0.0,-4.0,-64.0
1776885687.360103,-3.0,-4.0,-60.0
1776885687.3701026,-4.0,0.0,-53.0
1776885687.3801026,-2.0,-2.0,-47.0
1776885687.3901026,-4.0,-2.0,-44.0
1776885687.4001029,-3.0,-2.0,-44.0
1776885687.4101028,-3.0,0.0,-41.0
1776885687.4201028,-4.0,0.0,-33.0
1776885687.4301028,-1.0,0.0,-30.0
1776885687.4401028,0.0,-1.0,-31.0
1776885687.4501028,-1.0,-2.0,-39.0
1776885687.4601028,1.0,-5.0,-39.0
1776885687.4701028,1.0,-5.0,-48.0
1776885687.4801028,4.0,-2.0,-49.0
1776885687.4901028,7.0,-3.0,-46.0
1776885687.5001028,4.0,-4.0,-46.0
1776885687.5101027,1.0,-5.0,-46.0
1776885687.5201027,1.0,-8.0,-50.0
1776885687.5301027,-1.0,-6.0,-55.0
1776885687.5401027,0.0,-5.0,-54.0
1776885687.5501027,-2.0,-3.0,-54.0
1776885687.5601027,-2.0,-5.0,-57.0
1776885687.5701027,-3.0,-6.0,-54.0
1776885687.5801027,-5.0,-4.0,-49.0
1776885687.590103,-7.0,0.0,-47.0
1776885687.600103,-7.0,1.0,-44.0
1776885687.610103,-5.0,5.0,-47.0
1776885687.6201026,1.0,1.0,-53.0
1776885687.6301026,3.0,0.0,-48.0
1776885687.6401026,3.0,0.0,-43.0
1776885687.6501029,7.0,0.0,-39.0
1776885687.6601028,5.0,0.0,-39.0
1776885687.6701028,3.0,3.0,-35.0
1776885687.6801028,2.0,3.0,-29.0
1776885687.6901028,0.0,2.0,-30.0
1776885687.7001028,0.0,4.0,-30.0
1776885687.7101028,-1.0,5.0,-31.0
1776885687.7201028,-3.0,0.0,-35.0
1776885687.7301028,0.0,0.0,-39.0
1776885687.7401028,-1.0,0.0,-37.0
1776885687.7501028,0.0,0.0,-40.0
1776885687.7601027,1.0,-2.0,-38.0
1776885687.7701027,3.0,-1.0,-43.0
1776885687.7801027,7.0,0.0,-41.0
1776885687.7901027,9.0,1.0,-40.0
1776885687.8001027,8.0,2.0,-37.0
1776885687.8101027,9.0,3.0,-38.0
1776885687.8201027,9.0,4.0,-41.0
1776885687.8301027,2.0,6.0,-41.0
1776885687.840103,1.0,0.0,-48.0
1776885687.850103,3.0,-1.0,-47.0
1776885687.860103,0.0,0.0,-43.0
1776885687.8701026,0.0,0.0,-42.0
1776885687.8801026,0.0,0.0,-36.0
1776885687.8901026,0.0,2.0,-34.0
1776885687.9001029,-3.0,-1.0,-37.0
1776885687.9101028,-2.0,0.0,-32.0
1776885687.9201028,0.0,1.0,-24.0
1776885687.9301028,1.0,1.0,-24.0
1776885687.9401028,2.0,0.0,-26.0
1776885687.9501028,-1.0,-2.0,-28.0
1776885687.9601028,2.0,-2.0,-39.0
1776885687.9701028,5.0,-1.0,-41.0
1776885687.9801028,2.0,0.0,-38.0
1776885687.9901028,3.0,0.0,-38.0
1776885688.0001028,1.0,2.0,-44.0
1776885688.0101027,-3.0,2.0,-44.0
1776885688.0201027,-1.0,0.0,-38.0
1776885688.0301027,-5.0,1.0,-40.0
1776885688.0401027,-4.0,0.0,-36.0
1776885688.0501027,-6.0,0.0,-31.0
1776885688.0601027,-7.0,0.0,-34.0
1776885688.0701027,-8.0,0.0,-38.0
1776885688.0801027,-7.0,-1.0,-35.0
1776885688.090103,0.0,0.0,-34.0
1776885688.100103,1.0,1.0,-42.0
1776885688.110103,-3.0,0.0,-46.0
1776885688.1201026,-1.0,3.0,-40.0
1776885688.1301026,2.0,4.0,-44.0
1776885688.1401026,4.0,3.0,-48.0
1776885688.1501029,2.0,-3.0,-45.0
1776885688.1601028,0.0,-3.0,-45.0
1776885688.1701028,-1.0,-5.0,-49.0
1776885688.1801028,-1.0,-6.0,-53.0
1776885688.1901028,0.0,-5.0,-58.0
1776885688.2001028,-1.0,-5.0,-50.0
1776885688.2101028,1.0,-3.0,-50.0
1776885688.2201028,1.0,-3.0,-48.0
1776885688.2301028,-2.0,-1.0,-47.0
1776885688.2401028,-6.0,0.0,-42.0
1776885688.2501028,-7.0,2.0,-42.0
1776885688.2601027,-10.0,-1.0,-43.0
1776885688.2701027,-3.0,-2.0,-52.0
1776885688.2801027,2.0,-4.0,-49.0
1776885688.2901027,2.0,-3.0,-47.0
1776885688.3001027,4.0,-2.0,-46.0
1776885688.3101027,4.0,0.0,-39.0
1776885688.3201027,3.0,2.0,-38.0
1776885688.3301027,0.0,0.0,-39.0
1776885688.340103,1.0,1.0,-38.0
1776885688.350103,4.0,3.0,-36.0
1776885688.360103,5.0,6.0,-34.0
1776885688.3701026,1.0,5.0,-35.0
1776885688.3801026,3.0,9.0,-34.0
1776885688.3901026,0.0,1.0,-37.0
1776885688.4001029,-6.0,-1.0,-36.0
1776885688.4101028,-6.0,-4.0,-36.0
1776885688.4201028,-5.0,-3.0,-32.0
1776885688.4301028,-2.0,-5.0,-31.0
1776885688.4401028,-2.0,-3.0,-40.0
1776885688.4501028,-3.0,-2.0,-44.0
1776885688.4601028,-3.0,-1.0,-46.0
1776885688.4701028,-2.0,-2.0,-44.0
1776885688.4801028,2.0,-2.0,-45.0
1776885688.4901028,6.0,0.0,-52.0
1776885688.5001028,8.0,-1.0,-51.0
1776885688.5101027,8.0,-3.0,-50.0
1776885688.5201027,4.0,-7.0,-47.0
1776885688.5301027,6.0,-4.0,-52.0
1776885688.5401027,5.0,-7.0,-56.0
1776885688.5501027,9.0,-6.0,-50.0
1776885688.5601027,6.0,-5.0,-43.0
1776885688.5701027,0.0,-5.0,-46.0
1776885688.5801027,-1.0,-8.0,-47.0
1776885688.590103,1.0,-8.0,-48.0
1776885688.600103,4.0,-13.0,-43.0
1776885688.610103,3.0,-13.0,-41.0
1776885688.6201026,1.0,-11.0,-38.0
1776885688.6301026,3.0,-10.0,-40.0
1776885688.6401026,1.0,-12.0,-40.0
1776885688.6501029,-3.0,-12.0,-41.0
1776885688.6601028,-2.0,-11.0,-40.0
1776885688.6701028,-1.0,-11.0,-43.0
1776885688.6801028,-6.0,-5.0,-47.0
1776885688.6901028,-4.0,-4.0,-43.0
1776885688.7001028,2.0,0.0,-44.0
1776885688.7101028,5.0,0.0,-40.0
1776885688.7201028,7.0,-2.0,-33.0
1776885688.7301028,3.0,0.0,-28.0
1776885688.7401028,-3.0,-3.0,-36.0
1776885688.7501028,-5.0,-4.0,-38.0
1776885688.761103,0.0,-5.0,-39.0
1776885688.771103,4.0,-5.0,-31.0
1776885688.781103,0.0,0.0,-28.0
1776885688.7911026,0.0,-1.0,-33.0
1776885688.8011026,1.0,-3.0,-35.0
1776885688.8111026,0.0,-5.0,-39.0
1776885688.8211029,1.0,-7.0,-44.0
1776885688.8311028,2.0,-10.0,-39.0
1776885688.8411028,0.0,-13.0,-38.0
1776885688.8511028,0.0,-11.0,-37.0
1776885688.8611028,0.0,-7.0,-36.0
1776885688.8711028,5.0,-4.0,-29.0
1776885688.8811028,5.0,-1.0,-31.0
1776885688.8911028,4.0,-1.0,-33.0
1776885688.9011028,5.0,-2.0,-37.0
1776885688.9111028,5.0,-2.0,-36.0
1776885688.9211028,1.0,-6.0,-36.0
1776885688.9311028,2.0,-6.0,-41.0
1776885688.9411027,3.0,-8.0,-41.0
1776885688.9511027,3.0,-9.0,-38.0
1776885688.9611027,8.0,-9.0,-33.0
1776885688.9711027,7.0,-9.0,-33.0
1776885688.9811027,4.0,-6.0,-36.0
1776885688.9911027,2.0,-5.0,-40.0
1776885689.0011027,-3.0,-2.0,-37.0
1776885689.011103,-5.0,-5.0,-40.0
1776885689.021103,-4.0,-3.0,-44.0
1776885689.031103,0.0,0.0,-38.0
1776885689.0411026,0.0,0.0,-40.0
1776885689.0511026,0.0,-2.0,-40.0
1776885689.0611026,2.0,-2.0,-47.0
1776885689.0711029,7.0,-1.0,-37.0
1776885689.0811028,4.0,-6.0,-36.0
1776885689.0911028,2.0,-2.0,-42.0
1776885689.1011028,4.0,-1.0,-42.0
1776885689.1111028,2.0,0.0,-47.0
1776885689.1211028,2.0,-1.0,-49.0
1776885689.1311028,2.0,-4.0,-46.0
1776885689.1411028,1.0,-3.0,-45.0
1776885689.1511028,0.0,0.0,-41.0
1776885689.1611028,-1.0,0.0,-34.0
1776885689.1711028,0.0,0.0,-38.0
1776885689.1811028,2.0,0.0,-36.0
1776885689.1911027,7.0,0.0,-37.0
1776885689.2011027,4.0,-2.0,-36.0
1776885689.2111027,3.0,-5.0,-42.0
1776885689.2211027,3.0,-2.0,-40.0
1776885689.2311027,4.0,0.0,-41.0
1776885689.2411027,1.0,0.0,-45.0
1776885689.2511027,0.0,0.0,-44.0
1776885689.261103,0.0,-1.0,-45.0
1776885689.271103,0.0,0.0,-38.0
1776885689.281103,0.0,-1.0,-41.0
1776885689.2911026,0.0,-1.0,-36.0
1776885689.3011026,2.0,0.0,-33.0
1776885689.3111026,0.0,-3.0,-31.0
1776885689.3211029,0.0,-5.0,-31.0
1776885689.3311028,-2.0,-5.0,-32.0
1776885689.3411028,-3.0,-3.0,-24.0
1776885689.3511028,-1.0,0.0,-18.0
1776885689.3611028,-2.0,1.0,-26.0
1776885689.3711028,-2.0,-2.0,-33.0
1776885689.3811028,-4.0,-1.0,-34.0
1776885689.3911028,-5.0,-3.0,-35.0
1776885689.4011028,0.0,-3.0,-32.0
1776885689.4111028,2.0,-6.0,-28.0
1776885689.4211028,7.0,-9.0,-29.0
1776885689.4311028,5.0,-7.0,-30.0
1776885689.4411027,-1.0,-4.0,-27.0
1776885689.4511027,-2.0,-3.0,-32.0
1776885689.4611027,0.0,-4.0,-32.0
1776885689.4711027,7.0,-7.0,-35.0
1776885689.4811027,5.0,-3.0,-34.0
1776885689.4911027,2.0,-3.0,-31.0
1776885689.5011027,3.0,-3.0,-33.0
1776885689.511103,0.0,-2.0,-35.0
1776885689.521103,0.0,1.0,-39.0
1776885689.531103,0.0,0.0,-41.0
1776885689.5411026,1.0,-2.0,-45.0
1776885689.5511026,0.0,-4.0,-41.0
1776885689.5611026,3.0,-1.0,-37.0
1776885689.5711029,-2.0,0.0,-41.0
1776885689.5811028,-2.0,1.0,-40.0
1776885689.5911028,1.0,-1.0,-49.0
1776885689.6011028,0.0,0.0,-52.0
1776885689.6111028,2.0,0.0,-54.0
1776885689.6211028,-3.0,0.0,-53.0
1776885689.6311028,-9.0,0.0,-48.0
1776885689.6411028,-7.0,1.0,-47.0
1776885689.6511028,0.0,1.0,-47.0
1776885689.6611028,-3.0,-2.0,-46.0
1776885689.6711028,-7.0,-2.0,-44.0
1776885689.6811028,1.0,-8.0,-42.0
1776885689.6911027,4.0,-10.0,-47.0
1776885689.7011027,5.0,-10.0,-45.0
1776885689.7111027,3.0,-13.0,-42.0
1776885689.7211027,-1.0,-10.0,-41.0
1776885689.7311027,0.0,-12.0,-44.0
1776885689.7411027,-3.0,-10.0,-42.0
1776885689.7511027,0.0,-12.0,-40.0
1776885689.761103,0.0,-11.0,-39.0
1776885689.771103,-1.0,-10.0,-40.0
1776885689.781103,0.0,-11.0,-40.0
1776885689.7911026,1.0,-8.0,-42.0
1776885689.8011026,4.0,-6.0,-45.0
1776885689.8111026,1.0,-4.0,-53.0
1776885689.8211029,-2.0,0.0,-50.0
1776885689.8311028,-2.0,4.0,-44.0
1776885689.8411028,0.0,4.0,-43.0
1776885689.8511028,-2.0,1.0,-42.0
1776885689.8611028,0.0,5.0,-43.0
1776885689.8711028,3.0,5.0,-43.0
1776885689.8811028,3.0,2.0,-49.0
1776885689.8911028,3.0,0.0,-44.0
1776885689.9011028,1.0,5.0,-40.0
1776885689.9111028,0.0,2.0,-39.0
1776885689.9211028,-2.0,1.0,-41.0
1776885689.9311028,-1.0,2.0,-40.0
1776885689.9411027,0.0,5.0,-43.0
1776885689.9511027,-1.0,7.0,-36.0
1776885689.9611027,-1.0,10.0,-32.0
1776885689.9711027,-3.0,6.0,-36.0
1776885689.9811027,-6.0,3.0,-34.0
1776885689.9911027,-5.0,0.0,-39.0
1776885690.0011027,-5.0,-2.0,-44.0
1776885690.011103,-5.0,-4.0,-44.0
1776885690.021103,-6.0,-3.0,-45.0
1776885690.031103,-5.0,0.0,-40.0
1776885690.0411026,-6.0,0.0,-41.0
1776885690.0511026,-3.0,2.0,-34.0
1776885690.0611026,0.0,3.0,-38.0
1776885690.0711029,3.0,1.0,-38.0
1776885690.0811028,2.0,1.0,-35.0
1776885690.0911028,3.0,0.0,-39.0
1776885690.1011028,3.0,2.0,-37.0
1776885690.1111028,7.0,4.0,-43.0
1776885690.1211028,8.0,2.0,-45.0
1776885690.1311028,8.0,0.0,-48.0
1776885690.1411028,2.0,1.0,-46.0
1776885690.1511028,0.0,3.0,-47.0
1776885690.1611028,1.0,1.0,-47.0
1776885690.1711028,3.0,5.0,-47.0
1776885690.1811028,1.0,3.0,-50.0
1776885690.1911027,3.0,5.0,-51.0
1776885690.2011027,2.0,5.0,-46.0
1776885690.2111027,4.0,3.0,-44.0
1776885690.2211027,5.0,4.0,-48.0
1776885690.2311027,7.0,-2.0,-45.0
1776885690.2411027,6.0,-2.0,-52.0
1776885690.2511027,3.0,-1.0,-52.0
1776885690.261103,4.0,0.0,-44.0
1776885690.271103,5.0,2.0,-40.0
1776885690.281103,3.0,1.0,-36.0
1776885690.2911026,3.0,0.0,-40.0
1776885690.3011026,4.0,2.0,-43.0
1776885690.3111026,3.0,1.0,-38.0
1776885690.3211029,1.0,1.0,-36.0
1776885690.3311028,0.0,-3.0,-35.0
1776885690.3411028,2.0,-3.0,-41.0
1776885690.3511028,0.0,-3.0,-38.0
1776885690.3611028,2.0,-3.0,-43.0
1776885690.3711028,0.0,0.0,-46.0
1776885690.3811028,4.0,1.0,-50.0
1776885690.3911028,4.0,2.0,-41.0
1776885690.4011028,0.0,3.0,-37.0
1776885690.4111028,3.0,1.0,-35.0
1776885690.4211028,-3.0,1.0,-31.0
1776885690.4311028,-1.0,1.0,-33.0
1776885690.4411027,2.0,0.0,-37.0
1776885690.4511027,0.0,0.0,-41.0
1776885690.4611027,-2.0,0.0,-42.0
1776885690.4711027,-2.0,0.0,-32.0
1776885690.4811027,0.0,-1.0,-27.0
1776885690.4911027,0.0,-2.0,-37.0
1776885690.5011027,0.0,-3.0,-35.0
1776885690.511103,-3.0,-5.0,-34.0
1776885690.521103,0.0,-5.0,-36.0
1776885690.531103,1.0,-7.0,-44.0
1776885690.5411026,2.0,-7.0,-42.0
1776885690.5511026,3.0,-7.0,-46.0
1776885690.5611026,0.0,-7.0,-43.0
1776885690.5711029,-3.0,-1.0,-40.0
1776885690.5811028,-7.0,-3.0,-46.0
1776885690.5911028,-4.0,-8.0,-45.0
1776885690.6011028,-3.0,-9.0,-49.0
1776885690.6111028,-2.0,-2.0,-51.0
1776885690.6211028,3.0,0.0,-49.0
1776885690.6311028,7.0,0.0,-50.0
1776885690.6411028,12.0,2.0,-47.0
1776885690.6511028,14.0,-2.0,-52.0
1776885690.6611028,10.0,-1.0,-49.0
1776885690.6711028,5.0,-2.0,-46.0
1776885690.6811028,3.0,-2.0,-41.0
1776885690.6911027,1.0,-2.0,-43.0
1776885690.7011027,4.0,2.0,-35.0
1776885690.7111027,4.0,0.0,-37.0
1776885690.7211027,4.0,1.0,-38.0
1776885690.7311027,8.0,0.0,-47.0
1776885690.7421026,5.0,1.0,-54.0
1776885690.7511027,2.0,2.0,-50.0
1776885690.7621028,-1.0,-3.0,-51.0
1776885690.771103,0.0,0.0,-51.0
1776885690.7821028,0.0,1.0,-51.0
1776885690.7921028,-1.0,0.0,-54.0
1776885690.8021028,-3.0,-3.0,-46.0
1776885690.8121028,-1.0,-8.0,-40.0
1776885690.8221028,-2.0,-10.0,-38.0
1776885690.8321028,-3.0,-3.0,-38.0
1776885690.8421028,0.0,-1.0,-38.0
1776885690.8521028,0.0,0.0,-44.0
1776885690.8621027,0.0,0.0,-43.0
1776885690.8721027,1.0,-4.0,-44.0
1776885690.8821027,3.0,0.0,-47.0
1776885690.8921027,0.0,1.0,-51.0
1776885690.9021027,0.0,-1.0,-45.0
1776885690.9121027,-5.0,-5.0,-44.0
1776885690.9221027,-8.0,-7.0,-44.0
1776885690.932103,-4.0,-6.0,-40.0
1776885690.942103,0.0,-4.0,-45.0
1776885690.952103,2.0,-5.0,-42.0
1776885690.962103,1.0,-5.0,-43.0
1776885690.9721026,-3.0,-3.0,-48.0
1776885690.9821026,-3.0,-5.0,-57.0
1776885690.9921026,-2.0,-5.0,-58.0
1776885691.0021029,-3.0,-5.0,-51.0
1776885691.0121028,4.0,-6.0,-49.0
1776885691.0221028,3.0,-7.0,-48.0
1776885691.0321028,6.0,-5.0,-50.0
1776885691.0421028,9.0,-4.0,-39.0
1776885691.0521028,6.0,-3.0,-38.0
1776885691.0621028,0.0,-5.0,-39.0
1776885691.0721028,3.0,0.0,-36.0
1776885691.0821028,6.0,0.0,-34.0
1776885691.0921028,4.0,-5.0,-34.0
1776885691.1021028,-3.0,-5.0,-33.0
1776885691.1121027,-1.0,-6.0,-38.0
1776885691.1221027,1.0,-6.0,-36.0
1776885691.1321027,5.0,-10.0,-34.0
1776885691.1421027,4.0,-7.0,-37.0
1776885691.1521027,1.0,-2.0,-31.0
1776885691.1621027,2.0,-2.0,-33.0
1776885691.1721027,2.0,-2.0,-36.0
1776885691.182103,2.0,-3.0,-45.0
1776885691.192103,1.0,-4.0,-46.0
1776885691.202103,0.0,-1.0,-54.0
1776885691.212103,0.0,-1.0,-58.0
1776885691.2221026,0.0,-2.0,-58.0
1776885691.2321026,0.0,-7.0,-51.0
1776885691.2421026,-1.0,-11.0,-48.0
1776885691.2521029,4.0,-9.0,-43.0
1776885691.2621028,2.0,-4.0,-43.0
1776885691.2721028,2.0,0.0,-39.0
1776885691.2821028,8.0,0.0,-39.0
1776885691.2921028,1.0,0.0,-38.0
1776885691.3021028,3.0,1.0,-40.0
1776885691.3121028,2.0,2.0,-39.0
1776885691.3221028,0.0,4.0,-37.0
1776885691.3321028,4.0,7.0,-43.0
1776885691.3421028,1.0,2.0,-45.0
1776885691.3521028,0.0,0.0,-46.0
1776885691.3621027,-2.0,1.0,-47.0
1776885691.3721027,0.0,0.0,-46.0
1776885691.3821027,2.0,0.0,-43.0
1776885691.3921027,5.0,-2.0,-42.0
1776885691.4021027,8.0,-5.0,-45.0
1776885691.4121027,7.0,-6.0,-45.0
1776885691.4221027,7.0,-8.0,-43.0
1776885691.432103,6.0,-5.0,-40.0
1776885691.442103,1.0,-2.0,-43.0
1776885691.452103,2.0,-2.0,-39.0
1776885691.462103,6.0,-2.0,-40.0
1776885691.4721026,5.0,1.0,-43.0
1776885691.4821026,1.0,0.0,-48.0
1776885691.4921026,2.0,-2.0,-47.0
1776885691.5021029,6.0,0.0,-44.0
1776885691.5121028,7.0,1.0,-54.0
1776885691.5221028,10.0,4.0,-50.0
1776885691.5321028,6.0,5.0,-48.0
1776885691.5421028,4.0,0.0,-49.0
1776885691.5521028,0.0,-2.0,-48.0
1776885691.5621028,1.0,-6.0,-44.0
1776885691.5721028,3.0,-8.0,-44.0
1776885691.5821028,0.0,-3.0,-43.0
1776885691.5921028,-2.0,-8.0,-42.0
1776885691.6021028,-2.0,-7.0,-41.0
1776885691.6121027,0.0,-4.0,-49.0
1776885691.6221027,0.0,-5.0,-53.0
1776885691.6321027,-2.0,-3.0,-48.0
1776885691.6421027,0.0,-6.0,-48.0
1776885691.6521027,6.0,-7.0,-46.0
1776885691.6621027,7.0,-8.0,-50.0
1776885691.6721027,6.0,-9.0,-51.0
1776885691.682103,2.0,-7.0,-51.0
1776885691.692103,1.0,-2.0,-50.0
1776885691.702103,2.0,0.0,-43.0
1776885691.712103,6.0,-1.0,-37.0
1776885691.7221026,7.0,-2.0,-42.0
1776885691.7321026,1.0,0.0,-44.0
1776885691.7421026,0.0,-1.0,-42.0
1776885691.7521029,2.0,-2.0,-47.0
1776885691.7621028,-3.0,0.0,-48.0
1776885691.7721028,-7.0,0.0,-50.0
1776885691.7821028,-8.0,-1.0,-45.0
1776885691.7921028,-7.0,-4.0,-42.0
1776885691.8021028,-4.0,1.0,-43.0
1776885691.8121028,-1.0,0.0,-37.0
1776885691.8221028,1.0,2.0,-40.0
1776885691.8321028,-2.0,0.0,-38.0
1776885691.8421028,0.0,-5.0,-34.0
1776885691.8521028,2.0,-6.0,-32.0
1776885691.8621027,5.0,-6.0,-34.0
1776885691.8721027,3.0,-7.0,-36.0
1776885691.8821027,0.0,-8.0,-36.0
1776885691.8921027,-1.0,-5.0,-38.0
1776885691.9021027,-6.0,-5.0,-34.0
1776885691.9121027,-5.0,-7.0,-35.0
1776885691.9221027,-9.0,-5.0,-29.0
1776885691.932103,-8.0,-3.0,-28.0
1776885691.942103,-13.0,-2.0,-32.0
1776885691.952103,-15.0,-2.0,-35.0
1776885691.962103,-13.0,-2.0,-35.0
1776885691.9721026,-9.0,-4.0,-32.0
1776885691.9821026,-4.0,-3.0,-32.0
1776885691.9921026,0.0,-3.0,-37.0
1776885692.0021029,-3.0,-2.0,-40.0
1776885692.0121028,-2.0,0.0,-41.0
1776885692.0221028,-1.0,-3.0,-46.0
1776885692.0321028,-4.0,-2.0,-51.0
1776885692.0421028,-6.0,-1.0,-47.0
1776885692.0521028,-6.0,-6.0,-41.0
1776885692.0621028,-9.0,-2.0,-43.0
1776885692.0721028,-6.0,-4.0,-39.0
1776885692.0821028,-10.0,-3.0,-38.0
1776885692.0921028,-8.0,-5.0,-36.0
1776885692.1021028,-7.0,-6.0,-34.0
1776885692.1121027,-8.0,-3.0,-34.0
1776885692.1221027,-4.0,2.0,-37.0
1776885692.1321027,-5.0,0.0,-46.0
1776885692.1421027,-3.0,-3.0,-42.0
1776885692.1521027,-4.0,-2.0,-38.0
1776885692.1621027,-5.0,1.0,-46.0
1776885692.1721027,-5.0,-3.0,-54.0
1776885692.182103,-8.0,-5.0,-51.0
1776885692.192103,-9.0,-9.0,-49.0
1776885692.202103,-9.0,-7.0,-46.0
1776885692.212103,-9.0,-4.0,-50.0
1776885692.2221026,-6.0,-3.0,-45.0
1776885692.2321026,0.0,-2.0,-48.0
1776885692.2421026,1.0,0.0,-46.0
1776885692.2521029,3.0,-2.0,-50.0
1776885692.2621028,3.0,0.0,-48.0
1776885692.2721028,6.0,0.0,-56.0
1776885692.2821028,3.0,-1.0,-55.0
1776885692.2921028,4.0,0.0,-58.0
1776885692.3021028,5.0,-1.0,-54.0
1776885692.3121028,2.0,1.0,-57.0
1776885692.3221028,1.0,0.0,-50.0
1776885692.3321028,0.0,-4.0,-50.0
1776885692.3421028,5.0,-1.0,-52.0
1776885692.3521028,6.0,3.0,-53.0
1776885692.3621027,1.0,5.0,-50.0
1776885692.3721027,1.0,9.0,-49.0
1776885692.3821027,0.0,8.0,-47.0
1776885692.3921027,-2.0,8.0,-47.0
1776885692.4021027,-2.0,8.0,-55.0
1776885692.4121027,-5.0,6.0,-51.0
1776885692.4221027,-5.0,5.0,-47.0
1776885692.432103,-4.0,2.0,-42.0
1776885692.442103,-3.0,0.0,-38.0
1776885692.452103,-3.0,-4.0,-40.0
1776885692.462103,0.0,-5.0,-38.0
1776885692.4721026,0.0,-4.0,-44.0
1776885692.4821026,4.0,-2.0,-46.0
1776885692.4921026,7.0,-1.0,-43.0
1776885692.5021029,6.0,-2.0,-48.0
1776885692.5121028,4.0,-2.0,-50.0
1776885692.5221028,8.0,0.0,-50.0
1776885692.5321028,12.0,-4.0,-53.0
1776885692.5421028,12.0,-7.0,-49.0
1776885692.5521028,3.0,-9.0,-49.0
1776885692.5621028,4.0,-10.0,-49.0
1776885692.5721028,0.0,-10.0,-46.0
1776885692.5821028,0.0,-8.0,-48.0
1776885692.5921028,-2.0,-7.0,-52.0
1776885692.6021028,-3.0,-3.0,-41.0
1776885692.6121027,-1.0,0.0,-37.0
1776885692.6221027,-4.0,2.0,-41.0
1776885692.6321027,-4.0,2.0,-39.0
1776885692.6421027,-2.0,-2.0,-44.0
1776885692.6521027,1.0,0.0,-41.0
1776885692.6621027,0.0,-1.0,-43.0
1776885692.6721027,-2.0,-2.0,-48.0
1776885692.682103,-1.0,-3.0,-39.0
1776885692.692103,1.0,-3.0,-39.0
1776885692.702103,-1.0,0.0,-40.0
1776885692.712103,-3.0,3.0,-43.0
1776885692.7231028,-4.0,2.0,-48.0
1776885692.7331028,-3.0,2.0,-46.0
1776885692.7431028,-3.0,-1.0,-41.0
1776885692.7531028,-2.0,-6.0,-37.0
1776885692.7631028,-3.0,-6.0,-34.0
1776885692.7731028,1.0,-6.0,-32.0
1776885692.7831028,0.0,-5.0,-28.0
1776885692.7931027,-2.0,-7.0,-29.0
1776885692.8031027,-6.0,-4.0,-35.0
1776885692.8131027,-6.0,-3.0,-42.0
1776885692.8231027,-3.0,-1.0,-38.0
1776885692.8331027,0.0,-3.0,-33.0
1776885692.8431027,2.0,-1.0,-36.0
1776885692.8531027,7.0,0.0,-43.0
1776885692.863103,8.0,3.0,-39.0
1776885692.873103,4.0,-1.0,-40.0
1776885692.883103,0.0,0.0,-36.0
1776885692.8931026,-1.0,-1.0,-42.0
1776885692.9031026,-2.0,-1.0,-35.0
1776885692.9131026,-5.0,-1.0,-33.0
1776885692.9231029,-5.0,1.0,-35.0
1776885692.9331028,0.0,-1.0,-39.0
1776885692.9431028,2.0,0.0,-38.0
1776885692.9531028,0.0,-1.0,-42.0
1776885692.9631028,1.0,-4.0,-42.0
1776885692.9731028,3.0,0.0,-47.0
1776885692.9831028,4.0,0.0,-51.0
1776885692.9931028,1.0,0.0,-50.0
1776885693.0031028,2.0,0.0,-50.0
1776885693.0131028,2.0,2.0,-51.0
1776885693.0231028,4.0,-3.0,-43.0
1776885693.0331028,3.0,-1.0,-40.0
1776885693.0431027,6.0,-4.0,-41.0
1776885693.0531027,2.0,-6.0,-38.0
1776885693.0631027,1.0,-7.0,-33.0
1776885693.0731027,2.0,-7.0,-29.0
1776885693.0831027,3.0,-5.0,-25.0
1776885693.0931027,3.0,-1.0,-33.0
1776885693.1031027,8.0,-1.0,-45.0
1776885693.113103,8.0,1.0,-43.0
1776885693.123103,9.0,-1.0,-43.0
1776885693.133103,8.0,0.0,-36.0
1776885693.1431026,4.0,1.0,-37.0
1776885693.1531026,0.0,4.0,-41.0
1776885693.1631026,0.0,5.0,-40.0
1776885693.1731029,0.0,7.0,-36.0
1776885693.1831028,0.0,7.0,-34.0
1776885693.1931028,0.0,5.0,-31.0
1776885693.2031028,2.0,3.0,-34.0
1776885693.2131028,4.0,2.0,-37.0
1776885693.2231028,5.0,0.0,-40.0
1776885693.2331028,7.0,-4.0,-40.0
1776885693.2431028,5.0,-2.0,-45.0
1776885693.2531028,1.0,-1.0,-41.0
1776885693.2631028,1.0,2.0,-42.0
1776885693.2731028,2.0,0.0,-44.0
1776885693.2831028,1.0,0.0,-37.0
1776885693.2931027,2.0,2.0,-34.0
1776885693.3031027,2.0,-2.0,-39.0
1776885693.3131027,-1.0,1.0,-38.0
1776885693.3231027,-3.0,-2.0,-42.0
1776885693.3331027,-1.0,-1.0,-49.0
1776885693.3431027,2.0,-3.0,-52.0
1776885693.3531027,0.0,-3.0,-48.0
1776885693.363103,-4.0,-1.0,-46.0
1776885693.373103,-1.0,0.0,-44.0
1776885693.383103,-2.0,0.0,-45.0
1776885693.3931026,-5.0,0.0,-47.0
1776885693.4031026,-4.0,0.0,-45.0
1776885693.4131026,0.0,-2.0,-46.0
1776885693.4231029,-1.0,-2.0,-45.0
1776885693.4331028,-6.0,-1.0,-45.0
1776885693.4431028,-6.0,-2.0,-46.0
1776885693.4531028,-3.0,-4.0,-36.0
1776885693.4631028,-4.0,-5.0,-38.0
1776885693.4731028,-4.0,-4.0,-33.0
1776885693.4831028,-4.0,-2.0,-30.0
1776885693.4931028,-6.0,-4.0,-33.0
1776885693.5031028,-6.0,-7.0,-41.0
1776885693.5131028,-10.0,-7.0,-44.0
1776885693.5231028,-10.0,-7.0,-41.0
1776885693.5331028,-5.0,-5.0,-39.0
1776885693.5431027,-1.0,-3.0,-40.0
1776885693.5531027,-5.0,-1.0,-42.0
1776885693.5631027,-3.0,0.0,-41.0
1776885693.5731027,-2.0,-1.0,-33.0
1776885693.5831027,-3.0,3.0,-34.0
1776885693.5931027,-5.0,2.0,-40.0
1776885693.6031027,-1.0,9.0,-42.0
1776885693.613103,3.0,4.0,-49.0
1776885693.623103,7.0,0.0,-51.0
1776885693.633103,6.0,-4.0,-49.0
1776885693.6431026,5.0,-10.0,-52.0
1776885693.6531026,2.0,-9.0,-54.0
1776885693.6631026,2.0,-7.0,-48.0
1776885693.6731029,-2.0,-3.0,-42.0
1776885693.6831028,-3.0,0.0,-43.0
1776885693.6931028,0.0,4.0,-41.0
1776885693.7031028,0.0,1.0,-38.0
1776885693.7131028,3.0,0.0,-36.0
1776885693.7231028,3.0,-3.0,-39.0
1776885693.7331028,2.0,-3.0,-42.0
1776885693.7431028,1.0,-3.0,-46.0
1776885693.7531028,0.0,-2.0,-52.0
1776885693.7631028,3.0,-1.0,-53.0
1776885693.7731028,4.0,0.0,-46.0
1776885693.7831028,4.0,1.0,-36.0
1776885693.7931027,7.0,3.0,-36.0
1776885693.8031027,6.0,-2.0,-37.0
1776885693.8131027,4.0,-5.0,-40.0
1776885693.8231027,3.0,-5.0,-36.0
1776885693.8331027,1.0,-4.0,-38.0
1776885693.8431027,7.0,-4.0,-33.0
1776885693.8531027,4.0,0.0,-29.0
1776885693.863103,6.0,0.0,-40.0
1776885693.873103,6.0,-2.0,-41.0
1776885693.883103,3.0,-8.0,-40.0
1776885693.8931026,0.0,-6.0,-43.0
1776885693.9031026,2.0,-4.0,-50.0
1776885693.9131026,-1.0,-2.0,-48.0
1776885693.9231029,-2.0,-1.0,-49.0
1776885693.9331028,-4.0,-3.0,-45.0
1776885693.9431028,-2.0,0.0,-45.0
1776885693.9531028,0.0,-1.0,-44.0
1776885693.9631028,1.0,0.0,-43.0
1776885693.9731028,1.0,0.0,-42.0
1776885693.9831028,3.0,-3.0,-40.0
1776885693.9931028,0.0,-6.0,-43.0
1776885694.0031028,5.0,-10.0,-42.0
1776885694.0131028,3.0,-11.0,-41.0
1776885694.0231028,3.0,-10.0,-44.0
1776885694.0331028,5.0,-6.0,-47.0
1776885694.0431027,1.0,-5.0,-51.0
1776885694.0531027,0.0,-3.0,-57.0
1776885694.0631027,0.0,1.0,-54.0
1776885694.0731027,-3.0,0.0,-47.0
1776885694.0831027,-2.0,0.0,-42.0
1776885694.0931027,0.0,0.0,-44.0
1776885694.1031027,0.0,-2.0,-41.0
1776885694.113103,0.0,-2.0,-41.0
1776885694.123103,-6.0,0.0,-46.0
1776885694.133103,-2.0,0.0,-43.0
1776885694.1431026,0.0,4.0,-44.0
1776885694.1531026,0.0,6.0,-41.0
1776885694.1631026,-4.0,5.0,-40.0
1776885694.1731029,-2.0,2.0,-45.0
1776885694.1831028,0.0,-3.0,-45.0
1776885694.1931028,-2.0,-2.0,-43.0
1776885694.2031028,-3.0,-5.0,-41.0
1776885694.2131028,-1.0,-5.0,-42.0
1776885694.2231028,0.0,-2.0,-47.0
1776885694.2331028,5.0,-4.0,-49.0
1776885694.2431028,6.0,0.0,-48.0
1776885694.2531028,0.0,0.0,-54.0
1776885694.2631028,-1.0,0.0,-56.0
1776885694.2731028,6.0,1.0,-52.0
1776885694.2831028,11.0,-4.0,-54.0
1776885694.2931027,5.0,0.0,-58.0
1776885694.3031027,9.0,-1.0,-57.0
1776885694.3131027,9.0,-2.0,-50.0
1776885694.3231027,2.0,-5.0,-43.0
1776885694.3331027,1.0,-4.0,-43.0
1776885694.3431027,-2.0,-4.0,-42.0
1776885694.3531027,-2.0,-4.0,-42.0
1776885694.363103,0.0,-4.0,-44.0
1776885694.373103,0.0,-5.0,-38.0
1776885694.383103,-1.0,-2.0,-31.0
1776885694.3931026,2.0,-1.0,-36.0
1776885694.4031026,-3.0,-3.0,-35.0
1776885694.4131026,-8.0,-5.0,-34.0
1776885694.4231029,-9.0,-6.0,-39.0
1776885694.4331028,-6.0,-3.0,-45.0
1776885694.4431028,-4.0,-2.0,-40.0
1776885694.4531028,-2.0,-9.0,-38.0
1776885694.4631028,2.0,-10.0,-39.0
1776885694.4731028,2.0,-13.0,-32.0
1776885694.4831028,2.0,-10.0,-41.0
1776885694.4931028,0.0,-9.0,-39.0
1776885694.5031028,2.0,-5.0,-42.0
1776885694.5131028,-4.0,-2.0,-48.0
1776885694.5231028,-4.0,-7.0,-41.0
1776885694.5331028,-3.0,-2.0,-34.0
1776885694.5431027,-4.0,0.0,-37.0
1776885694.5531027,0.0,4.0,-39.0
1776885694.5631027,7.0,5.0,-35.0
1776885694.5731027,2.0,2.0,-34.0
1776885694.5831027,2.0,1.0,-36.0
1776885694.5931027,0.0,-1.0,-31.0
1776885694.6031027,3.0,-2.0,-40.0
1776885694.613103,4.0,-6.0,-38.0
1776885694.623103,5.0,-7.0,-44.0
1776885694.633103,2.0,-7.0,-45.0
1776885694.6431026,2.0,-5.0,-48.0
1776885694.6531026,0.0,-3.0,-49.0
1776885694.6631026,-2.0,-3.0,-46.0
1776885694.6731029,-5.0,-3.0,-47.0
1776885694.6831028,-9.0,-1.0,-39.0
1776885694.6931028,-9.0,2.0,-35.0
1776885694.7031028,-8.0,3.0,-35.0
1776885694.7141027,-3.0,2.0,-39.0
1776885694.7231028,2.0,0.0,-36.0
1776885694.7341027,1.0,0.0,-35.0
1776885694.7441027,0.0,-6.0,-39.0
1776885694.7541027,0.0,-6.0,-34.0
1776885694.7641027,0.0,-5.0,-43.0
1776885694.7741027,1.0,-4.0,-42.0
1776885694.784103,-1.0,-8.0,-42.0
1776885694.794103,-1.0,-8.0,-40.0
1776885694.8051028,0.0,-6.0,-41.0
1776885694.8141026,-4.0,-3.0,-44.0
1776885694.8241026,-4.0,-1.0,-47.0
1776885694.8341026,-2.0,1.0,-47.0
1776885694.8441026,-1.0,1.0,-47.0
1776885694.8541028,-3.0,0.0,-52.0
1776885694.8641028,-4.0,0.0,-46.0
1776885694.8741028,-5.0,0.0,-42.0
1776885694.8841028,-1.0,2.0,-41.0
1776885694.8941028,-4.0,3.0,-42.0
1776885694.9041028,-5.0,4.0,-39.0
1776885694.9141028,-1.0,5.0,-39.0
1776885694.9241028,-1.0,4.0,-47.0
1776885694.9341028,0.0,0.0,-52.0
1776885694.9441028,-1.0,-3.0,-57.0
1776885694.9541028,-4.0,-3.0,-55.0
1776885694.9641027,-2.0,-3.0,-55.0
1776885694.9741027,-1.0,-3.0,-54.0
1776885694.9841027,0.0,-4.0,-49.0
1776885694.9941027,-2.0,-6.0,-45.0
1776885695.0041027,-1.0,-10.0,-48.0
1776885695.0141027,-5.0,-11.0,-50.0
1776885695.0241027,-4.0,-8.0,-46.0
1776885695.034103,-1.0,-7.0,-49.0
1776885695.044103,0.0,-4.0,-46.0
1776885695.054103,2.0,-1.0,-49.0
1776885695.0641026,0.0,-5.0,-55.0
1776885695.0741026,-1.0,-3.0,-58.0
1776885695.0841026,0.0,0.0,-53.0
1776885695.0941026,-3.0,0.0,-50.0
1776885695.1041028,-2.0,-2.0,-40.0
1776885695.1141028,0.0,-1.0,-41.0
1776885695.1241028,0.0,1.0,-41.0
1776885695.1341028,-2.0,4.0,-42.0
1776885695.1441028,-1.0,5.0,-43.0
1776885695.1541028,1.0,3.0,-41.0
1776885695.1641028,0.0,2.0,-43.0
1776885695.1741028,-2.0,-1.0,-45.0
1776885695.1841028,-1.0,1.0,-35.0
1776885695.1941028,3.0,-1.0,-25.0
1776885695.2041028,2.0,0.0,-29.0
1776885695.2141027,4.0,1.0,-37.0
1776885695.2241027,3.0,5.0,-37.0
1776885695.2341027,2.0,1.0,-47.0
1776885695.2441027,1.0,0.0,-44.0
1776885695.2541027,2.0,1.0,-48.0
1776885695.2641027,1.0,4.0,-41.0
1776885695.2741027,0.0,3.0,-38.0
1776885695.284103,1.0,2.0,-39.0
1776885695.294103,0.0,0.0,-45.0
1776885695.304103,1.0,-5.0,-40.0
1776885695.3141026,2.0,-2.0,-37.0
1776885695.3241026,1.0,-5.0,-37.0
1776885695.3341026,0.0,-4.0,-33.0
1776885695.3441026,-3.0,-1.0,-35.0
1776885695.3541028,-9.0,-3.0,-32.0
1776885695.3641028,-3.0,-7.0,-32.0
1776885695.3741028,-5.0,-7.0,-43.0
1776885695.3841028,-4.0,-5.0,-44.0
1776885695.3941028,-4.0,-1.0,-36.0
1776885695.4041028,-6.0,0.0,-39.0
1776885695.4141028,-9.0,-5.0,-41.0
1776885695.4241028,-7.0,-3.0,-38.0
1776885695.4341028,-6.0,-2.0,-38.0
1776885695.4441028,-5.0,-2.0,-38.0
1776885695.4541028,-2.0,0.0,-38.0
1776885695.4641027,5.0,0.0,-40.0
1776885695.4741027,8.0,0.0,-39.0
1776885695.4841027,6.0,-2.0,-33.0
1776885695.4941027,9.0,-3.0,-35.0
1776885695.5041027,10.0,-5.0,-32.0
1776885695.5141027,4.0,-2.0,-31.0
1776885695.5241027,3.0,-3.0,-40.0
1776885695.534103,6.0,-6.0,-44.0
1776885695.544103,3.0,-3.0,-38.0
1776885695.554103,5.0,-2.0,-39.0
1776885695.5641026,1.0,1.0,-42.0
1776885695.5741026,3.0,0.0,-46.0
1776885695.5841026,4.0,0.0,-45.0
1776885695.5941026,1.0,-4.0,-42.0
1776885695.6041028,1.0,-6.0,-42.0
1776885695.6141028,1.0,-8.0,-36.0
1776885695.6241028,0.0,-3.0,-38.0
1776885695.6341028,1.0,-3.0,-34.0
1776885695.6441028,1.0,-2.0,-36.0
1776885695.6541028,3.0,0.0,-42.0
1776885695.6641028,5.0,3.0,-46.0
1776885695.6741028,3.0,1.0,-43.0
1776885695.6841028,1.0,2.0,-41.0
1776885695.6941028,-5.0,-2.0,-37.0
1776885695.7041028,2.0,-3.0,-36.0
1776885695.7141027,4.0,0.0,-32.0
1776885695.7241027,4.0,-2.0,-38.0
1776885695.7341027,-1.0,-1.0,-45.0
1776885695.7441027,0.0,-1.0,-42.0
1776885695.7541027,0.0,-2.0,-41.0
1776885695.7641027,0.0,-3.0,-46.0
1776885695.7741027,-1.0,-2.0,-43.0
1776885695.784103,-1.0,-6.0,-43.0
1776885695.794103,0.0,-5.0,-48.0
1776885695.804103,-1.0,-4.0,-47.0
1776885695.8141026,0.0,-3.0,-47.0
1776885695.8241026,3.0,-2.0,-48.0
1776885695.8341026,1.0,-6.0,-46.0
1776885695.8441026,3.0,-6.0,-42.0
1776885695.8541028,2.0,-2.0,-42.0
1776885695.8641028,2.0,0.0,-33.0
1776885695.8741028,3.0,-3.0,-34.0
1776885695.8841028,2.0,0.0,-35.0
1776885695.8941028,2.0,1.0,-41.0
1776885695.9041028,-1.0,-2.0,-41.0
1776885695.9141028,4.0,-8.0,-40.0
1776885695.9241028,7.0,-3.0,-44.0
1776885695.9341028,5.0,-2.0,-42.0
1776885695.9441028,5.0,-7.0,-47.0
1776885695.9541028,2.0,-8.0,-45.0
1776885695.9641027,0.0,-12.0,-42.0
1776885695.9741027,-5.0,-10.0,-45.0
1776885695.9841027,-5.0,-3.0,-45.0
1776885695.9951026,-9.0,-4.0,-45.0
1776885696.0041027,-6.0,-2.0,-42.0
1776885696.0141027,-6.0,-1.0,-42.0
1776885696.0241027,-3.0,1.0,-44.0
1776885696.034103,4.0,3.0,-53.0
1776885696.044103,6.0,3.0,-44.0
1776885696.054103,4.0,3.0,-45.0
1776885696.0641026,0.0,7.0,-36.0
1776885696.0741026,5.0,6.0,-43.0
1776885696.0841026,2.0,2.0,-48.0
1776885696.0941026,0.0,0.0,-51.0
1776885696.1041028,0.0,0.0,-52.0
1776885696.1141028,-1.0,0.0,-49.0
1776885696.1241028,0.0,1.0,-45.0
1776885696.1341028,1.0,-2.0,-47.0
1776885696.1441028,0.0,-5.0,-48.0
1776885696.1541028,0.0,-1.0,-46.0
1776885696.1641028,0.0,1.0,-50.0
1776885696.1741028,0.0,-3.0,-47.0
1776885696.1841028,0.0,1.0,-49.0
1776885696.1941028,3.0,0.0,-45.0
1776885696.2041028,3.0,0.0,-50.0
1776885696.2141027,4.0,0.0,-48.0
1776885696.2241027,6.0,0.0,-51.0
1776885696.2341027,4.0,5.0,-56.0
1776885696.2441027,2.0,2.0,-55.0
1776885696.2541027,4.0,1.0,-54.0
1776885696.2641027,4.0,2.0,-48.0
1776885696.2741027,5.0,0.0,-39.0
1776885696.284103,6.0,3.0,-39.0
1776885696.294103,0.0,2.0,-39.0
1776885696.304103,0.0,0.0,-34.0
1776885696.3141026,0.0,0.0,-40.0
1776885696.3241026,0.0,0.0,-42.0
1776885696.3341026,0.0,-3.0,-44.0
1776885696.3441026,1.0,0.0,-42.0
1776885696.3541028,0.0,-1.0,-39.0
1776885696.3641028,0.0,0.0,-35.0
1776885696.3741028,0.0,5.0,-40.0
1776885696.3841028,-1.0,7.0,-43.0
1776885696.3941028,-2.0,10.0,-39.0
1776885696.4041028,-5.0,4.0,-35.0
1776885696.4141028,-3.0,2.0,-41.0
1776885696.4241028,-3.0,0.0,-50.0
1776885696.4341028,-2.0,-2.0,-49.0
1776885696.4441028,-3.0,-1.0,-45.0
1776885696.4541028,-2.0,0.0,-43.0
1776885696.4641027,-3.0,-1.0,-44.0
1776885696.4741027,-3.0,-2.0,-50.0
1776885696.4841027,-5.0,-7.0,-47.0
1776885696.4941027,-2.0,-5.0,-43.0
1776885696.5041027,-1.0,-4.0,-37.0
1776885696.5141027,1.0,-6.0,-33.0
1776885696.5241027,-2.0,-4.0,-34.0
1776885696.534103,-5.0,-2.0,-31.0
1776885696.544103,-5.0,-2.0,-27.0
1776885696.554103,-5.0,0.0,-27.0
1776885696.5641026,-3.0,0.0,-26.0
1776885696.5741026,-1.0,-2.0,-30.0
1776885696.5841026,-1.0,0.0,-41.0
1776885696.5941026,-2.0,-1.0,-42.0
1776885696.6041028,-2.0,-4.0,-40.0
1776885696.6141028,3.0,-3.0,-38.0
1776885696.6241028,3.0,0.0,-39.0
1776885696.6341028,2.0,0.0,-41.0
1776885696.6441028,-1.0,-2.0,-36.0
1776885696.6541028,1.0,0.0,-37.0
1776885696.6641028,0.0,2.0,-41.0
1776885696.6751027,-4.0,0.0,-38.0
1776885696.6841028,-5.0,1.0,-40.0
1776885696.6951027,-6.0,0.0,-41.0
1776885696.7051027,-11.0,0.0,-46.0
1776885696.715103,-8.0,0.0,-49.0
1776885696.7241027,-7.0,-1.0,-44.0
1776885696.735103,-4.0,-2.0,-40.0
1776885696.7451026,-3.0,-2.0,-37.0
1776885696.7551026,-2.0,1.0,-35.0
1776885696.7651026,-3.0,0.0,-33.0
1776885696.7751029,-4.0,0.0,-38.0
1776885696.7851028,-1.0,0.0,-41.0
1776885696.7951028,4.0,-1.0,-43.0
1776885696.8051028,1.0,-2.0,-44.0
1776885696.8151028,0.0,0.0,-43.0
1776885696.8251028,0.0,4.0,-42.0
1776885696.8351028,1.0,1.0,-41.0
1776885696.8451028,-3.0,0.0,-49.0
1776885696.8551028,1.0,-2.0,-48.0
1776885696.8651028,0.0,-3.0,-54.0
1776885696.8751028,3.0,-3.0,-55.0
1776885696.8851027,1.0,2.0,-47.0
1776885696.8951027,3.0,2.0,-46.0
1776885696.9051027,1.0,2.0,-48.0
1776885696.9151027,1.0,0.0,-44.0
1776885696.9251027,0.0,-1.0,-43.0
1776885696.9351027,0.0,-4.0,-37.0
1776885696.9451027,1.0,-4.0,-40.0
1776885696.9551027,2.0,-4.0,-37.0
1776885696.965103,-2.0,-5.0,-30.0
1776885696.975103,-1.0,-8.0,-33.0
1776885696.985103,-2.0,-5.0,-32.0
1776885696.9951026,-6.0,-4.0,-40.0
1776885697.0051026,-7.0,0.0,-41.0
1776885697.0151026,-12.0,0.0,-40.0
1776885697.0251029,-8.0,-2.0,-38.0
1776885697.0351028,-9.0,-2.0,-34.0
1776885697.0451028,-14.0,0.0,-32.0
1776885697.0551028,-11.0,-4.0,-39.0
1776885697.0651028,-10.0,-3.0,-38.0
1776885697.0751028,-5.0,-1.0,-44.0
1776885697.0851028,-2.0,-6.0,-52.0
1776885697.0951028,2.0,-3.0,-55.0
1776885697.1051028,3.0,-4.0,-53.0
1776885697.1151028,-2.0,-4.0,-48.0
1776885697.1251028,0.0,-4.0,-45.0
1776885697.1351027,1.0,-7.0,-50.0
1776885697.1451027,0.0,-5.0,-49.0
1776885697.1551027,2.0,-6.0,-46.0
1776885697.1651027,0.0,-6.0,-43.0
1776885697.1751027,1.0,-4.0,-41.0
1776885697.1851027,3.0,-5.0,-39.0
1776885697.1951027,2.0,-9.0,-36.0
1776885697.2051027,2.0,-8.0,-44.0
1776885697.215103,3.0,-5.0,-48.0
1776885697.225103,4.0,-1.0,-46.0
1776885697.235103,0.0,-3.0,-43.0
1776885697.2451026,-2.0,-3.0,-35.0
1776885697.2551026,0.0,-1.0,-34.0
1776885697.2651026,-1.0,0.0,-31.0
1776885697.2751029,3.0,0.0,-35.0
1776885697.2851028,1.0,2.0,-37.0
1776885697.2951028,5.0,0.0,-38.0
1776885697.3051028,4.0,1.0,-35.0
1776885697.3151028,5.0,-1.0,-33.0
1776885697.3251028,6.0,0.0,-28.0
1776885697.3351028,5.0,0.0,-31.0
1776885697.3451028,4.0,0.0,-37.0
1776885697.3551028,0.0,0.0,-40.0
1776885697.3651028,2.0,0.0,-40.0
1776885697.3751028,2.0,0.0,-38.0
1776885697.3851027,0.0,-6.0,-38.0
1776885697.3951027,2.0,-4.0,-41.0
1776885697.4051027,3.0,-4.0,-41.0
1776885697.4151027,3.0,-4.0,-41.0
1776885697.4251027,1.0,2.0,-34.0
1776885697.4351027,3.0,-1.0,-35.0
1776885697.4451027,0.0,-5.0,-36.0
1776885697.4551027,0.0,-3.0,-35.0
1776885697.465103,-3.0,1.0,-33.0
1776885697.475103,-4.0,0.0,-35.0
1776885697.485103,-6.0,0.0,-40.0
1776885697.4951026,-4.0,0.0,-35.0
1776885697.5051026,0.0,-2.0,-31.0
1776885697.5151026,0.0,-2.0,-32.0
1776885697.5251029,1.0,-3.0,-32.0
1776885697.5351028,2.0,0.0,-33.0
1776885697.5451028,0.0,0.0,-34.0
1776885697.5551028,0.0,0.0,-38.0
1776885697.5651028,2.0,1.0,-40.0
1776885697.5751028,2.0,0.0,-29.0
1776885697.5851028,9.0,0.0,-31.0
1776885697.5951028,9.0,0.0,-29.0
1776885697.6051028,7.0,2.0,-32.0
1776885697.6151028,9.0,-2.0,-40.0
1776885697.6251028,8.0,-4.0,-43.0
1776885697.6351027,8.0,-3.0,-44.0
1776885697.6451027,8.0,-4.0,-45.0
1776885697.6551027,9.0,-5.0,-48.0
1776885697.6651027,4.0,-4.0,-45.0
1776885697.6751027,3.0,-1.0,-40.0
1776885697.6851027,2.0,-2.0,-42.0
1776885697.6951027,4.0,-5.0,-45.0
1776885697.7051027,0.0,-9.0,-46.0
1776885697.715103,0.0,-6.0,-42.0
1776885697.725103,-1.0,-4.0,-39.0
1776885697.735103,4.0,-7.0,-40.0
1776885697.7451026,5.0,-2.0,-41.0
1776885697.7551026,4.0,-1.0,-40.0
1776885697.7651026,7.0,0.0,-34.0
1776885697.7751029,5.0,-2.0,-38.0
1776885697.7851028,-2.0,-3.0,-39.0
1776885697.7951028,-2.0,-4.0,-41.0
1776885697.8051028,-2.0,-4.0,-39.0
1776885697.8151028,-3.0,1.0,-39.0
1776885697.8251028,-4.0,0.0,-38.0
1776885697.8351028,-3.0,0.0,-37.0
1776885697.8451028,0.0,0.0,-40.0
1776885697.8551028,-2.0,3.0,-40.0
1776885697.8651028,-3.0,0.0,-46.0
1776885697.8751028,-4.0,1.0,-47.0
1776885697.8851027,-2.0,0.0,-46.0
1776885697.8951027,0.0,0.0,-47.0
1776885697.9051027,-1.0,0.0,-42.0
1776885697.9151027,0.0,1.0,-46.0
1776885697.9251027,0.0,0.0,-44.0
1776885697.9351027,-2.0,0.0,-46.0
1776885697.9451027,-2.0,-3.0,-43.0
1776885697.9551027,-2.0,-1.0,-40.0
1776885697.965103,0.0,-1.0,-39.0
1776885697.975103,-1.0,2.0,-35.0
1776885697.985103,0.0,0.0,-37.0
1776885697.9951026,0.0,1.0,-40.0
1776885698.0051026,-4.0,2.0,-41.0
1776885698.0151026,-3.0,0.0,-43.0
1776885698.0251029,-3.0,-1.0,-43.0
1776885698.0351028,-4.0,0.0,-45.0
1776885698.0451028,0.0,0.0,-45.0
1776885698.0551028,-1.0,0.0,-47.0
1776885698.0651028,0.0,0.0,-43.0
1776885698.0751028,-2.0,0.0,-45.0
1776885698.0851028,-3.0,-4.0,-38.0
1776885698.0951028,0.0,-9.0,-36.0
1776885698.1051028,3.0,-11.0,-33.0
1776885698.1151028,4.0,-6.0,-34.0
1776885698.1251028,3.0,-3.0,-42.0
1776885698.1351027,6.0,-4.0,-42.0
1776885698.1451027,2.0,-2.0,-42.0
1776885698.1551027,6.0,-4.0,-45.0
1776885698.1651027,2.0,-3.0,-46.0
1776885698.1751027,-1.0,-1.0,-44.0
1776885698.1851027,0.0,0.0,-41.0
1776885698.1951027,0.0,-5.0,-45.0
1776885698.2051027,-2.0,-2.0,-48.0
1776885698.215103,-1.0,-1.0,-45.0
1776885698.225103,-1.0,0.0,-48.0
1776885698.235103,1.0,3.0,-46.0
1776885698.2451026,3.0,-1.0,-53.0
1776885698.2551026,2.0,-4.0,-57.0
1776885698.2651026,3.0,-1.0,-59.0
1776885698.2751029,6.0,-3.0,-58.0
1776885698.2851028,4.0,-1.0,-50.0
1776885698.2951028,3.0,-4.0,-47.0
1776885698.3051028,2.0,-2.0,-49.0
1776885698.3151028,6.0,-4.0,-46.0
1776885698.3251028,5.0,-6.0,-40.0
1776885698.3351028,-1.0,-9.0,-41.0
1776885698.3451028,1.0,-10.0,-35.0
1776885698.3551028,3.0,-7.0,-41.0
1776885698.3651028,0.0,-7.0,-47.0
1776885698.3751028,1.0,-4.0,-49.0
1776885698.3851027,2.0,-3.0,-47.0
1776885698.3951027,5.0,-7.0,-48.0
1776885698.4051027,7.0,-10.0,-40.0
1776885698.4151027,8.0,-5.0,-40.0
1776885698.4251027,5.0,-1.0,-47.0
1776885698.4351027,4.0,0.0,-47.0
1776885698.4451027,3.0,-5.0,-47.0
1776885698.4551027,2.0,-3.0,-51.0
1776885698.465103,1.0,0.0,-46.0
1776885698.475103,0.0,2.0,-48.0
1776885698.485103,1.0,2.0,-41.0
1776885698.4951026,-1.0,-2.0,-47.0
1776885698.5051026,5.0,-5.0,-43.0
1776885698.5151026,7.0,-2.0,-45.0
1776885698.5251029,4.0,-1.0,-45.0
1776885698.5351028,1.0,0.0,-48.0
1776885698.5451028,-4.0,1.0,-45.0
1776885698.5551028,-3.0,1.0,-44.0
1776885698.5651028,-1.0,-1.0,-44.0
1776885698.5751028,-1.0,-2.0,-46.0
1776885698.5851028,-1.0,-1.0,-53.0
1776885698.5951028,-1.0,0.0,-54.0
1776885698.6051028,-2.0,1.0,-50.0
1776885698.6151028,-3.0,2.0,-55.0
1776885698.6251028,-8.0,3.0,-59.0
1776885698.6351027,-10.0,3.0,-63.0
1776885698.6451027,-1.0,0.0,-59.0
1776885698.6551027,-2.0,1.0,-60.0
1776885698.6651027,0.0,2.0,-56.0
1776885698.6751027,4.0,1.0,-50.0
1776885698.6851027,0.0,2.0,-46.0
1776885698.6961029,-4.0,4.0,-43.0
1776885698.7051027,-4.0,0.0,-43.0
1776885698.7161028,-1.0,-3.0,-48.0
1776885698.7261028,3.0,1.0,-46.0
1776885698.7361028,4.0,-2.0,-46.0
1776885698.7461028,7.0,-2.0,-38.0
1776885698.7551026,12.0,-6.0,-36.0
1776885698.7661028,12.0,-4.0,-35.0
1776885698.7761028,7.0,-2.0,-38.0
1776885698.7861028,4.0,-3.0,-39.0
1776885698.7961028,3.0,-2.0,-39.0
1776885698.8051028,4.0,-1.0,-36.0
1776885698.8161027,3.0,-3.0,-38.0
1776885698.8261027,3.0,-3.0,-39.0
1776885698.8361027,4.0,-1.0,-42.0
1776885698.8461027,3.0,-4.0,-43.0
1776885698.8561027,3.0,-4.0,-45.0
1776885698.8661027,4.0,0.0,-40.0
1776885698.8761027,4.0,-1.0,-36.0
1776885698.886103,3.0,-2.0,-29.0
1776885698.896103,0.0,-2.0,-29.0
1776885698.906103,1.0,0.0,-34.0
1776885698.9161026,0.0,1.0,-42.0
1776885698.9261026,5.0,2.0,-41.0
1776885698.9361026,3.0,0.0,-35.0
1776885698.9461029,2.0,0.0,-35.0
1776885698.9561028,-3.0,0.0,-46.0
1776885698.9661028,-4.0,-4.0,-50.0
1776885698.9761028,-1.0,-5.0,-44.0
1776885698.9861028,-4.0,-2.0,-53.0
1776885698.9961028,-6.0,-3.0,-49.0
1776885699.0061028,-4.0,-4.0,-43.0
1776885699.0161028,0.0,-3.0,-44.0
1776885699.0261028,2.0,-3.0,-39.0
1776885699.0361028,0.0,-4.0,-48.0
1776885699.0461028,-4.0,0.0,-44.0
1776885699.0561028,-6.0,0.0,-40.0
1776885699.067103,-9.0,4.0,-41.0
1776885699.0761027,-5.0,5.0,-42.0
1776885699.0861027,-6.0,3.0,-45.0
1776885699.0961027,-3.0,4.0,-45.0
1776885699.1061027,-6.0,0.0,-51.0
1776885699.1161027,-6.0,-2.0,-49.0
1776885699.1261027,-9.0,0.0,-54.0
1776885699.136103,-3.0,0.0,-45.0
1776885699.146103,-1.0,0.0,-46.0
1776885699.156103,0.0,0.0,-48.0
1776885699.1661026,-3.0,0.0,-49.0
1776885699.1761026,-1.0,-4.0,-52.0
1776885699.1861026,3.0,-7.0,-54.0
1776885699.1961029,3.0,-2.0,-54.0
1776885699.2061028,-1.0,-3.0,-50.0
1776885699.2161028,4.0,-3.0,-51.0
1776885699.2261028,1.0,-6.0,-49.0
1776885699.2361028,0.0,-2.0,-41.0
1776885699.2461028,-1.0,3.0,-52.0
1776885699.2561028,-2.0,6.0,-54.0
1776885699.2661028,-4.0,6.0,-51.0
1776885699.2761028,-5.0,7.0,-47.0
1776885699.2861028,-4.0,1.0,-46.0
1776885699.2961028,-1.0,3.0,-40.0
1776885699.3061028,-4.0,1.0,-45.0
1776885699.3161027,-2.0,0.0,-44.0
1776885699.3261027,-2.0,-3.0,-48.0
1776885699.3361027,-2.0,-3.0,-40.0
1776885699.3461027,-4.0,-3.0,-49.0
1776885699.3561027,-3.0,-6.0,-53.0
1776885699.3661027,1.0,-6.0,-49.0
1776885699.3761027,4.0,-2.0,-48.0
1776885699.386103,1.0,-2.0,-48.0
1776885699.396103,-2.0,-2.0,-44.0
1776885699.406103,-2.0,-2.0,-44.0
1776885699.4161026,-2.0,-2.0,-40.0
1776885699.4261026,-1.0,0.0,-39.0
1776885699.4361026,-2.0,-2.0,-43.0
1776885699.4461029,-2.0,-1.0,-42.0
1776885699.4561028,-1.0,-2.0,-51.0
1776885699.4661028,4.0,-1.0,-48.0
1776885699.4761028,0.0,3.0,-49.0
1776885699.4861028,-3.0,4.0,-43.0
1776885699.4961028,0.0,8.0,-37.0
1776885699.5061028,-4.0,6.0,-38.0
1776885699.5161028,1.0,6.0,-37.0
1776885699.5261028,1.0,2.0,-35.0
1776885699.5361028,4.0,2.0,-42.0
1776885699.5461028,2.0,0.0,-47.0
1776885699.5561028,2.0,3.0,-48.0
1776885699.5661027,5.0,2.0,-45.0
1776885699.5761027,4.0,5.0,-43.0
1776885699.5861027,5.0,5.0,-40.0
1776885699.5961027,5.0,6.0,-39.0
1776885699.6061027,5.0,-1.0,-39.0
1776885699.6161027,6.0,-5.0,-43.0
1776885699.6261027,5.0,-8.0,-46.0
1776885699.636103,5.0,-8.0,-44.0
1776885699.646103,2.0,-8.0,-48.0
1776885699.656103,4.0,-7.0,-46.0
1776885699.6661026,5.0,-9.0,-45.0
1776885699.6761026,4.0,-9.0,-54.0
1776885699.6861026,3.0,-5.0,-43.0
1776885699.6961029,3.0,-7.0,-46.0
1776885699.7061028,2.0,-2.0,-53.0
1776885699.7161028,2.0,2.0,-50.0
1776885699.7261028,2.0,4.0,-55.0
1776885699.7361028,2.0,0.0,-49.0
1776885699.7461028,0.0,-1.0,-45.0
1776885699.7561028,1.0,0.0,-41.0
1776885699.7661028,-1.0,2.0,-50.0
1776885699.7761028,-4.0,1.0,-46.0
1776885699.7861028,-4.0,1.0,-43.0
1776885699.7961028,-4.0,0.0,-40.0
1776885699.8061028,-4.0,0.0,-39.0
1776885699.8161027,-3.0,0.0,-43.0
1776885699.8261027,-1.0,0.0,-39.0
1776885699.8361027,-1.0,4.0,-45.0
1776885699.8461027,1.0,0.0,-50.0
1776885699.8561027,3.0,-3.0,-45.0
1776885699.8661027,11.0,-7.0,-44.0
1776885699.8761027,4.0,-6.0,-44.0
1776885699.886103,4.0,-4.0,-51.0
1776885699.896103,1.0,-2.0,-50.0
1776885699.906103,-1.0,-2.0,-38.0
1776885699.9161026,3.0,-2.0,-30.0
1776885699.9261026,1.0,-4.0,-33.0
1776885699.9361026,1.0,-1.0,-38.0
1776885699.9461029,4.0,0.0,-35.0
1776885699.9561028,4.0,0.0,-45.0
1776885699.9661028,3.0,-1.0,-47.0
1776885699.9761028,3.0,0.0,-49.0
1776885699.9861028,4.0,1.0,-53.0
1776885699.9961028,3.0,0.0,-50.0
1776885700.0061028,0.0,0.0,-45.0
1776885700.0161028,-5.0,4.0,-49.0
1776885700.0261028,-5.0,0.0,-50.0
1776885700.0361028,0.0,-4.0,-49.0
1776885700.0461028,1.0,-2.0,-50.0
1776885700.0561028,3.0,-4.0,-47.0
1776885700.0661027,4.0,-1.0,-42.0
1776885700.0761027,5.0,-1.0,-48.0
1776885700.0861027,6.0,-2.0,-45.0
1776885700.0961027,3.0,-2.0,-47.0
1776885700.1061027,-1.0,0.0,-45.0
1776885700.1161027,-6.0,-3.0,-48.0
1776885700.1261027,-4.0,-1.0,-55.0
1776885700.136103,-4.0,0.0,-52.0
1776885700.146103,-5.0,-2.0,-42.0
1776885700.156103,-5.0,-5.0,-43.0
1776885700.1661026,-6.0,-3.0,-38.0
1776885700.1761026,-3.0,-1.0,-36.0
1776885700.1861026,-2.0,0.0,-35.0
1776885700.1961029,-4.0,0.0,-32.0
1776885700.2061028,-2.0,-1.0,-22.0
1776885700.2161028,-1.0,-2.0,-15.0
1776885700.2261028,2.0,-1.0,-18.0
1776885700.2361028,5.0,1.0,-25.0
1776885700.2461028,7.0,6.0,-29.0
1776885700.2561028,8.0,3.0,-30.0
1776885700.2661028,9.0,6.0,-32.0
1776885700.2761028,8.0,9.0,-27.0
1776885700.2861028,9.0,6.0,-24.0
1776885700.2961028,11.0,5.0,-35.0
1776885700.3061028,10.0,3.0,-37.0
1776885700.3161027,7.0,8.0,-39.0
1776885700.3261027,0.0,4.0,-39.0
1776885700.3361027,0.0,0.0,-37.0
1776885700.3461027,-2.0,-1.0,-38.0
1776885700.3561027,-1.0,0.0,-38.0
1776885700.3661027,2.0,0.0,-39.0
1776885700.3761027,-1.0,1.0,-31.0
1776885700.386103,0.0,0.0,-35.0
1776885700.396103,0.0,0.0,-36.0
1776885700.406103,0.0,-1.0,-31.0
1776885700.4161026,0.0,-2.0,-39.0
1776885700.4261026,-4.0,-2.0,-42.0
1776885700.4361026,-8.0,-3.0,-45.0
1776885700.4461029,-8.0,-1.0,-48.0
1776885700.4561028,-4.0,-1.0,-47.0
1776885700.4661028,-4.0,-2.0,-52.0
1776885700.4761028,-6.0,0.0,-49.0
1776885700.4861028,-3.0,-2.0,-50.0
1776885700.4961028,0.0,0.0,-48.0
1776885700.5061028,2.0,1.0,-46.0
1776885700.5161028,-1.0,-1.0,-47.0
1776885700.5261028,0.0,-3.0,-52.0
1776885700.5361028,-3.0,0.0,-48.0
1776885700.5461028,-1.0,-1.0,-42.0
1776885700.5561028,-2.0,0.0,-38.0
1776885700.5661027,-4.0,-6.0,-43.0
1776885700.5761027,-5.0,-5.0,-43.0
1776885700.5861027,-4.0,0.0,-43.0
1776885700.5961027,0.0,-1.0,-41.0
1776885700.6061027,3.0,-1.0,-35.0
1776885700.6161027,3.0,2.0,-36.0
1776885700.6261027,2.0,0.0,-40.0
1776885700.636103,2.0,-2.0,-41.0
1776885700.6471028,0.0,-2.0,-35.0
1776885700.656103,1.0,0.0,-30.0
1776885700.6671028,-1.0,0.0,-33.0
1776885700.6771028,-4.0,0.0,-35.0
1776885700.6871028,0.0,0.0,-40.0
1776885700.6971028,3.0,-4.0,-43.0
1776885700.7071028,1.0,-1.0,-48.0
1776885700.7171028,2.0,-2.0,-46.0
1776885700.7271028,2.0,4.0,-43.0
1776885700.7371027,-3.0,5.0,-41.0
1776885700.7471027,-9.0,2.0,-41.0
1776885700.7571027,-12.0,2.0,-51.0
1776885700.7671027,-7.0,0.0,-57.0
1776885700.7771027,-8.0,0.0,-53.0
1776885700.7871027,-2.0,2.0,-50.0
1776885700.7971027,0.0,2.0,-43.0
1776885700.807103,1.0,0.0,-38.0
1776885700.817103,-2.0,0.0,-37.0
1776885700.827103,-2.0,-4.0,-32.0
1776885700.837103,1.0,-2.0,-32.0
1776885700.8471026,0.0,-5.0,-33.0
1776885700.8571026,6.0,-5.0,-38.0
1776885700.8671026,1.0,-3.0,-32.0
1776885700.8771029,-2.0,-3.0,-32.0
1776885700.8871028,0.0,-2.0,-37.0
1776885700.8971028,-4.0,-2.0,-38.0
1776885700.9071028,-1.0,0.0,-42.0
1776885700.9171028,-2.0,1.0,-41.0
1776885700.9271028,-3.0,-2.0,-40.0
1776885700.9371028,-6.0,-3.0,-47.0
1776885700.9471028,-6.0,-1.0,-50.0
1776885700.9571028,-5.0,-1.0,-41.0
1776885700.9671028,-4.0,-2.0,-45.0
1776885700.9771028,-1.0,-4.0,-44.0
1776885700.9871027,2.0,-8.0,-48.0
1776885700.9971027,5.0,-8.0,-51.0
1776885701.0071027,2.0,-2.0,-48.0
1776885701.0171027,1.0,-5.0,-42.0
1776885701.0271027,1.0,-4.0,-44.0
1776885701.0371027,7.0,-2.0,-38.0
1776885701.0471027,9.0,-3.0,-37.0
1776885701.057103,3.0,-2.0,-41.0
1776885701.067103,1.0,1.0,-42.0
1776885701.077103,-1.0,1.0,-42.0
1776885701.087103,0.0,-1.0,-43.0
1776885701.0971026,0.0,-1.0,-45.0
1776885701.1071026,0.0,0.0,-47.0
1776885701.1171026,5.0,0.0,-50.0
1776885701.1271029,7.0,-1.0,-48.0
1776885701.1371028,0.0,2.0,-43.0
1776885701.1471028,0.0,0.0,-45.0
1776885701.1571028,0.0,-1.0,-38.0
1776885701.1671028,-1.0,-1.0,-44.0
1776885701.1771028,-1.0,-1.0,-42.0
1776885701.1871028,1.0,-2.0,-46.0
1776885701.1971028,1.0,2.0,-43.0
1776885701.2071028,-1.0,1.0,-45.0
1776885701.2171028,-2.0,0.0,-46.0
1776885701.2271028,-2.0,1.0,-47.0
1776885701.2371027,1.0,-1.0,-44.0
1776885701.2471027,7.0,0.0,-49.0
1776885701.2571027,6.0,2.0,-47.0
1776885701.2671027,3.0,2.0,-45.0
1776885701.2771027,1.0,1.0,-45.0
1776885701.2871027,-2.0,3.0,-42.0
1776885701.2971027,-1.0,0.0,-43.0
1776885701.307103,4.0,1.0,-46.0
1776885701.317103,2.0,-3.0,-45.0
1776885701.327103,5.0,-1.0,-42.0
1776885701.337103,4.0,0.0,-41.0
1776885701.3471026,0.0,-3.0,-38.0
1776885701.3571026,2.0,-4.0,-37.0
1776885701.3671026,-2.0,-3.0,-39.0
1776885701.3771029,0.0,-2.0,-43.0
1776885701.3871028,0.0,0.0,-40.0
1776885701.3971028,1.0,-2.0,-37.0
1776885701.4071028,0.0,-3.0,-40.0
1776885701.4171028,3.0,-2.0,-40.0
1776885701.4271028,1.0,-2.0,-38.0
1776885701.4371028,-1.0,-1.0,-36.0
1776885701.4471028,1.0,-2.0,-42.0
1776885701.4571028,2.0,-5.0,-37.0
1776885701.4671028,4.0,-2.0,-30.0
1776885701.4771028,2.0,0.0,-34.0
1776885701.4871027,-5.0,-5.0,-34.0
1776885701.4971027,-4.0,-1.0,-36.0
1776885701.5071027,-3.0,-1.0,-36.0
1776885701.5171027,1.0,-1.0,-39.0
1776885701.5271027,-1.0,3.0,-39.0
1776885701.5371027,-5.0,1.0,-44.0
1776885701.5471027,-6.0,2.0,-44.0
1776885701.557103,-2.0,1.0,-44.0
1776885701.567103,1.0,-3.0,-40.0
1776885701.577103,1.0,-1.0,-33.0
1776885701.587103,3.0,1.0,-33.0
1776885701.5971026,0.0,1.0,-34.0
1776885701.6071026,0.0,-4.0,-37.0
1776885701.6171026,-1.0,-1.0,-36.0
1776885701.6271029,0.0,-2.0,-45.0
1776885701.6371028,1.0,-5.0,-44.0
1776885701.6471028,0.0,-7.0,-43.0
1776885701.6571028,-4.0,-8.0,-48.0
1776885701.6671028,-1.0,-8.0,-41.0
1776885701.6771028,0.0,-11.0,-38.0
1776885701.6871028,-2.0,-12.0,-34.0
1776885701.6971028,-2.0,-5.0,-32.0
1776885701.7071028,3.0,-2.0,-30.0
1776885701.7171028,7.0,-4.0,-29.0
1776885701.7271028,1.0,0.0,-28.0
1776885701.7371027,-1.0,0.0,-37.0
1776885701.7471027,0.0,1.0,-43.0
1776885701.7571027,4.0,1.0,-48.0
1776885701.7671027,4.0,1.0,-45.0
1776885701.7771027,7.0,4.0,-42.0
1776885701.7871027,12.0,6.0,-40.0
1776885701.7971027,13.0,2.0,-41.0
1776885701.807103,12.0,-2.0,-43.0
1776885701.817103,6.0,-2.0,-42.0
1776885701.827103,2.0,1.0,-37.0
1776885701.837103,2.0,-3.0,-34.0
1776885701.8471026,-1.0,-7.0,-38.0
1776885701.8571026,-2.0,-5.0,-33.0
1776885701.8671026,0.0,-3.0,-37.0
1776885701.8771029,1.0,-3.0,-31.0
1776885701.8871028,3.0,-5.0,-37.0
1776885701.8971028,8.0,-4.0,-44.0
1776885701.9071028,6.0,-5.0,-45.0
1776885701.9171028,2.0,-1.0,-38.0
1776885701.9271028,1.0,2.0,-36.0
1776885701.9371028,0.0,0.0,-34.0
1776885701.9471028,-1.0,0.0,-39.0
1776885701.9571028,-4.0,1.0,-39.0
1776885701.9671028,-5.0,-3.0,-41.0
1776885701.9771028,-3.0,-5.0,-38.0
1776885701.9871027,-3.0,-7.0,-39.0
1776885701.9971027,-3.0,-6.0,-39.0
1776885702.0071027,-2.0,-1.0,-42.0
1776885702.0171027,0.0,-2.0,-39.0
1776885702.0271027,3.0,0.0,-30.0
1776885702.0371027,-3.0,3.0,-42.0
1776885702.0471027,-6.0,1.0,-46.0
1776885702.057103,-4.0,-1.0,-40.0
1776885702.067103,-2.0,1.0,-37.0
1776885702.077103,0.0,-4.0,-30.0
1776885702.087103,1.0,-8.0,-36.0
1776885702.0971026,4.0,-6.0,-44.0
1776885702.1071026,4.0,-4.0,-51.0
1776885702.1171026,4.0,-6.0,-56.0
1776885702.1271029,0.0,-4.0,-58.0
1776885702.1371028,4.0,-4.0,-59.0
1776885702.1471028,3.0,-8.0,-57.0
1776885702.1571028,0.0,-5.0,-50.0
1776885702.1671028,-1.0,-3.0,-47.0
1776885702.1771028,-3.0,-2.0,-43.0
1776885702.1871028,0.0,-1.0,-40.0
1776885702.1971028,-4.0,0.0,-42.0
1776885702.2071028,-1.0,-2.0,-39.0
1776885702.2171028,6.0,-2.0,-39.0
1776885702.2271028,7.0,-1.0,-44.0
1776885702.2371027,9.0,-1.0,-44.0
1776885702.2471027,4.0,-1.0,-41.0
1776885702.2571027,1.0,-4.0,-38.0
1776885702.2671027,0.0,-7.0,-41.0
1776885702.2771027,0.0,-4.0,-47.0
1776885702.2871027,0.0,-9.0,-47.0
1776885702.2971027,-3.0,-9.0,-48.0
1776885702.307103,-2.0,-10.0,-44.0
1776885702.317103,0.0,-6.0,-41.0
1776885702.327103,3.0,-5.0,-43.0
1776885702.337103,10.0,-3.0,-34.0
1776885702.3471026,5.0,0.0,-35.0
1776885702.3571026,2.0,1.0,-40.0
1776885702.3671026,5.0,1.0,-39.0
1776885702.3771029,-3.0,0.0,-41.0
1776885702.3871028,-3.0,-3.0,-36.0
1776885702.3971028,-6.0,-2.0,-35.0
1776885702.4071028,-4.0,-1.0,-36.0
1776885702.4171028,-4.0,0.0,-42.0
1776885702.4271028,0.0,4.0,-31.0
1776885702.4371028,3.0,2.0,-38.0
1776885702.4471028,5.0,-1.0,-43.0
1776885702.4571028,5.0,-6.0,-47.0
1776885702.4671028,7.0,-4.0,-43.0
1776885702.4771028,1.0,-4.0,-38.0
1776885702.4871027,3.0,-4.0,-37.0
1776885702.4971027,7.0,-1.0,-44.0
1776885702.5071027,3.0,-3.0,-39.0
1776885702.5171027,3.0,-8.0,-34.0
1776885702.5271027,7.0,-6.0,-38.0
1776885702.5371027,6.0,-6.0,-43.0
1776885702.5471027,4.0,-3.0,-40.0
1776885702.557103,5.0,-3.0,-34.0
1776885702.567103,6.0,-6.0,-31.0
1776885702.577103,1.0,-10.0,-39.0
1776885702.587103,2.0,-7.0,-41.0
1776885702.5971026,4.0,-10.0,-44.0
1776885702.6071026,3.0,-10.0,-45.0
1776885702.6171026,-2.0,-10.0,-37.0
1776885702.6281028,-4.0,-13.0,-36.0
1776885702.6381028,-2.0,-11.0,-36.0
1776885702.6481028,-5.0,-8.0,-43.0
1776885702.6571028,-1.0,-2.0,-53.0
1776885702.6681027,0.0,-1.0,-53.0
1776885702.6781027,-4.0,-4.0,-53.0
1776885702.6881027,-6.0,-5.0,-58.0
1776885702.6981027,-5.0,-3.0,-52.0
1776885702.7081027,-7.0,-2.0,-50.0
1776885702.7181027,-3.0,-1.0,-47.0
1776885702.7281027,-2.0,-3.0,-41.0
1776885702.738103,-1.0,-1.0,-36.0
1776885702.748103,0.0,-2.0,-38.0
1776885702.758103,2.0,-5.0,-41.0
1776885702.7681026,5.0,-3.0,-43.0
1776885702.7781026,6.0,0.0,-41.0
1776885702.7881026,6.0,2.0,-39.0
1776885702.7981029,7.0,0.0,-39.0
1776885702.8081028,2.0,0.0,-39.0
1776885702.8181028,2.0,-2.0,-41.0
1776885702.8281028,2.0,0.0,-35.0
1776885702.8381028,3.0,-3.0,-37.0
1776885702.8481028,5.0,-3.0,-32.0
1776885702.8581028,7.0,-4.0,-31.0
1776885702.8681028,10.0,-3.0,-34.0
1776885702.8781028,3.0,-4.0,-39.0
1776885702.8881028,3.0,0.0,-38.0
1776885702.8981028,2.0,0.0,-37.0
1776885702.9081028,2.0,-4.0,-41.0
1776885702.9181027,-4.0,0.0,-34.0
1776885702.9281027,-1.0,3.0,-34.0
1776885702.9381027,-6.0,3.0,-36.0
1776885702.9481027,-7.0,1.0,-37.0
1776885702.9581027,-8.0,-2.0,-41.0
1776885702.9681027,-3.0,-4.0,-44.0
1776885702.9781027,0.0,-3.0,-42.0
1776885702.988103,-2.0,-2.0,-42.0
1776885702.998103,-3.0,-2.0,-48.0
1776885703.008103,-4.0,1.0,-54.0
1776885703.0181026,-6.0,4.0,-47.0
1776885703.0281026,-7.0,3.0,-53.0
1776885703.0381026,-8.0,1.0,-52.0
1776885703.0481029,-4.0,3.0,-54.0
1776885703.0581028,-7.0,1.0,-51.0
1776885703.0681028,-2.0,-4.0,-53.0
1776885703.0781028,-5.0,-4.0,-57.0
1776885703.0881028,-6.0,-4.0,-53.0
1776885703.0981028,-7.0,-3.0,-48.0
1776885703.1081028,-5.0,4.0,-48.0
1776885703.1181028,-4.0,5.0,-38.0
1776885703.1281028,-2.0,3.0,-37.0
1776885703.1381028,-2.0,0.0,-44.0
1776885703.1481028,1.0,-3.0,-50.0
1776885703.1581028,1.0,-3.0,-55.0
1776885703.1681027,1.0,-1.0,-54.0
1776885703.1781027,6.0,-2.0,-54.0
1776885703.1881027,7.0,-3.0,-52.0
1776885703.1981027,5.0,-4.0,-50.0
1776885703.2081027,4.0,-7.0,-48.0
1776885703.2181027,1.0,-8.0,-47.0
1776885703.2281027,1.0,-10.0,-46.0
1776885703.238103,1.0,-11.0,-45.0
1776885703.248103,1.0,-9.0,-45.0
1776885703.258103,1.0,-7.0,-49.0
1776885703.2681026,5.0,-7.0,-46.0
1776885703.2781026,4.0,-8.0,-46.0
1776885703.2881026,7.0,-12.0,-47.0
1776885703.2981029,6.0,-8.0,-51.0
1776885703.3081028,5.0,-5.0,-47.0
1776885703.3181028,2.0,-4.0,-52.0
1776885703.3281028,6.0,-10.0,-53.0
1776885703.3381028,7.0,-11.0,-53.0
1776885703.3481028,0.0,-12.0,-50.0
1776885703.3581028,-2.0,-11.0,-49.0
1776885703.3681028,-3.0,-7.0,-43.0
1776885703.3781028,1.0,-5.0,-49.0
1776885703.3881028,2.0,-6.0,-45.0
1776885703.3981028,1.0,-5.0,-38.0
1776885703.4081028,0.0,-5.0,-39.0
1776885703.4181027,-2.0,-8.0,-44.0
1776885703.4281027,-4.0,-9.0,-43.0
1776885703.4381027,-5.0,-10.0,-41.0
1776885703.4481027,-1.0,-13.0,-45.0
1776885703.4581027,-1.0,-8.0,-48.0
1776885703.4681027,1.0,-5.0,-48.0
1776885703.4781027,1.0,-7.0,-39.0
1776885703.488103,-1.0,-7.0,-36.0
1776885703.498103,2.0,-6.0,-41.0
1776885703.508103,1.0,-4.0,-39.0
1776885703.5181026,2.0,-1.0,-48.0
1776885703.5281026,1.0,1.0,-48.0
1776885703.5381026,2.0,-1.0,-50.0
1776885703.5481029,2.0,-1.0,-48.0
1776885703.5581028,2.0,2.0,-56.0
1776885703.5681028,0.0,6.0,-56.0
1776885703.5781028,-2.0,7.0,-54.0
1776885703.5881028,0.0,5.0,-55.0
1776885703.5981028,-2.0,4.0,-46.0
1776885703.6081028,-6.0,6.0,-44.0
1776885703.6181028,-6.0,5.0,-40.0
1776885703.6281028,-7.0,5.0,-39.0
1776885703.6381028,-3.0,5.0,-34.0
1776885703.6481028,-2.0,4.0,-36.0
1776885703.6581028,-4.0,3.0,-38.0
1776885703.6681027,0.0,2.0,-37.0
1776885703.6781027,-3.0,4.0,-36.0
1776885703.6881027,0.0,2.0,-42.0
1776885703.6981027,0.0,1.0,-40.0
1776885703.7081027,0.0,1.0,-33.0
1776885703.7181027,-2.0,0.0,-29.0
1776885703.7281027,-5.0,0.0,-27.0
1776885703.738103,-2.0,-2.0,-31.0
1776885703.748103,-4.0,-4.0,-37.0
1776885703.758103,-2.0,-9.0,-37.0
1776885703.7681026,-1.0,-10.0,-39.0
1776885703.7781026,0.0,-8.0,-40.0
1776885703.7881026,1.0,-9.0,-35.0
1776885703.7981029,0.0,-6.0,-42.0
1776885703.8081028,-2.0,-2.0,-47.0
1776885703.8181028,-2.0,-1.0,-43.0
1776885703.8281028,0.0,0.0,-37.0
1776885703.8381028,-1.0,-3.0,-39.0
1776885703.8481028,0.0,-2.0,-39.0
1776885703.8581028,4.0,0.0,-44.0
1776885703.8681028,7.0,-3.0,-45.0
1776885703.8781028,7.0,-1.0,-49.0
1776885703.8881028,9.0,0.0,-48.0
1776885703.8981028,7.0,1.0,-42.0
1776885703.9081028,5.0,3.0,-36.0
1776885703.9181027,1.0,0.0,-41.0
1776885703.9281027,2.0,0.0,-41.0
1776885703.9381027,3.0,0.0,-48.0
1776885703.9481027,-7.0,3.0,-44.0
1776885703.9581027,-3.0,6.0,-40.0
1776885703.9681027,-1.0,3.0,-44.0
1776885703.9781027,0.0,1.0,-45.0
1776885703.988103,1.0,-1.0,-43.0
1776885703.998103,3.0,0.0,-46.0
1776885704.008103,-2.0,0.0,-46.0
1776885704.0181026,0.0,-1.0,-44.0
1776885704.0281026,4.0,1.0,-35.0
1776885704.0381026,3.0,2.0,-29.0
1776885704.0481029,2.0,1.0,-33.0
1776885704.0581028,1.0,0.0,-35.0
1776885704.0681028,-1.0,1.0,-33.0
1776885704.0781028,0.0,0.0,-22.0
1776885704.0881028,3.0,1.0,-16.0
1776885704.0981028,0.0,1.0,-26.0
1776885704.1081028,-3.0,4.0,-25.0
1776885704.1181028,-6.0,2.0,-32.0
1776885704.1281028,-5.0,0.0,-38.0
1776885704.1381028,-5.0,0.0,-38.0
1776885704.1481028,-2.0,0.0,-35.0
1776885704.1581028,-2.0,0.0,-41.0
1776885704.1681027,3.0,0.0,-46.0
1776885704.1781027,4.0,0.0,-42.0
1776885704.1881027,-4.0,-4.0,-46.0
1776885704.1981027,0.0,-2.0,-48.0
1776885704.2081027,2.0,-4.0,-41.0
1776885704.2181027,0.0,-3.0,-42.0
1776885704.2281027,0.0,-1.0,-37.0
1776885704.238103,-2.0,-2.0,-42.0
1776885704.248103,-4.0,-7.0,-44.0
1776885704.258103,-1.0,-3.0,-42.0
1776885704.2681026,-2.0,-3.0,-40.0
1776885704.2781026,-4.0,-3.0,-35.0
1776885704.2881026,-3.0,0.0,-31.0
1776885704.2981029,-2.0,0.0,-31.0
1776885704.3081028,-1.0,2.0,-36.0
1776885704.3181028,-2.0,4.0,-39.0
1776885704.3281028,0.0,7.0,-41.0
1776885704.3381028,-1.0,6.0,-35.0
1776885704.3481028,1.0,2.0,-38.0
1776885704.3581028,0.0,0.0,-42.0
1776885704.3681028,-1.0,-1.0,-41.0
1776885704.3781028,0.0,0.0,-42.0
1776885704.3881028,0.0,2.0,-40.0
1776885704.3981028,2.0,0.0,-42.0
1776885704.4081028,6.0,-3.0,-42.0
1776885704.4181027,5.0,-1.0,-41.0
1776885704.4281027,3.0,-6.0,-35.0
1776885704.4381027,1.0,-4.0,-30.0
1776885704.4481027,1.0,-2.0,-35.0
1776885704.4581027,2.0,-2.0,-39.0
1776885704.4681027,2.0,-2.0,-47.0
1776885704.4781027,4.0,0.0,-45.0
1776885704.488103,3.0,4.0,-47.0
1776885704.498103,3.0,4.0,-42.0
1776885704.508103,0.0,8.0,-41.0
1776885704.5181026,0.0,11.0,-41.0
1776885704.5281026,-1.0,8.0,-35.0
1776885704.5381026,-6.0,10.0,-31.0
1776885704.5481029,-5.0,8.0,-37.0
1776885704.5581028,-7.0,7.0,-34.0
1776885704.5681028,-6.0,6.0,-30.0
1776885704.5781028,-5.0,1.0,-28.0
1776885704.5881028,0.0,-2.0,-33.0
1776885704.5981028,3.0,-2.0,-35.0
1776885704.6091027,4.0,-1.0,-42.0
1776885704.6181028,7.0,-2.0,-35.0
1776885704.6291027,0.0,1.0,-41.0
1776885704.6391027,3.0,0.0,-49.0
1776885704.6491027,6.0,-2.0,-52.0
1776885704.659103,8.0,0.0,-53.0
1776885704.669103,4.0,2.0,-46.0
1776885704.679103,0.0,0.0,-45.0
1776885704.6891026,4.0,1.0,-45.0
1776885704.6991026,7.0,0.0,-42.0
1776885704.7091026,6.0,-1.0,-35.0
1776885704.7191026,4.0,0.0,-34.0
1776885704.7291028,3.0,-3.0,-35.0
1776885704.7391028,0.0,-6.0,-39.0
1776885704.7491028,-1.0,-3.0,-40.0
1776885704.7591028,0.0,-4.0,-39.0
1776885704.7691028,0.0,3.0,-38.0
1776885704.7791028,0.0,6.0,-34.0
1776885704.7891028,0.0,2.0,-33.0
1776885704.7991028,1.0,-1.0,-33.0
1776885704.8091028,1.0,-3.0,-34.0
1776885704.8191028,-4.0,0.0,-34.0
1776885704.8291028,-3.0,0.0,-42.0
1776885704.8391027,-2.0,-3.0,-43.0
1776885704.8491027,0.0,-1.0,-46.0
1776885704.8591027,0.0,-1.0,-26.0
1776885704.8691027,0.0,-2.0,-27.0
1776885704.8791027,-3.0,-6.0,-40.0
1776885704.8891027,-3.0,-6.0,-45.0
1776885704.8991027,-3.0,-7.0,-44.0
1776885704.909103,-7.0,-6.0,-45.0
1776885704.919103,-2.0,-2.0,-49.0
1776885704.929103,0.0,0.0,-53.0
1776885704.9391026,-6.0,-4.0,-50.0
1776885704.9491026,-5.0,-4.0,-48.0
1776885704.9591026,-5.0,-8.0,-47.0
1776885704.9691026,-3.0,-7.0,-55.0
1776885704.9791028,-1.0,-7.0,-51.0
1776885704.9891028,0.0,-5.0,-47.0
1776885704.9991028,2.0,-5.0,-43.0
1776885705.0091028,0.0,-5.0,-45.0
1776885705.0191028,0.0,-8.0,-37.0
1776885705.0291028,4.0,-8.0,-38.0
1776885705.0391028,1.0,-7.0,-37.0
1776885705.0491028,2.0,-1.0,-42.0
1776885705.0591028,0.0,-1.0,-45.0
1776885705.0691028,2.0,-5.0,-42.0
1776885705.0791028,0.0,-5.0,-39.0
1776885705.0891027,-1.0,-6.0,-39.0
1776885705.0991027,-4.0,-2.0,-40.0
1776885705.1091027,0.0,0.0,-40.0
1776885705.1191027,1.0,1.0,-37.0
1776885705.1291027,2.0,3.0,-36.0
1776885705.1391027,2.0,2.0,-34.0
1776885705.1491027,2.0,4.0,-35.0
1776885705.159103,3.0,1.0,-33.0
1776885705.169103,1.0,4.0,-28.0
1776885705.179103,0.0,7.0,-30.0
1776885705.1891026,0.0,6.0,-28.0
1776885705.1991026,-2.0,9.0,-32.0
1776885705.2091026,-4.0,9.0,-39.0
1776885705.2191026,0.0,5.0,-42.0
1776885705.2291028,1.0,1.0,-41.0
1776885705.2391028,0.0,-3.0,-37.0
1776885705.2491028,2.0,-1.0,-35.0
1776885705.2591028,0.0,0.0,-42.0
1776885705.2691028,-1.0,-2.0,-37.0
1776885705.2791028,-2.0,-5.0,-38.0
1776885705.2891028,1.0,-6.0,-34.0
1776885705.2991028,-1.0,-6.0,-40.0
1776885705.3091028,0.0,-6.0,-36.0
1776885705.3191028,2.0,-7.0,-39.0
1776885705.3291028,2.0,-7.0,-34.0
1776885705.3391027,5.0,-4.0,-36.0
1776885705.3491027,2.0,-1.0,-38.0
1776885705.3591027,0.0,-5.0,-35.0
1776885705.3691027,0.0,-6.0,-32.0
1776885705.3791027,0.0,-5.0,-29.0
1776885705.3891027,0.0,-7.0,-31.0
1776885705.3991027,2.0,-6.0,-35.0
1776885705.409103,1.0,-2.0,-37.0
1776885705.419103,-2.0,1.0,-40.0
1776885705.429103,-1.0,0.0,-42.0
1776885705.4391026,-1.0,-5.0,-43.0
1776885705.4491026,1.0,1.0,-48.0
1776885705.4591026,0.0,-2.0,-54.0
1776885705.4691026,-2.0,-4.0,-49.0
1776885705.4791028,1.0,-3.0,-42.0
1776885705.4891028,-2.0,-5.0,-43.0
1776885705.4991028,3.0,-2.0,-46.0
1776885705.5091028,1.0,-3.0,-40.0
1776885705.5191028,-1.0,-6.0,-36.0
1776885705.5291028,0.0,-5.0,-35.0
1776885705.5391028,5.0,-3.0,-41.0
1776885705.5491028,12.0,-2.0,-42.0
1776885705.5591028,10.0,-2.0,-33.0
1776885705.5691028,12.0,-3.0,-37.0
1776885705.5791028,17.0,-3.0,-40.0
1776885705.5891027,14.0,-5.0,-36.0
1776885705.5991027,9.0,-3.0,-36.0
1776885705.6091027,10.0,-7.0,-32.0
1776885705.6191027,9.0,-5.0,-33.0
1776885705.6291027,1.0,-4.0,-45.0
1776885705.6391027,-2.0,-2.0,-52.0
1776885705.6491027,-3.0,0.0,-53.0
1776885705.659103,-1.0,-4.0,-50.0
1776885705.669103,-1.0,-7.0,-44.0
1776885705.679103,1.0,-8.0,-44.0
1776885705.6891026,-2.0,-7.0,-41.0
1776885705.6991026,-6.0,-5.0,-49.0
1776885705.7091026,-4.0,-4.0,-43.0
1776885705.7191026,-4.0,-8.0,-46.0
1776885705.7291028,-5.0,-10.0,-47.0
1776885705.7391028,-5.0,-1.0,-40.0
1776885705.7491028,0.0,0.0,-39.0
1776885705.7591028,2.0,4.0,-35.0
1776885705.7691028,1.0,6.0,-37.0
1776885705.7791028,3.0,5.0,-34.0
1776885705.7891028,0.0,1.0,-36.0
1776885705.7991028,-1.0,0.0,-45.0
1776885705.8091028,1.0,-2.0,-47.0
1776885705.8191028,7.0,-4.0,-47.0
1776885705.8291028,4.0,-2.0,-44.0
1776885705.8391027,5.0,-3.0,-42.0
1776885705.8491027,3.0,-2.0,-48.0
1776885705.8591027,2.0,-1.0,-48.0
1776885705.8691027,0.0,-4.0,-47.0
1776885705.8791027,0.0,-5.0,-49.0
1776885705.8891027,3.0,-6.0,-47.0
1776885705.8991027,0.0,-2.0,-44.0
1776885705.909103,-1.0,0.0,-35.0
1776885705.919103,-2.0,1.0,-32.0
1776885705.929103,-1.0,3.0,-26.0
1776885705.9391026,0.0,1.0,-30.0
1776885705.9491026,-5.0,0.0,-36.0
1776885705.9591026,-6.0,1.0,-31.0
1776885705.9691026,-7.0,-2.0,-27.0
1776885705.9791028,0.0,-1.0,-32.0
1776885705.9891028,3.0,0.0,-31.0
1776885705.9991028,6.0,0.0,-32.0
1776885706.0091028,7.0,0.0,-36.0
1776885706.0191028,6.0,-4.0,-38.0
1776885706.0291028,4.0,-6.0,-34.0
1776885706.0391028,2.0,-6.0,-33.0
1776885706.0491028,4.0,-7.0,-39.0
1776885706.0591028,0.0,-8.0,-35.0
1776885706.0691028,-3.0,-9.0,-37.0
1776885706.0791028,-4.0,-7.0,-39.0
1776885706.0891027,-4.0,-5.0,-41.0
1776885706.0991027,-7.0,0.0,-40.0
1776885706.1091027,-1.0,0.0,-35.0
1776885706.1191027,-3.0,-5.0,-47.0
1776885706.1291027,0.0,-5.0,-49.0
1776885706.1391027,0.0,-2.0,-47.0
1776885706.1491027,-5.0,-1.0,-41.0
1776885706.159103,-7.0,-1.0,-41.0
1776885706.169103,-4.0,-1.0,-40.0
1776885706.179103,-4.0,-2.0,-36.0
1776885706.1891026,0.0,-2.0,-42.0
1776885706.1991026,0.0,1.0,-50.0
1776885706.2091026,-2.0,1.0,-47.0
1776885706.2191026,0.0,0.0,-43.0
1776885706.2291028,3.0,3.0,-45.0
1776885706.2391028,4.0,0.0,-52.0
1776885706.2491028,2.0,-1.0,-46.0
1776885706.2591028,4.0,-6.0,-46.0
1776885706.2691028,1.0,-5.0,-48.0
1776885706.2791028,0.0,-1.0,-49.0
1776885706.2891028,1.0,-1.0,-47.0
1776885706.2991028,-2.0,-2.0,-46.0
1776885706.3091028,-4.0,-1.0,-39.0
1776885706.3191028,-4.0,4.0,-45.0
1776885706.3291028,-1.0,2.0,-44.0
1776885706.3391027,-4.0,2.0,-50.0
1776885706.3491027,-5.0,2.0,-47.0
1776885706.3591027,-2.0,-1.0,-53.0
1776885706.3691027,-1.0,-4.0,-54.0
1776885706.3791027,0.0,-2.0,-53.0
1776885706.3891027,-2.0,0.0,-53.0
1776885706.3991027,-1.0,0.0,-58.0
1776885706.409103,-2.0,-3.0,-55.0
1776885706.419103,-3.0,-4.0,-51.0
1776885706.429103,-2.0,-4.0,-48.0
1776885706.4391026,0.0,-7.0,-51.0
1776885706.4491026,0.0,-6.0,-52.0
1776885706.4591026,2.0,-3.0,-55.0
1776885706.4691026,0.0,-1.0,-55.0
1776885706.4791028,1.0,0.0,-54.0
1776885706.4891028,2.0,-4.0,-48.0
1776885706.4991028,3.0,-1.0,-35.0
1776885706.5091028,1.0,-2.0,-29.0
1776885706.5191028,1.0,0.0,-30.0
1776885706.5291028,6.0,3.0,-36.0
1776885706.5391028,8.0,7.0,-42.0
1776885706.5491028,3.0,6.0,-41.0
1776885706.5591028,3.0,8.0,-42.0
1776885706.5691028,1.0,5.0,-40.0
1776885706.5791028,1.0,1.0,-43.0
1776885706.5891027,0.0,-4.0,-42.0
1776885706.5991027,2.0,2.0,-40.0
1776885706.610103,0.0,5.0,-48.0
1776885706.6201026,0.0,8.0,-45.0
1776885706.6291027,-2.0,5.0,-40.0
1776885706.6401026,-1.0,5.0,-34.0
1776885706.6501029,0.0,7.0,-38.0
1776885706.6601028,-2.0,5.0,-37.0
1776885706.6701028,-7.0,4.0,-32.0
1776885706.6801028,-5.0,-1.0,-40.0
1776885706.6901028,-8.0,-2.0,-41.0
1776885706.7001028,-6.0,-2.0,-45.0
1776885706.7101028,-1.0,-1.0,-38.0
1776885706.7201028,0.0,-1.0,-41.0
1776885706.7301028,-2.0,-5.0,-40.0
1776885706.7401028,-6.0,-1.0,-38.0
1776885706.7501028,-4.0,-1.0,-47.0
1776885706.7601027,-6.0,0.0,-49.0
1776885706.7701027,-6.0,0.0,-54.0
1776885706.7801027,-2.0,0.0,-41.0
1776885706.7901027,-5.0,-1.0,-38.0
1776885706.8001027,-6.0,-2.0,-35.0
1776885706.8101027,-3.0,-3.0,-36.0
1776885706.8201027,-4.0,-2.0,-35.0
1776885706.8301027,-4.0,-1.0,-45.0
1776885706.840103,-5.0,-1.0,-47.0
1776885706.850103,2.0,0.0,-49.0
1776885706.860103,0.0,-1.0,-48.0
1776885706.8701026,0.0,-1.0,-47.0
1776885706.8801026,3.0,-1.0,-48.0
1776885706.8901026,3.0,-1.0,-55.0
1776885706.9001029,1.0,-3.0,-50.0
1776885706.9101028,3.0,-3.0,-45.0
1776885706.9201028,-1.0,-3.0,-54.0
1776885706.9301028,5.0,-3.0,-50.0
1776885706.9401028,10.0,0.0,-49.0
1776885706.9501028,10.0,0.0,-46.0
1776885706.9601028,3.0,-1.0,-43.0
1776885706.9701028,1.0,-1.0,-42.0
1776885706.9801028,-1.0,0.0,-48.0
1776885706.9901028,-1.0,-2.0,-47.0
1776885707.0001028,0.0,-3.0,-47.0
1776885707.0101027,-1.0,-2.0,-44.0
1776885707.0201027,-3.0,-1.0,-41.0
1776885707.0301027,-4.0,-4.0,-39.0
1776885707.0401027,-7.0,-2.0,-36.0
1776885707.0501027,-7.0,-1.0,-36.0
1776885707.0601027,2.0,-2.0,-40.0
1776885707.0701027,3.0,0.0,-37.0
1776885707.0801027,2.0,0.0,-38.0
1776885707.090103,3.0,0.0,-40.0
1776885707.100103,1.0,-1.0,-37.0
1776885707.110103,7.0,0.0,-35.0
1776885707.1201026,8.0,-5.0,-34.0
1776885707.1301026,11.0,-3.0,-33.0
1776885707.1401026,9.0,-5.0,-29.0
1776885707.1501029,7.0,-5.0,-25.0
1776885707.1601028,7.0,-4.0,-25.0
1776885707.1701028,7.0,-3.0,-28.0
1776885707.1801028,8.0,-2.0,-36.0
1776885707.1901028,5.0,1.0,-40.0
1776885707.2001028,5.0,2.0,-41.0
1776885707.2101028,5.0,0.0,-39.0
1776885707.2201028,4.0,5.0,-34.0
1776885707.2301028,3.0,5.0,-35.0
1776885707.2401028,1.0,5.0,-35.0
1776885707.2501028,0.0,2.0,-37.0
1776885707.2601027,0.0,3.0,-39.0
1776885707.2701027,1.0,4.0,-38.0
1776885707.2801027,1.0,0.0,-43.0
1776885707.2901027,5.0,0.0,-46.0
1776885707.3001027,6.0,-3.0,-44.0
1776885707.3101027,1.0,-4.0,-53.0
1776885707.3201027,2.0,-4.0,-54.0
1776885707.3301027,3.0,-3.0,-46.0
1776885707.340103,2.0,-3.0,-40.0
1776885707.350103,2.0,0.0,-45.0
1776885707.360103,0.0,0.0,-37.0
1776885707.3701026,-4.0,-1.0,-34.0
1776885707.3801026,-5.0,0.0,-31.0
1776885707.3901026,-7.0,-3.0,-30.0
1776885707.4001029,-4.0,-5.0,-32.0
1776885707.4101028,-5.0,-3.0,-36.0
1776885707.4201028,-5.0,-8.0,-39.0
1776885707.4301028,0.0,-9.0,-33.0
1776885707.4401028,0.0,-9.0,-37.0
1776885707.4501028,-1.0,-6.0,-38.0
1776885707.4601028,0.0,-4.0,-34.0
1776885707.4701028,0.0,-2.0,-31.0
1776885707.4801028,4.0,-2.0,-32.0
1776885707.4901028,1.0,0.0,-34.0
1776885707.5001028,3.0,0.0,-35.0
1776885707.5101027,0.0,0.0,-36.0
1776885707.5201027,3.0,-1.0,-35.0
1776885707.5301027,6.0,-1.0,-44.0
1776885707.5401027,0.0,1.0,-41.0
1776885707.5501027,0.0,3.0,-38.0
1776885707.5601027,2.0,4.0,-41.0
1776885707.5701027,4.0,5.0,-46.0
1776885707.5801027,0.0,3.0,-45.0
1776885707.590103,1.0,2.0,-45.0
1776885707.600103,7.0,0.0,-43.0
1776885707.610103,9.0,-1.0,-40.0
1776885707.6201026,9.0,-3.0,-47.0
1776885707.6301026,0.0,-2.0,-45.0
1776885707.6401026,0.0,-3.0,-44.0
1776885707.6501029,1.0,-2.0,-46.0
1776885707.6601028,-1.0,-4.0,-45.0
1776885707.6701028,2.0,-5.0,-45.0
1776885707.6801028,1.0,0.0,-41.0
1776885707.6901028,-3.0,1.0,-43.0
1776885707.7001028,-7.0,4.0,-50.0
1776885707.7101028,-5.0,0.0,-46.0
1776885707.7201028,-2.0,-2.0,-43.0
1776885707.7301028,0.0,-2.0,-42.0
1776885707.7401028,0.0,-1.0,-38.0
1776885707.7501028,2.0,-1.0,-40.0
1776885707.7601027,3.0,0.0,-40.0
1776885707.7701027,0.0,0.0,-40.0
1776885707.7801027,-1.0,0.0,-40.0
1776885707.7901027,0.0,2.0,-43.0
1776885707.8001027,-5.0,5.0,-41.0
1776885707.8101027,-4.0,5.0,-38.0
1776885707.8201027,-1.0,1.0,-29.0
1776885707.8301027,0.0,3.0,-27.0
1776885707.840103,3.0,3.0,-35.0
1776885707.850103,0.0,4.0,-39.0
1776885707.860103,7.0,3.0,-42.0
1776885707.8701026,6.0,0.0,-40.0
1776885707.8801026,3.0,0.0,-40.0
1776885707.8901026,1.0,-2.0,-42.0
1776885707.9001029,6.0,-3.0,-50.0
1776885707.9101028,3.0,-7.0,-66.0
1776885707.9201028,0.0,-7.0,-64.0
1776885707.9301028,3.0,-7.0,-54.0
1776885707.9401028,2.0,-4.0,-49.0
1776885707.9501028,2.0,-3.0,-43.0
1776885707.9601028,4.0,-1.0,-46.0
1776885707.9701028,10.0,-1.0,-50.0
1776885707.9801028,8.0,-3.0,-44.0
1776885707.9901028,9.0,0.0,-44.0
1776885708.0001028,5.0,0.0,-45.0
1776885708.0101027,4.0,-4.0,-48.0
1776885708.0201027,3.0,-4.0,-48.0
1776885708.0301027,3.0,-7.0,-41.0
1776885708.0401027,3.0,-9.0,-37.0
1776885708.0501027,5.0,-6.0,-40.0
1776885708.0601027,0.0,-6.0,-36.0
1776885708.0701027,0.0,-2.0,-34.0
1776885708.0801027,5.0,-4.0,-37.0
1776885708.090103,4.0,-7.0,-36.0
1776885708.100103,2.0,-6.0,-37.0
1776885708.110103,2.0,-3.0,-39.0
1776885708.1201026,0.0,-3.0,-32.0
1776885708.1301026,-2.0,-1.0,-38.0
1776885708.1401026,-2.0,-2.0,-34.0
1776885708.1501029,0.0,-3.0,-34.0
1776885708.1601028,0.0,-5.0,-31.0
1776885708.1701028,0.0,-6.0,-34.0
1776885708.1801028,1.0,-3.0,-35.0
1776885708.1901028,1.0,-5.0,-35.0
1776885708.2001028,0.0,-7.0,-34.0
1776885708.2101028,1.0,-1.0,-42.0
1776885708.2201028,3.0,-3.0,-50.0
1776885708.2301028,4.0,-7.0,-51.0
1776885708.2401028,1.0,-7.0,-53.0
1776885708.2501028,-2.0,-3.0,-58.0
1776885708.2601027,-2.0,-2.0,-49.0
1776885708.2701027,-3.0,0.0,-56.0
1776885708.2801027,-4.0,2.0,-50.0
1776885708.2901027,-2.0,0.0,-42.0
1776885708.3001027,2.0,-3.0,-37.0
1776885708.3101027,2.0,0.0,-41.0
1776885708.3201027,-4.0,1.0,-38.0
1776885708.3301027,-2.0,0.0,-45.0
1776885708.340103,-4.0,-4.0,-48.0
1776885708.350103,-2.0,-2.0,-42.0
1776885708.360103,-3.0,-3.0,-42.0
1776885708.3701026,-2.0,0.0,-48.0
1776885708.3801026,-1.0,1.0,-45.0
1776885708.3901026,3.0,-3.0,-41.0
1776885708.4001029,2.0,-1.0,-52.0
1776885708.4101028,2.0,0.0,-52.0
1776885708.4201028,5.0,-3.0,-49.0
1776885708.4301028,7.0,-1.0,-48.0
1776885708.4401028,4.0,2.0,-52.0
1776885708.4501028,6.0,2.0,-39.0
1776885708.4601028,7.0,5.0,-37.0
1776885708.4701028,-1.0,1.0,-36.0
1776885708.4801028,-5.0,0.0,-35.0
1776885708.4901028,-4.0,0.0,-36.0
1776885708.5001028,-2.0,-4.0,-38.0
1776885708.5101027,-2.0,-6.0,-41.0
1776885708.5201027,0.0,-6.0,-50.0
1776885708.5301027,-5.0,-7.0,-53.0
1776885708.5401027,-7.0,-5.0,-54.0
1776885708.5501027,-6.0,-2.0,-51.0
1776885708.5601027,-2.0,0.0,-48.0
1776885708.5701027,1.0,-3.0,-44.0
1776885708.5801027,1.0,-4.0,-40.0
1776885708.590103,3.0,-4.0,-36.0
1776885708.600103,0.0,-2.0,-42.0
1776885708.610103,-3.0,-2.0,-48.0
1776885708.6211028,-2.0,-4.0,-47.0
1776885708.6311028,-5.0,-5.0,-48.0
1776885708.6411028,-6.0,-5.0,-41.0
1776885708.6511028,-4.0,-2.0,-46.0
1776885708.6611028,-2.0,0.0,-40.0
1776885708.6711028,-4.0,-1.0,-41.0
1776885708.6811028,-7.0,-2.0,-35.0
1776885708.6911027,-5.0,-2.0,-38.0
1776885708.7011027,-3.0,-1.0,-42.0
1776885708.7111027,-1.0,-7.0,-43.0
1776885708.7211027,-2.0,-6.0,-43.0
1776885708.7311027,0.0,0.0,-42.0
1776885708.7411027,-2.0,0.0,-39.0
1776885708.7511027,-7.0,-6.0,-40.0
1776885708.761103,-2.0,-9.0,-35.0
1776885708.771103,1.0,-2.0,-32.0
1776885708.781103,1.0,-4.0,-26.0
1776885708.7911026,1.0,-2.0,-31.0
1776885708.8011026,6.0,0.0,-37.0
1776885708.8111026,6.0,-1.0,-47.0
1776885708.8211029,2.0,-2.0,-52.0
1776885708.8311028,0.0,-4.0,-53.0
1776885708.8411028,0.0,0.0,-49.0
1776885708.8511028,1.0,0.0,-44.0
1776885708.8611028,0.0,-2.0,-47.0
1776885708.8711028,3.0,-6.0,-36.0
1776885708.8811028,6.0,-5.0,-39.0
1776885708.8911028,4.0,1.0,-38.0
1776885708.9011028,7.0,10.0,-34.0
1776885708.9111028,8.0,10.0,-37.0
1776885708.9211028,1.0,8.0,-48.0
1776885708.9311028,-1.0,10.0,-49.0
1776885708.9411027,2.0,11.0,-43.0
1776885708.9511027,0.0,6.0,-36.0
1776885708.9611027,3.0,2.0,-32.0
1776885708.9711027,3.0,1.0,-40.0
1776885708.9811027,2.0,3.0,-40.0
1776885708.9911027,-2.0,5.0,-44.0
1776885709.0011027,0.0,0.0,-44.0
1776885709.011103,0.0,-2.0,-50.0
1776885709.021103,0.0,-4.0,-46.0
1776885709.031103,0.0,-1.0,-38.0
1776885709.0411026,5.0,-3.0,-41.0
1776885709.0511026,3.0,-5.0,-41.0
1776885709.0611026,3.0,0.0,-41.0
1776885709.0711029,-3.0,-4.0,-37.0
1776885709.0811028,0.0,-3.0,-35.0
1776885709.0911028,1.0,-3.0,-40.0
1776885709.1011028,0.0,-4.0,-43.0
1776885709.1111028,-1.0,-3.0,-47.0
1776885709.1211028,0.0,-6.0,-43.0
1776885709.1311028,0.0,-5.0,-48.0
1776885709.1411028,0.0,-4.0,-52.0
1776885709.1511028,0.0,-1.0,-47.0
1776885709.1611028,0.0,0.0,-44.0
1776885709.1711028,3.0,0.0,-37.0
1776885709.1811028,4.0,-1.0,-37.0
1776885709.1911027,3.0,-4.0,-43.0
1776885709.2011027,4.0,0.0,-45.0
1776885709.2111027,7.0,-1.0,-46.0
1776885709.2211027,6.0,0.0,-42.0
1776885709.2311027,6.0,0.0,-42.0
1776885709.2411027,4.0,-4.0,-45.0
1776885709.2511027,4.0,-7.0,-49.0
1776885709.261103,3.0,-7.0,-50.0
1776885709.271103,0.0,-5.0,-51.0
1776885709.281103,4.0,-5.0,-51.0
1776885709.2911026,4.0,-4.0,-52.0
1776885709.3011026,0.0,-5.0,-63.0
1776885709.3111026,-1.0,0.0,-59.0
1776885709.3211029,-1.0,0.0,-51.0
1776885709.3311028,-3.0,0.0,-49.0
1776885709.3411028,-3.0,-1.0,-47.0
1776885709.3511028,-6.0,-1.0,-41.0
1776885709.3611028,-2.0,0.0,-47.0
1776885709.3711028,-4.0,0.0,-40.0
1776885709.3811028,-9.0,-3.0,-39.0
1776885709.3911028,-6.0,-4.0,-33.0
1776885709.4011028,-2.0,-4.0,-32.0
1776885709.4111028,-1.0,-7.0,-38.0
1776885709.4211028,-1.0,-8.0,-42.0
1776885709.4311028,2.0,-6.0,-43.0
1776885709.4411027,-1.0,-5.0,-38.0
1776885709.4511027,-5.0,-5.0,-39.0
1776885709.4611027,-3.0,-6.0,-37.0
1776885709.4711027,-2.0,-5.0,-37.0
1776885709.4811027,-1.0,-4.0,-41.0
1776885709.4911027,3.0,0.0,-41.0
1776885709.5011027,0.0,0.0,-45.0
1776885709.511103,0.0,-2.0,-44.0
1776885709.521103,-1.0,-5.0,-39.0
1776885709.531103,-1.0,-7.0,-39.0
1776885709.5411026,0.0,-3.0,-37.0
1776885709.5511026,0.0,-1.0,-30.0
1776885709.5611026,0.0,1.0,-30.0
1776885709.5711029,-1.0,0.0,-25.0
1776885709.5811028,0.0,-1.0,-28.0
1776885709.5911028,-3.0,-5.0,-34.0
1776885709.6011028,-7.0,-6.0,-39.0
1776885709.6111028,-7.0,-3.0,-42.0
1776885709.6211028,-5.0,1.0,-40.0
1776885709.6311028,-7.0,3.0,-44.0
1776885709.6411028,-9.0,1.0,-47.0
1776885709.6511028,-8.0,1.0,-39.0
1776885709.6611028,-4.0,-1.0,-43.0
1776885709.6711028,0.0,-4.0,-42.0
1776885709.6811028,0.0,-5.0,-38.0
1776885709.6911027,-5.0,-3.0,-41.0
1776885709.7011027,-6.0,-6.0,-40.0
1776885709.7111027,-7.0,-10.0,-40.0
1776885709.7211027,-2.0,-9.0,-38.0
1776885709.7311027,0.0,-8.0,-33.0
1776885709.7411027,-2.0,-2.0,-30.0
1776885709.7511027,0.0,-1.0,-35.0
1776885709.761103,2.0,0.0,-39.0
1776885709.771103,4.0,0.0,-37.0
1776885709.781103,5.0,5.0,-41.0
1776885709.7911026,7.0,3.0,-44.0
1776885709.8011026,4.0,2.0,-43.0
1776885709.8111026,8.0,0.0,-44.0
1776885709.8211029,4.0,-3.0,-44.0
1776885709.8311028,4.0,-8.0,-50.0
1776885709.8411028,7.0,-7.0,-45.0
1776885709.8511028,7.0,-9.0,-41.0
1776885709.8611028,8.0,-4.0,-42.0
1776885709.8711028,7.0,-3.0,-41.0
1776885709.8811028,8.0,0.0,-45.0
1776885709.8911028,7.0,-1.0,-50.0
1776885709.9011028,6.0,-1.0,-41.0
1776885709.9111028,0.0,0.0,-48.0
1776885709.9211028,-8.0,-2.0,-51.0
1776885709.9311028,-7.0,-3.0,-53.0
1776885709.9411027,-4.0,-6.0,-58.0
1776885709.9511027,-5.0,-7.0,-55.0
1776885709.9611027,-6.0,-7.0,-53.0
1776885709.9711027,-6.0,-2.0,-53.0
1776885709.9811027,-2.0,-3.0,-51.0
1776885709.9911027,-1.0,-2.0,-51.0
1776885710.0011027,0.0,-3.0,-50.0
1776885710.011103,-1.0,-1.0,-50.0
1776885710.021103,-3.0,-4.0,-44.0
1776885710.031103,-3.0,-5.0,-44.0
1776885710.0411026,0.0,-1.0,-42.0
1776885710.0511026,-4.0,-2.0,-47.0
1776885710.0611026,-4.0,0.0,-50.0
1776885710.0711029,-3.0,1.0,-52.0
1776885710.0811028,-6.0,4.0,-54.0
1776885710.0911028,-1.0,1.0,-56.0
1776885710.1011028,4.0,4.0,-46.0
1776885710.1111028,8.0,4.0,-49.0
1776885710.1211028,10.0,3.0,-46.0
1776885710.1311028,9.0,0.0,-46.0
1776885710.1411028,9.0,0.0,-45.0
1776885710.1511028,6.0,0.0,-50.0
1776885710.1611028,7.0,-1.0,-45.0
1776885710.1711028,5.0,-4.0,-45.0
1776885710.1811028,6.0,-5.0,-51.0
1776885710.1911027,3.0,-9.0,-44.0
1776885710.2011027,1.0,-5.0,-44.0
1776885710.2111027,4.0,0.0,-41.0
1776885710.2211027,6.0,0.0,-50.0
1776885710.2311027,9.0,0.0,-54.0
1776885710.2411027,10.0,-1.0,-46.0
1776885710.2511027,6.0,-2.0,-49.0
1776885710.261103,0.0,-2.0,-47.0
1776885710.271103,-1.0,-6.0,-37.0
1776885710.281103,-2.0,-6.0,-36.0
1776885710.2911026,4.0,-5.0,-36.0
1776885710.3011026,7.0,-3.0,-46.0
1776885710.3111026,7.0,-4.0,-47.0
1776885710.3211029,2.0,-6.0,-46.0
1776885710.3311028,0.0,-9.0,-45.0
1776885710.3411028,-1.0,-13.0,-44.0
1776885710.3511028,-2.0,-8.0,-45.0
1776885710.3611028,1.0,-6.0,-41.0
1776885710.3711028,6.0,0.0,-43.0
1776885710.3811028,5.0,-3.0,-38.0
1776885710.3911028,4.0,-7.0,-37.0
1776885710.4011028,3.0,-9.0,-38.0
1776885710.4111028,2.0,-7.0,-44.0
1776885710.4211028,4.0,-7.0,-38.0
1776885710.4311028,3.0,-7.0,-41.0
1776885710.4411027,7.0,-7.0,-45.0
1776885710.4511027,7.0,-4.0,-42.0
1776885710.4611027,3.0,-2.0,-39.0
1776885710.4711027,5.0,-4.0,-41.0
1776885710.4811027,2.0,-4.0,-30.0
1776885710.4911027,3.0,-5.0,-28.0
1776885710.5011027,3.0,0.0,-33.0
1776885710.511103,1.0,-3.0,-37.0
1776885710.521103,2.0,0.0,-39.0
1776885710.531103,6.0,0.0,-37.0
1776885710.5411026,5.0,0.0,-38.0
1776885710.5511026,2.0,-5.0,-39.0
1776885710.5611026,-3.0,-4.0,-43.0
1776885710.5711029,-3.0,-2.0,-41.0
1776885710.5811028,-5.0,-2.0,-43.0
1776885710.5921028,-5.0,-5.0,-39.0
1776885710.6011028,-1.0,-7.0,-42.0
1776885710.6121027,0.0,-4.0,-40.0
1776885710.6221027,-3.0,-1.0,-35.0
1776885710.6321027,-1.0,-5.0,-32.0
1776885710.6421027,0.0,-8.0,-32.0
1776885710.6521027,2.0,-7.0,-38.0
1776885710.6621027,-1.0,-4.0,-38.0
1776885710.6721027,-2.0,-4.0,-36.0
1776885710.682103,-1.0,-1.0,-30.0
1776885710.692103,-3.0,-2.0,-32.0
1776885710.702103,-1.0,-4.0,-33.0
1776885710.712103,-1.0,-2.0,-34.0
1776885710.7221026,-4.0,-6.0,-45.0
1776885710.7321026,-8.0,-11.0,-42.0
1776885710.7421026,-8.0,-7.0,-41.0
1776885710.7521029,-12.0,-2.0,-47.0
1776885710.7621028,-11.0,-1.0,-48.0
1776885710.7721028,-9.0,-2.0,-49.0
1776885710.7821028,-6.0,-3.0,-45.0
1776885710.7921028,-5.0,-4.0,-41.0
1776885710.8021028,-1.0,-1.0,-45.0
1776885710.8121028,-2.0,0.0,-48.0
1776885710.8221028,-6.0,0.0,-44.0
1776885710.8321028,-4.0,1.0,-42.0
1776885710.8421028,-2.0,3.0,-45.0
1776885710.8521028,-3.0,0.0,-44.0
1776885710.8621027,-1.0,0.0,-38.0
1776885710.8721027,0.0,1.0,-36.0
1776885710.8821027,0.0,0.0,-35.0
1776885710.8921027,1.0,0.0,-34.0
1776885710.9021027,1.0,-3.0,-36.0
1776885710.9121027,1.0,-4.0,-39.0
1776885710.9221027,-4.0,-7.0,-42.0
1776885710.932103,-1.0,-6.0,-38.0
1776885710.942103,-3.0,-2.0,-39.0
1776885710.952103,2.0,0.0,-41.0
1776885710.962103,4.0,0.0,-39.0
1776885710.9721026,3.0,0.0,-39.0
1776885710.9821026,4.0,-3.0,-35.0
1776885710.9921026,2.0,-1.0,-36.0
1776885711.0021029,0.0,0.0,-38.0
1776885711.0121028,1.0,1.0,-45.0
1776885711.0221028,0.0,2.0,-46.0
1776885711.0321028,-2.0,1.0,-43.0
1776885711.0421028,-1.0,-2.0,-35.0
1776885711.0521028,-2.0,-3.0,-37.0
1776885711.0621028,-5.0,-2.0,-39.0
1776885711.0721028,-8.0,1.0,-40.0
1776885711.0821028,-8.0,0.0,-42.0
1776885711.0921028,-4.0,3.0,-53.0
1776885711.1021028,-7.0,0.0,-56.0
1776885711.1121027,-4.0,-1.0,-52.0
1776885711.1221027,-4.0,-2.0,-43.0
1776885711.1321027,-2.0,0.0,-41.0
1776885711.1421027,0.0,0.0,-45.0
1776885711.1521027,-1.0,3.0,-44.0
1776885711.1621027,1.0,4.0,-48.0
1776885711.1721027,1.0,2.0,-49.0
1776885711.182103,0.0,2.0,-42.0
1776885711.192103,-2.0,2.0,-42.0
1776885711.202103,-2.0,3.0,-43.0
1776885711.212103,-3.0,1.0,-45.0
1776885711.2221026,-1.0,3.0,-44.0
1776885711.2321026,1.0,3.0,-45.0
1776885711.2421026,3.0,2.0,-48.0
1776885711.2521029,1.0,-2.0,-47.0
1776885711.2621028,-1.0,-2.0,-46.0
1776885711.2721028,-2.0,-1.0,-45.0
1776885711.2821028,1.0,-3.0,-39.0
1776885711.2921028,-1.0,-4.0,-34.0
1776885711.3021028,-2.0,-5.0,-30.0
1776885711.3121028,1.0,-9.0,-36.0
1776885711.3221028,0.0,-11.0,-38.0
1776885711.3321028,-2.0,-8.0,-35.0
1776885711.3421028,1.0,-6.0,-39.0
1776885711.3521028,4.0,-4.0,-42.0
1776885711.3621027,3.0,-6.0,-38.0
1776885711.3721027,3.0,-5.0,-40.0
1776885711.3821027,1.0,-2.0,-46.0
1776885711.3921027,-1.0,-2.0,-46.0
1776885711.4021027,0.0,-1.0,-43.0
1776885711.4121027,3.0,0.0,-46.0
1776885711.4221027,4.0,0.0,-38.0
1776885711.432103,0.0,5.0,-37.0
1776885711.442103,0.0,5.0,-37.0
1776885711.452103,-1.0,7.0,-37.0
1776885711.462103,0.0,1.0,-32.0
1776885711.4721026,1.0,1.0,-34.0
1776885711.4821026,0.0,0.0,-37.0
1776885711.4921026,1.0,-4.0,-42.0
1776885711.5021029,2.0,-3.0,-36.0
1776885711.5121028,10.0,-5.0,-33.0
1776885711.5221028,13.0,-2.0,-39.0
1776885711.5321028,9.0,-1.0,-45.0
1776885711.5421028,5.0,0.0,-45.0
1776885711.5521028,0.0,5.0,-39.0
1776885711.5621028,-3.0,5.0,-37.0
1776885711.5721028,-2.0,4.0,-36.0
1776885711.5821028,-1.0,3.0,-35.0
1776885711.5921028,-5.0,1.0,-36.0
1776885711.6021028,-3.0,-1.0,-46.0
1776885711.6121027,-3.0,-6.0,-41.0
1776885711.6221027,-3.0,-5.0,-39.0
1776885711.6321027,-3.0,-6.0,-41.0
1776885711.6421027,0.0,-8.0,-46.0
1776885711.6521027,0.0,-9.0,-42.0
1776885711.6621027,2.0,-12.0,-40.0
1776885711.6721027,1.0,-11.0,-36.0
1776885711.682103,6.0,-11.0,-41.0
1776885711.692103,6.0,-8.0,-45.0
1776885711.702103,5.0,-7.0,-44.0
1776885711.712103,3.0,-6.0,-45.0
1776885711.7221026,3.0,-4.0,-43.0
1776885711.7321026,-1.0,-3.0,-41.0
1776885711.7421026,-4.0,-2.0,-43.0
1776885711.7521029,0.0,-2.0,-38.0
1776885711.7621028,-2.0,-5.0,-41.0
1776885711.7721028,-2.0,-3.0,-43.0
1776885711.7821028,0.0,-3.0,-42.0
1776885711.7921028,0.0,-1.0,-41.0
1776885711.8021028,0.0,1.0,-41.0
1776885711.8121028,0.0,0.0,-41.0
1776885711.8221028,-1.0,0.0,-42.0
1776885711.8321028,1.0,1.0,-43.0
1776885711.8421028,1.0,-1.0,-41.0
1776885711.8521028,0.0,-2.0,-41.0
1776885711.8621027,0.0,-2.0,-36.0
1776885711.8721027,1.0,-1.0,-39.0
1776885711.8821027,4.0,-2.0,-39.0
1776885711.8921027,4.0,-2.0,-41.0
1776885711.9021027,6.0,-3.0,-48.0
1776885711.9121027,1.0,-6.0,-50.0
1776885711.9221027,2.0,-7.0,-51.0
1776885711.932103,-2.0,-8.0,-45.0
1776885711.942103,3.0,-9.0,-41.0
1776885711.952103,-1.0,-9.0,-36.0
1776885711.962103,-7.0,-8.0,-34.0
1776885711.9721026,-8.0,-2.0,-31.0
1776885711.9821026,-6.0,-5.0,-31.0
1776885711.9921026,-6.0,-3.0,-38.0
1776885712.0021029,-5.0,-7.0,-44.0
1776885712.0121028,-1.0,-5.0,-48.0
1776885712.0221028,1.0,-3.0,-49.0
1776885712.0321028,1.0,-7.0,-51.0
1776885712.0421028,1.0,-9.0,-56.0
1776885712.0521028,0.0,-4.0,-61.0
1776885712.0621028,1.0,-5.0,-59.0
1776885712.0721028,3.0,-3.0,-53.0
1776885712.0821028,3.0,0.0,-47.0
1776885712.0921028,3.0,-2.0,-44.0
1776885712.1021028,3.0,0.0,-43.0
1776885712.1121027,7.0,-1.0,-42.0
1776885712.1221027,7.0,1.0,-46.0
1776885712.1321027,8.0,-2.0,-41.0
1776885712.1421027,6.0,-1.0,-41.0
1776885712.1521027,5.0,-1.0,-37.0
1776885712.1621027,0.0,1.0,-38.0
1776885712.1721027,-2.0,1.0,-39.0
1776885712.182103,-4.0,-1.0,-45.0
1776885712.192103,-3.0,0.0,-45.0
1776885712.202103,-3.0,-2.0,-47.0
1776885712.212103,-3.0,-1.0,-44.0
1776885712.2221026,-7.0,-2.0,-41.0
1776885712.2321026,-10.0,-5.0,-38.0
1776885712.2421026,-7.0,-6.0,-34.0
1776885712.2521029,-2.0,-5.0,-33.0
1776885712.2621028,-1.0,-1.0,-35.0
1776885712.2721028,0.0,3.0,-39.0
1776885712.2821028,-1.0,4.0,-40.0
1776885712.2921028,-1.0,1.0,-41.0
1776885712.3021028,0.0,0.0,-40.0
1776885712.3121028,4.0,1.0,-43.0
1776885712.3221028,2.0,5.0,-36.0
1776885712.3321028,0.0,7.0,-32.0
1776885712.3421028,4.0,3.0,-33.0
1776885712.3521028,3.0,-2.0,-32.0
1776885712.3621027,3.0,-1.0,-37.0
1776885712.3721027,7.0,0.0,-35.0
1776885712.3821027,4.0,0.0,-33.0
1776885712.3921027,5.0,1.0,-36.0
1776885712.4021027,8.0,0.0,-43.0
1776885712.4121027,9.0,-2.0,-40.0
1776885712.4221027,10.0,0.0,-40.0
1776885712.432103,7.0,2.0,-41.0
1776885712.442103,4.0,3.0,-43.0
1776885712.452103,1.0,0.0,-44.0
1776885712.462103,-3.0,2.0,-44.0
1776885712.4721026,-6.0,0.0,-40.0
1776885712.4821026,-3.0,1.0,-44.0
1776885712.4921026,-4.0,1.0,-50.0
1776885712.5021029,-3.0,0.0,-44.0
1776885712.5121028,-2.0,2.0,-47.0
1776885712.5221028,-3.0,2.0,-48.0
1776885712.5321028,-3.0,1.0,-46.0
1776885712.5421028,3.0,3.0,-49.0
1776885712.5521028,1.0,4.0,-45.0
1776885712.5631027,2.0,2.0,-47.0
1776885712.5731027,1.0,7.0,-50.0
1776885712.5831027,0.0,3.0,-49.0
1776885712.5931027,0.0,0.0,-51.0
1776885712.6031027,0.0,-2.0,-48.0
1776885712.613103,0.0,-3.0,-39.0
1776885712.623103,-4.0,-4.0,-32.0
1776885712.633103,-5.0,-5.0,-30.0
1776885712.6431026,-6.0,-6.0,-32.0
1776885712.6531026,-6.0,-4.0,-34.0
1776885712.6631026,-6.0,-5.0,-42.0
1776885712.6731029,-4.0,-6.0,-40.0
1776885712.6831028,-4.0,-1.0,-38.0
1776885712.6931028,1.0,2.0,-30.0
1776885712.7031028,2.0,0.0,-26.0
1776885712.7131028,1.0,-6.0,-30.0
1776885712.7231028,0.0,-7.0,-34.0
1776885712.7331028,0.0,-7.0,-36.0
1776885712.7431028,0.0,-6.0,-33.0
1776885712.7531028,3.0,-6.0,-33.0
1776885712.7631028,3.0,-7.0,-35.0
1776885712.7731028,3.0,-5.0,-31.0
1776885712.7831028,2.0,-3.0,-31.0
1776885712.7931027,3.0,0.0,-30.0
1776885712.8031027,5.0,4.0,-31.0
1776885712.8131027,7.0,0.0,-32.0
1776885712.8231027,8.0,0.0,-37.0
1776885712.8331027,7.0,-4.0,-40.0
1776885712.8431027,4.0,2.0,-39.0
1776885712.8531027,0.0,1.0,-36.0
1776885712.863103,-7.0,-6.0,-34.0
1776885712.873103,-1.0,-4.0,-44.0
1776885712.883103,3.0,-4.0,-49.0
1776885712.8931026,4.0,-3.0,-52.0
1776885712.9031026,3.0,-4.0,-53.0
1776885712.9131026,7.0,-2.0,-57.0
1776885712.9231029,4.0,-2.0,-58.0
1776885712.9331028,3.0,-4.0,-54.0
1776885712.9431028,-1.0,-7.0,-48.0
1776885712.9531028,0.0,-9.0,-49.0
1776885712.9631028,1.0,-13.0,-46.0
1776885712.9731028,2.0,-13.0,-48.0
1776885712.9831028,2.0,-15.0,-44.0
1776885712.9931028,-3.0,-12.0,-48.0
1776885713.0031028,-3.0,-5.0,-45.0
1776885713.0131028,-1.0,-1.0,-46.0
1776885713.0231028,3.0,-5.0,-48.0
1776885713.0331028,5.0,-3.0,-46.0
1776885713.0431027,5.0,-3.0,-46.0
1776885713.0531027,0.0,-4.0,-45.0
1776885713.0631027,-1.0,-1.0,-43.0
1776885713.0731027,0.0,0.0,-44.0
1776885713.0831027,-3.0,-1.0,-43.0
1776885713.0931027,-2.0,-2.0,-45.0
1776885713.1031027,0.0,-3.0,-41.0
1776885713.113103,1.0,-4.0,-38.0
1776885713.123103,-2.0,-5.0,-38.0
1776885713.133103,1.0,-5.0,-46.0
1776885713.1431026,-1.0,-5.0,-41.0
1776885713.1531026,-1.0,-7.0,-36.0
1776885713.1631026,-4.0,-8.0,-38.0
1776885713.1731029,0.0,-5.0,-40.0
1776885713.1831028,3.0,-5.0,-38.0
1776885713.1931028,0.0,1.0,-38.0
1776885713.2031028,0.0,0.0,-43.0
1776885713.2131028,1.0,0.0,-43.0
1776885713.2231028,0.0,0.0,-42.0
1776885713.2331028,0.0,-4.0,-36.0
1776885713.2431028,1.0,-3.0,-33.0
1776885713.2531028,0.0,-3.0,-34.0
1776885713.2631028,-2.0,-3.0,-26.0
1776885713.2731028,-4.0,-4.0,-30.0
1776885713.2831028,-2.0,-5.0,-39.0
1776885713.2931027,-4.0,-5.0,-41.0
1776885713.3031027,0.0,-4.0,-45.0
1776885713.3131027,1.0,-1.0,-42.0
1776885713.3231027,2.0,0.0,-45.0
1776885713.3331027,0.0,-3.0,-45.0
1776885713.3431027,1.0,-6.0,-39.0
1776885713.3531027,0.0,-5.0,-32.0
1776885713.363103,0.0,-4.0,-33.0
1776885713.373103,-3.0,-3.0,-36.0
1776885713.383103,-6.0,0.0,-38.0
1776885713.3931026,-1.0,2.0,-37.0
1776885713.4031026,-1.0,0.0,-35.0
1776885713.4131026,1.0,-5.0,-34.0
1776885713.4231029,3.0,-6.0,-41.0
1776885713.4331028,0.0,-5.0,-40.0
1776885713.4431028,-2.0,-3.0,-37.0
1776885713.4531028,-4.0,-3.0,-21.0
1776885713.4631028,-4.0,-1.0,-32.0
1776885713.4731028,-7.0,-3.0,-37.0
1776885713.4831028,-6.0,-4.0,-42.0
1776885713.4931028,-5.0,-3.0,-40.0
1776885713.5031028,0.0,-2.0,-38.0
1776885713.5131028,0.0,-1.0,-35.0
1776885713.5231028,4.0,-1.0,-30.0
1776885713.5331028,9.0,1.0,-33.0
1776885713.5431027,5.0,4.0,-38.0
1776885713.5531027,-3.0,0.0,-42.0
1776885713.5631027,-3.0,0.0,-48.0
1776885713.5731027,1.0,1.0,-47.0
1776885713.5831027,1.0,4.0,-47.0
1776885713.5931027,-3.0,7.0,-39.0
1776885713.6031027,-5.0,6.0,-40.0
1776885713.613103,-4.0,0.0,-40.0
1776885713.623103,-2.0,3.0,-38.0
1776885713.633103,2.0,6.0,-44.0
1776885713.6431026,1.0,0.0,-48.0
1776885713.6531026,3.0,5.0,-44.0
1776885713.6631026,7.0,6.0,-40.0
1776885713.6731029,5.0,7.0,-47.0
1776885713.6831028,2.0,5.0,-48.0
1776885713.6931028,-2.0,6.0,-42.0
1776885713.7031028,-1.0,3.0,-40.0
1776885713.7131028,-5.0,1.0,-41.0
1776885713.7231028,-4.0,-2.0,-44.0
1776885713.7331028,-3.0,-6.0,-46.0
1776885713.7431028,-4.0,-4.0,-44.0
1776885713.7531028,-1.0,-2.0,-42.0
1776885713.7631028,-3.0,-7.0,-46.0
1776885713.7731028,-3.0,-11.0,-46.0
1776885713.7831028,-5.0,-5.0,-47.0
1776885713.7931027,-9.0,-1.0,-43.0
1776885713.8031027,-8.0,0.0,-47.0
1776885713.8131027,-3.0,-1.0,-54.0
1776885713.8231027,-6.0,-3.0,-53.0
1776885713.8331027,-2.0,-3.0,-47.0
1776885713.8431027,-1.0,-7.0,-38.0
1776885713.8531027,-3.0,-8.0,-42.0
1776885713.863103,-5.0,-7.0,-42.0
1776885713.873103,-4.0,-7.0,-42.0
1776885713.883103,-2.0,-6.0,-43.0
1776885713.8931026,-4.0,-3.0,-43.0
1776885713.9031026,-4.0,-3.0,-35.0
1776885713.9131026,-1.0,-1.0,-36.0
1776885713.9231029,0.0,-2.0,-41.0
1776885713.9331028,1.0,-2.0,-44.0
1776885713.9431028,2.0,-1.0,-51.0
1776885713.9531028,3.0,0.0,-55.0
1776885713.9631028,3.0,-4.0,-49.0
1776885713.9731028,8.0,-2.0,-53.0
1776885713.9831028,8.0,1.0,-54.0
1776885713.9931028,5.0,2.0,-52.0
1776885714.0031028,2.0,3.0,-53.0
1776885714.0131028,-2.0,4.0,-54.0
1776885714.0231028,-9.0,2.0,-47.0
1776885714.0331028,-9.0,3.0,-41.0
1776885714.0431027,-10.0,6.0,-44.0
1776885714.0531027,-6.0,10.0,-39.0
1776885714.0631027,-6.0,7.0,-40.0
1776885714.0731027,-4.0,3.0,-33.0
1776885714.0831027,-3.0,6.0,-38.0
1776885714.0931027,1.0,5.0,-38.0
1776885714.1031027,2.0,3.0,-40.0
1776885714.113103,6.0,1.0,-38.0
1776885714.123103,8.0,0.0,-32.0
1776885714.133103,4.0,2.0,-40.0
1776885714.1431026,1.0,0.0,-37.0
1776885714.1531026,0.0,0.0,-42.0
1776885714.1631026,0.0,-1.0,-47.0
1776885714.1731029,0.0,0.0,-51.0
1776885714.1831028,0.0,0.0,-46.0
1776885714.1931028,3.0,1.0,-48.0
1776885714.2031028,4.0,2.0,-55.0
1776885714.2131028,1.0,2.0,-56.0
1776885714.2231028,3.0,1.0,-57.0
1776885714.2331028,2.0,-2.0,-53.0
1776885714.2431028,1.0,-3.0,-47.0
1776885714.2531028,3.0,0.0,-46.0
1776885714.2631028,3.0,1.0,-40.0
1776885714.2731028,0.0,-3.0,-40.0
1776885714.2831028,-4.0,-9.0,-31.0
1776885714.2931027,-3.0,-6.0,-35.0
1776885714.3031027,-6.0,-4.0,-36.0
1776885714.3131027,-6.0,0.0,-31.0
1776885714.3231027,-4.0,-1.0,-35.0
1776885714.3331027,1.0,0.0,-33.0
1776885714.3431027,3.0,-3.0,-38.0
1776885714.3531027,0.0,2.0,-44.0
1776885714.363103,1.0,7.0,-42.0
1776885714.373103,5.0,4.0,-46.0
1776885714.383103,2.0,5.0,-43.0
1776885714.3931026,0.0,1.0,-42.0
1776885714.4031026,0.0,0.0,-50.0
1776885714.4131026,0.0,-2.0,-51.0
1776885714.4231029,0.0,-1.0,-49.0
1776885714.4331028,-2.0,-1.0,-44.0
1776885714.4431028,-6.0,0.0,-40.0
1776885714.4531028,-2.0,1.0,-44.0
1776885714.4631028,2.0,-4.0,-43.0
1776885714.4731028,5.0,-5.0,-44.0
1776885714.4831028,0.0,-6.0,-43.0
1776885714.4931028,0.0,-4.0,-44.0
1776885714.5031028,-4.0,-1.0,-46.0
1776885714.5131028,-4.0,0.0,-48.0
1776885714.5231028,-2.0,-2.0,-45.0
1776885714.5331028,1.0,-1.0,-46.0
1776885714.544103,5.0,-1.0,-43.0
1776885714.5531027,5.0,-2.0,-41.0
1776885714.5631027,2.0,-3.0,-40.0
1776885714.5741026,5.0,-5.0,-38.0
1776885714.5841026,1.0,-9.0,-41.0
1776885714.5941026,1.0,-9.0,-38.0
1776885714.6041028,0.0,-7.0,-37.0
1776885714.6141028,-2.0,-5.0,-38.0
1776885714.6241028,0.0,-5.0,-37.0
1776885714.6341028,-4.0,1.0,-39.0
1776885714.6441028,-5.0,3.0,-35.0
1776885714.6541028,-4.0,3.0,-39.0
1776885714.6641028,-4.0,1.0,-34.0
1776885714.6741028,-2.0,-2.0,-40.0
1776885714.6841028,-2.0,0.0,-40.0
1776885714.6941028,-5.0,1.0,-41.0
1776885714.7041028,-7.0,3.0,-45.0
1776885714.7141027,-1.0,4.0,-49.0
1776885714.7241027,-3.0,4.0,-53.0
1776885714.7341027,-3.0,7.0,-53.0
1776885714.7441027,2.0,7.0,-48.0
1776885714.7541027,0.0,6.0,-50.0
1776885714.7641027,0.0,2.0,-47.0
1776885714.7741027,1.0,-3.0,-45.0
1776885714.784103,4.0,-5.0,-46.0
1776885714.794103,3.0,-8.0,-44.0
1776885714.804103,0.0,-10.0,-43.0
1776885714.8141026,4.0,-8.0,-41.0
1776885714.8241026,7.0,-8.0,-41.0
1776885714.8341026,2.0,-7.0,-41.0
1776885714.8441026,4.0,-6.0,-38.0
1776885714.8541028,0.0,-6.0,-46.0
1776885714.8641028,2.0,-4.0,-39.0
1776885714.8741028,3.0,-7.0,-40.0
1776885714.8841028,1.0,-3.0,-48.0
1776885714.8941028,0.0,2.0,-51.0
1776885714.9041028,3.0,5.0,-53.0
1776885714.9141028,7.0,4.0,-48.0
1776885714.9241028,7.0,0.0,-45.0
1776885714.9341028,7.0,0.0,-41.0
1776885714.9441028,5.0,5.0,-47.0
1776885714.9541028,-1.0,3.0,-55.0
1776885714.9641027,-3.0,0.0,-48.0
1776885714.9741027,-3.0,0.0,-46.0
1776885714.9841027,-2.0,4.0,-42.0
1776885714.9941027,-2.0,4.0,-41.0
1776885715.0041027,-3.0,1.0,-46.0
1776885715.0141027,1.0,-1.0,-48.0
1776885715.0241027,0.0,-6.0,-50.0
1776885715.034103,-2.0,0.0,-57.0
1776885715.044103,0.0,2.0,-62.0
1776885715.054103,-2.0,4.0,-54.0
1776885715.0641026,-2.0,3.0,-51.0
1776885715.0741026,-1.0,2.0,-51.0
1776885715.0841026,2.0,0.0,-50.0
1776885715.0941026,0.0,-4.0,-49.0
1776885715.1041028,1.0,-1.0,-52.0
1776885715.1141028,0.0,-4.0,-44.0
1776885715.1241028,0.0,-5.0,-44.0
1776885715.1341028,-2.0,-1.0,-47.0
1776885715.1441028,-2.0,-2.0,-48.0
1776885715.1541028,3.0,1.0,-48.0
1776885715.1641028,0.0,1.0,-52.0
1776885715.1741028,4.0,0.0,-51.0
1776885715.1841028,8.0,-4.0,-52.0
1776885715.1941028,5.0,-1.0,-47.0
1776885715.2041028,6.0,1.0,-38.0
1776885715.2141027,11.0,1.0,-32.0
1776885715.2241027,14.0,3.0,-38.0
1776885715.2341027,10.0,2.0,-37.0
1776885715.2441027,3.0,0.0,-34.0
1776885715.2541027,0.0,-5.0,-37.0
1776885715.2641027,2.0,-6.0,-36.0
1776885715.2741027,6.0,-4.0,-40.0
1776885715.284103,0.0,-1.0,-47.0
1776885715.294103,0.0,-1.0,-50.0
1776885715.304103,6.0,-3.0,-44.0
1776885715.3141026,1.0,-2.0,-42.0
1776885715.3241026,1.0,-2.0,-44.0
1776885715.3341026,-5.0,0.0,-47.0
1776885715.3441026,-2.0,3.0,-49.0
1776885715.3541028,-2.0,5.0,-45.0
1776885715.3641028,-5.0,5.0,-43.0
1776885715.3741028,-2.0,6.0,-52.0
1776885715.3841028,-3.0,3.0,-49.0
1776885715.3941028,-4.0,5.0,-54.0
1776885715.4041028,0.0,3.0,-49.0
1776885715.4141028,-1.0,1.0,-49.0
1776885715.4241028,-4.0,1.0,-48.0
1776885715.4341028,-4.0,3.0,-40.0
1776885715.4441028,0.0,-1.0,-34.0
1776885715.4541028,0.0,-3.0,-35.0
1776885715.4641027,3.0,-4.0,-38.0
1776885715.4741027,6.0,-3.0,-41.0
1776885715.4841027,4.0,0.0,-40.0
1776885715.4941027,4.0,-2.0,-38.0
1776885715.5041027,3.0,-5.0,-31.0
1776885715.5141027,8.0,-1.0,-32.0
1776885715.5241027,8.0,-3.0,-31.0
1776885715.534103,9.0,-6.0,-34.0
1776885715.544103,6.0,-2.0,-42.0
1776885715.554103,4.0,-3.0,-46.0
1776885715.5641026,0.0,0.0,-44.0
1776885715.5741026,3.0,1.0,-44.0
1776885715.5841026,2.0,-1.0,-41.0
1776885715.5941026,1.0,0.0,-48.0
1776885715.6041028,0.0,-3.0,-40.0
1776885715.6141028,4.0,-4.0,-40.0
1776885715.6241028,4.0,-1.0,-44.0
1776885715.6341028,2.0,-1.0,-43.0
1776885715.6441028,-1.0,-2.0,-36.0
1776885715.6541028,1.0,-3.0,-34.0
1776885715.6641028,4.0,-4.0,-32.0
1776885715.6741028,0.0,-5.0,-39.0
1776885715.6841028,1.0,-6.0,-42.0
1776885715.6941028,0.0,-7.0,-39.0
1776885715.7041028,-1.0,-6.0,-36.0
1776885715.7141027,-2.0,-4.0,-40.0
1776885715.7241027,0.0,-4.0,-40.0
1776885715.7341027,-3.0,0.0,-35.0
1776885715.7441027,-3.0,2.0,-40.0
1776885715.7541027,-8.0,3.0,-39.0
1776885715.7641027,-6.0,6.0,-41.0
1776885715.7741027,-7.0,6.0,-38.0
1776885715.784103,-10.0,2.0,-33.0
1776885715.794103,-8.0,3.0,-36.0
1776885715.804103,0.0,1.0,-44.0
1776885715.8141026,-1.0,-2.0,-43.0
1776885715.8241026,-1.0,3.0,-47.0
1776885715.8341026,-2.0,0.0,-46.0
1776885715.8441026,-2.0,3.0,-47.0
1776885715.8541028,-1.0,4.0,-39.0
1776885715.8641028,-1.0,0.0,-46.0
1776885715.8741028,-4.0,-1.0,-41.0
1776885715.8841028,-1.0,3.0,-38.0
1776885715.8941028,0.0,7.0,-36.0
1776885715.9041028,3.0,4.0,-47.0
1776885715.9141028,5.0,1.0,-42.0
1776885715.9241028,6.0,0.0,-44.0
1776885715.9341028,9.0,-1.0,-40.0
1776885715.9441028,11.0,3.0,-43.0
1776885715.9541028,10.0,-1.0,-44.0
1776885715.9641027,8.0,-4.0,-49.0
1776885715.9741027,2.0,-11.0,-50.0
1776885715.9841027,2.0,-11.0,-51.0
1776885715.9941027,-2.0,-8.0,-45.0
1776885716.0041027,-4.0,-7.0,-45.0
1776885716.0141027,1.0,-7.0,-47.0
1776885716.0241027,2.0,-7.0,-38.0
1776885716.034103,0.0,-3.0,-33.0
1776885716.044103,-1.0,-3.0,-37.0
1776885716.054103,-1.0,-3.0,-46.0
1776885716.0641026,-4.0,-5.0,-42.0
1776885716.0741026,-2.0,-5.0,-37.0
1776885716.0841026,-4.0,-4.0,-40.0
1776885716.0941026,-8.0,-5.0,-38.0
1776885716.1041028,-5.0,-4.0,-37.0
1776885716.1141028,1.0,-3.0,-32.0
1776885716.1241028,-3.0,-1.0,-41.0
1776885716.1341028,-2.0,-1.0,-43.0
1776885716.1441028,-4.0,-2.0,-36.0
1776885716.1541028,-3.0,3.0,-40.0
1776885716.1641028,-1.0,4.0,-38.0
1776885716.1741028,-3.0,5.0,-37.0
1776885716.1841028,0.0,6.0,-39.0
1776885716.1941028,0.0,7.0,-41.0
1776885716.2041028,-1.0,5.0,-35.0
1776885716.2141027,-1.0,6.0,-32.0
1776885716.2241027,-2.0,0.0,-31.0
1776885716.2341027,-3.0,0.0,-36.0
1776885716.2441027,-1.0,2.0,-38.0
1776885716.2541027,-3.0,-1.0,-46.0
1776885716.2641027,-4.0,0.0,-45.0
1776885716.2741027,-4.0,-2.0,-39.0
1776885716.284103,-2.0,-5.0,-38.0
1776885716.294103,-3.0,-4.0,-33.0
1776885716.304103,-3.0,-6.0,-30.0
1776885716.3141026,-4.0,-6.0,-26.0
1776885716.3241026,-7.0,-3.0,-27.0
1776885716.3341026,-2.0,0.0,-32.0
1776885716.3441026,-3.0,0.0,-34.0
1776885716.3541028,-6.0,-4.0,-39.0
1776885716.3641028,-2.0,-7.0,-37.0
1776885716.3741028,-1.0,-4.0,-38.0
1776885716.3841028,-2.0,0.0,-40.0
1776885716.3941028,-7.0,0.0,-44.0
1776885716.4041028,-4.0,-2.0,-41.0
1776885716.4141028,-4.0,-4.0,-43.0
1776885716.4241028,-3.0,-5.0,-46.0
1776885716.4341028,-2.0,-7.0,-40.0
1776885716.4441028,-1.0,-7.0,-39.0
1776885716.4541028,3.0,-5.0,-44.0
1776885716.4641027,-1.0,-5.0,-42.0
1776885716.4741027,-1.0,-3.0,-40.0
1776885716.4841027,-1.0,-4.0,-39.0
1776885716.4941027,1.0,-1.0,-42.0
1776885716.5041027,1.0,5.0,-43.0
1776885716.5141027,-2.0,3.0,-39.0
1776885716.5241027,1.0,1.0,-43.0
1776885716.5351028,0.0,1.0,-44.0
1776885716.544103,2.0,0.0,-43.0
1776885716.554103,6.0,0.0,-47.0
1776885716.5641026,2.0,-7.0,-46.0
1776885716.5741026,0.0,-5.0,-46.0
1776885716.5851028,-4.0,-4.0,-46.0
1776885716.5951028,-1.0,-3.0,-46.0
1776885716.6051028,0.0,0.0,-39.0
1776885716.6151028,3.0,0.0,-42.0
1776885716.6251028,6.0,-2.0,-47.0
1776885716.6351027,3.0,-3.0,-47.0
1776885716.6451027,5.0,-5.0,-46.0
1776885716.6551027,5.0,-3.0,-41.0
1776885716.6651027,-1.0,0.0,-40.0
1776885716.6751027,0.0,1.0,-37.0
1776885716.6851027,-2.0,-2.0,-37.0
1776885716.6951027,-1.0,0.0,-38.0
1776885716.7051027,0.0,-2.0,-34.0
1776885716.715103,2.0,-2.0,-35.0
1776885716.725103,6.0,-4.0,-34.0
1776885716.735103,7.0,-7.0,-34.0
1776885716.7451026,3.0,-5.0,-34.0
1776885716.7551026,8.0,-4.0,-37.0
1776885716.7651026,10.0,-10.0,-43.0
1776885716.7751029,9.0,-11.0,-46.0
1776885716.7851028,6.0,-6.0,-48.0
1776885716.7951028,1.0,-3.0,-47.0
1776885716.8051028,-3.0,0.0,-44.0
1776885716.8151028,-1.0,2.0,-42.0
1776885716.8251028,5.0,7.0,-40.0
1776885716.8351028,4.0,7.0,-41.0
1776885716.8451028,5.0,7.0,-44.0
1776885716.8551028,2.0,4.0,-45.0
1776885716.8651028,1.0,3.0,-43.0
1776885716.8751028,-1.0,-2.0,-47.0
1776885716.8851027,-1.0,-5.0,-45.0
1776885716.8951027,0.0,-3.0,-39.0
1776885716.9051027,-2.0,-4.0,-39.0
1776885716.9151027,-3.0,-6.0,-34.0
1776885716.9251027,-4.0,-2.0,-37.0
1776885716.9351027,-2.0,-3.0,-42.0
1776885716.9451027,1.0,0.0,-38.0
1776885716.9551027,4.0,-4.0,-43.0
1776885716.965103,2.0,-7.0,-38.0
1776885716.975103,0.0,-5.0,-38.0
1776885716.985103,0.0,-4.0,-38.0
1776885716.9951026,0.0,-4.0,-35.0
1776885717.0051026,3.0,-4.0,-39.0
1776885717.0151026,2.0,0.0,-34.0
1776885717.0251029,-2.0,-2.0,-32.0
1776885717.0351028,-1.0,0.0,-33.0
1776885717.0451028,0.0,0.0,-39.0
1776885717.0551028,0.0,-2.0,-40.0
1776885717.0651028,3.0,0.0,-46.0
1776885717.0751028,5.0,-1.0,-44.0
1776885717.0851028,4.0,0.0,-50.0
1776885717.0951028,3.0,5.0,-42.0
1776885717.1051028,6.0,9.0,-38.0
1776885717.1151028,3.0,2.0,-35.0
1776885717.1251028,7.0,-1.0,-40.0
1776885717.1351027,4.0,-3.0,-45.0
1776885717.1451027,4.0,-3.0,-46.0
1776885717.1551027,-1.0,0.0,-48.0
1776885717.1651027,0.0,1.0,-54.0
1776885717.1751027,0.0,0.0,-52.0
1776885717.1851027,4.0,6.0,-46.0
1776885717.1951027,0.0,4.0,-45.0
1776885717.2051027,1.0,4.0,-47.0
1776885717.215103,2.0,1.0,-46.0
1776885717.225103,0.0,0.0,-48.0
1776885717.235103,1.0,-1.0,-47.0
1776885717.2451026,2.0,-1.0,-44.0
1776885717.2551026,0.0,-1.0,-48.0
1776885717.2651026,0.0,0.0,-57.0
1776885717.2751029,0.0,-2.0,-58.0
1776885717.2851028,0.0,0.0,-50.0
1776885717.2951028,2.0,0.0,-48.0
1776885717.3051028,1.0,0.0,-41.0
1776885717.3151028,0.0,-1.0,-43.0
1776885717.3251028,-3.0,-3.0,-45.0
1776885717.3351028,-6.0,-6.0,-42.0
1776885717.3451028,-6.0,-8.0,-45.0
1776885717.3551028,-7.0,-1.0,-40.0
1776885717.3651028,-8.0,-4.0,-40.0
1776885717.3751028,-7.0,-3.0,-37.0
1776885717.3851027,-2.0,-6.0,-47.0
1776885717.3951027,-4.0,-5.0,-40.0
1776885717.4051027,0.0,-4.0,-41.0
1776885717.4151027,-1.0,0.0,-40.0
1776885717.4251027,0.0,-1.0,-37.0
1776885717.4351027,-2.0,0.0,-35.0
1776885717.4451027,2.0,0.0,-36.0
1776885717.4551027,-2.0,-5.0,-36.0
1776885717.465103,-2.0,-5.0,-38.0
1776885717.475103,1.0,-6.0,-36.0
1776885717.485103,2.0,-6.0,-38.0
1776885717.4951026,3.0,-3.0,-39.0
1776885717.5051026,0.0,-4.0,-41.0
1776885717.5151026,-1.0,1.0,-39.0
1776885717.5251029,1.0,0.0,-42.0
1776885717.5351028,2.0,1.0,-39.0
1776885717.5451028,5.0,0.0,-33.0
1776885717.5551028,8.0,0.0,-30.0
1776885717.5651028,7.0,2.0,-29.0
1776885717.5751028,7.0,2.0,-37.0
1776885717.5851028,3.0,-1.0,-43.0
1776885717.5951028,2.0,1.0,-44.0
1776885717.6051028,4.0,-2.0,-46.0
1776885717.6151028,5.0,-2.0,-43.0
1776885717.6251028,6.0,2.0,-39.0
1776885717.6351027,5.0,1.0,-41.0
1776885717.6451027,3.0,-1.0,-45.0
1776885717.6551027,2.0,-1.0,-44.0
1776885717.6651027,6.0,1.0,-44.0
1776885717.6751027,3.0,0.0,-36.0
1776885717.6851027,1.0,0.0,-39.0
1776885717.6951027,0.0,-1.0,-42.0
1776885717.7051027,0.0,-2.0,-36.0
1776885717.715103,0.0,-5.0,-33.0
1776885717.725103,4.0,-8.0,-35.0
1776885717.735103,7.0,-7.0,-40.0
1776885717.7451026,7.0,-4.0,-45.0
1776885717.7551026,7.0,1.0,-47.0
1776885717.7651026,3.0,0.0,-48.0
1776885717.7751029,1.0,-1.0,-45.0
1776885717.7851028,2.0,-8.0,-52.0
1776885717.7951028,0.0,-7.0,-51.0
1776885717.8051028,1.0,-7.0,-45.0
1776885717.8151028,2.0,-8.0,-39.0
1776885717.8251028,1.0,-6.0,-34.0
1776885717.8351028,-1.0,-8.0,-34.0
1776885717.8451028,3.0,-9.0,-38.0
1776885717.8551028,-1.0,-8.0,-38.0
1776885717.8651028,-2.0,-11.0,-40.0
1776885717.8751028,-1.0,-9.0,-38.0
1776885717.8851027,-1.0,-6.0,-42.0
1776885717.8951027,0.0,-4.0,-35.0
1776885717.9051027,2.0,1.0,-28.0
1776885717.9151027,-1.0,0.0,-28.0
1776885717.9251027,-5.0,-3.0,-29.0
1776885717.9351027,-4.0,-1.0,-31.0
1776885717.9451027,-4.0,-2.0,-31.0
1776885717.9551027,1.0,-2.0,-28.0
1776885717.965103,7.0,-5.0,-30.0
1776885717.975103,5.0,-1.0,-31.0
1776885717.985103,7.0,2.0,-34.0
1776885717.9951026,5.0,2.0,-38.0
1776885718.0051026,4.0,0.0,-43.0
1776885718.0151026,4.0,1.0,-41.0
1776885718.0251029,9.0,2.0,-35.0
1776885718.0351028,10.0,7.0,-44.0
1776885718.0451028,3.0,1.0,-49.0
1776885718.0551028,4.0,4.0,-53.0
1776885718.0651028,2.0,6.0,-53.0
1776885718.0751028,1.0,1.0,-52.0
1776885718.0851028,-2.0,0.0,-43.0
1776885718.0951028,-3.0,0.0,-46.0
1776885718.1051028,-2.0,-1.0,-43.0
1776885718.1151028,-6.0,-2.0,-49.0
1776885718.1251028,-10.0,-1.0,-51.0
1776885718.1351027,-8.0,-2.0,-53.0
1776885718.1451027,-2.0,0.0,-49.0
1776885718.1551027,-3.0,-1.0,-46.0
1776885718.1651027,-7.0,-4.0,-39.0
1776885718.1751027,-12.0,-6.0,-39.0
1776885718.1851027,-8.0,-3.0,-40.0
1776885718.1951027,-11.0,-3.0,-39.0
1776885718.2051027,-11.0,-8.0,-37.0
1776885718.215103,-9.0,-8.0,-35.0
1776885718.225103,-11.0,-9.0,-32.0
1776885718.235103,-9.0,-9.0,-33.0
1776885718.2451026,-6.0,-10.0,-36.0
1776885718.2551026,-3.0,-5.0,-34.0
1776885718.2651026,4.0,3.0,-31.0
1776885718.2751029,5.0,0.0,-38.0
1776885718.2851028,2.0,0.0,-33.0
1776885718.2951028,-1.0,0.0,-32.0
1776885718.3051028,0.0,-2.0,-32.0
1776885718.3151028,0.0,-2.0,-34.0
1776885718.3251028,1.0,-1.0,-33.0
1776885718.3351028,-2.0,0.0,-34.0
1776885718.3451028,-3.0,-1.0,-36.0
1776885718.3551028,-4.0,-1.0,-35.0
1776885718.3651028,-3.0,-3.0,-38.0
1776885718.3751028,-4.0,-2.0,-37.0
1776885718.3851027,0.0,-3.0,-41.0
1776885718.3951027,4.0,2.0,-38.0
1776885718.4051027,8.0,-1.0,-39.0
1776885718.4151027,7.0,-1.0,-33.0
1776885718.4251027,1.0,0.0,-32.0
1776885718.4351027,0.0,-2.0,-35.0
1776885718.4451027,1.0,-3.0,-37.0
1776885718.4551027,2.0,-4.0,-41.0
1776885718.465103,4.0,-3.0,-46.0
1776885718.475103,3.0,-4.0,-48.0
1776885718.485103,3.0,-2.0,-45.0
1776885718.4951026,0.0,-5.0,-42.0
1776885718.5051026,0.0,-6.0,-38.0
1776885718.5151026,0.0,-6.0,-33.0
1776885718.5261028,3.0,-9.0,-34.0
1776885718.5351028,3.0,-8.0,-38.0
1776885718.5451028,4.0,-4.0,-41.0
1776885718.5561028,1.0,0.0,-39.0
1776885718.5661027,0.0,-1.0,-50.0
1776885718.5761027,1.0,-1.0,-54.0
1776885718.5861027,2.0,-1.0,-43.0
1776885718.5961027,0.0,-3.0,-37.0
1776885718.6061027,3.0,-3.0,-45.0
1776885718.6161027,8.0,-3.0,-50.0
1776885718.6261027,9.0,-5.0,-43.0
1776885718.636103,8.0,-2.0,-46.0
1776885718.646103,9.0,-5.0,-43.0
1776885718.656103,11.0,-9.0,-42.0
1776885718.6661026,13.0,-8.0,-43.0
1776885718.6761026,11.0,-8.0,-49.0
1776885718.6861026,10.0,-4.0,-49.0
1776885718.6961029,6.0,0.0,-53.0
1776885718.7061028,6.0,2.0,-55.0
1776885718.7161028,8.0,1.0,-49.0
1776885718.7261028,7.0,0.0,-44.0
1776885718.7361028,3.0,0.0,-42.0
1776885718.7461028,3.0,-4.0,-36.0
1776885718.7561028,5.0,-2.0,-39.0
1776885718.7661028,4.0,0.0,-38.0
1776885718.7761028,2.0,-1.0,-36.0
1776885718.7861028,2.0,0.0,-36.0
1776885718.7961028,0.0,-2.0,-38.0
1776885718.8061028,5.0,0.0,-40.0
1776885718.8161027,5.0,2.0,-44.0
1776885718.8261027,3.0,0.0,-51.0
1776885718.8361027,4.0,0.0,-51.0
1776885718.8461027,7.0,-1.0,-53.0
1776885718.8561027,5.0,1.0,-56.0
1776885718.8661027,4.0,0.0,-57.0
1776885718.8761027,3.0,-1.0,-54.0
1776885718.886103,4.0,-1.0,-56.0
1776885718.896103,2.0,2.0,-54.0
1776885718.906103,5.0,0.0,-53.0
1776885718.9161026,3.0,-2.0,-51.0
1776885718.9261026,3.0,-6.0,-52.0
1776885718.9361026,0.0,-8.0,-49.0
1776885718.9461029,1.0,-6.0,-51.0
1776885718.9561028,0.0,-7.0,-41.0
1776885718.9661028,0.0,-10.0,-40.0
1776885718.9761028,-1.0,-9.0,-40.0
1776885718.9861028,0.0,-5.0,-41.0
1776885718.9961028,-1.0,-4.0,-39.0
1776885719.0061028,0.0,-2.0,-37.0
1776885719.0161028,0.0,5.0,-40.0
1776885719.0261028,0.0,2.0,-40.0
1776885719.0361028,0.0,4.0,-41.0
1776885719.0461028,-1.0,2.0,-41.0
1776885719.0561028,0.0,-2.0,-32.0
1776885719.0661027,1.0,-5.0,-33.0
1776885719.0761027,0.0,-3.0,-39.0
1776885719.0861027,-3.0,-4.0,-44.0
1776885719.0961027,-3.0,-5.0,-41.0
1776885719.1061027,-3.0,-9.0,-40.0
1776885719.1161027,-3.0,-9.0,-35.0
1776885719.1261027,0.0,-8.0,-41.0
1776885719.136103,0.0,-2.0,-40.0
1776885719.146103,-1.0,-4.0,-39.0
1776885719.156103,0.0,-5.0,-46.0
1776885719.1661026,0.0,-5.0,-48.0
1776885719.1761026,2.0,-8.0,-47.0
1776885719.1861026,4.0,-8.0,-51.0
1776885719.1961029,0.0,-5.0,-50.0
1776885719.2061028,0.0,-3.0,-46.0
1776885719.2161028,0.0,-2.0,-44.0
1776885719.2261028,0.0,-2.0,-39.0
1776885719.2361028,-2.0,-1.0,-41.0
1776885719.2461028,0.0,1.0,-37.0
1776885719.2561028,3.0,-1.0,-40.0
1776885719.2661028,1.0,-4.0,-34.0
1776885719.2761028,-1.0,-2.0,-33.0
1776885719.2861028,1.0,-2.0,-30.0
1776885719.2961028,0.0,-3.0,-39.0
1776885719.3061028,1.0,0.0,-39.0
1776885719.3161027,-1.0,-3.0,-40.0
1776885719.3261027,0.0,0.0,-46.0
1776885719.3361027,-2.0,0.0,-43.0
1776885719.3461027,-2.0,-2.0,-48.0
1776885719.3561027,-1.0,-2.0,-53.0
1776885719.3661027,-3.0,-4.0,-50.0
1776885719.3761027,2.0,-6.0,-39.0
1776885719.386103,7.0,-3.0,-41.0
1776885719.396103,6.0,2.0,-42.0
1776885719.406103,3.0,0.0,-41.0
1776885719.4161026,3.0,0.0,-42.0
1776885719.4261026,0.0,2.0,-34.0
1776885719.4361026,3.0,0.0,-27.0
1776885719.4461029,3.0,1.0,-28.0
1776885719.4561028,5.0,2.0,-31.0
1776885719.4661028,3.0,0.0,-30.0
1776885719.4761028,3.0,0.0,-33.0
1776885719.4861028,1.0,1.0,-41.0
1776885719.4961028,-4.0,0.0,-40.0
1776885719.5061028,-4.0,0.0,-41.0
1776885719.5161028,-1.0,-2.0,-39.0
1776885719.5261028,-3.0,-5.0,-40.0
1776885719.5361028,-2.0,-7.0,-42.0
1776885719.5461028,0.0,-4.0,-39.0
1776885719.5561028,-2.0,-4.0,-35.0
1776885719.5661027,1.0,-2.0,-38.0
1776885719.5761027,1.0,-1.0,-33.0
1776885719.5861027,1.0,0.0,-34.0
1776885719.5961027,1.0,-1.0,-34.0
1776885719.6061027,1.0,-4.0,-41.0
1776885719.6161027,-5.0,-2.0,-46.0
1776885719.6261027,-8.0,-4.0,-46.0
1776885719.636103,-5.0,-6.0,-39.0
1776885719.646103,-2.0,-3.0,-45.0
1776885719.656103,-3.0,-4.0,-46.0
1776885719.6661026,0.0,-6.0,-48.0
1776885719.6761026,1.0,-3.0,-39.0
1776885719.6861026,1.0,-3.0,-37.0
1776885719.6961029,-3.0,-4.0,-39.0
1776885719.7061028,-4.0,-5.0,-45.0
1776885719.7161028,-5.0,-2.0,-49.0
1776885719.7261028,-7.0,1.0,-48.0
1776885719.7361028,-4.0,0.0,-49.0
1776885719.7461028,-3.0,2.0,-51.0
1776885719.7561028,-1.0,-1.0,-44.0
1776885719.7661028,0.0,-1.0,-47.0
1776885719.7761028,0.0,-1.0,-50.0
1776885719.7861028,-2.0,0.0,-58.0
1776885719.7961028,-4.0,1.0,-57.0
1776885719.8061028,-3.0,3.0,-52.0
1776885719.8161027,-1.0,1.0,-46.0
1776885719.8261027,0.0,4.0,-44.0
1776885719.8361027,-1.0,3.0,-38.0
1776885719.8461027,-5.0,4.0,-40.0
1776885719.8561027,-4.0,1.0,-40.0
1776885719.8661027,-3.0,0.0,-38.0
1776885719.8761027,-5.0,0.0,-42.0
1776885719.886103,-5.0,0.0,-48.0
1776885719.896103,0.0,2.0,-44.0
1776885719.906103,2.0,2.0,-42.0
1776885719.9161026,4.0,0.0,-43.0
1776885719.9261026,1.0,0.0,-43.0
1776885719.9361026,-1.0,-1.0,-44.0
1776885719.9461029,-4.0,-1.0,-40.0
1776885719.9561028,-2.0,-3.0,-35.0
1776885719.9661028,-2.0,-6.0,-41.0
1776885719.9761028,-3.0,-6.0,-41.0
1776885719.9861028,1.0,-2.0,-40.0
1776885719.9961028,3.0,0.0,-36.0
1776885720.0061028,3.0,-5.0,-34.0
1776885720.0161028,-1.0,-3.0,-38.0
1776885720.0261028,-8.0,-1.0,-36.0
1776885720.0361028,-11.0,-2.0,-41.0
1776885720.0461028,-6.0,-1.0,-38.0
1776885720.0561028,-8.0,-1.0,-36.0
1776885720.0661027,-2.0,0.0,-36.0
1776885720.0761027,-4.0,1.0,-34.0
1776885720.0861027,-9.0,1.0,-42.0
1776885720.0961027,-7.0,0.0,-45.0
1776885720.1061027,-9.0,0.0,-45.0
1776885720.1161027,-6.0,-2.0,-42.0
1776885720.1261027,-8.0,-2.0,-53.0
1776885720.136103,-5.0,0.0,-56.0
1776885720.146103,-5.0,-1.0,-49.0
1776885720.156103,0.0,-3.0,-47.0
1776885720.1661026,0.0,-5.0,-43.0
1776885720.1761026,0.0,-2.0,-41.0
1776885720.1861026,1.0,-1.0,-44.0
1776885720.1961029,5.0,0.0,-46.0
1776885720.2061028,3.0,-1.0,-48.0
1776885720.2161028,6.0,-2.0,-56.0
1776885720.2261028,10.0,-3.0,-57.0
1776885720.2361028,7.0,-3.0,-52.0
1776885720.2461028,2.0,-4.0,-54.0
1776885720.2561028,4.0,1.0,-52.0
1776885720.2661028,3.0,3.0,-42.0
1776885720.2761028,3.0,4.0,-34.0
1776885720.2861028,2.0,2.0,-38.0
1776885720.2961028,6.0,2.0,-40.0
1776885720.3061028,7.0,0.0,-42.0
1776885720.3161027,2.0,-1.0,-49.0
1776885720.3261027,1.0,0.0,-54.0
1776885720.3361027,1.0,0.0,-55.0
1776885720.3461027,4.0,0.0,-54.0
1776885720.3561027,1.0,0.0,-45.0
1776885720.3671026,6.0,-2.0,-37.0
1776885720.3761027,11.0,-2.0,-40.0
1776885720.386103,12.0,-4.0,-47.0
1776885720.396103,11.0,-8.0,-44.0
1776885720.406103,8.0,-10.0,-39.0
1776885720.4161026,6.0,-10.0,-41.0
1776885720.4261026,4.0,-7.0,-44.0
1776885720.4361026,5.0,-2.0,-38.0
1776885720.4461029,3.0,0.0,-40.0
1776885720.4561028,-2.0,-1.0,-49.0
1776885720.4661028,0.0,-1.0,-53.0
1776885720.4761028,1.0,0.0,-53.0
1776885720.4861028,9.0,-1.0,-50.0
1776885720.4961028,10.0,-2.0,-47.0
1776885720.5061028,7.0,-7.0,-43.0
1776885720.5171027,6.0,-6.0,-43.0
1776885720.5261028,5.0,-6.0,-44.0
1776885720.5371027,4.0,-5.0,-48.0
1776885720.5471027,3.0,1.0,-52.0
1776885720.557103,1.0,2.0,-53.0
1776885720.567103,5.0,2.0,-49.0
1776885720.577103,7.0,0.0,-48.0
1776885720.587103,5.0,0.0,-45.0
1776885720.5971026,8.0,-1.0,-46.0
1776885720.6071026,8.0,-4.0,-55.0
1776885720.6171026,11.0,-3.0,-56.0
1776885720.6271029,14.0,-4.0,-55.0
1776885720.6371028,7.0,-1.0,-41.0
1776885720.6471028,7.0,-1.0,-33.0
1776885720.6571028,8.0,-2.0,-33.0
1776885720.6671028,9.0,-3.0,-25.0
1776885720.6771028,10.0,-2.0,-30.0
1776885720.6871028,10.0,-3.0,-32.0
1776885720.6971028,9.0,-1.0,-35.0
1776885720.7071028,10.0,0.0,-31.0
1776885720.7171028,12.0,2.0,-37.0
1776885720.7271028,9.0,2.0,-33.0
1776885720.7371027,7.0,0.0,-36.0
1776885720.7471027,2.0,-3.0,-38.0
1776885720.7571027,2.0,-3.0,-35.0
1776885720.7671027,-4.0,-1.0,-39.0
1776885720.7771027,0.0,-1.0,-42.0
1776885720.7871027,-4.0,-1.0,-38.0
1776885720.7971027,-5.0,-1.0,-42.0
1776885720.807103,-2.0,0.0,-38.0
1776885720.817103,-4.0,0.0,-33.0
1776885720.827103,0.0,-3.0,-33.0
1776885720.837103,1.0,-3.0,-37.0
1776885720.8471026,0.0,-1.0,-33.0
1776885720.8571026,-3.0,0.0,-34.0
1776885720.8671026,-3.0,-1.0,-34.0
1776885720.8771029,-4.0,0.0,-38.0
1776885720.8871028,-3.0,0.0,-39.0
1776885720.8971028,-6.0,-1.0,-42.0
1776885720.9071028,-5.0,-1.0,-46.0
1776885720.9171028,0.0,-2.0,-44.0
1776885720.9271028,1.0,-2.0,-40.0
1776885720.9371028,1.0,0.0,-40.0
1776885720.9471028,2.0,-3.0,-42.0
1776885720.9571028,3.0,-2.0,-34.0
1776885720.9671028,2.0,-3.0,-28.0
1776885720.9771028,-2.0,-2.0,-35.0
1776885720.9871027,1.0,-4.0,-37.0
1776885720.9971027,4.0,-7.0,-40.0
1776885721.0071027,0.0,-2.0,-37.0
1776885721.0171027,-2.0,-1.0,-36.0
1776885721.0271027,0.0,0.0,-44.0
1776885721.0371027,-1.0,4.0,-44.0
1776885721.0471027,1.0,2.0,-41.0
1776885721.057103,1.0,4.0,-41.0
1776885721.067103,0.0,2.0,-43.0
1776885721.077103,2.0,4.0,-42.0
1776885721.087103,3.0,4.0,-48.0
1776885721.0971026,1.0,-1.0,-50.0
1776885721.1071026,-1.0,-2.0,-46.0
1776885721.1171026,-8.0,3.0,-45.0
1776885721.1271029,-9.0,3.0,-50.0
1776885721.1371028,-6.0,-1.0,-49.0
1776885721.1471028,-2.0,0.0,-48.0
1776885721.1571028,1.0,5.0,-42.0
1776885721.1671028,3.0,1.0,-47.0
1776885721.1771028,8.0,-1.0,-48.0
1776885721.1871028,6.0,-4.0,-42.0
1776885721.1971028,3.0,-6.0,-37.0
1776885721.2071028,6.0,-10.0,-35.0
1776885721.2171028,4.0,-7.0,-39.0
1776885721.2271028,1.0,-4.0,-42.0
1776885721.2371027,2.0,-5.0,-44.0
1776885721.2471027,3.0,0.0,-47.0
1776885721.2571027,4.0,2.0,-44.0
1776885721.2671027,3.0,0.0,-44.0
1776885721.2771027,-1.0,-4.0,-45.0
1776885721.2871027,0.0,-5.0,-47.0
1776885721.2971027,1.0,-6.0,-39.0
1776885721.307103,5.0,-7.0,-49.0
1776885721.317103,8.0,-12.0,-54.0
1776885721.327103,3.0,-12.0,-47.0
1776885721.337103,4.0,-11.0,-44.0
1776885721.3471026,0.0,-11.0,-47.0
1776885721.3571026,1.0,-11.0,-49.0
1776885721.3671026,1.0,-5.0,-56.0
1776885721.3771029,0.0,-8.0,-54.0
1776885721.3871028,2.0,-6.0,-49.0
1776885721.3971028,6.0,-5.0,-44.0
1776885721.4071028,6.0,0.0,-44.0
1776885721.4171028,4.0,0.0,-45.0
1776885721.4271028,1.0,0.0,-44.0
1776885721.4371028,3.0,0.0,-47.0
1776885721.4471028,0.0,2.0,-52.0
1776885721.4571028,-1.0,2.0,-45.0
1776885721.4671028,-1.0,0.0,-44.0
1776885721.4771028,1.0,0.0,-36.0
1776885721.4871027,0.0,2.0,-35.0
1776885721.4971027,-3.0,1.0,-37.0
1776885721.5071027,0.0,0.0,-43.0
1776885721.5171027,3.0,-1.0,-46.0
1776885721.5271027,1.0,-3.0,-44.0
1776885721.5371027,1.0,0.0,-41.0
1776885721.5471027,2.0,-4.0,-42.0
1776885721.557103,0.0,-3.0,-42.0
1776885721.567103,-1.0,-3.0,-47.0
1776885721.577103,0.0,-2.0,-48.0
1776885721.587103,0.0,2.0,-45.0
1776885721.5971026,0.0,5.0,-49.0
1776885721.6071026,1.0,4.0,-45.0
1776885721.6171026,2.0,5.0,-44.0
1776885721.6271029,-1.0,2.0,-40.0
1776885721.6371028,2.0,0.0,-41.0
1776885721.6471028,2.0,1.0,-44.0
1776885721.6571028,2.0,0.0,-41.0
1776885721.6671028,4.0,-1.0,-38.0
1776885721.6771028,5.0,-5.0,-40.0
1776885721.6871028,5.0,-3.0,-40.0
1776885721.6971028,7.0,-4.0,-41.0
1776885721.7071028,6.0,-1.0,-40.0
1776885721.7171028,2.0,-3.0,-39.0
1776885721.7271028,4.0,-8.0,-50.0
1776885721.7371027,-1.0,-5.0,-49.0
1776885721.7471027,-4.0,-2.0,-48.0
1776885721.7571027,-4.0,-2.0,-51.0
1776885721.7671027,-2.0,-1.0,-42.0
1776885721.7771027,1.0,-2.0,-45.0
1776885721.7871027,2.0,-2.0,-46.0
1776885721.7971027,1.0,-3.0,-44.0
1776885721.807103,-3.0,-4.0,-42.0
1776885721.817103,-2.0,-5.0,-41.0
1776885721.827103,0.0,-3.0,-37.0
1776885721.837103,0.0,-3.0,-36.0
1776885721.8471026,2.0,-4.0,-40.0
1776885721.8571026,6.0,-4.0,-40.0
1776885721.8671026,2.0,0.0,-41.0
1776885721.8771029,0.0,-4.0,-43.0
1776885721.8871028,0.0,-5.0,-37.0
1776885721.8971028,0.0,-3.0,-44.0
1776885721.9071028,2.0,-2.0,-44.0
1776885721.9171028,5.0,-5.0,-41.0
1776885721.9271028,6.0,-7.0,-34.0
1776885721.9371028,1.0,0.0,-32.0
1776885721.9471028,-1.0,1.0,-28.0
1776885721.9571028,1.0,-1.0,-25.0
1776885721.9671028,2.0,-1.0,-29.0
1776885721.9771028,0.0,-1.0,-30.0
1776885721.9871027,4.0,0.0,-32.0
1776885721.9971027,1.0,-2.0,-37.0
1776885722.0071027,7.0,0.0,-36.0
1776885722.0171027,5.0,-2.0,-37.0
1776885722.0271027,3.0,-6.0,-38.0
1776885722.0371027,0.0,-2.0,-38.0
1776885722.0471027,-5.0,1.0,-44.0
1776885722.057103,1.0,0.0,-49.0
1776885722.067103,5.0,0.0,-41.0
1776885722.077103,3.0,0.0,-40.0
1776885722.087103,1.0,-3.0,-37.0
1776885722.0971026,5.0,-2.0,-29.0
1776885722.1071026,0.0,1.0,-35.0
1776885722.1171026,0.0,4.0,-38.0
1776885722.1271029,2.0,2.0,-43.0
1776885722.1371028,2.0,3.0,-40.0
1776885722.1471028,3.0,4.0,-35.0
1776885722.1571028,4.0,4.0,-34.0
1776885722.1671028,4.0,3.0,-33.0
1776885722.1771028,3.0,1.0,-34.0
1776885722.1871028,5.0,0.0,-30.0
1776885722.1971028,1.0,1.0,-38.0
1776885722.2071028,-1.0,0.0,-35.0
1776885722.2171028,-2.0,0.0,-34.0
1776885722.2271028,-1.0,-4.0,-38.0
1776885722.2371027,-2.0,-4.0,-44.0
1776885722.2471027,-4.0,-6.0,-42.0
1776885722.2571027,-4.0,-5.0,-44.0
1776885722.2671027,-5.0,-2.0,-38.0
1776885722.2771027,-1.0,0.0,-42.0
1776885722.2871027,0.0,-4.0,-40.0
1776885722.2971027,4.0,-6.0,-43.0
1776885722.307103,2.0,-6.0,-45.0
1776885722.317103,-1.0,-1.0,-46.0
1776885722.327103,0.0,3.0,-46.0
1776885722.337103,-1.0,1.0,-46.0
1776885722.3471026,4.0,0.0,-45.0
1776885722.3571026,10.0,-3.0,-46.0
1776885722.3671026,11.0,-2.0,-46.0
1776885722.3771029,6.0,0.0,-44.0
1776885722.3871028,6.0,0.0,-42.0
1776885722.3971028,9.0,-1.0,-43.0
1776885722.4071028,10.0,0.0,-44.0
1776885722.4171028,3.0,-3.0,-43.0
1776885722.4271028,7.0,0.0,-47.0
1776885722.4371028,8.0,4.0,-40.0
1776885722.4471028,9.0,2.0,-33.0
1776885722.4571028,9.0,5.0,-36.0
1776885722.4671028,11.0,4.0,-33.0
1776885722.4771028,7.0,9.0,-30.0
1776885722.4871027,4.0,7.0,-29.0
1776885722.4971027,0.0,5.0,-34.0
1776885722.5071027,-1.0,3.0,-40.0
1776885722.5181026,-3.0,2.0,-43.0
1776885722.5281026,-3.0,-1.0,-45.0
1776885722.5381026,-5.0,-1.0,-54.0
1776885722.5481029,-8.0,-4.0,-57.0
1776885722.5581028,-5.0,-1.0,-49.0
1776885722.5681028,-3.0,-5.0,-44.0
1776885722.5781028,-1.0,-5.0,-45.0
1776885722.5881028,3.0,-4.0,-46.0
1776885722.5981028,5.0,-2.0,-47.0
1776885722.6081028,6.0,0.0,-54.0
1776885722.6181028,3.0,-4.0,-52.0
1776885722.6281028,6.0,-4.0,-53.0
1776885722.6381028,0.0,-5.0,-43.0
1776885722.6481028,1.0,-6.0,-51.0
1776885722.6581028,3.0,-4.0,-49.0
1776885722.6681027,3.0,-1.0,-51.0
1776885722.6781027,2.0,0.0,-47.0
1776885722.6881027,0.0,1.0,-41.0
1776885722.6981027,-1.0,0.0,-39.0
1776885722.7081027,-1.0,-1.0,-46.0
1776885722.7181027,-1.0,-5.0,-48.0
1776885722.7281027,-3.0,-8.0,-50.0
1776885722.738103,-1.0,-5.0,-46.0
1776885722.748103,1.0,-5.0,-37.0
1776885722.758103,0.0,-4.0,-34.0
1776885722.7681026,-4.0,-4.0,-36.0
1776885722.7781026,-7.0,-2.0,-38.0
1776885722.7881026,-4.0,-3.0,-46.0
1776885722.7981029,-6.0,-1.0,-48.0
1776885722.8081028,-5.0,0.0,-38.0
1776885722.8181028,-6.0,0.0,-39.0
1776885722.8281028,-2.0,4.0,-34.0
1776885722.8381028,-5.0,5.0,-41.0
1776885722.8481028,-3.0,6.0,-49.0
1776885722.8581028,-1.0,1.0,-49.0
1776885722.8681028,-1.0,0.0,-47.0
1776885722.8781028,0.0,3.0,-44.0
1776885722.8881028,0.0,2.0,-44.0
1776885722.8981028,0.0,1.0,-41.0
1776885722.9081028,-2.0,1.0,-38.0
1776885722.9181027,-6.0,0.0,-40.0
1776885722.9281027,-4.0,-2.0,-44.0
1776885722.9381027,-4.0,2.0,-42.0
1776885722.9481027,0.0,0.0,-43.0
1776885722.9581027,0.0,-4.0,-43.0
1776885722.9681027,4.0,-4.0,-41.0
1776885722.9781027,3.0,-2.0,-38.0
1776885722.988103,1.0,0.0,-43.0
1776885722.998103,5.0,-3.0,-46.0
1776885723.008103,4.0,-4.0,-48.0
1776885723.0181026,3.0,-1.0,-43.0
1776885723.0281026,3.0,-6.0,-38.0
1776885723.0381026,2.0,-3.0,-31.0
1776885723.0481029,1.0,0.0,-40.0
1776885723.0581028,0.0,-1.0,-43.0
1776885723.0681028,-1.0,0.0,-49.0
1776885723.0781028,-1.0,-2.0,-53.0
1776885723.0881028,4.0,-6.0,-57.0
1776885723.0981028,7.0,-3.0,-52.0
1776885723.1081028,7.0,-1.0,-42.0
1776885723.1181028,5.0,0.0,-38.0
1776885723.1281028,4.0,-1.0,-38.0
1776885723.1381028,1.0,1.0,-36.0
1776885723.1481028,0.0,-1.0,-30.0
1776885723.1581028,3.0,-1.0,-29.0
1776885723.1681027,-2.0,-6.0,-36.0
1776885723.1781027,-2.0,-5.0,-32.0
1776885723.1881027,1.0,-1.0,-37.0
1776885723.1981027,0.0,0.0,-30.0
1776885723.2081027,0.0,2.0,-25.0
1776885723.2181027,2.0,2.0,-31.0
1776885723.2281027,2.0,3.0,-37.0
1776885723.238103,5.0,2.0,-39.0
1776885723.248103,6.0,2.0,-40.0
1776885723.258103,2.0,3.0,-42.0
1776885723.2681026,0.0,1.0,-40.0
1776885723.2781026,0.0,2.0,-41.0
1776885723.2881026,2.0,0.0,-34.0
1776885723.2981029,5.0,-1.0,-36.0
1776885723.3081028,4.0,0.0,-33.0
1776885723.3181028,1.0,0.0,-30.0
1776885723.3281028,3.0,-3.0,-27.0
1776885723.3381028,-1.0,1.0,-29.0
1776885723.3481028,0.0,2.0,-35.0
1776885723.3581028,-1.0,2.0,-31.0
1776885723.3681028,-1.0,1.0,-33.0
1776885723.3781028,-4.0,2.0,-35.0
1776885723.3881028,-8.0,1.0,-34.0
1776885723.3981028,-11.0,4.0,-40.0
1776885723.4081028,-9.0,6.0,-38.0
1776885723.4181027,-7.0,5.0,-41.0
1776885723.4281027,-7.0,3.0,-39.0
1776885723.4381027,-4.0,2.0,-40.0
1776885723.4481027,-3.0,4.0,-43.0
1776885723.4581027,-4.0,4.0,-55.0
1776885723.4681027,-9.0,1.0,-53.0
1776885723.4781027,-1.0,4.0,-51.0
1776885723.488103,2.0,2.0,-48.0
1776885723.498103,0.0,4.0,-38.0
1776885723.508103,0.0,5.0,-35.0
1776885723.5181026,2.0,7.0,-39.0
1776885723.5281026,3.0,2.0,-38.0
1776885723.5381026,8.0,1.0,-39.0
1776885723.5481029,8.0,4.0,-41.0
1776885723.5581028,5.0,1.0,-46.0
1776885723.5681028,-3.0,2.0,-43.0
1776885723.5781028,-2.0,0.0,-37.0
1776885723.5881028,0.0,2.0,-34.0
1776885723.5981028,2.0,0.0,-34.0
1776885723.6081028,3.0,-1.0,-36.0
1776885723.6181028,5.0,2.0,-34.0
1776885723.6281028,3.0,4.0,-42.0
1776885723.6381028,2.0,4.0,-37.0
1776885723.6481028,4.0,2.0,-37.0
1776885723.6581028,3.0,0.0,-36.0
1776885723.6681027,2.0,0.0,-34.0
1776885723.6781027,3.0,-2.0,-33.0
1776885723.6881027,6.0,-1.0,-40.0
1776885723.6981027,9.0,-3.0,-38.0
1776885723.7081027,10.0,0.0,-41.0
1776885723.7181027,10.0,1.0,-41.0
1776885723.7281027,4.0,1.0,-43.0
1776885723.738103,7.0,4.0,-46.0
1776885723.748103,6.0,1.0,-51.0
1776885723.758103,5.0,0.0,-51.0
1776885723.7681026,5.0,0.0,-45.0
1776885723.7781026,4.0,0.0,-39.0
1776885723.7881026,2.0,3.0,-39.0
1776885723.7981029,5.0,6.0,-45.0
1776885723.8081028,2.0,7.0,-41.0
1776885723.8181028,2.0,2.0,-37.0
1776885723.8281028,-2.0,-3.0,-38.0
1776885723.8381028,-2.0,-1.0,-43.0
1776885723.8481028,-3.0,1.0,-45.0
1776885723.8581028,-4.0,2.0,-46.0
1776885723.8681028,-5.0,0.0,-49.0
1776885723.8781028,-2.0,-2.0,-47.0
1776885723.8881028,-1.0,1.0,-50.0
1776885723.8981028,-2.0,0.0,-56.0
1776885723.9081028,-6.0,0.0,-58.0
1776885723.9181027,-2.0,4.0,-51.0
1776885723.9281027,0.0,3.0,-49.0
1776885723.9381027,-1.0,6.0,-45.0
1776885723.9481027,-4.0,9.0,-43.0
1776885723.9581027,-5.0,9.0,-52.0
1776885723.9681027,-3.0,7.0,-50.0
1776885723.9781027,-2.0,2.0,-43.0
1776885723.988103,0.0,-1.0,-39.0
1776885723.998103,2.0,-4.0,-33.0
1776885724.008103,5.0,0.0,-31.0
1776885724.0181026,2.0,0.0,-43.0
1776885724.0281026,-1.0,-2.0,-50.0
1776885724.0381026,-3.0,-3.0,-52.0
1776885724.0481029,-6.0,-6.0,-50.0
1776885724.0581028,-5.0,-5.0,-46.0
1776885724.0681028,-4.0,-4.0,-41.0
1776885724.0781028,-7.0,-7.0,-38.0
1776885724.0881028,-7.0,-9.0,-45.0
1776885724.0981028,-7.0,-13.0,-38.0
1776885724.1081028,-7.0,-16.0,-46.0
1776885724.1181028,-5.0,-18.0,-40.0
1776885724.1281028,-2.0,-14.0,-46.0
1776885724.1381028,0.0,-13.0,-52.0
1776885724.1481028,-1.0,-6.0,-53.0
1776885724.1581028,-2.0,-5.0,-49.0
1776885724.1681027,1.0,1.0,-44.0
1776885724.1781027,-2.0,-2.0,-44.0
1776885724.1881027,-3.0,-3.0,-44.0
1776885724.1981027,-3.0,-4.0,-34.0
1776885724.2081027,-1.0,-8.0,-36.0
1776885724.2181027,3.0,-4.0,-40.0
1776885724.2281027,4.0,-2.0,-45.0
1776885724.238103,5.0,-2.0,-47.0
1776885724.248103,5.0,0.0,-39.0
1776885724.258103,0.0,-1.0,-39.0
1776885724.2681026,-4.0,-2.0,-38.0
1776885724.2781026,-11.0,-1.0,-43.0
1776885724.2881026,-11.0,-1.0,-39.0
1776885724.2981029,-9.0,0.0,-42.0
1776885724.3081028,-5.0,-3.0,-43.0
1776885724.3181028,-7.0,-3.0,-38.0
1776885724.3281028,-9.0,-2.0,-38.0
1776885724.3381028,-8.0,-2.0,-37.0
1776885724.3481028,-10.0,0.0,-33.0
1776885724.3581028,-7.0,0.0,-36.0
1776885724.3681028,-1.0,1.0,-35.0
1776885724.3781028,-5.0,1.0,-33.0
1776885724.3881028,-3.0,0.0,-32.0
1776885724.3981028,-4.0,-4.0,-35.0
1776885724.4081028,-7.0,-4.0,-44.0
1776885724.4181027,-5.0,-4.0,-38.0
1776885724.4281027,-7.0,-1.0,-27.0
1776885724.4381027,-5.0,-2.0,-21.0
1776885724.4481027,-5.0,-4.0,-26.0
1776885724.4581027,-8.0,-6.0,-28.0
1776885724.4681027,-4.0,-2.0,-26.0
1776885724.4781027,-4.0,-1.0,-32.0
1776885724.4891028,-3.0,0.0,-33.0
1776885724.4991028,-7.0,-1.0,-39.0
1776885724.5091028,-4.0,-4.0,-43.0
1776885724.5191028,0.0,-7.0,-50.0
1776885724.5291028,-2.0,-7.0,-42.0
1776885724.5391028,0.0,-7.0,-34.0
1776885724.5491028,0.0,-6.0,-35.0
1776885724.5591028,1.0,-7.0,-39.0
1776885724.5691028,3.0,-7.0,-37.0
1776885724.5791028,3.0,-6.0,-39.0
1776885724.5891027,4.0,-4.0,-48.0
1776885724.5991027,6.0,-6.0,-48.0
1776885724.6091027,6.0,-6.0,-45.0
1776885724.6191027,9.0,-5.0,-37.0
1776885724.6291027,9.0,-3.0,-38.0
1776885724.6391027,12.0,-1.0,-41.0
1776885724.6491027,12.0,-2.0,-43.0
1776885724.659103,9.0,0.0,-37.0
1776885724.669103,8.0,2.0,-36.0
1776885724.679103,9.0,0.0,-38.0
1776885724.6891026,9.0,1.0,-38.0
1776885724.6991026,10.0,3.0,-39.0
1776885724.7091026,10.0,2.0,-35.0
1776885724.7191026,6.0,0.0,-37.0
1776885724.7291028,5.0,-3.0,-46.0
1776885724.7391028,0.0,-3.0,-46.0
1776885724.7491028,1.0,0.0,-40.0
1776885724.7591028,0.0,4.0,-30.0
1776885724.7691028,0.0,3.0,-29.0
1776885724.7791028,-4.0,1.0,-33.0
1776885724.7891028,-6.0,-1.0,-31.0
1776885724.7991028,-12.0,1.0,-32.0
1776885724.8091028,-5.0,0.0,-28.0
1776885724.8191028,0.0,-1.0,-24.0
1776885724.8291028,1.0,-2.0,-23.0
1776885724.8391027,3.0,-5.0,-27.0
1776885724.8491027,2.0,-3.0,-31.0
1776885724.8591027,2.0,2.0,-35.0
1776885724.8691027,1.0,3.0,-41.0
1776885724.8791027,1.0,5.0,-40.0
1776885724.8891027,2.0,3.0,-40.0
1776885724.8991027,5.0,1.0,-39.0
1776885724.909103,3.0,0.0,-45.0
1776885724.919103,-2.0,2.0,-47.0
1776885724.929103,-3.0,-2.0,-42.0
1776885724.9391026,-4.0,-4.0,-40.0
1776885724.9491026,-2.0,0.0,-39.0
1776885724.9591026,-1.0,1.0,-37.0
1776885724.9691026,0.0,3.0,-35.0
1776885724.9791028,-4.0,0.0,-43.0
1776885724.9891028,2.0,-1.0,-41.0
1776885724.9991028,5.0,-3.0,-40.0
1776885725.0091028,5.0,-6.0,-39.0
1776885725.0191028,5.0,-1.0,-40.0
1776885725.0291028,5.0,0.0,-47.0
1776885725.0391028,4.0,0.0,-49.0
1776885725.0491028,3.0,2.0,-54.0
1776885725.0591028,1.0,2.0,-46.0
1776885725.0691028,3.0,-1.0,-48.0
1776885725.0791028,5.0,0.0,-53.0
1776885725.0891027,9.0,-3.0,-51.0
1776885725.0991027,8.0,-4.0,-44.0
1776885725.1091027,7.0,-8.0,-44.0
1776885725.1191027,6.0,-12.0,-45.0
1776885725.1291027,3.0,-13.0,-43.0
1776885725.1391027,1.0,-8.0,-42.0
1776885725.1491027,2.0,-2.0,-37.0
1776885725.159103,1.0,0.0,-33.0
1776885725.169103,4.0,0.0,-37.0
1776885725.179103,1.0,0.0,-39.0
1776885725.1891026,-1.0,0.0,-40.0
1776885725.1991026,-2.0,0.0,-38.0
1776885725.2091026,-4.0,0.0,-32.0
1776885725.2191026,-2.0,-1.0,-26.0
1776885725.2291028,0.0,-4.0,-30.0
1776885725.2391028,-2.0,-4.0,-39.0
1776885725.2491028,-5.0,-3.0,-44.0
1776885725.2591028,-8.0,0.0,-47.0
1776885725.2691028,-6.0,-1.0,-51.0
1776885725.2791028,-4.0,-2.0,-54.0
1776885725.2891028,-5.0,-2.0,-51.0
1776885725.2991028,-8.0,0.0,-49.0
1776885725.3091028,-12.0,2.0,-55.0
1776885725.3191028,-9.0,5.0,-52.0
1776885725.3291028,-9.0,2.0,-48.0
1776885725.3391027,-8.0,2.0,-41.0
1776885725.3491027,-5.0,0.0,-39.0
1776885725.3591027,-1.0,-2.0,-37.0
1776885725.3691027,-2.0,-2.0,-39.0
1776885725.3791027,-2.0,-3.0,-42.0
1776885725.3891027,2.0,-5.0,-44.0
1776885725.3991027,4.0,-6.0,-44.0
1776885725.409103,0.0,-5.0,-38.0
1776885725.419103,2.0,-8.0,-45.0
1776885725.429103,2.0,-9.0,-49.0
1776885725.4391026,1.0,-7.0,-48.0
1776885725.4491026,2.0,-8.0,-49.0
1776885725.4591026,6.0,-8.0,-43.0
1776885725.4691026,5.0,-10.0,-40.0
1776885725.4791028,1.0,-7.0,-40.0
1776885725.4891028,3.0,-3.0,-42.0
1776885725.4991028,3.0,-1.0,-40.0
1776885725.5091028,1.0,-3.0,-42.0
1776885725.5191028,-2.0,-3.0,-43.0
1776885725.5291028,-1.0,-3.0,-47.0
1776885725.5391028,-5.0,-4.0,-43.0
1776885725.5491028,-1.0,-3.0,-45.0
1776885725.5591028,-4.0,-1.0,-42.0
1776885725.5691028,-3.0,-1.0,-40.0
1776885725.5791028,-3.0,-3.0,-40.0
1776885725.5891027,-2.0,-5.0,-46.0
1776885725.5991027,-2.0,-5.0,-45.0
1776885725.6091027,0.0,-4.0,-45.0
1776885725.6191027,-3.0,0.0,-44.0
1776885725.6291027,-7.0,-4.0,-42.0
1776885725.6391027,-2.0,-1.0,-48.0
1776885725.6491027,-1.0,-1.0,-43.0
1776885725.659103,0.0,0.0,-44.0
1776885725.669103,-3.0,-2.0,-49.0
1776885725.679103,-2.0,-4.0,-42.0
1776885725.6891026,0.0,1.0,-38.0
1776885725.6991026,-3.0,1.0,-39.0
1776885725.7091026,-2.0,-1.0,-44.0
1776885725.7191026,-1.0,1.0,-45.0
1776885725.7291028,3.0,0.0,-46.0
1776885725.7391028,8.0,-3.0,-50.0
1776885725.7491028,6.0,-2.0,-49.0
1776885725.7591028,6.0,-4.0,-46.0
1776885725.7691028,6.0,0.0,-43.0
1776885725.7791028,8.0,0.0,-48.0
1776885725.7891028,7.0,0.0,-46.0
1776885725.7991028,5.0,-2.0,-47.0
1776885725.8091028,7.0,-2.0,-47.0
1776885725.8191028,4.0,-3.0,-44.0
1776885725.8291028,5.0,0.0,-39.0
1776885725.8391027,5.0,4.0,-30.0
1776885725.8491027,4.0,7.0,-37.0
1776885725.8591027,0.0,6.0,-44.0
1776885725.8691027,1.0,8.0,-42.0
1776885725.8791027,-1.0,7.0,-40.0
1776885725.8891027,0.0,9.0,-41.0
1776885725.8991027,0.0,6.0,-45.0
1776885725.909103,2.0,0.0,-43.0
1776885725.919103,2.0,0.0,-41.0
1776885725.929103,2.0,-2.0,-42.0
1776885725.9391026,1.0,0.0,-45.0
1776885725.9491026,4.0,-2.0,-44.0
1776885725.9591026,5.0,-4.0,-44.0
1776885725.9691026,6.0,-5.0,-42.0
1776885725.9791028,3.0,-4.0,-43.0
1776885725.9891028,1.0,-7.0,-38.0
1776885725.9991028,-3.0,-8.0,-36.0
1776885726.0091028,2.0,-6.0,-37.0
1776885726.0191028,-6.0,0.0,-28.0
1776885726.0291028,-7.0,2.0,-28.0
1776885726.0391028,-6.0,0.0,-32.0
1776885726.0491028,-3.0,0.0,-39.0
1776885726.0591028,-1.0,-2.0,-34.0
1776885726.0691028,-3.0,-3.0,-40.0
1776885726.0791028,-1.0,-4.0,-41.0
1776885726.0891027,-3.0,-1.0,-51.0
1776885726.0991027,-1.0,1.0,-50.0
1776885726.1091027,-2.0,2.0,-46.0
1776885726.1191027,-2.0,-2.0,-42.0
1776885726.1291027,-2.0,-1.0,-35.0
1776885726.1391027,-6.0,0.0,-38.0
1776885726.1491027,-5.0,-2.0,-39.0
1776885726.159103,-9.0,-4.0,-39.0
1776885726.169103,-10.0,-3.0,-43.0
1776885726.179103,-14.0,-7.0,-40.0
1776885726.1891026,-10.0,-8.0,-38.0
1776885726.1991026,-6.0,-6.0,-44.0
1776885726.2091026,-4.0,-3.0,-41.0
1776885726.2191026,0.0,0.0,-36.0
1776885726.2291028,-4.0,0.0,-37.0
1776885726.2391028,-5.0,-4.0,-37.0
1776885726.2491028,-6.0,-10.0,-37.0
1776885726.2591028,-4.0,-9.0,-42.0
1776885726.2691028,-5.0,-8.0,-40.0
1776885726.2791028,-10.0,-5.0,-40.0
1776885726.2891028,-10.0,-7.0,-38.0
1776885726.2991028,-8.0,-3.0,-37.0
1776885726.3091028,-10.0,-3.0,-40.0
1776885726.3191028,-8.0,-1.0,-38.0
1776885726.3291028,-4.0,-3.0,-38.0
1776885726.3391027,-4.0,0.0,-43.0
1776885726.3491027,0.0,1.0,-45.0
1776885726.3591027,3.0,-3.0,-51.0
1776885726.3691027,1.0,-8.0,-44.0
1776885726.3791027,-1.0,-5.0,-40.0
1776885726.3891027,0.0,-4.0,-40.0
1776885726.3991027,1.0,-2.0,-41.0
1776885726.409103,2.0,-3.0,-42.0
1776885726.419103,1.0,-3.0,-45.0
1776885726.429103,3.0,-4.0,-50.0
1776885726.4391026,2.0,-3.0,-52.0
1776885726.4501028,3.0,0.0,-55.0
1776885726.4601028,0.0,1.0,-54.0
1776885726.4701028,0.0,-1.0,-52.0
1776885726.4791028,0.0,0.0,-49.0
1776885726.4901028,0.0,-1.0,-55.0
1776885726.5001028,0.0,-2.0,-51.0
1776885726.5101027,1.0,0.0,-47.0
1776885726.5201027,-1.0,-3.0,-49.0
1776885726.5301027,0.0,-2.0,-51.0
1776885726.5401027,0.0,-4.0,-49.0
1776885726.5501027,3.0,-2.0,-42.0
1776885726.5601027,0.0,0.0,-44.0
1776885726.5701027,0.0,2.0,-44.0
1776885726.5801027,-1.0,4.0,-36.0
1776885726.590103,-1.0,0.0,-42.0
1776885726.600103,2.0,0.0,-43.0
1776885726.610103,4.0,0.0,-38.0
1776885726.6201026,4.0,-1.0,-36.0
1776885726.6301026,1.0,2.0,-35.0
1776885726.6401026,1.0,0.0,-42.0
1776885726.6501029,8.0,0.0,-38.0
1776885726.6601028,12.0,2.0,-42.0
1776885726.6701028,14.0,1.0,-43.0
1776885726.6801028,15.0,1.0,-43.0
1776885726.6901028,9.0,0.0,-35.0
1776885726.7001028,4.0,1.0,-36.0
1776885726.7101028,5.0,1.0,-30.0
1776885726.7201028,8.0,0.0,-37.0
1776885726.7301028,6.0,-1.0,-36.0
1776885726.7401028,8.0,-2.0,-43.0
1776885726.7501028,10.0,-7.0,-41.0
1776885726.7601027,7.0,-4.0,-45.0
1776885726.7701027,4.0,0.0,-42.0
1776885726.7801027,0.0,2.0,-45.0
1776885726.7901027,-1.0,3.0,-49.0
1776885726.8001027,-4.0,1.0,-47.0
1776885726.8101027,-8.0,0.0,-36.0
1776885726.8201027,-4.0,-1.0,-41.0
1776885726.8301027,-1.0,-2.0,-46.0
1776885726.840103,0.0,-1.0,-40.0
1776885726.850103,0.0,-2.0,-46.0
1776885726.860103,4.0,-6.0,-46.0
1776885726.8701026,3.0,-3.0,-44.0
1776885726.8801026,4.0,-4.0,-45.0
1776885726.8901026,2.0,-3.0,-41.0
1776885726.9001029,0.0,0.0,-44.0
1776885726.9101028,-4.0,0.0,-40.0
1776885726.9201028,-8.0,0.0,-41.0
1776885726.9301028,-4.0,-3.0,-45.0
1776885726.9401028,-3.0,-2.0,-45.0
1776885726.9501028,-7.0,0.0,-44.0
1776885726.9601028,-3.0,-4.0,-39.0
1776885726.9701028,-5.0,-4.0,-37.0
1776885726.9801028,-5.0,-4.0,-36.0
1776885726.9901028,-6.0,-6.0,-45.0
1776885727.0001028,-4.0,-4.0,-48.0
1776885727.0101027,-7.0,-2.0,-51.0
1776885727.0201027,-4.0,-2.0,-49.0
1776885727.0301027,-3.0,-6.0,-45.0
1776885727.0401027,-2.0,-10.0,-40.0
1776885727.0501027,0.0,-10.0,-38.0
1776885727.0601027,0.0,-7.0,-40.0
1776885727.0701027,-1.0,-5.0,-41.0
1776885727.0801027,-5.0,0.0,-44.0
1776885727.090103,-4.0,0.0,-43.0
1776885727.100103,-3.0,2.0,-42.0
1776885727.1111028,-1.0,-2.0,-47.0
1776885727.1201026,-2.0,-7.0,-47.0
1776885727.1301026,0.0,-6.0,-41.0
1776885727.1401026,-4.0,-4.0,-43.0
1776885727.1501029,0.0,-9.0,-41.0
1776885727.1601028,0.0,-8.0,-35.0
1776885727.1701028,-1.0,-12.0,-28.0
1776885727.1801028,-1.0,-9.0,-30.0
1776885727.1901028,-1.0,-6.0,-33.0
1776885727.2001028,-1.0,-5.0,-29.0
1776885727.2101028,-3.0,-4.0,-33.0
1776885727.2201028,-1.0,0.0,-39.0
1776885727.2301028,0.0,0.0,-46.0
1776885727.2401028,0.0,-2.0,-43.0
1776885727.2501028,-1.0,-1.0,-43.0
1776885727.2601027,0.0,-2.0,-46.0
1776885727.2701027,0.0,-7.0,-47.0
1776885727.2801027,0.0,-6.0,-48.0
1776885727.2901027,2.0,-6.0,-48.0
1776885727.3001027,1.0,-2.0,-49.0
1776885727.3101027,5.0,0.0,-41.0
1776885727.3201027,5.0,2.0,-40.0
1776885727.3301027,5.0,3.0,-41.0
1776885727.340103,7.0,1.0,-45.0
1776885727.350103,3.0,-2.0,-50.0
1776885727.360103,-2.0,-4.0,-43.0
1776885727.3701026,0.0,-2.0,-39.0
1776885727.3801026,1.0,-2.0,-32.0
1776885727.3901026,2.0,-5.0,-41.0
1776885727.4001029,4.0,-2.0,-47.0
1776885727.4101028,3.0,-1.0,-45.0
1776885727.4201028,-3.0,0.0,-45.0
1776885727.4301028,0.0,-1.0,-48.0
1776885727.4401028,-1.0,-1.0,-46.0
1776885727.4501028,-2.0,-4.0,-40.0
1776885727.4601028,-5.0,-2.0,-43.0
1776885727.4701028,-7.0,-3.0,-36.0
1776885727.4801028,-3.0,-1.0,-33.0
1776885727.4901028,-1.0,-4.0,-35.0
1776885727.5001028,0.0,-3.0,-37.0
1776885727.5101027,1.0,-3.0,-38.0
1776885727.5201027,0.0,-1.0,-34.0
1776885727.5301027,5.0,1.0,-38.0
1776885727.5401027,4.0,-2.0,-30.0
1776885727.5501027,7.0,-2.0,-35.0
1776885727.5601027,9.0,0.0,-41.0
1776885727.5701027,6.0,-1.0,-43.0
1776885727.5801027,4.0,-4.0,-44.0
1776885727.590103,0.0,-6.0,-43.0
1776885727.600103,-6.0,-5.0,-37.0
1776885727.610103,-3.0,-7.0,-38.0
1776885727.6201026,1.0,-10.0,-30.0
1776885727.6301026,7.0,-9.0,-28.0
1776885727.6401026,8.0,-8.0,-39.0
1776885727.6501029,7.0,-5.0,-43.0
1776885727.6601028,1.0,-5.0,-47.0
1776885727.6701028,4.0,-4.0,-42.0
1776885727.6801028,5.0,-2.0,-40.0
1776885727.6901028,7.0,0.0,-33.0
1776885727.7001028,6.0,1.0,-34.0
1776885727.7101028,4.0,-2.0,-34.0
1776885727.7201028,1.0,-5.0,-35.0
1776885727.7301028,5.0,-7.0,-42.0
1776885727.7401028,3.0,-5.0,-43.0
1776885727.7501028,2.0,-9.0,-47.0
1776885727.7601027,7.0,-8.0,-54.0
1776885727.7701027,6.0,-6.0,-48.0
1776885727.7801027,0.0,-2.0,-44.0
1776885727.7901027,1.0,-1.0,-47.0
1776885727.8001027,4.0,-3.0,-43.0
1776885727.8101027,3.0,-5.0,-45.0
1776885727.8201027,2.0,-3.0,-44.0
1776885727.8301027,0.0,-1.0,-45.0
1776885727.840103,1.0,4.0,-43.0
1776885727.850103,0.0,4.0,-38.0
1776885727.860103,-4.0,1.0,-30.0
1776885727.8701026,-6.0,0.0,-32.0
1776885727.8801026,-4.0,-1.0,-34.0
1776885727.8901026,-1.0,-2.0,-42.0
1776885727.9001029,-3.0,0.0,-42.0
1776885727.9101028,-3.0,0.0,-35.0
1776885727.9201028,1.0,-3.0,-40.0
1776885727.9301028,4.0,-7.0,-47.0
1776885727.9401028,5.0,-3.0,-51.0
1776885727.9501028,5.0,-2.0,-50.0
1776885727.9601028,7.0,0.0,-48.0
1776885727.9701028,4.0,2.0,-41.0
1776885727.9801028,6.0,3.0,-40.0
1776885727.9901028,2.0,-4.0,-37.0
1776885728.0001028,-1.0,-3.0,-27.0
1776885728.0101027,-2.0,0.0,-32.0
1776885728.0201027,1.0,2.0,-36.0
1776885728.0301027,0.0,2.0,-37.0
1776885728.0401027,-3.0,3.0,-40.0
1776885728.0501027,-2.0,2.0,-40.0
1776885728.0601027,-4.0,0.0,-43.0
1776885728.0701027,-4.0,-4.0,-34.0
1776885728.0801027,1.0,-4.0,-31.0
1776885728.090103,0.0,-1.0,-42.0
1776885728.100103,-2.0,0.0,-43.0
1776885728.110103,1.0,-1.0,-38.0
1776885728.1201026,-1.0,-1.0,-45.0
1776885728.1301026,1.0,0.0,-47.0
1776885728.1401026,2.0,-6.0,-42.0
1776885728.1501029,2.0,-6.0,-40.0
1776885728.1601028,0.0,-5.0,-43.0
1776885728.1701028,2.0,-1.0,-44.0
1776885728.1801028,5.0,-1.0,-40.0
1776885728.1901028,1.0,-2.0,-36.0
1776885728.2001028,-1.0,0.0,-34.0
1776885728.2101028,0.0,-3.0,-28.0
1776885728.2201028,-3.0,-2.0,-33.0
1776885728.2301028,1.0,-4.0,-29.0
1776885728.2401028,-1.0,-8.0,-32.0
1776885728.2501028,-4.0,-11.0,-36.0
1776885728.2601027,-2.0,-9.0,-39.0
1776885728.2701027,-4.0,-8.0,-38.0
1776885728.2801027,-4.0,-6.0,-44.0
1776885728.2901027,-1.0,-3.0,-43.0
1776885728.3001027,3.0,-3.0,-47.0
1776885728.3101027,3.0,-4.0,-44.0
1776885728.3201027,2.0,-4.0,-45.0
1776885728.3301027,5.0,-6.0,-48.0
1776885728.340103,0.0,-3.0,-45.0
1776885728.350103,0.0,-1.0,-44.0
1776885728.360103,-3.0,0.0,-44.0
1776885728.3701026,-2.0,-2.0,-53.0
1776885728.3801026,3.0,-2.0,-42.0
1776885728.3901026,0.0,-1.0,-38.0
1776885728.4001029,3.0,-2.0,-38.0
1776885728.4101028,0.0,-2.0,-43.0
1776885728.4201028,-4.0,-5.0,-39.0
1776885728.4301028,-2.0,-5.0,-37.0
1776885728.4401028,-1.0,-4.0,-35.0
1776885728.4501028,-3.0,-7.0,-36.0
1776885728.4601028,0.0,-7.0,-38.0
1776885728.4711027,5.0,-8.0,-37.0
1776885728.4811027,2.0,-6.0,-42.0
1776885728.4911027,5.0,-6.0,-44.0
1776885728.5011027,1.0,-2.0,-42.0
1776885728.511103,1.0,-3.0,-43.0
1776885728.521103,0.0,-2.0,-40.0
1776885728.531103,2.0,0.0,-41.0
1776885728.5411026,4.0,0.0,-38.0
1776885728.5511026,5.0,0.0,-38.0
1776885728.5611026,2.0,-3.0,-38.0
1776885728.5711029,6.0,-4.0,-34.0
1776885728.5811028,6.0,-2.0,-40.0
1776885728.5911028,6.0,-1.0,-46.0
1776885728.6011028,6.0,-4.0,-48.0
1776885728.6111028,0.0,-4.0,-49.0
1776885728.6211028,1.0,-1.0,-55.0
1776885728.6311028,6.0,-1.0,-54.0
1776885728.6411028,10.0,-2.0,-51.0
1776885728.6511028,12.0,1.0,-53.0
1776885728.6611028,12.0,-3.0,-47.0
1776885728.6711028,13.0,-4.0,-46.0
1776885728.6811028,8.0,-6.0,-46.0
1776885728.6911027,10.0,-5.0,-48.0
1776885728.7011027,5.0,-4.0,-53.0
1776885728.7111027,0.0,0.0,-50.0
1776885728.7211027,1.0,2.0,-56.0
1776885728.7311027,2.0,6.0,-56.0
1776885728.7411027,3.0,3.0,-58.0
1776885728.7511027,7.0,3.0,-53.0
1776885728.761103,7.0,2.0,-46.0
1776885728.771103,5.0,0.0,-43.0
1776885728.781103,3.0,-2.0,-45.0
1776885728.7911026,6.0,-1.0,-48.0
1776885728.8011026,3.0,-1.0,-50.0
1776885728.8111026,0.0,0.0,-46.0
1776885728.8211029,-1.0,2.0,-40.0
1776885728.8311028,-2.0,0.0,-37.0
1776885728.8411028,-2.0,5.0,-33.0
1776885728.8511028,-3.0,4.0,-33.0
1776885728.8611028,-2.0,-1.0,-39.0
1776885728.8711028,-1.0,2.0,-41.0
1776885728.8811028,2.0,1.0,-44.0
1776885728.8911028,9.0,0.0,-34.0
1776885728.9011028,5.0,0.0,-28.0
1776885728.9111028,2.0,0.0,-21.0
1776885728.9211028,2.0,-6.0,-23.0
1776885728.9311028,5.0,-6.0,-32.0
1776885728.9411027,5.0,-4.0,-36.0
1776885728.9511027,-2.0,-6.0,-34.0
1776885728.9611027,-5.0,-7.0,-36.0
1776885728.9711027,-7.0,-8.0,-36.0
1776885728.9811027,-9.0,-12.0,-35.0
1776885728.9911027,-10.0,-8.0,-41.0
1776885729.0011027,-4.0,-4.0,-46.0
1776885729.011103,-2.0,-2.0,-52.0
1776885729.021103,-2.0,-3.0,-53.0
1776885729.031103,2.0,-3.0,-47.0
1776885729.0411026,-2.0,-2.0,-46.0
1776885729.0511026,0.0,0.0,-44.0
1776885729.0611026,0.0,2.0,-40.0
1776885729.0711029,-2.0,3.0,-41.0
1776885729.0811028,1.0,4.0,-40.0
1776885729.0911028,0.0,11.0,-41.0
1776885729.1011028,-2.0,9.0,-39.0
1776885729.1111028,-3.0,6.0,-43.0
1776885729.1211028,0.0,5.0,-41.0
1776885729.1311028,0.0,-3.0,-37.0
1776885729.1411028,3.0,-8.0,-33.0
1776885729.1511028,-1.0,-10.0,-32.0
1776885729.1611028,-3.0,-11.0,-33.0
1776885729.1711028,-4.0,-11.0,-40.0
1776885729.1811028,-5.0,-8.0,-35.0
1776885729.1911027,-10.0,-2.0,-35.0
1776885729.2011027,-7.0,-2.0,-45.0
1776885729.2111027,-2.0,-3.0,-49.0
1776885729.2211027,0.0,-2.0,-49.0
1776885729.2311027,0.0,-1.0,-47.0
1776885729.2411027,3.0,-4.0,-43.0
1776885729.2511027,6.0,-1.0,-40.0
1776885729.261103,2.0,-1.0,-43.0
1776885729.271103,2.0,-3.0,-43.0
1776885729.281103,0.0,-2.0,-41.0
1776885729.2911026,0.0,-4.0,-44.0
1776885729.3011026,-1.0,-3.0,-44.0
1776885729.3111026,-3.0,-4.0,-40.0
1776885729.3211029,-6.0,-1.0,-36.0
1776885729.3311028,-7.0,0.0,-44.0
1776885729.3411028,-5.0,0.0,-50.0
1776885729.3511028,-4.0,0.0,-48.0
1776885729.3611028,-4.0,0.0,-52.0
1776885729.3711028,-1.0,-2.0,-49.0
1776885729.3811028,5.0,-6.0,-42.0
1776885729.3911028,0.0,-5.0,-45.0
1776885729.4011028,1.0,-7.0,-51.0
1776885729.4111028,-2.0,-4.0,-43.0
1776885729.4211028,1.0,-4.0,-48.0
1776885729.4311028,1.0,-5.0,-55.0
1776885729.4411027,3.0,-5.0,-49.0
1776885729.4511027,-2.0,-7.0,-48.0
1776885729.4611027,0.0,-8.0,-52.0
1776885729.4711027,1.0,-4.0,-51.0
1776885729.4811027,1.0,-2.0,-47.0
1776885729.4911027,0.0,-5.0,-40.0
1776885729.5011027,-6.0,-5.0,-39.0
1776885729.511103,-5.0,-5.0,-37.0
1776885729.521103,-6.0,-7.0,-40.0
1776885729.531103,0.0,-4.0,-45.0
1776885729.5411026,3.0,-4.0,-51.0
1776885729.5511026,5.0,-6.0,-43.0
1776885729.5611026,2.0,-7.0,-37.0
1776885729.5711029,4.0,-3.0,-34.0
1776885729.5811028,3.0,0.0,-36.0
1776885729.5911028,0.0,1.0,-35.0
1776885729.6011028,-1.0,-4.0,-36.0
1776885729.6111028,-2.0,-2.0,-41.0
1776885729.6211028,-5.0,-2.0,-42.0
1776885729.6311028,-1.0,-5.0,-42.0
1776885729.6411028,1.0,-4.0,-38.0
1776885729.6511028,5.0,-4.0,-32.0
1776885729.6611028,5.0,0.0,-33.0
1776885729.6711028,8.0,1.0,-39.0
1776885729.6811028,5.0,2.0,-36.0
1776885729.6911027,4.0,1.0,-46.0
1776885729.7011027,10.0,4.0,-45.0
1776885729.7111027,8.0,7.0,-39.0
1776885729.7211027,13.0,7.0,-36.0
1776885729.7311027,14.0,5.0,-33.0
1776885729.7411027,11.0,2.0,-34.0
1776885729.7511027,8.0,2.0,-35.0
1776885729.761103,0.0,2.0,-28.0
1776885729.771103,-2.0,-1.0,-27.0
1776885729.781103,-2.0,1.0,-28.0
1776885729.7911026,-3.0,3.0,-28.0
1776885729.8011026,-5.0,0.0,-30.0
1776885729.8111026,-4.0,4.0,-32.0
1776885729.8211029,-6.0,5.0,-38.0
1776885729.8311028,0.0,1.0,-38.0
1776885729.8411028,0.0,-2.0,-43.0
1776885729.8511028,-2.0,-5.0,-41.0
1776885729.8611028,-1.0,-3.0,-45.0
1776885729.8711028,0.0,0.0,-36.0
1776885729.8811028,2.0,0.0,-37.0
1776885729.8911028,2.0,0.0,-32.0
1776885729.9011028,3.0,-2.0,-31.0
1776885729.9111028,3.0,-6.0,-26.0
1776885729.9211028,1.0,-9.0,-31.0
1776885729.9311028,0.0,-9.0,-32.0
1776885729.9411027,-2.0,-7.0,-35.0
1776885729.9511027,-4.0,-1.0,-38.0
1776885729.9611027,0.0,0.0,-35.0
1776885729.9711027,-3.0,2.0,-45.0
1776885729.9811027,0.0,0.0,-48.0
1776885729.9911027,1.0,-2.0,-44.0
1776885730.0011027,4.0,-3.0,-38.0
1776885730.011103,0.0,0.0,-32.0
1776885730.021103,1.0,0.0,-34.0
1776885730.031103,0.0,1.0,-38.0
1776885730.0411026,-1.0,0.0,-46.0
1776885730.0511026,-1.0,0.0,-49.0
1776885730.0611026,-3.0,2.0,-37.0
1776885730.0711029,-2.0,0.0,-34.0
1776885730.0811028,-3.0,0.0,-33.0
1776885730.0911028,-1.0,0.0,-39.0
1776885730.1011028,-2.0,1.0,-43.0
1776885730.1111028,-1.0,0.0,-40.0
1776885730.1211028,-1.0,3.0,-46.0
1776885730.1311028,0.0,1.0,-45.0
1776885730.1411028,0.0,-3.0,-46.0
1776885730.1511028,4.0,-2.0,-46.0
1776885730.1611028,7.0,0.0,-49.0
1776885730.1711028,6.0,0.0,-48.0
1776885730.1811028,4.0,-2.0,-45.0
1776885730.1911027,4.0,-3.0,-40.0
1776885730.2011027,2.0,-6.0,-41.0
1776885730.2111027,0.0,-8.0,-36.0
1776885730.2211027,0.0,-6.0,-34.0
1776885730.2311027,1.0,-6.0,-32.0
1776885730.2411027,1.0,-9.0,-37.0
1776885730.2511027,2.0,-10.0,-41.0
1776885730.261103,0.0,-10.0,-40.0
1776885730.271103,0.0,-6.0,-38.0
1776885730.281103,5.0,0.0,-36.0
1776885730.2911026,3.0,0.0,-35.0
1776885730.3011026,3.0,0.0,-34.0
1776885730.3111026,0.0,0.0,-33.0
1776885730.3211029,0.0,0.0,-34.0
1776885730.3311028,0.0,2.0,-34.0
1776885730.3411028,4.0,2.0,-41.0
1776885730.3511028,2.0,0.0,-42.0
1776885730.3611028,5.0,2.0,-42.0
1776885730.3711028,3.0,3.0,-44.0
1776885730.3811028,0.0,-2.0,-40.0
1776885730.3911028,0.0,-3.0,-39.0
1776885730.4011028,-2.0,-4.0,-43.0
1776885730.4121027,-2.0,-1.0,-42.0
1776885730.4211028,-8.0,-5.0,-38.0
1776885730.432103,-1.0,-1.0,-38.0
1776885730.4411027,0.0,0.0,-41.0
1776885730.4511027,0.0,0.0,-43.0
1776885730.462103,4.0,0.0,-47.0
1776885730.4721026,6.0,0.0,-44.0
1776885730.4821026,4.0,1.0,-45.0
1776885730.4921026,2.0,-2.0,-41.0
1776885730.5021029,2.0,-3.0,-41.0
1776885730.5121028,0.0,-3.0,-37.0
1776885730.5221028,-2.0,2.0,-29.0
1776885730.5321028,-3.0,2.0,-33.0
1776885730.5421028,-1.0,0.0,-35.0
1776885730.5521028,-1.0,-3.0,-45.0
1776885730.5621028,4.0,-4.0,-43.0
1776885730.5721028,3.0,-3.0,-51.0
1776885730.5821028,1.0,-3.0,-49.0
1776885730.5921028,0.0,0.0,-42.0
1776885730.6021028,0.0,-4.0,-41.0
1776885730.6121027,1.0,-3.0,-42.0
1776885730.6221027,0.0,-4.0,-42.0
1776885730.6321027,0.0,-7.0,-42.0
1776885730.6421027,0.0,-6.0,-40.0
1776885730.6521027,-1.0,-8.0,-42.0
1776885730.6621027,-2.0,-7.0,-43.0
1776885730.6721027,0.0,-5.0,-45.0
1776885730.682103,0.0,-7.0,-42.0
1776885730.692103,0.0,-7.0,-35.0
1776885730.702103,-2.0,-7.0,-34.0
1776885730.712103,-1.0,-8.0,-42.0
1776885730.7221026,-1.0,-9.0,-50.0
1776885730.7321026,-2.0,-8.0,-47.0
1776885730.7421026,0.0,-8.0,-50.0
1776885730.7521029,0.0,-6.0,-47.0
1776885730.7621028,-2.0,-8.0,-51.0
1776885730.7721028,-5.0,-6.0,-54.0
1776885730.7821028,-7.0,-5.0,-46.0
1776885730.7921028,-6.0,-6.0,-42.0
1776885730.8021028,-9.0,-5.0,-42.0
1776885730.8121028,-4.0,-6.0,-41.0
1776885730.8221028,-1.0,0.0,-41.0
1776885730.8321028,1.0,0.0,-40.0
1776885730.8421028,-6.0,0.0,-43.0
1776885730.8521028,-7.0,-1.0,-41.0
1776885730.8621027,-5.0,-4.0,-43.0
1776885730.8721027,-5.0,-10.0,-41.0
1776885730.8821027,-4.0,-5.0,-41.0
1776885730.8921027,-5.0,-1.0,-45.0
1776885730.9021027,-5.0,-6.0,-44.0
1776885730.9121027,-4.0,-6.0,-43.0
1776885730.9221027,-3.0,-2.0,-44.0
1776885730.932103,-3.0,-1.0,-45.0
1776885730.942103,-2.0,-1.0,-46.0
1776885730.952103,-4.0,1.0,-50.0
1776885730.962103,-1.0,-5.0,-47.0
1776885730.9721026,-1.0,-6.0,-47.0
1776885730.9821026,0.0,-2.0,-44.0
1776885730.9921026,0.0,-1.0,-34.0
1776885731.0021029,1.0,-1.0,-32.0
1776885731.0121028,2.0,0.0,-36.0
1776885731.0221028,5.0,2.0,-38.0
1776885731.0321028,4.0,0.0,-41.0
1776885731.0421028,-1.0,0.0,-45.0
1776885731.0521028,0.0,0.0,-39.0
1776885731.0621028,1.0,2.0,-33.0
1776885731.0721028,1.0,0.0,-28.0
1776885731.0821028,5.0,0.0,-33.0
1776885731.0921028,0.0,2.0,-38.0
1776885731.1021028,1.0,3.0,-42.0
1776885731.1121027,0.0,4.0,-48.0
1776885731.1221027,1.0,2.0,-45.0
1776885731.1321027,2.0,0.0,-43.0
1776885731.1421027,-2.0,0.0,-45.0
1776885731.1521027,-6.0,2.0,-49.0
1776885731.1621027,-4.0,4.0,-53.0
1776885731.1721027,-3.0,1.0,-48.0
1776885731.182103,-3.0,0.0,-42.0
1776885731.192103,0.0,1.0,-41.0
1776885731.202103,0.0,-1.0,-36.0
1776885731.212103,0.0,-5.0,-38.0
1776885731.2221026,-2.0,-7.0,-36.0
1776885731.2321026,0.0,-7.0,-33.0
1776885731.2421026,-1.0,-5.0,-39.0
1776885731.2521029,0.0,-3.0,-43.0
1776885731.2621028,7.0,0.0,-42.0
1776885731.2721028,5.0,3.0,-36.0
1776885731.2821028,7.0,0.0,-37.0
1776885731.2921028,5.0,-1.0,-38.0
1776885731.3021028,5.0,-3.0,-41.0
1776885731.3121028,4.0,0.0,-42.0
1776885731.3221028,5.0,3.0,-35.0
1776885731.3321028,3.0,1.0,-37.0
1776885731.3421028,0.0,-2.0,-34.0
1776885731.3521028,2.0,1.0,-38.0
1776885731.3621027,2.0,-3.0,-42.0
1776885731.3721027,2.0,-6.0,-47.0
1776885731.3821027,0.0,-4.0,-50.0
1776885731.3921027,-2.0,-3.0,-50.0
1776885731.4021027,-5.0,-1.0,-50.0
1776885731.4121027,-7.0,-1.0,-48.0
1776885731.4221027,-2.0,-1.0,-46.0
1776885731.432103,-4.0,0.0,-41.0
1776885731.442103,-4.0,0.0,-44.0
1776885731.452103,1.0,2.0,-47.0
1776885731.462103,4.0,0.0,-48.0
1776885731.4721026,4.0,1.0,-45.0
1776885731.4821026,3.0,0.0,-40.0
1776885731.4921026,6.0,-1.0,-44.0
1776885731.5021029,9.0,-1.0,-49.0
1776885731.5121028,5.0,0.0,-47.0
1776885731.5221028,9.0,3.0,-43.0
1776885731.5321028,7.0,2.0,-38.0
1776885731.5421028,6.0,1.0,-38.0
1776885731.5521028,5.0,-2.0,-38.0
1776885731.5621028,5.0,-7.0,-39.0
1776885731.5721028,11.0,-6.0,-43.0
1776885731.5821028,8.0,-7.0,-44.0
1776885731.5921028,5.0,-3.0,-47.0
1776885731.6021028,5.0,-6.0,-47.0
1776885731.6121027,7.0,-5.0,-43.0
1776885731.6221027,4.0,-6.0,-41.0
1776885731.6321027,1.0,-8.0,-39.0
1776885731.6421027,-1.0,-5.0,-40.0
1776885731.6521027,-5.0,-4.0,-39.0
1776885731.6621027,-4.0,1.0,-37.0
1776885731.6721027,-3.0,-1.0,-46.0
1776885731.682103,0.0,2.0,-41.0
1776885731.692103,1.0,-2.0,-46.0
1776885731.702103,1.0,-1.0,-40.0
1776885731.712103,-4.0,-1.0,-38.0
1776885731.7221026,0.0,-3.0,-43.0
1776885731.7321026,-1.0,0.0,-41.0
1776885731.7421026,-4.0,-5.0,-42.0
1776885731.7521029,-5.0,-5.0,-42.0
1776885731.7621028,-5.0,-8.0,-39.0
1776885731.7721028,-2.0,-8.0,-35.0
1776885731.7821028,-3.0,-2.0,-38.0
1776885731.7921028,-3.0,-3.0,-37.0
1776885731.8021028,0.0,-8.0,-33.0
1776885731.8121028,-1.0,-8.0,-30.0
1776885731.8221028,0.0,-8.0,-29.0
1776885731.8321028,-1.0,-5.0,-30.0
1776885731.8421028,2.0,-1.0,-28.0
1776885731.8521028,5.0,0.0,-28.0
1776885731.8621027,3.0,1.0,-26.0
1776885731.8721027,-1.0,2.0,-27.0
1776885731.8821027,1.0,0.0,-33.0
1776885731.8921027,0.0,0.0,-40.0
1776885731.9021027,1.0,2.0,-39.0
1776885731.9121027,6.0,0.0,-36.0
1776885731.9221027,6.0,0.0,-39.0
1776885731.932103,5.0,0.0,-39.0
1776885731.942103,4.0,-5.0,-41.0
1776885731.952103,7.0,-4.0,-44.0
1776885731.962103,0.0,0.0,-41.0
1776885731.9721026,-2.0,3.0,-43.0
1776885731.9821026,-6.0,2.0,-39.0
1776885731.9921026,-6.0,4.0,-40.0
1776885732.0021029,-1.0,4.0,-40.0
1776885732.0121028,0.0,6.0,-37.0
1776885732.0221028,3.0,1.0,-40.0
1776885732.0321028,12.0,-1.0,-41.0
1776885732.0421028,7.0,0.0,-42.0
1776885732.0521028,8.0,-1.0,-45.0
1776885732.0621028,9.0,-3.0,-38.0
1776885732.0721028,11.0,-5.0,-46.0
1776885732.0821028,8.0,-4.0,-42.0
1776885732.0921028,9.0,-4.0,-38.0
1776885732.1021028,3.0,-5.0,-40.0
1776885732.1121027,2.0,-8.0,-34.0
1776885732.1221027,1.0,-8.0,-32.0
1776885732.1321027,5.0,1.0,-28.0
1776885732.1421027,6.0,2.0,-28.0
1776885732.1521027,3.0,3.0,-28.0
1776885732.1621027,4.0,3.0,-31.0
1776885732.1721027,2.0,3.0,-40.0
1776885732.182103,-3.0,3.0,-36.0
1776885732.192103,-7.0,0.0,-38.0
1776885732.202103,-9.0,1.0,-36.0
1776885732.212103,-7.0,1.0,-39.0
1776885732.2221026,-8.0,-1.0,-40.0
1776885732.2321026,-3.0,-4.0,-41.0
1776885732.2421026,-3.0,0.0,-38.0
1776885732.2521029,-2.0,3.0,-39.0
1776885732.2621028,2.0,4.0,-41.0
1776885732.2721028,0.0,1.0,-43.0
1776885732.2821028,-3.0,0.0,-45.0
1776885732.2921028,1.0,-1.0,-45.0
1776885732.3021028,-4.0,-4.0,-48.0
1776885732.3121028,-7.0,-1.0,-44.0
1776885732.3221028,-3.0,-1.0,-49.0
1776885732.3321028,-1.0,-2.0,-55.0
1776885732.3421028,-2.0,-1.0,-53.0
1776885732.3521028,-3.0,0.0,-55.0
1776885732.3621027,-6.0,0.0,-56.0
1776885732.3721027,0.0,-1.0,-43.0
1776885732.3821027,-1.0,0.0,-39.0
1776885732.3921027,0.0,-2.0,-39.0
1776885732.4021027,0.0,0.0,-40.0
1776885732.4131026,2.0,0.0,-44.0
1776885732.4221027,6.0,-2.0,-36.0
1776885732.4331028,5.0,0.0,-35.0
1776885732.4431028,3.0,0.0,-36.0
1776885732.4531028,2.0,6.0,-40.0
1776885732.462103,-1.0,7.0,-40.0
1776885732.4731028,-2.0,6.0,-41.0
1776885732.4831028,1.0,7.0,-37.0
1776885732.4931028,1.0,1.0,-37.0
1776885732.5031028,0.0,1.0,-38.0
1776885732.5131028,-1.0,-2.0,-41.0
1776885732.5231028,-3.0,-6.0,-41.0
1776885732.5331028,0.0,-9.0,-32.0
1776885732.5431027,0.0,-8.0,-36.0
1776885732.5531027,-1.0,-7.0,-36.0
1776885732.5631027,-7.0,-8.0,-38.0
1776885732.5731027,-6.0,-5.0,-41.0
1776885732.5831027,-4.0,-3.0,-44.0
1776885732.5931027,-8.0,-3.0,-44.0
1776885732.6031027,-6.0,-5.0,-48.0
1776885732.613103,-5.0,-4.0,-45.0
1776885732.623103,-6.0,0.0,-48.0
1776885732.633103,-1.0,-3.0,-47.0
1776885732.6431026,-3.0,-4.0,-42.0
1776885732.6531026,-5.0,-2.0,-41.0
1776885732.6631026,-5.0,-1.0,-41.0
1776885732.6731029,-3.0,-2.0,-41.0
1776885732.6831028,-3.0,0.0,-40.0
1776885732.6931028,-2.0,-2.0,-39.0
1776885732.7031028,-2.0,0.0,-37.0
1776885732.7131028,4.0,0.0,-37.0
1776885732.7231028,7.0,0.0,-29.0
1776885732.7331028,6.0,0.0,-29.0
1776885732.7431028,5.0,1.0,-27.0
1776885732.7531028,4.0,1.0,-27.0
1776885732.7631028,2.0,1.0,-30.0
1776885732.7731028,1.0,3.0,-32.0
1776885732.7831028,0.0,-4.0,-42.0
1776885732.7931027,4.0,-6.0,-40.0
1776885732.8031027,4.0,-1.0,-40.0
1776885732.8131027,7.0,-2.0,-44.0
1776885732.8231027,10.0,-1.0,-45.0
1776885732.8331027,6.0,-3.0,-46.0
1776885732.8431027,4.0,0.0,-44.0
1776885732.8531027,0.0,1.0,-45.0
1776885732.863103,-2.0,1.0,-44.0
1776885732.873103,-4.0,1.0,-41.0
1776885732.883103,-4.0,2.0,-45.0
1776885732.8931026,-2.0,0.0,-42.0
1776885732.9031026,-3.0,-3.0,-36.0
1776885732.9131026,-6.0,-5.0,-40.0
1776885732.9231029,-7.0,-4.0,-41.0
1776885732.9331028,-7.0,0.0,-48.0
1776885732.9431028,0.0,0.0,-47.0
1776885732.9531028,0.0,0.0,-44.0
1776885732.9631028,7.0,1.0,-44.0
1776885732.9731028,5.0,2.0,-45.0
1776885732.9831028,9.0,-2.0,-42.0
1776885732.9931028,3.0,-2.0,-44.0
1776885733.0031028,4.0,-2.0,-44.0
1776885733.0131028,3.0,-3.0,-41.0
1776885733.0231028,3.0,-2.0,-44.0
1776885733.0331028,6.0,-1.0,-47.0
1776885733.0431027,7.0,-1.0,-48.0
1776885733.0531027,7.0,-3.0,-45.0
1776885733.0631027,7.0,-2.0,-47.0
1776885733.0731027,7.0,-3.0,-44.0
1776885733.0831027,5.0,-2.0,-49.0
1776885733.0931027,3.0,-3.0,-53.0
1776885733.1031027,2.0,-4.0,-51.0
1776885733.113103,5.0,-4.0,-51.0
1776885733.123103,6.0,-2.0,-50.0
1776885733.133103,5.0,-2.0,-50.0
1776885733.1431026,5.0,0.0,-45.0
1776885733.1531026,7.0,-2.0,-46.0
1776885733.1631026,5.0,-3.0,-47.0
1776885733.1731029,2.0,0.0,-52.0
1776885733.1831028,-3.0,2.0,-53.0
1776885733.1931028,-3.0,-2.0,-60.0
1776885733.2031028,-4.0,-4.0,-61.0
1776885733.2131028,-3.0,-3.0,-58.0
1776885733.2231028,0.0,-1.0,-58.0
1776885733.2331028,-1.0,2.0,-55.0
1776885733.2431028,-3.0,0.0,-53.0
1776885733.2531028,-3.0,-2.0,-51.0
1776885733.2631028,-2.0,-4.0,-50.0
1776885733.2731028,-4.0,-2.0,-52.0
1776885733.2831028,-2.0,0.0,-56.0
1776885733.2931027,0.0,1.0,-50.0
1776885733.3031027,0.0,0.0,-50.0
1776885733.3131027,0.0,3.0,-53.0
1776885733.3231027,-1.0,0.0,-53.0
1776885733.3331027,0.0,0.0,-52.0
1776885733.3431027,4.0,0.0,-41.0
1776885733.3531027,3.0,-3.0,-32.0
1776885733.363103,1.0,0.0,-27.0
1776885733.373103,1.0,0.0,-29.0
1776885733.383103,0.0,1.0,-35.0
1776885733.3931026,1.0,-4.0,-39.0
1776885733.4031026,1.0,-2.0,-34.0
1776885733.4131026,2.0,-2.0,-36.0
1776885733.4231029,3.0,-1.0,-37.0
1776885733.4331028,3.0,-1.0,-38.0
1776885733.4431028,-2.0,2.0,-32.0
1776885733.4531028,-3.0,2.0,-39.0
1776885733.4631028,-5.0,3.0,-40.0
1776885733.4731028,-8.0,1.0,-41.0
1776885733.4831028,-3.0,0.0,-42.0
1776885733.4931028,0.0,5.0,-46.0
1776885733.5031028,-8.0,6.0,-44.0
1776885733.5131028,-7.0,2.0,-40.0
1776885733.5231028,-4.0,-2.0,-37.0
1776885733.5331028,0.0,0.0,-36.0
1776885733.5431027,1.0,0.0,-44.0
1776885733.5531027,-1.0,-3.0,-48.0
1776885733.5631027,0.0,-6.0,-42.0
1776885733.5731027,2.0,-4.0,-43.0
1776885733.5831027,4.0,-1.0,-40.0
1776885733.5931027,6.0,-3.0,-38.0
1776885733.6031027,4.0,-4.0,-38.0
1776885733.613103,0.0,-4.0,-47.0
1776885733.623103,0.0,-1.0,-46.0
1776885733.633103,4.0,1.0,-45.0
1776885733.6431026,8.0,4.0,-41.0
1776885733.6531026,10.0,6.0,-37.0
1776885733.6631026,2.0,3.0,-37.0
1776885733.6731029,-3.0,2.0,-42.0
1776885733.6831028,-5.0,3.0,-36.0
1776885733.6931028,-2.0,1.0,-37.0
1776885733.7031028,-4.0,2.0,-39.0
1776885733.7131028,0.0,0.0,-38.0
1776885733.7231028,-2.0,1.0,-43.0
1776885733.7331028,-7.0,1.0,-38.0
1776885733.7431028,-7.0,0.0,-39.0
1776885733.7531028,-1.0,-1.0,-34.0
1776885733.7631028,-2.0,-5.0,-36.0
1776885733.7731028,-3.0,-6.0,-36.0
1776885733.7831028,-1.0,-4.0,-35.0
1776885733.7931027,3.0,-2.0,-38.0
1776885733.8031027,4.0,2.0,-41.0
1776885733.8131027,7.0,3.0,-44.0
1776885733.8231027,2.0,0.0,-50.0
1776885733.8331027,3.0,-2.0,-45.0
1776885733.8431027,2.0,-3.0,-43.0
1776885733.8531027,0.0,0.0,-41.0
1776885733.863103,1.0,-1.0,-40.0
1776885733.873103,2.0,-1.0,-36.0
1776885733.883103,4.0,1.0,-40.0
1776885733.8931026,2.0,-1.0,-35.0
1776885733.9031026,0.0,-3.0,-40.0
1776885733.9131026,3.0,-2.0,-48.0
1776885733.9231029,-1.0,-5.0,-49.0
1776885733.9331028,-1.0,-5.0,-50.0
1776885733.9431028,3.0,-1.0,-45.0
1776885733.9531028,4.0,-4.0,-40.0
1776885733.9631028,2.0,-7.0,-32.0
1776885733.9731028,3.0,-7.0,-40.0
1776885733.9831028,4.0,-3.0,-42.0
1776885733.9931028,5.0,0.0,-41.0
1776885734.0031028,6.0,0.0,-39.0
1776885734.0131028,8.0,0.0,-45.0
1776885734.0231028,9.0,3.0,-46.0
1776885734.0331028,10.0,3.0,-44.0
1776885734.0431027,11.0,0.0,-48.0
1776885734.0531027,14.0,0.0,-44.0
1776885734.0631027,9.0,0.0,-38.0
1776885734.0731027,5.0,-1.0,-37.0
1776885734.0831027,5.0,-1.0,-43.0
1776885734.0931027,9.0,0.0,-41.0
1776885734.1031027,9.0,0.0,-39.0
1776885734.113103,1.0,-2.0,-41.0
1776885734.123103,-3.0,-1.0,-39.0
1776885734.133103,0.0,0.0,-41.0
1776885734.1431026,0.0,-3.0,-48.0
1776885734.1531026,0.0,-5.0,-46.0
1776885734.1631026,1.0,-7.0,-43.0
1776885734.1731029,2.0,-4.0,-41.0
1776885734.1831028,3.0,1.0,-43.0
1776885734.1931028,4.0,3.0,-48.0
1776885734.2031028,5.0,-1.0,-50.0
1776885734.2131028,0.0,-1.0,-50.0
1776885734.2231028,1.0,2.0,-53.0
1776885734.2331028,2.0,6.0,-52.0
1776885734.2431028,6.0,7.0,-45.0
1776885734.2531028,3.0,3.0,-43.0
1776885734.2631028,5.0,0.0,-37.0
1776885734.2731028,1.0,0.0,-36.0
1776885734.2831028,-1.0,-1.0,-36.0
1776885734.2931027,5.0,-4.0,-34.0
1776885734.3031027,6.0,0.0,-36.0
1776885734.3131027,5.0,0.0,-35.0
1776885734.3231027,4.0,-1.0,-37.0
1776885734.3331027,0.0,-3.0,-37.0
1776885734.3431027,2.0,-3.0,-43.0
1776885734.3531027,4.0,-1.0,-43.0
1776885734.363103,5.0,-2.0,-41.0
1776885734.373103,0.0,-2.0,-45.0
1776885734.383103,-2.0,-1.0,-44.0
1776885734.3941028,-1.0,1.0,-42.0
1776885734.4031026,0.0,3.0,-42.0
1776885734.4141028,0.0,3.0,-38.0
1776885734.4241028,1.0,7.0,-37.0
1776885734.4341028,1.0,7.0,-42.0
1776885734.4441028,-2.0,5.0,-48.0
1776885734.4541028,-4.0,4.0,-52.0
1776885734.4641027,-4.0,2.0,-49.0
1776885734.4741027,-1.0,3.0,-48.0
1776885734.4841027,0.0,4.0,-55.0
1776885734.4941027,1.0,0.0,-57.0
1776885734.5041027,1.0,-6.0,-54.0
1776885734.5141027,0.0,-5.0,-51.0
1776885734.5241027,2.0,-1.0,-52.0
1776885734.534103,6.0,1.0,-51.0
1776885734.544103,8.0,-4.0,-46.0
1776885734.554103,10.0,-4.0,-49.0
1776885734.5641026,8.0,-6.0,-44.0
1776885734.5741026,3.0,-3.0,-44.0
1776885734.5841026,0.0,-3.0,-44.0
1776885734.5941026,-4.0,-3.0,-43.0
1776885734.6041028,-4.0,-5.0,-43.0
1776885734.6141028,0.0,0.0,-44.0
1776885734.6241028,3.0,0.0,-42.0
1776885734.6341028,1.0,-4.0,-40.0
1776885734.6441028,2.0,-4.0,-36.0
1776885734.6541028,7.0,-7.0,-33.0
1776885734.6641028,6.0,-5.0,-35.0
1776885734.6741028,2.0,0.0,-40.0
1776885734.6841028,0.0,2.0,-47.0
1776885734.6941028,0.0,-4.0,-41.0
1776885734.7041028,0.0,-7.0,-35.0
1776885734.7141027,6.0,-6.0,-41.0
1776885734.7241027,0.0,-5.0,-45.0
1776885734.7341027,2.0,-2.0,-45.0
1776885734.7441027,0.0,0.0,-47.0
1776885734.7541027,-2.0,-3.0,-45.0
1776885734.7641027,-6.0,-9.0,-40.0
1776885734.7741027,-10.0,-7.0,-40.0
1776885734.784103,-9.0,-3.0,-38.0
1776885734.794103,-10.0,2.0,-44.0
1776885734.804103,-10.0,2.0,-44.0
1776885734.8141026,-1.0,2.0,-37.0
1776885734.8241026,2.0,0.0,-37.0
1776885734.8341026,7.0,0.0,-40.0
1776885734.8441026,4.0,1.0,-37.0
1776885734.8541028,6.0,0.0,-31.0
1776885734.8641028,5.0,0.0,-30.0
1776885734.8741028,0.0,3.0,-32.0
1776885734.8841028,0.0,2.0,-30.0
1776885734.8941028,3.0,-2.0,-41.0
1776885734.9041028,2.0,-5.0,-42.0
1776885734.9141028,5.0,-3.0,-42.0
1776885734.9241028,6.0,-1.0,-49.0
1776885734.9341028,7.0,-3.0,-45.0
1776885734.9441028,7.0,-3.0,-45.0
1776885734.9541028,6.0,-1.0,-47.0
1776885734.9641027,7.0,-3.0,-41.0
1776885734.9741027,5.0,-4.0,-39.0
1776885734.9841027,2.0,-8.0,-43.0
1776885734.9941027,5.0,-9.0,-49.0
1776885735.0041027,5.0,-7.0,-51.0
1776885735.0141027,5.0,-4.0,-49.0
1776885735.0241027,3.0,-2.0,-49.0
1776885735.034103,3.0,-3.0,-47.0
1776885735.044103,6.0,-3.0,-54.0
1776885735.054103,4.0,-4.0,-54.0
1776885735.0641026,10.0,-1.0,-49.0
1776885735.0741026,12.0,-2.0,-52.0
1776885735.0841026,9.0,-1.0,-53.0
1776885735.0941026,7.0,0.0,-57.0
1776885735.1041028,4.0,0.0,-54.0
1776885735.1141028,6.0,0.0,-54.0
1776885735.1241028,9.0,-3.0,-52.0
1776885735.1341028,4.0,-3.0,-54.0
1776885735.1441028,0.0,-7.0,-45.0
1776885735.1541028,0.0,-8.0,-39.0
1776885735.1641028,-3.0,-7.0,-43.0
1776885735.1741028,-7.0,-7.0,-42.0
1776885735.1841028,-5.0,-4.0,-40.0
1776885735.1941028,0.0,-2.0,-42.0
1776885735.2041028,2.0,-4.0,-45.0
1776885735.2141027,2.0,-11.0,-45.0
1776885735.2241027,1.0,-12.0,-40.0
1776885735.235103,0.0,-9.0,-34.0
1776885735.2441027,-3.0,-9.0,-28.0
1776885735.2541027,-3.0,-8.0,-25.0
1776885735.2641027,1.0,-8.0,-26.0
1776885735.2741027,1.0,-4.0,-26.0
1776885735.284103,0.0,-5.0,-28.0
1776885735.294103,0.0,-9.0,-30.0
1776885735.304103,0.0,-9.0,-29.0
1776885735.3141026,0.0,-5.0,-32.0
1776885735.3241026,-4.0,-2.0,-31.0
1776885735.3341026,-1.0,0.0,-34.0
1776885735.3441026,0.0,-4.0,-40.0
1776885735.3541028,1.0,-2.0,-36.0
1776885735.3641028,2.0,-2.0,-34.0
1776885735.3741028,2.0,-5.0,-42.0
1776885735.3841028,1.0,-2.0,-55.0
1776885735.3941028,1.0,-1.0,-53.0
1776885735.4041028,1.0,-5.0,-56.0
1776885735.4141028,3.0,-3.0,-49.0
1776885735.4241028,0.0,-5.0,-48.0
1776885735.4341028,1.0,-9.0,-46.0
1776885735.4441028,0.0,-10.0,-45.0
1776885735.4541028,2.0,-7.0,-46.0
1776885735.4641027,3.0,-4.0,-47.0
1776885735.4741027,4.0,-4.0,-52.0
1776885735.4841027,0.0,-3.0,-54.0
1776885735.4941027,1.0,-3.0,-55.0
1776885735.5041027,1.0,-4.0,-57.0
1776885735.5141027,-3.0,-2.0,-59.0
1776885735.5241027,0.0,1.0,-48.0
1776885735.534103,3.0,0.0,-47.0
1776885735.544103,-2.0,2.0,-52.0
1776885735.554103,-1.0,1.0,-51.0
1776885735.5641026,0.0,-1.0,-53.0
1776885735.5741026,-2.0,-4.0,-53.0
1776885735.5841026,-1.0,-3.0,-58.0
1776885735.5941026,0.0,-2.0,-52.0
1776885735.6041028,-3.0,0.0,-44.0
1776885735.6141028,-1.0,-1.0,-48.0
1776885735.6241028,3.0,-2.0,-49.0
1776885735.6341028,6.0,1.0,-44.0
1776885735.6441028,9.0,-1.0,-44.0
1776885735.6541028,7.0,-4.0,-41.0
1776885735.6641028,7.0,-7.0,-39.0
1776885735.6741028,3.0,-7.0,-41.0
1776885735.6841028,8.0,-7.0,-41.0
1776885735.6941028,8.0,-7.0,-42.0
1776885735.7041028,6.0,-8.0,-43.0
1776885735.7141027,5.0,-4.0,-45.0
1776885735.7241027,-1.0,-3.0,-39.0
1776885735.7341027,-3.0,-5.0,-38.0
1776885735.7441027,-1.0,-6.0,-40.0
1776885735.7541027,0.0,-3.0,-46.0
1776885735.7641027,-1.0,0.0,-39.0
1776885735.7741027,-4.0,2.0,-42.0
1776885735.784103,-8.0,1.0,-47.0
1776885735.794103,-8.0,2.0,-44.0
1776885735.804103,-2.0,3.0,-42.0
1776885735.8141026,-2.0,0.0,-44.0
1776885735.8241026,-1.0,-1.0,-40.0
1776885735.8341026,0.0,-6.0,-41.0
1776885735.8441026,-1.0,-6.0,-40.0
1776885735.8541028,0.0,-5.0,-37.0
1776885735.8641028,-1.0,-4.0,-36.0
1776885735.8741028,-2.0,0.0,-32.0
1776885735.8841028,-3.0,1.0,-31.0
1776885735.8941028,-6.0,0.0,-30.0
1776885735.9041028,-8.0,-5.0,-25.0
1776885735.9141028,-12.0,-7.0,-30.0
1776885735.9241028,-6.0,-9.0,-35.0
1776885735.9341028,-6.0,-8.0,-36.0
1776885735.9441028,-8.0,-7.0,-44.0
1776885735.9541028,-5.0,-10.0,-39.0
1776885735.9641027,-1.0,-5.0,-40.0
1776885735.9741027,0.0,-2.0,-41.0
1776885735.9841027,0.0,-5.0,-40.0
1776885735.9941027,0.0,-4.0,-40.0
1776885736.0041027,-3.0,-4.0,-38.0
1776885736.0141027,-5.0,-7.0,-37.0
1776885736.0241027,0.0,-3.0,-39.0
1776885736.034103,1.0,0.0,-42.0
1776885736.044103,2.0,-4.0,-38.0
1776885736.054103,0.0,-6.0,-26.0
1776885736.0641026,4.0,-4.0,-31.0
1776885736.0741026,2.0,-3.0,-27.0
1776885736.0841026,-4.0,-4.0,-28.0
1776885736.0941026,-1.0,-5.0,-31.0
1776885736.1041028,2.0,-8.0,-36.0
1776885736.1141028,1.0,-4.0,-32.0
1776885736.1241028,3.0,-2.0,-32.0
1776885736.1341028,2.0,-1.0,-34.0
1776885736.1441028,0.0,-1.0,-41.0
1776885736.1541028,0.0,-2.0,-43.0
1776885736.1641028,0.0,-4.0,-44.0
1776885736.1741028,-1.0,-11.0,-40.0
1776885736.1841028,3.0,-9.0,-35.0
1776885736.1941028,3.0,-6.0,-37.0
1776885736.2041028,0.0,-1.0,-39.0
1776885736.2141027,2.0,0.0,-46.0
1776885736.2241027,1.0,0.0,-53.0
1776885736.2341027,0.0,-1.0,-54.0
1776885736.2441027,5.0,-5.0,-59.0
1776885736.2541027,1.0,-4.0,-53.0
1776885736.2641027,4.0,-2.0,-55.0
1776885736.2741027,-2.0,-2.0,-54.0
1776885736.284103,0.0,0.0,-52.0
1776885736.294103,-1.0,-1.0,-53.0
1776885736.304103,-4.0,-2.0,-47.0
1776885736.3141026,0.0,0.0,-35.0
1776885736.3241026,-2.0,2.0,-31.0
1776885736.3341026,-4.0,0.0,-30.0
1776885736.3441026,-4.0,-4.0,-36.0
1776885736.3541028,-4.0,-4.0,-38.0
1776885736.3641028,-3.0,-6.0,-47.0
1776885736.3741028,0.0,-8.0,-44.0
1776885736.3841028,-1.0,-10.0,-38.0
1776885736.3951027,-5.0,-6.0,-33.0
1776885736.4041028,-2.0,0.0,-38.0
1776885736.4151027,1.0,-2.0,-40.0
1776885736.4251027,2.0,-4.0,-39.0
1776885736.4351027,1.0,-2.0,-35.0
1776885736.4451027,1.0,-1.0,-29.0
1776885736.4551027,-1.0,1.0,-30.0
1776885736.465103,1.0,0.0,-32.0
1776885736.475103,7.0,0.0,-30.0
1776885736.485103,9.0,-3.0,-35.0
1776885736.4951026,8.0,-2.0,-33.0
1776885736.5051026,6.0,-1.0,-34.0
1776885736.5151026,2.0,0.0,-33.0
1776885736.5251029,3.0,-1.0,-32.0
1776885736.5351028,4.0,0.0,-36.0
1776885736.5451028,3.0,3.0,-39.0
1776885736.5551028,1.0,1.0,-36.0
1776885736.5651028,0.0,5.0,-42.0
1776885736.5751028,-4.0,6.0,-39.0
1776885736.5851028,-6.0,4.0,-35.0
1776885736.5951028,-7.0,1.0,-36.0
1776885736.6051028,-4.0,5.0,-39.0
1776885736.6151028,-8.0,8.0,-37.0
1776885736.6251028,-5.0,4.0,-36.0
1776885736.6351027,-4.0,0.0,-38.0
1776885736.6451027,-7.0,-1.0,-36.0
1776885736.6551027,-7.0,-2.0,-37.0
1776885736.6651027,-7.0,-3.0,-45.0
1776885736.6751027,-8.0,2.0,-43.0
1776885736.6851027,-6.0,4.0,-51.0
1776885736.6951027,-3.0,0.0,-49.0
1776885736.7051027,-3.0,0.0,-50.0
1776885736.715103,-3.0,4.0,-49.0
1776885736.725103,-2.0,1.0,-48.0
1776885736.735103,0.0,1.0,-45.0
1776885736.7451026,-2.0,5.0,-46.0
1776885736.7551026,-3.0,4.0,-44.0
1776885736.7651026,-1.0,-1.0,-39.0
1776885736.7751029,1.0,-1.0,-36.0
1776885736.7851028,2.0,-5.0,-37.0
1776885736.7951028,8.0,-7.0,-36.0
1776885736.8051028,2.0,-10.0,-37.0
1776885736.8151028,-1.0,-7.0,-38.0
1776885736.8251028,1.0,-8.0,-36.0
1776885736.8351028,0.0,-5.0,-34.0
1776885736.8451028,2.0,-7.0,-37.0
1776885736.8551028,1.0,-5.0,-40.0
1776885736.8651028,1.0,-4.0,-41.0
1776885736.8751028,1.0,0.0,-36.0
1776885736.8851027,0.0,1.0,-39.0
1776885736.8951027,0.0,-2.0,-37.0
1776885736.9051027,1.0,-2.0,-32.0
1776885736.9151027,-4.0,-5.0,-33.0
1776885736.9251027,-4.0,-6.0,-35.0
1776885736.9351027,-4.0,-4.0,-30.0
1776885736.9451027,-5.0,-7.0,-32.0
1776885736.9551027,-3.0,-8.0,-33.0
1776885736.965103,-1.0,-5.0,-31.0
1776885736.975103,0.0,0.0,-36.0
1776885736.985103,-2.0,0.0,-36.0
1776885736.9951026,-1.0,0.0,-38.0
1776885737.0051026,0.0,0.0,-40.0
1776885737.0151026,0.0,1.0,-37.0
1776885737.0251029,0.0,0.0,-40.0
1776885737.0351028,-1.0,0.0,-35.0
1776885737.0451028,-3.0,-3.0,-33.0
1776885737.0551028,-4.0,-3.0,-33.0
1776885737.0651028,-4.0,-2.0,-34.0
1776885737.0751028,-3.0,-1.0,-38.0
1776885737.0851028,0.0,-3.0,-41.0
1776885737.0951028,0.0,-5.0,-40.0
1776885737.1051028,3.0,-9.0,-39.0
1776885737.1151028,-2.0,-5.0,-42.0
1776885737.1251028,-4.0,-2.0,-40.0
1776885737.1351027,-3.0,-3.0,-38.0
1776885737.1451027,-2.0,-4.0,-52.0
1776885737.1551027,1.0,-7.0,-51.0
1776885737.1651027,5.0,-8.0,-50.0
1776885737.1751027,5.0,-10.0,-46.0
1776885737.1851027,3.0,-9.0,-50.0
1776885737.1951027,4.0,-7.0,-48.0
1776885737.2051027,4.0,-9.0,-43.0
1776885737.215103,2.0,-5.0,-44.0
1776885737.225103,5.0,-2.0,-37.0
1776885737.235103,6.0,-2.0,-37.0
1776885737.2451026,2.0,1.0,-41.0
1776885737.2551026,0.0,2.0,-41.0
1776885737.2651026,1.0,2.0,-36.0
1776885737.2751029,1.0,0.0,-38.0
1776885737.2851028,4.0,-2.0,-32.0
1776885737.2951028,0.0,0.0,-24.0
1776885737.3051028,-3.0,-1.0,-25.0
1776885737.3151028,-3.0,0.0,-25.0
1776885737.3251028,0.0,0.0,-31.0
1776885737.3351028,-3.0,0.0,-37.0
1776885737.3451028,-4.0,-2.0,-40.0
1776885737.3551028,0.0,-6.0,-38.0
1776885737.3651028,-2.0,-5.0,-42.0
1776885737.3751028,-1.0,-6.0,-43.0
1776885737.3851027,-4.0,-5.0,-43.0
1776885737.3951027,-4.0,0.0,-42.0
1776885737.4051027,-2.0,0.0,-38.0
1776885737.4151027,-1.0,-4.0,-39.0
1776885737.4251027,0.0,-5.0,-38.0
1776885737.4351027,2.0,-4.0,-34.0
1776885737.4451027,-2.0,0.0,-32.0
1776885737.4551027,-5.0,0.0,-34.0
1776885737.465103,0.0,0.0,-37.0
1776885737.475103,0.0,0.0,-42.0
1776885737.485103,2.0,-4.0,-44.0
1776885737.4951026,-2.0,-1.0,-38.0
1776885737.5051026,-6.0,-3.0,-34.0
1776885737.5151026,-5.0,0.0,-30.0
1776885737.5251029,-5.0,4.0,-35.0
1776885737.5351028,-10.0,3.0,-32.0
1776885737.5451028,-7.0,4.0,-37.0
1776885737.5551028,-2.0,0.0,-38.0
1776885737.5651028,-1.0,0.0,-46.0
1776885737.5751028,3.0,3.0,-52.0
1776885737.5851028,2.0,9.0,-45.0
1776885737.5951028,4.0,8.0,-37.0
1776885737.6051028,5.0,5.0,-39.0
1776885737.6151028,9.0,2.0,-38.0
1776885737.6251028,11.0,0.0,-38.0
1776885737.6351027,8.0,-2.0,-39.0
1776885737.6451027,8.0,0.0,-43.0
1776885737.6551027,6.0,1.0,-47.0
1776885737.6651027,5.0,1.0,-50.0
1776885737.6751027,7.0,0.0,-50.0
1776885737.6851027,2.0,-1.0,-39.0
1776885737.6951027,1.0,-7.0,-38.0
1776885737.7051027,2.0,-7.0,-37.0
1776885737.715103,0.0,-7.0,-45.0
1776885737.725103,0.0,-7.0,-44.0
1776885737.735103,1.0,-5.0,-43.0
1776885737.7451026,0.0,-2.0,-42.0
1776885737.7551026,3.0,0.0,-36.0
1776885737.7651026,2.0,0.0,-39.0
1776885737.7751029,2.0,-1.0,-40.0
1776885737.7851028,0.0,1.0,-38.0
1776885737.7951028,1.0,0.0,-45.0
1776885737.8051028,0.0,3.0,-47.0
1776885737.8151028,-3.0,5.0,-54.0
1776885737.8251028,-1.0,2.0,-57.0
1776885737.8351028,0.0,-3.0,-47.0
1776885737.8451028,-2.0,-5.0,-52.0
1776885737.8551028,-5.0,-2.0,-58.0
1776885737.8651028,-4.0,-2.0,-63.0
1776885737.8751028,-5.0,0.0,-65.0
1776885737.8851027,-1.0,-1.0,-67.0
1776885737.8951027,0.0,-1.0,-65.0
1776885737.9051027,0.0,-1.0,-56.0
1776885737.9151027,0.0,-1.0,-54.0
1776885737.9251027,2.0,-2.0,-47.0
1776885737.9351027,6.0,-2.0,-52.0
1776885737.9451027,5.0,-3.0,-54.0
1776885737.9551027,2.0,-4.0,-47.0
1776885737.965103,2.0,-1.0,-48.0
1776885737.975103,1.0,0.0,-43.0
1776885737.985103,2.0,2.0,-43.0
1776885737.9951026,0.0,4.0,-37.0
1776885738.0051026,0.0,4.0,-42.0
1776885738.0151026,2.0,2.0,-44.0
1776885738.0251029,3.0,0.0,-38.0
1776885738.0351028,4.0,-3.0,-44.0
1776885738.0451028,8.0,-5.0,-41.0
1776885738.0551028,5.0,-3.0,-43.0
1776885738.0651028,8.0,-1.0,-47.0
1776885738.0751028,8.0,1.0,-41.0
1776885738.0851028,7.0,-3.0,-39.0
1776885738.0951028,6.0,-4.0,-46.0
1776885738.1051028,13.0,-2.0,-46.0
1776885738.1151028,12.0,-5.0,-50.0
1776885738.1251028,11.0,-8.0,-47.0
1776885738.1351027,9.0,-7.0,-45.0
1776885738.1451027,11.0,-8.0,-45.0
1776885738.1551027,9.0,-5.0,-44.0
1776885738.1651027,9.0,-2.0,-46.0
1776885738.1751027,9.0,2.0,-46.0
1776885738.1851027,10.0,4.0,-50.0
1776885738.1951027,5.0,5.0,-56.0
1776885738.2051027,0.0,5.0,-57.0
1776885738.215103,-3.0,3.0,-53.0
1776885738.225103,-1.0,3.0,-46.0
1776885738.235103,-2.0,5.0,-38.0
1776885738.2451026,-4.0,1.0,-39.0
1776885738.2551026,0.0,0.0,-44.0
1776885738.2651026,-1.0,-2.0,-47.0
1776885738.2751029,-5.0,-4.0,-52.0
1776885738.2851028,2.0,-3.0,-52.0
1776885738.2951028,1.0,2.0,-48.0
1776885738.3051028,0.0,4.0,-43.0
1776885738.3151028,4.0,4.0,-45.0
1776885738.3251028,7.0,-2.0,-43.0
1776885738.3351028,8.0,-5.0,-41.0
1776885738.3451028,6.0,-11.0,-35.0
1776885738.3551028,5.0,-14.0,-31.0
1776885738.3661027,8.0,-11.0,-33.0
1776885738.3751028,10.0,-10.0,-40.0
1776885738.3851027,3.0,-6.0,-43.0
1776885738.3951027,1.0,-5.0,-46.0
1776885738.406103,1.0,-2.0,-44.0
1776885738.4161026,1.0,-1.0,-39.0
1776885738.4251027,0.0,0.0,-44.0
1776885738.4361026,-1.0,-4.0,-42.0
1776885738.4461029,2.0,-6.0,-42.0
1776885738.4561028,0.0,-4.0,-43.0
1776885738.4661028,3.0,-6.0,-42.0
1776885738.4761028,2.0,-7.0,-44.0
1776885738.4861028,3.0,-5.0,-44.0
1776885738.4961028,8.0,-5.0,-43.0
1776885738.5061028,6.0,-8.0,-40.0
1776885738.5161028,3.0,-5.0,-42.0
1776885738.5261028,1.0,-2.0,-52.0
1776885738.5361028,0.0,-2.0,-56.0
1776885738.5461028,-1.0,-7.0,-53.0
1776885738.5561028,-3.0,-4.0,-42.0
1776885738.5661027,-3.0,-3.0,-51.0
1776885738.5761027,-3.0,-3.0,-51.0
1776885738.5861027,-5.0,0.0,-51.0
1776885738.5961027,-3.0,0.0,-44.0
1776885738.6061027,0.0,0.0,-40.0
1776885738.6161027,-1.0,4.0,-40.0
1776885738.6261027,0.0,3.0,-44.0
1776885738.636103,3.0,3.0,-43.0
1776885738.646103,0.0,1.0,-40.0
1776885738.656103,1.0,-1.0,-39.0
1776885738.6661026,-1.0,-2.0,-38.0
1776885738.6761026,2.0,-5.0,-35.0
1776885738.6861026,3.0,-1.0,-35.0
1776885738.6961029,7.0,-3.0,-40.0
1776885738.7061028,5.0,-7.0,-41.0
1776885738.7161028,5.0,-8.0,-45.0
1776885738.7261028,0.0,-1.0,-53.0
1776885738.7361028,1.0,0.0,-52.0
1776885738.7461028,1.0,-1.0,-46.0
1776885738.7561028,3.0,-5.0,-49.0
1776885738.7661028,3.0,-6.0,-49.0
1776885738.7761028,7.0,0.0,-44.0
1776885738.7861028,4.0,0.0,-42.0
1776885738.7961028,4.0,4.0,-39.0
1776885738.8061028,5.0,5.0,-40.0
1776885738.8161027,6.0,1.0,-41.0
1776885738.8261027,7.0,2.0,-41.0
1776885738.8361027,6.0,0.0,-45.0
1776885738.8461027,1.0,0.0,-45.0
1776885738.8561027,3.0,-1.0,-51.0
1776885738.8661027,0.0,-2.0,-46.0
1776885738.8761027,0.0,-4.0,-53.0
1776885738.886103,3.0,-7.0,-51.0
1776885738.896103,3.0,-6.0,-50.0
1776885738.906103,2.0,-5.0,-49.0
1776885738.9161026,2.0,-8.0,-51.0
1776885738.9261026,-4.0,-9.0,-41.0
1776885738.9361026,0.0,-6.0,-40.0
1776885738.9461029,-3.0,-6.0,-40.0
1776885738.9561028,-4.0,-3.0,-35.0
1776885738.9661028,-2.0,-1.0,-38.0
1776885738.9761028,0.0,-2.0,-33.0
1776885738.9861028,-1.0,-1.0,-28.0
1776885738.9961028,-5.0,-2.0,-33.0
1776885739.0061028,-4.0,-2.0,-29.0
1776885739.0161028,0.0,-6.0,-29.0
1776885739.0261028,-3.0,-2.0,-31.0
1776885739.0361028,-2.0,-1.0,-31.0
1776885739.0461028,-1.0,-1.0,-35.0
1776885739.0561028,0.0,-1.0,-35.0
1776885739.0661027,2.0,-1.0,-40.0
1776885739.0761027,1.0,0.0,-44.0
1776885739.0861027,-2.0,-3.0,-44.0
1776885739.0961027,0.0,-3.0,-47.0
1776885739.1071026,-6.0,0.0,-45.0
1776885739.1161027,-9.0,4.0,-45.0
1776885739.1261027,-5.0,6.0,-43.0
1776885739.136103,-4.0,4.0,-43.0
1776885739.146103,-3.0,2.0,-37.0
1776885739.156103,-7.0,0.0,-37.0
1776885739.1661026,-8.0,2.0,-35.0
1776885739.1761026,-4.0,0.0,-41.0
1776885739.1861026,-4.0,0.0,-41.0
1776885739.1961029,-2.0,-1.0,-43.0
1776885739.2061028,2.0,-5.0,-45.0
1776885739.2161028,2.0,-5.0,-44.0
1776885739.2261028,2.0,-5.0,-36.0
1776885739.2361028,4.0,-2.0,-31.0
1776885739.2461028,3.0,-3.0,-30.0
1776885739.2561028,0.0,0.0,-38.0
1776885739.2661028,-4.0,3.0,-45.0
1776885739.2761028,-3.0,4.0,-47.0
1776885739.2861028,0.0,0.0,-46.0
1776885739.2961028,7.0,2.0,-46.0
1776885739.3061028,7.0,5.0,-43.0
1776885739.3161027,2.0,3.0,-42.0
1776885739.3261027,-1.0,-3.0,-47.0
1776885739.3361027,-3.0,-5.0,-42.0
1776885739.3461027,0.0,-5.0,-40.0
1776885739.3561027,3.0,-3.0,-41.0
1776885739.3661027,4.0,-3.0,-41.0
1776885739.3761027,3.0,-7.0,-47.0
1776885739.386103,5.0,-9.0,-53.0
1776885739.396103,3.0,-11.0,-52.0
1776885739.406103,1.0,-8.0,-52.0
1776885739.4161026,-1.0,-7.0,-55.0
1776885739.4261026,1.0,-9.0,-54.0
1776885739.4361026,5.0,-10.0,-48.0
1776885739.4461029,3.0,-7.0,-47.0
1776885739.4561028,8.0,-2.0,-45.0
1776885739.4661028,8.0,1.0,-50.0
1776885739.4761028,7.0,3.0,-46.0
1776885739.4861028,0.0,3.0,-44.0
1776885739.4961028,1.0,1.0,-38.0
1776885739.5061028,0.0,-3.0,-43.0
1776885739.5161028,0.0,-3.0,-49.0
1776885739.5261028,-1.0,0.0,-52.0
1776885739.5361028,-2.0,-4.0,-50.0
1776885739.5461028,-4.0,-5.0,-47.0
1776885739.5561028,-2.0,-1.0,-45.0
1776885739.5661027,-2.0,0.0,-47.0
1776885739.5761027,-2.0,-1.0,-54.0
1776885739.5861027,0.0,-4.0,-51.0
1776885739.5961027,0.0,-6.0,-45.0
1776885739.6061027,0.0,-3.0,-44.0
1776885739.6161027,-2.0,-5.0,-45.0
1776885739.6261027,-4.0,-6.0,-43.0
1776885739.636103,0.0,-6.0,-42.0
1776885739.646103,-2.0,-1.0,-40.0
1776885739.656103,-3.0,4.0,-37.0
1776885739.6661026,-1.0,4.0,-40.0
1776885739.6761026,0.0,0.0,-44.0
1776885739.6861026,-3.0,0.0,-43.0
1776885739.6961029,-4.0,1.0,-38.0
1776885739.7061028,-6.0,0.0,-37.0
1776885739.7161028,-5.0,0.0,-41.0
1776885739.7261028,1.0,0.0,-41.0
1776885739.7361028,0.0,2.0,-47.0
1776885739.7461028,5.0,2.0,-46.0
1776885739.7561028,5.0,-2.0,-47.0
1776885739.7661028,7.0,-3.0,-49.0
1776885739.7761028,6.0,-2.0,-44.0
1776885739.7861028,8.0,-4.0,-48.0
1776885739.7961028,7.0,-2.0,-51.0
1776885739.8061028,8.0,-1.0,-55.0
1776885739.8161027,7.0,0.0,-55.0
1776885739.8261027,4.0,0.0,-54.0
1776885739.8361027,0.0,-1.0,-45.0
1776885739.8461027,-5.0,2.0,-42.0
1776885739.8561027,-2.0,2.0,-45.0
1776885739.8661027,-2.0,0.0,-49.0
1776885739.8761027,0.0,4.0,-48.0
1776885739.886103,1.0,2.0,-40.0
1776885739.896103,0.0,-1.0,-37.0
1776885739.906103,0.0,-3.0,-44.0
1776885739.9161026,0.0,-1.0,-43.0
1776885739.9261026,0.0,0.0,-47.0
1776885739.9361026,-1.0,-1.0,-45.0
1776885739.9461029,-7.0,-6.0,-44.0
1776885739.9561028,-8.0,-5.0,-44.0
1776885739.9661028,-4.0,-5.0,-40.0
1776885739.9761028,0.0,-4.0,-39.0
1776885739.9861028,-5.0,-10.0,-45.0
1776885739.9961028,-2.0,-7.0,-43.0
1776885740.0061028,1.0,-1.0,-46.0
1776885740.0161028,0.0,-1.0,-41.0
1776885740.0261028,2.0,0.0,-42.0
1776885740.0361028,6.0,-1.0,-47.0
1776885740.0461028,10.0,1.0,-51.0
1776885740.0561028,9.0,0.0,-51.0
1776885740.0661027,3.0,-1.0,-49.0
1776885740.0761027,1.0,-1.0,-43.0
1776885740.0861027,4.0,-1.0,-38.0
1776885740.0961027,4.0,-1.0,-37.0
1776885740.1061027,4.0,1.0,-37.0
1776885740.1161027,4.0,1.0,-36.0
1776885740.1261027,3.0,1.0,-44.0
1776885740.136103,-1.0,0.0,-42.0
1776885740.146103,-3.0,-1.0,-39.0
1776885740.156103,-4.0,0.0,-40.0
1776885740.1661026,-4.0,-2.0,-41.0
1776885740.1761026,-1.0,0.0,-44.0
1776885740.1861026,1.0,-1.0,-44.0
1776885740.1961029,0.0,-1.0,-42.0
1776885740.2061028,0.0,0.0,-50.0
1776885740.2161028,-1.0,1.0,-57.0
1776885740.2261028,-2.0,0.0,-51.0
1776885740.2361028,-3.0,-3.0,-46.0
1776885740.2461028,-7.0,-2.0,-42.0
1776885740.2561028,-5.0,-2.0,-42.0
1776885740.2661028,0.0,-1.0,-43.0
1776885740.2761028,0.0,-1.0,-39.0
1776885740.2861028,0.0,-3.0,-43.0
1776885740.2961028,-2.0,-4.0,-48.0
1776885740.3061028,-1.0,-4.0,-42.0
1776885740.3161027,-5.0,-1.0,-40.0
1776885740.3261027,-5.0,-6.0,-41.0
1776885740.3361027,-2.0,-4.0,-37.0
1776885740.3461027,2.0,-7.0,-32.0
1776885740.3561027,7.0,-2.0,-30.0
1776885740.3671026,5.0,-3.0,-27.0
1776885740.3771029,1.0,-6.0,-19.0
1776885740.3871028,-1.0,-5.0,-23.0
1776885740.3971028,-4.0,-5.0,-23.0
1776885740.4071028,-7.0,0.0,-29.0
1776885740.4171028,-6.0,-1.0,-27.0
1776885740.4271028,-2.0,-2.0,-24.0
1776885740.4371028,0.0,-3.0,-26.0
1776885740.4471028,3.0,-3.0,-30.0
1776885740.4571028,3.0,-2.0,-32.0
1776885740.4671028,2.0,-7.0,-33.0
1776885740.4771028,1.0,-6.0,-33.0
1776885740.4871027,0.0,-3.0,-36.0
1776885740.4971027,0.0,-5.0,-42.0
1776885740.5071027,0.0,-2.0,-43.0
1776885740.5171027,1.0,-2.0,-41.0
1776885740.5271027,-1.0,0.0,-45.0
1776885740.5371027,-2.0,-1.0,-51.0
1776885740.5471027,-1.0,0.0,-45.0
1776885740.557103,-5.0,-1.0,-48.0
1776885740.567103,-5.0,-1.0,-50.0
1776885740.577103,-5.0,-1.0,-56.0
1776885740.587103,-6.0,-2.0,-46.0
1776885740.5971026,-1.0,-4.0,-42.0
1776885740.6071026,1.0,-3.0,-46.0
1776885740.6171026,4.0,-4.0,-48.0
1776885740.6271029,12.0,-8.0,-44.0
1776885740.6371028,9.0,-5.0,-41.0
1776885740.6471028,8.0,-5.0,-42.0
1776885740.6571028,8.0,-7.0,-35.0
1776885740.6671028,6.0,-3.0,-39.0
1776885740.6771028,8.0,-3.0,-40.0
1776885740.6871028,3.0,-1.0,-38.0
1776885740.6971028,3.0,-2.0,-35.0
1776885740.7071028,2.0,-3.0,-33.0
1776885740.7171028,4.0,-4.0,-34.0
1776885740.7271028,4.0,-4.0,-31.0
1776885740.7371027,3.0,-8.0,-37.0
1776885740.7471027,4.0,-10.0,-35.0
1776885740.7571027,4.0,-8.0,-35.0
1776885740.7671027,3.0,-8.0,-39.0
1776885740.7771027,3.0,-9.0,-37.0
1776885740.7871027,5.0,-8.0,-38.0
1776885740.7971027,2.0,-5.0,-44.0
1776885740.807103,2.0,-3.0,-43.0
1776885740.817103,-3.0,-1.0,-40.0
1776885740.827103,-3.0,0.0,-40.0
1776885740.837103,3.0,-2.0,-34.0
1776885740.8471026,3.0,-1.0,-41.0
1776885740.8571026,8.0,-1.0,-41.0
1776885740.8671026,10.0,1.0,-42.0
1776885740.8771029,5.0,1.0,-41.0
1776885740.8871028,0.0,2.0,-37.0
1776885740.8971028,0.0,3.0,-35.0
1776885740.9071028,0.0,4.0,-38.0
1776885740.9171028,-2.0,5.0,-42.0
1776885740.9271028,0.0,2.0,-43.0
1776885740.9371028,1.0,0.0,-45.0
1776885740.9471028,0.0,-3.0,-39.0
1776885740.9571028,3.0,0.0,-43.0
1776885740.9671028,6.0,5.0,-40.0
1776885740.9771028,2.0,6.0,-44.0
1776885740.9871027,4.0,5.0,-45.0
1776885740.9971027,1.0,3.0,-42.0
1776885741.0071027,3.0,4.0,-35.0
1776885741.0171027,-1.0,1.0,-40.0
1776885741.0271027,1.0,-2.0,-42.0
1776885741.0371027,0.0,-5.0,-47.0
1776885741.0471027,0.0,0.0,-43.0
1776885741.057103,2.0,-4.0,-41.0
1776885741.067103,5.0,-4.0,-41.0
1776885741.077103,3.0,-3.0,-44.0
1776885741.087103,1.0,-5.0,-47.0
1776885741.0971026,-2.0,-10.0,-45.0
1776885741.1071026,1.0,-11.0,-50.0
1776885741.1171026,2.0,-9.0,-47.0
1776885741.1271029,-2.0,-7.0,-52.0
1776885741.1371028,-5.0,0.0,-51.0
1776885741.1471028,-5.0,0.0,-45.0
1776885741.1571028,-3.0,-3.0,-43.0
1776885741.1671028,-2.0,-4.0,-36.0
1776885741.1771028,-4.0,-8.0,-39.0
1776885741.1871028,-1.0,-4.0,-37.0
1776885741.1971028,1.0,-6.0,-37.0
1776885741.2071028,3.0,-4.0,-36.0
1776885741.2171028,0.0,-3.0,-37.0
1776885741.2271028,1.0,-4.0,-35.0
1776885741.2371027,0.0,-5.0,-32.0
1776885741.2471027,2.0,-3.0,-34.0
1776885741.2571027,0.0,-2.0,-36.0
1776885741.2671027,-3.0,-4.0,-41.0
1776885741.2771027,-3.0,0.0,-47.0
1776885741.2871027,-1.0,5.0,-48.0
1776885741.2971027,-2.0,3.0,-51.0
1776885741.307103,0.0,0.0,-55.0
1776885741.317103,-5.0,-1.0,-56.0
1776885741.327103,-7.0,0.0,-55.0
1776885741.337103,-3.0,-1.0,-53.0
1776885741.3471026,-9.0,-2.0,-48.0
1776885741.3571026,-7.0,-5.0,-55.0
1776885741.3671026,-3.0,-4.0,-52.0
1776885741.3771029,-2.0,-1.0,-47.0
1776885741.3871028,-2.0,0.0,-41.0
1776885741.3971028,0.0,0.0,-48.0
1776885741.4071028,0.0,-6.0,-51.0
1776885741.4171028,-1.0,-7.0,-45.0
1776885741.4271028,1.0,-11.0,-45.0
1776885741.4371028,-2.0,-10.0,-45.0
1776885741.4471028,0.0,-7.0,-43.0
1776885741.4571028,5.0,-4.0,-42.0
1776885741.4671028,8.0,-1.0,-39.0
1776885741.4771028,6.0,1.0,-41.0
1776885741.4871027,3.0,0.0,-41.0
1776885741.4971027,1.0,0.0,-43.0
1776885741.5071027,-4.0,-3.0,-39.0
1776885741.5171027,-1.0,-2.0,-37.0
1776885741.5271027,3.0,-1.0,-35.0
1776885741.5371027,10.0,-1.0,-37.0
1776885741.5471027,10.0,-1.0,-42.0
1776885741.557103,5.0,-4.0,-46.0
1776885741.567103,3.0,-5.0,-46.0
1776885741.577103,1.0,-4.0,-41.0
1776885741.587103,2.0,-6.0,-36.0
1776885741.5971026,4.0,-7.0,-34.0
1776885741.6071026,2.0,-11.0,-35.0
1776885741.6171026,0.0,-7.0,-31.0
1776885741.6271029,1.0,-4.0,-33.0
1776885741.6371028,0.0,-5.0,-29.0
1776885741.6471028,-1.0,-4.0,-28.0
1776885741.6571028,1.0,-3.0,-36.0
1776885741.6671028,3.0,-4.0,-36.0
1776885741.6771028,5.0,-6.0,-33.0
1776885741.6871028,3.0,-2.0,-32.0
1776885741.6971028,5.0,-2.0,-30.0
1776885741.7071028,6.0,-3.0,-33.0
1776885741.7171028,5.0,-6.0,-34.0
1776885741.7271028,4.0,-7.0,-39.0
1776885741.7371027,8.0,-5.0,-51.0
1776885741.7471027,5.0,-3.0,-51.0
1776885741.7571027,1.0,-4.0,-54.0
1776885741.7671027,2.0,-9.0,-53.0
1776885741.7771027,2.0,-8.0,-54.0
1776885741.7871027,1.0,-4.0,-52.0
1776885741.7971027,0.0,0.0,-47.0
1776885741.807103,-2.0,0.0,-48.0
1776885741.817103,-5.0,0.0,-42.0
1776885741.827103,-5.0,0.0,-40.0
1776885741.837103,-3.0,-3.0,-43.0
1776885741.8471026,-4.0,-5.0,-46.0
1776885741.8571026,4.0,-2.0,-44.0
1776885741.8671026,3.0,0.0,-44.0
1776885741.8771029,5.0,-2.0,-40.0
1776885741.8871028,1.0,-3.0,-40.0
1776885741.8971028,0.0,0.0,-36.0
1776885741.9071028,0.0,4.0,-36.0
1776885741.9171028,0.0,5.0,-39.0
1776885741.9271028,0.0,0.0,-39.0
1776885741.9371028,5.0,2.0,-35.0
1776885741.9471028,6.0,2.0,-36.0
1776885741.9571028,6.0,2.0,-36.0
1776885741.9671028,5.0,2.0,-36.0
1776885741.9771028,4.0,5.0,-37.0
1776885741.9871027,3.0,3.0,-43.0
1776885741.9971027,-2.0,3.0,-42.0
1776885742.0071027,4.0,-1.0,-44.0
1776885742.0171027,1.0,-3.0,-49.0
1776885742.0271027,-1.0,-3.0,-50.0
1776885742.0371027,1.0,-2.0,-47.0
1776885742.0471027,-1.0,-6.0,-44.0
1776885742.057103,1.0,-4.0,-35.0
1776885742.067103,2.0,-6.0,-34.0
1776885742.077103,3.0,-6.0,-34.0
1776885742.087103,1.0,-6.0,-30.0
1776885742.0971026,0.0,-4.0,-37.0
1776885742.1071026,0.0,-7.0,-38.0
1776885742.1171026,-1.0,-3.0,-30.0
1776885742.1271029,0.0,-3.0,-33.0
1776885742.1371028,0.0,-1.0,-29.0
1776885742.1471028,0.0,0.0,-35.0
1776885742.1571028,0.0,0.0,-41.0
1776885742.1671028,-3.0,-2.0,-36.0
1776885742.1771028,-3.0,-3.0,-35.0
1776885742.1871028,-7.0,-2.0,-36.0
1776885742.1971028,-7.0,1.0,-37.0
1776885742.2071028,-9.0,-2.0,-36.0
1776885742.2171028,-9.0,0.0,-34.0
1776885742.2271028,-7.0,0.0,-29.0
1776885742.2371027,0.0,1.0,-31.0
1776885742.2471027,0.0,2.0,-31.0
1776885742.2571027,4.0,0.0,-32.0
1776885742.2671027,4.0,-4.0,-34.0
1776885742.2771027,1.0,-4.0,-40.0
1776885742.2871027,-7.0,-3.0,-38.0
1776885742.2971027,0.0,-5.0,-40.0
1776885742.3081028,4.0,-4.0,-41.0
1776885742.317103,7.0,-5.0,-40.0
1776885742.327103,9.0,-1.0,-42.0
1776885742.337103,14.0,1.0,-36.0
1776885742.3471026,17.0,-2.0,-32.0
1776885742.3571026,6.0,-5.0,-34.0
1776885742.3681028,3.0,-6.0,-33.0
1776885742.3771029,3.0,-6.0,-35.0
1776885742.3881028,7.0,-5.0,-44.0
1776885742.3981028,5.0,-2.0,-41.0
1776885742.4081028,5.0,-1.0,-38.0
1776885742.4181027,2.0,1.0,-37.0
1776885742.4281027,3.0,0.0,-40.0
1776885742.4381027,2.0,0.0,-39.0
1776885742.4481027,0.0,0.0,-40.0
1776885742.4581027,-1.0,0.0,-35.0
1776885742.4681027,-2.0,0.0,-36.0
1776885742.4781027,1.0,0.0,-41.0
1776885742.488103,4.0,-2.0,-43.0
1776885742.498103,4.0,0.0,-39.0
1776885742.508103,3.0,-2.0,-37.0
1776885742.5181026,2.0,2.0,-40.0
1776885742.5281026,2.0,1.0,-41.0
1776885742.5381026,4.0,0.0,-42.0
1776885742.5481029,5.0,0.0,-40.0
1776885742.5581028,6.0,1.0,-40.0
1776885742.5681028,3.0,3.0,-38.0
1776885742.5781028,4.0,0.0,-39.0
1776885742.5881028,5.0,1.0,-37.0
1776885742.5981028,4.0,3.0,-34.0
1776885742.6081028,4.0,2.0,-30.0
1776885742.6181028,3.0,2.0,-33.0
1776885742.6281028,6.0,4.0,-33.0
1776885742.6381028,1.0,0.0,-42.0
1776885742.6481028,4.0,-5.0,-46.0
1776885742.6581028,0.0,-2.0,-42.0
1776885742.6681027,5.0,1.0,-41.0
1776885742.6781027,1.0,2.0,-46.0
1776885742.6881027,-1.0,-1.0,-47.0
1776885742.6981027,4.0,-2.0,-52.0
1776885742.7081027,5.0,2.0,-49.0
1776885742.7181027,0.0,1.0,-44.0
1776885742.7281027,-1.0,2.0,-41.0
1776885742.738103,-3.0,3.0,-40.0
1776885742.748103,-1.0,0.0,-43.0
1776885742.758103,-3.0,-1.0,-43.0
1776885742.7681026,0.0,-2.0,-41.0
1776885742.7781026,1.0,-2.0,-36.0
1776885742.7881026,0.0,-4.0,-39.0
1776885742.7981029,-7.0,-4.0,-42.0
1776885742.8081028,-5.0,-3.0,-42.0
1776885742.8181028,-2.0,-3.0,-44.0
1776885742.8281028,-2.0,0.0,-44.0
1776885742.8381028,-3.0,0.0,-45.0
1776885742.8481028,-4.0,1.0,-40.0
1776885742.8581028,-2.0,1.0,-40.0
1776885742.8681028,3.0,0.0,-40.0
1776885742.8781028,0.0,0.0,-41.0
1776885742.8881028,3.0,0.0,-44.0
1776885742.8981028,5.0,-1.0,-44.0
1776885742.9081028,0.0,-1.0,-48.0
1776885742.9181027,0.0,-4.0,-55.0
1776885742.9281027,1.0,-2.0,-58.0
1776885742.9381027,-4.0,-2.0,-58.0
1776885742.9481027,-4.0,1.0,-53.0
1776885742.9581027,-7.0,-1.0,-51.0
1776885742.9681027,-8.0,-5.0,-44.0
1776885742.9781027,-6.0,-3.0,-46.0
1776885742.988103,-5.0,-5.0,-40.0
1776885742.998103,-2.0,-6.0,-35.0
1776885743.008103,-2.0,-5.0,-33.0
1776885743.0181026,-2.0,-3.0,-34.0
1776885743.0281026,0.0,-4.0,-34.0
1776885743.0381026,-3.0,-8.0,-40.0
1776885743.0481029,3.0,-7.0,-42.0
1776885743.0581028,3.0,-4.0,-42.0
1776885743.0681028,0.0,-2.0,-42.0
1776885743.0781028,-3.0,-2.0,-39.0
1776885743.0881028,-6.0,-1.0,-38.0
1776885743.0981028,-9.0,-1.0,-39.0
1776885743.1081028,-6.0,-2.0,-41.0
1776885743.1181028,-2.0,0.0,-42.0
1776885743.1281028,0.0,0.0,-42.0
1776885743.1381028,0.0,0.0,-42.0
1776885743.1481028,0.0,-1.0,-45.0
1776885743.1581028,0.0,-6.0,-41.0
1776885743.1681027,4.0,-4.0,-41.0
1776885743.1781027,7.0,-5.0,-44.0
1776885743.1881027,6.0,-6.0,-51.0
1776885743.1981027,2.0,-3.0,-51.0
1776885743.2081027,2.0,-3.0,-48.0
1776885743.2181027,2.0,-3.0,-50.0
1776885743.2281027,6.0,-4.0,-48.0
1776885743.238103,6.0,-5.0,-49.0
1776885743.248103,0.0,-1.0,-52.0
1776885743.258103,-2.0,-5.0,-48.0
1776885743.2681026,-7.0,-4.0,-49.0
1776885743.2781026,-4.0,-2.0,-45.0
1776885743.2881026,-1.0,3.0,-48.0
1776885743.2981029,-5.0,2.0,-50.0
1776885743.3081028,-3.0,0.0,-44.0
1776885743.3181028,1.0,1.0,-43.0
1776885743.3281028,0.0,1.0,-47.0
1776885743.3381028,0.0,2.0,-48.0
1776885743.3481028,0.0,1.0,-49.0
1776885743.3581028,1.0,0.0,-47.0
1776885743.3681028,-3.0,1.0,-43.0
1776885743.3781028,-4.0,3.0,-38.0
1776885743.3881028,-4.0,2.0,-42.0
1776885743.3981028,1.0,1.0,-38.0
1776885743.4081028,1.0,0.0,-41.0
1776885743.4181027,1.0,-2.0,-42.0
1776885743.4281027,4.0,0.0,-40.0
1776885743.4381027,6.0,4.0,-46.0
1776885743.4481027,7.0,8.0,-42.0
1776885743.4581027,5.0,3.0,-43.0
1776885743.4681027,8.0,0.0,-40.0
1776885743.4781027,8.0,0.0,-34.0
1776885743.488103,6.0,-1.0,-32.0
1776885743.498103,2.0,-2.0,-31.0
1776885743.508103,1.0,0.0,-36.0
1776885743.5181026,0.0,-5.0,-34.0
1776885743.5281026,0.0,-2.0,-40.0
1776885743.5381026,-4.0,-3.0,-34.0
1776885743.5481029,0.0,0.0,-35.0
1776885743.5581028,1.0,0.0,-41.0
1776885743.5681028,-2.0,-1.0,-43.0
1776885743.5781028,-3.0,-1.0,-45.0
1776885743.5881028,-1.0,-1.0,-47.0
1776885743.5981028,-1.0,1.0,-50.0
1776885743.6081028,-4.0,0.0,-46.0
1776885743.6181028,-2.0,-1.0,-53.0
1776885743.6281028,-1.0,-4.0,-54.0
1776885743.6381028,2.0,-3.0,-49.0
1776885743.6481028,1.0,-2.0,-47.0
1776885743.6581028,3.0,0.0,-49.0
1776885743.6681027,7.0,-4.0,-51.0
1776885743.6781027,7.0,-6.0,-54.0
1776885743.6881027,4.0,-3.0,-45.0
1776885743.6981027,5.0,-8.0,-48.0
1776885743.7081027,3.0,-5.0,-50.0
1776885743.7181027,4.0,-6.0,-57.0
1776885743.7281027,8.0,-5.0,-49.0
1776885743.738103,7.0,-2.0,-54.0
1776885743.748103,2.0,2.0,-48.0
1776885743.758103,3.0,3.0,-40.0
1776885743.7681026,0.0,2.0,-43.0
1776885743.7781026,-2.0,1.0,-42.0
1776885743.7881026,-5.0,-1.0,-39.0
1776885743.7981029,-4.0,2.0,-49.0
1776885743.8081028,-3.0,1.0,-44.0
1776885743.8181028,-6.0,2.0,-36.0
1776885743.8281028,-8.0,0.0,-34.0
1776885743.8381028,-6.0,0.0,-30.0
1776885743.8481028,-3.0,0.0,-44.0
1776885743.8581028,-5.0,0.0,-49.0
1776885743.8681028,-5.0,1.0,-46.0
1776885743.8781028,-3.0,0.0,-46.0
1776885743.8881028,2.0,-1.0,-43.0
1776885743.8981028,3.0,-4.0,-46.0
1776885743.9081028,3.0,-4.0,-47.0
1776885743.9181027,1.0,-3.0,-48.0
1776885743.9281027,2.0,-3.0,-44.0
1776885743.9381027,0.0,-1.0,-38.0
1776885743.9481027,-5.0,-1.0,-41.0
1776885743.9581027,-6.0,-7.0,-40.0
1776885743.9681027,-5.0,-4.0,-33.0
1776885743.9781027,-1.0,-1.0,-32.0
1776885743.988103,3.0,0.0,-37.0
1776885743.998103,2.0,2.0,-40.0
1776885744.008103,6.0,0.0,-38.0
1776885744.0181026,6.0,0.0,-38.0
1776885744.0281026,7.0,0.0,-34.0
1776885744.0381026,5.0,-3.0,-37.0
1776885744.0481029,1.0,-5.0,-43.0
1776885744.0581028,3.0,-4.0,-45.0
1776885744.0681028,-1.0,-2.0,-51.0
1776885744.0781028,-2.0,-2.0,-49.0
1776885744.0881028,-1.0,0.0,-51.0
1776885744.0981028,1.0,0.0,-47.0
1776885744.1081028,2.0,-3.0,-48.0
1776885744.1181028,0.0,-2.0,-46.0
1776885744.1281028,-1.0,-1.0,-40.0
1776885744.1381028,3.0,-5.0,-32.0
1776885744.1481028,8.0,-7.0,-29.0
1776885744.1581028,6.0,-6.0,-32.0
1776885744.1681027,0.0,-2.0,-27.0
1776885744.1781027,0.0,-1.0,-26.0
1776885744.1881027,-1.0,2.0,-24.0
1776885744.1981027,-2.0,1.0,-28.0
1776885744.2081027,1.0,0.0,-31.0
1776885744.2181027,5.0,0.0,-31.0
1776885744.2281027,1.0,0.0,-33.0
1776885744.238103,0.0,0.0,-35.0
1776885744.248103,-2.0,-1.0,-32.0
1776885744.258103,-1.0,0.0,-39.0
1776885744.2681026,-1.0,0.0,-40.0
1776885744.2781026,0.0,2.0,-36.0
1776885744.2881026,3.0,1.0,-39.0
1776885744.2981029,7.0,3.0,-40.0
1776885744.3081028,3.0,0.0,-43.0
1776885744.3181028,1.0,0.0,-46.0
1776885744.3281028,1.0,0.0,-45.0
1776885744.3391027,-2.0,0.0,-45.0
1776885744.3491027,0.0,3.0,-43.0
1776885744.3591027,2.0,0.0,-40.0
1776885744.3691027,6.0,0.0,-39.0
1776885744.3791027,7.0,-1.0,-40.0
1776885744.3891027,4.0,-2.0,-35.0
1776885744.3991027,0.0,-1.0,-35.0
1776885744.409103,-2.0,-1.0,-35.0
1776885744.419103,-2.0,3.0,-35.0
1776885744.429103,-2.0,3.0,-30.0
1776885744.4391026,-2.0,3.0,-34.0
1776885744.4491026,-1.0,0.0,-33.0
1776885744.4591026,0.0,-2.0,-38.0
1776885744.4691026,-3.0,-3.0,-36.0
1776885744.4791028,-3.0,-4.0,-35.0
1776885744.4891028,-5.0,-3.0,-29.0
1776885744.4991028,0.0,-4.0,-24.0
1776885744.5091028,0.0,-4.0,-27.0
1776885744.5191028,-1.0,-5.0,-32.0
1776885744.5291028,-9.0,-4.0,-28.0
1776885744.5391028,-10.0,-3.0,-30.0
1776885744.5491028,-4.0,-2.0,-28.0
1776885744.5591028,0.0,0.0,-30.0
1776885744.5691028,1.0,0.0,-29.0
1776885744.5791028,-2.0,-3.0,-29.0
1776885744.5891027,-2.0,-3.0,-34.0
1776885744.5991027,0.0,-3.0,-43.0
1776885744.6091027,-3.0,-3.0,-41.0
1776885744.6191027,-5.0,-2.0,-44.0
1776885744.6291027,-2.0,0.0,-39.0
1776885744.6391027,-2.0,1.0,-33.0
1776885744.6491027,-4.0,1.0,-37.0
1776885744.659103,-1.0,0.0,-36.0
1776885744.669103,0.0,-1.0,-28.0
1776885744.679103,-2.0,-2.0,-35.0
1776885744.6891026,-3.0,-4.0,-36.0
1776885744.6991026,-3.0,-7.0,-38.0
1776885744.7091026,1.0,-5.0,-36.0
1776885744.7191026,2.0,-1.0,-43.0
1776885744.7291028,1.0,-5.0,-46.0
1776885744.7391028,2.0,-5.0,-43.0
1776885744.7491028,-1.0,0.0,-44.0
1776885744.7591028,2.0,0.0,-38.0
1776885744.7691028,0.0,0.0,-38.0
1776885744.7791028,0.0,0.0,-39.0
1776885744.7891028,-3.0,4.0,-37.0
1776885744.7991028,-1.0,2.0,-34.0
1776885744.8091028,0.0,5.0,-38.0
1776885744.8191028,-2.0,0.0,-33.0
1776885744.8291028,-1.0,0.0,-37.0
1776885744.8391027,-1.0,-1.0,-42.0
1776885744.8491027,0.0,0.0,-36.0
1776885744.8591027,0.0,0.0,-38.0
1776885744.8691027,1.0,1.0,-42.0
1776885744.8791027,3.0,2.0,-40.0
1776885744.8891027,5.0,5.0,-39.0
1776885744.8991027,4.0,4.0,-38.0
1776885744.909103,-1.0,5.0,-33.0
1776885744.919103,0.0,0.0,-36.0
1776885744.929103,-1.0,0.0,-32.0
1776885744.9391026,-1.0,2.0,-32.0
1776885744.9491026,1.0,0.0,-27.0
1776885744.9591026,1.0,1.0,-35.0
1776885744.9691026,1.0,4.0,-33.0
1776885744.9791028,3.0,1.0,-32.0
1776885744.9891028,0.0,5.0,-38.0
1776885744.9991028,0.0,9.0,-34.0
1776885745.0091028,-3.0,6.0,-36.0
1776885745.0191028,-7.0,4.0,-45.0
1776885745.0291028,-7.0,5.0,-42.0
1776885745.0391028,-6.0,6.0,-33.0
1776885745.0491028,-7.0,6.0,-27.0
1776885745.0591028,-10.0,4.0,-38.0
1776885745.0691028,-13.0,-1.0,-38.0
1776885745.0791028,-15.0,-4.0,-41.0
1776885745.0891027,-16.0,-3.0,-45.0
1776885745.0991027,-16.0,2.0,-47.0
1776885745.1091027,-13.0,0.0,-45.0
1776885745.1191027,-9.0,5.0,-42.0
1776885745.1291027,-9.0,2.0,-46.0
1776885745.1391027,-5.0,0.0,-48.0
1776885745.1491027,-3.0,3.0,-43.0
1776885745.159103,0.0,0.0,-48.0
1776885745.169103,0.0,-1.0,-55.0
1776885745.179103,-1.0,0.0,-45.0
1776885745.1891026,-6.0,0.0,-45.0
1776885745.1991026,-6.0,0.0,-48.0
1776885745.2091026,-4.0,0.0,-52.0
1776885745.2191026,-3.0,1.0,-50.0
1776885745.2291028,-1.0,0.0,-53.0
1776885745.2391028,-3.0,0.0,-51.0
1776885745.2491028,-2.0,-1.0,-45.0
1776885745.2591028,0.0,1.0,-42.0
1776885745.2691028,-3.0,-2.0,-42.0
1776885745.2791028,-7.0,0.0,-44.0
1776885745.2891028,-5.0,0.0,-40.0
1776885745.2991028,-3.0,4.0,-41.0
1776885745.3091028,-4.0,3.0,-39.0
1776885745.3191028,-7.0,2.0,-39.0
1776885745.3291028,-9.0,0.0,-42.0
1776885745.3391027,-7.0,-2.0,-39.0
1776885745.3491027,-3.0,0.0,-42.0
1776885745.3591027,-5.0,4.0,-34.0
1776885745.3691027,-4.0,6.0,-32.0
1776885745.3791027,-1.0,4.0,-37.0
1776885745.3891027,-2.0,3.0,-41.0
1776885745.3991027,3.0,2.0,-41.0
1776885745.409103,7.0,-1.0,-41.0
1776885745.419103,3.0,1.0,-36.0
1776885745.429103,3.0,2.0,-37.0
1776885745.4391026,-1.0,0.0,-30.0
1776885745.4491026,5.0,-1.0,-33.0
1776885745.4591026,1.0,-1.0,-30.0
1776885745.4691026,1.0,0.0,-26.0
1776885745.4791028,3.0,-4.0,-29.0
1776885745.4891028,5.0,-3.0,-27.0
1776885745.4991028,5.0,-2.0,-26.0
1776885745.5091028,5.0,1.0,-34.0
1776885745.5191028,0.0,5.0,-39.0
1776885745.5291028,-3.0,5.0,-40.0
1776885745.5391028,-5.0,4.0,-45.0
1776885745.5491028,-1.0,4.0,-46.0
1776885745.5591028,-3.0,-1.0,-42.0
1776885745.5691028,-3.0,-2.0,-45.0
1776885745.5791028,-1.0,-1.0,-49.0
1776885745.5891027,-2.0,3.0,-53.0
1776885745.5991027,0.0,-4.0,-57.0
1776885745.6091027,0.0,-7.0,-54.0
1776885745.6191027,-3.0,-9.0,-47.0
1776885745.6291027,-7.0,-6.0,-46.0
1776885745.6391027,-11.0,-4.0,-45.0
1776885745.6491027,-9.0,-4.0,-47.0
1776885745.659103,-8.0,0.0,-43.0
1776885745.669103,-11.0,-4.0,-45.0
1776885745.679103,-9.0,-7.0,-46.0
1776885745.6891026,-9.0,-10.0,-39.0
1776885745.6991026,-9.0,-7.0,-38.0
1776885745.7091026,-5.0,-6.0,-38.0
1776885745.7191026,-8.0,-1.0,-33.0
1776885745.7291028,-6.0,0.0,-42.0
1776885745.7391028,-3.0,-3.0,-44.0
1776885745.7491028,-1.0,-3.0,-44.0
1776885745.7591028,0.0,-2.0,-39.0
1776885745.7691028,0.0,-1.0,-34.0
1776885745.7791028,-3.0,-3.0,-33.0
1776885745.7891028,-3.0,0.0,-36.0
1776885745.7991028,-5.0,-4.0,-37.0
1776885745.8091028,-6.0,-4.0,-36.0
1776885745.8191028,-1.0,-2.0,-39.0
1776885745.8291028,1.0,-2.0,-40.0
1776885745.8391027,-1.0,-6.0,-40.0
1776885745.8491027,-1.0,-4.0,-35.0
1776885745.8591027,-3.0,0.0,-44.0
1776885745.8691027,-2.0,4.0,-39.0
1776885745.8791027,0.0,-2.0,-40.0
1776885745.8891027,0.0,-4.0,-43.0
1776885745.8991027,-1.0,-2.0,-37.0
1776885745.909103,-5.0,2.0,-31.0
1776885745.919103,-11.0,0.0,-39.0
1776885745.929103,-8.0,0.0,-45.0
1776885745.9391026,-11.0,2.0,-47.0
1776885745.9491026,-12.0,-2.0,-41.0
1776885745.9591026,-8.0,0.0,-40.0
1776885745.9691026,-4.0,1.0,-47.0
1776885745.9791028,0.0,6.0,-43.0
1776885745.9891028,-1.0,5.0,-45.0
1776885745.9991028,-2.0,3.0,-42.0
1776885746.0091028,-1.0,2.0,-44.0
1776885746.0191028,0.0,1.0,-38.0
1776885746.0291028,-2.0,1.0,-47.0
1776885746.0391028,0.0,0.0,-49.0
1776885746.0491028,2.0,0.0,-47.0
1776885746.0591028,3.0,-2.0,-47.0
1776885746.0691028,0.0,-3.0,-33.0
1776885746.0791028,-2.0,-1.0,-38.0
1776885746.0891027,-1.0,0.0,-38.0
1776885746.0991027,-5.0,-1.0,-32.0
1776885746.1091027,-6.0,0.0,-31.0
1776885746.1191027,-5.0,3.0,-35.0
1776885746.1291027,-3.0,5.0,-35.0
1776885746.1391027,-1.0,8.0,-33.0
1776885746.1491027,2.0,7.0,-40.0
1776885746.159103,2.0,4.0,-44.0
1776885746.169103,5.0,0.0,-39.0
1776885746.179103,7.0,-1.0,-40.0
1776885746.1891026,6.0,-2.0,-44.0
1776885746.1991026,4.0,0.0,-44.0
1776885746.2091026,3.0,1.0,-40.0
1776885746.2191026,-1.0,-2.0,-42.0
1776885746.2291028,-1.0,-4.0,-40.0
1776885746.2391028,-3.0,-8.0,-29.0
1776885746.2491028,-4.0,-10.0,-32.0
1776885746.2591028,-6.0,-6.0,-32.0
1776885746.2691028,-5.0,-4.0,-31.0
1776885746.2791028,-2.0,-5.0,-30.0
1776885746.2891028,0.0,-2.0,-35.0
1776885746.2991028,1.0,0.0,-41.0
1776885746.3091028,1.0,0.0,-42.0
1776885746.3191028,0.0,4.0,-47.0
1776885746.3301027,2.0,4.0,-41.0
1776885746.340103,5.0,7.0,-46.0
1776885746.350103,1.0,7.0,-47.0
1776885746.360103,-6.0,3.0,-48.0
1776885746.3701026,-6.0,4.0,-44.0
1776885746.3801026,-6.0,1.0,-45.0
1776885746.3901026,-4.0,0.0,-43.0
1776885746.4001029,-4.0,0.0,-48.0
1776885746.4101028,-4.0,-4.0,-45.0
1776885746.4201028,-7.0,-3.0,-43.0
1776885746.4301028,-4.0,-3.0,-39.0
1776885746.4401028,-3.0,-5.0,-42.0
1776885746.4501028,-5.0,-7.0,-41.0
1776885746.4601028,-5.0,-7.0,-38.0
1776885746.4701028,-4.0,-4.0,-38.0
1776885746.4801028,-5.0,0.0,-36.0
1776885746.4901028,-7.0,-1.0,-43.0
1776885746.5001028,-1.0,0.0,-39.0
1776885746.5101027,-6.0,-4.0,-38.0
1776885746.5201027,-5.0,0.0,-39.0
1776885746.5301027,-4.0,1.0,-36.0
1776885746.5401027,-3.0,4.0,-35.0
1776885746.5501027,-4.0,6.0,-38.0
1776885746.5601027,-1.0,4.0,-36.0
1776885746.5701027,0.0,0.0,-40.0
1776885746.5801027,-2.0,2.0,-44.0
1776885746.590103,-2.0,3.0,-46.0
1776885746.600103,-2.0,4.0,-44.0
1776885746.610103,-4.0,2.0,-44.0
1776885746.6201026,-10.0,1.0,-39.0
1776885746.6301026,-5.0,-1.0,-37.0
1776885746.6401026,-7.0,1.0,-42.0
1776885746.6501029,-3.0,-1.0,-40.0
1776885746.6601028,-1.0,0.0,-41.0
1776885746.6701028,0.0,0.0,-44.0
1776885746.6801028,0.0,3.0,-44.0
1776885746.6901028,-3.0,3.0,-47.0
1776885746.7001028,-2.0,2.0,-47.0
1776885746.7101028,-1.0,1.0,-48.0
1776885746.7201028,-1.0,1.0,-47.0
1776885746.7301028,0.0,0.0,-50.0
1776885746.7401028,3.0,-4.0,-44.0
1776885746.7501028,1.0,-6.0,-39.0
1776885746.7601027,0.0,-4.0,-46.0
1776885746.7701027,-4.0,-3.0,-47.0
1776885746.7801027,-1.0,-3.0,-48.0
1776885746.7901027,-5.0,-4.0,-47.0
1776885746.8001027,-4.0,-2.0,-46.0
1776885746.8101027,-2.0,-3.0,-49.0
1776885746.8201027,-1.0,-8.0,-43.0
1776885746.8301027,2.0,-7.0,-49.0
1776885746.840103,5.0,-6.0,-50.0
1776885746.850103,1.0,-3.0,-49.0
1776885746.860103,4.0,-1.0,-49.0
1776885746.8701026,0.0,-1.0,-49.0
1776885746.8801026,3.0,-3.0,-50.0
1776885746.8901026,4.0,-2.0,-45.0
1776885746.9001029,2.0,-3.0,-43.0
1776885746.9101028,2.0,-4.0,-44.0
1776885746.9201028,0.0,-3.0,-41.0
1776885746.9301028,0.0,-2.0,-33.0
1776885746.9401028,3.0,0.0,-34.0
1776885746.9501028,4.0,1.0,-31.0
1776885746.9601028,5.0,1.0,-34.0
1776885746.9701028,7.0,-1.0,-39.0
1776885746.9801028,7.0,0.0,-38.0
1776885746.9901028,3.0,-3.0,-34.0
1776885747.0001028,5.0,1.0,-36.0
1776885747.0101027,4.0,2.0,-33.0
1776885747.0201027,0.0,2.0,-31.0
1776885747.0301027,2.0,0.0,-35.0
1776885747.0401027,-2.0,0.0,-37.0
1776885747.0501027,0.0,0.0,-40.0
1776885747.0601027,0.0,-2.0,-36.0
1776885747.0701027,-3.0,-5.0,-40.0
1776885747.0801027,-3.0,-6.0,-44.0
1776885747.090103,-2.0,-4.0,-43.0
1776885747.100103,0.0,0.0,-39.0
1776885747.110103,-2.0,-1.0,-39.0
1776885747.1201026,-1.0,-2.0,-41.0
1776885747.1301026,-4.0,-2.0,-38.0
1776885747.1401026,-3.0,-1.0,-43.0
1776885747.1501029,-4.0,-1.0,-55.0
1776885747.1601028,0.0,0.0,-54.0
1776885747.1701028,2.0,-2.0,-54.0
1776885747.1801028,4.0,-2.0,-52.0
1776885747.1901028,4.0,0.0,-45.0
1776885747.2001028,5.0,0.0,-50.0
1776885747.2101028,1.0,2.0,-49.0
1776885747.2201028,0.0,0.0,-49.0
1776885747.2301028,1.0,0.0,-43.0
1776885747.2401028,1.0,0.0,-38.0
1776885747.2501028,1.0,1.0,-38.0
1776885747.2601027,1.0,0.0,-37.0
1776885747.2701027,-2.0,-2.0,-39.0
1776885747.2801027,-3.0,-5.0,-35.0
1776885747.2901027,-2.0,-8.0,-38.0
1776885747.3001027,0.0,-8.0,-42.0
1776885747.3101027,-3.0,-3.0,-46.0
1776885747.3201027,-1.0,-2.0,-42.0
1776885747.3301027,0.0,-2.0,-43.0
1776885747.340103,1.0,-6.0,-52.0
1776885747.350103,3.0,-8.0,-55.0
1776885747.360103,-1.0,-7.0,-54.0
1776885747.3701026,-6.0,-12.0,-50.0
1776885747.3801026,0.0,-10.0,-49.0
1776885747.3901026,4.0,-10.0,-49.0
1776885747.4001029,4.0,-10.0,-49.0
1776885747.4101028,5.0,-6.0,-44.0
1776885747.4201028,3.0,-6.0,-35.0
1776885747.4301028,1.0,-4.0,-36.0
1776885747.4401028,5.0,-7.0,-38.0
1776885747.4501028,6.0,-9.0,-41.0
1776885747.4601028,6.0,-8.0,-42.0
1776885747.4701028,5.0,-7.0,-40.0
1776885747.4801028,2.0,-4.0,-40.0
1776885747.4901028,4.0,0.0,-44.0
1776885747.5001028,7.0,2.0,-44.0
1776885747.5101027,8.0,4.0,-42.0
1776885747.5201027,9.0,0.0,-37.0
1776885747.5301027,7.0,-1.0,-39.0
1776885747.5401027,4.0,-7.0,-45.0
1776885747.5501027,4.0,-5.0,-47.0
1776885747.5601027,8.0,-8.0,-43.0
1776885747.5701027,8.0,-3.0,-42.0
1776885747.5801027,5.0,-4.0,-45.0
1776885747.590103,3.0,-7.0,-42.0
1776885747.600103,1.0,-11.0,-44.0
1776885747.610103,1.0,-11.0,-43.0
1776885747.6201026,0.0,-10.0,-43.0
1776885747.6301026,0.0,-8.0,-40.0
1776885747.6401026,3.0,-5.0,-38.0
1776885747.6501029,5.0,-4.0,-42.0
1776885747.6601028,4.0,0.0,-40.0
1776885747.6701028,3.0,0.0,-40.0
1776885747.6801028,2.0,1.0,-42.0
1776885747.6901028,-2.0,0.0,-43.0
1776885747.7001028,-1.0,-1.0,-39.0
1776885747.7101028,1.0,-3.0,-41.0
1776885747.7201028,3.0,0.0,-36.0
1776885747.7301028,0.0,0.0,-32.0
1776885747.7401028,2.0,-2.0,-35.0
1776885747.7501028,-1.0,-1.0,-38.0
1776885747.7601027,-3.0,0.0,-41.0
1776885747.7701027,2.0,3.0,-37.0
1776885747.7801027,6.0,5.0,-35.0
1776885747.7901027,9.0,6.0,-37.0
1776885747.8001027,9.0,1.0,-31.0
1776885747.8101027,9.0,3.0,-33.0
1776885747.8201027,7.0,4.0,-39.0
1776885747.8301027,4.0,1.0,-49.0
1776885747.840103,0.0,3.0,-50.0
1776885747.850103,-5.0,5.0,-45.0
1776885747.860103,-2.0,6.0,-46.0
1776885747.8701026,-7.0,4.0,-45.0
1776885747.8801026,-8.0,6.0,-38.0
1776885747.8901026,-6.0,6.0,-42.0
1776885747.9001029,-2.0,6.0,-48.0
1776885747.9101028,-2.0,0.0,-41.0
1776885747.9201028,0.0,-1.0,-43.0
1776885747.9301028,2.0,-2.0,-48.0
1776885747.9401028,4.0,-2.0,-47.0
1776885747.9501028,0.0,-2.0,-42.0
1776885747.9601028,1.0,-5.0,-47.0
1776885747.9701028,-2.0,-8.0,-40.0
1776885747.9801028,1.0,-6.0,-43.0
1776885747.9901028,0.0,-4.0,-45.0
1776885748.0001028,1.0,-3.0,-52.0
1776885748.0101027,6.0,-1.0,-47.0
1776885748.0201027,1.0,0.0,-46.0
1776885748.0301027,4.0,2.0,-46.0
1776885748.0401027,3.0,3.0,-46.0
1776885748.0501027,0.0,2.0,-50.0
1776885748.0601027,0.0,1.0,-46.0
1776885748.0701027,2.0,0.0,-49.0
1776885748.0801027,0.0,0.0,-47.0
1776885748.090103,-3.0,1.0,-46.0
1776885748.100103,-3.0,0.0,-42.0
1776885748.110103,-1.0,3.0,-50.0
1776885748.1201026,-2.0,3.0,-49.0
1776885748.1301026,-7.0,0.0,-51.0
1776885748.1401026,-9.0,3.0,-47.0
1776885748.1501029,-8.0,2.0,-40.0
1776885748.1601028,-7.0,4.0,-40.0
1776885748.1701028,-6.0,4.0,-38.0
1776885748.1801028,-4.0,4.0,-37.0
1776885748.1901028,-6.0,2.0,-42.0
1776885748.2001028,-1.0,0.0,-45.0
1776885748.2101028,4.0,0.0,-46.0
1776885748.2201028,7.0,0.0,-38.0
1776885748.2301028,6.0,4.0,-37.0
1776885748.2401028,3.0,1.0,-38.0
1776885748.2501028,3.0,-3.0,-34.0
1776885748.2601027,5.0,-2.0,-44.0
1776885748.2701027,7.0,-6.0,-46.0
1776885748.2801027,0.0,-5.0,-54.0
1776885748.2901027,0.0,-3.0,-57.0
1776885748.3001027,2.0,-3.0,-52.0
1776885748.3101027,5.0,-3.0,-49.0
1776885748.3211029,3.0,-3.0,-52.0
1776885748.3311028,2.0,2.0,-52.0
1776885748.3411028,2.0,3.0,-45.0
1776885748.3511028,4.0,6.0,-47.0
1776885748.3611028,3.0,5.0,-44.0
1776885748.3711028,1.0,5.0,-43.0
1776885748.3811028,4.0,8.0,-39.0
1776885748.3911028,2.0,7.0,-31.0
1776885748.4011028,3.0,5.0,-29.0
1776885748.4111028,0.0,4.0,-32.0
1776885748.4211028,0.0,3.0,-41.0
1776885748.4311028,0.0,3.0,-50.0
1776885748.4411027,-4.0,1.0,-47.0
1776885748.4511027,-6.0,3.0,-45.0
1776885748.4611027,-3.0,6.0,-36.0
1776885748.4711027,-3.0,3.0,-34.0
1776885748.4811027,-3.0,4.0,-38.0
1776885748.4911027,-1.0,4.0,-39.0
1776885748.5011027,3.0,1.0,-36.0
1776885748.511103,4.0,2.0,-33.0
1776885748.521103,3.0,3.0,-36.0
1776885748.531103,1.0,3.0,-35.0
1776885748.5411026,2.0,-3.0,-31.0
1776885748.5511026,-1.0,-6.0,-35.0
1776885748.5611026,-2.0,0.0,-38.0
1776885748.5711029,0.0,0.0,-35.0
1776885748.5811028,0.0,1.0,-36.0
1776885748.5911028,1.0,3.0,-36.0
1776885748.6011028,2.0,6.0,-38.0
1776885748.6111028,-1.0,6.0,-38.0
1776885748.6211028,-3.0,6.0,-38.0
1776885748.6311028,-1.0,1.0,-39.0
1776885748.6411028,-2.0,1.0,-45.0
1776885748.6511028,-3.0,0.0,-47.0
1776885748.6611028,-1.0,0.0,-50.0
1776885748.6711028,2.0,-1.0,-54.0
1776885748.6811028,3.0,1.0,-47.0
1776885748.6911027,-2.0,2.0,-46.0
1776885748.7011027,-8.0,4.0,-45.0
1776885748.7111027,-2.0,7.0,-42.0
1776885748.7211027,-2.0,5.0,-45.0
1776885748.7311027,-3.0,3.0,-42.0
1776885748.7411027,-7.0,5.0,-42.0
1776885748.7511027,-5.0,1.0,-43.0
1776885748.761103,0.0,0.0,-42.0
1776885748.771103,0.0,3.0,-49.0
1776885748.781103,2.0,3.0,-46.0
1776885748.7911026,4.0,2.0,-45.0
1776885748.8011026,5.0,3.0,-44.0
1776885748.8111026,4.0,3.0,-47.0
1776885748.8211029,6.0,0.0,-42.0
1776885748.8311028,1.0,-1.0,-47.0
1776885748.8411028,3.0,0.0,-42.0
1776885748.8511028,-2.0,-3.0,-43.0
1776885748.8611028,-4.0,-5.0,-48.0
1776885748.8711028,-4.0,-3.0,-48.0
1776885748.8811028,-3.0,-3.0,-39.0
1776885748.8911028,-3.0,1.0,-29.0
1776885748.9011028,0.0,0.0,-28.0
1776885748.9111028,0.0,-2.0,-28.0
1776885748.9211028,2.0,0.0,-32.0
1776885748.9311028,3.0,-2.0,-26.0
1776885748.9411027,2.0,-4.0,-36.0
1776885748.9511027,3.0,-4.0,-38.0
1776885748.9611027,4.0,-3.0,-44.0
1776885748.9711027,4.0,-1.0,-45.0
1776885748.9811027,1.0,-3.0,-39.0
1776885748.9911027,1.0,-3.0,-43.0
1776885749.0011027,0.0,-4.0,-41.0
1776885749.011103,1.0,-1.0,-32.0
1776885749.021103,-1.0,0.0,-36.0
1776885749.031103,-3.0,-1.0,-41.0
1776885749.0411026,0.0,-1.0,-42.0
1776885749.0511026,-4.0,0.0,-39.0
1776885749.0611026,-7.0,-1.0,-38.0
1776885749.0711029,-6.0,-2.0,-39.0
1776885749.0811028,-6.0,-4.0,-40.0
1776885749.0911028,-5.0,-5.0,-40.0
1776885749.1011028,-8.0,-4.0,-39.0
1776885749.1111028,-5.0,-3.0,-38.0
1776885749.1211028,0.0,-3.0,-38.0
1776885749.1311028,0.0,-6.0,-40.0
1776885749.1411028,0.0,-9.0,-38.0
1776885749.1511028,0.0,-6.0,-42.0
1776885749.1611028,1.0,0.0,-41.0
1776885749.1711028,3.0,0.0,-40.0
1776885749.1811028,4.0,1.0,-41.0
1776885749.1911027,3.0,0.0,-45.0
1776885749.2011027,0.0,-1.0,-45.0
1776885749.2111027,0.0,-4.0,-50.0
1776885749.2211027,-2.0,0.0,-54.0
1776885749.2311027,-1.0,1.0,-51.0
1776885749.2411027,-1.0,1.0,-50.0
1776885749.2511027,-5.0,5.0,-50.0
1776885749.261103,-5.0,3.0,-45.0
1776885749.271103,-9.0,3.0,-41.0
1776885749.281103,-1.0,6.0,-45.0
1776885749.2911026,0.0,2.0,-45.0
1776885749.3011026,0.0,1.0,-41.0
1776885749.3111026,1.0,0.0,-33.0
1776885749.3211029,-2.0,-1.0,-45.0
1776885749.3311028,-2.0,0.0,-51.0
1776885749.3411028,0.0,2.0,-51.0
1776885749.3511028,2.0,1.0,-40.0
1776885749.3611028,7.0,0.0,-38.0
1776885749.3711028,7.0,0.0,-34.0
1776885749.3811028,5.0,-1.0,-35.0
1776885749.3911028,3.0,-1.0,-37.0
1776885749.4011028,1.0,0.0,-50.0
1776885749.4111028,1.0,0.0,-51.0
1776885749.4211028,-1.0,0.0,-48.0
1776885749.4311028,-4.0,2.0,-40.0
1776885749.4411027,-2.0,7.0,-34.0
1776885749.4511027,-3.0,7.0,-33.0
1776885749.4611027,-3.0,7.0,-33.0
1776885749.4711027,-4.0,2.0,-36.0
1776885749.4811027,-3.0,5.0,-34.0
1776885749.4911027,-6.0,6.0,-39.0
1776885749.5011027,-7.0,6.0,-41.0
1776885749.511103,-11.0,6.0,-37.0
1776885749.521103,-6.0,7.0,-40.0
1776885749.531103,-1.0,8.0,-37.0
1776885749.5411026,6.0,5.0,-39.0
1776885749.5511026,6.0,2.0,-38.0
1776885749.5611026,2.0,0.0,-32.0
1776885749.5711029,3.0,0.0,-32.0
1776885749.5811028,3.0,-1.0,-34.0
1776885749.5911028,2.0,-1.0,-37.0
1776885749.6011028,2.0,-4.0,-35.0
1776885749.6111028,2.0,-4.0,-43.0
1776885749.6211028,6.0,-5.0,-53.0
1776885749.6311028,2.0,-5.0,-51.0
1776885749.6411028,0.0,-3.0,-48.0
1776885749.6511028,-1.0,-2.0,-50.0
1776885749.6611028,-6.0,1.0,-49.0
1776885749.6711028,-5.0,2.0,-51.0
1776885749.6811028,-3.0,-2.0,-49.0
1776885749.6911027,0.0,-4.0,-48.0
1776885749.7011027,0.0,-2.0,-48.0
1776885749.7111027,0.0,-5.0,-49.0
1776885749.7211027,0.0,-3.0,-55.0
1776885749.7311027,0.0,2.0,-53.0
1776885749.7411027,1.0,2.0,-52.0
1776885749.7511027,2.0,0.0,-53.0
1776885749.761103,0.0,1.0,-52.0
1776885749.771103,0.0,2.0,-46.0
1776885749.781103,1.0,3.0,-41.0
1776885749.7911026,-5.0,-1.0,-42.0
1776885749.8011026,-5.0,-2.0,-45.0
1776885749.8111026,1.0,-4.0,-44.0
1776885749.8211029,2.0,-3.0,-46.0
1776885749.8311028,0.0,-2.0,-50.0
1776885749.8411028,0.0,-2.0,-46.0
1776885749.8511028,-1.0,-4.0,-41.0
1776885749.8611028,3.0,-1.0,-37.0
1776885749.8711028,6.0,-1.0,-37.0
1776885749.8811028,4.0,0.0,-37.0
1776885749.8911028,4.0,3.0,-43.0
1776885749.9011028,2.0,3.0,-44.0
1776885749.9111028,5.0,-1.0,-50.0
1776885749.9211028,4.0,-1.0,-41.0
1776885749.9311028,5.0,0.0,-38.0
1776885749.9411027,6.0,1.0,-34.0
1776885749.9511027,3.0,-2.0,-43.0
1776885749.9611027,2.0,-4.0,-41.0
1776885749.9711027,0.0,-4.0,-42.0
1776885749.9811027,0.0,0.0,-37.0
1776885749.9911027,-3.0,3.0,-36.0
1776885750.0011027,-2.0,1.0,-34.0
1776885750.011103,-5.0,1.0,-38.0
1776885750.021103,-3.0,0.0,-37.0
1776885750.031103,-5.0,-2.0,-34.0
1776885750.0411026,-3.0,-4.0,-31.0
1776885750.0511026,-2.0,-3.0,-36.0
1776885750.0611026,-1.0,-5.0,-32.0
1776885750.0711029,2.0,-5.0,-36.0
1776885750.0811028,0.0,-4.0,-41.0
1776885750.0911028,1.0,-6.0,-39.0
1776885750.1011028,3.0,-5.0,-47.0
1776885750.1111028,1.0,-9.0,-45.0
1776885750.1211028,2.0,-10.0,-45.0
1776885750.1311028,5.0,-1.0,-50.0
1776885750.1411028,5.0,0.0,-42.0
1776885750.1511028,9.0,-3.0,-39.0
1776885750.1611028,8.0,-3.0,-34.0
1776885750.1711028,4.0,0.0,-36.0
1776885750.1811028,3.0,-1.0,-39.0
1776885750.1911027,3.0,-2.0,-36.0
1776885750.2011027,0.0,-3.0,-45.0
1776885750.2111027,0.0,-4.0,-49.0
1776885750.2211027,-1.0,-2.0,-47.0
1776885750.2311027,2.0,-2.0,-45.0
1776885750.2411027,3.0,-3.0,-40.0
1776885750.2511027,2.0,0.0,-38.0
1776885750.261103,-1.0,1.0,-36.0
1776885750.271103,2.0,-1.0,-43.0
1776885750.281103,5.0,-4.0,-34.0
1776885750.2911026,8.0,-3.0,-33.0
1776885750.3011026,10.0,-2.0,-30.0
1776885750.3111026,6.0,4.0,-33.0
1776885750.3221028,1.0,5.0,-28.0
1776885750.3321028,-1.0,6.0,-35.0
1776885750.3421028,0.0,0.0,-39.0
1776885750.3521028,0.0,0.0,-41.0
1776885750.3621027,-1.0,-1.0,-48.0
1776885750.3721027,-2.0,0.0,-48.0
1776885750.3821027,1.0,3.0,-47.0
1776885750.3921027,-2.0,0.0,-46.0
1776885750.4021027,-4.0,-1.0,-51.0
1776885750.4121027,-1.0,-1.0,-49.0
1776885750.4221027,2.0,-3.0,-45.0
1776885750.432103,1.0,-6.0,-38.0
1776885750.442103,5.0,-7.0,-42.0
1776885750.452103,5.0,-3.0,-45.0
1776885750.462103,8.0,-3.0,-45.0
1776885750.4721026,3.0,-3.0,-36.0
1776885750.4821026,5.0,-1.0,-37.0
1776885750.4921026,4.0,-3.0,-38.0
1776885750.5021029,4.0,0.0,-44.0
1776885750.5121028,1.0,-1.0,-48.0
1776885750.5221028,-3.0,-6.0,-46.0
1776885750.5321028,-6.0,-6.0,-39.0
1776885750.5421028,-9.0,-2.0,-42.0
1776885750.5521028,-7.0,-2.0,-43.0
1776885750.5621028,-8.0,-4.0,-44.0
1776885750.5721028,-12.0,-2.0,-40.0
1776885750.5821028,-7.0,2.0,-43.0
1776885750.5921028,-7.0,4.0,-35.0
1776885750.6021028,-6.0,3.0,-37.0
1776885750.6121027,-6.0,5.0,-36.0
1776885750.6221027,0.0,1.0,-31.0
1776885750.6321027,-1.0,0.0,-29.0
1776885750.6421027,0.0,0.0,-35.0
1776885750.6521027,1.0,0.0,-37.0
1776885750.6621027,-3.0,-5.0,-44.0
1776885750.6721027,1.0,-6.0,-35.0
1776885750.682103,0.0,-3.0,-34.0
1776885750.692103,0.0,-4.0,-34.0
1776885750.702103,0.0,-6.0,-29.0
1776885750.712103,-5.0,-6.0,-36.0
1776885750.7221026,-5.0,-7.0,-43.0
1776885750.7321026,-2.0,-7.0,-40.0
1776885750.7421026,-3.0,-1.0,-38.0
1776885750.7521029,-3.0,-3.0,-41.0
1776885750.7621028,-2.0,-2.0,-46.0
1776885750.7721028,-1.0,0.0,-40.0
1776885750.7821028,3.0,3.0,-45.0
1776885750.7921028,0.0,5.0,-39.0
1776885750.8021028,1.0,1.0,-38.0
1776885750.8121028,0.0,-2.0,-40.0
1776885750.8221028,0.0,-4.0,-33.0
1776885750.8321028,-6.0,-4.0,-48.0
1776885750.8421028,-4.0,-2.0,-46.0
1776885750.8521028,-7.0,-3.0,-46.0
1776885750.8621027,-3.0,-3.0,-41.0
1776885750.8721027,-1.0,-1.0,-39.0
1776885750.8821027,-2.0,-1.0,-37.0
1776885750.8921027,0.0,-2.0,-39.0
1776885750.9021027,-2.0,0.0,-36.0
1776885750.9121027,0.0,2.0,-41.0
1776885750.9221027,0.0,3.0,-41.0
1776885750.932103,-1.0,4.0,-35.0
1776885750.942103,1.0,7.0,-32.0
1776885750.952103,6.0,6.0,-29.0
1776885750.962103,5.0,7.0,-29.0
1776885750.9721026,4.0,4.0,-32.0
1776885750.9821026,5.0,0.0,-34.0
1776885750.9921026,1.0,-2.0,-31.0
1776885751.0021029,-1.0,0.0,-34.0
1776885751.0121028,-3.0,-1.0,-41.0
1776885751.0221028,-5.0,3.0,-42.0
1776885751.0321028,0.0,-1.0,-51.0
1776885751.0421028,0.0,-3.0,-46.0
1776885751.0521028,2.0,-3.0,-47.0
1776885751.0621028,2.0,-1.0,-44.0
1776885751.0721028,4.0,-2.0,-44.0
1776885751.0821028,8.0,-1.0,-42.0
1776885751.0921028,6.0,-4.0,-48.0
1776885751.1021028,6.0,0.0,-43.0
1776885751.1121027,4.0,-2.0,-50.0
1776885751.1221027,4.0,-1.0,-53.0
1776885751.1321027,5.0,-4.0,-57.0
1776885751.1421027,3.0,-7.0,-56.0
1776885751.1521027,2.0,-7.0,-55.0
1776885751.1621027,1.0,-7.0,-53.0
1776885751.1721027,-1.0,-7.0,-55.0
1776885751.182103,-2.0,-8.0,-50.0
1776885751.192103,0.0,-5.0,-53.0
1776885751.202103,0.0,-5.0,-50.0
1776885751.212103,6.0,-4.0,-55.0
1776885751.2221026,8.0,-4.0,-62.0
1776885751.2321026,10.0,-9.0,-57.0
1776885751.2421026,8.0,-5.0,-57.0
1776885751.2521029,5.0,-5.0,-51.0
1776885751.2621028,0.0,-6.0,-49.0
1776885751.2721028,1.0,-5.0,-48.0
1776885751.2821028,6.0,-2.0,-52.0
1776885751.2931027,7.0,-2.0,-48.0
1776885751.3021028,8.0,-2.0,-48.0
1776885751.3121028,5.0,-2.0,-44.0
1776885751.3221028,4.0,-3.0,-37.0
1776885751.3321028,5.0,1.0,-44.0
1776885751.3421028,6.0,0.0,-43.0
1776885751.3521028,3.0,1.0,-35.0
1776885751.3621027,2.0,1.0,-35.0
1776885751.3721027,4.0,1.0,-37.0
1776885751.3821027,3.0,2.0,-31.0
1776885751.3921027,2.0,3.0,-30.0
1776885751.4021027,3.0,0.0,-29.0
1776885751.4121027,3.0,1.0,-31.0
1776885751.4221027,2.0,2.0,-30.0
1776885751.432103,1.0,0.0,-31.0
1776885751.442103,-3.0,-1.0,-34.0
1776885751.452103,0.0,-1.0,-38.0
1776885751.462103,1.0,0.0,-45.0
1776885751.4721026,0.0,0.0,-41.0
1776885751.4821026,0.0,3.0,-50.0
1776885751.4921026,-1.0,4.0,-47.0
1776885751.5021029,-2.0,4.0,-47.0
1776885751.5121028,-1.0,1.0,-42.0
1776885751.5221028,-5.0,4.0,-42.0
1776885751.5321028,-11.0,6.0,-40.0
1776885751.5421028,-11.0,4.0,-39.0
1776885751.5521028,-10.0,1.0,-37.0
1776885751.5621028,-7.0,1.0,-41.0
1776885751.5721028,-5.0,3.0,-41.0
1776885751.5821028,-7.0,3.0,-42.0
1776885751.5921028,-6.0,3.0,-42.0
1776885751.6021028,-3.0,0.0,-45.0
1776885751.6121027,-8.0,0.0,-46.0
1776885751.6221027,-1.0,1.0,-44.0
1776885751.6321027,2.0,-4.0,-46.0
1776885751.6421027,1.0,0.0,-49.0
1776885751.6521027,3.0,1.0,-48.0
1776885751.6621027,2.0,3.0,-46.0
1776885751.6721027,0.0,5.0,-39.0
1776885751.682103,3.0,4.0,-40.0
1776885751.692103,3.0,1.0,-39.0
1776885751.702103,5.0,-1.0,-45.0
1776885751.712103,5.0,1.0,-46.0
1776885751.7221026,7.0,0.0,-41.0
1776885751.7321026,6.0,-3.0,-38.0
1776885751.7421026,6.0,-5.0,-34.0
1776885751.7521029,4.0,-7.0,-43.0
1776885751.7621028,4.0,-4.0,-41.0
1776885751.7721028,3.0,-4.0,-39.0
1776885751.7821028,5.0,-2.0,-45.0
1776885751.7921028,4.0,-2.0,-46.0
1776885751.8021028,4.0,-1.0,-46.0
1776885751.8121028,5.0,-4.0,-48.0
1776885751.8221028,8.0,-3.0,-49.0
1776885751.8321028,6.0,0.0,-47.0
1776885751.8421028,8.0,0.0,-48.0
1776885751.8521028,3.0,4.0,-45.0
1776885751.8621027,3.0,4.0,-39.0
1776885751.8721027,1.0,4.0,-35.0
1776885751.8821027,1.0,3.0,-42.0
1776885751.8921027,2.0,-2.0,-51.0
1776885751.9021027,5.0,-3.0,-52.0
1776885751.9121027,4.0,-6.0,-45.0
1776885751.9221027,0.0,-8.0,-33.0
1776885751.932103,-2.0,-4.0,-35.0
1776885751.942103,-6.0,-2.0,-32.0
1776885751.952103,0.0,0.0,-38.0
1776885751.962103,0.0,4.0,-37.0
1776885751.9721026,0.0,2.0,-34.0
1776885751.9821026,4.0,-3.0,-33.0
1776885751.9921026,3.0,-4.0,-45.0
1776885752.0021029,6.0,-3.0,-44.0
1776885752.0121028,5.0,-3.0,-42.0
1776885752.0221028,5.0,-6.0,-41.0
1776885752.0321028,0.0,-6.0,-38.0
1776885752.0421028,0.0,-3.0,-41.0
1776885752.0521028,1.0,-3.0,-34.0
1776885752.0621028,2.0,-7.0,-29.0
1776885752.0721028,-1.0,-6.0,-27.0
1776885752.0821028,0.0,-5.0,-26.0
1776885752.0921028,3.0,-8.0,-25.0
1776885752.1021028,5.0,-10.0,-26.0
1776885752.1121027,0.0,-8.0,-30.0
1776885752.1221027,2.0,-10.0,-29.0
1776885752.1321027,1.0,-10.0,-36.0
1776885752.1421027,0.0,-10.0,-37.0
1776885752.1521027,-1.0,-5.0,-34.0
1776885752.1621027,0.0,0.0,-33.0
1776885752.1721027,0.0,-2.0,-31.0
1776885752.182103,0.0,-2.0,-32.0
1776885752.192103,-4.0,-1.0,-35.0
1776885752.202103,-4.0,0.0,-33.0
1776885752.212103,-6.0,-5.0,-30.0
1776885752.2221026,-4.0,-1.0,-31.0
1776885752.2321026,-7.0,4.0,-36.0
1776885752.2421026,-8.0,2.0,-33.0
1776885752.2521029,-7.0,0.0,-33.0
1776885752.2621028,-8.0,1.0,-41.0
1776885752.2721028,-8.0,4.0,-47.0
1776885752.2821028,-7.0,0.0,-48.0
1776885752.2921028,-4.0,-2.0,-50.0
1776885752.3031027,-3.0,-1.0,-42.0
1776885752.3121028,-3.0,-1.0,-38.0
1776885752.3231027,-3.0,-1.0,-45.0
1776885752.3321028,3.0,0.0,-45.0
1776885752.3431027,3.0,4.0,-43.0
1776885752.3531027,7.0,6.0,-36.0
1776885752.363103,6.0,4.0,-31.0
1776885752.373103,-1.0,2.0,-38.0
1776885752.383103,-3.0,0.0,-38.0
1776885752.3931026,0.0,-1.0,-36.0
1776885752.4031026,2.0,1.0,-32.0
1776885752.4131026,0.0,-3.0,-32.0
1776885752.4231029,0.0,-3.0,-38.0
1776885752.4331028,3.0,-3.0,-41.0
1776885752.4431028,6.0,-1.0,-44.0
1776885752.4531028,4.0,0.0,-51.0
1776885752.4631028,3.0,2.0,-50.0
1776885752.4731028,1.0,1.0,-43.0
1776885752.4831028,-1.0,0.0,-39.0
1776885752.4931028,-5.0,1.0,-38.0
1776885752.5031028,-1.0,2.0,-38.0
1776885752.5131028,3.0,4.0,-39.0
1776885752.5231028,1.0,2.0,-39.0
1776885752.5331028,-1.0,3.0,-38.0
1776885752.5431027,0.0,-2.0,-35.0
1776885752.5531027,3.0,-3.0,-37.0
1776885752.5631027,-2.0,-2.0,-41.0
1776885752.5731027,1.0,-3.0,-42.0
1776885752.5831027,0.0,-4.0,-39.0
1776885752.5931027,3.0,-5.0,-40.0
1776885752.6031027,6.0,-3.0,-44.0
1776885752.613103,4.0,-9.0,-43.0
1776885752.623103,4.0,-5.0,-42.0
1776885752.633103,6.0,-8.0,-41.0
1776885752.6431026,15.0,-9.0,-42.0
1776885752.6531026,14.0,-10.0,-49.0
1776885752.6631026,4.0,-9.0,-45.0
1776885752.6731029,3.0,-8.0,-36.0
1776885752.6831028,6.0,-6.0,-38.0
1776885752.6931028,7.0,-7.0,-47.0
1776885752.7031028,6.0,-2.0,-50.0
1776885752.7131028,4.0,-5.0,-51.0
1776885752.7231028,5.0,-6.0,-51.0
1776885752.7331028,0.0,-4.0,-48.0
1776885752.7431028,0.0,-4.0,-47.0
1776885752.7531028,3.0,-3.0,-44.0
1776885752.7631028,1.0,-3.0,-40.0
1776885752.7731028,3.0,-2.0,-37.0
1776885752.7831028,2.0,-2.0,-37.0
1776885752.7931027,4.0,-4.0,-34.0
1776885752.8031027,4.0,-1.0,-31.0
1776885752.8131027,2.0,5.0,-34.0
1776885752.8231027,1.0,3.0,-37.0
1776885752.8331027,-2.0,1.0,-37.0
1776885752.8431027,-6.0,1.0,-39.0
1776885752.8531027,-5.0,-2.0,-41.0
1776885752.863103,-2.0,0.0,-44.0
1776885752.873103,-5.0,-1.0,-54.0
1776885752.883103,0.0,-2.0,-45.0
1776885752.8931026,1.0,-4.0,-44.0
1776885752.9031026,3.0,0.0,-45.0
1776885752.9131026,6.0,-2.0,-45.0
1776885752.9231029,7.0,-1.0,-49.0
1776885752.9331028,3.0,-2.0,-44.0
1776885752.9431028,2.0,-3.0,-39.0
1776885752.9531028,1.0,-2.0,-39.0
1776885752.9631028,2.0,-1.0,-43.0
1776885752.9731028,-3.0,-2.0,-41.0
1776885752.9831028,0.0,-4.0,-46.0
1776885752.9931028,0.0,-2.0,-46.0
1776885753.0031028,0.0,0.0,-43.0
1776885753.0131028,0.0,0.0,-50.0
1776885753.0231028,2.0,0.0,-49.0
1776885753.0331028,4.0,0.0,-46.0
1776885753.0431027,0.0,0.0,-52.0
1776885753.0531027,3.0,1.0,-54.0
1776885753.0631027,4.0,1.0,-56.0
1776885753.0731027,1.0,-3.0,-57.0
1776885753.0831027,-3.0,-3.0,-60.0
1776885753.0931027,-2.0,-5.0,-57.0
1776885753.1031027,-6.0,-4.0,-53.0
1776885753.113103,-5.0,-2.0,-52.0
1776885753.123103,0.0,-3.0,-53.0
1776885753.133103,0.0,-5.0,-57.0
1776885753.1431026,0.0,-4.0,-48.0
1776885753.1531026,-1.0,-3.0,-50.0
1776885753.1631026,-4.0,0.0,-52.0
1776885753.1731029,-1.0,0.0,-53.0
1776885753.1831028,0.0,2.0,-51.0
1776885753.1931028,1.0,2.0,-43.0
1776885753.2031028,0.0,0.0,-45.0
1776885753.2131028,-4.0,1.0,-49.0
1776885753.2231028,-6.0,0.0,-45.0
1776885753.2331028,-4.0,1.0,-46.0
1776885753.2431028,0.0,0.0,-40.0
1776885753.2531028,3.0,0.0,-39.0
1776885753.2631028,2.0,-1.0,-40.0
1776885753.2731028,4.0,-7.0,-42.0
1776885753.2831028,0.0,-5.0,-46.0
1776885753.2931027,1.0,-3.0,-48.0
1776885753.3031027,0.0,0.0,-50.0
1776885753.3131027,1.0,4.0,-46.0
1776885753.3231027,3.0,3.0,-42.0
1776885753.3331027,2.0,4.0,-35.0
1776885753.3431027,1.0,0.0,-32.0
1776885753.3531027,-1.0,1.0,-28.0
1776885753.363103,1.0,3.0,-24.0
1776885753.373103,3.0,0.0,-27.0
1776885753.383103,4.0,0.0,-28.0
1776885753.3931026,0.0,-2.0,-26.0
1776885753.4031026,1.0,0.0,-28.0
1776885753.4131026,2.0,0.0,-27.0
1776885753.4231029,0.0,0.0,-35.0
1776885753.4331028,0.0,-4.0,-36.0
1776885753.4431028,2.0,-2.0,-32.0
1776885753.4531028,4.0,0.0,-34.0
1776885753.4631028,5.0,-3.0,-36.0
1776885753.4731028,5.0,-2.0,-37.0
1776885753.4831028,3.0,-3.0,-36.0
1776885753.4931028,1.0,-2.0,-31.0
1776885753.5031028,-5.0,-5.0,-30.0
1776885753.5131028,-2.0,-9.0,-36.0
1776885753.5231028,-2.0,-9.0,-38.0
1776885753.5331028,0.0,-7.0,-41.0
1776885753.5431027,0.0,-1.0,-37.0
1776885753.5531027,0.0,-1.0,-41.0
1776885753.5631027,4.0,-1.0,-43.0
1776885753.5731027,3.0,0.0,-47.0
1776885753.5831027,3.0,2.0,-46.0
1776885753.5931027,5.0,2.0,-42.0
1776885753.6031027,0.0,1.0,-29.0
1776885753.613103,0.0,0.0,-31.0
1776885753.623103,-2.0,-2.0,-33.0
1776885753.633103,0.0,-3.0,-27.0
1776885753.6431026,-2.0,0.0,-30.0
1776885753.6531026,-4.0,-1.0,-38.0
1776885753.6631026,-4.0,-1.0,-44.0
1776885753.6731029,0.0,1.0,-45.0
1776885753.6831028,1.0,3.0,-45.0
1776885753.6931028,2.0,4.0,-43.0
1776885753.7031028,2.0,7.0,-38.0
1776885753.7131028,2.0,9.0,-40.0
1776885753.7231028,0.0,9.0,-35.0
1776885753.7331028,0.0,8.0,-42.0
1776885753.7431028,1.0,4.0,-46.0
1776885753.7531028,2.0,0.0,-48.0
1776885753.7631028,5.0,1.0,-52.0
1776885753.7731028,8.0,1.0,-53.0
1776885753.7831028,8.0,-1.0,-51.0
1776885753.7931027,6.0,-2.0,-50.0
1776885753.8031027,2.0,0.0,-41.0
1776885753.8131027,0.0,-2.0,-48.0
1776885753.8231027,1.0,0.0,-54.0
1776885753.8331027,1.0,0.0,-58.0
1776885753.8431027,1.0,-3.0,-51.0
1776885753.8531027,0.0,-5.0,-54.0
1776885753.863103,-1.0,-7.0,-51.0
1776885753.873103,0.0,-9.0,-43.0
1776885753.883103,4.0,-4.0,-38.0
1776885753.8931026,0.0,-5.0,-36.0
1776885753.9031026,0.0,-3.0,-45.0
1776885753.9131026,-3.0,0.0,-42.0
1776885753.9231029,0.0,1.0,-40.0
1776885753.9331028,5.0,0.0,-40.0
1776885753.9431028,6.0,0.0,-49.0
1776885753.9531028,0.0,4.0,-53.0
1776885753.9631028,1.0,4.0,-47.0
1776885753.9731028,4.0,3.0,-43.0
1776885753.9831028,5.0,2.0,-36.0
1776885753.9931028,8.0,5.0,-35.0
1776885754.0031028,6.0,9.0,-32.0
1776885754.0131028,2.0,7.0,-34.0
1776885754.0231028,0.0,9.0,-37.0
1776885754.0331028,1.0,7.0,-37.0
1776885754.0431027,0.0,5.0,-42.0
1776885754.0531027,-2.0,6.0,-38.0
1776885754.0631027,0.0,5.0,-35.0
1776885754.0731027,2.0,-2.0,-32.0
1776885754.0831027,1.0,-1.0,-33.0
1776885754.0931027,0.0,0.0,-37.0
1776885754.1031027,-2.0,1.0,-39.0
1776885754.113103,1.0,4.0,-35.0
1776885754.123103,-3.0,8.0,-35.0
1776885754.133103,-7.0,9.0,-37.0
1776885754.1431026,-4.0,8.0,-40.0
1776885754.1531026,0.0,8.0,-38.0
1776885754.1631026,5.0,5.0,-37.0
1776885754.1731029,2.0,4.0,-43.0
1776885754.1831028,-2.0,3.0,-43.0
1776885754.1931028,-9.0,0.0,-41.0
1776885754.2031028,-11.0,2.0,-42.0
1776885754.2131028,-8.0,3.0,-51.0
1776885754.2231028,-10.0,6.0,-53.0
1776885754.2331028,-8.0,4.0,-52.0
1776885754.2431028,-9.0,1.0,-53.0
1776885754.2541027,-6.0,-2.0,-54.0
1776885754.2631028,-6.0,-2.0,-56.0
1776885754.2731028,-5.0,-5.0,-50.0
1776885754.284103,-1.0,-3.0,-49.0
1776885754.294103,0.0,-2.0,-45.0
1776885754.304103,5.0,-4.0,-43.0
1776885754.3141026,10.0,-2.0,-41.0
1776885754.3241026,5.0,0.0,-38.0
1776885754.3341026,6.0,0.0,-37.0
1776885754.3441026,10.0,-3.0,-38.0
1776885754.3541028,10.0,-3.0,-34.0
1776885754.3641028,9.0,-7.0,-34.0
1776885754.3741028,9.0,-6.0,-39.0
1776885754.3841028,9.0,1.0,-43.0
1776885754.3941028,6.0,5.0,-45.0
1776885754.4041028,5.0,8.0,-47.0
1776885754.4141028,2.0,5.0,-50.0
1776885754.4241028,1.0,4.0,-44.0
1776885754.4341028,0.0,8.0,-44.0
1776885754.4441028,0.0,9.0,-45.0
1776885754.4541028,-1.0,9.0,-52.0
1776885754.4641027,0.0,2.0,-46.0
1776885754.4741027,4.0,-2.0,-44.0
1776885754.4841027,0.0,-2.0,-45.0
1776885754.4941027,-3.0,0.0,-44.0
1776885754.5041027,-4.0,1.0,-44.0
1776885754.5141027,-6.0,0.0,-50.0
1776885754.5241027,0.0,-4.0,-53.0
1776885754.534103,7.0,-4.0,-52.0
1776885754.544103,8.0,-7.0,-53.0
1776885754.554103,7.0,-4.0,-50.0
1776885754.5641026,4.0,-3.0,-48.0
1776885754.5741026,6.0,0.0,-50.0
1776885754.5841026,0.0,-1.0,-50.0
1776885754.5941026,1.0,-2.0,-41.0
1776885754.6041028,1.0,-3.0,-45.0
1776885754.6141028,0.0,-3.0,-46.0
1776885754.6241028,1.0,0.0,-48.0
1776885754.6341028,0.0,-1.0,-42.0
1776885754.6441028,-5.0,-1.0,-46.0
1776885754.6541028,1.0,0.0,-41.0
1776885754.6641028,0.0,-2.0,-37.0
1776885754.6741028,1.0,0.0,-38.0
1776885754.6841028,-2.0,-1.0,-48.0
1776885754.6941028,1.0,-3.0,-51.0
1776885754.7041028,3.0,0.0,-48.0
1776885754.7141027,1.0,-4.0,-47.0
1776885754.7241027,-3.0,-4.0,-45.0
1776885754.7341027,-3.0,-1.0,-41.0
1776885754.7441027,-4.0,2.0,-40.0
1776885754.7541027,-3.0,4.0,-42.0
1776885754.7641027,-1.0,6.0,-43.0
1776885754.7741027,-1.0,2.0,-50.0
1776885754.784103,-1.0,-1.0,-45.0
1776885754.794103,-2.0,-3.0,-41.0
1776885754.804103,-3.0,-3.0,-49.0
1776885754.8141026,-1.0,-3.0,-54.0
1776885754.8241026,-4.0,-6.0,-55.0
1776885754.8341026,-2.0,-8.0,-56.0
1776885754.8441026,-1.0,-12.0,-63.0
1776885754.8541028,2.0,-9.0,-58.0
1776885754.8641028,0.0,-10.0,-54.0
1776885754.8741028,3.0,-6.0,-51.0
1776885754.8841028,8.0,-5.0,-44.0
1776885754.8941028,4.0,-5.0,-38.0
1776885754.9041028,6.0,-3.0,-36.0
1776885754.9141028,1.0,-3.0,-43.0
1776885754.9241028,2.0,-1.0,-47.0
1776885754.9341028,-2.0,-2.0,-50.0
1776885754.9441028,-2.0,0.0,-50.0
1776885754.9541028,-2.0,0.0,-41.0
1776885754.9641027,0.0,1.0,-33.0
1776885754.9741027,-2.0,5.0,-30.0
1776885754.9841027,-2.0,0.0,-36.0
1776885754.9941027,0.0,-8.0,-35.0
1776885755.0041027,0.0,-6.0,-39.0
1776885755.0141027,2.0,-5.0,-43.0
1776885755.0241027,1.0,-2.0,-39.0
1776885755.034103,-2.0,-2.0,-45.0
1776885755.044103,3.0,-2.0,-38.0
1776885755.054103,3.0,-4.0,-36.0
1776885755.0641026,0.0,-6.0,-30.0
1776885755.0741026,1.0,-6.0,-37.0
1776885755.0841026,-2.0,-2.0,-43.0
1776885755.0941026,-4.0,-4.0,-42.0
1776885755.1041028,-6.0,-2.0,-44.0
1776885755.1141028,-1.0,0.0,-43.0
1776885755.1241028,0.0,-3.0,-36.0
1776885755.1341028,0.0,-5.0,-35.0
1776885755.1441028,0.0,-3.0,-36.0
1776885755.1541028,-1.0,0.0,-40.0
1776885755.1641028,0.0,1.0,-36.0
1776885755.1741028,-2.0,0.0,-31.0
1776885755.1841028,-3.0,-1.0,-34.0
1776885755.1941028,0.0,-3.0,-32.0
1776885755.2041028,0.0,-3.0,-34.0
1776885755.2141027,0.0,-6.0,-36.0
1776885755.2241027,0.0,-2.0,-41.0
1776885755.2341027,-3.0,-1.0,-46.0
1776885755.2441027,-5.0,-5.0,-47.0
1776885755.2541027,0.0,-5.0,-40.0
1776885755.2641027,0.0,-4.0,-40.0
1776885755.2741027,-2.0,-6.0,-37.0
1776885755.284103,-2.0,-6.0,-41.0
1776885755.294103,1.0,-5.0,-37.0
1776885755.304103,0.0,-4.0,-34.0
1776885755.3141026,0.0,-3.0,-36.0
1776885755.3241026,-1.0,-3.0,-42.0
1776885755.3341026,1.0,-3.0,-44.0
1776885755.3441026,4.0,-2.0,-47.0
1776885755.3541028,4.0,-5.0,-47.0
1776885755.3641028,5.0,-7.0,-36.0
1776885755.3741028,5.0,-9.0,-36.0
1776885755.3841028,2.0,-9.0,-43.0
1776885755.3941028,2.0,-8.0,-43.0
1776885755.4041028,4.0,-10.0,-45.0
1776885755.4141028,3.0,-11.0,-43.0
1776885755.4241028,0.0,-7.0,-45.0
1776885755.4341028,-1.0,-8.0,-42.0
1776885755.4441028,3.0,-5.0,-45.0
1776885755.4541028,3.0,-4.0,-42.0
1776885755.4641027,2.0,-6.0,-41.0
1776885755.4741027,5.0,-3.0,-46.0
1776885755.4841027,5.0,-6.0,-40.0
1776885755.4941027,5.0,-8.0,-39.0
1776885755.5041027,3.0,-6.0,-39.0
1776885755.5141027,3.0,-1.0,-41.0
1776885755.5241027,9.0,1.0,-43.0
1776885755.534103,8.0,3.0,-36.0
1776885755.544103,5.0,2.0,-35.0
1776885755.554103,3.0,1.0,-33.0
1776885755.5641026,2.0,0.0,-40.0
1776885755.5741026,-2.0,-1.0,-40.0
1776885755.5841026,-2.0,0.0,-36.0
1776885755.5941026,-3.0,2.0,-36.0
1776885755.6041028,-9.0,1.0,-34.0
1776885755.6141028,-5.0,1.0,-33.0
1776885755.6241028,-5.0,1.0,-35.0
1776885755.6341028,-8.0,5.0,-36.0
1776885755.6441028,-11.0,4.0,-38.0
1776885755.6541028,-4.0,0.0,-45.0
1776885755.6641028,-8.0,1.0,-43.0
1776885755.6741028,-5.0,0.0,-42.0
1776885755.6841028,-4.0,-3.0,-40.0
1776885755.6941028,0.0,-7.0,-39.0
1776885755.7041028,3.0,-1.0,-42.0
1776885755.7141027,1.0,-2.0,-45.0
1776885755.7241027,2.0,-2.0,-39.0
1776885755.7341027,2.0,-1.0,-35.0
1776885755.7441027,1.0,-3.0,-41.0
1776885755.7541027,-1.0,-2.0,-46.0
1776885755.7641027,-7.0,0.0,-55.0
1776885755.7741027,-12.0,-5.0,-50.0
1776885755.784103,-8.0,-3.0,-42.0
1776885755.794103,-4.0,0.0,-40.0
1776885755.804103,-4.0,-1.0,-37.0
1776885755.8141026,0.0,2.0,-35.0
1776885755.8241026,-1.0,-1.0,-36.0
1776885755.8341026,-6.0,-5.0,-45.0
1776885755.8441026,-7.0,-5.0,-41.0
1776885755.8541028,-5.0,-9.0,-43.0
1776885755.8641028,-4.0,-7.0,-45.0
1776885755.8741028,-1.0,-4.0,-45.0
1776885755.8841028,-6.0,-4.0,-48.0
1776885755.8941028,0.0,0.0,-43.0
1776885755.9041028,0.0,0.0,-35.0
1776885755.9141028,-1.0,1.0,-35.0
1776885755.9241028,0.0,0.0,-31.0
1776885755.9341028,-1.0,0.0,-27.0
1776885755.9441028,0.0,0.0,-25.0
1776885755.9541028,2.0,-1.0,-24.0
1776885755.9641027,-2.0,0.0,-23.0
1776885755.9741027,-5.0,4.0,-31.0
1776885755.9841027,-7.0,3.0,-33.0
1776885755.9941027,0.0,0.0,-35.0
1776885756.0041027,-2.0,-3.0,-33.0
1776885756.0141027,-3.0,-2.0,-36.0
1776885756.0241027,-3.0,0.0,-35.0
1776885756.034103,-3.0,5.0,-40.0
1776885756.044103,-5.0,3.0,-39.0
1776885756.054103,-4.0,1.0,-40.0
1776885756.0641026,-4.0,-2.0,-39.0
1776885756.0741026,-2.0,3.0,-45.0
1776885756.0841026,0.0,0.0,-43.0
1776885756.0941026,2.0,0.0,-42.0
1776885756.1041028,0.0,-3.0,-38.0
1776885756.1141028,0.0,-3.0,-43.0
1776885756.1241028,2.0,-6.0,-42.0
1776885756.1341028,2.0,-5.0,-37.0
1776885756.1441028,1.0,0.0,-36.0
1776885756.1541028,0.0,1.0,-41.0
1776885756.1641028,-3.0,0.0,-35.0
1776885756.1741028,-7.0,-2.0,-39.0
1776885756.1841028,-5.0,-1.0,-41.0
1776885756.1941028,-6.0,-2.0,-36.0
1776885756.2041028,-4.0,-4.0,-35.0
1776885756.2141027,-5.0,0.0,-34.0
1776885756.2241027,-4.0,0.0,-39.0
1776885756.2341027,2.0,-4.0,-33.0
1776885756.2441027,3.0,-7.0,-37.0
1776885756.2541027,0.0,-7.0,-36.0
1776885756.2641027,-1.0,-9.0,-32.0
1776885756.2751029,-1.0,-3.0,-31.0
1776885756.284103,-1.0,0.0,-36.0
1776885756.2951028,2.0,-1.0,-40.0
1776885756.3051028,3.0,-4.0,-43.0
1776885756.3151028,6.0,-9.0,-41.0
1776885756.3251028,3.0,-11.0,-44.0
1776885756.3351028,-1.0,-1.0,-46.0
1776885756.3451028,-1.0,0.0,-46.0
1776885756.3551028,-2.0,0.0,-39.0
1776885756.3651028,-5.0,2.0,-39.0
1776885756.3751028,-5.0,1.0,-44.0
1776885756.3851027,0.0,-1.0,-40.0
1776885756.3951027,3.0,0.0,-46.0
1776885756.4051027,3.0,1.0,-46.0
1776885756.4151027,-2.0,0.0,-48.0
1776885756.4251027,0.0,-5.0,-42.0
1776885756.4351027,2.0,-6.0,-35.0
1776885756.4451027,6.0,-9.0,-36.0
1776885756.4551027,1.0,-10.0,-35.0
1776885756.465103,-2.0,-9.0,-35.0
1776885756.475103,0.0,-9.0,-41.0
1776885756.485103,-1.0,-7.0,-40.0
1776885756.4951026,0.0,-8.0,-36.0
1776885756.5051026,-1.0,0.0,-41.0
1776885756.5151026,-2.0,-3.0,-38.0
1776885756.5251029,0.0,-4.0,-42.0
1776885756.5351028,5.0,0.0,-42.0
1776885756.5451028,11.0,4.0,-44.0
1776885756.5551028,11.0,3.0,-46.0
1776885756.5651028,9.0,4.0,-45.0
1776885756.5751028,4.0,3.0,-41.0
1776885756.5851028,4.0,1.0,-48.0
1776885756.5951028,5.0,1.0,-41.0
1776885756.6051028,4.0,0.0,-45.0
1776885756.6151028,4.0,-2.0,-41.0
1776885756.6251028,6.0,-4.0,-39.0
1776885756.6351027,3.0,-1.0,-40.0
1776885756.6451027,0.0,-3.0,-41.0
1776885756.6551027,2.0,0.0,-42.0
1776885756.6651027,3.0,3.0,-35.0
1776885756.6751027,8.0,0.0,-34.0
1776885756.6851027,6.0,0.0,-41.0
1776885756.6951027,4.0,-3.0,-45.0
1776885756.7051027,0.0,-3.0,-41.0
1776885756.715103,0.0,1.0,-42.0
1776885756.725103,0.0,0.0,-47.0
1776885756.735103,-2.0,0.0,-49.0
1776885756.7451026,0.0,1.0,-42.0
1776885756.7551026,1.0,-2.0,-42.0
1776885756.7651026,2.0,-3.0,-44.0
1776885756.7751029,4.0,0.0,-45.0
1776885756.7851028,3.0,-1.0,-44.0
1776885756.7951028,0.0,1.0,-39.0
1776885756.8051028,-3.0,3.0,-43.0
1776885756.8151028,-2.0,0.0,-48.0
1776885756.8251028,-1.0,-7.0,-47.0
1776885756.8351028,2.0,-5.0,-42.0
1776885756.8451028,0.0,-4.0,-37.0
1776885756.8551028,2.0,-1.0,-38.0
1776885756.8651028,2.0,-1.0,-43.0
1776885756.8751028,3.0,0.0,-44.0
1776885756.8851027,4.0,0.0,-41.0
1776885756.8951027,6.0,-2.0,-40.0
1776885756.9051027,2.0,-3.0,-35.0
1776885756.9151027,0.0,-5.0,-34.0
1776885756.9251027,1.0,-5.0,-35.0
1776885756.9351027,3.0,-3.0,-40.0
1776885756.9451027,6.0,0.0,-39.0
1776885756.9551027,8.0,2.0,-42.0
1776885756.965103,7.0,1.0,-34.0
1776885756.975103,4.0,0.0,-33.0
1776885756.985103,5.0,-2.0,-32.0
1776885756.9951026,5.0,-6.0,-40.0
1776885757.0051026,3.0,-8.0,-45.0
1776885757.0151026,3.0,-11.0,-51.0
1776885757.0251029,2.0,-5.0,-49.0
1776885757.0351028,0.0,-3.0,-41.0
1776885757.0451028,0.0,-2.0,-42.0
1776885757.0551028,5.0,-1.0,-43.0
1776885757.0651028,5.0,-1.0,-40.0
1776885757.0751028,5.0,0.0,-40.0
1776885757.0851028,6.0,0.0,-39.0
1776885757.0951028,6.0,-3.0,-37.0
1776885757.1051028,2.0,-6.0,-42.0
1776885757.1151028,0.0,-6.0,-44.0
1776885757.1251028,4.0,-7.0,-48.0
1776885757.1351027,4.0,-8.0,-39.0
1776885757.1451027,6.0,-8.0,-31.0
1776885757.1551027,1.0,-5.0,-31.0
1776885757.1651027,-2.0,0.0,-37.0
1776885757.1751027,-1.0,0.0,-37.0
1776885757.1851027,-1.0,2.0,-39.0
1776885757.1951027,-1.0,3.0,-41.0
1776885757.2051027,0.0,6.0,-41.0
1776885757.215103,1.0,2.0,-43.0
1776885757.225103,3.0,0.0,-41.0
1776885757.235103,4.0,1.0,-43.0
1776885757.2451026,3.0,-1.0,-47.0
1776885757.2551026,-5.0,-1.0,-51.0
1776885757.2651026,-1.0,-5.0,-54.0
1776885757.2751029,0.0,0.0,-54.0
1776885757.2851028,-2.0,0.0,-47.0
1776885757.2951028,-1.0,-4.0,-46.0
1776885757.3051028,-1.0,-3.0,-45.0
1776885757.3151028,-5.0,0.0,-44.0
1776885757.3251028,-1.0,0.0,-43.0
1776885757.3351028,-1.0,0.0,-44.0
1776885757.3451028,0.0,-5.0,-52.0
1776885757.3551028,0.0,-4.0,-54.0
1776885757.3651028,-3.0,-2.0,-50.0
1776885757.3751028,-2.0,-3.0,-52.0
1776885757.3851027,-2.0,-2.0,-54.0
1776885757.3951027,2.0,-3.0,-58.0
1776885757.4051027,3.0,-7.0,-52.0
1776885757.4151027,7.0,-6.0,-50.0
1776885757.4261026,9.0,-2.0,-49.0
1776885757.4351027,7.0,-3.0,-48.0
1776885757.4451027,6.0,-4.0,-50.0
1776885757.4551027,4.0,-3.0,-47.0
1776885757.465103,6.0,-4.0,-41.0
1776885757.475103,6.0,-5.0,-45.0
1776885757.485103,4.0,-4.0,-45.0
1776885757.4951026,3.0,-2.0,-44.0
1776885757.5051026,7.0,-3.0,-36.0
1776885757.5151026,5.0,-3.0,-39.0
1776885757.5251029,4.0,-7.0,-37.0
1776885757.5351028,2.0,-1.0,-39.0
1776885757.5451028,4.0,0.0,-34.0
1776885757.5551028,3.0,-5.0,-42.0
1776885757.5651028,1.0,-7.0,-44.0
1776885757.5751028,0.0,-3.0,-47.0
1776885757.5851028,-1.0,0.0,-47.0
1776885757.5951028,0.0,0.0,-53.0
1776885757.6051028,0.0,-1.0,-53.0
1776885757.6151028,2.0,-2.0,-45.0
1776885757.6251028,3.0,0.0,-42.0
1776885757.6351027,0.0,-2.0,-41.0
1776885757.6451027,5.0,-2.0,-35.0
1776885757.6551027,9.0,0.0,-42.0
1776885757.6651027,10.0,-3.0,-46.0
1776885757.6751027,7.0,-10.0,-50.0
1776885757.6851027,5.0,-7.0,-57.0
1776885757.6951027,5.0,-5.0,-55.0
1776885757.7051027,9.0,0.0,-52.0
1776885757.715103,9.0,3.0,-43.0
1776885757.725103,7.0,1.0,-40.0
1776885757.735103,10.0,-2.0,-38.0
1776885757.7451026,14.0,1.0,-45.0
1776885757.7551026,8.0,0.0,-49.0
1776885757.7651026,6.0,-1.0,-43.0
1776885757.7751029,3.0,-1.0,-43.0
1776885757.7851028,1.0,-1.0,-42.0
1776885757.7951028,4.0,-2.0,-41.0
1776885757.8051028,1.0,-4.0,-36.0
1776885757.8151028,4.0,-5.0,-31.0
1776885757.8251028,-1.0,-1.0,-34.0
1776885757.8351028,2.0,0.0,-28.0
1776885757.8451028,3.0,-4.0,-29.0
1776885757.8551028,6.0,-1.0,-33.0
1776885757.8651028,7.0,-2.0,-38.0
1776885757.8751028,9.0,-4.0,-48.0
1776885757.8851027,10.0,-7.0,-51.0
1776885757.8951027,8.0,-3.0,-50.0
1776885757.9051027,5.0,-2.0,-45.0
1776885757.9151027,3.0,0.0,-46.0
1776885757.9251027,6.0,-1.0,-44.0
1776885757.9351027,1.0,-4.0,-41.0
1776885757.9451027,2.0,0.0,-40.0
1776885757.9551027,2.0,1.0,-42.0
1776885757.965103,0.0,0.0,-47.0
1776885757.975103,3.0,2.0,-46.0
1776885757.985103,6.0,7.0,-46.0
1776885757.9951026,6.0,7.0,-45.0
1776885758.0051026,5.0,3.0,-42.0
1776885758.0151026,5.0,2.0,-45.0
1776885758.0251029,5.0,0.0,-36.0
1776885758.0351028,5.0,-2.0,-37.0
1776885758.0451028,7.0,-1.0,-38.0
1776885758.0551028,2.0,-3.0,-35.0
1776885758.0651028,1.0,-4.0,-34.0
1776885758.0751028,0.0,-4.0,-31.0
1776885758.0851028,5.0,-4.0,-37.0
1776885758.0951028,2.0,-6.0,-35.0
1776885758.1051028,5.0,-7.0,-32.0
1776885758.1151028,9.0,-1.0,-28.0
1776885758.1251028,8.0,-1.0,-34.0
1776885758.1351027,4.0,-1.0,-37.0
1776885758.1451027,2.0,-2.0,-42.0
1776885758.1551027,0.0,-2.0,-44.0
1776885758.1651027,-2.0,-2.0,-43.0
1776885758.1751027,0.0,-5.0,-45.0
1776885758.1851027,5.0,-4.0,-44.0
1776885758.1951027,6.0,-2.0,-40.0
1776885758.2051027,2.0,-5.0,-35.0
1776885758.215103,-1.0,-2.0,-29.0
1776885758.225103,-2.0,-3.0,-32.0
1776885758.2361028,0.0,-4.0,-31.0
1776885758.2451026,1.0,-4.0,-31.0
1776885758.2561028,-1.0,-3.0,-33.0
1776885758.2661028,4.0,-2.0,-45.0
1776885758.2761028,-1.0,-4.0,-44.0
1776885758.2861028,2.0,-4.0,-47.0
1776885758.2961028,-1.0,-8.0,-46.0
1776885758.3061028,0.0,-7.0,-46.0
1776885758.3161027,3.0,-3.0,-37.0
1776885758.3261027,5.0,-2.0,-34.0
1776885758.3361027,0.0,-8.0,-35.0
1776885758.3461027,-4.0,-6.0,-35.0
1776885758.3561027,0.0,-6.0,-37.0
1776885758.3661027,-1.0,-4.0,-40.0
1776885758.3761027,1.0,-2.0,-45.0
1776885758.386103,3.0,-2.0,-40.0
1776885758.396103,2.0,0.0,-36.0
1776885758.406103,3.0,4.0,-40.0
1776885758.4161026,3.0,1.0,-43.0
1776885758.4261026,4.0,-3.0,-42.0
1776885758.4361026,0.0,-6.0,-47.0
1776885758.4451027,-1.0,-3.0,-50.0
1776885758.4561028,1.0,-1.0,-50.0
1776885758.4661028,4.0,-4.0,-51.0
1776885758.4761028,2.0,-5.0,-49.0
1776885758.4861028,2.0,-7.0,-42.0
1776885758.4961028,1.0,-4.0,-35.0
1776885758.5061028,3.0,0.0,-40.0
1776885758.5161028,3.0,-6.0,-38.0
1776885758.5261028,0.0,-10.0,-32.0
1776885758.5361028,1.0,-6.0,-34.0
1776885758.5461028,2.0,-6.0,-39.0
1776885758.5561028,5.0,-2.0,-44.0
1776885758.5661027,2.0,0.0,-40.0
1776885758.5761027,3.0,-3.0,-40.0
1776885758.5861027,1.0,-5.0,-38.0
1776885758.5961027,0.0,-4.0,-41.0
1776885758.6061027,1.0,-2.0,-34.0
1776885758.6161027,-3.0,0.0,-34.0
1776885758.6261027,-1.0,0.0,-27.0
1776885758.636103,1.0,-3.0,-35.0
1776885758.646103,1.0,-3.0,-38.0
1776885758.656103,-2.0,-4.0,-40.0
1776885758.6661026,0.0,-3.0,-45.0
1776885758.6761026,-3.0,-5.0,-40.0
1776885758.6861026,-1.0,-9.0,-36.0
1776885758.6961029,0.0,-9.0,-39.0
1776885758.7061028,1.0,-8.0,-35.0
1776885758.7161028,-3.0,-6.0,-37.0
1776885758.7261028,-2.0,-9.0,-37.0
1776885758.7361028,0.0,-10.0,-40.0
1776885758.7461028,-2.0,-10.0,-39.0
1776885758.7561028,-1.0,-9.0,-37.0
1776885758.7661028,0.0,-7.0,-45.0
1776885758.7761028,-4.0,-4.0,-40.0
1776885758.7861028,-4.0,0.0,-40.0
1776885758.7961028,-1.0,-2.0,-35.0
1776885758.8061028,-1.0,-3.0,-32.0
1776885758.8161027,0.0,-6.0,-31.0
1776885758.8261027,-2.0,-8.0,-34.0
1776885758.8361027,-3.0,-7.0,-36.0
1776885758.8461027,-4.0,-4.0,-39.0
1776885758.8561027,-5.0,-3.0,-37.0
1776885758.8661027,-2.0,-6.0,-37.0
1776885758.8761027,-1.0,-9.0,-38.0
1776885758.886103,-1.0,-9.0,-36.0
1776885758.896103,1.0,-10.0,-39.0
1776885758.906103,2.0,-13.0,-34.0
1776885758.9161026,0.0,-12.0,-34.0
1776885758.9261026,-2.0,-10.0,-33.0
1776885758.9361026,-4.0,-11.0,-39.0
1776885758.9461029,-3.0,-9.0,-37.0
1776885758.9561028,-4.0,-11.0,-36.0
1776885758.9661028,1.0,-13.0,-35.0
1776885758.9761028,1.0,-11.0,-36.0
1776885758.9861028,1.0,-5.0,-34.0
1776885758.9961028,0.0,-4.0,-30.0
1776885759.0061028,-4.0,-3.0,-32.0
1776885759.0161028,-3.0,-5.0,-33.0
1776885759.0261028,-1.0,-7.0,-35.0
1776885759.0361028,0.0,-1.0,-30.0
1776885759.0461028,0.0,-3.0,-35.0
1776885759.0561028,-1.0,0.0,-43.0
1776885759.0661027,2.0,0.0,-44.0
1776885759.0761027,7.0,1.0,-52.0
1776885759.0861027,2.0,-4.0,-50.0
1776885759.0961027,-2.0,-5.0,-43.0
1776885759.1061027,0.0,-4.0,-44.0
1776885759.1161027,0.0,-4.0,-43.0
1776885759.1261027,-1.0,-6.0,-48.0
1776885759.136103,0.0,-4.0,-41.0
1776885759.146103,0.0,-4.0,-39.0
1776885759.156103,1.0,-5.0,-39.0
1776885759.1661026,5.0,-5.0,-44.0
1776885759.1761026,5.0,-5.0,-43.0
1776885759.1861026,7.0,-7.0,-43.0
1776885759.1961029,9.0,-8.0,-44.0
1776885759.2061028,10.0,-8.0,-48.0
1776885759.2161028,12.0,-6.0,-42.0
1776885759.2261028,10.0,-3.0,-44.0
1776885759.2361028,4.0,-2.0,-40.0
1776885759.2461028,2.0,2.0,-34.0
1776885759.2561028,0.0,-3.0,-31.0
1776885759.2661028,-2.0,-4.0,-33.0
1776885759.2761028,-1.0,-4.0,-36.0
1776885759.2861028,-2.0,-4.0,-40.0
1776885759.2961028,-4.0,-3.0,-42.0
1776885759.3061028,-1.0,-2.0,-44.0
1776885759.3161027,2.0,-1.0,-39.0
1776885759.3261027,6.0,0.0,-40.0
1776885759.3361027,6.0,-2.0,-41.0
1776885759.3461027,4.0,-3.0,-40.0
1776885759.3561027,4.0,0.0,-38.0
1776885759.3661027,2.0,1.0,-42.0
1776885759.3761027,0.0,0.0,-42.0
1776885759.386103,1.0,3.0,-42.0
1776885759.396103,5.0,2.0,-38.0
1776885759.406103,3.0,1.0,-42.0
1776885759.4161026,0.0,-1.0,-36.0
1776885759.4261026,0.0,-2.0,-32.0
1776885759.4361026,0.0,-1.0,-32.0
1776885759.4461029,0.0,-8.0,-34.0
1776885759.4561028,0.0,-11.0,-38.0
1776885759.4661028,2.0,-9.0,-43.0
1776885759.4761028,1.0,-7.0,-38.0
1776885759.4861028,5.0,-4.0,-44.0
1776885759.4961028,4.0,-2.0,-49.0
1776885759.5061028,2.0,-5.0,-47.0
1776885759.5161028,3.0,-5.0,-42.0
1776885759.5261028,1.0,-1.0,-41.0
1776885759.5361028,0.0,-1.0,-47.0
1776885759.5461028,-2.0,1.0,-51.0
1776885759.5561028,-3.0,3.0,-43.0
1776885759.5661027,-3.0,0.0,-38.0
1776885759.5761027,-3.0,2.0,-42.0
1776885759.5861027,-4.0,3.0,-48.0
1776885759.5961027,0.0,0.0,-47.0
1776885759.6061027,1.0,-2.0,-43.0
1776885759.6161027,8.0,0.0,-39.0
1776885759.6261027,9.0,0.0,-41.0
1776885759.636103,8.0,0.0,-40.0
1776885759.646103,6.0,0.0,-44.0
1776885759.656103,8.0,2.0,-44.0
1776885759.6661026,8.0,0.0,-38.0
1776885759.6761026,7.0,1.0,-39.0
1776885759.6861026,6.0,0.0,-39.0
1776885759.6961029,5.0,0.0,-44.0
1776885759.7061028,3.0,0.0,-41.0
1776885759.7161028,4.0,-1.0,-46.0
1776885759.7261028,5.0,-3.0,-40.0
1776885759.7361028,8.0,-2.0,-41.0
1776885759.7461028,6.0,-3.0,-40.0
1776885759.7561028,4.0,-2.0,-38.0
1776885759.7661028,7.0,0.0,-35.0
1776885759.7761028,4.0,-6.0,-34.0
1776885759.7861028,6.0,-7.0,-39.0
1776885759.7961028,7.0,-7.0,-43.0
1776885759.8061028,6.0,-7.0,-40.0
1776885759.8161027,9.0,-4.0,-43.0
1776885759.8261027,5.0,-1.0,-46.0
1776885759.8361027,5.0,-2.0,-47.0
1776885759.8461027,4.0,-3.0,-44.0
1776885759.8561027,0.0,-1.0,-43.0
1776885759.8661027,0.0,3.0,-38.0
1776885759.8761027,-1.0,0.0,-41.0
1776885759.886103,-1.0,-2.0,-41.0
1776885759.896103,1.0,-3.0,-39.0
1776885759.906103,3.0,-5.0,-42.0
1776885759.9161026,7.0,-5.0,-43.0
1776885759.9261026,6.0,-5.0,-47.0
1776885759.9361026,4.0,-6.0,-47.0
1776885759.9461029,3.0,-3.0,-47.0
1776885759.9561028,5.0,0.0,-48.0
1776885759.9661028,6.0,3.0,-50.0
1776885759.9761028,7.0,2.0,-43.0
1776885759.9861028,4.0,3.0,-43.0
1776885759.9961028,5.0,-1.0,-38.0
1776885760.0061028,4.0,-4.0,-39.0
1776885760.0161028,4.0,0.0,-34.0
1776885760.0261028,2.0,1.0,-38.0
1776885760.0361028,6.0,2.0,-42.0
1776885760.0461028,7.0,1.0,-41.0
1776885760.0561028,3.0,-1.0,-44.0
1776885760.0661027,0.0,1.0,-44.0
1776885760.0761027,2.0,-1.0,-41.0
1776885760.0861027,3.0,-2.0,-40.0
1776885760.0961027,3.0,0.0,-34.0
1776885760.1061027,3.0,-1.0,-37.0
1776885760.1161027,2.0,-4.0,-32.0
1776885760.1261027,-3.0,-2.0,-39.0
1776885760.136103,-4.0,0.0,-36.0
1776885760.146103,-4.0,-2.0,-46.0
1776885760.156103,-3.0,0.0,-50.0
1776885760.1661026,-6.0,0.0,-49.0
1776885760.1761026,-2.0,-4.0,-47.0
1776885760.1861026,0.0,-4.0,-40.0
1776885760.1961029,2.0,-4.0,-43.0
1776885760.2061028,6.0,-1.0,-43.0
1776885760.2161028,5.0,-5.0,-40.0
1776885760.2271028,6.0,-5.0,-37.0
1776885760.2371027,6.0,-2.0,-39.0
1776885760.2471027,9.0,0.0,-42.0
1776885760.2571027,8.0,4.0,-40.0
1776885760.2671027,10.0,5.0,-38.0
1776885760.2771027,7.0,4.0,-34.0
1776885760.2871027,10.0,3.0,-32.0
1776885760.2971027,10.0,-1.0,-34.0
1776885760.307103,6.0,-1.0,-37.0
1776885760.317103,5.0,-4.0,-31.0
1776885760.327103,5.0,-7.0,-36.0
1776885760.337103,2.0,-5.0,-39.0
1776885760.3471026,0.0,-4.0,-38.0
1776885760.3571026,0.0,0.0,-36.0
1776885760.3671026,4.0,-2.0,-34.0
1776885760.3771029,2.0,-5.0,-40.0
1776885760.3871028,3.0,-3.0,-40.0
1776885760.3971028,1.0,0.0,-32.0
1776885760.4071028,0.0,0.0,-36.0
1776885760.4171028,4.0,0.0,-39.0
1776885760.4271028,7.0,0.0,-38.0
1776885760.4371028,9.0,-3.0,-37.0
1776885760.4471028,6.0,-2.0,-38.0
1776885760.4571028,5.0,0.0,-41.0
1776885760.4671028,2.0,3.0,-44.0
1776885760.4771028,2.0,1.0,-41.0
1776885760.4871027,0.0,-3.0,-41.0
1776885760.4971027,0.0,-7.0,-38.0
1776885760.5071027,3.0,-1.0,-38.0
1776885760.5171027,2.0,0.0,-37.0
1776885760.5271027,0.0,1.0,-40.0
1776885760.5371027,-1.0,0.0,-44.0
1776885760.5471027,0.0,1.0,-41.0
1776885760.557103,6.0,3.0,-40.0
1776885760.567103,10.0,-3.0,-34.0
1776885760.577103,11.0,-6.0,-33.0
1776885760.587103,9.0,-5.0,-30.0
1776885760.5971026,6.0,-4.0,-32.0
1776885760.6071026,6.0,-7.0,-38.0
1776885760.6171026,4.0,-8.0,-39.0
1776885760.6271029,6.0,-8.0,-34.0
1776885760.6371028,2.0,-11.0,-36.0
1776885760.6471028,6.0,-3.0,-31.0
1776885760.6571028,1.0,-4.0,-38.0
1776885760.6671028,2.0,-4.0,-43.0
1776885760.6771028,2.0,-7.0,-39.0
1776885760.6871028,1.0,-2.0,-43.0
1776885760.6971028,0.0,0.0,-38.0
1776885760.7071028,0.0,-3.0,-32.0
1776885760.7171028,3.0,0.0,-31.0
1776885760.7271028,-2.0,-1.0,-26.0
1776885760.7371027,-5.0,-2.0,-30.0
1776885760.7471027,-1.0,1.0,-35.0
1776885760.7571027,2.0,2.0,-32.0
1776885760.7671027,4.0,3.0,-43.0
1776885760.7771027,3.0,-2.0,-48.0
1776885760.7871027,4.0,-2.0,-46.0
1776885760.7971027,0.0,-2.0,-41.0
1776885760.807103,1.0,-2.0,-38.0
1776885760.817103,6.0,-4.0,-30.0
1776885760.827103,5.0,-3.0,-30.0
1776885760.837103,9.0,-1.0,-32.0
1776885760.8471026,7.0,-3.0,-35.0
1776885760.8571026,11.0,-6.0,-38.0
1776885760.8671026,9.0,-3.0,-38.0
1776885760.8771029,3.0,-2.0,-39.0
1776885760.8871028,3.0,-1.0,-32.0
1776885760.8971028,0.0,0.0,-38.0
1776885760.9071028,-5.0,0.0,-45.0
1776885760.9171028,-5.0,0.0,-41.0
1776885760.9271028,2.0,-2.0,-33.0
1776885760.9371028,2.0,-4.0,-39.0
1776885760.9471028,0.0,-2.0,-33.0
1776885760.9571028,0.0,-3.0,-31.0
1776885760.9671028,0.0,-3.0,-36.0
1776885760.9771028,-2.0,-4.0,-35.0
1776885760.9871027,-6.0,-2.0,-36.0
1776885760.9971027,0.0,0.0,-36.0
1776885761.0071027,-3.0,0.0,-37.0
1776885761.0171027,0.0,1.0,-42.0
1776885761.0271027,0.0,0.0,-38.0
1776885761.0371027,1.0,1.0,-43.0
1776885761.0471027,0.0,1.0,-44.0
1776885761.057103,3.0,2.0,-50.0
1776885761.067103,5.0,2.0,-52.0
1776885761.077103,8.0,0.0,-50.0
1776885761.087103,10.0,1.0,-53.0
1776885761.0971026,12.0,-2.0,-50.0
1776885761.1071026,8.0,-4.0,-46.0
1776885761.1171026,6.0,1.0,-43.0
1776885761.1271029,7.0,-2.0,-38.0
1776885761.1371028,9.0,-1.0,-36.0
1776885761.1471028,6.0,0.0,-37.0
1776885761.1571028,7.0,0.0,-38.0
1776885761.1671028,11.0,-2.0,-40.0
1776885761.1771028,9.0,-1.0,-41.0
1776885761.1871028,6.0,1.0,-47.0
1776885761.1971028,8.0,1.0,-44.0
1776885761.2071028,14.0,-3.0,-47.0
1776885761.2171028,14.0,-4.0,-47.0
1776885761.2271028,11.0,-7.0,-44.0
1776885761.2371027,15.0,-9.0,-36.0
1776885761.2471027,13.0,-11.0,-36.0
1776885761.2571027,9.0,-9.0,-35.0
1776885761.2671027,6.0,-5.0,-33.0
1776885761.2771027,1.0,-1.0,-34.0
1776885761.2871027,2.0,0.0,-41.0
1776885761.2971027,5.0,-2.0,-40.0
1776885761.307103,5.0,-5.0,-43.0
1776885761.317103,2.0,-3.0,-40.0
1776885761.327103,2.0,-7.0,-37.0
1776885761.337103,3.0,-10.0,-38.0
1776885761.3471026,5.0,-14.0,-39.0
1776885761.3571026,3.0,-11.0,-41.0
1776885761.3671026,4.0,-10.0,-37.0
1776885761.3771029,2.0,-9.0,-36.0
1776885761.3871028,5.0,-5.0,-33.0
1776885761.3971028,6.0,0.0,-30.0
1776885761.4071028,8.0,0.0,-27.0
1776885761.4171028,6.0,0.0,-43.0
1776885761.4271028,3.0,-2.0,-44.0
1776885761.4371028,7.0,-5.0,-47.0
1776885761.4471028,8.0,-4.0,-44.0
1776885761.4571028,5.0,-6.0,-44.0
1776885761.4671028,0.0,-7.0,-43.0
1776885761.4771028,-1.0,-7.0,-38.0
1776885761.4871027,-1.0,-7.0,-33.0
1776885761.4971027,-1.0,-6.0,-36.0
1776885761.5071027,-3.0,-7.0,-36.0
1776885761.5171027,-3.0,-6.0,-37.0
1776885761.5271027,0.0,-7.0,-47.0
1776885761.5371027,0.0,-6.0,-42.0
1776885761.5471027,0.0,0.0,-43.0
1776885761.557103,-4.0,-2.0,-39.0
1776885761.567103,-2.0,-3.0,-38.0
1776885761.577103,-4.0,-6.0,-33.0
1776885761.587103,-5.0,-5.0,-34.0
1776885761.5971026,-4.0,-4.0,-28.0
1776885761.6071026,-5.0,-1.0,-38.0
1776885761.6171026,-2.0,-3.0,-38.0
1776885761.6271029,0.0,-5.0,-44.0
1776885761.6371028,-3.0,-5.0,-49.0
1776885761.6471028,-3.0,-5.0,-49.0
1776885761.6571028,-2.0,-5.0,-48.0
1776885761.6671028,-3.0,-4.0,-45.0
1776885761.6771028,-2.0,-1.0,-46.0
1776885761.6871028,0.0,-1.0,-49.0
1776885761.6971028,-1.0,0.0,-46.0
1776885761.7071028,-3.0,0.0,-35.0
1776885761.7171028,-3.0,-1.0,-29.0
1776885761.7271028,-4.0,0.0,-31.0
1776885761.7371027,-5.0,-1.0,-35.0
1776885761.7471027,-3.0,-2.0,-33.0
1776885761.7571027,-2.0,-1.0,-32.0
1776885761.7671027,-2.0,0.0,-37.0
1776885761.7771027,-4.0,0.0,-33.0
1776885761.7871027,-4.0,-3.0,-28.0
1776885761.7971027,-3.0,-4.0,-24.0
1776885761.807103,1.0,1.0,-30.0
1776885761.817103,2.0,2.0,-33.0
1776885761.827103,5.0,2.0,-37.0
1776885761.837103,4.0,0.0,-37.0
1776885761.8471026,6.0,0.0,-37.0
1776885761.8571026,3.0,0.0,-34.0
1776885761.8671026,0.0,-1.0,-35.0
1776885761.8771029,0.0,-2.0,-37.0
1776885761.8871028,1.0,-1.0,-37.0
1776885761.8971028,5.0,0.0,-35.0
1776885761.9071028,6.0,-1.0,-45.0
1776885761.9171028,5.0,0.0,-47.0
1776885761.9271028,5.0,0.0,-43.0
1776885761.9371028,5.0,-4.0,-46.0
1776885761.9471028,6.0,-5.0,-56.0
1776885761.9571028,5.0,-7.0,-49.0
1776885761.9671028,6.0,-7.0,-41.0
1776885761.9771028,1.0,-6.0,-44.0
1776885761.9871027,3.0,-1.0,-41.0
1776885761.9971027,7.0,1.0,-39.0
1776885762.0071027,8.0,2.0,-41.0
1776885762.0171027,5.0,-2.0,-46.0
1776885762.0271027,5.0,-2.0,-45.0
1776885762.0371027,5.0,-1.0,-42.0
1776885762.0471027,7.0,-1.0,-47.0
1776885762.057103,9.0,-6.0,-48.0
1776885762.067103,6.0,-3.0,-44.0
1776885762.077103,10.0,0.0,-42.0
1776885762.087103,6.0,-5.0,-45.0
1776885762.0971026,6.0,-6.0,-49.0
1776885762.1071026,0.0,-4.0,-49.0
1776885762.1171026,0.0,-6.0,-43.0
1776885762.1271029,-3.0,0.0,-45.0
1776885762.1371028,0.0,0.0,-42.0
1776885762.1471028,-2.0,1.0,-45.0
1776885762.1571028,0.0,-3.0,-44.0
1776885762.1671028,2.0,-2.0,-41.0
1776885762.1771028,5.0,1.0,-31.0
1776885762.1871028,2.0,3.0,-27.0
1776885762.1971028,-1.0,2.0,-28.0
1776885762.2071028,0.0,-2.0,-33.0
1776885762.2181027,0.0,-4.0,-33.0
1776885762.2271028,1.0,-3.0,-36.0
1776885762.238103,3.0,-4.0,-40.0
1776885762.248103,-2.0,-4.0,-37.0
1776885762.258103,-2.0,-4.0,-40.0
1776885762.2681026,3.0,-4.0,-35.0
1776885762.2781026,4.0,-2.0,-34.0
1776885762.2881026,8.0,0.0,-34.0
1776885762.2981029,5.0,0.0,-45.0
1776885762.3081028,9.0,0.0,-46.0
1776885762.3181028,10.0,1.0,-45.0
1776885762.3281028,10.0,-1.0,-47.0
1776885762.3381028,5.0,-1.0,-43.0
1776885762.3481028,4.0,-6.0,-38.0
1776885762.3581028,1.0,-3.0,-38.0
1776885762.3681028,5.0,-3.0,-43.0
1776885762.3781028,9.0,-1.0,-40.0
1776885762.3881028,9.0,-4.0,-41.0
1776885762.3981028,8.0,-4.0,-43.0
1776885762.4081028,6.0,-1.0,-46.0
1776885762.4181027,3.0,-5.0,-48.0
1776885762.4281027,5.0,-8.0,-48.0
1776885762.4381027,6.0,-12.0,-52.0
1776885762.4481027,5.0,-14.0,-48.0
1776885762.4581027,4.0,-12.0,-43.0
1776885762.4681027,5.0,-12.0,-47.0
1776885762.4781027,6.0,-8.0,-47.0
1776885762.488103,8.0,-7.0,-44.0
1776885762.498103,5.0,-7.0,-43.0
1776885762.508103,-3.0,-6.0,-49.0
1776885762.5181026,-2.0,-4.0,-53.0
1776885762.5281026,-1.0,-7.0,-46.0
1776885762.5381026,1.0,-5.0,-40.0
1776885762.5481029,2.0,-8.0,-42.0
1776885762.5581028,3.0,-9.0,-47.0
1776885762.5681028,4.0,-5.0,-42.0
1776885762.5781028,7.0,-3.0,-34.0
1776885762.5881028,8.0,-2.0,-34.0
1776885762.5981028,5.0,-5.0,-34.0
1776885762.6081028,6.0,-10.0,-30.0
1776885762.6181028,8.0,-15.0,-32.0
1776885762.6281028,7.0,-13.0,-35.0
1776885762.6381028,4.0,-9.0,-39.0
1776885762.6481028,4.0,-1.0,-37.0
1776885762.6581028,3.0,-1.0,-37.0
1776885762.6681027,4.0,0.0,-42.0
1776885762.6781027,4.0,0.0,-46.0
1776885762.6881027,2.0,-2.0,-47.0
1776885762.6981027,3.0,-1.0,-47.0
1776885762.7081027,4.0,2.0,-48.0
1776885762.7181027,1.0,4.0,-49.0
1776885762.7281027,0.0,2.0,-48.0
1776885762.738103,-3.0,0.0,-44.0
1776885762.748103,-3.0,-2.0,-43.0
1776885762.758103,-2.0,-5.0,-36.0
1776885762.7681026,-1.0,-7.0,-31.0
1776885762.7781026,-2.0,-5.0,-29.0
1776885762.7881026,0.0,-3.0,-36.0
1776885762.7981029,0.0,-5.0,-47.0
1776885762.8081028,-2.0,-5.0,-48.0
1776885762.8181028,-2.0,-2.0,-51.0
1776885762.8281028,-1.0,0.0,-46.0
1776885762.8381028,-3.0,0.0,-41.0
1776885762.8481028,-5.0,-3.0,-35.0
1776885762.8581028,-6.0,-4.0,-38.0
1776885762.8681028,-5.0,-1.0,-35.0
1776885762.8781028,-2.0,0.0,-31.0
1776885762.8881028,0.0,-4.0,-33.0
1776885762.8981028,2.0,-7.0,-36.0
1776885762.9081028,-3.0,-4.0,-31.0
1776885762.9181027,-2.0,-3.0,-36.0
1776885762.9281027,2.0,0.0,-35.0
1776885762.9381027,2.0,-1.0,-35.0
1776885762.9481027,3.0,-2.0,-33.0
1776885762.9581027,6.0,-5.0,-32.0
1776885762.9681027,5.0,-2.0,-37.0
1776885762.9781027,2.0,-4.0,-42.0
1776885762.988103,-3.0,-1.0,-39.0
1776885762.998103,-3.0,-2.0,-40.0
1776885763.008103,1.0,-5.0,-41.0
1776885763.0181026,-2.0,-6.0,-39.0
1776885763.0281026,-2.0,-4.0,-41.0
1776885763.0381026,0.0,-1.0,-33.0
1776885763.0481029,-2.0,-2.0,-34.0
1776885763.0581028,-11.0,0.0,-40.0
1776885763.0681028,-9.0,2.0,-33.0
1776885763.0781028,-5.0,-2.0,-39.0
1776885763.0881028,-2.0,-4.0,-39.0
1776885763.0981028,-5.0,-4.0,-37.0
1776885763.1081028,-3.0,2.0,-35.0
1776885763.1181028,-1.0,3.0,-40.0
1776885763.1281028,4.0,-1.0,-42.0
1776885763.1381028,0.0,-4.0,-39.0
1776885763.1481028,1.0,-5.0,-42.0
1776885763.1581028,4.0,-6.0,-36.0
1776885763.1681027,8.0,-6.0,-40.0
1776885763.1781027,8.0,-2.0,-40.0
1776885763.1881027,7.0,0.0,-35.0
1776885763.1981027,7.0,1.0,-37.0
1776885763.2081027,5.0,1.0,-37.0
1776885763.2181027,3.0,0.0,-36.0
1776885763.2281027,0.0,5.0,-32.0
1776885763.238103,-1.0,4.0,-38.0
1776885763.248103,1.0,3.0,-43.0
1776885763.258103,0.0,-1.0,-36.0
1776885763.2681026,0.0,-2.0,-31.0
1776885763.2781026,3.0,-3.0,-30.0
1776885763.2881026,0.0,-4.0,-37.0
1776885763.2981029,0.0,-3.0,-33.0
1776885763.3081028,1.0,-4.0,-34.0
1776885763.3181028,0.0,-2.0,-32.0
1776885763.3281028,0.0,-3.0,-33.0
1776885763.3381028,-1.0,-4.0,-37.0
1776885763.3481028,2.0,-2.0,-43.0
1776885763.3581028,1.0,3.0,-43.0
1776885763.3681028,1.0,3.0,-44.0
1776885763.3781028,2.0,0.0,-48.0
1776885763.3881028,0.0,-2.0,-48.0
1776885763.3981028,3.0,-4.0,-43.0
1776885763.4081028,5.0,-4.0,-45.0
1776885763.4181027,5.0,0.0,-48.0
1776885763.4281027,4.0,-1.0,-45.0
1776885763.4381027,6.0,-2.0,-41.0
1776885763.4481027,6.0,0.0,-39.0
1776885763.4581027,3.0,-1.0,-36.0
1776885763.4681027,5.0,-1.0,-36.0
1776885763.4781027,6.0,0.0,-47.0
1776885763.488103,3.0,-1.0,-43.0
1776885763.498103,-3.0,-2.0,-47.0
1776885763.508103,-3.0,-5.0,-46.0
1776885763.5181026,-2.0,-2.0,-44.0
1776885763.5281026,0.0,-1.0,-40.0
1776885763.5381026,-2.0,-2.0,-38.0
1776885763.5481029,0.0,-7.0,-26.0
1776885763.5581028,0.0,-2.0,-22.0
1776885763.5681028,1.0,-3.0,-27.0
1776885763.5781028,-2.0,0.0,-27.0
1776885763.5881028,0.0,2.0,-25.0
1776885763.5981028,3.0,1.0,-29.0
1776885763.6081028,2.0,5.0,-31.0
1776885763.6181028,1.0,3.0,-30.0
1776885763.6281028,5.0,2.0,-31.0
1776885763.6381028,5.0,4.0,-38.0
1776885763.6481028,7.0,2.0,-42.0
1776885763.6581028,4.0,-1.0,-50.0
1776885763.6681027,1.0,-2.0,-43.0
1776885763.6781027,0.0,-3.0,-38.0
1776885763.6881027,-1.0,-4.0,-37.0
1776885763.6981027,-9.0,-2.0,-36.0
1776885763.7081027,-9.0,-2.0,-36.0
1776885763.7181027,-3.0,-2.0,-40.0
1776885763.7281027,1.0,0.0,-45.0
1776885763.738103,3.0,-2.0,-40.0
1776885763.748103,4.0,-2.0,-33.0
1776885763.758103,6.0,-4.0,-37.0
1776885763.7681026,7.0,1.0,-39.0
1776885763.7781026,0.0,1.0,-40.0
1776885763.7881026,-1.0,2.0,-41.0
1776885763.7981029,-1.0,1.0,-39.0
1776885763.8081028,1.0,-1.0,-40.0
1776885763.8181028,3.0,0.0,-39.0
1776885763.8281028,1.0,0.0,-36.0
1776885763.8381028,0.0,0.0,-39.0
1776885763.8481028,1.0,0.0,-39.0
1776885763.8581028,1.0,1.0,-36.0
1776885763.8681028,-2.0,0.0,-34.0
1776885763.8781028,-2.0,-2.0,-29.0
1776885763.8881028,2.0,-5.0,-28.0
1776885763.8981028,0.0,-2.0,-34.0
1776885763.9081028,0.0,-2.0,-37.0
1776885763.9181027,1.0,-3.0,-38.0
1776885763.9281027,4.0,-1.0,-42.0
1776885763.9381027,5.0,0.0,-43.0
1776885763.9481027,6.0,0.0,-47.0
1776885763.9581027,3.0,2.0,-49.0
1776885763.9681027,0.0,2.0,-43.0
1776885763.9781027,1.0,2.0,-43.0
1776885763.988103,2.0,1.0,-42.0
1776885763.998103,1.0,1.0,-44.0
1776885764.008103,4.0,0.0,-43.0
1776885764.0181026,3.0,-2.0,-49.0
1776885764.0281026,1.0,-4.0,-43.0
1776885764.0381026,1.0,-7.0,-37.0
1776885764.0481029,3.0,-6.0,-38.0
1776885764.0581028,4.0,-3.0,-36.0
1776885764.0681028,6.0,0.0,-37.0
1776885764.0781028,3.0,-1.0,-40.0
1776885764.0881028,0.0,-3.0,-38.0
1776885764.0981028,4.0,-10.0,-39.0
1776885764.1081028,2.0,-4.0,-34.0
1776885764.1181028,-1.0,0.0,-43.0
1776885764.1281028,-3.0,0.0,-45.0
1776885764.1381028,-3.0,0.0,-44.0
1776885764.1481028,-5.0,0.0,-42.0
1776885764.1581028,-4.0,0.0,-42.0
1776885764.1681027,0.0,4.0,-37.0
1776885764.179103,0.0,5.0,-40.0
1776885764.1881027,0.0,7.0,-46.0
1776885764.1981027,0.0,6.0,-52.0
1776885764.2091026,-3.0,1.0,-55.0
1776885764.2181027,-9.0,-4.0,-48.0
1776885764.2291028,-7.0,-4.0,-47.0
1776885764.2391028,-11.0,-5.0,-44.0
1776885764.2491028,-12.0,-1.0,-34.0
1776885764.2591028,-9.0,0.0,-29.0
1776885764.2691028,-8.0,-1.0,-30.0
1776885764.2791028,-8.0,0.0,-29.0
1776885764.2891028,-3.0,-2.0,-33.0
1776885764.2991028,-5.0,-9.0,-33.0
1776885764.3091028,-7.0,-8.0,-31.0
1776885764.3191028,-5.0,-5.0,-35.0
1776885764.3291028,4.0,-4.0,-35.0
1776885764.3391027,5.0,-2.0,-30.0
1776885764.3491027,5.0,-1.0,-36.0
1776885764.3591027,3.0,-2.0,-36.0
1776885764.3691027,5.0,0.0,-36.0
1776885764.3791027,0.0,-2.0,-43.0
1776885764.3891027,0.0,-1.0,-39.0
1776885764.3991027,1.0,-3.0,-37.0
1776885764.409103,0.0,-6.0,-30.0
1776885764.419103,5.0,-5.0,-27.0
1776885764.429103,1.0,-5.0,-33.0
1776885764.4391026,0.0,-5.0,-35.0
1776885764.4491026,0.0,-3.0,-34.0
1776885764.4591026,0.0,-4.0,-36.0
1776885764.4691026,3.0,-5.0,-36.0
1776885764.4791028,8.0,-1.0,-35.0
1776885764.4891028,1.0,1.0,-33.0
1776885764.4991028,-2.0,1.0,-32.0
1776885764.5091028,-1.0,0.0,-29.0
1776885764.5191028,1.0,-4.0,-37.0
1776885764.5291028,6.0,-1.0,-33.0
1776885764.5391028,10.0,0.0,-41.0
1776885764.5491028,10.0,4.0,-45.0
1776885764.5591028,8.0,1.0,-42.0
1776885764.5691028,4.0,-1.0,-48.0
1776885764.5791028,0.0,-4.0,-51.0
1776885764.5891027,0.0,-7.0,-48.0
1776885764.5991027,-1.0,-5.0,-46.0
1776885764.6091027,0.0,-6.0,-39.0
1776885764.6191027,0.0,-4.0,-39.0
1776885764.6291027,0.0,-2.0,-39.0
1776885764.6391027,5.0,0.0,-39.0
1776885764.6491027,8.0,-4.0,-35.0
1776885764.659103,8.0,-3.0,-33.0
1776885764.669103,7.0,-6.0,-29.0
1776885764.679103,4.0,-1.0,-37.0
1776885764.6891026,2.0,4.0,-41.0
1776885764.6991026,-2.0,3.0,-41.0
1776885764.7091026,0.0,0.0,-37.0
1776885764.7191026,1.0,0.0,-32.0
1776885764.7291028,0.0,2.0,-33.0
1776885764.7391028,0.0,2.0,-38.0
1776885764.7491028,2.0,3.0,-35.0
1776885764.7591028,2.0,1.0,-38.0
1776885764.7691028,1.0,6.0,-41.0
1776885764.7791028,0.0,4.0,-43.0
1776885764.7891028,0.0,3.0,-44.0
1776885764.7991028,-2.0,2.0,-46.0
1776885764.8091028,0.0,7.0,-45.0
1776885764.8191028,-2.0,5.0,-46.0
1776885764.8291028,-2.0,1.0,-43.0
1776885764.8391027,0.0,0.0,-44.0
1776885764.8491027,-1.0,0.0,-41.0
1776885764.8591027,0.0,0.0,-34.0
1776885764.8691027,-4.0,-1.0,-36.0
1776885764.8791027,0.0,-6.0,-40.0
1776885764.8891027,2.0,-2.0,-46.0
1776885764.8991027,4.0,0.0,-47.0
1776885764.909103,6.0,3.0,-45.0
1776885764.919103,3.0,0.0,-40.0
1776885764.929103,1.0,-1.0,-45.0
1776885764.9391026,1.0,3.0,-42.0
1776885764.9491026,4.0,0.0,-34.0
1776885764.9591026,4.0,0.0,-29.0
1776885764.9691026,0.0,-2.0,-32.0
1776885764.9791028,-3.0,-6.0,-33.0
1776885764.9891028,-4.0,-4.0,-38.0
1776885764.9991028,-3.0,-1.0,-41.0
1776885765.0091028,-4.0,4.0,-39.0
1776885765.0191028,-4.0,5.0,-38.0
1776885765.0291028,-1.0,4.0,-37.0
1776885765.0391028,-4.0,2.0,-37.0
1776885765.0491028,-3.0,0.0,-32.0
1776885765.0591028,-1.0,1.0,-38.0
1776885765.0691028,3.0,2.0,-36.0
1776885765.0791028,4.0,0.0,-34.0
1776885765.0891027,0.0,1.0,-31.0
1776885765.0991027,2.0,4.0,-28.0
1776885765.1091027,5.0,10.0,-29.0
1776885765.1191027,2.0,9.0,-26.0
1776885765.1291027,2.0,6.0,-39.0
1776885765.1391027,3.0,7.0,-41.0
1776885765.1491027,1.0,6.0,-41.0
1776885765.159103,0.0,8.0,-40.0
1776885765.169103,-1.0,7.0,-44.0
1776885765.179103,-3.0,10.0,-41.0
1776885765.1891026,-1.0,5.0,-39.0
1776885765.1991026,-3.0,0.0,-36.0
1776885765.2091026,-4.0,-1.0,-36.0
1776885765.2201028,-3.0,0.0,-43.0
1776885765.2291028,-5.0,-1.0,-49.0
1776885765.2391028,-3.0,-1.0,-52.0
1776885765.2491028,0.0,-3.0,-57.0
1776885765.2591028,0.0,-2.0,-48.0
1776885765.2691028,0.0,0.0,-47.0
1776885765.2791028,1.0,0.0,-43.0
1776885765.2891028,3.0,3.0,-42.0
1776885765.2991028,3.0,4.0,-44.0
1776885765.3091028,0.0,1.0,-44.0
1776885765.3191028,0.0,0.0,-43.0
1776885765.3291028,-1.0,0.0,-39.0
1776885765.3391027,0.0,-2.0,-38.0
1776885765.3491027,5.0,-6.0,-37.0
1776885765.3591027,4.0,-4.0,-38.0
1776885765.3691027,2.0,-5.0,-36.0
1776885765.3791027,1.0,-3.0,-40.0
1776885765.3891027,2.0,-3.0,-50.0
1776885765.3991027,0.0,-3.0,-52.0
1776885765.409103,-4.0,-5.0,-47.0
1776885765.419103,0.0,-5.0,-41.0
1776885765.429103,0.0,-3.0,-41.0
1776885765.4391026,-1.0,0.0,-39.0
1776885765.4491026,-3.0,4.0,-36.0
1776885765.4591026,-3.0,4.0,-29.0
1776885765.4691026,0.0,1.0,-37.0
1776885765.4791028,-1.0,5.0,-36.0
1776885765.4891028,-2.0,3.0,-44.0
1776885765.4991028,-4.0,7.0,-47.0
1776885765.5091028,-2.0,6.0,-50.0
1776885765.5191028,-5.0,3.0,-52.0
1776885765.5291028,-5.0,0.0,-52.0
1776885765.5391028,-5.0,0.0,-47.0
1776885765.5491028,-7.0,-1.0,-44.0
1776885765.5591028,-6.0,-2.0,-45.0
1776885765.5691028,-8.0,0.0,-46.0
1776885765.5791028,-12.0,-1.0,-45.0
1776885765.5891027,-8.0,0.0,-48.0
1776885765.5991027,-7.0,1.0,-50.0
1776885765.6091027,-4.0,0.0,-55.0
1776885765.6191027,-5.0,0.0,-53.0
1776885765.6291027,-2.0,1.0,-54.0
1776885765.6391027,-1.0,1.0,-44.0
1776885765.6491027,0.0,1.0,-43.0
1776885765.659103,1.0,0.0,-37.0
1776885765.669103,0.0,-4.0,-43.0
1776885765.679103,-3.0,-1.0,-44.0
1776885765.6891026,0.0,0.0,-39.0
1776885765.6991026,0.0,0.0,-37.0
1776885765.7091026,1.0,1.0,-33.0
1776885765.7191026,1.0,-1.0,-32.0
1776885765.7291028,3.0,-5.0,-33.0
1776885765.7391028,6.0,-3.0,-32.0
1776885765.7491028,5.0,-4.0,-34.0
1776885765.7591028,7.0,-2.0,-36.0
1776885765.7691028,6.0,0.0,-35.0
1776885765.7791028,8.0,1.0,-42.0
1776885765.7891028,6.0,2.0,-40.0
1776885765.7991028,6.0,-2.0,-43.0
1776885765.8091028,1.0,-4.0,-42.0
1776885765.8191028,-3.0,-2.0,-37.0
1776885765.8291028,1.0,2.0,-35.0
1776885765.8391027,2.0,0.0,-29.0
1776885765.8491027,4.0,-2.0,-34.0
1776885765.8591027,3.0,-4.0,-42.0
1776885765.8691027,6.0,-4.0,-44.0
1776885765.8791027,3.0,-2.0,-50.0
1776885765.8891027,3.0,-6.0,-51.0
1776885765.8991027,0.0,-9.0,-48.0
1776885765.909103,0.0,-4.0,-44.0
1776885765.919103,0.0,-6.0,-38.0
1776885765.929103,0.0,-2.0,-38.0
1776885765.9391026,3.0,-2.0,-42.0
1776885765.9491026,1.0,0.0,-39.0
1776885765.9591026,4.0,-1.0,-42.0
1776885765.9691026,3.0,0.0,-44.0
1776885765.9791028,1.0,-1.0,-45.0
1776885765.9891028,3.0,-2.0,-45.0
1776885765.9991028,3.0,-4.0,-49.0
1776885766.0091028,-1.0,-5.0,-46.0
1776885766.0191028,-1.0,-7.0,-50.0
1776885766.0291028,1.0,-6.0,-51.0
1776885766.0391028,3.0,-2.0,-54.0
1776885766.0491028,-3.0,-4.0,-56.0
1776885766.0591028,-4.0,-2.0,-56.0
1776885766.0691028,-5.0,-6.0,-54.0
1776885766.0791028,-2.0,-9.0,-48.0
1776885766.0891027,-5.0,-7.0,-45.0
1776885766.0991027,0.0,0.0,-48.0
1776885766.1091027,-1.0,-5.0,-52.0
1776885766.1191027,0.0,-4.0,-52.0
1776885766.1291027,-1.0,-7.0,-53.0
1776885766.1391027,0.0,-4.0,-59.0
1776885766.1491027,0.0,-3.0,-67.0
1776885766.159103,-3.0,-1.0,-59.0
1776885766.169103,-3.0,-3.0,-55.0
1776885766.1801028,-3.0,-3.0,-53.0
1776885766.1891026,1.0,-4.0,-50.0
1776885766.2001028,0.0,-4.0,-49.0
1776885766.2091026,0.0,-2.0,-55.0
1776885766.2201028,0.0,-4.0,-54.0
1776885766.2301028,-1.0,0.0,-47.0
1776885766.2401028,0.0,0.0,-45.0
1776885766.2501028,0.0,1.0,-39.0
1776885766.2601027,0.0,0.0,-37.0
1776885766.2701027,-2.0,-5.0,-39.0
1776885766.2801027,-1.0,-2.0,-45.0
1776885766.2901027,1.0,-3.0,-38.0
1776885766.3001027,1.0,-8.0,-37.0
1776885766.3101027,-2.0,-7.0,-39.0
1776885766.3201027,-1.0,-9.0,-36.0
1776885766.3301027,-4.0,-12.0,-32.0
1776885766.340103,-3.0,-12.0,-36.0
1776885766.350103,-1.0,-12.0,-38.0
1776885766.360103,-5.0,-4.0,-42.0
1776885766.3701026,0.0,-1.0,-47.0
1776885766.3801026,5.0,1.0,-47.0
1776885766.3901026,7.0,3.0,-41.0
1776885766.4001029,7.0,2.0,-38.0
1776885766.4101028,3.0,0.0,-35.0
1776885766.4201028,-2.0,0.0,-36.0
1776885766.4301028,-3.0,-1.0,-44.0
1776885766.4401028,-6.0,0.0,-40.0
1776885766.4501028,-9.0,5.0,-40.0
1776885766.4601028,-3.0,4.0,-44.0
1776885766.4701028,-1.0,4.0,-43.0
1776885766.4801028,-1.0,4.0,-43.0
1776885766.4901028,-3.0,5.0,-46.0
1776885766.5001028,-5.0,1.0,-47.0
1776885766.5101027,-1.0,0.0,-50.0
1776885766.5201027,-1.0,-1.0,-52.0
1776885766.5301027,1.0,0.0,-51.0
1776885766.5401027,0.0,-3.0,-56.0
1776885766.5501027,-1.0,-3.0,-53.0
1776885766.5601027,-1.0,-1.0,-45.0
1776885766.5701027,-5.0,-1.0,-40.0
1776885766.5801027,-1.0,-3.0,-37.0
1776885766.590103,2.0,0.0,-30.0
1776885766.600103,4.0,0.0,-33.0
1776885766.610103,5.0,0.0,-33.0
1776885766.6201026,1.0,1.0,-31.0
1776885766.6301026,-1.0,2.0,-40.0
1776885766.6401026,-3.0,4.0,-45.0
1776885766.6501029,-2.0,1.0,-41.0
1776885766.6601028,-2.0,3.0,-42.0
1776885766.6701028,-2.0,2.0,-42.0
1776885766.6801028,-6.0,3.0,-46.0
1776885766.6901028,-6.0,0.0,-39.0
1776885766.7001028,-6.0,-5.0,-37.0
1776885766.7101028,-5.0,-3.0,-34.0
1776885766.7201028,-5.0,-2.0,-31.0
1776885766.7301028,-4.0,-6.0,-37.0
1776885766.7401028,0.0,-6.0,-41.0
1776885766.7501028,-2.0,-3.0,-36.0
1776885766.7601027,-3.0,1.0,-42.0
1776885766.7701027,-1.0,3.0,-39.0
1776885766.7801027,-1.0,0.0,-38.0
1776885766.7901027,2.0,-2.0,-36.0
1776885766.8001027,1.0,-3.0,-38.0
1776885766.8101027,6.0,-5.0,-42.0
1776885766.8201027,6.0,-1.0,-41.0
1776885766.8301027,1.0,-1.0,-42.0
1776885766.840103,0.0,-4.0,-43.0
1776885766.850103,3.0,-3.0,-43.0
1776885766.860103,7.0,-1.0,-38.0
1776885766.8701026,4.0,0.0,-36.0
1776885766.8801026,7.0,0.0,-32.0
1776885766.8901026,8.0,0.0,-36.0
1776885766.9001029,5.0,0.0,-41.0
1776885766.9101028,0.0,0.0,-47.0
1776885766.9201028,1.0,0.0,-42.0
1776885766.9301028,0.0,-1.0,-38.0
1776885766.9401028,0.0,0.0,-38.0
1776885766.9501028,3.0,-4.0,-36.0
1776885766.9601028,5.0,-5.0,-41.0
1776885766.9701028,1.0,-1.0,-41.0
1776885766.9801028,0.0,-3.0,-47.0
1776885766.9901028,1.0,0.0,-41.0
1776885767.0001028,3.0,-3.0,-39.0
1776885767.0101027,3.0,-2.0,-30.0
1776885767.0201027,1.0,-2.0,-32.0
1776885767.0301027,1.0,-3.0,-37.0
1776885767.0401027,1.0,1.0,-39.0
1776885767.0501027,-2.0,1.0,-42.0
1776885767.0601027,-3.0,4.0,-43.0
1776885767.0701027,-4.0,3.0,-44.0
1776885767.0801027,0.0,2.0,-51.0
1776885767.090103,-1.0,2.0,-49.0
1776885767.100103,-1.0,0.0,-50.0
1776885767.110103,-1.0,0.0,-51.0
1776885767.1201026,-6.0,0.0,-44.0
1776885767.1301026,-8.0,0.0,-35.0
1776885767.1401026,-7.0,1.0,-38.0
1776885767.1501029,-4.0,4.0,-38.0
1776885767.1601028,-5.0,1.0,-39.0
1776885767.1701028,-7.0,0.0,-46.0
1776885767.1801028,-5.0,6.0,-51.0
1776885767.1901028,0.0,4.0,-52.0
1776885767.2001028,2.0,1.0,-49.0
1776885767.2101028,6.0,0.0,-44.0
1776885767.2201028,2.0,0.0,-40.0
1776885767.2301028,2.0,0.0,-35.0
1776885767.2401028,2.0,0.0,-35.0
1776885767.2501028,1.0,1.0,-38.0
1776885767.2601027,1.0,2.0,-40.0
1776885767.2701027,0.0,3.0,-43.0
1776885767.2801027,1.0,2.0,-46.0
1776885767.2901027,1.0,1.0,-47.0
1776885767.3001027,-2.0,3.0,-43.0
1776885767.3101027,1.0,5.0,-46.0
1776885767.3201027,0.0,0.0,-45.0
1776885767.3301027,0.0,-3.0,-45.0
1776885767.340103,1.0,-5.0,-45.0
1776885767.350103,3.0,-7.0,-50.0
1776885767.360103,5.0,-8.0,-51.0
1776885767.3701026,2.0,-6.0,-52.0
1776885767.3801026,2.0,-4.0,-56.0
1776885767.3901026,4.0,0.0,-51.0
1776885767.4001029,4.0,2.0,-47.0
1776885767.4101028,1.0,2.0,-42.0
1776885767.4201028,-1.0,0.0,-47.0
1776885767.4301028,-5.0,0.0,-49.0
1776885767.4401028,-3.0,0.0,-51.0
1776885767.4501028,0.0,-1.0,-45.0
1776885767.4601028,-1.0,0.0,-44.0
1776885767.4701028,0.0,-1.0,-47.0
1776885767.4801028,0.0,-1.0,-53.0
1776885767.4901028,0.0,1.0,-52.0
1776885767.5001028,0.0,0.0,-49.0
1776885767.5101027,0.0,-1.0,-45.0
1776885767.5201027,-4.0,2.0,-44.0
1776885767.5301027,-8.0,0.0,-48.0
1776885767.5401027,-9.0,-1.0,-48.0
1776885767.5501027,-9.0,-1.0,-54.0
1776885767.5601027,-4.0,-2.0,-53.0
1776885767.5701027,-1.0,-1.0,-54.0
1776885767.5801027,0.0,-3.0,-47.0
1776885767.590103,2.0,-2.0,-52.0
1776885767.600103,2.0,-1.0,-52.0
1776885767.610103,2.0,1.0,-56.0
1776885767.6201026,2.0,0.0,-61.0
1776885767.6301026,3.0,0.0,-57.0
1776885767.6401026,5.0,0.0,-52.0
1776885767.6501029,7.0,0.0,-48.0
1776885767.6601028,5.0,0.0,-48.0
1776885767.6701028,1.0,-2.0,-45.0
1776885767.6801028,0.0,-4.0,-39.0
1776885767.6901028,-3.0,-6.0,-39.0
1776885767.7001028,-3.0,-3.0,-32.0
1776885767.7101028,-2.0,-7.0,-26.0
1776885767.7201028,-4.0,-6.0,-32.0
1776885767.7301028,-10.0,-3.0,-36.0
1776885767.7401028,-6.0,-3.0,-34.0
1776885767.7501028,-3.0,-3.0,-32.0
1776885767.7601027,-1.0,-2.0,-37.0
1776885767.7701027,1.0,-3.0,-41.0
1776885767.7801027,1.0,-2.0,-42.0
1776885767.7901027,-2.0,-4.0,-39.0
1776885767.8001027,0.0,-6.0,-42.0
1776885767.8101027,2.0,-5.0,-42.0
1776885767.8201027,0.0,-5.0,-41.0
1776885767.8301027,-2.0,-1.0,-39.0
1776885767.840103,0.0,-1.0,-33.0
1776885767.850103,2.0,0.0,-38.0
1776885767.860103,0.0,-4.0,-40.0
1776885767.8701026,-3.0,-3.0,-39.0
1776885767.8801026,-9.0,-4.0,-38.0
1776885767.8901026,-8.0,-6.0,-31.0
1776885767.9001029,-7.0,-5.0,-36.0
1776885767.9101028,0.0,-4.0,-38.0
1776885767.9201028,1.0,-4.0,-41.0
1776885767.9301028,5.0,-4.0,-39.0
1776885767.9401028,4.0,-3.0,-40.0
1776885767.9501028,5.0,-1.0,-43.0
1776885767.9601028,3.0,-2.0,-41.0
1776885767.9701028,3.0,1.0,-39.0
1776885767.9801028,1.0,4.0,-38.0
1776885767.9901028,0.0,7.0,-36.0
1776885768.0001028,0.0,4.0,-40.0
1776885768.0101027,0.0,4.0,-42.0
1776885768.0201027,-5.0,3.0,-45.0
1776885768.0301027,-5.0,0.0,-44.0
1776885768.0401027,1.0,0.0,-40.0
1776885768.0501027,0.0,0.0,-42.0
1776885768.0601027,0.0,3.0,-45.0
1776885768.0701027,0.0,3.0,-47.0
1776885768.0801027,3.0,2.0,-43.0
1776885768.090103,4.0,1.0,-40.0
1776885768.100103,9.0,0.0,-43.0
1776885768.110103,8.0,0.0,-42.0
1776885768.1201026,2.0,0.0,-38.0
1776885768.1301026,6.0,4.0,-36.0
1776885768.1401026,7.0,5.0,-35.0
1776885768.1501029,8.0,0.0,-37.0
1776885768.1601028,9.0,1.0,-37.0
1776885768.1701028,2.0,3.0,-41.0
1776885768.1801028,0.0,4.0,-37.0
1776885768.1901028,4.0,5.0,-37.0
1776885768.2001028,4.0,3.0,-39.0
1776885768.2111027,5.0,3.0,-34.0
1776885768.2211027,0.0,-3.0,-38.0
1776885768.2311027,-2.0,-3.0,-37.0
1776885768.2411027,-9.0,-2.0,-35.0
1776885768.2511027,-12.0,-2.0,-34.0
1776885768.261103,-10.0,0.0,-31.0
1776885768.271103,-11.0,2.0,-30.0
1776885768.281103,-13.0,0.0,-37.0
1776885768.2911026,-10.0,4.0,-38.0
1776885768.3011026,-9.0,4.0,-41.0
1776885768.3111026,-9.0,0.0,-38.0
1776885768.3211029,-10.0,-4.0,-36.0
1776885768.3311028,-12.0,-3.0,-33.0
1776885768.3411028,-12.0,-6.0,-35.0
1776885768.3511028,-13.0,-4.0,-38.0
1776885768.3611028,-10.0,-2.0,-38.0
1776885768.3711028,-6.0,-2.0,-39.0
1776885768.3811028,-7.0,-1.0,-39.0
1776885768.3911028,-8.0,-3.0,-45.0
1776885768.4011028,-5.0,-3.0,-43.0
1776885768.4111028,-7.0,-4.0,-41.0
1776885768.4211028,-5.0,-3.0,-41.0
1776885768.4311028,-5.0,-3.0,-40.0
1776885768.4411027,-6.0,-6.0,-37.0
1776885768.4511027,-2.0,-10.0,-36.0
1776885768.4611027,0.0,-11.0,-25.0
1776885768.4711027,1.0,-5.0,-25.0
1776885768.4811027,-1.0,-4.0,-25.0
1776885768.4911027,0.0,-3.0,-24.0
1776885768.5011027,-3.0,0.0,-31.0
1776885768.511103,-3.0,2.0,-35.0
1776885768.521103,-2.0,2.0,-32.0
1776885768.531103,0.0,0.0,-34.0
1776885768.5411026,0.0,-4.0,-32.0
1776885768.5511026,-1.0,-1.0,-32.0
1776885768.5611026,-5.0,0.0,-30.0
1776885768.5711029,-5.0,-1.0,-32.0
1776885768.5811028,-6.0,0.0,-35.0
1776885768.5911028,-3.0,-3.0,-39.0
1776885768.6011028,-3.0,-1.0,-38.0
1776885768.6111028,-2.0,0.0,-43.0
1776885768.6211028,3.0,0.0,-48.0
1776885768.6311028,1.0,-3.0,-41.0
1776885768.6411028,0.0,-5.0,-34.0
1776885768.6511028,1.0,-2.0,-33.0
1776885768.6611028,0.0,-2.0,-34.0
1776885768.6711028,-6.0,-2.0,-35.0
1776885768.6811028,-8.0,2.0,-43.0
1776885768.6911027,-5.0,2.0,-39.0
1776885768.7011027,-7.0,-1.0,-37.0
1776885768.7111027,-10.0,-3.0,-36.0
1776885768.7211027,-10.0,-2.0,-42.0
1776885768.7311027,-4.0,-3.0,-46.0
1776885768.7411027,-3.0,-4.0,-53.0
1776885768.7511027,-3.0,-6.0,-47.0
1776885768.761103,0.0,-9.0,-49.0
1776885768.771103,-1.0,-11.0,-51.0
1776885768.781103,-1.0,-2.0,-43.0
1776885768.7911026,2.0,-1.0,-44.0
1776885768.8011026,1.0,-1.0,-43.0
1776885768.8111026,1.0,-2.0,-43.0
1776885768.8211029,0.0,1.0,-37.0
1776885768.8311028,-1.0,0.0,-35.0
1776885768.8411028,-2.0,-1.0,-41.0
1776885768.8511028,-2.0,-4.0,-47.0
1776885768.8611028,-4.0,-7.0,-52.0
1776885768.8711028,-1.0,-4.0,-54.0
1776885768.8811028,2.0,0.0,-50.0
1776885768.8911028,2.0,2.0,-45.0
1776885768.9011028,2.0,4.0,-42.0
1776885768.9111028,3.0,2.0,-44.0
1776885768.9211028,2.0,-3.0,-40.0
1776885768.9311028,2.0,-3.0,-37.0
1776885768.9411027,4.0,-2.0,-42.0
1776885768.9511027,5.0,-6.0,-44.0
1776885768.9611027,2.0,-5.0,-43.0
1776885768.9711027,4.0,-5.0,-38.0
1776885768.9811027,2.0,-3.0,-39.0
1776885768.9911027,4.0,-4.0,-41.0
1776885769.0011027,4.0,0.0,-45.0
1776885769.011103,4.0,0.0,-42.0
1776885769.021103,5.0,-1.0,-45.0
1776885769.031103,7.0,-3.0,-42.0
1776885769.0411026,6.0,-2.0,-48.0
1776885769.0511026,1.0,-1.0,-45.0
1776885769.0611026,3.0,1.0,-47.0
1776885769.0711029,8.0,-1.0,-50.0
1776885769.0811028,5.0,1.0,-48.0
1776885769.0911028,3.0,0.0,-47.0
1776885769.1011028,0.0,0.0,-48.0
1776885769.1111028,0.0,-1.0,-48.0
1776885769.1211028,-1.0,-3.0,-47.0
1776885769.1311028,0.0,-3.0,-41.0
1776885769.1411028,1.0,-1.0,-40.0
1776885769.1511028,2.0,-2.0,-42.0
1776885769.1611028,3.0,0.0,-37.0
1776885769.1711028,2.0,-1.0,-38.0
1776885769.1811028,5.0,0.0,-43.0
1776885769.1911027,3.0,-1.0,-39.0
1776885769.2011027,5.0,0.0,-40.0
1776885769.2111027,5.0,-2.0,-44.0
1776885769.2211027,0.0,-1.0,-46.0
1776885769.2311027,0.0,1.0,-49.0
1776885769.2411027,5.0,0.0,-45.0
1776885769.2511027,8.0,-3.0,-42.0
1776885769.261103,2.0,-3.0,-41.0
1776885769.271103,-1.0,-6.0,-38.0
1776885769.281103,-1.0,-5.0,-40.0
1776885769.2911026,0.0,-5.0,-47.0
1776885769.3011026,2.0,-4.0,-44.0
1776885769.3111026,-1.0,0.0,-49.0
1776885769.3211029,2.0,-2.0,-51.0
1776885769.3311028,4.0,-2.0,-49.0
1776885769.3411028,5.0,-2.0,-47.0
1776885769.3511028,3.0,-1.0,-39.0
1776885769.3611028,3.0,0.0,-31.0
1776885769.3711028,7.0,1.0,-36.0
1776885769.3811028,4.0,0.0,-40.0
1776885769.3911028,0.0,2.0,-38.0
1776885769.4011028,-1.0,0.0,-37.0
1776885769.4111028,-5.0,-1.0,-39.0
1776885769.4211028,-5.0,0.0,-37.0
1776885769.4311028,-2.0,1.0,-36.0
1776885769.4411027,0.0,2.0,-31.0
1776885769.4511027,-4.0,3.0,-30.0
1776885769.4611027,-6.0,1.0,-34.0
1776885769.4711027,-4.0,0.0,-37.0
1776885769.4811027,1.0,-1.0,-43.0
1776885769.4911027,5.0,0.0,-44.0
1776885769.5011027,0.0,3.0,-45.0
1776885769.511103,2.0,0.0,-43.0
1776885769.521103,0.0,-1.0,-40.0
1776885769.531103,-2.0,-4.0,-33.0
1776885769.5411026,-3.0,-4.0,-32.0
1776885769.5511026,0.0,-7.0,-37.0
1776885769.5611026,0.0,-10.0,-43.0
1776885769.5711029,0.0,-9.0,-43.0
1776885769.5811028,1.0,-10.0,-38.0
1776885769.5911028,0.0,-13.0,-38.0
1776885769.6011028,-3.0,-10.0,-38.0
1776885769.6111028,-5.0,-11.0,-38.0
1776885769.6211028,-6.0,-2.0,-31.0
1776885769.6311028,-4.0,-1.0,-38.0
1776885769.6411028,-5.0,3.0,-42.0
1776885769.6511028,-6.0,4.0,-42.0
1776885769.6611028,-5.0,4.0,-45.0
1776885769.6711028,-2.0,2.0,-48.0
1776885769.6811028,-4.0,0.0,-49.0
1776885769.6911027,-3.0,0.0,-43.0
1776885769.7011027,-4.0,3.0,-45.0
1776885769.7111027,-5.0,1.0,-42.0
1776885769.7211027,-6.0,0.0,-43.0
1776885769.7311027,-8.0,1.0,-44.0
1776885769.7411027,-7.0,-2.0,-43.0
1776885769.7511027,-3.0,-2.0,-53.0
1776885769.761103,0.0,-7.0,-55.0
1776885769.771103,-1.0,-4.0,-51.0
1776885769.781103,-1.0,-3.0,-46.0
1776885769.7911026,-3.0,-1.0,-45.0
1776885769.8011026,-2.0,-7.0,-40.0
1776885769.8111026,-7.0,-3.0,-45.0
1776885769.8211029,-6.0,-6.0,-48.0
1776885769.8311028,-6.0,-2.0,-46.0
1776885769.8411028,-6.0,0.0,-45.0
1776885769.8511028,0.0,-1.0,-43.0
1776885769.8611028,1.0,-3.0,-34.0
1776885769.8711028,0.0,-2.0,-37.0
1776885769.8811028,-1.0,-2.0,-38.0
1776885769.8911028,-4.0,-2.0,-38.0
1776885769.9011028,-1.0,0.0,-39.0
1776885769.9111028,1.0,0.0,-39.0
1776885769.9211028,-1.0,-2.0,-41.0
1776885769.9311028,-1.0,-2.0,-43.0
1776885769.9411027,0.0,-3.0,-40.0
1776885769.9511027,-1.0,-6.0,-46.0
1776885769.9611027,1.0,-5.0,-44.0
1776885769.9711027,0.0,0.0,-50.0
1776885769.9811027,3.0,-4.0,-52.0
1776885769.9911027,5.0,0.0,-48.0
1776885770.0011027,2.0,1.0,-40.0
1776885770.011103,0.0,0.0,-38.0
1776885770.021103,0.0,0.0,-40.0
1776885770.031103,-4.0,-6.0,-42.0
1776885770.0411026,-1.0,-2.0,-44.0
1776885770.0511026,2.0,-1.0,-44.0
1776885770.0611026,-1.0,-2.0,-43.0
1776885770.0711029,-1.0,-3.0,-40.0
1776885770.0811028,-1.0,-1.0,-45.0
1776885770.0911028,2.0,1.0,-44.0
1776885770.1011028,2.0,1.0,-47.0
1776885770.1111028,1.0,2.0,-52.0
1776885770.1211028,0.0,0.0,-46.0
1776885770.1311028,-4.0,0.0,-39.0
1776885770.1411028,-2.0,-1.0,-36.0
1776885770.1511028,-2.0,-1.0,-35.0
1776885770.1621027,-2.0,-6.0,-39.0
1776885770.1721027,-3.0,-7.0,-35.0
1776885770.182103,-7.0,-1.0,-36.0
1776885770.192103,-8.0,-5.0,-37.0
1776885770.202103,-8.0,-4.0,-39.0
1776885770.212103,-8.0,-3.0,-41.0
1776885770.2221026,-6.0,0.0,-40.0
1776885770.2321026,-5.0,0.0,-39.0
1776885770.2421026,-7.0,-1.0,-42.0
1776885770.2521029,-7.0,-4.0,-43.0
1776885770.2621028,-8.0,-3.0,-38.0
1776885770.2721028,-7.0,-1.0,-36.0
1776885770.2821028,-4.0,0.0,-39.0
1776885770.2921028,-5.0,2.0,-38.0
1776885770.3021028,-4.0,0.0,-39.0
1776885770.3121028,0.0,-2.0,-41.0
1776885770.3221028,-1.0,-3.0,-40.0
1776885770.3321028,-1.0,-2.0,-40.0
1776885770.3421028,-4.0,-7.0,-43.0
1776885770.3521028,0.0,-11.0,-44.0
1776885770.3621027,3.0,-10.0,-46.0
1776885770.3721027,3.0,-12.0,-48.0
1776885770.3821027,2.0,-14.0,-46.0
1776885770.3921027,0.0,-12.0,-41.0
1776885770.4021027,-2.0,-10.0,-44.0
1776885770.4121027,-4.0,-6.0,-44.0
1776885770.4221027,-10.0,-10.0,-43.0
1776885770.432103,-6.0,-5.0,-46.0
1776885770.442103,-6.0,-2.0,-43.0
1776885770.452103,-2.0,1.0,-40.0
1776885770.462103,-2.0,-1.0,-37.0
1776885770.4721026,-1.0,-1.0,-38.0
1776885770.4821026,-2.0,-5.0,-38.0
1776885770.4921026,-2.0,-6.0,-48.0
1776885770.5021029,-2.0,-4.0,-39.0
1776885770.5121028,-5.0,-5.0,-35.0
1776885770.5221028,-2.0,-2.0,-40.0
1776885770.5321028,-4.0,0.0,-37.0
1776885770.5421028,-2.0,0.0,-36.0
1776885770.5521028,0.0,-4.0,-37.0
1776885770.5621028,1.0,-4.0,-42.0
1776885770.5721028,1.0,-3.0,-46.0
1776885770.5821028,2.0,-3.0,-49.0
1776885770.5921028,-1.0,-1.0,-42.0
1776885770.6021028,-2.0,-2.0,-45.0
1776885770.6121027,1.0,-1.0,-42.0
1776885770.6221027,-1.0,1.0,-41.0
1776885770.6321027,2.0,2.0,-45.0
1776885770.6421027,0.0,1.0,-42.0
1776885770.6521027,-2.0,0.0,-42.0
1776885770.6621027,-1.0,4.0,-40.0
1776885770.6721027,1.0,1.0,-42.0
1776885770.682103,5.0,3.0,-34.0
1776885770.692103,8.0,3.0,-26.0
1776885770.702103,8.0,2.0,-28.0
1776885770.712103,6.0,3.0,-39.0
1776885770.7221026,9.0,1.0,-42.0
1776885770.7321026,6.0,0.0,-39.0
1776885770.7421026,8.0,0.0,-39.0
1776885770.7521029,5.0,-3.0,-40.0
1776885770.7621028,4.0,1.0,-30.0
1776885770.7721028,-3.0,6.0,-31.0
1776885770.7821028,0.0,3.0,-32.0
1776885770.7921028,0.0,1.0,-34.0
1776885770.8021028,2.0,1.0,-44.0
1776885770.8121028,2.0,-1.0,-47.0
1776885770.8221028,2.0,-4.0,-44.0
1776885770.8321028,4.0,-6.0,-41.0
1776885770.8421028,6.0,-5.0,-45.0
1776885770.8521028,3.0,-2.0,-42.0
1776885770.8621027,5.0,-1.0,-38.0
1776885770.8721027,4.0,0.0,-44.0
1776885770.8821027,0.0,-2.0,-44.0
1776885770.8921027,-3.0,-1.0,-42.0
1776885770.9021027,-6.0,-4.0,-39.0
1776885770.9121027,-1.0,-2.0,-40.0
1776885770.9221027,0.0,-5.0,-34.0
1776885770.932103,0.0,-3.0,-33.0
1776885770.942103,0.0,-1.0,-33.0
1776885770.952103,-2.0,0.0,-41.0
1776885770.962103,1.0,0.0,-50.0
1776885770.9721026,-3.0,0.0,-45.0
1776885770.9821026,3.0,1.0,-40.0
1776885770.9921026,3.0,1.0,-33.0
1776885771.0021029,3.0,1.0,-37.0
1776885771.0121028,-1.0,3.0,-38.0
1776885771.0221028,0.0,5.0,-39.0
1776885771.0321028,0.0,5.0,-47.0
1776885771.0421028,0.0,3.0,-51.0
1776885771.0521028,0.0,1.0,-49.0
1776885771.0621028,1.0,0.0,-50.0
1776885771.0721028,-5.0,-2.0,-45.0
1776885771.0821028,-2.0,-2.0,-55.0
1776885771.0921028,-1.0,0.0,-52.0
1776885771.1021028,-2.0,0.0,-52.0
1776885771.1121027,-1.0,0.0,-47.0
1776885771.1221027,-4.0,1.0,-48.0
1776885771.1321027,-8.0,0.0,-40.0
1776885771.1421027,-3.0,0.0,-40.0
1776885771.1521027,2.0,0.0,-37.0
1776885771.1621027,2.0,2.0,-37.0
1776885771.1721027,-4.0,0.0,-38.0
1776885771.182103,-2.0,0.0,-39.0
1776885771.192103,-9.0,-4.0,-42.0
1776885771.202103,-12.0,0.0,-44.0
1776885771.212103,-12.0,2.0,-38.0
1776885771.2221026,-12.0,0.0,-36.0
1776885771.2321026,-8.0,-1.0,-35.0
1776885771.2421026,-4.0,0.0,-43.0
1776885771.2521029,-2.0,0.0,-43.0
1776885771.2621028,-1.0,1.0,-45.0
1776885771.2721028,0.0,2.0,-45.0
1776885771.2821028,1.0,4.0,-42.0
1776885771.2921028,3.0,3.0,-41.0
1776885771.3021028,-1.0,8.0,-42.0
1776885771.3121028,0.0,8.0,-41.0
1776885771.3221028,1.0,1.0,-34.0
1776885771.3321028,3.0,0.0,-28.0
1776885771.3421028,4.0,-2.0,-28.0
1776885771.3521028,2.0,0.0,-36.0
1776885771.3621027,2.0,3.0,-40.0
1776885771.3721027,3.0,-1.0,-42.0
1776885771.3821027,2.0,0.0,-45.0
1776885771.3921027,-1.0,0.0,-44.0
1776885771.4021027,-3.0,-3.0,-40.0
1776885771.4121027,-6.0,-5.0,-40.0
1776885771.4221027,-4.0,0.0,-38.0
1776885771.432103,0.0,0.0,-31.0
1776885771.442103,-2.0,-2.0,-38.0
1776885771.452103,-5.0,1.0,-40.0
1776885771.462103,-3.0,4.0,-39.0
1776885771.4721026,-2.0,5.0,-43.0
1776885771.4821026,-4.0,4.0,-44.0
1776885771.4921026,-5.0,3.0,-43.0
1776885771.5021029,-1.0,0.0,-44.0
1776885771.5121028,0.0,1.0,-46.0
1776885771.5221028,0.0,2.0,-48.0
1776885771.5321028,1.0,1.0,-37.0
1776885771.5421028,0.0,0.0,-42.0
1776885771.5521028,2.0,-3.0,-45.0
1776885771.5621028,3.0,-5.0,-40.0
1776885771.5721028,2.0,-4.0,-45.0
1776885771.5821028,1.0,-1.0,-48.0
1776885771.5921028,0.0,0.0,-47.0
1776885771.6021028,-3.0,0.0,-40.0
1776885771.6121027,-2.0,2.0,-45.0
1776885771.6221027,-3.0,7.0,-36.0
1776885771.6321027,-5.0,4.0,-36.0
1776885771.6421027,-5.0,1.0,-44.0
1776885771.6521027,0.0,2.0,-46.0
1776885771.6621027,-2.0,3.0,-48.0
1776885771.6721027,1.0,3.0,-42.0
1776885771.682103,3.0,2.0,-44.0
1776885771.692103,2.0,2.0,-41.0
1776885771.702103,-1.0,0.0,-43.0
1776885771.712103,-2.0,-1.0,-45.0
1776885771.7221026,-3.0,-1.0,-46.0
1776885771.7321026,-4.0,0.0,-44.0
1776885771.7421026,-7.0,0.0,-48.0
1776885771.7521029,-2.0,1.0,-42.0
1776885771.7621028,-1.0,3.0,-43.0
1776885771.7721028,0.0,3.0,-48.0
1776885771.7821028,0.0,1.0,-47.0
1776885771.7921028,2.0,-1.0,-47.0
1776885771.8021028,1.0,-3.0,-40.0
1776885771.8121028,0.0,-1.0,-39.0
1776885771.8221028,0.0,0.0,-36.0
1776885771.8321028,-3.0,-1.0,-32.0
1776885771.8421028,0.0,0.0,-27.0
1776885771.8521028,-3.0,-1.0,-26.0
1776885771.8621027,-3.0,-4.0,-31.0
1776885771.8721027,-3.0,-3.0,-32.0
1776885771.8821027,-1.0,-2.0,-38.0
1776885771.8921027,5.0,0.0,-41.0
1776885771.9021027,7.0,2.0,-42.0
1776885771.9121027,5.0,0.0,-43.0
1776885771.9221027,5.0,4.0,-39.0
1776885771.932103,6.0,2.0,-41.0
1776885771.942103,3.0,0.0,-37.0
1776885771.952103,0.0,1.0,-39.0
1776885771.962103,0.0,1.0,-45.0
1776885771.9721026,0.0,1.0,-46.0
1776885771.9821026,1.0,2.0,-49.0
1776885771.9921026,-1.0,1.0,-42.0
1776885772.0021029,-1.0,0.0,-48.0
1776885772.0121028,0.0,0.0,-46.0
1776885772.0221028,1.0,-3.0,-52.0
1776885772.0321028,0.0,-2.0,-55.0
1776885772.0421028,4.0,-5.0,-51.0
1776885772.0521028,6.0,-2.0,-45.0
1776885772.0621028,9.0,-1.0,-44.0
1776885772.0721028,6.0,-1.0,-47.0
1776885772.0821028,1.0,1.0,-48.0
1776885772.0921028,0.0,4.0,-42.0
1776885772.1021028,0.0,6.0,-40.0
1776885772.1121027,1.0,6.0,-44.0
1776885772.1221027,-1.0,6.0,-44.0
1776885772.133103,-4.0,2.0,-44.0
1776885772.1421027,-7.0,4.0,-46.0
1776885772.1521027,-6.0,4.0,-44.0
1776885772.1631026,-5.0,4.0,-45.0
1776885772.1721027,-5.0,0.0,-50.0
1776885772.1831028,-4.0,-5.0,-46.0
1776885772.1931028,-3.0,-7.0,-41.0
1776885772.2031028,-3.0,-5.0,-34.0
1776885772.2131028,0.0,0.0,-36.0
1776885772.2231028,0.0,2.0,-37.0
1776885772.2331028,-4.0,3.0,-41.0
1776885772.2431028,0.0,0.0,-47.0
1776885772.2531028,1.0,3.0,-52.0
1776885772.2631028,6.0,2.0,-53.0
1776885772.2731028,6.0,6.0,-53.0
1776885772.2831028,1.0,2.0,-51.0
1776885772.2931027,2.0,1.0,-45.0
1776885772.3031027,3.0,0.0,-41.0
1776885772.3131027,0.0,0.0,-45.0
1776885772.3231027,-2.0,-3.0,-50.0
1776885772.3331027,0.0,-5.0,-51.0
1776885772.3431027,-1.0,-12.0,-45.0
1776885772.3531027,-10.0,-8.0,-47.0
1776885772.363103,-6.0,-8.0,-40.0
1776885772.373103,0.0,-5.0,-41.0
1776885772.383103,0.0,-6.0,-41.0
1776885772.3931026,4.0,-3.0,-43.0
1776885772.4031026,6.0,2.0,-38.0
1776885772.4131026,5.0,4.0,-35.0
1776885772.4231029,1.0,3.0,-35.0
1776885772.4331028,1.0,-1.0,-35.0
1776885772.4431028,-2.0,-4.0,-32.0
1776885772.4531028,-2.0,-2.0,-33.0
1776885772.4631028,-3.0,0.0,-33.0
1776885772.4731028,-2.0,1.0,-36.0
1776885772.4831028,0.0,0.0,-40.0
1776885772.4931028,1.0,1.0,-46.0
1776885772.5031028,0.0,5.0,-49.0
1776885772.5131028,0.0,5.0,-50.0
1776885772.5231028,3.0,4.0,-44.0
1776885772.5331028,0.0,2.0,-43.0
1776885772.5431027,2.0,0.0,-48.0
1776885772.5531027,-3.0,-1.0,-42.0
1776885772.5631027,0.0,0.0,-43.0
1776885772.5731027,1.0,1.0,-39.0
1776885772.5831027,0.0,3.0,-37.0
1776885772.5931027,-1.0,3.0,-44.0
1776885772.6031027,1.0,0.0,-40.0
1776885772.613103,0.0,-5.0,-37.0
1776885772.623103,-1.0,-7.0,-41.0
1776885772.633103,5.0,-3.0,-42.0
1776885772.6431026,6.0,0.0,-44.0
1776885772.6531026,3.0,3.0,-44.0
1776885772.6631026,2.0,4.0,-51.0
1776885772.6731029,2.0,8.0,-56.0
1776885772.6831028,3.0,11.0,-54.0
1776885772.6931028,3.0,11.0,-48.0
1776885772.7031028,5.0,9.0,-47.0
1776885772.7131028,0.0,9.0,-40.0
1776885772.7231028,-1.0,7.0,-42.0
1776885772.7331028,-4.0,8.0,-37.0
1776885772.7431028,-4.0,3.0,-35.0
1776885772.7531028,-4.0,0.0,-35.0
1776885772.7631028,-6.0,-1.0,-38.0
1776885772.7731028,-1.0,-2.0,-44.0
1776885772.7831028,-1.0,-1.0,-46.0
1776885772.7931027,-1.0,-3.0,-51.0
1776885772.8031027,0.0,-4.0,-50.0
1776885772.8131027,6.0,-3.0,-47.0
1776885772.8231027,5.0,0.0,-51.0
1776885772.8331027,1.0,-1.0,-54.0
1776885772.8431027,0.0,-2.0,-49.0
1776885772.8531027,5.0,-1.0,-53.0
1776885772.863103,7.0,0.0,-56.0
1776885772.873103,6.0,-2.0,-53.0
1776885772.883103,6.0,-5.0,-47.0
1776885772.8931026,7.0,-4.0,-43.0
1776885772.9031026,4.0,-5.0,-34.0
1776885772.9131026,0.0,-4.0,-38.0
1776885772.9231029,0.0,-4.0,-46.0
1776885772.9331028,3.0,-4.0,-48.0
1776885772.9431028,5.0,-4.0,-47.0
1776885772.9531028,4.0,-3.0,-48.0
1776885772.9631028,1.0,-4.0,-43.0
1776885772.9731028,0.0,-6.0,-39.0
1776885772.9831028,2.0,-5.0,-39.0
1776885772.9931028,7.0,-5.0,-39.0
1776885773.0031028,2.0,-10.0,-45.0
1776885773.0131028,2.0,-8.0,-45.0
1776885773.0231028,-3.0,-6.0,-33.0
1776885773.0331028,0.0,-2.0,-31.0
1776885773.0431027,0.0,-1.0,-33.0
1776885773.0531027,0.0,-1.0,-33.0
1776885773.0631027,-3.0,-2.0,-33.0
1776885773.0731027,-4.0,-1.0,-33.0
1776885773.0831027,0.0,1.0,-40.0
1776885773.0931027,-3.0,5.0,-42.0
1776885773.1031027,-2.0,5.0,-33.0
1776885773.113103,-6.0,2.0,-31.0
1776885773.123103,-2.0,1.0,-39.0
1776885773.133103,1.0,0.0,-43.0
1776885773.1431026,0.0,3.0,-38.0
1776885773.1531026,2.0,3.0,-46.0
1776885773.1631026,5.0,0.0,-43.0
1776885773.1731029,8.0,-1.0,-40.0
1776885773.1831028,9.0,-2.0,-37.0
1776885773.1931028,9.0,4.0,-38.0
1776885773.2031028,9.0,2.0,-40.0
1776885773.2131028,1.0,-1.0,-44.0
1776885773.2231028,0.0,-4.0,-49.0
1776885773.2331028,-2.0,-8.0,-47.0
1776885773.2431028,1.0,-9.0,-47.0
1776885773.2531028,4.0,-5.0,-46.0
1776885773.2631028,4.0,-4.0,-42.0
1776885773.2731028,0.0,-4.0,-41.0
1776885773.2831028,-6.0,-4.0,-42.0
1776885773.2931027,-10.0,2.0,-36.0
1776885773.3031027,-7.0,2.0,-40.0
1776885773.3131027,-1.0,4.0,-42.0
1776885773.3231027,0.0,2.0,-44.0
1776885773.3331027,0.0,3.0,-34.0
1776885773.3431027,-5.0,2.0,-34.0
1776885773.3531027,-5.0,3.0,-38.0
1776885773.363103,0.0,3.0,-41.0
1776885773.373103,2.0,2.0,-42.0
1776885773.383103,0.0,1.0,-38.0
1776885773.3931026,0.0,1.0,-38.0
1776885773.4031026,1.0,-2.0,-34.0
1776885773.4131026,0.0,-3.0,-35.0
1776885773.4231029,-3.0,-4.0,-41.0
1776885773.4331028,-4.0,-3.0,-40.0
1776885773.4431028,-1.0,-2.0,-41.0
1776885773.4531028,-2.0,-4.0,-45.0
1776885773.4631028,0.0,-8.0,-46.0
1776885773.4731028,1.0,-5.0,-45.0
1776885773.4831028,-1.0,-5.0,-45.0
1776885773.4931028,0.0,-3.0,-41.0
1776885773.5031028,-2.0,1.0,-43.0
1776885773.5131028,1.0,0.0,-44.0
1776885773.5231028,0.0,3.0,-40.0
1776885773.5331028,0.0,-3.0,-35.0
1776885773.5431027,1.0,-1.0,-36.0
1776885773.5531027,1.0,-1.0,-35.0
1776885773.5631027,0.0,-3.0,-34.0
1776885773.5731027,1.0,-3.0,-39.0
1776885773.5831027,-3.0,-2.0,-40.0
1776885773.5931027,-4.0,1.0,-43.0
1776885773.6031027,-1.0,-3.0,-41.0
1776885773.613103,0.0,-3.0,-42.0
1776885773.623103,1.0,-2.0,-34.0
1776885773.633103,-2.0,-2.0,-33.0
1776885773.6431026,-3.0,-3.0,-32.0
1776885773.6531026,-8.0,-4.0,-30.0
1776885773.6631026,-7.0,-1.0,-31.0
1776885773.6731029,-7.0,-3.0,-29.0
1776885773.6831028,-4.0,-4.0,-32.0
1776885773.6931028,-7.0,-2.0,-37.0
1776885773.7031028,-8.0,-1.0,-40.0
1776885773.7131028,-7.0,-1.0,-42.0
1776885773.7231028,-12.0,-2.0,-44.0
1776885773.7331028,-11.0,-3.0,-43.0
1776885773.7431028,-6.0,-1.0,-42.0
1776885773.7531028,-3.0,-1.0,-32.0
1776885773.7631028,-3.0,-2.0,-32.0
1776885773.7731028,-4.0,0.0,-37.0
1776885773.7831028,-2.0,-1.0,-35.0
1776885773.7931027,-2.0,-2.0,-36.0
1776885773.8031027,0.0,0.0,-44.0
1776885773.8131027,4.0,0.0,-45.0
1776885773.8231027,0.0,-5.0,-45.0
1776885773.8331027,0.0,-1.0,-35.0
1776885773.8431027,-2.0,1.0,-38.0
1776885773.8531027,-3.0,0.0,-37.0
1776885773.863103,-1.0,-1.0,-39.0
1776885773.873103,-1.0,0.0,-35.0
1776885773.883103,2.0,-2.0,-37.0
1776885773.8931026,2.0,0.0,-32.0
1776885773.9031026,1.0,0.0,-26.0
1776885773.9131026,1.0,-3.0,-25.0
1776885773.9231029,-2.0,-2.0,-23.0
1776885773.9331028,-1.0,0.0,-27.0
1776885773.9431028,-1.0,-2.0,-35.0
1776885773.9531028,1.0,-2.0,-42.0
1776885773.9631028,0.0,-1.0,-38.0
1776885773.9731028,1.0,2.0,-35.0
1776885773.9831028,4.0,0.0,-37.0
1776885773.9931028,5.0,1.0,-37.0
1776885774.0031028,4.0,1.0,-31.0
1776885774.0131028,4.0,5.0,-31.0
1776885774.0231028,7.0,7.0,-31.0
1776885774.0331028,6.0,10.0,-31.0
1776885774.0431027,0.0,9.0,-35.0
1776885774.0531027,2.0,3.0,-35.0
1776885774.0631027,4.0,6.0,-45.0
1776885774.0731027,2.0,9.0,-42.0
1776885774.0831027,0.0,6.0,-40.0
1776885774.0931027,-3.0,0.0,-40.0
1776885774.1041028,-2.0,-5.0,-43.0
1776885774.113103,-3.0,-3.0,-48.0
1776885774.123103,-5.0,-4.0,-49.0
1776885774.133103,-4.0,-3.0,-43.0
1776885774.1441028,-6.0,-6.0,-43.0
1776885774.1531026,-7.0,-6.0,-41.0
1776885774.1641028,-4.0,-7.0,-44.0
1776885774.1741028,0.0,-6.0,-43.0
1776885774.1841028,3.0,-4.0,-46.0
1776885774.1941028,3.0,0.0,-44.0
1776885774.2041028,0.0,-2.0,-40.0
1776885774.2141027,-2.0,0.0,-38.0
1776885774.2241027,-2.0,0.0,-37.0
1776885774.2341027,-1.0,0.0,-38.0
1776885774.2441027,-1.0,-1.0,-46.0
1776885774.2541027,0.0,-5.0,-45.0
1776885774.2641027,-2.0,-7.0,-48.0
1776885774.2741027,-1.0,-7.0,-47.0
1776885774.284103,-4.0,-9.0,-45.0
1776885774.294103,-4.0,-8.0,-40.0
1776885774.304103,-6.0,-7.0,-37.0
1776885774.3141026,-3.0,-6.0,-39.0
1776885774.3241026,-1.0,-6.0,-43.0
1776885774.3341026,0.0,-8.0,-41.0
1776885774.3441026,-2.0,-7.0,-42.0
1776885774.3541028,0.0,-7.0,-34.0
1776885774.3641028,-3.0,-6.0,-35.0
1776885774.3741028,-5.0,-4.0,-35.0
1776885774.3841028,-4.0,-6.0,-37.0
1776885774.3941028,-3.0,-10.0,-42.0
1776885774.4041028,0.0,-12.0,-38.0
1776885774.4141028,0.0,-7.0,-46.0
1776885774.4241028,-1.0,-7.0,-48.0
1776885774.4341028,0.0,-3.0,-49.0
1776885774.4441028,0.0,-1.0,-50.0
1776885774.4541028,0.0,2.0,-48.0
1776885774.4641027,0.0,0.0,-46.0
1776885774.4741027,1.0,3.0,-40.0
1776885774.4841027,5.0,6.0,-32.0
1776885774.4941027,4.0,7.0,-33.0
1776885774.5041027,4.0,4.0,-37.0
1776885774.5141027,3.0,2.0,-35.0
1776885774.5241027,8.0,3.0,-39.0
1776885774.534103,10.0,3.0,-41.0
1776885774.544103,7.0,3.0,-46.0
1776885774.554103,6.0,2.0,-49.0
1776885774.5641026,9.0,-2.0,-48.0
1776885774.5741026,5.0,-2.0,-40.0
1776885774.5841026,2.0,-3.0,-41.0
1776885774.5941026,6.0,-1.0,-39.0
1776885774.6051028,5.0,-4.0,-42.0
1776885774.6141028,4.0,-3.0,-38.0
1776885774.6241028,5.0,-4.0,-41.0
1776885774.6341028,1.0,-8.0,-41.0
1776885774.6441028,2.0,-7.0,-34.0
1776885774.6541028,2.0,-4.0,-43.0
1776885774.6641028,2.0,-1.0,-40.0
1776885774.6741028,2.0,0.0,-41.0
1776885774.6841028,1.0,0.0,-41.0
1776885774.6941028,0.0,-1.0,-40.0
1776885774.7041028,1.0,0.0,-45.0
1776885774.7141027,3.0,0.0,-47.0
1776885774.7241027,2.0,2.0,-43.0
1776885774.7341027,1.0,4.0,-48.0
1776885774.7441027,2.0,6.0,-48.0
1776885774.7541027,4.0,4.0,-39.0
1776885774.7641027,2.0,1.0,-37.0
1776885774.7741027,-4.0,0.0,-35.0
1776885774.784103,-6.0,1.0,-40.0
1776885774.794103,-2.0,1.0,-43.0
1776885774.804103,3.0,0.0,-48.0
1776885774.8141026,4.0,1.0,-50.0
1776885774.8241026,4.0,0.0,-51.0
1776885774.8341026,3.0,1.0,-50.0
1776885774.8441026,6.0,0.0,-51.0
1776885774.8541028,3.0,0.0,-47.0
1776885774.8641028,7.0,0.0,-45.0
1776885774.8741028,4.0,-1.0,-40.0
1776885774.8841028,3.0,-1.0,-36.0
1776885774.8941028,3.0,-1.0,-34.0
1776885774.9041028,3.0,-2.0,-35.0
1776885774.9141028,6.0,2.0,-41.0
1776885774.9241028,4.0,2.0,-43.0
1776885774.9341028,5.0,-3.0,-42.0
1776885774.9441028,4.0,-5.0,-47.0
1776885774.9541028,0.0,-6.0,-44.0
1776885774.9641027,2.0,-6.0,-40.0
1776885774.9741027,1.0,-7.0,-42.0
1776885774.9841027,3.0,-8.0,-39.0
1776885774.9941027,8.0,-7.0,-37.0
1776885775.0041027,8.0,-4.0,-36.0
1776885775.0141027,7.0,-5.0,-36.0
1776885775.0241027,8.0,-6.0,-36.0
1776885775.034103,9.0,-1.0,-38.0
1776885775.044103,6.0,-2.0,-43.0
1776885775.054103,2.0,-7.0,-40.0
1776885775.0641026,3.0,-9.0,-38.0
1776885775.0741026,0.0,-8.0,-38.0
1776885775.0841026,-3.0,-7.0,-34.0
1776885775.0941026,-1.0,-7.0,-32.0
1776885775.1041028,1.0,-8.0,-35.0
1776885775.1141028,0.0,0.0,-36.0
1776885775.1241028,4.0,0.0,-35.0
1776885775.1341028,2.0,0.0,-41.0
1776885775.1441028,3.0,0.0,-46.0
1776885775.1541028,0.0,-2.0,-44.0
1776885775.1641028,1.0,-2.0,-47.0
1776885775.1741028,1.0,-4.0,-53.0
1776885775.1841028,1.0,0.0,-51.0
1776885775.1941028,5.0,-1.0,-44.0
1776885775.2041028,5.0,4.0,-49.0
1776885775.2141027,1.0,1.0,-48.0
1776885775.2241027,2.0,2.0,-45.0
1776885775.2341027,-3.0,0.0,-39.0
1776885775.2441027,-1.0,0.0,-33.0
1776885775.2541027,-1.0,0.0,-39.0
1776885775.2641027,-3.0,0.0,-44.0
1776885775.2741027,-4.0,-3.0,-42.0
1776885775.284103,-4.0,-9.0,-39.0
1776885775.294103,-3.0,-5.0,-42.0
1776885775.304103,2.0,-5.0,-34.0
1776885775.3141026,4.0,0.0,-38.0
1776885775.3241026,1.0,-2.0,-43.0
1776885775.3341026,5.0,-4.0,-46.0
1776885775.3441026,7.0,-4.0,-41.0
1776885775.3541028,6.0,-3.0,-43.0
1776885775.3641028,4.0,-2.0,-49.0
1776885775.3741028,7.0,0.0,-48.0
1776885775.3841028,8.0,-1.0,-47.0
1776885775.3941028,6.0,-3.0,-42.0
1776885775.4041028,6.0,-2.0,-40.0
1776885775.4141028,8.0,-4.0,-47.0
1776885775.4241028,9.0,-4.0,-43.0
1776885775.4341028,12.0,0.0,-45.0
1776885775.4441028,9.0,-1.0,-36.0
1776885775.4541028,4.0,-2.0,-42.0
1776885775.4641027,5.0,-1.0,-44.0
1776885775.4741027,10.0,1.0,-43.0
1776885775.4841027,13.0,4.0,-36.0
1776885775.4941027,10.0,2.0,-32.0
1776885775.5041027,8.0,-1.0,-36.0
1776885775.5141027,6.0,-3.0,-34.0
1776885775.5241027,9.0,-2.0,-33.0
1776885775.534103,8.0,-4.0,-34.0
1776885775.544103,5.0,-3.0,-30.0
1776885775.554103,4.0,-1.0,-32.0
1776885775.5641026,1.0,0.0,-38.0
1776885775.5741026,6.0,1.0,-39.0
1776885775.5841026,4.0,0.0,-40.0
1776885775.5941026,4.0,-3.0,-39.0
1776885775.6041028,3.0,-3.0,-42.0
1776885775.6141028,0.0,-6.0,-46.0
1776885775.6241028,2.0,-4.0,-46.0
1776885775.6351027,5.0,-2.0,-47.0
1776885775.6441028,5.0,-6.0,-55.0
1776885775.6541028,1.0,-5.0,-49.0
1776885775.6641028,-2.0,-7.0,-50.0
1776885775.6741028,-6.0,-7.0,-44.0
1776885775.6841028,-10.0,-2.0,-48.0
1776885775.6941028,-11.0,-3.0,-43.0
1776885775.7041028,-7.0,-6.0,-40.0
1776885775.7141027,-8.0,-3.0,-37.0
1776885775.7241027,-6.0,-4.0,-39.0
1776885775.7341027,-3.0,-2.0,-38.0
1776885775.7441027,0.0,1.0,-34.0
1776885775.7541027,0.0,-1.0,-35.0
1776885775.7641027,-4.0,-2.0,-30.0
1776885775.7741027,0.0,-2.0,-31.0
1776885775.784103,1.0,-4.0,-36.0
1776885775.794103,0.0,-3.0,-31.0
1776885775.804103,-3.0,-2.0,-31.0
1776885775.8141026,-1.0,0.0,-30.0
1776885775.8241026,4.0,4.0,-37.0
1776885775.8341026,4.0,0.0,-40.0
1776885775.8441026,6.0,1.0,-44.0
1776885775.8541028,0.0,2.0,-47.0
1776885775.8641028,-1.0,0.0,-48.0
1776885775.8741028,-4.0,-1.0,-39.0
1776885775.8841028,-5.0,-3.0,-33.0
1776885775.8941028,0.0,-4.0,-30.0
1776885775.9041028,3.0,-7.0,-25.0
1776885775.9141028,3.0,-7.0,-31.0
1776885775.9241028,4.0,-4.0,-36.0
1776885775.9341028,0.0,-1.0,-44.0
1776885775.9441028,0.0,-3.0,-47.0
1776885775.9541028,2.0,-2.0,-47.0
1776885775.9641027,2.0,-1.0,-44.0
1776885775.9741027,2.0,-1.0,-49.0
1776885775.9841027,3.0,-4.0,-51.0
1776885775.9941027,3.0,-4.0,-44.0
1776885776.0041027,5.0,-4.0,-39.0
1776885776.0141027,4.0,0.0,-39.0
1776885776.0241027,1.0,-3.0,-42.0
1776885776.034103,4.0,-1.0,-42.0
1776885776.044103,2.0,0.0,-36.0
1776885776.054103,2.0,0.0,-39.0
1776885776.0641026,4.0,-3.0,-37.0
1776885776.0741026,6.0,-5.0,-40.0
1776885776.0841026,7.0,-8.0,-43.0
1776885776.0941026,4.0,-8.0,-51.0
1776885776.1041028,2.0,-6.0,-41.0
1776885776.1151028,3.0,0.0,-38.0
1776885776.1251028,3.0,-3.0,-33.0
1776885776.1341028,0.0,-5.0,-27.0
1776885776.1451027,3.0,-6.0,-25.0
1776885776.1541028,7.0,-5.0,-27.0
1776885776.1651027,9.0,-1.0,-42.0
1776885776.1751027,13.0,1.0,-48.0
1776885776.1851027,10.0,-4.0,-48.0
1776885776.1951027,8.0,-2.0,-46.0
1776885776.2051027,4.0,-5.0,-42.0
1776885776.215103,2.0,-3.0,-41.0
1776885776.225103,4.0,0.0,-41.0
1776885776.235103,5.0,-3.0,-39.0
1776885776.2451026,2.0,-7.0,-33.0
1776885776.2551026,3.0,-5.0,-29.0
1776885776.2651026,1.0,-2.0,-34.0
1776885776.2751029,2.0,0.0,-40.0
1776885776.2851028,0.0,-1.0,-47.0
1776885776.2951028,-1.0,2.0,-48.0
1776885776.3051028,-1.0,7.0,-43.0
1776885776.3151028,1.0,8.0,-41.0
1776885776.3251028,3.0,7.0,-43.0
1776885776.3351028,2.0,5.0,-39.0
1776885776.3451028,2.0,5.0,-37.0
1776885776.3551028,-1.0,9.0,-39.0
1776885776.3651028,1.0,11.0,-46.0
1776885776.3751028,3.0,8.0,-46.0
1776885776.3851027,2.0,9.0,-47.0
1776885776.3951027,1.0,4.0,-46.0
1776885776.4051027,-1.0,3.0,-42.0
1776885776.4151027,-1.0,3.0,-39.0
1776885776.4251027,-2.0,1.0,-37.0
1776885776.4351027,-7.0,-3.0,-34.0
1776885776.4451027,-6.0,0.0,-30.0
1776885776.4551027,-2.0,0.0,-25.0
1776885776.465103,-3.0,0.0,-25.0
1776885776.475103,-3.0,0.0,-21.0
1776885776.485103,0.0,-2.0,-29.0
1776885776.4951026,-3.0,-3.0,-42.0
1776885776.5051026,-4.0,-4.0,-41.0
1776885776.5151026,-2.0,-1.0,-37.0
1776885776.5251029,-3.0,-4.0,-41.0
1776885776.5351028,-6.0,-1.0,-44.0
1776885776.5451028,-4.0,3.0,-41.0
1776885776.5551028,-6.0,3.0,-36.0
1776885776.5651028,-3.0,3.0,-29.0
1776885776.5751028,2.0,1.0,-30.0
1776885776.5851028,3.0,1.0,-30.0
1776885776.5951028,2.0,3.0,-34.0
1776885776.6051028,1.0,2.0,-43.0
1776885776.6151028,1.0,1.0,-48.0
1776885776.6251028,0.0,1.0,-39.0
1776885776.6351027,-3.0,0.0,-42.0
1776885776.6451027,0.0,1.0,-45.0
1776885776.6551027,0.0,-2.0,-47.0
1776885776.6651027,-3.0,-1.0,-42.0
1776885776.6751027,-3.0,-5.0,-49.0
1776885776.6851027,-2.0,-6.0,-51.0
1776885776.6951027,-2.0,-1.0,-48.0
1776885776.7051027,-4.0,-1.0,-41.0
1776885776.715103,-4.0,-3.0,-41.0
1776885776.725103,1.0,-7.0,-42.0
1776885776.735103,-1.0,-8.0,-44.0
1776885776.7451026,-4.0,-7.0,-44.0
1776885776.7551026,-8.0,-2.0,-42.0
1776885776.7651026,-6.0,-4.0,-39.0
1776885776.7751029,-7.0,-1.0,-40.0
1776885776.7851028,-6.0,-2.0,-40.0
1776885776.7951028,-6.0,-3.0,-44.0
1776885776.8051028,0.0,-6.0,-46.0
1776885776.8151028,5.0,-3.0,-49.0
1776885776.8251028,4.0,-6.0,-39.0
1776885776.8351028,0.0,-5.0,-40.0
1776885776.8451028,3.0,-1.0,-40.0
1776885776.8551028,4.0,-1.0,-41.0
1776885776.8651028,9.0,2.0,-36.0
1776885776.8751028,10.0,1.0,-34.0
1776885776.8851027,9.0,0.0,-30.0
1776885776.8951027,5.0,-2.0,-33.0
1776885776.9051027,3.0,-6.0,-40.0
1776885776.9151027,4.0,-6.0,-47.0
1776885776.9251027,1.0,-1.0,-50.0
1776885776.9351027,1.0,-5.0,-55.0
1776885776.9451027,0.0,-7.0,-53.0
1776885776.9551027,1.0,-7.0,-52.0
1776885776.965103,1.0,0.0,-54.0
1776885776.975103,4.0,2.0,-55.0
1776885776.985103,3.0,-1.0,-52.0
1776885776.9951026,3.0,-5.0,-51.0
1776885777.0051026,4.0,-2.0,-52.0
1776885777.0151026,0.0,-1.0,-50.0
1776885777.0251029,4.0,-3.0,-43.0
1776885777.0351028,7.0,2.0,-45.0
1776885777.0451028,5.0,4.0,-50.0
1776885777.0551028,6.0,1.0,-48.0
1776885777.0651028,4.0,-3.0,-54.0
1776885777.0751028,0.0,-5.0,-46.0
1776885777.0851028,0.0,-4.0,-50.0
1776885777.0951028,1.0,-4.0,-49.0
1776885777.1051028,1.0,-4.0,-51.0
1776885777.1151028,0.0,-4.0,-47.0
1776885777.1251028,-1.0,-2.0,-42.0
1776885777.1351027,1.0,-2.0,-43.0
1776885777.1451027,6.0,0.0,-38.0
1776885777.1551027,4.0,0.0,-41.0
1776885777.1651027,1.0,-1.0,-42.0
1776885777.1751027,0.0,-2.0,-43.0
1776885777.1851027,1.0,-3.0,-46.0
1776885777.1951027,3.0,-6.0,-50.0
1776885777.2051027,5.0,0.0,-41.0
1776885777.215103,6.0,1.0,-35.0
1776885777.225103,5.0,2.0,-46.0
1776885777.235103,7.0,0.0,-48.0
1776885777.2451026,6.0,-1.0,-46.0
1776885777.2551026,3.0,-2.0,-43.0
1776885777.2651026,0.0,1.0,-41.0
1776885777.2751029,0.0,2.0,-46.0
1776885777.2851028,0.0,0.0,-46.0
1776885777.2951028,-1.0,0.0,-52.0
1776885777.3051028,1.0,7.0,-58.0
1776885777.3151028,-1.0,3.0,-59.0
1776885777.3251028,-3.0,1.0,-54.0
1776885777.3351028,-7.0,2.0,-54.0
1776885777.3451028,-5.0,0.0,-56.0
1776885777.3551028,-3.0,0.0,-55.0
1776885777.3651028,-3.0,-1.0,-51.0
1776885777.3751028,1.0,-2.0,-49.0
1776885777.3851027,1.0,3.0,-47.0
1776885777.3951027,5.0,0.0,-45.0
1776885777.406103,1.0,0.0,-46.0
1776885777.4151027,-3.0,-2.0,-54.0
1776885777.4251027,-4.0,-2.0,-57.0
1776885777.4351027,-1.0,-2.0,-48.0
1776885777.4451027,-1.0,0.0,-44.0
1776885777.4551027,0.0,2.0,-42.0
1776885777.465103,-1.0,0.0,-41.0
1776885777.475103,0.0,0.0,-32.0
1776885777.485103,0.0,6.0,-27.0
1776885777.4951026,-1.0,5.0,-24.0
1776885777.5051026,-1.0,6.0,-28.0
1776885777.5151026,-5.0,8.0,-28.0
1776885777.5251029,-3.0,6.0,-28.0
1776885777.5351028,0.0,7.0,-30.0
1776885777.5451028,2.0,5.0,-30.0
1776885777.5551028,-3.0,4.0,-29.0
1776885777.5651028,-1.0,0.0,-22.0
1776885777.5751028,0.0,-2.0,-25.0
1776885777.5851028,0.0,-3.0,-34.0
1776885777.5951028,-3.0,-2.0,-44.0
1776885777.6051028,-2.0,-1.0,-47.0
1776885777.6151028,-3.0,-1.0,-48.0
1776885777.6251028,-4.0,-1.0,-39.0
1776885777.6351027,0.0,1.0,-40.0
1776885777.6451027,0.0,0.0,-37.0
1776885777.6551027,1.0,0.0,-31.0
1776885777.6651027,0.0,0.0,-33.0
1776885777.6751027,-4.0,-4.0,-38.0
1776885777.6851027,-2.0,-6.0,-37.0
1776885777.6951027,-3.0,-9.0,-42.0
1776885777.7051027,-2.0,-6.0,-39.0
1776885777.715103,0.0,-4.0,-40.0
1776885777.725103,4.0,0.0,-39.0
1776885777.735103,4.0,0.0,-47.0
1776885777.7451026,5.0,-2.0,-43.0
1776885777.7551026,0.0,2.0,-41.0
1776885777.7651026,-4.0,-3.0,-42.0
1776885777.7751029,0.0,-4.0,-39.0
1776885777.7851028,1.0,-5.0,-39.0
1776885777.7951028,-1.0,-5.0,-34.0
1776885777.8051028,0.0,-3.0,-35.0
1776885777.8151028,0.0,1.0,-31.0
1776885777.8251028,0.0,2.0,-27.0
1776885777.8351028,0.0,2.0,-25.0
1776885777.8451028,1.0,3.0,-28.0
1776885777.8551028,5.0,3.0,-28.0
1776885777.8651028,4.0,4.0,-34.0
1776885777.8751028,7.0,1.0,-41.0
1776885777.8851027,4.0,1.0,-42.0
1776885777.8951027,6.0,0.0,-46.0
1776885777.9051027,5.0,-3.0,-47.0
1776885777.9151027,4.0,-2.0,-39.0
1776885777.9251027,6.0,-3.0,-37.0
1776885777.9351027,4.0,-3.0,-36.0
1776885777.9451027,3.0,0.0,-41.0
1776885777.9551027,1.0,0.0,-42.0
1776885777.965103,6.0,2.0,-47.0
1776885777.975103,4.0,3.0,-50.0
1776885777.985103,-4.0,0.0,-52.0
1776885777.9951026,-8.0,-1.0,-44.0
1776885778.0051026,-6.0,-2.0,-41.0
1776885778.0151026,-7.0,-6.0,-42.0
1776885778.0251029,-4.0,-6.0,-38.0
1776885778.0351028,-4.0,-6.0,-39.0
1776885778.0451028,-2.0,-8.0,-41.0
1776885778.0551028,-5.0,-8.0,-43.0
1776885778.0651028,-2.0,-3.0,-42.0
1776885778.0751028,-3.0,1.0,-46.0
1776885778.0851028,-2.0,-4.0,-46.0
1776885778.0951028,6.0,-7.0,-46.0
1776885778.1061027,6.0,-5.0,-45.0
1776885778.1151028,10.0,-5.0,-45.0
1776885778.1261027,7.0,-1.0,-47.0
1776885778.136103,7.0,-1.0,-49.0
1776885778.146103,2.0,-2.0,-48.0
1776885778.156103,5.0,-1.0,-49.0
1776885778.1661026,5.0,1.0,-44.0
1776885778.1761026,3.0,0.0,-40.0
1776885778.1861026,-1.0,-1.0,-42.0
1776885778.1961029,-1.0,-3.0,-46.0
1776885778.2061028,-1.0,-1.0,-45.0
1776885778.2161028,-1.0,-1.0,-43.0
1776885778.2261028,-5.0,-1.0,-48.0
1776885778.2361028,0.0,0.0,-48.0
1776885778.2461028,1.0,2.0,-43.0
1776885778.2561028,3.0,1.0,-43.0
1776885778.2661028,5.0,5.0,-47.0
1776885778.2761028,7.0,4.0,-44.0
1776885778.2861028,6.0,0.0,-40.0
1776885778.2961028,6.0,0.0,-35.0
1776885778.3061028,5.0,0.0,-39.0
1776885778.3161027,3.0,1.0,-48.0
1776885778.3261027,3.0,0.0,-47.0
1776885778.3361027,5.0,1.0,-46.0
1776885778.3461027,3.0,0.0,-48.0
1776885778.3561027,6.0,3.0,-44.0
1776885778.3661027,2.0,2.0,-41.0
1776885778.3761027,7.0,3.0,-41.0
1776885778.386103,6.0,6.0,-40.0
1776885778.396103,8.0,5.0,-44.0
1776885778.406103,8.0,1.0,-46.0
1776885778.4161026,7.0,-1.0,-45.0
1776885778.4261026,3.0,-1.0,-43.0
1776885778.4361026,0.0,0.0,-39.0
1776885778.4461029,-4.0,0.0,-36.0
1776885778.4561028,-6.0,0.0,-34.0
1776885778.4661028,-1.0,-7.0,-29.0
1776885778.4761028,-1.0,-7.0,-28.0
1776885778.4861028,-3.0,-9.0,-32.0
1776885778.4961028,-2.0,-6.0,-39.0
1776885778.5061028,0.0,-3.0,-44.0
1776885778.5161028,-2.0,0.0,-44.0
1776885778.5261028,-3.0,0.0,-42.0
1776885778.5361028,-3.0,3.0,-46.0
1776885778.5461028,0.0,1.0,-46.0
1776885778.5561028,2.0,2.0,-41.0
1776885778.5661027,2.0,0.0,-37.0
1776885778.5761027,0.0,1.0,-37.0
1776885778.5861027,0.0,2.0,-33.0
1776885778.5961027,1.0,0.0,-31.0
1776885778.6061027,-4.0,-1.0,-33.0
1776885778.6161027,-2.0,-1.0,-40.0
1776885778.6261027,-2.0,-2.0,-44.0
1776885778.636103,-2.0,0.0,-47.0
1776885778.646103,-1.0,-1.0,-46.0
1776885778.656103,3.0,0.0,-41.0
1776885778.6661026,0.0,1.0,-44.0
1776885778.6761026,0.0,-4.0,-40.0
1776885778.6861026,1.0,-4.0,-37.0
1776885778.6961029,-2.0,-2.0,-38.0
1776885778.7061028,-3.0,0.0,-41.0
1776885778.7161028,-1.0,2.0,-39.0
1776885778.7261028,-1.0,3.0,-29.0
1776885778.7361028,-1.0,2.0,-24.0
1776885778.7461028,0.0,4.0,-25.0
1776885778.7561028,-1.0,1.0,-23.0
1776885778.7661028,4.0,-1.0,-25.0
1776885778.7761028,2.0,1.0,-27.0
1776885778.7861028,5.0,-2.0,-29.0
1776885778.7961028,3.0,-2.0,-41.0
1776885778.8061028,6.0,-3.0,-49.0
1776885778.8161027,4.0,-5.0,-49.0
1776885778.8261027,0.0,-6.0,-50.0
1776885778.8361027,-3.0,-9.0,-38.0
1776885778.8461027,0.0,-6.0,-32.0
1776885778.8561027,4.0,-4.0,-32.0
1776885778.8661027,4.0,-2.0,-35.0
1776885778.8761027,2.0,-4.0,-41.0
1776885778.886103,3.0,-8.0,-40.0
1776885778.896103,0.0,-7.0,-41.0
1776885778.906103,0.0,-6.0,-42.0
1776885778.9161026,1.0,-8.0,-32.0
1776885778.9261026,0.0,-5.0,-37.0
1776885778.9361026,0.0,-3.0,-42.0
1776885778.9461029,0.0,-4.0,-42.0
1776885778.9561028,-7.0,-4.0,-38.0
1776885778.9661028,-8.0,-8.0,-35.0
1776885778.9761028,-8.0,-7.0,-38.0
1776885778.9861028,-8.0,-1.0,-42.0
1776885778.9961028,-4.0,3.0,-43.0
1776885779.0061028,0.0,3.0,-40.0
1776885779.0161028,-1.0,4.0,-38.0
1776885779.0261028,0.0,5.0,-33.0
1776885779.0361028,-3.0,3.0,-37.0
1776885779.0461028,-5.0,1.0,-37.0
1776885779.0561028,-3.0,4.0,-34.0
1776885779.0661027,-1.0,0.0,-32.0
1776885779.0761027,-2.0,0.0,-37.0
1776885779.0861027,0.0,0.0,-34.0
1776885779.0961027,3.0,0.0,-39.0
1776885779.1061027,7.0,0.0,-37.0
1776885779.1161027,9.0,-3.0,-40.0
1776885779.1261027,7.0,-4.0,-45.0
1776885779.136103,2.0,-4.0,-38.0
1776885779.146103,3.0,-7.0,-36.0
1776885779.156103,2.0,-4.0,-28.0
1776885779.1661026,0.0,-3.0,-31.0
1776885779.1761026,2.0,-3.0,-35.0
1776885779.1861026,-3.0,0.0,-34.0
1776885779.1961029,-3.0,-1.0,-34.0
1776885779.2061028,-4.0,-1.0,-36.0
1776885779.2161028,-1.0,4.0,-41.0
1776885779.2261028,0.0,3.0,-34.0
1776885779.2361028,-1.0,-1.0,-33.0
1776885779.2461028,-2.0,-2.0,-35.0
1776885779.2561028,-2.0,0.0,-34.0
1776885779.2661028,-1.0,-1.0,-30.0
1776885779.2761028,4.0,2.0,-31.0
1776885779.2861028,6.0,3.0,-36.0
1776885779.2961028,7.0,0.0,-42.0
1776885779.3061028,2.0,-3.0,-41.0
1776885779.3161027,3.0,-1.0,-36.0
1776885779.3261027,6.0,0.0,-41.0
1776885779.3361027,4.0,0.0,-46.0
1776885779.3461027,3.0,-4.0,-45.0
1776885779.3561027,0.0,-3.0,-42.0
1776885779.3661027,-2.0,0.0,-37.0
1776885779.3761027,-4.0,-1.0,-33.0
1776885779.386103,0.0,0.0,-38.0
1776885779.396103,0.0,1.0,-43.0
1776885779.406103,2.0,-1.0,-43.0
1776885779.4161026,0.0,-2.0,-42.0
1776885779.4261026,1.0,-4.0,-44.0
1776885779.4361026,2.0,-4.0,-46.0
1776885779.4461029,1.0,-2.0,-43.0
1776885779.4561028,0.0,-4.0,-45.0
1776885779.4661028,-1.0,-1.0,-43.0
1776885779.4761028,2.0,2.0,-45.0
1776885779.4861028,-2.0,4.0,-47.0
1776885779.4961028,-4.0,0.0,-53.0
1776885779.5061028,1.0,-4.0,-51.0
1776885779.5161028,-2.0,-6.0,-47.0
1776885779.5261028,-5.0,-2.0,-43.0
1776885779.5361028,-3.0,-1.0,-46.0
1776885779.5461028,0.0,0.0,-51.0
1776885779.5561028,0.0,0.0,-41.0
1776885779.5661027,-5.0,-2.0,-43.0
1776885779.5761027,-5.0,-3.0,-49.0
1776885779.5861027,-6.0,-4.0,-49.0
1776885779.5961027,-5.0,-4.0,-52.0
1776885779.6061027,-4.0,-1.0,-57.0
1776885779.6161027,0.0,0.0,-52.0
1776885779.6261027,-1.0,0.0,-52.0
1776885779.636103,3.0,-1.0,-48.0
1776885779.646103,1.0,-3.0,-46.0
1776885779.656103,7.0,-6.0,-41.0
1776885779.6661026,4.0,-4.0,-45.0
1776885779.6761026,-1.0,-1.0,-45.0
1776885779.6861026,1.0,0.0,-47.0
1776885779.6961029,1.0,0.0,-49.0
1776885779.7061028,-2.0,0.0,-39.0
1776885779.7161028,-1.0,0.0,-37.0
1776885779.7261028,-1.0,0.0,-37.0
1776885779.7361028,0.0,-1.0,-33.0
1776885779.7461028,1.0,1.0,-34.0
1776885779.7561028,3.0,1.0,-38.0
1776885779.7661028,5.0,0.0,-36.0
1776885779.7761028,6.0,1.0,-35.0
1776885779.7861028,2.0,0.0,-33.0
1776885779.7961028,-2.0,0.0,-37.0
1776885779.8061028,0.0,1.0,-44.0
1776885779.8161027,0.0,4.0,-50.0
1776885779.8261027,-1.0,6.0,-57.0
1776885779.8361027,-2.0,6.0,-54.0
1776885779.8461027,-1.0,2.0,-47.0
1776885779.8561027,2.0,-1.0,-46.0
1776885779.8661027,-1.0,-3.0,-44.0
1776885779.8761027,3.0,0.0,-48.0
1776885779.886103,2.0,1.0,-50.0
1776885779.896103,2.0,0.0,-50.0
1776885779.906103,5.0,0.0,-48.0
1776885779.9161026,3.0,0.0,-44.0
1776885779.9261026,-2.0,0.0,-42.0
1776885779.9361026,-3.0,0.0,-43.0
1776885779.9461029,-5.0,3.0,-36.0
1776885779.9561028,-1.0,3.0,-39.0
1776885779.9661028,-1.0,0.0,-41.0
1776885779.9761028,0.0,1.0,-41.0
1776885779.9861028,0.0,0.0,-36.0
1776885779.9961028,-2.0,0.0,-33.0
1776885780.0061028,-3.0,0.0,-33.0
1776885780.0161028,0.0,2.0,-33.0
1776885780.0261028,1.0,2.0,-33.0
1776885780.0361028,5.0,0.0,-30.0
1776885780.0461028,7.0,-2.0,-29.0
1776885780.0561028,6.0,-3.0,-33.0
1776885780.0661027,10.0,-4.0,-33.0
1776885780.0761027,13.0,-5.0,-30.0
1776885780.0861027,6.0,-3.0,-28.0
1776885780.0971026,5.0,0.0,-29.0
1776885780.1071026,5.0,0.0,-30.0
1776885780.1171026,8.0,0.0,-35.0
1776885780.1271029,5.0,-1.0,-40.0
1776885780.1371028,7.0,-3.0,-39.0
1776885780.1471028,9.0,-7.0,-35.0
1776885780.1571028,5.0,-10.0,-43.0
1776885780.1671028,10.0,-8.0,-40.0
1776885780.1771028,8.0,-8.0,-39.0
1776885780.1871028,2.0,-6.0,-37.0
1776885780.1971028,-2.0,-6.0,-42.0
1776885780.2071028,-2.0,-5.0,-38.0
1776885780.2171028,-1.0,-2.0,-35.0
1776885780.2271028,0.0,1.0,-33.0
1776885780.2371027,-1.0,0.0,-33.0
1776885780.2471027,-1.0,-1.0,-37.0
1776885780.2571027,0.0,-6.0,-46.0
1776885780.2671027,2.0,-7.0,-46.0
1776885780.2771027,0.0,-6.0,-46.0
1776885780.2871027,-8.0,-5.0,-48.0
1776885780.2971027,-4.0,-7.0,-50.0
1776885780.307103,-1.0,-6.0,-49.0
1776885780.317103,-1.0,-3.0,-44.0
1776885780.327103,-1.0,-2.0,-36.0
1776885780.337103,4.0,-1.0,-34.0
1776885780.3471026,0.0,0.0,-41.0
1776885780.3571026,-2.0,1.0,-32.0
1776885780.3671026,-6.0,0.0,-26.0
1776885780.3771029,-4.0,3.0,-28.0
1776885780.3871028,0.0,4.0,-27.0
1776885780.3971028,0.0,0.0,-36.0
1776885780.4071028,0.0,3.0,-34.0
1776885780.4171028,1.0,2.0,-37.0
1776885780.4271028,0.0,1.0,-35.0
1776885780.4371028,-1.0,2.0,-32.0
1776885780.4471028,5.0,0.0,-34.0
1776885780.4571028,6.0,0.0,-41.0
1776885780.4671028,4.0,-2.0,-37.0
1776885780.4771028,5.0,1.0,-30.0
1776885780.4871027,4.0,1.0,-33.0
1776885780.4971027,0.0,2.0,-35.0
1776885780.5071027,-5.0,1.0,-39.0
1776885780.5171027,-4.0,2.0,-38.0
1776885780.5271027,-8.0,-1.0,-34.0
1776885780.5371027,-5.0,-1.0,-36.0
1776885780.5471027,-5.0,0.0,-38.0
1776885780.557103,-10.0,4.0,-40.0
1776885780.567103,-7.0,3.0,-40.0
1776885780.577103,-5.0,9.0,-41.0
1776885780.587103,0.0,9.0,-41.0
1776885780.5971026,4.0,7.0,-41.0
1776885780.6071026,7.0,4.0,-41.0
1776885780.6171026,1.0,4.0,-38.0
1776885780.6271029,0.0,3.0,-41.0
1776885780.6371028,-2.0,0.0,-43.0
1776885780.6471028,0.0,0.0,-37.0
1776885780.6571028,-4.0,-2.0,-28.0
1776885780.6671028,-1.0,0.0,-33.0
1776885780.6771028,0.0,0.0,-35.0
1776885780.6871028,2.0,-2.0,-34.0
1776885780.6971028,4.0,2.0,-31.0
1776885780.7071028,0.0,2.0,-35.0
1776885780.7171028,-1.0,0.0,-35.0
1776885780.7271028,-2.0,1.0,-33.0
1776885780.7371027,-3.0,1.0,-36.0
1776885780.7471027,-6.0,-2.0,-43.0
1776885780.7571027,0.0,-3.0,-46.0
1776885780.7671027,-7.0,-6.0,-49.0
1776885780.7771027,-6.0,-2.0,-47.0
1776885780.7871027,-3.0,-4.0,-46.0
1776885780.7971027,-4.0,-4.0,-43.0
1776885780.807103,-3.0,-6.0,-37.0
1776885780.817103,1.0,-4.0,-40.0
1776885780.827103,1.0,-2.0,-45.0
1776885780.837103,-4.0,-1.0,-42.0
1776885780.8471026,-1.0,-2.0,-46.0
1776885780.8571026,0.0,0.0,-39.0
1776885780.8671026,-1.0,1.0,-39.0
1776885780.8771029,0.0,0.0,-39.0
1776885780.8871028,-2.0,-4.0,-41.0
1776885780.8971028,-1.0,-6.0,-45.0
1776885780.9071028,4.0,0.0,-43.0
1776885780.9171028,6.0,0.0,-40.0
1776885780.9271028,8.0,-1.0,-36.0
1776885780.9371028,10.0,-4.0,-39.0
1776885780.9471028,10.0,-5.0,-38.0
1776885780.9571028,7.0,-4.0,-43.0
1776885780.9671028,5.0,-6.0,-37.0
1776885780.9771028,4.0,-5.0,-40.0
1776885780.9871027,3.0,-7.0,-38.0
1776885780.9971027,0.0,-7.0,-37.0
1776885781.0071027,1.0,-8.0,-40.0
1776885781.0171027,-4.0,-9.0,-34.0
1776885781.0271027,-1.0,-10.0,-32.0
1776885781.0371027,0.0,-6.0,-34.0
1776885781.0471027,-4.0,0.0,-37.0
1776885781.057103,-3.0,0.0,-35.0
1776885781.067103,-2.0,4.0,-28.0
1776885781.077103,-3.0,6.0,-25.0
1776885781.087103,0.0,6.0,-25.0
1776885781.0971026,4.0,5.0,-24.0
1776885781.1071026,2.0,1.0,-24.0
1776885781.1171026,0.0,0.0,-23.0
1776885781.1271029,4.0,0.0,-30.0
1776885781.1371028,4.0,2.0,-29.0
1776885781.1471028,3.0,2.0,-32.0
1776885781.1571028,4.0,5.0,-39.0
1776885781.1671028,1.0,6.0,-42.0
1776885781.1771028,1.0,7.0,-46.0
1776885781.1871028,0.0,5.0,-50.0
1776885781.1971028,-1.0,2.0,-52.0
1776885781.2071028,1.0,3.0,-57.0
1776885781.2171028,3.0,3.0,-59.0
1776885781.2271028,5.0,4.0,-50.0
1776885781.2371027,1.0,5.0,-46.0
1776885781.2471027,3.0,6.0,-51.0
1776885781.2571027,0.0,8.0,-52.0
1776885781.2671027,3.0,11.0,-48.0
1776885781.2771027,2.0,8.0,-40.0
1776885781.2871027,6.0,3.0,-38.0
1776885781.2971027,5.0,0.0,-34.0
1776885781.307103,2.0,-1.0,-37.0
1776885781.317103,-1.0,-3.0,-38.0
1776885781.327103,-1.0,-3.0,-48.0
1776885781.337103,2.0,-4.0,-54.0
1776885781.3471026,4.0,-1.0,-52.0
1776885781.3571026,3.0,-2.0,-48.0
1776885781.3671026,4.0,2.0,-43.0
1776885781.3771029,4.0,6.0,-47.0
1776885781.3871028,1.0,4.0,-46.0
1776885781.3971028,1.0,5.0,-46.0
1776885781.4071028,1.0,6.0,-45.0
1776885781.4171028,0.0,1.0,-42.0
1776885781.4271028,-1.0,5.0,-43.0
1776885781.4371028,-4.0,4.0,-41.0
1776885781.4471028,-4.0,2.0,-48.0
1776885781.4571028,-2.0,0.0,-46.0
1776885781.4671028,-3.0,-3.0,-44.0
1776885781.4771028,0.0,1.0,-51.0
1776885781.4871027,0.0,3.0,-50.0
1776885781.4971027,0.0,3.0,-51.0
1776885781.5071027,5.0,0.0,-47.0
1776885781.5171027,2.0,3.0,-41.0
1776885781.5271027,0.0,4.0,-44.0
1776885781.5371027,-3.0,6.0,-38.0
1776885781.5471027,-3.0,3.0,-40.0
1776885781.557103,-1.0,4.0,-47.0
1776885781.567103,-1.0,6.0,-48.0
1776885781.577103,-1.0,5.0,-41.0
1776885781.587103,5.0,1.0,-39.0
1776885781.5971026,4.0,7.0,-37.0
1776885781.6071026,6.0,6.0,-46.0
1776885781.6171026,2.0,3.0,-51.0
1776885781.6271029,0.0,7.0,-47.0
1776885781.6371028,-1.0,3.0,-47.0
1776885781.6471028,-6.0,4.0,-44.0
1776885781.6571028,-3.0,1.0,-41.0
1776885781.6671028,-4.0,4.0,-48.0
1776885781.6771028,-3.0,2.0,-53.0
1776885781.6871028,-5.0,5.0,-51.0
1776885781.6971028,-1.0,5.0,-38.0
1776885781.7071028,0.0,4.0,-39.0
1776885781.7171028,-2.0,-1.0,-34.0
1776885781.7271028,0.0,-4.0,-33.0
1776885781.7371027,0.0,-3.0,-33.0
1776885781.7471027,-4.0,-5.0,-32.0
1776885781.7571027,-3.0,-7.0,-37.0
1776885781.7671027,1.0,-3.0,-40.0
1776885781.7771027,4.0,-2.0,-42.0
1776885781.7871027,5.0,-4.0,-46.0
1776885781.7971027,0.0,0.0,-48.0
1776885781.807103,-1.0,3.0,-44.0
1776885781.817103,-2.0,2.0,-46.0
1776885781.827103,-2.0,0.0,-40.0
1776885781.837103,0.0,-2.0,-40.0
1776885781.8471026,-4.0,3.0,-39.0
1776885781.8571026,-2.0,3.0,-42.0
1776885781.8671026,0.0,3.0,-41.0
1776885781.8771029,0.0,5.0,-49.0
1776885781.8871028,2.0,5.0,-44.0
1776885781.8971028,4.0,9.0,-40.0
1776885781.9071028,0.0,5.0,-42.0
1776885781.9171028,0.0,-1.0,-44.0
1776885781.9271028,0.0,-1.0,-40.0
1776885781.9371028,-5.0,0.0,-40.0
1776885781.9471028,-2.0,0.0,-40.0
1776885781.9571028,-2.0,-3.0,-39.0
1776885781.9671028,-5.0,-3.0,-36.0
1776885781.9771028,-4.0,-2.0,-37.0
1776885781.9871027,-4.0,-1.0,-39.0
1776885781.9971027,-5.0,-1.0,-36.0
1776885782.0071027,-1.0,0.0,-40.0
1776885782.0171027,2.0,0.0,-38.0
1776885782.0271027,9.0,0.0,-44.0
1776885782.0371027,5.0,1.0,-38.0
1776885782.0471027,8.0,-1.0,-43.0
1776885782.057103,7.0,-1.0,-49.0
1776885782.067103,8.0,-2.0,-46.0
1776885782.077103,7.0,-6.0,-42.0
1776885782.0881028,12.0,-3.0,-45.0
1776885782.0981028,10.0,0.0,-39.0
1776885782.1081028,5.0,0.0,-37.0
1776885782.1181028,0.0,-1.0,-40.0
1776885782.1281028,0.0,-5.0,-51.0
1776885782.1381028,0.0,-7.0,-51.0
1776885782.1481028,2.0,-9.0,-52.0
1776885782.1581028,4.0,-4.0,-47.0
1776885782.1681027,3.0,2.0,-43.0
1776885782.1781027,4.0,0.0,-37.0
1776885782.1881027,0.0,-7.0,-34.0
1776885782.1981027,1.0,-5.0,-37.0
1776885782.2081027,-2.0,-4.0,-42.0
1776885782.2191026,-3.0,-1.0,-38.0
1776885782.2281027,-1.0,-1.0,-41.0
1776885782.238103,1.0,-1.0,-44.0
1776885782.248103,-1.0,-2.0,-39.0
1776885782.258103,-7.0,0.0,-46.0
1776885782.2681026,-1.0,2.0,-44.0
1776885782.2781026,2.0,0.0,-47.0
1776885782.2881026,4.0,0.0,-45.0
1776885782.2981029,9.0,1.0,-46.0
1776885782.3081028,5.0,0.0,-40.0
1776885782.3181028,0.0,-4.0,-33.0
1776885782.3281028,-1.0,-4.0,-36.0
1776885782.3381028,-3.0,-4.0,-35.0
1776885782.3481028,-3.0,-2.0,-30.0
1776885782.3581028,-2.0,-2.0,-31.0
1776885782.3681028,1.0,0.0,-31.0
1776885782.3781028,9.0,0.0,-35.0
1776885782.3881028,7.0,-5.0,-34.0
1776885782.3981028,9.0,-4.0,-32.0
1776885782.4081028,9.0,-1.0,-36.0
1776885782.4181027,7.0,-4.0,-39.0
1776885782.4281027,5.0,-7.0,-47.0
1776885782.4381027,1.0,-7.0,-51.0
1776885782.4481027,1.0,-6.0,-47.0
1776885782.4581027,1.0,-3.0,-46.0
1776885782.4681027,-1.0,-1.0,-42.0
1776885782.4781027,3.0,-4.0,-46.0
1776885782.488103,2.0,-2.0,-38.0
1776885782.498103,9.0,-1.0,-37.0
1776885782.508103,8.0,4.0,-31.0
1776885782.5181026,6.0,6.0,-34.0
1776885782.5281026,4.0,6.0,-36.0
1776885782.5381026,7.0,11.0,-40.0
1776885782.5481029,7.0,8.0,-37.0
1776885782.5581028,4.0,7.0,-40.0
1776885782.5681028,6.0,4.0,-43.0
1776885782.5781028,5.0,1.0,-44.0
1776885782.5881028,4.0,-1.0,-38.0
1776885782.5981028,-2.0,-2.0,-40.0
1776885782.6081028,-1.0,-5.0,-43.0
1776885782.6181028,-4.0,-4.0,-51.0
1776885782.6281028,-2.0,0.0,-51.0
1776885782.6381028,0.0,1.0,-49.0
1776885782.6481028,0.0,4.0,-49.0
1776885782.6581028,0.0,2.0,-45.0
1776885782.6681027,1.0,3.0,-44.0
1776885782.6781027,-6.0,2.0,-38.0
1776885782.6881027,-8.0,1.0,-44.0
1776885782.6981027,-8.0,1.0,-40.0
1776885782.7081027,-6.0,3.0,-40.0
1776885782.7181027,-2.0,5.0,-45.0
1776885782.7281027,-2.0,3.0,-43.0
1776885782.738103,-3.0,4.0,-46.0
1776885782.748103,0.0,5.0,-46.0
1776885782.758103,0.0,2.0,-44.0
1776885782.7681026,-1.0,2.0,-49.0
1776885782.7781026,-3.0,-1.0,-45.0
1776885782.7881026,-4.0,0.0,-43.0
1776885782.7981029,0.0,-1.0,-46.0
1776885782.8081028,-1.0,-1.0,-44.0
1776885782.8181028,-3.0,-1.0,-50.0
1776885782.8281028,-6.0,-3.0,-45.0
1776885782.8381028,-5.0,-3.0,-41.0
1776885782.8481028,-1.0,-3.0,-42.0
1776885782.8581028,-7.0,-4.0,-39.0
1776885782.8681028,0.0,-6.0,-41.0
1776885782.8781028,2.0,-7.0,-43.0
1776885782.8881028,3.0,-8.0,-46.0
1776885782.8981028,3.0,-7.0,-45.0
1776885782.9081028,0.0,-1.0,-47.0
1776885782.9181027,2.0,2.0,-41.0
1776885782.9281027,1.0,4.0,-41.0
1776885782.9381027,0.0,11.0,-42.0
1776885782.9481027,0.0,7.0,-43.0
1776885782.9581027,5.0,3.0,-36.0
1776885782.9681027,1.0,1.0,-40.0
1776885782.9781027,2.0,1.0,-40.0
1776885782.988103,1.0,-2.0,-34.0
1776885782.998103,-3.0,-8.0,-32.0
1776885783.008103,1.0,-7.0,-38.0
1776885783.0181026,0.0,-3.0,-48.0
1776885783.0281026,-2.0,-3.0,-47.0
1776885783.0381026,-1.0,-7.0,-41.0
1776885783.0481029,-1.0,-9.0,-43.0
1776885783.0581028,2.0,-6.0,-40.0
1776885783.0681028,2.0,-5.0,-40.0
1776885783.0781028,3.0,-1.0,-41.0
1776885783.0881028,0.0,-4.0,-40.0
1776885783.0981028,-4.0,-7.0,-39.0
1776885783.1081028,-2.0,-7.0,-51.0
1776885783.1181028,-3.0,-4.0,-53.0
1776885783.1281028,-7.0,-2.0,-54.0
1776885783.1381028,-5.0,-9.0,-54.0
1776885783.1481028,-3.0,-8.0,-53.0
1776885783.1581028,2.0,-6.0,-51.0
1776885783.1681027,0.0,-4.0,-56.0
1776885783.1781027,2.0,-1.0,-55.0
1776885783.1881027,1.0,0.0,-51.0
1776885783.1981027,2.0,3.0,-47.0
1776885783.2081027,1.0,3.0,-44.0
1776885783.2181027,-3.0,3.0,-45.0
1776885783.2281027,-4.0,2.0,-34.0
1776885783.238103,-5.0,2.0,-32.0
1776885783.248103,-6.0,2.0,-25.0
1776885783.258103,-2.0,-4.0,-26.0
1776885783.2681026,-6.0,-4.0,-27.0
1776885783.2781026,-10.0,-4.0,-34.0
1776885783.2881026,-4.0,-4.0,-41.0
1776885783.2981029,-2.0,-3.0,-37.0
1776885783.3081028,-6.0,-2.0,-42.0
1776885783.3181028,-6.0,-2.0,-40.0
1776885783.3281028,-9.0,-1.0,-40.0
1776885783.3381028,-14.0,0.0,-46.0
1776885783.3481028,-10.0,-1.0,-43.0
1776885783.3581028,-5.0,0.0,-40.0
1776885783.3681028,-4.0,3.0,-47.0
1776885783.3781028,-5.0,-2.0,-49.0
1776885783.3881028,-7.0,-9.0,-50.0
1776885783.3981028,-5.0,-7.0,-49.0
1776885783.4081028,-1.0,-6.0,-48.0
1776885783.4181027,2.0,-4.0,-48.0
1776885783.4281027,0.0,-4.0,-50.0
1776885783.4381027,4.0,-3.0,-46.0
1776885783.4481027,5.0,-2.0,-44.0
1776885783.4581027,5.0,0.0,-50.0
1776885783.4681027,1.0,-3.0,-56.0
1776885783.4781027,-1.0,-6.0,-48.0
1776885783.488103,1.0,-3.0,-49.0
1776885783.498103,0.0,-3.0,-45.0
1776885783.508103,0.0,-4.0,-41.0
1776885783.5181026,4.0,-3.0,-33.0
1776885783.5281026,8.0,-5.0,-36.0
1776885783.5381026,4.0,-3.0,-29.0
1776885783.5481029,1.0,3.0,-34.0
1776885783.5581028,1.0,0.0,-40.0
1776885783.5681028,3.0,0.0,-38.0
1776885783.5781028,6.0,-1.0,-42.0
1776885783.5881028,0.0,1.0,-40.0
1776885783.5981028,0.0,4.0,-35.0
1776885783.6081028,3.0,2.0,-28.0
1776885783.6181028,9.0,-1.0,-36.0
1776885783.6281028,8.0,0.0,-39.0
1776885783.6381028,7.0,0.0,-43.0
1776885783.6481028,11.0,0.0,-43.0
1776885783.6581028,9.0,3.0,-43.0
1776885783.6681027,5.0,-1.0,-36.0
1776885783.6781027,6.0,-2.0,-33.0
1776885783.6881027,9.0,-3.0,-37.0
1776885783.6981027,7.0,-1.0,-36.0
1776885783.7081027,8.0,0.0,-36.0
1776885783.7181027,3.0,0.0,-41.0
1776885783.7281027,3.0,0.0,-40.0
1776885783.738103,0.0,1.0,-40.0
1776885783.748103,-1.0,-1.0,-35.0
1776885783.758103,-2.0,0.0,-32.0
1776885783.7681026,-1.0,0.0,-33.0
1776885783.7781026,1.0,-2.0,-33.0
1776885783.7881026,3.0,-2.0,-33.0
1776885783.7981029,4.0,-3.0,-37.0
1776885783.8081028,0.0,-2.0,-43.0
1776885783.8181028,0.0,-1.0,-44.0
1776885783.8281028,1.0,-1.0,-39.0
1776885783.8381028,0.0,1.0,-48.0
1776885783.8481028,1.0,0.0,-44.0
1776885783.8581028,0.0,-1.0,-42.0
1776885783.8681028,-4.0,0.0,-45.0
1776885783.8781028,-5.0,0.0,-44.0
1776885783.8881028,-7.0,4.0,-40.0
1776885783.8981028,-5.0,-1.0,-37.0
1776885783.9081028,-8.0,1.0,-36.0
1776885783.9181027,-6.0,6.0,-37.0
1776885783.9281027,-7.0,6.0,-39.0
1776885783.9381027,-6.0,5.0,-33.0
1776885783.9481027,-3.0,4.0,-27.0
1776885783.9581027,-10.0,4.0,-33.0
1776885783.9681027,-11.0,4.0,-35.0
1776885783.9781027,-11.0,1.0,-36.0
1776885783.988103,-12.0,1.0,-44.0
1776885783.998103,-5.0,1.0,-44.0
1776885784.008103,-1.0,0.0,-44.0
1776885784.0181026,-1.0,-2.0,-45.0
1776885784.0281026,-5.0,-1.0,-46.0
1776885784.0381026,-5.0,-2.0,-51.0
1776885784.0481029,-10.0,-2.0,-46.0
1776885784.0581028,-7.0,-3.0,-46.0
1776885784.0681028,-6.0,-1.0,-44.0
1776885784.0791028,-9.0,-2.0,-38.0
1776885784.0891027,-9.0,-2.0,-41.0
1776885784.0991027,-6.0,-7.0,-49.0
1776885784.1091027,-4.0,-4.0,-51.0
1776885784.1191027,-2.0,-6.0,-53.0
1776885784.1291027,0.0,-6.0,-54.0
1776885784.1391027,-4.0,-3.0,-49.0
1776885784.1491027,-3.0,-3.0,-53.0
1776885784.159103,-7.0,-3.0,-57.0
1776885784.169103,-4.0,-6.0,-55.0
1776885784.179103,-3.0,-5.0,-51.0
1776885784.1891026,-4.0,-2.0,-47.0
1776885784.1991026,-6.0,-3.0,-47.0
1776885784.2091026,2.0,-1.0,-51.0
1776885784.2191026,3.0,-2.0,-44.0
1776885784.2291028,3.0,-7.0,-52.0
1776885784.2391028,0.0,-11.0,-47.0
1776885784.2491028,-1.0,-6.0,-40.0
1776885784.2591028,-4.0,-3.0,-34.0
1776885784.2691028,-2.0,-5.0,-29.0
1776885784.2791028,-4.0,-5.0,-34.0
1776885784.2891028,-7.0,-4.0,-41.0
1776885784.2991028,-5.0,1.0,-43.0
1776885784.3091028,-4.0,5.0,-44.0
1776885784.3191028,1.0,2.0,-51.0
1776885784.3291028,-5.0,4.0,-53.0
1776885784.3391027,-4.0,2.0,-48.0
1776885784.3491027,-3.0,2.0,-48.0
1776885784.3591027,-2.0,-1.0,-41.0
1776885784.3691027,1.0,1.0,-37.0
1776885784.3791027,3.0,0.0,-30.0
1776885784.3891027,2.0,1.0,-31.0
1776885784.3991027,-1.0,0.0,-29.0
1776885784.409103,-3.0,-1.0,-35.0
1776885784.419103,-1.0,-1.0,-38.0
1776885784.429103,1.0,-2.0,-39.0
1776885784.4391026,5.0,-1.0,-42.0
1776885784.4491026,3.0,-3.0,-46.0
1776885784.4591026,-1.0,-1.0,-45.0
1776885784.4691026,-2.0,-1.0,-39.0
1776885784.4791028,1.0,-4.0,-37.0
1776885784.4891028,2.0,-5.0,-39.0
1776885784.4991028,0.0,-3.0,-39.0
1776885784.5091028,-2.0,-5.0,-39.0
1776885784.5191028,-3.0,-6.0,-40.0
1776885784.5291028,0.0,-5.0,-43.0
1776885784.5391028,0.0,-3.0,-43.0
1776885784.5491028,3.0,-5.0,-43.0
1776885784.5591028,5.0,-6.0,-42.0
1776885784.5691028,7.0,-2.0,-46.0
1776885784.5791028,4.0,-1.0,-49.0
1776885784.5891027,-1.0,-1.0,-46.0
1776885784.5991027,2.0,-2.0,-40.0
1776885784.6091027,3.0,-2.0,-37.0
1776885784.6191027,2.0,0.0,-37.0
1776885784.6291027,0.0,0.0,-35.0
1776885784.6391027,2.0,0.0,-38.0
1776885784.6491027,0.0,0.0,-43.0
1776885784.659103,0.0,1.0,-43.0
1776885784.669103,1.0,1.0,-41.0
1776885784.679103,-1.0,-1.0,-36.0
1776885784.6891026,-3.0,-2.0,-39.0
1776885784.6991026,0.0,0.0,-39.0
1776885784.7091026,2.0,0.0,-44.0
1776885784.7191026,2.0,1.0,-42.0
1776885784.7291028,3.0,3.0,-43.0
1776885784.7391028,2.0,2.0,-49.0
1776885784.7491028,10.0,1.0,-43.0
1776885784.7591028,11.0,1.0,-38.0
1776885784.7691028,13.0,3.0,-42.0
1776885784.7791028,13.0,0.0,-40.0
1776885784.7891028,9.0,-1.0,-35.0
1776885784.7991028,9.0,1.0,-41.0
1776885784.8091028,7.0,1.0,-39.0
1776885784.8191028,8.0,-1.0,-35.0
1776885784.8291028,5.0,-5.0,-36.0
1776885784.8391027,8.0,-5.0,-40.0
1776885784.8491027,6.0,-8.0,-39.0
1776885784.8591027,2.0,-11.0,-41.0
1776885784.8691027,-1.0,-9.0,-41.0
1776885784.8791027,-2.0,-8.0,-37.0
1776885784.8891027,0.0,-4.0,-34.0
1776885784.8991027,-3.0,-3.0,-37.0
1776885784.909103,-4.0,0.0,-37.0
1776885784.919103,1.0,-1.0,-41.0
1776885784.929103,-1.0,-1.0,-45.0
1776885784.9391026,-3.0,2.0,-42.0
1776885784.9491026,-1.0,3.0,-36.0
1776885784.9591026,0.0,4.0,-39.0
1776885784.9691026,-5.0,5.0,-42.0
1776885784.9791028,-5.0,2.0,-37.0
1776885784.9891028,0.0,-1.0,-42.0
1776885784.9991028,-2.0,-3.0,-50.0
1776885785.0091028,-4.0,-2.0,-50.0
1776885785.0191028,-3.0,-2.0,-39.0
1776885785.0291028,-1.0,-5.0,-43.0
1776885785.0391028,0.0,-6.0,-40.0
1776885785.0491028,-4.0,-5.0,-40.0
1776885785.0591028,-5.0,1.0,-42.0
1776885785.0691028,-6.0,0.0,-48.0
1776885785.0791028,-1.0,0.0,-45.0
1776885785.0891027,-1.0,0.0,-54.0
1776885785.0991027,0.0,0.0,-56.0
1776885785.1091027,-3.0,0.0,-57.0
1776885785.1191027,-2.0,0.0,-48.0
1776885785.1291027,-3.0,-1.0,-51.0
1776885785.1391027,-3.0,-3.0,-51.0
1776885785.1491027,-5.0,-7.0,-41.0
1776885785.159103,2.0,-6.0,-36.0
1776885785.169103,8.0,-2.0,-36.0
1776885785.179103,4.0,-1.0,-39.0
1776885785.1891026,4.0,-2.0,-40.0
1776885785.1991026,2.0,-4.0,-38.0
1776885785.2091026,-4.0,-1.0,-38.0
1776885785.2191026,-3.0,-1.0,-40.0
1776885785.2291028,-2.0,0.0,-44.0
1776885785.2391028,-4.0,-3.0,-46.0
1776885785.2491028,-5.0,-3.0,-46.0
1776885785.2591028,-5.0,0.0,-48.0
1776885785.2691028,-6.0,-1.0,-46.0
1776885785.2791028,-3.0,-1.0,-43.0
1776885785.2891028,-3.0,0.0,-42.0
1776885785.2991028,0.0,0.0,-45.0
1776885785.3091028,3.0,0.0,-49.0
1776885785.3191028,5.0,0.0,-49.0
1776885785.3291028,6.0,4.0,-47.0
1776885785.3391027,3.0,6.0,-40.0
1776885785.3491027,1.0,7.0,-40.0
1776885785.3591027,1.0,2.0,-33.0
1776885785.3691027,5.0,1.0,-32.0
1776885785.3791027,1.0,0.0,-30.0
1776885785.3891027,2.0,-4.0,-40.0
1776885785.3991027,2.0,-2.0,-47.0
1776885785.409103,1.0,-2.0,-49.0
1776885785.419103,1.0,0.0,-48.0
1776885785.429103,2.0,0.0,-44.0
1776885785.4391026,1.0,-4.0,-39.0
1776885785.4491026,-2.0,-5.0,-46.0
1776885785.4591026,-4.0,-2.0,-40.0
1776885785.4691026,-5.0,-3.0,-40.0
1776885785.4791028,0.0,-3.0,-41.0
1776885785.4891028,0.0,-2.0,-42.0
1776885785.4991028,-2.0,-6.0,-41.0
1776885785.5091028,-2.0,-5.0,-38.0
1776885785.5191028,0.0,0.0,-44.0
1776885785.5291028,2.0,0.0,-41.0
1776885785.5391028,6.0,-2.0,-40.0
1776885785.5491028,5.0,0.0,-40.0
1776885785.5591028,3.0,2.0,-38.0
1776885785.5691028,3.0,3.0,-39.0
1776885785.5791028,0.0,1.0,-35.0
1776885785.5891027,0.0,-1.0,-28.0
1776885785.5991027,-1.0,1.0,-28.0
1776885785.6091027,1.0,0.0,-23.0
1776885785.6191027,0.0,-2.0,-24.0
1776885785.6291027,-2.0,-4.0,-30.0
1776885785.6391027,-1.0,-6.0,-33.0
1776885785.6491027,-3.0,-3.0,-36.0
1776885785.659103,1.0,-4.0,-42.0
1776885785.669103,6.0,-1.0,-47.0
1776885785.679103,7.0,-1.0,-49.0
1776885785.6891026,4.0,-2.0,-44.0
1776885785.6991026,0.0,-5.0,-39.0
1776885785.7091026,0.0,-6.0,-36.0
1776885785.7191026,0.0,-6.0,-46.0
1776885785.7291028,2.0,-2.0,-42.0
1776885785.7391028,3.0,-1.0,-50.0
1776885785.7501028,0.0,0.0,-49.0
1776885785.7591028,2.0,2.0,-45.0
1776885785.7691028,0.0,4.0,-48.0
1776885785.7791028,1.0,3.0,-49.0
1776885785.7891028,4.0,2.0,-42.0
1776885785.7991028,5.0,-1.0,-49.0
1776885785.8091028,1.0,-2.0,-52.0
1776885785.8191028,3.0,-1.0,-47.0
1776885785.8291028,4.0,0.0,-43.0
1776885785.8391027,6.0,0.0,-45.0
1776885785.8491027,6.0,-2.0,-48.0
1776885785.8591027,4.0,-4.0,-38.0
1776885785.8691027,2.0,-5.0,-34.0
1776885785.8791027,2.0,0.0,-32.0
1776885785.8891027,-2.0,0.0,-34.0
1776885785.8991027,0.0,0.0,-38.0
1776885785.909103,3.0,-1.0,-39.0
1776885785.919103,5.0,0.0,-38.0
1776885785.929103,4.0,1.0,-41.0
1776885785.9391026,5.0,2.0,-42.0
1776885785.9491026,8.0,3.0,-41.0
1776885785.9591026,7.0,3.0,-48.0
1776885785.9691026,7.0,4.0,-50.0
1776885785.9791028,7.0,0.0,-48.0
1776885785.9891028,5.0,0.0,-44.0
1776885785.9991028,5.0,-3.0,-49.0
1776885786.0091028,6.0,-2.0,-37.0
1776885786.0191028,4.0,-3.0,-33.0
1776885786.0291028,1.0,-6.0,-37.0
1776885786.0391028,-3.0,-7.0,-36.0
1776885786.0491028,-2.0,-9.0,-40.0
1776885786.0601027,-1.0,-12.0,-40.0
1776885786.0701027,0.0,-7.0,-40.0
1776885786.0801027,3.0,-6.0,-43.0
1776885786.090103,7.0,-2.0,-40.0
1776885786.100103,5.0,0.0,-38.0
1776885786.110103,3.0,-1.0,-35.0
1776885786.1201026,3.0,0.0,-32.0
1776885786.1301026,2.0,2.0,-39.0
1776885786.1401026,3.0,0.0,-45.0
1776885786.1501029,2.0,3.0,-35.0
1776885786.1601028,2.0,0.0,-34.0
1776885786.1701028,1.0,0.0,-32.0
1776885786.1801028,5.0,0.0,-37.0
1776885786.1901028,5.0,1.0,-38.0
1776885786.2001028,8.0,3.0,-41.0
1776885786.2101028,1.0,3.0,-41.0
1776885786.2201028,0.0,1.0,-40.0
1776885786.2301028,0.0,-1.0,-38.0
1776885786.2401028,6.0,-9.0,-40.0
1776885786.2501028,4.0,-6.0,-39.0
1776885786.2601027,0.0,0.0,-36.0
1776885786.2701027,0.0,0.0,-27.0
1776885786.2801027,0.0,2.0,-31.0
1776885786.2901027,2.0,2.0,-32.0
1776885786.3001027,5.0,2.0,-31.0
1776885786.3101027,2.0,4.0,-37.0
1776885786.3201027,-2.0,1.0,-46.0
1776885786.3301027,-2.0,0.0,-54.0
1776885786.340103,-1.0,0.0,-49.0
1776885786.350103,-3.0,0.0,-43.0
1776885786.360103,-6.0,0.0,-42.0
1776885786.3701026,-7.0,2.0,-38.0
1776885786.3801026,-7.0,4.0,-38.0
1776885786.3901026,-7.0,0.0,-40.0
1776885786.4001029,-1.0,-2.0,-43.0
1776885786.4101028,0.0,-3.0,-38.0
1776885786.4201028,0.0,-7.0,-36.0
1776885786.4301028,0.0,-4.0,-40.0
1776885786.4401028,4.0,-6.0,-40.0
1776885786.4501028,3.0,-6.0,-41.0
1776885786.4601028,3.0,-6.0,-43.0
1776885786.4701028,-3.0,-9.0,-46.0
1776885786.4801028,-2.0,-8.0,-49.0
1776885786.4901028,-2.0,-9.0,-47.0
1776885786.5001028,1.0,-8.0,-44.0
1776885786.5101027,0.0,-4.0,-47.0
1776885786.5201027,-1.0,0.0,-53.0
1776885786.5301027,1.0,0.0,-52.0
1776885786.5401027,0.0,-3.0,-46.0
1776885786.5501027,0.0,-4.0,-44.0
1776885786.5601027,-4.0,-3.0,-43.0
1776885786.5701027,-6.0,-3.0,-48.0
1776885786.5801027,-3.0,-3.0,-48.0
1776885786.590103,0.0,-9.0,-44.0
1776885786.600103,0.0,-9.0,-46.0
1776885786.610103,2.0,-7.0,-43.0
1776885786.6201026,4.0,-2.0,-49.0
1776885786.6301026,8.0,1.0,-48.0
1776885786.6401026,7.0,0.0,-45.0
1776885786.6501029,8.0,-1.0,-45.0
1776885786.6601028,8.0,-1.0,-40.0
1776885786.6701028,6.0,-2.0,-45.0
1776885786.6801028,4.0,2.0,-47.0
1776885786.6901028,4.0,4.0,-45.0
1776885786.7001028,1.0,0.0,-43.0
1776885786.7101028,4.0,-1.0,-43.0
1776885786.7201028,5.0,-4.0,-44.0
1776885786.7301028,0.0,-4.0,-48.0
1776885786.7401028,0.0,0.0,-49.0
1776885786.7501028,-1.0,0.0,-46.0
1776885786.7601027,-2.0,2.0,-37.0
1776885786.7701027,1.0,2.0,-32.0
1776885786.7801027,7.0,1.0,-36.0
1776885786.7901027,3.0,-3.0,-42.0
1776885786.8001027,3.0,-6.0,-38.0
1776885786.8101027,0.0,-8.0,-43.0
1776885786.8201027,-5.0,-5.0,-42.0
1776885786.8301027,-7.0,0.0,-38.0
1776885786.840103,-9.0,2.0,-36.0
1776885786.850103,-6.0,1.0,-37.0
1776885786.860103,-1.0,0.0,-32.0
1776885786.8701026,2.0,3.0,-30.0
1776885786.8801026,0.0,0.0,-32.0
1776885786.8901026,-2.0,3.0,-32.0
1776885786.9001029,-1.0,0.0,-32.0
1776885786.9101028,-1.0,-1.0,-30.0
1776885786.9201028,0.0,-1.0,-28.0
1776885786.9301028,2.0,0.0,-35.0
1776885786.9401028,-2.0,0.0,-41.0
1776885786.9501028,-3.0,-1.0,-37.0
1776885786.9601028,-1.0,-3.0,-35.0
1776885786.9701028,0.0,-1.0,-31.0
1776885786.9801028,4.0,1.0,-31.0
1776885786.9901028,7.0,-5.0,-35.0
1776885787.0001028,6.0,-8.0,-34.0
1776885787.0101027,1.0,-8.0,-32.0
1776885787.0201027,-2.0,-11.0,-29.0
1776885787.0301027,1.0,-6.0,-30.0
1776885787.0401027,2.0,-6.0,-28.0
1776885787.0501027,3.0,-7.0,-29.0
1776885787.0601027,6.0,-6.0,-37.0
1776885787.0701027,3.0,-4.0,-41.0
1776885787.0801027,0.0,-4.0,-45.0
1776885787.090103,0.0,-6.0,-42.0
1776885787.100103,0.0,-3.0,-37.0
1776885787.110103,-2.0,0.0,-38.0
1776885787.1201026,-2.0,0.0,-36.0
1776885787.1301026,0.0,-2.0,-38.0
1776885787.1401026,-1.0,-5.0,-40.0
1776885787.1501029,0.0,-3.0,-42.0
1776885787.1601028,0.0,0.0,-42.0
1776885787.1701028,1.0,-1.0,-45.0
1776885787.1801028,2.0,-3.0,-47.0
1776885787.1901028,1.0,-3.0,-47.0
1776885787.2001028,-3.0,0.0,-43.0
1776885787.2101028,-1.0,-3.0,-38.0
1776885787.2201028,2.0,-4.0,-35.0
1776885787.2301028,7.0,-4.0,-36.0
1776885787.2401028,6.0,-1.0,-37.0
1776885787.2501028,2.0,-1.0,-44.0
1776885787.2601027,0.0,2.0,-40.0
1776885787.2701027,-6.0,-1.0,-41.0
1776885787.2801027,-6.0,-5.0,-38.0
1776885787.2901027,-6.0,-2.0,-32.0
1776885787.3001027,-8.0,3.0,-27.0
1776885787.3101027,-6.0,1.0,-29.0
1776885787.3201027,-3.0,5.0,-33.0
1776885787.3301027,-2.0,3.0,-36.0
1776885787.340103,0.0,5.0,-35.0
1776885787.350103,0.0,6.0,-36.0
1776885787.360103,0.0,6.0,-35.0
1776885787.3701026,0.0,1.0,-39.0
1776885787.3801026,0.0,-1.0,-48.0
1776885787.3901026,1.0,-4.0,-52.0
1776885787.4001029,2.0,-5.0,-49.0
1776885787.4101028,5.0,-1.0,-47.0
1776885787.4201028,5.0,-1.0,-47.0
1776885787.4301028,7.0,-3.0,-49.0
1776885787.4401028,9.0,0.0,-52.0
1776885787.4501028,8.0,0.0,-50.0
1776885787.4601028,10.0,-1.0,-54.0
1776885787.4701028,10.0,-2.0,-55.0
1776885787.4801028,7.0,1.0,-52.0
1776885787.4901028,6.0,-1.0,-49.0
1776885787.5001028,3.0,0.0,-44.0
1776885787.5101027,1.0,0.0,-38.0
1776885787.5201027,0.0,1.0,-42.0
1776885787.5301027,3.0,3.0,-44.0
1776885787.5401027,5.0,6.0,-45.0
1776885787.5501027,3.0,3.0,-45.0
1776885787.5601027,1.0,6.0,-44.0
1776885787.5701027,2.0,7.0,-40.0
1776885787.5801027,1.0,7.0,-40.0
1776885787.590103,0.0,5.0,-40.0
1776885787.600103,0.0,3.0,-45.0
1776885787.610103,0.0,0.0,-44.0
1776885787.6201026,2.0,-4.0,-49.0
1776885787.6301026,3.0,-8.0,-43.0
1776885787.6401026,2.0,-3.0,-33.0
1776885787.6501029,5.0,-2.0,-42.0
1776885787.6601028,10.0,-4.0,-44.0
1776885787.6701028,14.0,-4.0,-42.0
1776885787.6801028,13.0,-2.0,-49.0
1776885787.6901028,9.0,0.0,-47.0
1776885787.7001028,2.0,3.0,-38.0
1776885787.7101028,3.0,3.0,-41.0
1776885787.7201028,3.0,3.0,-41.0
1776885787.7301028,5.0,-4.0,-39.0
1776885787.7401028,4.0,-4.0,-39.0
1776885787.7501028,3.0,-3.0,-40.0
1776885787.7601027,3.0,-2.0,-38.0
1776885787.7701027,4.0,-2.0,-35.0
1776885787.7801027,0.0,0.0,-32.0
1776885787.7901027,0.0,-4.0,-31.0
1776885787.8001027,2.0,-2.0,-27.0
1776885787.8101027,2.0,-3.0,-31.0
1776885787.8201027,2.0,0.0,-29.0
1776885787.8301027,-2.0,0.0,-25.0
1776885787.840103,-1.0,-1.0,-23.0
1776885787.850103,0.0,-4.0,-24.0
1776885787.860103,0.0,-3.0,-31.0
1776885787.8701026,-1.0,-1.0,-31.0
1776885787.8801026,-1.0,-1.0,-29.0
1776885787.8901026,0.0,0.0,-25.0
1776885787.9001029,-1.0,0.0,-32.0
1776885787.9101028,0.0,2.0,-32.0
1776885787.9201028,-1.0,0.0,-29.0
1776885787.9301028,-1.0,-3.0,-32.0
1776885787.9401028,-1.0,0.0,-40.0
1776885787.9501028,-3.0,3.0,-38.0
1776885787.9601028,-3.0,0.0,-38.0
1776885787.9701028,1.0,1.0,-38.0
1776885787.9801028,0.0,0.0,-43.0
1776885787.9901028,0.0,3.0,-45.0
1776885788.0001028,2.0,4.0,-38.0
1776885788.0101027,5.0,1.0,-39.0
1776885788.0201027,3.0,2.0,-44.0
1776885788.0301027,0.0,4.0,-37.0
1776885788.0401027,-1.0,5.0,-39.0
1776885788.0501027,-2.0,2.0,-40.0
1776885788.0611026,-4.0,1.0,-40.0
1776885788.0711029,-3.0,1.0,-42.0
1776885788.0811028,-1.0,0.0,-45.0
1776885788.0911028,-1.0,0.0,-50.0
1776885788.1011028,-1.0,1.0,-40.0
1776885788.1111028,2.0,2.0,-36.0
1776885788.1211028,3.0,3.0,-32.0
1776885788.1311028,2.0,5.0,-29.0
1776885788.1411028,6.0,5.0,-30.0
1776885788.1511028,5.0,5.0,-33.0
1776885788.1611028,7.0,6.0,-31.0
1776885788.1711028,9.0,5.0,-33.0
1776885788.1811028,4.0,5.0,-33.0
1776885788.1911027,1.0,3.0,-32.0
1776885788.2011027,3.0,0.0,-33.0
1776885788.2111027,0.0,0.0,-35.0
1776885788.2211027,-2.0,-1.0,-30.0
1776885788.2311027,-4.0,-1.0,-33.0
1776885788.2411027,-6.0,0.0,-43.0
1776885788.2511027,-4.0,-1.0,-48.0
1776885788.261103,1.0,-6.0,-46.0
1776885788.271103,4.0,-5.0,-50.0
1776885788.281103,1.0,-6.0,-47.0
1776885788.2911026,0.0,-4.0,-36.0
1776885788.3011026,-2.0,-5.0,-38.0
1776885788.3111026,-7.0,-1.0,-43.0
1776885788.3211029,-12.0,0.0,-44.0
1776885788.3311028,-14.0,-1.0,-47.0
1776885788.3411028,-14.0,-2.0,-46.0
1776885788.3511028,-14.0,-1.0,-40.0
1776885788.3611028,-8.0,-1.0,-40.0
1776885788.3711028,-5.0,0.0,-45.0
1776885788.3811028,3.0,2.0,-48.0
1776885788.3911028,5.0,0.0,-53.0
1776885788.4011028,-1.0,2.0,-53.0
1776885788.4111028,-2.0,0.0,-52.0
1776885788.4211028,0.0,-6.0,-54.0
1776885788.4311028,0.0,-2.0,-40.0
1776885788.4411027,5.0,0.0,-37.0
1776885788.4511027,8.0,0.0,-33.0
1776885788.4611027,8.0,0.0,-32.0
1776885788.4711027,3.0,-2.0,-33.0
1776885788.4811027,-5.0,-6.0,-31.0
1776885788.4911027,-3.0,-8.0,-29.0
1776885788.5011027,-2.0,-5.0,-22.0
1776885788.511103,2.0,-6.0,-33.0
1776885788.521103,1.0,-8.0,-35.0
1776885788.531103,5.0,-6.0,-34.0
1776885788.5411026,5.0,-4.0,-35.0
1776885788.5511026,3.0,-5.0,-39.0
1776885788.5611026,0.0,-3.0,-39.0
1776885788.5711029,3.0,-4.0,-44.0
1776885788.5811028,4.0,-4.0,-47.0
1776885788.5911028,7.0,-2.0,-49.0
1776885788.6011028,3.0,-3.0,-47.0
1776885788.6111028,-2.0,-6.0,-41.0
1776885788.6211028,3.0,-5.0,-41.0
1776885788.6311028,0.0,-5.0,-40.0
1776885788.6411028,1.0,-2.0,-40.0
1776885788.6511028,0.0,-1.0,-38.0
1776885788.6611028,0.0,-2.0,-37.0
1776885788.6711028,-5.0,-1.0,-37.0
1776885788.6811028,-2.0,0.0,-32.0
1776885788.6911027,-1.0,0.0,-30.0
1776885788.7011027,-2.0,0.0,-31.0
1776885788.7111027,-1.0,1.0,-28.0
1776885788.7211027,-1.0,2.0,-30.0
1776885788.7311027,0.0,0.0,-30.0
1776885788.7411027,0.0,0.0,-25.0
1776885788.7511027,-2.0,0.0,-24.0
1776885788.761103,-1.0,5.0,-28.0
1776885788.771103,3.0,0.0,-31.0
1776885788.781103,5.0,-3.0,-34.0
1776885788.7911026,9.0,-8.0,-33.0
1776885788.8011026,4.0,-6.0,-36.0
1776885788.8111026,3.0,-7.0,-38.0
1776885788.8211029,5.0,-8.0,-44.0
1776885788.8311028,6.0,-4.0,-44.0
1776885788.8411028,4.0,-5.0,-45.0
1776885788.8511028,0.0,-5.0,-45.0
1776885788.8611028,5.0,-3.0,-41.0
1776885788.8711028,3.0,-3.0,-38.0
1776885788.8811028,5.0,-1.0,-34.0
1776885788.8911028,1.0,1.0,-37.0
1776885788.9011028,6.0,1.0,-35.0
1776885788.9111028,8.0,0.0,-31.0
1776885788.9211028,3.0,-3.0,-40.0
1776885788.9311028,4.0,-2.0,-42.0
1776885788.9411027,3.0,-3.0,-39.0
1776885788.9511027,2.0,-2.0,-40.0
1776885788.9611027,5.0,-4.0,-43.0
1776885788.9711027,3.0,-1.0,-43.0
1776885788.9811027,0.0,-2.0,-45.0
1776885788.9911027,1.0,-6.0,-41.0
1776885789.0011027,0.0,-5.0,-39.0
1776885789.011103,0.0,-4.0,-32.0
1776885789.021103,3.0,-5.0,-39.0
1776885789.031103,1.0,-4.0,-37.0
1776885789.0411026,-3.0,0.0,-35.0
1776885789.0511026,-2.0,-1.0,-40.0
1776885789.0611026,0.0,-1.0,-45.0
1776885789.0711029,5.0,-2.0,-42.0
1776885789.0811028,7.0,-3.0,-40.0
1776885789.0911028,4.0,-5.0,-42.0
1776885789.1011028,0.0,-6.0,-39.0
1776885789.1111028,0.0,-5.0,-43.0
1776885789.1211028,3.0,-1.0,-35.0
1776885789.1311028,6.0,-2.0,-36.0
1776885789.1411028,7.0,-5.0,-36.0
1776885789.1511028,3.0,-3.0,-36.0
1776885789.1611028,-1.0,-5.0,-37.0
1776885789.1711028,-3.0,-5.0,-32.0
1776885789.1811028,-2.0,-7.0,-38.0
1776885789.1911027,-3.0,-6.0,-37.0
1776885789.2011027,0.0,-2.0,-42.0
1776885789.2111027,-2.0,-5.0,-44.0
1776885789.2211027,-1.0,-6.0,-46.0
1776885789.2311027,0.0,-5.0,-42.0
1776885789.2411027,2.0,-9.0,-41.0
1776885789.2511027,0.0,-7.0,-41.0
1776885789.261103,5.0,-7.0,-34.0
1776885789.271103,1.0,-5.0,-27.0
1776885789.281103,1.0,-5.0,-17.0
1776885789.2911026,2.0,-5.0,-18.0
1776885789.3011026,1.0,-8.0,-27.0
1776885789.3111026,-3.0,-10.0,-32.0
1776885789.3211029,-3.0,-8.0,-26.0
1776885789.3311028,-3.0,-8.0,-28.0
1776885789.3411028,0.0,-8.0,-30.0
1776885789.3511028,0.0,-4.0,-30.0
1776885789.3611028,-1.0,-4.0,-36.0
1776885789.3711028,0.0,-2.0,-36.0
1776885789.3811028,4.0,2.0,-39.0
1776885789.3911028,5.0,5.0,-42.0
1776885789.4011028,0.0,-1.0,-40.0
1776885789.4111028,-1.0,-1.0,-36.0
1776885789.4211028,-4.0,-7.0,-41.0
1776885789.4311028,-1.0,-8.0,-37.0
1776885789.4411027,-1.0,0.0,-34.0
1776885789.4511027,-3.0,2.0,-34.0
1776885789.4611027,-2.0,2.0,-37.0
1776885789.4711027,-2.0,4.0,-40.0
1776885789.4811027,2.0,0.0,-35.0
1776885789.4911027,0.0,1.0,-25.0
1776885789.5011027,-1.0,0.0,-27.0
1776885789.511103,-1.0,-3.0,-32.0
1776885789.521103,-2.0,-7.0,-36.0
1776885789.531103,0.0,-6.0,-42.0
1776885789.5411026,-3.0,-4.0,-50.0
1776885789.5511026,-3.0,-6.0,-44.0
1776885789.5611026,-5.0,-8.0,-38.0
1776885789.5711029,-5.0,-8.0,-42.0
1776885789.5811028,0.0,-9.0,-42.0
1776885789.5911028,-2.0,-10.0,-47.0
1776885789.6011028,0.0,-9.0,-43.0
1776885789.6111028,0.0,-4.0,-39.0
1776885789.6211028,0.0,-5.0,-42.0
1776885789.6311028,2.0,-1.0,-39.0
1776885789.6411028,3.0,0.0,-41.0
1776885789.6511028,2.0,0.0,-36.0
1776885789.6611028,0.0,1.0,-37.0
1776885789.6711028,-2.0,4.0,-32.0
1776885789.6811028,-3.0,5.0,-37.0
1776885789.6911027,-8.0,3.0,-39.0
1776885789.7011027,-7.0,2.0,-40.0
1776885789.7111027,-6.0,4.0,-41.0
1776885789.7211027,-5.0,4.0,-46.0
1776885789.7311027,-3.0,0.0,-41.0
1776885789.7411027,-1.0,0.0,-39.0
1776885789.7511027,-2.0,-2.0,-38.0
1776885789.761103,1.0,-3.0,-40.0
1776885789.771103,4.0,-5.0,-42.0
1776885789.781103,7.0,-7.0,-41.0
1776885789.7911026,10.0,-8.0,-46.0
1776885789.8011026,8.0,-10.0,-44.0
1776885789.8111026,9.0,-9.0,-45.0
1776885789.8211029,5.0,-6.0,-45.0
1776885789.8311028,6.0,-4.0,-40.0
1776885789.8411028,5.0,-1.0,-34.0
1776885789.8511028,7.0,-2.0,-28.0
1776885789.8611028,11.0,2.0,-27.0
1776885789.8711028,12.0,1.0,-36.0
1776885789.8811028,4.0,5.0,-38.0
1776885789.8911028,2.0,1.0,-38.0
1776885789.9011028,0.0,-1.0,-34.0
1776885789.9111028,2.0,-4.0,-32.0
1776885789.9211028,4.0,-7.0,-38.0
1776885789.9311028,5.0,-11.0,-33.0
1776885789.9411027,3.0,-8.0,-33.0
1776885789.9511027,-1.0,-5.0,-41.0
1776885789.9611027,-3.0,-3.0,-40.0
1776885789.9711027,-4.0,-2.0,-37.0
1776885789.9811027,-1.0,-1.0,-29.0
1776885789.9911027,0.0,-1.0,-30.0
1776885790.0011027,0.0,0.0,-27.0
1776885790.0121028,-4.0,3.0,-34.0
1776885790.021103,-6.0,2.0,-37.0
1776885790.031103,-7.0,4.0,-36.0
1776885790.0411026,-4.0,2.0,-32.0
1776885790.0521028,-1.0,6.0,-35.0
1776885790.0621028,3.0,2.0,-35.0
1776885790.0721028,2.0,5.0,-42.0
1776885790.0821028,0.0,1.0,-40.0
1776885790.0921028,0.0,1.0,-42.0
1776885790.1021028,-2.0,5.0,-37.0
1776885790.1121027,-7.0,2.0,-38.0
1776885790.1221027,-4.0,0.0,-42.0
1776885790.1321027,-5.0,1.0,-40.0
1776885790.1421027,-2.0,0.0,-37.0
1776885790.1521027,-4.0,0.0,-32.0
1776885790.1621027,-2.0,0.0,-33.0
1776885790.1721027,-1.0,-2.0,-27.0
1776885790.182103,-2.0,-1.0,-25.0
1776885790.192103,0.0,0.0,-27.0
1776885790.202103,-2.0,-4.0,-32.0
1776885790.212103,-4.0,-2.0,-30.0
1776885790.2221026,-1.0,-2.0,-35.0
1776885790.2321026,-1.0,-5.0,-42.0
1776885790.2421026,-1.0,-1.0,-43.0
1776885790.2521029,-1.0,-1.0,-40.0
1776885790.2621028,-3.0,0.0,-42.0
1776885790.2721028,-2.0,-5.0,-42.0
1776885790.2821028,-3.0,-4.0,-41.0
1776885790.2921028,0.0,-2.0,-37.0
1776885790.3021028,2.0,4.0,-50.0
1776885790.3121028,1.0,0.0,-47.0
1776885790.3221028,0.0,0.0,-45.0
1776885790.3321028,3.0,1.0,-42.0
1776885790.3421028,0.0,-1.0,-44.0
1776885790.3521028,0.0,-2.0,-42.0
1776885790.3621027,1.0,-6.0,-43.0
1776885790.3721027,6.0,-6.0,-42.0
1776885790.3821027,6.0,-7.0,-39.0
1776885790.3921027,7.0,-1.0,-38.0
1776885790.4021027,6.0,0.0,-42.0
1776885790.4121027,2.0,-2.0,-46.0
1776885790.4221027,3.0,-3.0,-41.0
1776885790.432103,10.0,-5.0,-41.0
1776885790.442103,14.0,-8.0,-40.0
1776885790.452103,11.0,-8.0,-43.0
1776885790.462103,9.0,-6.0,-45.0
1776885790.4721026,6.0,-2.0,-47.0
1776885790.4821026,7.0,-1.0,-48.0
1776885790.4921026,5.0,-5.0,-56.0
1776885790.5021029,2.0,-6.0,-53.0
1776885790.5121028,4.0,-4.0,-50.0
1776885790.5221028,8.0,0.0,-47.0
1776885790.5321028,9.0,-4.0,-46.0
1776885790.5421028,0.0,-5.0,-39.0
1776885790.5521028,-2.0,-7.0,-38.0
1776885790.5621028,2.0,-8.0,-40.0
1776885790.5721028,4.0,-4.0,-42.0
1776885790.5821028,1.0,-3.0,-41.0
1776885790.5921028,1.0,-5.0,-47.0
1776885790.6021028,2.0,-3.0,-44.0
1776885790.6121027,3.0,-4.0,-46.0
1776885790.6221027,0.0,-7.0,-50.0
1776885790.6321027,0.0,-5.0,-46.0
1776885790.6421027,-2.0,-6.0,-40.0
1776885790.6521027,-2.0,-4.0,-35.0
1776885790.6621027,-2.0,-7.0,-33.0
1776885790.6721027,-3.0,-7.0,-37.0
1776885790.682103,-2.0,-9.0,-35.0
1776885790.692103,0.0,-9.0,-31.0
1776885790.702103,3.0,-13.0,-31.0
1776885790.712103,4.0,-10.0,-31.0
1776885790.7221026,7.0,-7.0,-33.0
1776885790.7321026,9.0,-6.0,-39.0
1776885790.7421026,8.0,-7.0,-42.0
1776885790.7521029,8.0,-9.0,-45.0
1776885790.7621028,6.0,-8.0,-47.0
1776885790.7721028,3.0,-5.0,-43.0
1776885790.7821028,5.0,-6.0,-47.0
1776885790.7921028,4.0,-5.0,-43.0
1776885790.8021028,0.0,-5.0,-45.0
1776885790.8121028,0.0,-7.0,-46.0
1776885790.8221028,2.0,-5.0,-45.0
1776885790.8321028,3.0,-1.0,-42.0
1776885790.8421028,6.0,-2.0,-33.0
1776885790.8521028,8.0,-2.0,-29.0
1776885790.8621027,4.0,-3.0,-23.0
1776885790.8721027,0.0,-2.0,-17.0
1776885790.8821027,0.0,-5.0,-26.0
1776885790.8921027,2.0,-8.0,-35.0
1776885790.9021027,2.0,-12.0,-36.0
1776885790.9121027,1.0,-12.0,-43.0
1776885790.9221027,3.0,-8.0,-51.0
1776885790.932103,0.0,-4.0,-47.0
1776885790.942103,-3.0,-4.0,-50.0
1776885790.952103,0.0,-3.0,-49.0
1776885790.962103,1.0,-6.0,-46.0
1776885790.9721026,1.0,-6.0,-46.0
1776885790.9821026,4.0,-5.0,-46.0
1776885790.9921026,5.0,-5.0,-49.0
1776885791.0021029,5.0,-3.0,-54.0
1776885791.0121028,5.0,0.0,-52.0
1776885791.0221028,1.0,3.0,-53.0
1776885791.0321028,1.0,6.0,-47.0
1776885791.0421028,-3.0,6.0,-41.0
1776885791.0521028,-2.0,4.0,-38.0
1776885791.0621028,1.0,2.0,-41.0
1776885791.0721028,9.0,-2.0,-40.0
1776885791.0821028,8.0,-5.0,-38.0
1776885791.0921028,4.0,-6.0,-33.0
1776885791.1021028,2.0,-7.0,-32.0
1776885791.1121027,2.0,-8.0,-30.0
1776885791.1221027,-1.0,-7.0,-27.0
1776885791.1321027,0.0,-5.0,-34.0
1776885791.1421027,1.0,-6.0,-42.0
1776885791.1521027,2.0,-5.0,-44.0
1776885791.1621027,0.0,-6.0,-44.0
1776885791.1721027,2.0,-5.0,-42.0
1776885791.182103,4.0,-1.0,-44.0
1776885791.192103,0.0,1.0,-44.0
1776885791.202103,0.0,5.0,-40.0
1776885791.212103,0.0,5.0,-37.0
1776885791.2221026,0.0,-2.0,-32.0
1776885791.2321026,-3.0,-1.0,-29.0
1776885791.2421026,-2.0,0.0,-30.0
1776885791.2521029,-2.0,0.0,-34.0
1776885791.2621028,-4.0,-5.0,-27.0
1776885791.2721028,-5.0,-7.0,-27.0
1776885791.2821028,-7.0,-3.0,-24.0
1776885791.2921028,-8.0,-1.0,-25.0
1776885791.3021028,-7.0,-5.0,-26.0
1776885791.3121028,-9.0,-10.0,-27.0
1776885791.3221028,-5.0,-6.0,-35.0
1776885791.3321028,-7.0,-9.0,-36.0
1776885791.3421028,-11.0,-11.0,-39.0
1776885791.3521028,-4.0,-12.0,-35.0
1776885791.3621027,-3.0,-11.0,-38.0
1776885791.3721027,-8.0,-7.0,-41.0
1776885791.3821027,-8.0,-5.0,-42.0
1776885791.3921027,-5.0,-4.0,-43.0
1776885791.4021027,-2.0,-2.0,-40.0
1776885791.4121027,6.0,-3.0,-41.0
1776885791.4221027,6.0,-5.0,-36.0
1776885791.432103,0.0,-3.0,-39.0
1776885791.442103,0.0,-3.0,-40.0
1776885791.452103,0.0,-2.0,-42.0
1776885791.462103,6.0,-4.0,-39.0
1776885791.4721026,2.0,-4.0,-41.0
1776885791.4821026,-2.0,-4.0,-39.0
1776885791.4921026,-5.0,-5.0,-44.0
1776885791.5021029,-4.0,-9.0,-44.0
1776885791.5121028,-1.0,-4.0,-44.0
1776885791.5221028,-2.0,-1.0,-44.0
1776885791.5321028,-2.0,-1.0,-41.0
1776885791.5421028,3.0,3.0,-49.0
1776885791.5521028,3.0,6.0,-45.0
1776885791.5621028,-1.0,6.0,-41.0
1776885791.5721028,0.0,7.0,-45.0
1776885791.5821028,-1.0,5.0,-41.0
1776885791.5921028,-4.0,4.0,-38.0
1776885791.6021028,-4.0,2.0,-39.0
1776885791.6121027,-3.0,0.0,-37.0
1776885791.6221027,-5.0,-1.0,-44.0
1776885791.6321027,-1.0,0.0,-48.0
1776885791.6421027,1.0,-1.0,-49.0
1776885791.6521027,-1.0,-1.0,-41.0
1776885791.6621027,1.0,-2.0,-37.0
1776885791.6721027,2.0,-3.0,-30.0
1776885791.682103,3.0,-3.0,-28.0
1776885791.692103,4.0,-6.0,-34.0
1776885791.702103,5.0,-4.0,-33.0
1776885791.712103,-1.0,-6.0,-41.0
1776885791.7221026,-9.0,-7.0,-46.0
1776885791.7321026,-6.0,-10.0,-44.0
1776885791.7421026,-3.0,-2.0,-35.0
1776885791.7521029,-3.0,0.0,-37.0
1776885791.7621028,-3.0,1.0,-36.0
1776885791.7721028,-4.0,0.0,-35.0
1776885791.7821028,-7.0,0.0,-34.0
1776885791.7921028,-3.0,-1.0,-37.0
1776885791.8021028,0.0,0.0,-47.0
1776885791.8121028,3.0,0.0,-45.0
1776885791.8221028,0.0,4.0,-45.0
1776885791.8321028,5.0,4.0,-49.0
1776885791.8421028,3.0,1.0,-51.0
1776885791.8521028,3.0,1.0,-45.0
1776885791.8621027,8.0,4.0,-45.0
1776885791.8721027,10.0,5.0,-49.0
1776885791.8821027,9.0,3.0,-42.0
1776885791.8921027,6.0,2.0,-45.0
1776885791.9021027,0.0,1.0,-41.0
1776885791.9121027,-2.0,-4.0,-42.0
1776885791.9221027,2.0,-8.0,-41.0
1776885791.932103,0.0,-10.0,-39.0
1776885791.942103,-3.0,-8.0,-39.0
1776885791.952103,1.0,-7.0,-49.0
1776885791.962103,1.0,-8.0,-48.0
1776885791.9721026,0.0,-6.0,-42.0
1776885791.9821026,1.0,-2.0,-36.0
1776885791.9921026,-4.0,-4.0,-34.0
1776885792.0021029,-3.0,-2.0,-36.0
1776885792.0121028,-1.0,0.0,-37.0
1776885792.0231028,0.0,1.0,-34.0
1776885792.0331028,-1.0,4.0,-32.0
1776885792.0431027,2.0,1.0,-36.0
1776885792.0531027,0.0,-3.0,-34.0
1776885792.0631027,2.0,0.0,-39.0
1776885792.0731027,-5.0,0.0,-40.0
1776885792.0831027,-1.0,-2.0,-39.0
1776885792.0931027,-1.0,-1.0,-40.0
1776885792.1031027,-1.0,-3.0,-43.0
1776885792.113103,-4.0,-1.0,-46.0
1776885792.123103,-8.0,0.0,-49.0
1776885792.133103,-6.0,-3.0,-45.0
1776885792.1431026,-4.0,-8.0,-43.0
1776885792.1531026,0.0,-6.0,-47.0
1776885792.1631026,0.0,-4.0,-39.0
1776885792.1731029,-3.0,-1.0,-39.0
1776885792.1831028,-7.0,-2.0,-34.0
1776885792.1931028,-7.0,2.0,-31.0
1776885792.2031028,-7.0,0.0,-35.0
1776885792.2131028,-7.0,3.0,-38.0
1776885792.2231028,-3.0,4.0,-34.0
1776885792.2331028,0.0,1.0,-34.0
1776885792.2431028,0.0,2.0,-28.0
1776885792.2531028,-1.0,0.0,-25.0
1776885792.2631028,-1.0,-2.0,-31.0
1776885792.2731028,3.0,0.0,-35.0
1776885792.2831028,6.0,2.0,-31.0
1776885792.2931027,5.0,5.0,-35.0
1776885792.3031027,6.0,1.0,-38.0
1776885792.3131027,7.0,-2.0,-42.0
1776885792.3231027,2.0,-2.0,-37.0
1776885792.3331027,4.0,-4.0,-39.0
1776885792.3431027,4.0,-3.0,-41.0
1776885792.3531027,2.0,0.0,-44.0
1776885792.363103,3.0,-1.0,-39.0
1776885792.373103,4.0,-1.0,-41.0
1776885792.383103,10.0,-4.0,-39.0
1776885792.3931026,10.0,-3.0,-44.0
1776885792.4031026,6.0,-1.0,-43.0
1776885792.4131026,6.0,-1.0,-48.0
1776885792.4231029,2.0,0.0,-48.0
1776885792.4331028,0.0,1.0,-51.0
1776885792.4431028,-1.0,-1.0,-45.0
1776885792.4531028,0.0,-4.0,-41.0
1776885792.4631028,7.0,-4.0,-39.0
1776885792.4731028,6.0,-4.0,-37.0
1776885792.4831028,4.0,-4.0,-36.0
1776885792.4931028,1.0,-4.0,-33.0
1776885792.5031028,0.0,-1.0,-32.0
1776885792.5131028,0.0,-2.0,-30.0
1776885792.5231028,0.0,-1.0,-33.0
1776885792.5331028,1.0,3.0,-40.0
1776885792.5431027,4.0,0.0,-36.0
1776885792.5531027,3.0,1.0,-43.0
1776885792.5631027,4.0,1.0,-39.0
1776885792.5731027,3.0,0.0,-40.0
1776885792.5831027,3.0,-1.0,-43.0
1776885792.5931027,7.0,-2.0,-41.0
1776885792.6031027,8.0,1.0,-33.0
1776885792.613103,6.0,3.0,-32.0
1776885792.623103,6.0,3.0,-35.0
1776885792.633103,7.0,0.0,-39.0
1776885792.6431026,5.0,-2.0,-37.0
1776885792.6531026,5.0,0.0,-42.0
1776885792.6631026,1.0,-1.0,-46.0
1776885792.6731029,0.0,-1.0,-53.0
1776885792.6831028,-2.0,-1.0,-50.0
1776885792.6931028,0.0,-1.0,-53.0
1776885792.7031028,3.0,-2.0,-51.0
1776885792.7131028,0.0,-6.0,-49.0
1776885792.7231028,-1.0,-3.0,-43.0
1776885792.7331028,0.0,-6.0,-44.0
1776885792.7431028,0.0,-3.0,-50.0
1776885792.7531028,1.0,-5.0,-50.0
1776885792.7631028,0.0,-3.0,-45.0
1776885792.7731028,-3.0,-1.0,-43.0
1776885792.7831028,-6.0,-2.0,-41.0
1776885792.7931027,-7.0,-8.0,-35.0
1776885792.8031027,-4.0,-10.0,-29.0
1776885792.8131027,0.0,-6.0,-27.0
1776885792.8231027,1.0,-6.0,-28.0
1776885792.8331027,1.0,-6.0,-30.0
1776885792.8431027,4.0,-3.0,-32.0
1776885792.8531027,2.0,-3.0,-42.0
1776885792.863103,0.0,-3.0,-43.0
1776885792.873103,1.0,-3.0,-47.0
1776885792.883103,0.0,-4.0,-44.0
1776885792.8931026,2.0,-5.0,-45.0
1776885792.9031026,0.0,-6.0,-46.0
1776885792.9131026,-3.0,-5.0,-40.0
1776885792.9231029,0.0,-2.0,-41.0
1776885792.9331028,1.0,-4.0,-36.0
1776885792.9431028,1.0,-1.0,-38.0
1776885792.9531028,-1.0,1.0,-38.0
1776885792.9631028,-4.0,-2.0,-45.0
1776885792.9731028,-1.0,0.0,-47.0
1776885792.9831028,-1.0,0.0,-38.0
1776885792.9931028,-2.0,-4.0,-39.0
1776885793.0031028,-1.0,-8.0,-49.0
1776885793.0131028,1.0,-3.0,-56.0
1776885793.0231028,1.0,0.0,-52.0
1776885793.0331028,3.0,-1.0,-48.0
1776885793.0431027,3.0,-2.0,-43.0
1776885793.0531027,4.0,0.0,-47.0
1776885793.0631027,2.0,-2.0,-45.0
1776885793.0731027,4.0,-1.0,-44.0
1776885793.0831027,1.0,2.0,-46.0
1776885793.0931027,2.0,0.0,-51.0
1776885793.1031027,4.0,-1.0,-51.0
1776885793.113103,1.0,-3.0,-43.0
1776885793.123103,-2.0,-4.0,-46.0
1776885793.133103,-6.0,-6.0,-45.0
1776885793.1431026,-4.0,-4.0,-48.0
1776885793.1531026,-4.0,-3.0,-44.0
1776885793.1631026,-4.0,3.0,-46.0
1776885793.1731029,-2.0,2.0,-41.0
1776885793.1831028,0.0,3.0,-40.0
1776885793.1931028,3.0,2.0,-35.0
1776885793.2031028,3.0,6.0,-34.0
1776885793.2131028,-2.0,3.0,-33.0
1776885793.2231028,-5.0,2.0,-38.0
1776885793.2331028,1.0,1.0,-35.0
1776885793.2431028,3.0,-3.0,-41.0
1776885793.2531028,6.0,0.0,-43.0
1776885793.2631028,7.0,-2.0,-37.0
1776885793.2731028,7.0,-2.0,-38.0
1776885793.2831028,9.0,0.0,-39.0
1776885793.2931027,3.0,0.0,-31.0
1776885793.3031027,4.0,-3.0,-30.0
1776885793.3131027,5.0,-1.0,-35.0
1776885793.3231027,4.0,-4.0,-40.0
1776885793.3331027,2.0,-5.0,-38.0
1776885793.3431027,2.0,-2.0,-41.0
1776885793.3531027,1.0,-1.0,-39.0
1776885793.363103,3.0,-1.0,-38.0
1776885793.373103,0.0,0.0,-39.0
1776885793.383103,0.0,2.0,-34.0
1776885793.3931026,4.0,0.0,-38.0
1776885793.4031026,5.0,-2.0,-39.0
1776885793.4131026,5.0,1.0,-40.0
1776885793.4231029,6.0,1.0,-38.0
1776885793.4331028,7.0,0.0,-40.0
1776885793.4431028,8.0,4.0,-42.0
1776885793.4531028,4.0,4.0,-46.0
1776885793.4631028,2.0,0.0,-45.0
1776885793.4731028,0.0,-2.0,-47.0
1776885793.4831028,1.0,-2.0,-45.0
1776885793.4931028,2.0,-4.0,-38.0
1776885793.5031028,3.0,0.0,-31.0
1776885793.5131028,0.0,2.0,-34.0
1776885793.5231028,-4.0,2.0,-39.0
1776885793.5331028,-10.0,3.0,-40.0
1776885793.5431027,-5.0,4.0,-37.0
1776885793.5531027,-5.0,3.0,-40.0
1776885793.5631027,-2.0,5.0,-42.0
1776885793.5731027,0.0,3.0,-35.0
1776885793.5831027,0.0,0.0,-34.0
1776885793.5931027,0.0,0.0,-38.0
1776885793.6031027,0.0,-3.0,-33.0
1776885793.613103,1.0,-2.0,-38.0
1776885793.623103,3.0,-5.0,-35.0
1776885793.633103,2.0,-5.0,-37.0
1776885793.6431026,6.0,-8.0,-45.0
1776885793.6531026,7.0,-9.0,-40.0
1776885793.6631026,6.0,-5.0,-37.0
1776885793.6731029,6.0,-2.0,-40.0
1776885793.6831028,3.0,0.0,-44.0
1776885793.6931028,6.0,1.0,-48.0
1776885793.7031028,8.0,-4.0,-42.0
1776885793.7131028,5.0,-1.0,-40.0
1776885793.7231028,3.0,0.0,-37.0
1776885793.7331028,1.0,0.0,-36.0
1776885793.7431028,0.0,-1.0,-36.0
1776885793.7531028,-1.0,0.0,-31.0
1776885793.7631028,-4.0,0.0,-35.0
1776885793.7731028,-1.0,-6.0,-41.0
1776885793.7831028,-3.0,-4.0,-42.0
1776885793.7931027,3.0,0.0,-41.0
1776885793.8031027,0.0,1.0,-40.0
1776885793.8131027,-5.0,3.0,-44.0
1776885793.8231027,-8.0,2.0,-42.0
1776885793.8331027,-7.0,-2.0,-39.0
1776885793.8431027,-6.0,-3.0,-46.0
1776885793.8531027,-7.0,-6.0,-41.0
1776885793.863103,-8.0,-5.0,-42.0
1776885793.873103,-7.0,-4.0,-36.0
1776885793.883103,-3.0,-1.0,-34.0
1776885793.8931026,-2.0,0.0,-39.0
1776885793.9031026,3.0,0.0,-43.0
1776885793.9131026,2.0,0.0,-44.0
1776885793.9231029,4.0,0.0,-40.0
1776885793.9331028,1.0,-2.0,-35.0
1776885793.9431028,0.0,-3.0,-32.0
1776885793.9531028,-6.0,0.0,-33.0
1776885793.9631028,-7.0,2.0,-36.0
1776885793.9731028,-4.0,0.0,-38.0
1776885793.9831028,-5.0,6.0,-37.0
1776885793.9931028,-10.0,10.0,-40.0
1776885794.0031028,-6.0,4.0,-42.0
1776885794.0131028,-8.0,0.0,-39.0
1776885794.0241027,-9.0,-3.0,-40.0
1776885794.034103,-10.0,-3.0,-40.0
1776885794.044103,-6.0,0.0,-44.0
1776885794.054103,-3.0,-3.0,-50.0
1776885794.0641026,-3.0,-2.0,-56.0
1776885794.0741026,-1.0,-2.0,-56.0
1776885794.0841026,-3.0,0.0,-48.0
1776885794.0941026,-3.0,2.0,-47.0
1776885794.1041028,-7.0,0.0,-53.0
1776885794.1141028,-2.0,0.0,-46.0
1776885794.1241028,-1.0,-4.0,-45.0
1776885794.1341028,-4.0,-5.0,-38.0
1776885794.1441028,0.0,-7.0,-33.0
1776885794.1541028,-2.0,-7.0,-29.0
1776885794.1641028,-2.0,-5.0,-35.0
1776885794.1741028,0.0,-5.0,-33.0
1776885794.1841028,-2.0,-3.0,-36.0
1776885794.1941028,-8.0,0.0,-33.0
1776885794.2041028,-11.0,4.0,-31.0
1776885794.2141027,-9.0,3.0,-33.0
1776885794.2241027,-6.0,1.0,-35.0
1776885794.2341027,-3.0,2.0,-37.0
1776885794.2441027,-1.0,2.0,-37.0
1776885794.2541027,-3.0,2.0,-34.0
1776885794.2641027,-5.0,1.0,-37.0
1776885794.2741027,-2.0,4.0,-44.0
1776885794.284103,0.0,2.0,-38.0
1776885794.294103,1.0,7.0,-37.0
1776885794.304103,-1.0,7.0,-34.0
1776885794.3141026,-5.0,8.0,-35.0
1776885794.3241026,-6.0,10.0,-35.0
1776885794.3341026,-8.0,8.0,-34.0
1776885794.3441026,-8.0,5.0,-31.0
1776885794.3541028,-4.0,4.0,-33.0
1776885794.3641028,-4.0,2.0,-29.0
1776885794.3741028,0.0,0.0,-28.0
1776885794.3841028,0.0,1.0,-31.0
1776885794.3941028,2.0,-1.0,-37.0
1776885794.4051027,0.0,-3.0,-37.0
1776885794.4141028,0.0,-2.0,-44.0
1776885794.4241028,0.0,-4.0,-43.0
1776885794.4341028,3.0,-8.0,-44.0
1776885794.4441028,6.0,-10.0,-43.0
1776885794.4541028,4.0,-8.0,-46.0
1776885794.4641027,0.0,-4.0,-39.0
1776885794.4741027,3.0,-2.0,-41.0
1776885794.4841027,6.0,1.0,-39.0
1776885794.4941027,6.0,1.0,-33.0
1776885794.5041027,0.0,6.0,-31.0
1776885794.5141027,-3.0,4.0,-28.0
1776885794.5241027,0.0,3.0,-30.0
1776885794.534103,0.0,1.0,-35.0
1776885794.544103,1.0,0.0,-32.0
1776885794.554103,2.0,1.0,-33.0
1776885794.5641026,3.0,-2.0,-35.0
1776885794.5741026,1.0,-2.0,-36.0
1776885794.5841026,2.0,-2.0,-42.0
1776885794.5941026,-1.0,-3.0,-37.0
1776885794.6041028,1.0,-1.0,-32.0
1776885794.6141028,1.0,4.0,-30.0
1776885794.6241028,5.0,0.0,-40.0
1776885794.6341028,4.0,2.0,-36.0
1776885794.6441028,3.0,5.0,-41.0
1776885794.6541028,1.0,0.0,-41.0
1776885794.6641028,4.0,0.0,-41.0
1776885794.6741028,6.0,-3.0,-42.0
1776885794.6841028,6.0,-5.0,-48.0
1776885794.6941028,4.0,-1.0,-47.0
1776885794.7041028,0.0,0.0,-42.0
1776885794.7141027,5.0,0.0,-46.0
1776885794.7241027,4.0,-2.0,-49.0
1776885794.7341027,5.0,-4.0,-43.0
1776885794.7441027,2.0,-3.0,-39.0
1776885794.7541027,0.0,-8.0,-36.0
1776885794.7641027,0.0,-5.0,-40.0
1776885794.7741027,3.0,-6.0,-37.0
1776885794.784103,1.0,-6.0,-42.0
1776885794.794103,1.0,-5.0,-46.0
1776885794.804103,2.0,-5.0,-44.0
1776885794.8141026,2.0,-6.0,-43.0
1776885794.8241026,-3.0,-1.0,-42.0
1776885794.8341026,-3.0,0.0,-40.0
1776885794.8441026,-3.0,1.0,-35.0
1776885794.8541028,-4.0,1.0,-37.0
1776885794.8641028,-3.0,1.0,-34.0
1776885794.8741028,-1.0,0.0,-41.0
1776885794.8841028,0.0,-1.0,-39.0
1776885794.8941028,1.0,-1.0,-31.0
1776885794.9041028,0.0,0.0,-33.0
1776885794.9141028,2.0,0.0,-39.0
1776885794.9241028,3.0,3.0,-36.0
1776885794.9341028,4.0,6.0,-36.0
1776885794.9441028,5.0,4.0,-40.0
1776885794.9541028,6.0,0.0,-44.0
1776885794.9641027,3.0,0.0,-40.0
1776885794.9741027,1.0,1.0,-45.0
1776885794.9841027,-3.0,3.0,-45.0
1776885794.9941027,-5.0,1.0,-51.0
1776885795.0041027,-4.0,2.0,-50.0
1776885795.0141027,-1.0,1.0,-43.0
1776885795.0241027,-1.0,-1.0,-42.0
1776885795.034103,0.0,-4.0,-42.0
1776885795.044103,1.0,-1.0,-38.0
1776885795.054103,0.0,-2.0,-38.0
1776885795.0641026,-3.0,-3.0,-38.0
1776885795.0741026,-2.0,-5.0,-35.0
1776885795.0841026,0.0,0.0,-36.0
1776885795.0941026,0.0,-2.0,-42.0
1776885795.1041028,4.0,-2.0,-42.0
1776885795.1141028,4.0,-5.0,-45.0
1776885795.1241028,3.0,-6.0,-48.0
1776885795.1341028,3.0,-4.0,-54.0
1776885795.1441028,0.0,-4.0,-55.0
1776885795.1541028,0.0,-4.0,-55.0
1776885795.1641028,0.0,-8.0,-43.0
1776885795.1741028,5.0,-1.0,-38.0
1776885795.1841028,5.0,3.0,-38.0
1776885795.1941028,5.0,2.0,-33.0
1776885795.2041028,2.0,4.0,-32.0
1776885795.2141027,5.0,6.0,-32.0
1776885795.2241027,4.0,2.0,-35.0
1776885795.2341027,3.0,-1.0,-41.0
1776885795.2441027,1.0,1.0,-41.0
1776885795.2541027,0.0,-3.0,-41.0
1776885795.2641027,-2.0,-3.0,-39.0
1776885795.2741027,0.0,-2.0,-41.0
1776885795.284103,-3.0,-4.0,-43.0
1776885795.294103,0.0,-2.0,-39.0
1776885795.304103,0.0,-2.0,-44.0
1776885795.3141026,0.0,-1.0,-43.0
1776885795.3241026,0.0,0.0,-38.0
1776885795.3341026,-2.0,-1.0,-40.0
1776885795.3441026,1.0,1.0,-32.0
1776885795.3541028,0.0,0.0,-30.0
1776885795.3641028,0.0,-1.0,-22.0
1776885795.3741028,-3.0,-2.0,-21.0
1776885795.3841028,-5.0,-6.0,-25.0
1776885795.3941028,-4.0,-9.0,-24.0
1776885795.4041028,-6.0,-5.0,-26.0
1776885795.4141028,-8.0,-5.0,-32.0
1776885795.4241028,-6.0,-2.0,-35.0
1776885795.4341028,-7.0,-3.0,-38.0
1776885795.4441028,-8.0,0.0,-32.0
1776885795.4541028,-7.0,1.0,-25.0
1776885795.4641027,-2.0,0.0,-34.0
1776885795.4741027,2.0,-2.0,-32.0
1776885795.4841027,0.0,-3.0,-34.0
1776885795.4941027,-3.0,-1.0,-33.0
1776885795.5041027,-7.0,-1.0,-37.0
1776885795.5141027,-10.0,0.0,-33.0
1776885795.5241027,-7.0,0.0,-39.0
1776885795.534103,-3.0,0.0,-43.0
1776885795.544103,-6.0,1.0,-43.0
1776885795.554103,-3.0,1.0,-45.0
1776885795.5641026,-5.0,1.0,-45.0
1776885795.5741026,-5.0,0.0,-46.0
1776885795.5841026,-2.0,3.0,-46.0
1776885795.5941026,0.0,8.0,-47.0
1776885795.6041028,-1.0,5.0,-38.0
1776885795.6141028,-3.0,3.0,-44.0
1776885795.6241028,-3.0,1.0,-42.0
1776885795.6341028,-3.0,-2.0,-47.0
1776885795.6441028,-9.0,-1.0,-49.0
1776885795.6541028,-5.0,-2.0,-42.0
1776885795.6641028,-2.0,-4.0,-36.0
1776885795.6741028,0.0,-3.0,-35.0
1776885795.6841028,0.0,-4.0,-35.0
1776885795.6941028,0.0,-4.0,-42.0
1776885795.7041028,-3.0,-5.0,-45.0
1776885795.7141027,-2.0,-3.0,-44.0
1776885795.7241027,-1.0,-6.0,-44.0
1776885795.7341027,6.0,-3.0,-40.0
1776885795.7441027,6.0,-3.0,-35.0
1776885795.7541027,7.0,-4.0,-35.0
1776885795.7641027,4.0,-5.0,-47.0
1776885795.7741027,3.0,-4.0,-46.0
1776885795.784103,4.0,0.0,-43.0
1776885795.794103,0.0,2.0,-47.0
1776885795.804103,2.0,2.0,-44.0
1776885795.8141026,0.0,-1.0,-41.0
1776885795.8241026,-1.0,0.0,-36.0
1776885795.8341026,-6.0,1.0,-42.0
1776885795.8441026,-3.0,0.0,-42.0
1776885795.8541028,-1.0,-3.0,-39.0
1776885795.8641028,-2.0,-9.0,-38.0
1776885795.8741028,-3.0,-10.0,-41.0
1776885795.8841028,-6.0,-11.0,-50.0
1776885795.8941028,-1.0,-11.0,-50.0
1776885795.9041028,2.0,-10.0,-52.0
1776885795.9141028,5.0,-9.0,-47.0
1776885795.9241028,1.0,-8.0,-39.0
1776885795.9341028,-3.0,-5.0,-35.0
1776885795.9441028,-4.0,-4.0,-37.0
1776885795.9541028,-4.0,-7.0,-37.0
1776885795.9641027,-4.0,-7.0,-37.0
1776885795.9741027,-5.0,-6.0,-30.0
1776885795.9841027,-4.0,-7.0,-32.0
1776885795.9941027,-4.0,-3.0,-33.0
1776885796.0041027,-2.0,-2.0,-31.0
1776885796.0151026,0.0,1.0,-33.0
1776885796.0251029,0.0,7.0,-33.0
1776885796.0351028,0.0,6.0,-41.0
1776885796.0451028,-3.0,3.0,-48.0
1776885796.0551028,1.0,-3.0,-45.0
1776885796.0651028,1.0,0.0,-47.0
1776885796.0751028,0.0,1.0,-48.0
1776885796.0851028,-3.0,2.0,-45.0
1776885796.0951028,-2.0,5.0,-49.0
1776885796.1051028,1.0,2.0,-54.0
1776885796.1151028,5.0,0.0,-51.0
1776885796.1251028,2.0,-2.0,-45.0
1776885796.1351027,-3.0,-1.0,-46.0
1776885796.1451027,0.0,1.0,-49.0
1776885796.1551027,0.0,1.0,-48.0
1776885796.1651027,-3.0,3.0,-46.0
1776885796.1751027,-7.0,2.0,-45.0
1776885796.1851027,-11.0,1.0,-43.0
1776885796.1951027,-9.0,2.0,-39.0
1776885796.2051027,-4.0,3.0,-36.0
1776885796.215103,-4.0,1.0,-35.0
1776885796.225103,-4.0,0.0,-38.0
1776885796.235103,-3.0,-2.0,-36.0
1776885796.2451026,2.0,-2.0,-33.0
1776885796.2551026,1.0,-5.0,-34.0
1776885796.2651026,4.0,-7.0,-38.0
1776885796.2751029,6.0,-4.0,-42.0
1776885796.2851028,0.0,-7.0,-47.0
1776885796.2951028,-2.0,-9.0,-49.0
1776885796.3051028,-3.0,-2.0,-49.0
1776885796.3151028,-1.0,-2.0,-52.0
1776885796.3251028,-2.0,-4.0,-46.0
1776885796.3351028,-2.0,-4.0,-52.0
1776885796.3451028,-1.0,-3.0,-49.0
1776885796.3551028,-1.0,-4.0,-43.0
1776885796.3651028,-2.0,-3.0,-41.0
1776885796.3751028,1.0,-5.0,-42.0
1776885796.3851027,4.0,0.0,-46.0
1776885796.3951027,9.0,-1.0,-42.0
1776885796.4051027,7.0,5.0,-43.0
1776885796.4151027,4.0,2.0,-41.0
1776885796.4251027,0.0,0.0,-47.0
1776885796.4351027,1.0,-2.0,-49.0
1776885796.4451027,0.0,-2.0,-52.0
1776885796.4551027,3.0,-3.0,-47.0
1776885796.465103,1.0,-5.0,-49.0
1776885796.475103,0.0,-6.0,-49.0
1776885796.485103,1.0,-5.0,-47.0
1776885796.4951026,-1.0,-6.0,-46.0
1776885796.5051026,-3.0,-8.0,-45.0
1776885796.5151026,0.0,-8.0,-39.0
1776885796.5251029,0.0,-6.0,-29.0
1776885796.5351028,-4.0,-5.0,-31.0
1776885796.5451028,-3.0,-1.0,-33.0
1776885796.5551028,-3.0,-3.0,-37.0
1776885796.5651028,-6.0,-1.0,-37.0
1776885796.5751028,-5.0,0.0,-42.0
1776885796.5851028,-1.0,0.0,-48.0
1776885796.5951028,0.0,-3.0,-49.0
1776885796.6051028,-2.0,-3.0,-43.0
1776885796.6151028,1.0,0.0,-38.0
1776885796.6251028,0.0,-1.0,-31.0
1776885796.6351027,6.0,-1.0,-41.0
1776885796.6451027,4.0,0.0,-35.0
1776885796.6551027,4.0,0.0,-35.0
1776885796.6651027,4.0,0.0,-32.0
1776885796.6751027,6.0,-1.0,-38.0
1776885796.6851027,4.0,0.0,-37.0
1776885796.6951027,2.0,-3.0,-34.0
1776885796.7051027,3.0,-2.0,-32.0
1776885796.715103,0.0,-3.0,-34.0
1776885796.725103,-1.0,0.0,-36.0
1776885796.735103,0.0,-1.0,-37.0
1776885796.7451026,0.0,-3.0,-39.0
1776885796.7551026,-2.0,-3.0,-37.0
1776885796.7651026,-2.0,-2.0,-33.0
1776885796.7751029,-4.0,-3.0,-34.0
1776885796.7851028,0.0,-2.0,-38.0
1776885796.7951028,4.0,-3.0,-36.0
1776885796.8051028,1.0,-7.0,-38.0
1776885796.8151028,2.0,-6.0,-40.0
1776885796.8251028,0.0,-5.0,-37.0
1776885796.8351028,4.0,-3.0,-37.0
1776885796.8451028,2.0,0.0,-41.0
1776885796.8551028,3.0,1.0,-37.0
1776885796.8651028,3.0,3.0,-44.0
1776885796.8751028,1.0,3.0,-47.0
1776885796.8851027,4.0,2.0,-41.0
1776885796.8951027,9.0,0.0,-43.0
1776885796.9051027,6.0,-1.0,-49.0
1776885796.9151027,1.0,-1.0,-47.0
1776885796.9251027,0.0,-1.0,-41.0
1776885796.9351027,0.0,-2.0,-40.0
1776885796.9451027,0.0,0.0,-36.0
1776885796.9551027,1.0,0.0,-36.0
1776885796.965103,4.0,1.0,-38.0
1776885796.975103,3.0,0.0,-42.0
1776885796.985103,3.0,1.0,-52.0
1776885796.9951026,0.0,2.0,-50.0
1776885797.0051026,1.0,4.0,-44.0
1776885797.0151026,2.0,3.0,-44.0
1776885797.0251029,0.0,4.0,-42.0
1776885797.0351028,0.0,2.0,-39.0
1776885797.0451028,-1.0,1.0,-35.0
1776885797.0551028,-3.0,0.0,-30.0
1776885797.0651028,-4.0,0.0,-32.0
1776885797.0751028,-4.0,2.0,-37.0
1776885797.0851028,-1.0,4.0,-39.0
1776885797.0951028,-1.0,3.0,-34.0
1776885797.1051028,0.0,0.0,-41.0
1776885797.1151028,1.0,-5.0,-43.0
1776885797.1251028,3.0,-5.0,-41.0
1776885797.1351027,1.0,-4.0,-44.0
1776885797.1451027,1.0,-4.0,-41.0
1776885797.1551027,-2.0,-4.0,-41.0
1776885797.1651027,0.0,-5.0,-37.0
1776885797.1751027,1.0,-9.0,-33.0
1776885797.1851027,0.0,-2.0,-31.0
1776885797.1951027,-3.0,-5.0,-31.0
1776885797.2051027,-1.0,-7.0,-31.0
1776885797.215103,-4.0,-9.0,-35.0
1776885797.225103,0.0,-13.0,-42.0
1776885797.235103,2.0,-12.0,-43.0
1776885797.2451026,-1.0,-8.0,-41.0
1776885797.2551026,-2.0,-4.0,-38.0
1776885797.2651026,0.0,-4.0,-40.0
1776885797.2751029,4.0,-6.0,-41.0
1776885797.2851028,6.0,-4.0,-36.0
1776885797.2951028,2.0,-7.0,-36.0
1776885797.3051028,8.0,-5.0,-37.0
1776885797.3151028,6.0,-8.0,-41.0
1776885797.3251028,4.0,-5.0,-39.0
1776885797.3351028,5.0,-3.0,-41.0
1776885797.3451028,6.0,-3.0,-40.0
1776885797.3551028,1.0,-2.0,-43.0
1776885797.3651028,-1.0,0.0,-42.0
1776885797.3751028,-5.0,6.0,-49.0
1776885797.3851027,-5.0,6.0,-55.0
1776885797.3951027,-6.0,0.0,-56.0
1776885797.4051027,-8.0,0.0,-60.0
1776885797.4151027,-11.0,1.0,-51.0
1776885797.4251027,-6.0,1.0,-52.0
1776885797.4351027,-2.0,-3.0,-44.0
1776885797.4451027,1.0,-1.0,-36.0
1776885797.4551027,1.0,-1.0,-41.0
1776885797.465103,5.0,1.0,-43.0
1776885797.475103,6.0,0.0,-47.0
1776885797.485103,1.0,-1.0,-44.0
1776885797.4951026,0.0,0.0,-44.0
1776885797.5051026,0.0,-1.0,-39.0
1776885797.5151026,-4.0,-4.0,-36.0
1776885797.5251029,-5.0,-4.0,-35.0
1776885797.5351028,-3.0,-2.0,-39.0
1776885797.5451028,-1.0,2.0,-38.0
1776885797.5551028,0.0,2.0,-39.0
1776885797.5651028,2.0,7.0,-31.0
1776885797.5751028,4.0,8.0,-25.0
1776885797.5851028,3.0,8.0,-26.0
1776885797.5951028,6.0,5.0,-32.0
1776885797.6051028,3.0,4.0,-34.0
1776885797.6151028,4.0,3.0,-35.0
1776885797.6251028,5.0,0.0,-30.0
1776885797.6351027,5.0,-1.0,-34.0
1776885797.6451027,1.0,0.0,-39.0
1776885797.6551027,0.0,2.0,-38.0
1776885797.6651027,4.0,1.0,-38.0
1776885797.6751027,0.0,-2.0,-44.0
1776885797.6851027,0.0,-2.0,-46.0
1776885797.6951027,4.0,-1.0,-42.0
1776885797.7051027,3.0,-4.0,-39.0
1776885797.715103,1.0,-6.0,-28.0
1776885797.725103,2.0,-5.0,-33.0
1776885797.735103,2.0,0.0,-34.0
1776885797.7451026,4.0,2.0,-30.0
1776885797.7551026,1.0,3.0,-31.0
1776885797.7651026,1.0,2.0,-28.0
1776885797.7751029,1.0,-3.0,-22.0
1776885797.7851028,4.0,-1.0,-19.0
1776885797.7951028,0.0,-3.0,-21.0
1776885797.8051028,1.0,-3.0,-28.0
1776885797.8151028,0.0,-4.0,-34.0
1776885797.8251028,-1.0,-3.0,-37.0
1776885797.8351028,-1.0,-2.0,-34.0
1776885797.8461027,-3.0,-4.0,-32.0
1776885797.8551028,-1.0,-2.0,-27.0
1776885797.8651028,-1.0,-3.0,-32.0
1776885797.8751028,-5.0,0.0,-40.0
1776885797.8851027,-3.0,0.0,-35.0
1776885797.8951027,-1.0,0.0,-35.0
1776885797.9051027,0.0,-1.0,-40.0
1776885797.9151027,0.0,-3.0,-40.0
1776885797.9251027,4.0,-2.0,-45.0
1776885797.9351027,4.0,-5.0,-45.0
1776885797.9451027,6.0,-4.0,-42.0
1776885797.9551027,5.0,-5.0,-42.0
1776885797.965103,4.0,-6.0,-40.0
1776885797.975103,0.0,-8.0,-39.0
1776885797.985103,-1.0,-7.0,-41.0
1776885797.9961028,0.0,-3.0,-34.0
1776885798.0061028,1.0,-3.0,-32.0
1776885798.0161028,6.0,-2.0,-28.0
1776885798.0261028,5.0,0.0,-23.0
1776885798.0361028,5.0,2.0,-23.0
1776885798.0461028,5.0,1.0,-26.0
1776885798.0561028,0.0,0.0,-36.0
1776885798.0661027,0.0,0.0,-40.0
1776885798.0761027,1.0,4.0,-40.0
1776885798.0861027,1.0,0.0,-34.0
1776885798.0961027,0.0,-3.0,-38.0
1776885798.1061027,0.0,-3.0,-35.0
1776885798.1161027,0.0,0.0,-38.0
1776885798.1261027,-1.0,3.0,-35.0
1776885798.136103,-2.0,2.0,-43.0
1776885798.146103,-1.0,6.0,-39.0
1776885798.156103,1.0,5.0,-36.0
1776885798.1661026,0.0,7.0,-31.0
1776885798.1761026,-1.0,3.0,-30.0
1776885798.1861026,3.0,3.0,-36.0
1776885798.1961029,5.0,1.0,-42.0
1776885798.2061028,5.0,-2.0,-48.0
1776885798.2161028,6.0,-4.0,-48.0
1776885798.2261028,2.0,0.0,-48.0
1776885798.2361028,0.0,0.0,-49.0
1776885798.2461028,0.0,-1.0,-47.0
1776885798.2561028,2.0,0.0,-42.0
1776885798.2661028,1.0,3.0,-42.0
1776885798.2761028,5.0,3.0,-44.0
1776885798.2861028,2.0,2.0,-44.0
1776885798.2961028,3.0,0.0,-41.0
1776885798.3061028,0.0,0.0,-46.0
1776885798.3161027,-4.0,-4.0,-48.0
1776885798.3261027,-5.0,-2.0,-46.0
1776885798.3361027,-4.0,-1.0,-39.0
1776885798.3461027,-7.0,0.0,-29.0
1776885798.3561027,-7.0,0.0,-28.0
1776885798.3661027,-7.0,4.0,-30.0
1776885798.3761027,-6.0,7.0,-28.0
1776885798.386103,-3.0,3.0,-28.0
1776885798.396103,-1.0,4.0,-30.0
1776885798.406103,1.0,3.0,-31.0
1776885798.4161026,0.0,1.0,-31.0
1776885798.4261026,-5.0,0.0,-37.0
1776885798.4361026,-3.0,-1.0,-26.0
1776885798.4461029,0.0,0.0,-25.0
1776885798.4561028,-3.0,-2.0,-22.0
1776885798.4661028,0.0,-4.0,-23.0
1776885798.4761028,1.0,-2.0,-26.0
1776885798.4861028,0.0,-2.0,-27.0
1776885798.4961028,-3.0,-5.0,-27.0
1776885798.5061028,-2.0,-2.0,-42.0
1776885798.5161028,-4.0,-5.0,-43.0
1776885798.5261028,-5.0,0.0,-42.0
1776885798.5361028,-6.0,1.0,-41.0
1776885798.5461028,-5.0,-1.0,-41.0
1776885798.5561028,-6.0,-4.0,-44.0
1776885798.5661027,-6.0,-2.0,-42.0
1776885798.5761027,-7.0,1.0,-41.0
1776885798.5861027,-8.0,0.0,-38.0
1776885798.5961027,-7.0,0.0,-34.0
1776885798.6061027,-8.0,0.0,-36.0
1776885798.6161027,-6.0,-2.0,-41.0
1776885798.6261027,-2.0,0.0,-46.0
1776885798.636103,0.0,3.0,-45.0
1776885798.646103,10.0,8.0,-46.0
1776885798.656103,15.0,6.0,-53.0
1776885798.6661026,12.0,6.0,-54.0
1776885798.6761026,9.0,1.0,-46.0
1776885798.6861026,7.0,1.0,-48.0
1776885798.6961029,5.0,-4.0,-39.0
1776885798.7061028,2.0,-3.0,-35.0
1776885798.7161028,2.0,0.0,-37.0
1776885798.7261028,0.0,2.0,-37.0
1776885798.7361028,-9.0,1.0,-37.0
1776885798.7461028,-9.0,2.0,-31.0
1776885798.7561028,-5.0,-1.0,-31.0
1776885798.7661028,-9.0,-3.0,-34.0
1776885798.7761028,-7.0,-4.0,-37.0
1776885798.7861028,-6.0,-2.0,-40.0
1776885798.7961028,-6.0,-4.0,-35.0
1776885798.8061028,0.0,3.0,-34.0
1776885798.8161027,0.0,2.0,-32.0
1776885798.8261027,-4.0,2.0,-30.0
1776885798.8361027,-2.0,1.0,-34.0
1776885798.8461027,-2.0,2.0,-37.0
1776885798.8561027,-9.0,2.0,-39.0
1776885798.8661027,-13.0,0.0,-36.0
1776885798.8761027,-8.0,2.0,-29.0
1776885798.886103,-6.0,2.0,-28.0
1776885798.896103,-7.0,0.0,-25.0
1776885798.906103,-6.0,3.0,-28.0
1776885798.9161026,-4.0,1.0,-30.0
1776885798.9261026,0.0,1.0,-34.0
1776885798.9361026,-6.0,0.0,-34.0
1776885798.9461029,-7.0,1.0,-39.0
1776885798.9561028,2.0,1.0,-37.0
1776885798.9661028,7.0,0.0,-38.0
1776885798.9761028,6.0,3.0,-41.0
1776885798.9861028,2.0,3.0,-34.0
1776885798.9961028,2.0,0.0,-34.0
1776885799.0061028,5.0,0.0,-31.0
1776885799.0161028,5.0,-1.0,-35.0
1776885799.0261028,7.0,-1.0,-38.0
1776885799.0361028,2.0,-2.0,-34.0
1776885799.0461028,0.0,4.0,-39.0
1776885799.0561028,-2.0,5.0,-36.0
1776885799.0661027,-5.0,2.0,-37.0
1776885799.0761027,-6.0,3.0,-43.0
1776885799.0861027,-2.0,2.0,-43.0
1776885799.0961027,-2.0,2.0,-37.0
1776885799.1061027,1.0,-1.0,-44.0
1776885799.1161027,4.0,-2.0,-47.0
1776885799.1261027,3.0,-1.0,-47.0
1776885799.136103,-3.0,0.0,-45.0
1776885799.146103,-6.0,3.0,-45.0
1776885799.156103,-4.0,-2.0,-41.0
1776885799.1661026,-4.0,-3.0,-45.0
1776885799.1761026,0.0,-4.0,-45.0
1776885799.1861026,3.0,-1.0,-48.0
1776885799.1961029,5.0,-1.0,-49.0
1776885799.2061028,2.0,-2.0,-57.0
1776885799.2161028,0.0,0.0,-49.0
1776885799.2261028,0.0,0.0,-51.0
1776885799.2361028,3.0,2.0,-55.0
1776885799.2461028,4.0,4.0,-49.0
1776885799.2561028,0.0,1.0,-49.0
1776885799.2661028,-3.0,1.0,-48.0
1776885799.2761028,0.0,3.0,-46.0
1776885799.2861028,0.0,4.0,-38.0
1776885799.2961028,2.0,5.0,-35.0
1776885799.3061028,-2.0,4.0,-31.0
1776885799.3161027,-2.0,2.0,-25.0
1776885799.3261027,-2.0,-1.0,-33.0
1776885799.3361027,0.0,-3.0,-27.0
1776885799.3461027,0.0,-4.0,-36.0
1776885799.3561027,2.0,-2.0,-37.0
1776885799.3661027,0.0,-7.0,-39.0
1776885799.3761027,0.0,-3.0,-39.0
1776885799.386103,1.0,3.0,-44.0
1776885799.396103,0.0,6.0,-42.0
1776885799.406103,0.0,5.0,-44.0
1776885799.4161026,6.0,7.0,-43.0
1776885799.4261026,5.0,6.0,-47.0
1776885799.4361026,4.0,3.0,-49.0
1776885799.4461029,1.0,1.0,-49.0
1776885799.4561028,0.0,-2.0,-42.0
1776885799.4661028,0.0,0.0,-41.0
1776885799.4761028,0.0,-1.0,-42.0
1776885799.4861028,2.0,-2.0,-44.0
1776885799.4961028,-3.0,-4.0,-44.0
1776885799.5061028,-5.0,-3.0,-45.0
1776885799.5161028,-5.0,0.0,-48.0
1776885799.5261028,-1.0,0.0,-43.0
1776885799.5361028,-1.0,2.0,-38.0
1776885799.5461028,2.0,0.0,-47.0
1776885799.5561028,4.0,4.0,-41.0
1776885799.5661027,1.0,2.0,-34.0
1776885799.5761027,1.0,0.0,-34.0
1776885799.5861027,5.0,-1.0,-38.0
1776885799.5961027,1.0,4.0,-43.0
1776885799.6061027,4.0,6.0,-42.0
1776885799.6161027,7.0,5.0,-41.0
1776885799.6261027,6.0,5.0,-44.0
1776885799.636103,3.0,4.0,-49.0
1776885799.646103,0.0,3.0,-51.0
1776885799.656103,0.0,2.0,-46.0
1776885799.6661026,0.0,0.0,-44.0
1776885799.6761026,-2.0,-2.0,-47.0
1776885799.6861026,-2.0,2.0,-42.0
1776885799.6961029,0.0,0.0,-44.0
1776885799.7061028,-4.0,1.0,-41.0
1776885799.7161028,0.0,0.0,-46.0
1776885799.7261028,2.0,2.0,-47.0
1776885799.7361028,0.0,6.0,-42.0
1776885799.7461028,6.0,3.0,-38.0
1776885799.7561028,1.0,2.0,-35.0
1776885799.7661028,1.0,1.0,-35.0
1776885799.7761028,0.0,0.0,-39.0
1776885799.7861028,3.0,1.0,-44.0
1776885799.7961028,1.0,-2.0,-41.0
1776885799.8061028,5.0,-5.0,-42.0
1776885799.8161027,3.0,-3.0,-43.0
1776885799.8261027,1.0,-4.0,-42.0
1776885799.8361027,0.0,-7.0,-40.0
1776885799.8461027,0.0,-7.0,-41.0
1776885799.8561027,2.0,-5.0,-38.0
1776885799.8661027,2.0,-1.0,-32.0
1776885799.8761027,-2.0,2.0,-29.0
1776885799.886103,-1.0,-2.0,-34.0
1776885799.896103,0.0,-3.0,-36.0
1776885799.906103,3.0,0.0,-41.0
1776885799.9161026,7.0,-2.0,-44.0
1776885799.9261026,6.0,-3.0,-36.0
1776885799.9361026,4.0,-3.0,-39.0
1776885799.9461029,4.0,-3.0,-43.0
1776885799.9561028,0.0,-4.0,-36.0
1776885799.9661028,3.0,-7.0,-36.0
1776885799.9771028,3.0,-11.0,-34.0
1776885799.9871027,2.0,-11.0,-29.0
1776885799.9971027,-2.0,-2.0,-30.0
1776885800.0071027,-2.0,-1.0,-28.0
1776885800.0171027,-4.0,-3.0,-30.0
1776885800.0271027,-7.0,-2.0,-20.0
1776885800.0371027,-5.0,-2.0,-21.0
1776885800.0471027,-1.0,-6.0,-24.0
1776885800.057103,-4.0,-5.0,-20.0
1776885800.067103,-3.0,-4.0,-25.0
1776885800.077103,-2.0,-5.0,-28.0
1776885800.087103,-3.0,-3.0,-28.0
1776885800.0971026,0.0,-4.0,-35.0
1776885800.1071026,2.0,-2.0,-35.0
1776885800.1171026,1.0,-7.0,-40.0
1776885800.1271029,-2.0,-5.0,-38.0
1776885800.1371028,1.0,-4.0,-40.0
1776885800.1471028,3.0,-1.0,-40.0
1776885800.1571028,0.0,0.0,-36.0
1776885800.1671028,-1.0,0.0,-36.0
1776885800.1771028,-2.0,-4.0,-38.0
1776885800.1871028,-2.0,-2.0,-35.0
1776885800.1971028,-7.0,1.0,-37.0
1776885800.2071028,-4.0,0.0,-37.0
1776885800.2171028,1.0,0.0,-38.0
1776885800.2271028,0.0,0.0,-40.0
1776885800.2371027,2.0,-2.0,-40.0
1776885800.2471027,2.0,-1.0,-42.0
1776885800.2571027,2.0,0.0,-39.0
1776885800.2671027,0.0,0.0,-37.0
1776885800.2771027,1.0,0.0,-37.0
1776885800.2871027,-4.0,0.0,-37.0
1776885800.2971027,-1.0,0.0,-41.0
1776885800.307103,3.0,2.0,-43.0
1776885800.317103,6.0,2.0,-45.0
1776885800.327103,2.0,2.0,-41.0
1776885800.337103,1.0,1.0,-36.0
1776885800.3471026,1.0,2.0,-35.0
1776885800.3571026,6.0,5.0,-41.0
1776885800.3671026,4.0,0.0,-39.0
1776885800.3771029,1.0,0.0,-37.0
1776885800.3871028,0.0,-1.0,-33.0
1776885800.3971028,-4.0,-6.0,-37.0
1776885800.4071028,-3.0,-3.0,-37.0
1776885800.4171028,2.0,-4.0,-35.0
1776885800.4271028,5.0,-3.0,-38.0
1776885800.4371028,1.0,-8.0,-32.0
1776885800.4471028,0.0,-5.0,-34.0
1776885800.4571028,-1.0,-4.0,-43.0
1776885800.4671028,-2.0,-6.0,-43.0
1776885800.4771028,-4.0,-2.0,-44.0
1776885800.4871027,-4.0,0.0,-43.0
1776885800.4971027,-3.0,1.0,-43.0
1776885800.5071027,-4.0,0.0,-41.0
1776885800.5171027,-6.0,-1.0,-37.0
1776885800.5271027,-5.0,0.0,-33.0
1776885800.5371027,-8.0,2.0,-32.0
1776885800.5471027,-4.0,0.0,-36.0
1776885800.557103,-6.0,1.0,-37.0
1776885800.567103,-2.0,2.0,-32.0
1776885800.577103,-2.0,-3.0,-34.0
1776885800.587103,-2.0,-4.0,-38.0
1776885800.5971026,-2.0,0.0,-35.0
1776885800.6071026,-6.0,3.0,-35.0
1776885800.6171026,-4.0,2.0,-37.0
1776885800.6271029,-2.0,1.0,-31.0
1776885800.6371028,0.0,3.0,-37.0
1776885800.6471028,-3.0,3.0,-40.0
1776885800.6571028,-5.0,1.0,-42.0
1776885800.6671028,-1.0,2.0,-41.0
1776885800.6771028,0.0,1.0,-42.0
1776885800.6871028,1.0,3.0,-42.0
1776885800.6971028,0.0,4.0,-44.0
1776885800.7071028,0.0,3.0,-36.0
1776885800.7171028,-2.0,1.0,-33.0
1776885800.7271028,-5.0,-4.0,-38.0
1776885800.7371027,-8.0,-4.0,-45.0
1776885800.7471027,-9.0,0.0,-53.0
1776885800.7571027,-7.0,-2.0,-53.0
1776885800.7671027,-6.0,-2.0,-45.0
1776885800.7771027,-4.0,-1.0,-40.0
1776885800.7871027,-3.0,0.0,-35.0
1776885800.7971027,-5.0,0.0,-43.0
1776885800.807103,-2.0,0.0,-37.0
1776885800.817103,-2.0,0.0,-33.0
1776885800.827103,-6.0,1.0,-33.0
1776885800.837103,-6.0,1.0,-40.0
1776885800.8471026,-4.0,0.0,-38.0
1776885800.8571026,-5.0,0.0,-39.0
1776885800.8671026,-2.0,0.0,-38.0
1776885800.8771029,0.0,5.0,-42.0
1776885800.8871028,3.0,3.0,-37.0
1776885800.8971028,4.0,0.0,-38.0
1776885800.9071028,0.0,-1.0,-44.0
1776885800.9171028,0.0,-2.0,-43.0
1776885800.9271028,-1.0,0.0,-37.0
1776885800.9371028,-3.0,0.0,-34.0
1776885800.9471028,-4.0,6.0,-33.0
1776885800.9571028,-2.0,7.0,-30.0
1776885800.9671028,0.0,4.0,-32.0
1776885800.9771028,1.0,0.0,-33.0
1776885800.9871027,0.0,1.0,-37.0
1776885800.9971027,-3.0,2.0,-41.0
1776885801.0071027,-2.0,4.0,-40.0
1776885801.0171027,-4.0,4.0,-42.0
1776885801.0271027,0.0,1.0,-41.0
1776885801.0371027,0.0,-1.0,-43.0
1776885801.0471027,1.0,0.0,-47.0
1776885801.057103,1.0,0.0,-48.0
1776885801.067103,1.0,2.0,-43.0
1776885801.077103,0.0,7.0,-44.0
1776885801.087103,-5.0,8.0,-39.0
1776885801.0971026,-7.0,3.0,-44.0
1776885801.1071026,0.0,1.0,-45.0
1776885801.1171026,3.0,-1.0,-46.0
1776885801.1271029,2.0,-3.0,-43.0
1776885801.1371028,2.0,-5.0,-38.0
1776885801.1471028,0.0,0.0,-37.0
1776885801.1571028,2.0,-2.0,-34.0
1776885801.1671028,3.0,1.0,-35.0
1776885801.1771028,6.0,0.0,-42.0
1776885801.1871028,5.0,0.0,-41.0
1776885801.1971028,0.0,-1.0,-41.0
1776885801.2071028,-2.0,-2.0,-45.0
1776885801.2171028,-1.0,-1.0,-46.0
1776885801.2271028,-4.0,0.0,-52.0
1776885801.2371027,-5.0,0.0,-49.0
1776885801.2471027,-4.0,1.0,-50.0
1776885801.2571027,-3.0,2.0,-50.0
1776885801.2671027,0.0,0.0,-51.0
1776885801.2771027,0.0,3.0,-51.0
1776885801.2871027,0.0,6.0,-50.0
1776885801.2971027,-1.0,5.0,-44.0
1776885801.307103,-1.0,0.0,-40.0
1776885801.317103,0.0,-3.0,-40.0
1776885801.327103,-1.0,-6.0,-34.0
1776885801.337103,0.0,-8.0,-37.0
1776885801.3471026,-1.0,-7.0,-40.0
1776885801.3571026,0.0,-3.0,-39.0
1776885801.3671026,-1.0,-6.0,-35.0
1776885801.3771029,0.0,-4.0,-34.0
1776885801.3871028,0.0,-2.0,-28.0
1776885801.3971028,1.0,-3.0,-26.0
1776885801.4071028,1.0,-1.0,-22.0
1776885801.4171028,4.0,-3.0,-19.0
1776885801.4271028,6.0,-4.0,-28.0
1776885801.4371028,6.0,-5.0,-30.0
1776885801.4471028,4.0,-9.0,-38.0
1776885801.4571028,1.0,-8.0,-38.0
1776885801.4671028,1.0,-2.0,-45.0
1776885801.4771028,1.0,-4.0,-44.0
1776885801.4871027,1.0,-9.0,-42.0
1776885801.4971027,2.0,-7.0,-39.0
1776885801.5071027,8.0,-4.0,-35.0
1776885801.5171027,3.0,-5.0,-39.0
1776885801.5271027,2.0,-4.0,-45.0
1776885801.5371027,3.0,-4.0,-46.0
1776885801.5471027,-1.0,0.0,-48.0
1776885801.557103,1.0,1.0,-42.0
1776885801.567103,4.0,2.0,-43.0
1776885801.577103,7.0,-2.0,-54.0
1776885801.587103,6.0,0.0,-55.0
1776885801.5971026,3.0,-2.0,-52.0
1776885801.6071026,2.0,-5.0,-53.0
1776885801.6171026,2.0,0.0,-51.0
1776885801.6271029,2.0,0.0,-50.0
1776885801.6371028,2.0,-1.0,-46.0
1776885801.6471028,4.0,1.0,-48.0
1776885801.6571028,2.0,3.0,-48.0
1776885801.6671028,2.0,3.0,-48.0
1776885801.6771028,2.0,-3.0,-46.0
1776885801.6871028,4.0,-2.0,-48.0
1776885801.6971028,3.0,0.0,-47.0
1776885801.7071028,4.0,-1.0,-44.0
1776885801.7171028,4.0,-3.0,-46.0
1776885801.7271028,3.0,-3.0,-43.0
1776885801.7371027,4.0,-2.0,-40.0
1776885801.7471027,4.0,-2.0,-36.0
1776885801.7571027,1.0,-1.0,-40.0
1776885801.7671027,4.0,-1.0,-46.0
1776885801.7771027,7.0,-2.0,-49.0
1776885801.7871027,0.0,-7.0,-49.0
1776885801.7971027,1.0,-7.0,-47.0
1776885801.807103,-1.0,0.0,-46.0
1776885801.817103,0.0,1.0,-51.0
1776885801.827103,0.0,3.0,-42.0
1776885801.837103,-2.0,5.0,-34.0
1776885801.8471026,-8.0,6.0,-39.0
1776885801.8571026,-8.0,4.0,-43.0
1776885801.8671026,-3.0,-2.0,-46.0
1776885801.8771029,-1.0,1.0,-51.0
1776885801.8871028,-1.0,0.0,-47.0
1776885801.8971028,0.0,-2.0,-44.0
1776885801.9071028,-1.0,-3.0,-47.0
1776885801.9171028,0.0,-8.0,-38.0
1776885801.9271028,-3.0,-8.0,-38.0
1776885801.9381027,-4.0,-9.0,-35.0
1776885801.9471028,-5.0,-2.0,-37.0
1776885801.9581027,-6.0,0.0,-41.0
1776885801.9671028,-11.0,1.0,-37.0
1776885801.9781027,-14.0,-2.0,-39.0
1776885801.988103,-12.0,-6.0,-41.0
1776885801.998103,-8.0,-5.0,-35.0
1776885802.008103,0.0,-3.0,-37.0
1776885802.0181026,3.0,-2.0,-37.0
1776885802.0281026,-2.0,1.0,-32.0
1776885802.0381026,-7.0,0.0,-27.0
1776885802.0481029,-1.0,-3.0,-33.0
1776885802.0581028,3.0,-4.0,-35.0
1776885802.0681028,6.0,-4.0,-44.0
1776885802.0781028,7.0,-5.0,-43.0
1776885802.0881028,8.0,-3.0,-38.0
1776885802.0981028,8.0,0.0,-36.0
1776885802.1081028,8.0,-2.0,-41.0
1776885802.1181028,8.0,-1.0,-45.0
1776885802.1281028,1.0,-2.0,-45.0
1776885802.1381028,-4.0,0.0,-43.0
1776885802.1481028,-4.0,0.0,-39.0
1776885802.1581028,-5.0,0.0,-36.0
1776885802.1681027,-3.0,2.0,-38.0
1776885802.1781027,0.0,1.0,-40.0
1776885802.1881027,1.0,1.0,-47.0
1776885802.1981027,1.0,5.0,-50.0
1776885802.2081027,0.0,6.0,-49.0
1776885802.2181027,-5.0,4.0,-46.0
1776885802.2281027,-1.0,3.0,-46.0
1776885802.238103,-1.0,4.0,-45.0
1776885802.248103,0.0,2.0,-42.0
1776885802.258103,1.0,-1.0,-43.0
1776885802.2681026,0.0,-4.0,-42.0
1776885802.2781026,1.0,-4.0,-37.0
1776885802.2881026,0.0,-4.0,-31.0
1776885802.2981029,3.0,-3.0,-24.0
1776885802.3081028,4.0,-5.0,-26.0
1776885802.3181028,4.0,-1.0,-31.0
1776885802.3281028,6.0,-3.0,-34.0
1776885802.3381028,8.0,-2.0,-38.0
1776885802.3481028,9.0,-3.0,-33.0
1776885802.3581028,4.0,-5.0,-33.0
1776885802.3681028,5.0,-4.0,-38.0
1776885802.3781028,3.0,-4.0,-47.0
1776885802.3881028,-2.0,-8.0,-45.0
1776885802.3981028,-4.0,-6.0,-42.0
1776885802.4081028,3.0,-9.0,-43.0
1776885802.4181027,3.0,-7.0,-53.0
1776885802.4281027,2.0,-7.0,-48.0
1776885802.4381027,2.0,-1.0,-48.0
1776885802.4481027,-1.0,-3.0,-51.0
1776885802.4581027,-3.0,-5.0,-48.0
1776885802.4681027,-3.0,-4.0,-41.0
1776885802.4781027,3.0,-6.0,-41.0
1776885802.488103,2.0,-3.0,-41.0
1776885802.498103,1.0,0.0,-41.0
1776885802.508103,3.0,0.0,-44.0
1776885802.5181026,0.0,2.0,-44.0
1776885802.5281026,0.0,0.0,-39.0
1776885802.5381026,2.0,3.0,-41.0
1776885802.5481029,0.0,2.0,-42.0
1776885802.5581028,1.0,0.0,-44.0
1776885802.5681028,1.0,0.0,-50.0
1776885802.5781028,0.0,-1.0,-55.0
1776885802.5881028,2.0,-1.0,-55.0
1776885802.5981028,1.0,1.0,-56.0
1776885802.6081028,0.0,1.0,-55.0
1776885802.6181028,3.0,1.0,-52.0
1776885802.6281028,0.0,1.0,-50.0
1776885802.6381028,-2.0,1.0,-53.0
1776885802.6481028,-3.0,1.0,-52.0
1776885802.6581028,-5.0,1.0,-53.0
1776885802.6681027,-2.0,0.0,-45.0
1776885802.6781027,-2.0,-3.0,-40.0
1776885802.6881027,0.0,-2.0,-40.0
1776885802.6981027,3.0,0.0,-45.0
1776885802.7081027,7.0,2.0,-47.0
1776885802.7181027,7.0,3.0,-42.0
1776885802.7281027,4.0,-1.0,-38.0
1776885802.738103,0.0,-1.0,-30.0
1776885802.748103,-1.0,1.0,-35.0
1776885802.758103,-1.0,0.0,-32.0
1776885802.7681026,-5.0,0.0,-39.0
1776885802.7781026,-6.0,-2.0,-43.0
1776885802.7881026,-3.0,-2.0,-42.0
1776885802.7981029,-4.0,-4.0,-46.0
1776885802.8081028,-4.0,-1.0,-51.0
1776885802.8181028,-2.0,-4.0,-51.0
1776885802.8281028,0.0,-2.0,-48.0
1776885802.8381028,2.0,-1.0,-43.0
1776885802.8481028,1.0,-2.0,-37.0
1776885802.8581028,0.0,-2.0,-37.0
1776885802.8681028,-1.0,-4.0,-33.0
1776885802.8781028,0.0,-3.0,-35.0
1776885802.8881028,-1.0,-4.0,-31.0
1776885802.8981028,-1.0,-6.0,-25.0
1776885802.9081028,0.0,-7.0,-31.0
1776885802.9181027,1.0,-6.0,-33.0
1776885802.9281027,0.0,-1.0,-33.0
1776885802.9381027,-2.0,1.0,-34.0
1776885802.9481027,1.0,0.0,-35.0
1776885802.9581027,0.0,3.0,-36.0
1776885802.9681027,-3.0,2.0,-42.0
1776885802.9781027,-8.0,5.0,-39.0
1776885802.988103,-2.0,7.0,-36.0
1776885802.998103,1.0,1.0,-35.0
1776885803.008103,0.0,0.0,-34.0
1776885803.0181026,0.0,0.0,-43.0
1776885803.0281026,4.0,0.0,-49.0
1776885803.0381026,4.0,-2.0,-48.0
1776885803.0481029,0.0,-1.0,-48.0
1776885803.0581028,-3.0,0.0,-49.0
1776885803.0681028,-4.0,0.0,-48.0
1776885803.0781028,-1.0,0.0,-50.0
1776885803.0881028,2.0,0.0,-49.0
1776885803.0981028,3.0,-5.0,-44.0
1776885803.1081028,4.0,-6.0,-43.0
1776885803.1181028,3.0,-10.0,-43.0
1776885803.1281028,6.0,-11.0,-44.0
1776885803.1381028,7.0,-11.0,-42.0
1776885803.1481028,3.0,-8.0,-41.0
1776885803.1581028,3.0,-4.0,-39.0
1776885803.1681027,0.0,-2.0,-33.0
1776885803.1781027,2.0,-2.0,-36.0
1776885803.1881027,0.0,-5.0,-37.0
1776885803.1981027,4.0,-8.0,-31.0
1776885803.2081027,5.0,-6.0,-36.0
1776885803.2181027,4.0,-3.0,-39.0
1776885803.2281027,1.0,-3.0,-42.0
1776885803.238103,0.0,-4.0,-42.0
1776885803.248103,0.0,-5.0,-41.0
1776885803.258103,1.0,-4.0,-46.0
1776885803.2681026,3.0,-6.0,-42.0
1776885803.2781026,6.0,-8.0,-39.0
1776885803.2881026,5.0,-9.0,-42.0
1776885803.2981029,2.0,-11.0,-40.0
1776885803.3081028,4.0,-13.0,-40.0
1776885803.3181028,2.0,-12.0,-39.0
1776885803.3281028,2.0,-10.0,-40.0
1776885803.3381028,3.0,-10.0,-37.0
1776885803.3481028,-1.0,-11.0,-42.0
1776885803.3581028,0.0,-11.0,-42.0
1776885803.3681028,0.0,-6.0,-39.0
1776885803.3781028,4.0,-6.0,-40.0
1776885803.3881028,0.0,-5.0,-41.0
1776885803.3981028,3.0,-3.0,-44.0
1776885803.4081028,0.0,1.0,-43.0
1776885803.4181027,4.0,2.0,-44.0
1776885803.4281027,4.0,4.0,-46.0
1776885803.4381027,4.0,3.0,-42.0
1776885803.4481027,4.0,3.0,-48.0
1776885803.4581027,3.0,3.0,-45.0
1776885803.4681027,0.0,6.0,-49.0
1776885803.4781027,-7.0,3.0,-48.0
1776885803.488103,-3.0,0.0,-41.0
1776885803.498103,-1.0,0.0,-41.0
1776885803.508103,-3.0,0.0,-42.0
1776885803.5191028,-5.0,-2.0,-43.0
1776885803.5281026,-7.0,-3.0,-37.0
1776885803.5381026,-8.0,0.0,-43.0
1776885803.5481029,-3.0,0.0,-44.0
1776885803.5581028,-1.0,1.0,-36.0
1776885803.5681028,0.0,1.0,-43.0
1776885803.5781028,-2.0,2.0,-43.0
1776885803.5881028,-8.0,0.0,-41.0
1776885803.5981028,-8.0,-1.0,-41.0
1776885803.6081028,-5.0,-3.0,-45.0
1776885803.6181028,-2.0,-2.0,-41.0
1776885803.6281028,0.0,0.0,-40.0
1776885803.6381028,3.0,0.0,-38.0
1776885803.6481028,0.0,1.0,-37.0
1776885803.6581028,-3.0,2.0,-34.0
1776885803.6681027,1.0,2.0,-35.0
1776885803.6781027,2.0,1.0,-36.0
1776885803.6881027,2.0,0.0,-36.0
1776885803.6981027,3.0,0.0,-33.0
1776885803.7081027,-1.0,0.0,-31.0
1776885803.7181027,-2.0,0.0,-38.0
1776885803.7281027,-2.0,-1.0,-38.0
1776885803.738103,0.0,2.0,-36.0
1776885803.748103,-2.0,1.0,-37.0
1776885803.758103,3.0,-2.0,-39.0
1776885803.7681026,3.0,-4.0,-31.0
1776885803.7781026,2.0,-5.0,-33.0
1776885803.7881026,6.0,-4.0,-31.0
1776885803.7981029,5.0,-4.0,-35.0
1776885803.8081028,4.0,-3.0,-35.0
1776885803.8181028,2.0,-4.0,-31.0
1776885803.8281028,5.0,-3.0,-33.0
1776885803.8381028,4.0,-2.0,-35.0
1776885803.8481028,3.0,-1.0,-35.0
1776885803.8581028,5.0,-4.0,-38.0
1776885803.8681028,0.0,-3.0,-39.0
1776885803.8781028,0.0,-3.0,-35.0
1776885803.8881028,-1.0,-4.0,-39.0
1776885803.8981028,-1.0,-8.0,-43.0
1776885803.9081028,0.0,-8.0,-47.0
1776885803.919103,-5.0,-5.0,-51.0
1776885803.9281027,-6.0,-1.0,-55.0
1776885803.9381027,-7.0,0.0,-54.0
1776885803.9491026,-8.0,0.0,-54.0
1776885803.9591026,-8.0,2.0,-53.0
1776885803.9691026,-4.0,3.0,-51.0
1776885803.9791028,-1.0,1.0,-50.0
1776885803.9891028,1.0,1.0,-41.0
1776885803.9991028,9.0,1.0,-36.0
1776885804.0091028,10.0,0.0,-43.0
1776885804.0191028,9.0,0.0,-42.0
1776885804.0291028,7.0,-3.0,-37.0
1776885804.0391028,7.0,-5.0,-37.0
1776885804.0491028,4.0,-1.0,-33.0
1776885804.0591028,5.0,-3.0,-30.0
1776885804.0691028,5.0,-5.0,-37.0
1776885804.0791028,6.0,-3.0,-46.0
1776885804.0891027,8.0,-6.0,-41.0
1776885804.0991027,13.0,-9.0,-38.0
1776885804.1091027,13.0,-5.0,-41.0
1776885804.1191027,8.0,-2.0,-45.0
1776885804.1291027,3.0,3.0,-41.0
1776885804.1391027,5.0,0.0,-42.0
1776885804.1491027,4.0,-3.0,-38.0
1776885804.159103,-2.0,-1.0,-35.0
1776885804.169103,-3.0,0.0,-38.0
1776885804.179103,-4.0,-2.0,-40.0
1776885804.1891026,0.0,-5.0,-43.0
1776885804.1991026,1.0,-6.0,-43.0
1776885804.2091026,-1.0,-5.0,-46.0
1776885804.2191026,0.0,-2.0,-51.0
1776885804.2291028,0.0,-3.0,-42.0
1776885804.2391028,2.0,-3.0,-43.0
1776885804.2491028,0.0,-6.0,-39.0
1776885804.2591028,0.0,-2.0,-40.0
1776885804.2691028,-1.0,-2.0,-42.0
1776885804.2791028,-2.0,-2.0,-42.0
1776885804.2891028,-3.0,-2.0,-41.0
1776885804.2991028,-4.0,-1.0,-36.0
1776885804.3091028,-7.0,0.0,-37.0
1776885804.3191028,-7.0,-3.0,-31.0
1776885804.3291028,-4.0,0.0,-31.0
1776885804.3391027,-3.0,0.0,-28.0
1776885804.3491027,-2.0,1.0,-25.0
1776885804.3591027,0.0,2.0,-28.0
1776885804.3691027,0.0,1.0,-27.0
1776885804.3791027,1.0,0.0,-32.0
1776885804.3891027,0.0,3.0,-36.0
1776885804.3991027,0.0,4.0,-45.0
1776885804.409103,-1.0,1.0,-51.0
1776885804.419103,0.0,-1.0,-53.0
1776885804.429103,1.0,-1.0,-57.0
1776885804.4391026,2.0,-1.0,-57.0
1776885804.4491026,7.0,5.0,-54.0
1776885804.4591026,4.0,4.0,-54.0
1776885804.4691026,3.0,-1.0,-49.0
1776885804.4791028,0.0,-3.0,-48.0
1776885804.4891028,-1.0,-4.0,-48.0
1776885804.4991028,-1.0,-2.0,-49.0
1776885804.5091028,-1.0,0.0,-44.0
1776885804.5191028,-4.0,2.0,-40.0
1776885804.5291028,0.0,2.0,-41.0
1776885804.5391028,0.0,4.0,-46.0
1776885804.5491028,-3.0,-1.0,-45.0
1776885804.5591028,-3.0,-2.0,-43.0
1776885804.5691028,0.0,-1.0,-42.0
1776885804.5791028,1.0,-4.0,-40.0
1776885804.5891027,1.0,-4.0,-37.0
1776885804.5991027,0.0,-2.0,-39.0
1776885804.6091027,3.0,-4.0,-41.0
1776885804.6191027,5.0,-7.0,-40.0
1776885804.6291027,4.0,-6.0,-46.0
1776885804.6391027,3.0,-6.0,-42.0
1776885804.6491027,3.0,-8.0,-37.0
1776885804.659103,0.0,-6.0,-38.0
1776885804.669103,0.0,-11.0,-40.0
1776885804.679103,-1.0,-8.0,-32.0
1776885804.6891026,0.0,-8.0,-37.0
1776885804.6991026,2.0,-6.0,-39.0
1776885804.7091026,5.0,-3.0,-46.0
1776885804.7191026,7.0,-4.0,-46.0
1776885804.7291028,6.0,-1.0,-49.0
1776885804.7391028,2.0,-1.0,-52.0
1776885804.7491028,3.0,-2.0,-47.0
1776885804.7591028,4.0,-1.0,-43.0
1776885804.7691028,5.0,0.0,-42.0
1776885804.7791028,0.0,0.0,-48.0
1776885804.7891028,1.0,-2.0,-49.0
1776885804.7991028,4.0,-5.0,-44.0
1776885804.8091028,2.0,-1.0,-50.0
1776885804.8191028,3.0,0.0,-45.0
1776885804.8291028,5.0,0.0,-43.0
1776885804.8391027,6.0,-3.0,-37.0
1776885804.8491027,5.0,-6.0,-38.0
1776885804.8591027,5.0,-6.0,-44.0
1776885804.8691027,1.0,-2.0,-44.0
1776885804.8791027,4.0,-3.0,-46.0
1776885804.8891027,4.0,0.0,-55.0
1776885804.8991027,7.0,1.0,-58.0
1776885804.909103,7.0,-4.0,-56.0
1776885804.919103,2.0,-3.0,-52.0
1776885804.929103,-1.0,-4.0,-48.0
1776885804.9391026,-1.0,0.0,-47.0
1776885804.9491026,-1.0,0.0,-41.0
1776885804.9591026,-2.0,0.0,-49.0
1776885804.9691026,-4.0,0.0,-47.0
1776885804.9791028,1.0,2.0,-48.0
1776885804.9891028,9.0,4.0,-43.0
1776885804.9991028,9.0,6.0,-41.0
1776885805.0091028,7.0,6.0,-38.0
1776885805.0191028,4.0,6.0,-45.0
1776885805.0291028,1.0,3.0,-51.0
1776885805.0391028,2.0,-1.0,-48.0
1776885805.0491028,-1.0,1.0,-55.0
1776885805.0591028,0.0,0.0,-54.0
1776885805.0691028,-3.0,0.0,-51.0
1776885805.0791028,-4.0,0.0,-45.0
1776885805.0891027,-7.0,-4.0,-37.0
1776885805.0991027,-2.0,-6.0,-36.0
1776885805.1091027,-3.0,-7.0,-37.0
1776885805.1191027,-3.0,-8.0,-43.0
1776885805.1291027,-3.0,-7.0,-46.0
1776885805.1391027,-8.0,-6.0,-43.0
1776885805.1491027,-5.0,-5.0,-46.0
1776885805.159103,-2.0,-5.0,-53.0
1776885805.169103,0.0,-2.0,-54.0
1776885805.179103,0.0,-1.0,-49.0
1776885805.1891026,4.0,-4.0,-48.0
1776885805.1991026,4.0,1.0,-50.0
1776885805.2091026,0.0,0.0,-50.0
1776885805.2191026,-2.0,-1.0,-40.0
1776885805.2291028,-2.0,0.0,-39.0
1776885805.2391028,1.0,-2.0,-34.0
1776885805.2491028,3.0,-3.0,-34.0
1776885805.2591028,2.0,-1.0,-37.0
1776885805.2691028,0.0,1.0,-40.0
1776885805.2791028,-1.0,-4.0,-41.0
1776885805.2891028,-1.0,-3.0,-42.0
1776885805.2991028,-3.0,-4.0,-45.0
1776885805.3091028,-4.0,-3.0,-51.0
1776885805.3191028,-4.0,0.0,-50.0
1776885805.3291028,-2.0,-1.0,-42.0
1776885805.3391027,-5.0,0.0,-42.0
1776885805.3491027,-4.0,0.0,-42.0
1776885805.3591027,-1.0,-2.0,-37.0
1776885805.3691027,0.0,4.0,-35.0
1776885805.3791027,-1.0,4.0,-36.0
1776885805.3891027,1.0,1.0,-41.0
1776885805.3991027,7.0,0.0,-40.0
1776885805.409103,8.0,3.0,-32.0
1776885805.419103,8.0,1.0,-33.0
1776885805.429103,4.0,3.0,-39.0
1776885805.4391026,5.0,0.0,-40.0
1776885805.4491026,5.0,0.0,-33.0
1776885805.4591026,3.0,-3.0,-29.0
1776885805.4691026,6.0,-3.0,-42.0
1776885805.4791028,8.0,-1.0,-45.0
1776885805.4891028,7.0,-1.0,-45.0
1776885805.4991028,4.0,-3.0,-41.0
1776885805.5091028,6.0,-4.0,-43.0
1776885805.5191028,5.0,-5.0,-37.0
1776885805.5291028,2.0,-4.0,-38.0
1776885805.5391028,2.0,-3.0,-34.0
1776885805.5491028,0.0,-2.0,-31.0
1776885805.5591028,-3.0,1.0,-33.0
1776885805.5691028,2.0,3.0,-37.0
1776885805.5791028,6.0,6.0,-42.0
1776885805.5891027,4.0,6.0,-41.0
1776885805.5991027,-2.0,4.0,-42.0
1776885805.6091027,2.0,0.0,-41.0
1776885805.6191027,0.0,4.0,-38.0
1776885805.6291027,-1.0,1.0,-37.0
1776885805.6391027,-1.0,-1.0,-37.0
1776885805.6491027,1.0,0.0,-37.0
1776885805.659103,-2.0,-3.0,-35.0
1776885805.669103,-3.0,-2.0,-37.0
1776885805.679103,-3.0,-1.0,-42.0
1776885805.6891026,-2.0,0.0,-41.0
1776885805.6991026,-1.0,-4.0,-39.0
1776885805.7091026,-1.0,-7.0,-37.0
1776885805.7191026,-3.0,-8.0,-42.0
1776885805.7291028,-1.0,-4.0,-41.0
1776885805.7391028,2.0,-7.0,-41.0
1776885805.7491028,3.0,-7.0,-33.0
1776885805.7591028,6.0,-7.0,-33.0
1776885805.7691028,6.0,-8.0,-26.0
1776885805.7791028,6.0,-8.0,-30.0
1776885805.7891028,4.0,-9.0,-33.0
1776885805.7991028,9.0,-8.0,-31.0
1776885805.8091028,8.0,-9.0,-35.0
1776885805.8191028,1.0,-8.0,-36.0
1776885805.8291028,-1.0,-10.0,-32.0
1776885805.8391027,-2.0,-8.0,-34.0
1776885805.8491027,-5.0,-7.0,-36.0
1776885805.8591027,-3.0,-3.0,-35.0
1776885805.8691027,-10.0,-7.0,-33.0
1776885805.8791027,-16.0,-8.0,-41.0
1776885805.8891027,-17.0,-6.0,-52.0
1776885805.8991027,-18.0,-3.0,-48.0
1776885805.909103,-19.0,0.0,-37.0
1776885805.919103,-12.0,1.0,-37.0
1776885805.929103,-8.0,-6.0,-39.0
1776885805.9391026,-6.0,-7.0,-41.0
1776885805.9491026,-1.0,-7.0,-46.0
1776885805.9591026,1.0,-5.0,-49.0
1776885805.9701028,6.0,-2.0,-46.0
1776885805.9801028,6.0,-3.0,-41.0
1776885805.9901028,7.0,-5.0,-40.0
1776885806.0001028,10.0,-2.0,-38.0
1776885806.0101027,11.0,0.0,-33.0
1776885806.0201027,13.0,0.0,-35.0
1776885806.0301027,12.0,-3.0,-46.0
1776885806.0401027,7.0,0.0,-40.0
1776885806.0501027,6.0,3.0,-34.0
1776885806.0601027,6.0,0.0,-37.0
1776885806.0701027,6.0,0.0,-37.0
1776885806.0801027,1.0,4.0,-37.0
1776885806.090103,2.0,3.0,-34.0
1776885806.100103,6.0,6.0,-36.0
1776885806.110103,5.0,5.0,-39.0
1776885806.1201026,5.0,6.0,-43.0
1776885806.1301026,6.0,5.0,-47.0
1776885806.1401026,7.0,4.0,-48.0
1776885806.1501029,8.0,0.0,-42.0
1776885806.1601028,8.0,0.0,-40.0
1776885806.1701028,11.0,-1.0,-38.0
1776885806.1801028,10.0,-2.0,-41.0
1776885806.1901028,11.0,-5.0,-41.0
1776885806.2001028,10.0,-7.0,-48.0
1776885806.2101028,11.0,-8.0,-50.0
1776885806.2201028,11.0,-2.0,-52.0
1776885806.2301028,6.0,-4.0,-51.0
1776885806.2401028,3.0,-4.0,-48.0
1776885806.2501028,8.0,-3.0,-43.0
1776885806.2601027,3.0,-1.0,-38.0
1776885806.2701027,5.0,0.0,-35.0
1776885806.2801027,4.0,1.0,-32.0
1776885806.2901027,3.0,3.0,-35.0
1776885806.3001027,0.0,1.0,-39.0
1776885806.3101027,-1.0,2.0,-40.0
1776885806.3201027,2.0,3.0,-40.0
1776885806.3301027,-1.0,2.0,-35.0
1776885806.340103,0.0,-1.0,-29.0
1776885806.350103,5.0,2.0,-30.0
1776885806.360103,6.0,4.0,-33.0
1776885806.3701026,7.0,8.0,-33.0
1776885806.3801026,5.0,8.0,-35.0
1776885806.3901026,2.0,10.0,-34.0
1776885806.4001029,4.0,11.0,-31.0
1776885806.4101028,3.0,4.0,-31.0
1776885806.4201028,0.0,1.0,-33.0
1776885806.4301028,3.0,0.0,-33.0
1776885806.4401028,4.0,1.0,-39.0
1776885806.4501028,5.0,1.0,-42.0
1776885806.4601028,5.0,0.0,-41.0
1776885806.4701028,-2.0,0.0,-42.0
1776885806.4801028,-3.0,0.0,-41.0
1776885806.4901028,-2.0,2.0,-38.0
1776885806.5001028,-5.0,0.0,-41.0
1776885806.5101027,-8.0,0.0,-41.0
1776885806.5201027,-6.0,0.0,-45.0
1776885806.5301027,-8.0,-3.0,-39.0
1776885806.5401027,-2.0,-4.0,-30.0
1776885806.5501027,-1.0,-6.0,-25.0
1776885806.5601027,-1.0,-7.0,-27.0
1776885806.5701027,0.0,-7.0,-38.0
1776885806.5801027,0.0,0.0,-34.0
1776885806.590103,3.0,0.0,-37.0
1776885806.600103,8.0,-3.0,-44.0
1776885806.610103,5.0,-3.0,-47.0
1776885806.6201026,2.0,-1.0,-44.0
1776885806.6301026,5.0,-6.0,-42.0
1776885806.6401026,1.0,-3.0,-42.0
1776885806.6501029,0.0,-1.0,-41.0
1776885806.6601028,-2.0,-1.0,-39.0
1776885806.6701028,-5.0,-1.0,-39.0
1776885806.6801028,-6.0,0.0,-36.0
1776885806.6901028,-7.0,0.0,-37.0
1776885806.7001028,-5.0,1.0,-38.0
1776885806.7101028,0.0,2.0,-37.0
1776885806.7201028,0.0,0.0,-42.0
1776885806.7301028,0.0,-2.0,-38.0
1776885806.7401028,0.0,-3.0,-39.0
1776885806.7501028,-4.0,-3.0,-47.0
1776885806.7601027,-9.0,-6.0,-48.0
1776885806.7701027,-7.0,-6.0,-43.0
1776885806.7801027,-3.0,-6.0,-43.0
1776885806.7901027,-1.0,-8.0,-40.0
1776885806.8001027,3.0,-4.0,-35.0
1776885806.8101027,3.0,-2.0,-32.0
1776885806.8201027,0.0,-2.0,-39.0
1776885806.8301027,0.0,-5.0,-43.0
1776885806.840103,1.0,-5.0,-43.0
1776885806.850103,0.0,-2.0,-48.0
1776885806.860103,0.0,-6.0,-46.0
1776885806.8701026,3.0,0.0,-46.0
1776885806.8801026,3.0,0.0,-39.0
1776885806.8901026,1.0,0.0,-42.0
1776885806.9001029,0.0,-3.0,-41.0
1776885806.9101028,3.0,-3.0,-40.0
1776885806.9201028,4.0,-2.0,-40.0
1776885806.9301028,3.0,-1.0,-36.0
1776885806.9401028,2.0,1.0,-35.0
1776885806.9501028,4.0,-1.0,-37.0
1776885806.9601028,4.0,-2.0,-31.0
1776885806.9701028,4.0,-2.0,-37.0
1776885806.9801028,3.0,-4.0,-45.0
1776885806.9901028,0.0,-4.0,-49.0
1776885807.0001028,-3.0,-6.0,-49.0
1776885807.0101027,-2.0,-3.0,-53.0
1776885807.0201027,-4.0,-3.0,-49.0
1776885807.0301027,-1.0,1.0,-48.0
1776885807.0401027,0.0,4.0,-43.0
1776885807.0501027,2.0,3.0,-41.0
1776885807.0601027,4.0,2.0,-43.0
1776885807.0701027,5.0,8.0,-44.0
1776885807.0801027,6.0,9.0,-47.0
1776885807.090103,4.0,4.0,-37.0
1776885807.100103,4.0,0.0,-35.0
1776885807.110103,-1.0,1.0,-36.0
1776885807.1201026,0.0,1.0,-39.0
1776885807.1301026,4.0,3.0,-39.0
1776885807.1401026,4.0,2.0,-38.0
1776885807.1501029,-1.0,0.0,-39.0
1776885807.1601028,-4.0,-4.0,-37.0
1776885807.1701028,0.0,-4.0,-42.0
1776885807.1801028,0.0,-2.0,-40.0
1776885807.1901028,4.0,0.0,-41.0
1776885807.2001028,0.0,3.0,-43.0
1776885807.2101028,0.0,2.0,-48.0
1776885807.2201028,-1.0,1.0,-43.0
1776885807.2301028,-4.0,3.0,-44.0
1776885807.2401028,0.0,3.0,-48.0
1776885807.2501028,-1.0,5.0,-43.0
1776885807.2601027,3.0,4.0,-39.0
1776885807.2701027,5.0,7.0,-43.0
1776885807.2801027,6.0,6.0,-43.0
1776885807.2901027,10.0,5.0,-36.0
1776885807.3001027,4.0,4.0,-37.0
1776885807.3101027,7.0,3.0,-37.0
1776885807.3201027,4.0,-1.0,-38.0
1776885807.3301027,6.0,0.0,-37.0
1776885807.340103,5.0,-1.0,-35.0
1776885807.350103,6.0,1.0,-40.0
1776885807.360103,3.0,1.0,-39.0
1776885807.3701026,4.0,-5.0,-44.0
1776885807.3801026,2.0,2.0,-46.0
1776885807.3901026,0.0,3.0,-46.0
1776885807.4001029,0.0,4.0,-48.0
1776885807.4101028,0.0,0.0,-49.0
1776885807.4201028,-2.0,0.0,-50.0
1776885807.4301028,2.0,0.0,-47.0
1776885807.4401028,-3.0,-1.0,-44.0
1776885807.4501028,-3.0,-4.0,-40.0
1776885807.4601028,0.0,-3.0,-40.0
1776885807.4701028,3.0,-5.0,-38.0
1776885807.4801028,0.0,-3.0,-42.0
1776885807.4901028,0.0,-3.0,-42.0
1776885807.5001028,-3.0,1.0,-40.0
1776885807.5101027,-6.0,1.0,-43.0
1776885807.5201027,-7.0,-4.0,-42.0
1776885807.5301027,-2.0,-3.0,-35.0
1776885807.5401027,3.0,-3.0,-36.0
1776885807.5501027,6.0,-1.0,-41.0
1776885807.5601027,6.0,-3.0,-45.0
1776885807.5701027,1.0,-4.0,-46.0
1776885807.5801027,-1.0,-4.0,-47.0
1776885807.590103,-3.0,-4.0,-41.0
1776885807.600103,-4.0,-3.0,-44.0
1776885807.610103,-3.0,-2.0,-34.0
1776885807.6201026,0.0,-1.0,-39.0
1776885807.6301026,1.0,-7.0,-30.0
1776885807.6401026,0.0,-8.0,-26.0
1776885807.6501029,3.0,-7.0,-30.0
1776885807.6601028,3.0,-2.0,-31.0
1776885807.6701028,1.0,-3.0,-38.0
1776885807.6801028,1.0,2.0,-39.0
1776885807.6901028,3.0,1.0,-43.0
1776885807.7001028,1.0,3.0,-42.0
1776885807.7101028,3.0,0.0,-46.0
1776885807.7201028,3.0,1.0,-49.0
1776885807.7301028,1.0,-1.0,-57.0
1776885807.7401028,-2.0,-4.0,-54.0
1776885807.7501028,-1.0,-1.0,-46.0
1776885807.7601027,-4.0,-1.0,-44.0
1776885807.7701027,-2.0,-2.0,-52.0
1776885807.7801027,0.0,-3.0,-53.0
1776885807.7901027,0.0,-2.0,-50.0
1776885807.8001027,1.0,0.0,-48.0
1776885807.8101027,3.0,1.0,-41.0
1776885807.8201027,1.0,2.0,-33.0
1776885807.8301027,-1.0,0.0,-31.0
1776885807.840103,-3.0,1.0,-28.0
1776885807.850103,-5.0,2.0,-33.0
1776885807.860103,2.0,5.0,-33.0
1776885807.8701026,6.0,9.0,-27.0
1776885807.8801026,8.0,5.0,-27.0
1776885807.8901026,5.0,7.0,-34.0
1776885807.9001029,3.0,0.0,-40.0
1776885807.9101028,5.0,-1.0,-39.0
1776885807.9211028,4.0,-1.0,-38.0
1776885807.9311028,0.0,1.0,-36.0
1776885807.9411027,-4.0,3.0,-43.0
1776885807.9511027,-1.0,1.0,-46.0
1776885807.9611027,-1.0,0.0,-42.0
1776885807.9711027,1.0,0.0,-34.0
1776885807.9811027,3.0,-1.0,-32.0
1776885807.9911027,1.0,-3.0,-31.0
1776885808.0011027,0.0,-3.0,-34.0
1776885808.011103,1.0,1.0,-39.0
1776885808.021103,5.0,3.0,-45.0
1776885808.031103,5.0,1.0,-38.0
1776885808.0411026,6.0,-2.0,-32.0
1776885808.0511026,4.0,-4.0,-34.0
1776885808.0611026,9.0,-6.0,-34.0
1776885808.0711029,8.0,-4.0,-37.0
1776885808.0811028,6.0,-5.0,-34.0
1776885808.0911028,5.0,-10.0,-40.0
1776885808.1011028,4.0,-3.0,-39.0
1776885808.1111028,2.0,-2.0,-44.0
1776885808.1211028,0.0,-2.0,-44.0
1776885808.1311028,0.0,-5.0,-49.0
1776885808.1411028,-1.0,-2.0,-46.0
1776885808.1511028,-2.0,2.0,-38.0
1776885808.1611028,0.0,1.0,-37.0
1776885808.1711028,6.0,0.0,-39.0
1776885808.1811028,4.0,6.0,-46.0
1776885808.1911027,4.0,11.0,-43.0
1776885808.2011027,0.0,10.0,-43.0
1776885808.2111027,-4.0,6.0,-45.0
1776885808.2211027,-5.0,4.0,-43.0
1776885808.2311027,-7.0,5.0,-41.0
1776885808.2411027,-6.0,2.0,-33.0
1776885808.2511027,-4.0,0.0,-27.0
1776885808.261103,0.0,1.0,-33.0
1776885808.271103,2.0,-1.0,-35.0
1776885808.281103,3.0,0.0,-38.0
1776885808.2911026,4.0,0.0,-38.0
1776885808.3011026,3.0,-1.0,-37.0
1776885808.3111026,0.0,2.0,-32.0
1776885808.3211029,0.0,0.0,-36.0
1776885808.3321028,1.0,0.0,-33.0
1776885808.3411028,0.0,-1.0,-32.0
1776885808.3511028,5.0,0.0,-33.0
1776885808.3611028,1.0,0.0,-36.0
1776885808.3711028,2.0,-4.0,-39.0
1776885808.3811028,8.0,-4.0,-31.0
1776885808.3911028,4.0,-3.0,-30.0
1776885808.4011028,0.0,-2.0,-28.0
1776885808.4111028,0.0,-3.0,-34.0
1776885808.4211028,6.0,-3.0,-32.0
1776885808.4311028,6.0,-2.0,-26.0
1776885808.4411027,0.0,-2.0,-33.0
1776885808.4511027,1.0,-5.0,-40.0
1776885808.4611027,2.0,-7.0,-40.0
1776885808.4711027,3.0,-6.0,-40.0
1776885808.4811027,4.0,-8.0,-49.0
1776885808.4911027,6.0,-5.0,-51.0
1776885808.5011027,6.0,-4.0,-52.0
1776885808.511103,6.0,-5.0,-44.0
1776885808.521103,5.0,-4.0,-33.0
1776885808.531103,4.0,-4.0,-40.0
1776885808.5411026,1.0,-2.0,-42.0
1776885808.5511026,0.0,2.0,-32.0
1776885808.5611026,0.0,-1.0,-34.0
1776885808.5711029,0.0,-2.0,-40.0
1776885808.5811028,1.0,-2.0,-43.0
1776885808.5911028,1.0,-2.0,-47.0
1776885808.6011028,1.0,0.0,-45.0
1776885808.6111028,2.0,-1.0,-39.0
1776885808.6211028,0.0,0.0,-41.0
1776885808.6311028,1.0,-2.0,-42.0
1776885808.6411028,1.0,-1.0,-40.0
1776885808.6511028,4.0,1.0,-36.0
1776885808.6611028,8.0,3.0,-42.0
1776885808.6711028,6.0,5.0,-41.0
1776885808.6811028,8.0,6.0,-39.0
1776885808.6911027,7.0,7.0,-39.0
1776885808.7011027,5.0,5.0,-37.0
1776885808.7111027,5.0,3.0,-42.0
1776885808.7211027,3.0,2.0,-46.0
1776885808.7311027,6.0,-3.0,-41.0
1776885808.7411027,5.0,-2.0,-41.0
1776885808.7511027,10.0,-5.0,-35.0
1776885808.761103,9.0,-6.0,-40.0
1776885808.771103,6.0,-7.0,-41.0
1776885808.781103,2.0,-3.0,-41.0
1776885808.7911026,0.0,-2.0,-43.0
1776885808.8011026,0.0,-4.0,-38.0
1776885808.8111026,3.0,-1.0,-38.0
1776885808.8211029,3.0,-1.0,-39.0
1776885808.8311028,3.0,-1.0,-49.0
1776885808.8411028,4.0,0.0,-40.0
1776885808.8511028,0.0,0.0,-38.0
1776885808.8611028,-2.0,-1.0,-37.0
1776885808.8711028,-2.0,2.0,-37.0
1776885808.8811028,-5.0,7.0,-32.0
1776885808.8911028,-4.0,9.0,-34.0
1776885808.9011028,-8.0,9.0,-29.0
1776885808.9111028,-7.0,8.0,-28.0
1776885808.9211028,-8.0,10.0,-31.0
1776885808.9311028,-9.0,8.0,-33.0
1776885808.9411027,-7.0,7.0,-35.0
1776885808.9511027,-7.0,5.0,-37.0
1776885808.9611027,-7.0,1.0,-33.0
1776885808.9711027,-3.0,7.0,-32.0
1776885808.9811027,-4.0,4.0,-36.0
1776885808.9911027,-3.0,3.0,-40.0
1776885809.0011027,-7.0,0.0,-42.0
1776885809.011103,-6.0,0.0,-40.0
1776885809.021103,-3.0,1.0,-42.0
1776885809.031103,0.0,3.0,-47.0
1776885809.0411026,-2.0,0.0,-39.0
1776885809.0511026,-1.0,0.0,-41.0
1776885809.0611026,1.0,0.0,-44.0
1776885809.0711029,1.0,0.0,-46.0
1776885809.0811028,1.0,-1.0,-42.0
1776885809.0911028,0.0,-3.0,-35.0
1776885809.1011028,0.0,-2.0,-35.0
1776885809.1111028,-2.0,0.0,-38.0
1776885809.1211028,-5.0,0.0,-35.0
1776885809.1311028,-8.0,-1.0,-33.0
1776885809.1411028,-6.0,-7.0,-33.0
1776885809.1511028,-11.0,-9.0,-36.0
1776885809.1611028,-12.0,-6.0,-31.0
1776885809.1711028,-6.0,-9.0,-32.0
1776885809.1811028,-3.0,-11.0,-24.0
1776885809.1911027,-8.0,-7.0,-24.0
1776885809.2011027,-2.0,-6.0,-25.0
1776885809.2111027,4.0,-7.0,-28.0
1776885809.2211027,8.0,-9.0,-33.0
1776885809.2311027,2.0,-8.0,-40.0
1776885809.2411027,2.0,-6.0,-43.0
1776885809.2511027,1.0,-6.0,-41.0
1776885809.261103,-1.0,0.0,-38.0
1776885809.271103,-4.0,-3.0,-43.0
1776885809.281103,-4.0,-1.0,-44.0
1776885809.2911026,-2.0,-1.0,-51.0
1776885809.3011026,-3.0,0.0,-46.0
1776885809.3111026,-6.0,1.0,-46.0
1776885809.3211029,-5.0,2.0,-43.0
1776885809.3311028,0.0,0.0,-42.0
1776885809.3411028,0.0,-2.0,-41.0
1776885809.3511028,-4.0,3.0,-36.0
1776885809.3611028,2.0,2.0,-32.0
1776885809.3711028,5.0,4.0,-27.0
1776885809.3811028,2.0,7.0,-30.0
1776885809.3911028,2.0,6.0,-36.0
1776885809.4011028,3.0,6.0,-35.0
1776885809.4111028,0.0,5.0,-35.0
1776885809.4211028,-2.0,5.0,-44.0
1776885809.4311028,-2.0,0.0,-43.0
1776885809.4411027,0.0,3.0,-53.0
1776885809.4511027,2.0,5.0,-57.0
1776885809.4611027,2.0,3.0,-56.0
1776885809.4711027,-2.0,6.0,-52.0
1776885809.4811027,-5.0,2.0,-53.0
1776885809.4911027,-6.0,0.0,-49.0
1776885809.5011027,-7.0,2.0,-46.0
1776885809.511103,-5.0,4.0,-40.0
1776885809.521103,-6.0,4.0,-41.0
1776885809.531103,-2.0,3.0,-42.0
1776885809.5411026,-4.0,0.0,-49.0
1776885809.5511026,-1.0,2.0,-47.0
1776885809.5611026,-2.0,6.0,-45.0
1776885809.5711029,0.0,4.0,-41.0
1776885809.5811028,1.0,5.0,-45.0
1776885809.5911028,4.0,5.0,-54.0
1776885809.6011028,-1.0,3.0,-48.0
1776885809.6111028,1.0,0.0,-48.0
1776885809.6211028,3.0,0.0,-47.0
1776885809.6311028,4.0,0.0,-44.0
1776885809.6411028,0.0,0.0,-38.0
1776885809.6511028,-1.0,-1.0,-42.0
1776885809.6611028,0.0,0.0,-43.0
1776885809.6711028,4.0,-3.0,-43.0
1776885809.6811028,2.0,0.0,-42.0
1776885809.6911027,1.0,-1.0,-41.0
1776885809.7011027,1.0,-1.0,-41.0
1776885809.7111027,3.0,0.0,-40.0
1776885809.7211027,3.0,0.0,-39.0
1776885809.7311027,1.0,1.0,-40.0
1776885809.7411027,-1.0,-1.0,-46.0
1776885809.7511027,0.0,-3.0,-44.0
1776885809.761103,1.0,-5.0,-37.0
1776885809.771103,0.0,-2.0,-33.0
1776885809.781103,-1.0,-1.0,-27.0
1776885809.7911026,2.0,-3.0,-35.0
1776885809.8011026,1.0,0.0,-38.0
1776885809.8111026,0.0,0.0,-37.0
1776885809.8211029,-3.0,-6.0,-32.0
1776885809.8311028,-2.0,-6.0,-31.0
1776885809.8411028,-1.0,-5.0,-36.0
1776885809.8511028,0.0,-1.0,-37.0
1776885809.8611028,-3.0,-2.0,-38.0
1776885809.8721027,0.0,-5.0,-39.0
1776885809.8821027,6.0,-5.0,-44.0
1776885809.8911028,3.0,-6.0,-48.0
1776885809.9021027,3.0,-4.0,-41.0
1776885809.9121027,0.0,-3.0,-42.0
1776885809.9221027,-1.0,-3.0,-35.0
1776885809.932103,-4.0,-3.0,-31.0
1776885809.942103,-6.0,0.0,-27.0
1776885809.952103,-7.0,-4.0,-24.0
1776885809.962103,-8.0,-5.0,-27.0
1776885809.9711027,-5.0,-6.0,-28.0
1776885809.9821026,-2.0,-4.0,-31.0
1776885809.9921026,-3.0,-4.0,-29.0
1776885810.0021029,0.0,-4.0,-32.0
1776885810.0121028,3.0,0.0,-29.0
1776885810.0221028,0.0,0.0,-28.0
1776885810.0321028,2.0,0.0,-31.0
1776885810.0421028,2.0,2.0,-35.0
1776885810.0521028,3.0,0.0,-38.0
1776885810.0621028,2.0,-2.0,-42.0
1776885810.0721028,6.0,-1.0,-42.0
1776885810.0821028,5.0,0.0,-37.0
1776885810.0921028,4.0,-1.0,-39.0
1776885810.1021028,5.0,-3.0,-39.0
1776885810.1121027,5.0,-4.0,-39.0
1776885810.1221027,1.0,0.0,-32.0
1776885810.1321027,0.0,1.0,-30.0
1776885810.1421027,1.0,2.0,-31.0
1776885810.1521027,0.0,0.0,-35.0
1776885810.1621027,0.0,-5.0,-39.0
1776885810.1721027,0.0,-5.0,-39.0
1776885810.182103,-3.0,-1.0,-37.0
1776885810.192103,1.0,0.0,-35.0
1776885810.202103,3.0,3.0,-39.0
1776885810.212103,2.0,2.0,-36.0
1776885810.2221026,5.0,1.0,-40.0
1776885810.2321026,1.0,1.0,-44.0
1776885810.2421026,0.0,1.0,-40.0
1776885810.2521029,-4.0,0.0,-46.0
1776885810.2621028,-1.0,1.0,-46.0
1776885810.2721028,0.0,2.0,-39.0
1776885810.2821028,-2.0,1.0,-37.0
1776885810.2921028,-3.0,0.0,-39.0
1776885810.3021028,0.0,2.0,-34.0
1776885810.3121028,1.0,1.0,-31.0
1776885810.3221028,1.0,1.0,-40.0
1776885810.3321028,5.0,3.0,-42.0
1776885810.3421028,2.0,0.0,-39.0
1776885810.3521028,-1.0,1.0,-43.0
1776885810.3621027,-3.0,2.0,-45.0
1776885810.3721027,-4.0,-3.0,-44.0
1776885810.3821027,-3.0,-4.0,-46.0
1776885810.3921027,-1.0,-5.0,-43.0
1776885810.4021027,-1.0,-7.0,-43.0
1776885810.4121027,-3.0,-4.0,-35.0
1776885810.4221027,0.0,0.0,-36.0
1776885810.432103,1.0,-3.0,-38.0
1776885810.442103,1.0,-4.0,-38.0
1776885810.452103,0.0,-2.0,-33.0
1776885810.462103,-3.0,2.0,-28.0
1776885810.4721026,-3.0,2.0,-26.0
1776885810.4821026,0.0,0.0,-26.0
1776885810.4921026,-2.0,-2.0,-25.0
1776885810.5021029,-2.0,-1.0,-32.0
1776885810.5121028,-4.0,-2.0,-37.0
1776885810.5221028,-1.0,-2.0,-39.0
1776885810.5321028,0.0,0.0,-43.0
1776885810.5421028,0.0,0.0,-44.0
1776885810.5521028,4.0,2.0,-45.0
1776885810.5621028,7.0,0.0,-44.0
1776885810.5721028,0.0,-1.0,-38.0
1776885810.5821028,-2.0,-6.0,-34.0
1776885810.5921028,0.0,-4.0,-25.0
1776885810.6021028,2.0,1.0,-24.0
1776885810.6121027,2.0,1.0,-32.0
1776885810.6221027,3.0,2.0,-27.0
1776885810.6321027,0.0,0.0,-26.0
1776885810.6421027,2.0,4.0,-32.0
1776885810.6521027,8.0,4.0,-34.0
1776885810.6621027,8.0,3.0,-37.0
1776885810.6721027,10.0,-1.0,-44.0
1776885810.682103,8.0,0.0,-44.0
1776885810.692103,3.0,0.0,-44.0
1776885810.702103,3.0,-2.0,-42.0
1776885810.712103,-1.0,-3.0,-44.0
1776885810.7221026,-5.0,-1.0,-46.0
1776885810.7321026,-5.0,-5.0,-54.0
1776885810.7421026,2.0,-3.0,-51.0
1776885810.7521029,2.0,-2.0,-46.0
1776885810.7621028,1.0,0.0,-44.0
1776885810.7721028,3.0,0.0,-39.0
1776885810.7821028,0.0,-4.0,-38.0
1776885810.7921028,-2.0,-4.0,-35.0
1776885810.8021028,-7.0,-5.0,-32.0
1776885810.8121028,-6.0,-6.0,-32.0
1776885810.8221028,-5.0,-6.0,-33.0
1776885810.8321028,1.0,-4.0,-35.0
1776885810.8421028,6.0,-3.0,-33.0
1776885810.8521028,5.0,-1.0,-34.0
1776885810.8621027,4.0,-1.0,-34.0
1776885810.8721027,3.0,-1.0,-36.0
1776885810.8821027,7.0,-1.0,-36.0
1776885810.8921027,7.0,-3.0,-39.0
1776885810.9021027,9.0,0.0,-35.0
1776885810.9121027,11.0,0.0,-37.0
1776885810.9221027,6.0,1.0,-42.0
1776885810.932103,1.0,0.0,-38.0
1776885810.942103,0.0,-2.0,-43.0
1776885810.952103,8.0,-2.0,-41.0
1776885810.962103,4.0,-1.0,-36.0
1776885810.9721026,2.0,0.0,-39.0
1776885810.9821026,-4.0,0.0,-40.0
1776885810.9921026,-6.0,-3.0,-43.0
1776885811.0021029,-4.0,-2.0,-44.0
1776885811.0121028,-5.0,-2.0,-45.0
1776885811.0221028,-8.0,2.0,-44.0
1776885811.0321028,-4.0,4.0,-44.0
1776885811.0421028,0.0,5.0,-41.0
1776885811.0521028,-2.0,5.0,-39.0
1776885811.0621028,0.0,0.0,-42.0
1776885811.0721028,-1.0,2.0,-41.0
1776885811.0821028,1.0,1.0,-44.0
1776885811.0921028,0.0,0.0,-43.0
1776885811.1021028,-3.0,-2.0,-40.0
1776885811.1121027,-7.0,-4.0,-32.0
1776885811.1221027,-5.0,-3.0,-32.0
1776885811.1321027,0.0,-3.0,-36.0
1776885811.1421027,-1.0,-1.0,-41.0
1776885811.1521027,-4.0,-3.0,-45.0
1776885811.1621027,-4.0,-1.0,-33.0
1776885811.1721027,-4.0,3.0,-41.0
1776885811.182103,-3.0,7.0,-39.0
1776885811.192103,-6.0,5.0,-38.0
1776885811.202103,-5.0,3.0,-45.0
1776885811.212103,-2.0,1.0,-46.0
1776885811.2221026,-4.0,-3.0,-46.0
1776885811.2321026,-5.0,-1.0,-51.0
1776885811.2421026,-2.0,-2.0,-56.0
1776885811.2521029,5.0,1.0,-54.0
1776885811.2621028,5.0,-3.0,-53.0
1776885811.2721028,3.0,2.0,-53.0
1776885811.2821028,6.0,0.0,-55.0
1776885811.2921028,5.0,0.0,-44.0
1776885811.3021028,2.0,-2.0,-43.0
1776885811.3121028,2.0,-1.0,-38.0
1776885811.3221028,2.0,1.0,-36.0
1776885811.3321028,2.0,0.0,-37.0
1776885811.3421028,-1.0,0.0,-33.0
1776885811.3521028,-5.0,0.0,-30.0
1776885811.3621027,-4.0,-4.0,-33.0
1776885811.3721027,1.0,-3.0,-31.0
1776885811.3821027,5.0,0.0,-38.0
1776885811.3921027,7.0,-3.0,-52.0
1776885811.4021027,0.0,-3.0,-52.0
1776885811.4121027,-3.0,-4.0,-54.0
1776885811.4221027,-6.0,-6.0,-51.0
1776885811.432103,-4.0,-6.0,-47.0
1776885811.442103,-2.0,-5.0,-49.0
1776885811.452103,4.0,-4.0,-49.0
1776885811.462103,5.0,-4.0,-47.0
1776885811.4721026,2.0,1.0,-45.0
1776885811.4821026,0.0,1.0,-47.0
1776885811.4921026,0.0,2.0,-46.0
1776885811.5021029,1.0,3.0,-55.0
1776885811.5121028,-2.0,0.0,-57.0
1776885811.5221028,-2.0,-2.0,-53.0
1776885811.5321028,-2.0,1.0,-50.0
1776885811.5421028,-1.0,1.0,-45.0
1776885811.5521028,-3.0,-1.0,-47.0
1776885811.5621028,-4.0,0.0,-50.0
1776885811.5721028,-8.0,-1.0,-44.0
1776885811.5821028,-9.0,2.0,-33.0
1776885811.5921028,-6.0,-1.0,-32.0
1776885811.6021028,-2.0,1.0,-38.0
1776885811.6121027,2.0,0.0,-45.0
1776885811.6221027,0.0,-1.0,-45.0
1776885811.6321027,-1.0,-4.0,-38.0
1776885811.6421027,2.0,-1.0,-38.0
1776885811.6521027,3.0,-4.0,-31.0
1776885811.6621027,1.0,0.0,-31.0
1776885811.6721027,1.0,1.0,-28.0
1776885811.682103,-1.0,2.0,-27.0
1776885811.692103,-2.0,0.0,-35.0
1776885811.702103,2.0,-2.0,-42.0
1776885811.712103,1.0,-2.0,-38.0
1776885811.7221026,4.0,0.0,-43.0
1776885811.7321026,5.0,0.0,-44.0
1776885811.7421026,9.0,0.0,-49.0
1776885811.7521029,8.0,0.0,-51.0
1776885811.7621028,2.0,-4.0,-46.0
1776885811.7721028,0.0,0.0,-49.0
1776885811.7821028,0.0,3.0,-47.0
1776885811.7921028,-6.0,0.0,-45.0
1776885811.8021028,0.0,-6.0,-46.0
1776885811.8121028,-2.0,-4.0,-46.0
1776885811.8221028,-2.0,-1.0,-44.0
1776885811.8321028,-1.0,-1.0,-44.0
1776885811.8421028,0.0,-1.0,-44.0
1776885811.8521028,0.0,-3.0,-47.0
1776885811.8621027,0.0,-5.0,-46.0
1776885811.8721027,2.0,-7.0,-44.0
1776885811.8821027,3.0,-4.0,-44.0
1776885811.8921027,0.0,-7.0,-46.0
1776885811.9031026,-3.0,-2.0,-44.0
1776885811.9131026,1.0,-1.0,-45.0
1776885811.9231029,2.0,-3.0,-45.0
1776885811.9331028,5.0,-1.0,-43.0
1776885811.9431028,4.0,-1.0,-41.0
1776885811.9531028,0.0,0.0,-45.0
1776885811.9631028,1.0,-3.0,-46.0
1776885811.9731028,6.0,-5.0,-42.0
1776885811.9831028,5.0,-5.0,-42.0
1776885811.9931028,0.0,-7.0,-45.0
1776885812.0031028,0.0,0.0,-51.0
1776885812.0131028,2.0,0.0,-47.0
1776885812.0231028,1.0,2.0,-49.0
1776885812.0331028,-1.0,1.0,-44.0
1776885812.0431027,-2.0,1.0,-41.0
1776885812.0531027,0.0,0.0,-42.0
1776885812.0631027,-2.0,-3.0,-48.0
1776885812.0731027,0.0,-1.0,-48.0
1776885812.0831027,-2.0,-3.0,-53.0
1776885812.0931027,0.0,-7.0,-53.0
1776885812.1031027,2.0,-6.0,-47.0
1776885812.113103,0.0,-3.0,-44.0
1776885812.123103,-1.0,-1.0,-40.0
1776885812.133103,0.0,-4.0,-37.0
1776885812.1431026,-4.0,-1.0,-31.0
1776885812.1531026,0.0,-2.0,-33.0
1776885812.1631026,-1.0,-5.0,-31.0
1776885812.1731029,1.0,-4.0,-29.0
1776885812.1831028,0.0,-3.0,-30.0
1776885812.1931028,1.0,-5.0,-36.0
1776885812.2031028,3.0,-5.0,-33.0
1776885812.2131028,5.0,-4.0,-35.0
1776885812.2231028,1.0,-2.0,-36.0
1776885812.2331028,-1.0,-4.0,-43.0
1776885812.2431028,2.0,1.0,-38.0
1776885812.2531028,-1.0,-1.0,-33.0
1776885812.2631028,0.0,-7.0,-35.0
1776885812.2731028,0.0,-4.0,-39.0
1776885812.2831028,-1.0,-8.0,-44.0
1776885812.2931027,-2.0,-7.0,-40.0
1776885812.3031027,0.0,-4.0,-33.0
1776885812.3131027,6.0,-2.0,-28.0
1776885812.3231027,7.0,2.0,-31.0
1776885812.3331027,3.0,3.0,-36.0
1776885812.3431027,-2.0,1.0,-39.0
1776885812.3531027,1.0,3.0,-42.0
1776885812.363103,5.0,3.0,-44.0
1776885812.373103,7.0,3.0,-44.0
1776885812.383103,5.0,5.0,-42.0
1776885812.3931026,0.0,7.0,-46.0
1776885812.4031026,4.0,5.0,-39.0
1776885812.4131026,8.0,3.0,-37.0
1776885812.4231029,5.0,5.0,-28.0
1776885812.4331028,1.0,1.0,-31.0
1776885812.4431028,0.0,0.0,-35.0
1776885812.4531028,-2.0,0.0,-40.0
1776885812.4631028,-3.0,-3.0,-42.0
1776885812.4731028,0.0,-3.0,-47.0
1776885812.4831028,1.0,-4.0,-51.0
1776885812.4931028,0.0,0.0,-44.0
1776885812.5031028,-2.0,0.0,-43.0
1776885812.5131028,2.0,1.0,-43.0
1776885812.5231028,3.0,3.0,-41.0
1776885812.5331028,0.0,2.0,-43.0
1776885812.5431027,0.0,0.0,-42.0
1776885812.5531027,-1.0,0.0,-44.0
1776885812.5631027,0.0,0.0,-45.0
1776885812.5731027,2.0,0.0,-51.0
1776885812.5831027,3.0,-1.0,-52.0
1776885812.5931027,3.0,-4.0,-49.0
1776885812.6031027,9.0,-6.0,-50.0
1776885812.613103,12.0,-3.0,-46.0
1776885812.623103,9.0,-5.0,-45.0
1776885812.633103,3.0,-4.0,-38.0
1776885812.6431026,2.0,-6.0,-40.0
1776885812.6531026,4.0,-6.0,-42.0
1776885812.6631026,5.0,-3.0,-33.0
1776885812.6731029,1.0,-6.0,-34.0
1776885812.6831028,0.0,-6.0,-37.0
1776885812.6931028,4.0,-3.0,-41.0
1776885812.7031028,5.0,-5.0,-42.0
1776885812.7131028,7.0,-4.0,-45.0
1776885812.7231028,6.0,-2.0,-50.0
1776885812.7331028,3.0,-4.0,-40.0
1776885812.7431028,9.0,-3.0,-42.0
1776885812.7531028,6.0,3.0,-46.0
1776885812.7631028,1.0,3.0,-46.0
1776885812.7731028,-1.0,3.0,-48.0
1776885812.7831028,2.0,1.0,-49.0
1776885812.7931027,1.0,0.0,-53.0
1776885812.8031027,0.0,0.0,-48.0
1776885812.8131027,1.0,2.0,-45.0
1776885812.8231027,2.0,0.0,-47.0
1776885812.8331027,2.0,0.0,-46.0
1776885812.8431027,3.0,-1.0,-40.0
1776885812.8531027,2.0,-4.0,-34.0
1776885812.863103,4.0,-3.0,-34.0
1776885812.873103,9.0,-1.0,-33.0
1776885812.883103,8.0,-3.0,-41.0
1776885812.8931026,6.0,-5.0,-44.0
1776885812.9031026,0.0,-4.0,-42.0
1776885812.9131026,1.0,-2.0,-41.0
1776885812.9231029,0.0,-2.0,-42.0
1776885812.9331028,2.0,-2.0,-50.0
1776885812.9431028,2.0,2.0,-56.0
1776885812.9531028,0.0,0.0,-48.0
1776885812.9631028,-3.0,-1.0,-48.0
1776885812.9731028,0.0,0.0,-48.0
1776885812.9831028,0.0,3.0,-44.0
1776885812.9931028,3.0,5.0,-43.0
1776885813.0031028,2.0,2.0,-42.0
1776885813.0131028,0.0,2.0,-38.0
1776885813.0231028,-1.0,5.0,-37.0
1776885813.0331028,2.0,1.0,-42.0
1776885813.0431027,0.0,-1.0,-40.0
1776885813.0531027,0.0,-3.0,-36.0
1776885813.0631027,-2.0,-5.0,-38.0
1776885813.0731027,0.0,-4.0,-33.0
1776885813.0831027,1.0,-4.0,-36.0
1776885813.0931027,6.0,-1.0,-40.0
1776885813.1031027,1.0,-4.0,-37.0
1776885813.113103,0.0,-4.0,-38.0
1776885813.123103,0.0,-2.0,-44.0
1776885813.133103,1.0,-5.0,-47.0
1776885813.1431026,4.0,-5.0,-50.0
1776885813.1531026,2.0,-3.0,-46.0
1776885813.1631026,0.0,-5.0,-50.0
1776885813.1731029,-1.0,-6.0,-44.0
1776885813.1831028,-2.0,-5.0,-50.0
1776885813.1931028,-1.0,-2.0,-48.0
1776885813.2031028,-1.0,0.0,-51.0
1776885813.2131028,0.0,0.0,-49.0
1776885813.2231028,0.0,-1.0,-52.0
1776885813.2331028,0.0,-4.0,-46.0
1776885813.2431028,0.0,-3.0,-47.0
1776885813.2531028,1.0,-2.0,-51.0
1776885813.2631028,1.0,0.0,-49.0
1776885813.2731028,2.0,0.0,-42.0
1776885813.2831028,2.0,-1.0,-40.0
1776885813.2931027,0.0,0.0,-41.0
1776885813.3031027,2.0,1.0,-43.0
1776885813.3131027,0.0,0.0,-39.0
1776885813.3231027,-2.0,-2.0,-45.0
1776885813.3331027,-3.0,-1.0,-43.0
1776885813.3431027,-2.0,0.0,-39.0
1776885813.3531027,-2.0,-2.0,-44.0
1776885813.363103,3.0,-8.0,-47.0
1776885813.373103,2.0,-5.0,-48.0
1776885813.383103,1.0,-2.0,-44.0
1776885813.3931026,1.0,-2.0,-50.0
1776885813.4031026,0.0,-5.0,-55.0
1776885813.4131026,2.0,-1.0,-56.0
1776885813.4231029,3.0,1.0,-55.0
1776885813.4331028,0.0,0.0,-48.0
1776885813.4431028,0.0,0.0,-52.0
1776885813.4531028,-2.0,-3.0,-55.0
1776885813.4631028,-5.0,0.0,-53.0
1776885813.4731028,-2.0,3.0,-49.0
1776885813.4831028,1.0,0.0,-48.0
1776885813.4931028,-3.0,3.0,-42.0
1776885813.5031028,-2.0,0.0,-40.0
1776885813.5131028,-3.0,0.0,-37.0
1776885813.5231028,-2.0,0.0,-39.0
1776885813.5331028,-7.0,-1.0,-47.0
1776885813.5431027,-12.0,0.0,-38.0
1776885813.5531027,-12.0,-1.0,-39.0
1776885813.5631027,-6.0,-2.0,-40.0
1776885813.5731027,-1.0,-5.0,-35.0
1776885813.5831027,1.0,-3.0,-38.0
1776885813.5931027,5.0,0.0,-39.0
1776885813.6031027,2.0,2.0,-43.0
1776885813.613103,1.0,3.0,-42.0
1776885813.623103,0.0,4.0,-28.0
1776885813.633103,-2.0,6.0,-32.0
1776885813.6431026,5.0,0.0,-41.0
1776885813.6531026,8.0,-1.0,-43.0
1776885813.6631026,8.0,0.0,-43.0
1776885813.6731029,6.0,-1.0,-48.0
1776885813.6831028,6.0,5.0,-46.0
1776885813.6931028,5.0,3.0,-49.0
1776885813.7031028,5.0,3.0,-51.0
1776885813.7131028,1.0,2.0,-55.0
1776885813.7231028,-1.0,-2.0,-55.0
1776885813.7331028,-6.0,-5.0,-51.0
1776885813.7431028,-6.0,-7.0,-48.0
1776885813.7531028,-4.0,-1.0,-47.0
1776885813.7631028,-3.0,-2.0,-40.0
1776885813.7731028,-3.0,1.0,-36.0
1776885813.7831028,-1.0,-2.0,-37.0
1776885813.7931027,-2.0,-3.0,-42.0
1776885813.8031027,-2.0,-2.0,-44.0
1776885813.8131027,-1.0,-2.0,-47.0
1776885813.8231027,-6.0,0.0,-55.0
1776885813.8331027,-5.0,4.0,-64.0
1776885813.8431027,-4.0,0.0,-66.0
1776885813.8541028,0.0,-2.0,-60.0
1776885813.8641028,-3.0,-1.0,-56.0
1776885813.8741028,1.0,2.0,-53.0
1776885813.8841028,-2.0,2.0,-47.0
1776885813.8941028,0.0,4.0,-45.0
1776885813.9041028,-1.0,4.0,-51.0
1776885813.9141028,-1.0,4.0,-48.0
1776885813.9241028,1.0,4.0,-45.0
1776885813.9341028,0.0,3.0,-50.0
1776885813.9441028,-2.0,1.0,-49.0
1776885813.9541028,-4.0,-1.0,-47.0
1776885813.9641027,-4.0,-2.0,-39.0
1776885813.9741027,-2.0,-3.0,-38.0
1776885813.9841027,0.0,-3.0,-44.0
1776885813.9941027,-1.0,-4.0,-50.0
1776885814.0041027,-2.0,-4.0,-49.0
1776885814.0141027,-3.0,-1.0,-47.0
1776885814.0241027,-2.0,-2.0,-45.0
1776885814.034103,0.0,3.0,-48.0
1776885814.044103,3.0,4.0,-46.0
1776885814.054103,0.0,0.0,-45.0
1776885814.0641026,-2.0,0.0,-44.0
1776885814.0741026,-2.0,-2.0,-42.0
1776885814.0841026,3.0,-2.0,-40.0
1776885814.0941026,4.0,-7.0,-40.0
1776885814.1041028,2.0,-6.0,-44.0
1776885814.1141028,0.0,-7.0,-48.0
1776885814.1241028,2.0,-5.0,-54.0
1776885814.1341028,1.0,-4.0,-47.0
1776885814.1441028,5.0,-5.0,-42.0
1776885814.1541028,0.0,-4.0,-41.0
1776885814.1641028,2.0,-4.0,-44.0
1776885814.1741028,6.0,-5.0,-45.0
1776885814.1841028,7.0,-5.0,-41.0
1776885814.1941028,8.0,-3.0,-47.0
1776885814.2041028,10.0,0.0,-48.0
1776885814.2141027,11.0,-1.0,-51.0
1776885814.2241027,7.0,-2.0,-42.0
1776885814.2341027,0.0,-1.0,-36.0
1776885814.2441027,-1.0,-6.0,-38.0
1776885814.2541027,2.0,-10.0,-35.0
1776885814.2641027,3.0,-7.0,-41.0
1776885814.2741027,3.0,-5.0,-44.0
1776885814.284103,1.0,-4.0,-40.0
1776885814.294103,-1.0,-3.0,-38.0
1776885814.304103,0.0,-5.0,-42.0
1776885814.3141026,0.0,-4.0,-49.0
1776885814.3241026,-3.0,-7.0,-49.0
1776885814.3341026,-6.0,-3.0,-47.0
1776885814.3441026,-2.0,-5.0,-50.0
1776885814.3541028,0.0,-4.0,-47.0
1776885814.3641028,-2.0,-7.0,-36.0
1776885814.3741028,-3.0,-3.0,-29.0
1776885814.3841028,-1.0,-2.0,-29.0
1776885814.3941028,-3.0,-3.0,-33.0
1776885814.4041028,-3.0,-1.0,-37.0
1776885814.4141028,0.0,1.0,-48.0
1776885814.4241028,-1.0,1.0,-43.0
1776885814.4341028,-2.0,1.0,-31.0
1776885814.4441028,-2.0,0.0,-31.0
1776885814.4541028,-4.0,0.0,-35.0
1776885814.4641027,-4.0,-3.0,-39.0
1776885814.4741027,-5.0,0.0,-41.0
1776885814.4841027,1.0,1.0,-49.0
1776885814.4941027,1.0,0.0,-48.0
1776885814.5041027,8.0,0.0,-52.0
1776885814.5141027,6.0,7.0,-53.0
1776885814.5241027,7.0,6.0,-56.0
1776885814.534103,1.0,7.0,-57.0
1776885814.544103,0.0,4.0,-59.0
1776885814.554103,0.0,-2.0,-55.0
1776885814.5641026,1.0,1.0,-54.0
1776885814.5741026,2.0,-1.0,-52.0
1776885814.5841026,1.0,0.0,-46.0
1776885814.5941026,-1.0,-3.0,-40.0
1776885814.6041028,3.0,-6.0,-43.0
1776885814.6141028,1.0,-8.0,-51.0
1776885814.6241028,3.0,-4.0,-45.0
1776885814.6341028,0.0,-2.0,-46.0
1776885814.6441028,6.0,-3.0,-48.0
1776885814.6541028,7.0,0.0,-43.0
1776885814.6641028,1.0,0.0,-47.0
1776885814.6741028,2.0,2.0,-43.0
1776885814.6841028,4.0,1.0,-38.0
1776885814.6941028,3.0,-2.0,-37.0
1776885814.7041028,2.0,-2.0,-40.0
1776885814.7141027,0.0,0.0,-40.0
1776885814.7241027,3.0,0.0,-38.0
1776885814.7341027,1.0,4.0,-40.0
1776885814.7441027,0.0,2.0,-38.0
1776885814.7541027,-1.0,-1.0,-33.0
1776885814.7641027,-5.0,-2.0,-22.0
1776885814.7741027,0.0,-1.0,-23.0
1776885814.784103,0.0,0.0,-29.0
1776885814.794103,-5.0,0.0,-41.0
1776885814.804103,-5.0,-5.0,-37.0
1776885814.8141026,-3.0,-5.0,-32.0
1776885814.8241026,-4.0,-2.0,-36.0
1776885814.8341026,0.0,-1.0,-40.0
1776885814.8441026,0.0,0.0,-38.0
1776885814.8541028,-1.0,0.0,-33.0
1776885814.8641028,0.0,-1.0,-35.0
1776885814.8741028,3.0,-2.0,-46.0
1776885814.8841028,1.0,0.0,-49.0
1776885814.8941028,1.0,3.0,-55.0
1776885814.9041028,0.0,5.0,-47.0
1776885814.9141028,0.0,4.0,-45.0
1776885814.9241028,-1.0,4.0,-47.0
1776885814.9341028,-3.0,1.0,-43.0
1776885814.9441028,1.0,1.0,-46.0
1776885814.9541028,3.0,0.0,-49.0
1776885814.9641027,3.0,1.0,-48.0
1776885814.9741027,2.0,0.0,-40.0
1776885814.9841027,5.0,0.0,-40.0
1776885814.9941027,7.0,-4.0,-40.0
1776885815.0041027,5.0,-5.0,-44.0
1776885815.0141027,1.0,-4.0,-47.0
1776885815.0241027,1.0,-1.0,-49.0
1776885815.034103,4.0,-2.0,-51.0
1776885815.044103,2.0,-4.0,-48.0
1776885815.054103,1.0,-2.0,-40.0
1776885815.0641026,-2.0,0.0,-33.0
1776885815.0741026,-2.0,0.0,-31.0
1776885815.0841026,0.0,1.0,-28.0
1776885815.0941026,2.0,0.0,-31.0
1776885815.1041028,1.0,0.0,-31.0
1776885815.1141028,-5.0,4.0,-29.0
1776885815.1241028,-3.0,2.0,-43.0
1776885815.1341028,0.0,0.0,-41.0
1776885815.1441028,1.0,0.0,-40.0
1776885815.1541028,5.0,1.0,-41.0
1776885815.1641028,6.0,2.0,-41.0
1776885815.1741028,5.0,0.0,-41.0
1776885815.1841028,2.0,-1.0,-36.0
1776885815.1941028,6.0,-1.0,-35.0
1776885815.2041028,5.0,-1.0,-37.0
1776885815.2141027,5.0,0.0,-38.0
1776885815.2241027,2.0,2.0,-35.0
1776885815.2341027,3.0,0.0,-36.0
1776885815.2441027,5.0,1.0,-35.0
1776885815.2541027,5.0,0.0,-40.0
1776885815.2641027,1.0,1.0,-42.0
1776885815.2741027,1.0,3.0,-54.0
1776885815.284103,2.0,4.0,-53.0
1776885815.294103,9.0,3.0,-52.0
1776885815.304103,8.0,-1.0,-48.0
1776885815.3141026,-1.0,-8.0,-46.0
1776885815.3241026,2.0,-5.0,-47.0
1776885815.3341026,1.0,-5.0,-42.0
1776885815.3441026,3.0,-2.0,-44.0
1776885815.3541028,4.0,-2.0,-41.0
1776885815.3641028,3.0,-4.0,-43.0
1776885815.3741028,7.0,-3.0,-39.0
1776885815.3841028,5.0,-3.0,-43.0
1776885815.3941028,2.0,-5.0,-45.0
1776885815.4041028,2.0,-5.0,-42.0
1776885815.4141028,0.0,1.0,-38.0
1776885815.4241028,0.0,-2.0,-39.0
1776885815.4341028,2.0,-6.0,-43.0
1776885815.4441028,-1.0,-7.0,-47.0
1776885815.4541028,-4.0,-3.0,-50.0
1776885815.4641027,-7.0,-1.0,-48.0
1776885815.4741027,-7.0,1.0,-46.0
1776885815.4841027,-4.0,0.0,-47.0
1776885815.4941027,-5.0,0.0,-44.0
1776885815.5041027,-4.0,-3.0,-36.0
1776885815.5141027,-1.0,0.0,-35.0
1776885815.5241027,-2.0,0.0,-38.0
1776885815.534103,-3.0,-2.0,-36.0
1776885815.544103,-3.0,-4.0,-32.0
1776885815.554103,-1.0,-4.0,-33.0
1776885815.5641026,-5.0,-4.0,-38.0
1776885815.5741026,-5.0,-3.0,-42.0
1776885815.5841026,-5.0,0.0,-40.0
1776885815.5941026,0.0,0.0,-46.0
1776885815.6041028,-1.0,0.0,-45.0
1776885815.6141028,0.0,0.0,-49.0
1776885815.6241028,0.0,2.0,-43.0
1776885815.6341028,2.0,0.0,-44.0
1776885815.6441028,0.0,-2.0,-47.0
1776885815.6541028,2.0,-2.0,-46.0
1776885815.6641028,1.0,1.0,-48.0
1776885815.6741028,0.0,4.0,-50.0
1776885815.6841028,3.0,2.0,-49.0
1776885815.6941028,4.0,1.0,-48.0
1776885815.7051027,0.0,1.0,-50.0
1776885815.7141027,0.0,3.0,-48.0
1776885815.7241027,-4.0,3.0,-45.0
1776885815.7341027,-4.0,2.0,-42.0
1776885815.7441027,-3.0,4.0,-39.0
1776885815.7541027,0.0,4.0,-38.0
1776885815.7641027,1.0,2.0,-43.0
1776885815.7741027,1.0,0.0,-44.0
1776885815.784103,2.0,0.0,-49.0
1776885815.794103,0.0,3.0,-44.0
1776885815.804103,0.0,2.0,-41.0
1776885815.8141026,1.0,0.0,-45.0
1776885815.8241026,3.0,-1.0,-44.0
1776885815.8351028,3.0,1.0,-48.0
1776885815.8451028,5.0,1.0,-45.0
1776885815.8541028,5.0,1.0,-38.0
1776885815.8651028,7.0,1.0,-34.0
1776885815.8751028,9.0,3.0,-37.0
1776885815.8851027,5.0,4.0,-35.0
1776885815.8951027,-3.0,5.0,-42.0
1776885815.9051027,0.0,1.0,-48.0
1776885815.9151027,1.0,0.0,-45.0
1776885815.9251027,4.0,-2.0,-42.0
1776885815.9351027,5.0,-4.0,-43.0
1776885815.9451027,6.0,0.0,-43.0
1776885815.9551027,6.0,2.0,-39.0
1776885815.965103,11.0,0.0,-36.0
1776885815.975103,11.0,-1.0,-38.0
1776885815.985103,8.0,-1.0,-38.0
1776885815.9951026,2.0,3.0,-39.0
1776885816.0051026,-1.0,2.0,-40.0
1776885816.0151026,-7.0,0.0,-41.0
1776885816.0251029,-6.0,1.0,-40.0
1776885816.0351028,-5.0,2.0,-38.0
1776885816.0451028,-3.0,0.0,-37.0
1776885816.0551028,-4.0,-2.0,-39.0
1776885816.0651028,-2.0,-3.0,-41.0
1776885816.0751028,-1.0,0.0,-43.0
1776885816.0851028,0.0,4.0,-43.0
1776885816.0951028,2.0,1.0,-45.0
1776885816.1051028,2.0,3.0,-45.0
1776885816.1151028,0.0,0.0,-43.0
1776885816.1251028,0.0,1.0,-44.0
1776885816.1351027,0.0,2.0,-38.0
1776885816.1451027,0.0,3.0,-36.0
1776885816.1551027,-1.0,3.0,-32.0
1776885816.1651027,-1.0,0.0,-30.0
1776885816.1751027,-1.0,-2.0,-29.0
1776885816.1851027,-1.0,0.0,-31.0
1776885816.1951027,-1.0,0.0,-31.0
1776885816.2051027,-2.0,0.0,-35.0
1776885816.215103,0.0,0.0,-33.0
1776885816.225103,-1.0,1.0,-33.0
1776885816.235103,2.0,3.0,-33.0
1776885816.2451026,3.0,0.0,-32.0
1776885816.2551026,0.0,1.0,-30.0
1776885816.2651026,-1.0,2.0,-30.0
1776885816.2751029,3.0,0.0,-36.0
1776885816.2851028,0.0,-4.0,-37.0
1776885816.2951028,-1.0,-7.0,-41.0
1776885816.3051028,0.0,-6.0,-46.0
1776885816.3151028,-2.0,-6.0,-42.0
1776885816.3251028,0.0,-6.0,-37.0
1776885816.3351028,3.0,-4.0,-39.0
1776885816.3451028,2.0,-5.0,-43.0
1776885816.3551028,0.0,-4.0,-46.0
1776885816.3651028,-2.0,0.0,-43.0
1776885816.3751028,-4.0,0.0,-42.0
1776885816.3851027,-5.0,-1.0,-32.0
1776885816.3951027,-8.0,-3.0,-34.0
1776885816.4051027,-5.0,0.0,-31.0
1776885816.4151027,-7.0,1.0,-39.0
1776885816.4251027,-12.0,1.0,-38.0
1776885816.4351027,-8.0,2.0,-37.0
1776885816.4451027,-3.0,2.0,-37.0
1776885816.4551027,2.0,2.0,-38.0
1776885816.465103,-2.0,0.0,-39.0
1776885816.475103,-4.0,3.0,-43.0
1776885816.485103,-4.0,0.0,-46.0
1776885816.4951026,-4.0,1.0,-46.0
1776885816.5051026,-1.0,1.0,-47.0
1776885816.5151026,2.0,0.0,-46.0
1776885816.5251029,5.0,0.0,-43.0
1776885816.5351028,9.0,0.0,-48.0
1776885816.5451028,7.0,0.0,-47.0
1776885816.5551028,2.0,-1.0,-52.0
1776885816.5651028,0.0,-3.0,-53.0
1776885816.5751028,2.0,-4.0,-49.0
1776885816.5851028,-2.0,-3.0,-42.0
1776885816.5951028,-2.0,-4.0,-48.0
1776885816.6051028,-1.0,-2.0,-42.0
1776885816.6151028,-3.0,-4.0,-41.0
1776885816.6251028,0.0,-4.0,-38.0
1776885816.6351027,1.0,-4.0,-39.0
1776885816.6451027,0.0,-5.0,-37.0
1776885816.6551027,3.0,-3.0,-36.0
1776885816.6651027,3.0,-3.0,-35.0
1776885816.6751027,9.0,1.0,-34.0
1776885816.6851027,7.0,5.0,-33.0
1776885816.6951027,7.0,5.0,-35.0
1776885816.7051027,7.0,6.0,-32.0
1776885816.715103,-1.0,0.0,-30.0
1776885816.725103,-5.0,1.0,-27.0
1776885816.735103,-4.0,6.0,-35.0
1776885816.7451026,-5.0,7.0,-41.0
1776885816.7551026,-5.0,5.0,-42.0
1776885816.7651026,-6.0,4.0,-39.0
1776885816.7751029,-4.0,2.0,-43.0
1776885816.7851028,-5.0,0.0,-39.0
1776885816.7951028,-4.0,-3.0,-38.0
1776885816.8051028,-5.0,0.0,-32.0
1776885816.8151028,-2.0,-2.0,-36.0
1776885816.8251028,0.0,-2.0,-37.0
1776885816.8351028,0.0,-4.0,-40.0
1776885816.8451028,3.0,-6.0,-38.0
1776885816.8551028,0.0,-4.0,-42.0
1776885816.8651028,1.0,-7.0,-48.0
1776885816.8751028,3.0,-6.0,-49.0
1776885816.8851027,0.0,-6.0,-50.0
1776885816.8951027,0.0,-7.0,-46.0
1776885816.9051027,0.0,-7.0,-46.0
1776885816.9151027,-3.0,-2.0,-47.0
1776885816.9251027,-3.0,4.0,-41.0
1776885816.9351027,-3.0,4.0,-42.0
1776885816.9451027,-4.0,3.0,-35.0
1776885816.9551027,-3.0,1.0,-33.0
1776885816.965103,0.0,-2.0,-32.0
1776885816.975103,2.0,0.0,-37.0
1776885816.985103,3.0,-4.0,-42.0
1776885816.9951026,3.0,-2.0,-41.0
1776885817.0051026,2.0,1.0,-45.0
1776885817.0151026,3.0,0.0,-46.0
1776885817.0251029,6.0,-5.0,-45.0
1776885817.0351028,4.0,-7.0,-37.0
1776885817.0451028,3.0,-6.0,-34.0
1776885817.0551028,3.0,-2.0,-32.0
1776885817.0651028,0.0,0.0,-28.0
1776885817.0751028,0.0,-1.0,-32.0
1776885817.0851028,0.0,-2.0,-32.0
1776885817.0951028,-1.0,0.0,-33.0
1776885817.1051028,-3.0,0.0,-34.0
1776885817.1151028,-1.0,-3.0,-38.0
1776885817.1251028,-2.0,-1.0,-43.0
1776885817.1351027,-3.0,5.0,-44.0
1776885817.1451027,1.0,3.0,-45.0
1776885817.1551027,3.0,0.0,-47.0
1776885817.1651027,0.0,-4.0,-42.0
1776885817.1751027,-3.0,-1.0,-43.0
1776885817.1851027,-2.0,-2.0,-41.0
1776885817.1951027,-4.0,-6.0,-42.0
1776885817.2051027,-7.0,-4.0,-46.0
1776885817.215103,-3.0,-3.0,-48.0
1776885817.225103,2.0,0.0,-41.0
1776885817.235103,5.0,0.0,-45.0
1776885817.2451026,5.0,-3.0,-37.0
1776885817.2551026,0.0,0.0,-34.0
1776885817.2651026,-4.0,2.0,-38.0
1776885817.2751029,-5.0,3.0,-41.0
1776885817.2851028,-7.0,2.0,-33.0
1776885817.2951028,-3.0,-1.0,-36.0
1776885817.3051028,1.0,-1.0,-30.0
1776885817.3151028,-3.0,-4.0,-26.0
1776885817.3251028,-5.0,-5.0,-25.0
1776885817.3351028,-7.0,0.0,-35.0
1776885817.3451028,-9.0,1.0,-34.0
1776885817.3551028,-3.0,-2.0,-29.0
1776885817.3651028,-8.0,1.0,-28.0
1776885817.3751028,-7.0,1.0,-34.0
1776885817.3851027,-9.0,0.0,-37.0
1776885817.3951027,-5.0,-4.0,-36.0
1776885817.4051027,-4.0,-1.0,-37.0
1776885817.4151027,-5.0,1.0,-41.0
1776885817.4251027,-4.0,8.0,-40.0
1776885817.4351027,-5.0,9.0,-47.0
1776885817.4451027,-6.0,9.0,-48.0
1776885817.4551027,-4.0,2.0,-48.0
1776885817.465103,-7.0,-2.0,-50.0
1776885817.475103,-2.0,-1.0,-47.0
1776885817.485103,-2.0,0.0,-42.0
1776885817.4951026,-4.0,0.0,-43.0
1776885817.5051026,-2.0,0.0,-39.0
1776885817.5151026,-2.0,1.0,-35.0
1776885817.5251029,-1.0,0.0,-35.0
1776885817.5351028,1.0,-1.0,-36.0
1776885817.5451028,-3.0,-4.0,-38.0
1776885817.5551028,0.0,-4.0,-40.0
1776885817.5651028,0.0,-1.0,-43.0
1776885817.5751028,-3.0,3.0,-45.0
1776885817.5851028,-2.0,2.0,-47.0
1776885817.5951028,-2.0,3.0,-48.0
1776885817.6051028,-1.0,0.0,-43.0
1776885817.6151028,-4.0,-3.0,-33.0
1776885817.6251028,-10.0,-3.0,-37.0
1776885817.6351027,-13.0,0.0,-35.0
1776885817.6451027,-11.0,0.0,-39.0
1776885817.6551027,-10.0,0.0,-36.0
1776885817.6651027,-6.0,-1.0,-40.0
1776885817.6751027,-2.0,-2.0,-38.0
1776885817.6851027,-5.0,-3.0,-32.0
1776885817.6951027,-2.0,-3.0,-35.0
1776885817.7051027,0.0,-2.0,-27.0
1776885817.715103,-1.0,-2.0,-26.0
1776885817.725103,0.0,0.0,-31.0
1776885817.735103,1.0,4.0,-33.0
1776885817.7451026,2.0,5.0,-33.0
1776885817.7551026,1.0,3.0,-42.0
1776885817.7651026,0.0,5.0,-50.0
1776885817.7751029,0.0,7.0,-48.0
1776885817.7851028,0.0,3.0,-40.0
1776885817.7951028,1.0,0.0,-42.0
1776885817.8051028,4.0,2.0,-40.0
1776885817.8151028,5.0,2.0,-44.0
1776885817.8251028,6.0,-2.0,-41.0
1776885817.8351028,7.0,-8.0,-36.0
1776885817.8451028,8.0,-9.0,-32.0
1776885817.8561027,9.0,-6.0,-33.0
1776885817.8661027,7.0,-4.0,-33.0
1776885817.8761027,4.0,-7.0,-37.0
1776885817.886103,1.0,-3.0,-38.0
1776885817.896103,2.0,-1.0,-41.0
1776885817.906103,3.0,-3.0,-42.0
1776885817.9161026,4.0,-4.0,-37.0
1776885817.9261026,1.0,-7.0,-38.0
1776885817.9361026,1.0,-7.0,-44.0
1776885817.9461029,1.0,-4.0,-49.0
1776885817.9561028,7.0,-4.0,-43.0
1776885817.9661028,3.0,-2.0,-35.0
1776885817.9761028,0.0,0.0,-34.0
1776885817.9861028,-3.0,-1.0,-33.0
1776885817.9961028,-2.0,-1.0,-35.0
1776885818.0061028,-1.0,-2.0,-42.0
1776885818.0161028,1.0,-1.0,-41.0
1776885818.0261028,-4.0,-3.0,-45.0
1776885818.0361028,-3.0,-2.0,-40.0
1776885818.0461028,0.0,0.0,-40.0
1776885818.0561028,2.0,0.0,-41.0
1776885818.0661027,0.0,-2.0,-44.0
1776885818.0761027,1.0,-3.0,-47.0
1776885818.0861027,-2.0,-2.0,-43.0
1776885818.0961027,1.0,3.0,-38.0
1776885818.1061027,0.0,2.0,-40.0
1776885818.1161027,0.0,1.0,-38.0
1776885818.1261027,-2.0,0.0,-31.0
1776885818.136103,1.0,2.0,-30.0
1776885818.146103,-1.0,3.0,-29.0
1776885818.156103,-3.0,1.0,-25.0
1776885818.1661026,-4.0,1.0,-23.0
1776885818.1761026,-5.0,2.0,-26.0
1776885818.1861026,-5.0,3.0,-32.0
1776885818.1961029,-3.0,4.0,-38.0
1776885818.2061028,-4.0,2.0,-33.0
1776885818.2161028,1.0,-2.0,-36.0
1776885818.2261028,0.0,0.0,-41.0
1776885818.2361028,0.0,-1.0,-48.0
1776885818.2461028,2.0,0.0,-40.0
1776885818.2561028,0.0,0.0,-42.0
1776885818.2661028,-1.0,-1.0,-38.0
1776885818.2761028,-1.0,0.0,-34.0
1776885818.2861028,4.0,0.0,-34.0
1776885818.2961028,7.0,-7.0,-35.0
1776885818.3061028,5.0,-8.0,-35.0
1776885818.3161027,1.0,-6.0,-37.0
1776885818.3261027,1.0,-4.0,-36.0
1776885818.3361027,-2.0,0.0,-39.0
1776885818.3461027,-4.0,1.0,-39.0
1776885818.3561027,-1.0,1.0,-43.0
1776885818.3661027,-4.0,0.0,-41.0
1776885818.3761027,-2.0,-1.0,-44.0
1776885818.386103,2.0,-1.0,-44.0
1776885818.396103,6.0,0.0,-43.0
1776885818.406103,7.0,1.0,-43.0
1776885818.4161026,3.0,4.0,-39.0
1776885818.4261026,4.0,3.0,-40.0
1776885818.4361026,10.0,2.0,-42.0
1776885818.4461029,13.0,4.0,-35.0
1776885818.4561028,11.0,2.0,-31.0
1776885818.4661028,8.0,2.0,-26.0
1776885818.4761028,4.0,1.0,-31.0
1776885818.4861028,4.0,4.0,-30.0
1776885818.4961028,0.0,3.0,-34.0
1776885818.5061028,0.0,0.0,-37.0
1776885818.5161028,0.0,0.0,-48.0
1776885818.5261028,1.0,-1.0,-51.0
1776885818.5361028,5.0,-4.0,-49.0
1776885818.5461028,2.0,-1.0,-45.0
1776885818.5561028,-3.0,1.0,-46.0
1776885818.5661027,-4.0,2.0,-41.0
1776885818.5761027,-4.0,0.0,-37.0
1776885818.5861027,-4.0,-3.0,-42.0
1776885818.5961027,-5.0,-5.0,-40.0
1776885818.6061027,-8.0,-4.0,-40.0
1776885818.6161027,-8.0,-5.0,-41.0
1776885818.6261027,-7.0,-2.0,-46.0
1776885818.636103,-11.0,-3.0,-50.0
1776885818.646103,-10.0,-2.0,-48.0
1776885818.656103,-6.0,4.0,-46.0
1776885818.6661026,-6.0,3.0,-36.0
1776885818.6761026,-2.0,4.0,-36.0
1776885818.6861026,3.0,2.0,-30.0
1776885818.6961029,3.0,8.0,-36.0
1776885818.7061028,6.0,7.0,-41.0
1776885818.7161028,5.0,4.0,-41.0
1776885818.7261028,2.0,2.0,-41.0
1776885818.7361028,0.0,-1.0,-41.0
1776885818.7461028,0.0,0.0,-41.0
1776885818.7561028,3.0,-3.0,-48.0
1776885818.7661028,4.0,-5.0,-46.0
1776885818.7761028,3.0,-2.0,-45.0
1776885818.7861028,3.0,-1.0,-47.0
1776885818.7961028,3.0,0.0,-47.0
1776885818.8061028,1.0,-1.0,-49.0
1776885818.8161027,1.0,-4.0,-43.0
1776885818.8261027,0.0,-3.0,-42.0
1776885818.8361027,2.0,-1.0,-45.0
1776885818.8461027,0.0,-2.0,-46.0
1776885818.8561027,3.0,-3.0,-43.0
1776885818.8661027,0.0,-2.0,-44.0
1776885818.8761027,-2.0,0.0,-51.0
1776885818.886103,-1.0,2.0,-51.0
1776885818.896103,-1.0,0.0,-51.0
1776885818.906103,1.0,-2.0,-50.0
1776885818.9161026,0.0,1.0,-43.0
1776885818.9261026,0.0,3.0,-34.0
1776885818.9361026,-1.0,1.0,-37.0
1776885818.9461029,1.0,-2.0,-43.0
1776885818.9561028,3.0,-5.0,-44.0
1776885818.9661028,7.0,-4.0,-42.0
1776885818.9761028,7.0,-1.0,-37.0
1776885818.9861028,9.0,-2.0,-33.0
1776885818.9961028,5.0,-3.0,-35.0
1776885819.0061028,0.0,-3.0,-35.0
1776885819.0161028,1.0,-1.0,-41.0
1776885819.0261028,0.0,-1.0,-45.0
1776885819.0361028,-2.0,-3.0,-48.0
1776885819.0461028,-2.0,0.0,-55.0
1776885819.0561028,-2.0,7.0,-47.0
1776885819.0661027,0.0,5.0,-45.0
1776885819.0761027,2.0,1.0,-41.0
1776885819.0861027,0.0,0.0,-40.0
1776885819.0961027,-2.0,0.0,-32.0
1776885819.1061027,0.0,0.0,-26.0
1776885819.1161027,0.0,-5.0,-23.0
1776885819.1261027,2.0,-9.0,-22.0
1776885819.136103,5.0,-10.0,-24.0
1776885819.146103,6.0,-5.0,-27.0
1776885819.156103,5.0,-1.0,-30.0
1776885819.1661026,7.0,-1.0,-29.0
1776885819.1761026,8.0,2.0,-35.0
1776885819.1861026,5.0,2.0,-35.0
1776885819.1961029,0.0,0.0,-31.0
1776885819.2061028,-2.0,-1.0,-34.0
1776885819.2161028,-1.0,0.0,-33.0
1776885819.2261028,1.0,0.0,-38.0
1776885819.2361028,4.0,3.0,-40.0
1776885819.2461028,3.0,1.0,-44.0
1776885819.2561028,2.0,2.0,-43.0
1776885819.2661028,-1.0,1.0,-41.0
1776885819.2761028,-2.0,-2.0,-41.0
1776885819.2861028,-4.0,-2.0,-45.0
1776885819.2961028,-5.0,-1.0,-44.0
1776885819.3061028,-4.0,0.0,-40.0
1776885819.3161027,-1.0,3.0,-38.0
1776885819.3261027,4.0,-1.0,-39.0
1776885819.3361027,7.0,-1.0,-41.0
1776885819.3461027,11.0,-2.0,-43.0
1776885819.3561027,9.0,-1.0,-37.0
1776885819.3661027,3.0,-1.0,-41.0
1776885819.3761027,8.0,-1.0,-39.0
1776885819.386103,8.0,0.0,-40.0
1776885819.396103,6.0,0.0,-47.0
1776885819.406103,3.0,0.0,-51.0
1776885819.4161026,4.0,-3.0,-46.0
1776885819.4261026,3.0,-6.0,-42.0
1776885819.4361026,3.0,-7.0,-35.0
1776885819.4461029,3.0,-5.0,-27.0
1776885819.4561028,0.0,-3.0,-33.0
1776885819.4661028,0.0,-5.0,-35.0
1776885819.4761028,0.0,-2.0,-35.0
1776885819.4861028,-4.0,-2.0,-37.0
1776885819.4961028,-2.0,-3.0,-41.0
1776885819.5061028,1.0,-3.0,-42.0
1776885819.5161028,0.0,0.0,-48.0
1776885819.5261028,2.0,-2.0,-46.0
1776885819.5361028,3.0,0.0,-47.0
1776885819.5461028,3.0,-4.0,-53.0
1776885819.5561028,0.0,-4.0,-45.0
1776885819.5661027,-3.0,-4.0,-49.0
1776885819.5761027,0.0,0.0,-44.0
1776885819.5861027,3.0,5.0,-40.0
1776885819.5961027,-1.0,6.0,-46.0
1776885819.6061027,-3.0,3.0,-45.0
1776885819.6161027,2.0,3.0,-47.0
1776885819.6261027,1.0,1.0,-50.0
1776885819.636103,0.0,0.0,-49.0
1776885819.646103,0.0,-1.0,-40.0
1776885819.656103,6.0,-3.0,-45.0
1776885819.6661026,5.0,-4.0,-47.0
1776885819.6761026,4.0,-3.0,-48.0
1776885819.6861026,2.0,-3.0,-47.0
1776885819.6961029,7.0,-5.0,-44.0
1776885819.7061028,5.0,-2.0,-41.0
1776885819.7161028,0.0,-6.0,-40.0
1776885819.7261028,0.0,-3.0,-55.0
1776885819.7361028,2.0,-1.0,-58.0
1776885819.7461028,-1.0,-1.0,-53.0
1776885819.7561028,0.0,-4.0,-52.0
1776885819.7661028,-2.0,-3.0,-47.0
1776885819.7761028,-1.0,-5.0,-47.0
1776885819.7861028,0.0,-2.0,-48.0
1776885819.7961028,0.0,-2.0,-47.0
1776885819.8061028,4.0,-7.0,-42.0
1776885819.817103,1.0,-7.0,-43.0
1776885819.8261027,6.0,-5.0,-51.0
1776885819.8361027,6.0,0.0,-49.0
1776885819.8471026,2.0,-2.0,-47.0
1776885819.8561027,0.0,-4.0,-48.0
1776885819.8671026,-5.0,-5.0,-50.0
1776885819.8771029,-4.0,-3.0,-46.0
1776885819.8871028,-5.0,-2.0,-48.0
1776885819.8971028,-4.0,-2.0,-45.0
1776885819.9071028,0.0,-2.0,-49.0
1776885819.9171028,0.0,0.0,-48.0
1776885819.9271028,3.0,1.0,-43.0
1776885819.9371028,5.0,0.0,-49.0
1776885819.9471028,4.0,0.0,-47.0
1776885819.9571028,2.0,-2.0,-45.0
1776885819.9671028,0.0,-1.0,-42.0
1776885819.9771028,4.0,-1.0,-44.0
1776885819.9871027,5.0,-1.0,-42.0
1776885819.9971027,4.0,1.0,-38.0
1776885820.0071027,3.0,4.0,-39.0
1776885820.0171027,2.0,1.0,-32.0
1776885820.0271027,-2.0,0.0,-26.0
1776885820.0371027,-5.0,0.0,-27.0
1776885820.0471027,-4.0,0.0,-19.0
1776885820.057103,-3.0,-2.0,-20.0
1776885820.067103,0.0,0.0,-21.0
1776885820.077103,0.0,3.0,-26.0
1776885820.087103,1.0,2.0,-33.0
1776885820.0971026,4.0,3.0,-42.0
1776885820.1071026,4.0,9.0,-43.0
1776885820.1171026,2.0,7.0,-44.0
1776885820.1271029,4.0,2.0,-40.0
1776885820.1371028,0.0,2.0,-39.0
1776885820.1471028,0.0,-1.0,-39.0
1776885820.1571028,0.0,-3.0,-36.0
1776885820.1671028,0.0,-2.0,-39.0
1776885820.1771028,0.0,2.0,-43.0
1776885820.1871028,0.0,3.0,-41.0
1776885820.1971028,0.0,3.0,-36.0
1776885820.2071028,0.0,0.0,-33.0
1776885820.2171028,0.0,-3.0,-32.0
1776885820.2271028,1.0,0.0,-34.0
1776885820.2371027,2.0,3.0,-34.0
1776885820.2471027,0.0,-1.0,-31.0
1776885820.2571027,1.0,-1.0,-33.0
1776885820.2671027,-1.0,-2.0,-36.0
1776885820.2771027,-2.0,0.0,-32.0
1776885820.2871027,0.0,0.0,-33.0
1776885820.2971027,3.0,0.0,-27.0
1776885820.307103,2.0,0.0,-32.0
1776885820.317103,1.0,0.0,-34.0
1776885820.327103,0.0,1.0,-31.0
1776885820.337103,-1.0,2.0,-29.0
1776885820.3471026,0.0,0.0,-30.0
1776885820.3571026,2.0,-4.0,-33.0
1776885820.3671026,-1.0,-7.0,-40.0
1776885820.3771029,-3.0,-1.0,-37.0
1776885820.3871028,-1.0,4.0,-35.0
1776885820.3971028,-1.0,4.0,-39.0
1776885820.4071028,-2.0,3.0,-42.0
1776885820.4171028,-5.0,0.0,-48.0
1776885820.4271028,-3.0,0.0,-50.0
1776885820.4371028,-2.0,-1.0,-51.0
1776885820.4471028,-1.0,3.0,-51.0
1776885820.4571028,0.0,1.0,-50.0
1776885820.4671028,-3.0,0.0,-39.0
1776885820.4771028,-6.0,-1.0,-36.0
1776885820.4871027,-6.0,-3.0,-30.0
1776885820.4971027,-2.0,-2.0,-30.0
1776885820.5071027,-6.0,-2.0,-35.0
1776885820.5171027,-6.0,-1.0,-30.0
1776885820.5271027,-4.0,0.0,-27.0
1776885820.5371027,-5.0,0.0,-33.0
1776885820.5471027,-9.0,0.0,-32.0
1776885820.557103,-5.0,-3.0,-38.0
1776885820.567103,-7.0,0.0,-43.0
1776885820.577103,-5.0,-3.0,-44.0
1776885820.587103,-6.0,-7.0,-42.0
1776885820.5971026,-6.0,-3.0,-38.0
1776885820.6071026,-10.0,-4.0,-40.0
1776885820.6171026,-12.0,-6.0,-33.0
1776885820.6271029,-13.0,-2.0,-31.0
1776885820.6371028,-6.0,-1.0,-38.0
1776885820.6471028,-7.0,2.0,-40.0
1776885820.6571028,-4.0,7.0,-38.0
1776885820.6671028,0.0,8.0,-42.0
1776885820.6771028,2.0,6.0,-36.0
1776885820.6871028,1.0,6.0,-34.0
1776885820.6971028,-3.0,7.0,-37.0
1776885820.7071028,-2.0,1.0,-40.0
1776885820.7171028,-3.0,5.0,-36.0
1776885820.7271028,0.0,3.0,-30.0
1776885820.7371027,1.0,0.0,-29.0
1776885820.7471027,2.0,1.0,-29.0
1776885820.7571027,0.0,2.0,-36.0
1776885820.7671027,-1.0,4.0,-37.0
1776885820.7771027,-6.0,-1.0,-38.0
1776885820.7871027,-7.0,-2.0,-40.0
1776885820.7971027,-1.0,-2.0,-42.0
1776885820.807103,-1.0,-4.0,-36.0
1776885820.817103,-2.0,-2.0,-39.0
1776885820.827103,0.0,-2.0,-38.0
1776885820.837103,-2.0,-4.0,-41.0
1776885820.8471026,-4.0,-7.0,-44.0
1776885820.8571026,-1.0,-2.0,-45.0
1776885820.8671026,-6.0,-2.0,-45.0
1776885820.8771029,-8.0,-1.0,-40.0
1776885820.8871028,-10.0,0.0,-34.0
1776885820.8971028,-6.0,0.0,-37.0
1776885820.9071028,-4.0,-2.0,-38.0
1776885820.9171028,-1.0,0.0,-32.0
1776885820.9271028,-1.0,-6.0,-33.0
1776885820.9371028,-2.0,-3.0,-34.0
1776885820.9471028,-2.0,0.0,-45.0
1776885820.9571028,-2.0,-2.0,-44.0
1776885820.9671028,-2.0,-1.0,-43.0
1776885820.9771028,1.0,-1.0,-43.0
1776885820.9871027,1.0,-1.0,-39.0
1776885820.9971027,-1.0,0.0,-41.0
1776885821.0071027,0.0,-3.0,-39.0
1776885821.0171027,0.0,-3.0,-38.0
1776885821.0271027,0.0,0.0,-40.0
1776885821.0371027,-1.0,-1.0,-43.0
1776885821.0471027,-1.0,0.0,-44.0
1776885821.057103,0.0,-2.0,-45.0
1776885821.067103,-1.0,-2.0,-51.0
1776885821.077103,1.0,-4.0,-45.0
1776885821.087103,2.0,-3.0,-45.0
1776885821.0971026,4.0,-4.0,-48.0
1776885821.1071026,6.0,0.0,-46.0
1776885821.1171026,8.0,-1.0,-42.0
1776885821.1271029,7.0,0.0,-41.0
1776885821.1371028,7.0,-1.0,-32.0
1776885821.1471028,8.0,0.0,-36.0
1776885821.1571028,7.0,2.0,-40.0
1776885821.1671028,1.0,2.0,-36.0
1776885821.1771028,1.0,3.0,-35.0
1776885821.1871028,-2.0,3.0,-34.0
1776885821.1971028,-4.0,5.0,-34.0
1776885821.2071028,-3.0,3.0,-33.0
1776885821.2171028,-2.0,3.0,-35.0
1776885821.2271028,-2.0,4.0,-38.0
1776885821.2371027,-1.0,1.0,-39.0
1776885821.2471027,0.0,3.0,-39.0
1776885821.2571027,0.0,4.0,-42.0
1776885821.2671027,0.0,1.0,-35.0
1776885821.2771027,0.0,-1.0,-39.0
1776885821.2871027,0.0,-2.0,-39.0
1776885821.2971027,2.0,-1.0,-39.0
1776885821.307103,3.0,0.0,-44.0
1776885821.317103,0.0,-2.0,-46.0
1776885821.327103,-1.0,-7.0,-48.0
1776885821.337103,-1.0,-3.0,-50.0
1776885821.3471026,0.0,1.0,-36.0
1776885821.3571026,0.0,0.0,-36.0
1776885821.3671026,-2.0,0.0,-45.0
1776885821.3771029,-2.0,-1.0,-49.0
1776885821.3871028,-2.0,0.0,-49.0
1776885821.3971028,-1.0,3.0,-52.0
1776885821.4071028,3.0,0.0,-51.0
1776885821.4171028,6.0,-3.0,-51.0
1776885821.4271028,1.0,-3.0,-46.0
1776885821.4371028,1.0,-2.0,-47.0
1776885821.4471028,1.0,0.0,-37.0
1776885821.4571028,1.0,0.0,-40.0
1776885821.4671028,-1.0,0.0,-42.0
1776885821.4771028,-1.0,2.0,-41.0
1776885821.4871027,-2.0,1.0,-36.0
1776885821.4971027,-3.0,1.0,-36.0
1776885821.5071027,0.0,0.0,-35.0
1776885821.5171027,-1.0,2.0,-37.0
1776885821.5271027,-2.0,0.0,-35.0
1776885821.5371027,-1.0,1.0,-42.0
1776885821.5471027,0.0,1.0,-40.0
1776885821.557103,-2.0,4.0,-46.0
1776885821.567103,-4.0,2.0,-45.0
1776885821.577103,0.0,4.0,-46.0
1776885821.587103,2.0,3.0,-50.0
1776885821.5971026,2.0,3.0,-50.0
1776885821.6071026,0.0,-4.0,-49.0
1776885821.6171026,2.0,0.0,-47.0
1776885821.6271029,0.0,1.0,-47.0
1776885821.6371028,2.0,1.0,-46.0
1776885821.6471028,0.0,-1.0,-47.0
1776885821.6571028,-1.0,-3.0,-48.0
1776885821.6671028,0.0,-1.0,-48.0
1776885821.6771028,1.0,-4.0,-51.0
1776885821.6871028,3.0,-3.0,-49.0
1776885821.6971028,2.0,-5.0,-47.0
1776885821.7071028,2.0,-4.0,-46.0
1776885821.7171028,3.0,-7.0,-46.0
1776885821.7271028,2.0,-9.0,-44.0
1776885821.7371027,-4.0,-5.0,-48.0
1776885821.7471027,-4.0,-6.0,-44.0
1776885821.7571027,-4.0,-4.0,-48.0
1776885821.7671027,-4.0,-6.0,-42.0
1776885821.7771027,0.0,-9.0,-43.0
1776885821.7871027,2.0,-9.0,-41.0
1776885821.7981029,5.0,-4.0,-43.0
1776885821.807103,4.0,-2.0,-36.0
1776885821.817103,4.0,0.0,-32.0
1776885821.827103,2.0,-1.0,-31.0
1776885821.8381028,2.0,0.0,-29.0
1776885821.8481028,2.0,2.0,-31.0
1776885821.8581028,1.0,5.0,-33.0
1776885821.8681028,-2.0,1.0,-29.0
1776885821.8781028,-1.0,1.0,-25.0
1776885821.8871028,0.0,4.0,-30.0
1776885821.8981028,0.0,3.0,-42.0
1776885821.9081028,1.0,5.0,-45.0
1776885821.9181027,-2.0,0.0,-41.0
1776885821.9281027,1.0,-3.0,-39.0
1776885821.9381027,5.0,-2.0,-38.0
1776885821.9481027,4.0,-6.0,-48.0
1776885821.9581027,6.0,-7.0,-49.0
1776885821.9681027,1.0,-3.0,-43.0
1776885821.9781027,-5.0,-4.0,-40.0
1776885821.988103,-2.0,-4.0,-40.0
1776885821.998103,4.0,-5.0,-45.0
1776885822.008103,5.0,-1.0,-42.0
1776885822.0181026,4.0,-2.0,-48.0
1776885822.0281026,0.0,-2.0,-45.0
1776885822.0381026,-7.0,-2.0,-39.0
1776885822.0481029,-8.0,0.0,-37.0
1776885822.0581028,-5.0,4.0,-39.0
1776885822.0681028,-8.0,5.0,-36.0
1776885822.0781028,-6.0,4.0,-31.0
1776885822.0881028,-5.0,3.0,-31.0
1776885822.0981028,-6.0,3.0,-32.0
1776885822.1081028,-2.0,4.0,-34.0
1776885822.1181028,-2.0,-1.0,-36.0
1776885822.1281028,-4.0,-3.0,-40.0
1776885822.1381028,-1.0,-1.0,-34.0
1776885822.1481028,0.0,1.0,-35.0
1776885822.1581028,4.0,3.0,-33.0
1776885822.1681027,4.0,4.0,-40.0
1776885822.1781027,7.0,4.0,-35.0
1776885822.1881027,6.0,3.0,-37.0
1776885822.1981027,1.0,5.0,-39.0
1776885822.2081027,2.0,7.0,-40.0
1776885822.2181027,9.0,6.0,-39.0
1776885822.2281027,8.0,2.0,-40.0
1776885822.238103,7.0,3.0,-33.0
1776885822.248103,5.0,0.0,-31.0
1776885822.258103,-1.0,1.0,-29.0
1776885822.2681026,-2.0,0.0,-28.0
1776885822.2781026,-2.0,0.0,-27.0
1776885822.2881026,-1.0,0.0,-29.0
1776885822.2981029,0.0,2.0,-29.0
1776885822.3081028,4.0,3.0,-31.0
1776885822.3181028,9.0,4.0,-26.0
1776885822.3281028,8.0,5.0,-29.0
1776885822.3381028,5.0,3.0,-30.0
1776885822.3481028,5.0,2.0,-32.0
1776885822.3581028,2.0,4.0,-32.0
1776885822.3681028,0.0,-1.0,-34.0
1776885822.3781028,1.0,-3.0,-36.0
1776885822.3881028,4.0,0.0,-45.0
1776885822.3981028,8.0,-1.0,-47.0
1776885822.4081028,6.0,0.0,-51.0
1776885822.4181027,5.0,5.0,-46.0
1776885822.4281027,3.0,7.0,-46.0
1776885822.4381027,3.0,4.0,-45.0
1776885822.4481027,4.0,0.0,-43.0
1776885822.4581027,0.0,1.0,-43.0
1776885822.4681027,3.0,1.0,-43.0
1776885822.4781027,6.0,1.0,-39.0
1776885822.488103,4.0,0.0,-40.0
1776885822.498103,5.0,3.0,-40.0
1776885822.508103,3.0,2.0,-40.0
1776885822.5181026,3.0,5.0,-40.0
1776885822.5281026,7.0,0.0,-41.0
1776885822.5381026,2.0,-2.0,-41.0
1776885822.5481029,0.0,2.0,-42.0
1776885822.5581028,-1.0,0.0,-42.0
1776885822.5681028,0.0,-4.0,-35.0
1776885822.5781028,-1.0,-5.0,-34.0
1776885822.5881028,-1.0,-5.0,-31.0
1776885822.5981028,0.0,0.0,-30.0
1776885822.6081028,-1.0,2.0,-35.0
1776885822.6181028,0.0,3.0,-38.0
1776885822.6281028,1.0,3.0,-42.0
1776885822.6381028,3.0,1.0,-47.0
1776885822.6481028,-2.0,2.0,-43.0
1776885822.6581028,2.0,3.0,-43.0
1776885822.6681027,9.0,4.0,-38.0
1776885822.6781027,9.0,0.0,-40.0
1776885822.6881027,7.0,0.0,-38.0
1776885822.6981027,4.0,-2.0,-34.0
1776885822.7081027,2.0,-3.0,-33.0
1776885822.7181027,0.0,-1.0,-39.0
1776885822.7281027,-2.0,-1.0,-38.0
1776885822.738103,-2.0,-3.0,-36.0
1776885822.748103,0.0,-5.0,-36.0
1776885822.758103,-2.0,-5.0,-37.0
1776885822.7681026,1.0,-3.0,-37.0
1776885822.7781026,0.0,-5.0,-38.0
1776885822.7881026,-3.0,-2.0,-40.0
1776885822.7981029,0.0,-5.0,-43.0
1776885822.8081028,2.0,-2.0,-42.0
1776885822.8181028,4.0,-7.0,-34.0
1776885822.8281028,4.0,-6.0,-38.0
1776885822.8381028,0.0,-5.0,-40.0
1776885822.8481028,4.0,-6.0,-40.0
1776885822.8581028,10.0,-8.0,-43.0
1776885822.8681028,11.0,-11.0,-39.0
1776885822.8781028,8.0,-14.0,-43.0
1776885822.8881028,8.0,-9.0,-39.0
1776885822.8981028,9.0,-5.0,-42.0
1776885822.9081028,8.0,-4.0,-35.0
1776885822.9181027,10.0,-4.0,-34.0
1776885822.9281027,11.0,-3.0,-44.0
1776885822.9381027,8.0,-1.0,-49.0
1776885822.9481027,7.0,-2.0,-51.0
1776885822.9581027,4.0,-3.0,-52.0
1776885822.9681027,-1.0,-5.0,-60.0
1776885822.9781027,-4.0,0.0,-53.0
1776885822.988103,-5.0,3.0,-49.0
1776885822.998103,-3.0,0.0,-37.0
1776885823.008103,-4.0,4.0,-35.0
1776885823.0181026,-2.0,0.0,-43.0
1776885823.0281026,-1.0,1.0,-43.0
1776885823.0381026,1.0,0.0,-44.0
1776885823.0481029,3.0,3.0,-44.0
1776885823.0581028,3.0,6.0,-42.0
1776885823.0681028,3.0,4.0,-43.0
1776885823.0781028,6.0,6.0,-42.0
1776885823.0881028,6.0,4.0,-44.0
1776885823.0981028,2.0,2.0,-43.0
1776885823.1081028,4.0,3.0,-36.0
1776885823.1181028,3.0,4.0,-34.0
1776885823.1281028,4.0,5.0,-34.0
1776885823.1381028,4.0,1.0,-38.0
1776885823.1481028,0.0,1.0,-42.0
1776885823.1581028,2.0,0.0,-42.0
1776885823.1681027,-1.0,-1.0,-39.0
1776885823.1781027,-4.0,-4.0,-43.0
1776885823.1881027,-6.0,-4.0,-39.0
1776885823.1981027,-11.0,0.0,-45.0
1776885823.2081027,-6.0,-2.0,-47.0
1776885823.2181027,-1.0,-5.0,-39.0
1776885823.2281027,1.0,-3.0,-32.0
1776885823.238103,3.0,1.0,-30.0
1776885823.248103,4.0,4.0,-32.0
1776885823.258103,4.0,8.0,-35.0
1776885823.2681026,0.0,6.0,-31.0
1776885823.2781026,1.0,7.0,-35.0
1776885823.2881026,0.0,6.0,-41.0
1776885823.2981029,0.0,3.0,-35.0
1776885823.3081028,0.0,0.0,-33.0
1776885823.3181028,1.0,1.0,-35.0
1776885823.3281028,4.0,3.0,-41.0
1776885823.3381028,3.0,1.0,-37.0
1776885823.3481028,0.0,2.0,-40.0
1776885823.3581028,0.0,0.0,-41.0
1776885823.3681028,1.0,-2.0,-39.0
1776885823.3781028,3.0,0.0,-38.0
1776885823.3881028,-2.0,-4.0,-42.0
1776885823.3981028,-7.0,-3.0,-40.0
1776885823.4081028,-5.0,0.0,-38.0
1776885823.4181027,-5.0,3.0,-42.0
1776885823.4281027,-4.0,1.0,-43.0
1776885823.4381027,-2.0,0.0,-45.0
1776885823.4481027,-1.0,-2.0,-44.0
1776885823.4581027,0.0,1.0,-45.0
1776885823.4681027,0.0,3.0,-41.0
1776885823.4781027,2.0,1.0,-40.0
1776885823.488103,1.0,2.0,-44.0
1776885823.498103,-2.0,0.0,-40.0
1776885823.508103,-3.0,-2.0,-38.0
1776885823.5181026,0.0,-8.0,-32.0
1776885823.5281026,4.0,-7.0,-32.0
1776885823.5381026,3.0,-8.0,-35.0
1776885823.5481029,1.0,-9.0,-33.0
1776885823.5581028,4.0,-8.0,-32.0
1776885823.5681028,4.0,-7.0,-37.0
1776885823.5781028,-2.0,-8.0,-33.0
1776885823.5881028,-2.0,-7.0,-39.0
1776885823.5981028,1.0,-7.0,-39.0
1776885823.6081028,4.0,-5.0,-41.0
1776885823.6181028,1.0,-2.0,-45.0
1776885823.6281028,3.0,-5.0,-39.0
1776885823.6381028,4.0,-8.0,-33.0
1776885823.6481028,3.0,-4.0,-32.0
1776885823.6581028,0.0,-1.0,-31.0
1776885823.6681027,0.0,0.0,-28.0
1776885823.6781027,0.0,0.0,-37.0
1776885823.6881027,0.0,1.0,-37.0
1776885823.6981027,0.0,2.0,-41.0
1776885823.7081027,-2.0,3.0,-41.0
1776885823.7181027,0.0,1.0,-39.0
1776885823.7281027,0.0,2.0,-41.0
1776885823.738103,0.0,5.0,-40.0
1776885823.748103,0.0,5.0,-42.0
1776885823.758103,-3.0,2.0,-37.0
1776885823.7681026,-2.0,-3.0,-33.0
1776885823.7781026,-1.0,-9.0,-38.0
1776885823.7891028,-1.0,-10.0,-40.0
1776885823.7981029,1.0,-9.0,-45.0
1776885823.8081028,3.0,-4.0,-38.0
1776885823.8191028,4.0,-2.0,-35.0
1776885823.8291028,2.0,-1.0,-36.0
1776885823.8391027,2.0,-3.0,-35.0
1776885823.8491027,2.0,0.0,-39.0
1776885823.8591027,3.0,4.0,-37.0
1776885823.8691027,2.0,3.0,-40.0
1776885823.8791027,4.0,2.0,-42.0
1776885823.8891027,5.0,4.0,-47.0
1776885823.8991027,0.0,4.0,-53.0
1776885823.909103,0.0,8.0,-50.0
1776885823.919103,4.0,1.0,-49.0
1776885823.929103,7.0,3.0,-48.0
1776885823.9391026,3.0,2.0,-44.0
1776885823.9491026,1.0,1.0,-48.0
1776885823.9591026,-2.0,1.0,-51.0
1776885823.9691026,-1.0,0.0,-52.0
1776885823.9791028,0.0,-1.0,-45.0
1776885823.9891028,0.0,0.0,-46.0
1776885823.9991028,0.0,0.0,-42.0
1776885824.0091028,0.0,1.0,-40.0
1776885824.0191028,3.0,1.0,-36.0
1776885824.0291028,3.0,0.0,-41.0
1776885824.0391028,5.0,4.0,-45.0
1776885824.0491028,7.0,1.0,-46.0
1776885824.0591028,0.0,0.0,-42.0
1776885824.0691028,0.0,-1.0,-43.0
1776885824.0791028,0.0,1.0,-44.0
1776885824.0891027,1.0,2.0,-40.0
1776885824.0991027,0.0,3.0,-39.0
1776885824.1091027,4.0,1.0,-36.0
1776885824.1191027,5.0,3.0,-32.0
1776885824.1291027,1.0,0.0,-33.0
1776885824.1391027,0.0,1.0,-40.0
1776885824.1501029,1.0,1.0,-38.0
1776885824.159103,-3.0,0.0,-40.0
1776885824.169103,-3.0,-3.0,-44.0
1776885824.179103,0.0,-6.0,-52.0
1776885824.1891026,3.0,-8.0,-56.0
1776885824.1991026,5.0,-1.0,-47.0
1776885824.2091026,3.0,-5.0,-48.0
1776885824.2191026,5.0,-1.0,-49.0
1776885824.2291028,2.0,0.0,-44.0
1776885824.2391028,0.0,-2.0,-47.0
1776885824.2491028,2.0,-3.0,-49.0
1776885824.2591028,3.0,-2.0,-48.0
1776885824.2691028,3.0,-1.0,-53.0
1776885824.2791028,5.0,-2.0,-55.0
1776885824.2891028,5.0,-2.0,-59.0
1776885824.2991028,4.0,-3.0,-59.0
1776885824.3091028,1.0,-4.0,-59.0
1776885824.3191028,0.0,-6.0,-56.0
1776885824.3291028,-3.0,-6.0,-54.0
1776885824.3391027,-5.0,-5.0,-43.0
1776885824.3491027,-1.0,-7.0,-44.0
1776885824.3591027,3.0,-3.0,-36.0
1776885824.3691027,4.0,-3.0,-38.0
1776885824.3791027,4.0,-4.0,-36.0
1776885824.3891027,6.0,-3.0,-29.0
1776885824.3991027,7.0,0.0,-26.0
1776885824.409103,10.0,-1.0,-26.0
1776885824.419103,12.0,-3.0,-33.0
1776885824.429103,6.0,0.0,-37.0
1776885824.4391026,0.0,1.0,-31.0
1776885824.4491026,-3.0,3.0,-31.0
1776885824.4591026,-5.0,6.0,-41.0
1776885824.4691026,0.0,7.0,-41.0
1776885824.4791028,1.0,7.0,-44.0
1776885824.4891028,3.0,8.0,-46.0
1776885824.4991028,1.0,8.0,-46.0
1776885824.5091028,8.0,6.0,-50.0
1776885824.5191028,6.0,5.0,-53.0
1776885824.5291028,7.0,4.0,-46.0
1776885824.5391028,6.0,0.0,-44.0
1776885824.5491028,2.0,-1.0,-42.0
1776885824.5591028,1.0,-2.0,-42.0
1776885824.5691028,2.0,-2.0,-40.0
1776885824.5791028,5.0,-5.0,-40.0
1776885824.5891027,0.0,-9.0,-38.0
1776885824.5991027,0.0,-15.0,-40.0
1776885824.6091027,0.0,-13.0,-35.0
1776885824.6191027,3.0,-9.0,-41.0
1776885824.6291027,1.0,-6.0,-49.0
1776885824.6391027,-4.0,-5.0,-45.0
1776885824.6491027,-3.0,-8.0,-37.0
1776885824.659103,0.0,-10.0,-43.0
1776885824.669103,3.0,-4.0,-45.0
1776885824.679103,6.0,-2.0,-44.0
1776885824.6891026,8.0,0.0,-38.0
1776885824.6991026,6.0,0.0,-37.0
1776885824.7091026,6.0,4.0,-45.0
1776885824.7191026,2.0,5.0,-48.0
1776885824.7291028,1.0,5.0,-47.0
1776885824.7391028,0.0,2.0,-46.0
1776885824.7491028,0.0,1.0,-43.0
1776885824.7591028,0.0,1.0,-46.0
1776885824.7691028,4.0,3.0,-37.0
1776885824.7791028,5.0,1.0,-30.0
1776885824.7891028,5.0,0.0,-34.0
1776885824.7991028,3.0,-1.0,-36.0
1776885824.8091028,5.0,-1.0,-35.0
1776885824.8191028,3.0,0.0,-36.0
1776885824.8291028,-1.0,-1.0,-34.0
1776885824.8391027,-6.0,-2.0,-31.0
1776885824.8491027,-3.0,0.0,-26.0
1776885824.8591027,-2.0,1.0,-32.0
1776885824.8691027,-5.0,0.0,-36.0
1776885824.8791027,-5.0,-1.0,-31.0
1776885824.8891027,-3.0,0.0,-34.0
1776885824.8991027,-4.0,-2.0,-33.0
1776885824.909103,0.0,0.0,-37.0
1776885824.919103,-1.0,0.0,-34.0
1776885824.929103,-6.0,-1.0,-37.0
1776885824.9391026,-4.0,-2.0,-34.0
1776885824.9491026,-3.0,0.0,-34.0
1776885824.9591026,0.0,0.0,-37.0
1776885824.9691026,0.0,-1.0,-47.0
1776885824.9791028,-1.0,-1.0,-43.0
1776885824.9891028,-4.0,1.0,-38.0
1776885824.9991028,-1.0,-1.0,-35.0
1776885825.0091028,-8.0,1.0,-38.0
1776885825.0191028,-5.0,0.0,-43.0
1776885825.0291028,-6.0,0.0,-41.0
1776885825.0391028,-5.0,0.0,-41.0
1776885825.0491028,-1.0,-3.0,-32.0
1776885825.0591028,0.0,-6.0,-33.0
1776885825.0691028,1.0,-9.0,-33.0
1776885825.0791028,1.0,-8.0,-33.0
1776885825.0891027,-4.0,-2.0,-39.0
1776885825.0991027,-4.0,-2.0,-43.0
1776885825.1091027,-3.0,-6.0,-42.0
1776885825.1191027,-2.0,-5.0,-39.0
1776885825.1291027,0.0,-6.0,-38.0
1776885825.1391027,-1.0,-6.0,-39.0
1776885825.1491027,0.0,-6.0,-41.0
1776885825.159103,2.0,-5.0,-46.0
1776885825.169103,-2.0,-5.0,-46.0
1776885825.179103,-1.0,-2.0,-38.0
1776885825.1891026,-4.0,0.0,-33.0
1776885825.1991026,0.0,0.0,-34.0
1776885825.2091026,-3.0,-1.0,-33.0
1776885825.2191026,-3.0,-2.0,-38.0
1776885825.2291028,0.0,-3.0,-46.0
1776885825.2391028,5.0,-3.0,-41.0
1776885825.2491028,3.0,-4.0,-37.0
1776885825.2591028,-2.0,-5.0,-34.0
1776885825.2691028,0.0,0.0,-34.0
1776885825.2791028,8.0,0.0,-38.0
1776885825.2891028,9.0,1.0,-40.0
1776885825.2991028,8.0,2.0,-37.0
1776885825.3091028,8.0,-1.0,-36.0
1776885825.3191028,8.0,-3.0,-38.0
1776885825.3291028,7.0,-2.0,-37.0
1776885825.3391027,4.0,1.0,-43.0
1776885825.3491027,0.0,6.0,-45.0
1776885825.3591027,-1.0,5.0,-41.0
1776885825.3691027,0.0,6.0,-43.0
1776885825.3791027,0.0,1.0,-39.0
1776885825.3891027,1.0,-3.0,-37.0
1776885825.3991027,1.0,-3.0,-38.0
1776885825.409103,5.0,0.0,-39.0
1776885825.419103,10.0,-1.0,-43.0
1776885825.429103,6.0,-3.0,-55.0
1776885825.4391026,6.0,-2.0,-55.0
1776885825.4491026,3.0,-2.0,-54.0
1776885825.4591026,6.0,-1.0,-57.0
1776885825.4691026,5.0,1.0,-51.0
1776885825.4791028,-1.0,-2.0,-45.0
1776885825.4891028,0.0,-1.0,-42.0
1776885825.4991028,1.0,0.0,-39.0
1776885825.5091028,-2.0,-2.0,-35.0
1776885825.5191028,0.0,0.0,-36.0
1776885825.5291028,0.0,0.0,-35.0
1776885825.5391028,-3.0,-4.0,-35.0
1776885825.5491028,-1.0,-2.0,-35.0
1776885825.5591028,0.0,0.0,-39.0
1776885825.5691028,0.0,3.0,-40.0
1776885825.5791028,0.0,3.0,-34.0
1776885825.5891027,1.0,3.0,-35.0
1776885825.5991027,1.0,3.0,-42.0
1776885825.6091027,2.0,1.0,-40.0
1776885825.6191027,5.0,1.0,-45.0
1776885825.6291027,8.0,5.0,-44.0
1776885825.6391027,2.0,4.0,-41.0
1776885825.6491027,4.0,3.0,-43.0
1776885825.659103,0.0,3.0,-47.0
1776885825.669103,-2.0,0.0,-47.0
1776885825.679103,-1.0,-3.0,-48.0
1776885825.6891026,0.0,-3.0,-41.0
1776885825.6991026,-4.0,-1.0,-41.0
1776885825.7091026,-5.0,-1.0,-40.0
1776885825.7191026,4.0,0.0,-34.0
1776885825.7291028,8.0,4.0,-33.0
1776885825.7391028,6.0,6.0,-37.0
1776885825.7491028,5.0,5.0,-32.0
1776885825.7591028,3.0,2.0,-29.0
1776885825.7691028,0.0,-2.0,-28.0
1776885825.7791028,-1.0,-5.0,-31.0
1776885825.7891028,1.0,-6.0,-34.0
1776885825.7991028,0.0,-6.0,-35.0
1776885825.8101027,-3.0,1.0,-36.0
1776885825.8201027,-7.0,1.0,-41.0
1776885825.8301027,-5.0,0.0,-34.0
1776885825.840103,-8.0,0.0,-30.0
1776885825.850103,-5.0,2.0,-28.0
1776885825.860103,-1.0,0.0,-25.0
1776885825.8701026,0.0,-1.0,-33.0
1776885825.8801026,-3.0,-3.0,-31.0
1776885825.8901026,-2.0,-5.0,-30.0
1776885825.9001029,0.0,-5.0,-31.0
1776885825.9101028,2.0,-7.0,-38.0
1776885825.9201028,0.0,-9.0,-36.0
1776885825.9301028,-1.0,-5.0,-42.0
1776885825.9401028,0.0,-7.0,-40.0
1776885825.9501028,1.0,-7.0,-38.0
1776885825.9601028,1.0,-7.0,-39.0
1776885825.9701028,0.0,-6.0,-37.0
1776885825.9801028,6.0,-7.0,-39.0
1776885825.9901028,7.0,-10.0,-41.0
1776885826.0001028,5.0,-8.0,-42.0
1776885826.0101027,4.0,-9.0,-37.0
1776885826.0201027,3.0,-6.0,-37.0
1776885826.0301027,1.0,-2.0,-40.0
1776885826.0401027,-2.0,-1.0,-35.0
1776885826.0501027,1.0,-2.0,-35.0
1776885826.0601027,5.0,-1.0,-34.0
1776885826.0701027,6.0,-5.0,-35.0
1776885826.0801027,9.0,-3.0,-36.0
1776885826.090103,4.0,0.0,-41.0
1776885826.100103,1.0,2.0,-39.0
1776885826.110103,0.0,0.0,-39.0
1776885826.1201026,4.0,-1.0,-37.0
1776885826.1301026,3.0,0.0,-43.0
1776885826.1401026,4.0,0.0,-44.0
1776885826.1501029,0.0,1.0,-47.0
1776885826.1601028,0.0,6.0,-44.0
1776885826.1701028,-4.0,6.0,-44.0
1776885826.1801028,-2.0,7.0,-44.0
1776885826.1901028,0.0,5.0,-46.0
1776885826.2001028,-1.0,0.0,-41.0
1776885826.2101028,-2.0,0.0,-41.0
1776885826.2201028,-2.0,0.0,-43.0
1776885826.2301028,-6.0,0.0,-41.0
1776885826.2401028,-4.0,-2.0,-45.0
1776885826.2501028,2.0,-2.0,-52.0
1776885826.2601027,2.0,3.0,-54.0
1776885826.2701027,5.0,2.0,-52.0
1776885826.2801027,6.0,0.0,-50.0
1776885826.2901027,8.0,-1.0,-50.0
1776885826.3001027,4.0,-4.0,-50.0
1776885826.3101027,4.0,0.0,-39.0
1776885826.3201027,1.0,-2.0,-42.0
1776885826.3301027,-1.0,-3.0,-40.0
1776885826.340103,0.0,-3.0,-40.0
1776885826.350103,1.0,-3.0,-43.0
1776885826.360103,6.0,-4.0,-40.0
1776885826.3701026,2.0,-2.0,-38.0
1776885826.3801026,0.0,-3.0,-38.0
1776885826.3901026,-3.0,-1.0,-43.0
1776885826.4001029,-6.0,-1.0,-39.0
1776885826.4101028,-6.0,-6.0,-36.0
1776885826.4201028,-8.0,-10.0,-37.0
1776885826.4301028,-1.0,-12.0,-32.0
1776885826.4401028,3.0,-9.0,-34.0
1776885826.4501028,0.0,-6.0,-29.0
1776885826.4601028,0.0,-5.0,-29.0
1776885826.4701028,2.0,-9.0,-32.0
1776885826.4801028,0.0,-10.0,-31.0
1776885826.4901028,0.0,-9.0,-29.0
1776885826.5001028,0.0,-10.0,-38.0
1776885826.5101027,0.0,-12.0,-42.0
1776885826.5201027,0.0,-6.0,-35.0
1776885826.5301027,3.0,-5.0,-39.0
1776885826.5401027,0.0,-2.0,-38.0
1776885826.5501027,7.0,-3.0,-38.0
1776885826.5601027,4.0,0.0,-32.0
1776885826.5701027,1.0,-3.0,-43.0
1776885826.5801027,3.0,-2.0,-46.0
1776885826.590103,0.0,-4.0,-46.0
1776885826.600103,3.0,-4.0,-37.0
1776885826.610103,3.0,-1.0,-34.0
1776885826.6201026,5.0,-2.0,-36.0
1776885826.6301026,1.0,-4.0,-35.0
1776885826.6401026,4.0,-3.0,-35.0
1776885826.6501029,8.0,-1.0,-36.0
1776885826.6601028,5.0,-4.0,-37.0
1776885826.6701028,2.0,-3.0,-36.0
1776885826.6801028,4.0,-4.0,-38.0
1776885826.6901028,5.0,-3.0,-38.0
1776885826.7001028,6.0,-7.0,-29.0
1776885826.7101028,3.0,-10.0,-28.0
1776885826.7201028,2.0,-11.0,-23.0
1776885826.7301028,-3.0,-8.0,-21.0
1776885826.7401028,-1.0,-9.0,-24.0
1776885826.7501028,0.0,-11.0,-28.0
1776885826.7601027,-2.0,-10.0,-33.0
1776885826.7701027,-2.0,-11.0,-33.0
1776885826.7801027,0.0,-9.0,-34.0
1776885826.7901027,0.0,-6.0,-37.0
1776885826.8001027,-3.0,-8.0,-41.0
1776885826.8101027,-5.0,-9.0,-44.0
1776885826.8201027,-5.0,-10.0,-43.0
1776885826.8301027,-1.0,-9.0,-45.0
1776885826.840103,0.0,-6.0,-46.0
1776885826.850103,0.0,-3.0,-51.0
1776885826.860103,7.0,-4.0,-50.0
1776885826.8701026,10.0,-6.0,-45.0
1776885826.8801026,12.0,-7.0,-40.0
1776885826.8901026,12.0,-7.0,-42.0
1776885826.9001029,12.0,-4.0,-45.0
1776885826.9101028,8.0,-4.0,-51.0
1776885826.9201028,7.0,-4.0,-45.0
1776885826.9301028,2.0,0.0,-50.0
1776885826.9401028,0.0,0.0,-55.0
1776885826.9501028,0.0,-1.0,-51.0
1776885826.9601028,-1.0,0.0,-48.0
1776885826.9701028,-5.0,-5.0,-41.0
1776885826.9801028,1.0,-4.0,-39.0
1776885826.9901028,3.0,0.0,-36.0
1776885827.0001028,-1.0,-2.0,-38.0
1776885827.0101027,-1.0,-2.0,-38.0
1776885827.0201027,0.0,-2.0,-45.0
1776885827.0301027,1.0,-2.0,-42.0
1776885827.0401027,4.0,-5.0,-42.0
1776885827.0501027,4.0,0.0,-36.0
1776885827.0601027,0.0,3.0,-35.0
1776885827.0701027,1.0,2.0,-39.0
1776885827.0801027,2.0,3.0,-37.0
1776885827.090103,2.0,1.0,-45.0
1776885827.100103,1.0,1.0,-39.0
1776885827.110103,5.0,0.0,-36.0
1776885827.1201026,2.0,-2.0,-40.0
1776885827.1301026,5.0,-4.0,-44.0
1776885827.1401026,3.0,-2.0,-47.0
1776885827.1501029,-2.0,-2.0,-48.0
1776885827.1601028,-5.0,-6.0,-48.0
1776885827.1701028,0.0,-7.0,-51.0
1776885827.1801028,0.0,-6.0,-45.0
1776885827.1901028,-3.0,-3.0,-47.0
1776885827.2001028,-1.0,-2.0,-48.0
1776885827.2101028,0.0,-4.0,-48.0
1776885827.2201028,0.0,-5.0,-44.0
1776885827.2301028,0.0,-4.0,-38.0
1776885827.2401028,0.0,-3.0,-42.0
1776885827.2501028,2.0,-1.0,-49.0
1776885827.2601027,0.0,-1.0,-50.0
1776885827.2701027,-2.0,-4.0,-46.0
1776885827.2801027,0.0,0.0,-55.0
1776885827.2901027,2.0,0.0,-57.0
1776885827.3001027,1.0,-1.0,-50.0
1776885827.3101027,2.0,-1.0,-45.0
1776885827.3201027,3.0,-4.0,-51.0
1776885827.3301027,4.0,-3.0,-53.0
1776885827.340103,3.0,-3.0,-48.0
1776885827.350103,4.0,-3.0,-44.0
1776885827.360103,6.0,-3.0,-44.0
1776885827.3701026,4.0,-1.0,-52.0
1776885827.3801026,1.0,2.0,-45.0
1776885827.3901026,2.0,0.0,-38.0
1776885827.4001029,1.0,-4.0,-38.0
1776885827.4101028,5.0,-6.0,-41.0
1776885827.4201028,3.0,-7.0,-34.0
1776885827.4301028,-1.0,-6.0,-35.0
1776885827.4401028,-5.0,-4.0,-38.0
1776885827.4501028,-2.0,-2.0,-43.0
1776885827.4601028,-7.0,-1.0,-45.0
1776885827.4701028,-6.0,4.0,-50.0
1776885827.4801028,-3.0,4.0,-47.0
1776885827.4901028,-2.0,5.0,-45.0
1776885827.5001028,-4.0,4.0,-39.0
1776885827.5101027,-7.0,3.0,-39.0
1776885827.5201027,-10.0,1.0,-40.0
1776885827.5301027,-12.0,-3.0,-44.0
1776885827.5401027,-9.0,-1.0,-51.0
1776885827.5501027,-8.0,-5.0,-51.0
1776885827.5601027,-5.0,0.0,-50.0
1776885827.5701027,-5.0,-1.0,-43.0
1776885827.5801027,0.0,-4.0,-41.0
1776885827.590103,0.0,-2.0,-42.0
1776885827.600103,0.0,-3.0,-46.0
1776885827.610103,3.0,-3.0,-45.0
1776885827.6201026,5.0,-2.0,-40.0
1776885827.6301026,4.0,0.0,-37.0
1776885827.6401026,4.0,-2.0,-39.0
1776885827.6501029,0.0,-2.0,-37.0
1776885827.6601028,0.0,0.0,-40.0
1776885827.6701028,3.0,-1.0,-44.0
1776885827.6801028,5.0,-2.0,-47.0
1776885827.6901028,1.0,-6.0,-52.0
1776885827.7001028,-1.0,-1.0,-50.0
1776885827.7101028,-1.0,-6.0,-53.0
1776885827.7201028,0.0,-3.0,-48.0
1776885827.7301028,1.0,-1.0,-41.0
1776885827.7401028,2.0,-3.0,-37.0
1776885827.7501028,0.0,-2.0,-36.0
1776885827.7601027,-2.0,-2.0,-36.0
1776885827.7701027,-2.0,-3.0,-37.0
1776885827.781103,-2.0,-2.0,-28.0
1776885827.7901027,-1.0,-1.0,-29.0
1776885827.8011026,0.0,-3.0,-37.0
1776885827.8111026,5.0,-4.0,-41.0
1776885827.8211029,5.0,-5.0,-43.0
1776885827.8311028,0.0,-2.0,-44.0
1776885827.8411028,0.0,-1.0,-39.0
1776885827.8511028,1.0,-1.0,-33.0
1776885827.8611028,0.0,0.0,-33.0
1776885827.8711028,-1.0,-2.0,-40.0
1776885827.8811028,-4.0,-2.0,-48.0
1776885827.8911028,-1.0,-2.0,-46.0
1776885827.9011028,0.0,-3.0,-41.0
1776885827.9111028,4.0,-2.0,-47.0
1776885827.9211028,4.0,2.0,-42.0
1776885827.9311028,8.0,0.0,-44.0
1776885827.9411027,12.0,1.0,-51.0
1776885827.9511027,12.0,3.0,-52.0
1776885827.9611027,6.0,1.0,-48.0
1776885827.9711027,1.0,2.0,-52.0
1776885827.9811027,5.0,3.0,-50.0
1776885827.9911027,5.0,0.0,-50.0
1776885828.0011027,5.0,3.0,-50.0
1776885828.011103,-3.0,1.0,-46.0
1776885828.021103,-1.0,-1.0,-53.0
1776885828.031103,0.0,0.0,-51.0
1776885828.0411026,-7.0,4.0,-50.0
1776885828.0511026,-7.0,0.0,-49.0
1776885828.0611026,-6.0,-2.0,-49.0
1776885828.0711029,-3.0,0.0,-46.0
1776885828.0811028,0.0,-4.0,-46.0
1776885828.0911028,0.0,-1.0,-49.0
1776885828.1011028,0.0,-1.0,-52.0
1776885828.1111028,0.0,0.0,-56.0
1776885828.1211028,2.0,-1.0,-48.0
1776885828.1311028,-2.0,-4.0,-46.0
1776885828.1411028,-4.0,-2.0,-43.0
1776885828.1511028,-3.0,-4.0,-36.0
1776885828.1611028,-2.0,-4.0,-32.0
1776885828.1711028,1.0,-5.0,-37.0
1776885828.1811028,1.0,-5.0,-34.0
1776885828.1911027,1.0,-5.0,-36.0
1776885828.2011027,2.0,-6.0,-40.0
1776885828.2111027,2.0,-7.0,-38.0
1776885828.2211027,1.0,-5.0,-42.0
1776885828.2311027,2.0,-1.0,-40.0
1776885828.2411027,4.0,0.0,-40.0
1776885828.2511027,4.0,-1.0,-45.0
1776885828.261103,0.0,1.0,-40.0
1776885828.271103,0.0,2.0,-35.0
1776885828.281103,0.0,3.0,-35.0
1776885828.2911026,-1.0,5.0,-30.0
1776885828.3011026,0.0,0.0,-37.0
1776885828.3111026,3.0,0.0,-34.0
1776885828.3211029,4.0,1.0,-38.0
1776885828.3311028,2.0,0.0,-35.0
1776885828.3411028,1.0,-1.0,-38.0
1776885828.3511028,2.0,-2.0,-38.0
1776885828.3611028,1.0,-5.0,-33.0
1776885828.3711028,0.0,-3.0,-32.0
1776885828.3811028,0.0,-4.0,-31.0
1776885828.3911028,-4.0,0.0,-34.0
1776885828.4011028,-4.0,2.0,-30.0
1776885828.4111028,-2.0,0.0,-32.0
1776885828.4211028,-2.0,1.0,-32.0
1776885828.4311028,-4.0,5.0,-34.0
1776885828.4411027,-3.0,2.0,-36.0
1776885828.4511027,-6.0,4.0,-42.0
1776885828.4611027,-8.0,0.0,-43.0
1776885828.4711027,-6.0,-2.0,-38.0
1776885828.4811027,-4.0,-4.0,-35.0
1776885828.4911027,0.0,-11.0,-37.0
1776885828.5011027,2.0,-11.0,-38.0
1776885828.511103,-1.0,-8.0,-39.0
1776885828.521103,0.0,-2.0,-40.0
1776885828.531103,5.0,-3.0,-42.0
1776885828.5411026,3.0,0.0,-42.0
1776885828.5511026,0.0,-1.0,-43.0
1776885828.5611026,1.0,-3.0,-40.0
1776885828.5711029,-2.0,-4.0,-41.0
1776885828.5811028,-1.0,-6.0,-42.0
1776885828.5911028,1.0,-3.0,-33.0
1776885828.6011028,2.0,1.0,-39.0
1776885828.6111028,2.0,0.0,-44.0
1776885828.6211028,0.0,-2.0,-40.0
1776885828.6311028,3.0,-3.0,-37.0
1776885828.6411028,0.0,-3.0,-38.0
1776885828.6511028,-2.0,-5.0,-45.0
1776885828.6611028,3.0,-2.0,-44.0
1776885828.6711028,1.0,-4.0,-40.0
1776885828.6811028,0.0,-9.0,-40.0
1776885828.6911027,0.0,-8.0,-45.0
1776885828.7011027,2.0,-5.0,-46.0
1776885828.7111027,5.0,-5.0,-42.0
1776885828.7211027,3.0,-3.0,-45.0
1776885828.7311027,1.0,-7.0,-44.0
1776885828.7411027,-2.0,-10.0,-45.0
1776885828.7511027,1.0,-8.0,-42.0
1776885828.761103,0.0,-9.0,-34.0
1776885828.771103,-1.0,-11.0,-30.0
1776885828.781103,0.0,-11.0,-30.0
1776885828.7911026,-4.0,-11.0,-28.0
1776885828.8011026,-4.0,-9.0,-36.0
1776885828.8111026,-5.0,-5.0,-40.0
1776885828.8211029,-2.0,-4.0,-44.0
1776885828.8311028,0.0,-8.0,-44.0
1776885828.8411028,-1.0,-10.0,-44.0
1776885828.8511028,-4.0,-6.0,-45.0
1776885828.8611028,-3.0,-6.0,-38.0
1776885828.8711028,-1.0,-5.0,-37.0
1776885828.8811028,0.0,-4.0,-36.0
1776885828.8911028,2.0,-4.0,-37.0
1776885828.9011028,3.0,-4.0,-37.0
1776885828.9111028,1.0,0.0,-42.0
1776885828.9211028,1.0,1.0,-38.0
1776885828.9311028,-2.0,0.0,-43.0
1776885828.9411027,-4.0,-3.0,-45.0
1776885828.9511027,-1.0,2.0,-45.0
1776885828.9611027,0.0,0.0,-43.0
1776885828.9711027,-1.0,0.0,-41.0
1776885828.9811027,0.0,2.0,-46.0
1776885828.9911027,1.0,3.0,-40.0
1776885829.0011027,1.0,4.0,-42.0
1776885829.011103,1.0,3.0,-40.0
1776885829.021103,0.0,0.0,-35.0
1776885829.031103,-1.0,-1.0,-33.0
1776885829.0411026,2.0,-3.0,-36.0
1776885829.0511026,2.0,-5.0,-34.0
1776885829.0611026,0.0,-2.0,-41.0
1776885829.0711029,3.0,0.0,-39.0
1776885829.0811028,3.0,0.0,-37.0
1776885829.0911028,3.0,1.0,-31.0
1776885829.1011028,0.0,-1.0,-39.0
1776885829.1111028,1.0,0.0,-40.0
1776885829.1211028,0.0,-1.0,-40.0
1776885829.1311028,-1.0,-4.0,-38.0
1776885829.1411028,-6.0,-3.0,-38.0
1776885829.1511028,-5.0,-3.0,-37.0
1776885829.1611028,-10.0,1.0,-40.0
1776885829.1711028,-6.0,5.0,-37.0
1776885829.1811028,-6.0,4.0,-38.0
1776885829.1911027,-5.0,0.0,-38.0
1776885829.2011027,-10.0,-1.0,-41.0
1776885829.2111027,-8.0,-4.0,-38.0
1776885829.2211027,-8.0,-7.0,-40.0
1776885829.2311027,-4.0,-5.0,-45.0
1776885829.2411027,-1.0,-8.0,-44.0
1776885829.2511027,0.0,-7.0,-39.0
1776885829.261103,-1.0,-4.0,-44.0
1776885829.271103,0.0,-6.0,-45.0
1776885829.281103,-2.0,-6.0,-47.0
1776885829.2911026,-2.0,-7.0,-43.0
1776885829.3011026,-6.0,-6.0,-40.0
1776885829.3111026,-4.0,-7.0,-41.0
1776885829.3211029,-5.0,-8.0,-42.0
1776885829.3311028,0.0,-5.0,-44.0
1776885829.3411028,0.0,-2.0,-40.0
1776885829.3511028,0.0,-1.0,-41.0
1776885829.3611028,0.0,1.0,-44.0
1776885829.3711028,1.0,0.0,-46.0
1776885829.3811028,2.0,1.0,-49.0
1776885829.3911028,5.0,2.0,-49.0
1776885829.4011028,9.0,1.0,-54.0
1776885829.4111028,6.0,1.0,-53.0
1776885829.4211028,10.0,-1.0,-47.0
1776885829.4311028,8.0,-2.0,-40.0
1776885829.4411027,2.0,-3.0,-39.0
1776885829.4511027,-2.0,-3.0,-44.0
1776885829.4611027,-5.0,-6.0,-41.0
1776885829.4711027,-9.0,-6.0,-44.0
1776885829.4811027,-1.0,-6.0,-49.0
1776885829.4911027,-1.0,-5.0,-48.0
1776885829.5011027,-5.0,-4.0,-43.0
1776885829.511103,-7.0,-3.0,-39.0
1776885829.521103,-3.0,-3.0,-35.0
1776885829.531103,-4.0,0.0,-33.0
1776885829.5411026,-4.0,-1.0,-28.0
1776885829.5511026,-3.0,-1.0,-29.0
1776885829.5611026,-6.0,-3.0,-32.0
1776885829.5711029,-5.0,-5.0,-34.0
1776885829.5811028,0.0,-5.0,-33.0
1776885829.5911028,-2.0,-1.0,-38.0
1776885829.6011028,-7.0,0.0,-41.0
1776885829.6111028,-4.0,4.0,-42.0
1776885829.6211028,-5.0,3.0,-44.0
1776885829.6321027,-1.0,5.0,-44.0
1776885829.6411028,2.0,8.0,-38.0
1776885829.6511028,5.0,7.0,-40.0
1776885829.6611028,9.0,3.0,-37.0
1776885829.6711028,8.0,0.0,-35.0
1776885829.6811028,6.0,0.0,-29.0
1776885829.6911027,1.0,-5.0,-33.0
1776885829.7011027,0.0,-4.0,-36.0
1776885829.7111027,-5.0,-6.0,-32.0
1776885829.7211027,-6.0,-5.0,-41.0
1776885829.7311027,-7.0,-6.0,-37.0
1776885829.7411027,-5.0,-3.0,-41.0
1776885829.7511027,-3.0,-2.0,-39.0
1776885829.761103,-5.0,0.0,-47.0
1776885829.771103,-2.0,0.0,-53.0
1776885829.781103,-6.0,-1.0,-52.0
1776885829.7921028,-2.0,3.0,-49.0
1776885829.8021028,0.0,6.0,-45.0
1776885829.8121028,-3.0,5.0,-42.0
1776885829.8221028,-3.0,2.0,-34.0
1776885829.8321028,-4.0,2.0,-30.0
1776885829.8421028,-6.0,0.0,-27.0
1776885829.8521028,-13.0,1.0,-32.0
1776885829.8621027,-6.0,1.0,-30.0
1776885829.8721027,-1.0,1.0,-33.0
1776885829.8821027,0.0,1.0,-28.0
1776885829.8921027,3.0,0.0,-34.0
1776885829.9021027,-2.0,-4.0,-33.0
1776885829.9121027,-2.0,-4.0,-36.0
1776885829.9221027,-2.0,-7.0,-37.0
1776885829.932103,-5.0,-5.0,-42.0
1776885829.942103,-5.0,-1.0,-39.0
1776885829.952103,-3.0,-3.0,-35.0
1776885829.962103,0.0,0.0,-35.0
1776885829.9721026,1.0,0.0,-38.0
1776885829.9821026,2.0,-2.0,-44.0
1776885829.9921026,1.0,-1.0,-48.0
1776885830.0021029,2.0,-3.0,-50.0
1776885830.0121028,6.0,-1.0,-54.0
1776885830.0221028,0.0,1.0,-49.0
1776885830.0321028,-2.0,-1.0,-45.0
1776885830.0421028,-2.0,-3.0,-49.0
1776885830.0521028,2.0,-4.0,-49.0
1776885830.0621028,-1.0,-2.0,-54.0
1776885830.0721028,0.0,0.0,-39.0
1776885830.0821028,3.0,2.0,-40.0
1776885830.0921028,0.0,2.0,-45.0
1776885830.1021028,-1.0,-2.0,-51.0
1776885830.1121027,-2.0,-6.0,-49.0
1776885830.1221027,0.0,-5.0,-47.0
1776885830.1321027,0.0,-1.0,-51.0
1776885830.1421027,3.0,-2.0,-46.0
1776885830.1521027,-1.0,-4.0,-44.0
1776885830.1621027,-1.0,-1.0,-41.0
1776885830.1721027,-2.0,-2.0,-47.0
1776885830.182103,-6.0,-2.0,-49.0
1776885830.192103,-3.0,-2.0,-50.0
1776885830.202103,-6.0,0.0,-48.0
1776885830.212103,-4.0,1.0,-49.0
1776885830.2221026,1.0,0.0,-52.0
1776885830.2321026,1.0,0.0,-45.0
1776885830.2421026,0.0,1.0,-44.0
1776885830.2521029,-1.0,-2.0,-40.0
1776885830.2621028,0.0,-4.0,-36.0
1776885830.2721028,-1.0,-3.0,-38.0
1776885830.2821028,-2.0,-4.0,-36.0
1776885830.2921028,0.0,-4.0,-40.0
1776885830.3021028,0.0,-4.0,-38.0
1776885830.3121028,-1.0,-4.0,-35.0
1776885830.3221028,-1.0,0.0,-33.0
1776885830.3321028,0.0,0.0,-37.0
1776885830.3421028,2.0,-3.0,-39.0
1776885830.3521028,1.0,-4.0,-32.0
1776885830.3621027,1.0,-10.0,-30.0
1776885830.3721027,-5.0,-11.0,-33.0
1776885830.3821027,-5.0,-11.0,-32.0
1776885830.3921027,0.0,-10.0,-32.0
1776885830.4021027,2.0,-6.0,-39.0
1776885830.4121027,4.0,-4.0,-39.0
1776885830.4221027,6.0,-9.0,-39.0
1776885830.432103,1.0,-7.0,-34.0
1776885830.442103,5.0,-3.0,-37.0
1776885830.452103,0.0,0.0,-39.0
1776885830.462103,2.0,2.0,-44.0
1776885830.4721026,0.0,0.0,-44.0
1776885830.4821026,-2.0,-3.0,-45.0
1776885830.4921026,-3.0,-1.0,-36.0
1776885830.5021029,0.0,1.0,-35.0
1776885830.5121028,2.0,1.0,-36.0
1776885830.5221028,-2.0,-3.0,-39.0
1776885830.5321028,-2.0,-1.0,-44.0
1776885830.5421028,-2.0,-1.0,-46.0
1776885830.5521028,-3.0,-2.0,-44.0
1776885830.5621028,-6.0,0.0,-37.0
1776885830.5721028,-3.0,0.0,-36.0
1776885830.5821028,-3.0,-2.0,-34.0
1776885830.5921028,-4.0,-2.0,-40.0
1776885830.6021028,-5.0,-4.0,-33.0
1776885830.6121027,-5.0,-5.0,-33.0
1776885830.6221027,-3.0,-4.0,-31.0
1776885830.6321027,-2.0,0.0,-30.0
1776885830.6421027,3.0,2.0,-32.0
1776885830.6521027,2.0,1.0,-36.0
1776885830.6621027,3.0,-3.0,-40.0
1776885830.6721027,3.0,-1.0,-41.0
1776885830.682103,-1.0,0.0,-44.0
1776885830.692103,-2.0,2.0,-44.0
1776885830.702103,-6.0,4.0,-41.0
1776885830.712103,-3.0,4.0,-37.0
1776885830.7221026,-6.0,4.0,-37.0
1776885830.7321026,-1.0,1.0,-38.0
1776885830.7421026,-1.0,0.0,-33.0
1776885830.7521029,0.0,0.0,-38.0
1776885830.7621028,0.0,0.0,-48.0
1776885830.7721028,1.0,-1.0,-42.0
1776885830.7821028,3.0,-3.0,-42.0
1776885830.7921028,4.0,-4.0,-40.0
1776885830.8021028,5.0,-3.0,-37.0
1776885830.8121028,6.0,-1.0,-42.0
1776885830.8221028,1.0,-1.0,-39.0
1776885830.8321028,4.0,-1.0,-43.0
1776885830.8421028,4.0,0.0,-38.0
1776885830.8521028,6.0,-4.0,-34.0
1776885830.8621027,13.0,-2.0,-28.0
1776885830.8721027,15.0,-3.0,-31.0
1776885830.8821027,13.0,-2.0,-36.0
1776885830.8921027,10.0,0.0,-38.0
1776885830.9021027,8.0,0.0,-40.0
1776885830.9121027,2.0,-1.0,-33.0
1776885830.9221027,3.0,0.0,-36.0
1776885830.932103,4.0,-2.0,-40.0
1776885830.942103,7.0,-3.0,-40.0
1776885830.952103,2.0,-2.0,-35.0
1776885830.962103,-1.0,-2.0,-33.0
1776885830.9721026,-2.0,-3.0,-31.0
1776885830.9821026,2.0,-3.0,-35.0
1776885830.9921026,6.0,0.0,-35.0
1776885831.0021029,8.0,-3.0,-38.0
1776885831.0121028,4.0,0.0,-42.0
1776885831.0221028,2.0,1.0,-42.0
1776885831.0321028,0.0,3.0,-41.0
1776885831.0421028,1.0,3.0,-36.0
1776885831.0521028,0.0,3.0,-26.0
1776885831.0621028,0.0,0.0,-24.0
1776885831.0721028,-1.0,-1.0,-30.0
1776885831.0821028,0.0,-1.0,-29.0
1776885831.0921028,1.0,0.0,-29.0
1776885831.1021028,0.0,-2.0,-32.0
1776885831.1121027,1.0,-1.0,-36.0
1776885831.1221027,2.0,-4.0,-35.0
1776885831.1321027,-1.0,0.0,-32.0
1776885831.1421027,0.0,2.0,-31.0
1776885831.1521027,-3.0,2.0,-29.0
1776885831.1621027,-4.0,0.0,-34.0
1776885831.1721027,-4.0,-1.0,-35.0
1776885831.182103,0.0,-5.0,-32.0
1776885831.192103,2.0,-6.0,-31.0
1776885831.202103,1.0,-11.0,-35.0
1776885831.212103,3.0,-8.0,-42.0
1776885831.2221026,3.0,-4.0,-40.0
1776885831.2321026,0.0,-4.0,-47.0
1776885831.2421026,-1.0,-3.0,-51.0
1776885831.2521029,2.0,-1.0,-45.0
1776885831.2621028,4.0,-4.0,-42.0
1776885831.2721028,4.0,-3.0,-35.0
1776885831.2821028,-1.0,-3.0,-29.0
1776885831.2921028,-3.0,-2.0,-27.0
1776885831.3021028,0.0,-2.0,-32.0
1776885831.3121028,-3.0,-2.0,-35.0
1776885831.3221028,-4.0,0.0,-37.0
1776885831.3321028,-4.0,3.0,-42.0
1776885831.3421028,1.0,5.0,-39.0
1776885831.3521028,4.0,4.0,-38.0
1776885831.3621027,5.0,5.0,-40.0
1776885831.3721027,4.0,1.0,-46.0
1776885831.3821027,2.0,-2.0,-45.0
1776885831.3921027,4.0,0.0,-40.0
1776885831.4021027,1.0,1.0,-36.0
1776885831.4121027,-5.0,2.0,-35.0
1776885831.4221027,-1.0,6.0,-38.0
1776885831.432103,0.0,4.0,-37.0
1776885831.442103,1.0,5.0,-38.0
1776885831.452103,2.0,7.0,-32.0
1776885831.462103,3.0,4.0,-31.0
1776885831.4721026,5.0,3.0,-31.0
1776885831.4821026,2.0,1.0,-36.0
1776885831.4921026,0.0,1.0,-38.0
1776885831.5021029,-3.0,1.0,-45.0
1776885831.5121028,-7.0,4.0,-41.0
1776885831.5221028,-6.0,-2.0,-39.0
1776885831.5321028,-6.0,-3.0,-46.0
1776885831.5421028,-2.0,-6.0,-47.0
1776885831.5521028,0.0,-11.0,-43.0
1776885831.5621028,0.0,-11.0,-43.0
1776885831.5721028,0.0,-10.0,-42.0
1776885831.5821028,2.0,-6.0,-42.0
1776885831.5921028,-2.0,-3.0,-43.0
1776885831.6021028,0.0,-3.0,-46.0
1776885831.6121027,2.0,-2.0,-47.0
1776885831.6221027,4.0,-1.0,-52.0
1776885831.6321027,8.0,4.0,-49.0
1776885831.6421027,4.0,1.0,-48.0
1776885831.6521027,2.0,1.0,-45.0
1776885831.6621027,0.0,0.0,-41.0
1776885831.6721027,-2.0,0.0,-39.0
1776885831.682103,-5.0,0.0,-37.0
1776885831.692103,-6.0,4.0,-36.0
1776885831.702103,-7.0,4.0,-35.0
1776885831.712103,-9.0,5.0,-39.0
1776885831.7221026,-5.0,1.0,-34.0
1776885831.7321026,-2.0,0.0,-34.0
1776885831.7421026,0.0,3.0,-28.0
1776885831.7531028,6.0,2.0,-34.0
1776885831.7621028,6.0,1.0,-37.0
1776885831.7721028,0.0,-1.0,-35.0
1776885831.7821028,-1.0,0.0,-37.0
1776885831.7931027,-2.0,0.0,-38.0
1776885831.8031027,-1.0,0.0,-38.0
1776885831.8131027,0.0,1.0,-37.0
1776885831.8231027,-4.0,0.0,-35.0
1776885831.8331027,-6.0,-1.0,-31.0
1776885831.8431027,-5.0,0.0,-28.0
1776885831.8531027,0.0,-3.0,-38.0
1776885831.863103,0.0,1.0,-45.0
1776885831.873103,-4.0,1.0,-41.0
1776885831.883103,-5.0,-1.0,-39.0
1776885831.8931026,-2.0,1.0,-36.0
1776885831.9031026,-2.0,3.0,-39.0
1776885831.9131026,1.0,2.0,-43.0
1776885831.9231029,2.0,-1.0,-45.0
1776885831.9331028,4.0,-6.0,-47.0
1776885831.9431028,0.0,-2.0,-45.0
1776885831.9531028,3.0,-4.0,-42.0
1776885831.9631028,4.0,-6.0,-41.0
1776885831.9731028,0.0,-5.0,-44.0
1776885831.9831028,1.0,-5.0,-47.0
1776885831.9931028,0.0,-3.0,-45.0
1776885832.0031028,-3.0,-3.0,-39.0
1776885832.0131028,0.0,2.0,-38.0
1776885832.0231028,0.0,0.0,-40.0
1776885832.0331028,1.0,-5.0,-41.0
1776885832.0431027,0.0,-5.0,-42.0
1776885832.0531027,1.0,-5.0,-44.0
1776885832.0631027,-2.0,-4.0,-28.0
1776885832.0731027,-2.0,-4.0,-24.0
1776885832.0831027,1.0,-3.0,-32.0
1776885832.0931027,3.0,1.0,-39.0
1776885832.1031027,2.0,5.0,-42.0
1776885832.113103,0.0,4.0,-50.0
1776885832.123103,4.0,2.0,-50.0
1776885832.133103,7.0,2.0,-51.0
1776885832.1431026,10.0,1.0,-44.0
1776885832.1531026,4.0,1.0,-40.0
1776885832.1631026,2.0,-3.0,-47.0
1776885832.1731029,2.0,-5.0,-49.0
1776885832.1831028,0.0,-4.0,-50.0
1776885832.1931028,-1.0,2.0,-45.0
1776885832.2031028,2.0,3.0,-42.0
1776885832.2131028,3.0,4.0,-47.0
1776885832.2231028,2.0,0.0,-45.0
1776885832.2331028,2.0,-2.0,-40.0
1776885832.2431028,2.0,-4.0,-37.0
1776885832.2531028,2.0,-2.0,-43.0
1776885832.2631028,0.0,0.0,-43.0
1776885832.2731028,-1.0,3.0,-48.0
1776885832.2831028,2.0,2.0,-41.0
1776885832.2931027,3.0,1.0,-40.0
1776885832.3031027,2.0,2.0,-40.0
1776885832.3131027,2.0,0.0,-37.0
1776885832.3231027,0.0,0.0,-34.0
1776885832.3331027,0.0,-1.0,-31.0
1776885832.3431027,1.0,-4.0,-34.0
1776885832.3531027,-5.0,-5.0,-33.0
1776885832.363103,-6.0,-5.0,-31.0
1776885832.373103,-6.0,-2.0,-36.0
1776885832.383103,-5.0,0.0,-38.0
1776885832.3931026,-5.0,0.0,-41.0
1776885832.4031026,-4.0,7.0,-45.0
1776885832.4131026,-3.0,7.0,-46.0
1776885832.4231029,0.0,5.0,-48.0
1776885832.4331028,1.0,1.0,-46.0
1776885832.4431028,0.0,6.0,-49.0
1776885832.4531028,1.0,2.0,-50.0
1776885832.4631028,0.0,1.0,-51.0
1776885832.4731028,1.0,4.0,-55.0
1776885832.4831028,4.0,5.0,-53.0
1776885832.4931028,1.0,4.0,-50.0
1776885832.5031028,3.0,0.0,-55.0
1776885832.5131028,3.0,0.0,-52.0
1776885832.5231028,6.0,2.0,-43.0
1776885832.5331028,4.0,3.0,-46.0
1776885832.5431027,5.0,6.0,-48.0
1776885832.5531027,5.0,8.0,-48.0
1776885832.5631027,7.0,8.0,-49.0
1776885832.5731027,8.0,7.0,-50.0
1776885832.5831027,8.0,4.0,-50.0
1776885832.5931027,7.0,3.0,-48.0
1776885832.6031027,0.0,2.0,-50.0
1776885832.613103,-1.0,-1.0,-47.0
1776885832.623103,1.0,-3.0,-51.0
1776885832.633103,1.0,-2.0,-41.0
1776885832.6431026,-1.0,-2.0,-40.0
1776885832.6531026,-1.0,-4.0,-33.0
1776885832.6631026,1.0,-4.0,-34.0
1776885832.6731029,2.0,-3.0,-30.0
1776885832.6831028,1.0,-7.0,-35.0
1776885832.6931028,3.0,-6.0,-36.0
1776885832.7031028,1.0,-2.0,-40.0
1776885832.7131028,1.0,-5.0,-43.0
1776885832.7231028,0.0,-6.0,-43.0
1776885832.7331028,1.0,-1.0,-43.0
1776885832.7431028,-1.0,-2.0,-41.0
1776885832.7531028,-4.0,0.0,-39.0
1776885832.7631028,-2.0,0.0,-42.0
1776885832.7731028,-2.0,0.0,-45.0
1776885832.7831028,-2.0,0.0,-42.0
1776885832.7931027,4.0,0.0,-47.0
1776885832.8031027,6.0,0.0,-41.0
1776885832.8131027,1.0,-4.0,-43.0
1776885832.8231027,1.0,-3.0,-45.0
1776885832.8331027,1.0,-3.0,-41.0
1776885832.8431027,0.0,-3.0,-41.0
1776885832.8531027,-2.0,-2.0,-41.0
1776885832.863103,-4.0,-1.0,-43.0
1776885832.873103,-5.0,-4.0,-42.0
1776885832.883103,-1.0,-8.0,-45.0
1776885832.8931026,0.0,-8.0,-42.0
1776885832.9031026,-3.0,-8.0,-42.0
1776885832.9131026,-8.0,-3.0,-42.0
1776885832.9231029,-3.0,-5.0,-39.0
1776885832.9331028,-1.0,-9.0,-38.0
1776885832.9431028,-2.0,-9.0,-44.0
1776885832.9531028,0.0,-8.0,-47.0
1776885832.9631028,0.0,-7.0,-41.0
1776885832.9731028,4.0,-7.0,-37.0
1776885832.9831028,7.0,-8.0,-29.0
1776885832.9931028,10.0,-6.0,-28.0
1776885833.0031028,10.0,-8.0,-29.0
1776885833.0131028,10.0,-4.0,-29.0
1776885833.0231028,10.0,-3.0,-31.0
1776885833.0331028,8.0,-2.0,-35.0
1776885833.0431027,3.0,-4.0,-40.0
1776885833.0531027,4.0,-1.0,-31.0
1776885833.0631027,4.0,-1.0,-36.0
1776885833.0731027,4.0,-3.0,-40.0
1776885833.0831027,3.0,-6.0,-33.0
1776885833.0931027,1.0,-2.0,-42.0
1776885833.1031027,0.0,-1.0,-44.0
1776885833.113103,0.0,-3.0,-50.0
1776885833.123103,6.0,-4.0,-53.0
1776885833.133103,4.0,-7.0,-54.0
1776885833.1431026,1.0,-8.0,-45.0
1776885833.1531026,3.0,-5.0,-45.0
1776885833.1631026,4.0,0.0,-44.0
1776885833.1731029,8.0,0.0,-39.0
1776885833.1831028,8.0,-3.0,-43.0
1776885833.1931028,7.0,-2.0,-44.0
1776885833.2031028,5.0,-2.0,-42.0
1776885833.2131028,7.0,-3.0,-50.0
1776885833.2231028,7.0,-6.0,-43.0
1776885833.2331028,6.0,-5.0,-38.0
1776885833.2431028,3.0,-8.0,-43.0
1776885833.2531028,2.0,-9.0,-49.0
1776885833.2631028,2.0,-4.0,-51.0
1776885833.2731028,5.0,-4.0,-51.0
1776885833.2831028,6.0,-4.0,-52.0
1776885833.2931027,3.0,-6.0,-53.0
1776885833.3031027,-1.0,-5.0,-52.0
1776885833.3131027,-3.0,-4.0,-47.0
1776885833.3231027,-3.0,-5.0,-43.0
1776885833.3331027,1.0,-1.0,-42.0
1776885833.3431027,2.0,0.0,-42.0
1776885833.3531027,-2.0,1.0,-36.0
1776885833.363103,-1.0,3.0,-41.0
1776885833.373103,1.0,2.0,-33.0
1776885833.383103,3.0,1.0,-35.0
1776885833.3931026,4.0,2.0,-38.0
1776885833.4031026,1.0,2.0,-41.0
1776885833.4131026,0.0,4.0,-46.0
1776885833.4231029,0.0,4.0,-48.0
1776885833.4331028,1.0,5.0,-50.0
1776885833.4431028,-2.0,5.0,-54.0
1776885833.4531028,-4.0,7.0,-45.0
1776885833.4631028,-4.0,8.0,-46.0
1776885833.4731028,-1.0,8.0,-49.0
1776885833.4831028,0.0,4.0,-48.0
1776885833.4931028,-1.0,0.0,-41.0
1776885833.5031028,0.0,-2.0,-35.0
1776885833.5131028,-1.0,-5.0,-37.0
1776885833.5231028,2.0,-5.0,-40.0
1776885833.5331028,1.0,-5.0,-37.0
1776885833.5431027,5.0,-5.0,-42.0
1776885833.5531027,9.0,-4.0,-46.0
1776885833.5631027,5.0,-3.0,-49.0
1776885833.5731027,3.0,-1.0,-50.0
1776885833.5831027,4.0,-5.0,-51.0
1776885833.5931027,4.0,-3.0,-52.0
1776885833.6031027,2.0,-1.0,-46.0
1776885833.613103,-2.0,1.0,-39.0
1776885833.623103,-5.0,1.0,-37.0
1776885833.633103,-1.0,1.0,-36.0
1776885833.6431026,-2.0,2.0,-34.0
1776885833.6531026,2.0,2.0,-32.0
1776885833.6631026,0.0,-1.0,-35.0
1776885833.6731029,0.0,0.0,-31.0
1776885833.6831028,0.0,-1.0,-27.0
1776885833.6931028,1.0,0.0,-30.0
1776885833.7031028,2.0,-2.0,-37.0
1776885833.7131028,3.0,-3.0,-41.0
1776885833.7231028,5.0,-5.0,-37.0
1776885833.7331028,3.0,-4.0,-37.0
1776885833.7431028,0.0,-8.0,-38.0
1776885833.7541027,-2.0,-6.0,-42.0
1776885833.7631028,-3.0,-1.0,-35.0
1776885833.7731028,-6.0,-3.0,-40.0
1776885833.784103,1.0,-3.0,-40.0
1776885833.794103,1.0,-5.0,-39.0
1776885833.804103,-2.0,-5.0,-41.0
1776885833.8141026,1.0,0.0,-43.0
1776885833.8241026,0.0,0.0,-41.0
1776885833.8341026,2.0,-2.0,-41.0
1776885833.8441026,2.0,-4.0,-42.0
1776885833.8541028,2.0,-2.0,-46.0
1776885833.8641028,-1.0,-4.0,-41.0
1776885833.8741028,-1.0,-2.0,-46.0
1776885833.8841028,-3.0,-6.0,-43.0
1776885833.8941028,-2.0,-8.0,-36.0
1776885833.9041028,7.0,-5.0,-35.0
1776885833.9141028,7.0,-6.0,-39.0
1776885833.9241028,3.0,-5.0,-44.0
1776885833.9341028,6.0,-7.0,-42.0
1776885833.9441028,8.0,-2.0,-41.0
1776885833.9541028,5.0,0.0,-37.0
1776885833.9641027,6.0,0.0,-29.0
1776885833.9741027,4.0,1.0,-26.0
1776885833.9841027,3.0,0.0,-32.0
1776885833.9941027,4.0,0.0,-35.0
1776885834.0041027,2.0,-2.0,-37.0
1776885834.0141027,4.0,-4.0,-41.0
1776885834.0241027,0.0,-4.0,-45.0
1776885834.034103,3.0,-3.0,-44.0
1776885834.044103,2.0,-5.0,-40.0
1776885834.054103,-1.0,-4.0,-40.0
1776885834.0641026,-2.0,-4.0,-36.0
1776885834.0741026,-2.0,-4.0,-38.0
1776885834.0841026,-3.0,-3.0,-39.0
1776885834.0941026,1.0,-3.0,-35.0
1776885834.1041028,1.0,-2.0,-37.0
1776885834.1141028,-3.0,-3.0,-43.0
1776885834.1241028,-4.0,1.0,-43.0
1776885834.1341028,-4.0,1.0,-49.0
1776885834.1441028,-3.0,0.0,-50.0
1776885834.1541028,-3.0,-2.0,-51.0
1776885834.1641028,0.0,1.0,-53.0
1776885834.1741028,-2.0,1.0,-49.0
1776885834.1841028,-2.0,0.0,-52.0
1776885834.1941028,-3.0,0.0,-53.0
1776885834.2041028,-5.0,0.0,-46.0
1776885834.2141027,-2.0,0.0,-44.0
1776885834.2241027,0.0,3.0,-44.0
1776885834.2341027,0.0,5.0,-47.0
1776885834.2441027,3.0,5.0,-40.0
1776885834.2541027,7.0,3.0,-36.0
1776885834.2641027,3.0,3.0,-40.0
1776885834.2741027,5.0,0.0,-40.0
1776885834.284103,6.0,0.0,-36.0
1776885834.294103,6.0,1.0,-36.0
1776885834.304103,3.0,2.0,-35.0
1776885834.3141026,5.0,3.0,-38.0
1776885834.3241026,6.0,0.0,-42.0
1776885834.3341026,5.0,-3.0,-36.0
1776885834.3441026,4.0,-7.0,-41.0
1776885834.3541028,0.0,-6.0,-32.0
1776885834.3641028,2.0,-7.0,-30.0
1776885834.3741028,0.0,-3.0,-35.0
1776885834.3841028,0.0,-1.0,-35.0
1776885834.3941028,1.0,-2.0,-36.0
1776885834.4041028,2.0,-4.0,-36.0
1776885834.4141028,3.0,-3.0,-39.0
1776885834.4241028,1.0,-8.0,-38.0
1776885834.4341028,2.0,-12.0,-44.0
1776885834.4451027,3.0,-10.0,-47.0
1776885834.4541028,5.0,-9.0,-52.0
1776885834.4641027,6.0,-7.0,-46.0
1776885834.4741027,6.0,-7.0,-45.0
1776885834.4841027,5.0,-2.0,-43.0
1776885834.4941027,6.0,-3.0,-44.0
1776885834.5041027,1.0,-8.0,-47.0
1776885834.5141027,-1.0,-12.0,-42.0
1776885834.5241027,2.0,-10.0,-43.0
1776885834.534103,2.0,-4.0,-46.0
1776885834.544103,0.0,-4.0,-48.0
1776885834.554103,0.0,-3.0,-46.0
1776885834.5641026,0.0,3.0,-47.0
1776885834.5741026,2.0,2.0,-47.0
1776885834.5841026,5.0,-2.0,-44.0
1776885834.5941026,8.0,-2.0,-40.0
1776885834.6041028,7.0,-2.0,-35.0
1776885834.6141028,3.0,-7.0,-37.0
1776885834.6241028,0.0,-8.0,-38.0
1776885834.6341028,-4.0,-8.0,-40.0
1776885834.6441028,-1.0,-5.0,-43.0
1776885834.6541028,1.0,-4.0,-44.0
1776885834.6641028,0.0,-5.0,-45.0
1776885834.6741028,1.0,0.0,-47.0
1776885834.6841028,-1.0,-1.0,-41.0
1776885834.6941028,-1.0,-3.0,-38.0
1776885834.7041028,-1.0,-5.0,-31.0
1776885834.7141027,0.0,-5.0,-37.0
1776885834.7241027,0.0,-3.0,-39.0
1776885834.7341027,4.0,-2.0,-46.0
1776885834.7441027,5.0,-3.0,-46.0
1776885834.7541027,5.0,-1.0,-43.0
1776885834.7641027,6.0,4.0,-37.0
1776885834.7741027,5.0,3.0,-36.0
1776885834.784103,3.0,4.0,-32.0
1776885834.794103,1.0,2.0,-39.0
1776885834.804103,3.0,0.0,-47.0
1776885834.8141026,5.0,2.0,-39.0
1776885834.8241026,7.0,0.0,-37.0
1776885834.8341026,4.0,0.0,-38.0
1776885834.8441026,1.0,1.0,-29.0
1776885834.8541028,3.0,5.0,-33.0
1776885834.8641028,7.0,1.0,-27.0
1776885834.8741028,8.0,-1.0,-31.0
1776885834.8841028,11.0,-4.0,-32.0
1776885834.8941028,9.0,-3.0,-34.0
1776885834.9041028,8.0,-1.0,-32.0
1776885834.9141028,3.0,-1.0,-35.0
1776885834.9241028,2.0,0.0,-37.0
1776885834.9341028,0.0,3.0,-32.0
1776885834.9441028,-2.0,3.0,-29.0
1776885834.9541028,0.0,0.0,-31.0
1776885834.9641027,1.0,1.0,-35.0
1776885834.9741027,3.0,3.0,-35.0
1776885834.9841027,4.0,0.0,-34.0
1776885834.9941027,8.0,-4.0,-32.0
1776885835.0041027,7.0,-5.0,-28.0
1776885835.0141027,5.0,-3.0,-39.0
1776885835.0241027,3.0,-3.0,-40.0
1776885835.034103,0.0,-5.0,-40.0
1776885835.044103,0.0,-4.0,-46.0
1776885835.054103,2.0,-2.0,-49.0
1776885835.0641026,-1.0,0.0,-46.0
1776885835.0741026,-1.0,-6.0,-43.0
1776885835.0841026,5.0,-9.0,-38.0
1776885835.0941026,4.0,-7.0,-36.0
1776885835.1041028,6.0,-5.0,-36.0
1776885835.1141028,5.0,-2.0,-34.0
1776885835.1241028,4.0,2.0,-36.0
1776885835.1341028,7.0,3.0,-39.0
1776885835.1441028,8.0,4.0,-37.0
1776885835.1541028,8.0,2.0,-41.0
1776885835.1641028,7.0,1.0,-47.0
1776885835.1741028,0.0,2.0,-42.0
1776885835.1841028,-2.0,3.0,-37.0
1776885835.1941028,-4.0,7.0,-44.0
1776885835.2041028,-4.0,3.0,-50.0
1776885835.2141027,0.0,4.0,-50.0
1776885835.2241027,1.0,2.0,-57.0
1776885835.2341027,-1.0,2.0,-53.0
1776885835.2441027,-6.0,4.0,-56.0
1776885835.2541027,-4.0,0.0,-43.0
1776885835.2641027,-1.0,0.0,-47.0
1776885835.2741027,-1.0,0.0,-41.0
1776885835.284103,-3.0,0.0,-35.0
1776885835.294103,-1.0,1.0,-30.0
1776885835.304103,-1.0,1.0,-31.0
1776885835.3141026,0.0,0.0,-35.0
1776885835.3241026,-2.0,0.0,-41.0
1776885835.3341026,3.0,2.0,-38.0
1776885835.3441026,7.0,1.0,-35.0
1776885835.3541028,6.0,3.0,-35.0
1776885835.3641028,3.0,0.0,-38.0
1776885835.3741028,5.0,0.0,-34.0
1776885835.3841028,8.0,-2.0,-34.0
1776885835.3941028,8.0,0.0,-46.0
1776885835.4041028,6.0,1.0,-42.0
1776885835.4141028,5.0,0.0,-39.0
1776885835.4241028,4.0,1.0,-36.0
1776885835.4341028,2.0,2.0,-42.0
1776885835.4441028,0.0,1.0,-35.0
1776885835.4541028,-2.0,1.0,-44.0
1776885835.4641027,-3.0,-5.0,-45.0
1776885835.4741027,-5.0,-6.0,-38.0
1776885835.4841027,-7.0,-8.0,-39.0
1776885835.4941027,-4.0,-10.0,-36.0
1776885835.5041027,-4.0,-2.0,-37.0
1776885835.5141027,-3.0,-1.0,-31.0
1776885835.5241027,0.0,0.0,-31.0
1776885835.534103,0.0,0.0,-33.0
1776885835.544103,-1.0,-3.0,-36.0
1776885835.554103,-3.0,-3.0,-40.0
1776885835.5641026,-3.0,-2.0,-38.0
1776885835.5741026,0.0,-3.0,-35.0
1776885835.5841026,1.0,-5.0,-36.0
1776885835.5941026,0.0,-4.0,-33.0
1776885835.6041028,1.0,-6.0,-34.0
1776885835.6141028,0.0,-11.0,-39.0
1776885835.6241028,0.0,-10.0,-44.0
1776885835.6341028,-3.0,-10.0,-40.0
1776885835.6441028,1.0,-8.0,-37.0
1776885835.6541028,5.0,-3.0,-39.0
1776885835.6641028,3.0,-1.0,-39.0
1776885835.6741028,3.0,-2.0,-38.0
1776885835.6841028,3.0,-1.0,-39.0
1776885835.6941028,0.0,-3.0,-46.0
1776885835.7041028,0.0,-4.0,-40.0
1776885835.7141027,6.0,-5.0,-38.0
1776885835.725103,11.0,-3.0,-39.0
1776885835.735103,7.0,1.0,-42.0
1776885835.7451026,6.0,0.0,-43.0
1776885835.7551026,6.0,-7.0,-42.0
1776885835.7651026,8.0,-5.0,-40.0
1776885835.7751029,7.0,-9.0,-45.0
1776885835.7851028,9.0,-10.0,-48.0
1776885835.7951028,10.0,-3.0,-49.0
1776885835.8051028,6.0,-2.0,-50.0
1776885835.8151028,1.0,-1.0,-49.0
1776885835.8251028,0.0,-5.0,-46.0
1776885835.8351028,-2.0,-11.0,-45.0
1776885835.8451028,-1.0,-10.0,-45.0
1776885835.8551028,0.0,-7.0,-48.0
1776885835.8651028,2.0,-7.0,-50.0
1776885835.8751028,0.0,-5.0,-51.0
1776885835.8851027,0.0,-4.0,-50.0
1776885835.8951027,-3.0,-2.0,-50.0
1776885835.9051027,-1.0,-3.0,-48.0
1776885835.9151027,-2.0,1.0,-47.0
1776885835.9251027,-2.0,0.0,-48.0
1776885835.9351027,-5.0,-3.0,-48.0
1776885835.9451027,-3.0,-3.0,-50.0
1776885835.9551027,-6.0,-2.0,-48.0
1776885835.965103,-3.0,0.0,-45.0
1776885835.975103,-3.0,-1.0,-40.0
1776885835.985103,-5.0,-3.0,-37.0
1776885835.9951026,-5.0,-2.0,-42.0
1776885836.0051026,-4.0,-4.0,-45.0
1776885836.0151026,2.0,0.0,-41.0
1776885836.0251029,-1.0,0.0,-44.0
1776885836.0351028,-6.0,0.0,-42.0
1776885836.0451028,-1.0,0.0,-47.0
1776885836.0551028,-1.0,0.0,-49.0
1776885836.0651028,-5.0,-1.0,-44.0
1776885836.0751028,-6.0,-3.0,-46.0
1776885836.0851028,-1.0,-11.0,-48.0
1776885836.0951028,-4.0,-10.0,-48.0
1776885836.1051028,-3.0,-6.0,-40.0
1776885836.1151028,-1.0,-3.0,-45.0
1776885836.1251028,0.0,-8.0,-41.0
1776885836.1351027,3.0,-8.0,-36.0
1776885836.1451027,2.0,-8.0,-32.0
1776885836.1551027,3.0,-3.0,-29.0
1776885836.1651027,3.0,-5.0,-33.0
1776885836.1751027,0.0,-9.0,-31.0
1776885836.1851027,4.0,-8.0,-32.0
1776885836.1951027,3.0,-4.0,-39.0
1776885836.2051027,4.0,-6.0,-39.0
1776885836.215103,6.0,-5.0,-43.0
1776885836.225103,8.0,-6.0,-43.0
1776885836.235103,8.0,-6.0,-41.0
1776885836.2451026,7.0,0.0,-47.0
1776885836.2551026,5.0,-6.0,-46.0
1776885836.2651026,2.0,-6.0,-41.0
1776885836.2751029,4.0,-7.0,-37.0
1776885836.2851028,3.0,-7.0,-38.0
1776885836.2951028,2.0,-3.0,-42.0
1776885836.3051028,3.0,-6.0,-38.0
1776885836.3151028,7.0,-6.0,-31.0
1776885836.3251028,0.0,-4.0,-30.0
1776885836.3351028,-4.0,0.0,-35.0
1776885836.3451028,-9.0,-1.0,-42.0
1776885836.3551028,-7.0,-4.0,-45.0
1776885836.3651028,-3.0,-3.0,-41.0
1776885836.3751028,-1.0,-1.0,-40.0
1776885836.3851027,-2.0,2.0,-33.0
1776885836.3951027,0.0,3.0,-36.0
1776885836.4051027,1.0,2.0,-41.0
1776885836.4151027,2.0,0.0,-37.0
1776885836.4251027,5.0,-2.0,-33.0
1776885836.4351027,1.0,-1.0,-41.0
1776885836.4451027,0.0,-1.0,-46.0
1776885836.4551027,0.0,-1.0,-45.0
1776885836.465103,1.0,-2.0,-46.0
1776885836.475103,0.0,-3.0,-43.0
1776885836.485103,-1.0,-5.0,-38.0
1776885836.4951026,0.0,-1.0,-45.0
1776885836.5051026,0.0,1.0,-43.0
1776885836.5151026,-1.0,5.0,-40.0
1776885836.5251029,0.0,1.0,-42.0
1776885836.5351028,0.0,3.0,-47.0
1776885836.5451028,0.0,1.0,-46.0
1776885836.5551028,-3.0,3.0,-43.0
1776885836.5651028,-5.0,0.0,-37.0
1776885836.5751028,-6.0,0.0,-39.0
1776885836.5851028,-3.0,-2.0,-33.0
1776885836.5951028,-4.0,-8.0,-33.0
1776885836.6051028,0.0,-6.0,-38.0
1776885836.6151028,2.0,-2.0,-36.0
1776885836.6251028,3.0,-2.0,-40.0
1776885836.6351027,4.0,-2.0,-38.0
1776885836.6451027,6.0,-3.0,-28.0
1776885836.6551027,5.0,0.0,-34.0
1776885836.6651027,7.0,2.0,-36.0
1776885836.6751027,3.0,-1.0,-38.0
1776885836.6851027,2.0,0.0,-39.0
1776885836.6951027,7.0,-4.0,-34.0
1776885836.7051027,7.0,-3.0,-40.0
1776885836.715103,5.0,-3.0,-47.0
1776885836.725103,0.0,-4.0,-49.0
1776885836.735103,3.0,0.0,-49.0
1776885836.7451026,2.0,2.0,-60.0
1776885836.7551026,5.0,-1.0,-52.0
1776885836.7651026,5.0,0.0,-42.0
1776885836.7751029,3.0,-4.0,-39.0
1776885836.7851028,5.0,-2.0,-39.0
1776885836.7951028,7.0,-3.0,-34.0
1776885836.8051028,7.0,-3.0,-32.0
1776885836.8151028,5.0,-1.0,-29.0
1776885836.8251028,7.0,-2.0,-23.0
1776885836.8351028,6.0,-4.0,-29.0
1776885836.8451028,6.0,-2.0,-29.0
1776885836.8551028,3.0,-5.0,-28.0
1776885836.8651028,2.0,-5.0,-35.0
1776885836.8751028,-5.0,-7.0,-37.0
1776885836.8851027,-4.0,-6.0,-38.0
1776885836.8951027,-1.0,-7.0,-36.0
1776885836.9051027,-3.0,-2.0,-33.0
1776885836.9151027,1.0,-1.0,-34.0
1776885836.9251027,0.0,-4.0,-33.0
1776885836.9351027,0.0,0.0,-38.0
1776885836.9451027,0.0,2.0,-37.0
1776885836.9551027,0.0,2.0,-39.0
1776885836.965103,0.0,-3.0,-38.0
1776885836.975103,3.0,-7.0,-37.0
1776885836.985103,4.0,-9.0,-39.0
1776885836.9951026,2.0,-4.0,-42.0
1776885837.0051026,0.0,-2.0,-52.0
1776885837.0151026,3.0,1.0,-51.0
1776885837.0251029,-1.0,2.0,-46.0
1776885837.0351028,-8.0,1.0,-45.0
1776885837.0451028,-5.0,0.0,-42.0
1776885837.0551028,-1.0,-5.0,-42.0
1776885837.0651028,-4.0,-7.0,-41.0
1776885837.0751028,-6.0,-9.0,-37.0
1776885837.0851028,-8.0,-4.0,-32.0
1776885837.0951028,-6.0,-1.0,-41.0
1776885837.1051028,-2.0,-2.0,-41.0
1776885837.1151028,-5.0,-3.0,-45.0
1776885837.1251028,-7.0,-7.0,-46.0
1776885837.1351027,-6.0,-6.0,-44.0
1776885837.1451027,-2.0,-8.0,-36.0
1776885837.1551027,0.0,-12.0,-35.0
1776885837.1651027,0.0,-9.0,-28.0
1776885837.1751027,0.0,-7.0,-31.0
1776885837.1851027,0.0,-4.0,-38.0
1776885837.1951027,-1.0,-2.0,-40.0
1776885837.2051027,-2.0,-2.0,-35.0
1776885837.215103,-3.0,-2.0,-33.0
1776885837.225103,-4.0,-1.0,-34.0
1776885837.235103,0.0,-5.0,-34.0
1776885837.2451026,-1.0,-6.0,-30.0
1776885837.2551026,-2.0,-8.0,-32.0
1776885837.2651026,-1.0,-11.0,-31.0
1776885837.2751029,0.0,-8.0,-34.0
1776885837.2851028,0.0,-2.0,-37.0
1776885837.2951028,0.0,-1.0,-40.0
1776885837.3051028,2.0,-1.0,-40.0
1776885837.3151028,5.0,1.0,-41.0
1776885837.3251028,4.0,0.0,-37.0
1776885837.3351028,5.0,-4.0,-30.0
1776885837.3451028,3.0,-4.0,-37.0
1776885837.3551028,2.0,2.0,-38.0
1776885837.3651028,0.0,0.0,-40.0
1776885837.3751028,0.0,-5.0,-41.0
1776885837.3851027,-2.0,-4.0,-40.0
1776885837.3951027,-5.0,-4.0,-41.0
1776885837.4051027,2.0,-4.0,-36.0
1776885837.4151027,-1.0,-4.0,-36.0
1776885837.4251027,1.0,-2.0,-38.0
1776885837.4351027,2.0,-2.0,-35.0
1776885837.4451027,2.0,-1.0,-35.0
1776885837.4551027,4.0,0.0,-33.0
1776885837.465103,2.0,-3.0,-30.0
1776885837.475103,0.0,-3.0,-25.0
1776885837.485103,1.0,0.0,-27.0
1776885837.4951026,0.0,1.0,-34.0
1776885837.5051026,2.0,3.0,-42.0
1776885837.5151026,1.0,1.0,-41.0
1776885837.5251029,3.0,-1.0,-37.0
1776885837.5351028,0.0,-3.0,-34.0
1776885837.5451028,1.0,-2.0,-35.0
1776885837.5551028,0.0,-1.0,-37.0
1776885837.5651028,0.0,-2.0,-36.0
1776885837.5751028,1.0,-4.0,-37.0
1776885837.5851028,3.0,-6.0,-36.0
1776885837.5951028,3.0,-8.0,-45.0
1776885837.6051028,4.0,-7.0,-50.0
1776885837.6151028,4.0,-7.0,-51.0
1776885837.6251028,2.0,-5.0,-49.0
1776885837.6351027,1.0,-6.0,-47.0
1776885837.6451027,1.0,-8.0,-55.0
1776885837.6551027,0.0,-6.0,-53.0
1776885837.6651027,-3.0,-2.0,-45.0
1776885837.6751027,-3.0,-1.0,-46.0
1776885837.6851027,-3.0,-3.0,-45.0
1776885837.6951027,0.0,-7.0,-39.0
1776885837.7051027,-1.0,-6.0,-36.0
1776885837.715103,-2.0,-9.0,-38.0
1776885837.7261028,-1.0,-7.0,-35.0
1776885837.735103,1.0,-8.0,-36.0
1776885837.7461028,3.0,-6.0,-38.0
1776885837.7561028,3.0,-7.0,-33.0
1776885837.7661028,2.0,-8.0,-34.0
1776885837.7761028,2.0,-4.0,-34.0
1776885837.7861028,2.0,0.0,-32.0
1776885837.7961028,3.0,0.0,-29.0
1776885837.8061028,4.0,2.0,-35.0
1776885837.8161027,3.0,1.0,-35.0
1776885837.8261027,-1.0,1.0,-37.0
1776885837.8361027,0.0,3.0,-41.0
1776885837.8461027,7.0,1.0,-43.0
1776885837.8561027,8.0,0.0,-39.0
1776885837.8661027,7.0,0.0,-38.0
1776885837.8761027,4.0,-5.0,-37.0
1776885837.886103,4.0,-3.0,-37.0
1776885837.896103,2.0,-2.0,-34.0
1776885837.906103,3.0,1.0,-41.0
1776885837.9161026,3.0,1.0,-45.0
1776885837.9261026,1.0,0.0,-38.0
1776885837.9361026,2.0,2.0,-37.0
1776885837.9461029,5.0,-1.0,-41.0
1776885837.9561028,1.0,0.0,-40.0
1776885837.9661028,1.0,-3.0,-37.0
1776885837.9761028,-2.0,-1.0,-41.0
1776885837.9861028,-4.0,-5.0,-41.0
1776885837.9961028,-7.0,-3.0,-46.0
1776885838.0061028,0.0,-4.0,-41.0
1776885838.0161028,0.0,-5.0,-38.0
1776885838.0261028,4.0,-3.0,-40.0
1776885838.0361028,2.0,-3.0,-36.0
1776885838.0461028,0.0,-5.0,-34.0
1776885838.0561028,1.0,-3.0,-43.0
1776885838.0661027,2.0,-2.0,-50.0
1776885838.0761027,0.0,-2.0,-51.0
1776885838.0861027,1.0,-3.0,-48.0
1776885838.0961027,5.0,-3.0,-49.0
1776885838.1061027,2.0,-6.0,-46.0
1776885838.1161027,6.0,-2.0,-33.0
1776885838.1261027,7.0,0.0,-33.0
1776885838.136103,3.0,0.0,-42.0
1776885838.146103,0.0,0.0,-49.0
1776885838.156103,0.0,-1.0,-45.0
1776885838.1661026,1.0,0.0,-41.0
1776885838.1761026,1.0,3.0,-43.0
1776885838.1861026,-5.0,1.0,-39.0
1776885838.1961029,-2.0,0.0,-31.0
1776885838.2061028,0.0,0.0,-35.0
1776885838.2161028,1.0,0.0,-39.0
1776885838.2261028,1.0,2.0,-40.0
1776885838.2361028,-1.0,3.0,-42.0
1776885838.2461028,1.0,5.0,-50.0
1776885838.2561028,0.0,1.0,-53.0
1776885838.2661028,8.0,0.0,-48.0
1776885838.2761028,7.0,1.0,-41.0
1776885838.2861028,4.0,-2.0,-41.0
1776885838.2961028,5.0,-2.0,-39.0
1776885838.3061028,2.0,-1.0,-36.0
1776885838.3161027,0.0,-4.0,-39.0
1776885838.3261027,-5.0,-7.0,-33.0
1776885838.3361027,0.0,-6.0,-37.0
1776885838.3461027,-2.0,-3.0,-35.0
1776885838.3561027,-4.0,-2.0,-42.0
1776885838.3661027,-1.0,-3.0,-44.0
1776885838.3761027,3.0,-5.0,-49.0
1776885838.386103,8.0,-1.0,-49.0
1776885838.396103,1.0,-2.0,-51.0
1776885838.406103,4.0,-5.0,-51.0
1776885838.4161026,6.0,-9.0,-49.0
1776885838.4261026,6.0,-7.0,-48.0
1776885838.4361026,5.0,-9.0,-48.0
1776885838.4461029,7.0,-9.0,-43.0
1776885838.4561028,5.0,-7.0,-46.0
1776885838.4661028,0.0,-1.0,-52.0
1776885838.4761028,-3.0,-2.0,-55.0
1776885838.4861028,-4.0,0.0,-53.0
1776885838.4961028,-6.0,-1.0,-47.0
1776885838.5061028,0.0,2.0,-48.0
1776885838.5161028,1.0,1.0,-41.0
1776885838.5261028,4.0,0.0,-43.0
1776885838.5361028,5.0,-2.0,-38.0
1776885838.5461028,3.0,-7.0,-45.0
1776885838.5561028,2.0,-5.0,-42.0
1776885838.5661027,3.0,-1.0,-40.0
1776885838.5761027,0.0,-2.0,-43.0
1776885838.5861027,-1.0,0.0,-48.0
1776885838.5961027,-6.0,0.0,-48.0
1776885838.6061027,-5.0,3.0,-47.0
1776885838.6161027,-8.0,0.0,-43.0
1776885838.6261027,-8.0,-2.0,-42.0
1776885838.636103,-8.0,-1.0,-40.0
1776885838.646103,-10.0,0.0,-46.0
1776885838.656103,-13.0,-5.0,-45.0
1776885838.6661026,-8.0,0.0,-48.0
1776885838.6761026,-8.0,0.0,-50.0
1776885838.6861026,-11.0,0.0,-44.0
1776885838.6961029,-8.0,0.0,-44.0
1776885838.7061028,-4.0,0.0,-41.0
1776885838.7161028,-3.0,2.0,-40.0
1776885838.7261028,-2.0,0.0,-41.0
1776885838.7361028,3.0,1.0,-43.0
1776885838.7461028,1.0,-1.0,-40.0
1776885838.7561028,0.0,-2.0,-38.0
1776885838.7661028,-2.0,-1.0,-42.0
1776885838.7761028,2.0,-1.0,-45.0
1776885838.7861028,0.0,-2.0,-45.0
1776885838.7961028,-1.0,-5.0,-44.0
1776885838.8061028,0.0,-5.0,-41.0
1776885838.8161027,-1.0,-2.0,-44.0
1776885838.8261027,0.0,-4.0,-41.0
1776885838.8361027,1.0,-6.0,-39.0
1776885838.8461027,2.0,-5.0,-40.0
1776885838.8561027,0.0,-2.0,-39.0
1776885838.8661027,1.0,-1.0,-37.0
1776885838.8761027,4.0,-2.0,-34.0
1776885838.886103,1.0,0.0,-34.0
1776885838.896103,0.0,0.0,-35.0
1776885838.906103,-1.0,2.0,-32.0
1776885838.9161026,3.0,5.0,-38.0
1776885838.9261026,3.0,5.0,-34.0
1776885838.9361026,6.0,6.0,-38.0
1776885838.9461029,10.0,4.0,-33.0
1776885838.9561028,4.0,2.0,-35.0
1776885838.9661028,6.0,4.0,-38.0
1776885838.9761028,7.0,3.0,-39.0
1776885838.9861028,8.0,0.0,-40.0
1776885838.9961028,6.0,2.0,-40.0
1776885839.0061028,5.0,-3.0,-48.0
1776885839.0161028,10.0,0.0,-42.0
1776885839.0261028,7.0,3.0,-44.0
1776885839.0361028,7.0,-2.0,-44.0
1776885839.0461028,6.0,-3.0,-51.0
1776885839.0561028,4.0,-4.0,-52.0
1776885839.0661027,-1.0,-6.0,-42.0
1776885839.0761027,-2.0,-7.0,-37.0
1776885839.0861027,3.0,-3.0,-39.0
1776885839.0961027,7.0,-1.0,-37.0
1776885839.1061027,3.0,0.0,-35.0
1776885839.1161027,0.0,-2.0,-42.0
1776885839.1261027,0.0,-3.0,-52.0
1776885839.136103,2.0,-4.0,-53.0
1776885839.146103,1.0,-7.0,-57.0
1776885839.156103,0.0,-5.0,-51.0
1776885839.1661026,0.0,-6.0,-48.0
1776885839.1761026,0.0,-8.0,-48.0
1776885839.1861026,3.0,-8.0,-48.0
1776885839.1961029,3.0,-4.0,-51.0
1776885839.2061028,2.0,-1.0,-51.0
1776885839.2161028,-1.0,-2.0,-45.0
1776885839.2261028,-3.0,2.0,-44.0
1776885839.2361028,-1.0,-2.0,-42.0
1776885839.2461028,0.0,-1.0,-42.0
1776885839.2561028,2.0,4.0,-36.0
1776885839.2661028,3.0,0.0,-44.0
1776885839.2761028,-4.0,0.0,-40.0
1776885839.2861028,-6.0,-2.0,-39.0
1776885839.2961028,-5.0,-4.0,-33.0
1776885839.3061028,-6.0,-2.0,-29.0
1776885839.3161027,-7.0,-1.0,-31.0
1776885839.3261027,-5.0,2.0,-34.0
1776885839.3361027,0.0,1.0,-40.0
1776885839.3461027,4.0,1.0,-39.0
1776885839.3561027,7.0,-1.0,-36.0
1776885839.3661027,7.0,-3.0,-33.0
1776885839.3761027,2.0,-3.0,-34.0
1776885839.386103,5.0,-1.0,-37.0
1776885839.396103,2.0,-1.0,-34.0
1776885839.406103,6.0,-1.0,-38.0
1776885839.4161026,0.0,-2.0,-34.0
1776885839.4261026,-2.0,-4.0,-34.0
1776885839.4361026,-4.0,-3.0,-39.0
1776885839.4461029,-3.0,0.0,-41.0
1776885839.4561028,0.0,1.0,-41.0
1776885839.4661028,4.0,2.0,-42.0
1776885839.4761028,1.0,-1.0,-42.0
1776885839.4861028,2.0,-8.0,-50.0
1776885839.4961028,2.0,-6.0,-45.0
1776885839.5061028,0.0,-2.0,-45.0
1776885839.5161028,1.0,0.0,-44.0
1776885839.5261028,3.0,-2.0,-38.0
1776885839.5361028,-1.0,-3.0,-31.0
1776885839.5461028,-4.0,-1.0,-32.0
1776885839.5561028,-1.0,-4.0,-35.0
1776885839.5661027,-1.0,-3.0,-36.0
1776885839.5761027,3.0,-4.0,-40.0
1776885839.5861027,2.0,-3.0,-44.0
1776885839.5961027,7.0,0.0,-45.0
1776885839.6061027,5.0,0.0,-48.0
1776885839.6161027,0.0,-1.0,-48.0
1776885839.6261027,0.0,-2.0,-46.0
1776885839.636103,3.0,-7.0,-46.0
1776885839.646103,3.0,-6.0,-39.0
1776885839.656103,-1.0,-5.0,-32.0
1776885839.6661026,2.0,-5.0,-44.0
1776885839.6761026,-1.0,-3.0,-40.0
1776885839.6861026,-2.0,-4.0,-34.0
1776885839.6961029,-1.0,-5.0,-42.0
1776885839.7061028,0.0,-6.0,-36.0
1776885839.7171028,2.0,-6.0,-39.0
1776885839.7271028,5.0,-6.0,-37.0
1776885839.7371027,5.0,-1.0,-40.0
1776885839.7471027,2.0,-1.0,-36.0
1776885839.7571027,0.0,0.0,-34.0
1776885839.7671027,-3.0,0.0,-35.0
1776885839.7771027,-2.0,2.0,-36.0
1776885839.7871027,0.0,2.0,-39.0
1776885839.7971027,0.0,-1.0,-40.0
1776885839.807103,-3.0,2.0,-34.0
1776885839.817103,-3.0,0.0,-30.0
1776885839.827103,-4.0,-3.0,-29.0
1776885839.837103,-9.0,-5.0,-32.0
1776885839.8471026,-6.0,-3.0,-37.0
1776885839.8571026,-6.0,-2.0,-42.0
1776885839.8671026,-2.0,-4.0,-41.0
1776885839.8771029,-5.0,-6.0,-40.0
1776885839.8871028,-5.0,-5.0,-43.0
1776885839.8971028,-8.0,-9.0,-45.0
1776885839.9071028,-4.0,-3.0,-43.0
1776885839.9171028,-4.0,-3.0,-38.0
1776885839.9271028,-1.0,-6.0,-33.0
1776885839.9371028,0.0,-5.0,-30.0
1776885839.9471028,-2.0,-7.0,-38.0
1776885839.9571028,-4.0,-3.0,-39.0
1776885839.9671028,1.0,-1.0,-37.0
1776885839.9771028,2.0,-1.0,-39.0
1776885839.9871027,5.0,-3.0,-43.0
1776885839.9971027,8.0,-5.0,-43.0
1776885840.0071027,10.0,-6.0,-45.0
1776885840.0171027,10.0,-6.0,-44.0
1776885840.0271027,8.0,-2.0,-45.0
1776885840.0371027,6.0,-5.0,-52.0
1776885840.0471027,3.0,-4.0,-49.0
1776885840.057103,5.0,-6.0,-52.0
1776885840.067103,2.0,-7.0,-53.0
1776885840.077103,1.0,-8.0,-49.0
1776885840.087103,-3.0,-9.0,-48.0
1776885840.0971026,-2.0,-8.0,-51.0
1776885840.1071026,-3.0,-3.0,-49.0
1776885840.1171026,-2.0,0.0,-42.0
1776885840.1271029,1.0,0.0,-38.0
1776885840.1371028,4.0,-1.0,-40.0
1776885840.1471028,3.0,-1.0,-39.0
1776885840.1571028,3.0,1.0,-42.0
1776885840.1671028,7.0,3.0,-37.0
1776885840.1771028,8.0,6.0,-33.0
1776885840.1871028,4.0,6.0,-34.0
1776885840.1971028,7.0,0.0,-37.0
1776885840.2071028,4.0,0.0,-38.0
1776885840.2171028,0.0,1.0,-44.0
1776885840.2271028,4.0,1.0,-41.0
1776885840.2371027,2.0,3.0,-32.0
1776885840.2471027,-2.0,0.0,-35.0
1776885840.2571027,1.0,0.0,-39.0
1776885840.2671027,1.0,1.0,-40.0
1776885840.2771027,0.0,1.0,-46.0
1776885840.2871027,0.0,0.0,-46.0
1776885840.2971027,0.0,-1.0,-46.0
1776885840.307103,-2.0,1.0,-48.0
1776885840.317103,-3.0,3.0,-54.0
1776885840.327103,-5.0,0.0,-58.0
1776885840.337103,-5.0,0.0,-49.0
1776885840.3471026,0.0,-2.0,-50.0
1776885840.3571026,-1.0,-7.0,-52.0
1776885840.3671026,0.0,-8.0,-51.0
1776885840.3771029,0.0,-8.0,-47.0
1776885840.3871028,4.0,-8.0,-56.0
1776885840.3971028,6.0,-5.0,-53.0
1776885840.4071028,7.0,-5.0,-49.0
1776885840.4171028,4.0,-3.0,-43.0
1776885840.4271028,7.0,-2.0,-36.0
1776885840.4371028,9.0,-2.0,-37.0
1776885840.4471028,9.0,-1.0,-40.0
1776885840.4571028,7.0,-3.0,-37.0
1776885840.4671028,5.0,-6.0,-34.0
1776885840.4771028,0.0,-6.0,-35.0
1776885840.4871027,0.0,-10.0,-37.0
1776885840.4971027,3.0,-11.0,-39.0
1776885840.5071027,0.0,-9.0,-38.0
1776885840.5171027,-2.0,-7.0,-43.0
1776885840.5271027,0.0,-3.0,-49.0
1776885840.5371027,1.0,-6.0,-53.0
1776885840.5471027,-1.0,-2.0,-48.0
1776885840.557103,0.0,0.0,-50.0
1776885840.567103,-3.0,0.0,-46.0
1776885840.577103,-3.0,0.0,-37.0
1776885840.587103,1.0,0.0,-33.0
1776885840.5971026,1.0,1.0,-37.0
1776885840.6071026,2.0,1.0,-35.0
1776885840.6171026,4.0,2.0,-43.0
1776885840.6271029,2.0,4.0,-47.0
1776885840.6371028,4.0,3.0,-48.0
1776885840.6471028,3.0,5.0,-51.0
1776885840.6571028,4.0,3.0,-51.0
1776885840.6671028,5.0,4.0,-48.0
1776885840.6771028,0.0,2.0,-46.0
1776885840.6871028,0.0,2.0,-38.0
1776885840.6971028,0.0,3.0,-43.0
1776885840.7071028,2.0,0.0,-44.0
1776885840.7171028,4.0,-1.0,-43.0
1776885840.7271028,2.0,0.0,-38.0
1776885840.7371027,0.0,-1.0,-31.0
1776885840.7471027,0.0,-1.0,-40.0
1776885840.7571027,0.0,0.0,-48.0
1776885840.7671027,4.0,-3.0,-48.0
1776885840.7771027,3.0,-11.0,-52.0
1776885840.7871027,0.0,-5.0,-48.0
1776885840.7971027,-2.0,-1.0,-45.0
1776885840.807103,-2.0,0.0,-37.0
1776885840.817103,0.0,0.0,-38.0
1776885840.827103,-4.0,0.0,-41.0
1776885840.837103,-7.0,0.0,-40.0
1776885840.8471026,-4.0,-2.0,-40.0
1776885840.8571026,-3.0,2.0,-39.0
1776885840.8671026,-1.0,1.0,-42.0
1776885840.8771029,-6.0,-1.0,-42.0
1776885840.8871028,-6.0,-3.0,-35.0
1776885840.8971028,-7.0,-1.0,-35.0
1776885840.9071028,-4.0,-2.0,-41.0
1776885840.9171028,0.0,0.0,-42.0
1776885840.9271028,0.0,3.0,-43.0
1776885840.9371028,0.0,0.0,-41.0
1776885840.9471028,1.0,0.0,-41.0
1776885840.9571028,5.0,-2.0,-43.0
1776885840.9671028,3.0,0.0,-37.0
1776885840.9771028,0.0,0.0,-35.0
1776885840.9871027,-1.0,0.0,-36.0
1776885840.9971027,0.0,0.0,-42.0
1776885841.0071027,2.0,1.0,-46.0
1776885841.0171027,-2.0,0.0,-41.0
1776885841.0271027,0.0,-6.0,-41.0
1776885841.0371027,1.0,-4.0,-40.0
1776885841.0471027,2.0,-1.0,-41.0
1776885841.057103,2.0,1.0,-45.0
1776885841.067103,1.0,4.0,-47.0
1776885841.077103,6.0,3.0,-45.0
1776885841.087103,4.0,0.0,-34.0
1776885841.0971026,-1.0,1.0,-34.0
1776885841.1071026,4.0,1.0,-31.0
1776885841.1171026,0.0,0.0,-30.0
1776885841.1271029,1.0,0.0,-27.0
1776885841.1371028,3.0,-3.0,-32.0
1776885841.1471028,0.0,-3.0,-36.0
1776885841.1571028,1.0,-3.0,-34.0
1776885841.1671028,1.0,-2.0,-29.0
1776885841.1771028,0.0,0.0,-30.0
1776885841.1871028,0.0,1.0,-30.0
1776885841.1971028,0.0,6.0,-39.0
1776885841.2071028,-5.0,6.0,-49.0
1776885841.2171028,-5.0,1.0,-50.0
1776885841.2271028,-4.0,4.0,-40.0
1776885841.2371027,-3.0,4.0,-43.0
1776885841.2471027,0.0,3.0,-45.0
1776885841.2571027,4.0,1.0,-40.0
1776885841.2671027,5.0,-3.0,-45.0
1776885841.2771027,5.0,-1.0,-49.0
1776885841.2871027,2.0,-3.0,-43.0
1776885841.2971027,3.0,-3.0,-42.0
1776885841.307103,3.0,-4.0,-47.0
1776885841.317103,5.0,-3.0,-47.0
1776885841.327103,7.0,-3.0,-47.0
1776885841.337103,2.0,-2.0,-44.0
1776885841.3471026,3.0,-2.0,-45.0
1776885841.3571026,1.0,-2.0,-42.0
1776885841.3671026,0.0,-1.0,-46.0
1776885841.3771029,0.0,0.0,-43.0
1776885841.3871028,0.0,0.0,-46.0
1776885841.3971028,0.0,1.0,-46.0
1776885841.4071028,3.0,5.0,-41.0
1776885841.4171028,4.0,1.0,-42.0
1776885841.4271028,4.0,4.0,-40.0
1776885841.4371028,6.0,2.0,-41.0
1776885841.4471028,5.0,0.0,-45.0
1776885841.4571028,6.0,-5.0,-42.0
1776885841.4671028,6.0,-4.0,-41.0
1776885841.4771028,4.0,-6.0,-40.0
1776885841.4871027,4.0,-5.0,-38.0
1776885841.4971027,-1.0,-4.0,-46.0
1776885841.5071027,6.0,-7.0,-46.0
1776885841.5171027,7.0,-3.0,-44.0
1776885841.5271027,6.0,-1.0,-43.0
1776885841.5371027,8.0,0.0,-49.0
1776885841.5471027,8.0,2.0,-50.0
1776885841.557103,1.0,0.0,-47.0
1776885841.567103,9.0,3.0,-41.0
1776885841.577103,2.0,1.0,-38.0
1776885841.587103,3.0,4.0,-38.0
1776885841.5971026,1.0,2.0,-32.0
1776885841.6071026,-1.0,0.0,-40.0
1776885841.6171026,-1.0,-2.0,-42.0
1776885841.6271029,-3.0,-4.0,-38.0
1776885841.6371028,-2.0,-4.0,-36.0
1776885841.6471028,-3.0,-6.0,-43.0
1776885841.6571028,-3.0,-3.0,-42.0
1776885841.6671028,-4.0,-4.0,-44.0
1776885841.6771028,-4.0,-2.0,-44.0
1776885841.6871028,-2.0,-2.0,-47.0
1776885841.6981027,0.0,-2.0,-50.0
1776885841.7081027,-1.0,-6.0,-52.0
1776885841.7181027,1.0,-5.0,-54.0
1776885841.7281027,6.0,-2.0,-46.0
1776885841.738103,4.0,-1.0,-48.0
1776885841.748103,2.0,-2.0,-48.0
1776885841.758103,-3.0,0.0,-49.0
1776885841.7681026,-8.0,0.0,-46.0
1776885841.7781026,-6.0,0.0,-47.0
1776885841.7881026,-2.0,-1.0,-44.0
1776885841.7981029,0.0,-2.0,-34.0
1776885841.8081028,4.0,-4.0,-30.0
1776885841.8181028,1.0,-7.0,-31.0
1776885841.8281028,1.0,-5.0,-34.0
1776885841.8381028,0.0,-4.0,-36.0
1776885841.8481028,-1.0,-3.0,-33.0
1776885841.8581028,-1.0,-6.0,-32.0
1776885841.8681028,2.0,-5.0,-37.0
1776885841.8781028,0.0,-6.0,-40.0
1776885841.8881028,-3.0,-3.0,-38.0
1776885841.8981028,-4.0,0.0,-42.0
1776885841.9081028,-2.0,-2.0,-39.0
1776885841.9181027,-4.0,-1.0,-36.0
1776885841.9281027,-7.0,0.0,-37.0
1776885841.9381027,-4.0,-2.0,-33.0
1776885841.9481027,-5.0,0.0,-42.0
1776885841.9581027,-5.0,-2.0,-45.0
1776885841.9681027,-5.0,-5.0,-42.0
1776885841.9781027,-5.0,-5.0,-38.0
1776885841.988103,-2.0,-2.0,-40.0
1776885841.998103,-3.0,-2.0,-38.0
1776885842.008103,1.0,-6.0,-37.0
1776885842.0181026,3.0,-8.0,-39.0
1776885842.0281026,-1.0,-5.0,-41.0
1776885842.0381026,-4.0,-5.0,-31.0
1776885842.0481029,-4.0,-8.0,-30.0
1776885842.0581028,-5.0,-10.0,-33.0
1776885842.0681028,0.0,-10.0,-38.0
1776885842.0781028,-5.0,-9.0,-38.0
1776885842.0881028,-5.0,-5.0,-45.0
1776885842.0981028,-5.0,0.0,-47.0
1776885842.1081028,-6.0,-2.0,-46.0
1776885842.1181028,-7.0,-2.0,-43.0
1776885842.1281028,-4.0,-1.0,-46.0
1776885842.1381028,0.0,-5.0,-40.0
1776885842.1481028,-1.0,-2.0,-43.0
1776885842.1581028,0.0,-4.0,-43.0
1776885842.1681027,-4.0,-2.0,-34.0
1776885842.1781027,-5.0,-3.0,-36.0
1776885842.1881027,-4.0,-4.0,-45.0
1776885842.1981027,0.0,-2.0,-52.0
1776885842.2081027,3.0,-4.0,-49.0
1776885842.2181027,4.0,-4.0,-49.0
1776885842.2281027,2.0,-8.0,-42.0
1776885842.238103,0.0,-8.0,-39.0
1776885842.248103,7.0,-9.0,-39.0
1776885842.258103,11.0,-10.0,-38.0
1776885842.2681026,7.0,-10.0,-43.0
1776885842.2781026,5.0,-9.0,-45.0
1776885842.2881026,5.0,-6.0,-38.0
1776885842.2981029,6.0,-6.0,-42.0
1776885842.3081028,6.0,-8.0,-45.0
1776885842.3181028,2.0,-7.0,-45.0
1776885842.3281028,2.0,-4.0,-42.0
1776885842.3381028,-1.0,-3.0,-47.0
1776885842.3481028,0.0,-3.0,-43.0
1776885842.3581028,0.0,-6.0,-35.0
1776885842.3681028,-3.0,-2.0,-40.0
1776885842.3781028,-3.0,0.0,-34.0
1776885842.3881028,-2.0,0.0,-38.0
1776885842.3981028,0.0,-3.0,-39.0
1776885842.4081028,1.0,-1.0,-40.0
1776885842.4181027,-1.0,-1.0,-43.0
1776885842.4281027,-3.0,-3.0,-42.0
1776885842.4381027,-1.0,-3.0,-41.0
1776885842.4481027,1.0,-3.0,-44.0
1776885842.4581027,1.0,2.0,-38.0
1776885842.4681027,0.0,2.0,-39.0
1776885842.4781027,1.0,-2.0,-40.0
1776885842.488103,0.0,-5.0,-32.0
1776885842.498103,0.0,-6.0,-33.0
1776885842.508103,0.0,-7.0,-34.0
1776885842.5181026,-7.0,-4.0,-30.0
1776885842.5281026,-7.0,0.0,-39.0
1776885842.5381026,-9.0,-1.0,-38.0
1776885842.5481029,-10.0,2.0,-36.0
1776885842.5581028,-5.0,0.0,-42.0
1776885842.5681028,-1.0,0.0,-42.0
1776885842.5781028,-3.0,1.0,-45.0
1776885842.5881028,-4.0,0.0,-42.0
1776885842.5981028,-7.0,0.0,-40.0
1776885842.6081028,0.0,2.0,-41.0
1776885842.6181028,1.0,0.0,-34.0
1776885842.6281028,0.0,-2.0,-40.0
1776885842.6381028,0.0,-4.0,-42.0
1776885842.6481028,-4.0,-6.0,-47.0
1776885842.6581028,-8.0,-6.0,-46.0
1776885842.6681027,-10.0,-7.0,-41.0
1776885842.6781027,-5.0,-10.0,-43.0
1776885842.6881027,-2.0,-7.0,-49.0
1776885842.6981027,-2.0,-8.0,-43.0
1776885842.7081027,0.0,-10.0,-35.0
1776885842.7181027,0.0,-6.0,-33.0
1776885842.7281027,4.0,-3.0,-30.0
1776885842.738103,2.0,-5.0,-31.0
1776885842.748103,0.0,-5.0,-30.0
1776885842.758103,0.0,-6.0,-29.0
1776885842.7681026,-2.0,-3.0,-35.0
1776885842.7781026,-6.0,-3.0,-44.0
1776885842.7881026,-8.0,-3.0,-46.0
1776885842.7981029,-10.0,-1.0,-39.0
1776885842.8081028,-5.0,0.0,-42.0
1776885842.8181028,-5.0,-2.0,-41.0
1776885842.8281028,-4.0,-6.0,-41.0
1776885842.8381028,-5.0,-1.0,-35.0
1776885842.8481028,-4.0,0.0,-37.0
1776885842.8581028,-7.0,2.0,-32.0
1776885842.8681028,-8.0,5.0,-36.0
1776885842.8781028,-7.0,1.0,-42.0
1776885842.8881028,-1.0,4.0,-38.0
1776885842.8981028,0.0,0.0,-34.0
1776885842.9081028,4.0,0.0,-30.0
1776885842.9181027,2.0,-1.0,-36.0
1776885842.9281027,0.0,0.0,-33.0
1776885842.9381027,0.0,-2.0,-34.0
1776885842.9481027,-2.0,-2.0,-33.0
1776885842.9581027,-1.0,-2.0,-24.0
1776885842.9681027,0.0,-4.0,-25.0
1776885842.9781027,0.0,-1.0,-29.0
1776885842.988103,1.0,0.0,-37.0
1776885842.998103,0.0,-2.0,-41.0
1776885843.008103,3.0,0.0,-35.0
1776885843.0181026,6.0,-2.0,-39.0
1776885843.0281026,9.0,-3.0,-43.0
1776885843.0381026,6.0,-5.0,-39.0
1776885843.0481029,7.0,-6.0,-39.0
1776885843.0581028,3.0,-5.0,-36.0
1776885843.0681028,-2.0,-4.0,-33.0
1776885843.0781028,-1.0,-5.0,-40.0
1776885843.0881028,-1.0,-7.0,-37.0
1776885843.0981028,-1.0,-5.0,-37.0
1776885843.1081028,4.0,-7.0,-42.0
1776885843.1181028,8.0,-5.0,-43.0
1776885843.1281028,7.0,-5.0,-43.0
1776885843.1381028,0.0,-2.0,-38.0
1776885843.1481028,-3.0,3.0,-32.0
1776885843.1581028,0.0,0.0,-38.0
1776885843.1681027,0.0,-1.0,-43.0
1776885843.1781027,-2.0,0.0,-40.0
1776885843.1881027,-1.0,-2.0,-37.0
1776885843.1981027,-2.0,-6.0,-36.0
1776885843.2081027,-1.0,-7.0,-33.0
1776885843.2181027,0.0,-4.0,-35.0
1776885843.2281027,0.0,-1.0,-36.0
1776885843.238103,-1.0,-2.0,-36.0
1776885843.248103,0.0,-1.0,-36.0
1776885843.258103,0.0,1.0,-36.0
1776885843.2681026,-5.0,0.0,-42.0
1776885843.2781026,-4.0,-2.0,-48.0
1776885843.2881026,-3.0,-3.0,-46.0
1776885843.2981029,1.0,-4.0,-45.0
1776885843.3081028,3.0,-4.0,-46.0
1776885843.3181028,2.0,-3.0,-45.0
1776885843.3281028,4.0,-2.0,-41.0
1776885843.3381028,-2.0,-4.0,-42.0
1776885843.3481028,-3.0,-6.0,-45.0
1776885843.3581028,-2.0,-5.0,-37.0
1776885843.3681028,-1.0,-3.0,-36.0
1776885843.3781028,-3.0,-6.0,-37.0
1776885843.3881028,-4.0,-5.0,-37.0
1776885843.3981028,-1.0,-2.0,-36.0
1776885843.4081028,0.0,-5.0,-39.0
1776885843.4181027,-2.0,-7.0,-35.0
1776885843.4281027,-5.0,-7.0,-40.0
1776885843.4381027,-7.0,-4.0,-38.0
1776885843.4481027,-10.0,-3.0,-37.0
1776885843.4581027,-9.0,-3.0,-34.0
1776885843.4681027,-9.0,0.0,-39.0
1776885843.4781027,-9.0,-1.0,-44.0
1776885843.488103,-8.0,0.0,-39.0
1776885843.498103,-1.0,0.0,-37.0
1776885843.508103,0.0,-4.0,-31.0
1776885843.5181026,-2.0,-6.0,-36.0
1776885843.5281026,-2.0,-7.0,-38.0
1776885843.5381026,0.0,-6.0,-36.0
1776885843.5481029,0.0,-3.0,-38.0
1776885843.5591028,-2.0,0.0,-37.0
1776885843.5681028,2.0,0.0,-34.0
1776885843.5781028,0.0,2.0,-33.0
1776885843.5881028,3.0,1.0,-38.0
1776885843.5981028,3.0,3.0,-45.0
1776885843.6081028,2.0,5.0,-42.0
1776885843.6181028,3.0,7.0,-42.0
1776885843.6281028,8.0,3.0,-38.0
1776885843.6381028,6.0,2.0,-32.0
1776885843.6481028,3.0,3.0,-28.0
1776885843.6581028,4.0,6.0,-32.0
1776885843.6681027,2.0,4.0,-40.0
1776885843.6781027,5.0,0.0,-43.0
1776885843.6891026,7.0,0.0,-40.0
1776885843.6991026,3.0,0.0,-39.0
1776885843.7091026,4.0,0.0,-37.0
1776885843.7191026,0.0,-1.0,-42.0
1776885843.7281027,-2.0,0.0,-44.0
1776885843.7391028,-2.0,0.0,-45.0
1776885843.7491028,-1.0,3.0,-39.0
1776885843.7591028,-3.0,4.0,-37.0
1776885843.7691028,-2.0,3.0,-32.0
1776885843.7791028,0.0,0.0,-39.0
1776885843.7891028,-2.0,-1.0,-40.0
1776885843.7991028,-3.0,-2.0,-38.0
1776885843.8091028,-2.0,-3.0,-34.0
1776885843.8191028,-1.0,-3.0,-34.0
1776885843.8291028,0.0,-1.0,-30.0
1776885843.8391027,1.0,-1.0,-31.0
1776885843.8491027,-1.0,0.0,-32.0
1776885843.8591027,0.0,-5.0,-36.0
1776885843.8691027,3.0,-7.0,-40.0
1776885843.8791027,2.0,-8.0,-43.0
1776885843.8891027,3.0,-8.0,-49.0
1776885843.8991027,6.0,-8.0,-47.0
1776885843.909103,2.0,-4.0,-38.0
1776885843.919103,1.0,0.0,-39.0
1776885843.929103,1.0,3.0,-40.0
1776885843.9391026,1.0,2.0,-44.0
1776885843.9491026,0.0,0.0,-53.0
1776885843.9591026,2.0,0.0,-51.0
1776885843.9691026,3.0,-2.0,-44.0
1776885843.9791028,2.0,-4.0,-37.0
1776885843.9891028,0.0,-5.0,-44.0
1776885843.9991028,2.0,-5.0,-41.0
1776885844.0091028,1.0,-5.0,-42.0
1776885844.0191028,4.0,-3.0,-44.0
1776885844.0291028,2.0,-7.0,-41.0
1776885844.0391028,-1.0,-3.0,-41.0
1776885844.0491028,-6.0,-2.0,-47.0
1776885844.0591028,0.0,0.0,-48.0
1776885844.0691028,-2.0,-1.0,-48.0
1776885844.0791028,-2.0,-3.0,-42.0
1776885844.0891027,-2.0,-3.0,-43.0
1776885844.0991027,0.0,-5.0,-42.0
1776885844.1091027,-1.0,-5.0,-44.0
1776885844.1191027,-3.0,-6.0,-42.0
1776885844.1291027,-3.0,-4.0,-36.0
1776885844.1391027,-2.0,-2.0,-36.0
1776885844.1491027,-3.0,0.0,-37.0
1776885844.159103,-5.0,0.0,-38.0
1776885844.169103,0.0,-1.0,-44.0
1776885844.179103,-3.0,0.0,-48.0
1776885844.1891026,-5.0,-2.0,-50.0
1776885844.1991026,-2.0,-2.0,-48.0
1776885844.2091026,-1.0,0.0,-37.0
1776885844.2191026,-2.0,0.0,-42.0
1776885844.2291028,-5.0,3.0,-45.0
1776885844.2391028,-6.0,0.0,-38.0
1776885844.2491028,-7.0,1.0,-35.0
1776885844.2591028,-7.0,0.0,-37.0
1776885844.2691028,-4.0,-1.0,-39.0
1776885844.2791028,-2.0,-2.0,-40.0
1776885844.2891028,0.0,-6.0,-52.0
1776885844.2991028,1.0,-4.0,-52.0
1776885844.3091028,0.0,-4.0,-52.0
1776885844.3191028,-3.0,-7.0,-47.0
1776885844.3291028,0.0,-1.0,-48.0
1776885844.3391027,0.0,1.0,-49.0
1776885844.3491027,-1.0,0.0,-47.0
1776885844.3591027,0.0,2.0,-43.0
1776885844.3691027,-7.0,-5.0,-44.0
1776885844.3791027,-8.0,-8.0,-36.0
1776885844.3891027,-4.0,-5.0,-33.0
1776885844.3991027,-4.0,-3.0,-43.0
1776885844.409103,-1.0,-2.0,-42.0
1776885844.419103,0.0,-7.0,-38.0
1776885844.429103,0.0,0.0,-37.0
1776885844.4391026,0.0,-2.0,-38.0
1776885844.4491026,-5.0,-6.0,-35.0
1776885844.4591026,-3.0,-7.0,-34.0
1776885844.4691026,-6.0,-3.0,-31.0
1776885844.4791028,-5.0,-1.0,-35.0
1776885844.4891028,-3.0,0.0,-36.0
1776885844.4991028,-1.0,3.0,-42.0
1776885844.5091028,-4.0,6.0,-44.0
1776885844.5191028,-2.0,3.0,-42.0
1776885844.5291028,-1.0,-4.0,-43.0
1776885844.5391028,-2.0,-6.0,-39.0
1776885844.5491028,-2.0,-5.0,-35.0
1776885844.5591028,-4.0,-5.0,-38.0
1776885844.5691028,-8.0,-4.0,-36.0
1776885844.5791028,-5.0,-8.0,-39.0
1776885844.5891027,-3.0,-9.0,-40.0
1776885844.5991027,-5.0,-9.0,-36.0
1776885844.6091027,-5.0,-7.0,-38.0
1776885844.6191027,-4.0,-5.0,-40.0
1776885844.6291027,-6.0,-1.0,-43.0
1776885844.6391027,-5.0,-1.0,-39.0
1776885844.6491027,0.0,1.0,-35.0
1776885844.659103,-1.0,3.0,-38.0
1776885844.669103,3.0,2.0,-36.0
1776885844.679103,5.0,6.0,-34.0
1776885844.6891026,0.0,5.0,-24.0
1776885844.6991026,0.0,0.0,-28.0
1776885844.7091026,4.0,0.0,-34.0
1776885844.7191026,5.0,-1.0,-33.0
1776885844.7291028,3.0,0.0,-36.0
1776885844.7391028,2.0,0.0,-35.0
1776885844.7491028,-2.0,-4.0,-34.0
1776885844.7591028,-2.0,-3.0,-37.0
1776885844.7691028,-2.0,-2.0,-36.0
1776885844.7791028,0.0,-5.0,-31.0
1776885844.7891028,0.0,-7.0,-29.0
1776885844.7991028,-3.0,-3.0,-29.0
1776885844.8091028,0.0,-2.0,-25.0
1776885844.8191028,3.0,0.0,-26.0
1776885844.8291028,0.0,0.0,-30.0
1776885844.8391027,-1.0,1.0,-33.0
1776885844.8491027,1.0,2.0,-31.0
1776885844.8591027,0.0,3.0,-27.0
1776885844.8691027,-2.0,0.0,-21.0
1776885844.8791027,-4.0,-4.0,-33.0
1776885844.8891027,-4.0,-2.0,-40.0
1776885844.8991027,-6.0,-3.0,-39.0
1776885844.909103,-6.0,-3.0,-43.0
1776885844.919103,-4.0,-3.0,-39.0
1776885844.929103,-4.0,0.0,-46.0
1776885844.9391026,0.0,0.0,-47.0
1776885844.9491026,1.0,-1.0,-45.0
1776885844.9591026,3.0,0.0,-45.0
1776885844.9691026,2.0,0.0,-45.0
1776885844.9791028,0.0,3.0,-47.0
1776885844.9891028,-1.0,0.0,-45.0
1776885844.9991028,1.0,-3.0,-40.0
1776885845.0091028,0.0,-3.0,-38.0
1776885845.0191028,1.0,-4.0,-36.0
1776885845.0291028,-2.0,-4.0,-37.0
1776885845.0391028,-3.0,-6.0,-32.0
1776885845.0491028,-5.0,-6.0,-27.0
1776885845.0591028,-5.0,-6.0,-27.0
1776885845.0691028,-4.0,-6.0,-32.0
1776885845.0791028,-5.0,-2.0,-40.0
1776885845.0891027,-1.0,-2.0,-41.0
1776885845.0991027,-1.0,-3.0,-37.0
1776885845.1091027,0.0,-3.0,-37.0
1776885845.1191027,-1.0,-2.0,-37.0
1776885845.1291027,1.0,0.0,-38.0
1776885845.1391027,-2.0,0.0,-43.0
1776885845.1491027,-3.0,-1.0,-49.0
1776885845.159103,-8.0,-3.0,-50.0
1776885845.169103,-10.0,-3.0,-43.0
1776885845.179103,-6.0,-2.0,-43.0
1776885845.1891026,-3.0,0.0,-37.0
1776885845.1991026,-2.0,0.0,-35.0
1776885845.2091026,0.0,-5.0,-35.0
1776885845.2191026,-2.0,-4.0,-42.0
1776885845.2291028,-2.0,-2.0,-44.0
1776885845.2391028,0.0,-3.0,-39.0
1776885845.2491028,5.0,-1.0,-41.0
1776885845.2591028,8.0,1.0,-42.0
1776885845.2691028,4.0,0.0,-40.0
1776885845.2791028,1.0,0.0,-41.0
1776885845.2891028,3.0,0.0,-43.0
1776885845.2991028,4.0,0.0,-38.0
1776885845.3091028,2.0,0.0,-40.0
1776885845.3191028,0.0,0.0,-42.0
1776885845.3291028,-5.0,-2.0,-39.0
1776885845.3391027,-4.0,-3.0,-37.0
1776885845.3491027,-3.0,-3.0,-42.0
1776885845.3591027,-4.0,-6.0,-37.0
1776885845.3691027,2.0,-5.0,-34.0
1776885845.3791027,4.0,-1.0,-42.0
1776885845.3891027,4.0,-3.0,-47.0
1776885845.3991027,0.0,-4.0,-41.0
1776885845.409103,-1.0,-2.0,-43.0
1776885845.419103,0.0,-2.0,-38.0
1776885845.429103,-3.0,-7.0,-34.0
1776885845.4391026,-4.0,-10.0,-29.0
1776885845.4491026,2.0,-9.0,-32.0
1776885845.4591026,0.0,-7.0,-36.0
1776885845.4691026,3.0,-6.0,-39.0
1776885845.4791028,3.0,-7.0,-44.0
1776885845.4891028,0.0,-8.0,-51.0
1776885845.4991028,-1.0,-7.0,-52.0
1776885845.5091028,-4.0,-2.0,-57.0
1776885845.5191028,-5.0,-1.0,-54.0
1776885845.5291028,-2.0,-6.0,-52.0
1776885845.5391028,-1.0,-10.0,-48.0
1776885845.5491028,-3.0,-6.0,-45.0
1776885845.5591028,-5.0,-5.0,-48.0
1776885845.5691028,-4.0,-6.0,-51.0
1776885845.5791028,-9.0,-8.0,-50.0
1776885845.5891027,-7.0,-7.0,-42.0
1776885845.5991027,-7.0,-8.0,-45.0
1776885845.6091027,-3.0,-9.0,-49.0
1776885845.6191027,-1.0,-5.0,-48.0
1776885845.6291027,-3.0,-1.0,-41.0
1776885845.6391027,4.0,-5.0,-38.0
1776885845.6491027,4.0,-5.0,-33.0
1776885845.659103,-2.0,-7.0,-34.0
1776885845.669103,-7.0,-3.0,-29.0
1776885845.6801028,-5.0,-5.0,-30.0
1776885845.6901028,-4.0,-5.0,-35.0
1776885845.7001028,-5.0,-8.0,-38.0
1776885845.7101028,-5.0,-6.0,-35.0
1776885845.7191026,0.0,-6.0,-41.0
1776885845.7301028,1.0,-2.0,-34.0
1776885845.7401028,-2.0,-1.0,-34.0
1776885845.7501028,-8.0,-1.0,-28.0
1776885845.7601027,-4.0,0.0,-34.0
1776885845.7701027,-3.0,-1.0,-35.0
1776885845.7801027,-3.0,0.0,-39.0
1776885845.7901027,4.0,0.0,-40.0
1776885845.8001027,7.0,-2.0,-42.0
1776885845.8101027,7.0,-3.0,-49.0
1776885845.8191028,2.0,-1.0,-49.0
1776885845.8301027,-2.0,0.0,-48.0
1776885845.840103,0.0,-3.0,-45.0
1776885845.850103,2.0,-1.0,-42.0
1776885845.860103,-1.0,-2.0,-42.0
1776885845.8701026,-1.0,-4.0,-44.0
1776885845.8801026,0.0,1.0,-45.0
1776885845.8901026,2.0,0.0,-49.0
1776885845.9001029,6.0,-2.0,-51.0
1776885845.9101028,9.0,0.0,-46.0
1776885845.9201028,4.0,0.0,-43.0
1776885845.9301028,1.0,0.0,-42.0
1776885845.9401028,2.0,2.0,-43.0
1776885845.9501028,3.0,2.0,-45.0
1776885845.9601028,1.0,5.0,-43.0
1776885845.9701028,0.0,3.0,-54.0
1776885845.9801028,3.0,0.0,-53.0
1776885845.9901028,1.0,0.0,-57.0
1776885846.0001028,0.0,1.0,-56.0
1776885846.0101027,-6.0,2.0,-56.0
1776885846.0201027,-5.0,2.0,-52.0
1776885846.0301027,-5.0,5.0,-46.0
1776885846.0401027,-4.0,7.0,-43.0
1776885846.0501027,-5.0,4.0,-40.0
1776885846.0601027,-6.0,0.0,-40.0
1776885846.0701027,-7.0,-5.0,-33.0
1776885846.0801027,-8.0,-3.0,-26.0
1776885846.090103,-6.0,-3.0,-33.0
1776885846.100103,-1.0,-6.0,-38.0
1776885846.110103,0.0,0.0,-42.0
1776885846.1201026,-3.0,0.0,-39.0
1776885846.1301026,-4.0,4.0,-43.0
1776885846.1401026,0.0,3.0,-41.0
1776885846.1501029,4.0,0.0,-37.0
1776885846.1601028,3.0,0.0,-40.0
1776885846.1701028,3.0,-2.0,-36.0
1776885846.1801028,5.0,-2.0,-36.0
1776885846.1901028,9.0,-2.0,-38.0
1776885846.2001028,6.0,-1.0,-40.0
1776885846.2101028,1.0,0.0,-44.0
1776885846.2201028,0.0,-3.0,-49.0
1776885846.2301028,-1.0,-2.0,-52.0
1776885846.2401028,0.0,-1.0,-53.0
1776885846.2501028,1.0,-1.0,-52.0
1776885846.2601027,1.0,0.0,-56.0
1776885846.2701027,0.0,2.0,-53.0
1776885846.2801027,0.0,3.0,-50.0
1776885846.2901027,0.0,2.0,-44.0
1776885846.3001027,4.0,2.0,-52.0
1776885846.3101027,4.0,-1.0,-52.0
1776885846.3201027,4.0,-2.0,-52.0
1776885846.3301027,-3.0,-4.0,-57.0
1776885846.340103,-6.0,-4.0,-59.0
1776885846.350103,-6.0,0.0,-60.0
1776885846.360103,-9.0,0.0,-55.0
1776885846.3701026,-6.0,-2.0,-49.0
1776885846.3801026,-1.0,1.0,-53.0
1776885846.3901026,1.0,0.0,-50.0
1776885846.4001029,-2.0,0.0,-35.0
1776885846.4101028,-2.0,-1.0,-31.0
1776885846.4201028,0.0,-1.0,-33.0
1776885846.4301028,5.0,1.0,-35.0
1776885846.4401028,1.0,0.0,-35.0
1776885846.4501028,3.0,-4.0,-35.0
1776885846.4601028,3.0,-3.0,-44.0
1776885846.4701028,0.0,-3.0,-46.0
1776885846.4801028,-1.0,-3.0,-49.0
1776885846.4901028,0.0,-4.0,-52.0
1776885846.5001028,3.0,-3.0,-50.0
1776885846.5101027,0.0,0.0,-50.0
1776885846.5201027,0.0,2.0,-52.0
1776885846.5301027,-6.0,7.0,-54.0
1776885846.5401027,-7.0,7.0,-51.0
1776885846.5501027,-9.0,4.0,-45.0
1776885846.5601027,-8.0,7.0,-45.0
1776885846.5701027,-7.0,5.0,-44.0
1776885846.5801027,-2.0,6.0,-44.0
1776885846.590103,1.0,5.0,-47.0
1776885846.600103,7.0,3.0,-47.0
1776885846.610103,4.0,2.0,-44.0
1776885846.6201026,3.0,0.0,-41.0
1776885846.6311028,4.0,3.0,-38.0
1776885846.6401026,3.0,0.0,-38.0
1776885846.6501029,4.0,0.0,-33.0
1776885846.6601028,0.0,0.0,-38.0
1776885846.6701028,2.0,0.0,-42.0
1776885846.6801028,1.0,-5.0,-43.0
1776885846.6901028,1.0,-5.0,-42.0
1776885846.7001028,0.0,-4.0,-45.0
1776885846.7101028,0.0,-5.0,-48.0
1776885846.7201028,4.0,-7.0,-45.0
1776885846.7301028,4.0,-1.0,-43.0
1776885846.7401028,3.0,0.0,-43.0
1776885846.7501028,2.0,0.0,-34.0
1776885846.7601027,-2.0,-5.0,-31.0
1776885846.7701027,-3.0,-4.0,-35.0
1776885846.7801027,-7.0,-2.0,-31.0
1776885846.7901027,-8.0,-2.0,-33.0
1776885846.8001027,-7.0,0.0,-34.0
1776885846.8101027,-7.0,3.0,-28.0
1776885846.8201027,-4.0,0.0,-36.0
1776885846.8301027,-3.0,-1.0,-39.0
1776885846.840103,-2.0,-3.0,-37.0
1776885846.850103,2.0,-3.0,-35.0
1776885846.860103,0.0,-2.0,-39.0
1776885846.8701026,3.0,-2.0,-38.0
1776885846.8801026,3.0,0.0,-47.0
1776885846.8901026,0.0,0.0,-54.0
1776885846.9001029,-2.0,0.0,-67.0
1776885846.9101028,-2.0,1.0,-60.0
1776885846.9201028,1.0,-2.0,-54.0
1776885846.9301028,0.0,-8.0,-53.0
1776885846.9401028,0.0,-9.0,-51.0
1776885846.9501028,0.0,-5.0,-52.0
1776885846.9601028,0.0,-2.0,-49.0
1776885846.9701028,-1.0,0.0,-38.0
1776885846.9801028,0.0,0.0,-40.0
1776885846.9901028,5.0,-1.0,-42.0
1776885847.0001028,5.0,-2.0,-42.0
1776885847.0101027,2.0,0.0,-42.0
1776885847.0201027,-6.0,1.0,-42.0
1776885847.0301027,-6.0,-2.0,-38.0
1776885847.0401027,-4.0,-2.0,-40.0
1776885847.0501027,-6.0,-1.0,-41.0
1776885847.0601027,-3.0,-2.0,-40.0
1776885847.0701027,-7.0,-3.0,-42.0
1776885847.0801027,-6.0,-3.0,-41.0
1776885847.090103,-7.0,-4.0,-42.0
1776885847.100103,-9.0,-5.0,-45.0
1776885847.110103,-2.0,-5.0,-51.0
1776885847.1201026,-5.0,-6.0,-44.0
1776885847.1301026,-4.0,-4.0,-46.0
1776885847.1401026,-5.0,-3.0,-51.0
1776885847.1501029,-7.0,-5.0,-41.0
1776885847.1601028,-7.0,-5.0,-36.0
1776885847.1701028,-2.0,-6.0,-37.0
1776885847.1801028,-7.0,-6.0,-33.0
1776885847.1901028,-7.0,-4.0,-40.0
1776885847.2001028,-7.0,-6.0,-46.0
1776885847.2101028,-5.0,-6.0,-43.0
1776885847.2201028,0.0,-8.0,-41.0
1776885847.2301028,3.0,-7.0,-35.0
1776885847.2401028,0.0,-3.0,-36.0
1776885847.2501028,4.0,-6.0,-35.0
1776885847.2601027,4.0,-3.0,-44.0
1776885847.2701027,2.0,1.0,-40.0
1776885847.2801027,-1.0,1.0,-41.0
1776885847.2901027,-2.0,1.0,-44.0
1776885847.3001027,-10.0,1.0,-45.0
1776885847.3101027,-13.0,1.0,-41.0
1776885847.3201027,-10.0,2.0,-43.0
1776885847.3301027,-7.0,6.0,-46.0
1776885847.340103,-9.0,5.0,-38.0
1776885847.350103,-11.0,6.0,-31.0
1776885847.360103,-9.0,5.0,-34.0
1776885847.3701026,-7.0,0.0,-35.0
1776885847.3801026,-9.0,0.0,-40.0
1776885847.3901026,-10.0,0.0,-35.0
1776885847.4001029,-8.0,3.0,-34.0
1776885847.4101028,-8.0,1.0,-31.0
1776885847.4201028,-1.0,-2.0,-28.0
1776885847.4301028,1.0,1.0,-31.0
1776885847.4401028,-2.0,-3.0,-31.0
1776885847.4501028,-7.0,-3.0,-25.0
1776885847.4601028,-6.0,-3.0,-20.0
1776885847.4701028,0.0,-9.0,-22.0
1776885847.4801028,1.0,-8.0,-30.0
1776885847.4901028,-2.0,-7.0,-44.0
1776885847.5001028,-4.0,-3.0,-47.0
1776885847.5101027,-5.0,-4.0,-40.0
1776885847.5201027,-6.0,0.0,-41.0
1776885847.5301027,-7.0,0.0,-38.0
1776885847.5401027,-4.0,0.0,-34.0
1776885847.5501027,-4.0,-2.0,-31.0
1776885847.5601027,-4.0,-1.0,-33.0
1776885847.5701027,-2.0,-5.0,-38.0
1776885847.5801027,2.0,-8.0,-39.0
1776885847.590103,0.0,-4.0,-40.0
1776885847.600103,-2.0,-3.0,-39.0
1776885847.610103,0.0,-5.0,-39.0
1776885847.6201026,-1.0,0.0,-38.0
1776885847.6301026,-3.0,-3.0,-38.0
1776885847.6401026,0.0,-4.0,-37.0
1776885847.6511028,-1.0,-3.0,-35.0
1776885847.6611028,-1.0,-7.0,-38.0
1776885847.6701028,0.0,-4.0,-39.0
1776885847.6811028,2.0,-4.0,-40.0
1776885847.6911027,0.0,-4.0,-34.0
1776885847.7011027,0.0,-3.0,-27.0
1776885847.7111027,0.0,-3.0,-34.0
1776885847.7211027,4.0,-2.0,-37.0
1776885847.7311027,5.0,0.0,-39.0
1776885847.7411027,6.0,1.0,-37.0
1776885847.7511027,5.0,0.0,-34.0
1776885847.761103,7.0,0.0,-31.0
1776885847.771103,1.0,-7.0,-37.0
1776885847.781103,3.0,-8.0,-35.0
1776885847.7911026,3.0,-3.0,-30.0
1776885847.8011026,1.0,-3.0,-34.0
1776885847.8111026,5.0,0.0,-39.0
1776885847.8211029,6.0,-1.0,-38.0
1776885847.8311028,6.0,-4.0,-41.0
1776885847.8411028,5.0,-5.0,-40.0
1776885847.8511028,7.0,-1.0,-40.0
1776885847.8611028,0.0,-2.0,-42.0
1776885847.8711028,-5.0,0.0,-44.0
1776885847.8811028,-1.0,0.0,-48.0
1776885847.8911028,-1.0,-2.0,-46.0
1776885847.9011028,-4.0,-2.0,-49.0
1776885847.9111028,-2.0,0.0,-39.0
1776885847.9211028,-3.0,4.0,-39.0
1776885847.9311028,1.0,2.0,-38.0
1776885847.9411027,2.0,0.0,-37.0
1776885847.9511027,7.0,-2.0,-37.0
1776885847.9611027,5.0,0.0,-36.0
1776885847.9711027,2.0,1.0,-36.0
1776885847.9811027,8.0,0.0,-38.0
1776885847.9911027,5.0,-1.0,-39.0
1776885848.0011027,7.0,-4.0,-42.0
1776885848.011103,5.0,0.0,-37.0
1776885848.021103,9.0,-1.0,-33.0
1776885848.031103,9.0,-1.0,-31.0
1776885848.0411026,9.0,-5.0,-41.0
1776885848.0511026,10.0,-5.0,-42.0
1776885848.0611026,12.0,-4.0,-38.0
1776885848.0711029,10.0,-5.0,-43.0
1776885848.0811028,9.0,-5.0,-44.0
1776885848.0911028,7.0,-5.0,-50.0
1776885848.1011028,5.0,-6.0,-51.0
1776885848.1111028,1.0,-6.0,-44.0
1776885848.1211028,-1.0,-4.0,-45.0
1776885848.1311028,-3.0,-3.0,-49.0
1776885848.1411028,1.0,-4.0,-51.0
1776885848.1511028,-1.0,-5.0,-54.0
1776885848.1611028,-1.0,-5.0,-48.0
1776885848.1711028,-2.0,-4.0,-47.0
1776885848.1811028,-5.0,-3.0,-45.0
1776885848.1911027,-3.0,-5.0,-42.0
1776885848.2011027,-2.0,-6.0,-41.0
1776885848.2111027,-2.0,-2.0,-45.0
1776885848.2211027,0.0,-2.0,-45.0
1776885848.2311027,-1.0,-5.0,-44.0
1776885848.2411027,-4.0,-5.0,-42.0
1776885848.2511027,0.0,-3.0,-41.0
1776885848.261103,0.0,-6.0,-39.0
1776885848.271103,-5.0,-2.0,-45.0
1776885848.281103,-5.0,2.0,-46.0
1776885848.2911026,0.0,4.0,-53.0
1776885848.3011026,1.0,7.0,-50.0
1776885848.3111026,-1.0,2.0,-46.0
1776885848.3211029,-1.0,0.0,-46.0
1776885848.3311028,0.0,0.0,-49.0
1776885848.3411028,0.0,0.0,-49.0
1776885848.3511028,-1.0,-3.0,-55.0
1776885848.3611028,-3.0,0.0,-52.0
1776885848.3711028,-1.0,-4.0,-44.0
1776885848.3811028,-2.0,-4.0,-52.0
1776885848.3911028,-3.0,-3.0,-48.0
1776885848.4011028,1.0,0.0,-43.0
1776885848.4111028,1.0,-2.0,-43.0
1776885848.4211028,-2.0,0.0,-42.0
1776885848.4311028,-1.0,0.0,-40.0
1776885848.4411027,0.0,0.0,-37.0
1776885848.4511027,2.0,-1.0,-39.0
1776885848.4611027,2.0,-1.0,-39.0
1776885848.4711027,6.0,1.0,-41.0
1776885848.4811027,7.0,-1.0,-39.0
1776885848.4911027,4.0,0.0,-36.0
1776885848.5011027,2.0,1.0,-39.0
1776885848.511103,9.0,1.0,-30.0
1776885848.521103,6.0,1.0,-30.0
1776885848.531103,5.0,1.0,-36.0
1776885848.5411026,3.0,4.0,-35.0
1776885848.5511026,1.0,5.0,-32.0
1776885848.5611026,-2.0,1.0,-39.0
1776885848.5711029,-4.0,2.0,-38.0
1776885848.5811028,-2.0,0.0,-41.0
1776885848.5911028,-1.0,5.0,-34.0
1776885848.6011028,-3.0,-4.0,-37.0
1776885848.6111028,-2.0,-7.0,-34.0
1776885848.6211028,-4.0,-5.0,-35.0
1776885848.6311028,-4.0,-5.0,-38.0
1776885848.6411028,-1.0,-5.0,-43.0
1776885848.6511028,-4.0,-7.0,-36.0
1776885848.6611028,-4.0,-7.0,-33.0
1776885848.6711028,-1.0,-8.0,-37.0
1776885848.6811028,-1.0,-2.0,-39.0
1776885848.6911027,-5.0,0.0,-36.0
1776885848.7011027,-12.0,3.0,-33.0
1776885848.7111027,-11.0,3.0,-32.0
1776885848.7211027,-11.0,4.0,-34.0
1776885848.7311027,-7.0,4.0,-29.0
1776885848.7411027,-3.0,5.0,-27.0
1776885848.7511027,-1.0,6.0,-31.0
1776885848.761103,1.0,6.0,-33.0
1776885848.771103,2.0,4.0,-41.0
1776885848.781103,3.0,1.0,-42.0
1776885848.7911026,5.0,0.0,-40.0
1776885848.8011026,6.0,-4.0,-36.0
1776885848.8111026,7.0,-7.0,-36.0
1776885848.8211029,1.0,-8.0,-34.0
1776885848.8311028,-4.0,-6.0,-41.0
1776885848.8411028,-1.0,-4.0,-40.0
1776885848.8511028,-2.0,-4.0,-42.0
1776885848.8611028,-6.0,-4.0,-41.0
1776885848.8711028,-10.0,-2.0,-36.0
1776885848.8811028,1.0,-3.0,-40.0
1776885848.8911028,-4.0,-4.0,-42.0
1776885848.9011028,2.0,-4.0,-41.0
1776885848.9111028,0.0,-8.0,-38.0
1776885848.9211028,-1.0,-4.0,-32.0
1776885848.9311028,-5.0,-4.0,-37.0
1776885848.9411027,-6.0,0.0,-38.0
1776885848.9511027,-13.0,2.0,-35.0
1776885848.9611027,-10.0,-2.0,-33.0
1776885848.9711027,-5.0,-3.0,-35.0
1776885848.9811027,-2.0,-3.0,-41.0
1776885848.9911027,-1.0,-1.0,-45.0
1776885849.0011027,-3.0,1.0,-41.0
1776885849.011103,-5.0,-2.0,-40.0
1776885849.021103,-1.0,-3.0,-39.0
1776885849.031103,0.0,-3.0,-45.0
1776885849.0411026,-1.0,-1.0,-40.0
1776885849.0511026,2.0,0.0,-41.0
1776885849.0611026,4.0,0.0,-43.0
1776885849.0711029,-3.0,2.0,-41.0
1776885849.0811028,-5.0,4.0,-39.0
1776885849.0911028,-8.0,1.0,-40.0
1776885849.1011028,-8.0,4.0,-36.0
1776885849.1111028,-6.0,6.0,-30.0
1776885849.1211028,-8.0,7.0,-28.0
1776885849.1311028,-3.0,3.0,-25.0
1776885849.1411028,-4.0,3.0,-26.0
1776885849.1511028,-2.0,-1.0,-23.0
1776885849.1611028,4.0,0.0,-27.0
1776885849.1711028,4.0,-3.0,-34.0
1776885849.1811028,3.0,0.0,-38.0
1776885849.1911027,1.0,-1.0,-39.0
1776885849.2011027,0.0,2.0,-35.0
1776885849.2111027,-1.0,5.0,-31.0
1776885849.2211027,0.0,3.0,-28.0
1776885849.2311027,-2.0,0.0,-34.0
1776885849.2411027,-2.0,-2.0,-38.0
1776885849.2511027,-1.0,0.0,-41.0
1776885849.261103,1.0,-3.0,-49.0
1776885849.271103,-1.0,-3.0,-46.0
1776885849.281103,0.0,-3.0,-46.0
1776885849.2911026,2.0,-6.0,-45.0
1776885849.3011026,2.0,-5.0,-47.0
1776885849.3111026,-2.0,-5.0,-43.0
1776885849.3211029,0.0,-4.0,-33.0
1776885849.3311028,-6.0,-5.0,-33.0
1776885849.3411028,-8.0,-6.0,-38.0
1776885849.3511028,-5.0,-2.0,-39.0
1776885849.3611028,0.0,-4.0,-35.0
1776885849.3711028,-1.0,-4.0,-34.0
1776885849.3811028,-6.0,-3.0,-41.0
1776885849.3911028,-3.0,-7.0,-46.0
1776885849.4011028,-6.0,-6.0,-41.0
1776885849.4111028,-3.0,-2.0,-45.0
1776885849.4211028,-2.0,-5.0,-45.0
1776885849.4311028,-1.0,-6.0,-44.0
1776885849.4411027,-1.0,-3.0,-45.0
1776885849.4511027,1.0,-4.0,-44.0
1776885849.4611027,1.0,-7.0,-45.0
1776885849.4711027,1.0,-3.0,-41.0
1776885849.4811027,-2.0,-1.0,-38.0
1776885849.4911027,-7.0,-2.0,-44.0
1776885849.5011027,-4.0,-1.0,-43.0
1776885849.511103,-7.0,-4.0,-48.0
1776885849.521103,-3.0,-7.0,-53.0
1776885849.531103,-5.0,-11.0,-54.0
1776885849.5411026,-3.0,-9.0,-58.0
1776885849.5511026,-1.0,-8.0,-51.0
1776885849.5611026,0.0,-7.0,-44.0
1776885849.5711029,0.0,-2.0,-40.0
1776885849.5811028,-1.0,0.0,-41.0
1776885849.5911028,3.0,5.0,-38.0
1776885849.6011028,3.0,5.0,-38.0
1776885849.6111028,6.0,2.0,-39.0
1776885849.6211028,1.0,-3.0,-40.0
1776885849.6311028,2.0,-6.0,-45.0
1776885849.6411028,4.0,-7.0,-44.0
1776885849.6521027,8.0,-7.0,-41.0
1776885849.6621027,3.0,-3.0,-46.0
1776885849.6721027,3.0,0.0,-46.0
1776885849.682103,0.0,4.0,-49.0
1776885849.692103,0.0,1.0,-42.0
1776885849.702103,1.0,-1.0,-43.0
1776885849.712103,11.0,-2.0,-41.0
1776885849.7221026,5.0,0.0,-43.0
1776885849.7321026,5.0,0.0,-40.0
1776885849.7421026,2.0,0.0,-42.0
1776885849.7521029,2.0,0.0,-44.0
1776885849.7621028,4.0,-2.0,-40.0
1776885849.7721028,0.0,-3.0,-44.0
1776885849.7821028,-1.0,0.0,-38.0
1776885849.7921028,-3.0,-3.0,-34.0
1776885849.8021028,-7.0,-2.0,-38.0
1776885849.8121028,-7.0,-2.0,-41.0
1776885849.8221028,-1.0,-1.0,-45.0
1776885849.8321028,0.0,-3.0,-47.0
1776885849.8421028,-2.0,0.0,-43.0
1776885849.8521028,-2.0,0.0,-41.0
1776885849.8621027,-2.0,-2.0,-43.0
1776885849.8721027,-2.0,-2.0,-46.0
1776885849.8821027,0.0,-6.0,-52.0
1776885849.8921027,2.0,-5.0,-50.0
1776885849.9021027,2.0,-6.0,-49.0
1776885849.9121027,5.0,-6.0,-54.0
1776885849.9221027,0.0,-2.0,-49.0
1776885849.932103,0.0,-1.0,-50.0
1776885849.942103,3.0,-2.0,-47.0
1776885849.952103,4.0,-2.0,-48.0
1776885849.962103,-1.0,0.0,-45.0
1776885849.9721026,-1.0,-2.0,-49.0
1776885849.9821026,-4.0,0.0,-50.0
1776885849.9921026,-2.0,-3.0,-52.0
1776885850.0021029,-4.0,-3.0,-47.0
1776885850.0121028,-4.0,3.0,-42.0
1776885850.0221028,-6.0,6.0,-39.0
1776885850.0321028,-7.0,5.0,-38.0
1776885850.0421028,-6.0,2.0,-38.0
1776885850.0521028,-8.0,-2.0,-41.0
1776885850.0621028,-9.0,-1.0,-42.0
1776885850.0721028,-7.0,-2.0,-36.0
1776885850.0821028,-5.0,-4.0,-32.0
1776885850.0921028,-1.0,-3.0,-35.0
1776885850.1021028,0.0,-2.0,-35.0
1776885850.1121027,5.0,-1.0,-36.0
1776885850.1221027,9.0,0.0,-31.0
1776885850.1321027,6.0,1.0,-35.0
1776885850.1421027,2.0,3.0,-36.0
1776885850.1521027,0.0,3.0,-36.0
1776885850.1621027,0.0,2.0,-38.0
1776885850.1721027,0.0,-3.0,-38.0
1776885850.182103,5.0,-3.0,-37.0
1776885850.192103,6.0,-5.0,-41.0
1776885850.202103,7.0,-7.0,-39.0
1776885850.212103,2.0,-7.0,-36.0
1776885850.2221026,4.0,-1.0,-32.0
1776885850.2321026,7.0,3.0,-35.0
1776885850.2421026,4.0,2.0,-36.0
1776885850.2521029,4.0,4.0,-35.0
1776885850.2621028,2.0,4.0,-35.0
1776885850.2721028,3.0,6.0,-33.0
1776885850.2821028,0.0,6.0,-33.0
1776885850.2921028,-2.0,0.0,-30.0
1776885850.3021028,0.0,-1.0,-30.0
1776885850.3121028,-3.0,0.0,-31.0
1776885850.3221028,-1.0,1.0,-41.0
1776885850.3321028,-2.0,0.0,-40.0
1776885850.3421028,0.0,2.0,-44.0
1776885850.3521028,1.0,0.0,-51.0
1776885850.3621027,2.0,-6.0,-51.0
1776885850.3721027,0.0,-9.0,-48.0
1776885850.3821027,-2.0,-8.0,-47.0
1776885850.3921027,0.0,-13.0,-43.0
1776885850.4021027,-1.0,-9.0,-40.0
1776885850.4121027,1.0,-10.0,-44.0
1776885850.4221027,6.0,-3.0,-39.0
1776885850.432103,7.0,1.0,-36.0
1776885850.442103,8.0,-3.0,-39.0
1776885850.452103,7.0,-3.0,-41.0
1776885850.462103,4.0,-6.0,-39.0
1776885850.4721026,2.0,-7.0,-35.0
1776885850.4821026,10.0,-7.0,-35.0
1776885850.4921026,11.0,-3.0,-44.0
1776885850.5021029,8.0,0.0,-49.0
1776885850.5121028,6.0,0.0,-50.0
1776885850.5221028,6.0,0.0,-53.0
1776885850.5321028,7.0,0.0,-45.0
1776885850.5421028,8.0,0.0,-39.0
1776885850.5521028,6.0,-2.0,-38.0
1776885850.5621028,1.0,-1.0,-44.0
1776885850.5721028,0.0,1.0,-37.0
1776885850.5821028,-3.0,0.0,-37.0
1776885850.5921028,-3.0,-2.0,-42.0
1776885850.6021028,-7.0,-2.0,-45.0
1776885850.6121027,-7.0,-4.0,-41.0
1776885850.6221027,-4.0,-7.0,-44.0
1776885850.6321027,-3.0,-6.0,-47.0
1776885850.6421027,1.0,-6.0,-52.0
1776885850.6521027,5.0,-5.0,-49.0
1776885850.6621027,3.0,-5.0,-45.0
1776885850.6721027,4.0,0.0,-42.0
1776885850.682103,1.0,-1.0,-41.0
1776885850.692103,5.0,0.0,-42.0
1776885850.702103,7.0,0.0,-43.0
1776885850.712103,3.0,0.0,-46.0
1776885850.7221026,1.0,0.0,-44.0
1776885850.7321026,3.0,2.0,-39.0
1776885850.7421026,4.0,1.0,-38.0
1776885850.7521029,2.0,3.0,-37.0
1776885850.7621028,0.0,0.0,-32.0
1776885850.7721028,-1.0,2.0,-36.0
1776885850.7821028,-1.0,5.0,-35.0
1776885850.7921028,-3.0,4.0,-42.0
1776885850.8021028,-1.0,5.0,-46.0
1776885850.8121028,0.0,6.0,-41.0
1776885850.8221028,0.0,7.0,-41.0
1776885850.8321028,0.0,6.0,-39.0
1776885850.8421028,2.0,6.0,-45.0
1776885850.8521028,3.0,4.0,-46.0
1776885850.8621027,4.0,3.0,-42.0
1776885850.8721027,2.0,-1.0,-41.0
1776885850.8821027,-1.0,0.0,-37.0
1776885850.8921027,0.0,0.0,-38.0
1776885850.9021027,-2.0,-1.0,-43.0
1776885850.9121027,0.0,-3.0,-47.0
1776885850.9221027,1.0,-7.0,-41.0
1776885850.932103,0.0,-3.0,-38.0
1776885850.942103,-1.0,-3.0,-32.0
1776885850.952103,0.0,-3.0,-32.0
1776885850.962103,-2.0,-4.0,-40.0
1776885850.9721026,-3.0,-6.0,-41.0
1776885850.9821026,-2.0,-6.0,-37.0
1776885850.9921026,0.0,-6.0,-37.0
1776885851.0021029,0.0,-6.0,-40.0
1776885851.0121028,1.0,-4.0,-40.0
1776885851.0221028,-1.0,-5.0,-47.0
1776885851.0321028,-3.0,0.0,-46.0
1776885851.0421028,-5.0,0.0,-47.0
1776885851.0521028,-2.0,1.0,-47.0
1776885851.0621028,0.0,0.0,-48.0
1776885851.0721028,0.0,-2.0,-48.0
1776885851.0821028,-6.0,-2.0,-43.0
1776885851.0921028,-7.0,0.0,-39.0
1776885851.1021028,-4.0,4.0,-39.0
1776885851.1121027,-3.0,7.0,-46.0
1776885851.1221027,-6.0,3.0,-45.0
1776885851.1321027,-7.0,0.0,-41.0
1776885851.1421027,-2.0,-5.0,-39.0
1776885851.1521027,-1.0,-2.0,-41.0
1776885851.1621027,1.0,-5.0,-43.0
1776885851.1721027,-1.0,-9.0,-48.0
1776885851.182103,0.0,-5.0,-53.0
1776885851.192103,1.0,-4.0,-55.0
1776885851.202103,5.0,-9.0,-49.0
1776885851.212103,8.0,-8.0,-45.0
1776885851.2221026,7.0,-4.0,-42.0
1776885851.2321026,3.0,-7.0,-40.0
1776885851.2421026,6.0,-5.0,-39.0
1776885851.2521029,7.0,-2.0,-44.0
1776885851.2621028,9.0,1.0,-41.0
1776885851.2721028,12.0,5.0,-36.0
1776885851.2821028,10.0,11.0,-32.0
1776885851.2921028,9.0,6.0,-40.0
1776885851.3021028,6.0,3.0,-38.0
1776885851.3121028,1.0,3.0,-42.0
1776885851.3221028,-1.0,2.0,-42.0
1776885851.3321028,2.0,2.0,-46.0
1776885851.3421028,1.0,2.0,-46.0
1776885851.3521028,0.0,0.0,-45.0
1776885851.3621027,-2.0,-2.0,-43.0
1776885851.3721027,-7.0,1.0,-37.0
1776885851.3821027,-1.0,1.0,-43.0
1776885851.3921027,-1.0,2.0,-39.0
1776885851.4031026,-5.0,0.0,-44.0
1776885851.4121027,-7.0,0.0,-43.0
1776885851.4221027,-5.0,0.0,-43.0
1776885851.432103,-6.0,1.0,-48.0
1776885851.442103,-2.0,0.0,-51.0
1776885851.452103,0.0,0.0,-46.0
1776885851.462103,-3.0,0.0,-51.0
1776885851.4721026,0.0,0.0,-50.0
1776885851.4821026,1.0,-1.0,-49.0
1776885851.4921026,1.0,-1.0,-47.0
1776885851.5021029,0.0,0.0,-49.0
1776885851.5121028,0.0,5.0,-49.0
1776885851.5221028,0.0,2.0,-49.0
1776885851.5321028,0.0,2.0,-51.0
1776885851.5421028,1.0,-1.0,-42.0
1776885851.5521028,-1.0,-5.0,-46.0
1776885851.5621028,0.0,-4.0,-46.0
1776885851.5721028,5.0,0.0,-54.0
1776885851.5821028,2.0,-1.0,-52.0
1776885851.5921028,-2.0,-1.0,-54.0
1776885851.6021028,-4.0,-1.0,-47.0
1776885851.6121027,-3.0,0.0,-48.0
1776885851.6221027,-4.0,0.0,-50.0
1776885851.6321027,-5.0,0.0,-43.0
1776885851.6421027,-2.0,1.0,-40.0
1776885851.6531026,0.0,-1.0,-39.0
1776885851.6631026,0.0,0.0,-40.0
1776885851.6731029,4.0,1.0,-34.0
1776885851.6831028,7.0,1.0,-35.0
1776885851.6931028,6.0,0.0,-38.0
1776885851.7031028,1.0,5.0,-31.0
1776885851.7131028,2.0,3.0,-35.0
1776885851.7231028,4.0,0.0,-39.0
1776885851.7331028,2.0,3.0,-41.0
1776885851.7431028,3.0,2.0,-36.0
1776885851.7531028,5.0,-2.0,-35.0
1776885851.7631028,1.0,-1.0,-30.0
1776885851.7731028,2.0,0.0,-29.0
1776885851.7831028,3.0,0.0,-37.0
1776885851.7931027,3.0,-2.0,-41.0
1776885851.8031027,4.0,-4.0,-42.0
1776885851.8131027,4.0,-4.0,-45.0
1776885851.8231027,7.0,-2.0,-40.0
1776885851.8331027,4.0,3.0,-36.0
1776885851.8431027,0.0,0.0,-37.0
1776885851.8531027,-1.0,0.0,-37.0
1776885851.863103,-1.0,0.0,-40.0
1776885851.873103,2.0,-4.0,-35.0
1776885851.883103,3.0,-1.0,-32.0
1776885851.8931026,3.0,0.0,-25.0
1776885851.9031026,1.0,5.0,-25.0
1776885851.9131026,0.0,1.0,-30.0
1776885851.9231029,1.0,-4.0,-29.0
1776885851.9331028,1.0,-7.0,-33.0
1776885851.9431028,1.0,-9.0,-36.0
1776885851.9531028,-2.0,-7.0,-37.0
1776885851.9631028,-1.0,-8.0,-37.0
1776885851.9731028,2.0,-5.0,-36.0
1776885851.9831028,4.0,-1.0,-44.0
1776885851.9931028,1.0,-3.0,-45.0
1776885852.0031028,3.0,-6.0,-42.0
1776885852.0131028,4.0,-8.0,-43.0
1776885852.0231028,4.0,-5.0,-43.0
1776885852.0331028,5.0,-4.0,-47.0
1776885852.0431027,4.0,-2.0,-49.0
1776885852.0531027,6.0,-2.0,-51.0
1776885852.0631027,6.0,-4.0,-46.0
1776885852.0731027,6.0,-2.0,-49.0
1776885852.0831027,4.0,-5.0,-51.0
1776885852.0931027,9.0,-3.0,-51.0
1776885852.1031027,8.0,0.0,-47.0
1776885852.113103,7.0,3.0,-47.0
1776885852.123103,4.0,0.0,-50.0
1776885852.133103,1.0,3.0,-51.0
1776885852.1431026,1.0,5.0,-46.0
1776885852.1531026,-5.0,2.0,-42.0
1776885852.1631026,-3.0,2.0,-31.0
1776885852.1731029,-3.0,1.0,-30.0
1776885852.1831028,1.0,-2.0,-27.0
1776885852.1931028,2.0,-2.0,-37.0
1776885852.2031028,2.0,-5.0,-37.0
1776885852.2131028,9.0,-4.0,-37.0
1776885852.2231028,6.0,-3.0,-30.0
1776885852.2331028,6.0,-1.0,-31.0
1776885852.2431028,8.0,-2.0,-35.0
1776885852.2531028,8.0,-2.0,-46.0
1776885852.2631028,5.0,0.0,-42.0
1776885852.2731028,5.0,2.0,-41.0
1776885852.2831028,7.0,2.0,-35.0
1776885852.2931027,7.0,3.0,-33.0
1776885852.3031027,3.0,5.0,-30.0
1776885852.3131027,-3.0,7.0,-28.0
1776885852.3231027,-1.0,6.0,-36.0
1776885852.3331027,0.0,6.0,-37.0
1776885852.3431027,11.0,4.0,-34.0
1776885852.3531027,10.0,0.0,-32.0
1776885852.363103,8.0,-4.0,-32.0
1776885852.373103,6.0,-1.0,-30.0
1776885852.383103,2.0,0.0,-36.0
1776885852.3931026,1.0,-1.0,-36.0
1776885852.4031026,2.0,1.0,-34.0
1776885852.4131026,0.0,4.0,-39.0
1776885852.4231029,0.0,-2.0,-49.0
1776885852.4331028,0.0,2.0,-42.0
1776885852.4431028,0.0,2.0,-40.0
1776885852.4531028,0.0,5.0,-33.0
1776885852.4631028,-2.0,2.0,-34.0
1776885852.4731028,-1.0,3.0,-39.0
1776885852.4831028,0.0,1.0,-39.0
1776885852.4931028,0.0,-1.0,-40.0
1776885852.5031028,0.0,0.0,-46.0
1776885852.5131028,-2.0,-2.0,-47.0
1776885852.5231028,0.0,0.0,-43.0
1776885852.5331028,4.0,0.0,-37.0
1776885852.5431027,4.0,-1.0,-37.0
1776885852.5531027,0.0,-2.0,-40.0
1776885852.5631027,0.0,-3.0,-35.0
1776885852.5731027,-4.0,-3.0,-36.0
1776885852.5831027,-6.0,-2.0,-38.0
1776885852.5931027,-10.0,-2.0,-42.0
1776885852.6031027,-9.0,0.0,-48.0
1776885852.613103,-8.0,0.0,-52.0
1776885852.623103,-8.0,2.0,-52.0
1776885852.633103,-5.0,2.0,-47.0
1776885852.6431026,0.0,-1.0,-46.0
1776885852.6531026,0.0,0.0,-51.0
1776885852.6631026,0.0,-2.0,-40.0
1776885852.6731029,3.0,-2.0,-43.0
1776885852.6831028,4.0,-3.0,-37.0
1776885852.6931028,0.0,1.0,-42.0
1776885852.7031028,0.0,2.0,-39.0
1776885852.7131028,-1.0,1.0,-38.0
1776885852.7231028,-3.0,-1.0,-38.0
1776885852.7331028,-1.0,-2.0,-40.0
1776885852.7431028,-4.0,0.0,-44.0
1776885852.7531028,-2.0,-6.0,-46.0
1776885852.7631028,-4.0,-7.0,-37.0
1776885852.7731028,0.0,-3.0,-38.0
1776885852.7831028,1.0,-1.0,-33.0
1776885852.7931027,-1.0,-4.0,-35.0
1776885852.8031027,-2.0,-1.0,-31.0
1776885852.8131027,0.0,-1.0,-24.0
1776885852.8231027,-3.0,-1.0,-27.0
1776885852.8331027,0.0,-3.0,-39.0
1776885852.8431027,3.0,2.0,-37.0
1776885852.8531027,6.0,6.0,-38.0
1776885852.863103,4.0,1.0,-42.0
1776885852.873103,1.0,2.0,-47.0
1776885852.883103,0.0,1.0,-53.0
1776885852.8931026,2.0,4.0,-54.0
1776885852.9031026,1.0,6.0,-55.0
1776885852.9131026,1.0,5.0,-58.0
1776885852.9231029,1.0,6.0,-52.0
1776885852.9331028,0.0,7.0,-53.0
1776885852.9431028,0.0,5.0,-41.0
1776885852.9531028,0.0,3.0,-45.0
1776885852.9631028,0.0,6.0,-44.0
1776885852.9731028,-1.0,5.0,-45.0
1776885852.9831028,-2.0,0.0,-48.0
1776885852.9931028,-3.0,-2.0,-48.0
1776885853.0031028,-4.0,-1.0,-39.0
1776885853.0131028,-2.0,-2.0,-41.0
1776885853.0231028,1.0,2.0,-36.0
1776885853.0331028,-2.0,4.0,-44.0
1776885853.0431027,-2.0,3.0,-47.0
1776885853.0531027,-4.0,4.0,-47.0
1776885853.0631027,-5.0,4.0,-48.0
1776885853.0731027,-6.0,3.0,-44.0
1776885853.0831027,-9.0,4.0,-44.0
1776885853.0931027,-10.0,3.0,-45.0
1776885853.1031027,-5.0,1.0,-49.0
1776885853.113103,-2.0,0.0,-45.0
1776885853.123103,3.0,4.0,-44.0
1776885853.133103,6.0,0.0,-40.0
1776885853.1431026,3.0,-1.0,-36.0
1776885853.1531026,3.0,-1.0,-37.0
1776885853.1631026,0.0,0.0,-34.0
1776885853.1731029,-6.0,-3.0,-41.0
1776885853.1831028,-7.0,-4.0,-40.0
1776885853.1931028,-2.0,-3.0,-41.0
1776885853.2031028,0.0,0.0,-46.0
1776885853.2131028,-1.0,0.0,-44.0
1776885853.2231028,0.0,-1.0,-43.0
1776885853.2331028,0.0,-3.0,-45.0
1776885853.2431028,1.0,1.0,-45.0
1776885853.2531028,3.0,2.0,-45.0
1776885853.2631028,2.0,-4.0,-39.0
1776885853.2731028,5.0,-5.0,-33.0
1776885853.2831028,1.0,-5.0,-34.0
1776885853.2931027,0.0,-2.0,-37.0
1776885853.3031027,-1.0,-1.0,-34.0
1776885853.3131027,0.0,2.0,-35.0
1776885853.3231027,1.0,-1.0,-38.0
1776885853.3331027,3.0,-2.0,-36.0
1776885853.3431027,0.0,0.0,-34.0
1776885853.3531027,-3.0,-1.0,-29.0
1776885853.363103,-2.0,1.0,-30.0
1776885853.373103,0.0,1.0,-31.0
1776885853.383103,2.0,3.0,-32.0
1776885853.3931026,5.0,6.0,-34.0
1776885853.4031026,0.0,5.0,-38.0
1776885853.4131026,-2.0,4.0,-37.0
1776885853.4231029,-2.0,6.0,-39.0
1776885853.4331028,-5.0,8.0,-40.0
1776885853.4431028,-4.0,6.0,-40.0
1776885853.4531028,-2.0,6.0,-38.0
1776885853.4631028,-4.0,5.0,-41.0
1776885853.4731028,-7.0,7.0,-40.0
1776885853.4831028,-8.0,9.0,-40.0
1776885853.4931028,-7.0,9.0,-40.0
1776885853.5031028,-8.0,8.0,-47.0
1776885853.5131028,-6.0,5.0,-47.0
1776885853.5231028,-6.0,6.0,-46.0
1776885853.5331028,-5.0,3.0,-42.0
1776885853.5431027,-6.0,-1.0,-41.0
1776885853.5531027,-6.0,-2.0,-30.0
1776885853.5631027,-6.0,-3.0,-25.0
1776885853.5731027,-3.0,0.0,-19.0
1776885853.5831027,-1.0,3.0,-25.0
1776885853.5931027,-2.0,2.0,-19.0
1776885853.6031027,-1.0,-2.0,-21.0
1776885853.613103,1.0,-2.0,-29.0
1776885853.623103,4.0,0.0,-34.0
1776885853.6341028,0.0,4.0,-39.0
1776885853.6441028,5.0,4.0,-40.0
1776885853.6541028,1.0,4.0,-36.0
1776885853.6641028,-1.0,0.0,-36.0
1776885853.6741028,-2.0,1.0,-44.0
1776885853.6841028,-3.0,-2.0,-47.0
1776885853.6941028,2.0,-2.0,-48.0
1776885853.7041028,3.0,-2.0,-54.0
1776885853.7141027,5.0,-4.0,-54.0
1776885853.7241027,2.0,-3.0,-44.0
1776885853.7341027,4.0,-2.0,-41.0
1776885853.7441027,1.0,-3.0,-43.0
1776885853.7541027,0.0,-4.0,-46.0
1776885853.7641027,1.0,1.0,-46.0
1776885853.7741027,-1.0,6.0,-50.0
1776885853.784103,-1.0,6.0,-45.0
1776885853.794103,-2.0,5.0,-43.0
1776885853.804103,-1.0,5.0,-42.0
1776885853.8141026,0.0,2.0,-44.0
1776885853.8241026,0.0,2.0,-44.0
1776885853.8341026,0.0,0.0,-42.0
1776885853.8441026,6.0,0.0,-42.0
1776885853.8541028,7.0,-1.0,-43.0
1776885853.8641028,4.0,-1.0,-36.0
1776885853.8741028,4.0,-1.0,-31.0
1776885853.8841028,7.0,-2.0,-33.0
1776885853.8941028,5.0,0.0,-35.0
1776885853.9041028,2.0,2.0,-35.0
1776885853.9141028,0.0,5.0,-34.0
1776885853.9241028,0.0,8.0,-32.0
1776885853.9341028,0.0,3.0,-31.0
1776885853.9441028,1.0,3.0,-32.0
1776885853.9541028,0.0,2.0,-34.0
1776885853.9641027,1.0,-1.0,-33.0
1776885853.9741027,3.0,-1.0,-32.0
1776885853.9841027,8.0,-1.0,-30.0
1776885853.9941027,6.0,-1.0,-30.0
1776885854.0041027,5.0,-2.0,-32.0
1776885854.0141027,2.0,0.0,-29.0
1776885854.0241027,4.0,-1.0,-31.0
1776885854.034103,5.0,0.0,-29.0
1776885854.044103,8.0,0.0,-30.0
1776885854.054103,2.0,-4.0,-33.0
1776885854.0641026,-1.0,-2.0,-31.0
1776885854.0741026,-3.0,0.0,-36.0
1776885854.0841026,-2.0,-1.0,-44.0
1776885854.0941026,-1.0,0.0,-45.0
1776885854.1041028,0.0,-4.0,-41.0
1776885854.1141028,0.0,-2.0,-36.0
1776885854.1241028,-2.0,0.0,-36.0
1776885854.1341028,-1.0,-1.0,-41.0
1776885854.1441028,3.0,-4.0,-40.0
1776885854.1541028,1.0,-2.0,-40.0
1776885854.1641028,5.0,-5.0,-42.0
1776885854.1741028,2.0,-4.0,-38.0
1776885854.1841028,1.0,-1.0,-30.0
1776885854.1941028,-1.0,0.0,-33.0
1776885854.2041028,0.0,-1.0,-37.0
1776885854.2141027,0.0,1.0,-34.0
1776885854.2241027,1.0,0.0,-33.0
1776885854.2341027,1.0,-4.0,-32.0
1776885854.2441027,6.0,-4.0,-36.0
1776885854.2541027,4.0,-4.0,-34.0
1776885854.2641027,3.0,-6.0,-37.0
1776885854.2741027,2.0,-2.0,-36.0
1776885854.284103,8.0,0.0,-36.0
1776885854.294103,8.0,0.0,-30.0
1776885854.304103,5.0,3.0,-29.0
1776885854.3141026,4.0,2.0,-30.0
1776885854.3241026,1.0,4.0,-27.0
1776885854.3341026,-1.0,4.0,-29.0
1776885854.3441026,-6.0,3.0,-31.0
1776885854.3541028,-2.0,-2.0,-35.0
1776885854.3641028,2.0,-1.0,-47.0
1776885854.3741028,1.0,-2.0,-45.0
1776885854.3841028,-2.0,0.0,-43.0
1776885854.3941028,-3.0,3.0,-47.0
1776885854.4041028,0.0,2.0,-52.0
1776885854.4141028,7.0,2.0,-55.0
1776885854.4241028,4.0,5.0,-42.0
1776885854.4341028,8.0,4.0,-37.0
1776885854.4441028,2.0,6.0,-32.0
1776885854.4541028,4.0,6.0,-33.0
1776885854.4641027,1.0,2.0,-36.0
1776885854.4741027,-1.0,1.0,-38.0
1776885854.4841027,-6.0,-2.0,-37.0
1776885854.4941027,-7.0,-2.0,-35.0
1776885854.5041027,-6.0,-6.0,-39.0
1776885854.5141027,-3.0,-4.0,-38.0
1776885854.5241027,-4.0,-7.0,-39.0
1776885854.534103,-3.0,-7.0,-35.0
1776885854.544103,-2.0,-7.0,-40.0
1776885854.554103,-5.0,-4.0,-48.0
1776885854.5641026,-9.0,-4.0,-45.0
1776885854.5741026,-9.0,-5.0,-50.0
1776885854.5841026,-8.0,-4.0,-45.0
1776885854.5941026,-11.0,-3.0,-45.0
1776885854.6041028,-11.0,-1.0,-50.0
1776885854.6141028,-11.0,-2.0,-54.0
1776885854.6241028,-7.0,-2.0,-52.0
1776885854.6341028,-4.0,-3.0,-47.0
1776885854.6441028,-3.0,0.0,-39.0
1776885854.6541028,1.0,4.0,-40.0
1776885854.6641028,4.0,1.0,-42.0
1776885854.6741028,9.0,0.0,-35.0
1776885854.6841028,8.0,-3.0,-37.0
1776885854.6941028,6.0,-3.0,-42.0
1776885854.7041028,4.0,-2.0,-36.0
1776885854.7141027,2.0,-4.0,-47.0
1776885854.7241027,0.0,-4.0,-47.0
1776885854.7341027,-3.0,0.0,-48.0
1776885854.7441027,-2.0,1.0,-49.0
1776885854.7541027,-2.0,0.0,-51.0
1776885854.7641027,-3.0,3.0,-49.0
1776885854.7741027,-5.0,5.0,-54.0
1776885854.784103,-2.0,4.0,-50.0
1776885854.794103,0.0,1.0,-45.0
1776885854.804103,0.0,2.0,-45.0
1776885854.8141026,-1.0,1.0,-41.0
1776885854.8241026,0.0,0.0,-44.0
1776885854.8341026,5.0,0.0,-41.0
1776885854.8441026,1.0,0.0,-44.0
1776885854.8541028,0.0,1.0,-46.0
1776885854.8641028,5.0,0.0,-50.0
1776885854.8741028,5.0,-4.0,-50.0
1776885854.8841028,4.0,-7.0,-48.0
1776885854.8941028,0.0,-8.0,-44.0
1776885854.9041028,0.0,-5.0,-47.0
1776885854.9141028,0.0,-7.0,-47.0
1776885854.9241028,-1.0,-6.0,-44.0
1776885854.9341028,-10.0,-7.0,-43.0
1776885854.9441028,-5.0,-9.0,-42.0
1776885854.9541028,-2.0,-9.0,-42.0
1776885854.9641027,-2.0,-12.0,-37.0
1776885854.9741027,-2.0,-5.0,-31.0
1776885854.9841027,0.0,-4.0,-34.0
1776885854.9941027,1.0,-2.0,-33.0
1776885855.0041027,5.0,3.0,-34.0
1776885855.0141027,2.0,5.0,-43.0
1776885855.0241027,0.0,5.0,-42.0
1776885855.034103,0.0,0.0,-43.0
1776885855.044103,-2.0,3.0,-40.0
1776885855.054103,0.0,2.0,-37.0
1776885855.0641026,1.0,2.0,-34.0
1776885855.0741026,1.0,0.0,-34.0
1776885855.0841026,2.0,0.0,-38.0
1776885855.0941026,0.0,-2.0,-41.0
1776885855.1041028,-2.0,-2.0,-36.0
1776885855.1141028,-4.0,0.0,-34.0
1776885855.1241028,0.0,-1.0,-33.0
1776885855.1341028,-2.0,3.0,-28.0
1776885855.1441028,0.0,1.0,-29.0
1776885855.1541028,0.0,1.0,-32.0
1776885855.1641028,1.0,0.0,-35.0
1776885855.1741028,1.0,-1.0,-35.0
1776885855.1841028,2.0,-1.0,-39.0
1776885855.1941028,5.0,-4.0,-33.0
1776885855.2041028,4.0,-4.0,-37.0
1776885855.2141027,2.0,-5.0,-41.0
1776885855.2241027,0.0,-3.0,-40.0
1776885855.2341027,-3.0,1.0,-45.0
1776885855.2441027,-1.0,-1.0,-40.0
1776885855.2541027,0.0,2.0,-39.0
1776885855.2641027,0.0,1.0,-39.0
1776885855.2741027,1.0,4.0,-43.0
1776885855.284103,3.0,3.0,-40.0
1776885855.294103,1.0,3.0,-44.0
1776885855.304103,1.0,0.0,-46.0
1776885855.3141026,3.0,-1.0,-45.0
1776885855.3241026,2.0,0.0,-45.0
1776885855.3341026,1.0,1.0,-45.0
1776885855.3441026,2.0,1.0,-44.0
1776885855.3541028,0.0,2.0,-40.0
1776885855.3641028,1.0,0.0,-40.0
1776885855.3741028,0.0,-2.0,-42.0
1776885855.3841028,0.0,-1.0,-41.0
1776885855.3941028,-2.0,0.0,-42.0
1776885855.4041028,2.0,-5.0,-41.0
1776885855.4141028,3.0,-3.0,-40.0
1776885855.4241028,5.0,-1.0,-47.0
1776885855.4341028,8.0,-1.0,-47.0
1776885855.4441028,9.0,-3.0,-46.0
1776885855.4541028,0.0,-2.0,-42.0
1776885855.4641027,-2.0,0.0,-41.0
1776885855.4741027,-1.0,3.0,-41.0
1776885855.4841027,-2.0,0.0,-38.0
1776885855.4941027,-1.0,2.0,-36.0
1776885855.5041027,1.0,-2.0,-35.0
1776885855.5141027,1.0,-4.0,-34.0
1776885855.5241027,2.0,-4.0,-34.0
1776885855.534103,0.0,-4.0,-38.0
1776885855.544103,0.0,-2.0,-37.0
1776885855.554103,-2.0,1.0,-32.0
1776885855.5641026,-3.0,1.0,-28.0
1776885855.5741026,-6.0,2.0,-31.0
1776885855.5851028,-5.0,0.0,-31.0
1776885855.5941026,0.0,-3.0,-35.0
1776885855.6051028,-2.0,-5.0,-29.0
1776885855.6151028,1.0,-4.0,-33.0
1776885855.6251028,5.0,-4.0,-35.0
1776885855.6351027,1.0,-6.0,-38.0
1776885855.6451027,4.0,-4.0,-41.0
1776885855.6551027,7.0,-3.0,-42.0
1776885855.6651027,5.0,-1.0,-42.0
1776885855.6751027,4.0,-2.0,-38.0
1776885855.6851027,1.0,-1.0,-31.0
1776885855.6951027,0.0,-2.0,-29.0
1776885855.7051027,1.0,-5.0,-33.0
1776885855.715103,0.0,-4.0,-37.0
1776885855.725103,0.0,-4.0,-42.0
1776885855.735103,-3.0,-3.0,-45.0
1776885855.7451026,-4.0,-2.0,-44.0
1776885855.7551026,-8.0,-4.0,-44.0
1776885855.7651026,-9.0,-3.0,-45.0
1776885855.7751029,-7.0,0.0,-42.0
1776885855.7851028,-3.0,0.0,-35.0
1776885855.7951028,-6.0,0.0,-35.0
1776885855.8051028,-5.0,0.0,-28.0
1776885855.8151028,0.0,4.0,-32.0
1776885855.8251028,2.0,2.0,-30.0
1776885855.8351028,0.0,1.0,-24.0
1776885855.8451028,-5.0,2.0,-27.0
1776885855.8551028,-5.0,-3.0,-28.0
1776885855.8651028,-3.0,-5.0,-34.0
1776885855.8751028,-4.0,-6.0,-38.0
1776885855.8851027,-4.0,-7.0,-32.0
1776885855.8951027,-3.0,-7.0,-24.0
1776885855.9051027,-3.0,-2.0,-25.0
1776885855.9151027,-2.0,-2.0,-33.0
1776885855.9251027,-2.0,-5.0,-40.0
1776885855.9351027,-2.0,-9.0,-37.0
1776885855.9451027,-5.0,-6.0,-38.0
1776885855.9551027,-5.0,-4.0,-37.0
1776885855.965103,-4.0,-2.0,-41.0
1776885855.975103,-6.0,3.0,-37.0
1776885855.985103,-7.0,0.0,-35.0
1776885855.9951026,-2.0,-1.0,-39.0
1776885856.0051026,-3.0,-1.0,-39.0
1776885856.0151026,0.0,-3.0,-37.0
1776885856.0251029,1.0,-1.0,-43.0
1776885856.0351028,-2.0,-3.0,-44.0
1776885856.0451028,-2.0,-4.0,-43.0
1776885856.0551028,0.0,-1.0,-40.0
1776885856.0651028,1.0,0.0,-36.0
1776885856.0751028,-2.0,-2.0,-44.0
1776885856.0851028,-2.0,-4.0,-42.0
1776885856.0951028,-3.0,-7.0,-34.0
1776885856.1051028,-1.0,-4.0,-39.0
1776885856.1151028,0.0,-3.0,-35.0
1776885856.1251028,1.0,-2.0,-37.0
1776885856.1351027,-3.0,0.0,-37.0
1776885856.1451027,-1.0,-3.0,-34.0
1776885856.1551027,-1.0,-1.0,-37.0
1776885856.1651027,0.0,0.0,-34.0
1776885856.1751027,0.0,4.0,-33.0
1776885856.1851027,-4.0,4.0,-34.0
1776885856.1951027,-3.0,7.0,-36.0
1776885856.2051027,-1.0,3.0,-29.0
1776885856.215103,0.0,4.0,-36.0
1776885856.225103,-2.0,5.0,-34.0
1776885856.235103,-5.0,7.0,-28.0
1776885856.2451026,-2.0,3.0,-22.0
1776885856.2551026,0.0,3.0,-27.0
1776885856.2651026,4.0,1.0,-30.0
1776885856.2751029,2.0,1.0,-26.0
1776885856.2851028,3.0,-1.0,-23.0
1776885856.2951028,-3.0,-2.0,-24.0
1776885856.3051028,-1.0,-2.0,-32.0
1776885856.3151028,2.0,-2.0,-34.0
1776885856.3251028,5.0,-6.0,-34.0
1776885856.3351028,2.0,-4.0,-40.0
1776885856.3451028,0.0,0.0,-38.0
1776885856.3551028,0.0,3.0,-42.0
1776885856.3651028,-1.0,4.0,-41.0
1776885856.3751028,-3.0,7.0,-44.0
1776885856.3851027,-2.0,5.0,-41.0
1776885856.3951027,2.0,5.0,-35.0
1776885856.4051027,3.0,4.0,-40.0
1776885856.4151027,2.0,2.0,-44.0
1776885856.4251027,1.0,3.0,-41.0
1776885856.4351027,1.0,2.0,-36.0
1776885856.4451027,2.0,1.0,-39.0
1776885856.4551027,3.0,1.0,-39.0
1776885856.465103,-1.0,1.0,-44.0
1776885856.475103,0.0,-2.0,-48.0
1776885856.485103,-2.0,-7.0,-42.0
1776885856.4951026,-1.0,-5.0,-40.0
1776885856.5051026,1.0,-5.0,-35.0
1776885856.5151026,5.0,-4.0,-37.0
1776885856.5251029,3.0,-3.0,-38.0
1776885856.5351028,0.0,-2.0,-35.0
1776885856.5451028,0.0,-3.0,-30.0
1776885856.5551028,5.0,0.0,-29.0
1776885856.5651028,6.0,-2.0,-27.0
1776885856.5751028,1.0,-3.0,-23.0
1776885856.5851028,0.0,-2.0,-26.0
1776885856.5951028,-1.0,-5.0,-34.0
1776885856.6051028,-2.0,-4.0,-36.0
1776885856.6151028,-2.0,-3.0,-36.0
1776885856.6251028,-3.0,-1.0,-40.0
1776885856.6351027,-4.0,1.0,-41.0
1776885856.6451027,0.0,2.0,-47.0
1776885856.6551027,0.0,2.0,-41.0
1776885856.6651027,0.0,5.0,-48.0
1776885856.6751027,-6.0,6.0,-48.0
1776885856.6851027,-7.0,3.0,-45.0
1776885856.6951027,-5.0,1.0,-40.0
1776885856.7051027,-4.0,-3.0,-37.0
1776885856.715103,-2.0,-6.0,-39.0
1776885856.725103,0.0,-5.0,-34.0
1776885856.735103,0.0,-5.0,-29.0
1776885856.7451026,-3.0,-10.0,-30.0
1776885856.7551026,-3.0,-6.0,-34.0
1776885856.7651026,1.0,-7.0,-39.0
1776885856.7751029,3.0,-5.0,-39.0
1776885856.7851028,3.0,-5.0,-40.0
1776885856.7951028,3.0,-7.0,-42.0
1776885856.8051028,1.0,-4.0,-42.0
1776885856.8151028,5.0,-4.0,-44.0
1776885856.8251028,5.0,-1.0,-51.0
1776885856.8351028,6.0,-1.0,-47.0
1776885856.8451028,7.0,0.0,-46.0
1776885856.8551028,3.0,-1.0,-45.0
1776885856.8651028,-2.0,-1.0,-45.0
1776885856.8751028,1.0,0.0,-45.0
1776885856.8851027,0.0,1.0,-41.0
1776885856.8951027,-1.0,0.0,-43.0
1776885856.9051027,0.0,0.0,-45.0
1776885856.9151027,0.0,-2.0,-48.0
1776885856.9251027,0.0,-6.0,-51.0
1776885856.9351027,1.0,-4.0,-52.0
1776885856.9451027,6.0,-6.0,-43.0
1776885856.9551027,4.0,-8.0,-36.0
1776885856.965103,3.0,-6.0,-41.0
1776885856.975103,2.0,0.0,-42.0
1776885856.985103,4.0,2.0,-46.0
1776885856.9951026,2.0,5.0,-47.0
1776885857.0051026,1.0,5.0,-43.0
1776885857.0151026,0.0,2.0,-39.0
1776885857.0251029,2.0,3.0,-37.0
1776885857.0351028,2.0,-2.0,-33.0
1776885857.0451028,3.0,-1.0,-32.0
1776885857.0551028,2.0,0.0,-34.0
1776885857.0651028,3.0,0.0,-34.0
1776885857.0751028,4.0,-2.0,-38.0
1776885857.0851028,1.0,-5.0,-44.0
1776885857.0951028,1.0,-1.0,-37.0
1776885857.1051028,4.0,1.0,-39.0
1776885857.1151028,0.0,0.0,-38.0
1776885857.1251028,-1.0,0.0,-35.0
1776885857.1351027,0.0,-1.0,-31.0
1776885857.1451027,-3.0,-2.0,-36.0
1776885857.1551027,3.0,0.0,-32.0
1776885857.1651027,8.0,-3.0,-35.0
1776885857.1751027,2.0,-10.0,-30.0
1776885857.1851027,2.0,-9.0,-34.0
1776885857.1951027,6.0,-8.0,-42.0
1776885857.2051027,5.0,-9.0,-41.0
1776885857.215103,0.0,-7.0,-42.0
1776885857.225103,1.0,-7.0,-41.0
1776885857.235103,1.0,-6.0,-43.0
1776885857.2451026,-3.0,-9.0,-44.0
1776885857.2551026,0.0,-6.0,-50.0
1776885857.2651026,-1.0,-5.0,-49.0
1776885857.2751029,-1.0,-2.0,-49.0
1776885857.2851028,2.0,-1.0,-44.0
1776885857.2951028,2.0,-2.0,-41.0
1776885857.3051028,2.0,0.0,-44.0
1776885857.3151028,1.0,0.0,-37.0
1776885857.3251028,-1.0,0.0,-37.0
1776885857.3351028,0.0,-1.0,-37.0
1776885857.3451028,0.0,2.0,-39.0
1776885857.3551028,-2.0,-1.0,-35.0
1776885857.3651028,-6.0,0.0,-31.0
1776885857.3751028,-6.0,0.0,-32.0
1776885857.3851027,-5.0,-1.0,-30.0
1776885857.3951027,-3.0,0.0,-33.0
1776885857.4051027,0.0,0.0,-38.0
1776885857.4151027,2.0,-2.0,-40.0
1776885857.4251027,0.0,-3.0,-43.0
1776885857.4351027,-4.0,-2.0,-42.0
1776885857.4451027,-6.0,-1.0,-43.0
1776885857.4551027,-1.0,-1.0,-32.0
1776885857.465103,-1.0,-2.0,-30.0
1776885857.475103,-1.0,2.0,-30.0
1776885857.485103,0.0,1.0,-28.0
1776885857.4951026,3.0,3.0,-29.0
1776885857.5051026,2.0,3.0,-30.0
1776885857.5151026,4.0,2.0,-31.0
1776885857.5251029,-2.0,1.0,-32.0
1776885857.5351028,0.0,0.0,-37.0
1776885857.5451028,-4.0,-4.0,-40.0
1776885857.5551028,-2.0,-4.0,-40.0
1776885857.5651028,-1.0,-1.0,-37.0
1776885857.5751028,-7.0,-3.0,-36.0
1776885857.5851028,-3.0,-1.0,-44.0
1776885857.5951028,0.0,0.0,-49.0
1776885857.6051028,1.0,3.0,-43.0
1776885857.6151028,0.0,0.0,-40.0
1776885857.6251028,2.0,0.0,-45.0
1776885857.636103,4.0,-1.0,-47.0
1776885857.646103,3.0,-2.0,-44.0
1776885857.656103,0.0,-1.0,-44.0
1776885857.6661026,1.0,0.0,-45.0
1776885857.6761026,0.0,1.0,-40.0
1776885857.6861026,-2.0,1.0,-43.0
1776885857.6961029,-3.0,2.0,-47.0
1776885857.7061028,0.0,-1.0,-47.0
1776885857.7161028,2.0,0.0,-46.0
1776885857.7261028,4.0,1.0,-50.0
1776885857.7361028,8.0,0.0,-41.0
1776885857.7461028,6.0,-2.0,-40.0
1776885857.7561028,6.0,0.0,-39.0
1776885857.7661028,3.0,2.0,-38.0
1776885857.7761028,3.0,6.0,-44.0
1776885857.7861028,4.0,6.0,-50.0
1776885857.7961028,6.0,2.0,-41.0
1776885857.8061028,10.0,4.0,-37.0
1776885857.8161027,11.0,5.0,-36.0
1776885857.8261027,9.0,4.0,-36.0
1776885857.8361027,7.0,6.0,-39.0
1776885857.8461027,4.0,6.0,-29.0
1776885857.8561027,1.0,5.0,-30.0
1776885857.8661027,1.0,4.0,-33.0
1776885857.8761027,3.0,3.0,-40.0
1776885857.886103,6.0,0.0,-42.0
1776885857.896103,4.0,-5.0,-38.0
1776885857.906103,6.0,-6.0,-41.0
1776885857.9161026,6.0,-7.0,-39.0
1776885857.9261026,1.0,-3.0,-39.0
1776885857.9361026,2.0,-4.0,-41.0
1776885857.9461029,0.0,0.0,-47.0
1776885857.9561028,-1.0,5.0,-45.0
1776885857.9661028,0.0,5.0,-43.0
1776885857.9761028,-1.0,1.0,-50.0
1776885857.9861028,3.0,-1.0,-50.0
1776885857.9961028,3.0,-2.0,-42.0
1776885858.0061028,4.0,-2.0,-38.0
1776885858.0161028,2.0,-1.0,-33.0
1776885858.0261028,0.0,-1.0,-35.0
1776885858.0361028,-1.0,-1.0,-37.0
1776885858.0461028,-2.0,-2.0,-38.0
1776885858.0561028,-2.0,-5.0,-39.0
1776885858.0661027,-1.0,-3.0,-35.0
1776885858.0761027,-3.0,-1.0,-31.0
1776885858.0861027,1.0,0.0,-32.0
1776885858.0961027,3.0,1.0,-41.0
1776885858.1061027,2.0,3.0,-38.0
1776885858.1161027,4.0,1.0,-45.0
1776885858.1261027,4.0,0.0,-50.0
1776885858.136103,4.0,2.0,-46.0
1776885858.146103,5.0,0.0,-49.0
1776885858.156103,3.0,0.0,-53.0
1776885858.1661026,-2.0,-2.0,-41.0
1776885858.1761026,1.0,-3.0,-48.0
1776885858.1861026,1.0,0.0,-49.0
1776885858.1961029,0.0,0.0,-44.0
1776885858.2061028,2.0,1.0,-48.0
1776885858.2161028,4.0,1.0,-46.0
1776885858.2261028,4.0,1.0,-48.0
1776885858.2361028,0.0,0.0,-44.0
1776885858.2461028,-2.0,-2.0,-50.0
1776885858.2561028,-2.0,-2.0,-53.0
1776885858.2661028,-1.0,-2.0,-49.0
1776885858.2761028,0.0,0.0,-46.0
1776885858.2861028,-3.0,1.0,-51.0
1776885858.2961028,0.0,0.0,-55.0
1776885858.3061028,3.0,-5.0,-58.0
1776885858.3161027,-2.0,-8.0,-54.0
1776885858.3261027,1.0,-5.0,-55.0
1776885858.3361027,2.0,0.0,-52.0
1776885858.3461027,6.0,1.0,-56.0
1776885858.3561027,4.0,-2.0,-57.0
1776885858.3661027,4.0,-4.0,-47.0
1776885858.3761027,1.0,-7.0,-43.0
1776885858.386103,3.0,-5.0,-39.0
1776885858.396103,6.0,-11.0,-37.0
1776885858.406103,7.0,-15.0,-44.0
1776885858.4161026,5.0,-15.0,-46.0
1776885858.4261026,4.0,-12.0,-47.0
1776885858.4361026,3.0,-12.0,-45.0
1776885858.4461029,4.0,-8.0,-44.0
1776885858.4561028,3.0,-6.0,-44.0
1776885858.4661028,1.0,-8.0,-44.0
1776885858.4761028,-1.0,-9.0,-42.0
1776885858.4861028,-1.0,-9.0,-42.0
1776885858.4961028,2.0,-4.0,-44.0
1776885858.5061028,-3.0,-4.0,-46.0
1776885858.5161028,-5.0,0.0,-44.0
1776885858.5261028,0.0,0.0,-44.0
1776885858.5361028,4.0,2.0,-39.0
1776885858.5461028,5.0,3.0,-44.0
1776885858.5561028,3.0,1.0,-43.0
1776885858.5661027,7.0,-1.0,-40.0
1776885858.5761027,7.0,0.0,-36.0
1776885858.5861027,3.0,1.0,-31.0
1776885858.5961027,5.0,1.0,-27.0
1776885858.6061027,5.0,0.0,-23.0
1776885858.6161027,1.0,6.0,-29.0
1776885858.6261027,0.0,7.0,-26.0
1776885858.636103,-1.0,1.0,-29.0
1776885858.646103,-6.0,1.0,-31.0
1776885858.656103,-5.0,-1.0,-34.0
1776885858.6661026,-5.0,-2.0,-33.0
1776885858.6761026,-2.0,0.0,-36.0
1776885858.6861026,-4.0,0.0,-36.0
1776885858.6961029,-2.0,-2.0,-36.0
1776885858.7061028,-2.0,-2.0,-42.0
1776885858.7161028,-2.0,0.0,-44.0
1776885858.7261028,-2.0,-1.0,-41.0
1776885858.7361028,0.0,0.0,-49.0
1776885858.7461028,4.0,0.0,-48.0
1776885858.7561028,4.0,0.0,-48.0
1776885858.7661028,1.0,-3.0,-48.0
1776885858.7761028,1.0,-1.0,-43.0
1776885858.7861028,0.0,-5.0,-42.0
1776885858.7961028,-1.0,-3.0,-46.0
1776885858.8061028,0.0,0.0,-41.0
1776885858.8161027,0.0,-2.0,-38.0
1776885858.8261027,-2.0,-1.0,-37.0
1776885858.8361027,-3.0,-1.0,-32.0
1776885858.8461027,-2.0,-1.0,-35.0
1776885858.8561027,-5.0,-4.0,-42.0
1776885858.8661027,-2.0,0.0,-41.0
1776885858.8761027,-2.0,-4.0,-44.0
1776885858.886103,-3.0,-4.0,-38.0
1776885858.896103,-3.0,-4.0,-32.0
1776885858.906103,-3.0,-1.0,-36.0
1776885858.9161026,0.0,0.0,-32.0
1776885858.9261026,3.0,0.0,-33.0
1776885858.9361026,2.0,-1.0,-35.0
1776885858.9461029,1.0,-2.0,-31.0
1776885858.9561028,1.0,-1.0,-32.0
1776885858.9661028,0.0,0.0,-32.0
1776885858.9761028,0.0,-2.0,-39.0
1776885858.9861028,0.0,1.0,-37.0
1776885858.9961028,-2.0,-1.0,-34.0
1776885859.0061028,-4.0,-2.0,-34.0
1776885859.0161028,0.0,-3.0,-29.0
1776885859.0261028,3.0,-7.0,-28.0
1776885859.0361028,7.0,-4.0,-25.0
1776885859.0461028,7.0,-4.0,-26.0
1776885859.0561028,6.0,-5.0,-22.0
1776885859.0661027,5.0,-4.0,-22.0
1776885859.0761027,1.0,-4.0,-29.0
1776885859.0861027,2.0,-5.0,-30.0
1776885859.0961027,2.0,-8.0,-36.0
1776885859.1061027,3.0,-2.0,-35.0
1776885859.1161027,3.0,-1.0,-39.0
1776885859.1261027,3.0,0.0,-41.0
1776885859.136103,2.0,0.0,-44.0
1776885859.146103,1.0,1.0,-44.0
1776885859.156103,0.0,4.0,-35.0
1776885859.1661026,-4.0,4.0,-40.0
1776885859.1761026,-3.0,0.0,-42.0
1776885859.1861026,-2.0,-1.0,-42.0
1776885859.1961029,3.0,-4.0,-42.0
1776885859.2061028,6.0,-4.0,-41.0
1776885859.2161028,6.0,-3.0,-42.0
1776885859.2261028,4.0,-2.0,-43.0
1776885859.2361028,-1.0,-1.0,-39.0
1776885859.2461028,1.0,-2.0,-46.0
1776885859.2561028,-3.0,-2.0,-49.0
1776885859.2661028,-2.0,-5.0,-47.0
1776885859.2761028,-4.0,-5.0,-50.0
1776885859.2861028,-1.0,1.0,-43.0
1776885859.2961028,-4.0,-1.0,-43.0
1776885859.3061028,-4.0,0.0,-39.0
1776885859.3161027,-5.0,-1.0,-38.0
1776885859.3261027,-6.0,-1.0,-42.0
1776885859.3361027,-2.0,0.0,-45.0
1776885859.3461027,-3.0,0.0,-46.0
1776885859.3561027,-2.0,-4.0,-50.0
1776885859.3661027,0.0,-3.0,-53.0
1776885859.3761027,1.0,-5.0,-54.0
1776885859.386103,4.0,-3.0,-57.0
1776885859.396103,7.0,-4.0,-57.0
1776885859.406103,4.0,-7.0,-50.0
1776885859.4161026,2.0,-5.0,-51.0
1776885859.4261026,4.0,-2.0,-49.0
1776885859.4361026,2.0,5.0,-43.0
1776885859.4461029,0.0,4.0,-41.0
1776885859.4561028,-6.0,3.0,-39.0
1776885859.4661028,-7.0,4.0,-39.0
1776885859.4761028,-5.0,0.0,-52.0
1776885859.4861028,-7.0,-4.0,-46.0
1776885859.4961028,-5.0,-4.0,-47.0
1776885859.5061028,-5.0,1.0,-47.0
1776885859.5161028,-4.0,-2.0,-44.0
1776885859.5261028,-1.0,-4.0,-47.0
1776885859.5361028,-2.0,-5.0,-43.0
1776885859.5461028,-2.0,-5.0,-42.0
1776885859.5561028,-5.0,-5.0,-38.0
1776885859.567103,-4.0,-5.0,-39.0
1776885859.5761027,-2.0,-7.0,-34.0
1776885859.587103,-1.0,-6.0,-34.0
1776885859.5971026,1.0,-5.0,-38.0
1776885859.6071026,3.0,-4.0,-45.0
1776885859.6171026,4.0,-2.0,-44.0
1776885859.6271029,7.0,0.0,-43.0
1776885859.6371028,2.0,4.0,-46.0
1776885859.6471028,7.0,2.0,-43.0
1776885859.6571028,7.0,3.0,-42.0
1776885859.6671028,6.0,0.0,-42.0
1776885859.6771028,4.0,-2.0,-41.0
1776885859.6871028,0.0,-3.0,-47.0
1776885859.6971028,-1.0,-3.0,-50.0
1776885859.7071028,-4.0,-3.0,-48.0
1776885859.7171028,-3.0,-3.0,-44.0
1776885859.7271028,-3.0,0.0,-39.0
1776885859.7371027,-6.0,0.0,-33.0
1776885859.7471027,-2.0,-2.0,-35.0
1776885859.7571027,1.0,-1.0,-29.0
1776885859.7671027,0.0,0.0,-23.0
1776885859.7771027,3.0,0.0,-25.0
1776885859.7871027,0.0,0.0,-31.0
1776885859.7971027,0.0,0.0,-31.0
1776885859.807103,2.0,-4.0,-28.0
1776885859.817103,7.0,-4.0,-34.0
1776885859.827103,7.0,-4.0,-34.0
1776885859.837103,6.0,-1.0,-37.0
1776885859.8471026,1.0,4.0,-40.0
1776885859.8571026,2.0,5.0,-34.0
1776885859.8671026,0.0,6.0,-40.0
1776885859.8771029,-2.0,3.0,-38.0
1776885859.8871028,0.0,0.0,-34.0
1776885859.8971028,3.0,-1.0,-35.0
1776885859.9071028,6.0,1.0,-35.0
1776885859.9171028,5.0,0.0,-37.0
1776885859.9271028,1.0,-3.0,-44.0
1776885859.9371028,5.0,-4.0,-41.0
1776885859.9471028,8.0,-5.0,-38.0
1776885859.9571028,6.0,-8.0,-43.0
1776885859.9671028,7.0,-8.0,-46.0
1776885859.9771028,0.0,-7.0,-44.0
1776885859.9871027,-1.0,-5.0,-47.0
1776885859.9971027,-5.0,-8.0,-46.0
1776885860.0071027,-7.0,-6.0,-44.0
1776885860.0171027,-2.0,-3.0,-48.0
1776885860.0271027,0.0,0.0,-45.0
1776885860.0371027,3.0,-3.0,-45.0
1776885860.0471027,-1.0,0.0,-46.0
1776885860.057103,-2.0,1.0,-44.0
1776885860.067103,0.0,1.0,-45.0
1776885860.077103,1.0,1.0,-40.0
1776885860.087103,3.0,0.0,-41.0
1776885860.0971026,8.0,-5.0,-38.0
1776885860.1071026,4.0,-5.0,-36.0
1776885860.1171026,1.0,-4.0,-38.0
1776885860.1271029,2.0,-2.0,-38.0
1776885860.1371028,0.0,-5.0,-37.0
1776885860.1471028,-2.0,-4.0,-44.0
1776885860.1571028,0.0,-1.0,-39.0
1776885860.1671028,5.0,2.0,-44.0
1776885860.1771028,2.0,0.0,-52.0
1776885860.1871028,-2.0,0.0,-46.0
1776885860.1971028,-1.0,0.0,-40.0
1776885860.2071028,1.0,0.0,-44.0
1776885860.2171028,0.0,-3.0,-40.0
1776885860.2271028,-5.0,-7.0,-44.0
1776885860.2371027,-5.0,-7.0,-42.0
1776885860.2471027,-5.0,-1.0,-39.0
1776885860.2571027,0.0,-1.0,-40.0
1776885860.2671027,0.0,-1.0,-38.0
1776885860.2771027,-1.0,3.0,-35.0
1776885860.2871027,-2.0,2.0,-37.0
1776885860.2971027,-4.0,0.0,-36.0
1776885860.307103,-1.0,2.0,-36.0
1776885860.317103,-3.0,0.0,-30.0
1776885860.327103,-3.0,3.0,-33.0
1776885860.337103,-1.0,5.0,-36.0
1776885860.3471026,-1.0,3.0,-38.0
1776885860.3571026,1.0,3.0,-41.0
1776885860.3671026,0.0,3.0,-43.0
1776885860.3771029,-2.0,2.0,-37.0
1776885860.3871028,-4.0,-1.0,-33.0
1776885860.3971028,-1.0,-2.0,-35.0
1776885860.4071028,2.0,-2.0,-35.0
1776885860.4171028,-1.0,-3.0,-35.0
1776885860.4271028,0.0,-7.0,-39.0
1776885860.4371028,0.0,-6.0,-44.0
1776885860.4471028,3.0,-5.0,-40.0
1776885860.4571028,0.0,-6.0,-35.0
1776885860.4671028,2.0,-2.0,-39.0
1776885860.4771028,6.0,-4.0,-38.0
1776885860.4871027,4.0,-6.0,-38.0
1776885860.4971027,7.0,-1.0,-39.0
1776885860.5071027,0.0,0.0,-39.0
1776885860.5171027,5.0,0.0,-39.0
1776885860.5271027,4.0,-2.0,-39.0
1776885860.5371027,0.0,-3.0,-41.0
1776885860.5471027,1.0,-6.0,-40.0
1776885860.557103,3.0,-10.0,-40.0
1776885860.567103,0.0,-5.0,-35.0
1776885860.577103,2.0,-6.0,-30.0
1776885860.587103,5.0,-3.0,-30.0
1776885860.5971026,5.0,-6.0,-32.0
1776885860.6071026,6.0,-4.0,-38.0
1776885860.6171026,3.0,-6.0,-36.0
1776885860.6271029,3.0,-6.0,-42.0
1776885860.6371028,3.0,-7.0,-41.0
1776885860.6471028,4.0,-5.0,-37.0
1776885860.6571028,4.0,-2.0,-35.0
1776885860.6671028,3.0,-4.0,-34.0
1776885860.6771028,2.0,0.0,-37.0
1776885860.6871028,1.0,6.0,-38.0
1776885860.6971028,2.0,3.0,-42.0
1776885860.7071028,4.0,0.0,-45.0
1776885860.7171028,4.0,0.0,-53.0
1776885860.7271028,1.0,0.0,-54.0
1776885860.7371027,1.0,1.0,-56.0
1776885860.7471027,0.0,4.0,-60.0
1776885860.7571027,-2.0,3.0,-57.0
1776885860.7671027,-2.0,-1.0,-45.0
1776885860.7771027,1.0,0.0,-45.0
1776885860.7871027,0.0,3.0,-42.0
1776885860.7971027,-2.0,0.0,-47.0
1776885860.807103,-1.0,-4.0,-46.0
1776885860.817103,0.0,-5.0,-44.0
1776885860.827103,1.0,-1.0,-44.0
1776885860.837103,-2.0,-3.0,-40.0
1776885860.8471026,0.0,-4.0,-46.0
1776885860.8571026,-3.0,-4.0,-49.0
1776885860.8671026,-2.0,0.0,-53.0
1776885860.8771029,-2.0,2.0,-45.0
1776885860.8871028,0.0,3.0,-46.0
1776885860.8971028,3.0,2.0,-48.0
1776885860.9071028,4.0,3.0,-51.0
1776885860.9171028,6.0,1.0,-55.0
1776885860.9271028,2.0,-4.0,-60.0
1776885860.9371028,0.0,-2.0,-52.0
1776885860.9471028,3.0,-2.0,-41.0
1776885860.9571028,2.0,0.0,-33.0
1776885860.9671028,3.0,1.0,-39.0
1776885860.9771028,5.0,2.0,-41.0
1776885860.9871027,2.0,1.0,-41.0
1776885860.9971027,0.0,1.0,-39.0
1776885861.0071027,-3.0,1.0,-48.0
1776885861.0171027,3.0,-2.0,-43.0
1776885861.0271027,6.0,0.0,-37.0
1776885861.0371027,7.0,0.0,-31.0
1776885861.0471027,6.0,2.0,-30.0
1776885861.057103,5.0,0.0,-34.0
1776885861.067103,5.0,1.0,-31.0
1776885861.077103,3.0,-1.0,-30.0
1776885861.087103,-2.0,0.0,-32.0
1776885861.0971026,0.0,0.0,-33.0
1776885861.1071026,0.0,2.0,-28.0
1776885861.1171026,-4.0,2.0,-35.0
1776885861.1271029,0.0,3.0,-35.0
1776885861.1371028,0.0,5.0,-41.0
1776885861.1471028,1.0,3.0,-42.0
1776885861.1571028,4.0,-4.0,-42.0
1776885861.1671028,1.0,-7.0,-44.0
1776885861.1771028,5.0,-7.0,-39.0
1776885861.1871028,3.0,-7.0,-38.0
1776885861.1971028,2.0,-4.0,-37.0
1776885861.2071028,3.0,-7.0,-38.0
1776885861.2171028,6.0,-2.0,-40.0
1776885861.2271028,10.0,-4.0,-40.0
1776885861.2371027,14.0,-2.0,-42.0
1776885861.2471027,12.0,-3.0,-34.0
1776885861.2571027,8.0,-6.0,-37.0
1776885861.2671027,8.0,-8.0,-35.0
1776885861.2771027,3.0,-7.0,-39.0
1776885861.2871027,2.0,-3.0,-36.0
1776885861.2971027,0.0,-3.0,-39.0
1776885861.307103,0.0,-5.0,-42.0
1776885861.317103,2.0,-9.0,-48.0
1776885861.327103,1.0,-7.0,-49.0
1776885861.337103,-1.0,-9.0,-47.0
1776885861.3471026,-4.0,-9.0,-41.0
1776885861.3571026,-3.0,-7.0,-32.0
1776885861.3671026,2.0,-13.0,-29.0
1776885861.3771029,0.0,-11.0,-33.0
1776885861.3871028,0.0,-10.0,-29.0
1776885861.3971028,-3.0,-5.0,-37.0
1776885861.4071028,-8.0,-2.0,-46.0
1776885861.4171028,-10.0,2.0,-49.0
1776885861.4271028,-9.0,0.0,-50.0
1776885861.4371028,-4.0,-1.0,-51.0
1776885861.4471028,-2.0,-4.0,-44.0
1776885861.4571028,0.0,-2.0,-41.0
1776885861.4671028,-3.0,-3.0,-41.0
1776885861.4771028,-3.0,-4.0,-40.0
1776885861.4871027,-5.0,-6.0,-48.0
1776885861.4971027,-4.0,-2.0,-43.0
1776885861.5071027,-1.0,-2.0,-45.0
1776885861.5171027,-2.0,0.0,-46.0
1776885861.5271027,-3.0,-6.0,-40.0
1776885861.5371027,-8.0,-5.0,-40.0
1776885861.5471027,-8.0,0.0,-43.0
1776885861.557103,-2.0,1.0,-53.0
1776885861.567103,-5.0,0.0,-48.0
1776885861.577103,-8.0,-1.0,-43.0
1776885861.587103,-8.0,-6.0,-37.0
1776885861.5971026,-7.0,-5.0,-35.0
1776885861.6081028,-7.0,-4.0,-38.0
1776885861.6181028,-3.0,-5.0,-39.0
1776885861.6281028,-2.0,-6.0,-40.0
1776885861.6381028,-4.0,-3.0,-48.0
1776885861.6481028,0.0,-1.0,-44.0
1776885861.6581028,2.0,0.0,-45.0
1776885861.6681027,5.0,-2.0,-44.0
1776885861.6781027,6.0,-3.0,-45.0
1776885861.6881027,3.0,-3.0,-42.0
1776885861.6981027,0.0,-6.0,-47.0
1776885861.7081027,-1.0,-5.0,-44.0
1776885861.7181027,-1.0,-5.0,-44.0
1776885861.7281027,-3.0,-9.0,-46.0
1776885861.738103,-1.0,-8.0,-50.0
1776885861.748103,-1.0,-12.0,-47.0
1776885861.758103,-6.0,-8.0,-46.0
1776885861.7681026,-5.0,-6.0,-50.0
1776885861.7781026,-5.0,-2.0,-47.0
1776885861.7881026,0.0,-1.0,-45.0
1776885861.7981029,1.0,-3.0,-41.0
1776885861.8081028,0.0,-4.0,-42.0
1776885861.8181028,0.0,-7.0,-43.0
1776885861.8281028,2.0,-7.0,-47.0
1776885861.8381028,4.0,-5.0,-53.0
1776885861.8481028,5.0,-4.0,-48.0
1776885861.8581028,4.0,-9.0,-40.0
1776885861.8681028,2.0,-6.0,-40.0
1776885861.8781028,-2.0,-6.0,-38.0
1776885861.8881028,0.0,-7.0,-43.0
1776885861.8981028,1.0,-12.0,-38.0
1776885861.9081028,1.0,-9.0,-35.0
1776885861.9181027,1.0,-5.0,-38.0
1776885861.9281027,-1.0,-5.0,-43.0
1776885861.9381027,-3.0,-7.0,-38.0
1776885861.9481027,-1.0,-5.0,-33.0
1776885861.9581027,-3.0,-4.0,-34.0
1776885861.9681027,-4.0,-3.0,-32.0
1776885861.9781027,-1.0,-4.0,-41.0
1776885861.988103,0.0,1.0,-43.0
1776885861.998103,-3.0,5.0,-40.0
1776885862.008103,-2.0,0.0,-41.0
1776885862.0181026,-3.0,-2.0,-32.0
1776885862.0281026,-2.0,-5.0,-45.0
1776885862.0381026,-1.0,-1.0,-50.0
1776885862.0481029,0.0,-5.0,-51.0
1776885862.0581028,-1.0,-2.0,-50.0
1776885862.0681028,-2.0,0.0,-45.0
1776885862.0781028,0.0,-1.0,-39.0
1776885862.0881028,-2.0,-1.0,-39.0
1776885862.0981028,0.0,-1.0,-36.0
1776885862.1081028,4.0,-1.0,-36.0
1776885862.1181028,1.0,-4.0,-37.0
1776885862.1281028,-3.0,0.0,-32.0
1776885862.1381028,-3.0,-1.0,-32.0
1776885862.1481028,0.0,0.0,-35.0
1776885862.1581028,1.0,-3.0,-35.0
1776885862.1681027,-3.0,-8.0,-37.0
1776885862.1781027,-1.0,-4.0,-39.0
1776885862.1881027,-6.0,-3.0,-52.0
1776885862.1981027,-1.0,-3.0,-51.0
1776885862.2081027,-3.0,-3.0,-53.0
1776885862.2181027,0.0,-4.0,-49.0
1776885862.2281027,-1.0,-4.0,-47.0
1776885862.238103,0.0,-4.0,-43.0
1776885862.248103,-1.0,0.0,-44.0
1776885862.258103,-1.0,3.0,-46.0
1776885862.2681026,-3.0,3.0,-45.0
1776885862.2781026,-2.0,4.0,-44.0
1776885862.2881026,-1.0,4.0,-37.0
1776885862.2981029,-2.0,1.0,-34.0
1776885862.3081028,0.0,4.0,-38.0
1776885862.3181028,0.0,0.0,-40.0
1776885862.3281028,4.0,-5.0,-34.0
1776885862.3381028,3.0,-3.0,-35.0
1776885862.3481028,9.0,-3.0,-33.0
1776885862.3581028,12.0,-4.0,-32.0
1776885862.3681028,11.0,-1.0,-36.0
1776885862.3781028,14.0,-2.0,-35.0
1776885862.3881028,8.0,0.0,-39.0
1776885862.3981028,2.0,3.0,-38.0
1776885862.4081028,7.0,4.0,-43.0
1776885862.4181027,6.0,4.0,-40.0
1776885862.4281027,6.0,0.0,-38.0
1776885862.4381027,9.0,-1.0,-36.0
1776885862.4481027,7.0,0.0,-38.0
1776885862.4581027,4.0,0.0,-37.0
1776885862.4681027,2.0,-3.0,-37.0
1776885862.4781027,2.0,-3.0,-39.0
1776885862.488103,0.0,-5.0,-43.0
1776885862.498103,-4.0,0.0,-43.0
1776885862.508103,-5.0,3.0,-35.0
1776885862.5181026,0.0,2.0,-38.0
1776885862.5281026,-1.0,-1.0,-40.0
1776885862.5381026,-5.0,-2.0,-38.0
1776885862.5481029,-5.0,0.0,-43.0
1776885862.5581028,-2.0,0.0,-48.0
1776885862.5681028,0.0,-1.0,-54.0
1776885862.5781028,-2.0,-1.0,-51.0
1776885862.5881028,1.0,-3.0,-58.0
1776885862.5981028,1.0,0.0,-56.0
1776885862.6081028,0.0,2.0,-52.0
1776885862.6181028,3.0,2.0,-44.0
1776885862.6281028,1.0,-1.0,-41.0
1776885862.6381028,3.0,0.0,-38.0
1776885862.6481028,1.0,3.0,-39.0
1776885862.6581028,1.0,-2.0,-34.0
1776885862.6681027,0.0,-3.0,-36.0
1776885862.6781027,0.0,-3.0,-33.0
1776885862.6881027,2.0,-3.0,-31.0
1776885862.6981027,1.0,-3.0,-30.0
1776885862.7081027,-3.0,-2.0,-30.0
1776885862.7181027,1.0,-2.0,-33.0
1776885862.7281027,-1.0,-3.0,-34.0
1776885862.738103,1.0,0.0,-43.0
1776885862.748103,0.0,2.0,-43.0
1776885862.758103,2.0,-2.0,-43.0
1776885862.7681026,0.0,-1.0,-41.0
1776885862.7781026,0.0,1.0,-39.0
1776885862.7881026,2.0,1.0,-38.0
1776885862.7981029,-3.0,-1.0,-44.0
1776885862.8081028,-2.0,-1.0,-41.0
1776885862.8181028,0.0,-2.0,-40.0
1776885862.8281028,0.0,-1.0,-37.0
1776885862.8381028,-2.0,4.0,-41.0
1776885862.8481028,-3.0,5.0,-37.0
1776885862.8581028,-2.0,5.0,-40.0
1776885862.8681028,-2.0,5.0,-43.0
1776885862.8781028,0.0,7.0,-44.0
1776885862.8881028,1.0,6.0,-41.0
1776885862.8981028,1.0,2.0,-37.0
1776885862.9081028,4.0,-2.0,-36.0
1776885862.9181027,2.0,-2.0,-41.0
1776885862.9281027,1.0,-4.0,-37.0
1776885862.9381027,0.0,-8.0,-40.0
1776885862.9481027,-4.0,-5.0,-39.0
1776885862.9581027,-1.0,-3.0,-29.0
1776885862.9681027,-1.0,-3.0,-28.0
1776885862.9781027,-3.0,0.0,-27.0
1776885862.988103,-1.0,-3.0,-30.0
1776885862.998103,0.0,-3.0,-35.0
1776885863.008103,-1.0,-1.0,-36.0
1776885863.0181026,0.0,-3.0,-31.0
1776885863.0281026,-1.0,-2.0,-35.0
1776885863.0381026,-1.0,0.0,-38.0
1776885863.0481029,-2.0,2.0,-37.0
1776885863.0581028,0.0,0.0,-32.0
1776885863.0681028,2.0,-1.0,-37.0
1776885863.0781028,3.0,0.0,-37.0
1776885863.0881028,0.0,0.0,-36.0
1776885863.0981028,2.0,-3.0,-35.0
1776885863.1081028,4.0,0.0,-32.0
1776885863.1181028,8.0,1.0,-37.0
1776885863.1281028,7.0,-1.0,-35.0
1776885863.1381028,2.0,0.0,-35.0
1776885863.1481028,0.0,0.0,-37.0
1776885863.1581028,1.0,1.0,-37.0
1776885863.1681027,-2.0,5.0,-33.0
1776885863.1781027,-4.0,3.0,-37.0
1776885863.1881027,-4.0,3.0,-36.0
1776885863.1981027,0.0,1.0,-40.0
1776885863.2081027,2.0,0.0,-41.0
1776885863.2181027,4.0,-3.0,-42.0
1776885863.2281027,4.0,-2.0,-43.0
1776885863.238103,6.0,-3.0,-40.0
1776885863.248103,8.0,-5.0,-42.0
1776885863.258103,9.0,-6.0,-44.0
1776885863.2681026,8.0,-2.0,-44.0
1776885863.2781026,7.0,0.0,-45.0
1776885863.2881026,9.0,0.0,-46.0
1776885863.2981029,6.0,-2.0,-46.0
1776885863.3081028,10.0,-4.0,-47.0
1776885863.3181028,7.0,-4.0,-45.0
1776885863.3281028,7.0,-4.0,-45.0
1776885863.3381028,5.0,-2.0,-45.0
1776885863.3481028,3.0,-4.0,-40.0
1776885863.3581028,0.0,0.0,-40.0
1776885863.3681028,-2.0,3.0,-43.0
1776885863.3781028,-5.0,3.0,-32.0
1776885863.3881028,-8.0,1.0,-32.0
1776885863.3981028,-8.0,2.0,-32.0
1776885863.4081028,-7.0,1.0,-32.0
1776885863.4181027,-8.0,2.0,-37.0
1776885863.4281027,-8.0,-1.0,-36.0
1776885863.4381027,-4.0,-1.0,-38.0
1776885863.4481027,0.0,-4.0,-37.0
1776885863.4581027,0.0,-3.0,-46.0
1776885863.4681027,1.0,-4.0,-50.0
1776885863.4781027,0.0,-4.0,-50.0
1776885863.488103,5.0,-3.0,-44.0
1776885863.498103,5.0,-2.0,-42.0
1776885863.508103,0.0,0.0,-41.0
1776885863.5181026,-4.0,1.0,-48.0
1776885863.5281026,-3.0,0.0,-47.0
1776885863.5381026,-2.0,-2.0,-45.0
1776885863.5491028,-3.0,-3.0,-48.0
1776885863.5591028,-3.0,-1.0,-42.0
1776885863.5691028,-1.0,-4.0,-43.0
1776885863.5791028,-1.0,-2.0,-41.0
1776885863.5891027,-3.0,0.0,-39.0
1776885863.5991027,-4.0,0.0,-43.0
1776885863.6091027,-3.0,0.0,-45.0
1776885863.6191027,-5.0,1.0,-43.0
1776885863.6291027,-3.0,-2.0,-38.0
1776885863.6391027,-1.0,-4.0,-37.0
1776885863.6491027,-4.0,-2.0,-39.0
1776885863.659103,-3.0,0.0,-41.0
1776885863.669103,-4.0,0.0,-44.0
1776885863.679103,-5.0,0.0,-41.0
1776885863.6891026,-2.0,-4.0,-44.0
1776885863.6991026,-1.0,-7.0,-46.0
1776885863.7091026,-2.0,-7.0,-48.0
1776885863.7191026,0.0,-9.0,-43.0
1776885863.7291028,-3.0,-11.0,-44.0
1776885863.7391028,0.0,-12.0,-42.0
1776885863.7491028,0.0,-11.0,-42.0
1776885863.7591028,3.0,-8.0,-43.0
1776885863.7691028,4.0,-4.0,-37.0
1776885863.7791028,5.0,-2.0,-36.0
1776885863.7891028,5.0,-4.0,-46.0
1776885863.7991028,9.0,-6.0,-54.0
1776885863.8091028,14.0,0.0,-54.0
1776885863.8191028,10.0,-2.0,-50.0
1776885863.8291028,8.0,1.0,-52.0
1776885863.8391027,10.0,-2.0,-53.0
1776885863.8491027,6.0,-7.0,-47.0
1776885863.8591027,3.0,-7.0,-45.0
1776885863.8691027,3.0,-7.0,-39.0
1776885863.8791027,3.0,-5.0,-32.0
1776885863.8891027,5.0,-7.0,-27.0
1776885863.8991027,0.0,-5.0,-25.0
1776885863.909103,0.0,-1.0,-29.0
1776885863.919103,1.0,0.0,-23.0
1776885863.929103,-1.0,0.0,-29.0
1776885863.9391026,3.0,0.0,-29.0
1776885863.9491026,3.0,0.0,-33.0
1776885863.9591026,4.0,-1.0,-32.0
1776885863.9691026,1.0,-2.0,-34.0
1776885863.9791028,1.0,-2.0,-34.0
1776885863.9891028,2.0,0.0,-35.0
1776885863.9991028,0.0,3.0,-37.0
1776885864.0091028,-1.0,3.0,-44.0
1776885864.0191028,-2.0,3.0,-49.0
1776885864.0291028,-2.0,3.0,-50.0
1776885864.0391028,0.0,0.0,-46.0
1776885864.0491028,-1.0,-2.0,-41.0
1776885864.0591028,3.0,-2.0,-35.0
1776885864.0691028,7.0,-2.0,-36.0
1776885864.0791028,2.0,0.0,-42.0
1776885864.0891027,-1.0,0.0,-38.0
1776885864.0991027,2.0,1.0,-36.0
1776885864.1091027,3.0,4.0,-34.0
1776885864.1191027,4.0,1.0,-35.0
1776885864.1291027,2.0,-2.0,-43.0
1776885864.1391027,3.0,-4.0,-41.0
1776885864.1491027,-2.0,-3.0,-45.0
1776885864.159103,0.0,-3.0,-50.0
1776885864.169103,3.0,-1.0,-56.0
1776885864.179103,4.0,-3.0,-45.0
1776885864.1891026,4.0,-2.0,-44.0
1776885864.1991026,3.0,0.0,-45.0
1776885864.2091026,6.0,-5.0,-44.0
1776885864.2191026,5.0,-3.0,-42.0
1776885864.2291028,3.0,1.0,-42.0
1776885864.2391028,-2.0,2.0,-32.0
1776885864.2491028,-2.0,0.0,-33.0
1776885864.2591028,1.0,0.0,-36.0
1776885864.2691028,2.0,3.0,-38.0
1776885864.2791028,3.0,2.0,-47.0
1776885864.2891028,0.0,0.0,-37.0
1776885864.2991028,0.0,-3.0,-37.0
1776885864.3091028,0.0,-7.0,-39.0
1776885864.3191028,0.0,-5.0,-34.0
1776885864.3291028,0.0,-2.0,-36.0
1776885864.3391027,0.0,2.0,-33.0
1776885864.3491027,-2.0,-2.0,-39.0
1776885864.3591027,-3.0,-5.0,-41.0
1776885864.3691027,-4.0,-4.0,-41.0
1776885864.3791027,-4.0,-2.0,-39.0
1776885864.3891027,-6.0,-2.0,-42.0
1776885864.3991027,-2.0,-2.0,-37.0
1776885864.409103,-4.0,0.0,-39.0
1776885864.419103,-1.0,4.0,-37.0
1776885864.429103,-1.0,4.0,-33.0
1776885864.4391026,-6.0,2.0,-35.0
1776885864.4491026,-6.0,0.0,-36.0
1776885864.4591026,-4.0,-4.0,-46.0
1776885864.4691026,0.0,-3.0,-48.0
1776885864.4791028,1.0,-8.0,-45.0
1776885864.4891028,0.0,-6.0,-42.0
1776885864.4991028,1.0,-5.0,-38.0
1776885864.5091028,0.0,-9.0,-40.0
1776885864.5191028,-3.0,-8.0,-49.0
1776885864.5291028,-1.0,-7.0,-52.0
1776885864.5391028,4.0,-3.0,-51.0
1776885864.5491028,1.0,-1.0,-51.0
1776885864.5591028,0.0,-4.0,-50.0
1776885864.5691028,1.0,-5.0,-50.0
1776885864.5791028,2.0,-4.0,-51.0
1776885864.5891027,-1.0,-5.0,-53.0
1776885864.5991027,-5.0,-6.0,-54.0
1776885864.6091027,-2.0,-5.0,-48.0
1776885864.6191027,-5.0,-7.0,-48.0
1776885864.6291027,-4.0,-8.0,-46.0
1776885864.6391027,1.0,-9.0,-41.0
1776885864.6491027,0.0,-10.0,-39.0
1776885864.659103,1.0,-10.0,-38.0
1776885864.669103,0.0,-8.0,-36.0
1776885864.679103,4.0,-10.0,-41.0
1776885864.6891026,1.0,-10.0,-42.0
1776885864.6991026,0.0,-4.0,-42.0
1776885864.7091026,3.0,0.0,-40.0
1776885864.7191026,4.0,0.0,-34.0
1776885864.7291028,2.0,1.0,-30.0
1776885864.7391028,-5.0,0.0,-32.0
1776885864.7491028,-6.0,-2.0,-37.0
1776885864.7591028,-2.0,-3.0,-41.0
1776885864.7691028,-1.0,-3.0,-34.0
1776885864.7791028,-3.0,1.0,-37.0
1776885864.7891028,-6.0,4.0,-38.0
1776885864.7991028,-2.0,6.0,-37.0
1776885864.8091028,0.0,5.0,-30.0
1776885864.8191028,0.0,4.0,-31.0
1776885864.8291028,2.0,-1.0,-30.0
1776885864.8391027,1.0,-2.0,-23.0
1776885864.8491027,0.0,-4.0,-34.0
1776885864.8591027,0.0,0.0,-35.0
1776885864.8691027,-1.0,3.0,-39.0
1776885864.8791027,-1.0,0.0,-34.0
1776885864.8891027,-2.0,2.0,-33.0
1776885864.8991027,3.0,3.0,-30.0
1776885864.909103,4.0,1.0,-21.0
1776885864.919103,0.0,2.0,-30.0
1776885864.929103,2.0,0.0,-33.0
1776885864.9391026,-1.0,2.0,-33.0
1776885864.9491026,0.0,4.0,-36.0
1776885864.9591026,0.0,0.0,-35.0
1776885864.9691026,0.0,1.0,-38.0
1776885864.9791028,0.0,3.0,-43.0
1776885864.9891028,1.0,0.0,-41.0
1776885864.9991028,1.0,1.0,-41.0
1776885865.0091028,-2.0,0.0,-41.0
1776885865.0191028,-3.0,0.0,-40.0
1776885865.0291028,0.0,0.0,-38.0
1776885865.0391028,1.0,-1.0,-36.0
1776885865.0491028,0.0,-2.0,-33.0
1776885865.0591028,2.0,-6.0,-32.0
1776885865.0691028,4.0,-10.0,-40.0
1776885865.0791028,5.0,-5.0,-35.0
1776885865.0891027,6.0,-7.0,-27.0
1776885865.0991027,8.0,-8.0,-27.0
1776885865.1091027,8.0,-3.0,-29.0
1776885865.1191027,8.0,-1.0,-32.0
1776885865.1291027,7.0,3.0,-40.0
1776885865.1391027,4.0,2.0,-40.0
1776885865.1491027,0.0,-1.0,-39.0
1776885865.159103,5.0,0.0,-37.0
1776885865.169103,6.0,0.0,-39.0
1776885865.179103,8.0,-2.0,-48.0
1776885865.1891026,3.0,-3.0,-47.0
1776885865.1991026,0.0,-1.0,-40.0
1776885865.2091026,-3.0,2.0,-37.0
1776885865.2191026,-6.0,2.0,-41.0
1776885865.2291028,-7.0,1.0,-39.0
1776885865.2391028,-4.0,-2.0,-34.0
1776885865.2491028,-2.0,-4.0,-30.0
1776885865.2591028,-2.0,-6.0,-33.0
1776885865.2691028,-1.0,-5.0,-39.0
1776885865.2791028,0.0,-3.0,-41.0
1776885865.2891028,-4.0,-2.0,-40.0
1776885865.2991028,-7.0,1.0,-40.0
1776885865.3091028,-3.0,6.0,-43.0
1776885865.3191028,0.0,6.0,-41.0
1776885865.3291028,3.0,4.0,-45.0
1776885865.3391027,1.0,6.0,-43.0
1776885865.3491027,0.0,3.0,-46.0
1776885865.3591027,1.0,8.0,-46.0
1776885865.3691027,5.0,6.0,-51.0
1776885865.3791027,6.0,6.0,-55.0
1776885865.3891027,3.0,8.0,-49.0
1776885865.3991027,-1.0,3.0,-48.0
1776885865.409103,0.0,6.0,-47.0
1776885865.419103,0.0,3.0,-45.0
1776885865.429103,3.0,5.0,-38.0
1776885865.4391026,0.0,7.0,-37.0
1776885865.4491026,-5.0,4.0,-39.0
1776885865.4591026,0.0,1.0,-42.0
1776885865.4691026,-1.0,-6.0,-46.0
1776885865.4791028,-4.0,-5.0,-44.0
1776885865.4891028,-1.0,-3.0,-41.0
1776885865.4991028,3.0,-1.0,-41.0
1776885865.5091028,1.0,-1.0,-42.0
1776885865.5191028,1.0,-3.0,-45.0
1776885865.5291028,0.0,-3.0,-47.0
1776885865.5391028,3.0,-2.0,-42.0
1776885865.5491028,4.0,-3.0,-44.0
1776885865.5601027,-3.0,-2.0,-48.0
1776885865.5701027,-1.0,-2.0,-48.0
1776885865.5801027,2.0,-3.0,-45.0
1776885865.590103,5.0,-3.0,-40.0
1776885865.600103,5.0,-4.0,-40.0
1776885865.610103,2.0,-1.0,-40.0
1776885865.6201026,0.0,5.0,-39.0
1776885865.6301026,0.0,6.0,-34.0
1776885865.6401026,1.0,0.0,-34.0
1776885865.6501029,3.0,-1.0,-33.0
1776885865.6601028,3.0,-1.0,-31.0
1776885865.6701028,3.0,-5.0,-41.0
1776885865.6801028,2.0,-8.0,-34.0
1776885865.6901028,1.0,-7.0,-29.0
1776885865.7001028,3.0,-8.0,-38.0
1776885865.7101028,7.0,-10.0,-42.0
1776885865.7201028,8.0,-7.0,-40.0
1776885865.7301028,5.0,-5.0,-39.0
1776885865.7401028,0.0,-3.0,-43.0
1776885865.7501028,-3.0,-3.0,-44.0
1776885865.7601027,-2.0,0.0,-43.0
1776885865.7701027,-3.0,2.0,-38.0
1776885865.7801027,0.0,1.0,-40.0
1776885865.7901027,3.0,2.0,-41.0
1776885865.8001027,2.0,-1.0,-31.0
1776885865.8101027,5.0,0.0,-32.0
1776885865.8201027,7.0,1.0,-29.0
1776885865.8301027,6.0,2.0,-29.0
1776885865.840103,2.0,5.0,-36.0
1776885865.850103,0.0,1.0,-35.0
1776885865.860103,3.0,-2.0,-38.0
1776885865.8701026,2.0,-3.0,-43.0
1776885865.8801026,-1.0,2.0,-44.0
1776885865.8901026,-3.0,2.0,-41.0
1776885865.9001029,0.0,2.0,-37.0
1776885865.9101028,0.0,0.0,-37.0
1776885865.9201028,3.0,2.0,-30.0
1776885865.9301028,4.0,1.0,-26.0
1776885865.9401028,0.0,0.0,-37.0
1776885865.9501028,0.0,3.0,-43.0
1776885865.9601028,-2.0,0.0,-35.0
1776885865.9701028,0.0,0.0,-28.0
1776885865.9801028,-3.0,0.0,-34.0
1776885865.9901028,-4.0,-4.0,-32.0
1776885866.0001028,-2.0,-1.0,-36.0
1776885866.0101027,-4.0,-5.0,-40.0
1776885866.0201027,-2.0,-7.0,-38.0
1776885866.0301027,-2.0,-6.0,-38.0
1776885866.0401027,0.0,-9.0,-40.0
1776885866.0501027,2.0,-4.0,-43.0
1776885866.0601027,5.0,-3.0,-45.0
1776885866.0701027,0.0,-5.0,-41.0
1776885866.0801027,-5.0,-4.0,-39.0
1776885866.090103,-5.0,-2.0,-42.0
1776885866.100103,-2.0,-2.0,-45.0
1776885866.110103,1.0,0.0,-45.0
1776885866.1201026,0.0,2.0,-44.0
1776885866.1301026,-4.0,8.0,-44.0
1776885866.1401026,0.0,8.0,-39.0
1776885866.1501029,0.0,4.0,-42.0
1776885866.1601028,-3.0,4.0,-45.0
1776885866.1701028,-6.0,0.0,-46.0
1776885866.1801028,-5.0,0.0,-49.0
1776885866.1901028,-3.0,5.0,-50.0
1776885866.2001028,-4.0,3.0,-51.0
1776885866.2101028,-6.0,3.0,-42.0
1776885866.2201028,-4.0,1.0,-38.0
1776885866.2301028,-3.0,0.0,-38.0
1776885866.2401028,-3.0,-1.0,-34.0
1776885866.2501028,-2.0,-1.0,-30.0
1776885866.2601027,-2.0,-2.0,-37.0
1776885866.2701027,-2.0,-2.0,-34.0
1776885866.2801027,-2.0,-5.0,-33.0
1776885866.2901027,1.0,-5.0,-29.0
1776885866.3001027,2.0,-7.0,-33.0
1776885866.3101027,0.0,-4.0,-35.0
1776885866.3201027,1.0,2.0,-45.0
1776885866.3301027,3.0,-2.0,-38.0
1776885866.340103,4.0,-3.0,-42.0
1776885866.350103,4.0,0.0,-39.0
1776885866.360103,-1.0,1.0,-43.0
1776885866.3701026,0.0,0.0,-47.0
1776885866.3801026,-2.0,0.0,-44.0
1776885866.3901026,-2.0,0.0,-45.0
1776885866.4001029,-4.0,-2.0,-43.0
1776885866.4101028,-2.0,0.0,-42.0
1776885866.4201028,-2.0,-2.0,-41.0
1776885866.4301028,-2.0,-2.0,-41.0
1776885866.4401028,1.0,-4.0,-43.0
1776885866.4501028,5.0,-6.0,-43.0
1776885866.4601028,4.0,-5.0,-45.0
1776885866.4701028,0.0,-4.0,-36.0
1776885866.4801028,2.0,-2.0,-38.0
1776885866.4901028,2.0,1.0,-40.0
1776885866.5001028,2.0,0.0,-39.0
1776885866.5101027,-4.0,-2.0,-35.0
1776885866.5201027,-4.0,-2.0,-37.0
1776885866.5301027,-4.0,1.0,-38.0
1776885866.5401027,-1.0,1.0,-39.0
1776885866.5501027,-1.0,4.0,-41.0
1776885866.5601027,-3.0,3.0,-41.0
1776885866.5701027,0.0,3.0,-51.0
1776885866.5801027,5.0,1.0,-52.0
1776885866.590103,5.0,0.0,-45.0
1776885866.600103,3.0,-4.0,-46.0
1776885866.610103,2.0,-4.0,-50.0
1776885866.6201026,7.0,-2.0,-44.0
1776885866.6301026,8.0,-3.0,-49.0
1776885866.6401026,4.0,-3.0,-45.0
1776885866.6501029,3.0,-4.0,-39.0
1776885866.6601028,0.0,-5.0,-38.0
1776885866.6701028,-2.0,-3.0,-39.0
1776885866.6801028,2.0,-8.0,-45.0
1776885866.6901028,2.0,-9.0,-41.0
1776885866.7001028,3.0,-7.0,-39.0
1776885866.7101028,1.0,-9.0,-44.0
1776885866.7201028,2.0,-8.0,-46.0
1776885866.7301028,0.0,-8.0,-43.0
1776885866.7401028,0.0,-6.0,-41.0
1776885866.7501028,0.0,-6.0,-42.0
1776885866.7601027,-4.0,-3.0,-37.0
1776885866.7701027,1.0,2.0,-37.0
1776885866.7801027,1.0,4.0,-39.0
1776885866.7901027,3.0,8.0,-37.0
1776885866.8001027,5.0,3.0,-37.0
1776885866.8101027,5.0,1.0,-41.0
1776885866.8201027,5.0,0.0,-35.0
1776885866.8301027,5.0,1.0,-35.0
1776885866.840103,4.0,0.0,-37.0
1776885866.850103,1.0,-1.0,-39.0
1776885866.860103,-1.0,-3.0,-38.0
1776885866.8701026,-4.0,1.0,-37.0
1776885866.8801026,-1.0,0.0,-41.0
1776885866.8901026,-3.0,-1.0,-35.0
1776885866.9001029,-2.0,-3.0,-35.0
1776885866.9101028,-4.0,-6.0,-38.0
1776885866.9201028,-6.0,-6.0,-36.0
1776885866.9301028,-1.0,-3.0,-32.0
1776885866.9401028,-1.0,-6.0,-29.0
1776885866.9501028,1.0,0.0,-33.0
1776885866.9601028,2.0,2.0,-34.0
1776885866.9701028,8.0,4.0,-41.0
1776885866.9801028,8.0,6.0,-46.0
1776885866.9901028,10.0,7.0,-41.0
1776885867.0001028,6.0,5.0,-40.0
1776885867.0101027,4.0,1.0,-42.0
1776885867.0201027,1.0,-2.0,-39.0
1776885867.0301027,0.0,-6.0,-40.0
1776885867.0401027,-2.0,-6.0,-45.0
1776885867.0501027,-1.0,-10.0,-44.0
1776885867.0601027,-1.0,-11.0,-42.0
1776885867.0701027,-3.0,-7.0,-42.0
1776885867.0801027,0.0,-4.0,-39.0
1776885867.090103,5.0,-4.0,-31.0
1776885867.100103,2.0,-5.0,-29.0
1776885867.110103,1.0,-5.0,-24.0
1776885867.1201026,-1.0,-1.0,-24.0
1776885867.1301026,-1.0,-4.0,-29.0
1776885867.1401026,1.0,-4.0,-30.0
1776885867.1501029,1.0,-1.0,-30.0
1776885867.1601028,-1.0,-4.0,-36.0
1776885867.1701028,-4.0,-1.0,-42.0
1776885867.1801028,-3.0,-2.0,-37.0
1776885867.1901028,0.0,-1.0,-34.0
1776885867.2001028,0.0,-3.0,-34.0
1776885867.2101028,0.0,0.0,-36.0
1776885867.2201028,1.0,0.0,-31.0
1776885867.2301028,1.0,-3.0,-39.0
1776885867.2401028,1.0,-4.0,-40.0
1776885867.2501028,6.0,-8.0,-42.0
1776885867.2601027,5.0,-6.0,-42.0
1776885867.2701027,7.0,-9.0,-44.0
1776885867.2801027,9.0,-9.0,-43.0
1776885867.2901027,5.0,-8.0,-46.0
1776885867.3001027,2.0,-8.0,-45.0
1776885867.3101027,0.0,-7.0,-40.0
1776885867.3201027,3.0,-5.0,-42.0
1776885867.3301027,6.0,-5.0,-41.0
1776885867.340103,6.0,-5.0,-38.0
1776885867.350103,4.0,-4.0,-33.0
1776885867.360103,0.0,-3.0,-40.0
1776885867.3701026,-1.0,-3.0,-37.0
1776885867.3801026,-2.0,-4.0,-41.0
1776885867.3901026,-4.0,-8.0,-39.0
1776885867.4001029,-3.0,-6.0,-35.0
1776885867.4101028,-5.0,-1.0,-37.0
1776885867.4201028,-8.0,-2.0,-36.0
1776885867.4301028,-5.0,-2.0,-40.0
1776885867.4401028,-3.0,1.0,-39.0
1776885867.4501028,-3.0,-1.0,-41.0
1776885867.4601028,-2.0,-2.0,-38.0
1776885867.4701028,-4.0,-2.0,-47.0
1776885867.4801028,-3.0,-1.0,-52.0
1776885867.4901028,-1.0,-1.0,-53.0
1776885867.5001028,-2.0,-2.0,-49.0
1776885867.5101027,-1.0,0.0,-51.0
1776885867.5201027,0.0,-4.0,-48.0
1776885867.531103,1.0,-1.0,-47.0
1776885867.5401027,2.0,-3.0,-48.0
1776885867.5501027,2.0,-5.0,-50.0
1776885867.5601027,-3.0,-4.0,-47.0
1776885867.5711029,0.0,-3.0,-44.0
1776885867.5811028,-1.0,-3.0,-42.0
1776885867.5911028,-1.0,-2.0,-40.0
1776885867.6011028,-5.0,-2.0,-44.0
1776885867.6111028,-3.0,0.0,-42.0
1776885867.6211028,-3.0,0.0,-37.0
1776885867.6311028,-4.0,0.0,-34.0
1776885867.6411028,-1.0,4.0,-34.0
1776885867.6511028,0.0,4.0,-34.0
1776885867.6611028,2.0,0.0,-39.0
1776885867.6711028,6.0,1.0,-40.0
1776885867.6811028,9.0,1.0,-35.0
1776885867.6911027,10.0,1.0,-34.0
1776885867.7011027,8.0,1.0,-34.0
1776885867.7111027,5.0,1.0,-37.0
1776885867.7211027,5.0,0.0,-37.0
1776885867.7311027,3.0,-3.0,-40.0
1776885867.7411027,3.0,-1.0,-34.0
1776885867.7511027,3.0,-2.0,-38.0
1776885867.761103,5.0,0.0,-39.0
1776885867.771103,5.0,0.0,-38.0
1776885867.781103,4.0,-1.0,-41.0
1776885867.7911026,5.0,-2.0,-42.0
1776885867.8011026,3.0,-1.0,-43.0
1776885867.8111026,4.0,0.0,-43.0
1776885867.8211029,6.0,1.0,-43.0
1776885867.8311028,1.0,-1.0,-49.0
1776885867.8411028,4.0,0.0,-46.0
1776885867.8511028,4.0,-3.0,-43.0
1776885867.8611028,1.0,-4.0,-38.0
1776885867.8711028,1.0,-2.0,-40.0
1776885867.8811028,1.0,-3.0,-39.0
1776885867.8911028,6.0,-1.0,-34.0
1776885867.9011028,4.0,0.0,-36.0
1776885867.9111028,3.0,-3.0,-35.0
1776885867.9211028,6.0,-4.0,-32.0
1776885867.9311028,4.0,-5.0,-38.0
1776885867.9411027,5.0,-2.0,-45.0
1776885867.9511027,2.0,-1.0,-43.0
1776885867.9611027,2.0,-4.0,-39.0
1776885867.9711027,-1.0,-4.0,-42.0
1776885867.9811027,-3.0,-2.0,-41.0
1776885867.9911027,-3.0,-1.0,-39.0
1776885868.0011027,0.0,0.0,-44.0
1776885868.011103,3.0,0.0,-44.0
1776885868.021103,3.0,5.0,-39.0
1776885868.031103,0.0,4.0,-36.0
1776885868.0411026,-2.0,0.0,-37.0
1776885868.0511026,-4.0,0.0,-40.0
1776885868.0611026,-2.0,-1.0,-33.0
1776885868.0711029,4.0,0.0,-32.0
1776885868.0811028,5.0,2.0,-37.0
1776885868.0911028,7.0,2.0,-35.0
1776885868.1011028,7.0,-1.0,-29.0
1776885868.1111028,6.0,0.0,-31.0
1776885868.1211028,7.0,-1.0,-33.0
1776885868.1311028,4.0,-2.0,-42.0
1776885868.1411028,3.0,-4.0,-48.0
1776885868.1511028,7.0,-8.0,-46.0
1776885868.1611028,3.0,-11.0,-50.0
1776885868.1711028,4.0,-16.0,-52.0
1776885868.1811028,0.0,-14.0,-52.0
1776885868.1911027,0.0,-14.0,-51.0
1776885868.2011027,-2.0,-13.0,-47.0
1776885868.2111027,-3.0,-10.0,-43.0
1776885868.2211027,-5.0,-9.0,-39.0
1776885868.2311027,-5.0,-4.0,-45.0
1776885868.2411027,0.0,-5.0,-44.0
1776885868.2511027,1.0,-5.0,-35.0
1776885868.261103,3.0,-4.0,-32.0
1776885868.271103,4.0,-2.0,-31.0
1776885868.281103,5.0,-1.0,-37.0
1776885868.2911026,8.0,0.0,-38.0
1776885868.3011026,5.0,-1.0,-45.0
1776885868.3111026,0.0,-1.0,-39.0
1776885868.3211029,-1.0,0.0,-37.0
1776885868.3311028,0.0,3.0,-40.0
1776885868.3411028,3.0,3.0,-39.0
1776885868.3511028,3.0,1.0,-39.0
1776885868.3611028,3.0,0.0,-42.0
1776885868.3711028,0.0,-1.0,-44.0
1776885868.3811028,2.0,-2.0,-46.0
1776885868.3911028,5.0,0.0,-52.0
1776885868.4011028,4.0,0.0,-45.0
1776885868.4111028,0.0,1.0,-46.0
1776885868.4211028,-2.0,4.0,-50.0
1776885868.4311028,0.0,2.0,-44.0
1776885868.4411027,-1.0,4.0,-44.0
1776885868.4511027,-6.0,1.0,-43.0
1776885868.4611027,-4.0,3.0,-43.0
1776885868.4711027,-6.0,4.0,-37.0
1776885868.4811027,-7.0,4.0,-38.0
1776885868.4911027,0.0,3.0,-37.0
1776885868.5011027,-1.0,-1.0,-40.0
1776885868.511103,-4.0,0.0,-42.0
1776885868.521103,0.0,-2.0,-48.0
1776885868.531103,1.0,-1.0,-52.0
1776885868.5411026,-1.0,-2.0,-49.0
1776885868.5511026,-2.0,-5.0,-51.0
1776885868.5611026,-1.0,-4.0,-54.0
1776885868.5711029,1.0,-1.0,-50.0
1776885868.5811028,4.0,-1.0,-56.0
1776885868.5911028,3.0,-3.0,-55.0
1776885868.6011028,0.0,-6.0,-51.0
1776885868.6111028,-2.0,-6.0,-48.0
1776885868.6211028,-1.0,-7.0,-51.0
1776885868.6311028,0.0,-7.0,-47.0
1776885868.6411028,5.0,-2.0,-46.0
1776885868.6511028,8.0,-2.0,-49.0
1776885868.6611028,13.0,-2.0,-49.0
1776885868.6711028,7.0,-3.0,-46.0
1776885868.6811028,7.0,0.0,-47.0
1776885868.6911027,4.0,0.0,-47.0
1776885868.7011027,1.0,-3.0,-46.0
1776885868.7111027,0.0,-5.0,-49.0
1776885868.7211027,1.0,-4.0,-39.0
1776885868.7311027,2.0,-4.0,-38.0
1776885868.7411027,0.0,-3.0,-36.0
1776885868.7511027,0.0,-4.0,-41.0
1776885868.761103,2.0,-7.0,-48.0
1776885868.771103,5.0,-7.0,-50.0
1776885868.781103,3.0,-5.0,-54.0
1776885868.7911026,0.0,-3.0,-46.0
1776885868.8011026,2.0,-7.0,-42.0
1776885868.8111026,-2.0,-2.0,-43.0
1776885868.8211029,-6.0,0.0,-38.0
1776885868.8311028,-3.0,0.0,-43.0
1776885868.8411028,-2.0,-7.0,-48.0
1776885868.8511028,-1.0,-6.0,-44.0
1776885868.8611028,-1.0,-4.0,-48.0
1776885868.8711028,3.0,-4.0,-49.0
1776885868.8811028,2.0,-5.0,-45.0
1776885868.8911028,0.0,-3.0,-40.0
1776885868.9011028,-1.0,-2.0,-40.0
1776885868.9111028,-1.0,-5.0,-38.0
1776885868.9211028,-1.0,-4.0,-38.0
1776885868.9311028,-1.0,-3.0,-39.0
1776885868.9411027,0.0,-3.0,-45.0
1776885868.9511027,0.0,-5.0,-45.0
1776885868.9611027,3.0,-5.0,-45.0
1776885868.9711027,1.0,-2.0,-47.0
1776885868.9811027,0.0,-6.0,-49.0
1776885868.9911027,2.0,-6.0,-46.0
1776885869.0011027,5.0,-11.0,-46.0
1776885869.011103,9.0,-8.0,-44.0
1776885869.021103,5.0,-4.0,-35.0
1776885869.031103,10.0,1.0,-36.0
1776885869.0411026,14.0,0.0,-40.0
1776885869.0511026,8.0,0.0,-33.0
1776885869.0611026,5.0,-3.0,-31.0
1776885869.0711029,3.0,-5.0,-31.0
1776885869.0811028,1.0,-6.0,-32.0
1776885869.0911028,1.0,-5.0,-23.0
1776885869.1011028,0.0,-5.0,-20.0
1776885869.1111028,0.0,-3.0,-18.0
1776885869.1211028,0.0,-1.0,-15.0
1776885869.1311028,-1.0,-2.0,-21.0
1776885869.1411028,1.0,-6.0,-25.0
1776885869.1511028,5.0,-7.0,-33.0
1776885869.1611028,4.0,-3.0,-39.0
1776885869.1711028,7.0,1.0,-37.0
1776885869.1811028,3.0,0.0,-39.0
1776885869.1911027,6.0,0.0,-39.0
1776885869.2011027,0.0,1.0,-39.0
1776885869.2111027,0.0,1.0,-41.0
1776885869.2211027,3.0,-3.0,-45.0
1776885869.2311027,3.0,-2.0,-46.0
1776885869.2411027,3.0,-2.0,-43.0
1776885869.2511027,5.0,-8.0,-45.0
1776885869.261103,2.0,-10.0,-40.0
1776885869.271103,3.0,-10.0,-39.0
1776885869.281103,4.0,-7.0,-36.0
1776885869.2911026,0.0,-4.0,-38.0
1776885869.3011026,-1.0,-7.0,-41.0
1776885869.3111026,-2.0,-6.0,-37.0
1776885869.3211029,0.0,-6.0,-32.0
1776885869.3311028,-5.0,-4.0,-28.0
1776885869.3411028,-6.0,0.0,-36.0
1776885869.3511028,-3.0,0.0,-39.0
1776885869.3611028,-3.0,-3.0,-42.0
1776885869.3711028,-3.0,-9.0,-49.0
1776885869.3811028,-8.0,-8.0,-51.0
1776885869.3911028,-3.0,-8.0,-49.0
1776885869.4011028,0.0,-4.0,-38.0
1776885869.4111028,3.0,-4.0,-38.0
1776885869.4211028,0.0,-5.0,-34.0
1776885869.4311028,-2.0,-8.0,-29.0
1776885869.4411027,-2.0,-10.0,-33.0
1776885869.4511027,1.0,-9.0,-33.0
1776885869.4611027,0.0,-6.0,-37.0
1776885869.4711027,3.0,-10.0,-28.0
1776885869.4811027,3.0,-13.0,-24.0
1776885869.4911027,2.0,-11.0,-28.0
1776885869.5011027,2.0,-12.0,-33.0
1776885869.511103,0.0,-11.0,-39.0
1776885869.521103,-2.0,-12.0,-42.0
1776885869.5321028,3.0,-6.0,-42.0
1776885869.5421028,0.0,-2.0,-42.0
1776885869.5521028,-1.0,0.0,-42.0
1776885869.5621028,1.0,-2.0,-34.0
1776885869.5721028,2.0,0.0,-36.0
1776885869.5821028,2.0,-1.0,-39.0
1776885869.5921028,1.0,-1.0,-38.0
1776885869.6021028,2.0,1.0,-37.0
1776885869.6121027,3.0,1.0,-37.0
1776885869.6221027,2.0,-1.0,-35.0
1776885869.6321027,0.0,-2.0,-33.0
1776885869.6421027,3.0,-2.0,-37.0
1776885869.6521027,5.0,0.0,-36.0
1776885869.6621027,5.0,-3.0,-40.0
1776885869.6721027,4.0,-5.0,-40.0
1776885869.682103,0.0,-2.0,-36.0
1776885869.692103,0.0,-1.0,-42.0
1776885869.702103,0.0,-4.0,-43.0
1776885869.712103,0.0,-1.0,-38.0
1776885869.7221026,1.0,-2.0,-35.0
1776885869.7321026,0.0,-3.0,-46.0
1776885869.7421026,7.0,-6.0,-49.0
1776885869.7521029,8.0,-10.0,-47.0
1776885869.7621028,6.0,-9.0,-38.0
1776885869.7721028,0.0,-5.0,-33.0
1776885869.7821028,-3.0,-6.0,-32.0
1776885869.7921028,-6.0,-7.0,-31.0
1776885869.8021028,0.0,-8.0,-28.0
1776885869.8121028,0.0,-5.0,-27.0
1776885869.8221028,0.0,-2.0,-25.0
1776885869.8321028,-2.0,1.0,-32.0
1776885869.8421028,-5.0,2.0,-31.0
1776885869.8521028,0.0,0.0,-37.0
1776885869.8621027,-4.0,-2.0,-32.0
1776885869.8721027,0.0,-3.0,-35.0
1776885869.8821027,0.0,-7.0,-41.0
1776885869.8921027,-1.0,-9.0,-45.0
1776885869.9021027,2.0,-7.0,-50.0
1776885869.9121027,2.0,-9.0,-48.0
1776885869.9221027,1.0,-7.0,-45.0
1776885869.932103,2.0,-4.0,-45.0
1776885869.942103,2.0,0.0,-44.0
1776885869.952103,3.0,-3.0,-51.0
1776885869.962103,-4.0,-1.0,-51.0
1776885869.9721026,-7.0,-4.0,-44.0
1776885869.9821026,-7.0,-5.0,-41.0
1776885869.9921026,-5.0,0.0,-37.0
1776885870.0021029,-4.0,0.0,-32.0
1776885870.0121028,1.0,0.0,-27.0
1776885870.0221028,3.0,0.0,-30.0
1776885870.0321028,2.0,1.0,-39.0
1776885870.0421028,-1.0,0.0,-43.0
1776885870.0521028,-1.0,-1.0,-42.0
1776885870.0621028,-1.0,0.0,-36.0
1776885870.0721028,0.0,0.0,-32.0
1776885870.0821028,6.0,-1.0,-29.0
1776885870.0921028,6.0,-4.0,-42.0
1776885870.1021028,5.0,0.0,-45.0
1776885870.1121027,8.0,2.0,-50.0
1776885870.1221027,10.0,1.0,-45.0
1776885870.1321027,14.0,-1.0,-36.0
1776885870.1421027,9.0,-1.0,-28.0
1776885870.1521027,2.0,-2.0,-32.0
1776885870.1621027,0.0,-5.0,-38.0
1776885870.1721027,0.0,-4.0,-43.0
1776885870.182103,-3.0,-3.0,-37.0
1776885870.192103,-3.0,-6.0,-38.0
1776885870.202103,-1.0,-8.0,-35.0
1776885870.212103,-1.0,-8.0,-33.0
1776885870.2221026,4.0,-6.0,-34.0
1776885870.2321026,4.0,-9.0,-35.0
1776885870.2421026,3.0,-10.0,-42.0
1776885870.2521029,4.0,-6.0,-41.0
1776885870.2621028,4.0,-6.0,-38.0
1776885870.2721028,4.0,-6.0,-38.0
1776885870.2821028,4.0,-7.0,-30.0
1776885870.2921028,6.0,-7.0,-30.0
1776885870.3021028,8.0,-9.0,-29.0
1776885870.3121028,6.0,-9.0,-26.0
1776885870.3221028,1.0,-7.0,-30.0
1776885870.3321028,-2.0,-7.0,-33.0
1776885870.3421028,1.0,-3.0,-34.0
1776885870.3521028,3.0,0.0,-38.0
1776885870.3621027,2.0,0.0,-41.0
1776885870.3721027,5.0,-1.0,-38.0
1776885870.3821027,5.0,-3.0,-37.0
1776885870.3921027,3.0,0.0,-41.0
1776885870.4021027,0.0,0.0,-39.0
1776885870.4121027,0.0,1.0,-42.0
1776885870.4221027,1.0,4.0,-38.0
1776885870.432103,0.0,5.0,-29.0
1776885870.442103,-1.0,3.0,-33.0
1776885870.452103,1.0,2.0,-35.0
1776885870.462103,0.0,2.0,-36.0
1776885870.4721026,1.0,0.0,-44.0
1776885870.4821026,1.0,-2.0,-47.0
1776885870.4921026,-2.0,1.0,-43.0
1776885870.5021029,-4.0,4.0,-37.0
1776885870.5121028,-4.0,4.0,-47.0
1776885870.5221028,0.0,0.0,-42.0
1776885870.5321028,0.0,-3.0,-47.0
1776885870.5421028,0.0,-4.0,-40.0
1776885870.5521028,1.0,-5.0,-39.0
1776885870.5621028,-1.0,-3.0,-42.0
1776885870.5721028,-6.0,-4.0,-51.0
1776885870.5821028,0.0,-6.0,-50.0
1776885870.5921028,-2.0,-9.0,-42.0
1776885870.6021028,-2.0,-10.0,-45.0
1776885870.6121027,-5.0,-11.0,-46.0
1776885870.6221027,-3.0,-10.0,-48.0
1776885870.6321027,0.0,-4.0,-50.0
1776885870.6421027,0.0,-2.0,-44.0
1776885870.6521027,1.0,-1.0,-41.0
1776885870.6621027,4.0,-4.0,-37.0
1776885870.6721027,7.0,-8.0,-39.0
1776885870.682103,7.0,-7.0,-41.0
1776885870.692103,9.0,-5.0,-40.0
1776885870.702103,11.0,0.0,-39.0
1776885870.712103,9.0,0.0,-40.0
1776885870.7221026,6.0,-3.0,-46.0
1776885870.7321026,7.0,0.0,-52.0
1776885870.7421026,5.0,0.0,-50.0
1776885870.7521029,4.0,3.0,-50.0
1776885870.7621028,5.0,0.0,-49.0
1776885870.7721028,4.0,0.0,-43.0
1776885870.7821028,2.0,-1.0,-42.0
1776885870.7921028,4.0,-2.0,-41.0
1776885870.8021028,5.0,-2.0,-50.0
1776885870.8121028,5.0,-1.0,-46.0
1776885870.8221028,10.0,-2.0,-39.0
1776885870.8321028,13.0,-1.0,-39.0
1776885870.8421028,9.0,0.0,-38.0
1776885870.8521028,5.0,0.0,-36.0
1776885870.8621027,2.0,0.0,-38.0
1776885870.8721027,0.0,2.0,-42.0
1776885870.8821027,4.0,6.0,-45.0
1776885870.8921027,2.0,0.0,-52.0
1776885870.9021027,0.0,1.0,-47.0
1776885870.9121027,4.0,-1.0,-41.0
1776885870.9221027,3.0,-5.0,-37.0
1776885870.932103,0.0,-8.0,-36.0
1776885870.942103,1.0,-8.0,-40.0
1776885870.952103,1.0,-5.0,-44.0
1776885870.962103,-2.0,1.0,-41.0
1776885870.9721026,0.0,2.0,-45.0
1776885870.9821026,0.0,0.0,-39.0
1776885870.9921026,-1.0,-1.0,-34.0
1776885871.0021029,-4.0,-3.0,-35.0
1776885871.0121028,-4.0,-1.0,-34.0
1776885871.0221028,-3.0,0.0,-32.0
1776885871.0321028,-3.0,0.0,-30.0
1776885871.0421028,-5.0,0.0,-32.0
1776885871.0521028,-3.0,0.0,-34.0
1776885871.0621028,-5.0,-2.0,-34.0
1776885871.0721028,-3.0,-1.0,-40.0
1776885871.0821028,2.0,-6.0,-43.0
1776885871.0921028,2.0,-3.0,-44.0
1776885871.1021028,2.0,-3.0,-42.0
1776885871.1121027,-1.0,0.0,-41.0
1776885871.1221027,0.0,2.0,-38.0
1776885871.1321027,-1.0,1.0,-40.0
1776885871.1421027,-2.0,-1.0,-41.0
1776885871.1521027,-2.0,3.0,-38.0
1776885871.1621027,-4.0,3.0,-38.0
1776885871.1721027,-3.0,5.0,-42.0
1776885871.182103,-1.0,2.0,-44.0
1776885871.192103,0.0,1.0,-43.0
1776885871.202103,-4.0,-1.0,-35.0
1776885871.212103,-4.0,1.0,-40.0
1776885871.2221026,-1.0,3.0,-45.0
1776885871.2321026,-2.0,1.0,-42.0
1776885871.2421026,-4.0,-4.0,-35.0
1776885871.2521029,-4.0,-7.0,-31.0
1776885871.2621028,0.0,-6.0,-25.0
1776885871.2721028,-2.0,-3.0,-21.0
1776885871.2821028,-2.0,-2.0,-25.0
1776885871.2921028,0.0,-2.0,-27.0
1776885871.3021028,-1.0,-5.0,-28.0
1776885871.3121028,-5.0,-6.0,-36.0
1776885871.3221028,-2.0,-4.0,-40.0
1776885871.3321028,0.0,-10.0,-44.0
1776885871.3421028,5.0,-7.0,-44.0
1776885871.3521028,6.0,-4.0,-43.0
1776885871.3621027,8.0,-6.0,-42.0
1776885871.3721027,7.0,-4.0,-40.0
1776885871.3821027,6.0,0.0,-40.0
1776885871.3921027,2.0,-1.0,-38.0
1776885871.4021027,1.0,1.0,-45.0
1776885871.4121027,-1.0,0.0,-45.0
1776885871.4221027,0.0,-1.0,-48.0
1776885871.432103,0.0,-4.0,-45.0
1776885871.442103,0.0,-5.0,-41.0
1776885871.452103,-2.0,-2.0,-46.0
1776885871.462103,-2.0,0.0,-45.0
1776885871.4721026,-3.0,1.0,-42.0
1776885871.4821026,0.0,0.0,-40.0
1776885871.4921026,-2.0,2.0,-40.0
1776885871.5021029,2.0,1.0,-45.0
1776885871.5131028,3.0,4.0,-40.0
1776885871.5221028,10.0,7.0,-36.0
1776885871.5331028,6.0,4.0,-33.0
1776885871.5431027,3.0,0.0,-34.0
1776885871.5531027,1.0,-1.0,-36.0
1776885871.5631027,-3.0,-3.0,-37.0
1776885871.5731027,-9.0,-1.0,-33.0
1776885871.5831027,-9.0,0.0,-35.0
1776885871.5931027,-8.0,0.0,-46.0
1776885871.6031027,-7.0,0.0,-54.0
1776885871.613103,-7.0,2.0,-57.0
1776885871.623103,-7.0,-2.0,-56.0
1776885871.633103,-4.0,0.0,-52.0
1776885871.6421027,-4.0,-1.0,-50.0
1776885871.6531026,0.0,2.0,-39.0
1776885871.6631026,-2.0,-1.0,-31.0
1776885871.6731029,0.0,-6.0,-39.0
1776885871.6831028,-2.0,-8.0,-36.0
1776885871.6931028,-3.0,-7.0,-39.0
1776885871.7031028,-1.0,-6.0,-38.0
1776885871.7131028,2.0,-4.0,-39.0
1776885871.7231028,4.0,-7.0,-42.0
1776885871.7331028,0.0,0.0,-40.0
1776885871.7431028,-1.0,0.0,-31.0
1776885871.7531028,-3.0,0.0,-39.0
1776885871.7631028,-6.0,0.0,-41.0
1776885871.7731028,-4.0,1.0,-39.0
1776885871.7831028,-3.0,-2.0,-37.0
1776885871.7931027,1.0,-5.0,-35.0
1776885871.8031027,0.0,-3.0,-32.0
1776885871.8131027,-3.0,-3.0,-31.0
1776885871.8231027,1.0,-6.0,-37.0
1776885871.8331027,4.0,-4.0,-37.0
1776885871.8431027,3.0,-4.0,-38.0
1776885871.8531027,3.0,-1.0,-41.0
1776885871.863103,3.0,-3.0,-42.0
1776885871.873103,1.0,-2.0,-44.0
1776885871.883103,-1.0,-3.0,-48.0
1776885871.8931026,2.0,-2.0,-45.0
1776885871.9031026,3.0,-4.0,-41.0
1776885871.9131026,2.0,-7.0,-40.0
1776885871.9231029,0.0,-4.0,-39.0
1776885871.9331028,0.0,-5.0,-42.0
1776885871.9431028,0.0,0.0,-45.0
1776885871.9531028,2.0,-3.0,-54.0
1776885871.9631028,1.0,-1.0,-53.0
1776885871.9731028,-1.0,0.0,-53.0
1776885871.9831028,0.0,-1.0,-45.0
1776885871.9931028,2.0,-3.0,-42.0
1776885872.0031028,0.0,-4.0,-48.0
1776885872.0131028,5.0,-4.0,-45.0
1776885872.0231028,3.0,-6.0,-41.0
1776885872.0331028,-1.0,-4.0,-35.0
1776885872.0431027,-1.0,2.0,-29.0
1776885872.0531027,-2.0,0.0,-29.0
1776885872.0631027,-4.0,0.0,-31.0
1776885872.0731027,-2.0,0.0,-26.0
1776885872.0831027,-1.0,-1.0,-32.0
1776885872.0931027,0.0,-2.0,-26.0
1776885872.1031027,2.0,-2.0,-30.0
1776885872.113103,2.0,-3.0,-34.0
1776885872.123103,1.0,0.0,-36.0
1776885872.133103,-2.0,2.0,-34.0
1776885872.1431026,-1.0,0.0,-39.0
1776885872.1531026,-3.0,0.0,-41.0
1776885872.1631026,-8.0,0.0,-38.0
1776885872.1731029,-8.0,0.0,-36.0
1776885872.1831028,-6.0,2.0,-44.0
1776885872.1931028,-6.0,0.0,-47.0
1776885872.2031028,-8.0,-2.0,-43.0
1776885872.2131028,-6.0,0.0,-46.0
1776885872.2231028,-6.0,-2.0,-45.0
1776885872.2331028,-4.0,-1.0,-44.0
1776885872.2431028,-3.0,0.0,-43.0
1776885872.2531028,-1.0,-2.0,-44.0
1776885872.2631028,2.0,-1.0,-35.0
1776885872.2731028,0.0,-4.0,-32.0
1776885872.2831028,0.0,-10.0,-34.0
1776885872.2931027,4.0,-9.0,-34.0
1776885872.3031027,1.0,-4.0,-38.0
1776885872.3131027,0.0,0.0,-40.0
1776885872.3231027,4.0,-1.0,-31.0
1776885872.3331027,4.0,2.0,-23.0
1776885872.3431027,3.0,0.0,-23.0
1776885872.3531027,2.0,0.0,-25.0
1776885872.363103,7.0,0.0,-29.0
1776885872.373103,3.0,-4.0,-35.0
1776885872.383103,0.0,-2.0,-39.0
1776885872.3931026,3.0,-4.0,-40.0
1776885872.4031026,9.0,-5.0,-40.0
1776885872.4131026,9.0,-5.0,-42.0
1776885872.4231029,4.0,-1.0,-44.0
1776885872.4331028,-1.0,2.0,-46.0
1776885872.4431028,-1.0,3.0,-53.0
1776885872.4531028,-1.0,-1.0,-55.0
1776885872.4631028,-1.0,-1.0,-56.0
1776885872.4731028,-3.0,-1.0,-63.0
1776885872.4831028,-7.0,-2.0,-64.0
1776885872.4931028,0.0,-4.0,-58.0
1776885872.5031028,0.0,-1.0,-53.0
1776885872.5131028,-3.0,0.0,-51.0
1776885872.5231028,2.0,1.0,-49.0
1776885872.5331028,3.0,5.0,-51.0
1776885872.5431027,7.0,1.0,-49.0
1776885872.5531027,6.0,1.0,-43.0
1776885872.5631027,4.0,1.0,-34.0
1776885872.5731027,3.0,0.0,-36.0
1776885872.5831027,1.0,-2.0,-38.0
1776885872.5931027,3.0,0.0,-36.0
1776885872.6031027,7.0,-1.0,-38.0
1776885872.613103,3.0,-1.0,-39.0
1776885872.623103,2.0,-2.0,-37.0
1776885872.633103,0.0,-3.0,-44.0
1776885872.6431026,3.0,0.0,-42.0
1776885872.6531026,3.0,3.0,-42.0
1776885872.6631026,2.0,5.0,-40.0
1776885872.6731029,0.0,0.0,-39.0
1776885872.6831028,2.0,0.0,-45.0
1776885872.6931028,3.0,0.0,-46.0
1776885872.7031028,3.0,0.0,-48.0
1776885872.7131028,5.0,0.0,-39.0
1776885872.7231028,2.0,-3.0,-32.0
1776885872.7331028,3.0,-3.0,-26.0
1776885872.7441027,1.0,-2.0,-26.0
1776885872.7531028,2.0,-1.0,-27.0
1776885872.7631028,0.0,0.0,-31.0
1776885872.7731028,-3.0,2.0,-36.0
1776885872.7831028,-2.0,0.0,-32.0
1776885872.7931027,3.0,2.0,-41.0
1776885872.8031027,1.0,4.0,-38.0
1776885872.8131027,3.0,3.0,-33.0
1776885872.8231027,3.0,1.0,-36.0
1776885872.8331027,3.0,-1.0,-40.0
1776885872.8431027,6.0,-5.0,-40.0
1776885872.8531027,8.0,-3.0,-42.0
1776885872.863103,4.0,0.0,-44.0
1776885872.873103,0.0,3.0,-42.0
1776885872.883103,2.0,5.0,-51.0
1776885872.8931026,1.0,2.0,-51.0
1776885872.9031026,-3.0,3.0,-49.0
1776885872.9131026,-3.0,5.0,-50.0
1776885872.9231029,3.0,1.0,-47.0
1776885872.9331028,1.0,1.0,-40.0
1776885872.9431028,1.0,0.0,-40.0
1776885872.9531028,0.0,-2.0,-34.0
1776885872.9631028,-1.0,0.0,-37.0
1776885872.9731028,-4.0,3.0,-29.0
1776885872.9831028,-2.0,0.0,-32.0
1776885872.9931028,0.0,0.0,-31.0
1776885873.0031028,1.0,0.0,-33.0
1776885873.0131028,-1.0,-1.0,-34.0
1776885873.0231028,-2.0,-2.0,-31.0
1776885873.0331028,-1.0,0.0,-34.0
1776885873.0431027,-3.0,4.0,-39.0
1776885873.0531027,-7.0,2.0,-40.0
1776885873.0631027,-7.0,-1.0,-43.0
1776885873.0731027,-8.0,-5.0,-47.0
1776885873.0831027,-10.0,-6.0,-43.0
1776885873.0931027,-8.0,-1.0,-46.0
1776885873.1031027,-9.0,-2.0,-47.0
1776885873.113103,-7.0,-3.0,-51.0
1776885873.123103,-9.0,-1.0,-46.0
1776885873.133103,-9.0,0.0,-45.0
1776885873.1431026,0.0,0.0,-43.0
1776885873.1531026,0.0,0.0,-46.0
1776885873.1631026,-1.0,1.0,-44.0
1776885873.1731029,0.0,0.0,-42.0
1776885873.1831028,-2.0,0.0,-38.0
1776885873.1931028,-7.0,-1.0,-34.0
1776885873.2031028,-4.0,1.0,-36.0
1776885873.2131028,-5.0,-1.0,-34.0
1776885873.2231028,-3.0,-2.0,-33.0
1776885873.2331028,-1.0,1.0,-36.0
1776885873.2431028,-1.0,2.0,-34.0
1776885873.2531028,3.0,1.0,-29.0
1776885873.2631028,8.0,-5.0,-32.0
1776885873.2731028,6.0,-6.0,-31.0
1776885873.2831028,7.0,-3.0,-28.0
1776885873.2931027,5.0,-6.0,-34.0
1776885873.3031027,1.0,-6.0,-31.0
1776885873.3131027,1.0,-11.0,-31.0
1776885873.3231027,0.0,-12.0,-32.0
1776885873.3331027,2.0,-9.0,-33.0
1776885873.3431027,4.0,-7.0,-37.0
1776885873.3531027,1.0,-10.0,-38.0
1776885873.363103,0.0,-6.0,-37.0
1776885873.373103,-3.0,-3.0,-42.0
1776885873.383103,-3.0,-5.0,-39.0
1776885873.3931026,0.0,-4.0,-37.0
1776885873.4031026,0.0,-4.0,-34.0
1776885873.4131026,0.0,-5.0,-29.0
1776885873.4231029,-5.0,-1.0,-28.0
1776885873.4331028,-1.0,-2.0,-31.0
1776885873.4431028,-4.0,2.0,-31.0
1776885873.4531028,-7.0,0.0,-37.0
1776885873.4631028,-6.0,1.0,-45.0
1776885873.4731028,2.0,0.0,-46.0
1776885873.4831028,4.0,1.0,-49.0
1776885873.4931028,5.0,-1.0,-47.0
1776885873.5031028,1.0,-4.0,-43.0
1776885873.5131028,3.0,-6.0,-51.0
1776885873.5241027,3.0,-4.0,-50.0
1776885873.534103,0.0,-3.0,-48.0
1776885873.544103,-2.0,0.0,-42.0
1776885873.554103,1.0,1.0,-36.0
1776885873.5641026,3.0,2.0,-34.0
1776885873.5741026,2.0,4.0,-43.0
1776885873.5841026,0.0,-3.0,-51.0
1776885873.5941026,-2.0,-3.0,-55.0
1776885873.6041028,-1.0,-2.0,-50.0
1776885873.6141028,-2.0,-3.0,-49.0
1776885873.6241028,0.0,-3.0,-46.0
1776885873.6341028,0.0,0.0,-42.0
1776885873.6441028,3.0,2.0,-41.0
1776885873.6541028,0.0,6.0,-42.0
1776885873.6641028,-4.0,4.0,-50.0
1776885873.6741028,-5.0,2.0,-51.0
1776885873.6841028,-5.0,2.0,-51.0
1776885873.6941028,-9.0,3.0,-50.0
1776885873.7041028,-3.0,-2.0,-47.0
1776885873.7141027,0.0,-3.0,-47.0
1776885873.7241027,0.0,-4.0,-56.0
1776885873.7341027,0.0,-3.0,-51.0
1776885873.7441027,2.0,-4.0,-46.0
1776885873.7541027,0.0,-4.0,-43.0
1776885873.7641027,-4.0,1.0,-41.0
1776885873.7741027,-8.0,0.0,-39.0
1776885873.784103,-4.0,1.0,-35.0
1776885873.794103,0.0,2.0,-41.0
1776885873.804103,-3.0,0.0,-43.0
1776885873.8141026,1.0,0.0,-43.0
1776885873.8241026,-1.0,3.0,-37.0
1776885873.8341026,-5.0,0.0,-40.0
1776885873.8441026,-1.0,3.0,-34.0
1776885873.8541028,-1.0,-1.0,-30.0
1776885873.8641028,0.0,-6.0,-34.0
1776885873.8741028,0.0,-10.0,-36.0
1776885873.8841028,2.0,-10.0,-40.0
1776885873.8941028,5.0,-5.0,-34.0
1776885873.9041028,7.0,-2.0,-36.0
1776885873.9141028,6.0,-2.0,-35.0
1776885873.9241028,5.0,-2.0,-41.0
1776885873.9341028,1.0,0.0,-41.0
1776885873.9441028,0.0,1.0,-48.0
1776885873.9541028,1.0,4.0,-45.0
1776885873.9641027,0.0,1.0,-41.0
1776885873.9741027,-3.0,2.0,-44.0
1776885873.9841027,-2.0,3.0,-40.0
1776885873.9941027,-2.0,0.0,-43.0
1776885874.0041027,0.0,1.0,-38.0
1776885874.0141027,0.0,3.0,-45.0
1776885874.0241027,0.0,0.0,-45.0
1776885874.034103,-2.0,-2.0,-39.0
1776885874.044103,-1.0,-3.0,-33.0
1776885874.054103,-4.0,-2.0,-37.0
1776885874.0641026,-3.0,-1.0,-35.0
1776885874.0741026,-1.0,0.0,-44.0
1776885874.0841026,-2.0,3.0,-48.0
1776885874.0941026,-1.0,5.0,-46.0
1776885874.1041028,0.0,4.0,-45.0
1776885874.1141028,0.0,2.0,-43.0
1776885874.1241028,0.0,1.0,-46.0
1776885874.1341028,0.0,2.0,-54.0
1776885874.1441028,0.0,2.0,-54.0
1776885874.1541028,3.0,0.0,-46.0
1776885874.1641028,3.0,3.0,-45.0
1776885874.1741028,7.0,-2.0,-48.0
1776885874.1841028,3.0,-2.0,-48.0
1776885874.1941028,-5.0,-2.0,-45.0
1776885874.2041028,-2.0,-3.0,-45.0
1776885874.2141027,-5.0,-2.0,-46.0
1776885874.2241027,-5.0,0.0,-50.0
1776885874.2341027,-3.0,0.0,-44.0
1776885874.2441027,0.0,3.0,-44.0
1776885874.2541027,-1.0,0.0,-50.0
1776885874.2641027,0.0,-3.0,-46.0
1776885874.2741027,0.0,-2.0,-47.0
1776885874.284103,2.0,-3.0,-52.0
1776885874.294103,5.0,-3.0,-45.0
1776885874.304103,3.0,0.0,-48.0
1776885874.3141026,3.0,3.0,-52.0
1776885874.3241026,1.0,0.0,-48.0
1776885874.3341026,-4.0,-1.0,-38.0
1776885874.3441026,-5.0,-1.0,-35.0
1776885874.3541028,-4.0,0.0,-38.0
1776885874.3641028,-2.0,-2.0,-41.0
1776885874.3741028,0.0,-4.0,-44.0
1776885874.3841028,0.0,0.0,-48.0
1776885874.3941028,0.0,-2.0,-42.0
1776885874.4041028,1.0,-4.0,-42.0
1776885874.4141028,-1.0,-6.0,-46.0
1776885874.4241028,-2.0,-9.0,-40.0
1776885874.4341028,1.0,-8.0,-33.0
1776885874.4441028,8.0,-7.0,-31.0
1776885874.4541028,8.0,-7.0,-35.0
1776885874.4641027,5.0,-8.0,-39.0
1776885874.4741027,1.0,-7.0,-38.0
1776885874.4841027,2.0,-5.0,-39.0
1776885874.4941027,5.0,-4.0,-37.0
1776885874.5041027,8.0,-1.0,-34.0
1776885874.5141027,7.0,-1.0,-26.0
1776885874.5241027,3.0,-2.0,-30.0
1776885874.534103,2.0,-4.0,-31.0
1776885874.544103,0.0,-6.0,-38.0
1776885874.554103,0.0,-6.0,-43.0
1776885874.5641026,-5.0,-6.0,-44.0
1776885874.5741026,-5.0,-10.0,-36.0
1776885874.5841026,-4.0,-9.0,-41.0
1776885874.5941026,2.0,-5.0,-43.0
1776885874.6041028,6.0,-3.0,-40.0
1776885874.6141028,8.0,-4.0,-40.0
1776885874.6241028,11.0,-3.0,-40.0
1776885874.6341028,9.0,-5.0,-40.0
1776885874.6441028,7.0,-5.0,-40.0
1776885874.6541028,6.0,-6.0,-41.0
1776885874.6641028,3.0,-9.0,-42.0
1776885874.6741028,5.0,-1.0,-39.0
1776885874.6841028,0.0,1.0,-42.0
1776885874.6941028,-2.0,3.0,-40.0
1776885874.7041028,-5.0,4.0,-35.0
1776885874.7141027,-5.0,4.0,-37.0
1776885874.7241027,-3.0,5.0,-39.0
1776885874.7341027,-1.0,1.0,-38.0
1776885874.7441027,-2.0,6.0,-38.0
1776885874.7541027,-8.0,5.0,-31.0
1776885874.7641027,-4.0,3.0,-32.0
1776885874.7741027,-6.0,2.0,-29.0
1776885874.784103,-9.0,1.0,-35.0
1776885874.794103,-5.0,1.0,-39.0
1776885874.804103,-5.0,2.0,-40.0
1776885874.8141026,-2.0,2.0,-41.0
1776885874.8241026,-2.0,4.0,-43.0
1776885874.8341026,-1.0,1.0,-44.0
1776885874.8441026,-1.0,0.0,-42.0
1776885874.8541028,-4.0,-2.0,-40.0
1776885874.8641028,0.0,-2.0,-37.0
1776885874.8741028,0.0,-5.0,-35.0
1776885874.8841028,0.0,-4.0,-34.0
1776885874.8941028,1.0,-4.0,-39.0
1776885874.9041028,0.0,-4.0,-43.0
1776885874.9141028,1.0,-3.0,-41.0
1776885874.9241028,-1.0,0.0,-36.0
1776885874.9341028,-1.0,3.0,-40.0
1776885874.9441028,-1.0,1.0,-37.0
1776885874.9541028,0.0,0.0,-36.0
1776885874.9641027,2.0,-3.0,-39.0
1776885874.9741027,0.0,-3.0,-40.0
1776885874.9841027,0.0,0.0,-37.0
1776885874.9941027,-2.0,-1.0,-37.0
1776885875.0041027,0.0,-1.0,-46.0
1776885875.0141027,0.0,-2.0,-44.0
1776885875.0241027,-2.0,0.0,-44.0
1776885875.034103,-4.0,1.0,-38.0
1776885875.044103,-8.0,6.0,-38.0
1776885875.054103,-7.0,5.0,-40.0
1776885875.0641026,-2.0,2.0,-44.0
1776885875.0741026,-1.0,-1.0,-44.0
1776885875.0841026,0.0,-4.0,-42.0
1776885875.0941026,0.0,-6.0,-48.0
1776885875.1041028,-2.0,-6.0,-44.0
1776885875.1141028,-1.0,-2.0,-46.0
1776885875.1241028,0.0,-2.0,-51.0
1776885875.1341028,-6.0,0.0,-49.0
1776885875.1441028,-3.0,-6.0,-41.0
1776885875.1541028,-2.0,-5.0,-45.0
1776885875.1641028,-1.0,0.0,-37.0
1776885875.1741028,2.0,0.0,-34.0
1776885875.1841028,0.0,-4.0,-36.0
1776885875.1941028,-5.0,-5.0,-35.0
1776885875.2041028,-3.0,-4.0,-42.0
1776885875.2141027,-10.0,-6.0,-40.0
1776885875.2241027,-7.0,-8.0,-47.0
1776885875.2341027,-5.0,-9.0,-43.0
1776885875.2441027,-4.0,-4.0,-36.0
1776885875.2541027,-2.0,-2.0,-37.0
1776885875.2641027,1.0,-2.0,-42.0
1776885875.2741027,0.0,-5.0,-44.0
1776885875.284103,0.0,-4.0,-37.0
1776885875.294103,-1.0,1.0,-37.0
1776885875.304103,-4.0,5.0,-33.0
1776885875.3141026,-6.0,6.0,-27.0
1776885875.3241026,-5.0,4.0,-32.0
1776885875.3341026,-12.0,0.0,-35.0
1776885875.3441026,-11.0,0.0,-35.0
1776885875.3541028,-12.0,3.0,-35.0
1776885875.3641028,-8.0,3.0,-36.0
1776885875.3741028,-6.0,2.0,-35.0
1776885875.3841028,-1.0,2.0,-31.0
1776885875.3941028,-1.0,1.0,-30.0
1776885875.4041028,-4.0,1.0,-27.0
1776885875.4141028,-6.0,-4.0,-29.0
1776885875.4241028,-8.0,-5.0,-35.0
1776885875.4341028,-11.0,-6.0,-38.0
1776885875.4441028,-11.0,-10.0,-40.0
1776885875.4541028,-9.0,-10.0,-42.0
1776885875.4641027,-5.0,-6.0,-48.0
1776885875.4741027,0.0,-6.0,-46.0
1776885875.4841027,-1.0,1.0,-50.0
1776885875.4941027,0.0,-1.0,-52.0
1776885875.5051026,0.0,-1.0,-56.0
1776885875.5151026,0.0,1.0,-48.0
1776885875.5251029,-4.0,2.0,-50.0
1776885875.5351028,-3.0,-2.0,-45.0
1776885875.5451028,-4.0,-4.0,-48.0
1776885875.5551028,-6.0,-5.0,-50.0
1776885875.5651028,-5.0,-5.0,-53.0
1776885875.5751028,-4.0,-7.0,-44.0
1776885875.5851028,-2.0,-7.0,-41.0
1776885875.5951028,-2.0,-7.0,-41.0
1776885875.6051028,-1.0,-4.0,-43.0
1776885875.6151028,2.0,-2.0,-37.0
1776885875.6251028,3.0,0.0,-38.0
1776885875.6351027,0.0,1.0,-39.0
1776885875.6451027,0.0,-2.0,-44.0
1776885875.6551027,0.0,0.0,-51.0
1776885875.6651027,1.0,3.0,-50.0
1776885875.6751027,3.0,2.0,-42.0
1776885875.6851027,2.0,1.0,-40.0
1776885875.6951027,2.0,-1.0,-45.0
1776885875.7051027,1.0,-3.0,-44.0
1776885875.715103,-2.0,-4.0,-37.0
1776885875.725103,-1.0,-5.0,-42.0
1776885875.735103,1.0,-3.0,-50.0
1776885875.7451026,2.0,-5.0,-50.0
1776885875.7551026,4.0,-1.0,-46.0
1776885875.7651026,9.0,1.0,-45.0
1776885875.7751029,4.0,2.0,-46.0
1776885875.7851028,0.0,1.0,-45.0
1776885875.7951028,0.0,-1.0,-43.0
1776885875.8051028,0.0,-5.0,-50.0
1776885875.8151028,3.0,-5.0,-49.0
1776885875.8251028,1.0,-4.0,-42.0
1776885875.8351028,2.0,-3.0,-38.0
1776885875.8451028,4.0,-5.0,-35.0
1776885875.8551028,5.0,-10.0,-36.0
1776885875.8651028,8.0,-9.0,-35.0
1776885875.8751028,7.0,-6.0,-37.0
1776885875.8851027,3.0,-6.0,-40.0
1776885875.8951027,3.0,-8.0,-43.0
1776885875.9051027,3.0,-8.0,-53.0
1776885875.9151027,4.0,-9.0,-49.0
1776885875.9251027,6.0,-7.0,-47.0
1776885875.9351027,3.0,-11.0,-48.0
1776885875.9451027,2.0,-4.0,-46.0
1776885875.9551027,5.0,-2.0,-45.0
1776885875.965103,5.0,0.0,-46.0
1776885875.975103,2.0,0.0,-45.0
1776885875.985103,3.0,-1.0,-47.0
1776885875.9951026,2.0,-2.0,-56.0
1776885876.0051026,1.0,0.0,-57.0
1776885876.0151026,0.0,3.0,-58.0
1776885876.0251029,-4.0,4.0,-48.0
1776885876.0351028,-5.0,3.0,-53.0
1776885876.0451028,0.0,2.0,-55.0
1776885876.0551028,2.0,2.0,-55.0
1776885876.0651028,3.0,0.0,-56.0
1776885876.0751028,5.0,0.0,-50.0
1776885876.0851028,2.0,2.0,-43.0
1776885876.0951028,-1.0,4.0,-40.0
1776885876.1051028,0.0,3.0,-37.0
1776885876.1151028,2.0,-4.0,-43.0
1776885876.1251028,0.0,-8.0,-42.0
1776885876.1351027,-2.0,-8.0,-40.0
1776885876.1451027,0.0,-1.0,-39.0
1776885876.1551027,2.0,-5.0,-37.0
1776885876.1651027,5.0,-4.0,-35.0
1776885876.1751027,2.0,-3.0,-36.0
1776885876.1851027,0.0,-1.0,-35.0
1776885876.1951027,1.0,1.0,-34.0
1776885876.2051027,1.0,0.0,-37.0
1776885876.215103,1.0,3.0,-40.0
1776885876.225103,0.0,5.0,-42.0
1776885876.235103,0.0,2.0,-40.0
1776885876.2451026,0.0,0.0,-36.0
1776885876.2551026,1.0,-4.0,-35.0
1776885876.2651026,-3.0,-4.0,-35.0
1776885876.2751029,-4.0,0.0,-28.0
1776885876.2851028,-1.0,-2.0,-31.0
1776885876.2951028,1.0,0.0,-38.0
1776885876.3051028,2.0,-1.0,-40.0
1776885876.3151028,1.0,2.0,-36.0
1776885876.3251028,2.0,3.0,-37.0
1776885876.3351028,3.0,0.0,-45.0
1776885876.3451028,-1.0,0.0,-40.0
1776885876.3551028,-1.0,-1.0,-40.0
1776885876.3651028,0.0,-1.0,-40.0
1776885876.3751028,-5.0,1.0,-42.0
1776885876.3851027,-3.0,1.0,-41.0
1776885876.3951027,-1.0,-2.0,-50.0
1776885876.4051027,3.0,-4.0,-46.0
1776885876.4151027,3.0,-4.0,-43.0
1776885876.4251027,2.0,-4.0,-42.0
1776885876.4351027,-1.0,-7.0,-38.0
1776885876.4451027,-1.0,-5.0,-38.0
1776885876.4551027,1.0,0.0,-43.0
1776885876.465103,3.0,-3.0,-41.0
1776885876.475103,6.0,-3.0,-39.0
1776885876.485103,7.0,-4.0,-39.0
1776885876.4951026,6.0,-7.0,-40.0
1776885876.5051026,3.0,-4.0,-47.0
1776885876.5151026,0.0,0.0,-47.0
1776885876.5251029,2.0,-2.0,-37.0
1776885876.5351028,0.0,-1.0,-34.0
1776885876.5451028,4.0,-3.0,-38.0
1776885876.5551028,3.0,-3.0,-43.0
1776885876.5651028,4.0,-1.0,-43.0
1776885876.5751028,0.0,0.0,-41.0
1776885876.5851028,0.0,0.0,-41.0
1776885876.5951028,2.0,1.0,-45.0
1776885876.6051028,4.0,2.0,-41.0
1776885876.6151028,3.0,4.0,-36.0
1776885876.6251028,4.0,1.0,-42.0
1776885876.6351027,6.0,1.0,-43.0
1776885876.6451027,-1.0,0.0,-38.0
1776885876.6551027,3.0,0.0,-36.0
1776885876.6651027,2.0,0.0,-38.0
1776885876.6751027,5.0,0.0,-45.0
1776885876.6851027,4.0,3.0,-50.0
1776885876.6951027,1.0,0.0,-51.0
1776885876.7051027,9.0,0.0,-50.0
1776885876.715103,7.0,0.0,-50.0
1776885876.725103,3.0,2.0,-43.0
1776885876.735103,5.0,4.0,-42.0
1776885876.7451026,5.0,4.0,-40.0
1776885876.7551026,2.0,3.0,-38.0
1776885876.7651026,-1.0,-2.0,-36.0
1776885876.7751029,0.0,-7.0,-39.0
1776885876.7851028,4.0,-6.0,-34.0
1776885876.7951028,3.0,-3.0,-34.0
1776885876.8051028,0.0,-4.0,-36.0
1776885876.8151028,-1.0,2.0,-35.0
1776885876.8251028,-4.0,-1.0,-32.0
1776885876.8351028,-4.0,-5.0,-36.0
1776885876.8451028,-3.0,-5.0,-41.0
1776885876.8551028,-1.0,-10.0,-34.0
1776885876.8651028,-4.0,-11.0,-34.0
1776885876.8751028,-1.0,-10.0,-38.0
1776885876.8851027,0.0,-9.0,-39.0
1776885876.8951027,-1.0,-6.0,-38.0
1776885876.9051027,0.0,-8.0,-41.0
1776885876.9151027,0.0,-4.0,-41.0
1776885876.9251027,4.0,-2.0,-35.0
1776885876.9351027,0.0,-1.0,-33.0
1776885876.9451027,1.0,1.0,-27.0
1776885876.9551027,3.0,1.0,-28.0
1776885876.965103,1.0,0.0,-37.0
1776885876.975103,2.0,2.0,-37.0
1776885876.985103,3.0,7.0,-34.0
1776885876.9951026,3.0,7.0,-33.0
1776885877.0051026,6.0,4.0,-34.0
1776885877.0151026,3.0,3.0,-31.0
1776885877.0251029,4.0,2.0,-26.0
1776885877.0351028,0.0,2.0,-32.0
1776885877.0451028,2.0,0.0,-35.0
1776885877.0551028,0.0,3.0,-37.0
1776885877.0651028,-1.0,3.0,-41.0
1776885877.0751028,1.0,3.0,-37.0
1776885877.0851028,-1.0,4.0,-38.0
1776885877.0951028,0.0,4.0,-53.0
1776885877.1051028,-2.0,3.0,-49.0
1776885877.1151028,0.0,-1.0,-49.0
1776885877.1251028,1.0,-3.0,-51.0
1776885877.1351027,5.0,0.0,-56.0
1776885877.1451027,4.0,2.0,-50.0
1776885877.1551027,3.0,1.0,-47.0
1776885877.1651027,1.0,0.0,-45.0
1776885877.1751027,-1.0,-3.0,-41.0
1776885877.1851027,0.0,-2.0,-46.0
1776885877.1951027,0.0,0.0,-45.0
1776885877.2051027,-6.0,-1.0,-37.0
1776885877.215103,-3.0,0.0,-30.0
1776885877.225103,0.0,0.0,-30.0
1776885877.235103,6.0,-1.0,-29.0
1776885877.2451026,10.0,-4.0,-33.0
1776885877.2551026,9.0,-3.0,-41.0
1776885877.2651026,5.0,-5.0,-42.0
1776885877.2751029,3.0,-3.0,-39.0
1776885877.2851028,6.0,-5.0,-48.0
1776885877.2951028,4.0,-2.0,-51.0
1776885877.3051028,3.0,-2.0,-54.0
1776885877.3151028,3.0,-2.0,-59.0
1776885877.3251028,11.0,-1.0,-53.0
1776885877.3351028,4.0,-1.0,-47.0
1776885877.3451028,0.0,-2.0,-42.0
1776885877.3551028,2.0,0.0,-50.0
1776885877.3651028,3.0,1.0,-56.0
1776885877.3751028,3.0,1.0,-51.0
1776885877.3851027,0.0,0.0,-47.0
1776885877.3951027,3.0,1.0,-45.0
1776885877.4051027,6.0,-4.0,-48.0
1776885877.4151027,6.0,-1.0,-45.0
1776885877.4251027,0.0,0.0,-44.0
1776885877.4361026,-2.0,0.0,-40.0
1776885877.4451027,-2.0,-2.0,-41.0
1776885877.4551027,0.0,-1.0,-43.0
1776885877.465103,1.0,-3.0,-46.0
1776885877.475103,0.0,-5.0,-49.0
1776885877.4861028,0.0,-8.0,-47.0
1776885877.4951026,0.0,-3.0,-50.0
1776885877.5061028,0.0,0.0,-42.0
1776885877.5161028,-1.0,-2.0,-36.0
1776885877.5261028,-3.0,-3.0,-40.0
1776885877.5361028,-4.0,-4.0,-46.0
1776885877.5461028,-3.0,-6.0,-42.0
1776885877.557103,-5.0,-9.0,-50.0
1776885877.5661027,-3.0,-6.0,-49.0
1776885877.5761027,2.0,-1.0,-50.0
1776885877.5861027,5.0,0.0,-50.0
1776885877.5961027,1.0,0.0,-45.0
1776885877.6061027,1.0,3.0,-45.0
1776885877.6161027,0.0,2.0,-41.0
1776885877.6261027,3.0,2.0,-46.0
1776885877.636103,3.0,4.0,-41.0
1776885877.646103,0.0,6.0,-38.0
1776885877.656103,-2.0,5.0,-40.0
1776885877.6661026,-1.0,3.0,-45.0
1776885877.6761026,3.0,1.0,-50.0
1776885877.6861026,0.0,0.0,-40.0
1776885877.6961029,-4.0,1.0,-30.0
1776885877.7061028,-10.0,1.0,-28.0
1776885877.7161028,-7.0,0.0,-35.0
1776885877.7261028,-9.0,0.0,-33.0
1776885877.7361028,-9.0,3.0,-30.0
1776885877.7461028,-4.0,7.0,-29.0
1776885877.7561028,-6.0,6.0,-31.0
1776885877.7661028,-1.0,1.0,-35.0
1776885877.7761028,-5.0,5.0,-41.0
1776885877.7861028,-3.0,14.0,-36.0
1776885877.7961028,-7.0,11.0,-32.0
1776885877.8061028,-6.0,8.0,-36.0
1776885877.8161027,-6.0,2.0,-35.0
1776885877.8261027,-5.0,1.0,-31.0
1776885877.8361027,-3.0,2.0,-31.0
1776885877.8461027,-4.0,0.0,-28.0
1776885877.8561027,-3.0,-1.0,-37.0
1776885877.8661027,-4.0,-1.0,-46.0
1776885877.8761027,-3.0,-6.0,-39.0
1776885877.886103,1.0,-3.0,-32.0
1776885877.896103,2.0,-3.0,-29.0
1776885877.906103,3.0,-1.0,-28.0
1776885877.9161026,0.0,0.0,-31.0
1776885877.9261026,-4.0,-3.0,-35.0
1776885877.9361026,-9.0,-5.0,-33.0
1776885877.9461029,-9.0,-5.0,-31.0
1776885877.9561028,-8.0,-4.0,-40.0
1776885877.9661028,-2.0,-1.0,-39.0
1776885877.9761028,-1.0,-2.0,-42.0
1776885877.9861028,-8.0,-3.0,-41.0
1776885877.9961028,-9.0,-2.0,-40.0
1776885878.0061028,-6.0,0.0,-42.0
1776885878.0161028,-7.0,1.0,-47.0
1776885878.0261028,-4.0,4.0,-39.0
1776885878.0361028,-4.0,0.0,-32.0
1776885878.0461028,-5.0,-4.0,-38.0
1776885878.0561028,-10.0,-2.0,-40.0
1776885878.0661027,-7.0,-1.0,-38.0
1776885878.0761027,-10.0,-6.0,-37.0
1776885878.0861027,-10.0,-1.0,-41.0
1776885878.0961027,-9.0,1.0,-42.0
1776885878.1061027,-5.0,-1.0,-41.0
1776885878.1161027,-7.0,-2.0,-47.0
1776885878.1261027,-3.0,-3.0,-49.0
1776885878.136103,-3.0,-3.0,-43.0
1776885878.146103,-3.0,-1.0,-38.0
1776885878.156103,0.0,-5.0,-42.0
1776885878.1661026,2.0,-4.0,-41.0
1776885878.1761026,4.0,0.0,-47.0
1776885878.1861026,7.0,-1.0,-50.0
1776885878.1961029,8.0,-2.0,-52.0
1776885878.2061028,10.0,-5.0,-50.0
1776885878.2161028,7.0,-2.0,-43.0
1776885878.2261028,10.0,-3.0,-43.0
1776885878.2361028,7.0,-7.0,-43.0
1776885878.2461028,9.0,-7.0,-50.0
1776885878.2561028,8.0,-5.0,-51.0
1776885878.2661028,2.0,-6.0,-51.0
1776885878.2761028,-1.0,-4.0,-52.0
1776885878.2861028,2.0,0.0,-55.0
1776885878.2961028,0.0,0.0,-50.0
1776885878.3061028,-1.0,1.0,-48.0
1776885878.3161027,0.0,-2.0,-51.0
1776885878.3261027,0.0,-2.0,-52.0
1776885878.3361027,2.0,-1.0,-52.0
1776885878.3461027,4.0,-4.0,-54.0
1776885878.3561027,0.0,-8.0,-49.0
1776885878.3661027,0.0,-7.0,-45.0
1776885878.3761027,3.0,-5.0,-42.0
1776885878.386103,2.0,-4.0,-47.0
1776885878.396103,-2.0,-2.0,-43.0
1776885878.406103,0.0,0.0,-38.0
1776885878.4161026,1.0,-4.0,-38.0
1776885878.4261026,5.0,-7.0,-35.0
1776885878.4361026,5.0,-6.0,-33.0
1776885878.4461029,4.0,-4.0,-34.0
1776885878.4561028,8.0,-9.0,-38.0
1776885878.4661028,3.0,-6.0,-41.0
1776885878.4761028,0.0,-4.0,-42.0
1776885878.4861028,0.0,-7.0,-40.0
1776885878.4961028,0.0,-7.0,-42.0
1776885878.5061028,3.0,-7.0,-40.0
1776885878.5161028,6.0,-7.0,-30.0
1776885878.5261028,8.0,-3.0,-31.0
1776885878.5361028,3.0,0.0,-33.0
1776885878.5461028,3.0,-2.0,-37.0
1776885878.5561028,-3.0,-4.0,-47.0
1776885878.5661027,-3.0,-6.0,-51.0
1776885878.5761027,1.0,-4.0,-47.0
1776885878.5861027,0.0,-2.0,-45.0
1776885878.5961027,-1.0,-5.0,-41.0
1776885878.6061027,-1.0,-1.0,-41.0
1776885878.6161027,-1.0,-3.0,-35.0
1776885878.6261027,-1.0,-4.0,-42.0
1776885878.636103,4.0,-2.0,-46.0
1776885878.646103,8.0,-1.0,-41.0
1776885878.656103,0.0,-4.0,-39.0
1776885878.6661026,0.0,-1.0,-41.0
1776885878.6761026,6.0,-2.0,-39.0
1776885878.6861026,-1.0,1.0,-37.0
1776885878.6961029,0.0,0.0,-32.0
1776885878.7061028,-1.0,-2.0,-36.0
1776885878.7161028,0.0,-1.0,-40.0
1776885878.7261028,4.0,1.0,-33.0
1776885878.7361028,3.0,4.0,-33.0
1776885878.7461028,0.0,3.0,-37.0
1776885878.7561028,-1.0,0.0,-42.0
1776885878.7661028,-2.0,0.0,-33.0
1776885878.7761028,-3.0,-3.0,-29.0
1776885878.7861028,-5.0,-5.0,-39.0
1776885878.7961028,-7.0,-3.0,-40.0
1776885878.8061028,-10.0,-1.0,-36.0
1776885878.8161027,-6.0,-3.0,-44.0
1776885878.8261027,-6.0,-3.0,-40.0
1776885878.8361027,-6.0,-2.0,-41.0
1776885878.8461027,-3.0,0.0,-35.0
1776885878.8561027,0.0,3.0,-37.0
1776885878.8661027,1.0,2.0,-36.0
1776885878.8761027,-2.0,5.0,-34.0
1776885878.886103,0.0,1.0,-38.0
1776885878.896103,3.0,-1.0,-39.0
1776885878.906103,5.0,0.0,-39.0
1776885878.9161026,8.0,-1.0,-40.0
1776885878.9261026,10.0,-3.0,-47.0
1776885878.9361026,1.0,-4.0,-46.0
1776885878.9461029,1.0,-3.0,-49.0
1776885878.9561028,1.0,-4.0,-50.0
1776885878.9661028,3.0,-7.0,-52.0
1776885878.9761028,1.0,-6.0,-50.0
1776885878.9861028,5.0,-4.0,-49.0
1776885878.9961028,6.0,-1.0,-46.0
1776885879.0061028,7.0,-3.0,-43.0
1776885879.0161028,9.0,-2.0,-43.0
1776885879.0261028,5.0,-5.0,-45.0
1776885879.0361028,4.0,-1.0,-43.0
1776885879.0461028,3.0,2.0,-36.0
1776885879.0561028,4.0,2.0,-36.0
1776885879.0661027,4.0,0.0,-33.0
1776885879.0761027,-1.0,4.0,-37.0
1776885879.0861027,-1.0,0.0,-38.0
1776885879.0961027,-5.0,0.0,-34.0
1776885879.1061027,-4.0,1.0,-39.0
1776885879.1161027,-6.0,1.0,-46.0
1776885879.1261027,-4.0,-2.0,-42.0
1776885879.136103,-4.0,-3.0,-40.0
1776885879.146103,0.0,-4.0,-39.0
1776885879.156103,0.0,-5.0,-38.0
1776885879.1661026,-1.0,-7.0,-36.0
1776885879.1761026,2.0,-6.0,-38.0
1776885879.1861026,1.0,-5.0,-36.0
1776885879.1961029,1.0,-3.0,-33.0
1776885879.2061028,0.0,-2.0,-33.0
1776885879.2161028,-1.0,-1.0,-42.0
1776885879.2261028,2.0,2.0,-42.0
1776885879.2361028,0.0,0.0,-40.0
1776885879.2461028,-1.0,2.0,-39.0
1776885879.2561028,0.0,0.0,-46.0
1776885879.2661028,0.0,1.0,-42.0
1776885879.2761028,3.0,-3.0,-46.0
1776885879.2861028,-2.0,-4.0,-51.0
1776885879.2961028,0.0,-2.0,-51.0
1776885879.3061028,2.0,-2.0,-52.0
1776885879.3161027,1.0,-3.0,-56.0
1776885879.3261027,-1.0,-2.0,-48.0
1776885879.3361027,0.0,-3.0,-47.0
1776885879.3461027,3.0,-6.0,-45.0
1776885879.3561027,2.0,-4.0,-45.0
1776885879.3661027,0.0,-1.0,-46.0
1776885879.3761027,0.0,6.0,-47.0
1776885879.386103,0.0,3.0,-46.0
1776885879.396103,0.0,0.0,-53.0
1776885879.406103,2.0,1.0,-49.0
1776885879.4161026,2.0,3.0,-51.0
1776885879.4261026,2.0,-1.0,-51.0
1776885879.4361026,3.0,-2.0,-54.0
1776885879.4471028,3.0,-3.0,-44.0
1776885879.4561028,1.0,-2.0,-50.0
1776885879.4661028,3.0,0.0,-46.0
1776885879.4771028,4.0,5.0,-45.0
1776885879.4871027,3.0,2.0,-43.0
1776885879.4971027,3.0,0.0,-44.0
1776885879.5071027,2.0,0.0,-40.0
1776885879.5171027,3.0,0.0,-37.0
1776885879.5271027,6.0,1.0,-34.0
1776885879.5371027,5.0,4.0,-36.0
1776885879.5471027,3.0,2.0,-41.0
1776885879.557103,2.0,-2.0,-44.0
1776885879.567103,4.0,0.0,-46.0
1776885879.577103,2.0,-1.0,-42.0
1776885879.587103,3.0,0.0,-40.0
1776885879.5971026,5.0,-4.0,-39.0
1776885879.6071026,0.0,-8.0,-40.0
1776885879.6171026,1.0,-9.0,-42.0
1776885879.6271029,-1.0,-11.0,-43.0
1776885879.6371028,1.0,-9.0,-47.0
1776885879.6471028,2.0,-4.0,-43.0
1776885879.6571028,4.0,-3.0,-38.0
1776885879.6671028,1.0,-1.0,-32.0
1776885879.6771028,1.0,-2.0,-41.0
1776885879.6871028,1.0,0.0,-41.0
1776885879.6971028,4.0,0.0,-42.0
1776885879.7071028,0.0,1.0,-42.0
1776885879.7171028,5.0,-1.0,-42.0
1776885879.7271028,6.0,-3.0,-52.0
1776885879.7371027,6.0,-6.0,-59.0
1776885879.7471027,7.0,-9.0,-50.0
1776885879.7571027,1.0,-8.0,-41.0
1776885879.7671027,0.0,-6.0,-43.0
1776885879.7771027,0.0,-2.0,-43.0
1776885879.7871027,0.0,-3.0,-39.0
1776885879.7971027,-2.0,0.0,-45.0
1776885879.807103,-1.0,2.0,-42.0
1776885879.817103,1.0,-1.0,-41.0
1776885879.827103,2.0,-2.0,-34.0
1776885879.837103,-4.0,0.0,-34.0
1776885879.8471026,-2.0,-2.0,-28.0
1776885879.8571026,-1.0,-3.0,-36.0
1776885879.8671026,-2.0,-5.0,-41.0
1776885879.8771029,-4.0,-5.0,-42.0
1776885879.8871028,-4.0,-7.0,-43.0
1776885879.8971028,-2.0,-6.0,-35.0
1776885879.9071028,0.0,-9.0,-36.0
1776885879.9171028,-1.0,-8.0,-35.0
1776885879.9271028,1.0,-5.0,-36.0
1776885879.9371028,0.0,-1.0,-37.0
1776885879.9471028,-1.0,-2.0,-36.0
1776885879.9571028,0.0,0.0,-33.0
1776885879.9671028,1.0,1.0,-33.0
1776885879.9771028,-4.0,-1.0,-34.0
1776885879.9871027,-3.0,-2.0,-30.0
1776885879.9971027,-2.0,-1.0,-27.0
1776885880.0071027,-1.0,0.0,-34.0
1776885880.0171027,0.0,0.0,-32.0
1776885880.0271027,-2.0,3.0,-35.0
1776885880.0371027,-7.0,3.0,-33.0
1776885880.0471027,-7.0,3.0,-24.0
1776885880.057103,-7.0,0.0,-27.0
1776885880.067103,-10.0,-2.0,-33.0
1776885880.077103,-7.0,-3.0,-35.0
1776885880.087103,-6.0,0.0,-37.0
1776885880.0971026,1.0,-2.0,-38.0
1776885880.1071026,1.0,-2.0,-38.0
1776885880.1171026,6.0,-2.0,-40.0
1776885880.1271029,1.0,2.0,-46.0
1776885880.1371028,-2.0,3.0,-38.0
1776885880.1471028,-1.0,6.0,-44.0
1776885880.1571028,3.0,8.0,-45.0
1776885880.1671028,4.0,4.0,-47.0
1776885880.1771028,10.0,1.0,-45.0
1776885880.1871028,10.0,1.0,-46.0
1776885880.1971028,7.0,0.0,-48.0
1776885880.2071028,1.0,3.0,-42.0
1776885880.2171028,0.0,4.0,-35.0
1776885880.2271028,-1.0,0.0,-35.0
1776885880.2371027,0.0,-3.0,-34.0
1776885880.2471027,-3.0,-2.0,-37.0
1776885880.2571027,0.0,0.0,-37.0
1776885880.2671027,3.0,-2.0,-36.0
1776885880.2771027,4.0,-2.0,-41.0
1776885880.2871027,6.0,2.0,-38.0
1776885880.2971027,9.0,5.0,-41.0
1776885880.307103,7.0,-2.0,-37.0
1776885880.317103,7.0,-6.0,-42.0
1776885880.327103,5.0,-1.0,-37.0
1776885880.337103,6.0,0.0,-30.0
1776885880.3471026,9.0,0.0,-32.0
1776885880.3571026,9.0,1.0,-35.0
1776885880.3671026,3.0,-3.0,-28.0
1776885880.3771029,2.0,-3.0,-27.0
1776885880.3871028,1.0,-3.0,-26.0
1776885880.3971028,1.0,-2.0,-29.0
1776885880.4071028,-3.0,-1.0,-38.0
1776885880.4171028,-1.0,1.0,-45.0
1776885880.4271028,-1.0,3.0,-45.0
1776885880.4371028,-3.0,0.0,-43.0
1776885880.4471028,-2.0,0.0,-45.0
1776885880.4571028,-4.0,0.0,-37.0
1776885880.4671028,-3.0,-2.0,-34.0
1776885880.4771028,0.0,-1.0,-34.0
1776885880.4871027,1.0,-1.0,-34.0
1776885880.4971027,0.0,1.0,-36.0
1776885880.5071027,1.0,0.0,-27.0
1776885880.5171027,1.0,3.0,-31.0
1776885880.5271027,0.0,-2.0,-31.0
1776885880.5371027,-1.0,-4.0,-34.0
1776885880.5471027,0.0,-2.0,-30.0
1776885880.557103,-1.0,-2.0,-32.0
1776885880.567103,0.0,1.0,-35.0
1776885880.577103,-5.0,-2.0,-33.0
1776885880.587103,-3.0,-2.0,-34.0
1776885880.5971026,-3.0,-2.0,-32.0
1776885880.6071026,0.0,-2.0,-39.0
1776885880.6171026,2.0,1.0,-43.0
1776885880.6271029,2.0,1.0,-49.0
1776885880.6371028,1.0,4.0,-48.0
1776885880.6471028,-2.0,0.0,-45.0
1776885880.6571028,-6.0,2.0,-43.0
1776885880.6671028,-12.0,1.0,-42.0
1776885880.6771028,-9.0,2.0,-31.0
1776885880.6871028,-10.0,2.0,-30.0
1776885880.6971028,-5.0,3.0,-38.0
1776885880.7071028,-8.0,5.0,-38.0
1776885880.7171028,-6.0,0.0,-40.0
1776885880.7271028,-6.0,0.0,-35.0
1776885880.7371027,-5.0,-1.0,-34.0
1776885880.7471027,-3.0,0.0,-31.0
1776885880.7571027,0.0,-2.0,-28.0
1776885880.7671027,2.0,-2.0,-35.0
1776885880.7771027,0.0,4.0,-42.0
1776885880.7871027,-4.0,3.0,-39.0
1776885880.7971027,-7.0,3.0,-40.0
1776885880.807103,-3.0,0.0,-36.0
1776885880.817103,-3.0,-1.0,-37.0
1776885880.827103,-6.0,0.0,-38.0
1776885880.837103,-9.0,-2.0,-43.0
1776885880.8471026,-9.0,4.0,-41.0
1776885880.8571026,-5.0,4.0,-37.0
1776885880.8671026,-8.0,-1.0,-35.0
1776885880.8771029,-3.0,-1.0,-31.0
1776885880.8871028,2.0,0.0,-37.0
1776885880.8971028,1.0,0.0,-37.0
1776885880.9071028,1.0,-2.0,-39.0
1776885880.9171028,3.0,2.0,-40.0
1776885880.9271028,4.0,4.0,-34.0
1776885880.9371028,6.0,1.0,-38.0
1776885880.9471028,3.0,1.0,-39.0
1776885880.9571028,0.0,0.0,-42.0
1776885880.9671028,0.0,0.0,-46.0
1776885880.9771028,0.0,1.0,-44.0
1776885880.9871027,5.0,1.0,-45.0
1776885880.9971027,5.0,0.0,-52.0
1776885881.0071027,6.0,0.0,-52.0
1776885881.0171027,0.0,0.0,-50.0
1776885881.0271027,-1.0,-1.0,-54.0
1776885881.0371027,3.0,-5.0,-44.0
1776885881.0471027,4.0,-4.0,-45.0
1776885881.057103,6.0,-8.0,-39.0
1776885881.067103,10.0,-7.0,-40.0
1776885881.077103,5.0,-7.0,-36.0
1776885881.087103,6.0,-4.0,-29.0
1776885881.0971026,8.0,-1.0,-30.0
1776885881.1071026,10.0,0.0,-33.0
1776885881.1171026,8.0,0.0,-43.0
1776885881.1271029,3.0,-3.0,-40.0
1776885881.1371028,4.0,-5.0,-47.0
1776885881.1471028,5.0,-4.0,-43.0
1776885881.1571028,5.0,-4.0,-43.0
1776885881.1671028,3.0,-1.0,-36.0
1776885881.1771028,4.0,-1.0,-33.0
1776885881.1871028,-1.0,3.0,-36.0
1776885881.1971028,0.0,2.0,-40.0
1776885881.2071028,0.0,5.0,-41.0
1776885881.2171028,0.0,1.0,-39.0
1776885881.2271028,0.0,1.0,-40.0
1776885881.2371027,1.0,0.0,-43.0
1776885881.2471027,3.0,0.0,-42.0
1776885881.2571027,4.0,0.0,-38.0
1776885881.2671027,1.0,2.0,-39.0
1776885881.2771027,1.0,3.0,-35.0
1776885881.2871027,-1.0,2.0,-40.0
1776885881.2971027,-2.0,5.0,-43.0
1776885881.307103,-3.0,4.0,-45.0
1776885881.317103,-1.0,2.0,-43.0
1776885881.327103,-3.0,0.0,-43.0
1776885881.337103,0.0,-1.0,-43.0
1776885881.3471026,3.0,-3.0,-46.0
1776885881.3571026,1.0,-5.0,-47.0
1776885881.3671026,5.0,-7.0,-36.0
1776885881.3771029,5.0,-6.0,-34.0
1776885881.3871028,4.0,-2.0,-39.0
1776885881.3971028,3.0,-5.0,-44.0
1776885881.4071028,1.0,-5.0,-49.0
1776885881.4171028,1.0,-3.0,-53.0
1776885881.4271028,4.0,1.0,-53.0
1776885881.4381027,3.0,1.0,-49.0
1776885881.4471028,5.0,0.0,-45.0
1776885881.4571028,3.0,0.0,-54.0
1776885881.4681027,2.0,1.0,-57.0
1776885881.4771028,2.0,1.0,-54.0
1776885881.488103,0.0,2.0,-56.0
1776885881.498103,1.0,-1.0,-53.0
1776885881.508103,1.0,0.0,-51.0
1776885881.5181026,0.0,-1.0,-47.0
1776885881.5281026,3.0,0.0,-48.0
1776885881.5381026,8.0,0.0,-50.0
1776885881.5481029,8.0,0.0,-50.0
1776885881.5581028,9.0,0.0,-45.0
1776885881.5681028,5.0,1.0,-38.0
1776885881.5781028,7.0,2.0,-36.0
1776885881.5881028,8.0,4.0,-35.0
1776885881.5981028,7.0,4.0,-38.0
1776885881.6081028,5.0,6.0,-43.0
1776885881.6181028,3.0,6.0,-49.0
1776885881.6281028,6.0,7.0,-46.0
1776885881.6381028,4.0,3.0,-49.0
1776885881.6481028,6.0,2.0,-47.0
1776885881.6581028,2.0,0.0,-37.0
1776885881.6681027,2.0,-1.0,-44.0
1776885881.6781027,0.0,0.0,-50.0
1776885881.6881027,-4.0,1.0,-46.0
1776885881.6981027,-4.0,0.0,-52.0
1776885881.7081027,-8.0,-7.0,-52.0
1776885881.7181027,-8.0,-9.0,-52.0
1776885881.7281027,-4.0,-6.0,-55.0
1776885881.738103,-7.0,-4.0,-51.0
1776885881.748103,-6.0,-2.0,-51.0
1776885881.758103,-8.0,-3.0,-43.0
1776885881.7681026,-6.0,-3.0,-43.0
1776885881.7781026,-1.0,-1.0,-40.0
1776885881.7881026,-1.0,-5.0,-42.0
1776885881.7981029,-2.0,0.0,-46.0
1776885881.8081028,-1.0,1.0,-37.0
1776885881.8181028,0.0,0.0,-37.0
1776885881.8281028,0.0,3.0,-36.0
1776885881.8381028,0.0,1.0,-38.0
1776885881.8481028,5.0,6.0,-40.0
1776885881.8581028,4.0,3.0,-38.0
1776885881.8681028,3.0,-5.0,-42.0
1776885881.8781028,1.0,-7.0,-40.0
1776885881.8881028,1.0,-6.0,-38.0
1776885881.8981028,1.0,-2.0,-40.0
1776885881.9081028,0.0,2.0,-37.0
1776885881.9181027,-5.0,5.0,-32.0
1776885881.9281027,-2.0,1.0,-30.0
1776885881.9381027,0.0,-1.0,-28.0
1776885881.9481027,2.0,-4.0,-23.0
1776885881.9581027,-1.0,-4.0,-23.0
1776885881.9681027,-4.0,-7.0,-26.0
1776885881.9781027,1.0,-2.0,-31.0
1776885881.988103,0.0,-7.0,-32.0
1776885881.998103,2.0,-4.0,-30.0
1776885882.008103,0.0,-2.0,-32.0
1776885882.0181026,4.0,-4.0,-37.0
1776885882.0281026,8.0,-7.0,-39.0
1776885882.0381026,5.0,1.0,-36.0
1776885882.0481029,4.0,5.0,-35.0
1776885882.0581028,0.0,4.0,-34.0
1776885882.0681028,-2.0,2.0,-40.0
1776885882.0781028,0.0,-2.0,-42.0
1776885882.0881028,1.0,-1.0,-41.0
1776885882.0981028,-1.0,0.0,-41.0
1776885882.1081028,1.0,0.0,-43.0
1776885882.1181028,-1.0,2.0,-43.0
1776885882.1281028,2.0,4.0,-41.0
1776885882.1381028,1.0,3.0,-33.0
1776885882.1481028,4.0,4.0,-34.0
1776885882.1581028,3.0,-1.0,-39.0
1776885882.1681027,0.0,0.0,-39.0
1776885882.1781027,1.0,0.0,-36.0
1776885882.1881027,1.0,1.0,-36.0
1776885882.1981027,1.0,0.0,-39.0
1776885882.2081027,-1.0,-1.0,-36.0
1776885882.2181027,2.0,-3.0,-41.0
1776885882.2281027,3.0,-5.0,-45.0
1776885882.238103,-6.0,-2.0,-47.0
1776885882.248103,-10.0,2.0,-46.0
1776885882.258103,-12.0,5.0,-44.0
1776885882.2681026,-8.0,0.0,-50.0
1776885882.2781026,-7.0,0.0,-53.0
1776885882.2881026,-4.0,-3.0,-53.0
1776885882.2981029,-7.0,-6.0,-55.0
1776885882.3081028,-3.0,-8.0,-44.0
1776885882.3181028,-3.0,-7.0,-40.0
1776885882.3281028,-3.0,-9.0,-38.0
1776885882.3381028,-8.0,-6.0,-41.0
1776885882.3481028,-6.0,-4.0,-37.0
1776885882.3581028,-6.0,-4.0,-40.0
1776885882.3681028,-9.0,0.0,-45.0
1776885882.3781028,-7.0,1.0,-45.0
1776885882.3881028,-1.0,-2.0,-43.0
1776885882.3981028,-5.0,-3.0,-42.0
1776885882.4081028,0.0,-1.0,-45.0
1776885882.4181027,1.0,0.0,-40.0
1776885882.4281027,3.0,2.0,-41.0
1776885882.4381027,4.0,4.0,-51.0
1776885882.4481027,5.0,0.0,-51.0
1776885882.4581027,3.0,1.0,-51.0
1776885882.4681027,0.0,3.0,-55.0
1776885882.4781027,3.0,4.0,-55.0
1776885882.488103,5.0,0.0,-51.0
1776885882.498103,4.0,-2.0,-48.0
1776885882.508103,7.0,-1.0,-45.0
1776885882.5181026,6.0,-3.0,-44.0
1776885882.5281026,4.0,0.0,-42.0
1776885882.5381026,4.0,0.0,-43.0
1776885882.5481029,4.0,0.0,-33.0
1776885882.5581028,4.0,-1.0,-32.0
1776885882.5681028,0.0,0.0,-35.0
1776885882.5781028,-4.0,-2.0,-29.0
1776885882.5881028,-2.0,-3.0,-29.0
1776885882.5981028,-4.0,-2.0,-33.0
1776885882.6081028,-9.0,-1.0,-36.0
1776885882.6181028,-6.0,-1.0,-34.0
1776885882.6281028,2.0,-2.0,-41.0
1776885882.6381028,1.0,-3.0,-40.0
1776885882.6481028,4.0,-2.0,-43.0
1776885882.6581028,5.0,0.0,-39.0
1776885882.6681027,0.0,-2.0,-37.0
1776885882.6781027,0.0,-3.0,-37.0
1776885882.6881027,-4.0,-1.0,-39.0
1776885882.6981027,-5.0,-1.0,-40.0
1776885882.7081027,-6.0,0.0,-34.0
1776885882.7181027,-3.0,9.0,-38.0
1776885882.7281027,0.0,5.0,-35.0
1776885882.738103,1.0,1.0,-32.0
1776885882.748103,2.0,0.0,-36.0
1776885882.758103,0.0,0.0,-41.0
1776885882.7681026,0.0,3.0,-47.0
1776885882.7781026,0.0,2.0,-47.0
1776885882.7881026,-1.0,0.0,-45.0
1776885882.7981029,0.0,-1.0,-47.0
1776885882.8081028,9.0,-2.0,-45.0
1776885882.8181028,14.0,-6.0,-41.0
1776885882.8281028,12.0,-2.0,-39.0
1776885882.8381028,7.0,-2.0,-38.0
1776885882.8481028,8.0,-4.0,-33.0
1776885882.8581028,5.0,-8.0,-31.0
1776885882.8681028,0.0,-12.0,-34.0
1776885882.8781028,-1.0,-6.0,-27.0
1776885882.8881028,-2.0,-4.0,-24.0
1776885882.8981028,6.0,-3.0,-32.0
1776885882.9081028,4.0,0.0,-39.0
1776885882.9181027,3.0,-1.0,-39.0
1776885882.9281027,7.0,-4.0,-44.0
1776885882.9381027,8.0,-4.0,-41.0
1776885882.9481027,7.0,-3.0,-38.0
1776885882.9581027,9.0,2.0,-39.0
1776885882.9681027,2.0,1.0,-43.0
1776885882.9781027,0.0,2.0,-43.0
1776885882.988103,-2.0,2.0,-42.0
1776885882.998103,0.0,2.0,-46.0
1776885883.008103,2.0,2.0,-45.0
1776885883.0181026,0.0,5.0,-47.0
1776885883.0281026,-3.0,5.0,-46.0
1776885883.0381026,-2.0,0.0,-44.0
1776885883.0481029,-5.0,1.0,-44.0
1776885883.0581028,-3.0,2.0,-48.0
1776885883.0681028,-4.0,5.0,-43.0
1776885883.0781028,0.0,8.0,-47.0
1776885883.0881028,0.0,4.0,-51.0
1776885883.0981028,-1.0,4.0,-45.0
1776885883.1081028,-2.0,3.0,-38.0
1776885883.1181028,-4.0,0.0,-44.0
1776885883.1281028,-3.0,-1.0,-47.0
1776885883.1381028,-2.0,-1.0,-49.0
1776885883.1481028,-1.0,-2.0,-43.0
1776885883.1581028,-1.0,-4.0,-39.0
1776885883.1681027,0.0,-6.0,-38.0
1776885883.1781027,2.0,-5.0,-41.0
1776885883.1881027,0.0,-3.0,-42.0
1776885883.1981027,0.0,1.0,-43.0
1776885883.2081027,0.0,1.0,-43.0
1776885883.2181027,-1.0,0.0,-46.0
1776885883.2281027,0.0,1.0,-39.0
1776885883.238103,2.0,1.0,-34.0
1776885883.248103,-3.0,0.0,-32.0
1776885883.258103,-3.0,-4.0,-37.0
1776885883.2681026,-4.0,-2.0,-35.0
1776885883.2781026,-7.0,-1.0,-34.0
1776885883.2881026,-6.0,-1.0,-34.0
1776885883.2981029,-3.0,0.0,-36.0
1776885883.3081028,-4.0,0.0,-31.0
1776885883.3181028,0.0,-1.0,-29.0
1776885883.3281028,0.0,-3.0,-39.0
1776885883.3381028,0.0,-3.0,-41.0
1776885883.3481028,1.0,-2.0,-43.0
1776885883.3581028,2.0,-3.0,-50.0
1776885883.3681028,0.0,-1.0,-41.0
1776885883.3781028,-1.0,-4.0,-44.0
1776885883.3881028,-2.0,-6.0,-42.0
1776885883.3981028,-2.0,-4.0,-37.0
1776885883.4081028,1.0,-1.0,-37.0
1776885883.4181027,2.0,-9.0,-35.0
1776885883.4281027,0.0,-8.0,-38.0
1776885883.4391026,-1.0,-4.0,-38.0
1776885883.4491026,-4.0,-2.0,-39.0
1776885883.4591026,-2.0,0.0,-41.0
1776885883.4691026,2.0,2.0,-45.0
1776885883.4791028,3.0,1.0,-36.0
1776885883.4891028,0.0,1.0,-35.0
1776885883.4991028,0.0,4.0,-39.0
1776885883.5091028,-6.0,2.0,-40.0
1776885883.5191028,-5.0,-1.0,-44.0
1776885883.5291028,-3.0,-1.0,-44.0
1776885883.5391028,-2.0,0.0,-46.0
1776885883.5491028,0.0,-3.0,-46.0
1776885883.5591028,0.0,0.0,-53.0
1776885883.5691028,-3.0,2.0,-49.0
1776885883.5791028,-9.0,0.0,-54.0
1776885883.5891027,-7.0,0.0,-53.0
1776885883.5991027,-4.0,0.0,-55.0
1776885883.6091027,-3.0,-2.0,-56.0
1776885883.6191027,-2.0,-1.0,-61.0
1776885883.6291027,-2.0,-2.0,-57.0
1776885883.6391027,-1.0,-4.0,-46.0
1776885883.6491027,2.0,-1.0,-45.0
1776885883.659103,3.0,0.0,-43.0
1776885883.669103,4.0,-1.0,-48.0
1776885883.679103,7.0,-4.0,-47.0
1776885883.6891026,6.0,-4.0,-43.0
1776885883.6991026,6.0,-3.0,-40.0
1776885883.7091026,3.0,-3.0,-33.0
1776885883.7191026,7.0,0.0,-34.0
1776885883.7291028,4.0,-4.0,-31.0
1776885883.7391028,2.0,-3.0,-30.0
1776885883.7491028,0.0,-4.0,-32.0
1776885883.7591028,-4.0,-2.0,-35.0
1776885883.7691028,-5.0,-2.0,-31.0
1776885883.7791028,-6.0,-3.0,-32.0
1776885883.7891028,-6.0,0.0,-34.0
1776885883.7991028,-4.0,-2.0,-32.0
1776885883.8091028,2.0,-3.0,-41.0
1776885883.8191028,2.0,-2.0,-46.0
1776885883.8291028,2.0,-4.0,-44.0
1776885883.8391027,-1.0,-3.0,-41.0
1776885883.8491027,-1.0,-5.0,-38.0
1776885883.8591027,-3.0,-7.0,-43.0
1776885883.8691027,0.0,-4.0,-44.0
1776885883.8791027,-3.0,-9.0,-45.0
1776885883.8891027,-7.0,-4.0,-40.0
1776885883.8991027,-5.0,-1.0,-46.0
1776885883.909103,-2.0,2.0,-55.0
1776885883.919103,-1.0,1.0,-52.0
1776885883.929103,-1.0,0.0,-44.0
1776885883.9391026,2.0,-2.0,-46.0
1776885883.9491026,-2.0,-6.0,-41.0
1776885883.9591026,-1.0,0.0,-38.0
1776885883.9691026,-1.0,2.0,-40.0
1776885883.9791028,-5.0,3.0,-42.0
1776885883.9891028,-3.0,0.0,-46.0
1776885883.9991028,3.0,-1.0,-48.0
1776885884.0091028,1.0,2.0,-47.0
1776885884.0191028,-1.0,1.0,-48.0
1776885884.0291028,0.0,-1.0,-51.0
1776885884.0391028,2.0,1.0,-52.0
1776885884.0491028,-2.0,-3.0,-51.0
1776885884.0591028,0.0,-4.0,-48.0
1776885884.0691028,2.0,-3.0,-49.0
1776885884.0791028,-1.0,0.0,-45.0
1776885884.0891027,0.0,2.0,-43.0
1776885884.0991027,-5.0,-1.0,-37.0
1776885884.1091027,-3.0,2.0,-43.0
1776885884.1191027,0.0,0.0,-39.0
1776885884.1291027,-2.0,-2.0,-37.0
1776885884.1391027,-2.0,-5.0,-39.0
1776885884.1491027,-4.0,-4.0,-41.0
1776885884.159103,-6.0,-6.0,-40.0
1776885884.169103,-6.0,-5.0,-40.0
1776885884.179103,-3.0,-4.0,-35.0
1776885884.1891026,-2.0,-4.0,-33.0
1776885884.1991026,3.0,-3.0,-42.0
1776885884.2091026,1.0,0.0,-46.0
1776885884.2191026,1.0,1.0,-46.0
1776885884.2291028,1.0,0.0,-45.0
1776885884.2391028,3.0,-3.0,-39.0
1776885884.2491028,6.0,-5.0,-39.0
1776885884.2591028,6.0,-3.0,-34.0
1776885884.2691028,6.0,-5.0,-31.0
1776885884.2791028,3.0,-4.0,-43.0
1776885884.2891028,2.0,-4.0,-39.0
1776885884.2991028,7.0,0.0,-42.0
1776885884.3091028,6.0,-1.0,-48.0
1776885884.3191028,0.0,-2.0,-49.0
1776885884.3291028,0.0,0.0,-46.0
1776885884.3391027,-1.0,2.0,-48.0
1776885884.3491027,-3.0,3.0,-50.0
1776885884.3591027,-6.0,2.0,-44.0
1776885884.3691027,-5.0,2.0,-50.0
1776885884.3791027,-3.0,1.0,-47.0
1776885884.3891027,-2.0,1.0,-43.0
1776885884.3991027,1.0,0.0,-41.0
1776885884.409103,4.0,-5.0,-40.0
1776885884.419103,8.0,-3.0,-39.0
1776885884.429103,7.0,-5.0,-37.0
1776885884.4391026,3.0,-3.0,-38.0
1776885884.4491026,4.0,0.0,-41.0
1776885884.4591026,3.0,3.0,-39.0
1776885884.4691026,2.0,2.0,-42.0
1776885884.4791028,3.0,2.0,-44.0
1776885884.4891028,5.0,2.0,-48.0
1776885884.4991028,1.0,2.0,-50.0
1776885884.5091028,0.0,1.0,-47.0
1776885884.5191028,-2.0,3.0,-51.0
1776885884.5291028,-2.0,1.0,-47.0
1776885884.5391028,-6.0,-2.0,-47.0
1776885884.5491028,-5.0,-1.0,-51.0
1776885884.5591028,-7.0,4.0,-51.0
1776885884.5691028,-6.0,2.0,-43.0
1776885884.5791028,-7.0,3.0,-39.0
1776885884.5891027,-7.0,7.0,-39.0
1776885884.5991027,-9.0,6.0,-47.0
1776885884.6091027,-11.0,4.0,-44.0
1776885884.6191027,-10.0,1.0,-42.0
1776885884.6291027,-9.0,5.0,-41.0
1776885884.6391027,-10.0,5.0,-36.0
1776885884.6491027,-7.0,6.0,-35.0
1776885884.659103,-6.0,2.0,-34.0
1776885884.669103,-4.0,2.0,-41.0
1776885884.679103,0.0,2.0,-43.0
1776885884.6891026,-3.0,2.0,-42.0
1776885884.6991026,-6.0,2.0,-38.0
1776885884.7091026,-3.0,0.0,-44.0
1776885884.7191026,-3.0,0.0,-49.0
1776885884.7291028,-6.0,0.0,-49.0
1776885884.7391028,-3.0,-2.0,-46.0
1776885884.7491028,0.0,0.0,-50.0
1776885884.7591028,1.0,-1.0,-53.0
1776885884.7691028,-1.0,-2.0,-46.0
1776885884.7791028,-4.0,-5.0,-46.0
1776885884.7891028,-5.0,-4.0,-48.0
1776885884.7991028,-5.0,-1.0,-41.0
1776885884.8091028,-3.0,-3.0,-36.0
1776885884.8191028,-2.0,-3.0,-40.0
1776885884.8291028,-2.0,-4.0,-43.0
1776885884.8391027,-1.0,-5.0,-40.0
1776885884.8491027,-2.0,-5.0,-35.0
1776885884.8591027,-4.0,-5.0,-41.0
1776885884.8691027,0.0,0.0,-41.0
1776885884.8791027,0.0,5.0,-39.0
1776885884.8891027,0.0,3.0,-40.0
1776885884.8991027,0.0,-2.0,-43.0
1776885884.909103,-2.0,-4.0,-39.0
1776885884.919103,-2.0,-2.0,-38.0
1776885884.9301028,-5.0,-4.0,-39.0
1776885884.9391026,-5.0,-10.0,-36.0
1776885884.9491026,-5.0,-7.0,-37.0
1776885884.9591026,-5.0,-3.0,-42.0
1776885884.9691026,0.0,-6.0,-48.0
1776885884.9791028,2.0,-8.0,-40.0
1776885884.9891028,6.0,-5.0,-41.0
1776885884.9991028,6.0,-4.0,-43.0
1776885885.0091028,5.0,-7.0,-38.0
1776885885.0191028,5.0,-9.0,-39.0
1776885885.0291028,4.0,-8.0,-36.0
1776885885.0391028,-1.0,-5.0,-37.0
1776885885.0491028,-2.0,-5.0,-42.0
1776885885.0591028,-2.0,-1.0,-43.0
1776885885.0691028,-1.0,-1.0,-46.0
1776885885.0791028,1.0,0.0,-48.0
1776885885.0891027,3.0,0.0,-41.0
1776885885.0991027,2.0,1.0,-43.0
1776885885.1091027,3.0,0.0,-44.0
1776885885.1191027,3.0,5.0,-33.0
1776885885.1291027,4.0,3.0,-37.0
1776885885.1391027,7.0,6.0,-45.0
1776885885.1491027,5.0,6.0,-51.0
1776885885.159103,3.0,6.0,-51.0
1776885885.169103,4.0,2.0,-48.0
1776885885.179103,5.0,-2.0,-46.0
1776885885.1891026,1.0,0.0,-51.0
1776885885.1991026,-1.0,-2.0,-46.0
1776885885.2091026,1.0,-1.0,-42.0
1776885885.2191026,2.0,0.0,-39.0
1776885885.2291028,1.0,-2.0,-41.0
1776885885.2391028,5.0,-4.0,-35.0
1776885885.2491028,6.0,-4.0,-35.0
1776885885.2591028,5.0,-5.0,-40.0
1776885885.2691028,7.0,-4.0,-39.0
1776885885.2791028,5.0,-4.0,-37.0
1776885885.2891028,3.0,0.0,-36.0
1776885885.2991028,0.0,-1.0,-31.0
1776885885.3091028,-2.0,0.0,-31.0
1776885885.3191028,-3.0,-4.0,-34.0
1776885885.3291028,0.0,-3.0,-33.0
1776885885.3391027,1.0,-4.0,-36.0
1776885885.3491027,0.0,-7.0,-36.0
1776885885.3591027,-2.0,-6.0,-39.0
1776885885.3691027,-5.0,-2.0,-32.0
1776885885.3791027,0.0,-4.0,-32.0
1776885885.3891027,0.0,-3.0,-39.0
1776885885.3991027,1.0,-2.0,-38.0
1776885885.409103,0.0,-2.0,-40.0
1776885885.419103,2.0,0.0,-42.0
1776885885.4301028,5.0,0.0,-42.0
1776885885.4391026,2.0,-3.0,-44.0
1776885885.4501028,5.0,-4.0,-42.0
1776885885.4601028,6.0,0.0,-43.0
1776885885.4701028,2.0,1.0,-49.0
1776885885.4801028,1.0,0.0,-50.0
1776885885.4901028,-3.0,3.0,-41.0
1776885885.5001028,0.0,1.0,-40.0
1776885885.5101027,-2.0,-1.0,-37.0
1776885885.5201027,0.0,-2.0,-36.0
1776885885.5301027,6.0,-6.0,-42.0
1776885885.5401027,6.0,-4.0,-43.0
1776885885.5501027,-2.0,-6.0,-39.0
1776885885.5601027,-4.0,-7.0,-38.0
1776885885.5701027,-1.0,-9.0,-37.0
1776885885.5801027,-1.0,-10.0,-32.0
1776885885.590103,-1.0,-10.0,-31.0
1776885885.600103,1.0,-9.0,-37.0
1776885885.610103,7.0,-10.0,-39.0
1776885885.6201026,4.0,-10.0,-46.0
1776885885.6301026,-5.0,-9.0,-48.0
1776885885.6401026,-6.0,-6.0,-48.0
1776885885.6501029,-7.0,-4.0,-43.0
1776885885.6601028,-3.0,-5.0,-42.0
1776885885.6701028,-2.0,-3.0,-41.0
1776885885.6801028,0.0,-4.0,-38.0
1776885885.6901028,-2.0,-2.0,-31.0
1776885885.7001028,-1.0,-1.0,-32.0
1776885885.7101028,-2.0,2.0,-34.0
1776885885.7201028,-4.0,2.0,-26.0
1776885885.7301028,-3.0,-1.0,-29.0
1776885885.7401028,-3.0,-3.0,-29.0
1776885885.7501028,0.0,-2.0,-39.0
1776885885.7601027,-1.0,-4.0,-44.0
1776885885.7701027,1.0,-2.0,-42.0
1776885885.7801027,0.0,2.0,-46.0
1776885885.7901027,0.0,1.0,-46.0
1776885885.8001027,0.0,2.0,-45.0
1776885885.8101027,-2.0,1.0,-47.0
1776885885.8201027,0.0,2.0,-41.0
1776885885.8301027,-3.0,0.0,-35.0
1776885885.840103,-4.0,-3.0,-37.0
1776885885.850103,-2.0,-5.0,-37.0
1776885885.860103,-3.0,-4.0,-42.0
1776885885.8701026,-1.0,-3.0,-45.0
1776885885.8801026,-2.0,1.0,-43.0
1776885885.8901026,-4.0,0.0,-44.0
1776885885.9001029,-2.0,0.0,-47.0
1776885885.9101028,-2.0,0.0,-47.0
1776885885.9201028,0.0,3.0,-46.0
1776885885.9301028,4.0,4.0,-52.0
1776885885.9401028,5.0,0.0,-50.0
1776885885.9501028,3.0,1.0,-47.0
1776885885.9601028,6.0,3.0,-48.0
1776885885.9701028,2.0,0.0,-47.0
1776885885.9801028,3.0,0.0,-48.0
1776885885.9901028,0.0,2.0,-44.0
1776885886.0001028,1.0,2.0,-39.0
1776885886.0101027,3.0,4.0,-36.0
1776885886.0201027,4.0,6.0,-36.0
1776885886.0301027,4.0,6.0,-36.0
1776885886.0401027,4.0,1.0,-32.0
1776885886.0501027,5.0,1.0,-42.0
1776885886.0601027,5.0,1.0,-43.0
1776885886.0701027,4.0,-3.0,-41.0
1776885886.0801027,0.0,-2.0,-41.0
1776885886.090103,0.0,-2.0,-45.0
1776885886.100103,3.0,-3.0,-41.0
1776885886.110103,0.0,0.0,-37.0
1776885886.1201026,-1.0,0.0,-35.0
1776885886.1301026,-2.0,-2.0,-37.0
1776885886.1401026,3.0,-3.0,-33.0
1776885886.1501029,2.0,-1.0,-37.0
1776885886.1601028,7.0,-4.0,-38.0
1776885886.1701028,8.0,-5.0,-39.0
1776885886.1801028,7.0,-8.0,-42.0
1776885886.1901028,3.0,-13.0,-40.0
1776885886.2001028,0.0,-14.0,-43.0
1776885886.2101028,0.0,-10.0,-44.0
1776885886.2201028,0.0,-4.0,-42.0
1776885886.2301028,-2.0,-1.0,-40.0
1776885886.2401028,-5.0,-1.0,-37.0
1776885886.2501028,-2.0,3.0,-37.0
1776885886.2601027,-5.0,4.0,-38.0
1776885886.2701027,-3.0,-5.0,-42.0
1776885886.2801027,0.0,-6.0,-51.0
1776885886.2901027,-2.0,-1.0,-51.0
1776885886.3001027,1.0,-1.0,-51.0
1776885886.3101027,0.0,-6.0,-50.0
1776885886.3201027,0.0,-6.0,-52.0
1776885886.3301027,-1.0,-1.0,-52.0
1776885886.340103,-4.0,-2.0,-49.0
1776885886.350103,-4.0,-4.0,-45.0
1776885886.360103,-1.0,-6.0,-45.0
1776885886.3701026,-5.0,-3.0,-43.0
1776885886.3801026,-4.0,-3.0,-53.0
1776885886.3901026,-2.0,-2.0,-55.0
1776885886.4001029,-8.0,-5.0,-58.0
1776885886.4101028,-5.0,-8.0,-56.0
1776885886.4201028,0.0,-9.0,-53.0
1776885886.4301028,0.0,-8.0,-51.0
1776885886.4401028,0.0,-6.0,-51.0
1776885886.4501028,-2.0,-6.0,-44.0
1776885886.4601028,0.0,-6.0,-37.0
1776885886.4701028,1.0,-4.0,-37.0
1776885886.4801028,0.0,0.0,-39.0
1776885886.4901028,-1.0,0.0,-41.0
1776885886.5001028,-1.0,-1.0,-40.0
1776885886.5101027,4.0,-2.0,-39.0
1776885886.5201027,2.0,0.0,-37.0
1776885886.5301027,3.0,0.0,-27.0
1776885886.5401027,8.0,-2.0,-27.0
1776885886.5501027,4.0,0.0,-35.0
1776885886.5601027,5.0,0.0,-42.0
1776885886.5701027,2.0,-3.0,-40.0
1776885886.5801027,2.0,-4.0,-37.0
1776885886.590103,3.0,-2.0,-38.0
1776885886.600103,4.0,-2.0,-40.0
1776885886.610103,10.0,-2.0,-36.0
1776885886.6201026,12.0,0.0,-41.0
1776885886.6301026,12.0,1.0,-41.0
1776885886.6401026,12.0,0.0,-44.0
1776885886.6501029,9.0,2.0,-39.0
1776885886.6601028,6.0,3.0,-40.0
1776885886.6701028,10.0,1.0,-43.0
1776885886.6801028,12.0,0.0,-47.0
1776885886.6901028,7.0,2.0,-45.0
1776885886.7001028,2.0,0.0,-44.0
1776885886.7101028,2.0,-3.0,-48.0
1776885886.7201028,5.0,0.0,-48.0
1776885886.7301028,2.0,2.0,-47.0
1776885886.7401028,0.0,0.0,-37.0
1776885886.7501028,-1.0,1.0,-37.0
1776885886.7601027,-1.0,2.0,-33.0
1776885886.7701027,0.0,-1.0,-34.0
1776885886.7801027,-1.0,0.0,-39.0
1776885886.7901027,-1.0,0.0,-41.0
1776885886.8001027,1.0,-1.0,-47.0
1776885886.8101027,0.0,-5.0,-43.0
1776885886.8201027,-1.0,-1.0,-43.0
1776885886.8301027,0.0,-1.0,-46.0
1776885886.840103,0.0,0.0,-53.0
1776885886.850103,3.0,-4.0,-48.0
1776885886.860103,4.0,-5.0,-42.0
1776885886.8701026,6.0,-4.0,-39.0
1776885886.8801026,7.0,-5.0,-41.0
1776885886.8901026,4.0,-2.0,-48.0
1776885886.9001029,4.0,-3.0,-47.0
1776885886.9101028,2.0,-4.0,-53.0
1776885886.9201028,0.0,-2.0,-49.0
1776885886.9301028,-2.0,-2.0,-41.0
1776885886.9401028,-1.0,1.0,-46.0
1776885886.9501028,0.0,0.0,-47.0
1776885886.9601028,3.0,1.0,-46.0
1776885886.9701028,4.0,-1.0,-46.0
1776885886.9801028,3.0,-4.0,-44.0
1776885886.9901028,3.0,-3.0,-46.0
1776885887.0001028,3.0,0.0,-43.0
1776885887.0101027,3.0,-5.0,-38.0
1776885887.0201027,-1.0,-4.0,-36.0
1776885887.0301027,0.0,-3.0,-41.0
1776885887.0401027,0.0,-3.0,-42.0
1776885887.0501027,-2.0,-7.0,-41.0
1776885887.0601027,0.0,-7.0,-39.0
1776885887.0701027,2.0,-3.0,-40.0
1776885887.0801027,3.0,-2.0,-35.0
1776885887.090103,5.0,-2.0,-32.0
1776885887.100103,4.0,0.0,-32.0
1776885887.110103,7.0,3.0,-27.0
1776885887.1201026,2.0,0.0,-28.0
1776885887.1301026,0.0,0.0,-38.0
1776885887.1401026,2.0,-4.0,-35.0
1776885887.1501029,4.0,-6.0,-32.0
1776885887.1601028,4.0,-4.0,-31.0
1776885887.1701028,4.0,-5.0,-30.0
1776885887.1801028,2.0,-2.0,-32.0
1776885887.1901028,0.0,-5.0,-32.0
1776885887.2001028,5.0,-6.0,-34.0
1776885887.2101028,1.0,-3.0,-34.0
1776885887.2201028,-3.0,-1.0,-40.0
1776885887.2301028,-6.0,-2.0,-31.0
1776885887.2401028,-3.0,-3.0,-36.0
1776885887.2501028,-3.0,-3.0,-37.0
1776885887.2601027,-4.0,-3.0,-35.0
1776885887.2701027,-4.0,-6.0,-38.0
1776885887.2801027,-2.0,-7.0,-38.0
1776885887.2901027,1.0,-7.0,-35.0
1776885887.3001027,3.0,-11.0,-41.0
1776885887.3101027,5.0,-6.0,-40.0
1776885887.3201027,6.0,-5.0,-39.0
1776885887.3301027,5.0,0.0,-34.0
1776885887.340103,6.0,-3.0,-36.0
1776885887.350103,7.0,-4.0,-43.0
1776885887.360103,7.0,-2.0,-44.0
1776885887.3701026,7.0,-3.0,-42.0
1776885887.3801026,2.0,-5.0,-44.0
1776885887.3901026,0.0,0.0,-40.0
1776885887.4001029,0.0,-1.0,-41.0
1776885887.4101028,2.0,-4.0,-34.0
1776885887.4201028,1.0,-4.0,-31.0
1776885887.4301028,-4.0,-6.0,-31.0
1776885887.4411027,-2.0,-8.0,-42.0
1776885887.4501028,-4.0,-5.0,-40.0
1776885887.4611027,-4.0,-6.0,-42.0
1776885887.4711027,1.0,-6.0,-38.0
1776885887.4811027,-2.0,-4.0,-34.0
1776885887.4911027,-4.0,-2.0,-33.0
1776885887.5011027,-2.0,-4.0,-33.0
1776885887.511103,-1.0,-5.0,-37.0
1776885887.521103,-3.0,-5.0,-44.0
1776885887.531103,-7.0,-4.0,-41.0
1776885887.5411026,-5.0,-1.0,-39.0
1776885887.5511026,-4.0,-1.0,-39.0
1776885887.5611026,-6.0,-2.0,-37.0
1776885887.5711029,-3.0,-2.0,-35.0
1776885887.5811028,-4.0,0.0,-29.0
1776885887.5911028,-5.0,0.0,-35.0
1776885887.6011028,-7.0,0.0,-34.0
1776885887.6111028,-5.0,1.0,-34.0
1776885887.6211028,-3.0,2.0,-31.0
1776885887.6311028,-5.0,0.0,-32.0
1776885887.6411028,-1.0,-2.0,-39.0
1776885887.6511028,-1.0,-4.0,-37.0
1776885887.6611028,1.0,-5.0,-40.0
1776885887.6711028,4.0,-8.0,-42.0
1776885887.6811028,1.0,-9.0,-36.0
1776885887.6911027,-1.0,-4.0,-33.0
1776885887.7011027,-1.0,-6.0,-43.0
1776885887.7111027,2.0,-5.0,-45.0
1776885887.7211027,4.0,0.0,-45.0
1776885887.7311027,3.0,2.0,-36.0
1776885887.7411027,1.0,4.0,-35.0
1776885887.7511027,2.0,1.0,-36.0
1776885887.761103,3.0,0.0,-35.0
1776885887.771103,5.0,-1.0,-37.0
1776885887.781103,7.0,-3.0,-32.0
1776885887.7911026,9.0,-1.0,-35.0
1776885887.8011026,3.0,-4.0,-40.0
1776885887.8111026,3.0,-7.0,-36.0
1776885887.8211029,-1.0,-6.0,-36.0
1776885887.8311028,-4.0,-4.0,-33.0
1776885887.8411028,-5.0,-7.0,-27.0
1776885887.8511028,-6.0,-10.0,-24.0
1776885887.8611028,-3.0,-9.0,-29.0
1776885887.8711028,-2.0,-6.0,-34.0
1776885887.8811028,-5.0,-8.0,-42.0
1776885887.8911028,-8.0,-9.0,-44.0
1776885887.9011028,-7.0,-8.0,-38.0
1776885887.9111028,-4.0,-8.0,-37.0
1776885887.9211028,-4.0,-7.0,-38.0
1776885887.9311028,0.0,-2.0,-36.0
1776885887.9411027,4.0,-2.0,-37.0
1776885887.9511027,7.0,-2.0,-42.0
1776885887.9611027,3.0,-4.0,-33.0
1776885887.9711027,2.0,-2.0,-33.0
1776885887.9811027,-1.0,0.0,-31.0
1776885887.9911027,0.0,-2.0,-39.0
1776885888.0011027,0.0,-4.0,-39.0
1776885888.011103,-2.0,0.0,-39.0
1776885888.021103,-6.0,-3.0,-43.0
1776885888.031103,-5.0,-4.0,-38.0
1776885888.0411026,-4.0,-3.0,-36.0
1776885888.0511026,-1.0,2.0,-40.0
1776885888.0611026,-4.0,2.0,-38.0
1776885888.0711029,-5.0,0.0,-37.0
1776885888.0811028,-3.0,0.0,-35.0
1776885888.0911028,0.0,-3.0,-35.0
1776885888.1011028,1.0,-6.0,-38.0
1776885888.1111028,3.0,-7.0,-47.0
1776885888.1211028,-1.0,-3.0,-45.0
1776885888.1311028,0.0,2.0,-51.0
1776885888.1411028,0.0,2.0,-48.0
1776885888.1511028,2.0,1.0,-41.0
1776885888.1611028,0.0,0.0,-42.0
1776885888.1711028,0.0,-1.0,-37.0
1776885888.1811028,0.0,1.0,-37.0
1776885888.1911027,3.0,0.0,-39.0
1776885888.2011027,4.0,-7.0,-33.0
1776885888.2111027,5.0,-6.0,-22.0
1776885888.2211027,5.0,-8.0,-21.0
1776885888.2311027,5.0,-7.0,-26.0
1776885888.2411027,3.0,-13.0,-30.0
1776885888.2511027,3.0,-10.0,-32.0
1776885888.261103,2.0,-9.0,-36.0
1776885888.271103,-4.0,-9.0,-33.0
1776885888.281103,-7.0,-11.0,-30.0
1776885888.2911026,-6.0,-9.0,-30.0
1776885888.3011026,-5.0,-11.0,-33.0
1776885888.3111026,-8.0,-10.0,-36.0
1776885888.3211029,-5.0,-9.0,-38.0
1776885888.3311028,-6.0,-5.0,-47.0
1776885888.3411028,-9.0,-3.0,-48.0
1776885888.3511028,-8.0,-5.0,-43.0
1776885888.3611028,-7.0,-7.0,-39.0
1776885888.3711028,-6.0,-7.0,-42.0
1776885888.3811028,-5.0,-8.0,-40.0
1776885888.3911028,-1.0,-8.0,-39.0
1776885888.4011028,-1.0,-6.0,-44.0
1776885888.4111028,-7.0,-3.0,-48.0
1776885888.4211028,-8.0,-1.0,-50.0
1776885888.4311028,-4.0,0.0,-42.0
1776885888.4411027,-1.0,0.0,-41.0
1776885888.4511027,-4.0,-4.0,-37.0
1776885888.4611027,-3.0,-3.0,-39.0
1776885888.4711027,-7.0,-3.0,-34.0
1776885888.4811027,-5.0,0.0,-37.0
1776885888.4911027,3.0,3.0,-35.0
1776885888.5011027,3.0,0.0,-37.0
1776885888.511103,3.0,-1.0,-43.0
1776885888.521103,5.0,-1.0,-42.0
1776885888.531103,5.0,-3.0,-41.0
1776885888.5411026,4.0,-5.0,-46.0
1776885888.5511026,2.0,-5.0,-46.0
1776885888.5611026,-2.0,-2.0,-45.0
1776885888.5711029,-1.0,0.0,-37.0
1776885888.5811028,2.0,0.0,-38.0
1776885888.5911028,-1.0,-4.0,-32.0
1776885888.6011028,2.0,-6.0,-35.0
1776885888.6111028,2.0,-5.0,-32.0
1776885888.6211028,2.0,-2.0,-33.0
1776885888.6311028,2.0,-1.0,-31.0
1776885888.6411028,0.0,0.0,-42.0
1776885888.6511028,0.0,-3.0,-42.0
1776885888.6611028,0.0,-2.0,-41.0
1776885888.6711028,-1.0,-2.0,-40.0
1776885888.6811028,-4.0,0.0,-42.0
1776885888.6911027,-3.0,0.0,-45.0
1776885888.7011027,1.0,1.0,-44.0
1776885888.7111027,-3.0,-4.0,-42.0
1776885888.7211027,-4.0,-5.0,-39.0
1776885888.7311027,-6.0,-5.0,-39.0
1776885888.7411027,-7.0,-5.0,-37.0
1776885888.7511027,-5.0,-3.0,-38.0
1776885888.761103,-1.0,-1.0,-35.0
1776885888.771103,-3.0,-1.0,-31.0
1776885888.781103,0.0,-4.0,-32.0
1776885888.7911026,0.0,-8.0,-38.0
1776885888.8011026,1.0,-4.0,-37.0
1776885888.8111026,0.0,-5.0,-40.0
1776885888.8211029,-3.0,-4.0,-41.0
1776885888.8311028,0.0,-2.0,-38.0
1776885888.8411028,2.0,-6.0,-42.0
1776885888.8511028,3.0,-9.0,-38.0
1776885888.8611028,1.0,-4.0,-39.0
1776885888.8711028,1.0,0.0,-43.0
1776885888.8811028,2.0,-1.0,-53.0
1776885888.8911028,3.0,-1.0,-52.0
1776885888.9011028,9.0,-2.0,-57.0
1776885888.9111028,11.0,3.0,-55.0
1776885888.9211028,11.0,4.0,-47.0
1776885888.9311028,9.0,1.0,-39.0
1776885888.9411027,6.0,-1.0,-36.0
1776885888.9511027,7.0,-2.0,-36.0
1776885888.9611027,1.0,-3.0,-39.0
1776885888.9711027,-1.0,0.0,-48.0
1776885888.9811027,3.0,1.0,-53.0
1776885888.9911027,2.0,-2.0,-52.0
1776885889.0011027,3.0,3.0,-41.0
1776885889.011103,0.0,6.0,-39.0
1776885889.021103,-6.0,6.0,-38.0
1776885889.031103,-4.0,2.0,-38.0
1776885889.0411026,-6.0,1.0,-41.0
1776885889.0511026,-9.0,1.0,-42.0
1776885889.0611026,-5.0,2.0,-39.0
1776885889.0711029,-3.0,1.0,-39.0
1776885889.0811028,-7.0,2.0,-36.0
1776885889.0911028,-6.0,5.0,-35.0
1776885889.1011028,-6.0,6.0,-30.0
1776885889.1111028,-3.0,4.0,-29.0
1776885889.1211028,-1.0,3.0,-39.0
1776885889.1311028,-2.0,0.0,-33.0
1776885889.1411028,-2.0,-1.0,-38.0
1776885889.1511028,-2.0,0.0,-44.0
1776885889.1611028,-6.0,2.0,-42.0
1776885889.1711028,-7.0,4.0,-39.0
1776885889.1811028,-7.0,5.0,-37.0
1776885889.1911027,-2.0,2.0,-44.0
1776885889.2011027,-3.0,0.0,-40.0
1776885889.2111027,-3.0,1.0,-37.0
1776885889.2211027,-2.0,2.0,-34.0
1776885889.2311027,-1.0,1.0,-37.0
1776885889.2411027,-2.0,0.0,-38.0
1776885889.2511027,-5.0,-2.0,-37.0
1776885889.261103,-3.0,-6.0,-39.0
1776885889.271103,-1.0,-2.0,-37.0
1776885889.281103,4.0,1.0,-39.0
1776885889.2911026,6.0,5.0,-38.0
1776885889.3011026,6.0,6.0,-45.0
1776885889.3111026,6.0,4.0,-40.0
1776885889.3211029,5.0,0.0,-43.0
1776885889.3311028,8.0,-4.0,-44.0
1776885889.3411028,8.0,-4.0,-50.0
1776885889.3511028,8.0,-4.0,-48.0
1776885889.3611028,8.0,-8.0,-48.0
1776885889.3711028,4.0,-12.0,-43.0
1776885889.3811028,3.0,-10.0,-44.0
1776885889.3911028,2.0,-11.0,-36.0
1776885889.4011028,2.0,-15.0,-39.0
1776885889.4111028,0.0,-11.0,-42.0
1776885889.4221027,3.0,-4.0,-40.0
1776885889.4311028,4.0,5.0,-40.0
1776885889.442103,4.0,5.0,-43.0
1776885889.452103,1.0,1.0,-39.0
1776885889.462103,0.0,-3.0,-40.0
1776885889.4721026,-1.0,-5.0,-37.0
1776885889.4821026,0.0,-1.0,-39.0
1776885889.4921026,1.0,-1.0,-45.0
1776885889.5021029,1.0,-7.0,-39.0
1776885889.5121028,0.0,-4.0,-34.0
1776885889.5221028,-5.0,-4.0,-33.0
1776885889.5321028,-3.0,-5.0,-33.0
1776885889.5421028,2.0,-3.0,-39.0
1776885889.5521028,0.0,0.0,-42.0
1776885889.5621028,-1.0,1.0,-43.0
1776885889.5721028,0.0,3.0,-42.0
1776885889.5821028,0.0,3.0,-40.0
1776885889.5921028,1.0,1.0,-39.0
1776885889.6021028,7.0,3.0,-34.0
1776885889.6121027,5.0,0.0,-37.0
1776885889.6221027,1.0,-1.0,-32.0
1776885889.6321027,1.0,0.0,-30.0
1776885889.6421027,-3.0,6.0,-33.0
1776885889.6521027,-3.0,4.0,-30.0
1776885889.6621027,-3.0,3.0,-30.0
1776885889.6721027,-2.0,0.0,-40.0
1776885889.682103,1.0,-2.0,-37.0
1776885889.692103,2.0,-5.0,-30.0
1776885889.702103,1.0,-5.0,-34.0
1776885889.712103,3.0,-5.0,-32.0
1776885889.7221026,4.0,-5.0,-37.0
1776885889.7321026,2.0,-5.0,-39.0
1776885889.7431028,4.0,-5.0,-40.0
1776885889.7521029,4.0,-3.0,-41.0
1776885889.7621028,3.0,0.0,-40.0
1776885889.7721028,0.0,-1.0,-32.0
1776885889.7821028,4.0,0.0,-25.0
1776885889.7921028,5.0,1.0,-29.0
1776885889.8021028,0.0,1.0,-29.0
1776885889.8121028,-1.0,2.0,-26.0
1776885889.8221028,0.0,0.0,-26.0
1776885889.8321028,-4.0,1.0,-25.0
1776885889.8421028,-2.0,1.0,-25.0
1776885889.8521028,-1.0,0.0,-28.0
1776885889.8621027,-4.0,0.0,-30.0
1776885889.8721027,0.0,0.0,-34.0
1776885889.8821027,3.0,-1.0,-36.0
1776885889.8921027,5.0,-2.0,-35.0
1776885889.9021027,5.0,0.0,-40.0
1776885889.9121027,8.0,3.0,-47.0
1776885889.9221027,5.0,3.0,-46.0
1776885889.932103,0.0,4.0,-41.0
1776885889.942103,0.0,5.0,-40.0
1776885889.952103,3.0,4.0,-42.0
1776885889.962103,4.0,2.0,-42.0
1776885889.9721026,0.0,6.0,-42.0
1776885889.9821026,1.0,4.0,-37.0
1776885889.9921026,-2.0,4.0,-39.0
1776885890.0021029,-6.0,1.0,-38.0
1776885890.0121028,-8.0,1.0,-37.0
1776885890.0221028,-6.0,-4.0,-33.0
1776885890.0321028,-2.0,-1.0,-37.0
1776885890.0421028,-4.0,5.0,-38.0
1776885890.0521028,-3.0,4.0,-38.0
1776885890.0621028,-3.0,2.0,-38.0
1776885890.0721028,-2.0,3.0,-44.0
1776885890.0821028,0.0,0.0,-43.0
1776885890.0921028,0.0,0.0,-37.0
1776885890.1021028,0.0,4.0,-40.0
1776885890.1121027,-1.0,6.0,-37.0
1776885890.1221027,1.0,5.0,-34.0
1776885890.1321027,0.0,2.0,-30.0
1776885890.1421027,1.0,1.0,-33.0
1776885890.1521027,2.0,2.0,-31.0
1776885890.1621027,2.0,1.0,-38.0
1776885890.1721027,0.0,-2.0,-43.0
1776885890.182103,-4.0,-7.0,-45.0
1776885890.192103,1.0,-3.0,-43.0
1776885890.202103,5.0,-7.0,-39.0
1776885890.212103,7.0,-7.0,-41.0
1776885890.2221026,6.0,-6.0,-41.0
1776885890.2321026,4.0,-7.0,-38.0
1776885890.2421026,2.0,-3.0,-36.0
1776885890.2521029,2.0,0.0,-37.0
1776885890.2621028,1.0,0.0,-36.0
1776885890.2721028,0.0,-2.0,-39.0
1776885890.2821028,3.0,-6.0,-39.0
1776885890.2921028,4.0,-4.0,-42.0
1776885890.3021028,4.0,-3.0,-44.0
1776885890.3121028,1.0,-5.0,-43.0
1776885890.3221028,8.0,-6.0,-39.0
1776885890.3321028,9.0,-1.0,-38.0
1776885890.3421028,8.0,0.0,-39.0
1776885890.3521028,6.0,-3.0,-34.0
1776885890.3621027,9.0,-6.0,-33.0
1776885890.3721027,9.0,-3.0,-32.0
1776885890.3821027,6.0,0.0,-30.0
1776885890.3921027,6.0,0.0,-37.0
1776885890.4021027,3.0,0.0,-43.0
1776885890.4121027,2.0,0.0,-38.0
1776885890.4221027,3.0,-1.0,-37.0
1776885890.432103,3.0,-2.0,-33.0
1776885890.442103,3.0,-1.0,-31.0
1776885890.452103,5.0,0.0,-36.0
1776885890.462103,1.0,0.0,-36.0
1776885890.4721026,-3.0,-2.0,-35.0
1776885890.4821026,-2.0,-2.0,-30.0
1776885890.4921026,-6.0,-2.0,-37.0
1776885890.5021029,-4.0,1.0,-47.0
1776885890.5121028,-9.0,0.0,-45.0
1776885890.5221028,-11.0,-3.0,-48.0
1776885890.5321028,-9.0,-1.0,-50.0
1776885890.5421028,-5.0,-2.0,-44.0
1776885890.5521028,-3.0,-4.0,-38.0
1776885890.5621028,-6.0,-2.0,-44.0
1776885890.5721028,-4.0,1.0,-52.0
1776885890.5821028,2.0,-2.0,-46.0
1776885890.5921028,7.0,-2.0,-42.0
1776885890.6021028,4.0,1.0,-39.0
1776885890.6121027,3.0,4.0,-39.0
1776885890.6221027,0.0,0.0,-40.0
1776885890.6321027,1.0,0.0,-41.0
1776885890.6421027,1.0,-2.0,-38.0
1776885890.6521027,-1.0,-5.0,-34.0
1776885890.6621027,-1.0,-4.0,-40.0
1776885890.6721027,-3.0,-3.0,-36.0
1776885890.682103,-5.0,0.0,-38.0
1776885890.692103,-4.0,0.0,-41.0
1776885890.702103,1.0,1.0,-43.0
1776885890.712103,3.0,0.0,-44.0
1776885890.7221026,2.0,3.0,-50.0
1776885890.7321026,2.0,0.0,-48.0
1776885890.7421026,2.0,-4.0,-50.0
1776885890.7521029,4.0,-4.0,-47.0
1776885890.7621028,1.0,-2.0,-41.0
1776885890.7721028,0.0,-1.0,-47.0
1776885890.7821028,-2.0,0.0,-44.0
1776885890.7921028,-1.0,-3.0,-53.0
1776885890.8021028,0.0,-6.0,-54.0
1776885890.8121028,-3.0,-3.0,-56.0
1776885890.8221028,-2.0,-4.0,-51.0
1776885890.8321028,-2.0,-2.0,-53.0
1776885890.8421028,0.0,-2.0,-47.0
1776885890.8521028,0.0,-1.0,-43.0
1776885890.8621027,0.0,2.0,-43.0
1776885890.8721027,0.0,5.0,-38.0
1776885890.8821027,1.0,5.0,-34.0
1776885890.8921027,0.0,2.0,-33.0
1776885890.9021027,2.0,0.0,-41.0
1776885890.9121027,8.0,-3.0,-41.0
1776885890.9221027,4.0,-6.0,-40.0
1776885890.932103,5.0,-1.0,-41.0
1776885890.942103,5.0,-2.0,-47.0
1776885890.952103,2.0,0.0,-48.0
1776885890.962103,0.0,4.0,-46.0
1776885890.9721026,-3.0,4.0,-46.0
1776885890.9821026,-4.0,6.0,-42.0
1776885890.9921026,-5.0,-1.0,-38.0
1776885891.0021029,0.0,-8.0,-39.0
1776885891.0121028,-3.0,-5.0,-37.0
1776885891.0221028,0.0,-5.0,-36.0
1776885891.0321028,5.0,-3.0,-36.0
1776885891.0421028,5.0,0.0,-35.0
1776885891.0521028,0.0,-2.0,-33.0
1776885891.0621028,-2.0,0.0,-39.0
1776885891.0721028,2.0,1.0,-37.0
1776885891.0821028,2.0,0.0,-34.0
1776885891.0921028,1.0,-1.0,-36.0
1776885891.1021028,6.0,-2.0,-36.0
1776885891.1121027,6.0,-1.0,-38.0
1776885891.1221027,5.0,0.0,-40.0
1776885891.1321027,3.0,0.0,-44.0
1776885891.1421027,0.0,0.0,-45.0
1776885891.1521027,-2.0,0.0,-45.0
1776885891.1621027,-1.0,-2.0,-44.0
1776885891.1721027,3.0,-2.0,-47.0
1776885891.182103,-1.0,0.0,-47.0
1776885891.192103,0.0,-2.0,-42.0
1776885891.202103,2.0,0.0,-38.0
1776885891.212103,3.0,0.0,-41.0
1776885891.2221026,3.0,0.0,-47.0
1776885891.2321026,3.0,-4.0,-45.0
1776885891.2421026,0.0,-3.0,-42.0
1776885891.2521029,2.0,-2.0,-44.0
1776885891.2621028,2.0,-3.0,-39.0
1776885891.2721028,3.0,-1.0,-44.0
1776885891.2821028,1.0,0.0,-48.0
1776885891.2921028,0.0,1.0,-47.0
1776885891.3021028,1.0,-2.0,-39.0
1776885891.3121028,7.0,-7.0,-38.0
1776885891.3221028,11.0,-3.0,-40.0
1776885891.3321028,7.0,-1.0,-44.0
1776885891.3421028,6.0,0.0,-45.0
1776885891.3521028,4.0,-1.0,-46.0
1776885891.3621027,2.0,-4.0,-46.0
1776885891.3721027,-2.0,-4.0,-41.0
1776885891.3821027,0.0,-5.0,-39.0
1776885891.3931026,-1.0,-7.0,-39.0
1776885891.4031026,-6.0,-5.0,-39.0
1776885891.4131026,-5.0,-6.0,-45.0
1776885891.4231029,1.0,-4.0,-50.0
1776885891.4331028,3.0,-3.0,-57.0
1776885891.4431028,2.0,0.0,-55.0
1776885891.4531028,4.0,1.0,-53.0
1776885891.4631028,7.0,-4.0,-46.0
1776885891.4731028,2.0,-3.0,-48.0
1776885891.4831028,0.0,-2.0,-46.0
1776885891.4931028,0.0,-1.0,-42.0
1776885891.5031028,0.0,-3.0,-36.0
1776885891.5131028,-5.0,-1.0,-41.0
1776885891.5231028,-6.0,-4.0,-39.0
1776885891.5331028,-9.0,-4.0,-43.0
1776885891.5431027,-5.0,-4.0,-43.0
1776885891.5531027,-5.0,-1.0,-46.0
1776885891.5631027,-4.0,-5.0,-47.0
1776885891.5731027,0.0,-5.0,-41.0
1776885891.5831027,0.0,-8.0,-33.0
1776885891.5931027,-1.0,-6.0,-39.0
1776885891.6031027,2.0,-2.0,-42.0
1776885891.613103,1.0,-4.0,-44.0
1776885891.623103,3.0,-2.0,-41.0
1776885891.633103,4.0,1.0,-40.0
1776885891.6431026,3.0,5.0,-37.0
1776885891.6531026,2.0,10.0,-37.0
1776885891.6631026,4.0,7.0,-37.0
1776885891.6731029,-1.0,5.0,-38.0
1776885891.6831028,-2.0,4.0,-39.0
1776885891.6931028,0.0,6.0,-36.0
1776885891.7031028,2.0,1.0,-30.0
1776885891.7131028,0.0,2.0,-38.0
1776885891.7231028,-4.0,4.0,-47.0
1776885891.7331028,-5.0,3.0,-47.0
1776885891.7431028,-5.0,0.0,-42.0
1776885891.7531028,-6.0,-2.0,-39.0
1776885891.7631028,-6.0,1.0,-36.0
1776885891.7731028,-7.0,1.0,-39.0
1776885891.7831028,-8.0,0.0,-40.0
1776885891.7931027,-4.0,3.0,-34.0
1776885891.8031027,-3.0,1.0,-37.0
1776885891.8131027,-5.0,-2.0,-31.0
1776885891.8231027,-7.0,-4.0,-29.0
1776885891.8331027,-6.0,-3.0,-32.0
1776885891.8431027,-9.0,-2.0,-34.0
1776885891.8531027,-6.0,-5.0,-32.0
1776885891.863103,-4.0,-5.0,-33.0
1776885891.873103,-2.0,-3.0,-29.0
1776885891.883103,-3.0,-1.0,-30.0
1776885891.8931026,-3.0,-2.0,-39.0
1776885891.9031026,0.0,-1.0,-41.0
1776885891.9131026,0.0,-3.0,-38.0
1776885891.9231029,4.0,-4.0,-41.0
1776885891.9331028,6.0,-5.0,-40.0
1776885891.9431028,2.0,-3.0,-34.0
1776885891.9531028,-2.0,0.0,-35.0
1776885891.9631028,-5.0,-1.0,-35.0
1776885891.9731028,-5.0,-2.0,-39.0
1776885891.9831028,-6.0,-6.0,-39.0
1776885891.9931028,-9.0,-6.0,-39.0
1776885892.0031028,-6.0,-5.0,-37.0
1776885892.0131028,-3.0,-3.0,-39.0
1776885892.0231028,-1.0,-2.0,-40.0
1776885892.0331028,-3.0,0.0,-33.0
1776885892.0431027,-4.0,2.0,-36.0
1776885892.0531027,-3.0,1.0,-47.0
1776885892.0631027,-6.0,0.0,-46.0
1776885892.0731027,-6.0,-1.0,-42.0
1776885892.0831027,-3.0,1.0,-46.0
1776885892.0931027,-3.0,2.0,-47.0
1776885892.1031027,-1.0,3.0,-50.0
1776885892.113103,0.0,3.0,-50.0
1776885892.123103,1.0,5.0,-45.0
1776885892.133103,2.0,4.0,-46.0
1776885892.1431026,2.0,3.0,-48.0
1776885892.1531026,3.0,2.0,-49.0
1776885892.1631026,2.0,6.0,-49.0
1776885892.1731029,5.0,4.0,-52.0
1776885892.1831028,5.0,4.0,-56.0
1776885892.1931028,5.0,5.0,-50.0
1776885892.2031028,4.0,6.0,-42.0
1776885892.2131028,7.0,0.0,-39.0
1776885892.2231028,9.0,-1.0,-46.0
1776885892.2331028,5.0,-2.0,-48.0
1776885892.2431028,4.0,-5.0,-42.0
1776885892.2531028,4.0,-5.0,-41.0
1776885892.2631028,6.0,-2.0,-40.0
1776885892.2731028,8.0,0.0,-44.0
1776885892.2831028,11.0,0.0,-47.0
1776885892.2931027,7.0,-2.0,-41.0
1776885892.3031027,6.0,-2.0,-31.0
1776885892.3131027,8.0,-5.0,-34.0
1776885892.3231027,2.0,-2.0,-35.0
1776885892.3331027,2.0,0.0,-38.0
1776885892.3431027,0.0,0.0,-42.0
1776885892.3531027,3.0,-5.0,-40.0
1776885892.363103,5.0,-4.0,-39.0
1776885892.373103,-1.0,-4.0,-35.0
1776885892.383103,-6.0,-1.0,-35.0
1776885892.3931026,-6.0,-6.0,-35.0
1776885892.4031026,-3.0,-8.0,-38.0
1776885892.4131026,-3.0,-4.0,-42.0
1776885892.4231029,-2.0,-4.0,-42.0
1776885892.4331028,-5.0,-3.0,-42.0
1776885892.4431028,-1.0,-2.0,-43.0
1776885892.4531028,2.0,-5.0,-38.0
1776885892.4631028,2.0,-5.0,-42.0
1776885892.4731028,0.0,-7.0,-47.0
1776885892.4831028,-1.0,-11.0,-44.0
1776885892.4931028,0.0,-12.0,-46.0
1776885892.5031028,-1.0,-9.0,-46.0
1776885892.5131028,-2.0,-6.0,-46.0
1776885892.5231028,0.0,-7.0,-50.0
1776885892.5331028,-1.0,-7.0,-46.0
1776885892.5431027,5.0,-1.0,-43.0
1776885892.5531027,6.0,2.0,-41.0
1776885892.5631027,1.0,1.0,-38.0
1776885892.5731027,-1.0,2.0,-36.0
1776885892.5831027,0.0,1.0,-34.0
1776885892.5931027,0.0,2.0,-27.0
1776885892.6031027,-3.0,3.0,-29.0
1776885892.613103,-3.0,2.0,-39.0
1776885892.623103,0.0,2.0,-39.0
1776885892.633103,0.0,2.0,-38.0
1776885892.6431026,-3.0,0.0,-39.0
1776885892.6531026,0.0,-2.0,-40.0
1776885892.6631026,0.0,-3.0,-39.0
1776885892.6731029,-1.0,-4.0,-44.0
1776885892.6831028,-1.0,-3.0,-38.0
1776885892.6931028,2.0,-5.0,-40.0
1776885892.7031028,7.0,-3.0,-47.0
1776885892.7131028,8.0,-4.0,-48.0
1776885892.7231028,4.0,-5.0,-45.0
1776885892.7331028,3.0,0.0,-42.0
1776885892.7431028,4.0,-1.0,-44.0
1776885892.7531028,3.0,-3.0,-42.0
1776885892.7631028,4.0,-2.0,-41.0
1776885892.7731028,0.0,0.0,-40.0
1776885892.7831028,0.0,1.0,-42.0
1776885892.7931027,0.0,3.0,-46.0
1776885892.8031027,-3.0,3.0,-45.0
1776885892.8131027,-6.0,2.0,-45.0
1776885892.8231027,-9.0,3.0,-48.0
1776885892.8331027,-7.0,-1.0,-48.0
1776885892.8431027,-7.0,-1.0,-49.0
1776885892.8531027,-10.0,0.0,-44.0
1776885892.863103,-9.0,1.0,-40.0
1776885892.873103,-6.0,1.0,-45.0
1776885892.883103,-3.0,-1.0,-43.0
1776885892.8931026,-4.0,0.0,-38.0
1776885892.9031026,1.0,-6.0,-33.0
1776885892.9131026,0.0,-5.0,-36.0
1776885892.9231029,2.0,-7.0,-36.0
1776885892.9331028,2.0,-6.0,-35.0
1776885892.9431028,1.0,-6.0,-37.0
1776885892.9531028,3.0,-5.0,-35.0
1776885892.9631028,4.0,-6.0,-35.0
1776885892.9731028,5.0,-3.0,-30.0
1776885892.9831028,0.0,0.0,-24.0
1776885892.9931028,-5.0,0.0,-28.0
1776885893.0031028,-6.0,2.0,-28.0
1776885893.0131028,-8.0,0.0,-26.0
1776885893.0231028,-7.0,-3.0,-33.0
1776885893.0331028,-2.0,-1.0,-36.0
1776885893.0431027,-4.0,-2.0,-30.0
1776885893.0531027,-6.0,0.0,-31.0
1776885893.0631027,-7.0,0.0,-33.0
1776885893.0731027,-4.0,-1.0,-36.0
1776885893.0831027,-5.0,-3.0,-44.0
1776885893.0931027,-8.0,-6.0,-48.0
1776885893.1031027,-6.0,-4.0,-55.0
1776885893.113103,-2.0,-3.0,-53.0
1776885893.123103,1.0,-4.0,-42.0
1776885893.133103,0.0,-6.0,-38.0
1776885893.1431026,0.0,-9.0,-38.0
1776885893.1531026,1.0,-7.0,-38.0
1776885893.1631026,2.0,-3.0,-34.0
1776885893.1731029,-1.0,-5.0,-36.0
1776885893.1831028,0.0,-5.0,-37.0
1776885893.1931028,1.0,-2.0,-37.0
1776885893.2031028,3.0,-2.0,-40.0
1776885893.2131028,1.0,-3.0,-43.0
1776885893.2231028,-2.0,-3.0,-41.0
1776885893.2331028,-3.0,-6.0,-38.0
1776885893.2431028,-2.0,-5.0,-45.0
1776885893.2531028,-3.0,-2.0,-45.0
1776885893.2631028,-5.0,-3.0,-42.0
1776885893.2731028,-3.0,-3.0,-45.0
1776885893.2831028,-6.0,-4.0,-43.0
1776885893.2931027,-2.0,-5.0,-47.0
1776885893.3031027,-3.0,-3.0,-50.0
1776885893.3131027,2.0,0.0,-55.0
1776885893.3231027,0.0,6.0,-50.0
1776885893.3331027,0.0,7.0,-45.0
1776885893.3431027,0.0,4.0,-46.0
1776885893.3531027,-5.0,5.0,-37.0
1776885893.363103,-2.0,3.0,-35.0
1776885893.373103,2.0,3.0,-33.0
1776885893.383103,3.0,2.0,-32.0
1776885893.3931026,3.0,3.0,-42.0
1776885893.4041028,4.0,0.0,-35.0
1776885893.4141028,4.0,-2.0,-33.0
1776885893.4241028,1.0,-1.0,-38.0
1776885893.4341028,1.0,0.0,-37.0
1776885893.4441028,2.0,-2.0,-42.0
1776885893.4541028,0.0,-1.0,-43.0
1776885893.4641027,7.0,-1.0,-45.0
1776885893.4741027,4.0,-4.0,-45.0
1776885893.4841027,2.0,-5.0,-50.0
1776885893.4941027,0.0,-3.0,-50.0
1776885893.5041027,0.0,-4.0,-46.0
1776885893.5141027,0.0,-5.0,-48.0
1776885893.5241027,1.0,-4.0,-42.0
1776885893.534103,1.0,-6.0,-38.0
1776885893.544103,2.0,0.0,-39.0
1776885893.554103,4.0,0.0,-36.0
1776885893.5641026,0.0,0.0,-39.0
1776885893.5741026,4.0,0.0,-37.0
1776885893.5841026,3.0,-1.0,-26.0
1776885893.5941026,3.0,-1.0,-24.0
1776885893.6041028,8.0,-4.0,-16.0
1776885893.6141028,4.0,-6.0,-28.0
1776885893.6241028,5.0,0.0,-40.0
1776885893.6341028,1.0,0.0,-37.0
1776885893.6441028,0.0,3.0,-37.0
1776885893.6541028,-3.0,6.0,-39.0
1776885893.6641028,-1.0,4.0,-42.0
1776885893.6741028,1.0,3.0,-38.0
1776885893.6841028,1.0,0.0,-34.0
1776885893.6941028,0.0,-3.0,-38.0
1776885893.7041028,5.0,-8.0,-37.0
1776885893.7141027,2.0,-7.0,-32.0
1776885893.7241027,0.0,-5.0,-34.0
1776885893.7341027,-4.0,-2.0,-38.0
1776885893.7441027,-1.0,-5.0,-33.0
1776885893.7541027,2.0,-3.0,-35.0
1776885893.7641027,0.0,0.0,-41.0
1776885893.7741027,3.0,0.0,-37.0
1776885893.784103,2.0,-5.0,-34.0
1776885893.794103,1.0,-4.0,-33.0
1776885893.804103,0.0,-4.0,-33.0
1776885893.8141026,2.0,-4.0,-30.0
1776885893.8241026,2.0,-6.0,-31.0
1776885893.8341026,2.0,-4.0,-34.0
1776885893.8441026,9.0,-2.0,-30.0
1776885893.8541028,7.0,1.0,-28.0
1776885893.8641028,8.0,2.0,-31.0
1776885893.8741028,4.0,6.0,-43.0
1776885893.8841028,3.0,6.0,-52.0
1776885893.8941028,1.0,3.0,-44.0
1776885893.9041028,0.0,3.0,-41.0
1776885893.9141028,3.0,4.0,-45.0
1776885893.9241028,3.0,1.0,-40.0
1776885893.9341028,9.0,2.0,-33.0
1776885893.9441028,10.0,4.0,-40.0
1776885893.9541028,6.0,2.0,-38.0
1776885893.9641027,3.0,0.0,-41.0
1776885893.9741027,8.0,-1.0,-36.0
1776885893.9841027,8.0,-2.0,-34.0
1776885893.9941027,6.0,-1.0,-33.0
1776885894.0041027,3.0,-3.0,-32.0
1776885894.0141027,0.0,-8.0,-36.0
1776885894.0241027,-3.0,-9.0,-36.0
1776885894.034103,0.0,-10.0,-40.0
1776885894.044103,3.0,-10.0,-37.0
1776885894.054103,0.0,-9.0,-41.0
1776885894.0641026,-4.0,-7.0,-42.0
1776885894.0741026,-2.0,-3.0,-38.0
1776885894.0841026,-3.0,-3.0,-39.0
1776885894.0941026,-3.0,-3.0,-36.0
1776885894.1041028,-9.0,-3.0,-32.0
1776885894.1141028,-9.0,-5.0,-36.0
1776885894.1241028,-9.0,-2.0,-38.0
1776885894.1341028,-8.0,-4.0,-36.0
1776885894.1441028,-4.0,-5.0,-41.0
1776885894.1541028,-4.0,-5.0,-35.0
1776885894.1641028,-7.0,-1.0,-33.0
1776885894.1741028,-6.0,0.0,-33.0
1776885894.1841028,-8.0,0.0,-37.0
1776885894.1941028,-10.0,-1.0,-39.0
1776885894.2041028,-6.0,0.0,-34.0
1776885894.2141027,-5.0,0.0,-35.0
1776885894.2241027,-2.0,0.0,-36.0
1776885894.2341027,-4.0,1.0,-35.0
1776885894.2441027,-6.0,3.0,-35.0
1776885894.2541027,-4.0,-1.0,-38.0
1776885894.2641027,-3.0,1.0,-39.0
1776885894.2741027,-2.0,-1.0,-47.0
1776885894.284103,-4.0,-2.0,-43.0
1776885894.294103,-6.0,0.0,-45.0
1776885894.304103,-2.0,3.0,-42.0
1776885894.3141026,-1.0,2.0,-47.0
1776885894.3241026,-1.0,1.0,-46.0
1776885894.3341026,3.0,-2.0,-43.0
1776885894.3441026,1.0,-5.0,-34.0
1776885894.3541028,4.0,0.0,-41.0
1776885894.3641028,4.0,0.0,-40.0
1776885894.3741028,4.0,1.0,-37.0
1776885894.3841028,2.0,-3.0,-39.0
1776885894.3941028,3.0,-5.0,-38.0
1776885894.4041028,4.0,-3.0,-45.0
1776885894.4141028,2.0,-2.0,-40.0
1776885894.4241028,-2.0,-1.0,-43.0
1776885894.4341028,-6.0,-2.0,-42.0
1776885894.4441028,-2.0,0.0,-38.0
1776885894.4541028,3.0,5.0,-39.0
1776885894.4641027,3.0,6.0,-36.0
1776885894.4741027,3.0,2.0,-35.0
1776885894.4841027,3.0,-1.0,-32.0
1776885894.4941027,6.0,0.0,-34.0
1776885894.5041027,1.0,0.0,-32.0
1776885894.5141027,1.0,0.0,-32.0
1776885894.5241027,-3.0,0.0,-33.0
1776885894.534103,-5.0,0.0,-30.0
1776885894.544103,0.0,-1.0,-33.0
1776885894.554103,-1.0,-3.0,-34.0
1776885894.5641026,-3.0,-2.0,-39.0
1776885894.5741026,-1.0,2.0,-42.0
1776885894.5841026,-1.0,2.0,-46.0
1776885894.5941026,0.0,-3.0,-41.0
1776885894.6041028,1.0,-9.0,-47.0
1776885894.6141028,2.0,-2.0,-51.0
1776885894.6241028,1.0,0.0,-51.0
1776885894.6341028,2.0,3.0,-50.0
1776885894.6441028,-1.0,2.0,-46.0
1776885894.6541028,5.0,1.0,-42.0
1776885894.6641028,2.0,1.0,-38.0
1776885894.6741028,4.0,1.0,-44.0
1776885894.6841028,6.0,0.0,-42.0
1776885894.6941028,0.0,0.0,-39.0
1776885894.7041028,0.0,2.0,-41.0
1776885894.7141027,0.0,3.0,-40.0
1776885894.7241027,1.0,0.0,-41.0
1776885894.7341027,0.0,-2.0,-30.0
1776885894.7441027,0.0,-3.0,-25.0
1776885894.7541027,4.0,0.0,-22.0
1776885894.7641027,2.0,-1.0,-21.0
1776885894.7741027,0.0,-2.0,-26.0
1776885894.784103,0.0,-3.0,-29.0
1776885894.794103,-1.0,-3.0,-29.0
1776885894.804103,0.0,0.0,-33.0
1776885894.8141026,1.0,-1.0,-31.0
1776885894.8241026,-1.0,-3.0,-34.0
1776885894.8341026,0.0,-4.0,-38.0
1776885894.8441026,0.0,-4.0,-38.0
1776885894.8541028,0.0,-5.0,-42.0
1776885894.8641028,0.0,-1.0,-44.0
1776885894.8741028,5.0,2.0,-45.0
1776885894.8841028,7.0,0.0,-42.0
1776885894.8941028,4.0,-4.0,-48.0
1776885894.9041028,0.0,-6.0,-49.0
1776885894.9141028,-1.0,-6.0,-46.0
1776885894.9241028,0.0,-2.0,-45.0
1776885894.9341028,1.0,0.0,-49.0
1776885894.9441028,0.0,0.0,-43.0
1776885894.9541028,0.0,-2.0,-39.0
1776885894.9641027,1.0,0.0,-35.0
1776885894.9741027,4.0,0.0,-39.0
1776885894.9841027,4.0,0.0,-39.0
1776885894.9941027,0.0,0.0,-38.0
1776885895.0041027,2.0,-3.0,-46.0
1776885895.0141027,-1.0,-1.0,-47.0
1776885895.0241027,0.0,0.0,-52.0
1776885895.034103,1.0,-2.0,-56.0
1776885895.044103,3.0,-4.0,-50.0
1776885895.054103,1.0,-2.0,-41.0
1776885895.0641026,2.0,0.0,-39.0
1776885895.0741026,1.0,1.0,-31.0
1776885895.0841026,8.0,1.0,-23.0
1776885895.0941026,7.0,-3.0,-25.0
1776885895.1041028,5.0,-4.0,-33.0
1776885895.1141028,2.0,-1.0,-35.0
1776885895.1241028,-1.0,1.0,-31.0
1776885895.1341028,-5.0,-1.0,-37.0
1776885895.1441028,-2.0,-4.0,-39.0
1776885895.1541028,1.0,-6.0,-43.0
1776885895.1641028,-3.0,-8.0,-47.0
1776885895.1741028,-3.0,-8.0,-51.0
1776885895.1841028,0.0,-6.0,-42.0
1776885895.1941028,2.0,-3.0,-42.0
1776885895.2041028,2.0,-1.0,-41.0
1776885895.2141027,0.0,0.0,-39.0
1776885895.2241027,-4.0,3.0,-35.0
1776885895.2341027,-1.0,6.0,-43.0
1776885895.2441027,-3.0,5.0,-48.0
1776885895.2541027,-6.0,3.0,-46.0
1776885895.2641027,-2.0,-1.0,-45.0
1776885895.2741027,-1.0,-5.0,-44.0
1776885895.284103,-2.0,-1.0,-44.0
1776885895.294103,-2.0,0.0,-42.0
1776885895.304103,-2.0,-4.0,-42.0
1776885895.3141026,-6.0,-3.0,-45.0
1776885895.3241026,-3.0,-4.0,-47.0
1776885895.3341026,-5.0,-6.0,-40.0
1776885895.3441026,-7.0,-6.0,-35.0
1776885895.3541028,0.0,0.0,-39.0
1776885895.3641028,2.0,-1.0,-46.0
1776885895.3741028,2.0,-2.0,-40.0
1776885895.3851027,1.0,0.0,-44.0
1776885895.3941028,1.0,0.0,-50.0
1776885895.4051027,3.0,-2.0,-51.0
1776885895.4151027,4.0,2.0,-46.0
1776885895.4251027,5.0,5.0,-39.0
1776885895.4351027,1.0,-2.0,-35.0
1776885895.4451027,7.0,-4.0,-38.0
1776885895.4551027,3.0,-7.0,-38.0
1776885895.465103,2.0,-10.0,-33.0
1776885895.475103,3.0,-7.0,-32.0
1776885895.485103,1.0,-4.0,-34.0
1776885895.4951026,0.0,-2.0,-33.0
1776885895.5051026,1.0,-2.0,-35.0
1776885895.5151026,4.0,0.0,-35.0
1776885895.5251029,10.0,-2.0,-38.0
1776885895.5351028,12.0,0.0,-41.0
1776885895.5451028,14.0,4.0,-34.0
1776885895.5551028,7.0,5.0,-32.0
1776885895.5651028,5.0,8.0,-30.0
1776885895.5751028,1.0,2.0,-28.0
1776885895.5851028,0.0,4.0,-26.0
1776885895.5951028,2.0,0.0,-26.0
1776885895.6051028,4.0,2.0,-27.0
1776885895.6151028,3.0,0.0,-35.0
1776885895.6251028,2.0,1.0,-36.0
1776885895.6351027,5.0,0.0,-32.0
1776885895.6451027,3.0,-3.0,-31.0
1776885895.6551027,3.0,-5.0,-33.0
1776885895.6651027,-3.0,0.0,-34.0
1776885895.6751027,-2.0,1.0,-41.0
1776885895.6851027,-3.0,0.0,-38.0
1776885895.6951027,-6.0,0.0,-37.0
1776885895.7051027,-3.0,0.0,-34.0
1776885895.715103,-6.0,-1.0,-28.0
1776885895.725103,-6.0,0.0,-30.0
1776885895.735103,-6.0,0.0,-34.0
1776885895.7451026,-7.0,-3.0,-32.0
1776885895.7551026,-2.0,-6.0,-40.0
1776885895.7651026,0.0,-7.0,-42.0
1776885895.7751029,3.0,-2.0,-45.0
1776885895.7851028,3.0,3.0,-48.0
1776885895.7951028,0.0,0.0,-45.0
1776885895.8051028,-1.0,0.0,-35.0
1776885895.8151028,0.0,0.0,-30.0
1776885895.8251028,-3.0,1.0,-31.0
1776885895.8351028,-2.0,0.0,-31.0
1776885895.8451028,-3.0,1.0,-34.0
1776885895.8551028,0.0,2.0,-41.0
1776885895.8651028,-1.0,0.0,-46.0
1776885895.8751028,0.0,1.0,-46.0
1776885895.8851027,-2.0,0.0,-48.0
1776885895.8951027,-2.0,-1.0,-45.0
1776885895.9051027,-1.0,-2.0,-36.0
1776885895.9151027,5.0,-3.0,-36.0
1776885895.9251027,4.0,-8.0,-40.0
1776885895.9351027,5.0,-5.0,-45.0
1776885895.9451027,1.0,-9.0,-41.0
1776885895.9551027,2.0,-4.0,-43.0
1776885895.965103,1.0,-2.0,-47.0
1776885895.975103,2.0,-1.0,-44.0
1776885895.985103,0.0,1.0,-41.0
1776885895.9951026,0.0,1.0,-39.0
1776885896.0051026,0.0,3.0,-43.0
1776885896.0151026,1.0,0.0,-42.0
1776885896.0251029,0.0,-3.0,-43.0
1776885896.0351028,-5.0,-4.0,-42.0
1776885896.0451028,-3.0,-1.0,-45.0
1776885896.0551028,0.0,-1.0,-42.0
1776885896.0651028,2.0,0.0,-39.0
1776885896.0751028,5.0,0.0,-36.0
1776885896.0851028,9.0,2.0,-40.0
1776885896.0951028,10.0,-1.0,-40.0
1776885896.1051028,4.0,-2.0,-45.0
1776885896.1151028,3.0,-4.0,-43.0
1776885896.1251028,6.0,-3.0,-37.0
1776885896.1351027,4.0,-1.0,-36.0
1776885896.1451027,2.0,1.0,-42.0
1776885896.1551027,0.0,4.0,-43.0
1776885896.1651027,1.0,2.0,-44.0
1776885896.1751027,1.0,4.0,-49.0
1776885896.1851027,3.0,2.0,-50.0
1776885896.1951027,5.0,2.0,-47.0
1776885896.2051027,7.0,-3.0,-41.0
1776885896.215103,8.0,-4.0,-43.0
1776885896.225103,5.0,-1.0,-38.0
1776885896.235103,1.0,0.0,-44.0
1776885896.2451026,6.0,0.0,-40.0
1776885896.2551026,4.0,-3.0,-38.0
1776885896.2651026,4.0,-3.0,-40.0
1776885896.2751029,1.0,0.0,-39.0
1776885896.2851028,1.0,-1.0,-35.0
1776885896.2951028,-1.0,-4.0,-35.0
1776885896.3051028,-3.0,-8.0,-44.0
1776885896.3151028,-1.0,-7.0,-41.0
1776885896.3251028,0.0,-6.0,-37.0
1776885896.3351028,0.0,-4.0,-36.0
1776885896.3451028,3.0,-4.0,-32.0
1776885896.3551028,-1.0,0.0,-36.0
1776885896.3651028,-7.0,0.0,-38.0
1776885896.3751028,-5.0,0.0,-39.0
1776885896.3851027,-7.0,1.0,-36.0
1776885896.3951027,-8.0,1.0,-35.0
1776885896.4051027,-8.0,-2.0,-34.0
1776885896.4151027,-2.0,0.0,-39.0
1776885896.4251027,1.0,2.0,-38.0
1776885896.4351027,0.0,2.0,-41.0
1776885896.4451027,-1.0,2.0,-40.0
1776885896.4551027,-2.0,2.0,-45.0
1776885896.465103,-3.0,0.0,-44.0
1776885896.475103,0.0,-1.0,-42.0
1776885896.485103,-2.0,4.0,-42.0
1776885896.4951026,1.0,4.0,-37.0
1776885896.5051026,1.0,6.0,-38.0
1776885896.5151026,3.0,4.0,-38.0
1776885896.5251029,-2.0,1.0,-34.0
1776885896.5351028,0.0,2.0,-39.0
1776885896.5451028,0.0,3.0,-38.0
1776885896.5551028,-2.0,0.0,-34.0
1776885896.5651028,-2.0,-3.0,-34.0
1776885896.5751028,1.0,-2.0,-33.0
1776885896.5851028,1.0,2.0,-42.0
1776885896.5951028,1.0,1.0,-52.0
1776885896.6051028,-1.0,3.0,-53.0
1776885896.6151028,-1.0,0.0,-50.0
1776885896.6251028,0.0,0.0,-44.0
1776885896.6351027,-2.0,2.0,-45.0
1776885896.6451027,0.0,2.0,-41.0
1776885896.6551027,3.0,-2.0,-42.0
1776885896.6651027,9.0,-1.0,-43.0
1776885896.6751027,5.0,0.0,-45.0
1776885896.6851027,5.0,-1.0,-53.0
1776885896.6951027,5.0,0.0,-54.0
1776885896.7051027,1.0,-1.0,-52.0
1776885896.715103,5.0,4.0,-46.0
1776885896.725103,4.0,1.0,-44.0
1776885896.735103,4.0,0.0,-48.0
1776885896.7451026,3.0,-3.0,-51.0
1776885896.7551026,0.0,2.0,-46.0
1776885896.7651026,0.0,-1.0,-46.0
1776885896.7751029,5.0,-3.0,-41.0
1776885896.7851028,3.0,-4.0,-36.0
1776885896.7951028,0.0,-2.0,-40.0
1776885896.8051028,7.0,-1.0,-40.0
1776885896.8151028,7.0,-1.0,-39.0
1776885896.8251028,4.0,0.0,-39.0
1776885896.8351028,2.0,0.0,-33.0
1776885896.8451028,2.0,2.0,-38.0
1776885896.8551028,-3.0,3.0,-38.0
1776885896.8651028,0.0,8.0,-41.0
1776885896.8751028,-1.0,9.0,-40.0
1776885896.8851027,-3.0,4.0,-46.0
1776885896.8951027,-3.0,3.0,-47.0
1776885896.9051027,-6.0,2.0,-45.0
1776885896.9151027,-2.0,0.0,-46.0
1776885896.9251027,3.0,-1.0,-44.0
1776885896.9351027,1.0,-1.0,-47.0
1776885896.9451027,2.0,-2.0,-50.0
1776885896.9551027,4.0,0.0,-49.0
1776885896.965103,5.0,0.0,-47.0
1776885896.975103,8.0,0.0,-46.0
1776885896.985103,3.0,-1.0,-42.0
1776885896.9951026,2.0,-3.0,-37.0
1776885897.0051026,0.0,-2.0,-38.0
1776885897.0151026,-1.0,0.0,-34.0
1776885897.0251029,0.0,-4.0,-32.0
1776885897.0351028,3.0,0.0,-31.0
1776885897.0451028,1.0,-3.0,-32.0
1776885897.0551028,5.0,-3.0,-40.0
1776885897.0651028,3.0,-1.0,-41.0
1776885897.0751028,-1.0,-3.0,-49.0
1776885897.0851028,-2.0,-3.0,-49.0
1776885897.0951028,1.0,0.0,-48.0
1776885897.1051028,3.0,-5.0,-48.0
1776885897.1151028,1.0,-3.0,-42.0
1776885897.1251028,0.0,-2.0,-45.0
1776885897.1351027,-2.0,1.0,-44.0
1776885897.1451027,0.0,1.0,-47.0
1776885897.1551027,1.0,2.0,-48.0
1776885897.1651027,0.0,0.0,-50.0
1776885897.1751027,3.0,-3.0,-55.0
1776885897.1851027,6.0,-1.0,-51.0
1776885897.1951027,4.0,0.0,-52.0
1776885897.2051027,5.0,-1.0,-47.0
1776885897.215103,5.0,-3.0,-45.0
1776885897.225103,7.0,0.0,-50.0
1776885897.235103,5.0,6.0,-44.0
1776885897.2451026,2.0,7.0,-47.0
1776885897.2551026,-1.0,4.0,-48.0
1776885897.2651026,-2.0,-1.0,-56.0
1776885897.2751029,0.0,-1.0,-57.0
1776885897.2851028,1.0,-2.0,-56.0
1776885897.2951028,6.0,-1.0,-52.0
1776885897.3051028,6.0,-1.0,-48.0
1776885897.3151028,11.0,1.0,-51.0
1776885897.3261027,11.0,-2.0,-49.0
1776885897.3351028,11.0,-2.0,-46.0
1776885897.3451028,9.0,0.0,-41.0
1776885897.3551028,8.0,1.0,-42.0
1776885897.3651028,8.0,-2.0,-45.0
1776885897.3761027,9.0,-2.0,-43.0
1776885897.386103,3.0,-2.0,-39.0
1776885897.396103,1.0,-5.0,-35.0
1776885897.406103,-4.0,-5.0,-34.0
1776885897.4161026,-10.0,-2.0,-39.0
1776885897.4261026,-9.0,0.0,-38.0
1776885897.4361026,-8.0,0.0,-43.0
1776885897.4461029,-3.0,0.0,-41.0
1776885897.4561028,-6.0,0.0,-40.0
1776885897.4661028,-7.0,-5.0,-43.0
1776885897.4761028,-5.0,-4.0,-43.0
1776885897.4861028,-5.0,-6.0,-46.0
1776885897.4961028,-2.0,-3.0,-41.0
1776885897.5061028,3.0,-2.0,-47.0
1776885897.5161028,2.0,-2.0,-55.0
1776885897.5261028,1.0,0.0,-51.0
1776885897.5361028,-1.0,-3.0,-44.0
1776885897.5461028,2.0,0.0,-40.0
1776885897.5561028,0.0,0.0,-37.0
1776885897.5661027,-1.0,-3.0,-33.0
1776885897.5761027,0.0,-4.0,-40.0
1776885897.5861027,1.0,-7.0,-29.0
1776885897.5961027,4.0,-4.0,-28.0
1776885897.6061027,6.0,-5.0,-33.0
1776885897.6161027,8.0,-5.0,-30.0
1776885897.6261027,6.0,-7.0,-35.0
1776885897.636103,2.0,-10.0,-42.0
1776885897.646103,-4.0,-9.0,-41.0
1776885897.656103,-1.0,-7.0,-41.0
1776885897.6661026,-2.0,-4.0,-44.0
1776885897.6761026,0.0,-5.0,-44.0
1776885897.6861026,0.0,-5.0,-42.0
1776885897.6961029,-1.0,-3.0,-45.0
1776885897.7061028,-2.0,-4.0,-43.0
1776885897.7161028,-7.0,-3.0,-40.0
1776885897.7261028,-4.0,-6.0,-42.0
1776885897.7361028,-4.0,-5.0,-42.0
1776885897.7461028,0.0,-1.0,-37.0
1776885897.7561028,-1.0,0.0,-37.0
1776885897.7661028,0.0,5.0,-42.0
1776885897.7761028,-1.0,5.0,-48.0
1776885897.7861028,0.0,-1.0,-46.0
1776885897.7961028,4.0,0.0,-42.0
1776885897.8061028,1.0,1.0,-46.0
1776885897.8161027,0.0,4.0,-48.0
1776885897.8261027,-2.0,4.0,-43.0
1776885897.8361027,-5.0,5.0,-38.0
1776885897.8461027,-1.0,0.0,-38.0
1776885897.8561027,0.0,3.0,-44.0
1776885897.8661027,1.0,3.0,-47.0
1776885897.8761027,0.0,5.0,-53.0
1776885897.886103,2.0,2.0,-56.0
1776885897.896103,-1.0,1.0,-51.0
1776885897.906103,-5.0,4.0,-41.0
1776885897.9161026,-4.0,5.0,-40.0
1776885897.9261026,-2.0,4.0,-44.0
1776885897.9361026,-2.0,3.0,-45.0
1776885897.9461029,0.0,4.0,-45.0
1776885897.9561028,0.0,4.0,-38.0
1776885897.9661028,0.0,3.0,-30.0
1776885897.9761028,-3.0,0.0,-30.0
1776885897.9861028,-4.0,-2.0,-35.0
1776885897.9961028,-6.0,-6.0,-37.0
1776885898.0061028,-5.0,-9.0,-37.0
1776885898.0161028,-4.0,-4.0,-36.0
1776885898.0261028,-4.0,0.0,-36.0
1776885898.0361028,0.0,-1.0,-36.0
1776885898.0461028,0.0,-1.0,-34.0
1776885898.0561028,-3.0,0.0,-36.0
1776885898.0661027,-1.0,-1.0,-37.0
1776885898.0761027,-2.0,-1.0,-36.0
1776885898.0861027,-2.0,-2.0,-38.0
1776885898.0961027,-2.0,-4.0,-45.0
1776885898.1061027,0.0,-2.0,-40.0
1776885898.1161027,1.0,1.0,-40.0
1776885898.1261027,0.0,1.0,-43.0
1776885898.136103,-4.0,1.0,-38.0
1776885898.146103,-5.0,1.0,-31.0
1776885898.156103,0.0,5.0,-35.0
1776885898.1661026,2.0,6.0,-37.0
1776885898.1761026,1.0,6.0,-36.0
1776885898.1861026,0.0,6.0,-36.0
1776885898.1961029,0.0,0.0,-35.0
1776885898.2061028,0.0,1.0,-33.0
1776885898.2161028,0.0,0.0,-34.0
1776885898.2261028,-2.0,1.0,-37.0
1776885898.2361028,-4.0,0.0,-36.0
1776885898.2461028,-3.0,3.0,-31.0
1776885898.2561028,0.0,2.0,-33.0
1776885898.2661028,2.0,2.0,-32.0
1776885898.2761028,0.0,2.0,-21.0
1776885898.2861028,4.0,1.0,-16.0
1776885898.2961028,5.0,2.0,-11.0
1776885898.3061028,6.0,3.0,-15.0
1776885898.3161027,4.0,1.0,-26.0
1776885898.3261027,1.0,1.0,-28.0
1776885898.3361027,-1.0,2.0,-33.0
1776885898.3461027,1.0,2.0,-33.0
1776885898.3561027,4.0,2.0,-40.0
1776885898.3661027,4.0,-1.0,-44.0
1776885898.3761027,4.0,2.0,-51.0
1776885898.386103,0.0,2.0,-48.0
1776885898.396103,-2.0,-2.0,-46.0
1776885898.406103,-5.0,-4.0,-43.0
1776885898.4161026,-6.0,0.0,-42.0
1776885898.4261026,-1.0,4.0,-38.0
1776885898.4361026,-2.0,5.0,-41.0
1776885898.4461029,-4.0,3.0,-40.0
1776885898.4561028,-5.0,1.0,-42.0
1776885898.4661028,0.0,0.0,-45.0
1776885898.4761028,1.0,0.0,-43.0
1776885898.4861028,2.0,0.0,-41.0
1776885898.4961028,7.0,-1.0,-42.0
1776885898.5061028,9.0,0.0,-38.0
1776885898.5161028,8.0,-3.0,-42.0
1776885898.5261028,7.0,-3.0,-41.0
1776885898.5361028,7.0,-4.0,-46.0
1776885898.5461028,3.0,-6.0,-46.0
1776885898.5561028,-1.0,-8.0,-50.0
1776885898.5661027,-6.0,-8.0,-50.0
1776885898.5761027,-6.0,-9.0,-51.0
1776885898.5861027,-4.0,-6.0,-53.0
1776885898.5961027,-5.0,-2.0,-46.0
1776885898.6061027,-2.0,-1.0,-41.0
1776885898.6161027,-2.0,0.0,-47.0
1776885898.6261027,0.0,-3.0,-44.0
1776885898.636103,0.0,-5.0,-37.0
1776885898.646103,0.0,-6.0,-37.0
1776885898.656103,1.0,-5.0,-35.0
1776885898.6661026,0.0,-2.0,-40.0
1776885898.6761026,0.0,0.0,-44.0
1776885898.6861026,0.0,-4.0,-39.0
1776885898.6961029,-2.0,-4.0,-43.0
1776885898.7061028,-4.0,-6.0,-54.0
1776885898.7161028,-1.0,-5.0,-54.0
1776885898.7261028,-1.0,-4.0,-53.0
1776885898.7361028,-1.0,-3.0,-52.0
1776885898.7461028,1.0,-3.0,-47.0
1776885898.7561028,5.0,-6.0,-44.0
1776885898.7661028,2.0,-6.0,-42.0
1776885898.7761028,1.0,-6.0,-42.0
1776885898.7861028,5.0,-8.0,-39.0
1776885898.7961028,5.0,-6.0,-48.0
1776885898.8061028,9.0,-4.0,-45.0
1776885898.8161027,11.0,-5.0,-39.0
1776885898.8261027,8.0,-7.0,-34.0
1776885898.8361027,4.0,-5.0,-32.0
1776885898.8461027,0.0,-3.0,-28.0
1776885898.8571026,0.0,0.0,-30.0
1776885898.8661027,-4.0,0.0,-31.0
1776885898.8761027,-5.0,1.0,-41.0
1776885898.886103,-4.0,2.0,-47.0
1776885898.896103,0.0,3.0,-47.0
1776885898.906103,-1.0,1.0,-52.0
1776885898.9161026,-2.0,-3.0,-48.0
1776885898.9261026,-2.0,0.0,-44.0
1776885898.9361026,-2.0,-1.0,-45.0
1776885898.9461029,1.0,-3.0,-46.0
1776885898.9561028,7.0,-4.0,-44.0
1776885898.9661028,7.0,0.0,-44.0
1776885898.9761028,9.0,2.0,-45.0
1776885898.9861028,8.0,5.0,-46.0
1776885898.9961028,7.0,3.0,-47.0
1776885899.0061028,4.0,1.0,-45.0
1776885899.0161028,7.0,1.0,-43.0
1776885899.0261028,8.0,-2.0,-45.0
1776885899.0361028,8.0,0.0,-46.0
1776885899.0461028,2.0,-2.0,-43.0
1776885899.0561028,-2.0,0.0,-41.0
1776885899.0661027,-3.0,0.0,-45.0
1776885899.0761027,-1.0,-1.0,-47.0
1776885899.0861027,-4.0,-1.0,-47.0
1776885899.0961027,-1.0,1.0,-45.0
1776885899.1061027,0.0,3.0,-45.0
1776885899.1161027,3.0,0.0,-46.0
1776885899.1261027,7.0,-1.0,-45.0
1776885899.136103,5.0,-2.0,-48.0
1776885899.146103,5.0,0.0,-41.0
1776885899.156103,3.0,-1.0,-41.0
1776885899.1661026,6.0,-1.0,-39.0
1776885899.1761026,9.0,0.0,-43.0
1776885899.1861026,9.0,-1.0,-43.0
1776885899.1961029,6.0,-1.0,-41.0
1776885899.2061028,6.0,-1.0,-36.0
1776885899.2161028,5.0,-2.0,-38.0
1776885899.2261028,6.0,-3.0,-34.0
1776885899.2361028,4.0,-3.0,-36.0
1776885899.2461028,6.0,-2.0,-37.0
1776885899.2561028,7.0,-5.0,-39.0
1776885899.2661028,3.0,-7.0,-37.0
1776885899.2761028,0.0,-4.0,-40.0
1776885899.2861028,-5.0,-5.0,-39.0
1776885899.2961028,0.0,-6.0,-44.0
1776885899.3061028,3.0,-4.0,-49.0
1776885899.3161027,4.0,-8.0,-48.0
1776885899.3261027,1.0,-7.0,-43.0
1776885899.3361027,3.0,-4.0,-39.0
1776885899.3461027,0.0,-2.0,-37.0
1776885899.3571026,0.0,-2.0,-33.0
1776885899.3661027,1.0,-4.0,-33.0
1776885899.3771029,2.0,-4.0,-34.0
1776885899.386103,3.0,-3.0,-33.0
1776885899.3971028,1.0,-2.0,-31.0
1776885899.4071028,5.0,-4.0,-33.0
1776885899.4171028,3.0,-9.0,-35.0
1776885899.4271028,2.0,-8.0,-38.0
1776885899.4371028,1.0,-4.0,-34.0
1776885899.4471028,-2.0,-3.0,-27.0
1776885899.4571028,-5.0,-2.0,-34.0
1776885899.4671028,-6.0,-7.0,-29.0
1776885899.4771028,-4.0,-4.0,-29.0
1776885899.4871027,-8.0,-2.0,-38.0
1776885899.4971027,-5.0,0.0,-38.0
1776885899.5071027,-2.0,2.0,-36.0
1776885899.5171027,-5.0,2.0,-36.0
1776885899.5271027,-2.0,-3.0,-38.0
1776885899.5371027,0.0,0.0,-33.0
1776885899.5471027,1.0,-2.0,-33.0
1776885899.557103,0.0,-3.0,-37.0
1776885899.567103,0.0,-2.0,-47.0
1776885899.577103,3.0,2.0,-47.0
1776885899.587103,0.0,4.0,-45.0
1776885899.5971026,0.0,5.0,-39.0
1776885899.6071026,0.0,5.0,-38.0
1776885899.6171026,0.0,2.0,-41.0
1776885899.6271029,2.0,0.0,-42.0
1776885899.6371028,0.0,-1.0,-42.0
1776885899.6471028,5.0,-4.0,-44.0
1776885899.6571028,9.0,-4.0,-40.0
1776885899.6671028,9.0,-4.0,-36.0
1776885899.6771028,6.0,-4.0,-34.0
1776885899.6871028,4.0,-3.0,-37.0
1776885899.6971028,3.0,0.0,-36.0
1776885899.7071028,3.0,0.0,-40.0
1776885899.7171028,5.0,4.0,-38.0
1776885899.7271028,7.0,3.0,-36.0
1776885899.7371027,2.0,4.0,-38.0
1776885899.7471027,0.0,7.0,-40.0
1776885899.7571027,2.0,6.0,-46.0
1776885899.7671027,2.0,0.0,-47.0
1776885899.7771027,-3.0,0.0,-44.0
1776885899.7871027,-2.0,-1.0,-44.0
1776885899.7971027,-1.0,-7.0,-48.0
1776885899.807103,-2.0,-9.0,-52.0
1776885899.817103,-3.0,-7.0,-46.0
1776885899.827103,-5.0,0.0,-45.0
1776885899.837103,-3.0,4.0,-49.0
1776885899.8471026,-2.0,0.0,-49.0
1776885899.8571026,-7.0,2.0,-48.0
1776885899.8671026,-6.0,2.0,-51.0
1776885899.8771029,-4.0,-1.0,-46.0
1776885899.8871028,-2.0,-1.0,-47.0
1776885899.8971028,-1.0,-4.0,-51.0
1776885899.9071028,-1.0,-2.0,-41.0
1776885899.9171028,0.0,-3.0,-37.0
1776885899.9271028,0.0,-6.0,-39.0
1776885899.9371028,2.0,-6.0,-37.0
1776885899.9471028,1.0,-4.0,-38.0
1776885899.9571028,4.0,-1.0,-45.0
1776885899.9671028,0.0,-2.0,-45.0
1776885899.9771028,5.0,-9.0,-44.0
1776885899.9871027,2.0,-8.0,-39.0
1776885899.9971027,0.0,-9.0,-42.0
1776885900.0071027,0.0,-3.0,-37.0
1776885900.0171027,5.0,-1.0,-41.0
1776885900.0271027,3.0,-1.0,-39.0
1776885900.0371027,0.0,-2.0,-36.0
1776885900.0471027,2.0,5.0,-41.0
1776885900.057103,4.0,8.0,-42.0
1776885900.067103,7.0,9.0,-45.0
1776885900.077103,10.0,7.0,-44.0
1776885900.087103,7.0,5.0,-41.0
1776885900.0971026,2.0,8.0,-34.0
1776885900.1071026,3.0,4.0,-39.0
1776885900.1171026,0.0,3.0,-40.0
1776885900.1271029,1.0,-2.0,-40.0
1776885900.1371028,6.0,-1.0,-42.0
1776885900.1471028,9.0,-3.0,-38.0
1776885900.1571028,5.0,-4.0,-35.0
1776885900.1671028,5.0,0.0,-37.0
1776885900.1771028,6.0,0.0,-43.0
1776885900.1871028,9.0,2.0,-37.0
1776885900.1971028,8.0,2.0,-39.0
1776885900.2071028,9.0,-1.0,-38.0
1776885900.2171028,5.0,-2.0,-40.0
1776885900.2271028,4.0,-1.0,-29.0
1776885900.2371027,-2.0,-6.0,-28.0
1776885900.2471027,-4.0,-4.0,-30.0
1776885900.2571027,1.0,-3.0,-36.0
1776885900.2671027,6.0,-3.0,-38.0
1776885900.2771027,6.0,0.0,-31.0
1776885900.2871027,3.0,2.0,-29.0
1776885900.2971027,0.0,0.0,-31.0
1776885900.307103,1.0,0.0,-40.0
1776885900.317103,1.0,3.0,-48.0
1776885900.327103,-1.0,2.0,-48.0
1776885900.337103,-6.0,3.0,-43.0
1776885900.3471026,-1.0,5.0,-52.0
1776885900.3571026,-1.0,4.0,-48.0
1776885900.3671026,0.0,5.0,-41.0
1776885900.3771029,-1.0,6.0,-41.0
1776885900.3871028,-2.0,4.0,-39.0
1776885900.3971028,-1.0,4.0,-42.0
1776885900.4071028,-3.0,4.0,-46.0
1776885900.4171028,0.0,0.0,-48.0
1776885900.4271028,2.0,-2.0,-47.0
1776885900.4371028,0.0,-2.0,-47.0
1776885900.4471028,-3.0,-4.0,-50.0
1776885900.4571028,-6.0,-3.0,-49.0
1776885900.4671028,-7.0,0.0,-46.0
1776885900.4771028,-6.0,-4.0,-43.0
1776885900.4871027,-4.0,-6.0,-45.0
1776885900.4971027,-2.0,-3.0,-47.0
1776885900.5071027,-1.0,-3.0,-46.0
1776885900.5171027,-5.0,0.0,-46.0
1776885900.5271027,-1.0,2.0,-48.0
1776885900.5371027,2.0,2.0,-48.0
1776885900.5471027,3.0,-2.0,-43.0
1776885900.557103,4.0,-4.0,-45.0
1776885900.567103,0.0,-4.0,-45.0
1776885900.577103,8.0,-4.0,-46.0
1776885900.587103,11.0,0.0,-46.0
1776885900.5971026,9.0,0.0,-47.0
1776885900.6071026,6.0,1.0,-46.0
1776885900.6171026,4.0,-3.0,-43.0
1776885900.6271029,4.0,-1.0,-47.0
1776885900.6371028,-1.0,-6.0,-47.0
1776885900.6471028,-3.0,-5.0,-46.0
1776885900.6571028,-5.0,-6.0,-48.0
1776885900.6671028,-2.0,-3.0,-42.0
1776885900.6771028,-2.0,-3.0,-39.0
1776885900.6871028,-4.0,-6.0,-38.0
1776885900.6971028,-5.0,-8.0,-31.0
1776885900.7071028,-6.0,-7.0,-39.0
1776885900.7171028,-4.0,-4.0,-45.0
1776885900.7271028,0.0,-3.0,-41.0
1776885900.7371027,0.0,-4.0,-37.0
1776885900.7471027,-1.0,-2.0,-41.0
1776885900.7571027,-7.0,0.0,-38.0
1776885900.7671027,0.0,0.0,-40.0
1776885900.7771027,-3.0,0.0,-33.0
1776885900.7871027,-1.0,0.0,-30.0
1776885900.7971027,-1.0,0.0,-26.0
1776885900.807103,0.0,0.0,-27.0
1776885900.817103,2.0,-3.0,-26.0
1776885900.827103,2.0,-6.0,-29.0
1776885900.837103,2.0,-4.0,-27.0
1776885900.8471026,0.0,-2.0,-30.0
1776885900.8571026,0.0,-1.0,-26.0
1776885900.8671026,2.0,-5.0,-28.0
1776885900.8771029,3.0,-5.0,-27.0
1776885900.8871028,1.0,-10.0,-29.0
1776885900.8971028,2.0,-12.0,-32.0
1776885900.9071028,5.0,-11.0,-30.0
1776885900.9171028,3.0,-9.0,-35.0
1776885900.9271028,2.0,-10.0,-43.0
1776885900.9371028,3.0,-4.0,-42.0
1776885900.9471028,1.0,-1.0,-51.0
1776885900.9571028,4.0,-1.0,-49.0
1776885900.9671028,2.0,0.0,-57.0
1776885900.9771028,0.0,-2.0,-54.0
1776885900.9871027,0.0,-5.0,-49.0
1776885900.9971027,5.0,-6.0,-49.0
1776885901.0071027,5.0,-4.0,-43.0
1776885901.0171027,5.0,-5.0,-40.0
1776885901.0271027,2.0,-4.0,-40.0
1776885901.0371027,6.0,-2.0,-38.0
1776885901.0471027,5.0,-1.0,-34.0
1776885901.057103,3.0,-1.0,-33.0
1776885901.067103,2.0,-4.0,-35.0
1776885901.077103,4.0,-5.0,-31.0
1776885901.087103,7.0,-3.0,-35.0
1776885901.0971026,7.0,-7.0,-35.0
1776885901.1071026,3.0,-6.0,-37.0
1776885901.1171026,2.0,-8.0,-37.0
1776885901.1271029,5.0,-8.0,-44.0
1776885901.1371028,0.0,-6.0,-44.0
1776885901.1471028,-6.0,-4.0,-44.0
1776885901.1571028,-6.0,-3.0,-46.0
1776885901.1671028,-3.0,-1.0,-46.0
1776885901.1771028,-4.0,1.0,-43.0
1776885901.1871028,-3.0,3.0,-42.0
1776885901.1971028,-1.0,0.0,-46.0
1776885901.2071028,-2.0,4.0,-44.0
1776885901.2171028,-2.0,-3.0,-45.0
1776885901.2271028,-1.0,-6.0,-41.0
1776885901.2371027,3.0,-9.0,-36.0
1776885901.2471027,0.0,-8.0,-35.0
1776885901.2571027,-3.0,-5.0,-39.0
1776885901.2671027,-2.0,-7.0,-37.0
1776885901.2771027,-1.0,-2.0,-49.0
1776885901.2871027,0.0,1.0,-48.0
1776885901.2971027,-2.0,-1.0,-39.0
1776885901.307103,-5.0,-2.0,-32.0
1776885901.317103,-2.0,-4.0,-34.0
1776885901.327103,0.0,-3.0,-30.0
1776885901.337103,4.0,-1.0,-27.0
1776885901.3471026,1.0,-2.0,-28.0
1776885901.3571026,-4.0,1.0,-28.0
1776885901.3671026,-1.0,-3.0,-30.0
1776885901.3781028,-2.0,-1.0,-30.0
1776885901.3881028,-3.0,0.0,-36.0
1776885901.3981028,0.0,1.0,-39.0
1776885901.4081028,1.0,1.0,-37.0
1776885901.4181027,1.0,0.0,-37.0
1776885901.4281027,0.0,2.0,-40.0
1776885901.4381027,2.0,2.0,-42.0
1776885901.4481027,3.0,-2.0,-45.0
1776885901.4581027,2.0,2.0,-42.0
1776885901.4681027,2.0,0.0,-38.0
1776885901.4781027,0.0,0.0,-39.0
1776885901.488103,-5.0,-4.0,-45.0
1776885901.498103,-6.0,-3.0,-39.0
1776885901.508103,-5.0,-3.0,-39.0
1776885901.5181026,-2.0,-2.0,-41.0
1776885901.5281026,-1.0,-2.0,-44.0
1776885901.5381026,-1.0,-5.0,-48.0
1776885901.5481029,-1.0,-5.0,-37.0
1776885901.5581028,-2.0,-3.0,-33.0
1776885901.5681028,0.0,-4.0,-42.0
1776885901.5781028,1.0,-5.0,-39.0
1776885901.5881028,5.0,-3.0,-42.0
1776885901.5981028,8.0,-5.0,-45.0
1776885901.6081028,12.0,-4.0,-45.0
1776885901.6181028,6.0,-5.0,-43.0
1776885901.6281028,5.0,-5.0,-37.0
1776885901.6381028,6.0,-3.0,-37.0
1776885901.6481028,4.0,-5.0,-41.0
1776885901.6581028,2.0,-7.0,-42.0
1776885901.6681027,0.0,-6.0,-44.0
1776885901.6781027,-3.0,-8.0,-47.0
1776885901.6881027,2.0,-5.0,-50.0
1776885901.6981027,2.0,-5.0,-44.0
1776885901.7081027,1.0,-5.0,-44.0
1776885901.7181027,3.0,0.0,-40.0
1776885901.7281027,-3.0,1.0,-37.0
1776885901.738103,-5.0,-2.0,-35.0
1776885901.748103,-3.0,-5.0,-41.0
1776885901.758103,-3.0,-8.0,-42.0
1776885901.7681026,-5.0,-9.0,-37.0
1776885901.7781026,-3.0,-11.0,-40.0
1776885901.7881026,-3.0,-10.0,-42.0
1776885901.7981029,-3.0,-8.0,-41.0
1776885901.8081028,0.0,-6.0,-49.0
1776885901.8181028,2.0,-5.0,-46.0
1776885901.8281028,0.0,-4.0,-44.0
1776885901.8381028,-1.0,-4.0,-41.0
1776885901.8481028,0.0,-5.0,-36.0
1776885901.8581028,6.0,-6.0,-42.0
1776885901.8681028,3.0,-4.0,-47.0
1776885901.8781028,2.0,-2.0,-50.0
1776885901.8881028,-1.0,0.0,-45.0
1776885901.8981028,-2.0,2.0,-40.0
1776885901.9081028,-2.0,4.0,-36.0
1776885901.9181027,-6.0,3.0,-30.0
1776885901.9281027,-9.0,5.0,-31.0
1776885901.9381027,-7.0,4.0,-35.0
1776885901.9481027,-7.0,0.0,-30.0
1776885901.9581027,-3.0,-3.0,-34.0
1776885901.9681027,-3.0,-5.0,-32.0
1776885901.9781027,0.0,-4.0,-31.0
1776885901.988103,1.0,-2.0,-29.0
1776885901.998103,5.0,-1.0,-27.0
1776885902.008103,5.0,-3.0,-33.0
1776885902.0181026,-2.0,-3.0,-32.0
1776885902.0281026,-2.0,-3.0,-34.0
1776885902.0381026,-2.0,-1.0,-42.0
1776885902.0481029,-3.0,-2.0,-47.0
1776885902.0581028,2.0,-1.0,-43.0
1776885902.0681028,-1.0,-2.0,-50.0
1776885902.0781028,-6.0,-4.0,-45.0
1776885902.0881028,-5.0,-1.0,-45.0
1776885902.0981028,-4.0,-1.0,-44.0
1776885902.1081028,-2.0,0.0,-44.0
1776885902.1181028,2.0,5.0,-40.0
1776885902.1281028,5.0,3.0,-38.0
1776885902.1381028,6.0,1.0,-39.0
1776885902.1481028,5.0,0.0,-41.0
1776885902.1581028,3.0,2.0,-41.0
1776885902.1681027,-2.0,6.0,-42.0
1776885902.1781027,-2.0,2.0,-48.0
1776885902.1881027,-1.0,4.0,-51.0
1776885902.1981027,4.0,5.0,-47.0
1776885902.2081027,4.0,8.0,-47.0
1776885902.2181027,3.0,5.0,-45.0
1776885902.2281027,0.0,-1.0,-38.0
1776885902.238103,-3.0,2.0,-44.0
1776885902.248103,2.0,7.0,-42.0
1776885902.258103,1.0,3.0,-46.0
1776885902.2681026,-1.0,-2.0,-43.0
1776885902.2781026,0.0,-4.0,-46.0
1776885902.2881026,0.0,-4.0,-49.0
1776885902.2981029,0.0,-5.0,-55.0
1776885902.3081028,0.0,-6.0,-47.0
1776885902.3181028,-1.0,-6.0,-55.0
1776885902.3281028,0.0,-7.0,-45.0
1776885902.3381028,-1.0,-5.0,-47.0
1776885902.3481028,1.0,0.0,-44.0
1776885902.3581028,-3.0,0.0,-49.0
1776885902.3681028,0.0,-1.0,-46.0
1776885902.3781028,3.0,0.0,-40.0
1776885902.3881028,6.0,-2.0,-40.0
1776885902.3981028,5.0,-1.0,-40.0
1776885902.4081028,5.0,-2.0,-38.0
1776885902.4181027,8.0,-2.0,-37.0
1776885902.4281027,7.0,-1.0,-38.0
1776885902.4381027,6.0,-1.0,-41.0
1776885902.4481027,6.0,0.0,-42.0
1776885902.4581027,7.0,-2.0,-44.0
1776885902.4681027,7.0,-4.0,-36.0
1776885902.4781027,5.0,-4.0,-32.0
1776885902.488103,1.0,-6.0,-30.0
1776885902.498103,3.0,-5.0,-30.0
1776885902.508103,8.0,-1.0,-26.0
1776885902.5181026,4.0,-4.0,-30.0
1776885902.5281026,4.0,-2.0,-21.0
1776885902.5381026,5.0,-3.0,-25.0
1776885902.5481029,4.0,0.0,-31.0
1776885902.5581028,5.0,1.0,-30.0
1776885902.5681028,3.0,-2.0,-30.0
1776885902.5781028,0.0,0.0,-33.0
1776885902.5881028,0.0,0.0,-31.0
1776885902.5981028,1.0,-1.0,-26.0
1776885902.6081028,-1.0,0.0,-32.0
1776885902.6181028,0.0,0.0,-36.0
1776885902.6281028,1.0,4.0,-38.0
1776885902.6381028,3.0,4.0,-34.0
1776885902.6481028,5.0,2.0,-37.0
1776885902.6581028,4.0,1.0,-34.0
1776885902.6681027,2.0,1.0,-38.0
1776885902.6781027,-1.0,0.0,-41.0
1776885902.6881027,-6.0,0.0,-38.0
1776885902.6981027,-7.0,-1.0,-44.0
1776885902.7081027,-5.0,2.0,-45.0
1776885902.7181027,-2.0,4.0,-49.0
1776885902.7281027,-2.0,2.0,-55.0
1776885902.738103,1.0,3.0,-57.0
1776885902.748103,3.0,1.0,-52.0
1776885902.758103,1.0,-2.0,-42.0
1776885902.7681026,0.0,4.0,-35.0
1776885902.7781026,4.0,4.0,-39.0
1776885902.7881026,7.0,3.0,-30.0
1776885902.7981029,5.0,4.0,-40.0
1776885902.8081028,1.0,1.0,-43.0
1776885902.8181028,1.0,0.0,-34.0
1776885902.8281028,2.0,0.0,-32.0
1776885902.8381028,8.0,1.0,-24.0
1776885902.8481028,6.0,-2.0,-31.0
1776885902.8581028,4.0,-1.0,-30.0
1776885902.8681028,1.0,-1.0,-31.0
1776885902.8781028,0.0,-3.0,-37.0
1776885902.8881028,-3.0,0.0,-37.0
1776885902.8981028,0.0,-1.0,-43.0
1776885902.9081028,0.0,-4.0,-40.0
1776885902.9181027,-4.0,-5.0,-38.0
1776885902.9281027,0.0,-4.0,-35.0
1776885902.9381027,1.0,-2.0,-29.0
1776885902.9481027,-1.0,-2.0,-34.0
1776885902.9581027,0.0,-2.0,-32.0
1776885902.9681027,2.0,0.0,-36.0
1776885902.9781027,0.0,0.0,-43.0
1776885902.988103,-1.0,-2.0,-46.0
1776885902.998103,-1.0,-4.0,-47.0
1776885903.008103,0.0,-4.0,-44.0
1776885903.0181026,2.0,-2.0,-50.0
1776885903.0281026,6.0,-4.0,-52.0
1776885903.0381026,11.0,0.0,-50.0
1776885903.0481029,7.0,-1.0,-46.0
1776885903.0581028,6.0,-1.0,-49.0
1776885903.0681028,1.0,-2.0,-51.0
1776885903.0781028,4.0,-2.0,-45.0
1776885903.0881028,1.0,-2.0,-47.0
1776885903.0981028,-3.0,-1.0,-51.0
1776885903.1081028,-9.0,-1.0,-51.0
1776885903.1181028,-12.0,-1.0,-57.0
1776885903.1281028,-15.0,0.0,-52.0
1776885903.1381028,-13.0,0.0,-44.0
1776885903.1481028,-11.0,-3.0,-39.0
1776885903.1581028,-10.0,-4.0,-37.0
1776885903.1681027,-11.0,-2.0,-32.0
1776885903.1781027,-8.0,-3.0,-28.0
1776885903.1881027,-7.0,-3.0,-33.0
1776885903.1981027,-6.0,-1.0,-36.0
1776885903.2081027,-5.0,-3.0,-40.0
1776885903.2181027,-3.0,-1.0,-46.0
1776885903.2281027,-4.0,2.0,-44.0
1776885903.238103,-9.0,4.0,-42.0
1776885903.248103,-5.0,2.0,-38.0
1776885903.258103,-7.0,1.0,-36.0
1776885903.2681026,0.0,3.0,-39.0
1776885903.2781026,2.0,0.0,-41.0
1776885903.2881026,2.0,0.0,-37.0
1776885903.2981029,2.0,-4.0,-36.0
1776885903.3081028,1.0,-2.0,-34.0
1776885903.3181028,-1.0,-5.0,-37.0
1776885903.3291028,2.0,-4.0,-37.0
1776885903.3381028,-2.0,-5.0,-36.0
1776885903.3491027,-6.0,-8.0,-36.0
1776885903.3591027,-7.0,-13.0,-41.0
1776885903.3691027,-6.0,-12.0,-39.0
1776885903.3791027,-4.0,-13.0,-36.0
1776885903.3891027,0.0,-11.0,-31.0
1776885903.3991027,0.0,-10.0,-35.0
1776885903.409103,-2.0,-6.0,-31.0
1776885903.419103,-5.0,-6.0,-38.0
1776885903.429103,-2.0,-9.0,-39.0
1776885903.4391026,-1.0,-11.0,-39.0
1776885903.4491026,3.0,-13.0,-41.0
1776885903.4591026,3.0,-11.0,-47.0
1776885903.4691026,2.0,-10.0,-44.0
1776885903.4791028,1.0,-10.0,-43.0
1776885903.4891028,-4.0,-10.0,-43.0
1776885903.4991028,-6.0,-6.0,-40.0
1776885903.5091028,-6.0,-4.0,-40.0
1776885903.5191028,-6.0,-2.0,-40.0
1776885903.5291028,-4.0,0.0,-38.0
1776885903.5391028,-1.0,0.0,-39.0
1776885903.5491028,-4.0,-2.0,-41.0
1776885903.5591028,0.0,-1.0,-39.0
1776885903.5691028,0.0,2.0,-31.0
1776885903.5791028,0.0,-2.0,-32.0
1776885903.5891027,4.0,-4.0,-36.0
1776885903.5991027,2.0,-5.0,-34.0
1776885903.6091027,3.0,-2.0,-38.0
1776885903.6191027,2.0,0.0,-36.0
1776885903.6291027,-1.0,0.0,-35.0
1776885903.6391027,-2.0,-5.0,-35.0
1776885903.6491027,-7.0,-4.0,-41.0
1776885903.659103,-7.0,-4.0,-41.0
1776885903.6701028,-2.0,-3.0,-44.0
1776885903.679103,0.0,-2.0,-44.0
1776885903.6891026,1.0,-2.0,-40.0
1776885903.6991026,4.0,-1.0,-32.0
1776885903.7091026,1.0,-4.0,-34.0
1776885903.7191026,-1.0,-3.0,-34.0
1776885903.7291028,5.0,-1.0,-35.0
1776885903.7391028,5.0,-2.0,-36.0
1776885903.7491028,3.0,-1.0,-37.0
1776885903.7591028,0.0,1.0,-39.0
1776885903.7691028,3.0,0.0,-40.0
1776885903.7791028,0.0,5.0,-37.0
1776885903.7891028,0.0,5.0,-34.0
1776885903.7991028,0.0,2.0,-35.0
1776885903.8091028,0.0,0.0,-35.0
1776885903.8191028,0.0,-3.0,-29.0
1776885903.8291028,3.0,-1.0,-34.0
1776885903.8391027,3.0,-5.0,-40.0
1776885903.8491027,5.0,-3.0,-44.0
1776885903.8591027,5.0,-2.0,-46.0
1776885903.8691027,3.0,0.0,-43.0
1776885903.8791027,0.0,-1.0,-51.0
1776885903.8891027,6.0,0.0,-56.0
1776885903.8991027,6.0,0.0,-46.0
1776885903.909103,8.0,-1.0,-38.0
1776885903.919103,7.0,0.0,-43.0
1776885903.929103,4.0,0.0,-46.0
1776885903.9391026,4.0,-3.0,-45.0
1776885903.9491026,4.0,-3.0,-43.0
1776885903.9591026,5.0,-4.0,-40.0
1776885903.9691026,1.0,-7.0,-39.0
1776885903.9791028,-3.0,-1.0,-35.0
1776885903.9891028,-10.0,2.0,-34.0
1776885903.9991028,-10.0,4.0,-37.0
1776885904.0091028,-6.0,6.0,-47.0
1776885904.0191028,-3.0,5.0,-50.0
1776885904.0291028,0.0,7.0,-45.0
1776885904.0391028,1.0,8.0,-42.0
1776885904.0491028,-2.0,6.0,-44.0
1776885904.0591028,-2.0,5.0,-45.0
1776885904.0691028,0.0,0.0,-48.0
1776885904.0791028,1.0,-2.0,-41.0
1776885904.0891027,0.0,-1.0,-36.0
1776885904.0991027,0.0,3.0,-39.0
1776885904.1091027,0.0,5.0,-37.0
1776885904.1191027,3.0,5.0,-35.0
1776885904.1291027,6.0,4.0,-38.0
1776885904.1391027,8.0,5.0,-41.0
1776885904.1491027,6.0,7.0,-43.0
1776885904.159103,4.0,3.0,-40.0
1776885904.169103,5.0,0.0,-44.0
1776885904.179103,5.0,-1.0,-42.0
1776885904.1891026,2.0,-5.0,-34.0
1776885904.1991026,3.0,-6.0,-35.0
1776885904.2091026,3.0,-8.0,-35.0
1776885904.2191026,5.0,-4.0,-30.0
1776885904.2291028,7.0,-4.0,-29.0
1776885904.2391028,6.0,-6.0,-30.0
1776885904.2491028,4.0,-8.0,-30.0
1776885904.2591028,1.0,-9.0,-36.0
1776885904.2691028,0.0,-13.0,-47.0
1776885904.2791028,-3.0,-10.0,-45.0
1776885904.2891028,-2.0,-14.0,-41.0
1776885904.2991028,-5.0,-11.0,-36.0
1776885904.3091028,-7.0,-6.0,-36.0
1776885904.3191028,-9.0,-6.0,-34.0
1776885904.3291028,-5.0,-1.0,-26.0
1776885904.3391027,-5.0,-2.0,-32.0
1776885904.3491027,-8.0,0.0,-36.0
1776885904.3591027,-11.0,-1.0,-38.0
1776885904.3691027,-7.0,-3.0,-41.0
1776885904.3791027,-7.0,-2.0,-44.0
1776885904.3891027,-10.0,-2.0,-41.0
1776885904.3991027,-7.0,-1.0,-38.0
1776885904.409103,-4.0,0.0,-38.0
1776885904.419103,0.0,-1.0,-37.0
1776885904.429103,-3.0,0.0,-39.0
1776885904.4391026,1.0,-1.0,-43.0
1776885904.4491026,0.0,-1.0,-41.0
1776885904.4591026,-1.0,-2.0,-49.0
1776885904.4691026,-1.0,0.0,-53.0
1776885904.4791028,-3.0,-1.0,-47.0
1776885904.4891028,-5.0,-2.0,-52.0
1776885904.4991028,-7.0,2.0,-53.0
1776885904.5091028,-5.0,5.0,-49.0
1776885904.5191028,-5.0,1.0,-44.0
1776885904.5291028,0.0,1.0,-49.0
1776885904.5391028,-1.0,2.0,-48.0
1776885904.5491028,-2.0,2.0,-43.0
1776885904.5591028,-1.0,0.0,-41.0
1776885904.5691028,0.0,-2.0,-48.0
1776885904.5791028,1.0,-8.0,-47.0
1776885904.5891027,4.0,-1.0,-45.0
1776885904.5991027,4.0,-1.0,-38.0
1776885904.6091027,1.0,-2.0,-39.0
1776885904.6191027,6.0,0.0,-37.0
1776885904.6291027,1.0,1.0,-33.0
1776885904.6391027,-2.0,0.0,-29.0
1776885904.6491027,-3.0,0.0,-30.0
1776885904.659103,-1.0,0.0,-37.0
1776885904.669103,-1.0,-7.0,-43.0
1776885904.679103,-1.0,-4.0,-45.0
1776885904.6891026,-3.0,0.0,-47.0
1776885904.6991026,0.0,0.0,-40.0
1776885904.7091026,0.0,0.0,-44.0
1776885904.7191026,4.0,2.0,-47.0
1776885904.7291028,0.0,4.0,-44.0
1776885904.7391028,-4.0,1.0,-43.0
1776885904.7491028,-5.0,0.0,-41.0
1776885904.7591028,-8.0,3.0,-29.0
1776885904.7691028,-8.0,6.0,-28.0
1776885904.7791028,-10.0,1.0,-34.0
1776885904.7891028,-8.0,0.0,-36.0
1776885904.7991028,-6.0,0.0,-38.0
1776885904.8091028,-5.0,0.0,-38.0
1776885904.8191028,-6.0,3.0,-38.0
1776885904.8291028,-3.0,0.0,-49.0
1776885904.8391027,-5.0,-8.0,-46.0
1776885904.8491027,-4.0,-9.0,-44.0
1776885904.8591027,-4.0,-10.0,-39.0
1776885904.8691027,-4.0,-5.0,-36.0
1776885904.8791027,-3.0,0.0,-33.0
1776885904.8891027,-5.0,4.0,-35.0
1776885904.8991027,-7.0,3.0,-34.0
1776885904.909103,-4.0,2.0,-36.0
1776885904.919103,0.0,1.0,-38.0
1776885904.929103,0.0,1.0,-38.0
1776885904.9391026,2.0,2.0,-38.0
1776885904.9491026,7.0,1.0,-35.0
1776885904.9591026,2.0,-5.0,-36.0
1776885904.9691026,0.0,-3.0,-39.0
1776885904.9791028,0.0,-2.0,-44.0
1776885904.9891028,-4.0,-3.0,-48.0
1776885904.9991028,-6.0,0.0,-53.0
1776885905.0091028,-3.0,0.0,-57.0
1776885905.0191028,-1.0,-1.0,-53.0
1776885905.0291028,-3.0,-4.0,-49.0
1776885905.0391028,-3.0,-2.0,-41.0
1776885905.0491028,-7.0,-2.0,-43.0
1776885905.0591028,-8.0,0.0,-43.0
1776885905.0691028,-6.0,-2.0,-45.0
1776885905.0791028,-5.0,-4.0,-42.0
1776885905.0891027,-2.0,-5.0,-38.0
1776885905.0991027,0.0,-5.0,-42.0
1776885905.1091027,1.0,-6.0,-40.0
1776885905.1191027,3.0,-6.0,-39.0
1776885905.1291027,4.0,-4.0,-36.0
1776885905.1391027,0.0,-8.0,-33.0
1776885905.1491027,0.0,-6.0,-33.0
1776885905.159103,-1.0,-11.0,-41.0
1776885905.169103,-1.0,-12.0,-37.0
1776885905.179103,-2.0,-12.0,-41.0
1776885905.1891026,-3.0,-13.0,-43.0
1776885905.1991026,1.0,-9.0,-41.0
1776885905.2091026,0.0,-7.0,-34.0
1776885905.2191026,3.0,-7.0,-41.0
1776885905.2291028,4.0,-5.0,-42.0
1776885905.2391028,6.0,-5.0,-42.0
1776885905.2491028,4.0,-6.0,-37.0
1776885905.2591028,2.0,-4.0,-38.0
1776885905.2691028,1.0,-4.0,-42.0
1776885905.2791028,4.0,-5.0,-41.0
1776885905.2891028,5.0,-4.0,-46.0
1776885905.2991028,0.0,-3.0,-50.0
1776885905.3091028,0.0,-5.0,-50.0
1776885905.3191028,0.0,-6.0,-49.0
1776885905.3291028,5.0,-5.0,-48.0
1776885905.3391027,7.0,-2.0,-49.0
1776885905.350103,7.0,-1.0,-48.0
1776885905.360103,6.0,2.0,-45.0
1776885905.3701026,3.0,-1.0,-44.0
1776885905.3801026,8.0,0.0,-42.0
1776885905.3901026,6.0,-2.0,-45.0
1776885905.4001029,5.0,-3.0,-42.0
1776885905.4101028,0.0,0.0,-39.0
1776885905.4201028,-1.0,2.0,-37.0
1776885905.4301028,-3.0,0.0,-37.0
1776885905.4401028,0.0,-3.0,-38.0
1776885905.4501028,1.0,0.0,-35.0
1776885905.4601028,1.0,-2.0,-31.0
1776885905.4701028,5.0,0.0,-28.0
1776885905.4801028,6.0,1.0,-22.0
1776885905.4901028,5.0,0.0,-29.0
1776885905.5001028,6.0,1.0,-30.0
1776885905.5101027,1.0,1.0,-34.0
1776885905.5201027,2.0,0.0,-27.0
1776885905.5301027,-2.0,0.0,-38.0
1776885905.5401027,0.0,0.0,-42.0
1776885905.5501027,-1.0,0.0,-40.0
1776885905.5601027,-4.0,3.0,-36.0
1776885905.5701027,-4.0,4.0,-36.0
1776885905.5801027,-3.0,1.0,-33.0
1776885905.590103,-6.0,-5.0,-25.0
1776885905.600103,-3.0,-6.0,-25.0
1776885905.610103,-4.0,-4.0,-27.0
1776885905.6201026,-1.0,-1.0,-23.0
1776885905.6301026,3.0,-5.0,-22.0
1776885905.6401026,6.0,-4.0,-25.0
1776885905.6501029,2.0,-6.0,-27.0
1776885905.6601028,0.0,-2.0,-25.0
1776885905.6701028,3.0,0.0,-24.0
1776885905.6801028,-5.0,0.0,-28.0
1776885905.6901028,-2.0,0.0,-27.0
1776885905.7001028,-4.0,-1.0,-28.0
1776885905.7101028,-2.0,-3.0,-24.0
1776885905.7201028,-4.0,0.0,-29.0
1776885905.7301028,-2.0,-3.0,-39.0
1776885905.7401028,0.0,-2.0,-42.0
1776885905.7501028,0.0,-4.0,-45.0
1776885905.7601027,-2.0,-2.0,-36.0
1776885905.7701027,-8.0,-2.0,-39.0
1776885905.7801027,-10.0,0.0,-40.0
1776885905.7901027,-4.0,-1.0,-42.0
1776885905.8001027,-2.0,-3.0,-43.0
1776885905.8101027,-4.0,-2.0,-40.0
1776885905.8201027,-5.0,0.0,-41.0
1776885905.8301027,-9.0,1.0,-42.0
1776885905.840103,-7.0,0.0,-43.0
1776885905.850103,-3.0,-3.0,-38.0
1776885905.860103,-4.0,-6.0,-37.0
1776885905.8701026,0.0,-4.0,-37.0
1776885905.8801026,0.0,-4.0,-46.0
1776885905.8901026,0.0,-5.0,-52.0
1776885905.9001029,3.0,-2.0,-47.0
1776885905.9101028,1.0,-4.0,-44.0
1776885905.9201028,1.0,-2.0,-48.0
1776885905.9301028,1.0,-5.0,-49.0
1776885905.9401028,-1.0,-9.0,-47.0
1776885905.9501028,0.0,-7.0,-49.0
1776885905.9601028,-2.0,-6.0,-45.0
1776885905.9701028,-2.0,-5.0,-37.0
1776885905.9801028,1.0,-4.0,-36.0
1776885905.9901028,5.0,-3.0,-33.0
1776885906.0001028,10.0,-4.0,-33.0
1776885906.0101027,4.0,-3.0,-35.0
1776885906.0201027,2.0,-1.0,-36.0
1776885906.0301027,-2.0,0.0,-45.0
1776885906.0401027,-6.0,-3.0,-38.0
1776885906.0501027,-7.0,0.0,-33.0
1776885906.0601027,-5.0,-1.0,-42.0
1776885906.0701027,-4.0,3.0,-38.0
1776885906.0801027,-5.0,2.0,-40.0
1776885906.090103,-4.0,0.0,-42.0
1776885906.100103,-1.0,-1.0,-42.0
1776885906.110103,-4.0,-3.0,-50.0
1776885906.1201026,-2.0,-3.0,-49.0
1776885906.1301026,-3.0,-3.0,-47.0
1776885906.1401026,-6.0,-1.0,-51.0
1776885906.1501029,-7.0,-3.0,-47.0
1776885906.1601028,-7.0,-4.0,-55.0
1776885906.1701028,-3.0,-6.0,-53.0
1776885906.1801028,-1.0,-6.0,-53.0
1776885906.1901028,-2.0,-8.0,-45.0
1776885906.2001028,-3.0,-10.0,-43.0
1776885906.2101028,-8.0,-5.0,-44.0
1776885906.2201028,-2.0,-8.0,-44.0
1776885906.2301028,-2.0,-2.0,-36.0
1776885906.2401028,0.0,0.0,-39.0
1776885906.2501028,1.0,0.0,-34.0
1776885906.2601027,0.0,1.0,-35.0
1776885906.2701027,4.0,1.0,-32.0
1776885906.2801027,1.0,1.0,-35.0
1776885906.2901027,-1.0,0.0,-37.0
1776885906.3001027,-3.0,-2.0,-34.0
1776885906.3101027,-5.0,1.0,-29.0
1776885906.3201027,-8.0,4.0,-34.0
1776885906.3301027,-10.0,1.0,-34.0
1776885906.340103,-6.0,-4.0,-39.0
1776885906.350103,-2.0,-3.0,-40.0
1776885906.360103,-1.0,0.0,-42.0
1776885906.3701026,0.0,1.0,-35.0
1776885906.3801026,4.0,-1.0,-39.0
1776885906.3901026,3.0,-2.0,-42.0
1776885906.4001029,1.0,0.0,-43.0
1776885906.4101028,3.0,-1.0,-35.0
1776885906.4201028,0.0,1.0,-37.0
1776885906.4301028,-1.0,-2.0,-40.0
1776885906.4401028,-4.0,1.0,-43.0
1776885906.4501028,0.0,1.0,-44.0
1776885906.4601028,-1.0,0.0,-41.0
1776885906.4701028,-7.0,0.0,-46.0
1776885906.4801028,-2.0,-3.0,-46.0
1776885906.4901028,-1.0,-1.0,-43.0
1776885906.5001028,-1.0,2.0,-46.0
1776885906.5101027,-1.0,2.0,-52.0
1776885906.5201027,-2.0,1.0,-49.0
1776885906.5301027,0.0,0.0,-49.0
1776885906.5401027,-1.0,-1.0,-46.0
1776885906.5501027,2.0,2.0,-49.0
1776885906.5601027,0.0,0.0,-47.0
1776885906.5701027,1.0,-2.0,-42.0
1776885906.5801027,-3.0,-1.0,-38.0
1776885906.590103,-4.0,0.0,-36.0
1776885906.600103,-6.0,0.0,-29.0
1776885906.610103,-3.0,1.0,-31.0
1776885906.6201026,-6.0,3.0,-36.0
1776885906.6301026,-6.0,3.0,-33.0
1776885906.6401026,-6.0,2.0,-31.0
1776885906.6501029,-5.0,2.0,-33.0
1776885906.6601028,-1.0,3.0,-35.0
1776885906.6701028,0.0,2.0,-37.0
1776885906.6801028,0.0,-1.0,-34.0
1776885906.6901028,0.0,-4.0,-38.0
1776885906.7001028,-3.0,-3.0,-40.0
1776885906.7101028,-4.0,-4.0,-45.0
1776885906.7201028,-5.0,-1.0,-42.0
1776885906.7301028,-6.0,-6.0,-39.0
1776885906.7401028,-4.0,-6.0,-45.0
1776885906.7501028,-6.0,-7.0,-43.0
1776885906.7601027,1.0,-7.0,-41.0
1776885906.7701027,0.0,-3.0,-43.0
1776885906.7801027,-1.0,-3.0,-34.0
1776885906.7901027,1.0,-2.0,-36.0
1776885906.8001027,4.0,-2.0,-33.0
1776885906.8101027,4.0,3.0,-24.0
1776885906.8201027,-3.0,4.0,-24.0
1776885906.8301027,-3.0,8.0,-23.0
1776885906.840103,-2.0,5.0,-31.0
1776885906.850103,-3.0,3.0,-33.0
1776885906.860103,-6.0,0.0,-31.0
1776885906.8701026,-5.0,-3.0,-30.0
1776885906.8801026,-3.0,-5.0,-33.0
1776885906.8901026,3.0,-5.0,-37.0
1776885906.9001029,3.0,-6.0,-39.0
1776885906.9101028,-3.0,-2.0,-39.0
1776885906.9201028,-4.0,-3.0,-39.0
1776885906.9301028,-1.0,0.0,-32.0
1776885906.9401028,-5.0,-5.0,-31.0
1776885906.9501028,-5.0,-4.0,-31.0
1776885906.9601028,-7.0,-6.0,-33.0
1776885906.9701028,-6.0,-3.0,-31.0
1776885906.9801028,-8.0,-7.0,-34.0
1776885906.9901028,-6.0,-5.0,-43.0
1776885907.0001028,0.0,-6.0,-47.0
1776885907.0101027,0.0,-1.0,-42.0
1776885907.0201027,0.0,-6.0,-44.0
1776885907.0301027,0.0,-6.0,-42.0
1776885907.0401027,-1.0,-4.0,-39.0
1776885907.0501027,2.0,0.0,-41.0
1776885907.0601027,1.0,1.0,-43.0
1776885907.0701027,4.0,0.0,-45.0
1776885907.0801027,4.0,0.0,-47.0
1776885907.090103,1.0,0.0,-47.0
1776885907.100103,1.0,-1.0,-44.0
1776885907.110103,0.0,0.0,-47.0
1776885907.1201026,3.0,-2.0,-41.0
1776885907.1301026,2.0,1.0,-43.0
1776885907.1401026,3.0,4.0,-42.0
1776885907.1501029,4.0,6.0,-47.0
1776885907.1601028,5.0,2.0,-44.0
1776885907.1701028,9.0,-4.0,-41.0
1776885907.1801028,8.0,-5.0,-43.0
1776885907.1901028,5.0,-5.0,-41.0
1776885907.2001028,0.0,-4.0,-41.0
1776885907.2101028,4.0,-2.0,-39.0
1776885907.2201028,3.0,-2.0,-36.0
1776885907.2301028,4.0,0.0,-36.0
1776885907.2401028,0.0,0.0,-36.0
1776885907.2501028,-1.0,-2.0,-34.0
1776885907.2601027,1.0,0.0,-39.0
1776885907.2701027,1.0,0.0,-37.0
1776885907.2801027,3.0,0.0,-34.0
1776885907.2901027,2.0,-3.0,-31.0
1776885907.3001027,6.0,-4.0,-33.0
1776885907.3111026,8.0,-7.0,-33.0
1776885907.3211029,11.0,-5.0,-34.0
1776885907.3311028,10.0,-6.0,-37.0
1776885907.3411028,8.0,-1.0,-39.0
1776885907.3511028,3.0,-1.0,-44.0
1776885907.3611028,4.0,0.0,-44.0
1776885907.3711028,3.0,-1.0,-47.0
1776885907.3811028,6.0,-3.0,-49.0
1776885907.3911028,6.0,-3.0,-42.0
1776885907.4011028,5.0,-7.0,-49.0
1776885907.4111028,3.0,-5.0,-50.0
1776885907.4211028,4.0,-3.0,-43.0
1776885907.4311028,1.0,-5.0,-43.0
1776885907.4411027,-1.0,-4.0,-38.0
1776885907.4511027,-1.0,-6.0,-34.0
1776885907.4611027,1.0,-3.0,-43.0
1776885907.4711027,3.0,-1.0,-43.0
1776885907.4811027,8.0,-2.0,-49.0
1776885907.4911027,6.0,-3.0,-48.0
1776885907.5011027,7.0,-1.0,-48.0
1776885907.511103,3.0,0.0,-46.0
1776885907.521103,0.0,2.0,-47.0
1776885907.531103,-4.0,2.0,-42.0
1776885907.5411026,-8.0,0.0,-42.0
1776885907.5511026,-8.0,0.0,-45.0
1776885907.5611026,-9.0,-3.0,-39.0
1776885907.5711029,-6.0,-4.0,-43.0
1776885907.5811028,-10.0,-4.0,-39.0
1776885907.5911028,-5.0,-1.0,-38.0
1776885907.6011028,-3.0,0.0,-36.0
1776885907.6111028,-3.0,0.0,-38.0
1776885907.6211028,-5.0,-3.0,-41.0
1776885907.6311028,-2.0,-1.0,-35.0
1776885907.6411028,7.0,0.0,-36.0
1776885907.6511028,7.0,1.0,-37.0
1776885907.6611028,3.0,-4.0,-39.0
1776885907.6711028,2.0,-4.0,-43.0
1776885907.6811028,3.0,-3.0,-45.0
1776885907.6911027,5.0,0.0,-43.0
1776885907.7011027,4.0,0.0,-41.0
1776885907.7111027,1.0,1.0,-42.0
1776885907.7211027,1.0,4.0,-38.0
1776885907.7311027,0.0,6.0,-36.0
1776885907.7411027,0.0,6.0,-41.0
1776885907.7511027,0.0,3.0,-42.0
1776885907.761103,2.0,0.0,-47.0
1776885907.771103,-1.0,-5.0,-41.0
1776885907.781103,0.0,-4.0,-34.0
1776885907.7911026,0.0,-2.0,-36.0
1776885907.8011026,-6.0,-1.0,-36.0
1776885907.8111026,-7.0,0.0,-31.0
1776885907.8211029,-3.0,0.0,-29.0
1776885907.8311028,-2.0,1.0,-29.0
1776885907.8411028,1.0,-1.0,-26.0
1776885907.8511028,5.0,-1.0,-32.0
1776885907.8611028,7.0,-1.0,-33.0
1776885907.8711028,6.0,-1.0,-32.0
1776885907.8811028,7.0,1.0,-36.0
1776885907.8911028,5.0,7.0,-43.0
1776885907.9011028,5.0,8.0,-41.0
1776885907.9111028,2.0,8.0,-39.0
1776885907.9211028,0.0,6.0,-47.0
1776885907.9311028,-3.0,6.0,-46.0
1776885907.9411027,-3.0,4.0,-45.0
1776885907.9511027,-2.0,4.0,-43.0
1776885907.9611027,-3.0,1.0,-34.0
1776885907.9711027,-3.0,1.0,-35.0
1776885907.9811027,-8.0,-1.0,-37.0
1776885907.9911027,-15.0,0.0,-33.0
1776885908.0011027,-15.0,3.0,-34.0
1776885908.011103,-14.0,1.0,-37.0
1776885908.021103,-13.0,2.0,-38.0
1776885908.031103,-10.0,7.0,-34.0
1776885908.0411026,-6.0,5.0,-38.0
1776885908.0511026,-6.0,4.0,-40.0
1776885908.0611026,-8.0,3.0,-42.0
1776885908.0711029,-8.0,1.0,-36.0
1776885908.0811028,-7.0,0.0,-32.0
1776885908.0911028,-6.0,0.0,-32.0
1776885908.1011028,0.0,0.0,-37.0
1776885908.1111028,3.0,-1.0,-39.0
1776885908.1211028,2.0,-2.0,-33.0
1776885908.1311028,1.0,0.0,-28.0
1776885908.1411028,3.0,0.0,-31.0
1776885908.1511028,0.0,-3.0,-25.0
1776885908.1611028,-4.0,-2.0,-23.0
1776885908.1711028,-4.0,0.0,-29.0
1776885908.1811028,-4.0,-3.0,-34.0
1776885908.1911027,0.0,-3.0,-35.0
1776885908.2011027,0.0,0.0,-36.0
1776885908.2111027,1.0,0.0,-41.0
1776885908.2211027,1.0,-2.0,-39.0
1776885908.2311027,3.0,0.0,-45.0
1776885908.2411027,2.0,3.0,-43.0
1776885908.2511027,1.0,3.0,-42.0
1776885908.261103,0.0,3.0,-45.0
1776885908.271103,0.0,3.0,-43.0
1776885908.281103,6.0,3.0,-40.0
1776885908.2911026,7.0,1.0,-43.0
1776885908.3011026,8.0,-2.0,-49.0
1776885908.3111026,2.0,-3.0,-48.0
1776885908.3211029,0.0,0.0,-56.0
1776885908.3311028,-3.0,-1.0,-55.0
1776885908.3411028,-5.0,-4.0,-49.0
1776885908.3511028,-7.0,-1.0,-45.0
1776885908.3611028,-4.0,1.0,-47.0
1776885908.3711028,-3.0,4.0,-48.0
1776885908.3811028,-1.0,1.0,-50.0
1776885908.3911028,0.0,1.0,-44.0
1776885908.4011028,-1.0,0.0,-47.0
1776885908.4111028,0.0,2.0,-43.0
1776885908.4211028,0.0,2.0,-43.0
1776885908.4311028,-1.0,2.0,-45.0
1776885908.4411027,0.0,0.0,-44.0
1776885908.4511027,-2.0,0.0,-38.0
1776885908.4611027,-2.0,-6.0,-34.0
1776885908.4711027,-1.0,-3.0,-36.0
1776885908.4811027,-1.0,-2.0,-38.0
1776885908.4911027,-2.0,-6.0,-38.0
1776885908.5011027,0.0,-3.0,-36.0
1776885908.511103,0.0,0.0,-27.0
1776885908.521103,4.0,0.0,-32.0
1776885908.531103,4.0,-1.0,-30.0
1776885908.5411026,2.0,3.0,-34.0
1776885908.5511026,0.0,4.0,-33.0
1776885908.5611026,-1.0,3.0,-31.0
1776885908.5711029,-3.0,0.0,-29.0
1776885908.5811028,-6.0,0.0,-28.0
1776885908.5911028,-3.0,0.0,-37.0
1776885908.6011028,-2.0,-1.0,-33.0
1776885908.6111028,-6.0,-1.0,-39.0
1776885908.6211028,-6.0,0.0,-43.0
1776885908.6311028,-1.0,0.0,-31.0
1776885908.6411028,-1.0,-2.0,-30.0
1776885908.6511028,1.0,-5.0,-39.0
1776885908.6611028,0.0,-2.0,-42.0
1776885908.6711028,3.0,-4.0,-37.0
1776885908.6811028,1.0,0.0,-46.0
1776885908.6911027,-1.0,1.0,-43.0
1776885908.7011027,-2.0,0.0,-42.0
1776885908.7111027,-2.0,-1.0,-44.0
1776885908.7211027,-4.0,-3.0,-41.0
1776885908.7311027,0.0,-1.0,-40.0
1776885908.7411027,1.0,-1.0,-39.0
1776885908.7511027,0.0,-2.0,-31.0
1776885908.761103,3.0,-3.0,-33.0
1776885908.771103,0.0,-7.0,-34.0
1776885908.781103,-1.0,-8.0,-33.0
1776885908.7911026,-1.0,-5.0,-33.0
1776885908.8011026,-2.0,-4.0,-30.0
1776885908.8111026,-6.0,-7.0,-33.0
1776885908.8211029,-4.0,-3.0,-32.0
1776885908.8311028,-6.0,-2.0,-38.0
1776885908.8411028,-5.0,-3.0,-37.0
1776885908.8511028,-4.0,-4.0,-34.0
1776885908.8611028,-6.0,-5.0,-35.0
1776885908.8711028,0.0,-3.0,-32.0
1776885908.8811028,1.0,0.0,-37.0
1776885908.8911028,5.0,2.0,-42.0
1776885908.9011028,1.0,6.0,-52.0
1776885908.9111028,0.0,2.0,-52.0
1776885908.9211028,0.0,1.0,-47.0
1776885908.9311028,1.0,1.0,-44.0
1776885908.9411027,2.0,0.0,-50.0
1776885908.9511027,2.0,1.0,-51.0
1776885908.9611027,0.0,1.0,-45.0
1776885908.9711027,1.0,3.0,-38.0
1776885908.9811027,0.0,4.0,-39.0
1776885908.9911027,0.0,1.0,-40.0
1776885909.0011027,-3.0,0.0,-48.0
1776885909.011103,-6.0,-3.0,-53.0
1776885909.021103,-3.0,-2.0,-57.0
1776885909.031103,1.0,-2.0,-63.0
1776885909.0411026,2.0,-2.0,-63.0
1776885909.0511026,1.0,-3.0,-54.0
1776885909.0611026,1.0,-5.0,-44.0
1776885909.0711029,-2.0,-4.0,-45.0
1776885909.0811028,-3.0,-4.0,-44.0
1776885909.0911028,1.0,-2.0,-39.0
1776885909.1011028,1.0,0.0,-38.0
1776885909.1111028,4.0,-3.0,-41.0
1776885909.1211028,2.0,0.0,-43.0
1776885909.1311028,8.0,0.0,-44.0
1776885909.1411028,2.0,0.0,-40.0
1776885909.1511028,3.0,-5.0,-33.0
1776885909.1611028,3.0,0.0,-35.0
1776885909.1711028,5.0,-5.0,-39.0
1776885909.1811028,1.0,-2.0,-41.0
1776885909.1911027,2.0,-4.0,-39.0
1776885909.2011027,1.0,-4.0,-39.0
1776885909.2111027,1.0,-1.0,-40.0
1776885909.2211027,-3.0,-3.0,-41.0
1776885909.2311027,-3.0,-3.0,-40.0
1776885909.2411027,-3.0,-2.0,-34.0
1776885909.2511027,-4.0,-2.0,-32.0
1776885909.261103,-5.0,-2.0,-35.0
1776885909.271103,-13.0,0.0,-39.0
1776885909.2821028,-8.0,-2.0,-36.0
1776885909.2911026,-4.0,0.0,-38.0
1776885909.3011026,-2.0,0.0,-36.0
1776885909.3111026,-2.0,-2.0,-35.0
1776885909.3221028,0.0,-2.0,-34.0
1776885909.3321028,0.0,-1.0,-30.0
1776885909.3421028,2.0,-1.0,-26.0
1776885909.3521028,0.0,-3.0,-24.0
1776885909.3621027,2.0,-2.0,-29.0
1776885909.3721027,2.0,-1.0,-29.0
1776885909.3821027,1.0,-3.0,-26.0
1776885909.3921027,0.0,-2.0,-29.0
1776885909.4021027,4.0,-2.0,-31.0
1776885909.4121027,6.0,0.0,-35.0
1776885909.4221027,4.0,0.0,-31.0
1776885909.432103,1.0,0.0,-30.0
1776885909.442103,0.0,4.0,-30.0
1776885909.452103,-3.0,2.0,-36.0
1776885909.462103,2.0,1.0,-38.0
1776885909.4721026,-1.0,2.0,-39.0
1776885909.4821026,-2.0,0.0,-46.0
1776885909.4921026,1.0,4.0,-44.0
1776885909.5021029,0.0,5.0,-39.0
1776885909.5121028,0.0,5.0,-33.0
1776885909.5221028,3.0,11.0,-31.0
1776885909.5321028,2.0,6.0,-35.0
1776885909.5421028,2.0,-1.0,-30.0
1776885909.5521028,1.0,-4.0,-36.0
1776885909.5621028,-2.0,1.0,-41.0
1776885909.5721028,1.0,4.0,-48.0
1776885909.5821028,3.0,2.0,-52.0
1776885909.5921028,3.0,-2.0,-46.0
1776885909.6021028,4.0,-1.0,-39.0
1776885909.6121027,2.0,-3.0,-41.0
1776885909.6221027,1.0,-3.0,-45.0
1776885909.6321027,0.0,-2.0,-40.0
1776885909.6421027,1.0,-2.0,-46.0
1776885909.6521027,-2.0,3.0,-43.0
1776885909.6621027,-1.0,0.0,-46.0
1776885909.6721027,-6.0,3.0,-50.0
1776885909.682103,-6.0,0.0,-46.0
1776885909.692103,-12.0,0.0,-44.0
1776885909.702103,-13.0,-2.0,-42.0
1776885909.712103,-16.0,-2.0,-37.0
1776885909.7221026,-17.0,-2.0,-39.0
1776885909.7321026,-10.0,0.0,-41.0
1776885909.7421026,-10.0,2.0,-41.0
1776885909.7521029,-7.0,-1.0,-48.0
1776885909.7621028,-3.0,-1.0,-49.0
1776885909.7721028,-2.0,-3.0,-44.0
1776885909.7821028,-1.0,-6.0,-43.0
1776885909.7921028,0.0,-3.0,-39.0
1776885909.8021028,-1.0,-1.0,-36.0
1776885909.8121028,-1.0,2.0,-36.0
1776885909.8221028,1.0,-2.0,-39.0
1776885909.8321028,1.0,-5.0,-44.0
1776885909.8421028,6.0,-7.0,-42.0
1776885909.8521028,10.0,-5.0,-38.0
1776885909.8621027,6.0,-6.0,-38.0
1776885909.8721027,2.0,-7.0,-44.0
1776885909.8821027,1.0,-5.0,-45.0
1776885909.8921027,2.0,0.0,-45.0
1776885909.9021027,3.0,0.0,-43.0
1776885909.9121027,1.0,-5.0,-44.0
1776885909.9221027,0.0,-4.0,-40.0
1776885909.932103,2.0,-4.0,-36.0
1776885909.942103,0.0,-5.0,-32.0
1776885909.952103,6.0,-4.0,-32.0
1776885909.962103,4.0,-1.0,-32.0
1776885909.9721026,5.0,1.0,-31.0
1776885909.9821026,1.0,-1.0,-35.0
1776885909.9921026,-1.0,-3.0,-37.0
1776885910.0021029,2.0,-3.0,-37.0
1776885910.0121028,1.0,-2.0,-38.0
1776885910.0221028,3.0,-3.0,-39.0
1776885910.0321028,0.0,-3.0,-38.0
1776885910.0421028,-1.0,-5.0,-37.0
1776885910.0521028,-1.0,-6.0,-42.0
1776885910.0621028,-3.0,-5.0,-47.0
1776885910.0721028,0.0,0.0,-44.0
1776885910.0821028,-9.0,0.0,-40.0
1776885910.0921028,-10.0,-2.0,-35.0
1776885910.1021028,-7.0,0.0,-37.0
1776885910.1121027,-6.0,-5.0,-35.0
1776885910.1221027,-8.0,-7.0,-44.0
1776885910.1321027,-7.0,-4.0,-45.0
1776885910.1421027,-3.0,0.0,-48.0
1776885910.1521027,0.0,1.0,-39.0
1776885910.1621027,2.0,-1.0,-39.0
1776885910.1721027,4.0,-1.0,-42.0
1776885910.182103,4.0,-3.0,-40.0
1776885910.192103,3.0,-2.0,-39.0
1776885910.202103,1.0,-2.0,-36.0
1776885910.212103,-3.0,-3.0,-37.0
1776885910.2221026,0.0,-5.0,-29.0
1776885910.2321026,3.0,-5.0,-32.0
1776885910.2421026,5.0,2.0,-37.0
1776885910.2521029,5.0,3.0,-41.0
1776885910.2621028,4.0,-3.0,-42.0
1776885910.2721028,2.0,-3.0,-49.0
1776885910.2821028,-1.0,-5.0,-52.0
1776885910.2921028,-2.0,-7.0,-45.0
1776885910.3021028,0.0,-3.0,-43.0
1776885910.3121028,1.0,0.0,-35.0
1776885910.3221028,4.0,0.0,-32.0
1776885910.3321028,8.0,0.0,-35.0
1776885910.3421028,3.0,1.0,-43.0
1776885910.3521028,0.0,5.0,-39.0
1776885910.3621027,3.0,4.0,-36.0
1776885910.3721027,0.0,5.0,-36.0
1776885910.3821027,-2.0,3.0,-43.0
1776885910.3921027,0.0,2.0,-43.0
1776885910.4021027,0.0,5.0,-37.0
1776885910.4121027,0.0,5.0,-32.0
1776885910.4221027,-1.0,2.0,-34.0
1776885910.432103,0.0,2.0,-35.0
1776885910.442103,0.0,0.0,-40.0
1776885910.452103,0.0,-2.0,-48.0
1776885910.462103,0.0,-1.0,-50.0
1776885910.4721026,0.0,-2.0,-46.0
1776885910.4821026,3.0,-4.0,-43.0
1776885910.4921026,1.0,-6.0,-42.0
1776885910.5021029,2.0,-2.0,-38.0
1776885910.5121028,1.0,-3.0,-34.0
1776885910.5221028,2.0,-3.0,-41.0
1776885910.5321028,2.0,0.0,-39.0
1776885910.5421028,0.0,3.0,-35.0
1776885910.5521028,0.0,1.0,-37.0
1776885910.5621028,4.0,0.0,-39.0
1776885910.5721028,5.0,1.0,-32.0
1776885910.5821028,2.0,-1.0,-32.0
1776885910.5921028,2.0,-2.0,-37.0
1776885910.6021028,5.0,-7.0,-40.0
1776885910.6121027,3.0,-9.0,-31.0
1776885910.6221027,0.0,-6.0,-38.0
1776885910.6321027,0.0,-3.0,-39.0
1776885910.6421027,0.0,-2.0,-34.0
1776885910.6521027,-2.0,-8.0,-38.0
1776885910.6621027,0.0,-7.0,-38.0
1776885910.6721027,2.0,-5.0,-40.0
1776885910.682103,1.0,-5.0,-42.0
1776885910.692103,-5.0,-4.0,-44.0
1776885910.702103,-7.0,0.0,-43.0
1776885910.712103,-11.0,-2.0,-39.0
1776885910.7221026,-6.0,2.0,-34.0
1776885910.7321026,-1.0,1.0,-40.0
1776885910.7421026,-4.0,-3.0,-44.0
1776885910.7521029,-3.0,-3.0,-43.0
1776885910.7621028,-2.0,-3.0,-45.0
1776885910.7721028,-2.0,-2.0,-37.0
1776885910.7821028,-1.0,0.0,-37.0
1776885910.7921028,0.0,-6.0,-34.0
1776885910.8021028,0.0,-4.0,-32.0
1776885910.8121028,0.0,0.0,-30.0
1776885910.8221028,0.0,0.0,-29.0
1776885910.8321028,-2.0,-2.0,-36.0
1776885910.8421028,-2.0,-3.0,-40.0
1776885910.8521028,0.0,-1.0,-39.0
1776885910.8621027,0.0,-2.0,-45.0
1776885910.8721027,0.0,-3.0,-43.0
1776885910.8821027,-1.0,-1.0,-36.0
1776885910.8921027,0.0,-5.0,-31.0
1776885910.9021027,0.0,-3.0,-37.0
1776885910.9121027,-2.0,-5.0,-28.0
1776885910.9221027,-3.0,-2.0,-35.0
1776885910.932103,-2.0,-2.0,-35.0
1776885910.942103,4.0,-1.0,-36.0
1776885910.952103,2.0,-4.0,-42.0
1776885910.962103,-1.0,0.0,-39.0
1776885910.9721026,-4.0,-2.0,-39.0
1776885910.9821026,0.0,-1.0,-34.0
1776885910.9921026,1.0,-2.0,-33.0
1776885911.0021029,0.0,-2.0,-34.0
1776885911.0121028,-3.0,-1.0,-32.0
1776885911.0221028,-2.0,-3.0,-26.0
1776885911.0321028,-2.0,-1.0,-28.0
1776885911.0421028,-1.0,-2.0,-33.0
1776885911.0521028,0.0,-4.0,-39.0
1776885911.0621028,-1.0,-1.0,-41.0
1776885911.0721028,-2.0,-2.0,-43.0
1776885911.0821028,-3.0,-1.0,-45.0
1776885911.0921028,0.0,0.0,-42.0
1776885911.1021028,0.0,2.0,-46.0
1776885911.1121027,-3.0,4.0,-44.0
1776885911.1221027,-5.0,2.0,-43.0
1776885911.1321027,-8.0,1.0,-37.0
1776885911.1421027,-5.0,-1.0,-33.0
1776885911.1521027,-3.0,-4.0,-34.0
1776885911.1621027,-1.0,-3.0,-38.0
1776885911.1721027,-3.0,-3.0,-45.0
1776885911.182103,-4.0,-5.0,-43.0
1776885911.192103,-4.0,-5.0,-43.0
1776885911.202103,-6.0,0.0,-40.0
1776885911.212103,-2.0,-6.0,-33.0
1776885911.2221026,-1.0,-10.0,-31.0
1776885911.2321026,-4.0,-6.0,-29.0
1776885911.2421026,-1.0,-6.0,-28.0
1776885911.2521029,-1.0,-2.0,-29.0
1776885911.2621028,-1.0,-4.0,-29.0
1776885911.2721028,0.0,1.0,-28.0
1776885911.2821028,1.0,-1.0,-25.0
1776885911.2931027,0.0,-1.0,-30.0
1776885911.3021028,3.0,1.0,-38.0
1776885911.3131027,0.0,-1.0,-32.0
1776885911.3231027,2.0,-4.0,-34.0
1776885911.3331027,6.0,-3.0,-39.0
1776885911.3431027,3.0,-4.0,-49.0
1776885911.3531027,6.0,-2.0,-47.0
1776885911.363103,6.0,0.0,-46.0
1776885911.373103,2.0,-1.0,-46.0
1776885911.383103,4.0,0.0,-44.0
1776885911.3931026,1.0,-2.0,-46.0
1776885911.4031026,3.0,-1.0,-48.0
1776885911.4131026,1.0,0.0,-52.0
1776885911.4231029,1.0,0.0,-52.0
1776885911.4331028,0.0,-2.0,-48.0
1776885911.4431028,0.0,-2.0,-46.0
1776885911.4531028,2.0,-1.0,-45.0
1776885911.4631028,1.0,-3.0,-42.0
1776885911.4731028,8.0,-2.0,-44.0
1776885911.4831028,6.0,-2.0,-44.0
1776885911.4931028,8.0,0.0,-38.0
1776885911.5031028,6.0,-2.0,-34.0
1776885911.5131028,9.0,-4.0,-34.0
1776885911.5231028,3.0,-6.0,-36.0
1776885911.5331028,3.0,-6.0,-32.0
1776885911.5431027,3.0,-7.0,-35.0
1776885911.5531027,1.0,-8.0,-39.0
1776885911.5631027,2.0,-6.0,-34.0
1776885911.5731027,6.0,-5.0,-37.0
1776885911.5831027,7.0,-6.0,-39.0
1776885911.5931027,10.0,-2.0,-38.0
1776885911.6031027,5.0,0.0,-42.0
1776885911.613103,3.0,0.0,-44.0
1776885911.623103,3.0,-2.0,-44.0
1776885911.633103,-2.0,-5.0,-44.0
1776885911.6431026,1.0,-4.0,-51.0
1776885911.6531026,4.0,-3.0,-49.0
1776885911.6631026,2.0,-5.0,-42.0
1776885911.6731029,6.0,-5.0,-39.0
1776885911.6831028,6.0,-2.0,-36.0
1776885911.6931028,5.0,-4.0,-39.0
1776885911.7031028,4.0,-2.0,-40.0
1776885911.7131028,-1.0,-2.0,-46.0
1776885911.7231028,-3.0,-3.0,-48.0
1776885911.7331028,2.0,-1.0,-44.0
1776885911.7431028,2.0,0.0,-45.0
1776885911.7531028,2.0,2.0,-43.0
1776885911.7631028,0.0,2.0,-44.0
1776885911.7731028,1.0,4.0,-46.0
1776885911.7831028,1.0,7.0,-43.0
1776885911.7931027,0.0,8.0,-37.0
1776885911.8031027,-2.0,3.0,-35.0
1776885911.8131027,1.0,1.0,-32.0
1776885911.8231027,3.0,2.0,-29.0
1776885911.8331027,5.0,1.0,-28.0
1776885911.8431027,5.0,0.0,-26.0
1776885911.8531027,4.0,-1.0,-29.0
1776885911.863103,0.0,-5.0,-31.0
1776885911.873103,-6.0,-6.0,-29.0
1776885911.883103,-8.0,-3.0,-37.0
1776885911.8931026,-4.0,-9.0,-40.0
1776885911.9031026,-5.0,-9.0,-46.0
1776885911.9131026,-5.0,-8.0,-46.0
1776885911.9231029,-4.0,-7.0,-44.0
1776885911.9331028,-4.0,-3.0,-49.0
1776885911.9431028,0.0,-4.0,-53.0
1776885911.9531028,-2.0,-1.0,-50.0
1776885911.9631028,-4.0,0.0,-45.0
1776885911.9731028,-3.0,1.0,-50.0
1776885911.9831028,-4.0,0.0,-55.0
1776885911.9931028,-3.0,0.0,-51.0
1776885912.0031028,3.0,1.0,-44.0
1776885912.0131028,4.0,2.0,-41.0
1776885912.0231028,0.0,0.0,-46.0
1776885912.0331028,-2.0,-4.0,-48.0
1776885912.0431027,-4.0,-3.0,-49.0
1776885912.0531027,-2.0,0.0,-43.0
1776885912.0631027,-1.0,0.0,-39.0
1776885912.0731027,0.0,-1.0,-35.0
1776885912.0831027,-1.0,-1.0,-33.0
1776885912.0931027,-4.0,0.0,-44.0
1776885912.1031027,-1.0,4.0,-50.0
1776885912.113103,3.0,0.0,-49.0
1776885912.123103,4.0,2.0,-45.0
1776885912.133103,2.0,1.0,-45.0
1776885912.1431026,2.0,0.0,-48.0
1776885912.1531026,2.0,-3.0,-48.0
1776885912.1631026,2.0,-2.0,-44.0
1776885912.1731029,3.0,-2.0,-45.0
1776885912.1831028,5.0,1.0,-45.0
1776885912.1931028,2.0,-2.0,-50.0
1776885912.2031028,5.0,-3.0,-50.0
1776885912.2131028,4.0,1.0,-47.0
1776885912.2231028,3.0,3.0,-44.0
1776885912.2331028,5.0,0.0,-39.0
1776885912.2431028,0.0,-1.0,-42.0
1776885912.2531028,0.0,-1.0,-54.0
1776885912.2631028,-3.0,0.0,-58.0
1776885912.2731028,0.0,-3.0,-58.0
1776885912.2831028,-2.0,1.0,-51.0
1776885912.2931027,-5.0,-3.0,-39.0
1776885912.3031027,-7.0,-8.0,-33.0
1776885912.3131027,-5.0,-14.0,-32.0
1776885912.3231027,-2.0,-12.0,-27.0
1776885912.3331027,-2.0,-9.0,-30.0
1776885912.3431027,0.0,-9.0,-28.0
1776885912.3531027,-1.0,-4.0,-29.0
1776885912.363103,-1.0,-4.0,-34.0
1776885912.373103,-5.0,-6.0,-38.0
1776885912.383103,-3.0,-4.0,-37.0
1776885912.3931026,-3.0,-1.0,-39.0
1776885912.4031026,-4.0,-4.0,-45.0
1776885912.4131026,-2.0,-7.0,-48.0
1776885912.4231029,-4.0,-3.0,-48.0
1776885912.4331028,-6.0,-5.0,-47.0
1776885912.4431028,-9.0,-5.0,-47.0
1776885912.4531028,-6.0,-4.0,-43.0
1776885912.4631028,-9.0,-2.0,-44.0
1776885912.4731028,-8.0,-1.0,-42.0
1776885912.4831028,-5.0,-4.0,-47.0
1776885912.4931028,-5.0,-3.0,-43.0
1776885912.5031028,-8.0,-2.0,-45.0
1776885912.5131028,-7.0,0.0,-46.0
1776885912.5231028,-1.0,1.0,-47.0
1776885912.5331028,-1.0,4.0,-47.0
1776885912.5431027,0.0,2.0,-42.0
1776885912.5531027,3.0,3.0,-48.0
1776885912.5631027,5.0,3.0,-46.0
1776885912.5731027,2.0,1.0,-42.0
1776885912.5831027,0.0,0.0,-39.0
1776885912.5931027,1.0,-1.0,-42.0
1776885912.6031027,1.0,0.0,-45.0
1776885912.613103,6.0,1.0,-46.0
1776885912.623103,5.0,-3.0,-42.0
1776885912.633103,7.0,-2.0,-35.0
1776885912.6431026,8.0,-2.0,-35.0
1776885912.6531026,2.0,-2.0,-34.0
1776885912.6631026,2.0,-2.0,-35.0
1776885912.6731029,-2.0,-1.0,-37.0
1776885912.6831028,-1.0,0.0,-36.0
1776885912.6931028,-3.0,-1.0,-29.0
1776885912.7031028,0.0,-2.0,-32.0
1776885912.7131028,-1.0,0.0,-34.0
1776885912.7231028,3.0,0.0,-36.0
1776885912.7331028,0.0,6.0,-44.0
1776885912.7431028,0.0,2.0,-46.0
1776885912.7531028,-2.0,0.0,-51.0
1776885912.7631028,0.0,-5.0,-55.0
1776885912.7731028,0.0,-5.0,-52.0
1776885912.7831028,-4.0,-2.0,-50.0
1776885912.7931027,-4.0,2.0,-43.0
1776885912.8031027,-1.0,0.0,-47.0
1776885912.8131027,-4.0,1.0,-51.0
1776885912.8231027,0.0,2.0,-43.0
1776885912.8331027,-1.0,2.0,-42.0
1776885912.8431027,-1.0,2.0,-37.0
1776885912.8531027,0.0,-4.0,-40.0
1776885912.863103,2.0,-2.0,-43.0
1776885912.873103,6.0,-3.0,-38.0
1776885912.883103,7.0,-3.0,-37.0
1776885912.8931026,5.0,-6.0,-36.0
1776885912.9031026,4.0,-9.0,-40.0
1776885912.9131026,7.0,-12.0,-38.0
1776885912.9231029,5.0,-7.0,-39.0
1776885912.9331028,2.0,-5.0,-42.0
1776885912.9431028,0.0,-7.0,-44.0
1776885912.9531028,2.0,-12.0,-52.0
1776885912.9631028,3.0,-9.0,-47.0
1776885912.9731028,3.0,-5.0,-45.0
1776885912.9831028,3.0,-10.0,-44.0
1776885912.9931028,3.0,-10.0,-48.0
1776885913.0031028,1.0,-7.0,-48.0
1776885913.0131028,3.0,-4.0,-39.0
1776885913.0231028,2.0,-7.0,-36.0
1776885913.0331028,0.0,-6.0,-38.0
1776885913.0431027,4.0,-8.0,-37.0
1776885913.0531027,6.0,-8.0,-37.0
1776885913.0631027,3.0,-8.0,-39.0
1776885913.0731027,1.0,-3.0,-44.0
1776885913.0831027,2.0,0.0,-44.0
1776885913.0931027,1.0,-2.0,-45.0
1776885913.1031027,-2.0,-2.0,-43.0
1776885913.113103,-5.0,-4.0,-41.0
1776885913.123103,0.0,-4.0,-50.0
1776885913.133103,3.0,0.0,-53.0
1776885913.1431026,0.0,-3.0,-46.0
1776885913.1531026,0.0,-2.0,-42.0
1776885913.1631026,5.0,-2.0,-37.0
1776885913.1731029,2.0,-4.0,-38.0
1776885913.1831028,5.0,-2.0,-39.0
1776885913.1931028,3.0,-3.0,-39.0
1776885913.2031028,0.0,0.0,-38.0
1776885913.2131028,0.0,-7.0,-39.0
1776885913.2231028,3.0,-6.0,-36.0
1776885913.2331028,3.0,-7.0,-40.0
1776885913.2431028,5.0,-6.0,-43.0
1776885913.2531028,7.0,-6.0,-38.0
1776885913.2631028,12.0,-4.0,-38.0
1776885913.2731028,11.0,-8.0,-42.0
1776885913.284103,9.0,-6.0,-50.0
1776885913.294103,6.0,-5.0,-46.0
1776885913.304103,6.0,-5.0,-47.0
1776885913.3141026,4.0,-7.0,-50.0
1776885913.3241026,0.0,-6.0,-48.0
1776885913.3341026,1.0,-1.0,-53.0
1776885913.3441026,3.0,-2.0,-51.0
1776885913.3541028,4.0,-4.0,-43.0
1776885913.3641028,7.0,-6.0,-44.0
1776885913.3741028,10.0,-4.0,-45.0
1776885913.3841028,2.0,-5.0,-39.0
1776885913.3941028,0.0,0.0,-34.0
1776885913.4041028,3.0,-1.0,-28.0
1776885913.4141028,0.0,-3.0,-29.0
1776885913.4241028,0.0,-3.0,-32.0
1776885913.4341028,0.0,-10.0,-37.0
1776885913.4441028,1.0,-11.0,-40.0
1776885913.4541028,5.0,-8.0,-45.0
1776885913.4641027,5.0,-7.0,-51.0
1776885913.4741027,4.0,-7.0,-49.0
1776885913.4841027,7.0,-1.0,-53.0
1776885913.4941027,9.0,-4.0,-48.0
1776885913.5041027,8.0,-2.0,-44.0
1776885913.5141027,8.0,3.0,-37.0
1776885913.5241027,8.0,2.0,-37.0
1776885913.534103,7.0,1.0,-33.0
1776885913.544103,9.0,1.0,-35.0
1776885913.554103,6.0,-2.0,-33.0
1776885913.5641026,4.0,0.0,-34.0
1776885913.5741026,0.0,0.0,-37.0
1776885913.5841026,2.0,-1.0,-45.0
1776885913.5941026,0.0,-2.0,-46.0
1776885913.6041028,7.0,-4.0,-44.0
1776885913.6141028,3.0,-2.0,-43.0
1776885913.6241028,3.0,1.0,-41.0
1776885913.6341028,1.0,-1.0,-42.0
1776885913.6441028,-2.0,0.0,-47.0
1776885913.6541028,-5.0,0.0,-50.0
1776885913.6641028,-2.0,0.0,-47.0
1776885913.6741028,0.0,4.0,-44.0
1776885913.6841028,1.0,1.0,-42.0
1776885913.6941028,0.0,4.0,-43.0
1776885913.7041028,3.0,4.0,-45.0
1776885913.7141027,0.0,4.0,-48.0
1776885913.7241027,-3.0,1.0,-43.0
1776885913.7341027,-1.0,2.0,-46.0
1776885913.7441027,-1.0,0.0,-53.0
1776885913.7541027,1.0,0.0,-55.0
1776885913.7641027,0.0,0.0,-49.0
1776885913.7741027,-2.0,-4.0,-52.0
1776885913.784103,-1.0,-8.0,-55.0
1776885913.794103,0.0,-7.0,-53.0
1776885913.804103,4.0,-6.0,-47.0
1776885913.8141026,1.0,-6.0,-48.0
1776885913.8241026,-1.0,-4.0,-51.0
1776885913.8341026,3.0,-2.0,-54.0
1776885913.8441026,2.0,0.0,-52.0
1776885913.8541028,0.0,1.0,-52.0
1776885913.8641028,2.0,1.0,-44.0
1776885913.8741028,2.0,1.0,-42.0
1776885913.8841028,1.0,1.0,-38.0
1776885913.8941028,3.0,0.0,-43.0
1776885913.9041028,-2.0,-1.0,-42.0
1776885913.9141028,-1.0,1.0,-41.0
1776885913.9241028,0.0,3.0,-41.0
1776885913.9341028,-1.0,4.0,-42.0
1776885913.9441028,0.0,4.0,-44.0
1776885913.9541028,0.0,-1.0,-43.0
1776885913.9641027,3.0,-5.0,-42.0
1776885913.9741027,4.0,-7.0,-41.0
1776885913.9841027,4.0,-6.0,-44.0
1776885913.9941027,6.0,-7.0,-35.0
1776885914.0041027,3.0,-10.0,-39.0
1776885914.0141027,3.0,-6.0,-36.0
1776885914.0241027,0.0,-4.0,-30.0
1776885914.034103,-3.0,-3.0,-29.0
1776885914.044103,-3.0,-6.0,-34.0
1776885914.054103,-1.0,-7.0,-40.0
1776885914.0641026,2.0,-2.0,-42.0
1776885914.0741026,1.0,0.0,-36.0
1776885914.0841026,-4.0,-2.0,-28.0
1776885914.0941026,-7.0,0.0,-31.0
1776885914.1041028,-4.0,1.0,-27.0
1776885914.1141028,-3.0,0.0,-30.0
1776885914.1241028,1.0,-2.0,-34.0
1776885914.1341028,3.0,-2.0,-35.0
1776885914.1441028,7.0,-1.0,-35.0
1776885914.1541028,6.0,-1.0,-45.0
1776885914.1641028,9.0,-1.0,-44.0
1776885914.1741028,6.0,-6.0,-44.0
1776885914.1841028,4.0,-7.0,-42.0
1776885914.1941028,-2.0,-5.0,-38.0
1776885914.2041028,-1.0,-4.0,-36.0
1776885914.2141027,-1.0,-3.0,-36.0
1776885914.2241027,0.0,-3.0,-32.0
1776885914.2341027,6.0,1.0,-36.0
1776885914.2441027,8.0,2.0,-35.0
1776885914.2541027,6.0,-1.0,-38.0
1776885914.2641027,6.0,-5.0,-35.0
1776885914.2741027,4.0,-1.0,-37.0
1776885914.284103,5.0,-1.0,-32.0
1776885914.294103,1.0,1.0,-34.0
1776885914.304103,1.0,1.0,-30.0
1776885914.3141026,2.0,2.0,-27.0
1776885914.3241026,-1.0,-1.0,-34.0
1776885914.3341026,-4.0,-4.0,-41.0
1776885914.3441026,-4.0,-7.0,-44.0
1776885914.3541028,-4.0,-5.0,-43.0
1776885914.3641028,-10.0,-6.0,-46.0
1776885914.3741028,-7.0,-10.0,-48.0
1776885914.3841028,-3.0,-12.0,-47.0
1776885914.3941028,-1.0,-9.0,-46.0
1776885914.4041028,-4.0,-10.0,-35.0
1776885914.4141028,-5.0,-9.0,-38.0
1776885914.4241028,0.0,-6.0,-43.0
1776885914.4341028,0.0,-1.0,-36.0
1776885914.4441028,-3.0,-3.0,-42.0
1776885914.4541028,-4.0,-3.0,-40.0
1776885914.4641027,-6.0,-1.0,-40.0
1776885914.4741027,-9.0,-3.0,-45.0
1776885914.4841027,-9.0,-3.0,-42.0
1776885914.4941027,-11.0,-3.0,-41.0
1776885914.5041027,-5.0,-3.0,-45.0
1776885914.5141027,-2.0,-2.0,-44.0
1776885914.5241027,0.0,-5.0,-45.0
1776885914.534103,-2.0,-2.0,-39.0
1776885914.544103,-2.0,-5.0,-39.0
1776885914.554103,0.0,-12.0,-39.0
1776885914.5641026,0.0,-10.0,-48.0
1776885914.5741026,-3.0,-13.0,-47.0
1776885914.5841026,-2.0,-12.0,-47.0
1776885914.5941026,1.0,-8.0,-43.0
1776885914.6041028,4.0,-5.0,-42.0
1776885914.6141028,9.0,-2.0,-36.0
1776885914.6241028,5.0,1.0,-29.0
1776885914.6341028,4.0,-1.0,-28.0
1776885914.6441028,6.0,-3.0,-34.0
1776885914.6541028,6.0,-4.0,-33.0
1776885914.6641028,1.0,-6.0,-35.0
1776885914.6741028,1.0,-7.0,-39.0
1776885914.6841028,0.0,-7.0,-35.0
1776885914.6941028,0.0,-9.0,-31.0
1776885914.7041028,0.0,-10.0,-28.0
1776885914.7141027,-3.0,-10.0,-36.0
1776885914.7241027,2.0,-9.0,-38.0
1776885914.7341027,0.0,-4.0,-41.0
1776885914.7441027,1.0,1.0,-38.0
1776885914.7541027,4.0,3.0,-37.0
1776885914.7641027,3.0,0.0,-36.0
1776885914.7741027,-1.0,2.0,-35.0
1776885914.784103,-3.0,2.0,-38.0
1776885914.794103,2.0,0.0,-38.0
1776885914.804103,2.0,2.0,-39.0
1776885914.8141026,4.0,3.0,-42.0
1776885914.8241026,6.0,4.0,-43.0
1776885914.8341026,1.0,2.0,-41.0
1776885914.8441026,3.0,0.0,-43.0
1776885914.8541028,5.0,-2.0,-43.0
1776885914.8641028,2.0,-5.0,-44.0
1776885914.8741028,0.0,-6.0,-45.0
1776885914.8841028,-3.0,-5.0,-42.0
1776885914.8941028,1.0,-2.0,-44.0
1776885914.9041028,4.0,-1.0,-50.0
1776885914.9141028,5.0,4.0,-51.0
1776885914.9241028,2.0,2.0,-46.0
1776885914.9341028,5.0,1.0,-44.0
1776885914.9441028,5.0,4.0,-47.0
1776885914.9541028,4.0,3.0,-49.0
1776885914.9641027,3.0,1.0,-55.0
1776885914.9741027,6.0,1.0,-56.0
1776885914.9841027,7.0,0.0,-55.0
1776885914.9941027,1.0,-1.0,-54.0
1776885915.0041027,0.0,-1.0,-52.0
1776885915.0141027,1.0,-2.0,-47.0
1776885915.0241027,-2.0,-3.0,-40.0
1776885915.034103,-1.0,-5.0,-36.0
1776885915.044103,-1.0,-2.0,-34.0
1776885915.054103,0.0,-5.0,-33.0
1776885915.0641026,0.0,-2.0,-39.0
1776885915.0741026,0.0,1.0,-41.0
1776885915.0841026,0.0,0.0,-41.0
1776885915.0941026,0.0,0.0,-31.0
1776885915.1041028,1.0,2.0,-34.0
1776885915.1141028,-1.0,3.0,-31.0
1776885915.1241028,-3.0,4.0,-32.0
1776885915.1341028,0.0,1.0,-34.0
1776885915.1441028,1.0,3.0,-41.0
1776885915.1541028,-1.0,2.0,-41.0
1776885915.1641028,0.0,-1.0,-41.0
1776885915.1741028,3.0,-2.0,-39.0
1776885915.1841028,2.0,-5.0,-39.0
1776885915.1941028,0.0,-8.0,-41.0
1776885915.2041028,-1.0,-10.0,-45.0
1776885915.2141027,-3.0,-10.0,-44.0
1776885915.2241027,-4.0,-10.0,-38.0
1776885915.235103,-2.0,-8.0,-41.0
1776885915.2441027,-1.0,-9.0,-44.0
1776885915.2541027,1.0,-5.0,-42.0
1776885915.2641027,6.0,-3.0,-39.0
1776885915.2751029,4.0,-7.0,-39.0
1776885915.2851028,6.0,-6.0,-40.0
1776885915.2951028,8.0,-7.0,-41.0
1776885915.3051028,2.0,-3.0,-40.0
1776885915.3151028,1.0,0.0,-44.0
1776885915.3251028,-3.0,-4.0,-41.0
1776885915.3351028,-4.0,-6.0,-36.0
1776885915.3451028,-7.0,-8.0,-39.0
1776885915.3551028,-7.0,-5.0,-38.0
1776885915.3651028,-7.0,-1.0,-42.0
1776885915.3751028,-4.0,4.0,-45.0
1776885915.3851027,-4.0,5.0,-44.0
1776885915.3951027,-8.0,6.0,-42.0
1776885915.4051027,-8.0,4.0,-48.0
1776885915.4151027,-9.0,2.0,-53.0
1776885915.4251027,-6.0,1.0,-47.0
1776885915.4351027,-3.0,1.0,-45.0
1776885915.4451027,-5.0,0.0,-42.0
1776885915.4551027,-4.0,-1.0,-36.0
1776885915.465103,-5.0,-3.0,-37.0
1776885915.475103,-4.0,1.0,-36.0
1776885915.485103,-3.0,1.0,-36.0
1776885915.4951026,-4.0,-3.0,-36.0
1776885915.5051026,-7.0,-2.0,-37.0
1776885915.5151026,-9.0,-1.0,-40.0
1776885915.5251029,-6.0,-3.0,-44.0
1776885915.5351028,-6.0,-3.0,-41.0
1776885915.5451028,-4.0,-1.0,-35.0
1776885915.5551028,-8.0,-2.0,-33.0
1776885915.5651028,-7.0,-2.0,-24.0
1776885915.5751028,-6.0,0.0,-28.0
1776885915.5851028,-5.0,0.0,-30.0
1776885915.5951028,-4.0,-1.0,-34.0
1776885915.6051028,-3.0,-1.0,-46.0
1776885915.6151028,-4.0,-1.0,-46.0
1776885915.6251028,-2.0,0.0,-48.0
1776885915.6351027,-1.0,4.0,-51.0
1776885915.6451027,-5.0,2.0,-47.0
1776885915.6551027,-7.0,2.0,-52.0
1776885915.6651027,-5.0,3.0,-47.0
1776885915.6751027,-1.0,4.0,-42.0
1776885915.6851027,1.0,3.0,-42.0
1776885915.6951027,2.0,2.0,-42.0
1776885915.7051027,4.0,-4.0,-39.0
1776885915.715103,3.0,-1.0,-37.0
1776885915.725103,3.0,-2.0,-38.0
1776885915.735103,1.0,-9.0,-38.0
1776885915.7451026,0.0,-8.0,-39.0
1776885915.7551026,0.0,-9.0,-42.0
1776885915.7651026,-5.0,-7.0,-40.0
1776885915.7751029,-5.0,-8.0,-41.0
1776885915.7851028,-5.0,-5.0,-42.0
1776885915.7951028,-1.0,-5.0,-47.0
1776885915.8051028,3.0,-7.0,-48.0
1776885915.8151028,0.0,-4.0,-46.0
1776885915.8251028,-1.0,-7.0,-43.0
1776885915.8351028,-5.0,-4.0,-44.0
1776885915.8451028,0.0,-5.0,-42.0
1776885915.8561027,1.0,-6.0,-43.0
1776885915.8651028,2.0,-7.0,-48.0
1776885915.8751028,3.0,-8.0,-46.0
1776885915.8851027,-1.0,-10.0,-38.0
1776885915.8951027,-2.0,-11.0,-39.0
1776885915.9051027,0.0,-12.0,-39.0
1776885915.9151027,-2.0,-9.0,-39.0
1776885915.9251027,-4.0,-11.0,-43.0
1776885915.9351027,-3.0,-9.0,-42.0
1776885915.9451027,-3.0,-7.0,-40.0
1776885915.9551027,-2.0,-5.0,-42.0
1776885915.965103,0.0,-8.0,-43.0
1776885915.975103,1.0,-8.0,-37.0
1776885915.985103,6.0,-4.0,-36.0
1776885915.9951026,1.0,-3.0,-33.0
1776885916.0051026,1.0,-1.0,-32.0
1776885916.0151026,1.0,-2.0,-33.0
1776885916.0251029,1.0,-1.0,-34.0
1776885916.0351028,1.0,-3.0,-41.0
1776885916.0451028,0.0,-6.0,-41.0
1776885916.0551028,1.0,-6.0,-45.0
1776885916.0651028,1.0,-7.0,-39.0
1776885916.0761027,2.0,-5.0,-38.0
1776885916.0851028,8.0,-6.0,-41.0
1776885916.0951028,8.0,-5.0,-37.0
1776885916.1051028,8.0,-2.0,-34.0
1776885916.1151028,5.0,0.0,-33.0
1776885916.1251028,1.0,0.0,-38.0
1776885916.1351027,0.0,-3.0,-39.0
1776885916.1451027,1.0,-3.0,-39.0
1776885916.1551027,-1.0,-3.0,-43.0
1776885916.1651027,-4.0,-4.0,-47.0
1776885916.1751027,-2.0,-4.0,-46.0
1776885916.1851027,0.0,-8.0,-41.0
1776885916.1951027,2.0,-8.0,-39.0
1776885916.2051027,4.0,-9.0,-43.0
1776885916.215103,5.0,-12.0,-49.0
1776885916.225103,2.0,-10.0,-43.0
1776885916.235103,1.0,-10.0,-35.0
1776885916.2451026,-2.0,-7.0,-37.0
1776885916.2551026,-4.0,-5.0,-37.0
1776885916.2651026,0.0,-4.0,-37.0
1776885916.2751029,-1.0,-7.0,-40.0
1776885916.2851028,1.0,-3.0,-44.0
1776885916.2951028,0.0,-1.0,-45.0
1776885916.3051028,-3.0,-4.0,-46.0
1776885916.3151028,0.0,-2.0,-45.0
1776885916.3251028,0.0,-4.0,-44.0
1776885916.3351028,2.0,-4.0,-43.0
1776885916.3451028,5.0,-3.0,-41.0
1776885916.3551028,8.0,-5.0,-44.0
1776885916.3651028,5.0,-9.0,-43.0
1776885916.3751028,6.0,-9.0,-41.0
1776885916.3851027,3.0,-7.0,-40.0
1776885916.3951027,1.0,-10.0,-45.0
1776885916.4051027,2.0,-6.0,-36.0
1776885916.4151027,4.0,-5.0,-32.0
1776885916.4251027,7.0,0.0,-27.0
1776885916.4351027,4.0,-1.0,-31.0
1776885916.4451027,1.0,-4.0,-25.0
1776885916.4551027,5.0,-2.0,-32.0
1776885916.465103,6.0,0.0,-33.0
1776885916.475103,8.0,-1.0,-39.0
1776885916.485103,8.0,3.0,-44.0
1776885916.4951026,8.0,2.0,-49.0
1776885916.5051026,4.0,4.0,-51.0
1776885916.5151026,4.0,3.0,-40.0
1776885916.5251029,6.0,1.0,-39.0
1776885916.5351028,0.0,-2.0,-41.0
1776885916.5451028,-6.0,-3.0,-40.0
1776885916.5551028,-6.0,-6.0,-36.0
1776885916.5651028,-5.0,-5.0,-43.0
1776885916.5751028,-2.0,-4.0,-44.0
1776885916.5851028,2.0,0.0,-42.0
1776885916.5951028,0.0,1.0,-43.0
1776885916.6051028,0.0,-3.0,-43.0
1776885916.6151028,-3.0,-3.0,-40.0
1776885916.6251028,-2.0,-3.0,-36.0
1776885916.6351027,2.0,-6.0,-36.0
1776885916.6451027,4.0,-4.0,-36.0
1776885916.6551027,5.0,-3.0,-37.0
1776885916.6651027,8.0,-2.0,-41.0
1776885916.6751027,10.0,-7.0,-34.0
1776885916.6851027,6.0,-6.0,-30.0
1776885916.6951027,5.0,-1.0,-38.0
1776885916.7051027,0.0,-5.0,-39.0
1776885916.715103,2.0,-4.0,-40.0
1776885916.725103,4.0,-7.0,-38.0
1776885916.735103,2.0,-6.0,-42.0
1776885916.7451026,9.0,-2.0,-41.0
1776885916.7551026,13.0,-4.0,-42.0
1776885916.7651026,6.0,0.0,-41.0
1776885916.7751029,0.0,0.0,-38.0
1776885916.7851028,-1.0,-2.0,-34.0
1776885916.7951028,0.0,0.0,-37.0
1776885916.8051028,0.0,0.0,-41.0
1776885916.8151028,-3.0,-2.0,-42.0
1776885916.8251028,-2.0,1.0,-34.0
1776885916.8351028,-3.0,0.0,-32.0
1776885916.8451028,-6.0,-3.0,-33.0
1776885916.8551028,-2.0,0.0,-37.0
1776885916.8651028,-2.0,-1.0,-46.0
1776885916.8751028,0.0,-4.0,-47.0
1776885916.8851027,3.0,-3.0,-47.0
1776885916.8951027,3.0,-4.0,-50.0
1776885916.9051027,3.0,-6.0,-44.0
1776885916.9151027,2.0,-5.0,-48.0
1776885916.9251027,-2.0,-1.0,-46.0
1776885916.9351027,2.0,-2.0,-49.0
1776885916.9451027,4.0,0.0,-44.0
1776885916.9551027,1.0,2.0,-50.0
1776885916.965103,0.0,2.0,-49.0
1776885916.975103,0.0,1.0,-46.0
1776885916.985103,3.0,-2.0,-44.0
1776885916.9951026,2.0,0.0,-49.0
1776885917.0051026,1.0,0.0,-53.0
1776885917.0151026,3.0,0.0,-51.0
1776885917.0251029,1.0,1.0,-45.0
1776885917.0351028,1.0,1.0,-44.0
1776885917.0451028,1.0,2.0,-37.0
1776885917.0551028,2.0,6.0,-45.0
1776885917.0651028,1.0,9.0,-41.0
1776885917.0751028,0.0,6.0,-41.0
1776885917.0851028,-2.0,6.0,-45.0
1776885917.0951028,-3.0,5.0,-40.0
1776885917.1051028,0.0,2.0,-38.0
1776885917.1151028,-1.0,0.0,-39.0
1776885917.1251028,-3.0,3.0,-43.0
1776885917.1351027,-3.0,0.0,-42.0
1776885917.1451027,0.0,-4.0,-52.0
1776885917.1551027,1.0,-1.0,-50.0
1776885917.1651027,-1.0,-4.0,-51.0
1776885917.1751027,-4.0,-6.0,-49.0
1776885917.1851027,-4.0,-7.0,-44.0
1776885917.1951027,-6.0,-9.0,-41.0
1776885917.2051027,-2.0,-9.0,-42.0
1776885917.215103,-2.0,-7.0,-36.0
1776885917.225103,0.0,-7.0,-34.0
1776885917.235103,1.0,-9.0,-37.0
1776885917.2451026,0.0,-6.0,-32.0
1776885917.2561028,2.0,-6.0,-35.0
1776885917.2651026,1.0,-4.0,-44.0
1776885917.2761028,4.0,-4.0,-46.0
1776885917.2861028,2.0,-3.0,-41.0
1776885917.2961028,2.0,-1.0,-42.0
1776885917.3061028,3.0,2.0,-47.0
1776885917.3161027,4.0,2.0,-44.0
1776885917.3261027,1.0,2.0,-36.0
1776885917.3361027,1.0,2.0,-37.0
1776885917.3461027,0.0,0.0,-43.0
1776885917.3561027,-2.0,-5.0,-45.0
1776885917.3661027,-2.0,-4.0,-42.0
1776885917.3761027,-2.0,-4.0,-46.0
1776885917.386103,-7.0,-5.0,-53.0
1776885917.396103,-9.0,-3.0,-54.0
1776885917.406103,-9.0,-4.0,-51.0
1776885917.4161026,-10.0,-5.0,-40.0
1776885917.4261026,-11.0,-1.0,-32.0
1776885917.4361026,-13.0,-2.0,-31.0
1776885917.4461029,-10.0,-1.0,-37.0
1776885917.4561028,-6.0,-2.0,-46.0
1776885917.4661028,0.0,-3.0,-48.0
1776885917.4761028,-3.0,-2.0,-50.0
1776885917.4861028,-1.0,0.0,-52.0
1776885917.4961028,0.0,0.0,-55.0
1776885917.5061028,1.0,-1.0,-50.0
1776885917.5161028,1.0,-1.0,-46.0
1776885917.5261028,0.0,-4.0,-44.0
1776885917.5361028,-1.0,-6.0,-39.0
1776885917.5461028,0.0,-6.0,-39.0
1776885917.5561028,4.0,-7.0,-36.0
1776885917.5661027,3.0,-12.0,-35.0
1776885917.5761027,0.0,-8.0,-34.0
1776885917.5861027,3.0,-4.0,-32.0
1776885917.5961027,1.0,0.0,-31.0
1776885917.6061027,3.0,-3.0,-31.0
1776885917.6161027,0.0,-5.0,-27.0
1776885917.6261027,-2.0,-4.0,-38.0
1776885917.636103,-1.0,-3.0,-42.0
1776885917.646103,1.0,-3.0,-44.0
1776885917.656103,-1.0,-4.0,-37.0
1776885917.6661026,1.0,-4.0,-36.0
1776885917.6761026,4.0,0.0,-34.0
1776885917.6861026,7.0,1.0,-33.0
1776885917.6961029,3.0,0.0,-36.0
1776885917.7061028,0.0,0.0,-31.0
1776885917.7161028,0.0,0.0,-34.0
1776885917.7261028,2.0,0.0,-39.0
1776885917.7361028,0.0,-3.0,-47.0
1776885917.7461028,-3.0,-6.0,-42.0
1776885917.7561028,-7.0,-9.0,-38.0
1776885917.7661028,-6.0,-7.0,-43.0
1776885917.7761028,-5.0,-4.0,-38.0
1776885917.7861028,-5.0,-3.0,-41.0
1776885917.7961028,-1.0,-5.0,-36.0
1776885917.8061028,0.0,-7.0,-36.0
1776885917.8161027,0.0,-7.0,-39.0
1776885917.8261027,-1.0,-2.0,-42.0
1776885917.8361027,0.0,-3.0,-45.0
1776885917.8461027,1.0,-2.0,-42.0
1776885917.8561027,2.0,-2.0,-41.0
1776885917.8661027,0.0,0.0,-35.0
1776885917.8761027,2.0,1.0,-42.0
1776885917.886103,0.0,3.0,-42.0
1776885917.896103,1.0,3.0,-36.0
1776885917.906103,1.0,1.0,-39.0
1776885917.9161026,-2.0,-3.0,-48.0
1776885917.9261026,-3.0,-3.0,-42.0
1776885917.9361026,-1.0,-2.0,-36.0
1776885917.9461029,-3.0,-4.0,-32.0
1776885917.9561028,0.0,-3.0,-32.0
1776885917.9661028,-1.0,-4.0,-33.0
1776885917.9761028,-7.0,0.0,-38.0
1776885917.9861028,-4.0,-1.0,-38.0
1776885917.9961028,-3.0,-2.0,-37.0
1776885918.0061028,-6.0,-2.0,-37.0
1776885918.0161028,0.0,-5.0,-40.0
1776885918.0261028,0.0,-2.0,-40.0
1776885918.0361028,0.0,-4.0,-32.0
1776885918.0461028,-2.0,-9.0,-37.0
1776885918.0561028,1.0,-8.0,-33.0
1776885918.0661027,4.0,-9.0,-30.0
1776885918.0761027,6.0,-5.0,-30.0
1776885918.0861027,5.0,-1.0,-33.0
1776885918.0961027,5.0,-2.0,-38.0
1776885918.1061027,5.0,0.0,-42.0
1776885918.1161027,9.0,2.0,-36.0
1776885918.1261027,6.0,2.0,-37.0
1776885918.136103,3.0,3.0,-41.0
1776885918.146103,1.0,2.0,-36.0
1776885918.156103,-3.0,1.0,-36.0
1776885918.1661026,-7.0,-3.0,-34.0
1776885918.1761026,-5.0,-6.0,-34.0
1776885918.1861026,-2.0,-4.0,-41.0
1776885918.1961029,0.0,-1.0,-46.0
1776885918.2061028,1.0,-2.0,-50.0
1776885918.2161028,1.0,-3.0,-48.0
1776885918.2261028,0.0,-3.0,-44.0
1776885918.2361028,2.0,-2.0,-42.0
1776885918.2461028,-2.0,-1.0,-38.0
1776885918.2561028,-3.0,-4.0,-44.0
1776885918.2661028,-1.0,-4.0,-43.0
1776885918.2761028,-4.0,-1.0,-41.0
1776885918.2861028,-5.0,-2.0,-44.0
1776885918.2961028,-3.0,-8.0,-42.0
1776885918.3061028,0.0,-8.0,-40.0
1776885918.3161027,0.0,-4.0,-43.0
1776885918.3261027,0.0,-2.0,-45.0
1776885918.3361027,3.0,-3.0,-45.0
1776885918.3461027,2.0,-2.0,-39.0
1776885918.3561027,4.0,-2.0,-37.0
1776885918.3661027,4.0,-1.0,-36.0
1776885918.3761027,2.0,-4.0,-37.0
1776885918.386103,0.0,-3.0,-36.0
1776885918.396103,4.0,-5.0,-33.0
1776885918.406103,1.0,-5.0,-26.0
1776885918.4161026,3.0,0.0,-29.0
1776885918.4261026,0.0,-2.0,-36.0
1776885918.4361026,5.0,-3.0,-36.0
1776885918.4461029,3.0,-4.0,-37.0
1776885918.4561028,1.0,-5.0,-42.0
1776885918.4661028,3.0,-5.0,-37.0
1776885918.4761028,1.0,1.0,-39.0
1776885918.4861028,1.0,0.0,-38.0
1776885918.4961028,7.0,-5.0,-39.0
1776885918.5061028,4.0,-3.0,-45.0
1776885918.5161028,8.0,-3.0,-44.0
1776885918.5261028,9.0,-2.0,-43.0
1776885918.5361028,9.0,1.0,-41.0
1776885918.5461028,4.0,-1.0,-40.0
1776885918.5561028,8.0,-4.0,-42.0
1776885918.5661027,10.0,-2.0,-35.0
1776885918.5761027,10.0,-4.0,-33.0
1776885918.5861027,12.0,-3.0,-37.0
1776885918.5961027,9.0,-4.0,-42.0
1776885918.6061027,4.0,0.0,-38.0
1776885918.6161027,4.0,-1.0,-31.0
1776885918.6261027,1.0,0.0,-38.0
1776885918.636103,4.0,2.0,-39.0
1776885918.646103,10.0,3.0,-40.0
1776885918.656103,11.0,-3.0,-35.0
1776885918.6661026,3.0,-5.0,-44.0
1776885918.6761026,4.0,-1.0,-45.0
1776885918.6861026,5.0,1.0,-44.0
1776885918.6961029,-1.0,-1.0,-43.0
1776885918.7061028,-3.0,0.0,-49.0
1776885918.7161028,-3.0,-4.0,-48.0
1776885918.7261028,-5.0,-3.0,-43.0
1776885918.7361028,-8.0,-2.0,-36.0
1776885918.7461028,-11.0,2.0,-36.0
1776885918.7561028,-10.0,1.0,-38.0
1776885918.7661028,-4.0,0.0,-45.0
1776885918.7761028,-4.0,0.0,-44.0
1776885918.7861028,-6.0,0.0,-50.0
1776885918.7961028,-1.0,-1.0,-48.0
1776885918.8061028,0.0,-1.0,-43.0
1776885918.8161027,-4.0,-8.0,-46.0
1776885918.8261027,-5.0,-6.0,-47.0
1776885918.8361027,-4.0,-5.0,-45.0
1776885918.8461027,-2.0,-5.0,-42.0
1776885918.8561027,0.0,-3.0,-37.0
1776885918.8661027,-3.0,0.0,-34.0
1776885918.8761027,-5.0,-1.0,-36.0
1776885918.886103,-2.0,-1.0,-39.0
1776885918.896103,-4.0,-1.0,-53.0
1776885918.906103,-4.0,1.0,-52.0
1776885918.9161026,-4.0,4.0,-55.0
1776885918.9261026,-2.0,6.0,-46.0
1776885918.9361026,-1.0,1.0,-41.0
1776885918.9461029,-1.0,-1.0,-40.0
1776885918.9561028,1.0,-7.0,-35.0
1776885918.9661028,5.0,-10.0,-36.0
1776885918.9761028,5.0,-8.0,-37.0
1776885918.9861028,2.0,-8.0,-41.0
1776885918.9961028,2.0,-5.0,-42.0
1776885919.0061028,0.0,-4.0,-42.0
1776885919.0161028,-3.0,-1.0,-46.0
1776885919.0261028,-4.0,-1.0,-41.0
1776885919.0361028,-6.0,-5.0,-36.0
1776885919.0461028,-8.0,-5.0,-36.0
1776885919.0561028,-4.0,-5.0,-40.0
1776885919.0661027,-7.0,-2.0,-43.0
1776885919.0761027,-9.0,-2.0,-39.0
1776885919.0861027,-7.0,-2.0,-38.0
1776885919.0961027,-3.0,-4.0,-35.0
1776885919.1061027,-2.0,-4.0,-43.0
1776885919.1161027,0.0,-9.0,-45.0
1776885919.1261027,-1.0,-9.0,-43.0
1776885919.136103,6.0,-6.0,-41.0
1776885919.146103,6.0,-4.0,-38.0
1776885919.156103,3.0,-1.0,-45.0
1776885919.1661026,0.0,-4.0,-37.0
1776885919.1761026,3.0,-2.0,-36.0
1776885919.1861026,5.0,-3.0,-30.0
1776885919.1961029,1.0,-3.0,-31.0
1776885919.2061028,0.0,0.0,-18.0
1776885919.2161028,0.0,0.0,-25.0
1776885919.2261028,0.0,1.0,-30.0
1776885919.2361028,4.0,0.0,-35.0
1776885919.2461028,4.0,1.0,-35.0
1776885919.2561028,4.0,0.0,-31.0
1776885919.2671027,2.0,4.0,-38.0
1776885919.2771027,2.0,2.0,-42.0
1776885919.2871027,0.0,-2.0,-40.0
1776885919.2971027,2.0,-2.0,-40.0
1776885919.307103,2.0,-5.0,-37.0
1776885919.317103,3.0,-4.0,-39.0
1776885919.327103,5.0,-1.0,-39.0
1776885919.337103,6.0,-4.0,-40.0
1776885919.3471026,7.0,-4.0,-42.0
1776885919.3571026,7.0,-4.0,-39.0
1776885919.3671026,8.0,-6.0,-37.0
1776885919.3771029,6.0,-6.0,-42.0
1776885919.3871028,4.0,-8.0,-49.0
1776885919.3971028,3.0,-9.0,-50.0
1776885919.4071028,4.0,-10.0,-44.0
1776885919.4171028,3.0,-7.0,-42.0
1776885919.4271028,3.0,-2.0,-44.0
1776885919.4371028,-1.0,-4.0,-43.0
1776885919.4471028,-1.0,-3.0,-42.0
1776885919.4571028,-2.0,-1.0,-38.0
1776885919.4671028,0.0,-2.0,-38.0
1776885919.4771028,0.0,-1.0,-42.0
1776885919.4871027,-1.0,-3.0,-34.0
1776885919.4971027,3.0,-4.0,-41.0
1776885919.5071027,6.0,-2.0,-41.0
1776885919.5171027,11.0,0.0,-45.0
1776885919.5271027,7.0,2.0,-46.0
1776885919.5371027,8.0,1.0,-49.0
1776885919.5471027,4.0,0.0,-48.0
1776885919.557103,1.0,0.0,-48.0
1776885919.567103,-2.0,-3.0,-45.0
1776885919.577103,-2.0,-1.0,-39.0
1776885919.587103,-1.0,0.0,-48.0
1776885919.5971026,1.0,2.0,-50.0
1776885919.6071026,0.0,0.0,-44.0
1776885919.6171026,-4.0,0.0,-46.0
1776885919.6271029,-2.0,-5.0,-45.0
1776885919.6371028,-3.0,-6.0,-46.0
1776885919.6471028,-4.0,-5.0,-42.0
1776885919.6571028,-3.0,-7.0,-33.0
1776885919.6671028,-5.0,-7.0,-38.0
1776885919.6771028,-4.0,-3.0,-39.0
1776885919.6871028,-4.0,-1.0,-37.0
1776885919.6971028,-5.0,-1.0,-35.0
1776885919.7071028,0.0,0.0,-30.0
1776885919.7171028,1.0,0.0,-34.0
1776885919.7271028,1.0,0.0,-37.0
1776885919.7371027,4.0,0.0,-37.0
1776885919.7471027,4.0,-5.0,-35.0
1776885919.7571027,2.0,-7.0,-33.0
1776885919.7671027,2.0,-9.0,-38.0
1776885919.7771027,2.0,-7.0,-41.0
1776885919.7871027,-2.0,-7.0,-42.0
1776885919.7971027,-1.0,-2.0,-41.0
1776885919.807103,0.0,-5.0,-42.0
1776885919.817103,0.0,-4.0,-37.0
1776885919.827103,-3.0,-4.0,-40.0
1776885919.837103,-6.0,-5.0,-47.0
1776885919.8471026,-8.0,-6.0,-44.0
1776885919.8571026,-4.0,-3.0,-39.0
1776885919.8671026,0.0,0.0,-31.0
1776885919.8771029,-3.0,1.0,-34.0
1776885919.8871028,3.0,2.0,-38.0
1776885919.8971028,0.0,-3.0,-39.0
1776885919.9071028,-7.0,-1.0,-40.0
1776885919.9171028,-9.0,3.0,-35.0
1776885919.9271028,-7.0,4.0,-36.0
1776885919.9371028,0.0,0.0,-39.0
1776885919.9471028,3.0,-1.0,-49.0
1776885919.9571028,3.0,0.0,-50.0
1776885919.9671028,3.0,1.0,-49.0
1776885919.9771028,0.0,0.0,-45.0
1776885919.9871027,-5.0,0.0,-39.0
1776885919.9971027,-5.0,-3.0,-35.0
1776885920.0071027,-4.0,0.0,-36.0
1776885920.0171027,-2.0,3.0,-40.0
1776885920.0271027,-9.0,4.0,-37.0
1776885920.0371027,-7.0,2.0,-35.0
1776885920.0471027,-4.0,0.0,-30.0
1776885920.057103,4.0,-3.0,-34.0
1776885920.067103,4.0,1.0,-35.0
1776885920.077103,2.0,0.0,-31.0
1776885920.087103,1.0,2.0,-32.0
1776885920.0971026,0.0,4.0,-32.0
1776885920.1071026,0.0,0.0,-32.0
1776885920.1171026,-1.0,-2.0,-24.0
1776885920.1271029,-3.0,-3.0,-22.0
1776885920.1371028,0.0,-5.0,-27.0
1776885920.1471028,-1.0,-2.0,-34.0
1776885920.1571028,-7.0,0.0,-40.0
1776885920.1671028,-1.0,0.0,-43.0
1776885920.1771028,-5.0,-1.0,-39.0
1776885920.1871028,-3.0,-4.0,-33.0
1776885920.1971028,0.0,-7.0,-35.0
1776885920.2071028,0.0,-8.0,-39.0
1776885920.2171028,0.0,-4.0,-41.0
1776885920.2271028,0.0,-4.0,-41.0
1776885920.2371027,1.0,0.0,-47.0
1776885920.2471027,0.0,-1.0,-50.0
1776885920.2571027,0.0,-5.0,-47.0
1776885920.2671027,0.0,-7.0,-44.0
1776885920.2771027,-2.0,-8.0,-41.0
1776885920.2871027,-4.0,-10.0,-38.0
1776885920.2971027,-6.0,-13.0,-41.0
1776885920.307103,-2.0,-12.0,-47.0
1776885920.317103,-1.0,-6.0,-47.0
1776885920.327103,0.0,-4.0,-38.0
1776885920.337103,3.0,-6.0,-30.0
1776885920.3471026,1.0,-2.0,-32.0
1776885920.3571026,-1.0,-2.0,-40.0
1776885920.3671026,0.0,-4.0,-43.0
1776885920.3771029,0.0,-7.0,-48.0
1776885920.3871028,0.0,-6.0,-45.0
1776885920.3971028,-1.0,-8.0,-36.0
1776885920.4071028,0.0,-3.0,-40.0
1776885920.4171028,-2.0,-3.0,-44.0
1776885920.4271028,-1.0,-8.0,-44.0
1776885920.4371028,4.0,-2.0,-50.0
1776885920.4471028,6.0,-3.0,-50.0
1776885920.4571028,7.0,-4.0,-47.0
1776885920.4671028,7.0,-5.0,-38.0
1776885920.4771028,6.0,-7.0,-34.0
1776885920.4871027,5.0,-7.0,-35.0
1776885920.4971027,4.0,-8.0,-32.0
1776885920.5071027,6.0,-5.0,-28.0
1776885920.5171027,-2.0,-11.0,-32.0
1776885920.5271027,-1.0,-11.0,-35.0
1776885920.5371027,-4.0,-11.0,-39.0
1776885920.5471027,-5.0,-8.0,-34.0
1776885920.557103,-2.0,-9.0,-33.0
1776885920.567103,-3.0,-8.0,-37.0
1776885920.577103,0.0,-8.0,-44.0
1776885920.587103,4.0,-5.0,-40.0
1776885920.5971026,3.0,-4.0,-38.0
1776885920.6071026,0.0,0.0,-40.0
1776885920.6171026,1.0,-5.0,-43.0
1776885920.6271029,1.0,-1.0,-44.0
1776885920.6371028,7.0,-1.0,-43.0
1776885920.6471028,3.0,-1.0,-41.0
1776885920.6571028,5.0,-1.0,-41.0
1776885920.6671028,3.0,-2.0,-34.0
1776885920.6771028,1.0,0.0,-37.0
1776885920.6871028,2.0,3.0,-45.0
1776885920.6971028,1.0,3.0,-47.0
1776885920.7071028,-2.0,1.0,-46.0
1776885920.7171028,-1.0,-1.0,-40.0
1776885920.7271028,-5.0,-1.0,-42.0
1776885920.7371027,-3.0,-3.0,-38.0
1776885920.7471027,-1.0,0.0,-39.0
1776885920.7571027,0.0,0.0,-42.0
1776885920.7671027,-3.0,0.0,-44.0
1776885920.7771027,2.0,-1.0,-44.0
1776885920.7871027,4.0,0.0,-47.0
1776885920.7971027,3.0,3.0,-47.0
1776885920.807103,7.0,2.0,-55.0
1776885920.817103,5.0,0.0,-53.0
1776885920.827103,3.0,1.0,-49.0
1776885920.837103,0.0,0.0,-42.0
1776885920.8471026,2.0,2.0,-47.0
1776885920.8571026,3.0,0.0,-48.0
1776885920.8671026,2.0,-4.0,-48.0
1776885920.8771029,-1.0,-6.0,-56.0
1776885920.8871028,-2.0,-5.0,-56.0
1776885920.8971028,1.0,-8.0,-53.0
1776885920.9071028,0.0,-8.0,-45.0
1776885920.9171028,0.0,-12.0,-44.0
1776885920.9271028,0.0,-8.0,-48.0
1776885920.9371028,-1.0,-8.0,-41.0
1776885920.9471028,-9.0,-7.0,-37.0
1776885920.9571028,-5.0,-2.0,-32.0
1776885920.9671028,1.0,0.0,-29.0
1776885920.9771028,1.0,0.0,-31.0
1776885920.9871027,1.0,-2.0,-35.0
1776885920.9971027,1.0,1.0,-42.0
1776885921.0071027,1.0,1.0,-46.0
1776885921.0171027,2.0,0.0,-42.0
1776885921.0271027,0.0,1.0,-38.0
1776885921.0371027,-1.0,0.0,-36.0
1776885921.0471027,-3.0,-5.0,-35.0
1776885921.057103,-4.0,-5.0,-37.0
1776885921.067103,-3.0,-5.0,-40.0
1776885921.077103,-2.0,-2.0,-39.0
1776885921.087103,-2.0,-1.0,-37.0
1776885921.0971026,-1.0,-4.0,-41.0
1776885921.1071026,2.0,-2.0,-37.0
1776885921.1171026,8.0,-3.0,-40.0
1776885921.1271029,6.0,-5.0,-44.0
1776885921.1371028,5.0,0.0,-43.0
1776885921.1471028,0.0,0.0,-36.0
1776885921.1571028,1.0,-3.0,-40.0
1776885921.1671028,2.0,-5.0,-38.0
1776885921.1771028,1.0,-4.0,-36.0
1776885921.1871028,0.0,0.0,-37.0
1776885921.1971028,0.0,2.0,-42.0
1776885921.2071028,-1.0,0.0,-46.0
1776885921.2181027,0.0,-4.0,-44.0
1776885921.2271028,0.0,-3.0,-43.0
1776885921.2371027,-2.0,0.0,-42.0
1776885921.2471027,-3.0,0.0,-42.0
1776885921.258103,1.0,-2.0,-39.0
1776885921.2681026,4.0,-2.0,-41.0
1776885921.2781026,3.0,-2.0,-44.0
1776885921.2881026,-1.0,-3.0,-47.0
1776885921.2981029,-1.0,-8.0,-46.0
1776885921.3081028,0.0,-6.0,-47.0
1776885921.3181028,0.0,-2.0,-40.0
1776885921.3281028,-1.0,3.0,-32.0
1776885921.3381028,1.0,0.0,-30.0
1776885921.3481028,1.0,-1.0,-37.0
1776885921.3581028,6.0,-1.0,-42.0
1776885921.3681028,7.0,-1.0,-48.0
1776885921.3781028,7.0,-2.0,-50.0
1776885921.3881028,6.0,0.0,-54.0
1776885921.3981028,4.0,1.0,-49.0
1776885921.4081028,10.0,0.0,-46.0
1776885921.4181027,7.0,1.0,-46.0
1776885921.4281027,2.0,0.0,-51.0
1776885921.4381027,0.0,-4.0,-49.0
1776885921.4481027,-1.0,-2.0,-45.0
1776885921.4581027,0.0,-3.0,-45.0
1776885921.4681027,0.0,-2.0,-42.0
1776885921.4781027,2.0,-4.0,-43.0
1776885921.488103,1.0,-2.0,-43.0
1776885921.498103,4.0,-3.0,-41.0
1776885921.508103,5.0,-1.0,-37.0
1776885921.5181026,1.0,3.0,-36.0
1776885921.5281026,-1.0,2.0,-40.0
1776885921.5381026,1.0,2.0,-45.0
1776885921.5481029,0.0,4.0,-41.0
1776885921.5581028,0.0,3.0,-35.0
1776885921.5681028,2.0,1.0,-31.0
1776885921.5781028,3.0,2.0,-32.0
1776885921.5881028,8.0,3.0,-31.0
1776885921.5981028,6.0,4.0,-32.0
1776885921.6081028,9.0,3.0,-31.0
1776885921.6181028,9.0,-2.0,-33.0
1776885921.6281028,9.0,-3.0,-36.0
1776885921.6381028,8.0,0.0,-42.0
1776885921.6481028,4.0,1.0,-34.0
1776885921.6581028,2.0,1.0,-38.0
1776885921.6681027,4.0,1.0,-41.0
1776885921.6781027,6.0,-4.0,-46.0
1776885921.6881027,5.0,-5.0,-42.0
1776885921.6981027,6.0,-3.0,-43.0
1776885921.7081027,1.0,0.0,-44.0
1776885921.7181027,-2.0,-5.0,-38.0
1776885921.7281027,-2.0,-2.0,-37.0
1776885921.738103,-5.0,0.0,-42.0
1776885921.748103,0.0,3.0,-42.0
1776885921.758103,4.0,-3.0,-45.0
1776885921.7681026,6.0,-5.0,-47.0
1776885921.7781026,4.0,-4.0,-46.0
1776885921.7881026,9.0,-4.0,-43.0
1776885921.7981029,5.0,-4.0,-45.0
1776885921.8081028,4.0,-5.0,-46.0
1776885921.8181028,7.0,-2.0,-51.0
1776885921.8281028,3.0,-5.0,-54.0
1776885921.8381028,0.0,-3.0,-55.0
1776885921.8481028,0.0,-5.0,-49.0
1776885921.8581028,-3.0,-3.0,-43.0
1776885921.8681028,-3.0,-5.0,-43.0
1776885921.8781028,-1.0,-6.0,-39.0
1776885921.8881028,-5.0,-4.0,-36.0
1776885921.8981028,0.0,-4.0,-37.0
1776885921.9081028,-1.0,-1.0,-34.0
1776885921.9181027,-2.0,-3.0,-35.0
1776885921.9281027,0.0,-5.0,-40.0
1776885921.9381027,0.0,-2.0,-47.0
1776885921.9481027,-2.0,0.0,-49.0
1776885921.9581027,-2.0,-4.0,-41.0
1776885921.9681027,1.0,-6.0,-38.0
1776885921.9781027,0.0,-3.0,-41.0
1776885921.988103,0.0,-4.0,-41.0
1776885921.998103,4.0,-2.0,-41.0
1776885922.008103,-2.0,-3.0,-46.0
1776885922.0181026,-2.0,-1.0,-50.0
1776885922.0281026,0.0,-2.0,-46.0
1776885922.0381026,5.0,-4.0,-46.0
1776885922.0481029,6.0,-2.0,-44.0
1776885922.0581028,5.0,-1.0,-48.0
1776885922.0681028,0.0,0.0,-47.0
1776885922.0781028,-2.0,0.0,-45.0
1776885922.0881028,0.0,-4.0,-46.0
1776885922.0981028,1.0,-7.0,-39.0
1776885922.1081028,2.0,-5.0,-44.0
1776885922.1181028,3.0,-6.0,-47.0
1776885922.1281028,1.0,-6.0,-44.0
1776885922.1381028,3.0,-7.0,-42.0
1776885922.1481028,0.0,-6.0,-42.0
1776885922.1581028,0.0,-8.0,-44.0
1776885922.1681027,3.0,-10.0,-46.0
1776885922.1781027,6.0,-9.0,-41.0
1776885922.1881027,0.0,-6.0,-42.0
1776885922.1981027,-2.0,-5.0,-44.0
1776885922.2081027,-4.0,-4.0,-43.0
1776885922.2181027,-7.0,-3.0,-47.0
1776885922.2281027,-10.0,-3.0,-53.0
1776885922.238103,-5.0,-4.0,-56.0
1776885922.248103,2.0,-12.0,-56.0
1776885922.258103,4.0,-13.0,-48.0
1776885922.2681026,2.0,-14.0,-44.0
1776885922.2781026,2.0,-10.0,-51.0
1776885922.2881026,4.0,-10.0,-50.0
1776885922.2981029,6.0,-5.0,-46.0
1776885922.3081028,5.0,1.0,-42.0
1776885922.3181028,5.0,0.0,-45.0
1776885922.3281028,0.0,-2.0,-37.0
1776885922.3381028,2.0,-3.0,-38.0
1776885922.3481028,-5.0,0.0,-36.0
1776885922.3581028,-1.0,-2.0,-34.0
1776885922.3681028,3.0,-5.0,-40.0
1776885922.3781028,1.0,-5.0,-44.0
1776885922.3881028,5.0,-2.0,-48.0
1776885922.3981028,0.0,-7.0,-50.0
1776885922.4081028,0.0,-7.0,-50.0
1776885922.4181027,0.0,-7.0,-49.0
1776885922.4281027,-1.0,-8.0,-53.0
1776885922.4381027,-2.0,-7.0,-54.0
1776885922.4481027,-9.0,-8.0,-52.0
1776885922.4581027,-2.0,-8.0,-46.0
1776885922.4681027,1.0,-13.0,-43.0
1776885922.4781027,3.0,-11.0,-36.0
1776885922.488103,3.0,-7.0,-28.0
1776885922.498103,6.0,-5.0,-33.0
1776885922.508103,5.0,-5.0,-52.0
1776885922.5181026,4.0,-6.0,-52.0
1776885922.5281026,0.0,-6.0,-44.0
1776885922.5381026,-1.0,1.0,-46.0
1776885922.5481029,-3.0,2.0,-40.0
1776885922.5581028,-12.0,1.0,-37.0
1776885922.5681028,-10.0,6.0,-35.0
1776885922.5781028,-7.0,5.0,-41.0
1776885922.5881028,-3.0,3.0,-41.0
1776885922.5981028,-4.0,4.0,-38.0
1776885922.6081028,0.0,0.0,-36.0
1776885922.6181028,-1.0,1.0,-42.0
1776885922.6281028,-5.0,-1.0,-45.0
1776885922.6381028,-5.0,-1.0,-47.0
1776885922.6481028,-3.0,-3.0,-39.0
1776885922.6581028,-3.0,-2.0,-38.0
1776885922.6681027,-6.0,-2.0,-43.0
1776885922.6781027,-9.0,0.0,-45.0
1776885922.6881027,-4.0,0.0,-49.0
1776885922.6981027,0.0,-1.0,-48.0
1776885922.7081027,5.0,1.0,-47.0
1776885922.7181027,8.0,2.0,-43.0
1776885922.7281027,7.0,1.0,-40.0
1776885922.738103,7.0,0.0,-41.0
1776885922.748103,4.0,2.0,-43.0
1776885922.758103,8.0,3.0,-36.0
1776885922.7681026,5.0,0.0,-40.0
1776885922.7781026,3.0,-3.0,-47.0
1776885922.7881026,4.0,-1.0,-47.0
1776885922.7981029,-2.0,-1.0,-45.0
1776885922.8081028,0.0,-1.0,-50.0
1776885922.8181028,0.0,-2.0,-47.0
1776885922.8281028,0.0,-2.0,-43.0
1776885922.8381028,0.0,0.0,-39.0
1776885922.8481028,-1.0,1.0,-40.0
1776885922.8581028,0.0,-3.0,-41.0
1776885922.8681028,4.0,0.0,-39.0
1776885922.8781028,5.0,0.0,-39.0
1776885922.8881028,8.0,-7.0,-46.0
1776885922.8981028,11.0,-7.0,-43.0
1776885922.9081028,10.0,-8.0,-47.0
1776885922.9181027,5.0,-2.0,-43.0
1776885922.9281027,7.0,-5.0,-43.0
1776885922.9381027,7.0,-9.0,-48.0
1776885922.9481027,5.0,-10.0,-47.0
1776885922.9581027,5.0,-8.0,-46.0
1776885922.9681027,4.0,-3.0,-44.0
1776885922.9781027,4.0,1.0,-43.0
1776885922.988103,8.0,4.0,-35.0
1776885922.998103,1.0,1.0,-37.0
1776885923.008103,3.0,0.0,-33.0
1776885923.0181026,5.0,0.0,-38.0
1776885923.0281026,3.0,0.0,-35.0
1776885923.0381026,3.0,0.0,-40.0
1776885923.0481029,-2.0,2.0,-44.0
1776885923.0581028,0.0,5.0,-42.0
1776885923.0681028,-2.0,0.0,-45.0
1776885923.0781028,1.0,-1.0,-50.0
1776885923.0881028,-1.0,-3.0,-50.0
1776885923.0981028,1.0,-6.0,-51.0
1776885923.1081028,1.0,-7.0,-48.0
1776885923.1181028,1.0,-5.0,-51.0
1776885923.1281028,-2.0,-6.0,-54.0
1776885923.1381028,-1.0,-4.0,-53.0
1776885923.1481028,-3.0,-1.0,-54.0
1776885923.1581028,-2.0,0.0,-47.0
1776885923.1681027,-1.0,2.0,-44.0
1776885923.1781027,0.0,0.0,-42.0
1776885923.1881027,1.0,-6.0,-42.0
1776885923.1981027,8.0,-4.0,-44.0
1776885923.2081027,10.0,-4.0,-41.0
1776885923.2181027,6.0,-2.0,-44.0
1776885923.2281027,5.0,1.0,-44.0
1776885923.2391028,3.0,3.0,-44.0
1776885923.248103,6.0,-1.0,-45.0
1776885923.2591028,8.0,-3.0,-45.0
1776885923.2691028,8.0,-11.0,-43.0
1776885923.2791028,3.0,-8.0,-41.0
1776885923.2891028,-2.0,-10.0,-36.0
1776885923.2991028,2.0,-12.0,-35.0
1776885923.3091028,4.0,-8.0,-38.0
1776885923.3191028,-1.0,-5.0,-39.0
1776885923.3291028,2.0,-5.0,-34.0
1776885923.3391027,3.0,-5.0,-33.0
1776885923.3491027,0.0,-1.0,-40.0
1776885923.3591027,0.0,0.0,-42.0
1776885923.3691027,9.0,-3.0,-51.0
1776885923.3791027,11.0,-4.0,-52.0
1776885923.3891027,10.0,-6.0,-46.0
1776885923.3991027,8.0,-3.0,-43.0
1776885923.409103,8.0,-4.0,-44.0
1776885923.419103,6.0,-2.0,-37.0
1776885923.429103,4.0,-3.0,-32.0
1776885923.4391026,1.0,-5.0,-33.0
1776885923.4491026,1.0,-2.0,-26.0
1776885923.4591026,2.0,0.0,-35.0
1776885923.4691026,-2.0,0.0,-39.0
1776885923.4791028,0.0,1.0,-41.0
1776885923.4891028,0.0,-1.0,-41.0
1776885923.4991028,1.0,-2.0,-42.0
1776885923.5091028,3.0,-2.0,-40.0
1776885923.5191028,3.0,0.0,-37.0
1776885923.5291028,7.0,0.0,-41.0
1776885923.5391028,6.0,-1.0,-47.0
1776885923.5491028,5.0,0.0,-47.0
1776885923.5591028,4.0,0.0,-49.0
1776885923.5691028,5.0,2.0,-44.0
1776885923.5791028,6.0,2.0,-41.0
1776885923.5891027,2.0,0.0,-47.0
1776885923.5991027,4.0,2.0,-52.0
1776885923.6091027,3.0,2.0,-53.0
1776885923.6191027,-4.0,2.0,-49.0
1776885923.6291027,-1.0,0.0,-41.0
1776885923.6391027,-3.0,-7.0,-33.0
1776885923.6491027,-4.0,-8.0,-42.0
1776885923.659103,-4.0,-7.0,-47.0
1776885923.669103,0.0,-7.0,-48.0
1776885923.679103,-1.0,-9.0,-46.0
1776885923.6891026,-1.0,-8.0,-52.0
1776885923.6991026,-2.0,-6.0,-51.0
1776885923.7091026,-4.0,-6.0,-41.0
1776885923.7191026,-5.0,-9.0,-40.0
1776885923.7291028,-4.0,-12.0,-38.0
1776885923.7391028,-4.0,-8.0,-45.0
1776885923.7491028,0.0,-8.0,-41.0
1776885923.7591028,4.0,-9.0,-45.0
1776885923.7691028,0.0,-7.0,-41.0
1776885923.7791028,0.0,-7.0,-38.0
1776885923.7891028,1.0,-3.0,-48.0
1776885923.7991028,-1.0,-2.0,-46.0
1776885923.8091028,0.0,0.0,-38.0
1776885923.8191028,4.0,0.0,-44.0
1776885923.8291028,2.0,1.0,-44.0
1776885923.8391027,0.0,-1.0,-42.0
1776885923.8491027,-3.0,-4.0,-38.0
1776885923.8591027,-2.0,-3.0,-43.0
1776885923.8691027,-3.0,-6.0,-37.0
1776885923.8791027,1.0,-4.0,-40.0
1776885923.8891027,3.0,-1.0,-51.0
1776885923.8991027,3.0,-2.0,-45.0
1776885923.909103,1.0,0.0,-43.0
1776885923.919103,2.0,-1.0,-44.0
1776885923.929103,2.0,-2.0,-35.0
1776885923.9391026,1.0,2.0,-32.0
1776885923.9491026,0.0,2.0,-33.0
1776885923.9591026,-4.0,1.0,-38.0
1776885923.9691026,-7.0,0.0,-35.0
1776885923.9791028,-10.0,-2.0,-38.0
1776885923.9891028,-9.0,-2.0,-37.0
1776885923.9991028,-6.0,-6.0,-28.0
1776885924.0091028,-7.0,-8.0,-28.0
1776885924.0191028,-5.0,-1.0,-32.0
1776885924.0291028,-1.0,-6.0,-38.0
1776885924.0391028,-3.0,-4.0,-39.0
1776885924.0491028,-2.0,-3.0,-37.0
1776885924.0591028,-2.0,2.0,-44.0
1776885924.0691028,-3.0,3.0,-49.0
1776885924.0791028,-7.0,3.0,-47.0
1776885924.0891027,-4.0,4.0,-56.0
1776885924.0991027,-3.0,3.0,-53.0
1776885924.1091027,-5.0,2.0,-48.0
1776885924.1191027,-4.0,0.0,-48.0
1776885924.1291027,0.0,0.0,-45.0
1776885924.1391027,0.0,4.0,-42.0
1776885924.1491027,1.0,0.0,-48.0
1776885924.159103,3.0,-1.0,-50.0
1776885924.169103,0.0,2.0,-59.0
1776885924.179103,1.0,0.0,-60.0
1776885924.1891026,5.0,-1.0,-57.0
1776885924.1991026,3.0,0.0,-52.0
1776885924.2091026,9.0,-1.0,-52.0
1776885924.2191026,3.0,0.0,-49.0
1776885924.2291028,2.0,4.0,-52.0
1776885924.2391028,-1.0,2.0,-48.0
1776885924.2491028,-3.0,0.0,-46.0
1776885924.2591028,-3.0,-1.0,-36.0
1776885924.2691028,-1.0,-3.0,-33.0
1776885924.2791028,-5.0,-3.0,-27.0
1776885924.2891028,-3.0,-3.0,-29.0
1776885924.2991028,-3.0,0.0,-30.0
1776885924.3091028,-1.0,1.0,-37.0
1776885924.3191028,-2.0,0.0,-47.0
1776885924.3291028,2.0,-4.0,-47.0
1776885924.3391027,0.0,-5.0,-44.0
1776885924.3491027,-2.0,-5.0,-48.0
1776885924.3591027,1.0,-5.0,-47.0
1776885924.3691027,1.0,-2.0,-44.0
1776885924.3791027,-1.0,-3.0,-50.0
1776885924.3891027,0.0,-3.0,-49.0
1776885924.3991027,-4.0,-3.0,-52.0
1776885924.409103,-6.0,-3.0,-50.0
1776885924.419103,-1.0,-6.0,-43.0
1776885924.429103,1.0,-2.0,-41.0
1776885924.4391026,1.0,-3.0,-36.0
1776885924.4491026,1.0,-1.0,-34.0
1776885924.4591026,0.0,-1.0,-39.0
1776885924.4691026,0.0,1.0,-42.0
1776885924.4791028,-2.0,8.0,-41.0
1776885924.4891028,-2.0,8.0,-40.0
1776885924.4991028,0.0,2.0,-38.0
1776885924.5091028,0.0,-1.0,-38.0
1776885924.5191028,-4.0,-8.0,-37.0
1776885924.5291028,0.0,-5.0,-39.0
1776885924.5391028,-1.0,-1.0,-36.0
1776885924.5491028,-1.0,0.0,-39.0
1776885924.5591028,0.0,-2.0,-33.0
1776885924.5691028,1.0,-4.0,-36.0
1776885924.5791028,2.0,-6.0,-44.0
1776885924.5891027,5.0,-2.0,-45.0
1776885924.5991027,5.0,-3.0,-34.0
1776885924.6091027,4.0,-5.0,-39.0
1776885924.6191027,7.0,-3.0,-35.0
1776885924.6291027,7.0,-5.0,-35.0
1776885924.6391027,7.0,-1.0,-31.0
1776885924.6491027,5.0,-2.0,-33.0
1776885924.659103,3.0,0.0,-35.0
1776885924.669103,1.0,-2.0,-33.0
1776885924.679103,2.0,1.0,-39.0
1776885924.6891026,5.0,2.0,-39.0
1776885924.6991026,3.0,5.0,-32.0
1776885924.7091026,7.0,4.0,-30.0
1776885924.7191026,6.0,0.0,-29.0
1776885924.7291028,8.0,0.0,-32.0
1776885924.7391028,-2.0,1.0,-33.0
1776885924.7491028,-5.0,2.0,-38.0
1776885924.7591028,-10.0,3.0,-45.0
1776885924.7691028,-9.0,7.0,-43.0
1776885924.7791028,-2.0,5.0,-38.0
1776885924.7891028,3.0,4.0,-37.0
1776885924.7991028,1.0,3.0,-40.0
1776885924.8091028,0.0,2.0,-52.0
1776885924.8191028,0.0,1.0,-49.0
1776885924.8291028,0.0,-1.0,-50.0
1776885924.8391027,-1.0,-2.0,-46.0
1776885924.8491027,-1.0,-4.0,-43.0
1776885924.8591027,6.0,-4.0,-34.0
1776885924.8691027,9.0,-6.0,-36.0
1776885924.8791027,10.0,-6.0,-41.0
1776885924.8891027,7.0,-1.0,-43.0
1776885924.8991027,5.0,-1.0,-40.0
1776885924.909103,4.0,-5.0,-39.0
1776885924.919103,5.0,0.0,-35.0
1776885924.929103,5.0,1.0,-32.0
1776885924.9391026,6.0,0.0,-36.0
1776885924.9491026,7.0,-4.0,-41.0
1776885924.9591026,8.0,-6.0,-47.0
1776885924.9701028,5.0,-6.0,-52.0
1776885924.9791028,6.0,-8.0,-47.0
1776885924.9891028,6.0,-5.0,-39.0
1776885924.9991028,9.0,-6.0,-40.0
1776885925.0091028,9.0,-4.0,-47.0
1776885925.0191028,8.0,-2.0,-49.0
1776885925.0291028,4.0,-1.0,-49.0
1776885925.0391028,0.0,0.0,-45.0
1776885925.0491028,-2.0,0.0,-46.0
1776885925.0591028,-1.0,0.0,-53.0
1776885925.0691028,-4.0,1.0,-54.0
1776885925.0791028,0.0,0.0,-52.0
1776885925.0891027,3.0,-5.0,-47.0
1776885925.0991027,4.0,-4.0,-37.0
1776885925.1091027,7.0,-2.0,-39.0
1776885925.1191027,3.0,-2.0,-37.0
1776885925.1291027,3.0,-2.0,-41.0
1776885925.1391027,0.0,-5.0,-51.0
1776885925.1491027,-5.0,-4.0,-54.0
1776885925.159103,-11.0,-6.0,-54.0
1776885925.169103,-12.0,-3.0,-54.0
1776885925.179103,-11.0,0.0,-51.0
1776885925.1891026,-9.0,-3.0,-45.0
1776885925.1991026,-7.0,-4.0,-44.0
1776885925.2091026,-12.0,0.0,-40.0
1776885925.2201028,-8.0,1.0,-32.0
1776885925.2301028,-7.0,-2.0,-32.0
1776885925.2391028,-2.0,-3.0,-36.0
1776885925.2501028,-4.0,-9.0,-36.0
1776885925.2601027,-2.0,-8.0,-37.0
1776885925.2701027,-2.0,-8.0,-45.0
1776885925.2801027,0.0,-8.0,-45.0
1776885925.2901027,1.0,-9.0,-43.0
1776885925.3001027,5.0,-9.0,-39.0
1776885925.3101027,5.0,-6.0,-39.0
1776885925.3201027,5.0,-8.0,-40.0
1776885925.3301027,3.0,-8.0,-43.0
1776885925.340103,4.0,-7.0,-41.0
1776885925.350103,1.0,-6.0,-39.0
1776885925.360103,4.0,-9.0,-37.0
1776885925.3701026,5.0,-8.0,-39.0
1776885925.3801026,5.0,-10.0,-39.0
1776885925.3901026,5.0,-11.0,-41.0
1776885925.4001029,5.0,-9.0,-42.0
1776885925.4101028,5.0,-6.0,-40.0
1776885925.4201028,9.0,-3.0,-45.0
1776885925.4301028,11.0,-2.0,-44.0
1776885925.4401028,9.0,-2.0,-43.0
1776885925.4501028,8.0,-3.0,-40.0
1776885925.4601028,4.0,0.0,-38.0
1776885925.4701028,4.0,1.0,-39.0
1776885925.4801028,1.0,-3.0,-37.0
1776885925.4901028,2.0,-8.0,-37.0
1776885925.5001028,2.0,-6.0,-40.0
1776885925.5101027,2.0,-3.0,-39.0
1776885925.5201027,3.0,-3.0,-36.0
1776885925.5301027,3.0,-4.0,-30.0
1776885925.5401027,2.0,-3.0,-34.0
1776885925.5501027,1.0,-6.0,-41.0
1776885925.5601027,1.0,-7.0,-37.0
1776885925.5701027,1.0,-3.0,-37.0
1776885925.5801027,4.0,-1.0,-40.0
1776885925.590103,5.0,-4.0,-41.0
1776885925.600103,1.0,-4.0,-42.0
1776885925.610103,0.0,-7.0,-42.0
1776885925.6201026,1.0,-3.0,-36.0
1776885925.6301026,-1.0,-5.0,-36.0
1776885925.6401026,1.0,-4.0,-32.0
1776885925.6501029,3.0,-5.0,-30.0
1776885925.6601028,6.0,-2.0,-29.0
1776885925.6701028,9.0,-7.0,-36.0
1776885925.6801028,5.0,-8.0,-37.0
1776885925.6901028,3.0,-4.0,-35.0
1776885925.7001028,3.0,-2.0,-32.0
1776885925.7101028,4.0,-1.0,-36.0
1776885925.7201028,4.0,-1.0,-42.0
1776885925.7301028,4.0,0.0,-45.0
1776885925.7401028,4.0,2.0,-47.0
1776885925.7501028,5.0,0.0,-50.0
1776885925.7601027,5.0,-3.0,-58.0
1776885925.7701027,8.0,-3.0,-52.0
1776885925.7801027,9.0,-4.0,-47.0
1776885925.7901027,11.0,-2.0,-42.0
1776885925.8001027,10.0,0.0,-42.0
1776885925.8101027,8.0,-2.0,-42.0
1776885925.8201027,5.0,2.0,-42.0
1776885925.8301027,-2.0,3.0,-42.0
1776885925.840103,-7.0,4.0,-37.0
1776885925.850103,-7.0,5.0,-35.0
1776885925.860103,-2.0,4.0,-37.0
1776885925.8701026,0.0,4.0,-36.0
1776885925.8801026,-2.0,0.0,-40.0
1776885925.8901026,2.0,0.0,-39.0
1776885925.9001029,-2.0,0.0,-38.0
1776885925.9101028,-2.0,0.0,-33.0
1776885925.9201028,-3.0,2.0,-37.0
1776885925.9301028,0.0,2.0,-32.0
1776885925.9401028,0.0,5.0,-32.0
1776885925.9501028,2.0,6.0,-32.0
1776885925.9601028,4.0,7.0,-34.0
1776885925.9701028,5.0,4.0,-27.0
1776885925.9801028,-1.0,4.0,-33.0
1776885925.9901028,0.0,3.0,-30.0
1776885926.0001028,-2.0,7.0,-33.0
1776885926.0101027,0.0,6.0,-39.0
1776885926.0201027,2.0,8.0,-40.0
1776885926.0301027,2.0,7.0,-42.0
1776885926.0401027,0.0,5.0,-45.0
1776885926.0501027,-4.0,0.0,-42.0
1776885926.0601027,0.0,0.0,-42.0
1776885926.0701027,0.0,1.0,-41.0
1776885926.0801027,0.0,5.0,-42.0
1776885926.090103,2.0,3.0,-47.0
1776885926.100103,4.0,3.0,-44.0
1776885926.110103,4.0,5.0,-46.0
1776885926.1201026,0.0,4.0,-39.0
1776885926.1301026,1.0,4.0,-38.0
1776885926.1401026,2.0,4.0,-41.0
1776885926.1501029,2.0,1.0,-34.0
1776885926.1601028,-2.0,-5.0,-35.0
1776885926.1701028,-8.0,-6.0,-39.0
1776885926.1811028,-8.0,-4.0,-37.0
1776885926.1901028,-6.0,-5.0,-41.0
1776885926.2001028,-7.0,-4.0,-46.0
1776885926.2101028,-3.0,-5.0,-48.0
1776885926.2201028,0.0,-6.0,-50.0
1776885926.2301028,2.0,-5.0,-45.0
1776885926.2401028,1.0,-8.0,-37.0
1776885926.2501028,-1.0,0.0,-42.0
1776885926.2601027,-4.0,1.0,-44.0
1776885926.2701027,-9.0,4.0,-45.0
1776885926.2801027,-5.0,3.0,-46.0
1776885926.2901027,-4.0,1.0,-44.0
1776885926.3001027,-2.0,-1.0,-44.0
1776885926.3101027,-5.0,2.0,-42.0
1776885926.3201027,-3.0,2.0,-39.0
1776885926.3301027,-3.0,0.0,-43.0
1776885926.340103,-7.0,3.0,-49.0
1776885926.350103,-3.0,5.0,-46.0
1776885926.360103,0.0,3.0,-44.0
1776885926.3701026,-4.0,2.0,-48.0
1776885926.3801026,-4.0,4.0,-43.0
1776885926.3901026,-5.0,3.0,-43.0
1776885926.4001029,-3.0,-1.0,-36.0
1776885926.4101028,-5.0,0.0,-37.0
1776885926.4201028,-3.0,2.0,-38.0
1776885926.4301028,-3.0,5.0,-36.0
1776885926.4401028,0.0,1.0,-36.0
1776885926.4501028,0.0,-1.0,-34.0
1776885926.4601028,-3.0,-3.0,-36.0
1776885926.4701028,-1.0,-4.0,-31.0
1776885926.4801028,0.0,-6.0,-35.0
1776885926.4901028,5.0,-7.0,-34.0
1776885926.5001028,5.0,-8.0,-37.0
1776885926.5101027,3.0,-5.0,-39.0
1776885926.5201027,2.0,-7.0,-38.0
1776885926.5301027,3.0,-5.0,-36.0
1776885926.5401027,2.0,0.0,-38.0
1776885926.5501027,2.0,0.0,-38.0
1776885926.5601027,0.0,4.0,-35.0
1776885926.5701027,0.0,2.0,-33.0
1776885926.5801027,3.0,1.0,-36.0
1776885926.590103,7.0,3.0,-36.0
1776885926.600103,4.0,5.0,-41.0
1776885926.610103,6.0,0.0,-44.0
1776885926.6201026,5.0,0.0,-47.0
1776885926.6301026,3.0,-1.0,-46.0
1776885926.6401026,1.0,-1.0,-43.0
1776885926.6501029,-1.0,0.0,-45.0
1776885926.6601028,-2.0,-2.0,-46.0
1776885926.6701028,-3.0,-5.0,-41.0
1776885926.6801028,-2.0,-3.0,-38.0
1776885926.6901028,-3.0,0.0,-36.0
1776885926.7001028,0.0,1.0,-36.0
1776885926.7101028,0.0,0.0,-36.0
1776885926.7201028,2.0,-1.0,-35.0
1776885926.7301028,4.0,1.0,-37.0
1776885926.7401028,9.0,1.0,-35.0
1776885926.7501028,13.0,1.0,-42.0
1776885926.7601027,9.0,0.0,-42.0
1776885926.7701027,3.0,-1.0,-41.0
1776885926.7801027,2.0,0.0,-43.0
1776885926.7901027,4.0,0.0,-41.0
1776885926.8001027,4.0,-3.0,-46.0
1776885926.8101027,5.0,-3.0,-45.0
1776885926.8201027,-1.0,-3.0,-43.0
1776885926.8301027,1.0,-2.0,-43.0
1776885926.840103,-1.0,-1.0,-48.0
1776885926.850103,-3.0,-2.0,-52.0
1776885926.860103,3.0,-3.0,-49.0
1776885926.8701026,7.0,-4.0,-49.0
1776885926.8801026,6.0,-1.0,-51.0
1776885926.8901026,2.0,-4.0,-48.0
1776885926.9001029,3.0,-7.0,-45.0
1776885926.9101028,2.0,-10.0,-41.0
1776885926.9201028,5.0,-8.0,-36.0
1776885926.9301028,1.0,-7.0,-33.0
1776885926.9401028,0.0,-7.0,-34.0
1776885926.9501028,-1.0,0.0,-37.0
1776885926.9601028,0.0,2.0,-35.0
1776885926.9701028,-4.0,-3.0,-37.0
1776885926.9801028,-2.0,-2.0,-40.0
1776885926.9901028,-5.0,-6.0,-36.0
1776885927.0001028,-4.0,-6.0,-42.0
1776885927.0101027,-5.0,-3.0,-48.0
1776885927.0201027,-2.0,-6.0,-48.0
1776885927.0301027,0.0,-5.0,-43.0
1776885927.0401027,1.0,-4.0,-44.0
1776885927.0501027,0.0,-3.0,-43.0
1776885927.0601027,-5.0,-5.0,-43.0
1776885927.0701027,0.0,-3.0,-44.0
1776885927.0801027,-2.0,-2.0,-39.0
1776885927.090103,-3.0,-1.0,-43.0
1776885927.100103,-4.0,0.0,-46.0
1776885927.110103,-5.0,0.0,-51.0
1776885927.1201026,-4.0,3.0,-43.0
1776885927.1301026,0.0,3.0,-36.0
1776885927.1401026,-4.0,4.0,-38.0
1776885927.1501029,-3.0,5.0,-43.0
1776885927.1601028,-4.0,4.0,-49.0
1776885927.1701028,0.0,0.0,-59.0
1776885927.1801028,0.0,-2.0,-62.0
1776885927.1901028,-1.0,-1.0,-51.0
1776885927.2001028,0.0,-2.0,-51.0
1776885927.2111027,4.0,-2.0,-48.0
1776885927.2211027,3.0,-3.0,-49.0
1776885927.2311027,0.0,-3.0,-42.0
1776885927.2401028,0.0,-7.0,-37.0
1776885927.2511027,-1.0,-6.0,-40.0
1776885927.261103,-6.0,-5.0,-38.0
1776885927.271103,-3.0,-2.0,-39.0
1776885927.281103,-6.0,-1.0,-36.0
1776885927.2911026,-5.0,-3.0,-34.0
1776885927.3011026,-4.0,-3.0,-34.0
1776885927.3111026,-3.0,2.0,-36.0
1776885927.3211029,-4.0,0.0,-32.0
1776885927.3311028,0.0,3.0,-34.0
1776885927.3411028,0.0,0.0,-31.0
1776885927.3511028,-5.0,0.0,-34.0
1776885927.3611028,-4.0,-2.0,-32.0
1776885927.3711028,-4.0,-5.0,-33.0
1776885927.3811028,-10.0,-1.0,-38.0
1776885927.3911028,-9.0,-1.0,-34.0
1776885927.4011028,-5.0,0.0,-41.0
1776885927.4111028,-4.0,1.0,-40.0
1776885927.4211028,0.0,0.0,-37.0
1776885927.4311028,0.0,0.0,-41.0
1776885927.4411027,-7.0,0.0,-44.0
1776885927.4511027,-4.0,0.0,-36.0
1776885927.4611027,-2.0,0.0,-39.0
1776885927.4711027,0.0,2.0,-34.0
1776885927.4811027,-2.0,4.0,-33.0
1776885927.4911027,-2.0,1.0,-37.0
1776885927.5011027,-5.0,0.0,-46.0
1776885927.511103,-8.0,-1.0,-45.0
1776885927.521103,0.0,0.0,-40.0
1776885927.531103,5.0,0.0,-41.0
1776885927.5411026,10.0,-1.0,-38.0
1776885927.5511026,9.0,-5.0,-41.0
1776885927.5611026,9.0,-2.0,-38.0
1776885927.5711029,7.0,0.0,-36.0
1776885927.5811028,6.0,-2.0,-38.0
1776885927.5911028,4.0,-2.0,-38.0
1776885927.6011028,5.0,-3.0,-36.0
1776885927.6111028,7.0,-3.0,-34.0
1776885927.6211028,7.0,-2.0,-31.0
1776885927.6311028,6.0,-4.0,-33.0
1776885927.6411028,-2.0,-7.0,-33.0
1776885927.6511028,-2.0,-5.0,-29.0
1776885927.6611028,1.0,-6.0,-27.0
1776885927.6711028,2.0,-4.0,-29.0
1776885927.6811028,-2.0,-4.0,-33.0
1776885927.6911027,-1.0,-9.0,-32.0
1776885927.7011027,-5.0,-7.0,-32.0
1776885927.7111027,-4.0,-6.0,-36.0
1776885927.7211027,-3.0,-6.0,-34.0
1776885927.7311027,-1.0,-5.0,-36.0
1776885927.7411027,-2.0,-8.0,-42.0
1776885927.7511027,-1.0,-8.0,-43.0
1776885927.761103,3.0,-11.0,-40.0
1776885927.771103,1.0,-11.0,-45.0
1776885927.781103,0.0,-7.0,-50.0
1776885927.7911026,-3.0,-6.0,-44.0
1776885927.8011026,-2.0,-3.0,-38.0
1776885927.8111026,0.0,-2.0,-38.0
1776885927.8211029,2.0,-1.0,-40.0
1776885927.8311028,3.0,0.0,-40.0
1776885927.8411028,1.0,1.0,-43.0
1776885927.8511028,1.0,-3.0,-37.0
1776885927.8611028,4.0,0.0,-40.0
1776885927.8711028,2.0,-3.0,-39.0
1776885927.8811028,0.0,-1.0,-35.0
1776885927.8911028,-5.0,-3.0,-34.0
1776885927.9011028,-5.0,-2.0,-35.0
1776885927.9111028,-4.0,-1.0,-36.0
1776885927.9211028,-1.0,-1.0,-36.0
1776885927.9311028,3.0,1.0,-39.0
1776885927.9411027,-1.0,3.0,-40.0
1776885927.9511027,-6.0,2.0,-46.0
1776885927.9611027,-6.0,5.0,-35.0
1776885927.9711027,-4.0,5.0,-37.0
1776885927.9811027,-5.0,2.0,-40.0
1776885927.9911027,-3.0,3.0,-41.0
1776885928.0011027,-3.0,-1.0,-39.0
1776885928.011103,0.0,-3.0,-33.0
1776885928.021103,0.0,-1.0,-34.0
1776885928.031103,0.0,3.0,-38.0
1776885928.0411026,0.0,2.0,-36.0
1776885928.0511026,3.0,2.0,-37.0
1776885928.0611026,1.0,2.0,-41.0
1776885928.0711029,0.0,1.0,-43.0
1776885928.0811028,2.0,1.0,-49.0
1776885928.0911028,2.0,-1.0,-50.0
1776885928.1011028,3.0,-1.0,-45.0
1776885928.1111028,3.0,-1.0,-47.0
1776885928.1211028,0.0,-2.0,-43.0
1776885928.1311028,2.0,-3.0,-44.0
1776885928.1411028,6.0,-3.0,-47.0
1776885928.1511028,2.0,-2.0,-46.0
1776885928.1611028,0.0,0.0,-47.0
1776885928.1711028,-5.0,1.0,-42.0
1776885928.1811028,-5.0,5.0,-40.0
1776885928.1911027,0.0,4.0,-41.0
1776885928.2011027,1.0,0.0,-34.0
1776885928.2111027,0.0,-3.0,-39.0
1776885928.2211027,-1.0,-2.0,-39.0
1776885928.2311027,0.0,2.0,-40.0
1776885928.2411027,4.0,0.0,-39.0
1776885928.2511027,-1.0,-3.0,-36.0
1776885928.261103,-3.0,-3.0,-44.0
1776885928.271103,-5.0,-4.0,-41.0
1776885928.281103,-4.0,-4.0,-45.0
1776885928.2911026,-4.0,-2.0,-47.0
1776885928.3011026,-1.0,0.0,-45.0
1776885928.3111026,3.0,-3.0,-38.0
1776885928.3211029,3.0,-3.0,-35.0
1776885928.3311028,2.0,-4.0,-39.0
1776885928.3411028,2.0,-4.0,-41.0
1776885928.3511028,4.0,-1.0,-42.0
1776885928.3611028,1.0,0.0,-39.0
1776885928.3711028,-1.0,-1.0,-36.0
1776885928.3811028,0.0,-3.0,-40.0
1776885928.3911028,0.0,0.0,-51.0
1776885928.4011028,0.0,0.0,-47.0
1776885928.4111028,0.0,-2.0,-49.0
1776885928.4211028,1.0,1.0,-52.0
1776885928.4311028,0.0,2.0,-50.0
1776885928.4411027,4.0,0.0,-45.0
1776885928.4511027,3.0,0.0,-46.0
1776885928.4611027,1.0,1.0,-47.0
1776885928.4711027,-1.0,2.0,-47.0
1776885928.4811027,1.0,1.0,-44.0
1776885928.4911027,-3.0,5.0,-35.0
1776885928.5011027,-3.0,0.0,-32.0
1776885928.511103,-5.0,-2.0,-38.0
1776885928.521103,-2.0,0.0,-44.0
1776885928.531103,-3.0,2.0,-40.0
1776885928.5411026,-9.0,0.0,-36.0
1776885928.5511026,-9.0,0.0,-41.0
1776885928.5611026,-7.0,-2.0,-41.0
1776885928.5711029,-7.0,1.0,-40.0
1776885928.5811028,-7.0,2.0,-35.0
1776885928.5911028,-9.0,4.0,-35.0
1776885928.6011028,-5.0,5.0,-35.0
1776885928.6111028,-5.0,2.0,-33.0
1776885928.6211028,-1.0,0.0,-31.0
1776885928.6311028,-3.0,3.0,-39.0
1776885928.6411028,-3.0,7.0,-33.0
1776885928.6511028,2.0,4.0,-33.0
1776885928.6611028,-3.0,0.0,-36.0
1776885928.6711028,-3.0,-2.0,-34.0
1776885928.6811028,-2.0,-1.0,-38.0
1776885928.6911027,1.0,0.0,-38.0
1776885928.7011027,6.0,3.0,-38.0
1776885928.7111027,0.0,4.0,-39.0
1776885928.7211027,1.0,4.0,-38.0
1776885928.7311027,1.0,5.0,-34.0
1776885928.7411027,0.0,3.0,-32.0
1776885928.7511027,-2.0,4.0,-34.0
1776885928.761103,0.0,0.0,-31.0
1776885928.771103,3.0,-2.0,-31.0
1776885928.781103,0.0,0.0,-37.0
1776885928.7911026,0.0,0.0,-40.0
1776885928.8011026,4.0,0.0,-40.0
1776885928.8111026,7.0,-5.0,-39.0
1776885928.8211029,2.0,-2.0,-47.0
1776885928.8311028,1.0,-3.0,-49.0
1776885928.8411028,-1.0,-2.0,-49.0
1776885928.8511028,-2.0,-4.0,-43.0
1776885928.8611028,-2.0,-3.0,-46.0
1776885928.8711028,-3.0,-5.0,-44.0
1776885928.8811028,-1.0,-5.0,-43.0
1776885928.8911028,-4.0,-1.0,-44.0
1776885928.9011028,-4.0,-3.0,-43.0
1776885928.9111028,-3.0,0.0,-45.0
1776885928.9211028,0.0,1.0,-48.0
1776885928.9311028,-5.0,1.0,-47.0
1776885928.9411027,-5.0,2.0,-50.0
1776885928.9511027,-1.0,3.0,-53.0
1776885928.9611027,4.0,4.0,-49.0
1776885928.9711027,3.0,6.0,-49.0
1776885928.9811027,2.0,4.0,-45.0
1776885928.9911027,7.0,0.0,-43.0
1776885929.0011027,6.0,-1.0,-42.0
1776885929.011103,0.0,-2.0,-37.0
1776885929.021103,0.0,-5.0,-41.0
1776885929.031103,0.0,-4.0,-39.0
1776885929.0411026,-1.0,-5.0,-38.0
1776885929.0511026,-4.0,-1.0,-41.0
1776885929.0611026,-3.0,0.0,-40.0
1776885929.0711029,-2.0,-1.0,-37.0
1776885929.0811028,1.0,0.0,-31.0
1776885929.0911028,0.0,0.0,-28.0
1776885929.1011028,-2.0,-3.0,-30.0
1776885929.1111028,-1.0,-1.0,-34.0
1776885929.1211028,-4.0,1.0,-36.0
1776885929.1311028,-4.0,0.0,-35.0
1776885929.1411028,-2.0,1.0,-40.0
1776885929.1511028,-1.0,2.0,-38.0
1776885929.1611028,0.0,-2.0,-34.0
1776885929.1711028,-1.0,-1.0,-32.0
1776885929.182103,-1.0,0.0,-33.0
1776885929.1911027,0.0,1.0,-26.0
1776885929.202103,-1.0,0.0,-28.0
1776885929.2111027,-4.0,0.0,-34.0
1776885929.2221026,-2.0,1.0,-40.0
1776885929.2321026,-2.0,2.0,-42.0
1776885929.2421026,-2.0,1.0,-37.0
1776885929.2521029,2.0,0.0,-32.0
1776885929.2621028,4.0,0.0,-30.0
1776885929.2721028,2.0,1.0,-34.0
1776885929.2821028,3.0,0.0,-37.0
1776885929.2921028,9.0,2.0,-44.0
1776885929.3021028,10.0,3.0,-35.0
1776885929.3121028,10.0,4.0,-33.0
1776885929.3221028,9.0,2.0,-27.0
1776885929.3321028,8.0,2.0,-19.0
1776885929.3421028,4.0,0.0,-22.0
1776885929.3521028,2.0,0.0,-28.0
1776885929.3621027,-3.0,0.0,-34.0
1776885929.3721027,-2.0,4.0,-43.0
1776885929.3821027,-2.0,-1.0,-48.0
1776885929.3921027,-2.0,-1.0,-46.0
1776885929.4021027,-2.0,-1.0,-47.0
1776885929.4121027,2.0,1.0,-53.0
1776885929.4221027,1.0,-2.0,-59.0
1776885929.432103,0.0,-2.0,-58.0
1776885929.442103,-5.0,1.0,-51.0
1776885929.452103,-4.0,1.0,-42.0
1776885929.462103,-7.0,-3.0,-37.0
1776885929.4721026,-8.0,-9.0,-32.0
1776885929.4821026,-4.0,-8.0,-31.0
1776885929.4921026,0.0,-7.0,-33.0
1776885929.5021029,1.0,-5.0,-39.0
1776885929.5121028,-2.0,-6.0,-47.0
1776885929.5221028,-3.0,-4.0,-50.0
1776885929.5321028,-1.0,-5.0,-47.0
1776885929.5421028,1.0,-6.0,-44.0
1776885929.5521028,4.0,-6.0,-41.0
1776885929.5621028,4.0,-3.0,-45.0
1776885929.5721028,0.0,-2.0,-40.0
1776885929.5821028,0.0,-3.0,-38.0
1776885929.5921028,-1.0,-4.0,-39.0
1776885929.6021028,-4.0,-7.0,-41.0
1776885929.6121027,1.0,-7.0,-44.0
1776885929.6221027,-1.0,-4.0,-43.0
1776885929.6321027,-4.0,-4.0,-46.0
1776885929.6421027,-2.0,-8.0,-42.0
1776885929.6521027,-1.0,-10.0,-39.0
1776885929.6621027,0.0,-7.0,-31.0
1776885929.6721027,3.0,-5.0,-30.0
1776885929.682103,2.0,-6.0,-35.0
1776885929.692103,0.0,-8.0,-33.0
1776885929.702103,-2.0,-6.0,-41.0
1776885929.712103,-4.0,-3.0,-44.0
1776885929.7221026,-2.0,-3.0,-44.0
1776885929.7321026,-1.0,0.0,-42.0
1776885929.7421026,1.0,-6.0,-41.0
1776885929.7521029,0.0,-7.0,-43.0
1776885929.7621028,0.0,-5.0,-40.0
1776885929.7721028,0.0,-1.0,-39.0
1776885929.7831028,2.0,-1.0,-34.0
1776885929.7921028,-1.0,-5.0,-41.0
1776885929.8021028,-4.0,-9.0,-39.0
1776885929.8121028,-2.0,-7.0,-35.0
1776885929.8221028,-1.0,-7.0,-35.0
1776885929.8321028,0.0,-2.0,-37.0
1776885929.8421028,-1.0,-5.0,-37.0
1776885929.8521028,0.0,-6.0,-34.0
1776885929.8621027,-1.0,-10.0,-34.0
1776885929.8721027,-3.0,-7.0,-34.0
1776885929.8821027,-2.0,-4.0,-44.0
1776885929.8921027,1.0,-3.0,-41.0
1776885929.9021027,3.0,-3.0,-49.0
1776885929.9121027,4.0,-4.0,-47.0
1776885929.9221027,7.0,0.0,-45.0
1776885929.932103,2.0,-3.0,-45.0
1776885929.942103,1.0,-4.0,-33.0
1776885929.952103,0.0,-2.0,-33.0
1776885929.962103,-3.0,-5.0,-30.0
1776885929.9721026,-3.0,-6.0,-30.0
1776885929.9821026,-2.0,-7.0,-33.0
1776885929.9921026,2.0,-4.0,-31.0
1776885930.0021029,4.0,-1.0,-23.0
1776885930.0121028,6.0,1.0,-27.0
1776885930.0221028,4.0,1.0,-32.0
1776885930.0321028,2.0,0.0,-31.0
1776885930.0421028,0.0,-1.0,-30.0
1776885930.0521028,3.0,-1.0,-32.0
1776885930.0621028,0.0,0.0,-36.0
1776885930.0721028,2.0,0.0,-33.0
1776885930.0821028,2.0,0.0,-34.0
1776885930.0921028,6.0,1.0,-35.0
1776885930.1021028,7.0,0.0,-38.0
1776885930.1121027,2.0,-1.0,-43.0
1776885930.1221027,2.0,0.0,-43.0
1776885930.1321027,-1.0,-1.0,-42.0
1776885930.1421027,-7.0,-6.0,-46.0
1776885930.1521027,-1.0,-4.0,-44.0
1776885930.1621027,-5.0,-2.0,-46.0
1776885930.1721027,-5.0,-2.0,-52.0
1776885930.182103,-5.0,-3.0,-56.0
1776885930.192103,-6.0,-2.0,-53.0
1776885930.202103,-12.0,-2.0,-54.0
1776885930.212103,-9.0,0.0,-50.0
1776885930.2221026,-9.0,-4.0,-51.0
1776885930.2321026,-10.0,-5.0,-42.0
1776885930.2421026,-5.0,-5.0,-40.0
1776885930.2521029,-4.0,-3.0,-34.0
1776885930.2621028,-3.0,0.0,-35.0
1776885930.2721028,-6.0,0.0,-38.0
1776885930.2821028,-7.0,1.0,-43.0
1776885930.2921028,-4.0,5.0,-42.0
1776885930.3021028,-3.0,4.0,-41.0
1776885930.3121028,-1.0,7.0,-44.0
1776885930.3221028,0.0,8.0,-41.0
1776885930.3321028,0.0,8.0,-41.0
1776885930.3421028,-1.0,3.0,-43.0
1776885930.3521028,-2.0,4.0,-40.0
1776885930.3621027,0.0,6.0,-38.0
1776885930.3721027,7.0,0.0,-39.0
1776885930.3821027,7.0,-1.0,-42.0
1776885930.3921027,5.0,-3.0,-38.0
1776885930.4021027,4.0,-2.0,-41.0
1776885930.4121027,3.0,0.0,-46.0
1776885930.4221027,0.0,-3.0,-51.0
1776885930.432103,-3.0,-4.0,-52.0
1776885930.442103,-3.0,-5.0,-55.0
1776885930.452103,-2.0,-6.0,-51.0
1776885930.462103,0.0,-9.0,-52.0
1776885930.4721026,3.0,-8.0,-51.0
1776885930.4821026,1.0,-5.0,-45.0
1776885930.4921026,3.0,-6.0,-40.0
1776885930.5021029,-3.0,-7.0,-37.0
1776885930.5121028,-2.0,-7.0,-41.0
1776885930.5221028,5.0,-8.0,-38.0
1776885930.5321028,3.0,-7.0,-35.0
1776885930.5421028,2.0,-2.0,-29.0
1776885930.5521028,0.0,-4.0,-29.0
1776885930.5621028,-5.0,-7.0,-29.0
1776885930.5721028,-7.0,-8.0,-30.0
1776885930.5821028,-4.0,-6.0,-32.0
1776885930.5921028,-8.0,-4.0,-36.0
1776885930.6021028,-4.0,0.0,-38.0
1776885930.6121027,-4.0,0.0,-45.0
1776885930.6221027,0.0,-2.0,-45.0
1776885930.6321027,0.0,-1.0,-47.0
1776885930.6421027,0.0,-2.0,-44.0
1776885930.6521027,1.0,-2.0,-39.0
1776885930.6621027,1.0,-3.0,-41.0
1776885930.6721027,0.0,-9.0,-43.0
1776885930.682103,0.0,-10.0,-43.0
1776885930.692103,-2.0,-12.0,-40.0
1776885930.702103,-1.0,-10.0,-37.0
1776885930.712103,-1.0,-8.0,-36.0
1776885930.7221026,-1.0,-3.0,-45.0
1776885930.7321026,1.0,-2.0,-40.0
1776885930.7421026,0.0,0.0,-33.0
1776885930.7521029,6.0,1.0,-33.0
1776885930.7621028,7.0,2.0,-28.0
1776885930.7721028,5.0,3.0,-31.0
1776885930.7821028,1.0,6.0,-38.0
1776885930.7921028,0.0,1.0,-34.0
1776885930.8021028,4.0,-1.0,-39.0
1776885930.8121028,2.0,-1.0,-40.0
1776885930.8221028,0.0,0.0,-45.0
1776885930.8321028,-1.0,1.0,-40.0
1776885930.8421028,0.0,3.0,-32.0
1776885930.8521028,-1.0,2.0,-35.0
1776885930.8621027,0.0,3.0,-35.0
1776885930.8721027,-4.0,5.0,-31.0
1776885930.8821027,-9.0,1.0,-34.0
1776885930.8921027,-8.0,0.0,-33.0
1776885930.9021027,-8.0,-2.0,-31.0
1776885930.9121027,-6.0,0.0,-38.0
1776885930.9221027,-4.0,-2.0,-35.0
1776885930.932103,0.0,-3.0,-38.0
1776885930.942103,-3.0,-10.0,-38.0
1776885930.952103,-8.0,-10.0,-29.0
1776885930.962103,-9.0,-6.0,-31.0
1776885930.9721026,-5.0,-6.0,-36.0
1776885930.9821026,-5.0,-3.0,-35.0
1776885930.9921026,-4.0,-2.0,-27.0
1776885931.0021029,-3.0,-2.0,-22.0
1776885931.0121028,0.0,-1.0,-21.0
1776885931.0221028,3.0,-2.0,-30.0
1776885931.0321028,7.0,-4.0,-32.0
1776885931.0421028,7.0,0.0,-28.0
1776885931.0521028,6.0,5.0,-26.0
1776885931.0621028,2.0,2.0,-30.0
1776885931.0721028,0.0,0.0,-36.0
1776885931.0821028,-4.0,4.0,-42.0
1776885931.0921028,-7.0,4.0,-43.0
1776885931.1021028,-8.0,1.0,-47.0
1776885931.1121027,-8.0,-1.0,-52.0
1776885931.1221027,-7.0,-2.0,-48.0
1776885931.1321027,-9.0,-4.0,-45.0
1776885931.1421027,-9.0,-3.0,-46.0
1776885931.1521027,-5.0,-4.0,-47.0
1776885931.1621027,-2.0,-1.0,-49.0
1776885931.1721027,0.0,-1.0,-50.0
1776885931.182103,-3.0,1.0,-53.0
1776885931.1931028,-4.0,-2.0,-42.0
1776885931.202103,-5.0,-4.0,-38.0
1776885931.2131028,-4.0,-6.0,-39.0
1776885931.2231028,-3.0,-6.0,-37.0
1776885931.2331028,-4.0,-4.0,-37.0
1776885931.2431028,-1.0,-5.0,-42.0
1776885931.2531028,-1.0,-4.0,-38.0
1776885931.2631028,1.0,-2.0,-40.0
1776885931.2731028,0.0,-2.0,-43.0
1776885931.2831028,2.0,-6.0,-49.0
1776885931.2931027,2.0,-8.0,-46.0
1776885931.3031027,0.0,-3.0,-46.0
1776885931.3131027,-2.0,-3.0,-46.0
1776885931.3231027,-4.0,-3.0,-43.0
1776885931.3331027,-5.0,0.0,-40.0
1776885931.3431027,-2.0,2.0,-42.0
1776885931.3531027,0.0,0.0,-38.0
1776885931.363103,2.0,-2.0,-41.0
1776885931.373103,1.0,-2.0,-46.0
1776885931.383103,0.0,-3.0,-43.0
1776885931.3931026,2.0,-1.0,-42.0
1776885931.4031026,2.0,-1.0,-41.0
1776885931.4131026,4.0,0.0,-40.0
1776885931.4231029,4.0,1.0,-36.0
1776885931.4331028,1.0,-2.0,-33.0
1776885931.442103,0.0,-5.0,-38.0
1776885931.4531028,-3.0,-4.0,-37.0
1776885931.4631028,-5.0,-3.0,-35.0
1776885931.4731028,-3.0,-4.0,-36.0
1776885931.4831028,0.0,-3.0,-33.0
1776885931.4931028,0.0,-6.0,-31.0
1776885931.5031028,5.0,-9.0,-33.0
1776885931.5131028,4.0,-9.0,-32.0
1776885931.5231028,4.0,-4.0,-31.0
1776885931.5331028,3.0,-2.0,-31.0
1776885931.5431027,4.0,1.0,-32.0
1776885931.5531027,-1.0,1.0,-35.0
1776885931.5631027,2.0,-1.0,-35.0
1776885931.5731027,4.0,-1.0,-39.0
1776885931.5831027,-2.0,4.0,-43.0
1776885931.5931027,-6.0,4.0,-43.0
1776885931.6031027,0.0,3.0,-42.0
1776885931.613103,1.0,0.0,-39.0
1776885931.623103,1.0,-6.0,-34.0
1776885931.633103,2.0,-7.0,-25.0
1776885931.6431026,3.0,-8.0,-32.0
1776885931.6531026,3.0,-8.0,-35.0
1776885931.6631026,0.0,-4.0,-41.0
1776885931.6731029,-4.0,-1.0,-42.0
1776885931.6831028,-3.0,1.0,-33.0
1776885931.6931028,-1.0,2.0,-28.0
1776885931.7031028,0.0,1.0,-27.0
1776885931.7131028,-4.0,3.0,-23.0
1776885931.7231028,-6.0,1.0,-19.0
1776885931.7331028,-3.0,1.0,-21.0
1776885931.7431028,-1.0,2.0,-24.0
1776885931.7531028,1.0,0.0,-30.0
1776885931.7631028,2.0,3.0,-36.0
1776885931.7731028,4.0,3.0,-41.0
1776885931.7831028,3.0,-2.0,-50.0
1776885931.7931027,0.0,-1.0,-49.0
1776885931.8031027,5.0,-4.0,-47.0
1776885931.8131027,8.0,-4.0,-43.0
1776885931.8231027,10.0,-2.0,-41.0
1776885931.8331027,7.0,-2.0,-39.0
1776885931.8431027,3.0,-1.0,-44.0
1776885931.8531027,2.0,-8.0,-38.0
1776885931.863103,0.0,-8.0,-39.0
1776885931.873103,-2.0,-9.0,-40.0
1776885931.883103,-4.0,-5.0,-42.0
1776885931.8931026,-1.0,-6.0,-43.0
1776885931.9031026,0.0,-4.0,-47.0
1776885931.9131026,-1.0,-5.0,-46.0
1776885931.9231029,-2.0,-3.0,-47.0
1776885931.9331028,-1.0,0.0,-43.0
1776885931.9431028,5.0,1.0,-44.0
1776885931.9531028,7.0,1.0,-46.0
1776885931.9631028,1.0,0.0,-35.0
1776885931.9731028,-1.0,-1.0,-37.0
1776885931.9831028,-1.0,0.0,-42.0
1776885931.9931028,-1.0,0.0,-44.0
1776885932.0031028,0.0,0.0,-43.0
1776885932.0131028,-2.0,-2.0,-41.0
1776885932.0231028,-2.0,-3.0,-40.0
1776885932.0331028,4.0,-1.0,-39.0
1776885932.0431027,1.0,-2.0,-41.0
1776885932.0531027,3.0,-1.0,-42.0
1776885932.0631027,-1.0,-1.0,-43.0
1776885932.0731027,0.0,-2.0,-48.0
1776885932.0831027,-4.0,-3.0,-45.0
1776885932.0931027,0.0,-4.0,-39.0
1776885932.1031027,6.0,0.0,-43.0
1776885932.113103,5.0,-3.0,-42.0
1776885932.123103,3.0,-2.0,-35.0
1776885932.133103,5.0,-1.0,-36.0
1776885932.1431026,8.0,-1.0,-41.0
1776885932.1531026,11.0,0.0,-43.0
1776885932.1631026,12.0,1.0,-40.0
1776885932.1731029,8.0,-4.0,-48.0
1776885932.1831028,6.0,-5.0,-49.0
1776885932.1931028,5.0,-1.0,-40.0
1776885932.2031028,4.0,-3.0,-43.0
1776885932.2131028,2.0,-2.0,-40.0
1776885932.2231028,1.0,-6.0,-42.0
1776885932.2331028,0.0,-2.0,-45.0
1776885932.2431028,0.0,-3.0,-46.0
1776885932.2531028,0.0,-4.0,-47.0
1776885932.2631028,1.0,-6.0,-46.0
1776885932.2731028,4.0,-5.0,-43.0
1776885932.2831028,3.0,-1.0,-38.0
1776885932.2931027,4.0,-2.0,-31.0
1776885932.3031027,6.0,0.0,-40.0
1776885932.3131027,5.0,-2.0,-35.0
1776885932.3231027,6.0,1.0,-39.0
1776885932.3331027,7.0,0.0,-37.0
1776885932.3431027,7.0,2.0,-38.0
1776885932.3531027,7.0,-2.0,-35.0
1776885932.363103,8.0,0.0,-40.0
1776885932.373103,9.0,0.0,-36.0
1776885932.383103,12.0,-5.0,-38.0
1776885932.3931026,7.0,-6.0,-38.0
1776885932.4031026,5.0,-3.0,-38.0
1776885932.4131026,3.0,-3.0,-37.0
1776885932.4231029,3.0,0.0,-39.0
1776885932.4331028,0.0,0.0,-38.0
1776885932.4431028,-3.0,4.0,-38.0
1776885932.4531028,-1.0,2.0,-40.0
1776885932.4631028,-2.0,1.0,-40.0
1776885932.4731028,-3.0,-1.0,-39.0
1776885932.4831028,-3.0,-2.0,-39.0
1776885932.4931028,0.0,-1.0,-35.0
1776885932.5031028,-1.0,-1.0,-39.0
1776885932.5131028,1.0,-2.0,-39.0
1776885932.5231028,-4.0,-4.0,-41.0
1776885932.5331028,-3.0,-4.0,-43.0
1776885932.5431027,1.0,-3.0,-46.0
1776885932.5531027,0.0,0.0,-47.0
1776885932.5631027,1.0,0.0,-48.0
1776885932.5731027,3.0,-2.0,-53.0
1776885932.5831027,3.0,-4.0,-49.0
1776885932.5931027,1.0,-5.0,-47.0
1776885932.6031027,0.0,-3.0,-43.0
1776885932.613103,-3.0,-1.0,-45.0
1776885932.623103,-4.0,-4.0,-45.0
1776885932.633103,-5.0,-4.0,-43.0
1776885932.6431026,-11.0,-10.0,-44.0
1776885932.6531026,-7.0,-9.0,-45.0
1776885932.6631026,-6.0,-8.0,-45.0
1776885932.6731029,-7.0,-11.0,-41.0
1776885932.6831028,-4.0,-10.0,-47.0
1776885932.6931028,0.0,-6.0,-47.0
1776885932.7031028,4.0,-4.0,-44.0
1776885932.7131028,5.0,-1.0,-42.0
1776885932.7231028,0.0,-2.0,-42.0
1776885932.7331028,-1.0,0.0,-46.0
1776885932.7431028,0.0,0.0,-47.0
1776885932.7531028,2.0,0.0,-40.0
1776885932.7631028,2.0,5.0,-40.0
1776885932.7731028,2.0,2.0,-35.0
1776885932.7831028,-1.0,3.0,-30.0
1776885932.7931027,0.0,3.0,-31.0
1776885932.8031027,2.0,2.0,-29.0
1776885932.8131027,2.0,0.0,-28.0
1776885932.8231027,1.0,0.0,-39.0
1776885932.8331027,-3.0,-1.0,-43.0
1776885932.8431027,-2.0,0.0,-47.0
1776885932.8531027,-1.0,0.0,-49.0
1776885932.863103,-4.0,2.0,-54.0
1776885932.873103,-3.0,3.0,-51.0
1776885932.883103,1.0,1.0,-49.0
1776885932.8931026,0.0,0.0,-44.0
1776885932.9031026,0.0,-1.0,-39.0
1776885932.9131026,2.0,-4.0,-40.0
1776885932.9231029,1.0,-6.0,-40.0
1776885932.9331028,-1.0,-7.0,-42.0
1776885932.9431028,-1.0,-5.0,-44.0
1776885932.9531028,-2.0,-2.0,-38.0
1776885932.9631028,-2.0,0.0,-36.0
1776885932.9731028,0.0,0.0,-36.0
1776885932.9831028,2.0,2.0,-32.0
1776885932.9931028,0.0,1.0,-34.0
1776885933.0031028,1.0,-2.0,-39.0
1776885933.0131028,2.0,-1.0,-41.0
1776885933.0231028,4.0,-2.0,-41.0
1776885933.0331028,0.0,-7.0,-38.0
1776885933.0431027,-6.0,0.0,-37.0
1776885933.0531027,-6.0,-4.0,-35.0
1776885933.0631027,-3.0,-5.0,-31.0
1776885933.0731027,2.0,-2.0,-40.0
1776885933.0831027,4.0,0.0,-36.0
1776885933.0931027,-1.0,1.0,-30.0
1776885933.1031027,1.0,0.0,-36.0
1776885933.113103,2.0,0.0,-30.0
1776885933.123103,-3.0,0.0,-28.0
1776885933.133103,-7.0,0.0,-29.0
1776885933.1441028,0.0,0.0,-24.0
1776885933.1531026,1.0,0.0,-27.0
1776885933.1631026,2.0,-3.0,-24.0
1776885933.1731029,-1.0,0.0,-25.0
1776885933.1841028,2.0,-3.0,-29.0
1776885933.1941028,1.0,1.0,-29.0
1776885933.2041028,4.0,1.0,-32.0
1776885933.2141027,0.0,-1.0,-34.0
1776885933.2241027,3.0,-3.0,-31.0
1776885933.2341027,6.0,-2.0,-31.0
1776885933.2441027,6.0,-1.0,-38.0
1776885933.2541027,6.0,0.0,-36.0
1776885933.2641027,7.0,1.0,-38.0
1776885933.2741027,5.0,-3.0,-40.0
1776885933.284103,0.0,-5.0,-46.0
1776885933.294103,-1.0,-3.0,-49.0
1776885933.304103,3.0,2.0,-48.0
1776885933.3141026,1.0,0.0,-44.0
1776885933.3241026,7.0,1.0,-46.0
1776885933.3341026,5.0,0.0,-48.0
1776885933.3441026,4.0,0.0,-45.0
1776885933.3541028,5.0,1.0,-51.0
1776885933.3641028,1.0,0.0,-50.0
1776885933.3741028,0.0,1.0,-51.0
1776885933.3841028,0.0,-1.0,-47.0
1776885933.3941028,-3.0,0.0,-50.0
1776885933.4041028,-3.0,0.0,-49.0
1776885933.4141028,-5.0,0.0,-47.0
1776885933.4241028,-4.0,0.0,-54.0
1776885933.4341028,-7.0,0.0,-48.0
1776885933.4441028,-7.0,-2.0,-49.0
1776885933.4541028,-6.0,0.0,-47.0
1776885933.4641027,-5.0,-1.0,-51.0
1776885933.4741027,-5.0,0.0,-52.0
1776885933.4841027,0.0,0.0,-45.0
1776885933.4941027,-5.0,0.0,-46.0
1776885933.5041027,-3.0,-1.0,-42.0
1776885933.5141027,-3.0,0.0,-40.0
1776885933.5241027,-2.0,3.0,-36.0
1776885933.534103,2.0,1.0,-33.0
1776885933.544103,4.0,2.0,-34.0
1776885933.554103,0.0,-2.0,-39.0
1776885933.5641026,-3.0,-1.0,-40.0
1776885933.5741026,-4.0,-1.0,-40.0
1776885933.5841026,-2.0,-1.0,-39.0
1776885933.5941026,0.0,-6.0,-37.0
1776885933.6041028,-2.0,1.0,-38.0
1776885933.6141028,-2.0,2.0,-38.0
1776885933.6241028,-4.0,4.0,-43.0
1776885933.6341028,0.0,2.0,-43.0
1776885933.6441028,1.0,3.0,-50.0
1776885933.6541028,-5.0,3.0,-49.0
1776885933.6641028,-3.0,4.0,-45.0
1776885933.6741028,0.0,6.0,-47.0
1776885933.6841028,0.0,6.0,-43.0
1776885933.6941028,4.0,3.0,-52.0
1776885933.7041028,2.0,2.0,-47.0
1776885933.7141027,0.0,1.0,-41.0
1776885933.7241027,2.0,2.0,-42.0
1776885933.7341027,3.0,1.0,-46.0
1776885933.7441027,6.0,0.0,-54.0
1776885933.7541027,10.0,2.0,-53.0
1776885933.7641027,10.0,4.0,-56.0
1776885933.7741027,10.0,-2.0,-49.0
1776885933.784103,6.0,-2.0,-38.0
1776885933.794103,8.0,-5.0,-32.0
1776885933.804103,3.0,-9.0,-27.0
1776885933.8141026,2.0,-11.0,-27.0
1776885933.8241026,10.0,-9.0,-33.0
1776885933.8341026,13.0,-8.0,-35.0
1776885933.8441026,13.0,-8.0,-35.0
1776885933.8541028,10.0,-7.0,-39.0
1776885933.8641028,9.0,-6.0,-42.0
1776885933.8741028,8.0,-4.0,-39.0
1776885933.8841028,7.0,-1.0,-39.0
1776885933.8941028,4.0,4.0,-47.0
1776885933.9041028,-1.0,3.0,-41.0
1776885933.9141028,-7.0,0.0,-43.0
1776885933.9241028,-5.0,0.0,-44.0
1776885933.9341028,-3.0,-1.0,-46.0
1776885933.9441028,-4.0,2.0,-43.0
1776885933.9541028,-7.0,2.0,-40.0
1776885933.9641027,-6.0,7.0,-39.0
1776885933.9741027,-3.0,6.0,-44.0
1776885933.9841027,-1.0,0.0,-43.0
1776885933.9941027,2.0,-3.0,-37.0
1776885934.0041027,2.0,-3.0,-35.0
1776885934.0141027,0.0,-5.0,-34.0
1776885934.0241027,-1.0,-10.0,-35.0
1776885934.034103,4.0,-7.0,-36.0
1776885934.044103,5.0,-6.0,-39.0
1776885934.054103,8.0,-3.0,-36.0
1776885934.0641026,7.0,-4.0,-37.0
1776885934.0741026,3.0,-2.0,-43.0
1776885934.0841026,-2.0,-4.0,-53.0
1776885934.0941026,-5.0,-5.0,-48.0
1776885934.1041028,-3.0,-3.0,-44.0
1776885934.1141028,0.0,-5.0,-43.0
1776885934.1241028,0.0,-4.0,-35.0
1776885934.1341028,2.0,-7.0,-32.0
1776885934.1441028,2.0,-7.0,-32.0
1776885934.1541028,3.0,-7.0,-29.0
1776885934.1641028,1.0,-5.0,-33.0
1776885934.1741028,-2.0,-8.0,-41.0
1776885934.1841028,-1.0,-6.0,-45.0
1776885934.1941028,5.0,-4.0,-51.0
1776885934.2041028,3.0,0.0,-50.0
1776885934.2141027,2.0,-1.0,-49.0
1776885934.2241027,0.0,-5.0,-54.0
1776885934.2341027,1.0,-4.0,-48.0
1776885934.2441027,2.0,-2.0,-48.0
1776885934.2541027,1.0,-1.0,-47.0
1776885934.2641027,2.0,0.0,-41.0
1776885934.2741027,1.0,-1.0,-45.0
1776885934.284103,4.0,-2.0,-50.0
1776885934.294103,1.0,-2.0,-45.0
1776885934.304103,0.0,-4.0,-47.0
1776885934.3141026,2.0,-5.0,-45.0
1776885934.3241026,2.0,-4.0,-43.0
1776885934.3341026,1.0,-3.0,-43.0
1776885934.3441026,0.0,-5.0,-37.0
1776885934.3541028,2.0,-1.0,-35.0
1776885934.3641028,0.0,4.0,-35.0
1776885934.3741028,0.0,2.0,-36.0
1776885934.3841028,6.0,3.0,-38.0
1776885934.3941028,3.0,1.0,-40.0
1776885934.4041028,1.0,0.0,-38.0
1776885934.4141028,0.0,-1.0,-40.0
1776885934.4241028,0.0,0.0,-41.0
1776885934.4341028,2.0,2.0,-37.0
1776885934.4441028,0.0,1.0,-44.0
1776885934.4541028,-5.0,-2.0,-51.0
1776885934.4641027,-4.0,-9.0,-59.0
1776885934.4741027,-4.0,-8.0,-57.0
1776885934.4841027,-2.0,-7.0,-52.0
1776885934.4941027,1.0,-7.0,-51.0
1776885934.5041027,0.0,-5.0,-54.0
1776885934.5141027,1.0,-7.0,-54.0
1776885934.5241027,2.0,-5.0,-50.0
1776885934.534103,1.0,-2.0,-50.0
1776885934.544103,0.0,-5.0,-52.0
1776885934.554103,2.0,-10.0,-42.0
1776885934.5641026,3.0,-9.0,-39.0
1776885934.5741026,0.0,-10.0,-40.0
1776885934.5841026,0.0,-7.0,-41.0
1776885934.5941026,0.0,-4.0,-41.0
1776885934.6041028,0.0,0.0,-42.0
1776885934.6141028,1.0,0.0,-44.0
1776885934.6241028,0.0,1.0,-34.0
1776885934.6341028,1.0,0.0,-22.0
1776885934.6441028,3.0,0.0,-30.0
1776885934.6541028,7.0,0.0,-39.0
1776885934.6641028,6.0,2.0,-40.0
1776885934.6741028,6.0,1.0,-34.0
1776885934.6841028,3.0,2.0,-30.0
1776885934.6941028,0.0,1.0,-30.0
1776885934.7041028,0.0,-1.0,-39.0
1776885934.7141027,0.0,-5.0,-33.0
1776885934.7241027,0.0,-2.0,-31.0
1776885934.7341027,-3.0,-3.0,-30.0
1776885934.7441027,1.0,-4.0,-32.0
1776885934.7541027,1.0,-2.0,-29.0
1776885934.7641027,4.0,0.0,-29.0
1776885934.7741027,4.0,3.0,-33.0
1776885934.784103,2.0,4.0,-37.0
1776885934.794103,1.0,4.0,-34.0
1776885934.804103,1.0,4.0,-35.0
1776885934.8141026,0.0,3.0,-34.0
1776885934.8241026,0.0,2.0,-31.0
1776885934.8341026,0.0,1.0,-30.0
1776885934.8441026,-2.0,3.0,-35.0
1776885934.8541028,-5.0,2.0,-36.0
1776885934.8641028,-2.0,0.0,-41.0
1776885934.8741028,-4.0,-1.0,-45.0
1776885934.8841028,-2.0,0.0,-44.0
1776885934.8941028,1.0,2.0,-51.0
1776885934.9041028,-3.0,4.0,-47.0
1776885934.9141028,-6.0,0.0,-49.0
1776885934.9241028,-5.0,-1.0,-50.0
1776885934.9341028,-4.0,-4.0,-48.0
1776885934.9441028,-4.0,-7.0,-47.0
1776885934.9541028,-3.0,-5.0,-47.0
1776885934.9641027,-5.0,-1.0,-48.0
1776885934.9741027,-8.0,-2.0,-50.0
1776885934.9841027,-5.0,-6.0,-53.0
1776885934.9941027,0.0,-6.0,-52.0
1776885935.0041027,-1.0,-7.0,-56.0
1776885935.0141027,0.0,-3.0,-46.0
1776885935.0241027,5.0,-1.0,-39.0
1776885935.034103,1.0,-2.0,-43.0
1776885935.044103,1.0,-5.0,-45.0
1776885935.054103,2.0,-7.0,-53.0
1776885935.0641026,1.0,-8.0,-49.0
1776885935.0741026,3.0,-8.0,-49.0
1776885935.0841026,3.0,-6.0,-52.0
1776885935.0941026,4.0,-6.0,-46.0
1776885935.1041028,6.0,-5.0,-40.0
1776885935.1141028,2.0,-1.0,-44.0
1776885935.1241028,1.0,-1.0,-43.0
1776885935.1341028,-2.0,3.0,-42.0
1776885935.1441028,1.0,4.0,-39.0
1776885935.1551027,1.0,1.0,-43.0
1776885935.1651027,4.0,0.0,-44.0
1776885935.1751027,7.0,-1.0,-43.0
1776885935.1851027,4.0,-6.0,-43.0
1776885935.1951027,4.0,-3.0,-45.0
1776885935.2051027,4.0,-7.0,-44.0
1776885935.215103,5.0,-6.0,-40.0
1776885935.225103,8.0,-5.0,-38.0
1776885935.235103,8.0,-4.0,-40.0
1776885935.2451026,6.0,-5.0,-39.0
1776885935.2551026,4.0,-6.0,-40.0
1776885935.2651026,5.0,-2.0,-42.0
1776885935.2751029,3.0,-2.0,-49.0
1776885935.2851028,3.0,-2.0,-51.0
1776885935.2951028,4.0,-4.0,-46.0
1776885935.3051028,6.0,-8.0,-46.0
1776885935.3151028,3.0,-4.0,-47.0
1776885935.3251028,-2.0,-2.0,-48.0
1776885935.3351028,-6.0,-2.0,-52.0
1776885935.3451028,-3.0,-3.0,-54.0
1776885935.3551028,3.0,-6.0,-49.0
1776885935.3651028,5.0,-6.0,-44.0
1776885935.3751028,2.0,-3.0,-39.0
1776885935.3851027,4.0,0.0,-46.0
1776885935.3951027,4.0,0.0,-50.0
1776885935.4051027,3.0,-1.0,-47.0
1776885935.4151027,0.0,-2.0,-50.0
1776885935.4251027,-2.0,-6.0,-49.0
1776885935.4351027,-2.0,-2.0,-46.0
1776885935.4451027,2.0,-3.0,-38.0
1776885935.4551027,0.0,-4.0,-34.0
1776885935.465103,3.0,-3.0,-40.0
1776885935.475103,3.0,-2.0,-46.0
1776885935.485103,9.0,-4.0,-51.0
1776885935.4951026,10.0,-2.0,-53.0
1776885935.5051026,7.0,-4.0,-46.0
1776885935.5151026,6.0,-5.0,-51.0
1776885935.5251029,7.0,-2.0,-50.0
1776885935.5351028,0.0,-9.0,-53.0
1776885935.5451028,-3.0,-3.0,-50.0
1776885935.5551028,0.0,0.0,-47.0
1776885935.5651028,1.0,2.0,-46.0
1776885935.5751028,-2.0,0.0,-49.0
1776885935.5851028,-4.0,0.0,-45.0
1776885935.5951028,-6.0,0.0,-35.0
1776885935.6051028,-4.0,1.0,-33.0
1776885935.6151028,-2.0,3.0,-33.0
1776885935.6251028,0.0,1.0,-30.0
1776885935.6351027,2.0,0.0,-29.0
1776885935.6451027,7.0,1.0,-37.0
1776885935.6551027,7.0,1.0,-41.0
1776885935.6651027,4.0,-1.0,-39.0
1776885935.6751027,4.0,-4.0,-36.0
1776885935.6851027,3.0,-3.0,-41.0
1776885935.6951027,-1.0,0.0,-43.0
1776885935.7051027,-5.0,-1.0,-39.0
1776885935.715103,-2.0,-3.0,-38.0
1776885935.725103,-1.0,-8.0,-35.0
1776885935.735103,0.0,-6.0,-39.0
1776885935.7451026,0.0,-8.0,-45.0
1776885935.7551026,-3.0,-8.0,-47.0
1776885935.7651026,0.0,-2.0,-43.0
1776885935.7751029,-5.0,-1.0,-38.0
1776885935.7851028,-5.0,0.0,-36.0
1776885935.7951028,0.0,2.0,-31.0
1776885935.8051028,2.0,-2.0,-38.0
1776885935.8151028,-1.0,-2.0,-43.0
1776885935.8251028,-2.0,-1.0,-43.0
1776885935.8351028,3.0,1.0,-35.0
1776885935.8451028,1.0,0.0,-35.0
1776885935.8551028,1.0,-2.0,-37.0
1776885935.8651028,-2.0,-4.0,-38.0
1776885935.8751028,-1.0,-3.0,-39.0
1776885935.8851027,-1.0,-3.0,-35.0
1776885935.8951027,-1.0,-3.0,-38.0
1776885935.9051027,-1.0,-4.0,-42.0
1776885935.9151027,2.0,-5.0,-40.0
1776885935.9251027,-1.0,-3.0,-38.0
1776885935.9351027,-3.0,-2.0,-43.0
1776885935.9451027,-1.0,-5.0,-43.0
1776885935.9551027,-1.0,-2.0,-43.0
1776885935.965103,-1.0,0.0,-46.0
1776885935.975103,-5.0,1.0,-44.0
1776885935.985103,-4.0,-1.0,-43.0
1776885935.9951026,0.0,0.0,-42.0
1776885936.0051026,-6.0,-1.0,-43.0
1776885936.0151026,-1.0,0.0,-46.0
1776885936.0251029,-4.0,-1.0,-42.0
1776885936.0351028,-2.0,-5.0,-40.0
1776885936.0451028,1.0,1.0,-41.0
1776885936.0551028,3.0,0.0,-41.0
1776885936.0651028,1.0,0.0,-44.0
1776885936.0751028,2.0,1.0,-46.0
1776885936.0851028,4.0,-2.0,-48.0
1776885936.0951028,1.0,-4.0,-49.0
1776885936.1051028,1.0,-1.0,-51.0
1776885936.1151028,3.0,-4.0,-47.0
1776885936.1251028,1.0,-1.0,-45.0
1776885936.1351027,0.0,-2.0,-36.0
1776885936.1451027,-1.0,-2.0,-37.0
1776885936.1551027,-6.0,0.0,-32.0
1776885936.1651027,-8.0,-4.0,-39.0
1776885936.1751027,-3.0,-2.0,-43.0
1776885936.1851027,1.0,-3.0,-51.0
1776885936.1951027,4.0,-3.0,-45.0
1776885936.2051027,7.0,-4.0,-41.0
1776885936.215103,6.0,-2.0,-46.0
1776885936.225103,10.0,-2.0,-49.0
1776885936.235103,8.0,-3.0,-45.0
1776885936.2451026,5.0,-2.0,-48.0
1776885936.2551026,-1.0,-2.0,-48.0
1776885936.2651026,-2.0,-3.0,-42.0
1776885936.2751029,-6.0,-1.0,-43.0
1776885936.2851028,-7.0,-4.0,-39.0
1776885936.2951028,-6.0,-8.0,-32.0
1776885936.3051028,-7.0,-3.0,-27.0
1776885936.3151028,-2.0,0.0,-23.0
1776885936.3251028,0.0,0.0,-24.0
1776885936.3351028,0.0,-1.0,-31.0
1776885936.3451028,0.0,0.0,-29.0
1776885936.3551028,3.0,0.0,-28.0
1776885936.3651028,7.0,2.0,-27.0
1776885936.3751028,2.0,3.0,-36.0
1776885936.3851027,-3.0,6.0,-43.0
1776885936.3951027,-6.0,1.0,-49.0
1776885936.4051027,-4.0,0.0,-48.0
1776885936.4151027,0.0,0.0,-47.0
1776885936.4251027,-1.0,-2.0,-44.0
1776885936.4351027,-3.0,-3.0,-44.0
1776885936.4451027,-5.0,-5.0,-39.0
1776885936.4551027,-2.0,-3.0,-38.0
1776885936.465103,-7.0,-3.0,-33.0
1776885936.475103,-9.0,-1.0,-31.0
1776885936.485103,-4.0,-4.0,-24.0
1776885936.4951026,-5.0,-5.0,-28.0
1776885936.5051026,-4.0,-2.0,-28.0
1776885936.5151026,-2.0,-4.0,-34.0
1776885936.5251029,3.0,0.0,-38.0
1776885936.5351028,5.0,1.0,-39.0
1776885936.5451028,8.0,3.0,-45.0
1776885936.5551028,4.0,0.0,-42.0
1776885936.5651028,2.0,1.0,-42.0
1776885936.5751028,-5.0,-3.0,-41.0
1776885936.5851028,-3.0,0.0,-45.0
1776885936.5951028,-3.0,-2.0,-41.0
1776885936.6051028,0.0,0.0,-36.0
1776885936.6151028,1.0,1.0,-30.0
1776885936.6251028,0.0,-1.0,-27.0
1776885936.6351027,0.0,0.0,-35.0
1776885936.6451027,-4.0,0.0,-42.0
1776885936.6551027,-5.0,0.0,-35.0
1776885936.6651027,-2.0,-3.0,-40.0
1776885936.6751027,3.0,-3.0,-39.0
1776885936.6851027,0.0,-4.0,-35.0
1776885936.6951027,1.0,0.0,-34.0
1776885936.7051027,-4.0,2.0,-30.0
1776885936.715103,-8.0,1.0,-33.0
1776885936.725103,-7.0,1.0,-35.0
1776885936.735103,-4.0,1.0,-40.0
1776885936.7451026,-3.0,0.0,-40.0
1776885936.7551026,5.0,2.0,-40.0
1776885936.7651026,3.0,3.0,-40.0
1776885936.7751029,-3.0,0.0,-45.0
1776885936.7851028,2.0,-2.0,-41.0
1776885936.7951028,-2.0,-8.0,-40.0
1776885936.8051028,-2.0,-8.0,-37.0
1776885936.8151028,0.0,-2.0,-36.0
1776885936.8251028,0.0,-1.0,-38.0
1776885936.8351028,1.0,-2.0,-34.0
1776885936.8451028,0.0,-4.0,-34.0
1776885936.8551028,0.0,-2.0,-35.0
1776885936.8651028,-7.0,-2.0,-33.0
1776885936.8751028,-11.0,-2.0,-36.0
1776885936.8851027,-7.0,0.0,-43.0
1776885936.8951027,-6.0,0.0,-39.0
1776885936.9051027,-7.0,-2.0,-39.0
1776885936.9151027,-3.0,0.0,-44.0
1776885936.9251027,1.0,4.0,-52.0
1776885936.9351027,3.0,1.0,-49.0
1776885936.9451027,5.0,3.0,-45.0
1776885936.9551027,2.0,1.0,-47.0
1776885936.965103,2.0,0.0,-45.0
1776885936.975103,4.0,-5.0,-43.0
1776885936.985103,2.0,-4.0,-42.0
1776885936.9951026,1.0,-2.0,-43.0
1776885937.0051026,4.0,-3.0,-42.0
1776885937.0151026,2.0,-1.0,-42.0
1776885937.0251029,0.0,-2.0,-32.0
1776885937.0351028,-7.0,-2.0,-32.0
1776885937.0451028,-5.0,0.0,-36.0
1776885937.0551028,-1.0,0.0,-31.0
1776885937.0651028,0.0,-3.0,-28.0
1776885937.0751028,-2.0,-4.0,-34.0
1776885937.0851028,-4.0,-3.0,-39.0
1776885937.0951028,0.0,-9.0,-34.0
1776885937.1051028,0.0,-7.0,-34.0
1776885937.1151028,4.0,-9.0,-36.0
1776885937.1251028,7.0,-6.0,-38.0
1776885937.1351027,5.0,-5.0,-49.0
1776885937.1451027,0.0,-4.0,-53.0
1776885937.156103,0.0,-5.0,-51.0
1776885937.1651027,0.0,-7.0,-43.0
1776885937.1761026,0.0,2.0,-36.0
1776885937.1861026,-6.0,0.0,-43.0
1776885937.1961029,-9.0,-4.0,-46.0
1776885937.2061028,-11.0,-1.0,-42.0
1776885937.2161028,-10.0,3.0,-43.0
1776885937.2261028,-6.0,4.0,-52.0
1776885937.2361028,-2.0,2.0,-50.0
1776885937.2461028,0.0,0.0,-53.0
1776885937.2561028,-1.0,0.0,-53.0
1776885937.2661028,-1.0,-1.0,-52.0
1776885937.2761028,0.0,-3.0,-49.0
1776885937.2861028,0.0,-3.0,-45.0
1776885937.2961028,0.0,-6.0,-44.0
1776885937.3061028,2.0,-3.0,-39.0
1776885937.3161027,-1.0,-3.0,-44.0
1776885937.3261027,0.0,-2.0,-43.0
1776885937.3361027,0.0,-5.0,-45.0
1776885937.3461027,0.0,-3.0,-35.0
1776885937.3561027,0.0,-7.0,-35.0
1776885937.3661027,2.0,-7.0,-40.0
1776885937.3761027,1.0,-4.0,-45.0
1776885937.386103,-1.0,-7.0,-42.0
1776885937.396103,-1.0,-4.0,-44.0
1776885937.406103,-7.0,-5.0,-49.0
1776885937.4161026,-10.0,-3.0,-46.0
1776885937.4261026,-7.0,1.0,-44.0
1776885937.4361026,-5.0,3.0,-45.0
1776885937.4461029,-2.0,2.0,-42.0
1776885937.4561028,-2.0,1.0,-46.0
1776885937.4661028,2.0,2.0,-48.0
1776885937.4761028,4.0,2.0,-50.0
1776885937.4861028,2.0,0.0,-53.0
1776885937.4961028,3.0,0.0,-50.0
1776885937.5061028,6.0,-1.0,-47.0
1776885937.5161028,6.0,2.0,-36.0
1776885937.5261028,5.0,3.0,-32.0
1776885937.5361028,1.0,6.0,-36.0
1776885937.5461028,1.0,5.0,-37.0
1776885937.5561028,1.0,1.0,-38.0
1776885937.5661027,2.0,-3.0,-34.0
1776885937.5761027,3.0,-2.0,-31.0
1776885937.5861027,0.0,0.0,-34.0
1776885937.5961027,0.0,-1.0,-38.0
1776885937.6061027,-1.0,-4.0,-43.0
1776885937.6161027,-4.0,-7.0,-39.0
1776885937.6261027,-9.0,-6.0,-33.0
1776885937.636103,-7.0,-2.0,-30.0
1776885937.646103,-1.0,-1.0,-33.0
1776885937.656103,0.0,0.0,-33.0
1776885937.6661026,3.0,-3.0,-39.0
1776885937.6761026,4.0,0.0,-39.0
1776885937.6861026,3.0,0.0,-39.0
1776885937.6961029,1.0,1.0,-38.0
1776885937.7061028,-1.0,-2.0,-41.0
1776885937.7161028,-3.0,-3.0,-43.0
1776885937.7261028,-1.0,-3.0,-40.0
1776885937.7361028,-4.0,-5.0,-33.0
1776885937.7461028,0.0,-5.0,-28.0
1776885937.7561028,1.0,-3.0,-24.0
1776885937.7661028,6.0,-5.0,-29.0
1776885937.7761028,5.0,-5.0,-27.0
1776885937.7861028,8.0,-7.0,-32.0
1776885937.7961028,9.0,-5.0,-35.0
1776885937.8061028,10.0,-2.0,-33.0
1776885937.8161027,5.0,-1.0,-34.0
1776885937.8261027,2.0,1.0,-32.0
1776885937.8361027,5.0,0.0,-26.0
1776885937.8461027,5.0,0.0,-25.0
1776885937.8561027,3.0,0.0,-25.0
1776885937.8661027,2.0,-2.0,-27.0
1776885937.8761027,0.0,0.0,-32.0
1776885937.886103,-1.0,-1.0,-39.0
1776885937.896103,0.0,-1.0,-42.0
1776885937.906103,-1.0,0.0,-38.0
1776885937.9161026,-3.0,-1.0,-39.0
1776885937.9261026,-3.0,-3.0,-37.0
1776885937.9361026,2.0,-3.0,-37.0
1776885937.9461029,-3.0,-2.0,-38.0
1776885937.9561028,-3.0,-6.0,-29.0
1776885937.9661028,0.0,-4.0,-31.0
1776885937.9761028,6.0,-5.0,-37.0
1776885937.9861028,9.0,-5.0,-35.0
1776885937.9961028,6.0,-2.0,-36.0
1776885938.0061028,4.0,-1.0,-31.0
1776885938.0161028,-1.0,0.0,-30.0
1776885938.0261028,0.0,0.0,-32.0
1776885938.0361028,3.0,-1.0,-40.0
1776885938.0461028,3.0,1.0,-45.0
1776885938.0561028,1.0,2.0,-42.0
1776885938.0661027,4.0,0.0,-41.0
1776885938.0761027,0.0,-3.0,-42.0
1776885938.0861027,3.0,-2.0,-42.0
1776885938.0961027,3.0,-1.0,-33.0
1776885938.1061027,1.0,0.0,-29.0
1776885938.1161027,0.0,3.0,-30.0
1776885938.1261027,1.0,-3.0,-31.0
1776885938.136103,3.0,-7.0,-27.0
1776885938.146103,3.0,-8.0,-32.0
1776885938.156103,2.0,-7.0,-28.0
1776885938.1661026,-3.0,-6.0,-29.0
1776885938.1761026,-3.0,-2.0,-29.0
1776885938.1861026,-8.0,-4.0,-35.0
1776885938.1961029,-10.0,-8.0,-35.0
1776885938.2061028,-10.0,-6.0,-29.0
1776885938.2161028,-9.0,-5.0,-24.0
1776885938.2261028,-7.0,-5.0,-26.0
1776885938.2361028,-7.0,-2.0,-26.0
1776885938.2461028,-4.0,-1.0,-33.0
1776885938.2561028,-4.0,3.0,-30.0
1776885938.2661028,-2.0,4.0,-35.0
1776885938.2761028,-5.0,4.0,-38.0
1776885938.2861028,-7.0,6.0,-32.0
1776885938.2961028,-4.0,3.0,-39.0
1776885938.3061028,0.0,3.0,-42.0
1776885938.3161027,4.0,1.0,-48.0
1776885938.3261027,0.0,3.0,-47.0
1776885938.3361027,-1.0,5.0,-46.0
1776885938.3461027,-2.0,6.0,-43.0
1776885938.3561027,-4.0,4.0,-44.0
1776885938.3661027,-5.0,4.0,-40.0
1776885938.3761027,-6.0,6.0,-41.0
1776885938.386103,-8.0,1.0,-34.0
1776885938.396103,-7.0,3.0,-35.0
1776885938.406103,-7.0,-5.0,-34.0
1776885938.4161026,-3.0,-2.0,-37.0
1776885938.4261026,0.0,0.0,-37.0
1776885938.4361026,0.0,0.0,-38.0
1776885938.4461029,-4.0,0.0,-38.0
1776885938.4561028,-4.0,1.0,-34.0
1776885938.4661028,-2.0,4.0,-29.0
1776885938.4761028,-1.0,1.0,-22.0
1776885938.4861028,-2.0,1.0,-29.0
1776885938.4961028,-4.0,1.0,-38.0
1776885938.5061028,-5.0,0.0,-38.0
1776885938.5161028,-5.0,-5.0,-36.0
1776885938.5261028,-6.0,-3.0,-31.0
1776885938.5361028,-4.0,0.0,-34.0
1776885938.5461028,-5.0,-4.0,-34.0
1776885938.5561028,0.0,-4.0,-38.0
1776885938.5661027,-1.0,0.0,-38.0
1776885938.5761027,0.0,2.0,-38.0
1776885938.5861027,0.0,4.0,-32.0
1776885938.5961027,0.0,1.0,-35.0
1776885938.6061027,2.0,-1.0,-38.0
1776885938.6161027,3.0,-1.0,-41.0
1776885938.6261027,2.0,-3.0,-38.0
1776885938.636103,-3.0,0.0,-41.0
1776885938.646103,0.0,-3.0,-43.0
1776885938.656103,-3.0,-4.0,-37.0
1776885938.6661026,-2.0,-3.0,-37.0
1776885938.6761026,0.0,0.0,-39.0
1776885938.6861026,-1.0,0.0,-40.0
1776885938.6961029,-3.0,0.0,-42.0
1776885938.7061028,-3.0,2.0,-45.0
1776885938.7161028,0.0,2.0,-44.0
1776885938.7261028,2.0,0.0,-49.0
1776885938.7361028,0.0,0.0,-46.0
1776885938.7461028,-2.0,-1.0,-47.0
1776885938.7561028,-9.0,-1.0,-44.0
1776885938.7661028,-12.0,0.0,-46.0
1776885938.7761028,-7.0,-2.0,-45.0
1776885938.7861028,-6.0,-3.0,-39.0
1776885938.7961028,-5.0,-3.0,-41.0
1776885938.8061028,-5.0,2.0,-44.0
1776885938.8161027,-3.0,5.0,-46.0
1776885938.8261027,-3.0,1.0,-46.0
1776885938.8361027,-2.0,0.0,-44.0
1776885938.8461027,-3.0,0.0,-38.0
1776885938.8561027,-3.0,0.0,-33.0
1776885938.8661027,-3.0,-1.0,-32.0
1776885938.8761027,-1.0,-3.0,-25.0
1776885938.886103,-4.0,-2.0,-23.0
1776885938.896103,-3.0,-1.0,-21.0
1776885938.906103,-1.0,-2.0,-29.0
1776885938.9161026,1.0,0.0,-29.0
1776885938.9261026,-2.0,-4.0,-34.0
1776885938.9361026,2.0,-1.0,-38.0
1776885938.9461029,1.0,-3.0,-41.0
1776885938.9561028,-3.0,-2.0,-39.0
1776885938.9661028,-1.0,-2.0,-32.0
1776885938.9761028,0.0,-3.0,-34.0
1776885938.9861028,0.0,-2.0,-41.0
1776885938.9961028,0.0,0.0,-42.0
1776885939.0061028,-2.0,2.0,-41.0
1776885939.0161028,-3.0,-1.0,-47.0
1776885939.0261028,-1.0,-1.0,-47.0
1776885939.0361028,-1.0,-1.0,-45.0
1776885939.0461028,1.0,-1.0,-42.0
1776885939.0561028,1.0,-2.0,-43.0
1776885939.0661027,-4.0,-1.0,-40.0
1776885939.0761027,-4.0,-1.0,-33.0
1776885939.0861027,-3.0,0.0,-28.0
1776885939.0961027,-1.0,0.0,-32.0
1776885939.1061027,-2.0,0.0,-32.0
1776885939.1161027,-5.0,2.0,-32.0
1776885939.1261027,0.0,4.0,-33.0
1776885939.136103,0.0,-1.0,-34.0
1776885939.146103,-1.0,0.0,-37.0
1776885939.1571028,1.0,-2.0,-41.0
1776885939.1671028,2.0,-1.0,-50.0
1776885939.1771028,0.0,-5.0,-42.0
1776885939.1871028,0.0,-5.0,-41.0
1776885939.1971028,0.0,1.0,-50.0
1776885939.2071028,0.0,3.0,-51.0
1776885939.2171028,-1.0,0.0,-43.0
1776885939.2271028,0.0,0.0,-46.0
1776885939.2371027,1.0,1.0,-45.0
1776885939.2471027,1.0,0.0,-45.0
1776885939.2571027,2.0,1.0,-47.0
1776885939.2671027,3.0,1.0,-46.0
1776885939.2771027,3.0,2.0,-40.0
1776885939.2871027,0.0,-2.0,-37.0
1776885939.2971027,-3.0,-6.0,-36.0
1776885939.307103,-8.0,-5.0,-36.0
1776885939.317103,-11.0,-6.0,-37.0
1776885939.327103,-13.0,-5.0,-38.0
1776885939.337103,-11.0,-1.0,-37.0
1776885939.3471026,-9.0,0.0,-32.0
1776885939.3571026,-4.0,-4.0,-31.0
1776885939.3671026,0.0,0.0,-37.0
1776885939.3771029,0.0,0.0,-36.0
1776885939.3871028,0.0,2.0,-41.0
1776885939.3971028,3.0,0.0,-43.0
1776885939.4071028,5.0,-5.0,-39.0
1776885939.4171028,1.0,-4.0,-34.0
1776885939.4271028,1.0,0.0,-37.0
1776885939.4371028,0.0,-3.0,-43.0
1776885939.4471028,0.0,0.0,-42.0
1776885939.4571028,2.0,0.0,-39.0
1776885939.4671028,1.0,1.0,-38.0
1776885939.4771028,-1.0,1.0,-37.0
1776885939.4871027,0.0,-5.0,-40.0
1776885939.4971027,1.0,-4.0,-49.0
1776885939.5071027,-1.0,-7.0,-45.0
1776885939.5171027,0.0,-6.0,-41.0
1776885939.5271027,2.0,-3.0,-38.0
1776885939.5371027,3.0,-3.0,-40.0
1776885939.5471027,0.0,-2.0,-32.0
1776885939.557103,0.0,0.0,-26.0
1776885939.567103,0.0,-1.0,-30.0
1776885939.577103,0.0,-5.0,-33.0
1776885939.587103,0.0,-3.0,-41.0
1776885939.5971026,1.0,-3.0,-41.0
1776885939.6071026,1.0,0.0,-39.0
1776885939.6171026,0.0,3.0,-40.0
1776885939.6271029,0.0,2.0,-43.0
1776885939.6371028,-1.0,4.0,-41.0
1776885939.6471028,-9.0,3.0,-34.0
1776885939.6571028,-6.0,0.0,-37.0
1776885939.6671028,-4.0,-1.0,-36.0
1776885939.6771028,-4.0,1.0,-43.0
1776885939.6871028,-1.0,1.0,-37.0
1776885939.6971028,-1.0,1.0,-41.0
1776885939.7071028,-5.0,2.0,-47.0
1776885939.7171028,-3.0,2.0,-45.0
1776885939.7271028,0.0,-2.0,-41.0
1776885939.7371027,0.0,-3.0,-39.0
1776885939.7471027,0.0,-3.0,-35.0
1776885939.7571027,0.0,-3.0,-38.0
1776885939.7671027,-3.0,2.0,-38.0
1776885939.7771027,0.0,4.0,-38.0
1776885939.7871027,-2.0,3.0,-35.0
1776885939.7971027,-3.0,2.0,-30.0
1776885939.807103,-2.0,0.0,-31.0
1776885939.817103,-4.0,-1.0,-30.0
1776885939.827103,-8.0,-4.0,-35.0
1776885939.837103,-6.0,-6.0,-38.0
1776885939.8471026,-2.0,-6.0,-34.0
1776885939.8571026,-2.0,-4.0,-37.0
1776885939.8671026,4.0,-3.0,-33.0
1776885939.8771029,2.0,-5.0,-29.0
1776885939.8871028,4.0,-7.0,-37.0
1776885939.8971028,3.0,-2.0,-38.0
1776885939.9071028,2.0,0.0,-39.0
1776885939.9171028,1.0,4.0,-41.0
1776885939.9271028,0.0,5.0,-45.0
1776885939.9371028,-1.0,2.0,-43.0
1776885939.9471028,-6.0,2.0,-38.0
1776885939.9571028,-3.0,2.0,-33.0
1776885939.9671028,-2.0,5.0,-27.0
1776885939.9771028,-1.0,6.0,-21.0
1776885939.9871027,2.0,3.0,-26.0
1776885939.9971027,3.0,-3.0,-31.0
1776885940.0071027,6.0,-6.0,-31.0
1776885940.0171027,7.0,-7.0,-26.0
1776885940.0271027,3.0,-5.0,-24.0
1776885940.0371027,2.0,-9.0,-25.0
1776885940.0471027,3.0,-7.0,-30.0
1776885940.057103,3.0,-4.0,-38.0
1776885940.067103,6.0,-9.0,-36.0
1776885940.077103,6.0,-4.0,-34.0
1776885940.087103,4.0,-4.0,-36.0
1776885940.0971026,8.0,-3.0,-33.0
1776885940.1071026,4.0,0.0,-32.0
1776885940.1171026,6.0,1.0,-36.0
1776885940.1271029,5.0,3.0,-40.0
1776885940.1371028,4.0,1.0,-40.0
1776885940.1471028,5.0,-1.0,-39.0
1776885940.1571028,3.0,-1.0,-34.0
1776885940.1671028,-3.0,-3.0,-28.0
1776885940.1771028,-5.0,-5.0,-29.0
1776885940.1871028,-8.0,0.0,-32.0
1776885940.1971028,-7.0,0.0,-36.0
1776885940.2071028,-5.0,0.0,-40.0
1776885940.2171028,0.0,2.0,-45.0
1776885940.2271028,1.0,0.0,-43.0
1776885940.2371027,5.0,0.0,-51.0
1776885940.2471027,5.0,-2.0,-51.0
1776885940.2571027,8.0,-2.0,-45.0
1776885940.2671027,10.0,-1.0,-40.0
1776885940.2771027,9.0,-5.0,-40.0
1776885940.2871027,11.0,-5.0,-48.0
1776885940.2971027,11.0,-10.0,-53.0
1776885940.307103,9.0,-9.0,-56.0
1776885940.317103,7.0,-5.0,-50.0
1776885940.327103,8.0,-7.0,-49.0
1776885940.337103,3.0,-7.0,-46.0
1776885940.3471026,5.0,-6.0,-54.0
1776885940.3571026,4.0,-3.0,-45.0
1776885940.3671026,6.0,-1.0,-41.0
1776885940.3771029,7.0,-5.0,-40.0
1776885940.3871028,7.0,-4.0,-37.0
1776885940.3971028,12.0,0.0,-39.0
1776885940.4071028,8.0,-2.0,-40.0
1776885940.4171028,5.0,-5.0,-40.0
1776885940.4271028,4.0,-6.0,-45.0
1776885940.4371028,1.0,-5.0,-47.0
1776885940.4471028,4.0,-4.0,-42.0
1776885940.4571028,2.0,-1.0,-41.0
1776885940.4671028,0.0,-3.0,-46.0
1776885940.4771028,-1.0,-5.0,-44.0
1776885940.4871027,0.0,-3.0,-43.0
1776885940.4971027,0.0,-4.0,-44.0
1776885940.5071027,0.0,-4.0,-48.0
1776885940.5171027,1.0,-4.0,-45.0
1776885940.5271027,-4.0,-4.0,-44.0
1776885940.5371027,-3.0,-3.0,-38.0
1776885940.5471027,-6.0,-3.0,-39.0
1776885940.557103,-2.0,-5.0,-39.0
1776885940.567103,0.0,-3.0,-43.0
1776885940.577103,-4.0,-4.0,-47.0
1776885940.587103,-1.0,-1.0,-45.0
1776885940.5971026,-5.0,-4.0,-49.0
1776885940.6071026,-7.0,-2.0,-47.0
1776885940.6171026,-6.0,0.0,-49.0
1776885940.6271029,-4.0,1.0,-53.0
1776885940.6371028,-2.0,1.0,-45.0
1776885940.6471028,-6.0,1.0,-42.0
1776885940.6571028,-6.0,2.0,-45.0
1776885940.6671028,-7.0,4.0,-45.0
1776885940.6771028,-8.0,3.0,-51.0
1776885940.6871028,-6.0,2.0,-46.0
1776885940.6971028,-2.0,2.0,-46.0
1776885940.7071028,0.0,1.0,-40.0
1776885940.7171028,5.0,-1.0,-38.0
1776885940.7271028,0.0,-7.0,-36.0
1776885940.7371027,2.0,-5.0,-45.0
1776885940.7471027,1.0,-3.0,-46.0
1776885940.7571027,1.0,0.0,-48.0
1776885940.7671027,0.0,-2.0,-51.0
1776885940.7771027,0.0,-1.0,-44.0
1776885940.7871027,7.0,-1.0,-43.0
1776885940.7971027,8.0,-3.0,-43.0
1776885940.807103,7.0,-2.0,-47.0
1776885940.817103,3.0,-5.0,-50.0
1776885940.827103,1.0,-5.0,-40.0
1776885940.837103,2.0,-4.0,-40.0
1776885940.8471026,3.0,-7.0,-41.0
1776885940.8571026,2.0,-9.0,-42.0
1776885940.8671026,2.0,-3.0,-48.0
1776885940.8771029,1.0,-2.0,-48.0
1776885940.8871028,0.0,0.0,-44.0
1776885940.8971028,4.0,0.0,-47.0
1776885940.9071028,3.0,2.0,-47.0
1776885940.9171028,7.0,1.0,-42.0
1776885940.9271028,7.0,0.0,-38.0
1776885940.9371028,1.0,-1.0,-37.0
1776885940.9471028,4.0,-4.0,-37.0
1776885940.9571028,5.0,-5.0,-35.0
1776885940.9671028,4.0,-5.0,-30.0
1776885940.9771028,2.0,-3.0,-25.0
1776885940.9871027,2.0,-2.0,-26.0
1776885940.9971027,0.0,-2.0,-31.0
1776885941.0071027,4.0,-5.0,-32.0
1776885941.0171027,0.0,-4.0,-35.0
1776885941.0271027,1.0,-2.0,-35.0
1776885941.0371027,6.0,-3.0,-36.0
1776885941.0471027,4.0,-4.0,-39.0
1776885941.057103,7.0,-5.0,-40.0
1776885941.067103,8.0,-4.0,-36.0
1776885941.077103,0.0,-4.0,-37.0
1776885941.087103,-3.0,0.0,-36.0
1776885941.0971026,-5.0,-4.0,-33.0
1776885941.1071026,-2.0,-6.0,-31.0
1776885941.1181028,0.0,-3.0,-35.0
1776885941.1271029,1.0,-4.0,-31.0
1776885941.1381028,2.0,0.0,-32.0
1776885941.1481028,3.0,1.0,-43.0
1776885941.1581028,3.0,-2.0,-40.0
1776885941.1681027,8.0,-3.0,-33.0
1776885941.1781027,9.0,-3.0,-28.0
1776885941.1881027,3.0,-2.0,-32.0
1776885941.1981027,7.0,-3.0,-33.0
1776885941.2081027,2.0,0.0,-33.0
1776885941.2181027,0.0,0.0,-37.0
1776885941.2281027,-4.0,0.0,-37.0
1776885941.238103,-1.0,-7.0,-34.0
1776885941.248103,0.0,-9.0,-34.0
1776885941.258103,2.0,-11.0,-34.0
1776885941.2681026,3.0,-7.0,-34.0
1776885941.2781026,3.0,-6.0,-28.0
1776885941.2881026,0.0,-10.0,-31.0
1776885941.2981029,3.0,-10.0,-34.0
1776885941.3081028,1.0,-9.0,-39.0
1776885941.3181028,0.0,-8.0,-41.0
1776885941.3281028,0.0,-6.0,-40.0
1776885941.3381028,0.0,-2.0,-39.0
1776885941.3481028,1.0,0.0,-42.0
1776885941.3581028,3.0,-2.0,-47.0
1776885941.3681028,2.0,-1.0,-45.0
1776885941.3781028,2.0,-4.0,-40.0
1776885941.3881028,6.0,-5.0,-40.0
1776885941.3981028,4.0,-5.0,-41.0
1776885941.4081028,2.0,-4.0,-40.0
1776885941.4181027,1.0,-3.0,-44.0
1776885941.4281027,0.0,-5.0,-46.0
1776885941.4381027,3.0,-7.0,-47.0
1776885941.4481027,0.0,-3.0,-48.0
1776885941.4581027,1.0,-1.0,-47.0
1776885941.4681027,4.0,3.0,-46.0
1776885941.4781027,5.0,0.0,-45.0
1776885941.488103,3.0,2.0,-48.0
1776885941.498103,3.0,0.0,-49.0
1776885941.508103,5.0,3.0,-47.0
1776885941.5181026,7.0,1.0,-47.0
1776885941.5281026,3.0,3.0,-53.0
1776885941.5381026,4.0,3.0,-53.0
1776885941.5481029,3.0,1.0,-50.0
1776885941.5581028,3.0,0.0,-44.0
1776885941.5681028,3.0,-4.0,-44.0
1776885941.5781028,2.0,-10.0,-42.0
1776885941.5881028,1.0,-5.0,-37.0
1776885941.5981028,5.0,-3.0,-37.0
1776885941.6081028,4.0,3.0,-36.0
1776885941.6181028,3.0,1.0,-39.0
1776885941.6281028,5.0,1.0,-38.0
1776885941.6381028,5.0,0.0,-42.0
1776885941.6481028,3.0,-4.0,-45.0
1776885941.6581028,6.0,-2.0,-41.0
1776885941.6681027,-1.0,-1.0,-41.0
1776885941.6781027,-4.0,-1.0,-41.0
1776885941.6881027,-3.0,-3.0,-39.0
1776885941.6981027,-3.0,0.0,-43.0
1776885941.7081027,-4.0,3.0,-37.0
1776885941.7181027,-3.0,0.0,-34.0
1776885941.7281027,0.0,0.0,-36.0
1776885941.738103,0.0,0.0,-34.0
1776885941.748103,1.0,2.0,-32.0
1776885941.758103,1.0,0.0,-33.0
1776885941.7681026,1.0,0.0,-37.0
1776885941.7781026,-3.0,1.0,-37.0
1776885941.7881026,-6.0,-1.0,-36.0
1776885941.7981029,-5.0,0.0,-37.0
1776885941.8081028,-5.0,-2.0,-39.0
1776885941.8181028,-7.0,-3.0,-43.0
1776885941.8281028,-3.0,0.0,-45.0
1776885941.8381028,-2.0,0.0,-43.0
1776885941.8481028,-6.0,-2.0,-45.0
1776885941.8581028,-1.0,-5.0,-44.0
1776885941.8681028,-3.0,-7.0,-37.0
1776885941.8781028,-5.0,-9.0,-39.0
1776885941.8881028,-3.0,-8.0,-31.0
1776885941.8981028,0.0,-4.0,-37.0
1776885941.9081028,1.0,-2.0,-36.0
1776885941.9181027,0.0,-2.0,-28.0
1776885941.9281027,1.0,-3.0,-26.0
1776885941.9381027,-1.0,-1.0,-35.0
1776885941.9481027,-1.0,-2.0,-41.0
1776885941.9581027,2.0,0.0,-38.0
1776885941.9691026,5.0,0.0,-33.0
1776885941.9781027,2.0,0.0,-36.0
1776885941.988103,-1.0,-3.0,-39.0
1776885941.998103,0.0,-1.0,-38.0
1776885942.008103,-4.0,-5.0,-38.0
1776885942.0181026,-3.0,-7.0,-37.0
1776885942.0281026,-1.0,-11.0,-36.0
1776885942.0381026,-3.0,-11.0,-37.0
1776885942.0481029,-2.0,-7.0,-39.0
1776885942.0581028,1.0,-4.0,-39.0
1776885942.0681028,5.0,-1.0,-41.0
1776885942.0781028,5.0,0.0,-33.0
1776885942.0881028,3.0,-5.0,-29.0
1776885942.0981028,2.0,-6.0,-31.0
1776885942.1081028,3.0,-4.0,-34.0
1776885942.1181028,5.0,1.0,-33.0
1776885942.1281028,3.0,3.0,-36.0
1776885942.1381028,4.0,0.0,-34.0
1776885942.1481028,6.0,-3.0,-31.0
1776885942.1581028,7.0,-2.0,-33.0
1776885942.1681027,5.0,0.0,-36.0
1776885942.1781027,0.0,-2.0,-45.0
1776885942.1881027,3.0,0.0,-43.0
1776885942.1981027,1.0,2.0,-39.0
1776885942.2081027,1.0,0.0,-37.0
1776885942.2181027,-1.0,1.0,-36.0
1776885942.2281027,-1.0,1.0,-34.0
1776885942.238103,-4.0,-4.0,-35.0
1776885942.248103,-3.0,-5.0,-42.0
1776885942.258103,-4.0,-6.0,-40.0
1776885942.2681026,-5.0,-4.0,-39.0
1776885942.2781026,-1.0,-8.0,-43.0
1776885942.2881026,-2.0,-9.0,-40.0
1776885942.2981029,0.0,-7.0,-38.0
1776885942.3081028,2.0,-4.0,-46.0
1776885942.3181028,2.0,-1.0,-47.0
1776885942.3281028,0.0,0.0,-48.0
1776885942.3381028,3.0,0.0,-49.0
1776885942.3481028,3.0,-1.0,-46.0
1776885942.3581028,2.0,-2.0,-47.0
1776885942.3681028,3.0,-3.0,-42.0
1776885942.3781028,2.0,2.0,-47.0
1776885942.3881028,0.0,0.0,-48.0
1776885942.3981028,-7.0,-6.0,-51.0
1776885942.4081028,0.0,-5.0,-47.0
1776885942.4181027,-1.0,-8.0,-39.0
1776885942.4281027,0.0,-4.0,-36.0
1776885942.4381027,-1.0,-4.0,-34.0
1776885942.4481027,0.0,-3.0,-40.0
1776885942.4581027,-1.0,-6.0,-40.0
1776885942.4681027,1.0,-5.0,-37.0
1776885942.4781027,2.0,-3.0,-38.0
1776885942.488103,2.0,-1.0,-39.0
1776885942.498103,1.0,-5.0,-38.0
1776885942.508103,-3.0,-11.0,-36.0
1776885942.5181026,-6.0,-3.0,-38.0
1776885942.5281026,-10.0,0.0,-38.0
1776885942.5381026,-12.0,0.0,-35.0
1776885942.5481029,-12.0,-2.0,-34.0
1776885942.5581028,-9.0,-1.0,-34.0
1776885942.5681028,-4.0,-4.0,-35.0
1776885942.5781028,-4.0,-2.0,-36.0
1776885942.5881028,-4.0,-3.0,-37.0
1776885942.5981028,-3.0,-4.0,-32.0
1776885942.6081028,-1.0,-5.0,-32.0
1776885942.6181028,0.0,-9.0,-29.0
1776885942.6281028,-4.0,-10.0,-37.0
1776885942.6381028,2.0,-6.0,-36.0
1776885942.6481028,4.0,-5.0,-41.0
1776885942.6581028,2.0,-4.0,-43.0
1776885942.6681027,3.0,-7.0,-39.0
1776885942.6781027,2.0,-5.0,-42.0
1776885942.6881027,2.0,-3.0,-43.0
1776885942.6981027,0.0,-1.0,-44.0
1776885942.7081027,1.0,0.0,-36.0
1776885942.7181027,2.0,-3.0,-33.0
1776885942.7281027,1.0,-9.0,-33.0
1776885942.738103,0.0,-6.0,-34.0
1776885942.748103,0.0,-8.0,-34.0
1776885942.758103,2.0,-3.0,-33.0
1776885942.7681026,0.0,-2.0,-30.0
1776885942.7781026,-2.0,-1.0,-32.0
1776885942.7881026,0.0,1.0,-33.0
1776885942.7981029,-3.0,0.0,-33.0
1776885942.8081028,-6.0,-5.0,-37.0
1776885942.8181028,-7.0,-2.0,-37.0
1776885942.8281028,-5.0,-3.0,-43.0
1776885942.8381028,0.0,2.0,-44.0
1776885942.8481028,0.0,1.0,-45.0
1776885942.8581028,-1.0,-2.0,-40.0
1776885942.8681028,-1.0,-3.0,-39.0
1776885942.8781028,-1.0,-4.0,-36.0
1776885942.8881028,-5.0,-1.0,-41.0
1776885942.8981028,-2.0,-2.0,-45.0
1776885942.9081028,2.0,-6.0,-47.0
1776885942.9181027,1.0,-8.0,-42.0
1776885942.9281027,4.0,-5.0,-38.0
1776885942.9381027,5.0,-5.0,-34.0
1776885942.9481027,5.0,-9.0,-31.0
1776885942.9581027,7.0,-8.0,-32.0
1776885942.9681027,7.0,-11.0,-31.0
1776885942.9781027,3.0,-10.0,-33.0
1776885942.988103,-1.0,-11.0,-38.0
1776885942.998103,0.0,-11.0,-37.0
1776885943.008103,5.0,-11.0,-43.0
1776885943.0181026,4.0,-11.0,-42.0
1776885943.0281026,4.0,-8.0,-42.0
1776885943.0381026,0.0,-8.0,-42.0
1776885943.0481029,0.0,-5.0,-42.0
1776885943.0581028,0.0,-4.0,-42.0
1776885943.0681028,-6.0,-6.0,-38.0
1776885943.0781028,-2.0,-7.0,-38.0
1776885943.0881028,-5.0,-4.0,-40.0
1776885943.0981028,-3.0,-2.0,-48.0
1776885943.1081028,-2.0,0.0,-47.0
1776885943.1181028,-4.0,0.0,-42.0
1776885943.1291027,-6.0,1.0,-45.0
1776885943.1391027,-6.0,0.0,-40.0
1776885943.1491027,-7.0,5.0,-40.0
1776885943.159103,-6.0,1.0,-39.0
1776885943.169103,-1.0,-3.0,-42.0
1776885943.179103,0.0,0.0,-39.0
1776885943.1891026,0.0,-1.0,-37.0
1776885943.1991026,5.0,-2.0,-32.0
1776885943.2091026,5.0,-2.0,-34.0
1776885943.2191026,9.0,-2.0,-39.0
1776885943.2291028,7.0,-3.0,-41.0
1776885943.2391028,7.0,-3.0,-34.0
1776885943.2491028,9.0,-1.0,-36.0
1776885943.2591028,12.0,-2.0,-35.0
1776885943.2691028,6.0,-4.0,-29.0
1776885943.2791028,7.0,-7.0,-28.0
1776885943.2891028,10.0,-5.0,-32.0
1776885943.2991028,10.0,-10.0,-36.0
1776885943.3091028,9.0,-9.0,-42.0
1776885943.3191028,14.0,-6.0,-38.0
1776885943.3291028,12.0,-6.0,-39.0
1776885943.3391027,9.0,-9.0,-33.0
1776885943.3491027,7.0,-9.0,-41.0
1776885943.3591027,6.0,-7.0,-47.0
1776885943.3691027,0.0,-9.0,-42.0
1776885943.3791027,0.0,-6.0,-36.0
1776885943.3891027,1.0,-1.0,-35.0
1776885943.3991027,-4.0,-1.0,-33.0
1776885943.409103,-4.0,-1.0,-28.0
1776885943.419103,-1.0,-3.0,-34.0
1776885943.429103,0.0,-3.0,-41.0
1776885943.4391026,-3.0,-6.0,-42.0
1776885943.4491026,-3.0,-3.0,-50.0
1776885943.4591026,2.0,-5.0,-45.0
1776885943.4691026,5.0,-7.0,-41.0
1776885943.4791028,2.0,-6.0,-45.0
1776885943.4891028,-5.0,-6.0,-46.0
1776885943.4991028,-3.0,-6.0,-42.0
1776885943.5091028,-2.0,-4.0,-40.0
1776885943.5191028,2.0,-5.0,-41.0
1776885943.5291028,0.0,-2.0,-44.0
1776885943.5391028,2.0,-3.0,-47.0
1776885943.5491028,-1.0,-4.0,-42.0
1776885943.5591028,-1.0,-12.0,-40.0
1776885943.5691028,1.0,-10.0,-37.0
1776885943.5791028,-1.0,-6.0,-36.0
1776885943.5891027,1.0,-6.0,-41.0
1776885943.5991027,0.0,-4.0,-40.0
1776885943.6091027,-4.0,2.0,-46.0
1776885943.6191027,-4.0,3.0,-46.0
1776885943.6291027,0.0,0.0,-43.0
1776885943.6391027,1.0,-3.0,-31.0
1776885943.6491027,2.0,-3.0,-28.0
1776885943.659103,2.0,-1.0,-36.0
1776885943.669103,5.0,2.0,-34.0
1776885943.679103,3.0,0.0,-31.0
1776885943.6891026,2.0,-1.0,-32.0
1776885943.6991026,1.0,-4.0,-32.0
1776885943.7091026,-1.0,-6.0,-31.0
1776885943.7191026,-1.0,-6.0,-35.0
1776885943.7291028,0.0,-4.0,-38.0
1776885943.7391028,0.0,-2.0,-34.0
1776885943.7491028,1.0,-4.0,-40.0
1776885943.7591028,1.0,-1.0,-35.0
1776885943.7691028,1.0,-1.0,-30.0
1776885943.7791028,0.0,-2.0,-27.0
1776885943.7891028,0.0,2.0,-35.0
1776885943.7991028,-2.0,4.0,-38.0
1776885943.8091028,-3.0,3.0,-33.0
1776885943.8191028,2.0,2.0,-35.0
1776885943.8291028,3.0,1.0,-40.0
1776885943.8391027,-1.0,0.0,-38.0
1776885943.8491027,-2.0,1.0,-31.0
1776885943.8591027,-3.0,-1.0,-35.0
1776885943.8691027,2.0,-1.0,-38.0
1776885943.8791027,0.0,-3.0,-38.0
1776885943.8891027,0.0,-3.0,-42.0
1776885943.8991027,0.0,-4.0,-39.0
1776885943.909103,-1.0,-6.0,-35.0
1776885943.919103,3.0,-8.0,-36.0
1776885943.929103,4.0,-3.0,-34.0
1776885943.9391026,5.0,-2.0,-30.0
1776885943.9491026,2.0,-1.0,-29.0
1776885943.9591026,1.0,-6.0,-30.0
1776885943.9691026,0.0,-4.0,-33.0
1776885943.9791028,-1.0,-1.0,-34.0
1776885943.9891028,0.0,-2.0,-31.0
1776885943.9991028,0.0,1.0,-27.0
1776885944.0091028,-7.0,3.0,-32.0
1776885944.0191028,-6.0,1.0,-36.0
1776885944.0291028,-11.0,0.0,-40.0
1776885944.0391028,-7.0,1.0,-40.0
1776885944.0491028,-6.0,0.0,-42.0
1776885944.0591028,-7.0,-1.0,-46.0
1776885944.0691028,-4.0,-3.0,-47.0
1776885944.0791028,-3.0,-7.0,-49.0
1776885944.0891027,-2.0,-7.0,-52.0
1776885944.0991027,0.0,-8.0,-48.0
1776885944.1091027,-3.0,-4.0,-51.0
1776885944.1191027,-3.0,-4.0,-50.0
1776885944.1291027,1.0,-3.0,-51.0
1776885944.1391027,2.0,0.0,-46.0
1776885944.1491027,-5.0,-5.0,-47.0
1776885944.159103,-3.0,-7.0,-45.0
1776885944.169103,-1.0,-7.0,-37.0
1776885944.179103,-2.0,-9.0,-38.0
1776885944.1891026,0.0,-11.0,-41.0
1776885944.1991026,3.0,-9.0,-42.0
1776885944.2091026,0.0,-5.0,-35.0
1776885944.2191026,0.0,-2.0,-33.0
1776885944.2291028,3.0,-4.0,-36.0
1776885944.2391028,2.0,-4.0,-33.0
1776885944.2491028,0.0,-7.0,-34.0
1776885944.2591028,1.0,-7.0,-40.0
1776885944.2691028,3.0,-4.0,-39.0
1776885944.2791028,3.0,-1.0,-39.0
1776885944.2891028,4.0,-4.0,-44.0
1776885944.2991028,0.0,-3.0,-44.0
1776885944.3091028,-2.0,-6.0,-41.0
1776885944.3191028,0.0,-5.0,-46.0
1776885944.3291028,-2.0,-4.0,-43.0
1776885944.3391027,-1.0,-1.0,-41.0
1776885944.3491027,2.0,0.0,-41.0
1776885944.3591027,3.0,0.0,-41.0
1776885944.3691027,6.0,-2.0,-39.0
1776885944.3791027,1.0,-4.0,-41.0
1776885944.3891027,4.0,-3.0,-42.0
1776885944.3991027,6.0,-4.0,-39.0
1776885944.409103,6.0,-3.0,-34.0
1776885944.419103,7.0,-3.0,-36.0
1776885944.429103,9.0,-10.0,-42.0
1776885944.4391026,6.0,-7.0,-41.0
1776885944.4491026,3.0,-5.0,-42.0
1776885944.4591026,3.0,-5.0,-42.0
1776885944.4691026,0.0,-5.0,-42.0
1776885944.4791028,1.0,-1.0,-31.0
1776885944.4891028,5.0,1.0,-31.0
1776885944.4991028,5.0,0.0,-38.0
1776885944.5091028,2.0,1.0,-38.0
1776885944.5191028,3.0,4.0,-39.0
1776885944.5291028,5.0,1.0,-36.0
1776885944.5391028,3.0,-1.0,-41.0
1776885944.5491028,6.0,-1.0,-41.0
1776885944.5591028,7.0,0.0,-46.0
1776885944.5691028,7.0,3.0,-46.0
1776885944.5791028,9.0,0.0,-44.0
1776885944.5891027,10.0,4.0,-41.0
1776885944.5991027,8.0,1.0,-39.0
1776885944.6091027,13.0,-4.0,-42.0
1776885944.6191027,13.0,-3.0,-40.0
1776885944.6291027,9.0,0.0,-35.0
1776885944.6391027,8.0,0.0,-32.0
1776885944.6491027,11.0,0.0,-30.0
1776885944.659103,8.0,0.0,-30.0
1776885944.669103,6.0,1.0,-33.0
1776885944.679103,4.0,1.0,-38.0
1776885944.6891026,-1.0,0.0,-42.0
1776885944.6991026,-2.0,0.0,-41.0
1776885944.7091026,0.0,0.0,-47.0
1776885944.7191026,-1.0,0.0,-44.0
1776885944.7291028,-1.0,1.0,-40.0
1776885944.7391028,0.0,-3.0,-43.0
1776885944.7491028,0.0,0.0,-41.0
1776885944.7591028,1.0,0.0,-36.0
1776885944.7691028,3.0,1.0,-37.0
1776885944.7791028,0.0,0.0,-36.0
1776885944.7891028,-2.0,-1.0,-37.0
1776885944.7991028,0.0,-2.0,-36.0
1776885944.8091028,3.0,-3.0,-36.0
1776885944.8191028,5.0,0.0,-34.0
1776885944.8291028,7.0,0.0,-36.0
1776885944.8391027,6.0,-3.0,-26.0
1776885944.8491027,9.0,-3.0,-27.0
1776885944.8591027,7.0,-6.0,-26.0
1776885944.8691027,8.0,-4.0,-29.0
1776885944.8791027,5.0,-4.0,-36.0
1776885944.8891027,1.0,0.0,-40.0
1776885944.8991027,5.0,0.0,-39.0
1776885944.909103,5.0,2.0,-40.0
1776885944.919103,4.0,4.0,-41.0
1776885944.929103,3.0,0.0,-37.0
1776885944.9391026,1.0,-3.0,-41.0
1776885944.9491026,0.0,-3.0,-44.0
1776885944.9591026,-3.0,-3.0,-40.0
1776885944.9691026,-1.0,-1.0,-44.0
1776885944.9791028,0.0,-2.0,-42.0
1776885944.9891028,-3.0,0.0,-33.0
1776885944.9991028,0.0,0.0,-28.0
1776885945.0091028,-3.0,3.0,-28.0
1776885945.0191028,-8.0,0.0,-28.0
1776885945.0291028,-8.0,4.0,-33.0
1776885945.0391028,-6.0,2.0,-37.0
1776885945.0491028,-1.0,5.0,-39.0
1776885945.0591028,4.0,1.0,-47.0
1776885945.0691028,7.0,1.0,-47.0
1776885945.0791028,7.0,1.0,-46.0
1776885945.0891027,4.0,0.0,-41.0
1776885945.0991027,3.0,-1.0,-43.0
1776885945.1091027,-1.0,3.0,-44.0
1776885945.1201026,-2.0,0.0,-47.0
1776885945.1301026,-5.0,-1.0,-49.0
1776885945.1401026,-5.0,-5.0,-40.0
1776885945.1501029,-3.0,-4.0,-33.0
1776885945.1601028,-6.0,-7.0,-29.0
1776885945.1701028,-1.0,-7.0,-37.0
1776885945.1801028,1.0,-6.0,-40.0
1776885945.1901028,-2.0,-4.0,-36.0
1776885945.2001028,2.0,-2.0,-41.0
1776885945.2101028,4.0,-4.0,-44.0
1776885945.2201028,1.0,-6.0,-52.0
1776885945.2301028,-4.0,-3.0,-49.0
1776885945.2401028,-4.0,-6.0,-45.0
1776885945.2501028,-5.0,-7.0,-43.0
1776885945.2601027,-4.0,-7.0,-33.0
1776885945.2701027,-3.0,-5.0,-32.0
1776885945.2801027,-4.0,-6.0,-26.0
1776885945.2901027,-2.0,-8.0,-27.0
1776885945.3001027,1.0,-7.0,-27.0
1776885945.3101027,-1.0,-3.0,-35.0
1776885945.3201027,0.0,0.0,-38.0
1776885945.3301027,-2.0,3.0,-41.0
1776885945.340103,3.0,0.0,-44.0
1776885945.350103,0.0,0.0,-42.0
1776885945.360103,-3.0,-1.0,-41.0
1776885945.3701026,1.0,-2.0,-45.0
1776885945.3801026,0.0,-2.0,-45.0
1776885945.3901026,0.0,-3.0,-46.0
1776885945.4001029,-2.0,-1.0,-41.0
1776885945.4101028,-6.0,3.0,-47.0
1776885945.4201028,-5.0,4.0,-50.0
1776885945.4301028,-2.0,0.0,-45.0
1776885945.4401028,0.0,0.0,-41.0
1776885945.4501028,-1.0,-3.0,-43.0
1776885945.4601028,-3.0,-4.0,-47.0
1776885945.4701028,-6.0,-3.0,-50.0
1776885945.4801028,-4.0,-1.0,-45.0
1776885945.4901028,-5.0,-6.0,-41.0
1776885945.5001028,-6.0,-4.0,-44.0
1776885945.5101027,-3.0,-7.0,-44.0
1776885945.5201027,-2.0,-7.0,-46.0
1776885945.5301027,-4.0,-7.0,-49.0
1776885945.5401027,-4.0,-1.0,-46.0
1776885945.5501027,-1.0,-1.0,-45.0
1776885945.5601027,-2.0,-3.0,-49.0
1776885945.5701027,0.0,-1.0,-53.0
1776885945.5801027,-2.0,0.0,-49.0
1776885945.590103,-1.0,0.0,-46.0
1776885945.600103,-1.0,5.0,-45.0
1776885945.610103,-2.0,4.0,-49.0
1776885945.6201026,0.0,6.0,-48.0
1776885945.6301026,3.0,5.0,-44.0
1776885945.6401026,6.0,1.0,-44.0
1776885945.6501029,4.0,1.0,-40.0
1776885945.6601028,0.0,0.0,-38.0
1776885945.6701028,-1.0,4.0,-38.0
1776885945.6801028,5.0,7.0,-36.0
1776885945.6901028,3.0,5.0,-31.0
1776885945.7001028,1.0,0.0,-40.0
1776885945.7101028,0.0,0.0,-38.0
1776885945.7201028,2.0,-2.0,-36.0
1776885945.7301028,0.0,-6.0,-35.0
1776885945.7401028,6.0,-6.0,-37.0
1776885945.7501028,6.0,-4.0,-35.0
1776885945.7601027,2.0,-4.0,-30.0
1776885945.7701027,0.0,-4.0,-26.0
1776885945.7801027,0.0,0.0,-30.0
1776885945.7901027,-2.0,0.0,-36.0
1776885945.8001027,1.0,1.0,-38.0
1776885945.8101027,4.0,2.0,-42.0
1776885945.8201027,5.0,-2.0,-39.0
1776885945.8301027,0.0,-5.0,-39.0
1776885945.840103,-1.0,-10.0,-39.0
1776885945.850103,-1.0,-7.0,-35.0
1776885945.860103,0.0,-7.0,-35.0
1776885945.8701026,1.0,-10.0,-35.0
1776885945.8801026,6.0,-12.0,-41.0
1776885945.8901026,3.0,-8.0,-44.0
1776885945.9001029,1.0,-6.0,-47.0
1776885945.9101028,-4.0,-7.0,-44.0
1776885945.9201028,-3.0,-5.0,-40.0
1776885945.9301028,-8.0,-6.0,-43.0
1776885945.9401028,-11.0,-7.0,-44.0
1776885945.9501028,-7.0,-3.0,-43.0
1776885945.9601028,-3.0,-1.0,-40.0
1776885945.9701028,0.0,1.0,-38.0
1776885945.9801028,-4.0,-1.0,-43.0
1776885945.9901028,-1.0,-3.0,-45.0
1776885946.0001028,4.0,-6.0,-45.0
1776885946.0101027,1.0,-4.0,-44.0
1776885946.0201027,2.0,-6.0,-46.0
1776885946.0301027,0.0,-4.0,-44.0
1776885946.0401027,0.0,-3.0,-42.0
1776885946.0501027,0.0,-4.0,-45.0
1776885946.0601027,2.0,-6.0,-51.0
1776885946.0701027,-1.0,-11.0,-50.0
1776885946.0801027,-5.0,-11.0,-48.0
1776885946.090103,-5.0,-12.0,-52.0
1776885946.100103,-4.0,-6.0,-41.0
1776885946.110103,-1.0,-6.0,-45.0
1776885946.1201026,0.0,-3.0,-51.0
1776885946.1301026,3.0,-2.0,-47.0
1776885946.1401026,4.0,-1.0,-43.0
1776885946.1501029,10.0,-1.0,-42.0
1776885946.1601028,11.0,-1.0,-38.0
1776885946.1701028,5.0,0.0,-37.0
1776885946.1801028,2.0,1.0,-35.0
1776885946.1901028,2.0,1.0,-37.0
1776885946.2001028,3.0,3.0,-31.0
1776885946.2101028,1.0,3.0,-26.0
1776885946.2201028,2.0,2.0,-30.0
1776885946.2301028,5.0,1.0,-35.0
1776885946.2401028,1.0,0.0,-37.0
1776885946.2501028,4.0,3.0,-36.0
1776885946.2601027,2.0,0.0,-33.0
1776885946.2701027,2.0,-3.0,-33.0
1776885946.2801027,0.0,-3.0,-41.0
1776885946.2901027,0.0,-6.0,-45.0
1776885946.3001027,5.0,-1.0,-39.0
1776885946.3101027,5.0,2.0,-33.0
1776885946.3201027,3.0,2.0,-35.0
1776885946.3301027,-2.0,0.0,-37.0
1776885946.340103,-11.0,-3.0,-35.0
1776885946.350103,-4.0,-3.0,-30.0
1776885946.360103,-1.0,-1.0,-30.0
1776885946.3701026,3.0,0.0,-29.0
1776885946.3801026,3.0,0.0,-32.0
1776885946.3901026,3.0,-1.0,-33.0
1776885946.4001029,3.0,0.0,-32.0
1776885946.4101028,2.0,-5.0,-32.0
1776885946.4201028,1.0,-5.0,-36.0
1776885946.4301028,-3.0,-9.0,-33.0
1776885946.4401028,-3.0,-7.0,-37.0
1776885946.4501028,-3.0,-4.0,-39.0
1776885946.4601028,-5.0,0.0,-42.0
1776885946.4701028,-11.0,-3.0,-42.0
1776885946.4801028,-2.0,-2.0,-45.0
1776885946.4901028,-5.0,-1.0,-45.0
1776885946.5001028,-2.0,-4.0,-44.0
1776885946.5101027,-3.0,-7.0,-41.0
1776885946.5201027,-2.0,-7.0,-39.0
1776885946.5301027,-7.0,-3.0,-31.0
1776885946.5401027,-7.0,-3.0,-38.0
1776885946.5501027,-5.0,-5.0,-36.0
1776885946.5601027,-2.0,-4.0,-40.0
1776885946.5701027,0.0,-7.0,-46.0
1776885946.5801027,3.0,-6.0,-43.0
1776885946.590103,5.0,-7.0,-47.0
1776885946.600103,5.0,-7.0,-44.0
1776885946.610103,3.0,-3.0,-40.0
1776885946.6201026,1.0,-1.0,-35.0
1776885946.6301026,4.0,-2.0,-36.0
1776885946.6401026,1.0,-4.0,-36.0
1776885946.6501029,0.0,-3.0,-40.0
1776885946.6601028,0.0,-2.0,-39.0
1776885946.6701028,3.0,0.0,-38.0
1776885946.6801028,1.0,0.0,-41.0
1776885946.6901028,-3.0,0.0,-39.0
1776885946.7001028,-3.0,-3.0,-39.0
1776885946.7101028,-2.0,-6.0,-38.0
1776885946.7201028,1.0,-7.0,-36.0
1776885946.7301028,5.0,-3.0,-36.0
1776885946.7401028,3.0,0.0,-37.0
1776885946.7501028,8.0,2.0,-43.0
1776885946.7601027,10.0,4.0,-45.0
1776885946.7701027,4.0,-2.0,-42.0
1776885946.7801027,5.0,-6.0,-33.0
1776885946.7901027,2.0,-1.0,-34.0
1776885946.8001027,4.0,0.0,-35.0
1776885946.8101027,6.0,0.0,-34.0
1776885946.8201027,5.0,0.0,-40.0
1776885946.8301027,4.0,-2.0,-39.0
1776885946.840103,2.0,-4.0,-37.0
1776885946.850103,2.0,-4.0,-36.0
1776885946.860103,4.0,-5.0,-41.0
1776885946.8701026,5.0,-5.0,-40.0
1776885946.8801026,5.0,-6.0,-37.0
1776885946.8901026,5.0,-7.0,-34.0
1776885946.9001029,1.0,-5.0,-37.0
1776885946.9101028,-1.0,-6.0,-37.0
1776885946.9201028,1.0,-6.0,-33.0
1776885946.9301028,2.0,-5.0,-37.0
1776885946.9401028,3.0,-6.0,-34.0
1776885946.9501028,4.0,-7.0,-38.0
1776885946.9601028,0.0,-6.0,-44.0
1776885946.9701028,5.0,-8.0,-49.0
1776885946.9801028,8.0,-5.0,-46.0
1776885946.9901028,5.0,-1.0,-43.0
1776885947.0001028,4.0,-2.0,-41.0
1776885947.0101027,5.0,-2.0,-43.0
1776885947.0201027,1.0,-4.0,-44.0
1776885947.0301027,0.0,-5.0,-42.0
1776885947.0401027,-5.0,0.0,-39.0
1776885947.0501027,-5.0,-2.0,-38.0
1776885947.0601027,-6.0,0.0,-38.0
1776885947.0701027,0.0,0.0,-42.0
1776885947.0801027,-2.0,0.0,-32.0
1776885947.090103,-6.0,-1.0,-33.0
1776885947.100103,-2.0,-5.0,-42.0
1776885947.1111028,-1.0,-8.0,-43.0
1776885947.1211028,-4.0,-7.0,-42.0
1776885947.1311028,-3.0,-8.0,-49.0
1776885947.1411028,0.0,-10.0,-45.0
1776885947.1511028,-3.0,-10.0,-40.0
1776885947.1611028,-3.0,-8.0,-37.0
1776885947.1711028,-3.0,-3.0,-36.0
1776885947.1811028,2.0,-6.0,-30.0
1776885947.1911027,2.0,-8.0,-30.0
1776885947.2011027,3.0,-6.0,-37.0
1776885947.2111027,3.0,-7.0,-36.0
1776885947.2211027,0.0,-5.0,-43.0
1776885947.2311027,-2.0,-6.0,-38.0
1776885947.2411027,0.0,-7.0,-36.0
1776885947.2511027,0.0,-7.0,-39.0
1776885947.261103,-4.0,-6.0,-41.0
1776885947.271103,-3.0,-6.0,-34.0
1776885947.281103,-6.0,-5.0,-28.0
1776885947.2911026,-4.0,-4.0,-32.0
1776885947.3011026,-4.0,-5.0,-37.0
1776885947.3111026,0.0,-2.0,-38.0
1776885947.3211029,3.0,-1.0,-35.0
1776885947.3311028,5.0,1.0,-39.0
1776885947.3411028,5.0,2.0,-47.0
1776885947.3511028,5.0,0.0,-47.0
1776885947.3611028,7.0,-1.0,-44.0
1776885947.3711028,4.0,-2.0,-43.0
1776885947.3811028,3.0,0.0,-42.0
1776885947.3911028,0.0,2.0,-42.0
1776885947.4011028,-2.0,-3.0,-39.0
1776885947.4111028,0.0,-6.0,-40.0
1776885947.4211028,2.0,-8.0,-38.0
1776885947.4311028,0.0,-4.0,-42.0
1776885947.4411027,-1.0,-1.0,-43.0
1776885947.4511027,-2.0,0.0,-39.0
1776885947.4611027,-2.0,-1.0,-40.0
1776885947.4711027,-5.0,-4.0,-43.0
1776885947.4811027,-1.0,-2.0,-42.0
1776885947.4911027,-1.0,-6.0,-41.0
1776885947.5011027,7.0,-7.0,-44.0
1776885947.511103,11.0,-5.0,-45.0
1776885947.521103,6.0,-7.0,-42.0
1776885947.531103,3.0,0.0,-38.0
1776885947.5411026,2.0,-1.0,-35.0
1776885947.5511026,0.0,0.0,-32.0
1776885947.5611026,5.0,0.0,-30.0
1776885947.5711029,5.0,-1.0,-29.0
1776885947.5811028,3.0,2.0,-36.0
1776885947.5911028,2.0,4.0,-35.0
1776885947.6011028,1.0,4.0,-34.0
1776885947.6111028,3.0,0.0,-42.0
1776885947.6211028,-5.0,-2.0,-41.0
1776885947.6311028,-3.0,-3.0,-46.0
1776885947.6411028,-4.0,-2.0,-47.0
1776885947.6511028,1.0,1.0,-50.0
1776885947.6611028,1.0,-4.0,-49.0
1776885947.6711028,2.0,-1.0,-49.0
1776885947.6811028,5.0,-6.0,-51.0
1776885947.6911027,5.0,-2.0,-55.0
1776885947.7011027,7.0,-1.0,-52.0
1776885947.7111027,7.0,-2.0,-55.0
1776885947.7211027,6.0,-1.0,-58.0
1776885947.7311027,6.0,1.0,-57.0
1776885947.7411027,1.0,0.0,-52.0
1776885947.7511027,5.0,-2.0,-54.0
1776885947.761103,1.0,-4.0,-53.0
1776885947.771103,0.0,-2.0,-51.0
1776885947.781103,3.0,-8.0,-51.0
1776885947.7911026,4.0,-4.0,-45.0
1776885947.8011026,0.0,-4.0,-43.0
1776885947.8111026,0.0,-1.0,-39.0
1776885947.8211029,2.0,0.0,-48.0
1776885947.8311028,1.0,0.0,-45.0
1776885947.8411028,2.0,5.0,-43.0
1776885947.8511028,1.0,6.0,-39.0
1776885947.8611028,1.0,7.0,-43.0
1776885947.8711028,4.0,4.0,-38.0
1776885947.8811028,0.0,6.0,-43.0
1776885947.8911028,0.0,6.0,-47.0
1776885947.9011028,1.0,5.0,-50.0
1776885947.9111028,-1.0,6.0,-49.0
1776885947.9211028,0.0,3.0,-49.0
1776885947.9311028,-5.0,0.0,-50.0
1776885947.9411027,-3.0,4.0,-44.0
1776885947.9511027,0.0,3.0,-47.0
1776885947.9611027,1.0,1.0,-40.0
1776885947.9711027,0.0,-2.0,-39.0
1776885947.9811027,0.0,-5.0,-33.0
1776885947.9911027,7.0,0.0,-34.0
1776885948.0011027,2.0,3.0,-36.0
1776885948.011103,1.0,0.0,-35.0
1776885948.021103,2.0,-4.0,-46.0
1776885948.031103,0.0,-5.0,-49.0
1776885948.0411026,0.0,-5.0,-41.0
1776885948.0511026,2.0,-4.0,-45.0
1776885948.0611026,5.0,-4.0,-53.0
1776885948.0711029,9.0,-4.0,-51.0
1776885948.0811028,6.0,-1.0,-43.0
1776885948.0911028,5.0,1.0,-49.0
1776885948.1011028,2.0,1.0,-46.0
1776885948.1111028,3.0,2.0,-44.0
1776885948.1211028,1.0,1.0,-37.0
1776885948.1311028,-2.0,3.0,-34.0
1776885948.1411028,0.0,4.0,-36.0
1776885948.1511028,2.0,4.0,-37.0
1776885948.1611028,-2.0,3.0,-37.0
1776885948.1711028,-3.0,0.0,-41.0
1776885948.1811028,-1.0,-3.0,-43.0
1776885948.1911027,-1.0,-4.0,-40.0
1776885948.2011027,-2.0,-2.0,-35.0
1776885948.2111027,-1.0,0.0,-37.0
1776885948.2211027,-4.0,3.0,-36.0
1776885948.2311027,0.0,1.0,-38.0
1776885948.2411027,3.0,0.0,-34.0
1776885948.2511027,1.0,-1.0,-30.0
1776885948.261103,3.0,0.0,-32.0
1776885948.271103,2.0,-1.0,-30.0
1776885948.281103,4.0,0.0,-32.0
1776885948.2911026,10.0,1.0,-33.0
1776885948.3011026,3.0,1.0,-45.0
1776885948.3111026,1.0,5.0,-49.0
1776885948.3211029,4.0,1.0,-43.0
1776885948.3311028,5.0,-1.0,-37.0
1776885948.3411028,2.0,-2.0,-42.0
1776885948.3511028,-4.0,0.0,-37.0
1776885948.3611028,-5.0,-3.0,-36.0
1776885948.3711028,-5.0,-3.0,-33.0
1776885948.3811028,-4.0,-1.0,-32.0
1776885948.3911028,-3.0,-1.0,-38.0
1776885948.4011028,-2.0,0.0,-44.0
1776885948.4111028,0.0,0.0,-44.0
1776885948.4211028,-3.0,-1.0,-45.0
1776885948.4311028,-12.0,-4.0,-43.0
1776885948.4411027,-8.0,0.0,-43.0
1776885948.4511027,-7.0,0.0,-38.0
1776885948.4611027,-6.0,0.0,-36.0
1776885948.4711027,1.0,-1.0,-24.0
1776885948.4811027,0.0,-4.0,-33.0
1776885948.4911027,-1.0,-4.0,-39.0
1776885948.5011027,0.0,-2.0,-44.0
1776885948.511103,0.0,-1.0,-41.0
1776885948.521103,0.0,1.0,-42.0
1776885948.531103,-4.0,4.0,-39.0
1776885948.5411026,-3.0,3.0,-36.0
1776885948.5511026,-2.0,0.0,-41.0
1776885948.5611026,-1.0,0.0,-41.0
1776885948.5711029,-1.0,-3.0,-38.0
1776885948.5811028,1.0,-5.0,-42.0
1776885948.5911028,0.0,-4.0,-44.0
1776885948.6011028,2.0,-8.0,-47.0
1776885948.6111028,1.0,-10.0,-38.0
1776885948.6211028,-3.0,-9.0,-35.0
1776885948.6311028,0.0,-11.0,-29.0
1776885948.6411028,1.0,-6.0,-37.0
1776885948.6511028,0.0,-7.0,-43.0
1776885948.6611028,-1.0,-5.0,-44.0
1776885948.6711028,1.0,-2.0,-48.0
1776885948.6811028,3.0,-2.0,-48.0
1776885948.6911027,3.0,0.0,-50.0
1776885948.7011027,3.0,0.0,-40.0
1776885948.7111027,0.0,0.0,-39.0
1776885948.7211027,0.0,-1.0,-38.0
1776885948.7311027,0.0,1.0,-37.0
1776885948.7411027,3.0,4.0,-32.0
1776885948.7511027,1.0,1.0,-33.0
1776885948.761103,0.0,-3.0,-33.0
1776885948.771103,0.0,-3.0,-34.0
1776885948.781103,0.0,-5.0,-36.0
1776885948.7911026,-1.0,-7.0,-37.0
1776885948.8011026,0.0,-5.0,-36.0
1776885948.8111026,2.0,-6.0,-37.0
1776885948.8211029,3.0,-6.0,-34.0
1776885948.8311028,3.0,-1.0,-35.0
1776885948.8411028,0.0,-6.0,-37.0
1776885948.8511028,0.0,-7.0,-41.0
1776885948.8611028,-2.0,-3.0,-42.0
1776885948.8711028,-2.0,-6.0,-40.0
1776885948.8811028,-1.0,0.0,-45.0
1776885948.8911028,0.0,-1.0,-48.0
1776885948.9011028,-3.0,-1.0,-47.0
1776885948.9111028,-3.0,3.0,-48.0
1776885948.9211028,-2.0,6.0,-44.0
1776885948.9311028,-5.0,1.0,-37.0
1776885948.9411027,-7.0,2.0,-37.0
1776885948.9511027,-5.0,0.0,-41.0
1776885948.9611027,-5.0,-4.0,-41.0
1776885948.9711027,-4.0,-4.0,-45.0
1776885948.9811027,0.0,-6.0,-44.0
1776885948.9911027,0.0,-3.0,-41.0
1776885949.0011027,3.0,-2.0,-51.0
1776885949.011103,2.0,1.0,-51.0
1776885949.021103,4.0,2.0,-54.0
1776885949.031103,7.0,2.0,-52.0
1776885949.0411026,4.0,3.0,-49.0
1776885949.0511026,3.0,0.0,-46.0
1776885949.0611026,0.0,1.0,-54.0
1776885949.0711029,-3.0,4.0,-51.0
1776885949.0811028,-1.0,0.0,-54.0
1776885949.0911028,2.0,0.0,-51.0
1776885949.1021028,3.0,4.0,-51.0
1776885949.1121027,0.0,3.0,-46.0
1776885949.1221027,0.0,3.0,-45.0
1776885949.1321027,0.0,4.0,-48.0
1776885949.1421027,1.0,6.0,-49.0
1776885949.1521027,0.0,7.0,-46.0
1776885949.1621027,-5.0,5.0,-41.0
1776885949.1721027,-2.0,2.0,-42.0
1776885949.182103,-6.0,-3.0,-45.0
1776885949.192103,-2.0,-4.0,-42.0
1776885949.202103,-1.0,-3.0,-40.0
1776885949.212103,-2.0,-2.0,-39.0
1776885949.2221026,-2.0,-1.0,-31.0
1776885949.2321026,-3.0,-4.0,-30.0
1776885949.2421026,-1.0,-2.0,-31.0
1776885949.2521029,1.0,-2.0,-34.0
1776885949.2621028,1.0,0.0,-37.0
1776885949.2721028,-4.0,1.0,-41.0
1776885949.2821028,-2.0,2.0,-38.0
1776885949.2921028,3.0,2.0,-41.0
1776885949.3021028,-3.0,0.0,-38.0
1776885949.3121028,-1.0,1.0,-37.0
1776885949.3221028,2.0,0.0,-41.0
1776885949.3321028,2.0,-1.0,-33.0
1776885949.3421028,4.0,-1.0,-41.0
1776885949.3521028,7.0,-3.0,-43.0
1776885949.3621027,6.0,-1.0,-41.0
1776885949.3721027,5.0,0.0,-41.0
1776885949.3821027,1.0,0.0,-39.0
1776885949.3921027,5.0,1.0,-38.0
1776885949.4021027,3.0,-2.0,-37.0
1776885949.4121027,0.0,-2.0,-36.0
1776885949.4221027,-1.0,-2.0,-44.0
1776885949.432103,3.0,0.0,-43.0
1776885949.442103,2.0,-2.0,-44.0
1776885949.452103,2.0,1.0,-40.0
1776885949.462103,0.0,3.0,-39.0
1776885949.4721026,-2.0,3.0,-41.0
1776885949.4821026,-4.0,4.0,-39.0
1776885949.4921026,-6.0,4.0,-38.0
1776885949.5021029,-5.0,3.0,-41.0
1776885949.5121028,-1.0,1.0,-39.0
1776885949.5221028,2.0,-2.0,-36.0
1776885949.5321028,1.0,-6.0,-35.0
1776885949.5421028,0.0,-3.0,-37.0
1776885949.5521028,-2.0,-4.0,-38.0
1776885949.5621028,1.0,-4.0,-38.0
1776885949.5721028,0.0,-5.0,-36.0
1776885949.5821028,-1.0,-7.0,-29.0
1776885949.5921028,3.0,-8.0,-32.0
1776885949.6021028,3.0,-9.0,-28.0
1776885949.6121027,5.0,-6.0,-25.0
1776885949.6221027,5.0,-4.0,-34.0
1776885949.6321027,-1.0,-4.0,-40.0
1776885949.6421027,1.0,-3.0,-42.0
1776885949.6521027,4.0,-4.0,-38.0
1776885949.6621027,2.0,-1.0,-43.0
1776885949.6721027,-1.0,-2.0,-41.0
1776885949.682103,0.0,0.0,-31.0
1776885949.692103,-1.0,1.0,-28.0
1776885949.702103,0.0,2.0,-26.0
1776885949.712103,1.0,0.0,-25.0
1776885949.7221026,1.0,0.0,-24.0
1776885949.7321026,5.0,-2.0,-28.0
1776885949.7421026,8.0,-3.0,-37.0
1776885949.7521029,7.0,-2.0,-34.0
1776885949.7621028,6.0,-2.0,-31.0
1776885949.7721028,0.0,-3.0,-28.0
1776885949.7821028,-1.0,-10.0,-38.0
1776885949.7921028,0.0,-11.0,-37.0
1776885949.8021028,3.0,-4.0,-40.0
1776885949.8121028,3.0,-2.0,-42.0
1776885949.8221028,3.0,-5.0,-38.0
1776885949.8321028,0.0,-5.0,-37.0
1776885949.8421028,0.0,-5.0,-39.0
1776885949.8521028,1.0,-9.0,-42.0
1776885949.8621027,-3.0,-7.0,-41.0
1776885949.8721027,-3.0,-10.0,-41.0
1776885949.8821027,-2.0,-9.0,-40.0
1776885949.8921027,0.0,-5.0,-40.0
1776885949.9021027,-2.0,-2.0,-38.0
1776885949.9121027,0.0,0.0,-44.0
1776885949.9221027,0.0,2.0,-42.0
1776885949.932103,-3.0,2.0,-43.0
1776885949.942103,-2.0,0.0,-43.0
1776885949.952103,0.0,0.0,-43.0
1776885949.962103,6.0,2.0,-44.0
1776885949.9721026,5.0,4.0,-40.0
1776885949.9821026,1.0,3.0,-37.0
1776885949.9921026,0.0,0.0,-35.0
1776885950.0021029,-1.0,0.0,-27.0
1776885950.0121028,0.0,-2.0,-28.0
1776885950.0221028,2.0,-2.0,-35.0
1776885950.0321028,0.0,-2.0,-36.0
1776885950.0421028,2.0,-4.0,-38.0
1776885950.0521028,0.0,-5.0,-39.0
1776885950.0621028,-2.0,-5.0,-38.0
1776885950.0721028,-2.0,-7.0,-43.0
1776885950.0821028,-3.0,-6.0,-52.0
1776885950.0921028,-4.0,-3.0,-56.0
1776885950.1021028,-7.0,-2.0,-49.0
1776885950.1121027,-2.0,0.0,-45.0
1776885950.1221027,0.0,0.0,-46.0
1776885950.1321027,-3.0,-1.0,-45.0
1776885950.1421027,-5.0,-3.0,-43.0
1776885950.1521027,-4.0,-1.0,-40.0
1776885950.1621027,-1.0,0.0,-33.0
1776885950.1721027,-6.0,0.0,-35.0
1776885950.182103,-6.0,2.0,-38.0
1776885950.192103,-5.0,3.0,-41.0
1776885950.202103,-5.0,2.0,-37.0
1776885950.212103,-5.0,0.0,-30.0
1776885950.2221026,-5.0,-2.0,-27.0
1776885950.2321026,-1.0,0.0,-33.0
1776885950.2421026,-2.0,1.0,-34.0
1776885950.2521029,1.0,3.0,-37.0
1776885950.2621028,1.0,5.0,-38.0
1776885950.2721028,1.0,0.0,-44.0
1776885950.2821028,1.0,0.0,-41.0
1776885950.2921028,0.0,1.0,-37.0
1776885950.3021028,0.0,-1.0,-36.0
1776885950.3121028,-1.0,0.0,-29.0
1776885950.3221028,4.0,-1.0,-25.0
1776885950.3321028,-1.0,0.0,-25.0
1776885950.3421028,-2.0,2.0,-27.0
1776885950.3521028,-2.0,-2.0,-30.0
1776885950.3621027,-7.0,-7.0,-35.0
1776885950.3721027,-8.0,-3.0,-38.0
1776885950.3821027,-7.0,-4.0,-38.0
1776885950.3921027,-5.0,-3.0,-35.0
1776885950.4021027,-5.0,-4.0,-34.0
1776885950.4121027,1.0,0.0,-35.0
1776885950.4221027,2.0,-3.0,-32.0
1776885950.4331028,3.0,-4.0,-35.0
1776885950.442103,3.0,-1.0,-39.0
1776885950.452103,8.0,-5.0,-47.0
1776885950.462103,6.0,0.0,-45.0
1776885950.4721026,3.0,1.0,-45.0
1776885950.4821026,-1.0,2.0,-47.0
1776885950.4921026,-3.0,0.0,-52.0
1776885950.5021029,-6.0,0.0,-46.0
1776885950.5121028,-4.0,3.0,-45.0
1776885950.5221028,-6.0,3.0,-47.0
1776885950.5321028,-3.0,0.0,-53.0
1776885950.5421028,-6.0,0.0,-49.0
1776885950.5521028,-4.0,-1.0,-46.0
1776885950.5621028,-2.0,-3.0,-47.0
1776885950.5721028,-4.0,-2.0,-48.0
1776885950.5821028,-4.0,0.0,-45.0
1776885950.5921028,-3.0,0.0,-43.0
1776885950.6021028,-3.0,4.0,-44.0
1776885950.6121027,-4.0,4.0,-40.0
1776885950.6221027,-3.0,7.0,-38.0
1776885950.6321027,-2.0,9.0,-42.0
1776885950.6421027,2.0,7.0,-49.0
1776885950.6521027,1.0,4.0,-40.0
1776885950.6621027,3.0,5.0,-37.0
1776885950.6721027,3.0,3.0,-40.0
1776885950.682103,6.0,1.0,-40.0
1776885950.692103,8.0,-1.0,-39.0
1776885950.702103,13.0,-7.0,-41.0
1776885950.712103,11.0,-7.0,-43.0
1776885950.7221026,6.0,-8.0,-39.0
1776885950.7321026,7.0,-7.0,-35.0
1776885950.7421026,7.0,-6.0,-33.0
1776885950.7521029,6.0,-9.0,-36.0
1776885950.7621028,2.0,-7.0,-39.0
1776885950.7721028,0.0,-7.0,-42.0
1776885950.7821028,-2.0,-13.0,-49.0
1776885950.7921028,0.0,-14.0,-47.0
1776885950.8021028,0.0,-15.0,-41.0
1776885950.8121028,0.0,-11.0,-37.0
1776885950.8221028,1.0,-9.0,-35.0
1776885950.8321028,0.0,-8.0,-32.0
1776885950.8421028,1.0,-6.0,-33.0
1776885950.8521028,0.0,-5.0,-34.0
1776885950.8621027,0.0,-2.0,-36.0
1776885950.8721027,-1.0,-1.0,-42.0
1776885950.8821027,0.0,-1.0,-40.0
1776885950.8921027,3.0,-1.0,-46.0
1776885950.9021027,7.0,-1.0,-48.0
1776885950.9121027,4.0,0.0,-46.0
1776885950.9221027,0.0,0.0,-43.0
1776885950.932103,-4.0,0.0,-36.0
1776885950.942103,-5.0,1.0,-38.0
1776885950.952103,-6.0,-3.0,-39.0
1776885950.962103,-4.0,-4.0,-39.0
1776885950.9721026,-4.0,-3.0,-38.0
1776885950.9821026,-1.0,0.0,-40.0
1776885950.9921026,-1.0,1.0,-37.0
1776885951.0021029,2.0,2.0,-35.0
1776885951.0121028,1.0,1.0,-38.0
1776885951.0221028,1.0,5.0,-44.0
1776885951.0321028,4.0,3.0,-50.0
1776885951.0421028,0.0,0.0,-47.0
1776885951.0521028,0.0,-1.0,-40.0
1776885951.0621028,3.0,-2.0,-40.0
1776885951.0721028,7.0,-1.0,-40.0
1776885951.0831027,5.0,-3.0,-35.0
1776885951.0921028,1.0,1.0,-27.0
1776885951.1031027,-2.0,3.0,-25.0
1776885951.113103,-5.0,1.0,-21.0
1776885951.123103,-3.0,2.0,-24.0
1776885951.133103,-6.0,0.0,-26.0
1776885951.1431026,-5.0,4.0,-31.0
1776885951.1531026,-4.0,3.0,-34.0
1776885951.1631026,-2.0,6.0,-27.0
1776885951.1731029,-1.0,8.0,-28.0
1776885951.1831028,-1.0,7.0,-32.0
1776885951.1931028,-3.0,8.0,-37.0
1776885951.2031028,-2.0,3.0,-43.0
1776885951.2131028,4.0,2.0,-40.0
1776885951.2231028,3.0,5.0,-42.0
1776885951.2331028,3.0,1.0,-43.0
1776885951.2431028,0.0,1.0,-40.0
1776885951.2531028,-3.0,0.0,-36.0
1776885951.2631028,-6.0,-4.0,-32.0
1776885951.2731028,-7.0,-3.0,-34.0
1776885951.2831028,-7.0,-3.0,-41.0
1776885951.2931027,-6.0,-3.0,-50.0
1776885951.3031027,-6.0,-1.0,-49.0
1776885951.3131027,-7.0,1.0,-52.0
1776885951.3231027,-7.0,8.0,-45.0
1776885951.3331027,-6.0,4.0,-45.0
1776885951.3431027,-9.0,3.0,-43.0
1776885951.3531027,-6.0,0.0,-39.0
1776885951.363103,-1.0,-2.0,-37.0
1776885951.373103,-1.0,2.0,-39.0
1776885951.383103,-3.0,2.0,-43.0
1776885951.3931026,-6.0,4.0,-36.0
1776885951.4031026,-6.0,2.0,-39.0
1776885951.4131026,-2.0,-1.0,-37.0
1776885951.4231029,1.0,0.0,-42.0
1776885951.4331028,-1.0,-1.0,-42.0
1776885951.4431028,0.0,0.0,-43.0
1776885951.4531028,3.0,-1.0,-43.0
1776885951.4631028,5.0,0.0,-45.0
1776885951.4731028,1.0,-2.0,-43.0
1776885951.4831028,2.0,-6.0,-43.0
1776885951.4931028,1.0,-6.0,-43.0
1776885951.5031028,2.0,-3.0,-44.0
1776885951.5131028,5.0,-1.0,-41.0
1776885951.5231028,5.0,3.0,-34.0
1776885951.5331028,4.0,3.0,-33.0
1776885951.5431027,6.0,4.0,-35.0
1776885951.5531027,3.0,8.0,-37.0
1776885951.5631027,-1.0,8.0,-36.0
1776885951.5731027,-3.0,8.0,-40.0
1776885951.5831027,-2.0,3.0,-41.0
1776885951.5931027,0.0,1.0,-43.0
1776885951.6031027,1.0,-2.0,-47.0
1776885951.613103,2.0,-1.0,-43.0
1776885951.623103,3.0,-2.0,-41.0
1776885951.633103,-1.0,0.0,-40.0
1776885951.6431026,-3.0,-5.0,-45.0
1776885951.6531026,-5.0,-2.0,-47.0
1776885951.6631026,-3.0,-2.0,-50.0
1776885951.6731029,-2.0,-1.0,-48.0
1776885951.6831028,0.0,-3.0,-51.0
1776885951.6931028,1.0,-7.0,-47.0
1776885951.7031028,0.0,-3.0,-48.0
1776885951.7131028,0.0,0.0,-44.0
1776885951.7231028,0.0,0.0,-42.0
1776885951.7331028,-2.0,-1.0,-41.0
1776885951.7431028,-2.0,-1.0,-47.0
1776885951.7531028,2.0,-2.0,-37.0
1776885951.7631028,-1.0,-3.0,-39.0
1776885951.7731028,7.0,-6.0,-37.0
1776885951.7831028,2.0,-5.0,-36.0
1776885951.7931027,-2.0,-5.0,-35.0
1776885951.8031027,-2.0,-6.0,-32.0
1776885951.8131027,-2.0,-5.0,-32.0
1776885951.8231027,-4.0,-3.0,-41.0
1776885951.8331027,-4.0,-3.0,-32.0
1776885951.8431027,0.0,-4.0,-31.0
1776885951.8531027,7.0,-4.0,-44.0
1776885951.863103,4.0,-7.0,-47.0
1776885951.873103,3.0,-2.0,-45.0
1776885951.883103,-1.0,-4.0,-42.0
1776885951.8931026,-3.0,0.0,-49.0
1776885951.9031026,0.0,-2.0,-54.0
1776885951.9131026,0.0,-6.0,-53.0
1776885951.9231029,-1.0,-3.0,-40.0
1776885951.9331028,0.0,-1.0,-35.0
1776885951.9431028,-1.0,-3.0,-31.0
1776885951.9531028,3.0,-3.0,-27.0
1776885951.9631028,3.0,-2.0,-22.0
1776885951.9731028,5.0,1.0,-19.0
1776885951.9831028,4.0,0.0,-19.0
1776885951.9931028,4.0,-3.0,-20.0
1776885952.0031028,4.0,-2.0,-22.0
1776885952.0131028,2.0,-2.0,-29.0
1776885952.0231028,0.0,-3.0,-30.0
1776885952.0331028,1.0,-1.0,-31.0
1776885952.0431027,4.0,0.0,-33.0
1776885952.0531027,1.0,-2.0,-30.0
1776885952.0631027,2.0,-3.0,-32.0
1776885952.0731027,-1.0,0.0,-33.0
1776885952.0831027,0.0,2.0,-39.0
1776885952.0931027,-3.0,1.0,-46.0
1776885952.1031027,-3.0,4.0,-46.0
1776885952.113103,3.0,1.0,-44.0
1776885952.123103,4.0,0.0,-38.0
1776885952.133103,2.0,-1.0,-41.0
1776885952.1431026,0.0,-3.0,-32.0
1776885952.1531026,-1.0,-2.0,-41.0
1776885952.1631026,-1.0,-1.0,-43.0
1776885952.1731029,2.0,-1.0,-47.0
1776885952.1831028,0.0,1.0,-37.0
1776885952.1931028,0.0,3.0,-36.0
1776885952.2031028,1.0,3.0,-35.0
1776885952.2131028,0.0,1.0,-36.0
1776885952.2231028,1.0,-2.0,-39.0
1776885952.2331028,2.0,-1.0,-43.0
1776885952.2431028,4.0,-1.0,-46.0
1776885952.2531028,4.0,-1.0,-44.0
1776885952.2631028,3.0,-5.0,-43.0
1776885952.2731028,2.0,0.0,-42.0
1776885952.2831028,0.0,3.0,-40.0
1776885952.2931027,1.0,3.0,-36.0
1776885952.3031027,0.0,2.0,-42.0
1776885952.3131027,1.0,0.0,-45.0
1776885952.3231027,5.0,0.0,-41.0
1776885952.3331027,3.0,-1.0,-46.0
1776885952.3431027,5.0,0.0,-48.0
1776885952.3531027,5.0,-2.0,-48.0
1776885952.363103,5.0,-2.0,-43.0
1776885952.373103,5.0,-1.0,-40.0
1776885952.383103,6.0,0.0,-41.0
1776885952.3931026,6.0,0.0,-41.0
1776885952.4031026,5.0,-3.0,-47.0
1776885952.4131026,6.0,-3.0,-51.0
1776885952.4231029,8.0,-3.0,-52.0
1776885952.4331028,7.0,-4.0,-54.0
1776885952.4431028,8.0,-4.0,-49.0
1776885952.4531028,13.0,-4.0,-40.0
1776885952.4631028,9.0,-1.0,-42.0
1776885952.4731028,2.0,-4.0,-42.0
1776885952.4831028,2.0,-3.0,-43.0
1776885952.4931028,4.0,0.0,-43.0
1776885952.5031028,0.0,-3.0,-43.0
1776885952.5131028,-2.0,-8.0,-40.0
1776885952.5231028,-3.0,-10.0,-42.0
1776885952.5331028,-5.0,-13.0,-41.0
1776885952.5431027,-5.0,-10.0,-35.0
1776885952.5531027,-3.0,-4.0,-37.0
1776885952.5631027,-4.0,-4.0,-36.0
1776885952.5731027,-5.0,-7.0,-44.0
1776885952.5831027,-2.0,-8.0,-39.0
1776885952.5931027,-3.0,-2.0,-38.0
1776885952.6031027,0.0,-3.0,-38.0
1776885952.613103,2.0,-2.0,-34.0
1776885952.623103,-2.0,-2.0,-33.0
1776885952.633103,-4.0,0.0,-32.0
1776885952.6431026,-4.0,0.0,-35.0
1776885952.6531026,-3.0,1.0,-37.0
1776885952.6631026,-2.0,-1.0,-35.0
1776885952.6731029,-1.0,1.0,-37.0
1776885952.6831028,1.0,0.0,-38.0
1776885952.6931028,2.0,-2.0,-41.0
1776885952.7031028,5.0,-1.0,-39.0
1776885952.7131028,2.0,2.0,-40.0
1776885952.7231028,3.0,4.0,-38.0
1776885952.7331028,3.0,1.0,-39.0
1776885952.7431028,2.0,-2.0,-43.0
1776885952.7531028,-3.0,-1.0,-38.0
1776885952.7631028,-1.0,-1.0,-38.0
1776885952.7731028,-3.0,-2.0,-41.0
1776885952.7831028,-3.0,1.0,-48.0
1776885952.7931027,-2.0,-2.0,-49.0
1776885952.8031027,-2.0,0.0,-41.0
1776885952.8131027,1.0,1.0,-39.0
1776885952.8231027,0.0,3.0,-41.0
1776885952.8331027,1.0,3.0,-37.0
1776885952.8431027,1.0,0.0,-30.0
1776885952.8531027,-4.0,-4.0,-37.0
1776885952.863103,-5.0,-1.0,-37.0
1776885952.873103,-1.0,0.0,-38.0
1776885952.883103,-4.0,-1.0,-32.0
1776885952.8931026,-2.0,0.0,-30.0
1776885952.9031026,2.0,0.0,-33.0
1776885952.9131026,3.0,1.0,-30.0
1776885952.9231029,6.0,1.0,-28.0
1776885952.9331028,7.0,0.0,-38.0
1776885952.9431028,10.0,1.0,-37.0
1776885952.9531028,4.0,3.0,-34.0
1776885952.9631028,4.0,4.0,-36.0
1776885952.9731028,0.0,5.0,-32.0
1776885952.9831028,-6.0,6.0,-34.0
1776885952.9931028,-4.0,5.0,-40.0
1776885953.0031028,-6.0,6.0,-41.0
1776885953.0131028,-2.0,2.0,-41.0
1776885953.0231028,0.0,3.0,-41.0
1776885953.0331028,3.0,3.0,-50.0
1776885953.0431027,5.0,1.0,-51.0
1776885953.054103,1.0,-1.0,-57.0
1776885953.0641026,5.0,-2.0,-50.0
1776885953.0741026,4.0,-1.0,-45.0
1776885953.0831027,2.0,-1.0,-41.0
1776885953.0931027,1.0,0.0,-41.0
1776885953.1041028,0.0,-2.0,-49.0
1776885953.1141028,0.0,0.0,-49.0
1776885953.1241028,2.0,-2.0,-47.0
1776885953.1341028,1.0,1.0,-47.0
1776885953.1441028,0.0,2.0,-49.0
1776885953.1541028,0.0,5.0,-47.0
1776885953.1641028,0.0,6.0,-42.0
1776885953.1741028,0.0,4.0,-36.0
1776885953.1841028,1.0,0.0,-38.0
1776885953.1941028,8.0,0.0,-41.0
1776885953.2041028,5.0,-3.0,-43.0
1776885953.2141027,3.0,0.0,-40.0
1776885953.2241027,0.0,0.0,-37.0
1776885953.2341027,-4.0,-1.0,-29.0
1776885953.2441027,-4.0,-6.0,-30.0
1776885953.2541027,-5.0,-3.0,-30.0
1776885953.2641027,-6.0,-1.0,-30.0
1776885953.2741027,-6.0,-2.0,-29.0
1776885953.284103,-6.0,-4.0,-30.0
1776885953.294103,-4.0,-4.0,-33.0
1776885953.304103,-4.0,-9.0,-41.0
1776885953.3141026,0.0,-8.0,-36.0
1776885953.3241026,1.0,-9.0,-33.0
1776885953.3341026,1.0,-7.0,-39.0
1776885953.3441026,0.0,-4.0,-45.0
1776885953.3541028,3.0,-3.0,-43.0
1776885953.3641028,4.0,-2.0,-40.0
1776885953.3741028,-4.0,-2.0,-44.0
1776885953.3841028,-4.0,-1.0,-45.0
1776885953.3941028,-2.0,1.0,-48.0
1776885953.4041028,2.0,4.0,-43.0
1776885953.4141028,5.0,2.0,-43.0
1776885953.4241028,1.0,3.0,-48.0
1776885953.4341028,0.0,1.0,-44.0
1776885953.4441028,1.0,-2.0,-45.0
1776885953.4541028,1.0,-3.0,-46.0
1776885953.4641027,2.0,-5.0,-50.0
1776885953.4741027,1.0,-7.0,-43.0
1776885953.4841027,1.0,-9.0,-41.0
1776885953.4941027,0.0,-9.0,-40.0
1776885953.5041027,5.0,-8.0,-40.0
1776885953.5141027,2.0,-5.0,-40.0
1776885953.5241027,-2.0,-7.0,-38.0
1776885953.534103,-2.0,-6.0,-40.0
1776885953.544103,0.0,-2.0,-35.0
1776885953.554103,4.0,-5.0,-32.0
1776885953.5641026,4.0,-3.0,-33.0
1776885953.5741026,7.0,-4.0,-32.0
1776885953.5841026,8.0,-5.0,-34.0
1776885953.5941026,3.0,-3.0,-31.0
1776885953.6041028,1.0,-4.0,-25.0
1776885953.6141028,0.0,-1.0,-28.0
1776885953.6241028,-3.0,-6.0,-31.0
1776885953.6341028,-6.0,-2.0,-30.0
1776885953.6441028,-2.0,0.0,-29.0
1776885953.6541028,0.0,0.0,-31.0
1776885953.6641028,0.0,0.0,-36.0
1776885953.6741028,1.0,-3.0,-40.0
1776885953.6841028,0.0,-1.0,-42.0
1776885953.6941028,3.0,0.0,-38.0
1776885953.7041028,3.0,0.0,-40.0
1776885953.7141027,0.0,0.0,-41.0
1776885953.7241027,3.0,-4.0,-38.0
1776885953.7341027,4.0,0.0,-42.0
1776885953.7441027,0.0,2.0,-42.0
1776885953.7541027,-1.0,6.0,-39.0
1776885953.7641027,-2.0,4.0,-37.0
1776885953.7741027,-3.0,2.0,-37.0
1776885953.784103,0.0,5.0,-33.0
1776885953.794103,-2.0,5.0,-31.0
1776885953.804103,-3.0,3.0,-39.0
1776885953.8141026,2.0,-2.0,-40.0
1776885953.8241026,4.0,-8.0,-31.0
1776885953.8341026,2.0,-7.0,-25.0
1776885953.8441026,3.0,-3.0,-28.0
1776885953.8541028,1.0,-6.0,-31.0
1776885953.8641028,0.0,-5.0,-29.0
1776885953.8741028,0.0,-2.0,-32.0
1776885953.8841028,0.0,-3.0,-32.0
1776885953.8941028,1.0,-6.0,-30.0
1776885953.9041028,-2.0,-4.0,-30.0
1776885953.9141028,0.0,-6.0,-33.0
1776885953.9241028,-2.0,-6.0,-34.0
1776885953.9341028,0.0,-6.0,-35.0
1776885953.9441028,3.0,-6.0,-43.0
1776885953.9541028,2.0,-7.0,-46.0
1776885953.9641027,3.0,-2.0,-43.0
1776885953.9741027,5.0,0.0,-44.0
1776885953.9841027,6.0,4.0,-44.0
1776885953.9941027,1.0,6.0,-37.0
1776885954.0041027,-2.0,3.0,-30.0
1776885954.0141027,-3.0,2.0,-26.0
1776885954.0241027,-6.0,0.0,-29.0
1776885954.034103,-7.0,-3.0,-27.0
1776885954.044103,-4.0,-5.0,-28.0
1776885954.054103,-2.0,-3.0,-27.0
1776885954.0641026,-7.0,-2.0,-38.0
1776885954.0741026,-7.0,-1.0,-44.0
1776885954.0841026,-7.0,-1.0,-43.0
1776885954.0941026,-10.0,0.0,-47.0
1776885954.1041028,-8.0,0.0,-45.0
1776885954.1141028,-8.0,0.0,-52.0
1776885954.1241028,-5.0,0.0,-42.0
1776885954.1341028,-3.0,-2.0,-43.0
1776885954.1441028,0.0,-2.0,-44.0
1776885954.1541028,-2.0,-2.0,-50.0
1776885954.1641028,-2.0,-8.0,-48.0
1776885954.1741028,-2.0,-6.0,-48.0
1776885954.1841028,-1.0,-4.0,-45.0
1776885954.1941028,-3.0,-1.0,-44.0
1776885954.2041028,0.0,1.0,-43.0
1776885954.2141027,0.0,3.0,-45.0
1776885954.2241027,0.0,2.0,-39.0
1776885954.2341027,0.0,0.0,-33.0
1776885954.2441027,0.0,0.0,-36.0
1776885954.2541027,2.0,0.0,-41.0
1776885954.2641027,7.0,-2.0,-38.0
1776885954.2741027,10.0,-5.0,-32.0
1776885954.284103,9.0,-5.0,-35.0
1776885954.294103,4.0,-4.0,-32.0
1776885954.304103,-1.0,-4.0,-29.0
1776885954.3141026,-3.0,-3.0,-33.0
1776885954.3241026,-3.0,0.0,-34.0
1776885954.3341026,-1.0,4.0,-36.0
1776885954.3441026,0.0,6.0,-37.0
1776885954.3541028,0.0,4.0,-38.0
1776885954.3641028,-2.0,4.0,-34.0
1776885954.3741028,-2.0,1.0,-31.0
1776885954.3841028,0.0,0.0,-36.0
1776885954.3941028,-2.0,-2.0,-39.0
1776885954.4041028,-2.0,-4.0,-36.0
1776885954.4141028,-3.0,-4.0,-35.0
1776885954.4241028,-1.0,-3.0,-27.0
1776885954.4341028,0.0,0.0,-28.0
1776885954.4441028,0.0,-5.0,-35.0
1776885954.4541028,1.0,-5.0,-39.0
1776885954.4641027,1.0,0.0,-35.0
1776885954.4741027,3.0,5.0,-35.0
1776885954.4841027,2.0,4.0,-31.0
1776885954.4941027,3.0,4.0,-38.0
1776885954.5041027,0.0,5.0,-33.0
1776885954.5141027,-2.0,4.0,-30.0
1776885954.5241027,-4.0,0.0,-32.0
1776885954.534103,-2.0,2.0,-36.0
1776885954.544103,0.0,1.0,-37.0
1776885954.554103,4.0,-1.0,-41.0
1776885954.5641026,9.0,-1.0,-46.0
1776885954.5741026,8.0,0.0,-39.0
1776885954.5841026,6.0,1.0,-43.0
1776885954.5941026,6.0,5.0,-42.0
1776885954.6041028,1.0,2.0,-44.0
1776885954.6141028,0.0,0.0,-39.0
1776885954.6241028,-2.0,0.0,-35.0
1776885954.6341028,-4.0,0.0,-36.0
1776885954.6441028,-3.0,0.0,-35.0
1776885954.6541028,-4.0,-2.0,-42.0
1776885954.6641028,-3.0,-1.0,-40.0
1776885954.6741028,-5.0,-3.0,-41.0
1776885954.6841028,-7.0,0.0,-40.0
1776885954.6941028,-8.0,-3.0,-41.0
1776885954.7041028,-1.0,-4.0,-39.0
1776885954.7141027,0.0,-3.0,-41.0
1776885954.7241027,2.0,-1.0,-35.0
1776885954.7341027,5.0,-1.0,-35.0
1776885954.7441027,3.0,4.0,-38.0
1776885954.7541027,4.0,4.0,-44.0
1776885954.7641027,2.0,4.0,-43.0
1776885954.7741027,0.0,7.0,-46.0
1776885954.784103,3.0,12.0,-41.0
1776885954.794103,8.0,10.0,-44.0
1776885954.804103,6.0,6.0,-45.0
1776885954.8141026,4.0,0.0,-47.0
1776885954.8241026,6.0,0.0,-48.0
1776885954.8341026,1.0,0.0,-45.0
1776885954.8441026,2.0,-2.0,-51.0
1776885954.8541028,0.0,1.0,-44.0
1776885954.8641028,-1.0,0.0,-52.0
1776885954.8741028,-1.0,0.0,-57.0
1776885954.8841028,-3.0,-3.0,-57.0
1776885954.8941028,-3.0,-1.0,-53.0
1776885954.9041028,-2.0,0.0,-50.0
1776885954.9141028,2.0,-2.0,-44.0
1776885954.9241028,0.0,-3.0,-47.0
1776885954.9341028,3.0,-3.0,-53.0
1776885954.9441028,2.0,-2.0,-50.0
1776885954.9541028,2.0,0.0,-49.0
1776885954.9641027,3.0,0.0,-51.0
1776885954.9741027,4.0,-2.0,-47.0
1776885954.9841027,2.0,0.0,-46.0
1776885954.9941027,0.0,-2.0,-44.0
1776885955.0041027,2.0,-1.0,-48.0
1776885955.0141027,1.0,0.0,-49.0
1776885955.0241027,0.0,0.0,-48.0
1776885955.034103,0.0,0.0,-45.0
1776885955.044103,0.0,2.0,-44.0
1776885955.054103,4.0,4.0,-47.0
1776885955.0651028,5.0,5.0,-45.0
1776885955.0751028,2.0,4.0,-45.0
1776885955.0841026,0.0,5.0,-42.0
1776885955.0951028,-1.0,4.0,-43.0
1776885955.1051028,0.0,0.0,-41.0
1776885955.1151028,1.0,0.0,-46.0
1776885955.1251028,2.0,-1.0,-39.0
1776885955.1351027,4.0,-3.0,-33.0
1776885955.1451027,3.0,-7.0,-32.0
1776885955.1551027,3.0,-7.0,-34.0
1776885955.1651027,2.0,-5.0,-33.0
1776885955.1751027,0.0,-6.0,-34.0
1776885955.1851027,-1.0,-7.0,-38.0
1776885955.1951027,-1.0,-9.0,-38.0
1776885955.2051027,-2.0,-4.0,-37.0
1776885955.215103,-2.0,-3.0,-46.0
1776885955.225103,0.0,-1.0,-47.0
1776885955.235103,-3.0,-3.0,-44.0
1776885955.2451026,-1.0,-4.0,-38.0
1776885955.2551026,1.0,-4.0,-34.0
1776885955.2651026,1.0,-3.0,-40.0
1776885955.2751029,3.0,0.0,-36.0
1776885955.2851028,1.0,-2.0,-36.0
1776885955.2951028,0.0,-2.0,-33.0
1776885955.3051028,-2.0,-1.0,-37.0
1776885955.3151028,0.0,-2.0,-39.0
1776885955.3251028,2.0,-5.0,-38.0
1776885955.3351028,1.0,-6.0,-41.0
1776885955.3451028,0.0,-3.0,-39.0
1776885955.3551028,-2.0,-3.0,-49.0
1776885955.3651028,-3.0,-4.0,-50.0
1776885955.3751028,-1.0,-5.0,-46.0
1776885955.3851027,-3.0,0.0,-44.0
1776885955.3951027,-5.0,-1.0,-48.0
1776885955.4051027,-2.0,-1.0,-47.0
1776885955.4151027,0.0,-1.0,-47.0
1776885955.4251027,2.0,-3.0,-46.0
1776885955.4351027,5.0,-1.0,-39.0
1776885955.4451027,1.0,2.0,-31.0
1776885955.4551027,3.0,4.0,-33.0
1776885955.465103,1.0,2.0,-33.0
1776885955.475103,-1.0,1.0,-30.0
1776885955.485103,1.0,0.0,-29.0
1776885955.4951026,7.0,1.0,-24.0
1776885955.5051026,10.0,-3.0,-33.0
1776885955.5151026,6.0,0.0,-33.0
1776885955.5251029,7.0,-5.0,-38.0
1776885955.5351028,7.0,-6.0,-51.0
1776885955.5451028,5.0,-4.0,-54.0
1776885955.5551028,1.0,0.0,-49.0
1776885955.5651028,1.0,-1.0,-47.0
1776885955.5751028,2.0,-5.0,-43.0
1776885955.5851028,1.0,-7.0,-42.0
1776885955.5951028,0.0,-6.0,-46.0
1776885955.6051028,2.0,-6.0,-47.0
1776885955.6151028,5.0,-7.0,-41.0
1776885955.6251028,8.0,-6.0,-36.0
1776885955.6351027,7.0,-7.0,-42.0
1776885955.6451027,6.0,-5.0,-47.0
1776885955.6551027,11.0,-7.0,-48.0
1776885955.6651027,14.0,-8.0,-42.0
1776885955.6751027,5.0,-8.0,-37.0
1776885955.6851027,1.0,-5.0,-33.0
1776885955.6951027,0.0,-3.0,-30.0
1776885955.7051027,0.0,0.0,-28.0
1776885955.715103,0.0,0.0,-36.0
1776885955.725103,2.0,1.0,-37.0
1776885955.735103,9.0,5.0,-34.0
1776885955.7451026,5.0,4.0,-32.0
1776885955.7551026,2.0,1.0,-34.0
1776885955.7651026,1.0,1.0,-44.0
1776885955.7751029,0.0,2.0,-49.0
1776885955.7851028,-1.0,0.0,-47.0
1776885955.7951028,-1.0,-3.0,-35.0
1776885955.8051028,0.0,-1.0,-34.0
1776885955.8151028,1.0,1.0,-41.0
1776885955.8251028,-1.0,0.0,-39.0
1776885955.8351028,0.0,2.0,-41.0
1776885955.8451028,-1.0,2.0,-36.0
1776885955.8551028,2.0,2.0,-36.0
1776885955.8651028,4.0,1.0,-34.0
1776885955.8751028,0.0,2.0,-34.0
1776885955.8851027,-3.0,-1.0,-37.0
1776885955.896103,-5.0,-1.0,-37.0
1776885955.9051027,1.0,-3.0,-40.0
1776885955.9151027,3.0,-6.0,-39.0
1776885955.9251027,0.0,-3.0,-44.0
1776885955.9351027,-2.0,-3.0,-48.0
1776885955.9451027,-1.0,-5.0,-43.0
1776885955.9551027,0.0,-4.0,-46.0
1776885955.965103,0.0,-5.0,-48.0
1776885955.975103,0.0,-4.0,-44.0
1776885955.985103,-1.0,-2.0,-49.0
1776885955.9951026,1.0,-2.0,-40.0
1776885956.0051026,2.0,-6.0,-40.0
1776885956.0151026,6.0,-7.0,-39.0
1776885956.0251029,3.0,-6.0,-43.0
1776885956.0351028,1.0,-8.0,-46.0
1776885956.0451028,0.0,-4.0,-45.0
1776885956.0551028,-1.0,-5.0,-46.0
1776885956.0651028,0.0,0.0,-42.0
1776885956.0751028,-1.0,0.0,-45.0
1776885956.0851028,1.0,-3.0,-43.0
1776885956.0951028,3.0,0.0,-48.0
1776885956.1051028,1.0,-1.0,-50.0
1776885956.1151028,-1.0,-2.0,-44.0
1776885956.1251028,-4.0,-1.0,-36.0
1776885956.1351027,-2.0,-3.0,-31.0
1776885956.1451027,0.0,-2.0,-28.0
1776885956.1551027,-2.0,0.0,-35.0
1776885956.1651027,0.0,-2.0,-35.0
1776885956.1751027,-1.0,-8.0,-37.0
1776885956.1851027,2.0,-10.0,-38.0
1776885956.1951027,0.0,-9.0,-39.0
1776885956.2051027,0.0,-12.0,-45.0
1776885956.215103,3.0,-13.0,-41.0
1776885956.225103,7.0,-16.0,-45.0
1776885956.235103,9.0,-16.0,-46.0
1776885956.2451026,11.0,-13.0,-46.0
1776885956.2551026,7.0,-10.0,-46.0
1776885956.2651026,11.0,-5.0,-43.0
1776885956.2751029,11.0,-4.0,-47.0
1776885956.2851028,9.0,2.0,-45.0
1776885956.2951028,3.0,1.0,-37.0
1776885956.3051028,0.0,2.0,-34.0
1776885956.3151028,-2.0,4.0,-32.0
1776885956.3251028,1.0,3.0,-32.0
1776885956.3351028,0.0,0.0,-36.0
1776885956.3451028,-1.0,1.0,-35.0
1776885956.3551028,-3.0,3.0,-38.0
1776885956.3651028,3.0,6.0,-38.0
1776885956.3751028,7.0,6.0,-38.0
1776885956.3851027,9.0,6.0,-34.0
1776885956.3951027,10.0,1.0,-34.0
1776885956.4051027,11.0,2.0,-31.0
1776885956.4151027,6.0,4.0,-36.0
1776885956.4251027,3.0,1.0,-39.0
1776885956.4351027,4.0,2.0,-43.0
1776885956.4451027,4.0,3.0,-45.0
1776885956.4551027,-2.0,5.0,-45.0
1776885956.465103,-5.0,5.0,-39.0
1776885956.475103,-3.0,4.0,-35.0
1776885956.485103,-2.0,5.0,-34.0
1776885956.4951026,0.0,1.0,-35.0
1776885956.5051026,-2.0,-2.0,-40.0
1776885956.5151026,-5.0,-4.0,-46.0
1776885956.5251029,-4.0,-4.0,-46.0
1776885956.5351028,-6.0,-7.0,-44.0
1776885956.5451028,-3.0,-5.0,-45.0
1776885956.5551028,-5.0,-3.0,-45.0
1776885956.5651028,-2.0,-5.0,-48.0
1776885956.5751028,-3.0,-4.0,-46.0
1776885956.5851028,-1.0,-7.0,-43.0
1776885956.5951028,0.0,-8.0,-48.0
1776885956.6051028,4.0,-10.0,-41.0
1776885956.6151028,2.0,-6.0,-38.0
1776885956.6251028,2.0,0.0,-29.0
1776885956.6351027,0.0,0.0,-23.0
1776885956.6451027,0.0,-1.0,-30.0
1776885956.6551027,4.0,-1.0,-35.0
1776885956.6651027,6.0,1.0,-29.0
1776885956.6751027,13.0,0.0,-29.0
1776885956.6851027,8.0,-3.0,-38.0
1776885956.6951027,5.0,-1.0,-43.0
1776885956.7051027,3.0,-1.0,-41.0
1776885956.715103,3.0,-4.0,-33.0
1776885956.725103,0.0,-5.0,-33.0
1776885956.735103,-1.0,-6.0,-32.0
1776885956.7451026,-2.0,-8.0,-36.0
1776885956.7551026,-2.0,-9.0,-31.0
1776885956.7651026,-6.0,-10.0,-45.0
1776885956.7751029,-3.0,-9.0,-50.0
1776885956.7851028,-1.0,-2.0,-53.0
1776885956.7951028,4.0,3.0,-48.0
1776885956.8051028,4.0,0.0,-42.0
1776885956.8151028,5.0,1.0,-48.0
1776885956.8251028,4.0,0.0,-49.0
1776885956.8351028,3.0,-1.0,-52.0
1776885956.8451028,0.0,-6.0,-48.0
1776885956.8551028,0.0,-8.0,-45.0
1776885956.8651028,4.0,-3.0,-48.0
1776885956.8751028,5.0,-1.0,-46.0
1776885956.8851027,5.0,1.0,-44.0
1776885956.8951027,6.0,4.0,-49.0
1776885956.9051027,5.0,3.0,-49.0
1776885956.9151027,1.0,2.0,-50.0
1776885956.9251027,-3.0,0.0,-53.0
1776885956.9351027,-1.0,0.0,-53.0
1776885956.9451027,4.0,0.0,-45.0
1776885956.9551027,6.0,-5.0,-39.0
1776885956.965103,1.0,-6.0,-37.0
1776885956.975103,3.0,-5.0,-39.0
1776885956.985103,3.0,-3.0,-39.0
1776885956.9951026,1.0,-2.0,-42.0
1776885957.0051026,0.0,-1.0,-46.0
1776885957.0151026,-2.0,0.0,-50.0
1776885957.0251029,-1.0,2.0,-43.0
1776885957.0351028,-5.0,1.0,-42.0
1776885957.0451028,-3.0,3.0,-39.0
1776885957.0551028,0.0,1.0,-43.0
1776885957.0661027,-1.0,0.0,-41.0
1776885957.0761027,0.0,-1.0,-45.0
1776885957.0861027,0.0,-3.0,-45.0
1776885957.0961027,-7.0,0.0,-44.0
1776885957.1061027,-4.0,3.0,-44.0
1776885957.1161027,-4.0,2.0,-45.0
1776885957.1261027,-6.0,5.0,-42.0
1776885957.136103,-7.0,1.0,-38.0
1776885957.146103,-4.0,0.0,-37.0
1776885957.156103,-3.0,-1.0,-38.0
1776885957.1661026,-2.0,-2.0,-35.0
1776885957.1761026,1.0,-4.0,-32.0
1776885957.1861026,4.0,-2.0,-34.0
1776885957.1961029,1.0,0.0,-41.0
1776885957.2061028,0.0,0.0,-46.0
1776885957.2161028,-1.0,-1.0,-39.0
1776885957.2261028,0.0,-2.0,-39.0
1776885957.2361028,1.0,-2.0,-34.0
1776885957.2461028,2.0,-2.0,-30.0
1776885957.2561028,0.0,-2.0,-38.0
1776885957.2661028,0.0,0.0,-40.0
1776885957.2761028,-1.0,-2.0,-45.0
1776885957.2861028,-2.0,-2.0,-50.0
1776885957.2961028,-3.0,-2.0,-50.0
1776885957.3061028,0.0,-1.0,-41.0
1776885957.3161027,0.0,2.0,-48.0
1776885957.3261027,0.0,0.0,-48.0
1776885957.3361027,2.0,0.0,-45.0
1776885957.3461027,4.0,0.0,-40.0
1776885957.3561027,6.0,0.0,-35.0
1776885957.3661027,8.0,-1.0,-33.0
1776885957.3761027,4.0,0.0,-30.0
1776885957.386103,5.0,0.0,-36.0
1776885957.396103,4.0,3.0,-45.0
1776885957.406103,7.0,3.0,-45.0
1776885957.4161026,11.0,2.0,-45.0
1776885957.4261026,12.0,2.0,-44.0
1776885957.4361026,10.0,2.0,-43.0
1776885957.4461029,7.0,0.0,-42.0
1776885957.4561028,5.0,-4.0,-39.0
1776885957.4661028,1.0,-2.0,-42.0
1776885957.4761028,2.0,2.0,-39.0
1776885957.4861028,0.0,2.0,-44.0
1776885957.4961028,-3.0,-2.0,-45.0
1776885957.5061028,-4.0,-2.0,-46.0
1776885957.5161028,-4.0,1.0,-49.0
1776885957.5261028,-1.0,1.0,-45.0
1776885957.5361028,-1.0,4.0,-45.0
1776885957.5461028,0.0,9.0,-47.0
1776885957.5561028,0.0,7.0,-39.0
1776885957.5661027,2.0,4.0,-30.0
1776885957.5761027,1.0,8.0,-29.0
1776885957.5861027,0.0,8.0,-29.0
1776885957.5961027,-5.0,4.0,-32.0
1776885957.6061027,-3.0,-3.0,-37.0
1776885957.6161027,2.0,-2.0,-39.0
1776885957.6261027,3.0,0.0,-33.0
1776885957.636103,4.0,0.0,-32.0
1776885957.646103,5.0,0.0,-38.0
1776885957.656103,1.0,-1.0,-41.0
1776885957.6661026,-1.0,-5.0,-40.0
1776885957.6761026,-1.0,-6.0,-36.0
1776885957.6861026,0.0,-5.0,-33.0
1776885957.6961029,-2.0,-2.0,-33.0
1776885957.7061028,-3.0,-3.0,-35.0
1776885957.7161028,0.0,-5.0,-35.0
1776885957.7261028,-2.0,-4.0,-34.0
1776885957.7361028,0.0,-3.0,-38.0
1776885957.7461028,-1.0,-1.0,-45.0
1776885957.7561028,-1.0,-4.0,-41.0
1776885957.7661028,3.0,-2.0,-36.0
1776885957.7761028,1.0,0.0,-32.0
1776885957.7861028,8.0,-1.0,-38.0
1776885957.7961028,8.0,-5.0,-37.0
1776885957.8061028,8.0,-3.0,-42.0
1776885957.8161027,5.0,-5.0,-49.0
1776885957.8261027,6.0,-3.0,-52.0
1776885957.8361027,3.0,-2.0,-46.0
1776885957.8461027,0.0,-1.0,-44.0
1776885957.8561027,-3.0,1.0,-42.0
1776885957.8661027,-4.0,0.0,-40.0
1776885957.8761027,-5.0,-4.0,-33.0
1776885957.886103,-1.0,-5.0,-32.0
1776885957.896103,1.0,-1.0,-30.0
1776885957.906103,3.0,-4.0,-31.0
1776885957.9161026,0.0,-4.0,-28.0
1776885957.9261026,2.0,3.0,-28.0
1776885957.9361026,2.0,6.0,-31.0
1776885957.9461029,1.0,2.0,-38.0
1776885957.9561028,0.0,1.0,-33.0
1776885957.9661028,-3.0,2.0,-32.0
1776885957.9761028,0.0,3.0,-32.0
1776885957.9861028,0.0,0.0,-37.0
1776885957.9961028,0.0,1.0,-33.0
1776885958.0061028,-1.0,0.0,-32.0
1776885958.0161028,1.0,0.0,-35.0
1776885958.0261028,6.0,-6.0,-33.0
1776885958.0361028,6.0,-5.0,-32.0
1776885958.0461028,6.0,-3.0,-32.0
1776885958.0561028,0.0,-5.0,-31.0
1776885958.0661027,-2.0,-8.0,-36.0
1776885958.0761027,-1.0,-6.0,-35.0
1776885958.0861027,0.0,-5.0,-36.0
1776885958.0961027,-2.0,-3.0,-38.0
1776885958.1061027,-1.0,-4.0,-40.0
1776885958.1161027,-3.0,-4.0,-45.0
1776885958.1261027,-4.0,-2.0,-42.0
1776885958.136103,-4.0,-4.0,-40.0
1776885958.146103,-3.0,-4.0,-39.0
1776885958.156103,-3.0,0.0,-38.0
1776885958.1661026,-2.0,-4.0,-33.0
1776885958.1761026,0.0,-5.0,-27.0
1776885958.1861026,1.0,-5.0,-27.0
1776885958.1961029,3.0,0.0,-27.0
1776885958.2061028,7.0,-6.0,-32.0
1776885958.2161028,6.0,-4.0,-34.0
1776885958.2261028,5.0,-10.0,-35.0
1776885958.2361028,1.0,-8.0,-40.0
1776885958.2461028,-1.0,-7.0,-36.0
1776885958.2561028,5.0,-5.0,-31.0
1776885958.2661028,4.0,-6.0,-39.0
1776885958.2761028,6.0,-2.0,-39.0
1776885958.2861028,5.0,-3.0,-37.0
1776885958.2961028,4.0,-5.0,-36.0
1776885958.3061028,7.0,-8.0,-40.0
1776885958.3161027,3.0,-8.0,-39.0
1776885958.3261027,2.0,-8.0,-42.0
1776885958.3361027,-2.0,-3.0,-48.0
1776885958.3461027,-1.0,0.0,-44.0
1776885958.3561027,0.0,-1.0,-40.0
1776885958.3661027,2.0,-2.0,-38.0
1776885958.3761027,1.0,-1.0,-38.0
1776885958.386103,4.0,1.0,-41.0
1776885958.396103,9.0,0.0,-47.0
1776885958.406103,7.0,1.0,-48.0
1776885958.4161026,2.0,0.0,-47.0
1776885958.4261026,2.0,0.0,-41.0
1776885958.4361026,1.0,-1.0,-37.0
1776885958.4461029,3.0,-1.0,-36.0
1776885958.4561028,6.0,-1.0,-38.0
1776885958.4661028,7.0,0.0,-36.0
1776885958.4761028,12.0,0.0,-35.0
1776885958.4861028,11.0,-2.0,-34.0
1776885958.4961028,7.0,-4.0,-39.0
1776885958.5061028,3.0,-5.0,-40.0
1776885958.5161028,0.0,-6.0,-40.0
1776885958.5261028,0.0,-7.0,-42.0
1776885958.5361028,-4.0,-5.0,-48.0
1776885958.5461028,-2.0,-3.0,-41.0
1776885958.5561028,-2.0,1.0,-39.0
1776885958.5661027,-1.0,3.0,-37.0
1776885958.5761027,0.0,2.0,-38.0
1776885958.5861027,5.0,3.0,-33.0
1776885958.5961027,4.0,3.0,-34.0
1776885958.6061027,0.0,3.0,-28.0
1776885958.6161027,0.0,1.0,-29.0
1776885958.6261027,2.0,3.0,-26.0
1776885958.636103,5.0,5.0,-36.0
1776885958.646103,5.0,2.0,-39.0
1776885958.656103,4.0,2.0,-34.0
1776885958.6661026,-1.0,4.0,-33.0
1776885958.6761026,-2.0,5.0,-41.0
1776885958.6861026,-4.0,4.0,-46.0
1776885958.6961029,-2.0,5.0,-47.0
1776885958.7061028,-1.0,7.0,-46.0
1776885958.7161028,-4.0,8.0,-48.0
1776885958.7261028,-3.0,9.0,-44.0
1776885958.7361028,0.0,6.0,-42.0
1776885958.7461028,0.0,6.0,-43.0
1776885958.7561028,0.0,6.0,-35.0
1776885958.7661028,-1.0,0.0,-36.0
1776885958.7761028,0.0,-2.0,-36.0
1776885958.7861028,0.0,-2.0,-37.0
1776885958.7961028,-4.0,1.0,-45.0
1776885958.8061028,-6.0,0.0,-43.0
1776885958.8161027,-4.0,-6.0,-38.0
1776885958.8261027,-3.0,-5.0,-35.0
1776885958.8361027,-4.0,-3.0,-40.0
1776885958.8461027,-3.0,-6.0,-42.0
1776885958.8561027,0.0,-8.0,-43.0
1776885958.8661027,3.0,-6.0,-49.0
1776885958.8761027,0.0,-5.0,-53.0
1776885958.886103,0.0,-6.0,-50.0
1776885958.896103,0.0,-6.0,-48.0
1776885958.906103,0.0,-5.0,-37.0
1776885958.9161026,-2.0,-4.0,-36.0
1776885958.9261026,0.0,-5.0,-39.0
1776885958.9361026,0.0,-6.0,-45.0
1776885958.9461029,-7.0,-7.0,-40.0
1776885958.9561028,-7.0,-8.0,-41.0
1776885958.9661028,-5.0,-3.0,-44.0
1776885958.9761028,-4.0,-3.0,-46.0
1776885958.9861028,-4.0,-3.0,-42.0
1776885958.9961028,-4.0,-4.0,-39.0
1776885959.0061028,0.0,-2.0,-37.0
1776885959.0161028,1.0,-4.0,-38.0
1776885959.0261028,2.0,-4.0,-40.0
1776885959.0371027,1.0,-6.0,-37.0
1776885959.0461028,0.0,-4.0,-31.0
1776885959.0561028,1.0,-6.0,-31.0
1776885959.067103,-1.0,-9.0,-30.0
1776885959.077103,-1.0,-10.0,-26.0
1776885959.087103,0.0,-10.0,-29.0
1776885959.0971026,1.0,-10.0,-38.0
1776885959.1071026,0.0,-15.0,-40.0
1776885959.1171026,0.0,-14.0,-41.0
1776885959.1271029,0.0,-11.0,-41.0
1776885959.1371028,-4.0,-9.0,-36.0
1776885959.1471028,-1.0,-2.0,-43.0
1776885959.1571028,0.0,2.0,-47.0
1776885959.1671028,0.0,0.0,-47.0
1776885959.1771028,1.0,-2.0,-42.0
1776885959.1871028,1.0,0.0,-36.0
1776885959.1971028,4.0,-1.0,-40.0
1776885959.2071028,3.0,0.0,-44.0
1776885959.2171028,1.0,0.0,-49.0
1776885959.2271028,2.0,-1.0,-49.0
1776885959.2371027,1.0,-3.0,-47.0
1776885959.2471027,-1.0,-1.0,-46.0
1776885959.2571027,-3.0,-2.0,-40.0
1776885959.2671027,-3.0,-4.0,-34.0
1776885959.2771027,-2.0,-5.0,-35.0
1776885959.2871027,-2.0,-3.0,-37.0
1776885959.2971027,-3.0,0.0,-32.0
1776885959.307103,-3.0,-2.0,-28.0
1776885959.317103,1.0,0.0,-30.0
1776885959.327103,1.0,2.0,-28.0
1776885959.337103,2.0,-2.0,-28.0
1776885959.3471026,0.0,-6.0,-30.0
1776885959.3571026,2.0,-6.0,-25.0
1776885959.3671026,6.0,-7.0,-25.0
1776885959.3771029,5.0,-2.0,-30.0
1776885959.3871028,2.0,-2.0,-36.0
1776885959.3971028,2.0,-1.0,-39.0
1776885959.4071028,0.0,0.0,-38.0
1776885959.4171028,-4.0,2.0,-33.0
1776885959.4271028,-3.0,-2.0,-35.0
1776885959.4371028,-3.0,-7.0,-39.0
1776885959.4471028,-3.0,-4.0,-41.0
1776885959.4571028,-3.0,-2.0,-43.0
1776885959.4671028,-1.0,-2.0,-40.0
1776885959.4771028,0.0,-3.0,-44.0
1776885959.4871027,-4.0,-3.0,-39.0
1776885959.4971027,-9.0,-5.0,-46.0
1776885959.5071027,-8.0,-6.0,-40.0
1776885959.5171027,-4.0,-5.0,-47.0
1776885959.5271027,-3.0,-6.0,-46.0
1776885959.5371027,-3.0,-4.0,-37.0
1776885959.5471027,-2.0,-2.0,-34.0
1776885959.557103,-10.0,0.0,-28.0
1776885959.567103,-8.0,1.0,-32.0
1776885959.577103,-8.0,-1.0,-33.0
1776885959.587103,-7.0,0.0,-31.0
1776885959.5971026,-5.0,3.0,-34.0
1776885959.6071026,-2.0,3.0,-35.0
1776885959.6171026,-2.0,3.0,-30.0
1776885959.6271029,-2.0,3.0,-38.0
1776885959.6371028,0.0,4.0,-41.0
1776885959.6471028,-2.0,0.0,-42.0
1776885959.6571028,0.0,-2.0,-43.0
1776885959.6671028,-3.0,1.0,-38.0
1776885959.6771028,-1.0,4.0,-44.0
1776885959.6871028,0.0,5.0,-45.0
1776885959.6971028,-3.0,4.0,-50.0
1776885959.7071028,0.0,3.0,-45.0
1776885959.7171028,4.0,2.0,-45.0
1776885959.7271028,2.0,2.0,-48.0
1776885959.7371027,-2.0,4.0,-43.0
1776885959.7471027,-3.0,5.0,-36.0
1776885959.7571027,-2.0,2.0,-33.0
1776885959.7671027,0.0,0.0,-32.0
1776885959.7771027,2.0,4.0,-36.0
1776885959.7871027,3.0,4.0,-40.0
1776885959.7971027,4.0,0.0,-42.0
1776885959.807103,6.0,-2.0,-48.0
1776885959.817103,5.0,-2.0,-47.0
1776885959.827103,6.0,-4.0,-46.0
1776885959.837103,9.0,-3.0,-37.0
1776885959.8471026,6.0,0.0,-41.0
1776885959.8571026,4.0,0.0,-39.0
1776885959.8671026,1.0,-1.0,-44.0
1776885959.8771029,-1.0,-3.0,-37.0
1776885959.8871028,-1.0,-5.0,-42.0
1776885959.8971028,-2.0,-3.0,-41.0
1776885959.9071028,0.0,-1.0,-44.0
1776885959.9171028,0.0,1.0,-46.0
1776885959.9271028,0.0,2.0,-43.0
1776885959.9371028,3.0,3.0,-39.0
1776885959.9471028,2.0,1.0,-38.0
1776885959.9571028,0.0,0.0,-40.0
1776885959.9671028,1.0,0.0,-41.0
1776885959.9771028,1.0,0.0,-44.0
1776885959.9871027,5.0,-2.0,-41.0
1776885959.9971027,3.0,-3.0,-37.0
1776885960.0071027,7.0,-3.0,-39.0
1776885960.0171027,7.0,-2.0,-37.0
1776885960.0271027,2.0,-2.0,-32.0
1776885960.0371027,3.0,-2.0,-33.0
1776885960.0471027,4.0,0.0,-37.0
1776885960.057103,10.0,-2.0,-38.0
1776885960.067103,8.0,-4.0,-43.0
1776885960.077103,7.0,-3.0,-44.0
1776885960.087103,4.0,-1.0,-35.0
1776885960.0971026,2.0,1.0,-33.0
1776885960.1071026,6.0,0.0,-41.0
1776885960.1171026,5.0,-2.0,-38.0
1776885960.1271029,5.0,-3.0,-36.0
1776885960.1371028,1.0,-1.0,-36.0
1776885960.1471028,1.0,4.0,-40.0
1776885960.1571028,0.0,1.0,-35.0
1776885960.1671028,-1.0,-1.0,-35.0
1776885960.1771028,-2.0,-2.0,-33.0
1776885960.1871028,1.0,-2.0,-34.0
1776885960.1971028,-2.0,-4.0,-34.0
1776885960.2071028,0.0,-11.0,-36.0
1776885960.2171028,-2.0,-11.0,-38.0
1776885960.2271028,1.0,-11.0,-43.0
1776885960.2371027,0.0,-6.0,-37.0
1776885960.2471027,0.0,0.0,-43.0
1776885960.2571027,-3.0,-1.0,-49.0
1776885960.2671027,-2.0,-3.0,-47.0
1776885960.2771027,1.0,-3.0,-45.0
1776885960.2871027,-2.0,-1.0,-47.0
1776885960.2971027,-3.0,-1.0,-44.0
1776885960.307103,-1.0,-2.0,-41.0
1776885960.317103,-1.0,1.0,-37.0
1776885960.327103,0.0,2.0,-45.0
1776885960.337103,-3.0,3.0,-46.0
1776885960.3471026,-1.0,2.0,-42.0
1776885960.3571026,-4.0,0.0,-41.0
1776885960.3671026,0.0,-4.0,-41.0
1776885960.3771029,1.0,-2.0,-41.0
1776885960.3871028,0.0,-1.0,-40.0
1776885960.3971028,1.0,0.0,-43.0
1776885960.4071028,0.0,0.0,-45.0
1776885960.4171028,0.0,-6.0,-40.0
1776885960.4271028,-2.0,-6.0,-40.0
1776885960.4371028,0.0,-1.0,-44.0
1776885960.4471028,1.0,-3.0,-49.0
1776885960.4571028,2.0,-3.0,-45.0
1776885960.4671028,0.0,-2.0,-48.0
1776885960.4771028,-2.0,-1.0,-47.0
1776885960.4871027,-9.0,-2.0,-45.0
1776885960.4971027,-1.0,-1.0,-45.0
1776885960.5071027,0.0,0.0,-46.0
1776885960.5171027,-6.0,0.0,-46.0
1776885960.5271027,-7.0,5.0,-44.0
1776885960.5371027,-4.0,0.0,-42.0
1776885960.5471027,0.0,0.0,-42.0
1776885960.557103,0.0,1.0,-37.0
1776885960.567103,1.0,1.0,-37.0
1776885960.577103,0.0,-1.0,-37.0
1776885960.587103,2.0,-4.0,-39.0
1776885960.5971026,-1.0,-2.0,-44.0
1776885960.6071026,2.0,0.0,-41.0
1776885960.6171026,2.0,1.0,-44.0
1776885960.6271029,0.0,1.0,-49.0
1776885960.6371028,3.0,0.0,-44.0
1776885960.6471028,3.0,3.0,-41.0
1776885960.6571028,0.0,4.0,-34.0
1776885960.6671028,0.0,0.0,-32.0
1776885960.6771028,-3.0,-4.0,-39.0
1776885960.6871028,-1.0,1.0,-35.0
1776885960.6971028,-4.0,6.0,-38.0
1776885960.7071028,-3.0,6.0,-38.0
1776885960.7171028,-2.0,5.0,-38.0
1776885960.7271028,-1.0,2.0,-34.0
1776885960.7371027,-4.0,0.0,-38.0
1776885960.7471027,-5.0,-4.0,-38.0
1776885960.7571027,0.0,-3.0,-38.0
1776885960.7671027,2.0,-3.0,-41.0
1776885960.7771027,2.0,-6.0,-46.0
1776885960.7871027,0.0,-10.0,-49.0
1776885960.7971027,5.0,-6.0,-47.0
1776885960.807103,4.0,-3.0,-49.0
1776885960.817103,-1.0,-4.0,-49.0
1776885960.827103,-2.0,0.0,-45.0
1776885960.837103,-6.0,-2.0,-46.0
1776885960.8471026,-2.0,-2.0,-47.0
1776885960.8571026,0.0,-3.0,-47.0
1776885960.8671026,0.0,-3.0,-37.0
1776885960.8771029,5.0,-2.0,-41.0
1776885960.8871028,7.0,-1.0,-42.0
1776885960.8971028,5.0,-2.0,-44.0
1776885960.9071028,7.0,-3.0,-43.0
1776885960.9171028,4.0,-2.0,-43.0
1776885960.9271028,2.0,-2.0,-41.0
1776885960.9371028,3.0,0.0,-35.0
1776885960.9471028,3.0,-3.0,-37.0
1776885960.9571028,0.0,-5.0,-42.0
1776885960.9671028,-3.0,-7.0,-38.0
1776885960.9771028,-4.0,-3.0,-38.0
1776885960.9871027,-2.0,-6.0,-42.0
1776885960.9971027,1.0,-5.0,-44.0
1776885961.0071027,3.0,-10.0,-38.0
1776885961.0171027,4.0,-8.0,-40.0
1776885961.0271027,5.0,-5.0,-37.0
1776885961.0381026,2.0,-3.0,-43.0
1776885961.0481029,-2.0,-2.0,-43.0
1776885961.0581028,6.0,-3.0,-47.0
1776885961.0681028,5.0,-4.0,-47.0
1776885961.077103,8.0,0.0,-45.0
1776885961.0881028,13.0,5.0,-43.0
1776885961.0981028,15.0,3.0,-38.0
1776885961.1081028,15.0,-1.0,-35.0
1776885961.1181028,12.0,-4.0,-42.0
1776885961.1281028,11.0,-4.0,-48.0
1776885961.1381028,10.0,-1.0,-45.0
1776885961.1481028,10.0,-6.0,-50.0
1776885961.1581028,7.0,-4.0,-50.0
1776885961.1681027,2.0,-4.0,-49.0
1776885961.1781027,0.0,-5.0,-49.0
1776885961.1881027,0.0,-4.0,-52.0
1776885961.1981027,-3.0,-2.0,-53.0
1776885961.2081027,-3.0,-4.0,-50.0
1776885961.2181027,1.0,-3.0,-43.0
1776885961.2281027,4.0,-4.0,-43.0
1776885961.238103,0.0,-5.0,-42.0
1776885961.248103,-3.0,-4.0,-43.0
1776885961.258103,0.0,-2.0,-32.0
1776885961.2681026,-1.0,-4.0,-35.0
1776885961.2781026,0.0,-4.0,-29.0
1776885961.2881026,0.0,-5.0,-32.0
1776885961.2981029,-2.0,-6.0,-28.0
1776885961.3081028,-5.0,-8.0,-29.0
1776885961.3181028,-5.0,-8.0,-37.0
1776885961.3281028,-6.0,-4.0,-40.0
1776885961.3381028,-4.0,-2.0,-38.0
1776885961.3481028,-4.0,0.0,-41.0
1776885961.3581028,-5.0,2.0,-48.0
1776885961.3681028,0.0,0.0,-47.0
1776885961.3781028,1.0,0.0,-38.0
1776885961.3881028,3.0,2.0,-41.0
1776885961.3981028,5.0,-1.0,-44.0
1776885961.4081028,6.0,-3.0,-51.0
1776885961.4181027,5.0,-5.0,-53.0
1776885961.4281027,3.0,-7.0,-53.0
1776885961.4381027,1.0,-5.0,-49.0
1776885961.4481027,-3.0,-4.0,-44.0
1776885961.4581027,-2.0,-3.0,-42.0
1776885961.4681027,0.0,0.0,-44.0
1776885961.4781027,-1.0,3.0,-49.0
1776885961.488103,1.0,1.0,-43.0
1776885961.498103,1.0,0.0,-34.0
1776885961.508103,2.0,-3.0,-31.0
1776885961.5181026,4.0,-1.0,-35.0
1776885961.5281026,2.0,-1.0,-42.0
1776885961.5381026,1.0,-3.0,-38.0
1776885961.5481029,-2.0,-1.0,-38.0
1776885961.5581028,-2.0,0.0,-36.0
1776885961.5681028,-1.0,2.0,-32.0
1776885961.5781028,0.0,5.0,-28.0
1776885961.5881028,-7.0,5.0,-34.0
1776885961.5981028,-5.0,5.0,-38.0
1776885961.6081028,-5.0,3.0,-36.0
1776885961.6181028,-3.0,0.0,-31.0
1776885961.6281028,-2.0,0.0,-29.0
1776885961.6381028,-3.0,0.0,-32.0
1776885961.6481028,-3.0,5.0,-32.0
1776885961.6581028,-4.0,6.0,-31.0
1776885961.6681027,-1.0,4.0,-28.0
1776885961.6781027,-1.0,0.0,-34.0
1776885961.6881027,1.0,3.0,-36.0
1776885961.6981027,4.0,0.0,-30.0
1776885961.7081027,3.0,0.0,-37.0
1776885961.7181027,2.0,6.0,-43.0
1776885961.7281027,0.0,2.0,-37.0
1776885961.738103,-1.0,1.0,-40.0
1776885961.748103,1.0,3.0,-35.0
1776885961.758103,3.0,7.0,-30.0
1776885961.7681026,5.0,7.0,-20.0
1776885961.7781026,3.0,7.0,-30.0
1776885961.7881026,10.0,1.0,-29.0
1776885961.7981029,5.0,0.0,-26.0
1776885961.8081028,2.0,-3.0,-32.0
1776885961.8181028,0.0,0.0,-33.0
1776885961.8281028,-4.0,0.0,-34.0
1776885961.8381028,-3.0,0.0,-33.0
1776885961.8481028,-1.0,-2.0,-38.0
1776885961.8581028,0.0,-5.0,-43.0
1776885961.8681028,-1.0,-2.0,-38.0
1776885961.8781028,-2.0,0.0,-39.0
1776885961.8881028,-5.0,0.0,-46.0
1776885961.8981028,-2.0,-3.0,-45.0
1776885961.9081028,-2.0,-4.0,-54.0
1776885961.9181027,-1.0,-8.0,-49.0
1776885961.9281027,-1.0,-5.0,-43.0
1776885961.9381027,-2.0,-4.0,-43.0
1776885961.9481027,0.0,-8.0,-48.0
1776885961.9581027,0.0,-8.0,-45.0
1776885961.9681027,1.0,-3.0,-43.0
1776885961.9781027,0.0,-1.0,-41.0
1776885961.988103,0.0,-1.0,-37.0
1776885961.998103,2.0,-5.0,-37.0
1776885962.008103,-1.0,-5.0,-37.0
1776885962.0181026,1.0,0.0,-41.0
1776885962.0281026,2.0,0.0,-47.0
1776885962.0381026,4.0,0.0,-47.0
1776885962.0481029,0.0,1.0,-43.0
1776885962.0581028,2.0,0.0,-45.0
1776885962.0681028,0.0,4.0,-45.0
1776885962.0781028,4.0,0.0,-40.0
1776885962.0881028,8.0,0.0,-41.0
1776885962.0981028,9.0,0.0,-41.0
1776885962.1081028,8.0,0.0,-44.0
1776885962.1181028,5.0,0.0,-46.0
1776885962.1281028,1.0,-3.0,-45.0
1776885962.1381028,0.0,0.0,-50.0
1776885962.1481028,0.0,-3.0,-51.0
1776885962.1581028,-2.0,-2.0,-51.0
1776885962.1681027,-1.0,0.0,-45.0
1776885962.1781027,-4.0,0.0,-47.0
1776885962.1881027,-3.0,-1.0,-44.0
1776885962.1981027,0.0,0.0,-47.0
1776885962.2081027,-4.0,5.0,-48.0
1776885962.2181027,-5.0,7.0,-40.0
1776885962.2281027,-3.0,6.0,-40.0
1776885962.238103,-6.0,2.0,-43.0
1776885962.248103,-5.0,4.0,-51.0
1776885962.258103,-5.0,6.0,-49.0
1776885962.2681026,-4.0,3.0,-45.0
1776885962.2781026,-1.0,5.0,-46.0
1776885962.2881026,0.0,1.0,-44.0
1776885962.2981029,2.0,0.0,-46.0
1776885962.3081028,0.0,2.0,-45.0
1776885962.3181028,0.0,1.0,-44.0
1776885962.3281028,2.0,3.0,-41.0
1776885962.3381028,3.0,0.0,-38.0
1776885962.3481028,3.0,1.0,-43.0
1776885962.3581028,2.0,6.0,-47.0
1776885962.3681028,2.0,8.0,-47.0
1776885962.3781028,0.0,5.0,-42.0
1776885962.3881028,-2.0,4.0,-45.0
1776885962.3981028,0.0,0.0,-44.0
1776885962.4081028,3.0,-2.0,-38.0
1776885962.4181027,6.0,-1.0,-32.0
1776885962.4281027,5.0,0.0,-35.0
1776885962.4381027,2.0,-1.0,-35.0
1776885962.4481027,4.0,-4.0,-37.0
1776885962.4581027,3.0,-1.0,-36.0
1776885962.4681027,0.0,-5.0,-29.0
1776885962.4781027,-4.0,-5.0,-31.0
1776885962.488103,-9.0,-3.0,-30.0
1776885962.498103,-2.0,-2.0,-32.0
1776885962.508103,-1.0,-1.0,-34.0
1776885962.5181026,-2.0,-2.0,-41.0
1776885962.5281026,-1.0,-2.0,-40.0
1776885962.5381026,-2.0,-2.0,-41.0
1776885962.5481029,-6.0,-4.0,-40.0
1776885962.5581028,-1.0,-1.0,-40.0
1776885962.5681028,3.0,3.0,-38.0
1776885962.5781028,2.0,2.0,-35.0
1776885962.5881028,1.0,2.0,-43.0
1776885962.5981028,4.0,2.0,-45.0
1776885962.6081028,7.0,3.0,-42.0
1776885962.6181028,7.0,3.0,-40.0
1776885962.6281028,3.0,5.0,-44.0
1776885962.6381028,5.0,1.0,-42.0
1776885962.6481028,9.0,0.0,-40.0
1776885962.6581028,5.0,-8.0,-41.0
1776885962.6681027,0.0,-9.0,-47.0
1776885962.6781027,0.0,-3.0,-43.0
1776885962.6881027,-1.0,-2.0,-45.0
1776885962.6981027,0.0,-3.0,-46.0
1776885962.7081027,5.0,-3.0,-41.0
1776885962.7181027,5.0,-2.0,-37.0
1776885962.7281027,7.0,-4.0,-39.0
1776885962.738103,7.0,-2.0,-36.0
1776885962.748103,1.0,-5.0,-37.0
1776885962.758103,4.0,-6.0,-40.0
1776885962.7681026,5.0,-1.0,-39.0
1776885962.7781026,1.0,-6.0,-39.0
1776885962.7881026,0.0,-3.0,-43.0
1776885962.7981029,1.0,-5.0,-52.0
1776885962.8081028,3.0,-4.0,-53.0
1776885962.8181028,1.0,-6.0,-51.0
1776885962.8281028,3.0,-1.0,-51.0
1776885962.8381028,5.0,-6.0,-53.0
1776885962.8481028,2.0,-7.0,-55.0
1776885962.8581028,1.0,-4.0,-61.0
1776885962.8681028,2.0,0.0,-56.0
1776885962.8781028,8.0,-3.0,-47.0
1776885962.8881028,13.0,-2.0,-45.0
1776885962.8981028,12.0,-2.0,-52.0
1776885962.9081028,7.0,-4.0,-52.0
1776885962.9181027,4.0,-7.0,-51.0
1776885962.9281027,7.0,-9.0,-51.0
1776885962.9381027,9.0,-9.0,-42.0
1776885962.9481027,5.0,-8.0,-38.0
1776885962.9581027,8.0,-12.0,-41.0
1776885962.9681027,13.0,-11.0,-43.0
1776885962.9781027,9.0,-9.0,-46.0
1776885962.988103,6.0,-5.0,-48.0
1776885962.998103,8.0,-5.0,-47.0
1776885963.008103,11.0,-5.0,-44.0
1776885963.0181026,11.0,-3.0,-39.0
1776885963.0281026,5.0,0.0,-40.0
1776885963.0391028,3.0,0.0,-34.0
1776885963.0491028,1.0,-1.0,-33.0
1776885963.0591028,0.0,-1.0,-35.0
1776885963.0691028,3.0,0.0,-41.0
1776885963.0791028,6.0,0.0,-43.0
1776885963.0891027,6.0,-1.0,-48.0
1776885963.0991027,6.0,0.0,-47.0
1776885963.1091027,3.0,-2.0,-41.0
1776885963.1191027,5.0,0.0,-38.0
1776885963.1291027,3.0,-1.0,-43.0
1776885963.1391027,0.0,2.0,-46.0
1776885963.1491027,-1.0,0.0,-41.0
1776885963.159103,-2.0,-2.0,-37.0
1776885963.169103,-2.0,-1.0,-38.0
1776885963.179103,-3.0,0.0,-39.0
1776885963.1891026,-3.0,0.0,-37.0
1776885963.1991026,-6.0,1.0,-35.0
1776885963.2091026,-6.0,0.0,-42.0
1776885963.2191026,-3.0,-3.0,-45.0
1776885963.2291028,-4.0,-3.0,-41.0
1776885963.2391028,-6.0,-1.0,-36.0
1776885963.2491028,-5.0,-4.0,-37.0
1776885963.2591028,-3.0,0.0,-39.0
1776885963.2691028,-4.0,2.0,-44.0
1776885963.2791028,-4.0,2.0,-41.0
1776885963.2891028,0.0,2.0,-39.0
1776885963.2991028,1.0,0.0,-38.0
1776885963.3091028,4.0,3.0,-41.0
1776885963.3191028,8.0,8.0,-33.0
1776885963.3291028,6.0,6.0,-35.0
1776885963.3391027,2.0,0.0,-35.0
1776885963.3491027,1.0,-2.0,-40.0
1776885963.3591027,1.0,-2.0,-42.0
1776885963.3691027,0.0,-2.0,-47.0
1776885963.3791027,-4.0,1.0,-42.0
1776885963.3891027,-6.0,1.0,-43.0
1776885963.3991027,-7.0,-4.0,-41.0
1776885963.409103,-4.0,-6.0,-47.0
1776885963.419103,-9.0,-7.0,-56.0
1776885963.429103,-9.0,-7.0,-56.0
1776885963.4391026,-7.0,-6.0,-54.0
1776885963.4491026,-2.0,-7.0,-55.0
1776885963.4591026,0.0,-5.0,-49.0
1776885963.4691026,-2.0,-4.0,-41.0
1776885963.4791028,-1.0,-3.0,-37.0
1776885963.4891028,-4.0,-3.0,-42.0
1776885963.4991028,-2.0,-5.0,-43.0
1776885963.5091028,-1.0,-6.0,-39.0
1776885963.5191028,-2.0,-10.0,-37.0
1776885963.5291028,-1.0,-10.0,-38.0
1776885963.5391028,-4.0,-8.0,-40.0
1776885963.5491028,-2.0,-7.0,-46.0
1776885963.5591028,-4.0,-9.0,-39.0
1776885963.5691028,-3.0,-4.0,-32.0
1776885963.5791028,-1.0,-5.0,-34.0
1776885963.5891027,0.0,-1.0,-35.0
1776885963.5991027,0.0,-3.0,-40.0
1776885963.6091027,0.0,-5.0,-41.0
1776885963.6191027,0.0,-9.0,-39.0
1776885963.6291027,-2.0,-7.0,-35.0
1776885963.6391027,0.0,-5.0,-42.0
1776885963.6491027,-2.0,-6.0,-40.0
1776885963.659103,-2.0,-4.0,-36.0
1776885963.669103,-1.0,-1.0,-38.0
1776885963.679103,-1.0,-1.0,-39.0
1776885963.6891026,2.0,2.0,-39.0
1776885963.6991026,2.0,0.0,-41.0
1776885963.7091026,1.0,-2.0,-47.0
1776885963.7191026,2.0,-1.0,-44.0
1776885963.7291028,3.0,-1.0,-43.0
1776885963.7391028,3.0,0.0,-35.0
1776885963.7491028,0.0,0.0,-37.0
1776885963.7591028,1.0,-4.0,-40.0
1776885963.7691028,1.0,-7.0,-39.0
1776885963.7791028,0.0,-6.0,-43.0
1776885963.7891028,0.0,-2.0,-45.0
1776885963.7991028,3.0,-1.0,-43.0
1776885963.8091028,1.0,-1.0,-50.0
1776885963.8191028,0.0,0.0,-51.0
1776885963.8291028,4.0,-1.0,-50.0
1776885963.8391027,5.0,0.0,-48.0
1776885963.8491027,4.0,1.0,-40.0
1776885963.8591027,4.0,0.0,-35.0
1776885963.8691027,0.0,4.0,-37.0
1776885963.8791027,2.0,2.0,-33.0
1776885963.8891027,0.0,2.0,-39.0
1776885963.8991027,-2.0,5.0,-43.0
1776885963.909103,0.0,8.0,-42.0
1776885963.919103,-1.0,12.0,-43.0
1776885963.929103,0.0,5.0,-43.0
1776885963.9391026,-2.0,2.0,-42.0
1776885963.9491026,1.0,2.0,-37.0
1776885963.9591026,3.0,0.0,-40.0
1776885963.9691026,5.0,0.0,-41.0
1776885963.9791028,12.0,-1.0,-41.0
1776885963.9891028,10.0,1.0,-35.0
1776885963.9991028,10.0,3.0,-40.0
1776885964.0091028,10.0,1.0,-41.0
1776885964.0191028,9.0,3.0,-42.0
1776885964.0291028,6.0,6.0,-37.0
1776885964.0391028,5.0,3.0,-43.0
1776885964.0491028,-2.0,0.0,-42.0
1776885964.0591028,-1.0,-1.0,-40.0
1776885964.0691028,-5.0,-1.0,-45.0
1776885964.0791028,-4.0,-5.0,-50.0
1776885964.0891027,-2.0,-4.0,-44.0
1776885964.0991027,-1.0,-1.0,-39.0
1776885964.1091027,0.0,-2.0,-40.0
1776885964.1191027,-1.0,-5.0,-35.0
1776885964.1291027,2.0,-4.0,-38.0
1776885964.1391027,2.0,0.0,-43.0
1776885964.1491027,0.0,0.0,-44.0
1776885964.159103,-2.0,2.0,-35.0
1776885964.169103,-2.0,-1.0,-41.0
1776885964.179103,0.0,-5.0,-43.0
1776885964.1891026,1.0,-3.0,-47.0
1776885964.1991026,3.0,-4.0,-44.0
1776885964.2091026,5.0,0.0,-43.0
1776885964.2191026,3.0,0.0,-41.0
1776885964.2291028,1.0,-4.0,-44.0
1776885964.2391028,1.0,-2.0,-39.0
1776885964.2491028,4.0,-3.0,-32.0
1776885964.2591028,2.0,-6.0,-38.0
1776885964.2691028,6.0,-7.0,-38.0
1776885964.2791028,7.0,-7.0,-38.0
1776885964.2891028,4.0,-2.0,-36.0
1776885964.2991028,0.0,-3.0,-47.0
1776885964.3091028,-1.0,-3.0,-45.0
1776885964.3191028,-3.0,0.0,-43.0
1776885964.3291028,-6.0,-1.0,-42.0
1776885964.3391027,-3.0,-1.0,-42.0
1776885964.3491027,-2.0,-1.0,-45.0
1776885964.3591027,0.0,-2.0,-40.0
1776885964.3691027,3.0,-2.0,-37.0
1776885964.3791027,2.0,1.0,-44.0
1776885964.3891027,3.0,-1.0,-39.0
1776885964.3991027,0.0,0.0,-46.0
1776885964.409103,0.0,-4.0,-48.0
1776885964.419103,-1.0,-1.0,-44.0
1776885964.429103,-2.0,3.0,-45.0
1776885964.4391026,-3.0,3.0,-43.0
1776885964.4491026,-6.0,0.0,-39.0
1776885964.4591026,-1.0,1.0,-34.0
1776885964.4691026,0.0,0.0,-36.0
1776885964.4791028,6.0,0.0,-37.0
1776885964.4891028,0.0,0.0,-36.0
1776885964.4991028,0.0,-2.0,-39.0
1776885964.5091028,3.0,4.0,-42.0
1776885964.5191028,2.0,-1.0,-42.0
1776885964.5291028,5.0,-4.0,-39.0
1776885964.5391028,3.0,-2.0,-39.0
1776885964.5491028,2.0,2.0,-43.0
1776885964.5591028,6.0,0.0,-50.0
1776885964.5691028,9.0,-3.0,-48.0
1776885964.5791028,6.0,-9.0,-48.0
1776885964.5891027,4.0,-7.0,-47.0
1776885964.5991027,1.0,-8.0,-47.0
1776885964.6091027,2.0,-8.0,-53.0
1776885964.6191027,1.0,-6.0,-52.0
1776885964.6291027,1.0,-5.0,-44.0
1776885964.6391027,1.0,-8.0,-46.0
1776885964.6491027,0.0,-5.0,-47.0
1776885964.659103,0.0,-6.0,-47.0
1776885964.669103,-1.0,-6.0,-38.0
1776885964.679103,0.0,-1.0,-35.0
1776885964.6891026,3.0,-4.0,-31.0
1776885964.6991026,4.0,-4.0,-34.0
1776885964.7091026,4.0,-5.0,-39.0
1776885964.7191026,0.0,-4.0,-38.0
1776885964.7291028,-1.0,-1.0,-45.0
1776885964.7391028,-1.0,0.0,-45.0
1776885964.7491028,-2.0,-1.0,-36.0
1776885964.7591028,0.0,0.0,-32.0
1776885964.7691028,5.0,0.0,-35.0
1776885964.7791028,6.0,1.0,-42.0
1776885964.7891028,2.0,3.0,-37.0
1776885964.7991028,-3.0,-2.0,-43.0
1776885964.8091028,0.0,-5.0,-47.0
1776885964.8191028,5.0,-5.0,-50.0
1776885964.8291028,4.0,-6.0,-45.0
1776885964.8391027,4.0,-7.0,-38.0
1776885964.8491027,4.0,-3.0,-38.0
1776885964.8591027,-1.0,-1.0,-42.0
1776885964.8691027,2.0,0.0,-44.0
1776885964.8791027,2.0,-2.0,-45.0
1776885964.8891027,1.0,-1.0,-41.0
1776885964.8991027,-2.0,0.0,-36.0
1776885964.909103,0.0,-4.0,-42.0
1776885964.919103,-1.0,-2.0,-45.0
1776885964.929103,-2.0,-4.0,-32.0
1776885964.9391026,-1.0,-3.0,-35.0
1776885964.9491026,-1.0,-7.0,-34.0
1776885964.9591026,-3.0,-5.0,-47.0
1776885964.9691026,1.0,-8.0,-52.0
1776885964.9791028,3.0,-6.0,-52.0
1776885964.9891028,0.0,-10.0,-45.0
1776885965.0001028,-2.0,-13.0,-42.0
1776885965.0091028,-1.0,-14.0,-41.0
1776885965.0201027,0.0,-9.0,-38.0
1776885965.0301027,4.0,-8.0,-38.0
1776885965.0401027,-1.0,-5.0,-34.0
1776885965.0501027,-2.0,-4.0,-33.0
1776885965.0601027,0.0,-1.0,-35.0
1776885965.0701027,0.0,0.0,-40.0
1776885965.0801027,0.0,0.0,-39.0
1776885965.090103,0.0,-1.0,-35.0
1776885965.100103,-4.0,-7.0,-38.0
1776885965.110103,-5.0,-3.0,-40.0
1776885965.1201026,-2.0,-3.0,-39.0
1776885965.1301026,0.0,-5.0,-35.0
1776885965.1401026,3.0,-4.0,-44.0
1776885965.1501029,-1.0,-3.0,-45.0
1776885965.1601028,0.0,1.0,-36.0
1776885965.1701028,0.0,2.0,-34.0
1776885965.1801028,6.0,0.0,-34.0
1776885965.1901028,11.0,0.0,-40.0
1776885965.2001028,11.0,-3.0,-47.0
1776885965.2101028,9.0,-2.0,-50.0
1776885965.2201028,8.0,-3.0,-49.0
1776885965.2301028,4.0,-4.0,-44.0
1776885965.2401028,7.0,0.0,-48.0
1776885965.2501028,3.0,-1.0,-45.0
1776885965.2601027,5.0,-2.0,-47.0
1776885965.2701027,9.0,-2.0,-46.0
1776885965.2801027,9.0,0.0,-41.0
1776885965.2901027,12.0,6.0,-42.0
1776885965.3001027,8.0,3.0,-36.0
1776885965.3101027,9.0,1.0,-41.0
1776885965.3201027,6.0,0.0,-44.0
1776885965.3301027,3.0,-2.0,-39.0
1776885965.340103,3.0,-1.0,-38.0
1776885965.350103,2.0,2.0,-36.0
1776885965.360103,0.0,1.0,-40.0
1776885965.3701026,1.0,0.0,-39.0
1776885965.3801026,1.0,-2.0,-41.0
1776885965.3901026,0.0,-1.0,-42.0
1776885965.4001029,3.0,0.0,-37.0
1776885965.4101028,-2.0,-2.0,-44.0
1776885965.4201028,-2.0,-8.0,-49.0
1776885965.4301028,-2.0,-3.0,-39.0
1776885965.4401028,0.0,-4.0,-40.0
1776885965.4501028,2.0,-4.0,-42.0
1776885965.4601028,3.0,-7.0,-33.0
1776885965.4701028,0.0,-7.0,-39.0
1776885965.4801028,-6.0,-2.0,-39.0
1776885965.4901028,-8.0,-1.0,-43.0
1776885965.5001028,-8.0,-3.0,-48.0
1776885965.5101027,-2.0,-5.0,-46.0
1776885965.5201027,-4.0,-4.0,-45.0
1776885965.5301027,-3.0,-3.0,-50.0
1776885965.5401027,-1.0,-1.0,-52.0
1776885965.5501027,1.0,2.0,-58.0
1776885965.5601027,0.0,1.0,-55.0
1776885965.5701027,-3.0,1.0,-48.0
1776885965.5801027,-3.0,0.0,-44.0
1776885965.590103,-2.0,-1.0,-48.0
1776885965.600103,-2.0,1.0,-51.0
1776885965.610103,-3.0,-2.0,-57.0
1776885965.6201026,-3.0,-1.0,-50.0
1776885965.6301026,-2.0,0.0,-47.0
1776885965.6401026,-3.0,-3.0,-43.0
1776885965.6501029,-2.0,-7.0,-44.0
1776885965.6601028,-3.0,-6.0,-46.0
1776885965.6701028,-6.0,-8.0,-40.0
1776885965.6801028,-5.0,-6.0,-45.0
1776885965.6901028,-2.0,0.0,-44.0
1776885965.7001028,-2.0,0.0,-39.0
1776885965.7101028,-6.0,0.0,-36.0
1776885965.7201028,-4.0,-1.0,-34.0
1776885965.7301028,-5.0,-3.0,-30.0
1776885965.7401028,-3.0,-4.0,-31.0
1776885965.7501028,-6.0,-5.0,-34.0
1776885965.7601027,0.0,-6.0,-31.0
1776885965.7701027,-1.0,-6.0,-35.0
1776885965.7801027,-1.0,-6.0,-39.0
1776885965.7901027,-2.0,-4.0,-39.0
1776885965.8001027,0.0,-3.0,-39.0
1776885965.8101027,-3.0,-8.0,-43.0
1776885965.8201027,-5.0,-2.0,-33.0
1776885965.8301027,-2.0,-2.0,-32.0
1776885965.840103,-5.0,-2.0,-31.0
1776885965.850103,0.0,1.0,-29.0
1776885965.860103,0.0,-1.0,-24.0
1776885965.8701026,3.0,-3.0,-34.0
1776885965.8801026,1.0,-5.0,-32.0
1776885965.8901026,-1.0,-6.0,-33.0
1776885965.9001029,-1.0,-5.0,-40.0
1776885965.9101028,-2.0,-6.0,-37.0
1776885965.9201028,-1.0,-5.0,-41.0
1776885965.9301028,2.0,-8.0,-43.0
1776885965.9401028,-1.0,-7.0,-43.0
1776885965.9501028,-1.0,-7.0,-45.0
1776885965.9601028,-2.0,-2.0,-39.0
1776885965.9701028,0.0,2.0,-38.0
1776885965.9801028,2.0,-2.0,-39.0
1776885965.9901028,2.0,-2.0,-45.0
1776885966.0001028,4.0,0.0,-42.0
1776885966.0101027,2.0,0.0,-40.0
1776885966.0201027,0.0,-4.0,-42.0
1776885966.0301027,-1.0,-1.0,-41.0
1776885966.0401027,-3.0,0.0,-37.0
1776885966.0501027,0.0,-2.0,-38.0
1776885966.0601027,-1.0,1.0,-41.0
1776885966.0701027,4.0,3.0,-47.0
1776885966.0801027,6.0,2.0,-47.0
1776885966.090103,5.0,5.0,-49.0
1776885966.100103,3.0,5.0,-52.0
1776885966.110103,1.0,6.0,-48.0
1776885966.1201026,5.0,3.0,-46.0
1776885966.1301026,5.0,4.0,-41.0
1776885966.1401026,5.0,9.0,-34.0
1776885966.1501029,6.0,3.0,-29.0
1776885966.1601028,0.0,0.0,-35.0
1776885966.1701028,-2.0,-3.0,-37.0
1776885966.1801028,-1.0,-5.0,-39.0
1776885966.1901028,3.0,-6.0,-34.0
1776885966.2001028,3.0,0.0,-29.0
1776885966.2101028,2.0,1.0,-33.0
1776885966.2201028,3.0,0.0,-27.0
1776885966.2301028,5.0,0.0,-28.0
1776885966.2401028,6.0,-1.0,-38.0
1776885966.2501028,5.0,2.0,-40.0
1776885966.2601027,0.0,-1.0,-33.0
1776885966.2701027,0.0,1.0,-34.0
1776885966.2801027,2.0,0.0,-30.0
1776885966.2901027,0.0,1.0,-37.0
1776885966.3001027,-2.0,0.0,-38.0
1776885966.3101027,0.0,1.0,-30.0
1776885966.3201027,-1.0,3.0,-34.0
1776885966.3301027,-6.0,-1.0,-40.0
1776885966.340103,-5.0,0.0,-37.0
1776885966.350103,-3.0,0.0,-41.0
1776885966.360103,-2.0,-3.0,-41.0
1776885966.3701026,1.0,-2.0,-45.0
1776885966.3801026,3.0,-4.0,-45.0
1776885966.3901026,3.0,-5.0,-53.0
1776885966.4001029,3.0,-5.0,-43.0
1776885966.4101028,0.0,-5.0,-35.0
1776885966.4201028,1.0,-4.0,-29.0
1776885966.4301028,2.0,-6.0,-31.0
1776885966.4401028,0.0,-4.0,-27.0
1776885966.4501028,0.0,-5.0,-26.0
1776885966.4601028,2.0,-6.0,-30.0
1776885966.4701028,2.0,-6.0,-33.0
1776885966.4801028,1.0,-7.0,-35.0
1776885966.4901028,2.0,-4.0,-39.0
1776885966.5001028,1.0,-3.0,-43.0
1776885966.5101027,0.0,0.0,-42.0
1776885966.5201027,0.0,1.0,-45.0
1776885966.5301027,-5.0,2.0,-53.0
1776885966.5401027,-3.0,3.0,-50.0
1776885966.5501027,0.0,4.0,-48.0
1776885966.5601027,4.0,4.0,-56.0
1776885966.5701027,9.0,5.0,-53.0
1776885966.5801027,10.0,3.0,-55.0
1776885966.590103,2.0,0.0,-52.0
1776885966.600103,5.0,-3.0,-46.0
1776885966.610103,9.0,-4.0,-45.0
1776885966.6201026,7.0,-4.0,-54.0
1776885966.6301026,10.0,-4.0,-46.0
1776885966.6401026,14.0,0.0,-43.0
1776885966.6501029,10.0,-1.0,-39.0
1776885966.6601028,9.0,-5.0,-34.0
1776885966.6701028,4.0,-5.0,-37.0
1776885966.6801028,8.0,-7.0,-37.0
1776885966.6901028,6.0,-7.0,-33.0
1776885966.7001028,4.0,-8.0,-29.0
1776885966.7101028,6.0,-8.0,-32.0
1776885966.7201028,7.0,-7.0,-33.0
1776885966.7301028,7.0,-10.0,-29.0
1776885966.7401028,6.0,-5.0,-29.0
1776885966.7501028,0.0,-3.0,-23.0
1776885966.7601027,5.0,-4.0,-29.0
1776885966.7701027,3.0,-6.0,-32.0
1776885966.7801027,5.0,-5.0,-33.0
1776885966.7901027,3.0,-7.0,-34.0
1776885966.8001027,2.0,-8.0,-36.0
1776885966.8101027,4.0,-5.0,-43.0
1776885966.8201027,4.0,-3.0,-36.0
1776885966.8301027,8.0,-3.0,-34.0
1776885966.840103,5.0,-2.0,-32.0
1776885966.850103,2.0,0.0,-36.0
1776885966.860103,6.0,0.0,-31.0
1776885966.8701026,-1.0,3.0,-33.0
1776885966.8801026,-3.0,2.0,-41.0
1776885966.8901026,-5.0,0.0,-41.0
1776885966.9001029,-2.0,3.0,-34.0
1776885966.9101028,-4.0,5.0,-42.0
1776885966.9201028,-2.0,0.0,-41.0
1776885966.9301028,1.0,-2.0,-32.0
1776885966.9401028,0.0,-2.0,-27.0
1776885966.9501028,-3.0,0.0,-21.0
1776885966.9601028,-1.0,1.0,-28.0
1776885966.9711027,0.0,1.0,-41.0
1776885966.9801028,1.0,2.0,-41.0
1776885966.9901028,0.0,4.0,-43.0
1776885967.0011027,-1.0,0.0,-43.0
1776885967.011103,-4.0,0.0,-45.0
1776885967.021103,-3.0,-1.0,-44.0
1776885967.0301027,0.0,-4.0,-42.0
1776885967.0411026,-1.0,-7.0,-47.0
1776885967.0511026,2.0,-5.0,-36.0
1776885967.0611026,2.0,-6.0,-36.0
1776885967.0711029,7.0,-4.0,-38.0
1776885967.0811028,8.0,-7.0,-40.0
1776885967.0911028,5.0,-7.0,-43.0
1776885967.1011028,5.0,-7.0,-45.0
1776885967.1111028,8.0,-2.0,-41.0
1776885967.1211028,5.0,-3.0,-43.0
1776885967.1311028,7.0,-4.0,-43.0
1776885967.1411028,6.0,-7.0,-41.0
1776885967.1511028,7.0,-3.0,-38.0
1776885967.1611028,4.0,-1.0,-41.0
1776885967.1711028,3.0,-1.0,-37.0
1776885967.1811028,4.0,-2.0,-36.0
1776885967.1911027,3.0,-4.0,-38.0
1776885967.2011027,3.0,-6.0,-39.0
1776885967.2111027,2.0,0.0,-37.0
1776885967.2211027,3.0,1.0,-35.0
1776885967.2311027,2.0,-1.0,-39.0
1776885967.2411027,2.0,-3.0,-42.0
1776885967.2511027,1.0,0.0,-40.0
1776885967.261103,1.0,0.0,-39.0
1776885967.271103,-2.0,-1.0,-35.0
1776885967.281103,1.0,-1.0,-38.0
1776885967.2911026,1.0,0.0,-39.0
1776885967.3011026,1.0,-3.0,-33.0
1776885967.3111026,0.0,-5.0,-28.0
1776885967.3211029,-2.0,-5.0,-32.0
1776885967.3311028,-3.0,-5.0,-36.0
1776885967.3411028,-3.0,0.0,-39.0
1776885967.3511028,-6.0,1.0,-37.0
1776885967.3611028,-2.0,0.0,-45.0
1776885967.3711028,-2.0,0.0,-49.0
1776885967.3811028,-4.0,-1.0,-51.0
1776885967.3911028,-6.0,0.0,-49.0
1776885967.4011028,-5.0,-2.0,-51.0
1776885967.4111028,-2.0,-4.0,-50.0
1776885967.4211028,-1.0,-4.0,-47.0
1776885967.4311028,-4.0,-6.0,-43.0
1776885967.4411027,0.0,-6.0,-40.0
1776885967.4511027,0.0,-2.0,-36.0
1776885967.4611027,0.0,-4.0,-38.0
1776885967.4711027,-1.0,-2.0,-40.0
1776885967.4811027,-7.0,0.0,-48.0
1776885967.4911027,-4.0,-1.0,-59.0
1776885967.5011027,-2.0,2.0,-56.0
1776885967.511103,0.0,5.0,-53.0
1776885967.521103,1.0,4.0,-53.0
1776885967.531103,0.0,4.0,-48.0
1776885967.5411026,0.0,0.0,-48.0
1776885967.5511026,-1.0,2.0,-45.0
1776885967.5611026,-2.0,0.0,-37.0
1776885967.5711029,-3.0,0.0,-38.0
1776885967.5811028,0.0,-3.0,-39.0
1776885967.5911028,-1.0,5.0,-39.0
1776885967.6011028,3.0,6.0,-46.0
1776885967.6111028,0.0,4.0,-41.0
1776885967.6211028,7.0,2.0,-45.0
1776885967.6311028,5.0,0.0,-43.0
1776885967.6411028,4.0,-2.0,-41.0
1776885967.6511028,4.0,-1.0,-35.0
1776885967.6611028,2.0,-3.0,-34.0
1776885967.6711028,3.0,0.0,-36.0
1776885967.6811028,6.0,0.0,-37.0
1776885967.6911027,6.0,-5.0,-43.0
1776885967.7011027,8.0,-5.0,-38.0
1776885967.7111027,4.0,-4.0,-36.0
1776885967.7211027,2.0,0.0,-32.0
1776885967.7311027,0.0,0.0,-31.0
1776885967.7411027,0.0,-2.0,-32.0
1776885967.7511027,-5.0,-5.0,-38.0
1776885967.761103,-5.0,-7.0,-36.0
1776885967.771103,-9.0,-9.0,-37.0
1776885967.781103,-5.0,-9.0,-38.0
1776885967.7911026,-1.0,-8.0,-41.0
1776885967.8011026,-1.0,-7.0,-45.0
1776885967.8111026,-1.0,-7.0,-47.0
1776885967.8211029,-5.0,-9.0,-40.0
1776885967.8311028,-7.0,-7.0,-38.0
1776885967.8411028,-3.0,-3.0,-38.0
1776885967.8511028,-1.0,-2.0,-31.0
1776885967.8611028,3.0,0.0,-33.0
1776885967.8711028,2.0,0.0,-42.0
1776885967.8811028,5.0,3.0,-43.0
1776885967.8911028,3.0,1.0,-39.0
1776885967.9011028,3.0,3.0,-34.0
1776885967.9111028,10.0,3.0,-32.0
1776885967.9211028,9.0,6.0,-30.0
1776885967.9311028,9.0,7.0,-28.0
1776885967.9411027,10.0,0.0,-24.0
1776885967.9511027,7.0,-3.0,-29.0
1776885967.9611027,8.0,-2.0,-34.0
1776885967.9711027,5.0,0.0,-38.0
1776885967.9811027,0.0,0.0,-36.0
1776885967.9911027,0.0,-2.0,-35.0
1776885968.0011027,0.0,-3.0,-36.0
1776885968.011103,-1.0,0.0,-39.0
1776885968.021103,2.0,0.0,-41.0
1776885968.031103,1.0,2.0,-38.0
1776885968.0411026,6.0,4.0,-47.0
1776885968.0511026,6.0,1.0,-53.0
1776885968.0611026,10.0,0.0,-47.0
1776885968.0711029,5.0,0.0,-49.0
1776885968.0821028,6.0,-4.0,-46.0
1776885968.0911028,7.0,-5.0,-44.0
1776885968.1011028,6.0,-3.0,-43.0
1776885968.1111028,3.0,-6.0,-37.0
1776885968.1211028,3.0,-6.0,-39.0
1776885968.1311028,2.0,-6.0,-41.0
1776885968.1411028,0.0,-6.0,-37.0
1776885968.1511028,-2.0,-5.0,-43.0
1776885968.1611028,-5.0,0.0,-44.0
1776885968.1711028,-2.0,1.0,-42.0
1776885968.1811028,-2.0,4.0,-39.0
1776885968.1911027,-1.0,1.0,-40.0
1776885968.2011027,-3.0,0.0,-47.0
1776885968.2111027,-4.0,-2.0,-52.0
1776885968.2211027,-7.0,-2.0,-53.0
1776885968.2311027,-12.0,0.0,-52.0
1776885968.2411027,-10.0,-1.0,-50.0
1776885968.2511027,-8.0,-2.0,-47.0
1776885968.261103,-4.0,0.0,-48.0
1776885968.271103,-4.0,0.0,-44.0
1776885968.281103,-3.0,-2.0,-38.0
1776885968.2911026,-1.0,-6.0,-35.0
1776885968.3011026,2.0,-6.0,-34.0
1776885968.3111026,9.0,-3.0,-35.0
1776885968.3211029,12.0,0.0,-37.0
1776885968.3311028,11.0,5.0,-38.0
1776885968.3411028,6.0,5.0,-42.0
1776885968.3511028,4.0,5.0,-43.0
1776885968.3611028,1.0,2.0,-40.0
1776885968.3711028,4.0,0.0,-43.0
1776885968.3811028,10.0,0.0,-45.0
1776885968.3911028,12.0,-2.0,-52.0
1776885968.4011028,11.0,-7.0,-47.0
1776885968.4111028,7.0,-8.0,-47.0
1776885968.4211028,0.0,-6.0,-47.0
1776885968.4311028,-2.0,-5.0,-46.0
1776885968.4411027,0.0,-2.0,-47.0
1776885968.4511027,-3.0,-7.0,-49.0
1776885968.4611027,-2.0,-14.0,-45.0
1776885968.4711027,-3.0,-9.0,-46.0
1776885968.4811027,-2.0,-8.0,-47.0
1776885968.4911027,-3.0,-10.0,-38.0
1776885968.5011027,-2.0,-10.0,-43.0
1776885968.511103,-3.0,-7.0,-42.0
1776885968.521103,-1.0,-7.0,-39.0
1776885968.531103,3.0,-8.0,-38.0
1776885968.5411026,5.0,-8.0,-36.0
1776885968.5511026,6.0,-10.0,-32.0
1776885968.5611026,4.0,-11.0,-35.0
1776885968.5711029,4.0,-6.0,-40.0
1776885968.5811028,0.0,-1.0,-37.0
1776885968.5911028,0.0,0.0,-35.0
1776885968.6011028,-2.0,-1.0,-46.0
1776885968.6111028,-4.0,-2.0,-45.0
1776885968.6211028,-4.0,-4.0,-42.0
1776885968.6311028,-2.0,-4.0,-42.0
1776885968.6411028,0.0,-4.0,-41.0
1776885968.6511028,0.0,-5.0,-39.0
1776885968.6611028,0.0,-10.0,-39.0
1776885968.6711028,2.0,-6.0,-34.0
1776885968.6811028,1.0,-1.0,-26.0
1776885968.6911027,-2.0,3.0,-32.0
1776885968.7011027,-3.0,0.0,-37.0
1776885968.7111027,0.0,0.0,-39.0
1776885968.7211027,3.0,1.0,-37.0
1776885968.7311027,1.0,0.0,-36.0
1776885968.7411027,0.0,0.0,-38.0
1776885968.7511027,-2.0,-2.0,-42.0
1776885968.761103,-4.0,-3.0,-46.0
1776885968.771103,-6.0,-2.0,-45.0
1776885968.781103,-7.0,-1.0,-39.0
1776885968.7911026,-6.0,1.0,-43.0
1776885968.8011026,-6.0,-2.0,-41.0
1776885968.8111026,-3.0,-6.0,-46.0
1776885968.8211029,2.0,-7.0,-46.0
1776885968.8311028,5.0,-4.0,-44.0
1776885968.8411028,4.0,-3.0,-45.0
1776885968.8511028,3.0,-4.0,-41.0
1776885968.8611028,4.0,-4.0,-42.0
1776885968.8711028,5.0,-1.0,-46.0
1776885968.8811028,3.0,-5.0,-49.0
1776885968.8911028,-3.0,-6.0,-49.0
1776885968.9011028,-7.0,-6.0,-43.0
1776885968.9111028,-6.0,-5.0,-40.0
1776885968.9211028,-2.0,-8.0,-38.0
1776885968.9311028,0.0,-7.0,-39.0
1776885968.9411027,-1.0,-6.0,-37.0
1776885968.9511027,-2.0,-1.0,-41.0
1776885968.9611027,-1.0,3.0,-41.0
1776885968.9711027,0.0,0.0,-42.0
1776885968.9811027,-1.0,4.0,-45.0
1776885968.9911027,0.0,5.0,-46.0
1776885969.0011027,0.0,7.0,-41.0
1776885969.0121028,-3.0,7.0,-40.0
1776885969.0221028,-4.0,4.0,-45.0
1776885969.031103,-5.0,2.0,-47.0
1776885969.0421028,1.0,0.0,-48.0
1776885969.0521028,2.0,-4.0,-52.0
1776885969.0621028,0.0,-4.0,-51.0
1776885969.0721028,0.0,-4.0,-43.0
1776885969.0811028,0.0,-3.0,-41.0
1776885969.0921028,0.0,-5.0,-45.0
1776885969.1021028,0.0,-3.0,-45.0
1776885969.1121027,-5.0,0.0,-47.0
1776885969.1221027,0.0,-4.0,-41.0
1776885969.1321027,-2.0,0.0,-40.0
1776885969.1421027,-2.0,0.0,-43.0
1776885969.1521027,-1.0,0.0,-42.0
1776885969.1621027,-2.0,-1.0,-42.0
1776885969.1721027,0.0,0.0,-47.0
1776885969.182103,0.0,-1.0,-48.0
1776885969.192103,0.0,-4.0,-41.0
1776885969.202103,0.0,-7.0,-44.0
1776885969.212103,1.0,-6.0,-42.0
1776885969.2221026,2.0,-2.0,-51.0
1776885969.2321026,4.0,-3.0,-50.0
1776885969.2421026,3.0,-1.0,-51.0
1776885969.2521029,5.0,-1.0,-50.0
1776885969.2621028,0.0,-4.0,-47.0
1776885969.2721028,2.0,-3.0,-48.0
1776885969.2821028,8.0,0.0,-45.0
1776885969.2921028,6.0,-3.0,-48.0
1776885969.3021028,3.0,-6.0,-44.0
1776885969.3121028,1.0,-1.0,-47.0
1776885969.3221028,-1.0,-3.0,-47.0
1776885969.3321028,-1.0,-1.0,-48.0
1776885969.3421028,1.0,-1.0,-57.0
1776885969.3521028,2.0,-4.0,-53.0
1776885969.3621027,2.0,-5.0,-51.0
1776885969.3721027,5.0,-1.0,-55.0
1776885969.3821027,4.0,-2.0,-48.0
1776885969.3921027,7.0,-5.0,-47.0
1776885969.4021027,7.0,-6.0,-44.0
1776885969.4121027,3.0,-5.0,-44.0
1776885969.4221027,1.0,-2.0,-45.0
1776885969.432103,0.0,-1.0,-42.0
1776885969.442103,-2.0,-1.0,-38.0
1776885969.452103,-3.0,0.0,-40.0
1776885969.462103,3.0,1.0,-36.0
1776885969.4721026,4.0,0.0,-34.0
1776885969.4821026,4.0,0.0,-31.0
1776885969.4921026,4.0,0.0,-42.0
1776885969.5021029,7.0,0.0,-36.0
1776885969.5121028,5.0,-4.0,-37.0
1776885969.5221028,8.0,-3.0,-35.0
1776885969.5321028,6.0,-1.0,-38.0
1776885969.5421028,2.0,-2.0,-31.0
1776885969.5521028,5.0,-2.0,-38.0
1776885969.5621028,5.0,-4.0,-40.0
1776885969.5721028,1.0,-6.0,-36.0
1776885969.5821028,-2.0,-2.0,-33.0
1776885969.5921028,-3.0,-3.0,-41.0
1776885969.6021028,-3.0,-5.0,-39.0
1776885969.6121027,-3.0,-2.0,-43.0
1776885969.6221027,-4.0,0.0,-48.0
1776885969.6321027,0.0,0.0,-40.0
1776885969.6421027,3.0,-1.0,-41.0
1776885969.6521027,7.0,0.0,-36.0
1776885969.6621027,0.0,1.0,-42.0
1776885969.6721027,1.0,4.0,-44.0
1776885969.682103,-2.0,5.0,-44.0
1776885969.692103,-4.0,3.0,-32.0
1776885969.702103,-4.0,1.0,-33.0
1776885969.712103,-4.0,1.0,-34.0
1776885969.7221026,-3.0,1.0,-38.0
1776885969.7321026,-1.0,0.0,-39.0
1776885969.7421026,-4.0,-5.0,-39.0
1776885969.7521029,-4.0,-6.0,-43.0
1776885969.7621028,-4.0,-6.0,-41.0
1776885969.7721028,0.0,-7.0,-38.0
1776885969.7821028,2.0,-5.0,-29.0
1776885969.7921028,0.0,-8.0,-33.0
1776885969.8021028,2.0,-8.0,-32.0
1776885969.8121028,5.0,-9.0,-24.0
1776885969.8231027,5.0,-7.0,-23.0
1776885969.8321028,7.0,-1.0,-26.0
1776885969.8421028,1.0,-2.0,-32.0
1776885969.8521028,-4.0,-1.0,-34.0
1776885969.8621027,-2.0,-2.0,-39.0
1776885969.8721027,-5.0,-7.0,-37.0
1776885969.8821027,-6.0,-9.0,-41.0
1776885969.8921027,-3.0,-9.0,-39.0
1776885969.9021027,0.0,-10.0,-41.0
1776885969.9121027,-2.0,-6.0,-42.0
1776885969.9221027,0.0,-3.0,-38.0
1776885969.932103,2.0,-2.0,-34.0
1776885969.942103,2.0,1.0,-38.0
1776885969.952103,4.0,0.0,-38.0
1776885969.962103,7.0,-4.0,-34.0
1776885969.9721026,3.0,-3.0,-41.0
1776885969.9821026,4.0,-3.0,-46.0
1776885969.9921026,1.0,-3.0,-41.0
1776885970.0021029,0.0,-3.0,-30.0
1776885970.0121028,-1.0,-7.0,-31.0
1776885970.0221028,-4.0,-1.0,-33.0
1776885970.0321028,-1.0,-4.0,-39.0
1776885970.0421028,0.0,-6.0,-43.0
1776885970.0521028,1.0,-3.0,-45.0
1776885970.0621028,4.0,-1.0,-46.0
1776885970.0721028,5.0,1.0,-41.0
1776885970.0821028,7.0,1.0,-39.0
1776885970.0921028,4.0,0.0,-33.0
1776885970.1021028,0.0,0.0,-38.0
1776885970.1121027,0.0,1.0,-40.0
1776885970.1221027,-3.0,1.0,-34.0
1776885970.1321027,1.0,-1.0,-37.0
1776885970.1421027,5.0,2.0,-34.0
1776885970.1521027,7.0,-1.0,-37.0
1776885970.1621027,9.0,-2.0,-41.0
1776885970.1721027,4.0,-2.0,-43.0
1776885970.182103,0.0,-2.0,-35.0
1776885970.192103,0.0,-1.0,-39.0
1776885970.202103,0.0,-2.0,-35.0
1776885970.212103,2.0,-3.0,-27.0
1776885970.2221026,3.0,-5.0,-27.0
1776885970.2321026,0.0,-6.0,-29.0
1776885970.2421026,-3.0,-8.0,-35.0
1776885970.2521029,0.0,-3.0,-37.0
1776885970.2621028,-1.0,2.0,-43.0
1776885970.2721028,0.0,1.0,-41.0
1776885970.2821028,3.0,5.0,-36.0
1776885970.2921028,5.0,3.0,-35.0
1776885970.3021028,1.0,0.0,-45.0
1776885970.3121028,0.0,-2.0,-45.0
1776885970.3221028,0.0,-4.0,-42.0
1776885970.3321028,0.0,-4.0,-45.0
1776885970.3421028,-4.0,-6.0,-40.0
1776885970.3521028,-2.0,-4.0,-34.0
1776885970.3621027,0.0,-1.0,-42.0
1776885970.3721027,0.0,1.0,-44.0
1776885970.3821027,5.0,0.0,-39.0
1776885970.3921027,0.0,0.0,-35.0
1776885970.4021027,0.0,0.0,-34.0
1776885970.4121027,2.0,2.0,-34.0
1776885970.4221027,2.0,5.0,-31.0
1776885970.432103,4.0,2.0,-35.0
1776885970.442103,5.0,-2.0,-37.0
1776885970.452103,4.0,-8.0,-36.0
1776885970.462103,-2.0,-3.0,-32.0
1776885970.4721026,-3.0,-4.0,-30.0
1776885970.4821026,-2.0,-4.0,-29.0
1776885970.4921026,0.0,-5.0,-31.0
1776885970.5021029,-1.0,-6.0,-31.0
1776885970.5121028,0.0,0.0,-33.0
1776885970.5221028,2.0,2.0,-39.0
1776885970.5321028,0.0,2.0,-39.0
1776885970.5421028,0.0,0.0,-34.0
1776885970.5521028,1.0,-3.0,-29.0
1776885970.5621028,-2.0,0.0,-28.0
1776885970.5721028,-3.0,1.0,-37.0
1776885970.5821028,4.0,3.0,-41.0
1776885970.5921028,9.0,4.0,-39.0
1776885970.6021028,7.0,4.0,-42.0
1776885970.6121027,5.0,5.0,-46.0
1776885970.6221027,6.0,5.0,-41.0
1776885970.6321027,8.0,2.0,-41.0
1776885970.6421027,6.0,0.0,-40.0
1776885970.6521027,2.0,-1.0,-38.0
1776885970.6621027,7.0,-2.0,-37.0
1776885970.6721027,7.0,-4.0,-37.0
1776885970.682103,6.0,0.0,-40.0
1776885970.692103,13.0,-2.0,-33.0
1776885970.702103,12.0,-3.0,-40.0
1776885970.712103,6.0,-5.0,-50.0
1776885970.7221026,2.0,-4.0,-43.0
1776885970.7321026,-1.0,-1.0,-33.0
1776885970.7421026,0.0,2.0,-29.0
1776885970.7521029,1.0,3.0,-29.0
1776885970.7621028,0.0,-1.0,-24.0
1776885970.7721028,-2.0,-2.0,-29.0
1776885970.7821028,-3.0,-6.0,-29.0
1776885970.7921028,-1.0,-8.0,-29.0
1776885970.8021028,-1.0,-7.0,-33.0
1776885970.8121028,-4.0,-7.0,-41.0
1776885970.8221028,-9.0,-5.0,-42.0
1776885970.8321028,-7.0,-6.0,-42.0
1776885970.8421028,-3.0,-5.0,-42.0
1776885970.8521028,0.0,-8.0,-41.0
1776885970.8621027,7.0,-5.0,-37.0
1776885970.8721027,6.0,-4.0,-38.0
1776885970.8821027,5.0,-8.0,-42.0
1776885970.8921027,4.0,-12.0,-37.0
1776885970.9021027,1.0,-13.0,-37.0
1776885970.9121027,-2.0,-9.0,-33.0
1776885970.9221027,-2.0,-9.0,-34.0
1776885970.932103,-1.0,-6.0,-38.0
1776885970.942103,2.0,-9.0,-38.0
1776885970.952103,-1.0,-12.0,-38.0
1776885970.9631028,0.0,-14.0,-36.0
1776885970.9721026,1.0,-8.0,-33.0
1776885970.9821026,3.0,-5.0,-37.0
1776885970.9931028,0.0,2.0,-35.0
1776885971.0021029,-5.0,0.0,-41.0
1776885971.0131028,-7.0,3.0,-45.0
1776885971.0231028,-2.0,0.0,-42.0
1776885971.0321028,-1.0,1.0,-33.0
1776885971.0431027,-2.0,4.0,-32.0
1776885971.0531027,-2.0,6.0,-31.0
1776885971.0631027,3.0,4.0,-38.0
1776885971.0731027,4.0,6.0,-38.0
1776885971.0821028,2.0,0.0,-43.0
1776885971.0931027,3.0,0.0,-42.0
1776885971.1031027,1.0,0.0,-38.0
1776885971.113103,-1.0,-3.0,-38.0
1776885971.123103,2.0,-2.0,-33.0
1776885971.133103,2.0,-1.0,-39.0
1776885971.1431026,-1.0,-3.0,-36.0
1776885971.1531026,-2.0,-3.0,-36.0
1776885971.1631026,-3.0,-2.0,-38.0
1776885971.1731029,-5.0,-1.0,-33.0
1776885971.1831028,0.0,-1.0,-32.0
1776885971.1931028,0.0,0.0,-32.0
1776885971.2031028,0.0,-2.0,-26.0
1776885971.2131028,-3.0,-2.0,-27.0
1776885971.2231028,0.0,-3.0,-28.0
1776885971.2331028,-2.0,0.0,-32.0
1776885971.2431028,-3.0,-4.0,-25.0
1776885971.2531028,0.0,-4.0,-25.0
1776885971.2631028,3.0,0.0,-32.0
1776885971.2731028,3.0,0.0,-33.0
1776885971.2831028,5.0,3.0,-36.0
1776885971.2931027,4.0,0.0,-39.0
1776885971.3031027,3.0,3.0,-36.0
1776885971.3131027,5.0,5.0,-33.0
1776885971.3231027,3.0,1.0,-30.0
1776885971.3331027,3.0,0.0,-32.0
1776885971.3431027,2.0,0.0,-33.0
1776885971.3531027,1.0,0.0,-41.0
1776885971.363103,0.0,4.0,-39.0
1776885971.373103,-2.0,0.0,-41.0
1776885971.383103,-1.0,3.0,-43.0
1776885971.3931026,-1.0,1.0,-45.0
1776885971.4031026,0.0,-3.0,-42.0
1776885971.4131026,0.0,0.0,-45.0
1776885971.4231029,3.0,3.0,-46.0
1776885971.4331028,1.0,2.0,-44.0
1776885971.4431028,0.0,0.0,-45.0
1776885971.4531028,0.0,0.0,-44.0
1776885971.4631028,-3.0,4.0,-39.0
1776885971.4731028,-4.0,2.0,-43.0
1776885971.4831028,-5.0,0.0,-43.0
1776885971.4931028,-2.0,1.0,-40.0
1776885971.5031028,-1.0,-1.0,-41.0
1776885971.5131028,2.0,0.0,-41.0
1776885971.5231028,0.0,0.0,-45.0
1776885971.5331028,-4.0,-1.0,-45.0
1776885971.5431027,-6.0,1.0,-44.0
1776885971.5531027,-6.0,3.0,-45.0
1776885971.5631027,-6.0,0.0,-52.0
1776885971.5731027,-8.0,-4.0,-47.0
1776885971.5831027,-4.0,-5.0,-40.0
1776885971.5931027,-1.0,0.0,-38.0
1776885971.6031027,-2.0,0.0,-40.0
1776885971.613103,2.0,0.0,-40.0
1776885971.623103,4.0,0.0,-40.0
1776885971.633103,0.0,2.0,-40.0
1776885971.6431026,-1.0,0.0,-38.0
1776885971.6531026,1.0,-1.0,-41.0
1776885971.6631026,-2.0,-5.0,-39.0
1776885971.6731029,-6.0,-2.0,-48.0
1776885971.6831028,-4.0,-1.0,-50.0
1776885971.6931028,-4.0,-2.0,-47.0
1776885971.7031028,-3.0,-1.0,-43.0
1776885971.7131028,0.0,-11.0,-46.0
1776885971.7231028,0.0,-10.0,-46.0
1776885971.7331028,0.0,-7.0,-39.0
1776885971.7431028,3.0,-6.0,-36.0
1776885971.7531028,7.0,-1.0,-35.0
1776885971.7631028,5.0,-2.0,-34.0
1776885971.7731028,1.0,-2.0,-41.0
1776885971.7831028,0.0,-1.0,-44.0
1776885971.7931027,1.0,-3.0,-43.0
1776885971.8031027,0.0,-4.0,-50.0
1776885971.8131027,-2.0,-5.0,-50.0
1776885971.8231027,-7.0,-5.0,-48.0
1776885971.8331027,-3.0,0.0,-46.0
1776885971.8431027,-4.0,0.0,-41.0
1776885971.8531027,0.0,1.0,-39.0
1776885971.863103,4.0,0.0,-40.0
1776885971.873103,4.0,-3.0,-40.0
1776885971.883103,5.0,-4.0,-37.0
1776885971.8931026,5.0,-3.0,-31.0
1776885971.9031026,8.0,-2.0,-31.0
1776885971.9131026,8.0,1.0,-39.0
1776885971.9231029,2.0,1.0,-40.0
1776885971.9331028,2.0,4.0,-35.0
1776885971.9431028,3.0,1.0,-34.0
1776885971.9531028,3.0,2.0,-35.0
1776885971.9631028,7.0,5.0,-37.0
1776885971.9731028,7.0,3.0,-40.0
1776885971.9831028,3.0,0.0,-39.0
1776885971.9931028,1.0,-2.0,-39.0
1776885972.0031028,2.0,-3.0,-39.0
1776885972.0131028,0.0,-2.0,-45.0
1776885972.0231028,-1.0,-2.0,-45.0
1776885972.0331028,2.0,-2.0,-51.0
1776885972.0431027,3.0,-3.0,-47.0
1776885972.0531027,2.0,-2.0,-46.0
1776885972.0631027,0.0,-2.0,-44.0
1776885972.0731027,-1.0,0.0,-45.0
1776885972.0831027,6.0,-2.0,-40.0
1776885972.0931027,3.0,-6.0,-41.0
1776885972.1031027,0.0,-8.0,-48.0
1776885972.113103,-1.0,-5.0,-46.0
1776885972.123103,-3.0,-4.0,-44.0
1776885972.133103,-3.0,-4.0,-44.0
1776885972.1431026,3.0,-4.0,-40.0
1776885972.1531026,0.0,-2.0,-41.0
1776885972.1631026,-1.0,-1.0,-41.0
1776885972.1731029,1.0,-3.0,-41.0
1776885972.1831028,0.0,-4.0,-43.0
1776885972.1931028,0.0,-1.0,-51.0
1776885972.2031028,0.0,-3.0,-49.0
1776885972.2131028,-3.0,0.0,-49.0
1776885972.2231028,-5.0,-3.0,-53.0
1776885972.2331028,-7.0,-5.0,-50.0
1776885972.2431028,-1.0,-4.0,-40.0
1776885972.2531028,-2.0,-10.0,-42.0
1776885972.2631028,2.0,-5.0,-33.0
1776885972.2731028,3.0,-6.0,-38.0
1776885972.2831028,4.0,-1.0,-36.0
1776885972.2931027,5.0,3.0,-44.0
1776885972.3031027,1.0,8.0,-43.0
1776885972.3131027,-1.0,9.0,-44.0
1776885972.3231027,0.0,4.0,-46.0
1776885972.3331027,-1.0,-2.0,-44.0
1776885972.3431027,-2.0,-3.0,-42.0
1776885972.3531027,-5.0,-2.0,-41.0
1776885972.363103,1.0,0.0,-38.0
1776885972.373103,2.0,-1.0,-33.0
1776885972.383103,0.0,-5.0,-37.0
1776885972.3931026,-1.0,-6.0,-39.0
1776885972.4031026,2.0,-5.0,-33.0
1776885972.4131026,3.0,-1.0,-26.0
1776885972.4231029,5.0,0.0,-28.0
1776885972.4331028,2.0,0.0,-32.0
1776885972.4431028,2.0,-1.0,-33.0
1776885972.4531028,5.0,0.0,-38.0
1776885972.4631028,1.0,-1.0,-32.0
1776885972.4731028,0.0,2.0,-36.0
1776885972.4831028,0.0,1.0,-36.0
1776885972.4931028,-4.0,-1.0,-34.0
1776885972.5031028,-2.0,-1.0,-35.0
1776885972.5131028,-3.0,0.0,-39.0
1776885972.5231028,0.0,-2.0,-38.0
1776885972.5331028,1.0,-3.0,-35.0
1776885972.5431027,2.0,-8.0,-37.0
1776885972.5531027,0.0,-8.0,-39.0
1776885972.5631027,1.0,-7.0,-37.0
1776885972.5731027,2.0,-7.0,-37.0
1776885972.5831027,2.0,-6.0,-33.0
1776885972.5931027,1.0,-4.0,-40.0
1776885972.6031027,0.0,0.0,-47.0
1776885972.613103,-2.0,1.0,-50.0
1776885972.623103,-6.0,1.0,-55.0
1776885972.633103,-5.0,2.0,-51.0
1776885972.6431026,-2.0,0.0,-53.0
1776885972.6531026,1.0,4.0,-53.0
1776885972.6631026,1.0,1.0,-56.0
1776885972.6731029,2.0,0.0,-54.0
1776885972.6831028,2.0,2.0,-48.0
1776885972.6931028,5.0,0.0,-42.0
1776885972.7031028,0.0,0.0,-41.0
1776885972.7131028,1.0,-2.0,-37.0
1776885972.7231028,0.0,-3.0,-34.0
1776885972.7331028,1.0,-1.0,-31.0
1776885972.7431028,0.0,-4.0,-29.0
1776885972.7531028,1.0,-8.0,-29.0
1776885972.7631028,0.0,-5.0,-34.0
1776885972.7731028,-3.0,-5.0,-37.0
1776885972.7831028,-9.0,-3.0,-37.0
1776885972.7931027,-7.0,-6.0,-36.0
1776885972.8031027,-6.0,-3.0,-39.0
1776885972.8131027,-6.0,-2.0,-40.0
1776885972.8231027,-4.0,-2.0,-33.0
1776885972.8331027,-3.0,-5.0,-33.0
1776885972.8431027,-3.0,-7.0,-40.0
1776885972.8531027,0.0,-5.0,-43.0
1776885972.863103,6.0,-8.0,-40.0
1776885972.873103,0.0,-7.0,-43.0
1776885972.883103,-7.0,-6.0,-46.0
1776885972.8931026,-7.0,-7.0,-48.0
1776885972.9031026,-12.0,-4.0,-51.0
1776885972.9131026,-9.0,-3.0,-46.0
1776885972.9231029,-7.0,-6.0,-39.0
1776885972.9331028,-10.0,-6.0,-37.0
1776885972.9431028,-8.0,-6.0,-49.0
1776885972.9531028,-6.0,-3.0,-49.0
1776885972.9631028,-6.0,-6.0,-51.0
1776885972.9741027,-4.0,-8.0,-58.0
1776885972.9831028,-4.0,-6.0,-53.0
1776885972.9941027,0.0,-1.0,-50.0
1776885973.0041027,-1.0,0.0,-46.0
1776885973.0141027,0.0,0.0,-45.0
1776885973.0241027,2.0,0.0,-40.0
1776885973.0331028,3.0,0.0,-40.0
1776885973.044103,4.0,1.0,-42.0
1776885973.054103,1.0,0.0,-41.0
1776885973.0641026,2.0,3.0,-42.0
1776885973.0741026,3.0,1.0,-43.0
1776885973.0831027,3.0,0.0,-46.0
1776885973.0941026,0.0,-4.0,-47.0
1776885973.1041028,3.0,-4.0,-45.0
1776885973.1141028,2.0,-7.0,-40.0
1776885973.1241028,1.0,-5.0,-39.0
1776885973.1341028,-1.0,-4.0,-35.0
1776885973.1441028,-1.0,-4.0,-40.0
1776885973.1541028,-2.0,-5.0,-45.0
1776885973.1641028,-1.0,-5.0,-42.0
1776885973.1741028,0.0,-4.0,-40.0
1776885973.1841028,-4.0,-3.0,-42.0
1776885973.1941028,0.0,0.0,-46.0
1776885973.2041028,2.0,0.0,-45.0
1776885973.2141027,2.0,0.0,-50.0
1776885973.2241027,3.0,-1.0,-38.0
1776885973.2341027,4.0,-3.0,-39.0
1776885973.2441027,3.0,-4.0,-38.0
1776885973.2541027,5.0,-4.0,-41.0
1776885973.2641027,3.0,0.0,-38.0
1776885973.2741027,1.0,0.0,-33.0
1776885973.284103,0.0,-3.0,-42.0
1776885973.294103,-2.0,-2.0,-40.0
1776885973.304103,0.0,-1.0,-42.0
1776885973.3141026,1.0,1.0,-45.0
1776885973.3241026,3.0,0.0,-43.0
1776885973.3341026,5.0,0.0,-43.0
1776885973.3441026,1.0,-1.0,-37.0
1776885973.3541028,0.0,-2.0,-39.0
1776885973.3641028,1.0,-3.0,-35.0
1776885973.3741028,1.0,0.0,-33.0
1776885973.3841028,2.0,-1.0,-30.0
1776885973.3941028,0.0,-3.0,-33.0
1776885973.4041028,0.0,-2.0,-41.0
1776885973.4141028,4.0,4.0,-49.0
1776885973.4241028,3.0,0.0,-44.0
1776885973.4341028,4.0,0.0,-36.0
1776885973.4441028,7.0,-3.0,-36.0
1776885973.4541028,6.0,-3.0,-30.0
1776885973.4641027,6.0,-2.0,-33.0
1776885973.4741027,5.0,-3.0,-35.0
1776885973.4841027,4.0,-4.0,-38.0
1776885973.4941027,0.0,-5.0,-40.0
1776885973.5041027,4.0,-8.0,-39.0
1776885973.5141027,4.0,-4.0,-38.0
1776885973.5241027,5.0,-4.0,-35.0
1776885973.534103,3.0,0.0,-31.0
1776885973.544103,3.0,2.0,-40.0
1776885973.554103,4.0,2.0,-38.0
1776885973.5641026,4.0,3.0,-33.0
1776885973.5741026,2.0,6.0,-39.0
1776885973.5841026,3.0,5.0,-40.0
1776885973.5941026,5.0,4.0,-41.0
1776885973.6041028,3.0,-1.0,-42.0
1776885973.6141028,6.0,0.0,-39.0
1776885973.6241028,8.0,-1.0,-35.0
1776885973.6341028,3.0,-1.0,-39.0
1776885973.6441028,2.0,-1.0,-38.0
1776885973.6541028,3.0,-2.0,-34.0
1776885973.6641028,2.0,-6.0,-39.0
1776885973.6741028,2.0,-9.0,-38.0
1776885973.6841028,0.0,-7.0,-40.0
1776885973.6941028,0.0,-5.0,-42.0
1776885973.7041028,4.0,-4.0,-37.0
1776885973.7141027,1.0,0.0,-31.0
1776885973.7241027,4.0,-3.0,-31.0
1776885973.7341027,8.0,-4.0,-36.0
1776885973.7441027,6.0,0.0,-39.0
1776885973.7541027,0.0,-2.0,-39.0
1776885973.7641027,0.0,0.0,-40.0
1776885973.7741027,0.0,0.0,-41.0
1776885973.784103,-5.0,-1.0,-37.0
1776885973.794103,-7.0,2.0,-37.0
1776885973.804103,-9.0,0.0,-32.0
1776885973.8141026,-7.0,0.0,-31.0
1776885973.8241026,-7.0,0.0,-34.0
1776885973.8341026,-7.0,0.0,-34.0
1776885973.8441026,1.0,-1.0,-31.0
1776885973.8541028,0.0,-2.0,-27.0
1776885973.8641028,0.0,-4.0,-28.0
1776885973.8741028,1.0,-2.0,-32.0
1776885973.8841028,2.0,-2.0,-31.0
1776885973.8941028,1.0,-1.0,-30.0
1776885973.9041028,-4.0,0.0,-31.0
1776885973.9141028,-4.0,0.0,-33.0
1776885973.9241028,-2.0,2.0,-33.0
1776885973.9341028,-2.0,4.0,-36.0
1776885973.9441028,0.0,8.0,-38.0
1776885973.9541028,-4.0,7.0,-32.0
1776885973.9641027,-6.0,5.0,-34.0
1776885973.9741027,-6.0,4.0,-35.0
1776885973.9841027,-4.0,6.0,-34.0
1776885973.9941027,-1.0,1.0,-28.0
1776885974.0041027,1.0,4.0,-33.0
1776885974.0141027,2.0,3.0,-34.0
1776885974.0241027,-1.0,-2.0,-28.0
1776885974.034103,-1.0,-6.0,-30.0
1776885974.044103,1.0,-2.0,-32.0
1776885974.054103,3.0,-5.0,-40.0
1776885974.0641026,6.0,-9.0,-37.0
1776885974.0741026,4.0,-9.0,-37.0
1776885974.0841026,8.0,-8.0,-36.0
1776885974.0941026,5.0,-8.0,-43.0
1776885974.1041028,5.0,-2.0,-42.0
1776885974.1141028,4.0,-3.0,-38.0
1776885974.1241028,0.0,-4.0,-35.0
1776885974.1341028,0.0,-4.0,-39.0
1776885974.1441028,-1.0,-3.0,-41.0
1776885974.1541028,-5.0,-4.0,-41.0
1776885974.1641028,-5.0,-2.0,-45.0
1776885974.1741028,-4.0,-2.0,-44.0
1776885974.1841028,0.0,0.0,-42.0
1776885974.1941028,0.0,-1.0,-44.0
1776885974.2041028,0.0,4.0,-47.0
1776885974.2141027,0.0,4.0,-40.0
1776885974.2241027,-3.0,5.0,-40.0
1776885974.2341027,0.0,3.0,-44.0
1776885974.2441027,0.0,0.0,-43.0
1776885974.2541027,3.0,-4.0,-47.0
1776885974.2641027,0.0,-8.0,-53.0
1776885974.2741027,1.0,-6.0,-52.0
1776885974.284103,1.0,-5.0,-49.0
1776885974.294103,2.0,-5.0,-48.0
1776885974.304103,0.0,-5.0,-48.0
1776885974.3141026,-8.0,-5.0,-46.0
1776885974.3241026,-4.0,-4.0,-43.0
1776885974.3341026,-1.0,-7.0,-41.0
1776885974.3441026,-3.0,-11.0,-37.0
1776885974.3541028,-2.0,-6.0,-46.0
1776885974.3641028,-5.0,-2.0,-46.0
1776885974.3741028,-5.0,-2.0,-43.0
1776885974.3841028,1.0,-3.0,-39.0
1776885974.3941028,5.0,-1.0,-32.0
1776885974.4041028,3.0,-2.0,-34.0
1776885974.4141028,6.0,-7.0,-35.0
1776885974.4241028,1.0,-6.0,-34.0
1776885974.4341028,3.0,-7.0,-29.0
1776885974.4441028,1.0,-1.0,-33.0
1776885974.4541028,0.0,0.0,-33.0
1776885974.4641027,0.0,-6.0,-39.0
1776885974.4741027,-3.0,-3.0,-33.0
1776885974.4841027,-3.0,0.0,-36.0
1776885974.4941027,-4.0,-1.0,-33.0
1776885974.5041027,-1.0,1.0,-33.0
1776885974.5141027,-5.0,4.0,-41.0
1776885974.5241027,-2.0,0.0,-41.0
1776885974.534103,1.0,-1.0,-40.0
1776885974.544103,1.0,-2.0,-38.0
1776885974.554103,0.0,-1.0,-39.0
1776885974.5641026,0.0,-4.0,-39.0
1776885974.5741026,-3.0,-1.0,-41.0
1776885974.5841026,-5.0,-6.0,-41.0
1776885974.5941026,-6.0,-2.0,-31.0
1776885974.6041028,-2.0,-1.0,-30.0
1776885974.6141028,1.0,0.0,-35.0
1776885974.6241028,1.0,0.0,-40.0
1776885974.6341028,1.0,-3.0,-44.0
1776885974.6441028,-5.0,0.0,-47.0
1776885974.6541028,-4.0,0.0,-42.0
1776885974.6641028,0.0,-2.0,-39.0
1776885974.6741028,-1.0,-4.0,-37.0
1776885974.6841028,-4.0,-7.0,-40.0
1776885974.6941028,-5.0,-6.0,-45.0
1776885974.7041028,-5.0,-4.0,-42.0
1776885974.7141027,-1.0,-2.0,-42.0
1776885974.7241027,0.0,1.0,-40.0
1776885974.7341027,0.0,1.0,-41.0
1776885974.7441027,1.0,0.0,-42.0
1776885974.7541027,3.0,0.0,-43.0
1776885974.7641027,2.0,1.0,-44.0
1776885974.7741027,-1.0,-3.0,-41.0
1776885974.784103,-2.0,-2.0,-39.0
1776885974.794103,-2.0,0.0,-45.0
1776885974.804103,1.0,1.0,-40.0
1776885974.8141026,-3.0,0.0,-36.0
1776885974.8241026,0.0,0.0,-39.0
1776885974.8341026,-4.0,-2.0,-42.0
1776885974.8441026,-2.0,-3.0,-45.0
1776885974.8541028,-2.0,-2.0,-41.0
1776885974.8641028,1.0,-1.0,-40.0
1776885974.8741028,0.0,-1.0,-42.0
1776885974.8841028,2.0,0.0,-41.0
1776885974.8941028,7.0,0.0,-33.0
1776885974.9041028,10.0,0.0,-32.0
1776885974.9141028,8.0,-1.0,-32.0
1776885974.9241028,2.0,1.0,-31.0
1776885974.9341028,0.0,-4.0,-32.0
1776885974.9441028,0.0,-3.0,-33.0
1776885974.9551027,-4.0,-1.0,-34.0
1776885974.9641027,-8.0,-2.0,-34.0
1776885974.9741027,-6.0,-2.0,-33.0
1776885974.9841027,-7.0,0.0,-36.0
1776885974.9951026,-3.0,0.0,-34.0
1776885975.0051026,0.0,1.0,-32.0
1776885975.0151026,1.0,-1.0,-36.0
1776885975.0251029,6.0,-3.0,-41.0
1776885975.034103,3.0,-2.0,-40.0
1776885975.0451028,0.0,0.0,-44.0
1776885975.0551028,-3.0,1.0,-41.0
1776885975.0651028,-6.0,-1.0,-36.0
1776885975.0751028,-5.0,-1.0,-31.0
1776885975.0851028,-4.0,-2.0,-28.0
1776885975.0951028,-5.0,-2.0,-32.0
1776885975.1051028,-5.0,-7.0,-30.0
1776885975.1151028,-7.0,-9.0,-31.0
1776885975.1251028,-5.0,-8.0,-36.0
1776885975.1351027,-6.0,-7.0,-41.0
1776885975.1451027,-3.0,-6.0,-42.0
1776885975.1551027,0.0,-5.0,-42.0
1776885975.1651027,-1.0,-9.0,-40.0
1776885975.1751027,-2.0,-10.0,-34.0
1776885975.1851027,-2.0,-11.0,-35.0
1776885975.1951027,3.0,-9.0,-27.0
1776885975.2051027,1.0,-7.0,-25.0
1776885975.215103,0.0,-3.0,-27.0
1776885975.225103,1.0,-2.0,-31.0
1776885975.235103,4.0,-1.0,-33.0
1776885975.2451026,6.0,-3.0,-34.0
1776885975.2551026,-1.0,-1.0,-30.0
1776885975.2651026,-1.0,0.0,-32.0
1776885975.2751029,1.0,0.0,-36.0
1776885975.2851028,1.0,0.0,-40.0
1776885975.2951028,-2.0,0.0,-43.0
1776885975.3051028,-1.0,1.0,-50.0
1776885975.3151028,-1.0,0.0,-44.0
1776885975.3251028,5.0,-1.0,-41.0
1776885975.3351028,3.0,-1.0,-39.0
1776885975.3451028,2.0,0.0,-33.0
1776885975.3551028,6.0,-2.0,-33.0
1776885975.3651028,7.0,0.0,-34.0
1776885975.3751028,4.0,2.0,-33.0
1776885975.3851027,2.0,0.0,-39.0
1776885975.3951027,0.0,2.0,-41.0
1776885975.4051027,0.0,4.0,-42.0
1776885975.4151027,0.0,-1.0,-31.0
1776885975.4251027,-2.0,-6.0,-36.0
1776885975.4351027,-3.0,-7.0,-37.0
1776885975.4451027,-5.0,-9.0,-37.0
1776885975.4551027,-2.0,-9.0,-39.0
1776885975.465103,0.0,-11.0,-43.0
1776885975.475103,-3.0,-7.0,-42.0
1776885975.485103,-3.0,-3.0,-41.0
1776885975.4951026,0.0,-2.0,-40.0
1776885975.5051026,0.0,-4.0,-30.0
1776885975.5151026,-4.0,-3.0,-33.0
1776885975.5251029,-4.0,1.0,-42.0
1776885975.5351028,-4.0,0.0,-45.0
1776885975.5451028,-6.0,-1.0,-44.0
1776885975.5551028,-8.0,-2.0,-44.0
1776885975.5651028,-12.0,-2.0,-41.0
1776885975.5751028,-6.0,-4.0,-48.0
1776885975.5851028,-3.0,-6.0,-43.0
1776885975.5951028,-3.0,-6.0,-37.0
1776885975.6051028,-1.0,-3.0,-40.0
1776885975.6151028,-1.0,-6.0,-44.0
1776885975.6251028,-3.0,-5.0,-46.0
1776885975.6351027,-2.0,-7.0,-37.0
1776885975.6451027,-6.0,-5.0,-40.0
1776885975.6551027,-3.0,0.0,-48.0
1776885975.6651027,0.0,0.0,-50.0
1776885975.6751027,0.0,0.0,-48.0
1776885975.6851027,1.0,-2.0,-48.0
1776885975.6951027,3.0,-6.0,-46.0
1776885975.7051027,1.0,-5.0,-46.0
1776885975.715103,7.0,-5.0,-48.0
1776885975.725103,9.0,-5.0,-40.0
1776885975.735103,6.0,-3.0,-38.0
1776885975.7451026,7.0,-1.0,-36.0
1776885975.7551026,6.0,0.0,-45.0
1776885975.7651026,6.0,3.0,-47.0
1776885975.7751029,5.0,3.0,-46.0
1776885975.7851028,5.0,1.0,-45.0
1776885975.7951028,7.0,4.0,-42.0
1776885975.8051028,3.0,5.0,-44.0
1776885975.8151028,0.0,2.0,-47.0
1776885975.8251028,-1.0,0.0,-45.0
1776885975.8351028,0.0,4.0,-43.0
1776885975.8451028,-1.0,1.0,-39.0
1776885975.8551028,-5.0,0.0,-34.0
1776885975.8651028,0.0,2.0,-29.0
1776885975.8751028,0.0,-4.0,-32.0
1776885975.8851027,2.0,1.0,-33.0
1776885975.8951027,2.0,-2.0,-39.0
1776885975.9051027,1.0,-4.0,-37.0
1776885975.9151027,0.0,0.0,-37.0
1776885975.9251027,-2.0,-5.0,-35.0
1776885975.9351027,-3.0,-5.0,-31.0
1776885975.9451027,-4.0,-5.0,-31.0
1776885975.9551027,0.0,-4.0,-33.0
1776885975.965103,2.0,-5.0,-39.0
1776885975.975103,4.0,-4.0,-38.0
1776885975.985103,4.0,-6.0,-36.0
1776885975.9951026,3.0,-7.0,-39.0
1776885976.0051026,5.0,-6.0,-35.0
1776885976.0151026,1.0,-3.0,-34.0
1776885976.0251029,3.0,1.0,-33.0
1776885976.0351028,2.0,0.0,-38.0
1776885976.0451028,-1.0,-2.0,-43.0
1776885976.0551028,-3.0,-2.0,-38.0
1776885976.0651028,-2.0,-1.0,-43.0
1776885976.0751028,-4.0,0.0,-48.0
1776885976.0851028,-1.0,1.0,-50.0
1776885976.0951028,3.0,-1.0,-40.0
1776885976.1051028,4.0,0.0,-41.0
1776885976.1151028,1.0,0.0,-40.0
1776885976.1251028,0.0,1.0,-34.0
1776885976.1351027,2.0,-2.0,-38.0
1776885976.1451027,0.0,-4.0,-38.0
1776885976.1551027,1.0,-5.0,-40.0
1776885976.1651027,0.0,-9.0,-41.0
1776885976.1751027,3.0,-9.0,-38.0
1776885976.1851027,4.0,-5.0,-35.0
1776885976.1951027,2.0,-2.0,-39.0
1776885976.2051027,3.0,-4.0,-41.0
1776885976.215103,4.0,-5.0,-42.0
1776885976.225103,1.0,-5.0,-40.0
1776885976.235103,2.0,-7.0,-37.0
1776885976.2451026,3.0,-6.0,-40.0
1776885976.2551026,7.0,-6.0,-40.0
1776885976.2651026,8.0,-7.0,-38.0
1776885976.2751029,6.0,-5.0,-34.0
1776885976.2851028,8.0,-5.0,-33.0
1776885976.2951028,-1.0,-7.0,-32.0
1776885976.3051028,0.0,-5.0,-35.0
1776885976.3151028,2.0,-3.0,-37.0
1776885976.3251028,7.0,-8.0,-33.0
1776885976.3351028,0.0,-6.0,-36.0
1776885976.3451028,1.0,-3.0,-31.0
1776885976.3551028,0.0,-4.0,-31.0
1776885976.3651028,0.0,-3.0,-36.0
1776885976.3751028,0.0,0.0,-32.0
1776885976.3851027,0.0,0.0,-32.0
1776885976.3951027,-1.0,-2.0,-35.0
1776885976.4051027,-3.0,-3.0,-40.0
1776885976.4151027,-1.0,-3.0,-40.0
1776885976.4251027,-5.0,-4.0,-39.0
1776885976.4351027,-1.0,-1.0,-41.0
1776885976.4451027,2.0,2.0,-39.0
1776885976.4551027,5.0,4.0,-39.0
1776885976.465103,5.0,5.0,-38.0
1776885976.475103,0.0,2.0,-40.0
1776885976.485103,0.0,4.0,-33.0
1776885976.4951026,0.0,2.0,-37.0
1776885976.5051026,5.0,1.0,-40.0
1776885976.5151026,3.0,1.0,-41.0
1776885976.5251029,1.0,0.0,-45.0
1776885976.5351028,-2.0,-3.0,-42.0
1776885976.5451028,-3.0,-8.0,-42.0
1776885976.5551028,0.0,-8.0,-47.0
1776885976.5651028,3.0,-8.0,-44.0
1776885976.5751028,4.0,-4.0,-42.0
1776885976.5851028,2.0,-5.0,-36.0
1776885976.5951028,0.0,-5.0,-37.0
1776885976.6051028,0.0,0.0,-41.0
1776885976.6151028,1.0,1.0,-46.0
1776885976.6251028,4.0,-1.0,-48.0
1776885976.6351027,5.0,-5.0,-47.0
1776885976.6451027,4.0,-4.0,-44.0
1776885976.6551027,-1.0,-2.0,-40.0
1776885976.6651027,-1.0,-1.0,-34.0
1776885976.6751027,-3.0,-2.0,-34.0
1776885976.6851027,-4.0,-5.0,-39.0
1776885976.6951027,-3.0,-3.0,-42.0
1776885976.7051027,0.0,-4.0,-36.0
1776885976.715103,1.0,-3.0,-44.0
1776885976.725103,0.0,1.0,-42.0
1776885976.735103,3.0,1.0,-38.0
1776885976.7451026,6.0,0.0,-37.0
1776885976.7551026,8.0,-1.0,-34.0
1776885976.7651026,11.0,0.0,-36.0
1776885976.7751029,8.0,0.0,-35.0
1776885976.7851028,2.0,-1.0,-40.0
1776885976.7951028,2.0,-7.0,-41.0
1776885976.8051028,-3.0,-5.0,-40.0
1776885976.8151028,-4.0,-5.0,-42.0
1776885976.8251028,0.0,-4.0,-35.0
1776885976.8351028,0.0,-8.0,-37.0
1776885976.8451028,-1.0,-8.0,-44.0
1776885976.8551028,-2.0,-7.0,-43.0
1776885976.8651028,1.0,-8.0,-41.0
1776885976.8751028,3.0,-5.0,-39.0
1776885976.8851027,4.0,-4.0,-40.0
1776885976.8951027,5.0,-4.0,-39.0
1776885976.9051027,4.0,-2.0,-41.0
1776885976.9151027,4.0,-3.0,-46.0
1776885976.9251027,9.0,-1.0,-43.0
1776885976.9351027,8.0,0.0,-49.0
1776885976.9451027,6.0,-1.0,-39.0
1776885976.9551027,5.0,1.0,-38.0
1776885976.9661028,3.0,0.0,-36.0
1776885976.9761028,-2.0,2.0,-35.0
1776885976.9861028,-2.0,2.0,-33.0
1776885976.9961028,-3.0,1.0,-30.0
1776885977.0061028,-5.0,-1.0,-28.0
1776885977.0161028,-5.0,0.0,-27.0
1776885977.0261028,-1.0,1.0,-35.0
1776885977.0361028,0.0,2.0,-41.0
1776885977.0461028,-5.0,3.0,-41.0
1776885977.0561028,-3.0,-2.0,-47.0
1776885977.0661027,-2.0,-2.0,-40.0
1776885977.0761027,-6.0,-3.0,-33.0
1776885977.0861027,-6.0,0.0,-44.0
1776885977.0961027,2.0,-2.0,-41.0
1776885977.1061027,-3.0,1.0,-43.0
1776885977.1161027,-5.0,-2.0,-37.0
1776885977.1261027,-2.0,-2.0,-47.0
1776885977.136103,0.0,0.0,-49.0
1776885977.146103,0.0,1.0,-41.0
1776885977.156103,5.0,0.0,-41.0
1776885977.1661026,4.0,-3.0,-33.0
1776885977.1761026,-3.0,-5.0,-36.0
1776885977.1861026,-3.0,-3.0,-32.0
1776885977.1961029,-4.0,0.0,-30.0
1776885977.2061028,-1.0,0.0,-32.0
1776885977.2161028,-4.0,3.0,-34.0
1776885977.2261028,-3.0,5.0,-39.0
1776885977.2361028,0.0,7.0,-44.0
1776885977.2461028,0.0,4.0,-43.0
1776885977.2561028,4.0,4.0,-42.0
1776885977.2661028,3.0,-1.0,-38.0
1776885977.2761028,3.0,0.0,-36.0
1776885977.2861028,5.0,-1.0,-35.0
1776885977.2961028,2.0,-3.0,-35.0
1776885977.3061028,0.0,-7.0,-36.0
1776885977.3161027,2.0,-7.0,-31.0
1776885977.3261027,2.0,-6.0,-30.0
1776885977.3361027,3.0,-3.0,-31.0
1776885977.3461027,3.0,-3.0,-32.0
1776885977.3561027,2.0,-3.0,-31.0
1776885977.3661027,1.0,0.0,-32.0
1776885977.3761027,-3.0,0.0,-30.0
1776885977.386103,-1.0,-1.0,-32.0
1776885977.396103,4.0,-1.0,-32.0
1776885977.406103,5.0,-2.0,-39.0
1776885977.4161026,6.0,-5.0,-45.0
1776885977.4261026,2.0,-4.0,-46.0
1776885977.4361026,2.0,-7.0,-45.0
1776885977.4461029,3.0,-5.0,-43.0
1776885977.4561028,2.0,-7.0,-43.0
1776885977.4661028,-1.0,-7.0,-48.0
1776885977.4761028,0.0,-9.0,-44.0
1776885977.4861028,0.0,-7.0,-39.0
1776885977.4961028,0.0,-3.0,-44.0
1776885977.5061028,0.0,0.0,-50.0
1776885977.5161028,-1.0,-2.0,-53.0
1776885977.5261028,0.0,-5.0,-48.0
1776885977.5361028,3.0,-1.0,-42.0
1776885977.5461028,0.0,-4.0,-42.0
1776885977.5561028,2.0,-3.0,-34.0
1776885977.5661027,0.0,-1.0,-32.0
1776885977.5761027,4.0,0.0,-34.0
1776885977.5861027,6.0,-1.0,-32.0
1776885977.5961027,5.0,-1.0,-33.0
1776885977.6061027,6.0,1.0,-32.0
1776885977.6161027,7.0,-2.0,-38.0
1776885977.6261027,11.0,-4.0,-36.0
1776885977.636103,14.0,0.0,-32.0
1776885977.646103,11.0,-4.0,-32.0
1776885977.656103,6.0,-6.0,-34.0
1776885977.6661026,3.0,-2.0,-37.0
1776885977.6761026,3.0,0.0,-39.0
1776885977.6861026,5.0,-4.0,-39.0
1776885977.6961029,7.0,-7.0,-29.0
1776885977.7061028,3.0,-4.0,-28.0
1776885977.7161028,0.0,-6.0,-28.0
1776885977.7261028,0.0,-6.0,-29.0
1776885977.7361028,-1.0,-1.0,-30.0
1776885977.7461028,0.0,-1.0,-30.0
1776885977.7561028,2.0,0.0,-32.0
1776885977.7661028,3.0,-1.0,-46.0
1776885977.7761028,1.0,-1.0,-46.0
1776885977.7861028,1.0,-3.0,-47.0
1776885977.7961028,1.0,0.0,-42.0
1776885977.8061028,2.0,-1.0,-44.0
1776885977.8161027,1.0,-2.0,-42.0
1776885977.8261027,6.0,-1.0,-40.0
1776885977.8361027,4.0,-1.0,-42.0
1776885977.8461027,7.0,-3.0,-37.0
1776885977.8561027,3.0,-5.0,-43.0
1776885977.8661027,4.0,-4.0,-45.0
1776885977.8761027,3.0,0.0,-48.0
1776885977.886103,0.0,2.0,-39.0
1776885977.896103,4.0,0.0,-39.0
1776885977.906103,-1.0,3.0,-38.0
1776885977.9161026,0.0,7.0,-42.0
1776885977.9261026,2.0,6.0,-36.0
1776885977.9361026,6.0,5.0,-34.0
1776885977.9461029,7.0,4.0,-39.0
1776885977.9561028,5.0,1.0,-37.0
1776885977.9661028,3.0,-1.0,-38.0
1776885977.9761028,1.0,-2.0,-38.0
1776885977.9861028,0.0,-5.0,-36.0
1776885977.9961028,-1.0,-5.0,-38.0
1776885978.0061028,0.0,-4.0,-39.0
1776885978.0161028,-2.0,-3.0,-35.0
1776885978.0261028,0.0,-1.0,-34.0
1776885978.0361028,0.0,-2.0,-34.0
1776885978.0461028,-3.0,3.0,-38.0
1776885978.0561028,-2.0,3.0,-41.0
1776885978.0661027,-1.0,3.0,-46.0
1776885978.0761027,0.0,2.0,-39.0
1776885978.0861027,0.0,-1.0,-38.0
1776885978.0961027,1.0,-3.0,-39.0
1776885978.1061027,0.0,-4.0,-40.0
1776885978.1161027,0.0,-1.0,-43.0
1776885978.1261027,-2.0,0.0,-33.0
1776885978.136103,-2.0,-2.0,-44.0
1776885978.146103,0.0,0.0,-50.0
1776885978.156103,-1.0,0.0,-51.0
1776885978.1661026,-1.0,0.0,-49.0
1776885978.1761026,-2.0,-2.0,-48.0
1776885978.1861026,-1.0,-5.0,-50.0
1776885978.1961029,0.0,-4.0,-45.0
1776885978.2061028,-1.0,0.0,-40.0
1776885978.2161028,0.0,-3.0,-35.0
1776885978.2261028,1.0,-5.0,-38.0
1776885978.2361028,-2.0,-4.0,-32.0
1776885978.2461028,-5.0,-3.0,-32.0
1776885978.2561028,-4.0,-4.0,-30.0
1776885978.2661028,-4.0,-5.0,-35.0
1776885978.2761028,0.0,1.0,-36.0
1776885978.2861028,2.0,2.0,-34.0
1776885978.2961028,3.0,0.0,-31.0
1776885978.3061028,3.0,-1.0,-39.0
1776885978.3161027,3.0,-2.0,-43.0
1776885978.3261027,2.0,-6.0,-46.0
1776885978.3361027,0.0,-9.0,-42.0
1776885978.3461027,0.0,-7.0,-48.0
1776885978.3561027,4.0,-6.0,-44.0
1776885978.3661027,5.0,-3.0,-37.0
1776885978.3761027,5.0,-3.0,-31.0
1776885978.386103,6.0,-4.0,-34.0
1776885978.396103,6.0,2.0,-29.0
1776885978.406103,4.0,0.0,-26.0
1776885978.4161026,3.0,-2.0,-24.0
1776885978.4261026,6.0,0.0,-28.0
1776885978.4361026,9.0,0.0,-31.0
1776885978.4461029,11.0,-4.0,-30.0
1776885978.4561028,9.0,-5.0,-28.0
1776885978.4661028,8.0,-6.0,-31.0
1776885978.4761028,11.0,-5.0,-33.0
1776885978.4861028,10.0,-3.0,-31.0
1776885978.4961028,7.0,-9.0,-35.0
1776885978.5061028,11.0,-11.0,-38.0
1776885978.5161028,7.0,-10.0,-34.0
1776885978.5261028,5.0,-11.0,-42.0
1776885978.5361028,4.0,-12.0,-42.0
1776885978.5461028,1.0,-8.0,-42.0
1776885978.5561028,-1.0,-7.0,-40.0
1776885978.5661027,-1.0,-6.0,-42.0
1776885978.5761027,-3.0,-8.0,-44.0
1776885978.5861027,-7.0,-9.0,-43.0
1776885978.5961027,-9.0,-7.0,-47.0
1776885978.6061027,-3.0,-7.0,-41.0
1776885978.6161027,-2.0,-6.0,-44.0
1776885978.6261027,-5.0,-8.0,-51.0
1776885978.636103,-2.0,-9.0,-44.0
1776885978.646103,-2.0,-11.0,-44.0
1776885978.656103,-2.0,-5.0,-46.0
1776885978.6661026,3.0,-3.0,-47.0
1776885978.6761026,2.0,-2.0,-48.0
1776885978.6861026,3.0,-3.0,-47.0
1776885978.6961029,1.0,-1.0,-46.0
1776885978.7061028,2.0,-7.0,-44.0
1776885978.7161028,7.0,-7.0,-45.0
1776885978.7261028,7.0,-5.0,-44.0
1776885978.7361028,6.0,-5.0,-37.0
1776885978.7461028,4.0,-2.0,-37.0
1776885978.7561028,3.0,2.0,-35.0
1776885978.7661028,2.0,1.0,-39.0
1776885978.7761028,4.0,-2.0,-44.0
1776885978.7861028,0.0,0.0,-43.0
1776885978.7961028,0.0,0.0,-47.0
1776885978.8061028,-2.0,-3.0,-49.0
1776885978.8161027,-4.0,0.0,-48.0
1776885978.8261027,-5.0,0.0,-52.0
1776885978.8361027,-5.0,0.0,-47.0
1776885978.8461027,-7.0,1.0,-46.0
1776885978.8561027,-7.0,-1.0,-46.0
1776885978.8661027,-8.0,1.0,-40.0
1776885978.8761027,-2.0,3.0,-41.0
1776885978.886103,-4.0,0.0,-48.0
1776885978.896103,-4.0,-2.0,-49.0
1776885978.906103,-3.0,-3.0,-48.0
1776885978.9161026,-2.0,-4.0,-42.0
1776885978.9261026,-4.0,-3.0,-42.0
1776885978.9361026,0.0,-2.0,-44.0
1776885978.9471028,2.0,3.0,-50.0
1776885978.9561028,0.0,4.0,-52.0
1776885978.9671028,0.0,1.0,-48.0
1776885978.9771028,0.0,2.0,-43.0
1776885978.9871027,-5.0,-3.0,-38.0
1776885978.9971027,-7.0,-1.0,-32.0
1776885979.0071027,-7.0,-1.0,-31.0
1776885979.0171027,-3.0,-1.0,-33.0
1776885979.0271027,-3.0,0.0,-37.0
1776885979.0371027,-5.0,3.0,-30.0
1776885979.0471027,-3.0,0.0,-32.0
1776885979.057103,1.0,-4.0,-41.0
1776885979.067103,4.0,-3.0,-46.0
1776885979.077103,2.0,0.0,-46.0
1776885979.087103,1.0,3.0,-41.0
1776885979.0971026,0.0,5.0,-36.0
1776885979.1071026,2.0,2.0,-33.0
1776885979.1171026,6.0,1.0,-38.0
1776885979.1271029,7.0,4.0,-38.0
1776885979.1371028,5.0,0.0,-40.0
1776885979.1471028,3.0,-5.0,-42.0
1776885979.1571028,-3.0,-2.0,-38.0
1776885979.1671028,-4.0,1.0,-35.0
1776885979.1771028,-3.0,2.0,-37.0
1776885979.1871028,-3.0,0.0,-38.0
1776885979.1971028,-1.0,1.0,-40.0
1776885979.2071028,-2.0,0.0,-40.0
1776885979.2171028,-4.0,0.0,-43.0
1776885979.2271028,-5.0,-3.0,-43.0
1776885979.2371027,-8.0,-5.0,-37.0
1776885979.2471027,-8.0,-4.0,-39.0
1776885979.2571027,-8.0,-2.0,-44.0
1776885979.2671027,-6.0,-2.0,-41.0
1776885979.2771027,-4.0,0.0,-39.0
1776885979.2871027,1.0,0.0,-39.0
1776885979.2971027,1.0,-1.0,-40.0
1776885979.307103,4.0,-1.0,-41.0
1776885979.317103,7.0,0.0,-35.0
1776885979.327103,7.0,0.0,-36.0
1776885979.337103,5.0,1.0,-28.0
1776885979.3471026,2.0,0.0,-29.0
1776885979.3571026,0.0,0.0,-33.0
1776885979.3671026,-4.0,3.0,-33.0
1776885979.3771029,-3.0,2.0,-42.0
1776885979.3871028,-3.0,3.0,-40.0
1776885979.3971028,-2.0,2.0,-42.0
1776885979.4071028,0.0,0.0,-41.0
1776885979.4171028,5.0,-4.0,-44.0
1776885979.4271028,8.0,-6.0,-44.0
1776885979.4371028,4.0,-3.0,-44.0
1776885979.4471028,1.0,-5.0,-36.0
1776885979.4571028,2.0,-3.0,-33.0
1776885979.4671028,6.0,-5.0,-33.0
1776885979.4771028,3.0,-3.0,-41.0
1776885979.4871027,0.0,1.0,-43.0
1776885979.4971027,2.0,6.0,-40.0
1776885979.5071027,-4.0,8.0,-37.0
1776885979.5171027,-3.0,5.0,-33.0
1776885979.5271027,-1.0,7.0,-35.0
1776885979.5371027,0.0,1.0,-38.0
1776885979.5471027,4.0,0.0,-34.0
1776885979.557103,3.0,0.0,-37.0
1776885979.567103,2.0,-2.0,-35.0
1776885979.577103,0.0,-2.0,-37.0
1776885979.587103,0.0,-5.0,-43.0
1776885979.5971026,-4.0,-8.0,-46.0
1776885979.6071026,-4.0,-3.0,-41.0
1776885979.6171026,-2.0,-2.0,-35.0
1776885979.6271029,-4.0,-6.0,-42.0
1776885979.6371028,-2.0,-3.0,-48.0
1776885979.6471028,-5.0,0.0,-41.0
1776885979.6571028,-2.0,-1.0,-40.0
1776885979.6671028,-4.0,-4.0,-40.0
1776885979.6771028,0.0,0.0,-42.0
1776885979.6871028,0.0,2.0,-47.0
1776885979.6971028,1.0,2.0,-53.0
1776885979.7071028,1.0,1.0,-44.0
1776885979.7171028,-2.0,0.0,-42.0
1776885979.7271028,-2.0,3.0,-46.0
1776885979.7371027,-4.0,6.0,-46.0
1776885979.7471027,-4.0,3.0,-47.0
1776885979.7571027,-6.0,4.0,-43.0
1776885979.7671027,-3.0,3.0,-37.0
1776885979.7771027,-3.0,5.0,-38.0
1776885979.7871027,-1.0,4.0,-44.0
1776885979.7971027,0.0,6.0,-44.0
1776885979.807103,0.0,5.0,-43.0
1776885979.817103,0.0,6.0,-40.0
1776885979.827103,-2.0,3.0,-42.0
1776885979.837103,-4.0,4.0,-42.0
1776885979.8471026,-3.0,1.0,-43.0
1776885979.8571026,-3.0,1.0,-45.0
1776885979.8671026,-3.0,2.0,-43.0
1776885979.8771029,-1.0,3.0,-43.0
1776885979.8871028,0.0,4.0,-37.0
1776885979.8971028,-1.0,1.0,-43.0
1776885979.9071028,0.0,-2.0,-41.0
1776885979.9171028,-1.0,-3.0,-39.0
1776885979.9271028,0.0,-3.0,-43.0
1776885979.9371028,-1.0,1.0,-44.0
1776885979.9471028,-1.0,1.0,-39.0
1776885979.9571028,0.0,2.0,-39.0
1776885979.9671028,-2.0,3.0,-45.0
1776885979.9771028,-2.0,1.0,-43.0
1776885979.9871027,-3.0,6.0,-37.0
1776885979.9971027,-1.0,1.0,-35.0
1776885980.0071027,0.0,0.0,-33.0
1776885980.0171027,0.0,2.0,-24.0
1776885980.0271027,-7.0,1.0,-27.0
1776885980.0371027,-4.0,2.0,-22.0
1776885980.0471027,-2.0,0.0,-29.0
1776885980.057103,-4.0,-6.0,-30.0
1776885980.067103,-5.0,-6.0,-30.0
1776885980.077103,-7.0,-6.0,-32.0
1776885980.087103,-5.0,-2.0,-27.0
1776885980.0971026,-7.0,-5.0,-24.0
1776885980.1071026,-5.0,-6.0,-28.0
1776885980.1171026,0.0,-6.0,-33.0
1776885980.1271029,-5.0,-2.0,-35.0
1776885980.1371028,-4.0,-3.0,-32.0
1776885980.1471028,-8.0,-4.0,-38.0
1776885980.1571028,-5.0,-7.0,-36.0
1776885980.1671028,-6.0,-4.0,-35.0
1776885980.1771028,-9.0,-3.0,-38.0
1776885980.1871028,-9.0,-6.0,-39.0
1776885980.1971028,-7.0,-6.0,-41.0
1776885980.2071028,-1.0,-4.0,-46.0
1776885980.2171028,-4.0,-4.0,-42.0
1776885980.2271028,-6.0,0.0,-50.0
1776885980.2371027,-6.0,0.0,-51.0
1776885980.2471027,-2.0,-2.0,-50.0
1776885980.2571027,0.0,-5.0,-46.0
1776885980.2671027,0.0,-6.0,-45.0
1776885980.2771027,0.0,-8.0,-38.0
1776885980.2871027,1.0,-8.0,-40.0
1776885980.2971027,2.0,-9.0,-42.0
1776885980.307103,4.0,-6.0,-39.0
1776885980.317103,5.0,-7.0,-38.0
1776885980.327103,6.0,-6.0,-40.0
1776885980.337103,2.0,-4.0,-36.0
1776885980.3471026,0.0,-5.0,-36.0
1776885980.3571026,3.0,-4.0,-43.0
1776885980.3671026,2.0,-4.0,-37.0
1776885980.3771029,1.0,-3.0,-36.0
1776885980.3871028,-1.0,-1.0,-37.0
1776885980.3971028,1.0,-3.0,-42.0
1776885980.4071028,3.0,-1.0,-47.0
1776885980.4171028,4.0,-1.0,-47.0
1776885980.4271028,4.0,-3.0,-41.0
1776885980.4371028,4.0,-3.0,-49.0
1776885980.4471028,4.0,-2.0,-50.0
1776885980.4571028,0.0,0.0,-46.0
1776885980.4671028,-2.0,-5.0,-44.0
1776885980.4771028,-3.0,-5.0,-44.0
1776885980.4871027,-4.0,-2.0,-44.0
1776885980.4971027,-5.0,-3.0,-47.0
1776885980.5071027,-6.0,-2.0,-47.0
1776885980.5171027,-4.0,-4.0,-39.0
1776885980.5271027,-4.0,-3.0,-40.0
1776885980.5371027,0.0,-6.0,-37.0
1776885980.5471027,-1.0,-5.0,-34.0
1776885980.557103,-4.0,-3.0,-29.0
1776885980.567103,-6.0,-1.0,-26.0
1776885980.577103,-5.0,4.0,-27.0
1776885980.587103,-4.0,5.0,-33.0
1776885980.5971026,-8.0,2.0,-36.0
1776885980.6071026,-9.0,0.0,-37.0
1776885980.6171026,-8.0,-1.0,-37.0
1776885980.6271029,-9.0,-5.0,-36.0
1776885980.6371028,-7.0,-6.0,-38.0
1776885980.6471028,-3.0,-4.0,-44.0
1776885980.6571028,-6.0,-4.0,-48.0
1776885980.6671028,-8.0,2.0,-50.0
1776885980.6771028,-7.0,1.0,-46.0
1776885980.6871028,-6.0,1.0,-50.0
1776885980.6971028,0.0,0.0,-45.0
1776885980.7071028,0.0,5.0,-42.0
1776885980.7171028,-1.0,3.0,-42.0
1776885980.7271028,-2.0,0.0,-41.0
1776885980.7371027,-4.0,2.0,-42.0
1776885980.7471027,-1.0,-3.0,-38.0
1776885980.7571027,-1.0,-3.0,-35.0
1776885980.7671027,-2.0,-7.0,-37.0
1776885980.7771027,0.0,-4.0,-35.0
1776885980.7871027,-1.0,0.0,-33.0
1776885980.7971027,-1.0,0.0,-33.0
1776885980.807103,-2.0,0.0,-33.0
1776885980.817103,1.0,-1.0,-35.0
1776885980.827103,-2.0,-1.0,-33.0
1776885980.837103,-3.0,-2.0,-35.0
1776885980.8471026,-4.0,-2.0,-29.0
1776885980.8571026,-7.0,0.0,-35.0
1776885980.8671026,-6.0,-3.0,-42.0
1776885980.8771029,-4.0,-2.0,-41.0
1776885980.8871028,-2.0,2.0,-44.0
1776885980.8971028,0.0,2.0,-41.0
1776885980.9081028,0.0,0.0,-45.0
1776885980.9171028,-1.0,1.0,-48.0
1776885980.9281027,0.0,0.0,-47.0
1776885980.9381027,0.0,1.0,-49.0
1776885980.9481027,-4.0,0.0,-46.0
1776885980.9581027,-1.0,-1.0,-43.0
1776885980.9681027,0.0,-6.0,-37.0
1776885980.9781027,0.0,-5.0,-39.0
1776885980.988103,0.0,-1.0,-37.0
1776885980.998103,-1.0,0.0,-38.0
1776885981.008103,1.0,-3.0,-36.0
1776885981.0181026,0.0,-10.0,-44.0
1776885981.0281026,0.0,-8.0,-39.0
1776885981.0381026,1.0,-4.0,-37.0
1776885981.0481029,0.0,-3.0,-39.0
1776885981.0581028,-3.0,0.0,-44.0
1776885981.0681028,0.0,5.0,-42.0
1776885981.0781028,0.0,4.0,-39.0
1776885981.0881028,6.0,4.0,-41.0
1776885981.0981028,3.0,6.0,-39.0
1776885981.1081028,2.0,6.0,-45.0
1776885981.1181028,2.0,7.0,-47.0
1776885981.1281028,1.0,6.0,-53.0
1776885981.1381028,1.0,6.0,-48.0
1776885981.1481028,1.0,3.0,-42.0
1776885981.1581028,0.0,-1.0,-41.0
1776885981.1681027,0.0,-1.0,-46.0
1776885981.1781027,1.0,-3.0,-49.0
1776885981.1881027,0.0,0.0,-39.0
1776885981.1981027,5.0,1.0,-39.0
1776885981.2081027,-2.0,-1.0,-38.0
1776885981.2181027,-2.0,0.0,-41.0
1776885981.2281027,-4.0,0.0,-40.0
1776885981.238103,-1.0,-1.0,-41.0
1776885981.248103,0.0,-1.0,-40.0
1776885981.258103,-3.0,-3.0,-35.0
1776885981.2681026,0.0,-1.0,-39.0
1776885981.2781026,5.0,0.0,-39.0
1776885981.2881026,1.0,2.0,-37.0
1776885981.2981029,-2.0,1.0,-39.0
1776885981.3081028,-1.0,0.0,-40.0
1776885981.3181028,-1.0,0.0,-38.0
1776885981.3281028,0.0,0.0,-44.0
1776885981.3381028,2.0,-1.0,-40.0
1776885981.3481028,-1.0,0.0,-41.0
1776885981.3581028,0.0,3.0,-45.0
1776885981.3681028,2.0,1.0,-46.0
1776885981.3781028,0.0,2.0,-45.0
1776885981.3881028,-6.0,4.0,-50.0
1776885981.3981028,-9.0,5.0,-55.0
1776885981.4081028,-7.0,5.0,-53.0
1776885981.4181027,-5.0,1.0,-54.0
1776885981.4281027,0.0,-1.0,-56.0
1776885981.4381027,2.0,-1.0,-49.0
1776885981.4481027,0.0,0.0,-44.0
1776885981.4581027,4.0,0.0,-38.0
1776885981.4681027,2.0,-2.0,-33.0
1776885981.4781027,3.0,-1.0,-30.0
1776885981.488103,5.0,4.0,-30.0
1776885981.498103,5.0,5.0,-37.0
1776885981.508103,2.0,2.0,-34.0
1776885981.5181026,7.0,0.0,-30.0
1776885981.5281026,4.0,1.0,-31.0
1776885981.5381026,7.0,-2.0,-35.0
1776885981.5481029,5.0,-1.0,-32.0
1776885981.5581028,4.0,-8.0,-35.0
1776885981.5681028,3.0,-10.0,-41.0
1776885981.5781028,4.0,-7.0,-41.0
1776885981.5881028,2.0,-5.0,-42.0
1776885981.5981028,2.0,-1.0,-34.0
1776885981.6081028,3.0,-1.0,-30.0
1776885981.6181028,5.0,-3.0,-28.0
1776885981.6281028,0.0,-6.0,-34.0
1776885981.6381028,0.0,-5.0,-33.0
1776885981.6481028,6.0,0.0,-26.0
1776885981.6581028,6.0,0.0,-29.0
1776885981.6681027,5.0,0.0,-34.0
1776885981.6781027,6.0,0.0,-36.0
1776885981.6881027,4.0,-2.0,-46.0
1776885981.6981027,1.0,-1.0,-40.0
1776885981.7081027,3.0,0.0,-44.0
1776885981.7181027,2.0,0.0,-40.0
1776885981.7281027,7.0,0.0,-32.0
1776885981.738103,12.0,-1.0,-28.0
1776885981.748103,8.0,-4.0,-34.0
1776885981.758103,6.0,-2.0,-30.0
1776885981.7681026,5.0,-5.0,-36.0
1776885981.7781026,9.0,0.0,-35.0
1776885981.7881026,7.0,0.0,-38.0
1776885981.7981029,6.0,2.0,-46.0
1776885981.8081028,7.0,6.0,-41.0
1776885981.8181028,10.0,5.0,-42.0
1776885981.8281028,7.0,6.0,-39.0
1776885981.8381028,8.0,0.0,-37.0
1776885981.8481028,0.0,0.0,-32.0
1776885981.8581028,2.0,0.0,-31.0
1776885981.8681028,-3.0,4.0,-36.0
1776885981.8781028,-6.0,3.0,-44.0
1776885981.8881028,0.0,0.0,-43.0
1776885981.8981028,2.0,-4.0,-46.0
1776885981.9081028,1.0,-7.0,-48.0
1776885981.9181027,0.0,-9.0,-43.0
1776885981.9281027,2.0,-6.0,-40.0
1776885981.9381027,5.0,-5.0,-40.0
1776885981.9481027,2.0,-5.0,-38.0
1776885981.9581027,2.0,-4.0,-38.0
1776885981.9681027,6.0,-9.0,-45.0
1776885981.9781027,7.0,-7.0,-47.0
1776885981.988103,5.0,-6.0,-46.0
1776885981.998103,2.0,-3.0,-47.0
1776885982.008103,2.0,-2.0,-45.0
1776885982.0181026,2.0,-2.0,-39.0
1776885982.0281026,0.0,3.0,-36.0
1776885982.0381026,1.0,3.0,-29.0
1776885982.0481029,2.0,4.0,-32.0
1776885982.0581028,4.0,0.0,-35.0
1776885982.0681028,-4.0,0.0,-41.0
1776885982.0781028,-5.0,-9.0,-47.0
1776885982.0881028,-1.0,-10.0,-43.0
1776885982.0981028,-1.0,-8.0,-39.0
1776885982.1081028,-1.0,-8.0,-39.0
1776885982.1181028,-2.0,-7.0,-43.0
1776885982.1281028,-3.0,-9.0,-40.0
1776885982.1381028,-7.0,-4.0,-38.0
1776885982.1481028,-7.0,-3.0,-40.0
1776885982.1581028,-5.0,-3.0,-37.0
1776885982.1681027,-4.0,-5.0,-38.0
1776885982.1781027,-6.0,-3.0,-48.0
1776885982.1881027,-10.0,1.0,-48.0
1776885982.1981027,-9.0,5.0,-42.0
1776885982.2081027,-9.0,0.0,-30.0
1776885982.2181027,-8.0,0.0,-40.0
1776885982.2281027,-9.0,0.0,-41.0
1776885982.238103,-6.0,1.0,-42.0
1776885982.248103,-7.0,4.0,-48.0
1776885982.258103,-3.0,6.0,-48.0
1776885982.2681026,-3.0,3.0,-47.0
1776885982.2781026,-1.0,2.0,-51.0
1776885982.2881026,0.0,1.0,-50.0
1776885982.2981029,-2.0,0.0,-52.0
1776885982.3081028,-1.0,-5.0,-42.0
1776885982.3181028,-3.0,-4.0,-40.0
1776885982.3281028,-4.0,0.0,-37.0
1776885982.3381028,-2.0,0.0,-37.0
1776885982.3481028,0.0,-4.0,-42.0
1776885982.3581028,2.0,-4.0,-40.0
1776885982.3681028,1.0,-3.0,-43.0
1776885982.3781028,-1.0,-3.0,-45.0
1776885982.3881028,-4.0,-4.0,-36.0
1776885982.3981028,-5.0,-2.0,-35.0
1776885982.4081028,-5.0,1.0,-40.0
1776885982.4181027,-5.0,-3.0,-42.0
1776885982.4281027,-6.0,-8.0,-41.0
1776885982.4381027,-3.0,-7.0,-42.0
1776885982.4481027,0.0,-7.0,-41.0
1776885982.4581027,-3.0,-4.0,-42.0
1776885982.4681027,0.0,-3.0,-42.0
1776885982.4781027,-3.0,-2.0,-43.0
1776885982.488103,-1.0,-3.0,-38.0
1776885982.498103,0.0,2.0,-35.0
1776885982.508103,-1.0,0.0,-33.0
1776885982.5181026,-5.0,3.0,-33.0
1776885982.5281026,-3.0,0.0,-38.0
1776885982.5381026,-2.0,0.0,-42.0
1776885982.5481029,0.0,1.0,-36.0
1776885982.5581028,-4.0,2.0,-37.0
1776885982.5681028,0.0,0.0,-40.0
1776885982.5781028,0.0,-1.0,-36.0
1776885982.5881028,1.0,-4.0,-39.0
1776885982.5981028,1.0,-1.0,-40.0
1776885982.6081028,5.0,2.0,-46.0
1776885982.6181028,5.0,3.0,-45.0
1776885982.6281028,1.0,0.0,-49.0
1776885982.6381028,0.0,0.0,-45.0
1776885982.6481028,0.0,-2.0,-41.0
1776885982.6581028,-1.0,-4.0,-38.0
1776885982.6681027,-2.0,-5.0,-44.0
1776885982.6781027,-2.0,-8.0,-44.0
1776885982.6881027,-2.0,-7.0,-40.0
1776885982.6981027,-5.0,-3.0,-44.0
1776885982.7081027,-5.0,0.0,-39.0
1776885982.7181027,-5.0,4.0,-39.0
1776885982.7281027,-1.0,1.0,-39.0
1776885982.738103,-2.0,2.0,-34.0
1776885982.748103,0.0,3.0,-32.0
1776885982.758103,-2.0,1.0,-29.0
1776885982.7681026,-4.0,-4.0,-34.0
1776885982.7781026,-2.0,-2.0,-34.0
1776885982.7881026,1.0,-2.0,-33.0
1776885982.7981029,2.0,0.0,-37.0
1776885982.8081028,-3.0,1.0,-39.0
1776885982.8181028,-2.0,1.0,-46.0
1776885982.8281028,-4.0,-1.0,-46.0
1776885982.8381028,-2.0,-3.0,-43.0
1776885982.8481028,0.0,-1.0,-45.0
1776885982.8581028,0.0,0.0,-39.0
1776885982.8681028,0.0,0.0,-36.0
1776885982.8781028,-3.0,0.0,-31.0
1776885982.8881028,-4.0,0.0,-34.0
1776885982.8981028,-1.0,-2.0,-30.0
1776885982.9081028,1.0,-3.0,-28.0
1776885982.9181027,2.0,-2.0,-32.0
1776885982.929103,0.0,-2.0,-29.0
1776885982.9391026,0.0,-3.0,-36.0
1776885982.9491026,1.0,-8.0,-37.0
1776885982.9591026,2.0,-3.0,-37.0
1776885982.9691026,3.0,-3.0,-30.0
1776885982.9791028,6.0,-8.0,-36.0
1776885982.9891028,3.0,-8.0,-35.0
1776885982.9991028,3.0,-10.0,-40.0
1776885983.0091028,-1.0,-8.0,-39.0
1776885983.0191028,0.0,-9.0,-37.0
1776885983.0291028,-3.0,0.0,-42.0
1776885983.0391028,-5.0,0.0,-47.0
1776885983.0491028,-6.0,-3.0,-43.0
1776885983.0591028,-1.0,-2.0,-44.0
1776885983.0691028,2.0,-6.0,-37.0
1776885983.0791028,4.0,-9.0,-43.0
1776885983.0891027,4.0,-5.0,-44.0
1776885983.0991027,0.0,-9.0,-43.0
1776885983.1091027,-4.0,-11.0,-51.0
1776885983.1191027,-5.0,-9.0,-47.0
1776885983.1291027,-2.0,-8.0,-41.0
1776885983.1391027,0.0,-6.0,-34.0
1776885983.1491027,0.0,-9.0,-35.0
1776885983.159103,6.0,-9.0,-39.0
1776885983.169103,2.0,-6.0,-43.0
1776885983.179103,0.0,-7.0,-50.0
1776885983.1891026,-9.0,-2.0,-41.0
1776885983.1991026,-6.0,-3.0,-39.0
1776885983.2091026,-7.0,-6.0,-42.0
1776885983.2191026,-9.0,-6.0,-41.0
1776885983.2291028,-8.0,-4.0,-34.0
1776885983.2391028,-3.0,-3.0,-35.0
1776885983.2491028,0.0,-5.0,-38.0
1776885983.2591028,4.0,-1.0,-38.0
1776885983.2691028,4.0,-3.0,-32.0
1776885983.2791028,5.0,-2.0,-31.0
1776885983.2891028,4.0,-1.0,-31.0
1776885983.2991028,1.0,-4.0,-30.0
1776885983.3091028,4.0,-3.0,-40.0
1776885983.3191028,7.0,0.0,-41.0
1776885983.3291028,7.0,-1.0,-43.0
1776885983.3391027,5.0,-2.0,-48.0
1776885983.3491027,0.0,-2.0,-49.0
1776885983.3591027,0.0,-3.0,-42.0
1776885983.3691027,1.0,-2.0,-34.0
1776885983.3791027,-1.0,-3.0,-34.0
1776885983.3891027,0.0,-2.0,-32.0
1776885983.3991027,-2.0,-1.0,-32.0
1776885983.409103,-6.0,0.0,-35.0
1776885983.419103,-6.0,-2.0,-38.0
1776885983.429103,-6.0,1.0,-35.0
1776885983.4391026,-4.0,5.0,-29.0
1776885983.4491026,0.0,4.0,-31.0
1776885983.4591026,-1.0,2.0,-24.0
1776885983.4691026,1.0,0.0,-29.0
1776885983.4791028,0.0,0.0,-31.0
1776885983.4891028,0.0,0.0,-28.0
1776885983.4991028,-2.0,2.0,-32.0
1776885983.5091028,-5.0,1.0,-29.0
1776885983.5191028,-3.0,0.0,-29.0
1776885983.5291028,-3.0,-1.0,-34.0
1776885983.5391028,-3.0,-4.0,-41.0
1776885983.5491028,2.0,-4.0,-43.0
1776885983.5591028,0.0,-1.0,-45.0
1776885983.5691028,-2.0,0.0,-46.0
1776885983.5791028,-3.0,-2.0,-50.0
1776885983.5891027,-1.0,0.0,-53.0
1776885983.5991027,-1.0,0.0,-47.0
1776885983.6091027,-2.0,0.0,-44.0
1776885983.6191027,0.0,0.0,-46.0
1776885983.6291027,-3.0,-2.0,-52.0
1776885983.6391027,-3.0,-3.0,-51.0
1776885983.6491027,-5.0,-3.0,-50.0
1776885983.659103,-5.0,-8.0,-49.0
1776885983.669103,-2.0,-8.0,-45.0
1776885983.679103,-5.0,-4.0,-42.0
1776885983.6891026,-4.0,-4.0,-37.0
1776885983.6991026,-3.0,0.0,-40.0
1776885983.7091026,0.0,3.0,-42.0
1776885983.7191026,3.0,8.0,-34.0
1776885983.7291028,2.0,11.0,-31.0
1776885983.7391028,-3.0,8.0,-29.0
1776885983.7491028,1.0,4.0,-36.0
1776885983.7591028,0.0,-1.0,-38.0
1776885983.7691028,-1.0,-6.0,-44.0
1776885983.7791028,-2.0,-2.0,-45.0
1776885983.7891028,-3.0,-3.0,-47.0
1776885983.7991028,-1.0,-1.0,-44.0
1776885983.8091028,-1.0,5.0,-39.0
1776885983.8191028,0.0,5.0,-36.0
1776885983.8291028,2.0,3.0,-48.0
1776885983.8391027,1.0,2.0,-42.0
1776885983.8491027,0.0,4.0,-45.0
1776885983.8591027,-6.0,3.0,-48.0
1776885983.8691027,-5.0,2.0,-48.0
1776885983.8791027,-4.0,2.0,-44.0
1776885983.8891027,0.0,4.0,-39.0
1776885983.8991027,-5.0,1.0,-36.0
1776885983.909103,-4.0,1.0,-38.0
1776885983.919103,1.0,0.0,-35.0
1776885983.929103,2.0,0.0,-40.0
1776885983.9391026,4.0,3.0,-39.0
1776885983.9491026,1.0,3.0,-37.0
1776885983.9591026,3.0,5.0,-34.0
1776885983.9691026,5.0,5.0,-43.0
1776885983.9791028,5.0,2.0,-47.0
1776885983.9891028,5.0,0.0,-43.0
1776885983.9991028,5.0,-1.0,-38.0
1776885984.0091028,6.0,-1.0,-48.0
1776885984.0191028,2.0,-2.0,-50.0
1776885984.0291028,-5.0,0.0,-49.0
1776885984.0391028,-7.0,0.0,-51.0
1776885984.0491028,-10.0,-1.0,-44.0
1776885984.0591028,-1.0,1.0,-39.0
1776885984.0691028,0.0,5.0,-39.0
1776885984.0791028,0.0,6.0,-42.0
1776885984.0891027,1.0,7.0,-49.0
1776885984.0991027,0.0,4.0,-46.0
1776885984.1091027,1.0,3.0,-47.0
1776885984.1191027,-2.0,2.0,-44.0
1776885984.1291027,0.0,-1.0,-44.0
1776885984.1391027,1.0,-2.0,-43.0
1776885984.1491027,1.0,-3.0,-38.0
1776885984.159103,-8.0,-3.0,-41.0
1776885984.169103,-11.0,-4.0,-44.0
1776885984.179103,-5.0,-5.0,-50.0
1776885984.1891026,0.0,-2.0,-51.0
1776885984.1991026,-3.0,-2.0,-47.0
1776885984.2091026,-4.0,0.0,-37.0
1776885984.2191026,-1.0,-2.0,-33.0
1776885984.2291028,-3.0,-2.0,-29.0
1776885984.2391028,-3.0,0.0,-35.0
1776885984.2491028,0.0,-2.0,-34.0
1776885984.2591028,0.0,0.0,-31.0
1776885984.2691028,0.0,-1.0,-34.0
1776885984.2791028,5.0,0.0,-33.0
1776885984.2891028,3.0,0.0,-33.0
1776885984.2991028,5.0,0.0,-34.0
1776885984.3091028,3.0,0.0,-39.0
1776885984.3191028,3.0,-1.0,-39.0
1776885984.3291028,4.0,-3.0,-41.0
1776885984.3391027,7.0,-3.0,-41.0
1776885984.3491027,7.0,2.0,-43.0
1776885984.3591027,1.0,4.0,-42.0
1776885984.3691027,1.0,3.0,-35.0
1776885984.3791027,-1.0,3.0,-32.0
1776885984.3891027,-5.0,2.0,-31.0
1776885984.3991027,-5.0,3.0,-33.0
1776885984.409103,-4.0,1.0,-41.0
1776885984.419103,-2.0,1.0,-40.0
1776885984.429103,2.0,-1.0,-49.0
1776885984.4391026,6.0,1.0,-40.0
1776885984.4491026,7.0,2.0,-43.0
1776885984.4591026,9.0,0.0,-39.0
1776885984.4691026,12.0,0.0,-42.0
1776885984.4791028,10.0,0.0,-42.0
1776885984.4891028,10.0,0.0,-45.0
1776885984.4991028,7.0,-2.0,-53.0
1776885984.5091028,1.0,0.0,-51.0
1776885984.5191028,0.0,-2.0,-51.0
1776885984.5291028,0.0,-2.0,-51.0
1776885984.5391028,0.0,-4.0,-53.0
1776885984.5491028,-6.0,-3.0,-51.0
1776885984.5591028,-4.0,-3.0,-45.0
1776885984.5691028,-1.0,-4.0,-42.0
1776885984.5791028,1.0,-5.0,-43.0
1776885984.5891027,1.0,-3.0,-37.0
1776885984.5991027,1.0,-2.0,-46.0
1776885984.6091027,0.0,-2.0,-40.0
1776885984.6191027,-2.0,-2.0,-39.0
1776885984.6291027,-1.0,0.0,-35.0
1776885984.6391027,-4.0,-1.0,-35.0
1776885984.6491027,-3.0,-1.0,-49.0
1776885984.659103,-2.0,-1.0,-50.0
1776885984.669103,1.0,0.0,-44.0
1776885984.679103,-2.0,-3.0,-49.0
1776885984.6891026,-3.0,0.0,-46.0
1776885984.6991026,-4.0,-3.0,-45.0
1776885984.7091026,-4.0,-5.0,-50.0
1776885984.7191026,-5.0,-4.0,-49.0
1776885984.7291028,-3.0,0.0,-48.0
1776885984.7391028,-7.0,0.0,-48.0
1776885984.7491028,-11.0,-1.0,-48.0
1776885984.7591028,-10.0,-4.0,-44.0
1776885984.7691028,-12.0,-5.0,-46.0
1776885984.7791028,-10.0,0.0,-44.0
1776885984.7891028,-7.0,0.0,-53.0
1776885984.7991028,-5.0,1.0,-47.0
1776885984.8091028,-4.0,0.0,-49.0
1776885984.8191028,-3.0,0.0,-45.0
1776885984.8291028,-2.0,0.0,-43.0
1776885984.8391027,-4.0,0.0,-43.0
1776885984.8491027,-9.0,-4.0,-42.0
1776885984.8591027,-4.0,0.0,-44.0
1776885984.8691027,-3.0,-1.0,-39.0
1776885984.8791027,-5.0,-6.0,-41.0
1776885984.8891027,-7.0,-7.0,-37.0
1776885984.8991027,-4.0,-4.0,-40.0
1776885984.909103,-1.0,-4.0,-38.0
1776885984.919103,-1.0,-2.0,-33.0
1776885984.929103,0.0,-6.0,-33.0
1776885984.9401028,-1.0,-9.0,-33.0
1776885984.9501028,3.0,-7.0,-42.0
1776885984.9601028,6.0,-8.0,-46.0
1776885984.9701028,8.0,-5.0,-48.0
1776885984.9801028,3.0,-2.0,-38.0
1776885984.9901028,2.0,1.0,-33.0
1776885984.9991028,-1.0,1.0,-29.0
1776885985.0101027,1.0,1.0,-28.0
1776885985.0201027,2.0,3.0,-32.0
1776885985.0301027,0.0,2.0,-33.0
1776885985.0401027,0.0,5.0,-34.0
1776885985.0491028,-1.0,7.0,-41.0
1776885985.0601027,-1.0,6.0,-44.0
1776885985.0701027,2.0,7.0,-46.0
1776885985.0811028,-1.0,6.0,-47.0
1776885985.090103,-2.0,1.0,-46.0
1776885985.100103,0.0,0.0,-47.0
1776885985.110103,-2.0,-1.0,-42.0
1776885985.1201026,0.0,-4.0,-40.0
1776885985.1301026,0.0,-5.0,-45.0
1776885985.1401026,5.0,-4.0,-40.0
1776885985.1501029,5.0,-4.0,-37.0
1776885985.1601028,2.0,-3.0,-34.0
1776885985.1701028,7.0,0.0,-39.0
1776885985.1801028,8.0,-2.0,-44.0
1776885985.1901028,6.0,0.0,-41.0
1776885985.2001028,4.0,0.0,-42.0
1776885985.2101028,4.0,1.0,-46.0
1776885985.2201028,7.0,1.0,-44.0
1776885985.2301028,4.0,-4.0,-39.0
1776885985.2401028,-3.0,-5.0,-37.0
1776885985.2501028,-5.0,-4.0,-39.0
1776885985.2601027,-2.0,-1.0,-41.0
1776885985.2701027,3.0,-3.0,-37.0
1776885985.2801027,5.0,-7.0,-36.0
1776885985.2901027,5.0,-1.0,-39.0
1776885985.3001027,7.0,-1.0,-36.0
1776885985.3101027,7.0,0.0,-38.0
1776885985.3201027,14.0,0.0,-41.0
1776885985.3301027,15.0,2.0,-39.0
1776885985.340103,8.0,0.0,-42.0
1776885985.350103,6.0,-1.0,-42.0
1776885985.360103,2.0,-5.0,-37.0
1776885985.3701026,4.0,-3.0,-32.0
1776885985.3801026,5.0,-5.0,-26.0
1776885985.3901026,5.0,-6.0,-31.0
1776885985.4001029,2.0,-6.0,-35.0
1776885985.4101028,0.0,-9.0,-34.0
1776885985.4201028,-2.0,-7.0,-32.0
1776885985.4301028,-5.0,-7.0,-34.0
1776885985.4401028,-7.0,-6.0,-40.0
1776885985.4501028,-4.0,-3.0,-39.0
1776885985.4601028,-1.0,-3.0,-40.0
1776885985.4701028,-4.0,-1.0,-37.0
1776885985.4801028,-3.0,0.0,-38.0
1776885985.4901028,-1.0,3.0,-41.0
1776885985.5001028,-4.0,2.0,-43.0
1776885985.5101027,-1.0,11.0,-46.0
1776885985.5201027,0.0,13.0,-43.0
1776885985.5301027,1.0,10.0,-49.0
1776885985.5401027,0.0,8.0,-51.0
1776885985.5501027,-1.0,5.0,-47.0
1776885985.5601027,-1.0,1.0,-41.0
1776885985.5701027,1.0,0.0,-40.0
1776885985.5801027,0.0,-5.0,-45.0
1776885985.590103,-2.0,-2.0,-51.0
1776885985.600103,-2.0,-2.0,-51.0
1776885985.610103,-1.0,0.0,-49.0
1776885985.6201026,-3.0,-2.0,-44.0
1776885985.6301026,-6.0,-4.0,-43.0
1776885985.6401026,-5.0,-4.0,-47.0
1776885985.6501029,-5.0,-8.0,-47.0
1776885985.6601028,-4.0,-10.0,-49.0
1776885985.6701028,2.0,-10.0,-45.0
1776885985.6801028,3.0,-9.0,-36.0
1776885985.6901028,2.0,-9.0,-33.0
1776885985.7001028,0.0,-6.0,-33.0
1776885985.7101028,1.0,-6.0,-37.0
1776885985.7201028,0.0,-9.0,-46.0
1776885985.7301028,0.0,-10.0,-45.0
1776885985.7401028,2.0,-9.0,-44.0
1776885985.7501028,6.0,-6.0,-46.0
1776885985.7601027,6.0,-6.0,-47.0
1776885985.7701027,2.0,-8.0,-47.0
1776885985.7801027,6.0,-3.0,-40.0
1776885985.7901027,6.0,-2.0,-42.0
1776885985.8001027,5.0,-8.0,-40.0
1776885985.8101027,2.0,-9.0,-45.0
1776885985.8201027,1.0,-7.0,-43.0
1776885985.8301027,2.0,-9.0,-48.0
1776885985.840103,-3.0,-10.0,-39.0
1776885985.850103,-4.0,-8.0,-38.0
1776885985.860103,0.0,-7.0,-35.0
1776885985.8701026,4.0,-4.0,-33.0
1776885985.8801026,4.0,-2.0,-36.0
1776885985.8901026,0.0,-3.0,-43.0
1776885985.9001029,-2.0,-3.0,-37.0
1776885985.9101028,0.0,-4.0,-35.0
1776885985.9201028,2.0,-3.0,-29.0
1776885985.9301028,1.0,-4.0,-28.0
1776885985.9401028,-4.0,0.0,-36.0
1776885985.9501028,1.0,0.0,-36.0
1776885985.9601028,1.0,1.0,-34.0
1776885985.9701028,-2.0,1.0,-38.0
1776885985.9801028,0.0,7.0,-43.0
1776885985.9901028,0.0,13.0,-43.0
1776885986.0001028,2.0,8.0,-40.0
1776885986.0101027,3.0,6.0,-41.0
1776885986.0201027,4.0,3.0,-44.0
1776885986.0301027,3.0,-1.0,-43.0
1776885986.0401027,2.0,-1.0,-42.0
1776885986.0501027,4.0,0.0,-37.0
1776885986.0601027,2.0,0.0,-35.0
1776885986.0701027,6.0,-1.0,-31.0
1776885986.0801027,5.0,-1.0,-28.0
1776885986.090103,1.0,1.0,-26.0
1776885986.100103,-1.0,5.0,-22.0
1776885986.110103,-6.0,8.0,-29.0
1776885986.1201026,-5.0,7.0,-35.0
1776885986.1301026,-7.0,9.0,-35.0
1776885986.1401026,-4.0,5.0,-41.0
1776885986.1501029,-3.0,1.0,-34.0
1776885986.1601028,-5.0,0.0,-39.0
1776885986.1701028,-7.0,-1.0,-43.0
1776885986.1801028,-4.0,0.0,-41.0
1776885986.1901028,-1.0,1.0,-36.0
1776885986.2001028,-2.0,3.0,-40.0
1776885986.2101028,0.0,2.0,-38.0
1776885986.2201028,3.0,4.0,-33.0
1776885986.2301028,0.0,7.0,-35.0
1776885986.2401028,0.0,6.0,-41.0
1776885986.2501028,0.0,1.0,-43.0
1776885986.2601027,2.0,0.0,-48.0
1776885986.2701027,3.0,0.0,-51.0
1776885986.2801027,3.0,3.0,-41.0
1776885986.2901027,0.0,1.0,-39.0
1776885986.3001027,2.0,4.0,-38.0
1776885986.3101027,0.0,5.0,-37.0
1776885986.3201027,3.0,4.0,-41.0
1776885986.3301027,3.0,5.0,-38.0
1776885986.340103,5.0,5.0,-40.0
1776885986.350103,5.0,6.0,-46.0
1776885986.360103,2.0,5.0,-48.0
1776885986.3701026,1.0,1.0,-40.0
1776885986.3801026,3.0,3.0,-32.0
1776885986.3901026,4.0,2.0,-37.0
1776885986.4001029,1.0,3.0,-40.0
1776885986.4101028,4.0,-1.0,-46.0
1776885986.4201028,5.0,-2.0,-52.0
1776885986.4301028,6.0,-1.0,-49.0
1776885986.4401028,3.0,1.0,-44.0
1776885986.4501028,0.0,5.0,-38.0
1776885986.4601028,0.0,10.0,-42.0
1776885986.4701028,-2.0,9.0,-40.0
1776885986.4801028,2.0,7.0,-39.0
1776885986.4901028,0.0,5.0,-49.0
1776885986.5001028,0.0,4.0,-53.0
1776885986.5101027,-1.0,4.0,-56.0
1776885986.5201027,1.0,1.0,-57.0
1776885986.5301027,7.0,0.0,-52.0
1776885986.5401027,5.0,-3.0,-53.0
1776885986.5501027,0.0,-3.0,-49.0
1776885986.5601027,0.0,-4.0,-52.0
1776885986.5701027,0.0,-1.0,-49.0
1776885986.5801027,-1.0,4.0,-47.0
1776885986.590103,0.0,2.0,-42.0
1776885986.600103,-3.0,1.0,-42.0
1776885986.610103,0.0,0.0,-48.0
1776885986.6201026,3.0,-2.0,-55.0
1776885986.6301026,6.0,-4.0,-57.0
1776885986.6401026,2.0,1.0,-47.0
1776885986.6501029,2.0,-1.0,-44.0
1776885986.6601028,-5.0,0.0,-39.0
1776885986.6701028,0.0,-2.0,-43.0
1776885986.6801028,5.0,-5.0,-44.0
1776885986.6901028,8.0,-3.0,-43.0
1776885986.7001028,2.0,-6.0,-45.0
1776885986.7101028,0.0,-6.0,-43.0
1776885986.7201028,-3.0,-6.0,-45.0
1776885986.7301028,-2.0,-6.0,-43.0
1776885986.7401028,1.0,-9.0,-42.0
1776885986.7501028,2.0,-7.0,-34.0
1776885986.7601027,-2.0,-5.0,-34.0
1776885986.7701027,1.0,-5.0,-33.0
1776885986.7801027,2.0,-5.0,-28.0
1776885986.7901027,0.0,-2.0,-31.0
1776885986.8001027,-2.0,-4.0,-36.0
1776885986.8101027,-2.0,-3.0,-39.0
1776885986.8201027,1.0,-1.0,-42.0
1776885986.8301027,3.0,0.0,-41.0
1776885986.840103,7.0,-2.0,-41.0
1776885986.850103,5.0,-2.0,-42.0
1776885986.860103,9.0,0.0,-40.0
1776885986.8701026,10.0,-2.0,-36.0
1776885986.8801026,5.0,-1.0,-36.0
1776885986.8901026,4.0,2.0,-35.0
1776885986.9011028,5.0,0.0,-33.0
1776885986.9101028,2.0,-1.0,-34.0
1776885986.9211028,-3.0,-3.0,-34.0
1776885986.9311028,-3.0,-1.0,-39.0
1776885986.9411027,-2.0,0.0,-36.0
1776885986.9511027,-1.0,3.0,-40.0
1776885986.9611027,-3.0,3.0,-42.0
1776885986.9711027,0.0,5.0,-44.0
1776885986.9811027,3.0,4.0,-44.0
1776885986.9911027,1.0,2.0,-50.0
1776885987.0011027,3.0,0.0,-45.0
1776885987.011103,-1.0,1.0,-39.0
1776885987.021103,1.0,3.0,-41.0
1776885987.031103,-1.0,0.0,-39.0
1776885987.0411026,1.0,-1.0,-38.0
1776885987.0511026,2.0,-4.0,-35.0
1776885987.0611026,2.0,-7.0,-28.0
1776885987.0711029,3.0,-9.0,-28.0
1776885987.0811028,5.0,-10.0,-34.0
1776885987.0911028,7.0,-9.0,-35.0
1776885987.1011028,9.0,-7.0,-32.0
1776885987.1111028,4.0,-4.0,-27.0
1776885987.1211028,2.0,-7.0,-28.0
1776885987.1311028,1.0,-6.0,-38.0
1776885987.1411028,3.0,-7.0,-41.0
1776885987.1511028,4.0,-4.0,-43.0
1776885987.1611028,0.0,-3.0,-40.0
1776885987.1711028,1.0,-5.0,-45.0
1776885987.1811028,0.0,-8.0,-42.0
1776885987.1911027,2.0,-6.0,-41.0
1776885987.2011027,0.0,-6.0,-43.0
1776885987.2111027,3.0,-9.0,-44.0
1776885987.2211027,0.0,-9.0,-44.0
1776885987.2311027,-2.0,-9.0,-40.0
1776885987.2411027,0.0,-9.0,-37.0
1776885987.2511027,1.0,-8.0,-38.0
1776885987.261103,2.0,-6.0,-37.0
1776885987.271103,-1.0,-7.0,-35.0
1776885987.281103,3.0,-3.0,-36.0
1776885987.2911026,5.0,2.0,-30.0
1776885987.3011026,5.0,4.0,-33.0
1776885987.3111026,3.0,-4.0,-26.0
1776885987.3211029,3.0,-2.0,-29.0
1776885987.3311028,3.0,-5.0,-42.0
1776885987.3411028,1.0,-3.0,-44.0
1776885987.3511028,-2.0,-2.0,-41.0
1776885987.3611028,-3.0,-2.0,-36.0
1776885987.3711028,0.0,-1.0,-41.0
1776885987.3811028,-4.0,1.0,-35.0
1776885987.3911028,-1.0,2.0,-33.0
1776885987.4011028,-2.0,2.0,-38.0
1776885987.4111028,-2.0,0.0,-42.0
1776885987.4211028,-2.0,-2.0,-38.0
1776885987.4311028,-4.0,-2.0,-34.0
1776885987.4411027,-5.0,-1.0,-40.0
1776885987.4511027,-2.0,0.0,-43.0
1776885987.4611027,-1.0,1.0,-46.0
1776885987.4711027,1.0,0.0,-45.0
1776885987.4811027,2.0,1.0,-42.0
1776885987.4911027,0.0,-2.0,-44.0
1776885987.5011027,-1.0,-3.0,-44.0
1776885987.511103,0.0,-7.0,-50.0
1776885987.521103,5.0,-5.0,-45.0
1776885987.531103,5.0,-5.0,-32.0
1776885987.5411026,0.0,-5.0,-31.0
1776885987.5511026,-1.0,-6.0,-40.0
1776885987.5611026,0.0,-5.0,-39.0
1776885987.5711029,-2.0,-4.0,-33.0
1776885987.5811028,-2.0,1.0,-32.0
1776885987.5911028,0.0,-1.0,-37.0
1776885987.6011028,1.0,-2.0,-33.0
1776885987.6111028,-4.0,-5.0,-33.0
1776885987.6211028,0.0,-4.0,-38.0
1776885987.6311028,2.0,-4.0,-41.0
1776885987.6411028,1.0,-4.0,-44.0
1776885987.6511028,-2.0,-6.0,-40.0
1776885987.6611028,3.0,-4.0,-42.0
1776885987.6711028,4.0,-2.0,-47.0
1776885987.6811028,8.0,-4.0,-47.0
1776885987.6911027,6.0,-1.0,-46.0
1776885987.7011027,4.0,-3.0,-42.0
1776885987.7111027,3.0,-3.0,-44.0
1776885987.7211027,6.0,-1.0,-48.0
1776885987.7311027,0.0,0.0,-55.0
1776885987.7411027,3.0,-2.0,-51.0
1776885987.7511027,1.0,1.0,-50.0
1776885987.761103,0.0,1.0,-46.0
1776885987.771103,5.0,0.0,-44.0
1776885987.781103,9.0,-1.0,-49.0
1776885987.7911026,6.0,-5.0,-48.0
1776885987.8011026,2.0,-6.0,-44.0
1776885987.8111026,0.0,-7.0,-45.0
1776885987.8211029,-2.0,-4.0,-46.0
1776885987.8311028,0.0,-2.0,-50.0
1776885987.8421028,1.0,-4.0,-51.0
1776885987.8511028,2.0,-3.0,-46.0
1776885987.8611028,1.0,0.0,-40.0
1776885987.8711028,0.0,0.0,-40.0
1776885987.8811028,0.0,-6.0,-40.0
1776885987.8911028,-1.0,-2.0,-41.0
1776885987.9011028,-3.0,-4.0,-38.0
1776885987.9111028,0.0,-2.0,-37.0
1776885987.9211028,-1.0,-2.0,-34.0
1776885987.9311028,0.0,-1.0,-33.0
1776885987.9411027,0.0,1.0,-39.0
1776885987.9511027,0.0,2.0,-45.0
1776885987.9611027,-1.0,-1.0,-46.0
1776885987.9711027,1.0,0.0,-42.0
1776885987.9811027,0.0,0.0,-45.0
1776885987.9911027,0.0,1.0,-52.0
1776885988.0011027,-1.0,-2.0,-55.0
1776885988.011103,4.0,0.0,-52.0
1776885988.021103,6.0,1.0,-50.0
1776885988.031103,1.0,0.0,-52.0
1776885988.0411026,-2.0,-1.0,-47.0
1776885988.0511026,-2.0,-4.0,-44.0
1776885988.0611026,-3.0,-2.0,-43.0
1776885988.0711029,-2.0,-4.0,-42.0
1776885988.0811028,-2.0,-2.0,-51.0
1776885988.0911028,-5.0,-4.0,-45.0
1776885988.1011028,-6.0,-1.0,-42.0
1776885988.1111028,-8.0,-3.0,-37.0
1776885988.1211028,-6.0,-5.0,-40.0
1776885988.1311028,-3.0,-8.0,-43.0
1776885988.1411028,-4.0,-4.0,-39.0
1776885988.1511028,1.0,-4.0,-42.0
1776885988.1611028,7.0,-2.0,-47.0
1776885988.1711028,3.0,-4.0,-47.0
1776885988.1811028,5.0,-3.0,-51.0
1776885988.1911027,5.0,-3.0,-47.0
1776885988.2011027,7.0,0.0,-40.0
1776885988.2111027,4.0,-1.0,-38.0
1776885988.2211027,4.0,-2.0,-41.0
1776885988.2311027,8.0,0.0,-40.0
1776885988.2411027,10.0,0.0,-34.0
1776885988.2511027,9.0,-2.0,-34.0
1776885988.261103,5.0,-2.0,-33.0
1776885988.271103,3.0,-4.0,-34.0
1776885988.281103,2.0,-5.0,-36.0
1776885988.2911026,-3.0,-2.0,-35.0
1776885988.3011026,2.0,0.0,-32.0
1776885988.3111026,1.0,-3.0,-40.0
1776885988.3211029,3.0,-5.0,-38.0
1776885988.3311028,8.0,-6.0,-42.0
1776885988.3411028,7.0,-3.0,-39.0
1776885988.3511028,6.0,-2.0,-43.0
1776885988.3611028,3.0,-2.0,-45.0
1776885988.3711028,2.0,-3.0,-43.0
1776885988.3811028,0.0,-1.0,-40.0
1776885988.3911028,-1.0,0.0,-45.0
1776885988.4011028,-1.0,-1.0,-45.0
1776885988.4111028,-1.0,0.0,-44.0
1776885988.4211028,1.0,1.0,-41.0
1776885988.4311028,-2.0,0.0,-40.0
1776885988.4411027,-2.0,-1.0,-43.0
1776885988.4511027,1.0,-4.0,-48.0
1776885988.4611027,0.0,-4.0,-50.0
1776885988.4711027,2.0,-4.0,-49.0
1776885988.4811027,0.0,-2.0,-44.0
1776885988.4911027,1.0,0.0,-39.0
1776885988.5011027,-1.0,0.0,-33.0
1776885988.511103,-1.0,-1.0,-41.0
1776885988.521103,0.0,0.0,-40.0
1776885988.531103,0.0,0.0,-43.0
1776885988.5411026,0.0,2.0,-45.0
1776885988.5511026,3.0,3.0,-50.0
1776885988.5611026,7.0,2.0,-50.0
1776885988.5711029,8.0,-1.0,-46.0
1776885988.5811028,11.0,0.0,-39.0
1776885988.5911028,8.0,0.0,-33.0
1776885988.6011028,4.0,4.0,-37.0
1776885988.6111028,9.0,4.0,-37.0
1776885988.6211028,9.0,3.0,-36.0
1776885988.6311028,5.0,6.0,-43.0
1776885988.6411028,4.0,2.0,-43.0
1776885988.6511028,3.0,5.0,-41.0
1776885988.6611028,3.0,3.0,-36.0
1776885988.6711028,5.0,0.0,-33.0
1776885988.6811028,3.0,0.0,-35.0
1776885988.6911027,0.0,2.0,-36.0
1776885988.7011027,-2.0,7.0,-46.0
1776885988.7111027,-7.0,1.0,-54.0
1776885988.7211027,-7.0,-2.0,-54.0
1776885988.7311027,-1.0,-1.0,-50.0
1776885988.7411027,-3.0,0.0,-44.0
1776885988.7511027,0.0,2.0,-48.0
1776885988.761103,0.0,5.0,-47.0
1776885988.771103,0.0,2.0,-45.0
1776885988.781103,-1.0,0.0,-41.0
1776885988.7911026,-5.0,0.0,-45.0
1776885988.8011026,-10.0,1.0,-41.0
1776885988.8111026,-9.0,0.0,-41.0
1776885988.8211029,-7.0,0.0,-42.0
1776885988.8311028,-8.0,-1.0,-37.0
1776885988.8411028,-7.0,0.0,-37.0
1776885988.8511028,-7.0,-4.0,-36.0
1776885988.8611028,-5.0,0.0,-35.0
1776885988.8721027,-2.0,0.0,-41.0
1776885988.8821027,0.0,-3.0,-43.0
1776885988.8921027,2.0,1.0,-42.0
1776885988.9021027,0.0,0.0,-41.0
1776885988.9121027,-1.0,-2.0,-38.0
1776885988.9221027,1.0,-3.0,-36.0
1776885988.932103,-2.0,-4.0,-36.0
1776885988.942103,-1.0,-4.0,-37.0
1776885988.952103,0.0,-5.0,-37.0
1776885988.962103,4.0,-4.0,-43.0
1776885988.9721026,2.0,0.0,-40.0
1776885988.9821026,1.0,0.0,-45.0
1776885988.9921026,6.0,-1.0,-44.0
1776885989.0021029,10.0,1.0,-46.0
1776885989.0121028,3.0,1.0,-49.0
1776885989.0221028,-2.0,1.0,-47.0
1776885989.0321028,-2.0,2.0,-42.0
1776885989.0421028,1.0,3.0,-37.0
1776885989.0521028,2.0,3.0,-35.0
1776885989.0621028,2.0,3.0,-39.0
1776885989.0721028,4.0,2.0,-44.0
1776885989.0821028,9.0,1.0,-48.0
1776885989.0921028,6.0,0.0,-52.0
1776885989.1021028,7.0,0.0,-46.0
1776885989.1121027,9.0,-3.0,-43.0
1776885989.1221027,8.0,-3.0,-46.0
1776885989.1321027,8.0,-6.0,-47.0
1776885989.1421027,6.0,-4.0,-44.0
1776885989.1521027,-2.0,-3.0,-42.0
1776885989.1621027,-6.0,-4.0,-40.0
1776885989.1721027,-2.0,0.0,-44.0
1776885989.182103,0.0,6.0,-45.0
1776885989.192103,0.0,7.0,-47.0
1776885989.202103,2.0,4.0,-49.0
1776885989.212103,0.0,3.0,-47.0
1776885989.2221026,0.0,0.0,-44.0
1776885989.2321026,-1.0,2.0,-38.0
1776885989.2421026,-3.0,2.0,-39.0
1776885989.2521029,-2.0,1.0,-33.0
1776885989.2621028,-2.0,4.0,-34.0
1776885989.2721028,-5.0,5.0,-34.0
1776885989.2821028,-7.0,4.0,-41.0
1776885989.2921028,-6.0,1.0,-48.0
1776885989.3021028,-3.0,-1.0,-47.0
1776885989.3121028,1.0,-1.0,-48.0
1776885989.3221028,0.0,-6.0,-48.0
1776885989.3321028,3.0,-4.0,-57.0
1776885989.3421028,0.0,0.0,-51.0
1776885989.3521028,3.0,-1.0,-45.0
1776885989.3621027,5.0,-1.0,-49.0
1776885989.3721027,3.0,-4.0,-48.0
1776885989.3821027,2.0,-3.0,-43.0
1776885989.3921027,6.0,-3.0,-41.0
1776885989.4021027,4.0,-3.0,-34.0
1776885989.4121027,3.0,-5.0,-34.0
1776885989.4221027,3.0,-6.0,-37.0
1776885989.432103,0.0,-6.0,-37.0
1776885989.442103,0.0,-2.0,-42.0
1776885989.452103,-2.0,0.0,-41.0
1776885989.462103,1.0,-3.0,-42.0
1776885989.4721026,0.0,-1.0,-43.0
1776885989.4821026,0.0,1.0,-41.0
1776885989.4921026,1.0,-4.0,-41.0
1776885989.5021029,1.0,-7.0,-39.0
1776885989.5121028,2.0,-8.0,-40.0
1776885989.5221028,3.0,-5.0,-41.0
1776885989.5321028,3.0,-4.0,-33.0
1776885989.5421028,2.0,-5.0,-30.0
1776885989.5521028,6.0,-4.0,-22.0
1776885989.5621028,2.0,2.0,-23.0
1776885989.5721028,2.0,0.0,-28.0
1776885989.5821028,4.0,0.0,-33.0
1776885989.5921028,7.0,1.0,-37.0
1776885989.6021028,4.0,-2.0,-41.0
1776885989.6121027,6.0,-5.0,-41.0
1776885989.6221027,5.0,-5.0,-39.0
1776885989.6321027,5.0,-5.0,-36.0
1776885989.6421027,2.0,1.0,-39.0
1776885989.6521027,-2.0,0.0,-37.0
1776885989.6621027,0.0,0.0,-33.0
1776885989.6721027,6.0,-3.0,-31.0
1776885989.682103,8.0,-8.0,-36.0
1776885989.692103,6.0,-6.0,-47.0
1776885989.702103,5.0,-5.0,-44.0
1776885989.712103,4.0,-6.0,-48.0
1776885989.7221026,3.0,-8.0,-46.0
1776885989.7321026,5.0,-5.0,-50.0
1776885989.7421026,1.0,-7.0,-49.0
1776885989.7521029,0.0,-8.0,-44.0
1776885989.7621028,-8.0,-4.0,-40.0
1776885989.7721028,-7.0,-4.0,-38.0
1776885989.7821028,-7.0,-2.0,-35.0
1776885989.7921028,-7.0,-2.0,-33.0
1776885989.8021028,-9.0,0.0,-35.0
1776885989.8121028,-11.0,-5.0,-41.0
1776885989.8221028,-7.0,-6.0,-42.0
1776885989.8321028,-1.0,-2.0,-43.0
1776885989.8431027,0.0,-1.0,-44.0
1776885989.8521028,3.0,0.0,-47.0
1776885989.8621027,2.0,-2.0,-48.0
1776885989.8721027,-3.0,-3.0,-47.0
1776885989.8821027,-3.0,-4.0,-44.0
1776885989.8921027,-1.0,-1.0,-45.0
1776885989.9021027,-1.0,0.0,-47.0
1776885989.9121027,-1.0,1.0,-48.0
1776885989.9221027,-1.0,0.0,-44.0
1776885989.932103,0.0,0.0,-44.0
1776885989.942103,-3.0,-1.0,-39.0
1776885989.952103,-2.0,0.0,-38.0
1776885989.962103,1.0,-1.0,-42.0
1776885989.9721026,3.0,-1.0,-41.0
1776885989.9821026,3.0,-5.0,-38.0
1776885989.9921026,2.0,-2.0,-33.0
1776885990.0021029,3.0,-3.0,-34.0
1776885990.0121028,0.0,-5.0,-40.0
1776885990.0221028,-4.0,-1.0,-35.0
1776885990.0321028,0.0,0.0,-31.0
1776885990.0421028,2.0,-2.0,-34.0
1776885990.0521028,3.0,-6.0,-38.0
1776885990.0621028,0.0,-8.0,-39.0
1776885990.0721028,-3.0,-7.0,-40.0
1776885990.0821028,-5.0,-5.0,-42.0
1776885990.0921028,-3.0,-4.0,-42.0
1776885990.1021028,0.0,-8.0,-45.0
1776885990.1121027,1.0,-8.0,-41.0
1776885990.1221027,2.0,-10.0,-36.0
1776885990.1321027,-1.0,-10.0,-38.0
1776885990.1421027,3.0,-3.0,-39.0
1776885990.1521027,1.0,-4.0,-40.0
1776885990.1621027,1.0,-3.0,-36.0
1776885990.1721027,5.0,1.0,-42.0
1776885990.182103,1.0,2.0,-39.0
1776885990.192103,5.0,0.0,-37.0
1776885990.202103,7.0,0.0,-34.0
1776885990.212103,6.0,0.0,-28.0
1776885990.2221026,3.0,-1.0,-32.0
1776885990.2321026,7.0,-4.0,-36.0
1776885990.2421026,9.0,0.0,-37.0
1776885990.2521029,8.0,0.0,-40.0
1776885990.2621028,8.0,-2.0,-43.0
1776885990.2721028,9.0,-3.0,-35.0
1776885990.2821028,3.0,-1.0,-31.0
1776885990.2921028,2.0,-1.0,-32.0
1776885990.3021028,-2.0,2.0,-33.0
1776885990.3121028,0.0,0.0,-30.0
1776885990.3221028,1.0,-1.0,-32.0
1776885990.3321028,0.0,-2.0,-29.0
1776885990.3421028,1.0,-5.0,-27.0
1776885990.3521028,2.0,-3.0,-26.0
1776885990.3621027,3.0,-1.0,-33.0
1776885990.3721027,6.0,-4.0,-38.0
1776885990.3821027,3.0,-5.0,-38.0
1776885990.3921027,0.0,-4.0,-43.0
1776885990.4021027,-2.0,-1.0,-41.0
1776885990.4121027,-3.0,-1.0,-44.0
1776885990.4221027,-1.0,-3.0,-40.0
1776885990.432103,2.0,0.0,-42.0
1776885990.442103,0.0,1.0,-39.0
1776885990.452103,-1.0,5.0,-38.0
1776885990.462103,0.0,5.0,-38.0
1776885990.4721026,1.0,3.0,-40.0
1776885990.4821026,3.0,3.0,-36.0
1776885990.4921026,5.0,1.0,-39.0
1776885990.5021029,6.0,-1.0,-41.0
1776885990.5121028,1.0,0.0,-41.0
1776885990.5221028,2.0,-2.0,-46.0
1776885990.5321028,1.0,-3.0,-40.0
1776885990.5421028,0.0,0.0,-47.0
1776885990.5521028,2.0,0.0,-41.0
1776885990.5621028,0.0,0.0,-42.0
1776885990.5721028,0.0,0.0,-39.0
1776885990.5821028,4.0,-2.0,-44.0
1776885990.5921028,6.0,-1.0,-44.0
1776885990.6021028,3.0,-2.0,-51.0
1776885990.6121027,0.0,-7.0,-50.0
1776885990.6221027,2.0,-6.0,-48.0
1776885990.6321027,6.0,-8.0,-44.0
1776885990.6421027,3.0,-9.0,-42.0
1776885990.6521027,2.0,-10.0,-35.0
1776885990.6621027,4.0,-13.0,-32.0
1776885990.6721027,0.0,-11.0,-31.0
1776885990.682103,0.0,-9.0,-35.0
1776885990.692103,0.0,-8.0,-34.0
1776885990.702103,5.0,-7.0,-41.0
1776885990.712103,0.0,-10.0,-39.0
1776885990.7221026,0.0,-10.0,-37.0
1776885990.7321026,3.0,-3.0,-33.0
1776885990.7421026,8.0,-2.0,-34.0
1776885990.7521029,3.0,-3.0,-32.0
1776885990.7621028,2.0,-2.0,-30.0
1776885990.7721028,6.0,-1.0,-34.0
1776885990.7821028,6.0,0.0,-36.0
1776885990.7921028,1.0,-8.0,-40.0
1776885990.8021028,-1.0,-2.0,-45.0
1776885990.8121028,-2.0,0.0,-46.0
1776885990.8221028,-6.0,-1.0,-47.0
1776885990.8321028,-7.0,-1.0,-43.0
1776885990.8421028,-4.0,-3.0,-44.0
1776885990.8521028,-1.0,-4.0,-42.0
1776885990.863103,1.0,-2.0,-41.0
1776885990.873103,0.0,-2.0,-46.0
1776885990.883103,-2.0,-2.0,-49.0
1776885990.8931026,-1.0,0.0,-47.0
1776885990.9031026,3.0,-2.0,-48.0
1776885990.9131026,2.0,-2.0,-41.0
1776885990.9231029,2.0,0.0,-41.0
1776885990.9331028,3.0,-1.0,-42.0
1776885990.9431028,2.0,-2.0,-45.0
1776885990.9531028,0.0,-6.0,-41.0
1776885990.9631028,-3.0,-5.0,-31.0
1776885990.9731028,-4.0,-5.0,-31.0
1776885990.9831028,-3.0,-3.0,-32.0
1776885990.9931028,1.0,-1.0,-30.0
1776885991.0031028,0.0,0.0,-37.0
1776885991.0131028,0.0,0.0,-39.0
1776885991.0231028,0.0,-4.0,-38.0
1776885991.0331028,-1.0,-4.0,-41.0
1776885991.0431027,0.0,-3.0,-41.0
1776885991.0531027,-2.0,-5.0,-40.0
1776885991.0631027,0.0,-5.0,-39.0
1776885991.0731027,2.0,-3.0,-34.0
1776885991.0831027,3.0,-5.0,-39.0
1776885991.0931027,-1.0,-7.0,-40.0
1776885991.1031027,-2.0,-6.0,-47.0
1776885991.113103,-5.0,-11.0,-49.0
1776885991.123103,-4.0,-11.0,-50.0
1776885991.133103,0.0,-10.0,-52.0
1776885991.1431026,2.0,-11.0,-43.0
1776885991.1531026,2.0,-11.0,-43.0
1776885991.1631026,2.0,-9.0,-43.0
1776885991.1731029,0.0,-7.0,-44.0
1776885991.1831028,-2.0,-1.0,-48.0
1776885991.1931028,-3.0,-4.0,-46.0
1776885991.2031028,-2.0,-2.0,-48.0
1776885991.2131028,-1.0,1.0,-49.0
1776885991.2231028,-1.0,-1.0,-48.0
1776885991.2331028,0.0,-3.0,-45.0
1776885991.2431028,4.0,-1.0,-44.0
1776885991.2531028,1.0,0.0,-40.0
1776885991.2631028,4.0,-1.0,-41.0
1776885991.2731028,0.0,-3.0,-45.0
1776885991.2831028,0.0,-4.0,-50.0
1776885991.2931027,5.0,-7.0,-50.0
1776885991.3031027,10.0,-5.0,-44.0
1776885991.3131027,10.0,-6.0,-45.0
1776885991.3231027,8.0,-5.0,-38.0
1776885991.3331027,4.0,-5.0,-42.0
1776885991.3431027,1.0,-2.0,-40.0
1776885991.3531027,-1.0,-2.0,-44.0
1776885991.363103,0.0,-2.0,-41.0
1776885991.373103,0.0,-2.0,-41.0
1776885991.383103,0.0,-1.0,-43.0
1776885991.3931026,0.0,-3.0,-42.0
1776885991.4031026,-1.0,-3.0,-41.0
1776885991.4131026,-2.0,-6.0,-47.0
1776885991.4231029,0.0,-5.0,-48.0
1776885991.4331028,3.0,0.0,-51.0
1776885991.4431028,5.0,0.0,-45.0
1776885991.4531028,4.0,3.0,-39.0
1776885991.4631028,4.0,3.0,-41.0
1776885991.4731028,3.0,-1.0,-42.0
1776885991.4831028,1.0,-2.0,-44.0
1776885991.4931028,1.0,0.0,-42.0
1776885991.5031028,-3.0,-2.0,-40.0
1776885991.5131028,0.0,-2.0,-38.0
1776885991.5231028,2.0,-4.0,-38.0
1776885991.5331028,1.0,-6.0,-34.0
1776885991.5431027,0.0,-1.0,-33.0
1776885991.5531027,0.0,0.0,-32.0
1776885991.5631027,-3.0,1.0,-31.0
1776885991.5731027,-5.0,2.0,-35.0
1776885991.5831027,0.0,4.0,-38.0
1776885991.5931027,2.0,1.0,-43.0
1776885991.6031027,4.0,3.0,-45.0
1776885991.613103,6.0,1.0,-42.0
1776885991.623103,10.0,-5.0,-33.0
1776885991.633103,10.0,-5.0,-31.0
1776885991.6431026,7.0,-6.0,-34.0
1776885991.6531026,3.0,-4.0,-33.0
1776885991.6631026,1.0,-4.0,-38.0
1776885991.6731029,0.0,-5.0,-42.0
1776885991.6831028,-2.0,2.0,-41.0
1776885991.6931028,-4.0,5.0,-38.0
1776885991.7031028,1.0,7.0,-39.0
1776885991.7131028,3.0,7.0,-44.0
1776885991.7231028,5.0,7.0,-44.0
1776885991.7331028,0.0,5.0,-42.0
1776885991.7431028,1.0,4.0,-38.0
1776885991.7531028,0.0,0.0,-41.0
1776885991.7631028,0.0,-2.0,-41.0
1776885991.7731028,0.0,-5.0,-48.0
1776885991.7831028,0.0,-5.0,-52.0
1776885991.7931027,5.0,-3.0,-50.0
1776885991.8031027,8.0,-7.0,-38.0
1776885991.8131027,2.0,-7.0,-35.0
1776885991.8231027,2.0,-5.0,-38.0
1776885991.8331027,2.0,-5.0,-41.0
1776885991.8431027,4.0,-3.0,-36.0
1776885991.8531027,1.0,-5.0,-41.0
1776885991.863103,3.0,-3.0,-42.0
1776885991.873103,6.0,0.0,-40.0
1776885991.883103,7.0,0.0,-40.0
1776885991.8931026,6.0,2.0,-27.0
1776885991.9031026,5.0,2.0,-32.0
1776885991.9131026,3.0,0.0,-34.0
1776885991.9231029,1.0,-1.0,-41.0
1776885991.9331028,3.0,-4.0,-41.0
1776885991.9431028,5.0,-1.0,-43.0
1776885991.9531028,1.0,-1.0,-46.0
1776885991.9631028,3.0,-2.0,-43.0
1776885991.9731028,6.0,0.0,-44.0
1776885991.9831028,5.0,-4.0,-46.0
1776885991.9931028,7.0,-2.0,-50.0
1776885992.0031028,3.0,-1.0,-41.0
1776885992.0131028,1.0,-4.0,-47.0
1776885992.0231028,2.0,-4.0,-44.0
1776885992.0331028,0.0,-4.0,-45.0
1776885992.0431027,1.0,-2.0,-49.0
1776885992.0531027,5.0,1.0,-49.0
1776885992.0631027,6.0,1.0,-50.0
1776885992.0731027,8.0,3.0,-53.0
1776885992.0831027,7.0,0.0,-49.0
1776885992.0931027,7.0,-4.0,-43.0
1776885992.1031027,6.0,-2.0,-40.0
1776885992.113103,4.0,1.0,-44.0
1776885992.123103,5.0,3.0,-34.0
1776885992.133103,3.0,1.0,-39.0
1776885992.1431026,-3.0,2.0,-47.0
1776885992.1531026,0.0,4.0,-39.0
1776885992.1631026,3.0,2.0,-39.0
1776885992.1731029,0.0,5.0,-33.0
1776885992.1831028,-1.0,1.0,-33.0
1776885992.1931028,-1.0,5.0,-33.0
1776885992.2031028,2.0,0.0,-33.0
1776885992.2131028,1.0,-4.0,-36.0
1776885992.2231028,4.0,-2.0,-37.0
1776885992.2331028,0.0,-5.0,-39.0
1776885992.2431028,0.0,-2.0,-41.0
1776885992.2531028,2.0,0.0,-30.0
1776885992.2631028,1.0,2.0,-36.0
1776885992.2731028,-2.0,1.0,-35.0
1776885992.2831028,-5.0,1.0,-34.0
1776885992.2931027,0.0,-2.0,-34.0
1776885992.3031027,0.0,-3.0,-36.0
1776885992.3131027,-1.0,-2.0,-40.0
1776885992.3231027,-2.0,0.0,-37.0
1776885992.3331027,-2.0,1.0,-39.0
1776885992.3431027,0.0,3.0,-36.0
1776885992.3531027,0.0,6.0,-42.0
1776885992.363103,1.0,3.0,-40.0
1776885992.373103,0.0,4.0,-37.0
1776885992.383103,2.0,0.0,-41.0
1776885992.3931026,7.0,0.0,-38.0
1776885992.4031026,6.0,0.0,-36.0
1776885992.4131026,6.0,-3.0,-33.0
1776885992.4231029,7.0,-2.0,-29.0
1776885992.4331028,9.0,-2.0,-28.0
1776885992.4431028,5.0,-4.0,-37.0
1776885992.4531028,6.0,-2.0,-42.0
1776885992.4631028,5.0,-3.0,-39.0
1776885992.4731028,4.0,-2.0,-40.0
1776885992.4831028,2.0,0.0,-30.0
1776885992.4931028,0.0,4.0,-38.0
1776885992.5031028,2.0,4.0,-46.0
1776885992.5131028,-1.0,4.0,-43.0
1776885992.5231028,0.0,6.0,-41.0
1776885992.5331028,2.0,4.0,-45.0
1776885992.5431027,2.0,0.0,-46.0
1776885992.5531027,0.0,3.0,-49.0
1776885992.5631027,0.0,0.0,-56.0
1776885992.5731027,3.0,0.0,-56.0
1776885992.5831027,2.0,-2.0,-56.0
1776885992.5931027,1.0,-2.0,-53.0
1776885992.6031027,4.0,0.0,-47.0
1776885992.613103,6.0,1.0,-51.0
1776885992.623103,9.0,-4.0,-46.0
1776885992.633103,7.0,-5.0,-44.0
1776885992.6431026,5.0,-4.0,-43.0
1776885992.6531026,2.0,-4.0,-43.0
1776885992.6631026,0.0,-8.0,-47.0
1776885992.6731029,-3.0,-7.0,-46.0
1776885992.6831028,-7.0,-9.0,-45.0
1776885992.6931028,-12.0,-9.0,-39.0
1776885992.7031028,-12.0,-10.0,-35.0
1776885992.7131028,-10.0,-9.0,-34.0
1776885992.7231028,-2.0,-6.0,-24.0
1776885992.7331028,-2.0,-7.0,-31.0
1776885992.7431028,3.0,-9.0,-33.0
1776885992.7531028,4.0,-10.0,-35.0
1776885992.7631028,5.0,-8.0,-32.0
1776885992.7731028,-2.0,-2.0,-31.0
1776885992.7831028,-2.0,-2.0,-36.0
1776885992.7931027,-3.0,-4.0,-48.0
1776885992.8031027,-5.0,-5.0,-50.0
1776885992.8131027,-6.0,-5.0,-50.0
1776885992.8231027,-4.0,-7.0,-45.0
1776885992.8331027,-7.0,-9.0,-43.0
1776885992.8431027,-5.0,-4.0,-42.0
1776885992.8531027,-1.0,0.0,-40.0
1776885992.863103,2.0,-4.0,-39.0
1776885992.873103,4.0,-5.0,-38.0
1776885992.8841028,6.0,-2.0,-31.0
1776885992.8931026,8.0,-2.0,-34.0
1776885992.9041028,5.0,-2.0,-42.0
1776885992.9141028,2.0,-2.0,-40.0
1776885992.9241028,2.0,-2.0,-43.0
1776885992.9341028,2.0,-5.0,-27.0
1776885992.9431028,4.0,-4.0,-28.0
1776885992.9541028,3.0,-6.0,-32.0
1776885992.9641027,2.0,0.0,-36.0
1776885992.9741027,5.0,1.0,-36.0
1776885992.9841027,6.0,1.0,-45.0
1776885992.9941027,8.0,0.0,-42.0
1776885993.0041027,8.0,-3.0,-43.0
1776885993.0141027,3.0,-1.0,-41.0
1776885993.0241027,0.0,-6.0,-38.0
1776885993.034103,-1.0,-6.0,-37.0
1776885993.044103,-3.0,-6.0,-35.0
1776885993.054103,-1.0,-1.0,-32.0
1776885993.0641026,2.0,-3.0,-35.0
1776885993.0741026,0.0,-3.0,-37.0
1776885993.0841026,0.0,-4.0,-38.0
1776885993.0941026,-1.0,-7.0,-38.0
1776885993.1041028,0.0,-5.0,-41.0
1776885993.1141028,-2.0,-7.0,-39.0
1776885993.1241028,-6.0,-8.0,-36.0
1776885993.1341028,-3.0,-4.0,-34.0
1776885993.1441028,-1.0,-5.0,-34.0
1776885993.1541028,0.0,-3.0,-36.0
1776885993.1641028,-1.0,-4.0,-38.0
1776885993.1741028,-2.0,-6.0,-36.0
1776885993.1841028,-2.0,-3.0,-39.0
1776885993.1941028,3.0,-1.0,-45.0
1776885993.2041028,4.0,0.0,-47.0
1776885993.2141027,1.0,-1.0,-40.0
1776885993.2241027,1.0,-2.0,-40.0
1776885993.2341027,-2.0,-4.0,-39.0
1776885993.2441027,-4.0,-4.0,-36.0
1776885993.2541027,-8.0,-5.0,-32.0
1776885993.2641027,-4.0,-2.0,-37.0
1776885993.2741027,0.0,-3.0,-43.0
1776885993.284103,1.0,-1.0,-38.0
1776885993.294103,-1.0,1.0,-40.0
1776885993.304103,1.0,0.0,-40.0
1776885993.3141026,1.0,2.0,-41.0
1776885993.3241026,2.0,2.0,-45.0
1776885993.3341026,-1.0,-3.0,-40.0
1776885993.3441026,0.0,-5.0,-39.0
1776885993.3541028,-1.0,0.0,-38.0
1776885993.3641028,1.0,-1.0,-39.0
1776885993.3741028,3.0,-3.0,-32.0
1776885993.3841028,5.0,-5.0,-27.0
1776885993.3941028,3.0,-5.0,-28.0
1776885993.4041028,1.0,-2.0,-31.0
1776885993.4141028,3.0,1.0,-36.0
1776885993.4241028,8.0,3.0,-35.0
1776885993.4341028,7.0,4.0,-33.0
1776885993.4441028,7.0,6.0,-36.0
1776885993.4541028,7.0,10.0,-36.0
1776885993.4641027,2.0,10.0,-38.0
1776885993.4741027,2.0,8.0,-34.0
1776885993.4841027,6.0,6.0,-36.0
1776885993.4941027,7.0,8.0,-45.0
1776885993.5041027,3.0,6.0,-50.0
1776885993.5141027,0.0,-1.0,-51.0
1776885993.5241027,-1.0,-3.0,-48.0
1776885993.534103,-3.0,0.0,-48.0
1776885993.544103,-7.0,-1.0,-53.0
1776885993.554103,-2.0,-5.0,-55.0
1776885993.5641026,-4.0,-1.0,-55.0
1776885993.5741026,-7.0,0.0,-46.0
1776885993.5841026,-7.0,0.0,-44.0
1776885993.5941026,-1.0,1.0,-38.0
1776885993.6041028,-4.0,2.0,-41.0
1776885993.6141028,-1.0,5.0,-38.0
1776885993.6241028,0.0,1.0,-38.0
1776885993.6341028,-1.0,1.0,-39.0
1776885993.6441028,1.0,0.0,-35.0
1776885993.6541028,-1.0,-3.0,-32.0
1776885993.6641028,-2.0,0.0,-31.0
1776885993.6741028,0.0,-2.0,-31.0
1776885993.6841028,-1.0,-3.0,-32.0
1776885993.6941028,-2.0,-7.0,-35.0
1776885993.7041028,-6.0,-5.0,-42.0
1776885993.7141027,-5.0,-3.0,-38.0
1776885993.7241027,-6.0,-3.0,-36.0
1776885993.7341027,-6.0,0.0,-37.0
1776885993.7441027,-8.0,-1.0,-29.0
1776885993.7541027,-5.0,0.0,-33.0
1776885993.7641027,-4.0,0.0,-29.0
1776885993.7741027,-2.0,1.0,-32.0
1776885993.784103,-2.0,0.0,-31.0
1776885993.794103,-6.0,-2.0,-29.0
1776885993.804103,-4.0,-1.0,-34.0
1776885993.8141026,-1.0,2.0,-39.0
1776885993.8241026,-3.0,1.0,-41.0
1776885993.8341026,-2.0,0.0,-40.0
1776885993.8441026,0.0,6.0,-33.0
1776885993.8541028,-1.0,3.0,-38.0
1776885993.8641028,4.0,2.0,-41.0
1776885993.8741028,7.0,-1.0,-39.0
1776885993.8841028,7.0,-5.0,-42.0
1776885993.8941028,6.0,-4.0,-36.0
1776885993.9041028,-1.0,-4.0,-40.0
1776885993.9141028,-1.0,-2.0,-43.0
1776885993.9241028,-2.0,-3.0,-44.0
1776885993.9341028,-1.0,-1.0,-44.0
1776885993.9441028,0.0,-3.0,-46.0
1776885993.9541028,0.0,-1.0,-50.0
1776885993.9641027,4.0,-3.0,-49.0
1776885993.9741027,2.0,-7.0,-44.0
1776885993.9841027,1.0,-5.0,-48.0
1776885993.9941027,3.0,-2.0,-45.0
1776885994.0041027,0.0,-4.0,-44.0
1776885994.0141027,-1.0,-3.0,-41.0
1776885994.0241027,0.0,0.0,-40.0
1776885994.034103,0.0,0.0,-41.0
1776885994.044103,0.0,0.0,-39.0
1776885994.054103,-1.0,1.0,-38.0
1776885994.0641026,0.0,3.0,-37.0
1776885994.0741026,0.0,1.0,-36.0
1776885994.0841026,0.0,1.0,-41.0
1776885994.0941026,-2.0,0.0,-38.0
1776885994.1041028,0.0,-3.0,-36.0
1776885994.1141028,0.0,-2.0,-34.0
1776885994.1241028,-3.0,0.0,-40.0
1776885994.1341028,0.0,0.0,-51.0
1776885994.1441028,0.0,3.0,-48.0
1776885994.1541028,-3.0,3.0,-47.0
1776885994.1641028,-2.0,0.0,-46.0
1776885994.1741028,0.0,-2.0,-47.0
1776885994.1841028,0.0,-3.0,-42.0
1776885994.1951027,0.0,-4.0,-39.0
1776885994.2041028,3.0,-3.0,-45.0
1776885994.2141027,4.0,-3.0,-38.0
1776885994.2241027,2.0,-2.0,-36.0
1776885994.2341027,9.0,-2.0,-37.0
1776885994.2441027,13.0,-2.0,-39.0
1776885994.2541027,7.0,-5.0,-45.0
1776885994.2641027,6.0,-6.0,-42.0
1776885994.2741027,7.0,-7.0,-38.0
1776885994.284103,4.0,-6.0,-31.0
1776885994.294103,2.0,-2.0,-24.0
1776885994.304103,2.0,1.0,-23.0
1776885994.3141026,2.0,-2.0,-36.0
1776885994.3241026,2.0,-1.0,-43.0
1776885994.3341026,5.0,0.0,-44.0
1776885994.3441026,1.0,5.0,-46.0
1776885994.3541028,4.0,7.0,-44.0
1776885994.3641028,6.0,4.0,-47.0
1776885994.3741028,7.0,3.0,-49.0
1776885994.3841028,11.0,0.0,-50.0
1776885994.3941028,13.0,-1.0,-44.0
1776885994.4041028,7.0,-2.0,-42.0
1776885994.4141028,9.0,-5.0,-44.0
1776885994.4241028,3.0,0.0,-39.0
1776885994.4341028,2.0,-1.0,-38.0
1776885994.4441028,3.0,-2.0,-44.0
1776885994.4541028,3.0,0.0,-37.0
1776885994.4641027,0.0,0.0,-42.0
1776885994.4741027,5.0,1.0,-43.0
1776885994.4841027,4.0,1.0,-40.0
1776885994.4941027,0.0,0.0,-41.0
1776885994.5041027,-2.0,-2.0,-44.0
1776885994.5141027,1.0,0.0,-53.0
1776885994.5241027,1.0,0.0,-51.0
1776885994.534103,4.0,2.0,-50.0
1776885994.544103,4.0,2.0,-52.0
1776885994.554103,5.0,-1.0,-51.0
1776885994.5641026,3.0,-5.0,-53.0
1776885994.5741026,1.0,-6.0,-49.0
1776885994.5841026,4.0,-1.0,-45.0
1776885994.5941026,7.0,-2.0,-38.0
1776885994.6041028,8.0,0.0,-38.0
1776885994.6141028,4.0,0.0,-44.0
1776885994.6241028,5.0,0.0,-45.0
1776885994.6341028,6.0,-1.0,-45.0
1776885994.6441028,11.0,0.0,-37.0
1776885994.6541028,7.0,0.0,-38.0
1776885994.6641028,-1.0,-1.0,-41.0
1776885994.6741028,-4.0,-1.0,-43.0
1776885994.6841028,-4.0,-1.0,-48.0
1776885994.6941028,3.0,-5.0,-45.0
1776885994.7041028,5.0,-7.0,-36.0
1776885994.7141027,7.0,-4.0,-39.0
1776885994.7241027,4.0,-2.0,-42.0
1776885994.7341027,-2.0,-1.0,-34.0
1776885994.7441027,-2.0,-2.0,-31.0
1776885994.7541027,-2.0,-3.0,-28.0
1776885994.7641027,-3.0,-5.0,-31.0
1776885994.7741027,-4.0,-2.0,-33.0
1776885994.784103,-1.0,-2.0,-28.0
1776885994.794103,-2.0,-4.0,-27.0
1776885994.804103,-1.0,-2.0,-18.0
1776885994.8141026,0.0,-7.0,-24.0
1776885994.8241026,4.0,-11.0,-29.0
1776885994.8341026,1.0,-5.0,-32.0
1776885994.8451028,1.0,-5.0,-34.0
1776885994.8541028,0.0,-3.0,-36.0
1776885994.8651028,0.0,-6.0,-39.0
1776885994.8751028,-3.0,-8.0,-41.0
1776885994.8851027,1.0,-6.0,-40.0
1776885994.8951027,0.0,-2.0,-37.0
1776885994.9051027,-3.0,0.0,-39.0
1776885994.9151027,-2.0,2.0,-37.0
1776885994.9251027,0.0,1.0,-40.0
1776885994.9351027,0.0,-2.0,-47.0
1776885994.9451027,4.0,-1.0,-50.0
1776885994.9551027,7.0,-2.0,-50.0
1776885994.965103,2.0,-2.0,-49.0
1776885994.975103,-2.0,0.0,-54.0
1776885994.985103,1.0,0.0,-48.0
1776885994.9951026,7.0,2.0,-35.0
1776885995.0051026,5.0,2.0,-35.0
1776885995.0151026,4.0,5.0,-35.0
1776885995.0251029,2.0,8.0,-33.0
1776885995.0351028,2.0,7.0,-39.0
1776885995.0451028,5.0,0.0,-42.0
1776885995.0551028,6.0,-2.0,-41.0
1776885995.0651028,7.0,-3.0,-41.0
1776885995.0751028,4.0,3.0,-41.0
1776885995.0851028,2.0,3.0,-32.0
1776885995.0951028,-2.0,0.0,-32.0
1776885995.1051028,-6.0,-4.0,-36.0
1776885995.1151028,-9.0,-7.0,-40.0
1776885995.1251028,-11.0,-5.0,-36.0
1776885995.1351027,-7.0,-6.0,-39.0
1776885995.1451027,-2.0,-5.0,-35.0
1776885995.1551027,-4.0,-5.0,-46.0
1776885995.1651027,0.0,-3.0,-43.0
1776885995.1751027,-1.0,-3.0,-37.0
1776885995.1851027,0.0,-6.0,-42.0
1776885995.1951027,-1.0,-2.0,-40.0
1776885995.2051027,2.0,-1.0,-44.0
1776885995.215103,5.0,0.0,-46.0
1776885995.225103,4.0,0.0,-36.0
1776885995.235103,1.0,0.0,-41.0
1776885995.2451026,-2.0,2.0,-42.0
1776885995.2551026,-6.0,1.0,-35.0
1776885995.2651026,-2.0,3.0,-35.0
1776885995.2751029,1.0,2.0,-31.0
1776885995.2851028,0.0,2.0,-24.0
1776885995.2951028,0.0,1.0,-22.0
1776885995.3051028,-2.0,1.0,-24.0
1776885995.3151028,0.0,0.0,-31.0
1776885995.3251028,-2.0,0.0,-35.0
1776885995.3351028,-3.0,0.0,-31.0
1776885995.3451028,-2.0,0.0,-26.0
1776885995.3551028,0.0,-2.0,-22.0
1776885995.3651028,3.0,-4.0,-24.0
1776885995.3751028,4.0,0.0,-25.0
1776885995.3851027,4.0,0.0,-36.0
1776885995.3951027,5.0,1.0,-36.0
1776885995.4051027,9.0,-1.0,-39.0
1776885995.4151027,3.0,0.0,-39.0
1776885995.4251027,0.0,0.0,-39.0
1776885995.4351027,1.0,0.0,-41.0
1776885995.4451027,4.0,0.0,-44.0
1776885995.4551027,1.0,0.0,-46.0
1776885995.465103,-5.0,-3.0,-49.0
1776885995.475103,-7.0,-4.0,-50.0
1776885995.485103,0.0,-9.0,-42.0
1776885995.4951026,1.0,-2.0,-43.0
1776885995.5051026,-1.0,-3.0,-43.0
1776885995.5151026,0.0,0.0,-41.0
1776885995.5251029,1.0,0.0,-35.0
1776885995.5351028,2.0,-1.0,-36.0
1776885995.5451028,3.0,0.0,-32.0
1776885995.5551028,1.0,1.0,-30.0
1776885995.5651028,1.0,2.0,-32.0
1776885995.5751028,2.0,1.0,-40.0
1776885995.5851028,3.0,2.0,-35.0
1776885995.5951028,2.0,-3.0,-34.0
1776885995.6051028,1.0,-2.0,-35.0
1776885995.6151028,0.0,-2.0,-36.0
1776885995.6251028,0.0,0.0,-38.0
1776885995.6351027,0.0,2.0,-36.0
1776885995.6451027,4.0,1.0,-38.0
1776885995.6551027,7.0,2.0,-35.0
1776885995.6651027,4.0,2.0,-35.0
1776885995.6751027,0.0,0.0,-35.0
1776885995.6851027,-1.0,-3.0,-28.0
1776885995.6951027,0.0,-3.0,-28.0
1776885995.7051027,0.0,-2.0,-37.0
1776885995.715103,-4.0,-4.0,-43.0
1776885995.725103,-3.0,-7.0,-51.0
1776885995.735103,-2.0,-6.0,-59.0
1776885995.7451026,3.0,-5.0,-62.0
1776885995.7551026,3.0,-3.0,-54.0
1776885995.7651026,1.0,0.0,-52.0
1776885995.7751029,0.0,-2.0,-43.0
1776885995.7851028,-3.0,-1.0,-43.0
1776885995.7951028,-5.0,-1.0,-43.0
1776885995.8051028,-3.0,-5.0,-46.0
1776885995.8151028,-2.0,-2.0,-49.0
1776885995.8251028,-4.0,-2.0,-54.0
1776885995.8351028,-5.0,-2.0,-51.0
1776885995.8451028,-6.0,-1.0,-50.0
1776885995.8551028,-2.0,-4.0,-45.0
1776885995.8651028,-1.0,0.0,-35.0
1776885995.8751028,-2.0,2.0,-40.0
1776885995.8851027,-5.0,6.0,-34.0
1776885995.8951027,-3.0,5.0,-36.0
1776885995.9051027,0.0,6.0,-41.0
1776885995.9151027,1.0,7.0,-41.0
1776885995.9251027,5.0,3.0,-43.0
1776885995.9351027,1.0,2.0,-45.0
1776885995.9451027,1.0,2.0,-40.0
1776885995.9551027,0.0,1.0,-43.0
1776885995.965103,4.0,0.0,-44.0
1776885995.975103,4.0,-1.0,-45.0
1776885995.985103,1.0,-1.0,-46.0
1776885995.9951026,0.0,-2.0,-41.0
1776885996.0051026,-1.0,-2.0,-37.0
1776885996.0151026,0.0,-2.0,-32.0
1776885996.0251029,-3.0,0.0,-38.0
1776885996.0351028,-2.0,0.0,-38.0
1776885996.0451028,0.0,-1.0,-33.0
1776885996.0551028,0.0,1.0,-34.0
1776885996.0651028,-5.0,0.0,-32.0
1776885996.0751028,-9.0,0.0,-32.0
1776885996.0851028,-8.0,0.0,-27.0
1776885996.0951028,-6.0,-1.0,-30.0
1776885996.1051028,-5.0,-2.0,-32.0
1776885996.1151028,-6.0,-2.0,-31.0
1776885996.1251028,-3.0,-1.0,-26.0
1776885996.1351027,0.0,-1.0,-32.0
1776885996.1451027,0.0,-2.0,-44.0
1776885996.1551027,3.0,-1.0,-40.0
1776885996.1651027,4.0,0.0,-40.0
1776885996.1751027,4.0,3.0,-45.0
1776885996.1851027,0.0,3.0,-42.0
1776885996.1951027,1.0,4.0,-42.0
1776885996.2051027,4.0,1.0,-47.0
1776885996.215103,2.0,0.0,-48.0
1776885996.225103,2.0,-3.0,-46.0
1776885996.235103,2.0,-3.0,-46.0
1776885996.2451026,2.0,-4.0,-45.0
1776885996.2551026,4.0,-5.0,-47.0
1776885996.2651026,3.0,-6.0,-44.0
1776885996.2751029,2.0,-4.0,-35.0
1776885996.2851028,2.0,-4.0,-35.0
1776885996.2951028,3.0,-7.0,-32.0
1776885996.3051028,0.0,-7.0,-34.0
1776885996.3151028,-1.0,-4.0,-38.0
1776885996.3251028,-2.0,-4.0,-38.0
1776885996.3351028,-3.0,0.0,-34.0
1776885996.3451028,-4.0,-4.0,-37.0
1776885996.3551028,-2.0,-1.0,-42.0
1776885996.3651028,1.0,1.0,-39.0
1776885996.3751028,4.0,-1.0,-40.0
1776885996.3851027,1.0,1.0,-41.0
1776885996.3951027,3.0,2.0,-39.0
1776885996.4051027,5.0,0.0,-39.0
1776885996.4151027,5.0,-2.0,-31.0
1776885996.4251027,2.0,-4.0,-33.0
1776885996.4351027,0.0,-5.0,-28.0
1776885996.4451027,4.0,-8.0,-29.0
1776885996.4551027,-2.0,-10.0,-32.0
1776885996.465103,-2.0,-9.0,-37.0
1776885996.475103,-3.0,-7.0,-35.0
1776885996.485103,0.0,-7.0,-40.0
1776885996.4951026,3.0,-7.0,-42.0
1776885996.5051026,3.0,-8.0,-43.0
1776885996.5151026,5.0,-7.0,-44.0
1776885996.5251029,2.0,-7.0,-41.0
1776885996.5351028,0.0,-11.0,-43.0
1776885996.5451028,-2.0,-10.0,-38.0
1776885996.5551028,4.0,-8.0,-35.0
1776885996.5651028,5.0,-8.0,-38.0
1776885996.5751028,7.0,-9.0,-42.0
1776885996.5851028,5.0,-5.0,-41.0
1776885996.5951028,4.0,-2.0,-41.0
1776885996.6051028,3.0,-5.0,-43.0
1776885996.6151028,3.0,-2.0,-47.0
1776885996.6251028,1.0,0.0,-42.0
1776885996.6351027,-1.0,-1.0,-42.0
1776885996.6451027,-3.0,-1.0,-45.0
1776885996.6551027,-5.0,-1.0,-37.0
1776885996.6651027,-4.0,-3.0,-33.0
1776885996.6751027,-1.0,-1.0,-29.0
1776885996.6851027,-3.0,-1.0,-36.0
1776885996.6951027,-8.0,0.0,-36.0
1776885996.7051027,-7.0,0.0,-39.0
1776885996.715103,-5.0,-3.0,-43.0
1776885996.725103,-5.0,0.0,-48.0
1776885996.735103,-1.0,-2.0,-46.0
1776885996.7451026,0.0,-1.0,-42.0
1776885996.7551026,-1.0,-1.0,-39.0
1776885996.7651026,-5.0,0.0,-33.0
1776885996.7751029,-6.0,-3.0,-31.0
1776885996.7851028,-7.0,-2.0,-34.0
1776885996.7951028,-9.0,-1.0,-33.0
1776885996.8051028,-10.0,0.0,-37.0
1776885996.8151028,-8.0,3.0,-40.0
1776885996.8251028,-9.0,2.0,-39.0
1776885996.8351028,-4.0,3.0,-29.0
1776885996.8451028,-5.0,-1.0,-28.0
1776885996.8561027,-8.0,0.0,-35.0
1776885996.8661027,-8.0,0.0,-39.0
1776885996.8761027,-1.0,2.0,-39.0
1776885996.886103,0.0,3.0,-40.0
1776885996.896103,-2.0,1.0,-44.0
1776885996.906103,2.0,-1.0,-47.0
1776885996.9161026,4.0,-5.0,-48.0
1776885996.9261026,4.0,-2.0,-45.0
1776885996.9361026,5.0,0.0,-47.0
1776885996.9461029,4.0,0.0,-49.0
1776885996.9561028,-2.0,0.0,-52.0
1776885996.9661028,-6.0,-2.0,-53.0
1776885996.9761028,0.0,-5.0,-48.0
1776885996.9861028,-1.0,-5.0,-49.0
1776885996.9961028,-2.0,2.0,-53.0
1776885997.0061028,-5.0,0.0,-49.0
1776885997.0161028,-4.0,-2.0,-43.0
1776885997.0261028,-4.0,-1.0,-41.0
1776885997.0361028,-5.0,1.0,-45.0
1776885997.0461028,-2.0,0.0,-45.0
1776885997.0561028,0.0,0.0,-44.0
1776885997.0661027,-1.0,3.0,-45.0
1776885997.0761027,-2.0,1.0,-47.0
1776885997.0861027,3.0,-1.0,-40.0
1776885997.0961027,0.0,2.0,-41.0
1776885997.1061027,-1.0,0.0,-44.0
1776885997.1161027,-1.0,1.0,-43.0
1776885997.1261027,1.0,1.0,-47.0
1776885997.136103,4.0,-2.0,-40.0
1776885997.146103,2.0,-3.0,-44.0
1776885997.156103,-1.0,-1.0,-44.0
1776885997.1661026,-3.0,0.0,-42.0
1776885997.1761026,-5.0,1.0,-44.0
1776885997.1861026,-5.0,1.0,-43.0
1776885997.1961029,3.0,6.0,-41.0
1776885997.2061028,2.0,8.0,-40.0
1776885997.2161028,2.0,10.0,-41.0
1776885997.2261028,4.0,11.0,-45.0
1776885997.2361028,2.0,8.0,-51.0
1776885997.2461028,1.0,5.0,-51.0
1776885997.2561028,0.0,5.0,-48.0
1776885997.2661028,4.0,5.0,-47.0
1776885997.2761028,-3.0,5.0,-48.0
1776885997.2861028,-2.0,4.0,-45.0
1776885997.2961028,-6.0,0.0,-46.0
1776885997.3061028,-4.0,-1.0,-42.0
1776885997.3161027,-6.0,1.0,-41.0
1776885997.3261027,-3.0,4.0,-40.0
1776885997.3361027,-1.0,1.0,-35.0
1776885997.3461027,-5.0,0.0,-34.0
1776885997.3561027,-2.0,0.0,-30.0
1776885997.3661027,0.0,0.0,-30.0
1776885997.3761027,2.0,1.0,-31.0
1776885997.386103,-2.0,2.0,-29.0
1776885997.396103,2.0,2.0,-31.0
1776885997.406103,1.0,0.0,-38.0
1776885997.4161026,0.0,-2.0,-38.0
1776885997.4261026,2.0,-1.0,-34.0
1776885997.4361026,4.0,0.0,-36.0
1776885997.4461029,0.0,-2.0,-42.0
1776885997.4561028,-2.0,-3.0,-47.0
1776885997.4661028,-3.0,-4.0,-50.0
1776885997.4761028,-3.0,-2.0,-42.0
1776885997.4861028,-2.0,-2.0,-41.0
1776885997.4961028,-3.0,-2.0,-41.0
1776885997.5061028,-4.0,-2.0,-40.0
1776885997.5161028,-5.0,-3.0,-41.0
1776885997.5261028,-2.0,-2.0,-40.0
1776885997.5361028,0.0,-1.0,-42.0
1776885997.5461028,3.0,-2.0,-46.0
1776885997.5561028,1.0,0.0,-50.0
1776885997.5661027,0.0,0.0,-52.0
1776885997.5761027,0.0,-2.0,-52.0
1776885997.5861027,0.0,-2.0,-54.0
1776885997.5961027,-2.0,-6.0,-50.0
1776885997.6061027,-1.0,-3.0,-46.0
1776885997.6161027,2.0,-5.0,-41.0
1776885997.6261027,6.0,-8.0,-39.0
1776885997.636103,5.0,-6.0,-41.0
1776885997.646103,4.0,-9.0,-31.0
1776885997.656103,1.0,-10.0,-30.0
1776885997.6661026,-3.0,-7.0,-30.0
1776885997.6761026,-1.0,-8.0,-32.0
1776885997.6861026,0.0,-8.0,-34.0
1776885997.6961029,3.0,-8.0,-28.0
1776885997.7061028,2.0,-6.0,-28.0
1776885997.7161028,3.0,-4.0,-29.0
1776885997.7261028,3.0,3.0,-36.0
1776885997.7361028,1.0,3.0,-42.0
1776885997.7461028,0.0,0.0,-44.0
1776885997.7561028,-2.0,1.0,-40.0
1776885997.7661028,-3.0,0.0,-41.0
1776885997.7761028,-2.0,-1.0,-43.0
1776885997.7861028,-2.0,-2.0,-42.0
1776885997.7961028,-4.0,0.0,-39.0
1776885997.8061028,-3.0,1.0,-38.0
1776885997.8161027,-1.0,1.0,-36.0
1776885997.8261027,-1.0,3.0,-38.0
1776885997.8361027,0.0,3.0,-41.0
1776885997.8461027,-2.0,3.0,-41.0
1776885997.8561027,0.0,1.0,-35.0
1776885997.8661027,5.0,-3.0,-36.0
1776885997.8761027,7.0,-1.0,-34.0
1776885997.886103,3.0,0.0,-37.0
1776885997.896103,2.0,-2.0,-40.0
1776885997.906103,0.0,0.0,-40.0
1776885997.9161026,-1.0,-3.0,-47.0
1776885997.9261026,-1.0,-5.0,-45.0
1776885997.9361026,1.0,-6.0,-41.0
1776885997.9461029,0.0,-3.0,-42.0
1776885997.9561028,1.0,-6.0,-36.0
1776885997.9661028,5.0,-8.0,-33.0
1776885997.9761028,3.0,-8.0,-36.0
1776885997.9861028,7.0,-1.0,-28.0
1776885997.9961028,8.0,-3.0,-25.0
1776885998.0061028,11.0,-1.0,-31.0
1776885998.0161028,7.0,-2.0,-29.0
1776885998.0261028,12.0,-1.0,-33.0
1776885998.0361028,8.0,-2.0,-40.0
1776885998.0461028,12.0,1.0,-37.0
1776885998.0561028,9.0,0.0,-43.0
1776885998.0661027,8.0,1.0,-41.0
1776885998.0761027,3.0,3.0,-41.0
1776885998.0861027,1.0,1.0,-40.0
1776885998.0961027,2.0,1.0,-41.0
1776885998.1061027,4.0,0.0,-38.0
1776885998.1161027,6.0,-2.0,-31.0
1776885998.1261027,9.0,-3.0,-33.0
1776885998.136103,10.0,-2.0,-36.0
1776885998.146103,7.0,-4.0,-35.0
1776885998.156103,13.0,-2.0,-34.0
1776885998.1661026,10.0,0.0,-38.0
1776885998.1761026,8.0,1.0,-45.0
1776885998.1861026,5.0,1.0,-42.0
1776885998.1961029,11.0,-5.0,-41.0
1776885998.2061028,8.0,-5.0,-42.0
1776885998.2161028,12.0,-6.0,-39.0
1776885998.2261028,8.0,-4.0,-31.0
1776885998.2361028,6.0,-5.0,-31.0
1776885998.2461028,5.0,0.0,-32.0
1776885998.2561028,6.0,2.0,-36.0
1776885998.2661028,12.0,0.0,-43.0
1776885998.2761028,5.0,1.0,-49.0
1776885998.2861028,9.0,0.0,-49.0
1776885998.2961028,2.0,1.0,-40.0
1776885998.3061028,5.0,2.0,-45.0
1776885998.3161027,5.0,-2.0,-43.0
1776885998.3261027,3.0,-3.0,-40.0
1776885998.3361027,3.0,-2.0,-40.0
1776885998.3461027,4.0,-4.0,-37.0
1776885998.3561027,4.0,-3.0,-42.0
1776885998.3661027,4.0,0.0,-40.0
1776885998.3761027,-2.0,1.0,-48.0
1776885998.386103,-2.0,2.0,-51.0
1776885998.396103,0.0,3.0,-51.0
1776885998.406103,-2.0,1.0,-46.0
1776885998.4161026,3.0,-2.0,-48.0
1776885998.4261026,7.0,0.0,-48.0
1776885998.4361026,10.0,0.0,-47.0
1776885998.4461029,11.0,-1.0,-47.0
1776885998.4561028,4.0,-1.0,-42.0
1776885998.4661028,2.0,-3.0,-44.0
1776885998.4761028,-2.0,-3.0,-43.0
1776885998.4861028,-2.0,-1.0,-36.0
1776885998.4961028,2.0,-2.0,-40.0
1776885998.5061028,7.0,0.0,-42.0
1776885998.5161028,5.0,-1.0,-43.0
1776885998.5261028,2.0,-2.0,-42.0
1776885998.5361028,2.0,-5.0,-41.0
1776885998.5461028,0.0,-2.0,-38.0
1776885998.5561028,-2.0,-4.0,-41.0
1776885998.5661027,-1.0,-3.0,-45.0
1776885998.5761027,0.0,-4.0,-40.0
1776885998.5861027,-3.0,-6.0,-38.0
1776885998.5961027,0.0,-9.0,-36.0
1776885998.6061027,0.0,-10.0,-39.0
1776885998.6161027,-3.0,-5.0,-37.0
1776885998.6261027,-1.0,-1.0,-39.0
1776885998.636103,1.0,-3.0,-38.0
1776885998.646103,3.0,-2.0,-37.0
1776885998.656103,0.0,-2.0,-38.0
1776885998.6661026,2.0,0.0,-35.0
1776885998.6761026,-1.0,1.0,-41.0
1776885998.6861026,2.0,0.0,-42.0
1776885998.6961029,0.0,-1.0,-41.0
1776885998.7061028,3.0,-1.0,-43.0
1776885998.7161028,5.0,-1.0,-43.0
1776885998.7261028,3.0,0.0,-44.0
1776885998.7361028,3.0,-6.0,-45.0
1776885998.7461028,2.0,-6.0,-34.0
1776885998.7561028,5.0,-7.0,-43.0
1776885998.7661028,6.0,-3.0,-41.0
1776885998.7761028,3.0,-8.0,-41.0
1776885998.7861028,6.0,-7.0,-40.0
1776885998.7961028,11.0,-5.0,-42.0
1776885998.8061028,8.0,-8.0,-42.0
1776885998.8161027,3.0,-8.0,-43.0
1776885998.827103,-1.0,-7.0,-42.0
1776885998.837103,-1.0,-6.0,-38.0
1776885998.8471026,0.0,-1.0,-40.0
1776885998.8571026,4.0,1.0,-42.0
1776885998.8671026,2.0,-1.0,-41.0
1776885998.8771029,4.0,-6.0,-42.0
1776885998.8871028,3.0,-3.0,-47.0
1776885998.8971028,7.0,-4.0,-48.0
1776885998.9071028,4.0,-7.0,-43.0
1776885998.9171028,8.0,-6.0,-34.0
1776885998.9271028,9.0,-1.0,-31.0
1776885998.9371028,10.0,-2.0,-34.0
1776885998.9471028,7.0,-2.0,-35.0
1776885998.9571028,0.0,2.0,-39.0
1776885998.9671028,-1.0,0.0,-36.0
1776885998.9771028,1.0,-2.0,-38.0
1776885998.9871027,3.0,-4.0,-42.0
1776885998.9971027,4.0,-1.0,-48.0
1776885999.0071027,5.0,-3.0,-48.0
1776885999.0171027,3.0,-1.0,-46.0
1776885999.0271027,0.0,-2.0,-45.0
1776885999.0371027,0.0,-6.0,-39.0
1776885999.0471027,2.0,-1.0,-35.0
1776885999.057103,4.0,0.0,-35.0
1776885999.067103,2.0,0.0,-36.0
1776885999.077103,1.0,-1.0,-33.0
1776885999.087103,3.0,0.0,-34.0
1776885999.0971026,5.0,-2.0,-34.0
1776885999.1071026,4.0,-3.0,-35.0
1776885999.1171026,7.0,-3.0,-36.0
1776885999.1271029,7.0,0.0,-40.0
1776885999.1371028,5.0,4.0,-43.0
1776885999.1471028,-1.0,2.0,-40.0
1776885999.1571028,-2.0,2.0,-41.0
1776885999.1671028,-1.0,2.0,-42.0
1776885999.1771028,0.0,0.0,-46.0
1776885999.1871028,4.0,0.0,-45.0
1776885999.1971028,1.0,0.0,-42.0
1776885999.2071028,0.0,2.0,-37.0
1776885999.2171028,-1.0,3.0,-26.0
1776885999.2271028,-2.0,1.0,-23.0
1776885999.2371027,0.0,3.0,-25.0
1776885999.2471027,0.0,1.0,-33.0
1776885999.2571027,1.0,0.0,-35.0
1776885999.2671027,0.0,-1.0,-35.0
1776885999.2771027,3.0,0.0,-37.0
1776885999.2871027,1.0,0.0,-43.0
1776885999.2971027,-2.0,-4.0,-44.0
1776885999.307103,0.0,-3.0,-41.0
1776885999.317103,-3.0,-3.0,-44.0
1776885999.327103,-1.0,-4.0,-49.0
1776885999.337103,-1.0,-6.0,-38.0
1776885999.3471026,-1.0,-2.0,-32.0
1776885999.3571026,3.0,0.0,-31.0
1776885999.3671026,2.0,-4.0,-32.0
1776885999.3771029,2.0,-6.0,-37.0
1776885999.3871028,-2.0,-7.0,-39.0
1776885999.3971028,0.0,-4.0,-39.0
1776885999.4071028,3.0,-6.0,-47.0
1776885999.4171028,3.0,-4.0,-47.0
1776885999.4271028,5.0,-5.0,-48.0
1776885999.4371028,6.0,-7.0,-42.0
1776885999.4471028,3.0,-4.0,-39.0
1776885999.4571028,6.0,-6.0,-40.0
1776885999.4671028,5.0,-5.0,-35.0
1776885999.4771028,3.0,-5.0,-37.0
1776885999.4871027,3.0,-1.0,-32.0
1776885999.4971027,6.0,-2.0,-35.0
1776885999.5071027,5.0,-6.0,-43.0
1776885999.5171027,6.0,-5.0,-38.0
1776885999.5271027,5.0,0.0,-28.0
1776885999.5371027,0.0,-2.0,-34.0
1776885999.5471027,-1.0,0.0,-36.0
1776885999.557103,2.0,-2.0,-32.0
1776885999.567103,1.0,1.0,-33.0
1776885999.577103,1.0,4.0,-33.0
1776885999.587103,-1.0,2.0,-28.0
1776885999.5971026,-1.0,0.0,-29.0
1776885999.6071026,0.0,-2.0,-29.0
1776885999.6171026,1.0,0.0,-32.0
1776885999.6271029,0.0,-4.0,-38.0
1776885999.6371028,-5.0,-2.0,-42.0
1776885999.6471028,-1.0,0.0,-40.0
1776885999.6571028,0.0,-2.0,-44.0
1776885999.6671028,-2.0,-2.0,-46.0
1776885999.6771028,-3.0,-4.0,-41.0
1776885999.6871028,0.0,-1.0,-39.0
1776885999.6971028,0.0,-5.0,-34.0
1776885999.7071028,3.0,-6.0,-32.0
1776885999.7171028,0.0,-5.0,-31.0
1776885999.7271028,3.0,-4.0,-30.0
1776885999.7371027,7.0,-3.0,-30.0
1776885999.7471027,14.0,-2.0,-37.0
1776885999.7571027,18.0,-2.0,-43.0
1776885999.7671027,16.0,-3.0,-42.0
1776885999.7771027,11.0,-3.0,-39.0
1776885999.7871027,11.0,-4.0,-34.0
1776885999.7971027,6.0,-6.0,-29.0
1776885999.807103,6.0,-7.0,-28.0
1776885999.817103,8.0,-8.0,-32.0
1776885999.827103,10.0,-6.0,-30.0
1776885999.837103,9.0,-5.0,-33.0
1776885999.8471026,1.0,-1.0,-31.0
1776885999.8571026,-1.0,-2.0,-31.0
1776885999.8671026,-2.0,-4.0,-33.0
1776885999.8771029,0.0,-8.0,-36.0
1776885999.8871028,0.0,-5.0,-42.0
1776885999.8971028,0.0,-1.0,-42.0
1776885999.9071028,1.0,-2.0,-47.0
1776885999.9171028,-1.0,-4.0,-53.0
1776885999.9271028,-2.0,-2.0,-52.0
1776885999.9371028,-2.0,0.0,-49.0
1776885999.9471028,-1.0,0.0,-45.0
1776885999.9571028,1.0,3.0,-47.0
1776885999.9671028,0.0,3.0,-48.0
1776885999.9771028,-2.0,0.0,-45.0
1776885999.9871027,-5.0,0.0,-44.0
1776885999.9971027,-6.0,-3.0,-41.0
1776886000.0071027,-1.0,-1.0,-40.0
1776886000.0171027,0.0,0.0,-43.0
1776886000.0271027,0.0,-4.0,-39.0
1776886000.0371027,1.0,-2.0,-43.0
1776886000.0471027,1.0,0.0,-44.0
1776886000.057103,-1.0,0.0,-42.0
1776886000.067103,4.0,3.0,-33.0
1776886000.077103,1.0,3.0,-36.0
1776886000.087103,0.0,5.0,-36.0
1776886000.0971026,2.0,-1.0,-33.0
1776886000.1071026,2.0,-3.0,-25.0
1776886000.1171026,4.0,-5.0,-30.0
1776886000.1271029,7.0,-6.0,-33.0
1776886000.1371028,6.0,-5.0,-34.0
1776886000.1471028,5.0,-5.0,-36.0
1776886000.1571028,4.0,-5.0,-37.0
1776886000.1671028,3.0,-3.0,-43.0
1776886000.1771028,3.0,-5.0,-35.0
1776886000.1871028,5.0,-5.0,-39.0
1776886000.1971028,3.0,-5.0,-33.0
1776886000.2071028,1.0,-5.0,-41.0
1776886000.2171028,-3.0,-7.0,-44.0
1776886000.2271028,-7.0,-6.0,-41.0
1776886000.2371027,-3.0,-2.0,-44.0
1776886000.2471027,-1.0,-4.0,-47.0
1776886000.2571027,-1.0,-1.0,-47.0
1776886000.2671027,1.0,0.0,-39.0
1776886000.2771027,2.0,0.0,-44.0
1776886000.2871027,9.0,0.0,-44.0
1776886000.2971027,7.0,0.0,-40.0
1776886000.307103,5.0,-4.0,-37.0
1776886000.317103,1.0,-5.0,-37.0
1776886000.327103,-1.0,-9.0,-39.0
1776886000.337103,-3.0,-13.0,-36.0
1776886000.3471026,-1.0,-11.0,-34.0
1776886000.3571026,0.0,-11.0,-32.0
1776886000.3671026,-3.0,-8.0,-36.0
1776886000.3771029,-3.0,-10.0,-40.0
1776886000.3871028,0.0,-8.0,-42.0
1776886000.3971028,4.0,-9.0,-40.0
1776886000.4071028,5.0,-14.0,-42.0
1776886000.4171028,6.0,-9.0,-40.0
1776886000.4271028,1.0,-4.0,-46.0
1776886000.4371028,6.0,-2.0,-42.0
1776886000.4471028,7.0,-3.0,-49.0
1776886000.4571028,1.0,-3.0,-49.0
1776886000.4671028,1.0,-7.0,-48.0
1776886000.4771028,4.0,-9.0,-49.0
1776886000.4871027,5.0,-9.0,-48.0
1776886000.4971027,7.0,-10.0,-41.0
1776886000.5071027,2.0,-7.0,-42.0
1776886000.5171027,-2.0,-4.0,-42.0
1776886000.5271027,-6.0,-2.0,-46.0
1776886000.5371027,-2.0,-2.0,-43.0
1776886000.5471027,-2.0,-2.0,-45.0
1776886000.557103,-6.0,-1.0,-50.0
1776886000.567103,-5.0,-1.0,-48.0
1776886000.577103,-3.0,0.0,-42.0
1776886000.587103,-5.0,-2.0,-42.0
1776886000.5971026,0.0,-4.0,-36.0
1776886000.6071026,0.0,-2.0,-39.0
1776886000.6171026,-3.0,-4.0,-39.0
1776886000.6271029,-4.0,-4.0,-34.0
1776886000.6371028,-1.0,-4.0,-35.0
1776886000.6471028,-1.0,-3.0,-32.0
1776886000.6571028,0.0,-4.0,-39.0
1776886000.6671028,-2.0,-2.0,-36.0
1776886000.6771028,-2.0,-2.0,-37.0
1776886000.6871028,-3.0,-3.0,-35.0
1776886000.6971028,-5.0,-3.0,-39.0
1776886000.7071028,1.0,-5.0,-37.0
1776886000.7171028,2.0,-4.0,-37.0
1776886000.7271028,0.0,-3.0,-35.0
1776886000.7371027,0.0,-3.0,-37.0
1776886000.7471027,4.0,-1.0,-41.0
1776886000.7571027,3.0,-4.0,-41.0
1776886000.7671027,1.0,-2.0,-36.0
1776886000.7771027,-4.0,2.0,-39.0
1776886000.7871027,-4.0,5.0,-37.0
1776886000.7971027,0.0,5.0,-29.0
1776886000.807103,-1.0,11.0,-32.0
1776886000.817103,-2.0,11.0,-34.0
1776886000.8281028,0.0,11.0,-36.0
1776886000.8381028,4.0,7.0,-35.0
1776886000.8481028,6.0,1.0,-38.0
1776886000.8581028,4.0,3.0,-41.0
1776886000.8681028,6.0,0.0,-38.0
1776886000.8781028,9.0,0.0,-40.0
1776886000.8881028,5.0,0.0,-38.0
1776886000.8981028,4.0,3.0,-37.0
1776886000.9081028,12.0,1.0,-35.0
1776886000.9181027,14.0,0.0,-37.0
1776886000.9281027,12.0,1.0,-40.0
1776886000.9381027,7.0,-1.0,-34.0
1776886000.9481027,8.0,-4.0,-33.0
1776886000.9581027,8.0,0.0,-29.0
1776886000.9681027,8.0,1.0,-35.0
1776886000.9781027,7.0,1.0,-43.0
1776886000.988103,6.0,-1.0,-52.0
1776886000.998103,4.0,-2.0,-51.0
1776886001.008103,2.0,1.0,-46.0
1776886001.0181026,2.0,1.0,-44.0
1776886001.0281026,1.0,-3.0,-42.0
1776886001.0381026,2.0,-4.0,-39.0
1776886001.0481029,0.0,-4.0,-38.0
1776886001.0581028,-3.0,-8.0,-45.0
1776886001.0681028,-4.0,-6.0,-45.0
1776886001.0781028,-4.0,-4.0,-41.0
1776886001.0881028,-3.0,-6.0,-47.0
1776886001.0981028,-4.0,-5.0,-43.0
1776886001.1081028,-4.0,-9.0,-46.0
1776886001.1181028,-2.0,-7.0,-46.0
1776886001.1281028,-3.0,-7.0,-48.0
1776886001.1381028,0.0,-8.0,-56.0
1776886001.1481028,1.0,-1.0,-60.0
1776886001.1581028,1.0,-4.0,-61.0
1776886001.1681027,1.0,-4.0,-56.0
1776886001.1781027,0.0,-4.0,-50.0
1776886001.1881027,0.0,-4.0,-46.0
1776886001.1981027,4.0,-4.0,-53.0
1776886001.2081027,6.0,-2.0,-57.0
1776886001.2181027,7.0,-6.0,-51.0
1776886001.2281027,4.0,-6.0,-47.0
1776886001.238103,-1.0,-7.0,-48.0
1776886001.248103,0.0,-10.0,-48.0
1776886001.258103,-1.0,-7.0,-43.0
1776886001.2681026,0.0,-7.0,-34.0
1776886001.2781026,4.0,-7.0,-35.0
1776886001.2881026,9.0,-7.0,-36.0
1776886001.2981029,11.0,-6.0,-43.0
1776886001.3081028,12.0,-5.0,-42.0
1776886001.3181028,15.0,-3.0,-41.0
1776886001.3281028,9.0,-5.0,-44.0
1776886001.3381028,5.0,-6.0,-45.0
1776886001.3481028,5.0,-1.0,-39.0
1776886001.3581028,5.0,1.0,-38.0
1776886001.3681028,1.0,0.0,-38.0
1776886001.3781028,2.0,0.0,-36.0
1776886001.3881028,0.0,5.0,-41.0
1776886001.3981028,3.0,3.0,-45.0
1776886001.4081028,0.0,3.0,-41.0
1776886001.4181027,2.0,0.0,-34.0
1776886001.4281027,0.0,1.0,-31.0
1776886001.4381027,2.0,-1.0,-31.0
1776886001.4481027,0.0,0.0,-35.0
1776886001.4581027,0.0,-1.0,-39.0
1776886001.4681027,0.0,-1.0,-41.0
1776886001.4781027,3.0,0.0,-45.0
1776886001.488103,-1.0,-1.0,-47.0
1776886001.498103,-5.0,1.0,-52.0
1776886001.508103,-5.0,0.0,-47.0
1776886001.5181026,0.0,-3.0,-42.0
1776886001.5281026,0.0,-4.0,-38.0
1776886001.5381026,0.0,-5.0,-30.0
1776886001.5481029,-3.0,-4.0,-27.0
1776886001.5581028,-1.0,0.0,-33.0
1776886001.5681028,1.0,-1.0,-40.0
1776886001.5781028,-4.0,-3.0,-39.0
1776886001.5881028,0.0,-4.0,-38.0
1776886001.5981028,-2.0,-4.0,-38.0
1776886001.6081028,-1.0,-9.0,-34.0
1776886001.6181028,0.0,-3.0,-34.0
1776886001.6281028,2.0,-4.0,-38.0
1776886001.6381028,0.0,-5.0,-36.0
1776886001.6481028,-1.0,-2.0,-35.0
1776886001.6581028,-6.0,-3.0,-30.0
1776886001.6681027,-3.0,-3.0,-25.0
1776886001.6781027,-3.0,-3.0,-25.0
1776886001.6881027,-1.0,-4.0,-36.0
1776886001.6981027,0.0,-2.0,-35.0
1776886001.7081027,-1.0,-3.0,-37.0
1776886001.7181027,-2.0,-3.0,-38.0
1776886001.7281027,2.0,-1.0,-42.0
1776886001.738103,0.0,0.0,-35.0
1776886001.748103,0.0,0.0,-38.0
1776886001.758103,0.0,-1.0,-43.0
1776886001.7681026,1.0,1.0,-47.0
1776886001.7781026,4.0,-1.0,-44.0
1776886001.7881026,2.0,-5.0,-46.0
1776886001.7981029,0.0,-5.0,-43.0
1776886001.8081028,-1.0,0.0,-42.0
1776886001.8181028,-1.0,0.0,-36.0
1776886001.8281028,-1.0,-1.0,-41.0
1776886001.8381028,0.0,0.0,-40.0
1776886001.8481028,0.0,0.0,-46.0
1776886001.8581028,-2.0,0.0,-40.0
1776886001.8681028,1.0,-3.0,-41.0
1776886001.8781028,0.0,-2.0,-39.0
1776886001.8881028,0.0,-1.0,-39.0
1776886001.8981028,-3.0,-1.0,-39.0
1776886001.9081028,0.0,-2.0,-39.0
1776886001.9181027,-1.0,-2.0,-39.0
1776886001.9281027,0.0,-4.0,-37.0
1776886001.9381027,0.0,0.0,-35.0
1776886001.9481027,2.0,-5.0,-34.0
1776886001.9581027,-3.0,-5.0,-37.0
1776886001.9681027,0.0,-2.0,-32.0
1776886001.9781027,2.0,-4.0,-36.0
1776886001.988103,5.0,-5.0,-39.0
1776886001.998103,7.0,-5.0,-41.0
1776886002.008103,9.0,-7.0,-39.0
1776886002.0181026,12.0,-3.0,-37.0
1776886002.0281026,13.0,0.0,-38.0
1776886002.0381026,8.0,0.0,-44.0
1776886002.0481029,4.0,0.0,-46.0
1776886002.0581028,1.0,-2.0,-50.0
1776886002.0681028,1.0,-3.0,-46.0
1776886002.0781028,-2.0,-2.0,-40.0
1776886002.0881028,-3.0,1.0,-32.0
1776886002.0981028,0.0,4.0,-34.0
1776886002.1081028,0.0,0.0,-38.0
1776886002.1181028,0.0,2.0,-45.0
1776886002.1281028,3.0,2.0,-41.0
1776886002.1381028,-2.0,1.0,-41.0
1776886002.1481028,1.0,0.0,-46.0
1776886002.1581028,-3.0,0.0,-43.0
1776886002.1681027,-3.0,0.0,-38.0
1776886002.1781027,0.0,-1.0,-34.0
1776886002.1881027,0.0,-3.0,-36.0
1776886002.1981027,0.0,-5.0,-36.0
1776886002.2081027,1.0,-7.0,-37.0
1776886002.2181027,5.0,-5.0,-42.0
1776886002.2281027,6.0,-3.0,-47.0
1776886002.238103,0.0,-2.0,-38.0
1776886002.248103,0.0,-2.0,-32.0
1776886002.258103,2.0,-3.0,-34.0
1776886002.2681026,3.0,-4.0,-39.0
1776886002.2781026,0.0,0.0,-36.0
1776886002.2881026,0.0,5.0,-45.0
1776886002.2981029,-1.0,1.0,-45.0
1776886002.3081028,-1.0,5.0,-40.0
1776886002.3181028,0.0,5.0,-38.0
1776886002.3281028,0.0,1.0,-41.0
1776886002.3381028,0.0,0.0,-45.0
1776886002.3481028,1.0,-6.0,-45.0
1776886002.3581028,5.0,-4.0,-43.0
1776886002.3681028,3.0,-5.0,-44.0
1776886002.3781028,3.0,-5.0,-50.0
1776886002.3881028,0.0,-3.0,-44.0
1776886002.3981028,0.0,-1.0,-41.0
1776886002.4081028,0.0,-3.0,-45.0
1776886002.4181027,-2.0,-4.0,-45.0
1776886002.4281027,-3.0,-2.0,-45.0
1776886002.4381027,-3.0,0.0,-45.0
1776886002.4481027,-3.0,2.0,-42.0
1776886002.4581027,-4.0,0.0,-47.0
1776886002.4681027,-4.0,0.0,-48.0
1776886002.4781027,0.0,-3.0,-47.0
1776886002.488103,-4.0,-6.0,-48.0
1776886002.498103,-5.0,-7.0,-49.0
1776886002.508103,-8.0,-5.0,-50.0
1776886002.5181026,-2.0,-3.0,-51.0
1776886002.5281026,-3.0,-6.0,-48.0
1776886002.5381026,0.0,-4.0,-47.0
1776886002.5481029,1.0,-3.0,-47.0
1776886002.5581028,4.0,-5.0,-39.0
1776886002.5681028,3.0,-3.0,-38.0
1776886002.5781028,1.0,-3.0,-38.0
1776886002.5881028,5.0,-3.0,-36.0
1776886002.5981028,6.0,-1.0,-31.0
1776886002.6081028,7.0,3.0,-31.0
1776886002.6181028,4.0,9.0,-35.0
1776886002.6281028,0.0,7.0,-29.0
1776886002.6381028,2.0,3.0,-32.0
1776886002.6481028,4.0,2.0,-40.0
1776886002.6581028,3.0,2.0,-41.0
1776886002.6681027,4.0,-2.0,-41.0
1776886002.6781027,0.0,-5.0,-43.0
1776886002.6881027,0.0,-2.0,-42.0
1776886002.6981027,1.0,5.0,-51.0
1776886002.7081027,0.0,7.0,-49.0
1776886002.7181027,-5.0,6.0,-52.0
1776886002.7281027,-4.0,0.0,-48.0
1776886002.738103,-1.0,-2.0,-47.0
1776886002.748103,7.0,-4.0,-41.0
1776886002.758103,6.0,-4.0,-38.0
1776886002.7681026,4.0,-1.0,-32.0
1776886002.7781026,2.0,-2.0,-28.0
1776886002.7881026,-1.0,0.0,-31.0
1776886002.7991028,-6.0,2.0,-31.0
1776886002.8081028,-7.0,0.0,-37.0
1776886002.8191028,-2.0,-1.0,-35.0
1776886002.8281028,-3.0,-6.0,-33.0
1776886002.8391027,-6.0,-12.0,-33.0
1776886002.8491027,-5.0,-12.0,-37.0
1776886002.8591027,-3.0,-14.0,-35.0
1776886002.8691027,0.0,-14.0,-39.0
1776886002.8791027,0.0,-12.0,-43.0
1776886002.8891027,1.0,-13.0,-38.0
1776886002.8991027,0.0,-11.0,-43.0
1776886002.909103,6.0,-6.0,-47.0
1776886002.919103,10.0,0.0,-45.0
1776886002.929103,10.0,0.0,-46.0
1776886002.9391026,8.0,-3.0,-42.0
1776886002.9491026,8.0,-6.0,-43.0
1776886002.9591026,3.0,-8.0,-39.0
1776886002.9691026,2.0,-7.0,-42.0
1776886002.9791028,2.0,-3.0,-40.0
1776886002.9891028,-1.0,-4.0,-38.0
1776886002.9991028,3.0,-5.0,-38.0
1776886003.0091028,2.0,-8.0,-42.0
1776886003.0191028,4.0,-2.0,-39.0
1776886003.0291028,1.0,0.0,-40.0
1776886003.0391028,-3.0,1.0,-44.0
1776886003.0491028,-3.0,2.0,-45.0
1776886003.0591028,-5.0,2.0,-49.0
1776886003.0691028,-5.0,-1.0,-54.0
1776886003.0791028,1.0,-1.0,-51.0
1776886003.0891027,4.0,-2.0,-49.0
1776886003.0991027,2.0,-1.0,-53.0
1776886003.1091027,2.0,-2.0,-48.0
1776886003.1191027,2.0,-1.0,-47.0
1776886003.1291027,0.0,1.0,-43.0
1776886003.1391027,-2.0,1.0,-40.0
1776886003.1491027,0.0,-3.0,-41.0
1776886003.159103,-1.0,-4.0,-37.0
1776886003.169103,-2.0,-3.0,-37.0
1776886003.179103,-1.0,1.0,-38.0
1776886003.1891026,1.0,1.0,-45.0
1776886003.1991026,2.0,1.0,-46.0
1776886003.2091026,-3.0,0.0,-47.0
1776886003.2191026,0.0,0.0,-42.0
1776886003.2291028,0.0,-3.0,-38.0
1776886003.2391028,5.0,0.0,-39.0
1776886003.2491028,2.0,5.0,-43.0
1776886003.2591028,1.0,5.0,-47.0
1776886003.2691028,4.0,-1.0,-43.0
1776886003.2791028,4.0,0.0,-37.0
1776886003.2891028,5.0,0.0,-34.0
1776886003.2991028,6.0,1.0,-31.0
1776886003.3091028,4.0,0.0,-39.0
1776886003.3191028,-4.0,-1.0,-40.0
1776886003.3291028,-2.0,-1.0,-38.0
1776886003.3391027,0.0,-2.0,-41.0
1776886003.3491027,0.0,-3.0,-38.0
1776886003.3591027,0.0,-6.0,-46.0
1776886003.3691027,0.0,-7.0,-45.0
1776886003.3791027,-3.0,-3.0,-44.0
1776886003.3891027,-1.0,-2.0,-44.0
1776886003.3991027,0.0,-2.0,-45.0
1776886003.409103,0.0,-3.0,-45.0
1776886003.419103,1.0,-6.0,-41.0
1776886003.429103,-2.0,-5.0,-49.0
1776886003.4391026,1.0,-8.0,-51.0
1776886003.4491026,1.0,-7.0,-50.0
1776886003.4591026,0.0,-4.0,-55.0
1776886003.4691026,1.0,-1.0,-53.0
1776886003.4791028,0.0,0.0,-47.0
1776886003.4891028,0.0,1.0,-54.0
1776886003.4991028,-1.0,0.0,-49.0
1776886003.5091028,0.0,0.0,-57.0
1776886003.5191028,-1.0,-3.0,-57.0
1776886003.5291028,0.0,0.0,-55.0
1776886003.5391028,0.0,1.0,-53.0
1776886003.5491028,2.0,0.0,-48.0
1776886003.5591028,8.0,0.0,-46.0
1776886003.5691028,7.0,-1.0,-43.0
1776886003.5791028,5.0,0.0,-43.0
1776886003.5891027,2.0,5.0,-43.0
1776886003.5991027,3.0,3.0,-49.0
1776886003.6091027,2.0,4.0,-48.0
1776886003.6191027,0.0,2.0,-41.0
1776886003.6291027,-2.0,2.0,-41.0
1776886003.6391027,-2.0,0.0,-38.0
1776886003.6491027,-4.0,1.0,-46.0
1776886003.659103,-4.0,3.0,-50.0
1776886003.669103,-5.0,5.0,-48.0
1776886003.679103,-2.0,3.0,-46.0
1776886003.6891026,-1.0,-1.0,-43.0
1776886003.6991026,-4.0,0.0,-42.0
1776886003.7091026,-3.0,-1.0,-40.0
1776886003.7191026,1.0,4.0,-43.0
1776886003.7291028,1.0,5.0,-38.0
1776886003.7391028,3.0,1.0,-37.0
1776886003.7491028,0.0,-1.0,-40.0
1776886003.7591028,0.0,0.0,-42.0
1776886003.7691028,-2.0,-1.0,-42.0
1776886003.7791028,-1.0,-5.0,-40.0
1776886003.7891028,-3.0,-6.0,-33.0
1776886003.7991028,-4.0,-1.0,-36.0
1776886003.8091028,-4.0,-2.0,-37.0
1776886003.8191028,-3.0,-4.0,-38.0
1776886003.8291028,-4.0,-4.0,-40.0
1776886003.8391027,-3.0,-7.0,-34.0
1776886003.8491027,-1.0,-4.0,-37.0
1776886003.8591027,0.0,-6.0,-36.0
1776886003.8691027,3.0,-4.0,-38.0
1776886003.8791027,1.0,-7.0,-36.0
1776886003.8891027,1.0,-6.0,-29.0
1776886003.8991027,3.0,-7.0,-26.0
1776886003.909103,6.0,-7.0,-32.0
1776886003.919103,2.0,-4.0,-29.0
1776886003.929103,-1.0,0.0,-28.0
1776886003.9391026,-3.0,0.0,-34.0
1776886003.9491026,-4.0,-4.0,-34.0
1776886003.9591026,0.0,-6.0,-34.0
1776886003.9691026,-3.0,-5.0,-38.0
1776886003.9791028,-3.0,-2.0,-36.0
1776886003.9891028,-6.0,-7.0,-43.0
1776886003.9991028,-8.0,-10.0,-42.0
1776886004.0091028,-7.0,-10.0,-36.0
1776886004.0191028,-8.0,-6.0,-38.0
1776886004.0291028,-9.0,-3.0,-42.0
1776886004.0391028,-8.0,0.0,-35.0
1776886004.0491028,-7.0,0.0,-33.0
1776886004.0591028,-10.0,-3.0,-38.0
1776886004.0691028,-1.0,-5.0,-38.0
1776886004.0791028,2.0,-6.0,-39.0
1776886004.0891027,0.0,-5.0,-38.0
1776886004.0991027,-2.0,-3.0,-39.0
1776886004.1091027,0.0,-1.0,-40.0
1776886004.1191027,-1.0,-3.0,-44.0
1776886004.1291027,-3.0,0.0,-42.0
1776886004.1391027,-4.0,-1.0,-35.0
1776886004.1491027,-5.0,0.0,-32.0
1776886004.159103,-2.0,-4.0,-24.0
1776886004.169103,2.0,-2.0,-26.0
1776886004.179103,4.0,-3.0,-30.0
1776886004.1891026,4.0,-1.0,-33.0
1776886004.1991026,2.0,-2.0,-41.0
1776886004.2091026,2.0,-4.0,-45.0
1776886004.2191026,0.0,0.0,-45.0
1776886004.2291028,0.0,1.0,-46.0
1776886004.2391028,-1.0,3.0,-44.0
1776886004.2491028,3.0,1.0,-44.0
1776886004.2591028,3.0,0.0,-41.0
1776886004.2691028,3.0,-2.0,-41.0
1776886004.2791028,7.0,-1.0,-39.0
1776886004.2891028,7.0,0.0,-40.0
1776886004.2991028,10.0,1.0,-38.0
1776886004.3091028,6.0,2.0,-33.0
1776886004.3191028,7.0,1.0,-32.0
1776886004.3291028,1.0,0.0,-35.0
1776886004.3391027,2.0,-1.0,-35.0
1776886004.3491027,-1.0,0.0,-34.0
1776886004.3591027,3.0,-3.0,-34.0
1776886004.3691027,4.0,-1.0,-31.0
1776886004.3791027,7.0,-1.0,-33.0
1776886004.3891027,4.0,-3.0,-39.0
1776886004.3991027,7.0,-1.0,-41.0
1776886004.409103,6.0,-2.0,-38.0
1776886004.419103,5.0,-1.0,-37.0
1776886004.429103,3.0,0.0,-36.0
1776886004.4391026,5.0,3.0,-38.0
1776886004.4491026,5.0,3.0,-41.0
1776886004.4591026,5.0,1.0,-35.0
1776886004.4691026,6.0,0.0,-41.0
1776886004.4791028,1.0,0.0,-38.0
1776886004.4891028,5.0,0.0,-32.0
1776886004.4991028,4.0,0.0,-25.0
1776886004.5091028,4.0,-3.0,-28.0
1776886004.5191028,3.0,-2.0,-29.0
1776886004.5291028,1.0,-1.0,-23.0
1776886004.5391028,-2.0,3.0,-21.0
1776886004.5491028,0.0,2.0,-27.0
1776886004.5591028,-1.0,-2.0,-35.0
1776886004.5691028,-5.0,-2.0,-36.0
1776886004.5791028,-7.0,-3.0,-38.0
1776886004.5891027,-4.0,-5.0,-42.0
1776886004.5991027,0.0,-1.0,-45.0
1776886004.6091027,1.0,-1.0,-40.0
1776886004.6191027,0.0,-1.0,-43.0
1776886004.6291027,2.0,-1.0,-38.0
1776886004.6391027,0.0,-2.0,-36.0
1776886004.6491027,1.0,-3.0,-41.0
1776886004.659103,1.0,-2.0,-39.0
1776886004.669103,-1.0,1.0,-37.0
1776886004.679103,3.0,0.0,-38.0
1776886004.6891026,6.0,0.0,-38.0
1776886004.6991026,8.0,-2.0,-39.0
1776886004.7091026,4.0,-5.0,-43.0
1776886004.7191026,0.0,-10.0,-44.0
1776886004.7291028,-3.0,-10.0,-42.0
1776886004.7391028,-3.0,-7.0,-46.0
1776886004.7491028,0.0,-7.0,-45.0
1776886004.7591028,1.0,-4.0,-46.0
1776886004.7691028,-2.0,0.0,-43.0
1776886004.7791028,0.0,4.0,-36.0
1776886004.7891028,1.0,4.0,-33.0
1776886004.8001027,0.0,9.0,-35.0
1776886004.8091028,2.0,9.0,-39.0
1776886004.8201027,4.0,5.0,-42.0
1776886004.8301027,4.0,1.0,-45.0
1776886004.840103,7.0,2.0,-48.0
1776886004.850103,-1.0,3.0,-42.0
1776886004.8591027,0.0,0.0,-39.0
1776886004.8701026,1.0,-3.0,-42.0
1776886004.8801026,3.0,-5.0,-40.0
1776886004.8901026,2.0,-3.0,-44.0
1776886004.9001029,4.0,-7.0,-42.0
1776886004.9101028,3.0,-6.0,-48.0
1776886004.9201028,6.0,-4.0,-43.0
1776886004.9301028,7.0,-6.0,-41.0
1776886004.9401028,8.0,-5.0,-45.0
1776886004.9501028,5.0,-3.0,-46.0
1776886004.9601028,5.0,-3.0,-51.0
1776886004.9701028,5.0,-7.0,-49.0
1776886004.9801028,6.0,-6.0,-41.0
1776886004.9901028,3.0,-7.0,-36.0
1776886005.0001028,2.0,-6.0,-41.0
1776886005.0101027,3.0,-2.0,-41.0
1776886005.0201027,0.0,2.0,-46.0
1776886005.0301027,3.0,6.0,-47.0
1776886005.0401027,4.0,3.0,-48.0
1776886005.0501027,0.0,1.0,-44.0
1776886005.0601027,-1.0,0.0,-46.0
1776886005.0701027,-5.0,-5.0,-46.0
1776886005.0801027,-1.0,-6.0,-42.0
1776886005.090103,0.0,-5.0,-40.0
1776886005.100103,-5.0,-2.0,-43.0
1776886005.110103,0.0,-2.0,-42.0
1776886005.1201026,3.0,-5.0,-43.0
1776886005.1301026,-4.0,-5.0,-40.0
1776886005.1401026,-2.0,-3.0,-45.0
1776886005.1501029,0.0,0.0,-42.0
1776886005.1601028,2.0,0.0,-44.0
1776886005.1701028,4.0,-1.0,-40.0
1776886005.1801028,1.0,0.0,-39.0
1776886005.1901028,-2.0,-1.0,-35.0
1776886005.2001028,-1.0,0.0,-43.0
1776886005.2101028,2.0,0.0,-49.0
1776886005.2201028,4.0,0.0,-44.0
1776886005.2301028,6.0,-2.0,-43.0
1776886005.2401028,3.0,-3.0,-40.0
1776886005.2501028,3.0,-4.0,-43.0
1776886005.2601027,0.0,-6.0,-42.0
1776886005.2701027,0.0,-8.0,-45.0
1776886005.2801027,0.0,-8.0,-44.0
1776886005.2901027,1.0,-9.0,-47.0
1776886005.3001027,2.0,-8.0,-38.0
1776886005.3101027,3.0,-3.0,-39.0
1776886005.3201027,4.0,-1.0,-36.0
1776886005.3301027,0.0,1.0,-34.0
1776886005.340103,-1.0,4.0,-35.0
1776886005.350103,1.0,4.0,-29.0
1776886005.360103,3.0,0.0,-27.0
1776886005.3701026,2.0,1.0,-34.0
1776886005.3801026,0.0,-2.0,-34.0
1776886005.3901026,-1.0,-1.0,-42.0
1776886005.4001029,4.0,-1.0,-44.0
1776886005.4101028,1.0,-1.0,-38.0
1776886005.4201028,-3.0,-2.0,-34.0
1776886005.4301028,-1.0,-2.0,-29.0
1776886005.4401028,-1.0,-2.0,-29.0
1776886005.4501028,-2.0,-2.0,-27.0
1776886005.4601028,-2.0,-4.0,-26.0
1776886005.4701028,-3.0,-2.0,-33.0
1776886005.4801028,0.0,3.0,-38.0
1776886005.4901028,0.0,1.0,-38.0
1776886005.5001028,6.0,2.0,-38.0
1776886005.5101027,6.0,0.0,-40.0
1776886005.5201027,8.0,0.0,-38.0
1776886005.5301027,6.0,-3.0,-34.0
1776886005.5401027,3.0,-4.0,-32.0
1776886005.5501027,7.0,-5.0,-43.0
1776886005.5601027,2.0,0.0,-51.0
1776886005.5701027,0.0,-1.0,-46.0
1776886005.5801027,3.0,0.0,-50.0
1776886005.590103,3.0,0.0,-50.0
1776886005.600103,2.0,-1.0,-55.0
1776886005.610103,1.0,0.0,-58.0
1776886005.6201026,0.0,-1.0,-52.0
1776886005.6301026,2.0,-2.0,-43.0
1776886005.6401026,0.0,-5.0,-33.0
1776886005.6501029,0.0,-1.0,-32.0
1776886005.6601028,1.0,5.0,-38.0
1776886005.6701028,4.0,5.0,-44.0
1776886005.6801028,1.0,9.0,-42.0
1776886005.6901028,-4.0,9.0,-37.0
1776886005.7001028,-10.0,5.0,-33.0
1776886005.7101028,-8.0,2.0,-38.0
1776886005.7201028,-4.0,0.0,-37.0
1776886005.7301028,0.0,-1.0,-40.0
1776886005.7401028,0.0,2.0,-44.0
1776886005.7501028,-5.0,-1.0,-41.0
1776886005.7601027,-5.0,1.0,-40.0
1776886005.7701027,-5.0,5.0,-42.0
1776886005.7801027,-5.0,0.0,-40.0
1776886005.7901027,-4.0,-1.0,-42.0
1776886005.8001027,2.0,-3.0,-44.0
1776886005.8101027,2.0,-4.0,-47.0
1776886005.8201027,2.0,-3.0,-38.0
1776886005.8301027,6.0,0.0,-34.0
1776886005.840103,4.0,1.0,-37.0
1776886005.850103,1.0,1.0,-42.0
1776886005.860103,-4.0,1.0,-43.0
1776886005.8701026,0.0,-1.0,-42.0
1776886005.8801026,1.0,0.0,-39.0
1776886005.8901026,4.0,0.0,-37.0
1776886005.9001029,2.0,0.0,-37.0
1776886005.9101028,1.0,-7.0,-44.0
1776886005.9201028,6.0,-10.0,-44.0
1776886005.9301028,8.0,-7.0,-44.0
1776886005.9401028,4.0,-1.0,-40.0
1776886005.9501028,6.0,0.0,-37.0
1776886005.9601028,3.0,-1.0,-34.0
1776886005.9701028,0.0,1.0,-39.0
1776886005.9801028,2.0,1.0,-45.0
1776886005.9901028,4.0,0.0,-50.0
1776886006.0001028,6.0,0.0,-46.0
1776886006.0101027,4.0,-1.0,-37.0
1776886006.0201027,2.0,-2.0,-43.0
1776886006.0301027,1.0,1.0,-40.0
1776886006.0401027,0.0,3.0,-35.0
1776886006.0501027,-2.0,10.0,-29.0
1776886006.0601027,-9.0,11.0,-27.0
1776886006.0701027,-4.0,7.0,-22.0
1776886006.0801027,0.0,5.0,-30.0
1776886006.090103,1.0,1.0,-35.0
1776886006.100103,5.0,1.0,-46.0
1776886006.110103,12.0,5.0,-48.0
1776886006.1201026,9.0,2.0,-44.0
1776886006.1301026,6.0,3.0,-50.0
1776886006.1401026,3.0,1.0,-50.0
1776886006.1501029,1.0,0.0,-47.0
1776886006.1601028,0.0,-4.0,-44.0
1776886006.1701028,0.0,-3.0,-39.0
1776886006.1801028,2.0,0.0,-40.0
1776886006.1901028,-1.0,2.0,-45.0
1776886006.2001028,0.0,4.0,-48.0
1776886006.2101028,0.0,0.0,-47.0
1776886006.2201028,3.0,-4.0,-41.0
1776886006.2301028,2.0,-6.0,-40.0
1776886006.2401028,-2.0,-7.0,-33.0
1776886006.2501028,-5.0,-9.0,-41.0
1776886006.2601027,-1.0,-4.0,-47.0
1776886006.2701027,-2.0,-3.0,-41.0
1776886006.2801027,-1.0,-1.0,-39.0
1776886006.2901027,0.0,0.0,-39.0
1776886006.3001027,8.0,1.0,-41.0
1776886006.3101027,3.0,0.0,-40.0
1776886006.3201027,3.0,0.0,-40.0
1776886006.3301027,0.0,0.0,-39.0
1776886006.340103,0.0,-1.0,-46.0
1776886006.350103,-1.0,0.0,-47.0
1776886006.360103,-4.0,-3.0,-39.0
1776886006.3701026,-2.0,-3.0,-38.0
1776886006.3811028,1.0,-6.0,-38.0
1776886006.3901026,-1.0,-7.0,-35.0
1776886006.4001029,-5.0,-9.0,-35.0
1776886006.4101028,-6.0,-6.0,-40.0
1776886006.4201028,-6.0,0.0,-38.0
1776886006.4301028,-9.0,-2.0,-43.0
1776886006.4401028,-5.0,-5.0,-46.0
1776886006.4501028,-2.0,-5.0,-47.0
1776886006.4601028,0.0,-6.0,-44.0
1776886006.4701028,0.0,-7.0,-41.0
1776886006.4801028,-1.0,-4.0,-51.0
1776886006.4901028,-2.0,1.0,-51.0
1776886006.5001028,-4.0,-1.0,-46.0
1776886006.5101027,-7.0,-2.0,-41.0
1776886006.5201027,-6.0,-2.0,-40.0
1776886006.5301027,-9.0,-1.0,-40.0
1776886006.5401027,-7.0,-2.0,-38.0
1776886006.5501027,-4.0,1.0,-43.0
1776886006.5601027,0.0,1.0,-40.0
1776886006.5701027,3.0,0.0,-40.0
1776886006.5801027,1.0,-1.0,-36.0
1776886006.590103,2.0,-1.0,-36.0
1776886006.600103,0.0,-1.0,-37.0
1776886006.610103,0.0,-4.0,-36.0
1776886006.6201026,1.0,-2.0,-34.0
1776886006.6301026,4.0,-3.0,-37.0
1776886006.6401026,0.0,0.0,-37.0
1776886006.6501029,0.0,-1.0,-36.0
1776886006.6601028,-4.0,1.0,-34.0
1776886006.6701028,-4.0,2.0,-36.0
1776886006.6801028,0.0,-1.0,-42.0
1776886006.6901028,0.0,-3.0,-36.0
1776886006.7001028,-4.0,-3.0,-34.0
1776886006.7101028,1.0,2.0,-30.0
1776886006.7201028,2.0,0.0,-27.0
1776886006.7301028,-2.0,-3.0,-34.0
1776886006.7401028,-6.0,-5.0,-30.0
1776886006.7501028,-8.0,-3.0,-32.0
1776886006.7601027,-4.0,-4.0,-39.0
1776886006.7701027,-5.0,-3.0,-35.0
1776886006.7801027,-7.0,-3.0,-38.0
1776886006.7901027,-5.0,2.0,-43.0
1776886006.8001027,-5.0,0.0,-43.0
1776886006.8111026,-4.0,2.0,-37.0
1776886006.8211029,1.0,4.0,-37.0
1776886006.8311028,3.0,1.0,-34.0
1776886006.8411028,1.0,0.0,-36.0
1776886006.850103,0.0,0.0,-41.0
1776886006.8611028,2.0,-3.0,-29.0
1776886006.8711028,2.0,-1.0,-37.0
1776886006.8811028,-2.0,-1.0,-37.0
1776886006.8911028,0.0,0.0,-29.0
1776886006.9011028,0.0,-3.0,-29.0
1776886006.9111028,4.0,-2.0,-32.0
1776886006.9211028,1.0,-6.0,-27.0
1776886006.9311028,3.0,-5.0,-17.0
1776886006.9411027,7.0,-3.0,-24.0
1776886006.9511027,10.0,1.0,-29.0
1776886006.9611027,4.0,1.0,-30.0
1776886006.9711027,3.0,0.0,-35.0
1776886006.9811027,-3.0,-1.0,-39.0
1776886006.9911027,-9.0,-5.0,-41.0
1776886007.0011027,-5.0,-3.0,-42.0
1776886007.011103,-2.0,-4.0,-41.0
1776886007.021103,-1.0,-6.0,-43.0
1776886007.031103,0.0,-2.0,-46.0
1776886007.0411026,5.0,-4.0,-32.0
1776886007.0511026,2.0,-3.0,-30.0
1776886007.0611026,-1.0,-1.0,-25.0
1776886007.0711029,-5.0,-1.0,-27.0
1776886007.0811028,-10.0,-2.0,-28.0
1776886007.0911028,-8.0,1.0,-29.0
1776886007.1011028,-5.0,3.0,-31.0
1776886007.1111028,0.0,-1.0,-32.0
1776886007.1211028,-4.0,0.0,-32.0
1776886007.1311028,-4.0,3.0,-32.0
1776886007.1411028,-4.0,0.0,-31.0
1776886007.1511028,-3.0,0.0,-25.0
1776886007.1611028,-7.0,3.0,-30.0
1776886007.1711028,0.0,0.0,-37.0
1776886007.1811028,-1.0,0.0,-40.0
1776886007.1911027,-2.0,-2.0,-45.0
1776886007.2011027,-1.0,-3.0,-41.0
1776886007.2111027,1.0,-4.0,-36.0
1776886007.2211027,3.0,-4.0,-39.0
1776886007.2311027,-1.0,-3.0,-48.0
1776886007.2411027,3.0,-5.0,-46.0
1776886007.2511027,4.0,-6.0,-37.0
1776886007.261103,0.0,-7.0,-31.0
1776886007.271103,2.0,-3.0,-37.0
1776886007.281103,1.0,-3.0,-35.0
1776886007.2911026,5.0,-6.0,-32.0
1776886007.3011026,3.0,-3.0,-31.0
1776886007.3111026,4.0,0.0,-34.0
1776886007.3211029,8.0,-1.0,-34.0
1776886007.3311028,10.0,-2.0,-38.0
1776886007.3411028,7.0,0.0,-35.0
1776886007.3511028,4.0,0.0,-36.0
1776886007.3611028,3.0,0.0,-39.0
1776886007.3711028,0.0,0.0,-40.0
1776886007.3811028,0.0,6.0,-40.0
1776886007.3911028,-2.0,9.0,-41.0
1776886007.4011028,-4.0,10.0,-34.0
1776886007.4111028,-10.0,6.0,-44.0
1776886007.4211028,-5.0,1.0,-48.0
1776886007.4311028,-6.0,-2.0,-48.0
1776886007.4411027,-2.0,0.0,-49.0
1776886007.4511027,-4.0,1.0,-42.0
1776886007.4611027,-1.0,2.0,-39.0
1776886007.4711027,7.0,-1.0,-36.0
1776886007.4811027,8.0,0.0,-43.0
1776886007.4911027,7.0,-1.0,-47.0
1776886007.5011027,4.0,0.0,-37.0
1776886007.511103,4.0,-3.0,-38.0
1776886007.521103,4.0,-6.0,-35.0
1776886007.531103,3.0,-6.0,-35.0
1776886007.5411026,6.0,-6.0,-28.0
1776886007.5511026,7.0,-7.0,-33.0
1776886007.5611026,7.0,-6.0,-34.0
1776886007.5711029,0.0,-2.0,-34.0
1776886007.5811028,0.0,-4.0,-31.0
1776886007.5911028,-1.0,-8.0,-28.0
1776886007.6011028,0.0,-8.0,-28.0
1776886007.6111028,2.0,-6.0,-28.0
1776886007.6211028,0.0,-5.0,-31.0
1776886007.6311028,1.0,-5.0,-29.0
1776886007.6411028,6.0,-2.0,-32.0
1776886007.6511028,5.0,0.0,-35.0
1776886007.6611028,4.0,2.0,-37.0
1776886007.6711028,0.0,6.0,-38.0
1776886007.6811028,-3.0,0.0,-41.0
1776886007.6911027,-9.0,0.0,-50.0
1776886007.7011027,-9.0,-1.0,-47.0
1776886007.7111027,-11.0,-1.0,-37.0
1776886007.7211027,-10.0,1.0,-36.0
1776886007.7311027,-5.0,-1.0,-35.0
1776886007.7411027,-2.0,0.0,-41.0
1776886007.7511027,-2.0,-1.0,-48.0
1776886007.761103,0.0,0.0,-45.0
1776886007.771103,-3.0,-1.0,-49.0
1776886007.781103,-5.0,-2.0,-45.0
1776886007.7911026,-7.0,3.0,-38.0
1776886007.8011026,-4.0,3.0,-38.0
1776886007.8111026,0.0,0.0,-34.0
1776886007.8211029,3.0,-4.0,-31.0
1776886007.8311028,2.0,-6.0,-35.0
1776886007.8411028,0.0,-7.0,-31.0
1776886007.8511028,0.0,-5.0,-41.0
1776886007.8611028,1.0,-3.0,-39.0
1776886007.8711028,0.0,0.0,-39.0
1776886007.8811028,3.0,-2.0,-43.0
1776886007.8911028,3.0,-1.0,-40.0
1776886007.9011028,1.0,-5.0,-39.0
1776886007.9111028,0.0,-5.0,-38.0
1776886007.9211028,2.0,-1.0,-41.0
1776886007.9311028,3.0,-4.0,-37.0
1776886007.9411027,3.0,-7.0,-33.0
1776886007.9511027,0.0,-7.0,-34.0
1776886007.9611027,-1.0,-4.0,-39.0
1776886007.9711027,-2.0,-6.0,-34.0
1776886007.9811027,-3.0,-3.0,-24.0
1776886007.9911027,-4.0,-2.0,-32.0
1776886008.0011027,-4.0,-5.0,-41.0
1776886008.011103,-2.0,-5.0,-46.0
1776886008.021103,-3.0,-6.0,-46.0
1776886008.031103,-3.0,-3.0,-43.0
1776886008.0411026,-8.0,-3.0,-41.0
1776886008.0511026,-13.0,-1.0,-39.0
1776886008.0611026,-10.0,0.0,-42.0
1776886008.0721028,-5.0,-5.0,-43.0
1776886008.0811028,-4.0,-3.0,-40.0
1776886008.0911028,-6.0,-6.0,-41.0
1776886008.1011028,-6.0,-5.0,-39.0
1776886008.1111028,-5.0,-2.0,-41.0
1776886008.1211028,-6.0,1.0,-48.0
1776886008.1311028,-3.0,0.0,-46.0
1776886008.1411028,1.0,0.0,-43.0
1776886008.1511028,5.0,3.0,-46.0
1776886008.1611028,9.0,6.0,-48.0
1776886008.1711028,6.0,7.0,-44.0
1776886008.1811028,0.0,8.0,-42.0
1776886008.1911027,-4.0,0.0,-35.0
1776886008.2011027,-7.0,1.0,-39.0
1776886008.2111027,-7.0,-2.0,-43.0
1776886008.2211027,-6.0,-3.0,-48.0
1776886008.2311027,-3.0,-5.0,-46.0
1776886008.2411027,-6.0,-9.0,-41.0
1776886008.2511027,-1.0,-10.0,-40.0
1776886008.261103,-1.0,-9.0,-38.0
1776886008.271103,-2.0,-7.0,-37.0
1776886008.281103,1.0,-4.0,-39.0
1776886008.2911026,6.0,0.0,-40.0
1776886008.3011026,10.0,2.0,-43.0
1776886008.3111026,10.0,2.0,-49.0
1776886008.3211029,6.0,2.0,-51.0
1776886008.3311028,5.0,-3.0,-49.0
1776886008.3411028,1.0,-1.0,-49.0
1776886008.3511028,3.0,-2.0,-47.0
1776886008.3611028,3.0,-1.0,-40.0
1776886008.3711028,4.0,-5.0,-42.0
1776886008.3811028,1.0,-3.0,-36.0
1776886008.3911028,0.0,-4.0,-41.0
1776886008.4011028,0.0,-6.0,-44.0
1776886008.4111028,-1.0,-4.0,-44.0
1776886008.4211028,-3.0,-6.0,-43.0
1776886008.4311028,-5.0,-10.0,-34.0
1776886008.4411027,-4.0,-7.0,-31.0
1776886008.4511027,-2.0,-1.0,-30.0
1776886008.4611027,2.0,0.0,-29.0
1776886008.4711027,0.0,0.0,-28.0
1776886008.4811027,0.0,3.0,-33.0
1776886008.4911027,1.0,0.0,-33.0
1776886008.5011027,6.0,-4.0,-29.0
1776886008.511103,3.0,-2.0,-26.0
1776886008.521103,0.0,-3.0,-29.0
1776886008.531103,-3.0,-2.0,-34.0
1776886008.5411026,-3.0,-4.0,-33.0
1776886008.5511026,1.0,-5.0,-31.0
1776886008.5611026,0.0,-6.0,-32.0
1776886008.5711029,2.0,0.0,-37.0
1776886008.5811028,2.0,0.0,-35.0
1776886008.5911028,0.0,0.0,-36.0
1776886008.6011028,-3.0,4.0,-32.0
1776886008.6111028,-1.0,3.0,-31.0
1776886008.6211028,3.0,4.0,-42.0
1776886008.6311028,3.0,1.0,-46.0
1776886008.6411028,4.0,2.0,-50.0
1776886008.6511028,4.0,0.0,-48.0
1776886008.6611028,3.0,0.0,-48.0
1776886008.6711028,3.0,1.0,-49.0
1776886008.6811028,5.0,0.0,-53.0
1776886008.6911027,4.0,-2.0,-47.0
1776886008.7011027,1.0,-3.0,-40.0
1776886008.7111027,2.0,-1.0,-38.0
1776886008.7211027,3.0,-3.0,-34.0
1776886008.7311027,5.0,-4.0,-32.0
1776886008.7411027,2.0,-2.0,-32.0
1776886008.7511027,6.0,0.0,-34.0
1776886008.761103,4.0,1.0,-34.0
1776886008.771103,5.0,4.0,-36.0
1776886008.781103,4.0,-4.0,-41.0
1776886008.7911026,5.0,-8.0,-40.0
1776886008.8011026,3.0,-9.0,-34.0
1776886008.8121028,0.0,-9.0,-36.0
1776886008.8221028,3.0,-8.0,-41.0
1776886008.8321028,0.0,-12.0,-48.0
1776886008.8421028,-1.0,-4.0,-48.0
1776886008.8521028,-3.0,-1.0,-48.0
1776886008.8621027,-2.0,0.0,-51.0
1776886008.8721027,-2.0,-3.0,-54.0
1776886008.8821027,-1.0,2.0,-58.0
1776886008.8921027,-1.0,6.0,-48.0
1776886008.9021027,-2.0,5.0,-39.0
1776886008.9121027,-3.0,4.0,-30.0
1776886008.9221027,-1.0,5.0,-29.0
1776886008.932103,-2.0,3.0,-24.0
1776886008.942103,-4.0,4.0,-26.0
1776886008.952103,-6.0,2.0,-24.0
1776886008.962103,-9.0,0.0,-30.0
1776886008.9721026,-5.0,0.0,-31.0
1776886008.9821026,-4.0,0.0,-36.0
1776886008.9921026,-1.0,-1.0,-28.0
1776886009.0021029,0.0,-6.0,-31.0
1776886009.0121028,-1.0,-7.0,-31.0
1776886009.0221028,-3.0,-6.0,-30.0
1776886009.0321028,-3.0,-4.0,-35.0
1776886009.0421028,-5.0,1.0,-35.0
1776886009.0521028,-4.0,0.0,-34.0
1776886009.0621028,-2.0,-1.0,-38.0
1776886009.0721028,-3.0,-2.0,-42.0
1776886009.0821028,-4.0,0.0,-44.0
1776886009.0921028,-3.0,1.0,-45.0
1776886009.1021028,-2.0,4.0,-39.0
1776886009.1121027,-5.0,4.0,-41.0
1776886009.1221027,-5.0,2.0,-35.0
1776886009.1321027,-1.0,3.0,-42.0
1776886009.1421027,-1.0,1.0,-48.0
1776886009.1521027,1.0,1.0,-53.0
1776886009.1621027,1.0,3.0,-53.0
1776886009.1721027,0.0,4.0,-48.0
1776886009.182103,2.0,1.0,-38.0
1776886009.192103,1.0,-2.0,-42.0
1776886009.202103,5.0,-3.0,-44.0
1776886009.212103,2.0,-2.0,-46.0
1776886009.2221026,0.0,-3.0,-44.0
1776886009.2321026,0.0,-3.0,-47.0
1776886009.2421026,0.0,-4.0,-39.0
1776886009.2521029,0.0,-1.0,-34.0
1776886009.2621028,-2.0,1.0,-33.0
1776886009.2721028,-4.0,2.0,-35.0
1776886009.2821028,0.0,1.0,-38.0
1776886009.2921028,0.0,0.0,-32.0
1776886009.3021028,0.0,0.0,-33.0
1776886009.3121028,0.0,-3.0,-34.0
1776886009.3221028,0.0,-3.0,-34.0
1776886009.3321028,4.0,-5.0,-38.0
1776886009.3421028,7.0,0.0,-33.0
1776886009.3521028,10.0,4.0,-25.0
1776886009.3621027,11.0,4.0,-24.0
1776886009.3721027,6.0,5.0,-25.0
1776886009.3821027,4.0,0.0,-28.0
1776886009.3921027,3.0,1.0,-27.0
1776886009.4021027,2.0,-2.0,-30.0
1776886009.4121027,0.0,0.0,-31.0
1776886009.4221027,1.0,0.0,-42.0
1776886009.432103,1.0,0.0,-37.0
1776886009.442103,0.0,-2.0,-34.0
1776886009.452103,-2.0,-1.0,-39.0
1776886009.462103,-3.0,-3.0,-31.0
1776886009.4721026,-4.0,0.0,-31.0
1776886009.4821026,-8.0,2.0,-37.0
1776886009.4921026,-9.0,0.0,-40.0
1776886009.5021029,-8.0,-2.0,-43.0
1776886009.5121028,-7.0,-5.0,-42.0
1776886009.5221028,-7.0,-4.0,-40.0
1776886009.5321028,-10.0,-4.0,-37.0
1776886009.5421028,-5.0,-3.0,-38.0
1776886009.5521028,0.0,0.0,-39.0
1776886009.5621028,-1.0,2.0,-45.0
1776886009.5721028,0.0,-4.0,-47.0
1776886009.5821028,-1.0,-3.0,-44.0
1776886009.5921028,1.0,-1.0,-46.0
1776886009.6021028,5.0,2.0,-43.0
1776886009.6121027,0.0,5.0,-47.0
1776886009.6221027,6.0,5.0,-44.0
1776886009.6321027,5.0,3.0,-42.0
1776886009.6421027,0.0,0.0,-42.0
1776886009.6521027,2.0,0.0,-35.0
1776886009.6621027,5.0,-1.0,-32.0
1776886009.6721027,4.0,-2.0,-31.0
1776886009.682103,0.0,0.0,-36.0
1776886009.692103,-5.0,-2.0,-31.0
1776886009.702103,-3.0,-1.0,-27.0
1776886009.712103,0.0,-3.0,-34.0
1776886009.7221026,-2.0,-1.0,-38.0
1776886009.7321026,-4.0,-1.0,-38.0
1776886009.7421026,-3.0,-4.0,-41.0
1776886009.7521029,0.0,-3.0,-43.0
1776886009.7621028,-1.0,1.0,-43.0
1776886009.7721028,-1.0,2.0,-48.0
1776886009.7821028,-2.0,0.0,-47.0
1776886009.7921028,-3.0,3.0,-48.0
1776886009.8021028,-1.0,1.0,-50.0
1776886009.8121028,6.0,0.0,-45.0
1776886009.8221028,6.0,7.0,-47.0
1776886009.8321028,4.0,8.0,-40.0
1776886009.8421028,0.0,7.0,-38.0
1776886009.8521028,0.0,3.0,-42.0
1776886009.8621027,-2.0,5.0,-43.0
1776886009.8721027,1.0,4.0,-38.0
1776886009.8821027,3.0,8.0,-38.0
1776886009.8921027,7.0,8.0,-38.0
1776886009.9021027,6.0,8.0,-43.0
1776886009.9121027,6.0,7.0,-39.0
1776886009.9221027,0.0,9.0,-38.0
1776886009.932103,-4.0,10.0,-43.0
1776886009.942103,0.0,6.0,-46.0
1776886009.952103,4.0,2.0,-50.0
1776886009.962103,6.0,3.0,-49.0
1776886009.9721026,8.0,4.0,-45.0
1776886009.9821026,9.0,9.0,-45.0
1776886009.9921026,9.0,8.0,-49.0
1776886010.0021029,5.0,5.0,-52.0
1776886010.0121028,4.0,2.0,-44.0
1776886010.0221028,1.0,0.0,-41.0
1776886010.0321028,-1.0,-3.0,-45.0
1776886010.0421028,2.0,0.0,-46.0
1776886010.0521028,1.0,0.0,-39.0
1776886010.0621028,1.0,-3.0,-36.0
1776886010.0721028,4.0,-2.0,-32.0
1776886010.0821028,1.0,0.0,-27.0
1776886010.0921028,1.0,0.0,-29.0
1776886010.1021028,1.0,2.0,-34.0
1776886010.1121027,4.0,2.0,-31.0
1776886010.1221027,11.0,0.0,-35.0
1776886010.1321027,10.0,3.0,-36.0
1776886010.1421027,5.0,1.0,-41.0
1776886010.1521027,6.0,0.0,-46.0
1776886010.1621027,5.0,-2.0,-47.0
1776886010.1721027,3.0,-2.0,-48.0
1776886010.182103,-1.0,1.0,-41.0
1776886010.192103,0.0,4.0,-36.0
1776886010.202103,4.0,3.0,-35.0
1776886010.212103,1.0,2.0,-44.0
1776886010.2221026,-2.0,-2.0,-45.0
1776886010.2321026,-2.0,-1.0,-43.0
1776886010.2421026,-2.0,-6.0,-42.0
1776886010.2521029,-2.0,-8.0,-34.0
1776886010.2621028,-1.0,-4.0,-32.0
1776886010.2721028,-1.0,-2.0,-34.0
1776886010.2821028,0.0,-3.0,-38.0
1776886010.2921028,1.0,-5.0,-47.0
1776886010.3021028,3.0,-8.0,-42.0
1776886010.3121028,0.0,-7.0,-39.0
1776886010.3221028,3.0,-1.0,-34.0
1776886010.3321028,1.0,-3.0,-34.0
1776886010.3421028,0.0,-7.0,-33.0
1776886010.3521028,0.0,-10.0,-35.0
1776886010.3621027,-4.0,-4.0,-38.0
1776886010.3721027,-4.0,-6.0,-45.0
1776886010.3821027,-4.0,-1.0,-45.0
1776886010.3921027,-2.0,0.0,-43.0
1776886010.4021027,0.0,1.0,-47.0
1776886010.4121027,1.0,3.0,-52.0
1776886010.4221027,3.0,1.0,-45.0
1776886010.432103,0.0,-2.0,-34.0
1776886010.442103,-2.0,-3.0,-26.0
1776886010.452103,0.0,-4.0,-29.0
1776886010.462103,4.0,-6.0,-28.0
1776886010.4721026,3.0,-2.0,-25.0
1776886010.4821026,1.0,0.0,-31.0
1776886010.4921026,4.0,1.0,-35.0
1776886010.5021029,4.0,1.0,-41.0
1776886010.5121028,0.0,0.0,-38.0
1776886010.5221028,0.0,-3.0,-34.0
1776886010.5321028,-3.0,-6.0,-38.0
1776886010.5421028,1.0,-4.0,-34.0
1776886010.5521028,5.0,0.0,-39.0
1776886010.5621028,7.0,0.0,-33.0
1776886010.5721028,7.0,0.0,-29.0
1776886010.5821028,8.0,-5.0,-35.0
1776886010.5921028,11.0,-4.0,-38.0
1776886010.6021028,9.0,0.0,-39.0
1776886010.6121027,7.0,-2.0,-40.0
1776886010.6221027,6.0,-10.0,-39.0
1776886010.6321027,4.0,-7.0,-46.0
1776886010.6421027,3.0,-8.0,-44.0
1776886010.6521027,2.0,-10.0,-37.0
1776886010.6621027,1.0,-11.0,-36.0
1776886010.6721027,0.0,-9.0,-34.0
1776886010.682103,-1.0,-8.0,-34.0
1776886010.692103,-2.0,-4.0,-37.0
1776886010.702103,-1.0,0.0,-34.0
1776886010.712103,-5.0,-2.0,-37.0
1776886010.7221026,-4.0,0.0,-33.0
1776886010.7321026,-4.0,0.0,-37.0
1776886010.7431028,-7.0,0.0,-39.0
1776886010.7521029,-11.0,0.0,-38.0
1776886010.7631028,-12.0,1.0,-41.0
1776886010.7721028,-10.0,-2.0,-46.0
1776886010.7831028,-13.0,-1.0,-51.0
1776886010.7931027,-12.0,-4.0,-58.0
1776886010.8031027,-3.0,-3.0,-56.0
1776886010.8131027,-2.0,-7.0,-56.0
1776886010.8231027,0.0,-12.0,-52.0
1776886010.8331027,0.0,-6.0,-46.0
1776886010.8431027,0.0,-5.0,-45.0
1776886010.8531027,-5.0,-4.0,-42.0
1776886010.863103,-11.0,-5.0,-38.0
1776886010.873103,-7.0,-8.0,-39.0
1776886010.883103,-6.0,-3.0,-36.0
1776886010.8931026,-7.0,0.0,-38.0
1776886010.9031026,-9.0,0.0,-42.0
1776886010.9131026,-7.0,-2.0,-46.0
1776886010.9231029,-9.0,0.0,-48.0
1776886010.9331028,-8.0,0.0,-48.0
1776886010.9431028,-7.0,0.0,-48.0
1776886010.9531028,-6.0,1.0,-39.0
1776886010.9631028,-4.0,-5.0,-43.0
1776886010.9731028,0.0,-4.0,-51.0
1776886010.9831028,2.0,5.0,-50.0
1776886010.9931028,1.0,5.0,-53.0
1776886011.0031028,3.0,2.0,-53.0
1776886011.0131028,0.0,-2.0,-52.0
1776886011.0231028,3.0,0.0,-54.0
1776886011.0331028,1.0,2.0,-55.0
1776886011.0431027,1.0,2.0,-53.0
1776886011.0531027,10.0,0.0,-48.0
1776886011.0631027,14.0,1.0,-47.0
1776886011.0731027,12.0,0.0,-43.0
1776886011.0831027,6.0,-3.0,-40.0
1776886011.0931027,5.0,-1.0,-42.0
1776886011.1031027,4.0,-1.0,-39.0
1776886011.113103,4.0,-2.0,-37.0
1776886011.123103,2.0,-3.0,-41.0
1776886011.133103,2.0,1.0,-39.0
1776886011.1431026,2.0,3.0,-42.0
1776886011.1531026,0.0,2.0,-42.0
1776886011.1631026,0.0,3.0,-43.0
1776886011.1731029,0.0,3.0,-40.0
1776886011.1831028,0.0,3.0,-34.0
1776886011.1931028,-3.0,2.0,-34.0
1776886011.2031028,-6.0,0.0,-40.0
1776886011.2131028,-6.0,-3.0,-40.0
1776886011.2231028,0.0,-2.0,-45.0
1776886011.2331028,0.0,-3.0,-45.0
1776886011.2431028,-1.0,-5.0,-49.0
1776886011.2531028,1.0,-3.0,-47.0
1776886011.2631028,-1.0,-2.0,-46.0
1776886011.2731028,0.0,-2.0,-44.0
1776886011.2831028,-2.0,0.0,-46.0
1776886011.2931027,-4.0,0.0,-47.0
1776886011.3031027,-5.0,2.0,-40.0
1776886011.3131027,-6.0,4.0,-41.0
1776886011.3231027,-10.0,5.0,-35.0
1776886011.3331027,-11.0,1.0,-43.0
1776886011.3431027,-8.0,1.0,-42.0
1776886011.3531027,-6.0,2.0,-40.0
1776886011.363103,0.0,4.0,-35.0
1776886011.373103,4.0,1.0,-36.0
1776886011.383103,2.0,2.0,-36.0
1776886011.3931026,1.0,6.0,-34.0
1776886011.4031026,1.0,10.0,-34.0
1776886011.4131026,0.0,7.0,-41.0
1776886011.4231029,5.0,3.0,-42.0
1776886011.4331028,0.0,0.0,-41.0
1776886011.4431028,-3.0,-2.0,-40.0
1776886011.4531028,-5.0,-4.0,-41.0
1776886011.4631028,-4.0,-3.0,-40.0
1776886011.4731028,1.0,0.0,-41.0
1776886011.4831028,3.0,1.0,-43.0
1776886011.4931028,1.0,2.0,-45.0
1776886011.5031028,4.0,1.0,-52.0
1776886011.5131028,7.0,4.0,-57.0
1776886011.5231028,8.0,6.0,-55.0
1776886011.5331028,2.0,2.0,-53.0
1776886011.5431027,-1.0,0.0,-46.0
1776886011.5531027,2.0,0.0,-53.0
1776886011.5631027,0.0,4.0,-51.0
1776886011.5731027,0.0,5.0,-54.0
1776886011.5831027,1.0,5.0,-50.0
1776886011.5931027,5.0,5.0,-51.0
1776886011.6031027,4.0,3.0,-51.0
1776886011.613103,3.0,3.0,-42.0
1776886011.623103,0.0,1.0,-39.0
1776886011.633103,0.0,0.0,-35.0
1776886011.6431026,0.0,0.0,-34.0
1776886011.6531026,3.0,0.0,-35.0
1776886011.6631026,1.0,0.0,-31.0
1776886011.6731029,1.0,0.0,-36.0
1776886011.6831028,0.0,3.0,-31.0
1776886011.6931028,2.0,1.0,-31.0
1776886011.7031028,2.0,-3.0,-36.0
1776886011.7131028,2.0,-5.0,-34.0
1776886011.7231028,0.0,-6.0,-40.0
1776886011.7331028,1.0,-3.0,-39.0
1776886011.7431028,1.0,-5.0,-44.0
1776886011.7531028,0.0,-3.0,-47.0
1776886011.7631028,-3.0,-1.0,-47.0
1776886011.7731028,-1.0,0.0,-43.0
1776886011.7831028,4.0,-3.0,-45.0
1776886011.7931027,4.0,0.0,-44.0
1776886011.8031027,8.0,-1.0,-43.0
1776886011.8131027,8.0,0.0,-30.0
1776886011.8231027,6.0,0.0,-31.0
1776886011.8331027,7.0,-1.0,-38.0
1776886011.8431027,8.0,-1.0,-43.0
1776886011.8531027,7.0,-1.0,-44.0
1776886011.863103,11.0,0.0,-42.0
1776886011.873103,14.0,0.0,-46.0
1776886011.883103,16.0,-7.0,-47.0
1776886011.8931026,13.0,-12.0,-47.0
1776886011.9031026,8.0,-10.0,-55.0
1776886011.9131026,6.0,-11.0,-53.0
1776886011.9231029,4.0,-9.0,-51.0
1776886011.9331028,4.0,-9.0,-46.0
1776886011.9431028,2.0,-3.0,-46.0
1776886011.9531028,6.0,-1.0,-46.0
1776886011.9631028,8.0,-1.0,-45.0
1776886011.9731028,10.0,-1.0,-47.0
1776886011.9831028,8.0,0.0,-43.0
1776886011.9931028,5.0,-3.0,-43.0
1776886012.0031028,6.0,-1.0,-49.0
1776886012.0131028,3.0,0.0,-50.0
1776886012.0231028,-1.0,1.0,-47.0
1776886012.0331028,-5.0,4.0,-48.0
1776886012.0431027,0.0,5.0,-53.0
1776886012.0531027,-1.0,3.0,-55.0
1776886012.0631027,-6.0,1.0,-59.0
1776886012.0731027,-8.0,1.0,-55.0
1776886012.0831027,-4.0,0.0,-52.0
1776886012.0931027,3.0,-3.0,-54.0
1776886012.1031027,9.0,-5.0,-51.0
1776886012.113103,10.0,-5.0,-53.0
1776886012.123103,9.0,-5.0,-56.0
1776886012.133103,6.0,-2.0,-47.0
1776886012.1431026,9.0,-4.0,-47.0
1776886012.1531026,3.0,-7.0,-48.0
1776886012.1631026,0.0,-5.0,-49.0
1776886012.1731029,-5.0,-4.0,-49.0
1776886012.1831028,-8.0,-4.0,-48.0
1776886012.1931028,-1.0,-4.0,-47.0
1776886012.2031028,1.0,-6.0,-50.0
1776886012.2131028,1.0,-3.0,-51.0
1776886012.2231028,-2.0,0.0,-47.0
1776886012.2331028,-6.0,0.0,-40.0
1776886012.2431028,-6.0,1.0,-38.0
1776886012.2531028,-6.0,-1.0,-39.0
1776886012.2631028,-4.0,-1.0,-35.0
1776886012.2731028,-3.0,-1.0,-37.0
1776886012.2831028,0.0,-1.0,-42.0
1776886012.2931027,0.0,0.0,-40.0
1776886012.3031027,-2.0,-3.0,-44.0
1776886012.3131027,1.0,-4.0,-39.0
1776886012.3231027,-1.0,-4.0,-35.0
1776886012.3331027,-1.0,-5.0,-39.0
1776886012.3431027,0.0,-4.0,-46.0
1776886012.3531027,-1.0,-3.0,-48.0
1776886012.363103,0.0,-6.0,-51.0
1776886012.373103,2.0,-7.0,-47.0
1776886012.383103,1.0,-2.0,-46.0
1776886012.3931026,-2.0,-1.0,-43.0
1776886012.4031026,-5.0,0.0,-41.0
1776886012.4131026,-5.0,-2.0,-40.0
1776886012.4231029,-6.0,-2.0,-32.0
1776886012.4331028,-5.0,-2.0,-30.0
1776886012.4431028,-3.0,-5.0,-31.0
1776886012.4531028,-3.0,-3.0,-34.0
1776886012.4631028,-3.0,-4.0,-36.0
1776886012.4731028,0.0,-4.0,-39.0
1776886012.4831028,0.0,0.0,-41.0
1776886012.4931028,-4.0,1.0,-39.0
1776886012.5031028,-2.0,0.0,-41.0
1776886012.5131028,-3.0,0.0,-40.0
1776886012.5231028,-2.0,0.0,-40.0
1776886012.5331028,3.0,0.0,-41.0
1776886012.5431027,8.0,0.0,-51.0
1776886012.5531027,9.0,3.0,-51.0
1776886012.5631027,7.0,0.0,-50.0
1776886012.5731027,0.0,1.0,-48.0
1776886012.5831027,2.0,0.0,-47.0
1776886012.5931027,4.0,0.0,-45.0
1776886012.6031027,5.0,0.0,-43.0
1776886012.613103,2.0,-1.0,-45.0
1776886012.623103,0.0,-2.0,-47.0
1776886012.633103,1.0,-5.0,-44.0
1776886012.6431026,0.0,-6.0,-40.0
1776886012.6531026,-2.0,-5.0,-42.0
1776886012.6631026,-8.0,-6.0,-38.0
1776886012.6731029,-7.0,-7.0,-43.0
1776886012.6831028,-2.0,-7.0,-44.0
1776886012.6931028,-2.0,-2.0,-45.0
1776886012.7031028,-2.0,-4.0,-40.0
1776886012.7131028,-2.0,1.0,-40.0
1776886012.7231028,-5.0,0.0,-38.0
1776886012.7331028,-1.0,-2.0,-37.0
1776886012.7431028,-4.0,-6.0,-41.0
1776886012.7531028,-6.0,-5.0,-47.0
1776886012.7631028,-7.0,-6.0,-45.0
1776886012.7731028,-9.0,-5.0,-40.0
1776886012.7831028,-5.0,-5.0,-40.0
1776886012.794103,-6.0,-3.0,-42.0
1776886012.804103,-6.0,-4.0,-43.0
1776886012.8141026,-6.0,-1.0,-41.0
1776886012.8241026,-4.0,4.0,-39.0
1776886012.8341026,-1.0,2.0,-39.0
1776886012.8441026,-1.0,7.0,-45.0
1776886012.8541028,-1.0,9.0,-39.0
1776886012.8641028,-2.0,7.0,-36.0
1776886012.8741028,-3.0,4.0,-33.0
1776886012.8841028,-2.0,1.0,-37.0
1776886012.8941028,0.0,-2.0,-41.0
1776886012.9041028,0.0,-2.0,-42.0
1776886012.9141028,0.0,-2.0,-43.0
1776886012.9241028,0.0,0.0,-39.0
1776886012.9341028,0.0,0.0,-42.0
1776886012.9441028,-1.0,-2.0,-45.0
1776886012.9541028,0.0,-2.0,-44.0
1776886012.9641027,0.0,-2.0,-44.0
1776886012.9741027,1.0,-4.0,-50.0
1776886012.9841027,-2.0,-2.0,-43.0
1776886012.9941027,-3.0,-2.0,-49.0
1776886013.0041027,1.0,0.0,-48.0
1776886013.0141027,1.0,0.0,-43.0
1776886013.0241027,1.0,-4.0,-47.0
1776886013.034103,2.0,-4.0,-53.0
1776886013.044103,2.0,-4.0,-46.0
1776886013.054103,0.0,-5.0,-48.0
1776886013.0641026,1.0,-6.0,-38.0
1776886013.0741026,0.0,-6.0,-43.0
1776886013.0841026,-2.0,-4.0,-46.0
1776886013.0941026,-3.0,-5.0,-37.0
1776886013.1041028,-5.0,-4.0,-38.0
1776886013.1141028,-5.0,-8.0,-39.0
1776886013.1241028,-7.0,-10.0,-44.0
1776886013.1341028,-8.0,-10.0,-44.0
1776886013.1441028,-8.0,-10.0,-43.0
1776886013.1541028,-7.0,-7.0,-34.0
1776886013.1641028,-8.0,-6.0,-36.0
1776886013.1741028,-7.0,-4.0,-36.0
1776886013.1841028,-5.0,-8.0,-33.0
1776886013.1941028,-4.0,-3.0,-36.0
1776886013.2041028,-2.0,-1.0,-40.0
1776886013.2141027,-4.0,5.0,-41.0
1776886013.2241027,-1.0,4.0,-40.0
1776886013.2341027,3.0,-1.0,-39.0
1776886013.2441027,3.0,0.0,-34.0
1776886013.2541027,5.0,2.0,-32.0
1776886013.2641027,0.0,1.0,-43.0
1776886013.2741027,3.0,-3.0,-44.0
1776886013.284103,5.0,-1.0,-44.0
1776886013.294103,8.0,2.0,-42.0
1776886013.304103,5.0,1.0,-45.0
1776886013.3141026,4.0,0.0,-43.0
1776886013.3241026,1.0,0.0,-47.0
1776886013.3341026,0.0,-2.0,-49.0
1776886013.3441026,2.0,-1.0,-52.0
1776886013.3541028,0.0,-1.0,-48.0
1776886013.3641028,-2.0,-4.0,-49.0
1776886013.3741028,-2.0,0.0,-45.0
1776886013.3841028,-3.0,0.0,-43.0
1776886013.3941028,-7.0,-1.0,-42.0
1776886013.4041028,-8.0,0.0,-43.0
1776886013.4141028,-6.0,-2.0,-44.0
1776886013.4241028,-6.0,-1.0,-48.0
1776886013.4341028,-3.0,1.0,-45.0
1776886013.4441028,-2.0,-3.0,-47.0
1776886013.4541028,0.0,-7.0,-42.0
1776886013.4641027,-1.0,-8.0,-44.0
1776886013.4741027,-1.0,-9.0,-41.0
1776886013.4841027,4.0,-10.0,-46.0
1776886013.4941027,5.0,-9.0,-52.0
1776886013.5041027,0.0,-7.0,-52.0
1776886013.5141027,1.0,-6.0,-54.0
1776886013.5241027,4.0,-6.0,-48.0
1776886013.534103,5.0,-6.0,-45.0
1776886013.544103,1.0,0.0,-45.0
1776886013.554103,1.0,-6.0,-41.0
1776886013.5641026,2.0,-8.0,-45.0
1776886013.5741026,1.0,-6.0,-43.0
1776886013.5841026,-1.0,-4.0,-41.0
1776886013.5941026,-2.0,-5.0,-39.0
1776886013.6041028,-5.0,-3.0,-42.0
1776886013.6141028,-3.0,-5.0,-50.0
1776886013.6241028,-2.0,-3.0,-42.0
1776886013.6341028,0.0,-4.0,-36.0
1776886013.6441028,-1.0,-3.0,-36.0
1776886013.6541028,-4.0,-1.0,-32.0
1776886013.6641028,-5.0,1.0,-35.0
1776886013.6741028,-6.0,4.0,-32.0
1776886013.6841028,-3.0,3.0,-28.0
1776886013.6941028,0.0,4.0,-26.0
1776886013.7041028,-1.0,2.0,-29.0
1776886013.7141027,-2.0,1.0,-30.0
1776886013.7241027,-2.0,3.0,-36.0
1776886013.7341027,0.0,1.0,-33.0
1776886013.7441027,-1.0,1.0,-33.0
1776886013.7541027,1.0,3.0,-29.0
1776886013.7641027,0.0,2.0,-37.0
1776886013.7741027,0.0,-1.0,-37.0
1776886013.784103,1.0,1.0,-35.0
1776886013.794103,0.0,0.0,-41.0
1776886013.804103,0.0,-1.0,-38.0
1776886013.8141026,2.0,-5.0,-43.0
1776886013.8241026,1.0,-3.0,-46.0
1776886013.8341026,6.0,0.0,-43.0
1776886013.8441026,0.0,1.0,-35.0
1776886013.8541028,0.0,4.0,-30.0
1776886013.8641028,-2.0,-1.0,-31.0
1776886013.8741028,-1.0,1.0,-34.0
1776886013.8841028,0.0,2.0,-31.0
1776886013.8941028,-1.0,0.0,-30.0
1776886013.9041028,4.0,-3.0,-22.0
1776886013.9141028,5.0,-6.0,-19.0
1776886013.9241028,2.0,-6.0,-25.0
1776886013.9341028,3.0,-1.0,-41.0
1776886013.9441028,0.0,0.0,-42.0
1776886013.9541028,1.0,-1.0,-41.0
1776886013.9641027,0.0,0.0,-36.0
1776886013.9741027,-6.0,0.0,-35.0
1776886013.9841027,-5.0,0.0,-37.0
1776886013.9941027,-5.0,0.0,-39.0
1776886014.0041027,-1.0,0.0,-40.0
1776886014.0141027,-2.0,-4.0,-36.0
1776886014.0241027,0.0,-6.0,-33.0
1776886014.034103,1.0,-1.0,-25.0
1776886014.044103,3.0,-2.0,-26.0
1776886014.054103,1.0,-1.0,-24.0
1776886014.0641026,0.0,-1.0,-23.0
1776886014.0741026,3.0,-2.0,-23.0
1776886014.0841026,2.0,-4.0,-23.0
1776886014.0941026,0.0,-9.0,-30.0
1776886014.1041028,0.0,-8.0,-42.0
1776886014.1141028,-1.0,-5.0,-49.0
1776886014.1241028,-3.0,-5.0,-47.0
1776886014.1341028,-1.0,-4.0,-42.0
1776886014.1441028,-4.0,-7.0,-39.0
1776886014.1541028,-2.0,-7.0,-34.0
1776886014.1641028,-2.0,-3.0,-33.0
1776886014.1741028,4.0,1.0,-33.0
1776886014.1841028,2.0,0.0,-37.0
1776886014.1941028,5.0,0.0,-37.0
1776886014.2041028,9.0,-3.0,-48.0
1776886014.2141027,4.0,-6.0,-51.0
1776886014.2241027,4.0,-6.0,-52.0
1776886014.2341027,3.0,-5.0,-49.0
1776886014.2441027,0.0,-4.0,-48.0
1776886014.2541027,-2.0,-6.0,-52.0
1776886014.2641027,-5.0,-7.0,-53.0
1776886014.2741027,-6.0,-6.0,-46.0
1776886014.284103,-4.0,-8.0,-45.0
1776886014.294103,-2.0,-7.0,-39.0
1776886014.304103,-5.0,-8.0,-42.0
1776886014.3141026,-3.0,-11.0,-41.0
1776886014.3241026,-4.0,-10.0,-40.0
1776886014.3341026,-3.0,-11.0,-45.0
1776886014.3441026,-2.0,-9.0,-44.0
1776886014.3541028,-2.0,-7.0,-41.0
1776886014.3641028,-1.0,-5.0,-40.0
1776886014.3741028,1.0,-2.0,-39.0
1776886014.3841028,5.0,-1.0,-35.0
1776886014.3941028,8.0,-1.0,-37.0
1776886014.4041028,4.0,-3.0,-37.0
1776886014.4141028,10.0,-5.0,-38.0
1776886014.4241028,3.0,-4.0,-39.0
1776886014.4341028,1.0,-1.0,-42.0
1776886014.4441028,-1.0,-3.0,-40.0
1776886014.4541028,-3.0,1.0,-35.0
1776886014.4641027,-3.0,0.0,-37.0
1776886014.4741027,-6.0,-2.0,-39.0
1776886014.4841027,-7.0,1.0,-39.0
1776886014.4941027,-3.0,-3.0,-46.0
1776886014.5041027,0.0,-3.0,-45.0
1776886014.5141027,0.0,-2.0,-43.0
1776886014.5241027,-1.0,0.0,-43.0
1776886014.534103,0.0,0.0,-41.0
1776886014.544103,2.0,0.0,-41.0
1776886014.554103,0.0,3.0,-38.0
1776886014.5641026,2.0,1.0,-35.0
1776886014.5741026,2.0,0.0,-33.0
1776886014.5841026,4.0,-2.0,-32.0
1776886014.5941026,8.0,-2.0,-36.0
1776886014.6041028,6.0,0.0,-34.0
1776886014.6141028,4.0,-2.0,-36.0
1776886014.6241028,5.0,0.0,-39.0
1776886014.6341028,6.0,2.0,-37.0
1776886014.6441028,7.0,1.0,-37.0
1776886014.6541028,12.0,0.0,-36.0
1776886014.6641028,14.0,-1.0,-35.0
1776886014.6741028,9.0,-1.0,-31.0
1776886014.6841028,5.0,-3.0,-32.0
1776886014.6941028,5.0,-2.0,-31.0
1776886014.7041028,2.0,0.0,-27.0
1776886014.7141027,-1.0,-6.0,-27.0
1776886014.7241027,-3.0,-7.0,-21.0
1776886014.7341027,-4.0,-9.0,-30.0
1776886014.7441027,-7.0,-5.0,-32.0
1776886014.7541027,-1.0,-3.0,-32.0
1776886014.7641027,0.0,0.0,-30.0
1776886014.7751029,0.0,-6.0,-26.0
1776886014.7851028,-1.0,-4.0,-31.0
1776886014.7951028,0.0,-3.0,-33.0
1776886014.8051028,2.0,0.0,-34.0
1776886014.8151028,2.0,-2.0,-38.0
1776886014.8251028,2.0,-3.0,-41.0
1776886014.8351028,0.0,-2.0,-45.0
1776886014.8451028,1.0,0.0,-41.0
1776886014.8551028,-1.0,0.0,-48.0
1776886014.8651028,1.0,-1.0,-54.0
1776886014.8751028,6.0,-2.0,-49.0
1776886014.8851027,11.0,-2.0,-50.0
1776886014.8951027,8.0,0.0,-44.0
1776886014.9051027,7.0,-3.0,-38.0
1776886014.9151027,4.0,-4.0,-39.0
1776886014.9251027,1.0,0.0,-43.0
1776886014.9351027,-1.0,0.0,-46.0
1776886014.9451027,-1.0,1.0,-43.0
1776886014.9551027,1.0,0.0,-37.0
1776886014.965103,1.0,1.0,-33.0
1776886014.975103,2.0,1.0,-40.0
1776886014.985103,0.0,2.0,-37.0
1776886014.9951026,0.0,3.0,-35.0
1776886015.0051026,2.0,6.0,-38.0
1776886015.0151026,3.0,0.0,-31.0
1776886015.0251029,4.0,-6.0,-36.0
1776886015.0351028,0.0,-5.0,-41.0
1776886015.0451028,-2.0,-8.0,-47.0
1776886015.0551028,-1.0,-8.0,-42.0
1776886015.0651028,-1.0,-5.0,-38.0
1776886015.0751028,-1.0,-7.0,-32.0
1776886015.0851028,0.0,-9.0,-39.0
1776886015.0951028,-4.0,-7.0,-49.0
1776886015.1051028,-2.0,-1.0,-50.0
1776886015.1151028,-5.0,-2.0,-52.0
1776886015.1251028,0.0,-4.0,-50.0
1776886015.1351027,2.0,-6.0,-51.0
1776886015.1451027,5.0,-5.0,-46.0
1776886015.1551027,5.0,-10.0,-42.0
1776886015.1651027,4.0,-13.0,-39.0
1776886015.1751027,7.0,-7.0,-31.0
1776886015.1851027,4.0,-3.0,-23.0
1776886015.1951027,2.0,-7.0,-30.0
1776886015.2051027,4.0,-7.0,-35.0
1776886015.215103,2.0,-3.0,-37.0
1776886015.225103,0.0,0.0,-41.0
1776886015.235103,2.0,2.0,-46.0
1776886015.2451026,-2.0,0.0,-51.0
1776886015.2551026,0.0,0.0,-46.0
1776886015.2651026,3.0,1.0,-46.0
1776886015.2751029,3.0,-2.0,-38.0
1776886015.2851028,4.0,-4.0,-36.0
1776886015.2951028,1.0,-7.0,-35.0
1776886015.3051028,0.0,-5.0,-35.0
1776886015.3151028,-3.0,-4.0,-34.0
1776886015.3251028,-1.0,-4.0,-36.0
1776886015.3351028,0.0,-4.0,-50.0
1776886015.3451028,0.0,-3.0,-54.0
1776886015.3551028,2.0,-4.0,-50.0
1776886015.3651028,5.0,-1.0,-48.0
1776886015.3751028,6.0,2.0,-51.0
1776886015.3851027,4.0,0.0,-48.0
1776886015.3951027,6.0,-2.0,-39.0
1776886015.4051027,5.0,-4.0,-34.0
1776886015.4151027,3.0,-8.0,-38.0
1776886015.4251027,0.0,-6.0,-36.0
1776886015.4351027,-2.0,-4.0,-37.0
1776886015.4451027,-4.0,-2.0,-35.0
1776886015.4551027,-8.0,-1.0,-37.0
1776886015.465103,-3.0,-1.0,-48.0
1776886015.475103,0.0,-5.0,-43.0
1776886015.485103,0.0,-3.0,-45.0
1776886015.4951026,0.0,0.0,-41.0
1776886015.5051026,-2.0,0.0,-40.0
1776886015.5151026,-4.0,-3.0,-36.0
1776886015.5251029,-7.0,-1.0,-33.0
1776886015.5351028,-2.0,2.0,-33.0
1776886015.5451028,-1.0,-1.0,-35.0
1776886015.5551028,1.0,-6.0,-34.0
1776886015.5651028,0.0,-9.0,-39.0
1776886015.5751028,5.0,-8.0,-33.0
1776886015.5851028,5.0,-8.0,-37.0
1776886015.5951028,0.0,-4.0,-34.0
1776886015.6051028,-1.0,-3.0,-33.0
1776886015.6151028,0.0,-4.0,-31.0
1776886015.6251028,-2.0,-7.0,-33.0
1776886015.6351027,-4.0,-7.0,-36.0
1776886015.6451027,1.0,-6.0,-36.0
1776886015.6551027,2.0,-6.0,-38.0
1776886015.6651027,4.0,-3.0,-36.0
1776886015.6751027,5.0,-4.0,-40.0
1776886015.6851027,4.0,-7.0,-37.0
1776886015.6951027,0.0,-8.0,-42.0
1776886015.7051027,0.0,-6.0,-39.0
1776886015.715103,-4.0,-5.0,-42.0
1776886015.725103,-7.0,-4.0,-46.0
1776886015.735103,-10.0,-2.0,-47.0
1776886015.7451026,-3.0,-3.0,-45.0
1776886015.7551026,1.0,-2.0,-39.0
1776886015.7651026,1.0,-1.0,-40.0
1776886015.7751029,3.0,-4.0,-38.0
1776886015.7851028,8.0,0.0,-39.0
1776886015.7951028,4.0,3.0,-37.0
1776886015.8051028,5.0,1.0,-35.0
1776886015.8151028,4.0,4.0,-39.0
1776886015.8251028,2.0,7.0,-39.0
1776886015.8351028,2.0,3.0,-37.0
1776886015.8451028,0.0,1.0,-34.0
1776886015.8551028,-2.0,2.0,-37.0
1776886015.8651028,-6.0,0.0,-38.0
1776886015.8751028,-8.0,0.0,-42.0
1776886015.8851027,-8.0,0.0,-34.0
1776886015.8951027,-5.0,-3.0,-34.0
1776886015.9051027,-3.0,-1.0,-36.0
1776886015.9151027,4.0,-3.0,-37.0
1776886015.9251027,6.0,-5.0,-39.0
1776886015.9351027,9.0,-5.0,-39.0
1776886015.9451027,8.0,-4.0,-33.0
1776886015.9551027,6.0,-2.0,-28.0
1776886015.965103,7.0,0.0,-25.0
1776886015.975103,7.0,-3.0,-28.0
1776886015.985103,0.0,-7.0,-35.0
1776886015.9951026,1.0,-11.0,-37.0
1776886016.0051026,0.0,-9.0,-39.0
1776886016.0151026,-4.0,-1.0,-32.0
1776886016.0251029,-6.0,-2.0,-31.0
1776886016.0351028,-5.0,-3.0,-41.0
1776886016.0451028,-5.0,0.0,-42.0
1776886016.0551028,-4.0,-1.0,-46.0
1776886016.0651028,-2.0,-4.0,-45.0
1776886016.0751028,1.0,0.0,-46.0
1776886016.0851028,0.0,0.0,-49.0
1776886016.0951028,4.0,-1.0,-51.0
1776886016.1051028,4.0,-1.0,-51.0
1776886016.1151028,5.0,-3.0,-45.0
1776886016.1251028,7.0,-4.0,-38.0
1776886016.1351027,2.0,-4.0,-38.0
1776886016.1451027,1.0,-1.0,-34.0
1776886016.1551027,0.0,-1.0,-31.0
1776886016.1651027,-3.0,0.0,-36.0
1776886016.1751027,-4.0,0.0,-29.0
1776886016.1851027,-4.0,1.0,-31.0
1776886016.1951027,-2.0,5.0,-33.0
1776886016.2051027,-4.0,3.0,-33.0
1776886016.215103,-2.0,3.0,-37.0
1776886016.225103,-1.0,3.0,-43.0
1776886016.235103,-4.0,4.0,-40.0
1776886016.2451026,-9.0,1.0,-44.0
1776886016.2551026,-7.0,-2.0,-43.0
1776886016.2651026,-3.0,-4.0,-41.0
1776886016.2751029,0.0,-9.0,-48.0
1776886016.2851028,0.0,-9.0,-50.0
1776886016.2951028,0.0,-7.0,-55.0
1776886016.3051028,2.0,-6.0,-56.0
1776886016.3151028,0.0,-4.0,-51.0
1776886016.3251028,1.0,-3.0,-42.0
1776886016.3351028,0.0,0.0,-45.0
1776886016.3451028,3.0,0.0,-43.0
1776886016.3551028,0.0,0.0,-48.0
1776886016.3651028,-5.0,0.0,-47.0
1776886016.3751028,-7.0,-1.0,-46.0
1776886016.3851027,-2.0,-1.0,-46.0
1776886016.3951027,-1.0,0.0,-46.0
1776886016.4051027,-4.0,1.0,-51.0
1776886016.4151027,-7.0,0.0,-44.0
1776886016.4251027,-3.0,0.0,-43.0
1776886016.4351027,-3.0,-1.0,-46.0
1776886016.4451027,-4.0,-1.0,-46.0
1776886016.4551027,-9.0,3.0,-44.0
1776886016.465103,-7.0,0.0,-43.0
1776886016.475103,-7.0,-2.0,-44.0
1776886016.485103,-3.0,-2.0,-49.0
1776886016.4951026,0.0,-1.0,-46.0
1776886016.5051026,2.0,-1.0,-42.0
1776886016.5151026,4.0,-1.0,-47.0
1776886016.5251029,6.0,4.0,-50.0
1776886016.5351028,2.0,5.0,-50.0
1776886016.5451028,3.0,2.0,-50.0
1776886016.5551028,6.0,-1.0,-53.0
1776886016.5651028,3.0,-2.0,-57.0
1776886016.5751028,0.0,-4.0,-56.0
1776886016.5851028,-3.0,0.0,-53.0
1776886016.5951028,-1.0,1.0,-43.0
1776886016.6051028,-5.0,-1.0,-36.0
1776886016.6151028,0.0,0.0,-37.0
1776886016.6251028,2.0,0.0,-43.0
1776886016.6351027,4.0,-1.0,-43.0
1776886016.6451027,3.0,0.0,-42.0
1776886016.6551027,4.0,4.0,-45.0
1776886016.6651027,2.0,1.0,-49.0
1776886016.6751027,2.0,2.0,-47.0
1776886016.6851027,4.0,1.0,-44.0
1776886016.6951027,4.0,0.0,-46.0
1776886016.7051027,2.0,0.0,-42.0
1776886016.715103,1.0,0.0,-37.0
1776886016.7261028,2.0,0.0,-33.0
1776886016.7361028,1.0,0.0,-39.0
1776886016.7461028,3.0,1.0,-39.0
1776886016.7561028,4.0,1.0,-37.0
1776886016.7661028,5.0,-2.0,-34.0
1776886016.7761028,1.0,-2.0,-40.0
1776886016.7861028,3.0,0.0,-36.0
1776886016.7961028,2.0,2.0,-29.0
1776886016.8061028,3.0,0.0,-35.0
1776886016.8161027,2.0,-1.0,-36.0
1776886016.8261027,4.0,-1.0,-38.0
1776886016.8361027,3.0,3.0,-36.0
1776886016.8461027,1.0,3.0,-35.0
1776886016.8561027,3.0,0.0,-37.0
1776886016.8661027,6.0,-4.0,-31.0
1776886016.8761027,3.0,-5.0,-35.0
1776886016.886103,5.0,-6.0,-42.0
1776886016.896103,0.0,-6.0,-48.0
1776886016.906103,1.0,-4.0,-41.0
1776886016.9161026,-2.0,-1.0,-44.0
1776886016.9261026,-5.0,2.0,-47.0
1776886016.9361026,-6.0,4.0,-49.0
1776886016.9461029,-3.0,2.0,-48.0
1776886016.9561028,-4.0,1.0,-49.0
1776886016.9661028,0.0,2.0,-46.0
1776886016.9761028,0.0,3.0,-46.0
1776886016.9861028,2.0,1.0,-48.0
1776886016.9961028,-1.0,4.0,-45.0
1776886017.0061028,0.0,0.0,-43.0
1776886017.0161028,3.0,-7.0,-40.0
1776886017.0261028,0.0,-6.0,-41.0
1776886017.0361028,2.0,-6.0,-39.0
1776886017.0461028,1.0,-6.0,-39.0
1776886017.0561028,0.0,-9.0,-44.0
1776886017.0661027,-2.0,-4.0,-53.0
1776886017.0761027,3.0,-8.0,-43.0
1776886017.0861027,4.0,-5.0,-37.0
1776886017.0961027,11.0,-3.0,-40.0
1776886017.1061027,9.0,0.0,-44.0
1776886017.1161027,11.0,-1.0,-45.0
1776886017.1261027,8.0,1.0,-51.0
1776886017.136103,6.0,1.0,-45.0
1776886017.146103,5.0,0.0,-50.0
1776886017.156103,5.0,-5.0,-45.0
1776886017.1661026,0.0,-5.0,-47.0
1776886017.1761026,0.0,-5.0,-56.0
1776886017.1861026,0.0,-3.0,-58.0
1776886017.1961029,2.0,-4.0,-49.0
1776886017.2061028,4.0,-1.0,-41.0
1776886017.2161028,0.0,0.0,-37.0
1776886017.2261028,4.0,0.0,-43.0
1776886017.2361028,4.0,0.0,-45.0
1776886017.2461028,2.0,-2.0,-50.0
1776886017.2561028,0.0,-3.0,-46.0
1776886017.2661028,1.0,-3.0,-40.0
1776886017.2761028,4.0,-9.0,-44.0
1776886017.2861028,-2.0,-7.0,-46.0
1776886017.2961028,3.0,-4.0,-44.0
1776886017.3061028,7.0,-1.0,-36.0
1776886017.3161027,7.0,-3.0,-42.0
1776886017.3261027,4.0,-4.0,-40.0
1776886017.3361027,4.0,-4.0,-40.0
1776886017.3461027,2.0,-3.0,-44.0
1776886017.3561027,2.0,-3.0,-49.0
1776886017.3661027,1.0,-3.0,-50.0
1776886017.3761027,-1.0,2.0,-44.0
1776886017.386103,1.0,0.0,-46.0
1776886017.396103,2.0,2.0,-44.0
1776886017.406103,1.0,0.0,-41.0
1776886017.4161026,1.0,-3.0,-43.0
1776886017.4261026,3.0,-2.0,-37.0
1776886017.4361026,1.0,0.0,-42.0
1776886017.4461029,2.0,1.0,-45.0
1776886017.4561028,1.0,2.0,-46.0
1776886017.4661028,0.0,1.0,-44.0
1776886017.4761028,1.0,1.0,-44.0
1776886017.4861028,6.0,6.0,-37.0
1776886017.4961028,2.0,6.0,-42.0
1776886017.5061028,-1.0,4.0,-41.0
1776886017.5161028,-4.0,1.0,-39.0
1776886017.5261028,-6.0,0.0,-38.0
1776886017.5361028,-5.0,-8.0,-36.0
1776886017.5461028,-2.0,-7.0,-32.0
1776886017.5561028,0.0,-4.0,-30.0
1776886017.5661027,1.0,-2.0,-31.0
1776886017.5761027,1.0,-2.0,-29.0
1776886017.5861027,-1.0,-1.0,-32.0
1776886017.5961027,-5.0,-4.0,-36.0
1776886017.6061027,-5.0,-9.0,-39.0
1776886017.6161027,-2.0,-4.0,-44.0
1776886017.6261027,-2.0,-3.0,-40.0
1776886017.636103,-4.0,-2.0,-39.0
1776886017.646103,-10.0,-2.0,-39.0
1776886017.656103,-14.0,-1.0,-40.0
1776886017.6661026,-14.0,-2.0,-35.0
1776886017.6761026,-7.0,-2.0,-25.0
1776886017.6861026,-5.0,-5.0,-31.0
1776886017.6961029,-4.0,-6.0,-31.0
1776886017.7061028,-4.0,-5.0,-35.0
1776886017.7161028,-1.0,0.0,-32.0
1776886017.7261028,-1.0,1.0,-36.0
1776886017.7361028,0.0,0.0,-44.0
1776886017.7461028,0.0,-4.0,-39.0
1776886017.7561028,-3.0,-6.0,-37.0
1776886017.7661028,0.0,-7.0,-38.0
1776886017.7761028,2.0,-5.0,-40.0
1776886017.7861028,7.0,-4.0,-43.0
1776886017.7961028,7.0,-2.0,-45.0
1776886017.8061028,7.0,0.0,-50.0
1776886017.8161027,7.0,0.0,-48.0
1776886017.8261027,5.0,2.0,-54.0
1776886017.8361027,4.0,3.0,-55.0
1776886017.8461027,0.0,3.0,-56.0
1776886017.8561027,2.0,2.0,-46.0
1776886017.8661027,0.0,3.0,-44.0
1776886017.8761027,0.0,-1.0,-40.0
1776886017.886103,0.0,2.0,-41.0
1776886017.896103,-2.0,0.0,-38.0
1776886017.906103,-1.0,-1.0,-42.0
1776886017.9161026,0.0,-7.0,-47.0
1776886017.9261026,-4.0,-8.0,-49.0
1776886017.9361026,-4.0,-7.0,-54.0
1776886017.9461029,-5.0,-9.0,-48.0
1776886017.9561028,-3.0,-6.0,-46.0
1776886017.9661028,0.0,-5.0,-44.0
1776886017.9761028,0.0,-3.0,-42.0
1776886017.9861028,1.0,-4.0,-38.0
1776886017.9961028,3.0,-6.0,-48.0
1776886018.0061028,3.0,-7.0,-43.0
1776886018.0161028,7.0,-5.0,-34.0
1776886018.0261028,7.0,-6.0,-27.0
1776886018.0361028,6.0,-4.0,-29.0
1776886018.0461028,6.0,-6.0,-40.0
1776886018.0561028,1.0,-8.0,-42.0
1776886018.0661027,0.0,-8.0,-33.0
1776886018.0761027,0.0,-7.0,-39.0
1776886018.0861027,1.0,-4.0,-41.0
1776886018.0961027,1.0,-2.0,-34.0
1776886018.1061027,0.0,-5.0,-38.0
1776886018.1161027,2.0,-5.0,-39.0
1776886018.1261027,3.0,-6.0,-36.0
1776886018.136103,5.0,-6.0,-37.0
1776886018.146103,1.0,-5.0,-35.0
1776886018.156103,3.0,-5.0,-29.0
1776886018.1661026,1.0,-1.0,-30.0
1776886018.1761026,2.0,0.0,-31.0
1776886018.1861026,3.0,-2.0,-34.0
1776886018.1961029,3.0,-3.0,-36.0
1776886018.2061028,3.0,-1.0,-33.0
1776886018.2161028,3.0,1.0,-37.0
1776886018.2261028,3.0,1.0,-47.0
1776886018.2361028,4.0,-1.0,-44.0
1776886018.2461028,4.0,-6.0,-45.0
1776886018.2561028,2.0,-10.0,-41.0
1776886018.2661028,3.0,-6.0,-39.0
1776886018.2761028,9.0,-6.0,-39.0
1776886018.2861028,4.0,-6.0,-34.0
1776886018.2961028,0.0,-6.0,-34.0
1776886018.3061028,-1.0,-4.0,-30.0
1776886018.3161027,-4.0,-2.0,-29.0
1776886018.3261027,-3.0,-2.0,-38.0
1776886018.3361027,-3.0,-2.0,-38.0
1776886018.3461027,-1.0,-6.0,-46.0
1776886018.3561027,-4.0,-7.0,-45.0
1776886018.3661027,-3.0,-7.0,-46.0
1776886018.3761027,1.0,-1.0,-40.0
1776886018.386103,1.0,-6.0,-38.0
1776886018.396103,0.0,-8.0,-33.0
1776886018.406103,-1.0,-4.0,-38.0
1776886018.4161026,0.0,-3.0,-34.0
1776886018.4261026,1.0,-1.0,-40.0
1776886018.4361026,-1.0,-2.0,-34.0
1776886018.4461029,-2.0,0.0,-29.0
1776886018.4561028,0.0,-5.0,-32.0
1776886018.4661028,2.0,-3.0,-36.0
1776886018.4761028,7.0,-4.0,-37.0
1776886018.4861028,6.0,-3.0,-35.0
1776886018.4961028,3.0,2.0,-33.0
1776886018.5061028,3.0,2.0,-34.0
1776886018.5161028,2.0,4.0,-33.0
1776886018.5261028,0.0,1.0,-39.0
1776886018.5361028,0.0,2.0,-40.0
1776886018.5461028,1.0,8.0,-44.0
1776886018.5561028,-1.0,9.0,-45.0
1776886018.5661027,-4.0,1.0,-45.0
1776886018.5761027,0.0,0.0,-39.0
1776886018.5861027,1.0,0.0,-41.0
1776886018.5961027,1.0,0.0,-35.0
1776886018.6061027,-2.0,0.0,-35.0
1776886018.6161027,-3.0,0.0,-39.0
1776886018.6261027,-1.0,-4.0,-37.0
1776886018.636103,-1.0,0.0,-36.0
1776886018.646103,0.0,-2.0,-36.0
1776886018.656103,2.0,-3.0,-32.0
1776886018.6661026,4.0,-3.0,-34.0
1776886018.6761026,4.0,-5.0,-37.0
1776886018.6861026,2.0,-4.0,-31.0
1776886018.6961029,-3.0,-3.0,-33.0
1776886018.7061028,-4.0,-5.0,-34.0
1776886018.7161028,-5.0,-4.0,-35.0
1776886018.7261028,-9.0,-4.0,-37.0
1776886018.7371027,-6.0,-6.0,-38.0
1776886018.7471027,-3.0,-6.0,-39.0
1776886018.7571027,-2.0,-5.0,-41.0
1776886018.7671027,-1.0,-5.0,-41.0
1776886018.7771027,2.0,-6.0,-44.0
1776886018.7871027,-1.0,-4.0,-39.0
1776886018.7971027,0.0,-2.0,-39.0
1776886018.807103,-1.0,-1.0,-41.0
1776886018.817103,1.0,1.0,-36.0
1776886018.827103,3.0,-2.0,-40.0
1776886018.837103,2.0,0.0,-38.0
1776886018.8471026,7.0,3.0,-37.0
1776886018.8571026,6.0,1.0,-37.0
1776886018.8671026,2.0,4.0,-44.0
1776886018.8771029,0.0,4.0,-46.0
1776886018.8871028,-1.0,2.0,-46.0
1776886018.8971028,-5.0,0.0,-51.0
1776886018.9071028,-2.0,-1.0,-47.0
1776886018.9171028,3.0,-3.0,-51.0
1776886018.9271028,6.0,-1.0,-52.0
1776886018.9371028,8.0,-4.0,-52.0
1776886018.9471028,6.0,-10.0,-55.0
1776886018.9571028,1.0,-8.0,-56.0
1776886018.9671028,1.0,-6.0,-46.0
1776886018.9771028,5.0,-3.0,-38.0
1776886018.9871027,3.0,-3.0,-38.0
1776886018.9971027,3.0,-2.0,-30.0
1776886019.0071027,1.0,-5.0,-30.0
1776886019.0171027,2.0,-7.0,-34.0
1776886019.0271027,-1.0,-6.0,-34.0
1776886019.0371027,3.0,-5.0,-39.0
1776886019.0471027,3.0,-3.0,-42.0
1776886019.057103,1.0,-5.0,-44.0
1776886019.067103,0.0,-4.0,-41.0
1776886019.077103,0.0,-4.0,-40.0
1776886019.087103,2.0,-1.0,-38.0
1776886019.0971026,4.0,0.0,-47.0
1776886019.1071026,5.0,3.0,-39.0
1776886019.1171026,4.0,4.0,-37.0
1776886019.1271029,3.0,0.0,-44.0
1776886019.1371028,0.0,0.0,-38.0
1776886019.1471028,-2.0,3.0,-40.0
1776886019.1571028,-4.0,4.0,-46.0
1776886019.1671028,0.0,7.0,-50.0
1776886019.1771028,1.0,4.0,-53.0
1776886019.1871028,0.0,3.0,-49.0
1776886019.1971028,-1.0,4.0,-45.0
1776886019.2071028,0.0,3.0,-41.0
1776886019.2171028,-1.0,1.0,-42.0
1776886019.2271028,2.0,0.0,-45.0
1776886019.2371027,4.0,-5.0,-41.0
1776886019.2471027,1.0,-4.0,-42.0
1776886019.2571027,0.0,-5.0,-41.0
1776886019.2671027,0.0,0.0,-47.0
1776886019.2771027,1.0,3.0,-47.0
1776886019.2871027,-1.0,0.0,-47.0
1776886019.2971027,0.0,-1.0,-46.0
1776886019.307103,0.0,-4.0,-52.0
1776886019.317103,1.0,-5.0,-50.0
1776886019.327103,2.0,-5.0,-46.0
1776886019.337103,3.0,-7.0,-38.0
1776886019.3471026,0.0,-3.0,-37.0
1776886019.3571026,0.0,-4.0,-40.0
1776886019.3671026,4.0,-3.0,-48.0
1776886019.3771029,8.0,-1.0,-48.0
1776886019.3871028,6.0,0.0,-41.0
1776886019.3971028,4.0,7.0,-39.0
1776886019.4071028,1.0,6.0,-37.0
1776886019.4171028,2.0,2.0,-37.0
1776886019.4271028,0.0,-2.0,-42.0
1776886019.4371028,-3.0,-5.0,-35.0
1776886019.4471028,-5.0,-4.0,-37.0
1776886019.4571028,-1.0,2.0,-41.0
1776886019.4671028,-3.0,3.0,-36.0
1776886019.4771028,-1.0,1.0,-43.0
1776886019.4871027,0.0,2.0,-41.0
1776886019.4971027,-1.0,4.0,-48.0
1776886019.5071027,0.0,4.0,-45.0
1776886019.5171027,0.0,3.0,-42.0
1776886019.5271027,0.0,1.0,-46.0
1776886019.5371027,2.0,-1.0,-47.0
1776886019.5471027,0.0,-2.0,-54.0
1776886019.557103,0.0,-1.0,-57.0
1776886019.567103,-1.0,0.0,-45.0
1776886019.577103,0.0,-3.0,-43.0
1776886019.587103,1.0,-4.0,-46.0
1776886019.5971026,2.0,0.0,-40.0
1776886019.6071026,1.0,0.0,-46.0
1776886019.6171026,0.0,2.0,-44.0
1776886019.6271029,-2.0,0.0,-43.0
1776886019.6371028,-1.0,-1.0,-45.0
1776886019.6471028,0.0,-3.0,-43.0
1776886019.6571028,1.0,-2.0,-47.0
1776886019.6671028,0.0,-1.0,-51.0
1776886019.6771028,0.0,0.0,-52.0
1776886019.6871028,-1.0,1.0,-53.0
1776886019.6971028,3.0,-1.0,-42.0
1776886019.7071028,5.0,-4.0,-40.0
1776886019.7171028,8.0,-6.0,-40.0
1776886019.7271028,5.0,-7.0,-35.0
1776886019.7371027,3.0,-7.0,-42.0
1776886019.7471027,7.0,-9.0,-48.0
1776886019.7571027,6.0,-6.0,-48.0
1776886019.7671027,3.0,-3.0,-47.0
1776886019.7771027,3.0,-1.0,-54.0
1776886019.7871027,-1.0,-4.0,-51.0
1776886019.7971027,-1.0,-7.0,-50.0
1776886019.807103,-4.0,-9.0,-48.0
1776886019.817103,-2.0,-5.0,-46.0
1776886019.827103,-3.0,-7.0,-45.0
1776886019.837103,1.0,-9.0,-34.0
1776886019.8471026,-1.0,-5.0,-37.0
1776886019.8571026,0.0,-3.0,-41.0
1776886019.8671026,-1.0,-1.0,-40.0
1776886019.8771029,-1.0,-1.0,-39.0
1776886019.8871028,-4.0,0.0,-43.0
1776886019.8971028,-2.0,0.0,-39.0
1776886019.9071028,2.0,-2.0,-37.0
1776886019.9171028,3.0,-4.0,-32.0
1776886019.9271028,-3.0,-5.0,-33.0
1776886019.9371028,0.0,-7.0,-35.0
1776886019.9471028,3.0,-4.0,-39.0
1776886019.9571028,3.0,-2.0,-36.0
1776886019.9671028,5.0,0.0,-41.0
1776886019.9771028,1.0,1.0,-44.0
1776886019.9871027,0.0,-1.0,-38.0
1776886019.9971027,0.0,-6.0,-40.0
1776886020.0071027,-6.0,-5.0,-43.0
1776886020.0171027,-8.0,-4.0,-52.0
1776886020.0271027,0.0,-1.0,-50.0
1776886020.0371027,-1.0,0.0,-43.0
1776886020.0471027,-1.0,1.0,-50.0
1776886020.057103,0.0,-1.0,-46.0
1776886020.067103,0.0,0.0,-52.0
1776886020.077103,2.0,2.0,-48.0
1776886020.087103,4.0,3.0,-45.0
1776886020.0971026,1.0,1.0,-36.0
1776886020.1071026,4.0,-3.0,-35.0
1776886020.1171026,6.0,-1.0,-31.0
1776886020.1271029,4.0,-4.0,-31.0
1776886020.1371028,0.0,-6.0,-33.0
1776886020.1471028,3.0,0.0,-33.0
1776886020.1571028,7.0,0.0,-35.0
1776886020.1671028,3.0,-2.0,-36.0
1776886020.1771028,0.0,-3.0,-30.0
1776886020.1871028,0.0,-1.0,-37.0
1776886020.1971028,-1.0,-4.0,-29.0
1776886020.2071028,0.0,-4.0,-32.0
1776886020.2171028,1.0,-2.0,-34.0
1776886020.2271028,0.0,-4.0,-39.0
1776886020.2371027,6.0,-3.0,-36.0
1776886020.2471027,8.0,-1.0,-35.0
1776886020.2571027,10.0,-2.0,-44.0
1776886020.2671027,10.0,-3.0,-45.0
1776886020.2771027,9.0,-4.0,-45.0
1776886020.2871027,5.0,0.0,-40.0
1776886020.2971027,8.0,-2.0,-41.0
1776886020.3081028,9.0,-1.0,-47.0
1776886020.317103,7.0,4.0,-46.0
1776886020.327103,2.0,5.0,-44.0
1776886020.337103,1.0,0.0,-42.0
1776886020.3471026,0.0,-3.0,-47.0
1776886020.3571026,1.0,-6.0,-47.0
1776886020.3671026,3.0,-4.0,-45.0
1776886020.3771029,2.0,-2.0,-45.0
1776886020.3871028,1.0,-4.0,-37.0
1776886020.3971028,-2.0,-3.0,-29.0
1776886020.4071028,-2.0,-3.0,-38.0
1776886020.4171028,-1.0,-4.0,-39.0
1776886020.4271028,0.0,-3.0,-41.0
1776886020.4371028,4.0,-4.0,-39.0
1776886020.4471028,0.0,-10.0,-33.0
1776886020.4571028,0.0,-9.0,-26.0
1776886020.4671028,1.0,-7.0,-32.0
1776886020.4771028,0.0,-7.0,-29.0
1776886020.4871027,0.0,-9.0,-27.0
1776886020.4971027,3.0,-6.0,-27.0
1776886020.5071027,0.0,-8.0,-31.0
1776886020.5171027,0.0,-8.0,-35.0
1776886020.5271027,-1.0,-9.0,-39.0
1776886020.5371027,0.0,-6.0,-37.0
1776886020.5471027,0.0,-5.0,-37.0
1776886020.557103,0.0,0.0,-35.0
1776886020.567103,0.0,0.0,-34.0
1776886020.577103,3.0,0.0,-36.0
1776886020.587103,3.0,0.0,-36.0
1776886020.5971026,1.0,-2.0,-35.0
1776886020.6071026,3.0,-1.0,-40.0
1776886020.6171026,3.0,0.0,-36.0
1776886020.6271029,-1.0,-2.0,-38.0
1776886020.6371028,0.0,-2.0,-33.0
1776886020.6471028,0.0,-1.0,-34.0
1776886020.6571028,7.0,0.0,-35.0
1776886020.6671028,8.0,1.0,-42.0
1776886020.6771028,2.0,1.0,-44.0
1776886020.6871028,0.0,-2.0,-47.0
1776886020.6971028,0.0,-2.0,-42.0
1776886020.7071028,-3.0,0.0,-42.0
1776886020.7171028,1.0,-3.0,-36.0
1776886020.7271028,0.0,-5.0,-26.0
1776886020.738103,5.0,-5.0,-33.0
1776886020.748103,5.0,-4.0,-37.0
1776886020.758103,1.0,-3.0,-37.0
1776886020.7681026,1.0,0.0,-43.0
1776886020.7781026,0.0,5.0,-42.0
1776886020.7881026,-2.0,4.0,-33.0
1776886020.7981029,-5.0,1.0,-35.0
1776886020.8081028,-1.0,1.0,-37.0
1776886020.8181028,-2.0,-3.0,-38.0
1776886020.8281028,-4.0,-4.0,-40.0
1776886020.8381028,-6.0,0.0,-41.0
1776886020.8481028,0.0,0.0,-39.0
1776886020.8581028,2.0,0.0,-44.0
1776886020.8681028,5.0,-3.0,-51.0
1776886020.8781028,5.0,-3.0,-50.0
1776886020.8881028,3.0,-1.0,-48.0
1776886020.8981028,1.0,-5.0,-41.0
1776886020.9081028,0.0,-4.0,-33.0
1776886020.9181027,-3.0,-3.0,-38.0
1776886020.9281027,-5.0,-5.0,-38.0
1776886020.9381027,-6.0,-5.0,-42.0
1776886020.9481027,-3.0,-1.0,-41.0
1776886020.9581027,-3.0,0.0,-39.0
1776886020.9681027,0.0,0.0,-45.0
1776886020.9781027,0.0,-3.0,-44.0
1776886020.988103,1.0,-1.0,-47.0
1776886020.998103,1.0,0.0,-45.0
1776886021.008103,3.0,0.0,-37.0
1776886021.0181026,2.0,0.0,-35.0
1776886021.0281026,-1.0,0.0,-35.0
1776886021.0381026,0.0,-2.0,-36.0
1776886021.0481029,-1.0,0.0,-37.0
1776886021.0581028,0.0,0.0,-39.0
1776886021.0681028,-2.0,3.0,-36.0
1776886021.0781028,-5.0,-1.0,-39.0
1776886021.0881028,-5.0,-4.0,-37.0
1776886021.0981028,-4.0,-1.0,-29.0
1776886021.1081028,-7.0,-4.0,-29.0
1776886021.1181028,-4.0,-4.0,-30.0
1776886021.1281028,-3.0,-3.0,-31.0
1776886021.1381028,2.0,-5.0,-34.0
1776886021.1481028,1.0,-4.0,-43.0
1776886021.1581028,0.0,-2.0,-39.0
1776886021.1681027,2.0,-1.0,-41.0
1776886021.1781027,0.0,-1.0,-38.0
1776886021.1881027,-1.0,0.0,-43.0
1776886021.1981027,-2.0,-5.0,-44.0
1776886021.2081027,4.0,-6.0,-45.0
1776886021.2181027,3.0,-9.0,-34.0
1776886021.2281027,5.0,-7.0,-32.0
1776886021.238103,3.0,-5.0,-37.0
1776886021.248103,5.0,0.0,-41.0
1776886021.258103,3.0,1.0,-41.0
1776886021.2681026,4.0,0.0,-42.0
1776886021.2781026,1.0,1.0,-41.0
1776886021.2881026,-2.0,4.0,-45.0
1776886021.2981029,-5.0,4.0,-46.0
1776886021.3081028,-10.0,5.0,-45.0
1776886021.3181028,-2.0,0.0,-50.0
1776886021.3281028,-3.0,-2.0,-51.0
1776886021.3381028,0.0,-2.0,-50.0
1776886021.3481028,0.0,-1.0,-45.0
1776886021.3581028,-2.0,-3.0,-44.0
1776886021.3681028,-3.0,-5.0,-43.0
1776886021.3781028,-1.0,-3.0,-40.0
1776886021.3881028,-2.0,-5.0,-39.0
1776886021.3981028,-4.0,2.0,-34.0
1776886021.4081028,-1.0,1.0,-34.0
1776886021.4181027,-1.0,0.0,-32.0
1776886021.4281027,1.0,2.0,-34.0
1776886021.4381027,1.0,5.0,-35.0
1776886021.4481027,2.0,6.0,-30.0
1776886021.4581027,1.0,2.0,-33.0
1776886021.4681027,4.0,1.0,-33.0
1776886021.4781027,5.0,1.0,-33.0
1776886021.488103,5.0,0.0,-36.0
1776886021.498103,3.0,-4.0,-38.0
1776886021.508103,4.0,-3.0,-38.0
1776886021.5181026,2.0,-3.0,-41.0
1776886021.5281026,3.0,-5.0,-37.0
1776886021.5381026,4.0,-4.0,-37.0
1776886021.5481029,1.0,-1.0,-41.0
1776886021.5581028,2.0,-1.0,-46.0
1776886021.5681028,2.0,3.0,-49.0
1776886021.5781028,1.0,3.0,-42.0
1776886021.5881028,3.0,5.0,-39.0
1776886021.5981028,0.0,5.0,-34.0
1776886021.6081028,0.0,5.0,-39.0
1776886021.6181028,1.0,6.0,-44.0
1776886021.6281028,2.0,5.0,-42.0
1776886021.6381028,1.0,2.0,-42.0
1776886021.6481028,-1.0,1.0,-47.0
1776886021.6581028,-5.0,2.0,-54.0
1776886021.6681027,-8.0,0.0,-54.0
1776886021.6781027,-9.0,0.0,-55.0
1776886021.6881027,-4.0,0.0,-50.0
1776886021.6981027,1.0,0.0,-43.0
1776886021.7081027,1.0,1.0,-41.0
1776886021.7181027,5.0,-3.0,-40.0
1776886021.7281027,5.0,-2.0,-40.0
1776886021.738103,2.0,0.0,-42.0
1776886021.748103,0.0,0.0,-37.0
1776886021.758103,3.0,-2.0,-40.0
1776886021.7681026,5.0,-3.0,-40.0
1776886021.7781026,2.0,-3.0,-44.0
1776886021.7881026,1.0,-2.0,-45.0
1776886021.7981029,0.0,0.0,-46.0
1776886021.8081028,3.0,0.0,-45.0
1776886021.8181028,6.0,1.0,-38.0
1776886021.8281028,2.0,0.0,-40.0
1776886021.8381028,1.0,3.0,-40.0
1776886021.8481028,-2.0,5.0,-39.0
1776886021.8581028,-1.0,6.0,-40.0
1776886021.8681028,1.0,7.0,-34.0
1776886021.8781028,1.0,8.0,-30.0
1776886021.8881028,0.0,8.0,-29.0
1776886021.8981028,0.0,8.0,-31.0
1776886021.9081028,0.0,6.0,-33.0
1776886021.9181027,-2.0,6.0,-36.0
1776886021.9281027,-2.0,5.0,-43.0
1776886021.9381027,0.0,6.0,-46.0
1776886021.9481027,1.0,9.0,-40.0
1776886021.9581027,-6.0,5.0,-37.0
1776886021.9681027,-5.0,2.0,-32.0
1776886021.9781027,-3.0,-2.0,-34.0
1776886021.988103,0.0,-1.0,-30.0
1776886021.998103,-1.0,-6.0,-28.0
1776886022.008103,-6.0,-4.0,-29.0
1776886022.0181026,-4.0,-9.0,-28.0
1776886022.0281026,-5.0,-8.0,-38.0
1776886022.0381026,-2.0,-7.0,-39.0
1776886022.0481029,-3.0,-4.0,-46.0
1776886022.0581028,0.0,-3.0,-43.0
1776886022.0681028,2.0,-1.0,-46.0
1776886022.0781028,2.0,-3.0,-43.0
1776886022.0881028,2.0,-5.0,-47.0
1776886022.0981028,3.0,-3.0,-46.0
1776886022.1081028,3.0,-3.0,-44.0
1776886022.1181028,1.0,-3.0,-42.0
1776886022.1281028,4.0,-7.0,-37.0
1776886022.1381028,9.0,-6.0,-38.0
1776886022.1481028,12.0,-3.0,-36.0
1776886022.1581028,5.0,0.0,-44.0
1776886022.1681027,3.0,1.0,-43.0
1776886022.1781027,7.0,0.0,-44.0
1776886022.1881027,4.0,3.0,-45.0
1776886022.1981027,-3.0,1.0,-36.0
1776886022.2091026,-2.0,-2.0,-36.0
1776886022.2181027,0.0,0.0,-37.0
1776886022.2281027,2.0,-1.0,-37.0
1776886022.238103,2.0,-1.0,-39.0
1776886022.248103,-2.0,-3.0,-27.0
1776886022.258103,-4.0,-3.0,-27.0
1776886022.2681026,-2.0,-4.0,-32.0
1776886022.2781026,-4.0,0.0,-31.0
1776886022.2881026,-2.0,-1.0,-37.0
1776886022.2981029,-2.0,-7.0,-39.0
1776886022.3081028,-5.0,-6.0,-34.0
1776886022.3181028,-2.0,-4.0,-28.0
1776886022.3281028,-1.0,-5.0,-33.0
1776886022.3381028,-2.0,-5.0,-35.0
1776886022.3481028,-4.0,-4.0,-35.0
1776886022.3581028,-4.0,1.0,-34.0
1776886022.3681028,-3.0,2.0,-30.0
1776886022.3781028,-5.0,0.0,-32.0
1776886022.3881028,2.0,0.0,-31.0
1776886022.3981028,0.0,2.0,-37.0
1776886022.4081028,0.0,5.0,-33.0
1776886022.4181027,-2.0,5.0,-28.0
1776886022.4281027,-8.0,3.0,-29.0
1776886022.4381027,-7.0,1.0,-35.0
1776886022.4481027,-5.0,0.0,-38.0
1776886022.4581027,-1.0,-5.0,-42.0
1776886022.4681027,1.0,-5.0,-38.0
1776886022.4781027,3.0,-4.0,-36.0
1776886022.488103,3.0,-6.0,-43.0
1776886022.498103,0.0,-6.0,-44.0
1776886022.508103,-5.0,-2.0,-40.0
1776886022.5181026,0.0,-2.0,-47.0
1776886022.5281026,-1.0,-4.0,-42.0
1776886022.5381026,-2.0,0.0,-44.0
1776886022.5481029,-3.0,-2.0,-39.0
1776886022.5581028,-1.0,-4.0,-38.0
1776886022.5681028,0.0,-1.0,-43.0
1776886022.5781028,-2.0,0.0,-47.0
1776886022.5881028,-1.0,0.0,-44.0
1776886022.5981028,1.0,2.0,-41.0
1776886022.6081028,1.0,3.0,-39.0
1776886022.6181028,1.0,1.0,-37.0
1776886022.6281028,1.0,3.0,-33.0
1776886022.6381028,2.0,2.0,-32.0
1776886022.6481028,3.0,4.0,-45.0
1776886022.6581028,3.0,7.0,-42.0
1776886022.6681027,-4.0,8.0,-35.0
1776886022.6781027,-5.0,7.0,-40.0
1776886022.6881027,-2.0,10.0,-40.0
1776886022.6981027,3.0,10.0,-36.0
1776886022.7081027,2.0,5.0,-34.0
1776886022.7191026,3.0,4.0,-30.0
1776886022.7281027,0.0,2.0,-34.0
1776886022.738103,-6.0,1.0,-33.0
1776886022.7491028,-6.0,1.0,-29.0
1776886022.7591028,-8.0,-4.0,-38.0
1776886022.7691028,-14.0,-5.0,-41.0
1776886022.7791028,-14.0,-4.0,-39.0
1776886022.7881026,-10.0,-3.0,-37.0
1776886022.7991028,-5.0,0.0,-34.0
1776886022.8091028,-8.0,-1.0,-35.0
1776886022.8191028,-10.0,-6.0,-36.0
1776886022.8291028,-5.0,-2.0,-39.0
1776886022.8391027,-2.0,0.0,-39.0
1776886022.8491027,3.0,3.0,-38.0
1776886022.8591027,8.0,3.0,-42.0
1776886022.8691027,10.0,1.0,-47.0
1776886022.8791027,7.0,3.0,-44.0
1776886022.8891027,4.0,2.0,-41.0
1776886022.8991027,2.0,-2.0,-40.0
1776886022.909103,0.0,0.0,-37.0
1776886022.919103,-1.0,4.0,-37.0
1776886022.929103,0.0,2.0,-40.0
1776886022.9391026,-4.0,2.0,-44.0
1776886022.9491026,-2.0,2.0,-42.0
1776886022.9591026,-4.0,2.0,-38.0
1776886022.9691026,-3.0,3.0,-41.0
1776886022.9791028,-4.0,5.0,-46.0
1776886022.9891028,-7.0,3.0,-44.0
1776886022.9991028,-5.0,6.0,-41.0
1776886023.0091028,-4.0,2.0,-45.0
1776886023.0191028,-2.0,2.0,-48.0
1776886023.0291028,-5.0,2.0,-47.0
1776886023.0391028,-2.0,6.0,-51.0
1776886023.0491028,-2.0,4.0,-51.0
1776886023.0591028,1.0,2.0,-56.0
1776886023.0691028,0.0,2.0,-56.0
1776886023.0791028,-1.0,0.0,-53.0
1776886023.0891027,0.0,0.0,-51.0
1776886023.0991027,6.0,5.0,-47.0
1776886023.1091027,6.0,2.0,-44.0
1776886023.1191027,5.0,1.0,-46.0
1776886023.1291027,0.0,1.0,-47.0
1776886023.1391027,3.0,-3.0,-42.0
1776886023.1491027,3.0,0.0,-41.0
1776886023.159103,1.0,-1.0,-44.0
1776886023.169103,2.0,0.0,-41.0
1776886023.179103,7.0,1.0,-41.0
1776886023.1891026,12.0,-1.0,-37.0
1776886023.1991026,10.0,-1.0,-35.0
1776886023.2091026,8.0,-4.0,-33.0
1776886023.2191026,5.0,-6.0,-36.0
1776886023.2291028,5.0,-6.0,-35.0
1776886023.2391028,9.0,-3.0,-40.0
1776886023.2491028,7.0,0.0,-40.0
1776886023.2591028,2.0,-3.0,-42.0
1776886023.2691028,1.0,-2.0,-42.0
1776886023.2791028,2.0,0.0,-39.0
1776886023.2891028,0.0,1.0,-34.0
1776886023.2991028,6.0,3.0,-32.0
1776886023.3091028,3.0,3.0,-32.0
1776886023.3191028,2.0,4.0,-36.0
1776886023.3291028,4.0,8.0,-41.0
1776886023.3391027,3.0,7.0,-38.0
1776886023.3491027,1.0,0.0,-34.0
1776886023.3591027,-5.0,1.0,-35.0
1776886023.3691027,-3.0,0.0,-35.0
1776886023.3791027,-1.0,-1.0,-41.0
1776886023.3891027,1.0,0.0,-47.0
1776886023.3991027,0.0,-1.0,-48.0
1776886023.409103,0.0,0.0,-40.0
1776886023.419103,1.0,-4.0,-42.0
1776886023.429103,0.0,-2.0,-44.0
1776886023.4391026,0.0,0.0,-50.0
1776886023.4491026,-3.0,0.0,-53.0
1776886023.4591026,-2.0,-1.0,-48.0
1776886023.4691026,-2.0,0.0,-38.0
1776886023.4791028,-7.0,-2.0,-42.0
1776886023.4891028,-8.0,-4.0,-43.0
1776886023.4991028,-6.0,-4.0,-46.0
1776886023.5091028,0.0,-4.0,-43.0
1776886023.5191028,4.0,0.0,-44.0
1776886023.5291028,3.0,0.0,-39.0
1776886023.5391028,3.0,0.0,-46.0
1776886023.5491028,3.0,-1.0,-43.0
1776886023.5591028,3.0,-3.0,-45.0
1776886023.5691028,5.0,-6.0,-42.0
1776886023.5791028,3.0,-7.0,-45.0
1776886023.5891027,3.0,-10.0,-42.0
1776886023.5991027,5.0,-5.0,-40.0
1776886023.6091027,5.0,0.0,-47.0
1776886023.6191027,9.0,2.0,-45.0
1776886023.6291027,13.0,1.0,-39.0
1776886023.6391027,12.0,3.0,-48.0
1776886023.6491027,4.0,4.0,-50.0
1776886023.659103,4.0,1.0,-46.0
1776886023.669103,3.0,0.0,-43.0
1776886023.679103,2.0,0.0,-44.0
1776886023.6891026,0.0,-1.0,-40.0
1776886023.6991026,0.0,-6.0,-42.0
1776886023.7091026,-2.0,-4.0,-44.0
1776886023.7191026,-2.0,-2.0,-52.0
1776886023.7291028,-1.0,-4.0,-49.0
1776886023.7391028,-1.0,-8.0,-46.0
1776886023.7491028,1.0,-11.0,-51.0
1776886023.7591028,4.0,-12.0,-50.0
1776886023.7691028,4.0,-15.0,-49.0
1776886023.7791028,5.0,-14.0,-46.0
1776886023.7891028,1.0,-10.0,-42.0
1776886023.7991028,0.0,-9.0,-34.0
1776886023.8091028,0.0,-7.0,-30.0
1776886023.8191028,2.0,-7.0,-29.0
1776886023.8291028,1.0,-6.0,-34.0
1776886023.8391027,-1.0,-7.0,-36.0
1776886023.8491027,1.0,-6.0,-36.0
1776886023.8591027,3.0,-5.0,-36.0
1776886023.8691027,3.0,-6.0,-38.0
1776886023.8791027,5.0,-5.0,-37.0
1776886023.8891027,5.0,-5.0,-39.0
1776886023.8991027,2.0,-5.0,-48.0
1776886023.909103,2.0,-2.0,-53.0
1776886023.919103,-4.0,-4.0,-48.0
1776886023.929103,-3.0,-5.0,-45.0
1776886023.9391026,-2.0,-5.0,-36.0
1776886023.9491026,0.0,-5.0,-37.0
1776886023.9591026,3.0,-2.0,-39.0
1776886023.9691026,-1.0,-8.0,-42.0
1776886023.9791028,-4.0,-6.0,-45.0
1776886023.9891028,-7.0,-5.0,-42.0
1776886023.9991028,-7.0,0.0,-43.0
1776886024.0091028,-12.0,2.0,-41.0
1776886024.0191028,-8.0,4.0,-42.0
1776886024.0291028,-4.0,8.0,-41.0
1776886024.0391028,-4.0,7.0,-40.0
1776886024.0491028,-6.0,4.0,-46.0
1776886024.0591028,-3.0,5.0,-53.0
1776886024.0691028,-2.0,0.0,-57.0
1776886024.0791028,-7.0,3.0,-53.0
1776886024.0891027,-5.0,5.0,-46.0
1776886024.0991027,-1.0,7.0,-47.0
1776886024.1091027,-1.0,1.0,-44.0
1776886024.1191027,-1.0,1.0,-39.0
1776886024.1291027,-5.0,2.0,-35.0
1776886024.1391027,-7.0,-7.0,-35.0
1776886024.1491027,-5.0,-7.0,-34.0
1776886024.159103,-4.0,-6.0,-40.0
1776886024.169103,-4.0,-4.0,-39.0
1776886024.179103,1.0,-2.0,-44.0
1776886024.1891026,2.0,0.0,-40.0
1776886024.1991026,5.0,2.0,-33.0
1776886024.2091026,7.0,5.0,-29.0
1776886024.2191026,6.0,7.0,-32.0
1776886024.2291028,4.0,9.0,-29.0
1776886024.2391028,1.0,7.0,-25.0
1776886024.2491028,0.0,1.0,-28.0
1776886024.2591028,-1.0,3.0,-32.0
1776886024.2691028,-7.0,1.0,-34.0
1776886024.2791028,-8.0,0.0,-42.0
1776886024.2891028,-13.0,1.0,-50.0
1776886024.2991028,-11.0,0.0,-45.0
1776886024.3091028,-9.0,-1.0,-44.0
1776886024.3191028,-9.0,-4.0,-42.0
1776886024.3291028,-6.0,-1.0,-43.0
1776886024.3391027,-3.0,0.0,-38.0
1776886024.3491027,-1.0,2.0,-38.0
1776886024.3591027,0.0,0.0,-41.0
1776886024.3691027,-1.0,3.0,-36.0
1776886024.3791027,1.0,6.0,-40.0
1776886024.3891027,3.0,5.0,-46.0
1776886024.3991027,7.0,2.0,-46.0
1776886024.409103,6.0,2.0,-51.0
1776886024.419103,5.0,-2.0,-55.0
1776886024.429103,1.0,-3.0,-50.0
1776886024.4391026,2.0,0.0,-48.0
1776886024.4491026,0.0,0.0,-50.0
1776886024.4591026,-1.0,3.0,-54.0
1776886024.4691026,0.0,3.0,-47.0
1776886024.4791028,-2.0,0.0,-44.0
1776886024.4891028,1.0,-3.0,-39.0
1776886024.4991028,3.0,-3.0,-35.0
1776886024.5091028,4.0,0.0,-38.0
1776886024.5191028,7.0,-5.0,-39.0
1776886024.5291028,3.0,-6.0,-42.0
1776886024.5391028,5.0,-5.0,-38.0
1776886024.5491028,3.0,-4.0,-40.0
1776886024.5591028,5.0,-7.0,-35.0
1776886024.5691028,3.0,-8.0,-37.0
1776886024.5791028,2.0,-8.0,-45.0
1776886024.5891027,1.0,-5.0,-50.0
1776886024.5991027,3.0,-6.0,-44.0
1776886024.6091027,5.0,-6.0,-35.0
1776886024.6191027,2.0,-7.0,-36.0
1776886024.6291027,0.0,-4.0,-41.0
1776886024.6391027,-1.0,-3.0,-41.0
1776886024.6491027,-1.0,-6.0,-44.0
1776886024.659103,-2.0,-13.0,-47.0
1776886024.669103,2.0,-9.0,-46.0
1776886024.679103,7.0,-6.0,-49.0
1776886024.6891026,8.0,-7.0,-42.0
1776886024.6991026,8.0,-11.0,-40.0
1776886024.7091026,6.0,-12.0,-34.0
1776886024.7201028,4.0,-13.0,-36.0
1776886024.7291028,3.0,-8.0,-44.0
1776886024.7401028,5.0,-4.0,-46.0
1776886024.7501028,1.0,1.0,-41.0
1776886024.7601027,4.0,-2.0,-34.0
1776886024.7701027,4.0,0.0,-40.0
1776886024.7801027,3.0,0.0,-40.0
1776886024.7901027,0.0,-4.0,-38.0
1776886024.8001027,-2.0,-6.0,-35.0
1776886024.8101027,-7.0,-7.0,-29.0
1776886024.8201027,-4.0,-5.0,-29.0
1776886024.8301027,-2.0,-6.0,-39.0
1776886024.840103,0.0,-6.0,-36.0
1776886024.850103,1.0,-6.0,-42.0
1776886024.860103,1.0,-6.0,-43.0
1776886024.8701026,-3.0,-6.0,-40.0
1776886024.8801026,1.0,-4.0,-41.0
1776886024.8901026,1.0,-3.0,-36.0
1776886024.9001029,-5.0,-3.0,-37.0
1776886024.9101028,-3.0,-1.0,-28.0
1776886024.9201028,-2.0,0.0,-32.0
1776886024.9301028,-1.0,0.0,-25.0
1776886024.9401028,0.0,-4.0,-22.0
1776886024.9501028,0.0,-5.0,-26.0
1776886024.9601028,0.0,-5.0,-34.0
1776886024.9701028,2.0,-6.0,-38.0
1776886024.9801028,0.0,-1.0,-35.0
1776886024.9901028,0.0,0.0,-32.0
1776886025.0001028,3.0,-2.0,-36.0
1776886025.0101027,4.0,-4.0,-35.0
1776886025.0201027,3.0,-6.0,-26.0
1776886025.0301027,-3.0,-6.0,-25.0
1776886025.0401027,-1.0,-7.0,-26.0
1776886025.0501027,0.0,-5.0,-38.0
1776886025.0601027,-2.0,-5.0,-39.0
1776886025.0701027,-1.0,-5.0,-34.0
1776886025.0801027,2.0,-2.0,-33.0
1776886025.090103,-3.0,-7.0,-29.0
1776886025.100103,-3.0,-10.0,-33.0
1776886025.110103,-5.0,-9.0,-37.0
1776886025.1211028,-2.0,-7.0,-38.0
1776886025.1301026,-3.0,-6.0,-34.0
1776886025.1401026,0.0,-5.0,-38.0
1776886025.1501029,0.0,-1.0,-41.0
1776886025.1601028,3.0,0.0,-43.0
1776886025.1701028,0.0,-4.0,-45.0
1776886025.1801028,0.0,-4.0,-44.0
1776886025.1901028,-1.0,-3.0,-45.0
1776886025.2001028,0.0,-2.0,-42.0
1776886025.2101028,2.0,0.0,-41.0
1776886025.2201028,5.0,0.0,-48.0
1776886025.2301028,0.0,0.0,-51.0
1776886025.2401028,0.0,0.0,-46.0
1776886025.2501028,-3.0,-1.0,-44.0
1776886025.2601027,0.0,1.0,-36.0
1776886025.2701027,2.0,-2.0,-36.0
1776886025.2801027,3.0,-1.0,-31.0
1776886025.2901027,0.0,-2.0,-28.0
1776886025.3001027,-1.0,0.0,-29.0
1776886025.3101027,0.0,1.0,-32.0
1776886025.3201027,3.0,0.0,-35.0
1776886025.3301027,2.0,0.0,-35.0
1776886025.340103,0.0,-2.0,-39.0
1776886025.350103,-3.0,-7.0,-40.0
1776886025.360103,-1.0,0.0,-45.0
1776886025.3701026,0.0,-1.0,-48.0
1776886025.3801026,0.0,-2.0,-45.0
1776886025.3901026,2.0,0.0,-47.0
1776886025.4001029,2.0,-1.0,-48.0
1776886025.4101028,3.0,0.0,-50.0
1776886025.4201028,2.0,-4.0,-48.0
1776886025.4301028,4.0,-4.0,-43.0
1776886025.4401028,3.0,-2.0,-43.0
1776886025.4501028,0.0,2.0,-30.0
1776886025.4601028,4.0,-1.0,-30.0
1776886025.4701028,5.0,0.0,-39.0
1776886025.4801028,2.0,-1.0,-37.0
1776886025.4901028,2.0,-2.0,-34.0
1776886025.5001028,3.0,0.0,-30.0
1776886025.5101027,3.0,-1.0,-37.0
1776886025.5201027,4.0,-4.0,-40.0
1776886025.5301027,4.0,0.0,-44.0
1776886025.5401027,2.0,0.0,-47.0
1776886025.5501027,0.0,0.0,-45.0
1776886025.5601027,-2.0,0.0,-40.0
1776886025.5701027,-1.0,-1.0,-42.0
1776886025.5801027,-2.0,-5.0,-37.0
1776886025.590103,-4.0,-3.0,-35.0
1776886025.600103,2.0,-2.0,-43.0
1776886025.610103,4.0,-2.0,-43.0
1776886025.6201026,4.0,0.0,-35.0
1776886025.6301026,1.0,1.0,-40.0
1776886025.6401026,0.0,1.0,-43.0
1776886025.6501029,-2.0,2.0,-49.0
1776886025.6601028,-2.0,2.0,-44.0
1776886025.6701028,-7.0,-3.0,-44.0
1776886025.6801028,-1.0,-4.0,-41.0
1776886025.6901028,-2.0,-6.0,-45.0
1776886025.7001028,-1.0,-4.0,-50.0
1776886025.7101028,0.0,-4.0,-53.0
1776886025.7201028,3.0,-2.0,-49.0
1776886025.7301028,1.0,0.0,-47.0
1776886025.7401028,0.0,-1.0,-40.0
1776886025.7501028,4.0,-7.0,-48.0
1776886025.7601027,4.0,-8.0,-48.0
1776886025.7701027,2.0,-7.0,-48.0
1776886025.7801027,3.0,-6.0,-44.0
1776886025.7901027,2.0,-11.0,-41.0
1776886025.8001027,1.0,-10.0,-37.0
1776886025.8101027,-2.0,-10.0,-32.0
1776886025.8201027,0.0,-6.0,-29.0
1776886025.8301027,2.0,-4.0,-30.0
1776886025.840103,2.0,-4.0,-35.0
1776886025.850103,0.0,-5.0,-29.0
1776886025.860103,-6.0,-5.0,-35.0
1776886025.8701026,-6.0,-5.0,-37.0
1776886025.8801026,-1.0,-7.0,-37.0
1776886025.8901026,-3.0,-3.0,-40.0
1776886025.9001029,1.0,0.0,-40.0
1776886025.9101028,4.0,0.0,-36.0
1776886025.9201028,6.0,0.0,-36.0
1776886025.9301028,4.0,-1.0,-31.0
1776886025.9401028,6.0,-2.0,-32.0
1776886025.9501028,8.0,0.0,-33.0
1776886025.9601028,8.0,-1.0,-40.0
1776886025.9701028,3.0,0.0,-48.0
1776886025.9801028,4.0,0.0,-45.0
1776886025.9901028,6.0,1.0,-48.0
1776886026.0001028,5.0,2.0,-46.0
1776886026.0101027,4.0,3.0,-44.0
1776886026.0201027,3.0,2.0,-40.0
1776886026.0301027,4.0,6.0,-37.0
1776886026.0401027,6.0,2.0,-34.0
1776886026.0501027,6.0,1.0,-29.0
1776886026.0601027,2.0,0.0,-36.0
1776886026.0701027,-1.0,-1.0,-41.0
1776886026.0801027,0.0,-3.0,-39.0
1776886026.090103,4.0,1.0,-38.0
1776886026.100103,-1.0,0.0,-42.0
1776886026.110103,-2.0,-4.0,-40.0
1776886026.1201026,-4.0,-4.0,-39.0
1776886026.1301026,-2.0,-6.0,-35.0
1776886026.1401026,-4.0,2.0,-36.0
1776886026.1501029,-1.0,5.0,-33.0
1776886026.1601028,-5.0,4.0,-33.0
1776886026.1701028,0.0,7.0,-33.0
1776886026.1801028,0.0,6.0,-35.0
1776886026.1901028,-5.0,1.0,-36.0
1776886026.2001028,-5.0,0.0,-31.0
1776886026.2101028,-7.0,0.0,-32.0
1776886026.2201028,-3.0,-1.0,-31.0
1776886026.2301028,0.0,-4.0,-35.0
1776886026.2401028,-3.0,-6.0,-36.0
1776886026.2501028,-2.0,-9.0,-37.0
1776886026.2601027,-1.0,-10.0,-39.0
1776886026.2701027,4.0,-10.0,-46.0
1776886026.2801027,9.0,-9.0,-49.0
1776886026.2901027,9.0,-5.0,-47.0
1776886026.3001027,4.0,-3.0,-45.0
1776886026.3101027,0.0,-3.0,-42.0
1776886026.3201027,0.0,-5.0,-39.0
1776886026.3301027,-2.0,-7.0,-43.0
1776886026.340103,-1.0,-8.0,-42.0
1776886026.350103,0.0,-6.0,-41.0
1776886026.360103,-1.0,-6.0,-41.0
1776886026.3701026,-1.0,-7.0,-44.0
1776886026.3801026,-3.0,-10.0,-46.0
1776886026.3901026,-2.0,-12.0,-48.0
1776886026.4001029,-3.0,-7.0,-52.0
1776886026.4101028,-3.0,-6.0,-48.0
1776886026.4201028,-1.0,-6.0,-44.0
1776886026.4301028,0.0,-2.0,-41.0
1776886026.4401028,3.0,0.0,-40.0
1776886026.4501028,6.0,3.0,-37.0
1776886026.4601028,11.0,0.0,-47.0
1776886026.4701028,13.0,1.0,-43.0
1776886026.4801028,8.0,0.0,-49.0
1776886026.4901028,5.0,1.0,-45.0
1776886026.5001028,2.0,2.0,-41.0
1776886026.5101027,1.0,0.0,-43.0
1776886026.5201027,3.0,-3.0,-42.0
1776886026.5301027,3.0,-4.0,-41.0
1776886026.5401027,4.0,-4.0,-45.0
1776886026.5501027,4.0,-4.0,-48.0
1776886026.5601027,6.0,-1.0,-48.0
1776886026.5701027,7.0,1.0,-53.0
1776886026.5801027,9.0,1.0,-53.0
1776886026.590103,6.0,-2.0,-48.0
1776886026.600103,5.0,0.0,-44.0
1776886026.610103,7.0,-2.0,-44.0
1776886026.6201026,8.0,-2.0,-46.0
1776886026.6301026,7.0,-3.0,-45.0
1776886026.6401026,6.0,0.0,-47.0
1776886026.6501029,4.0,-2.0,-43.0
1776886026.6601028,4.0,-4.0,-40.0
1776886026.6701028,5.0,-7.0,-40.0
1776886026.6801028,5.0,-2.0,-37.0
1776886026.6901028,8.0,0.0,-39.0
1776886026.7001028,4.0,0.0,-40.0
1776886026.7101028,6.0,0.0,-38.0
1776886026.7211027,7.0,0.0,-41.0
1776886026.7311027,6.0,0.0,-43.0
1776886026.7411027,8.0,-1.0,-48.0
1776886026.7511027,3.0,-2.0,-36.0
1776886026.761103,2.0,-4.0,-30.0
1776886026.771103,0.0,-5.0,-32.0
1776886026.781103,0.0,0.0,-39.0
1776886026.7911026,0.0,-1.0,-45.0
1776886026.8011026,-1.0,-1.0,-42.0
1776886026.8111026,-3.0,-1.0,-46.0
1776886026.8211029,-3.0,0.0,-48.0
1776886026.8311028,-5.0,0.0,-49.0
1776886026.8411028,-2.0,0.0,-45.0
1776886026.8511028,-6.0,1.0,-41.0
1776886026.8611028,-3.0,0.0,-40.0
1776886026.8711028,0.0,0.0,-40.0
1776886026.8811028,-1.0,-4.0,-39.0
1776886026.8911028,2.0,-7.0,-34.0
1776886026.9011028,-1.0,-5.0,-31.0
1776886026.9111028,-2.0,-1.0,-30.0
1776886026.9211028,-5.0,-2.0,-33.0
1776886026.9311028,-6.0,-2.0,-37.0
1776886026.9411027,0.0,-2.0,-32.0
1776886026.9511027,-1.0,0.0,-32.0
1776886026.9611027,-3.0,1.0,-40.0
1776886026.9711027,-5.0,4.0,-44.0
1776886026.9811027,-2.0,3.0,-46.0
1776886026.9911027,1.0,0.0,-43.0
1776886027.0011027,0.0,1.0,-42.0
1776886027.011103,2.0,2.0,-32.0
1776886027.021103,2.0,3.0,-26.0
1776886027.031103,4.0,3.0,-33.0
1776886027.0411026,6.0,-1.0,-38.0
1776886027.0511026,7.0,-1.0,-44.0
1776886027.0611026,7.0,0.0,-43.0
1776886027.0711029,5.0,0.0,-43.0
1776886027.0811028,2.0,-4.0,-41.0
1776886027.0911028,2.0,-4.0,-40.0
1776886027.1011028,7.0,-5.0,-44.0
1776886027.1111028,4.0,-3.0,-48.0
1776886027.1211028,3.0,-2.0,-43.0
1776886027.1311028,0.0,2.0,-41.0
1776886027.1411028,0.0,3.0,-45.0
1776886027.1511028,-2.0,5.0,-54.0
1776886027.1611028,-5.0,8.0,-50.0
1776886027.1711028,-5.0,4.0,-50.0
1776886027.1811028,-2.0,0.0,-51.0
1776886027.1911027,-6.0,0.0,-43.0
1776886027.2011027,-3.0,-1.0,-40.0
1776886027.2111027,-4.0,-2.0,-40.0
1776886027.2211027,-3.0,1.0,-38.0
1776886027.2311027,-3.0,-1.0,-39.0
1776886027.2411027,2.0,0.0,-44.0
1776886027.2511027,3.0,5.0,-34.0
1776886027.261103,4.0,3.0,-35.0
1776886027.271103,7.0,0.0,-35.0
1776886027.281103,3.0,1.0,-30.0
1776886027.2911026,4.0,0.0,-28.0
1776886027.3011026,4.0,-1.0,-31.0
1776886027.3111026,4.0,-4.0,-35.0
1776886027.3211029,0.0,-3.0,-39.0
1776886027.3311028,0.0,-5.0,-35.0
1776886027.3411028,-3.0,-7.0,-42.0
1776886027.3511028,-10.0,-5.0,-29.0
1776886027.3611028,-7.0,-3.0,-28.0
1776886027.3711028,-1.0,-2.0,-25.0
1776886027.3811028,-1.0,-1.0,-28.0
1776886027.3911028,-5.0,-3.0,-32.0
1776886027.4011028,-3.0,-4.0,-32.0
1776886027.4111028,-1.0,-3.0,-31.0
1776886027.4211028,-1.0,0.0,-33.0
1776886027.4311028,-1.0,-2.0,-37.0
1776886027.4411027,0.0,-7.0,-40.0
1776886027.4511027,0.0,-11.0,-49.0
1776886027.4611027,1.0,-12.0,-44.0
1776886027.4711027,2.0,-7.0,-40.0
1776886027.4811027,1.0,-5.0,-35.0
1776886027.4911027,4.0,-9.0,-37.0
1776886027.5011027,2.0,-6.0,-34.0
1776886027.511103,2.0,-8.0,-40.0
1776886027.521103,3.0,-7.0,-40.0
1776886027.531103,5.0,-6.0,-36.0
1776886027.5411026,6.0,-8.0,-29.0
1776886027.5511026,3.0,-8.0,-26.0
1776886027.5611026,3.0,-4.0,-25.0
1776886027.5711029,4.0,-4.0,-27.0
1776886027.5811028,5.0,-5.0,-28.0
1776886027.5911028,7.0,-7.0,-29.0
1776886027.6011028,2.0,-4.0,-30.0
1776886027.6111028,1.0,-1.0,-33.0
1776886027.6211028,0.0,-3.0,-30.0
1776886027.6311028,3.0,-3.0,-30.0
1776886027.6411028,4.0,0.0,-35.0
1776886027.6511028,5.0,-1.0,-39.0
1776886027.6611028,4.0,7.0,-38.0
1776886027.6711028,2.0,6.0,-39.0
1776886027.6811028,0.0,3.0,-34.0
1776886027.6911027,0.0,4.0,-31.0
1776886027.7011027,-3.0,5.0,-36.0
1776886027.7111027,0.0,4.0,-45.0
1776886027.7211027,-2.0,3.0,-50.0
1776886027.7311027,-3.0,3.0,-53.0
1776886027.7411027,-3.0,2.0,-57.0
1776886027.7511027,-1.0,1.0,-58.0
1776886027.761103,1.0,0.0,-50.0
1776886027.771103,0.0,0.0,-44.0
1776886027.781103,-1.0,1.0,-38.0
1776886027.7911026,1.0,0.0,-40.0
1776886027.8011026,-1.0,3.0,-39.0
1776886027.8111026,-2.0,1.0,-42.0
1776886027.8211029,1.0,-3.0,-37.0
1776886027.8311028,-4.0,-3.0,-37.0
1776886027.8411028,-9.0,-7.0,-38.0
1776886027.8511028,-6.0,-7.0,-46.0
1776886027.8611028,-6.0,-7.0,-39.0
1776886027.8711028,-3.0,-10.0,-38.0
1776886027.8811028,-2.0,-9.0,-37.0
1776886027.8911028,0.0,-7.0,-37.0
1776886027.9011028,2.0,-7.0,-44.0
1776886027.9111028,4.0,-8.0,-43.0
1776886027.9211028,8.0,-4.0,-38.0
1776886027.9311028,9.0,-4.0,-41.0
1776886027.9411027,4.0,-4.0,-47.0
1776886027.9511027,6.0,-3.0,-50.0
1776886027.9611027,6.0,-4.0,-45.0
1776886027.9711027,8.0,-3.0,-52.0
1776886027.9811027,8.0,-1.0,-49.0
1776886027.9911027,3.0,-1.0,-48.0
1776886028.0011027,0.0,-3.0,-47.0
1776886028.011103,0.0,-3.0,-58.0
1776886028.021103,1.0,-4.0,-52.0
1776886028.031103,-2.0,-4.0,-47.0
1776886028.0411026,-2.0,-3.0,-43.0
1776886028.0511026,2.0,-8.0,-38.0
1776886028.0611026,5.0,-6.0,-39.0
1776886028.0711029,9.0,-6.0,-39.0
1776886028.0811028,7.0,-8.0,-39.0
1776886028.0911028,9.0,-2.0,-38.0
1776886028.1011028,8.0,0.0,-39.0
1776886028.1111028,8.0,1.0,-41.0
1776886028.1211028,2.0,1.0,-41.0
1776886028.1311028,-3.0,0.0,-42.0
1776886028.1411028,-4.0,2.0,-40.0
1776886028.1511028,-4.0,3.0,-39.0
1776886028.1611028,-5.0,4.0,-40.0
1776886028.1711028,0.0,1.0,-39.0
1776886028.1811028,2.0,0.0,-39.0
1776886028.1911027,3.0,4.0,-40.0
1776886028.2011027,0.0,6.0,-44.0
1776886028.2111027,-3.0,4.0,-43.0
1776886028.2211027,0.0,4.0,-44.0
1776886028.2311027,2.0,4.0,-47.0
1776886028.2411027,-1.0,5.0,-52.0
1776886028.2511027,2.0,2.0,-52.0
1776886028.261103,0.0,4.0,-48.0
1776886028.271103,0.0,-1.0,-42.0
1776886028.281103,0.0,-1.0,-38.0
1776886028.2911026,-6.0,-4.0,-38.0
1776886028.3011026,-4.0,-8.0,-43.0
1776886028.3111026,-6.0,-6.0,-41.0
1776886028.3211029,-5.0,0.0,-35.0
1776886028.3311028,-2.0,2.0,-36.0
1776886028.3411028,-1.0,0.0,-35.0
1776886028.3511028,0.0,-4.0,-31.0
1776886028.3611028,-1.0,-5.0,-33.0
1776886028.3711028,-3.0,-4.0,-35.0
1776886028.3811028,-5.0,-5.0,-41.0
1776886028.3911028,-1.0,-6.0,-41.0
1776886028.4011028,2.0,-6.0,-33.0
1776886028.4111028,0.0,-2.0,-38.0
1776886028.4211028,-1.0,-3.0,-49.0
1776886028.4311028,-3.0,-4.0,-45.0
1776886028.4411027,0.0,-3.0,-41.0
1776886028.4511027,-2.0,-2.0,-40.0
1776886028.4611027,1.0,-3.0,-36.0
1776886028.4711027,0.0,-2.0,-34.0
1776886028.4811027,-1.0,-2.0,-38.0
1776886028.4911027,-4.0,-3.0,-34.0
1776886028.5011027,-5.0,0.0,-31.0
1776886028.511103,-10.0,-3.0,-36.0
1776886028.521103,-8.0,-3.0,-39.0
1776886028.531103,-3.0,-1.0,-41.0
1776886028.5411026,0.0,-3.0,-45.0
1776886028.5511026,0.0,-3.0,-52.0
1776886028.5611026,-1.0,2.0,-49.0
1776886028.5711029,1.0,2.0,-40.0
1776886028.5811028,-2.0,3.0,-38.0
1776886028.5911028,-3.0,3.0,-44.0
1776886028.6011028,-2.0,5.0,-43.0
1776886028.6111028,-3.0,5.0,-39.0
1776886028.6211028,-3.0,8.0,-38.0
1776886028.6311028,1.0,5.0,-43.0
1776886028.6411028,-1.0,2.0,-49.0
1776886028.6511028,-3.0,8.0,-42.0
1776886028.6611028,-4.0,8.0,-42.0
1776886028.6711028,-6.0,9.0,-38.0
1776886028.6811028,-5.0,6.0,-32.0
1776886028.6911027,0.0,2.0,-34.0
1776886028.702103,0.0,0.0,-35.0
1776886028.712103,1.0,0.0,-36.0
1776886028.7221026,1.0,0.0,-42.0
1776886028.7321026,3.0,2.0,-37.0
1776886028.7421026,0.0,3.0,-44.0
1776886028.7521029,-1.0,-1.0,-46.0
1776886028.7621028,-3.0,-3.0,-45.0
1776886028.7721028,-5.0,-5.0,-47.0
1776886028.7821028,-1.0,-7.0,-49.0
1776886028.7921028,-2.0,-4.0,-53.0
1776886028.8021028,-3.0,0.0,-54.0
1776886028.8121028,-1.0,0.0,-51.0
1776886028.8221028,0.0,-2.0,-56.0
1776886028.8321028,0.0,4.0,-57.0
1776886028.8421028,3.0,5.0,-50.0
1776886028.8521028,4.0,4.0,-50.0
1776886028.8621027,5.0,2.0,-44.0
1776886028.8721027,7.0,0.0,-45.0
1776886028.8821027,4.0,0.0,-40.0
1776886028.8921027,3.0,-3.0,-36.0
1776886028.9021027,6.0,-3.0,-37.0
1776886028.9121027,2.0,-8.0,-32.0
1776886028.9221027,-2.0,-10.0,-35.0
1776886028.932103,-2.0,-7.0,-42.0
1776886028.942103,0.0,-4.0,-33.0
1776886028.952103,-2.0,-6.0,-39.0
1776886028.962103,-2.0,-6.0,-42.0
1776886028.9721026,-1.0,-7.0,-40.0
1776886028.9821026,-1.0,-8.0,-32.0
1776886028.9921026,0.0,-6.0,-35.0
1776886029.0021029,0.0,-8.0,-38.0
1776886029.0121028,0.0,-7.0,-38.0
1776886029.0221028,2.0,-9.0,-37.0
1776886029.0321028,4.0,-9.0,-43.0
1776886029.0421028,9.0,-10.0,-41.0
1776886029.0521028,8.0,-7.0,-46.0
1776886029.0621028,9.0,-6.0,-42.0
1776886029.0721028,14.0,-5.0,-43.0
1776886029.0821028,12.0,-6.0,-36.0
1776886029.0921028,9.0,0.0,-43.0
1776886029.1021028,5.0,1.0,-49.0
1776886029.1121027,3.0,-1.0,-44.0
1776886029.1221027,3.0,-3.0,-51.0
1776886029.1321027,0.0,0.0,-44.0
1776886029.1421027,3.0,0.0,-34.0
1776886029.1521027,7.0,2.0,-40.0
1776886029.1621027,4.0,1.0,-49.0
1776886029.1721027,4.0,2.0,-52.0
1776886029.182103,0.0,0.0,-53.0
1776886029.192103,0.0,-5.0,-45.0
1776886029.202103,3.0,-4.0,-49.0
1776886029.212103,4.0,-4.0,-48.0
1776886029.2221026,2.0,-3.0,-45.0
1776886029.2321026,1.0,-5.0,-45.0
1776886029.2421026,0.0,-3.0,-47.0
1776886029.2521029,0.0,-1.0,-46.0
1776886029.2621028,3.0,-1.0,-42.0
1776886029.2721028,-1.0,-2.0,-40.0
1776886029.2821028,-3.0,-4.0,-47.0
1776886029.2921028,-3.0,-4.0,-47.0
1776886029.3021028,-1.0,-5.0,-49.0
1776886029.3121028,-1.0,-6.0,-52.0
1776886029.3221028,0.0,-4.0,-42.0
1776886029.3321028,2.0,-4.0,-42.0
1776886029.3421028,6.0,-1.0,-44.0
1776886029.3521028,9.0,-2.0,-43.0
1776886029.3621027,5.0,-3.0,-46.0
1776886029.3721027,5.0,-3.0,-49.0
1776886029.3821027,5.0,0.0,-51.0
1776886029.3921027,2.0,-6.0,-46.0
1776886029.4021027,2.0,-7.0,-47.0
1776886029.4121027,1.0,-4.0,-48.0
1776886029.4221027,3.0,-5.0,-46.0
1776886029.432103,4.0,-6.0,-48.0
1776886029.442103,4.0,-3.0,-46.0
1776886029.452103,2.0,-6.0,-38.0
1776886029.462103,0.0,-5.0,-34.0
1776886029.4721026,-3.0,0.0,-34.0
1776886029.4821026,-1.0,0.0,-30.0
1776886029.4921026,2.0,4.0,-30.0
1776886029.5021029,2.0,-2.0,-37.0
1776886029.5121028,4.0,-5.0,-36.0
1776886029.5221028,2.0,-3.0,-36.0
1776886029.5321028,0.0,0.0,-41.0
1776886029.5421028,-1.0,1.0,-40.0
1776886029.5521028,1.0,1.0,-46.0
1776886029.5621028,5.0,-1.0,-39.0
1776886029.5721028,-3.0,-6.0,-36.0
1776886029.5821028,0.0,-5.0,-39.0
1776886029.5921028,-2.0,-3.0,-38.0
1776886029.6021028,-4.0,0.0,-38.0
1776886029.6121027,-5.0,-1.0,-40.0
1776886029.6221027,-7.0,3.0,-36.0
1776886029.6321027,-3.0,-1.0,-35.0
1776886029.6421027,-2.0,-2.0,-34.0
1776886029.6521027,-3.0,0.0,-28.0
1776886029.6621027,-5.0,-1.0,-32.0
1776886029.6721027,0.0,-3.0,-34.0
1776886029.682103,2.0,-2.0,-27.0
1776886029.692103,0.0,-3.0,-26.0
1776886029.702103,-4.0,-6.0,-24.0
1776886029.712103,-4.0,-6.0,-31.0
1776886029.7221026,-5.0,-4.0,-37.0
1776886029.7321026,-2.0,-6.0,-38.0
1776886029.7421026,1.0,-2.0,-40.0
1776886029.7521029,2.0,-2.0,-39.0
1776886029.7621028,5.0,-4.0,-35.0
1776886029.7721028,3.0,-1.0,-38.0
1776886029.7821028,4.0,6.0,-36.0
1776886029.7921028,2.0,8.0,-34.0
1776886029.8021028,0.0,6.0,-35.0
1776886029.8121028,0.0,5.0,-34.0
1776886029.8221028,-3.0,5.0,-32.0
1776886029.8321028,-1.0,0.0,-37.0
1776886029.8421028,-3.0,1.0,-31.0
1776886029.8521028,-4.0,4.0,-34.0
1776886029.8621027,-2.0,5.0,-36.0
1776886029.8721027,0.0,1.0,-44.0
1776886029.8821027,3.0,0.0,-41.0
1776886029.8921027,6.0,-4.0,-38.0
1776886029.9021027,2.0,-5.0,-39.0
1776886029.9121027,0.0,-7.0,-47.0
1776886029.9221027,6.0,-7.0,-44.0
1776886029.932103,8.0,-5.0,-40.0
1776886029.942103,8.0,-5.0,-42.0
1776886029.952103,7.0,-3.0,-42.0
1776886029.962103,8.0,-1.0,-40.0
1776886029.9721026,12.0,0.0,-33.0
1776886029.9821026,11.0,-3.0,-32.0
1776886029.9921026,7.0,-3.0,-34.0
1776886030.0021029,10.0,-2.0,-39.0
1776886030.0121028,10.0,-6.0,-37.0
1776886030.0221028,7.0,-3.0,-36.0
1776886030.0321028,3.0,0.0,-39.0
1776886030.0421028,1.0,-1.0,-40.0
1776886030.0521028,-2.0,0.0,-39.0
1776886030.0621028,0.0,-1.0,-35.0
1776886030.0721028,-2.0,0.0,-36.0
1776886030.0821028,-5.0,-2.0,-42.0
1776886030.0921028,-7.0,-2.0,-40.0
1776886030.1021028,-7.0,0.0,-42.0
1776886030.1121027,-3.0,-1.0,-44.0
1776886030.1221027,-3.0,0.0,-44.0
1776886030.1321027,0.0,-1.0,-48.0
1776886030.1421027,-1.0,-1.0,-48.0
1776886030.1521027,0.0,-2.0,-47.0
1776886030.1621027,0.0,1.0,-47.0
1776886030.1721027,-1.0,4.0,-43.0
1776886030.182103,-3.0,7.0,-46.0
1776886030.192103,-3.0,2.0,-51.0
1776886030.202103,-4.0,-1.0,-51.0
1776886030.212103,-2.0,-3.0,-40.0
1776886030.2221026,-2.0,-3.0,-41.0
1776886030.2321026,-1.0,0.0,-39.0
1776886030.2421026,0.0,1.0,-41.0
1776886030.2521029,2.0,0.0,-39.0
1776886030.2621028,0.0,0.0,-34.0
1776886030.2721028,-1.0,0.0,-31.0
1776886030.2821028,1.0,-5.0,-37.0
1776886030.2921028,0.0,-7.0,-33.0
1776886030.3021028,4.0,-7.0,-30.0
1776886030.3121028,2.0,-4.0,-28.0
1776886030.3221028,3.0,-7.0,-33.0
1776886030.3321028,3.0,-3.0,-34.0
1776886030.3421028,4.0,-3.0,-31.0
1776886030.3521028,1.0,-3.0,-28.0
1776886030.3621027,0.0,-7.0,-34.0
1776886030.3721027,3.0,-3.0,-44.0
1776886030.3821027,2.0,0.0,-49.0
1776886030.3921027,3.0,1.0,-45.0
1776886030.4021027,3.0,4.0,-42.0
1776886030.4121027,5.0,3.0,-40.0
1776886030.4221027,5.0,0.0,-36.0
1776886030.432103,9.0,0.0,-38.0
1776886030.442103,8.0,0.0,-46.0
1776886030.452103,12.0,0.0,-47.0
1776886030.462103,12.0,-5.0,-43.0
1776886030.4721026,12.0,-7.0,-36.0
1776886030.4821026,11.0,-4.0,-35.0
1776886030.4921026,5.0,-5.0,-33.0
1776886030.5021029,2.0,-2.0,-35.0
1776886030.5121028,0.0,0.0,-32.0
1776886030.5221028,-1.0,2.0,-34.0
1776886030.5321028,0.0,0.0,-43.0
1776886030.5421028,-1.0,-4.0,-43.0
1776886030.5521028,-2.0,-4.0,-44.0
1776886030.5621028,-3.0,-2.0,-44.0
1776886030.5721028,1.0,-3.0,-45.0
1776886030.5821028,1.0,-1.0,-45.0
1776886030.5921028,2.0,-8.0,-43.0
1776886030.6021028,0.0,-9.0,-38.0
1776886030.6121027,-5.0,-7.0,-36.0
1776886030.6221027,-10.0,-8.0,-38.0
1776886030.6321027,-5.0,-8.0,-40.0
1776886030.6421027,-5.0,-4.0,-42.0
1776886030.6521027,-3.0,-4.0,-33.0
1776886030.6621027,-4.0,-3.0,-38.0
1776886030.6721027,-2.0,-4.0,-38.0
1776886030.682103,0.0,-1.0,-34.0
1776886030.692103,-3.0,0.0,-37.0
1776886030.702103,-1.0,0.0,-37.0
1776886030.7131028,-2.0,0.0,-37.0
1776886030.7231028,0.0,0.0,-39.0
1776886030.7331028,5.0,0.0,-44.0
1776886030.7431028,4.0,-1.0,-45.0
1776886030.7531028,2.0,-1.0,-44.0
1776886030.7631028,0.0,0.0,-40.0
1776886030.7731028,-1.0,0.0,-42.0
1776886030.7821028,-3.0,4.0,-40.0
1776886030.7931027,0.0,3.0,-35.0
1776886030.8031027,0.0,8.0,-35.0
1776886030.8131027,0.0,8.0,-34.0
1776886030.8231027,0.0,6.0,-31.0
1776886030.8331027,2.0,5.0,-38.0
1776886030.8431027,-2.0,4.0,-46.0
1776886030.8531027,-4.0,6.0,-46.0
1776886030.863103,-2.0,5.0,-50.0
1776886030.873103,-5.0,3.0,-48.0
1776886030.883103,-3.0,2.0,-47.0
1776886030.8931026,-4.0,1.0,-49.0
1776886030.9031026,-2.0,-2.0,-52.0
1776886030.9131026,1.0,0.0,-49.0
1776886030.9231029,0.0,-5.0,-48.0
1776886030.9331028,1.0,-3.0,-48.0
1776886030.9431028,0.0,-2.0,-47.0
1776886030.9531028,0.0,-3.0,-41.0
1776886030.9631028,4.0,-7.0,-40.0
1776886030.9731028,4.0,-4.0,-48.0
1776886030.9831028,5.0,-7.0,-49.0
1776886030.9931028,1.0,-9.0,-52.0
1776886031.0031028,1.0,-9.0,-51.0
1776886031.0131028,1.0,-10.0,-53.0
1776886031.0231028,-4.0,-6.0,-56.0
1776886031.0331028,-5.0,-3.0,-53.0
1776886031.0431027,-2.0,-5.0,-46.0
1776886031.0531027,-2.0,-1.0,-47.0
1776886031.0631027,0.0,0.0,-50.0
1776886031.0731027,-2.0,-3.0,-51.0
1776886031.0831027,0.0,-3.0,-44.0
1776886031.0931027,0.0,1.0,-42.0
1776886031.1031027,-5.0,0.0,-49.0
1776886031.113103,-5.0,0.0,-58.0
1776886031.123103,-4.0,0.0,-60.0
1776886031.133103,2.0,0.0,-62.0
1776886031.1431026,6.0,0.0,-54.0
1776886031.1531026,3.0,2.0,-51.0
1776886031.1631026,2.0,0.0,-54.0
1776886031.1731029,1.0,0.0,-56.0
1776886031.1831028,1.0,0.0,-53.0
1776886031.1931028,5.0,-2.0,-50.0
1776886031.2031028,3.0,-6.0,-43.0
1776886031.2131028,1.0,-7.0,-41.0
1776886031.2231028,1.0,-1.0,-43.0
1776886031.2331028,1.0,-1.0,-46.0
1776886031.2431028,-1.0,0.0,-48.0
1776886031.2531028,-6.0,0.0,-48.0
1776886031.2631028,-5.0,-1.0,-40.0
1776886031.2731028,-4.0,0.0,-41.0
1776886031.2831028,-1.0,-3.0,-38.0
1776886031.2931027,3.0,-10.0,-37.0
1776886031.3031027,7.0,-8.0,-46.0
1776886031.3131027,3.0,-6.0,-48.0
1776886031.3231027,5.0,-6.0,-46.0
1776886031.3331027,2.0,-9.0,-42.0
1776886031.3431027,1.0,-5.0,-38.0
1776886031.3531027,-3.0,-4.0,-39.0
1776886031.363103,-3.0,-4.0,-43.0
1776886031.373103,-6.0,-4.0,-44.0
1776886031.383103,-2.0,-4.0,-38.0
1776886031.3931026,3.0,-5.0,-45.0
1776886031.4031026,3.0,-3.0,-42.0
1776886031.4131026,-1.0,-5.0,-43.0
1776886031.4231029,0.0,-8.0,-40.0
1776886031.4331028,-4.0,-5.0,-34.0
1776886031.4431028,-7.0,-6.0,-34.0
1776886031.4531028,-5.0,-4.0,-40.0
1776886031.4631028,-6.0,-3.0,-37.0
1776886031.4731028,-4.0,-3.0,-46.0
1776886031.4831028,-3.0,-5.0,-48.0
1776886031.4931028,-4.0,-5.0,-41.0
1776886031.5031028,-5.0,-5.0,-37.0
1776886031.5131028,5.0,-7.0,-36.0
1776886031.5231028,1.0,-9.0,-44.0
1776886031.5331028,4.0,-8.0,-44.0
1776886031.5431027,9.0,-7.0,-45.0
1776886031.5531027,2.0,-7.0,-46.0
1776886031.5631027,-1.0,-4.0,-49.0
1776886031.5731027,0.0,-6.0,-43.0
1776886031.5831027,0.0,-5.0,-37.0
1776886031.5931027,-3.0,-4.0,-39.0
1776886031.6031027,-4.0,-3.0,-34.0
1776886031.613103,4.0,-2.0,-30.0
1776886031.623103,3.0,-2.0,-29.0
1776886031.633103,2.0,-3.0,-33.0
1776886031.6431026,4.0,1.0,-43.0
1776886031.6531026,2.0,4.0,-42.0
1776886031.6631026,1.0,0.0,-43.0
1776886031.6731029,0.0,-4.0,-43.0
1776886031.6831028,-5.0,-3.0,-46.0
1776886031.6931028,-6.0,0.0,-44.0
1776886031.7031028,-9.0,3.0,-39.0
1776886031.7131028,-6.0,-2.0,-43.0
1776886031.7231028,-1.0,-1.0,-46.0
1776886031.7331028,-4.0,1.0,-44.0
1776886031.7431028,-3.0,0.0,-47.0
1776886031.7531028,1.0,-1.0,-46.0
1776886031.7631028,2.0,-8.0,-38.0
1776886031.7731028,3.0,-9.0,-40.0
1776886031.7831028,4.0,-7.0,-40.0
1776886031.7931027,0.0,-10.0,-40.0
1776886031.8031027,0.0,-7.0,-39.0
1776886031.8131027,-2.0,-3.0,-38.0
1776886031.8231027,-2.0,2.0,-32.0
1776886031.8331027,-2.0,0.0,-30.0
1776886031.8431027,0.0,1.0,-34.0
1776886031.8531027,0.0,6.0,-38.0
1776886031.863103,3.0,3.0,-37.0
1776886031.873103,1.0,1.0,-41.0
1776886031.883103,-1.0,-3.0,-39.0
1776886031.8931026,-1.0,-5.0,-40.0
1776886031.9031026,0.0,1.0,-43.0
1776886031.9131026,-1.0,1.0,-43.0
1776886031.9231029,0.0,0.0,-44.0
1776886031.9331028,0.0,0.0,-41.0
1776886031.9431028,2.0,-2.0,-44.0
1776886031.9531028,3.0,-3.0,-47.0
1776886031.9631028,0.0,-4.0,-36.0
1776886031.9731028,1.0,0.0,-35.0
1776886031.9831028,-1.0,0.0,-43.0
1776886031.9931028,-1.0,-2.0,-40.0
1776886032.0031028,0.0,3.0,-33.0
1776886032.0131028,-3.0,3.0,-33.0
1776886032.0231028,-4.0,3.0,-37.0
1776886032.0331028,-2.0,-1.0,-35.0
1776886032.0431027,-2.0,-4.0,-32.0
1776886032.0531027,-1.0,-2.0,-32.0
1776886032.0631027,-5.0,-1.0,-34.0
1776886032.0731027,-3.0,-1.0,-33.0
1776886032.0831027,-3.0,-3.0,-34.0
1776886032.0931027,-2.0,-3.0,-35.0
1776886032.1031027,0.0,-6.0,-32.0
1776886032.113103,0.0,-3.0,-33.0
1776886032.123103,-1.0,-1.0,-35.0
1776886032.133103,3.0,-2.0,-39.0
1776886032.1431026,-1.0,-3.0,-37.0
1776886032.1531026,3.0,-7.0,-33.0
1776886032.1631026,4.0,-7.0,-37.0
1776886032.1731029,3.0,-2.0,-43.0
1776886032.1831028,4.0,-3.0,-45.0
1776886032.1931028,4.0,-5.0,-40.0
1776886032.2031028,3.0,-3.0,-38.0
1776886032.2131028,3.0,-3.0,-37.0
1776886032.2231028,5.0,-2.0,-41.0
1776886032.2331028,3.0,-2.0,-41.0
1776886032.2431028,1.0,0.0,-38.0
1776886032.2531028,5.0,0.0,-41.0
1776886032.2631028,2.0,-2.0,-40.0
1776886032.2731028,1.0,-2.0,-47.0
1776886032.2831028,0.0,-1.0,-49.0
1776886032.2931027,3.0,-1.0,-51.0
1776886032.3031027,0.0,-3.0,-50.0
1776886032.3131027,0.0,-1.0,-55.0
1776886032.3231027,5.0,-3.0,-45.0
1776886032.3331027,2.0,-3.0,-46.0
1776886032.3431027,0.0,-3.0,-48.0
1776886032.3531027,-3.0,-5.0,-47.0
1776886032.363103,1.0,-8.0,-47.0
1776886032.373103,1.0,-4.0,-47.0
1776886032.383103,-3.0,-3.0,-48.0
1776886032.3931026,-1.0,-5.0,-42.0
1776886032.4031026,1.0,-4.0,-39.0
1776886032.4131026,7.0,-4.0,-32.0
1776886032.4231029,11.0,-3.0,-31.0
1776886032.4331028,4.0,-2.0,-38.0
1776886032.4431028,0.0,0.0,-41.0
1776886032.4531028,3.0,2.0,-43.0
1776886032.4631028,3.0,3.0,-44.0
1776886032.4731028,0.0,1.0,-38.0
1776886032.4831028,-4.0,0.0,-32.0
1776886032.4941027,-4.0,2.0,-28.0
1776886032.5031028,-3.0,5.0,-33.0
1776886032.5131028,-1.0,9.0,-35.0
1776886032.5231028,0.0,7.0,-37.0
1776886032.5331028,4.0,2.0,-35.0
1776886032.5431027,0.0,0.0,-38.0
1776886032.5531027,0.0,0.0,-41.0
1776886032.5631027,0.0,3.0,-43.0
1776886032.5731027,3.0,5.0,-47.0
1776886032.5831027,3.0,0.0,-42.0
1776886032.5931027,3.0,-2.0,-42.0
1776886032.6031027,6.0,1.0,-42.0
1776886032.613103,6.0,0.0,-38.0
1776886032.623103,5.0,0.0,-40.0
1776886032.633103,10.0,0.0,-38.0
1776886032.6431026,12.0,1.0,-37.0
1776886032.6531026,11.0,-1.0,-40.0
1776886032.6631026,8.0,-2.0,-40.0
1776886032.6741028,6.0,-4.0,-44.0
1776886032.6831028,5.0,-3.0,-47.0
1776886032.6941028,3.0,-3.0,-49.0
1776886032.7041028,5.0,-3.0,-41.0
1776886032.7141027,2.0,-3.0,-38.0
1776886032.7241027,0.0,-6.0,-31.0
1776886032.7341027,-3.0,-6.0,-31.0
1776886032.7441027,-3.0,-8.0,-37.0
1776886032.7541027,-3.0,-6.0,-43.0
1776886032.7641027,-5.0,-4.0,-45.0
1776886032.7741027,-2.0,0.0,-46.0
1776886032.784103,1.0,1.0,-48.0
1776886032.794103,0.0,2.0,-48.0
1776886032.804103,-3.0,0.0,-44.0
1776886032.8141026,0.0,-1.0,-42.0
1776886032.8241026,0.0,-7.0,-47.0
1776886032.8341026,4.0,-8.0,-42.0
1776886032.8441026,7.0,-7.0,-42.0
1776886032.8541028,4.0,-4.0,-37.0
1776886032.8641028,0.0,0.0,-39.0
1776886032.8741028,2.0,-4.0,-36.0
1776886032.8841028,3.0,-9.0,-41.0
1776886032.8941028,7.0,-5.0,-45.0
1776886032.9041028,3.0,1.0,-41.0
1776886032.9141028,1.0,0.0,-33.0
1776886032.9241028,0.0,0.0,-32.0
1776886032.9341028,1.0,1.0,-36.0
1776886032.9441028,0.0,1.0,-42.0
1776886032.9541028,1.0,2.0,-45.0
1776886032.9641027,1.0,-2.0,-53.0
1776886032.9741027,-1.0,1.0,-52.0
1776886032.9841027,-3.0,2.0,-43.0
1776886032.9941027,0.0,-3.0,-37.0
1776886033.0041027,1.0,-7.0,-42.0
1776886033.0141027,-1.0,-7.0,-42.0
1776886033.0241027,3.0,-6.0,-33.0
1776886033.034103,1.0,-6.0,-30.0
1776886033.044103,-2.0,-1.0,-28.0
1776886033.054103,-4.0,0.0,-29.0
1776886033.0641026,-1.0,-5.0,-29.0
1776886033.0741026,-5.0,-2.0,-29.0
1776886033.0841026,-2.0,0.0,-35.0
1776886033.0941026,1.0,1.0,-37.0
1776886033.1041028,3.0,0.0,-39.0
1776886033.1141028,3.0,0.0,-41.0
1776886033.1241028,6.0,0.0,-41.0
1776886033.1341028,8.0,-4.0,-44.0
1776886033.1441028,6.0,-4.0,-39.0
1776886033.1541028,2.0,-5.0,-36.0
1776886033.1641028,-2.0,-4.0,-39.0
1776886033.1741028,-2.0,-8.0,-36.0
1776886033.1841028,-4.0,-3.0,-32.0
1776886033.1941028,-3.0,-6.0,-34.0
1776886033.2041028,0.0,-5.0,-34.0
1776886033.2141027,-1.0,-6.0,-39.0
1776886033.2241027,3.0,-10.0,-41.0
1776886033.2341027,3.0,-4.0,-43.0
1776886033.2441027,1.0,-5.0,-46.0
1776886033.2541027,6.0,-7.0,-47.0
1776886033.2641027,5.0,-5.0,-48.0
1776886033.2741027,3.0,-4.0,-42.0
1776886033.284103,6.0,-4.0,-36.0
1776886033.294103,3.0,-5.0,-37.0
1776886033.304103,3.0,0.0,-36.0
1776886033.3141026,5.0,-1.0,-42.0
1776886033.3241026,6.0,-1.0,-36.0
1776886033.3341026,9.0,0.0,-37.0
1776886033.3441026,10.0,-3.0,-37.0
1776886033.3541028,8.0,-2.0,-30.0
1776886033.3641028,5.0,-3.0,-33.0
1776886033.3741028,5.0,-2.0,-30.0
1776886033.3841028,0.0,-5.0,-35.0
1776886033.3941028,-1.0,-1.0,-33.0
1776886033.4041028,1.0,-4.0,-39.0
1776886033.4141028,6.0,-1.0,-36.0
1776886033.4241028,3.0,-1.0,-41.0
1776886033.4341028,4.0,-1.0,-44.0
1776886033.4441028,8.0,0.0,-41.0
1776886033.4541028,8.0,-1.0,-41.0
1776886033.4641027,5.0,-3.0,-48.0
1776886033.4741027,0.0,0.0,-41.0
1776886033.4841027,0.0,0.0,-45.0
1776886033.4941027,0.0,-1.0,-41.0
1776886033.5041027,-4.0,-2.0,-36.0
1776886033.5141027,0.0,1.0,-35.0
1776886033.5241027,1.0,-1.0,-40.0
1776886033.534103,1.0,-3.0,-50.0
1776886033.544103,7.0,-3.0,-51.0
1776886033.554103,9.0,-6.0,-48.0
1776886033.5641026,6.0,-5.0,-44.0
1776886033.5741026,9.0,-3.0,-43.0
1776886033.5841026,10.0,-4.0,-41.0
1776886033.5941026,10.0,-1.0,-39.0
1776886033.6041028,4.0,-3.0,-38.0
1776886033.6141028,7.0,-5.0,-39.0
1776886033.6241028,7.0,-6.0,-36.0
1776886033.6341028,7.0,-6.0,-32.0
1776886033.6441028,10.0,-3.0,-34.0
1776886033.6541028,4.0,-1.0,-37.0
1776886033.6641028,3.0,0.0,-42.0
1776886033.6741028,4.0,0.0,-42.0
1776886033.6841028,0.0,0.0,-43.0
1776886033.6941028,-8.0,-1.0,-40.0
1776886033.7041028,-5.0,2.0,-41.0
1776886033.7141027,1.0,2.0,-35.0
1776886033.7241027,0.0,4.0,-43.0
1776886033.7341027,-2.0,-1.0,-43.0
1776886033.7441027,-2.0,-1.0,-40.0
1776886033.7541027,-5.0,-1.0,-37.0
1776886033.7641027,-6.0,-1.0,-32.0
1776886033.7741027,-5.0,0.0,-31.0
1776886033.784103,-4.0,-1.0,-33.0
1776886033.794103,0.0,-1.0,-38.0
1776886033.804103,0.0,4.0,-29.0
1776886033.8141026,3.0,3.0,-34.0
1776886033.8241026,3.0,0.0,-39.0
1776886033.8341026,5.0,0.0,-38.0
1776886033.8441026,0.0,-3.0,-35.0
1776886033.8541028,5.0,-2.0,-36.0
1776886033.8641028,0.0,-4.0,-38.0
1776886033.8741028,0.0,-2.0,-34.0
1776886033.8841028,-2.0,-1.0,-37.0
1776886033.8941028,-4.0,0.0,-39.0
1776886033.9041028,-6.0,-3.0,-35.0
1776886033.9141028,-6.0,-1.0,-35.0
1776886033.9241028,-4.0,0.0,-38.0
1776886033.9341028,0.0,4.0,-35.0
1776886033.9441028,-3.0,2.0,-34.0
1776886033.9541028,-2.0,-1.0,-36.0
1776886033.9641027,1.0,0.0,-42.0
1776886033.9741027,0.0,1.0,-42.0
1776886033.9841027,0.0,1.0,-42.0
1776886033.9941027,1.0,1.0,-43.0
1776886034.0041027,1.0,2.0,-41.0
1776886034.0141027,1.0,-1.0,-38.0
1776886034.0241027,1.0,3.0,-43.0
1776886034.034103,3.0,2.0,-44.0
1776886034.044103,2.0,5.0,-43.0
1776886034.054103,0.0,7.0,-49.0
1776886034.0641026,0.0,6.0,-51.0
1776886034.0741026,-4.0,6.0,-49.0
1776886034.0841026,-4.0,9.0,-48.0
1776886034.0941026,-3.0,5.0,-46.0
1776886034.1041028,-3.0,2.0,-41.0
1776886034.1141028,0.0,4.0,-38.0
1776886034.1241028,-4.0,2.0,-40.0
1776886034.1341028,1.0,2.0,-38.0
1776886034.1441028,0.0,0.0,-33.0
1776886034.1541028,-1.0,0.0,-28.0
1776886034.1641028,0.0,0.0,-35.0
1776886034.1741028,1.0,-3.0,-35.0
1776886034.1841028,1.0,-2.0,-38.0
1776886034.1941028,2.0,-5.0,-42.0
1776886034.2041028,-1.0,-1.0,-37.0
1776886034.2141027,2.0,-5.0,-35.0
1776886034.2241027,0.0,-3.0,-33.0
1776886034.2341027,1.0,0.0,-29.0
1776886034.2441027,5.0,-2.0,-35.0
1776886034.2541027,4.0,0.0,-48.0
1776886034.2641027,4.0,2.0,-50.0
1776886034.2741027,2.0,3.0,-49.0
1776886034.284103,2.0,-1.0,-48.0
1776886034.294103,0.0,-7.0,-43.0
1776886034.304103,-5.0,-9.0,-42.0
1776886034.3141026,-2.0,-7.0,-43.0
1776886034.3241026,-2.0,0.0,-44.0
1776886034.3341026,-1.0,-5.0,-52.0
1776886034.3441026,4.0,-6.0,-41.0
1776886034.3541028,5.0,-11.0,-36.0
1776886034.3641028,2.0,-11.0,-34.0
1776886034.3741028,-1.0,-7.0,-34.0
1776886034.3841028,-1.0,-9.0,-42.0
1776886034.3941028,0.0,-2.0,-43.0
1776886034.4041028,1.0,-3.0,-41.0
1776886034.4141028,0.0,0.0,-36.0
1776886034.4241028,1.0,-1.0,-35.0
1776886034.4341028,4.0,0.0,-32.0
1776886034.4441028,5.0,2.0,-31.0
1776886034.4541028,4.0,1.0,-31.0
1776886034.4641027,4.0,3.0,-36.0
1776886034.4741027,0.0,2.0,-43.0
1776886034.4841027,1.0,-1.0,-40.0
1776886034.4941027,1.0,1.0,-40.0
1776886034.5041027,-2.0,0.0,-41.0
1776886034.5141027,-5.0,2.0,-45.0
1776886034.5241027,-9.0,1.0,-45.0
1776886034.534103,-13.0,0.0,-37.0
1776886034.544103,-11.0,-2.0,-34.0
1776886034.554103,-9.0,-3.0,-34.0
1776886034.5641026,-7.0,-1.0,-36.0
1776886034.5741026,-7.0,-1.0,-39.0
1776886034.5841026,-4.0,0.0,-39.0
1776886034.5941026,0.0,0.0,-37.0
1776886034.6041028,0.0,1.0,-37.0
1776886034.6141028,0.0,0.0,-40.0
1776886034.6241028,0.0,-3.0,-44.0
1776886034.6341028,0.0,0.0,-45.0
1776886034.6451027,0.0,-1.0,-44.0
1776886034.6541028,-2.0,0.0,-43.0
1776886034.6641028,-1.0,2.0,-36.0
1776886034.6741028,0.0,5.0,-35.0
1776886034.6851027,-1.0,7.0,-41.0
1776886034.6951027,-1.0,5.0,-44.0
1776886034.7051027,0.0,3.0,-39.0
1776886034.715103,0.0,3.0,-39.0
1776886034.725103,-4.0,4.0,-38.0
1776886034.735103,0.0,1.0,-35.0
1776886034.7451026,-1.0,1.0,-37.0
1776886034.7551026,0.0,0.0,-40.0
1776886034.7651026,0.0,4.0,-41.0
1776886034.7751029,1.0,1.0,-39.0
1776886034.7851028,2.0,2.0,-42.0
1776886034.7951028,-3.0,1.0,-41.0
1776886034.8051028,-5.0,4.0,-40.0
1776886034.8151028,-2.0,8.0,-40.0
1776886034.8251028,0.0,2.0,-44.0
1776886034.8351028,-4.0,-1.0,-37.0
1776886034.8451028,-4.0,-6.0,-38.0
1776886034.8551028,-4.0,-3.0,-48.0
1776886034.8651028,-2.0,-6.0,-43.0
1776886034.8751028,3.0,-5.0,-48.0
1776886034.8851027,0.0,-1.0,-41.0
1776886034.8951027,0.0,1.0,-42.0
1776886034.9051027,-1.0,-3.0,-47.0
1776886034.9151027,-3.0,-5.0,-49.0
1776886034.9251027,0.0,-6.0,-47.0
1776886034.9351027,-1.0,-9.0,-49.0
1776886034.9451027,1.0,-11.0,-42.0
1776886034.9551027,-1.0,-8.0,-42.0
1776886034.965103,0.0,-11.0,-36.0
1776886034.975103,-2.0,-10.0,-42.0
1776886034.985103,0.0,-3.0,-41.0
1776886034.9951026,0.0,-3.0,-37.0
1776886035.0051026,3.0,-3.0,-34.0
1776886035.0151026,2.0,-3.0,-34.0
1776886035.0251029,5.0,-5.0,-39.0
1776886035.0351028,4.0,-5.0,-34.0
1776886035.0451028,1.0,-5.0,-32.0
1776886035.0551028,-1.0,-3.0,-39.0
1776886035.0651028,-4.0,0.0,-47.0
1776886035.0751028,-3.0,-2.0,-52.0
1776886035.0851028,-5.0,1.0,-52.0
1776886035.0951028,-6.0,1.0,-56.0
1776886035.1051028,-9.0,0.0,-45.0
1776886035.1151028,-9.0,-1.0,-39.0
1776886035.1251028,-4.0,1.0,-39.0
1776886035.1351027,0.0,0.0,-42.0
1776886035.1451027,0.0,2.0,-36.0
1776886035.1551027,-2.0,6.0,-33.0
1776886035.1651027,2.0,8.0,-33.0
1776886035.1751027,1.0,4.0,-33.0
1776886035.1851027,4.0,6.0,-38.0
1776886035.1951027,6.0,4.0,-37.0
1776886035.2051027,2.0,4.0,-35.0
1776886035.215103,3.0,1.0,-40.0
1776886035.225103,4.0,0.0,-36.0
1776886035.235103,1.0,1.0,-35.0
1776886035.2451026,3.0,-1.0,-37.0
1776886035.2551026,9.0,-3.0,-39.0
1776886035.2651026,8.0,-4.0,-36.0
1776886035.2751029,7.0,-11.0,-34.0
1776886035.2851028,5.0,-11.0,-34.0
1776886035.2951028,4.0,-8.0,-35.0
1776886035.3051028,-1.0,-10.0,-39.0
1776886035.3151028,-1.0,-6.0,-36.0
1776886035.3251028,2.0,-1.0,-36.0
1776886035.3351028,6.0,-3.0,-36.0
1776886035.3451028,7.0,-4.0,-36.0
1776886035.3551028,8.0,0.0,-35.0
1776886035.3651028,4.0,1.0,-33.0
1776886035.3751028,4.0,0.0,-41.0
1776886035.3851027,3.0,1.0,-45.0
1776886035.3951027,2.0,3.0,-45.0
1776886035.4051027,1.0,3.0,-36.0
1776886035.4151027,1.0,0.0,-34.0
1776886035.4251027,-4.0,-3.0,-34.0
1776886035.4351027,0.0,-5.0,-35.0
1776886035.4451027,-1.0,-4.0,-33.0
1776886035.4551027,-1.0,-6.0,-43.0
1776886035.465103,2.0,-10.0,-45.0
1776886035.475103,0.0,-10.0,-44.0
1776886035.485103,-1.0,-9.0,-51.0
1776886035.4951026,-3.0,-8.0,-53.0
1776886035.5051026,0.0,-10.0,-53.0
1776886035.5151026,0.0,-9.0,-48.0
1776886035.5251029,0.0,-5.0,-47.0
1776886035.5351028,-1.0,-3.0,-46.0
1776886035.5451028,-1.0,0.0,-39.0
1776886035.5551028,0.0,2.0,-30.0
1776886035.5651028,1.0,0.0,-26.0
1776886035.5751028,0.0,-3.0,-31.0
1776886035.5851028,0.0,-2.0,-42.0
1776886035.5951028,2.0,1.0,-42.0
1776886035.6051028,4.0,-2.0,-42.0
1776886035.6151028,1.0,-3.0,-42.0
1776886035.6251028,-1.0,-7.0,-36.0
1776886035.6351027,0.0,-1.0,-37.0
1776886035.6451027,0.0,-3.0,-41.0
1776886035.6551027,3.0,-2.0,-39.0
1776886035.6651027,1.0,-3.0,-42.0
1776886035.6751027,-1.0,-8.0,-38.0
1776886035.6851027,-7.0,-10.0,-36.0
1776886035.6951027,-5.0,-12.0,-38.0
1776886035.7051027,-1.0,-10.0,-34.0
1776886035.715103,0.0,-11.0,-41.0
1776886035.725103,-3.0,-11.0,-45.0
1776886035.735103,-2.0,-11.0,-48.0
1776886035.7451026,-2.0,-6.0,-45.0
1776886035.7551026,0.0,-3.0,-43.0
1776886035.7651026,1.0,-5.0,-45.0
1776886035.7751029,1.0,-4.0,-42.0
1776886035.7851028,-1.0,-5.0,-42.0
1776886035.7951028,0.0,-4.0,-42.0
1776886035.8051028,-3.0,-6.0,-41.0
1776886035.8151028,-3.0,-6.0,-41.0
1776886035.8251028,0.0,-3.0,-51.0
1776886035.8351028,-3.0,-2.0,-45.0
1776886035.8451028,0.0,-4.0,-43.0
1776886035.8551028,0.0,-4.0,-47.0
1776886035.8651028,0.0,-6.0,-49.0
1776886035.8751028,0.0,-8.0,-43.0
1776886035.8851027,2.0,-7.0,-42.0
1776886035.8951027,6.0,-6.0,-43.0
1776886035.9051027,5.0,-5.0,-41.0
1776886035.9151027,1.0,-8.0,-41.0
1776886035.9251027,0.0,-9.0,-47.0
1776886035.9351027,0.0,-9.0,-42.0
1776886035.9451027,0.0,-6.0,-44.0
1776886035.9551027,2.0,-6.0,-47.0
1776886035.965103,7.0,-7.0,-49.0
1776886035.975103,8.0,-3.0,-46.0
1776886035.985103,8.0,-4.0,-46.0
1776886035.9951026,12.0,-3.0,-46.0
1776886036.0051026,6.0,-6.0,-47.0
1776886036.0151026,5.0,-10.0,-53.0
1776886036.0251029,2.0,-10.0,-54.0
1776886036.0351028,6.0,-9.0,-56.0
1776886036.0451028,5.0,-5.0,-48.0
1776886036.0551028,6.0,-2.0,-47.0
1776886036.0651028,7.0,-2.0,-39.0
1776886036.0751028,3.0,-5.0,-33.0
1776886036.0851028,3.0,-7.0,-37.0
1776886036.0951028,2.0,-5.0,-46.0
1776886036.1051028,3.0,-4.0,-44.0
1776886036.1151028,7.0,-2.0,-43.0
1776886036.1251028,3.0,-2.0,-40.0
1776886036.1351027,2.0,-8.0,-42.0
1776886036.1451027,0.0,-3.0,-43.0
1776886036.1551027,-1.0,-3.0,-49.0
1776886036.1651027,-3.0,-1.0,-50.0
1776886036.1751027,-2.0,1.0,-50.0
1776886036.1851027,0.0,4.0,-48.0
1776886036.1951027,3.0,0.0,-46.0
1776886036.2051027,6.0,0.0,-47.0
1776886036.215103,3.0,0.0,-44.0
1776886036.225103,-1.0,0.0,-42.0
1776886036.235103,-1.0,-2.0,-45.0
1776886036.2451026,-1.0,-5.0,-51.0
1776886036.2551026,0.0,-5.0,-53.0
1776886036.2651026,4.0,-2.0,-54.0
1776886036.2751029,8.0,-3.0,-46.0
1776886036.2851028,8.0,1.0,-47.0
1776886036.2951028,5.0,5.0,-47.0
1776886036.3051028,6.0,5.0,-48.0
1776886036.3151028,7.0,5.0,-44.0
1776886036.3251028,3.0,4.0,-45.0
1776886036.3351028,3.0,5.0,-46.0
1776886036.3451028,6.0,4.0,-46.0
1776886036.3551028,1.0,4.0,-40.0
1776886036.3651028,-2.0,3.0,-41.0
1776886036.3751028,0.0,1.0,-34.0
1776886036.3851027,-1.0,0.0,-36.0
1776886036.3951027,0.0,1.0,-37.0
1776886036.4051027,1.0,-2.0,-34.0
1776886036.4151027,2.0,-2.0,-34.0
1776886036.4251027,0.0,-1.0,-29.0
1776886036.4351027,0.0,0.0,-31.0
1776886036.4451027,0.0,-1.0,-33.0
1776886036.4551027,3.0,-4.0,-42.0
1776886036.465103,2.0,-2.0,-44.0
1776886036.475103,4.0,-4.0,-46.0
1776886036.485103,6.0,0.0,-50.0
1776886036.4951026,8.0,1.0,-48.0
1776886036.5051026,11.0,1.0,-42.0
1776886036.5151026,13.0,0.0,-44.0
1776886036.5251029,5.0,-2.0,-40.0
1776886036.5351028,2.0,0.0,-47.0
1776886036.5451028,0.0,0.0,-49.0
1776886036.5551028,-1.0,-4.0,-44.0
1776886036.5651028,-5.0,-5.0,-47.0
1776886036.5751028,-5.0,-7.0,-49.0
1776886036.5851028,-2.0,-4.0,-49.0
1776886036.5951028,0.0,0.0,-44.0
1776886036.6051028,3.0,0.0,-39.0
1776886036.6151028,2.0,0.0,-35.0
1776886036.6251028,2.0,-3.0,-35.0
1776886036.6351027,2.0,-1.0,-36.0
1776886036.6451027,-3.0,-1.0,-46.0
1776886036.6551027,-1.0,-1.0,-39.0
1776886036.6661026,-5.0,-4.0,-32.0
1776886036.6761026,-9.0,-5.0,-27.0
1776886036.6861026,-9.0,-1.0,-22.0
1776886036.6961029,-6.0,0.0,-24.0
1776886036.7061028,-3.0,-1.0,-23.0
1776886036.7161028,-2.0,0.0,-27.0
1776886036.7261028,-2.0,0.0,-35.0
1776886036.7361028,-3.0,3.0,-32.0
1776886036.7461028,-1.0,7.0,-35.0
1776886036.7561028,1.0,4.0,-35.0
1776886036.7661028,0.0,5.0,-39.0
1776886036.7761028,-2.0,4.0,-44.0
1776886036.7861028,-1.0,4.0,-44.0
1776886036.7961028,-2.0,4.0,-40.0
1776886036.8061028,-1.0,4.0,-40.0
1776886036.8161027,-1.0,0.0,-41.0
1776886036.8261027,0.0,0.0,-43.0
1776886036.8361027,-1.0,-1.0,-45.0
1776886036.8461027,1.0,2.0,-35.0
1776886036.8561027,1.0,5.0,-38.0
1776886036.8661027,-3.0,6.0,-38.0
1776886036.8761027,-4.0,6.0,-35.0
1776886036.886103,0.0,4.0,-33.0
1776886036.896103,2.0,1.0,-39.0
1776886036.906103,4.0,1.0,-36.0
1776886036.9161026,3.0,-3.0,-40.0
1776886036.9261026,0.0,-1.0,-35.0
1776886036.9361026,0.0,-1.0,-35.0
1776886036.9461029,0.0,-1.0,-35.0
1776886036.9561028,-1.0,0.0,-40.0
1776886036.9661028,-3.0,-1.0,-45.0
1776886036.9761028,-7.0,-4.0,-45.0
1776886036.9861028,-4.0,-7.0,-42.0
1776886036.9961028,0.0,-8.0,-43.0
1776886037.0061028,0.0,-8.0,-42.0
1776886037.0161028,-1.0,-7.0,-38.0
1776886037.0261028,1.0,-8.0,-34.0
1776886037.0361028,0.0,-7.0,-35.0
1776886037.0461028,2.0,-4.0,-46.0
1776886037.0561028,0.0,-5.0,-47.0
1776886037.0661027,-2.0,-5.0,-46.0
1776886037.0761027,-3.0,-7.0,-36.0
1776886037.0861027,-6.0,-5.0,-34.0
1776886037.0961027,-3.0,-3.0,-33.0
1776886037.1061027,0.0,-1.0,-30.0
1776886037.1161027,-2.0,0.0,-39.0
1776886037.1261027,0.0,2.0,-46.0
1776886037.136103,0.0,7.0,-48.0
1776886037.146103,-3.0,5.0,-51.0
1776886037.156103,0.0,2.0,-44.0
1776886037.1661026,-2.0,3.0,-34.0
1776886037.1761026,-3.0,1.0,-34.0
1776886037.1861026,-4.0,2.0,-42.0
1776886037.1961029,-2.0,-3.0,-39.0
1776886037.2061028,-3.0,-7.0,-39.0
1776886037.2161028,-5.0,-8.0,-40.0
1776886037.2261028,-5.0,-5.0,-41.0
1776886037.2361028,-1.0,-3.0,-43.0
1776886037.2461028,0.0,-2.0,-44.0
1776886037.2561028,5.0,-4.0,-35.0
1776886037.2661028,4.0,-3.0,-34.0
1776886037.2761028,2.0,-5.0,-34.0
1776886037.2861028,3.0,-4.0,-29.0
1776886037.2961028,0.0,-2.0,-31.0
1776886037.307103,1.0,-2.0,-33.0
1776886037.3161027,-4.0,-2.0,-36.0
1776886037.3261027,-2.0,0.0,-37.0
1776886037.3361027,-2.0,0.0,-33.0
1776886037.3461027,-6.0,1.0,-36.0
1776886037.3561027,-5.0,0.0,-36.0
1776886037.3661027,-5.0,2.0,-41.0
1776886037.3761027,-6.0,0.0,-44.0
1776886037.386103,-6.0,0.0,-46.0
1776886037.396103,-3.0,-2.0,-47.0
1776886037.406103,-2.0,-2.0,-47.0
1776886037.4161026,-3.0,-4.0,-50.0
1776886037.4261026,-6.0,-2.0,-46.0
1776886037.4361026,-1.0,-2.0,-38.0
1776886037.4461029,1.0,-3.0,-34.0
1776886037.4561028,0.0,-5.0,-34.0
1776886037.4661028,0.0,-4.0,-37.0
1776886037.4761028,0.0,-7.0,-42.0
1776886037.4861028,4.0,-5.0,-47.0
1776886037.4961028,6.0,-8.0,-37.0
1776886037.5061028,4.0,-8.0,-41.0
1776886037.5161028,0.0,-6.0,-39.0
1776886037.5261028,2.0,-3.0,-41.0
1776886037.5361028,4.0,-2.0,-42.0
1776886037.5461028,5.0,-2.0,-43.0
1776886037.5561028,6.0,-1.0,-48.0
1776886037.5661027,6.0,-4.0,-46.0
1776886037.5761027,8.0,-7.0,-42.0
1776886037.5861027,5.0,-5.0,-38.0
1776886037.5961027,2.0,-3.0,-32.0
1776886037.6061027,4.0,-4.0,-26.0
1776886037.6161027,5.0,-6.0,-26.0
1776886037.6261027,3.0,-7.0,-31.0
1776886037.636103,2.0,-7.0,-37.0
1776886037.646103,-3.0,-10.0,-32.0
1776886037.656103,-6.0,-8.0,-28.0
1776886037.6661026,0.0,-8.0,-28.0
1776886037.6761026,-1.0,-2.0,-33.0
1776886037.6861026,-3.0,0.0,-36.0
1776886037.6961029,-2.0,0.0,-37.0
1776886037.7061028,-1.0,-2.0,-47.0
1776886037.7161028,0.0,0.0,-44.0
1776886037.7261028,3.0,3.0,-40.0
1776886037.7361028,4.0,1.0,-44.0
1776886037.7461028,3.0,1.0,-44.0
1776886037.7561028,2.0,2.0,-37.0
1776886037.7661028,2.0,1.0,-38.0
1776886037.7761028,3.0,2.0,-44.0
1776886037.7861028,3.0,0.0,-44.0
1776886037.7961028,5.0,0.0,-37.0
1776886037.8061028,5.0,-2.0,-47.0
1776886037.8161027,5.0,-2.0,-52.0
1776886037.8261027,4.0,0.0,-52.0
1776886037.8361027,0.0,-1.0,-47.0
1776886037.8461027,-2.0,-5.0,-50.0
1776886037.8561027,2.0,-4.0,-49.0
1776886037.8661027,-1.0,-4.0,-42.0
1776886037.8761027,-1.0,-4.0,-45.0
1776886037.886103,2.0,-7.0,-53.0
1776886037.896103,1.0,-5.0,-53.0
1776886037.906103,0.0,-2.0,-50.0
1776886037.9161026,4.0,1.0,-45.0
1776886037.9261026,2.0,3.0,-50.0
1776886037.9361026,-1.0,4.0,-45.0
1776886037.9461029,0.0,2.0,-54.0
1776886037.9561028,4.0,5.0,-55.0
1776886037.9661028,6.0,0.0,-53.0
1776886037.9761028,8.0,3.0,-55.0
1776886037.9861028,10.0,2.0,-47.0
1776886037.9961028,6.0,2.0,-47.0
1776886038.0061028,6.0,0.0,-44.0
1776886038.0161028,7.0,3.0,-49.0
1776886038.0261028,2.0,-1.0,-45.0
1776886038.0361028,0.0,0.0,-42.0
1776886038.0461028,5.0,1.0,-43.0
1776886038.0561028,3.0,0.0,-43.0
1776886038.0661027,1.0,-4.0,-43.0
1776886038.0761027,1.0,-5.0,-40.0
1776886038.0861027,0.0,-3.0,-38.0
1776886038.0961027,0.0,0.0,-33.0
1776886038.1061027,-3.0,0.0,-33.0
1776886038.1161027,-4.0,-4.0,-38.0
1776886038.1261027,-2.0,-7.0,-36.0
1776886038.136103,0.0,0.0,-37.0
1776886038.146103,0.0,4.0,-42.0
1776886038.156103,-2.0,2.0,-42.0
1776886038.1661026,-1.0,4.0,-43.0
1776886038.1761026,0.0,5.0,-43.0
1776886038.1861026,0.0,0.0,-42.0
1776886038.1961029,0.0,-1.0,-39.0
1776886038.2061028,1.0,0.0,-41.0
1776886038.2161028,0.0,-3.0,-38.0
1776886038.2261028,-1.0,-6.0,-39.0
1776886038.2361028,0.0,-5.0,-44.0
1776886038.2461028,1.0,-4.0,-42.0
1776886038.2561028,0.0,-4.0,-40.0
1776886038.2661028,-3.0,-5.0,-42.0
1776886038.2761028,-2.0,-3.0,-45.0
1776886038.2861028,-2.0,-7.0,-42.0
1776886038.2961028,0.0,-8.0,-39.0
1776886038.3061028,1.0,-7.0,-46.0
1776886038.3161027,0.0,-7.0,-47.0
1776886038.3261027,-4.0,-7.0,-51.0
1776886038.3361027,0.0,-4.0,-48.0
1776886038.3461027,0.0,-2.0,-44.0
1776886038.3561027,1.0,0.0,-44.0
1776886038.3661027,1.0,3.0,-44.0
1776886038.3761027,3.0,3.0,-43.0
1776886038.386103,-1.0,2.0,-43.0
1776886038.396103,0.0,-3.0,-34.0
1776886038.406103,0.0,-6.0,-31.0
1776886038.4161026,0.0,-4.0,-32.0
1776886038.4261026,1.0,-4.0,-32.0
1776886038.4361026,-2.0,-1.0,-32.0
1776886038.4461029,-5.0,-1.0,-32.0
1776886038.4561028,-2.0,0.0,-35.0
1776886038.4661028,2.0,2.0,-37.0
1776886038.4761028,2.0,4.0,-36.0
1776886038.4861028,0.0,6.0,-39.0
1776886038.4961028,4.0,4.0,-47.0
1776886038.5061028,0.0,2.0,-45.0
1776886038.5161028,-3.0,0.0,-39.0
1776886038.5261028,-5.0,-2.0,-43.0
1776886038.5361028,-2.0,-4.0,-45.0
1776886038.5461028,-1.0,-4.0,-43.0
1776886038.5561028,0.0,-5.0,-37.0
1776886038.5661027,2.0,-5.0,-36.0
1776886038.5761027,0.0,-1.0,-37.0
1776886038.5861027,0.0,0.0,-32.0
1776886038.5961027,3.0,0.0,-41.0
1776886038.6061027,2.0,-2.0,-42.0
1776886038.6161027,5.0,-3.0,-40.0
1776886038.6261027,5.0,0.0,-43.0
1776886038.636103,2.0,-1.0,-50.0
1776886038.646103,1.0,-3.0,-52.0
1776886038.656103,5.0,-7.0,-53.0
1776886038.6671028,6.0,-7.0,-45.0
1776886038.6771028,5.0,-7.0,-42.0
1776886038.6871028,0.0,-7.0,-40.0
1776886038.6971028,0.0,-4.0,-43.0
1776886038.7071028,-1.0,-7.0,-37.0
1776886038.7171028,-5.0,-9.0,-37.0
1776886038.7271028,-3.0,-10.0,-37.0
1776886038.7371027,-4.0,-10.0,-35.0
1776886038.7471027,-6.0,-7.0,-42.0
1776886038.7571027,-8.0,-3.0,-51.0
1776886038.7671027,-10.0,-4.0,-41.0
1776886038.7771027,-8.0,-5.0,-33.0
1776886038.7871027,-10.0,-6.0,-38.0
1776886038.7971027,-10.0,-9.0,-41.0
1776886038.807103,-5.0,-7.0,-43.0
1776886038.817103,-7.0,-1.0,-46.0
1776886038.827103,-5.0,-1.0,-44.0
1776886038.837103,-4.0,-5.0,-45.0
1776886038.8471026,-2.0,-7.0,-40.0
1776886038.8571026,5.0,-7.0,-44.0
1776886038.8671026,7.0,-1.0,-43.0
1776886038.8771029,2.0,-8.0,-39.0
1776886038.8871028,-2.0,-6.0,-38.0
1776886038.8971028,0.0,-9.0,-39.0
1776886038.9071028,1.0,-11.0,-34.0
1776886038.9171028,3.0,-11.0,-35.0
1776886038.9271028,0.0,-8.0,-39.0
1776886038.9371028,-2.0,-7.0,-47.0
1776886038.9471028,-2.0,-7.0,-44.0
1776886038.9571028,-6.0,-8.0,-41.0
1776886038.9671028,0.0,-10.0,-42.0
1776886038.9771028,0.0,-11.0,-39.0
1776886038.9871027,3.0,-12.0,-40.0
1776886038.9971027,1.0,-10.0,-43.0
1776886039.0071027,-1.0,-9.0,-34.0
1776886039.0171027,0.0,-6.0,-42.0
1776886039.0271027,0.0,-5.0,-43.0
1776886039.0371027,1.0,-2.0,-41.0
1776886039.0481029,1.0,-4.0,-32.0
1776886039.057103,2.0,-1.0,-34.0
1776886039.067103,1.0,-3.0,-41.0
1776886039.077103,0.0,-1.0,-47.0
1776886039.087103,0.0,-4.0,-44.0
1776886039.0971026,4.0,-3.0,-42.0
1776886039.1071026,1.0,-5.0,-45.0
1776886039.1171026,4.0,-2.0,-47.0
1776886039.1271029,3.0,0.0,-48.0
1776886039.1371028,6.0,-3.0,-42.0
1776886039.1471028,7.0,-1.0,-38.0
1776886039.1571028,6.0,-1.0,-37.0
1776886039.1671028,1.0,-3.0,-43.0
1776886039.1771028,1.0,-3.0,-36.0
1776886039.1871028,3.0,-2.0,-39.0
1776886039.1971028,1.0,-6.0,-45.0
1776886039.2071028,2.0,-7.0,-48.0
1776886039.2171028,4.0,-9.0,-46.0
1776886039.2271028,0.0,-9.0,-48.0
1776886039.2371027,-1.0,-8.0,-50.0
1776886039.2471027,1.0,-7.0,-43.0
1776886039.2571027,4.0,-9.0,-43.0
1776886039.2671027,2.0,-6.0,-45.0
1776886039.2771027,1.0,-4.0,-41.0
1776886039.2871027,-2.0,0.0,-43.0
1776886039.2971027,-8.0,2.0,-41.0
1776886039.307103,-5.0,0.0,-35.0
1776886039.317103,0.0,1.0,-31.0
1776886039.327103,2.0,1.0,-31.0
1776886039.337103,8.0,6.0,-27.0
1776886039.3471026,7.0,2.0,-27.0
1776886039.3571026,7.0,1.0,-29.0
1776886039.3671026,1.0,3.0,-28.0
1776886039.3771029,1.0,3.0,-32.0
1776886039.3871028,0.0,4.0,-37.0
1776886039.3971028,0.0,3.0,-43.0
1776886039.4071028,-2.0,1.0,-43.0
1776886039.4171028,-7.0,0.0,-42.0
1776886039.4271028,-2.0,4.0,-45.0
1776886039.4371028,0.0,2.0,-44.0
1776886039.4471028,0.0,2.0,-39.0
1776886039.4571028,-1.0,0.0,-38.0
1776886039.4671028,1.0,2.0,-42.0
1776886039.4771028,1.0,4.0,-43.0
1776886039.4871027,5.0,1.0,-39.0
1776886039.4971027,4.0,-3.0,-43.0
1776886039.5071027,0.0,-1.0,-46.0
1776886039.5171027,1.0,-1.0,-47.0
1776886039.5271027,2.0,0.0,-38.0
1776886039.5371027,2.0,0.0,-33.0
1776886039.5471027,2.0,2.0,-32.0
1776886039.557103,3.0,5.0,-30.0
1776886039.567103,2.0,2.0,-27.0
1776886039.577103,3.0,-2.0,-31.0
1776886039.587103,5.0,0.0,-33.0
1776886039.5971026,2.0,0.0,-33.0
1776886039.6071026,2.0,0.0,-41.0
1776886039.6171026,0.0,-1.0,-37.0
1776886039.6271029,-1.0,-2.0,-37.0
1776886039.6371028,-6.0,-3.0,-30.0
1776886039.6471028,-2.0,-5.0,-30.0
1776886039.6571028,1.0,-6.0,-29.0
1776886039.6671028,0.0,-9.0,-31.0
1776886039.6771028,-3.0,-11.0,-33.0
1776886039.6871028,0.0,-8.0,-36.0
1776886039.6971028,2.0,-10.0,-33.0
1776886039.7071028,-2.0,-10.0,-36.0
1776886039.7171028,-5.0,-9.0,-35.0
1776886039.7271028,-5.0,-6.0,-36.0
1776886039.7371027,-6.0,-6.0,-36.0
1776886039.7471027,-5.0,0.0,-33.0
1776886039.7571027,0.0,1.0,-37.0
1776886039.7671027,3.0,-1.0,-38.0
1776886039.7771027,0.0,0.0,-34.0
1776886039.7871027,0.0,0.0,-42.0
1776886039.7971027,1.0,-1.0,-40.0
1776886039.807103,1.0,-2.0,-28.0
1776886039.817103,1.0,-6.0,-28.0
1776886039.827103,0.0,-5.0,-32.0
1776886039.837103,2.0,-4.0,-33.0
1776886039.8471026,4.0,-7.0,-25.0
1776886039.8571026,2.0,-7.0,-25.0
1776886039.8671026,1.0,-10.0,-28.0
1776886039.8771029,3.0,-6.0,-27.0
1776886039.8871028,6.0,-7.0,-27.0
1776886039.8971028,7.0,-2.0,-37.0
1776886039.9071028,5.0,-5.0,-38.0
1776886039.9171028,1.0,-3.0,-42.0
1776886039.9271028,1.0,0.0,-39.0
1776886039.9371028,3.0,3.0,-37.0
1776886039.9471028,0.0,4.0,-41.0
1776886039.9571028,2.0,4.0,-38.0
1776886039.9671028,-2.0,1.0,-42.0
1776886039.9771028,0.0,-2.0,-51.0
1776886039.9871027,0.0,-1.0,-46.0
1776886039.9971027,-1.0,0.0,-47.0
1776886040.0071027,0.0,-1.0,-45.0
1776886040.0171027,-2.0,-1.0,-38.0
1776886040.0271027,-4.0,-2.0,-39.0
1776886040.0371027,-7.0,0.0,-39.0
1776886040.0471027,-5.0,0.0,-38.0
1776886040.057103,-3.0,0.0,-48.0
1776886040.067103,-3.0,-4.0,-50.0
1776886040.077103,-1.0,-5.0,-49.0
1776886040.087103,-3.0,-4.0,-53.0
1776886040.0971026,-2.0,-4.0,-49.0
1776886040.1071026,-3.0,-5.0,-45.0
1776886040.1171026,-1.0,-2.0,-44.0
1776886040.1271029,-1.0,0.0,-44.0
1776886040.1371028,-2.0,1.0,-39.0
1776886040.1471028,-3.0,0.0,-31.0
1776886040.1571028,-4.0,0.0,-37.0
1776886040.1671028,-2.0,-1.0,-42.0
1776886040.1771028,-3.0,0.0,-42.0
1776886040.1871028,-3.0,-4.0,-40.0
1776886040.1971028,-1.0,-3.0,-36.0
1776886040.2071028,-4.0,0.0,-40.0
1776886040.2171028,-6.0,0.0,-39.0
1776886040.2271028,-4.0,3.0,-38.0
1776886040.2371027,-3.0,2.0,-39.0
1776886040.2471027,1.0,2.0,-44.0
1776886040.2571027,-1.0,3.0,-45.0
1776886040.2671027,-5.0,-1.0,-45.0
1776886040.2771027,-6.0,-1.0,-45.0
1776886040.2871027,-1.0,4.0,-42.0
1776886040.2971027,-1.0,2.0,-49.0
1776886040.307103,-2.0,0.0,-44.0
1776886040.317103,-2.0,-1.0,-41.0
1776886040.327103,-1.0,0.0,-36.0
1776886040.337103,0.0,3.0,-41.0
1776886040.3471026,-2.0,5.0,-40.0
1776886040.3571026,-1.0,4.0,-40.0
1776886040.3671026,-1.0,4.0,-39.0
1776886040.3771029,-2.0,2.0,-38.0
1776886040.3871028,-1.0,2.0,-40.0
1776886040.3971028,0.0,1.0,-45.0
1776886040.4071028,2.0,3.0,-48.0
1776886040.4171028,-3.0,2.0,-44.0
1776886040.4271028,-6.0,3.0,-42.0
1776886040.4371028,-7.0,7.0,-36.0
1776886040.4471028,-6.0,9.0,-32.0
1776886040.4571028,-7.0,4.0,-30.0
1776886040.4681027,-8.0,2.0,-38.0
1776886040.4771028,-6.0,0.0,-35.0
1776886040.4871027,-6.0,1.0,-33.0
1776886040.4971027,-6.0,4.0,-39.0
1776886040.5071027,-5.0,3.0,-40.0
1776886040.5171027,1.0,3.0,-33.0
1776886040.5271027,5.0,0.0,-39.0
1776886040.5371027,5.0,2.0,-40.0
1776886040.5471027,2.0,1.0,-37.0
1776886040.557103,-2.0,3.0,-40.0
1776886040.567103,4.0,4.0,-39.0
1776886040.577103,0.0,4.0,-44.0
1776886040.587103,3.0,0.0,-53.0
1776886040.5971026,2.0,1.0,-49.0
1776886040.6071026,0.0,0.0,-54.0
1776886040.6171026,-2.0,0.0,-43.0
1776886040.6271029,-3.0,-4.0,-38.0
1776886040.6371028,0.0,-4.0,-32.0
1776886040.6481028,0.0,-3.0,-32.0
1776886040.6581028,2.0,0.0,-42.0
1776886040.6681027,3.0,-1.0,-42.0
1776886040.6781027,0.0,-2.0,-40.0
1776886040.6881027,0.0,-1.0,-42.0
1776886040.6981027,-2.0,-4.0,-47.0
1776886040.7081027,0.0,-5.0,-48.0
1776886040.7181027,0.0,0.0,-45.0
1776886040.7281027,-3.0,0.0,-41.0
1776886040.738103,0.0,1.0,-41.0
1776886040.748103,2.0,0.0,-44.0
1776886040.758103,1.0,2.0,-42.0
1776886040.7681026,1.0,-3.0,-40.0
1776886040.7781026,-3.0,-2.0,-41.0
1776886040.7881026,0.0,-1.0,-36.0
1776886040.7981029,0.0,0.0,-36.0
1776886040.8081028,3.0,-2.0,-38.0
1776886040.8181028,7.0,-2.0,-39.0
1776886040.8281028,6.0,-1.0,-37.0
1776886040.8381028,3.0,0.0,-38.0
1776886040.8481028,-1.0,0.0,-35.0
1776886040.8581028,-3.0,2.0,-36.0
1776886040.8681028,-1.0,2.0,-37.0
1776886040.8781028,0.0,5.0,-40.0
1776886040.8881028,0.0,4.0,-34.0
1776886040.8981028,-3.0,0.0,-35.0
1776886040.9081028,-1.0,0.0,-36.0
1776886040.9181027,-2.0,3.0,-29.0
1776886040.9281027,-1.0,4.0,-37.0
1776886040.9381027,-4.0,0.0,-36.0
1776886040.9481027,-3.0,-2.0,-38.0
1776886040.9581027,-5.0,1.0,-35.0
1776886040.9681027,-5.0,-2.0,-36.0
1776886040.9781027,-2.0,-7.0,-36.0
1776886040.988103,0.0,-6.0,-39.0
1776886040.998103,-6.0,-9.0,-35.0
1776886041.008103,-6.0,-6.0,-30.0
1776886041.0181026,-7.0,-4.0,-29.0
1776886041.0281026,-2.0,-4.0,-33.0
1776886041.0381026,0.0,-3.0,-32.0
1776886041.0481029,4.0,-5.0,-42.0
1776886041.0581028,2.0,-2.0,-42.0
1776886041.0681028,5.0,-2.0,-43.0
1776886041.0781028,7.0,-3.0,-43.0
1776886041.0881028,8.0,-5.0,-37.0
1776886041.0981028,5.0,-4.0,-36.0
1776886041.1081028,3.0,-3.0,-34.0
1776886041.1181028,0.0,-3.0,-37.0
1776886041.1281028,0.0,-1.0,-40.0
1776886041.1381028,2.0,0.0,-51.0
1776886041.1481028,6.0,0.0,-45.0
1776886041.1581028,8.0,-1.0,-46.0
1776886041.1681027,7.0,1.0,-49.0
1776886041.1781027,6.0,0.0,-47.0
1776886041.1881027,5.0,0.0,-45.0
1776886041.1981027,4.0,-2.0,-50.0
1776886041.2081027,1.0,-5.0,-49.0
1776886041.2181027,5.0,-1.0,-48.0
1776886041.2281027,3.0,-1.0,-49.0
1776886041.238103,1.0,0.0,-52.0
1776886041.248103,0.0,-2.0,-50.0
1776886041.258103,1.0,-6.0,-53.0
1776886041.2681026,4.0,-9.0,-57.0
1776886041.2781026,6.0,-8.0,-58.0
1776886041.2881026,13.0,-8.0,-57.0
1776886041.2981029,10.0,-4.0,-55.0
1776886041.3081028,8.0,0.0,-48.0
1776886041.3181028,5.0,3.0,-53.0
1776886041.3281028,3.0,1.0,-48.0
1776886041.3381028,0.0,0.0,-43.0
1776886041.3481028,-1.0,0.0,-41.0
1776886041.3581028,-5.0,-1.0,-46.0
1776886041.3681028,-4.0,-2.0,-52.0
1776886041.3781028,0.0,-1.0,-51.0
1776886041.3881028,1.0,0.0,-43.0
1776886041.3981028,0.0,1.0,-38.0
1776886041.4081028,2.0,1.0,-35.0
1776886041.4181027,-3.0,0.0,-35.0
1776886041.4281027,0.0,0.0,-34.0
1776886041.4381027,3.0,0.0,-41.0
1776886041.4481027,3.0,0.0,-46.0
1776886041.4581027,0.0,-3.0,-46.0
1776886041.4681027,2.0,-1.0,-44.0
1776886041.4781027,5.0,-4.0,-41.0
1776886041.488103,1.0,-11.0,-36.0
1776886041.498103,5.0,-3.0,-36.0
1776886041.508103,-1.0,-6.0,-40.0
1776886041.5181026,0.0,-1.0,-44.0
1776886041.5281026,-1.0,-3.0,-51.0
1776886041.5381026,0.0,-1.0,-51.0
1776886041.5481029,0.0,5.0,-51.0
1776886041.5581028,-2.0,3.0,-54.0
1776886041.5681028,0.0,2.0,-55.0
1776886041.5781028,-3.0,0.0,-56.0
1776886041.5881028,-4.0,-1.0,-48.0
1776886041.5981028,-4.0,0.0,-38.0
1776886041.6081028,-5.0,3.0,-45.0
1776886041.6181028,-1.0,3.0,-38.0
1776886041.6281028,-2.0,-2.0,-36.0
1776886041.6381028,-2.0,-3.0,-36.0
1776886041.6481028,2.0,-9.0,-33.0
1776886041.6581028,0.0,-5.0,-31.0
1776886041.6681027,0.0,-5.0,-36.0
1776886041.6781027,2.0,0.0,-40.0
1776886041.6881027,4.0,0.0,-45.0
1776886041.6981027,0.0,0.0,-48.0
1776886041.7081027,1.0,1.0,-41.0
1776886041.7181027,0.0,0.0,-44.0
1776886041.7281027,1.0,-3.0,-47.0
1776886041.738103,0.0,-1.0,-48.0
1776886041.748103,2.0,0.0,-47.0
1776886041.758103,1.0,2.0,-50.0
1776886041.7681026,0.0,-1.0,-43.0
1776886041.7781026,-1.0,-7.0,-45.0
1776886041.7881026,-3.0,-6.0,-42.0
1776886041.7981029,-4.0,-5.0,-43.0
1776886041.8081028,-3.0,-6.0,-41.0
1776886041.8181028,-2.0,-4.0,-40.0
1776886041.8281028,0.0,-4.0,-36.0
1776886041.8381028,-6.0,-6.0,-36.0
1776886041.8481028,-3.0,-4.0,-31.0
1776886041.8581028,0.0,-6.0,-34.0
1776886041.8681028,0.0,-6.0,-40.0
1776886041.8781028,-1.0,-1.0,-41.0
1776886041.8881028,1.0,0.0,-43.0
1776886041.8981028,0.0,3.0,-34.0
1776886041.9081028,0.0,5.0,-40.0
1776886041.9181027,1.0,5.0,-38.0
1776886041.9281027,0.0,3.0,-39.0
1776886041.9381027,0.0,0.0,-45.0
1776886041.9481027,1.0,1.0,-45.0
1776886041.9581027,1.0,0.0,-49.0
1776886041.9681027,3.0,-2.0,-50.0
1776886041.9781027,-1.0,-5.0,-46.0
1776886041.988103,-2.0,-2.0,-47.0
1776886041.998103,2.0,0.0,-48.0
1776886042.008103,0.0,1.0,-48.0
1776886042.0181026,-1.0,-3.0,-54.0
1776886042.0281026,0.0,-4.0,-56.0
1776886042.0381026,0.0,-7.0,-55.0
1776886042.0481029,2.0,-2.0,-52.0
1776886042.0581028,1.0,-2.0,-52.0
1776886042.0681028,0.0,-3.0,-50.0
1776886042.0781028,0.0,-9.0,-50.0
1776886042.0881028,1.0,-10.0,-53.0
1776886042.0981028,3.0,-11.0,-48.0
1776886042.1081028,0.0,-9.0,-46.0
1776886042.1181028,-6.0,-8.0,-46.0
1776886042.1281028,-7.0,-9.0,-49.0
1776886042.1381028,-4.0,-11.0,-48.0
1776886042.1481028,0.0,-9.0,-47.0
1776886042.1581028,1.0,-5.0,-43.0
1776886042.1681027,-3.0,-5.0,-41.0
1776886042.1781027,-3.0,-4.0,-38.0
1776886042.1881027,-6.0,-3.0,-40.0
1776886042.1981027,0.0,-2.0,-41.0
1776886042.2081027,2.0,-5.0,-42.0
1776886042.2181027,2.0,-8.0,-50.0
1776886042.2281027,1.0,-7.0,-48.0
1776886042.238103,2.0,-3.0,-46.0
1776886042.248103,2.0,0.0,-40.0
1776886042.258103,0.0,-1.0,-36.0
1776886042.2681026,2.0,0.0,-39.0
1776886042.2781026,3.0,-2.0,-42.0
1776886042.2881026,6.0,-2.0,-41.0
1776886042.2981029,7.0,0.0,-30.0
1776886042.3081028,2.0,-4.0,-35.0
1776886042.3181028,2.0,-3.0,-39.0
1776886042.3281028,0.0,-2.0,-38.0
1776886042.3381028,0.0,-2.0,-35.0
1776886042.3481028,1.0,0.0,-34.0
1776886042.3581028,6.0,0.0,-36.0
1776886042.3681028,3.0,2.0,-38.0
1776886042.3781028,-1.0,3.0,-38.0
1776886042.3881028,-2.0,-1.0,-42.0
1776886042.3981028,-4.0,-6.0,-42.0
1776886042.4081028,-2.0,-4.0,-50.0
1776886042.4181027,-2.0,3.0,-48.0
1776886042.4281027,-5.0,4.0,-49.0
1776886042.4381027,-2.0,6.0,-49.0
1776886042.4481027,-8.0,1.0,-49.0
1776886042.4581027,-10.0,2.0,-54.0
1776886042.4681027,-7.0,0.0,-55.0
1776886042.4781027,-4.0,0.0,-53.0
1776886042.488103,3.0,1.0,-56.0
1776886042.498103,6.0,5.0,-56.0
1776886042.508103,2.0,3.0,-55.0
1776886042.5181026,1.0,0.0,-58.0
1776886042.5281026,2.0,0.0,-53.0
1776886042.5381026,4.0,3.0,-45.0
1776886042.5481029,2.0,6.0,-39.0
1776886042.5581028,5.0,2.0,-41.0
1776886042.5681028,8.0,-1.0,-44.0
1776886042.5781028,9.0,-1.0,-39.0
1776886042.5881028,6.0,0.0,-36.0
1776886042.5981028,6.0,0.0,-42.0
1776886042.6081028,7.0,0.0,-42.0
1776886042.6181028,7.0,-2.0,-42.0
1776886042.6281028,2.0,-2.0,-41.0
1776886042.6381028,2.0,-1.0,-41.0
1776886042.6491027,3.0,-3.0,-41.0
1776886042.659103,-4.0,-4.0,-39.0
1776886042.669103,-5.0,-4.0,-43.0
1776886042.679103,-1.0,-3.0,-47.0
1776886042.6891026,2.0,-4.0,-48.0
1776886042.6991026,1.0,-1.0,-41.0
1776886042.7091026,4.0,-2.0,-35.0
1776886042.7191026,2.0,-2.0,-40.0
1776886042.7291028,1.0,-6.0,-45.0
1776886042.7391028,-2.0,-6.0,-38.0
1776886042.7491028,0.0,-7.0,-38.0
1776886042.7591028,1.0,-2.0,-33.0
1776886042.7691028,1.0,3.0,-35.0
1776886042.7791028,-1.0,1.0,-35.0
1776886042.7891028,-2.0,-1.0,-31.0
1776886042.7991028,0.0,0.0,-29.0
1776886042.8091028,0.0,-2.0,-32.0
1776886042.8191028,-1.0,0.0,-34.0
1776886042.8291028,-7.0,0.0,-37.0
1776886042.8391027,-3.0,-1.0,-40.0
1776886042.8491027,-1.0,0.0,-40.0
1776886042.8591027,0.0,-1.0,-50.0
1776886042.8691027,-3.0,0.0,-45.0
1776886042.8791027,-9.0,-1.0,-44.0
1776886042.8891027,-10.0,-4.0,-44.0
1776886042.8991027,-5.0,0.0,-48.0
1776886042.909103,-2.0,0.0,-54.0
1776886042.919103,2.0,-2.0,-49.0
1776886042.929103,3.0,-2.0,-49.0
1776886042.9391026,7.0,-4.0,-42.0
1776886042.9491026,2.0,-7.0,-46.0
1776886042.9591026,0.0,-12.0,-47.0
1776886042.9691026,-2.0,-8.0,-45.0
1776886042.9791028,-2.0,-7.0,-43.0
1776886042.9891028,-4.0,-8.0,-44.0
1776886042.9991028,-1.0,-4.0,-41.0
1776886043.0091028,0.0,-1.0,-45.0
1776886043.0191028,0.0,-3.0,-38.0
1776886043.0291028,3.0,-2.0,-43.0
1776886043.0391028,1.0,1.0,-47.0
1776886043.0491028,0.0,1.0,-48.0
1776886043.0591028,0.0,1.0,-48.0
1776886043.0691028,0.0,3.0,-50.0
1776886043.0791028,1.0,0.0,-49.0
1776886043.0891027,0.0,-1.0,-49.0
1776886043.0991027,0.0,-2.0,-45.0
1776886043.1091027,0.0,-1.0,-39.0
1776886043.1191027,-1.0,-3.0,-36.0
1776886043.1291027,0.0,-4.0,-35.0
1776886043.1391027,-1.0,0.0,-38.0
1776886043.1491027,0.0,0.0,-39.0
1776886043.159103,0.0,-3.0,-39.0
1776886043.169103,4.0,-2.0,-39.0
1776886043.179103,1.0,-4.0,-31.0
1776886043.1891026,1.0,-4.0,-29.0
1776886043.1991026,0.0,0.0,-29.0
1776886043.2091026,-5.0,1.0,-32.0
1776886043.2191026,-1.0,1.0,-27.0
1776886043.2291028,-5.0,0.0,-33.0
1776886043.2391028,-4.0,-2.0,-36.0
1776886043.2491028,-2.0,-3.0,-40.0
1776886043.2591028,-1.0,0.0,-42.0
1776886043.2691028,-3.0,0.0,-47.0
1776886043.2791028,-2.0,2.0,-44.0
1776886043.2891028,-4.0,4.0,-44.0
1776886043.2991028,-6.0,5.0,-39.0
1776886043.3091028,-8.0,5.0,-40.0
1776886043.3191028,-7.0,1.0,-39.0
1776886043.3291028,-3.0,0.0,-38.0
1776886043.3391027,-5.0,0.0,-39.0
1776886043.3491027,2.0,-1.0,-39.0
1776886043.3591027,2.0,-2.0,-39.0
1776886043.3691027,0.0,0.0,-42.0
1776886043.3791027,-1.0,-1.0,-41.0
1776886043.3891027,-3.0,0.0,-42.0
1776886043.3991027,-8.0,3.0,-41.0
1776886043.409103,-5.0,7.0,-42.0
1776886043.419103,-2.0,4.0,-46.0
1776886043.429103,3.0,0.0,-47.0
1776886043.4391026,4.0,-1.0,-43.0
1776886043.4491026,5.0,0.0,-42.0
1776886043.4591026,4.0,3.0,-40.0
1776886043.4691026,0.0,1.0,-41.0
1776886043.4791028,-1.0,1.0,-41.0
1776886043.4891028,1.0,0.0,-42.0
1776886043.4991028,2.0,2.0,-35.0
1776886043.5091028,0.0,2.0,-33.0
1776886043.5191028,0.0,-2.0,-30.0
1776886043.5291028,1.0,-5.0,-33.0
1776886043.5391028,-1.0,-5.0,-35.0
1776886043.5491028,0.0,-8.0,-29.0
1776886043.5591028,1.0,-6.0,-34.0
1776886043.5691028,1.0,-2.0,-35.0
1776886043.5791028,0.0,-5.0,-34.0
1776886043.5891027,2.0,-5.0,-35.0
1776886043.5991027,6.0,-4.0,-32.0
1776886043.6091027,0.0,-4.0,-33.0
1776886043.6191027,0.0,-2.0,-40.0
1776886043.6291027,-4.0,1.0,-41.0
1776886043.6391027,0.0,3.0,-38.0
1776886043.6491027,4.0,2.0,-36.0
1776886043.659103,9.0,0.0,-41.0
1776886043.669103,4.0,0.0,-38.0
1776886043.679103,5.0,-1.0,-39.0
1776886043.6891026,3.0,-1.0,-46.0
1776886043.6991026,4.0,-2.0,-41.0
1776886043.7091026,2.0,-2.0,-47.0
1776886043.7191026,2.0,-3.0,-45.0
1776886043.7291028,0.0,1.0,-36.0
1776886043.7391028,-4.0,2.0,-33.0
1776886043.7491028,-3.0,-2.0,-32.0
1776886043.7591028,-3.0,-5.0,-29.0
1776886043.7691028,-4.0,-3.0,-35.0
1776886043.7791028,-2.0,-3.0,-34.0
1776886043.7891028,2.0,0.0,-32.0
1776886043.7991028,0.0,-1.0,-36.0
1776886043.8091028,-4.0,-2.0,-38.0
1776886043.8191028,-1.0,-3.0,-42.0
1776886043.8291028,-2.0,-3.0,-38.0
1776886043.8391027,2.0,-3.0,-41.0
1776886043.8491027,0.0,-7.0,-46.0
1776886043.8591027,-2.0,-9.0,-44.0
1776886043.8691027,-2.0,-9.0,-44.0
1776886043.8791027,-5.0,-8.0,-35.0
1776886043.8891027,1.0,-4.0,-40.0
1776886043.8991027,0.0,-1.0,-45.0
1776886043.909103,0.0,-5.0,-47.0
1776886043.919103,0.0,-6.0,-42.0
1776886043.929103,-1.0,-7.0,-45.0
1776886043.9391026,2.0,-8.0,-48.0
1776886043.9491026,0.0,-9.0,-41.0
1776886043.9591026,2.0,-6.0,-39.0
1776886043.9691026,1.0,-5.0,-41.0
1776886043.9791028,2.0,-3.0,-41.0
1776886043.9891028,0.0,-1.0,-42.0
1776886043.9991028,0.0,-5.0,-48.0
1776886044.0091028,-5.0,-3.0,-41.0
1776886044.0191028,-6.0,-6.0,-43.0
1776886044.0291028,-6.0,-7.0,-47.0
1776886044.0391028,-9.0,-3.0,-44.0
1776886044.0491028,-1.0,-6.0,-34.0
1776886044.0591028,0.0,-2.0,-40.0
1776886044.0691028,5.0,0.0,-41.0
1776886044.0791028,0.0,0.0,-44.0
1776886044.0891027,-2.0,2.0,-47.0
1776886044.0991027,2.0,2.0,-48.0
1776886044.1091027,0.0,0.0,-49.0
1776886044.1191027,3.0,-2.0,-43.0
1776886044.1291027,-1.0,-1.0,-39.0
1776886044.1391027,-2.0,1.0,-41.0
1776886044.1491027,-6.0,3.0,-41.0
1776886044.159103,-2.0,-1.0,-38.0
1776886044.169103,-5.0,1.0,-42.0
1776886044.179103,-3.0,1.0,-46.0
1776886044.1891026,0.0,0.0,-46.0
1776886044.1991026,1.0,0.0,-43.0
1776886044.2091026,2.0,-3.0,-41.0
1776886044.2191026,0.0,-1.0,-41.0
1776886044.2291028,-2.0,2.0,-38.0
1776886044.2391028,-1.0,3.0,-32.0
1776886044.2491028,2.0,2.0,-35.0
1776886044.2591028,3.0,-1.0,-28.0
1776886044.2691028,5.0,-2.0,-33.0
1776886044.2791028,3.0,-5.0,-36.0
1776886044.2891028,-4.0,-2.0,-33.0
1776886044.2991028,-4.0,-7.0,-33.0
1776886044.3091028,0.0,-7.0,-36.0
1776886044.3191028,2.0,-6.0,-40.0
1776886044.3291028,0.0,-6.0,-36.0
1776886044.3391027,-2.0,-7.0,-37.0
1776886044.3491027,-5.0,-8.0,-35.0
1776886044.3591027,-6.0,-10.0,-34.0
1776886044.3691027,-1.0,-9.0,-31.0
1776886044.3791027,-1.0,-7.0,-38.0
1776886044.3891027,0.0,-8.0,-39.0
1776886044.3991027,3.0,-8.0,-40.0
1776886044.409103,3.0,0.0,-42.0
1776886044.419103,3.0,-2.0,-40.0
1776886044.429103,3.0,-4.0,-34.0
1776886044.4391026,4.0,-5.0,-37.0
1776886044.4491026,2.0,-2.0,-41.0
1776886044.4591026,4.0,-3.0,-40.0
1776886044.4691026,2.0,-4.0,-40.0
1776886044.4791028,4.0,-7.0,-36.0
1776886044.4891028,3.0,-2.0,-37.0
1776886044.4991028,3.0,3.0,-37.0
1776886044.5091028,2.0,0.0,-38.0
1776886044.5191028,3.0,-1.0,-33.0
1776886044.5291028,2.0,0.0,-21.0
1776886044.5391028,0.0,-2.0,-29.0
1776886044.5491028,3.0,-4.0,-42.0
1776886044.5591028,0.0,1.0,-48.0
1776886044.5691028,1.0,4.0,-52.0
1776886044.5791028,3.0,4.0,-55.0
1776886044.5891027,4.0,8.0,-55.0
1776886044.5991027,3.0,8.0,-53.0
1776886044.610103,4.0,4.0,-47.0
1776886044.6201026,3.0,5.0,-45.0
1776886044.6301026,-2.0,3.0,-44.0
1776886044.6401026,-1.0,0.0,-52.0
1776886044.6501029,3.0,-3.0,-46.0
1776886044.6601028,1.0,-4.0,-47.0
1776886044.6701028,0.0,0.0,-43.0
1776886044.6801028,3.0,-1.0,-46.0
1776886044.6901028,3.0,-4.0,-46.0
1776886044.7001028,0.0,-7.0,-42.0
1776886044.7101028,2.0,-7.0,-41.0
1776886044.7201028,7.0,-5.0,-36.0
1776886044.7301028,2.0,-7.0,-34.0
1776886044.7401028,1.0,-9.0,-41.0
1776886044.7501028,1.0,-7.0,-38.0
1776886044.7601027,2.0,-4.0,-39.0
1776886044.7701027,0.0,0.0,-37.0
1776886044.7801027,0.0,0.0,-32.0
1776886044.7901027,0.0,0.0,-34.0
1776886044.8001027,0.0,0.0,-41.0
1776886044.8101027,-5.0,-2.0,-35.0
1776886044.8201027,-1.0,-4.0,-34.0
1776886044.8301027,3.0,-5.0,-37.0
1776886044.840103,3.0,-4.0,-42.0
1776886044.850103,4.0,-2.0,-47.0
1776886044.860103,2.0,-2.0,-49.0
1776886044.8701026,-1.0,-3.0,-43.0
1776886044.8801026,-3.0,-5.0,-43.0
1776886044.8901026,0.0,-5.0,-41.0
1776886044.9001029,3.0,-5.0,-40.0
1776886044.9101028,2.0,-3.0,-45.0
1776886044.9201028,2.0,-4.0,-55.0
1776886044.9301028,0.0,-4.0,-54.0
1776886044.9401028,0.0,-3.0,-46.0
1776886044.9501028,0.0,-2.0,-43.0
1776886044.9601028,0.0,-7.0,-40.0
1776886044.9701028,0.0,-4.0,-40.0
1776886044.9801028,4.0,0.0,-46.0
1776886044.9901028,3.0,-4.0,-44.0
1776886045.0001028,1.0,-1.0,-42.0
1776886045.0101027,2.0,0.0,-46.0
1776886045.0201027,-1.0,1.0,-47.0
1776886045.0301027,-3.0,-5.0,-40.0
1776886045.0401027,-6.0,-5.0,-34.0
1776886045.0501027,-4.0,-3.0,-37.0
1776886045.0601027,-5.0,-1.0,-39.0
1776886045.0701027,-6.0,-3.0,-40.0
1776886045.0801027,-4.0,0.0,-37.0
1776886045.090103,-1.0,-1.0,-37.0
1776886045.100103,3.0,-4.0,-40.0
1776886045.110103,6.0,0.0,-43.0
1776886045.1201026,8.0,-3.0,-41.0
1776886045.1301026,8.0,-3.0,-45.0
1776886045.1401026,7.0,-2.0,-46.0
1776886045.1501029,7.0,1.0,-45.0
1776886045.1601028,5.0,0.0,-45.0
1776886045.1701028,7.0,0.0,-47.0
1776886045.1801028,5.0,-1.0,-45.0
1776886045.1901028,4.0,-5.0,-38.0
1776886045.2001028,4.0,-6.0,-34.0
1776886045.2101028,-1.0,0.0,-32.0
1776886045.2201028,-3.0,0.0,-31.0
1776886045.2301028,0.0,0.0,-30.0
1776886045.2401028,2.0,0.0,-31.0
1776886045.2501028,2.0,4.0,-26.0
1776886045.2601027,0.0,2.0,-27.0
1776886045.2701027,-3.0,-1.0,-27.0
1776886045.2801027,-6.0,-2.0,-33.0
1776886045.2901027,-6.0,-8.0,-32.0
1776886045.3001027,-7.0,-7.0,-38.0
1776886045.3101027,-7.0,-3.0,-32.0
1776886045.3201027,-9.0,2.0,-34.0
1776886045.3301027,-14.0,3.0,-35.0
1776886045.340103,-11.0,2.0,-36.0
1776886045.350103,-6.0,1.0,-35.0
1776886045.360103,-9.0,0.0,-36.0
1776886045.3701026,-8.0,-2.0,-36.0
1776886045.3801026,-8.0,-4.0,-35.0
1776886045.3901026,-6.0,-3.0,-34.0
1776886045.4001029,-4.0,-4.0,-29.0
1776886045.4101028,1.0,-5.0,-30.0
1776886045.4201028,6.0,1.0,-33.0
1776886045.4301028,8.0,0.0,-30.0
1776886045.4401028,5.0,0.0,-36.0
1776886045.4501028,5.0,2.0,-35.0
1776886045.4601028,8.0,1.0,-34.0
1776886045.4701028,6.0,1.0,-33.0
1776886045.4801028,3.0,1.0,-38.0
1776886045.4901028,1.0,0.0,-39.0
1776886045.5001028,-1.0,-1.0,-40.0
1776886045.5101027,0.0,-2.0,-45.0
1776886045.5201027,0.0,-2.0,-48.0
1776886045.5301027,-2.0,-4.0,-39.0
1776886045.5401027,-3.0,0.0,-41.0
1776886045.5501027,0.0,-1.0,-44.0
1776886045.5601027,1.0,-5.0,-40.0
1776886045.5701027,4.0,-6.0,-35.0
1776886045.5801027,0.0,-7.0,-36.0
1776886045.590103,-5.0,-6.0,-40.0
1776886045.600103,-3.0,-7.0,-36.0
1776886045.610103,3.0,-7.0,-34.0
1776886045.6201026,5.0,-5.0,-34.0
1776886045.6301026,8.0,-1.0,-38.0
1776886045.6401026,12.0,-5.0,-43.0
1776886045.6501029,10.0,-4.0,-49.0
1776886045.6601028,6.0,-5.0,-51.0
1776886045.6701028,10.0,-8.0,-47.0
1776886045.6801028,5.0,-5.0,-52.0
1776886045.6901028,3.0,-1.0,-50.0
1776886045.7001028,3.0,-1.0,-49.0
1776886045.7101028,3.0,-5.0,-45.0
1776886045.7201028,2.0,0.0,-40.0
1776886045.7301028,1.0,-2.0,-47.0
1776886045.7401028,0.0,-5.0,-48.0
1776886045.7501028,0.0,-2.0,-50.0
1776886045.7601027,1.0,0.0,-44.0
1776886045.7701027,0.0,2.0,-38.0
1776886045.7801027,-1.0,0.0,-38.0
1776886045.7901027,-1.0,0.0,-37.0
1776886045.8001027,-4.0,3.0,-36.0
1776886045.8101027,-3.0,-1.0,-39.0
1776886045.8201027,-8.0,-4.0,-38.0
1776886045.8301027,-3.0,-10.0,-44.0
1776886045.840103,-2.0,-12.0,-45.0
1776886045.850103,0.0,-11.0,-47.0
1776886045.860103,-3.0,-9.0,-48.0
1776886045.8701026,-3.0,-4.0,-46.0
1776886045.8801026,-3.0,0.0,-44.0
1776886045.8901026,3.0,1.0,-42.0
1776886045.9001029,2.0,0.0,-37.0
1776886045.9101028,4.0,3.0,-43.0
1776886045.9201028,0.0,1.0,-43.0
1776886045.9301028,0.0,-2.0,-41.0
1776886045.9401028,2.0,-5.0,-38.0
1776886045.9501028,1.0,-6.0,-34.0
1776886045.9601028,4.0,-7.0,-30.0
1776886045.9701028,4.0,-2.0,-29.0
1776886045.9801028,2.0,2.0,-35.0
1776886045.9901028,5.0,1.0,-38.0
1776886046.0001028,10.0,0.0,-35.0
1776886046.0101027,14.0,1.0,-35.0
1776886046.0201027,9.0,0.0,-37.0
1776886046.0301027,6.0,4.0,-35.0
1776886046.0401027,8.0,4.0,-34.0
1776886046.0501027,10.0,0.0,-35.0
1776886046.0601027,11.0,-1.0,-39.0
1776886046.0701027,8.0,-3.0,-36.0
1776886046.0801027,4.0,-5.0,-36.0
1776886046.090103,8.0,-6.0,-32.0
1776886046.100103,8.0,-3.0,-33.0
1776886046.110103,7.0,0.0,-34.0
1776886046.1201026,4.0,-3.0,-31.0
1776886046.1301026,0.0,0.0,-29.0
1776886046.1401026,4.0,3.0,-34.0
1776886046.1501029,4.0,5.0,-32.0
1776886046.1601028,7.0,6.0,-38.0
1776886046.1701028,8.0,5.0,-33.0
1776886046.1801028,7.0,1.0,-33.0
1776886046.1901028,2.0,2.0,-38.0
1776886046.2001028,4.0,0.0,-40.0
1776886046.2101028,7.0,0.0,-40.0
1776886046.2201028,6.0,2.0,-42.0
1776886046.2301028,6.0,2.0,-41.0
1776886046.2401028,4.0,-3.0,-40.0
1776886046.2501028,4.0,-2.0,-38.0
1776886046.2601027,0.0,-4.0,-44.0
1776886046.2701027,0.0,-1.0,-41.0
1776886046.2801027,-1.0,-1.0,-41.0
1776886046.2901027,-1.0,-2.0,-45.0
1776886046.3001027,-2.0,-1.0,-50.0
1776886046.3101027,0.0,0.0,-40.0
1776886046.3201027,4.0,-1.0,-30.0
1776886046.3301027,0.0,-1.0,-26.0
1776886046.340103,0.0,2.0,-27.0
1776886046.350103,0.0,2.0,-34.0
1776886046.360103,0.0,3.0,-33.0
1776886046.3701026,2.0,3.0,-35.0
1776886046.3801026,-1.0,5.0,-42.0
1776886046.3901026,-2.0,5.0,-44.0
1776886046.4001029,-2.0,4.0,-41.0
1776886046.4101028,-4.0,6.0,-43.0
1776886046.4201028,0.0,10.0,-40.0
1776886046.4301028,2.0,13.0,-38.0
1776886046.4401028,-1.0,6.0,-38.0
1776886046.4501028,3.0,2.0,-44.0
1776886046.4601028,4.0,0.0,-41.0
1776886046.4701028,4.0,0.0,-46.0
1776886046.4801028,2.0,-7.0,-48.0
1776886046.4901028,5.0,-3.0,-48.0
1776886046.5001028,1.0,-2.0,-49.0
1776886046.5101027,-1.0,0.0,-43.0
1776886046.5201027,-2.0,0.0,-39.0
1776886046.5301027,-5.0,0.0,-41.0
1776886046.5401027,-3.0,2.0,-41.0
1776886046.5501027,0.0,-1.0,-36.0
1776886046.5601027,-1.0,-8.0,-40.0
1776886046.5701027,-2.0,-2.0,-38.0
1776886046.5801027,3.0,-3.0,-29.0
1776886046.590103,3.0,-5.0,-29.0
1776886046.6011028,1.0,-4.0,-27.0
1776886046.610103,2.0,-2.0,-20.0
1776886046.6201026,1.0,0.0,-22.0
1776886046.6301026,0.0,-3.0,-32.0
1776886046.6411028,4.0,-1.0,-41.0
1776886046.6511028,4.0,-1.0,-37.0
1776886046.6611028,7.0,-4.0,-34.0
1776886046.6711028,3.0,-9.0,-34.0
1776886046.6811028,2.0,-10.0,-30.0
1776886046.6911027,5.0,-10.0,-32.0
1776886046.7011027,4.0,-3.0,-33.0
1776886046.7111027,0.0,0.0,-32.0
1776886046.7211027,0.0,-2.0,-36.0
1776886046.7311027,0.0,1.0,-35.0
1776886046.7411027,1.0,1.0,-29.0
1776886046.7511027,0.0,0.0,-26.0
1776886046.761103,0.0,-3.0,-26.0
1776886046.771103,2.0,-1.0,-24.0
1776886046.781103,-1.0,-4.0,-25.0
1776886046.7911026,-4.0,-1.0,-27.0
1776886046.8011026,-5.0,-1.0,-25.0
1776886046.8111026,-7.0,0.0,-24.0
1776886046.8211029,-5.0,0.0,-25.0
1776886046.8311028,-3.0,-1.0,-26.0
1776886046.8411028,0.0,0.0,-32.0
1776886046.8511028,0.0,1.0,-33.0
1776886046.8611028,1.0,2.0,-39.0
1776886046.8711028,0.0,3.0,-37.0
1776886046.8811028,-1.0,2.0,-38.0
1776886046.8911028,2.0,0.0,-35.0
1776886046.9011028,1.0,0.0,-35.0
1776886046.9111028,0.0,0.0,-32.0
1776886046.9211028,-4.0,0.0,-36.0
1776886046.9311028,0.0,1.0,-37.0
1776886046.9411027,3.0,1.0,-35.0
1776886046.9511027,4.0,0.0,-42.0
1776886046.9611027,3.0,1.0,-39.0
1776886046.9711027,8.0,1.0,-36.0
1776886046.9811027,6.0,0.0,-39.0
1776886046.9911027,4.0,-2.0,-37.0
1776886047.0011027,2.0,-3.0,-45.0
1776886047.011103,0.0,-1.0,-49.0
1776886047.021103,-4.0,2.0,-43.0
1776886047.031103,-4.0,0.0,-49.0
1776886047.0411026,-7.0,-3.0,-49.0
1776886047.0511026,-4.0,-1.0,-45.0
1776886047.0611026,-3.0,-3.0,-39.0
1776886047.0711029,1.0,-2.0,-37.0
1776886047.0811028,-2.0,-1.0,-34.0
1776886047.0911028,-2.0,-2.0,-33.0
1776886047.1011028,0.0,2.0,-39.0
1776886047.1111028,3.0,3.0,-40.0
1776886047.1211028,3.0,2.0,-41.0
1776886047.1311028,1.0,2.0,-33.0
1776886047.1411028,0.0,3.0,-32.0
1776886047.1511028,-1.0,1.0,-36.0
1776886047.1611028,1.0,3.0,-32.0
1776886047.1711028,0.0,1.0,-33.0
1776886047.1811028,5.0,1.0,-32.0
1776886047.1911027,9.0,-1.0,-40.0
1776886047.2011027,6.0,-1.0,-35.0
1776886047.2111027,2.0,-5.0,-37.0
1776886047.2211027,3.0,-5.0,-41.0
1776886047.2311027,4.0,-7.0,-43.0
1776886047.2411027,3.0,-11.0,-39.0
1776886047.2511027,4.0,-6.0,-40.0
1776886047.261103,5.0,-2.0,-40.0
1776886047.271103,3.0,0.0,-40.0
1776886047.281103,1.0,-2.0,-44.0
1776886047.2911026,0.0,-3.0,-37.0
1776886047.3011026,-1.0,-9.0,-38.0
1776886047.3111026,-1.0,-6.0,-30.0
1776886047.3211029,-2.0,-4.0,-32.0
1776886047.3311028,-2.0,-6.0,-32.0
1776886047.3411028,-4.0,-6.0,-35.0
1776886047.3511028,-5.0,-8.0,-39.0
1776886047.3611028,-1.0,-11.0,-41.0
1776886047.3711028,-2.0,-10.0,-38.0
1776886047.3811028,-4.0,-6.0,-40.0
1776886047.3911028,-6.0,0.0,-42.0
1776886047.4011028,-4.0,-1.0,-40.0
1776886047.4111028,-3.0,0.0,-38.0
1776886047.4211028,-4.0,0.0,-42.0
1776886047.4311028,-3.0,0.0,-48.0
1776886047.4411027,0.0,0.0,-43.0
1776886047.4511027,2.0,0.0,-42.0
1776886047.4611027,1.0,1.0,-39.0
1776886047.4711027,-4.0,0.0,-42.0
1776886047.4811027,-5.0,4.0,-39.0
1776886047.4911027,-9.0,2.0,-39.0
1776886047.5011027,-13.0,-1.0,-37.0
1776886047.511103,-9.0,-8.0,-40.0
1776886047.521103,-5.0,-12.0,-39.0
1776886047.531103,-2.0,-5.0,-42.0
1776886047.5411026,0.0,0.0,-42.0
1776886047.5511026,6.0,6.0,-44.0
1776886047.5611026,3.0,7.0,-45.0
1776886047.5711029,5.0,6.0,-45.0
1776886047.5811028,0.0,8.0,-49.0
1776886047.5911028,2.0,3.0,-48.0
1776886047.6011028,0.0,-1.0,-46.0
1776886047.6111028,-2.0,-1.0,-49.0
1776886047.6211028,0.0,1.0,-48.0
1776886047.6311028,1.0,0.0,-47.0
1776886047.6411028,7.0,0.0,-45.0
1776886047.6511028,6.0,-1.0,-44.0
1776886047.6611028,7.0,-2.0,-46.0
1776886047.6711028,7.0,-3.0,-45.0
1776886047.6811028,2.0,-1.0,-47.0
1776886047.6911027,3.0,1.0,-43.0
1776886047.7011027,0.0,0.0,-36.0
1776886047.7111027,0.0,2.0,-38.0
1776886047.7211027,0.0,1.0,-33.0
1776886047.7311027,-2.0,2.0,-34.0
1776886047.7411027,-6.0,-1.0,-39.0
1776886047.7511027,-5.0,-2.0,-38.0
1776886047.761103,0.0,-2.0,-38.0
1776886047.771103,-2.0,-1.0,-41.0
1776886047.781103,1.0,-3.0,-38.0
1776886047.7911026,-1.0,-1.0,-42.0
1776886047.8011026,0.0,-2.0,-42.0
1776886047.8111026,-1.0,0.0,-36.0
1776886047.8211029,1.0,0.0,-36.0
1776886047.8311028,1.0,-2.0,-30.0
1776886047.8411028,3.0,-2.0,-27.0
1776886047.8511028,4.0,-3.0,-33.0
1776886047.8611028,3.0,-2.0,-38.0
1776886047.8711028,2.0,-4.0,-35.0
1776886047.8811028,-1.0,-4.0,-30.0
1776886047.8911028,-1.0,0.0,-37.0
1776886047.9011028,2.0,-1.0,-36.0
1776886047.9111028,4.0,0.0,-29.0
1776886047.9211028,0.0,-1.0,-34.0
1776886047.9311028,4.0,-1.0,-37.0
1776886047.9411027,0.0,-3.0,-32.0
1776886047.9511027,4.0,-2.0,-40.0
1776886047.9611027,2.0,-4.0,-37.0
1776886047.9711027,3.0,-6.0,-35.0
1776886047.9811027,8.0,-4.0,-28.0
1776886047.9911027,7.0,-4.0,-28.0
1776886048.0011027,3.0,-4.0,-36.0
1776886048.011103,3.0,-1.0,-43.0
1776886048.021103,0.0,0.0,-47.0
1776886048.031103,0.0,-1.0,-45.0
1776886048.0411026,0.0,0.0,-46.0
1776886048.0511026,-1.0,-3.0,-49.0
1776886048.0611026,1.0,-2.0,-48.0
1776886048.0711029,-1.0,-6.0,-50.0
1776886048.0811028,0.0,-6.0,-54.0
1776886048.0911028,-1.0,-5.0,-52.0
1776886048.1011028,-2.0,-5.0,-53.0
1776886048.1111028,-3.0,-5.0,-53.0
1776886048.1211028,-1.0,-2.0,-55.0
1776886048.1311028,-1.0,-2.0,-44.0
1776886048.1411028,0.0,-1.0,-45.0
1776886048.1511028,1.0,0.0,-43.0
1776886048.1611028,2.0,-1.0,-41.0
1776886048.1711028,5.0,-6.0,-37.0
1776886048.1811028,5.0,-6.0,-37.0
1776886048.1911027,5.0,-7.0,-42.0
1776886048.2011027,3.0,-7.0,-47.0
1776886048.2111027,3.0,-4.0,-48.0
1776886048.2211027,2.0,-4.0,-51.0
1776886048.2311027,3.0,-5.0,-51.0
1776886048.2411027,5.0,0.0,-43.0
1776886048.2511027,6.0,0.0,-45.0
1776886048.261103,11.0,2.0,-48.0
1776886048.271103,11.0,0.0,-45.0
1776886048.281103,8.0,3.0,-47.0
1776886048.2911026,4.0,4.0,-48.0
1776886048.3011026,3.0,5.0,-51.0
1776886048.3111026,2.0,0.0,-49.0
1776886048.3211029,4.0,1.0,-42.0
1776886048.3311028,3.0,3.0,-41.0
1776886048.3411028,2.0,2.0,-36.0
1776886048.3511028,0.0,4.0,-41.0
1776886048.3611028,1.0,3.0,-37.0
1776886048.3711028,1.0,4.0,-40.0
1776886048.3811028,0.0,6.0,-47.0
1776886048.3911028,2.0,1.0,-44.0
1776886048.4011028,-2.0,-1.0,-42.0
1776886048.4111028,-1.0,-3.0,-40.0
1776886048.4211028,-4.0,0.0,-45.0
1776886048.4311028,-4.0,-3.0,-37.0
1776886048.4411027,0.0,0.0,-37.0
1776886048.4511027,-3.0,3.0,-33.0
1776886048.4611027,-2.0,0.0,-34.0
1776886048.4711027,0.0,2.0,-44.0
1776886048.4811027,6.0,0.0,-44.0
1776886048.4911027,7.0,-2.0,-47.0
1776886048.5011027,4.0,-3.0,-38.0
1776886048.511103,3.0,-3.0,-31.0
1776886048.521103,5.0,-2.0,-32.0
1776886048.531103,0.0,-2.0,-41.0
1776886048.5411026,-6.0,3.0,-37.0
1776886048.5511026,-5.0,5.0,-37.0
1776886048.5611026,1.0,4.0,-34.0
1776886048.5711029,0.0,4.0,-33.0
1776886048.5811028,4.0,4.0,-32.0
1776886048.5911028,7.0,0.0,-35.0
1776886048.6011028,6.0,-6.0,-39.0
1776886048.6111028,4.0,-5.0,-39.0
1776886048.6221027,-1.0,-6.0,-33.0
1776886048.6321027,-3.0,-7.0,-37.0
1776886048.6421027,-1.0,-6.0,-35.0
1776886048.6521027,0.0,-5.0,-35.0
1776886048.6621027,4.0,-7.0,-30.0
1776886048.6721027,0.0,-4.0,-29.0
1776886048.682103,-3.0,-4.0,-25.0
1776886048.692103,-1.0,-3.0,-29.0
1776886048.702103,3.0,0.0,-32.0
1776886048.712103,7.0,0.0,-35.0
1776886048.7221026,4.0,0.0,-26.0
1776886048.7321026,1.0,2.0,-23.0
1776886048.7421026,0.0,5.0,-25.0
1776886048.7521029,-2.0,3.0,-22.0
1776886048.7621028,-5.0,4.0,-22.0
1776886048.7721028,3.0,6.0,-33.0
1776886048.7821028,2.0,4.0,-39.0
1776886048.7921028,4.0,2.0,-45.0
1776886048.8021028,1.0,3.0,-42.0
1776886048.8121028,1.0,2.0,-43.0
1776886048.8221028,3.0,-1.0,-43.0
1776886048.8321028,0.0,-3.0,-46.0
1776886048.8421028,-2.0,-6.0,-43.0
1776886048.8521028,0.0,-7.0,-41.0
1776886048.8621027,0.0,-5.0,-42.0
1776886048.8721027,0.0,-3.0,-40.0
1776886048.8821027,-1.0,-6.0,-36.0
1776886048.8921027,0.0,-6.0,-34.0
1776886048.9021027,3.0,-5.0,-42.0
1776886048.9121027,3.0,-5.0,-46.0
1776886048.9221027,4.0,-6.0,-49.0
1776886048.932103,5.0,-2.0,-50.0
1776886048.942103,6.0,-6.0,-41.0
1776886048.952103,2.0,-3.0,-41.0
1776886048.962103,0.0,-2.0,-41.0
1776886048.9721026,0.0,-6.0,-43.0
1776886048.9821026,0.0,-4.0,-43.0
1776886048.9921026,3.0,-7.0,-42.0
1776886049.0021029,7.0,-5.0,-47.0
1776886049.0121028,8.0,-4.0,-50.0
1776886049.0221028,9.0,-1.0,-54.0
1776886049.0321028,12.0,-1.0,-57.0
1776886049.0421028,7.0,-3.0,-48.0
1776886049.0521028,6.0,0.0,-53.0
1776886049.0621028,0.0,0.0,-54.0
1776886049.0721028,0.0,0.0,-46.0
1776886049.0821028,1.0,0.0,-48.0
1776886049.0921028,-1.0,3.0,-51.0
1776886049.1021028,0.0,3.0,-51.0
1776886049.1121027,1.0,1.0,-50.0
1776886049.1221027,-3.0,0.0,-50.0
1776886049.1321027,-4.0,-2.0,-42.0
1776886049.1421027,0.0,0.0,-36.0
1776886049.1521027,0.0,-5.0,-35.0
1776886049.1621027,5.0,-9.0,-34.0
1776886049.1721027,7.0,-7.0,-29.0
1776886049.182103,5.0,-3.0,-30.0
1776886049.192103,4.0,-2.0,-31.0
1776886049.202103,7.0,0.0,-32.0
1776886049.212103,4.0,-2.0,-37.0
1776886049.2221026,1.0,-1.0,-35.0
1776886049.2321026,1.0,0.0,-29.0
1776886049.2421026,0.0,-5.0,-34.0
1776886049.2521029,-4.0,-7.0,-34.0
1776886049.2621028,-3.0,-4.0,-40.0
1776886049.2721028,-2.0,-2.0,-40.0
1776886049.2821028,0.0,-2.0,-45.0
1776886049.2921028,-2.0,0.0,-43.0
1776886049.3021028,-2.0,-3.0,-39.0
1776886049.3121028,-1.0,-3.0,-35.0
1776886049.3221028,0.0,-1.0,-36.0
1776886049.3321028,0.0,-3.0,-40.0
1776886049.3421028,-3.0,-2.0,-42.0
1776886049.3521028,-5.0,4.0,-41.0
1776886049.3621027,-1.0,0.0,-44.0
1776886049.3721027,-1.0,-5.0,-42.0
1776886049.3821027,-3.0,-4.0,-46.0
1776886049.3921027,-3.0,-5.0,-39.0
1776886049.4021027,-5.0,0.0,-31.0
1776886049.4121027,-3.0,4.0,-27.0
1776886049.4221027,-2.0,3.0,-33.0
1776886049.432103,0.0,4.0,-33.0
1776886049.442103,0.0,4.0,-33.0
1776886049.452103,0.0,2.0,-36.0
1776886049.462103,1.0,1.0,-38.0
1776886049.4721026,1.0,0.0,-40.0
1776886049.4821026,2.0,-1.0,-37.0
1776886049.4921026,0.0,-2.0,-28.0
1776886049.5021029,0.0,-4.0,-25.0
1776886049.5121028,1.0,-4.0,-31.0
1776886049.5221028,-3.0,-2.0,-34.0
1776886049.5321028,-5.0,-5.0,-40.0
1776886049.5421028,-1.0,-7.0,-37.0
1776886049.5521028,-3.0,-9.0,-40.0
1776886049.5621028,-4.0,-12.0,-42.0
1776886049.5721028,-5.0,-8.0,-45.0
1776886049.5821028,-3.0,-7.0,-43.0
1776886049.5921028,-4.0,-3.0,-44.0
1776886049.6021028,-3.0,-6.0,-40.0
1776886049.6121027,-4.0,-3.0,-39.0
1776886049.6221027,0.0,-5.0,-41.0
1776886049.6321027,-1.0,-3.0,-40.0
1776886049.6421027,-1.0,-2.0,-42.0
1776886049.6521027,-4.0,-1.0,-47.0
1776886049.6621027,-3.0,-1.0,-48.0
1776886049.6721027,-3.0,-4.0,-52.0
1776886049.682103,-3.0,-5.0,-42.0
1776886049.692103,0.0,-8.0,-40.0
1776886049.702103,-2.0,-15.0,-40.0
1776886049.712103,0.0,-14.0,-39.0
1776886049.7221026,-2.0,-10.0,-39.0
1776886049.7321026,-3.0,-6.0,-37.0
1776886049.7421026,0.0,-5.0,-39.0
1776886049.7521029,-2.0,-3.0,-35.0
1776886049.7621028,-2.0,-5.0,-39.0
1776886049.7721028,-2.0,-4.0,-41.0
1776886049.7821028,-3.0,-3.0,-41.0
1776886049.7921028,3.0,0.0,-41.0
1776886049.8021028,6.0,0.0,-50.0
1776886049.8121028,3.0,-2.0,-51.0
1776886049.8221028,1.0,-6.0,-51.0
1776886049.8321028,0.0,-7.0,-43.0
1776886049.8421028,3.0,-7.0,-44.0
1776886049.8521028,1.0,-5.0,-46.0
1776886049.8621027,0.0,-5.0,-47.0
1776886049.8721027,-4.0,-3.0,-43.0
1776886049.8821027,-6.0,-1.0,-41.0
1776886049.8921027,-3.0,0.0,-42.0
1776886049.9021027,-1.0,-1.0,-42.0
1776886049.9121027,-2.0,2.0,-50.0
1776886049.9221027,-9.0,0.0,-46.0
1776886049.932103,-7.0,0.0,-44.0
1776886049.942103,-4.0,0.0,-42.0
1776886049.952103,-2.0,1.0,-35.0
1776886049.962103,-5.0,-2.0,-36.0
1776886049.9721026,-7.0,2.0,-36.0
1776886049.9821026,-13.0,1.0,-34.0
1776886049.9921026,-6.0,-1.0,-32.0
1776886050.0021029,-1.0,-3.0,-39.0
1776886050.0121028,-4.0,-5.0,-47.0
1776886050.0221028,-5.0,-4.0,-38.0
1776886050.0321028,-5.0,-1.0,-30.0
1776886050.0421028,-3.0,1.0,-35.0
1776886050.0521028,1.0,2.0,-43.0
1776886050.0621028,-3.0,1.0,-48.0
1776886050.0721028,-6.0,0.0,-42.0
1776886050.0821028,0.0,-2.0,-44.0
1776886050.0921028,-3.0,0.0,-40.0
1776886050.1021028,-3.0,0.0,-42.0
1776886050.1121027,-2.0,0.0,-40.0
1776886050.1221027,2.0,1.0,-46.0
1776886050.1321027,1.0,-4.0,-50.0
1776886050.1421027,0.0,-3.0,-54.0
1776886050.1521027,0.0,-5.0,-60.0
1776886050.1621027,-2.0,-10.0,-53.0
1776886050.1721027,-4.0,-12.0,-48.0
1776886050.182103,-5.0,-10.0,-45.0
1776886050.192103,-7.0,-7.0,-38.0
1776886050.202103,-2.0,-8.0,-44.0
1776886050.212103,1.0,-10.0,-49.0
1776886050.2221026,-2.0,-8.0,-52.0
1776886050.2321026,-5.0,-10.0,-51.0
1776886050.2421026,-6.0,-8.0,-53.0
1776886050.2521029,0.0,-2.0,-48.0
1776886050.2621028,0.0,1.0,-43.0
1776886050.2721028,-1.0,0.0,-44.0
1776886050.2821028,-3.0,-4.0,-44.0
1776886050.2921028,-1.0,-1.0,-47.0
1776886050.3021028,-1.0,0.0,-50.0
1776886050.3121028,1.0,-5.0,-45.0
1776886050.3221028,5.0,-5.0,-39.0
1776886050.3321028,2.0,-4.0,-30.0
1776886050.3421028,5.0,-5.0,-34.0
1776886050.3521028,0.0,-7.0,-35.0
1776886050.3621027,-1.0,-7.0,-36.0
1776886050.3721027,-1.0,-4.0,-39.0
1776886050.3821027,1.0,-6.0,-43.0
1776886050.3921027,2.0,-7.0,-50.0
1776886050.4021027,1.0,-10.0,-51.0
1776886050.4121027,4.0,-7.0,-51.0
1776886050.4221027,2.0,-1.0,-52.0
1776886050.432103,4.0,0.0,-53.0
1776886050.442103,4.0,1.0,-49.0
1776886050.452103,6.0,2.0,-43.0
1776886050.462103,3.0,2.0,-45.0
1776886050.4721026,6.0,2.0,-47.0
1776886050.4821026,4.0,5.0,-48.0
1776886050.4921026,6.0,3.0,-50.0
1776886050.5021029,7.0,2.0,-45.0
1776886050.5121028,5.0,-1.0,-42.0
1776886050.5221028,3.0,-3.0,-47.0
1776886050.5321028,5.0,-7.0,-40.0
1776886050.5421028,3.0,-5.0,-45.0
1776886050.5521028,0.0,-3.0,-44.0
1776886050.5621028,2.0,-2.0,-39.0
1776886050.5721028,2.0,-3.0,-39.0
1776886050.5821028,0.0,2.0,-37.0
1776886050.5921028,-2.0,0.0,-32.0
1776886050.6031027,-1.0,3.0,-32.0
1776886050.6121027,-6.0,2.0,-38.0
1776886050.623103,-6.0,3.0,-44.0
1776886050.633103,-4.0,2.0,-41.0
1776886050.6431026,-2.0,3.0,-40.0
1776886050.6531026,1.0,1.0,-36.0
1776886050.6631026,-1.0,0.0,-45.0
1776886050.6731029,2.0,0.0,-43.0
1776886050.6831028,2.0,0.0,-42.0
1776886050.6931028,1.0,-3.0,-44.0
1776886050.7031028,0.0,-4.0,-46.0
1776886050.7131028,0.0,-4.0,-51.0
1776886050.7231028,1.0,-2.0,-51.0
1776886050.7331028,2.0,-5.0,-49.0
1776886050.7431028,1.0,-5.0,-45.0
1776886050.7531028,0.0,-3.0,-41.0
1776886050.7631028,3.0,-1.0,-42.0
1776886050.7731028,0.0,0.0,-38.0
1776886050.7831028,1.0,-1.0,-36.0
1776886050.7931027,2.0,-5.0,-31.0
1776886050.8031027,3.0,0.0,-35.0
1776886050.8131027,0.0,-1.0,-36.0
1776886050.8231027,-2.0,-6.0,-36.0
1776886050.8331027,-7.0,-8.0,-36.0
1776886050.8431027,-5.0,-6.0,-38.0
1776886050.8531027,-2.0,-4.0,-27.0
1776886050.863103,0.0,-2.0,-24.0
1776886050.873103,2.0,-2.0,-27.0
1776886050.883103,4.0,1.0,-31.0
1776886050.8931026,7.0,0.0,-36.0
1776886050.9031026,5.0,-2.0,-36.0
1776886050.9131026,0.0,0.0,-38.0
1776886050.9231029,0.0,1.0,-39.0
1776886050.9331028,-3.0,2.0,-39.0
1776886050.9431028,-6.0,5.0,-32.0
1776886050.9531028,-8.0,4.0,-43.0
1776886050.9631028,-9.0,7.0,-39.0
1776886050.9731028,-11.0,6.0,-41.0
1776886050.9831028,-10.0,6.0,-43.0
1776886050.9931028,-9.0,5.0,-34.0
1776886051.0031028,-7.0,7.0,-34.0
1776886051.0131028,-8.0,7.0,-34.0
1776886051.0231028,-11.0,8.0,-31.0
1776886051.0331028,-12.0,9.0,-28.0
1776886051.0431027,-5.0,6.0,-25.0
1776886051.0531027,-3.0,3.0,-27.0
1776886051.0631027,-4.0,1.0,-26.0
1776886051.0731027,0.0,1.0,-28.0
1776886051.0831027,3.0,4.0,-33.0
1776886051.0931027,7.0,-2.0,-40.0
1776886051.1031027,12.0,-4.0,-50.0
1776886051.113103,8.0,-2.0,-48.0
1776886051.123103,3.0,0.0,-46.0
1776886051.133103,0.0,1.0,-46.0
1776886051.1431026,2.0,-3.0,-45.0
1776886051.1531026,1.0,-5.0,-46.0
1776886051.1631026,-3.0,-9.0,-45.0
1776886051.1731029,-5.0,-9.0,-48.0
1776886051.1831028,-6.0,-8.0,-43.0
1776886051.1931028,-5.0,-8.0,-35.0
1776886051.2031028,-6.0,-6.0,-31.0
1776886051.2131028,-4.0,-3.0,-30.0
1776886051.2231028,2.0,0.0,-32.0
1776886051.2331028,5.0,0.0,-36.0
1776886051.2431028,6.0,-4.0,-35.0
1776886051.2531028,6.0,-1.0,-38.0
1776886051.2631028,6.0,-3.0,-35.0
1776886051.2731028,6.0,-2.0,-35.0
1776886051.2831028,5.0,-2.0,-39.0
1776886051.2931027,1.0,2.0,-39.0
1776886051.3031027,-1.0,2.0,-39.0
1776886051.3131027,-2.0,4.0,-40.0
1776886051.3231027,-3.0,3.0,-42.0
1776886051.3331027,-2.0,5.0,-41.0
1776886051.3431027,-2.0,4.0,-40.0
1776886051.3531027,0.0,1.0,-44.0
1776886051.363103,2.0,-1.0,-42.0
1776886051.373103,-3.0,3.0,-44.0
1776886051.383103,-2.0,0.0,-43.0
1776886051.3931026,-1.0,1.0,-45.0
1776886051.4031026,-5.0,-1.0,-46.0
1776886051.4131026,-4.0,-4.0,-50.0
1776886051.4231029,-5.0,-5.0,-48.0
1776886051.4331028,-6.0,-7.0,-40.0
1776886051.4431028,-2.0,-9.0,-38.0
1776886051.4531028,0.0,-7.0,-38.0
1776886051.4631028,4.0,-9.0,-32.0
1776886051.4731028,6.0,-6.0,-34.0
1776886051.4831028,11.0,-1.0,-33.0
1776886051.4931028,7.0,-3.0,-27.0
1776886051.5031028,6.0,-6.0,-31.0
1776886051.5131028,4.0,-1.0,-35.0
1776886051.5231028,3.0,-4.0,-30.0
1776886051.5331028,4.0,0.0,-39.0
1776886051.5431027,2.0,3.0,-33.0
1776886051.5531027,0.0,1.0,-27.0
1776886051.5631027,2.0,2.0,-28.0
1776886051.5731027,9.0,3.0,-32.0
1776886051.5831027,7.0,1.0,-29.0
1776886051.5931027,7.0,-1.0,-37.0
1776886051.6031027,4.0,0.0,-36.0
1776886051.613103,6.0,0.0,-37.0
1776886051.623103,7.0,0.0,-37.0
1776886051.633103,7.0,-1.0,-43.0
1776886051.6431026,8.0,0.0,-42.0
1776886051.6531026,9.0,4.0,-42.0
1776886051.6631026,8.0,1.0,-48.0
1776886051.6731029,2.0,3.0,-50.0
1776886051.6831028,0.0,0.0,-55.0
1776886051.6931028,0.0,-3.0,-54.0
1776886051.7031028,-5.0,-3.0,-48.0
1776886051.7131028,-2.0,1.0,-46.0
1776886051.7231028,-3.0,1.0,-48.0
1776886051.7331028,-2.0,1.0,-47.0
1776886051.7431028,0.0,2.0,-44.0
1776886051.7531028,4.0,2.0,-41.0
1776886051.7631028,3.0,4.0,-42.0
1776886051.7731028,2.0,4.0,-42.0
1776886051.7831028,4.0,1.0,-44.0
1776886051.7931027,7.0,-2.0,-47.0
1776886051.8031027,5.0,-5.0,-37.0
1776886051.8131027,4.0,-6.0,-35.0
1776886051.8231027,8.0,-8.0,-37.0
1776886051.8331027,8.0,-4.0,-42.0
1776886051.8431027,3.0,-2.0,-45.0
1776886051.8531027,5.0,0.0,-45.0
1776886051.863103,3.0,2.0,-48.0
1776886051.873103,0.0,2.0,-49.0
1776886051.883103,0.0,2.0,-43.0
1776886051.8931026,2.0,2.0,-45.0
1776886051.9031026,1.0,1.0,-42.0
1776886051.9131026,-1.0,6.0,-42.0
1776886051.9231029,-4.0,7.0,-44.0
1776886051.9331028,-5.0,7.0,-42.0
1776886051.9431028,0.0,8.0,-38.0
1776886051.9531028,1.0,6.0,-33.0
1776886051.9631028,5.0,3.0,-44.0
1776886051.9731028,2.0,0.0,-43.0
1776886051.9831028,2.0,0.0,-48.0
1776886051.9931028,3.0,0.0,-45.0
1776886052.0031028,1.0,1.0,-43.0
1776886052.0131028,0.0,2.0,-45.0
1776886052.0231028,-2.0,1.0,-52.0
1776886052.0331028,-1.0,0.0,-46.0
1776886052.0431027,0.0,1.0,-37.0
1776886052.0531027,-1.0,4.0,-34.0
1776886052.0631027,-4.0,5.0,-32.0
1776886052.0731027,-4.0,7.0,-31.0
1776886052.0831027,-2.0,8.0,-35.0
1776886052.0931027,-9.0,4.0,-37.0
1776886052.1031027,-8.0,1.0,-39.0
1776886052.113103,-4.0,-2.0,-43.0
1776886052.123103,-3.0,-1.0,-38.0
1776886052.133103,-2.0,-2.0,-38.0
1776886052.1431026,-4.0,-3.0,-35.0
1776886052.1531026,-5.0,-3.0,-33.0
1776886052.1631026,-4.0,0.0,-38.0
1776886052.1731029,0.0,3.0,-44.0
1776886052.1831028,2.0,0.0,-45.0
1776886052.1931028,2.0,0.0,-46.0
1776886052.2031028,1.0,-1.0,-48.0
1776886052.2131028,5.0,-3.0,-52.0
1776886052.2231028,6.0,1.0,-51.0
1776886052.2331028,2.0,7.0,-47.0
1776886052.2431028,3.0,3.0,-44.0
1776886052.2531028,-2.0,4.0,-44.0
1776886052.2631028,-2.0,4.0,-44.0
1776886052.2731028,-7.0,5.0,-45.0
1776886052.2831028,-6.0,4.0,-44.0
1776886052.2931027,-2.0,1.0,-46.0
1776886052.3031027,2.0,-1.0,-41.0
1776886052.3131027,0.0,-4.0,-39.0
1776886052.3231027,0.0,-9.0,-37.0
1776886052.3331027,-5.0,-9.0,-38.0
1776886052.3431027,-5.0,-9.0,-49.0
1776886052.3531027,0.0,-8.0,-42.0
1776886052.363103,-2.0,-4.0,-44.0
1776886052.373103,-4.0,-6.0,-37.0
1776886052.383103,-6.0,-3.0,-35.0
1776886052.3931026,-11.0,2.0,-41.0
1776886052.4031026,-6.0,0.0,-49.0
1776886052.4131026,-4.0,-1.0,-44.0
1776886052.4231029,-6.0,0.0,-47.0
1776886052.4331028,-11.0,0.0,-40.0
1776886052.4431028,-4.0,0.0,-41.0
1776886052.4531028,-5.0,2.0,-45.0
1776886052.4631028,-2.0,2.0,-45.0
1776886052.4731028,0.0,0.0,-48.0
1776886052.4831028,4.0,1.0,-42.0
1776886052.4931028,7.0,0.0,-37.0
1776886052.5031028,5.0,0.0,-39.0
1776886052.5131028,1.0,-1.0,-43.0
1776886052.5231028,-5.0,2.0,-43.0
1776886052.5331028,-7.0,0.0,-40.0
1776886052.5431027,-6.0,-3.0,-43.0
1776886052.5531027,0.0,-1.0,-41.0
1776886052.5631027,1.0,1.0,-47.0
1776886052.5731027,0.0,0.0,-47.0
1776886052.5841026,5.0,2.0,-47.0
1776886052.5941026,5.0,0.0,-51.0
1776886052.6041028,4.0,-2.0,-55.0
1776886052.6141028,1.0,-3.0,-49.0
1776886052.6241028,-1.0,-5.0,-57.0
1776886052.6341028,0.0,-4.0,-49.0
1776886052.6441028,1.0,-4.0,-40.0
1776886052.6541028,-5.0,-1.0,-43.0
1776886052.6641028,-5.0,0.0,-46.0
1776886052.6741028,0.0,1.0,-47.0
1776886052.6841028,1.0,3.0,-47.0
1776886052.6941028,-7.0,2.0,-42.0
1776886052.7041028,-6.0,3.0,-40.0
1776886052.7141027,-5.0,4.0,-47.0
1776886052.7241027,1.0,4.0,-46.0
1776886052.7341027,0.0,2.0,-44.0
1776886052.7441027,-4.0,3.0,-38.0
1776886052.7541027,-3.0,2.0,-38.0
1776886052.7641027,-5.0,1.0,-40.0
1776886052.7741027,-1.0,2.0,-31.0
1776886052.784103,-4.0,1.0,-38.0
1776886052.794103,-4.0,0.0,-42.0
1776886052.804103,-2.0,-2.0,-40.0
1776886052.8141026,-3.0,0.0,-40.0
1776886052.8241026,-6.0,0.0,-40.0
1776886052.8341026,-5.0,1.0,-38.0
1776886052.8441026,-2.0,0.0,-38.0
1776886052.8541028,1.0,-2.0,-43.0
1776886052.8641028,0.0,-2.0,-45.0
1776886052.8741028,0.0,0.0,-47.0
1776886052.8841028,0.0,1.0,-43.0
1776886052.8941028,0.0,2.0,-42.0
1776886052.9041028,2.0,0.0,-41.0
1776886052.9141028,3.0,0.0,-40.0
1776886052.9241028,2.0,1.0,-39.0
1776886052.9341028,3.0,4.0,-39.0
1776886052.9441028,0.0,-1.0,-40.0
1776886052.9541028,1.0,-1.0,-37.0
1776886052.9641027,2.0,-1.0,-34.0
1776886052.9741027,0.0,0.0,-26.0
1776886052.9841027,3.0,1.0,-24.0
1776886052.9941027,3.0,4.0,-26.0
1776886053.0041027,4.0,4.0,-29.0
1776886053.0141027,5.0,1.0,-36.0
1776886053.0241027,7.0,1.0,-33.0
1776886053.034103,8.0,3.0,-30.0
1776886053.044103,2.0,6.0,-31.0
1776886053.054103,0.0,8.0,-30.0
1776886053.0641026,-1.0,6.0,-29.0
1776886053.0741026,-4.0,3.0,-26.0
1776886053.0841026,-2.0,2.0,-28.0
1776886053.0941026,1.0,2.0,-30.0
1776886053.1041028,7.0,0.0,-32.0
1776886053.1141028,9.0,0.0,-28.0
1776886053.1241028,6.0,0.0,-28.0
1776886053.1341028,8.0,-2.0,-34.0
1776886053.1441028,5.0,-1.0,-33.0
1776886053.1541028,1.0,0.0,-42.0
1776886053.1641028,5.0,-4.0,-45.0
1776886053.1741028,0.0,0.0,-43.0
1776886053.1841028,-2.0,0.0,-43.0
1776886053.1941028,-5.0,0.0,-44.0
1776886053.2041028,0.0,-2.0,-37.0
1776886053.2141027,2.0,-1.0,-33.0
1776886053.2241027,-2.0,-7.0,-33.0
1776886053.2341027,-3.0,-5.0,-31.0
1776886053.2441027,-10.0,-5.0,-29.0
1776886053.2541027,-9.0,-6.0,-30.0
1776886053.2641027,-3.0,-4.0,-33.0
1776886053.2741027,-1.0,-1.0,-34.0
1776886053.284103,-5.0,-2.0,-30.0
1776886053.294103,-2.0,0.0,-37.0
1776886053.304103,-3.0,-1.0,-30.0
1776886053.3141026,-1.0,2.0,-31.0
1776886053.3241026,-2.0,3.0,-33.0
1776886053.3341026,0.0,4.0,-34.0
1776886053.3441026,-6.0,2.0,-31.0
1776886053.3541028,-7.0,4.0,-25.0
1776886053.3641028,-7.0,1.0,-32.0
1776886053.3741028,-8.0,0.0,-38.0
1776886053.3841028,-3.0,-1.0,-44.0
1776886053.3941028,-3.0,1.0,-38.0
1776886053.4041028,-4.0,-1.0,-38.0
1776886053.4141028,-3.0,-1.0,-37.0
1776886053.4241028,-2.0,1.0,-38.0
1776886053.4341028,-4.0,0.0,-41.0
1776886053.4441028,-6.0,1.0,-39.0
1776886053.4541028,0.0,-1.0,-31.0
1776886053.4641027,0.0,-2.0,-26.0
1776886053.4741027,3.0,-3.0,-29.0
1776886053.4841027,-2.0,-7.0,-35.0
1776886053.4941027,0.0,-5.0,-46.0
1776886053.5041027,2.0,-5.0,-53.0
1776886053.5141027,-1.0,0.0,-55.0
1776886053.5241027,-3.0,-3.0,-63.0
1776886053.534103,4.0,-3.0,-56.0
1776886053.544103,8.0,1.0,-46.0
1776886053.554103,6.0,2.0,-46.0
1776886053.5641026,5.0,2.0,-53.0
1776886053.5741026,6.0,5.0,-52.0
1776886053.5841026,7.0,6.0,-55.0
1776886053.5941026,10.0,4.0,-56.0
1776886053.6041028,8.0,3.0,-45.0
1776886053.6141028,9.0,4.0,-44.0
1776886053.6241028,3.0,5.0,-45.0
1776886053.6341028,0.0,1.0,-41.0
1776886053.6441028,3.0,4.0,-41.0
1776886053.6541028,3.0,3.0,-39.0
1776886053.6641028,0.0,5.0,-42.0
1776886053.6741028,1.0,4.0,-42.0
1776886053.6841028,1.0,7.0,-42.0
1776886053.6941028,3.0,9.0,-37.0
1776886053.7041028,3.0,4.0,-42.0
1776886053.7141027,1.0,0.0,-37.0
1776886053.7241027,0.0,-2.0,-37.0
1776886053.7341027,0.0,-2.0,-41.0
1776886053.7441027,-1.0,0.0,-42.0
1776886053.7541027,-2.0,-2.0,-38.0
1776886053.7641027,-4.0,-6.0,-38.0
1776886053.7741027,-3.0,-2.0,-40.0
1776886053.784103,-2.0,-1.0,-36.0
1776886053.794103,-2.0,0.0,-38.0
1776886053.804103,3.0,1.0,-36.0
1776886053.8141026,3.0,0.0,-39.0
1776886053.8241026,3.0,-1.0,-34.0
1776886053.8341026,2.0,0.0,-31.0
1776886053.8441026,4.0,0.0,-27.0
1776886053.8541028,4.0,-4.0,-35.0
1776886053.8641028,6.0,-2.0,-35.0
1776886053.8741028,6.0,1.0,-38.0
1776886053.8841028,4.0,-3.0,-36.0
1776886053.8941028,0.0,-4.0,-38.0
1776886053.9041028,-1.0,-5.0,-35.0
1776886053.9141028,0.0,-4.0,-35.0
1776886053.9241028,-1.0,-3.0,-33.0
1776886053.9341028,1.0,-6.0,-32.0
1776886053.9441028,1.0,-8.0,-38.0
1776886053.9541028,3.0,-6.0,-39.0
1776886053.9641027,4.0,-7.0,-38.0
1776886053.9741027,4.0,-6.0,-40.0
1776886053.9841027,0.0,-4.0,-37.0
1776886053.9941027,-2.0,-2.0,-32.0
1776886054.0041027,-3.0,-4.0,-35.0
1776886054.0141027,-1.0,-1.0,-36.0
1776886054.0241027,-2.0,0.0,-36.0
1776886054.034103,-4.0,3.0,-33.0
1776886054.044103,-5.0,2.0,-37.0
1776886054.054103,-1.0,0.0,-38.0
1776886054.0641026,-2.0,2.0,-37.0
1776886054.0741026,0.0,0.0,-38.0
1776886054.0841026,-1.0,0.0,-42.0
1776886054.0941026,0.0,0.0,-45.0
1776886054.1041028,3.0,-2.0,-44.0
1776886054.1141028,3.0,-2.0,-48.0
1776886054.1241028,0.0,0.0,-47.0
1776886054.1341028,-3.0,3.0,-49.0
1776886054.1441028,-7.0,1.0,-48.0
1776886054.1541028,-2.0,1.0,-47.0
1776886054.1641028,-1.0,3.0,-45.0
1776886054.1741028,-2.0,0.0,-44.0
1776886054.1841028,-5.0,1.0,-41.0
1776886054.1941028,-5.0,2.0,-38.0
1776886054.2041028,-3.0,1.0,-41.0
1776886054.2141027,-4.0,-3.0,-43.0
1776886054.2241027,1.0,-2.0,-40.0
1776886054.2341027,6.0,-3.0,-39.0
1776886054.2441027,3.0,-1.0,-42.0
1776886054.2541027,4.0,-2.0,-42.0
1776886054.2641027,0.0,0.0,-41.0
1776886054.2741027,1.0,1.0,-41.0
1776886054.284103,0.0,3.0,-44.0
1776886054.294103,2.0,-2.0,-51.0
1776886054.304103,-3.0,-1.0,-45.0
1776886054.3141026,-5.0,5.0,-39.0
1776886054.3241026,-7.0,2.0,-36.0
1776886054.3341026,-5.0,-1.0,-40.0
1776886054.3441026,-6.0,-3.0,-40.0
1776886054.3541028,-8.0,1.0,-40.0
1776886054.3641028,-9.0,2.0,-39.0
1776886054.3741028,-12.0,1.0,-46.0
1776886054.3841028,-8.0,-1.0,-55.0
1776886054.3941028,-5.0,2.0,-48.0
1776886054.4041028,0.0,0.0,-48.0
1776886054.4141028,1.0,-1.0,-38.0
1776886054.4241028,3.0,-6.0,-40.0
1776886054.4341028,0.0,-8.0,-39.0
1776886054.4441028,0.0,-6.0,-42.0
1776886054.4541028,0.0,-3.0,-45.0
1776886054.4641027,-5.0,-2.0,-47.0
1776886054.4741027,-1.0,-4.0,-41.0
1776886054.4841027,1.0,-3.0,-38.0
1776886054.4941027,-1.0,0.0,-36.0
1776886054.5041027,2.0,-3.0,-39.0
1776886054.5141027,0.0,-4.0,-42.0
1776886054.5241027,-3.0,2.0,-47.0
1776886054.534103,-2.0,1.0,-43.0
1776886054.544103,3.0,-1.0,-40.0
1776886054.554103,0.0,-1.0,-39.0
1776886054.5641026,0.0,-1.0,-33.0
1776886054.5741026,3.0,-1.0,-36.0
1776886054.5841026,5.0,0.0,-42.0
1776886054.5951028,5.0,-1.0,-43.0
1776886054.6051028,5.0,-5.0,-38.0
1776886054.6151028,5.0,-4.0,-35.0
1776886054.6251028,7.0,-9.0,-35.0
1776886054.6351027,4.0,-9.0,-37.0
1776886054.6451027,3.0,-10.0,-38.0
1776886054.6551027,0.0,-10.0,-36.0
1776886054.6651027,-1.0,-8.0,-41.0
1776886054.6751027,1.0,-3.0,-49.0
1776886054.6851027,0.0,-2.0,-43.0
1776886054.6951027,0.0,-1.0,-38.0
1776886054.7051027,-2.0,-1.0,-36.0
1776886054.715103,-7.0,0.0,-42.0
1776886054.725103,-3.0,0.0,-36.0
1776886054.735103,0.0,1.0,-38.0
1776886054.7451026,-2.0,1.0,-44.0
1776886054.7551026,3.0,0.0,-44.0
1776886054.7651026,4.0,-2.0,-48.0
1776886054.7751029,0.0,-4.0,-41.0
1776886054.7851028,-1.0,-4.0,-36.0
1776886054.7951028,-1.0,-6.0,-40.0
1776886054.8051028,-4.0,-4.0,-42.0
1776886054.8151028,0.0,0.0,-46.0
1776886054.8251028,0.0,1.0,-47.0
1776886054.8351028,0.0,0.0,-36.0
1776886054.8451028,-4.0,-1.0,-37.0
1776886054.8551028,-2.0,0.0,-38.0
1776886054.8651028,-1.0,2.0,-44.0
1776886054.8751028,-4.0,2.0,-46.0
1776886054.8851027,-1.0,4.0,-45.0
1776886054.8951027,1.0,7.0,-45.0
1776886054.9051027,0.0,2.0,-44.0
1776886054.9151027,-1.0,-2.0,-39.0
1776886054.9251027,2.0,-2.0,-34.0
1776886054.9351027,4.0,0.0,-38.0
1776886054.9451027,0.0,6.0,-30.0
1776886054.9551027,-3.0,4.0,-28.0
1776886054.965103,1.0,2.0,-32.0
1776886054.975103,0.0,1.0,-35.0
1776886054.985103,0.0,0.0,-36.0
1776886054.9951026,0.0,3.0,-38.0
1776886055.0051026,-3.0,1.0,-44.0
1776886055.0151026,0.0,-2.0,-50.0
1776886055.0251029,0.0,-3.0,-47.0
1776886055.0351028,0.0,0.0,-47.0
1776886055.0451028,1.0,0.0,-46.0
1776886055.0551028,-2.0,-2.0,-52.0
1776886055.0651028,0.0,-1.0,-50.0
1776886055.0751028,0.0,2.0,-36.0
1776886055.0851028,2.0,3.0,-31.0
1776886055.0951028,0.0,3.0,-26.0
1776886055.1051028,1.0,1.0,-30.0
1776886055.1151028,0.0,-4.0,-25.0
1776886055.1251028,3.0,-4.0,-26.0
1776886055.1351027,2.0,-4.0,-27.0
1776886055.1451027,0.0,-6.0,-24.0
1776886055.1551027,-1.0,-3.0,-24.0
1776886055.1651027,-1.0,-6.0,-25.0
1776886055.1751027,-3.0,-2.0,-25.0
1776886055.1851027,-2.0,1.0,-30.0
1776886055.1951027,-2.0,0.0,-28.0
1776886055.2051027,-1.0,-1.0,-31.0
1776886055.215103,-3.0,2.0,-29.0
1776886055.225103,-3.0,0.0,-29.0
1776886055.235103,2.0,2.0,-30.0
1776886055.2451026,5.0,4.0,-26.0
1776886055.2551026,4.0,1.0,-34.0
1776886055.2651026,0.0,-1.0,-35.0
1776886055.2751029,0.0,1.0,-30.0
1776886055.2851028,3.0,1.0,-26.0
1776886055.2951028,7.0,0.0,-28.0
1776886055.3051028,12.0,1.0,-34.0
1776886055.3151028,10.0,3.0,-31.0
1776886055.3251028,11.0,1.0,-31.0
1776886055.3351028,5.0,1.0,-40.0
1776886055.3451028,0.0,2.0,-46.0
1776886055.3551028,0.0,0.0,-39.0
1776886055.3651028,-2.0,6.0,-38.0
1776886055.3751028,4.0,6.0,-37.0
1776886055.3851027,5.0,6.0,-31.0
1776886055.3951027,3.0,3.0,-30.0
1776886055.4051027,4.0,-2.0,-32.0
1776886055.4151027,0.0,-5.0,-30.0
1776886055.4251027,-4.0,-4.0,-30.0
1776886055.4351027,-2.0,-6.0,-33.0
1776886055.4451027,-4.0,-9.0,-32.0
1776886055.4551027,-6.0,-7.0,-38.0
1776886055.465103,-3.0,-2.0,-34.0
1776886055.475103,-3.0,0.0,-34.0
1776886055.485103,-6.0,3.0,-34.0
1776886055.4951026,-3.0,3.0,-36.0
1776886055.5051026,-6.0,2.0,-31.0
1776886055.5151026,-3.0,2.0,-34.0
1776886055.5251029,0.0,0.0,-38.0
1776886055.5351028,3.0,0.0,-42.0
1776886055.5451028,6.0,1.0,-36.0
1776886055.5551028,1.0,1.0,-31.0
1776886055.5651028,1.0,0.0,-37.0
1776886055.5751028,-4.0,-1.0,-41.0
1776886055.5851028,-2.0,-6.0,-41.0
1776886055.5951028,1.0,0.0,-39.0
1776886055.6051028,6.0,-2.0,-37.0
1776886055.6151028,1.0,2.0,-43.0
1776886055.6251028,2.0,0.0,-38.0
1776886055.6351027,2.0,1.0,-42.0
1776886055.6451027,1.0,2.0,-43.0
1776886055.6551027,2.0,2.0,-38.0
1776886055.6651027,0.0,2.0,-39.0
1776886055.6751027,-2.0,2.0,-33.0
1776886055.6851027,-1.0,2.0,-32.0
1776886055.6951027,0.0,1.0,-35.0
1776886055.7051027,0.0,3.0,-37.0
1776886055.715103,1.0,-1.0,-33.0
1776886055.725103,1.0,-1.0,-33.0
1776886055.735103,1.0,1.0,-23.0
1776886055.7451026,1.0,5.0,-26.0
1776886055.7551026,2.0,2.0,-28.0
1776886055.7651026,0.0,4.0,-35.0
1776886055.7751029,-2.0,3.0,-38.0
1776886055.7851028,0.0,5.0,-30.0
1776886055.7951028,1.0,1.0,-27.0
1776886055.8051028,2.0,1.0,-21.0
1776886055.8151028,2.0,0.0,-28.0
1776886055.8251028,2.0,-1.0,-39.0
1776886055.8351028,0.0,-5.0,-39.0
1776886055.8451028,1.0,0.0,-34.0
1776886055.8551028,4.0,0.0,-36.0
1776886055.8651028,3.0,1.0,-36.0
1776886055.8751028,0.0,1.0,-34.0
1776886055.8851027,0.0,0.0,-32.0
1776886055.8951027,0.0,2.0,-36.0
1776886055.9051027,-1.0,4.0,-34.0
1776886055.9151027,-1.0,2.0,-28.0
1776886055.9251027,1.0,2.0,-22.0
1776886055.9351027,3.0,3.0,-21.0
1776886055.9451027,3.0,4.0,-25.0
1776886055.9551027,3.0,2.0,-36.0
1776886055.965103,5.0,0.0,-34.0
1776886055.975103,0.0,2.0,-27.0
1776886055.985103,-2.0,2.0,-27.0
1776886055.9951026,-3.0,1.0,-30.0
1776886056.0051026,-5.0,5.0,-29.0
1776886056.0151026,-3.0,2.0,-31.0
1776886056.0251029,0.0,0.0,-31.0
1776886056.0351028,-2.0,-3.0,-34.0
1776886056.0451028,0.0,-3.0,-34.0
1776886056.0551028,-1.0,-5.0,-36.0
1776886056.0651028,0.0,-5.0,-34.0
1776886056.0751028,-5.0,-4.0,-37.0
1776886056.0851028,-10.0,-7.0,-41.0
1776886056.0951028,-12.0,-10.0,-43.0
1776886056.1051028,-11.0,-10.0,-41.0
1776886056.1151028,-3.0,-12.0,-35.0
1776886056.1251028,-6.0,-11.0,-32.0
1776886056.1351027,-1.0,-6.0,-31.0
1776886056.1451027,3.0,-7.0,-30.0
1776886056.1551027,4.0,-5.0,-26.0
1776886056.1651027,4.0,-4.0,-25.0
1776886056.1751027,3.0,-1.0,-31.0
1776886056.1851027,5.0,-7.0,-30.0
1776886056.1951027,6.0,-8.0,-28.0
1776886056.2051027,3.0,-7.0,-29.0
1776886056.215103,3.0,-5.0,-32.0
1776886056.225103,6.0,-4.0,-34.0
1776886056.235103,5.0,-6.0,-41.0
1776886056.2451026,4.0,-9.0,-39.0
1776886056.2551026,6.0,-11.0,-41.0
1776886056.2651026,6.0,-10.0,-42.0
1776886056.2751029,3.0,-6.0,-38.0
1776886056.2851028,4.0,-2.0,-43.0
1776886056.2951028,5.0,0.0,-44.0
1776886056.3051028,6.0,0.0,-48.0
1776886056.3151028,6.0,1.0,-44.0
1776886056.3251028,5.0,0.0,-43.0
1776886056.3351028,2.0,0.0,-41.0
1776886056.3451028,2.0,-4.0,-48.0
1776886056.3551028,0.0,-4.0,-49.0
1776886056.3651028,0.0,0.0,-49.0
1776886056.3751028,0.0,1.0,-46.0
1776886056.3851027,0.0,2.0,-51.0
1776886056.3951027,2.0,4.0,-51.0
1776886056.4051027,2.0,4.0,-48.0
1776886056.4151027,-1.0,4.0,-41.0
1776886056.4251027,1.0,3.0,-41.0
1776886056.4351027,5.0,2.0,-35.0
1776886056.4451027,7.0,2.0,-34.0
1776886056.4551027,2.0,6.0,-38.0
1776886056.465103,2.0,3.0,-46.0
1776886056.475103,0.0,3.0,-47.0
1776886056.485103,-1.0,4.0,-48.0
1776886056.4951026,-2.0,4.0,-44.0
1776886056.5051026,0.0,2.0,-46.0
1776886056.5151026,-2.0,1.0,-46.0
1776886056.5251029,-1.0,0.0,-38.0
1776886056.5351028,0.0,3.0,-37.0
1776886056.5451028,-2.0,5.0,-41.0
1776886056.5551028,3.0,5.0,-49.0
1776886056.5651028,4.0,1.0,-54.0
1776886056.5761027,2.0,0.0,-49.0
1776886056.5861027,0.0,-2.0,-41.0
1776886056.5961027,2.0,-3.0,-40.0
1776886056.6061027,0.0,-1.0,-37.0
1776886056.6161027,2.0,2.0,-41.0
1776886056.6261027,5.0,2.0,-37.0
1776886056.636103,4.0,2.0,-41.0
1776886056.646103,1.0,4.0,-46.0
1776886056.656103,1.0,4.0,-47.0
1776886056.6661026,2.0,2.0,-36.0
1776886056.6761026,1.0,3.0,-38.0
1776886056.6861026,1.0,4.0,-43.0
1776886056.6961029,0.0,2.0,-41.0
1776886056.7061028,0.0,2.0,-52.0
1776886056.7161028,3.0,0.0,-45.0
1776886056.7261028,6.0,-1.0,-43.0
1776886056.7361028,4.0,1.0,-44.0
1776886056.7461028,8.0,4.0,-43.0
1776886056.7561028,8.0,3.0,-49.0
1776886056.7661028,0.0,4.0,-43.0
1776886056.7761028,1.0,3.0,-40.0
1776886056.7861028,2.0,3.0,-38.0
1776886056.7961028,0.0,-1.0,-37.0
1776886056.8061028,0.0,-1.0,-42.0
1776886056.8161027,3.0,4.0,-41.0
1776886056.8261027,0.0,4.0,-50.0
1776886056.8361027,1.0,3.0,-49.0
1776886056.8461027,6.0,2.0,-49.0
1776886056.8561027,9.0,1.0,-53.0
1776886056.8661027,7.0,1.0,-49.0
1776886056.8761027,6.0,-1.0,-49.0
1776886056.886103,-2.0,1.0,-49.0
1776886056.896103,-7.0,2.0,-48.0
1776886056.906103,-5.0,1.0,-43.0
1776886056.9161026,3.0,-2.0,-46.0
1776886056.9261026,0.0,0.0,-41.0
1776886056.9361026,-3.0,0.0,-39.0
1776886056.9461029,1.0,-1.0,-41.0
1776886056.9561028,4.0,-2.0,-37.0
1776886056.9661028,3.0,-2.0,-41.0
1776886056.9761028,5.0,-1.0,-42.0
1776886056.9861028,4.0,0.0,-45.0
1776886056.9961028,0.0,3.0,-48.0
1776886057.0061028,-1.0,4.0,-46.0
1776886057.0161028,0.0,4.0,-44.0
1776886057.0261028,-3.0,2.0,-45.0
1776886057.0361028,0.0,-1.0,-44.0
1776886057.0461028,2.0,-1.0,-46.0
1776886057.0561028,2.0,-6.0,-51.0
1776886057.0661027,4.0,-5.0,-48.0
1776886057.0761027,6.0,-3.0,-47.0
1776886057.0861027,4.0,0.0,-44.0
1776886057.0961027,4.0,0.0,-37.0
1776886057.1061027,0.0,-1.0,-32.0
1776886057.1161027,0.0,0.0,-29.0
1776886057.1261027,0.0,2.0,-27.0
1776886057.136103,-1.0,2.0,-28.0
1776886057.146103,1.0,0.0,-33.0
1776886057.156103,2.0,0.0,-40.0
1776886057.1661026,-1.0,-2.0,-41.0
1776886057.1761026,1.0,0.0,-45.0
1776886057.1861026,-1.0,2.0,-42.0
1776886057.1961029,-2.0,1.0,-46.0
1776886057.2061028,-4.0,0.0,-45.0
1776886057.2161028,-8.0,2.0,-40.0
1776886057.2261028,-8.0,2.0,-43.0
1776886057.2361028,-8.0,3.0,-44.0
1776886057.2461028,-7.0,-1.0,-42.0
1776886057.2561028,-5.0,0.0,-40.0
1776886057.2661028,-2.0,0.0,-36.0
1776886057.2761028,-1.0,0.0,-42.0
1776886057.2861028,0.0,1.0,-34.0
1776886057.2961028,0.0,5.0,-34.0
1776886057.3061028,-1.0,3.0,-38.0
1776886057.3161027,-2.0,5.0,-41.0
1776886057.3261027,0.0,4.0,-47.0
1776886057.3361027,0.0,2.0,-48.0
1776886057.3461027,0.0,-1.0,-47.0
1776886057.3561027,3.0,-3.0,-41.0
1776886057.3661027,-1.0,-4.0,-37.0
1776886057.3761027,0.0,-6.0,-35.0
1776886057.386103,-4.0,-3.0,-34.0
1776886057.396103,-3.0,-2.0,-37.0
1776886057.406103,-1.0,-3.0,-36.0
1776886057.4161026,-1.0,-6.0,-35.0
1776886057.4261026,0.0,-7.0,-37.0
1776886057.4361026,2.0,-4.0,-41.0
1776886057.4461029,4.0,-1.0,-42.0
1776886057.4561028,5.0,-1.0,-42.0
1776886057.4661028,3.0,-1.0,-37.0
1776886057.4761028,2.0,-5.0,-37.0
1776886057.4861028,2.0,-7.0,-38.0
1776886057.4961028,0.0,-5.0,-36.0
1776886057.5061028,-1.0,-2.0,-37.0
1776886057.5161028,-1.0,0.0,-33.0
1776886057.5261028,-3.0,-2.0,-31.0
1776886057.5361028,2.0,0.0,-33.0
1776886057.5461028,1.0,2.0,-39.0
1776886057.5561028,3.0,-1.0,-40.0
1776886057.5661027,3.0,-1.0,-42.0
1776886057.5761027,9.0,1.0,-45.0
1776886057.5861027,7.0,0.0,-37.0
1776886057.5961027,2.0,1.0,-37.0
1776886057.6061027,0.0,1.0,-41.0
1776886057.6161027,-2.0,0.0,-42.0
1776886057.6261027,-1.0,0.0,-37.0
1776886057.636103,-1.0,1.0,-36.0
1776886057.646103,-1.0,0.0,-39.0
1776886057.656103,-3.0,2.0,-41.0
1776886057.6661026,0.0,4.0,-39.0
1776886057.6761026,3.0,3.0,-39.0
1776886057.6861026,4.0,4.0,-37.0
1776886057.6961029,6.0,1.0,-37.0
1776886057.7061028,5.0,-1.0,-37.0
1776886057.7161028,3.0,1.0,-44.0
1776886057.7261028,3.0,6.0,-41.0
1776886057.7361028,-6.0,10.0,-40.0
1776886057.7461028,-4.0,6.0,-40.0
1776886057.7561028,-3.0,3.0,-35.0
1776886057.7661028,-5.0,2.0,-33.0
1776886057.7761028,-1.0,2.0,-36.0
1776886057.7861028,-7.0,5.0,-44.0
1776886057.7961028,-8.0,1.0,-42.0
1776886057.8061028,-9.0,1.0,-44.0
1776886057.8161027,-7.0,-1.0,-45.0
1776886057.8261027,-4.0,0.0,-42.0
1776886057.8361027,0.0,0.0,-43.0
1776886057.8461027,-2.0,2.0,-42.0
1776886057.8561027,0.0,0.0,-39.0
1776886057.8661027,-2.0,1.0,-42.0
1776886057.8761027,3.0,-5.0,-46.0
1776886057.886103,4.0,-9.0,-48.0
1776886057.896103,2.0,-5.0,-49.0
1776886057.906103,-2.0,-1.0,-44.0
1776886057.9161026,-9.0,-4.0,-44.0
1776886057.9261026,-8.0,-7.0,-38.0
1776886057.9361026,-7.0,-2.0,-34.0
1776886057.9461029,-5.0,5.0,-26.0
1776886057.9561028,-1.0,5.0,-28.0
1776886057.9661028,0.0,4.0,-32.0
1776886057.9761028,2.0,2.0,-28.0
1776886057.9861028,1.0,0.0,-18.0
1776886057.9961028,1.0,2.0,-25.0
1776886058.0061028,3.0,0.0,-37.0
1776886058.0161028,3.0,0.0,-42.0
1776886058.0261028,2.0,-3.0,-44.0
1776886058.0361028,2.0,-2.0,-52.0
1776886058.0461028,0.0,0.0,-50.0
1776886058.0561028,1.0,-1.0,-52.0
1776886058.0661027,2.0,-2.0,-48.0
1776886058.0761027,0.0,-5.0,-50.0
1776886058.0861027,-1.0,-7.0,-44.0
1776886058.0961027,1.0,-8.0,-39.0
1776886058.1061027,-2.0,-4.0,-41.0
1776886058.1161027,-4.0,0.0,-40.0
1776886058.1261027,-7.0,-1.0,-38.0
1776886058.136103,-6.0,-1.0,-38.0
1776886058.146103,-3.0,-2.0,-40.0
1776886058.156103,1.0,-2.0,-43.0
1776886058.1661026,-2.0,0.0,-46.0
1776886058.1761026,2.0,0.0,-38.0
1776886058.1861026,8.0,-1.0,-36.0
1776886058.1961029,3.0,1.0,-38.0
1776886058.2061028,-1.0,1.0,-43.0
1776886058.2161028,-6.0,2.0,-42.0
1776886058.2261028,-3.0,1.0,-38.0
1776886058.2361028,1.0,1.0,-37.0
1776886058.2461028,-1.0,0.0,-36.0
1776886058.2561028,0.0,3.0,-37.0
1776886058.2661028,-1.0,0.0,-36.0
1776886058.2761028,1.0,0.0,-32.0
1776886058.2861028,-2.0,4.0,-34.0
1776886058.2961028,-1.0,3.0,-37.0
1776886058.3061028,-3.0,0.0,-41.0
1776886058.3161027,1.0,0.0,-38.0
1776886058.3261027,-1.0,1.0,-29.0
1776886058.3361027,-5.0,4.0,-34.0
1776886058.3461027,-9.0,3.0,-37.0
1776886058.3561027,-10.0,0.0,-36.0
1776886058.3661027,-8.0,-1.0,-36.0
1776886058.3761027,-6.0,-2.0,-37.0
1776886058.386103,-8.0,-2.0,-39.0
1776886058.396103,-7.0,0.0,-37.0
1776886058.406103,-3.0,-6.0,-38.0
1776886058.4161026,-3.0,-10.0,-37.0
1776886058.4261026,3.0,-6.0,-39.0
1776886058.4361026,1.0,-9.0,-37.0
1776886058.4461029,2.0,-7.0,-40.0
1776886058.4561028,0.0,-6.0,-36.0
1776886058.4661028,0.0,-8.0,-38.0
1776886058.4761028,3.0,-3.0,-44.0
1776886058.4861028,0.0,-6.0,-42.0
1776886058.4961028,-4.0,-3.0,-46.0
1776886058.5061028,-8.0,-5.0,-49.0
1776886058.5161028,-6.0,-3.0,-43.0
1776886058.5261028,-1.0,-4.0,-43.0
1776886058.5371027,-2.0,-5.0,-44.0
1776886058.5461028,-7.0,-3.0,-40.0
1776886058.557103,-6.0,-4.0,-46.0
1776886058.567103,-3.0,-3.0,-48.0
1776886058.577103,0.0,0.0,-49.0
1776886058.587103,1.0,-1.0,-49.0
1776886058.5971026,2.0,0.0,-52.0
1776886058.6071026,0.0,2.0,-53.0
1776886058.6171026,-1.0,4.0,-50.0
1776886058.6271029,-2.0,5.0,-49.0
1776886058.6371028,1.0,0.0,-44.0
1776886058.6471028,4.0,0.0,-40.0
1776886058.6571028,2.0,-7.0,-38.0
1776886058.6671028,3.0,-5.0,-39.0
1776886058.6771028,4.0,-2.0,-43.0
1776886058.6871028,2.0,-2.0,-43.0
1776886058.6971028,8.0,-3.0,-43.0
1776886058.7071028,14.0,-2.0,-47.0
1776886058.7171028,15.0,0.0,-48.0
1776886058.7271028,7.0,0.0,-44.0
1776886058.7371027,4.0,0.0,-49.0
1776886058.7471027,4.0,1.0,-50.0
1776886058.7571027,2.0,3.0,-43.0
1776886058.7671027,7.0,-1.0,-43.0
1776886058.7771027,2.0,0.0,-48.0
1776886058.7871027,-1.0,1.0,-50.0
1776886058.7971027,0.0,5.0,-36.0
1776886058.807103,2.0,5.0,-32.0
1776886058.817103,0.0,3.0,-35.0
1776886058.827103,-5.0,2.0,-33.0
1776886058.837103,-4.0,2.0,-32.0
1776886058.8471026,-5.0,0.0,-30.0
1776886058.8571026,-1.0,3.0,-30.0
1776886058.8671026,0.0,5.0,-32.0
1776886058.8771029,0.0,1.0,-36.0
1776886058.8871028,0.0,-1.0,-40.0
1776886058.8971028,1.0,0.0,-40.0
1776886058.9071028,-1.0,-1.0,-40.0
1776886058.9171028,0.0,-4.0,-39.0
1776886058.9271028,-2.0,-5.0,-39.0
1776886058.9371028,-1.0,-2.0,-44.0
1776886058.9471028,-2.0,-1.0,-40.0
1776886058.9571028,-2.0,-3.0,-43.0
1776886058.9671028,1.0,0.0,-48.0
1776886058.9771028,3.0,2.0,-42.0
1776886058.9871027,4.0,3.0,-41.0
1776886058.9971027,7.0,1.0,-38.0
1776886059.0071027,8.0,-1.0,-35.0
1776886059.0171027,10.0,0.0,-33.0
1776886059.0271027,10.0,0.0,-34.0
1776886059.0371027,5.0,-2.0,-34.0
1776886059.0471027,1.0,-2.0,-34.0
1776886059.057103,2.0,0.0,-29.0
1776886059.067103,-1.0,-1.0,-29.0
1776886059.077103,0.0,0.0,-30.0
1776886059.087103,2.0,-1.0,-35.0
1776886059.0971026,9.0,0.0,-40.0
1776886059.1071026,11.0,-1.0,-40.0
1776886059.1171026,11.0,-3.0,-42.0
1776886059.1271029,12.0,-1.0,-42.0
1776886059.1371028,15.0,1.0,-40.0
1776886059.1471028,13.0,-2.0,-40.0
1776886059.1571028,7.0,-1.0,-37.0
1776886059.1671028,4.0,1.0,-38.0
1776886059.1771028,4.0,1.0,-36.0
1776886059.1871028,5.0,-1.0,-39.0
1776886059.1971028,4.0,0.0,-40.0
1776886059.2071028,7.0,-1.0,-36.0
1776886059.2171028,6.0,-3.0,-35.0
1776886059.2271028,2.0,-5.0,-33.0
1776886059.2371027,0.0,-7.0,-41.0
1776886059.2471027,1.0,-8.0,-33.0
1776886059.2571027,-1.0,-6.0,-41.0
1776886059.2671027,-7.0,-1.0,-44.0
1776886059.2771027,-6.0,0.0,-51.0
1776886059.2871027,-3.0,-3.0,-51.0
1776886059.2971027,-1.0,-2.0,-51.0
1776886059.307103,-1.0,-1.0,-47.0
1776886059.317103,-2.0,1.0,-47.0
1776886059.327103,-4.0,0.0,-47.0
1776886059.337103,-3.0,-3.0,-47.0
1776886059.3471026,-3.0,-8.0,-50.0
1776886059.3571026,-1.0,-8.0,-48.0
1776886059.3671026,-2.0,-1.0,-50.0
1776886059.3771029,0.0,-3.0,-51.0
1776886059.3871028,0.0,-4.0,-49.0
1776886059.3971028,0.0,-4.0,-41.0
1776886059.4071028,0.0,-3.0,-30.0
1776886059.4171028,-2.0,0.0,-32.0
1776886059.4271028,0.0,0.0,-36.0
1776886059.4371028,4.0,4.0,-39.0
1776886059.4471028,1.0,1.0,-35.0
1776886059.4571028,-2.0,3.0,-36.0
1776886059.4671028,-1.0,1.0,-41.0
1776886059.4771028,0.0,1.0,-41.0
1776886059.4871027,-4.0,0.0,-42.0
1776886059.4971027,-7.0,-1.0,-45.0
1776886059.5071027,-6.0,-3.0,-47.0
1776886059.5171027,-6.0,-1.0,-46.0
1776886059.5271027,-4.0,-3.0,-47.0
1776886059.5371027,-5.0,-7.0,-42.0
1776886059.5471027,-4.0,0.0,-42.0
1776886059.557103,-5.0,0.0,-49.0
1776886059.567103,0.0,-1.0,-43.0
1776886059.577103,0.0,0.0,-42.0
1776886059.587103,0.0,3.0,-38.0
1776886059.5971026,-2.0,1.0,-36.0
1776886059.6071026,-5.0,3.0,-38.0
1776886059.6171026,0.0,1.0,-33.0
1776886059.6271029,-4.0,-1.0,-34.0
1776886059.6371028,-5.0,-1.0,-40.0
1776886059.6471028,-5.0,-4.0,-37.0
1776886059.6571028,-2.0,-4.0,-36.0
1776886059.6671028,1.0,-3.0,-41.0
1776886059.6771028,0.0,-2.0,-35.0
1776886059.6871028,-2.0,0.0,-43.0
1776886059.6971028,-3.0,-1.0,-40.0
1776886059.7071028,0.0,0.0,-41.0
1776886059.7171028,0.0,2.0,-39.0
1776886059.7271028,-5.0,0.0,-41.0
1776886059.7371027,-1.0,0.0,-39.0
1776886059.7471027,-4.0,0.0,-40.0
1776886059.7571027,-4.0,-1.0,-42.0
1776886059.7671027,-3.0,-2.0,-41.0
1776886059.7771027,0.0,-3.0,-34.0
1776886059.7871027,-8.0,-1.0,-43.0
1776886059.7971027,-8.0,-3.0,-37.0
1776886059.807103,-8.0,2.0,-39.0
1776886059.817103,-10.0,2.0,-38.0
1776886059.827103,-6.0,3.0,-38.0
1776886059.837103,-1.0,3.0,-33.0
1776886059.8471026,0.0,3.0,-34.0
1776886059.8571026,0.0,1.0,-36.0
1776886059.8671026,3.0,1.0,-40.0
1776886059.8771029,1.0,3.0,-44.0
1776886059.8871028,0.0,5.0,-38.0
1776886059.8971028,0.0,6.0,-41.0
1776886059.9071028,1.0,6.0,-36.0
1776886059.9171028,2.0,2.0,-41.0
1776886059.9271028,4.0,2.0,-39.0
1776886059.9371028,7.0,-2.0,-39.0
1776886059.9471028,2.0,-3.0,-40.0
1776886059.9571028,5.0,-2.0,-42.0
1776886059.9671028,1.0,-1.0,-41.0
1776886059.9771028,-2.0,-1.0,-40.0
1776886059.9871027,-3.0,-3.0,-39.0
1776886059.9971027,-4.0,-8.0,-38.0
1776886060.0071027,-3.0,-1.0,-36.0
1776886060.0171027,-7.0,0.0,-37.0
1776886060.0271027,-4.0,1.0,-39.0
1776886060.0371027,1.0,2.0,-54.0
1776886060.0471027,3.0,5.0,-54.0
1776886060.057103,3.0,2.0,-48.0
1776886060.067103,6.0,0.0,-44.0
1776886060.077103,5.0,0.0,-38.0
1776886060.087103,5.0,-4.0,-41.0
1776886060.0971026,5.0,-3.0,-41.0
1776886060.1071026,2.0,-3.0,-47.0
1776886060.1171026,-2.0,-5.0,-46.0
1776886060.1271029,-2.0,-3.0,-48.0
1776886060.1371028,-3.0,-2.0,-47.0
1776886060.1471028,-4.0,-6.0,-47.0
1776886060.1571028,-3.0,-5.0,-43.0
1776886060.1671028,-4.0,-5.0,-44.0
1776886060.1771028,-9.0,-4.0,-37.0
1776886060.1871028,-3.0,-3.0,-40.0
1776886060.1971028,-2.0,-1.0,-42.0
1776886060.2071028,-8.0,-1.0,-48.0
1776886060.2171028,-8.0,0.0,-56.0
1776886060.2271028,-6.0,3.0,-46.0
1776886060.2371027,-4.0,0.0,-46.0
1776886060.2471027,-4.0,0.0,-48.0
1776886060.2571027,-6.0,-2.0,-41.0
1776886060.2671027,-6.0,-2.0,-38.0
1776886060.2771027,-8.0,-4.0,-39.0
1776886060.2871027,-9.0,-3.0,-38.0
1776886060.2971027,-12.0,-4.0,-41.0
1776886060.307103,-6.0,-9.0,-47.0
1776886060.317103,-1.0,-8.0,-42.0
1776886060.327103,2.0,-4.0,-50.0
1776886060.337103,0.0,-2.0,-48.0
1776886060.3471026,0.0,-1.0,-46.0
1776886060.3571026,-3.0,0.0,-40.0
1776886060.3671026,-2.0,1.0,-43.0
1776886060.3771029,0.0,2.0,-44.0
1776886060.3871028,-3.0,-1.0,-43.0
1776886060.3971028,-5.0,0.0,-45.0
1776886060.4071028,-2.0,-4.0,-39.0
1776886060.4171028,-4.0,-3.0,-38.0
1776886060.4271028,-2.0,-5.0,-46.0
1776886060.4371028,-1.0,-6.0,-44.0
1776886060.4471028,-4.0,-1.0,-43.0
1776886060.4571028,-5.0,0.0,-43.0
1776886060.4671028,-2.0,1.0,-44.0
1776886060.4771028,1.0,0.0,-42.0
1776886060.4871027,2.0,0.0,-45.0
1776886060.4971027,5.0,3.0,-45.0
1776886060.5071027,7.0,0.0,-45.0
1776886060.5171027,8.0,-1.0,-45.0
1776886060.5271027,8.0,-1.0,-48.0
1776886060.5371027,6.0,-4.0,-44.0
1776886060.5481029,3.0,-5.0,-42.0
1776886060.5581028,0.0,-5.0,-42.0
1776886060.5681028,-1.0,-6.0,-42.0
1776886060.5781028,2.0,-7.0,-43.0
1776886060.5881028,5.0,-8.0,-45.0
1776886060.5981028,0.0,-7.0,-48.0
1776886060.6081028,-1.0,-5.0,-48.0
1776886060.6181028,1.0,-4.0,-50.0
1776886060.6281028,3.0,-5.0,-48.0
1776886060.6381028,4.0,-5.0,-52.0
1776886060.6481028,3.0,-4.0,-56.0
1776886060.6581028,3.0,-5.0,-51.0
1776886060.6681027,2.0,-3.0,-50.0
1776886060.6781027,0.0,-5.0,-43.0
1776886060.6881027,0.0,-5.0,-39.0
1776886060.6981027,-2.0,-6.0,-37.0
1776886060.7081027,1.0,-7.0,-41.0
1776886060.7181027,2.0,-4.0,-44.0
1776886060.7281027,3.0,-4.0,-41.0
1776886060.738103,2.0,-3.0,-44.0
1776886060.748103,1.0,-5.0,-51.0
1776886060.758103,2.0,-7.0,-48.0
1776886060.7681026,2.0,-8.0,-42.0
1776886060.7781026,-3.0,-8.0,-38.0
1776886060.7881026,-3.0,-9.0,-37.0
1776886060.7981029,-2.0,-10.0,-37.0
1776886060.8081028,-3.0,-6.0,-33.0
1776886060.8181028,-1.0,-4.0,-37.0
1776886060.8281028,-1.0,-2.0,-36.0
1776886060.8381028,1.0,-3.0,-33.0
1776886060.8481028,4.0,-5.0,-36.0
1776886060.8581028,-1.0,-5.0,-43.0
1776886060.8681028,-2.0,-4.0,-44.0
1776886060.8781028,-1.0,-5.0,-47.0
1776886060.8881028,0.0,-7.0,-47.0
1776886060.8981028,-1.0,-7.0,-46.0
1776886060.9081028,-1.0,-5.0,-47.0
1776886060.9181027,-1.0,-1.0,-40.0
1776886060.9281027,-3.0,-4.0,-31.0
1776886060.9381027,-3.0,-4.0,-33.0
1776886060.9481027,-4.0,-5.0,-31.0
1776886060.9581027,-5.0,-7.0,-31.0
1776886060.9681027,-2.0,-6.0,-28.0
1776886060.9781027,0.0,-2.0,-30.0
1776886060.988103,7.0,-2.0,-34.0
1776886060.998103,5.0,-3.0,-37.0
1776886061.008103,6.0,-6.0,-44.0
1776886061.0181026,7.0,-5.0,-47.0
1776886061.0281026,7.0,-4.0,-47.0
1776886061.0381026,8.0,-7.0,-41.0
1776886061.0481029,5.0,-3.0,-38.0
1776886061.0581028,6.0,-2.0,-36.0
1776886061.0681028,8.0,0.0,-40.0
1776886061.0781028,6.0,-2.0,-49.0
1776886061.0881028,4.0,-6.0,-50.0
1776886061.0981028,2.0,-6.0,-45.0
1776886061.1081028,2.0,-6.0,-39.0
1776886061.1181028,1.0,-8.0,-46.0
1776886061.1281028,3.0,-5.0,-46.0
1776886061.1381028,4.0,-6.0,-49.0
1776886061.1481028,2.0,-5.0,-48.0
1776886061.1581028,2.0,-6.0,-50.0
1776886061.1681027,-1.0,-4.0,-56.0
1776886061.1781027,-2.0,-2.0,-45.0
1776886061.1881027,0.0,-2.0,-39.0
1776886061.1981027,5.0,-2.0,-42.0
1776886061.2081027,5.0,2.0,-43.0
1776886061.2181027,4.0,-2.0,-43.0
1776886061.2281027,9.0,-1.0,-41.0
1776886061.238103,10.0,-3.0,-41.0
1776886061.248103,3.0,-3.0,-37.0
1776886061.258103,0.0,-3.0,-39.0
1776886061.2681026,0.0,0.0,-37.0
1776886061.2781026,3.0,1.0,-35.0
1776886061.2881026,6.0,0.0,-38.0
1776886061.2981029,5.0,1.0,-47.0
1776886061.3081028,0.0,0.0,-43.0
1776886061.3181028,2.0,1.0,-42.0
1776886061.3281028,0.0,4.0,-32.0
1776886061.3381028,0.0,3.0,-26.0
1776886061.3481028,2.0,7.0,-32.0
1776886061.3581028,0.0,4.0,-35.0
1776886061.3681028,4.0,4.0,-39.0
1776886061.3781028,7.0,2.0,-39.0
1776886061.3881028,4.0,0.0,-42.0
1776886061.3981028,2.0,0.0,-39.0
1776886061.4081028,1.0,-2.0,-33.0
1776886061.4181027,-3.0,-2.0,-38.0
1776886061.4281027,1.0,-1.0,-37.0
1776886061.4381027,-1.0,0.0,-39.0
1776886061.4481027,-3.0,-3.0,-45.0
1776886061.4581027,-5.0,-1.0,-40.0
1776886061.4681027,-5.0,0.0,-44.0
1776886061.4781027,-7.0,-5.0,-44.0
1776886061.488103,-8.0,-4.0,-45.0
1776886061.498103,-7.0,-8.0,-47.0
1776886061.508103,-4.0,-5.0,-45.0
1776886061.5181026,-3.0,-8.0,-40.0
1776886061.5281026,0.0,-8.0,-38.0
1776886061.5381026,0.0,-3.0,-39.0
1776886061.5481029,-1.0,-3.0,-39.0
1776886061.5581028,-1.0,-3.0,-39.0
1776886061.5681028,-2.0,-4.0,-46.0
1776886061.5781028,-5.0,-5.0,-43.0
1776886061.5881028,-6.0,-6.0,-45.0
1776886061.5981028,0.0,-4.0,-38.0
1776886061.6081028,0.0,-1.0,-38.0
1776886061.6181028,1.0,0.0,-44.0
1776886061.6281028,3.0,1.0,-46.0
1776886061.6381028,11.0,0.0,-48.0
1776886061.6481028,12.0,-2.0,-43.0
1776886061.6581028,10.0,-2.0,-42.0
1776886061.6681027,12.0,-2.0,-39.0
1776886061.6781027,12.0,0.0,-37.0
1776886061.6881027,5.0,-2.0,-29.0
1776886061.6981027,4.0,-1.0,-37.0
1776886061.7081027,5.0,-3.0,-39.0
1776886061.7181027,5.0,-4.0,-35.0
1776886061.7281027,5.0,-5.0,-33.0
1776886061.738103,4.0,-2.0,-33.0
1776886061.748103,4.0,-5.0,-30.0
1776886061.758103,4.0,-4.0,-30.0
1776886061.7681026,7.0,-4.0,-30.0
1776886061.7781026,7.0,-2.0,-32.0
1776886061.7881026,7.0,-3.0,-34.0
1776886061.7981029,8.0,-7.0,-35.0
1776886061.8081028,12.0,-8.0,-39.0
1776886061.8181028,9.0,-10.0,-46.0
1776886061.8281028,8.0,-9.0,-49.0
1776886061.8381028,4.0,-8.0,-47.0
1776886061.8481028,2.0,-7.0,-45.0
1776886061.8581028,1.0,-6.0,-44.0
1776886061.8681028,1.0,-5.0,-38.0
1776886061.8781028,0.0,-3.0,-39.0
1776886061.8881028,-3.0,-3.0,-40.0
1776886061.8981028,0.0,-2.0,-42.0
1776886061.9081028,2.0,-3.0,-47.0
1776886061.9181027,4.0,-1.0,-43.0
1776886061.9281027,2.0,-4.0,-38.0
1776886061.9381027,0.0,-4.0,-33.0
1776886061.9481027,0.0,-4.0,-32.0
1776886061.9581027,0.0,-4.0,-35.0
1776886061.9681027,2.0,-8.0,-37.0
1776886061.9781027,3.0,-4.0,-39.0
1776886061.988103,2.0,-3.0,-40.0
1776886061.998103,2.0,-3.0,-40.0
1776886062.008103,6.0,-4.0,-36.0
1776886062.0181026,4.0,-5.0,-32.0
1776886062.0281026,2.0,-6.0,-33.0
1776886062.0381026,5.0,-7.0,-40.0
1776886062.0481029,3.0,-2.0,-44.0
1776886062.0581028,0.0,-2.0,-43.0
1776886062.0681028,6.0,-1.0,-35.0
1776886062.0781028,7.0,-1.0,-41.0
1776886062.0881028,5.0,0.0,-36.0
1776886062.0981028,4.0,-1.0,-35.0
1776886062.1081028,2.0,-1.0,-39.0
1776886062.1181028,-2.0,-2.0,-43.0
1776886062.1281028,-1.0,-1.0,-45.0
1776886062.1381028,0.0,-4.0,-47.0
1776886062.1481028,2.0,-2.0,-48.0
1776886062.1581028,0.0,-3.0,-49.0
1776886062.1681027,0.0,-3.0,-44.0
1776886062.1781027,0.0,0.0,-42.0
1776886062.1881027,0.0,0.0,-42.0
1776886062.1981027,-1.0,2.0,-38.0
1776886062.2081027,1.0,2.0,-37.0
1776886062.2181027,2.0,3.0,-37.0
1776886062.2281027,4.0,3.0,-48.0
1776886062.238103,0.0,1.0,-48.0
1776886062.248103,3.0,-2.0,-44.0
1776886062.258103,3.0,0.0,-39.0
1776886062.2681026,0.0,-1.0,-35.0
1776886062.2781026,2.0,-3.0,-34.0
1776886062.2881026,3.0,-2.0,-39.0
1776886062.2981029,6.0,0.0,-42.0
1776886062.3081028,6.0,0.0,-40.0
1776886062.3181028,4.0,0.0,-44.0
1776886062.3281028,5.0,-3.0,-42.0
1776886062.3381028,6.0,-6.0,-46.0
1776886062.3481028,5.0,-4.0,-44.0
1776886062.3581028,6.0,-7.0,-44.0
1776886062.3681028,7.0,-5.0,-42.0
1776886062.3781028,3.0,-1.0,-39.0
1776886062.3881028,5.0,0.0,-35.0
1776886062.3981028,2.0,0.0,-33.0
1776886062.4081028,5.0,-6.0,-35.0
1776886062.4181027,3.0,-5.0,-35.0
1776886062.4281027,3.0,-8.0,-41.0
1776886062.4381027,5.0,-10.0,-49.0
1776886062.4481027,6.0,-8.0,-46.0
1776886062.4581027,0.0,-6.0,-41.0
1776886062.4681027,0.0,-9.0,-40.0
1776886062.4781027,0.0,-8.0,-37.0
1776886062.488103,-1.0,-3.0,-42.0
1776886062.498103,0.0,-1.0,-42.0
1776886062.508103,-1.0,-1.0,-36.0
1776886062.5181026,3.0,-2.0,-45.0
1776886062.5281026,3.0,5.0,-46.0
1776886062.5381026,-2.0,4.0,-49.0
1776886062.5491028,0.0,3.0,-49.0
1776886062.5591028,2.0,2.0,-47.0
1776886062.5681028,3.0,2.0,-47.0
1776886062.5791028,1.0,2.0,-47.0
1776886062.5891027,0.0,1.0,-40.0
1776886062.5981028,0.0,1.0,-40.0
1776886062.6091027,0.0,0.0,-42.0
1776886062.6191027,1.0,-5.0,-38.0
1776886062.6291027,2.0,-2.0,-37.0
1776886062.6391027,2.0,0.0,-37.0
1776886062.6491027,3.0,1.0,-39.0
1776886062.659103,0.0,5.0,-39.0
1776886062.669103,0.0,0.0,-41.0
1776886062.679103,0.0,-3.0,-41.0
1776886062.6891026,-1.0,-4.0,-42.0
1776886062.6991026,0.0,0.0,-45.0
1776886062.7091026,-1.0,0.0,-46.0
1776886062.7191026,-2.0,-1.0,-42.0
1776886062.7291028,-2.0,-2.0,-42.0
1776886062.7391028,-5.0,-3.0,-38.0
1776886062.7491028,-7.0,-2.0,-39.0
1776886062.7591028,-4.0,-3.0,-39.0
1776886062.7691028,-3.0,-3.0,-42.0
1776886062.7791028,-1.0,-3.0,-50.0
1776886062.7891028,0.0,-2.0,-55.0
1776886062.7991028,-1.0,2.0,-49.0
1776886062.8091028,-2.0,3.0,-48.0
1776886062.8191028,3.0,0.0,-51.0
1776886062.8291028,3.0,-2.0,-53.0
1776886062.8391027,0.0,-2.0,-46.0
1776886062.8491027,1.0,-3.0,-42.0
1776886062.8591027,0.0,-3.0,-38.0
1776886062.8691027,2.0,-5.0,-45.0
1776886062.8791027,4.0,0.0,-39.0
1776886062.8891027,4.0,1.0,-38.0
1776886062.8991027,10.0,-1.0,-44.0
1776886062.909103,2.0,-2.0,-39.0
1776886062.919103,0.0,-1.0,-37.0
1776886062.929103,3.0,-1.0,-45.0
1776886062.9391026,5.0,-4.0,-49.0
1776886062.9491026,2.0,-2.0,-48.0
1776886062.9591026,1.0,-1.0,-44.0
1776886062.9691026,0.0,-6.0,-44.0
1776886062.9791028,5.0,-4.0,-41.0
1776886062.9891028,2.0,-5.0,-42.0
1776886062.9991028,5.0,-4.0,-46.0
1776886063.0091028,4.0,-5.0,-46.0
1776886063.0191028,3.0,-8.0,-50.0
1776886063.0291028,2.0,-6.0,-48.0
1776886063.0391028,3.0,-5.0,-44.0
1776886063.0491028,2.0,-7.0,-35.0
1776886063.0591028,4.0,-4.0,-33.0
1776886063.0691028,5.0,-3.0,-40.0
1776886063.0791028,5.0,-1.0,-38.0
1776886063.0891027,2.0,-6.0,-41.0
1776886063.0991027,-4.0,-12.0,-46.0
1776886063.1091027,-5.0,-7.0,-44.0
1776886063.1191027,-9.0,-8.0,-43.0
1776886063.1291027,-8.0,-9.0,-44.0
1776886063.1391027,-7.0,-10.0,-41.0
1776886063.1491027,-9.0,-11.0,-38.0
1776886063.159103,-9.0,-12.0,-35.0
1776886063.169103,-2.0,-14.0,-41.0
1776886063.179103,-1.0,-10.0,-42.0
1776886063.1891026,4.0,-7.0,-45.0
1776886063.1991026,-1.0,-7.0,-41.0
1776886063.2091026,0.0,-7.0,-42.0
1776886063.2191026,-4.0,-5.0,-45.0
1776886063.2291028,0.0,-3.0,-41.0
1776886063.2391028,-1.0,-2.0,-35.0
1776886063.2491028,-5.0,-3.0,-31.0
1776886063.2591028,-9.0,-1.0,-34.0
1776886063.2691028,-10.0,0.0,-35.0
1776886063.2791028,-8.0,-2.0,-29.0
1776886063.2891028,-1.0,-2.0,-29.0
1776886063.2991028,-1.0,-4.0,-34.0
1776886063.3091028,-3.0,-4.0,-40.0
1776886063.3191028,-3.0,-4.0,-35.0
1776886063.3291028,-10.0,-2.0,-32.0
1776886063.3391027,-6.0,-7.0,-37.0
1776886063.3491027,-3.0,-7.0,-33.0
1776886063.3591027,-3.0,-3.0,-33.0
1776886063.3691027,0.0,-4.0,-39.0
1776886063.3791027,-2.0,-3.0,-33.0
1776886063.3891027,-2.0,-6.0,-35.0
1776886063.3991027,-2.0,-1.0,-34.0
1776886063.409103,-2.0,0.0,-29.0
1776886063.4201028,1.0,5.0,-29.0
1776886063.429103,2.0,0.0,-32.0
1776886063.4391026,4.0,0.0,-26.0
1776886063.4491026,0.0,1.0,-26.0
1776886063.4591026,6.0,2.0,-29.0
1776886063.4691026,10.0,-1.0,-27.0
1776886063.4791028,10.0,0.0,-30.0
1776886063.4891028,6.0,-3.0,-32.0
1776886063.4991028,8.0,-2.0,-35.0
1776886063.5091028,7.0,0.0,-36.0
1776886063.5191028,8.0,1.0,-34.0
1776886063.5291028,6.0,-1.0,-32.0
1776886063.5391028,0.0,3.0,-37.0
1776886063.5491028,-3.0,2.0,-41.0
1776886063.5591028,-4.0,0.0,-39.0
1776886063.5691028,-1.0,0.0,-38.0
1776886063.5791028,-4.0,0.0,-44.0
1776886063.5891027,2.0,1.0,-44.0
1776886063.5991027,-2.0,1.0,-40.0
1776886063.6091027,-1.0,0.0,-37.0
1776886063.6191027,-2.0,0.0,-31.0
1776886063.6291027,-3.0,0.0,-29.0
1776886063.6391027,-3.0,0.0,-30.0
1776886063.6491027,-4.0,-6.0,-31.0
1776886063.659103,-6.0,-3.0,-33.0
1776886063.669103,-3.0,0.0,-35.0
1776886063.679103,-4.0,-2.0,-36.0
1776886063.6891026,-2.0,-5.0,-37.0
1776886063.6991026,0.0,-7.0,-37.0
1776886063.7091026,-1.0,-5.0,-36.0
1776886063.7191026,0.0,-6.0,-39.0
1776886063.7291028,-3.0,-6.0,-41.0
1776886063.7391028,0.0,0.0,-32.0
1776886063.7491028,-3.0,0.0,-32.0
1776886063.7591028,-3.0,-3.0,-37.0
1776886063.7691028,0.0,-5.0,-38.0
1776886063.7791028,-4.0,-2.0,-41.0
1776886063.7891028,0.0,0.0,-34.0
1776886063.7991028,0.0,0.0,-36.0
1776886063.8091028,-2.0,-2.0,-38.0
1776886063.8191028,-3.0,0.0,-35.0
1776886063.8291028,-4.0,1.0,-33.0
1776886063.8391027,-5.0,-3.0,-37.0
1776886063.8491027,-2.0,-6.0,-34.0
1776886063.8591027,1.0,-3.0,-34.0
1776886063.8691027,-2.0,0.0,-31.0
1776886063.8791027,7.0,0.0,-37.0
1776886063.8891027,7.0,-2.0,-39.0
1776886063.8991027,6.0,-1.0,-39.0
1776886063.909103,1.0,0.0,-46.0
1776886063.919103,-2.0,-1.0,-46.0
1776886063.929103,0.0,0.0,-49.0
1776886063.9391026,0.0,0.0,-46.0
1776886063.9491026,-2.0,0.0,-43.0
1776886063.9591026,2.0,1.0,-43.0
1776886063.9691026,5.0,0.0,-35.0
1776886063.9791028,5.0,-1.0,-29.0
1776886063.9891028,3.0,-5.0,-34.0
1776886063.9991028,6.0,0.0,-37.0
1776886064.0091028,5.0,2.0,-42.0
1776886064.0191028,6.0,0.0,-42.0
1776886064.0291028,4.0,2.0,-43.0
1776886064.0391028,2.0,1.0,-47.0
1776886064.0491028,-2.0,-3.0,-45.0
1776886064.0591028,-4.0,-4.0,-39.0
1776886064.0691028,-2.0,-7.0,-35.0
1776886064.0791028,2.0,-6.0,-34.0
1776886064.0891027,1.0,-4.0,-34.0
1776886064.0991027,2.0,-4.0,-31.0
1776886064.1091027,3.0,-1.0,-35.0
1776886064.1191027,0.0,0.0,-39.0
1776886064.1291027,1.0,1.0,-39.0
1776886064.1391027,0.0,-1.0,-37.0
1776886064.1491027,-3.0,0.0,-34.0
1776886064.159103,-1.0,-1.0,-37.0
1776886064.169103,-2.0,1.0,-33.0
1776886064.179103,-6.0,3.0,-32.0
1776886064.1891026,-3.0,2.0,-33.0
1776886064.1991026,-2.0,0.0,-41.0
1776886064.2091026,-4.0,0.0,-42.0
1776886064.2191026,0.0,1.0,-37.0
1776886064.2291028,-1.0,-1.0,-37.0
1776886064.2391028,-2.0,-2.0,-39.0
1776886064.2491028,-3.0,-1.0,-40.0
1776886064.2591028,-1.0,-1.0,-43.0
1776886064.2691028,0.0,-2.0,-44.0
1776886064.2791028,-3.0,0.0,-49.0
1776886064.2891028,-2.0,-1.0,-46.0
1776886064.2991028,1.0,0.0,-42.0
1776886064.3091028,1.0,2.0,-36.0
1776886064.3191028,-1.0,6.0,-43.0
1776886064.3291028,0.0,7.0,-44.0
1776886064.3391027,0.0,3.0,-40.0
1776886064.3491027,-2.0,2.0,-36.0
1776886064.3591027,-2.0,6.0,-38.0
1776886064.3691027,-3.0,5.0,-36.0
1776886064.3791027,-5.0,1.0,-36.0
1776886064.3891027,-5.0,0.0,-42.0
1776886064.3991027,0.0,0.0,-40.0
1776886064.409103,0.0,0.0,-38.0
1776886064.419103,-3.0,-1.0,-35.0
1776886064.429103,-2.0,-5.0,-35.0
1776886064.4391026,-1.0,-10.0,-39.0
1776886064.4491026,0.0,-7.0,-38.0
1776886064.4591026,-1.0,-6.0,-39.0
1776886064.4691026,-5.0,0.0,-46.0
1776886064.4791028,-3.0,1.0,-50.0
1776886064.4891028,-4.0,-6.0,-46.0
1776886064.4991028,0.0,-6.0,-41.0
1776886064.5091028,0.0,-5.0,-34.0
1776886064.5201027,-1.0,-4.0,-33.0
1776886064.5301027,0.0,-3.0,-40.0
1776886064.5401027,-4.0,-6.0,-44.0
1776886064.5501027,-9.0,-5.0,-42.0
1776886064.5601027,-7.0,-4.0,-42.0
1776886064.5701027,-4.0,0.0,-37.0
1776886064.5801027,-2.0,-1.0,-35.0
1776886064.590103,-1.0,-2.0,-31.0
1776886064.600103,-1.0,0.0,-32.0
1776886064.610103,1.0,0.0,-38.0
1776886064.6201026,0.0,-2.0,-45.0
1776886064.6301026,0.0,-1.0,-49.0
1776886064.6401026,1.0,-3.0,-49.0
1776886064.6501029,1.0,-7.0,-48.0
1776886064.6601028,0.0,-7.0,-47.0
1776886064.6701028,2.0,-2.0,-42.0
1776886064.6801028,3.0,0.0,-40.0
1776886064.6901028,0.0,-1.0,-39.0
1776886064.7001028,0.0,-2.0,-46.0
1776886064.7101028,-6.0,-2.0,-47.0
1776886064.7201028,-7.0,0.0,-45.0
1776886064.7301028,-9.0,3.0,-38.0
1776886064.7401028,-9.0,3.0,-40.0
1776886064.7501028,-3.0,2.0,-51.0
1776886064.7601027,0.0,-1.0,-50.0
1776886064.7701027,1.0,0.0,-45.0
1776886064.7801027,0.0,-2.0,-47.0
1776886064.7901027,1.0,-2.0,-50.0
1776886064.8001027,-2.0,0.0,-54.0
1776886064.8101027,-1.0,-1.0,-54.0
1776886064.8201027,1.0,-2.0,-57.0
1776886064.8301027,3.0,-7.0,-52.0
1776886064.840103,2.0,-4.0,-51.0
1776886064.850103,4.0,-6.0,-49.0
1776886064.860103,0.0,-7.0,-43.0
1776886064.8701026,3.0,-5.0,-37.0
1776886064.8801026,3.0,-6.0,-42.0
1776886064.8901026,5.0,-7.0,-43.0
1776886064.9001029,3.0,-6.0,-41.0
1776886064.9101028,1.0,-4.0,-43.0
1776886064.9201028,0.0,-7.0,-35.0
1776886064.9301028,0.0,-6.0,-36.0
1776886064.9401028,3.0,-3.0,-29.0
1776886064.9501028,-1.0,-4.0,-24.0
1776886064.9601028,-4.0,-6.0,-29.0
1776886064.9701028,-7.0,-6.0,-33.0
1776886064.9801028,-5.0,-8.0,-33.0
1776886064.9901028,-5.0,-4.0,-40.0
1776886065.0001028,-3.0,-1.0,-48.0
1776886065.0101027,0.0,-1.0,-43.0
1776886065.0201027,2.0,0.0,-42.0
1776886065.0301027,0.0,0.0,-41.0
1776886065.0401027,3.0,0.0,-42.0
1776886065.0501027,7.0,2.0,-34.0
1776886065.0601027,2.0,6.0,-30.0
1776886065.0701027,1.0,6.0,-31.0
1776886065.0801027,-1.0,4.0,-30.0
1776886065.090103,3.0,4.0,-27.0
1776886065.100103,1.0,3.0,-35.0
1776886065.110103,4.0,2.0,-33.0
1776886065.1201026,3.0,4.0,-37.0
1776886065.1301026,4.0,4.0,-38.0
1776886065.1401026,1.0,-1.0,-37.0
1776886065.1501029,2.0,2.0,-41.0
1776886065.1601028,1.0,0.0,-41.0
1776886065.1701028,3.0,0.0,-39.0
1776886065.1801028,3.0,1.0,-35.0
1776886065.1901028,6.0,1.0,-34.0
1776886065.2001028,3.0,2.0,-35.0
1776886065.2101028,2.0,0.0,-36.0
1776886065.2201028,7.0,-4.0,-31.0
1776886065.2301028,8.0,-6.0,-27.0
1776886065.2401028,5.0,-2.0,-29.0
1776886065.2501028,4.0,-2.0,-27.0
1776886065.2601027,0.0,-3.0,-28.0
1776886065.2701027,-5.0,-2.0,-32.0
1776886065.2801027,-4.0,1.0,-32.0
1776886065.2901027,-1.0,0.0,-33.0
1776886065.3001027,0.0,-4.0,-29.0
1776886065.3101027,-5.0,-2.0,-29.0
1776886065.3201027,-8.0,-1.0,-32.0
1776886065.3301027,-7.0,-4.0,-35.0
1776886065.340103,-5.0,-3.0,-28.0
1776886065.350103,-1.0,-3.0,-27.0
1776886065.360103,-5.0,-1.0,-30.0
1776886065.3701026,-3.0,-3.0,-27.0
1776886065.3801026,-3.0,-4.0,-28.0
1776886065.3901026,0.0,-7.0,-28.0
1776886065.4001029,1.0,0.0,-31.0
1776886065.4101028,4.0,1.0,-35.0
1776886065.4201028,3.0,-2.0,-45.0
1776886065.4301028,4.0,-1.0,-41.0
1776886065.4401028,3.0,0.0,-35.0
1776886065.4501028,3.0,2.0,-35.0
1776886065.4601028,0.0,0.0,-37.0
1776886065.4701028,3.0,0.0,-41.0
1776886065.4801028,1.0,0.0,-38.0
1776886065.4901028,-2.0,0.0,-43.0
1776886065.5001028,0.0,2.0,-40.0
1776886065.5101027,3.0,5.0,-37.0
1776886065.5201027,6.0,4.0,-37.0
1776886065.5301027,11.0,7.0,-39.0
1776886065.5401027,5.0,3.0,-39.0
1776886065.5501027,3.0,-3.0,-41.0
1776886065.5601027,3.0,-1.0,-45.0
1776886065.5701027,0.0,-4.0,-50.0
1776886065.5801027,5.0,-11.0,-39.0
1776886065.590103,1.0,-3.0,-36.0
1776886065.600103,2.0,1.0,-33.0
1776886065.610103,1.0,2.0,-32.0
1776886065.6201026,2.0,0.0,-29.0
1776886065.6301026,6.0,1.0,-33.0
1776886065.6401026,6.0,2.0,-36.0
1776886065.6501029,1.0,2.0,-41.0
1776886065.6601028,4.0,0.0,-39.0
1776886065.6711028,4.0,0.0,-39.0
1776886065.6801028,3.0,-4.0,-38.0
1776886065.6901028,2.0,-4.0,-34.0
1776886065.7001028,0.0,-4.0,-32.0
1776886065.7101028,0.0,-5.0,-36.0
1776886065.7201028,0.0,-5.0,-32.0
1776886065.7301028,0.0,-3.0,-33.0
1776886065.7401028,1.0,0.0,-37.0
1776886065.7501028,2.0,2.0,-38.0
1776886065.7601027,1.0,2.0,-40.0
1776886065.7701027,1.0,0.0,-41.0
1776886065.7801027,-2.0,0.0,-43.0
1776886065.7901027,-1.0,2.0,-38.0
1776886065.8001027,-2.0,1.0,-40.0
1776886065.8101027,-1.0,3.0,-44.0
1776886065.8201027,-1.0,1.0,-43.0
1776886065.8301027,0.0,-1.0,-47.0
1776886065.840103,0.0,-4.0,-41.0
1776886065.850103,0.0,-2.0,-40.0
1776886065.860103,0.0,-1.0,-42.0
1776886065.8701026,1.0,-5.0,-36.0
1776886065.8801026,-2.0,-3.0,-27.0
1776886065.8901026,2.0,-1.0,-29.0
1776886065.9001029,2.0,-3.0,-26.0
1776886065.9101028,5.0,-2.0,-36.0
1776886065.9201028,3.0,-1.0,-39.0
1776886065.9301028,3.0,-2.0,-39.0
1776886065.9401028,3.0,-5.0,-39.0
1776886065.9501028,7.0,-5.0,-37.0
1776886065.9601028,8.0,-3.0,-33.0
1776886065.9701028,5.0,-2.0,-37.0
1776886065.9801028,4.0,-4.0,-39.0
1776886065.9901028,7.0,-4.0,-43.0
1776886066.0001028,3.0,-1.0,-43.0
1776886066.0101027,3.0,2.0,-43.0
1776886066.0201027,1.0,5.0,-41.0
1776886066.0301027,1.0,2.0,-43.0
1776886066.0401027,1.0,0.0,-37.0
1776886066.0501027,-3.0,2.0,-31.0
1776886066.0601027,0.0,-1.0,-40.0
1776886066.0701027,2.0,-4.0,-38.0
1776886066.0801027,0.0,-5.0,-33.0
1776886066.090103,0.0,-4.0,-37.0
1776886066.100103,0.0,-4.0,-41.0
1776886066.110103,-1.0,-5.0,-48.0
1776886066.1201026,-1.0,-6.0,-45.0
1776886066.1301026,-2.0,-3.0,-44.0
1776886066.1401026,5.0,-3.0,-38.0
1776886066.1501029,2.0,-4.0,-49.0
1776886066.1601028,-1.0,-3.0,-44.0
1776886066.1701028,-4.0,-1.0,-36.0
1776886066.1801028,-3.0,-4.0,-34.0
1776886066.1901028,-8.0,-4.0,-39.0
1776886066.2001028,-10.0,0.0,-39.0
1776886066.2101028,-10.0,-3.0,-42.0
1776886066.2201028,-4.0,-3.0,-47.0
1776886066.2301028,-2.0,-5.0,-46.0
1776886066.2401028,1.0,-1.0,-44.0
1776886066.2501028,1.0,2.0,-38.0
1776886066.2601027,2.0,0.0,-43.0
1776886066.2701027,2.0,-1.0,-35.0
1776886066.2801027,0.0,-4.0,-27.0
1776886066.2901027,0.0,-3.0,-28.0
1776886066.3001027,-1.0,-3.0,-25.0
1776886066.3101027,-1.0,-4.0,-31.0
1776886066.3201027,-1.0,-6.0,-26.0
1776886066.3301027,-2.0,-8.0,-27.0
1776886066.340103,-3.0,-8.0,-30.0
1776886066.350103,-7.0,-3.0,-27.0
1776886066.360103,-2.0,-4.0,-32.0
1776886066.3701026,0.0,-8.0,-33.0
1776886066.3801026,0.0,-6.0,-32.0
1776886066.3901026,0.0,-5.0,-31.0
1776886066.4001029,0.0,-7.0,-35.0
1776886066.4101028,-1.0,-5.0,-34.0
1776886066.4201028,0.0,-3.0,-31.0
1776886066.4301028,2.0,1.0,-39.0
1776886066.4401028,0.0,3.0,-35.0
1776886066.4501028,0.0,1.0,-30.0
1776886066.4601028,0.0,-3.0,-33.0
1776886066.4701028,2.0,-5.0,-35.0
1776886066.4801028,0.0,-3.0,-36.0
1776886066.4901028,3.0,-4.0,-35.0
1776886066.5001028,6.0,-2.0,-31.0
1776886066.5101027,8.0,-3.0,-31.0
1776886066.5201027,6.0,-3.0,-27.0
1776886066.5301027,6.0,-6.0,-30.0
1776886066.5401027,6.0,-4.0,-30.0
1776886066.5501027,10.0,-1.0,-36.0
1776886066.5611026,6.0,-1.0,-39.0
1776886066.5711029,6.0,-1.0,-44.0
1776886066.5811028,5.0,-5.0,-45.0
1776886066.5911028,10.0,-5.0,-47.0
1776886066.6011028,5.0,-7.0,-43.0
1776886066.6111028,0.0,-4.0,-35.0
1776886066.6211028,-5.0,-3.0,-31.0
1776886066.6311028,-6.0,-5.0,-27.0
1776886066.6411028,-3.0,-1.0,-35.0
1776886066.6511028,-2.0,2.0,-41.0
1776886066.6611028,1.0,-2.0,-37.0
1776886066.6711028,6.0,0.0,-37.0
1776886066.6811028,2.0,-3.0,-35.0
1776886066.6911027,-2.0,-3.0,-33.0
1776886066.7011027,-4.0,0.0,-33.0
1776886066.7111027,-1.0,-4.0,-29.0
1776886066.7211027,0.0,-3.0,-25.0
1776886066.7311027,0.0,-4.0,-31.0
1776886066.7411027,-4.0,-4.0,-34.0
1776886066.7511027,-5.0,-6.0,-44.0
1776886066.761103,1.0,-6.0,-45.0
1776886066.771103,3.0,-4.0,-48.0
1776886066.781103,4.0,-4.0,-54.0
1776886066.7911026,4.0,-5.0,-49.0
1776886066.8011026,5.0,-3.0,-49.0
1776886066.8111026,3.0,-2.0,-48.0
1776886066.8211029,4.0,-2.0,-44.0
1776886066.8311028,0.0,-3.0,-39.0
1776886066.8411028,-1.0,0.0,-43.0
1776886066.8511028,0.0,1.0,-45.0
1776886066.8611028,-3.0,-1.0,-41.0
1776886066.8711028,-6.0,-1.0,-37.0
1776886066.8811028,-8.0,-1.0,-45.0
1776886066.8911028,-4.0,-5.0,-43.0
1776886066.9011028,-4.0,-2.0,-33.0
1776886066.9111028,-6.0,-3.0,-32.0
1776886066.9211028,-8.0,-1.0,-33.0
1776886066.9311028,-12.0,-3.0,-30.0
1776886066.9411027,-11.0,-3.0,-25.0
1776886066.9511027,-3.0,-3.0,-20.0
1776886066.9611027,0.0,0.0,-21.0
1776886066.9711027,0.0,0.0,-24.0
1776886066.9811027,0.0,0.0,-24.0
1776886066.9911027,1.0,0.0,-20.0
1776886067.0011027,2.0,-2.0,-21.0
1776886067.011103,-7.0,-2.0,-23.0
1776886067.021103,-2.0,0.0,-30.0
1776886067.031103,-6.0,-2.0,-29.0
1776886067.0411026,-4.0,-7.0,-27.0
1776886067.0511026,-3.0,-6.0,-35.0
1776886067.0611026,-6.0,-6.0,-29.0
1776886067.0711029,-3.0,-6.0,-31.0
1776886067.0811028,-3.0,-1.0,-39.0
1776886067.0911028,-4.0,0.0,-48.0
1776886067.1011028,-5.0,1.0,-47.0
1776886067.1111028,-4.0,1.0,-42.0
1776886067.1211028,-3.0,0.0,-44.0
1776886067.1311028,0.0,-1.0,-42.0
1776886067.1411028,0.0,-2.0,-42.0
1776886067.1511028,2.0,-4.0,-37.0
1776886067.1611028,2.0,-5.0,-35.0
1776886067.1711028,-2.0,-6.0,-41.0
1776886067.1811028,-4.0,-6.0,-48.0
1776886067.1911027,1.0,-9.0,-51.0
1776886067.2011027,4.0,-10.0,-48.0
1776886067.2111027,4.0,-8.0,-42.0
1776886067.2211027,8.0,-9.0,-43.0
1776886067.2311027,9.0,-9.0,-43.0
1776886067.2411027,3.0,-4.0,-41.0
1776886067.2511027,3.0,-8.0,-44.0
1776886067.261103,1.0,-8.0,-44.0
1776886067.271103,2.0,-6.0,-40.0
1776886067.281103,-1.0,-1.0,-31.0
1776886067.2911026,0.0,-4.0,-31.0
1776886067.3011026,2.0,-7.0,-34.0
1776886067.3111026,2.0,-7.0,-38.0
1776886067.3211029,2.0,-7.0,-44.0
1776886067.3311028,3.0,-6.0,-39.0
1776886067.3411028,0.0,-5.0,-43.0
1776886067.3511028,-2.0,-6.0,-41.0
1776886067.3611028,1.0,-3.0,-35.0
1776886067.3711028,1.0,-5.0,-34.0
1776886067.3811028,0.0,-3.0,-35.0
1776886067.3911028,-2.0,-4.0,-32.0
1776886067.4011028,-1.0,-3.0,-37.0
1776886067.4111028,0.0,-5.0,-36.0
1776886067.4211028,2.0,-2.0,-33.0
1776886067.4311028,0.0,1.0,-34.0
1776886067.4411027,4.0,1.0,-34.0
1776886067.4511027,1.0,-2.0,-36.0
1776886067.4611027,0.0,0.0,-36.0
1776886067.4711027,1.0,3.0,-39.0
1776886067.4811027,0.0,4.0,-35.0
1776886067.4911027,-4.0,4.0,-34.0
1776886067.5011027,-4.0,5.0,-38.0
1776886067.511103,-1.0,2.0,-35.0
1776886067.521103,1.0,4.0,-36.0
1776886067.531103,4.0,8.0,-32.0
1776886067.5411026,-1.0,3.0,-34.0
1776886067.5511026,0.0,0.0,-40.0
1776886067.5611026,-1.0,-1.0,-38.0
1776886067.5711029,-2.0,-1.0,-31.0
1776886067.5811028,-5.0,0.0,-29.0
1776886067.5911028,-7.0,2.0,-28.0
1776886067.6011028,-8.0,-2.0,-27.0
1776886067.6111028,-6.0,0.0,-27.0
1776886067.6211028,0.0,0.0,-26.0
1776886067.6311028,5.0,1.0,-30.0
1776886067.6411028,0.0,1.0,-37.0
1776886067.6511028,0.0,1.0,-37.0
1776886067.6611028,1.0,2.0,-28.0
1776886067.6711028,2.0,3.0,-31.0
1776886067.6811028,1.0,4.0,-37.0
1776886067.6911027,1.0,0.0,-38.0
1776886067.7011027,0.0,0.0,-38.0
1776886067.7111027,-1.0,2.0,-38.0
1776886067.7211027,-5.0,0.0,-38.0
1776886067.7311027,-4.0,0.0,-33.0
1776886067.7411027,-1.0,0.0,-33.0
1776886067.7511027,3.0,0.0,-36.0
1776886067.761103,0.0,-3.0,-32.0
1776886067.771103,-1.0,1.0,-32.0
1776886067.781103,0.0,6.0,-37.0
1776886067.7911026,-2.0,2.0,-40.0
1776886067.8011026,1.0,-6.0,-39.0
1776886067.8111026,1.0,-9.0,-40.0
1776886067.8211029,6.0,-10.0,-46.0
1776886067.8311028,3.0,-7.0,-41.0
1776886067.8411028,1.0,-4.0,-42.0
1776886067.8511028,1.0,-5.0,-43.0
1776886067.8611028,-1.0,-5.0,-43.0
1776886067.8711028,1.0,0.0,-39.0
1776886067.8811028,1.0,-4.0,-44.0
1776886067.8911028,0.0,-6.0,-50.0
1776886067.9011028,6.0,-5.0,-49.0
1776886067.9111028,5.0,-3.0,-54.0
1776886067.9211028,5.0,-3.0,-50.0
1776886067.9311028,8.0,1.0,-52.0
1776886067.9411027,11.0,-1.0,-53.0
1776886067.9511027,13.0,-5.0,-43.0
1776886067.9611027,11.0,-6.0,-38.0
1776886067.9711027,7.0,-7.0,-34.0
1776886067.9811027,6.0,-7.0,-36.0
1776886067.9911027,2.0,-5.0,-40.0
1776886068.0011027,3.0,-4.0,-37.0
1776886068.011103,2.0,-4.0,-41.0
1776886068.021103,1.0,-3.0,-42.0
1776886068.031103,4.0,-4.0,-41.0
1776886068.0411026,9.0,-1.0,-38.0
1776886068.0511026,2.0,0.0,-38.0
1776886068.0611026,5.0,-1.0,-41.0
1776886068.0711029,6.0,-3.0,-38.0
1776886068.0811028,4.0,-4.0,-36.0
1776886068.0911028,5.0,-6.0,-32.0
1776886068.1011028,5.0,-6.0,-40.0
1776886068.1111028,3.0,-7.0,-41.0
1776886068.1211028,0.0,-3.0,-47.0
1776886068.1311028,-3.0,-4.0,-48.0
1776886068.1411028,-1.0,-5.0,-52.0
1776886068.1511028,0.0,0.0,-51.0
1776886068.1611028,1.0,-1.0,-51.0
1776886068.1711028,3.0,-3.0,-49.0
1776886068.1811028,-2.0,-4.0,-51.0
1776886068.1911027,0.0,-2.0,-49.0
1776886068.2011027,0.0,-2.0,-50.0
1776886068.2111027,0.0,-1.0,-51.0
1776886068.2211027,0.0,-5.0,-47.0
1776886068.2311027,1.0,-7.0,-38.0
1776886068.2411027,0.0,-4.0,-33.0
1776886068.2511027,0.0,-4.0,-31.0
1776886068.261103,2.0,0.0,-42.0
1776886068.271103,1.0,-1.0,-51.0
1776886068.281103,2.0,-3.0,-57.0
1776886068.2911026,0.0,1.0,-57.0
1776886068.3011026,0.0,4.0,-48.0
1776886068.3111026,-3.0,3.0,-48.0
1776886068.3211029,-7.0,1.0,-48.0
1776886068.3311028,-6.0,-1.0,-44.0
1776886068.3411028,-6.0,-1.0,-41.0
1776886068.3511028,-1.0,1.0,-42.0
1776886068.3611028,-1.0,1.0,-40.0
1776886068.3711028,-5.0,-1.0,-47.0
1776886068.3811028,-2.0,-2.0,-46.0
1776886068.3911028,0.0,-1.0,-42.0
1776886068.4011028,3.0,1.0,-44.0
1776886068.4111028,-1.0,1.0,-43.0
1776886068.4211028,-1.0,0.0,-49.0
1776886068.4311028,0.0,2.0,-49.0
1776886068.4411027,-2.0,1.0,-43.0
1776886068.4511027,-4.0,2.0,-44.0
1776886068.4611027,-4.0,4.0,-42.0
1776886068.4711027,-6.0,9.0,-41.0
1776886068.4811027,-9.0,8.0,-37.0
1776886068.4911027,-7.0,7.0,-40.0
1776886068.5011027,-4.0,7.0,-34.0
1776886068.5121028,-6.0,6.0,-41.0
1776886068.5221028,-1.0,4.0,-45.0
1776886068.531103,4.0,2.0,-49.0
1776886068.5421028,4.0,6.0,-47.0
1776886068.5521028,0.0,1.0,-47.0
1776886068.5621028,0.0,0.0,-39.0
1776886068.5721028,6.0,-1.0,-38.0
1776886068.5821028,8.0,2.0,-41.0
1776886068.5921028,4.0,3.0,-34.0
1776886068.6021028,5.0,0.0,-36.0
1776886068.6121027,6.0,1.0,-47.0
1776886068.6221027,6.0,3.0,-54.0
1776886068.6321027,7.0,0.0,-48.0
1776886068.6421027,4.0,-1.0,-41.0
1776886068.6521027,2.0,-5.0,-47.0
1776886068.6631026,3.0,-2.0,-50.0
1776886068.6721027,0.0,-6.0,-47.0
1776886068.682103,-2.0,-3.0,-47.0
1776886068.692103,-2.0,0.0,-47.0
1776886068.702103,0.0,-3.0,-44.0
1776886068.712103,0.0,-7.0,-45.0
1776886068.7221026,-1.0,-6.0,-45.0
1776886068.7321026,0.0,-7.0,-49.0
1776886068.7421026,4.0,-6.0,-47.0
1776886068.7521029,6.0,-10.0,-40.0
1776886068.7621028,3.0,-9.0,-35.0
1776886068.7721028,0.0,-7.0,-35.0
1776886068.7821028,0.0,-6.0,-35.0
1776886068.7921028,1.0,-6.0,-39.0
1776886068.8021028,4.0,-8.0,-36.0
1776886068.8121028,6.0,-10.0,-32.0
1776886068.8221028,9.0,-8.0,-36.0
1776886068.8321028,5.0,-4.0,-45.0
1776886068.8421028,5.0,-1.0,-44.0
1776886068.8521028,4.0,-1.0,-40.0
1776886068.8621027,4.0,-3.0,-36.0
1776886068.8721027,-1.0,1.0,-30.0
1776886068.8821027,-7.0,3.0,-33.0
1776886068.8921027,-6.0,0.0,-36.0
1776886068.9021027,0.0,3.0,-35.0
1776886068.9121027,0.0,2.0,-40.0
1776886068.9221027,-2.0,3.0,-42.0
1776886068.932103,1.0,6.0,-32.0
1776886068.942103,3.0,2.0,-27.0
1776886068.952103,8.0,1.0,-29.0
1776886068.962103,6.0,3.0,-36.0
1776886068.9721026,3.0,-1.0,-38.0
1776886068.9821026,0.0,-1.0,-36.0
1776886068.9921026,1.0,2.0,-42.0
1776886069.0021029,3.0,5.0,-43.0
1776886069.0121028,-3.0,5.0,-40.0
1776886069.0221028,-7.0,4.0,-40.0
1776886069.0321028,-12.0,6.0,-41.0
1776886069.0421028,-7.0,2.0,-39.0
1776886069.0521028,-4.0,3.0,-35.0
1776886069.0621028,-5.0,2.0,-35.0
1776886069.0721028,-4.0,1.0,-35.0
1776886069.0821028,-8.0,0.0,-33.0
1776886069.0921028,-9.0,-4.0,-39.0
1776886069.1021028,-9.0,-2.0,-42.0
1776886069.1121027,-8.0,0.0,-43.0
1776886069.1221027,-10.0,0.0,-37.0
1776886069.1321027,-10.0,0.0,-37.0
1776886069.1421027,-4.0,1.0,-40.0
1776886069.1521027,-4.0,1.0,-39.0
1776886069.1621027,-4.0,1.0,-35.0
1776886069.1721027,-4.0,3.0,-35.0
1776886069.182103,-2.0,0.0,-36.0
1776886069.192103,0.0,0.0,-38.0
1776886069.202103,0.0,-1.0,-37.0
1776886069.212103,-1.0,-1.0,-38.0
1776886069.2221026,-1.0,-6.0,-40.0
1776886069.2321026,1.0,-7.0,-37.0
1776886069.2421026,0.0,-4.0,-34.0
1776886069.2521029,1.0,0.0,-32.0
1776886069.2621028,1.0,0.0,-29.0
1776886069.2721028,4.0,1.0,-32.0
1776886069.2821028,4.0,0.0,-33.0
1776886069.2921028,3.0,1.0,-39.0
1776886069.3021028,3.0,1.0,-38.0
1776886069.3121028,3.0,0.0,-36.0
1776886069.3221028,-2.0,0.0,-40.0
1776886069.3321028,0.0,0.0,-43.0
1776886069.3421028,0.0,1.0,-41.0
1776886069.3521028,1.0,2.0,-45.0
1776886069.3621027,-4.0,5.0,-44.0
1776886069.3721027,-3.0,7.0,-44.0
1776886069.3821027,-2.0,2.0,-42.0
1776886069.3921027,1.0,1.0,-36.0
1776886069.4021027,0.0,0.0,-35.0
1776886069.4121027,3.0,-5.0,-37.0
1776886069.4221027,7.0,-5.0,-42.0
1776886069.432103,11.0,-7.0,-39.0
1776886069.442103,9.0,-8.0,-38.0
1776886069.452103,9.0,-6.0,-38.0
1776886069.462103,11.0,-2.0,-33.0
1776886069.4721026,11.0,0.0,-41.0
1776886069.4821026,10.0,0.0,-41.0
1776886069.4921026,10.0,0.0,-35.0
1776886069.5021029,8.0,-1.0,-28.0
1776886069.5121028,1.0,1.0,-28.0
1776886069.5221028,1.0,2.0,-26.0
1776886069.5321028,0.0,0.0,-31.0
1776886069.5421028,0.0,-2.0,-40.0
1776886069.5521028,2.0,0.0,-47.0
1776886069.5621028,2.0,0.0,-49.0
1776886069.5721028,3.0,-1.0,-44.0
1776886069.5821028,0.0,0.0,-47.0
1776886069.5921028,-1.0,-1.0,-39.0
1776886069.6021028,-2.0,-2.0,-37.0
1776886069.6121027,3.0,-4.0,-39.0
1776886069.6221027,4.0,-4.0,-40.0
1776886069.6321027,7.0,-4.0,-43.0
1776886069.6421027,8.0,3.0,-39.0
1776886069.6521027,9.0,0.0,-43.0
1776886069.6621027,8.0,-1.0,-41.0
1776886069.6721027,7.0,0.0,-38.0
1776886069.682103,0.0,-2.0,-39.0
1776886069.692103,-3.0,-3.0,-43.0
1776886069.702103,-2.0,-7.0,-41.0
1776886069.712103,0.0,-9.0,-35.0
1776886069.7221026,0.0,-9.0,-24.0
1776886069.7321026,0.0,-12.0,-18.0
1776886069.7421026,0.0,-16.0,-18.0
1776886069.7521029,-2.0,-15.0,-26.0
1776886069.7621028,0.0,-13.0,-30.0
1776886069.7721028,-1.0,-12.0,-36.0
1776886069.7821028,1.0,-9.0,-35.0
1776886069.7921028,3.0,-5.0,-40.0
1776886069.8021028,1.0,-7.0,-43.0
1776886069.8121028,1.0,-5.0,-42.0
1776886069.8221028,-1.0,-5.0,-36.0
1776886069.8321028,-6.0,-5.0,-39.0
1776886069.8421028,-7.0,-4.0,-32.0
1776886069.8521028,-1.0,-2.0,-27.0
1776886069.8621027,-1.0,-2.0,-29.0
1776886069.8721027,-5.0,-2.0,-29.0
1776886069.8821027,-5.0,-1.0,-28.0
1776886069.8921027,2.0,-4.0,-26.0
1776886069.9021027,1.0,-1.0,-34.0
1776886069.9121027,0.0,-1.0,-40.0
1776886069.9221027,0.0,-4.0,-40.0
1776886069.932103,-1.0,-5.0,-41.0
1776886069.942103,-2.0,-8.0,-37.0
1776886069.952103,-1.0,-8.0,-41.0
1776886069.962103,-6.0,-8.0,-41.0
1776886069.9721026,-5.0,-6.0,-43.0
1776886069.9821026,-4.0,-7.0,-40.0
1776886069.9921026,-1.0,-6.0,-42.0
1776886070.0021029,-3.0,0.0,-48.0
1776886070.0121028,-4.0,2.0,-45.0
1776886070.0221028,-4.0,0.0,-48.0
1776886070.0321028,-1.0,0.0,-48.0
1776886070.0421028,2.0,2.0,-47.0
1776886070.0521028,0.0,1.0,-45.0
1776886070.0621028,-5.0,0.0,-46.0
1776886070.0721028,-1.0,0.0,-43.0
1776886070.0821028,2.0,0.0,-46.0
1776886070.0921028,3.0,2.0,-50.0
1776886070.1021028,0.0,4.0,-45.0
1776886070.1121027,0.0,3.0,-45.0
1776886070.1221027,0.0,2.0,-48.0
1776886070.1321027,3.0,4.0,-45.0
1776886070.1421027,5.0,5.0,-50.0
1776886070.1521027,5.0,5.0,-46.0
1776886070.1621027,7.0,4.0,-43.0
1776886070.1721027,2.0,1.0,-43.0
1776886070.182103,1.0,0.0,-45.0
1776886070.192103,3.0,-6.0,-40.0
1776886070.202103,0.0,-7.0,-40.0
1776886070.212103,0.0,-9.0,-40.0
1776886070.2221026,0.0,-7.0,-44.0
1776886070.2321026,0.0,-11.0,-46.0
1776886070.2421026,-5.0,-10.0,-51.0
1776886070.2521029,-2.0,-8.0,-48.0
1776886070.2621028,-4.0,-4.0,-45.0
1776886070.2721028,0.0,-2.0,-41.0
1776886070.2821028,-1.0,0.0,-38.0
1776886070.2921028,0.0,0.0,-44.0
1776886070.3021028,0.0,3.0,-48.0
1776886070.3121028,1.0,5.0,-41.0
1776886070.3221028,-1.0,2.0,-38.0
1776886070.3321028,-4.0,0.0,-45.0
1776886070.3421028,-3.0,0.0,-45.0
1776886070.3521028,0.0,0.0,-49.0
1776886070.3621027,2.0,-2.0,-46.0
1776886070.3721027,2.0,-5.0,-46.0
1776886070.3821027,2.0,-2.0,-44.0
1776886070.3921027,4.0,-6.0,-47.0
1776886070.4021027,3.0,-6.0,-49.0
1776886070.4121027,2.0,-3.0,-45.0
1776886070.4221027,3.0,0.0,-46.0
1776886070.432103,2.0,0.0,-48.0
1776886070.442103,8.0,-1.0,-45.0
1776886070.452103,7.0,-5.0,-39.0
1776886070.462103,1.0,-6.0,-33.0
1776886070.4721026,-1.0,-6.0,-38.0
1776886070.4821026,-2.0,-4.0,-34.0
1776886070.4921026,0.0,0.0,-36.0
1776886070.5021029,1.0,0.0,-39.0
1776886070.5121028,0.0,1.0,-43.0
1776886070.5221028,0.0,6.0,-41.0
1776886070.5331028,-2.0,7.0,-37.0
1776886070.5431027,5.0,3.0,-31.0
1776886070.5531027,6.0,0.0,-33.0
1776886070.5631027,4.0,4.0,-37.0
1776886070.5731027,2.0,-1.0,-39.0
1776886070.5831027,0.0,-3.0,-37.0
1776886070.5931027,1.0,-4.0,-39.0
1776886070.6031027,2.0,-5.0,-39.0
1776886070.613103,-1.0,-5.0,-38.0
1776886070.623103,-4.0,-4.0,-42.0
1776886070.633103,-2.0,-2.0,-47.0
1776886070.6431026,0.0,-1.0,-45.0
1776886070.6531026,0.0,0.0,-41.0
1776886070.6631026,1.0,0.0,-39.0
1776886070.6731029,0.0,-3.0,-42.0
1776886070.6831028,-1.0,-7.0,-39.0
1776886070.6931028,0.0,-6.0,-39.0
1776886070.7031028,-3.0,-5.0,-35.0
1776886070.7131028,-6.0,-8.0,-36.0
1776886070.7231028,-4.0,-3.0,-41.0
1776886070.7331028,-2.0,-1.0,-40.0
1776886070.7431028,0.0,7.0,-38.0
1776886070.7531028,0.0,5.0,-41.0
1776886070.7631028,0.0,1.0,-39.0
1776886070.7731028,4.0,4.0,-40.0
1776886070.7831028,8.0,3.0,-37.0
1776886070.7931027,7.0,0.0,-36.0
1776886070.8031027,4.0,-1.0,-45.0
1776886070.8131027,3.0,-3.0,-49.0
1776886070.8231027,4.0,-1.0,-52.0
1776886070.8331027,0.0,2.0,-41.0
1776886070.8431027,-4.0,4.0,-42.0
1776886070.8531027,-2.0,5.0,-43.0
1776886070.863103,-3.0,5.0,-35.0
1776886070.873103,-1.0,10.0,-40.0
1776886070.883103,0.0,9.0,-46.0
1776886070.8931026,1.0,8.0,-46.0
1776886070.9031026,3.0,7.0,-43.0
1776886070.9131026,4.0,6.0,-41.0
1776886070.9231029,2.0,3.0,-47.0
1776886070.9331028,2.0,6.0,-49.0
1776886070.9431028,0.0,3.0,-50.0
1776886070.9531028,-3.0,2.0,-48.0
1776886070.9631028,3.0,0.0,-51.0
1776886070.9731028,5.0,0.0,-47.0
1776886070.9831028,8.0,-1.0,-43.0
1776886070.9931028,5.0,-1.0,-45.0
1776886071.0031028,3.0,-3.0,-44.0
1776886071.0131028,3.0,-5.0,-43.0
1776886071.0231028,1.0,-3.0,-45.0
1776886071.0331028,-1.0,-4.0,-38.0
1776886071.0431027,2.0,-2.0,-42.0
1776886071.0531027,4.0,0.0,-44.0
1776886071.0631027,4.0,1.0,-41.0
1776886071.0731027,0.0,0.0,-43.0
1776886071.0831027,3.0,0.0,-42.0
1776886071.0931027,-1.0,-2.0,-40.0
1776886071.1031027,-4.0,-1.0,-39.0
1776886071.113103,-2.0,0.0,-37.0
1776886071.123103,-4.0,3.0,-38.0
1776886071.133103,-2.0,5.0,-44.0
1776886071.1431026,-2.0,5.0,-48.0
1776886071.1531026,0.0,8.0,-45.0
1776886071.1631026,1.0,2.0,-37.0
1776886071.1731029,3.0,-1.0,-40.0
1776886071.1831028,6.0,-5.0,-35.0
1776886071.1931028,4.0,-8.0,-27.0
1776886071.2031028,-1.0,-10.0,-27.0
1776886071.2131028,-9.0,-8.0,-29.0
1776886071.2231028,-10.0,-9.0,-36.0
1776886071.2331028,-5.0,-8.0,-35.0
1776886071.2431028,-7.0,-7.0,-40.0
1776886071.2531028,-2.0,-6.0,-36.0
1776886071.2631028,-2.0,-3.0,-35.0
1776886071.2731028,5.0,-2.0,-38.0
1776886071.2831028,7.0,-1.0,-41.0
1776886071.2931027,5.0,-4.0,-35.0
1776886071.3031027,1.0,-6.0,-35.0
1776886071.3131027,0.0,-1.0,-38.0
1776886071.3231027,0.0,-1.0,-42.0
1776886071.3331027,-8.0,-3.0,-38.0
1776886071.3431027,-8.0,-2.0,-44.0
1776886071.3531027,-8.0,-5.0,-48.0
1776886071.363103,-7.0,-4.0,-42.0
1776886071.373103,-4.0,-6.0,-36.0
1776886071.383103,0.0,-6.0,-40.0
1776886071.3931026,0.0,-5.0,-38.0
1776886071.4031026,0.0,-5.0,-40.0
1776886071.4131026,-1.0,-3.0,-43.0
1776886071.4231029,-2.0,0.0,-39.0
1776886071.4331028,-5.0,0.0,-36.0
1776886071.4431028,-7.0,4.0,-37.0
1776886071.4531028,-8.0,1.0,-37.0
1776886071.4631028,-5.0,1.0,-39.0
1776886071.4731028,-6.0,4.0,-38.0
1776886071.4831028,-10.0,2.0,-34.0
1776886071.4931028,-8.0,-4.0,-38.0
1776886071.5031028,-2.0,-2.0,-48.0
1776886071.5131028,-3.0,-2.0,-47.0
1776886071.5231028,-2.0,-2.0,-47.0
1776886071.5331028,3.0,-2.0,-40.0
1776886071.5431027,8.0,0.0,-35.0
1776886071.5531027,6.0,2.0,-40.0
1776886071.5631027,3.0,5.0,-49.0
1776886071.5731027,0.0,0.0,-49.0
1776886071.5831027,1.0,1.0,-43.0
1776886071.5931027,0.0,-1.0,-38.0
1776886071.6031027,4.0,-5.0,-37.0
1776886071.613103,1.0,-5.0,-34.0
1776886071.623103,5.0,-2.0,-38.0
1776886071.633103,3.0,-5.0,-36.0
1776886071.6431026,0.0,-5.0,-37.0
1776886071.6531026,-6.0,-4.0,-39.0
1776886071.6631026,-9.0,-4.0,-41.0
1776886071.6731029,-9.0,-3.0,-38.0
1776886071.6831028,-5.0,-3.0,-41.0
1776886071.6931028,-4.0,-4.0,-33.0
1776886071.7031028,-1.0,-2.0,-40.0
1776886071.7131028,-2.0,1.0,-44.0
1776886071.7231028,-5.0,0.0,-45.0
1776886071.7331028,0.0,4.0,-40.0
1776886071.7431028,-1.0,4.0,-40.0
1776886071.7531028,-4.0,3.0,-45.0
1776886071.7631028,-5.0,2.0,-44.0
1776886071.7731028,-4.0,0.0,-40.0
1776886071.7831028,-2.0,1.0,-42.0
1776886071.7931027,1.0,0.0,-43.0
1776886071.8031027,2.0,2.0,-40.0
1776886071.8131027,0.0,0.0,-31.0
1776886071.8231027,1.0,-2.0,-34.0
1776886071.8331027,3.0,-6.0,-32.0
1776886071.8431027,2.0,-5.0,-34.0
1776886071.8531027,0.0,-1.0,-34.0
1776886071.863103,-6.0,1.0,-34.0
1776886071.873103,-5.0,0.0,-42.0
1776886071.883103,-6.0,6.0,-42.0
1776886071.8931026,-7.0,0.0,-40.0
1776886071.9031026,-7.0,0.0,-36.0
1776886071.9131026,-2.0,-2.0,-28.0
1776886071.9231029,0.0,-1.0,-30.0
1776886071.9331028,-5.0,2.0,-37.0
1776886071.9431028,-7.0,0.0,-42.0
1776886071.9531028,-7.0,-1.0,-44.0
1776886071.9631028,-9.0,-5.0,-49.0
1776886071.9731028,-6.0,-5.0,-43.0
1776886071.9831028,-4.0,-4.0,-41.0
1776886071.9931028,-2.0,-4.0,-38.0
1776886072.0031028,1.0,-7.0,-36.0
1776886072.0131028,2.0,-4.0,-40.0
1776886072.0231028,0.0,-3.0,-40.0
1776886072.0331028,-3.0,-2.0,-41.0
1776886072.0431027,-3.0,-2.0,-44.0
1776886072.0531027,-7.0,-1.0,-44.0
1776886072.0631027,-2.0,-1.0,-39.0
1776886072.0731027,-5.0,-1.0,-41.0
1776886072.0831027,0.0,0.0,-38.0
1776886072.0931027,3.0,0.0,-37.0
1776886072.1031027,6.0,3.0,-31.0
1776886072.113103,6.0,2.0,-33.0
1776886072.123103,7.0,0.0,-37.0
1776886072.133103,6.0,-1.0,-36.0
1776886072.1431026,0.0,1.0,-43.0
1776886072.1531026,-2.0,1.0,-44.0
1776886072.1631026,-1.0,0.0,-43.0
1776886072.1731029,0.0,1.0,-43.0
1776886072.1831028,0.0,3.0,-35.0
1776886072.1931028,1.0,7.0,-33.0
1776886072.2031028,1.0,7.0,-38.0
1776886072.2131028,1.0,6.0,-36.0
1776886072.2231028,-1.0,2.0,-39.0
1776886072.2331028,2.0,2.0,-43.0
1776886072.2431028,1.0,0.0,-41.0
1776886072.2531028,1.0,-3.0,-34.0
1776886072.2631028,-1.0,-1.0,-34.0
1776886072.2731028,-3.0,1.0,-40.0
1776886072.2831028,-3.0,2.0,-46.0
1776886072.2931027,-3.0,6.0,-43.0
1776886072.3031027,-4.0,0.0,-46.0
1776886072.3131027,-5.0,0.0,-48.0
1776886072.3231027,-2.0,-5.0,-47.0
1776886072.3331027,-5.0,-7.0,-44.0
1776886072.3431027,-6.0,-5.0,-47.0
1776886072.3531027,-7.0,-3.0,-47.0
1776886072.363103,-4.0,-6.0,-48.0
1776886072.373103,-2.0,-7.0,-50.0
1776886072.383103,-1.0,-7.0,-45.0
1776886072.3931026,-4.0,-4.0,-42.0
1776886072.4031026,-7.0,0.0,-41.0
1776886072.4131026,-6.0,3.0,-46.0
1776886072.4231029,-8.0,0.0,-47.0
1776886072.4331028,-5.0,1.0,-46.0
1776886072.4431028,0.0,0.0,-43.0
1776886072.4531028,-1.0,3.0,-42.0
1776886072.4631028,0.0,1.0,-37.0
1776886072.4731028,1.0,1.0,-33.0
1776886072.4831028,4.0,0.0,-32.0
1776886072.4931028,3.0,-4.0,-27.0
1776886072.5041027,2.0,-9.0,-30.0
1776886072.5141027,1.0,-3.0,-32.0
1776886072.5241027,0.0,-3.0,-31.0
1776886072.534103,-5.0,0.0,-35.0
1776886072.544103,-5.0,0.0,-37.0
1776886072.554103,-4.0,-2.0,-33.0
1776886072.5641026,-8.0,0.0,-37.0
1776886072.5741026,0.0,-4.0,-38.0
1776886072.5841026,5.0,-6.0,-40.0
1776886072.5941026,4.0,-5.0,-36.0
1776886072.6041028,6.0,-5.0,-29.0
1776886072.6141028,8.0,-7.0,-32.0
1776886072.6241028,6.0,-4.0,-33.0
1776886072.6341028,6.0,0.0,-39.0
1776886072.6441028,3.0,0.0,-37.0
1776886072.6541028,1.0,1.0,-33.0
1776886072.6641028,2.0,0.0,-36.0
1776886072.6741028,2.0,-3.0,-37.0
1776886072.6841028,4.0,-7.0,-39.0
1776886072.6941028,4.0,-9.0,-39.0
1776886072.7041028,2.0,-11.0,-38.0
1776886072.7141027,3.0,-8.0,-37.0
1776886072.7241027,5.0,-9.0,-42.0
1776886072.7341027,2.0,-8.0,-48.0
1776886072.7441027,2.0,-9.0,-44.0
1776886072.7541027,4.0,-6.0,-42.0
1776886072.7641027,7.0,2.0,-42.0
1776886072.7741027,6.0,0.0,-39.0
1776886072.784103,7.0,-1.0,-40.0
1776886072.794103,5.0,1.0,-40.0
1776886072.804103,2.0,2.0,-35.0
1776886072.8141026,4.0,1.0,-32.0
1776886072.8241026,0.0,-2.0,-33.0
1776886072.8341026,0.0,-7.0,-33.0
1776886072.8441026,-8.0,-6.0,-38.0
1776886072.8541028,-8.0,-4.0,-41.0
1776886072.8641028,-7.0,-5.0,-38.0
1776886072.8741028,-2.0,-2.0,-44.0
1776886072.8841028,0.0,-2.0,-49.0
1776886072.8941028,2.0,-1.0,-49.0
1776886072.9041028,2.0,-2.0,-49.0
1776886072.9141028,0.0,-5.0,-39.0
1776886072.9241028,0.0,-4.0,-33.0
1776886072.9341028,2.0,-2.0,-35.0
1776886072.9441028,0.0,-1.0,-36.0
1776886072.9541028,3.0,1.0,-40.0
1776886072.9641027,8.0,2.0,-39.0
1776886072.9741027,8.0,5.0,-42.0
1776886072.9841027,5.0,-1.0,-38.0
1776886072.9941027,2.0,-1.0,-38.0
1776886073.0041027,4.0,2.0,-39.0
1776886073.0141027,3.0,4.0,-40.0
1776886073.0241027,2.0,0.0,-43.0
1776886073.034103,0.0,1.0,-43.0
1776886073.044103,1.0,0.0,-42.0
1776886073.054103,1.0,1.0,-44.0
1776886073.0641026,0.0,-1.0,-45.0
1776886073.0741026,1.0,-4.0,-33.0
1776886073.0841026,0.0,-2.0,-29.0
1776886073.0941026,-3.0,-2.0,-37.0
1776886073.1041028,-2.0,-6.0,-47.0
1776886073.1141028,-3.0,-9.0,-45.0
1776886073.1241028,-2.0,-10.0,-54.0
1776886073.1341028,0.0,-13.0,-53.0
1776886073.1441028,5.0,-9.0,-51.0
1776886073.1541028,4.0,-7.0,-43.0
1776886073.1641028,4.0,-4.0,-46.0
1776886073.1741028,1.0,-5.0,-47.0
1776886073.1841028,3.0,-5.0,-41.0
1776886073.1941028,2.0,-5.0,-37.0
1776886073.2041028,0.0,-5.0,-39.0
1776886073.2141027,0.0,-6.0,-34.0
1776886073.2241027,-2.0,-7.0,-39.0
1776886073.2341027,0.0,-8.0,-46.0
1776886073.2441027,-2.0,-7.0,-47.0
1776886073.2541027,-5.0,-6.0,-45.0
1776886073.2641027,-4.0,-6.0,-52.0
1776886073.2741027,-2.0,-3.0,-50.0
1776886073.284103,1.0,-6.0,-43.0
1776886073.294103,3.0,0.0,-39.0
1776886073.304103,3.0,0.0,-39.0
1776886073.3141026,9.0,-2.0,-37.0
1776886073.3241026,8.0,-4.0,-39.0
1776886073.3341026,6.0,-5.0,-41.0
1776886073.3441026,4.0,0.0,-37.0
1776886073.3541028,6.0,2.0,-37.0
1776886073.3641028,9.0,0.0,-38.0
1776886073.3741028,8.0,1.0,-39.0
1776886073.3841028,0.0,1.0,-37.0
1776886073.3941028,2.0,2.0,-39.0
1776886073.4041028,0.0,-2.0,-35.0
1776886073.4141028,1.0,-1.0,-33.0
1776886073.4241028,-1.0,-5.0,-37.0
1776886073.4341028,-1.0,-7.0,-30.0
1776886073.4441028,-5.0,0.0,-31.0
1776886073.4541028,-3.0,3.0,-32.0
1776886073.4641027,-5.0,2.0,-32.0
1776886073.4741027,-7.0,2.0,-39.0
1776886073.4841027,-4.0,5.0,-48.0
1776886073.4941027,-7.0,3.0,-52.0
1776886073.5041027,-11.0,0.0,-52.0
1776886073.5141027,-10.0,-1.0,-48.0
1776886073.5241027,-9.0,-3.0,-50.0
1776886073.534103,-3.0,-5.0,-47.0
1776886073.544103,-4.0,-6.0,-43.0
1776886073.554103,-5.0,-6.0,-42.0
1776886073.5641026,-3.0,-4.0,-43.0
1776886073.5741026,-7.0,-5.0,-38.0
1776886073.5841026,-11.0,-9.0,-34.0
1776886073.5941026,-9.0,-9.0,-34.0
1776886073.6041028,-10.0,-5.0,-36.0
1776886073.6141028,-5.0,-1.0,-42.0
1776886073.6241028,-7.0,0.0,-39.0
1776886073.6341028,-5.0,1.0,-43.0
1776886073.6441028,-4.0,-1.0,-40.0
1776886073.6541028,0.0,0.0,-40.0
1776886073.6641028,-4.0,0.0,-37.0
1776886073.6741028,-4.0,-5.0,-39.0
1776886073.6841028,-2.0,-4.0,-43.0
1776886073.6941028,0.0,-5.0,-40.0
1776886073.7041028,1.0,-3.0,-45.0
1776886073.7141027,3.0,0.0,-41.0
1776886073.7241027,6.0,0.0,-43.0
1776886073.7341027,3.0,-1.0,-45.0
1776886073.7441027,5.0,-2.0,-49.0
1776886073.7541027,6.0,-1.0,-52.0
1776886073.7641027,3.0,-1.0,-50.0
1776886073.7741027,3.0,-2.0,-43.0
1776886073.784103,7.0,-2.0,-45.0
1776886073.794103,1.0,-2.0,-42.0
1776886073.804103,-1.0,-3.0,-40.0
1776886073.8141026,0.0,-5.0,-40.0
1776886073.8241026,0.0,-5.0,-42.0
1776886073.8341026,-2.0,-1.0,-42.0
1776886073.8441026,-3.0,0.0,-38.0
1776886073.8541028,0.0,-2.0,-49.0
1776886073.8641028,0.0,-3.0,-45.0
1776886073.8741028,-3.0,-4.0,-38.0
1776886073.8841028,0.0,-3.0,-41.0
1776886073.8941028,-4.0,-3.0,-44.0
1776886073.9041028,3.0,-7.0,-51.0
1776886073.9141028,-2.0,-4.0,-50.0
1776886073.9241028,-1.0,-1.0,-49.0
1776886073.9341028,-2.0,0.0,-49.0
1776886073.9441028,-5.0,-6.0,-41.0
1776886073.9541028,-3.0,-9.0,-35.0
1776886073.9641027,-7.0,-7.0,-33.0
1776886073.9741027,-6.0,-5.0,-35.0
1776886073.9841027,-3.0,-9.0,-44.0
1776886073.9941027,1.0,-7.0,-44.0
1776886074.0041027,-2.0,-6.0,-46.0
1776886074.0141027,-2.0,-5.0,-41.0
1776886074.0241027,-1.0,-3.0,-38.0
1776886074.034103,0.0,-3.0,-41.0
1776886074.044103,3.0,-1.0,-40.0
1776886074.054103,7.0,2.0,-42.0
1776886074.0641026,3.0,0.0,-42.0
1776886074.0741026,0.0,-3.0,-45.0
1776886074.0841026,4.0,-6.0,-39.0
1776886074.0941026,0.0,-8.0,-38.0
1776886074.1041028,1.0,-11.0,-32.0
1776886074.1141028,3.0,-7.0,-31.0
1776886074.1241028,9.0,-6.0,-41.0
1776886074.1341028,9.0,-4.0,-42.0
1776886074.1441028,9.0,-8.0,-47.0
1776886074.1541028,11.0,-8.0,-46.0
1776886074.1641028,9.0,-8.0,-44.0
1776886074.1741028,10.0,-7.0,-39.0
1776886074.1841028,11.0,-9.0,-40.0
1776886074.1941028,14.0,-6.0,-41.0
1776886074.2041028,17.0,-4.0,-32.0
1776886074.2141027,16.0,-4.0,-31.0
1776886074.2241027,11.0,-2.0,-34.0
1776886074.2341027,12.0,-4.0,-42.0
1776886074.2441027,10.0,0.0,-39.0
1776886074.2541027,12.0,2.0,-41.0
1776886074.2641027,13.0,4.0,-38.0
1776886074.2741027,15.0,2.0,-42.0
1776886074.284103,12.0,0.0,-41.0
1776886074.294103,11.0,0.0,-38.0
1776886074.304103,6.0,-1.0,-41.0
1776886074.3141026,0.0,-3.0,-36.0
1776886074.3241026,-1.0,-6.0,-40.0
1776886074.3341026,4.0,-4.0,-41.0
1776886074.3441026,7.0,-1.0,-38.0
1776886074.3541028,7.0,-6.0,-46.0
1776886074.3641028,6.0,-5.0,-48.0
1776886074.3741028,3.0,-6.0,-49.0
1776886074.3841028,1.0,-5.0,-47.0
1776886074.3941028,1.0,-3.0,-44.0
1776886074.4041028,4.0,-3.0,-39.0
1776886074.4141028,4.0,0.0,-35.0
1776886074.4241028,5.0,-1.0,-36.0
1776886074.4341028,6.0,-4.0,-34.0
1776886074.4441028,4.0,-7.0,-42.0
1776886074.4541028,1.0,-10.0,-39.0
1776886074.4641027,2.0,-9.0,-32.0
1776886074.475103,0.0,-9.0,-34.0
1776886074.485103,0.0,-8.0,-39.0
1776886074.4951026,1.0,-4.0,-35.0
1776886074.5041027,2.0,-5.0,-36.0
1776886074.5151026,3.0,-5.0,-35.0
1776886074.5251029,2.0,-6.0,-33.0
1776886074.5351028,3.0,-4.0,-33.0
1776886074.5451028,4.0,-3.0,-40.0
1776886074.5551028,6.0,-4.0,-41.0
1776886074.5651028,8.0,-5.0,-40.0
1776886074.5751028,10.0,-1.0,-39.0
1776886074.5851028,5.0,-3.0,-39.0
1776886074.5951028,6.0,-2.0,-43.0
1776886074.6051028,2.0,0.0,-47.0
1776886074.6151028,1.0,-1.0,-51.0
1776886074.6251028,7.0,-5.0,-48.0
1776886074.6351027,7.0,-3.0,-50.0
1776886074.6451027,8.0,-3.0,-49.0
1776886074.6551027,5.0,-7.0,-51.0
1776886074.6651027,8.0,-7.0,-52.0
1776886074.6751027,8.0,-8.0,-51.0
1776886074.6851027,5.0,-3.0,-49.0
1776886074.6951027,6.0,-1.0,-49.0
1776886074.7051027,5.0,4.0,-43.0
1776886074.715103,5.0,5.0,-36.0
1776886074.725103,1.0,3.0,-34.0
1776886074.735103,-2.0,6.0,-39.0
1776886074.7451026,-6.0,6.0,-33.0
1776886074.7551026,-5.0,6.0,-30.0
1776886074.7651026,-1.0,5.0,-32.0
1776886074.7751029,-5.0,6.0,-35.0
1776886074.7851028,1.0,8.0,-36.0
1776886074.7951028,2.0,5.0,-31.0
1776886074.8051028,1.0,1.0,-30.0
1776886074.8151028,0.0,0.0,-30.0
1776886074.8251028,1.0,-7.0,-33.0
1776886074.8351028,0.0,-3.0,-39.0
1776886074.8451028,0.0,-2.0,-38.0
1776886074.8551028,-5.0,0.0,-40.0
1776886074.8651028,-3.0,4.0,-39.0
1776886074.8751028,0.0,5.0,-34.0
1776886074.8851027,2.0,8.0,-39.0
1776886074.8951027,5.0,7.0,-33.0
1776886074.9051027,7.0,8.0,-34.0
1776886074.9151027,9.0,3.0,-41.0
1776886074.9251027,9.0,7.0,-50.0
1776886074.9351027,5.0,10.0,-51.0
1776886074.9451027,5.0,10.0,-46.0
1776886074.9551027,4.0,6.0,-44.0
1776886074.965103,0.0,4.0,-43.0
1776886074.975103,2.0,7.0,-39.0
1776886074.985103,0.0,6.0,-39.0
1776886074.9951026,0.0,1.0,-37.0
1776886075.0051026,0.0,-1.0,-42.0
1776886075.0151026,1.0,-1.0,-41.0
1776886075.0251029,-1.0,-3.0,-38.0
1776886075.0351028,0.0,-2.0,-40.0
1776886075.0451028,1.0,3.0,-44.0
1776886075.0551028,0.0,3.0,-43.0
1776886075.0651028,0.0,2.0,-41.0
1776886075.0751028,1.0,1.0,-39.0
1776886075.0851028,2.0,3.0,-42.0
1776886075.0951028,0.0,2.0,-40.0
1776886075.1051028,-7.0,4.0,-38.0
1776886075.1151028,-11.0,2.0,-41.0
1776886075.1251028,-5.0,1.0,-41.0
1776886075.1351027,-2.0,3.0,-47.0
1776886075.1451027,4.0,0.0,-41.0
1776886075.1551027,2.0,0.0,-44.0
1776886075.1651027,3.0,2.0,-43.0
1776886075.1751027,3.0,4.0,-44.0
1776886075.1851027,1.0,0.0,-45.0
1776886075.1951027,2.0,-1.0,-51.0
1776886075.2051027,5.0,-5.0,-44.0
1776886075.215103,3.0,-1.0,-38.0
1776886075.225103,5.0,-4.0,-48.0
1776886075.235103,4.0,-5.0,-45.0
1776886075.2451026,0.0,-6.0,-48.0
1776886075.2551026,2.0,-2.0,-47.0
1776886075.2651026,4.0,-4.0,-44.0
1776886075.2751029,3.0,-3.0,-40.0
1776886075.2851028,3.0,-1.0,-33.0
1776886075.2951028,3.0,1.0,-34.0
1776886075.3051028,1.0,5.0,-35.0
1776886075.3151028,3.0,1.0,-39.0
1776886075.3251028,2.0,-2.0,-30.0
1776886075.3351028,3.0,0.0,-33.0
1776886075.3451028,1.0,-2.0,-39.0
1776886075.3551028,-2.0,-2.0,-43.0
1776886075.3651028,-2.0,-1.0,-43.0
1776886075.3751028,-5.0,-5.0,-47.0
1776886075.3851027,-6.0,-1.0,-52.0
1776886075.3951027,-6.0,-2.0,-55.0
1776886075.4051027,-1.0,-4.0,-51.0
1776886075.4151027,-4.0,-8.0,-49.0
1776886075.4251027,-5.0,-2.0,-51.0
1776886075.4351027,-7.0,-6.0,-49.0
1776886075.4451027,-5.0,-5.0,-50.0
1776886075.4551027,-5.0,0.0,-44.0
1776886075.465103,-6.0,-1.0,-44.0
1776886075.475103,-4.0,-2.0,-46.0
1776886075.485103,-6.0,0.0,-37.0
1776886075.4951026,-6.0,-1.0,-43.0
1776886075.5051026,-4.0,-2.0,-41.0
1776886075.5151026,1.0,-1.0,-42.0
1776886075.5251029,4.0,1.0,-43.0
1776886075.5351028,0.0,2.0,-44.0
1776886075.5451028,0.0,7.0,-42.0
1776886075.5551028,0.0,10.0,-42.0
1776886075.5651028,1.0,10.0,-42.0
1776886075.5751028,1.0,8.0,-46.0
1776886075.5851028,-3.0,11.0,-45.0
1776886075.5951028,-5.0,10.0,-44.0
1776886075.6051028,-2.0,7.0,-43.0
1776886075.6151028,-5.0,2.0,-45.0
1776886075.6251028,-1.0,-2.0,-46.0
1776886075.6351027,-2.0,0.0,-47.0
1776886075.6451027,0.0,-4.0,-43.0
1776886075.6551027,-2.0,-5.0,-42.0
1776886075.6651027,0.0,-6.0,-37.0
1776886075.6751027,0.0,-6.0,-40.0
1776886075.6851027,2.0,-9.0,-38.0
1776886075.6951027,0.0,-5.0,-34.0
1776886075.7051027,3.0,-5.0,-32.0
1776886075.715103,3.0,-4.0,-41.0
1776886075.725103,1.0,0.0,-39.0
1776886075.735103,2.0,3.0,-39.0
1776886075.7451026,4.0,3.0,-42.0
1776886075.7551026,2.0,0.0,-46.0
1776886075.7651026,8.0,2.0,-48.0
1776886075.7751029,6.0,5.0,-45.0
1776886075.7851028,9.0,8.0,-44.0
1776886075.7951028,10.0,6.0,-47.0
1776886075.8051028,7.0,6.0,-43.0
1776886075.8151028,3.0,5.0,-49.0
1776886075.8251028,0.0,7.0,-52.0
1776886075.8351028,0.0,7.0,-49.0
1776886075.8451028,0.0,7.0,-44.0
1776886075.8551028,-2.0,6.0,-47.0
1776886075.8651028,-3.0,9.0,-40.0
1776886075.8751028,0.0,6.0,-39.0
1776886075.8851027,1.0,3.0,-37.0
1776886075.8951027,6.0,1.0,-35.0
1776886075.9051027,4.0,0.0,-41.0
1776886075.9151027,0.0,0.0,-42.0
1776886075.9251027,0.0,2.0,-44.0
1776886075.9351027,1.0,4.0,-43.0
1776886075.9451027,2.0,2.0,-40.0
1776886075.9551027,4.0,4.0,-42.0
1776886075.965103,6.0,4.0,-34.0
1776886075.975103,7.0,5.0,-34.0
1776886075.985103,3.0,3.0,-33.0
1776886075.9951026,4.0,2.0,-38.0
1776886076.0051026,0.0,0.0,-35.0
1776886076.0151026,-1.0,0.0,-36.0
1776886076.0251029,-3.0,2.0,-42.0
1776886076.0351028,-2.0,1.0,-43.0
1776886076.0451028,-4.0,-3.0,-41.0
1776886076.0551028,-1.0,-5.0,-40.0
1776886076.0651028,1.0,-9.0,-43.0
1776886076.0751028,0.0,-13.0,-44.0
1776886076.0851028,3.0,-13.0,-38.0
1776886076.0951028,8.0,-12.0,-40.0
1776886076.1051028,12.0,-8.0,-44.0
1776886076.1151028,8.0,-8.0,-39.0
1776886076.1251028,7.0,-7.0,-39.0
1776886076.1351027,9.0,-6.0,-37.0
1776886076.1451027,4.0,-6.0,-39.0
1776886076.1551027,0.0,-5.0,-32.0
1776886076.1651027,0.0,-5.0,-38.0
1776886076.1751027,1.0,-1.0,-37.0
1776886076.1851027,-1.0,-6.0,-37.0
1776886076.1951027,-2.0,-6.0,-33.0
1776886076.2051027,-5.0,-6.0,-33.0
1776886076.215103,-2.0,-8.0,-36.0
1776886076.225103,-2.0,-10.0,-40.0
1776886076.235103,-1.0,-8.0,-49.0
1776886076.2451026,-6.0,-4.0,-47.0
1776886076.2551026,-6.0,0.0,-46.0
1776886076.2651026,-4.0,-2.0,-44.0
1776886076.2751029,-4.0,0.0,-47.0
1776886076.2851028,0.0,0.0,-47.0
1776886076.2951028,1.0,4.0,-51.0
1776886076.3051028,1.0,5.0,-48.0
1776886076.3151028,0.0,0.0,-49.0
1776886076.3251028,0.0,-3.0,-50.0
1776886076.3351028,0.0,-3.0,-45.0
1776886076.3451028,1.0,-7.0,-41.0
1776886076.3551028,0.0,-8.0,-33.0
1776886076.3651028,3.0,-13.0,-35.0
1776886076.3751028,5.0,-12.0,-39.0
1776886076.3851027,1.0,-6.0,-38.0
1776886076.3951027,-5.0,-10.0,-38.0
1776886076.4051027,-3.0,-12.0,-34.0
1776886076.4151027,-8.0,-11.0,-28.0
1776886076.4251027,-7.0,-10.0,-36.0
1776886076.4351027,-7.0,-8.0,-35.0
1776886076.4451027,-3.0,-1.0,-38.0
1776886076.4561028,1.0,-5.0,-38.0
1776886076.465103,2.0,-6.0,-45.0
1776886076.4761028,5.0,0.0,-47.0
1776886076.4861028,4.0,5.0,-44.0
1776886076.4961028,1.0,4.0,-42.0
1776886076.5061028,7.0,1.0,-41.0
1776886076.5161028,6.0,-1.0,-40.0
1776886076.5261028,5.0,-1.0,-37.0
1776886076.5361028,5.0,1.0,-39.0
1776886076.5461028,-1.0,0.0,-38.0
1776886076.5561028,-3.0,-2.0,-39.0
1776886076.5661027,-2.0,-1.0,-46.0
1776886076.5761027,0.0,-4.0,-46.0
1776886076.5861027,0.0,-6.0,-44.0
1776886076.5961027,1.0,-3.0,-47.0
1776886076.6061027,4.0,-2.0,-43.0
1776886076.6161027,4.0,-2.0,-43.0
1776886076.6261027,5.0,-4.0,-37.0
1776886076.636103,3.0,-6.0,-37.0
1776886076.646103,2.0,-6.0,-34.0
1776886076.656103,1.0,-4.0,-30.0
1776886076.6661026,-2.0,-2.0,-36.0
1776886076.6761026,-5.0,-6.0,-38.0
1776886076.6861026,-5.0,-8.0,-41.0
1776886076.6961029,-7.0,-10.0,-43.0
1776886076.7061028,0.0,-11.0,-42.0
1776886076.7161028,4.0,-9.0,-38.0
1776886076.7261028,5.0,-9.0,-31.0
1776886076.7361028,1.0,-8.0,-31.0
1776886076.7461028,-2.0,-5.0,-34.0
1776886076.7561028,-1.0,-3.0,-40.0
1776886076.7661028,-1.0,-5.0,-48.0
1776886076.7771027,0.0,-4.0,-48.0
1776886076.7861028,-3.0,-9.0,-43.0
1776886076.7961028,-3.0,-5.0,-44.0
1776886076.8061028,-4.0,-5.0,-45.0
1776886076.8161027,1.0,-7.0,-43.0
1776886076.8261027,1.0,-6.0,-48.0
1776886076.8361027,3.0,-6.0,-45.0
1776886076.8461027,3.0,-5.0,-45.0
1776886076.8561027,4.0,-2.0,-47.0
1776886076.8661027,9.0,-4.0,-48.0
1776886076.8761027,3.0,-3.0,-52.0
1776886076.886103,2.0,-2.0,-54.0
1776886076.896103,-2.0,-3.0,-55.0
1776886076.906103,0.0,-4.0,-45.0
1776886076.9161026,0.0,-5.0,-44.0
1776886076.9261026,0.0,-5.0,-49.0
1776886076.9361026,-1.0,-6.0,-42.0
1776886076.9461029,0.0,-1.0,-37.0
1776886076.9561028,2.0,0.0,-39.0
1776886076.9661028,3.0,-1.0,-43.0
1776886076.9761028,5.0,0.0,-44.0
1776886076.9861028,2.0,0.0,-44.0
1776886076.9961028,1.0,-5.0,-44.0
1776886077.0061028,2.0,-5.0,-45.0
1776886077.0161028,0.0,-1.0,-43.0
1776886077.0261028,1.0,-2.0,-32.0
1776886077.0361028,-2.0,-4.0,-29.0
1776886077.0461028,-1.0,-8.0,-29.0
1776886077.0561028,-1.0,-7.0,-28.0
1776886077.0661027,0.0,-8.0,-34.0
1776886077.0761027,-4.0,-8.0,-28.0
1776886077.0861027,-1.0,-7.0,-31.0
1776886077.0961027,-5.0,-5.0,-40.0
1776886077.1061027,-7.0,-3.0,-40.0
1776886077.1161027,-3.0,-3.0,-39.0
1776886077.1261027,-3.0,-3.0,-34.0
1776886077.136103,-3.0,0.0,-38.0
1776886077.146103,-6.0,0.0,-40.0
1776886077.156103,-8.0,3.0,-43.0
1776886077.1661026,-2.0,2.0,-40.0
1776886077.1761026,0.0,-1.0,-40.0
1776886077.1861026,-2.0,0.0,-39.0
1776886077.1961029,3.0,-1.0,-37.0
1776886077.2061028,0.0,-3.0,-36.0
1776886077.2161028,0.0,-1.0,-38.0
1776886077.2261028,0.0,-2.0,-38.0
1776886077.2361028,1.0,-1.0,-45.0
1776886077.2461028,0.0,-2.0,-42.0
1776886077.2561028,0.0,0.0,-42.0
1776886077.2661028,-1.0,-3.0,-40.0
1776886077.2761028,-2.0,-1.0,-40.0
1776886077.2861028,0.0,4.0,-37.0
1776886077.2961028,1.0,3.0,-32.0
1776886077.3061028,3.0,4.0,-31.0
1776886077.3161027,4.0,0.0,-37.0
1776886077.3261027,0.0,0.0,-36.0
1776886077.3361027,-1.0,-5.0,-35.0
1776886077.3461027,-3.0,-2.0,-34.0
1776886077.3561027,-4.0,-2.0,-31.0
1776886077.3661027,-3.0,0.0,-33.0
1776886077.3761027,-1.0,0.0,-34.0
1776886077.386103,-2.0,0.0,-30.0
1776886077.396103,-4.0,1.0,-31.0
1776886077.406103,-2.0,-1.0,-30.0
1776886077.4161026,-1.0,-3.0,-30.0
1776886077.4261026,0.0,1.0,-31.0
1776886077.4361026,0.0,4.0,-32.0
1776886077.4461029,0.0,0.0,-31.0
1776886077.4561028,0.0,0.0,-33.0
1776886077.4661028,3.0,0.0,-39.0
1776886077.4761028,5.0,0.0,-44.0
1776886077.4861028,6.0,2.0,-41.0
1776886077.4961028,4.0,3.0,-38.0
1776886077.5061028,4.0,1.0,-38.0
1776886077.5161028,3.0,2.0,-40.0
1776886077.5261028,3.0,3.0,-34.0
1776886077.5361028,3.0,0.0,-34.0
1776886077.5461028,4.0,2.0,-34.0
1776886077.5561028,-1.0,2.0,-34.0
1776886077.5661027,-7.0,2.0,-43.0
1776886077.5761027,-5.0,3.0,-46.0
1776886077.5861027,0.0,4.0,-42.0
1776886077.5961027,0.0,4.0,-37.0
1776886077.6061027,-1.0,5.0,-35.0
1776886077.6161027,-2.0,3.0,-35.0
1776886077.6261027,-1.0,0.0,-41.0
1776886077.636103,-7.0,-4.0,-41.0
1776886077.646103,-5.0,-6.0,-34.0
1776886077.656103,-4.0,-7.0,-29.0
1776886077.6661026,-2.0,-4.0,-30.0
1776886077.6761026,0.0,-4.0,-32.0
1776886077.6861026,2.0,0.0,-42.0
1776886077.6961029,0.0,0.0,-45.0
1776886077.7061028,0.0,1.0,-45.0
1776886077.7161028,-3.0,0.0,-41.0
1776886077.7261028,-2.0,0.0,-39.0
1776886077.7361028,-2.0,-5.0,-40.0
1776886077.7461028,0.0,-9.0,-35.0
1776886077.7561028,1.0,-6.0,-36.0
1776886077.7661028,4.0,-1.0,-34.0
1776886077.7761028,5.0,-5.0,-33.0
1776886077.7861028,0.0,-5.0,-35.0
1776886077.7961028,0.0,-4.0,-28.0
1776886077.8061028,1.0,-1.0,-29.0
1776886077.8161027,0.0,-2.0,-31.0
1776886077.8261027,0.0,3.0,-40.0
1776886077.8361027,-1.0,1.0,-37.0
1776886077.8461027,-4.0,0.0,-40.0
1776886077.8561027,-4.0,0.0,-39.0
1776886077.8661027,0.0,1.0,-39.0
1776886077.8761027,5.0,4.0,-34.0
1776886077.886103,8.0,3.0,-29.0
1776886077.896103,4.0,2.0,-28.0
1776886077.906103,0.0,0.0,-29.0
1776886077.9161026,-1.0,-2.0,-34.0
1776886077.9261026,0.0,-1.0,-35.0
1776886077.9361026,0.0,-1.0,-38.0
1776886077.9461029,2.0,-1.0,-33.0
1776886077.9561028,3.0,-2.0,-32.0
1776886077.9661028,4.0,-1.0,-34.0
1776886077.9761028,1.0,-2.0,-35.0
1776886077.9861028,0.0,-1.0,-33.0
1776886077.9961028,-2.0,-3.0,-30.0
1776886078.0061028,-3.0,-2.0,-28.0
1776886078.0161028,-3.0,0.0,-33.0
1776886078.0261028,-2.0,0.0,-33.0
1776886078.0361028,0.0,2.0,-36.0
1776886078.0461028,-1.0,1.0,-33.0
1776886078.0561028,3.0,6.0,-31.0
1776886078.0661027,5.0,1.0,-44.0
1776886078.0761027,6.0,-2.0,-47.0
1776886078.0861027,8.0,-2.0,-42.0
1776886078.0961027,7.0,-2.0,-36.0
1776886078.1061027,3.0,-1.0,-37.0
1776886078.1161027,0.0,0.0,-29.0
1776886078.1261027,-2.0,-1.0,-33.0
1776886078.136103,-3.0,1.0,-36.0
1776886078.146103,-1.0,1.0,-33.0
1776886078.156103,-1.0,2.0,-35.0
1776886078.1661026,4.0,1.0,-34.0
1776886078.1761026,5.0,-2.0,-30.0
1776886078.1861026,3.0,-3.0,-31.0
1776886078.1961029,-1.0,-2.0,-29.0
1776886078.2061028,0.0,-5.0,-29.0
1776886078.2161028,0.0,-1.0,-37.0
1776886078.2261028,-2.0,0.0,-37.0
1776886078.2361028,0.0,1.0,-31.0
1776886078.2461028,0.0,-2.0,-35.0
1776886078.2561028,0.0,-2.0,-42.0
1776886078.2661028,3.0,0.0,-40.0
1776886078.2761028,7.0,-1.0,-36.0
1776886078.2861028,11.0,5.0,-35.0
1776886078.2961028,6.0,4.0,-36.0
1776886078.3061028,5.0,3.0,-42.0
1776886078.3161027,4.0,2.0,-48.0
1776886078.3261027,3.0,2.0,-41.0
1776886078.3361027,1.0,-3.0,-41.0
1776886078.3461027,2.0,-8.0,-40.0
1776886078.3561027,0.0,-7.0,-42.0
1776886078.3661027,1.0,-2.0,-40.0
1776886078.3761027,-1.0,-7.0,-41.0
1776886078.386103,3.0,-6.0,-41.0
1776886078.396103,3.0,-10.0,-37.0
1776886078.406103,2.0,-9.0,-33.0
1776886078.4161026,-1.0,-10.0,-31.0
1776886078.4261026,-2.0,-5.0,-30.0
1776886078.4361026,-4.0,-5.0,-37.0
1776886078.4461029,0.0,-6.0,-41.0
1776886078.4561028,0.0,-8.0,-43.0
1776886078.4661028,0.0,-7.0,-43.0
1776886078.4761028,-6.0,-6.0,-45.0
1776886078.4871027,-3.0,-3.0,-46.0
1776886078.4971027,-5.0,-2.0,-42.0
1776886078.5071027,-7.0,-5.0,-42.0
1776886078.5171027,-4.0,-6.0,-43.0
1776886078.5271027,-3.0,-5.0,-45.0
1776886078.5371027,-4.0,-8.0,-46.0
1776886078.5471027,-1.0,-7.0,-45.0
1776886078.557103,3.0,-1.0,-46.0
1776886078.567103,6.0,-2.0,-44.0
1776886078.577103,5.0,-4.0,-38.0
1776886078.587103,3.0,-1.0,-32.0
1776886078.5971026,4.0,-2.0,-32.0
1776886078.6071026,5.0,-7.0,-32.0
1776886078.6171026,5.0,-6.0,-33.0
1776886078.6271029,2.0,-5.0,-34.0
1776886078.6371028,0.0,-3.0,-38.0
1776886078.6471028,2.0,-1.0,-38.0
1776886078.6571028,0.0,-2.0,-39.0
1776886078.6671028,0.0,2.0,-41.0
1776886078.6771028,-5.0,5.0,-50.0
1776886078.6871028,-3.0,6.0,-51.0
1776886078.6971028,-3.0,-1.0,-39.0
1776886078.7071028,0.0,-5.0,-34.0
1776886078.7171028,4.0,-5.0,-36.0
1776886078.7271028,2.0,-5.0,-34.0
1776886078.7371027,1.0,-2.0,-43.0
1776886078.7471027,6.0,-4.0,-45.0
1776886078.7571027,2.0,-6.0,-40.0
1776886078.7671027,0.0,-4.0,-38.0
1776886078.7771027,2.0,-4.0,-37.0
1776886078.7871027,2.0,0.0,-35.0
1776886078.7971027,4.0,-2.0,-38.0
1776886078.807103,3.0,-3.0,-37.0
1776886078.817103,1.0,-5.0,-31.0
1776886078.827103,1.0,-5.0,-35.0
1776886078.837103,0.0,-4.0,-36.0
1776886078.8471026,4.0,-2.0,-34.0
1776886078.8571026,10.0,-3.0,-40.0
1776886078.8671026,8.0,-4.0,-47.0
1776886078.8771029,8.0,-5.0,-44.0
1776886078.8871028,9.0,-8.0,-44.0
1776886078.8971028,9.0,-6.0,-40.0
1776886078.9071028,6.0,-8.0,-39.0
1776886078.9171028,9.0,-10.0,-37.0
1776886078.9271028,7.0,-10.0,-40.0
1776886078.9371028,6.0,-8.0,-44.0
1776886078.9471028,1.0,-4.0,-45.0
1776886078.9571028,0.0,-2.0,-38.0
1776886078.9671028,-1.0,4.0,-35.0
1776886078.9771028,1.0,0.0,-37.0
1776886078.9871027,3.0,-3.0,-38.0
1776886078.9971027,4.0,-3.0,-42.0
1776886079.0071027,0.0,-2.0,-39.0
1776886079.0171027,-1.0,-5.0,-40.0
1776886079.0271027,2.0,0.0,-39.0
1776886079.0371027,6.0,1.0,-42.0
1776886079.0471027,1.0,2.0,-36.0
1776886079.057103,-2.0,1.0,-28.0
1776886079.067103,-4.0,2.0,-33.0
1776886079.077103,-4.0,-2.0,-31.0
1776886079.087103,0.0,-1.0,-28.0
1776886079.0971026,2.0,0.0,-29.0
1776886079.1071026,3.0,1.0,-32.0
1776886079.1171026,2.0,1.0,-35.0
1776886079.1271029,1.0,3.0,-32.0
1776886079.1371028,1.0,0.0,-32.0
1776886079.1471028,1.0,2.0,-36.0
1776886079.1571028,0.0,4.0,-41.0
1776886079.1671028,4.0,1.0,-39.0
1776886079.1771028,0.0,-3.0,-40.0
1776886079.1871028,0.0,-5.0,-35.0
1776886079.1971028,0.0,0.0,-32.0
1776886079.2071028,-5.0,-3.0,-32.0
1776886079.2171028,-6.0,0.0,-35.0
1776886079.2271028,1.0,0.0,-36.0
1776886079.2371027,4.0,1.0,-32.0
1776886079.2471027,2.0,1.0,-33.0
1776886079.2571027,1.0,0.0,-44.0
1776886079.2671027,4.0,-2.0,-42.0
1776886079.2771027,3.0,-4.0,-45.0
1776886079.2871027,-2.0,1.0,-46.0
1776886079.2971027,-4.0,-2.0,-49.0
1776886079.307103,-6.0,-2.0,-52.0
1776886079.317103,-4.0,-5.0,-51.0
1776886079.327103,-3.0,-1.0,-49.0
1776886079.337103,0.0,-3.0,-43.0
1776886079.3471026,0.0,-2.0,-41.0
1776886079.3571026,1.0,-5.0,-41.0
1776886079.3671026,2.0,-2.0,-45.0
1776886079.3771029,-2.0,1.0,-45.0
1776886079.3871028,-2.0,3.0,-46.0
1776886079.3971028,0.0,2.0,-48.0
1776886079.4071028,5.0,0.0,-51.0
1776886079.4171028,5.0,1.0,-53.0
1776886079.4271028,1.0,1.0,-45.0
1776886079.4371028,-1.0,1.0,-35.0
1776886079.4471028,2.0,0.0,-37.0
1776886079.4571028,4.0,0.0,-35.0
1776886079.4671028,7.0,-1.0,-32.0
1776886079.4771028,5.0,-3.0,-33.0
1776886079.4871027,0.0,-1.0,-38.0
1776886079.4971027,0.0,-1.0,-50.0
1776886079.5071027,-2.0,-2.0,-47.0
1776886079.5171027,-3.0,-1.0,-45.0
1776886079.5271027,0.0,-1.0,-43.0
1776886079.5371027,1.0,-1.0,-39.0
1776886079.5471027,0.0,-5.0,-49.0
1776886079.557103,0.0,-5.0,-51.0
1776886079.567103,-1.0,-3.0,-42.0
1776886079.577103,-3.0,-7.0,-43.0
1776886079.587103,-3.0,-9.0,-43.0
1776886079.5971026,3.0,-6.0,-46.0
1776886079.6071026,5.0,-6.0,-50.0
1776886079.6171026,2.0,-1.0,-49.0
1776886079.6271029,2.0,-3.0,-47.0
1776886079.6371028,5.0,-3.0,-43.0
1776886079.6471028,6.0,-2.0,-47.0
1776886079.6571028,7.0,-2.0,-46.0
1776886079.6671028,3.0,-5.0,-49.0
1776886079.6771028,4.0,-1.0,-46.0
1776886079.6871028,1.0,3.0,-40.0
1776886079.6971028,0.0,6.0,-36.0
1776886079.7071028,-2.0,8.0,-34.0
1776886079.7171028,-10.0,4.0,-35.0
1776886079.7271028,-8.0,6.0,-43.0
1776886079.7371027,-8.0,0.0,-46.0
1776886079.7471027,-4.0,0.0,-48.0
1776886079.7571027,-6.0,1.0,-44.0
1776886079.7671027,-3.0,4.0,-38.0
1776886079.7771027,-1.0,5.0,-39.0
1776886079.7871027,-6.0,2.0,-37.0
1776886079.7971027,-8.0,3.0,-38.0
1776886079.807103,-9.0,2.0,-40.0
1776886079.817103,-4.0,-2.0,-35.0
1776886079.827103,-4.0,2.0,-36.0
1776886079.837103,-3.0,0.0,-39.0
1776886079.8471026,-2.0,0.0,-38.0
1776886079.8571026,0.0,1.0,-42.0
1776886079.8671026,2.0,3.0,-46.0
1776886079.8771029,5.0,0.0,-44.0
1776886079.8871028,6.0,-3.0,-41.0
1776886079.8971028,4.0,-6.0,-41.0
1776886079.9071028,3.0,-5.0,-42.0
1776886079.9171028,7.0,0.0,-47.0
1776886079.9271028,6.0,0.0,-41.0
1776886079.9371028,9.0,0.0,-41.0
1776886079.9471028,12.0,0.0,-37.0
1776886079.9571028,4.0,-1.0,-35.0
1776886079.9671028,2.0,0.0,-38.0
1776886079.9771028,2.0,3.0,-34.0
1776886079.9871027,1.0,7.0,-35.0
1776886079.9971027,0.0,7.0,-43.0
1776886080.0071027,7.0,6.0,-42.0
1776886080.0171027,8.0,4.0,-45.0
1776886080.0271027,2.0,3.0,-44.0
1776886080.0371027,3.0,5.0,-52.0
1776886080.0471027,7.0,4.0,-56.0
1776886080.057103,11.0,4.0,-52.0
1776886080.067103,10.0,2.0,-50.0
1776886080.077103,10.0,-1.0,-49.0
1776886080.087103,10.0,-3.0,-40.0
1776886080.0971026,7.0,-4.0,-43.0
1776886080.1071026,5.0,0.0,-41.0
1776886080.1171026,4.0,0.0,-44.0
1776886080.1271029,1.0,3.0,-45.0
1776886080.1371028,0.0,1.0,-47.0
1776886080.1471028,0.0,0.0,-42.0
1776886080.1571028,-1.0,1.0,-35.0
1776886080.1671028,-1.0,0.0,-36.0
1776886080.1771028,-3.0,-1.0,-39.0
1776886080.1871028,-4.0,0.0,-38.0
1776886080.1971028,-8.0,0.0,-48.0
1776886080.2071028,-3.0,-1.0,-46.0
1776886080.2171028,1.0,-2.0,-45.0
1776886080.2271028,-1.0,-5.0,-41.0
1776886080.2371027,-2.0,-1.0,-38.0
1776886080.2471027,-2.0,-1.0,-36.0
1776886080.2571027,0.0,-2.0,-36.0
1776886080.2671027,2.0,-4.0,-29.0
1776886080.2771027,2.0,-5.0,-34.0
1776886080.2871027,2.0,-2.0,-36.0
1776886080.2971027,1.0,0.0,-36.0
1776886080.307103,1.0,-3.0,-39.0
1776886080.317103,-2.0,-2.0,-39.0
1776886080.327103,3.0,-4.0,-45.0
1776886080.337103,5.0,-2.0,-45.0
1776886080.3471026,6.0,-1.0,-39.0
1776886080.3571026,6.0,-5.0,-34.0
1776886080.3671026,3.0,-2.0,-33.0
1776886080.3771029,0.0,-5.0,-36.0
1776886080.3871028,2.0,-6.0,-35.0
1776886080.3971028,0.0,-5.0,-32.0
1776886080.4071028,0.0,-4.0,-37.0
1776886080.4171028,1.0,-3.0,-34.0
1776886080.4271028,4.0,-5.0,-35.0
1776886080.4371028,3.0,-7.0,-40.0
1776886080.4471028,3.0,-5.0,-44.0
1776886080.4571028,0.0,-5.0,-45.0
1776886080.4681027,0.0,-5.0,-49.0
1776886080.4781027,0.0,-5.0,-45.0
1776886080.488103,1.0,-8.0,-43.0
1776886080.498103,0.0,-1.0,-43.0
1776886080.508103,3.0,0.0,-41.0
1776886080.5181026,3.0,2.0,-42.0
1776886080.5281026,6.0,-3.0,-40.0
1776886080.5381026,5.0,-2.0,-44.0
1776886080.5481029,7.0,1.0,-44.0
1776886080.5581028,8.0,1.0,-45.0
1776886080.5681028,2.0,0.0,-40.0
1776886080.5781028,2.0,4.0,-36.0
1776886080.5881028,0.0,2.0,-36.0
1776886080.5981028,1.0,0.0,-41.0
1776886080.6081028,5.0,0.0,-41.0
1776886080.6181028,1.0,-1.0,-43.0
1776886080.6281028,0.0,-2.0,-43.0
1776886080.6381028,0.0,2.0,-44.0
1776886080.6481028,-4.0,3.0,-42.0
1776886080.6581028,0.0,2.0,-37.0
1776886080.6681027,-2.0,0.0,-41.0
1776886080.6781027,-2.0,0.0,-45.0
1776886080.6881027,-2.0,0.0,-46.0
1776886080.6981027,-2.0,1.0,-43.0
1776886080.7081027,-3.0,1.0,-43.0
1776886080.7181027,1.0,2.0,-46.0
1776886080.7281027,0.0,-1.0,-51.0
1776886080.738103,0.0,-3.0,-55.0
1776886080.748103,0.0,-6.0,-59.0
1776886080.758103,-2.0,-4.0,-53.0
1776886080.7681026,0.0,-1.0,-42.0
1776886080.7781026,2.0,-1.0,-54.0
1776886080.7881026,0.0,1.0,-50.0
1776886080.7981029,4.0,1.0,-47.0
1776886080.8081028,3.0,-2.0,-45.0
1776886080.8181028,1.0,-3.0,-42.0
1776886080.8281028,-3.0,0.0,-39.0
1776886080.8381028,-4.0,0.0,-39.0
1776886080.8481028,0.0,0.0,-43.0
1776886080.8581028,0.0,1.0,-38.0
1776886080.8681028,1.0,2.0,-40.0
1776886080.8781028,0.0,0.0,-32.0
1776886080.8881028,0.0,-1.0,-31.0
1776886080.8981028,1.0,-3.0,-29.0
1776886080.9081028,-2.0,-4.0,-26.0
1776886080.9181027,0.0,-1.0,-30.0
1776886080.9281027,-6.0,1.0,-30.0
1776886080.9381027,-6.0,0.0,-34.0
1776886080.9481027,-6.0,-2.0,-38.0
1776886080.9581027,0.0,-1.0,-42.0
1776886080.9681027,-1.0,-3.0,-37.0
1776886080.9781027,-1.0,-2.0,-30.0
1776886080.988103,0.0,-3.0,-34.0
1776886080.998103,0.0,-4.0,-32.0
1776886081.008103,3.0,-2.0,-32.0
1776886081.0181026,5.0,-5.0,-36.0
1776886081.0281026,2.0,-3.0,-36.0
1776886081.0381026,7.0,-4.0,-40.0
1776886081.0481029,7.0,-6.0,-44.0
1776886081.0581028,5.0,-5.0,-48.0
1776886081.0681028,6.0,-7.0,-44.0
1776886081.0781028,4.0,-4.0,-47.0
1776886081.0881028,2.0,-5.0,-44.0
1776886081.0981028,0.0,-2.0,-49.0
1776886081.1081028,0.0,0.0,-42.0
1776886081.1181028,0.0,2.0,-43.0
1776886081.1281028,1.0,3.0,-39.0
1776886081.1381028,1.0,1.0,-39.0
1776886081.1481028,-2.0,-1.0,-39.0
1776886081.1581028,-3.0,2.0,-41.0
1776886081.1681027,-1.0,0.0,-42.0
1776886081.1781027,-3.0,-1.0,-41.0
1776886081.1881027,1.0,-2.0,-41.0
1776886081.1981027,4.0,1.0,-44.0
1776886081.2081027,5.0,1.0,-45.0
1776886081.2181027,3.0,0.0,-49.0
1776886081.2281027,6.0,-2.0,-44.0
1776886081.238103,8.0,-4.0,-43.0
1776886081.248103,7.0,0.0,-48.0
1776886081.258103,4.0,-5.0,-40.0
1776886081.2681026,6.0,-6.0,-40.0
1776886081.2781026,9.0,-4.0,-39.0
1776886081.2881026,8.0,-2.0,-38.0
1776886081.2981029,5.0,-1.0,-28.0
1776886081.3081028,2.0,0.0,-21.0
1776886081.3181028,4.0,3.0,-25.0
1776886081.3281028,6.0,3.0,-27.0
1776886081.3381028,7.0,2.0,-26.0
1776886081.3481028,4.0,-2.0,-25.0
1776886081.3581028,9.0,1.0,-22.0
1776886081.3681028,7.0,0.0,-20.0
1776886081.3781028,1.0,-2.0,-27.0
1776886081.3881028,0.0,-2.0,-27.0
1776886081.3981028,3.0,-2.0,-37.0
1776886081.4081028,4.0,-5.0,-34.0
1776886081.4181027,5.0,-9.0,-31.0
1776886081.4281027,6.0,-5.0,-39.0
1776886081.4381027,5.0,-3.0,-38.0
1776886081.4481027,4.0,-3.0,-31.0
1776886081.4581027,4.0,-6.0,-36.0
1776886081.4681027,1.0,-6.0,-32.0
1776886081.4781027,-1.0,-3.0,-38.0
1776886081.488103,-3.0,-2.0,-37.0
1776886081.498103,-1.0,-3.0,-37.0
1776886081.508103,2.0,0.0,-39.0
1776886081.5181026,-1.0,-5.0,-41.0
1776886081.5281026,-3.0,-6.0,-41.0
1776886081.5381026,-2.0,-6.0,-44.0
1776886081.5481029,-3.0,-6.0,-44.0
1776886081.5581028,0.0,-2.0,-46.0
1776886081.5681028,2.0,-3.0,-49.0
1776886081.5781028,1.0,-4.0,-44.0
1776886081.5881028,0.0,-8.0,-49.0
1776886081.5981028,-3.0,-9.0,-53.0
1776886081.6081028,0.0,-9.0,-48.0
1776886081.6181028,0.0,-6.0,-45.0
1776886081.6281028,-2.0,-2.0,-46.0
1776886081.6381028,-6.0,0.0,-47.0
1776886081.6481028,-6.0,-1.0,-46.0
1776886081.6581028,-9.0,-3.0,-48.0
1776886081.6681027,-7.0,-1.0,-49.0
1776886081.6781027,0.0,0.0,-46.0
1776886081.6881027,0.0,-4.0,-48.0
1776886081.6981027,0.0,-1.0,-46.0
1776886081.7081027,0.0,-3.0,-40.0
1776886081.7181027,0.0,-3.0,-39.0
1776886081.7281027,-2.0,-3.0,-37.0
1776886081.738103,-1.0,-3.0,-39.0
1776886081.748103,-2.0,-1.0,-41.0
1776886081.758103,-3.0,-3.0,-42.0
1776886081.7681026,-4.0,-4.0,-52.0
1776886081.7781026,-2.0,-3.0,-48.0
1776886081.7881026,0.0,-1.0,-45.0
1776886081.7981029,1.0,-3.0,-46.0
1776886081.8081028,4.0,-8.0,-45.0
1776886081.8181028,3.0,-6.0,-41.0
1776886081.8281028,5.0,-8.0,-36.0
1776886081.8381028,5.0,-8.0,-29.0
1776886081.8481028,2.0,-4.0,-32.0
1776886081.8581028,3.0,-4.0,-36.0
1776886081.8681028,0.0,-3.0,-32.0
1776886081.8781028,1.0,-4.0,-33.0
1776886081.8881028,3.0,-5.0,-34.0
1776886081.8981028,8.0,-8.0,-32.0
1776886081.9081028,5.0,-6.0,-40.0
1776886081.9181027,2.0,-7.0,-47.0
1776886081.9281027,2.0,-6.0,-45.0
1776886081.9381027,2.0,-1.0,-39.0
1776886081.9481027,4.0,-3.0,-39.0
1776886081.9581027,5.0,-3.0,-38.0
1776886081.9681027,5.0,-4.0,-33.0
1776886081.9781027,0.0,0.0,-40.0
1776886081.988103,1.0,2.0,-40.0
1776886081.998103,5.0,1.0,-41.0
1776886082.008103,4.0,-2.0,-47.0
1776886082.0181026,3.0,0.0,-46.0
1776886082.0281026,1.0,0.0,-49.0
1776886082.0381026,1.0,0.0,-49.0
1776886082.0481029,1.0,0.0,-40.0
1776886082.0581028,1.0,5.0,-34.0
1776886082.0681028,1.0,3.0,-31.0
1776886082.0781028,0.0,0.0,-28.0
1776886082.0881028,1.0,2.0,-34.0
1776886082.0981028,-3.0,4.0,-35.0
1776886082.1081028,-7.0,4.0,-37.0
1776886082.1181028,-9.0,5.0,-39.0
1776886082.1281028,-10.0,6.0,-36.0
1776886082.1381028,-6.0,4.0,-30.0
1776886082.1481028,-6.0,5.0,-35.0
1776886082.1581028,-9.0,0.0,-36.0
1776886082.1681027,-7.0,0.0,-41.0
1776886082.1781027,-4.0,-1.0,-38.0
1776886082.1881027,0.0,-1.0,-38.0
1776886082.1981027,1.0,3.0,-34.0
1776886082.2081027,-1.0,4.0,-36.0
1776886082.2181027,2.0,2.0,-36.0
1776886082.2281027,0.0,3.0,-38.0
1776886082.238103,-1.0,3.0,-40.0
1776886082.248103,2.0,1.0,-48.0
1776886082.258103,7.0,0.0,-46.0
1776886082.2681026,8.0,-1.0,-51.0
1776886082.2781026,10.0,-2.0,-40.0
1776886082.2881026,10.0,-1.0,-35.0
1776886082.2981029,8.0,-2.0,-29.0
1776886082.3081028,7.0,-4.0,-26.0
1776886082.3181028,6.0,-2.0,-31.0
1776886082.3281028,7.0,-5.0,-26.0
1776886082.3381028,6.0,-8.0,-31.0
1776886082.3481028,6.0,-7.0,-33.0
1776886082.3581028,5.0,-1.0,-34.0
1776886082.3681028,1.0,0.0,-40.0
1776886082.3781028,3.0,-1.0,-42.0
1776886082.3881028,1.0,1.0,-42.0
1776886082.3981028,1.0,1.0,-43.0
1776886082.4081028,-1.0,0.0,-39.0
1776886082.4181027,0.0,0.0,-39.0
1776886082.4281027,-1.0,-2.0,-43.0
1776886082.4381027,1.0,-2.0,-48.0
1776886082.4481027,0.0,-3.0,-54.0
1776886082.4581027,2.0,-2.0,-54.0
1776886082.4691026,2.0,-3.0,-57.0
1776886082.4791028,1.0,-5.0,-55.0
1776886082.4891028,2.0,-5.0,-50.0
1776886082.4991028,0.0,-9.0,-49.0
1776886082.5091028,3.0,-3.0,-41.0
1776886082.5191028,0.0,-2.0,-43.0
1776886082.5291028,0.0,-4.0,-39.0
1776886082.5391028,0.0,-5.0,-34.0
1776886082.5491028,-5.0,-3.0,-30.0
1776886082.5591028,-2.0,-2.0,-34.0
1776886082.5691028,2.0,0.0,-36.0
1776886082.5791028,4.0,4.0,-41.0
1776886082.5891027,3.0,2.0,-35.0
1776886082.5991027,5.0,0.0,-31.0
1776886082.6091027,4.0,3.0,-34.0
1776886082.6191027,2.0,-1.0,-41.0
1776886082.6291027,0.0,0.0,-49.0
1776886082.6391027,2.0,0.0,-49.0
1776886082.6491027,3.0,0.0,-49.0
1776886082.659103,5.0,4.0,-47.0
1776886082.669103,6.0,5.0,-46.0
1776886082.679103,8.0,4.0,-52.0
1776886082.6891026,6.0,3.0,-49.0
1776886082.6991026,4.0,0.0,-42.0
1776886082.7091026,1.0,-2.0,-36.0
1776886082.7191026,3.0,-4.0,-38.0
1776886082.7291028,1.0,-6.0,-44.0
1776886082.7391028,0.0,-7.0,-39.0
1776886082.7491028,0.0,-8.0,-37.0
1776886082.7591028,0.0,-7.0,-37.0
1776886082.7691028,-4.0,-4.0,-33.0
1776886082.7791028,-7.0,-5.0,-35.0
1776886082.7891028,-10.0,0.0,-34.0
1776886082.7991028,-3.0,1.0,-37.0
1776886082.8091028,0.0,2.0,-33.0
1776886082.8191028,3.0,0.0,-45.0
1776886082.8291028,2.0,3.0,-45.0
1776886082.8391027,2.0,5.0,-40.0
1776886082.8491027,1.0,5.0,-36.0
1776886082.8591027,1.0,9.0,-38.0
1776886082.8691027,2.0,11.0,-43.0
1776886082.8791027,0.0,13.0,-43.0
1776886082.8891027,4.0,10.0,-35.0
1776886082.8991027,0.0,8.0,-39.0
1776886082.909103,0.0,1.0,-34.0
1776886082.919103,-2.0,-3.0,-34.0
1776886082.929103,-4.0,-1.0,-29.0
1776886082.9391026,-2.0,1.0,-26.0
1776886082.9491026,2.0,0.0,-28.0
1776886082.9591026,3.0,-1.0,-31.0
1776886082.9691026,4.0,0.0,-34.0
1776886082.9791028,0.0,0.0,-34.0
1776886082.9891028,1.0,0.0,-40.0
1776886082.9991028,5.0,0.0,-43.0
1776886083.0091028,3.0,0.0,-42.0
1776886083.0191028,4.0,-1.0,-43.0
1776886083.0291028,4.0,1.0,-37.0
1776886083.0391028,5.0,1.0,-44.0
1776886083.0491028,7.0,0.0,-37.0
1776886083.0591028,2.0,1.0,-41.0
1776886083.0691028,4.0,0.0,-39.0
1776886083.0791028,1.0,-6.0,-44.0
1776886083.0891027,2.0,-9.0,-49.0
1776886083.0991027,3.0,-10.0,-45.0
1776886083.1091027,4.0,-4.0,-37.0
1776886083.1191027,7.0,-2.0,-32.0
1776886083.1291027,5.0,-1.0,-36.0
1776886083.1391027,7.0,0.0,-39.0
1776886083.1491027,12.0,-2.0,-37.0
1776886083.159103,12.0,-3.0,-35.0
1776886083.169103,14.0,-3.0,-30.0
1776886083.179103,12.0,-2.0,-33.0
1776886083.1891026,8.0,-3.0,-40.0
1776886083.1991026,4.0,-4.0,-45.0
1776886083.2091026,2.0,-2.0,-47.0
1776886083.2191026,7.0,-1.0,-46.0
1776886083.2291028,9.0,-5.0,-43.0
1776886083.2391028,5.0,-5.0,-47.0
1776886083.2491028,-2.0,-6.0,-51.0
1776886083.2591028,-3.0,-8.0,-51.0
1776886083.2691028,-5.0,-6.0,-49.0
1776886083.2791028,-5.0,-3.0,-46.0
1776886083.2891028,-2.0,-5.0,-46.0
1776886083.2991028,4.0,-2.0,-37.0
1776886083.3091028,10.0,-1.0,-26.0
1776886083.3191028,7.0,-3.0,-29.0
1776886083.3291028,6.0,-2.0,-36.0
1776886083.3391027,3.0,-7.0,-29.0
1776886083.3491027,5.0,-6.0,-27.0
1776886083.3591027,4.0,-5.0,-26.0
1776886083.3691027,-1.0,-6.0,-30.0
1776886083.3791027,-3.0,-4.0,-32.0
1776886083.3891027,-1.0,-6.0,-28.0
1776886083.3991027,3.0,-7.0,-31.0
1776886083.409103,1.0,-7.0,-31.0
1776886083.419103,1.0,-6.0,-32.0
1776886083.429103,0.0,-6.0,-32.0
1776886083.4391026,0.0,-6.0,-31.0
1776886083.4491026,0.0,-3.0,-35.0
1776886083.4591026,-1.0,-3.0,-36.0
1776886083.4691026,1.0,-5.0,-35.0
1776886083.4791028,0.0,-6.0,-37.0
1776886083.4891028,2.0,-4.0,-42.0
1776886083.4991028,0.0,-3.0,-40.0
1776886083.5091028,2.0,0.0,-37.0
1776886083.5191028,3.0,0.0,-44.0
1776886083.5291028,0.0,3.0,-43.0
1776886083.5391028,2.0,5.0,-44.0
1776886083.5491028,4.0,3.0,-43.0
1776886083.5591028,2.0,-2.0,-42.0
1776886083.5691028,4.0,-2.0,-50.0
1776886083.5791028,0.0,-4.0,-49.0
1776886083.5891027,5.0,-4.0,-44.0
1776886083.5991027,2.0,-3.0,-44.0
1776886083.6091027,3.0,-3.0,-41.0
1776886083.6191027,4.0,-2.0,-42.0
1776886083.6291027,6.0,-4.0,-43.0
1776886083.6391027,0.0,-4.0,-39.0
1776886083.6491027,0.0,-3.0,-42.0
1776886083.659103,0.0,-4.0,-43.0
1776886083.669103,2.0,-6.0,-39.0
1776886083.679103,6.0,-5.0,-33.0
1776886083.6891026,8.0,-4.0,-35.0
1776886083.6991026,6.0,-6.0,-37.0
1776886083.7091026,3.0,-3.0,-44.0
1776886083.7191026,1.0,-5.0,-48.0
1776886083.7291028,-1.0,0.0,-45.0
1776886083.7391028,2.0,1.0,-39.0
1776886083.7491028,0.0,-3.0,-40.0
1776886083.7591028,-2.0,-3.0,-32.0
1776886083.7691028,-2.0,-4.0,-37.0
1776886083.7791028,0.0,-3.0,-38.0
1776886083.7891028,2.0,-2.0,-44.0
1776886083.7991028,6.0,-1.0,-42.0
1776886083.8091028,9.0,0.0,-38.0
1776886083.8191028,6.0,-1.0,-36.0
1776886083.8291028,1.0,-5.0,-30.0
1776886083.8391027,0.0,0.0,-33.0
1776886083.8491027,-3.0,0.0,-30.0
1776886083.8591027,-2.0,2.0,-32.0
1776886083.8691027,-1.0,0.0,-32.0
1776886083.8791027,-2.0,0.0,-28.0
1776886083.8891027,-8.0,0.0,-31.0
1776886083.8991027,-9.0,-2.0,-29.0
1776886083.909103,-10.0,1.0,-35.0
1776886083.919103,-8.0,-2.0,-43.0
1776886083.929103,-4.0,-2.0,-43.0
1776886083.9391026,0.0,-5.0,-43.0
1776886083.9491026,0.0,-4.0,-45.0
1776886083.9591026,3.0,-4.0,-48.0
1776886083.9691026,3.0,-5.0,-47.0
1776886083.9791028,0.0,-5.0,-47.0
1776886083.9891028,-1.0,-3.0,-49.0
1776886083.9991028,0.0,-2.0,-55.0
1776886084.0091028,0.0,0.0,-50.0
1776886084.0191028,0.0,2.0,-45.0
1776886084.0291028,-1.0,3.0,-40.0
1776886084.0391028,-1.0,9.0,-30.0
1776886084.0491028,-4.0,8.0,-28.0
1776886084.0591028,-1.0,8.0,-29.0
1776886084.0691028,0.0,2.0,-27.0
1776886084.0791028,0.0,0.0,-29.0
1776886084.0891027,2.0,3.0,-30.0
1776886084.0991027,2.0,3.0,-32.0
1776886084.1091027,1.0,-1.0,-33.0
1776886084.1191027,-1.0,-2.0,-27.0
1776886084.1291027,-2.0,0.0,-31.0
1776886084.1391027,-4.0,2.0,-22.0
1776886084.1491027,-6.0,2.0,-29.0
1776886084.159103,-3.0,-3.0,-38.0
1776886084.169103,0.0,0.0,-38.0
1776886084.179103,1.0,0.0,-36.0
1776886084.1891026,4.0,1.0,-40.0
1776886084.1991026,3.0,1.0,-38.0
1776886084.2091026,2.0,1.0,-37.0
1776886084.2191026,0.0,1.0,-42.0
1776886084.2291028,2.0,5.0,-40.0
1776886084.2391028,4.0,3.0,-38.0
1776886084.2491028,5.0,0.0,-40.0
1776886084.2591028,0.0,-3.0,-45.0
1776886084.2691028,1.0,-6.0,-46.0
1776886084.2791028,5.0,-7.0,-45.0
1776886084.2891028,5.0,-5.0,-51.0
1776886084.2991028,4.0,-5.0,-52.0
1776886084.3091028,3.0,-2.0,-48.0
1776886084.3191028,7.0,-2.0,-50.0
1776886084.3291028,6.0,-2.0,-44.0
1776886084.3391027,3.0,0.0,-40.0
1776886084.3491027,4.0,0.0,-43.0
1776886084.3591027,1.0,-1.0,-35.0
1776886084.3691027,3.0,1.0,-34.0
1776886084.3791027,0.0,-2.0,-33.0
1776886084.3891027,-3.0,-5.0,-34.0
1776886084.3991027,-7.0,-2.0,-38.0
1776886084.409103,-5.0,-1.0,-39.0
1776886084.419103,-6.0,-1.0,-34.0
1776886084.429103,-5.0,-1.0,-31.0
1776886084.4391026,-5.0,-1.0,-35.0
1776886084.4501028,-5.0,1.0,-42.0
1776886084.4601028,-10.0,0.0,-44.0
1776886084.4701028,-12.0,0.0,-45.0
1776886084.4791028,-9.0,3.0,-47.0
1776886084.4901028,-5.0,2.0,-36.0
1776886084.5001028,-5.0,2.0,-38.0
1776886084.5101027,-2.0,-2.0,-42.0
1776886084.5201027,-2.0,-4.0,-43.0
1776886084.5301027,1.0,-4.0,-46.0
1776886084.5401027,1.0,-5.0,-43.0
1776886084.5501027,4.0,-1.0,-48.0
1776886084.5601027,-2.0,-1.0,-43.0
1776886084.5701027,-4.0,0.0,-44.0
1776886084.5801027,-3.0,2.0,-47.0
1776886084.590103,0.0,5.0,-43.0
1776886084.600103,-1.0,5.0,-39.0
1776886084.610103,0.0,1.0,-35.0
1776886084.6201026,0.0,0.0,-37.0
1776886084.6301026,-1.0,-2.0,-35.0
1776886084.6401026,-1.0,-3.0,-35.0
1776886084.6501029,2.0,-5.0,-42.0
1776886084.6601028,1.0,-6.0,-45.0
1776886084.6701028,4.0,-8.0,-42.0
1776886084.6801028,1.0,-6.0,-49.0
1776886084.6901028,0.0,-6.0,-46.0
1776886084.7001028,-2.0,-5.0,-44.0
1776886084.7101028,-2.0,-1.0,-39.0
1776886084.7201028,0.0,-6.0,-41.0
1776886084.7301028,0.0,-6.0,-43.0
1776886084.7401028,2.0,-4.0,-47.0
1776886084.7501028,4.0,-3.0,-44.0
1776886084.7601027,2.0,0.0,-41.0
1776886084.7701027,1.0,0.0,-44.0
1776886084.7801027,0.0,0.0,-40.0
1776886084.7901027,-1.0,1.0,-47.0
1776886084.8001027,-4.0,2.0,-49.0
1776886084.8101027,0.0,1.0,-38.0
1776886084.8201027,0.0,1.0,-40.0
1776886084.8301027,0.0,-2.0,-36.0
1776886084.840103,0.0,0.0,-39.0
1776886084.850103,4.0,-5.0,-43.0
1776886084.860103,7.0,-5.0,-49.0
1776886084.8701026,9.0,-5.0,-46.0
1776886084.8801026,9.0,-5.0,-39.0
1776886084.8901026,6.0,-3.0,-39.0
1776886084.9001029,1.0,-4.0,-43.0
1776886084.9101028,3.0,-1.0,-49.0
1776886084.9201028,6.0,-1.0,-46.0
1776886084.9301028,4.0,-2.0,-51.0
1776886084.9401028,2.0,-3.0,-57.0
1776886084.9501028,1.0,-8.0,-53.0
1776886084.9601028,1.0,-5.0,-48.0
1776886084.9701028,1.0,-8.0,-39.0
1776886084.9801028,0.0,-6.0,-40.0
1776886084.9901028,0.0,-7.0,-42.0
1776886085.0001028,0.0,-6.0,-42.0
1776886085.0101027,0.0,-3.0,-36.0
1776886085.0201027,2.0,-2.0,-40.0
1776886085.0301027,2.0,0.0,-46.0
1776886085.0401027,6.0,-1.0,-48.0
1776886085.0501027,6.0,-1.0,-50.0
1776886085.0601027,5.0,0.0,-44.0
1776886085.0701027,0.0,5.0,-41.0
1776886085.0801027,0.0,-2.0,-41.0
1776886085.090103,3.0,-1.0,-26.0
1776886085.100103,5.0,0.0,-34.0
1776886085.110103,1.0,-2.0,-37.0
1776886085.1201026,2.0,0.0,-44.0
1776886085.1301026,3.0,-2.0,-46.0
1776886085.1401026,2.0,-5.0,-51.0
1776886085.1501029,-1.0,-7.0,-43.0
1776886085.1601028,-2.0,-6.0,-55.0
1776886085.1701028,0.0,-5.0,-49.0
1776886085.1801028,2.0,-7.0,-40.0
1776886085.1901028,3.0,-8.0,-43.0
1776886085.2001028,0.0,-4.0,-47.0
1776886085.2101028,-1.0,-3.0,-49.0
1776886085.2201028,-3.0,-1.0,-46.0
1776886085.2301028,-3.0,0.0,-45.0
1776886085.2401028,-1.0,-1.0,-44.0
1776886085.2501028,0.0,-5.0,-43.0
1776886085.2601027,2.0,-3.0,-43.0
1776886085.2701027,1.0,-4.0,-46.0
1776886085.2801027,0.0,-5.0,-41.0
1776886085.2901027,2.0,-7.0,-40.0
1776886085.3001027,1.0,-5.0,-47.0
1776886085.3101027,0.0,-2.0,-51.0
1776886085.3201027,-7.0,-3.0,-49.0
1776886085.3301027,-8.0,-4.0,-46.0
1776886085.340103,-2.0,-3.0,-40.0
1776886085.350103,-6.0,-6.0,-39.0
1776886085.360103,-8.0,-4.0,-42.0
1776886085.3701026,-5.0,-2.0,-46.0
1776886085.3801026,-2.0,-4.0,-46.0
1776886085.3901026,0.0,-6.0,-47.0
1776886085.4001029,-1.0,-7.0,-45.0
1776886085.4101028,1.0,-2.0,-43.0
1776886085.4201028,0.0,-3.0,-42.0
1776886085.4301028,3.0,-1.0,-44.0
1776886085.4401028,1.0,-1.0,-41.0
1776886085.4501028,-2.0,1.0,-40.0
1776886085.4601028,-2.0,-1.0,-33.0
1776886085.4701028,-2.0,3.0,-35.0
1776886085.4801028,-2.0,0.0,-37.0
1776886085.4901028,-3.0,0.0,-26.0
1776886085.5001028,-1.0,3.0,-28.0
1776886085.5101027,-5.0,1.0,-37.0
1776886085.5201027,-1.0,0.0,-45.0
1776886085.5301027,0.0,3.0,-40.0
1776886085.5401027,1.0,3.0,-41.0
1776886085.5501027,3.0,3.0,-50.0
1776886085.5601027,1.0,0.0,-39.0
1776886085.5701027,0.0,-1.0,-41.0
1776886085.5801027,-1.0,-1.0,-39.0
1776886085.590103,1.0,0.0,-38.0
1776886085.600103,7.0,2.0,-28.0
1776886085.610103,5.0,1.0,-33.0
1776886085.6201026,8.0,1.0,-32.0
1776886085.6301026,7.0,-3.0,-36.0
1776886085.6401026,3.0,-5.0,-29.0
1776886085.6501029,2.0,-6.0,-34.0
1776886085.6601028,4.0,-5.0,-37.0
1776886085.6701028,10.0,-3.0,-41.0
1776886085.6801028,10.0,-1.0,-39.0
1776886085.6901028,7.0,-1.0,-40.0
1776886085.7001028,5.0,-1.0,-38.0
1776886085.7101028,4.0,0.0,-37.0
1776886085.7201028,0.0,0.0,-34.0
1776886085.7301028,2.0,0.0,-37.0
1776886085.7401028,2.0,-5.0,-34.0
1776886085.7501028,-1.0,-4.0,-36.0
1776886085.7601027,-1.0,-6.0,-35.0
1776886085.7701027,0.0,-2.0,-34.0
1776886085.7801027,-2.0,0.0,-36.0
1776886085.7901027,-2.0,-5.0,-38.0
1776886085.8001027,0.0,-2.0,-44.0
1776886085.8101027,-3.0,-1.0,-49.0
1776886085.8201027,-5.0,-1.0,-48.0
1776886085.8301027,-4.0,0.0,-44.0
1776886085.840103,-1.0,0.0,-43.0
1776886085.850103,0.0,-2.0,-43.0
1776886085.860103,1.0,-6.0,-49.0
1776886085.8701026,-2.0,-8.0,-49.0
1776886085.8801026,-3.0,-8.0,-45.0
1776886085.8901026,3.0,-10.0,-49.0
1776886085.9001029,-1.0,-12.0,-43.0
1776886085.9101028,2.0,-8.0,-42.0
1776886085.9201028,0.0,-10.0,-43.0
1776886085.9301028,-1.0,-8.0,-37.0
1776886085.9401028,0.0,-8.0,-37.0
1776886085.9501028,0.0,-8.0,-44.0
1776886085.9601028,5.0,-3.0,-46.0
1776886085.9701028,4.0,1.0,-43.0
1776886085.9801028,2.0,0.0,-39.0
1776886085.9901028,1.0,-2.0,-44.0
1776886086.0001028,2.0,0.0,-49.0
1776886086.0101027,0.0,-4.0,-51.0
1776886086.0201027,1.0,-3.0,-46.0
1776886086.0301027,0.0,-1.0,-50.0
1776886086.0401027,-5.0,2.0,-47.0
1776886086.0501027,-2.0,0.0,-46.0
1776886086.0601027,-1.0,0.0,-45.0
1776886086.0701027,0.0,0.0,-44.0
1776886086.0801027,1.0,-9.0,-40.0
1776886086.090103,0.0,-8.0,-40.0
1776886086.100103,1.0,-10.0,-43.0
1776886086.110103,5.0,-7.0,-42.0
1776886086.1201026,3.0,-9.0,-44.0
1776886086.1301026,0.0,-7.0,-45.0
1776886086.1401026,0.0,-6.0,-43.0
1776886086.1501029,0.0,-3.0,-48.0
1776886086.1601028,-2.0,-1.0,-47.0
1776886086.1701028,0.0,0.0,-52.0
1776886086.1801028,1.0,-3.0,-47.0
1776886086.1901028,3.0,-6.0,-44.0
1776886086.2001028,3.0,-4.0,-47.0
1776886086.2101028,1.0,-1.0,-48.0
1776886086.2201028,3.0,-2.0,-48.0
1776886086.2301028,3.0,-2.0,-47.0
1776886086.2401028,1.0,-4.0,-47.0
1776886086.2501028,-2.0,-7.0,-38.0
1776886086.2601027,2.0,-10.0,-40.0
1776886086.2701027,3.0,-12.0,-42.0
1776886086.2801027,-4.0,-14.0,-45.0
1776886086.2901027,-2.0,-14.0,-46.0
1776886086.3001027,-3.0,-8.0,-45.0
1776886086.3101027,1.0,-8.0,-43.0
1776886086.3201027,3.0,-9.0,-49.0
1776886086.3301027,6.0,-9.0,-48.0
1776886086.340103,1.0,-8.0,-50.0
1776886086.350103,0.0,-6.0,-50.0
1776886086.360103,0.0,-6.0,-49.0
1776886086.3701026,2.0,-3.0,-41.0
1776886086.3801026,0.0,0.0,-43.0
1776886086.3901026,1.0,1.0,-42.0
1776886086.4001029,1.0,1.0,-41.0
1776886086.4101028,4.0,0.0,-42.0
1776886086.4211028,2.0,0.0,-42.0
1776886086.4301028,4.0,0.0,-42.0
1776886086.4411027,9.0,-2.0,-33.0
1776886086.4511027,9.0,-2.0,-30.0
1776886086.4611027,7.0,-1.0,-32.0
1776886086.4711027,2.0,-4.0,-37.0
1776886086.4811027,0.0,-3.0,-43.0
1776886086.4911027,-4.0,0.0,-48.0
1776886086.5011027,0.0,5.0,-46.0
1776886086.511103,1.0,0.0,-41.0
1776886086.521103,0.0,-2.0,-35.0
1776886086.531103,0.0,-4.0,-35.0
1776886086.5411026,-1.0,-3.0,-39.0
1776886086.5511026,-4.0,-3.0,-43.0
1776886086.5611026,0.0,-1.0,-45.0
1776886086.5711029,-2.0,0.0,-44.0
1776886086.5811028,-2.0,0.0,-44.0
1776886086.5911028,3.0,-1.0,-38.0
1776886086.6011028,4.0,-3.0,-34.0
1776886086.6111028,4.0,-2.0,-34.0
1776886086.6211028,0.0,-6.0,-37.0
1776886086.6311028,1.0,-4.0,-43.0
1776886086.6411028,0.0,-5.0,-35.0
1776886086.6511028,1.0,-1.0,-31.0
1776886086.6611028,0.0,-4.0,-35.0
1776886086.6711028,-3.0,-6.0,-33.0
1776886086.6811028,-3.0,-7.0,-36.0
1776886086.6911027,3.0,-1.0,-33.0
1776886086.7011027,1.0,1.0,-36.0
1776886086.7111027,-1.0,-1.0,-31.0
1776886086.7211027,1.0,-6.0,-33.0
1776886086.7311027,5.0,-5.0,-32.0
1776886086.7411027,4.0,-3.0,-37.0
1776886086.7511027,5.0,-5.0,-37.0
1776886086.761103,5.0,-5.0,-41.0
1776886086.771103,3.0,-1.0,-44.0
1776886086.781103,-1.0,-1.0,-46.0
1776886086.7911026,-5.0,-3.0,-40.0
1776886086.8011026,-6.0,-4.0,-37.0
1776886086.8111026,-1.0,0.0,-30.0
1776886086.8211029,-3.0,0.0,-38.0
1776886086.8311028,-2.0,-2.0,-44.0
1776886086.8411028,0.0,1.0,-49.0
1776886086.8511028,3.0,3.0,-45.0
1776886086.8611028,0.0,-3.0,-48.0
1776886086.8711028,-5.0,-2.0,-50.0
1776886086.8811028,0.0,-1.0,-49.0
1776886086.8911028,-1.0,-5.0,-57.0
1776886086.9011028,-4.0,-6.0,-56.0
1776886086.9111028,0.0,-3.0,-49.0
1776886086.9211028,3.0,1.0,-49.0
1776886086.9311028,5.0,1.0,-40.0
1776886086.9411027,4.0,-1.0,-48.0
1776886086.9511027,6.0,-3.0,-47.0
1776886086.9611027,5.0,-4.0,-43.0
1776886086.9711027,2.0,-6.0,-40.0
1776886086.9811027,1.0,-1.0,-43.0
1776886086.9911027,1.0,0.0,-38.0
1776886087.0011027,1.0,1.0,-37.0
1776886087.011103,2.0,1.0,-36.0
1776886087.021103,0.0,0.0,-35.0
1776886087.031103,-1.0,3.0,-31.0
1776886087.0411026,-6.0,2.0,-32.0
1776886087.0511026,-5.0,-2.0,-39.0
1776886087.0611026,-3.0,-3.0,-39.0
1776886087.0711029,-1.0,-2.0,-39.0
1776886087.0811028,1.0,-2.0,-40.0
1776886087.0911028,-2.0,-5.0,-36.0
1776886087.1011028,3.0,-5.0,-43.0
1776886087.1111028,2.0,-9.0,-42.0
1776886087.1211028,1.0,-9.0,-47.0
1776886087.1311028,-2.0,-10.0,-47.0
1776886087.1411028,-5.0,-14.0,-48.0
1776886087.1511028,-5.0,-11.0,-51.0
1776886087.1611028,0.0,-7.0,-47.0
1776886087.1711028,-3.0,-2.0,-45.0
1776886087.1811028,-2.0,0.0,-44.0
1776886087.1911027,-4.0,4.0,-46.0
1776886087.2011027,-3.0,5.0,-41.0
1776886087.2111027,-2.0,3.0,-40.0
1776886087.2211027,-3.0,1.0,-37.0
1776886087.2311027,-9.0,4.0,-42.0
1776886087.2411027,-5.0,0.0,-41.0
1776886087.2511027,-8.0,0.0,-38.0
1776886087.261103,-8.0,-3.0,-37.0
1776886087.271103,-7.0,-1.0,-37.0
1776886087.281103,-9.0,-2.0,-38.0
1776886087.2911026,-15.0,0.0,-44.0
1776886087.3011026,-8.0,4.0,-40.0
1776886087.3111026,-6.0,2.0,-35.0
1776886087.3211029,-5.0,2.0,-32.0
1776886087.3311028,-5.0,4.0,-31.0
1776886087.3411028,0.0,2.0,-26.0
1776886087.3511028,-1.0,3.0,-27.0
1776886087.3611028,-1.0,3.0,-28.0
1776886087.3711028,-6.0,0.0,-38.0
1776886087.3811028,-6.0,0.0,-41.0
1776886087.3911028,-5.0,-1.0,-47.0
1776886087.4011028,-1.0,-6.0,-49.0
1776886087.4111028,0.0,-3.0,-47.0
1776886087.4211028,3.0,-2.0,-37.0
1776886087.4311028,0.0,-3.0,-42.0
1776886087.4411027,-4.0,-6.0,-47.0
1776886087.4511027,-6.0,-8.0,-41.0
1776886087.4611027,0.0,-1.0,-55.0
1776886087.4711027,0.0,2.0,-50.0
1776886087.4811027,1.0,-1.0,-48.0
1776886087.4911027,1.0,-1.0,-52.0
1776886087.5011027,3.0,-2.0,-52.0
1776886087.511103,0.0,-1.0,-51.0
1776886087.521103,3.0,1.0,-46.0
1776886087.531103,1.0,0.0,-44.0
1776886087.5411026,2.0,-2.0,-40.0
1776886087.5511026,5.0,-5.0,-44.0
1776886087.5611026,6.0,-1.0,-45.0
1776886087.5711029,2.0,0.0,-38.0
1776886087.5811028,2.0,-3.0,-37.0
1776886087.5911028,0.0,-4.0,-43.0
1776886087.6011028,2.0,-5.0,-44.0
1776886087.6111028,5.0,-3.0,-39.0
1776886087.6211028,2.0,-1.0,-37.0
1776886087.6311028,0.0,-3.0,-39.0
1776886087.6411028,0.0,-3.0,-45.0
1776886087.6511028,3.0,-2.0,-44.0
1776886087.6611028,4.0,-5.0,-41.0
1776886087.6711028,2.0,-4.0,-33.0
1776886087.6811028,0.0,-3.0,-32.0
1776886087.6911027,2.0,-2.0,-36.0
1776886087.7011027,4.0,-3.0,-37.0
1776886087.7111027,1.0,0.0,-38.0
1776886087.7211027,0.0,5.0,-42.0
1776886087.7311027,0.0,3.0,-36.0
1776886087.7411027,1.0,0.0,-32.0
1776886087.7511027,3.0,0.0,-35.0
1776886087.761103,5.0,-2.0,-40.0
1776886087.771103,-1.0,-6.0,-43.0
1776886087.781103,-2.0,-8.0,-41.0
1776886087.7911026,0.0,-7.0,-40.0
1776886087.8011026,-1.0,-8.0,-36.0
1776886087.8111026,-2.0,-3.0,-26.0
1776886087.8211029,-2.0,-4.0,-26.0
1776886087.8311028,-3.0,1.0,-30.0
1776886087.8411028,1.0,0.0,-32.0
1776886087.8511028,2.0,0.0,-30.0
1776886087.8611028,5.0,0.0,-35.0
1776886087.8711028,3.0,2.0,-32.0
1776886087.8811028,4.0,1.0,-36.0
1776886087.8911028,4.0,0.0,-38.0
1776886087.9011028,4.0,-2.0,-40.0
1776886087.9111028,0.0,-10.0,-43.0
1776886087.9211028,0.0,-8.0,-41.0
1776886087.9311028,0.0,-5.0,-40.0
1776886087.9411027,-1.0,-1.0,-38.0
1776886087.9511027,-1.0,-2.0,-42.0
1776886087.9611027,-1.0,-7.0,-41.0
1776886087.9711027,-5.0,-7.0,-37.0
1776886087.9811027,-5.0,-5.0,-37.0
1776886087.9911027,-4.0,-6.0,-43.0
1776886088.0011027,0.0,-2.0,-46.0
1776886088.011103,3.0,-4.0,-39.0
1776886088.021103,4.0,-4.0,-34.0
1776886088.031103,7.0,-5.0,-39.0
1776886088.0411026,1.0,-2.0,-38.0
1776886088.0511026,0.0,1.0,-34.0
1776886088.0611026,0.0,-3.0,-35.0
1776886088.0711029,-2.0,-2.0,-33.0
1776886088.0811028,0.0,0.0,-30.0
1776886088.0911028,-1.0,0.0,-34.0
1776886088.1011028,-1.0,-1.0,-40.0
1776886088.1111028,-2.0,1.0,-41.0
1776886088.1211028,-5.0,5.0,-44.0
1776886088.1311028,-1.0,4.0,-44.0
1776886088.1411028,0.0,4.0,-42.0
1776886088.1511028,2.0,4.0,-46.0
1776886088.1611028,4.0,3.0,-39.0
1776886088.1711028,2.0,4.0,-37.0
1776886088.1811028,0.0,5.0,-38.0
1776886088.1911027,-2.0,2.0,-45.0
1776886088.2011027,-2.0,1.0,-47.0
1776886088.2111027,-2.0,-2.0,-43.0
1776886088.2211027,-2.0,-2.0,-40.0
1776886088.2311027,-1.0,-2.0,-31.0
1776886088.2411027,2.0,-4.0,-30.0
1776886088.2511027,2.0,-5.0,-32.0
1776886088.261103,4.0,-6.0,-32.0
1776886088.271103,3.0,-5.0,-33.0
1776886088.281103,-1.0,-4.0,-34.0
1776886088.2911026,-2.0,-4.0,-35.0
1776886088.3011026,-7.0,-3.0,-26.0
1776886088.3111026,-6.0,-1.0,-33.0
1776886088.3211029,-4.0,-1.0,-28.0
1776886088.3311028,-5.0,-2.0,-27.0
1776886088.3411028,-4.0,-4.0,-27.0
1776886088.3511028,0.0,-4.0,-33.0
1776886088.3611028,3.0,-7.0,-34.0
1776886088.3711028,6.0,-7.0,-36.0
1776886088.3811028,6.0,-4.0,-34.0
1776886088.3911028,4.0,-3.0,-37.0
1776886088.4011028,0.0,-1.0,-40.0
1776886088.4111028,-4.0,1.0,-42.0
1776886088.4221027,0.0,1.0,-42.0
1776886088.432103,3.0,1.0,-54.0
1776886088.442103,1.0,0.0,-53.0
1776886088.452103,0.0,-1.0,-55.0
1776886088.462103,0.0,-2.0,-55.0
1776886088.4721026,-3.0,2.0,-56.0
1776886088.4821026,1.0,2.0,-53.0
1776886088.4921026,0.0,3.0,-45.0
1776886088.5021029,2.0,5.0,-42.0
1776886088.5121028,0.0,2.0,-44.0
1776886088.5221028,-2.0,-2.0,-40.0
1776886088.5321028,-3.0,0.0,-44.0
1776886088.5421028,0.0,0.0,-47.0
1776886088.5521028,-1.0,0.0,-45.0
1776886088.5621028,-5.0,0.0,-45.0
1776886088.5721028,-6.0,1.0,-40.0
1776886088.5821028,-7.0,4.0,-40.0
1776886088.5921028,-3.0,2.0,-37.0
1776886088.6021028,-4.0,2.0,-38.0
1776886088.6121027,-6.0,1.0,-39.0
1776886088.6221027,0.0,0.0,-42.0
1776886088.6321027,-1.0,3.0,-42.0
1776886088.6421027,3.0,2.0,-44.0
1776886088.6521027,4.0,-1.0,-38.0
1776886088.6621027,-4.0,0.0,-38.0
1776886088.6721027,-3.0,-3.0,-33.0
1776886088.682103,-5.0,0.0,-41.0
1776886088.692103,-10.0,0.0,-45.0
1776886088.702103,-6.0,-6.0,-44.0
1776886088.712103,-8.0,-4.0,-40.0
1776886088.7221026,-7.0,-3.0,-41.0
1776886088.7321026,-8.0,-4.0,-43.0
1776886088.7421026,-5.0,0.0,-45.0
1776886088.7521029,-2.0,4.0,-46.0
1776886088.7621028,-3.0,0.0,-50.0
1776886088.7721028,1.0,0.0,-49.0
1776886088.7821028,0.0,2.0,-47.0
1776886088.7921028,0.0,-3.0,-47.0
1776886088.8021028,0.0,-2.0,-46.0
1776886088.8121028,2.0,0.0,-48.0
1776886088.8221028,0.0,-3.0,-47.0
1776886088.8321028,-1.0,-1.0,-45.0
1776886088.8421028,-4.0,0.0,-49.0
1776886088.8521028,-4.0,0.0,-49.0
1776886088.8621027,-2.0,-1.0,-50.0
1776886088.8721027,-4.0,1.0,-47.0
1776886088.8821027,-7.0,0.0,-43.0
1776886088.8921027,-2.0,-2.0,-38.0
1776886088.9021027,0.0,-1.0,-34.0
1776886088.9121027,0.0,2.0,-33.0
1776886088.9221027,4.0,3.0,-37.0
1776886088.932103,3.0,0.0,-49.0
1776886088.942103,3.0,-1.0,-46.0
1776886088.952103,0.0,-2.0,-48.0
1776886088.962103,0.0,-2.0,-42.0
1776886088.9721026,5.0,0.0,-37.0
1776886088.9821026,2.0,0.0,-34.0
1776886088.9921026,3.0,-3.0,-37.0
1776886089.0021029,5.0,-1.0,-34.0
1776886089.0121028,8.0,1.0,-35.0
1776886089.0221028,9.0,1.0,-36.0
1776886089.0321028,7.0,-3.0,-36.0
1776886089.0421028,6.0,-2.0,-40.0
1776886089.0521028,5.0,0.0,-38.0
1776886089.0621028,2.0,1.0,-36.0
1776886089.0721028,5.0,0.0,-37.0
1776886089.0821028,2.0,0.0,-40.0
1776886089.0921028,2.0,-1.0,-42.0
1776886089.1021028,3.0,0.0,-43.0
1776886089.1121027,3.0,0.0,-41.0
1776886089.1221027,1.0,1.0,-38.0
1776886089.1321027,0.0,2.0,-40.0
1776886089.1421027,-1.0,3.0,-45.0
1776886089.1521027,-6.0,5.0,-44.0
1776886089.1621027,-7.0,7.0,-46.0
1776886089.1721027,-9.0,9.0,-49.0
1776886089.182103,-8.0,5.0,-49.0
1776886089.192103,-3.0,0.0,-56.0
1776886089.202103,-4.0,0.0,-54.0
1776886089.212103,1.0,1.0,-49.0
1776886089.2221026,1.0,-2.0,-41.0
1776886089.2321026,2.0,-1.0,-37.0
1776886089.2421026,-3.0,1.0,-41.0
1776886089.2521029,-2.0,2.0,-33.0
1776886089.2621028,-2.0,2.0,-29.0
1776886089.2721028,-3.0,2.0,-29.0
1776886089.2821028,1.0,2.0,-39.0
1776886089.2921028,1.0,5.0,-34.0
1776886089.3021028,3.0,5.0,-36.0
1776886089.3121028,2.0,2.0,-36.0
1776886089.3221028,4.0,1.0,-29.0
1776886089.3321028,6.0,-2.0,-27.0
1776886089.3421028,7.0,-4.0,-31.0
1776886089.3521028,7.0,-4.0,-35.0
1776886089.3621027,1.0,-9.0,-37.0
1776886089.3721027,0.0,-7.0,-36.0
1776886089.3821027,0.0,-6.0,-36.0
1776886089.3921027,1.0,-8.0,-33.0
1776886089.4021027,3.0,-4.0,-36.0
1776886089.4121027,3.0,-3.0,-37.0
1776886089.4221027,5.0,-3.0,-38.0
1776886089.432103,3.0,-6.0,-37.0
1776886089.442103,1.0,-9.0,-45.0
1776886089.452103,2.0,-11.0,-50.0
1776886089.462103,4.0,-4.0,-54.0
1776886089.4721026,3.0,-6.0,-48.0
1776886089.4821026,2.0,0.0,-41.0
1776886089.4921026,5.0,-3.0,-47.0
1776886089.5021029,2.0,-5.0,-47.0
1776886089.5121028,1.0,0.0,-46.0
1776886089.5221028,4.0,0.0,-46.0
1776886089.5331028,4.0,0.0,-47.0
1776886089.5421028,2.0,1.0,-48.0
1776886089.5521028,-2.0,4.0,-50.0
1776886089.5621028,-2.0,3.0,-49.0
1776886089.5721028,1.0,3.0,-41.0
1776886089.5821028,3.0,6.0,-41.0
1776886089.5921028,4.0,1.0,-35.0
1776886089.6021028,3.0,1.0,-42.0
1776886089.6121027,3.0,-1.0,-45.0
1776886089.6221027,4.0,-5.0,-41.0
1776886089.6321027,-4.0,-7.0,-43.0
1776886089.6421027,-6.0,-7.0,-44.0
1776886089.6521027,-3.0,-2.0,-39.0
1776886089.6621027,-1.0,2.0,-33.0
1776886089.6721027,-6.0,1.0,-35.0
1776886089.682103,-8.0,-1.0,-35.0
1776886089.692103,-9.0,-3.0,-39.0
1776886089.702103,-6.0,-7.0,-36.0
1776886089.712103,-4.0,-4.0,-31.0
1776886089.7221026,0.0,0.0,-28.0
1776886089.7321026,0.0,0.0,-26.0
1776886089.7421026,1.0,1.0,-27.0
1776886089.7521029,4.0,3.0,-35.0
1776886089.7621028,2.0,-1.0,-41.0
1776886089.7721028,1.0,-4.0,-45.0
1776886089.7821028,1.0,-2.0,-45.0
1776886089.7921028,0.0,-3.0,-44.0
1776886089.8021028,0.0,-6.0,-45.0
1776886089.8121028,1.0,-10.0,-45.0
1776886089.8221028,1.0,-12.0,-40.0
1776886089.8321028,0.0,-8.0,-40.0
1776886089.8421028,0.0,-6.0,-44.0
1776886089.8521028,2.0,-9.0,-43.0
1776886089.8621027,-4.0,-9.0,-49.0
1776886089.8721027,-5.0,-10.0,-52.0
1776886089.8821027,-1.0,-6.0,-56.0
1776886089.8921027,-3.0,-7.0,-57.0
1776886089.9021027,2.0,-5.0,-51.0
1776886089.9121027,-2.0,-5.0,-51.0
1776886089.9221027,-3.0,-6.0,-49.0
1776886089.932103,0.0,-11.0,-49.0
1776886089.942103,3.0,-11.0,-41.0
1776886089.952103,1.0,-12.0,-37.0
1776886089.962103,0.0,-12.0,-40.0
1776886089.9721026,1.0,-6.0,-34.0
1776886089.9821026,0.0,-5.0,-40.0
1776886089.9921026,-1.0,-8.0,-39.0
1776886090.0021029,-7.0,-5.0,-39.0
1776886090.0121028,-8.0,-3.0,-40.0
1776886090.0221028,-4.0,-7.0,-35.0
1776886090.0321028,0.0,-9.0,-39.0
1776886090.0421028,-1.0,-9.0,-41.0
1776886090.0521028,0.0,-7.0,-47.0
1776886090.0621028,1.0,-8.0,-44.0
1776886090.0721028,0.0,-9.0,-44.0
1776886090.0821028,-1.0,-10.0,-41.0
1776886090.0921028,-1.0,-9.0,-37.0
1776886090.1021028,0.0,-8.0,-34.0
1776886090.1121027,-5.0,-5.0,-34.0
1776886090.1221027,-2.0,-2.0,-40.0
1776886090.1321027,0.0,0.0,-41.0
1776886090.1421027,1.0,0.0,-43.0
1776886090.1521027,0.0,-2.0,-44.0
1776886090.1621027,2.0,-2.0,-51.0
1776886090.1721027,4.0,-6.0,-49.0
1776886090.182103,8.0,-2.0,-45.0
1776886090.192103,6.0,-1.0,-39.0
1776886090.202103,6.0,-5.0,-39.0
1776886090.212103,4.0,-1.0,-33.0
1776886090.2221026,1.0,-1.0,-29.0
1776886090.2321026,3.0,-3.0,-39.0
1776886090.2421026,6.0,2.0,-38.0
1776886090.2521029,7.0,0.0,-39.0
1776886090.2621028,1.0,0.0,-37.0
1776886090.2721028,2.0,-3.0,-36.0
1776886090.2821028,3.0,-3.0,-36.0
1776886090.2921028,1.0,-2.0,-37.0
1776886090.3021028,0.0,-3.0,-41.0
1776886090.3121028,1.0,-3.0,-41.0
1776886090.3221028,0.0,0.0,-42.0
1776886090.3321028,0.0,3.0,-45.0
1776886090.3421028,-2.0,0.0,-51.0
1776886090.3521028,2.0,-1.0,-52.0
1776886090.3621027,5.0,2.0,-55.0
1776886090.3721027,0.0,1.0,-54.0
1776886090.3821027,2.0,-3.0,-50.0
1776886090.3931026,3.0,-2.0,-45.0
1776886090.4021027,0.0,-3.0,-36.0
1776886090.4121027,-2.0,-2.0,-38.0
1776886090.4231029,-3.0,-2.0,-42.0
1776886090.4331028,-8.0,-2.0,-37.0
1776886090.4431028,-9.0,-3.0,-38.0
1776886090.4531028,-7.0,-4.0,-44.0
1776886090.4631028,-6.0,0.0,-43.0
1776886090.4731028,-4.0,0.0,-47.0
1776886090.4831028,-1.0,0.0,-44.0
1776886090.4931028,0.0,0.0,-48.0
1776886090.5031028,4.0,-1.0,-44.0
1776886090.5131028,3.0,0.0,-44.0
1776886090.5231028,0.0,3.0,-42.0
1776886090.5331028,0.0,3.0,-43.0
1776886090.5431027,1.0,0.0,-36.0
1776886090.5531027,2.0,0.0,-33.0
1776886090.5631027,3.0,-3.0,-40.0
1776886090.5731027,0.0,-1.0,-39.0
1776886090.5831027,0.0,-2.0,-37.0
1776886090.5931027,0.0,-3.0,-37.0
1776886090.6031027,1.0,-3.0,-35.0
1776886090.613103,4.0,-4.0,-38.0
1776886090.623103,0.0,-6.0,-38.0
1776886090.633103,-1.0,-9.0,-44.0
1776886090.6431026,-3.0,-8.0,-43.0
1776886090.6531026,2.0,-6.0,-43.0
1776886090.6631026,1.0,-6.0,-36.0
1776886090.6731029,9.0,-6.0,-36.0
1776886090.6831028,9.0,-4.0,-37.0
1776886090.6931028,4.0,-4.0,-40.0
1776886090.7031028,3.0,-2.0,-40.0
1776886090.7131028,0.0,0.0,-35.0
1776886090.7231028,0.0,-4.0,-39.0
1776886090.7331028,-1.0,-8.0,-39.0
1776886090.7431028,-3.0,-1.0,-42.0
1776886090.7531028,-2.0,2.0,-39.0
1776886090.7631028,-5.0,0.0,-43.0
1776886090.7731028,-2.0,0.0,-49.0
1776886090.7831028,-4.0,1.0,-46.0
1776886090.7931027,-6.0,3.0,-41.0
1776886090.8031027,0.0,0.0,-34.0
1776886090.8131027,4.0,0.0,-35.0
1776886090.8231027,7.0,-1.0,-37.0
1776886090.8331027,1.0,-2.0,-38.0
1776886090.8431027,0.0,-1.0,-36.0
1776886090.8531027,0.0,-1.0,-34.0
1776886090.863103,-1.0,-4.0,-40.0
1776886090.873103,-3.0,-5.0,-34.0
1776886090.883103,0.0,-6.0,-36.0
1776886090.8931026,1.0,-8.0,-39.0
1776886090.9031026,1.0,-5.0,-45.0
1776886090.9131026,0.0,-9.0,-40.0
1776886090.9231029,-5.0,-12.0,-33.0
1776886090.9331028,-6.0,-7.0,-31.0
1776886090.9431028,0.0,-6.0,-29.0
1776886090.9531028,0.0,-3.0,-30.0
1776886090.9631028,5.0,0.0,-27.0
1776886090.9731028,0.0,1.0,-27.0
1776886090.9831028,-1.0,-1.0,-27.0
1776886090.9931028,-2.0,-1.0,-32.0
1776886091.0031028,0.0,-1.0,-39.0
1776886091.0131028,0.0,1.0,-37.0
1776886091.0231028,0.0,2.0,-39.0
1776886091.0331028,-2.0,0.0,-38.0
1776886091.0431027,-1.0,0.0,-38.0
1776886091.0531027,0.0,1.0,-41.0
1776886091.0631027,-2.0,0.0,-42.0
1776886091.0731027,-3.0,-2.0,-47.0
1776886091.0831027,1.0,-4.0,-47.0
1776886091.0931027,0.0,-3.0,-42.0
1776886091.1031027,-1.0,-4.0,-41.0
1776886091.113103,0.0,-1.0,-44.0
1776886091.123103,3.0,0.0,-45.0
1776886091.133103,1.0,-1.0,-42.0
1776886091.1431026,-2.0,-5.0,-46.0
1776886091.1531026,3.0,-9.0,-41.0
1776886091.1631026,3.0,-11.0,-42.0
1776886091.1731029,0.0,-12.0,-45.0
1776886091.1831028,-2.0,-15.0,-38.0
1776886091.1931028,-7.0,-14.0,-37.0
1776886091.2031028,-2.0,-10.0,-42.0
1776886091.2131028,-5.0,-7.0,-36.0
1776886091.2231028,-2.0,-4.0,-39.0
1776886091.2331028,-1.0,1.0,-42.0
1776886091.2431028,-2.0,0.0,-43.0
1776886091.2531028,-3.0,1.0,-45.0
1776886091.2631028,-5.0,3.0,-44.0
1776886091.2731028,-3.0,2.0,-44.0
1776886091.2831028,-6.0,7.0,-40.0
1776886091.2931027,-2.0,5.0,-39.0
1776886091.3031027,4.0,-2.0,-37.0
1776886091.3131027,5.0,-6.0,-37.0
1776886091.3231027,8.0,-7.0,-35.0
1776886091.3331027,7.0,-9.0,-34.0
1776886091.3431027,5.0,-8.0,-25.0
1776886091.3531027,3.0,-7.0,-25.0
1776886091.363103,-1.0,-5.0,-33.0
1776886091.373103,-1.0,-1.0,-34.0
1776886091.383103,-1.0,0.0,-27.0
1776886091.3931026,3.0,2.0,-32.0
1776886091.4031026,1.0,-2.0,-37.0
1776886091.4131026,7.0,-4.0,-43.0
1776886091.4231029,3.0,-5.0,-42.0
1776886091.4331028,2.0,-7.0,-45.0
1776886091.4431028,4.0,-6.0,-49.0
1776886091.4531028,6.0,-2.0,-55.0
1776886091.4631028,0.0,-4.0,-54.0
1776886091.4731028,0.0,-3.0,-51.0
1776886091.4831028,0.0,-2.0,-48.0
1776886091.4931028,2.0,-4.0,-47.0
1776886091.5031028,3.0,-3.0,-51.0
1776886091.5131028,8.0,-3.0,-49.0
1776886091.5231028,6.0,-2.0,-40.0
1776886091.5331028,6.0,-2.0,-36.0
1776886091.5431027,2.0,-4.0,-35.0
1776886091.5531027,5.0,-2.0,-40.0
1776886091.5631027,7.0,2.0,-40.0
1776886091.5731027,7.0,0.0,-46.0
1776886091.5831027,2.0,0.0,-47.0
1776886091.5931027,-1.0,0.0,-54.0
1776886091.6031027,-2.0,0.0,-52.0
1776886091.613103,0.0,-6.0,-49.0
1776886091.623103,0.0,-2.0,-49.0
1776886091.633103,0.0,0.0,-37.0
1776886091.6431026,2.0,0.0,-35.0
1776886091.6531026,3.0,-4.0,-37.0
1776886091.6631026,5.0,-4.0,-35.0
1776886091.6731029,3.0,-2.0,-34.0
1776886091.6831028,5.0,0.0,-36.0
1776886091.6931028,7.0,-5.0,-38.0
1776886091.7031028,3.0,-4.0,-39.0
1776886091.7131028,-1.0,-3.0,-40.0
1776886091.7231028,-3.0,-3.0,-31.0
1776886091.7331028,-8.0,-5.0,-33.0
1776886091.7431028,-6.0,-6.0,-31.0
1776886091.7531028,-3.0,-3.0,-30.0
1776886091.7631028,-2.0,-3.0,-31.0
1776886091.7731028,0.0,-2.0,-36.0
1776886091.7831028,5.0,-2.0,-37.0
1776886091.7931027,6.0,1.0,-42.0
1776886091.8031027,1.0,2.0,-56.0
1776886091.8131027,5.0,0.0,-59.0
1776886091.8231027,-1.0,-2.0,-53.0
1776886091.8331027,-1.0,-2.0,-48.0
1776886091.8431027,0.0,0.0,-47.0
1776886091.8531027,-3.0,4.0,-47.0
1776886091.863103,0.0,3.0,-51.0
1776886091.873103,-3.0,2.0,-45.0
1776886091.883103,-2.0,-1.0,-44.0
1776886091.8931026,-2.0,-2.0,-48.0
1776886091.9031026,1.0,-2.0,-48.0
1776886091.9131026,8.0,-1.0,-49.0
1776886091.9231029,6.0,-7.0,-41.0
1776886091.9331028,5.0,-13.0,-36.0
1776886091.9431028,7.0,-7.0,-41.0
1776886091.9531028,9.0,-2.0,-42.0
1776886091.9631028,5.0,-3.0,-43.0
1776886091.9731028,6.0,-2.0,-41.0
1776886091.9831028,3.0,0.0,-38.0
1776886091.9931028,2.0,2.0,-34.0
1776886092.0031028,3.0,-5.0,-39.0
1776886092.0131028,5.0,-3.0,-33.0
1776886092.0231028,6.0,-4.0,-36.0
1776886092.0331028,4.0,-1.0,-38.0
1776886092.0431027,3.0,2.0,-36.0
1776886092.0531027,6.0,-3.0,-38.0
1776886092.0631027,2.0,-6.0,-42.0
1776886092.0731027,1.0,-5.0,-42.0
1776886092.0831027,0.0,-5.0,-43.0
1776886092.0931027,0.0,-3.0,-41.0
1776886092.1031027,-1.0,-5.0,-47.0
1776886092.113103,1.0,-10.0,-48.0
1776886092.123103,0.0,-10.0,-49.0
1776886092.133103,1.0,-5.0,-47.0
1776886092.1431026,5.0,-2.0,-50.0
1776886092.1531026,9.0,-4.0,-48.0
1776886092.1631026,7.0,-2.0,-53.0
1776886092.1731029,4.0,-1.0,-50.0
1776886092.1831028,4.0,-3.0,-48.0
1776886092.1931028,5.0,-1.0,-48.0
1776886092.2031028,4.0,-8.0,-45.0
1776886092.2131028,2.0,-13.0,-39.0
1776886092.2231028,5.0,-9.0,-37.0
1776886092.2331028,4.0,-8.0,-41.0
1776886092.2431028,3.0,-6.0,-40.0
1776886092.2531028,-4.0,-5.0,-35.0
1776886092.2631028,3.0,-7.0,-37.0
1776886092.2731028,2.0,-5.0,-37.0
1776886092.2831028,4.0,-4.0,-35.0
1776886092.2931027,0.0,-4.0,-37.0
1776886092.3031027,0.0,-2.0,-40.0
1776886092.3131027,-1.0,-4.0,-39.0
1776886092.3231027,-5.0,-2.0,-42.0
1776886092.3331027,-5.0,0.0,-35.0
1776886092.3441026,-6.0,2.0,-32.0
1776886092.3531027,-5.0,-1.0,-31.0
1776886092.363103,-1.0,0.0,-28.0
1776886092.373103,-2.0,-1.0,-31.0
1776886092.383103,-2.0,1.0,-28.0
1776886092.3941028,0.0,2.0,-30.0
1776886092.4041028,0.0,2.0,-32.0
1776886092.4131026,-2.0,1.0,-40.0
1776886092.4241028,-6.0,0.0,-37.0
1776886092.4331028,-6.0,-3.0,-36.0
1776886092.4441028,-9.0,-3.0,-43.0
1776886092.4541028,-8.0,-2.0,-45.0
1776886092.4641027,-2.0,-4.0,-46.0
1776886092.4741027,-4.0,-4.0,-47.0
1776886092.4841027,-4.0,-3.0,-46.0
1776886092.4941027,-1.0,0.0,-47.0
1776886092.5041027,0.0,0.0,-46.0
1776886092.5141027,0.0,-1.0,-42.0
1776886092.5241027,2.0,-3.0,-37.0
1776886092.534103,0.0,0.0,-39.0
1776886092.544103,-4.0,0.0,-41.0
1776886092.554103,-1.0,-1.0,-44.0
1776886092.5641026,2.0,2.0,-42.0
1776886092.5741026,-1.0,3.0,-46.0
1776886092.5841026,1.0,3.0,-48.0
1776886092.5941026,0.0,4.0,-49.0
1776886092.6041028,1.0,4.0,-53.0
1776886092.6141028,2.0,4.0,-44.0
1776886092.6241028,1.0,3.0,-41.0
1776886092.6341028,3.0,0.0,-33.0
1776886092.6441028,2.0,0.0,-28.0
1776886092.6541028,8.0,-2.0,-35.0
1776886092.6641028,6.0,0.0,-34.0
1776886092.6741028,2.0,1.0,-28.0
1776886092.6841028,3.0,0.0,-31.0
1776886092.6941028,3.0,0.0,-24.0
1776886092.7041028,7.0,0.0,-28.0
1776886092.7141027,5.0,0.0,-30.0
1776886092.7241027,1.0,0.0,-33.0
1776886092.7341027,2.0,0.0,-33.0
1776886092.7441027,-2.0,1.0,-32.0
1776886092.7541027,-2.0,-3.0,-30.0
1776886092.7641027,0.0,-4.0,-29.0
1776886092.7741027,1.0,0.0,-32.0
1776886092.784103,-1.0,-2.0,-34.0
1776886092.794103,-5.0,4.0,-31.0
1776886092.804103,-9.0,3.0,-27.0
1776886092.8141026,-6.0,-4.0,-24.0
1776886092.8241026,-5.0,-6.0,-29.0
1776886092.8341026,-8.0,-6.0,-28.0
1776886092.8441026,-9.0,-4.0,-26.0
1776886092.8541028,-6.0,1.0,-31.0
1776886092.8641028,-10.0,-1.0,-29.0
1776886092.8741028,-9.0,-3.0,-28.0
1776886092.8841028,-3.0,-3.0,-32.0
1776886092.8941028,-1.0,-3.0,-32.0
1776886092.9041028,3.0,-3.0,-34.0
1776886092.9141028,0.0,-4.0,-40.0
1776886092.9241028,2.0,-5.0,-37.0
1776886092.9341028,4.0,-2.0,-35.0
1776886092.9441028,5.0,-4.0,-38.0
1776886092.9541028,3.0,-4.0,-42.0
1776886092.9641027,3.0,-5.0,-43.0
1776886092.9741027,1.0,-8.0,-43.0
1776886092.9841027,-1.0,-6.0,-42.0
1776886092.9941027,-1.0,-6.0,-38.0
1776886093.0041027,0.0,-4.0,-33.0
1776886093.0141027,0.0,-7.0,-34.0
1776886093.0241027,4.0,-3.0,-33.0
1776886093.034103,0.0,1.0,-40.0
1776886093.044103,2.0,0.0,-50.0
1776886093.054103,-3.0,-3.0,-49.0
1776886093.0641026,-1.0,-3.0,-45.0
1776886093.0741026,-3.0,1.0,-46.0
1776886093.0841026,2.0,2.0,-43.0
1776886093.0941026,2.0,2.0,-43.0
1776886093.1041028,5.0,2.0,-50.0
1776886093.1141028,2.0,0.0,-55.0
1776886093.1241028,2.0,-2.0,-47.0
1776886093.1341028,5.0,-4.0,-32.0
1776886093.1441028,1.0,-1.0,-25.0
1776886093.1541028,0.0,-1.0,-21.0
1776886093.1641028,4.0,-1.0,-29.0
1776886093.1741028,3.0,-5.0,-28.0
1776886093.1841028,2.0,-3.0,-28.0
1776886093.1941028,-3.0,-1.0,-35.0
1776886093.2041028,0.0,-1.0,-36.0
1776886093.2141027,2.0,-1.0,-31.0
1776886093.2241027,0.0,-1.0,-29.0
1776886093.2341027,0.0,0.0,-33.0
1776886093.2441027,0.0,1.0,-29.0
1776886093.2541027,0.0,0.0,-32.0
1776886093.2641027,-2.0,0.0,-38.0
1776886093.2741027,-5.0,-2.0,-41.0
1776886093.284103,-3.0,0.0,-41.0
1776886093.294103,-2.0,1.0,-45.0
1776886093.304103,0.0,1.0,-47.0
1776886093.3141026,-1.0,0.0,-47.0
1776886093.3241026,0.0,-1.0,-45.0
1776886093.3341026,-3.0,-3.0,-41.0
1776886093.3441026,-4.0,-1.0,-40.0
1776886093.3541028,-8.0,0.0,-36.0
1776886093.3641028,-8.0,-1.0,-33.0
1776886093.3741028,-7.0,-2.0,-27.0
1776886093.3841028,-7.0,-1.0,-28.0
1776886093.3941028,-7.0,0.0,-30.0
1776886093.4041028,-6.0,0.0,-35.0
1776886093.4141028,-3.0,0.0,-37.0
1776886093.4241028,-2.0,1.0,-34.0
1776886093.4341028,-1.0,-2.0,-37.0
1776886093.4441028,-1.0,-6.0,-32.0
1776886093.4541028,-3.0,-6.0,-38.0
1776886093.4641027,-5.0,-2.0,-37.0
1776886093.4741027,-1.0,-4.0,-29.0
1776886093.4841027,0.0,-1.0,-28.0
1776886093.4941027,0.0,-3.0,-26.0
1776886093.5041027,-3.0,-6.0,-20.0
1776886093.5141027,-3.0,-6.0,-21.0
1776886093.5241027,1.0,-4.0,-25.0
1776886093.534103,0.0,-2.0,-30.0
1776886093.544103,0.0,-2.0,-40.0
1776886093.554103,-2.0,-2.0,-45.0
1776886093.5641026,-1.0,-1.0,-44.0
1776886093.5741026,3.0,4.0,-43.0
1776886093.5841026,5.0,5.0,-37.0
1776886093.5941026,0.0,3.0,-43.0
1776886093.6041028,-1.0,2.0,-43.0
1776886093.6141028,0.0,-2.0,-38.0
1776886093.6241028,1.0,-5.0,-42.0
1776886093.6341028,2.0,-3.0,-39.0
1776886093.6441028,3.0,-2.0,-47.0
1776886093.6541028,4.0,-3.0,-48.0
1776886093.6641028,3.0,-3.0,-45.0
1776886093.6741028,5.0,-1.0,-44.0
1776886093.6841028,3.0,0.0,-36.0
1776886093.6941028,3.0,-2.0,-33.0
1776886093.7041028,2.0,-4.0,-34.0
1776886093.7141027,2.0,-5.0,-39.0
1776886093.7241027,4.0,-2.0,-47.0
1776886093.7341027,6.0,-4.0,-47.0
1776886093.7441027,8.0,-3.0,-46.0
1776886093.7541027,4.0,-6.0,-45.0
1776886093.7641027,4.0,-6.0,-36.0
1776886093.7741027,-1.0,-6.0,-36.0
1776886093.784103,0.0,-5.0,-43.0
1776886093.794103,-1.0,-5.0,-42.0
1776886093.804103,-2.0,-4.0,-46.0
1776886093.8141026,3.0,-4.0,-51.0
1776886093.8241026,8.0,-5.0,-50.0
1776886093.8341026,3.0,-5.0,-46.0
1776886093.8441026,1.0,-4.0,-42.0
1776886093.8541028,2.0,-5.0,-38.0
1776886093.8641028,1.0,-10.0,-39.0
1776886093.8741028,1.0,-5.0,-37.0
1776886093.8841028,2.0,-3.0,-35.0
1776886093.8941028,2.0,0.0,-34.0
1776886093.9041028,7.0,0.0,-32.0
1776886093.9141028,8.0,-1.0,-27.0
1776886093.9241028,3.0,-5.0,-30.0
1776886093.9341028,2.0,-7.0,-25.0
1776886093.9441028,0.0,-6.0,-24.0
1776886093.9541028,-6.0,-2.0,-19.0
1776886093.9641027,-8.0,0.0,-25.0
1776886093.9741027,-3.0,0.0,-27.0
1776886093.9841027,-3.0,-1.0,-32.0
1776886093.9941027,0.0,-3.0,-34.0
1776886094.0041027,0.0,-2.0,-37.0
1776886094.0141027,1.0,1.0,-38.0
1776886094.0241027,2.0,-4.0,-40.0
1776886094.034103,5.0,-1.0,-42.0
1776886094.044103,0.0,-1.0,-35.0
1776886094.054103,0.0,0.0,-34.0
1776886094.0641026,1.0,5.0,-35.0
1776886094.0741026,0.0,7.0,-32.0
1776886094.0841026,-3.0,11.0,-37.0
1776886094.0941026,-4.0,5.0,-40.0
1776886094.1041028,-1.0,1.0,-30.0
1776886094.1141028,-3.0,-2.0,-31.0
1776886094.1241028,-1.0,0.0,-27.0
1776886094.1341028,0.0,0.0,-28.0
1776886094.1441028,0.0,2.0,-34.0
1776886094.1541028,3.0,0.0,-31.0
1776886094.1641028,-2.0,-2.0,-31.0
1776886094.1741028,-2.0,-2.0,-29.0
1776886094.1841028,2.0,-1.0,-39.0
1776886094.1941028,8.0,-1.0,-38.0
1776886094.2041028,6.0,-1.0,-35.0
1776886094.2141027,4.0,0.0,-33.0
1776886094.2241027,5.0,1.0,-37.0
1776886094.2341027,5.0,0.0,-40.0
1776886094.2441027,2.0,-3.0,-45.0
1776886094.2541027,-1.0,-1.0,-43.0
1776886094.2641027,-5.0,0.0,-38.0
1776886094.2741027,-10.0,-1.0,-30.0
1776886094.284103,-5.0,-4.0,-26.0
1776886094.294103,-1.0,0.0,-24.0
1776886094.304103,0.0,-1.0,-29.0
1776886094.3141026,2.0,-1.0,-34.0
1776886094.3241026,3.0,-3.0,-34.0
1776886094.3341026,4.0,-6.0,-34.0
1776886094.3441026,3.0,-3.0,-41.0
1776886094.3541028,0.0,-7.0,-46.0
1776886094.3641028,0.0,-11.0,-49.0
1776886094.3741028,-3.0,-12.0,-50.0
1776886094.3841028,-4.0,-5.0,-41.0
1776886094.3951027,-3.0,-1.0,-46.0
1776886094.4051027,0.0,-7.0,-46.0
1776886094.4151027,0.0,-10.0,-38.0
1776886094.4251027,0.0,-6.0,-38.0
1776886094.4351027,5.0,-3.0,-41.0
1776886094.4451027,5.0,-2.0,-44.0
1776886094.4551027,5.0,-7.0,-41.0
1776886094.465103,5.0,-10.0,-40.0
1776886094.475103,3.0,-4.0,-38.0
1776886094.485103,-2.0,-3.0,-36.0
1776886094.4951026,3.0,-2.0,-35.0
1776886094.5051026,5.0,-1.0,-31.0
1776886094.5151026,7.0,-1.0,-33.0
1776886094.5251029,0.0,-5.0,-36.0
1776886094.5351028,1.0,-2.0,-43.0
1776886094.5451028,2.0,0.0,-44.0
1776886094.5551028,-1.0,0.0,-46.0
1776886094.5651028,0.0,-6.0,-46.0
1776886094.5751028,0.0,-6.0,-39.0
1776886094.5851028,0.0,-5.0,-38.0
1776886094.5951028,2.0,-1.0,-43.0
1776886094.6051028,0.0,3.0,-40.0
1776886094.6151028,-3.0,4.0,-40.0
1776886094.6251028,-3.0,4.0,-47.0
1776886094.6351027,-1.0,5.0,-39.0
1776886094.6451027,0.0,9.0,-37.0
1776886094.6551027,0.0,7.0,-33.0
1776886094.6651027,-2.0,4.0,-41.0
1776886094.6751027,-4.0,3.0,-42.0
1776886094.6851027,0.0,6.0,-41.0
1776886094.6951027,0.0,9.0,-39.0
1776886094.7051027,0.0,8.0,-36.0
1776886094.715103,-1.0,9.0,-35.0
1776886094.725103,-1.0,7.0,-30.0
1776886094.735103,-6.0,5.0,-27.0
1776886094.7451026,-2.0,-2.0,-28.0
1776886094.7551026,-2.0,-7.0,-28.0
1776886094.7651026,-6.0,-6.0,-27.0
1776886094.7751029,-6.0,-6.0,-31.0
1776886094.7851028,-3.0,-9.0,-30.0
1776886094.7951028,0.0,-5.0,-30.0
1776886094.8051028,1.0,-5.0,-33.0
1776886094.8151028,0.0,-4.0,-34.0
1776886094.8251028,6.0,0.0,-39.0
1776886094.8351028,2.0,-2.0,-33.0
1776886094.8451028,7.0,1.0,-34.0
1776886094.8551028,14.0,-2.0,-31.0
1776886094.8651028,13.0,-2.0,-34.0
1776886094.8751028,6.0,0.0,-33.0
1776886094.8851027,10.0,5.0,-30.0
1776886094.8951027,4.0,6.0,-33.0
1776886094.9051027,5.0,4.0,-35.0
1776886094.9151027,4.0,3.0,-29.0
1776886094.9251027,0.0,0.0,-38.0
1776886094.9351027,0.0,-3.0,-38.0
1776886094.9451027,2.0,-3.0,-37.0
1776886094.9551027,4.0,-6.0,-42.0
1776886094.965103,2.0,-4.0,-44.0
1776886094.975103,5.0,-3.0,-43.0
1776886094.985103,6.0,-3.0,-38.0
1776886094.9951026,6.0,0.0,-45.0
1776886095.0051026,7.0,-1.0,-40.0
1776886095.0151026,10.0,-1.0,-37.0
1776886095.0251029,4.0,0.0,-33.0
1776886095.0351028,1.0,0.0,-31.0
1776886095.0451028,0.0,0.0,-29.0
1776886095.0551028,3.0,-1.0,-29.0
1776886095.0651028,8.0,2.0,-32.0
1776886095.0751028,5.0,5.0,-31.0
1776886095.0851028,7.0,5.0,-29.0
1776886095.0951028,8.0,3.0,-33.0
1776886095.1051028,5.0,0.0,-34.0
1776886095.1151028,3.0,0.0,-38.0
1776886095.1251028,-4.0,4.0,-41.0
1776886095.1351027,-4.0,3.0,-39.0
1776886095.1451027,-4.0,6.0,-43.0
1776886095.1551027,1.0,7.0,-42.0
1776886095.1651027,2.0,6.0,-42.0
1776886095.1751027,1.0,6.0,-45.0
1776886095.1851027,0.0,0.0,-43.0
1776886095.1951027,-4.0,4.0,-46.0
1776886095.2051027,-6.0,1.0,-40.0
1776886095.215103,-5.0,3.0,-41.0
1776886095.225103,-6.0,4.0,-37.0
1776886095.235103,-5.0,0.0,-37.0
1776886095.2451026,-5.0,-1.0,-36.0
1776886095.2551026,-4.0,-1.0,-41.0
1776886095.2651026,-4.0,0.0,-40.0
1776886095.2751029,-2.0,-2.0,-42.0
1776886095.2851028,-7.0,0.0,-46.0
1776886095.2951028,-4.0,0.0,-50.0
1776886095.3051028,-2.0,0.0,-50.0
1776886095.3151028,-12.0,-1.0,-53.0
1776886095.3251028,-9.0,-4.0,-45.0
1776886095.3351028,-5.0,-3.0,-40.0
1776886095.3451028,-3.0,-1.0,-39.0
1776886095.3551028,-2.0,-3.0,-36.0
1776886095.3651028,-2.0,-1.0,-40.0
1776886095.3751028,0.0,3.0,-38.0
1776886095.3851027,-1.0,6.0,-39.0
1776886095.3951027,-3.0,4.0,-35.0
1776886095.4051027,-2.0,3.0,-41.0
1776886095.4151027,-3.0,0.0,-37.0
1776886095.4251027,-4.0,-2.0,-32.0
1776886095.4351027,-3.0,0.0,-32.0
1776886095.4451027,3.0,-1.0,-33.0
1776886095.4551027,3.0,0.0,-35.0
1776886095.465103,8.0,-1.0,-40.0
1776886095.475103,4.0,-3.0,-36.0
1776886095.485103,3.0,1.0,-32.0
1776886095.4951026,0.0,2.0,-33.0
1776886095.5051026,0.0,2.0,-26.0
1776886095.5151026,-4.0,0.0,-23.0
1776886095.5251029,-8.0,0.0,-24.0
1776886095.5351028,-5.0,-2.0,-27.0
1776886095.5451028,-2.0,0.0,-36.0
1776886095.5551028,-6.0,0.0,-37.0
1776886095.5651028,-4.0,0.0,-38.0
1776886095.5751028,-4.0,-5.0,-37.0
1776886095.5851028,-1.0,-1.0,-38.0
1776886095.5951028,-4.0,3.0,-44.0
1776886095.6051028,-2.0,-1.0,-50.0
1776886095.6151028,-8.0,0.0,-45.0
1776886095.6251028,-7.0,-3.0,-41.0
1776886095.6351027,-5.0,-5.0,-46.0
1776886095.6451027,-6.0,-2.0,-39.0
1776886095.6551027,-4.0,0.0,-39.0
1776886095.6651027,0.0,0.0,-42.0
1776886095.6751027,2.0,1.0,-42.0
1776886095.6851027,0.0,2.0,-42.0
1776886095.6951027,0.0,0.0,-39.0
1776886095.7051027,0.0,0.0,-39.0
1776886095.715103,0.0,3.0,-40.0
1776886095.725103,3.0,3.0,-42.0
1776886095.735103,0.0,-1.0,-43.0
1776886095.7451026,0.0,0.0,-47.0
1776886095.7551026,-1.0,-1.0,-48.0
1776886095.7651026,-3.0,-2.0,-42.0
1776886095.7751029,-3.0,-1.0,-47.0
1776886095.7851028,-4.0,-1.0,-45.0
1776886095.7951028,-7.0,-4.0,-42.0
1776886095.8051028,-5.0,-7.0,-42.0
1776886095.8151028,-3.0,-2.0,-39.0
1776886095.8251028,-5.0,-4.0,-37.0
1776886095.8351028,-8.0,-4.0,-36.0
1776886095.8451028,-8.0,-5.0,-39.0
1776886095.8551028,-6.0,-3.0,-42.0
1776886095.8651028,-5.0,1.0,-47.0
1776886095.8751028,-2.0,6.0,-45.0
1776886095.8851027,6.0,9.0,-44.0
1776886095.8951027,2.0,2.0,-40.0
1776886095.9051027,6.0,1.0,-36.0
1776886095.9151027,6.0,2.0,-36.0
1776886095.9251027,0.0,3.0,-35.0
1776886095.9351027,0.0,4.0,-32.0
1776886095.9451027,3.0,3.0,-28.0
1776886095.9551027,1.0,6.0,-35.0
1776886095.965103,2.0,5.0,-46.0
1776886095.975103,2.0,2.0,-51.0
1776886095.985103,5.0,0.0,-47.0
1776886095.9951026,2.0,-1.0,-51.0
1776886096.0051026,6.0,-2.0,-53.0
1776886096.0151026,4.0,-1.0,-52.0
1776886096.0251029,1.0,0.0,-52.0
1776886096.0351028,1.0,0.0,-49.0
1776886096.0451028,2.0,-2.0,-53.0
1776886096.0551028,0.0,-2.0,-52.0
1776886096.0651028,2.0,-4.0,-52.0
1776886096.0751028,4.0,-4.0,-53.0
1776886096.0851028,6.0,-2.0,-53.0
1776886096.0951028,6.0,-4.0,-52.0
1776886096.1051028,7.0,-5.0,-57.0
1776886096.1151028,6.0,-6.0,-54.0
1776886096.1251028,3.0,-5.0,-54.0
1776886096.1351027,4.0,-5.0,-47.0
1776886096.1451027,4.0,-1.0,-45.0
1776886096.1551027,7.0,0.0,-45.0
1776886096.1651027,5.0,0.0,-41.0
1776886096.1751027,12.0,0.0,-32.0
1776886096.1851027,17.0,0.0,-35.0
1776886096.1951027,15.0,-1.0,-28.0
1776886096.2051027,14.0,-4.0,-25.0
1776886096.215103,10.0,-3.0,-22.0
1776886096.225103,7.0,-1.0,-23.0
1776886096.235103,3.0,3.0,-25.0
1776886096.2451026,4.0,2.0,-35.0
1776886096.2551026,0.0,0.0,-42.0
1776886096.2651026,-1.0,0.0,-38.0
1776886096.2751029,-3.0,-2.0,-35.0
1776886096.2851028,-3.0,-3.0,-32.0
1776886096.2951028,-6.0,-5.0,-27.0
1776886096.3051028,0.0,-6.0,-29.0
1776886096.3151028,1.0,-3.0,-28.0
1776886096.3251028,0.0,-1.0,-25.0
1776886096.3351028,-2.0,-2.0,-28.0
1776886096.3451028,0.0,-3.0,-29.0
1776886096.3551028,0.0,-4.0,-29.0
1776886096.3651028,-3.0,-2.0,-29.0
1776886096.3751028,0.0,0.0,-32.0
1776886096.3851027,-5.0,0.0,-29.0
1776886096.3951027,-5.0,4.0,-31.0
1776886096.406103,-4.0,2.0,-34.0
1776886096.4161026,3.0,1.0,-37.0
1776886096.4261026,0.0,2.0,-39.0
1776886096.4361026,5.0,1.0,-44.0
1776886096.4461029,4.0,-3.0,-46.0
1776886096.4561028,5.0,-6.0,-44.0
1776886096.4661028,6.0,-3.0,-41.0
1776886096.4761028,8.0,0.0,-38.0
1776886096.4861028,5.0,0.0,-43.0
1776886096.4961028,3.0,-1.0,-45.0
1776886096.5061028,0.0,-1.0,-48.0
1776886096.5161028,-2.0,0.0,-49.0
1776886096.5261028,-6.0,0.0,-46.0
1776886096.5361028,-6.0,2.0,-47.0
1776886096.5461028,-9.0,2.0,-47.0
1776886096.5561028,-7.0,5.0,-47.0
1776886096.5661027,-6.0,6.0,-42.0
1776886096.5761027,-7.0,6.0,-34.0
1776886096.5861027,-7.0,8.0,-32.0
1776886096.5961027,-3.0,7.0,-36.0
1776886096.6061027,0.0,5.0,-31.0
1776886096.6161027,0.0,1.0,-31.0
1776886096.6261027,-3.0,0.0,-32.0
1776886096.636103,0.0,-2.0,-32.0
1776886096.646103,1.0,-3.0,-29.0
1776886096.656103,2.0,0.0,-29.0
1776886096.6661026,1.0,2.0,-33.0
1776886096.6761026,0.0,8.0,-32.0
1776886096.6861026,1.0,7.0,-31.0
1776886096.6961029,3.0,4.0,-26.0
1776886096.7061028,3.0,-2.0,-30.0
1776886096.7161028,2.0,0.0,-40.0
1776886096.7261028,3.0,0.0,-41.0
1776886096.7361028,4.0,-2.0,-42.0
1776886096.7461028,0.0,-2.0,-42.0
1776886096.7561028,0.0,-1.0,-40.0
1776886096.7661028,2.0,0.0,-35.0
1776886096.7761028,0.0,2.0,-36.0
1776886096.7861028,-2.0,0.0,-29.0
1776886096.7961028,-1.0,0.0,-36.0
1776886096.8061028,-3.0,0.0,-39.0
1776886096.8161027,0.0,4.0,-40.0
1776886096.8261027,0.0,2.0,-45.0
1776886096.8361027,0.0,0.0,-48.0
1776886096.8461027,-1.0,-1.0,-52.0
1776886096.8561027,1.0,0.0,-52.0
1776886096.8661027,3.0,0.0,-43.0
1776886096.8761027,3.0,0.0,-39.0
1776886096.886103,1.0,2.0,-46.0
1776886096.896103,1.0,1.0,-45.0
1776886096.906103,1.0,3.0,-49.0
1776886096.9161026,1.0,7.0,-48.0
1776886096.9261026,0.0,3.0,-44.0
1776886096.9361026,-1.0,1.0,-46.0
1776886096.9461029,0.0,0.0,-48.0
1776886096.9561028,4.0,0.0,-46.0
1776886096.9661028,5.0,0.0,-40.0
1776886096.9761028,6.0,-6.0,-36.0
1776886096.9861028,1.0,-6.0,-30.0
1776886096.9961028,1.0,-6.0,-36.0
1776886097.0061028,0.0,-5.0,-42.0
1776886097.0161028,6.0,-6.0,-35.0
1776886097.0261028,5.0,-8.0,-34.0
1776886097.0361028,-1.0,-7.0,-27.0
1776886097.0461028,0.0,-1.0,-27.0
1776886097.0561028,0.0,-2.0,-28.0
1776886097.0661027,3.0,0.0,-24.0
1776886097.0761027,2.0,2.0,-27.0
1776886097.0861027,4.0,1.0,-23.0
1776886097.0961027,1.0,0.0,-21.0
1776886097.1061027,0.0,1.0,-24.0
1776886097.1161027,-1.0,-1.0,-27.0
1776886097.1261027,2.0,0.0,-32.0
1776886097.136103,3.0,0.0,-33.0
1776886097.146103,4.0,-3.0,-33.0
1776886097.156103,6.0,0.0,-37.0
1776886097.1661026,2.0,-3.0,-33.0
1776886097.1761026,3.0,-7.0,-33.0
1776886097.1861026,4.0,-8.0,-35.0
1776886097.1961029,1.0,-6.0,-35.0
1776886097.2061028,4.0,-4.0,-38.0
1776886097.2161028,3.0,-4.0,-45.0
1776886097.2261028,3.0,-6.0,-43.0
1776886097.2361028,3.0,-7.0,-42.0
1776886097.2461028,0.0,0.0,-43.0
1776886097.2561028,-1.0,3.0,-39.0
1776886097.2661028,-3.0,5.0,-40.0
1776886097.2761028,-5.0,8.0,-45.0
1776886097.2861028,-2.0,4.0,-41.0
1776886097.2961028,0.0,1.0,-41.0
1776886097.3061028,4.0,2.0,-50.0
1776886097.3161027,-2.0,4.0,-44.0
1776886097.3261027,-3.0,3.0,-43.0
1776886097.3361027,1.0,2.0,-44.0
1776886097.3461027,5.0,1.0,-43.0
1776886097.3561027,1.0,5.0,-43.0
1776886097.3661027,-4.0,2.0,-29.0
1776886097.3761027,-5.0,5.0,-30.0
1776886097.386103,-5.0,2.0,-29.0
1776886097.396103,-5.0,0.0,-24.0
1776886097.406103,0.0,0.0,-30.0
1776886097.4161026,2.0,2.0,-38.0
1776886097.4261026,0.0,2.0,-44.0
1776886097.4361026,0.0,4.0,-42.0
1776886097.4461029,0.0,2.0,-43.0
1776886097.4561028,0.0,0.0,-43.0
1776886097.4661028,0.0,0.0,-44.0
1776886097.4761028,2.0,1.0,-48.0
1776886097.4861028,6.0,1.0,-39.0
1776886097.4961028,5.0,1.0,-35.0
1776886097.5061028,3.0,0.0,-36.0
1776886097.5161028,3.0,0.0,-36.0
1776886097.5261028,1.0,1.0,-33.0
1776886097.5361028,3.0,4.0,-38.0
1776886097.5461028,3.0,3.0,-38.0
1776886097.5561028,3.0,4.0,-47.0
1776886097.5661027,0.0,4.0,-46.0
1776886097.5761027,-1.0,-1.0,-43.0
1776886097.5861027,1.0,-1.0,-44.0
1776886097.5961027,0.0,0.0,-44.0
1776886097.6061027,0.0,-1.0,-39.0
1776886097.6161027,-2.0,0.0,-37.0
1776886097.6261027,-5.0,-2.0,-39.0
1776886097.636103,-2.0,-5.0,-38.0
1776886097.646103,-1.0,-3.0,-38.0
1776886097.656103,2.0,-1.0,-40.0
1776886097.6661026,6.0,0.0,-44.0
1776886097.6761026,4.0,6.0,-43.0
1776886097.6861026,3.0,1.0,-40.0
1776886097.6961029,6.0,1.0,-36.0
1776886097.7061028,7.0,1.0,-37.0
1776886097.7161028,4.0,10.0,-33.0
1776886097.7261028,2.0,7.0,-35.0
1776886097.7361028,1.0,9.0,-29.0
1776886097.7461028,3.0,9.0,-35.0
1776886097.7561028,7.0,8.0,-39.0
1776886097.7661028,4.0,3.0,-41.0
1776886097.7761028,2.0,2.0,-43.0
1776886097.7861028,-2.0,1.0,-41.0
1776886097.7961028,0.0,1.0,-46.0
1776886097.8061028,0.0,2.0,-48.0
1776886097.8161027,3.0,4.0,-48.0
1776886097.8261027,0.0,3.0,-42.0
1776886097.8361027,0.0,3.0,-40.0
1776886097.8461027,0.0,2.0,-43.0
1776886097.8561027,1.0,2.0,-47.0
1776886097.8661027,0.0,4.0,-48.0
1776886097.8761027,-1.0,5.0,-51.0
1776886097.886103,-1.0,0.0,-47.0
1776886097.896103,-1.0,-1.0,-43.0
1776886097.906103,0.0,-3.0,-40.0
1776886097.9161026,-2.0,-1.0,-37.0
1776886097.9261026,-2.0,1.0,-37.0
1776886097.9361026,-6.0,6.0,-40.0
1776886097.9461029,-2.0,5.0,-43.0
1776886097.9561028,-1.0,2.0,-40.0
1776886097.9661028,-1.0,2.0,-42.0
1776886097.9761028,-3.0,0.0,-37.0
1776886097.9861028,-3.0,-1.0,-37.0
1776886097.9961028,-4.0,0.0,-39.0
1776886098.0061028,-2.0,1.0,-41.0
1776886098.0161028,-2.0,-1.0,-39.0
1776886098.0261028,-4.0,0.0,-42.0
1776886098.0361028,0.0,0.0,-34.0
1776886098.0461028,1.0,0.0,-34.0
1776886098.0561028,4.0,0.0,-40.0
1776886098.0661027,2.0,0.0,-40.0
1776886098.0761027,1.0,3.0,-34.0
1776886098.0861027,8.0,4.0,-41.0
1776886098.0961027,8.0,2.0,-46.0
1776886098.1061027,6.0,5.0,-43.0
1776886098.1161027,3.0,3.0,-46.0
1776886098.1261027,0.0,1.0,-53.0
1776886098.136103,2.0,-2.0,-49.0
1776886098.146103,2.0,0.0,-44.0
1776886098.156103,3.0,0.0,-40.0
1776886098.1661026,3.0,-3.0,-40.0
1776886098.1761026,5.0,-4.0,-33.0
1776886098.1861026,4.0,-4.0,-36.0
1776886098.1961029,1.0,-3.0,-36.0
1776886098.2061028,-1.0,0.0,-38.0
1776886098.2161028,0.0,-6.0,-33.0
1776886098.2261028,3.0,-8.0,-32.0
1776886098.2361028,0.0,-4.0,-35.0
1776886098.2461028,1.0,-4.0,-35.0
1776886098.2561028,7.0,0.0,-37.0
1776886098.2661028,3.0,-3.0,-38.0
1776886098.2761028,2.0,-6.0,-38.0
1776886098.2861028,-1.0,-8.0,-38.0
1776886098.2961028,2.0,-5.0,-44.0
1776886098.3061028,2.0,-3.0,-42.0
1776886098.3161027,3.0,-2.0,-40.0
1776886098.3261027,3.0,-5.0,-44.0
1776886098.3361027,2.0,-8.0,-49.0
1776886098.3461027,0.0,-6.0,-48.0
1776886098.3561027,0.0,-2.0,-42.0
1776886098.3661027,1.0,0.0,-44.0
1776886098.3771029,3.0,-4.0,-45.0
1776886098.386103,0.0,-8.0,-47.0
1776886098.396103,-1.0,-7.0,-50.0
1776886098.4071028,-4.0,-11.0,-51.0
1776886098.4171028,-8.0,-9.0,-53.0
1776886098.4271028,-14.0,-6.0,-55.0
1776886098.4371028,-9.0,-7.0,-51.0
1776886098.4471028,-5.0,-3.0,-51.0
1776886098.4571028,-1.0,0.0,-53.0
1776886098.4671028,2.0,4.0,-47.0
1776886098.4771028,2.0,0.0,-45.0
1776886098.4871027,-2.0,2.0,-48.0
1776886098.4971027,2.0,0.0,-46.0
1776886098.5071027,7.0,-1.0,-39.0
1776886098.5171027,9.0,-3.0,-40.0
1776886098.5271027,6.0,4.0,-31.0
1776886098.5371027,4.0,8.0,-34.0
1776886098.5471027,0.0,8.0,-38.0
1776886098.557103,-2.0,6.0,-42.0
1776886098.567103,-1.0,5.0,-41.0
1776886098.577103,-1.0,6.0,-47.0
1776886098.587103,-1.0,5.0,-52.0
1776886098.5971026,-2.0,8.0,-55.0
1776886098.6071026,-1.0,7.0,-50.0
1776886098.6171026,-5.0,8.0,-54.0
1776886098.6271029,-6.0,7.0,-54.0
1776886098.6371028,-5.0,6.0,-51.0
1776886098.6471028,1.0,3.0,-48.0
1776886098.6571028,1.0,0.0,-49.0
1776886098.6671028,0.0,1.0,-60.0
1776886098.6771028,-7.0,2.0,-52.0
1776886098.6871028,-5.0,2.0,-49.0
1776886098.6971028,-7.0,0.0,-43.0
1776886098.7071028,-5.0,3.0,-42.0
1776886098.7171028,-1.0,4.0,-41.0
1776886098.7271028,-3.0,3.0,-37.0
1776886098.7371027,0.0,3.0,-41.0
1776886098.7471027,-4.0,5.0,-36.0
1776886098.7571027,0.0,1.0,-36.0
1776886098.7671027,3.0,0.0,-33.0
1776886098.7771027,3.0,0.0,-28.0
1776886098.7871027,0.0,-1.0,-29.0
1776886098.7971027,0.0,-4.0,-37.0
1776886098.807103,1.0,-5.0,-37.0
1776886098.817103,1.0,-3.0,-34.0
1776886098.827103,1.0,-6.0,-35.0
1776886098.837103,1.0,-3.0,-41.0
1776886098.8471026,0.0,0.0,-37.0
1776886098.8571026,1.0,2.0,-32.0
1776886098.8671026,0.0,1.0,-35.0
1776886098.8771029,1.0,2.0,-37.0
1776886098.8871028,0.0,6.0,-36.0
1776886098.8971028,0.0,10.0,-41.0
1776886098.9071028,1.0,10.0,-42.0
1776886098.9171028,6.0,4.0,-34.0
1776886098.9271028,7.0,3.0,-30.0
1776886098.9371028,2.0,1.0,-30.0
1776886098.9471028,2.0,-1.0,-37.0
1776886098.9571028,3.0,-1.0,-44.0
1776886098.9671028,6.0,-2.0,-41.0
1776886098.9771028,1.0,-3.0,-51.0
1776886098.9871027,0.0,-4.0,-52.0
1776886098.998103,-2.0,-3.0,-48.0
1776886099.0071027,-1.0,-3.0,-45.0
1776886099.0171027,-2.0,0.0,-41.0
1776886099.0271027,-3.0,0.0,-41.0
1776886099.0371027,-2.0,-2.0,-42.0
1776886099.0471027,-2.0,0.0,-46.0
1776886099.057103,-4.0,-1.0,-41.0
1776886099.067103,-5.0,0.0,-43.0
1776886099.077103,-7.0,-5.0,-46.0
1776886099.087103,-5.0,-4.0,-50.0
1776886099.0971026,0.0,-2.0,-41.0
1776886099.1071026,-3.0,0.0,-40.0
1776886099.1171026,-3.0,1.0,-36.0
1776886099.1271029,-4.0,0.0,-38.0
1776886099.1371028,-1.0,0.0,-38.0
1776886099.1471028,3.0,-1.0,-42.0
1776886099.1571028,2.0,0.0,-36.0
1776886099.1671028,0.0,2.0,-41.0
1776886099.1771028,3.0,2.0,-43.0
1776886099.1871028,0.0,3.0,-42.0
1776886099.1971028,-4.0,0.0,-42.0
1776886099.2071028,-2.0,0.0,-48.0
1776886099.2171028,-2.0,-1.0,-44.0
1776886099.2271028,-1.0,5.0,-42.0
1776886099.2371027,1.0,4.0,-44.0
1776886099.2471027,6.0,3.0,-47.0
1776886099.2571027,4.0,0.0,-49.0
1776886099.2671027,4.0,1.0,-44.0
1776886099.2771027,1.0,0.0,-39.0
1776886099.2871027,-3.0,0.0,-41.0
1776886099.2971027,1.0,-2.0,-35.0
1776886099.307103,2.0,-2.0,-35.0
1776886099.317103,-5.0,-3.0,-38.0
1776886099.327103,-1.0,2.0,-39.0
1776886099.337103,0.0,1.0,-38.0
1776886099.3471026,-2.0,2.0,-36.0
1776886099.3571026,2.0,4.0,-33.0
1776886099.3671026,2.0,4.0,-34.0
1776886099.3771029,0.0,5.0,-36.0
1776886099.3871028,-2.0,4.0,-36.0
1776886099.3971028,1.0,4.0,-41.0
1776886099.4071028,6.0,4.0,-36.0
1776886099.4171028,1.0,0.0,-37.0
1776886099.4271028,1.0,0.0,-39.0
1776886099.4371028,0.0,-1.0,-36.0
1776886099.4471028,2.0,-4.0,-39.0
1776886099.4571028,2.0,-4.0,-41.0
1776886099.4671028,0.0,-4.0,-40.0
1776886099.4771028,-2.0,-1.0,-45.0
1776886099.4871027,-1.0,1.0,-43.0
1776886099.4971027,-5.0,5.0,-41.0
1776886099.5071027,-6.0,3.0,-41.0
1776886099.5171027,-7.0,2.0,-43.0
1776886099.5271027,-3.0,-1.0,-52.0
1776886099.5371027,0.0,-4.0,-44.0
1776886099.5471027,0.0,-4.0,-43.0
1776886099.557103,0.0,-4.0,-41.0
1776886099.567103,-1.0,-4.0,-46.0
1776886099.577103,-1.0,-7.0,-40.0
1776886099.587103,2.0,-4.0,-38.0
1776886099.5971026,6.0,-3.0,-32.0
1776886099.6071026,4.0,-1.0,-33.0
1776886099.6171026,5.0,-4.0,-32.0
1776886099.6271029,1.0,1.0,-38.0
1776886099.6371028,2.0,1.0,-39.0
1776886099.6471028,2.0,4.0,-38.0
1776886099.6571028,4.0,4.0,-30.0
1776886099.6671028,4.0,0.0,-23.0
1776886099.6771028,5.0,3.0,-26.0
1776886099.6871028,4.0,3.0,-29.0
1776886099.6971028,2.0,2.0,-25.0
1776886099.7071028,3.0,-2.0,-25.0
1776886099.7171028,5.0,0.0,-30.0
1776886099.7271028,6.0,1.0,-31.0
1776886099.7371027,9.0,0.0,-33.0
1776886099.7471027,8.0,0.0,-30.0
1776886099.7571027,6.0,-1.0,-36.0
1776886099.7671027,6.0,-1.0,-41.0
1776886099.7771027,7.0,-6.0,-39.0
1776886099.7871027,4.0,-7.0,-40.0
1776886099.7971027,5.0,-10.0,-42.0
1776886099.807103,7.0,-7.0,-45.0
1776886099.817103,5.0,-7.0,-48.0
1776886099.827103,7.0,-7.0,-44.0
1776886099.837103,12.0,-3.0,-41.0
1776886099.8471026,8.0,-1.0,-41.0
1776886099.8571026,4.0,0.0,-41.0
1776886099.8671026,-1.0,2.0,-46.0
1776886099.8771029,-3.0,6.0,-50.0
1776886099.8871028,-5.0,2.0,-53.0
1776886099.8971028,-10.0,0.0,-49.0
1776886099.9071028,-9.0,1.0,-43.0
1776886099.9171028,-6.0,3.0,-42.0
1776886099.9271028,-4.0,5.0,-47.0
1776886099.9371028,-6.0,3.0,-45.0
1776886099.9471028,-1.0,0.0,-44.0
1776886099.9571028,1.0,1.0,-41.0
1776886099.9671028,1.0,0.0,-41.0
1776886099.9771028,-3.0,-4.0,-41.0
1776886099.9871027,1.0,-2.0,-41.0
1776886099.9971027,1.0,-4.0,-43.0
1776886100.0071027,0.0,-3.0,-38.0
1776886100.0171027,-6.0,-7.0,-35.0
1776886100.0271027,-4.0,-3.0,-39.0
1776886100.0371027,-2.0,0.0,-37.0
1776886100.0471027,0.0,0.0,-33.0
1776886100.057103,0.0,-5.0,-31.0
1776886100.067103,-5.0,-4.0,-31.0
1776886100.077103,-4.0,-1.0,-33.0
1776886100.087103,-3.0,3.0,-31.0
1776886100.0971026,-3.0,3.0,-33.0
1776886100.1071026,0.0,0.0,-32.0
1776886100.1171026,4.0,-2.0,-39.0
1776886100.1271029,6.0,0.0,-41.0
1776886100.1371028,3.0,4.0,-42.0
1776886100.1471028,4.0,-1.0,-41.0
1776886100.1571028,7.0,-1.0,-40.0
1776886100.1671028,7.0,1.0,-38.0
1776886100.1771028,4.0,1.0,-39.0
1776886100.1871028,0.0,-1.0,-43.0
1776886100.1971028,-1.0,-1.0,-45.0
1776886100.2071028,-1.0,-1.0,-41.0
1776886100.2171028,0.0,0.0,-43.0
1776886100.2271028,-3.0,-2.0,-41.0
1776886100.2371027,-8.0,-3.0,-40.0
1776886100.2471027,-8.0,-6.0,-38.0
1776886100.2571027,-8.0,-8.0,-45.0
1776886100.2671027,-5.0,-5.0,-52.0
1776886100.2771027,-2.0,-5.0,-43.0
1776886100.2871027,-3.0,-2.0,-43.0
1776886100.2971027,-4.0,-4.0,-37.0
1776886100.307103,-1.0,0.0,-42.0
1776886100.317103,-4.0,0.0,-44.0
1776886100.327103,-2.0,0.0,-36.0
1776886100.337103,-4.0,2.0,-32.0
1776886100.3471026,-4.0,0.0,-34.0
1776886100.3571026,0.0,1.0,-38.0
1776886100.3671026,1.0,3.0,-36.0
1776886100.3771029,8.0,3.0,-38.0
1776886100.3881028,6.0,2.0,-33.0
1776886100.3971028,6.0,4.0,-37.0
1776886100.4081028,5.0,2.0,-42.0
1776886100.4181027,4.0,3.0,-45.0
1776886100.4281027,3.0,0.0,-47.0
1776886100.4381027,4.0,0.0,-40.0
1776886100.4481027,5.0,0.0,-40.0
1776886100.4581027,3.0,1.0,-33.0
1776886100.4681027,7.0,0.0,-38.0
1776886100.4781027,5.0,0.0,-41.0
1776886100.488103,8.0,-3.0,-41.0
1776886100.498103,6.0,-5.0,-38.0
1776886100.508103,6.0,-7.0,-39.0
1776886100.5181026,7.0,-8.0,-39.0
1776886100.5281026,4.0,-6.0,-34.0
1776886100.5381026,0.0,-4.0,-35.0
1776886100.5481029,-3.0,-2.0,-32.0
1776886100.5581028,-7.0,2.0,-38.0
1776886100.5681028,-6.0,1.0,-43.0
1776886100.5781028,0.0,-3.0,-43.0
1776886100.5881028,0.0,-5.0,-44.0
1776886100.5981028,5.0,0.0,-43.0
1776886100.6081028,8.0,1.0,-44.0
1776886100.6181028,4.0,1.0,-44.0
1776886100.6281028,3.0,0.0,-39.0
1776886100.6381028,0.0,-2.0,-37.0
1776886100.6481028,0.0,-4.0,-37.0
1776886100.6581028,2.0,-2.0,-37.0
1776886100.6681027,1.0,-3.0,-34.0
1776886100.6781027,6.0,-4.0,-38.0
1776886100.6881027,6.0,-2.0,-35.0
1776886100.6981027,5.0,-3.0,-27.0
1776886100.7081027,3.0,-5.0,-33.0
1776886100.7181027,-2.0,1.0,-39.0
1776886100.7281027,-1.0,1.0,-41.0
1776886100.738103,-1.0,0.0,-38.0
1776886100.748103,-2.0,0.0,-34.0
1776886100.758103,-5.0,3.0,-32.0
1776886100.7681026,-3.0,4.0,-37.0
1776886100.7781026,0.0,2.0,-32.0
1776886100.7881026,-2.0,0.0,-35.0
1776886100.7981029,0.0,0.0,-33.0
1776886100.8081028,-2.0,1.0,-37.0
1776886100.8181028,-4.0,2.0,-39.0
1776886100.8281028,-4.0,0.0,-42.0
1776886100.8381028,-6.0,0.0,-39.0
1776886100.8481028,-5.0,0.0,-38.0
1776886100.8581028,-5.0,0.0,-33.0
1776886100.8681028,-6.0,0.0,-31.0
1776886100.8781028,-6.0,0.0,-36.0
1776886100.8881028,-2.0,0.0,-43.0
1776886100.8981028,-1.0,-1.0,-45.0
1776886100.9081028,1.0,-1.0,-43.0
1776886100.9181027,0.0,-4.0,-42.0
1776886100.9281027,-1.0,-6.0,-40.0
1776886100.9381027,0.0,-2.0,-35.0
1776886100.9481027,0.0,-6.0,-42.0
1776886100.9581027,6.0,-6.0,-39.0
1776886100.9681027,5.0,0.0,-37.0
1776886100.9781027,3.0,-1.0,-36.0
1776886100.988103,1.0,-3.0,-35.0
1776886100.998103,-1.0,-5.0,-38.0
1776886101.008103,2.0,-3.0,-34.0
1776886101.0181026,-2.0,3.0,-32.0
1776886101.0281026,-7.0,-3.0,-31.0
1776886101.0381026,-7.0,-8.0,-33.0
1776886101.0481029,-6.0,-6.0,-37.0
1776886101.0581028,-6.0,-8.0,-35.0
1776886101.0681028,0.0,-4.0,-33.0
1776886101.0781028,0.0,-5.0,-36.0
1776886101.0881028,0.0,-4.0,-42.0
1776886101.0981028,5.0,-2.0,-43.0
1776886101.1081028,7.0,1.0,-46.0
1776886101.1181028,4.0,2.0,-48.0
1776886101.1281028,1.0,5.0,-50.0
1776886101.1381028,0.0,2.0,-54.0
1776886101.1481028,-4.0,1.0,-44.0
1776886101.1581028,-2.0,1.0,-48.0
1776886101.1681027,0.0,-2.0,-54.0
1776886101.1781027,0.0,-5.0,-54.0
1776886101.1881027,2.0,-2.0,-50.0
1776886101.1981027,2.0,0.0,-49.0
1776886101.2081027,3.0,1.0,-44.0
1776886101.2181027,3.0,1.0,-41.0
1776886101.2281027,5.0,-2.0,-52.0
1776886101.238103,3.0,1.0,-52.0
1776886101.248103,5.0,2.0,-49.0
1776886101.258103,1.0,-5.0,-39.0
1776886101.2681026,0.0,-6.0,-37.0
1776886101.2781026,-1.0,-4.0,-36.0
1776886101.2881026,-7.0,-3.0,-43.0
1776886101.2981029,-5.0,-7.0,-42.0
1776886101.3081028,-1.0,-3.0,-44.0
1776886101.3181028,-1.0,0.0,-40.0
1776886101.3281028,0.0,2.0,-39.0
1776886101.3381028,1.0,2.0,-39.0
1776886101.3481028,2.0,1.0,-35.0
1776886101.3581028,0.0,-2.0,-31.0
1776886101.3681028,6.0,-7.0,-33.0
1776886101.3781028,9.0,-6.0,-34.0
1776886101.3881028,7.0,-6.0,-34.0
1776886101.3981028,9.0,-9.0,-31.0
1776886101.4081028,7.0,-7.0,-38.0
1776886101.4181027,2.0,-4.0,-41.0
1776886101.4281027,0.0,-2.0,-41.0
1776886101.4381027,0.0,-2.0,-39.0
1776886101.4481027,-2.0,-4.0,-36.0
1776886101.4581027,-4.0,-4.0,-38.0
1776886101.4681027,-6.0,-5.0,-37.0
1776886101.4781027,-5.0,-1.0,-41.0
1776886101.488103,-6.0,0.0,-35.0
1776886101.498103,-9.0,-3.0,-38.0
1776886101.508103,-6.0,-4.0,-41.0
1776886101.5181026,-4.0,-6.0,-41.0
1776886101.5281026,0.0,-7.0,-36.0
1776886101.5381026,3.0,-5.0,-36.0
1776886101.5481029,2.0,-1.0,-42.0
1776886101.5581028,-1.0,-2.0,-34.0
1776886101.5681028,0.0,0.0,-32.0
1776886101.5781028,4.0,0.0,-30.0
1776886101.5881028,4.0,0.0,-32.0
1776886101.5981028,6.0,1.0,-31.0
1776886101.6081028,8.0,-4.0,-43.0
1776886101.6181028,3.0,-7.0,-51.0
1776886101.6281028,5.0,-6.0,-48.0
1776886101.6381028,6.0,0.0,-49.0
1776886101.6481028,0.0,-3.0,-51.0
1776886101.6581028,-4.0,0.0,-46.0
1776886101.6681027,0.0,-2.0,-47.0
1776886101.6781027,1.0,-1.0,-47.0
1776886101.6881027,0.0,-3.0,-48.0
1776886101.6981027,0.0,-3.0,-47.0
1776886101.7081027,0.0,-6.0,-49.0
1776886101.7191026,-1.0,-8.0,-47.0
1776886101.7281027,-2.0,-6.0,-44.0
1776886101.738103,0.0,-7.0,-40.0
1776886101.748103,-2.0,-5.0,-39.0
1776886101.758103,-2.0,-6.0,-32.0
1776886101.7681026,2.0,-5.0,-37.0
1776886101.7781026,1.0,-5.0,-37.0
1776886101.7881026,1.0,-3.0,-41.0
1776886101.7981029,-1.0,0.0,-41.0
1776886101.8081028,0.0,-3.0,-45.0
1776886101.8181028,-4.0,-2.0,-43.0
1776886101.8281028,-8.0,0.0,-38.0
1776886101.8381028,-3.0,-5.0,-36.0
1776886101.8481028,1.0,-6.0,-32.0
1776886101.8581028,0.0,-2.0,-35.0
1776886101.8681028,0.0,-4.0,-38.0
1776886101.8781028,0.0,-2.0,-39.0
1776886101.8881028,0.0,-1.0,-43.0
1776886101.8981028,-3.0,0.0,-37.0
1776886101.9081028,0.0,0.0,-42.0
1776886101.9181027,-3.0,0.0,-44.0
1776886101.9281027,-6.0,2.0,-45.0
1776886101.9381027,-6.0,3.0,-41.0
1776886101.9481027,-4.0,2.0,-41.0
1776886101.9581027,-8.0,-2.0,-42.0
1776886101.9681027,-9.0,-4.0,-36.0
1776886101.9781027,-8.0,-3.0,-33.0
1776886101.988103,-8.0,-6.0,-40.0
1776886101.998103,-9.0,-3.0,-42.0
1776886102.008103,-5.0,-1.0,-33.0
1776886102.0181026,-4.0,0.0,-27.0
1776886102.0281026,-8.0,2.0,-23.0
1776886102.0381026,-8.0,0.0,-26.0
1776886102.0481029,-4.0,0.0,-28.0
1776886102.0581028,-5.0,0.0,-28.0
1776886102.0681028,-1.0,3.0,-28.0
1776886102.0781028,0.0,0.0,-31.0
1776886102.0881028,6.0,0.0,-29.0
1776886102.0981028,10.0,2.0,-29.0
1776886102.1081028,6.0,1.0,-29.0
1776886102.1181028,5.0,0.0,-27.0
1776886102.1281028,2.0,-2.0,-28.0
1776886102.1381028,0.0,-4.0,-30.0
1776886102.1481028,1.0,-4.0,-29.0
1776886102.1581028,5.0,-4.0,-24.0
1776886102.1681027,3.0,-5.0,-29.0
1776886102.1781027,3.0,-4.0,-33.0
1776886102.1881027,2.0,-5.0,-32.0
1776886102.1981027,0.0,-5.0,-37.0
1776886102.2081027,1.0,-6.0,-36.0
1776886102.2181027,0.0,-4.0,-30.0
1776886102.2281027,-6.0,-6.0,-37.0
1776886102.238103,-9.0,-3.0,-34.0
1776886102.248103,-6.0,-3.0,-35.0
1776886102.258103,-7.0,1.0,-38.0
1776886102.2681026,-6.0,3.0,-36.0
1776886102.2781026,3.0,5.0,-32.0
1776886102.2881026,4.0,3.0,-38.0
1776886102.2981029,0.0,1.0,-35.0
1776886102.3081028,5.0,0.0,-38.0
1776886102.3181028,3.0,2.0,-42.0
1776886102.3281028,0.0,4.0,-45.0
1776886102.3391027,6.0,0.0,-47.0
1776886102.3491027,0.0,3.0,-39.0
1776886102.3581028,-1.0,1.0,-39.0
1776886102.3691027,-3.0,1.0,-30.0
1776886102.3791027,2.0,-1.0,-29.0
1776886102.3891027,4.0,-2.0,-37.0
1776886102.3991027,3.0,-3.0,-35.0
1776886102.409103,2.0,-1.0,-39.0
1776886102.419103,3.0,4.0,-36.0
1776886102.429103,0.0,2.0,-35.0
1776886102.4391026,-3.0,1.0,-35.0
1776886102.4491026,-4.0,3.0,-41.0
1776886102.4591026,-2.0,-2.0,-45.0
1776886102.4691026,3.0,-2.0,-49.0
1776886102.4791028,7.0,-3.0,-45.0
1776886102.4891028,5.0,-1.0,-48.0
1776886102.4991028,6.0,-6.0,-40.0
1776886102.5091028,6.0,-8.0,-37.0
1776886102.5191028,7.0,-5.0,-38.0
1776886102.5291028,4.0,-6.0,-44.0
1776886102.5391028,0.0,0.0,-50.0
1776886102.5491028,0.0,0.0,-46.0
1776886102.5591028,2.0,0.0,-46.0
1776886102.5691028,5.0,0.0,-43.0
1776886102.5791028,2.0,-1.0,-37.0
1776886102.5891027,0.0,-1.0,-35.0
1776886102.5991027,0.0,0.0,-38.0
1776886102.6091027,0.0,-2.0,-38.0
1776886102.6191027,-1.0,-6.0,-39.0
1776886102.6291027,-3.0,-5.0,-32.0
1776886102.6391027,-1.0,-5.0,-38.0
1776886102.6491027,-1.0,-4.0,-48.0
1776886102.659103,3.0,0.0,-45.0
1776886102.669103,8.0,-2.0,-38.0
1776886102.679103,3.0,-3.0,-31.0
1776886102.6891026,0.0,-1.0,-34.0
1776886102.6991026,3.0,0.0,-37.0
1776886102.7091026,2.0,0.0,-39.0
1776886102.7191026,3.0,3.0,-44.0
1776886102.7291028,3.0,4.0,-45.0
1776886102.7391028,3.0,-2.0,-43.0
1776886102.7491028,5.0,-2.0,-44.0
1776886102.7591028,4.0,-2.0,-48.0
1776886102.7691028,5.0,-3.0,-41.0
1776886102.7791028,5.0,0.0,-42.0
1776886102.7891028,3.0,-2.0,-37.0
1776886102.7991028,0.0,-3.0,-44.0
1776886102.8091028,-3.0,-6.0,-46.0
1776886102.8191028,0.0,-5.0,-40.0
1776886102.8291028,1.0,-4.0,-37.0
1776886102.8391027,0.0,0.0,-39.0
1776886102.8491027,-2.0,1.0,-44.0
1776886102.8591027,0.0,-2.0,-49.0
1776886102.8691027,2.0,-2.0,-48.0
1776886102.8791027,-2.0,-9.0,-48.0
1776886102.8891027,-2.0,-12.0,-40.0
1776886102.8991027,-1.0,-13.0,-35.0
1776886102.909103,-3.0,-10.0,-40.0
1776886102.919103,-2.0,-1.0,-49.0
1776886102.929103,-2.0,-1.0,-47.0
1776886102.9391026,0.0,-3.0,-38.0
1776886102.9491026,3.0,-1.0,-36.0
1776886102.9591026,2.0,3.0,-34.0
1776886102.9691026,0.0,5.0,-38.0
1776886102.9791028,5.0,5.0,-43.0
1776886102.9891028,5.0,1.0,-39.0
1776886102.9991028,6.0,-2.0,-42.0
1776886103.0091028,12.0,4.0,-40.0
1776886103.0191028,12.0,4.0,-46.0
1776886103.0291028,10.0,2.0,-43.0
1776886103.0391028,10.0,-5.0,-43.0
1776886103.0491028,13.0,-8.0,-36.0
1776886103.0591028,9.0,-8.0,-35.0
1776886103.0691028,7.0,-6.0,-36.0
1776886103.0791028,-1.0,-6.0,-33.0
1776886103.0891027,-7.0,-3.0,-30.0
1776886103.0991027,-8.0,-1.0,-34.0
1776886103.1091027,-7.0,-1.0,-34.0
1776886103.1191027,-9.0,-4.0,-34.0
1776886103.1291027,-8.0,-5.0,-32.0
1776886103.1391027,-4.0,-3.0,-35.0
1776886103.1491027,-1.0,-3.0,-40.0
1776886103.159103,0.0,0.0,-44.0
1776886103.169103,1.0,-1.0,-43.0
1776886103.179103,1.0,0.0,-43.0
1776886103.1891026,1.0,-1.0,-38.0
1776886103.1991026,2.0,0.0,-40.0
1776886103.2091026,6.0,-1.0,-42.0
1776886103.2191026,10.0,-1.0,-38.0
1776886103.2291028,3.0,-4.0,-46.0
1776886103.2391028,0.0,-3.0,-48.0
1776886103.2491028,4.0,0.0,-50.0
1776886103.2591028,6.0,-3.0,-43.0
1776886103.2691028,1.0,-2.0,-42.0
1776886103.2791028,-2.0,0.0,-43.0
1776886103.2891028,-1.0,3.0,-46.0
1776886103.2991028,0.0,3.0,-45.0
1776886103.3091028,-5.0,1.0,-37.0
1776886103.3191028,-7.0,-3.0,-38.0
1776886103.3291028,-9.0,-3.0,-38.0
1776886103.3391027,-8.0,0.0,-35.0
1776886103.3491027,-6.0,0.0,-29.0
1776886103.3591027,-4.0,3.0,-29.0
1776886103.3691027,-4.0,1.0,-29.0
1776886103.3791027,-3.0,5.0,-29.0
1776886103.3891027,-7.0,1.0,-35.0
1776886103.3991027,-6.0,0.0,-34.0
1776886103.409103,-6.0,-3.0,-31.0
1776886103.419103,-3.0,-1.0,-32.0
1776886103.429103,-3.0,-2.0,-34.0
1776886103.4391026,-1.0,-6.0,-41.0
1776886103.4491026,0.0,-5.0,-39.0
1776886103.4601028,0.0,-1.0,-41.0
1776886103.4691026,4.0,-3.0,-39.0
1776886103.4791028,1.0,-3.0,-34.0
1776886103.4891028,-2.0,0.0,-32.0
1776886103.4991028,0.0,-3.0,-34.0
1776886103.5091028,0.0,0.0,-33.0
1776886103.5191028,-3.0,1.0,-36.0
1776886103.5291028,-1.0,0.0,-43.0
1776886103.5391028,-5.0,-3.0,-39.0
1776886103.5491028,-9.0,-1.0,-34.0
1776886103.5591028,-6.0,-1.0,-32.0
1776886103.5691028,-1.0,0.0,-33.0
1776886103.5791028,-2.0,0.0,-34.0
1776886103.5891027,-1.0,1.0,-34.0
1776886103.5991027,-5.0,0.0,-29.0
1776886103.6091027,-3.0,0.0,-34.0
1776886103.6191027,-5.0,3.0,-36.0
1776886103.6291027,-2.0,0.0,-39.0
1776886103.6391027,0.0,0.0,-41.0
1776886103.6491027,2.0,0.0,-33.0
1776886103.659103,0.0,-1.0,-33.0
1776886103.669103,2.0,-4.0,-31.0
1776886103.679103,0.0,-3.0,-33.0
1776886103.6891026,0.0,-4.0,-33.0
1776886103.6991026,1.0,-2.0,-31.0
1776886103.7091026,3.0,-4.0,-34.0
1776886103.7191026,3.0,-9.0,-35.0
1776886103.7291028,2.0,-6.0,-42.0
1776886103.7391028,3.0,-3.0,-40.0
1776886103.7491028,6.0,-5.0,-38.0
1776886103.7591028,4.0,-9.0,-37.0
1776886103.7691028,2.0,-10.0,-36.0
1776886103.7791028,-2.0,-11.0,-39.0
1776886103.7891028,1.0,-11.0,-38.0
1776886103.7991028,2.0,-10.0,-38.0
1776886103.8091028,1.0,-5.0,-41.0
1776886103.8191028,0.0,-3.0,-40.0
1776886103.8291028,2.0,-1.0,-36.0
1776886103.8391027,3.0,0.0,-35.0
1776886103.8491027,1.0,0.0,-39.0
1776886103.8591027,-1.0,-1.0,-40.0
1776886103.8691027,0.0,-1.0,-43.0
1776886103.8791027,1.0,0.0,-43.0
1776886103.8891027,-1.0,1.0,-39.0
1776886103.8991027,0.0,2.0,-44.0
1776886103.909103,3.0,0.0,-45.0
1776886103.919103,1.0,-1.0,-42.0
1776886103.929103,2.0,-1.0,-44.0
1776886103.9391026,1.0,-2.0,-44.0
1776886103.9491026,2.0,-2.0,-45.0
1776886103.9591026,-2.0,-1.0,-44.0
1776886103.9691026,-4.0,-4.0,-46.0
1776886103.9791028,0.0,-3.0,-43.0
1776886103.9891028,5.0,-9.0,-45.0
1776886103.9991028,7.0,-6.0,-44.0
1776886104.0091028,11.0,-3.0,-49.0
1776886104.0191028,11.0,-9.0,-51.0
1776886104.0291028,6.0,-12.0,-48.0
1776886104.0391028,2.0,-7.0,-44.0
1776886104.0491028,3.0,-5.0,-41.0
1776886104.0591028,6.0,-5.0,-41.0
1776886104.0691028,9.0,-1.0,-37.0
1776886104.0791028,8.0,2.0,-31.0
1776886104.0891027,8.0,4.0,-33.0
1776886104.0991027,7.0,3.0,-36.0
1776886104.1091027,8.0,3.0,-37.0
1776886104.1191027,10.0,2.0,-38.0
1776886104.1291027,11.0,-5.0,-35.0
1776886104.1391027,11.0,-5.0,-37.0
1776886104.1491027,8.0,-4.0,-37.0
1776886104.159103,7.0,-6.0,-40.0
1776886104.169103,2.0,0.0,-42.0
1776886104.179103,3.0,3.0,-44.0
1776886104.1891026,4.0,3.0,-36.0
1776886104.1991026,3.0,6.0,-32.0
1776886104.2091026,3.0,6.0,-40.0
1776886104.2191026,-4.0,3.0,-39.0
1776886104.2291028,-5.0,4.0,-32.0
1776886104.2391028,-2.0,1.0,-41.0
1776886104.2491028,-2.0,3.0,-42.0
1776886104.2591028,-5.0,6.0,-44.0
1776886104.2691028,-5.0,4.0,-44.0
1776886104.2791028,-10.0,2.0,-47.0
1776886104.2891028,-7.0,0.0,-39.0
1776886104.2991028,-7.0,-4.0,-34.0
1776886104.3091028,-6.0,-5.0,-38.0
1776886104.3191028,-3.0,-6.0,-43.0
1776886104.3291028,0.0,-3.0,-42.0
1776886104.340103,5.0,-6.0,-38.0
1776886104.3491027,2.0,-2.0,-46.0
1776886104.360103,3.0,0.0,-50.0
1776886104.3701026,2.0,1.0,-49.0
1776886104.3801026,2.0,0.0,-55.0
1776886104.3901026,4.0,-3.0,-58.0
1776886104.4001029,8.0,-3.0,-49.0
1776886104.4101028,8.0,-1.0,-47.0
1776886104.4201028,8.0,0.0,-53.0
1776886104.4301028,5.0,0.0,-43.0
1776886104.4401028,3.0,-2.0,-38.0
1776886104.4501028,5.0,-1.0,-43.0
1776886104.4601028,0.0,0.0,-43.0
1776886104.4701028,1.0,0.0,-46.0
1776886104.4801028,3.0,0.0,-40.0
1776886104.4901028,-2.0,-5.0,-40.0
1776886104.5001028,-3.0,-4.0,-41.0
1776886104.5101027,-1.0,0.0,-41.0
1776886104.5201027,-1.0,2.0,-40.0
1776886104.5301027,-4.0,2.0,-33.0
1776886104.5401027,-3.0,7.0,-27.0
1776886104.5501027,0.0,7.0,-35.0
1776886104.5601027,1.0,7.0,-36.0
1776886104.5701027,2.0,4.0,-37.0
1776886104.5801027,-3.0,0.0,-35.0
1776886104.590103,0.0,0.0,-29.0
1776886104.600103,2.0,-1.0,-33.0
1776886104.610103,5.0,-2.0,-38.0
1776886104.6201026,4.0,-2.0,-41.0
1776886104.6301026,6.0,-3.0,-40.0
1776886104.6401026,6.0,-6.0,-42.0
1776886104.6501029,7.0,-5.0,-38.0
1776886104.6601028,3.0,-9.0,-42.0
1776886104.6701028,0.0,-8.0,-41.0
1776886104.6801028,-1.0,-9.0,-40.0
1776886104.6901028,1.0,-9.0,-38.0
1776886104.7001028,1.0,-11.0,-39.0
1776886104.7101028,-1.0,-9.0,-40.0
1776886104.7201028,-2.0,-7.0,-32.0
1776886104.7301028,-2.0,-4.0,-33.0
1776886104.7401028,-3.0,-4.0,-34.0
1776886104.7501028,0.0,-2.0,-42.0
1776886104.7601027,1.0,-2.0,-44.0
1776886104.7701027,0.0,-2.0,-41.0
1776886104.7801027,-2.0,-3.0,-32.0
1776886104.7901027,0.0,-2.0,-34.0
1776886104.8001027,0.0,0.0,-36.0
1776886104.8101027,0.0,-4.0,-41.0
1776886104.8201027,6.0,-2.0,-42.0
1776886104.8301027,8.0,0.0,-43.0
1776886104.840103,8.0,1.0,-39.0
1776886104.850103,7.0,4.0,-42.0
1776886104.860103,8.0,2.0,-37.0
1776886104.8701026,11.0,0.0,-36.0
1776886104.8801026,8.0,-3.0,-35.0
1776886104.8901026,6.0,-1.0,-41.0
1776886104.9001029,3.0,2.0,-38.0
1776886104.9101028,0.0,-1.0,-36.0
1776886104.9201028,1.0,2.0,-36.0
1776886104.9301028,-4.0,3.0,-32.0
1776886104.9401028,0.0,0.0,-38.0
1776886104.9501028,-2.0,-3.0,-32.0
1776886104.9601028,-3.0,-4.0,-34.0
1776886104.9701028,-3.0,-1.0,-37.0
1776886104.9801028,0.0,-2.0,-39.0
1776886104.9901028,6.0,-3.0,-39.0
1776886105.0001028,2.0,-2.0,-37.0
1776886105.0101027,5.0,-4.0,-39.0
1776886105.0201027,3.0,-3.0,-43.0
1776886105.0301027,2.0,-3.0,-42.0
1776886105.0401027,0.0,-2.0,-32.0
1776886105.0501027,2.0,-2.0,-27.0
1776886105.0601027,0.0,-3.0,-33.0
1776886105.0701027,1.0,-4.0,-43.0
1776886105.0801027,-2.0,-1.0,-46.0
1776886105.090103,2.0,-1.0,-44.0
1776886105.100103,-1.0,-5.0,-31.0
1776886105.110103,3.0,-6.0,-29.0
1776886105.1201026,2.0,-2.0,-28.0
1776886105.1301026,5.0,-3.0,-25.0
1776886105.1401026,0.0,-7.0,-26.0
1776886105.1501029,-1.0,-5.0,-25.0
1776886105.1601028,1.0,-2.0,-32.0
1776886105.1701028,0.0,-1.0,-32.0
1776886105.1801028,-2.0,-1.0,-37.0
1776886105.1901028,-2.0,2.0,-37.0
1776886105.2001028,-2.0,0.0,-44.0
1776886105.2101028,-9.0,-4.0,-49.0
1776886105.2201028,-8.0,0.0,-47.0
1776886105.2301028,-5.0,-2.0,-42.0
1776886105.2401028,-1.0,0.0,-46.0
1776886105.2501028,3.0,1.0,-46.0
1776886105.2601027,2.0,7.0,-46.0
1776886105.2701027,2.0,2.0,-45.0
1776886105.2801027,-1.0,5.0,-42.0
1776886105.2901027,0.0,1.0,-42.0
1776886105.3001027,-1.0,0.0,-42.0
1776886105.3101027,1.0,0.0,-35.0
1776886105.3201027,3.0,-3.0,-36.0
1776886105.3301027,0.0,-7.0,-36.0
1776886105.340103,1.0,-7.0,-35.0
1776886105.350103,1.0,-2.0,-43.0
1776886105.360103,0.0,-1.0,-41.0
1776886105.3701026,-2.0,-3.0,-46.0
1776886105.3801026,0.0,0.0,-42.0
1776886105.3901026,0.0,0.0,-42.0
1776886105.4001029,7.0,-2.0,-42.0
1776886105.4101028,8.0,-1.0,-37.0
1776886105.4201028,9.0,-4.0,-35.0
1776886105.4301028,8.0,-6.0,-36.0
1776886105.4401028,5.0,-4.0,-35.0
1776886105.4501028,7.0,-6.0,-37.0
1776886105.4601028,8.0,-5.0,-37.0
1776886105.4701028,6.0,-5.0,-36.0
1776886105.4801028,2.0,-4.0,-39.0
1776886105.4901028,5.0,1.0,-39.0
1776886105.5001028,0.0,1.0,-33.0
1776886105.5101027,-1.0,-3.0,-31.0
1776886105.5201027,-2.0,-7.0,-36.0
1776886105.5301027,-4.0,-6.0,-32.0
1776886105.5401027,-2.0,-5.0,-35.0
1776886105.5501027,-6.0,-4.0,-37.0
1776886105.5601027,-6.0,-1.0,-31.0
1776886105.5701027,0.0,0.0,-30.0
1776886105.5801027,5.0,1.0,-31.0
1776886105.590103,4.0,0.0,-38.0
1776886105.600103,4.0,0.0,-41.0
1776886105.610103,2.0,2.0,-36.0
1776886105.6201026,-2.0,0.0,-33.0
1776886105.6301026,0.0,-1.0,-33.0
1776886105.6401026,0.0,0.0,-45.0
1776886105.6501029,-2.0,0.0,-38.0
1776886105.6601028,0.0,-1.0,-32.0
1776886105.6701028,0.0,0.0,-26.0
1776886105.6801028,1.0,0.0,-27.0
1776886105.6901028,0.0,2.0,-31.0
1776886105.7001028,1.0,0.0,-31.0
1776886105.7101028,0.0,-3.0,-37.0
1776886105.7201028,-1.0,0.0,-46.0
1776886105.7301028,-3.0,3.0,-49.0
1776886105.7401028,-5.0,5.0,-51.0
1776886105.7501028,-6.0,3.0,-48.0
1776886105.7601027,-8.0,3.0,-49.0
1776886105.7701027,-4.0,-1.0,-48.0
1776886105.7801027,-4.0,-1.0,-45.0
1776886105.7901027,-4.0,-2.0,-46.0
1776886105.8001027,0.0,-1.0,-43.0
1776886105.8101027,-2.0,3.0,-34.0
1776886105.8201027,0.0,2.0,-26.0
1776886105.8301027,2.0,1.0,-23.0
1776886105.840103,1.0,2.0,-28.0
1776886105.850103,3.0,2.0,-30.0
1776886105.860103,6.0,0.0,-31.0
1776886105.8701026,4.0,0.0,-32.0
1776886105.8801026,2.0,-1.0,-38.0
1776886105.8901026,1.0,-1.0,-37.0
1776886105.9001029,0.0,-2.0,-40.0
1776886105.9101028,0.0,-2.0,-43.0
1776886105.9201028,0.0,-2.0,-48.0
1776886105.9301028,0.0,-1.0,-50.0
1776886105.9401028,3.0,0.0,-49.0
1776886105.9501028,1.0,3.0,-43.0
1776886105.9601028,-1.0,3.0,-45.0
1776886105.9701028,1.0,0.0,-49.0
1776886105.9801028,2.0,0.0,-49.0
1776886105.9901028,0.0,0.0,-48.0
1776886106.0001028,-1.0,2.0,-49.0
1776886106.0101027,0.0,2.0,-46.0
1776886106.0201027,5.0,1.0,-47.0
1776886106.0301027,5.0,-2.0,-49.0
1776886106.0401027,7.0,-5.0,-51.0
1776886106.0501027,8.0,-4.0,-50.0
1776886106.0601027,6.0,-4.0,-46.0
1776886106.0701027,2.0,-2.0,-43.0
1776886106.0801027,3.0,0.0,-44.0
1776886106.090103,7.0,-2.0,-41.0
1776886106.100103,5.0,-1.0,-46.0
1776886106.110103,3.0,0.0,-42.0
1776886106.1201026,5.0,1.0,-36.0
1776886106.1301026,5.0,2.0,-33.0
1776886106.1401026,5.0,3.0,-36.0
1776886106.1501029,7.0,1.0,-35.0
1776886106.1601028,3.0,4.0,-32.0
1776886106.1701028,3.0,1.0,-32.0
1776886106.1801028,1.0,0.0,-38.0
1776886106.1901028,0.0,-5.0,-41.0
1776886106.2001028,0.0,-1.0,-35.0
1776886106.2101028,-1.0,-2.0,-41.0
1776886106.2201028,-3.0,-3.0,-43.0
1776886106.2301028,0.0,-2.0,-45.0
1776886106.2401028,3.0,-5.0,-48.0
1776886106.2501028,6.0,-4.0,-49.0
1776886106.2601027,6.0,-2.0,-50.0
1776886106.2701027,13.0,-4.0,-50.0
1776886106.2801027,11.0,-8.0,-46.0
1776886106.2901027,9.0,-9.0,-43.0
1776886106.3001027,7.0,-7.0,-36.0
1776886106.3101027,4.0,-5.0,-39.0
1776886106.3201027,4.0,-3.0,-40.0
1776886106.3301027,3.0,-7.0,-40.0
1776886106.340103,4.0,-7.0,-37.0
1776886106.350103,5.0,-3.0,-40.0
1776886106.360103,3.0,-3.0,-42.0
1776886106.3711028,1.0,-3.0,-47.0
1776886106.3811028,0.0,-6.0,-43.0
1776886106.3911028,-1.0,-7.0,-44.0
1776886106.4011028,-1.0,-3.0,-42.0
1776886106.4111028,-1.0,-3.0,-42.0
1776886106.4211028,-2.0,-2.0,-42.0
1776886106.4311028,0.0,-1.0,-40.0
1776886106.4411027,3.0,0.0,-36.0
1776886106.4511027,0.0,5.0,-42.0
1776886106.4611027,0.0,5.0,-40.0
1776886106.4711027,0.0,5.0,-38.0
1776886106.4811027,3.0,6.0,-42.0
1776886106.4911027,3.0,4.0,-42.0
1776886106.5011027,0.0,3.0,-41.0
1776886106.511103,-4.0,3.0,-49.0
1776886106.521103,-3.0,0.0,-45.0
1776886106.5321028,-1.0,-4.0,-44.0
1776886106.5411026,-3.0,-1.0,-42.0
1776886106.5511026,-2.0,-5.0,-36.0
1776886106.5611026,-2.0,-4.0,-39.0
1776886106.5711029,-1.0,-3.0,-39.0
1776886106.5811028,-1.0,-4.0,-43.0
1776886106.5911028,-3.0,-2.0,-42.0
1776886106.6011028,-1.0,-3.0,-37.0
1776886106.6111028,-2.0,-3.0,-36.0
1776886106.6211028,-5.0,-2.0,-35.0
1776886106.6311028,-7.0,0.0,-35.0
1776886106.6411028,-5.0,-2.0,-38.0
1776886106.6511028,-4.0,-3.0,-37.0
1776886106.6611028,2.0,-4.0,-35.0
1776886106.6711028,0.0,-2.0,-34.0
1776886106.6811028,0.0,-2.0,-30.0
1776886106.6911027,3.0,-5.0,-35.0
1776886106.7011027,7.0,-6.0,-36.0
1776886106.7111027,5.0,-6.0,-37.0
1776886106.7211027,5.0,-5.0,-39.0
1776886106.7311027,5.0,-8.0,-41.0
1776886106.7411027,7.0,-6.0,-43.0
1776886106.7511027,8.0,-4.0,-47.0
1776886106.761103,5.0,-6.0,-39.0
1776886106.771103,4.0,-3.0,-33.0
1776886106.781103,8.0,0.0,-31.0
1776886106.7911026,6.0,0.0,-29.0
1776886106.8011026,4.0,0.0,-32.0
1776886106.8111026,1.0,4.0,-28.0
1776886106.8211029,1.0,2.0,-26.0
1776886106.8311028,-2.0,-1.0,-23.0
1776886106.8411028,-3.0,-1.0,-27.0
1776886106.8511028,-2.0,0.0,-35.0
1776886106.8611028,2.0,5.0,-40.0
1776886106.8711028,2.0,3.0,-33.0
1776886106.8811028,1.0,1.0,-37.0
1776886106.8911028,0.0,-2.0,-38.0
1776886106.9011028,-3.0,-3.0,-47.0
1776886106.9111028,-2.0,-7.0,-44.0
1776886106.9211028,-1.0,-5.0,-51.0
1776886106.9311028,-4.0,-6.0,-47.0
1776886106.9411027,0.0,-5.0,-45.0
1776886106.9511027,0.0,-4.0,-46.0
1776886106.9611027,1.0,-5.0,-46.0
1776886106.9711027,3.0,-3.0,-37.0
1776886106.9811027,4.0,-4.0,-33.0
1776886106.9911027,3.0,-5.0,-37.0
1776886107.0011027,3.0,-4.0,-39.0
1776886107.011103,6.0,-4.0,-30.0
1776886107.021103,6.0,-6.0,-38.0
1776886107.031103,11.0,-4.0,-35.0
1776886107.0411026,10.0,-1.0,-37.0
1776886107.0511026,5.0,0.0,-29.0
1776886107.0611026,3.0,0.0,-33.0
1776886107.0711029,3.0,4.0,-43.0
1776886107.0811028,2.0,8.0,-38.0
1776886107.0911028,0.0,2.0,-36.0
1776886107.1011028,0.0,2.0,-32.0
1776886107.1111028,1.0,2.0,-32.0
1776886107.1211028,0.0,3.0,-38.0
1776886107.1311028,-2.0,0.0,-45.0
1776886107.1411028,-3.0,-1.0,-49.0
1776886107.1511028,-4.0,-1.0,-51.0
1776886107.1611028,3.0,0.0,-45.0
1776886107.1711028,6.0,1.0,-40.0
1776886107.1811028,3.0,0.0,-40.0
1776886107.1911027,0.0,0.0,-38.0
1776886107.2011027,1.0,1.0,-29.0
1776886107.2111027,-2.0,4.0,-30.0
1776886107.2211027,-2.0,2.0,-34.0
1776886107.2311027,-7.0,2.0,-36.0
1776886107.2411027,-6.0,0.0,-36.0
1776886107.2511027,-5.0,0.0,-33.0
1776886107.261103,0.0,0.0,-38.0
1776886107.271103,3.0,-2.0,-44.0
1776886107.281103,0.0,-4.0,-44.0
1776886107.2911026,-1.0,-8.0,-40.0
1776886107.3011026,2.0,0.0,-38.0
1776886107.3111026,6.0,0.0,-41.0
1776886107.3211029,7.0,-3.0,-44.0
1776886107.3311028,7.0,-3.0,-45.0
1776886107.3411028,7.0,-5.0,-46.0
1776886107.3511028,4.0,-9.0,-51.0
1776886107.3611028,3.0,-9.0,-43.0
1776886107.3711028,8.0,-7.0,-46.0
1776886107.3811028,7.0,-7.0,-42.0
1776886107.3911028,5.0,-5.0,-42.0
1776886107.4011028,6.0,-5.0,-39.0
1776886107.4111028,6.0,-6.0,-43.0
1776886107.4211028,5.0,-7.0,-46.0
1776886107.4311028,8.0,-7.0,-49.0
1776886107.4411027,4.0,0.0,-46.0
1776886107.4511027,4.0,2.0,-45.0
1776886107.4611027,3.0,1.0,-45.0
1776886107.4711027,1.0,2.0,-43.0
1776886107.4811027,3.0,0.0,-44.0
1776886107.4911027,3.0,0.0,-48.0
1776886107.5011027,2.0,0.0,-39.0
1776886107.511103,-3.0,2.0,-39.0
1776886107.521103,-3.0,1.0,-38.0
1776886107.531103,-7.0,4.0,-41.0
1776886107.5411026,-4.0,1.0,-46.0
1776886107.5511026,-2.0,0.0,-44.0
1776886107.5611026,0.0,0.0,-46.0
1776886107.5711029,5.0,-1.0,-44.0
1776886107.5811028,4.0,-1.0,-42.0
1776886107.5911028,1.0,0.0,-43.0
1776886107.6011028,2.0,-2.0,-39.0
1776886107.6111028,2.0,-2.0,-43.0
1776886107.6211028,0.0,0.0,-41.0
1776886107.6311028,1.0,0.0,-39.0
1776886107.6411028,2.0,-3.0,-40.0
1776886107.6511028,-1.0,-4.0,-38.0
1776886107.6611028,-3.0,-2.0,-37.0
1776886107.6711028,-2.0,-3.0,-36.0
1776886107.6811028,-1.0,-3.0,-37.0
1776886107.6911027,-1.0,0.0,-43.0
1776886107.7011027,-1.0,-1.0,-41.0
1776886107.7111027,2.0,-3.0,-44.0
1776886107.7211027,3.0,-6.0,-42.0
1776886107.7311027,0.0,-8.0,-43.0
1776886107.7411027,-2.0,-4.0,-42.0
1776886107.7511027,-1.0,-4.0,-37.0
1776886107.761103,2.0,-1.0,-33.0
1776886107.771103,5.0,-4.0,-37.0
1776886107.781103,5.0,-8.0,-34.0
1776886107.7911026,4.0,-5.0,-30.0
1776886107.8011026,3.0,-8.0,-33.0
1776886107.8111026,6.0,-4.0,-32.0
1776886107.8211029,4.0,-3.0,-38.0
1776886107.8311028,4.0,-5.0,-48.0
1776886107.8411028,5.0,-8.0,-44.0
1776886107.8511028,8.0,-9.0,-41.0
1776886107.8611028,8.0,-8.0,-32.0
1776886107.8711028,7.0,-5.0,-28.0
1776886107.8811028,1.0,-6.0,-35.0
1776886107.8911028,3.0,-6.0,-30.0
1776886107.9011028,5.0,-5.0,-29.0
1776886107.9111028,0.0,-2.0,-27.0
1776886107.9211028,0.0,-4.0,-24.0
1776886107.9311028,2.0,-2.0,-27.0
1776886107.9411027,5.0,-2.0,-27.0
1776886107.9511027,5.0,-1.0,-26.0
1776886107.9611027,5.0,0.0,-26.0
1776886107.9711027,3.0,-2.0,-22.0
1776886107.9811027,4.0,-1.0,-26.0
1776886107.9911027,-2.0,-2.0,-22.0
1776886108.0011027,-5.0,0.0,-28.0
1776886108.011103,-1.0,-1.0,-33.0
1776886108.021103,2.0,-4.0,-28.0
1776886108.031103,0.0,-8.0,-34.0
1776886108.0411026,2.0,-8.0,-36.0
1776886108.0511026,2.0,-10.0,-35.0
1776886108.0611026,0.0,-8.0,-38.0
1776886108.0711029,1.0,-8.0,-44.0
1776886108.0811028,1.0,-5.0,-47.0
1776886108.0911028,-2.0,-3.0,-41.0
1776886108.1011028,0.0,3.0,-41.0
1776886108.1111028,0.0,4.0,-44.0
1776886108.1211028,2.0,3.0,-45.0
1776886108.1311028,-1.0,4.0,-44.0
1776886108.1411028,0.0,4.0,-37.0
1776886108.1511028,0.0,1.0,-34.0
1776886108.1611028,0.0,-3.0,-37.0
1776886108.1711028,3.0,-3.0,-42.0
1776886108.1811028,0.0,-6.0,-39.0
1776886108.1911027,3.0,-2.0,-39.0
1776886108.2011027,3.0,-4.0,-37.0
1776886108.2111027,3.0,-6.0,-36.0
1776886108.2211027,2.0,-5.0,-34.0
1776886108.2311027,4.0,-7.0,-37.0
1776886108.2411027,4.0,-5.0,-43.0
1776886108.2511027,4.0,-2.0,-39.0
1776886108.261103,5.0,-2.0,-38.0
1776886108.271103,6.0,-3.0,-37.0
1776886108.281103,-2.0,-1.0,-37.0
1776886108.2911026,-3.0,-2.0,-42.0
1776886108.3011026,-6.0,-4.0,-43.0
1776886108.3111026,-6.0,-2.0,-41.0
1776886108.3211029,-4.0,0.0,-40.0
1776886108.3311028,-5.0,0.0,-44.0
1776886108.3421028,-2.0,1.0,-43.0
1776886108.3521028,-1.0,1.0,-39.0
1776886108.3621027,-3.0,0.0,-40.0
1776886108.3721027,-5.0,0.0,-34.0
1776886108.3821027,-3.0,0.0,-38.0
1776886108.3921027,-2.0,0.0,-38.0
1776886108.4021027,-4.0,1.0,-41.0
1776886108.4121027,0.0,0.0,-43.0
1776886108.4221027,1.0,-2.0,-47.0
1776886108.432103,3.0,-1.0,-45.0
1776886108.442103,2.0,-4.0,-42.0
1776886108.452103,2.0,-5.0,-44.0
1776886108.462103,4.0,-4.0,-44.0
1776886108.4721026,2.0,-6.0,-36.0
1776886108.4821026,0.0,-6.0,-37.0
1776886108.4921026,-4.0,-7.0,-40.0
1776886108.5021029,-6.0,-2.0,-38.0
1776886108.5121028,-5.0,-3.0,-39.0
1776886108.5221028,-1.0,-1.0,-35.0
1776886108.5321028,-1.0,0.0,-38.0
1776886108.5421028,0.0,-1.0,-34.0
1776886108.5521028,2.0,-3.0,-35.0
1776886108.5621028,0.0,0.0,-42.0
1776886108.5721028,1.0,0.0,-45.0
1776886108.5821028,7.0,0.0,-47.0
1776886108.5921028,9.0,0.0,-46.0
1776886108.6021028,6.0,1.0,-46.0
1776886108.6121027,3.0,-1.0,-45.0
1776886108.6221027,3.0,-4.0,-37.0
1776886108.6321027,0.0,-6.0,-35.0
1776886108.6421027,2.0,-3.0,-34.0
1776886108.6521027,4.0,0.0,-35.0
1776886108.6621027,-4.0,-2.0,-33.0
1776886108.6721027,0.0,-5.0,-41.0
1776886108.682103,3.0,-4.0,-50.0
1776886108.692103,3.0,0.0,-48.0
1776886108.702103,0.0,1.0,-50.0
1776886108.712103,5.0,3.0,-54.0
1776886108.7221026,0.0,3.0,-47.0
1776886108.7321026,0.0,0.0,-47.0
1776886108.7421026,0.0,-2.0,-40.0
1776886108.7521029,1.0,0.0,-41.0
1776886108.7621028,0.0,-3.0,-39.0
1776886108.7721028,3.0,-5.0,-41.0
1776886108.7821028,0.0,3.0,-37.0
1776886108.7921028,-6.0,2.0,-38.0
1776886108.8021028,-2.0,0.0,-45.0
1776886108.8121028,0.0,-3.0,-42.0
1776886108.8221028,2.0,-4.0,-42.0
1776886108.8321028,2.0,-3.0,-48.0
1776886108.8421028,6.0,-1.0,-47.0
1776886108.8521028,3.0,0.0,-50.0
1776886108.8621027,1.0,2.0,-50.0
1776886108.8721027,2.0,4.0,-50.0
1776886108.8821027,0.0,1.0,-51.0
1776886108.8921027,-1.0,-1.0,-50.0
1776886108.9021027,-3.0,-1.0,-42.0
1776886108.9121027,3.0,-2.0,-40.0
1776886108.9221027,1.0,0.0,-36.0
1776886108.932103,-2.0,0.0,-39.0
1776886108.942103,-1.0,0.0,-40.0
1776886108.952103,1.0,0.0,-44.0
1776886108.962103,-1.0,-1.0,-45.0
1776886108.9721026,0.0,-6.0,-42.0
1776886108.9821026,-1.0,-7.0,-39.0
1776886108.9921026,-3.0,-4.0,-35.0
1776886109.0021029,-3.0,-5.0,-33.0
1776886109.0121028,2.0,0.0,-33.0
1776886109.0221028,0.0,2.0,-41.0
1776886109.0321028,0.0,2.0,-45.0
1776886109.0421028,0.0,1.0,-44.0
1776886109.0521028,0.0,3.0,-41.0
1776886109.0621028,-1.0,3.0,-43.0
1776886109.0721028,4.0,-1.0,-37.0
1776886109.0821028,4.0,-1.0,-43.0
1776886109.0921028,4.0,-4.0,-41.0
1776886109.1021028,3.0,-7.0,-40.0
1776886109.1121027,5.0,-7.0,-34.0
1776886109.1221027,5.0,-8.0,-31.0
1776886109.1321027,2.0,-4.0,-31.0
1776886109.1421027,0.0,-7.0,-34.0
1776886109.1521027,-3.0,-9.0,-37.0
1776886109.1621027,-1.0,-8.0,-38.0
1776886109.1721027,-1.0,-8.0,-38.0
1776886109.182103,-2.0,-5.0,-36.0
1776886109.192103,-2.0,-2.0,-41.0
1776886109.202103,2.0,-4.0,-45.0
1776886109.212103,0.0,-4.0,-46.0
1776886109.2221026,2.0,-4.0,-41.0
1776886109.2321026,3.0,-3.0,-40.0
1776886109.2421026,3.0,-4.0,-40.0
1776886109.2521029,4.0,-2.0,-43.0
1776886109.2621028,2.0,-4.0,-39.0
1776886109.2721028,4.0,-2.0,-39.0
1776886109.2821028,4.0,-4.0,-36.0
1776886109.2921028,7.0,-3.0,-37.0
1776886109.3021028,6.0,-6.0,-40.0
1776886109.3121028,6.0,-4.0,-36.0
1776886109.3221028,1.0,4.0,-38.0
1776886109.3321028,-1.0,1.0,-39.0
1776886109.3421028,-2.0,-1.0,-38.0
1776886109.3521028,0.0,0.0,-35.0
1776886109.3621027,-1.0,-2.0,-41.0
1776886109.3721027,0.0,-3.0,-35.0
1776886109.3821027,0.0,-4.0,-40.0
1776886109.3921027,-2.0,-1.0,-46.0
1776886109.4021027,-6.0,2.0,-47.0
1776886109.4121027,-4.0,0.0,-54.0
1776886109.4221027,-5.0,-1.0,-45.0
1776886109.432103,2.0,-1.0,-38.0
1776886109.442103,1.0,-5.0,-37.0
1776886109.452103,-1.0,-5.0,-34.0
1776886109.462103,-3.0,-4.0,-34.0
1776886109.4721026,-5.0,-8.0,-31.0
1776886109.4821026,-4.0,-6.0,-26.0
1776886109.4921026,-5.0,-9.0,-28.0
1776886109.5021029,-3.0,-6.0,-28.0
1776886109.5121028,-3.0,-3.0,-31.0
1776886109.5221028,-6.0,-6.0,-34.0
1776886109.5321028,-11.0,-3.0,-38.0
1776886109.5421028,-11.0,0.0,-37.0
1776886109.5521028,-8.0,4.0,-33.0
1776886109.5621028,-2.0,4.0,-34.0
1776886109.5721028,0.0,0.0,-31.0
1776886109.5821028,-5.0,0.0,-28.0
1776886109.5921028,-5.0,1.0,-35.0
1776886109.6021028,0.0,3.0,-35.0
1776886109.6121027,-1.0,0.0,-37.0
1776886109.6221027,0.0,-1.0,-33.0
1776886109.6321027,1.0,-3.0,-31.0
1776886109.6421027,4.0,-4.0,-29.0
1776886109.6521027,3.0,-3.0,-24.0
1776886109.6621027,2.0,-1.0,-21.0
1776886109.6721027,-3.0,-4.0,-24.0
1776886109.682103,-7.0,-4.0,-31.0
1776886109.692103,-6.0,-5.0,-26.0
1776886109.702103,-3.0,-4.0,-25.0
1776886109.712103,-2.0,-7.0,-29.0
1776886109.7221026,-3.0,-5.0,-34.0
1776886109.7321026,1.0,-5.0,-34.0
1776886109.7421026,2.0,1.0,-33.0
1776886109.7521029,0.0,-2.0,-35.0
1776886109.7621028,-3.0,1.0,-34.0
1776886109.7721028,-2.0,-6.0,-35.0
1776886109.7821028,-1.0,-6.0,-41.0
1776886109.7921028,4.0,-4.0,-39.0
1776886109.8021028,7.0,-4.0,-38.0
1776886109.8121028,6.0,-3.0,-40.0
1776886109.8221028,4.0,-3.0,-47.0
1776886109.8321028,7.0,-1.0,-44.0
1776886109.8421028,1.0,-4.0,-45.0
1776886109.8521028,1.0,-7.0,-39.0
1776886109.8621027,0.0,-11.0,-40.0
1776886109.8721027,1.0,-8.0,-48.0
1776886109.8821027,2.0,-5.0,-44.0
1776886109.8921027,0.0,-5.0,-42.0
1776886109.9021027,-1.0,0.0,-48.0
1776886109.9121027,-2.0,3.0,-45.0
1776886109.9221027,-3.0,2.0,-46.0
1776886109.932103,-4.0,5.0,-48.0
1776886109.942103,-3.0,5.0,-50.0
1776886109.952103,-1.0,7.0,-48.0
1776886109.962103,-2.0,7.0,-48.0
1776886109.9721026,-2.0,8.0,-43.0
1776886109.9821026,-2.0,7.0,-42.0
1776886109.9921026,0.0,8.0,-40.0
1776886110.0021029,0.0,9.0,-48.0
1776886110.0121028,0.0,4.0,-48.0
1776886110.0221028,2.0,0.0,-46.0
1776886110.0321028,1.0,-2.0,-46.0
1776886110.0421028,3.0,0.0,-45.0
1776886110.0521028,10.0,0.0,-40.0
1776886110.0621028,13.0,1.0,-40.0
1776886110.0721028,10.0,1.0,-41.0
1776886110.0821028,12.0,0.0,-32.0
1776886110.0921028,8.0,-2.0,-30.0
1776886110.1021028,5.0,0.0,-31.0
1776886110.1121027,0.0,0.0,-30.0
1776886110.1221027,-4.0,2.0,-26.0
1776886110.1321027,-8.0,0.0,-26.0
1776886110.1421027,-6.0,0.0,-30.0
1776886110.1521027,-3.0,2.0,-32.0
1776886110.1621027,0.0,0.0,-29.0
1776886110.1721027,3.0,-5.0,-27.0
1776886110.182103,3.0,-6.0,-34.0
1776886110.192103,1.0,-6.0,-34.0
1776886110.202103,0.0,-3.0,-32.0
1776886110.212103,3.0,0.0,-31.0
1776886110.2221026,4.0,0.0,-35.0
1776886110.2321026,5.0,-4.0,-40.0
1776886110.2421026,5.0,-5.0,-54.0
1776886110.2521029,3.0,-6.0,-49.0
1776886110.2621028,3.0,-6.0,-48.0
1776886110.2721028,-3.0,-7.0,-52.0
1776886110.2821028,-3.0,-5.0,-55.0
1776886110.2921028,-7.0,-3.0,-50.0
1776886110.3021028,-7.0,0.0,-48.0
1776886110.3131027,-8.0,0.0,-47.0
1776886110.3231027,-7.0,0.0,-48.0
1776886110.3321028,-4.0,-2.0,-48.0
1776886110.3431027,0.0,-5.0,-49.0
1776886110.3531027,0.0,-5.0,-46.0
1776886110.363103,-6.0,-3.0,-44.0
1776886110.373103,-10.0,-3.0,-44.0
1776886110.383103,-7.0,-7.0,-40.0
1776886110.3931026,-6.0,-7.0,-40.0
1776886110.4031026,-2.0,-5.0,-41.0
1776886110.4131026,-1.0,-6.0,-33.0
1776886110.4231029,-3.0,-5.0,-33.0
1776886110.4331028,-5.0,-3.0,-35.0
1776886110.4431028,-7.0,0.0,-35.0
1776886110.4531028,-4.0,0.0,-44.0
1776886110.4631028,-3.0,0.0,-42.0
1776886110.4731028,-5.0,1.0,-43.0
1776886110.4831028,-3.0,-1.0,-44.0
1776886110.4931028,-3.0,0.0,-49.0
1776886110.5031028,-1.0,-1.0,-44.0
1776886110.5131028,-3.0,1.0,-40.0
1776886110.5231028,0.0,0.0,-38.0
1776886110.5331028,3.0,-1.0,-44.0
1776886110.5431027,2.0,-2.0,-36.0
1776886110.5531027,4.0,-3.0,-31.0
1776886110.5631027,6.0,-5.0,-41.0
1776886110.5731027,2.0,-5.0,-43.0
1776886110.5831027,0.0,-1.0,-42.0
1776886110.5931027,3.0,2.0,-39.0
1776886110.6031027,3.0,0.0,-38.0
1776886110.613103,6.0,-7.0,-39.0
1776886110.623103,4.0,-6.0,-34.0
1776886110.633103,3.0,-3.0,-30.0
1776886110.6431026,3.0,-1.0,-29.0
1776886110.6531026,0.0,0.0,-35.0
1776886110.6631026,0.0,0.0,-39.0
1776886110.6731029,1.0,0.0,-36.0
1776886110.6831028,0.0,1.0,-36.0
1776886110.6931028,-3.0,0.0,-36.0
1776886110.7031028,-1.0,4.0,-39.0
1776886110.7131028,0.0,3.0,-35.0
1776886110.7231028,2.0,2.0,-35.0
1776886110.7331028,0.0,5.0,-38.0
1776886110.7431028,0.0,2.0,-35.0
1776886110.7531028,-1.0,1.0,-33.0
1776886110.7631028,-1.0,0.0,-32.0
1776886110.7731028,4.0,-1.0,-33.0
1776886110.7831028,7.0,-3.0,-30.0
1776886110.7931027,9.0,-5.0,-35.0
1776886110.8031027,11.0,-2.0,-34.0
1776886110.8131027,12.0,-2.0,-30.0
1776886110.8231027,11.0,-6.0,-32.0
1776886110.8331027,7.0,-6.0,-37.0
1776886110.8431027,1.0,-8.0,-32.0
1776886110.8531027,-1.0,-5.0,-30.0
1776886110.863103,-4.0,-1.0,-31.0
1776886110.873103,-4.0,1.0,-26.0
1776886110.883103,-5.0,0.0,-31.0
1776886110.8931026,-1.0,-2.0,-40.0
1776886110.9031026,0.0,0.0,-43.0
1776886110.9131026,3.0,-3.0,-41.0
1776886110.9231029,3.0,-2.0,-44.0
1776886110.9331028,1.0,0.0,-43.0
1776886110.9431028,1.0,4.0,-37.0
1776886110.9531028,2.0,4.0,-43.0
1776886110.9631028,6.0,5.0,-48.0
1776886110.9731028,9.0,3.0,-46.0
1776886110.9831028,6.0,4.0,-50.0
1776886110.9931028,3.0,7.0,-52.0
1776886111.0031028,2.0,6.0,-47.0
1776886111.0131028,0.0,3.0,-45.0
1776886111.0231028,0.0,0.0,-42.0
1776886111.0331028,-1.0,-4.0,-38.0
1776886111.0431027,0.0,-5.0,-39.0
1776886111.0531027,-2.0,-5.0,-40.0
1776886111.0631027,5.0,-4.0,-36.0
1776886111.0731027,1.0,-1.0,-41.0
1776886111.0831027,-2.0,-5.0,-44.0
1776886111.0931027,-2.0,-5.0,-43.0
1776886111.1031027,0.0,-1.0,-38.0
1776886111.113103,5.0,0.0,-41.0
1776886111.123103,7.0,-2.0,-41.0
1776886111.133103,6.0,-3.0,-47.0
1776886111.1431026,4.0,-2.0,-47.0
1776886111.1531026,1.0,0.0,-46.0
1776886111.1631026,-1.0,1.0,-43.0
1776886111.1731029,-1.0,-4.0,-45.0
1776886111.1831028,-3.0,-5.0,-47.0
1776886111.1931028,0.0,-4.0,-49.0
1776886111.2031028,1.0,-1.0,-50.0
1776886111.2131028,0.0,0.0,-48.0
1776886111.2231028,2.0,3.0,-49.0
1776886111.2331028,-1.0,6.0,-49.0
1776886111.2431028,0.0,5.0,-47.0
1776886111.2531028,-3.0,2.0,-44.0
1776886111.2631028,-8.0,-1.0,-46.0
1776886111.2731028,-6.0,-3.0,-47.0
1776886111.2831028,-2.0,-4.0,-39.0
1776886111.2931027,-2.0,-3.0,-39.0
1776886111.3031027,-2.0,1.0,-38.0
1776886111.3131027,-4.0,0.0,-41.0
1776886111.3231027,-6.0,0.0,-36.0
1776886111.3331027,-10.0,1.0,-39.0
1776886111.3431027,-9.0,2.0,-34.0
1776886111.3531027,-5.0,0.0,-37.0
1776886111.363103,-2.0,0.0,-41.0
1776886111.373103,-3.0,-5.0,-41.0
1776886111.383103,-3.0,0.0,-41.0
1776886111.3931026,0.0,0.0,-40.0
1776886111.4031026,-3.0,0.0,-34.0
1776886111.4131026,-2.0,0.0,-31.0
1776886111.4231029,-1.0,-5.0,-32.0
1776886111.4331028,0.0,-7.0,-33.0
1776886111.4431028,4.0,-4.0,-36.0
1776886111.4531028,2.0,-5.0,-41.0
1776886111.4631028,2.0,-5.0,-44.0
1776886111.4731028,3.0,-6.0,-47.0
1776886111.4831028,0.0,-9.0,-42.0
1776886111.4931028,3.0,-11.0,-41.0
1776886111.5031028,1.0,-4.0,-40.0
1776886111.5131028,0.0,-6.0,-38.0
1776886111.5231028,1.0,-6.0,-36.0
1776886111.5331028,-2.0,-2.0,-36.0
1776886111.5431027,-1.0,0.0,-32.0
1776886111.5531027,-1.0,0.0,-33.0
1776886111.5631027,0.0,-1.0,-35.0
1776886111.5731027,0.0,-3.0,-44.0
1776886111.5831027,1.0,-1.0,-47.0
1776886111.5931027,2.0,3.0,-51.0
1776886111.6031027,4.0,3.0,-52.0
1776886111.613103,4.0,-1.0,-46.0
1776886111.623103,1.0,-2.0,-48.0
1776886111.633103,2.0,-1.0,-50.0
1776886111.6431026,0.0,-2.0,-45.0
1776886111.6531026,4.0,-2.0,-41.0
1776886111.6631026,0.0,-2.0,-37.0
1776886111.6731029,0.0,0.0,-36.0
1776886111.6831028,0.0,1.0,-32.0
1776886111.6931028,2.0,3.0,-40.0
1776886111.7031028,6.0,4.0,-42.0
1776886111.7131028,5.0,2.0,-42.0
1776886111.7231028,8.0,2.0,-39.0
1776886111.7331028,7.0,2.0,-39.0
1776886111.7431028,7.0,2.0,-40.0
1776886111.7531028,5.0,-1.0,-35.0
1776886111.7631028,1.0,-4.0,-39.0
1776886111.7731028,4.0,0.0,-34.0
1776886111.7831028,2.0,0.0,-36.0
1776886111.7931027,7.0,-3.0,-37.0
1776886111.8031027,0.0,-3.0,-42.0
1776886111.8131027,-1.0,-5.0,-44.0
1776886111.8231027,-3.0,-2.0,-48.0
1776886111.8331027,-4.0,0.0,-49.0
1776886111.8431027,-2.0,2.0,-44.0
1776886111.8531027,-1.0,1.0,-42.0
1776886111.863103,-2.0,-1.0,-42.0
1776886111.873103,-1.0,0.0,-43.0
1776886111.883103,0.0,0.0,-43.0
1776886111.8931026,2.0,0.0,-39.0
1776886111.9031026,4.0,0.0,-32.0
1776886111.9131026,5.0,0.0,-38.0
1776886111.9231029,3.0,0.0,-35.0
1776886111.9331028,5.0,-2.0,-40.0
1776886111.9431028,6.0,-5.0,-43.0
1776886111.9531028,4.0,-5.0,-44.0
1776886111.9631028,8.0,-4.0,-36.0
1776886111.9731028,4.0,-2.0,-30.0
1776886111.9831028,4.0,-5.0,-30.0
1776886111.9931028,3.0,-5.0,-31.0
1776886112.0031028,4.0,-5.0,-35.0
1776886112.0131028,0.0,-4.0,-25.0
1776886112.0231028,-1.0,-6.0,-26.0
1776886112.0331028,1.0,-4.0,-33.0
1776886112.0431027,2.0,-3.0,-36.0
1776886112.0531027,-1.0,-5.0,-43.0
1776886112.0631027,-4.0,-7.0,-45.0
1776886112.0731027,-1.0,-5.0,-41.0
1776886112.0831027,-1.0,-1.0,-45.0
1776886112.0931027,0.0,-4.0,-39.0
1776886112.1031027,0.0,-5.0,-37.0
1776886112.113103,1.0,-3.0,-45.0
1776886112.123103,0.0,-4.0,-43.0
1776886112.133103,-5.0,-1.0,-39.0
1776886112.1431026,-7.0,-1.0,-31.0
1776886112.1531026,-4.0,-2.0,-35.0
1776886112.1631026,-4.0,-3.0,-41.0
1776886112.1731029,-3.0,-6.0,-44.0
1776886112.1831028,-3.0,-2.0,-53.0
1776886112.1931028,-1.0,1.0,-56.0
1776886112.2031028,0.0,0.0,-53.0
1776886112.2131028,2.0,2.0,-42.0
1776886112.2231028,5.0,0.0,-38.0
1776886112.2331028,4.0,-3.0,-34.0
1776886112.2431028,5.0,-3.0,-32.0
1776886112.2531028,4.0,0.0,-40.0
1776886112.2631028,6.0,-5.0,-42.0
1776886112.2731028,10.0,-4.0,-43.0
1776886112.2831028,4.0,0.0,-38.0
1776886112.2931027,0.0,0.0,-35.0
1776886112.3031027,-2.0,0.0,-30.0
1776886112.3131027,-6.0,0.0,-34.0
1776886112.3231027,-5.0,-4.0,-31.0
1776886112.3331027,-5.0,-3.0,-30.0
1776886112.3441026,-3.0,-5.0,-32.0
1776886112.3541028,2.0,-7.0,-29.0
1776886112.3641028,7.0,-4.0,-31.0
1776886112.3741028,5.0,-4.0,-30.0
1776886112.3841028,5.0,-1.0,-37.0
1776886112.3941028,3.0,0.0,-40.0
1776886112.4041028,-4.0,-1.0,-42.0
1776886112.4141028,-3.0,-1.0,-44.0
1776886112.4241028,0.0,-2.0,-43.0
1776886112.4341028,0.0,-2.0,-40.0
1776886112.4441028,0.0,-1.0,-36.0
1776886112.4541028,-3.0,0.0,-39.0
1776886112.4641027,-5.0,-2.0,-44.0
1776886112.4741027,-2.0,-2.0,-38.0
1776886112.4841027,-3.0,0.0,-36.0
1776886112.4941027,-1.0,-2.0,-35.0
1776886112.5041027,-1.0,-3.0,-34.0
1776886112.5141027,0.0,-5.0,-36.0
1776886112.5241027,-3.0,-2.0,-35.0
1776886112.534103,-5.0,-2.0,-31.0
1776886112.544103,-3.0,0.0,-27.0
1776886112.554103,-2.0,-4.0,-33.0
1776886112.5641026,3.0,-2.0,-28.0
1776886112.5741026,2.0,-3.0,-27.0
1776886112.5841026,4.0,0.0,-22.0
1776886112.5941026,0.0,1.0,-17.0
1776886112.6041028,0.0,4.0,-24.0
1776886112.6141028,-1.0,7.0,-28.0
1776886112.6241028,-3.0,11.0,-29.0
1776886112.6341028,-7.0,6.0,-29.0
1776886112.6441028,-3.0,0.0,-29.0
1776886112.6541028,-3.0,-1.0,-27.0
1776886112.6641028,0.0,-4.0,-26.0
1776886112.6741028,-5.0,-1.0,-23.0
1776886112.6841028,-6.0,-6.0,-33.0
1776886112.6941028,-2.0,-6.0,-37.0
1776886112.7041028,-1.0,-5.0,-33.0
1776886112.7141027,0.0,-6.0,-26.0
1776886112.7241027,-1.0,-3.0,-24.0
1776886112.7341027,0.0,-3.0,-26.0
1776886112.7441027,-5.0,-5.0,-31.0
1776886112.7541027,0.0,-8.0,-27.0
1776886112.7641027,3.0,-3.0,-32.0
1776886112.7741027,7.0,0.0,-33.0
1776886112.784103,1.0,3.0,-38.0
1776886112.794103,3.0,3.0,-37.0
1776886112.804103,1.0,0.0,-37.0
1776886112.8141026,2.0,0.0,-42.0
1776886112.8241026,0.0,0.0,-46.0
1776886112.8341026,-1.0,-4.0,-45.0
1776886112.8441026,-4.0,0.0,-41.0
1776886112.8541028,0.0,-2.0,-34.0
1776886112.8641028,2.0,-2.0,-35.0
1776886112.8741028,3.0,-3.0,-35.0
1776886112.8841028,0.0,-10.0,-38.0
1776886112.8941028,-7.0,-7.0,-30.0
1776886112.9041028,-3.0,-3.0,-25.0
1776886112.9141028,-2.0,-2.0,-30.0
1776886112.9241028,-2.0,-4.0,-30.0
1776886112.9341028,-1.0,-1.0,-32.0
1776886112.9441028,-2.0,0.0,-39.0
1776886112.9541028,-2.0,-1.0,-41.0
1776886112.9641027,4.0,-4.0,-45.0
1776886112.9741027,2.0,-5.0,-49.0
1776886112.9841027,0.0,-7.0,-51.0
1776886112.9941027,1.0,-3.0,-50.0
1776886113.0041027,6.0,-2.0,-49.0
1776886113.0141027,5.0,-3.0,-49.0
1776886113.0241027,-1.0,0.0,-45.0
1776886113.034103,0.0,-1.0,-43.0
1776886113.044103,2.0,-1.0,-41.0
1776886113.054103,5.0,-2.0,-37.0
1776886113.0641026,5.0,-5.0,-34.0
1776886113.0741026,4.0,-6.0,-34.0
1776886113.0841026,-1.0,-9.0,-30.0
1776886113.0941026,-3.0,-7.0,-33.0
1776886113.1041028,-1.0,-3.0,-34.0
1776886113.1141028,-2.0,-5.0,-39.0
1776886113.1241028,-5.0,0.0,-39.0
1776886113.1341028,-4.0,1.0,-43.0
1776886113.1441028,-1.0,-1.0,-37.0
1776886113.1541028,0.0,-1.0,-32.0
1776886113.1641028,2.0,-2.0,-34.0
1776886113.1741028,1.0,-1.0,-37.0
1776886113.1841028,1.0,0.0,-34.0
1776886113.1941028,-2.0,-1.0,-38.0
1776886113.2041028,-1.0,-2.0,-41.0
1776886113.2141027,0.0,-2.0,-39.0
1776886113.2241027,3.0,-5.0,-43.0
1776886113.2341027,6.0,-1.0,-42.0
1776886113.2441027,9.0,-2.0,-39.0
1776886113.2541027,6.0,0.0,-34.0
1776886113.2641027,7.0,-1.0,-32.0
1776886113.2741027,7.0,-4.0,-30.0
1776886113.284103,4.0,-2.0,-33.0
1776886113.294103,6.0,0.0,-31.0
1776886113.304103,5.0,2.0,-37.0
1776886113.3141026,0.0,0.0,-32.0
1776886113.3241026,0.0,-1.0,-21.0
1776886113.3341026,3.0,3.0,-19.0
1776886113.3441026,5.0,1.0,-22.0
1776886113.3541028,5.0,0.0,-29.0
1776886113.3641028,8.0,-1.0,-29.0
1776886113.3741028,10.0,-3.0,-30.0
1776886113.3841028,10.0,-3.0,-33.0
1776886113.3941028,12.0,-4.0,-34.0
1776886113.4041028,6.0,-10.0,-33.0
1776886113.4141028,1.0,-8.0,-34.0
1776886113.4241028,0.0,-8.0,-30.0
1776886113.4341028,0.0,-5.0,-32.0
1776886113.4441028,2.0,-6.0,-30.0
1776886113.4541028,3.0,-7.0,-32.0
1776886113.4641027,4.0,-5.0,-32.0
1776886113.4741027,0.0,-2.0,-28.0
1776886113.4841027,-3.0,1.0,-30.0
1776886113.4941027,-2.0,-1.0,-29.0
1776886113.5041027,-3.0,-2.0,-33.0
1776886113.5141027,-5.0,-5.0,-31.0
1776886113.5241027,-3.0,-2.0,-34.0
1776886113.534103,-1.0,0.0,-36.0
1776886113.544103,4.0,-3.0,-39.0
1776886113.554103,0.0,-4.0,-46.0
1776886113.5641026,0.0,-1.0,-43.0
1776886113.5741026,-1.0,-2.0,-45.0
1776886113.5841026,-2.0,-1.0,-46.0
1776886113.5941026,-1.0,0.0,-48.0
1776886113.6041028,-1.0,-1.0,-47.0
1776886113.6141028,-4.0,0.0,-54.0
1776886113.6241028,-1.0,2.0,-52.0
1776886113.6341028,-4.0,-2.0,-53.0
1776886113.6441028,-4.0,-6.0,-52.0
1776886113.6541028,-3.0,-3.0,-49.0
1776886113.6641028,0.0,-2.0,-50.0
1776886113.6741028,0.0,-2.0,-49.0
1776886113.6841028,0.0,-2.0,-48.0
1776886113.6941028,3.0,-2.0,-48.0
1776886113.7041028,2.0,-2.0,-45.0
1776886113.7141027,1.0,-3.0,-39.0
1776886113.7241027,-1.0,-3.0,-36.0
1776886113.7341027,0.0,-9.0,-29.0
1776886113.7441027,0.0,-3.0,-26.0
1776886113.7541027,0.0,0.0,-24.0
1776886113.7641027,-1.0,-3.0,-28.0
1776886113.7741027,0.0,-3.0,-28.0
1776886113.784103,2.0,-3.0,-31.0
1776886113.794103,2.0,-5.0,-38.0
1776886113.804103,2.0,-6.0,-44.0
1776886113.8141026,-1.0,-8.0,-45.0
1776886113.8241026,-3.0,-6.0,-45.0
1776886113.8341026,0.0,-4.0,-47.0
1776886113.8441026,5.0,-5.0,-47.0
1776886113.8541028,5.0,-1.0,-49.0
1776886113.8641028,10.0,-1.0,-45.0
1776886113.8741028,7.0,2.0,-44.0
1776886113.8841028,6.0,1.0,-52.0
1776886113.8941028,2.0,3.0,-53.0
1776886113.9041028,-3.0,4.0,-59.0
1776886113.9141028,-1.0,0.0,-49.0
1776886113.9241028,-2.0,0.0,-43.0
1776886113.9341028,-4.0,-2.0,-35.0
1776886113.9441028,-7.0,-5.0,-38.0
1776886113.9541028,-3.0,-4.0,-40.0
1776886113.9641027,-5.0,-1.0,-45.0
1776886113.9741027,-1.0,-1.0,-47.0
1776886113.9841027,-5.0,-3.0,-36.0
1776886113.9941027,-6.0,-3.0,-32.0
1776886114.0041027,-5.0,3.0,-41.0
1776886114.0141027,-5.0,4.0,-45.0
1776886114.0241027,-1.0,4.0,-47.0
1776886114.034103,0.0,5.0,-48.0
1776886114.044103,4.0,5.0,-49.0
1776886114.054103,3.0,5.0,-46.0
1776886114.0641026,0.0,2.0,-43.0
1776886114.0741026,-2.0,0.0,-45.0
1776886114.0841026,-6.0,-1.0,-53.0
1776886114.0941026,-1.0,1.0,-45.0
1776886114.1041028,1.0,1.0,-41.0
1776886114.1141028,0.0,0.0,-45.0
1776886114.1241028,0.0,0.0,-46.0
1776886114.1341028,0.0,-2.0,-39.0
1776886114.1441028,0.0,1.0,-31.0
1776886114.1541028,-1.0,1.0,-37.0
1776886114.1641028,0.0,0.0,-38.0
1776886114.1741028,0.0,0.0,-39.0
1776886114.1841028,2.0,-1.0,-43.0
1776886114.1941028,2.0,1.0,-45.0
1776886114.2041028,3.0,3.0,-41.0
1776886114.2141027,2.0,3.0,-37.0
1776886114.2241027,0.0,-1.0,-35.0
1776886114.2341027,1.0,-3.0,-43.0
1776886114.2441027,0.0,-3.0,-45.0
1776886114.2541027,-2.0,1.0,-50.0
1776886114.2641027,-7.0,7.0,-48.0
1776886114.2741027,-5.0,6.0,-41.0
1776886114.284103,0.0,2.0,-43.0
1776886114.294103,1.0,0.0,-48.0
1776886114.304103,2.0,-2.0,-47.0
1776886114.3151028,0.0,-3.0,-36.0
1776886114.3241026,0.0,-1.0,-30.0
1776886114.3351028,0.0,-1.0,-26.0
1776886114.3451028,0.0,-3.0,-29.0
1776886114.3551028,1.0,-2.0,-34.0
1776886114.3651028,0.0,-1.0,-35.0
1776886114.3751028,-5.0,0.0,-33.0
1776886114.3851027,-8.0,2.0,-39.0
1776886114.3951027,-11.0,-2.0,-43.0
1776886114.4051027,-10.0,-5.0,-40.0
1776886114.4151027,-10.0,-9.0,-40.0
1776886114.4251027,-12.0,-6.0,-40.0
1776886114.4351027,-5.0,-6.0,-38.0
1776886114.4451027,-3.0,-5.0,-34.0
1776886114.4551027,0.0,-4.0,-37.0
1776886114.465103,-5.0,-2.0,-33.0
1776886114.475103,-5.0,0.0,-34.0
1776886114.485103,-2.0,1.0,-39.0
1776886114.4951026,0.0,-2.0,-44.0
1776886114.5051026,-1.0,-2.0,-44.0
1776886114.5151026,0.0,-3.0,-45.0
1776886114.5251029,1.0,0.0,-48.0
1776886114.5351028,1.0,2.0,-49.0
1776886114.5451028,3.0,0.0,-40.0
1776886114.5551028,-1.0,1.0,-42.0
1776886114.5651028,3.0,2.0,-42.0
1776886114.5751028,2.0,0.0,-43.0
1776886114.5851028,7.0,0.0,-46.0
1776886114.5951028,6.0,1.0,-45.0
1776886114.6051028,3.0,0.0,-40.0
1776886114.6151028,3.0,0.0,-43.0
1776886114.6251028,5.0,1.0,-46.0
1776886114.6351027,3.0,1.0,-42.0
1776886114.6451027,0.0,0.0,-41.0
1776886114.6551027,0.0,4.0,-37.0
1776886114.6651027,0.0,2.0,-39.0
1776886114.6751027,5.0,3.0,-32.0
1776886114.6851027,4.0,2.0,-30.0
1776886114.6951027,2.0,-4.0,-33.0
1776886114.7051027,5.0,-3.0,-35.0
1776886114.715103,5.0,0.0,-36.0
1776886114.725103,-1.0,3.0,-36.0
1776886114.735103,-2.0,3.0,-37.0
1776886114.7451026,0.0,6.0,-37.0
1776886114.7551026,-1.0,3.0,-32.0
1776886114.7651026,-1.0,2.0,-35.0
1776886114.7751029,-1.0,3.0,-37.0
1776886114.7851028,-7.0,0.0,-37.0
1776886114.7951028,-6.0,2.0,-38.0
1776886114.8051028,-5.0,1.0,-34.0
1776886114.8151028,-2.0,-1.0,-39.0
1776886114.8251028,-4.0,0.0,-39.0
1776886114.8351028,-3.0,2.0,-37.0
1776886114.8451028,-3.0,0.0,-39.0
1776886114.8551028,-8.0,0.0,-38.0
1776886114.8651028,-7.0,0.0,-39.0
1776886114.8751028,-1.0,1.0,-42.0
1776886114.8851027,0.0,-2.0,-46.0
1776886114.8951027,0.0,-2.0,-47.0
1776886114.9051027,1.0,-1.0,-44.0
1776886114.9151027,2.0,0.0,-37.0
1776886114.9251027,0.0,-2.0,-36.0
1776886114.9351027,0.0,-4.0,-31.0
1776886114.9451027,0.0,-2.0,-39.0
1776886114.9551027,1.0,0.0,-36.0
1776886114.965103,0.0,-4.0,-36.0
1776886114.975103,2.0,-2.0,-43.0
1776886114.985103,1.0,-1.0,-44.0
1776886114.9951026,0.0,-2.0,-46.0
1776886115.0051026,0.0,-2.0,-38.0
1776886115.0151026,-4.0,-3.0,-36.0
1776886115.0251029,-1.0,-3.0,-39.0
1776886115.0351028,4.0,-1.0,-31.0
1776886115.0451028,2.0,-1.0,-34.0
1776886115.0551028,0.0,1.0,-43.0
1776886115.0651028,0.0,1.0,-41.0
1776886115.0751028,-4.0,0.0,-35.0
1776886115.0851028,-1.0,-1.0,-40.0
1776886115.0951028,0.0,-5.0,-47.0
1776886115.1051028,4.0,-3.0,-41.0
1776886115.1151028,1.0,0.0,-36.0
1776886115.1251028,1.0,3.0,-37.0
1776886115.1351027,0.0,3.0,-42.0
1776886115.1451027,1.0,0.0,-37.0
1776886115.1551027,0.0,3.0,-39.0
1776886115.1651027,3.0,2.0,-41.0
1776886115.1751027,2.0,3.0,-41.0
1776886115.1851027,3.0,5.0,-41.0
1776886115.1951027,4.0,2.0,-33.0
1776886115.2051027,3.0,1.0,-29.0
1776886115.215103,4.0,-3.0,-24.0
1776886115.225103,3.0,-7.0,-30.0
1776886115.235103,5.0,-5.0,-36.0
1776886115.2451026,6.0,-5.0,-36.0
1776886115.2551026,4.0,-4.0,-36.0
1776886115.2651026,3.0,-3.0,-32.0
1776886115.2751029,0.0,0.0,-30.0
1776886115.2851028,-1.0,0.0,-34.0
1776886115.2951028,-2.0,2.0,-39.0
1776886115.3051028,-4.0,0.0,-37.0
1776886115.3151028,-1.0,-2.0,-34.0
1776886115.3251028,-6.0,-3.0,-37.0
1776886115.3351028,-3.0,-6.0,-38.0
1776886115.3451028,-5.0,-5.0,-42.0
1776886115.3551028,-4.0,-7.0,-46.0
1776886115.3651028,0.0,-7.0,-43.0
1776886115.3751028,2.0,-5.0,-43.0
1776886115.3851027,0.0,-6.0,-46.0
1776886115.3951027,0.0,-6.0,-42.0
1776886115.4051027,-3.0,-7.0,-36.0
1776886115.4151027,-1.0,-2.0,-33.0
1776886115.4251027,0.0,-1.0,-35.0
1776886115.4351027,3.0,0.0,-30.0
1776886115.4451027,3.0,0.0,-31.0
1776886115.4551027,0.0,0.0,-38.0
1776886115.465103,-3.0,-2.0,-39.0
1776886115.475103,-6.0,-6.0,-35.0
1776886115.485103,-4.0,-6.0,-39.0
1776886115.4951026,-2.0,-3.0,-41.0
1776886115.5051026,-1.0,-2.0,-43.0
1776886115.5151026,0.0,-1.0,-42.0
1776886115.5251029,0.0,-3.0,-42.0
1776886115.5351028,1.0,-4.0,-38.0
1776886115.5451028,1.0,-2.0,-42.0
1776886115.5551028,7.0,0.0,-37.0
1776886115.5651028,7.0,0.0,-37.0
1776886115.5751028,6.0,-2.0,-31.0
1776886115.5851028,6.0,-5.0,-28.0
1776886115.5951028,9.0,-6.0,-32.0
1776886115.6051028,12.0,-3.0,-30.0
1776886115.6151028,11.0,-1.0,-30.0
1776886115.6251028,11.0,2.0,-32.0
1776886115.6351027,12.0,0.0,-37.0
1776886115.646103,6.0,2.0,-38.0
1776886115.6551027,4.0,2.0,-40.0
1776886115.6651027,1.0,4.0,-38.0
1776886115.6751027,0.0,2.0,-40.0
1776886115.6851027,0.0,0.0,-42.0
1776886115.6951027,6.0,-3.0,-38.0
1776886115.7051027,6.0,-5.0,-38.0
1776886115.715103,5.0,-1.0,-30.0
1776886115.725103,0.0,-2.0,-27.0
1776886115.735103,-1.0,2.0,-23.0
1776886115.7451026,3.0,1.0,-27.0
1776886115.7551026,8.0,1.0,-32.0
1776886115.7651026,8.0,0.0,-38.0
1776886115.7751029,7.0,2.0,-38.0
1776886115.7851028,4.0,0.0,-34.0
1776886115.7951028,0.0,-1.0,-37.0
1776886115.8051028,-1.0,0.0,-48.0
1776886115.8151028,0.0,2.0,-42.0
1776886115.8251028,3.0,0.0,-40.0
1776886115.8351028,4.0,-4.0,-36.0
1776886115.8451028,3.0,-4.0,-38.0
1776886115.8551028,0.0,-5.0,-41.0
1776886115.8651028,-1.0,-6.0,-35.0
1776886115.8751028,-2.0,-9.0,-30.0
1776886115.8851027,-1.0,-8.0,-31.0
1776886115.8951027,0.0,-6.0,-33.0
1776886115.9051027,1.0,-6.0,-41.0
1776886115.9151027,2.0,-11.0,-39.0
1776886115.9251027,-2.0,-8.0,-35.0
1776886115.9351027,0.0,-9.0,-32.0
1776886115.9451027,3.0,-11.0,-26.0
1776886115.9551027,3.0,-12.0,-35.0
1776886115.965103,4.0,-7.0,-42.0
1776886115.975103,4.0,-11.0,-45.0
1776886115.985103,5.0,-7.0,-43.0
1776886115.9951026,7.0,-5.0,-41.0
1776886116.0051026,2.0,-3.0,-44.0
1776886116.0151026,2.0,-1.0,-48.0
1776886116.0251029,3.0,1.0,-48.0
1776886116.0351028,0.0,-2.0,-50.0
1776886116.0451028,0.0,0.0,-40.0
1776886116.0551028,0.0,3.0,-40.0
1776886116.0651028,2.0,4.0,-40.0
1776886116.0751028,6.0,-4.0,-38.0
1776886116.0851028,3.0,-5.0,-36.0
1776886116.0951028,2.0,-7.0,-38.0
1776886116.1051028,3.0,-7.0,-35.0
1776886116.1151028,3.0,-2.0,-41.0
1776886116.1251028,2.0,-2.0,-43.0
1776886116.1351027,6.0,-1.0,-45.0
1776886116.1451027,3.0,-6.0,-44.0
1776886116.1551027,-1.0,-6.0,-49.0
1776886116.1651027,-7.0,-3.0,-50.0
1776886116.1751027,-7.0,0.0,-50.0
1776886116.1851027,-3.0,1.0,-56.0
1776886116.1951027,-5.0,0.0,-52.0
1776886116.2051027,-2.0,-2.0,-46.0
1776886116.215103,-4.0,-2.0,-45.0
1776886116.225103,0.0,-2.0,-44.0
1776886116.235103,-3.0,0.0,-44.0
1776886116.2451026,-2.0,0.0,-40.0
1776886116.2551026,-6.0,3.0,-42.0
1776886116.2661028,-9.0,2.0,-43.0
1776886116.2751029,-14.0,3.0,-47.0
1776886116.2851028,-11.0,1.0,-48.0
1776886116.2951028,-7.0,1.0,-46.0
1776886116.3061028,-1.0,-2.0,-44.0
1776886116.3161027,-3.0,-1.0,-39.0
1776886116.3261027,-4.0,0.0,-40.0
1776886116.3361027,-5.0,-1.0,-44.0
1776886116.3461027,-6.0,0.0,-37.0
1776886116.3561027,-5.0,-1.0,-33.0
1776886116.3661027,-9.0,-2.0,-36.0
1776886116.3761027,-8.0,-4.0,-35.0
1776886116.386103,-9.0,-5.0,-34.0
1776886116.396103,-3.0,-3.0,-32.0
1776886116.406103,-1.0,-6.0,-36.0
1776886116.4161026,-1.0,-4.0,-37.0
1776886116.4261026,-1.0,-5.0,-35.0
1776886116.4361026,-1.0,-6.0,-28.0
1776886116.4461029,1.0,-4.0,-27.0
1776886116.4561028,0.0,0.0,-34.0
1776886116.4661028,0.0,1.0,-42.0
1776886116.4761028,-4.0,3.0,-51.0
1776886116.4861028,-2.0,1.0,-43.0
1776886116.4961028,5.0,1.0,-41.0
1776886116.5061028,8.0,-2.0,-42.0
1776886116.5161028,1.0,-3.0,-43.0
1776886116.5261028,1.0,-2.0,-39.0
1776886116.5361028,1.0,-7.0,-38.0
1776886116.5461028,2.0,-6.0,-37.0
1776886116.5561028,-1.0,-6.0,-42.0
1776886116.5661027,0.0,-10.0,-42.0
1776886116.5761027,1.0,-10.0,-45.0
1776886116.5861027,2.0,-7.0,-42.0
1776886116.5961027,0.0,-5.0,-40.0
1776886116.6061027,1.0,-5.0,-36.0
1776886116.6161027,0.0,-6.0,-31.0
1776886116.6261027,0.0,-4.0,-30.0
1776886116.636103,0.0,0.0,-31.0
1776886116.646103,1.0,0.0,-29.0
1776886116.656103,5.0,1.0,-30.0
1776886116.6661026,2.0,0.0,-37.0
1776886116.6761026,1.0,1.0,-32.0
1776886116.6861026,2.0,1.0,-36.0
1776886116.6961029,4.0,0.0,-31.0
1776886116.7061028,3.0,-2.0,-30.0
1776886116.7161028,5.0,-2.0,-38.0
1776886116.7261028,8.0,-7.0,-40.0
1776886116.7361028,7.0,-7.0,-38.0
1776886116.7461028,4.0,-8.0,-35.0
1776886116.7561028,8.0,-8.0,-35.0
1776886116.7661028,8.0,-4.0,-35.0
1776886116.7761028,6.0,-6.0,-32.0
1776886116.7861028,4.0,-8.0,-39.0
1776886116.7961028,5.0,-6.0,-41.0
1776886116.8061028,4.0,-10.0,-44.0
1776886116.8161027,0.0,-6.0,-38.0
1776886116.8261027,-3.0,-4.0,-35.0
1776886116.8361027,2.0,-3.0,-37.0
1776886116.8461027,4.0,-4.0,-35.0
1776886116.8561027,4.0,-6.0,-41.0
1776886116.8661027,3.0,-9.0,-41.0
1776886116.8761027,3.0,-10.0,-42.0
1776886116.886103,4.0,-3.0,-39.0
1776886116.896103,4.0,-5.0,-39.0
1776886116.906103,1.0,-6.0,-34.0
1776886116.9161026,-1.0,-4.0,-39.0
1776886116.9261026,-2.0,-3.0,-39.0
1776886116.9361026,0.0,0.0,-39.0
1776886116.9461029,0.0,-1.0,-33.0
1776886116.9561028,1.0,-3.0,-30.0
1776886116.9661028,0.0,-5.0,-29.0
1776886116.9761028,0.0,-6.0,-26.0
1776886116.9861028,-2.0,-3.0,-28.0
1776886116.9961028,-3.0,-4.0,-32.0
1776886117.0061028,0.0,-6.0,-35.0
1776886117.0161028,0.0,-6.0,-41.0
1776886117.0261028,3.0,-2.0,-36.0
1776886117.0361028,4.0,-2.0,-37.0
1776886117.0461028,5.0,0.0,-40.0
1776886117.0561028,2.0,-1.0,-43.0
1776886117.0661027,-1.0,-4.0,-35.0
1776886117.0761027,-4.0,-3.0,-32.0
1776886117.0861027,-5.0,-4.0,-36.0
1776886117.0961027,-2.0,-3.0,-41.0
1776886117.1061027,0.0,-3.0,-42.0
1776886117.1161027,2.0,-8.0,-42.0
1776886117.1261027,-3.0,-7.0,-45.0
1776886117.136103,-4.0,-3.0,-40.0
1776886117.146103,-1.0,-3.0,-46.0
1776886117.156103,-4.0,-5.0,-48.0
1776886117.1661026,-5.0,-4.0,-48.0
1776886117.1761026,-3.0,2.0,-40.0
1776886117.1861026,-1.0,2.0,-34.0
1776886117.1961029,-5.0,-3.0,-30.0
1776886117.2061028,-8.0,-1.0,-32.0
1776886117.2161028,-4.0,-3.0,-39.0
1776886117.2261028,0.0,-5.0,-44.0
1776886117.2361028,1.0,-5.0,-40.0
1776886117.2461028,4.0,-5.0,-37.0
1776886117.2561028,6.0,-7.0,-41.0
1776886117.2661028,2.0,-1.0,-45.0
1776886117.2761028,2.0,4.0,-45.0
1776886117.2861028,2.0,3.0,-48.0
1776886117.2961028,3.0,0.0,-47.0
1776886117.3061028,1.0,0.0,-48.0
1776886117.3161027,3.0,-1.0,-43.0
1776886117.3261027,7.0,-2.0,-41.0
1776886117.3361027,7.0,-2.0,-45.0
1776886117.3461027,9.0,-2.0,-49.0
1776886117.3561027,11.0,-6.0,-46.0
1776886117.3661027,12.0,-6.0,-39.0
1776886117.3761027,7.0,-6.0,-36.0
1776886117.386103,0.0,-8.0,-44.0
1776886117.396103,-1.0,-5.0,-48.0
1776886117.406103,2.0,-6.0,-46.0
1776886117.4161026,3.0,-6.0,-43.0
1776886117.4261026,0.0,-2.0,-46.0
1776886117.4361026,1.0,-2.0,-42.0
1776886117.4461029,1.0,2.0,-41.0
1776886117.4561028,1.0,0.0,-48.0
1776886117.4661028,3.0,-3.0,-47.0
1776886117.4761028,7.0,-2.0,-41.0
1776886117.4861028,7.0,-5.0,-44.0
1776886117.4961028,5.0,-7.0,-41.0
1776886117.5061028,7.0,-10.0,-43.0
1776886117.5161028,5.0,-8.0,-43.0
1776886117.5261028,3.0,-4.0,-47.0
1776886117.5361028,1.0,-6.0,-39.0
1776886117.5461028,4.0,-6.0,-42.0
1776886117.5561028,0.0,-2.0,-38.0
1776886117.5661027,2.0,-3.0,-37.0
1776886117.5761027,3.0,0.0,-32.0
1776886117.5861027,0.0,0.0,-37.0
1776886117.5961027,-2.0,2.0,-37.0
1776886117.6061027,-5.0,2.0,-35.0
1776886117.6161027,-6.0,0.0,-34.0
1776886117.6261027,-4.0,0.0,-34.0
1776886117.636103,1.0,-1.0,-35.0
1776886117.646103,0.0,0.0,-39.0
1776886117.656103,0.0,0.0,-39.0
1776886117.6661026,-1.0,-1.0,-41.0
1776886117.6761026,-2.0,0.0,-44.0
1776886117.6861026,-3.0,0.0,-42.0
1776886117.6961029,2.0,1.0,-51.0
1776886117.7061028,7.0,-2.0,-47.0
1776886117.7161028,4.0,0.0,-46.0
1776886117.7261028,9.0,-1.0,-41.0
1776886117.7361028,8.0,0.0,-43.0
1776886117.7461028,5.0,0.0,-42.0
1776886117.7561028,4.0,0.0,-39.0
1776886117.7661028,0.0,-4.0,-40.0
1776886117.7761028,5.0,-3.0,-42.0
1776886117.7861028,2.0,-2.0,-41.0
1776886117.7961028,3.0,-2.0,-42.0
1776886117.8061028,3.0,3.0,-40.0
1776886117.8161027,4.0,3.0,-36.0
1776886117.8261027,2.0,1.0,-36.0
1776886117.8361027,1.0,2.0,-31.0
1776886117.8461027,7.0,5.0,-27.0
1776886117.8561027,9.0,4.0,-32.0
1776886117.8661027,3.0,4.0,-38.0
1776886117.8761027,1.0,1.0,-34.0
1776886117.886103,3.0,5.0,-39.0
1776886117.896103,1.0,0.0,-42.0
1776886117.906103,1.0,0.0,-47.0
1776886117.9161026,0.0,0.0,-52.0
1776886117.9261026,1.0,2.0,-49.0
1776886117.9361026,1.0,0.0,-42.0
1776886117.9461029,-1.0,0.0,-40.0
1776886117.9561028,-2.0,0.0,-34.0
1776886117.9661028,-2.0,0.0,-36.0
1776886117.9761028,-1.0,1.0,-38.0
1776886117.9861028,-2.0,2.0,-33.0
1776886117.9961028,-2.0,2.0,-31.0
1776886118.0061028,0.0,0.0,-28.0
1776886118.0161028,1.0,0.0,-24.0
1776886118.0261028,3.0,0.0,-31.0
1776886118.0361028,2.0,-1.0,-38.0
1776886118.0461028,2.0,-3.0,-36.0
1776886118.0561028,0.0,-6.0,-36.0
1776886118.0661027,1.0,-8.0,-39.0
1776886118.0761027,3.0,-5.0,-40.0
1776886118.0861027,2.0,-4.0,-44.0
1776886118.0961027,3.0,-2.0,-45.0
1776886118.1061027,5.0,-2.0,-48.0
1776886118.1161027,5.0,-4.0,-44.0
1776886118.1261027,7.0,-9.0,-36.0
1776886118.136103,2.0,-9.0,-35.0
1776886118.146103,0.0,-5.0,-44.0
1776886118.156103,-3.0,-4.0,-44.0
1776886118.1661026,-1.0,-3.0,-49.0
1776886118.1761026,-2.0,-4.0,-46.0
1776886118.1861026,-2.0,-3.0,-44.0
1776886118.1961029,0.0,-2.0,-48.0
1776886118.2061028,1.0,-3.0,-47.0
1776886118.2161028,0.0,-1.0,-46.0
1776886118.2261028,-3.0,1.0,-39.0
1776886118.2361028,0.0,0.0,-43.0
1776886118.2461028,0.0,-3.0,-43.0
1776886118.2561028,2.0,-5.0,-48.0
1776886118.2661028,9.0,-3.0,-42.0
1776886118.2761028,5.0,3.0,-48.0
1776886118.2861028,5.0,5.0,-42.0
1776886118.2971027,1.0,0.0,-39.0
1776886118.3061028,-3.0,0.0,-41.0
1776886118.317103,-7.0,0.0,-44.0
1776886118.327103,-7.0,1.0,-39.0
1776886118.337103,-4.0,-1.0,-31.0
1776886118.3471026,4.0,-1.0,-27.0
1776886118.3571026,4.0,0.0,-32.0
1776886118.3671026,8.0,0.0,-34.0
1776886118.3771029,3.0,3.0,-31.0
1776886118.3871028,3.0,0.0,-29.0
1776886118.3971028,2.0,-3.0,-32.0
1776886118.4071028,6.0,-7.0,-32.0
1776886118.4171028,4.0,-4.0,-30.0
1776886118.4271028,0.0,-1.0,-28.0
1776886118.4371028,-2.0,-2.0,-28.0
1776886118.4471028,-1.0,0.0,-24.0
1776886118.4571028,0.0,-1.0,-27.0
1776886118.4671028,4.0,0.0,-26.0
1776886118.4771028,12.0,-1.0,-26.0
1776886118.4871027,13.0,-3.0,-32.0
1776886118.4971027,9.0,-2.0,-31.0
1776886118.5071027,10.0,-1.0,-31.0
1776886118.5171027,5.0,-1.0,-32.0
1776886118.5271027,5.0,-4.0,-36.0
1776886118.5371027,-1.0,-7.0,-33.0
1776886118.5471027,-2.0,-4.0,-26.0
1776886118.557103,0.0,-4.0,-25.0
1776886118.567103,0.0,-10.0,-28.0
1776886118.577103,-3.0,-8.0,-39.0
1776886118.587103,-2.0,-11.0,-42.0
1776886118.5971026,-2.0,-12.0,-44.0
1776886118.6071026,-2.0,-5.0,-49.0
1776886118.6171026,-1.0,3.0,-46.0
1776886118.6271029,2.0,4.0,-48.0
1776886118.6371028,1.0,0.0,-51.0
1776886118.6471028,2.0,0.0,-54.0
1776886118.6571028,3.0,1.0,-51.0
1776886118.6671028,2.0,0.0,-48.0
1776886118.6771028,1.0,-4.0,-50.0
1776886118.6871028,2.0,-4.0,-47.0
1776886118.6971028,1.0,-2.0,-44.0
1776886118.7071028,0.0,-4.0,-45.0
1776886118.7171028,0.0,-3.0,-47.0
1776886118.7271028,-3.0,-2.0,-46.0
1776886118.7371027,-8.0,-2.0,-43.0
1776886118.7471027,-3.0,-2.0,-35.0
1776886118.7571027,1.0,-5.0,-34.0
1776886118.7671027,2.0,-4.0,-40.0
1776886118.7771027,1.0,-4.0,-31.0
1776886118.7871027,1.0,-4.0,-33.0
1776886118.7971027,3.0,-6.0,-35.0
1776886118.807103,4.0,-5.0,-39.0
1776886118.817103,0.0,-2.0,-32.0
1776886118.827103,2.0,-7.0,-30.0
1776886118.837103,4.0,-5.0,-42.0
1776886118.8471026,4.0,-6.0,-44.0
1776886118.8571026,4.0,-2.0,-44.0
1776886118.8671026,1.0,-2.0,-47.0
1776886118.8771029,-1.0,0.0,-45.0
1776886118.8871028,-2.0,-1.0,-49.0
1776886118.8971028,0.0,-4.0,-43.0
1776886118.9071028,1.0,0.0,-45.0
1776886118.9171028,0.0,2.0,-43.0
1776886118.9271028,0.0,3.0,-39.0
1776886118.9371028,0.0,3.0,-41.0
1776886118.9471028,0.0,2.0,-40.0
1776886118.9571028,0.0,0.0,-41.0
1776886118.9671028,3.0,-1.0,-38.0
1776886118.9771028,0.0,-1.0,-38.0
1776886118.9871027,4.0,-2.0,-41.0
1776886118.9971027,2.0,-1.0,-37.0
1776886119.0071027,2.0,-1.0,-34.0
1776886119.0171027,0.0,0.0,-34.0
1776886119.0271027,-1.0,-5.0,-33.0
1776886119.0371027,-2.0,-4.0,-39.0
1776886119.0471027,-2.0,-3.0,-43.0
1776886119.057103,0.0,0.0,-38.0
1776886119.067103,0.0,0.0,-36.0
1776886119.077103,0.0,0.0,-43.0
1776886119.087103,3.0,0.0,-40.0
1776886119.0971026,2.0,0.0,-46.0
1776886119.1071026,3.0,0.0,-50.0
1776886119.1171026,4.0,2.0,-51.0
1776886119.1271029,3.0,3.0,-48.0
1776886119.1371028,5.0,3.0,-48.0
1776886119.1471028,3.0,3.0,-48.0
1776886119.1571028,0.0,0.0,-44.0
1776886119.1671028,-3.0,-4.0,-40.0
1776886119.1771028,-3.0,-5.0,-40.0
1776886119.1871028,-5.0,-6.0,-35.0
1776886119.1971028,-5.0,-6.0,-32.0
1776886119.2071028,-7.0,-7.0,-34.0
1776886119.2171028,-3.0,-4.0,-37.0
1776886119.2281027,0.0,-6.0,-41.0
1776886119.2371027,4.0,-5.0,-44.0
1776886119.2471027,0.0,0.0,-40.0
1776886119.2571027,-1.0,0.0,-39.0
1776886119.2671027,2.0,1.0,-38.0
1776886119.2771027,0.0,0.0,-39.0
1776886119.2871027,0.0,-1.0,-40.0
1776886119.2971027,-3.0,-2.0,-38.0
1776886119.307103,0.0,-1.0,-36.0
1776886119.317103,2.0,-1.0,-38.0
1776886119.327103,8.0,-2.0,-40.0
1776886119.337103,6.0,-4.0,-33.0
1776886119.3471026,4.0,-7.0,-45.0
1776886119.3571026,6.0,-9.0,-51.0
1776886119.3671026,5.0,-3.0,-44.0
1776886119.3771029,3.0,-3.0,-44.0
1776886119.3871028,1.0,-3.0,-41.0
1776886119.3971028,2.0,-6.0,-38.0
1776886119.4071028,-1.0,-2.0,-45.0
1776886119.4171028,-3.0,0.0,-46.0
1776886119.4271028,-1.0,-1.0,-49.0
1776886119.4371028,-3.0,-1.0,-47.0
1776886119.4471028,-2.0,-2.0,-45.0
1776886119.4571028,-6.0,-5.0,-34.0
1776886119.4671028,-8.0,-8.0,-34.0
1776886119.4771028,-6.0,-2.0,-40.0
1776886119.4871027,-7.0,0.0,-44.0
1776886119.4971027,-9.0,2.0,-39.0
1776886119.5071027,-5.0,4.0,-39.0
1776886119.5171027,-6.0,3.0,-37.0
1776886119.5271027,-5.0,1.0,-37.0
1776886119.5371027,-10.0,-3.0,-38.0
1776886119.5471027,-7.0,-2.0,-39.0
1776886119.557103,-3.0,-2.0,-41.0
1776886119.567103,0.0,-2.0,-35.0
1776886119.577103,2.0,0.0,-33.0
1776886119.587103,5.0,1.0,-37.0
1776886119.5971026,8.0,-1.0,-31.0
1776886119.6071026,5.0,0.0,-33.0
1776886119.6171026,1.0,0.0,-35.0
1776886119.6271029,-1.0,-2.0,-37.0
1776886119.6371028,0.0,-1.0,-34.0
1776886119.6471028,2.0,-2.0,-37.0
1776886119.6571028,0.0,-3.0,-42.0
1776886119.6671028,2.0,0.0,-36.0
1776886119.6771028,7.0,0.0,-31.0
1776886119.6871028,10.0,-3.0,-28.0
1776886119.6971028,7.0,0.0,-38.0
1776886119.7071028,3.0,0.0,-45.0
1776886119.7171028,0.0,0.0,-41.0
1776886119.7271028,1.0,0.0,-41.0
1776886119.7371027,2.0,2.0,-41.0
1776886119.7471027,-2.0,0.0,-43.0
1776886119.7571027,0.0,1.0,-46.0
1776886119.7671027,-3.0,3.0,-41.0
1776886119.7771027,-1.0,5.0,-43.0
1776886119.7871027,1.0,7.0,-43.0
1776886119.7971027,2.0,2.0,-44.0
1776886119.807103,0.0,1.0,-40.0
1776886119.817103,4.0,-1.0,-36.0
1776886119.827103,11.0,0.0,-42.0
1776886119.837103,9.0,0.0,-38.0
1776886119.8471026,11.0,-2.0,-44.0
1776886119.8571026,6.0,-2.0,-42.0
1776886119.8671026,6.0,0.0,-37.0
1776886119.8771029,5.0,-1.0,-33.0
1776886119.8871028,3.0,-2.0,-36.0
1776886119.8971028,0.0,-3.0,-37.0
1776886119.9071028,3.0,-5.0,-31.0
1776886119.9171028,2.0,-4.0,-34.0
1776886119.9271028,-1.0,0.0,-45.0
1776886119.9371028,-2.0,2.0,-41.0
1776886119.9471028,-1.0,1.0,-36.0
1776886119.9571028,-2.0,-1.0,-40.0
1776886119.9671028,0.0,2.0,-39.0
1776886119.9771028,4.0,1.0,-43.0
1776886119.9871027,5.0,3.0,-42.0
1776886119.9971027,4.0,4.0,-35.0
1776886120.0071027,3.0,3.0,-33.0
1776886120.0171027,5.0,-1.0,-31.0
1776886120.0271027,4.0,0.0,-34.0
1776886120.0371027,8.0,4.0,-36.0
1776886120.0471027,1.0,5.0,-38.0
1776886120.057103,0.0,6.0,-36.0
1776886120.067103,0.0,1.0,-38.0
1776886120.077103,-4.0,1.0,-37.0
1776886120.087103,0.0,3.0,-41.0
1776886120.0971026,-1.0,0.0,-42.0
1776886120.1071026,-2.0,-3.0,-41.0
1776886120.1171026,2.0,-5.0,-43.0
1776886120.1271029,-1.0,-5.0,-41.0
1776886120.1371028,-4.0,-3.0,-41.0
1776886120.1471028,-5.0,-4.0,-39.0
1776886120.1571028,-2.0,0.0,-36.0
1776886120.1671028,1.0,0.0,-45.0
1776886120.1771028,0.0,-2.0,-44.0
1776886120.1871028,0.0,-3.0,-37.0
1776886120.1971028,0.0,-4.0,-41.0
1776886120.2071028,-3.0,0.0,-41.0
1776886120.2171028,-4.0,0.0,-37.0
1776886120.2271028,-4.0,0.0,-35.0
1776886120.2371027,-2.0,-1.0,-36.0
1776886120.2471027,-4.0,1.0,-38.0
1776886120.2571027,0.0,-2.0,-35.0
1776886120.2671027,2.0,-3.0,-36.0
1776886120.2771027,6.0,-3.0,-36.0
1776886120.2881026,7.0,-4.0,-39.0
1776886120.2981029,6.0,0.0,-41.0
1776886120.3081028,9.0,1.0,-41.0
1776886120.3181028,10.0,7.0,-35.0
1776886120.3281028,7.0,5.0,-37.0
1776886120.3381028,4.0,2.0,-36.0
1776886120.3481028,3.0,-1.0,-40.0
1776886120.3581028,-1.0,0.0,-39.0
1776886120.3681028,0.0,-4.0,-35.0
1776886120.3781028,0.0,-4.0,-34.0
1776886120.3881028,1.0,-3.0,-36.0
1776886120.3981028,0.0,-2.0,-37.0
1776886120.4081028,0.0,1.0,-31.0
1776886120.4181027,2.0,-3.0,-33.0
1776886120.4281027,0.0,-5.0,-41.0
1776886120.4381027,3.0,-4.0,-37.0
1776886120.4481027,5.0,-5.0,-41.0
1776886120.4591026,6.0,-7.0,-45.0
1776886120.4681027,6.0,-3.0,-39.0
1776886120.4781027,5.0,-4.0,-39.0
1776886120.488103,9.0,-1.0,-40.0
1776886120.498103,9.0,1.0,-43.0
1776886120.508103,9.0,4.0,-43.0
1776886120.5181026,5.0,-1.0,-44.0
1776886120.5281026,1.0,-2.0,-44.0
1776886120.5381026,0.0,-3.0,-38.0
1776886120.5481029,6.0,-4.0,-35.0
1776886120.5581028,1.0,-3.0,-37.0
1776886120.5681028,-4.0,-4.0,-39.0
1776886120.5781028,-3.0,-3.0,-31.0
1776886120.5881028,-2.0,-4.0,-28.0
1776886120.5981028,0.0,-4.0,-30.0
1776886120.6081028,1.0,-4.0,-32.0
1776886120.6181028,4.0,-3.0,-35.0
1776886120.6281028,4.0,-6.0,-42.0
1776886120.6381028,0.0,-5.0,-39.0
1776886120.6481028,-2.0,0.0,-41.0
1776886120.6581028,-2.0,0.0,-47.0
1776886120.6681027,-3.0,1.0,-42.0
1776886120.6781027,3.0,0.0,-43.0
1776886120.6881027,2.0,0.0,-43.0
1776886120.6981027,5.0,-1.0,-43.0
1776886120.7081027,7.0,-1.0,-41.0
1776886120.7181027,2.0,2.0,-43.0
1776886120.7281027,3.0,2.0,-46.0
1776886120.738103,8.0,1.0,-44.0
1776886120.748103,7.0,2.0,-43.0
1776886120.758103,6.0,-2.0,-44.0
1776886120.7681026,6.0,-5.0,-43.0
1776886120.7781026,7.0,-5.0,-42.0
1776886120.7881026,8.0,-7.0,-46.0
1776886120.7981029,5.0,-3.0,-48.0
1776886120.8081028,5.0,-1.0,-50.0
1776886120.8181028,2.0,0.0,-43.0
1776886120.8281028,3.0,0.0,-38.0
1776886120.8381028,6.0,-1.0,-37.0
1776886120.8481028,6.0,0.0,-31.0
1776886120.8581028,7.0,2.0,-35.0
1776886120.8681028,7.0,0.0,-33.0
1776886120.8781028,2.0,0.0,-46.0
1776886120.8881028,0.0,0.0,-43.0
1776886120.8981028,0.0,3.0,-41.0
1776886120.9081028,4.0,3.0,-43.0
1776886120.9181027,5.0,3.0,-38.0
1776886120.9281027,4.0,5.0,-36.0
1776886120.9381027,4.0,1.0,-36.0
1776886120.9481027,4.0,2.0,-33.0
1776886120.9581027,5.0,-2.0,-41.0
1776886120.9681027,2.0,-6.0,-39.0
1776886120.9781027,2.0,-8.0,-47.0
1776886120.988103,0.0,-8.0,-49.0
1776886120.998103,-3.0,-11.0,-51.0
1776886121.008103,-6.0,-8.0,-47.0
1776886121.0181026,-4.0,-8.0,-43.0
1776886121.0281026,-3.0,-5.0,-41.0
1776886121.0381026,-2.0,-2.0,-33.0
1776886121.0481029,-1.0,0.0,-32.0
1776886121.0581028,-5.0,-1.0,-39.0
1776886121.0681028,-3.0,-2.0,-39.0
1776886121.0781028,-1.0,0.0,-36.0
1776886121.0881028,1.0,3.0,-36.0
1776886121.0981028,0.0,5.0,-36.0
1776886121.1081028,0.0,5.0,-30.0
1776886121.1181028,-2.0,1.0,-33.0
1776886121.1281028,-4.0,1.0,-33.0
1776886121.1381028,-5.0,1.0,-34.0
1776886121.1481028,-6.0,0.0,-30.0
1776886121.1581028,-6.0,0.0,-35.0
1776886121.1681027,-5.0,-1.0,-38.0
1776886121.1781027,-1.0,-2.0,-48.0
1776886121.1881027,-2.0,-5.0,-50.0
1776886121.1981027,-1.0,-2.0,-46.0
1776886121.2081027,1.0,-2.0,-40.0
1776886121.2181027,0.0,-2.0,-39.0
1776886121.2281027,0.0,-3.0,-42.0
1776886121.238103,-3.0,-2.0,-38.0
1776886121.248103,-2.0,0.0,-33.0
1776886121.258103,0.0,-1.0,-36.0
1776886121.2681026,-1.0,1.0,-35.0
1776886121.2781026,-3.0,-2.0,-34.0
1776886121.2881026,-4.0,-3.0,-33.0
1776886121.2981029,-6.0,-4.0,-37.0
1776886121.3081028,-6.0,0.0,-34.0
1776886121.3181028,-4.0,3.0,-32.0
1776886121.3281028,-2.0,4.0,-32.0
1776886121.3381028,1.0,1.0,-34.0
1776886121.3481028,4.0,3.0,-31.0
1776886121.3581028,3.0,5.0,-34.0
1776886121.3681028,3.0,0.0,-34.0
1776886121.3781028,0.0,-3.0,-37.0
1776886121.3881028,0.0,-6.0,-37.0
1776886121.3981028,-1.0,-6.0,-31.0
1776886121.4081028,-2.0,-4.0,-28.0
1776886121.4181027,-2.0,-2.0,-29.0
1776886121.4281027,-2.0,-4.0,-30.0
1776886121.4381027,-1.0,-1.0,-31.0
1776886121.4481027,-5.0,-3.0,-32.0
1776886121.4581027,-6.0,-3.0,-37.0
1776886121.4681027,-2.0,-3.0,-42.0
1776886121.4781027,-2.0,-4.0,-38.0
1776886121.488103,-1.0,-8.0,-42.0
1776886121.498103,0.0,-7.0,-46.0
1776886121.508103,3.0,-7.0,-50.0
1776886121.5181026,3.0,-6.0,-47.0
1776886121.5281026,1.0,-5.0,-45.0
1776886121.5381026,4.0,0.0,-49.0
1776886121.5481029,0.0,1.0,-42.0
1776886121.5581028,1.0,4.0,-36.0
1776886121.5681028,-2.0,0.0,-37.0
1776886121.5781028,0.0,0.0,-38.0
1776886121.5881028,0.0,0.0,-41.0
1776886121.5981028,0.0,0.0,-45.0
1776886121.6081028,0.0,-3.0,-41.0
1776886121.6181028,0.0,-2.0,-39.0
1776886121.6281028,-2.0,-3.0,-38.0
1776886121.6381028,-1.0,-2.0,-47.0
1776886121.6481028,0.0,-2.0,-48.0
1776886121.6581028,1.0,1.0,-43.0
1776886121.6681027,-2.0,0.0,-40.0
1776886121.6781027,-7.0,-3.0,-44.0
1776886121.6881027,-7.0,-1.0,-43.0
1776886121.6981027,-7.0,-1.0,-42.0
1776886121.7081027,-2.0,1.0,-40.0
1776886121.7181027,0.0,-1.0,-39.0
1776886121.7281027,3.0,0.0,-39.0
1776886121.738103,0.0,0.0,-39.0
1776886121.748103,0.0,0.0,-37.0
1776886121.758103,0.0,-3.0,-35.0
1776886121.7681026,7.0,-8.0,-29.0
1776886121.7781026,6.0,-9.0,-35.0
1776886121.7881026,7.0,-4.0,-38.0
1776886121.7981029,3.0,-6.0,-39.0
1776886121.8081028,1.0,-5.0,-38.0
1776886121.8181028,-2.0,-8.0,-39.0
1776886121.8281028,0.0,-8.0,-42.0
1776886121.8381028,-3.0,-5.0,-45.0
1776886121.8481028,1.0,-4.0,-43.0
1776886121.8581028,5.0,0.0,-44.0
1776886121.8681028,8.0,-3.0,-45.0
1776886121.8781028,7.0,-7.0,-45.0
1776886121.8881028,1.0,-6.0,-42.0
1776886121.8981028,2.0,-6.0,-45.0
1776886121.9081028,9.0,-5.0,-47.0
1776886121.9181027,12.0,-7.0,-36.0
1776886121.9281027,8.0,-3.0,-33.0
1776886121.9381027,5.0,-5.0,-36.0
1776886121.9481027,0.0,-3.0,-43.0
1776886121.9581027,-3.0,-2.0,-43.0
1776886121.9681027,-1.0,-1.0,-41.0
1776886121.9781027,-1.0,-1.0,-42.0
1776886121.988103,-4.0,-3.0,-40.0
1776886121.998103,-6.0,0.0,-42.0
1776886122.008103,-3.0,4.0,-38.0
1776886122.0181026,0.0,4.0,-39.0
1776886122.0281026,0.0,6.0,-43.0
1776886122.0381026,-2.0,4.0,-45.0
1776886122.0481029,-2.0,0.0,-44.0
1776886122.0581028,-4.0,-1.0,-41.0
1776886122.0681028,-2.0,1.0,-45.0
1776886122.0781028,-3.0,0.0,-50.0
1776886122.0881028,1.0,-3.0,-59.0
1776886122.0981028,4.0,-1.0,-55.0
1776886122.1081028,7.0,-3.0,-51.0
1776886122.1181028,6.0,-3.0,-52.0
1776886122.1281028,8.0,0.0,-52.0
1776886122.1381028,5.0,0.0,-51.0
1776886122.1481028,4.0,0.0,-50.0
1776886122.1581028,3.0,0.0,-51.0
1776886122.1681027,2.0,-2.0,-51.0
1776886122.1781027,5.0,0.0,-55.0
1776886122.1881027,4.0,0.0,-54.0
1776886122.1981027,0.0,0.0,-49.0
1776886122.2081027,2.0,0.0,-47.0
1776886122.2181027,0.0,1.0,-42.0
1776886122.2281027,3.0,-2.0,-39.0
1776886122.238103,1.0,-5.0,-44.0
1776886122.248103,0.0,-5.0,-42.0
1776886122.258103,0.0,-5.0,-39.0
1776886122.2681026,-1.0,-8.0,-44.0
1776886122.2781026,-2.0,-9.0,-46.0
1776886122.2881026,-5.0,-3.0,-44.0
1776886122.2991028,-3.0,0.0,-41.0
1776886122.3091028,-4.0,-2.0,-40.0
1776886122.3191028,-2.0,-1.0,-47.0
1776886122.3291028,-3.0,0.0,-52.0
1776886122.3391027,1.0,0.0,-52.0
1776886122.3491027,3.0,1.0,-47.0
1776886122.3591027,1.0,0.0,-42.0
1776886122.3691027,1.0,1.0,-44.0
1776886122.3791027,1.0,0.0,-43.0
1776886122.3891027,2.0,-3.0,-43.0
1776886122.3991027,4.0,0.0,-39.0
1776886122.409103,4.0,2.0,-37.0
1776886122.419103,2.0,3.0,-40.0
1776886122.429103,4.0,6.0,-44.0
1776886122.4391026,4.0,5.0,-44.0
1776886122.4491026,8.0,2.0,-47.0
1776886122.4591026,5.0,1.0,-47.0
1776886122.4691026,1.0,0.0,-40.0
1776886122.4791028,2.0,6.0,-45.0
1776886122.4891028,0.0,4.0,-46.0
1776886122.4991028,-2.0,3.0,-41.0
1776886122.5091028,-2.0,0.0,-41.0
1776886122.5191028,-1.0,0.0,-38.0
1776886122.5291028,-1.0,2.0,-42.0
1776886122.5391028,0.0,3.0,-42.0
1776886122.5491028,0.0,3.0,-40.0
1776886122.5591028,-8.0,2.0,-41.0
1776886122.5691028,-3.0,0.0,-37.0
1776886122.5791028,-3.0,-3.0,-38.0
1776886122.5891027,1.0,-4.0,-38.0
1776886122.5991027,7.0,-3.0,-34.0
1776886122.6091027,6.0,-2.0,-37.0
1776886122.6191027,11.0,-1.0,-42.0
1776886122.6291027,12.0,-2.0,-40.0
1776886122.6391027,9.0,-5.0,-39.0
1776886122.6491027,10.0,-8.0,-37.0
1776886122.659103,7.0,-12.0,-40.0
1776886122.669103,7.0,-16.0,-40.0
1776886122.679103,7.0,-14.0,-39.0
1776886122.6891026,7.0,-11.0,-41.0
1776886122.6991026,7.0,-5.0,-40.0
1776886122.7091026,6.0,0.0,-44.0
1776886122.7191026,6.0,0.0,-38.0
1776886122.7291028,4.0,0.0,-39.0
1776886122.7391028,5.0,-2.0,-39.0
1776886122.7491028,3.0,-4.0,-39.0
1776886122.7591028,2.0,-1.0,-40.0
1776886122.7691028,7.0,3.0,-41.0
1776886122.7791028,3.0,3.0,-36.0
1776886122.7891028,1.0,4.0,-34.0
1776886122.7991028,0.0,7.0,-33.0
1776886122.8091028,1.0,5.0,-33.0
1776886122.8191028,7.0,2.0,-30.0
1776886122.8291028,8.0,0.0,-31.0
1776886122.8391027,8.0,-1.0,-34.0
1776886122.8491027,12.0,0.0,-31.0
1776886122.8591027,11.0,-3.0,-34.0
1776886122.8691027,9.0,-2.0,-36.0
1776886122.8791027,14.0,-1.0,-37.0
1776886122.8891027,18.0,-4.0,-37.0
1776886122.8991027,14.0,-1.0,-37.0
1776886122.909103,12.0,-3.0,-38.0
1776886122.919103,9.0,-1.0,-37.0
1776886122.929103,6.0,-3.0,-37.0
1776886122.9391026,5.0,-6.0,-37.0
1776886122.9491026,2.0,-5.0,-40.0
1776886122.9591026,1.0,-1.0,-34.0
1776886122.9691026,-1.0,-2.0,-36.0
1776886122.9791028,-2.0,-1.0,-40.0
1776886122.9891028,-4.0,-2.0,-39.0
1776886122.9991028,-6.0,-2.0,-36.0
1776886123.0091028,-7.0,-5.0,-40.0
1776886123.0191028,-3.0,-3.0,-47.0
1776886123.0291028,0.0,-5.0,-44.0
1776886123.0391028,8.0,-4.0,-43.0
1776886123.0491028,9.0,-4.0,-41.0
1776886123.0591028,8.0,-8.0,-39.0
1776886123.0691028,9.0,-8.0,-38.0
1776886123.0791028,9.0,-5.0,-42.0
1776886123.0891027,5.0,-6.0,-43.0
1776886123.0991027,8.0,-7.0,-40.0
1776886123.1091027,8.0,-6.0,-34.0
1776886123.1191027,10.0,-7.0,-39.0
1776886123.1291027,10.0,-7.0,-47.0
1776886123.1391027,6.0,-4.0,-42.0
1776886123.1491027,3.0,-6.0,-45.0
1776886123.159103,-2.0,-6.0,-49.0
1776886123.169103,1.0,-5.0,-44.0
1776886123.179103,4.0,-1.0,-47.0
1776886123.1891026,7.0,6.0,-48.0
1776886123.1991026,3.0,1.0,-49.0
1776886123.2091026,3.0,-4.0,-49.0
1776886123.2191026,9.0,-2.0,-48.0
1776886123.2291028,4.0,0.0,-44.0
1776886123.2391028,1.0,-1.0,-43.0
1776886123.2491028,2.0,0.0,-47.0
1776886123.2591028,9.0,1.0,-47.0
1776886123.2691028,9.0,5.0,-45.0
1776886123.2791028,6.0,6.0,-47.0
1776886123.2891028,10.0,4.0,-49.0
1776886123.2991028,7.0,0.0,-46.0
1776886123.3091028,5.0,-3.0,-42.0
1776886123.3191028,8.0,-4.0,-41.0
1776886123.3291028,8.0,-6.0,-41.0
1776886123.3391027,8.0,-1.0,-38.0
1776886123.3491027,9.0,-2.0,-40.0
1776886123.3591027,8.0,-2.0,-41.0
1776886123.3691027,9.0,2.0,-40.0
1776886123.3791027,5.0,0.0,-36.0
1776886123.3891027,1.0,2.0,-34.0
1776886123.3991027,3.0,-2.0,-36.0
1776886123.409103,2.0,-3.0,-36.0
1776886123.419103,-1.0,-2.0,-36.0
1776886123.429103,1.0,-3.0,-33.0
1776886123.4391026,2.0,-2.0,-35.0
1776886123.4491026,5.0,-1.0,-43.0
1776886123.4591026,8.0,0.0,-43.0
1776886123.4691026,8.0,-2.0,-43.0
1776886123.4791028,8.0,-3.0,-35.0
1776886123.4891028,4.0,-3.0,-32.0
1776886123.4991028,4.0,-6.0,-29.0
1776886123.5091028,3.0,-6.0,-24.0
1776886123.5191028,6.0,-7.0,-30.0
1776886123.5291028,6.0,-4.0,-34.0
1776886123.5391028,4.0,-3.0,-30.0
1776886123.5491028,2.0,-2.0,-29.0
1776886123.5591028,0.0,-1.0,-34.0
1776886123.5691028,0.0,-4.0,-33.0
1776886123.5791028,1.0,-7.0,-40.0
1776886123.5891027,0.0,-8.0,-46.0
1776886123.5991027,0.0,-10.0,-46.0
1776886123.6091027,-2.0,-9.0,-49.0
1776886123.6191027,-9.0,-10.0,-50.0
1776886123.6291027,-9.0,-7.0,-45.0
1776886123.6391027,-5.0,-2.0,-41.0
1776886123.6491027,-5.0,-3.0,-36.0
1776886123.659103,-5.0,-6.0,-42.0
1776886123.669103,-6.0,-6.0,-44.0
1776886123.679103,-5.0,-8.0,-44.0
1776886123.6891026,4.0,-11.0,-49.0
1776886123.6991026,9.0,-9.0,-42.0
1776886123.7091026,8.0,-7.0,-41.0
1776886123.7191026,4.0,-8.0,-37.0
1776886123.7291028,1.0,-11.0,-39.0
1776886123.7391028,3.0,-11.0,-38.0
1776886123.7491028,4.0,-10.0,-40.0
1776886123.7591028,0.0,-10.0,-39.0
1776886123.7691028,-2.0,-6.0,-40.0
1776886123.7791028,-3.0,-5.0,-39.0
1776886123.7891028,-1.0,-8.0,-37.0
1776886123.7991028,-3.0,-9.0,-43.0
1776886123.8091028,-3.0,-5.0,-39.0
1776886123.8191028,-1.0,-2.0,-39.0
1776886123.8291028,-2.0,-2.0,-46.0
1776886123.8391027,1.0,0.0,-46.0
1776886123.8491027,1.0,2.0,-39.0
1776886123.8591027,0.0,0.0,-45.0
1776886123.8691027,2.0,-5.0,-46.0
1776886123.8791027,4.0,-3.0,-42.0
1776886123.8891027,-1.0,0.0,-44.0
1776886123.8991027,-1.0,0.0,-38.0
1776886123.909103,-1.0,-1.0,-40.0
1776886123.919103,-3.0,0.0,-37.0
1776886123.929103,-6.0,1.0,-37.0
1776886123.9391026,-4.0,0.0,-40.0
1776886123.9491026,-4.0,0.0,-38.0
1776886123.9591026,0.0,-4.0,-42.0
1776886123.9691026,4.0,-3.0,-39.0
1776886123.9791028,7.0,-3.0,-40.0
1776886123.9891028,9.0,0.0,-40.0
1776886123.9991028,8.0,1.0,-36.0
1776886124.0091028,11.0,0.0,-33.0
1776886124.0191028,9.0,1.0,-37.0
1776886124.0291028,3.0,2.0,-39.0
1776886124.0391028,1.0,0.0,-37.0
1776886124.0491028,0.0,0.0,-40.0
1776886124.0591028,-2.0,1.0,-40.0
1776886124.0691028,0.0,-2.0,-43.0
1776886124.0791028,-2.0,-4.0,-40.0
1776886124.0891027,-2.0,0.0,-33.0
1776886124.0991027,-4.0,0.0,-26.0
1776886124.1091027,-6.0,-2.0,-35.0
1776886124.1191027,-3.0,-3.0,-37.0
1776886124.1291027,-3.0,-4.0,-40.0
1776886124.1391027,2.0,0.0,-40.0
1776886124.1491027,1.0,0.0,-42.0
1776886124.159103,5.0,0.0,-36.0
1776886124.169103,6.0,-3.0,-33.0
1776886124.179103,4.0,0.0,-35.0
1776886124.1891026,5.0,0.0,-39.0
1776886124.1991026,1.0,-1.0,-37.0
1776886124.2091026,0.0,1.0,-32.0
1776886124.2191026,1.0,1.0,-38.0
1776886124.2291028,0.0,-1.0,-39.0
1776886124.2401028,-3.0,0.0,-37.0
1776886124.2491028,0.0,-2.0,-37.0
1776886124.2601027,-3.0,-1.0,-39.0
1776886124.2701027,-5.0,0.0,-32.0
1776886124.2791028,-1.0,-1.0,-34.0
1776886124.2901027,1.0,-6.0,-36.0
1776886124.3001027,4.0,-3.0,-39.0
1776886124.3101027,0.0,-5.0,-38.0
1776886124.3201027,-3.0,-2.0,-37.0
1776886124.3301027,-4.0,-3.0,-33.0
1776886124.340103,-2.0,0.0,-36.0
1776886124.350103,0.0,-2.0,-38.0
1776886124.360103,0.0,-3.0,-39.0
1776886124.3701026,4.0,0.0,-37.0
1776886124.3801026,0.0,-1.0,-32.0
1776886124.3901026,-1.0,-2.0,-34.0
1776886124.4001029,-3.0,-3.0,-37.0
1776886124.4101028,-5.0,-5.0,-34.0
1776886124.4201028,-3.0,-3.0,-33.0
1776886124.4301028,-4.0,-4.0,-43.0
1776886124.4401028,2.0,-5.0,-41.0
1776886124.4501028,-1.0,-2.0,-44.0
1776886124.4601028,0.0,0.0,-48.0
1776886124.4701028,2.0,0.0,-53.0
1776886124.4801028,0.0,0.0,-53.0
1776886124.4901028,4.0,3.0,-46.0
1776886124.5001028,3.0,2.0,-38.0
1776886124.5101027,2.0,2.0,-37.0
1776886124.5201027,0.0,2.0,-40.0
1776886124.5301027,0.0,0.0,-37.0
1776886124.5401027,0.0,-3.0,-42.0
1776886124.5501027,-2.0,-2.0,-46.0
1776886124.5601027,1.0,0.0,-37.0
1776886124.5701027,2.0,3.0,-35.0
1776886124.5801027,3.0,2.0,-34.0
1776886124.590103,0.0,4.0,-33.0
1776886124.600103,0.0,6.0,-34.0
1776886124.610103,-4.0,2.0,-35.0
1776886124.6201026,-4.0,0.0,-37.0
1776886124.6301026,-3.0,2.0,-43.0
1776886124.6401026,-1.0,-4.0,-43.0
1776886124.6501029,-1.0,-7.0,-46.0
1776886124.6601028,-1.0,0.0,-46.0
1776886124.6701028,-1.0,0.0,-43.0
1776886124.6801028,0.0,-1.0,-37.0
1776886124.6901028,1.0,-1.0,-35.0
1776886124.7001028,4.0,-3.0,-32.0
1776886124.7101028,4.0,-6.0,-33.0
1776886124.7201028,5.0,-4.0,-33.0
1776886124.7301028,2.0,1.0,-28.0
1776886124.7401028,-1.0,0.0,-26.0
1776886124.7501028,0.0,-4.0,-26.0
1776886124.7601027,1.0,-2.0,-31.0
1776886124.7701027,1.0,-7.0,-25.0
1776886124.7801027,2.0,-9.0,-27.0
1776886124.7901027,0.0,-8.0,-27.0
1776886124.8001027,5.0,-8.0,-34.0
1776886124.8101027,4.0,-8.0,-28.0
1776886124.8201027,4.0,-7.0,-31.0
1776886124.8301027,3.0,-10.0,-33.0
1776886124.840103,1.0,-13.0,-31.0
1776886124.850103,2.0,-14.0,-32.0
1776886124.860103,-3.0,-8.0,-34.0
1776886124.8701026,-1.0,-5.0,-31.0
1776886124.8801026,-1.0,-2.0,-37.0
1776886124.8901026,-2.0,-3.0,-37.0
1776886124.9001029,-10.0,-5.0,-37.0
1776886124.9101028,-11.0,-3.0,-38.0
1776886124.9201028,-8.0,2.0,-32.0
1776886124.9301028,-6.0,0.0,-32.0
1776886124.9401028,0.0,0.0,-31.0
1776886124.9501028,-2.0,-6.0,-31.0
1776886124.9601028,-4.0,-9.0,-39.0
1776886124.9701028,-3.0,-9.0,-28.0
1776886124.9801028,-1.0,-6.0,-26.0
1776886124.9901028,-3.0,-4.0,-27.0
1776886125.0001028,-1.0,-5.0,-28.0
1776886125.0101027,0.0,-6.0,-28.0
1776886125.0201027,1.0,-7.0,-28.0
1776886125.0301027,6.0,-7.0,-30.0
1776886125.0401027,7.0,-8.0,-37.0
1776886125.0501027,4.0,-11.0,-38.0
1776886125.0601027,2.0,-11.0,-41.0
1776886125.0701027,2.0,-10.0,-43.0
1776886125.0801027,-1.0,-11.0,-44.0
1776886125.090103,0.0,-7.0,-41.0
1776886125.100103,2.0,-3.0,-41.0
1776886125.110103,0.0,-4.0,-45.0
1776886125.1201026,0.0,-6.0,-44.0
1776886125.1301026,4.0,-9.0,-37.0
1776886125.1401026,2.0,-8.0,-34.0
1776886125.1501029,1.0,-7.0,-38.0
1776886125.1601028,0.0,-3.0,-35.0
1776886125.1701028,-3.0,-2.0,-29.0
1776886125.1801028,-4.0,-4.0,-28.0
1776886125.1901028,-1.0,-5.0,-28.0
1776886125.2001028,0.0,-5.0,-34.0
1776886125.2101028,-2.0,-2.0,-36.0
1776886125.2201028,-4.0,2.0,-31.0
1776886125.2301028,-1.0,1.0,-34.0
1776886125.2401028,-3.0,2.0,-36.0
1776886125.2501028,-3.0,5.0,-31.0
1776886125.2601027,-1.0,7.0,-21.0
1776886125.2701027,-1.0,2.0,-29.0
1776886125.2801027,0.0,-3.0,-29.0
1776886125.2901027,2.0,-6.0,-23.0
1776886125.3001027,2.0,-7.0,-33.0
1776886125.3101027,3.0,-5.0,-42.0
1776886125.3201027,6.0,-4.0,-47.0
1776886125.3301027,0.0,-4.0,-48.0
1776886125.340103,-1.0,-7.0,-49.0
1776886125.350103,0.0,-6.0,-46.0
1776886125.360103,-2.0,-3.0,-42.0
1776886125.3701026,-3.0,-9.0,-37.0
1776886125.3801026,-7.0,-6.0,-32.0
1776886125.3901026,-3.0,-4.0,-30.0
1776886125.4001029,-5.0,-4.0,-31.0
1776886125.4101028,-1.0,-3.0,-38.0
1776886125.4201028,-3.0,-2.0,-43.0
1776886125.4301028,-2.0,0.0,-46.0
1776886125.4401028,0.0,0.0,-46.0
1776886125.4501028,2.0,0.0,-45.0
1776886125.4601028,1.0,0.0,-44.0
1776886125.4701028,-4.0,1.0,-41.0
1776886125.4801028,-5.0,1.0,-41.0
1776886125.4901028,-2.0,4.0,-42.0
1776886125.5001028,0.0,4.0,-38.0
1776886125.5101027,-2.0,3.0,-34.0
1776886125.5201027,-2.0,3.0,-39.0
1776886125.5301027,-5.0,1.0,-49.0
1776886125.5401027,-1.0,-2.0,-50.0
1776886125.5501027,-5.0,0.0,-45.0
1776886125.5601027,-7.0,1.0,-48.0
1776886125.5701027,-4.0,-3.0,-49.0
1776886125.5801027,-8.0,-2.0,-48.0
1776886125.590103,-12.0,-1.0,-46.0
1776886125.600103,-11.0,0.0,-52.0
1776886125.610103,-14.0,1.0,-50.0
1776886125.6201026,-8.0,0.0,-44.0
1776886125.6301026,-4.0,-4.0,-48.0
1776886125.6401026,-2.0,-4.0,-48.0
1776886125.6501029,0.0,-7.0,-44.0
1776886125.6601028,-2.0,-2.0,-43.0
1776886125.6701028,-4.0,-2.0,-42.0
1776886125.6801028,-7.0,0.0,-45.0
1776886125.6901028,-11.0,0.0,-45.0
1776886125.7001028,-9.0,0.0,-44.0
1776886125.7101028,-13.0,0.0,-38.0
1776886125.7201028,-6.0,-2.0,-34.0
1776886125.7301028,-3.0,-2.0,-33.0
1776886125.7401028,0.0,1.0,-30.0
1776886125.7501028,5.0,1.0,-32.0
1776886125.7601027,6.0,3.0,-34.0
1776886125.7701027,6.0,5.0,-33.0
1776886125.7801027,2.0,2.0,-36.0
1776886125.7901027,4.0,0.0,-30.0
1776886125.8001027,6.0,3.0,-35.0
1776886125.8101027,3.0,1.0,-31.0
1776886125.8201027,2.0,3.0,-27.0
1776886125.8301027,0.0,2.0,-27.0
1776886125.840103,-2.0,3.0,-33.0
1776886125.850103,0.0,-1.0,-21.0
1776886125.860103,-1.0,-4.0,-19.0
1776886125.8701026,0.0,-3.0,-29.0
1776886125.8801026,5.0,-1.0,-32.0
1776886125.8901026,5.0,-2.0,-34.0
1776886125.9001029,0.0,-4.0,-35.0
1776886125.9101028,1.0,2.0,-34.0
1776886125.9201028,0.0,2.0,-33.0
1776886125.9301028,2.0,2.0,-37.0
1776886125.9401028,0.0,5.0,-41.0
1776886125.9501028,-1.0,7.0,-48.0
1776886125.9601028,-1.0,2.0,-49.0
1776886125.9701028,0.0,0.0,-52.0
1776886125.9801028,0.0,0.0,-45.0
1776886125.9901028,1.0,2.0,-41.0
1776886126.0001028,0.0,3.0,-41.0
1776886126.0101027,3.0,3.0,-42.0
1776886126.0201027,9.0,1.0,-36.0
1776886126.0301027,8.0,1.0,-44.0
1776886126.0401027,4.0,0.0,-37.0
1776886126.0501027,0.0,0.0,-38.0
1776886126.0601027,-2.0,1.0,-39.0
1776886126.0701027,-3.0,-2.0,-31.0
1776886126.0801027,-5.0,0.0,-30.0
1776886126.090103,-4.0,1.0,-33.0
1776886126.100103,-4.0,1.0,-35.0
1776886126.110103,-1.0,1.0,-36.0
1776886126.1201026,0.0,1.0,-41.0
1776886126.1301026,-2.0,6.0,-45.0
1776886126.1401026,0.0,7.0,-49.0
1776886126.1501029,-1.0,3.0,-42.0
1776886126.1601028,-1.0,3.0,-47.0
1776886126.1701028,-1.0,4.0,-42.0
1776886126.1801028,-4.0,2.0,-41.0
1776886126.1901028,-1.0,2.0,-43.0
1776886126.2001028,-2.0,-2.0,-40.0
1776886126.2101028,-1.0,-2.0,-37.0
1776886126.2201028,0.0,-2.0,-32.0
1776886126.2301028,0.0,-4.0,-33.0
1776886126.2401028,1.0,0.0,-29.0
1776886126.2501028,-1.0,0.0,-29.0
1776886126.261103,0.0,0.0,-29.0
1776886126.2701027,-4.0,2.0,-28.0
1776886126.281103,-5.0,3.0,-29.0
1776886126.2911026,-5.0,0.0,-38.0
1776886126.3001027,1.0,-4.0,-41.0
1776886126.3111026,4.0,-2.0,-46.0
1776886126.3211029,5.0,1.0,-40.0
1776886126.3311028,4.0,1.0,-37.0
1776886126.3411028,2.0,2.0,-31.0
1776886126.3511028,7.0,2.0,-28.0
1776886126.3611028,4.0,3.0,-38.0
1776886126.3711028,3.0,9.0,-42.0
1776886126.3811028,1.0,4.0,-46.0
1776886126.3911028,0.0,-2.0,-46.0
1776886126.4011028,1.0,-3.0,-43.0
1776886126.4111028,7.0,-3.0,-41.0
1776886126.4211028,5.0,-7.0,-47.0
1776886126.4311028,2.0,-6.0,-46.0
1776886126.4411027,3.0,-5.0,-44.0
1776886126.4511027,-1.0,-4.0,-43.0
1776886126.4611027,0.0,-3.0,-43.0
1776886126.4711027,-2.0,-3.0,-41.0
1776886126.4811027,-4.0,-2.0,-37.0
1776886126.4911027,-1.0,-2.0,-34.0
1776886126.5011027,-1.0,2.0,-27.0
1776886126.511103,-5.0,3.0,-31.0
1776886126.521103,-3.0,0.0,-35.0
1776886126.531103,2.0,-6.0,-42.0
1776886126.5411026,6.0,-9.0,-44.0
1776886126.5511026,0.0,-10.0,-41.0
1776886126.5611026,2.0,-9.0,-43.0
1776886126.5711029,1.0,-6.0,-41.0
1776886126.5811028,2.0,-7.0,-34.0
1776886126.5911028,1.0,-8.0,-33.0
1776886126.6011028,0.0,-7.0,-37.0
1776886126.6111028,2.0,-2.0,-33.0
1776886126.6211028,3.0,-4.0,-25.0
1776886126.6311028,1.0,-3.0,-28.0
1776886126.6411028,-3.0,-6.0,-30.0
1776886126.6511028,-1.0,-4.0,-26.0
1776886126.6611028,0.0,-1.0,-34.0
1776886126.6711028,-2.0,1.0,-28.0
1776886126.6811028,-3.0,-1.0,-30.0
1776886126.6911027,-1.0,-2.0,-28.0
1776886126.7011027,-1.0,0.0,-29.0
1776886126.7111027,2.0,-1.0,-30.0
1776886126.7211027,0.0,-3.0,-32.0
1776886126.7311027,0.0,-1.0,-34.0
1776886126.7411027,1.0,0.0,-39.0
1776886126.7511027,0.0,3.0,-44.0
1776886126.761103,0.0,1.0,-34.0
1776886126.771103,-1.0,2.0,-26.0
1776886126.781103,-1.0,3.0,-23.0
1776886126.7911026,0.0,0.0,-28.0
1776886126.8011026,1.0,-1.0,-29.0
1776886126.8111026,0.0,-1.0,-32.0
1776886126.8211029,3.0,0.0,-38.0
1776886126.8311028,3.0,3.0,-39.0
1776886126.8411028,2.0,1.0,-35.0
1776886126.8511028,0.0,-2.0,-39.0
1776886126.8611028,-1.0,-5.0,-34.0
1776886126.8711028,-1.0,-4.0,-38.0
1776886126.8811028,2.0,-4.0,-40.0
1776886126.8911028,4.0,-4.0,-39.0
1776886126.9011028,5.0,-9.0,-37.0
1776886126.9111028,1.0,-6.0,-41.0
1776886126.9211028,0.0,-6.0,-40.0
1776886126.9311028,3.0,-3.0,-39.0
1776886126.9411027,3.0,0.0,-50.0
1776886126.9511027,-1.0,0.0,-47.0
1776886126.9611027,1.0,0.0,-47.0
1776886126.9711027,-2.0,0.0,-43.0
1776886126.9811027,-1.0,-3.0,-38.0
1776886126.9911027,-4.0,-6.0,-35.0
1776886127.0011027,-2.0,-7.0,-30.0
1776886127.011103,0.0,-7.0,-34.0
1776886127.021103,-5.0,-5.0,-32.0
1776886127.031103,-4.0,-5.0,-36.0
1776886127.0411026,0.0,-5.0,-33.0
1776886127.0511026,4.0,-4.0,-32.0
1776886127.0611026,3.0,-4.0,-32.0
1776886127.0711029,3.0,-2.0,-30.0
1776886127.0811028,0.0,-4.0,-33.0
1776886127.0911028,0.0,-6.0,-32.0
1776886127.1011028,-1.0,-4.0,-34.0
1776886127.1111028,-1.0,-4.0,-32.0
1776886127.1211028,1.0,-5.0,-28.0
1776886127.1311028,-2.0,-5.0,-28.0
1776886127.1411028,-1.0,-7.0,-31.0
1776886127.1511028,-3.0,-7.0,-31.0
1776886127.1611028,0.0,-8.0,-29.0
1776886127.1711028,-3.0,-7.0,-29.0
1776886127.1811028,-6.0,-6.0,-30.0
1776886127.1911027,-8.0,-1.0,-30.0
1776886127.2011027,-8.0,-2.0,-38.0
1776886127.2111027,-8.0,-5.0,-45.0
1776886127.2211027,-5.0,-1.0,-46.0
1776886127.2311027,-3.0,0.0,-44.0
1776886127.2411027,-4.0,4.0,-39.0
1776886127.2511027,-4.0,4.0,-34.0
1776886127.261103,-3.0,6.0,-37.0
1776886127.271103,2.0,5.0,-37.0
1776886127.281103,2.0,4.0,-38.0
1776886127.2911026,0.0,4.0,-37.0
1776886127.3011026,-5.0,2.0,-42.0
1776886127.3111026,-1.0,-1.0,-46.0
1776886127.3211029,-3.0,-5.0,-43.0
1776886127.3311028,-3.0,-7.0,-43.0
1776886127.3411028,0.0,-5.0,-38.0
1776886127.3511028,1.0,-4.0,-37.0
1776886127.3611028,2.0,2.0,-43.0
1776886127.3711028,0.0,2.0,-49.0
1776886127.3811028,2.0,2.0,-51.0
1776886127.3911028,2.0,3.0,-47.0
1776886127.4011028,2.0,4.0,-44.0
1776886127.4111028,-1.0,1.0,-41.0
1776886127.4211028,-3.0,0.0,-36.0
1776886127.4311028,-3.0,0.0,-34.0
1776886127.4411027,-2.0,0.0,-34.0
1776886127.4511027,-1.0,-5.0,-33.0
1776886127.4611027,1.0,-3.0,-41.0
1776886127.4711027,0.0,-4.0,-47.0
1776886127.4811027,-4.0,-3.0,-43.0
1776886127.4911027,-5.0,-4.0,-42.0
1776886127.5011027,0.0,-1.0,-45.0
1776886127.511103,0.0,2.0,-50.0
1776886127.521103,-3.0,0.0,-48.0
1776886127.531103,-5.0,0.0,-51.0
1776886127.5411026,-3.0,-4.0,-53.0
1776886127.5511026,-1.0,0.0,-49.0
1776886127.5611026,0.0,1.0,-48.0
1776886127.5711029,-1.0,0.0,-44.0
1776886127.5811028,-2.0,0.0,-42.0
1776886127.5911028,1.0,-2.0,-48.0
1776886127.6011028,0.0,-2.0,-47.0
1776886127.6111028,0.0,-1.0,-42.0
1776886127.6211028,-6.0,-1.0,-49.0
1776886127.6311028,-4.0,1.0,-42.0
1776886127.6411028,-3.0,5.0,-36.0
1776886127.6511028,0.0,5.0,-37.0
1776886127.6611028,1.0,3.0,-37.0
1776886127.6711028,3.0,0.0,-40.0
1776886127.6811028,0.0,0.0,-37.0
1776886127.6911027,-1.0,0.0,-33.0
1776886127.7011027,-2.0,0.0,-29.0
1776886127.7111027,-6.0,-4.0,-32.0
1776886127.7211027,-3.0,-4.0,-40.0
1776886127.7311027,0.0,-1.0,-37.0
1776886127.7411027,9.0,0.0,-37.0
1776886127.7511027,6.0,0.0,-29.0
1776886127.761103,6.0,3.0,-36.0
1776886127.771103,0.0,2.0,-42.0
1776886127.781103,-1.0,0.0,-44.0
1776886127.7911026,-3.0,-1.0,-43.0
1776886127.8011026,-7.0,1.0,-46.0
1776886127.8111026,-4.0,0.0,-41.0
1776886127.8211029,-1.0,0.0,-49.0
1776886127.8321028,-2.0,-6.0,-50.0
1776886127.8411028,-1.0,-4.0,-58.0
1776886127.8511028,0.0,-4.0,-54.0
1776886127.8611028,1.0,0.0,-53.0
1776886127.8711028,0.0,0.0,-52.0
1776886127.8811028,-3.0,-1.0,-43.0
1776886127.8911028,-3.0,0.0,-41.0
1776886127.9011028,-6.0,0.0,-36.0
1776886127.9111028,-7.0,-4.0,-33.0
1776886127.9211028,-10.0,-2.0,-41.0
1776886127.9311028,-12.0,-3.0,-42.0
1776886127.9411027,-3.0,-5.0,-44.0
1776886127.9511027,-1.0,-7.0,-43.0
1776886127.9611027,-3.0,-8.0,-39.0
1776886127.9711027,0.0,-8.0,-37.0
1776886127.9811027,7.0,-6.0,-44.0
1776886127.9911027,8.0,-4.0,-48.0
1776886128.0011027,6.0,-4.0,-50.0
1776886128.011103,0.0,-2.0,-50.0
1776886128.021103,0.0,0.0,-43.0
1776886128.031103,2.0,-2.0,-44.0
1776886128.0411026,8.0,-1.0,-45.0
1776886128.0511026,3.0,0.0,-48.0
1776886128.0611026,4.0,1.0,-42.0
1776886128.0711029,4.0,1.0,-40.0
1776886128.0811028,2.0,0.0,-44.0
1776886128.0911028,0.0,-2.0,-38.0
1776886128.1011028,0.0,0.0,-41.0
1776886128.1111028,1.0,1.0,-40.0
1776886128.1211028,-1.0,-2.0,-37.0
1776886128.1311028,-2.0,-8.0,-33.0
1776886128.1411028,-2.0,-7.0,-34.0
1776886128.1511028,-2.0,-8.0,-30.0
1776886128.1611028,-3.0,-6.0,-33.0
1776886128.1711028,-6.0,-3.0,-34.0
1776886128.1811028,-7.0,-4.0,-35.0
1776886128.1911027,-9.0,-6.0,-41.0
1776886128.2011027,-6.0,-2.0,-36.0
1776886128.2111027,-2.0,2.0,-32.0
1776886128.2211027,-3.0,2.0,-29.0
1776886128.2311027,0.0,2.0,-30.0
1776886128.2411027,-1.0,1.0,-32.0
1776886128.2511027,0.0,1.0,-34.0
1776886128.261103,0.0,0.0,-35.0
1776886128.2721028,-1.0,5.0,-40.0
1776886128.2821028,-1.0,1.0,-39.0
1776886128.2921028,0.0,0.0,-37.0
1776886128.3021028,2.0,1.0,-39.0
1776886128.3121028,1.0,1.0,-41.0
1776886128.3221028,1.0,-2.0,-37.0
1776886128.3321028,0.0,-1.0,-39.0
1776886128.3421028,-2.0,0.0,-38.0
1776886128.3521028,-1.0,0.0,-38.0
1776886128.3621027,-2.0,0.0,-38.0
1776886128.3721027,-3.0,4.0,-41.0
1776886128.3821027,-2.0,5.0,-37.0
1776886128.3921027,-1.0,2.0,-40.0
1776886128.4021027,2.0,0.0,-41.0
1776886128.4121027,1.0,0.0,-40.0
1776886128.4221027,1.0,-1.0,-40.0
1776886128.432103,2.0,-5.0,-42.0
1776886128.442103,1.0,-5.0,-43.0
1776886128.452103,6.0,-3.0,-43.0
1776886128.462103,5.0,-1.0,-42.0
1776886128.4721026,-1.0,-2.0,-43.0
1776886128.4821026,-1.0,0.0,-46.0
1776886128.4921026,-4.0,2.0,-37.0
1776886128.5021029,-5.0,0.0,-34.0
1776886128.5121028,-3.0,1.0,-36.0
1776886128.5221028,-3.0,2.0,-41.0
1776886128.5321028,-6.0,5.0,-36.0
1776886128.5421028,-5.0,5.0,-38.0
1776886128.5521028,0.0,-2.0,-44.0
1776886128.5621028,0.0,-4.0,-50.0
1776886128.5721028,0.0,-6.0,-48.0
1776886128.5821028,0.0,-11.0,-45.0
1776886128.5921028,5.0,-11.0,-51.0
1776886128.6021028,3.0,-9.0,-50.0
1776886128.6121027,3.0,-8.0,-49.0
1776886128.6221027,-1.0,-7.0,-50.0
1776886128.6321027,1.0,-6.0,-48.0
1776886128.6421027,4.0,-2.0,-46.0
1776886128.6521027,5.0,0.0,-43.0
1776886128.6621027,8.0,-1.0,-38.0
1776886128.6721027,5.0,-2.0,-29.0
1776886128.682103,5.0,0.0,-27.0
1776886128.692103,9.0,0.0,-26.0
1776886128.702103,6.0,-6.0,-23.0
1776886128.712103,4.0,-4.0,-25.0
1776886128.7221026,3.0,0.0,-35.0
1776886128.7321026,2.0,1.0,-34.0
1776886128.7421026,3.0,0.0,-35.0
1776886128.7521029,6.0,1.0,-36.0
1776886128.7621028,3.0,0.0,-33.0
1776886128.7721028,0.0,2.0,-31.0
1776886128.7821028,3.0,2.0,-32.0
1776886128.7921028,3.0,3.0,-39.0
1776886128.8021028,4.0,4.0,-43.0
1776886128.8121028,2.0,-1.0,-39.0
1776886128.8221028,4.0,1.0,-39.0
1776886128.8321028,4.0,2.0,-43.0
1776886128.8421028,2.0,1.0,-33.0
1776886128.8521028,2.0,2.0,-29.0
1776886128.8621027,3.0,0.0,-32.0
1776886128.8721027,1.0,-4.0,-35.0
1776886128.8821027,2.0,-2.0,-36.0
1776886128.8921027,2.0,-4.0,-39.0
1776886128.9021027,1.0,-4.0,-34.0
1776886128.9121027,-2.0,-2.0,-34.0
1776886128.9221027,-3.0,-4.0,-36.0
1776886128.932103,3.0,-3.0,-39.0
1776886128.942103,6.0,1.0,-39.0
1776886128.952103,9.0,-2.0,-32.0
1776886128.962103,1.0,-3.0,-33.0
1776886128.9721026,1.0,-1.0,-34.0
1776886128.9821026,2.0,0.0,-34.0
1776886128.9921026,1.0,2.0,-34.0
1776886129.0021029,6.0,7.0,-29.0
1776886129.0121028,5.0,8.0,-29.0
1776886129.0221028,0.0,5.0,-32.0
1776886129.0321028,3.0,3.0,-31.0
1776886129.0421028,3.0,1.0,-33.0
1776886129.0521028,1.0,0.0,-32.0
1776886129.0621028,3.0,1.0,-37.0
1776886129.0721028,9.0,3.0,-39.0
1776886129.0821028,6.0,3.0,-36.0
1776886129.0921028,3.0,1.0,-34.0
1776886129.1021028,1.0,1.0,-34.0
1776886129.1121027,4.0,5.0,-31.0
1776886129.1221027,7.0,5.0,-23.0
1776886129.1321027,9.0,0.0,-27.0
1776886129.1421027,6.0,-4.0,-31.0
1776886129.1521027,5.0,-2.0,-29.0
1776886129.1621027,0.0,-5.0,-30.0
1776886129.1721027,0.0,-4.0,-31.0
1776886129.182103,0.0,-7.0,-33.0
1776886129.192103,0.0,-7.0,-31.0
1776886129.202103,-4.0,-7.0,-31.0
1776886129.212103,-9.0,-3.0,-33.0
1776886129.2221026,-8.0,-5.0,-27.0
1776886129.2321026,-6.0,-8.0,-23.0
1776886129.2421026,-7.0,-7.0,-26.0
1776886129.2521029,-7.0,-5.0,-27.0
1776886129.2621028,-10.0,-4.0,-40.0
1776886129.2721028,-7.0,-4.0,-38.0
1776886129.2821028,-2.0,-4.0,-40.0
1776886129.2921028,0.0,-4.0,-39.0
1776886129.3021028,4.0,-1.0,-43.0
1776886129.3121028,0.0,-3.0,-43.0
1776886129.3221028,-2.0,-1.0,-41.0
1776886129.3321028,-3.0,0.0,-41.0
1776886129.3421028,-3.0,0.0,-33.0
1776886129.3521028,-1.0,-2.0,-26.0
1776886129.3621027,0.0,-4.0,-24.0
1776886129.3721027,0.0,-1.0,-23.0
1776886129.3821027,3.0,-1.0,-29.0
1776886129.3921027,3.0,2.0,-31.0
1776886129.4021027,7.0,2.0,-38.0
1776886129.4121027,7.0,1.0,-42.0
1776886129.4221027,6.0,0.0,-40.0
1776886129.432103,7.0,1.0,-38.0
1776886129.442103,4.0,2.0,-36.0
1776886129.452103,-1.0,0.0,-42.0
1776886129.462103,0.0,2.0,-42.0
1776886129.4721026,1.0,0.0,-43.0
1776886129.4821026,0.0,0.0,-40.0
1776886129.4921026,0.0,-1.0,-33.0
1776886129.5021029,3.0,-3.0,-26.0
1776886129.5121028,2.0,-1.0,-29.0
1776886129.5221028,3.0,-6.0,-27.0
1776886129.5321028,5.0,-6.0,-26.0
1776886129.5421028,7.0,-6.0,-34.0
1776886129.5521028,1.0,-6.0,-35.0
1776886129.5621028,-1.0,-5.0,-30.0
1776886129.5721028,-5.0,-7.0,-41.0
1776886129.5821028,-7.0,-8.0,-45.0
1776886129.5921028,-6.0,-8.0,-37.0
1776886129.6021028,-2.0,-6.0,-39.0
1776886129.6121027,-1.0,-5.0,-46.0
1776886129.6221027,-5.0,-1.0,-46.0
1776886129.6321027,-8.0,3.0,-44.0
1776886129.6421027,-7.0,3.0,-41.0
1776886129.6521027,-8.0,6.0,-43.0
1776886129.6621027,-6.0,5.0,-48.0
1776886129.6721027,-4.0,6.0,-48.0
1776886129.682103,-4.0,5.0,-46.0
1776886129.692103,0.0,1.0,-48.0
1776886129.702103,-1.0,-1.0,-47.0
1776886129.712103,-1.0,-7.0,-41.0
1776886129.7221026,-4.0,-12.0,-44.0
1776886129.7321026,-9.0,-10.0,-48.0
1776886129.7421026,-7.0,-6.0,-46.0
1776886129.7521029,-1.0,-3.0,-38.0
1776886129.7621028,2.0,-1.0,-35.0
1776886129.7721028,8.0,-5.0,-40.0
1776886129.7821028,3.0,-5.0,-43.0
1776886129.7921028,6.0,-5.0,-42.0
1776886129.8021028,5.0,-6.0,-44.0
1776886129.8121028,8.0,-6.0,-54.0
1776886129.8221028,9.0,-3.0,-52.0
1776886129.8321028,7.0,-3.0,-54.0
1776886129.8421028,8.0,-5.0,-56.0
1776886129.8521028,5.0,-4.0,-50.0
1776886129.8621027,2.0,-5.0,-44.0
1776886129.8721027,2.0,-2.0,-41.0
1776886129.8821027,3.0,0.0,-42.0
1776886129.8921027,4.0,-2.0,-44.0
1776886129.9021027,0.0,-2.0,-41.0
1776886129.9121027,-2.0,1.0,-36.0
1776886129.9221027,0.0,5.0,-39.0
1776886129.932103,-3.0,0.0,-41.0
1776886129.942103,1.0,-4.0,-43.0
1776886129.952103,2.0,-1.0,-35.0
1776886129.962103,3.0,0.0,-35.0
1776886129.9721026,2.0,0.0,-40.0
1776886129.9821026,3.0,0.0,-41.0
1776886129.9921026,1.0,0.0,-39.0
1776886130.0021029,-3.0,0.0,-47.0
1776886130.0121028,-2.0,0.0,-43.0
1776886130.0221028,-1.0,-1.0,-38.0
1776886130.0321028,0.0,0.0,-38.0
1776886130.0421028,-2.0,-1.0,-40.0
1776886130.0521028,1.0,0.0,-44.0
1776886130.0621028,5.0,2.0,-44.0
1776886130.0721028,2.0,0.0,-43.0
1776886130.0821028,1.0,4.0,-43.0
1776886130.0921028,0.0,4.0,-41.0
1776886130.1021028,-2.0,-1.0,-43.0
1776886130.1121027,1.0,-2.0,-39.0
1776886130.1221027,-2.0,0.0,-37.0
1776886130.1321027,-4.0,0.0,-37.0
1776886130.1421027,-2.0,1.0,-41.0
1776886130.1521027,0.0,5.0,-41.0
1776886130.1621027,-3.0,4.0,-49.0
1776886130.1721027,-2.0,7.0,-49.0
1776886130.182103,1.0,6.0,-45.0
1776886130.192103,8.0,0.0,-48.0
1776886130.202103,8.0,-2.0,-51.0
1776886130.212103,6.0,-3.0,-48.0
1776886130.2221026,3.0,-7.0,-40.0
1776886130.2321026,4.0,-11.0,-38.0
1776886130.2431028,4.0,-12.0,-42.0
1776886130.2531028,3.0,-9.0,-39.0
1776886130.2621028,2.0,-8.0,-42.0
1776886130.2731028,1.0,-7.0,-41.0
1776886130.2831028,6.0,-2.0,-39.0
1776886130.2931027,1.0,0.0,-37.0
1776886130.3031027,-1.0,-1.0,-39.0
1776886130.3131027,0.0,-1.0,-39.0
1776886130.3231027,-5.0,-7.0,-48.0
1776886130.3331027,-6.0,-13.0,-49.0
1776886130.3431027,-10.0,-8.0,-47.0
1776886130.3531027,-4.0,-8.0,-54.0
1776886130.363103,-6.0,-5.0,-59.0
1776886130.373103,-6.0,-2.0,-55.0
1776886130.383103,-2.0,0.0,-58.0
1776886130.3931026,-2.0,0.0,-55.0
1776886130.4031026,-1.0,-1.0,-49.0
1776886130.4131026,0.0,0.0,-49.0
1776886130.4231029,3.0,-4.0,-45.0
1776886130.4331028,0.0,-4.0,-48.0
1776886130.4431028,-3.0,-4.0,-45.0
1776886130.4531028,-6.0,-4.0,-46.0
1776886130.4631028,-1.0,-3.0,-43.0
1776886130.4731028,3.0,-3.0,-50.0
1776886130.4831028,9.0,-1.0,-53.0
1776886130.4931028,5.0,0.0,-47.0
1776886130.5031028,8.0,-3.0,-48.0
1776886130.5131028,10.0,-4.0,-41.0
1776886130.5231028,3.0,-5.0,-40.0
1776886130.5331028,1.0,-5.0,-41.0
1776886130.5431027,0.0,-5.0,-40.0
1776886130.5531027,2.0,-5.0,-43.0
1776886130.5631027,0.0,-3.0,-45.0
1776886130.5731027,-1.0,-5.0,-40.0
1776886130.5831027,0.0,-6.0,-31.0
1776886130.5931027,0.0,-8.0,-32.0
1776886130.6031027,-3.0,-4.0,-36.0
1776886130.613103,-3.0,-3.0,-34.0
1776886130.623103,-5.0,0.0,-33.0
1776886130.633103,-1.0,1.0,-33.0
1776886130.6431026,2.0,0.0,-32.0
1776886130.6531026,0.0,-1.0,-32.0
1776886130.6631026,-1.0,-2.0,-34.0
1776886130.6731029,1.0,0.0,-34.0
1776886130.6831028,2.0,-4.0,-42.0
1776886130.6931028,0.0,-7.0,-43.0
1776886130.7031028,-1.0,-5.0,-45.0
1776886130.7131028,-1.0,-2.0,-39.0
1776886130.7231028,-2.0,1.0,-33.0
1776886130.7331028,0.0,-2.0,-30.0
1776886130.7431028,-2.0,-3.0,-32.0
1776886130.7531028,-4.0,0.0,-29.0
1776886130.7631028,-2.0,3.0,-26.0
1776886130.7731028,-5.0,0.0,-30.0
1776886130.7831028,-8.0,-4.0,-31.0
1776886130.7931027,-3.0,-3.0,-38.0
1776886130.8031027,0.0,-4.0,-35.0
1776886130.8131027,0.0,-6.0,-37.0
1776886130.8231027,-2.0,-5.0,-34.0
1776886130.8331027,-2.0,-3.0,-37.0
1776886130.8431027,0.0,-2.0,-36.0
1776886130.8531027,0.0,-4.0,-33.0
1776886130.863103,-1.0,-2.0,-37.0
1776886130.873103,-3.0,-3.0,-39.0
1776886130.883103,-5.0,-1.0,-38.0
1776886130.8931026,-2.0,-1.0,-36.0
1776886130.9031026,0.0,-4.0,-36.0
1776886130.9131026,1.0,-1.0,-41.0
1776886130.9231029,0.0,-2.0,-38.0
1776886130.9331028,-3.0,-3.0,-34.0
1776886130.9431028,-5.0,-7.0,-39.0
1776886130.9531028,-6.0,-5.0,-45.0
1776886130.9631028,-2.0,-2.0,-44.0
1776886130.9731028,4.0,-1.0,-41.0
1776886130.9831028,4.0,-4.0,-34.0
1776886130.9931028,3.0,-3.0,-29.0
1776886131.0031028,4.0,-4.0,-32.0
1776886131.0131028,3.0,-5.0,-33.0
1776886131.0231028,6.0,-8.0,-25.0
1776886131.0331028,6.0,-6.0,-28.0
1776886131.0431027,6.0,-7.0,-31.0
1776886131.0531027,2.0,-7.0,-31.0
1776886131.0631027,1.0,-7.0,-39.0
1776886131.0731027,1.0,-4.0,-45.0
1776886131.0831027,-1.0,-6.0,-46.0
1776886131.0931027,-1.0,-6.0,-41.0
1776886131.1031027,-4.0,-5.0,-43.0
1776886131.113103,-5.0,-5.0,-34.0
1776886131.123103,0.0,-8.0,-35.0
1776886131.133103,5.0,-4.0,-37.0
1776886131.1431026,2.0,-5.0,-41.0
1776886131.1531026,0.0,-3.0,-38.0
1776886131.1631026,0.0,-6.0,-42.0
1776886131.1731029,0.0,-11.0,-37.0
1776886131.1831028,-2.0,-13.0,-30.0
1776886131.1931028,-3.0,-12.0,-28.0
1776886131.2031028,-4.0,-11.0,-21.0
1776886131.2131028,-1.0,-8.0,-23.0
1776886131.2231028,-4.0,-8.0,-24.0
1776886131.2331028,-5.0,-7.0,-26.0
1776886131.2431028,-6.0,-7.0,-32.0
1776886131.2531028,-6.0,-6.0,-29.0
1776886131.2631028,-3.0,-9.0,-31.0
1776886131.2731028,-1.0,-11.0,-36.0
1776886131.2831028,1.0,-10.0,-38.0
1776886131.2931027,4.0,-11.0,-35.0
1776886131.3031027,0.0,-11.0,-35.0
1776886131.3131027,1.0,-14.0,-43.0
1776886131.3231027,-4.0,-12.0,-37.0
1776886131.3331027,-6.0,-11.0,-36.0
1776886131.3431027,-7.0,-2.0,-33.0
1776886131.3531027,-5.0,0.0,-32.0
1776886131.363103,-7.0,1.0,-36.0
1776886131.373103,-7.0,4.0,-42.0
1776886131.383103,-3.0,4.0,-46.0
1776886131.3931026,-4.0,8.0,-38.0
1776886131.4031026,-3.0,6.0,-37.0
1776886131.4131026,-4.0,6.0,-37.0
1776886131.4231029,-3.0,1.0,-43.0
1776886131.4331028,-3.0,3.0,-43.0
1776886131.4431028,0.0,4.0,-37.0
1776886131.4531028,-7.0,5.0,-35.0
1776886131.4631028,-4.0,1.0,-33.0
1776886131.4731028,-1.0,0.0,-33.0
1776886131.4831028,1.0,0.0,-38.0
1776886131.4931028,0.0,1.0,-40.0
1776886131.5031028,-3.0,1.0,-42.0
1776886131.5131028,0.0,1.0,-38.0
1776886131.5231028,2.0,-2.0,-37.0
1776886131.5331028,1.0,0.0,-37.0
1776886131.5431027,-1.0,-1.0,-33.0
1776886131.5531027,-3.0,-4.0,-30.0
1776886131.5631027,1.0,-1.0,-31.0
1776886131.5731027,0.0,1.0,-34.0
1776886131.5831027,-2.0,3.0,-31.0
1776886131.5931027,-2.0,1.0,-35.0
1776886131.6031027,-1.0,0.0,-30.0
1776886131.613103,1.0,-1.0,-32.0
1776886131.623103,2.0,-3.0,-38.0
1776886131.633103,5.0,-5.0,-32.0
1776886131.6431026,4.0,-10.0,-40.0
1776886131.6531026,1.0,-6.0,-45.0
1776886131.6631026,0.0,-8.0,-36.0
1776886131.6731029,0.0,-6.0,-33.0
1776886131.6831028,-5.0,-7.0,-36.0
1776886131.6931028,1.0,-6.0,-40.0
1776886131.7031028,-1.0,-7.0,-38.0
1776886131.7131028,-10.0,-7.0,-33.0
1776886131.7231028,-11.0,-9.0,-40.0
1776886131.7331028,-6.0,-8.0,-38.0
1776886131.7431028,-8.0,-10.0,-35.0
1776886131.7531028,-2.0,-7.0,-31.0
1776886131.7631028,-5.0,-3.0,-37.0
1776886131.7731028,-3.0,-3.0,-34.0
1776886131.7831028,-2.0,0.0,-27.0
1776886131.7931027,-1.0,-1.0,-35.0
1776886131.8031027,-2.0,-1.0,-30.0
1776886131.8131027,-3.0,-2.0,-27.0
1776886131.8231027,-6.0,-3.0,-30.0
1776886131.8331027,-5.0,0.0,-35.0
1776886131.8431027,-3.0,-1.0,-29.0
1776886131.8531027,-4.0,-3.0,-33.0
1776886131.863103,-5.0,-1.0,-31.0
1776886131.873103,-7.0,-2.0,-43.0
1776886131.883103,-4.0,-3.0,-43.0
1776886131.8931026,-2.0,-4.0,-43.0
1776886131.9031026,-4.0,-6.0,-34.0
1776886131.9131026,-3.0,-5.0,-38.0
1776886131.9231029,-3.0,-8.0,-42.0
1776886131.9331028,-5.0,-7.0,-38.0
1776886131.9431028,0.0,-3.0,-42.0
1776886131.9531028,0.0,-1.0,-42.0
1776886131.9631028,-3.0,0.0,-50.0
1776886131.9731028,-4.0,2.0,-45.0
1776886131.9831028,-3.0,2.0,-44.0
1776886131.9931028,-3.0,3.0,-44.0
1776886132.0031028,-4.0,6.0,-37.0
1776886132.0131028,-2.0,7.0,-43.0
1776886132.0231028,2.0,6.0,-40.0
1776886132.0331028,4.0,6.0,-37.0
1776886132.0431027,3.0,1.0,-34.0
1776886132.0531027,-1.0,3.0,-33.0
1776886132.0631027,-1.0,10.0,-37.0
1776886132.0731027,-1.0,9.0,-38.0
1776886132.0831027,0.0,9.0,-41.0
1776886132.0931027,3.0,9.0,-41.0
1776886132.1031027,4.0,4.0,-40.0
1776886132.113103,-1.0,-2.0,-37.0
1776886132.123103,-5.0,-7.0,-34.0
1776886132.133103,-7.0,-7.0,-32.0
1776886132.1431026,-3.0,-2.0,-30.0
1776886132.1531026,-2.0,-4.0,-34.0
1776886132.1631026,-4.0,-3.0,-37.0
1776886132.1731029,0.0,-6.0,-40.0
1776886132.1831028,0.0,-7.0,-40.0
1776886132.1931028,-4.0,-2.0,-39.0
1776886132.2031028,-6.0,-2.0,-43.0
1776886132.2131028,-3.0,-2.0,-47.0
1776886132.2231028,0.0,0.0,-46.0
1776886132.2331028,4.0,0.0,-45.0
1776886132.2431028,2.0,-2.0,-45.0
1776886132.2541027,0.0,-4.0,-45.0
1776886132.2641027,-5.0,-1.0,-46.0
1776886132.2741027,-3.0,1.0,-48.0
1776886132.284103,1.0,3.0,-39.0
1776886132.294103,3.0,1.0,-37.0
1776886132.304103,0.0,-1.0,-40.0
1776886132.3141026,0.0,0.0,-42.0
1776886132.3241026,3.0,3.0,-36.0
1776886132.3341026,1.0,0.0,-32.0
1776886132.3441026,3.0,0.0,-33.0
1776886132.3541028,1.0,-1.0,-39.0
1776886132.3641028,-1.0,1.0,-39.0
1776886132.3741028,-5.0,2.0,-35.0
1776886132.3841028,-12.0,0.0,-39.0
1776886132.3941028,-10.0,1.0,-31.0
1776886132.4041028,-10.0,2.0,-33.0
1776886132.4141028,-9.0,3.0,-27.0
1776886132.4241028,-12.0,1.0,-29.0
1776886132.4341028,-9.0,0.0,-33.0
1776886132.4441028,-8.0,0.0,-32.0
1776886132.4541028,-9.0,0.0,-38.0
1776886132.4641027,-6.0,1.0,-42.0
1776886132.4741027,-10.0,1.0,-34.0
1776886132.4841027,-5.0,1.0,-35.0
1776886132.4941027,-5.0,2.0,-40.0
1776886132.5041027,-5.0,0.0,-43.0
1776886132.5141027,-5.0,-1.0,-45.0
1776886132.5241027,0.0,-2.0,-46.0
1776886132.534103,5.0,0.0,-40.0
1776886132.544103,4.0,1.0,-44.0
1776886132.554103,0.0,0.0,-46.0
1776886132.5641026,1.0,-1.0,-47.0
1776886132.5741026,1.0,-3.0,-51.0
1776886132.5841026,0.0,-2.0,-52.0
1776886132.5941026,0.0,-3.0,-49.0
1776886132.6041028,0.0,-3.0,-47.0
1776886132.6141028,0.0,-4.0,-49.0
1776886132.6241028,-2.0,-3.0,-47.0
1776886132.6341028,-2.0,-5.0,-45.0
1776886132.6451027,-5.0,-4.0,-46.0
1776886132.6541028,-4.0,-4.0,-47.0
1776886132.6641028,-4.0,-8.0,-49.0
1776886132.6741028,-3.0,-9.0,-50.0
1776886132.6841028,-2.0,-8.0,-49.0
1776886132.6941028,-1.0,-4.0,-53.0
1776886132.7041028,2.0,-2.0,-50.0
1776886132.7141027,2.0,-3.0,-50.0
1776886132.7241027,0.0,0.0,-48.0
1776886132.7341027,1.0,0.0,-40.0
1776886132.7441027,0.0,-1.0,-37.0
1776886132.7541027,-2.0,0.0,-40.0
1776886132.7641027,-2.0,0.0,-36.0
1776886132.7741027,-1.0,-3.0,-30.0
1776886132.784103,0.0,-3.0,-31.0
1776886132.794103,-2.0,-1.0,-36.0
1776886132.804103,-3.0,-1.0,-37.0
1776886132.8141026,-3.0,-5.0,-32.0
1776886132.8241026,-2.0,-6.0,-30.0
1776886132.8341026,-1.0,-4.0,-30.0
1776886132.8441026,-3.0,-3.0,-33.0
1776886132.8541028,2.0,-3.0,-31.0
1776886132.8641028,0.0,-3.0,-32.0
1776886132.8741028,0.0,-2.0,-29.0
1776886132.8841028,-2.0,1.0,-30.0
1776886132.8941028,-5.0,2.0,-34.0
1776886132.9041028,-3.0,4.0,-30.0
1776886132.9141028,-8.0,1.0,-25.0
1776886132.9241028,-9.0,2.0,-26.0
1776886132.9341028,-5.0,2.0,-27.0
1776886132.9441028,-4.0,1.0,-37.0
1776886132.9541028,-6.0,0.0,-44.0
1776886132.9641027,-3.0,-2.0,-43.0
1776886132.9741027,-4.0,-5.0,-43.0
1776886132.9841027,-2.0,-2.0,-41.0
1776886132.9941027,-8.0,-2.0,-45.0
1776886133.0041027,-9.0,-4.0,-44.0
1776886133.0141027,-11.0,-5.0,-38.0
1776886133.0241027,-1.0,-6.0,-36.0
1776886133.034103,0.0,-5.0,-45.0
1776886133.044103,-4.0,-2.0,-46.0
1776886133.054103,-6.0,-3.0,-45.0
1776886133.0641026,-9.0,0.0,-44.0
1776886133.0741026,-5.0,-1.0,-40.0
1776886133.0841026,-4.0,-4.0,-35.0
1776886133.0941026,-2.0,-6.0,-37.0
1776886133.1041028,-2.0,-5.0,-48.0
1776886133.1141028,-7.0,-4.0,-51.0
1776886133.1241028,-6.0,-3.0,-52.0
1776886133.1341028,-7.0,-5.0,-41.0
1776886133.1441028,-4.0,-3.0,-41.0
1776886133.1541028,-1.0,-6.0,-39.0
1776886133.1641028,-1.0,-5.0,-44.0
1776886133.1741028,-1.0,-4.0,-47.0
1776886133.1841028,1.0,-5.0,-47.0
1776886133.1941028,1.0,-6.0,-50.0
1776886133.2041028,1.0,-4.0,-48.0
1776886133.2141027,0.0,-2.0,-47.0
1776886133.2241027,0.0,-3.0,-42.0
1776886133.2341027,-1.0,-1.0,-35.0
1776886133.2441027,-4.0,2.0,-34.0
1776886133.2541027,-5.0,0.0,-43.0
1776886133.2641027,-4.0,0.0,-45.0
1776886133.2741027,-2.0,0.0,-38.0
1776886133.284103,-4.0,1.0,-37.0
1776886133.294103,-2.0,2.0,-42.0
1776886133.304103,0.0,4.0,-40.0
1776886133.3141026,1.0,5.0,-39.0
1776886133.3241026,6.0,5.0,-42.0
1776886133.3341026,4.0,6.0,-41.0
1776886133.3441026,4.0,5.0,-44.0
1776886133.3541028,1.0,7.0,-50.0
1776886133.3641028,1.0,4.0,-39.0
1776886133.3741028,1.0,2.0,-38.0
1776886133.3841028,2.0,-1.0,-36.0
1776886133.3941028,0.0,-2.0,-36.0
1776886133.4041028,-1.0,-5.0,-33.0
1776886133.4141028,0.0,-6.0,-33.0
1776886133.4241028,0.0,-6.0,-37.0
1776886133.4341028,0.0,-6.0,-27.0
1776886133.4441028,0.0,-7.0,-24.0
1776886133.4541028,0.0,-8.0,-24.0
1776886133.4641027,0.0,-6.0,-28.0
1776886133.4741027,-3.0,-3.0,-30.0
1776886133.4841027,-2.0,1.0,-30.0
1776886133.4941027,3.0,4.0,-31.0
1776886133.5041027,4.0,6.0,-35.0
1776886133.5141027,0.0,3.0,-31.0
1776886133.5241027,4.0,4.0,-31.0
1776886133.534103,4.0,2.0,-36.0
1776886133.544103,2.0,1.0,-41.0
1776886133.554103,-2.0,1.0,-45.0
1776886133.5641026,0.0,0.0,-48.0
1776886133.5741026,0.0,0.0,-42.0
1776886133.5841026,2.0,2.0,-39.0
1776886133.5941026,5.0,-2.0,-37.0
1776886133.6041028,4.0,-3.0,-44.0
1776886133.6141028,5.0,-2.0,-41.0
1776886133.6241028,3.0,-3.0,-40.0
1776886133.6341028,1.0,-3.0,-41.0
1776886133.6441028,1.0,-3.0,-38.0
1776886133.6541028,5.0,-4.0,-38.0
1776886133.6641028,1.0,-2.0,-37.0
1776886133.6741028,-2.0,-4.0,-37.0
1776886133.6841028,-7.0,-7.0,-40.0
1776886133.6941028,-4.0,-4.0,-41.0
1776886133.7041028,-2.0,-5.0,-41.0
1776886133.7141027,0.0,-1.0,-44.0
1776886133.7241027,-1.0,0.0,-37.0
1776886133.7341027,2.0,-6.0,-33.0
1776886133.7441027,1.0,-1.0,-37.0
1776886133.7541027,-1.0,-1.0,-37.0
1776886133.7641027,-3.0,-7.0,-41.0
1776886133.7741027,-3.0,-4.0,-42.0
1776886133.784103,0.0,-5.0,-46.0
1776886133.794103,5.0,-2.0,-43.0
1776886133.804103,5.0,-2.0,-37.0
1776886133.8141026,6.0,0.0,-34.0
1776886133.8241026,8.0,-1.0,-35.0
1776886133.8341026,5.0,-1.0,-35.0
1776886133.8441026,5.0,0.0,-38.0
1776886133.8541028,1.0,-1.0,-40.0
1776886133.8641028,4.0,0.0,-36.0
1776886133.8741028,1.0,-2.0,-38.0
1776886133.8841028,0.0,-2.0,-38.0
1776886133.8941028,5.0,-1.0,-39.0
1776886133.9041028,1.0,-2.0,-37.0
1776886133.9141028,2.0,0.0,-39.0
1776886133.9241028,-1.0,0.0,-42.0
1776886133.9341028,0.0,-1.0,-40.0
1776886133.9441028,0.0,-2.0,-42.0
1776886133.9541028,0.0,0.0,-47.0
1776886133.9641027,-1.0,-2.0,-45.0
1776886133.9741027,-3.0,-3.0,-41.0
1776886133.9841027,2.0,-3.0,-40.0
1776886133.9941027,0.0,0.0,-35.0
1776886134.0041027,2.0,1.0,-29.0
1776886134.0141027,3.0,1.0,-35.0
1776886134.0241027,3.0,-1.0,-39.0
1776886134.034103,4.0,0.0,-38.0
1776886134.044103,5.0,4.0,-35.0
1776886134.054103,2.0,3.0,-31.0
1776886134.0641026,3.0,1.0,-35.0
1776886134.0741026,-1.0,-3.0,-39.0
1776886134.0841026,0.0,-3.0,-40.0
1776886134.0941026,0.0,-3.0,-43.0
1776886134.1041028,-2.0,-2.0,-46.0
1776886134.1141028,-2.0,-2.0,-51.0
1776886134.1241028,-4.0,-4.0,-56.0
1776886134.1341028,-2.0,-5.0,-46.0
1776886134.1441028,1.0,-3.0,-39.0
1776886134.1541028,2.0,0.0,-40.0
1776886134.1641028,6.0,3.0,-42.0
1776886134.1741028,4.0,4.0,-39.0
1776886134.1841028,0.0,4.0,-39.0
1776886134.1941028,0.0,2.0,-48.0
1776886134.2041028,2.0,2.0,-46.0
1776886134.215103,-1.0,0.0,-38.0
1776886134.225103,0.0,0.0,-45.0
1776886134.235103,-4.0,-1.0,-41.0
1776886134.2451026,0.0,0.0,-39.0
1776886134.2551026,3.0,-1.0,-38.0
1776886134.2651026,5.0,-2.0,-31.0
1776886134.2751029,5.0,-1.0,-28.0
1776886134.2851028,3.0,-1.0,-30.0
1776886134.2951028,4.0,0.0,-37.0
1776886134.3051028,3.0,0.0,-42.0
1776886134.3151028,-2.0,0.0,-41.0
1776886134.3251028,2.0,0.0,-40.0
1776886134.3351028,2.0,1.0,-40.0
1776886134.3451028,2.0,-5.0,-39.0
1776886134.3551028,4.0,-4.0,-36.0
1776886134.3651028,5.0,-4.0,-31.0
1776886134.3751028,0.0,-5.0,-37.0
1776886134.3851027,0.0,-4.0,-35.0
1776886134.3951027,-3.0,-2.0,-32.0
1776886134.4051027,-2.0,-4.0,-32.0
1776886134.4151027,1.0,0.0,-29.0
1776886134.4251027,5.0,-1.0,-32.0
1776886134.4351027,11.0,-3.0,-30.0
1776886134.4451027,7.0,-4.0,-29.0
1776886134.4551027,6.0,2.0,-34.0
1776886134.465103,8.0,2.0,-35.0
1776886134.475103,10.0,5.0,-40.0
1776886134.485103,5.0,5.0,-42.0
1776886134.4951026,2.0,3.0,-44.0
1776886134.5051026,5.0,0.0,-42.0
1776886134.5151026,2.0,0.0,-41.0
1776886134.5251029,5.0,-4.0,-36.0
1776886134.5351028,5.0,-4.0,-33.0
1776886134.5451028,5.0,-2.0,-38.0
1776886134.5551028,4.0,-3.0,-36.0
1776886134.5651028,4.0,-1.0,-34.0
1776886134.5751028,-1.0,-3.0,-29.0
1776886134.5851028,0.0,-3.0,-29.0
1776886134.5951028,-5.0,-3.0,-28.0
1776886134.6051028,-7.0,-1.0,-23.0
1776886134.6151028,0.0,-2.0,-26.0
1776886134.6251028,2.0,-4.0,-21.0
1776886134.6351027,-1.0,-3.0,-26.0
1776886134.6451027,0.0,0.0,-30.0
1776886134.6551027,5.0,0.0,-39.0
1776886134.6651027,6.0,-1.0,-32.0
1776886134.6751027,4.0,-3.0,-37.0
1776886134.6851027,5.0,-7.0,-37.0
1776886134.6951027,0.0,-5.0,-35.0
1776886134.7051027,-3.0,-3.0,-40.0
1776886134.715103,0.0,-2.0,-45.0
1776886134.725103,2.0,-6.0,-50.0
1776886134.735103,2.0,-4.0,-45.0
1776886134.7451026,0.0,-3.0,-42.0
1776886134.7551026,0.0,-5.0,-45.0
1776886134.7651026,3.0,-8.0,-45.0
1776886134.7751029,5.0,-3.0,-43.0
1776886134.7851028,9.0,1.0,-43.0
1776886134.7951028,8.0,0.0,-43.0
1776886134.8051028,3.0,0.0,-44.0
1776886134.8151028,6.0,-4.0,-43.0
1776886134.8251028,8.0,-2.0,-44.0
1776886134.8351028,5.0,-1.0,-40.0
1776886134.8451028,0.0,-4.0,-44.0
1776886134.8551028,1.0,-8.0,-42.0
1776886134.8651028,-1.0,-9.0,-41.0
1776886134.8751028,2.0,-9.0,-42.0
1776886134.8851027,-1.0,-4.0,-47.0
1776886134.8951027,-5.0,-1.0,-46.0
1776886134.9051027,-5.0,4.0,-48.0
1776886134.9151027,-2.0,4.0,-47.0
1776886134.9251027,0.0,2.0,-46.0
1776886134.9351027,1.0,1.0,-44.0
1776886134.9451027,1.0,5.0,-40.0
1776886134.9551027,4.0,3.0,-42.0
1776886134.965103,2.0,4.0,-44.0
1776886134.975103,4.0,0.0,-50.0
1776886134.985103,3.0,0.0,-50.0
1776886134.9951026,3.0,0.0,-49.0
1776886135.0051026,4.0,-2.0,-46.0
1776886135.0151026,9.0,-2.0,-39.0
1776886135.0251029,5.0,-1.0,-41.0
1776886135.0351028,2.0,-4.0,-42.0
1776886135.0451028,4.0,-2.0,-43.0
1776886135.0551028,1.0,-7.0,-38.0
1776886135.0651028,-1.0,-7.0,-36.0
1776886135.0751028,-1.0,-4.0,-38.0
1776886135.0851028,-5.0,-7.0,-41.0
1776886135.0951028,-6.0,-10.0,-38.0
1776886135.1051028,-5.0,-4.0,-36.0
1776886135.1151028,-7.0,-2.0,-32.0
1776886135.1251028,-5.0,-4.0,-31.0
1776886135.1351027,-4.0,-7.0,-29.0
1776886135.1451027,-10.0,-5.0,-31.0
1776886135.1551027,-5.0,-2.0,-30.0
1776886135.1651027,-3.0,-2.0,-33.0
1776886135.1751027,-1.0,-5.0,-36.0
1776886135.1851027,0.0,-4.0,-34.0
1776886135.1951027,0.0,-5.0,-29.0
1776886135.2051027,-4.0,-3.0,-35.0
1776886135.215103,-4.0,0.0,-40.0
1776886135.225103,-5.0,-1.0,-38.0
1776886135.235103,-2.0,-2.0,-39.0
1776886135.2451026,2.0,0.0,-41.0
1776886135.2551026,0.0,-2.0,-36.0
1776886135.2651026,3.0,-1.0,-39.0
1776886135.2751029,2.0,-3.0,-34.0
1776886135.2851028,2.0,0.0,-42.0
1776886135.2951028,4.0,2.0,-42.0
1776886135.3051028,0.0,0.0,-45.0
1776886135.3151028,-3.0,0.0,-43.0
1776886135.3251028,-2.0,0.0,-49.0
1776886135.3351028,-2.0,-2.0,-47.0
1776886135.3451028,4.0,-3.0,-46.0
1776886135.3551028,0.0,-1.0,-41.0
1776886135.3651028,0.0,0.0,-42.0
1776886135.3751028,1.0,1.0,-47.0
1776886135.3851027,-1.0,0.0,-42.0
1776886135.3951027,-3.0,-3.0,-40.0
1776886135.4051027,-4.0,-6.0,-38.0
1776886135.4151027,-5.0,-2.0,-45.0
1776886135.4251027,-2.0,-3.0,-39.0
1776886135.4351027,0.0,-2.0,-39.0
1776886135.4451027,3.0,0.0,-40.0
1776886135.4551027,8.0,2.0,-43.0
1776886135.465103,12.0,3.0,-40.0
1776886135.475103,9.0,3.0,-42.0
1776886135.485103,5.0,1.0,-41.0
1776886135.4951026,6.0,2.0,-39.0
1776886135.5051026,0.0,-2.0,-37.0
1776886135.5151026,5.0,-4.0,-37.0
1776886135.5251029,4.0,-2.0,-36.0
1776886135.5351028,2.0,-1.0,-28.0
1776886135.5451028,7.0,0.0,-34.0
1776886135.5551028,9.0,0.0,-36.0
1776886135.5651028,7.0,0.0,-43.0
1776886135.5751028,5.0,0.0,-37.0
1776886135.5851028,1.0,-1.0,-40.0
1776886135.5951028,-1.0,-1.0,-42.0
1776886135.6051028,-1.0,-3.0,-42.0
1776886135.6151028,-2.0,-2.0,-48.0
1776886135.6251028,3.0,0.0,-51.0
1776886135.6351027,5.0,2.0,-55.0
1776886135.6451027,5.0,4.0,-51.0
1776886135.6551027,2.0,1.0,-48.0
1776886135.6651027,0.0,-3.0,-47.0
1776886135.6751027,3.0,-2.0,-48.0
1776886135.6851027,9.0,-1.0,-45.0
1776886135.6951027,10.0,2.0,-46.0
1776886135.7051027,11.0,3.0,-39.0
1776886135.715103,9.0,0.0,-41.0
1776886135.725103,9.0,3.0,-42.0
1776886135.735103,7.0,3.0,-43.0
1776886135.7451026,2.0,0.0,-46.0
1776886135.7551026,0.0,-3.0,-39.0
1776886135.7651026,0.0,-6.0,-38.0
1776886135.7751029,0.0,-1.0,-33.0
1776886135.7851028,0.0,0.0,-41.0
1776886135.7951028,0.0,0.0,-43.0
1776886135.8051028,-1.0,-4.0,-41.0
1776886135.8151028,1.0,-3.0,-42.0
1776886135.8251028,2.0,-2.0,-47.0
1776886135.8351028,1.0,-2.0,-42.0
1776886135.8451028,1.0,-6.0,-44.0
1776886135.8551028,2.0,-7.0,-43.0
1776886135.8651028,2.0,-7.0,-39.0
1776886135.8751028,0.0,-8.0,-47.0
1776886135.8851027,0.0,-8.0,-39.0
1776886135.8951027,-3.0,-2.0,-39.0
1776886135.9051027,-3.0,0.0,-45.0
1776886135.9151027,-1.0,0.0,-46.0
1776886135.9251027,2.0,3.0,-43.0
1776886135.9351027,5.0,2.0,-39.0
1776886135.9451027,5.0,2.0,-39.0
1776886135.9551027,4.0,0.0,-33.0
1776886135.965103,4.0,0.0,-30.0
1776886135.975103,3.0,-2.0,-39.0
1776886135.985103,3.0,-3.0,-34.0
1776886135.9951026,4.0,-6.0,-33.0
1776886136.0051026,4.0,-7.0,-28.0
1776886136.0151026,1.0,-7.0,-34.0
1776886136.0251029,1.0,-5.0,-40.0
1776886136.0351028,-1.0,-7.0,-35.0
1776886136.0451028,-3.0,-5.0,-38.0
1776886136.0551028,-3.0,-5.0,-34.0
1776886136.0651028,-2.0,0.0,-36.0
1776886136.0751028,0.0,-3.0,-37.0
1776886136.0851028,3.0,-6.0,-35.0
1776886136.0951028,3.0,-4.0,-36.0
1776886136.1051028,2.0,-2.0,-37.0
1776886136.1151028,10.0,-2.0,-32.0
1776886136.1251028,9.0,-7.0,-35.0
1776886136.1351027,6.0,-5.0,-36.0
1776886136.1451027,5.0,-6.0,-41.0
1776886136.1551027,3.0,-3.0,-39.0
1776886136.1651027,2.0,1.0,-37.0
1776886136.1751027,5.0,2.0,-30.0
1776886136.1851027,3.0,1.0,-33.0
1776886136.1951027,2.0,1.0,-29.0
1776886136.2051027,0.0,3.0,-25.0
1776886136.215103,0.0,1.0,-26.0
1776886136.225103,0.0,-1.0,-33.0
1776886136.2361028,-2.0,-3.0,-38.0
1776886136.2461028,0.0,-4.0,-37.0
1776886136.2561028,4.0,-5.0,-37.0
1776886136.2661028,2.0,-2.0,-38.0
1776886136.2761028,4.0,0.0,-34.0
1776886136.2861028,3.0,0.0,-40.0
1776886136.2961028,0.0,-1.0,-33.0
1776886136.3061028,0.0,0.0,-36.0
1776886136.3161027,5.0,0.0,-31.0
1776886136.3261027,6.0,0.0,-36.0
1776886136.3361027,5.0,-2.0,-33.0
1776886136.3461027,5.0,-1.0,-36.0
1776886136.3561027,3.0,0.0,-36.0
1776886136.3671026,8.0,0.0,-35.0
1776886136.3761027,10.0,-1.0,-34.0
1776886136.386103,9.0,-5.0,-27.0
1776886136.396103,7.0,-5.0,-26.0
1776886136.406103,4.0,-3.0,-31.0
1776886136.4161026,5.0,-5.0,-34.0
1776886136.4261026,0.0,-12.0,-34.0
1776886136.4361026,3.0,-7.0,-30.0
1776886136.4461029,4.0,-5.0,-33.0
1776886136.4561028,8.0,-5.0,-37.0
1776886136.4661028,5.0,-3.0,-46.0
1776886136.4761028,6.0,0.0,-50.0
1776886136.4861028,7.0,0.0,-51.0
1776886136.4961028,2.0,-1.0,-47.0
1776886136.5061028,1.0,5.0,-46.0
1776886136.5161028,0.0,2.0,-42.0
1776886136.5261028,0.0,0.0,-47.0
1776886136.5361028,3.0,1.0,-44.0
1776886136.5461028,6.0,4.0,-41.0
1776886136.5561028,3.0,5.0,-44.0
1776886136.5661027,3.0,3.0,-46.0
1776886136.5761027,0.0,3.0,-44.0
1776886136.5861027,-4.0,2.0,-44.0
1776886136.5961027,-1.0,0.0,-45.0
1776886136.6061027,0.0,-1.0,-51.0
1776886136.6161027,-2.0,-2.0,-50.0
1776886136.6261027,-3.0,0.0,-48.0
1776886136.636103,-2.0,-2.0,-42.0
1776886136.646103,-3.0,-1.0,-43.0
1776886136.656103,0.0,0.0,-46.0
1776886136.6661026,0.0,4.0,-45.0
1776886136.6761026,1.0,7.0,-42.0
1776886136.6861026,0.0,7.0,-34.0
1776886136.6961029,-2.0,8.0,-28.0
1776886136.7061028,-1.0,5.0,-26.0
1776886136.7161028,-4.0,0.0,-30.0
1776886136.7261028,-3.0,-2.0,-27.0
1776886136.7361028,-3.0,-4.0,-35.0
1776886136.7461028,-6.0,-5.0,-40.0
1776886136.7561028,-2.0,-7.0,-46.0
1776886136.7661028,0.0,-7.0,-41.0
1776886136.7761028,-1.0,-6.0,-41.0
1776886136.7861028,0.0,-4.0,-45.0
1776886136.7961028,0.0,-7.0,-51.0
1776886136.8061028,-1.0,-6.0,-48.0
1776886136.8161027,-5.0,-4.0,-38.0
1776886136.8261027,-11.0,-4.0,-39.0
1776886136.8361027,-3.0,-1.0,-39.0
1776886136.8461027,3.0,1.0,-41.0
1776886136.8561027,2.0,4.0,-43.0
1776886136.8661027,0.0,1.0,-40.0
1776886136.8761027,0.0,0.0,-39.0
1776886136.886103,-1.0,-2.0,-32.0
1776886136.896103,1.0,0.0,-30.0
1776886136.906103,0.0,0.0,-29.0
1776886136.9161026,-2.0,1.0,-35.0
1776886136.9261026,-4.0,0.0,-32.0
1776886136.9361026,3.0,3.0,-32.0
1776886136.9461029,0.0,4.0,-30.0
1776886136.9561028,2.0,2.0,-37.0
1776886136.9661028,0.0,0.0,-40.0
1776886136.9761028,3.0,0.0,-37.0
1776886136.9861028,1.0,-1.0,-36.0
1776886136.9961028,5.0,-1.0,-41.0
1776886137.0061028,0.0,-1.0,-44.0
1776886137.0161028,0.0,-1.0,-48.0
1776886137.0261028,2.0,-4.0,-48.0
1776886137.0361028,5.0,-1.0,-41.0
1776886137.0461028,9.0,-4.0,-43.0
1776886137.0561028,7.0,-1.0,-41.0
1776886137.0661027,4.0,-4.0,-45.0
1776886137.0761027,4.0,-4.0,-41.0
1776886137.0861027,2.0,-3.0,-36.0
1776886137.0961027,-3.0,-1.0,-35.0
1776886137.1061027,0.0,0.0,-41.0
1776886137.1161027,-2.0,-1.0,-38.0
1776886137.1261027,0.0,0.0,-44.0
1776886137.136103,0.0,-1.0,-44.0
1776886137.146103,-2.0,-2.0,-44.0
1776886137.156103,-5.0,1.0,-43.0
1776886137.1661026,0.0,0.0,-43.0
1776886137.1761026,2.0,0.0,-46.0
1776886137.1861026,3.0,-1.0,-45.0
1776886137.1961029,2.0,-2.0,-47.0
1776886137.2061028,-1.0,0.0,-43.0
1776886137.2161028,1.0,-3.0,-44.0
1776886137.2261028,3.0,-2.0,-45.0
1776886137.2361028,3.0,-1.0,-44.0
1776886137.2461028,1.0,-3.0,-46.0
1776886137.2561028,0.0,-4.0,-44.0
1776886137.2661028,0.0,-7.0,-46.0
1776886137.2761028,0.0,-7.0,-44.0
1776886137.2861028,2.0,-6.0,-42.0
1776886137.2961028,1.0,-10.0,-39.0
1776886137.3061028,0.0,-8.0,-41.0
1776886137.3161027,-3.0,-9.0,-39.0
1776886137.3261027,-6.0,-10.0,-37.0
1776886137.3361027,-3.0,-10.0,-40.0
1776886137.3461027,-1.0,-4.0,-37.0
1776886137.3561027,-4.0,-3.0,-35.0
1776886137.3661027,-2.0,-4.0,-38.0
1776886137.3761027,-5.0,-2.0,-46.0
1776886137.386103,-4.0,0.0,-46.0
1776886137.396103,-3.0,-3.0,-40.0
1776886137.406103,-4.0,-5.0,-32.0
1776886137.4161026,-3.0,-2.0,-30.0
1776886137.4261026,-6.0,-2.0,-28.0
1776886137.4361026,-5.0,-5.0,-32.0
1776886137.4461029,-1.0,-3.0,-40.0
1776886137.4561028,1.0,-10.0,-36.0
1776886137.4661028,2.0,-12.0,-37.0
1776886137.4761028,-1.0,-18.0,-37.0
1776886137.4861028,2.0,-15.0,-37.0
1776886137.4961028,-3.0,-12.0,-33.0
1776886137.5061028,-2.0,-8.0,-31.0
1776886137.5161028,0.0,-9.0,-41.0
1776886137.5261028,0.0,-3.0,-37.0
1776886137.5361028,0.0,-7.0,-34.0
1776886137.5461028,1.0,-7.0,-31.0
1776886137.5561028,5.0,-8.0,-34.0
1776886137.5661027,9.0,-10.0,-33.0
1776886137.5761027,5.0,-10.0,-36.0
1776886137.5861027,3.0,-8.0,-37.0
1776886137.5961027,4.0,-7.0,-40.0
1776886137.6061027,3.0,-4.0,-39.0
1776886137.6161027,3.0,0.0,-44.0
1776886137.6261027,2.0,1.0,-43.0
1776886137.636103,2.0,4.0,-47.0
1776886137.646103,-4.0,4.0,-41.0
1776886137.656103,-5.0,-1.0,-33.0
1776886137.6661026,-3.0,0.0,-36.0
1776886137.6761026,0.0,1.0,-34.0
1776886137.6861026,0.0,0.0,-34.0
1776886137.6961029,2.0,-1.0,-34.0
1776886137.7061028,0.0,-5.0,-34.0
1776886137.7161028,-2.0,-4.0,-33.0
1776886137.7261028,-3.0,-1.0,-34.0
1776886137.7361028,-3.0,0.0,-41.0
1776886137.7461028,-1.0,0.0,-41.0
1776886137.7561028,1.0,0.0,-43.0
1776886137.7661028,5.0,0.0,-43.0
1776886137.7761028,6.0,-4.0,-43.0
1776886137.7861028,1.0,-2.0,-38.0
1776886137.7961028,-5.0,-4.0,-40.0
1776886137.8061028,-11.0,-4.0,-45.0
1776886137.8161027,-6.0,-6.0,-45.0
1776886137.8261027,-5.0,-5.0,-47.0
1776886137.8361027,0.0,-3.0,-46.0
1776886137.8461027,3.0,-5.0,-44.0
1776886137.8561027,5.0,0.0,-40.0
1776886137.8661027,-1.0,0.0,-38.0
1776886137.8761027,-4.0,0.0,-40.0
1776886137.886103,-4.0,1.0,-38.0
1776886137.896103,-1.0,4.0,-42.0
1776886137.906103,-5.0,0.0,-40.0
1776886137.9161026,-1.0,1.0,-36.0
1776886137.9261026,-3.0,0.0,-33.0
1776886137.9361026,-5.0,-1.0,-32.0
1776886137.9461029,-7.0,-4.0,-30.0
1776886137.9561028,-9.0,-2.0,-30.0
1776886137.9661028,-13.0,-2.0,-35.0
1776886137.9761028,-14.0,-2.0,-39.0
1776886137.9861028,-9.0,-4.0,-47.0
1776886137.9961028,-4.0,-3.0,-47.0
1776886138.0061028,-1.0,-2.0,-48.0
1776886138.0161028,0.0,-2.0,-42.0
1776886138.0261028,0.0,1.0,-44.0
1776886138.0361028,-4.0,2.0,-41.0
1776886138.0461028,-2.0,-1.0,-43.0
1776886138.0561028,2.0,0.0,-41.0
1776886138.0661027,2.0,0.0,-43.0
1776886138.0761027,0.0,0.0,-57.0
1776886138.0861027,1.0,-2.0,-55.0
1776886138.0961027,1.0,0.0,-52.0
1776886138.1061027,0.0,0.0,-52.0
1776886138.1161027,-2.0,-3.0,-48.0
1776886138.1261027,0.0,-3.0,-52.0
1776886138.136103,3.0,-6.0,-49.0
1776886138.146103,0.0,-8.0,-48.0
1776886138.156103,0.0,-5.0,-45.0
1776886138.1661026,-1.0,-4.0,-44.0
1776886138.1761026,-1.0,-4.0,-42.0
1776886138.1861026,-4.0,-5.0,-40.0
1776886138.1961029,-3.0,-6.0,-39.0
1776886138.2061028,-3.0,-4.0,-36.0
1776886138.2171028,-4.0,-6.0,-39.0
1776886138.2261028,-11.0,-9.0,-40.0
1776886138.2371027,-11.0,-8.0,-40.0
1776886138.2471027,-12.0,-7.0,-44.0
1776886138.2571027,-12.0,-11.0,-43.0
1776886138.2671027,-7.0,-14.0,-35.0
1776886138.2771027,-1.0,-12.0,-31.0
1776886138.2871027,-1.0,-5.0,-28.0
1776886138.2971027,7.0,-3.0,-34.0
1776886138.307103,10.0,1.0,-31.0
1776886138.317103,9.0,2.0,-29.0
1776886138.327103,9.0,3.0,-32.0
1776886138.337103,10.0,4.0,-32.0
1776886138.3471026,13.0,5.0,-38.0
1776886138.3571026,9.0,4.0,-39.0
1776886138.3671026,5.0,2.0,-41.0
1776886138.3771029,4.0,2.0,-45.0
1776886138.3871028,4.0,2.0,-43.0
1776886138.3971028,3.0,4.0,-41.0
1776886138.4071028,0.0,4.0,-39.0
1776886138.4171028,4.0,3.0,-35.0
1776886138.4271028,3.0,5.0,-34.0
1776886138.4371028,3.0,2.0,-35.0
1776886138.4471028,5.0,1.0,-35.0
1776886138.4571028,5.0,0.0,-37.0
1776886138.4671028,10.0,0.0,-37.0
1776886138.4771028,10.0,-1.0,-38.0
1776886138.4871027,11.0,-3.0,-41.0
1776886138.4971027,9.0,0.0,-42.0
1776886138.5071027,6.0,0.0,-43.0
1776886138.5171027,4.0,0.0,-40.0
1776886138.5271027,3.0,-2.0,-34.0
1776886138.5371027,0.0,-2.0,-35.0
1776886138.5471027,-5.0,-3.0,-43.0
1776886138.557103,0.0,-2.0,-42.0
1776886138.567103,0.0,-3.0,-44.0
1776886138.577103,1.0,-2.0,-39.0
1776886138.587103,-2.0,-4.0,-44.0
1776886138.5971026,-1.0,-6.0,-49.0
1776886138.6071026,-2.0,-5.0,-44.0
1776886138.6171026,-2.0,-5.0,-47.0
1776886138.6271029,0.0,-2.0,-46.0
1776886138.6371028,-3.0,-5.0,-51.0
1776886138.6471028,-3.0,-5.0,-44.0
1776886138.6571028,3.0,-5.0,-41.0
1776886138.6671028,5.0,-3.0,-35.0
1776886138.6771028,11.0,0.0,-35.0
1776886138.6871028,10.0,0.0,-33.0
1776886138.6971028,6.0,0.0,-38.0
1776886138.7071028,2.0,-1.0,-38.0
1776886138.7171028,0.0,-3.0,-36.0
1776886138.7271028,2.0,-3.0,-41.0
1776886138.7371027,4.0,-2.0,-48.0
1776886138.7471027,3.0,-2.0,-52.0
1776886138.7571027,7.0,-5.0,-53.0
1776886138.7671027,6.0,-7.0,-51.0
1776886138.7771027,4.0,-3.0,-42.0
1776886138.7871027,1.0,-2.0,-47.0
1776886138.7971027,0.0,-1.0,-48.0
1776886138.807103,1.0,0.0,-45.0
1776886138.817103,6.0,1.0,-51.0
1776886138.827103,2.0,1.0,-50.0
1776886138.837103,0.0,0.0,-44.0
1776886138.8471026,3.0,1.0,-52.0
1776886138.8571026,5.0,1.0,-51.0
1776886138.8671026,1.0,0.0,-53.0
1776886138.8771029,1.0,0.0,-53.0
1776886138.8871028,2.0,0.0,-51.0
1776886138.8971028,2.0,3.0,-47.0
1776886138.9071028,1.0,5.0,-43.0
1776886138.9171028,0.0,3.0,-40.0
1776886138.9271028,0.0,6.0,-39.0
1776886138.9371028,-1.0,4.0,-41.0
1776886138.9471028,0.0,3.0,-41.0
1776886138.9571028,-3.0,2.0,-38.0
1776886138.9671028,-1.0,4.0,-39.0
1776886138.9771028,1.0,3.0,-33.0
1776886138.9871027,2.0,2.0,-39.0
1776886138.9971027,4.0,0.0,-40.0
1776886139.0071027,6.0,-1.0,-34.0
1776886139.0171027,6.0,2.0,-36.0
1776886139.0271027,4.0,0.0,-42.0
1776886139.0371027,-2.0,-3.0,-49.0
1776886139.0471027,-5.0,-5.0,-49.0
1776886139.057103,-2.0,-6.0,-44.0
1776886139.067103,0.0,-3.0,-43.0
1776886139.077103,1.0,-3.0,-38.0
1776886139.087103,4.0,-4.0,-40.0
1776886139.0971026,8.0,-5.0,-45.0
1776886139.1071026,7.0,0.0,-50.0
1776886139.1171026,5.0,2.0,-52.0
1776886139.1271029,4.0,1.0,-49.0
1776886139.1371028,0.0,1.0,-41.0
1776886139.1471028,0.0,2.0,-42.0
1776886139.1571028,1.0,0.0,-40.0
1776886139.1671028,1.0,-1.0,-44.0
1776886139.1771028,2.0,0.0,-48.0
1776886139.1871028,-2.0,-4.0,-48.0
1776886139.1971028,-5.0,-1.0,-45.0
1776886139.2071028,-1.0,0.0,-40.0
1776886139.2171028,-2.0,0.0,-38.0
1776886139.2271028,-2.0,-3.0,-32.0
1776886139.2371027,0.0,-7.0,-33.0
1776886139.2471027,0.0,-9.0,-33.0
1776886139.2571027,-3.0,-8.0,-35.0
1776886139.2671027,-8.0,-8.0,-37.0
1776886139.2771027,-2.0,-9.0,-34.0
1776886139.2871027,1.0,-6.0,-39.0
1776886139.2971027,2.0,-6.0,-43.0
1776886139.307103,4.0,-4.0,-48.0
1776886139.317103,1.0,-7.0,-44.0
1776886139.327103,1.0,-5.0,-38.0
1776886139.337103,1.0,-2.0,-35.0
1776886139.3471026,-1.0,1.0,-31.0
1776886139.3571026,-5.0,0.0,-34.0
1776886139.3671026,-1.0,0.0,-36.0
1776886139.3771029,2.0,-2.0,-38.0
1776886139.3871028,1.0,-5.0,-38.0
1776886139.3971028,1.0,-4.0,-42.0
1776886139.4071028,3.0,-3.0,-42.0
1776886139.4171028,4.0,-1.0,-45.0
1776886139.4271028,3.0,0.0,-50.0
1776886139.4371028,0.0,6.0,-43.0
1776886139.4471028,3.0,9.0,-55.0
1776886139.4571028,2.0,11.0,-54.0
1776886139.4671028,1.0,11.0,-50.0
1776886139.4771028,4.0,11.0,-46.0
1776886139.4871027,5.0,7.0,-46.0
1776886139.4971027,6.0,8.0,-45.0
1776886139.5071027,4.0,4.0,-48.0
1776886139.5171027,-1.0,1.0,-47.0
1776886139.5271027,-1.0,0.0,-42.0
1776886139.5371027,2.0,-1.0,-43.0
1776886139.5471027,1.0,-1.0,-43.0
1776886139.557103,6.0,5.0,-39.0
1776886139.567103,5.0,5.0,-37.0
1776886139.577103,3.0,5.0,-42.0
1776886139.587103,2.0,0.0,-46.0
1776886139.5971026,0.0,1.0,-40.0
1776886139.6071026,-2.0,3.0,-39.0
1776886139.6171026,0.0,-1.0,-36.0
1776886139.6271029,2.0,-3.0,-29.0
1776886139.6371028,0.0,-1.0,-36.0
1776886139.6471028,1.0,-1.0,-36.0
1776886139.6571028,4.0,-2.0,-42.0
1776886139.6671028,4.0,-4.0,-41.0
1776886139.6771028,2.0,-2.0,-41.0
1776886139.6871028,1.0,0.0,-45.0
1776886139.6971028,0.0,-2.0,-45.0
1776886139.7071028,3.0,-1.0,-45.0
1776886139.7171028,2.0,2.0,-45.0
1776886139.7271028,5.0,3.0,-37.0
1776886139.7371027,5.0,2.0,-42.0
1776886139.7471027,5.0,0.0,-43.0
1776886139.7571027,6.0,0.0,-39.0
1776886139.7671027,7.0,-1.0,-40.0
1776886139.7771027,2.0,0.0,-42.0
1776886139.7871027,-1.0,-5.0,-40.0
1776886139.7971027,-3.0,-2.0,-37.0
1776886139.807103,-5.0,-5.0,-35.0
1776886139.817103,-2.0,-5.0,-35.0
1776886139.827103,0.0,-3.0,-34.0
1776886139.837103,0.0,-2.0,-38.0
1776886139.8471026,-1.0,-3.0,-36.0
1776886139.8571026,0.0,-4.0,-38.0
1776886139.8671026,-4.0,-2.0,-46.0
1776886139.8771029,-3.0,-2.0,-40.0
1776886139.8871028,-3.0,-1.0,-37.0
1776886139.8971028,-5.0,-1.0,-42.0
1776886139.9071028,-5.0,-3.0,-39.0
1776886139.9171028,1.0,1.0,-33.0
1776886139.9271028,0.0,0.0,-36.0
1776886139.9371028,0.0,0.0,-36.0
1776886139.9471028,2.0,0.0,-37.0
1776886139.9571028,7.0,2.0,-41.0
1776886139.9671028,8.0,1.0,-46.0
1776886139.9771028,5.0,0.0,-50.0
1776886139.9871027,2.0,-1.0,-50.0
1776886139.9971027,5.0,1.0,-46.0
1776886140.0071027,4.0,0.0,-44.0
1776886140.0181026,3.0,0.0,-46.0
1776886140.0271027,1.0,-1.0,-39.0
1776886140.0371027,0.0,1.0,-38.0
1776886140.0471027,-3.0,-1.0,-41.0
1776886140.057103,-4.0,-4.0,-42.0
1776886140.067103,-2.0,-4.0,-42.0
1776886140.077103,-4.0,-6.0,-37.0
1776886140.087103,-4.0,-6.0,-33.0
1776886140.0971026,-2.0,-6.0,-34.0
1776886140.1071026,-4.0,-6.0,-40.0
1776886140.1171026,-6.0,0.0,-40.0
1776886140.1271029,-6.0,2.0,-44.0
1776886140.1371028,-7.0,1.0,-46.0
1776886140.1471028,-5.0,3.0,-49.0
1776886140.1571028,-3.0,2.0,-52.0
1776886140.1671028,0.0,8.0,-41.0
1776886140.1771028,0.0,4.0,-41.0
1776886140.1881027,-3.0,-2.0,-41.0
1776886140.1971028,2.0,-7.0,-41.0
1776886140.2071028,8.0,-7.0,-50.0
1776886140.2181027,4.0,-6.0,-45.0
1776886140.2281027,-2.0,-4.0,-47.0
1776886140.238103,-5.0,-4.0,-51.0
1776886140.248103,-7.0,-3.0,-52.0
1776886140.258103,-5.0,-2.0,-55.0
1776886140.2681026,-4.0,0.0,-57.0
1776886140.2781026,0.0,3.0,-55.0
1776886140.2881026,-1.0,6.0,-49.0
1776886140.2981029,-2.0,3.0,-39.0
1776886140.3081028,0.0,2.0,-38.0
1776886140.3181028,-1.0,2.0,-32.0
1776886140.3281028,0.0,2.0,-35.0
1776886140.3381028,1.0,0.0,-31.0
1776886140.3481028,0.0,0.0,-34.0
1776886140.3581028,5.0,-1.0,-41.0
1776886140.3681028,5.0,0.0,-39.0
1776886140.3781028,3.0,2.0,-47.0
1776886140.3881028,3.0,0.0,-38.0
1776886140.3981028,7.0,1.0,-36.0
1776886140.4071028,8.0,-1.0,-41.0
1776886140.4181027,9.0,-1.0,-40.0
1776886140.4281027,5.0,-9.0,-43.0
1776886140.4381027,4.0,-8.0,-42.0
1776886140.4481027,0.0,-10.0,-42.0
1776886140.4581027,-1.0,-11.0,-43.0
1776886140.4681027,-1.0,-9.0,-48.0
1776886140.4781027,1.0,-5.0,-41.0
1776886140.488103,0.0,-8.0,-43.0
1776886140.498103,5.0,-9.0,-36.0
1776886140.508103,8.0,-5.0,-37.0
1776886140.5181026,3.0,0.0,-36.0
1776886140.5281026,4.0,1.0,-34.0
1776886140.5381026,4.0,0.0,-33.0
1776886140.5481029,0.0,0.0,-34.0
1776886140.5581028,0.0,-1.0,-35.0
1776886140.5681028,0.0,-3.0,-40.0
1776886140.5781028,0.0,-3.0,-37.0
1776886140.5881028,-3.0,-9.0,-39.0
1776886140.5981028,-1.0,-9.0,-45.0
1776886140.6081028,0.0,-6.0,-42.0
1776886140.6181028,0.0,-2.0,-39.0
1776886140.6281028,0.0,1.0,-37.0
1776886140.6381028,-6.0,-1.0,-43.0
1776886140.6481028,-6.0,0.0,-45.0
1776886140.6581028,-2.0,-1.0,-45.0
1776886140.6681027,-1.0,1.0,-45.0
1776886140.6781027,0.0,6.0,-41.0
1776886140.6881027,-1.0,4.0,-39.0
1776886140.6981027,-3.0,3.0,-35.0
1776886140.7081027,-3.0,2.0,-35.0
1776886140.7181027,-3.0,2.0,-38.0
1776886140.7281027,-4.0,3.0,-37.0
1776886140.738103,0.0,1.0,-38.0
1776886140.748103,0.0,0.0,-36.0
1776886140.758103,0.0,-1.0,-36.0
1776886140.7681026,3.0,-3.0,-34.0
1776886140.7781026,3.0,-2.0,-36.0
1776886140.7881026,2.0,1.0,-32.0
1776886140.7981029,1.0,-1.0,-36.0
1776886140.8081028,0.0,-4.0,-32.0
1776886140.8181028,-1.0,-4.0,-35.0
1776886140.8281028,-3.0,-2.0,-39.0
1776886140.8381028,1.0,3.0,-36.0
1776886140.8481028,6.0,4.0,-36.0
1776886140.8581028,0.0,3.0,-37.0
1776886140.8681028,0.0,4.0,-40.0
1776886140.8781028,-3.0,6.0,-39.0
1776886140.8881028,0.0,8.0,-36.0
1776886140.8981028,5.0,9.0,-39.0
1776886140.9081028,1.0,11.0,-37.0
1776886140.9181027,1.0,3.0,-36.0
1776886140.9281027,0.0,1.0,-37.0
1776886140.9381027,-2.0,-1.0,-32.0
1776886140.9481027,0.0,3.0,-26.0
1776886140.9581027,3.0,1.0,-31.0
1776886140.9681027,8.0,1.0,-23.0
1776886140.9781027,9.0,0.0,-26.0
1776886140.988103,7.0,1.0,-31.0
1776886140.998103,5.0,-1.0,-25.0
1776886141.008103,-1.0,-4.0,-30.0
1776886141.0181026,-1.0,-2.0,-35.0
1776886141.0281026,-1.0,-2.0,-43.0
1776886141.0381026,-2.0,0.0,-50.0
1776886141.0481029,0.0,-2.0,-46.0
1776886141.0581028,0.0,-3.0,-41.0
1776886141.0681028,-4.0,-4.0,-44.0
1776886141.0781028,-3.0,-3.0,-42.0
1776886141.0881028,0.0,-5.0,-43.0
1776886141.0981028,0.0,1.0,-42.0
1776886141.1081028,0.0,4.0,-42.0
1776886141.1181028,3.0,3.0,-39.0
1776886141.1281028,2.0,1.0,-35.0
1776886141.1381028,-2.0,2.0,-26.0
1776886141.1481028,-2.0,2.0,-27.0
1776886141.1581028,-2.0,0.0,-22.0
1776886141.1681027,-5.0,-1.0,-32.0
1776886141.1781027,-7.0,0.0,-34.0
1776886141.1881027,-4.0,-2.0,-29.0
1776886141.1981027,4.0,1.0,-34.0
1776886141.2081027,0.0,3.0,-34.0
1776886141.2181027,1.0,4.0,-38.0
1776886141.2281027,2.0,3.0,-36.0
1776886141.238103,0.0,2.0,-40.0
1776886141.248103,1.0,0.0,-42.0
1776886141.258103,-2.0,0.0,-40.0
1776886141.2681026,0.0,-3.0,-42.0
1776886141.2781026,3.0,-2.0,-43.0
1776886141.2881026,9.0,2.0,-48.0
1776886141.2981029,9.0,3.0,-49.0
1776886141.3081028,8.0,4.0,-47.0
1776886141.3181028,4.0,5.0,-48.0
1776886141.3281028,5.0,3.0,-50.0
1776886141.3381028,0.0,2.0,-45.0
1776886141.3481028,-5.0,1.0,-43.0
1776886141.3581028,-4.0,-1.0,-39.0
1776886141.3681028,-4.0,-3.0,-41.0
1776886141.3781028,1.0,-2.0,-45.0
1776886141.3881028,5.0,-2.0,-46.0
1776886141.3981028,2.0,-5.0,-41.0
1776886141.4081028,2.0,-5.0,-35.0
1776886141.4181027,3.0,-6.0,-33.0
1776886141.4281027,1.0,-4.0,-37.0
1776886141.4381027,2.0,0.0,-39.0
1776886141.4481027,3.0,3.0,-33.0
1776886141.4581027,3.0,1.0,-30.0
1776886141.4681027,0.0,3.0,-30.0
1776886141.4781027,3.0,5.0,-31.0
1776886141.488103,0.0,5.0,-34.0
1776886141.498103,0.0,10.0,-31.0
1776886141.508103,0.0,12.0,-32.0
1776886141.5181026,-3.0,9.0,-45.0
1776886141.5281026,-4.0,7.0,-41.0
1776886141.5381026,-6.0,6.0,-39.0
1776886141.5481029,-2.0,5.0,-36.0
1776886141.5581028,0.0,1.0,-37.0
1776886141.5681028,1.0,0.0,-37.0
1776886141.5781028,0.0,0.0,-39.0
1776886141.5881028,-1.0,3.0,-46.0
1776886141.5981028,1.0,6.0,-45.0
1776886141.6081028,0.0,5.0,-40.0
1776886141.6181028,-1.0,2.0,-43.0
1776886141.6281028,0.0,-1.0,-42.0
1776886141.6381028,1.0,-2.0,-41.0
1776886141.6481028,2.0,0.0,-37.0
1776886141.6581028,1.0,-1.0,-39.0
1776886141.6681027,-2.0,-3.0,-39.0
1776886141.6781027,-2.0,-4.0,-36.0
1776886141.6881027,-1.0,-9.0,-37.0
1776886141.6981027,0.0,-10.0,-30.0
1776886141.7081027,2.0,-10.0,-36.0
1776886141.7181027,6.0,-8.0,-40.0
1776886141.7281027,5.0,-5.0,-43.0
1776886141.738103,-2.0,-5.0,-43.0
1776886141.748103,0.0,-1.0,-41.0
1776886141.7591028,0.0,-2.0,-39.0
1776886141.7681026,4.0,-2.0,-39.0
1776886141.7781026,0.0,-3.0,-44.0
1776886141.7881026,0.0,-1.0,-53.0
1776886141.7981029,0.0,-2.0,-51.0
1776886141.8081028,-6.0,-1.0,-42.0
1776886141.8181028,-4.0,-4.0,-30.0
1776886141.8281028,-7.0,-7.0,-33.0
1776886141.8381028,-9.0,-9.0,-36.0
1776886141.8481028,-10.0,-7.0,-37.0
1776886141.8581028,-9.0,-9.0,-41.0
1776886141.8681028,-11.0,-4.0,-37.0
1776886141.8781028,-11.0,-4.0,-43.0
1776886141.8881028,-11.0,-4.0,-43.0
1776886141.8981028,-9.0,-3.0,-42.0
1776886141.9081028,-7.0,-1.0,-39.0
1776886141.9181027,-7.0,0.0,-37.0
1776886141.9281027,-7.0,2.0,-44.0
1776886141.9381027,-2.0,0.0,-53.0
1776886141.9481027,-1.0,0.0,-49.0
1776886141.9581027,-2.0,0.0,-42.0
1776886141.9681027,-2.0,0.0,-40.0
1776886141.9781027,0.0,0.0,-39.0
1776886141.988103,-4.0,2.0,-35.0
1776886141.998103,-4.0,6.0,-38.0
1776886142.008103,-4.0,5.0,-30.0
1776886142.0181026,-4.0,4.0,-34.0
1776886142.0281026,0.0,1.0,-35.0
1776886142.0381026,0.0,4.0,-39.0
1776886142.0481029,-1.0,-3.0,-42.0
1776886142.0581028,-4.0,-2.0,-40.0
1776886142.0681028,-5.0,-1.0,-37.0
1776886142.0781028,-2.0,3.0,-34.0
1776886142.0881028,-4.0,1.0,-32.0
1776886142.0981028,0.0,3.0,-32.0
1776886142.1081028,3.0,2.0,-31.0
1776886142.1181028,6.0,1.0,-33.0
1776886142.1281028,7.0,2.0,-33.0
1776886142.1381028,3.0,3.0,-30.0
1776886142.1481028,3.0,6.0,-30.0
1776886142.159103,3.0,6.0,-26.0
1776886142.1681027,3.0,8.0,-33.0
1776886142.1781027,1.0,4.0,-32.0
1776886142.1881027,1.0,2.0,-37.0
1776886142.1981027,1.0,-1.0,-35.0
1776886142.2091026,-3.0,-5.0,-32.0
1776886142.2191026,0.0,-7.0,-33.0
1776886142.2291028,2.0,-6.0,-36.0
1776886142.2391028,-2.0,-2.0,-46.0
1776886142.2491028,0.0,-3.0,-46.0
1776886142.2591028,-2.0,-3.0,-44.0
1776886142.2691028,0.0,-5.0,-44.0
1776886142.2791028,0.0,-8.0,-47.0
1776886142.2891028,0.0,-4.0,-47.0
1776886142.2991028,-1.0,-4.0,-44.0
1776886142.3091028,-1.0,-3.0,-46.0
1776886142.3191028,-2.0,-2.0,-47.0
1776886142.3291028,-2.0,-2.0,-49.0
1776886142.3391027,-4.0,-3.0,-52.0
1776886142.3491027,-4.0,-6.0,-44.0
1776886142.3591027,-3.0,-6.0,-41.0
1776886142.3691027,-4.0,-7.0,-37.0
1776886142.3791027,-5.0,-5.0,-36.0
1776886142.3891027,-3.0,-4.0,-27.0
1776886142.3991027,0.0,-7.0,-32.0
1776886142.409103,-2.0,-4.0,-36.0
1776886142.419103,-6.0,-2.0,-32.0
1776886142.429103,-3.0,-1.0,-29.0
1776886142.4391026,-1.0,-4.0,-19.0
1776886142.4491026,-1.0,-3.0,-20.0
1776886142.4591026,-3.0,0.0,-34.0
1776886142.4691026,-6.0,-3.0,-37.0
1776886142.4791028,-4.0,-3.0,-35.0
1776886142.4891028,-3.0,-3.0,-34.0
1776886142.4991028,-1.0,-5.0,-39.0
1776886142.5091028,0.0,-5.0,-42.0
1776886142.5191028,0.0,-6.0,-38.0
1776886142.5291028,0.0,-8.0,-39.0
1776886142.5391028,1.0,-5.0,-43.0
1776886142.5491028,3.0,-5.0,-40.0
1776886142.5591028,3.0,-8.0,-42.0
1776886142.5691028,5.0,-8.0,-47.0
1776886142.5791028,7.0,-6.0,-46.0
1776886142.5891027,3.0,-5.0,-44.0
1776886142.5991027,2.0,-1.0,-44.0
1776886142.6091027,-3.0,2.0,-42.0
1776886142.6191027,0.0,0.0,-45.0
1776886142.6291027,-3.0,0.0,-41.0
1776886142.6391027,-5.0,1.0,-41.0
1776886142.6491027,-1.0,4.0,-43.0
1776886142.659103,1.0,3.0,-40.0
1776886142.669103,2.0,2.0,-42.0
1776886142.679103,8.0,6.0,-43.0
1776886142.6891026,10.0,7.0,-41.0
1776886142.6991026,6.0,4.0,-37.0
1776886142.7091026,3.0,0.0,-43.0
1776886142.7191026,7.0,-1.0,-42.0
1776886142.7291028,5.0,-1.0,-41.0
1776886142.7391028,0.0,-3.0,-39.0
1776886142.7491028,-1.0,-3.0,-35.0
1776886142.7591028,-1.0,2.0,-36.0
1776886142.7691028,-3.0,0.0,-36.0
1776886142.7791028,1.0,2.0,-37.0
1776886142.7891028,2.0,1.0,-30.0
1776886142.7991028,4.0,0.0,-36.0
1776886142.8091028,9.0,-1.0,-46.0
1776886142.8191028,10.0,0.0,-47.0
1776886142.8291028,12.0,0.0,-46.0
1776886142.8391027,15.0,1.0,-43.0
1776886142.8491027,12.0,-2.0,-39.0
1776886142.8591027,11.0,-7.0,-33.0
1776886142.8691027,6.0,-6.0,-33.0
1776886142.8791027,0.0,-3.0,-34.0
1776886142.8891027,0.0,-3.0,-32.0
1776886142.8991027,-3.0,-5.0,-34.0
1776886142.909103,-3.0,1.0,-36.0
1776886142.919103,-4.0,3.0,-37.0
1776886142.929103,2.0,4.0,-37.0
1776886142.9391026,4.0,4.0,-36.0
1776886142.9491026,6.0,3.0,-41.0
1776886142.9591026,0.0,1.0,-43.0
1776886142.9691026,0.0,3.0,-43.0
1776886142.9791028,0.0,0.0,-42.0
1776886142.9891028,0.0,0.0,-43.0
1776886142.9991028,0.0,-1.0,-41.0
1776886143.0091028,1.0,-2.0,-39.0
1776886143.0191028,1.0,0.0,-36.0
1776886143.0291028,1.0,-2.0,-36.0
1776886143.0391028,4.0,-4.0,-40.0
1776886143.0491028,5.0,-4.0,-42.0
1776886143.0591028,4.0,-6.0,-40.0
1776886143.0691028,3.0,-3.0,-48.0
1776886143.0791028,5.0,-2.0,-43.0
1776886143.0891027,6.0,-3.0,-49.0
1776886143.0991027,3.0,-4.0,-52.0
1776886143.1091027,3.0,-8.0,-51.0
1776886143.1191027,1.0,-5.0,-53.0
1776886143.1291027,0.0,-7.0,-55.0
1776886143.1391027,-3.0,-5.0,-48.0
1776886143.1491027,-3.0,-11.0,-45.0
1776886143.159103,-5.0,-7.0,-40.0
1776886143.169103,-4.0,-6.0,-44.0
1776886143.179103,-5.0,-4.0,-45.0
1776886143.1891026,-3.0,-3.0,-44.0
1776886143.1991026,-1.0,-2.0,-45.0
1776886143.2091026,0.0,-2.0,-45.0
1776886143.2191026,-2.0,-1.0,-45.0
1776886143.2291028,-8.0,-2.0,-50.0
1776886143.2391028,-9.0,-4.0,-46.0
1776886143.2491028,-6.0,-2.0,-43.0
1776886143.2591028,-8.0,-3.0,-43.0
1776886143.2691028,-5.0,-4.0,-48.0
1776886143.2791028,-3.0,-2.0,-48.0
1776886143.2891028,-6.0,-8.0,-52.0
1776886143.2991028,-5.0,-7.0,-54.0
1776886143.3091028,-5.0,-7.0,-48.0
1776886143.3191028,-4.0,-6.0,-47.0
1776886143.3291028,-4.0,-5.0,-48.0
1776886143.3391027,0.0,-3.0,-49.0
1776886143.3491027,0.0,-6.0,-52.0
1776886143.3591027,0.0,-6.0,-50.0
1776886143.3691027,-1.0,-7.0,-34.0
1776886143.3791027,-5.0,-3.0,-30.0
1776886143.3891027,-6.0,-1.0,-33.0
1776886143.3991027,-4.0,0.0,-45.0
1776886143.409103,1.0,2.0,-49.0
1776886143.419103,-2.0,3.0,-45.0
1776886143.429103,-1.0,3.0,-34.0
1776886143.4391026,0.0,2.0,-31.0
1776886143.4491026,-1.0,-1.0,-29.0
1776886143.4591026,-3.0,-7.0,-32.0
1776886143.4691026,-1.0,-8.0,-33.0
1776886143.4791028,-1.0,-5.0,-34.0
1776886143.4891028,2.0,0.0,-37.0
1776886143.4991028,1.0,-2.0,-45.0
1776886143.5091028,0.0,-3.0,-46.0
1776886143.5191028,0.0,-6.0,-45.0
1776886143.5291028,0.0,-3.0,-36.0
1776886143.5391028,0.0,-3.0,-32.0
1776886143.5491028,0.0,-3.0,-38.0
1776886143.5591028,1.0,-5.0,-34.0
1776886143.5691028,-1.0,-8.0,-31.0
1776886143.5791028,0.0,-8.0,-29.0
1776886143.5891027,0.0,-8.0,-28.0
1776886143.5991027,0.0,-4.0,-36.0
1776886143.6091027,-3.0,-3.0,-39.0
1776886143.6191027,-3.0,1.0,-42.0
1776886143.6291027,-2.0,1.0,-40.0
1776886143.6391027,0.0,0.0,-45.0
1776886143.6491027,1.0,-1.0,-51.0
1776886143.659103,0.0,-2.0,-47.0
1776886143.669103,0.0,0.0,-44.0
1776886143.679103,3.0,2.0,-46.0
1776886143.6891026,0.0,3.0,-44.0
1776886143.6991026,0.0,3.0,-42.0
1776886143.7091026,3.0,0.0,-40.0
1776886143.7191026,4.0,-1.0,-42.0
1776886143.7291028,0.0,-2.0,-38.0
1776886143.7391028,2.0,0.0,-31.0
1776886143.7491028,5.0,0.0,-29.0
1776886143.7591028,5.0,-2.0,-34.0
1776886143.7691028,5.0,-2.0,-29.0
1776886143.7791028,7.0,-1.0,-29.0
1776886143.7891028,6.0,2.0,-31.0
1776886143.7991028,3.0,3.0,-36.0
1776886143.8091028,3.0,4.0,-33.0
1776886143.8191028,-1.0,5.0,-34.0
1776886143.8291028,-7.0,1.0,-36.0
1776886143.8391027,-7.0,-2.0,-37.0
1776886143.8491027,-7.0,-6.0,-39.0
1776886143.8591027,0.0,-8.0,-44.0
1776886143.8691027,1.0,-6.0,-48.0
1776886143.8791027,0.0,-5.0,-54.0
1776886143.8891027,3.0,-3.0,-49.0
1776886143.8991027,3.0,-2.0,-50.0
1776886143.909103,0.0,0.0,-47.0
1776886143.919103,-2.0,0.0,-39.0
1776886143.929103,-6.0,3.0,-37.0
1776886143.9391026,-7.0,2.0,-38.0
1776886143.9491026,-3.0,-1.0,-33.0
1776886143.9591026,2.0,0.0,-29.0
1776886143.9691026,7.0,0.0,-30.0
1776886143.9791028,6.0,-2.0,-34.0
1776886143.9891028,7.0,-4.0,-34.0
1776886143.9991028,6.0,-2.0,-36.0
1776886144.0091028,2.0,0.0,-32.0
1776886144.0191028,2.0,-8.0,-30.0
1776886144.0291028,3.0,-5.0,-32.0
1776886144.0391028,3.0,-3.0,-27.0
1776886144.0491028,4.0,-3.0,-38.0
1776886144.0591028,-2.0,0.0,-35.0
1776886144.0691028,-2.0,0.0,-42.0
1776886144.0791028,-4.0,-2.0,-51.0
1776886144.0891027,-7.0,-3.0,-49.0
1776886144.0991027,-6.0,-4.0,-48.0
1776886144.1091027,-7.0,0.0,-46.0
1776886144.1191027,-3.0,1.0,-49.0
1776886144.1291027,-2.0,0.0,-48.0
1776886144.1391027,0.0,-2.0,-41.0
1776886144.1491027,1.0,-4.0,-39.0
1776886144.159103,-1.0,-2.0,-35.0
1776886144.1701028,-3.0,0.0,-43.0
1776886144.179103,0.0,0.0,-45.0
1776886144.1891026,-2.0,2.0,-46.0
1776886144.1991026,-1.0,0.0,-41.0
1776886144.2101028,-1.0,0.0,-38.0
1776886144.2201028,2.0,-3.0,-41.0
1776886144.2301028,5.0,0.0,-39.0
1776886144.2401028,2.0,0.0,-39.0
1776886144.2501028,-1.0,2.0,-40.0
1776886144.2601027,-2.0,8.0,-36.0
1776886144.2701027,1.0,9.0,-43.0
1776886144.2801027,-3.0,9.0,-41.0
1776886144.2901027,-1.0,8.0,-33.0
1776886144.3001027,-2.0,0.0,-35.0
1776886144.3101027,2.0,-1.0,-41.0
1776886144.3201027,-1.0,-1.0,-42.0
1776886144.3301027,-2.0,-4.0,-46.0
1776886144.340103,-3.0,-2.0,-39.0
1776886144.350103,-6.0,0.0,-42.0
1776886144.360103,-1.0,2.0,-41.0
1776886144.3701026,0.0,2.0,-29.0
1776886144.3801026,1.0,7.0,-36.0
1776886144.3901026,0.0,6.0,-34.0
1776886144.4001029,0.0,6.0,-35.0
1776886144.4101028,3.0,7.0,-33.0
1776886144.4201028,1.0,3.0,-40.0
1776886144.4301028,0.0,0.0,-39.0
1776886144.4401028,0.0,-2.0,-35.0
1776886144.4501028,1.0,-6.0,-28.0
1776886144.4601028,6.0,-5.0,-28.0
1776886144.4701028,1.0,-3.0,-38.0
1776886144.4801028,1.0,-6.0,-43.0
1776886144.4901028,0.0,-8.0,-37.0
1776886144.5001028,-4.0,-4.0,-29.0
1776886144.5101027,-8.0,-6.0,-26.0
1776886144.5201027,-5.0,-7.0,-32.0
1776886144.5301027,-2.0,-6.0,-38.0
1776886144.5401027,-2.0,-7.0,-40.0
1776886144.5501027,-2.0,-3.0,-38.0
1776886144.5601027,-1.0,-4.0,-38.0
1776886144.5701027,0.0,-2.0,-40.0
1776886144.5801027,0.0,-2.0,-43.0
1776886144.590103,-1.0,0.0,-39.0
1776886144.600103,1.0,1.0,-35.0
1776886144.610103,3.0,-2.0,-35.0
1776886144.6201026,4.0,-1.0,-35.0
1776886144.6301026,7.0,0.0,-38.0
1776886144.6401026,9.0,-1.0,-38.0
1776886144.6501029,5.0,0.0,-38.0
1776886144.6601028,7.0,3.0,-39.0
1776886144.6701028,4.0,2.0,-38.0
1776886144.6801028,2.0,0.0,-35.0
1776886144.6901028,5.0,-7.0,-34.0
1776886144.7001028,6.0,-2.0,-37.0
1776886144.7101028,1.0,-5.0,-30.0
1776886144.7201028,0.0,-1.0,-21.0
1776886144.7301028,1.0,0.0,-29.0
1776886144.7401028,8.0,2.0,-31.0
1776886144.7501028,9.0,4.0,-30.0
1776886144.7601027,7.0,4.0,-30.0
1776886144.7701027,6.0,0.0,-30.0
1776886144.7801027,5.0,-2.0,-29.0
1776886144.7901027,0.0,0.0,-26.0
1776886144.8001027,-4.0,2.0,-29.0
1776886144.8101027,-2.0,1.0,-36.0
1776886144.8201027,-2.0,-2.0,-34.0
1776886144.8301027,-3.0,-4.0,-35.0
1776886144.840103,-4.0,-3.0,-37.0
1776886144.850103,1.0,0.0,-39.0
1776886144.860103,1.0,1.0,-40.0
1776886144.8701026,-1.0,1.0,-47.0
1776886144.8801026,-3.0,2.0,-45.0
1776886144.8901026,-2.0,0.0,-46.0
1776886144.9001029,-3.0,-1.0,-46.0
1776886144.9101028,0.0,-2.0,-52.0
1776886144.9201028,4.0,0.0,-57.0
1776886144.9301028,0.0,-1.0,-53.0
1776886144.9401028,4.0,-5.0,-48.0
1776886144.9501028,3.0,-6.0,-48.0
1776886144.9601028,5.0,-8.0,-51.0
1776886144.9701028,8.0,-5.0,-58.0
1776886144.9801028,1.0,-4.0,-59.0
1776886144.9901028,3.0,-3.0,-58.0
1776886145.0001028,0.0,-1.0,-51.0
1776886145.0101027,4.0,0.0,-44.0
1776886145.0201027,4.0,2.0,-41.0
1776886145.0301027,3.0,3.0,-42.0
1776886145.0401027,4.0,7.0,-47.0
1776886145.0501027,3.0,5.0,-43.0
1776886145.0601027,6.0,3.0,-42.0
1776886145.0701027,6.0,0.0,-40.0
1776886145.0801027,4.0,0.0,-38.0
1776886145.090103,2.0,0.0,-37.0
1776886145.100103,2.0,0.0,-38.0
1776886145.110103,0.0,2.0,-40.0
1776886145.1201026,3.0,2.0,-44.0
1776886145.1301026,6.0,1.0,-48.0
1776886145.1401026,3.0,-1.0,-46.0
1776886145.1501029,4.0,-4.0,-39.0
1776886145.1601028,7.0,-6.0,-37.0
1776886145.1701028,11.0,-4.0,-36.0
1776886145.1801028,15.0,-9.0,-42.0
1776886145.1901028,13.0,-7.0,-50.0
1776886145.2001028,10.0,-4.0,-55.0
1776886145.2101028,9.0,-4.0,-51.0
1776886145.2201028,8.0,-1.0,-45.0
1776886145.2301028,2.0,-4.0,-40.0
1776886145.2401028,1.0,-4.0,-39.0
1776886145.2501028,3.0,-6.0,-40.0
1776886145.2601027,5.0,-4.0,-36.0
1776886145.2701027,5.0,0.0,-30.0
1776886145.2801027,5.0,3.0,-36.0
1776886145.2901027,1.0,2.0,-40.0
1776886145.3001027,0.0,1.0,-39.0
1776886145.3101027,-2.0,2.0,-43.0
1776886145.3201027,-3.0,-1.0,-39.0
1776886145.3301027,-5.0,-1.0,-40.0
1776886145.340103,-5.0,-2.0,-35.0
1776886145.350103,2.0,-3.0,-35.0
1776886145.360103,3.0,-2.0,-37.0
1776886145.3701026,4.0,-7.0,-40.0
1776886145.3801026,4.0,-6.0,-45.0
1776886145.3901026,0.0,-7.0,-49.0
1776886145.4001029,1.0,-5.0,-47.0
1776886145.4101028,0.0,-10.0,-52.0
1776886145.4201028,-1.0,-11.0,-41.0
1776886145.4301028,-3.0,-8.0,-33.0
1776886145.4401028,0.0,-6.0,-42.0
1776886145.4501028,3.0,-4.0,-54.0
1776886145.4601028,6.0,-4.0,-55.0
1776886145.4701028,2.0,-1.0,-52.0
1776886145.4801028,-2.0,-2.0,-47.0
1776886145.4901028,-6.0,-4.0,-47.0
1776886145.5001028,-6.0,-5.0,-48.0
1776886145.5101027,4.0,-8.0,-52.0
1776886145.5201027,2.0,-9.0,-52.0
1776886145.5301027,5.0,-6.0,-45.0
1776886145.5401027,8.0,-1.0,-48.0
1776886145.5501027,4.0,0.0,-45.0
1776886145.5601027,4.0,-1.0,-43.0
1776886145.5701027,1.0,0.0,-45.0
1776886145.5801027,6.0,2.0,-46.0
1776886145.590103,5.0,2.0,-45.0
1776886145.600103,3.0,3.0,-46.0
1776886145.610103,1.0,0.0,-46.0
1776886145.6201026,0.0,-2.0,-41.0
1776886145.6301026,5.0,-4.0,-31.0
1776886145.6401026,1.0,-2.0,-33.0
1776886145.6501029,-3.0,-2.0,-34.0
1776886145.6601028,-2.0,-2.0,-36.0
1776886145.6701028,-3.0,-3.0,-39.0
1776886145.6801028,-1.0,0.0,-35.0
1776886145.6901028,-4.0,-7.0,-39.0
1776886145.7001028,-3.0,-7.0,-47.0
1776886145.7101028,-3.0,-9.0,-43.0
1776886145.7201028,-2.0,-6.0,-41.0
1776886145.7301028,-2.0,-1.0,-44.0
1776886145.7401028,-1.0,-3.0,-46.0
1776886145.7501028,1.0,-1.0,-39.0
1776886145.7601027,1.0,0.0,-41.0
1776886145.7701027,3.0,0.0,-38.0
1776886145.7801027,4.0,0.0,-39.0
1776886145.7901027,0.0,0.0,-39.0
1776886145.8001027,-1.0,2.0,-43.0
1776886145.8101027,-1.0,2.0,-49.0
1776886145.8201027,0.0,3.0,-51.0
1776886145.8301027,-3.0,4.0,-50.0
1776886145.840103,-8.0,0.0,-53.0
1776886145.850103,-4.0,3.0,-49.0
1776886145.860103,1.0,6.0,-48.0
1776886145.8701026,5.0,8.0,-44.0
1776886145.8801026,5.0,5.0,-38.0
1776886145.8901026,3.0,2.0,-40.0
1776886145.9001029,1.0,1.0,-44.0
1776886145.9101028,0.0,1.0,-40.0
1776886145.9201028,-2.0,-3.0,-42.0
1776886145.9301028,-3.0,-5.0,-41.0
1776886145.9401028,2.0,-4.0,-43.0
1776886145.9501028,4.0,-5.0,-40.0
1776886145.9601028,5.0,-5.0,-40.0
1776886145.9701028,1.0,-4.0,-39.0
1776886145.9801028,-3.0,-3.0,-39.0
1776886145.9901028,-8.0,-1.0,-42.0
1776886146.0001028,-7.0,-1.0,-41.0
1776886146.0101027,-3.0,-1.0,-36.0
1776886146.0201027,-2.0,0.0,-40.0
1776886146.0301027,-1.0,0.0,-43.0
1776886146.0401027,-1.0,-3.0,-37.0
1776886146.0501027,-2.0,-4.0,-41.0
1776886146.0601027,-4.0,-4.0,-45.0
1776886146.0701027,-4.0,-6.0,-39.0
1776886146.0801027,-2.0,-4.0,-43.0
1776886146.090103,0.0,-5.0,-35.0
1776886146.100103,3.0,-6.0,-36.0
1776886146.110103,4.0,-11.0,-41.0
1776886146.1201026,5.0,-9.0,-37.0
1776886146.1301026,5.0,-8.0,-37.0
1776886146.1401026,2.0,-6.0,-36.0
1776886146.1501029,2.0,-4.0,-34.0
1776886146.1601028,-1.0,-3.0,-41.0
1776886146.1701028,0.0,-6.0,-39.0
1776886146.1811028,1.0,-7.0,-38.0
1776886146.1901028,4.0,-7.0,-39.0
1776886146.2011027,2.0,-5.0,-37.0
1776886146.2111027,1.0,-6.0,-32.0
1776886146.2211027,2.0,-5.0,-32.0
1776886146.2311027,-1.0,-2.0,-40.0
1776886146.2411027,0.0,-2.0,-34.0
1776886146.2511027,1.0,-3.0,-34.0
1776886146.261103,0.0,-5.0,-36.0
1776886146.271103,-2.0,-6.0,-44.0
1776886146.281103,-1.0,-7.0,-48.0
1776886146.2911026,3.0,-4.0,-42.0
1776886146.3011026,0.0,-5.0,-38.0
1776886146.3111026,0.0,-1.0,-41.0
1776886146.3211029,0.0,-1.0,-40.0
1776886146.3311028,0.0,0.0,-34.0
1776886146.3411028,-1.0,0.0,-29.0
1776886146.3511028,0.0,-2.0,-28.0
1776886146.3611028,-1.0,1.0,-25.0
1776886146.3711028,0.0,2.0,-24.0
1776886146.3811028,0.0,1.0,-30.0
1776886146.3911028,-1.0,1.0,-34.0
1776886146.4011028,4.0,2.0,-33.0
1776886146.4111028,3.0,1.0,-35.0
1776886146.4211028,1.0,5.0,-38.0
1776886146.4311028,3.0,5.0,-37.0
1776886146.4411027,6.0,5.0,-35.0
1776886146.4511027,3.0,2.0,-33.0
1776886146.4611027,-1.0,0.0,-38.0
1776886146.4711027,-1.0,-5.0,-40.0
1776886146.4811027,1.0,-4.0,-44.0
1776886146.4911027,-1.0,-3.0,-41.0
1776886146.5011027,1.0,-3.0,-38.0
1776886146.511103,-4.0,-1.0,-38.0
1776886146.521103,0.0,0.0,-28.0
1776886146.531103,0.0,-3.0,-24.0
1776886146.5411026,4.0,-3.0,-30.0
1776886146.5511026,8.0,0.0,-32.0
1776886146.5611026,8.0,1.0,-35.0
1776886146.5711029,8.0,-1.0,-35.0
1776886146.5811028,2.0,2.0,-42.0
1776886146.5911028,5.0,4.0,-45.0
1776886146.6011028,5.0,5.0,-53.0
1776886146.6111028,4.0,3.0,-56.0
1776886146.6211028,6.0,0.0,-56.0
1776886146.6311028,10.0,-4.0,-57.0
1776886146.6411028,5.0,-4.0,-53.0
1776886146.6511028,3.0,-6.0,-53.0
1776886146.6611028,-2.0,-6.0,-52.0
1776886146.6711028,-2.0,-12.0,-45.0
1776886146.6811028,-2.0,-10.0,-40.0
1776886146.6911027,-5.0,-10.0,-46.0
1776886146.7011027,-3.0,-4.0,-50.0
1776886146.7111027,-2.0,0.0,-56.0
1776886146.7211027,1.0,0.0,-52.0
1776886146.7311027,4.0,0.0,-49.0
1776886146.7411027,2.0,-1.0,-47.0
1776886146.7511027,0.0,-4.0,-49.0
1776886146.761103,0.0,0.0,-50.0
1776886146.771103,0.0,-1.0,-44.0
1776886146.781103,1.0,-3.0,-40.0
1776886146.7911026,0.0,-3.0,-41.0
1776886146.8011026,-3.0,-4.0,-35.0
1776886146.8111026,0.0,-5.0,-38.0
1776886146.8211029,-2.0,-7.0,-39.0
1776886146.8311028,-4.0,-6.0,-44.0
1776886146.8411028,-9.0,-3.0,-48.0
1776886146.8511028,-8.0,-1.0,-53.0
1776886146.8611028,-6.0,1.0,-49.0
1776886146.8711028,-5.0,4.0,-41.0
1776886146.8811028,-4.0,7.0,-44.0
1776886146.8911028,-7.0,6.0,-42.0
1776886146.9011028,-4.0,5.0,-43.0
1776886146.9111028,-2.0,7.0,-31.0
1776886146.9211028,0.0,4.0,-29.0
1776886146.9311028,-2.0,4.0,-27.0
1776886146.9411027,-2.0,4.0,-31.0
1776886146.9511027,-1.0,2.0,-34.0
1776886146.9611027,-6.0,-1.0,-37.0
1776886146.9711027,-4.0,0.0,-37.0
1776886146.9811027,-4.0,3.0,-37.0
1776886146.9911027,-6.0,-1.0,-33.0
1776886147.0011027,3.0,-1.0,-34.0
1776886147.011103,2.0,0.0,-28.0
1776886147.021103,1.0,3.0,-28.0
1776886147.031103,1.0,4.0,-33.0
1776886147.0411026,0.0,6.0,-29.0
1776886147.0511026,5.0,-1.0,-41.0
1776886147.0611026,10.0,-3.0,-47.0
1776886147.0711029,9.0,-5.0,-52.0
1776886147.0811028,4.0,-3.0,-50.0
1776886147.0911028,9.0,0.0,-46.0
1776886147.1011028,4.0,-5.0,-43.0
1776886147.1111028,4.0,-4.0,-39.0
1776886147.1211028,3.0,0.0,-37.0
1776886147.1311028,2.0,2.0,-38.0
1776886147.1411028,0.0,0.0,-36.0
1776886147.1511028,1.0,2.0,-28.0
1776886147.1611028,3.0,2.0,-27.0
1776886147.1711028,4.0,3.0,-37.0
1776886147.1811028,5.0,1.0,-31.0
1776886147.1911027,2.0,0.0,-39.0
1776886147.2011027,-2.0,-7.0,-37.0
1776886147.2111027,-3.0,-12.0,-39.0
1776886147.2211027,-3.0,-13.0,-35.0
1776886147.2311027,-5.0,-13.0,-36.0
1776886147.2411027,-6.0,-12.0,-39.0
1776886147.2511027,-7.0,-9.0,-37.0
1776886147.261103,-2.0,-9.0,-34.0
1776886147.271103,-5.0,-8.0,-42.0
1776886147.281103,-4.0,-11.0,-42.0
1776886147.2911026,-7.0,-9.0,-43.0
1776886147.3011026,-3.0,-9.0,-39.0
1776886147.3111026,-2.0,-7.0,-38.0
1776886147.3211029,0.0,-5.0,-43.0
1776886147.3311028,3.0,-5.0,-49.0
1776886147.3411028,0.0,-5.0,-51.0
1776886147.3511028,1.0,-5.0,-55.0
1776886147.3611028,-2.0,-3.0,-59.0
1776886147.3711028,1.0,0.0,-57.0
1776886147.3811028,4.0,0.0,-56.0
1776886147.3911028,3.0,2.0,-50.0
1776886147.4011028,4.0,1.0,-54.0
1776886147.4111028,1.0,2.0,-49.0
1776886147.4211028,1.0,1.0,-47.0
1776886147.4311028,-2.0,2.0,-50.0
1776886147.4411027,3.0,1.0,-43.0
1776886147.4511027,3.0,0.0,-43.0
1776886147.4611027,1.0,-1.0,-43.0
1776886147.4711027,1.0,0.0,-48.0
1776886147.4811027,1.0,-3.0,-46.0
1776886147.4911027,2.0,-1.0,-48.0
1776886147.5011027,2.0,1.0,-47.0
1776886147.511103,2.0,2.0,-48.0
1776886147.521103,8.0,4.0,-43.0
1776886147.531103,5.0,0.0,-42.0
1776886147.5411026,6.0,-4.0,-39.0
1776886147.5511026,4.0,-3.0,-44.0
1776886147.5611026,2.0,0.0,-42.0
1776886147.5711029,7.0,1.0,-41.0
1776886147.5811028,6.0,0.0,-46.0
1776886147.5911028,3.0,-3.0,-42.0
1776886147.6011028,3.0,-5.0,-45.0
1776886147.6111028,2.0,-5.0,-41.0
1776886147.6211028,3.0,-1.0,-46.0
1776886147.6311028,4.0,0.0,-47.0
1776886147.6411028,0.0,-2.0,-51.0
1776886147.6511028,0.0,-5.0,-42.0
1776886147.6611028,1.0,-5.0,-40.0
1776886147.6711028,6.0,-1.0,-38.0
1776886147.6811028,8.0,1.0,-40.0
1776886147.6911027,2.0,6.0,-41.0
1776886147.7011027,5.0,4.0,-37.0
1776886147.7111027,9.0,4.0,-38.0
1776886147.7211027,9.0,3.0,-37.0
1776886147.7311027,6.0,3.0,-38.0
1776886147.7411027,3.0,2.0,-40.0
1776886147.7511027,5.0,5.0,-39.0
1776886147.761103,8.0,6.0,-33.0
1776886147.771103,2.0,2.0,-34.0
1776886147.781103,2.0,-1.0,-37.0
1776886147.7911026,0.0,0.0,-40.0
1776886147.8011026,1.0,-5.0,-33.0
1776886147.8111026,0.0,-7.0,-35.0
1776886147.8211029,0.0,-6.0,-46.0
1776886147.8311028,0.0,-6.0,-51.0
1776886147.8411028,-1.0,-6.0,-53.0
1776886147.8511028,2.0,-7.0,-46.0
1776886147.8611028,7.0,-10.0,-47.0
1776886147.8711028,8.0,-7.0,-42.0
1776886147.8811028,3.0,-3.0,-37.0
1776886147.8911028,0.0,0.0,-34.0
1776886147.9011028,0.0,1.0,-34.0
1776886147.9111028,-1.0,0.0,-35.0
1776886147.9211028,-1.0,1.0,-34.0
1776886147.9311028,0.0,0.0,-37.0
1776886147.9411027,0.0,0.0,-37.0
1776886147.9511027,-3.0,2.0,-40.0
1776886147.9611027,-7.0,-3.0,-41.0
1776886147.9711027,-3.0,-3.0,-39.0
1776886147.9811027,-1.0,0.0,-39.0
1776886147.9911027,0.0,0.0,-35.0
1776886148.0011027,0.0,0.0,-35.0
1776886148.011103,0.0,2.0,-45.0
1776886148.021103,-1.0,-2.0,-39.0
1776886148.031103,-4.0,-7.0,-41.0
1776886148.0411026,-5.0,-6.0,-43.0
1776886148.0511026,-1.0,-5.0,-43.0
1776886148.0611026,-2.0,-3.0,-40.0
1776886148.0711029,-1.0,-1.0,-34.0
1776886148.0811028,0.0,1.0,-33.0
1776886148.0911028,-1.0,1.0,-29.0
1776886148.1011028,3.0,0.0,-31.0
1776886148.1111028,4.0,-3.0,-33.0
1776886148.1211028,5.0,-5.0,-33.0
1776886148.1311028,4.0,-2.0,-29.0
1776886148.1411028,2.0,-3.0,-35.0
1776886148.1511028,3.0,0.0,-37.0
1776886148.1611028,3.0,-1.0,-39.0
1776886148.1721027,4.0,2.0,-38.0
1776886148.182103,6.0,0.0,-41.0
1776886148.192103,6.0,-2.0,-39.0
1776886148.202103,6.0,-7.0,-42.0
1776886148.212103,5.0,-6.0,-45.0
1776886148.2221026,4.0,-4.0,-46.0
1776886148.2321026,5.0,-2.0,-48.0
1776886148.2421026,3.0,0.0,-44.0
1776886148.2521029,2.0,0.0,-42.0
1776886148.2621028,5.0,-1.0,-44.0
1776886148.2721028,2.0,-2.0,-52.0
1776886148.2821028,-1.0,0.0,-54.0
1776886148.2921028,-9.0,0.0,-46.0
1776886148.3021028,-6.0,1.0,-46.0
1776886148.3121028,-8.0,-5.0,-43.0
1776886148.3221028,-8.0,-6.0,-39.0
1776886148.3321028,-6.0,-6.0,-43.0
1776886148.3421028,-10.0,-5.0,-45.0
1776886148.3521028,-7.0,-5.0,-40.0
1776886148.3621027,-4.0,-3.0,-38.0
1776886148.3721027,-2.0,-3.0,-36.0
1776886148.3821027,-3.0,-1.0,-47.0
1776886148.3921027,-5.0,0.0,-53.0
1776886148.4021027,-5.0,2.0,-51.0
1776886148.4121027,-5.0,5.0,-44.0
1776886148.4221027,-9.0,4.0,-42.0
1776886148.432103,-6.0,0.0,-35.0
1776886148.442103,-4.0,0.0,-40.0
1776886148.452103,-2.0,0.0,-44.0
1776886148.462103,-6.0,-3.0,-45.0
1776886148.4721026,-5.0,-6.0,-47.0
1776886148.4821026,-1.0,-6.0,-48.0
1776886148.4921026,0.0,-3.0,-48.0
1776886148.5021029,0.0,-6.0,-41.0
1776886148.5121028,-1.0,-8.0,-36.0
1776886148.5221028,2.0,-9.0,-38.0
1776886148.5321028,1.0,-9.0,-44.0
1776886148.5421028,8.0,-6.0,-48.0
1776886148.5521028,9.0,-4.0,-57.0
1776886148.5621028,10.0,-5.0,-51.0
1776886148.5721028,10.0,-2.0,-43.0
1776886148.5821028,9.0,-1.0,-43.0
1776886148.5921028,4.0,1.0,-39.0
1776886148.6021028,6.0,2.0,-37.0
1776886148.6121027,5.0,2.0,-34.0
1776886148.6221027,5.0,1.0,-29.0
1776886148.6321027,5.0,-1.0,-34.0
1776886148.6421027,4.0,-2.0,-33.0
1776886148.6521027,3.0,1.0,-37.0
1776886148.6621027,0.0,4.0,-40.0
1776886148.6721027,2.0,2.0,-34.0
1776886148.682103,1.0,0.0,-31.0
1776886148.692103,-1.0,3.0,-31.0
1776886148.702103,-4.0,1.0,-32.0
1776886148.712103,-2.0,0.0,-36.0
1776886148.7221026,-3.0,-2.0,-36.0
1776886148.7321026,-1.0,-3.0,-36.0
1776886148.7421026,1.0,-1.0,-37.0
1776886148.7521029,0.0,-1.0,-43.0
1776886148.7621028,0.0,-4.0,-47.0
1776886148.7721028,2.0,-7.0,-47.0
1776886148.7821028,0.0,-5.0,-49.0
1776886148.7921028,-3.0,-4.0,-46.0
1776886148.8021028,1.0,-4.0,-39.0
1776886148.8121028,1.0,-6.0,-40.0
1776886148.8221028,4.0,-6.0,-41.0
1776886148.8321028,3.0,0.0,-34.0
1776886148.8421028,4.0,1.0,-32.0
1776886148.8521028,2.0,0.0,-33.0
1776886148.8621027,3.0,1.0,-35.0
1776886148.8721027,2.0,-2.0,-31.0
1776886148.8821027,2.0,-3.0,-27.0
1776886148.8921027,4.0,0.0,-33.0
1776886148.9021027,4.0,3.0,-40.0
1776886148.9121027,2.0,7.0,-44.0
1776886148.9221027,3.0,3.0,-45.0
1776886148.932103,1.0,0.0,-46.0
1776886148.942103,3.0,-2.0,-38.0
1776886148.952103,5.0,0.0,-43.0
1776886148.962103,4.0,-4.0,-43.0
1776886148.9721026,1.0,-4.0,-40.0
1776886148.9821026,-4.0,-3.0,-38.0
1776886148.9921026,0.0,0.0,-43.0
1776886149.0021029,3.0,-1.0,-44.0
1776886149.0121028,2.0,-3.0,-43.0
1776886149.0221028,4.0,-4.0,-48.0
1776886149.0321028,3.0,-3.0,-46.0
1776886149.0421028,3.0,-2.0,-41.0
1776886149.0521028,2.0,-1.0,-40.0
1776886149.0621028,0.0,0.0,-38.0
1776886149.0721028,0.0,3.0,-43.0
1776886149.0821028,2.0,4.0,-47.0
1776886149.0921028,1.0,0.0,-45.0
1776886149.1021028,-2.0,0.0,-41.0
1776886149.1121027,0.0,-2.0,-38.0
1776886149.1221027,-2.0,-1.0,-38.0
1776886149.1321027,-3.0,-3.0,-37.0
1776886149.1421027,-3.0,-4.0,-33.0
1776886149.1521027,-1.0,-4.0,-35.0
1776886149.1621027,4.0,-5.0,-39.0
1776886149.1721027,2.0,-2.0,-36.0
1776886149.182103,5.0,1.0,-43.0
1776886149.192103,5.0,2.0,-45.0
1776886149.202103,9.0,0.0,-40.0
1776886149.212103,12.0,0.0,-31.0
1776886149.2221026,11.0,-5.0,-34.0
1776886149.2321026,17.0,-3.0,-36.0
1776886149.2421026,14.0,-3.0,-31.0
1776886149.2521029,13.0,-1.0,-32.0
1776886149.2621028,12.0,3.0,-44.0
1776886149.2721028,12.0,0.0,-42.0
1776886149.2821028,10.0,-6.0,-35.0
1776886149.2921028,5.0,-10.0,-36.0
1776886149.3021028,7.0,-2.0,-38.0
1776886149.3121028,9.0,-5.0,-38.0
1776886149.3221028,7.0,-8.0,-44.0
1776886149.3321028,2.0,-10.0,-42.0
1776886149.3421028,1.0,-12.0,-45.0
1776886149.3521028,0.0,-8.0,-38.0
1776886149.3621027,0.0,-5.0,-33.0
1776886149.3721027,0.0,-4.0,-39.0
1776886149.3821027,1.0,-2.0,-33.0
1776886149.3921027,7.0,-2.0,-30.0
1776886149.4021027,7.0,-1.0,-29.0
1776886149.4121027,8.0,-3.0,-34.0
1776886149.4221027,5.0,1.0,-31.0
1776886149.432103,3.0,3.0,-28.0
1776886149.442103,5.0,4.0,-33.0
1776886149.452103,6.0,5.0,-33.0
1776886149.462103,8.0,0.0,-34.0
1776886149.4721026,6.0,-2.0,-36.0
1776886149.4821026,3.0,-4.0,-39.0
1776886149.4921026,4.0,-2.0,-42.0
1776886149.5021029,2.0,0.0,-37.0
1776886149.5121028,0.0,-3.0,-39.0
1776886149.5221028,1.0,1.0,-37.0
1776886149.5321028,3.0,0.0,-41.0
1776886149.5421028,1.0,0.0,-45.0
1776886149.5521028,0.0,-1.0,-43.0
1776886149.5621028,-1.0,-2.0,-43.0
1776886149.5721028,0.0,-3.0,-38.0
1776886149.5821028,2.0,0.0,-42.0
1776886149.5921028,0.0,1.0,-47.0
1776886149.6021028,-2.0,5.0,-46.0
1776886149.6121027,-5.0,4.0,-47.0
1776886149.6221027,-5.0,-2.0,-39.0
1776886149.6321027,0.0,-6.0,-35.0
1776886149.6421027,0.0,-5.0,-36.0
1776886149.6521027,-2.0,-3.0,-38.0
1776886149.6621027,-3.0,-2.0,-34.0
1776886149.6721027,1.0,-1.0,-27.0
1776886149.682103,1.0,0.0,-30.0
1776886149.692103,3.0,0.0,-37.0
1776886149.702103,4.0,0.0,-39.0
1776886149.712103,3.0,-4.0,-38.0
1776886149.7221026,2.0,-4.0,-40.0
1776886149.7321026,1.0,-3.0,-43.0
1776886149.7421026,-1.0,-5.0,-40.0
1776886149.7521029,-4.0,0.0,-35.0
1776886149.7621028,0.0,2.0,-37.0
1776886149.7721028,5.0,1.0,-43.0
1776886149.7821028,4.0,1.0,-38.0
1776886149.7921028,4.0,2.0,-40.0
1776886149.8021028,5.0,8.0,-38.0
1776886149.8121028,5.0,5.0,-39.0
1776886149.8221028,2.0,1.0,-39.0
1776886149.8321028,-1.0,-4.0,-35.0
1776886149.8421028,2.0,-3.0,-42.0
1776886149.8521028,1.0,-6.0,-46.0
1776886149.8621027,-1.0,-7.0,-45.0
1776886149.8721027,-1.0,-3.0,-42.0
1776886149.8821027,0.0,-2.0,-45.0
1776886149.8921027,-5.0,-3.0,-43.0
1776886149.9021027,-2.0,-5.0,-41.0
1776886149.9121027,0.0,-5.0,-43.0
1776886149.9221027,0.0,-4.0,-45.0
1776886149.932103,-1.0,-4.0,-42.0
1776886149.942103,5.0,0.0,-43.0
1776886149.952103,4.0,-1.0,-45.0
1776886149.962103,0.0,0.0,-42.0
1776886149.9721026,-6.0,1.0,-43.0
1776886149.9821026,-5.0,1.0,-35.0
1776886149.9921026,-5.0,2.0,-30.0
1776886150.0021029,-5.0,0.0,-29.0
1776886150.0121028,-1.0,1.0,-29.0
1776886150.0221028,3.0,0.0,-33.0
1776886150.0321028,4.0,-1.0,-31.0
1776886150.0421028,3.0,-2.0,-34.0
1776886150.0521028,5.0,-1.0,-40.0
1776886150.0621028,4.0,-2.0,-37.0
1776886150.0721028,3.0,-1.0,-26.0
1776886150.0821028,5.0,0.0,-22.0
1776886150.0921028,8.0,0.0,-30.0
1776886150.1021028,3.0,0.0,-31.0
1776886150.1121027,1.0,2.0,-35.0
1776886150.1221027,-2.0,2.0,-36.0
1776886150.1321027,-4.0,-2.0,-34.0
1776886150.1421027,-2.0,-1.0,-28.0
1776886150.1521027,-4.0,-2.0,-27.0
1776886150.1631026,-6.0,-1.0,-30.0
1776886150.1721027,-7.0,-4.0,-24.0
1776886150.182103,-6.0,-1.0,-20.0
1776886150.1931028,-4.0,-3.0,-21.0
1776886150.2031028,-2.0,-4.0,-26.0
1776886150.2131028,2.0,-1.0,-28.0
1776886150.2231028,1.0,0.0,-39.0
1776886150.2331028,2.0,0.0,-33.0
1776886150.2431028,4.0,-3.0,-31.0
1776886150.2531028,2.0,-8.0,-36.0
1776886150.2631028,1.0,-5.0,-40.0
1776886150.2731028,0.0,-4.0,-35.0
1776886150.2831028,4.0,-5.0,-34.0
1776886150.2931027,3.0,-5.0,-31.0
1776886150.3031027,1.0,-5.0,-32.0
1776886150.3131027,4.0,-3.0,-33.0
1776886150.3231027,3.0,-1.0,-37.0
1776886150.3331027,4.0,-1.0,-38.0
1776886150.3431027,0.0,0.0,-39.0
1776886150.3531027,-5.0,0.0,-39.0
1776886150.363103,-4.0,-1.0,-34.0
1776886150.373103,-6.0,-2.0,-38.0
1776886150.383103,-2.0,-2.0,-42.0
1776886150.3931026,-3.0,-3.0,-42.0
1776886150.4031026,-1.0,-4.0,-39.0
1776886150.4131026,0.0,-3.0,-41.0
1776886150.4231029,2.0,-3.0,-47.0
1776886150.4331028,1.0,-2.0,-46.0
1776886150.4431028,0.0,-1.0,-42.0
1776886150.4531028,1.0,0.0,-42.0
1776886150.4631028,0.0,-1.0,-42.0
1776886150.4731028,0.0,-3.0,-43.0
1776886150.4831028,-2.0,-4.0,-42.0
1776886150.4931028,2.0,0.0,-40.0
1776886150.5031028,-2.0,-2.0,-35.0
1776886150.5131028,1.0,-4.0,-38.0
1776886150.5231028,1.0,-5.0,-39.0
1776886150.5331028,8.0,-3.0,-36.0
1776886150.5431027,8.0,-2.0,-31.0
1776886150.5531027,9.0,-5.0,-35.0
1776886150.5631027,4.0,-4.0,-33.0
1776886150.5731027,3.0,-7.0,-35.0
1776886150.5831027,1.0,-5.0,-33.0
1776886150.5931027,4.0,-8.0,-27.0
1776886150.6031027,0.0,-8.0,-29.0
1776886150.613103,2.0,0.0,-32.0
1776886150.623103,0.0,3.0,-35.0
1776886150.633103,-1.0,3.0,-37.0
1776886150.6431026,1.0,4.0,-44.0
1776886150.6531026,0.0,3.0,-48.0
1776886150.6631026,-2.0,4.0,-53.0
1776886150.6731029,-3.0,1.0,-50.0
1776886150.6831028,-2.0,-1.0,-47.0
1776886150.6931028,-8.0,-3.0,-44.0
1776886150.7031028,-7.0,-8.0,-40.0
1776886150.7131028,-4.0,-6.0,-41.0
1776886150.7231028,-8.0,-3.0,-41.0
1776886150.7331028,-6.0,-3.0,-39.0
1776886150.7431028,-5.0,-4.0,-43.0
1776886150.7531028,-4.0,-3.0,-45.0
1776886150.7631028,4.0,-1.0,-51.0
1776886150.7731028,6.0,0.0,-47.0
1776886150.7831028,5.0,2.0,-48.0
1776886150.7931027,6.0,1.0,-52.0
1776886150.8031027,10.0,0.0,-52.0
1776886150.8131027,9.0,0.0,-50.0
1776886150.8231027,3.0,1.0,-46.0
1776886150.8331027,1.0,0.0,-39.0
1776886150.8431027,2.0,4.0,-34.0
1776886150.8531027,3.0,2.0,-33.0
1776886150.863103,1.0,1.0,-38.0
1776886150.873103,5.0,1.0,-45.0
1776886150.883103,6.0,3.0,-44.0
1776886150.8931026,1.0,0.0,-43.0
1776886150.9031026,2.0,0.0,-41.0
1776886150.9131026,4.0,-2.0,-34.0
1776886150.9231029,4.0,-7.0,-44.0
1776886150.9331028,8.0,-2.0,-50.0
1776886150.9431028,6.0,-3.0,-47.0
1776886150.9531028,9.0,-1.0,-42.0
1776886150.9631028,8.0,0.0,-43.0
1776886150.9731028,2.0,1.0,-47.0
1776886150.9831028,0.0,0.0,-47.0
1776886150.9931028,4.0,1.0,-45.0
1776886151.0031028,0.0,-4.0,-43.0
1776886151.0131028,-1.0,-5.0,-43.0
1776886151.0231028,-1.0,-4.0,-43.0
1776886151.0331028,-1.0,0.0,-40.0
1776886151.0431027,0.0,-1.0,-32.0
1776886151.0531027,0.0,1.0,-31.0
1776886151.0631027,3.0,1.0,-34.0
1776886151.0731027,0.0,-3.0,-30.0
1776886151.0831027,0.0,-6.0,-29.0
1776886151.0931027,-5.0,-3.0,-31.0
1776886151.1031027,-9.0,-2.0,-35.0
1776886151.113103,-10.0,-3.0,-40.0
1776886151.123103,-9.0,-3.0,-46.0
1776886151.133103,-8.0,-2.0,-46.0
1776886151.1431026,-6.0,-4.0,-44.0
1776886151.1531026,-3.0,-3.0,-46.0
1776886151.1631026,-4.0,-5.0,-44.0
1776886151.1731029,-1.0,-7.0,-46.0
1776886151.1831028,0.0,-5.0,-49.0
1776886151.1931028,-1.0,-8.0,-48.0
1776886151.2031028,-2.0,-9.0,-44.0
1776886151.2131028,-3.0,-3.0,-47.0
1776886151.2231028,-6.0,-1.0,-43.0
1776886151.2331028,-7.0,-5.0,-36.0
1776886151.2431028,-7.0,0.0,-34.0
1776886151.2531028,-8.0,-1.0,-36.0
1776886151.2631028,-1.0,0.0,-36.0
1776886151.2731028,0.0,0.0,-35.0
1776886151.2831028,2.0,-1.0,-40.0
1776886151.2931027,0.0,1.0,-41.0
1776886151.3031027,-3.0,2.0,-42.0
1776886151.3131027,-5.0,0.0,-37.0
1776886151.3231027,0.0,-2.0,-36.0
1776886151.3331027,-2.0,-3.0,-31.0
1776886151.3431027,-4.0,0.0,-26.0
1776886151.3531027,-1.0,-2.0,-30.0
1776886151.363103,0.0,-6.0,-34.0
1776886151.373103,-1.0,-8.0,-42.0
1776886151.383103,0.0,-7.0,-39.0
1776886151.3931026,-2.0,-3.0,-32.0
1776886151.4031026,-7.0,-2.0,-34.0
1776886151.4131026,-4.0,-1.0,-35.0
1776886151.4231029,-3.0,-2.0,-36.0
1776886151.4331028,-3.0,-3.0,-37.0
1776886151.4431028,-1.0,-2.0,-30.0
1776886151.4531028,0.0,0.0,-28.0
1776886151.4631028,1.0,-4.0,-29.0
1776886151.4731028,-1.0,-7.0,-32.0
1776886151.4831028,0.0,-12.0,-39.0
1776886151.4931028,-1.0,-10.0,-41.0
1776886151.5031028,0.0,-10.0,-36.0
1776886151.5131028,4.0,-5.0,-35.0
1776886151.5231028,5.0,-4.0,-38.0
1776886151.5331028,7.0,-6.0,-38.0
1776886151.5431027,7.0,-9.0,-37.0
1776886151.5531027,6.0,-7.0,-35.0
1776886151.5631027,6.0,-6.0,-32.0
1776886151.5731027,8.0,-6.0,-27.0
1776886151.5831027,6.0,-6.0,-29.0
1776886151.5931027,4.0,-3.0,-34.0
1776886151.6031027,6.0,-5.0,-42.0
1776886151.613103,1.0,0.0,-36.0
1776886151.623103,3.0,-1.0,-36.0
1776886151.633103,4.0,-1.0,-34.0
1776886151.6431026,-1.0,-2.0,-39.0
1776886151.6531026,0.0,-5.0,-46.0
1776886151.6631026,3.0,-1.0,-46.0
1776886151.6731029,0.0,0.0,-46.0
1776886151.6831028,0.0,-1.0,-42.0
1776886151.6931028,1.0,-3.0,-37.0
1776886151.7031028,2.0,-3.0,-42.0
1776886151.7131028,2.0,-2.0,-39.0
1776886151.7231028,-2.0,-3.0,-38.0
1776886151.7331028,0.0,-7.0,-37.0
1776886151.7431028,3.0,-5.0,-36.0
1776886151.7531028,2.0,-3.0,-37.0
1776886151.7631028,-2.0,0.0,-41.0
1776886151.7731028,-1.0,3.0,-43.0
1776886151.7831028,-1.0,3.0,-35.0
1776886151.7931027,3.0,0.0,-26.0
1776886151.8031027,1.0,-1.0,-19.0
1776886151.8131027,2.0,0.0,-30.0
1776886151.8231027,-1.0,0.0,-33.0
1776886151.8331027,-5.0,-1.0,-36.0
1776886151.8431027,-3.0,-2.0,-41.0
1776886151.8531027,-4.0,-8.0,-37.0
1776886151.863103,-5.0,-9.0,-34.0
1776886151.873103,-3.0,-7.0,-39.0
1776886151.883103,0.0,-5.0,-40.0
1776886151.8931026,0.0,2.0,-43.0
1776886151.9031026,0.0,2.0,-48.0
1776886151.9131026,2.0,0.0,-48.0
1776886151.9231029,4.0,-1.0,-46.0
1776886151.9331028,4.0,-3.0,-45.0
1776886151.9431028,4.0,-1.0,-41.0
1776886151.9531028,4.0,0.0,-43.0
1776886151.9631028,4.0,-1.0,-47.0
1776886151.9731028,2.0,0.0,-50.0
1776886151.9831028,-1.0,1.0,-51.0
1776886151.9931028,0.0,0.0,-48.0
1776886152.0031028,0.0,-3.0,-48.0
1776886152.0131028,0.0,-6.0,-43.0
1776886152.0231028,4.0,-7.0,-42.0
1776886152.0331028,6.0,-7.0,-40.0
1776886152.0431027,1.0,-5.0,-36.0
1776886152.0531027,2.0,-5.0,-39.0
1776886152.0631027,2.0,-4.0,-41.0
1776886152.0731027,3.0,-2.0,-42.0
1776886152.0831027,2.0,1.0,-41.0
1776886152.0931027,-4.0,0.0,-36.0
1776886152.1031027,-3.0,2.0,-39.0
1776886152.113103,-2.0,-2.0,-41.0
1776886152.1241028,-3.0,0.0,-46.0
1776886152.1341028,-5.0,-4.0,-54.0
1776886152.1441028,-3.0,-5.0,-56.0
1776886152.1531026,2.0,-4.0,-56.0
1776886152.1641028,4.0,-2.0,-59.0
1776886152.1741028,3.0,-4.0,-57.0
1776886152.1841028,3.0,-8.0,-51.0
1776886152.1941028,-2.0,-6.0,-41.0
1776886152.2041028,0.0,-8.0,-46.0
1776886152.2141027,0.0,-9.0,-44.0
1776886152.2241027,1.0,-11.0,-40.0
1776886152.2341027,3.0,-9.0,-37.0
1776886152.2441027,2.0,-12.0,-33.0
1776886152.2541027,1.0,-9.0,-25.0
1776886152.2641027,4.0,-6.0,-25.0
1776886152.2741027,4.0,-5.0,-32.0
1776886152.284103,0.0,-6.0,-34.0
1776886152.294103,-3.0,-11.0,-32.0
1776886152.304103,2.0,-6.0,-31.0
1776886152.3141026,0.0,-6.0,-32.0
1776886152.3241026,0.0,-2.0,-39.0
1776886152.3341026,1.0,-4.0,-44.0
1776886152.3441026,-1.0,-5.0,-44.0
1776886152.3541028,1.0,-4.0,-45.0
1776886152.3641028,-1.0,-3.0,-40.0
1776886152.3741028,0.0,-4.0,-36.0
1776886152.3841028,4.0,-4.0,-32.0
1776886152.3941028,6.0,-2.0,-30.0
1776886152.4041028,8.0,0.0,-33.0
1776886152.4141028,2.0,-3.0,-41.0
1776886152.4241028,-2.0,-3.0,-38.0
1776886152.4341028,-6.0,-3.0,-40.0
1776886152.4441028,-8.0,0.0,-43.0
1776886152.4541028,-2.0,-4.0,-47.0
1776886152.4641027,0.0,-1.0,-49.0
1776886152.4741027,3.0,2.0,-43.0
1776886152.4841027,2.0,0.0,-38.0
1776886152.4941027,0.0,2.0,-35.0
1776886152.5041027,0.0,0.0,-29.0
1776886152.5141027,-4.0,0.0,-31.0
1776886152.5241027,-3.0,-1.0,-38.0
1776886152.5351028,-2.0,-2.0,-38.0
1776886152.544103,-3.0,-2.0,-39.0
1776886152.554103,-3.0,-1.0,-37.0
1776886152.5641026,-8.0,-1.0,-31.0
1776886152.5741026,-7.0,0.0,-31.0
1776886152.5841026,-8.0,2.0,-30.0
1776886152.5941026,-4.0,0.0,-27.0
1776886152.6041028,-4.0,-1.0,-33.0
1776886152.6141028,-5.0,0.0,-27.0
1776886152.6241028,-3.0,-4.0,-31.0
1776886152.6341028,-2.0,-5.0,-26.0
1776886152.6441028,-1.0,-4.0,-31.0
1776886152.6541028,-2.0,-4.0,-32.0
1776886152.6641028,0.0,-8.0,-34.0
1776886152.6741028,3.0,-8.0,-34.0
1776886152.6841028,3.0,-3.0,-33.0
1776886152.6941028,3.0,-1.0,-36.0
1776886152.7041028,4.0,-3.0,-33.0
1776886152.7141027,-1.0,-6.0,-28.0
1776886152.7241027,0.0,-7.0,-29.0
1776886152.7341027,0.0,-5.0,-36.0
1776886152.7441027,-2.0,-3.0,-40.0
1776886152.7541027,-1.0,-4.0,-39.0
1776886152.7641027,3.0,-3.0,-37.0
1776886152.7741027,3.0,-1.0,-35.0
1776886152.784103,0.0,-5.0,-38.0
1776886152.794103,0.0,-4.0,-41.0
1776886152.804103,-3.0,-2.0,-40.0
1776886152.8141026,-2.0,0.0,-35.0
1776886152.8241026,-5.0,-2.0,-38.0
1776886152.8341026,-3.0,-3.0,-38.0
1776886152.8441026,-4.0,-3.0,-42.0
1776886152.8541028,-4.0,0.0,-34.0
1776886152.8641028,0.0,-4.0,-35.0
1776886152.8741028,1.0,-4.0,-35.0
1776886152.8841028,2.0,-6.0,-33.0
1776886152.8941028,0.0,-4.0,-35.0
1776886152.9041028,0.0,0.0,-27.0
1776886152.9141028,-1.0,0.0,-26.0
1776886152.9241028,-1.0,6.0,-27.0
1776886152.9341028,1.0,1.0,-27.0
1776886152.9441028,-1.0,0.0,-30.0
1776886152.9541028,-2.0,1.0,-31.0
1776886152.9641027,-2.0,0.0,-30.0
1776886152.9741027,-4.0,-3.0,-33.0
1776886152.9841027,-1.0,-4.0,-45.0
1776886152.9941027,-3.0,-3.0,-47.0
1776886153.0041027,-3.0,-2.0,-44.0
1776886153.0141027,-6.0,0.0,-45.0
1776886153.0241027,-3.0,-1.0,-40.0
1776886153.034103,0.0,0.0,-42.0
1776886153.044103,3.0,0.0,-41.0
1776886153.054103,4.0,-7.0,-47.0
1776886153.0641026,8.0,-10.0,-49.0
1776886153.0741026,5.0,-7.0,-52.0
1776886153.0841026,6.0,-5.0,-45.0
1776886153.0941026,4.0,-3.0,-43.0
1776886153.1041028,3.0,-1.0,-49.0
1776886153.1141028,3.0,0.0,-42.0
1776886153.1241028,1.0,0.0,-44.0
1776886153.1341028,2.0,0.0,-42.0
1776886153.1441028,2.0,-5.0,-38.0
1776886153.1541028,3.0,-5.0,-39.0
1776886153.1641028,4.0,-2.0,-50.0
1776886153.1741028,5.0,2.0,-54.0
1776886153.1841028,5.0,-3.0,-48.0
1776886153.1941028,-1.0,-9.0,-46.0
1776886153.2041028,-2.0,-11.0,-46.0
1776886153.2141027,-2.0,-8.0,-53.0
1776886153.2241027,-1.0,-9.0,-46.0
1776886153.2341027,2.0,-6.0,-40.0
1776886153.2441027,4.0,-3.0,-35.0
1776886153.2541027,4.0,-4.0,-36.0
1776886153.2641027,5.0,-2.0,-33.0
1776886153.2741027,4.0,-2.0,-30.0
1776886153.284103,3.0,-4.0,-35.0
1776886153.294103,3.0,-8.0,-29.0
1776886153.304103,2.0,-7.0,-33.0
1776886153.3141026,0.0,-7.0,-36.0
1776886153.3241026,-4.0,-6.0,-34.0
1776886153.3341026,-3.0,-2.0,-39.0
1776886153.3441026,2.0,-2.0,-37.0
1776886153.3541028,3.0,1.0,-36.0
1776886153.3641028,3.0,3.0,-35.0
1776886153.3741028,5.0,0.0,-39.0
1776886153.3841028,2.0,1.0,-43.0
1776886153.3941028,0.0,1.0,-49.0
1776886153.4041028,1.0,-2.0,-50.0
1776886153.4141028,-3.0,-1.0,-48.0
1776886153.4241028,-1.0,-5.0,-51.0
1776886153.4341028,-7.0,-6.0,-53.0
1776886153.4441028,-3.0,-4.0,-52.0
1776886153.4541028,-3.0,-3.0,-49.0
1776886153.4641027,-3.0,0.0,-54.0
1776886153.4741027,-4.0,0.0,-52.0
1776886153.4841027,-2.0,0.0,-46.0
1776886153.4941027,1.0,0.0,-47.0
1776886153.5041027,7.0,1.0,-44.0
1776886153.5141027,5.0,2.0,-39.0
1776886153.5241027,4.0,2.0,-41.0
1776886153.534103,5.0,-1.0,-35.0
1776886153.544103,5.0,-2.0,-27.0
1776886153.554103,4.0,2.0,-29.0
1776886153.5651028,1.0,3.0,-31.0
1776886153.5741026,5.0,0.0,-37.0
1776886153.5841026,6.0,-4.0,-36.0
1776886153.5941026,5.0,-2.0,-46.0
1776886153.6041028,6.0,0.0,-55.0
1776886153.6141028,3.0,1.0,-54.0
1776886153.6241028,6.0,-2.0,-56.0
1776886153.6341028,4.0,0.0,-49.0
1776886153.6441028,5.0,0.0,-43.0
1776886153.6541028,6.0,-2.0,-42.0
1776886153.6641028,10.0,-4.0,-38.0
1776886153.6741028,8.0,-9.0,-38.0
1776886153.6841028,3.0,-9.0,-42.0
1776886153.6941028,3.0,-7.0,-46.0
1776886153.7041028,7.0,-5.0,-45.0
1776886153.7141027,8.0,-4.0,-48.0
1776886153.7241027,6.0,-2.0,-46.0
1776886153.7341027,6.0,-2.0,-42.0
1776886153.7441027,4.0,-3.0,-43.0
1776886153.7541027,5.0,-3.0,-42.0
1776886153.7641027,2.0,1.0,-41.0
1776886153.7741027,0.0,1.0,-42.0
1776886153.784103,-1.0,0.0,-35.0
1776886153.794103,2.0,0.0,-35.0
1776886153.804103,1.0,-4.0,-33.0
1776886153.8141026,4.0,0.0,-27.0
1776886153.8241026,6.0,-1.0,-27.0
1776886153.8341026,4.0,0.0,-30.0
1776886153.8441026,7.0,-5.0,-29.0
1776886153.8541028,5.0,-4.0,-32.0
1776886153.8641028,3.0,-3.0,-32.0
1776886153.8741028,1.0,-5.0,-32.0
1776886153.8841028,4.0,-4.0,-31.0
1776886153.8941028,2.0,-1.0,-25.0
1776886153.9041028,0.0,-3.0,-26.0
1776886153.9141028,-2.0,-2.0,-28.0
1776886153.9241028,0.0,0.0,-34.0
1776886153.9341028,2.0,3.0,-39.0
1776886153.9451027,-1.0,2.0,-32.0
1776886153.9541028,-2.0,6.0,-27.0
1776886153.9641027,-1.0,6.0,-22.0
1776886153.9741027,0.0,5.0,-26.0
1776886153.9841027,0.0,1.0,-31.0
1776886153.9941027,1.0,2.0,-41.0
1776886154.0041027,-4.0,4.0,-42.0
1776886154.0141027,-1.0,4.0,-38.0
1776886154.0241027,-5.0,1.0,-34.0
1776886154.034103,0.0,-1.0,-33.0
1776886154.044103,-1.0,1.0,-33.0
1776886154.054103,-1.0,0.0,-34.0
1776886154.0641026,-2.0,1.0,-35.0
1776886154.0741026,0.0,3.0,-39.0
1776886154.0841026,0.0,-2.0,-41.0
1776886154.0941026,1.0,-8.0,-28.0
1776886154.1041028,2.0,-4.0,-24.0
1776886154.1141028,0.0,-3.0,-31.0
1776886154.1241028,-1.0,0.0,-38.0
1776886154.1341028,-2.0,0.0,-39.0
1776886154.1441028,-4.0,3.0,-35.0
1776886154.1541028,-3.0,3.0,-33.0
1776886154.1651027,0.0,2.0,-34.0
1776886154.1751027,0.0,4.0,-36.0
1776886154.1851027,1.0,0.0,-39.0
1776886154.1951027,1.0,-1.0,-41.0
1776886154.2051027,7.0,-2.0,-41.0
1776886154.215103,5.0,-4.0,-41.0
1776886154.225103,5.0,-2.0,-39.0
1776886154.235103,0.0,5.0,-39.0
1776886154.2451026,0.0,3.0,-37.0
1776886154.2551026,0.0,-3.0,-40.0
1776886154.2651026,-1.0,-2.0,-41.0
1776886154.2751029,-1.0,2.0,-42.0
1776886154.2851028,0.0,2.0,-36.0
1776886154.2951028,2.0,-2.0,-32.0
1776886154.3051028,2.0,-4.0,-28.0
1776886154.3151028,1.0,-3.0,-28.0
1776886154.3251028,-1.0,-4.0,-28.0
1776886154.3351028,0.0,-4.0,-27.0
1776886154.3451028,-1.0,1.0,-25.0
1776886154.3551028,-1.0,1.0,-29.0
1776886154.3651028,0.0,-2.0,-26.0
1776886154.3751028,6.0,-2.0,-27.0
1776886154.3851027,2.0,-2.0,-32.0
1776886154.3951027,-3.0,-1.0,-29.0
1776886154.4051027,-6.0,-3.0,-30.0
1776886154.4151027,-2.0,-2.0,-34.0
1776886154.4251027,0.0,0.0,-35.0
1776886154.4351027,-2.0,0.0,-42.0
1776886154.4451027,-1.0,-3.0,-48.0
1776886154.4551027,0.0,-3.0,-46.0
1776886154.465103,3.0,-3.0,-47.0
1776886154.475103,-1.0,-3.0,-47.0
1776886154.485103,0.0,-1.0,-39.0
1776886154.4951026,2.0,-1.0,-35.0
1776886154.5051026,10.0,0.0,-34.0
1776886154.5151026,9.0,-1.0,-37.0
1776886154.5251029,11.0,-1.0,-34.0
1776886154.5351028,6.0,-2.0,-32.0
1776886154.5451028,4.0,-6.0,-33.0
1776886154.5551028,5.0,-6.0,-34.0
1776886154.5651028,4.0,-1.0,-47.0
1776886154.5751028,4.0,-3.0,-45.0
1776886154.5851028,4.0,-5.0,-42.0
1776886154.5951028,6.0,-8.0,-41.0
1776886154.6051028,5.0,-5.0,-43.0
1776886154.6151028,3.0,-7.0,-39.0
1776886154.6251028,0.0,-8.0,-40.0
1776886154.6351027,0.0,-5.0,-37.0
1776886154.6451027,2.0,-4.0,-27.0
1776886154.6551027,1.0,-6.0,-30.0
1776886154.6651027,0.0,-7.0,-28.0
1776886154.6751027,0.0,-9.0,-36.0
1776886154.6851027,0.0,-9.0,-38.0
1776886154.6951027,0.0,-13.0,-40.0
1776886154.7051027,-4.0,-11.0,-30.0
1776886154.715103,0.0,-16.0,-27.0
1776886154.725103,1.0,-11.0,-23.0
1776886154.735103,1.0,-5.0,-23.0
1776886154.7451026,-1.0,-5.0,-30.0
1776886154.7551026,0.0,-1.0,-35.0
1776886154.7651026,1.0,1.0,-38.0
1776886154.7751029,-1.0,-1.0,-41.0
1776886154.7851028,-4.0,-2.0,-39.0
1776886154.7951028,-2.0,-1.0,-43.0
1776886154.8051028,0.0,-7.0,-46.0
1776886154.8151028,2.0,-14.0,-39.0
1776886154.8251028,1.0,-10.0,-42.0
1776886154.8351028,0.0,-8.0,-41.0
1776886154.8451028,-2.0,-7.0,-44.0
1776886154.8551028,-2.0,-5.0,-42.0
1776886154.8651028,0.0,-7.0,-47.0
1776886154.8751028,-2.0,-7.0,-46.0
1776886154.8851027,1.0,-7.0,-50.0
1776886154.8951027,6.0,-2.0,-46.0
1776886154.9051027,4.0,-3.0,-42.0
1776886154.9151027,4.0,0.0,-34.0
1776886154.9251027,0.0,4.0,-32.0
1776886154.9351027,0.0,2.0,-36.0
1776886154.9451027,3.0,0.0,-39.0
1776886154.9551027,8.0,1.0,-34.0
1776886154.965103,8.0,1.0,-32.0
1776886154.975103,6.0,0.0,-37.0
1776886154.985103,5.0,-2.0,-41.0
1776886154.9951026,4.0,-6.0,-44.0
1776886155.0051026,2.0,-9.0,-49.0
1776886155.0151026,-1.0,-11.0,-46.0
1776886155.0251029,-5.0,-13.0,-46.0
1776886155.0351028,0.0,-10.0,-37.0
1776886155.0451028,-2.0,-6.0,-39.0
1776886155.0551028,-6.0,-2.0,-35.0
1776886155.0651028,-3.0,0.0,-38.0
1776886155.0751028,-3.0,0.0,-44.0
1776886155.0851028,-1.0,-2.0,-47.0
1776886155.0951028,-2.0,-1.0,-46.0
1776886155.1051028,-3.0,-3.0,-47.0
1776886155.1151028,-2.0,-5.0,-50.0
1776886155.1251028,3.0,-6.0,-55.0
1776886155.1351027,3.0,-6.0,-48.0
1776886155.1451027,0.0,-3.0,-41.0
1776886155.1551027,1.0,-4.0,-46.0
1776886155.1651027,4.0,-4.0,-48.0
1776886155.1751027,2.0,-4.0,-46.0
1776886155.1851027,0.0,-2.0,-40.0
1776886155.1951027,-3.0,-4.0,-39.0
1776886155.2051027,-1.0,-1.0,-30.0
1776886155.215103,0.0,-2.0,-31.0
1776886155.225103,0.0,-1.0,-35.0
1776886155.235103,2.0,0.0,-38.0
1776886155.2451026,2.0,1.0,-41.0
1776886155.2551026,-1.0,0.0,-43.0
1776886155.2651026,0.0,2.0,-43.0
1776886155.2751029,0.0,2.0,-41.0
1776886155.2851028,2.0,1.0,-37.0
1776886155.2951028,2.0,0.0,-35.0
1776886155.3051028,2.0,1.0,-35.0
1776886155.3151028,5.0,0.0,-30.0
1776886155.3251028,5.0,1.0,-29.0
1776886155.3351028,7.0,2.0,-33.0
1776886155.3451028,7.0,4.0,-32.0
1776886155.3551028,10.0,6.0,-35.0
1776886155.3651028,9.0,4.0,-36.0
1776886155.3751028,5.0,3.0,-39.0
1776886155.3851027,4.0,0.0,-42.0
1776886155.3951027,0.0,-4.0,-45.0
1776886155.4051027,0.0,-4.0,-48.0
1776886155.4151027,0.0,-1.0,-48.0
1776886155.4251027,-2.0,2.0,-49.0
1776886155.4351027,0.0,0.0,-49.0
1776886155.4451027,-1.0,-1.0,-43.0
1776886155.4551027,-2.0,0.0,-39.0
1776886155.465103,-4.0,-3.0,-40.0
1776886155.475103,-3.0,-6.0,-41.0
1776886155.485103,-1.0,-6.0,-47.0
1776886155.4951026,-7.0,-6.0,-48.0
1776886155.5051026,-7.0,-8.0,-49.0
1776886155.5151026,-5.0,-7.0,-47.0
1776886155.5251029,-1.0,-8.0,-48.0
1776886155.5351028,0.0,-5.0,-46.0
1776886155.5451028,0.0,-7.0,-42.0
1776886155.5551028,5.0,-4.0,-36.0
1776886155.5651028,1.0,-6.0,-38.0
1776886155.5751028,5.0,-6.0,-36.0
1776886155.5851028,3.0,-6.0,-38.0
1776886155.5951028,2.0,-4.0,-45.0
1776886155.6051028,-1.0,-3.0,-46.0
1776886155.6151028,-4.0,0.0,-42.0
1776886155.6251028,-3.0,0.0,-38.0
1776886155.6351027,1.0,3.0,-36.0
1776886155.6451027,4.0,2.0,-40.0
1776886155.6551027,0.0,1.0,-41.0
1776886155.6651027,1.0,0.0,-46.0
1776886155.6751027,1.0,-1.0,-39.0
1776886155.6851027,2.0,-2.0,-36.0
1776886155.6951027,0.0,-3.0,-35.0
1776886155.7051027,1.0,-2.0,-37.0
1776886155.715103,0.0,-1.0,-38.0
1776886155.725103,2.0,-4.0,-41.0
1776886155.735103,1.0,-3.0,-39.0
1776886155.7451026,1.0,-4.0,-36.0
1776886155.7551026,0.0,0.0,-34.0
1776886155.7651026,3.0,0.0,-33.0
1776886155.7751029,1.0,0.0,-32.0
1776886155.7851028,2.0,-1.0,-38.0
1776886155.7951028,-3.0,-1.0,-38.0
1776886155.8051028,-2.0,0.0,-38.0
1776886155.8151028,-3.0,-1.0,-36.0
1776886155.8251028,-3.0,-1.0,-44.0
1776886155.8351028,-5.0,0.0,-40.0
1776886155.8451028,-4.0,-1.0,-34.0
1776886155.8551028,-2.0,-1.0,-32.0
1776886155.8651028,-3.0,0.0,-37.0
1776886155.8751028,0.0,2.0,-36.0
1776886155.8851027,5.0,1.0,-31.0
1776886155.8951027,7.0,-5.0,-28.0
1776886155.9051027,4.0,-7.0,-28.0
1776886155.9151027,5.0,-2.0,-34.0
1776886155.9251027,5.0,-3.0,-33.0
1776886155.9351027,-1.0,0.0,-34.0
1776886155.9451027,0.0,1.0,-36.0
1776886155.9551027,-1.0,-1.0,-33.0
1776886155.965103,-2.0,0.0,-30.0
1776886155.975103,2.0,-2.0,-33.0
1776886155.985103,0.0,-6.0,-35.0
1776886155.9951026,3.0,-4.0,-34.0
1776886156.0051026,10.0,-6.0,-35.0
1776886156.0151026,6.0,-4.0,-36.0
1776886156.0251029,4.0,-1.0,-28.0
1776886156.0351028,-1.0,-2.0,-29.0
1776886156.0451028,-3.0,-5.0,-33.0
1776886156.0551028,0.0,-5.0,-34.0
1776886156.0651028,0.0,-5.0,-33.0
1776886156.0751028,0.0,-5.0,-40.0
1776886156.0851028,-2.0,-2.0,-37.0
1776886156.0951028,-1.0,-1.0,-35.0
1776886156.1051028,1.0,2.0,-29.0
1776886156.1151028,-1.0,5.0,-37.0
1776886156.1251028,-6.0,0.0,-36.0
1776886156.1351027,-4.0,3.0,-43.0
1776886156.146103,-4.0,2.0,-51.0
1776886156.1551027,-1.0,0.0,-42.0
1776886156.1651027,1.0,-1.0,-43.0
1776886156.1761026,6.0,-4.0,-39.0
1776886156.1861026,5.0,-5.0,-41.0
1776886156.1961029,0.0,-1.0,-40.0
1776886156.2061028,0.0,-1.0,-45.0
1776886156.2161028,2.0,0.0,-46.0
1776886156.2261028,0.0,0.0,-46.0
1776886156.2361028,-1.0,0.0,-41.0
1776886156.2461028,-4.0,0.0,-41.0
1776886156.2561028,-4.0,0.0,-41.0
1776886156.2661028,0.0,0.0,-47.0
1776886156.2761028,2.0,-2.0,-47.0
1776886156.2861028,2.0,0.0,-39.0
1776886156.2961028,1.0,1.0,-36.0
1776886156.3061028,3.0,-1.0,-40.0
1776886156.3161027,0.0,-1.0,-47.0
1776886156.3261027,2.0,2.0,-43.0
1776886156.3361027,5.0,1.0,-37.0
1776886156.3461027,1.0,0.0,-41.0
1776886156.3561027,2.0,0.0,-42.0
1776886156.3661027,4.0,-3.0,-44.0
1776886156.3761027,3.0,-6.0,-36.0
1776886156.386103,4.0,-11.0,-35.0
1776886156.396103,4.0,-9.0,-38.0
1776886156.406103,5.0,-7.0,-40.0
1776886156.4161026,8.0,-7.0,-41.0
1776886156.4261026,10.0,-9.0,-42.0
1776886156.4361026,4.0,-6.0,-39.0
1776886156.4461029,2.0,-4.0,-36.0
1776886156.4561028,-2.0,-6.0,-42.0
1776886156.4661028,-8.0,-3.0,-43.0
1776886156.4761028,0.0,-5.0,-43.0
1776886156.4861028,-2.0,-2.0,-36.0
1776886156.4961028,1.0,0.0,-27.0
1776886156.5061028,1.0,0.0,-23.0
1776886156.5161028,-3.0,-4.0,-31.0
1776886156.5261028,-6.0,-5.0,-33.0
1776886156.5361028,-8.0,-4.0,-35.0
1776886156.5461028,-10.0,-3.0,-38.0
1776886156.5561028,-7.0,-4.0,-33.0
1776886156.5661027,-5.0,-3.0,-32.0
1776886156.5761027,-8.0,-5.0,-33.0
1776886156.5861027,-10.0,-1.0,-31.0
1776886156.5961027,-11.0,1.0,-34.0
1776886156.6061027,-7.0,0.0,-36.0
1776886156.6161027,2.0,-3.0,-36.0
1776886156.6261027,7.0,-4.0,-40.0
1776886156.636103,7.0,-4.0,-45.0
1776886156.646103,11.0,-7.0,-46.0
1776886156.656103,12.0,-4.0,-37.0
1776886156.6661026,9.0,-3.0,-37.0
1776886156.6761026,10.0,0.0,-33.0
1776886156.6861026,4.0,0.0,-32.0
1776886156.6961029,3.0,0.0,-32.0
1776886156.7061028,4.0,0.0,-31.0
1776886156.7161028,2.0,-1.0,-32.0
1776886156.7261028,3.0,-2.0,-34.0
1776886156.7361028,4.0,-5.0,-33.0
1776886156.7461028,0.0,-5.0,-33.0
1776886156.7561028,-1.0,-3.0,-41.0
1776886156.7661028,5.0,-5.0,-43.0
1776886156.7761028,0.0,-4.0,-33.0
1776886156.7861028,-4.0,-8.0,-40.0
1776886156.7961028,-5.0,-3.0,-44.0
1776886156.8061028,-7.0,-5.0,-40.0
1776886156.8161027,-7.0,-5.0,-44.0
1776886156.8261027,-1.0,-2.0,-43.0
1776886156.8361027,-3.0,2.0,-38.0
1776886156.8461027,0.0,-3.0,-35.0
1776886156.8561027,0.0,-4.0,-38.0
1776886156.8661027,-4.0,-1.0,-40.0
1776886156.8761027,-2.0,0.0,-40.0
1776886156.886103,-2.0,0.0,-39.0
1776886156.896103,-3.0,-6.0,-42.0
1776886156.906103,-3.0,-5.0,-47.0
1776886156.9161026,-2.0,0.0,-49.0
1776886156.9261026,-4.0,0.0,-46.0
1776886156.9361026,-2.0,-4.0,-42.0
1776886156.9461029,0.0,1.0,-41.0
1776886156.9561028,1.0,2.0,-44.0
1776886156.9661028,1.0,2.0,-47.0
1776886156.9761028,0.0,0.0,-37.0
1776886156.9861028,-2.0,1.0,-32.0
1776886156.9961028,-1.0,0.0,-29.0
1776886157.0061028,0.0,-4.0,-29.0
1776886157.0161028,0.0,-2.0,-30.0
1776886157.0261028,-2.0,-4.0,-32.0
1776886157.0361028,-6.0,-7.0,-37.0
1776886157.0461028,1.0,-10.0,-38.0
1776886157.0561028,2.0,-10.0,-37.0
1776886157.0661027,0.0,-7.0,-38.0
1776886157.0761027,-4.0,-7.0,-42.0
1776886157.0861027,-2.0,-12.0,-34.0
1776886157.0961027,-6.0,-11.0,-34.0
1776886157.1061027,-5.0,-9.0,-37.0
1776886157.1161027,-10.0,-6.0,-32.0
1776886157.1261027,-7.0,-5.0,-32.0
1776886157.136103,-5.0,0.0,-35.0
1776886157.146103,-1.0,1.0,-33.0
1776886157.156103,-1.0,2.0,-31.0
1776886157.1661026,1.0,2.0,-35.0
1776886157.1761026,5.0,0.0,-38.0
1776886157.1861026,6.0,-1.0,-34.0
1776886157.1961029,6.0,-4.0,-39.0
1776886157.2061028,8.0,-2.0,-40.0
1776886157.2161028,5.0,-3.0,-39.0
1776886157.2261028,2.0,-6.0,-38.0
1776886157.2361028,8.0,-6.0,-39.0
1776886157.2461028,3.0,-4.0,-39.0
1776886157.2561028,9.0,-6.0,-40.0
1776886157.2661028,7.0,0.0,-39.0
1776886157.2761028,4.0,5.0,-38.0
1776886157.2861028,6.0,5.0,-34.0
1776886157.2961028,7.0,4.0,-30.0
1776886157.3061028,2.0,-1.0,-30.0
1776886157.3161027,0.0,0.0,-29.0
1776886157.3261027,-2.0,0.0,-33.0
1776886157.3361027,-2.0,0.0,-35.0
1776886157.3461027,-4.0,-2.0,-33.0
1776886157.3561027,-5.0,-4.0,-40.0
1776886157.3661027,0.0,-5.0,-38.0
1776886157.3761027,-2.0,-9.0,-38.0
1776886157.386103,-5.0,-7.0,-41.0
1776886157.396103,-4.0,-9.0,-38.0
1776886157.406103,-4.0,-7.0,-37.0
1776886157.4161026,0.0,-5.0,-41.0
1776886157.4261026,2.0,-1.0,-42.0
1776886157.4361026,6.0,0.0,-39.0
1776886157.4461029,8.0,0.0,-28.0
1776886157.4561028,6.0,-3.0,-29.0
1776886157.4661028,5.0,-1.0,-27.0
1776886157.4761028,3.0,-3.0,-31.0
1776886157.4861028,1.0,-7.0,-36.0
1776886157.4961028,3.0,-6.0,-40.0
1776886157.5061028,4.0,-4.0,-47.0
1776886157.5161028,2.0,-4.0,-41.0
1776886157.5261028,2.0,-4.0,-31.0
1776886157.5361028,0.0,-5.0,-33.0
1776886157.5461028,-2.0,-5.0,-33.0
1776886157.5561028,-6.0,-3.0,-23.0
1776886157.5661027,0.0,-2.0,-25.0
1776886157.5761027,-1.0,-1.0,-28.0
1776886157.5861027,-2.0,-4.0,-26.0
1776886157.5961027,-4.0,-7.0,-28.0
1776886157.6061027,1.0,-5.0,-29.0
1776886157.6161027,1.0,-4.0,-28.0
1776886157.6261027,4.0,-2.0,-33.0
1776886157.636103,5.0,0.0,-39.0
1776886157.646103,0.0,0.0,-44.0
1776886157.656103,0.0,1.0,-46.0
1776886157.6661026,1.0,0.0,-45.0
1776886157.6761026,4.0,-2.0,-45.0
1776886157.6861026,4.0,-5.0,-49.0
1776886157.6961029,6.0,-6.0,-43.0
1776886157.7061028,9.0,-1.0,-40.0
1776886157.7161028,10.0,-6.0,-41.0
1776886157.7261028,7.0,-4.0,-45.0
1776886157.7361028,5.0,-5.0,-40.0
1776886157.7461028,6.0,-5.0,-39.0
1776886157.7561028,2.0,-5.0,-43.0
1776886157.7661028,1.0,-6.0,-44.0
1776886157.7761028,2.0,0.0,-45.0
1776886157.7861028,-1.0,2.0,-48.0
1776886157.7961028,0.0,4.0,-47.0
1776886157.8061028,2.0,3.0,-50.0
1776886157.8161027,0.0,2.0,-46.0
1776886157.8261027,-3.0,0.0,-45.0
1776886157.8361027,-5.0,-2.0,-39.0
1776886157.8461027,-5.0,-7.0,-39.0
1776886157.8561027,-7.0,-9.0,-36.0
1776886157.8661027,-5.0,-7.0,-34.0
1776886157.8761027,-9.0,-7.0,-33.0
1776886157.886103,-9.0,-6.0,-34.0
1776886157.896103,-9.0,-6.0,-33.0
1776886157.906103,-7.0,-2.0,-39.0
1776886157.9161026,-11.0,-5.0,-41.0
1776886157.9261026,-7.0,-3.0,-41.0
1776886157.9361026,-6.0,-3.0,-31.0
1776886157.9461029,-4.0,0.0,-37.0
1776886157.9561028,2.0,-1.0,-35.0
1776886157.9661028,5.0,0.0,-35.0
1776886157.9761028,4.0,-1.0,-37.0
1776886157.9861028,1.0,-5.0,-35.0
1776886157.9961028,3.0,-6.0,-28.0
1776886158.0061028,7.0,-1.0,-26.0
1776886158.0161028,7.0,-2.0,-32.0
1776886158.0261028,9.0,-5.0,-31.0
1776886158.0361028,9.0,-2.0,-28.0
1776886158.0461028,7.0,-5.0,-24.0
1776886158.0561028,8.0,-6.0,-28.0
1776886158.0661027,2.0,-6.0,-32.0
1776886158.0761027,5.0,-4.0,-27.0
1776886158.0861027,2.0,-3.0,-33.0
1776886158.0961027,2.0,-4.0,-37.0
1776886158.1061027,2.0,-4.0,-31.0
1776886158.1161027,3.0,-4.0,-35.0
1776886158.1261027,5.0,0.0,-43.0
1776886158.136103,3.0,3.0,-42.0
1776886158.1471028,5.0,1.0,-43.0
1776886158.1571028,-1.0,0.0,-42.0
1776886158.1671028,0.0,0.0,-43.0
1776886158.1771028,-1.0,0.0,-44.0
1776886158.1871028,-1.0,-2.0,-38.0
1776886158.1971028,0.0,-4.0,-33.0
1776886158.2071028,4.0,-4.0,-32.0
1776886158.2171028,1.0,-3.0,-36.0
1776886158.2271028,0.0,-7.0,-40.0
1776886158.2371027,2.0,-6.0,-44.0
1776886158.2471027,0.0,-5.0,-41.0
1776886158.2571027,-2.0,0.0,-43.0
1776886158.2671027,-3.0,-6.0,-50.0
1776886158.2771027,1.0,-3.0,-46.0
1776886158.2871027,2.0,3.0,-40.0
1776886158.2971027,10.0,2.0,-42.0
1776886158.307103,8.0,1.0,-40.0
1776886158.317103,6.0,0.0,-39.0
1776886158.327103,6.0,2.0,-40.0
1776886158.337103,5.0,2.0,-33.0
1776886158.3471026,1.0,-2.0,-34.0
1776886158.3571026,4.0,0.0,-32.0
1776886158.3671026,2.0,-2.0,-29.0
1776886158.3771029,2.0,-1.0,-33.0
1776886158.3871028,3.0,-4.0,-34.0
1776886158.3971028,0.0,-2.0,-36.0
1776886158.4071028,0.0,-7.0,-38.0
1776886158.4171028,0.0,-3.0,-33.0
1776886158.4271028,-1.0,-5.0,-34.0
1776886158.4371028,-4.0,-2.0,-33.0
1776886158.4471028,-3.0,-2.0,-34.0
1776886158.4571028,-2.0,-2.0,-33.0
1776886158.4671028,-1.0,0.0,-38.0
1776886158.4771028,-1.0,-2.0,-35.0
1776886158.4871027,0.0,-5.0,-36.0
1776886158.4971027,-2.0,-6.0,-39.0
1776886158.5071027,-1.0,-3.0,-30.0
1776886158.5171027,-2.0,-3.0,-34.0
1776886158.5271027,-5.0,-3.0,-34.0
1776886158.5371027,-7.0,-4.0,-37.0
1776886158.5471027,-4.0,-4.0,-30.0
1776886158.557103,-5.0,-5.0,-30.0
1776886158.567103,-4.0,-3.0,-31.0
1776886158.577103,-5.0,0.0,-30.0
1776886158.587103,-7.0,0.0,-33.0
1776886158.5971026,-4.0,1.0,-30.0
1776886158.6071026,-1.0,-2.0,-26.0
1776886158.6171026,-1.0,-1.0,-27.0
1776886158.6271029,-1.0,0.0,-28.0
1776886158.6371028,-3.0,-2.0,-24.0
1776886158.6471028,-2.0,-4.0,-25.0
1776886158.6571028,-2.0,-2.0,-26.0
1776886158.6671028,-1.0,-4.0,-36.0
1776886158.6771028,1.0,-5.0,-36.0
1776886158.6871028,-2.0,-5.0,-32.0
1776886158.6971028,-1.0,-4.0,-38.0
1776886158.7071028,2.0,-1.0,-40.0
1776886158.7171028,-1.0,3.0,-43.0
1776886158.7271028,-4.0,3.0,-44.0
1776886158.7371027,-7.0,0.0,-41.0
1776886158.7471027,-4.0,-2.0,-41.0
1776886158.758103,-8.0,-4.0,-48.0
1776886158.7671027,-10.0,-3.0,-49.0
1776886158.7771027,-6.0,-2.0,-45.0
1776886158.7871027,-4.0,-3.0,-48.0
1776886158.7971027,1.0,-2.0,-45.0
1776886158.807103,2.0,-2.0,-38.0
1776886158.817103,-1.0,0.0,-33.0
1776886158.827103,0.0,-1.0,-29.0
1776886158.837103,0.0,0.0,-33.0
1776886158.8471026,4.0,6.0,-31.0
1776886158.8571026,0.0,3.0,-32.0
1776886158.8671026,0.0,3.0,-29.0
1776886158.8771029,0.0,5.0,-28.0
1776886158.8871028,-4.0,2.0,-37.0
1776886158.8971028,-1.0,0.0,-38.0
1776886158.9071028,-2.0,-1.0,-36.0
1776886158.9171028,-4.0,0.0,-33.0
1776886158.9271028,-7.0,0.0,-34.0
1776886158.9371028,-7.0,0.0,-30.0
1776886158.9471028,-7.0,-4.0,-33.0
1776886158.9571028,-7.0,-3.0,-40.0
1776886158.9671028,-8.0,-4.0,-37.0
1776886158.9771028,-3.0,-2.0,-39.0
1776886158.9871027,0.0,1.0,-36.0
1776886158.9971027,2.0,-1.0,-36.0
1776886159.0071027,-1.0,-3.0,-43.0
1776886159.0171027,2.0,-6.0,-43.0
1776886159.0271027,0.0,-4.0,-41.0
1776886159.0371027,3.0,1.0,-36.0
1776886159.0471027,0.0,4.0,-43.0
1776886159.057103,-1.0,3.0,-40.0
1776886159.067103,0.0,3.0,-44.0
1776886159.077103,0.0,5.0,-43.0
1776886159.087103,2.0,2.0,-36.0
1776886159.0971026,0.0,5.0,-38.0
1776886159.1071026,2.0,3.0,-39.0
1776886159.1171026,4.0,2.0,-42.0
1776886159.1271029,1.0,4.0,-43.0
1776886159.1371028,0.0,4.0,-43.0
1776886159.1471028,0.0,7.0,-39.0
1776886159.1571028,2.0,6.0,-45.0
1776886159.1671028,3.0,3.0,-45.0
1776886159.1771028,5.0,4.0,-45.0
1776886159.1871028,1.0,0.0,-50.0
1776886159.1971028,2.0,-4.0,-46.0
1776886159.2071028,0.0,-7.0,-45.0
1776886159.2171028,2.0,-7.0,-36.0
1776886159.2271028,3.0,-7.0,-37.0
1776886159.2371027,2.0,-6.0,-44.0
1776886159.2471027,5.0,-7.0,-40.0
1776886159.2571027,6.0,-5.0,-35.0
1776886159.2671027,0.0,-2.0,-31.0
1776886159.2771027,0.0,-2.0,-28.0
1776886159.2871027,-6.0,-6.0,-40.0
1776886159.2971027,0.0,-3.0,-39.0
1776886159.307103,2.0,-2.0,-36.0
1776886159.317103,-1.0,0.0,-42.0
1776886159.327103,1.0,0.0,-49.0
1776886159.337103,2.0,3.0,-39.0
1776886159.3471026,-1.0,2.0,-43.0
1776886159.3571026,0.0,-4.0,-39.0
1776886159.3671026,1.0,-3.0,-39.0
1776886159.3771029,4.0,0.0,-37.0
1776886159.3871028,4.0,1.0,-43.0
1776886159.3971028,2.0,1.0,-42.0
1776886159.4071028,0.0,0.0,-47.0
1776886159.4171028,-3.0,-1.0,-44.0
1776886159.4271028,-4.0,-2.0,-38.0
1776886159.4371028,-5.0,0.0,-36.0
1776886159.4471028,-6.0,-3.0,-36.0
1776886159.4571028,-2.0,-6.0,-41.0
1776886159.4671028,3.0,-4.0,-48.0
1776886159.4771028,1.0,-4.0,-44.0
1776886159.4871027,3.0,0.0,-40.0
1776886159.4971027,-1.0,0.0,-36.0
1776886159.5071027,-1.0,-2.0,-31.0
1776886159.5171027,-3.0,-1.0,-32.0
1776886159.5271027,-3.0,0.0,-30.0
1776886159.5371027,0.0,1.0,-36.0
1776886159.5471027,2.0,2.0,-41.0
1776886159.557103,5.0,1.0,-45.0
1776886159.567103,3.0,2.0,-47.0
1776886159.577103,1.0,5.0,-48.0
1776886159.587103,1.0,3.0,-36.0
1776886159.5971026,0.0,0.0,-31.0
1776886159.6071026,1.0,-3.0,-33.0
1776886159.6171026,6.0,-5.0,-32.0
1776886159.6271029,8.0,-4.0,-35.0
1776886159.6371028,5.0,-3.0,-35.0
1776886159.6471028,5.0,-2.0,-36.0
1776886159.6571028,0.0,-9.0,-42.0
1776886159.6671028,3.0,-4.0,-46.0
1776886159.6771028,-2.0,-7.0,-44.0
1776886159.6871028,0.0,-4.0,-46.0
1776886159.6971028,3.0,-4.0,-48.0
1776886159.7071028,3.0,0.0,-43.0
1776886159.7171028,5.0,1.0,-41.0
1776886159.7271028,3.0,0.0,-41.0
1776886159.7371027,3.0,-3.0,-40.0
1776886159.7471027,0.0,-8.0,-39.0
1776886159.7571027,1.0,-7.0,-37.0
1776886159.7671027,-2.0,-7.0,-37.0
1776886159.7771027,-3.0,-3.0,-37.0
1776886159.7871027,-1.0,0.0,-34.0
1776886159.7971027,-1.0,-3.0,-31.0
1776886159.807103,-1.0,-5.0,-33.0
1776886159.817103,0.0,-5.0,-34.0
1776886159.827103,0.0,-8.0,-37.0
1776886159.837103,2.0,-5.0,-37.0
1776886159.8471026,3.0,-5.0,-45.0
1776886159.8571026,6.0,-6.0,-44.0
1776886159.8671026,2.0,-3.0,-42.0
1776886159.8771029,2.0,0.0,-42.0
1776886159.8871028,-4.0,-2.0,-42.0
1776886159.8971028,-4.0,-3.0,-39.0
1776886159.9071028,-3.0,-6.0,-41.0
1776886159.9171028,-1.0,-4.0,-47.0
1776886159.9271028,2.0,-7.0,-44.0
1776886159.9371028,-2.0,-3.0,-43.0
1776886159.9471028,-2.0,-4.0,-39.0
1776886159.9571028,0.0,0.0,-36.0
1776886159.9671028,-1.0,7.0,-35.0
1776886159.9771028,6.0,3.0,-35.0
1776886159.9871027,7.0,0.0,-42.0
1776886159.9971027,6.0,-2.0,-43.0
1776886160.0071027,3.0,-8.0,-44.0
1776886160.0171027,0.0,-4.0,-45.0
1776886160.0271027,-2.0,-1.0,-45.0
1776886160.0371027,1.0,0.0,-49.0
1776886160.0471027,7.0,0.0,-46.0
1776886160.057103,10.0,0.0,-46.0
1776886160.067103,6.0,-4.0,-40.0
1776886160.077103,3.0,-7.0,-42.0
1776886160.087103,7.0,-3.0,-38.0
1776886160.0971026,8.0,-1.0,-38.0
1776886160.1071026,10.0,-3.0,-37.0
1776886160.1171026,11.0,-2.0,-45.0
1776886160.1281028,12.0,-4.0,-40.0
1776886160.1371028,9.0,0.0,-46.0
1776886160.1481028,3.0,-1.0,-42.0
1776886160.1581028,1.0,0.0,-42.0
1776886160.1671028,-4.0,0.0,-40.0
1776886160.1781027,0.0,0.0,-37.0
1776886160.1881027,-4.0,0.0,-38.0
1776886160.1981027,-5.0,2.0,-37.0
1776886160.2081027,-3.0,0.0,-36.0
1776886160.2181027,-5.0,0.0,-32.0
1776886160.2281027,-2.0,1.0,-36.0
1776886160.238103,-4.0,4.0,-41.0
1776886160.248103,-7.0,1.0,-39.0
1776886160.258103,-6.0,-1.0,-37.0
1776886160.2681026,-7.0,0.0,-44.0
1776886160.2781026,-9.0,4.0,-44.0
1776886160.2881026,-10.0,2.0,-42.0
1776886160.2981029,-5.0,1.0,-43.0
1776886160.3081028,-2.0,1.0,-41.0
1776886160.3181028,-7.0,1.0,-42.0
1776886160.3281028,-4.0,0.0,-33.0
1776886160.3381028,-4.0,0.0,-37.0
1776886160.3481028,-6.0,0.0,-38.0
1776886160.3581028,-3.0,0.0,-34.0
1776886160.3681028,-4.0,1.0,-32.0
1776886160.3781028,0.0,0.0,-35.0
1776886160.3881028,3.0,0.0,-35.0
1776886160.3981028,3.0,-2.0,-33.0
1776886160.4081028,5.0,0.0,-33.0
1776886160.4181027,2.0,0.0,-33.0
1776886160.4281027,-1.0,-2.0,-46.0
1776886160.4381027,-2.0,-3.0,-50.0
1776886160.4481027,-2.0,-7.0,-50.0
1776886160.4581027,-5.0,-4.0,-46.0
1776886160.4681027,-8.0,-3.0,-46.0
1776886160.4781027,-9.0,0.0,-44.0
1776886160.488103,-10.0,-3.0,-39.0
1776886160.498103,-10.0,-3.0,-44.0
1776886160.508103,-5.0,-1.0,-43.0
1776886160.5181026,-3.0,3.0,-43.0
1776886160.5281026,-4.0,1.0,-45.0
1776886160.5381026,-7.0,0.0,-46.0
1776886160.5481029,-4.0,2.0,-38.0
1776886160.5581028,0.0,2.0,-37.0
1776886160.5681028,0.0,0.0,-37.0
1776886160.5781028,5.0,-1.0,-39.0
1776886160.5881028,7.0,-3.0,-37.0
1776886160.5981028,11.0,-8.0,-41.0
1776886160.6081028,5.0,-5.0,-46.0
1776886160.6181028,3.0,-4.0,-43.0
1776886160.6281028,2.0,-2.0,-47.0
1776886160.6381028,1.0,-5.0,-48.0
1776886160.6481028,-3.0,0.0,-44.0
1776886160.6581028,0.0,0.0,-37.0
1776886160.6681027,3.0,-6.0,-36.0
1776886160.6781027,3.0,-1.0,-36.0
1776886160.6881027,4.0,0.0,-40.0
1776886160.6981027,0.0,0.0,-39.0
1776886160.7081027,2.0,1.0,-42.0
1776886160.7181027,0.0,4.0,-42.0
1776886160.7281027,0.0,5.0,-41.0
1776886160.738103,3.0,9.0,-36.0
1776886160.748103,-3.0,6.0,-33.0
1776886160.758103,-5.0,7.0,-42.0
1776886160.7681026,-5.0,4.0,-43.0
1776886160.7781026,-5.0,3.0,-43.0
1776886160.7881026,-4.0,4.0,-42.0
1776886160.7981029,-4.0,4.0,-44.0
1776886160.8081028,-3.0,4.0,-46.0
1776886160.8181028,-6.0,0.0,-43.0
1776886160.8281028,-2.0,-5.0,-44.0
1776886160.8381028,-2.0,-6.0,-47.0
1776886160.8481028,0.0,-7.0,-41.0
1776886160.8581028,2.0,-8.0,-41.0
1776886160.8681028,2.0,-2.0,-37.0
1776886160.8781028,2.0,-5.0,-40.0
1776886160.8881028,0.0,-5.0,-41.0
1776886160.8981028,0.0,-4.0,-43.0
1776886160.9081028,-3.0,-2.0,-45.0
1776886160.9181027,-5.0,-4.0,-49.0
1776886160.9281027,0.0,-4.0,-50.0
1776886160.9381027,3.0,-1.0,-47.0
1776886160.9481027,-1.0,-4.0,-52.0
1776886160.9581027,1.0,-1.0,-54.0
1776886160.9681027,2.0,0.0,-45.0
1776886160.9781027,2.0,3.0,-38.0
1776886160.988103,-3.0,3.0,-38.0
1776886160.998103,-3.0,0.0,-40.0
1776886161.008103,-3.0,1.0,-37.0
1776886161.0181026,-1.0,0.0,-43.0
1776886161.0281026,-2.0,1.0,-43.0
1776886161.0381026,0.0,1.0,-40.0
1776886161.0481029,-1.0,1.0,-40.0
1776886161.0581028,3.0,2.0,-40.0
1776886161.0681028,5.0,0.0,-45.0
1776886161.0781028,0.0,-3.0,-47.0
1776886161.0881028,-2.0,-4.0,-49.0
1776886161.0981028,0.0,-5.0,-40.0
1776886161.1081028,2.0,-6.0,-40.0
1776886161.1181028,0.0,-5.0,-41.0
1776886161.1281028,0.0,-8.0,-39.0
1776886161.1381028,6.0,-8.0,-33.0
1776886161.1481028,8.0,-9.0,-32.0
1776886161.1581028,8.0,-8.0,-30.0
1776886161.1681027,11.0,-9.0,-34.0
1776886161.1781027,8.0,-8.0,-32.0
1776886161.1881027,7.0,-9.0,-33.0
1776886161.1981027,4.0,-6.0,-39.0
1776886161.2081027,2.0,-4.0,-44.0
1776886161.2181027,1.0,1.0,-43.0
1776886161.2281027,2.0,3.0,-49.0
1776886161.238103,1.0,3.0,-42.0
1776886161.248103,-3.0,1.0,-44.0
1776886161.258103,0.0,6.0,-45.0
1776886161.2681026,0.0,6.0,-46.0
1776886161.2781026,3.0,3.0,-47.0
1776886161.2881026,5.0,0.0,-49.0
1776886161.2981029,5.0,0.0,-47.0
1776886161.3081028,2.0,0.0,-44.0
1776886161.3181028,2.0,5.0,-40.0
1776886161.3281028,0.0,3.0,-37.0
1776886161.3381028,0.0,0.0,-46.0
1776886161.3481028,6.0,-1.0,-55.0
1776886161.3581028,6.0,-1.0,-55.0
1776886161.3681028,8.0,0.0,-49.0
1776886161.3781028,5.0,0.0,-45.0
1776886161.3881028,0.0,-1.0,-44.0
1776886161.3981028,1.0,1.0,-40.0
1776886161.4081028,2.0,1.0,-37.0
1776886161.4181027,-2.0,0.0,-39.0
1776886161.4281027,-1.0,-3.0,-38.0
1776886161.4381027,-1.0,-1.0,-38.0
1776886161.4481027,0.0,0.0,-38.0
1776886161.4581027,-4.0,0.0,-39.0
1776886161.4681027,-7.0,-3.0,-41.0
1776886161.4781027,-3.0,-1.0,-45.0
1776886161.488103,1.0,-1.0,-41.0
1776886161.498103,3.0,-1.0,-43.0
1776886161.508103,-1.0,-4.0,-45.0
1776886161.5181026,-5.0,-5.0,-49.0
1776886161.5281026,-5.0,0.0,-51.0
1776886161.5381026,0.0,1.0,-50.0
1776886161.5481029,-2.0,0.0,-45.0
1776886161.5581028,-9.0,-2.0,-38.0
1776886161.5681028,-8.0,-1.0,-34.0
1776886161.5781028,-4.0,-4.0,-37.0
1776886161.5881028,-1.0,-3.0,-46.0
1776886161.5981028,0.0,-3.0,-45.0
1776886161.6081028,3.0,-1.0,-49.0
1776886161.6181028,3.0,-1.0,-55.0
1776886161.6281028,-1.0,0.0,-55.0
1776886161.6381028,-3.0,3.0,-51.0
1776886161.6481028,0.0,3.0,-50.0
1776886161.6581028,2.0,7.0,-51.0
1776886161.6681027,1.0,4.0,-50.0
1776886161.6781027,1.0,6.0,-53.0
1776886161.6881027,0.0,0.0,-48.0
1776886161.6981027,-2.0,0.0,-46.0
1776886161.7081027,-1.0,0.0,-49.0
1776886161.7181027,-2.0,-1.0,-49.0
1776886161.7281027,-1.0,-5.0,-53.0
1776886161.738103,0.0,-5.0,-54.0
1776886161.748103,5.0,-4.0,-46.0
1776886161.758103,5.0,-3.0,-41.0
1776886161.7681026,2.0,0.0,-42.0
1776886161.7781026,-1.0,-7.0,-42.0
1776886161.7881026,-3.0,-3.0,-41.0
1776886161.7981029,-3.0,-2.0,-34.0
1776886161.8081028,-2.0,0.0,-36.0
1776886161.8181028,-2.0,1.0,-40.0
1776886161.8281028,-2.0,0.0,-40.0
1776886161.8381028,-1.0,0.0,-39.0
1776886161.8481028,0.0,0.0,-34.0
1776886161.8581028,4.0,1.0,-33.0
1776886161.8681028,1.0,0.0,-27.0
1776886161.8781028,-3.0,-4.0,-33.0
1776886161.8881028,-3.0,1.0,-33.0
1776886161.8981028,-1.0,0.0,-37.0
1776886161.9081028,1.0,-1.0,-40.0
1776886161.9181027,-1.0,0.0,-36.0
1776886161.9281027,-3.0,1.0,-38.0
1776886161.9381027,3.0,1.0,-39.0
1776886161.9481027,4.0,3.0,-37.0
1776886161.9581027,4.0,5.0,-34.0
1776886161.9681027,1.0,0.0,-34.0
1776886161.9781027,1.0,-1.0,-26.0
1776886161.988103,-1.0,0.0,-30.0
1776886161.998103,-5.0,1.0,-30.0
1776886162.008103,-4.0,-1.0,-35.0
1776886162.0181026,0.0,3.0,-41.0
1776886162.0281026,-3.0,7.0,-39.0
1776886162.0381026,-2.0,5.0,-44.0
1776886162.0481029,1.0,7.0,-48.0
1776886162.0581028,3.0,8.0,-49.0
1776886162.0681028,2.0,6.0,-48.0
1776886162.0781028,2.0,3.0,-47.0
1776886162.0881028,0.0,1.0,-42.0
1776886162.0991027,0.0,1.0,-38.0
1776886162.1091027,3.0,-2.0,-43.0
1776886162.1191027,5.0,-2.0,-42.0
1776886162.1281028,2.0,-5.0,-43.0
1776886162.1391027,2.0,-4.0,-41.0
1776886162.1491027,-1.0,-2.0,-40.0
1776886162.159103,0.0,0.0,-50.0
1776886162.169103,0.0,-1.0,-38.0
1776886162.179103,1.0,-1.0,-38.0
1776886162.1891026,-1.0,0.0,-44.0
1776886162.1991026,0.0,5.0,-47.0
1776886162.2091026,2.0,7.0,-45.0
1776886162.2191026,-4.0,3.0,-34.0
1776886162.2291028,1.0,0.0,-37.0
1776886162.2391028,1.0,1.0,-35.0
1776886162.2491028,0.0,1.0,-41.0
1776886162.2591028,5.0,-2.0,-43.0
1776886162.2691028,5.0,0.0,-46.0
1776886162.2791028,2.0,2.0,-50.0
1776886162.2891028,4.0,1.0,-46.0
1776886162.2991028,1.0,1.0,-50.0
1776886162.3091028,0.0,2.0,-47.0
1776886162.3191028,3.0,1.0,-52.0
1776886162.3291028,1.0,1.0,-50.0
1776886162.3391027,4.0,-1.0,-50.0
1776886162.3491027,0.0,-3.0,-50.0
1776886162.3591027,-4.0,-3.0,-41.0
1776886162.3691027,-3.0,-3.0,-41.0
1776886162.3791027,-2.0,1.0,-40.0
1776886162.3891027,-1.0,0.0,-31.0
1776886162.3991027,-1.0,0.0,-33.0
1776886162.409103,-1.0,4.0,-38.0
1776886162.419103,-1.0,3.0,-34.0
1776886162.429103,-2.0,1.0,-30.0
1776886162.4391026,0.0,0.0,-30.0
1776886162.4491026,0.0,2.0,-39.0
1776886162.4591026,2.0,3.0,-48.0
1776886162.4691026,0.0,0.0,-42.0
1776886162.4791028,-2.0,0.0,-38.0
1776886162.4891028,1.0,-1.0,-40.0
1776886162.4991028,2.0,0.0,-38.0
1776886162.5091028,0.0,-3.0,-37.0
1776886162.5191028,0.0,-4.0,-38.0
1776886162.5291028,-1.0,-4.0,-39.0
1776886162.5391028,0.0,-2.0,-34.0
1776886162.5491028,0.0,-7.0,-31.0
1776886162.5591028,2.0,-5.0,-28.0
1776886162.5691028,4.0,-2.0,-33.0
1776886162.5791028,4.0,-2.0,-27.0
1776886162.5891027,4.0,-5.0,-35.0
1776886162.5991027,0.0,-3.0,-28.0
1776886162.6091027,0.0,-3.0,-23.0
1776886162.6191027,-2.0,0.0,-32.0
1776886162.6291027,-1.0,2.0,-31.0
1776886162.6391027,0.0,3.0,-28.0
1776886162.6491027,-1.0,0.0,-33.0
1776886162.659103,2.0,0.0,-33.0
1776886162.669103,4.0,0.0,-34.0
1776886162.679103,2.0,-4.0,-31.0
1776886162.6891026,0.0,-3.0,-31.0
1776886162.6991026,2.0,-7.0,-31.0
1776886162.7091026,-1.0,-9.0,-29.0
1776886162.7191026,2.0,-8.0,-34.0
1776886162.7291028,3.0,-1.0,-33.0
1776886162.7391028,0.0,0.0,-38.0
1776886162.7491028,3.0,0.0,-42.0
1776886162.7591028,0.0,0.0,-39.0
1776886162.7691028,0.0,-1.0,-38.0
1776886162.7791028,3.0,0.0,-38.0
1776886162.7891028,2.0,-4.0,-35.0
1776886162.7991028,0.0,-8.0,-33.0
1776886162.8091028,0.0,-4.0,-34.0
1776886162.8191028,0.0,-1.0,-31.0
1776886162.8291028,0.0,-3.0,-26.0
1776886162.8391027,1.0,-2.0,-22.0
1776886162.8491027,0.0,-3.0,-22.0
1776886162.8591027,0.0,-5.0,-23.0
1776886162.8691027,0.0,-6.0,-21.0
1776886162.8791027,0.0,-6.0,-20.0
1776886162.8891027,-1.0,-5.0,-27.0
1776886162.8991027,-4.0,-8.0,-32.0
1776886162.909103,-3.0,-9.0,-39.0
1776886162.919103,-4.0,-10.0,-38.0
1776886162.929103,-4.0,-12.0,-38.0
1776886162.9391026,1.0,-13.0,-37.0
1776886162.9491026,1.0,-8.0,-39.0
1776886162.9591026,1.0,-6.0,-38.0
1776886162.9691026,3.0,-8.0,-28.0
1776886162.9791028,4.0,-12.0,-30.0
1776886162.9891028,8.0,-10.0,-29.0
1776886162.9991028,7.0,-8.0,-32.0
1776886163.0091028,2.0,-5.0,-32.0
1776886163.0191028,1.0,0.0,-37.0
1776886163.0291028,2.0,-4.0,-39.0
1776886163.0391028,2.0,-5.0,-37.0
1776886163.0491028,-1.0,-8.0,-39.0
1776886163.0591028,-4.0,-4.0,-43.0
1776886163.0691028,-5.0,-9.0,-46.0
1776886163.0791028,-4.0,-11.0,-49.0
1776886163.0891027,-5.0,-14.0,-39.0
1776886163.0991027,0.0,-9.0,-36.0
1776886163.1091027,8.0,-8.0,-40.0
1776886163.1191027,8.0,-5.0,-41.0
1776886163.1291027,5.0,-3.0,-39.0
1776886163.1391027,2.0,-2.0,-35.0
1776886163.1491027,2.0,-6.0,-35.0
1776886163.159103,0.0,0.0,-32.0
1776886163.169103,-1.0,0.0,-28.0
1776886163.179103,3.0,0.0,-27.0
1776886163.1891026,2.0,3.0,-34.0
1776886163.1991026,4.0,3.0,-38.0
1776886163.2091026,0.0,3.0,-39.0
1776886163.2191026,0.0,-2.0,-44.0
1776886163.2291028,-2.0,-8.0,-42.0
1776886163.2391028,2.0,-10.0,-39.0
1776886163.2491028,4.0,-5.0,-43.0
1776886163.2591028,0.0,-2.0,-41.0
1776886163.2691028,1.0,-4.0,-42.0
1776886163.2791028,2.0,-3.0,-43.0
1776886163.2891028,2.0,-6.0,-37.0
1776886163.2991028,1.0,-6.0,-33.0
1776886163.3091028,-2.0,-5.0,-43.0
1776886163.3191028,0.0,-2.0,-49.0
1776886163.3291028,-4.0,0.0,-46.0
1776886163.3391027,-1.0,0.0,-44.0
1776886163.3491027,-2.0,4.0,-40.0
1776886163.3591027,1.0,6.0,-43.0
1776886163.3691027,10.0,3.0,-41.0
1776886163.3791027,12.0,0.0,-39.0
1776886163.3891027,11.0,-2.0,-41.0
1776886163.3991027,10.0,1.0,-39.0
1776886163.409103,10.0,2.0,-41.0
1776886163.419103,5.0,1.0,-42.0
1776886163.429103,5.0,2.0,-45.0
1776886163.4391026,8.0,1.0,-38.0
1776886163.4491026,11.0,-5.0,-33.0
1776886163.4591026,10.0,-4.0,-38.0
1776886163.4691026,5.0,-2.0,-43.0
1776886163.4791028,0.0,-6.0,-40.0
1776886163.4891028,-4.0,-4.0,-42.0
1776886163.4991028,-4.0,-3.0,-40.0
1776886163.5091028,-3.0,-2.0,-41.0
1776886163.5191028,-2.0,2.0,-45.0
1776886163.5291028,-5.0,0.0,-47.0
1776886163.5391028,-2.0,0.0,-50.0
1776886163.5491028,-3.0,0.0,-45.0
1776886163.5591028,1.0,-2.0,-39.0
1776886163.5691028,0.0,0.0,-34.0
1776886163.5791028,0.0,0.0,-33.0
1776886163.5891027,1.0,-1.0,-33.0
1776886163.5991027,-1.0,-5.0,-36.0
1776886163.6091027,0.0,-8.0,-34.0
1776886163.6191027,0.0,-5.0,-36.0
1776886163.6291027,-2.0,-5.0,-33.0
1776886163.6391027,1.0,-1.0,-30.0
1776886163.6491027,0.0,0.0,-31.0
1776886163.659103,0.0,-6.0,-33.0
1776886163.669103,-2.0,-6.0,-33.0
1776886163.679103,-1.0,-7.0,-26.0
1776886163.6891026,-4.0,-3.0,-23.0
1776886163.6991026,-2.0,0.0,-23.0
1776886163.7091026,-5.0,-2.0,-25.0
1776886163.7191026,-2.0,0.0,-32.0
1776886163.7291028,0.0,-1.0,-34.0
1776886163.7391028,0.0,-4.0,-36.0
1776886163.7491028,-1.0,-4.0,-37.0
1776886163.7591028,-1.0,-1.0,-36.0
1776886163.7691028,3.0,-1.0,-39.0
1776886163.7791028,5.0,-1.0,-37.0
1776886163.7891028,6.0,-3.0,-27.0
1776886163.7991028,4.0,0.0,-28.0
1776886163.8091028,-2.0,0.0,-29.0
1776886163.8191028,-4.0,0.0,-32.0
1776886163.8291028,-6.0,3.0,-38.0
1776886163.8391027,-10.0,-3.0,-41.0
1776886163.8491027,-7.0,0.0,-35.0
1776886163.8591027,-3.0,-2.0,-37.0
1776886163.8691027,2.0,1.0,-38.0
1776886163.8791027,6.0,3.0,-44.0
1776886163.8891027,3.0,1.0,-49.0
1776886163.8991027,2.0,0.0,-47.0
1776886163.909103,7.0,2.0,-50.0
1776886163.919103,10.0,2.0,-48.0
1776886163.929103,5.0,0.0,-45.0
1776886163.9391026,4.0,0.0,-47.0
1776886163.9491026,-1.0,1.0,-43.0
1776886163.9591026,-2.0,0.0,-38.0
1776886163.9691026,-1.0,-4.0,-41.0
1776886163.9791028,-4.0,-4.0,-41.0
1776886163.9891028,-2.0,-4.0,-35.0
1776886163.9991028,-4.0,-4.0,-40.0
1776886164.0091028,-4.0,-6.0,-47.0
1776886164.0191028,-1.0,-3.0,-47.0
1776886164.0291028,2.0,-2.0,-42.0
1776886164.0391028,1.0,-4.0,-42.0
1776886164.0491028,2.0,-3.0,-35.0
1776886164.0591028,-3.0,-1.0,-31.0
1776886164.0691028,-5.0,1.0,-33.0
1776886164.0791028,-9.0,0.0,-39.0
1776886164.0891027,-8.0,-2.0,-40.0
1776886164.0991027,-6.0,-5.0,-39.0
1776886164.1091027,-6.0,-2.0,-36.0
1776886164.1201026,0.0,0.0,-37.0
1776886164.1301026,0.0,1.0,-35.0
1776886164.1401026,1.0,3.0,-38.0
1776886164.1501029,0.0,1.0,-44.0
1776886164.1601028,-1.0,6.0,-37.0
1776886164.1701028,0.0,6.0,-45.0
1776886164.1801028,0.0,5.0,-42.0
1776886164.1901028,4.0,4.0,-50.0
1776886164.2001028,3.0,1.0,-52.0
1776886164.2101028,4.0,1.0,-57.0
1776886164.2201028,8.0,2.0,-52.0
1776886164.2301028,4.0,5.0,-37.0
1776886164.2401028,2.0,6.0,-39.0
1776886164.2501028,4.0,4.0,-36.0
1776886164.2601027,5.0,4.0,-34.0
1776886164.2701027,3.0,3.0,-39.0
1776886164.2801027,3.0,0.0,-36.0
1776886164.2901027,4.0,2.0,-33.0
1776886164.3001027,2.0,0.0,-35.0
1776886164.3101027,0.0,-1.0,-40.0
1776886164.3201027,3.0,-5.0,-40.0
1776886164.3301027,2.0,-5.0,-36.0
1776886164.340103,2.0,-4.0,-33.0
1776886164.350103,-2.0,-8.0,-35.0
1776886164.360103,-3.0,-6.0,-33.0
1776886164.3701026,0.0,-6.0,-41.0
1776886164.3801026,0.0,-3.0,-37.0
1776886164.3901026,3.0,-5.0,-33.0
1776886164.4001029,1.0,-6.0,-32.0
1776886164.4101028,1.0,-3.0,-37.0
1776886164.4201028,5.0,-4.0,-31.0
1776886164.4301028,4.0,-3.0,-29.0
1776886164.4401028,2.0,0.0,-32.0
1776886164.4501028,-3.0,0.0,-29.0
1776886164.4601028,-5.0,2.0,-26.0
1776886164.4701028,-5.0,-1.0,-31.0
1776886164.4801028,-6.0,-2.0,-29.0
1776886164.4901028,-5.0,-4.0,-28.0
1776886164.5001028,-4.0,-5.0,-29.0
1776886164.5101027,-3.0,-2.0,-28.0
1776886164.5201027,-5.0,2.0,-37.0
1776886164.5301027,-7.0,2.0,-40.0
1776886164.5401027,-3.0,2.0,-45.0
1776886164.5501027,-2.0,-1.0,-44.0
1776886164.5601027,-3.0,-4.0,-43.0
1776886164.5701027,-3.0,-7.0,-43.0
1776886164.5801027,-5.0,-13.0,-37.0
1776886164.590103,-1.0,-14.0,-37.0
1776886164.600103,-1.0,-10.0,-35.0
1776886164.610103,-3.0,-2.0,-37.0
1776886164.6201026,0.0,-4.0,-37.0
1776886164.6301026,-1.0,-5.0,-36.0
1776886164.6401026,-2.0,-2.0,-34.0
1776886164.6501029,-3.0,-4.0,-37.0
1776886164.6601028,-2.0,-3.0,-36.0
1776886164.6701028,-1.0,-3.0,-39.0
1776886164.6801028,0.0,-3.0,-36.0
1776886164.6901028,-1.0,-1.0,-37.0
1776886164.7001028,0.0,-1.0,-42.0
1776886164.7101028,-1.0,-3.0,-41.0
1776886164.7201028,2.0,0.0,-43.0
1776886164.7301028,7.0,-7.0,-46.0
1776886164.7401028,9.0,-9.0,-43.0
1776886164.7501028,9.0,-4.0,-40.0
1776886164.7601027,7.0,1.0,-37.0
1776886164.7701027,6.0,0.0,-29.0
1776886164.7801027,4.0,1.0,-28.0
1776886164.7901027,6.0,1.0,-29.0
1776886164.8001027,4.0,-2.0,-34.0
1776886164.8101027,2.0,-3.0,-35.0
1776886164.8201027,-1.0,-4.0,-32.0
1776886164.8301027,1.0,-5.0,-26.0
1776886164.840103,3.0,-5.0,-33.0
1776886164.850103,0.0,-1.0,-39.0
1776886164.860103,0.0,2.0,-40.0
1776886164.8701026,-1.0,2.0,-49.0
1776886164.8801026,0.0,3.0,-52.0
1776886164.8901026,0.0,3.0,-56.0
1776886164.9001029,0.0,6.0,-59.0
1776886164.9101028,-2.0,5.0,-58.0
1776886164.9201028,0.0,4.0,-50.0
1776886164.9301028,0.0,-1.0,-49.0
1776886164.9401028,-1.0,0.0,-46.0
1776886164.9501028,-3.0,-1.0,-45.0
1776886164.9601028,-3.0,0.0,-47.0
1776886164.9701028,0.0,-1.0,-44.0
1776886164.9801028,0.0,1.0,-46.0
1776886164.9901028,-3.0,3.0,-49.0
1776886165.0001028,-3.0,2.0,-43.0
1776886165.0101027,-2.0,3.0,-46.0
1776886165.0201027,-1.0,3.0,-41.0
1776886165.0301027,2.0,-2.0,-40.0
1776886165.0401027,2.0,-3.0,-42.0
1776886165.0501027,9.0,-5.0,-46.0
1776886165.0601027,9.0,-2.0,-45.0
1776886165.0701027,5.0,-4.0,-41.0
1776886165.0801027,2.0,-5.0,-36.0
1776886165.090103,-2.0,-9.0,-38.0
1776886165.100103,-4.0,-8.0,-47.0
1776886165.110103,-7.0,-5.0,-53.0
1776886165.1201026,-4.0,-5.0,-57.0
1776886165.1301026,-6.0,-4.0,-53.0
1776886165.1401026,-8.0,-3.0,-46.0
1776886165.1501029,-4.0,-6.0,-43.0
1776886165.1601028,0.0,-6.0,-43.0
1776886165.1701028,5.0,-3.0,-43.0
1776886165.1801028,4.0,-6.0,-38.0
1776886165.1901028,0.0,-8.0,-30.0
1776886165.2001028,-3.0,-10.0,-25.0
1776886165.2101028,-3.0,-9.0,-26.0
1776886165.2201028,0.0,-7.0,-29.0
1776886165.2301028,-2.0,-6.0,-28.0
1776886165.2401028,-3.0,-10.0,-31.0
1776886165.2501028,-5.0,-9.0,-32.0
1776886165.2601027,-6.0,-8.0,-27.0
1776886165.2701027,-3.0,-7.0,-29.0
1776886165.2801027,0.0,-4.0,-34.0
1776886165.2901027,0.0,-7.0,-42.0
1776886165.3001027,1.0,-6.0,-34.0
1776886165.3101027,2.0,-2.0,-39.0
1776886165.3201027,3.0,-3.0,-40.0
1776886165.3301027,1.0,1.0,-41.0
1776886165.340103,0.0,3.0,-36.0
1776886165.350103,0.0,0.0,-34.0
1776886165.360103,0.0,0.0,-30.0
1776886165.3701026,0.0,0.0,-33.0
1776886165.3801026,-3.0,-2.0,-33.0
1776886165.3901026,0.0,-5.0,-33.0
1776886165.4001029,0.0,-8.0,-29.0
1776886165.4101028,1.0,-7.0,-31.0
1776886165.4201028,1.0,-6.0,-44.0
1776886165.4301028,2.0,-6.0,-44.0
1776886165.4401028,1.0,-6.0,-45.0
1776886165.4501028,0.0,-1.0,-39.0
1776886165.4601028,2.0,-1.0,-42.0
1776886165.4701028,3.0,-3.0,-41.0
1776886165.4801028,1.0,-6.0,-38.0
1776886165.4901028,3.0,-6.0,-36.0
1776886165.5001028,0.0,-3.0,-41.0
1776886165.5101027,-1.0,-3.0,-48.0
1776886165.5201027,-1.0,0.0,-46.0
1776886165.5301027,-3.0,-2.0,-50.0
1776886165.5401027,-1.0,-1.0,-50.0
1776886165.5501027,2.0,-4.0,-46.0
1776886165.5601027,3.0,-6.0,-41.0
1776886165.5701027,5.0,-5.0,-36.0
1776886165.5801027,2.0,-5.0,-35.0
1776886165.590103,2.0,-6.0,-44.0
1776886165.600103,-1.0,-5.0,-50.0
1776886165.610103,-2.0,-7.0,-47.0
1776886165.6201026,-3.0,-7.0,-48.0
1776886165.6301026,-2.0,-4.0,-48.0
1776886165.6401026,-6.0,-7.0,-40.0
1776886165.6501029,-7.0,-7.0,-39.0
1776886165.6601028,-1.0,-7.0,-39.0
1776886165.6701028,1.0,-7.0,-39.0
1776886165.6801028,1.0,-8.0,-38.0
1776886165.6901028,1.0,-9.0,-33.0
1776886165.7001028,1.0,-6.0,-35.0
1776886165.7101028,5.0,-5.0,-35.0
1776886165.7211027,3.0,-2.0,-34.0
1776886165.7301028,3.0,-3.0,-28.0
1776886165.7401028,1.0,-1.0,-18.0
1776886165.7501028,4.0,-3.0,-20.0
1776886165.7601027,2.0,0.0,-22.0
1776886165.7701027,2.0,3.0,-27.0
1776886165.7801027,0.0,7.0,-31.0
1776886165.7901027,-6.0,6.0,-31.0
1776886165.8001027,-8.0,2.0,-31.0
1776886165.8101027,-7.0,0.0,-31.0
1776886165.8201027,-4.0,0.0,-35.0
1776886165.8301027,-6.0,-6.0,-33.0
1776886165.840103,-4.0,-9.0,-36.0
1776886165.850103,-3.0,-6.0,-38.0
1776886165.860103,0.0,-8.0,-38.0
1776886165.8701026,0.0,-8.0,-29.0
1776886165.8801026,0.0,-11.0,-37.0
1776886165.8901026,2.0,-14.0,-39.0
1776886165.9001029,1.0,-12.0,-39.0
1776886165.9101028,-2.0,-9.0,-40.0
1776886165.9201028,-6.0,-11.0,-37.0
1776886165.9301028,-6.0,-11.0,-33.0
1776886165.9401028,0.0,-11.0,-28.0
1776886165.9501028,2.0,-11.0,-26.0
1776886165.9601028,-2.0,-11.0,-32.0
1776886165.9701028,1.0,-10.0,-29.0
1776886165.9801028,0.0,-6.0,-22.0
1776886165.9901028,2.0,-3.0,-23.0
1776886166.0001028,3.0,-1.0,-35.0
1776886166.0101027,5.0,0.0,-34.0
1776886166.0201027,5.0,-2.0,-32.0
1776886166.0301027,3.0,-2.0,-34.0
1776886166.0401027,0.0,-7.0,-38.0
1776886166.0501027,5.0,-8.0,-40.0
1776886166.0601027,1.0,-6.0,-43.0
1776886166.0701027,0.0,0.0,-44.0
1776886166.0801027,3.0,-1.0,-45.0
1776886166.090103,6.0,0.0,-47.0
1776886166.100103,4.0,0.0,-42.0
1776886166.1111028,4.0,1.0,-41.0
1776886166.1211028,2.0,0.0,-43.0
1776886166.1311028,4.0,0.0,-42.0
1776886166.1401026,0.0,0.0,-47.0
1776886166.1511028,4.0,-6.0,-43.0
1776886166.1611028,3.0,-5.0,-32.0
1776886166.1711028,-3.0,-5.0,-26.0
1776886166.1811028,-3.0,-6.0,-30.0
1776886166.1911027,-2.0,-5.0,-38.0
1776886166.2011027,0.0,-2.0,-40.0
1776886166.2111027,-2.0,-1.0,-40.0
1776886166.2211027,-4.0,-5.0,-42.0
1776886166.2311027,-3.0,-8.0,-46.0
1776886166.2401028,-4.0,-6.0,-43.0
1776886166.2511027,0.0,-2.0,-42.0
1776886166.261103,0.0,0.0,-41.0
1776886166.271103,0.0,-1.0,-37.0
1776886166.281103,-1.0,-1.0,-40.0
1776886166.2911026,-2.0,-1.0,-37.0
1776886166.3011026,-1.0,0.0,-38.0
1776886166.3111026,1.0,5.0,-42.0
1776886166.3211029,5.0,5.0,-38.0
1776886166.3311028,8.0,8.0,-41.0
1776886166.3411028,5.0,1.0,-45.0
1776886166.3511028,2.0,4.0,-44.0
1776886166.3611028,-3.0,0.0,-36.0
1776886166.3711028,-5.0,0.0,-35.0
1776886166.3811028,0.0,0.0,-38.0
1776886166.3911028,0.0,-5.0,-39.0
1776886166.4011028,-1.0,-7.0,-43.0
1776886166.4111028,0.0,-6.0,-44.0
1776886166.4211028,1.0,-4.0,-33.0
1776886166.4311028,1.0,-5.0,-32.0
1776886166.4411027,0.0,-5.0,-30.0
1776886166.4511027,1.0,-4.0,-29.0
1776886166.4611027,-2.0,-5.0,-34.0
1776886166.4711027,-5.0,-9.0,-39.0
1776886166.4811027,-5.0,-11.0,-36.0
1776886166.4911027,-3.0,-12.0,-41.0
1776886166.5011027,0.0,-12.0,-42.0
1776886166.511103,1.0,-6.0,-45.0
1776886166.521103,0.0,-4.0,-42.0
1776886166.531103,0.0,-4.0,-34.0
1776886166.5411026,2.0,-5.0,-36.0
1776886166.5511026,4.0,-6.0,-39.0
1776886166.5611026,4.0,-2.0,-36.0
1776886166.5711029,2.0,-5.0,-43.0
1776886166.5811028,-1.0,-4.0,-47.0
1776886166.5911028,-2.0,2.0,-46.0
1776886166.6011028,-2.0,0.0,-52.0
1776886166.6111028,0.0,-4.0,-52.0
1776886166.6211028,2.0,0.0,-51.0
1776886166.6311028,2.0,4.0,-46.0
1776886166.6411028,2.0,0.0,-46.0
1776886166.6511028,2.0,-5.0,-45.0
1776886166.6611028,3.0,-7.0,-39.0
1776886166.6711028,11.0,-6.0,-41.0
1776886166.6811028,9.0,-5.0,-46.0
1776886166.6911027,12.0,-4.0,-42.0
1776886166.7011027,8.0,-2.0,-37.0
1776886166.7111027,10.0,0.0,-37.0
1776886166.7211027,8.0,4.0,-36.0
1776886166.7311027,11.0,2.0,-39.0
1776886166.7411027,5.0,4.0,-43.0
1776886166.7511027,2.0,3.0,-42.0
1776886166.761103,1.0,3.0,-47.0
1776886166.771103,-3.0,1.0,-38.0
1776886166.781103,-3.0,7.0,-37.0
1776886166.7911026,-6.0,6.0,-32.0
1776886166.8011026,-3.0,2.0,-33.0
1776886166.8111026,0.0,6.0,-33.0
1776886166.8211029,1.0,8.0,-31.0
1776886166.8311028,1.0,3.0,-41.0
1776886166.8411028,0.0,5.0,-36.0
1776886166.8511028,4.0,5.0,-34.0
1776886166.8611028,4.0,1.0,-32.0
1776886166.8711028,5.0,1.0,-39.0
1776886166.8811028,2.0,2.0,-41.0
1776886166.8911028,0.0,-1.0,-39.0
1776886166.9011028,-2.0,-3.0,-38.0
1776886166.9111028,2.0,-8.0,-41.0
1776886166.9211028,0.0,-7.0,-40.0
1776886166.9311028,6.0,-7.0,-40.0
1776886166.9411027,1.0,-4.0,-41.0
1776886166.9511027,0.0,-8.0,-43.0
1776886166.9611027,0.0,-6.0,-37.0
1776886166.9711027,-2.0,-3.0,-43.0
1776886166.9811027,-5.0,-2.0,-47.0
1776886166.9911027,-4.0,-1.0,-49.0
1776886167.0011027,-4.0,0.0,-49.0
1776886167.011103,0.0,0.0,-43.0
1776886167.021103,0.0,-2.0,-40.0
1776886167.031103,0.0,-1.0,-43.0
1776886167.0411026,7.0,0.0,-41.0
1776886167.0511026,3.0,-3.0,-46.0
1776886167.0611026,4.0,-6.0,-48.0
1776886167.0711029,8.0,-4.0,-54.0
1776886167.0811028,2.0,-5.0,-56.0
1776886167.0911028,1.0,-2.0,-54.0
1776886167.1011028,0.0,-3.0,-48.0
1776886167.1111028,0.0,0.0,-43.0
1776886167.1211028,-2.0,1.0,-42.0
1776886167.1311028,0.0,5.0,-39.0
1776886167.1411028,0.0,10.0,-36.0
1776886167.1511028,2.0,6.0,-30.0
1776886167.1611028,0.0,4.0,-33.0
1776886167.1711028,3.0,-2.0,-31.0
1776886167.1811028,3.0,-6.0,-33.0
1776886167.1911027,4.0,-3.0,-39.0
1776886167.2011027,6.0,-4.0,-40.0
1776886167.2111027,5.0,-8.0,-34.0
1776886167.2211027,12.0,-5.0,-38.0
1776886167.2311027,8.0,-4.0,-44.0
1776886167.2411027,5.0,-2.0,-46.0
1776886167.2511027,4.0,-6.0,-52.0
1776886167.261103,5.0,-6.0,-49.0
1776886167.271103,4.0,-3.0,-49.0
1776886167.281103,1.0,0.0,-41.0
1776886167.2911026,1.0,0.0,-42.0
1776886167.3011026,-1.0,0.0,-48.0
1776886167.3111026,0.0,-3.0,-50.0
1776886167.3211029,4.0,-3.0,-52.0
1776886167.3311028,6.0,3.0,-54.0
1776886167.3411028,0.0,0.0,-53.0
1776886167.3511028,0.0,0.0,-50.0
1776886167.3611028,-2.0,0.0,-48.0
1776886167.3711028,-1.0,1.0,-45.0
1776886167.3811028,1.0,2.0,-44.0
1776886167.3911028,3.0,6.0,-38.0
1776886167.4011028,0.0,5.0,-39.0
1776886167.4111028,-3.0,6.0,-37.0
1776886167.4211028,-8.0,5.0,-34.0
1776886167.4311028,-5.0,-3.0,-35.0
1776886167.4411027,-3.0,-2.0,-32.0
1776886167.4511027,2.0,2.0,-31.0
1776886167.4611027,3.0,4.0,-33.0
1776886167.4711027,1.0,1.0,-38.0
1776886167.4811027,1.0,4.0,-39.0
1776886167.4911027,1.0,4.0,-44.0
1776886167.5011027,2.0,5.0,-50.0
1776886167.511103,1.0,3.0,-47.0
1776886167.521103,2.0,2.0,-43.0
1776886167.531103,2.0,0.0,-33.0
1776886167.5411026,0.0,-2.0,-32.0
1776886167.5511026,5.0,-3.0,-29.0
1776886167.5611026,3.0,-2.0,-31.0
1776886167.5711029,5.0,-5.0,-36.0
1776886167.5811028,4.0,-2.0,-35.0
1776886167.5911028,5.0,-5.0,-34.0
1776886167.6011028,1.0,-6.0,-39.0
1776886167.6111028,-2.0,-7.0,-42.0
1776886167.6211028,2.0,-5.0,-44.0
1776886167.6311028,1.0,-8.0,-42.0
1776886167.6411028,4.0,-5.0,-48.0
1776886167.6511028,-1.0,-5.0,-46.0
1776886167.6611028,0.0,-6.0,-45.0
1776886167.6711028,3.0,-6.0,-41.0
1776886167.6811028,3.0,-4.0,-44.0
1776886167.6911027,-2.0,-4.0,-35.0
1776886167.7011027,-1.0,-5.0,-33.0
1776886167.7111027,3.0,-4.0,-40.0
1776886167.7211027,5.0,-7.0,-42.0
1776886167.7311027,1.0,-6.0,-41.0
1776886167.7411027,2.0,-9.0,-35.0
1776886167.7511027,4.0,-6.0,-30.0
1776886167.761103,3.0,-1.0,-33.0
1776886167.771103,0.0,0.0,-34.0
1776886167.781103,2.0,0.0,-33.0
1776886167.7911026,0.0,0.0,-39.0
1776886167.8011026,-2.0,3.0,-44.0
1776886167.8111026,-3.0,6.0,-45.0
1776886167.8211029,-5.0,3.0,-45.0
1776886167.8311028,-6.0,1.0,-42.0
1776886167.8411028,-6.0,0.0,-42.0
1776886167.8511028,-5.0,0.0,-41.0
1776886167.8611028,0.0,1.0,-39.0
1776886167.8711028,-3.0,1.0,-39.0
1776886167.8811028,1.0,2.0,-52.0
1776886167.8911028,0.0,2.0,-63.0
1776886167.9011028,5.0,3.0,-62.0
1776886167.9111028,4.0,1.0,-53.0
1776886167.9211028,8.0,2.0,-51.0
1776886167.9311028,2.0,2.0,-48.0
1776886167.9411027,-1.0,3.0,-41.0
1776886167.9511027,4.0,3.0,-38.0
1776886167.9611027,2.0,3.0,-33.0
1776886167.9711027,0.0,2.0,-33.0
1776886167.9811027,0.0,3.0,-32.0
1776886167.9911027,3.0,0.0,-31.0
1776886168.0011027,2.0,0.0,-39.0
1776886168.011103,2.0,-3.0,-40.0
1776886168.021103,5.0,-4.0,-34.0
1776886168.031103,4.0,-5.0,-32.0
1776886168.0411026,-1.0,-3.0,-27.0
1776886168.0511026,0.0,-2.0,-29.0
1776886168.0611026,2.0,0.0,-36.0
1776886168.0711029,1.0,3.0,-36.0
1776886168.0811028,-3.0,2.0,-35.0
1776886168.0921028,0.0,0.0,-29.0
1776886168.1021028,1.0,-3.0,-29.0
1776886168.1121027,-1.0,-4.0,-30.0
1776886168.1221027,0.0,-6.0,-29.0
1776886168.1321027,-2.0,-6.0,-37.0
1776886168.1421027,-3.0,-2.0,-43.0
1776886168.1521027,0.0,-2.0,-40.0
1776886168.1621027,0.0,-2.0,-43.0
1776886168.1721027,0.0,-1.0,-39.0
1776886168.182103,0.0,0.0,-40.0
1776886168.192103,4.0,-3.0,-37.0
1776886168.202103,1.0,-1.0,-34.0
1776886168.212103,1.0,1.0,-34.0
1776886168.2221026,0.0,2.0,-33.0
1776886168.2321026,0.0,3.0,-35.0
1776886168.2421026,1.0,0.0,-34.0
1776886168.2521029,0.0,0.0,-35.0
1776886168.2621028,1.0,-2.0,-40.0
1776886168.2721028,4.0,-7.0,-37.0
1776886168.2821028,6.0,-6.0,-35.0
1776886168.2921028,1.0,-7.0,-37.0
1776886168.3021028,1.0,-6.0,-40.0
1776886168.3121028,1.0,-5.0,-41.0
1776886168.3221028,0.0,-6.0,-39.0
1776886168.3321028,4.0,-8.0,-39.0
1776886168.3421028,4.0,-6.0,-42.0
1776886168.3521028,-1.0,-4.0,-48.0
1776886168.3621027,-1.0,0.0,-43.0
1776886168.3721027,-1.0,1.0,-45.0
1776886168.3821027,0.0,0.0,-45.0
1776886168.3921027,2.0,-2.0,-43.0
1776886168.4021027,-3.0,0.0,-46.0
1776886168.4121027,-3.0,0.0,-48.0
1776886168.4221027,-1.0,2.0,-42.0
1776886168.432103,3.0,-2.0,-41.0
1776886168.442103,4.0,-3.0,-36.0
1776886168.452103,8.0,0.0,-39.0
1776886168.462103,7.0,2.0,-41.0
1776886168.4721026,5.0,3.0,-40.0
1776886168.4821026,8.0,1.0,-39.0
1776886168.4921026,9.0,-1.0,-45.0
1776886168.5021029,3.0,-5.0,-52.0
1776886168.5121028,9.0,-1.0,-47.0
1776886168.5221028,7.0,-4.0,-41.0
1776886168.5321028,4.0,-6.0,-37.0
1776886168.5421028,2.0,-4.0,-41.0
1776886168.5521028,0.0,-3.0,-38.0
1776886168.5621028,-2.0,-4.0,-38.0
1776886168.5721028,-2.0,-3.0,-42.0
1776886168.5821028,-2.0,-5.0,-36.0
1776886168.5921028,-2.0,-2.0,-45.0
1776886168.6021028,-2.0,-1.0,-45.0
1776886168.6121027,0.0,-1.0,-46.0
1776886168.6221027,0.0,-5.0,-40.0
1776886168.6321027,0.0,-4.0,-46.0
1776886168.6421027,1.0,-4.0,-45.0
1776886168.6521027,0.0,-2.0,-42.0
1776886168.6621027,0.0,-1.0,-40.0
1776886168.6721027,1.0,0.0,-40.0
1776886168.682103,5.0,0.0,-38.0
1776886168.692103,3.0,0.0,-32.0
1776886168.702103,4.0,-2.0,-25.0
1776886168.712103,1.0,-1.0,-31.0
1776886168.7221026,3.0,-1.0,-30.0
1776886168.7321026,1.0,-3.0,-35.0
1776886168.7421026,2.0,-3.0,-36.0
1776886168.7521029,0.0,-5.0,-37.0
1776886168.7621028,-2.0,-3.0,-42.0
1776886168.7721028,0.0,-5.0,-43.0
1776886168.7821028,5.0,-4.0,-38.0
1776886168.7921028,3.0,-3.0,-37.0
1776886168.8021028,3.0,-7.0,-46.0
1776886168.8121028,4.0,-5.0,-49.0
1776886168.8221028,4.0,-4.0,-48.0
1776886168.8321028,0.0,-4.0,-47.0
1776886168.8421028,-1.0,-6.0,-43.0
1776886168.8521028,0.0,-3.0,-50.0
1776886168.8621027,0.0,2.0,-49.0
1776886168.8721027,4.0,8.0,-49.0
1776886168.8821027,5.0,4.0,-42.0
1776886168.8921027,3.0,5.0,-42.0
1776886168.9021027,2.0,2.0,-44.0
1776886168.9121027,1.0,0.0,-46.0
1776886168.9221027,3.0,-1.0,-48.0
1776886168.932103,2.0,1.0,-45.0
1776886168.942103,1.0,1.0,-41.0
1776886168.952103,4.0,3.0,-46.0
1776886168.962103,3.0,-4.0,-47.0
1776886168.9721026,4.0,-5.0,-41.0
1776886168.9821026,0.0,-1.0,-40.0
1776886168.9921026,1.0,-2.0,-42.0
1776886169.0021029,-1.0,-2.0,-44.0
1776886169.0121028,3.0,0.0,-45.0
1776886169.0221028,4.0,1.0,-40.0
1776886169.0321028,4.0,3.0,-41.0
1776886169.0421028,1.0,3.0,-44.0
1776886169.0521028,0.0,-3.0,-46.0
1776886169.0621028,0.0,-4.0,-47.0
1776886169.0721028,-7.0,-3.0,-48.0
1776886169.0821028,-6.0,-1.0,-46.0
1776886169.0921028,-1.0,-2.0,-45.0
1776886169.1021028,-4.0,1.0,-48.0
1776886169.1121027,-4.0,2.0,-43.0
1776886169.1221027,0.0,1.0,-41.0
1776886169.1321027,1.0,0.0,-41.0
1776886169.1421027,-1.0,-3.0,-39.0
1776886169.1521027,-1.0,-4.0,-40.0
1776886169.1621027,1.0,-7.0,-38.0
1776886169.1721027,0.0,-5.0,-38.0
1776886169.182103,-2.0,-4.0,-38.0
1776886169.192103,1.0,-4.0,-37.0
1776886169.202103,-1.0,-5.0,-38.0
1776886169.212103,-2.0,-7.0,-38.0
1776886169.2221026,-1.0,-7.0,-33.0
1776886169.2321026,0.0,-9.0,-35.0
1776886169.2421026,-1.0,-6.0,-34.0
1776886169.2521029,-7.0,-2.0,-37.0
1776886169.2621028,-8.0,-1.0,-38.0
1776886169.2721028,-5.0,0.0,-42.0
1776886169.2821028,-1.0,1.0,-38.0
1776886169.2921028,0.0,-1.0,-32.0
1776886169.3021028,2.0,-6.0,-28.0
1776886169.3121028,3.0,-6.0,-33.0
1776886169.3221028,2.0,-4.0,-35.0
1776886169.3321028,0.0,-1.0,-29.0
1776886169.3421028,1.0,0.0,-29.0
1776886169.3521028,0.0,-2.0,-32.0
1776886169.3621027,0.0,-1.0,-33.0
1776886169.3721027,0.0,1.0,-37.0
1776886169.3821027,0.0,2.0,-35.0
1776886169.3921027,1.0,0.0,-39.0
1776886169.4021027,2.0,0.0,-34.0
1776886169.4121027,-2.0,0.0,-34.0
1776886169.4221027,3.0,-3.0,-31.0
1776886169.432103,5.0,-2.0,-34.0
1776886169.442103,7.0,0.0,-29.0
1776886169.452103,4.0,1.0,-27.0
1776886169.462103,4.0,-3.0,-28.0
1776886169.4721026,4.0,-6.0,-30.0
1776886169.4821026,1.0,-3.0,-33.0
1776886169.4921026,1.0,0.0,-35.0
1776886169.5021029,5.0,0.0,-32.0
1776886169.5121028,4.0,0.0,-33.0
1776886169.5221028,3.0,-2.0,-42.0
1776886169.5321028,3.0,-2.0,-41.0
1776886169.5421028,3.0,-5.0,-39.0
1776886169.5521028,4.0,-7.0,-39.0
1776886169.5621028,0.0,-9.0,-39.0
1776886169.5721028,-3.0,-12.0,-41.0
1776886169.5821028,-2.0,-12.0,-40.0
1776886169.5921028,0.0,-9.0,-43.0
1776886169.6021028,3.0,-5.0,-35.0
1776886169.6121027,1.0,-4.0,-36.0
1776886169.6221027,6.0,-7.0,-36.0
1776886169.6321027,4.0,-3.0,-38.0
1776886169.6421027,2.0,-4.0,-44.0
1776886169.6521027,0.0,-5.0,-40.0
1776886169.6621027,2.0,-8.0,-37.0
1776886169.6721027,0.0,-2.0,-32.0
1776886169.682103,3.0,-4.0,-35.0
1776886169.692103,12.0,-6.0,-31.0
1776886169.702103,11.0,-2.0,-38.0
1776886169.712103,8.0,-4.0,-39.0
1776886169.7221026,3.0,-5.0,-34.0
1776886169.7321026,4.0,-4.0,-35.0
1776886169.7421026,2.0,-4.0,-41.0
1776886169.7521029,-1.0,-3.0,-37.0
1776886169.7621028,0.0,0.0,-34.0
1776886169.7721028,-1.0,-1.0,-33.0
1776886169.7821028,-6.0,-3.0,-32.0
1776886169.7921028,-6.0,-2.0,-31.0
1776886169.8021028,-2.0,-4.0,-28.0
1776886169.8121028,0.0,-5.0,-33.0
1776886169.8221028,0.0,-2.0,-32.0
1776886169.8321028,1.0,1.0,-38.0
1776886169.8421028,2.0,0.0,-38.0
1776886169.8521028,3.0,0.0,-38.0
1776886169.8621027,2.0,-1.0,-31.0
1776886169.8721027,7.0,-3.0,-35.0
1776886169.8821027,7.0,-4.0,-35.0
1776886169.8921027,8.0,-4.0,-31.0
1776886169.9021027,6.0,-1.0,-27.0
1776886169.9121027,3.0,3.0,-31.0
1776886169.9221027,1.0,2.0,-40.0
1776886169.932103,0.0,0.0,-41.0
1776886169.942103,-1.0,-2.0,-44.0
1776886169.952103,0.0,-8.0,-48.0
1776886169.962103,-3.0,-9.0,-53.0
1776886169.9721026,-2.0,-5.0,-48.0
1776886169.9821026,0.0,-6.0,-43.0
1776886169.9921026,-1.0,-5.0,-45.0
1776886170.0021029,-1.0,-2.0,-46.0
1776886170.0121028,3.0,1.0,-50.0
1776886170.0221028,2.0,3.0,-50.0
1776886170.0321028,0.0,2.0,-46.0
1776886170.0421028,-4.0,2.0,-38.0
1776886170.0521028,-9.0,4.0,-36.0
1776886170.0621028,-5.0,2.0,-35.0
1776886170.0721028,-4.0,0.0,-36.0
1776886170.0831027,-3.0,2.0,-35.0
1776886170.0931027,-3.0,1.0,-31.0
1776886170.1031027,0.0,4.0,-31.0
1776886170.113103,0.0,4.0,-34.0
1776886170.123103,-2.0,6.0,-36.0
1776886170.133103,1.0,6.0,-34.0
1776886170.1431026,4.0,3.0,-38.0
1776886170.1531026,0.0,-2.0,-43.0
1776886170.1631026,3.0,2.0,-40.0
1776886170.1731029,0.0,3.0,-44.0
1776886170.1831028,-2.0,1.0,-55.0
1776886170.1931028,0.0,-1.0,-51.0
1776886170.2031028,-1.0,-5.0,-41.0
1776886170.2131028,1.0,-7.0,-39.0
1776886170.2231028,3.0,-8.0,-40.0
1776886170.2331028,3.0,-5.0,-44.0
1776886170.2431028,5.0,-7.0,-51.0
1776886170.2531028,3.0,-7.0,-49.0
1776886170.2631028,3.0,0.0,-46.0
1776886170.2731028,1.0,-2.0,-41.0
1776886170.2831028,0.0,-1.0,-44.0
1776886170.2931027,0.0,0.0,-43.0
1776886170.3031027,-2.0,2.0,-38.0
1776886170.3131027,-1.0,5.0,-38.0
1776886170.3231027,1.0,3.0,-42.0
1776886170.3331027,3.0,5.0,-43.0
1776886170.3431027,1.0,4.0,-37.0
1776886170.3531027,-1.0,3.0,-37.0
1776886170.363103,-4.0,3.0,-42.0
1776886170.373103,-1.0,0.0,-36.0
1776886170.383103,0.0,-1.0,-42.0
1776886170.3931026,3.0,-3.0,-43.0
1776886170.4031026,6.0,0.0,-48.0
1776886170.4131026,4.0,-1.0,-47.0
1776886170.4231029,0.0,2.0,-44.0
1776886170.4331028,3.0,2.0,-45.0
1776886170.4431028,6.0,1.0,-46.0
1776886170.4531028,9.0,2.0,-47.0
1776886170.4631028,8.0,0.0,-44.0
1776886170.4731028,10.0,-7.0,-43.0
1776886170.4831028,6.0,-8.0,-44.0
1776886170.4931028,4.0,-5.0,-44.0
1776886170.5031028,5.0,-2.0,-48.0
1776886170.5131028,3.0,0.0,-37.0
1776886170.5231028,1.0,1.0,-39.0
1776886170.5331028,0.0,-1.0,-36.0
1776886170.5431027,3.0,-3.0,-31.0
1776886170.5531027,-3.0,-5.0,-44.0
1776886170.5631027,-4.0,-3.0,-48.0
1776886170.5731027,-4.0,-2.0,-45.0
1776886170.5831027,-7.0,-6.0,-39.0
1776886170.5931027,-7.0,-7.0,-39.0
1776886170.6031027,-5.0,-7.0,-38.0
1776886170.613103,-1.0,-5.0,-37.0
1776886170.623103,3.0,-1.0,-42.0
1776886170.633103,6.0,0.0,-45.0
1776886170.6431026,8.0,3.0,-43.0
1776886170.6531026,7.0,8.0,-41.0
1776886170.6631026,7.0,9.0,-42.0
1776886170.6731029,7.0,8.0,-38.0
1776886170.6831028,2.0,6.0,-41.0
1776886170.6931028,0.0,9.0,-38.0
1776886170.7031028,2.0,8.0,-39.0
1776886170.7131028,0.0,9.0,-38.0
1776886170.7231028,2.0,6.0,-38.0
1776886170.7331028,0.0,5.0,-46.0
1776886170.7431028,0.0,4.0,-43.0
1776886170.7531028,-1.0,2.0,-39.0
1776886170.7631028,-2.0,4.0,-37.0
1776886170.7731028,-1.0,6.0,-37.0
1776886170.7831028,-2.0,3.0,-44.0
1776886170.7931027,-1.0,5.0,-48.0
1776886170.8031027,1.0,2.0,-49.0
1776886170.8131027,0.0,7.0,-49.0
1776886170.8231027,0.0,7.0,-42.0
1776886170.8331027,0.0,12.0,-34.0
1776886170.8431027,0.0,9.0,-39.0
1776886170.8531027,1.0,3.0,-41.0
1776886170.863103,4.0,2.0,-42.0
1776886170.873103,2.0,0.0,-47.0
1776886170.883103,2.0,-1.0,-50.0
1776886170.8931026,5.0,-3.0,-40.0
1776886170.9031026,3.0,-2.0,-34.0
1776886170.9131026,7.0,-1.0,-32.0
1776886170.9231029,3.0,0.0,-37.0
1776886170.9331028,-2.0,-5.0,-41.0
1776886170.9441028,-4.0,-3.0,-44.0
1776886170.9531028,-2.0,-5.0,-41.0
1776886170.9631028,-5.0,-3.0,-42.0
1776886170.9731028,-5.0,0.0,-41.0
1776886170.9831028,-5.0,0.0,-37.0
1776886170.9931028,0.0,1.0,-32.0
1776886171.0031028,-2.0,1.0,-25.0
1776886171.0131028,1.0,-1.0,-31.0
1776886171.0231028,3.0,-2.0,-35.0
1776886171.0331028,4.0,1.0,-33.0
1776886171.0431027,2.0,2.0,-33.0
1776886171.0531027,3.0,0.0,-34.0
1776886171.0631027,0.0,-1.0,-38.0
1776886171.0731027,5.0,-3.0,-44.0
1776886171.0831027,5.0,-3.0,-39.0
1776886171.0931027,5.0,-5.0,-40.0
1776886171.1031027,2.0,0.0,-44.0
1776886171.113103,1.0,1.0,-41.0
1776886171.123103,-2.0,5.0,-50.0
1776886171.133103,-4.0,4.0,-50.0
1776886171.1431026,-5.0,2.0,-52.0
1776886171.1531026,-6.0,5.0,-52.0
1776886171.1631026,0.0,4.0,-45.0
1776886171.1731029,0.0,-2.0,-45.0
1776886171.1831028,5.0,-2.0,-41.0
1776886171.1931028,8.0,-1.0,-37.0
1776886171.2031028,6.0,1.0,-46.0
1776886171.2131028,3.0,-3.0,-51.0
1776886171.2231028,1.0,-1.0,-49.0
1776886171.2331028,0.0,0.0,-48.0
1776886171.2431028,-1.0,1.0,-44.0
1776886171.2531028,0.0,0.0,-45.0
1776886171.2631028,0.0,0.0,-46.0
1776886171.2731028,-3.0,-1.0,-43.0
1776886171.2831028,-6.0,0.0,-44.0
1776886171.2931027,-2.0,-1.0,-46.0
1776886171.3031027,0.0,0.0,-41.0
1776886171.3131027,-2.0,0.0,-39.0
1776886171.3231027,-3.0,0.0,-35.0
1776886171.3331027,0.0,-1.0,-34.0
1776886171.3431027,1.0,-1.0,-33.0
1776886171.3531027,3.0,-5.0,-33.0
1776886171.363103,3.0,0.0,-34.0
1776886171.373103,0.0,-5.0,-39.0
1776886171.383103,3.0,-5.0,-43.0
1776886171.3931026,0.0,-4.0,-47.0
1776886171.4031026,0.0,-5.0,-47.0
1776886171.4131026,-4.0,-6.0,-38.0
1776886171.4231029,2.0,-1.0,-38.0
1776886171.4331028,-3.0,-3.0,-35.0
1776886171.4431028,0.0,0.0,-43.0
1776886171.4531028,0.0,1.0,-47.0
1776886171.4631028,0.0,1.0,-44.0
1776886171.4731028,0.0,1.0,-46.0
1776886171.4831028,1.0,0.0,-51.0
1776886171.4931028,1.0,0.0,-51.0
1776886171.5031028,-2.0,-1.0,-51.0
1776886171.5131028,-5.0,-3.0,-52.0
1776886171.5231028,-7.0,-6.0,-50.0
1776886171.5331028,-6.0,-6.0,-44.0
1776886171.5431027,-3.0,-3.0,-45.0
1776886171.5531027,-5.0,-2.0,-38.0
1776886171.5631027,-8.0,0.0,-41.0
1776886171.5731027,-5.0,-2.0,-43.0
1776886171.5831027,-7.0,0.0,-38.0
1776886171.5931027,-2.0,0.0,-34.0
1776886171.6031027,2.0,0.0,-33.0
1776886171.613103,2.0,2.0,-33.0
1776886171.623103,2.0,2.0,-34.0
1776886171.633103,1.0,-1.0,-39.0
1776886171.6431026,0.0,0.0,-45.0
1776886171.6531026,1.0,2.0,-40.0
1776886171.6631026,1.0,4.0,-41.0
1776886171.6731029,-1.0,0.0,-39.0
1776886171.6831028,-9.0,-2.0,-44.0
1776886171.6931028,-6.0,-7.0,-38.0
1776886171.7031028,-5.0,-3.0,-31.0
1776886171.7131028,-3.0,0.0,-27.0
1776886171.7231028,-4.0,0.0,-25.0
1776886171.7331028,-1.0,-3.0,-37.0
1776886171.7431028,0.0,-3.0,-43.0
1776886171.7531028,-1.0,0.0,-42.0
1776886171.7631028,-1.0,-2.0,-43.0
1776886171.7731028,3.0,-2.0,-38.0
1776886171.7831028,3.0,-5.0,-44.0
1776886171.7931027,1.0,-2.0,-44.0
1776886171.8031027,3.0,-2.0,-44.0
1776886171.8131027,0.0,-7.0,-48.0
1776886171.8231027,4.0,-7.0,-51.0
1776886171.8331027,5.0,-5.0,-46.0
1776886171.8431027,7.0,-2.0,-41.0
1776886171.8531027,6.0,-3.0,-34.0
1776886171.863103,5.0,0.0,-39.0
1776886171.873103,5.0,-1.0,-37.0
1776886171.883103,4.0,-1.0,-39.0
1776886171.8931026,2.0,0.0,-48.0
1776886171.9031026,0.0,0.0,-49.0
1776886171.9131026,0.0,3.0,-55.0
1776886171.9231029,1.0,4.0,-52.0
1776886171.9331028,1.0,2.0,-59.0
1776886171.9431028,5.0,5.0,-55.0
1776886171.9531028,5.0,2.0,-41.0
1776886171.9631028,1.0,-2.0,-39.0
1776886171.9731028,-2.0,0.0,-43.0
1776886171.9831028,-4.0,-4.0,-39.0
1776886171.9931028,-2.0,-5.0,-35.0
1776886172.0031028,-1.0,-3.0,-32.0
1776886172.0131028,-4.0,-4.0,-39.0
1776886172.0231028,-5.0,0.0,-35.0
1776886172.0331028,-4.0,1.0,-29.0
1776886172.0431027,1.0,3.0,-36.0
1776886172.0531027,0.0,0.0,-35.0
1776886172.0631027,0.0,-3.0,-38.0
1776886172.0741026,-4.0,0.0,-35.0
1776886172.0831027,-5.0,4.0,-36.0
1776886172.0941026,-4.0,-1.0,-39.0
1776886172.1041028,-2.0,0.0,-41.0
1776886172.1141028,-3.0,3.0,-38.0
1776886172.1241028,-4.0,5.0,-38.0
1776886172.1341028,-6.0,6.0,-39.0
1776886172.1441028,-5.0,1.0,-40.0
1776886172.1541028,-3.0,-1.0,-41.0
1776886172.1641028,-5.0,-5.0,-49.0
1776886172.1741028,-8.0,-3.0,-50.0
1776886172.1841028,-6.0,-2.0,-46.0
1776886172.1941028,-2.0,-6.0,-47.0
1776886172.2041028,-3.0,-7.0,-45.0
1776886172.2141027,0.0,-6.0,-46.0
1776886172.2241027,0.0,-4.0,-43.0
1776886172.2341027,-6.0,-1.0,-42.0
1776886172.2441027,-3.0,-1.0,-39.0
1776886172.2541027,1.0,3.0,-47.0
1776886172.2641027,2.0,0.0,-44.0
1776886172.2741027,1.0,0.0,-34.0
1776886172.284103,-2.0,-1.0,-36.0
1776886172.294103,1.0,-2.0,-41.0
1776886172.304103,1.0,-2.0,-36.0
1776886172.3141026,2.0,-1.0,-33.0
1776886172.3241026,-4.0,0.0,-42.0
1776886172.3341026,1.0,-2.0,-39.0
1776886172.3441026,3.0,0.0,-44.0
1776886172.3541028,-4.0,-1.0,-43.0
1776886172.3641028,-5.0,0.0,-38.0
1776886172.3741028,-8.0,0.0,-35.0
1776886172.3841028,-7.0,1.0,-36.0
1776886172.3941028,-6.0,2.0,-33.0
1776886172.4041028,-8.0,2.0,-39.0
1776886172.4141028,-8.0,-2.0,-42.0
1776886172.4241028,-3.0,-1.0,-36.0
1776886172.4341028,-3.0,0.0,-34.0
1776886172.4441028,-6.0,-3.0,-42.0
1776886172.4541028,-7.0,-2.0,-47.0
1776886172.4641027,-3.0,-2.0,-48.0
1776886172.4741027,-2.0,-2.0,-45.0
1776886172.4841027,-1.0,0.0,-38.0
1776886172.4941027,2.0,-2.0,-33.0
1776886172.5041027,2.0,-5.0,-31.0
1776886172.5141027,2.0,-8.0,-22.0
1776886172.5241027,-1.0,-6.0,-26.0
1776886172.534103,1.0,-3.0,-30.0
1776886172.544103,1.0,-2.0,-29.0
1776886172.554103,1.0,-3.0,-31.0
1776886172.5641026,1.0,-2.0,-39.0
1776886172.5741026,3.0,-3.0,-36.0
1776886172.5841026,1.0,-2.0,-38.0
1776886172.5941026,3.0,-2.0,-31.0
1776886172.6041028,1.0,-3.0,-30.0
1776886172.6141028,-2.0,-1.0,-27.0
1776886172.6241028,-5.0,-2.0,-27.0
1776886172.6341028,0.0,-1.0,-30.0
1776886172.6441028,-2.0,-3.0,-27.0
1776886172.6541028,-1.0,-1.0,-25.0
1776886172.6641028,0.0,1.0,-28.0
1776886172.6741028,3.0,0.0,-30.0
1776886172.6841028,2.0,2.0,-31.0
1776886172.6941028,-1.0,3.0,-44.0
1776886172.7041028,-4.0,2.0,-38.0
1776886172.7141027,-6.0,-2.0,-34.0
1776886172.7241027,-8.0,0.0,-30.0
1776886172.7341027,-5.0,0.0,-30.0
1776886172.7441027,-8.0,-2.0,-31.0
1776886172.7541027,-5.0,-5.0,-30.0
1776886172.7641027,-5.0,-6.0,-38.0
1776886172.7741027,-4.0,-6.0,-34.0
1776886172.784103,-3.0,-9.0,-35.0
1776886172.794103,0.0,-9.0,-37.0
1776886172.804103,0.0,-9.0,-41.0
1776886172.8141026,0.0,-11.0,-39.0
1776886172.8241026,-4.0,-5.0,-41.0
1776886172.8341026,0.0,-4.0,-46.0
1776886172.8441026,3.0,2.0,-44.0
1776886172.8541028,5.0,6.0,-44.0
1776886172.8641028,8.0,5.0,-47.0
1776886172.8741028,4.0,0.0,-42.0
1776886172.8841028,0.0,-1.0,-39.0
1776886172.8941028,0.0,-2.0,-39.0
1776886172.9041028,0.0,-2.0,-41.0
1776886172.9141028,-3.0,-5.0,-35.0
1776886172.9241028,0.0,-6.0,-38.0
1776886172.9341028,1.0,-7.0,-39.0
1776886172.9441028,0.0,-10.0,-48.0
1776886172.9541028,3.0,-11.0,-49.0
1776886172.9641027,0.0,-9.0,-43.0
1776886172.9741027,2.0,-9.0,-41.0
1776886172.9841027,3.0,-11.0,-41.0
1776886172.9941027,-2.0,-6.0,-39.0
1776886173.0041027,1.0,-2.0,-40.0
1776886173.0141027,-1.0,-3.0,-38.0
1776886173.0241027,0.0,-6.0,-34.0
1776886173.034103,-1.0,-6.0,-34.0
1776886173.044103,-1.0,-5.0,-41.0
1776886173.054103,-4.0,-3.0,-38.0
1776886173.0641026,0.0,-1.0,-47.0
1776886173.0741026,3.0,-2.0,-40.0
1776886173.0841026,1.0,0.0,-44.0
1776886173.0941026,-2.0,-3.0,-38.0
1776886173.1041028,-1.0,-6.0,-37.0
1776886173.1141028,-1.0,-3.0,-38.0
1776886173.1241028,1.0,-3.0,-37.0
1776886173.1341028,-1.0,0.0,-46.0
1776886173.1441028,1.0,0.0,-46.0
1776886173.1541028,2.0,-1.0,-52.0
1776886173.1641028,0.0,1.0,-51.0
1776886173.1741028,2.0,1.0,-52.0
1776886173.1841028,-1.0,1.0,-50.0
1776886173.1941028,-6.0,-1.0,-52.0
1776886173.2041028,-9.0,-5.0,-50.0
1776886173.2141027,-11.0,-7.0,-50.0
1776886173.2241027,-7.0,-12.0,-59.0
1776886173.2341027,-7.0,-10.0,-52.0
1776886173.2441027,-8.0,-9.0,-44.0
1776886173.2541027,-9.0,-8.0,-38.0
1776886173.2641027,-6.0,-2.0,-38.0
1776886173.2741027,-5.0,-1.0,-36.0
1776886173.284103,-4.0,2.0,-35.0
1776886173.294103,-3.0,2.0,-42.0
1776886173.304103,-4.0,4.0,-33.0
1776886173.3141026,-2.0,3.0,-38.0
1776886173.3241026,0.0,1.0,-42.0
1776886173.3341026,-2.0,1.0,-45.0
1776886173.3441026,0.0,0.0,-37.0
1776886173.3541028,2.0,-1.0,-35.0
1776886173.3641028,0.0,-3.0,-36.0
1776886173.3741028,-4.0,-5.0,-38.0
1776886173.3841028,-3.0,-4.0,-37.0
1776886173.3941028,-5.0,-4.0,-39.0
1776886173.4041028,-1.0,-3.0,-37.0
1776886173.4141028,-5.0,-4.0,-38.0
1776886173.4241028,-6.0,-5.0,-37.0
1776886173.4341028,-2.0,-4.0,-32.0
1776886173.4441028,0.0,-1.0,-36.0
1776886173.4541028,1.0,-1.0,-36.0
1776886173.4641027,2.0,0.0,-34.0
1776886173.4741027,0.0,0.0,-32.0
1776886173.4841027,5.0,2.0,-31.0
1776886173.4941027,7.0,0.0,-30.0
1776886173.5041027,7.0,1.0,-32.0
1776886173.5141027,8.0,0.0,-34.0
1776886173.5241027,5.0,-3.0,-34.0
1776886173.534103,1.0,-4.0,-36.0
1776886173.544103,0.0,-1.0,-36.0
1776886173.554103,3.0,3.0,-35.0
1776886173.5641026,0.0,3.0,-37.0
1776886173.5741026,6.0,-2.0,-44.0
1776886173.5841026,3.0,-1.0,-45.0
1776886173.5941026,7.0,-4.0,-47.0
1776886173.6041028,6.0,-7.0,-51.0
1776886173.6141028,4.0,-8.0,-51.0
1776886173.6241028,0.0,-4.0,-43.0
1776886173.6341028,-2.0,0.0,-39.0
1776886173.6441028,-3.0,-2.0,-37.0
1776886173.6541028,1.0,-7.0,-37.0
1776886173.6641028,-2.0,-8.0,-37.0
1776886173.6741028,-3.0,-7.0,-40.0
1776886173.6841028,0.0,-3.0,-40.0
1776886173.6941028,-2.0,3.0,-41.0
1776886173.7041028,-2.0,5.0,-36.0
1776886173.7141027,0.0,4.0,-34.0
1776886173.7241027,5.0,3.0,-32.0
1776886173.7341027,1.0,0.0,-36.0
1776886173.7441027,0.0,0.0,-39.0
1776886173.7541027,1.0,-4.0,-46.0
1776886173.7641027,1.0,-3.0,-48.0
1776886173.7741027,5.0,-4.0,-44.0
1776886173.784103,2.0,-2.0,-43.0
1776886173.794103,2.0,-5.0,-40.0
1776886173.804103,1.0,-1.0,-45.0
1776886173.8141026,0.0,-3.0,-48.0
1776886173.8241026,-3.0,-2.0,-48.0
1776886173.8341026,1.0,-2.0,-40.0
1776886173.8441026,3.0,0.0,-47.0
1776886173.8541028,4.0,-1.0,-51.0
1776886173.8641028,0.0,-1.0,-46.0
1776886173.8741028,-2.0,2.0,-42.0
1776886173.8841028,-7.0,2.0,-42.0
1776886173.8941028,-3.0,5.0,-35.0
1776886173.9041028,-1.0,3.0,-44.0
1776886173.9141028,-3.0,2.0,-42.0
1776886173.9241028,-4.0,3.0,-36.0
1776886173.9341028,-4.0,0.0,-40.0
1776886173.9441028,-1.0,-1.0,-43.0
1776886173.9541028,-2.0,-1.0,-49.0
1776886173.9641027,-3.0,-2.0,-51.0
1776886173.9741027,-4.0,-2.0,-44.0
1776886173.9841027,-6.0,-5.0,-45.0
1776886173.9941027,-6.0,-3.0,-46.0
1776886174.0041027,-1.0,0.0,-42.0
1776886174.0141027,0.0,0.0,-36.0
1776886174.0241027,1.0,-1.0,-33.0
1776886174.034103,6.0,0.0,-33.0
1776886174.044103,4.0,0.0,-37.0
1776886174.0551028,12.0,-4.0,-36.0
1776886174.0641026,7.0,-2.0,-36.0
1776886174.0751028,7.0,-7.0,-33.0
1776886174.0851028,4.0,-9.0,-30.0
1776886174.0951028,-2.0,-7.0,-33.0
1776886174.1051028,-4.0,-7.0,-36.0
1776886174.1151028,-5.0,-5.0,-28.0
1776886174.1251028,-4.0,-3.0,-35.0
1776886174.1351027,-3.0,-2.0,-38.0
1776886174.1451027,-2.0,-3.0,-41.0
1776886174.1551027,-4.0,0.0,-47.0
1776886174.1651027,-6.0,-3.0,-45.0
1776886174.1751027,-7.0,-3.0,-43.0
1776886174.1851027,-7.0,-5.0,-36.0
1776886174.1951027,-5.0,-5.0,-36.0
1776886174.2051027,-3.0,-8.0,-37.0
1776886174.215103,-3.0,-4.0,-37.0
1776886174.225103,-4.0,-3.0,-36.0
1776886174.235103,-6.0,2.0,-36.0
1776886174.2451026,-7.0,0.0,-45.0
1776886174.2551026,-7.0,0.0,-43.0
1776886174.2651026,-9.0,-3.0,-40.0
1776886174.2751029,-10.0,-5.0,-36.0
1776886174.2851028,-4.0,-5.0,-31.0
1776886174.2951028,2.0,-7.0,-29.0
1776886174.3051028,0.0,-10.0,-28.0
1776886174.3151028,5.0,-10.0,-29.0
1776886174.3251028,4.0,-4.0,-25.0
1776886174.3351028,2.0,-5.0,-24.0
1776886174.3451028,3.0,-5.0,-26.0
1776886174.3551028,0.0,-3.0,-33.0
1776886174.3651028,1.0,-4.0,-32.0
1776886174.3751028,3.0,-1.0,-35.0
1776886174.3851027,5.0,-4.0,-32.0
1776886174.3951027,3.0,-7.0,-35.0
1776886174.4051027,0.0,-8.0,-36.0
1776886174.4151027,-2.0,-3.0,-40.0
1776886174.4251027,1.0,1.0,-35.0
1776886174.4351027,3.0,-2.0,-43.0
1776886174.4451027,1.0,-6.0,-40.0
1776886174.4551027,2.0,-6.0,-36.0
1776886174.465103,2.0,-4.0,-38.0
1776886174.475103,5.0,-3.0,-40.0
1776886174.485103,4.0,-2.0,-46.0
1776886174.4951026,-1.0,-1.0,-41.0
1776886174.5051026,-11.0,0.0,-44.0
1776886174.5151026,-10.0,1.0,-44.0
1776886174.5251029,-8.0,0.0,-39.0
1776886174.5351028,-5.0,4.0,-41.0
1776886174.5451028,-6.0,0.0,-43.0
1776886174.5551028,-12.0,2.0,-45.0
1776886174.5651028,-13.0,4.0,-43.0
1776886174.5751028,-12.0,6.0,-42.0
1776886174.5851028,-7.0,3.0,-40.0
1776886174.5951028,-6.0,-1.0,-35.0
1776886174.6051028,-2.0,-1.0,-42.0
1776886174.6151028,-1.0,0.0,-49.0
1776886174.6251028,0.0,0.0,-47.0
1776886174.6351027,0.0,2.0,-49.0
1776886174.6451027,-3.0,4.0,-44.0
1776886174.6551027,1.0,2.0,-42.0
1776886174.6651027,0.0,2.0,-39.0
1776886174.6751027,5.0,2.0,-41.0
1776886174.6851027,4.0,-1.0,-51.0
1776886174.6951027,2.0,1.0,-47.0
1776886174.7051027,-5.0,1.0,-46.0
1776886174.715103,-2.0,3.0,-43.0
1776886174.725103,-2.0,3.0,-38.0
1776886174.735103,3.0,-2.0,-41.0
1776886174.7451026,2.0,-2.0,-35.0
1776886174.7551026,0.0,-1.0,-36.0
1776886174.7651026,2.0,-2.0,-29.0
1776886174.7751029,0.0,-3.0,-31.0
1776886174.7851028,0.0,-4.0,-37.0
1776886174.7951028,-2.0,-5.0,-33.0
1776886174.8051028,-2.0,-3.0,-34.0
1776886174.8151028,-2.0,-3.0,-34.0
1776886174.8251028,0.0,-4.0,-36.0
1776886174.8351028,-1.0,0.0,-31.0
1776886174.8451028,-3.0,4.0,-34.0
1776886174.8551028,-3.0,3.0,-34.0
1776886174.8651028,3.0,2.0,-38.0
1776886174.8751028,3.0,2.0,-40.0
1776886174.8851027,4.0,5.0,-36.0
1776886174.8951027,1.0,3.0,-38.0
1776886174.9051027,1.0,1.0,-37.0
1776886174.9151027,1.0,-2.0,-42.0
1776886174.9251027,-1.0,0.0,-47.0
1776886174.9351027,-3.0,-3.0,-48.0
1776886174.9451027,-4.0,3.0,-42.0
1776886174.9551027,-6.0,6.0,-43.0
1776886174.965103,0.0,6.0,-41.0
1776886174.975103,0.0,3.0,-47.0
1776886174.985103,-3.0,0.0,-43.0
1776886174.9951026,-4.0,-4.0,-45.0
1776886175.0051026,-2.0,-1.0,-46.0
1776886175.0151026,-4.0,1.0,-49.0
1776886175.0251029,-1.0,3.0,-45.0
1776886175.0351028,1.0,1.0,-43.0
1776886175.0451028,4.0,0.0,-43.0
1776886175.0551028,2.0,0.0,-37.0
1776886175.0651028,-3.0,0.0,-39.0
1776886175.0751028,0.0,3.0,-38.0
1776886175.0851028,0.0,1.0,-31.0
1776886175.0951028,-1.0,3.0,-32.0
1776886175.1051028,-3.0,1.0,-41.0
1776886175.1151028,1.0,1.0,-41.0
1776886175.1251028,2.0,1.0,-33.0
1776886175.1351027,-1.0,-1.0,-37.0
1776886175.1451027,-3.0,0.0,-35.0
1776886175.1551027,-3.0,0.0,-28.0
1776886175.1651027,0.0,-1.0,-28.0
1776886175.1751027,-3.0,-1.0,-29.0
1776886175.1851027,-1.0,1.0,-27.0
1776886175.1951027,0.0,0.0,-32.0
1776886175.2051027,0.0,-3.0,-38.0
1776886175.215103,-2.0,-6.0,-42.0
1776886175.225103,-1.0,-8.0,-38.0
1776886175.235103,0.0,-7.0,-42.0
1776886175.2451026,2.0,-6.0,-43.0
1776886175.2551026,0.0,-6.0,-38.0
1776886175.2651026,0.0,-5.0,-33.0
1776886175.2751029,2.0,-1.0,-31.0
1776886175.2851028,2.0,0.0,-30.0
1776886175.2951028,0.0,-2.0,-33.0
1776886175.3051028,-3.0,-1.0,-33.0
1776886175.3151028,0.0,-6.0,-33.0
1776886175.3251028,4.0,-3.0,-45.0
1776886175.3351028,4.0,-1.0,-43.0
1776886175.3451028,3.0,-1.0,-46.0
1776886175.3551028,3.0,-1.0,-47.0
1776886175.3651028,5.0,-1.0,-47.0
1776886175.3751028,8.0,0.0,-39.0
1776886175.3851027,1.0,-2.0,-41.0
1776886175.3951027,-1.0,-4.0,-35.0
1776886175.4051027,0.0,-4.0,-37.0
1776886175.4151027,4.0,-3.0,-37.0
1776886175.4251027,5.0,-7.0,-43.0
1776886175.4351027,3.0,-7.0,-42.0
1776886175.4451027,3.0,-8.0,-46.0
1776886175.4551027,7.0,-2.0,-46.0
1776886175.465103,6.0,3.0,-47.0
1776886175.475103,7.0,2.0,-43.0
1776886175.485103,9.0,-4.0,-42.0
1776886175.4951026,10.0,-3.0,-40.0
1776886175.5051026,9.0,-6.0,-44.0
1776886175.5151026,9.0,-2.0,-43.0
1776886175.5251029,9.0,-1.0,-43.0
1776886175.5351028,6.0,0.0,-39.0
1776886175.5451028,0.0,-3.0,-35.0
1776886175.5551028,-3.0,-2.0,-30.0
1776886175.5651028,0.0,0.0,-29.0
1776886175.5751028,8.0,-1.0,-31.0
1776886175.5851028,6.0,0.0,-24.0
1776886175.5951028,3.0,6.0,-25.0
1776886175.6051028,5.0,6.0,-26.0
1776886175.6151028,4.0,4.0,-28.0
1776886175.6251028,2.0,-1.0,-31.0
1776886175.6351027,6.0,-4.0,-31.0
1776886175.6451027,7.0,-5.0,-32.0
1776886175.6551027,6.0,-4.0,-35.0
1776886175.6651027,1.0,-3.0,-40.0
1776886175.6751027,2.0,2.0,-40.0
1776886175.6851027,2.0,0.0,-47.0
1776886175.6951027,0.0,0.0,-52.0
1776886175.7051027,0.0,-3.0,-51.0
1776886175.715103,-4.0,-3.0,-45.0
1776886175.725103,-6.0,-3.0,-49.0
1776886175.735103,-3.0,-2.0,-46.0
1776886175.7451026,0.0,2.0,-40.0
1776886175.7551026,3.0,2.0,-44.0
1776886175.7651026,0.0,1.0,-43.0
1776886175.7751029,1.0,-3.0,-46.0
1776886175.7851028,0.0,-10.0,-42.0
1776886175.7951028,0.0,-10.0,-44.0
1776886175.8051028,0.0,-7.0,-34.0
1776886175.8151028,0.0,-9.0,-30.0
1776886175.8251028,0.0,-9.0,-40.0
1776886175.8351028,-1.0,-8.0,-44.0
1776886175.8451028,-1.0,-6.0,-47.0
1776886175.8551028,-1.0,-7.0,-46.0
1776886175.8651028,-2.0,-6.0,-45.0
1776886175.8751028,-2.0,-6.0,-44.0
1776886175.8851027,0.0,-2.0,-37.0
1776886175.8951027,-2.0,0.0,-34.0
1776886175.9051027,0.0,0.0,-30.0
1776886175.9151027,0.0,-1.0,-33.0
1776886175.9251027,0.0,-1.0,-31.0
1776886175.9351027,2.0,-2.0,-29.0
1776886175.9451027,5.0,0.0,-29.0
1776886175.9551027,5.0,-1.0,-34.0
1776886175.965103,7.0,-5.0,-42.0
1776886175.975103,3.0,-7.0,-47.0
1776886175.985103,4.0,-7.0,-47.0
1776886175.9951026,6.0,-7.0,-47.0
1776886176.0051026,9.0,-8.0,-51.0
1776886176.0151026,10.0,-6.0,-49.0
1776886176.0251029,7.0,-9.0,-45.0
1776886176.0351028,6.0,-8.0,-47.0
1776886176.0451028,4.0,-8.0,-43.0
1776886176.0551028,3.0,-7.0,-37.0
1776886176.0651028,-3.0,-5.0,-35.0
1776886176.0751028,-5.0,-2.0,-34.0
1776886176.0861027,-3.0,0.0,-39.0
1776886176.0961027,-1.0,3.0,-36.0
1776886176.1061027,1.0,-2.0,-31.0
1776886176.1161027,0.0,0.0,-34.0
1776886176.1261027,-2.0,-1.0,-31.0
1776886176.136103,-3.0,-2.0,-30.0
1776886176.146103,-6.0,-2.0,-33.0
1776886176.156103,-8.0,-5.0,-31.0
1776886176.1661026,-7.0,-6.0,-36.0
1776886176.1761026,-7.0,-3.0,-40.0
1776886176.1861026,-5.0,-1.0,-33.0
1776886176.1961029,-3.0,-6.0,-33.0
1776886176.2061028,-3.0,-1.0,-37.0
1776886176.2161028,0.0,-2.0,-36.0
1776886176.2261028,-8.0,-2.0,-42.0
1776886176.2361028,-6.0,-2.0,-44.0
1776886176.2461028,-5.0,-4.0,-44.0
1776886176.2561028,-6.0,-11.0,-40.0
1776886176.2661028,-1.0,-12.0,-39.0
1776886176.2761028,-4.0,-8.0,-36.0
1776886176.2861028,-3.0,-6.0,-34.0
1776886176.2961028,-3.0,-7.0,-33.0
1776886176.3061028,-4.0,-9.0,-30.0
1776886176.3161027,-6.0,-8.0,-32.0
1776886176.3261027,-6.0,-7.0,-30.0
1776886176.3361027,-5.0,-5.0,-31.0
1776886176.3461027,-3.0,-2.0,-34.0
1776886176.3561027,-5.0,-4.0,-38.0
1776886176.3661027,-7.0,-7.0,-38.0
1776886176.3761027,-3.0,-6.0,-42.0
1776886176.386103,-3.0,-7.0,-34.0
1776886176.396103,-4.0,-7.0,-35.0
1776886176.406103,-1.0,-5.0,-37.0
1776886176.4161026,0.0,-3.0,-34.0
1776886176.4261026,0.0,-8.0,-39.0
1776886176.4361026,0.0,-11.0,-41.0
1776886176.4461029,-1.0,-7.0,-41.0
1776886176.4561028,-7.0,-5.0,-43.0
1776886176.4661028,-10.0,-2.0,-39.0
1776886176.4761028,-10.0,0.0,-37.0
1776886176.4861028,-7.0,-3.0,-33.0
1776886176.4961028,-7.0,-3.0,-30.0
1776886176.5061028,-5.0,-5.0,-34.0
1776886176.5161028,-6.0,-1.0,-34.0
1776886176.5261028,-4.0,-4.0,-33.0
1776886176.5361028,-2.0,-2.0,-29.0
1776886176.5461028,0.0,-3.0,-27.0
1776886176.5561028,2.0,-3.0,-32.0
1776886176.5661027,0.0,-3.0,-32.0
1776886176.5761027,0.0,0.0,-33.0
1776886176.5861027,0.0,3.0,-32.0
1776886176.5961027,5.0,4.0,-33.0
1776886176.6061027,0.0,0.0,-33.0
1776886176.6161027,-2.0,-1.0,-42.0
1776886176.6261027,-1.0,0.0,-39.0
1776886176.636103,1.0,0.0,-31.0
1776886176.646103,2.0,0.0,-26.0
1776886176.656103,4.0,-2.0,-21.0
1776886176.6661026,2.0,-4.0,-25.0
1776886176.6761026,3.0,-5.0,-36.0
1776886176.6861026,0.0,-3.0,-43.0
1776886176.6961029,0.0,-3.0,-50.0
1776886176.7061028,2.0,-3.0,-52.0
1776886176.7161028,3.0,0.0,-56.0
1776886176.7261028,-4.0,1.0,-49.0
1776886176.7361028,-4.0,1.0,-51.0
1776886176.7461028,-2.0,3.0,-47.0
1776886176.7561028,-2.0,1.0,-45.0
1776886176.7661028,0.0,3.0,-43.0
1776886176.7761028,0.0,0.0,-35.0
1776886176.7861028,2.0,-2.0,-35.0
1776886176.7961028,0.0,-3.0,-36.0
1776886176.8061028,2.0,0.0,-37.0
1776886176.8161027,3.0,2.0,-35.0
1776886176.8261027,2.0,1.0,-30.0
1776886176.8361027,3.0,1.0,-31.0
1776886176.8461027,3.0,4.0,-35.0
1776886176.8561027,0.0,2.0,-39.0
1776886176.8661027,1.0,0.0,-46.0
1776886176.8761027,4.0,-1.0,-51.0
1776886176.886103,4.0,0.0,-45.0
1776886176.896103,4.0,-2.0,-43.0
1776886176.906103,3.0,1.0,-46.0
1776886176.9161026,3.0,3.0,-42.0
1776886176.9261026,2.0,1.0,-36.0
1776886176.9361026,0.0,4.0,-30.0
1776886176.9461029,-1.0,2.0,-37.0
1776886176.9561028,0.0,5.0,-33.0
1776886176.9661028,-1.0,6.0,-27.0
1776886176.9761028,-3.0,2.0,-34.0
1776886176.9861028,0.0,1.0,-36.0
1776886176.9961028,0.0,0.0,-35.0
1776886177.0061028,-1.0,0.0,-34.0
1776886177.0161028,1.0,2.0,-36.0
1776886177.0261028,0.0,0.0,-41.0
1776886177.0361028,2.0,-1.0,-41.0
1776886177.0461028,-1.0,-2.0,-35.0
1776886177.0561028,0.0,0.0,-31.0
1776886177.0661027,-4.0,0.0,-35.0
1776886177.0761027,-2.0,1.0,-29.0
1776886177.0861027,3.0,0.0,-33.0
1776886177.0961027,6.0,0.0,-37.0
1776886177.1061027,2.0,-1.0,-44.0
1776886177.1161027,0.0,0.0,-49.0
1776886177.1261027,2.0,2.0,-47.0
1776886177.136103,0.0,1.0,-39.0
1776886177.146103,-1.0,-1.0,-38.0
1776886177.156103,-1.0,0.0,-44.0
1776886177.1661026,2.0,0.0,-47.0
1776886177.1761026,1.0,-3.0,-48.0
1776886177.1861026,-3.0,-1.0,-51.0
1776886177.1961029,-4.0,0.0,-48.0
1776886177.2061028,-5.0,-2.0,-47.0
1776886177.2161028,-1.0,-1.0,-48.0
1776886177.2261028,-2.0,1.0,-49.0
1776886177.2361028,-2.0,0.0,-48.0
1776886177.2461028,-4.0,-2.0,-51.0
1776886177.2561028,-6.0,-3.0,-47.0
1776886177.2661028,-6.0,-4.0,-43.0
1776886177.2761028,-5.0,-1.0,-36.0
1776886177.2861028,-7.0,-1.0,-36.0
1776886177.2961028,-5.0,-3.0,-37.0
1776886177.3061028,-2.0,0.0,-43.0
1776886177.3161027,-1.0,-1.0,-47.0
1776886177.3261027,-2.0,-1.0,-48.0
1776886177.3361027,-5.0,2.0,-45.0
1776886177.3461027,-4.0,0.0,-49.0
1776886177.3561027,2.0,5.0,-46.0
1776886177.3661027,4.0,3.0,-42.0
1776886177.3761027,1.0,4.0,-44.0
1776886177.386103,3.0,-1.0,-43.0
1776886177.396103,6.0,2.0,-39.0
1776886177.406103,6.0,5.0,-37.0
1776886177.4161026,3.0,2.0,-38.0
1776886177.4261026,4.0,3.0,-44.0
1776886177.4361026,4.0,1.0,-42.0
1776886177.4461029,4.0,-1.0,-33.0
1776886177.4561028,1.0,-1.0,-34.0
1776886177.4661028,-1.0,0.0,-39.0
1776886177.4761028,-2.0,-1.0,-39.0
1776886177.4861028,-4.0,0.0,-44.0
1776886177.4961028,-4.0,1.0,-43.0
1776886177.5061028,-1.0,0.0,-41.0
1776886177.5161028,-4.0,0.0,-40.0
1776886177.5261028,-1.0,-2.0,-49.0
1776886177.5361028,0.0,-5.0,-51.0
1776886177.5461028,0.0,-3.0,-47.0
1776886177.5561028,-1.0,-5.0,-51.0
1776886177.5661027,2.0,-2.0,-47.0
1776886177.5761027,5.0,-2.0,-41.0
1776886177.5861027,4.0,-2.0,-31.0
1776886177.5961027,3.0,1.0,-35.0
1776886177.6061027,5.0,0.0,-41.0
1776886177.6161027,7.0,0.0,-38.0
1776886177.6261027,2.0,0.0,-28.0
1776886177.636103,-1.0,-1.0,-33.0
1776886177.646103,0.0,0.0,-34.0
1776886177.656103,-7.0,1.0,-42.0
1776886177.6661026,-9.0,-2.0,-40.0
1776886177.6761026,-10.0,-1.0,-43.0
1776886177.6861026,-7.0,-5.0,-42.0
1776886177.6961029,-7.0,-3.0,-39.0
1776886177.7061028,-12.0,-4.0,-40.0
1776886177.7161028,-9.0,-1.0,-37.0
1776886177.7261028,-5.0,0.0,-37.0
1776886177.7361028,-2.0,-1.0,-35.0
1776886177.7461028,-1.0,-4.0,-40.0
1776886177.7561028,-1.0,-3.0,-40.0
1776886177.7661028,0.0,-1.0,-36.0
1776886177.7761028,0.0,-4.0,-43.0
1776886177.7861028,4.0,-1.0,-41.0
1776886177.7961028,0.0,4.0,-38.0
1776886177.8061028,3.0,8.0,-40.0
1776886177.8161027,1.0,11.0,-45.0
1776886177.8261027,-3.0,7.0,-39.0
1776886177.8361027,-3.0,5.0,-31.0
1776886177.8461027,-4.0,1.0,-31.0
1776886177.8561027,0.0,-3.0,-28.0
1776886177.8661027,4.0,-6.0,-26.0
1776886177.8761027,6.0,-5.0,-30.0
1776886177.886103,5.0,-2.0,-32.0
1776886177.896103,5.0,-5.0,-34.0
1776886177.906103,1.0,-9.0,-36.0
1776886177.9161026,0.0,-9.0,-37.0
1776886177.9261026,0.0,-1.0,-40.0
1776886177.9361026,-2.0,4.0,-42.0
1776886177.9461029,-2.0,6.0,-41.0
1776886177.9561028,4.0,6.0,-44.0
1776886177.9661028,1.0,2.0,-46.0
1776886177.9761028,2.0,2.0,-50.0
1776886177.9861028,0.0,2.0,-49.0
1776886177.9961028,-3.0,0.0,-42.0
1776886178.0061028,-6.0,1.0,-42.0
1776886178.0161028,-2.0,0.0,-38.0
1776886178.0261028,-3.0,1.0,-30.0
1776886178.0361028,1.0,4.0,-26.0
1776886178.0461028,1.0,1.0,-29.0
1776886178.0561028,3.0,0.0,-35.0
1776886178.0661027,1.0,-2.0,-37.0
1776886178.077103,2.0,0.0,-36.0
1776886178.0861027,4.0,0.0,-36.0
1776886178.0971026,6.0,6.0,-31.0
1776886178.1071026,6.0,6.0,-32.0
1776886178.1171026,3.0,3.0,-35.0
1776886178.1271029,2.0,5.0,-32.0
1776886178.1371028,3.0,2.0,-35.0
1776886178.1471028,3.0,1.0,-34.0
1776886178.1571028,5.0,2.0,-30.0
1776886178.1671028,1.0,2.0,-26.0
1776886178.1771028,-2.0,3.0,-28.0
1776886178.1871028,0.0,5.0,-31.0
1776886178.1971028,4.0,3.0,-40.0
1776886178.2071028,6.0,-3.0,-42.0
1776886178.2171028,9.0,-6.0,-40.0
1776886178.2271028,3.0,-7.0,-32.0
1776886178.2371027,5.0,-7.0,-32.0
1776886178.2471027,4.0,-8.0,-30.0
1776886178.2571027,0.0,-7.0,-34.0
1776886178.2671027,0.0,-8.0,-33.0
1776886178.2771027,0.0,-5.0,-31.0
1776886178.2871027,2.0,-4.0,-36.0
1776886178.2971027,4.0,-3.0,-38.0
1776886178.307103,4.0,-1.0,-33.0
1776886178.317103,4.0,-1.0,-37.0
1776886178.327103,1.0,-2.0,-42.0
1776886178.337103,0.0,1.0,-37.0
1776886178.3471026,3.0,-1.0,-36.0
1776886178.3571026,4.0,0.0,-35.0
1776886178.3671026,0.0,0.0,-32.0
1776886178.3771029,4.0,-5.0,-28.0
1776886178.3871028,1.0,-5.0,-28.0
1776886178.3971028,-1.0,-7.0,-41.0
1776886178.4071028,-3.0,-7.0,-42.0
1776886178.4171028,-2.0,-4.0,-45.0
1776886178.4271028,1.0,-6.0,-39.0
1776886178.4371028,0.0,-5.0,-32.0
1776886178.4471028,0.0,-6.0,-33.0
1776886178.4571028,-2.0,-7.0,-39.0
1776886178.4671028,-5.0,-10.0,-42.0
1776886178.4771028,-5.0,-9.0,-37.0
1776886178.4871027,-4.0,-8.0,-38.0
1776886178.4971027,-4.0,-4.0,-38.0
1776886178.5071027,-5.0,-3.0,-40.0
1776886178.5171027,-1.0,-5.0,-45.0
1776886178.5271027,1.0,-6.0,-33.0
1776886178.5371027,3.0,-2.0,-33.0
1776886178.5471027,2.0,-4.0,-41.0
1776886178.557103,2.0,0.0,-43.0
1776886178.567103,3.0,0.0,-39.0
1776886178.577103,-1.0,-1.0,-38.0
1776886178.587103,-1.0,-1.0,-43.0
1776886178.5971026,-1.0,-3.0,-43.0
1776886178.6071026,-3.0,-4.0,-48.0
1776886178.6171026,-3.0,-2.0,-54.0
1776886178.6271029,-1.0,1.0,-53.0
1776886178.6371028,0.0,5.0,-56.0
1776886178.6471028,-2.0,2.0,-48.0
1776886178.6571028,-1.0,2.0,-45.0
1776886178.6671028,0.0,3.0,-47.0
1776886178.6771028,-1.0,3.0,-44.0
1776886178.6871028,0.0,0.0,-35.0
1776886178.6971028,0.0,1.0,-34.0
1776886178.7071028,0.0,1.0,-25.0
1776886178.7171028,-1.0,4.0,-26.0
1776886178.7271028,-2.0,1.0,-25.0
1776886178.7371027,-4.0,2.0,-27.0
1776886178.7471027,-5.0,5.0,-31.0
1776886178.7571027,0.0,6.0,-32.0
1776886178.7671027,0.0,5.0,-38.0
1776886178.7771027,2.0,1.0,-39.0
1776886178.7871027,1.0,0.0,-35.0
1776886178.7971027,3.0,3.0,-35.0
1776886178.807103,1.0,6.0,-33.0
1776886178.817103,3.0,6.0,-33.0
1776886178.827103,7.0,2.0,-34.0
1776886178.837103,6.0,0.0,-32.0
1776886178.8471026,6.0,1.0,-33.0
1776886178.8571026,6.0,4.0,-37.0
1776886178.8671026,1.0,5.0,-42.0
1776886178.8771029,-1.0,1.0,-44.0
1776886178.8871028,0.0,-2.0,-46.0
1776886178.8971028,-2.0,-3.0,-47.0
1776886178.9071028,-1.0,-5.0,-45.0
1776886178.9171028,0.0,-7.0,-45.0
1776886178.9271028,0.0,-5.0,-49.0
1776886178.9371028,-1.0,-2.0,-46.0
1776886178.9471028,2.0,-3.0,-49.0
1776886178.9571028,1.0,-4.0,-47.0
1776886178.9671028,1.0,-3.0,-44.0
1776886178.9771028,2.0,-1.0,-42.0
1776886178.9871027,4.0,2.0,-49.0
1776886178.9971027,3.0,0.0,-48.0
1776886179.0071027,4.0,-2.0,-52.0
1776886179.0171027,6.0,0.0,-52.0
1776886179.0271027,7.0,-1.0,-51.0
1776886179.0371027,8.0,-1.0,-40.0
1776886179.0471027,6.0,1.0,-32.0
1776886179.057103,5.0,-1.0,-35.0
1776886179.067103,4.0,-2.0,-38.0
1776886179.077103,2.0,0.0,-43.0
1776886179.087103,3.0,-2.0,-38.0
1776886179.0971026,3.0,0.0,-40.0
1776886179.1071026,-3.0,0.0,-43.0
1776886179.1171026,-1.0,0.0,-42.0
1776886179.1271029,4.0,-4.0,-33.0
1776886179.1371028,1.0,-7.0,-28.0
1776886179.1471028,3.0,-5.0,-32.0
1776886179.1571028,-3.0,-4.0,-36.0
1776886179.1671028,-3.0,-4.0,-34.0
1776886179.1771028,-1.0,-5.0,-31.0
1776886179.1871028,0.0,-7.0,-38.0
1776886179.1971028,4.0,-2.0,-37.0
1776886179.2071028,5.0,0.0,-44.0
1776886179.2171028,0.0,-3.0,-49.0
1776886179.2271028,0.0,-2.0,-46.0
1776886179.2371027,4.0,-3.0,-51.0
1776886179.2471027,5.0,-4.0,-53.0
1776886179.2571027,-2.0,-2.0,-50.0
1776886179.2671027,-2.0,-3.0,-50.0
1776886179.2771027,0.0,0.0,-45.0
1776886179.2871027,-2.0,0.0,-46.0
1776886179.2971027,-4.0,1.0,-42.0
1776886179.307103,-6.0,-1.0,-44.0
1776886179.317103,-6.0,-6.0,-39.0
1776886179.327103,0.0,-2.0,-41.0
1776886179.337103,2.0,1.0,-42.0
1776886179.3471026,-5.0,2.0,-44.0
1776886179.3571026,-6.0,0.0,-43.0
1776886179.3671026,-3.0,-3.0,-44.0
1776886179.3771029,0.0,-4.0,-41.0
1776886179.3871028,1.0,-3.0,-41.0
1776886179.3971028,0.0,-4.0,-39.0
1776886179.4071028,0.0,-4.0,-51.0
1776886179.4171028,5.0,-1.0,-52.0
1776886179.4271028,8.0,0.0,-49.0
1776886179.4371028,7.0,0.0,-40.0
1776886179.4471028,6.0,0.0,-38.0
1776886179.4571028,7.0,-3.0,-31.0
1776886179.4671028,6.0,-4.0,-34.0
1776886179.4771028,4.0,-1.0,-32.0
1776886179.4871027,4.0,0.0,-27.0
1776886179.4971027,6.0,-1.0,-28.0
1776886179.5071027,2.0,-2.0,-35.0
1776886179.5171027,-1.0,-4.0,-39.0
1776886179.5271027,0.0,-3.0,-45.0
1776886179.5371027,0.0,-3.0,-44.0
1776886179.5471027,3.0,3.0,-45.0
1776886179.557103,3.0,5.0,-38.0
1776886179.567103,6.0,2.0,-42.0
1776886179.577103,2.0,1.0,-34.0
1776886179.587103,0.0,1.0,-38.0
1776886179.5971026,2.0,0.0,-40.0
1776886179.6071026,1.0,-1.0,-40.0
1776886179.6171026,1.0,-2.0,-38.0
1776886179.6271029,-1.0,-1.0,-45.0
1776886179.6371028,-2.0,-3.0,-42.0
1776886179.6471028,-3.0,2.0,-43.0
1776886179.6571028,1.0,3.0,-38.0
1776886179.6671028,-1.0,1.0,-41.0
1776886179.6771028,-1.0,0.0,-38.0
1776886179.6871028,-2.0,0.0,-38.0
1776886179.6971028,-2.0,-5.0,-35.0
1776886179.7071028,-6.0,-8.0,-34.0
1776886179.7171028,-3.0,-7.0,-33.0
1776886179.7271028,-2.0,-7.0,-33.0
1776886179.7371027,2.0,-3.0,-33.0
1776886179.7471027,5.0,-5.0,-37.0
1776886179.7571027,1.0,-4.0,-45.0
1776886179.7671027,-1.0,-1.0,-46.0
1776886179.7771027,-1.0,-4.0,-43.0
1776886179.7871027,2.0,-6.0,-40.0
1776886179.7971027,1.0,-3.0,-46.0
1776886179.807103,0.0,-5.0,-47.0
1776886179.817103,1.0,-5.0,-49.0
1776886179.827103,3.0,-2.0,-44.0
1776886179.837103,1.0,-3.0,-47.0
1776886179.8471026,-3.0,-2.0,-40.0
1776886179.8571026,-1.0,-2.0,-38.0
1776886179.8671026,0.0,0.0,-43.0
1776886179.8771029,0.0,-3.0,-40.0
1776886179.8871028,-1.0,-1.0,-41.0
1776886179.8971028,0.0,-1.0,-38.0
1776886179.9071028,-1.0,-1.0,-34.0
1776886179.9171028,-3.0,-1.0,-38.0
1776886179.9271028,-2.0,-3.0,-42.0
1776886179.9371028,0.0,-2.0,-40.0
1776886179.9471028,-1.0,-3.0,-36.0
1776886179.9571028,-1.0,0.0,-38.0
1776886179.9671028,-3.0,4.0,-33.0
1776886179.9771028,-5.0,6.0,-38.0
1776886179.9871027,-9.0,7.0,-45.0
1776886179.9971027,-4.0,4.0,-42.0
1776886180.0071027,0.0,-1.0,-39.0
1776886180.0171027,-2.0,-5.0,-38.0
1776886180.0271027,-1.0,-4.0,-33.0
1776886180.0371027,0.0,-8.0,-38.0
1776886180.0481029,0.0,-7.0,-35.0
1776886180.0581028,1.0,-11.0,-39.0
1776886180.067103,0.0,-13.0,-32.0
1776886180.0781028,0.0,-8.0,-32.0
1776886180.0881028,2.0,-9.0,-32.0
1776886180.0981028,0.0,-8.0,-36.0
1776886180.1081028,0.0,-5.0,-30.0
1776886180.1181028,2.0,-7.0,-31.0
1776886180.1281028,1.0,-2.0,-31.0
1776886180.1381028,1.0,-4.0,-38.0
1776886180.1481028,0.0,-5.0,-45.0
1776886180.1581028,0.0,-3.0,-48.0
1776886180.1681027,0.0,-2.0,-48.0
1776886180.1781027,0.0,-4.0,-49.0
1776886180.1881027,1.0,-2.0,-41.0
1776886180.1981027,-2.0,-1.0,-35.0
1776886180.2081027,-5.0,0.0,-35.0
1776886180.2181027,-3.0,-2.0,-41.0
1776886180.2281027,-1.0,-2.0,-38.0
1776886180.238103,-1.0,-5.0,-38.0
1776886180.248103,3.0,-7.0,-32.0
1776886180.258103,4.0,-7.0,-34.0
1776886180.2681026,0.0,-11.0,-35.0
1776886180.2781026,1.0,-7.0,-41.0
1776886180.2881026,-2.0,-8.0,-41.0
1776886180.2981029,1.0,-7.0,-39.0
1776886180.3081028,-1.0,-7.0,-47.0
1776886180.3181028,0.0,-4.0,-49.0
1776886180.3281028,1.0,-11.0,-41.0
1776886180.3381028,-1.0,-10.0,-36.0
1776886180.3481028,-3.0,-8.0,-36.0
1776886180.3581028,-3.0,-3.0,-33.0
1776886180.3681028,2.0,-2.0,-35.0
1776886180.3781028,2.0,-2.0,-35.0
1776886180.3881028,-4.0,2.0,-37.0
1776886180.3981028,-2.0,0.0,-37.0
1776886180.4081028,0.0,2.0,-43.0
1776886180.4181027,3.0,1.0,-42.0
1776886180.4281027,-1.0,-1.0,-43.0
1776886180.4381027,-2.0,1.0,-44.0
1776886180.4481027,0.0,0.0,-43.0
1776886180.4581027,-4.0,0.0,-48.0
1776886180.4681027,2.0,0.0,-44.0
1776886180.4781027,7.0,0.0,-39.0
1776886180.488103,6.0,2.0,-35.0
1776886180.498103,6.0,0.0,-41.0
1776886180.508103,6.0,-1.0,-45.0
1776886180.5181026,7.0,-2.0,-37.0
1776886180.5281026,1.0,-4.0,-30.0
1776886180.5381026,-3.0,-6.0,-32.0
1776886180.5481029,-6.0,-9.0,-36.0
1776886180.5581028,-9.0,-9.0,-34.0
1776886180.5681028,-4.0,-9.0,-35.0
1776886180.5781028,-4.0,-6.0,-30.0
1776886180.5881028,-3.0,-4.0,-32.0
1776886180.5981028,1.0,-4.0,-39.0
1776886180.6081028,5.0,0.0,-41.0
1776886180.6181028,5.0,0.0,-37.0
1776886180.6281028,0.0,2.0,-34.0
1776886180.6381028,-2.0,-1.0,-33.0
1776886180.6481028,0.0,-2.0,-27.0
1776886180.6581028,2.0,-4.0,-36.0
1776886180.6681027,3.0,-3.0,-37.0
1776886180.6781027,1.0,-4.0,-35.0
1776886180.6881027,1.0,-4.0,-38.0
1776886180.6981027,-2.0,-4.0,-43.0
1776886180.7081027,0.0,-2.0,-48.0
1776886180.7181027,-1.0,1.0,-51.0
1776886180.7281027,-3.0,5.0,-48.0
1776886180.738103,-2.0,0.0,-50.0
1776886180.748103,-1.0,-1.0,-51.0
1776886180.758103,3.0,-4.0,-45.0
1776886180.7681026,8.0,-5.0,-46.0
1776886180.7781026,12.0,-5.0,-42.0
1776886180.7881026,9.0,-4.0,-41.0
1776886180.7981029,8.0,-7.0,-44.0
1776886180.8081028,7.0,-8.0,-41.0
1776886180.8181028,7.0,-4.0,-40.0
1776886180.8281028,4.0,-5.0,-51.0
1776886180.8381028,2.0,-5.0,-55.0
1776886180.8481028,1.0,0.0,-48.0
1776886180.8581028,0.0,-1.0,-49.0
1776886180.8681028,2.0,1.0,-45.0
1776886180.8781028,3.0,-1.0,-37.0
1776886180.8881028,4.0,-2.0,-32.0
1776886180.8981028,5.0,0.0,-39.0
1776886180.9081028,7.0,-2.0,-41.0
1776886180.9181027,7.0,-8.0,-38.0
1776886180.9281027,5.0,-6.0,-47.0
1776886180.9381027,7.0,-10.0,-52.0
1776886180.9481027,5.0,-6.0,-47.0
1776886180.9581027,4.0,-6.0,-44.0
1776886180.9681027,4.0,-7.0,-46.0
1776886180.9781027,1.0,-7.0,-40.0
1776886180.988103,1.0,-3.0,-39.0
1776886180.998103,3.0,-2.0,-39.0
1776886181.008103,5.0,-3.0,-37.0
1776886181.0181026,3.0,-4.0,-45.0
1776886181.0281026,3.0,-8.0,-39.0
1776886181.0381026,0.0,-8.0,-42.0
1776886181.0481029,0.0,-9.0,-46.0
1776886181.0581028,1.0,-5.0,-44.0
1776886181.0681028,0.0,-2.0,-40.0
1776886181.0781028,2.0,-1.0,-38.0
1776886181.0881028,2.0,-3.0,-37.0
1776886181.0981028,4.0,-7.0,-43.0
1776886181.1081028,0.0,-8.0,-37.0
1776886181.1181028,1.0,-8.0,-42.0
1776886181.1281028,3.0,-4.0,-47.0
1776886181.1381028,2.0,-2.0,-47.0
1776886181.1481028,6.0,-3.0,-45.0
1776886181.1581028,3.0,-4.0,-42.0
1776886181.1681027,5.0,-5.0,-42.0
1776886181.1781027,8.0,-5.0,-46.0
1776886181.1881027,3.0,-4.0,-41.0
1776886181.1981027,2.0,-3.0,-34.0
1776886181.2081027,4.0,-4.0,-36.0
1776886181.2181027,2.0,-6.0,-35.0
1776886181.2281027,3.0,-3.0,-34.0
1776886181.238103,0.0,-3.0,-26.0
1776886181.248103,-1.0,-4.0,-27.0
1776886181.258103,2.0,-2.0,-37.0
1776886181.2681026,-3.0,-1.0,-35.0
1776886181.2781026,-7.0,0.0,-36.0
1776886181.2881026,-3.0,0.0,-36.0
1776886181.2981029,0.0,0.0,-36.0
1776886181.3081028,0.0,-2.0,-44.0
1776886181.3181028,3.0,-4.0,-43.0
1776886181.3281028,4.0,-1.0,-45.0
1776886181.3381028,5.0,0.0,-42.0
1776886181.3481028,2.0,-3.0,-48.0
1776886181.3581028,0.0,-4.0,-43.0
1776886181.3681028,0.0,0.0,-40.0
1776886181.3781028,0.0,-4.0,-39.0
1776886181.3881028,0.0,-7.0,-38.0
1776886181.3981028,1.0,-2.0,-47.0
1776886181.4081028,2.0,2.0,-44.0
1776886181.4181027,3.0,0.0,-38.0
1776886181.4281027,4.0,-3.0,-37.0
1776886181.4381027,2.0,-3.0,-34.0
1776886181.4481027,9.0,-2.0,-29.0
1776886181.4581027,8.0,3.0,-28.0
1776886181.4681027,10.0,6.0,-25.0
1776886181.4781027,7.0,9.0,-30.0
1776886181.488103,2.0,7.0,-38.0
1776886181.498103,1.0,7.0,-38.0
1776886181.508103,-1.0,6.0,-40.0
1776886181.5181026,-3.0,0.0,-33.0
1776886181.5281026,-7.0,-2.0,-37.0
1776886181.5381026,-5.0,-3.0,-37.0
1776886181.5481029,-7.0,-1.0,-33.0
1776886181.5581028,-4.0,0.0,-31.0
1776886181.5681028,-2.0,0.0,-25.0
1776886181.5781028,-3.0,0.0,-19.0
1776886181.5881028,-13.0,1.0,-26.0
1776886181.5981028,-9.0,-2.0,-24.0
1776886181.6081028,-9.0,-6.0,-36.0
1776886181.6181028,-9.0,-6.0,-40.0
1776886181.6281028,-8.0,-5.0,-40.0
1776886181.6381028,-4.0,-4.0,-37.0
1776886181.6481028,0.0,-5.0,-38.0
1776886181.6581028,-1.0,-7.0,-45.0
1776886181.6681027,0.0,-7.0,-52.0
1776886181.6781027,2.0,-10.0,-50.0
1776886181.6881027,8.0,-10.0,-46.0
1776886181.6981027,5.0,-10.0,-42.0
1776886181.7081027,11.0,-10.0,-41.0
1776886181.7181027,7.0,-11.0,-31.0
1776886181.7281027,7.0,-10.0,-31.0
1776886181.738103,8.0,-9.0,-28.0
1776886181.748103,6.0,-10.0,-31.0
1776886181.758103,6.0,-7.0,-28.0
1776886181.7681026,10.0,-5.0,-28.0
1776886181.7781026,9.0,-6.0,-30.0
1776886181.7881026,6.0,-10.0,-30.0
1776886181.7981029,6.0,-9.0,-31.0
1776886181.8081028,7.0,-8.0,-31.0
1776886181.8181028,6.0,-2.0,-39.0
1776886181.8281028,3.0,-1.0,-31.0
1776886181.8381028,0.0,-5.0,-36.0
1776886181.8481028,-3.0,-3.0,-32.0
1776886181.8581028,0.0,-3.0,-31.0
1776886181.8681028,-2.0,1.0,-27.0
1776886181.8781028,-1.0,0.0,-29.0
1776886181.8881028,0.0,4.0,-27.0
1776886181.8981028,0.0,3.0,-30.0
1776886181.9081028,1.0,2.0,-31.0
1776886181.9181027,5.0,2.0,-21.0
1776886181.9281027,1.0,2.0,-24.0
1776886181.9381027,3.0,2.0,-29.0
1776886181.9481027,4.0,2.0,-26.0
1776886181.9581027,2.0,-1.0,-25.0
1776886181.9681027,-4.0,-4.0,-29.0
1776886181.9781027,-4.0,-4.0,-38.0
1776886181.988103,-1.0,-3.0,-42.0
1776886181.998103,-2.0,0.0,-43.0
1776886182.008103,-1.0,0.0,-47.0
1776886182.0181026,0.0,-2.0,-37.0
1776886182.0291028,0.0,-3.0,-45.0
1776886182.0381026,-1.0,-4.0,-46.0
1776886182.0491028,0.0,-4.0,-48.0
1776886182.0581028,-3.0,-3.0,-48.0
1776886182.0691028,-3.0,-2.0,-45.0
1776886182.0791028,-2.0,0.0,-39.0
1776886182.0891027,0.0,-2.0,-42.0
1776886182.0991027,1.0,-5.0,-47.0
1776886182.1091027,2.0,-3.0,-44.0
1776886182.1191027,5.0,-2.0,-43.0
1776886182.1291027,4.0,-4.0,-43.0
1776886182.1391027,3.0,-3.0,-46.0
1776886182.1491027,0.0,0.0,-48.0
1776886182.159103,-2.0,2.0,-42.0
1776886182.169103,2.0,2.0,-45.0
1776886182.179103,7.0,0.0,-47.0
1776886182.1891026,7.0,1.0,-38.0
1776886182.1991026,8.0,1.0,-40.0
1776886182.2091026,6.0,3.0,-42.0
1776886182.2191026,0.0,1.0,-43.0
1776886182.2291028,-1.0,0.0,-49.0
1776886182.2391028,-1.0,1.0,-47.0
1776886182.2491028,0.0,2.0,-44.0
1776886182.2591028,-3.0,-1.0,-37.0
1776886182.2691028,0.0,-3.0,-38.0
1776886182.2791028,-3.0,-4.0,-40.0
1776886182.2891028,-8.0,-4.0,-40.0
1776886182.2991028,-8.0,-3.0,-46.0
1776886182.3091028,-4.0,-5.0,-42.0
1776886182.3191028,1.0,-1.0,-37.0
1776886182.3291028,3.0,-5.0,-36.0
1776886182.3391027,0.0,-3.0,-32.0
1776886182.3491027,0.0,2.0,-32.0
1776886182.3591027,2.0,1.0,-33.0
1776886182.3691027,0.0,1.0,-30.0
1776886182.3791027,5.0,2.0,-36.0
1776886182.3891027,5.0,0.0,-40.0
1776886182.3991027,3.0,0.0,-44.0
1776886182.409103,-4.0,0.0,-42.0
1776886182.419103,-4.0,-2.0,-43.0
1776886182.429103,-3.0,0.0,-40.0
1776886182.4391026,-3.0,-7.0,-42.0
1776886182.4491026,-6.0,-7.0,-44.0
1776886182.4591026,-3.0,-8.0,-44.0
1776886182.4691026,-2.0,-4.0,-36.0
1776886182.4791028,1.0,-2.0,-33.0
1776886182.4891028,3.0,0.0,-37.0
1776886182.4991028,5.0,-3.0,-33.0
1776886182.5091028,0.0,-2.0,-36.0
1776886182.5191028,-1.0,0.0,-34.0
1776886182.5291028,-2.0,-2.0,-33.0
1776886182.5391028,-4.0,-2.0,-36.0
1776886182.5491028,-6.0,0.0,-37.0
1776886182.5591028,-4.0,1.0,-40.0
1776886182.5691028,-3.0,0.0,-48.0
1776886182.5791028,0.0,2.0,-45.0
1776886182.5891027,2.0,1.0,-47.0
1776886182.5991027,4.0,0.0,-52.0
1776886182.6091027,3.0,1.0,-45.0
1776886182.6191027,1.0,0.0,-43.0
1776886182.6291027,2.0,3.0,-46.0
1776886182.6391027,6.0,2.0,-45.0
1776886182.6491027,5.0,4.0,-46.0
1776886182.659103,-2.0,3.0,-55.0
1776886182.669103,-3.0,6.0,-53.0
1776886182.679103,-3.0,5.0,-55.0
1776886182.6891026,-2.0,3.0,-55.0
1776886182.6991026,-1.0,1.0,-52.0
1776886182.7091026,-2.0,-1.0,-44.0
1776886182.7191026,-9.0,1.0,-42.0
1776886182.7291028,-8.0,2.0,-40.0
1776886182.7391028,-6.0,0.0,-43.0
1776886182.7491028,-4.0,2.0,-41.0
1776886182.7591028,0.0,0.0,-44.0
1776886182.7691028,-1.0,-4.0,-48.0
1776886182.7791028,-1.0,-3.0,-56.0
1776886182.7891028,0.0,-2.0,-60.0
1776886182.7991028,0.0,-2.0,-53.0
1776886182.8091028,5.0,-1.0,-53.0
1776886182.8191028,5.0,-3.0,-46.0
1776886182.8291028,4.0,-6.0,-45.0
1776886182.8391027,3.0,-7.0,-46.0
1776886182.8491027,2.0,-7.0,-51.0
1776886182.8591027,2.0,-9.0,-55.0
1776886182.8691027,1.0,-5.0,-46.0
1776886182.8791027,0.0,-6.0,-36.0
1776886182.8891027,1.0,-7.0,-39.0
1776886182.8991027,1.0,-9.0,-40.0
1776886182.909103,0.0,-8.0,-40.0
1776886182.919103,-4.0,-9.0,-35.0
1776886182.929103,-4.0,-6.0,-31.0
1776886182.9391026,-8.0,-2.0,-35.0
1776886182.9491026,-6.0,-5.0,-34.0
1776886182.9591026,-3.0,-5.0,-31.0
1776886182.9691026,0.0,-6.0,-38.0
1776886182.9791028,-1.0,-3.0,-41.0
1776886182.9891028,-2.0,-6.0,-34.0
1776886182.9991028,0.0,-6.0,-43.0
1776886183.0091028,-1.0,-4.0,-40.0
1776886183.0191028,-7.0,-1.0,-37.0
1776886183.0291028,-5.0,-2.0,-40.0
1776886183.0391028,-9.0,-3.0,-41.0
1776886183.0491028,-8.0,-1.0,-34.0
1776886183.0591028,-7.0,-2.0,-30.0
1776886183.0691028,-3.0,-1.0,-18.0
1776886183.0791028,6.0,0.0,-20.0
1776886183.0891027,8.0,0.0,-25.0
1776886183.0991027,0.0,-2.0,-25.0
1776886183.1091027,0.0,-2.0,-26.0
1776886183.1191027,3.0,0.0,-21.0
1776886183.1291027,2.0,-1.0,-22.0
1776886183.1391027,-1.0,0.0,-27.0
1776886183.1491027,0.0,-1.0,-32.0
1776886183.159103,-2.0,0.0,-40.0
1776886183.169103,-4.0,0.0,-42.0
1776886183.179103,1.0,-4.0,-42.0
1776886183.1891026,5.0,-8.0,-39.0
1776886183.1991026,6.0,-7.0,-37.0
1776886183.2091026,8.0,-2.0,-32.0
1776886183.2191026,9.0,-5.0,-38.0
1776886183.2291028,8.0,-3.0,-44.0
1776886183.2391028,6.0,-5.0,-46.0
1776886183.2491028,9.0,-3.0,-45.0
1776886183.2591028,6.0,-4.0,-50.0
1776886183.2691028,3.0,-1.0,-49.0
1776886183.2791028,-2.0,-3.0,-46.0
1776886183.2891028,-1.0,-5.0,-47.0
1776886183.2991028,-3.0,-3.0,-47.0
1776886183.3091028,-4.0,-2.0,-50.0
1776886183.3191028,-1.0,-4.0,-56.0
1776886183.3291028,3.0,-4.0,-54.0
1776886183.3391027,7.0,-4.0,-42.0
1776886183.3491027,6.0,0.0,-33.0
1776886183.3591027,0.0,0.0,-31.0
1776886183.3691027,-2.0,0.0,-31.0
1776886183.3791027,-2.0,0.0,-28.0
1776886183.3891027,-1.0,-2.0,-34.0
1776886183.3991027,-2.0,-2.0,-38.0
1776886183.409103,-2.0,0.0,-40.0
1776886183.419103,0.0,-2.0,-39.0
1776886183.429103,3.0,-1.0,-38.0
1776886183.4391026,3.0,1.0,-39.0
1776886183.4491026,1.0,1.0,-37.0
1776886183.4591026,3.0,0.0,-40.0
1776886183.4691026,3.0,1.0,-35.0
1776886183.4791028,-2.0,0.0,-39.0
1776886183.4891028,-4.0,-4.0,-40.0
1776886183.4991028,-3.0,-4.0,-40.0
1776886183.5091028,-1.0,-4.0,-40.0
1776886183.5191028,3.0,-1.0,-40.0
1776886183.5291028,5.0,0.0,-34.0
1776886183.5391028,3.0,1.0,-38.0
1776886183.5491028,2.0,3.0,-52.0
1776886183.5591028,4.0,2.0,-41.0
1776886183.5691028,2.0,-2.0,-38.0
1776886183.5791028,2.0,-6.0,-46.0
1776886183.5891027,2.0,-5.0,-50.0
1776886183.5991027,-1.0,-5.0,-45.0
1776886183.6091027,2.0,-9.0,-43.0
1776886183.6191027,1.0,-12.0,-43.0
1776886183.6291027,-4.0,-16.0,-43.0
1776886183.6391027,-3.0,-11.0,-37.0
1776886183.6491027,-1.0,-6.0,-32.0
1776886183.659103,-5.0,-7.0,-32.0
1776886183.669103,-5.0,-4.0,-37.0
1776886183.679103,-2.0,-3.0,-43.0
1776886183.6891026,0.0,-2.0,-38.0
1776886183.6991026,3.0,-2.0,-27.0
1776886183.7091026,7.0,-4.0,-26.0
1776886183.7191026,8.0,-1.0,-36.0
1776886183.7291028,3.0,-2.0,-37.0
1776886183.7391028,6.0,-4.0,-37.0
1776886183.7491028,4.0,-7.0,-39.0
1776886183.7591028,1.0,-6.0,-43.0
1776886183.7691028,1.0,-4.0,-41.0
1776886183.7791028,1.0,-2.0,-46.0
1776886183.7891028,0.0,0.0,-45.0
1776886183.7991028,-4.0,-3.0,-41.0
1776886183.8091028,-4.0,-5.0,-43.0
1776886183.8191028,0.0,-6.0,-38.0
1776886183.8291028,2.0,-4.0,-38.0
1776886183.8391027,2.0,-1.0,-33.0
1776886183.8491027,-2.0,1.0,-37.0
1776886183.8591027,-4.0,-4.0,-35.0
1776886183.8691027,-2.0,-2.0,-32.0
1776886183.8791027,-1.0,0.0,-34.0
1776886183.8891027,0.0,0.0,-41.0
1776886183.8991027,3.0,2.0,-41.0
1776886183.909103,8.0,5.0,-38.0
1776886183.919103,9.0,3.0,-40.0
1776886183.929103,7.0,-4.0,-42.0
1776886183.9391026,2.0,-2.0,-38.0
1776886183.9491026,1.0,-3.0,-36.0
1776886183.9591026,1.0,-2.0,-38.0
1776886183.9691026,5.0,-4.0,-43.0
1776886183.9791028,5.0,-3.0,-42.0
1776886183.9891028,4.0,-4.0,-39.0
1776886183.9991028,4.0,-2.0,-41.0
1776886184.0091028,7.0,0.0,-47.0
1776886184.0201027,5.0,-3.0,-54.0
1776886184.0301027,7.0,-6.0,-55.0
1776886184.0401027,10.0,-4.0,-45.0
1776886184.0501027,10.0,-3.0,-41.0
1776886184.0601027,11.0,-3.0,-38.0
1776886184.0701027,6.0,0.0,-32.0
1776886184.0801027,-1.0,0.0,-35.0
1776886184.090103,-6.0,-2.0,-46.0
1776886184.100103,-1.0,-3.0,-33.0
1776886184.110103,0.0,-5.0,-29.0
1776886184.1201026,-1.0,1.0,-24.0
1776886184.1301026,2.0,6.0,-23.0
1776886184.1401026,1.0,7.0,-24.0
1776886184.1501029,3.0,7.0,-30.0
1776886184.1601028,8.0,10.0,-33.0
1776886184.1701028,2.0,13.0,-31.0
1776886184.1801028,5.0,9.0,-30.0
1776886184.1901028,4.0,7.0,-29.0
1776886184.2001028,3.0,0.0,-24.0
1776886184.2101028,5.0,0.0,-25.0
1776886184.2201028,5.0,0.0,-30.0
1776886184.2301028,5.0,-2.0,-32.0
1776886184.2401028,6.0,-3.0,-32.0
1776886184.2501028,5.0,-2.0,-34.0
1776886184.2601027,4.0,-1.0,-38.0
1776886184.2701027,4.0,-2.0,-37.0
1776886184.2801027,5.0,0.0,-40.0
1776886184.2901027,3.0,-3.0,-35.0
1776886184.3001027,-1.0,-4.0,-37.0
1776886184.3101027,0.0,-2.0,-38.0
1776886184.3201027,-5.0,0.0,-36.0
1776886184.3301027,-3.0,0.0,-35.0
1776886184.340103,1.0,0.0,-37.0
1776886184.350103,0.0,-1.0,-32.0
1776886184.360103,0.0,-2.0,-33.0
1776886184.3701026,3.0,-2.0,-40.0
1776886184.3801026,7.0,0.0,-40.0
1776886184.3901026,9.0,0.0,-39.0
1776886184.4001029,4.0,-1.0,-44.0
1776886184.4101028,2.0,-5.0,-50.0
1776886184.4201028,0.0,-10.0,-46.0
1776886184.4301028,0.0,-8.0,-51.0
1776886184.4401028,1.0,-11.0,-54.0
1776886184.4501028,6.0,-7.0,-44.0
1776886184.4601028,3.0,-4.0,-41.0
1776886184.4701028,7.0,-9.0,-39.0
1776886184.4801028,6.0,-9.0,-43.0
1776886184.4901028,9.0,-3.0,-42.0
1776886184.5001028,7.0,0.0,-45.0
1776886184.5101027,9.0,-6.0,-44.0
1776886184.5201027,6.0,-9.0,-46.0
1776886184.5301027,6.0,-4.0,-42.0
1776886184.5401027,5.0,-4.0,-42.0
1776886184.5501027,5.0,-5.0,-45.0
1776886184.5601027,3.0,-3.0,-47.0
1776886184.5701027,1.0,-4.0,-35.0
1776886184.5801027,-3.0,-5.0,-33.0
1776886184.590103,0.0,-2.0,-35.0
1776886184.600103,0.0,0.0,-34.0
1776886184.610103,-2.0,0.0,-37.0
1776886184.6201026,-2.0,1.0,-42.0
1776886184.6301026,1.0,2.0,-40.0
1776886184.6401026,3.0,1.0,-42.0
1776886184.6501029,-1.0,3.0,-42.0
1776886184.6601028,-3.0,2.0,-45.0
1776886184.6701028,0.0,0.0,-48.0
1776886184.6801028,-3.0,-4.0,-45.0
1776886184.6901028,-6.0,-2.0,-44.0
1776886184.7001028,-7.0,-4.0,-45.0
1776886184.7101028,-5.0,-4.0,-42.0
1776886184.7201028,-1.0,-2.0,-39.0
1776886184.7301028,-2.0,1.0,-37.0
1776886184.7401028,0.0,0.0,-42.0
1776886184.7501028,0.0,1.0,-42.0
1776886184.7601027,0.0,-1.0,-39.0
1776886184.7701027,0.0,-2.0,-39.0
1776886184.7801027,2.0,-2.0,-35.0
1776886184.7901027,4.0,-7.0,-29.0
1776886184.8001027,1.0,-4.0,-36.0
1776886184.8101027,1.0,-3.0,-40.0
1776886184.8201027,0.0,-4.0,-36.0
1776886184.8301027,1.0,-10.0,-34.0
1776886184.840103,3.0,-16.0,-41.0
1776886184.850103,5.0,-14.0,-40.0
1776886184.860103,3.0,-14.0,-43.0
1776886184.8711028,1.0,-13.0,-44.0
1776886184.8801026,-2.0,-7.0,-42.0
1776886184.8901026,1.0,-5.0,-47.0
1776886184.9001029,0.0,-1.0,-41.0
1776886184.9111028,1.0,0.0,-36.0
1776886184.9201028,0.0,0.0,-40.0
1776886184.9301028,-2.0,-3.0,-51.0
1776886184.9401028,-1.0,-5.0,-50.0
1776886184.9501028,0.0,-3.0,-55.0
1776886184.9601028,3.0,-5.0,-50.0
1776886184.9701028,2.0,-5.0,-46.0
1776886184.9801028,3.0,-7.0,-43.0
1776886184.9901028,4.0,-6.0,-42.0
1776886185.0001028,2.0,-6.0,-39.0
1776886185.0101027,3.0,-7.0,-41.0
1776886185.0201027,2.0,-9.0,-43.0
1776886185.0301027,2.0,-8.0,-39.0
1776886185.0401027,6.0,-7.0,-31.0
1776886185.0501027,1.0,-6.0,-33.0
1776886185.0601027,0.0,-4.0,-33.0
1776886185.0701027,0.0,-4.0,-34.0
1776886185.0801027,-2.0,-2.0,-37.0
1776886185.090103,-4.0,-6.0,-33.0
1776886185.100103,1.0,-6.0,-35.0
1776886185.110103,-1.0,-8.0,-36.0
1776886185.1201026,-2.0,-8.0,-33.0
1776886185.1301026,-5.0,-4.0,-40.0
1776886185.1401026,-9.0,-6.0,-38.0
1776886185.1501029,-4.0,-7.0,-40.0
1776886185.1601028,0.0,-8.0,-38.0
1776886185.1701028,-5.0,-3.0,-35.0
1776886185.1801028,-5.0,0.0,-38.0
1776886185.1901028,-2.0,0.0,-36.0
1776886185.2001028,1.0,-2.0,-32.0
1776886185.2101028,1.0,-2.0,-37.0
1776886185.2201028,1.0,-7.0,-36.0
1776886185.2301028,0.0,-8.0,-34.0
1776886185.2401028,1.0,-5.0,-42.0
1776886185.2501028,5.0,-6.0,-40.0
1776886185.2601027,3.0,-9.0,-37.0
1776886185.2701027,4.0,-7.0,-32.0
1776886185.2801027,4.0,-5.0,-35.0
1776886185.2901027,4.0,-6.0,-40.0
1776886185.3001027,2.0,-3.0,-40.0
1776886185.3101027,2.0,-3.0,-35.0
1776886185.3201027,3.0,-2.0,-30.0
1776886185.3301027,1.0,-5.0,-34.0
1776886185.340103,2.0,0.0,-36.0
1776886185.350103,3.0,0.0,-34.0
1776886185.360103,5.0,0.0,-37.0
1776886185.3701026,1.0,-3.0,-38.0
1776886185.3801026,0.0,-4.0,-40.0
1776886185.3901026,3.0,-3.0,-41.0
1776886185.4001029,2.0,-6.0,-33.0
1776886185.4101028,8.0,-1.0,-38.0
1776886185.4201028,9.0,-2.0,-42.0
1776886185.4301028,5.0,-1.0,-49.0
1776886185.4401028,8.0,0.0,-48.0
1776886185.4501028,11.0,0.0,-48.0
1776886185.4601028,8.0,0.0,-48.0
1776886185.4701028,5.0,1.0,-44.0
1776886185.4801028,5.0,-3.0,-42.0
1776886185.4901028,2.0,-4.0,-41.0
1776886185.5001028,0.0,-5.0,-36.0
1776886185.5101027,1.0,-2.0,-36.0
1776886185.5201027,0.0,-2.0,-40.0
1776886185.5301027,0.0,-2.0,-32.0
1776886185.5401027,1.0,-2.0,-32.0
1776886185.5501027,2.0,-4.0,-36.0
1776886185.5601027,3.0,-1.0,-36.0
1776886185.5701027,2.0,-4.0,-34.0
1776886185.5801027,0.0,-4.0,-37.0
1776886185.590103,-2.0,-3.0,-36.0
1776886185.600103,-4.0,-4.0,-40.0
1776886185.610103,-1.0,-4.0,-41.0
1776886185.6201026,-1.0,-1.0,-41.0
1776886185.6301026,0.0,-1.0,-40.0
1776886185.6401026,0.0,-3.0,-42.0
1776886185.6501029,3.0,-3.0,-50.0
1776886185.6601028,2.0,-4.0,-51.0
1776886185.6701028,1.0,-6.0,-48.0
1776886185.6801028,0.0,-7.0,-46.0
1776886185.6901028,-1.0,-9.0,-40.0
1776886185.7001028,3.0,-7.0,-42.0
1776886185.7101028,4.0,-9.0,-43.0
1776886185.7201028,2.0,-8.0,-42.0
1776886185.7301028,3.0,-2.0,-42.0
1776886185.7401028,7.0,-2.0,-53.0
1776886185.7501028,4.0,0.0,-45.0
1776886185.7601027,2.0,5.0,-47.0
1776886185.7701027,0.0,0.0,-52.0
1776886185.7801027,4.0,-2.0,-46.0
1776886185.7901027,6.0,-4.0,-47.0
1776886185.8001027,10.0,-5.0,-47.0
1776886185.8101027,7.0,-7.0,-46.0
1776886185.8201027,6.0,-2.0,-45.0
1776886185.8301027,3.0,1.0,-45.0
1776886185.840103,7.0,2.0,-40.0
1776886185.850103,8.0,-4.0,-47.0
1776886185.860103,0.0,-5.0,-45.0
1776886185.8701026,3.0,-5.0,-37.0
1776886185.8801026,1.0,-2.0,-37.0
1776886185.8901026,2.0,-1.0,-34.0
1776886185.9001029,0.0,-5.0,-34.0
1776886185.9101028,2.0,-5.0,-39.0
1776886185.9201028,1.0,-7.0,-37.0
1776886185.9301028,0.0,-6.0,-40.0
1776886185.9401028,-6.0,-1.0,-34.0
1776886185.9501028,-6.0,-5.0,-34.0
1776886185.9601028,-4.0,-4.0,-28.0
1776886185.9701028,-5.0,-3.0,-36.0
1776886185.9801028,-4.0,-2.0,-33.0
1776886185.9901028,-6.0,-3.0,-28.0
1776886186.0001028,-10.0,-1.0,-27.0
1776886186.011103,-7.0,-4.0,-27.0
1776886186.0201027,0.0,-4.0,-28.0
1776886186.0301027,0.0,-6.0,-28.0
1776886186.0411026,3.0,-5.0,-33.0
1776886186.0511026,-1.0,-4.0,-37.0
1776886186.0611026,-2.0,-2.0,-46.0
1776886186.0711029,-5.0,-1.0,-47.0
1776886186.0811028,0.0,-2.0,-47.0
1776886186.0911028,1.0,-3.0,-46.0
1776886186.1011028,0.0,0.0,-38.0
1776886186.1111028,-1.0,0.0,-31.0
1776886186.1211028,0.0,0.0,-33.0
1776886186.1311028,0.0,0.0,-35.0
1776886186.1411028,0.0,1.0,-39.0
1776886186.1511028,3.0,1.0,-38.0
1776886186.1611028,2.0,-1.0,-39.0
1776886186.1711028,1.0,1.0,-43.0
1776886186.1811028,-2.0,-1.0,-40.0
1776886186.1911027,-9.0,-9.0,-41.0
1776886186.2011027,-10.0,-11.0,-36.0
1776886186.2111027,-8.0,-10.0,-30.0
1776886186.2211027,-4.0,-5.0,-38.0
1776886186.2311027,-5.0,-5.0,-38.0
1776886186.2411027,-3.0,-6.0,-38.0
1776886186.2511027,0.0,-2.0,-36.0
1776886186.261103,3.0,-3.0,-38.0
1776886186.271103,3.0,-3.0,-33.0
1776886186.281103,1.0,0.0,-26.0
1776886186.2911026,2.0,-1.0,-27.0
1776886186.3011026,2.0,-1.0,-28.0
1776886186.3111026,1.0,-5.0,-25.0
1776886186.3211029,1.0,-8.0,-20.0
1776886186.3311028,2.0,-9.0,-24.0
1776886186.3411028,2.0,-7.0,-23.0
1776886186.3511028,-1.0,-6.0,-27.0
1776886186.3611028,0.0,-5.0,-30.0
1776886186.3711028,-3.0,-7.0,-38.0
1776886186.3811028,-1.0,-6.0,-39.0
1776886186.3911028,-2.0,-5.0,-41.0
1776886186.4011028,-1.0,-6.0,-47.0
1776886186.4111028,-4.0,-9.0,-47.0
1776886186.4211028,-1.0,-6.0,-49.0
1776886186.4311028,1.0,-6.0,-50.0
1776886186.4411027,-1.0,-6.0,-42.0
1776886186.4511027,-5.0,-2.0,-40.0
1776886186.4611027,-7.0,-7.0,-33.0
1776886186.4711027,-4.0,-9.0,-39.0
1776886186.4811027,-7.0,-5.0,-45.0
1776886186.4911027,-8.0,-6.0,-48.0
1776886186.5011027,-4.0,-8.0,-48.0
1776886186.511103,-7.0,-8.0,-42.0
1776886186.521103,-3.0,-7.0,-36.0
1776886186.531103,0.0,-12.0,-40.0
1776886186.5411026,-1.0,-13.0,-46.0
1776886186.5511026,1.0,-10.0,-44.0
1776886186.5611026,0.0,0.0,-45.0
1776886186.5711029,3.0,1.0,-48.0
1776886186.5811028,3.0,0.0,-42.0
1776886186.5911028,2.0,2.0,-40.0
1776886186.6011028,0.0,0.0,-46.0
1776886186.6111028,0.0,-4.0,-38.0
1776886186.6211028,-2.0,-2.0,-31.0
1776886186.6311028,0.0,-1.0,-29.0
1776886186.6411028,2.0,-3.0,-28.0
1776886186.6511028,4.0,-6.0,-33.0
1776886186.6611028,0.0,-9.0,-35.0
1776886186.6711028,-4.0,-4.0,-31.0
1776886186.6811028,0.0,-2.0,-33.0
1776886186.6911027,0.0,0.0,-33.0
1776886186.7011027,7.0,0.0,-43.0
1776886186.7111027,8.0,-1.0,-45.0
1776886186.7211027,11.0,0.0,-44.0
1776886186.7311027,9.0,0.0,-43.0
1776886186.7411027,12.0,-1.0,-40.0
1776886186.7511027,8.0,-1.0,-40.0
1776886186.761103,5.0,0.0,-38.0
1776886186.771103,4.0,5.0,-40.0
1776886186.781103,5.0,1.0,-34.0
1776886186.7911026,10.0,5.0,-25.0
1776886186.8011026,9.0,-1.0,-32.0
1776886186.8111026,6.0,0.0,-40.0
1776886186.8211029,4.0,2.0,-34.0
1776886186.8311028,6.0,4.0,-36.0
1776886186.8411028,8.0,2.0,-43.0
1776886186.8511028,9.0,-3.0,-40.0
1776886186.8611028,10.0,-2.0,-36.0
1776886186.8711028,10.0,-2.0,-36.0
1776886186.8811028,7.0,-3.0,-34.0
1776886186.8911028,3.0,0.0,-27.0
1776886186.9011028,0.0,1.0,-29.0
1776886186.9111028,3.0,2.0,-33.0
1776886186.9211028,12.0,3.0,-35.0
1776886186.9311028,8.0,3.0,-43.0
1776886186.9411027,6.0,3.0,-39.0
1776886186.9511027,9.0,3.0,-43.0
1776886186.9611027,12.0,3.0,-43.0
1776886186.9711027,9.0,1.0,-41.0
1776886186.9811027,10.0,-2.0,-46.0
1776886186.9911027,6.0,-4.0,-38.0
1776886187.0011027,1.0,-4.0,-38.0
1776886187.011103,0.0,-6.0,-38.0
1776886187.021103,3.0,-2.0,-36.0
1776886187.031103,2.0,-3.0,-41.0
1776886187.0411026,-2.0,-4.0,-43.0
1776886187.0511026,0.0,-3.0,-31.0
1776886187.0611026,2.0,-3.0,-29.0
1776886187.0711029,4.0,-1.0,-33.0
1776886187.0811028,3.0,-6.0,-33.0
1776886187.0911028,0.0,-8.0,-32.0
1776886187.1011028,4.0,-8.0,-35.0
1776886187.1111028,1.0,-2.0,-41.0
1776886187.1211028,0.0,2.0,-41.0
1776886187.1311028,-3.0,3.0,-35.0
1776886187.1411028,-3.0,1.0,-35.0
1776886187.1511028,3.0,1.0,-35.0
1776886187.1611028,0.0,6.0,-33.0
1776886187.1711028,3.0,4.0,-39.0
1776886187.1811028,0.0,3.0,-38.0
1776886187.1911027,-3.0,1.0,-40.0
1776886187.2011027,-6.0,0.0,-35.0
1776886187.2111027,-2.0,1.0,-36.0
1776886187.2211027,0.0,4.0,-32.0
1776886187.2311027,-4.0,0.0,-36.0
1776886187.2411027,-2.0,-4.0,-40.0
1776886187.2511027,-3.0,0.0,-41.0
1776886187.261103,-3.0,0.0,-43.0
1776886187.271103,-4.0,0.0,-46.0
1776886187.281103,-3.0,1.0,-46.0
1776886187.2911026,-5.0,4.0,-42.0
1776886187.3011026,-8.0,-1.0,-39.0
1776886187.3111026,-3.0,-3.0,-36.0
1776886187.3211029,-2.0,-1.0,-40.0
1776886187.3311028,2.0,-1.0,-44.0
1776886187.3411028,1.0,-1.0,-38.0
1776886187.3511028,0.0,0.0,-40.0
1776886187.3611028,1.0,-1.0,-36.0
1776886187.3711028,0.0,0.0,-36.0
1776886187.3811028,1.0,0.0,-31.0
1776886187.3911028,0.0,1.0,-37.0
1776886187.4011028,-2.0,-2.0,-39.0
1776886187.4111028,-2.0,-2.0,-31.0
1776886187.4211028,-5.0,2.0,-36.0
1776886187.4311028,-12.0,6.0,-39.0
1776886187.4411027,-8.0,3.0,-39.0
1776886187.4511027,-2.0,3.0,-40.0
1776886187.4611027,-1.0,7.0,-42.0
1776886187.4711027,-2.0,7.0,-46.0
1776886187.4811027,-2.0,2.0,-42.0
1776886187.4911027,-1.0,4.0,-44.0
1776886187.5011027,-2.0,7.0,-41.0
1776886187.511103,-4.0,6.0,-43.0
1776886187.521103,-9.0,4.0,-40.0
1776886187.531103,-8.0,2.0,-37.0
1776886187.5411026,-8.0,-1.0,-37.0
1776886187.5511026,-5.0,1.0,-33.0
1776886187.5611026,0.0,0.0,-33.0
1776886187.5711029,-1.0,1.0,-29.0
1776886187.5811028,2.0,-3.0,-38.0
1776886187.5911028,1.0,-7.0,-35.0
1776886187.6011028,2.0,-6.0,-39.0
1776886187.6111028,1.0,-7.0,-42.0
1776886187.6211028,4.0,-8.0,-40.0
1776886187.6311028,1.0,-7.0,-38.0
1776886187.6411028,0.0,-2.0,-39.0
1776886187.6511028,1.0,0.0,-42.0
1776886187.6611028,1.0,-4.0,-43.0
1776886187.6711028,1.0,-1.0,-47.0
1776886187.6811028,1.0,-1.0,-42.0
1776886187.6911027,2.0,-2.0,-37.0
1776886187.7011027,6.0,-1.0,-39.0
1776886187.7111027,6.0,-3.0,-38.0
1776886187.7211027,0.0,-7.0,-37.0
1776886187.7311027,3.0,-8.0,-36.0
1776886187.7411027,2.0,-4.0,-38.0
1776886187.7511027,3.0,-5.0,-34.0
1776886187.761103,0.0,-6.0,-34.0
1776886187.771103,1.0,-5.0,-39.0
1776886187.781103,6.0,-5.0,-35.0
1776886187.7911026,4.0,-3.0,-23.0
1776886187.8011026,5.0,0.0,-30.0
1776886187.8111026,5.0,1.0,-37.0
1776886187.8211029,5.0,4.0,-36.0
1776886187.8311028,0.0,3.0,-38.0
1776886187.8411028,2.0,1.0,-47.0
1776886187.8511028,-2.0,0.0,-51.0
1776886187.8611028,-1.0,-2.0,-47.0
1776886187.8711028,0.0,-2.0,-45.0
1776886187.8811028,3.0,1.0,-36.0
1776886187.8911028,3.0,0.0,-35.0
1776886187.9011028,2.0,-3.0,-34.0
1776886187.9111028,1.0,0.0,-48.0
1776886187.9211028,5.0,0.0,-54.0
1776886187.9311028,0.0,-1.0,-53.0
1776886187.9411027,-5.0,-1.0,-50.0
1776886187.9511027,-5.0,-2.0,-41.0
1776886187.9611027,-5.0,-5.0,-43.0
1776886187.9711027,-6.0,-11.0,-34.0
1776886187.9811027,-2.0,-11.0,-36.0
1776886187.9911027,-3.0,-9.0,-26.0
1776886188.0011027,0.0,-6.0,-26.0
1776886188.011103,-2.0,-9.0,-30.0
1776886188.0221028,-2.0,-11.0,-32.0
1776886188.0321028,-1.0,-8.0,-39.0
1776886188.0421028,-1.0,-4.0,-38.0
1776886188.0521028,-1.0,0.0,-31.0
1776886188.0621028,1.0,-5.0,-31.0
1776886188.0721028,-3.0,-4.0,-31.0
1776886188.0821028,-7.0,-3.0,-30.0
1776886188.0921028,-10.0,-1.0,-31.0
1776886188.1021028,-10.0,-3.0,-39.0
1776886188.1121027,-3.0,-3.0,-35.0
1776886188.1221027,0.0,3.0,-30.0
1776886188.1321027,-4.0,5.0,-30.0
1776886188.1421027,-6.0,2.0,-31.0
1776886188.1521027,-2.0,5.0,-35.0
1776886188.1621027,-1.0,3.0,-34.0
1776886188.1721027,2.0,2.0,-30.0
1776886188.182103,0.0,2.0,-34.0
1776886188.192103,-1.0,0.0,-39.0
1776886188.202103,-3.0,-1.0,-41.0
1776886188.212103,-3.0,0.0,-40.0
1776886188.2221026,0.0,-3.0,-39.0
1776886188.2321026,-1.0,-6.0,-36.0
1776886188.2421026,1.0,-5.0,-36.0
1776886188.2521029,1.0,-2.0,-35.0
1776886188.2621028,4.0,0.0,-35.0
1776886188.2721028,2.0,3.0,-28.0
1776886188.2821028,2.0,2.0,-34.0
1776886188.2921028,-2.0,0.0,-31.0
1776886188.3021028,0.0,-3.0,-31.0
1776886188.3121028,-2.0,-3.0,-26.0
1776886188.3221028,-10.0,0.0,-28.0
1776886188.3321028,-10.0,4.0,-31.0
1776886188.3421028,-5.0,0.0,-30.0
1776886188.3521028,-5.0,0.0,-25.0
1776886188.3621027,0.0,-3.0,-32.0
1776886188.3721027,-1.0,3.0,-25.0
1776886188.3821027,2.0,3.0,-25.0
1776886188.3921027,-3.0,0.0,-31.0
1776886188.4021027,-3.0,0.0,-36.0
1776886188.4121027,-4.0,0.0,-40.0
1776886188.4221027,-3.0,-7.0,-38.0
1776886188.432103,-2.0,-7.0,-37.0
1776886188.442103,2.0,0.0,-40.0
1776886188.452103,0.0,-2.0,-39.0
1776886188.462103,0.0,-5.0,-42.0
1776886188.4721026,0.0,-6.0,-35.0
1776886188.4821026,0.0,-5.0,-34.0
1776886188.4921026,-6.0,-2.0,-36.0
1776886188.5021029,-4.0,-3.0,-34.0
1776886188.5121028,-2.0,-6.0,-34.0
1776886188.5221028,1.0,-11.0,-37.0
1776886188.5321028,0.0,-8.0,-42.0
1776886188.5421028,-3.0,-7.0,-38.0
1776886188.5521028,0.0,-3.0,-40.0
1776886188.5621028,0.0,-6.0,-37.0
1776886188.5721028,2.0,-10.0,-29.0
1776886188.5821028,5.0,-5.0,-28.0
1776886188.5921028,1.0,0.0,-34.0
1776886188.6021028,0.0,-1.0,-36.0
1776886188.6121027,0.0,0.0,-36.0
1776886188.6221027,1.0,-3.0,-40.0
1776886188.6321027,2.0,-5.0,-38.0
1776886188.6421027,-3.0,-2.0,-38.0
1776886188.6521027,1.0,0.0,-40.0
1776886188.6621027,0.0,0.0,-38.0
1776886188.6721027,0.0,0.0,-36.0
1776886188.682103,3.0,0.0,-31.0
1776886188.692103,4.0,0.0,-32.0
1776886188.702103,4.0,0.0,-34.0
1776886188.712103,7.0,-2.0,-31.0
1776886188.7221026,5.0,-5.0,-31.0
1776886188.7321026,5.0,-4.0,-34.0
1776886188.7421026,0.0,-5.0,-35.0
1776886188.7521029,2.0,-5.0,-34.0
1776886188.7621028,0.0,-7.0,-36.0
1776886188.7721028,-2.0,-3.0,-27.0
1776886188.7821028,-7.0,1.0,-33.0
1776886188.7921028,-5.0,0.0,-42.0
1776886188.8021028,-7.0,0.0,-37.0
1776886188.8121028,-4.0,1.0,-40.0
1776886188.8221028,-2.0,-1.0,-41.0
1776886188.8321028,-1.0,-4.0,-37.0
1776886188.8421028,2.0,-3.0,-33.0
1776886188.8521028,4.0,-2.0,-36.0
1776886188.8621027,3.0,-7.0,-34.0
1776886188.8721027,3.0,-8.0,-37.0
1776886188.8821027,4.0,-6.0,-37.0
1776886188.8921027,5.0,-4.0,-41.0
1776886188.9021027,6.0,-7.0,-38.0
1776886188.9121027,7.0,-8.0,-38.0
1776886188.9231029,9.0,-9.0,-37.0
1776886188.932103,10.0,-6.0,-33.0
1776886188.942103,12.0,-6.0,-39.0
1776886188.952103,11.0,-9.0,-49.0
1776886188.962103,11.0,-6.0,-49.0
1776886188.9721026,8.0,-3.0,-45.0
1776886188.9821026,4.0,-4.0,-47.0
1776886188.9921026,0.0,-7.0,-42.0
1776886189.0021029,-1.0,-7.0,-41.0
1776886189.0121028,-3.0,-7.0,-36.0
1776886189.0221028,-4.0,-5.0,-36.0
1776886189.0321028,-4.0,1.0,-31.0
1776886189.0421028,0.0,3.0,-38.0
1776886189.0521028,0.0,5.0,-48.0
1776886189.0621028,1.0,3.0,-52.0
1776886189.0721028,0.0,2.0,-50.0
1776886189.0821028,0.0,-1.0,-46.0
1776886189.0921028,-1.0,-1.0,-48.0
1776886189.1021028,-3.0,5.0,-53.0
1776886189.1121027,-3.0,3.0,-57.0
1776886189.1221027,-2.0,1.0,-53.0
1776886189.1321027,-1.0,1.0,-46.0
1776886189.1421027,0.0,0.0,-45.0
1776886189.1521027,3.0,-3.0,-48.0
1776886189.1621027,2.0,-1.0,-51.0
1776886189.1721027,1.0,-5.0,-54.0
1776886189.182103,-1.0,-4.0,-47.0
1776886189.192103,-2.0,-4.0,-39.0
1776886189.202103,0.0,-4.0,-35.0
1776886189.212103,0.0,-4.0,-31.0
1776886189.2221026,-5.0,-8.0,-26.0
1776886189.2321026,-2.0,-9.0,-31.0
1776886189.2421026,-2.0,-7.0,-39.0
1776886189.2521029,-1.0,-3.0,-43.0
1776886189.2621028,-1.0,-2.0,-43.0
1776886189.2721028,-8.0,-5.0,-42.0
1776886189.2821028,-11.0,-6.0,-43.0
1776886189.2921028,-9.0,-6.0,-49.0
1776886189.3021028,-6.0,-5.0,-49.0
1776886189.3121028,-1.0,-7.0,-51.0
1776886189.3221028,-1.0,-4.0,-47.0
1776886189.3321028,-2.0,1.0,-42.0
1776886189.3421028,1.0,0.0,-47.0
1776886189.3521028,2.0,0.0,-49.0
1776886189.3621027,0.0,-1.0,-50.0
1776886189.3721027,5.0,-2.0,-47.0
1776886189.3821027,5.0,0.0,-41.0
1776886189.3921027,5.0,1.0,-43.0
1776886189.4021027,3.0,1.0,-40.0
1776886189.4121027,3.0,2.0,-41.0
1776886189.4221027,-2.0,6.0,-46.0
1776886189.432103,0.0,5.0,-47.0
1776886189.442103,0.0,4.0,-45.0
1776886189.452103,4.0,4.0,-49.0
1776886189.462103,3.0,4.0,-55.0
1776886189.4721026,-6.0,3.0,-53.0
1776886189.4821026,-8.0,6.0,-54.0
1776886189.4921026,-9.0,7.0,-52.0
1776886189.5021029,-8.0,2.0,-48.0
1776886189.5121028,-7.0,4.0,-48.0
1776886189.5221028,0.0,6.0,-44.0
1776886189.5321028,-1.0,5.0,-42.0
1776886189.5421028,-5.0,2.0,-45.0
1776886189.5521028,-1.0,3.0,-45.0
1776886189.5621028,-1.0,4.0,-43.0
1776886189.5721028,-3.0,0.0,-37.0
1776886189.5821028,-3.0,0.0,-33.0
1776886189.5921028,-2.0,-2.0,-31.0
1776886189.6021028,-1.0,0.0,-34.0
1776886189.6121027,-3.0,-2.0,-35.0
1776886189.6221027,-5.0,-2.0,-38.0
1776886189.6321027,-4.0,-5.0,-39.0
1776886189.6421027,-3.0,-6.0,-39.0
1776886189.6521027,-5.0,-5.0,-47.0
1776886189.6621027,-8.0,-4.0,-36.0
1776886189.6721027,-9.0,-1.0,-39.0
1776886189.682103,-7.0,-9.0,-38.0
1776886189.692103,-5.0,-8.0,-32.0
1776886189.702103,-6.0,-8.0,-33.0
1776886189.712103,-6.0,-6.0,-34.0
1776886189.7221026,-1.0,0.0,-40.0
1776886189.7321026,0.0,-2.0,-41.0
1776886189.7421026,-2.0,1.0,-40.0
1776886189.7521029,-3.0,4.0,-39.0
1776886189.7621028,-1.0,0.0,-36.0
1776886189.7721028,1.0,-2.0,-42.0
1776886189.7821028,4.0,0.0,-38.0
1776886189.7921028,0.0,-3.0,-32.0
1776886189.8021028,0.0,-4.0,-32.0
1776886189.8121028,3.0,-4.0,-33.0
1776886189.8221028,9.0,-5.0,-38.0
1776886189.8321028,11.0,-4.0,-35.0
1776886189.8421028,5.0,-4.0,-41.0
1776886189.8521028,4.0,-5.0,-38.0
1776886189.8621027,5.0,-4.0,-41.0
1776886189.8721027,3.0,-2.0,-40.0
1776886189.8821027,4.0,4.0,-41.0
1776886189.8921027,2.0,7.0,-41.0
1776886189.9021027,4.0,1.0,-45.0
1776886189.9121027,0.0,3.0,-43.0
1776886189.9221027,-1.0,1.0,-40.0
1776886189.932103,-1.0,3.0,-46.0
1776886189.942103,0.0,8.0,-48.0
1776886189.952103,2.0,13.0,-42.0
1776886189.962103,1.0,13.0,-41.0
1776886189.9721026,-2.0,7.0,-43.0
1776886189.9821026,-1.0,4.0,-42.0
1776886189.9921026,0.0,0.0,-38.0
1776886190.0021029,0.0,-2.0,-36.0
1776886190.0121028,1.0,-1.0,-35.0
1776886190.0231028,-1.0,-2.0,-35.0
1776886190.0331028,-2.0,1.0,-31.0
1776886190.0431027,-4.0,2.0,-38.0
1776886190.0531027,-7.0,-1.0,-46.0
1776886190.0631027,-5.0,0.0,-44.0
1776886190.0731027,-2.0,-5.0,-42.0
1776886190.0831027,-1.0,-1.0,-40.0
1776886190.0931027,0.0,6.0,-39.0
1776886190.1031027,1.0,4.0,-43.0
1776886190.113103,2.0,4.0,-42.0
1776886190.123103,-2.0,2.0,-43.0
1776886190.133103,-4.0,-1.0,-44.0
1776886190.1431026,2.0,-6.0,-43.0
1776886190.1531026,5.0,-9.0,-47.0
1776886190.1631026,3.0,-3.0,-46.0
1776886190.1731029,1.0,-3.0,-45.0
1776886190.1831028,7.0,-7.0,-46.0
1776886190.1931028,6.0,-7.0,-43.0
1776886190.2031028,3.0,-5.0,-42.0
1776886190.2131028,2.0,-3.0,-37.0
1776886190.2231028,3.0,-1.0,-34.0
1776886190.2331028,0.0,-3.0,-39.0
1776886190.2431028,0.0,-4.0,-38.0
1776886190.2531028,0.0,-2.0,-37.0
1776886190.2631028,4.0,-5.0,-43.0
1776886190.2731028,2.0,-2.0,-42.0
1776886190.2831028,1.0,-3.0,-44.0
1776886190.2931027,2.0,-2.0,-42.0
1776886190.3031027,-2.0,-1.0,-40.0
1776886190.3131027,-3.0,-3.0,-47.0
1776886190.3231027,-2.0,-2.0,-45.0
1776886190.3331027,-6.0,-2.0,-43.0
1776886190.3431027,-6.0,-2.0,-39.0
1776886190.3531027,-7.0,0.0,-43.0
1776886190.363103,-7.0,-1.0,-40.0
1776886190.373103,-3.0,0.0,-44.0
1776886190.383103,0.0,0.0,-44.0
1776886190.3931026,-2.0,0.0,-39.0
1776886190.4031026,0.0,-1.0,-36.0
1776886190.4131026,0.0,-1.0,-45.0
1776886190.4231029,0.0,-3.0,-50.0
1776886190.4331028,1.0,-1.0,-51.0
1776886190.4431028,0.0,1.0,-50.0
1776886190.4531028,-2.0,5.0,-47.0
1776886190.4631028,-4.0,0.0,-43.0
1776886190.4731028,-1.0,0.0,-39.0
1776886190.4831028,2.0,0.0,-39.0
1776886190.4931028,2.0,-4.0,-43.0
1776886190.5031028,4.0,-3.0,-56.0
1776886190.5131028,3.0,0.0,-52.0
1776886190.5231028,0.0,1.0,-47.0
1776886190.5331028,2.0,-1.0,-49.0
1776886190.5431027,0.0,0.0,-44.0
1776886190.5531027,5.0,-1.0,-43.0
1776886190.5631027,1.0,-2.0,-37.0
1776886190.5731027,3.0,0.0,-34.0
1776886190.5831027,3.0,2.0,-36.0
1776886190.5931027,0.0,0.0,-41.0
1776886190.6031027,-2.0,-4.0,-38.0
1776886190.613103,-1.0,0.0,-38.0
1776886190.623103,-5.0,-6.0,-40.0
1776886190.633103,-5.0,-4.0,-38.0
1776886190.6431026,-4.0,-5.0,-42.0
1776886190.6531026,-2.0,-3.0,-44.0
1776886190.6631026,0.0,-2.0,-51.0
1776886190.6731029,-1.0,-2.0,-57.0
1776886190.6831028,0.0,-3.0,-52.0
1776886190.6931028,5.0,1.0,-56.0
1776886190.7031028,3.0,2.0,-52.0
1776886190.7131028,2.0,-1.0,-47.0
1776886190.7231028,-3.0,-3.0,-45.0
1776886190.7331028,-3.0,0.0,-45.0
1776886190.7431028,-3.0,1.0,-42.0
1776886190.7531028,0.0,0.0,-42.0
1776886190.7631028,-3.0,2.0,-43.0
1776886190.7731028,0.0,4.0,-46.0
1776886190.7831028,1.0,5.0,-45.0
1776886190.7931027,0.0,8.0,-49.0
1776886190.8031027,5.0,9.0,-45.0
1776886190.8131027,2.0,6.0,-39.0
1776886190.8231027,2.0,4.0,-32.0
1776886190.8331027,-1.0,3.0,-30.0
1776886190.8431027,-2.0,4.0,-33.0
1776886190.8531027,-3.0,2.0,-30.0
1776886190.863103,-3.0,0.0,-24.0
1776886190.873103,0.0,-3.0,-25.0
1776886190.883103,-1.0,-2.0,-25.0
1776886190.8931026,-2.0,-2.0,-25.0
1776886190.9031026,-1.0,-1.0,-35.0
1776886190.9131026,-3.0,0.0,-35.0
1776886190.9231029,-9.0,0.0,-29.0
1776886190.9331028,-6.0,1.0,-28.0
1776886190.9431028,-6.0,5.0,-32.0
1776886190.9531028,-4.0,2.0,-39.0
1776886190.9631028,-6.0,2.0,-36.0
1776886190.9731028,-6.0,3.0,-35.0
1776886190.9831028,0.0,4.0,-36.0
1776886190.9931028,1.0,7.0,-35.0
1776886191.0031028,-4.0,4.0,-39.0
1776886191.0131028,-4.0,5.0,-34.0
1776886191.0231028,-5.0,2.0,-37.0
1776886191.0331028,-5.0,4.0,-37.0
1776886191.0431027,-4.0,0.0,-40.0
1776886191.0531027,-2.0,1.0,-34.0
1776886191.0631027,1.0,4.0,-29.0
1776886191.0731027,1.0,3.0,-24.0
1776886191.0831027,-2.0,2.0,-25.0
1776886191.0931027,0.0,1.0,-25.0
1776886191.1031027,-1.0,1.0,-28.0
1776886191.113103,0.0,2.0,-37.0
1776886191.123103,2.0,4.0,-32.0
1776886191.133103,1.0,3.0,-30.0
1776886191.1431026,-4.0,4.0,-34.0
1776886191.1531026,-2.0,0.0,-36.0
1776886191.1631026,-4.0,2.0,-42.0
1776886191.1731029,-3.0,1.0,-44.0
1776886191.1831028,-2.0,0.0,-36.0
1776886191.1931028,-3.0,0.0,-36.0
1776886191.2031028,-5.0,1.0,-38.0
1776886191.2131028,-3.0,5.0,-38.0
1776886191.2231028,-4.0,1.0,-44.0
1776886191.2331028,-3.0,-2.0,-42.0
1776886191.2431028,0.0,0.0,-39.0
1776886191.2531028,3.0,-3.0,-41.0
1776886191.2631028,3.0,-1.0,-37.0
1776886191.2731028,4.0,2.0,-34.0
1776886191.2831028,3.0,2.0,-37.0
1776886191.2931027,5.0,1.0,-44.0
1776886191.3031027,2.0,0.0,-51.0
1776886191.3131027,-1.0,0.0,-48.0
1776886191.3231027,1.0,0.0,-46.0
1776886191.3331027,0.0,2.0,-46.0
1776886191.3431027,-5.0,-1.0,-45.0
1776886191.3531027,-8.0,-5.0,-39.0
1776886191.363103,-5.0,-5.0,-48.0
1776886191.373103,-6.0,-7.0,-51.0
1776886191.383103,-4.0,-3.0,-48.0
1776886191.3931026,1.0,-5.0,-49.0
1776886191.4031026,5.0,-4.0,-45.0
1776886191.4131026,8.0,-7.0,-46.0
1776886191.4231029,7.0,-10.0,-47.0
1776886191.4331028,4.0,-7.0,-50.0
1776886191.4431028,4.0,-6.0,-57.0
1776886191.4531028,2.0,-5.0,-52.0
1776886191.4631028,3.0,-4.0,-49.0
1776886191.4731028,2.0,0.0,-46.0
1776886191.4831028,2.0,-2.0,-45.0
1776886191.4931028,2.0,-3.0,-41.0
1776886191.5031028,1.0,-2.0,-39.0
1776886191.5131028,2.0,-3.0,-38.0
1776886191.5231028,0.0,-1.0,-38.0
1776886191.5331028,1.0,-1.0,-32.0
1776886191.5431027,1.0,-2.0,-37.0
1776886191.5531027,2.0,1.0,-44.0
1776886191.5631027,0.0,2.0,-42.0
1776886191.5731027,0.0,0.0,-40.0
1776886191.5831027,-6.0,0.0,-42.0
1776886191.5931027,-13.0,-1.0,-39.0
1776886191.6031027,-10.0,0.0,-44.0
1776886191.613103,-10.0,4.0,-42.0
1776886191.623103,-8.0,4.0,-38.0
1776886191.633103,-2.0,0.0,-36.0
1776886191.6431026,0.0,0.0,-34.0
1776886191.6531026,-1.0,0.0,-35.0
1776886191.6631026,-5.0,0.0,-33.0
1776886191.6731029,-8.0,-2.0,-35.0
1776886191.6831028,-10.0,-2.0,-36.0
1776886191.6931028,-10.0,-1.0,-32.0
1776886191.7031028,-8.0,-2.0,-37.0
1776886191.7131028,-9.0,-5.0,-44.0
1776886191.7231028,-10.0,-6.0,-43.0
1776886191.7331028,-9.0,-6.0,-46.0
1776886191.7431028,-7.0,-7.0,-46.0
1776886191.7531028,-4.0,-7.0,-38.0
1776886191.7631028,-1.0,-5.0,-44.0
1776886191.7731028,3.0,-4.0,-42.0
1776886191.7831028,5.0,-6.0,-39.0
1776886191.7931027,8.0,-7.0,-32.0
1776886191.8031027,7.0,-9.0,-34.0
1776886191.8131027,6.0,-8.0,-39.0
1776886191.8231027,3.0,-2.0,-43.0
1776886191.8331027,1.0,0.0,-42.0
1776886191.8431027,3.0,0.0,-38.0
1776886191.8531027,5.0,-1.0,-41.0
1776886191.863103,3.0,0.0,-40.0
1776886191.873103,-1.0,0.0,-41.0
1776886191.883103,-1.0,1.0,-35.0
1776886191.8931026,-1.0,1.0,-29.0
1776886191.9031026,-2.0,1.0,-36.0
1776886191.9131026,-4.0,0.0,-36.0
1776886191.9231029,-1.0,-4.0,-36.0
1776886191.9331028,-2.0,-7.0,-38.0
1776886191.9431028,-3.0,-3.0,-38.0
1776886191.9531028,-4.0,-5.0,-40.0
1776886191.9631028,-4.0,-5.0,-39.0
1776886191.9731028,-4.0,-1.0,-37.0
1776886191.9831028,0.0,-3.0,-43.0
1776886191.9941027,-4.0,0.0,-50.0
1776886192.0041027,-5.0,5.0,-44.0
1776886192.0141027,-3.0,1.0,-46.0
1776886192.0231028,-5.0,-3.0,-37.0
1776886192.034103,-7.0,-4.0,-38.0
1776886192.044103,-10.0,0.0,-40.0
1776886192.054103,-5.0,-2.0,-35.0
1776886192.0641026,0.0,0.0,-32.0
1776886192.0741026,1.0,-2.0,-30.0
1776886192.0841026,2.0,0.0,-34.0
1776886192.0941026,4.0,-1.0,-39.0
1776886192.1041028,9.0,-1.0,-34.0
1776886192.1141028,6.0,-2.0,-36.0
1776886192.1241028,6.0,-1.0,-37.0
1776886192.1341028,12.0,2.0,-37.0
1776886192.1441028,6.0,0.0,-38.0
1776886192.1541028,7.0,-6.0,-33.0
1776886192.1641028,4.0,-6.0,-33.0
1776886192.1741028,6.0,-7.0,-34.0
1776886192.1841028,6.0,-6.0,-33.0
1776886192.1941028,7.0,-7.0,-32.0
1776886192.2041028,7.0,-1.0,-30.0
1776886192.2141027,5.0,0.0,-34.0
1776886192.2241027,5.0,0.0,-34.0
1776886192.2341027,1.0,1.0,-31.0
1776886192.2441027,2.0,5.0,-34.0
1776886192.2541027,1.0,5.0,-38.0
1776886192.2641027,-1.0,3.0,-36.0
1776886192.2741027,0.0,3.0,-33.0
1776886192.284103,-1.0,3.0,-28.0
1776886192.294103,-1.0,5.0,-22.0
1776886192.304103,-5.0,3.0,-26.0
1776886192.3141026,-1.0,3.0,-25.0
1776886192.3241026,-3.0,3.0,-23.0
1776886192.3341026,-4.0,2.0,-22.0
1776886192.3441026,-1.0,6.0,-22.0
1776886192.3541028,0.0,3.0,-26.0
1776886192.3641028,-1.0,1.0,-26.0
1776886192.3741028,0.0,1.0,-28.0
1776886192.3841028,1.0,1.0,-31.0
1776886192.3941028,-3.0,6.0,-35.0
1776886192.4041028,-4.0,7.0,-35.0
1776886192.4141028,-7.0,5.0,-43.0
1776886192.4241028,-5.0,3.0,-42.0
1776886192.4341028,-4.0,0.0,-44.0
1776886192.4441028,-1.0,-1.0,-39.0
1776886192.4541028,0.0,-1.0,-32.0
1776886192.4641027,4.0,-3.0,-32.0
1776886192.4741027,3.0,0.0,-36.0
1776886192.4841027,1.0,0.0,-33.0
1776886192.4941027,3.0,0.0,-29.0
1776886192.5041027,4.0,-3.0,-34.0
1776886192.5141027,3.0,-3.0,-41.0
1776886192.5241027,0.0,-2.0,-41.0
1776886192.534103,-3.0,-4.0,-45.0
1776886192.544103,-6.0,-6.0,-42.0
1776886192.554103,-8.0,-2.0,-39.0
1776886192.5641026,-7.0,0.0,-40.0
1776886192.5741026,-4.0,-3.0,-38.0
1776886192.5841026,-9.0,-3.0,-36.0
1776886192.5941026,-7.0,-3.0,-34.0
1776886192.6041028,-5.0,-6.0,-33.0
1776886192.6141028,-4.0,-2.0,-35.0
1776886192.6241028,0.0,-4.0,-40.0
1776886192.6341028,0.0,-5.0,-39.0
1776886192.6441028,-4.0,-7.0,-44.0
1776886192.6541028,-5.0,-2.0,-46.0
1776886192.6641028,-3.0,0.0,-36.0
1776886192.6741028,-6.0,-3.0,-36.0
1776886192.6841028,-3.0,0.0,-40.0
1776886192.6941028,1.0,4.0,-42.0
1776886192.7041028,2.0,2.0,-36.0
1776886192.7141027,0.0,0.0,-37.0
1776886192.7241027,2.0,1.0,-35.0
1776886192.7341027,0.0,3.0,-42.0
1776886192.7441027,-5.0,0.0,-39.0
1776886192.7541027,-7.0,-3.0,-48.0
1776886192.7641027,-5.0,-1.0,-47.0
1776886192.7741027,-2.0,0.0,-41.0
1776886192.784103,0.0,0.0,-43.0
1776886192.794103,1.0,-1.0,-48.0
1776886192.804103,-1.0,-1.0,-44.0
1776886192.8141026,-1.0,1.0,-40.0
1776886192.8241026,-2.0,3.0,-41.0
1776886192.8341026,-4.0,-1.0,-37.0
1776886192.8441026,0.0,0.0,-38.0
1776886192.8541028,-3.0,-2.0,-34.0
1776886192.8641028,0.0,0.0,-39.0
1776886192.8741028,3.0,1.0,-33.0
1776886192.8841028,1.0,2.0,-33.0
1776886192.8941028,1.0,0.0,-38.0
1776886192.9041028,-2.0,1.0,-36.0
1776886192.9141028,-1.0,0.0,-41.0
1776886192.9241028,-1.0,-2.0,-39.0
1776886192.9341028,0.0,-3.0,-37.0
1776886192.9441028,0.0,-3.0,-40.0
1776886192.9541028,6.0,0.0,-39.0
1776886192.9641027,14.0,2.0,-34.0
1776886192.9741027,14.0,-1.0,-34.0
1776886192.9841027,15.0,-3.0,-33.0
1776886192.9941027,10.0,-1.0,-35.0
1776886193.0041027,7.0,-1.0,-36.0
1776886193.0141027,4.0,3.0,-38.0
1776886193.0241027,4.0,-1.0,-36.0
1776886193.034103,0.0,0.0,-37.0
1776886193.044103,-5.0,-3.0,-42.0
1776886193.054103,-5.0,-3.0,-41.0
1776886193.0641026,0.0,-5.0,-40.0
1776886193.0741026,1.0,-6.0,-36.0
1776886193.0841026,2.0,-3.0,-37.0
1776886193.0941026,1.0,-3.0,-40.0
1776886193.1041028,0.0,0.0,-44.0
1776886193.1141028,1.0,0.0,-39.0
1776886193.1241028,2.0,-3.0,-35.0
1776886193.1341028,-2.0,-6.0,-35.0
1776886193.1441028,0.0,-6.0,-36.0
1776886193.1541028,3.0,-5.0,-35.0
1776886193.1641028,6.0,-8.0,-43.0
1776886193.1741028,6.0,-7.0,-49.0
1776886193.1841028,2.0,-4.0,-47.0
1776886193.1941028,1.0,-4.0,-43.0
1776886193.2041028,4.0,-2.0,-43.0
1776886193.2141027,6.0,-1.0,-47.0
1776886193.2241027,6.0,-1.0,-44.0
1776886193.2341027,5.0,0.0,-34.0
1776886193.2441027,4.0,-1.0,-35.0
1776886193.2541027,0.0,1.0,-38.0
1776886193.2641027,1.0,4.0,-40.0
1776886193.2741027,3.0,0.0,-39.0
1776886193.284103,6.0,2.0,-44.0
1776886193.294103,6.0,1.0,-43.0
1776886193.304103,6.0,4.0,-44.0
1776886193.3141026,7.0,5.0,-44.0
1776886193.3241026,8.0,1.0,-52.0
1776886193.3341026,6.0,0.0,-57.0
1776886193.3441026,4.0,-2.0,-50.0
1776886193.3541028,1.0,-1.0,-55.0
1776886193.3641028,1.0,-6.0,-60.0
1776886193.3741028,3.0,-5.0,-54.0
1776886193.3841028,3.0,-5.0,-48.0
1776886193.3941028,0.0,-11.0,-47.0
1776886193.4041028,0.0,-12.0,-52.0
1776886193.4141028,-1.0,-5.0,-43.0
1776886193.4241028,0.0,-1.0,-31.0
1776886193.4341028,0.0,-2.0,-33.0
1776886193.4441028,1.0,-4.0,-32.0
1776886193.4541028,0.0,-3.0,-32.0
1776886193.4641027,-1.0,-1.0,-36.0
1776886193.4741027,2.0,-3.0,-37.0
1776886193.4841027,0.0,-3.0,-33.0
1776886193.4941027,0.0,-2.0,-41.0
1776886193.5041027,1.0,-1.0,-46.0
1776886193.5141027,4.0,-2.0,-48.0
1776886193.5241027,3.0,-3.0,-42.0
1776886193.534103,4.0,-2.0,-41.0
1776886193.544103,0.0,-3.0,-43.0
1776886193.554103,1.0,0.0,-47.0
1776886193.5641026,1.0,2.0,-37.0
1776886193.5741026,2.0,-1.0,-34.0
1776886193.5841026,4.0,-1.0,-35.0
1776886193.5941026,5.0,-2.0,-34.0
1776886193.6041028,5.0,0.0,-39.0
1776886193.6141028,4.0,0.0,-41.0
1776886193.6241028,0.0,0.0,-42.0
1776886193.6341028,-3.0,-3.0,-42.0
1776886193.6441028,-1.0,-5.0,-41.0
1776886193.6541028,-3.0,0.0,-42.0
1776886193.6641028,-1.0,1.0,-47.0
1776886193.6741028,2.0,-3.0,-45.0
1776886193.6841028,1.0,-6.0,-49.0
1776886193.6941028,1.0,-3.0,-51.0
1776886193.7041028,3.0,-4.0,-49.0
1776886193.7141027,6.0,-5.0,-45.0
1776886193.7241027,9.0,-4.0,-47.0
1776886193.7341027,11.0,-1.0,-47.0
1776886193.7441027,9.0,0.0,-47.0
1776886193.7541027,10.0,-2.0,-50.0
1776886193.7641027,6.0,-4.0,-53.0
1776886193.7741027,2.0,-7.0,-51.0
1776886193.784103,1.0,-9.0,-52.0
1776886193.794103,1.0,-7.0,-46.0
1776886193.804103,4.0,-5.0,-43.0
1776886193.8141026,0.0,-6.0,-43.0
1776886193.8241026,-3.0,-5.0,-35.0
1776886193.8341026,-3.0,-3.0,-32.0
1776886193.8441026,-7.0,-5.0,-29.0
1776886193.8541028,-5.0,-7.0,-34.0
1776886193.8641028,-3.0,-7.0,-37.0
1776886193.8741028,-2.0,-5.0,-36.0
1776886193.8841028,0.0,-3.0,-40.0
1776886193.8941028,2.0,0.0,-46.0
1776886193.9041028,2.0,-2.0,-50.0
1776886193.9141028,0.0,3.0,-46.0
1776886193.9241028,1.0,2.0,-41.0
1776886193.9341028,0.0,2.0,-41.0
1776886193.9441028,4.0,0.0,-41.0
1776886193.9541028,2.0,0.0,-50.0
1776886193.9641027,0.0,0.0,-51.0
1776886193.9741027,0.0,1.0,-49.0
1776886193.9841027,-5.0,4.0,-38.0
1776886193.9941027,-5.0,2.0,-37.0
1776886194.0041027,-4.0,1.0,-45.0
1776886194.0151026,-3.0,0.0,-42.0
1776886194.0251029,1.0,-1.0,-40.0
1776886194.0351028,0.0,2.0,-41.0
1776886194.0451028,1.0,0.0,-36.0
1776886194.0551028,-1.0,1.0,-33.0
1776886194.0651028,1.0,0.0,-35.0
1776886194.0751028,2.0,2.0,-41.0
1776886194.0851028,3.0,1.0,-30.0
1776886194.0951028,3.0,-1.0,-35.0
1776886194.1051028,3.0,0.0,-39.0
1776886194.1151028,7.0,0.0,-44.0
1776886194.1251028,2.0,1.0,-41.0
1776886194.1351027,1.0,5.0,-38.0
1776886194.1451027,0.0,2.0,-41.0
1776886194.1551027,4.0,2.0,-46.0
1776886194.1651027,3.0,0.0,-54.0
1776886194.1751027,4.0,0.0,-49.0
1776886194.1851027,9.0,2.0,-44.0
1776886194.1951027,13.0,-2.0,-43.0
1776886194.2051027,15.0,-2.0,-40.0
1776886194.215103,14.0,0.0,-36.0
1776886194.225103,13.0,3.0,-39.0
1776886194.235103,8.0,3.0,-39.0
1776886194.2451026,8.0,-1.0,-40.0
1776886194.2551026,8.0,0.0,-34.0
1776886194.2651026,3.0,-2.0,-38.0
1776886194.2751029,6.0,0.0,-38.0
1776886194.2851028,4.0,-1.0,-35.0
1776886194.2951028,3.0,-1.0,-34.0
1776886194.3051028,-1.0,0.0,-41.0
1776886194.3151028,-2.0,-3.0,-42.0
1776886194.3251028,-8.0,-2.0,-37.0
1776886194.3351028,-9.0,-2.0,-36.0
1776886194.3451028,-4.0,-5.0,-36.0
1776886194.3551028,0.0,-5.0,-36.0
1776886194.3651028,0.0,-4.0,-33.0
1776886194.3751028,-3.0,-7.0,-39.0
1776886194.3851027,0.0,-4.0,-36.0
1776886194.3951027,0.0,0.0,-35.0
1776886194.4051027,0.0,0.0,-29.0
1776886194.4151027,0.0,0.0,-39.0
1776886194.4251027,-3.0,2.0,-40.0
1776886194.4351027,-3.0,0.0,-38.0
1776886194.4451027,-6.0,-2.0,-38.0
1776886194.4551027,-4.0,-1.0,-44.0
1776886194.465103,-6.0,1.0,-44.0
1776886194.475103,-2.0,-2.0,-47.0
1776886194.485103,-1.0,-4.0,-44.0
1776886194.4951026,-6.0,-6.0,-47.0
1776886194.5051026,-5.0,-8.0,-42.0
1776886194.5151026,-6.0,-10.0,-45.0
1776886194.5251029,-6.0,-11.0,-47.0
1776886194.5351028,-3.0,-11.0,-49.0
1776886194.5451028,-2.0,-11.0,-48.0
1776886194.5551028,0.0,-5.0,-50.0
1776886194.5651028,1.0,-6.0,-51.0
1776886194.5751028,-1.0,-9.0,-46.0
1776886194.5851028,-1.0,-10.0,-42.0
1776886194.5951028,2.0,-7.0,-45.0
1776886194.6051028,0.0,-7.0,-41.0
1776886194.6151028,-1.0,-7.0,-44.0
1776886194.6251028,-4.0,-2.0,-37.0
1776886194.6351027,-2.0,-1.0,-35.0
1776886194.6451027,-2.0,-4.0,-41.0
1776886194.6551027,3.0,-2.0,-39.0
1776886194.6651027,8.0,0.0,-40.0
1776886194.6751027,12.0,-2.0,-41.0
1776886194.6851027,13.0,-5.0,-44.0
1776886194.6951027,6.0,-6.0,-43.0
1776886194.7051027,5.0,-5.0,-44.0
1776886194.715103,5.0,-4.0,-45.0
1776886194.725103,3.0,-4.0,-45.0
1776886194.735103,1.0,-6.0,-40.0
1776886194.7451026,-1.0,-4.0,-37.0
1776886194.7551026,-3.0,-1.0,-37.0
1776886194.7651026,-4.0,0.0,-39.0
1776886194.7751029,3.0,0.0,-34.0
1776886194.7851028,7.0,1.0,-30.0
1776886194.7951028,6.0,3.0,-33.0
1776886194.8051028,4.0,0.0,-33.0
1776886194.8151028,1.0,-3.0,-39.0
1776886194.8251028,0.0,-2.0,-35.0
1776886194.8351028,0.0,-3.0,-43.0
1776886194.8451028,0.0,-5.0,-49.0
1776886194.8551028,1.0,-4.0,-49.0
1776886194.8651028,0.0,-7.0,-50.0
1776886194.8751028,-1.0,-2.0,-48.0
1776886194.8851027,-6.0,0.0,-42.0
1776886194.8951027,-7.0,-1.0,-45.0
1776886194.9051027,-7.0,-5.0,-41.0
1776886194.9151027,-2.0,-2.0,-42.0
1776886194.9251027,-2.0,0.0,-43.0
1776886194.9351027,2.0,3.0,-42.0
1776886194.9451027,4.0,0.0,-43.0
1776886194.9551027,-2.0,-3.0,-44.0
1776886194.965103,-1.0,0.0,-42.0
1776886194.975103,0.0,1.0,-43.0
1776886194.985103,1.0,-1.0,-44.0
1776886194.9951026,1.0,-5.0,-45.0
1776886195.0051026,6.0,-6.0,-45.0
1776886195.0151026,7.0,-7.0,-38.0
1776886195.0251029,5.0,-5.0,-27.0
1776886195.0351028,6.0,-7.0,-23.0
1776886195.0451028,7.0,-5.0,-26.0
1776886195.0551028,6.0,-3.0,-31.0
1776886195.0651028,4.0,-1.0,-32.0
1776886195.0751028,0.0,1.0,-33.0
1776886195.0851028,3.0,-2.0,-38.0
1776886195.0951028,5.0,-4.0,-43.0
1776886195.1051028,3.0,0.0,-46.0
1776886195.1151028,0.0,0.0,-45.0
1776886195.1251028,-1.0,-2.0,-42.0
1776886195.1351027,0.0,-3.0,-35.0
1776886195.1451027,2.0,-2.0,-33.0
1776886195.1551027,-2.0,-7.0,-33.0
1776886195.1651027,-3.0,-4.0,-25.0
1776886195.1751027,-1.0,-3.0,-27.0
1776886195.1851027,0.0,2.0,-38.0
1776886195.1951027,-3.0,3.0,-32.0
1776886195.2051027,1.0,-1.0,-29.0
1776886195.215103,3.0,-3.0,-24.0
1776886195.225103,2.0,-4.0,-36.0
1776886195.235103,5.0,-5.0,-35.0
1776886195.2451026,2.0,-7.0,-40.0
1776886195.2551026,0.0,-5.0,-44.0
1776886195.2651026,-1.0,0.0,-41.0
1776886195.2751029,-3.0,2.0,-40.0
1776886195.2851028,-9.0,2.0,-37.0
1776886195.2951028,-3.0,4.0,-35.0
1776886195.3051028,-2.0,5.0,-33.0
1776886195.3151028,0.0,2.0,-33.0
1776886195.3251028,-4.0,0.0,-40.0
1776886195.3351028,-5.0,2.0,-46.0
1776886195.3451028,-6.0,0.0,-47.0
1776886195.3551028,-2.0,1.0,-34.0
1776886195.3651028,-5.0,0.0,-33.0
1776886195.3751028,-6.0,-1.0,-33.0
1776886195.3851027,-7.0,0.0,-33.0
1776886195.3951027,-9.0,-2.0,-37.0
1776886195.4051027,-3.0,-3.0,-39.0
1776886195.4151027,-4.0,-3.0,-34.0
1776886195.4251027,-7.0,-6.0,-34.0
1776886195.4351027,-6.0,-8.0,-36.0
1776886195.4451027,-6.0,-8.0,-36.0
1776886195.4551027,-7.0,-2.0,-38.0
1776886195.465103,-4.0,0.0,-33.0
1776886195.475103,-3.0,0.0,-44.0
1776886195.485103,0.0,0.0,-43.0
1776886195.4951026,-2.0,0.0,-38.0
1776886195.5051026,2.0,-3.0,-35.0
1776886195.5151026,-2.0,-9.0,-33.0
1776886195.5251029,0.0,-12.0,-36.0
1776886195.5351028,1.0,-9.0,-31.0
1776886195.5451028,6.0,-11.0,-30.0
1776886195.5551028,7.0,-10.0,-34.0
1776886195.5651028,0.0,-8.0,-35.0
1776886195.5751028,-1.0,-5.0,-37.0
1776886195.5851028,4.0,-4.0,-32.0
1776886195.5951028,7.0,-6.0,-34.0
1776886195.6051028,4.0,-5.0,-38.0
1776886195.6151028,2.0,-3.0,-41.0
1776886195.6251028,4.0,0.0,-40.0
1776886195.6351027,0.0,2.0,-40.0
1776886195.6451027,-1.0,1.0,-42.0
1776886195.6551027,-4.0,4.0,-41.0
1776886195.6651027,-4.0,4.0,-37.0
1776886195.6751027,-2.0,3.0,-37.0
1776886195.6851027,0.0,3.0,-32.0
1776886195.6951027,0.0,0.0,-37.0
1776886195.7051027,3.0,-1.0,-38.0
1776886195.715103,4.0,-6.0,-38.0
1776886195.725103,3.0,-3.0,-37.0
1776886195.735103,3.0,-3.0,-38.0
1776886195.7451026,3.0,-3.0,-38.0
1776886195.7551026,0.0,0.0,-39.0
1776886195.7651026,0.0,1.0,-38.0
1776886195.7751029,-2.0,-3.0,-37.0
1776886195.7851028,2.0,0.0,-38.0
1776886195.7951028,2.0,-1.0,-40.0
1776886195.8051028,0.0,-5.0,-41.0
1776886195.8151028,0.0,-5.0,-45.0
1776886195.8251028,1.0,-1.0,-40.0
1776886195.8351028,0.0,2.0,-39.0
1776886195.8451028,0.0,3.0,-40.0
1776886195.8551028,1.0,-1.0,-37.0
1776886195.8651028,3.0,-3.0,-37.0
1776886195.8751028,4.0,-1.0,-38.0
1776886195.8851027,6.0,1.0,-33.0
1776886195.8951027,1.0,3.0,-29.0
1776886195.9051027,0.0,5.0,-30.0
1776886195.9151027,4.0,-1.0,-37.0
1776886195.9251027,8.0,-6.0,-38.0
1776886195.9351027,4.0,-8.0,-36.0
1776886195.9451027,6.0,-11.0,-39.0
1776886195.9551027,2.0,-9.0,-30.0
1776886195.965103,2.0,-7.0,-24.0
1776886195.9761028,2.0,-5.0,-29.0
1776886195.9861028,1.0,-4.0,-28.0
1776886195.9961028,0.0,0.0,-31.0
1776886196.0061028,-2.0,-1.0,-30.0
1776886196.0161028,-2.0,-1.0,-36.0
1776886196.0261028,0.0,-1.0,-45.0
1776886196.0361028,-1.0,-3.0,-41.0
1776886196.0461028,-3.0,-3.0,-41.0
1776886196.0561028,0.0,-3.0,-42.0
1776886196.0661027,1.0,-3.0,-45.0
1776886196.0761027,0.0,1.0,-43.0
1776886196.0861027,-4.0,1.0,-48.0
1776886196.0961027,-9.0,-2.0,-52.0
1776886196.1061027,-6.0,-7.0,-52.0
1776886196.1161027,-11.0,-7.0,-47.0
1776886196.1261027,-12.0,-9.0,-48.0
1776886196.136103,-10.0,-8.0,-47.0
1776886196.146103,-2.0,-7.0,-47.0
1776886196.156103,0.0,-5.0,-47.0
1776886196.1661026,0.0,0.0,-44.0
1776886196.1761026,3.0,2.0,-46.0
1776886196.1861026,2.0,1.0,-43.0
1776886196.1961029,1.0,0.0,-34.0
1776886196.2061028,0.0,-3.0,-35.0
1776886196.2161028,0.0,-7.0,-33.0
1776886196.2261028,3.0,-4.0,-32.0
1776886196.2361028,0.0,-4.0,-30.0
1776886196.2461028,0.0,-1.0,-43.0
1776886196.2561028,-1.0,2.0,-42.0
1776886196.2661028,4.0,0.0,-44.0
1776886196.2761028,6.0,0.0,-41.0
1776886196.2861028,10.0,10.0,-32.0
1776886196.2961028,7.0,10.0,-32.0
1776886196.3061028,9.0,6.0,-44.0
1776886196.3161027,5.0,5.0,-51.0
1776886196.3261027,2.0,-1.0,-51.0
1776886196.3361027,0.0,-1.0,-46.0
1776886196.3461027,-2.0,-5.0,-38.0
1776886196.3561027,-5.0,-7.0,-36.0
1776886196.3661027,-1.0,-7.0,-35.0
1776886196.3761027,-2.0,-3.0,-44.0
1776886196.386103,-3.0,-2.0,-41.0
1776886196.396103,0.0,-5.0,-40.0
1776886196.406103,3.0,-3.0,-36.0
1776886196.4161026,0.0,-4.0,-34.0
1776886196.4261026,-1.0,-5.0,-31.0
1776886196.4361026,0.0,-8.0,-32.0
1776886196.4461029,-4.0,-5.0,-42.0
1776886196.4561028,-1.0,-5.0,-43.0
1776886196.4661028,0.0,0.0,-36.0
1776886196.4761028,-3.0,-1.0,-36.0
1776886196.4861028,-6.0,0.0,-36.0
1776886196.4961028,0.0,2.0,-40.0
1776886196.5061028,5.0,4.0,-39.0
1776886196.5161028,3.0,5.0,-36.0
1776886196.5261028,1.0,4.0,-39.0
1776886196.5361028,-1.0,5.0,-45.0
1776886196.5461028,0.0,5.0,-44.0
1776886196.5561028,3.0,5.0,-41.0
1776886196.5661027,8.0,4.0,-40.0
1776886196.5761027,10.0,1.0,-43.0
1776886196.5861027,10.0,5.0,-41.0
1776886196.5961027,6.0,4.0,-39.0
1776886196.6061027,1.0,7.0,-35.0
1776886196.6161027,0.0,6.0,-36.0
1776886196.6261027,-3.0,4.0,-35.0
1776886196.636103,-3.0,5.0,-37.0
1776886196.646103,-3.0,5.0,-36.0
1776886196.656103,-2.0,6.0,-36.0
1776886196.6661026,0.0,6.0,-40.0
1776886196.6761026,0.0,4.0,-35.0
1776886196.6861026,1.0,7.0,-30.0
1776886196.6961029,4.0,6.0,-29.0
1776886196.7061028,2.0,1.0,-33.0
1776886196.7161028,3.0,-1.0,-33.0
1776886196.7261028,2.0,-4.0,-28.0
1776886196.7361028,-1.0,-3.0,-33.0
1776886196.7461028,1.0,-10.0,-32.0
1776886196.7561028,-2.0,-9.0,-39.0
1776886196.7661028,0.0,-7.0,-47.0
1776886196.7761028,4.0,-7.0,-51.0
1776886196.7861028,6.0,-5.0,-46.0
1776886196.7961028,2.0,-3.0,-47.0
1776886196.8061028,3.0,-2.0,-45.0
1776886196.8161027,5.0,-2.0,-43.0
1776886196.8261027,4.0,0.0,-38.0
1776886196.8361027,-3.0,-1.0,-34.0
1776886196.8461027,-3.0,0.0,-35.0
1776886196.8561027,-2.0,-1.0,-33.0
1776886196.8661027,1.0,-2.0,-33.0
1776886196.8761027,-1.0,-3.0,-37.0
1776886196.886103,-2.0,-1.0,-33.0
1776886196.896103,-2.0,0.0,-33.0
1776886196.906103,-2.0,1.0,-32.0
1776886196.9161026,-2.0,-4.0,-30.0
1776886196.9261026,-5.0,-9.0,-34.0
1776886196.9361026,0.0,-9.0,-45.0
1776886196.9461029,3.0,-6.0,-42.0
1776886196.9561028,7.0,-2.0,-44.0
1776886196.9661028,7.0,-2.0,-40.0
1776886196.9761028,7.0,0.0,-41.0
1776886196.9861028,0.0,0.0,-38.0
1776886196.9961028,0.0,0.0,-37.0
1776886197.0061028,0.0,-2.0,-33.0
1776886197.0161028,0.0,-3.0,-38.0
1776886197.0261028,0.0,-4.0,-45.0
1776886197.0361028,-6.0,1.0,-48.0
1776886197.0461028,-8.0,2.0,-48.0
1776886197.0561028,-5.0,3.0,-49.0
1776886197.0661027,-6.0,0.0,-44.0
1776886197.0761027,-3.0,1.0,-41.0
1776886197.0861027,-1.0,-1.0,-36.0
1776886197.0961027,-1.0,-5.0,-41.0
1776886197.1061027,0.0,-6.0,-44.0
1776886197.1161027,-1.0,-5.0,-41.0
1776886197.1261027,-1.0,-2.0,-43.0
1776886197.136103,-2.0,-1.0,-37.0
1776886197.146103,-7.0,0.0,-38.0
1776886197.156103,-12.0,-2.0,-45.0
1776886197.1661026,-14.0,-4.0,-47.0
1776886197.1761026,-12.0,-2.0,-51.0
1776886197.1861026,-7.0,-4.0,-46.0
1776886197.1961029,-6.0,-4.0,-43.0
1776886197.2061028,-2.0,-4.0,-47.0
1776886197.2161028,2.0,-2.0,-50.0
1776886197.2261028,2.0,-4.0,-45.0
1776886197.2361028,0.0,-2.0,-47.0
1776886197.2461028,0.0,-2.0,-49.0
1776886197.2561028,-3.0,-2.0,-48.0
1776886197.2661028,-1.0,-2.0,-50.0
1776886197.2761028,0.0,-2.0,-49.0
1776886197.2861028,3.0,-2.0,-50.0
1776886197.2961028,0.0,-3.0,-46.0
1776886197.3061028,1.0,-7.0,-41.0
1776886197.3161027,3.0,-10.0,-44.0
1776886197.3261027,5.0,-9.0,-35.0
1776886197.3361027,2.0,-8.0,-41.0
1776886197.3461027,2.0,-4.0,-42.0
1776886197.3561027,-1.0,-5.0,-38.0
1776886197.3661027,-3.0,-7.0,-35.0
1776886197.3761027,-5.0,-6.0,-34.0
1776886197.386103,-5.0,-8.0,-31.0
1776886197.396103,-3.0,-4.0,-36.0
1776886197.406103,0.0,-3.0,-34.0
1776886197.4161026,3.0,-4.0,-40.0
1776886197.4261026,3.0,-4.0,-36.0
1776886197.4361026,9.0,-5.0,-37.0
1776886197.4461029,9.0,-5.0,-40.0
1776886197.4561028,8.0,-3.0,-42.0
1776886197.4661028,7.0,0.0,-41.0
1776886197.4761028,9.0,0.0,-41.0
1776886197.4861028,9.0,3.0,-36.0
1776886197.4961028,10.0,5.0,-38.0
1776886197.5061028,8.0,4.0,-38.0
1776886197.5161028,2.0,9.0,-36.0
1776886197.5261028,1.0,3.0,-36.0
1776886197.5361028,5.0,7.0,-38.0
1776886197.5461028,2.0,0.0,-45.0
1776886197.5561028,0.0,-1.0,-52.0
1776886197.5661027,0.0,-6.0,-45.0
1776886197.5761027,0.0,-8.0,-42.0
1776886197.5861027,0.0,-8.0,-38.0
1776886197.5961027,0.0,-9.0,-42.0
1776886197.6061027,-1.0,-6.0,-36.0
1776886197.6161027,-3.0,-9.0,-41.0
1776886197.6261027,-3.0,-7.0,-38.0
1776886197.636103,-8.0,-8.0,-37.0
1776886197.646103,-4.0,-4.0,-34.0
1776886197.656103,0.0,0.0,-33.0
1776886197.6661026,-1.0,3.0,-43.0
1776886197.6761026,0.0,4.0,-44.0
1776886197.6861026,2.0,1.0,-41.0
1776886197.6961029,1.0,3.0,-46.0
1776886197.7061028,1.0,5.0,-44.0
1776886197.7161028,-3.0,9.0,-42.0
1776886197.7261028,-4.0,3.0,-38.0
1776886197.7361028,0.0,0.0,-33.0
1776886197.7461028,3.0,1.0,-33.0
1776886197.7561028,10.0,1.0,-39.0
1776886197.7661028,0.0,2.0,-44.0
1776886197.7761028,-3.0,2.0,-39.0
1776886197.7861028,-3.0,-2.0,-32.0
1776886197.7961028,0.0,-2.0,-37.0
1776886197.8061028,-3.0,-6.0,-38.0
1776886197.8161027,-3.0,-5.0,-43.0
1776886197.8261027,-5.0,-5.0,-44.0
1776886197.8361027,-7.0,0.0,-39.0
1776886197.8461027,-9.0,3.0,-32.0
1776886197.8561027,-8.0,4.0,-29.0
1776886197.8661027,-7.0,6.0,-31.0
1776886197.8761027,-6.0,4.0,-37.0
1776886197.886103,-7.0,3.0,-34.0
1776886197.896103,-4.0,2.0,-41.0
1776886197.906103,1.0,0.0,-46.0
1776886197.9161026,2.0,2.0,-45.0
1776886197.9261026,7.0,4.0,-46.0
1776886197.9361026,8.0,0.0,-49.0
1776886197.9461029,4.0,-1.0,-51.0
1776886197.9561028,-3.0,-1.0,-47.0
1776886197.9661028,0.0,-2.0,-48.0
1776886197.9771028,1.0,-5.0,-38.0
1776886197.9871027,0.0,-2.0,-35.0
1776886197.9971027,2.0,0.0,-41.0
1776886198.0071027,5.0,-3.0,-43.0
1776886198.0171027,7.0,-5.0,-39.0
1776886198.0271027,7.0,-8.0,-40.0
1776886198.0371027,0.0,-8.0,-38.0
1776886198.0471027,0.0,-8.0,-38.0
1776886198.057103,-1.0,-9.0,-43.0
1776886198.067103,0.0,-8.0,-46.0
1776886198.077103,0.0,-4.0,-52.0
1776886198.087103,0.0,-5.0,-52.0
1776886198.0971026,4.0,-3.0,-47.0
1776886198.1071026,7.0,-6.0,-50.0
1776886198.1171026,4.0,-2.0,-56.0
1776886198.1271029,4.0,1.0,-52.0
1776886198.1371028,6.0,0.0,-49.0
1776886198.1471028,4.0,0.0,-46.0
1776886198.1571028,2.0,0.0,-46.0
1776886198.1671028,0.0,0.0,-44.0
1776886198.1771028,-3.0,-2.0,-45.0
1776886198.1871028,-7.0,-4.0,-44.0
1776886198.1971028,-4.0,-7.0,-45.0
1776886198.2071028,0.0,-3.0,-40.0
1776886198.2171028,2.0,-4.0,-47.0
1776886198.2271028,5.0,-3.0,-51.0
1776886198.2371027,4.0,-3.0,-48.0
1776886198.2471027,5.0,0.0,-46.0
1776886198.2571027,1.0,-1.0,-43.0
1776886198.2671027,4.0,-1.0,-42.0
1776886198.2771027,5.0,-2.0,-44.0
1776886198.2871027,4.0,-1.0,-45.0
1776886198.2971027,0.0,-2.0,-42.0
1776886198.307103,2.0,0.0,-45.0
1776886198.317103,0.0,0.0,-49.0
1776886198.327103,-3.0,0.0,-45.0
1776886198.337103,-1.0,-1.0,-47.0
1776886198.3471026,-1.0,-2.0,-49.0
1776886198.3571026,1.0,0.0,-52.0
1776886198.3671026,2.0,0.0,-43.0
1776886198.3771029,3.0,0.0,-36.0
1776886198.3871028,1.0,0.0,-38.0
1776886198.3971028,0.0,1.0,-42.0
1776886198.4071028,0.0,2.0,-40.0
1776886198.4171028,3.0,-1.0,-35.0
1776886198.4271028,-1.0,-2.0,-32.0
1776886198.4371028,3.0,-2.0,-37.0
1776886198.4471028,7.0,-2.0,-42.0
1776886198.4571028,8.0,-4.0,-37.0
1776886198.4671028,7.0,-2.0,-44.0
1776886198.4771028,6.0,-2.0,-47.0
1776886198.4871027,7.0,0.0,-44.0
1776886198.4971027,5.0,3.0,-50.0
1776886198.5071027,1.0,4.0,-44.0
1776886198.5171027,5.0,3.0,-51.0
1776886198.5271027,8.0,0.0,-45.0
1776886198.5371027,2.0,-6.0,-41.0
1776886198.5471027,2.0,0.0,-44.0
1776886198.557103,2.0,-1.0,-48.0
1776886198.567103,1.0,-5.0,-41.0
1776886198.577103,0.0,-4.0,-39.0
1776886198.587103,3.0,-4.0,-35.0
1776886198.5971026,4.0,-3.0,-36.0
1776886198.6071026,6.0,-1.0,-38.0
1776886198.6171026,7.0,-1.0,-35.0
1776886198.6271029,9.0,0.0,-35.0
1776886198.6371028,6.0,2.0,-39.0
1776886198.6471028,1.0,-1.0,-41.0
1776886198.6571028,0.0,0.0,-44.0
1776886198.6671028,-1.0,0.0,-37.0
1776886198.6771028,-1.0,0.0,-37.0
1776886198.6871028,-3.0,4.0,-32.0
1776886198.6971028,-3.0,1.0,-33.0
1776886198.7071028,-2.0,2.0,-31.0
1776886198.7171028,0.0,4.0,-27.0
1776886198.7271028,-5.0,5.0,-35.0
1776886198.7371027,-6.0,3.0,-36.0
1776886198.7471027,-5.0,2.0,-37.0
1776886198.7571027,-8.0,-5.0,-39.0
1776886198.7671027,-6.0,-4.0,-34.0
1776886198.7771027,-2.0,-7.0,-37.0
1776886198.7871027,0.0,-7.0,-36.0
1776886198.7971027,0.0,-4.0,-33.0
1776886198.807103,0.0,-1.0,-33.0
1776886198.817103,-1.0,-2.0,-36.0
1776886198.827103,-3.0,-2.0,-35.0
1776886198.837103,-3.0,-3.0,-40.0
1776886198.8471026,-4.0,-2.0,-45.0
1776886198.8571026,-2.0,-2.0,-47.0
1776886198.8671026,-1.0,-5.0,-43.0
1776886198.8771029,2.0,-6.0,-40.0
1776886198.8871028,1.0,-3.0,-37.0
1776886198.8971028,0.0,0.0,-39.0
1776886198.9071028,0.0,1.0,-36.0
1776886198.9171028,0.0,2.0,-34.0
1776886198.9271028,2.0,1.0,-38.0
1776886198.9371028,-2.0,0.0,-40.0
1776886198.9471028,-3.0,0.0,-41.0
1776886198.9571028,-2.0,0.0,-34.0
1776886198.9671028,-2.0,-1.0,-34.0
1776886198.9771028,0.0,3.0,-31.0
1776886198.9871027,2.0,-1.0,-34.0
1776886198.9971027,6.0,1.0,-34.0
1776886199.0071027,5.0,2.0,-36.0
1776886199.0171027,3.0,4.0,-37.0
1776886199.0271027,2.0,6.0,-44.0
1776886199.0371027,-1.0,4.0,-41.0
1776886199.0471027,2.0,-1.0,-34.0
1776886199.057103,3.0,-1.0,-33.0
1776886199.067103,5.0,-1.0,-35.0
1776886199.077103,8.0,-3.0,-37.0
1776886199.087103,3.0,-3.0,-42.0
1776886199.0971026,2.0,0.0,-42.0
1776886199.1071026,3.0,-2.0,-41.0
1776886199.1171026,0.0,-3.0,-38.0
1776886199.1271029,3.0,-1.0,-44.0
1776886199.1371028,2.0,0.0,-46.0
1776886199.1471028,1.0,-4.0,-45.0
1776886199.1571028,0.0,-3.0,-51.0
1776886199.1671028,0.0,-3.0,-48.0
1776886199.1771028,3.0,-2.0,-39.0
1776886199.1871028,2.0,-2.0,-38.0
1776886199.1971028,8.0,0.0,-42.0
1776886199.2071028,11.0,-6.0,-49.0
1776886199.2171028,11.0,-6.0,-54.0
1776886199.2271028,9.0,-4.0,-46.0
1776886199.2371027,7.0,-3.0,-45.0
1776886199.2471027,9.0,-4.0,-43.0
1776886199.2571027,1.0,-1.0,-37.0
1776886199.2671027,-2.0,-3.0,-44.0
1776886199.2771027,-3.0,3.0,-43.0
1776886199.2871027,-5.0,2.0,-39.0
1776886199.2971027,-4.0,-2.0,-41.0
1776886199.307103,3.0,-5.0,-35.0
1776886199.317103,2.0,-4.0,-36.0
1776886199.327103,3.0,-4.0,-31.0
1776886199.337103,0.0,-4.0,-32.0
1776886199.3471026,1.0,-6.0,-37.0
1776886199.3571026,0.0,-5.0,-40.0
1776886199.3671026,-1.0,-6.0,-43.0
1776886199.3771029,1.0,-6.0,-39.0
1776886199.3871028,0.0,-6.0,-44.0
1776886199.3971028,-1.0,-5.0,-33.0
1776886199.4071028,1.0,-3.0,-32.0
1776886199.4171028,0.0,0.0,-31.0
1776886199.4271028,0.0,0.0,-28.0
1776886199.4371028,2.0,0.0,-27.0
1776886199.4471028,0.0,-2.0,-31.0
1776886199.4571028,-1.0,-5.0,-36.0
1776886199.4671028,-10.0,0.0,-43.0
1776886199.4771028,-12.0,1.0,-45.0
1776886199.4871027,-7.0,3.0,-50.0
1776886199.4971027,-2.0,1.0,-48.0
1776886199.5071027,1.0,0.0,-44.0
1776886199.5171027,4.0,0.0,-40.0
1776886199.5271027,2.0,-3.0,-37.0
1776886199.5371027,1.0,-2.0,-37.0
1776886199.5471027,2.0,0.0,-31.0
1776886199.557103,1.0,1.0,-32.0
1776886199.567103,-1.0,0.0,-37.0
1776886199.577103,-1.0,2.0,-40.0
1776886199.587103,0.0,3.0,-37.0
1776886199.5971026,0.0,4.0,-36.0
1776886199.6071026,-1.0,3.0,-34.0
1776886199.6171026,0.0,5.0,-29.0
1776886199.6271029,3.0,7.0,-32.0
1776886199.6371028,2.0,4.0,-37.0
1776886199.6471028,2.0,0.0,-36.0
1776886199.6571028,1.0,0.0,-38.0
1776886199.6671028,1.0,2.0,-41.0
1776886199.6771028,2.0,1.0,-44.0
1776886199.6871028,-1.0,-4.0,-40.0
1776886199.6971028,0.0,-9.0,-43.0
1776886199.7071028,6.0,-8.0,-38.0
1776886199.7171028,6.0,-3.0,-34.0
1776886199.7271028,1.0,0.0,-41.0
1776886199.7371027,-1.0,0.0,-41.0
1776886199.7471027,-3.0,-2.0,-42.0
1776886199.7571027,-1.0,-2.0,-43.0
1776886199.7671027,2.0,0.0,-36.0
1776886199.7771027,5.0,1.0,-34.0
1776886199.7871027,3.0,0.0,-37.0
1776886199.7971027,1.0,0.0,-42.0
1776886199.807103,5.0,-1.0,-40.0
1776886199.817103,6.0,0.0,-45.0
1776886199.827103,5.0,4.0,-42.0
1776886199.837103,9.0,6.0,-43.0
1776886199.8471026,13.0,6.0,-39.0
1776886199.8571026,8.0,5.0,-39.0
1776886199.8671026,4.0,-1.0,-44.0
1776886199.8771029,0.0,-4.0,-40.0
1776886199.8871028,-2.0,-2.0,-42.0
1776886199.8971028,0.0,-2.0,-43.0
1776886199.9071028,-4.0,0.0,-41.0
1776886199.9171028,-4.0,0.0,-34.0
1776886199.9271028,-1.0,2.0,-31.0
1776886199.9371028,-2.0,-1.0,-35.0
1776886199.9471028,-2.0,0.0,-35.0
1776886199.9571028,0.0,0.0,-35.0
1776886199.9671028,0.0,-3.0,-38.0
1776886199.9781027,2.0,-5.0,-42.0
1776886199.988103,7.0,-10.0,-38.0
1776886199.998103,5.0,-9.0,-37.0
1776886200.008103,7.0,-4.0,-36.0
1776886200.0181026,8.0,0.0,-41.0
1776886200.0281026,6.0,0.0,-46.0
1776886200.0381026,8.0,0.0,-48.0
1776886200.0481029,4.0,-6.0,-42.0
1776886200.0581028,2.0,-6.0,-34.0
1776886200.0681028,0.0,-2.0,-29.0
1776886200.0781028,-6.0,0.0,-32.0
1776886200.0881028,-6.0,0.0,-25.0
1776886200.0981028,-2.0,1.0,-29.0
1776886200.1081028,-1.0,0.0,-26.0
1776886200.1181028,0.0,1.0,-32.0
1776886200.1281028,-2.0,1.0,-31.0
1776886200.1381028,1.0,0.0,-29.0
1776886200.1481028,-1.0,-5.0,-36.0
1776886200.1581028,0.0,-6.0,-34.0
1776886200.1681027,0.0,-6.0,-34.0
1776886200.1781027,0.0,-6.0,-36.0
1776886200.1881027,0.0,-5.0,-35.0
1776886200.1981027,-1.0,-4.0,-37.0
1776886200.2081027,0.0,-2.0,-28.0
1776886200.2181027,-3.0,-1.0,-27.0
1776886200.2281027,-1.0,-2.0,-27.0
1776886200.238103,0.0,-5.0,-26.0
1776886200.248103,-1.0,-2.0,-24.0
1776886200.258103,-4.0,-2.0,-26.0
1776886200.2681026,0.0,-1.0,-31.0
1776886200.2781026,0.0,1.0,-27.0
1776886200.2881026,-2.0,0.0,-23.0
1776886200.2981029,0.0,2.0,-27.0
1776886200.3081028,9.0,3.0,-29.0
1776886200.3181028,7.0,1.0,-35.0
1776886200.3281028,6.0,0.0,-35.0
1776886200.3381028,5.0,0.0,-33.0
1776886200.3481028,3.0,0.0,-32.0
1776886200.3581028,0.0,-2.0,-29.0
1776886200.3681028,-1.0,-1.0,-31.0
1776886200.3781028,-1.0,0.0,-29.0
1776886200.3881028,1.0,0.0,-30.0
1776886200.3981028,1.0,0.0,-33.0
1776886200.4081028,7.0,2.0,-35.0
1776886200.4181027,5.0,0.0,-36.0
1776886200.4281027,6.0,-1.0,-35.0
1776886200.4381027,0.0,0.0,-34.0
1776886200.4481027,0.0,-2.0,-31.0
1776886200.4581027,0.0,-6.0,-26.0
1776886200.4681027,0.0,-5.0,-28.0
1776886200.4781027,0.0,-4.0,-33.0
1776886200.488103,3.0,-3.0,-35.0
1776886200.498103,2.0,-7.0,-35.0
1776886200.508103,1.0,-5.0,-33.0
1776886200.5181026,3.0,-4.0,-29.0
1776886200.5281026,5.0,-9.0,-32.0
1776886200.5381026,2.0,-10.0,-34.0
1776886200.5481029,-1.0,-6.0,-38.0
1776886200.5581028,-3.0,-3.0,-42.0
1776886200.5681028,-2.0,1.0,-38.0
1776886200.5781028,-2.0,1.0,-40.0
1776886200.5881028,3.0,2.0,-46.0
1776886200.5981028,5.0,2.0,-43.0
1776886200.6081028,6.0,1.0,-43.0
1776886200.6181028,2.0,0.0,-38.0
1776886200.6281028,0.0,-2.0,-34.0
1776886200.6381028,0.0,-1.0,-32.0
1776886200.6481028,-2.0,0.0,-27.0
1776886200.6581028,0.0,0.0,-25.0
1776886200.6681027,2.0,-2.0,-31.0
1776886200.6781027,5.0,0.0,-39.0
1776886200.6881027,4.0,2.0,-37.0
1776886200.6981027,7.0,1.0,-35.0
1776886200.7081027,9.0,0.0,-37.0
1776886200.7181027,7.0,-3.0,-42.0
1776886200.7281027,4.0,-4.0,-41.0
1776886200.738103,5.0,-3.0,-37.0
1776886200.748103,3.0,-2.0,-38.0
1776886200.758103,0.0,0.0,-40.0
1776886200.7681026,-8.0,1.0,-42.0
1776886200.7781026,-7.0,0.0,-43.0
1776886200.7881026,-8.0,0.0,-45.0
1776886200.7981029,-7.0,1.0,-39.0
1776886200.8081028,-6.0,0.0,-37.0
1776886200.8181028,-3.0,0.0,-38.0
1776886200.8281028,0.0,0.0,-34.0
1776886200.8381028,-2.0,-4.0,-32.0
1776886200.8481028,0.0,-4.0,-32.0
1776886200.8581028,2.0,1.0,-37.0
1776886200.8681028,3.0,5.0,-38.0
1776886200.8781028,3.0,7.0,-39.0
1776886200.8881028,0.0,0.0,-45.0
1776886200.8981028,3.0,0.0,-40.0
1776886200.9081028,1.0,0.0,-39.0
1776886200.9181027,-2.0,2.0,-40.0
1776886200.9281027,0.0,2.0,-47.0
1776886200.9381027,2.0,2.0,-48.0
1776886200.9481027,8.0,0.0,-44.0
1776886200.9581027,7.0,0.0,-39.0
1776886200.9681027,4.0,0.0,-40.0
1776886200.9781027,-2.0,2.0,-45.0
1776886200.988103,-2.0,1.0,-48.0
1776886200.998103,-5.0,1.0,-44.0
1776886201.008103,-4.0,-1.0,-45.0
1776886201.0181026,-1.0,-5.0,-45.0
1776886201.0281026,-5.0,-9.0,-43.0
1776886201.0381026,-3.0,-11.0,-42.0
1776886201.0481029,1.0,-13.0,-48.0
1776886201.0581028,4.0,-15.0,-46.0
1776886201.0681028,0.0,-13.0,-38.0
1776886201.0781028,0.0,-10.0,-36.0
1776886201.0881028,0.0,-8.0,-29.0
1776886201.0981028,0.0,-5.0,-30.0
1776886201.1081028,-2.0,-9.0,-29.0
1776886201.1181028,-3.0,-8.0,-29.0
1776886201.1281028,0.0,-7.0,-28.0
1776886201.1381028,4.0,-6.0,-37.0
1776886201.1481028,1.0,-3.0,-39.0
1776886201.1581028,-1.0,0.0,-34.0
1776886201.1681027,2.0,-3.0,-37.0
1776886201.1781027,0.0,0.0,-39.0
1776886201.1881027,0.0,3.0,-42.0
1776886201.1981027,-2.0,3.0,-45.0
1776886201.2081027,-2.0,0.0,-45.0
1776886201.2181027,-6.0,0.0,-47.0
1776886201.2281027,-7.0,-1.0,-39.0
1776886201.238103,-5.0,0.0,-40.0
1776886201.248103,-2.0,-3.0,-40.0
1776886201.258103,-2.0,-1.0,-43.0
1776886201.2681026,-1.0,-7.0,-42.0
1776886201.2781026,-1.0,-8.0,-50.0
1776886201.2881026,1.0,-13.0,-52.0
1776886201.2981029,0.0,-13.0,-46.0
1776886201.3081028,-2.0,-8.0,-44.0
1776886201.3181028,-1.0,-2.0,-37.0
1776886201.3281028,0.0,-2.0,-39.0
1776886201.3381028,0.0,-2.0,-39.0
1776886201.3481028,-2.0,-4.0,-41.0
1776886201.3581028,0.0,-6.0,-45.0
1776886201.3681028,2.0,-7.0,-51.0
1776886201.3781028,1.0,-7.0,-49.0
1776886201.3881028,0.0,-7.0,-50.0
1776886201.3981028,1.0,-8.0,-50.0
1776886201.4081028,4.0,-8.0,-57.0
1776886201.4181027,4.0,-5.0,-53.0
1776886201.4281027,0.0,-6.0,-50.0
1776886201.4381027,1.0,-8.0,-47.0
1776886201.4481027,3.0,-6.0,-53.0
1776886201.4581027,6.0,-6.0,-50.0
1776886201.4681027,5.0,-6.0,-48.0
1776886201.4781027,4.0,-6.0,-43.0
1776886201.488103,3.0,-3.0,-34.0
1776886201.498103,2.0,-2.0,-36.0
1776886201.508103,1.0,0.0,-37.0
1776886201.5181026,-1.0,-2.0,-36.0
1776886201.5281026,-2.0,1.0,-39.0
1776886201.5381026,1.0,0.0,-41.0
1776886201.5481029,7.0,-3.0,-39.0
1776886201.5581028,5.0,1.0,-39.0
1776886201.5681028,4.0,4.0,-34.0
1776886201.5781028,5.0,2.0,-32.0
1776886201.5881028,3.0,2.0,-34.0
1776886201.5981028,-2.0,0.0,-40.0
1776886201.6081028,-3.0,1.0,-44.0
1776886201.6181028,-1.0,0.0,-45.0
1776886201.6281028,2.0,0.0,-40.0
1776886201.6381028,6.0,0.0,-35.0
1776886201.6481028,2.0,0.0,-35.0
1776886201.6581028,0.0,0.0,-33.0
1776886201.6681027,-1.0,1.0,-34.0
1776886201.6781027,-1.0,1.0,-42.0
1776886201.6881027,0.0,5.0,-39.0
1776886201.6981027,-2.0,0.0,-34.0
1776886201.7081027,1.0,1.0,-43.0
1776886201.7181027,0.0,3.0,-44.0
1776886201.7281027,2.0,3.0,-42.0
1776886201.738103,-4.0,3.0,-38.0
1776886201.748103,-3.0,0.0,-35.0
1776886201.758103,-3.0,-2.0,-42.0
1776886201.7681026,-1.0,-5.0,-46.0
1776886201.7781026,0.0,-8.0,-45.0
1776886201.7881026,-1.0,-6.0,-45.0
1776886201.7981029,0.0,-5.0,-48.0
1776886201.8081028,3.0,-8.0,-41.0
1776886201.8181028,0.0,-6.0,-37.0
1776886201.8281028,0.0,-5.0,-38.0
1776886201.8381028,2.0,-5.0,-47.0
1776886201.8481028,4.0,-5.0,-43.0
1776886201.8581028,7.0,-6.0,-40.0
1776886201.8681028,4.0,-1.0,-35.0
1776886201.8781028,4.0,0.0,-34.0
1776886201.8881028,1.0,-2.0,-30.0
1776886201.8981028,1.0,-2.0,-33.0
1776886201.9081028,0.0,1.0,-38.0
1776886201.9181027,2.0,5.0,-46.0
1776886201.9281027,-2.0,4.0,-41.0
1776886201.9381027,-5.0,6.0,-41.0
1776886201.9491026,0.0,7.0,-44.0
1776886201.9581027,-2.0,4.0,-37.0
1776886201.9681027,-6.0,-1.0,-37.0
1776886201.9781027,-4.0,-2.0,-37.0
1776886201.9891028,0.0,-3.0,-41.0
1776886201.9991028,0.0,-5.0,-40.0
1776886202.0091028,2.0,-8.0,-41.0
1776886202.0191028,4.0,-12.0,-41.0
1776886202.0291028,0.0,-9.0,-39.0
1776886202.0391028,2.0,-8.0,-43.0
1776886202.0491028,0.0,-4.0,-33.0
1776886202.0591028,-3.0,-2.0,-37.0
1776886202.0691028,-2.0,-4.0,-36.0
1776886202.0791028,1.0,2.0,-33.0
1776886202.0891027,2.0,3.0,-32.0
1776886202.0991027,3.0,4.0,-36.0
1776886202.1091027,0.0,3.0,-34.0
1776886202.1191027,1.0,4.0,-31.0
1776886202.1291027,3.0,4.0,-32.0
1776886202.1391027,5.0,1.0,-33.0
1776886202.1491027,3.0,-2.0,-28.0
1776886202.159103,3.0,0.0,-26.0
1776886202.169103,2.0,0.0,-33.0
1776886202.179103,3.0,-3.0,-40.0
1776886202.1891026,1.0,-3.0,-37.0
1776886202.1991026,0.0,0.0,-33.0
1776886202.2091026,0.0,-3.0,-35.0
1776886202.2191026,4.0,-6.0,-37.0
1776886202.2291028,5.0,-6.0,-36.0
1776886202.2391028,0.0,-2.0,-30.0
1776886202.2491028,1.0,-1.0,-33.0
1776886202.2591028,0.0,0.0,-36.0
1776886202.2691028,5.0,0.0,-36.0
1776886202.2791028,4.0,0.0,-48.0
1776886202.2891028,4.0,-3.0,-44.0
1776886202.2991028,6.0,0.0,-45.0
1776886202.3091028,5.0,-2.0,-49.0
1776886202.3191028,5.0,-3.0,-54.0
1776886202.3291028,2.0,-3.0,-53.0
1776886202.3391027,-1.0,-3.0,-48.0
1776886202.3491027,-4.0,-1.0,-39.0
1776886202.3591027,-5.0,-4.0,-33.0
1776886202.3691027,-6.0,-4.0,-27.0
1776886202.3791027,-7.0,-3.0,-27.0
1776886202.3891027,0.0,-4.0,-29.0
1776886202.3991027,3.0,-2.0,-34.0
1776886202.409103,4.0,2.0,-31.0
1776886202.419103,7.0,-1.0,-29.0
1776886202.429103,6.0,-2.0,-41.0
1776886202.4391026,9.0,0.0,-41.0
1776886202.4491026,8.0,1.0,-42.0
1776886202.4591026,3.0,1.0,-44.0
1776886202.4691026,3.0,-2.0,-42.0
1776886202.4791028,4.0,-3.0,-37.0
1776886202.4891028,-2.0,0.0,-41.0
1776886202.4991028,-1.0,3.0,-42.0
1776886202.5091028,1.0,0.0,-34.0
1776886202.5191028,0.0,1.0,-33.0
1776886202.5291028,1.0,-1.0,-30.0
1776886202.5391028,0.0,0.0,-32.0
1776886202.5491028,1.0,-1.0,-33.0
1776886202.5591028,8.0,-4.0,-30.0
1776886202.5691028,7.0,-5.0,-26.0
1776886202.5791028,4.0,-3.0,-31.0
1776886202.5891027,4.0,-1.0,-25.0
1776886202.5991027,0.0,0.0,-24.0
1776886202.6091027,0.0,-5.0,-26.0
1776886202.6191027,5.0,-6.0,-21.0
1776886202.6291027,1.0,-7.0,-28.0
1776886202.6391027,3.0,-5.0,-35.0
1776886202.6491027,2.0,-4.0,-32.0
1776886202.659103,-1.0,-7.0,-31.0
1776886202.669103,-7.0,-4.0,-33.0
1776886202.679103,-1.0,-2.0,-37.0
1776886202.6891026,-5.0,-4.0,-37.0
1776886202.6991026,-6.0,-3.0,-40.0
1776886202.7091026,-6.0,1.0,-38.0
1776886202.7191026,-5.0,1.0,-37.0
1776886202.7291028,-7.0,0.0,-37.0
1776886202.7391028,-5.0,1.0,-38.0
1776886202.7491028,-8.0,0.0,-39.0
1776886202.7591028,-6.0,1.0,-39.0
1776886202.7691028,-5.0,0.0,-39.0
1776886202.7791028,-8.0,0.0,-40.0
1776886202.7891028,-8.0,-5.0,-43.0
1776886202.7991028,-7.0,-3.0,-40.0
1776886202.8091028,-3.0,-1.0,-43.0
1776886202.8191028,0.0,-1.0,-45.0
1776886202.8291028,-1.0,-3.0,-46.0
1776886202.8391027,2.0,-1.0,-48.0
1776886202.8491027,3.0,-2.0,-54.0
1776886202.8591027,0.0,-1.0,-50.0
1776886202.8691027,0.0,-2.0,-48.0
1776886202.8791027,2.0,-6.0,-52.0
1776886202.8891027,1.0,-6.0,-51.0
1776886202.8991027,0.0,-4.0,-47.0
1776886202.909103,1.0,-9.0,-36.0
1776886202.919103,-1.0,-7.0,-43.0
1776886202.929103,-2.0,-5.0,-39.0
1776886202.9391026,-3.0,-5.0,-38.0
1776886202.9491026,1.0,-5.0,-45.0
1776886202.9591026,4.0,0.0,-48.0
1776886202.9691026,0.0,0.0,-44.0
1776886202.9791028,-1.0,0.0,-37.0
1776886202.9891028,0.0,-1.0,-37.0
1776886202.9991028,3.0,-2.0,-30.0
1776886203.0091028,1.0,-3.0,-37.0
1776886203.0191028,1.0,0.0,-34.0
1776886203.0291028,4.0,4.0,-36.0
1776886203.0391028,2.0,6.0,-37.0
1776886203.0491028,3.0,4.0,-41.0
1776886203.0591028,4.0,0.0,-42.0
1776886203.0691028,6.0,5.0,-46.0
1776886203.0791028,5.0,1.0,-40.0
1776886203.0891027,4.0,-1.0,-39.0
1776886203.0991027,4.0,0.0,-37.0
1776886203.1091027,6.0,-1.0,-29.0
1776886203.1191027,5.0,-3.0,-29.0
1776886203.1291027,3.0,-3.0,-35.0
1776886203.1391027,3.0,3.0,-30.0
1776886203.1491027,1.0,4.0,-30.0
1776886203.159103,4.0,4.0,-36.0
1776886203.169103,7.0,3.0,-35.0
1776886203.179103,5.0,2.0,-31.0
1776886203.1891026,8.0,1.0,-29.0
1776886203.1991026,9.0,0.0,-33.0
1776886203.2091026,10.0,0.0,-36.0
1776886203.2191026,8.0,-2.0,-34.0
1776886203.2291028,9.0,-6.0,-30.0
1776886203.2391028,10.0,-7.0,-27.0
1776886203.2491028,7.0,-8.0,-27.0
1776886203.2591028,4.0,-7.0,-37.0
1776886203.2691028,1.0,-8.0,-37.0
1776886203.2791028,2.0,-10.0,-44.0
1776886203.2891028,0.0,-8.0,-40.0
1776886203.2991028,1.0,-5.0,-36.0
1776886203.3091028,2.0,-4.0,-37.0
1776886203.3191028,1.0,-6.0,-36.0
1776886203.3291028,-2.0,-1.0,-35.0
1776886203.3391027,0.0,-1.0,-35.0
1776886203.3491027,1.0,0.0,-36.0
1776886203.3591027,0.0,0.0,-36.0
1776886203.3691027,-2.0,3.0,-37.0
1776886203.3791027,0.0,0.0,-42.0
1776886203.3891027,6.0,-2.0,-43.0
1776886203.3991027,5.0,-5.0,-44.0
1776886203.409103,1.0,-5.0,-40.0
1776886203.419103,-1.0,-5.0,-37.0
1776886203.429103,0.0,-1.0,-42.0
1776886203.4391026,0.0,0.0,-38.0
1776886203.4491026,0.0,-3.0,-42.0
1776886203.4591026,0.0,-6.0,-41.0
1776886203.4691026,2.0,-3.0,-42.0
1776886203.4791028,2.0,-4.0,-39.0
1776886203.4891028,0.0,-4.0,-36.0
1776886203.4991028,1.0,-5.0,-32.0
1776886203.5091028,-1.0,-5.0,-33.0
1776886203.5191028,-7.0,-7.0,-34.0
1776886203.5291028,-6.0,-12.0,-34.0
1776886203.5391028,-7.0,-7.0,-34.0
1776886203.5491028,-5.0,-5.0,-39.0
1776886203.5591028,0.0,-5.0,-39.0
1776886203.5691028,3.0,-4.0,-38.0
1776886203.5791028,4.0,1.0,-35.0
1776886203.5891027,7.0,4.0,-33.0
1776886203.5991027,9.0,0.0,-40.0
1776886203.6091027,12.0,0.0,-43.0
1776886203.6191027,10.0,-5.0,-43.0
1776886203.6291027,5.0,-10.0,-44.0
1776886203.6391027,6.0,-10.0,-44.0
1776886203.6491027,3.0,-9.0,-45.0
1776886203.659103,1.0,-7.0,-43.0
1776886203.669103,4.0,-8.0,-44.0
1776886203.679103,4.0,-9.0,-39.0
1776886203.6891026,0.0,-7.0,-40.0
1776886203.6991026,1.0,-5.0,-36.0
1776886203.7091026,1.0,-3.0,-36.0
1776886203.7191026,1.0,-3.0,-37.0
1776886203.7291028,5.0,1.0,-39.0
1776886203.7391028,5.0,0.0,-41.0
1776886203.7491028,5.0,-4.0,-43.0
1776886203.7591028,7.0,-7.0,-47.0
1776886203.7691028,2.0,-2.0,-41.0
1776886203.7791028,-5.0,-4.0,-34.0
1776886203.7891028,-3.0,-4.0,-37.0
1776886203.7991028,-2.0,-3.0,-35.0
1776886203.8091028,-7.0,-4.0,-31.0
1776886203.8191028,-9.0,-5.0,-34.0
1776886203.8291028,-7.0,-4.0,-37.0
1776886203.8391027,-8.0,-2.0,-38.0
1776886203.8491027,-4.0,0.0,-39.0
1776886203.8591027,-3.0,0.0,-38.0
1776886203.8691027,-4.0,1.0,-40.0
1776886203.8791027,-3.0,0.0,-37.0
1776886203.8891027,-3.0,-4.0,-37.0
1776886203.8991027,0.0,-1.0,-36.0
1776886203.909103,3.0,-4.0,-41.0
1776886203.919103,2.0,-2.0,-34.0
1776886203.9301028,3.0,-2.0,-32.0
1776886203.9391026,1.0,-8.0,-39.0
1776886203.9491026,0.0,-7.0,-37.0
1776886203.9591026,-2.0,-7.0,-33.0
1776886203.9701028,-4.0,-6.0,-28.0
1776886203.9801028,-5.0,-2.0,-30.0
1776886203.9901028,-4.0,-6.0,-30.0
1776886204.0001028,-4.0,-2.0,-29.0
1776886204.0101027,-5.0,-1.0,-32.0
1776886204.0201027,-5.0,-3.0,-33.0
1776886204.0301027,-5.0,-1.0,-34.0
1776886204.0401027,-9.0,-3.0,-39.0
1776886204.0501027,-10.0,-2.0,-39.0
1776886204.0601027,-8.0,0.0,-40.0
1776886204.0701027,-1.0,0.0,-39.0
1776886204.0801027,1.0,-2.0,-34.0
1776886204.090103,2.0,-4.0,-38.0
1776886204.100103,4.0,0.0,-39.0
1776886204.110103,3.0,-1.0,-31.0
1776886204.1201026,4.0,-4.0,-23.0
1776886204.1301026,2.0,-4.0,-32.0
1776886204.1401026,-1.0,-2.0,-33.0
1776886204.1501029,-1.0,-1.0,-41.0
1776886204.1601028,0.0,2.0,-43.0
1776886204.1701028,-2.0,3.0,-44.0
1776886204.1801028,-2.0,4.0,-42.0
1776886204.1901028,0.0,3.0,-41.0
1776886204.2001028,2.0,0.0,-42.0
1776886204.2101028,0.0,0.0,-44.0
1776886204.2201028,-2.0,1.0,-43.0
1776886204.2301028,0.0,-1.0,-42.0
1776886204.2401028,0.0,-3.0,-34.0
1776886204.2501028,-1.0,-1.0,-32.0
1776886204.2601027,-4.0,1.0,-35.0
1776886204.2701027,-6.0,0.0,-34.0
1776886204.2801027,-5.0,0.0,-32.0
1776886204.2901027,-5.0,1.0,-31.0
1776886204.3001027,-6.0,0.0,-33.0
1776886204.3101027,-1.0,0.0,-32.0
1776886204.3201027,-1.0,5.0,-36.0
1776886204.3301027,0.0,6.0,-34.0
1776886204.340103,0.0,7.0,-31.0
1776886204.350103,0.0,7.0,-38.0
1776886204.360103,1.0,3.0,-36.0
1776886204.3701026,1.0,0.0,-36.0
1776886204.3801026,-1.0,2.0,-36.0
1776886204.3901026,0.0,2.0,-38.0
1776886204.4001029,0.0,2.0,-43.0
1776886204.4101028,1.0,5.0,-41.0
1776886204.4201028,-1.0,6.0,-38.0
1776886204.4301028,0.0,5.0,-40.0
1776886204.4401028,1.0,2.0,-41.0
1776886204.4501028,3.0,0.0,-40.0
1776886204.4601028,6.0,-3.0,-38.0
1776886204.4701028,3.0,0.0,-37.0
1776886204.4801028,0.0,-1.0,-36.0
1776886204.4901028,-2.0,-3.0,-27.0
1776886204.5001028,0.0,-5.0,-27.0
1776886204.5101027,6.0,-4.0,-24.0
1776886204.5201027,0.0,0.0,-28.0
1776886204.5301027,-2.0,-2.0,-36.0
1776886204.5401027,-2.0,-2.0,-36.0
1776886204.5501027,-2.0,0.0,-35.0
1776886204.5601027,1.0,4.0,-33.0
1776886204.5701027,3.0,0.0,-36.0
1776886204.5801027,2.0,-1.0,-30.0
1776886204.590103,3.0,2.0,-26.0
1776886204.600103,3.0,-2.0,-28.0
1776886204.610103,-2.0,-2.0,-35.0
1776886204.6201026,-5.0,0.0,-36.0
1776886204.6301026,-4.0,0.0,-40.0
1776886204.6401026,-4.0,1.0,-43.0
1776886204.6501029,-8.0,0.0,-50.0
1776886204.6601028,-9.0,1.0,-47.0
1776886204.6701028,-8.0,1.0,-41.0
1776886204.6801028,-10.0,3.0,-43.0
1776886204.6901028,-7.0,0.0,-45.0
1776886204.7001028,-5.0,-1.0,-43.0
1776886204.7101028,-3.0,0.0,-41.0
1776886204.7201028,-3.0,3.0,-39.0
1776886204.7301028,-1.0,2.0,-43.0
1776886204.7401028,0.0,1.0,-42.0
1776886204.7501028,1.0,-3.0,-38.0
1776886204.7601027,4.0,-3.0,-35.0
1776886204.7701027,4.0,-5.0,-36.0
1776886204.7801027,3.0,-5.0,-34.0
1776886204.7901027,4.0,-2.0,-30.0
1776886204.8001027,0.0,-4.0,-30.0
1776886204.8101027,-2.0,-2.0,-32.0
1776886204.8201027,-4.0,0.0,-28.0
1776886204.8301027,-2.0,0.0,-27.0
1776886204.840103,-1.0,0.0,-23.0
1776886204.850103,0.0,-2.0,-25.0
1776886204.860103,-3.0,0.0,-34.0
1776886204.8701026,1.0,-1.0,-40.0
1776886204.8801026,5.0,-1.0,-40.0
1776886204.8901026,5.0,-2.0,-42.0
1776886204.9001029,7.0,-2.0,-40.0
1776886204.9101028,8.0,-1.0,-41.0
1776886204.9201028,4.0,-2.0,-35.0
1776886204.9301028,5.0,-3.0,-32.0
1776886204.9401028,1.0,-1.0,-35.0
1776886204.9501028,0.0,0.0,-39.0
1776886204.9601028,-2.0,0.0,-39.0
1776886204.9701028,-4.0,0.0,-42.0
1776886204.9801028,-1.0,-1.0,-37.0
1776886204.9901028,2.0,-1.0,-34.0
1776886205.0001028,2.0,-2.0,-29.0
1776886205.0101027,-2.0,0.0,-34.0
1776886205.0201027,-4.0,-3.0,-34.0
1776886205.0301027,-2.0,-2.0,-37.0
1776886205.0401027,-4.0,-1.0,-37.0
1776886205.0501027,-2.0,-3.0,-31.0
1776886205.0601027,2.0,-4.0,-31.0
1776886205.0701027,3.0,-6.0,-29.0
1776886205.0801027,7.0,-9.0,-26.0
1776886205.090103,9.0,-7.0,-26.0
1776886205.100103,4.0,0.0,-28.0
1776886205.110103,6.0,-6.0,-33.0
1776886205.1201026,3.0,-6.0,-39.0
1776886205.1301026,4.0,-5.0,-36.0
1776886205.1401026,0.0,-2.0,-34.0
1776886205.1501029,-1.0,-2.0,-33.0
1776886205.1601028,-5.0,-2.0,-37.0
1776886205.1701028,-3.0,-1.0,-35.0
1776886205.1801028,2.0,0.0,-27.0
1776886205.1901028,3.0,3.0,-26.0
1776886205.2001028,3.0,4.0,-30.0
1776886205.2101028,5.0,0.0,-30.0
1776886205.2201028,5.0,0.0,-35.0
1776886205.2301028,5.0,0.0,-36.0
1776886205.2401028,6.0,1.0,-39.0
1776886205.2501028,2.0,0.0,-44.0
1776886205.2601027,-4.0,0.0,-35.0
1776886205.2701027,-5.0,0.0,-31.0
1776886205.2801027,-2.0,0.0,-36.0
1776886205.2901027,-3.0,0.0,-41.0
1776886205.3001027,-4.0,-4.0,-42.0
1776886205.3101027,-3.0,-3.0,-44.0
1776886205.3201027,-1.0,-2.0,-40.0
1776886205.3301027,0.0,-1.0,-35.0
1776886205.340103,2.0,0.0,-43.0
1776886205.350103,2.0,0.0,-42.0
1776886205.360103,0.0,1.0,-43.0
1776886205.3701026,-2.0,-1.0,-40.0
1776886205.3801026,-4.0,0.0,-39.0
1776886205.3901026,-2.0,-2.0,-44.0
1776886205.4001029,0.0,-2.0,-45.0
1776886205.4101028,4.0,-6.0,-45.0
1776886205.4201028,5.0,-5.0,-52.0
1776886205.4301028,1.0,-11.0,-52.0
1776886205.4401028,0.0,-9.0,-48.0
1776886205.4501028,3.0,-7.0,-41.0
1776886205.4601028,6.0,-3.0,-37.0
1776886205.4701028,0.0,1.0,-42.0
1776886205.4801028,1.0,2.0,-39.0
1776886205.4901028,2.0,3.0,-32.0
1776886205.5001028,2.0,4.0,-31.0
1776886205.5101027,3.0,0.0,-32.0
1776886205.5201027,2.0,0.0,-35.0
1776886205.5301027,4.0,2.0,-35.0
1776886205.5401027,2.0,-2.0,-33.0
1776886205.5501027,2.0,-1.0,-36.0
1776886205.5601027,2.0,-2.0,-46.0
1776886205.5701027,-5.0,-2.0,-43.0
1776886205.5801027,-5.0,-2.0,-37.0
1776886205.590103,-8.0,-3.0,-44.0
1776886205.600103,-5.0,-5.0,-45.0
1776886205.610103,-6.0,-7.0,-41.0
1776886205.6201026,-3.0,0.0,-41.0
1776886205.6301026,-1.0,1.0,-36.0
1776886205.6401026,0.0,0.0,-42.0
1776886205.6501029,2.0,-1.0,-36.0
1776886205.6601028,3.0,-2.0,-34.0
1776886205.6701028,1.0,0.0,-35.0
1776886205.6801028,0.0,-4.0,-35.0
1776886205.6901028,1.0,-1.0,-36.0
1776886205.7001028,0.0,-3.0,-43.0
1776886205.7101028,-3.0,-2.0,-43.0
1776886205.7201028,-3.0,-2.0,-36.0
1776886205.7301028,0.0,-2.0,-45.0
1776886205.7401028,2.0,-4.0,-45.0
1776886205.7501028,0.0,-2.0,-52.0
1776886205.7601027,0.0,1.0,-50.0
1776886205.7701027,3.0,0.0,-48.0
1776886205.7801027,4.0,1.0,-45.0
1776886205.7901027,4.0,-2.0,-38.0
1776886205.8001027,-2.0,-3.0,-35.0
1776886205.8101027,-3.0,-2.0,-40.0
1776886205.8201027,-3.0,-2.0,-42.0
1776886205.8301027,-5.0,-1.0,-40.0
1776886205.840103,-3.0,0.0,-42.0
1776886205.850103,-4.0,-3.0,-40.0
1776886205.860103,-5.0,-7.0,-37.0
1776886205.8701026,-6.0,-5.0,-42.0
1776886205.8801026,-2.0,-3.0,-36.0
1776886205.8901026,0.0,-3.0,-32.0
1776886205.9001029,4.0,-5.0,-35.0
1776886205.9101028,4.0,-3.0,-35.0
1776886205.9201028,1.0,-3.0,-31.0
1776886205.9301028,4.0,-4.0,-34.0
1776886205.9401028,2.0,-4.0,-34.0
1776886205.9511027,1.0,-2.0,-36.0
1776886205.9601028,0.0,0.0,-38.0
1776886205.9711027,1.0,3.0,-36.0
1776886205.9801028,-1.0,3.0,-43.0
1776886205.9911027,0.0,0.0,-44.0
1776886206.0011027,-2.0,-1.0,-36.0
1776886206.011103,-4.0,-2.0,-33.0
1776886206.021103,-2.0,2.0,-31.0
1776886206.031103,0.0,3.0,-34.0
1776886206.0411026,-1.0,4.0,-37.0
1776886206.0511026,-2.0,2.0,-37.0
1776886206.0611026,-4.0,4.0,-36.0
1776886206.0711029,-6.0,4.0,-32.0
1776886206.0811028,-4.0,4.0,-38.0
1776886206.0911028,0.0,1.0,-38.0
1776886206.1011028,1.0,0.0,-37.0
1776886206.1111028,0.0,0.0,-31.0
1776886206.1211028,2.0,0.0,-27.0
1776886206.1311028,2.0,0.0,-29.0
1776886206.1411028,1.0,0.0,-41.0
1776886206.1511028,6.0,0.0,-47.0
1776886206.1611028,7.0,-1.0,-48.0
1776886206.1711028,2.0,-2.0,-47.0
1776886206.1811028,2.0,-2.0,-51.0
1776886206.1911027,1.0,-1.0,-56.0
1776886206.2011027,1.0,2.0,-54.0
1776886206.2111027,-1.0,0.0,-56.0
1776886206.2211027,4.0,2.0,-50.0
1776886206.2311027,1.0,3.0,-33.0
1776886206.2411027,8.0,5.0,-36.0
1776886206.2511027,11.0,2.0,-37.0
1776886206.261103,10.0,1.0,-38.0
1776886206.271103,6.0,1.0,-39.0
1776886206.281103,4.0,0.0,-34.0
1776886206.2911026,2.0,1.0,-33.0
1776886206.3011026,7.0,0.0,-38.0
1776886206.3111026,7.0,-1.0,-43.0
1776886206.3211029,6.0,-1.0,-35.0
1776886206.3311028,8.0,-2.0,-32.0
1776886206.3411028,7.0,0.0,-35.0
1776886206.3511028,5.0,0.0,-36.0
1776886206.3611028,3.0,0.0,-37.0
1776886206.3711028,3.0,-2.0,-39.0
1776886206.3811028,0.0,-3.0,-42.0
1776886206.3911028,5.0,-3.0,-47.0
1776886206.4011028,1.0,-3.0,-45.0
1776886206.4111028,4.0,-1.0,-42.0
1776886206.4211028,2.0,3.0,-50.0
1776886206.4311028,0.0,1.0,-52.0
1776886206.4411027,0.0,0.0,-53.0
1776886206.4511027,-2.0,-2.0,-51.0
1776886206.4611027,0.0,-9.0,-47.0
1776886206.4711027,2.0,-9.0,-49.0
1776886206.4811027,3.0,-2.0,-47.0
1776886206.4911027,3.0,2.0,-43.0
1776886206.5011027,0.0,0.0,-39.0
1776886206.511103,0.0,0.0,-44.0
1776886206.521103,-3.0,0.0,-49.0
1776886206.531103,-5.0,0.0,-41.0
1776886206.5411026,-7.0,-3.0,-43.0
1776886206.5511026,-7.0,-6.0,-38.0
1776886206.5611026,-7.0,-5.0,-34.0
1776886206.5711029,-6.0,-2.0,-30.0
1776886206.5811028,-4.0,-1.0,-29.0
1776886206.5911028,-2.0,-3.0,-39.0
1776886206.6011028,-1.0,-1.0,-44.0
1776886206.6111028,-2.0,0.0,-42.0
1776886206.6211028,-6.0,2.0,-38.0
1776886206.6311028,-8.0,-5.0,-43.0
1776886206.6411028,-12.0,-1.0,-44.0
1776886206.6511028,-8.0,-4.0,-39.0
1776886206.6611028,-8.0,-1.0,-39.0
1776886206.6711028,-6.0,-3.0,-42.0
1776886206.6811028,-5.0,-7.0,-36.0
1776886206.6911027,-2.0,-9.0,-36.0
1776886206.7011027,-2.0,-9.0,-40.0
1776886206.7111027,-3.0,-7.0,-47.0
1776886206.7211027,0.0,-6.0,-44.0
1776886206.7311027,1.0,-5.0,-45.0
1776886206.7411027,4.0,-7.0,-46.0
1776886206.7511027,4.0,-2.0,-54.0
1776886206.761103,4.0,-5.0,-54.0
1776886206.771103,1.0,-3.0,-52.0
1776886206.781103,0.0,-1.0,-51.0
1776886206.7911026,3.0,-2.0,-48.0
1776886206.8011026,1.0,0.0,-48.0
1776886206.8111026,0.0,-3.0,-50.0
1776886206.8211029,-1.0,-4.0,-42.0
1776886206.8311028,0.0,-6.0,-34.0
1776886206.8411028,-2.0,-10.0,-32.0
1776886206.8511028,4.0,-2.0,-30.0
1776886206.8611028,1.0,-5.0,-38.0
1776886206.8711028,0.0,-2.0,-44.0
1776886206.8811028,-1.0,-6.0,-39.0
1776886206.8911028,0.0,-9.0,-40.0
1776886206.9011028,0.0,-7.0,-38.0
1776886206.9111028,3.0,-6.0,-43.0
1776886206.9211028,1.0,-3.0,-41.0
1776886206.9311028,0.0,-1.0,-39.0
1776886206.9411027,0.0,0.0,-38.0
1776886206.9511027,0.0,-2.0,-43.0
1776886206.9611027,-2.0,-2.0,-49.0
1776886206.9711027,0.0,-3.0,-49.0
1776886206.9811027,-8.0,-1.0,-48.0
1776886206.9911027,-6.0,-2.0,-55.0
1776886207.0011027,-2.0,3.0,-51.0
1776886207.011103,1.0,2.0,-47.0
1776886207.021103,5.0,2.0,-47.0
1776886207.031103,3.0,0.0,-45.0
1776886207.0411026,0.0,0.0,-40.0
1776886207.0511026,-3.0,-6.0,-40.0
1776886207.0611026,-4.0,-2.0,-42.0
1776886207.0711029,-2.0,0.0,-41.0
1776886207.0811028,-5.0,4.0,-45.0
1776886207.0911028,-10.0,5.0,-48.0
1776886207.1011028,-5.0,5.0,-52.0
1776886207.1111028,-4.0,2.0,-50.0
1776886207.1211028,-4.0,-2.0,-47.0
1776886207.1311028,-1.0,-4.0,-45.0
1776886207.1411028,0.0,-3.0,-46.0
1776886207.1511028,0.0,-2.0,-50.0
1776886207.1611028,-6.0,-3.0,-43.0
1776886207.1711028,-6.0,-1.0,-40.0
1776886207.1811028,-9.0,0.0,-40.0
1776886207.1911027,-6.0,0.0,-34.0
1776886207.2011027,0.0,-3.0,-34.0
1776886207.2111027,0.0,-1.0,-32.0
1776886207.2211027,1.0,0.0,-36.0
1776886207.2311027,2.0,-1.0,-38.0
1776886207.2411027,0.0,-5.0,-34.0
1776886207.2511027,2.0,-4.0,-35.0
1776886207.261103,0.0,-8.0,-36.0
1776886207.271103,-2.0,-11.0,-37.0
1776886207.281103,0.0,-5.0,-37.0
1776886207.2911026,3.0,-1.0,-32.0
1776886207.3011026,0.0,0.0,-35.0
1776886207.3111026,5.0,2.0,-32.0
1776886207.3211029,4.0,0.0,-25.0
1776886207.3311028,0.0,-5.0,-31.0
1776886207.3411028,-4.0,-5.0,-36.0
1776886207.3511028,-5.0,-2.0,-38.0
1776886207.3611028,-1.0,-5.0,-41.0
1776886207.3711028,-2.0,-7.0,-44.0
1776886207.3811028,-3.0,-5.0,-46.0
1776886207.3911028,-5.0,-2.0,-48.0
1776886207.4011028,0.0,-2.0,-47.0
1776886207.4111028,3.0,-2.0,-41.0
1776886207.4211028,3.0,-6.0,-39.0
1776886207.4311028,6.0,-8.0,-43.0
1776886207.4411027,2.0,-5.0,-48.0
1776886207.4511027,1.0,-2.0,-52.0
1776886207.4611027,2.0,-2.0,-51.0
1776886207.4711027,5.0,-3.0,-43.0
1776886207.4811027,3.0,0.0,-40.0
1776886207.4911027,0.0,0.0,-36.0
1776886207.5011027,0.0,2.0,-34.0
1776886207.511103,0.0,1.0,-42.0
1776886207.521103,2.0,0.0,-46.0
1776886207.531103,3.0,-2.0,-43.0
1776886207.5411026,6.0,-1.0,-43.0
1776886207.5511026,5.0,0.0,-42.0
1776886207.5611026,7.0,-3.0,-37.0
1776886207.5711029,4.0,0.0,-32.0
1776886207.5811028,5.0,3.0,-33.0
1776886207.5911028,3.0,2.0,-34.0
1776886207.6011028,2.0,0.0,-35.0
1776886207.6111028,4.0,0.0,-39.0
1776886207.6211028,6.0,-3.0,-40.0
1776886207.6311028,2.0,-2.0,-48.0
1776886207.6411028,1.0,-2.0,-44.0
1776886207.6511028,4.0,0.0,-43.0
1776886207.6611028,1.0,0.0,-47.0
1776886207.6711028,1.0,-2.0,-47.0
1776886207.6811028,-2.0,-6.0,-47.0
1776886207.6911027,-1.0,-3.0,-45.0
1776886207.7011027,-4.0,0.0,-44.0
1776886207.7111027,0.0,0.0,-47.0
1776886207.7211027,-1.0,1.0,-45.0
1776886207.7311027,-5.0,2.0,-45.0
1776886207.7411027,-2.0,0.0,-47.0
1776886207.7511027,-5.0,2.0,-48.0
1776886207.761103,-4.0,0.0,-51.0
1776886207.771103,-3.0,5.0,-51.0
1776886207.781103,-3.0,1.0,-49.0
1776886207.7911026,-7.0,2.0,-41.0
1776886207.8011026,-4.0,0.0,-43.0
1776886207.8111026,0.0,-2.0,-48.0
1776886207.8211029,1.0,-1.0,-42.0
1776886207.8311028,6.0,0.0,-40.0
1776886207.8411028,2.0,-6.0,-36.0
1776886207.8511028,1.0,-3.0,-33.0
1776886207.8611028,0.0,-8.0,-36.0
1776886207.8711028,0.0,-7.0,-40.0
1776886207.8811028,-6.0,-3.0,-41.0
1776886207.8911028,-8.0,-3.0,-42.0
1776886207.9011028,-8.0,-1.0,-42.0
1776886207.9111028,-8.0,0.0,-45.0
1776886207.9211028,-7.0,-2.0,-49.0
1776886207.9311028,-1.0,-7.0,-43.0
1776886207.9411027,1.0,-7.0,-42.0
1776886207.952103,2.0,-6.0,-42.0
1776886207.962103,0.0,-6.0,-43.0
1776886207.9721026,2.0,-6.0,-47.0
1776886207.9821026,0.0,-6.0,-47.0
1776886207.9921026,-1.0,-4.0,-43.0
1776886208.0021029,1.0,-3.0,-37.0
1776886208.0121028,0.0,0.0,-41.0
1776886208.0221028,4.0,0.0,-41.0
1776886208.0321028,1.0,0.0,-35.0
1776886208.0421028,4.0,-2.0,-34.0
1776886208.0521028,5.0,-6.0,-30.0
1776886208.0621028,8.0,-6.0,-33.0
1776886208.0721028,6.0,-9.0,-37.0
1776886208.0821028,-1.0,-9.0,-33.0
1776886208.0921028,-8.0,-9.0,-39.0
1776886208.1021028,-9.0,-12.0,-41.0
1776886208.1121027,-5.0,-12.0,-40.0
1776886208.1221027,-2.0,-12.0,-43.0
1776886208.1321027,-3.0,-11.0,-41.0
1776886208.1421027,-1.0,-11.0,-33.0
1776886208.1521027,3.0,-11.0,-33.0
1776886208.1621027,5.0,-14.0,-38.0
1776886208.1721027,6.0,-10.0,-40.0
1776886208.182103,2.0,-12.0,-44.0
1776886208.192103,7.0,-11.0,-51.0
1776886208.202103,9.0,-10.0,-55.0
1776886208.212103,14.0,-13.0,-60.0
1776886208.2221026,10.0,-11.0,-59.0
1776886208.2321026,11.0,-11.0,-55.0
1776886208.2421026,10.0,-7.0,-42.0
1776886208.2521029,12.0,-7.0,-37.0
1776886208.2621028,12.0,-9.0,-41.0
1776886208.2721028,13.0,-12.0,-44.0
1776886208.2821028,8.0,-10.0,-42.0
1776886208.2921028,5.0,-5.0,-41.0
1776886208.3021028,5.0,-3.0,-38.0
1776886208.3121028,3.0,0.0,-37.0
1776886208.3221028,0.0,-2.0,-38.0
1776886208.3321028,-5.0,0.0,-42.0
1776886208.3421028,-7.0,3.0,-44.0
1776886208.3521028,-3.0,3.0,-39.0
1776886208.3621027,-5.0,6.0,-39.0
1776886208.3721027,-6.0,4.0,-40.0
1776886208.3821027,-6.0,1.0,-39.0
1776886208.3921027,-7.0,0.0,-32.0
1776886208.4021027,-7.0,-2.0,-25.0
1776886208.4121027,-3.0,-3.0,-30.0
1776886208.4221027,0.0,1.0,-33.0
1776886208.432103,0.0,3.0,-30.0
1776886208.442103,0.0,5.0,-27.0
1776886208.452103,2.0,1.0,-30.0
1776886208.462103,4.0,-3.0,-37.0
1776886208.4721026,4.0,-1.0,-37.0
1776886208.4821026,6.0,0.0,-42.0
1776886208.4921026,0.0,2.0,-43.0
1776886208.5021029,0.0,1.0,-48.0
1776886208.5121028,3.0,4.0,-48.0
1776886208.5221028,4.0,5.0,-44.0
1776886208.5321028,6.0,4.0,-34.0
1776886208.5421028,6.0,5.0,-36.0
1776886208.5521028,7.0,5.0,-37.0
1776886208.5621028,7.0,3.0,-34.0
1776886208.5721028,3.0,-2.0,-31.0
1776886208.5821028,6.0,-2.0,-26.0
1776886208.5921028,1.0,-7.0,-33.0
1776886208.6021028,2.0,-10.0,-31.0
1776886208.6121027,5.0,-8.0,-35.0
1776886208.6221027,3.0,-6.0,-33.0
1776886208.6321027,3.0,-5.0,-36.0
1776886208.6421027,3.0,-6.0,-38.0
1776886208.6521027,1.0,-7.0,-34.0
1776886208.6621027,1.0,-5.0,-28.0
1776886208.6721027,4.0,-7.0,-23.0
1776886208.682103,2.0,-5.0,-30.0
1776886208.692103,0.0,-6.0,-32.0
1776886208.702103,3.0,-5.0,-34.0
1776886208.712103,5.0,-8.0,-41.0
1776886208.7221026,6.0,-6.0,-41.0
1776886208.7321026,3.0,-2.0,-49.0
1776886208.7421026,0.0,0.0,-47.0
1776886208.7521029,-2.0,-1.0,-47.0
1776886208.7621028,0.0,-3.0,-45.0
1776886208.7721028,2.0,-4.0,-43.0
1776886208.7821028,1.0,-4.0,-43.0
1776886208.7921028,0.0,-6.0,-39.0
1776886208.8021028,1.0,-5.0,-41.0
1776886208.8121028,1.0,-5.0,-43.0
1776886208.8221028,1.0,-5.0,-46.0
1776886208.8321028,3.0,-3.0,-44.0
1776886208.8421028,0.0,-3.0,-44.0
1776886208.8521028,0.0,-2.0,-45.0
1776886208.8621027,5.0,-2.0,-44.0
1776886208.8721027,7.0,-2.0,-37.0
1776886208.8821027,5.0,-4.0,-41.0
1776886208.8921027,2.0,0.0,-36.0
1776886208.9021027,0.0,-5.0,-29.0
1776886208.9121027,0.0,-5.0,-27.0
1776886208.9221027,-1.0,-3.0,-29.0
1776886208.932103,-5.0,-1.0,-26.0
1776886208.942103,-7.0,-3.0,-31.0
1776886208.952103,-7.0,-3.0,-28.0
1776886208.962103,-4.0,-4.0,-28.0
1776886208.9721026,0.0,-3.0,-29.0
1776886208.9821026,0.0,-1.0,-31.0
1776886208.9921026,-2.0,-2.0,-33.0
1776886209.0021029,-1.0,-1.0,-40.0
1776886209.0121028,-1.0,0.0,-45.0
1776886209.0221028,-2.0,-1.0,-44.0
1776886209.0321028,0.0,-2.0,-39.0
1776886209.0421028,0.0,-3.0,-38.0
1776886209.0521028,-1.0,-7.0,-41.0
1776886209.0621028,-3.0,-7.0,-37.0
1776886209.0721028,-2.0,-11.0,-35.0
1776886209.0821028,-1.0,-13.0,-33.0
1776886209.0921028,-1.0,-9.0,-29.0
1776886209.1021028,0.0,-11.0,-38.0
1776886209.1121027,-1.0,-7.0,-40.0
1776886209.1221027,-2.0,-8.0,-41.0
1776886209.1321027,-5.0,-12.0,-40.0
1776886209.1421027,-2.0,-9.0,-42.0
1776886209.1521027,-3.0,-4.0,-37.0
1776886209.1621027,-3.0,4.0,-30.0
1776886209.1721027,1.0,4.0,-30.0
1776886209.182103,-1.0,2.0,-32.0
1776886209.192103,0.0,0.0,-31.0
1776886209.202103,-2.0,-1.0,-32.0
1776886209.212103,-2.0,-1.0,-33.0
1776886209.2221026,-12.0,-2.0,-39.0
1776886209.2321026,-15.0,-1.0,-41.0
1776886209.2421026,-13.0,-4.0,-39.0
1776886209.2521029,-6.0,-8.0,-43.0
1776886209.2621028,-1.0,-10.0,-46.0
1776886209.2721028,0.0,-7.0,-46.0
1776886209.2821028,2.0,0.0,-44.0
1776886209.2921028,0.0,-1.0,-45.0
1776886209.3021028,7.0,-4.0,-53.0
1776886209.3121028,6.0,-5.0,-54.0
1776886209.3221028,1.0,-8.0,-51.0
1776886209.3321028,2.0,-12.0,-47.0
1776886209.3421028,2.0,-9.0,-50.0
1776886209.3521028,7.0,-2.0,-46.0
1776886209.3621027,3.0,0.0,-49.0
1776886209.3721027,4.0,0.0,-48.0
1776886209.3821027,7.0,0.0,-51.0
1776886209.3921027,2.0,-3.0,-47.0
1776886209.4021027,-2.0,-6.0,-48.0
1776886209.4121027,-6.0,-3.0,-46.0
1776886209.4221027,-3.0,-3.0,-48.0
1776886209.432103,-1.0,-5.0,-43.0
1776886209.442103,-2.0,-5.0,-41.0
1776886209.452103,0.0,-2.0,-43.0
1776886209.462103,7.0,-1.0,-43.0
1776886209.4721026,7.0,1.0,-45.0
1776886209.4821026,11.0,3.0,-49.0
1776886209.4921026,9.0,6.0,-50.0
1776886209.5021029,5.0,4.0,-40.0
1776886209.5121028,6.0,0.0,-36.0
1776886209.5221028,11.0,-4.0,-34.0
1776886209.5321028,13.0,-6.0,-32.0
1776886209.5421028,7.0,-8.0,-41.0
1776886209.5521028,8.0,-2.0,-40.0
1776886209.5621028,4.0,0.0,-44.0
1776886209.5721028,0.0,-1.0,-44.0
1776886209.5821028,0.0,3.0,-46.0
1776886209.5921028,4.0,2.0,-45.0
1776886209.6021028,8.0,5.0,-39.0
1776886209.6121027,6.0,7.0,-37.0
1776886209.6221027,5.0,4.0,-34.0
1776886209.6321027,2.0,5.0,-42.0
1776886209.6421027,1.0,5.0,-46.0
1776886209.6521027,-3.0,0.0,-53.0
1776886209.6621027,-4.0,-2.0,-53.0
1776886209.6721027,-5.0,-3.0,-51.0
1776886209.682103,-7.0,-5.0,-50.0
1776886209.692103,-8.0,-3.0,-42.0
1776886209.702103,-6.0,-2.0,-42.0
1776886209.712103,-2.0,-2.0,-40.0
1776886209.7221026,3.0,0.0,-38.0
1776886209.7321026,1.0,-1.0,-41.0
1776886209.7421026,1.0,-3.0,-36.0
1776886209.7521029,2.0,-5.0,-29.0
1776886209.7621028,-2.0,0.0,-38.0
1776886209.7721028,-5.0,0.0,-40.0
1776886209.7821028,0.0,0.0,-33.0
1776886209.7921028,-1.0,-3.0,-30.0
1776886209.8021028,0.0,-4.0,-35.0
1776886209.8121028,0.0,-7.0,-34.0
1776886209.8221028,4.0,-7.0,-38.0
1776886209.8321028,6.0,0.0,-30.0
1776886209.8421028,6.0,1.0,-30.0
1776886209.8521028,7.0,-1.0,-32.0
1776886209.8621027,6.0,2.0,-31.0
1776886209.8721027,7.0,-1.0,-35.0
1776886209.8821027,8.0,-2.0,-38.0
1776886209.8921027,10.0,-3.0,-40.0
1776886209.9021027,8.0,-5.0,-42.0
1776886209.9131026,7.0,-7.0,-44.0
1776886209.9231029,0.0,-6.0,-40.0
1776886209.9331028,0.0,-2.0,-38.0
1776886209.9431028,5.0,-2.0,-39.0
1776886209.9531028,8.0,-3.0,-34.0
1776886209.9631028,13.0,0.0,-44.0
1776886209.9731028,16.0,-3.0,-42.0
1776886209.9831028,17.0,-4.0,-44.0
1776886209.9931028,14.0,-3.0,-42.0
1776886210.0031028,17.0,0.0,-37.0
1776886210.0131028,13.0,1.0,-36.0
1776886210.0231028,8.0,0.0,-42.0
1776886210.0331028,1.0,0.0,-43.0
1776886210.0431027,0.0,-2.0,-46.0
1776886210.0531027,0.0,-2.0,-42.0
1776886210.0631027,0.0,0.0,-43.0
1776886210.0731027,-2.0,-3.0,-45.0
1776886210.0831027,-1.0,-6.0,-45.0
1776886210.0931027,1.0,-7.0,-46.0
1776886210.1031027,0.0,-4.0,-46.0
1776886210.113103,-2.0,-8.0,-46.0
1776886210.123103,-3.0,-7.0,-47.0
1776886210.133103,-1.0,-8.0,-50.0
1776886210.1431026,0.0,-1.0,-54.0
1776886210.1531026,-2.0,0.0,-58.0
1776886210.1631026,-2.0,-2.0,-54.0
1776886210.1731029,0.0,2.0,-50.0
1776886210.1831028,-2.0,6.0,-44.0
1776886210.1931028,-4.0,2.0,-46.0
1776886210.2031028,-4.0,1.0,-46.0
1776886210.2131028,-2.0,-3.0,-44.0
1776886210.2231028,-5.0,-3.0,-41.0
1776886210.2331028,-9.0,-5.0,-44.0
1776886210.2431028,-11.0,-9.0,-45.0
1776886210.2531028,-10.0,-11.0,-41.0
1776886210.2631028,-7.0,-9.0,-34.0
1776886210.2731028,-5.0,-6.0,-31.0
1776886210.2831028,0.0,-3.0,-28.0
1776886210.2931027,-2.0,-4.0,-30.0
1776886210.3031027,-5.0,-1.0,-37.0
1776886210.3131027,-3.0,-3.0,-41.0
1776886210.3231027,0.0,-3.0,-37.0
1776886210.3331027,0.0,-1.0,-43.0
1776886210.3431027,-3.0,4.0,-45.0
1776886210.3531027,0.0,3.0,-52.0
1776886210.363103,2.0,0.0,-49.0
1776886210.373103,0.0,0.0,-42.0
1776886210.383103,2.0,-3.0,-44.0
1776886210.3931026,4.0,-5.0,-43.0
1776886210.4031026,4.0,-4.0,-43.0
1776886210.4131026,5.0,-1.0,-47.0
1776886210.4231029,3.0,-1.0,-41.0
1776886210.4331028,0.0,-1.0,-43.0
1776886210.4431028,0.0,-1.0,-42.0
1776886210.4531028,0.0,0.0,-35.0
1776886210.4631028,0.0,-3.0,-33.0
1776886210.4731028,-2.0,-4.0,-39.0
1776886210.4831028,1.0,-7.0,-38.0
1776886210.4931028,2.0,-6.0,-39.0
1776886210.5031028,3.0,-9.0,-40.0
1776886210.5131028,1.0,-7.0,-45.0
1776886210.5231028,2.0,-7.0,-46.0
1776886210.5331028,2.0,-3.0,-38.0
1776886210.5431027,-3.0,0.0,-36.0
1776886210.5531027,-3.0,0.0,-32.0
1776886210.5631027,-6.0,-1.0,-29.0
1776886210.5731027,0.0,-1.0,-33.0
1776886210.5831027,-1.0,-1.0,-39.0
1776886210.5931027,-1.0,3.0,-39.0
1776886210.6031027,-5.0,-1.0,-35.0
1776886210.613103,-6.0,0.0,-37.0
1776886210.623103,-4.0,1.0,-35.0
1776886210.633103,-1.0,1.0,-34.0
1776886210.6431026,0.0,2.0,-29.0
1776886210.6531026,0.0,2.0,-35.0
1776886210.6631026,0.0,0.0,-36.0
1776886210.6731029,4.0,0.0,-37.0
1776886210.6831028,2.0,4.0,-39.0
1776886210.6931028,-3.0,3.0,-40.0
1776886210.7031028,-5.0,-2.0,-48.0
1776886210.7131028,-4.0,-3.0,-42.0
1776886210.7231028,-7.0,-6.0,-49.0
1776886210.7331028,-6.0,-8.0,-44.0
1776886210.7431028,-4.0,-9.0,-33.0
1776886210.7531028,-3.0,-8.0,-28.0
1776886210.7631028,-3.0,-5.0,-31.0
1776886210.7731028,1.0,-2.0,-24.0
1776886210.7831028,-1.0,-7.0,-24.0
1776886210.7931027,0.0,-9.0,-32.0
1776886210.8031027,0.0,-10.0,-36.0
1776886210.8131027,2.0,-6.0,-40.0
1776886210.8231027,-2.0,-5.0,-41.0
1776886210.8331027,-2.0,-5.0,-38.0
1776886210.8431027,0.0,-6.0,-38.0
1776886210.8531027,-1.0,-8.0,-41.0
1776886210.863103,-1.0,-6.0,-46.0
1776886210.873103,0.0,-7.0,-51.0
1776886210.883103,-1.0,-5.0,-44.0
1776886210.8931026,0.0,-5.0,-39.0
1776886210.9031026,-1.0,-3.0,-37.0
1776886210.9131026,-5.0,-5.0,-27.0
1776886210.9231029,-4.0,-5.0,-33.0
1776886210.9331028,-7.0,-6.0,-42.0
1776886210.9431028,-7.0,-5.0,-46.0
1776886210.9531028,-8.0,-8.0,-40.0
1776886210.9631028,-5.0,-10.0,-40.0
1776886210.9731028,-8.0,-10.0,-44.0
1776886210.9841027,-6.0,-4.0,-37.0
1776886210.9931028,0.0,0.0,-35.0
1776886211.0031028,1.0,3.0,-38.0
1776886211.0131028,0.0,5.0,-41.0
1776886211.0231028,2.0,4.0,-42.0
1776886211.0331028,0.0,8.0,-50.0
1776886211.0431027,-1.0,5.0,-48.0
1776886211.0531027,-2.0,1.0,-47.0
1776886211.0631027,0.0,5.0,-45.0
1776886211.0731027,5.0,3.0,-42.0
1776886211.0831027,4.0,1.0,-44.0
1776886211.0931027,0.0,0.0,-45.0
1776886211.1031027,5.0,-2.0,-48.0
1776886211.113103,5.0,-2.0,-49.0
1776886211.123103,5.0,-2.0,-46.0
1776886211.133103,0.0,-3.0,-44.0
1776886211.1431026,-3.0,-4.0,-42.0
1776886211.1531026,-6.0,-5.0,-37.0
1776886211.1631026,-4.0,-1.0,-41.0
1776886211.1731029,-6.0,-2.0,-38.0
1776886211.1831028,-2.0,0.0,-34.0
1776886211.1931028,-5.0,1.0,-34.0
1776886211.2031028,-4.0,-2.0,-28.0
1776886211.2131028,-2.0,-1.0,-26.0
1776886211.2231028,2.0,-1.0,-35.0
1776886211.2331028,5.0,-2.0,-39.0
1776886211.2431028,5.0,-6.0,-47.0
1776886211.2531028,7.0,-9.0,-48.0
1776886211.2631028,13.0,-3.0,-41.0
1776886211.2731028,11.0,0.0,-37.0
1776886211.2831028,7.0,0.0,-40.0
1776886211.2931027,0.0,-1.0,-42.0
1776886211.3031027,0.0,-4.0,-44.0
1776886211.3131027,0.0,0.0,-46.0
1776886211.3231027,-1.0,-4.0,-45.0
1776886211.3331027,-3.0,-2.0,-39.0
1776886211.3431027,-2.0,-3.0,-41.0
1776886211.3531027,-2.0,-4.0,-35.0
1776886211.363103,-1.0,-8.0,-37.0
1776886211.373103,2.0,-9.0,-37.0
1776886211.383103,1.0,-4.0,-31.0
1776886211.3931026,0.0,-5.0,-36.0
1776886211.4031026,0.0,-7.0,-37.0
1776886211.4131026,1.0,-6.0,-41.0
1776886211.4231029,-1.0,-9.0,-43.0
1776886211.4331028,-6.0,-5.0,-38.0
1776886211.4431028,-4.0,-1.0,-40.0
1776886211.4531028,-2.0,0.0,-37.0
1776886211.4631028,-2.0,-3.0,-37.0
1776886211.4731028,1.0,-3.0,-37.0
1776886211.4831028,0.0,0.0,-39.0
1776886211.4931028,0.0,1.0,-45.0
1776886211.5031028,-1.0,1.0,-46.0
1776886211.5131028,-4.0,0.0,-46.0
1776886211.5231028,-5.0,-1.0,-38.0
1776886211.5331028,-4.0,-3.0,-28.0
1776886211.5431027,0.0,-4.0,-28.0
1776886211.5531027,-1.0,-1.0,-27.0
1776886211.5631027,-3.0,-2.0,-28.0
1776886211.5731027,-4.0,-3.0,-34.0
1776886211.5831027,2.0,0.0,-42.0
1776886211.5931027,0.0,-1.0,-40.0
1776886211.6031027,0.0,0.0,-36.0
1776886211.613103,5.0,1.0,-41.0
1776886211.623103,4.0,1.0,-41.0
1776886211.633103,2.0,0.0,-46.0
1776886211.6431026,4.0,0.0,-48.0
1776886211.6531026,0.0,0.0,-47.0
1776886211.6631026,2.0,-2.0,-39.0
1776886211.6731029,4.0,-3.0,-36.0
1776886211.6831028,3.0,-1.0,-39.0
1776886211.6931028,3.0,-3.0,-44.0
1776886211.7031028,6.0,0.0,-47.0
1776886211.7131028,3.0,-4.0,-44.0
1776886211.7231028,6.0,-2.0,-40.0
1776886211.7331028,7.0,0.0,-42.0
1776886211.7431028,11.0,0.0,-43.0
1776886211.7531028,7.0,-6.0,-43.0
1776886211.7631028,0.0,0.0,-42.0
1776886211.7731028,0.0,-3.0,-43.0
1776886211.7831028,-1.0,-1.0,-39.0
1776886211.7931027,-1.0,0.0,-39.0
1776886211.8031027,-1.0,0.0,-43.0
1776886211.8131027,0.0,0.0,-45.0
1776886211.8231027,-1.0,2.0,-44.0
1776886211.8331027,-3.0,-3.0,-41.0
1776886211.8431027,0.0,3.0,-38.0
1776886211.8531027,0.0,0.0,-35.0
1776886211.863103,0.0,-1.0,-41.0
1776886211.873103,0.0,2.0,-44.0
1776886211.883103,-2.0,0.0,-41.0
1776886211.8931026,-2.0,-3.0,-44.0
1776886211.9031026,-2.0,-6.0,-44.0
1776886211.9131026,-1.0,-7.0,-38.0
1776886211.9241028,0.0,-7.0,-31.0
1776886211.9341028,0.0,-6.0,-21.0
1776886211.9431028,5.0,-7.0,-26.0
1776886211.9541028,5.0,-6.0,-30.0
1776886211.9641027,3.0,-4.0,-30.0
1776886211.9741027,5.0,-5.0,-35.0
1776886211.9841027,8.0,-4.0,-37.0
1776886211.9941027,8.0,-2.0,-42.0
1776886212.0041027,1.0,-4.0,-47.0
1776886212.0141027,0.0,-4.0,-49.0
1776886212.0241027,4.0,-4.0,-49.0
1776886212.034103,6.0,-2.0,-48.0
1776886212.044103,1.0,-2.0,-51.0
1776886212.054103,-1.0,-2.0,-46.0
1776886212.0641026,-10.0,-5.0,-46.0
1776886212.0741026,-10.0,-3.0,-51.0
1776886212.0841026,-5.0,-6.0,-54.0
1776886212.0941026,-2.0,-8.0,-55.0
1776886212.1041028,-4.0,-6.0,-54.0
1776886212.1141028,-3.0,-1.0,-53.0
1776886212.1241028,0.0,-2.0,-48.0
1776886212.1341028,2.0,-1.0,-47.0
1776886212.1441028,4.0,-1.0,-44.0
1776886212.1541028,0.0,-6.0,-34.0
1776886212.1641028,1.0,-6.0,-36.0
1776886212.1741028,0.0,-4.0,-35.0
1776886212.1841028,-1.0,-8.0,-32.0
1776886212.1941028,-1.0,-10.0,-32.0
1776886212.2041028,2.0,-7.0,-35.0
1776886212.2141027,3.0,-9.0,-30.0
1776886212.2241027,6.0,-9.0,-33.0
1776886212.2341027,5.0,-6.0,-37.0
1776886212.2441027,2.0,-3.0,-39.0
1776886212.2541027,2.0,-4.0,-46.0
1776886212.2641027,1.0,-5.0,-42.0
1776886212.2741027,-1.0,-6.0,-41.0
1776886212.284103,-4.0,-6.0,-40.0
1776886212.294103,-3.0,-5.0,-42.0
1776886212.304103,-2.0,-6.0,-46.0
1776886212.3141026,-6.0,0.0,-49.0
1776886212.3241026,-7.0,0.0,-40.0
1776886212.3341026,-3.0,1.0,-33.0
1776886212.3441026,-3.0,0.0,-30.0
1776886212.3541028,-3.0,-3.0,-33.0
1776886212.3641028,-3.0,0.0,-30.0
1776886212.3741028,-1.0,-1.0,-35.0
1776886212.3841028,6.0,-2.0,-39.0
1776886212.3941028,7.0,0.0,-39.0
1776886212.4041028,5.0,-2.0,-34.0
1776886212.4141028,3.0,1.0,-36.0
1776886212.4241028,5.0,-3.0,-38.0
1776886212.4341028,11.0,-4.0,-39.0
1776886212.4441028,7.0,-2.0,-42.0
1776886212.4541028,5.0,-2.0,-44.0
1776886212.4641027,4.0,-1.0,-43.0
1776886212.4741027,4.0,0.0,-45.0
1776886212.4841027,6.0,-3.0,-46.0
1776886212.4941027,5.0,0.0,-41.0
1776886212.5041027,5.0,0.0,-38.0
1776886212.5141027,2.0,0.0,-38.0
1776886212.5241027,-2.0,-2.0,-42.0
1776886212.534103,-2.0,0.0,-43.0
1776886212.544103,-2.0,-2.0,-47.0
1776886212.554103,-1.0,-4.0,-42.0
1776886212.5641026,1.0,-3.0,-42.0
1776886212.5741026,0.0,-3.0,-44.0
1776886212.5841026,0.0,0.0,-37.0
1776886212.5941026,0.0,-3.0,-38.0
1776886212.6041028,0.0,-2.0,-40.0
1776886212.6141028,-1.0,-5.0,-40.0
1776886212.6241028,0.0,-6.0,-37.0
1776886212.6341028,2.0,-5.0,-36.0
1776886212.6441028,0.0,-6.0,-36.0
1776886212.6541028,4.0,-2.0,-36.0
1776886212.6641028,0.0,-3.0,-32.0
1776886212.6741028,1.0,-2.0,-36.0
1776886212.6841028,2.0,0.0,-49.0
1776886212.6941028,-3.0,1.0,-40.0
1776886212.7041028,-6.0,4.0,-44.0
1776886212.7141027,-5.0,1.0,-43.0
1776886212.7241027,0.0,0.0,-39.0
1776886212.7341027,0.0,-2.0,-34.0
1776886212.7441027,0.0,-2.0,-28.0
1776886212.7541027,0.0,-4.0,-33.0
1776886212.7641027,5.0,-6.0,-31.0
1776886212.7741027,3.0,-4.0,-36.0
1776886212.784103,6.0,0.0,-42.0
1776886212.794103,5.0,-2.0,-37.0
1776886212.804103,1.0,-3.0,-37.0
1776886212.8141026,3.0,-1.0,-38.0
1776886212.8241026,4.0,-3.0,-35.0
1776886212.8341026,2.0,-9.0,-39.0
1776886212.8441026,-1.0,-8.0,-40.0
1776886212.8541028,-2.0,-7.0,-42.0
1776886212.8641028,-6.0,-8.0,-41.0
1776886212.8741028,-9.0,-3.0,-35.0
1776886212.8841028,-11.0,-3.0,-32.0
1776886212.8941028,-12.0,-1.0,-38.0
1776886212.9041028,-5.0,0.0,-37.0
1776886212.9141028,-6.0,1.0,-34.0
1776886212.9241028,-5.0,0.0,-32.0
1776886212.9341028,-5.0,-2.0,-34.0
1776886212.9441028,-9.0,-3.0,-40.0
1776886212.9541028,-5.0,-5.0,-45.0
1776886212.9641027,-5.0,-2.0,-40.0
1776886212.9741027,-3.0,1.0,-40.0
1776886212.9841027,-4.0,6.0,-42.0
1776886212.9941027,-4.0,4.0,-38.0
1776886213.0041027,-2.0,-2.0,-37.0
1776886213.0141027,2.0,-4.0,-31.0
1776886213.0241027,3.0,-2.0,-35.0
1776886213.034103,0.0,0.0,-34.0
1776886213.044103,-1.0,2.0,-34.0
1776886213.054103,0.0,1.0,-35.0
1776886213.0641026,1.0,2.0,-39.0
1776886213.0741026,0.0,2.0,-42.0
1776886213.0841026,-3.0,2.0,-45.0
1776886213.0941026,-2.0,1.0,-49.0
1776886213.1041028,-4.0,0.0,-43.0
1776886213.1141028,-2.0,0.0,-41.0
1776886213.1241028,-1.0,-4.0,-46.0
1776886213.1341028,1.0,-5.0,-47.0
1776886213.1441028,1.0,-11.0,-49.0
1776886213.1541028,0.0,-8.0,-49.0
1776886213.1641028,-2.0,-6.0,-49.0
1776886213.1741028,0.0,-3.0,-41.0
1776886213.1841028,0.0,-3.0,-40.0
1776886213.1941028,3.0,-7.0,-39.0
1776886213.2041028,4.0,-5.0,-40.0
1776886213.2141027,4.0,-2.0,-32.0
1776886213.2241027,6.0,-5.0,-27.0
1776886213.2341027,6.0,-3.0,-31.0
1776886213.2441027,4.0,-1.0,-33.0
1776886213.2541027,7.0,-2.0,-32.0
1776886213.2641027,5.0,0.0,-32.0
1776886213.2741027,7.0,-2.0,-41.0
1776886213.284103,0.0,-2.0,-43.0
1776886213.294103,3.0,-6.0,-44.0
1776886213.304103,0.0,0.0,-43.0
1776886213.3141026,0.0,-2.0,-37.0
1776886213.3241026,-2.0,-1.0,-34.0
1776886213.3341026,-4.0,0.0,-35.0
1776886213.3441026,-2.0,0.0,-38.0
1776886213.3541028,1.0,2.0,-36.0
1776886213.3641028,3.0,2.0,-40.0
1776886213.3741028,2.0,3.0,-39.0
1776886213.3841028,-1.0,3.0,-39.0
1776886213.3941028,-1.0,1.0,-38.0
1776886213.4041028,-1.0,0.0,-43.0
1776886213.4141028,-5.0,-1.0,-51.0
1776886213.4241028,-4.0,-5.0,-47.0
1776886213.4341028,-1.0,-1.0,-45.0
1776886213.4441028,-1.0,1.0,-43.0
1776886213.4541028,0.0,3.0,-35.0
1776886213.4641027,1.0,4.0,-35.0
1776886213.4741027,3.0,2.0,-32.0
1776886213.4841027,0.0,3.0,-29.0
1776886213.4941027,-5.0,2.0,-32.0
1776886213.5041027,-3.0,0.0,-39.0
1776886213.5141027,1.0,0.0,-45.0
1776886213.5241027,0.0,1.0,-51.0
1776886213.534103,0.0,0.0,-48.0
1776886213.544103,2.0,4.0,-33.0
1776886213.554103,0.0,5.0,-38.0
1776886213.5641026,-1.0,6.0,-34.0
1776886213.5741026,-2.0,4.0,-39.0
1776886213.5841026,-5.0,7.0,-39.0
1776886213.5941026,-1.0,0.0,-40.0
1776886213.6041028,0.0,-1.0,-42.0
1776886213.6141028,1.0,-7.0,-45.0
1776886213.6241028,1.0,-4.0,-40.0
1776886213.6341028,1.0,0.0,-39.0
1776886213.6441028,1.0,3.0,-42.0
1776886213.6541028,-1.0,5.0,-48.0
1776886213.6641028,-3.0,3.0,-39.0
1776886213.6741028,-1.0,1.0,-37.0
1776886213.6841028,0.0,0.0,-46.0
1776886213.6941028,-1.0,-2.0,-44.0
1776886213.7041028,-4.0,-1.0,-48.0
1776886213.7141027,-5.0,1.0,-42.0
1776886213.7241027,-6.0,1.0,-37.0
1776886213.7341027,-9.0,4.0,-33.0
1776886213.7441027,-8.0,3.0,-38.0
1776886213.7541027,-2.0,0.0,-39.0
1776886213.7641027,-1.0,-2.0,-35.0
1776886213.7741027,-3.0,-2.0,-39.0
1776886213.784103,-4.0,0.0,-41.0
1776886213.794103,-10.0,0.0,-48.0
1776886213.804103,-11.0,3.0,-44.0
1776886213.8141026,-2.0,3.0,-42.0
1776886213.8241026,2.0,2.0,-40.0
1776886213.8341026,2.0,0.0,-40.0
1776886213.8441026,1.0,-3.0,-42.0
1776886213.8541028,0.0,-3.0,-41.0
1776886213.8641028,1.0,-4.0,-38.0
1776886213.8741028,5.0,-3.0,-45.0
1776886213.8841028,8.0,1.0,-44.0
1776886213.8941028,4.0,-1.0,-37.0
1776886213.9041028,5.0,-6.0,-34.0
1776886213.9141028,3.0,-8.0,-32.0
1776886213.9241028,2.0,-4.0,-38.0
1776886213.9351027,5.0,-5.0,-42.0
1776886213.9451027,8.0,-10.0,-41.0
1776886213.9551027,6.0,-6.0,-42.0
1776886213.965103,5.0,-6.0,-42.0
1776886213.975103,0.0,-7.0,-37.0
1776886213.985103,-7.0,-4.0,-41.0
1776886213.9951026,-7.0,-4.0,-40.0
1776886214.0051026,-9.0,-4.0,-37.0
1776886214.0151026,-5.0,-2.0,-37.0
1776886214.0251029,-5.0,-2.0,-38.0
1776886214.0351028,-1.0,0.0,-38.0
1776886214.0451028,-2.0,2.0,-40.0
1776886214.0551028,-1.0,2.0,-37.0
1776886214.0651028,-2.0,3.0,-36.0
1776886214.0751028,-2.0,2.0,-35.0
1776886214.0851028,-2.0,4.0,-34.0
1776886214.0951028,0.0,3.0,-33.0
1776886214.1051028,-4.0,-1.0,-36.0
1776886214.1151028,-6.0,-7.0,-37.0
1776886214.1251028,-6.0,-5.0,-36.0
1776886214.1351027,-1.0,-4.0,-38.0
1776886214.1451027,-1.0,-5.0,-39.0
1776886214.1551027,-2.0,-8.0,-39.0
1776886214.1651027,-1.0,-11.0,-38.0
1776886214.1751027,0.0,-8.0,-42.0
1776886214.1851027,1.0,-6.0,-46.0
1776886214.1951027,5.0,-8.0,-45.0
1776886214.2051027,3.0,-2.0,-44.0
1776886214.215103,6.0,0.0,-41.0
1776886214.225103,5.0,0.0,-43.0
1776886214.235103,4.0,0.0,-45.0
1776886214.2451026,5.0,-1.0,-45.0
1776886214.2551026,5.0,-6.0,-41.0
1776886214.2651026,-1.0,-6.0,-42.0
1776886214.2751029,-4.0,-6.0,-38.0
1776886214.2851028,-2.0,-1.0,-38.0
1776886214.2951028,-3.0,0.0,-38.0
1776886214.3051028,-1.0,2.0,-38.0
1776886214.3151028,-1.0,2.0,-45.0
1776886214.3251028,1.0,-3.0,-36.0
1776886214.3351028,0.0,-5.0,-38.0
1776886214.3451028,0.0,-7.0,-38.0
1776886214.3551028,-1.0,-7.0,-42.0
1776886214.3651028,-3.0,-7.0,-52.0
1776886214.3751028,-6.0,-1.0,-51.0
1776886214.3851027,-4.0,-4.0,-48.0
1776886214.3951027,2.0,-1.0,-40.0
1776886214.4051027,-3.0,-3.0,-33.0
1776886214.4151027,-8.0,-3.0,-34.0
1776886214.4251027,-5.0,-2.0,-34.0
1776886214.4351027,-5.0,-4.0,-35.0
1776886214.4451027,-4.0,0.0,-39.0
1776886214.4551027,-2.0,3.0,-42.0
1776886214.465103,1.0,3.0,-36.0
1776886214.475103,0.0,0.0,-25.0
1776886214.485103,0.0,0.0,-23.0
1776886214.4951026,-1.0,0.0,-27.0
1776886214.5051026,1.0,-2.0,-29.0
1776886214.5151026,1.0,0.0,-40.0
1776886214.5251029,-1.0,0.0,-39.0
1776886214.5351028,7.0,-7.0,-41.0
1776886214.5451028,9.0,-9.0,-37.0
1776886214.5551028,8.0,-12.0,-36.0
1776886214.5651028,6.0,-11.0,-38.0
1776886214.5751028,2.0,-10.0,-34.0
1776886214.5851028,2.0,-9.0,-35.0
1776886214.5951028,3.0,-8.0,-41.0
1776886214.6051028,2.0,-6.0,-45.0
1776886214.6151028,6.0,-8.0,-43.0
1776886214.6251028,7.0,-3.0,-38.0
1776886214.6351027,11.0,-4.0,-37.0
1776886214.6451027,11.0,-4.0,-34.0
1776886214.6551027,11.0,-4.0,-29.0
1776886214.6651027,10.0,0.0,-34.0
1776886214.6751027,10.0,-1.0,-37.0
1776886214.6851027,7.0,3.0,-28.0
1776886214.6951027,6.0,1.0,-25.0
1776886214.7051027,0.0,-1.0,-23.0
1776886214.715103,-2.0,-2.0,-26.0
1776886214.725103,0.0,3.0,-25.0
1776886214.735103,0.0,1.0,-28.0
1776886214.7451026,0.0,-4.0,-30.0
1776886214.7551026,0.0,0.0,-30.0
1776886214.7651026,-2.0,1.0,-38.0
1776886214.7751029,-3.0,-1.0,-40.0
1776886214.7851028,0.0,6.0,-42.0
1776886214.7951028,-3.0,7.0,-38.0
1776886214.8051028,-5.0,7.0,-38.0
1776886214.8151028,-9.0,4.0,-43.0
1776886214.8251028,-7.0,1.0,-43.0
1776886214.8351028,-7.0,2.0,-44.0
1776886214.8451028,-9.0,3.0,-40.0
1776886214.8551028,-7.0,0.0,-40.0
1776886214.8651028,-2.0,-2.0,-40.0
1776886214.8751028,-2.0,-2.0,-38.0
1776886214.8851027,-1.0,-5.0,-30.0
1776886214.8951027,2.0,-6.0,-31.0
1776886214.9051027,6.0,-5.0,-26.0
1776886214.9151027,6.0,-2.0,-28.0
1776886214.9251027,6.0,0.0,-31.0
1776886214.9351027,6.0,-2.0,-31.0
1776886214.9451027,2.0,-1.0,-34.0
1776886214.9551027,1.0,-2.0,-37.0
1776886214.965103,0.0,-1.0,-34.0
1776886214.975103,0.0,-1.0,-30.0
1776886214.985103,2.0,-1.0,-30.0
1776886214.9951026,0.0,0.0,-37.0
1776886215.0051026,-1.0,-4.0,-43.0
1776886215.0151026,-5.0,-3.0,-47.0
1776886215.0251029,0.0,0.0,-44.0
1776886215.0351028,0.0,-1.0,-40.0
1776886215.0451028,1.0,-7.0,-34.0
1776886215.0551028,4.0,-7.0,-37.0
1776886215.0651028,3.0,-6.0,-37.0
1776886215.0751028,5.0,-8.0,-34.0
1776886215.0851028,0.0,-2.0,-32.0
1776886215.0951028,1.0,-4.0,-34.0
1776886215.1051028,0.0,-1.0,-38.0
1776886215.1151028,-4.0,0.0,-35.0
1776886215.1251028,-5.0,3.0,-40.0
1776886215.1351027,2.0,0.0,-36.0
1776886215.1451027,-1.0,-5.0,-38.0
1776886215.1551027,-1.0,-4.0,-37.0
1776886215.1651027,-2.0,-5.0,-40.0
1776886215.1751027,-2.0,-5.0,-38.0
1776886215.1851027,1.0,-6.0,-33.0
1776886215.1951027,6.0,-8.0,-35.0
1776886215.2051027,4.0,-5.0,-40.0
1776886215.215103,3.0,-4.0,-45.0
1776886215.225103,4.0,-2.0,-41.0
1776886215.235103,0.0,-1.0,-41.0
1776886215.2451026,1.0,1.0,-41.0
1776886215.2551026,6.0,4.0,-38.0
1776886215.2651026,6.0,3.0,-37.0
1776886215.2751029,8.0,5.0,-37.0
1776886215.2851028,9.0,-3.0,-36.0
1776886215.2951028,5.0,-1.0,-44.0
1776886215.3051028,4.0,1.0,-41.0
1776886215.3151028,2.0,0.0,-41.0
1776886215.3251028,0.0,3.0,-41.0
1776886215.3351028,-3.0,-2.0,-41.0
1776886215.3451028,1.0,-2.0,-41.0
1776886215.3551028,0.0,0.0,-35.0
1776886215.3651028,0.0,3.0,-37.0
1776886215.3751028,1.0,0.0,-29.0
1776886215.3851027,-1.0,-1.0,-30.0
1776886215.3951027,-3.0,0.0,-36.0
1776886215.4051027,-2.0,2.0,-34.0
1776886215.4151027,-1.0,2.0,-35.0
1776886215.4251027,3.0,3.0,-35.0
1776886215.4351027,2.0,0.0,-39.0
1776886215.4451027,-1.0,-5.0,-43.0
1776886215.4551027,2.0,-8.0,-39.0
1776886215.465103,6.0,-6.0,-38.0
1776886215.475103,0.0,-2.0,-37.0
1776886215.485103,1.0,-3.0,-35.0
1776886215.4951026,0.0,-3.0,-34.0
1776886215.5051026,-2.0,-4.0,-41.0
1776886215.5151026,0.0,-3.0,-43.0
1776886215.5251029,1.0,-1.0,-41.0
1776886215.5351028,-2.0,0.0,-40.0
1776886215.5451028,-9.0,-3.0,-39.0
1776886215.5551028,-8.0,0.0,-39.0
1776886215.5651028,-4.0,-1.0,-39.0
1776886215.5751028,-7.0,-5.0,-34.0
1776886215.5851028,-5.0,-5.0,-38.0
1776886215.5951028,-1.0,-10.0,-34.0
1776886215.6051028,-2.0,-10.0,-29.0
1776886215.6151028,-5.0,-11.0,-33.0
1776886215.6251028,-4.0,-9.0,-31.0
1776886215.6351027,-5.0,-7.0,-27.0
1776886215.6451027,0.0,-8.0,-34.0
1776886215.6551027,1.0,-11.0,-37.0
1776886215.6651027,-2.0,-4.0,-41.0
1776886215.6751027,0.0,-1.0,-45.0
1776886215.6851027,1.0,-3.0,-42.0
1776886215.6951027,3.0,-1.0,-41.0
1776886215.7051027,3.0,-1.0,-39.0
1776886215.715103,1.0,-1.0,-47.0
1776886215.725103,3.0,-1.0,-44.0
1776886215.735103,3.0,-1.0,-44.0
1776886215.7451026,0.0,-1.0,-38.0
1776886215.7551026,6.0,0.0,-34.0
1776886215.7651026,5.0,2.0,-36.0
1776886215.7751029,1.0,3.0,-38.0
1776886215.7851028,1.0,2.0,-38.0
1776886215.7951028,5.0,2.0,-38.0
1776886215.8051028,2.0,0.0,-34.0
1776886215.8151028,0.0,3.0,-32.0
1776886215.8251028,-1.0,0.0,-36.0
1776886215.8351028,0.0,0.0,-35.0
1776886215.8451028,0.0,0.0,-42.0
1776886215.8551028,-2.0,0.0,-48.0
1776886215.8651028,-4.0,-2.0,-44.0
1776886215.8751028,-5.0,-5.0,-43.0
1776886215.8851027,-4.0,-6.0,-38.0
1776886215.8951027,-6.0,-6.0,-38.0
1776886215.9051027,-3.0,-6.0,-38.0
1776886215.9151027,-4.0,-1.0,-38.0
1776886215.9251027,-4.0,0.0,-36.0
1776886215.9361026,-6.0,-1.0,-36.0
1776886215.9461029,-6.0,1.0,-37.0
1776886215.9561028,-3.0,1.0,-38.0
1776886215.9661028,0.0,1.0,-42.0
1776886215.9761028,-2.0,-1.0,-40.0
1776886215.9861028,0.0,-1.0,-38.0
1776886215.9961028,4.0,0.0,-43.0
1776886216.0061028,4.0,0.0,-43.0
1776886216.0161028,3.0,-2.0,-49.0
1776886216.0261028,7.0,0.0,-52.0
1776886216.0361028,5.0,-2.0,-52.0
1776886216.0461028,1.0,-1.0,-45.0
1776886216.0561028,4.0,-6.0,-34.0
1776886216.0661027,1.0,-9.0,-37.0
1776886216.0761027,0.0,-8.0,-30.0
1776886216.0861027,-3.0,-6.0,-34.0
1776886216.0961027,-1.0,-3.0,-43.0
1776886216.1061027,-1.0,2.0,-49.0
1776886216.1161027,0.0,4.0,-51.0
1776886216.1261027,-1.0,1.0,-50.0
1776886216.136103,-3.0,2.0,-49.0
1776886216.146103,0.0,6.0,-45.0
1776886216.156103,1.0,8.0,-42.0
1776886216.1661026,2.0,2.0,-40.0
1776886216.1761026,2.0,2.0,-46.0
1776886216.1861026,6.0,3.0,-41.0
1776886216.1961029,4.0,2.0,-35.0
1776886216.2061028,3.0,2.0,-37.0
1776886216.2161028,3.0,5.0,-40.0
1776886216.2261028,1.0,4.0,-28.0
1776886216.2361028,-1.0,0.0,-20.0
1776886216.2461028,0.0,-1.0,-22.0
1776886216.2561028,2.0,-1.0,-27.0
1776886216.2661028,3.0,-1.0,-39.0
1776886216.2761028,-1.0,0.0,-38.0
1776886216.2861028,0.0,2.0,-40.0
1776886216.2961028,0.0,0.0,-36.0
1776886216.3061028,1.0,0.0,-35.0
1776886216.3161027,1.0,-1.0,-33.0
1776886216.3261027,-1.0,-6.0,-35.0
1776886216.3361027,0.0,-4.0,-36.0
1776886216.3461027,3.0,-3.0,-35.0
1776886216.3561027,4.0,-1.0,-47.0
1776886216.3661027,8.0,-2.0,-42.0
1776886216.3761027,6.0,-2.0,-39.0
1776886216.386103,5.0,1.0,-39.0
1776886216.396103,4.0,0.0,-37.0
1776886216.406103,3.0,-3.0,-36.0
1776886216.4161026,4.0,0.0,-29.0
1776886216.4261026,4.0,1.0,-35.0
1776886216.4361026,0.0,1.0,-35.0
1776886216.4461029,-2.0,3.0,-38.0
1776886216.4561028,-4.0,1.0,-42.0
1776886216.4661028,-5.0,4.0,-35.0
1776886216.4761028,-2.0,2.0,-34.0
1776886216.4861028,-4.0,-4.0,-34.0
1776886216.4961028,-4.0,-6.0,-33.0
1776886216.5061028,-2.0,-3.0,-32.0
1776886216.5161028,-1.0,-4.0,-33.0
1776886216.5261028,-3.0,-6.0,-31.0
1776886216.5361028,-6.0,-4.0,-31.0
1776886216.5461028,-6.0,-2.0,-41.0
1776886216.5561028,-4.0,-2.0,-37.0
1776886216.5661027,-6.0,1.0,-34.0
1776886216.5761027,-3.0,0.0,-34.0
1776886216.5861027,0.0,-2.0,-34.0
1776886216.5961027,1.0,0.0,-40.0
1776886216.6061027,0.0,1.0,-43.0
1776886216.6161027,-4.0,0.0,-44.0
1776886216.6261027,-1.0,2.0,-41.0
1776886216.636103,-1.0,1.0,-43.0
1776886216.646103,-2.0,0.0,-43.0
1776886216.656103,-1.0,5.0,-46.0
1776886216.6661026,-2.0,3.0,-46.0
1776886216.6761026,2.0,0.0,-39.0
1776886216.6861026,4.0,0.0,-36.0
1776886216.6961029,5.0,0.0,-49.0
1776886216.7061028,3.0,-4.0,-53.0
1776886216.7161028,5.0,-4.0,-46.0
1776886216.7261028,9.0,-4.0,-45.0
1776886216.7361028,7.0,-5.0,-42.0
1776886216.7461028,7.0,-5.0,-39.0
1776886216.7561028,6.0,-4.0,-36.0
1776886216.7661028,4.0,-2.0,-36.0
1776886216.7761028,4.0,-1.0,-39.0
1776886216.7861028,5.0,-6.0,-40.0
1776886216.7961028,1.0,-8.0,-37.0
1776886216.8061028,4.0,-5.0,-41.0
1776886216.8161027,2.0,0.0,-43.0
1776886216.8261027,1.0,-1.0,-42.0
1776886216.8361027,2.0,-2.0,-43.0
1776886216.8461027,1.0,0.0,-40.0
1776886216.8561027,0.0,0.0,-41.0
1776886216.8661027,1.0,-4.0,-43.0
1776886216.8761027,0.0,-4.0,-40.0
1776886216.886103,0.0,-4.0,-45.0
1776886216.896103,4.0,-5.0,-47.0
1776886216.906103,0.0,-4.0,-42.0
1776886216.9161026,0.0,-4.0,-41.0
1776886216.9261026,-1.0,0.0,-38.0
1776886216.9361026,-1.0,1.0,-32.0
1776886216.9461029,0.0,0.0,-36.0
1776886216.9561028,-3.0,-2.0,-33.0
1776886216.9661028,-2.0,-2.0,-29.0
1776886216.9761028,-1.0,-3.0,-33.0
1776886216.9861028,-2.0,-3.0,-32.0
1776886216.9961028,-4.0,-2.0,-34.0
1776886217.0061028,-2.0,-1.0,-37.0
1776886217.0161028,-2.0,0.0,-38.0
1776886217.0261028,-1.0,3.0,-44.0
1776886217.0361028,3.0,1.0,-49.0
1776886217.0461028,-2.0,-1.0,-49.0
1776886217.0561028,0.0,-1.0,-47.0
1776886217.0661027,-3.0,2.0,-46.0
1776886217.0761027,-1.0,3.0,-43.0
1776886217.0861027,0.0,9.0,-44.0
1776886217.0961027,2.0,3.0,-44.0
1776886217.1061027,2.0,1.0,-44.0
1776886217.1161027,0.0,3.0,-47.0
1776886217.1261027,-2.0,3.0,-46.0
1776886217.136103,0.0,0.0,-43.0
1776886217.146103,1.0,0.0,-38.0
1776886217.156103,0.0,0.0,-36.0
1776886217.1661026,3.0,3.0,-35.0
1776886217.1761026,3.0,4.0,-36.0
1776886217.1861026,0.0,6.0,-43.0
1776886217.1961029,1.0,2.0,-41.0
1776886217.2061028,-3.0,-1.0,-37.0
1776886217.2161028,-2.0,-3.0,-34.0
1776886217.2261028,0.0,0.0,-42.0
1776886217.2361028,-2.0,-1.0,-39.0
1776886217.2461028,-5.0,-4.0,-36.0
1776886217.2561028,-3.0,-5.0,-37.0
1776886217.2661028,-3.0,-3.0,-40.0
1776886217.2761028,0.0,-1.0,-47.0
1776886217.2861028,1.0,-4.0,-49.0
1776886217.2961028,4.0,-1.0,-52.0
1776886217.3061028,4.0,0.0,-53.0
1776886217.3161027,0.0,0.0,-50.0
1776886217.3261027,-1.0,0.0,-48.0
1776886217.3361027,2.0,2.0,-47.0
1776886217.3461027,0.0,3.0,-41.0
1776886217.3561027,0.0,-1.0,-36.0
1776886217.3661027,-2.0,-3.0,-37.0
1776886217.3761027,0.0,-3.0,-38.0
1776886217.386103,-2.0,-3.0,-44.0
1776886217.396103,0.0,-4.0,-44.0
1776886217.406103,0.0,-4.0,-50.0
1776886217.4161026,2.0,-5.0,-47.0
1776886217.4261026,4.0,-4.0,-43.0
1776886217.4361026,3.0,-4.0,-42.0
1776886217.4461029,4.0,0.0,-36.0
1776886217.4561028,2.0,-3.0,-39.0
1776886217.4661028,4.0,-3.0,-36.0
1776886217.4761028,4.0,-4.0,-30.0
1776886217.4861028,4.0,-7.0,-29.0
1776886217.4961028,0.0,-7.0,-29.0
1776886217.5061028,-4.0,-2.0,-30.0
1776886217.5161028,0.0,-1.0,-33.0
1776886217.5261028,-2.0,2.0,-35.0
1776886217.5361028,-3.0,3.0,-41.0
1776886217.5461028,0.0,0.0,-40.0
1776886217.5561028,0.0,0.0,-41.0
1776886217.5661027,0.0,0.0,-49.0
1776886217.5761027,-1.0,6.0,-51.0
1776886217.5861027,1.0,2.0,-52.0
1776886217.5961027,-3.0,1.0,-49.0
1776886217.6061027,-4.0,0.0,-53.0
1776886217.6161027,0.0,0.0,-48.0
1776886217.6261027,1.0,-2.0,-54.0
1776886217.636103,4.0,-5.0,-48.0
1776886217.646103,2.0,-6.0,-43.0
1776886217.656103,0.0,-5.0,-45.0
1776886217.6661026,-1.0,-5.0,-37.0
1776886217.6761026,1.0,-6.0,-36.0
1776886217.6861026,1.0,-1.0,-36.0
1776886217.6961029,0.0,1.0,-38.0
1776886217.7061028,6.0,0.0,-45.0
1776886217.7161028,4.0,0.0,-46.0
1776886217.7261028,6.0,0.0,-45.0
1776886217.7361028,7.0,3.0,-51.0
1776886217.7461028,6.0,5.0,-46.0
1776886217.7561028,3.0,5.0,-41.0
1776886217.7661028,2.0,3.0,-47.0
1776886217.7761028,-1.0,0.0,-44.0
1776886217.7861028,-4.0,-2.0,-37.0
1776886217.7961028,-4.0,-7.0,-40.0
1776886217.8061028,-4.0,-5.0,-44.0
1776886217.8161027,-4.0,0.0,-48.0
1776886217.8261027,-2.0,-1.0,-45.0
1776886217.8361027,-6.0,-1.0,-44.0
1776886217.8461027,-6.0,-4.0,-42.0
1776886217.8561027,-4.0,-7.0,-45.0
1776886217.8661027,-3.0,-5.0,-47.0
1776886217.8761027,-4.0,-5.0,-47.0
1776886217.886103,-1.0,0.0,-43.0
1776886217.8971028,-2.0,0.0,-43.0
1776886217.9071028,-2.0,-3.0,-43.0
1776886217.9161026,3.0,-3.0,-44.0
1776886217.9261026,1.0,-2.0,-43.0
1776886217.9371028,0.0,0.0,-36.0
1776886217.9471028,2.0,0.0,-33.0
1776886217.9571028,-1.0,1.0,-37.0
1776886217.9671028,1.0,1.0,-32.0
1776886217.9771028,3.0,1.0,-28.0
1776886217.9871027,7.0,0.0,-24.0
1776886217.9971027,0.0,2.0,-27.0
1776886218.0071027,-3.0,0.0,-33.0
1776886218.0171027,-3.0,-2.0,-36.0
1776886218.0271027,0.0,-2.0,-38.0
1776886218.0371027,1.0,-2.0,-39.0
1776886218.0471027,-2.0,0.0,-42.0
1776886218.057103,1.0,-2.0,-37.0
1776886218.067103,0.0,-3.0,-34.0
1776886218.077103,0.0,-3.0,-37.0
1776886218.087103,0.0,2.0,-30.0
1776886218.0971026,4.0,4.0,-25.0
1776886218.1071026,11.0,7.0,-25.0
1776886218.1171026,11.0,6.0,-30.0
1776886218.1271029,14.0,1.0,-39.0
1776886218.1371028,16.0,2.0,-40.0
1776886218.1471028,13.0,7.0,-39.0
1776886218.1571028,7.0,0.0,-32.0
1776886218.1671028,3.0,-1.0,-32.0
1776886218.1771028,4.0,-2.0,-38.0
1776886218.1871028,2.0,-2.0,-38.0
1776886218.1971028,1.0,-3.0,-38.0
1776886218.2071028,1.0,0.0,-31.0
1776886218.2171028,-2.0,-1.0,-33.0
1776886218.2271028,0.0,-4.0,-31.0
1776886218.2371027,1.0,-3.0,-35.0
1776886218.2471027,4.0,-1.0,-26.0
1776886218.2571027,2.0,1.0,-21.0
1776886218.2671027,4.0,-2.0,-31.0
1776886218.2771027,3.0,-3.0,-31.0
1776886218.2871027,0.0,-7.0,-34.0
1776886218.2971027,0.0,-4.0,-39.0
1776886218.307103,1.0,-4.0,-39.0
1776886218.317103,0.0,-2.0,-36.0
1776886218.327103,1.0,-4.0,-32.0
1776886218.337103,0.0,-5.0,-36.0
1776886218.3471026,2.0,-7.0,-38.0
1776886218.3571026,8.0,-6.0,-35.0
1776886218.3671026,8.0,-5.0,-38.0
1776886218.3771029,7.0,0.0,-37.0
1776886218.3871028,3.0,2.0,-33.0
1776886218.3971028,2.0,3.0,-40.0
1776886218.4071028,0.0,0.0,-43.0
1776886218.4171028,0.0,3.0,-43.0
1776886218.4271028,-5.0,6.0,-42.0
1776886218.4371028,-6.0,4.0,-53.0
1776886218.4471028,-5.0,1.0,-53.0
1776886218.4571028,-6.0,1.0,-44.0
1776886218.4671028,-2.0,3.0,-43.0
1776886218.4771028,-6.0,5.0,-35.0
1776886218.4871027,-9.0,0.0,-31.0
1776886218.4971027,-8.0,-4.0,-35.0
1776886218.5071027,-2.0,-4.0,-35.0
1776886218.5171027,0.0,-5.0,-45.0
1776886218.5271027,0.0,-2.0,-41.0
1776886218.5371027,-2.0,-3.0,-39.0
1776886218.5471027,2.0,-5.0,-42.0
1776886218.557103,-2.0,-1.0,-41.0
1776886218.567103,-9.0,4.0,-40.0
1776886218.577103,-6.0,0.0,-40.0
1776886218.587103,-4.0,2.0,-39.0
1776886218.5971026,-3.0,1.0,-40.0
1776886218.6071026,-2.0,0.0,-31.0
1776886218.6171026,-1.0,-2.0,-35.0
1776886218.6271029,1.0,0.0,-33.0
1776886218.6371028,1.0,-2.0,-38.0
1776886218.6471028,1.0,-5.0,-40.0
1776886218.6571028,1.0,-6.0,-39.0
1776886218.6671028,6.0,-4.0,-38.0
1776886218.6771028,12.0,-3.0,-41.0
1776886218.6871028,11.0,-5.0,-47.0
1776886218.6971028,11.0,-3.0,-48.0
1776886218.7071028,4.0,0.0,-47.0
1776886218.7171028,5.0,-1.0,-44.0
1776886218.7271028,5.0,-1.0,-52.0
1776886218.7371027,3.0,1.0,-49.0
1776886218.7471027,0.0,-5.0,-53.0
1776886218.7571027,-6.0,-5.0,-52.0
1776886218.7671027,-4.0,-3.0,-51.0
1776886218.7771027,1.0,-4.0,-54.0
1776886218.7871027,2.0,-3.0,-47.0
1776886218.7971027,0.0,-2.0,-47.0
1776886218.807103,2.0,-3.0,-43.0
1776886218.817103,4.0,-2.0,-36.0
1776886218.827103,3.0,-6.0,-31.0
1776886218.837103,2.0,-10.0,-29.0
1776886218.8471026,4.0,-10.0,-25.0
1776886218.8571026,5.0,-10.0,-28.0
1776886218.8671026,1.0,-10.0,-24.0
1776886218.8771029,-4.0,-9.0,-27.0
1776886218.8871028,0.0,-6.0,-34.0
1776886218.8971028,0.0,-3.0,-32.0
1776886218.9071028,3.0,1.0,-32.0
1776886218.9171028,3.0,2.0,-41.0
1776886218.9271028,4.0,0.0,-41.0
1776886218.9371028,0.0,0.0,-35.0
1776886218.9471028,2.0,3.0,-33.0
1776886218.9571028,1.0,1.0,-32.0
1776886218.9671028,1.0,2.0,-29.0
1776886218.9771028,-1.0,-1.0,-27.0
1776886218.9871027,4.0,-5.0,-35.0
1776886218.9971027,3.0,-4.0,-37.0
1776886219.0071027,-2.0,-6.0,-39.0
1776886219.0171027,1.0,0.0,-39.0
1776886219.0271027,2.0,-3.0,-37.0
1776886219.0371027,3.0,-4.0,-34.0
1776886219.0471027,5.0,-7.0,-37.0
1776886219.057103,2.0,-5.0,-35.0
1776886219.067103,1.0,0.0,-39.0
1776886219.077103,-1.0,5.0,-37.0
1776886219.087103,0.0,3.0,-42.0
1776886219.0971026,5.0,2.0,-44.0
1776886219.1071026,0.0,1.0,-43.0
1776886219.1171026,3.0,0.0,-43.0
1776886219.1271029,2.0,0.0,-43.0
1776886219.1371028,3.0,-2.0,-38.0
1776886219.1471028,1.0,-1.0,-38.0
1776886219.1571028,1.0,0.0,-37.0
1776886219.1671028,1.0,4.0,-37.0
1776886219.1771028,3.0,5.0,-40.0
1776886219.1871028,4.0,5.0,-44.0
1776886219.1971028,3.0,5.0,-37.0
1776886219.2071028,5.0,2.0,-38.0
1776886219.2171028,9.0,5.0,-38.0
1776886219.2271028,9.0,2.0,-33.0
1776886219.2371027,8.0,1.0,-36.0
1776886219.2471027,6.0,0.0,-32.0
1776886219.2571027,0.0,2.0,-32.0
1776886219.2671027,0.0,2.0,-33.0
1776886219.2771027,1.0,-1.0,-36.0
1776886219.2871027,0.0,1.0,-36.0
1776886219.2971027,5.0,1.0,-35.0
1776886219.307103,4.0,-3.0,-41.0
1776886219.317103,7.0,-4.0,-38.0
1776886219.327103,7.0,-4.0,-36.0
1776886219.337103,7.0,-2.0,-40.0
1776886219.3471026,7.0,-2.0,-36.0
1776886219.3571026,1.0,-4.0,-40.0
1776886219.3671026,2.0,-10.0,-34.0
1776886219.3771029,5.0,-6.0,-32.0
1776886219.3871028,4.0,-3.0,-31.0
1776886219.3971028,1.0,-2.0,-35.0
1776886219.4071028,0.0,0.0,-40.0
1776886219.4171028,2.0,0.0,-32.0
1776886219.4271028,1.0,-1.0,-27.0
1776886219.4371028,1.0,-1.0,-26.0
1776886219.4471028,1.0,-1.0,-26.0
1776886219.4571028,1.0,-1.0,-26.0
1776886219.4671028,1.0,0.0,-31.0
1776886219.4771028,0.0,-4.0,-38.0
1776886219.4871027,-2.0,-2.0,-42.0
1776886219.4971027,6.0,0.0,-44.0
1776886219.5071027,2.0,-5.0,-36.0
1776886219.5171027,2.0,0.0,-33.0
1776886219.5271027,3.0,0.0,-40.0
1776886219.5371027,-2.0,0.0,-38.0
1776886219.5471027,-6.0,-1.0,-42.0
1776886219.557103,-6.0,-1.0,-42.0
1776886219.567103,-5.0,0.0,-40.0
1776886219.577103,-4.0,0.0,-42.0
1776886219.587103,-2.0,-3.0,-43.0
1776886219.5971026,-3.0,-3.0,-51.0
1776886219.6071026,-4.0,-8.0,-48.0
1776886219.6171026,-4.0,-10.0,-51.0
1776886219.6271029,-5.0,-14.0,-41.0
1776886219.6371028,-2.0,-14.0,-46.0
1776886219.6471028,0.0,-11.0,-46.0
1776886219.6571028,1.0,-4.0,-40.0
1776886219.6671028,6.0,-4.0,-41.0
1776886219.6771028,5.0,-2.0,-37.0
1776886219.6871028,8.0,-4.0,-36.0
1776886219.6971028,8.0,-3.0,-46.0
1776886219.7071028,8.0,-2.0,-44.0
1776886219.7171028,5.0,-4.0,-46.0
1776886219.7271028,6.0,-1.0,-43.0
1776886219.7371027,6.0,-5.0,-36.0
1776886219.7471027,5.0,-3.0,-37.0
1776886219.7571027,3.0,-2.0,-40.0
1776886219.7671027,-2.0,0.0,-42.0
1776886219.7771027,-4.0,2.0,-44.0
1776886219.7871027,-1.0,1.0,-41.0
1776886219.7971027,-2.0,1.0,-40.0
1776886219.807103,0.0,4.0,-38.0
1776886219.817103,2.0,7.0,-35.0
1776886219.827103,2.0,7.0,-35.0
1776886219.837103,4.0,6.0,-28.0
1776886219.8471026,1.0,5.0,-30.0
1776886219.8571026,4.0,5.0,-36.0
1776886219.8671026,5.0,4.0,-41.0
1776886219.8771029,7.0,5.0,-35.0
1776886219.8871028,7.0,2.0,-37.0
1776886219.8981028,6.0,-2.0,-33.0
1776886219.9081028,3.0,-4.0,-35.0
1776886219.9181027,2.0,-2.0,-34.0
1776886219.9271028,0.0,-2.0,-39.0
1776886219.9381027,3.0,-5.0,-42.0
1776886219.9481027,1.0,-3.0,-46.0
1776886219.9581027,8.0,-3.0,-45.0
1776886219.9681027,7.0,-7.0,-46.0
1776886219.9781027,8.0,-6.0,-45.0
1776886219.988103,4.0,-4.0,-46.0
1776886219.998103,0.0,-6.0,-47.0
1776886220.008103,0.0,-5.0,-43.0
1776886220.0181026,2.0,-5.0,-46.0
1776886220.0281026,-2.0,-6.0,-48.0
1776886220.0381026,-2.0,-5.0,-45.0
1776886220.0481029,0.0,-4.0,-45.0
1776886220.0581028,1.0,-5.0,-53.0
1776886220.0681028,4.0,-5.0,-55.0
1776886220.0781028,-1.0,-5.0,-54.0
1776886220.0881028,-3.0,-5.0,-53.0
1776886220.0981028,-3.0,-7.0,-53.0
1776886220.1081028,-1.0,-7.0,-52.0
1776886220.1181028,-1.0,-5.0,-49.0
1776886220.1281028,1.0,-2.0,-44.0
1776886220.1381028,0.0,-1.0,-42.0
1776886220.1481028,1.0,-6.0,-43.0
1776886220.1581028,3.0,-4.0,-43.0
1776886220.1681027,1.0,-3.0,-38.0
1776886220.1781027,1.0,-3.0,-37.0
1776886220.1881027,5.0,0.0,-38.0
1776886220.1981027,7.0,4.0,-42.0
1776886220.2081027,3.0,5.0,-49.0
1776886220.2181027,0.0,3.0,-44.0
1776886220.2281027,3.0,3.0,-34.0
1776886220.238103,4.0,-2.0,-33.0
1776886220.248103,1.0,0.0,-30.0
1776886220.258103,-3.0,1.0,-34.0
1776886220.2681026,-4.0,0.0,-40.0
1776886220.2781026,-1.0,0.0,-43.0
1776886220.2881026,-2.0,-1.0,-42.0
1776886220.2981029,-4.0,3.0,-43.0
1776886220.3081028,-4.0,4.0,-46.0
1776886220.3181028,-2.0,3.0,-46.0
1776886220.3281028,-4.0,1.0,-44.0
1776886220.3381028,-5.0,4.0,-47.0
1776886220.3481028,0.0,0.0,-45.0
1776886220.3581028,2.0,4.0,-44.0
1776886220.3681028,2.0,4.0,-45.0
1776886220.3781028,5.0,2.0,-38.0
1776886220.3881028,6.0,2.0,-33.0
1776886220.3981028,0.0,-1.0,-36.0
1776886220.4081028,-4.0,-5.0,-37.0
1776886220.4181027,2.0,-2.0,-38.0
1776886220.4281027,2.0,1.0,-36.0
1776886220.4381027,3.0,-1.0,-39.0
1776886220.4481027,2.0,0.0,-44.0
1776886220.4581027,-5.0,0.0,-43.0
1776886220.4681027,-6.0,1.0,-41.0
1776886220.4781027,-1.0,1.0,-37.0
1776886220.488103,-2.0,-1.0,-37.0
1776886220.498103,-4.0,-1.0,-30.0
1776886220.508103,-4.0,4.0,-33.0
1776886220.5181026,0.0,6.0,-32.0
1776886220.5281026,2.0,6.0,-32.0
1776886220.5381026,3.0,7.0,-32.0
1776886220.5481029,3.0,5.0,-36.0
1776886220.5581028,0.0,1.0,-39.0
1776886220.5681028,3.0,4.0,-44.0
1776886220.5781028,6.0,7.0,-44.0
1776886220.5881028,7.0,5.0,-43.0
1776886220.5981028,9.0,6.0,-40.0
1776886220.6081028,6.0,6.0,-39.0
1776886220.6181028,7.0,2.0,-42.0
1776886220.6281028,4.0,-1.0,-46.0
1776886220.6381028,2.0,3.0,-45.0
1776886220.6481028,2.0,3.0,-49.0
1776886220.6581028,0.0,6.0,-50.0
1776886220.6681027,0.0,4.0,-44.0
1776886220.6781027,0.0,4.0,-40.0
1776886220.6881027,-4.0,0.0,-47.0
1776886220.6981027,-4.0,-3.0,-45.0
1776886220.7081027,-5.0,-1.0,-36.0
1776886220.7181027,-6.0,0.0,-36.0
1776886220.7281027,-7.0,-1.0,-39.0
1776886220.738103,-4.0,-5.0,-38.0
1776886220.748103,-3.0,-3.0,-44.0
1776886220.758103,0.0,0.0,-42.0
1776886220.7681026,0.0,0.0,-32.0
1776886220.7781026,-1.0,-2.0,-30.0
1776886220.7881026,3.0,-1.0,-34.0
1776886220.7981029,-2.0,2.0,-37.0
1776886220.8081028,2.0,5.0,-30.0
1776886220.8181028,2.0,6.0,-26.0
1776886220.8281028,5.0,6.0,-26.0
1776886220.8381028,5.0,5.0,-23.0
1776886220.8481028,9.0,4.0,-26.0
1776886220.8581028,9.0,7.0,-29.0
1776886220.8681028,4.0,3.0,-33.0
1776886220.8781028,1.0,3.0,-29.0
1776886220.8881028,1.0,5.0,-31.0
1776886220.8981028,2.0,6.0,-33.0
1776886220.9081028,0.0,2.0,-35.0
1776886220.9181027,0.0,-2.0,-30.0
1776886220.9281027,-2.0,-4.0,-32.0
1776886220.9381027,-3.0,-7.0,-40.0
1776886220.9481027,-2.0,-7.0,-44.0
1776886220.9581027,-1.0,-4.0,-46.0
1776886220.9681027,-1.0,-3.0,-46.0
1776886220.9781027,-1.0,3.0,-49.0
1776886220.988103,-2.0,5.0,-45.0
1776886220.998103,0.0,2.0,-35.0
1776886221.008103,3.0,-1.0,-39.0
1776886221.0181026,3.0,-2.0,-37.0
1776886221.0281026,8.0,-4.0,-35.0
1776886221.0381026,8.0,-3.0,-38.0
1776886221.0481029,4.0,-4.0,-41.0
1776886221.0581028,2.0,-1.0,-37.0
1776886221.0681028,3.0,2.0,-33.0
1776886221.0781028,4.0,8.0,-35.0
1776886221.0881028,3.0,8.0,-39.0
1776886221.0981028,3.0,5.0,-45.0
1776886221.1081028,3.0,3.0,-47.0
1776886221.1181028,4.0,1.0,-46.0
1776886221.1281028,6.0,0.0,-34.0
1776886221.1381028,4.0,2.0,-31.0
1776886221.1481028,11.0,1.0,-35.0
1776886221.1581028,14.0,1.0,-35.0
1776886221.1681027,13.0,8.0,-41.0
1776886221.1781027,9.0,5.0,-32.0
1776886221.1881027,12.0,1.0,-29.0
1776886221.1981027,12.0,1.0,-29.0
1776886221.2081027,7.0,3.0,-26.0
1776886221.2181027,6.0,6.0,-36.0
1776886221.2281027,0.0,4.0,-36.0
1776886221.238103,-6.0,3.0,-37.0
1776886221.248103,-4.0,1.0,-33.0
1776886221.258103,-11.0,-3.0,-33.0
1776886221.2681026,-8.0,-6.0,-33.0
1776886221.2781026,-3.0,-4.0,-35.0
1776886221.2881026,-1.0,-4.0,-36.0
1776886221.2981029,1.0,-4.0,-34.0
1776886221.3081028,2.0,-3.0,-37.0
1776886221.3181028,1.0,-3.0,-34.0
1776886221.3281028,5.0,-7.0,-31.0
1776886221.3381028,3.0,-5.0,-37.0
1776886221.3481028,-2.0,-3.0,-34.0
1776886221.3581028,-5.0,-6.0,-34.0
1776886221.3681028,-7.0,-2.0,-32.0
1776886221.3781028,-5.0,-4.0,-34.0
1776886221.3881028,-4.0,-5.0,-40.0
1776886221.3981028,-6.0,-2.0,-42.0
1776886221.4081028,-4.0,1.0,-40.0
1776886221.4181027,-2.0,0.0,-42.0
1776886221.4281027,-5.0,-1.0,-43.0
1776886221.4381027,-6.0,-4.0,-44.0
1776886221.4481027,-1.0,-1.0,-44.0
1776886221.4581027,2.0,-3.0,-46.0
1776886221.4681027,1.0,-2.0,-44.0
1776886221.4781027,0.0,-4.0,-35.0
1776886221.488103,0.0,-4.0,-26.0
1776886221.498103,0.0,-5.0,-30.0
1776886221.508103,1.0,-3.0,-29.0
1776886221.5181026,0.0,-4.0,-27.0
1776886221.5281026,-3.0,-2.0,-29.0
1776886221.5381026,-11.0,-1.0,-34.0
1776886221.5481029,-8.0,0.0,-23.0
1776886221.5581028,-6.0,-4.0,-30.0
1776886221.5681028,-7.0,-1.0,-34.0
1776886221.5781028,-6.0,-1.0,-34.0
1776886221.5881028,-7.0,1.0,-30.0
1776886221.5981028,-9.0,0.0,-29.0
1776886221.6081028,-5.0,0.0,-29.0
1776886221.6181028,-5.0,0.0,-38.0
1776886221.6281028,-1.0,-2.0,-40.0
1776886221.6381028,1.0,-3.0,-41.0
1776886221.6481028,0.0,-1.0,-41.0
1776886221.6581028,0.0,-2.0,-40.0
1776886221.6681027,2.0,-2.0,-43.0
1776886221.6781027,3.0,-3.0,-41.0
1776886221.6881027,1.0,-7.0,-44.0
1776886221.6981027,3.0,0.0,-40.0
1776886221.7081027,0.0,1.0,-40.0
1776886221.7181027,-3.0,0.0,-37.0
1776886221.7281027,-3.0,0.0,-42.0
1776886221.738103,-3.0,0.0,-35.0
1776886221.748103,-7.0,3.0,-45.0
1776886221.758103,-1.0,5.0,-48.0
1776886221.7681026,0.0,6.0,-51.0
1776886221.7781026,-2.0,6.0,-44.0
1776886221.7881026,-5.0,5.0,-41.0
1776886221.7981029,-4.0,4.0,-36.0
1776886221.8081028,-6.0,5.0,-40.0
1776886221.8181028,-4.0,7.0,-42.0
1776886221.8281028,-1.0,4.0,-47.0
1776886221.8381028,0.0,0.0,-44.0
1776886221.8481028,0.0,1.0,-39.0
1776886221.8581028,-3.0,-2.0,-35.0
1776886221.8681028,-7.0,1.0,-31.0
1776886221.8791027,-9.0,3.0,-32.0
1776886221.8891027,-4.0,2.0,-31.0
1776886221.8991027,-1.0,1.0,-34.0
1776886221.909103,0.0,-1.0,-34.0
1776886221.919103,6.0,-5.0,-36.0
1776886221.9281027,4.0,-8.0,-32.0
1776886221.9391026,-2.0,-9.0,-33.0
1776886221.9491026,-5.0,-9.0,-36.0
1776886221.9591026,0.0,-9.0,-43.0
1776886221.9691026,0.0,-8.0,-46.0
1776886221.9791028,0.0,-10.0,-47.0
1776886221.9891028,5.0,-14.0,-49.0
1776886221.9991028,5.0,-13.0,-47.0
1776886222.0091028,7.0,-10.0,-40.0
1776886222.0191028,5.0,-11.0,-46.0
1776886222.0291028,4.0,-6.0,-48.0
1776886222.0391028,7.0,-4.0,-44.0
1776886222.0491028,4.0,-4.0,-41.0
1776886222.0591028,2.0,-3.0,-37.0
1776886222.0691028,-1.0,-1.0,-36.0
1776886222.0791028,-2.0,-3.0,-34.0
1776886222.0891027,0.0,-5.0,-36.0
1776886222.0991027,-1.0,-2.0,-45.0
1776886222.1091027,-1.0,-2.0,-47.0
1776886222.1191027,0.0,-2.0,-44.0
1776886222.1291027,1.0,-1.0,-48.0
1776886222.1391027,2.0,3.0,-46.0
1776886222.1491027,2.0,3.0,-44.0
1776886222.159103,3.0,0.0,-42.0
1776886222.169103,5.0,-1.0,-44.0
1776886222.179103,6.0,0.0,-49.0
1776886222.1891026,3.0,1.0,-51.0
1776886222.1991026,-2.0,0.0,-43.0
1776886222.2091026,1.0,3.0,-34.0
1776886222.2191026,0.0,0.0,-30.0
1776886222.2291028,-1.0,-4.0,-36.0
1776886222.2391028,-7.0,-4.0,-36.0
1776886222.2491028,-6.0,-2.0,-38.0
1776886222.2591028,-1.0,-4.0,-45.0
1776886222.2691028,-4.0,-2.0,-38.0
1776886222.2791028,-4.0,-7.0,-38.0
1776886222.2891028,-3.0,-6.0,-36.0
1776886222.2991028,-1.0,-7.0,-38.0
1776886222.3091028,0.0,-5.0,-35.0
1776886222.3191028,0.0,-4.0,-39.0
1776886222.3291028,2.0,0.0,-35.0
1776886222.3391027,-4.0,-2.0,-42.0
1776886222.3491027,-7.0,-6.0,-45.0
1776886222.3591027,-8.0,-7.0,-37.0
1776886222.3691027,-9.0,-6.0,-39.0
1776886222.3781028,-7.0,-4.0,-39.0
1776886222.3891027,-2.0,-1.0,-39.0
1776886222.3991027,2.0,-1.0,-36.0
1776886222.409103,3.0,-4.0,-38.0
1776886222.419103,6.0,-4.0,-45.0
1776886222.429103,7.0,-5.0,-44.0
1776886222.4391026,6.0,-3.0,-41.0
1776886222.4491026,6.0,-7.0,-39.0
1776886222.4591026,4.0,-6.0,-41.0
1776886222.4691026,6.0,-4.0,-40.0
1776886222.4791028,7.0,-1.0,-35.0
1776886222.4891028,2.0,-2.0,-38.0
1776886222.4991028,7.0,0.0,-35.0
1776886222.5091028,7.0,-1.0,-36.0
1776886222.5191028,7.0,0.0,-35.0
1776886222.5291028,4.0,3.0,-38.0
1776886222.5391028,3.0,8.0,-45.0
1776886222.5491028,0.0,5.0,-48.0
1776886222.5591028,0.0,1.0,-49.0
1776886222.5691028,0.0,1.0,-44.0
1776886222.5791028,2.0,1.0,-41.0
1776886222.5891027,3.0,1.0,-45.0
1776886222.5991027,6.0,0.0,-45.0
1776886222.6091027,6.0,2.0,-46.0
1776886222.6191027,1.0,3.0,-43.0
1776886222.6291027,2.0,2.0,-43.0
1776886222.6391027,0.0,2.0,-39.0
1776886222.6491027,-3.0,6.0,-38.0
1776886222.659103,-2.0,6.0,-38.0
1776886222.669103,0.0,4.0,-37.0
1776886222.679103,3.0,3.0,-33.0
1776886222.6891026,1.0,1.0,-32.0
1776886222.6991026,0.0,2.0,-32.0
1776886222.7091026,1.0,0.0,-40.0
1776886222.7191026,3.0,-1.0,-39.0
1776886222.7291028,3.0,-2.0,-39.0
1776886222.7391028,2.0,0.0,-37.0
1776886222.7491028,2.0,5.0,-38.0
1776886222.7591028,-1.0,8.0,-35.0
1776886222.7691028,0.0,7.0,-26.0
1776886222.7791028,0.0,4.0,-31.0
1776886222.7891028,0.0,2.0,-30.0
1776886222.7991028,2.0,0.0,-30.0
1776886222.8091028,0.0,3.0,-29.0
1776886222.8191028,-4.0,2.0,-32.0
1776886222.8291028,0.0,3.0,-34.0
1776886222.8391027,-2.0,-1.0,-30.0
1776886222.8491027,1.0,-3.0,-28.0
1776886222.8591027,0.0,-4.0,-32.0
1776886222.8691027,-5.0,-5.0,-36.0
1776886222.8791027,-8.0,-5.0,-37.0
1776886222.8891027,-6.0,-7.0,-38.0
1776886222.8991027,-8.0,-4.0,-40.0
1776886222.909103,0.0,-1.0,-33.0
1776886222.919103,0.0,-1.0,-36.0
1776886222.929103,-4.0,-2.0,-39.0
1776886222.9391026,-3.0,-3.0,-36.0
1776886222.9491026,-2.0,-3.0,-41.0
1776886222.9591026,0.0,-5.0,-37.0
1776886222.9691026,0.0,-3.0,-39.0
1776886222.9791028,3.0,-7.0,-40.0
1776886222.9891028,1.0,-5.0,-36.0
1776886222.9991028,-2.0,-3.0,-33.0
1776886223.0091028,-1.0,-2.0,-39.0
1776886223.0191028,0.0,-3.0,-34.0
1776886223.0291028,-1.0,-6.0,-38.0
1776886223.0391028,1.0,-3.0,-37.0
1776886223.0491028,6.0,-1.0,-36.0
1776886223.0591028,6.0,0.0,-31.0
1776886223.0691028,1.0,0.0,-31.0
1776886223.0791028,2.0,1.0,-28.0
1776886223.0891027,-5.0,1.0,-32.0
1776886223.0991027,-4.0,3.0,-36.0
1776886223.1091027,-7.0,2.0,-46.0
1776886223.1191027,-5.0,0.0,-48.0
1776886223.1291027,-5.0,-3.0,-46.0
1776886223.1391027,0.0,-3.0,-36.0
1776886223.1491027,0.0,-3.0,-41.0
1776886223.159103,0.0,-3.0,-36.0
1776886223.1701028,-5.0,2.0,-43.0
1776886223.179103,-8.0,3.0,-44.0
1776886223.1891026,-7.0,2.0,-48.0
1776886223.1991026,-4.0,5.0,-54.0
1776886223.2091026,-1.0,5.0,-53.0
1776886223.2191026,1.0,2.0,-47.0
1776886223.2291028,3.0,0.0,-40.0
1776886223.2391028,3.0,1.0,-45.0
1776886223.2491028,4.0,4.0,-43.0
1776886223.2591028,0.0,3.0,-40.0
1776886223.2691028,1.0,1.0,-39.0
1776886223.2791028,1.0,0.0,-41.0
1776886223.2891028,0.0,2.0,-46.0
1776886223.2991028,1.0,4.0,-47.0
1776886223.3091028,0.0,1.0,-51.0
1776886223.3191028,0.0,1.0,-50.0
1776886223.3291028,3.0,2.0,-48.0
1776886223.3391027,0.0,0.0,-44.0
1776886223.3491027,2.0,-2.0,-50.0
1776886223.3591027,0.0,0.0,-50.0
1776886223.3691027,1.0,-4.0,-44.0
1776886223.3791027,3.0,-5.0,-46.0
1776886223.3891027,2.0,-2.0,-45.0
1776886223.3991027,0.0,0.0,-43.0
1776886223.409103,4.0,-2.0,-40.0
1776886223.419103,0.0,-1.0,-44.0
1776886223.429103,1.0,-4.0,-44.0
1776886223.4391026,4.0,-2.0,-45.0
1776886223.4491026,3.0,-3.0,-50.0
1776886223.4591026,0.0,-6.0,-44.0
1776886223.4691026,0.0,-4.0,-39.0
1776886223.4791028,4.0,-1.0,-41.0
1776886223.4891028,1.0,1.0,-39.0
1776886223.4991028,3.0,3.0,-39.0
1776886223.5091028,1.0,-1.0,-37.0
1776886223.5191028,5.0,-3.0,-33.0
1776886223.5291028,6.0,-1.0,-35.0
1776886223.5391028,0.0,-4.0,-31.0
1776886223.5491028,0.0,-4.0,-35.0
1776886223.5591028,0.0,-4.0,-38.0
1776886223.5691028,-3.0,-4.0,-42.0
1776886223.5791028,0.0,-2.0,-50.0
1776886223.5891027,1.0,-5.0,-48.0
1776886223.5991027,-5.0,-4.0,-54.0
1776886223.6091027,-4.0,-2.0,-42.0
1776886223.6191027,2.0,-1.0,-46.0
1776886223.6291027,3.0,-1.0,-47.0
1776886223.6391027,0.0,0.0,-50.0
1776886223.6491027,-3.0,4.0,-48.0
1776886223.659103,-4.0,1.0,-48.0
1776886223.669103,1.0,-2.0,-43.0
1776886223.679103,3.0,-5.0,-42.0
1776886223.6891026,0.0,-2.0,-45.0
1776886223.6991026,4.0,-2.0,-39.0
1776886223.7091026,9.0,0.0,-39.0
1776886223.7191026,4.0,-2.0,-40.0
1776886223.7291028,5.0,-3.0,-42.0
1776886223.7391028,1.0,-4.0,-45.0
1776886223.7491028,2.0,0.0,-38.0
1776886223.7591028,5.0,2.0,-42.0
1776886223.7691028,1.0,0.0,-45.0
1776886223.7791028,-1.0,4.0,-45.0
1776886223.7891028,0.0,5.0,-42.0
1776886223.7991028,-4.0,0.0,-45.0
1776886223.8091028,-5.0,-1.0,-45.0
1776886223.8191028,-5.0,-1.0,-48.0
1776886223.8291028,1.0,0.0,-40.0
1776886223.8391027,3.0,3.0,-42.0
1776886223.8491027,0.0,7.0,-48.0
1776886223.8591027,-2.0,6.0,-47.0
1776886223.8691027,0.0,7.0,-42.0
1776886223.8801026,3.0,4.0,-40.0
1776886223.8891027,0.0,2.0,-36.0
1776886223.8991027,2.0,0.0,-36.0
1776886223.9101028,3.0,-1.0,-31.0
1776886223.9201028,3.0,-2.0,-32.0
1776886223.9301028,2.0,2.0,-30.0
1776886223.9401028,2.0,4.0,-24.0
1776886223.9501028,1.0,1.0,-27.0
1776886223.9601028,6.0,0.0,-29.0
1776886223.9701028,6.0,1.0,-31.0
1776886223.9801028,7.0,5.0,-29.0
1776886223.9901028,8.0,2.0,-33.0
1776886224.0001028,2.0,0.0,-41.0
1776886224.0101027,-2.0,-3.0,-34.0
1776886224.0201027,2.0,0.0,-40.0
1776886224.0301027,1.0,-5.0,-35.0
1776886224.0401027,0.0,-4.0,-32.0
1776886224.0501027,0.0,-3.0,-28.0
1776886224.0601027,1.0,-4.0,-29.0
1776886224.0701027,2.0,-7.0,-34.0
1776886224.0801027,6.0,-7.0,-39.0
1776886224.090103,7.0,-5.0,-42.0
1776886224.100103,7.0,0.0,-41.0
1776886224.110103,5.0,0.0,-44.0
1776886224.1201026,9.0,5.0,-48.0
1776886224.1301026,11.0,5.0,-47.0
1776886224.1401026,9.0,2.0,-44.0
1776886224.1501029,10.0,0.0,-44.0
1776886224.1601028,13.0,-1.0,-36.0
1776886224.1701028,9.0,-1.0,-33.0
1776886224.1801028,5.0,0.0,-28.0
1776886224.1901028,6.0,-2.0,-23.0
1776886224.2001028,0.0,-6.0,-27.0
1776886224.2101028,-3.0,-7.0,-25.0
1776886224.2201028,-3.0,-6.0,-23.0
1776886224.2301028,-5.0,-5.0,-33.0
1776886224.2401028,-3.0,-1.0,-42.0
1776886224.2501028,0.0,0.0,-45.0
1776886224.2601027,3.0,0.0,-48.0
1776886224.2701027,3.0,0.0,-45.0
1776886224.2801027,3.0,1.0,-45.0
1776886224.2901027,3.0,1.0,-44.0
1776886224.3001027,5.0,2.0,-44.0
1776886224.3101027,0.0,3.0,-41.0
1776886224.3201027,3.0,0.0,-34.0
1776886224.3301027,3.0,3.0,-37.0
1776886224.340103,2.0,7.0,-46.0
1776886224.350103,0.0,9.0,-47.0
1776886224.360103,3.0,7.0,-45.0
1776886224.3701026,2.0,5.0,-46.0
1776886224.3801026,2.0,1.0,-47.0
1776886224.3901026,8.0,-2.0,-41.0
1776886224.4001029,7.0,0.0,-35.0
1776886224.4101028,8.0,1.0,-33.0
1776886224.4201028,6.0,-1.0,-38.0
1776886224.4301028,6.0,-1.0,-40.0
1776886224.4401028,8.0,0.0,-41.0
1776886224.4501028,8.0,1.0,-38.0
1776886224.4601028,6.0,0.0,-40.0
1776886224.4701028,4.0,0.0,-39.0
1776886224.4801028,3.0,2.0,-38.0
1776886224.4901028,4.0,0.0,-42.0
1776886224.5001028,1.0,1.0,-42.0
1776886224.5101027,4.0,4.0,-40.0
1776886224.5201027,2.0,6.0,-39.0
1776886224.5301027,2.0,1.0,-38.0
1776886224.5401027,3.0,-2.0,-34.0
1776886224.5501027,3.0,-2.0,-36.0
1776886224.5601027,2.0,0.0,-43.0
1776886224.5701027,3.0,0.0,-42.0
1776886224.5801027,4.0,1.0,-50.0
1776886224.590103,0.0,1.0,-41.0
1776886224.600103,2.0,1.0,-42.0
1776886224.610103,0.0,3.0,-50.0
1776886224.6201026,0.0,0.0,-49.0
1776886224.6301026,-1.0,-1.0,-49.0
1776886224.6401026,0.0,-4.0,-52.0
1776886224.6501029,0.0,-2.0,-51.0
1776886224.6601028,-2.0,-1.0,-56.0
1776886224.6701028,-3.0,-3.0,-53.0
1776886224.6801028,-8.0,-2.0,-46.0
1776886224.6901028,-7.0,-3.0,-40.0
1776886224.7001028,-5.0,-2.0,-36.0
1776886224.7101028,-2.0,-3.0,-36.0
1776886224.7201028,0.0,-2.0,-38.0
1776886224.7301028,2.0,-4.0,-42.0
1776886224.7401028,0.0,-6.0,-42.0
1776886224.7501028,0.0,-3.0,-44.0
1776886224.7601027,0.0,-5.0,-38.0
1776886224.7701027,0.0,-2.0,-33.0
1776886224.7801027,-6.0,1.0,-34.0
1776886224.7901027,-9.0,3.0,-31.0
1776886224.8001027,-7.0,7.0,-29.0
1776886224.8101027,-6.0,4.0,-28.0
1776886224.8201027,-4.0,0.0,-31.0
1776886224.8301027,-2.0,-5.0,-33.0
1776886224.840103,-2.0,-5.0,-36.0
1776886224.850103,0.0,-5.0,-36.0
1776886224.860103,1.0,-5.0,-34.0
1776886224.8701026,-2.0,-5.0,-37.0
1776886224.8801026,1.0,-4.0,-41.0
1776886224.8901026,5.0,-3.0,-38.0
1776886224.9001029,7.0,-3.0,-33.0
1776886224.9101028,10.0,-2.0,-33.0
1776886224.9201028,8.0,0.0,-35.0
1776886224.9301028,5.0,-3.0,-38.0
1776886224.9401028,0.0,-1.0,-33.0
1776886224.9501028,0.0,0.0,-32.0
1776886224.9601028,-4.0,-1.0,-38.0
1776886224.9701028,-7.0,-1.0,-34.0
1776886224.9801028,-3.0,1.0,-32.0
1776886224.9901028,0.0,0.0,-36.0
1776886225.0001028,1.0,0.0,-42.0
1776886225.0101027,0.0,1.0,-39.0
1776886225.0201027,0.0,0.0,-46.0
1776886225.0301027,3.0,0.0,-47.0
1776886225.0401027,3.0,0.0,-44.0
1776886225.0501027,2.0,1.0,-35.0
1776886225.0601027,3.0,4.0,-37.0
1776886225.0701027,3.0,5.0,-45.0
1776886225.0801027,5.0,3.0,-40.0
1776886225.090103,6.0,3.0,-40.0
1776886225.100103,4.0,0.0,-41.0
1776886225.110103,0.0,0.0,-48.0
1776886225.1201026,-1.0,-1.0,-34.0
1776886225.1301026,0.0,-2.0,-33.0
1776886225.1401026,0.0,0.0,-37.0
1776886225.1501029,0.0,0.0,-41.0
1776886225.1601028,-3.0,-3.0,-37.0
1776886225.1701028,-5.0,-4.0,-37.0
1776886225.1801028,-5.0,-5.0,-42.0
1776886225.1901028,-2.0,-3.0,-38.0
1776886225.2001028,-7.0,-5.0,-39.0
1776886225.2101028,-7.0,-6.0,-31.0
1776886225.2201028,-5.0,-1.0,-30.0
1776886225.2301028,-5.0,-1.0,-33.0
1776886225.2401028,-4.0,-4.0,-30.0
1776886225.2501028,-4.0,-5.0,-34.0
1776886225.2601027,-6.0,-3.0,-33.0
1776886225.2701027,-1.0,-1.0,-36.0
1776886225.2801027,-3.0,-3.0,-38.0
1776886225.2901027,-3.0,-2.0,-42.0
1776886225.3001027,-2.0,3.0,-44.0
1776886225.3101027,1.0,3.0,-41.0
1776886225.3201027,5.0,1.0,-32.0
1776886225.3301027,6.0,2.0,-30.0
1776886225.340103,12.0,0.0,-33.0
1776886225.350103,10.0,-1.0,-39.0
1776886225.360103,6.0,-2.0,-38.0
1776886225.3701026,5.0,0.0,-32.0
1776886225.3801026,2.0,1.0,-39.0
1776886225.3901026,-1.0,0.0,-41.0
1776886225.4001029,3.0,-4.0,-46.0
1776886225.4101028,5.0,1.0,-44.0
1776886225.4201028,6.0,0.0,-40.0
1776886225.4301028,6.0,0.0,-42.0
1776886225.4401028,5.0,3.0,-39.0
1776886225.4501028,3.0,3.0,-41.0
1776886225.4601028,3.0,-1.0,-39.0
1776886225.4701028,3.0,-4.0,-42.0
1776886225.4801028,1.0,-3.0,-46.0
1776886225.4901028,1.0,-2.0,-45.0
1776886225.5001028,1.0,-5.0,-41.0
1776886225.5101027,0.0,-2.0,-38.0
1776886225.5201027,0.0,-2.0,-40.0
1776886225.5301027,1.0,-2.0,-46.0
1776886225.5401027,1.0,1.0,-41.0
1776886225.5501027,2.0,5.0,-40.0
1776886225.5601027,-2.0,5.0,-39.0
1776886225.5701027,-2.0,0.0,-38.0
1776886225.5801027,0.0,0.0,-40.0
1776886225.590103,2.0,0.0,-34.0
1776886225.600103,1.0,-2.0,-30.0
1776886225.610103,-2.0,-5.0,-37.0
1776886225.6201026,-3.0,-6.0,-42.0
1776886225.6301026,-2.0,-7.0,-40.0
1776886225.6401026,-2.0,-3.0,-35.0
1776886225.6501029,0.0,-4.0,-35.0
1776886225.6601028,0.0,-6.0,-34.0
1776886225.6701028,-2.0,-4.0,-34.0
1776886225.6801028,-2.0,-5.0,-42.0
1776886225.6901028,-5.0,-3.0,-41.0
1776886225.7001028,-4.0,-3.0,-35.0
1776886225.7101028,-3.0,-7.0,-33.0
1776886225.7201028,-6.0,-7.0,-36.0
1776886225.7301028,-8.0,-6.0,-37.0
1776886225.7401028,-5.0,-4.0,-40.0
1776886225.7501028,-5.0,-2.0,-37.0
1776886225.7601027,-6.0,-3.0,-37.0
1776886225.7701027,-4.0,-4.0,-38.0
1776886225.7801027,-1.0,-6.0,-38.0
1776886225.7901027,-2.0,-4.0,-36.0
1776886225.8001027,-4.0,-4.0,-33.0
1776886225.8101027,-4.0,-4.0,-33.0
1776886225.8201027,-1.0,-7.0,-38.0
1776886225.8301027,-2.0,-6.0,-43.0
1776886225.840103,-2.0,-5.0,-44.0
1776886225.850103,-2.0,-6.0,-40.0
1776886225.8611028,1.0,-7.0,-36.0
1776886225.8711028,0.0,-8.0,-35.0
1776886225.8801026,2.0,-7.0,-38.0
1776886225.8911028,0.0,-5.0,-37.0
1776886225.9011028,3.0,-8.0,-30.0
1776886225.9111028,1.0,-10.0,-30.0
1776886225.9211028,5.0,-4.0,-33.0
1776886225.9311028,3.0,-1.0,-33.0
1776886225.9411027,0.0,1.0,-37.0
1776886225.9511027,0.0,1.0,-40.0
1776886225.9611027,0.0,-2.0,-41.0
1776886225.9711027,2.0,-3.0,-43.0
1776886225.9811027,5.0,-6.0,-43.0
1776886225.9911027,11.0,-7.0,-41.0
1776886226.0011027,3.0,-7.0,-39.0
1776886226.011103,4.0,-6.0,-40.0
1776886226.021103,8.0,-4.0,-35.0
1776886226.031103,8.0,0.0,-40.0
1776886226.0411026,3.0,0.0,-49.0
1776886226.0511026,6.0,0.0,-50.0
1776886226.0611026,4.0,0.0,-42.0
1776886226.0711029,5.0,-1.0,-35.0
1776886226.0811028,2.0,-3.0,-33.0
1776886226.0911028,0.0,1.0,-27.0
1776886226.1011028,2.0,0.0,-32.0
1776886226.1111028,1.0,0.0,-34.0
1776886226.1211028,4.0,-2.0,-33.0
1776886226.1311028,5.0,-5.0,-32.0
1776886226.1411028,3.0,-6.0,-30.0
1776886226.1511028,7.0,-6.0,-34.0
1776886226.1611028,7.0,-7.0,-32.0
1776886226.1711028,3.0,-6.0,-38.0
1776886226.1811028,3.0,-7.0,-35.0
1776886226.1911027,0.0,-4.0,-37.0
1776886226.2011027,1.0,-4.0,-33.0
1776886226.2111027,3.0,-7.0,-36.0
1776886226.2211027,0.0,-8.0,-39.0
1776886226.2311027,0.0,-7.0,-44.0
1776886226.2411027,0.0,-5.0,-42.0
1776886226.2511027,-1.0,-4.0,-42.0
1776886226.261103,-1.0,-4.0,-39.0
1776886226.271103,-6.0,0.0,-41.0
1776886226.281103,-2.0,0.0,-40.0
1776886226.2911026,5.0,-1.0,-39.0
1776886226.3011026,4.0,0.0,-36.0
1776886226.3111026,0.0,-1.0,-36.0
1776886226.3211029,-1.0,-3.0,-34.0
1776886226.3311028,-2.0,-4.0,-34.0
1776886226.3411028,-2.0,-4.0,-36.0
1776886226.3511028,-1.0,-7.0,-35.0
1776886226.3611028,-5.0,-7.0,-34.0
1776886226.3711028,-3.0,-4.0,-35.0
1776886226.3811028,-1.0,-4.0,-33.0
1776886226.3911028,-5.0,-6.0,-32.0
1776886226.4011028,-6.0,-6.0,-37.0
1776886226.4111028,-4.0,-8.0,-32.0
1776886226.4211028,-2.0,-5.0,-35.0
1776886226.4311028,-1.0,-4.0,-37.0
1776886226.4411027,0.0,-3.0,-36.0
1776886226.4511027,0.0,-1.0,-35.0
1776886226.4611027,-2.0,0.0,-28.0
1776886226.4711027,-1.0,-1.0,-27.0
1776886226.4811027,3.0,-2.0,-20.0
1776886226.4911027,3.0,0.0,-20.0
1776886226.5011027,3.0,2.0,-18.0
1776886226.511103,7.0,2.0,-20.0
1776886226.521103,8.0,2.0,-33.0
1776886226.531103,8.0,0.0,-37.0
1776886226.5411026,6.0,-2.0,-38.0
1776886226.5511026,6.0,-3.0,-41.0
1776886226.5611026,4.0,-7.0,-44.0
1776886226.5711029,6.0,-7.0,-39.0
1776886226.5811028,2.0,-9.0,-33.0
1776886226.5911028,2.0,-11.0,-38.0
1776886226.6011028,3.0,-12.0,-42.0
1776886226.6111028,4.0,-7.0,-37.0
1776886226.6211028,3.0,-3.0,-38.0
1776886226.6311028,4.0,-5.0,-40.0
1776886226.6411028,2.0,-4.0,-40.0
1776886226.6511028,6.0,-6.0,-39.0
1776886226.6611028,3.0,-7.0,-38.0
1776886226.6711028,3.0,-8.0,-38.0
1776886226.6811028,2.0,-3.0,-36.0
1776886226.6911027,2.0,-2.0,-40.0
1776886226.7011027,0.0,0.0,-41.0
1776886226.7111027,-1.0,-1.0,-42.0
1776886226.7211027,-1.0,-3.0,-42.0
1776886226.7311027,0.0,-1.0,-43.0
1776886226.7411027,0.0,0.0,-49.0
1776886226.7511027,-5.0,0.0,-43.0
1776886226.761103,0.0,0.0,-44.0
1776886226.771103,-3.0,2.0,-45.0
1776886226.781103,0.0,8.0,-36.0
1776886226.7911026,3.0,6.0,-34.0
1776886226.8011026,4.0,8.0,-32.0
1776886226.8111026,6.0,7.0,-34.0
1776886226.8211029,6.0,4.0,-41.0
1776886226.8311028,4.0,4.0,-44.0
1776886226.8411028,4.0,4.0,-48.0
1776886226.8511028,0.0,4.0,-56.0
1776886226.8611028,0.0,4.0,-59.0
1776886226.8711028,2.0,5.0,-62.0
1776886226.8811028,0.0,6.0,-61.0
1776886226.8911028,-3.0,4.0,-55.0
1776886226.9011028,-3.0,1.0,-50.0
1776886226.9111028,2.0,-3.0,-45.0
1776886226.9211028,1.0,-4.0,-43.0
1776886226.9311028,0.0,-2.0,-45.0
1776886226.9411027,0.0,-1.0,-48.0
1776886226.9511027,0.0,0.0,-52.0
1776886226.9611027,1.0,3.0,-47.0
1776886226.9711027,-1.0,2.0,-52.0
1776886226.9811027,0.0,2.0,-50.0
1776886226.9911027,1.0,0.0,-46.0
1776886227.0011027,-1.0,-2.0,-33.0
1776886227.011103,-1.0,0.0,-36.0
1776886227.021103,-1.0,-2.0,-36.0
1776886227.031103,1.0,0.0,-34.0
1776886227.0411026,-2.0,-1.0,-36.0
1776886227.0511026,-4.0,-3.0,-34.0
1776886227.0611026,0.0,-2.0,-26.0
1776886227.0711029,1.0,3.0,-28.0
1776886227.0811028,0.0,0.0,-33.0
1776886227.0911028,0.0,0.0,-35.0
1776886227.1011028,0.0,0.0,-40.0
1776886227.1111028,0.0,0.0,-47.0
1776886227.1211028,4.0,0.0,-42.0
1776886227.1311028,4.0,-2.0,-38.0
1776886227.1411028,5.0,-5.0,-38.0
1776886227.1511028,5.0,-1.0,-38.0
1776886227.1611028,2.0,1.0,-43.0
1776886227.1711028,1.0,-1.0,-44.0
1776886227.1811028,4.0,-4.0,-51.0
1776886227.1911027,8.0,-5.0,-50.0
1776886227.2011027,8.0,-4.0,-46.0
1776886227.2111027,6.0,-8.0,-44.0
1776886227.2211027,7.0,-6.0,-38.0
1776886227.2311027,5.0,-2.0,-42.0
1776886227.2411027,4.0,0.0,-46.0
1776886227.2511027,6.0,1.0,-45.0
1776886227.261103,3.0,2.0,-48.0
1776886227.271103,0.0,0.0,-41.0
1776886227.281103,2.0,1.0,-33.0
1776886227.2911026,0.0,1.0,-32.0
1776886227.3011026,-1.0,2.0,-32.0
1776886227.3111026,-1.0,0.0,-36.0
1776886227.3211029,0.0,4.0,-40.0
1776886227.3311028,-1.0,5.0,-49.0
1776886227.3411028,-4.0,0.0,-53.0
1776886227.3511028,-5.0,-2.0,-53.0
1776886227.3611028,0.0,-1.0,-54.0
1776886227.3711028,0.0,4.0,-50.0
1776886227.3811028,0.0,6.0,-45.0
1776886227.3911028,0.0,3.0,-37.0
1776886227.4011028,0.0,-1.0,-35.0
1776886227.4111028,1.0,-1.0,-35.0
1776886227.4211028,-1.0,-1.0,-42.0
1776886227.4311028,-1.0,-2.0,-44.0
1776886227.4411027,1.0,-2.0,-47.0
1776886227.4511027,0.0,1.0,-53.0
1776886227.4611027,0.0,-1.0,-53.0
1776886227.4711027,0.0,0.0,-53.0
1776886227.4811027,2.0,-1.0,-50.0
1776886227.4911027,-2.0,0.0,-48.0
1776886227.5011027,0.0,1.0,-48.0
1776886227.511103,0.0,1.0,-56.0
1776886227.521103,-4.0,0.0,-60.0
1776886227.531103,-4.0,0.0,-56.0
1776886227.5411026,-2.0,4.0,-54.0
1776886227.5511026,0.0,4.0,-52.0
1776886227.5611026,0.0,4.0,-47.0
1776886227.5711029,2.0,5.0,-47.0
1776886227.5811028,0.0,1.0,-48.0
1776886227.5911028,-2.0,-2.0,-53.0
1776886227.6011028,-4.0,1.0,-51.0
1776886227.6111028,-4.0,0.0,-47.0
1776886227.6211028,1.0,-1.0,-45.0
1776886227.6311028,0.0,-1.0,-36.0
1776886227.6411028,0.0,-1.0,-31.0
1776886227.6511028,1.0,0.0,-41.0
1776886227.6611028,2.0,-4.0,-42.0
1776886227.6711028,0.0,-2.0,-43.0
1776886227.6811028,3.0,1.0,-43.0
1776886227.6911027,5.0,0.0,-37.0
1776886227.7011027,5.0,-2.0,-33.0
1776886227.7111027,1.0,-3.0,-24.0
1776886227.7211027,3.0,-2.0,-27.0
1776886227.7311027,8.0,-4.0,-30.0
1776886227.7411027,3.0,0.0,-33.0
1776886227.7511027,0.0,-2.0,-38.0
1776886227.761103,-1.0,-3.0,-38.0
1776886227.771103,1.0,-6.0,-40.0
1776886227.781103,1.0,-5.0,-43.0
1776886227.7911026,6.0,-9.0,-47.0
1776886227.8011026,4.0,-8.0,-46.0
1776886227.8121028,0.0,-4.0,-45.0
1776886227.8211029,2.0,-9.0,-38.0
1776886227.8311028,0.0,-8.0,-37.0
1776886227.8411028,-4.0,-6.0,-45.0
1776886227.8511028,-7.0,-5.0,-43.0
1776886227.8621027,-5.0,-2.0,-44.0
1776886227.8721027,-7.0,-1.0,-47.0
1776886227.8821027,-6.0,-2.0,-45.0
1776886227.8921027,-3.0,-5.0,-42.0
1776886227.9021027,-5.0,-8.0,-38.0
1776886227.9121027,0.0,-9.0,-37.0
1776886227.9221027,-1.0,-8.0,-26.0
1776886227.932103,-1.0,-8.0,-32.0
1776886227.942103,-2.0,-7.0,-35.0
1776886227.952103,2.0,-4.0,-38.0
1776886227.962103,1.0,-5.0,-37.0
1776886227.9721026,-3.0,-1.0,-38.0
1776886227.9831028,1.0,-1.0,-41.0
1776886227.9921026,1.0,0.0,-43.0
1776886228.0021029,0.0,0.0,-52.0
1776886228.0121028,4.0,0.0,-55.0
1776886228.0221028,5.0,1.0,-54.0
1776886228.0321028,7.0,0.0,-52.0
1776886228.0421028,10.0,-2.0,-47.0
1776886228.0521028,7.0,-4.0,-47.0
1776886228.0621028,4.0,-2.0,-50.0
1776886228.0721028,1.0,0.0,-54.0
1776886228.0821028,4.0,0.0,-54.0
1776886228.0921028,3.0,-2.0,-57.0
1776886228.1021028,3.0,-2.0,-48.0
1776886228.1121027,4.0,-1.0,-48.0
1776886228.1221027,4.0,1.0,-51.0
1776886228.1321027,0.0,3.0,-52.0
1776886228.1421027,3.0,1.0,-44.0
1776886228.1521027,9.0,-1.0,-42.0
1776886228.1621027,4.0,-3.0,-37.0
1776886228.1721027,4.0,-3.0,-41.0
1776886228.182103,6.0,1.0,-44.0
1776886228.192103,4.0,3.0,-45.0
1776886228.202103,10.0,3.0,-50.0
1776886228.212103,4.0,1.0,-52.0
1776886228.2221026,6.0,-1.0,-47.0
1776886228.2321026,3.0,-3.0,-47.0
1776886228.2421026,10.0,-3.0,-43.0
1776886228.2521029,12.0,0.0,-44.0
1776886228.2621028,10.0,-2.0,-47.0
1776886228.2721028,9.0,-1.0,-44.0
1776886228.2821028,0.0,1.0,-40.0
1776886228.2921028,0.0,2.0,-41.0
1776886228.3021028,-1.0,0.0,-37.0
1776886228.3121028,0.0,0.0,-36.0
1776886228.3221028,-1.0,0.0,-37.0
1776886228.3321028,0.0,-3.0,-41.0
1776886228.3421028,-5.0,-5.0,-39.0
1776886228.3521028,-7.0,-5.0,-39.0
1776886228.3621027,-10.0,-3.0,-35.0
1776886228.3721027,-4.0,-1.0,-32.0
1776886228.3821027,-2.0,-4.0,-26.0
1776886228.3921027,0.0,-8.0,-31.0
1776886228.4021027,-4.0,-9.0,-31.0
1776886228.4121027,-2.0,-8.0,-29.0
1776886228.4221027,-3.0,-9.0,-32.0
1776886228.432103,-1.0,-6.0,-32.0
1776886228.442103,0.0,-5.0,-34.0
1776886228.452103,1.0,-7.0,-31.0
1776886228.462103,-2.0,-5.0,-25.0
1776886228.4721026,-4.0,-5.0,-31.0
1776886228.4821026,0.0,-5.0,-30.0
1776886228.4921026,-4.0,-6.0,-20.0
1776886228.5021029,0.0,-6.0,-24.0
1776886228.5121028,2.0,-9.0,-24.0
1776886228.5221028,5.0,-6.0,-29.0
1776886228.5321028,3.0,-7.0,-31.0
1776886228.5421028,4.0,-12.0,-30.0
1776886228.5521028,1.0,-12.0,-35.0
1776886228.5621028,0.0,-8.0,-42.0
1776886228.5721028,0.0,-4.0,-42.0
1776886228.5821028,-1.0,-3.0,-39.0
1776886228.5921028,-1.0,0.0,-43.0
1776886228.6021028,-4.0,0.0,-39.0
1776886228.6121027,-2.0,0.0,-31.0
1776886228.6221027,0.0,-1.0,-29.0
1776886228.6321027,-1.0,-2.0,-32.0
1776886228.6421027,0.0,-2.0,-32.0
1776886228.6521027,-1.0,-3.0,-32.0
1776886228.6621027,-1.0,-3.0,-36.0
1776886228.6721027,-3.0,-1.0,-38.0
1776886228.682103,-4.0,-1.0,-37.0
1776886228.692103,-4.0,3.0,-37.0
1776886228.702103,-4.0,6.0,-40.0
1776886228.712103,-3.0,3.0,-40.0
1776886228.7221026,-3.0,0.0,-40.0
1776886228.7321026,-3.0,-3.0,-40.0
1776886228.7421026,-7.0,-6.0,-42.0
1776886228.7521029,-7.0,-6.0,-46.0
1776886228.7621028,0.0,-2.0,-38.0
1776886228.7721028,-2.0,-3.0,-37.0
1776886228.7821028,1.0,-3.0,-40.0
1776886228.7921028,3.0,-6.0,-35.0
1776886228.8021028,5.0,-9.0,-37.0
1776886228.8121028,7.0,-5.0,-44.0
1776886228.8221028,0.0,-4.0,-45.0
1776886228.8321028,1.0,-8.0,-39.0
1776886228.8421028,2.0,-7.0,-43.0
1776886228.8521028,0.0,-8.0,-44.0
1776886228.8621027,-1.0,-8.0,-39.0
1776886228.8721027,2.0,-8.0,-31.0
1776886228.8821027,3.0,-9.0,-30.0
1776886228.8921027,-1.0,-11.0,-29.0
1776886228.9021027,-1.0,-12.0,-29.0
1776886228.9121027,3.0,-7.0,-26.0
1776886228.9221027,7.0,-1.0,-22.0
1776886228.932103,6.0,0.0,-24.0
1776886228.942103,3.0,0.0,-27.0
1776886228.952103,-1.0,2.0,-31.0
1776886228.962103,0.0,2.0,-25.0
1776886228.9721026,0.0,1.0,-34.0
1776886228.9821026,0.0,4.0,-30.0
1776886228.9921026,-3.0,-3.0,-31.0
1776886229.0021029,1.0,-1.0,-34.0
1776886229.0121028,0.0,-3.0,-40.0
1776886229.0221028,2.0,-3.0,-36.0
1776886229.0321028,5.0,-5.0,-41.0
1776886229.0421028,7.0,-5.0,-42.0
1776886229.0521028,1.0,-1.0,-49.0
1776886229.0621028,7.0,-3.0,-49.0
1776886229.0721028,6.0,-7.0,-51.0
1776886229.0821028,6.0,-3.0,-49.0
1776886229.0921028,2.0,-3.0,-51.0
1776886229.1021028,1.0,-3.0,-50.0
1776886229.1121027,3.0,-5.0,-44.0
1776886229.1221027,4.0,-7.0,-42.0
1776886229.1321027,4.0,-5.0,-41.0
1776886229.1421027,4.0,-8.0,-42.0
1776886229.1521027,6.0,-4.0,-48.0
1776886229.1621027,8.0,-1.0,-47.0
1776886229.1721027,6.0,0.0,-35.0
1776886229.182103,9.0,-3.0,-31.0
1776886229.192103,6.0,-5.0,-30.0
1776886229.202103,6.0,-1.0,-28.0
1776886229.212103,4.0,1.0,-29.0
1776886229.2221026,4.0,0.0,-31.0
1776886229.2321026,2.0,3.0,-32.0
1776886229.2421026,2.0,4.0,-34.0
1776886229.2521029,0.0,3.0,-30.0
1776886229.2621028,0.0,-2.0,-27.0
1776886229.2721028,0.0,-1.0,-30.0
1776886229.2821028,0.0,-6.0,-36.0
1776886229.2921028,0.0,-6.0,-34.0
1776886229.3021028,0.0,-4.0,-30.0
1776886229.3121028,2.0,-1.0,-31.0
1776886229.3221028,3.0,2.0,-32.0
1776886229.3321028,0.0,2.0,-34.0
1776886229.3421028,1.0,6.0,-31.0
1776886229.3521028,2.0,6.0,-29.0
1776886229.3621027,4.0,4.0,-31.0
1776886229.3721027,9.0,3.0,-30.0
1776886229.3821027,10.0,0.0,-32.0
1776886229.3921027,7.0,-1.0,-29.0
1776886229.4021027,1.0,-2.0,-35.0
1776886229.4121027,3.0,1.0,-37.0
1776886229.4221027,2.0,4.0,-34.0
1776886229.432103,0.0,4.0,-30.0
1776886229.442103,0.0,6.0,-27.0
1776886229.452103,-3.0,4.0,-33.0
1776886229.462103,-4.0,1.0,-31.0
1776886229.4721026,0.0,-2.0,-35.0
1776886229.4821026,4.0,-1.0,-41.0
1776886229.4921026,4.0,0.0,-38.0
1776886229.5021029,7.0,4.0,-41.0
1776886229.5121028,7.0,3.0,-35.0
1776886229.5221028,3.0,0.0,-35.0
1776886229.5321028,2.0,-3.0,-36.0
1776886229.5421028,3.0,-4.0,-36.0
1776886229.5521028,8.0,-4.0,-38.0
1776886229.5621028,8.0,-2.0,-40.0
1776886229.5721028,6.0,0.0,-33.0
1776886229.5821028,2.0,-2.0,-32.0
1776886229.5921028,0.0,-1.0,-30.0
1776886229.6021028,-1.0,1.0,-38.0
1776886229.6121027,0.0,2.0,-40.0
1776886229.6221027,-1.0,0.0,-48.0
1776886229.6321027,-3.0,-2.0,-49.0
1776886229.6421027,-3.0,1.0,-50.0
1776886229.6521027,-5.0,0.0,-45.0
1776886229.6621027,-1.0,-4.0,-45.0
1776886229.6721027,-1.0,-1.0,-47.0
1776886229.682103,1.0,-2.0,-39.0
1776886229.692103,-1.0,0.0,-44.0
1776886229.702103,1.0,-2.0,-48.0
1776886229.712103,-1.0,-4.0,-43.0
1776886229.7221026,-3.0,-4.0,-39.0
1776886229.7321026,2.0,-1.0,-40.0
1776886229.7421026,3.0,-3.0,-38.0
1776886229.7521029,3.0,-6.0,-32.0
1776886229.7621028,1.0,-6.0,-31.0
1776886229.7721028,0.0,-10.0,-34.0
1776886229.7821028,0.0,-9.0,-36.0
1776886229.7921028,0.0,-6.0,-29.0
1776886229.8021028,3.0,-6.0,-31.0
1776886229.8121028,4.0,-8.0,-28.0
1776886229.8221028,8.0,-7.0,-34.0
1776886229.8321028,11.0,-7.0,-34.0
1776886229.8421028,10.0,-6.0,-41.0
1776886229.8521028,6.0,-6.0,-41.0
1776886229.8621027,7.0,-6.0,-31.0
1776886229.8721027,12.0,-4.0,-27.0
1776886229.883103,14.0,-5.0,-34.0
1776886229.8931026,9.0,-4.0,-45.0
1776886229.9031026,4.0,-3.0,-45.0
1776886229.9131026,5.0,-3.0,-40.0
1776886229.9231029,6.0,0.0,-42.0
1776886229.9331028,3.0,6.0,-39.0
1776886229.9431028,1.0,5.0,-36.0
1776886229.9531028,2.0,6.0,-34.0
1776886229.9631028,2.0,5.0,-35.0
1776886229.9731028,-3.0,1.0,-36.0
1776886229.9831028,-2.0,0.0,-39.0
1776886229.9931028,-5.0,3.0,-37.0
1776886230.0031028,-1.0,0.0,-29.0
1776886230.0131028,-2.0,-2.0,-27.0
1776886230.0231028,-1.0,-4.0,-37.0
1776886230.0331028,0.0,-3.0,-39.0
1776886230.0431027,2.0,-5.0,-46.0
1776886230.0531027,-1.0,-5.0,-47.0
1776886230.0631027,-5.0,-4.0,-45.0
1776886230.0731027,-6.0,-2.0,-40.0
1776886230.0831027,-6.0,-6.0,-44.0
1776886230.0931027,-2.0,-6.0,-42.0
1776886230.1031027,-4.0,-3.0,-45.0
1776886230.113103,-3.0,0.0,-50.0
1776886230.123103,-3.0,-1.0,-51.0
1776886230.133103,-1.0,-2.0,-49.0
1776886230.1431026,-2.0,-1.0,-42.0
1776886230.1531026,-1.0,-1.0,-36.0
1776886230.1631026,-1.0,0.0,-36.0
1776886230.1731029,-2.0,-1.0,-44.0
1776886230.1831028,-2.0,-1.0,-36.0
1776886230.1931028,-1.0,0.0,-31.0
1776886230.2031028,0.0,0.0,-31.0
1776886230.2131028,5.0,-1.0,-40.0
1776886230.2231028,7.0,0.0,-42.0
1776886230.2331028,4.0,0.0,-41.0
1776886230.2431028,0.0,-2.0,-37.0
1776886230.2531028,-1.0,-1.0,-35.0
1776886230.2631028,1.0,-6.0,-37.0
1776886230.2731028,3.0,-8.0,-41.0
1776886230.2831028,3.0,-9.0,-37.0
1776886230.2931027,0.0,-5.0,-34.0
1776886230.3031027,1.0,-1.0,-35.0
1776886230.3131027,4.0,-1.0,-36.0
1776886230.3231027,3.0,-4.0,-36.0
1776886230.3331027,4.0,-5.0,-37.0
1776886230.3431027,4.0,-4.0,-43.0
1776886230.3531027,3.0,-8.0,-43.0
1776886230.363103,-2.0,-11.0,-43.0
1776886230.373103,-2.0,-10.0,-37.0
1776886230.383103,-3.0,-6.0,-36.0
1776886230.3931026,-1.0,-3.0,-37.0
1776886230.4031026,-2.0,-5.0,-38.0
1776886230.4131026,-2.0,-3.0,-34.0
1776886230.4231029,-5.0,-1.0,-40.0
1776886230.4331028,-3.0,-2.0,-38.0
1776886230.4431028,2.0,-2.0,-36.0
1776886230.4531028,0.0,-1.0,-33.0
1776886230.4631028,2.0,1.0,-36.0
1776886230.4731028,0.0,0.0,-35.0
1776886230.4831028,0.0,-2.0,-31.0
1776886230.4931028,0.0,-1.0,-34.0
1776886230.5031028,-3.0,4.0,-38.0
1776886230.5131028,0.0,6.0,-41.0
1776886230.5231028,0.0,5.0,-44.0
1776886230.5331028,0.0,2.0,-42.0
1776886230.5431027,0.0,4.0,-42.0
1776886230.5531027,2.0,7.0,-43.0
1776886230.5631027,0.0,6.0,-40.0
1776886230.5731027,0.0,4.0,-37.0
1776886230.5831027,1.0,4.0,-33.0
1776886230.5931027,1.0,-1.0,-30.0
1776886230.6031027,-4.0,-1.0,-29.0
1776886230.613103,-2.0,-3.0,-29.0
1776886230.623103,-2.0,-5.0,-32.0
1776886230.633103,0.0,-8.0,-31.0
1776886230.6431026,-1.0,-6.0,-30.0
1776886230.6531026,0.0,-1.0,-32.0
1776886230.6631026,-3.0,-1.0,-27.0
1776886230.6731029,0.0,-1.0,-30.0
1776886230.6831028,4.0,0.0,-37.0
1776886230.6931028,3.0,0.0,-33.0
1776886230.7031028,3.0,0.0,-27.0
1776886230.7131028,5.0,2.0,-33.0
1776886230.7231028,4.0,0.0,-37.0
1776886230.7331028,5.0,-1.0,-38.0
1776886230.7431028,6.0,0.0,-38.0
1776886230.7531028,5.0,2.0,-34.0
1776886230.7631028,0.0,-2.0,-35.0
1776886230.7731028,3.0,-6.0,-35.0
1776886230.7831028,3.0,-6.0,-36.0
1776886230.7931027,5.0,-5.0,-41.0
1776886230.8031027,1.0,-3.0,-39.0
1776886230.8131027,-2.0,-1.0,-42.0
1776886230.8231027,0.0,1.0,-42.0
1776886230.8331027,5.0,3.0,-42.0
1776886230.8431027,1.0,0.0,-39.0
1776886230.8531027,3.0,-2.0,-40.0
1776886230.863103,3.0,-4.0,-44.0
1776886230.873103,4.0,-2.0,-42.0
1776886230.883103,3.0,-3.0,-38.0
1776886230.8931026,-1.0,-7.0,-39.0
1776886230.9031026,0.0,-2.0,-38.0
1776886230.9131026,0.0,-6.0,-35.0
1776886230.9231029,0.0,-4.0,-42.0
1776886230.9331028,-2.0,-3.0,-41.0
1776886230.9431028,1.0,-2.0,-41.0
1776886230.9531028,2.0,3.0,-39.0
1776886230.9631028,1.0,1.0,-38.0
1776886230.9731028,1.0,0.0,-34.0
1776886230.9831028,5.0,-2.0,-38.0
1776886230.9931028,5.0,-2.0,-37.0
1776886231.0031028,4.0,-7.0,-45.0
1776886231.0131028,9.0,-5.0,-46.0
1776886231.0231028,5.0,-5.0,-52.0
1776886231.0331028,3.0,-4.0,-53.0
1776886231.0431027,3.0,-4.0,-49.0
1776886231.0531027,5.0,0.0,-41.0
1776886231.0631027,7.0,0.0,-39.0
1776886231.0731027,4.0,1.0,-37.0
1776886231.0831027,4.0,-1.0,-38.0
1776886231.0931027,3.0,-4.0,-36.0
1776886231.1031027,6.0,-3.0,-39.0
1776886231.113103,1.0,-6.0,-42.0
1776886231.123103,2.0,-6.0,-38.0
1776886231.133103,2.0,-2.0,-34.0
1776886231.1431026,1.0,-1.0,-36.0
1776886231.1531026,2.0,-1.0,-33.0
1776886231.1631026,2.0,-1.0,-37.0
1776886231.1731029,2.0,1.0,-43.0
1776886231.1831028,4.0,-2.0,-40.0
1776886231.1931028,0.0,0.0,-42.0
1776886231.2031028,0.0,-1.0,-44.0
1776886231.2131028,-1.0,-3.0,-42.0
1776886231.2231028,-2.0,-2.0,-42.0
1776886231.2331028,2.0,1.0,-41.0
1776886231.2431028,0.0,0.0,-36.0
1776886231.2531028,2.0,3.0,-37.0
1776886231.2631028,3.0,0.0,-28.0
1776886231.2731028,6.0,2.0,-31.0
1776886231.2831028,9.0,4.0,-35.0
1776886231.2931027,6.0,0.0,-40.0
1776886231.3031027,5.0,1.0,-45.0
1776886231.3131027,2.0,1.0,-45.0
1776886231.3231027,6.0,-2.0,-48.0
1776886231.3331027,6.0,-4.0,-46.0
1776886231.3431027,6.0,-3.0,-41.0
1776886231.3531027,1.0,-7.0,-39.0
1776886231.363103,-1.0,-6.0,-44.0
1776886231.373103,-2.0,-2.0,-43.0
1776886231.383103,-2.0,0.0,-39.0
1776886231.3931026,-1.0,1.0,-36.0
1776886231.4031026,2.0,2.0,-35.0
1776886231.4131026,0.0,0.0,-33.0
1776886231.4231029,0.0,-6.0,-37.0
1776886231.4331028,-1.0,-7.0,-40.0
1776886231.4431028,-1.0,-5.0,-38.0
1776886231.4531028,0.0,-3.0,-44.0
1776886231.4631028,1.0,-7.0,-44.0
1776886231.4731028,0.0,-2.0,-43.0
1776886231.4831028,-1.0,-1.0,-38.0
1776886231.4931028,2.0,-1.0,-33.0
1776886231.5031028,5.0,-2.0,-34.0
1776886231.5131028,7.0,-3.0,-34.0
1776886231.5231028,6.0,0.0,-37.0
1776886231.5331028,5.0,2.0,-40.0
1776886231.5431027,8.0,0.0,-32.0
1776886231.5531027,4.0,-2.0,-33.0
1776886231.5631027,1.0,0.0,-37.0
1776886231.5731027,3.0,0.0,-38.0
1776886231.5831027,4.0,1.0,-39.0
1776886231.5931027,3.0,0.0,-37.0
1776886231.6031027,3.0,0.0,-42.0
1776886231.613103,1.0,0.0,-46.0
1776886231.623103,5.0,0.0,-42.0
1776886231.633103,7.0,3.0,-41.0
1776886231.6431026,2.0,6.0,-39.0
1776886231.6531026,3.0,2.0,-39.0
1776886231.6631026,6.0,4.0,-35.0
1776886231.6731029,5.0,2.0,-36.0
1776886231.6831028,0.0,0.0,-41.0
1776886231.6931028,-1.0,1.0,-37.0
1776886231.7031028,-2.0,0.0,-40.0
1776886231.7131028,-2.0,-4.0,-46.0
1776886231.7231028,-7.0,-6.0,-46.0
1776886231.7331028,-11.0,-7.0,-49.0
1776886231.7431028,-12.0,-9.0,-55.0
1776886231.7531028,-11.0,-8.0,-63.0
1776886231.7631028,-11.0,-7.0,-55.0
1776886231.7731028,-8.0,-2.0,-53.0
1776886231.7831028,-7.0,-2.0,-53.0
1776886231.7931027,-2.0,0.0,-49.0
1776886231.8031027,-4.0,-1.0,-49.0
1776886231.8131027,-4.0,1.0,-50.0
1776886231.8231027,-5.0,-1.0,-51.0
1776886231.8331027,-3.0,0.0,-49.0
1776886231.8431027,-5.0,2.0,-47.0
1776886231.8531027,-7.0,-1.0,-43.0
1776886231.8641028,-1.0,0.0,-42.0
1776886231.873103,-1.0,-1.0,-44.0
1776886231.8841028,-1.0,1.0,-39.0
1776886231.8941028,0.0,-1.0,-44.0
1776886231.9041028,0.0,-3.0,-49.0
1776886231.9141028,-1.0,-1.0,-44.0
1776886231.9241028,-3.0,-1.0,-37.0
1776886231.9341028,-2.0,-5.0,-32.0
1776886231.9441028,-1.0,-1.0,-34.0
1776886231.9541028,2.0,2.0,-37.0
1776886231.9641027,2.0,5.0,-35.0
1776886231.9741027,2.0,2.0,-35.0
1776886231.9841027,0.0,1.0,-34.0
1776886231.9941027,6.0,0.0,-31.0
1776886232.0041027,5.0,0.0,-33.0
1776886232.0141027,2.0,-2.0,-37.0
1776886232.0241027,3.0,0.0,-43.0
1776886232.034103,6.0,-3.0,-44.0
1776886232.044103,9.0,-2.0,-43.0
1776886232.054103,5.0,0.0,-47.0
1776886232.0641026,6.0,2.0,-50.0
1776886232.0741026,6.0,-2.0,-49.0
1776886232.0841026,0.0,-1.0,-49.0
1776886232.0941026,0.0,2.0,-46.0
1776886232.1041028,-2.0,3.0,-46.0
1776886232.1141028,-1.0,0.0,-50.0
1776886232.1241028,2.0,1.0,-48.0
1776886232.1341028,4.0,4.0,-51.0
1776886232.1441028,4.0,4.0,-49.0
1776886232.1541028,2.0,3.0,-47.0
1776886232.1641028,3.0,0.0,-45.0
1776886232.1741028,1.0,1.0,-50.0
1776886232.1841028,3.0,2.0,-46.0
1776886232.1941028,3.0,0.0,-44.0
1776886232.2041028,2.0,0.0,-44.0
1776886232.2141027,2.0,-4.0,-41.0
1776886232.2241027,1.0,-1.0,-40.0
1776886232.2341027,-1.0,-2.0,-40.0
1776886232.2441027,2.0,-3.0,-40.0
1776886232.2541027,0.0,0.0,-37.0
1776886232.2641027,-1.0,-3.0,-36.0
1776886232.2741027,-1.0,-7.0,-36.0
1776886232.284103,0.0,-7.0,-35.0
1776886232.294103,-1.0,-5.0,-42.0
1776886232.304103,4.0,-6.0,-43.0
1776886232.3141026,1.0,-6.0,-36.0
1776886232.3241026,0.0,-2.0,-35.0
1776886232.3341026,0.0,-2.0,-42.0
1776886232.3441026,1.0,0.0,-39.0
1776886232.3541028,2.0,2.0,-48.0
1776886232.3641028,3.0,2.0,-46.0
1776886232.3741028,-1.0,0.0,-49.0
1776886232.3841028,0.0,0.0,-44.0
1776886232.3941028,2.0,0.0,-44.0
1776886232.4041028,-1.0,-3.0,-39.0
1776886232.4141028,-3.0,-1.0,-42.0
1776886232.4241028,0.0,0.0,-38.0
1776886232.4341028,-3.0,1.0,-43.0
1776886232.4441028,-3.0,0.0,-43.0
1776886232.4541028,-2.0,2.0,-44.0
1776886232.4641027,-2.0,5.0,-43.0
1776886232.4741027,0.0,7.0,-49.0
1776886232.4841027,0.0,8.0,-51.0
1776886232.4941027,-4.0,7.0,-45.0
1776886232.5041027,-2.0,5.0,-50.0
1776886232.5141027,-6.0,-1.0,-56.0
1776886232.5241027,-7.0,-2.0,-51.0
1776886232.534103,-6.0,-7.0,-52.0
1776886232.544103,-2.0,-2.0,-49.0
1776886232.554103,1.0,0.0,-45.0
1776886232.5641026,1.0,0.0,-54.0
1776886232.5741026,2.0,3.0,-46.0
1776886232.5841026,0.0,3.0,-38.0
1776886232.5941026,-2.0,0.0,-37.0
1776886232.6041028,-2.0,-1.0,-43.0
1776886232.6141028,0.0,-6.0,-48.0
1776886232.6241028,1.0,-6.0,-43.0
1776886232.6341028,5.0,-3.0,-41.0
1776886232.6441028,2.0,-1.0,-40.0
1776886232.6541028,1.0,-3.0,-46.0
1776886232.6641028,-1.0,-3.0,-50.0
1776886232.6741028,0.0,0.0,-52.0
1776886232.6841028,0.0,0.0,-47.0
1776886232.6941028,1.0,0.0,-46.0
1776886232.7041028,-5.0,-3.0,-37.0
1776886232.7141027,-6.0,-7.0,-39.0
1776886232.7241027,-7.0,-8.0,-43.0
1776886232.7341027,-10.0,-6.0,-47.0
1776886232.7441027,-6.0,-4.0,-48.0
1776886232.7541027,-6.0,-4.0,-35.0
1776886232.7641027,-6.0,-6.0,-35.0
1776886232.7741027,0.0,-3.0,-40.0
1776886232.784103,0.0,-1.0,-39.0
1776886232.794103,-1.0,0.0,-36.0
1776886232.804103,-1.0,3.0,-36.0
1776886232.8141026,0.0,3.0,-44.0
1776886232.8241026,1.0,0.0,-44.0
1776886232.8341026,2.0,0.0,-35.0
1776886232.8441026,2.0,1.0,-34.0
1776886232.8541028,2.0,1.0,-34.0
1776886232.8641028,5.0,3.0,-31.0
1776886232.8741028,3.0,2.0,-33.0
1776886232.8841028,3.0,3.0,-38.0
1776886232.8941028,0.0,5.0,-31.0
1776886232.9041028,-1.0,3.0,-33.0
1776886232.9141028,-2.0,-1.0,-36.0
1776886232.9241028,-3.0,-4.0,-40.0
1776886232.9341028,0.0,-3.0,-36.0
1776886232.9441028,-2.0,-2.0,-28.0
1776886232.9541028,2.0,-3.0,-29.0
1776886232.9641027,3.0,-3.0,-32.0
1776886232.9741027,1.0,-7.0,-30.0
1776886232.9841027,4.0,-6.0,-24.0
1776886232.9941027,6.0,-6.0,-27.0
1776886233.0041027,3.0,-6.0,-38.0
1776886233.0141027,0.0,-3.0,-46.0
1776886233.0241027,0.0,-3.0,-52.0
1776886233.034103,0.0,0.0,-48.0
1776886233.044103,-1.0,-4.0,-43.0
1776886233.054103,-4.0,-4.0,-37.0
1776886233.0641026,0.0,-1.0,-44.0
1776886233.0741026,-1.0,-3.0,-46.0
1776886233.0841026,-2.0,-3.0,-44.0
1776886233.0941026,-6.0,-1.0,-41.0
1776886233.1041028,-5.0,0.0,-37.0
1776886233.1141028,-4.0,0.0,-31.0
1776886233.1241028,2.0,0.0,-29.0
1776886233.1341028,3.0,-2.0,-31.0
1776886233.1441028,2.0,0.0,-35.0
1776886233.1541028,1.0,0.0,-38.0
1776886233.1641028,6.0,-4.0,-36.0
1776886233.1741028,3.0,-6.0,-40.0
1776886233.1841028,4.0,-6.0,-41.0
1776886233.1941028,1.0,-4.0,-41.0
1776886233.2041028,6.0,-2.0,-41.0
1776886233.2141027,4.0,0.0,-27.0
1776886233.2241027,4.0,1.0,-23.0
1776886233.2341027,0.0,0.0,-27.0
1776886233.2441027,0.0,-4.0,-35.0
1776886233.2541027,5.0,-6.0,-37.0
1776886233.2641027,4.0,-7.0,-39.0
1776886233.2741027,4.0,-4.0,-43.0
1776886233.284103,4.0,-5.0,-44.0
1776886233.294103,3.0,-3.0,-40.0
1776886233.304103,0.0,0.0,-38.0
1776886233.3141026,0.0,1.0,-36.0
1776886233.3241026,1.0,-2.0,-41.0
1776886233.3341026,0.0,-1.0,-35.0
1776886233.3441026,3.0,-4.0,-41.0
1776886233.3541028,4.0,-2.0,-38.0
1776886233.3641028,5.0,-2.0,-38.0
1776886233.3741028,9.0,0.0,-34.0
1776886233.3841028,7.0,-3.0,-27.0
1776886233.3941028,2.0,-2.0,-27.0
1776886233.4041028,0.0,-2.0,-35.0
1776886233.4141028,-3.0,-3.0,-36.0
1776886233.4241028,-1.0,-3.0,-35.0
1776886233.4341028,0.0,-4.0,-29.0
1776886233.4441028,2.0,0.0,-32.0
1776886233.4541028,3.0,4.0,-31.0
1776886233.4641027,3.0,5.0,-32.0
1776886233.4741027,4.0,8.0,-39.0
1776886233.4841027,6.0,10.0,-37.0
1776886233.4941027,5.0,8.0,-34.0
1776886233.5041027,5.0,3.0,-33.0
1776886233.5141027,2.0,0.0,-35.0
1776886233.5241027,4.0,1.0,-43.0
1776886233.534103,1.0,0.0,-49.0
1776886233.544103,-5.0,-2.0,-51.0
1776886233.554103,-5.0,-5.0,-50.0
1776886233.5641026,-3.0,-2.0,-52.0
1776886233.5741026,-3.0,0.0,-50.0
1776886233.5841026,-6.0,2.0,-45.0
1776886233.5941026,-1.0,1.0,-43.0
1776886233.6041028,1.0,0.0,-49.0
1776886233.6141028,-3.0,0.0,-47.0
1776886233.6241028,0.0,3.0,-50.0
1776886233.6341028,0.0,4.0,-48.0
1776886233.6441028,0.0,1.0,-43.0
1776886233.6541028,1.0,0.0,-41.0
1776886233.6641028,1.0,-4.0,-37.0
1776886233.6741028,4.0,-2.0,-38.0
1776886233.6841028,5.0,-1.0,-38.0
1776886233.6941028,4.0,0.0,-37.0
1776886233.7041028,4.0,-2.0,-32.0
1776886233.7141027,3.0,-7.0,-34.0
1776886233.7241027,5.0,-6.0,-33.0
1776886233.7341027,4.0,-8.0,-40.0
1776886233.7441027,1.0,-10.0,-44.0
1776886233.7541027,0.0,-8.0,-45.0
1776886233.7641027,-2.0,-9.0,-40.0
1776886233.7741027,-3.0,-6.0,-31.0
1776886233.784103,-1.0,-1.0,-29.0
1776886233.794103,-1.0,-2.0,-33.0
1776886233.804103,1.0,-4.0,-41.0
1776886233.8141026,0.0,-4.0,-37.0
1776886233.8241026,-4.0,-6.0,-34.0
1776886233.8341026,-3.0,-5.0,-41.0
1776886233.8441026,0.0,0.0,-38.0
1776886233.8551028,2.0,-3.0,-35.0
1776886233.8651028,1.0,-4.0,-36.0
1776886233.8751028,1.0,-7.0,-37.0
1776886233.8851027,0.0,-3.0,-42.0
1776886233.8951027,0.0,-3.0,-44.0
1776886233.9051027,0.0,-5.0,-49.0
1776886233.9151027,0.0,0.0,-53.0
1776886233.9251027,0.0,1.0,-48.0
1776886233.9351027,0.0,0.0,-49.0
1776886233.9451027,0.0,4.0,-44.0
1776886233.9551027,2.0,2.0,-50.0
1776886233.965103,2.0,0.0,-43.0
1776886233.975103,0.0,0.0,-41.0
1776886233.985103,3.0,3.0,-38.0
1776886233.9951026,2.0,3.0,-33.0
1776886234.0051026,-3.0,3.0,-27.0
1776886234.0151026,-1.0,5.0,-36.0
1776886234.0251029,0.0,7.0,-38.0
1776886234.0351028,1.0,7.0,-38.0
1776886234.0451028,-1.0,2.0,-41.0
1776886234.0551028,2.0,-1.0,-36.0
1776886234.0651028,3.0,-2.0,-34.0
1776886234.0751028,5.0,0.0,-37.0
1776886234.0851028,3.0,-3.0,-33.0
1776886234.0951028,2.0,-4.0,-40.0
1776886234.1051028,1.0,-5.0,-43.0
1776886234.1151028,-1.0,0.0,-44.0
1776886234.1251028,0.0,-3.0,-42.0
1776886234.1351027,0.0,0.0,-46.0
1776886234.1451027,0.0,-1.0,-44.0
1776886234.1551027,1.0,-5.0,-42.0
1776886234.1651027,-1.0,-4.0,-40.0
1776886234.1751027,0.0,-6.0,-43.0
1776886234.1851027,3.0,-5.0,-41.0
1776886234.1951027,4.0,-5.0,-39.0
1776886234.2051027,2.0,-7.0,-39.0
1776886234.215103,2.0,0.0,-32.0
1776886234.225103,1.0,0.0,-34.0
1776886234.235103,0.0,0.0,-32.0
1776886234.2451026,-3.0,3.0,-35.0
1776886234.2551026,-5.0,3.0,-36.0
1776886234.2651026,-5.0,4.0,-37.0
1776886234.2751029,-1.0,3.0,-36.0
1776886234.2851028,-2.0,3.0,-35.0
1776886234.2951028,-2.0,1.0,-37.0
1776886234.3051028,-2.0,0.0,-38.0
1776886234.3151028,-2.0,0.0,-33.0
1776886234.3251028,1.0,0.0,-35.0
1776886234.3351028,2.0,2.0,-42.0
1776886234.3451028,3.0,2.0,-40.0
1776886234.3551028,0.0,0.0,-35.0
1776886234.3651028,-8.0,0.0,-30.0
1776886234.3751028,-6.0,-2.0,-33.0
1776886234.3851027,-5.0,-2.0,-34.0
1776886234.3951027,-7.0,1.0,-32.0
1776886234.4051027,-5.0,0.0,-31.0
1776886234.4151027,-4.0,3.0,-37.0
1776886234.4251027,-7.0,0.0,-34.0
1776886234.4351027,-9.0,-4.0,-34.0
1776886234.4451027,-6.0,-3.0,-38.0
1776886234.4551027,-5.0,1.0,-43.0
1776886234.465103,-5.0,-2.0,-45.0
1776886234.475103,-4.0,-4.0,-47.0
1776886234.485103,-2.0,-7.0,-43.0
1776886234.4951026,-2.0,-7.0,-47.0
1776886234.5051026,3.0,-3.0,-43.0
1776886234.5151026,0.0,-5.0,-40.0
1776886234.5251029,-1.0,-5.0,-36.0
1776886234.5351028,-6.0,-4.0,-32.0
1776886234.5451028,-4.0,-3.0,-31.0
1776886234.5551028,-2.0,-4.0,-37.0
1776886234.5651028,1.0,-4.0,-46.0
1776886234.5751028,0.0,-5.0,-49.0
1776886234.5851028,5.0,-4.0,-42.0
1776886234.5951028,6.0,-5.0,-43.0
1776886234.6051028,6.0,-5.0,-43.0
1776886234.6151028,5.0,-2.0,-43.0
1776886234.6251028,4.0,-1.0,-46.0
1776886234.6351027,7.0,-4.0,-45.0
1776886234.6451027,3.0,-5.0,-39.0
1776886234.6551027,3.0,-4.0,-36.0
1776886234.6651027,-1.0,-4.0,-39.0
1776886234.6751027,-3.0,-8.0,-41.0
1776886234.6851027,-5.0,-5.0,-40.0
1776886234.6951027,-6.0,-6.0,-40.0
1776886234.7051027,-6.0,-6.0,-40.0
1776886234.715103,-4.0,-4.0,-44.0
1776886234.725103,-5.0,-3.0,-37.0
1776886234.735103,-2.0,-3.0,-29.0
1776886234.7451026,0.0,0.0,-32.0
1776886234.7551026,0.0,3.0,-30.0
1776886234.7651026,1.0,2.0,-33.0
1776886234.7751029,0.0,0.0,-40.0
1776886234.7851028,-5.0,5.0,-54.0
1776886234.7951028,-4.0,6.0,-48.0
1776886234.8051028,-4.0,2.0,-47.0
1776886234.8151028,-4.0,1.0,-50.0
1776886234.8251028,-1.0,-4.0,-48.0
1776886234.8351028,0.0,-7.0,-51.0
1776886234.8451028,2.0,-12.0,-52.0
1776886234.8551028,4.0,-10.0,-46.0
1776886234.8651028,3.0,-6.0,-43.0
1776886234.8751028,0.0,-3.0,-46.0
1776886234.8851027,0.0,0.0,-50.0
1776886234.8951027,2.0,-1.0,-49.0
1776886234.9051027,3.0,0.0,-40.0
1776886234.9151027,1.0,-2.0,-42.0
1776886234.9251027,2.0,3.0,-39.0
1776886234.9351027,6.0,0.0,-29.0
1776886234.9451027,3.0,-1.0,-35.0
1776886234.9551027,3.0,1.0,-39.0
1776886234.965103,4.0,0.0,-43.0
1776886234.975103,5.0,0.0,-40.0
1776886234.985103,1.0,0.0,-41.0
1776886234.9951026,-2.0,0.0,-44.0
1776886235.0051026,0.0,0.0,-44.0
1776886235.0151026,1.0,1.0,-46.0
1776886235.0251029,0.0,0.0,-46.0
1776886235.0351028,-2.0,0.0,-40.0
1776886235.0451028,0.0,3.0,-46.0
1776886235.0551028,-1.0,6.0,-45.0
1776886235.0651028,-2.0,3.0,-46.0
1776886235.0751028,1.0,3.0,-41.0
1776886235.0851028,2.0,0.0,-46.0
1776886235.0951028,0.0,3.0,-48.0
1776886235.1051028,0.0,3.0,-51.0
1776886235.1151028,0.0,2.0,-54.0
1776886235.1251028,1.0,-2.0,-51.0
1776886235.1351027,4.0,-3.0,-47.0
1776886235.1451027,1.0,-1.0,-45.0
1776886235.1551027,5.0,0.0,-44.0
1776886235.1651027,2.0,-3.0,-42.0
1776886235.1751027,-2.0,-3.0,-46.0
1776886235.1851027,-6.0,-2.0,-48.0
1776886235.1951027,-6.0,-1.0,-44.0
1776886235.2051027,-4.0,-4.0,-39.0
1776886235.215103,-3.0,-1.0,-40.0
1776886235.225103,-2.0,-2.0,-46.0
1776886235.235103,2.0,-2.0,-50.0
1776886235.2451026,1.0,-1.0,-47.0
1776886235.2551026,1.0,-1.0,-42.0
1776886235.2651026,5.0,0.0,-44.0
1776886235.2751029,2.0,0.0,-39.0
1776886235.2851028,1.0,1.0,-38.0
1776886235.2951028,5.0,3.0,-34.0
1776886235.3051028,7.0,4.0,-30.0
1776886235.3151028,3.0,1.0,-31.0
1776886235.3251028,3.0,4.0,-30.0
1776886235.3351028,2.0,6.0,-34.0
1776886235.3451028,4.0,6.0,-38.0
1776886235.3551028,4.0,5.0,-33.0
1776886235.3651028,7.0,3.0,-27.0
1776886235.3751028,-1.0,-1.0,-28.0
1776886235.3851027,-4.0,1.0,-33.0
1776886235.3951027,-4.0,-1.0,-35.0
1776886235.4051027,0.0,-3.0,-34.0
1776886235.4151027,-1.0,-2.0,-31.0
1776886235.4251027,0.0,-2.0,-40.0
1776886235.4351027,-6.0,-1.0,-41.0
1776886235.4451027,-5.0,-4.0,-45.0
1776886235.4551027,-5.0,-4.0,-47.0
1776886235.465103,-10.0,0.0,-43.0
1776886235.475103,-8.0,3.0,-43.0
1776886235.485103,-7.0,1.0,-43.0
1776886235.4951026,-7.0,1.0,-40.0
1776886235.5051026,-8.0,1.0,-39.0
1776886235.5151026,-4.0,1.0,-45.0
1776886235.5251029,-2.0,3.0,-44.0
1776886235.5351028,4.0,2.0,-44.0
1776886235.5451028,1.0,0.0,-41.0
1776886235.5551028,-2.0,-1.0,-39.0
1776886235.5651028,-3.0,-3.0,-41.0
1776886235.5751028,-4.0,-3.0,-41.0
1776886235.5851028,-4.0,0.0,-44.0
1776886235.5951028,-2.0,0.0,-40.0
1776886235.6051028,-4.0,4.0,-42.0
1776886235.6151028,2.0,1.0,-36.0
1776886235.6251028,1.0,-4.0,-36.0
1776886235.6351027,0.0,-6.0,-37.0
1776886235.6451027,0.0,0.0,-41.0
1776886235.6551027,1.0,0.0,-40.0
1776886235.6651027,0.0,-2.0,-37.0
1776886235.6751027,4.0,-5.0,-30.0
1776886235.6851027,4.0,-6.0,-31.0
1776886235.6951027,-1.0,-6.0,-31.0
1776886235.7051027,0.0,-1.0,-38.0
1776886235.715103,-1.0,0.0,-36.0
1776886235.725103,-3.0,2.0,-30.0
1776886235.735103,-1.0,-1.0,-31.0
1776886235.7451026,2.0,-1.0,-37.0
1776886235.7551026,2.0,0.0,-37.0
1776886235.7651026,4.0,2.0,-35.0
1776886235.7751029,4.0,-2.0,-42.0
1776886235.7851028,5.0,0.0,-44.0
1776886235.7951028,3.0,0.0,-45.0
1776886235.8051028,6.0,-6.0,-47.0
1776886235.8151028,0.0,-3.0,-56.0
1776886235.8251028,-3.0,-1.0,-53.0
1776886235.8361027,0.0,0.0,-42.0
1776886235.8461027,-5.0,3.0,-42.0
1776886235.8561027,-2.0,-1.0,-41.0
1776886235.8661027,3.0,-4.0,-39.0
1776886235.8761027,3.0,-2.0,-41.0
1776886235.886103,4.0,1.0,-42.0
1776886235.896103,4.0,1.0,-40.0
1776886235.906103,5.0,3.0,-38.0
1776886235.9161026,3.0,1.0,-29.0
1776886235.9261026,0.0,0.0,-33.0
1776886235.9361026,4.0,-2.0,-42.0
1776886235.9461029,1.0,-2.0,-39.0
1776886235.9561028,2.0,0.0,-40.0
1776886235.9661028,0.0,5.0,-43.0
1776886235.9761028,-1.0,4.0,-47.0
1776886235.9861028,-3.0,3.0,-47.0
1776886235.9961028,-3.0,0.0,-50.0
1776886236.0061028,2.0,0.0,-46.0
1776886236.0161028,5.0,-3.0,-49.0
1776886236.0261028,4.0,-5.0,-50.0
1776886236.0361028,0.0,-7.0,-47.0
1776886236.0461028,-2.0,-3.0,-41.0
1776886236.0561028,-3.0,-5.0,-40.0
1776886236.0661027,-5.0,-2.0,-32.0
1776886236.0761027,-5.0,0.0,-25.0
1776886236.0861027,-5.0,0.0,-26.0
1776886236.0961027,-5.0,0.0,-28.0
1776886236.1061027,-2.0,0.0,-32.0
1776886236.1161027,0.0,1.0,-39.0
1776886236.1261027,2.0,0.0,-43.0
1776886236.136103,3.0,-3.0,-38.0
1776886236.146103,1.0,-7.0,-33.0
1776886236.156103,0.0,-4.0,-34.0
1776886236.1661026,-1.0,1.0,-37.0
1776886236.1761026,-4.0,0.0,-39.0
1776886236.1861026,-2.0,1.0,-34.0
1776886236.1961029,-1.0,3.0,-31.0
1776886236.2061028,2.0,0.0,-36.0
1776886236.2161028,3.0,-1.0,-30.0
1776886236.2261028,3.0,0.0,-30.0
1776886236.2361028,6.0,2.0,-37.0
1776886236.2461028,4.0,-3.0,-36.0
1776886236.2561028,4.0,-5.0,-32.0
1776886236.2661028,-2.0,-6.0,-24.0
1776886236.2761028,-3.0,-2.0,-26.0
1776886236.2861028,-5.0,-4.0,-28.0
1776886236.2961028,0.0,-2.0,-31.0
1776886236.3061028,0.0,0.0,-34.0
1776886236.3161027,0.0,0.0,-39.0
1776886236.3261027,0.0,-1.0,-40.0
1776886236.3361027,2.0,2.0,-39.0
1776886236.3461027,5.0,1.0,-43.0
1776886236.3561027,2.0,3.0,-44.0
1776886236.3661027,5.0,6.0,-41.0
1776886236.3761027,8.0,5.0,-39.0
1776886236.386103,8.0,3.0,-38.0
1776886236.396103,8.0,3.0,-37.0
1776886236.406103,8.0,0.0,-32.0
1776886236.4161026,9.0,7.0,-34.0
1776886236.4261026,7.0,9.0,-32.0
1776886236.4361026,4.0,6.0,-36.0
1776886236.4461029,5.0,0.0,-39.0
1776886236.4561028,3.0,-1.0,-37.0
1776886236.4661028,4.0,-3.0,-38.0
1776886236.4761028,4.0,0.0,-39.0
1776886236.4861028,4.0,2.0,-37.0
1776886236.4961028,7.0,1.0,-42.0
1776886236.5061028,0.0,0.0,-49.0
1776886236.5161028,-3.0,0.0,-50.0
1776886236.5261028,-2.0,0.0,-51.0
1776886236.5361028,0.0,-3.0,-40.0
1776886236.5461028,-2.0,-8.0,-40.0
1776886236.5561028,-5.0,-8.0,-39.0
1776886236.5661027,-3.0,-9.0,-38.0
1776886236.5761027,-3.0,-1.0,-39.0
1776886236.5861027,-3.0,-1.0,-34.0
1776886236.5961027,-4.0,-3.0,-33.0
1776886236.6061027,1.0,-4.0,-28.0
1776886236.6161027,6.0,-1.0,-38.0
1776886236.6261027,5.0,0.0,-39.0
1776886236.636103,2.0,0.0,-41.0
1776886236.646103,3.0,-2.0,-42.0
1776886236.656103,4.0,-3.0,-43.0
1776886236.6661026,3.0,-3.0,-34.0
1776886236.6761026,3.0,-6.0,-35.0
1776886236.6861026,2.0,-2.0,-44.0
1776886236.6961029,4.0,0.0,-49.0
1776886236.7061028,0.0,0.0,-42.0
1776886236.7161028,0.0,1.0,-44.0
1776886236.7261028,0.0,2.0,-44.0
1776886236.7361028,-2.0,0.0,-42.0
1776886236.7461028,2.0,0.0,-45.0
1776886236.7561028,0.0,-4.0,-48.0
1776886236.7661028,-1.0,-2.0,-42.0
1776886236.7761028,-2.0,-2.0,-42.0
1776886236.7861028,0.0,-3.0,-40.0
1776886236.7961028,0.0,-4.0,-43.0
1776886236.8061028,2.0,-7.0,-44.0
1776886236.8161027,5.0,-4.0,-45.0
1776886236.8261027,5.0,0.0,-42.0
1776886236.8361027,8.0,0.0,-38.0
1776886236.8461027,0.0,0.0,-36.0
1776886236.8561027,2.0,2.0,-40.0
1776886236.8661027,2.0,0.0,-41.0
1776886236.8761027,0.0,-1.0,-36.0
1776886236.886103,4.0,-2.0,-38.0
1776886236.896103,2.0,-2.0,-42.0
1776886236.906103,3.0,-2.0,-42.0
1776886236.9161026,9.0,0.0,-39.0
1776886236.9261026,0.0,0.0,-46.0
1776886236.9361026,2.0,0.0,-46.0
1776886236.9461029,1.0,0.0,-44.0
1776886236.9561028,3.0,1.0,-43.0
1776886236.9661028,2.0,2.0,-42.0
1776886236.9761028,2.0,-3.0,-40.0
1776886236.9861028,2.0,0.0,-42.0
1776886236.9961028,2.0,-1.0,-48.0
1776886237.0061028,4.0,-3.0,-50.0
1776886237.0161028,2.0,-5.0,-44.0
1776886237.0261028,2.0,-2.0,-44.0
1776886237.0361028,1.0,0.0,-38.0
1776886237.0461028,0.0,0.0,-34.0
1776886237.0561028,1.0,-1.0,-38.0
1776886237.0661027,-3.0,1.0,-37.0
1776886237.0761027,-4.0,3.0,-40.0
1776886237.0861027,1.0,2.0,-38.0
1776886237.0961027,0.0,0.0,-34.0
1776886237.1061027,0.0,-3.0,-33.0
1776886237.1161027,2.0,-3.0,-36.0
1776886237.1261027,-2.0,-3.0,-31.0
1776886237.136103,-4.0,-4.0,-32.0
1776886237.146103,-7.0,-6.0,-35.0
1776886237.156103,-2.0,-7.0,-33.0
1776886237.1661026,0.0,-7.0,-30.0
1776886237.1761026,-1.0,-6.0,-35.0
1776886237.1861026,-1.0,-6.0,-41.0
1776886237.1961029,-4.0,-5.0,-48.0
1776886237.2061028,-2.0,0.0,-41.0
1776886237.2161028,-2.0,-2.0,-43.0
1776886237.2261028,-3.0,0.0,-42.0
1776886237.2361028,-3.0,2.0,-39.0
1776886237.2461028,-4.0,2.0,-36.0
1776886237.2561028,-4.0,2.0,-39.0
1776886237.2661028,-3.0,2.0,-49.0
1776886237.2761028,-1.0,6.0,-44.0
1776886237.2861028,1.0,5.0,-46.0
1776886237.2961028,0.0,4.0,-47.0
1776886237.3061028,0.0,2.0,-42.0
1776886237.3161027,5.0,3.0,-43.0
1776886237.3261027,4.0,0.0,-42.0
1776886237.3361027,4.0,-4.0,-39.0
1776886237.3461027,8.0,-5.0,-35.0
1776886237.3561027,6.0,-3.0,-35.0
1776886237.3661027,7.0,-6.0,-36.0
1776886237.3761027,12.0,-1.0,-38.0
1776886237.386103,8.0,4.0,-41.0
1776886237.396103,3.0,7.0,-47.0
1776886237.406103,-2.0,11.0,-52.0
1776886237.4161026,-2.0,5.0,-45.0
1776886237.4261026,-4.0,4.0,-48.0
1776886237.4361026,-2.0,2.0,-46.0
1776886237.4461029,-1.0,0.0,-44.0
1776886237.4561028,4.0,-1.0,-42.0
1776886237.4661028,3.0,1.0,-38.0
1776886237.4761028,7.0,0.0,-40.0
1776886237.4861028,6.0,0.0,-48.0
1776886237.4961028,6.0,-1.0,-47.0
1776886237.5061028,8.0,-8.0,-50.0
1776886237.5161028,10.0,-12.0,-48.0
1776886237.5261028,6.0,-7.0,-49.0
1776886237.5361028,4.0,-1.0,-45.0
1776886237.5461028,9.0,0.0,-43.0
1776886237.5561028,6.0,4.0,-40.0
1776886237.5661027,-1.0,0.0,-37.0
1776886237.5761027,-2.0,0.0,-36.0
1776886237.5861027,0.0,0.0,-38.0
1776886237.5961027,-3.0,-4.0,-42.0
1776886237.6061027,-8.0,0.0,-45.0
1776886237.6161027,-9.0,3.0,-41.0
1776886237.6261027,-5.0,0.0,-39.0
1776886237.636103,0.0,1.0,-41.0
1776886237.646103,1.0,2.0,-44.0
1776886237.656103,-5.0,0.0,-38.0
1776886237.6661026,-4.0,-4.0,-32.0
1776886237.6761026,0.0,-3.0,-35.0
1776886237.6861026,3.0,-4.0,-35.0
1776886237.6961029,7.0,-5.0,-36.0
1776886237.7061028,9.0,0.0,-37.0
1776886237.7161028,8.0,0.0,-28.0
1776886237.7261028,5.0,0.0,-24.0
1776886237.7361028,4.0,0.0,-26.0
1776886237.7461028,1.0,0.0,-31.0
1776886237.7561028,-2.0,-1.0,-35.0
1776886237.7661028,0.0,2.0,-31.0
1776886237.7761028,0.0,1.0,-24.0
1776886237.7861028,0.0,0.0,-25.0
1776886237.7961028,-1.0,-4.0,-25.0
1776886237.807103,0.0,-6.0,-29.0
1776886237.8161027,2.0,-5.0,-45.0
1776886237.827103,4.0,-3.0,-42.0
1776886237.8361027,5.0,-3.0,-43.0
1776886237.8471026,3.0,-1.0,-45.0
1776886237.8571026,3.0,-3.0,-41.0
1776886237.8671026,4.0,-6.0,-40.0
1776886237.8771029,5.0,-4.0,-39.0
1776886237.8871028,5.0,-5.0,-33.0
1776886237.8971028,7.0,-7.0,-36.0
1776886237.9071028,6.0,-8.0,-35.0
1776886237.9171028,7.0,-7.0,-30.0
1776886237.9271028,5.0,-3.0,-27.0
1776886237.9371028,6.0,-6.0,-34.0
1776886237.9471028,8.0,-3.0,-36.0
1776886237.9571028,8.0,-1.0,-35.0
1776886237.9671028,5.0,-1.0,-41.0
1776886237.9771028,6.0,-3.0,-45.0
1776886237.9871027,3.0,0.0,-42.0
1776886237.9971027,6.0,-3.0,-43.0
1776886238.0071027,13.0,-4.0,-41.0
1776886238.0171027,11.0,-2.0,-45.0
1776886238.0271027,9.0,1.0,-42.0
1776886238.0371027,8.0,0.0,-43.0
1776886238.0471027,11.0,1.0,-43.0
1776886238.057103,10.0,3.0,-46.0
1776886238.067103,6.0,-1.0,-50.0
1776886238.077103,6.0,-2.0,-42.0
1776886238.087103,5.0,-1.0,-36.0
1776886238.0971026,8.0,0.0,-40.0
1776886238.1071026,1.0,0.0,-45.0
1776886238.1171026,0.0,0.0,-44.0
1776886238.1271029,2.0,0.0,-42.0
1776886238.1371028,3.0,3.0,-42.0
1776886238.1471028,8.0,5.0,-44.0
1776886238.1571028,10.0,4.0,-44.0
1776886238.1671028,8.0,1.0,-40.0
1776886238.1771028,5.0,0.0,-45.0
1776886238.1871028,7.0,-2.0,-47.0
1776886238.1971028,1.0,0.0,-44.0
1776886238.2071028,1.0,1.0,-40.0
1776886238.2171028,3.0,0.0,-40.0
1776886238.2271028,7.0,1.0,-39.0
1776886238.2371027,7.0,1.0,-36.0
1776886238.2471027,5.0,2.0,-38.0
1776886238.2571027,6.0,1.0,-40.0
1776886238.2671027,8.0,-2.0,-38.0
1776886238.2771027,4.0,-2.0,-36.0
1776886238.2871027,6.0,-2.0,-34.0
1776886238.2971027,7.0,-1.0,-35.0
1776886238.307103,4.0,-6.0,-31.0
1776886238.317103,4.0,-7.0,-33.0
1776886238.327103,1.0,-6.0,-37.0
1776886238.337103,2.0,-5.0,-39.0
1776886238.3471026,2.0,-6.0,-36.0
1776886238.3571026,1.0,-5.0,-33.0
1776886238.3671026,2.0,-2.0,-37.0
1776886238.3771029,4.0,-2.0,-42.0
1776886238.3871028,8.0,-2.0,-43.0
1776886238.3971028,8.0,0.0,-43.0
1776886238.4071028,4.0,-2.0,-40.0
1776886238.4171028,2.0,-6.0,-36.0
1776886238.4271028,-3.0,-4.0,-35.0
1776886238.4371028,-2.0,-8.0,-37.0
1776886238.4471028,0.0,-7.0,-35.0
1776886238.4571028,-3.0,-2.0,-35.0
1776886238.4671028,-3.0,0.0,-32.0
1776886238.4771028,-4.0,-1.0,-34.0
1776886238.4871027,-1.0,-3.0,-42.0
1776886238.4971027,2.0,-2.0,-49.0
1776886238.5071027,1.0,0.0,-42.0
1776886238.5171027,0.0,0.0,-38.0
1776886238.5271027,4.0,0.0,-41.0
1776886238.5371027,5.0,1.0,-43.0
1776886238.5471027,2.0,0.0,-44.0
1776886238.557103,0.0,0.0,-43.0
1776886238.567103,-6.0,0.0,-37.0
1776886238.577103,-3.0,1.0,-39.0
1776886238.587103,-5.0,0.0,-36.0
1776886238.5971026,-3.0,-1.0,-32.0
1776886238.6071026,-3.0,-5.0,-40.0
1776886238.6171026,-6.0,-4.0,-37.0
1776886238.6271029,-6.0,-2.0,-37.0
1776886238.6371028,-4.0,0.0,-36.0
1776886238.6471028,0.0,0.0,-40.0
1776886238.6571028,4.0,-5.0,-40.0
1776886238.6671028,1.0,-5.0,-45.0
1776886238.6771028,4.0,-2.0,-37.0
1776886238.6871028,2.0,-2.0,-39.0
1776886238.6971028,0.0,0.0,-37.0
1776886238.7071028,0.0,0.0,-41.0
1776886238.7171028,-3.0,2.0,-41.0
1776886238.7271028,0.0,1.0,-38.0
1776886238.7371027,1.0,3.0,-32.0
1776886238.7471027,0.0,6.0,-27.0
1776886238.7571027,0.0,0.0,-29.0
1776886238.7671027,-1.0,0.0,-26.0
1776886238.7771027,0.0,0.0,-29.0
1776886238.7871027,0.0,-3.0,-29.0
1776886238.7971027,0.0,0.0,-33.0
1776886238.807103,1.0,6.0,-34.0
1776886238.817103,0.0,5.0,-37.0
1776886238.827103,2.0,3.0,-35.0
1776886238.837103,4.0,0.0,-36.0
1776886238.8471026,5.0,-3.0,-40.0
1776886238.8571026,3.0,-3.0,-44.0
1776886238.8671026,2.0,-1.0,-47.0
1776886238.8771029,1.0,-3.0,-43.0
1776886238.8871028,1.0,-4.0,-40.0
1776886238.8971028,-1.0,-4.0,-44.0
1776886238.9071028,-6.0,0.0,-48.0
1776886238.9171028,-5.0,0.0,-52.0
1776886238.9271028,-1.0,-1.0,-44.0
1776886238.9371028,-4.0,-2.0,-38.0
1776886238.9471028,-5.0,-4.0,-29.0
1776886238.9571028,-4.0,-4.0,-29.0
1776886238.9671028,-3.0,-6.0,-34.0
1776886238.9771028,-5.0,-2.0,-38.0
1776886238.9871027,-5.0,0.0,-43.0
1776886238.9971027,-3.0,-3.0,-46.0
1776886239.0071027,-4.0,-3.0,-49.0
1776886239.0171027,-8.0,-5.0,-49.0
1776886239.0271027,-2.0,-4.0,-44.0
1776886239.0371027,0.0,0.0,-44.0
1776886239.0471027,2.0,0.0,-45.0
1776886239.057103,1.0,1.0,-42.0
1776886239.067103,3.0,5.0,-45.0
1776886239.077103,5.0,6.0,-45.0
1776886239.087103,3.0,6.0,-41.0
1776886239.0971026,-4.0,1.0,-40.0
1776886239.1071026,-4.0,-2.0,-31.0
1776886239.1171026,-4.0,-4.0,-28.0
1776886239.1271029,-7.0,-5.0,-30.0
1776886239.1371028,-5.0,-3.0,-39.0
1776886239.1471028,-6.0,0.0,-41.0
1776886239.1571028,-2.0,1.0,-40.0
1776886239.1671028,0.0,4.0,-43.0
1776886239.1771028,-4.0,4.0,-40.0
1776886239.1871028,-5.0,1.0,-41.0
1776886239.1971028,-4.0,0.0,-35.0
1776886239.2071028,-2.0,3.0,-29.0
1776886239.2171028,-4.0,4.0,-31.0
1776886239.2271028,-1.0,3.0,-32.0
1776886239.2371027,0.0,1.0,-33.0
1776886239.2471027,0.0,0.0,-28.0
1776886239.2571027,-4.0,-2.0,-31.0
1776886239.2671027,-5.0,-1.0,-27.0
1776886239.2771027,-3.0,0.0,-20.0
1776886239.2871027,-2.0,-1.0,-22.0
1776886239.2971027,-4.0,-1.0,-31.0
1776886239.307103,-5.0,-5.0,-30.0
1776886239.317103,0.0,-6.0,-36.0
1776886239.327103,-1.0,-3.0,-31.0
1776886239.337103,-5.0,0.0,-30.0
1776886239.3471026,-2.0,0.0,-30.0
1776886239.3571026,0.0,-1.0,-36.0
1776886239.3671026,2.0,1.0,-33.0
1776886239.3771029,-2.0,2.0,-35.0
1776886239.3871028,-5.0,0.0,-36.0
1776886239.3971028,-8.0,-2.0,-33.0
1776886239.4071028,-5.0,0.0,-33.0
1776886239.4171028,-1.0,6.0,-30.0
1776886239.4271028,0.0,6.0,-23.0
1776886239.4371028,0.0,6.0,-22.0
1776886239.4471028,-2.0,4.0,-29.0
1776886239.4571028,-1.0,2.0,-27.0
1776886239.4671028,-1.0,4.0,-32.0
1776886239.4771028,3.0,0.0,-31.0
1776886239.4871027,2.0,0.0,-30.0
1776886239.4971027,-3.0,0.0,-36.0
1776886239.5071027,-5.0,2.0,-35.0
1776886239.5171027,-2.0,-2.0,-28.0
1776886239.5271027,-3.0,-3.0,-29.0
1776886239.5371027,-4.0,-5.0,-34.0
1776886239.5471027,-3.0,-7.0,-32.0
1776886239.557103,-6.0,-10.0,-30.0
1776886239.567103,-6.0,-8.0,-36.0
1776886239.577103,-1.0,-1.0,-40.0
1776886239.587103,0.0,0.0,-41.0
1776886239.5971026,-1.0,-2.0,-35.0
1776886239.6071026,0.0,-4.0,-34.0
1776886239.6171026,1.0,-3.0,-33.0
1776886239.6271029,-1.0,0.0,-28.0
1776886239.6371028,-5.0,-4.0,-25.0
1776886239.6471028,-3.0,-2.0,-30.0
1776886239.6571028,-2.0,-2.0,-43.0
1776886239.6671028,0.0,-5.0,-44.0
1776886239.6771028,1.0,-5.0,-46.0
1776886239.6871028,-1.0,-5.0,-46.0
1776886239.6971028,-11.0,0.0,-47.0
1776886239.7071028,-6.0,0.0,-48.0
1776886239.7171028,-7.0,2.0,-40.0
1776886239.7271028,-8.0,0.0,-41.0
1776886239.7371027,-5.0,0.0,-45.0
1776886239.7471027,-3.0,-2.0,-49.0
1776886239.7571027,-1.0,-4.0,-47.0
1776886239.7671027,-2.0,-9.0,-49.0
1776886239.7781026,-1.0,-6.0,-50.0
1776886239.7871027,0.0,-3.0,-46.0
1776886239.7971027,-1.0,-4.0,-49.0
1776886239.8081028,0.0,-7.0,-42.0
1776886239.8181028,1.0,-5.0,-44.0
1776886239.8281028,0.0,-2.0,-42.0
1776886239.8381028,0.0,-2.0,-39.0
1776886239.8481028,4.0,-7.0,-39.0
1776886239.8581028,8.0,-3.0,-38.0
1776886239.8681028,14.0,-3.0,-37.0
1776886239.8781028,10.0,-5.0,-37.0
1776886239.8881028,6.0,-5.0,-39.0
1776886239.8981028,11.0,-7.0,-40.0
1776886239.9081028,12.0,-5.0,-40.0
1776886239.9181027,7.0,-4.0,-37.0
1776886239.9281027,6.0,-4.0,-43.0
1776886239.9381027,7.0,-4.0,-36.0
1776886239.9481027,4.0,0.0,-28.0
1776886239.9581027,4.0,-3.0,-32.0
1776886239.9681027,0.0,-4.0,-39.0
1776886239.9781027,-2.0,-5.0,-38.0
1776886239.988103,1.0,-3.0,-40.0
1776886239.998103,2.0,-1.0,-39.0
1776886240.008103,-1.0,-3.0,-45.0
1776886240.0181026,-4.0,-6.0,-42.0
1776886240.0281026,0.0,-6.0,-36.0
1776886240.0381026,0.0,-11.0,-31.0
1776886240.0481029,-1.0,-14.0,-29.0
1776886240.0581028,-3.0,-13.0,-31.0
1776886240.0681028,-7.0,-15.0,-36.0
1776886240.0781028,-7.0,-12.0,-35.0
1776886240.0881028,-3.0,-9.0,-36.0
1776886240.0981028,-5.0,-5.0,-34.0
1776886240.1081028,0.0,-4.0,-37.0
1776886240.1181028,1.0,-6.0,-39.0
1776886240.1281028,3.0,-5.0,-36.0
1776886240.1381028,4.0,-4.0,-28.0
1776886240.1481028,4.0,-2.0,-24.0
1776886240.1581028,3.0,1.0,-20.0
1776886240.1681027,0.0,-2.0,-24.0
1776886240.1781027,3.0,-6.0,-32.0
1776886240.1881027,3.0,-9.0,-38.0
1776886240.1981027,5.0,-9.0,-41.0
1776886240.2081027,11.0,-9.0,-37.0
1776886240.2181027,8.0,-8.0,-30.0
1776886240.2281027,11.0,-5.0,-29.0
1776886240.238103,10.0,-3.0,-31.0
1776886240.248103,10.0,-2.0,-36.0
1776886240.258103,8.0,-3.0,-33.0
1776886240.2681026,6.0,-3.0,-34.0
1776886240.2781026,5.0,1.0,-39.0
1776886240.2881026,8.0,0.0,-40.0
1776886240.2981029,5.0,4.0,-44.0
1776886240.3081028,-1.0,1.0,-36.0
1776886240.3181028,-7.0,-1.0,-38.0
1776886240.3281028,-5.0,-1.0,-43.0
1776886240.3381028,-6.0,-1.0,-42.0
1776886240.3481028,-6.0,0.0,-38.0
1776886240.3581028,-4.0,-2.0,-42.0
1776886240.3681028,4.0,0.0,-46.0
1776886240.3781028,9.0,-1.0,-49.0
1776886240.3881028,2.0,-4.0,-49.0
1776886240.3981028,0.0,-1.0,-51.0
1776886240.4081028,-4.0,0.0,-44.0
1776886240.4181027,-6.0,2.0,-36.0
1776886240.4281027,-1.0,2.0,-32.0
1776886240.4381027,-2.0,-1.0,-30.0
1776886240.4481027,-3.0,-2.0,-35.0
1776886240.4581027,-2.0,-5.0,-43.0
1776886240.4681027,-1.0,-5.0,-45.0
1776886240.4781027,0.0,-4.0,-45.0
1776886240.488103,-3.0,-3.0,-37.0
1776886240.498103,-5.0,-3.0,-34.0
1776886240.508103,-2.0,-5.0,-34.0
1776886240.5181026,-3.0,-4.0,-31.0
1776886240.5281026,-4.0,-4.0,-36.0
1776886240.5381026,-5.0,-8.0,-42.0
1776886240.5481029,-5.0,-10.0,-39.0
1776886240.5581028,-1.0,-9.0,-41.0
1776886240.5681028,5.0,-5.0,-46.0
1776886240.5781028,6.0,-8.0,-45.0
1776886240.5881028,1.0,-10.0,-43.0
1776886240.5981028,4.0,-5.0,-39.0
1776886240.6081028,1.0,-4.0,-30.0
1776886240.6181028,0.0,-2.0,-29.0
1776886240.6281028,1.0,-1.0,-30.0
1776886240.6381028,2.0,-2.0,-27.0
1776886240.6481028,0.0,0.0,-28.0
1776886240.6581028,0.0,-2.0,-28.0
1776886240.6681027,-1.0,0.0,-24.0
1776886240.6781027,-2.0,-1.0,-30.0
1776886240.6881027,0.0,0.0,-34.0
1776886240.6981027,0.0,-1.0,-35.0
1776886240.7081027,0.0,0.0,-35.0
1776886240.7181027,5.0,-2.0,-39.0
1776886240.7281027,6.0,-3.0,-45.0
1776886240.738103,2.0,-6.0,-38.0
1776886240.748103,-3.0,-7.0,-43.0
1776886240.758103,-2.0,-4.0,-41.0
1776886240.7681026,-2.0,-1.0,-39.0
1776886240.7781026,-4.0,-2.0,-36.0
1776886240.7881026,-7.0,0.0,-30.0
1776886240.7981029,-3.0,-2.0,-36.0
1776886240.8081028,0.0,0.0,-33.0
1776886240.8181028,2.0,-1.0,-32.0
1776886240.8281028,6.0,-3.0,-31.0
1776886240.8381028,6.0,-3.0,-34.0
1776886240.8481028,8.0,-7.0,-39.0
1776886240.8581028,3.0,-9.0,-37.0
1776886240.8681028,2.0,-9.0,-30.0
1776886240.8781028,4.0,-9.0,-35.0
1776886240.8881028,4.0,-5.0,-38.0
1776886240.8981028,5.0,-4.0,-39.0
1776886240.9081028,1.0,-7.0,-38.0
1776886240.9181027,0.0,-6.0,-39.0
1776886240.9281027,2.0,-6.0,-41.0
1776886240.9381027,4.0,-6.0,-38.0
1776886240.9481027,1.0,-4.0,-37.0
1776886240.9581027,0.0,-2.0,-34.0
1776886240.9681027,3.0,-1.0,-38.0
1776886240.9781027,5.0,2.0,-36.0
1776886240.988103,1.0,2.0,-38.0
1776886240.998103,1.0,4.0,-39.0
1776886241.008103,1.0,-2.0,-40.0
1776886241.0181026,0.0,-6.0,-31.0
1776886241.0281026,1.0,-6.0,-36.0
1776886241.0381026,-1.0,0.0,-43.0
1776886241.0481029,1.0,-4.0,-37.0
1776886241.0581028,0.0,-1.0,-36.0
1776886241.0681028,2.0,-1.0,-36.0
1776886241.0781028,2.0,-1.0,-39.0
1776886241.0881028,1.0,-2.0,-42.0
1776886241.0981028,-2.0,-1.0,-38.0
1776886241.1081028,0.0,-4.0,-38.0
1776886241.1181028,3.0,-4.0,-29.0
1776886241.1281028,8.0,-1.0,-26.0
1776886241.1381028,9.0,0.0,-30.0
1776886241.1481028,10.0,-2.0,-30.0
1776886241.1581028,8.0,-7.0,-30.0
1776886241.1681027,4.0,-3.0,-29.0
1776886241.1781027,0.0,-6.0,-30.0
1776886241.1881027,1.0,-6.0,-29.0
1776886241.1981027,-2.0,-6.0,-26.0
1776886241.2081027,-1.0,-3.0,-27.0
1776886241.2181027,-2.0,-7.0,-30.0
1776886241.2281027,-1.0,-2.0,-24.0
1776886241.238103,-3.0,-1.0,-26.0
1776886241.248103,-1.0,0.0,-27.0
1776886241.258103,-2.0,-1.0,-26.0
1776886241.2681026,1.0,1.0,-30.0
1776886241.2781026,3.0,1.0,-37.0
1776886241.2881026,4.0,1.0,-45.0
1776886241.2981029,2.0,-3.0,-41.0
1776886241.3081028,6.0,-8.0,-39.0
1776886241.3181028,6.0,-8.0,-41.0
1776886241.3281028,7.0,-9.0,-38.0
1776886241.3381028,6.0,-8.0,-34.0
1776886241.3481028,8.0,-5.0,-30.0
1776886241.3581028,8.0,-2.0,-34.0
1776886241.3681028,10.0,-7.0,-35.0
1776886241.3781028,11.0,-5.0,-34.0
1776886241.3881028,10.0,-7.0,-39.0
1776886241.3981028,0.0,-2.0,-39.0
1776886241.4081028,-3.0,-4.0,-51.0
1776886241.4181027,-2.0,-5.0,-56.0
1776886241.4281027,-1.0,-5.0,-52.0
1776886241.4381027,0.0,-1.0,-50.0
1776886241.4481027,-1.0,0.0,-49.0
1776886241.4581027,-2.0,-1.0,-47.0
1776886241.4681027,-4.0,-5.0,-45.0
1776886241.4781027,-6.0,-4.0,-46.0
1776886241.488103,-5.0,-2.0,-45.0
1776886241.498103,-10.0,-1.0,-38.0
1776886241.508103,-13.0,1.0,-33.0
1776886241.5181026,-11.0,1.0,-27.0
1776886241.5281026,-8.0,2.0,-30.0
1776886241.5381026,-5.0,1.0,-36.0
1776886241.5481029,-3.0,-1.0,-38.0
1776886241.5581028,-2.0,0.0,-34.0
1776886241.5681028,7.0,2.0,-35.0
1776886241.5781028,7.0,0.0,-37.0
1776886241.5881028,6.0,1.0,-36.0
1776886241.5981028,3.0,-1.0,-44.0
1776886241.6081028,4.0,-1.0,-45.0
1776886241.6181028,6.0,1.0,-40.0
1776886241.6281028,11.0,1.0,-40.0
1776886241.6381028,6.0,0.0,-41.0
1776886241.6481028,0.0,0.0,-35.0
1776886241.6581028,-4.0,-1.0,-31.0
1776886241.6681027,-6.0,-4.0,-31.0
1776886241.6781027,-5.0,-3.0,-33.0
1776886241.6881027,-4.0,-3.0,-35.0
1776886241.6981027,-3.0,-6.0,-36.0
1776886241.7081027,0.0,-6.0,-41.0
1776886241.7181027,-2.0,-5.0,-37.0
1776886241.7281027,-2.0,-3.0,-33.0
1776886241.738103,-4.0,-2.0,-35.0
1776886241.748103,-5.0,-1.0,-36.0
1776886241.758103,0.0,0.0,-38.0
1776886241.7681026,-2.0,0.0,-39.0
1776886241.7781026,0.0,-2.0,-36.0
1776886241.7891028,1.0,1.0,-29.0
1776886241.7991028,-1.0,0.0,-37.0
1776886241.8081028,-1.0,0.0,-36.0
1776886241.8191028,0.0,-5.0,-33.0
1776886241.8281028,1.0,-6.0,-35.0
1776886241.8391027,4.0,-5.0,-35.0
1776886241.8491027,3.0,-6.0,-37.0
1776886241.8591027,-1.0,-4.0,-31.0
1776886241.8691027,-4.0,-3.0,-34.0
1776886241.8791027,-3.0,-3.0,-37.0
1776886241.8891027,1.0,-4.0,-35.0
1776886241.8991027,1.0,-1.0,-33.0
1776886241.909103,2.0,-1.0,-31.0
1776886241.919103,0.0,-3.0,-29.0
1776886241.929103,2.0,-3.0,-30.0
1776886241.9391026,6.0,-2.0,-33.0
1776886241.9491026,4.0,-6.0,-35.0
1776886241.9591026,2.0,-6.0,-35.0
1776886241.9691026,3.0,-6.0,-31.0
1776886241.9791028,0.0,-3.0,-32.0
1776886241.9891028,1.0,-4.0,-30.0
1776886241.9991028,2.0,-6.0,-34.0
1776886242.0091028,3.0,-1.0,-33.0
1776886242.0191028,-3.0,0.0,-42.0
1776886242.0291028,0.0,1.0,-46.0
1776886242.0391028,-3.0,5.0,-46.0
1776886242.0491028,-1.0,5.0,-42.0
1776886242.0591028,-1.0,3.0,-40.0
1776886242.0691028,1.0,0.0,-41.0
1776886242.0791028,1.0,-1.0,-38.0
1776886242.0891027,4.0,2.0,-33.0
1776886242.0991027,4.0,0.0,-29.0
1776886242.1091027,3.0,-1.0,-32.0
1776886242.1191027,2.0,-5.0,-32.0
1776886242.1291027,1.0,-2.0,-34.0
1776886242.1391027,2.0,0.0,-35.0
1776886242.1491027,2.0,-4.0,-42.0
1776886242.159103,0.0,-4.0,-45.0
1776886242.169103,-1.0,-3.0,-40.0
1776886242.179103,-4.0,-2.0,-38.0
1776886242.1891026,-6.0,0.0,-33.0
1776886242.1991026,-8.0,3.0,-33.0
1776886242.2091026,-5.0,3.0,-41.0
1776886242.2191026,-7.0,0.0,-39.0
1776886242.2291028,-6.0,-3.0,-30.0
1776886242.2391028,-7.0,-1.0,-28.0
1776886242.2491028,-2.0,4.0,-30.0
1776886242.2591028,-3.0,0.0,-29.0
1776886242.2691028,-5.0,0.0,-34.0
1776886242.2791028,-4.0,-3.0,-38.0
1776886242.2891028,0.0,0.0,-36.0
1776886242.2991028,0.0,1.0,-36.0
1776886242.3091028,-3.0,0.0,-29.0
1776886242.3191028,-2.0,0.0,-29.0
1776886242.3291028,0.0,0.0,-27.0
1776886242.3391027,1.0,1.0,-32.0
1776886242.3491027,-1.0,4.0,-39.0
1776886242.3591027,0.0,1.0,-36.0
1776886242.3691027,4.0,0.0,-39.0
1776886242.3791027,6.0,-2.0,-32.0
1776886242.3891027,1.0,0.0,-32.0
1776886242.3991027,-2.0,0.0,-31.0
1776886242.409103,-3.0,0.0,-31.0
1776886242.419103,0.0,-4.0,-29.0
1776886242.429103,0.0,0.0,-32.0
1776886242.4391026,-3.0,2.0,-36.0
1776886242.4491026,-3.0,0.0,-43.0
1776886242.4591026,-5.0,0.0,-47.0
1776886242.4691026,0.0,-3.0,-51.0
1776886242.4791028,2.0,-4.0,-47.0
1776886242.4891028,6.0,-4.0,-44.0
1776886242.4991028,5.0,-6.0,-39.0
1776886242.5091028,1.0,-10.0,-40.0
1776886242.5191028,4.0,-13.0,-39.0
1776886242.5291028,6.0,-12.0,-39.0
1776886242.5391028,5.0,-12.0,-40.0
1776886242.5491028,2.0,-11.0,-40.0
1776886242.5591028,0.0,-4.0,-42.0
1776886242.5691028,0.0,-6.0,-38.0
1776886242.5791028,1.0,-7.0,-32.0
1776886242.5891027,-3.0,-4.0,-37.0
1776886242.5991027,-3.0,-2.0,-39.0
1776886242.6091027,-2.0,-1.0,-40.0
1776886242.6191027,0.0,-1.0,-39.0
1776886242.6291027,0.0,1.0,-37.0
1776886242.6391027,-3.0,3.0,-34.0
1776886242.6491027,1.0,0.0,-35.0
1776886242.659103,3.0,0.0,-44.0
1776886242.669103,6.0,-1.0,-43.0
1776886242.679103,1.0,-1.0,-28.0
1776886242.6891026,1.0,-4.0,-32.0
1776886242.6991026,4.0,-4.0,-33.0
1776886242.7091026,3.0,0.0,-38.0
1776886242.7191026,2.0,0.0,-35.0
1776886242.7291028,5.0,3.0,-31.0
1776886242.7391028,4.0,1.0,-36.0
1776886242.7491028,3.0,-1.0,-35.0
1776886242.7591028,0.0,0.0,-39.0
1776886242.7691028,-3.0,1.0,-39.0
1776886242.7791028,-4.0,-3.0,-41.0
1776886242.7891028,-2.0,-3.0,-45.0
1776886242.7991028,0.0,-2.0,-46.0
1776886242.8091028,6.0,-2.0,-42.0
1776886242.8191028,6.0,-1.0,-41.0
1776886242.8291028,4.0,0.0,-45.0
1776886242.8391027,3.0,0.0,-49.0
1776886242.8491027,3.0,-1.0,-41.0
1776886242.8591027,3.0,-4.0,-33.0
1776886242.8691027,-1.0,-3.0,-32.0
1776886242.8791027,-5.0,-2.0,-33.0
1776886242.8891027,-7.0,-1.0,-37.0
1776886242.8991027,-2.0,0.0,-36.0
1776886242.909103,3.0,-3.0,-34.0
1776886242.919103,7.0,-2.0,-41.0
1776886242.929103,2.0,-2.0,-41.0
1776886242.9391026,2.0,-1.0,-42.0
1776886242.9491026,3.0,-1.0,-47.0
1776886242.9591026,3.0,-3.0,-48.0
1776886242.9691026,4.0,-7.0,-49.0
1776886242.9791028,2.0,0.0,-42.0
1776886242.9891028,4.0,-4.0,-42.0
1776886242.9991028,7.0,-5.0,-39.0
1776886243.0091028,4.0,-4.0,-34.0
1776886243.0191028,3.0,-5.0,-38.0
1776886243.0291028,-2.0,-4.0,-32.0
1776886243.0391028,0.0,-7.0,-33.0
1776886243.0491028,3.0,-10.0,-33.0
1776886243.0591028,4.0,-8.0,-31.0
1776886243.0691028,5.0,-6.0,-21.0
1776886243.0791028,9.0,-7.0,-24.0
1776886243.0891027,10.0,-4.0,-27.0
1776886243.0991027,7.0,-4.0,-28.0
1776886243.1091027,1.0,-5.0,-27.0
1776886243.1191027,3.0,-4.0,-29.0
1776886243.1291027,5.0,2.0,-36.0
1776886243.1391027,0.0,0.0,-37.0
1776886243.1491027,2.0,-2.0,-37.0
1776886243.159103,0.0,-3.0,-34.0
1776886243.169103,0.0,0.0,-38.0
1776886243.179103,0.0,2.0,-38.0
1776886243.1891026,1.0,4.0,-38.0
1776886243.1991026,-3.0,4.0,-35.0
1776886243.2091026,-2.0,3.0,-39.0
1776886243.2191026,1.0,1.0,-39.0
1776886243.2291028,-5.0,1.0,-50.0
1776886243.2391028,-7.0,0.0,-44.0
1776886243.2491028,-5.0,1.0,-36.0
1776886243.2591028,-4.0,-1.0,-44.0
1776886243.2691028,0.0,-4.0,-46.0
1776886243.2791028,-3.0,-4.0,-44.0
1776886243.2891028,-1.0,-1.0,-45.0
1776886243.2991028,1.0,-5.0,-41.0
1776886243.3091028,-1.0,-7.0,-34.0
1776886243.3191028,-3.0,-8.0,-30.0
1776886243.3291028,0.0,-7.0,-32.0
1776886243.3391027,-3.0,-3.0,-34.0
1776886243.3491027,-7.0,-4.0,-35.0
1776886243.3591027,-2.0,-3.0,-40.0
1776886243.3691027,5.0,-2.0,-36.0
1776886243.3791027,2.0,-1.0,-36.0
1776886243.3891027,0.0,-2.0,-35.0
1776886243.3991027,1.0,-4.0,-39.0
1776886243.409103,0.0,-5.0,-35.0
1776886243.419103,2.0,1.0,-30.0
1776886243.429103,2.0,1.0,-29.0
1776886243.4391026,7.0,2.0,-33.0
1776886243.4491026,7.0,1.0,-34.0
1776886243.4591026,5.0,0.0,-40.0
1776886243.4691026,2.0,0.0,-45.0
1776886243.4791028,5.0,-1.0,-47.0
1776886243.4891028,3.0,-4.0,-45.0
1776886243.4991028,0.0,-1.0,-45.0
1776886243.5091028,2.0,0.0,-39.0
1776886243.5191028,0.0,0.0,-31.0
1776886243.5291028,0.0,-4.0,-32.0
1776886243.5391028,0.0,-7.0,-36.0
1776886243.5491028,0.0,-9.0,-31.0
1776886243.5591028,5.0,-3.0,-35.0
1776886243.5691028,0.0,2.0,-37.0
1776886243.5791028,-1.0,2.0,-37.0
1776886243.5891027,-3.0,-1.0,-36.0
1776886243.5991027,-4.0,-4.0,-28.0
1776886243.6091027,-6.0,-2.0,-31.0
1776886243.6191027,-9.0,0.0,-31.0
1776886243.6291027,-8.0,0.0,-28.0
1776886243.6391027,-4.0,1.0,-29.0
1776886243.6491027,0.0,0.0,-29.0
1776886243.659103,1.0,0.0,-31.0
1776886243.669103,3.0,-3.0,-38.0
1776886243.679103,-2.0,0.0,-50.0
1776886243.6891026,-4.0,-1.0,-50.0
1776886243.6991026,-1.0,-5.0,-44.0
1776886243.7091026,4.0,0.0,-40.0
1776886243.7191026,0.0,-5.0,-34.0
1776886243.7291028,3.0,-4.0,-35.0
1776886243.7391028,7.0,1.0,-41.0
1776886243.7491028,7.0,3.0,-37.0
1776886243.7591028,6.0,1.0,-45.0
1776886243.7691028,2.0,0.0,-43.0
1776886243.7791028,1.0,-2.0,-40.0
1776886243.7891028,0.0,-1.0,-38.0
1776886243.7991028,-1.0,0.0,-51.0
1776886243.8091028,-1.0,-8.0,-55.0
1776886243.8201027,2.0,-8.0,-60.0
1776886243.8301027,2.0,-8.0,-54.0
1776886243.840103,3.0,-8.0,-49.0
1776886243.850103,3.0,-9.0,-45.0
1776886243.860103,1.0,-9.0,-48.0
1776886243.8701026,5.0,-5.0,-47.0
1776886243.8801026,0.0,-6.0,-43.0
1776886243.8901026,-1.0,0.0,-51.0
1776886243.9001029,-2.0,-2.0,-48.0
1776886243.9101028,-3.0,-2.0,-42.0
1776886243.9201028,-3.0,-1.0,-42.0
1776886243.9301028,-4.0,-2.0,-37.0
1776886243.9401028,-6.0,-2.0,-34.0
1776886243.9501028,-8.0,-5.0,-36.0
1776886243.9601028,-3.0,-1.0,-36.0
1776886243.9701028,-4.0,1.0,-33.0
1776886243.9801028,0.0,-1.0,-42.0
1776886243.9901028,3.0,-4.0,-46.0
1776886244.0001028,10.0,-4.0,-41.0
1776886244.0101027,14.0,-4.0,-37.0
1776886244.0201027,6.0,0.0,-43.0
1776886244.0301027,3.0,-1.0,-43.0
1776886244.0401027,0.0,-2.0,-44.0
1776886244.0501027,-3.0,-6.0,-44.0
1776886244.0601027,-8.0,-5.0,-39.0
1776886244.0701027,-3.0,-2.0,-31.0
1776886244.0801027,-3.0,-1.0,-27.0
1776886244.090103,-3.0,-1.0,-29.0
1776886244.100103,0.0,-3.0,-35.0
1776886244.110103,0.0,0.0,-44.0
1776886244.1201026,-1.0,0.0,-49.0
1776886244.1301026,0.0,-4.0,-46.0
1776886244.1401026,-3.0,0.0,-45.0
1776886244.1501029,-8.0,-1.0,-40.0
1776886244.1601028,-5.0,-4.0,-41.0
1776886244.1701028,0.0,-9.0,-45.0
1776886244.1801028,-3.0,-9.0,-37.0
1776886244.1901028,-4.0,-5.0,-37.0
1776886244.2001028,-3.0,-2.0,-36.0
1776886244.2101028,-3.0,-2.0,-41.0
1776886244.2201028,-5.0,0.0,-42.0
1776886244.2301028,0.0,0.0,-45.0
1776886244.2401028,6.0,-2.0,-43.0
1776886244.2501028,2.0,0.0,-42.0
1776886244.2601027,6.0,0.0,-41.0
1776886244.2701027,8.0,1.0,-38.0
1776886244.2801027,4.0,1.0,-40.0
1776886244.2901027,4.0,1.0,-42.0
1776886244.3001027,4.0,5.0,-41.0
1776886244.3101027,0.0,2.0,-41.0
1776886244.3201027,2.0,0.0,-41.0
1776886244.3301027,7.0,-2.0,-46.0
1776886244.340103,1.0,-2.0,-51.0
1776886244.350103,0.0,-6.0,-53.0
1776886244.360103,0.0,-5.0,-48.0
1776886244.3701026,0.0,-6.0,-44.0
1776886244.3801026,0.0,-5.0,-48.0
1776886244.3901026,-6.0,-3.0,-51.0
1776886244.4001029,-5.0,-7.0,-48.0
1776886244.4101028,-4.0,-9.0,-42.0
1776886244.4201028,0.0,-12.0,-44.0
1776886244.4301028,-2.0,-11.0,-48.0
1776886244.4401028,-8.0,-9.0,-44.0
1776886244.4501028,-7.0,-9.0,-44.0
1776886244.4601028,-6.0,-12.0,-43.0
1776886244.4701028,-3.0,-8.0,-43.0
1776886244.4801028,-1.0,-9.0,-39.0
1776886244.4901028,0.0,-12.0,-32.0
1776886244.5001028,-2.0,-11.0,-32.0
1776886244.5101027,-3.0,-9.0,-37.0
1776886244.5201027,-6.0,-8.0,-33.0
1776886244.5301027,-4.0,-8.0,-26.0
1776886244.5401027,-4.0,-7.0,-24.0
1776886244.5501027,0.0,-7.0,-30.0
1776886244.5601027,0.0,-4.0,-30.0
1776886244.5701027,1.0,-3.0,-36.0
1776886244.5801027,0.0,-3.0,-37.0
1776886244.590103,3.0,-5.0,-39.0
1776886244.600103,0.0,-3.0,-36.0
1776886244.610103,-5.0,-2.0,-33.0
1776886244.6201026,-9.0,-1.0,-36.0
1776886244.6301026,-10.0,0.0,-36.0
1776886244.6401026,-4.0,-1.0,-35.0
1776886244.6501029,-4.0,0.0,-39.0
1776886244.6601028,-3.0,2.0,-29.0
1776886244.6701028,-7.0,1.0,-28.0
1776886244.6801028,-2.0,0.0,-29.0
1776886244.6901028,-1.0,0.0,-25.0
1776886244.7001028,1.0,3.0,-26.0
1776886244.7101028,2.0,1.0,-30.0
1776886244.7201028,1.0,0.0,-30.0
1776886244.7301028,2.0,0.0,-29.0
1776886244.7401028,0.0,3.0,-35.0
1776886244.7501028,2.0,3.0,-30.0
1776886244.7601027,0.0,0.0,-30.0
1776886244.7701027,0.0,0.0,-30.0
1776886244.7801027,0.0,0.0,-30.0
1776886244.7901027,0.0,0.0,-28.0
1776886244.8001027,-3.0,-4.0,-31.0
1776886244.8101027,-6.0,-5.0,-21.0
1776886244.8201027,-7.0,0.0,-18.0
1776886244.8301027,-2.0,-3.0,-20.0
1776886244.840103,-1.0,-5.0,-30.0
1776886244.850103,-2.0,-8.0,-35.0
1776886244.860103,0.0,-10.0,-36.0
1776886244.8701026,-2.0,-11.0,-34.0
1776886244.8801026,-1.0,-10.0,-37.0
1776886244.8901026,0.0,-3.0,-39.0
1776886244.9001029,3.0,-6.0,-46.0
1776886244.9101028,3.0,-5.0,-39.0
1776886244.9201028,1.0,-2.0,-36.0
1776886244.9301028,0.0,-1.0,-37.0
1776886244.9401028,0.0,-1.0,-38.0
1776886244.9501028,2.0,0.0,-40.0
1776886244.9601028,3.0,-1.0,-39.0
1776886244.9701028,3.0,1.0,-45.0
1776886244.9801028,6.0,0.0,-43.0
1776886244.9901028,5.0,3.0,-41.0
1776886245.0001028,7.0,5.0,-45.0
1776886245.0101027,6.0,2.0,-50.0
1776886245.0201027,10.0,1.0,-48.0
1776886245.0301027,12.0,-2.0,-50.0
1776886245.0401027,4.0,-2.0,-50.0
1776886245.0501027,0.0,-1.0,-49.0
1776886245.0601027,-1.0,-4.0,-49.0
1776886245.0701027,0.0,-8.0,-44.0
1776886245.0801027,-1.0,-11.0,-40.0
1776886245.090103,-2.0,-4.0,-35.0
1776886245.100103,0.0,-4.0,-33.0
1776886245.110103,0.0,0.0,-40.0
1776886245.1201026,3.0,-1.0,-36.0
1776886245.1301026,3.0,-2.0,-35.0
1776886245.1401026,2.0,-2.0,-30.0
1776886245.1501029,1.0,-5.0,-37.0
1776886245.1601028,2.0,-3.0,-33.0
1776886245.1701028,4.0,-1.0,-29.0
1776886245.1801028,0.0,-2.0,-29.0
1776886245.1901028,1.0,-1.0,-29.0
1776886245.2001028,4.0,-4.0,-28.0
1776886245.2101028,6.0,-5.0,-30.0
1776886245.2201028,5.0,-4.0,-30.0
1776886245.2301028,3.0,-1.0,-30.0
1776886245.2401028,3.0,-2.0,-33.0
1776886245.2501028,3.0,-6.0,-32.0
1776886245.2601027,2.0,-4.0,-31.0
1776886245.2701027,-2.0,-5.0,-32.0
1776886245.2801027,-4.0,-6.0,-33.0
1776886245.2901027,-2.0,-12.0,-37.0
1776886245.3001027,-1.0,-10.0,-39.0
1776886245.3101027,0.0,-7.0,-43.0
1776886245.3201027,-2.0,-5.0,-42.0
1776886245.3301027,0.0,-5.0,-38.0
1776886245.340103,0.0,-5.0,-37.0
1776886245.350103,2.0,0.0,-44.0
1776886245.360103,1.0,-2.0,-40.0
1776886245.3701026,0.0,-1.0,-42.0
1776886245.3801026,-2.0,1.0,-39.0
1776886245.3901026,-5.0,4.0,-39.0
1776886245.4001029,0.0,0.0,-43.0
1776886245.4101028,0.0,1.0,-44.0
1776886245.4201028,2.0,0.0,-42.0
1776886245.4301028,0.0,0.0,-41.0
1776886245.4401028,1.0,0.0,-39.0
1776886245.4501028,0.0,-1.0,-38.0
1776886245.4601028,-3.0,0.0,-38.0
1776886245.4701028,-4.0,1.0,-37.0
1776886245.4801028,-2.0,1.0,-29.0
1776886245.4901028,-2.0,2.0,-28.0
1776886245.5001028,-1.0,4.0,-33.0
1776886245.5101027,-2.0,0.0,-34.0
1776886245.5201027,-1.0,-1.0,-31.0
1776886245.5301027,-1.0,-5.0,-26.0
1776886245.5401027,-1.0,-4.0,-30.0
1776886245.5501027,0.0,0.0,-30.0
1776886245.5601027,2.0,-2.0,-34.0
1776886245.5701027,3.0,-5.0,-39.0
1776886245.5801027,0.0,-9.0,-41.0
1776886245.590103,4.0,-4.0,-41.0
1776886245.600103,2.0,-3.0,-43.0
1776886245.610103,3.0,-5.0,-41.0
1776886245.6201026,4.0,0.0,-38.0
1776886245.6301026,2.0,-3.0,-35.0
1776886245.6401026,0.0,-5.0,-37.0
1776886245.6501029,-1.0,-4.0,-37.0
1776886245.6601028,0.0,-1.0,-43.0
1776886245.6701028,-6.0,-1.0,-41.0
1776886245.6801028,-4.0,-1.0,-40.0
1776886245.6901028,-1.0,-1.0,-43.0
1776886245.7001028,3.0,-2.0,-42.0
1776886245.7101028,0.0,-1.0,-44.0
1776886245.7201028,-1.0,0.0,-46.0
1776886245.7301028,2.0,-1.0,-40.0
1776886245.7401028,0.0,1.0,-40.0
1776886245.7501028,-1.0,3.0,-44.0
1776886245.7601027,-2.0,5.0,-45.0
1776886245.7701027,0.0,4.0,-42.0
1776886245.781103,6.0,3.0,-40.0
1776886245.7901027,7.0,1.0,-49.0
1776886245.8001027,4.0,2.0,-51.0
1776886245.8101027,9.0,2.0,-52.0
1776886245.8211029,11.0,-4.0,-49.0
1776886245.8311028,8.0,-9.0,-54.0
1776886245.8411028,8.0,-7.0,-50.0
1776886245.8511028,5.0,-4.0,-42.0
1776886245.8611028,3.0,-4.0,-43.0
1776886245.8711028,1.0,-2.0,-34.0
1776886245.8811028,0.0,0.0,-30.0
1776886245.8911028,-3.0,1.0,-37.0
1776886245.9011028,-6.0,2.0,-39.0
1776886245.9111028,-5.0,3.0,-29.0
1776886245.9211028,-5.0,0.0,-26.0
1776886245.9311028,-7.0,0.0,-35.0
1776886245.9411027,-7.0,0.0,-37.0
1776886245.9511027,2.0,-3.0,-31.0
1776886245.9611027,1.0,-6.0,-34.0
1776886245.9711027,-1.0,-9.0,-36.0
1776886245.9811027,-1.0,-6.0,-37.0
1776886245.9911027,2.0,-3.0,-41.0
1776886246.0011027,2.0,-1.0,-37.0
1776886246.011103,3.0,1.0,-38.0
1776886246.021103,5.0,1.0,-36.0
1776886246.031103,0.0,2.0,-40.0
1776886246.0411026,-5.0,-2.0,-38.0
1776886246.0511026,-8.0,-4.0,-42.0
1776886246.0611026,-8.0,-3.0,-44.0
1776886246.0711029,-6.0,-3.0,-43.0
1776886246.0811028,0.0,-10.0,-42.0
1776886246.0911028,1.0,-8.0,-37.0
1776886246.1011028,1.0,-10.0,-38.0
1776886246.1111028,1.0,-8.0,-37.0
1776886246.1211028,-2.0,-5.0,-33.0
1776886246.1311028,1.0,-5.0,-28.0
1776886246.1411028,0.0,0.0,-26.0
1776886246.1511028,1.0,1.0,-33.0
1776886246.1611028,2.0,-3.0,-38.0
1776886246.1711028,0.0,-4.0,-40.0
1776886246.1811028,2.0,-4.0,-42.0
1776886246.1911027,1.0,-2.0,-43.0
1776886246.2011027,4.0,-2.0,-44.0
1776886246.2111027,6.0,-5.0,-45.0
1776886246.2211027,2.0,-4.0,-40.0
1776886246.2311027,5.0,-3.0,-36.0
1776886246.2411027,10.0,-4.0,-29.0
1776886246.2511027,10.0,-7.0,-25.0
1776886246.261103,4.0,-3.0,-29.0
1776886246.271103,5.0,-3.0,-33.0
1776886246.281103,4.0,-6.0,-40.0
1776886246.2911026,5.0,-5.0,-32.0
1776886246.3011026,0.0,-2.0,-28.0
1776886246.3111026,-3.0,1.0,-35.0
1776886246.3211029,-1.0,0.0,-34.0
1776886246.3311028,6.0,0.0,-31.0
1776886246.3411028,3.0,0.0,-33.0
1776886246.3511028,3.0,-2.0,-33.0
1776886246.3611028,-3.0,-4.0,-32.0
1776886246.3711028,-4.0,-1.0,-31.0
1776886246.3811028,-5.0,-2.0,-33.0
1776886246.3911028,-4.0,1.0,-34.0
1776886246.4011028,-3.0,0.0,-35.0
1776886246.4111028,-1.0,-2.0,-44.0
1776886246.4211028,5.0,-3.0,-48.0
1776886246.4311028,5.0,-7.0,-45.0
1776886246.4411027,2.0,-8.0,-48.0
1776886246.4511027,4.0,-6.0,-47.0
1776886246.4611027,4.0,-4.0,-46.0
1776886246.4711027,5.0,-7.0,-42.0
1776886246.4811027,7.0,-5.0,-45.0
1776886246.4911027,7.0,-4.0,-40.0
1776886246.5011027,6.0,-4.0,-38.0
1776886246.511103,4.0,-8.0,-33.0
1776886246.521103,3.0,-8.0,-27.0
1776886246.531103,0.0,-8.0,-29.0
1776886246.5411026,0.0,-7.0,-29.0
1776886246.5511026,0.0,-6.0,-37.0
1776886246.5611026,-3.0,-7.0,-30.0
1776886246.5711029,-2.0,-4.0,-36.0
1776886246.5811028,-3.0,-3.0,-33.0
1776886246.5911028,-1.0,-8.0,-35.0
1776886246.6011028,-2.0,-9.0,-33.0
1776886246.6111028,-4.0,-5.0,-37.0
1776886246.6211028,-9.0,-1.0,-43.0
1776886246.6311028,-9.0,0.0,-48.0
1776886246.6411028,-7.0,-6.0,-45.0
1776886246.6511028,-9.0,-7.0,-37.0
1776886246.6611028,-11.0,-8.0,-38.0
1776886246.6711028,-8.0,-8.0,-34.0
1776886246.6811028,-6.0,-6.0,-37.0
1776886246.6911027,-6.0,-7.0,-37.0
1776886246.7011027,-3.0,-6.0,-31.0
1776886246.7111027,0.0,-7.0,-39.0
1776886246.7211027,0.0,-8.0,-39.0
1776886246.7311027,-1.0,-8.0,-42.0
1776886246.7411027,-3.0,0.0,-40.0
1776886246.7511027,-8.0,1.0,-45.0
1776886246.761103,-4.0,0.0,-40.0
1776886246.771103,-3.0,-2.0,-39.0
1776886246.781103,-3.0,1.0,-38.0
1776886246.7911026,-4.0,2.0,-37.0
1776886246.8011026,-11.0,3.0,-36.0
1776886246.8111026,-9.0,2.0,-36.0
1776886246.8211029,-7.0,4.0,-42.0
1776886246.8311028,-8.0,6.0,-43.0
1776886246.8411028,-3.0,4.0,-42.0
1776886246.8511028,-6.0,5.0,-39.0
1776886246.8611028,-2.0,2.0,-39.0
1776886246.8711028,0.0,7.0,-41.0
1776886246.8811028,0.0,5.0,-40.0
1776886246.8911028,0.0,5.0,-42.0
1776886246.9011028,1.0,3.0,-50.0
1776886246.9111028,2.0,3.0,-53.0
1776886246.9211028,7.0,5.0,-54.0
1776886246.9311028,8.0,5.0,-54.0
1776886246.9411027,9.0,6.0,-56.0
1776886246.9511027,9.0,0.0,-52.0
1776886246.9611027,6.0,0.0,-50.0
1776886246.9711027,-1.0,-2.0,-46.0
1776886246.9811027,0.0,-1.0,-44.0
1776886246.9911027,2.0,-2.0,-43.0
1776886247.0011027,5.0,-4.0,-44.0
1776886247.011103,4.0,-5.0,-40.0
1776886247.021103,3.0,-12.0,-37.0
1776886247.031103,4.0,-8.0,-37.0
1776886247.0411026,5.0,-9.0,-37.0
1776886247.0511026,4.0,-8.0,-37.0
1776886247.0611026,0.0,-6.0,-36.0
1776886247.0711029,-3.0,-5.0,-35.0
1776886247.0811028,-2.0,-6.0,-40.0
1776886247.0911028,0.0,-9.0,-37.0
1776886247.1011028,0.0,-8.0,-33.0
1776886247.1111028,3.0,-11.0,-29.0
1776886247.1211028,5.0,-9.0,-32.0
1776886247.1311028,2.0,-8.0,-31.0
1776886247.1411028,0.0,-8.0,-38.0
1776886247.1511028,3.0,-10.0,-33.0
1776886247.1611028,3.0,-12.0,-41.0
1776886247.1711028,5.0,-9.0,-39.0
1776886247.1811028,7.0,-10.0,-38.0
1776886247.1911027,7.0,-6.0,-40.0
1776886247.2011027,6.0,-5.0,-43.0
1776886247.2111027,5.0,-4.0,-43.0
1776886247.2211027,3.0,0.0,-37.0
1776886247.2311027,1.0,-1.0,-36.0
1776886247.2411027,0.0,-4.0,-37.0
1776886247.2511027,0.0,-2.0,-36.0
1776886247.261103,0.0,-2.0,-40.0
1776886247.271103,4.0,-5.0,-42.0
1776886247.281103,5.0,-1.0,-46.0
1776886247.2911026,5.0,3.0,-49.0
1776886247.3011026,6.0,4.0,-41.0
1776886247.3111026,7.0,7.0,-41.0
1776886247.3211029,2.0,3.0,-42.0
1776886247.3311028,4.0,0.0,-41.0
1776886247.3411028,4.0,-1.0,-36.0
1776886247.3511028,1.0,-2.0,-43.0
1776886247.3611028,4.0,-2.0,-42.0
1776886247.3711028,6.0,0.0,-44.0
1776886247.3811028,7.0,0.0,-48.0
1776886247.3911028,5.0,0.0,-44.0
1776886247.4011028,4.0,-1.0,-41.0
1776886247.4111028,-1.0,-1.0,-36.0
1776886247.4211028,-3.0,-2.0,-35.0
1776886247.4311028,-2.0,-1.0,-40.0
1776886247.4411027,-4.0,-2.0,-43.0
1776886247.4511027,-8.0,-1.0,-45.0
1776886247.4611027,-9.0,-2.0,-39.0
1776886247.4711027,-6.0,-3.0,-40.0
1776886247.4811027,-2.0,-2.0,-40.0
1776886247.4911027,-3.0,2.0,-37.0
1776886247.5011027,-1.0,4.0,-35.0
1776886247.511103,0.0,4.0,-40.0
1776886247.521103,-1.0,3.0,-44.0
1776886247.531103,-3.0,4.0,-41.0
1776886247.5411026,-2.0,1.0,-48.0
1776886247.5511026,-2.0,0.0,-44.0
1776886247.5611026,0.0,2.0,-45.0
1776886247.5711029,0.0,1.0,-42.0
1776886247.5811028,-1.0,4.0,-38.0
1776886247.5911028,-3.0,4.0,-34.0
1776886247.6011028,-1.0,5.0,-35.0
1776886247.6111028,-5.0,5.0,-33.0
1776886247.6211028,-3.0,1.0,-30.0
1776886247.6311028,-5.0,0.0,-30.0
1776886247.6411028,-5.0,0.0,-32.0
1776886247.6511028,-9.0,0.0,-38.0
1776886247.6611028,-12.0,-3.0,-32.0
1776886247.6711028,-9.0,-2.0,-28.0
1776886247.6811028,-11.0,0.0,-30.0
1776886247.6911027,-9.0,-2.0,-30.0
1776886247.7011027,-8.0,0.0,-33.0
1776886247.7111027,-9.0,0.0,-36.0
1776886247.7211027,-11.0,-3.0,-32.0
1776886247.7311027,-11.0,-8.0,-35.0
1776886247.7411027,-9.0,-8.0,-38.0
1776886247.7521029,-11.0,-5.0,-33.0
1776886247.761103,-12.0,-6.0,-28.0
1776886247.7721028,-8.0,-2.0,-33.0
1776886247.781103,0.0,-2.0,-42.0
1776886247.7911026,5.0,2.0,-45.0
1776886247.8021028,5.0,5.0,-41.0
1776886247.8121028,4.0,4.0,-38.0
1776886247.8221028,3.0,3.0,-45.0
1776886247.8321028,1.0,2.0,-40.0
1776886247.8421028,0.0,2.0,-33.0
1776886247.8521028,0.0,6.0,-36.0
1776886247.8621027,1.0,4.0,-35.0
1776886247.8721027,2.0,2.0,-33.0
1776886247.8821027,7.0,0.0,-34.0
1776886247.8921027,7.0,-6.0,-37.0
1776886247.9021027,3.0,-5.0,-28.0
1776886247.9121027,1.0,-6.0,-31.0
1776886247.9221027,0.0,-4.0,-34.0
1776886247.932103,0.0,-5.0,-39.0
1776886247.942103,-5.0,-6.0,-34.0
1776886247.952103,-4.0,-8.0,-32.0
1776886247.962103,-1.0,-7.0,-33.0
1776886247.9721026,2.0,-3.0,-30.0
1776886247.9821026,0.0,-3.0,-30.0
1776886247.9921026,0.0,-7.0,-35.0
1776886248.0021029,0.0,-5.0,-39.0
1776886248.0121028,0.0,-4.0,-41.0
1776886248.0221028,0.0,-1.0,-35.0
1776886248.0321028,2.0,-1.0,-34.0
1776886248.0421028,0.0,-4.0,-36.0
1776886248.0521028,-3.0,-2.0,-42.0
1776886248.0621028,-2.0,-4.0,-38.0
1776886248.0721028,0.0,-2.0,-41.0
1776886248.0821028,0.0,0.0,-35.0
1776886248.0921028,3.0,1.0,-39.0
1776886248.1021028,3.0,0.0,-41.0
1776886248.1121027,2.0,1.0,-36.0
1776886248.1221027,0.0,0.0,-40.0
1776886248.1321027,-1.0,-1.0,-43.0
1776886248.1421027,-2.0,0.0,-40.0
1776886248.1521027,-1.0,1.0,-32.0
1776886248.1621027,-2.0,-2.0,-29.0
1776886248.1721027,-3.0,-2.0,-31.0
1776886248.182103,-6.0,-2.0,-30.0
1776886248.192103,-4.0,0.0,-33.0
1776886248.202103,-3.0,0.0,-38.0
1776886248.212103,-2.0,-2.0,-42.0
1776886248.2221026,-7.0,-1.0,-44.0
1776886248.2321026,-7.0,-2.0,-46.0
1776886248.2421026,-8.0,-6.0,-48.0
1776886248.2521029,-2.0,-5.0,-51.0
1776886248.2621028,-3.0,-6.0,-41.0
1776886248.2721028,0.0,-6.0,-41.0
1776886248.2821028,4.0,-2.0,-46.0
1776886248.2921028,5.0,-5.0,-48.0
1776886248.3021028,7.0,-3.0,-44.0
1776886248.3121028,7.0,-5.0,-46.0
1776886248.3221028,5.0,-5.0,-37.0
1776886248.3321028,6.0,-5.0,-30.0
1776886248.3421028,7.0,-6.0,-27.0
1776886248.3521028,4.0,-3.0,-30.0
1776886248.3621027,1.0,-2.0,-35.0
1776886248.3721027,3.0,-2.0,-38.0
1776886248.3821027,4.0,-3.0,-30.0
1776886248.3921027,-2.0,-1.0,-27.0
1776886248.4021027,-2.0,-3.0,-33.0
1776886248.4121027,-3.0,-6.0,-34.0
1776886248.4221027,-3.0,-4.0,-39.0
1776886248.432103,-5.0,-3.0,-38.0
1776886248.442103,-4.0,-3.0,-43.0
1776886248.452103,-2.0,0.0,-38.0
1776886248.462103,-4.0,0.0,-43.0
1776886248.4721026,-3.0,1.0,-48.0
1776886248.4821026,-3.0,2.0,-47.0
1776886248.4921026,-6.0,0.0,-38.0
1776886248.5021029,-2.0,-3.0,-30.0
1776886248.5121028,0.0,-1.0,-36.0
1776886248.5221028,-4.0,0.0,-39.0
1776886248.5321028,-7.0,0.0,-39.0
1776886248.5421028,-6.0,0.0,-37.0
1776886248.5521028,-2.0,0.0,-31.0
1776886248.5621028,0.0,5.0,-39.0
1776886248.5721028,2.0,6.0,-40.0
1776886248.5821028,-1.0,4.0,-42.0
1776886248.5921028,-1.0,0.0,-46.0
1776886248.6021028,0.0,-3.0,-50.0
1776886248.6121027,1.0,-1.0,-48.0
1776886248.6221027,-3.0,-2.0,-47.0
1776886248.6321027,-1.0,-2.0,-52.0
1776886248.6421027,-3.0,-1.0,-48.0
1776886248.6521027,-4.0,0.0,-45.0
1776886248.6621027,-1.0,-2.0,-42.0
1776886248.6721027,-1.0,-2.0,-48.0
1776886248.682103,0.0,-1.0,-42.0
1776886248.692103,1.0,-1.0,-40.0
1776886248.702103,0.0,1.0,-43.0
1776886248.712103,0.0,1.0,-40.0
1776886248.7221026,2.0,0.0,-39.0
1776886248.7321026,3.0,3.0,-42.0
1776886248.7421026,1.0,5.0,-42.0
1776886248.7521029,0.0,0.0,-46.0
1776886248.7621028,1.0,0.0,-44.0
1776886248.7721028,0.0,-2.0,-42.0
1776886248.7821028,0.0,1.0,-49.0
1776886248.7921028,1.0,4.0,-47.0
1776886248.8021028,6.0,2.0,-47.0
1776886248.8121028,6.0,1.0,-48.0
1776886248.8221028,6.0,0.0,-46.0
1776886248.8321028,6.0,-2.0,-41.0
1776886248.8421028,6.0,-3.0,-39.0
1776886248.8521028,6.0,-6.0,-41.0
1776886248.8621027,4.0,-6.0,-45.0
1776886248.8721027,5.0,-7.0,-45.0
1776886248.8821027,3.0,-10.0,-46.0
1776886248.8921027,6.0,-4.0,-42.0
1776886248.9021027,2.0,-3.0,-39.0
1776886248.9121027,0.0,0.0,-39.0
1776886248.9221027,3.0,-3.0,-39.0
1776886248.932103,5.0,-4.0,-44.0
1776886248.942103,3.0,-4.0,-42.0
1776886248.952103,1.0,-4.0,-48.0
1776886248.962103,-1.0,-4.0,-46.0
1776886248.9721026,1.0,-2.0,-43.0
1776886248.9821026,-1.0,0.0,-39.0
1776886248.9921026,0.0,-1.0,-37.0
1776886249.0021029,0.0,2.0,-43.0
1776886249.0121028,0.0,3.0,-38.0
1776886249.0221028,-5.0,6.0,-42.0
1776886249.0321028,-3.0,7.0,-50.0
1776886249.0421028,-5.0,5.0,-46.0
1776886249.0521028,-2.0,-2.0,-45.0
1776886249.0621028,2.0,-4.0,-48.0
1776886249.0721028,7.0,-1.0,-48.0
1776886249.0821028,5.0,-2.0,-46.0
1776886249.0921028,3.0,-5.0,-40.0
1776886249.1021028,-2.0,0.0,-43.0
1776886249.1121027,0.0,-3.0,-41.0
1776886249.1221027,1.0,-6.0,-40.0
1776886249.1321027,2.0,-5.0,-40.0
1776886249.1421027,6.0,-3.0,-38.0
1776886249.1521027,6.0,-4.0,-38.0
1776886249.1621027,4.0,-4.0,-35.0
1776886249.1721027,5.0,-1.0,-26.0
1776886249.182103,4.0,0.0,-26.0
1776886249.192103,0.0,-1.0,-28.0
1776886249.202103,-1.0,0.0,-32.0
1776886249.212103,0.0,0.0,-37.0
1776886249.2221026,-1.0,-1.0,-41.0
1776886249.2321026,-4.0,-2.0,-37.0
1776886249.2421026,0.0,0.0,-36.0
1776886249.2521029,0.0,-1.0,-35.0
1776886249.2621028,-3.0,-1.0,-36.0
1776886249.2721028,-4.0,1.0,-30.0
1776886249.2831028,-6.0,2.0,-30.0
1776886249.2921028,-4.0,0.0,-30.0
1776886249.3021028,-3.0,2.0,-28.0
1776886249.3121028,-2.0,4.0,-34.0
1776886249.3221028,5.0,1.0,-37.0
1776886249.3321028,1.0,1.0,-42.0
1776886249.3421028,1.0,1.0,-45.0
1776886249.3521028,1.0,-1.0,-44.0
1776886249.3621027,0.0,-5.0,-46.0
1776886249.3721027,-2.0,-4.0,-40.0
1776886249.3821027,-4.0,-1.0,-38.0
1776886249.3921027,-2.0,2.0,-41.0
1776886249.4021027,1.0,0.0,-36.0
1776886249.4121027,-1.0,0.0,-36.0
1776886249.4221027,0.0,-3.0,-36.0
1776886249.432103,4.0,-8.0,-31.0
1776886249.442103,2.0,-4.0,-31.0
1776886249.452103,2.0,0.0,-32.0
1776886249.462103,6.0,-2.0,-39.0
1776886249.4721026,7.0,-6.0,-47.0
1776886249.4821026,3.0,-4.0,-44.0
1776886249.4921026,-1.0,-1.0,-42.0
1776886249.5021029,1.0,-1.0,-46.0
1776886249.5121028,5.0,0.0,-47.0
1776886249.5221028,8.0,-2.0,-47.0
1776886249.5321028,9.0,-5.0,-45.0
1776886249.5421028,6.0,-7.0,-43.0
1776886249.5521028,5.0,-7.0,-38.0
1776886249.5621028,9.0,-5.0,-34.0
1776886249.5721028,10.0,-5.0,-35.0
1776886249.5821028,9.0,1.0,-32.0
1776886249.5921028,7.0,3.0,-32.0
1776886249.6021028,7.0,2.0,-38.0
1776886249.6121027,7.0,3.0,-39.0
1776886249.6221027,9.0,2.0,-39.0
1776886249.6321027,13.0,3.0,-38.0
1776886249.6421027,10.0,3.0,-34.0
1776886249.6521027,4.0,1.0,-40.0
1776886249.6621027,2.0,2.0,-45.0
1776886249.6721027,4.0,2.0,-47.0
1776886249.682103,7.0,-3.0,-45.0
1776886249.692103,7.0,-1.0,-39.0
1776886249.702103,4.0,0.0,-43.0
1776886249.712103,4.0,0.0,-43.0
1776886249.7221026,2.0,0.0,-39.0
1776886249.7321026,5.0,-1.0,-39.0
1776886249.7421026,6.0,0.0,-38.0
1776886249.7521029,7.0,0.0,-39.0
1776886249.7631028,4.0,-2.0,-37.0
1776886249.7721028,2.0,-1.0,-35.0
1776886249.7831028,0.0,-3.0,-35.0
1776886249.7931027,1.0,-4.0,-37.0
1776886249.8031027,4.0,-2.0,-38.0
1776886249.8131027,1.0,-1.0,-35.0
1776886249.8231027,0.0,-4.0,-36.0
1776886249.8331027,0.0,-3.0,-36.0
1776886249.8431027,2.0,-1.0,-40.0
1776886249.8531027,6.0,0.0,-35.0
1776886249.863103,6.0,-3.0,-40.0
1776886249.873103,3.0,0.0,-42.0
1776886249.883103,0.0,-3.0,-46.0
1776886249.8931026,0.0,-1.0,-53.0
1776886249.9031026,-1.0,-1.0,-48.0
1776886249.9131026,-3.0,3.0,-44.0
1776886249.9231029,0.0,0.0,-38.0
1776886249.9331028,1.0,1.0,-44.0
1776886249.9431028,7.0,-2.0,-45.0
1776886249.9531028,7.0,-3.0,-37.0
1776886249.9631028,8.0,-6.0,-37.0
1776886249.9731028,9.0,-2.0,-39.0
1776886249.9831028,5.0,-6.0,-45.0
1776886249.9931028,6.0,-7.0,-38.0
1776886250.0031028,3.0,-5.0,-42.0
1776886250.0131028,6.0,-5.0,-46.0
1776886250.0231028,5.0,0.0,-48.0
1776886250.0331028,4.0,0.0,-46.0
1776886250.0431027,1.0,-5.0,-48.0
1776886250.0531027,2.0,-5.0,-53.0
1776886250.0631027,5.0,-4.0,-49.0
1776886250.0731027,4.0,-6.0,-50.0
1776886250.0831027,8.0,-5.0,-45.0
1776886250.0931027,8.0,-3.0,-44.0
1776886250.1031027,10.0,-3.0,-46.0
1776886250.113103,9.0,-6.0,-40.0
1776886250.123103,2.0,-3.0,-39.0
1776886250.133103,6.0,-2.0,-38.0
1776886250.1431026,5.0,-2.0,-34.0
1776886250.1531026,5.0,-6.0,-32.0
1776886250.1631026,2.0,-9.0,-37.0
1776886250.1731029,2.0,-13.0,-38.0
1776886250.1831028,2.0,-12.0,-41.0
1776886250.1931028,0.0,-9.0,-45.0
1776886250.2031028,1.0,-4.0,-42.0
1776886250.2131028,1.0,-5.0,-43.0
1776886250.2231028,0.0,-6.0,-42.0
1776886250.2331028,4.0,-3.0,-43.0
1776886250.2431028,5.0,-1.0,-34.0
1776886250.2531028,4.0,0.0,-36.0
1776886250.2631028,1.0,-3.0,-35.0
1776886250.2731028,1.0,-3.0,-37.0
1776886250.2831028,1.0,-1.0,-39.0
1776886250.2931027,0.0,0.0,-38.0
1776886250.3031027,0.0,1.0,-40.0
1776886250.3131027,0.0,-2.0,-38.0
1776886250.3231027,0.0,0.0,-32.0
1776886250.3331027,0.0,-3.0,-35.0
1776886250.3431027,-1.0,-6.0,-42.0
1776886250.3531027,1.0,-6.0,-47.0
1776886250.363103,0.0,-3.0,-50.0
1776886250.373103,1.0,0.0,-50.0
1776886250.383103,0.0,0.0,-46.0
1776886250.3931026,0.0,1.0,-45.0
1776886250.4031026,-1.0,0.0,-40.0
1776886250.4131026,-3.0,3.0,-45.0
1776886250.4231029,-1.0,4.0,-48.0
1776886250.4331028,6.0,0.0,-49.0
1776886250.4431028,5.0,0.0,-41.0
1776886250.4531028,5.0,0.0,-39.0
1776886250.4631028,4.0,4.0,-38.0
1776886250.4731028,7.0,5.0,-38.0
1776886250.4831028,6.0,5.0,-39.0
1776886250.4931028,6.0,3.0,-39.0
1776886250.5031028,3.0,2.0,-41.0
1776886250.5131028,3.0,-3.0,-39.0
1776886250.5231028,2.0,0.0,-39.0
1776886250.5331028,0.0,-1.0,-41.0
1776886250.5431027,-1.0,1.0,-39.0
1776886250.5531027,-2.0,1.0,-39.0
1776886250.5631027,-3.0,2.0,-37.0
1776886250.5731027,0.0,0.0,-41.0
1776886250.5831027,-1.0,-1.0,-45.0
1776886250.5931027,-1.0,2.0,-47.0
1776886250.6031027,-2.0,4.0,-39.0
1776886250.613103,-2.0,1.0,-39.0
1776886250.623103,-2.0,-1.0,-30.0
1776886250.633103,0.0,-3.0,-39.0
1776886250.6431026,3.0,-8.0,-40.0
1776886250.6531026,5.0,-3.0,-37.0
1776886250.6631026,4.0,-1.0,-39.0
1776886250.6731029,6.0,0.0,-38.0
1776886250.6831028,8.0,4.0,-38.0
1776886250.6931028,6.0,5.0,-41.0
1776886250.7031028,5.0,2.0,-44.0
1776886250.7131028,7.0,1.0,-44.0
1776886250.7231028,3.0,0.0,-44.0
1776886250.7331028,3.0,-3.0,-38.0
1776886250.7431028,3.0,2.0,-37.0
1776886250.7531028,0.0,0.0,-37.0
1776886250.7631028,3.0,1.0,-36.0
1776886250.7731028,0.0,4.0,-42.0
1776886250.7831028,-2.0,2.0,-41.0
1776886250.7931027,-3.0,5.0,-40.0
1776886250.8031027,-7.0,7.0,-41.0
1776886250.8131027,-1.0,4.0,-44.0
1776886250.8231027,-1.0,3.0,-49.0
1776886250.8331027,0.0,3.0,-43.0
1776886250.8431027,2.0,2.0,-38.0
1776886250.8531027,2.0,-1.0,-35.0
1776886250.863103,-1.0,-6.0,-34.0
1776886250.873103,-3.0,-9.0,-35.0
1776886250.883103,-2.0,-7.0,-35.0
1776886250.8931026,-2.0,-3.0,-33.0
1776886250.9031026,-4.0,-2.0,-33.0
1776886250.9131026,-4.0,-2.0,-38.0
1776886250.9231029,-3.0,-6.0,-39.0
1776886250.9331028,2.0,-10.0,-36.0
1776886250.9431028,4.0,-7.0,-32.0
1776886250.9531028,2.0,-2.0,-34.0
1776886250.9631028,1.0,-1.0,-37.0
1776886250.9731028,0.0,-2.0,-36.0
1776886250.9831028,2.0,-1.0,-34.0
1776886250.9931028,4.0,4.0,-30.0
1776886251.0031028,2.0,5.0,-33.0
1776886251.0131028,3.0,4.0,-35.0
1776886251.0231028,2.0,2.0,-42.0
1776886251.0331028,0.0,0.0,-44.0
1776886251.0431027,0.0,0.0,-39.0
1776886251.0531027,0.0,0.0,-35.0
1776886251.0631027,2.0,1.0,-34.0
1776886251.0731027,0.0,-1.0,-39.0
1776886251.0831027,1.0,-4.0,-46.0
1776886251.0931027,2.0,-5.0,-37.0
1776886251.1031027,0.0,-3.0,-37.0
1776886251.113103,0.0,-6.0,-39.0
1776886251.123103,2.0,-7.0,-35.0
1776886251.133103,-1.0,-11.0,-34.0
1776886251.1431026,-2.0,-11.0,-33.0
1776886251.1531026,-1.0,-10.0,-40.0
1776886251.1631026,-3.0,-4.0,-44.0
1776886251.1731029,-3.0,-2.0,-42.0
1776886251.1831028,2.0,0.0,-40.0
1776886251.1931028,2.0,2.0,-35.0
1776886251.2031028,6.0,2.0,-36.0
1776886251.2131028,5.0,1.0,-39.0
1776886251.2231028,5.0,-2.0,-41.0
1776886251.2331028,4.0,1.0,-42.0
1776886251.2431028,4.0,3.0,-38.0
1776886251.2531028,4.0,2.0,-34.0
1776886251.2631028,7.0,1.0,-35.0
1776886251.2731028,7.0,5.0,-40.0
1776886251.2831028,0.0,7.0,-41.0
1776886251.2931027,-1.0,-1.0,-47.0
1776886251.3031027,-3.0,-6.0,-46.0
1776886251.3131027,-3.0,-2.0,-47.0
1776886251.3231027,-1.0,-1.0,-50.0
1776886251.3331027,3.0,-4.0,-53.0
1776886251.3431027,0.0,-9.0,-46.0
1776886251.3531027,3.0,-11.0,-44.0
1776886251.363103,3.0,-9.0,-39.0
1776886251.373103,-1.0,-8.0,-43.0
1776886251.383103,2.0,-8.0,-50.0
1776886251.3931026,1.0,-5.0,-47.0
1776886251.4031026,-2.0,0.0,-48.0
1776886251.4131026,0.0,0.0,-46.0
1776886251.4231029,1.0,1.0,-43.0
1776886251.4331028,0.0,6.0,-43.0
1776886251.4431028,2.0,3.0,-37.0
1776886251.4531028,3.0,2.0,-38.0
1776886251.4631028,-1.0,3.0,-37.0
1776886251.4731028,-2.0,0.0,-36.0
1776886251.4831028,-4.0,-3.0,-34.0
1776886251.4931028,-5.0,-1.0,-44.0
1776886251.5031028,-3.0,-1.0,-45.0
1776886251.5131028,-2.0,-2.0,-49.0
1776886251.5231028,-3.0,-3.0,-47.0
1776886251.5331028,0.0,-1.0,-39.0
1776886251.5431027,-5.0,-4.0,-37.0
1776886251.5531027,-3.0,-4.0,-36.0
1776886251.5631027,-2.0,-7.0,-35.0
1776886251.5731027,-1.0,-6.0,-40.0
1776886251.5831027,1.0,-4.0,-43.0
1776886251.5931027,-3.0,-6.0,-45.0
1776886251.6031027,-4.0,-6.0,-46.0
1776886251.613103,-2.0,-1.0,-44.0
1776886251.623103,0.0,-4.0,-46.0
1776886251.633103,0.0,-4.0,-43.0
1776886251.6431026,2.0,-5.0,-40.0
1776886251.6531026,3.0,-3.0,-38.0
1776886251.6631026,2.0,-6.0,-31.0
1776886251.6731029,2.0,-8.0,-28.0
1776886251.6831028,8.0,-8.0,-30.0
1776886251.6931028,8.0,-7.0,-35.0
1776886251.7031028,12.0,-7.0,-37.0
1776886251.7131028,11.0,-1.0,-43.0
1776886251.7231028,10.0,4.0,-45.0
1776886251.7331028,11.0,6.0,-41.0
1776886251.7431028,8.0,1.0,-46.0
1776886251.7531028,0.0,0.0,-44.0
1776886251.7631028,0.0,-1.0,-49.0
1776886251.7731028,-4.0,-8.0,-50.0
1776886251.7831028,-4.0,-6.0,-47.0
1776886251.7931027,-2.0,-4.0,-46.0
1776886251.8031027,0.0,-8.0,-37.0
1776886251.8141026,1.0,-4.0,-36.0
1776886251.8241026,0.0,-1.0,-39.0
1776886251.8341026,0.0,-2.0,-41.0
1776886251.8441026,0.0,-1.0,-39.0
1776886251.8541028,1.0,-4.0,-41.0
1776886251.8641028,-3.0,-5.0,-37.0
1776886251.8741028,1.0,-7.0,-35.0
1776886251.8841028,2.0,-7.0,-32.0
1776886251.8941028,0.0,-8.0,-30.0
1776886251.9041028,0.0,-7.0,-35.0
1776886251.9141028,0.0,-2.0,-40.0
1776886251.9241028,0.0,-6.0,-34.0
1776886251.9341028,-5.0,-4.0,-38.0
1776886251.9441028,-4.0,-3.0,-35.0
1776886251.9541028,-1.0,-4.0,-34.0
1776886251.9641027,-1.0,-4.0,-35.0
1776886251.9741027,-2.0,-3.0,-40.0
1776886251.9841027,2.0,-3.0,-37.0
1776886251.9941027,6.0,-6.0,-37.0
1776886252.0041027,4.0,-9.0,-41.0
1776886252.0141027,0.0,-9.0,-43.0
1776886252.0241027,2.0,-6.0,-40.0
1776886252.034103,1.0,-6.0,-39.0
1776886252.044103,4.0,-7.0,-40.0
1776886252.054103,4.0,-12.0,-44.0
1776886252.0641026,3.0,-10.0,-43.0
1776886252.0741026,0.0,-10.0,-43.0
1776886252.0841026,0.0,-7.0,-36.0
1776886252.0941026,5.0,-4.0,-38.0
1776886252.1041028,2.0,-3.0,-38.0
1776886252.1141028,-1.0,0.0,-47.0
1776886252.1241028,3.0,0.0,-54.0
1776886252.1341028,5.0,0.0,-60.0
1776886252.1441028,6.0,2.0,-60.0
1776886252.1541028,6.0,3.0,-57.0
1776886252.1641028,9.0,0.0,-51.0
1776886252.1741028,8.0,-2.0,-46.0
1776886252.1841028,2.0,1.0,-49.0
1776886252.1941028,1.0,4.0,-50.0
1776886252.2041028,0.0,3.0,-51.0
1776886252.2141027,-1.0,0.0,-45.0
1776886252.2241027,-2.0,1.0,-37.0
1776886252.2341027,-4.0,0.0,-31.0
1776886252.2441027,-4.0,0.0,-31.0
1776886252.2541027,-2.0,2.0,-36.0
1776886252.2641027,-4.0,1.0,-31.0
1776886252.2741027,-6.0,1.0,-26.0
1776886252.284103,-9.0,-3.0,-25.0
1776886252.294103,-6.0,-3.0,-22.0
1776886252.304103,-4.0,-1.0,-29.0
1776886252.3141026,-3.0,0.0,-26.0
1776886252.3241026,3.0,0.0,-33.0
1776886252.3341026,4.0,0.0,-40.0
1776886252.3441026,0.0,2.0,-41.0
1776886252.3541028,0.0,-2.0,-38.0
1776886252.3641028,2.0,0.0,-34.0
1776886252.3741028,6.0,1.0,-43.0
1776886252.3841028,7.0,0.0,-43.0
1776886252.3941028,7.0,0.0,-44.0
1776886252.4041028,7.0,3.0,-48.0
1776886252.4141028,0.0,8.0,-47.0
1776886252.4241028,-3.0,5.0,-47.0
1776886252.4341028,-1.0,4.0,-49.0
1776886252.4441028,2.0,0.0,-45.0
1776886252.4541028,2.0,0.0,-48.0
1776886252.4641027,4.0,0.0,-50.0
1776886252.4741027,2.0,-2.0,-50.0
1776886252.4841027,-1.0,-2.0,-50.0
1776886252.4941027,-2.0,-2.0,-46.0
1776886252.5041027,0.0,-3.0,-40.0
1776886252.5141027,0.0,-3.0,-35.0
1776886252.5241027,-2.0,-4.0,-37.0
1776886252.534103,0.0,-6.0,-34.0
1776886252.544103,0.0,-7.0,-41.0
1776886252.554103,5.0,-6.0,-40.0
1776886252.5641026,3.0,-4.0,-41.0
1776886252.5741026,0.0,-4.0,-44.0
1776886252.5841026,2.0,-2.0,-51.0
1776886252.5941026,8.0,-3.0,-48.0
1776886252.6041028,7.0,-2.0,-45.0
1776886252.6141028,5.0,-2.0,-41.0
1776886252.6241028,9.0,4.0,-41.0
1776886252.6341028,12.0,2.0,-40.0
1776886252.6441028,10.0,-1.0,-31.0
1776886252.6541028,7.0,-2.0,-32.0
1776886252.6641028,8.0,2.0,-34.0
1776886252.6741028,9.0,1.0,-36.0
1776886252.6841028,8.0,0.0,-35.0
1776886252.6941028,7.0,-2.0,-34.0
1776886252.7041028,7.0,-1.0,-38.0
1776886252.7141027,7.0,-2.0,-44.0
1776886252.7241027,6.0,-6.0,-40.0
1776886252.7341027,7.0,-3.0,-40.0
1776886252.7441027,10.0,-5.0,-43.0
1776886252.7541027,7.0,-4.0,-43.0
1776886252.7641027,6.0,0.0,-43.0
1776886252.7741027,0.0,0.0,-43.0
1776886252.784103,0.0,-1.0,-41.0
1776886252.794103,0.0,-2.0,-43.0
1776886252.804103,3.0,-4.0,-37.0
1776886252.8141026,4.0,-8.0,-31.0
1776886252.8241026,3.0,-4.0,-29.0
1776886252.8341026,1.0,-2.0,-35.0
1776886252.8441026,-2.0,-5.0,-40.0
1776886252.8541028,-5.0,-4.0,-48.0
1776886252.8641028,-2.0,-5.0,-47.0
1776886252.8741028,-2.0,-7.0,-50.0
1776886252.8841028,-4.0,-11.0,-46.0
1776886252.8941028,-5.0,-9.0,-44.0
1776886252.9041028,-7.0,-8.0,-44.0
1776886252.9141028,-8.0,-7.0,-37.0
1776886252.9241028,-7.0,-4.0,-32.0
1776886252.9341028,-8.0,-4.0,-31.0
1776886252.9441028,-4.0,0.0,-32.0
1776886252.9541028,-2.0,0.0,-37.0
1776886252.9641027,0.0,0.0,-44.0
1776886252.9741027,2.0,1.0,-41.0
1776886252.9841027,3.0,0.0,-36.0
1776886252.9941027,7.0,1.0,-35.0
1776886253.0041027,10.0,-1.0,-37.0
1776886253.0141027,9.0,0.0,-37.0
1776886253.0241027,8.0,-1.0,-35.0
1776886253.034103,6.0,-4.0,-36.0
1776886253.044103,2.0,-6.0,-40.0
1776886253.054103,0.0,-6.0,-46.0
1776886253.0641026,2.0,-4.0,-48.0
1776886253.0741026,3.0,-6.0,-43.0
1776886253.0841026,4.0,-6.0,-39.0
1776886253.0941026,5.0,-2.0,-39.0
1776886253.1041028,6.0,-5.0,-42.0
1776886253.1141028,9.0,-3.0,-38.0
1776886253.1241028,10.0,-2.0,-42.0
1776886253.1341028,6.0,-1.0,-37.0
1776886253.1441028,3.0,3.0,-34.0
1776886253.1541028,-1.0,3.0,-35.0
1776886253.1641028,-4.0,2.0,-46.0
1776886253.1741028,-1.0,3.0,-39.0
1776886253.1841028,-4.0,4.0,-32.0
1776886253.1941028,-6.0,3.0,-33.0
1776886253.2041028,-9.0,2.0,-31.0
1776886253.2141027,-1.0,2.0,-39.0
1776886253.2241027,4.0,0.0,-39.0
1776886253.2341027,4.0,0.0,-34.0
1776886253.2441027,5.0,1.0,-39.0
1776886253.2541027,3.0,1.0,-45.0
1776886253.2641027,4.0,0.0,-45.0
1776886253.2741027,2.0,0.0,-46.0
1776886253.284103,-1.0,-1.0,-46.0
1776886253.294103,-2.0,0.0,-48.0
1776886253.304103,0.0,-1.0,-52.0
1776886253.3141026,2.0,0.0,-45.0
1776886253.3241026,3.0,0.0,-43.0
1776886253.3341026,5.0,-2.0,-42.0
1776886253.3441026,4.0,-3.0,-35.0
1776886253.3541028,0.0,1.0,-30.0
1776886253.3641028,1.0,-3.0,-32.0
1776886253.3741028,0.0,-3.0,-32.0
1776886253.3841028,-2.0,-3.0,-36.0
1776886253.3941028,0.0,-6.0,-41.0
1776886253.4041028,0.0,-4.0,-41.0
1776886253.4141028,-5.0,-6.0,-29.0
1776886253.4241028,-7.0,-6.0,-26.0
1776886253.4341028,-2.0,-8.0,-31.0
1776886253.4441028,0.0,-4.0,-26.0
1776886253.4541028,2.0,-6.0,-34.0
1776886253.4641027,1.0,-7.0,-32.0
1776886253.4741027,0.0,-5.0,-28.0
1776886253.4841027,0.0,-9.0,-26.0
1776886253.4941027,-3.0,-9.0,-31.0
1776886253.5041027,-4.0,-3.0,-35.0
1776886253.5141027,-7.0,-4.0,-34.0
1776886253.5241027,-5.0,-7.0,-35.0
1776886253.534103,-4.0,-6.0,-40.0
1776886253.544103,-1.0,-5.0,-29.0
1776886253.554103,-1.0,-6.0,-29.0
1776886253.5641026,1.0,-5.0,-27.0
1776886253.5741026,-2.0,-5.0,-26.0
1776886253.5841026,-4.0,-10.0,-31.0
1776886253.5941026,-2.0,-11.0,-35.0
1776886253.6041028,-2.0,-8.0,-33.0
1776886253.6141028,1.0,-7.0,-33.0
1776886253.6241028,-2.0,-6.0,-32.0
1776886253.6341028,1.0,-6.0,-33.0
1776886253.6441028,-1.0,-7.0,-32.0
1776886253.6541028,0.0,-5.0,-37.0
1776886253.6641028,0.0,-5.0,-47.0
1776886253.6741028,0.0,-2.0,-47.0
1776886253.6841028,1.0,-1.0,-54.0
1776886253.6941028,2.0,-2.0,-56.0
1776886253.7041028,-1.0,0.0,-54.0
1776886253.7141027,0.0,-6.0,-47.0
1776886253.7241027,2.0,-5.0,-47.0
1776886253.735103,5.0,-5.0,-45.0
1776886253.7441027,9.0,-3.0,-38.0
1776886253.7551026,10.0,-2.0,-39.0
1776886253.7651026,12.0,-4.0,-36.0
1776886253.7751029,10.0,-3.0,-30.0
1776886253.7851028,4.0,-1.0,-31.0
1776886253.7951028,3.0,-6.0,-27.0
1776886253.8051028,3.0,-3.0,-26.0
1776886253.8151028,0.0,0.0,-21.0
1776886253.8251028,-1.0,4.0,-22.0
1776886253.8351028,-1.0,1.0,-21.0
1776886253.8451028,1.0,1.0,-26.0
1776886253.8551028,-1.0,2.0,-36.0
1776886253.8651028,0.0,0.0,-35.0
1776886253.8751028,4.0,0.0,-35.0
1776886253.8851027,2.0,-2.0,-31.0
1776886253.8951027,-1.0,-2.0,-30.0
1776886253.9051027,-1.0,-1.0,-36.0
1776886253.9151027,-4.0,-4.0,-35.0
1776886253.9251027,-8.0,-5.0,-36.0
1776886253.9351027,-9.0,-5.0,-38.0
1776886253.9451027,-10.0,-5.0,-37.0
1776886253.9551027,-7.0,-5.0,-42.0
1776886253.965103,-7.0,-6.0,-43.0
1776886253.975103,-6.0,-5.0,-37.0
1776886253.985103,-4.0,-2.0,-39.0
1776886253.9951026,-1.0,-5.0,-37.0
1776886254.0051026,0.0,-7.0,-32.0
1776886254.0151026,-3.0,-5.0,-36.0
1776886254.0251029,-1.0,-3.0,-35.0
1776886254.0351028,1.0,-3.0,-36.0
1776886254.0451028,-4.0,-4.0,-37.0
1776886254.0551028,-5.0,-5.0,-36.0
1776886254.0651028,-3.0,-5.0,-37.0
1776886254.0751028,-7.0,-5.0,-33.0
1776886254.0851028,-9.0,-7.0,-39.0
1776886254.0961027,-9.0,-7.0,-40.0
1776886254.1051028,-8.0,-8.0,-46.0
1776886254.1151028,-4.0,-8.0,-46.0
1776886254.1251028,-6.0,-6.0,-45.0
1776886254.1351027,-6.0,-4.0,-47.0
1776886254.1451027,-3.0,-1.0,-49.0
1776886254.1551027,-3.0,-1.0,-50.0
1776886254.1651027,-8.0,-1.0,-48.0
1776886254.1751027,-9.0,-1.0,-47.0
1776886254.1851027,-7.0,0.0,-46.0
1776886254.1951027,-4.0,-2.0,-45.0
1776886254.2051027,-3.0,1.0,-42.0
1776886254.215103,-4.0,-2.0,-41.0
1776886254.225103,0.0,-2.0,-36.0
1776886254.235103,-3.0,-2.0,-37.0
1776886254.2451026,-3.0,-3.0,-41.0
1776886254.2551026,-1.0,-6.0,-42.0
1776886254.2651026,-3.0,-4.0,-41.0
1776886254.2751029,-1.0,-8.0,-39.0
1776886254.2851028,-1.0,-8.0,-48.0
1776886254.2951028,2.0,-8.0,-51.0
1776886254.3051028,0.0,-4.0,-47.0
1776886254.3151028,0.0,-7.0,-46.0
1776886254.3251028,0.0,-14.0,-44.0
1776886254.3351028,6.0,-15.0,-47.0
1776886254.3451028,6.0,-15.0,-42.0
1776886254.3551028,7.0,-12.0,-46.0
1776886254.3651028,5.0,-9.0,-42.0
1776886254.3751028,7.0,-9.0,-44.0
1776886254.3851027,4.0,-10.0,-41.0
1776886254.3951027,1.0,-9.0,-33.0
1776886254.4051027,4.0,-5.0,-35.0
1776886254.4151027,8.0,-6.0,-35.0
1776886254.4251027,10.0,-7.0,-36.0
1776886254.4351027,9.0,-2.0,-28.0
1776886254.4451027,3.0,-6.0,-25.0
1776886254.4551027,0.0,-4.0,-23.0
1776886254.465103,2.0,-4.0,-29.0
1776886254.475103,-1.0,-3.0,-36.0
1776886254.485103,0.0,-5.0,-35.0
1776886254.4951026,6.0,-8.0,-41.0
1776886254.5051026,3.0,-5.0,-47.0
1776886254.5151026,2.0,-6.0,-51.0
1776886254.5251029,0.0,-7.0,-50.0
1776886254.5351028,1.0,-5.0,-48.0
1776886254.5451028,1.0,-2.0,-45.0
1776886254.5551028,3.0,-2.0,-35.0
1776886254.5651028,2.0,0.0,-33.0
1776886254.5751028,5.0,0.0,-34.0
1776886254.5851028,1.0,2.0,-35.0
1776886254.5951028,-1.0,1.0,-42.0
1776886254.6051028,0.0,0.0,-38.0
1776886254.6151028,2.0,3.0,-33.0
1776886254.6251028,2.0,1.0,-32.0
1776886254.6351027,11.0,-2.0,-27.0
1776886254.6451027,5.0,-4.0,-31.0
1776886254.6551027,2.0,-5.0,-32.0
1776886254.6651027,3.0,-5.0,-32.0
1776886254.6751027,3.0,-3.0,-30.0
1776886254.6851027,0.0,-2.0,-32.0
1776886254.6951027,0.0,-3.0,-41.0
1776886254.7051027,1.0,-2.0,-41.0
1776886254.715103,1.0,-1.0,-48.0
1776886254.725103,5.0,-1.0,-47.0
1776886254.735103,7.0,-1.0,-39.0
1776886254.7451026,10.0,-3.0,-40.0
1776886254.7551026,8.0,-6.0,-42.0
1776886254.7651026,8.0,-5.0,-40.0
1776886254.7751029,6.0,-6.0,-34.0
1776886254.7851028,6.0,-7.0,-29.0
1776886254.7951028,6.0,-7.0,-34.0
1776886254.8051028,5.0,0.0,-38.0
1776886254.8151028,7.0,0.0,-43.0
1776886254.8251028,10.0,0.0,-43.0
1776886254.8351028,5.0,3.0,-39.0
1776886254.8451028,2.0,1.0,-36.0
1776886254.8551028,0.0,0.0,-35.0
1776886254.8651028,0.0,0.0,-30.0
1776886254.8751028,-2.0,-2.0,-32.0
1776886254.8851027,-4.0,-1.0,-37.0
1776886254.8951027,0.0,-1.0,-38.0
1776886254.9051027,0.0,-2.0,-30.0
1776886254.9151027,-1.0,-5.0,-35.0
1776886254.9251027,1.0,-2.0,-37.0
1776886254.9351027,2.0,0.0,-42.0
1776886254.9451027,3.0,-1.0,-41.0
1776886254.9551027,-2.0,-1.0,-37.0
1776886254.965103,-1.0,-2.0,-43.0
1776886254.975103,0.0,-7.0,-44.0
1776886254.985103,2.0,-5.0,-45.0
1776886254.9951026,-1.0,-3.0,-46.0
1776886255.0051026,-4.0,-2.0,-49.0
1776886255.0151026,-5.0,-5.0,-49.0
1776886255.0251029,-4.0,-8.0,-43.0
1776886255.0351028,-6.0,-3.0,-39.0
1776886255.0451028,-1.0,-5.0,-40.0
1776886255.0551028,1.0,-6.0,-35.0
1776886255.0651028,1.0,-7.0,-30.0
1776886255.0751028,0.0,-9.0,-34.0
1776886255.0851028,0.0,-10.0,-39.0
1776886255.0951028,3.0,-9.0,-39.0
1776886255.1051028,0.0,-3.0,-35.0
1776886255.1151028,1.0,-6.0,-35.0
1776886255.1251028,2.0,-2.0,-45.0
1776886255.1351027,2.0,0.0,-47.0
1776886255.1451027,1.0,-5.0,-43.0
1776886255.1551027,-4.0,-4.0,-45.0
1776886255.1651027,0.0,-3.0,-41.0
1776886255.1751027,4.0,-4.0,-41.0
1776886255.1851027,0.0,-4.0,-35.0
1776886255.1951027,0.0,0.0,-27.0
1776886255.2051027,5.0,2.0,-25.0
1776886255.215103,2.0,0.0,-28.0
1776886255.225103,1.0,1.0,-31.0
1776886255.235103,4.0,0.0,-32.0
1776886255.2451026,2.0,0.0,-37.0
1776886255.2551026,1.0,-2.0,-37.0
1776886255.2651026,9.0,-2.0,-35.0
1776886255.2751029,7.0,-3.0,-29.0
1776886255.2851028,1.0,0.0,-28.0
1776886255.2951028,-2.0,0.0,-30.0
1776886255.3051028,0.0,0.0,-36.0
1776886255.3151028,0.0,-4.0,-46.0
1776886255.3251028,0.0,-5.0,-47.0
1776886255.3351028,-3.0,-4.0,-51.0
1776886255.3451028,0.0,-2.0,-41.0
1776886255.3551028,2.0,-3.0,-43.0
1776886255.3651028,5.0,-3.0,-44.0
1776886255.3751028,2.0,0.0,-42.0
1776886255.3851027,1.0,0.0,-42.0
1776886255.3951027,-2.0,1.0,-40.0
1776886255.4051027,-2.0,2.0,-40.0
1776886255.4151027,-2.0,1.0,-38.0
1776886255.4251027,-2.0,-2.0,-36.0
1776886255.4351027,-4.0,-2.0,-38.0
1776886255.4451027,-3.0,-1.0,-45.0
1776886255.4551027,0.0,0.0,-41.0
1776886255.465103,1.0,-1.0,-42.0
1776886255.475103,-3.0,3.0,-42.0
1776886255.485103,-2.0,0.0,-44.0
1776886255.4951026,3.0,0.0,-40.0
1776886255.5051026,5.0,0.0,-38.0
1776886255.5151026,0.0,-3.0,-44.0
1776886255.5251029,1.0,0.0,-50.0
1776886255.5351028,-2.0,3.0,-46.0
1776886255.5451028,-1.0,0.0,-48.0
1776886255.5551028,-1.0,2.0,-41.0
1776886255.5651028,2.0,2.0,-41.0
1776886255.5751028,4.0,3.0,-43.0
1776886255.5851028,5.0,2.0,-48.0
1776886255.5951028,1.0,2.0,-47.0
1776886255.6051028,0.0,0.0,-45.0
1776886255.6151028,0.0,0.0,-52.0
1776886255.6251028,-4.0,3.0,-51.0
1776886255.6351027,2.0,7.0,-51.0
1776886255.6451027,1.0,7.0,-47.0
1776886255.6551027,3.0,3.0,-41.0
1776886255.6651027,1.0,1.0,-39.0
1776886255.6751027,0.0,-1.0,-39.0
1776886255.6851027,2.0,-1.0,-40.0
1776886255.6951027,5.0,1.0,-33.0
1776886255.7051027,5.0,1.0,-32.0
1776886255.715103,1.0,2.0,-33.0
1776886255.725103,4.0,3.0,-31.0
1776886255.735103,2.0,1.0,-33.0
1776886255.7451026,5.0,6.0,-36.0
1776886255.7551026,8.0,10.0,-35.0
1776886255.7651026,5.0,12.0,-39.0
1776886255.7751029,3.0,10.0,-48.0
1776886255.7861028,5.0,-1.0,-50.0
1776886255.7961028,3.0,-3.0,-49.0
1776886255.8061028,6.0,-3.0,-49.0
1776886255.8161027,0.0,-5.0,-46.0
1776886255.8261027,1.0,-6.0,-38.0
1776886255.8361027,0.0,-4.0,-35.0
1776886255.8461027,1.0,-4.0,-33.0
1776886255.8561027,-1.0,-5.0,-35.0
1776886255.8661027,0.0,-2.0,-43.0
1776886255.8761027,1.0,2.0,-45.0
1776886255.886103,6.0,5.0,-45.0
1776886255.896103,2.0,6.0,-41.0
1776886255.906103,0.0,6.0,-42.0
1776886255.9161026,3.0,5.0,-47.0
1776886255.9261026,4.0,1.0,-45.0
1776886255.9361026,6.0,-3.0,-48.0
1776886255.9461029,4.0,-5.0,-47.0
1776886255.9561028,1.0,-7.0,-51.0
1776886255.9661028,-1.0,-4.0,-48.0
1776886255.9761028,-4.0,-3.0,-50.0
1776886255.9861028,-5.0,-5.0,-47.0
1776886255.9961028,-2.0,-5.0,-44.0
1776886256.0061028,0.0,-3.0,-47.0
1776886256.0161028,0.0,-2.0,-49.0
1776886256.0261028,-3.0,-1.0,-49.0
1776886256.0361028,-3.0,1.0,-39.0
1776886256.0461028,-1.0,2.0,-33.0
1776886256.0561028,-4.0,-2.0,-28.0
1776886256.0661027,-8.0,-2.0,-34.0
1776886256.0761027,-7.0,1.0,-33.0
1776886256.0861027,-3.0,1.0,-32.0
1776886256.0961027,0.0,-2.0,-37.0
1776886256.1061027,5.0,-1.0,-39.0
1776886256.1161027,5.0,-1.0,-39.0
1776886256.1261027,7.0,-5.0,-32.0
1776886256.136103,6.0,-2.0,-32.0
1776886256.146103,12.0,-2.0,-34.0
1776886256.156103,14.0,-7.0,-35.0
1776886256.1661026,12.0,-8.0,-44.0
1776886256.1761026,5.0,-6.0,-44.0
1776886256.1861026,5.0,-6.0,-40.0
1776886256.1961029,3.0,-3.0,-40.0
1776886256.2061028,0.0,-2.0,-36.0
1776886256.2161028,0.0,-2.0,-28.0
1776886256.2261028,0.0,1.0,-27.0
1776886256.2361028,-2.0,1.0,-29.0
1776886256.2461028,-4.0,1.0,-29.0
1776886256.2561028,2.0,1.0,-25.0
1776886256.2661028,0.0,-1.0,-29.0
1776886256.2761028,3.0,-3.0,-29.0
1776886256.2861028,-1.0,0.0,-34.0
1776886256.2961028,-1.0,-2.0,-39.0
1776886256.3061028,0.0,0.0,-45.0
1776886256.3161027,3.0,5.0,-51.0
1776886256.3261027,2.0,3.0,-56.0
1776886256.3361027,7.0,5.0,-47.0
1776886256.3461027,10.0,8.0,-42.0
1776886256.3561027,11.0,6.0,-39.0
1776886256.3661027,4.0,6.0,-37.0
1776886256.3761027,2.0,5.0,-34.0
1776886256.386103,2.0,7.0,-33.0
1776886256.396103,0.0,1.0,-37.0
1776886256.406103,1.0,0.0,-38.0
1776886256.4161026,5.0,2.0,-42.0
1776886256.4261026,3.0,-1.0,-42.0
1776886256.4361026,4.0,0.0,-40.0
1776886256.4461029,5.0,-3.0,-31.0
1776886256.4561028,4.0,-3.0,-34.0
1776886256.4661028,4.0,-3.0,-35.0
1776886256.4761028,3.0,-3.0,-37.0
1776886256.4861028,1.0,-5.0,-41.0
1776886256.4961028,-1.0,-9.0,-46.0
1776886256.5061028,-5.0,-5.0,-43.0
1776886256.5161028,-4.0,-3.0,-41.0
1776886256.5261028,2.0,1.0,-36.0
1776886256.5361028,4.0,1.0,-34.0
1776886256.5461028,7.0,1.0,-37.0
1776886256.5561028,0.0,0.0,-43.0
1776886256.5661027,1.0,-5.0,-45.0
1776886256.5761027,2.0,-1.0,-38.0
1776886256.5861027,0.0,-4.0,-41.0
1776886256.5961027,-7.0,-5.0,-36.0
1776886256.6061027,-9.0,-7.0,-34.0
1776886256.6161027,-9.0,-4.0,-32.0
1776886256.6261027,-8.0,-3.0,-31.0
1776886256.636103,-6.0,-4.0,-33.0
1776886256.646103,-1.0,-1.0,-32.0
1776886256.656103,9.0,-2.0,-33.0
1776886256.6661026,6.0,2.0,-34.0
1776886256.6761026,6.0,8.0,-37.0
1776886256.6861026,5.0,10.0,-30.0
1776886256.6961029,1.0,9.0,-32.0
1776886256.7061028,1.0,5.0,-22.0
1776886256.7161028,0.0,2.0,-25.0
1776886256.7261028,0.0,6.0,-27.0
1776886256.7361028,3.0,5.0,-33.0
1776886256.7461028,2.0,7.0,-35.0
1776886256.7561028,1.0,7.0,-40.0
1776886256.7661028,-1.0,1.0,-37.0
1776886256.7761028,0.0,0.0,-41.0
1776886256.7861028,2.0,0.0,-35.0
1776886256.7961028,0.0,0.0,-34.0
1776886256.8061028,0.0,0.0,-33.0
1776886256.8161027,0.0,0.0,-35.0
1776886256.8261027,0.0,0.0,-35.0
1776886256.8361027,4.0,-3.0,-38.0
1776886256.8461027,2.0,-3.0,-41.0
1776886256.8561027,-3.0,0.0,-37.0
1776886256.8661027,-3.0,2.0,-43.0
1776886256.8761027,0.0,-1.0,-46.0
1776886256.886103,0.0,1.0,-37.0
1776886256.896103,2.0,4.0,-35.0
1776886256.906103,0.0,0.0,-40.0
1776886256.9161026,-1.0,0.0,-47.0
1776886256.9261026,-4.0,-3.0,-39.0
1776886256.9361026,-5.0,2.0,-32.0
1776886256.9461029,-6.0,0.0,-40.0
1776886256.9561028,-4.0,3.0,-37.0
1776886256.9661028,-5.0,3.0,-33.0
1776886256.9761028,-2.0,2.0,-36.0
1776886256.9861028,2.0,1.0,-34.0
1776886256.9961028,2.0,2.0,-34.0
1776886257.0061028,8.0,4.0,-40.0
1776886257.0161028,6.0,5.0,-33.0
1776886257.0261028,6.0,6.0,-36.0
1776886257.0361028,2.0,4.0,-38.0
1776886257.0461028,4.0,0.0,-44.0
1776886257.0561028,6.0,2.0,-47.0
1776886257.0661027,4.0,2.0,-42.0
1776886257.0761027,3.0,-3.0,-33.0
1776886257.0861027,1.0,-3.0,-26.0
1776886257.0961027,4.0,-2.0,-30.0
1776886257.1061027,6.0,-1.0,-32.0
1776886257.1161027,3.0,1.0,-34.0
1776886257.1261027,7.0,2.0,-35.0
1776886257.136103,6.0,6.0,-38.0
1776886257.146103,4.0,5.0,-44.0
1776886257.156103,3.0,1.0,-45.0
1776886257.1661026,3.0,2.0,-43.0
1776886257.1761026,2.0,3.0,-41.0
1776886257.1861026,0.0,3.0,-32.0
1776886257.1961029,-3.0,3.0,-31.0
1776886257.2061028,-1.0,6.0,-39.0
1776886257.2161028,0.0,5.0,-46.0
1776886257.2261028,-2.0,4.0,-45.0
1776886257.2361028,-1.0,3.0,-45.0
1776886257.2461028,2.0,-1.0,-40.0
1776886257.2561028,0.0,-3.0,-37.0
1776886257.2661028,-5.0,-3.0,-29.0
1776886257.2761028,0.0,-4.0,-33.0
1776886257.2861028,1.0,0.0,-34.0
1776886257.2961028,-2.0,-2.0,-35.0
1776886257.3061028,-2.0,0.0,-39.0
1776886257.3161027,-2.0,-1.0,-39.0
1776886257.3261027,-2.0,-1.0,-34.0
1776886257.3361027,-1.0,0.0,-41.0
1776886257.3461027,-2.0,0.0,-41.0
1776886257.3561027,0.0,0.0,-39.0
1776886257.3661027,-4.0,-2.0,-41.0
1776886257.3761027,0.0,-2.0,-38.0
1776886257.386103,-2.0,-2.0,-37.0
1776886257.396103,-2.0,-5.0,-38.0
1776886257.406103,0.0,-6.0,-37.0
1776886257.4161026,0.0,-6.0,-34.0
1776886257.4261026,0.0,-7.0,-46.0
1776886257.4361026,0.0,-5.0,-49.0
1776886257.4461029,1.0,-5.0,-45.0
1776886257.4561028,5.0,-1.0,-49.0
1776886257.4661028,3.0,0.0,-47.0
1776886257.4761028,2.0,-1.0,-41.0
1776886257.4861028,4.0,1.0,-39.0
1776886257.4961028,1.0,5.0,-34.0
1776886257.5061028,0.0,3.0,-30.0
1776886257.5161028,-1.0,2.0,-29.0
1776886257.5261028,-2.0,1.0,-30.0
1776886257.5361028,-3.0,0.0,-37.0
1776886257.5461028,-6.0,-5.0,-38.0
1776886257.5561028,-6.0,-7.0,-36.0
1776886257.5661027,0.0,-12.0,-41.0
1776886257.5761027,0.0,-12.0,-43.0
1776886257.5861027,3.0,-10.0,-44.0
1776886257.5961027,3.0,-9.0,-44.0
1776886257.6061027,4.0,-6.0,-49.0
1776886257.6161027,6.0,-7.0,-51.0
1776886257.6261027,6.0,-3.0,-45.0
1776886257.636103,5.0,-5.0,-46.0
1776886257.646103,7.0,-4.0,-47.0
1776886257.656103,4.0,-6.0,-44.0
1776886257.6661026,1.0,-6.0,-41.0
1776886257.6761026,-2.0,-6.0,-38.0
1776886257.6861026,2.0,-8.0,-39.0
1776886257.6961029,4.0,-5.0,-38.0
1776886257.7061028,5.0,-2.0,-45.0
1776886257.7161028,4.0,0.0,-51.0
1776886257.7261028,4.0,0.0,-50.0
1776886257.7371027,2.0,0.0,-40.0
1776886257.7461028,5.0,-5.0,-38.0
1776886257.7561028,5.0,-5.0,-43.0
1776886257.7671027,2.0,-7.0,-41.0
1776886257.7771027,-1.0,-8.0,-47.0
1776886257.7871027,-4.0,-9.0,-50.0
1776886257.7971027,-2.0,-8.0,-47.0
1776886257.807103,-6.0,-6.0,-45.0
1776886257.817103,-4.0,-5.0,-42.0
1776886257.827103,-5.0,0.0,-47.0
1776886257.837103,-1.0,-3.0,-40.0
1776886257.8471026,-3.0,-2.0,-43.0
1776886257.8571026,-2.0,-5.0,-51.0
1776886257.8671026,-4.0,-6.0,-47.0
1776886257.8771029,1.0,-7.0,-44.0
1776886257.8871028,-1.0,-3.0,-44.0
1776886257.8971028,-8.0,0.0,-37.0
1776886257.9071028,-11.0,-2.0,-40.0
1776886257.9171028,-7.0,-4.0,-43.0
1776886257.9271028,-4.0,-3.0,-46.0
1776886257.9371028,-4.0,-2.0,-48.0
1776886257.9471028,-3.0,0.0,-44.0
1776886257.9571028,-2.0,2.0,-45.0
1776886257.9671028,-1.0,0.0,-40.0
1776886257.9771028,0.0,-2.0,-43.0
1776886257.9871027,0.0,-4.0,-41.0
1776886257.9971027,1.0,-3.0,-37.0
1776886258.0071027,2.0,-2.0,-37.0
1776886258.0171027,4.0,-7.0,-40.0
1776886258.0271027,4.0,-6.0,-43.0
1776886258.0371027,4.0,-5.0,-47.0
1776886258.0471027,2.0,-3.0,-43.0
1776886258.057103,0.0,1.0,-38.0
1776886258.067103,0.0,0.0,-36.0
1776886258.077103,4.0,-1.0,-33.0
1776886258.087103,6.0,-2.0,-34.0
1776886258.0971026,6.0,-5.0,-34.0
1776886258.1071026,8.0,-4.0,-29.0
1776886258.1171026,7.0,-1.0,-22.0
1776886258.1271029,5.0,1.0,-20.0
1776886258.1371028,3.0,4.0,-31.0
1776886258.1471028,2.0,3.0,-34.0
1776886258.1571028,0.0,0.0,-38.0
1776886258.1671028,-1.0,-3.0,-41.0
1776886258.1771028,-1.0,-5.0,-40.0
1776886258.1871028,-4.0,-5.0,-43.0
1776886258.1971028,-1.0,-4.0,-40.0
1776886258.2071028,0.0,0.0,-45.0
1776886258.2171028,-1.0,-1.0,-48.0
1776886258.2271028,2.0,-3.0,-46.0
1776886258.2371027,2.0,-3.0,-44.0
1776886258.2471027,1.0,-4.0,-39.0
1776886258.2571027,0.0,-7.0,-38.0
1776886258.2671027,-2.0,-7.0,-36.0
1776886258.2771027,0.0,-4.0,-38.0
1776886258.2871027,-2.0,-7.0,-35.0
1776886258.2971027,0.0,-6.0,-32.0
1776886258.307103,3.0,-6.0,-33.0
1776886258.317103,3.0,-2.0,-32.0
1776886258.327103,3.0,-2.0,-37.0
1776886258.337103,3.0,-4.0,-34.0
1776886258.3471026,-1.0,0.0,-30.0
1776886258.3571026,-4.0,0.0,-33.0
1776886258.3671026,-4.0,2.0,-34.0
1776886258.3771029,-1.0,-2.0,-40.0
1776886258.3871028,-2.0,-6.0,-39.0
1776886258.3971028,-5.0,-5.0,-45.0
1776886258.4071028,-3.0,-2.0,-45.0
1776886258.4171028,0.0,-2.0,-41.0
1776886258.4271028,0.0,-1.0,-45.0
1776886258.4371028,5.0,0.0,-44.0
1776886258.4471028,2.0,-2.0,-41.0
1776886258.4571028,3.0,-6.0,-35.0
1776886258.4671028,1.0,-7.0,-33.0
1776886258.4771028,5.0,-7.0,-34.0
1776886258.4871027,2.0,-4.0,-37.0
1776886258.4971027,1.0,-1.0,-43.0
1776886258.5071027,-1.0,-2.0,-46.0
1776886258.5171027,2.0,-3.0,-46.0
1776886258.5271027,0.0,-3.0,-52.0
1776886258.5371027,0.0,-3.0,-52.0
1776886258.5471027,-1.0,0.0,-47.0
1776886258.557103,-2.0,-3.0,-51.0
1776886258.567103,0.0,1.0,-46.0
1776886258.577103,2.0,0.0,-40.0
1776886258.587103,0.0,0.0,-37.0
1776886258.5971026,0.0,6.0,-42.0
1776886258.6071026,3.0,3.0,-40.0
1776886258.6171026,2.0,4.0,-39.0
1776886258.6271029,5.0,3.0,-40.0
1776886258.6371028,7.0,1.0,-39.0
1776886258.6471028,4.0,0.0,-35.0
1776886258.6571028,3.0,0.0,-38.0
1776886258.6671028,2.0,0.0,-41.0
1776886258.6771028,2.0,-3.0,-39.0
1776886258.6871028,0.0,-5.0,-36.0
1776886258.6971028,-1.0,-6.0,-35.0
1776886258.7071028,-1.0,-3.0,-37.0
1776886258.7171028,0.0,-5.0,-43.0
1776886258.7271028,-1.0,-5.0,-49.0
1776886258.7371027,-1.0,-7.0,-45.0
1776886258.7471027,-3.0,-7.0,-51.0
1776886258.7571027,0.0,-5.0,-51.0
1776886258.7671027,4.0,-6.0,-50.0
1776886258.7771027,5.0,0.0,-53.0
1776886258.7871027,4.0,0.0,-54.0
1776886258.7971027,3.0,0.0,-44.0
1776886258.807103,4.0,0.0,-46.0
1776886258.817103,0.0,-4.0,-49.0
1776886258.827103,0.0,-2.0,-49.0
1776886258.837103,3.0,-3.0,-45.0
1776886258.8471026,2.0,-2.0,-36.0
1776886258.8571026,1.0,-2.0,-37.0
1776886258.8671026,3.0,-5.0,-37.0
1776886258.8771029,8.0,-5.0,-35.0
1776886258.8871028,5.0,-2.0,-35.0
1776886258.8971028,5.0,-4.0,-41.0
1776886258.9071028,6.0,-8.0,-47.0
1776886258.9171028,0.0,-5.0,-46.0
1776886258.9271028,0.0,-6.0,-43.0
1776886258.9371028,3.0,-5.0,-46.0
1776886258.9471028,3.0,-3.0,-44.0
1776886258.9571028,3.0,-4.0,-42.0
1776886258.9671028,2.0,-4.0,-40.0
1776886258.9771028,-1.0,-5.0,-36.0
1776886258.9871027,-4.0,-3.0,-40.0
1776886258.9971027,-2.0,0.0,-49.0
1776886259.0071027,0.0,0.0,-47.0
1776886259.0171027,4.0,2.0,-43.0
1776886259.0271027,5.0,3.0,-40.0
1776886259.0371027,7.0,-1.0,-42.0
1776886259.0471027,7.0,2.0,-43.0
1776886259.057103,5.0,5.0,-55.0
1776886259.067103,2.0,6.0,-54.0
1776886259.077103,1.0,10.0,-55.0
1776886259.087103,5.0,12.0,-50.0
1776886259.0971026,2.0,11.0,-51.0
1776886259.1071026,-3.0,4.0,-43.0
1776886259.1171026,-4.0,3.0,-44.0
1776886259.1271029,-4.0,-1.0,-49.0
1776886259.1371028,-6.0,-1.0,-49.0
1776886259.1471028,-3.0,-3.0,-45.0
1776886259.1571028,0.0,-2.0,-43.0
1776886259.1671028,-2.0,-1.0,-47.0
1776886259.1771028,0.0,-3.0,-49.0
1776886259.1871028,2.0,-2.0,-50.0
1776886259.1971028,3.0,-2.0,-42.0
1776886259.2071028,5.0,-4.0,-44.0
1776886259.2171028,2.0,-4.0,-43.0
1776886259.2271028,1.0,-3.0,-42.0
1776886259.2371027,0.0,-3.0,-44.0
1776886259.2471027,-1.0,-4.0,-51.0
1776886259.2571027,1.0,-4.0,-48.0
1776886259.2671027,2.0,-6.0,-44.0
1776886259.2771027,-3.0,-8.0,-41.0
1776886259.2871027,-4.0,-7.0,-43.0
1776886259.2971027,0.0,-4.0,-39.0
1776886259.307103,0.0,-5.0,-32.0
1776886259.317103,1.0,-2.0,-28.0
1776886259.327103,-5.0,0.0,-32.0
1776886259.337103,-2.0,-2.0,-31.0
1776886259.3471026,-2.0,-5.0,-31.0
1776886259.3571026,-5.0,-7.0,-30.0
1776886259.3671026,-4.0,-6.0,-36.0
1776886259.3771029,-2.0,-2.0,-34.0
1776886259.3871028,-1.0,0.0,-39.0
1776886259.3971028,4.0,1.0,-38.0
1776886259.4071028,8.0,3.0,-35.0
1776886259.4171028,9.0,2.0,-31.0
1776886259.4271028,5.0,0.0,-34.0
1776886259.4371028,0.0,0.0,-36.0
1776886259.4471028,3.0,0.0,-35.0
1776886259.4571028,1.0,0.0,-41.0
1776886259.4671028,-2.0,0.0,-45.0
1776886259.4771028,-4.0,-1.0,-51.0
1776886259.4871027,-5.0,-2.0,-43.0
1776886259.4971027,-6.0,-1.0,-36.0
1776886259.5071027,-2.0,0.0,-38.0
1776886259.5171027,-4.0,-1.0,-38.0
1776886259.5271027,-1.0,-4.0,-40.0
1776886259.5371027,0.0,-4.0,-36.0
1776886259.5471027,-1.0,-4.0,-32.0
1776886259.557103,-2.0,-5.0,-30.0
1776886259.567103,-5.0,-3.0,-28.0
1776886259.577103,-2.0,-1.0,-36.0
1776886259.587103,-3.0,-1.0,-44.0
1776886259.5971026,0.0,-4.0,-50.0
1776886259.6071026,5.0,-5.0,-50.0
1776886259.6171026,0.0,-1.0,-52.0
1776886259.6271029,-2.0,0.0,-53.0
1776886259.6371028,0.0,-5.0,-47.0
1776886259.6471028,2.0,-5.0,-43.0
1776886259.6571028,2.0,-3.0,-38.0
1776886259.6671028,0.0,-4.0,-34.0
1776886259.6771028,5.0,-1.0,-36.0
1776886259.6871028,3.0,0.0,-37.0
1776886259.6971028,3.0,3.0,-38.0
1776886259.7071028,5.0,1.0,-41.0
1776886259.7171028,1.0,-2.0,-43.0
1776886259.7271028,2.0,-4.0,-48.0
1776886259.7371027,1.0,-3.0,-53.0
1776886259.748103,-3.0,-3.0,-62.0
1776886259.7571027,-1.0,-3.0,-55.0
1776886259.7681026,5.0,-4.0,-44.0
1776886259.7781026,5.0,-4.0,-45.0
1776886259.7881026,2.0,-4.0,-42.0
1776886259.7981029,4.0,-5.0,-38.0
1776886259.8081028,5.0,-7.0,-34.0
1776886259.8181028,2.0,-3.0,-33.0
1776886259.8281028,2.0,0.0,-35.0
1776886259.8381028,0.0,6.0,-41.0
1776886259.8481028,1.0,3.0,-43.0
1776886259.8581028,-2.0,-1.0,-43.0
1776886259.8681028,-4.0,-1.0,-37.0
1776886259.8781028,-8.0,0.0,-37.0
1776886259.8881028,-5.0,-2.0,-38.0
1776886259.8981028,-5.0,-4.0,-40.0
1776886259.9081028,-4.0,-6.0,-37.0
1776886259.9181027,-4.0,-5.0,-32.0
1776886259.9281027,-1.0,-1.0,-31.0
1776886259.9381027,0.0,0.0,-36.0
1776886259.9481027,-1.0,0.0,-38.0
1776886259.9581027,0.0,2.0,-34.0
1776886259.9681027,-4.0,-2.0,-35.0
1776886259.9781027,-4.0,-1.0,-40.0
1776886259.988103,-3.0,-1.0,-41.0
1776886259.998103,-1.0,-2.0,-38.0
1776886260.008103,-3.0,-4.0,-40.0
1776886260.0181026,0.0,-1.0,-45.0
1776886260.0281026,4.0,0.0,-43.0
1776886260.0381026,3.0,1.0,-36.0
1776886260.0481029,1.0,-1.0,-40.0
1776886260.0581028,-2.0,-3.0,-37.0
1776886260.0681028,2.0,-1.0,-39.0
1776886260.0781028,2.0,0.0,-36.0
1776886260.0881028,0.0,0.0,-38.0
1776886260.0981028,2.0,0.0,-38.0
1776886260.1081028,4.0,0.0,-34.0
1776886260.1181028,1.0,0.0,-38.0
1776886260.1281028,0.0,-2.0,-38.0
1776886260.1381028,-4.0,-3.0,-34.0
1776886260.1481028,-5.0,-6.0,-35.0
1776886260.1581028,-5.0,-5.0,-35.0
1776886260.1681027,-8.0,-2.0,-35.0
1776886260.1781027,-4.0,-7.0,-37.0
1776886260.1881027,-5.0,-5.0,-39.0
1776886260.1981027,-1.0,-3.0,-41.0
1776886260.2081027,-1.0,0.0,-38.0
1776886260.2181027,4.0,0.0,-38.0
1776886260.2281027,9.0,0.0,-32.0
1776886260.238103,6.0,1.0,-32.0
1776886260.248103,2.0,1.0,-32.0
1776886260.258103,0.0,0.0,-40.0
1776886260.2681026,-1.0,-2.0,-44.0
1776886260.2781026,1.0,-6.0,-50.0
1776886260.2881026,0.0,-10.0,-46.0
1776886260.2981029,1.0,-8.0,-38.0
1776886260.3081028,3.0,0.0,-41.0
1776886260.3181028,3.0,-2.0,-41.0
1776886260.3281028,-1.0,3.0,-38.0
1776886260.3381028,-4.0,6.0,-36.0
1776886260.3481028,-5.0,8.0,-43.0
1776886260.3581028,-2.0,6.0,-45.0
1776886260.3681028,-1.0,5.0,-45.0
1776886260.3781028,-2.0,3.0,-42.0
1776886260.3881028,-1.0,4.0,-38.0
1776886260.3981028,0.0,1.0,-38.0
1776886260.4081028,0.0,1.0,-44.0
1776886260.4181027,2.0,0.0,-41.0
1776886260.4281027,0.0,-2.0,-35.0
1776886260.4381027,0.0,-1.0,-42.0
1776886260.4481027,-1.0,-3.0,-43.0
1776886260.4581027,-4.0,1.0,-35.0
1776886260.4681027,-2.0,2.0,-30.0
1776886260.4781027,1.0,3.0,-33.0
1776886260.488103,0.0,7.0,-32.0
1776886260.498103,1.0,8.0,-30.0
1776886260.508103,-2.0,10.0,-27.0
1776886260.5181026,-6.0,11.0,-31.0
1776886260.5281026,-2.0,8.0,-35.0
1776886260.5381026,-5.0,2.0,-42.0
1776886260.5481029,-1.0,0.0,-40.0
1776886260.5581028,1.0,-4.0,-37.0
1776886260.5681028,3.0,-3.0,-33.0
1776886260.5781028,3.0,-3.0,-39.0
1776886260.5881028,1.0,-9.0,-36.0
1776886260.5981028,0.0,-2.0,-37.0
1776886260.6081028,0.0,-6.0,-40.0
1776886260.6181028,0.0,-8.0,-40.0
1776886260.6281028,0.0,-7.0,-45.0
1776886260.6381028,-1.0,-5.0,-44.0
1776886260.6481028,-1.0,1.0,-46.0
1776886260.6581028,0.0,-1.0,-37.0
1776886260.6681027,0.0,0.0,-39.0
1776886260.6781027,1.0,-1.0,-40.0
1776886260.6881027,2.0,-1.0,-39.0
1776886260.6981027,0.0,-3.0,-38.0
1776886260.7081027,-2.0,-1.0,-35.0
1776886260.7181027,1.0,-2.0,-30.0
1776886260.7281027,5.0,-2.0,-30.0
1776886260.738103,3.0,0.0,-28.0
1776886260.748103,1.0,0.0,-34.0
1776886260.758103,8.0,-3.0,-30.0
1776886260.7681026,7.0,-2.0,-37.0
1776886260.7781026,3.0,-4.0,-42.0
1776886260.7881026,4.0,-3.0,-47.0
1776886260.7981029,0.0,0.0,-47.0
1776886260.8081028,1.0,0.0,-50.0
1776886260.8181028,1.0,-5.0,-54.0
1776886260.8281028,-2.0,-8.0,-49.0
1776886260.8381028,-8.0,-12.0,-45.0
1776886260.8481028,-4.0,-6.0,-41.0
1776886260.8581028,-1.0,-3.0,-33.0
1776886260.8681028,-3.0,1.0,-32.0
1776886260.8781028,-4.0,0.0,-37.0
1776886260.8881028,-4.0,0.0,-40.0
1776886260.8981028,-5.0,0.0,-39.0
1776886260.9081028,-2.0,-2.0,-36.0
1776886260.9181027,-4.0,-7.0,-39.0
1776886260.9281027,-3.0,-4.0,-45.0
1776886260.9381027,0.0,-6.0,-45.0
1776886260.9481027,4.0,-4.0,-39.0
1776886260.9581027,4.0,-1.0,-40.0
1776886260.9681027,1.0,0.0,-34.0
1776886260.9781027,3.0,-1.0,-36.0
1776886260.988103,3.0,2.0,-36.0
1776886260.998103,4.0,6.0,-40.0
1776886261.008103,5.0,3.0,-36.0
1776886261.0181026,8.0,0.0,-30.0
1776886261.0281026,3.0,-1.0,-37.0
1776886261.0381026,2.0,-6.0,-38.0
1776886261.0481029,2.0,-2.0,-36.0
1776886261.0581028,-1.0,-6.0,-37.0
1776886261.0681028,-2.0,-5.0,-41.0
1776886261.0781028,-5.0,-2.0,-43.0
1776886261.0881028,-2.0,-1.0,-38.0
1776886261.0981028,-2.0,0.0,-39.0
1776886261.1081028,0.0,-2.0,-38.0
1776886261.1181028,-1.0,0.0,-42.0
1776886261.1281028,0.0,1.0,-38.0
1776886261.1381028,3.0,2.0,-35.0
1776886261.1481028,2.0,1.0,-33.0
1776886261.1581028,0.0,2.0,-28.0
1776886261.1681027,-4.0,4.0,-29.0
1776886261.1781027,-6.0,4.0,-37.0
1776886261.1881027,-6.0,1.0,-41.0
1776886261.1981027,-5.0,0.0,-45.0
1776886261.2081027,-3.0,3.0,-36.0
1776886261.2181027,-2.0,0.0,-36.0
1776886261.2281027,-2.0,-4.0,-32.0
1776886261.238103,-1.0,-6.0,-35.0
1776886261.248103,0.0,-10.0,-38.0
1776886261.258103,0.0,-7.0,-38.0
1776886261.2681026,-1.0,-5.0,-36.0
1776886261.2781026,2.0,-8.0,-31.0
1776886261.2881026,2.0,-4.0,-36.0
1776886261.2981029,2.0,-2.0,-39.0
1776886261.3081028,0.0,-3.0,-38.0
1776886261.3181028,-4.0,-1.0,-34.0
1776886261.3281028,0.0,2.0,-32.0
1776886261.3381028,5.0,2.0,-31.0
1776886261.3481028,8.0,-1.0,-30.0
1776886261.3581028,5.0,-1.0,-40.0
1776886261.3681028,4.0,-2.0,-42.0
1776886261.3781028,2.0,-2.0,-42.0
1776886261.3881028,0.0,-3.0,-44.0
1776886261.3981028,-1.0,-2.0,-39.0
1776886261.4081028,4.0,-6.0,-37.0
1776886261.4181027,4.0,-4.0,-39.0
1776886261.4281027,3.0,-6.0,-42.0
1776886261.4381027,0.0,-6.0,-38.0
1776886261.4481027,-1.0,-7.0,-34.0
1776886261.4581027,-4.0,-6.0,-41.0
1776886261.4681027,-6.0,-9.0,-47.0
1776886261.4781027,-5.0,-7.0,-40.0
1776886261.488103,-3.0,-4.0,-39.0
1776886261.498103,-4.0,0.0,-43.0
1776886261.508103,-3.0,0.0,-44.0
1776886261.5181026,-1.0,-1.0,-43.0
1776886261.5281026,2.0,0.0,-45.0
1776886261.5381026,2.0,-1.0,-49.0
1776886261.5481029,4.0,-2.0,-49.0
1776886261.5581028,3.0,-3.0,-51.0
1776886261.5681028,3.0,-3.0,-45.0
1776886261.5781028,3.0,-8.0,-47.0
1776886261.5881028,0.0,0.0,-52.0
1776886261.5981028,4.0,0.0,-49.0
1776886261.6081028,3.0,1.0,-47.0
1776886261.6181028,1.0,2.0,-39.0
1776886261.6281028,3.0,4.0,-32.0
1776886261.6381028,1.0,2.0,-34.0
1776886261.6481028,6.0,0.0,-39.0
1776886261.6581028,4.0,-1.0,-41.0
1776886261.6681027,6.0,0.0,-42.0
1776886261.6781027,7.0,1.0,-41.0
1776886261.6881027,0.0,3.0,-42.0
1776886261.6981027,-3.0,4.0,-35.0
1776886261.7081027,-1.0,1.0,-39.0
1776886261.7191026,0.0,3.0,-44.0
1776886261.7281027,0.0,1.0,-38.0
1776886261.7391028,0.0,3.0,-42.0
1776886261.748103,3.0,4.0,-43.0
1776886261.758103,8.0,1.0,-45.0
1776886261.7691028,7.0,-1.0,-40.0
1776886261.7791028,7.0,-3.0,-38.0
1776886261.7891028,3.0,-1.0,-39.0
1776886261.7991028,-1.0,-2.0,-39.0
1776886261.8091028,1.0,-4.0,-43.0
1776886261.8191028,1.0,-5.0,-43.0
1776886261.8291028,5.0,-3.0,-39.0
1776886261.8391027,5.0,-5.0,-44.0
1776886261.8491027,6.0,-6.0,-42.0
1776886261.8591027,9.0,-2.0,-41.0
1776886261.8691027,4.0,0.0,-39.0
1776886261.8791027,5.0,0.0,-32.0
1776886261.8891027,2.0,0.0,-39.0
1776886261.8991027,-1.0,0.0,-44.0
1776886261.909103,-4.0,3.0,-40.0
1776886261.919103,-1.0,3.0,-40.0
1776886261.929103,-1.0,1.0,-40.0
1776886261.9391026,-1.0,0.0,-44.0
1776886261.9491026,0.0,0.0,-49.0
1776886261.9591026,0.0,6.0,-45.0
1776886261.9691026,3.0,5.0,-44.0
1776886261.9791028,2.0,0.0,-41.0
1776886261.9891028,1.0,0.0,-44.0
1776886261.9991028,1.0,0.0,-39.0
1776886262.0091028,-3.0,-1.0,-37.0
1776886262.0191028,-5.0,-3.0,-34.0
1776886262.0291028,-10.0,0.0,-33.0
1776886262.0391028,-5.0,-1.0,-39.0
1776886262.0491028,-3.0,-1.0,-38.0
1776886262.0591028,1.0,-3.0,-40.0
1776886262.0691028,3.0,-3.0,-40.0
1776886262.0791028,1.0,-3.0,-36.0
1776886262.0891027,-1.0,-4.0,-37.0
1776886262.0991027,-3.0,-1.0,-30.0
1776886262.1091027,-6.0,0.0,-34.0
1776886262.1191027,-6.0,0.0,-35.0
1776886262.1291027,-5.0,-3.0,-35.0
1776886262.1391027,-10.0,-4.0,-41.0
1776886262.1491027,-7.0,-2.0,-38.0
1776886262.159103,-3.0,-3.0,-35.0
1776886262.169103,-1.0,-1.0,-40.0
1776886262.179103,0.0,1.0,-35.0
1776886262.1891026,-1.0,3.0,-35.0
1776886262.1991026,-2.0,3.0,-35.0
1776886262.2091026,-3.0,1.0,-36.0
1776886262.2191026,-1.0,1.0,-38.0
1776886262.2291028,0.0,-2.0,-37.0
1776886262.2391028,0.0,0.0,-34.0
1776886262.2491028,5.0,-2.0,-34.0
1776886262.2591028,7.0,-3.0,-38.0
1776886262.2691028,3.0,-4.0,-42.0
1776886262.2791028,0.0,-5.0,-39.0
1776886262.2891028,-1.0,-1.0,-39.0
1776886262.2991028,-5.0,1.0,-31.0
1776886262.3091028,-5.0,0.0,-35.0
1776886262.3191028,-1.0,-1.0,-42.0
1776886262.3291028,0.0,0.0,-41.0
1776886262.3391027,-2.0,0.0,-42.0
1776886262.3491027,-3.0,1.0,-46.0
1776886262.3591027,0.0,-1.0,-46.0
1776886262.3691027,-1.0,2.0,-39.0
1776886262.3791027,-5.0,4.0,-38.0
1776886262.3891027,-3.0,3.0,-42.0
1776886262.3991027,-2.0,2.0,-42.0
1776886262.409103,-5.0,0.0,-45.0
1776886262.419103,-7.0,1.0,-43.0
1776886262.429103,-9.0,0.0,-39.0
1776886262.4391026,-8.0,2.0,-37.0
1776886262.4491026,-10.0,1.0,-36.0
1776886262.4591026,-8.0,0.0,-37.0
1776886262.4691026,-4.0,0.0,-33.0
1776886262.4791028,-3.0,-2.0,-27.0
1776886262.4891028,-1.0,0.0,-28.0
1776886262.4991028,-4.0,-4.0,-38.0
1776886262.5091028,-4.0,-6.0,-41.0
1776886262.5191028,-2.0,-4.0,-46.0
1776886262.5291028,0.0,-6.0,-56.0
1776886262.5391028,0.0,-8.0,-56.0
1776886262.5491028,-2.0,-13.0,-58.0
1776886262.5591028,0.0,-8.0,-57.0
1776886262.5691028,5.0,-6.0,-57.0
1776886262.5791028,6.0,-3.0,-55.0
1776886262.5891027,4.0,-3.0,-52.0
1776886262.5991027,5.0,-5.0,-47.0
1776886262.6091027,7.0,0.0,-48.0
1776886262.6191027,8.0,0.0,-40.0
1776886262.6291027,5.0,3.0,-43.0
1776886262.6391027,2.0,2.0,-45.0
1776886262.6491027,-2.0,3.0,-54.0
1776886262.659103,-4.0,2.0,-51.0
1776886262.669103,-3.0,0.0,-50.0
1776886262.679103,-1.0,-2.0,-46.0
1776886262.6891026,0.0,-1.0,-41.0
1776886262.6991026,2.0,1.0,-42.0
1776886262.7091026,0.0,1.0,-43.0
1776886262.7191026,3.0,0.0,-42.0
1776886262.7291028,1.0,0.0,-41.0
1776886262.7391028,0.0,0.0,-34.0
1776886262.7491028,5.0,0.0,-30.0
1776886262.7591028,7.0,1.0,-36.0
1776886262.7691028,1.0,2.0,-46.0
1776886262.7791028,0.0,0.0,-44.0
1776886262.7891028,-5.0,2.0,-41.0
1776886262.7991028,-7.0,-1.0,-41.0
1776886262.8091028,-10.0,1.0,-40.0
1776886262.8191028,-7.0,0.0,-35.0
1776886262.8291028,-4.0,-3.0,-34.0
1776886262.8391027,-4.0,-6.0,-39.0
1776886262.8491027,-6.0,-4.0,-40.0
1776886262.8591027,-1.0,-2.0,-43.0
1776886262.8691027,0.0,-2.0,-43.0
1776886262.8791027,0.0,-2.0,-35.0
1776886262.8891027,4.0,0.0,-34.0
1776886262.8991027,2.0,0.0,-38.0
1776886262.909103,3.0,-2.0,-43.0
1776886262.919103,0.0,-1.0,-46.0
1776886262.929103,-4.0,0.0,-42.0
1776886262.9391026,-5.0,1.0,-46.0
1776886262.9491026,-3.0,-2.0,-42.0
1776886262.9591026,0.0,-3.0,-43.0
1776886262.9691026,-2.0,-6.0,-41.0
1776886262.9791028,0.0,-8.0,-40.0
1776886262.9891028,-2.0,-7.0,-34.0
1776886262.9991028,0.0,-4.0,-37.0
1776886263.0091028,-1.0,-5.0,-29.0
1776886263.0191028,0.0,-3.0,-37.0
1776886263.0291028,0.0,-1.0,-40.0
1776886263.0391028,-4.0,-1.0,-38.0
1776886263.0491028,-6.0,-1.0,-47.0
1776886263.0591028,-2.0,-4.0,-54.0
1776886263.0691028,-2.0,-2.0,-50.0
1776886263.0791028,-2.0,0.0,-46.0
1776886263.0891027,0.0,0.0,-47.0
1776886263.0991027,-2.0,-1.0,-45.0
1776886263.1091027,0.0,-2.0,-46.0
1776886263.1191027,-1.0,-1.0,-47.0
1776886263.1291027,-3.0,0.0,-44.0
1776886263.1391027,-5.0,-3.0,-41.0
1776886263.1491027,-7.0,-5.0,-44.0
1776886263.159103,-5.0,-6.0,-45.0
1776886263.169103,-3.0,-2.0,-44.0
1776886263.179103,-2.0,-7.0,-41.0
1776886263.1891026,0.0,-4.0,-38.0
1776886263.1991026,1.0,0.0,-40.0
1776886263.2091026,1.0,-2.0,-47.0
1776886263.2191026,2.0,-5.0,-44.0
1776886263.2291028,0.0,-3.0,-43.0
1776886263.2391028,2.0,-3.0,-46.0
1776886263.2491028,2.0,-4.0,-45.0
1776886263.2591028,0.0,-2.0,-49.0
1776886263.2691028,0.0,0.0,-48.0
1776886263.2791028,-2.0,1.0,-46.0
1776886263.2891028,0.0,0.0,-47.0
1776886263.2991028,4.0,0.0,-47.0
1776886263.3091028,5.0,-5.0,-47.0
1776886263.3191028,3.0,-9.0,-44.0
1776886263.3291028,3.0,-12.0,-42.0
1776886263.3391027,2.0,-12.0,-41.0
1776886263.3491027,2.0,-11.0,-48.0
1776886263.3591027,0.0,-9.0,-42.0
1776886263.3691027,-1.0,-5.0,-40.0
1776886263.3791027,2.0,-1.0,-42.0
1776886263.3891027,5.0,3.0,-50.0
1776886263.3991027,7.0,2.0,-53.0
1776886263.409103,8.0,2.0,-55.0
1776886263.419103,10.0,-3.0,-47.0
1776886263.429103,8.0,-5.0,-41.0
1776886263.4391026,9.0,-3.0,-46.0
1776886263.4491026,5.0,-4.0,-45.0
1776886263.4591026,4.0,-4.0,-45.0
1776886263.4691026,0.0,-2.0,-41.0
1776886263.4791028,-4.0,-2.0,-44.0
1776886263.4891028,-5.0,-6.0,-39.0
1776886263.4991028,-2.0,-7.0,-37.0
1776886263.5091028,1.0,-7.0,-34.0
1776886263.5191028,5.0,-5.0,-42.0
1776886263.5291028,0.0,-4.0,-51.0
1776886263.5391028,2.0,-3.0,-47.0
1776886263.5491028,2.0,-5.0,-44.0
1776886263.5591028,4.0,-8.0,-37.0
1776886263.5691028,2.0,-6.0,-36.0
1776886263.5791028,7.0,-4.0,-33.0
1776886263.5891027,7.0,-6.0,-35.0
1776886263.5991027,8.0,-1.0,-34.0
1776886263.6091027,10.0,0.0,-32.0
1776886263.6191027,6.0,2.0,-41.0
1776886263.6291027,6.0,0.0,-47.0
1776886263.6391027,6.0,5.0,-43.0
1776886263.6491027,0.0,0.0,-45.0
1776886263.659103,0.0,3.0,-46.0
1776886263.669103,0.0,6.0,-44.0
1776886263.679103,2.0,5.0,-39.0
1776886263.6891026,-1.0,5.0,-45.0
1776886263.6991026,0.0,8.0,-40.0
1776886263.7091026,-2.0,2.0,-37.0
1776886263.7191026,0.0,-1.0,-35.0
1776886263.7291028,-3.0,-1.0,-34.0
1776886263.7391028,-1.0,0.0,-35.0
1776886263.7491028,-3.0,-1.0,-37.0
1776886263.7601027,-4.0,-6.0,-38.0
1776886263.7701027,-1.0,-3.0,-41.0
1776886263.7801027,-4.0,-6.0,-37.0
1776886263.7901027,-5.0,-5.0,-37.0
1776886263.8001027,-5.0,-4.0,-43.0
1776886263.8101027,0.0,-2.0,-37.0
1776886263.8201027,-2.0,-6.0,-45.0
1776886263.8301027,-2.0,-7.0,-46.0
1776886263.840103,-2.0,-5.0,-39.0
1776886263.850103,-3.0,-2.0,-41.0
1776886263.860103,0.0,-1.0,-41.0
1776886263.8701026,-2.0,-1.0,-47.0
1776886263.8801026,-2.0,-1.0,-49.0
1776886263.8901026,-2.0,-2.0,-46.0
1776886263.9001029,-4.0,-5.0,-43.0
1776886263.9101028,0.0,-1.0,-47.0
1776886263.9201028,4.0,-4.0,-46.0
1776886263.9301028,1.0,-5.0,-41.0
1776886263.9401028,-1.0,-4.0,-38.0
1776886263.9501028,0.0,-2.0,-37.0
1776886263.9601028,-3.0,0.0,-42.0
1776886263.9701028,1.0,-6.0,-44.0
1776886263.9801028,-1.0,-4.0,-46.0
1776886263.9901028,4.0,0.0,-44.0
1776886264.0001028,6.0,-4.0,-48.0
1776886264.0101027,5.0,-2.0,-48.0
1776886264.0201027,3.0,0.0,-52.0
1776886264.0301027,5.0,-2.0,-51.0
1776886264.0401027,11.0,-3.0,-49.0
1776886264.0501027,16.0,-7.0,-47.0
1776886264.0601027,11.0,-7.0,-46.0
1776886264.0701027,11.0,-8.0,-38.0
1776886264.0801027,6.0,-6.0,-35.0
1776886264.090103,4.0,-5.0,-37.0
1776886264.100103,7.0,-4.0,-34.0
1776886264.110103,3.0,-5.0,-36.0
1776886264.1201026,0.0,-6.0,-41.0
1776886264.1301026,-2.0,-7.0,-41.0
1776886264.1401026,-7.0,-3.0,-46.0
1776886264.1501029,-3.0,-3.0,-49.0
1776886264.1601028,-1.0,-1.0,-47.0
1776886264.1701028,0.0,0.0,-44.0
1776886264.1801028,-3.0,0.0,-44.0
1776886264.1901028,-6.0,1.0,-39.0
1776886264.2001028,-3.0,1.0,-37.0
1776886264.2101028,-1.0,1.0,-38.0
1776886264.2201028,0.0,2.0,-38.0
1776886264.2301028,0.0,1.0,-45.0
1776886264.2401028,0.0,-3.0,-39.0
1776886264.2501028,1.0,0.0,-43.0
1776886264.2601027,5.0,-3.0,-45.0
1776886264.2701027,3.0,-5.0,-44.0
1776886264.2801027,4.0,-6.0,-43.0
1776886264.2901027,4.0,-1.0,-42.0
1776886264.3001027,2.0,-6.0,-41.0
1776886264.3101027,1.0,-4.0,-38.0
1776886264.3201027,0.0,-3.0,-41.0
1776886264.3301027,1.0,-1.0,-45.0
1776886264.340103,0.0,0.0,-36.0
1776886264.350103,-2.0,0.0,-45.0
1776886264.360103,2.0,-1.0,-48.0
1776886264.3701026,1.0,-2.0,-53.0
1776886264.3801026,-1.0,0.0,-45.0
1776886264.3901026,-1.0,0.0,-37.0
1776886264.4001029,-1.0,0.0,-38.0
1776886264.4101028,-4.0,-3.0,-43.0
1776886264.4201028,0.0,-6.0,-44.0
1776886264.4301028,3.0,-6.0,-42.0
1776886264.4401028,4.0,-4.0,-42.0
1776886264.4501028,2.0,-4.0,-43.0
1776886264.4601028,7.0,-6.0,-41.0
1776886264.4701028,3.0,-7.0,-40.0
1776886264.4801028,3.0,-2.0,-39.0
1776886264.4901028,2.0,2.0,-36.0
1776886264.5001028,-1.0,0.0,-31.0
1776886264.5101027,-2.0,-4.0,-35.0
1776886264.5201027,-3.0,-4.0,-35.0
1776886264.5301027,-1.0,-1.0,-30.0
1776886264.5401027,-8.0,0.0,-29.0
1776886264.5501027,-7.0,0.0,-25.0
1776886264.5601027,-4.0,-3.0,-26.0
1776886264.5701027,1.0,-1.0,-27.0
1776886264.5801027,3.0,0.0,-32.0
1776886264.590103,3.0,2.0,-31.0
1776886264.600103,7.0,8.0,-32.0
1776886264.610103,7.0,5.0,-38.0
1776886264.6201026,2.0,3.0,-36.0
1776886264.6301026,0.0,4.0,-33.0
1776886264.6401026,4.0,-1.0,-36.0
1776886264.6501029,5.0,0.0,-37.0
1776886264.6601028,2.0,-4.0,-33.0
1776886264.6701028,2.0,-4.0,-40.0
1776886264.6801028,-1.0,-3.0,-41.0
1776886264.6901028,0.0,-6.0,-35.0
1776886264.7001028,1.0,-6.0,-35.0
1776886264.7101028,5.0,-5.0,-30.0
1776886264.7201028,7.0,-3.0,-27.0
1776886264.7301028,8.0,-2.0,-26.0
1776886264.7401028,5.0,-1.0,-25.0
1776886264.7501028,4.0,0.0,-25.0
1776886264.7601027,4.0,-3.0,-25.0
1776886264.7701027,4.0,-7.0,-32.0
1776886264.7801027,0.0,-6.0,-29.0
1776886264.7901027,3.0,-7.0,-25.0
1776886264.8001027,6.0,-7.0,-29.0
1776886264.8101027,3.0,-12.0,-35.0
1776886264.8201027,0.0,-14.0,-40.0
1776886264.8301027,-4.0,-11.0,-38.0
1776886264.840103,-1.0,-9.0,-37.0
1776886264.850103,1.0,-4.0,-36.0
1776886264.860103,0.0,-2.0,-31.0
1776886264.8701026,2.0,0.0,-32.0
1776886264.8801026,4.0,0.0,-37.0
1776886264.8901026,1.0,-3.0,-36.0
1776886264.9001029,6.0,-3.0,-38.0
1776886264.9101028,8.0,-1.0,-33.0
1776886264.9201028,8.0,0.0,-42.0
1776886264.9301028,3.0,0.0,-39.0
1776886264.9401028,-1.0,3.0,-36.0
1776886264.9501028,0.0,4.0,-35.0
1776886264.9601028,1.0,0.0,-32.0
1776886264.9701028,2.0,-1.0,-39.0
1776886264.9801028,1.0,-2.0,-40.0
1776886264.9901028,4.0,-1.0,-42.0
1776886265.0001028,2.0,-7.0,-39.0
1776886265.0101027,0.0,-5.0,-42.0
1776886265.0201027,-3.0,0.0,-47.0
1776886265.0301027,-5.0,1.0,-49.0
1776886265.0401027,-1.0,3.0,-49.0
1776886265.0501027,0.0,5.0,-45.0
1776886265.0601027,0.0,6.0,-37.0
1776886265.0701027,4.0,4.0,-33.0
1776886265.0801027,3.0,0.0,-31.0
1776886265.090103,7.0,2.0,-37.0
1776886265.100103,6.0,5.0,-36.0
1776886265.110103,5.0,1.0,-40.0
1776886265.1201026,9.0,2.0,-39.0
1776886265.1301026,7.0,1.0,-37.0
1776886265.1401026,4.0,0.0,-34.0
1776886265.1501029,2.0,-1.0,-38.0
1776886265.1601028,3.0,-1.0,-38.0
1776886265.1701028,3.0,-3.0,-40.0
1776886265.1801028,3.0,-8.0,-36.0
1776886265.1901028,5.0,-7.0,-32.0
1776886265.2001028,5.0,-4.0,-42.0
1776886265.2101028,3.0,0.0,-40.0
1776886265.2201028,1.0,5.0,-42.0
1776886265.2301028,2.0,2.0,-40.0
1776886265.2401028,1.0,0.0,-43.0
1776886265.2501028,4.0,1.0,-49.0
1776886265.2601027,3.0,3.0,-41.0
1776886265.2701027,3.0,0.0,-33.0
1776886265.2801027,7.0,2.0,-35.0
1776886265.2901027,7.0,2.0,-33.0
1776886265.3001027,5.0,2.0,-34.0
1776886265.3101027,2.0,4.0,-32.0
1776886265.3201027,1.0,1.0,-37.0
1776886265.3301027,0.0,0.0,-37.0
1776886265.340103,-3.0,0.0,-42.0
1776886265.350103,-1.0,0.0,-42.0
1776886265.360103,-5.0,-1.0,-42.0
1776886265.3701026,0.0,0.0,-45.0
1776886265.3801026,1.0,0.0,-44.0
1776886265.3901026,0.0,-5.0,-38.0
1776886265.4001029,1.0,-4.0,-40.0
1776886265.4101028,3.0,-5.0,-47.0
1776886265.4201028,1.0,-3.0,-50.0
1776886265.4301028,7.0,0.0,-46.0
1776886265.4401028,2.0,-5.0,-40.0
1776886265.4501028,2.0,-8.0,-37.0
1776886265.4601028,4.0,-6.0,-39.0
1776886265.4701028,7.0,-1.0,-40.0
1776886265.4801028,3.0,-3.0,-46.0
1776886265.4901028,3.0,0.0,-45.0
1776886265.5001028,6.0,0.0,-39.0
1776886265.5101027,4.0,-2.0,-41.0
1776886265.5201027,6.0,-3.0,-45.0
1776886265.5301027,9.0,-5.0,-40.0
1776886265.5401027,4.0,-6.0,-38.0
1776886265.5501027,2.0,2.0,-29.0
1776886265.5601027,0.0,4.0,-28.0
1776886265.5701027,5.0,2.0,-32.0
1776886265.5801027,3.0,2.0,-38.0
1776886265.590103,5.0,3.0,-42.0
1776886265.600103,3.0,0.0,-43.0
1776886265.610103,-3.0,0.0,-44.0
1776886265.6201026,-6.0,-1.0,-43.0
1776886265.6301026,-4.0,-4.0,-47.0
1776886265.6401026,-1.0,-6.0,-50.0
1776886265.6501029,-1.0,-4.0,-48.0
1776886265.6601028,-1.0,-2.0,-61.0
1776886265.6701028,2.0,-2.0,-57.0
1776886265.6801028,3.0,-2.0,-53.0
1776886265.6901028,6.0,-3.0,-49.0
1776886265.7001028,7.0,0.0,-45.0
1776886265.7101028,2.0,1.0,-44.0
1776886265.7201028,2.0,2.0,-38.0
1776886265.7311027,0.0,0.0,-34.0
1776886265.7411027,-2.0,-2.0,-33.0
1776886265.7511027,0.0,-2.0,-34.0
1776886265.761103,1.0,-5.0,-28.0
1776886265.771103,2.0,-4.0,-27.0
1776886265.781103,0.0,-3.0,-34.0
1776886265.7911026,4.0,-2.0,-38.0
1776886265.8011026,2.0,-3.0,-39.0
1776886265.8111026,2.0,-3.0,-35.0
1776886265.8211029,1.0,-5.0,-35.0
1776886265.8311028,-2.0,-4.0,-45.0
1776886265.8411028,-2.0,-8.0,-39.0
1776886265.8511028,-5.0,-7.0,-40.0
1776886265.8611028,-6.0,-5.0,-38.0
1776886265.8711028,-4.0,0.0,-41.0
1776886265.8811028,0.0,0.0,-40.0
1776886265.8911028,-1.0,-5.0,-40.0
1776886265.9011028,-2.0,-5.0,-41.0
1776886265.9111028,-1.0,-2.0,-43.0
1776886265.9211028,3.0,-3.0,-41.0
1776886265.9311028,4.0,-2.0,-41.0
1776886265.9411027,6.0,-4.0,-38.0
1776886265.9511027,6.0,-3.0,-34.0
1776886265.9611027,8.0,-2.0,-31.0
1776886265.9711027,5.0,-5.0,-38.0
1776886265.9811027,1.0,-7.0,-41.0
1776886265.9911027,0.0,-5.0,-36.0
1776886266.0011027,0.0,-3.0,-40.0
1776886266.011103,4.0,-2.0,-37.0
1776886266.021103,3.0,0.0,-41.0
1776886266.031103,2.0,1.0,-38.0
1776886266.0411026,3.0,-1.0,-40.0
1776886266.0511026,0.0,0.0,-36.0
1776886266.0611026,-1.0,1.0,-31.0
1776886266.0711029,-1.0,-1.0,-32.0
1776886266.0811028,2.0,2.0,-38.0
1776886266.0911028,6.0,-1.0,-39.0
1776886266.1011028,4.0,0.0,-39.0
1776886266.1111028,1.0,-3.0,-34.0
1776886266.1211028,3.0,-2.0,-36.0
1776886266.1311028,7.0,-2.0,-40.0
1776886266.1411028,7.0,-1.0,-30.0
1776886266.1511028,7.0,0.0,-29.0
1776886266.1611028,6.0,0.0,-25.0
1776886266.1711028,3.0,1.0,-30.0
1776886266.1811028,1.0,0.0,-35.0
1776886266.1911027,-1.0,-1.0,-38.0
1776886266.2011027,0.0,0.0,-43.0
1776886266.2111027,2.0,0.0,-44.0
1776886266.2211027,4.0,-4.0,-48.0
1776886266.2311027,3.0,-1.0,-42.0
1776886266.2411027,4.0,-5.0,-38.0
1776886266.2511027,6.0,-5.0,-35.0
1776886266.261103,9.0,-3.0,-35.0
1776886266.271103,8.0,-5.0,-34.0
1776886266.2821028,4.0,-7.0,-37.0
1776886266.2911026,2.0,-4.0,-41.0
1776886266.3011026,2.0,-2.0,-43.0
1776886266.3111026,2.0,-2.0,-47.0
1776886266.3211029,3.0,-3.0,-38.0
1776886266.3311028,1.0,-3.0,-27.0
1776886266.3411028,1.0,-3.0,-28.0
1776886266.3511028,5.0,-6.0,-27.0
1776886266.3611028,3.0,-12.0,-26.0
1776886266.3711028,1.0,-9.0,-25.0
1776886266.3811028,2.0,-8.0,-33.0
1776886266.3911028,-1.0,-10.0,-35.0
1776886266.4011028,0.0,-8.0,-29.0
1776886266.4111028,-3.0,-2.0,-35.0
1776886266.4211028,-1.0,-1.0,-39.0
1776886266.4311028,-1.0,-3.0,-34.0
1776886266.4411027,-2.0,-3.0,-31.0
1776886266.4511027,0.0,-3.0,-33.0
1776886266.4611027,-2.0,1.0,-33.0
1776886266.4711027,0.0,-2.0,-40.0
1776886266.4811027,3.0,-1.0,-38.0
1776886266.4911027,5.0,-1.0,-38.0
1776886266.5011027,4.0,4.0,-45.0
1776886266.511103,7.0,4.0,-45.0
1776886266.521103,9.0,2.0,-48.0
1776886266.531103,4.0,1.0,-41.0
1776886266.5411026,2.0,-5.0,-37.0
1776886266.5511026,6.0,-5.0,-37.0
1776886266.5611026,6.0,-5.0,-31.0
1776886266.5711029,1.0,-2.0,-31.0
1776886266.5811028,-2.0,0.0,-34.0
1776886266.5911028,-2.0,0.0,-36.0
1776886266.6011028,-3.0,0.0,-33.0
1776886266.6111028,-3.0,0.0,-37.0
1776886266.6211028,-5.0,0.0,-38.0
1776886266.6311028,-1.0,2.0,-43.0
1776886266.6411028,0.0,4.0,-44.0
1776886266.6511028,-2.0,3.0,-46.0
1776886266.6611028,0.0,5.0,-42.0
1776886266.6711028,0.0,8.0,-36.0
1776886266.6811028,-1.0,6.0,-34.0
1776886266.6911027,0.0,0.0,-35.0
1776886266.7011027,-1.0,-2.0,-35.0
1776886266.7111027,-1.0,-5.0,-38.0
1776886266.7211027,-1.0,-4.0,-32.0
1776886266.7311027,0.0,-3.0,-29.0
1776886266.7411027,0.0,-3.0,-33.0
1776886266.7511027,0.0,-2.0,-38.0
1776886266.761103,0.0,-3.0,-38.0
1776886266.771103,-1.0,-1.0,-36.0
1776886266.781103,-5.0,0.0,-44.0
1776886266.7911026,-4.0,-3.0,-45.0
1776886266.8011026,-4.0,-3.0,-40.0
1776886266.8111026,1.0,-4.0,-37.0
1776886266.8211029,3.0,-1.0,-41.0
1776886266.8311028,0.0,-1.0,-42.0
1776886266.8411028,0.0,-4.0,-40.0
1776886266.8511028,0.0,-5.0,-33.0
1776886266.8611028,0.0,-4.0,-35.0
1776886266.8711028,6.0,-5.0,-38.0
1776886266.8811028,7.0,0.0,-33.0
1776886266.8911028,6.0,-1.0,-29.0
1776886266.9011028,2.0,0.0,-26.0
1776886266.9111028,3.0,0.0,-29.0
1776886266.9211028,3.0,3.0,-30.0
1776886266.9311028,8.0,-1.0,-32.0
1776886266.9411027,6.0,1.0,-33.0
1776886266.9511027,0.0,3.0,-40.0
1776886266.9611027,1.0,-5.0,-38.0
1776886266.9711027,2.0,-4.0,-34.0
1776886266.9811027,-1.0,-6.0,-39.0
1776886266.9911027,-1.0,-5.0,-40.0
1776886267.0011027,-2.0,-5.0,-35.0
1776886267.011103,-1.0,-2.0,-34.0
1776886267.021103,0.0,-5.0,-36.0
1776886267.031103,-2.0,-2.0,-36.0
1776886267.0411026,-1.0,0.0,-37.0
1776886267.0511026,2.0,0.0,-44.0
1776886267.0611026,4.0,1.0,-39.0
1776886267.0711029,3.0,2.0,-39.0
1776886267.0811028,3.0,2.0,-47.0
1776886267.0911028,4.0,4.0,-43.0
1776886267.1011028,1.0,4.0,-40.0
1776886267.1111028,-1.0,5.0,-37.0
1776886267.1211028,-3.0,5.0,-36.0
1776886267.1311028,-3.0,2.0,-45.0
1776886267.1411028,0.0,3.0,-39.0
1776886267.1511028,4.0,4.0,-35.0
1776886267.1611028,5.0,0.0,-34.0
1776886267.1711028,6.0,-1.0,-32.0
1776886267.1811028,1.0,0.0,-35.0
1776886267.1911027,2.0,-2.0,-33.0
1776886267.2011027,4.0,-6.0,-32.0
1776886267.2111027,3.0,-8.0,-35.0
1776886267.2211027,-2.0,-7.0,-43.0
1776886267.2311027,0.0,-6.0,-43.0
1776886267.2411027,3.0,-4.0,-46.0
1776886267.2511027,8.0,-5.0,-47.0
1776886267.261103,4.0,0.0,-50.0
1776886267.271103,2.0,3.0,-49.0
1776886267.281103,1.0,4.0,-45.0
1776886267.2911026,0.0,3.0,-41.0
1776886267.3011026,2.0,2.0,-38.0
1776886267.3111026,5.0,1.0,-36.0
1776886267.3211029,4.0,0.0,-39.0
1776886267.3311028,0.0,-1.0,-41.0
1776886267.3411028,1.0,-1.0,-34.0
1776886267.3511028,4.0,0.0,-35.0
1776886267.3611028,6.0,1.0,-43.0
1776886267.3711028,0.0,1.0,-46.0
1776886267.3811028,0.0,0.0,-43.0
1776886267.3911028,5.0,-2.0,-38.0
1776886267.4011028,5.0,0.0,-32.0
1776886267.4111028,7.0,-1.0,-29.0
1776886267.4211028,5.0,-1.0,-25.0
1776886267.4311028,4.0,1.0,-21.0
1776886267.4411027,2.0,0.0,-28.0
1776886267.4511027,2.0,0.0,-27.0
1776886267.4611027,5.0,0.0,-36.0
1776886267.4711027,6.0,4.0,-41.0
1776886267.4811027,3.0,4.0,-47.0
1776886267.4911027,5.0,5.0,-47.0
1776886267.5011027,7.0,3.0,-43.0
1776886267.511103,7.0,4.0,-33.0
1776886267.521103,6.0,2.0,-32.0
1776886267.531103,5.0,0.0,-33.0
1776886267.5411026,6.0,2.0,-28.0
1776886267.5511026,3.0,3.0,-31.0
1776886267.5611026,1.0,2.0,-34.0
1776886267.5711029,-2.0,0.0,-32.0
1776886267.5811028,0.0,2.0,-32.0
1776886267.5911028,1.0,2.0,-36.0
1776886267.6011028,1.0,4.0,-39.0
1776886267.6111028,5.0,5.0,-44.0
1776886267.6211028,6.0,3.0,-46.0
1776886267.6311028,2.0,-1.0,-43.0
1776886267.6411028,2.0,-3.0,-44.0
1776886267.6511028,4.0,0.0,-46.0
1776886267.6611028,5.0,-3.0,-39.0
1776886267.6711028,5.0,-2.0,-39.0
1776886267.6811028,2.0,-3.0,-41.0
1776886267.6911027,0.0,-4.0,-39.0
1776886267.7011027,-1.0,-2.0,-32.0
1776886267.712103,1.0,-4.0,-35.0
1776886267.7211027,0.0,-6.0,-37.0
1776886267.7311027,-3.0,-7.0,-46.0
1776886267.7421026,-2.0,-6.0,-40.0
1776886267.7521029,-4.0,-6.0,-35.0
1776886267.761103,-6.0,0.0,-35.0
1776886267.7721028,-1.0,3.0,-36.0
1776886267.7821028,1.0,6.0,-34.0
1776886267.7921028,5.0,1.0,-38.0
1776886267.8021028,0.0,-1.0,-38.0
1776886267.8121028,-6.0,-4.0,-35.0
1776886267.8221028,-3.0,-6.0,-28.0
1776886267.8321028,-4.0,-5.0,-33.0
1776886267.8421028,-4.0,-5.0,-37.0
1776886267.8521028,-7.0,-6.0,-42.0
1776886267.8621027,-6.0,-6.0,-41.0
1776886267.8721027,-3.0,-9.0,-42.0
1776886267.8821027,-1.0,-10.0,-39.0
1776886267.8921027,-6.0,-9.0,-36.0
1776886267.9021027,-6.0,-9.0,-39.0
1776886267.9121027,-4.0,-10.0,-39.0
1776886267.9221027,0.0,-8.0,-36.0
1776886267.932103,3.0,-8.0,-37.0
1776886267.942103,0.0,-10.0,-34.0
1776886267.952103,-1.0,-7.0,-37.0
1776886267.962103,0.0,-9.0,-42.0
1776886267.9721026,0.0,-4.0,-39.0
1776886267.9821026,0.0,-2.0,-45.0
1776886267.9921026,-1.0,1.0,-43.0
1776886268.0021029,-5.0,-1.0,-38.0
1776886268.0121028,-4.0,-3.0,-41.0
1776886268.0231028,-3.0,-2.0,-39.0
1776886268.0321028,0.0,0.0,-41.0
1776886268.0421028,4.0,4.0,-41.0
1776886268.0521028,5.0,2.0,-44.0
1776886268.0621028,4.0,2.0,-38.0
1776886268.0721028,3.0,-1.0,-35.0
1776886268.0821028,0.0,-4.0,-36.0
1776886268.0921028,1.0,0.0,-35.0
1776886268.1021028,4.0,-3.0,-38.0
1776886268.1121027,4.0,-2.0,-32.0
1776886268.1221027,0.0,-1.0,-37.0
1776886268.1321027,1.0,-2.0,-36.0
1776886268.1421027,1.0,-2.0,-37.0
1776886268.1521027,0.0,-3.0,-34.0
1776886268.1621027,-1.0,0.0,-32.0
1776886268.1721027,-4.0,0.0,-28.0
1776886268.182103,-6.0,1.0,-35.0
1776886268.192103,-5.0,4.0,-34.0
1776886268.202103,-5.0,2.0,-38.0
1776886268.212103,-6.0,0.0,-36.0
1776886268.2221026,-7.0,-2.0,-36.0
1776886268.2321026,-6.0,-4.0,-32.0
1776886268.2421026,-5.0,-5.0,-30.0
1776886268.2521029,-4.0,-3.0,-29.0
1776886268.2621028,-1.0,1.0,-36.0
1776886268.2721028,-2.0,4.0,-35.0
1776886268.2821028,1.0,4.0,-31.0
1776886268.2921028,6.0,2.0,-30.0
1776886268.3021028,3.0,2.0,-29.0
1776886268.3121028,2.0,2.0,-31.0
1776886268.3221028,1.0,5.0,-26.0
1776886268.3321028,1.0,8.0,-30.0
1776886268.3421028,1.0,5.0,-41.0
1776886268.3521028,4.0,1.0,-44.0
1776886268.3621027,3.0,0.0,-44.0
1776886268.3721027,2.0,0.0,-44.0
1776886268.3821027,2.0,2.0,-48.0
1776886268.3921027,0.0,3.0,-46.0
1776886268.4021027,-1.0,4.0,-43.0
1776886268.4121027,-2.0,8.0,-39.0
1776886268.4221027,2.0,7.0,-38.0
1776886268.432103,2.0,4.0,-33.0
1776886268.442103,3.0,1.0,-29.0
1776886268.452103,3.0,0.0,-31.0
1776886268.462103,7.0,1.0,-32.0
1776886268.4721026,6.0,0.0,-33.0
1776886268.4821026,1.0,1.0,-30.0
1776886268.4921026,-3.0,0.0,-30.0
1776886268.5021029,-2.0,3.0,-25.0
1776886268.5121028,1.0,1.0,-26.0
1776886268.5221028,4.0,4.0,-35.0
1776886268.5321028,6.0,2.0,-39.0
1776886268.5421028,9.0,-2.0,-44.0
1776886268.5521028,7.0,-3.0,-45.0
1776886268.5621028,4.0,-7.0,-42.0
1776886268.5721028,5.0,-4.0,-42.0
1776886268.5821028,1.0,-9.0,-43.0
1776886268.5921028,-2.0,-4.0,-44.0
1776886268.6021028,1.0,-1.0,-42.0
1776886268.6121027,2.0,-4.0,-43.0
1776886268.6221027,0.0,-4.0,-40.0
1776886268.6321027,4.0,-3.0,-37.0
1776886268.6421027,2.0,-6.0,-35.0
1776886268.6521027,0.0,-4.0,-35.0
1776886268.6621027,-5.0,-4.0,-34.0
1776886268.6721027,-2.0,-7.0,-31.0
1776886268.682103,2.0,-8.0,-25.0
1776886268.692103,3.0,-9.0,-17.0
1776886268.702103,5.0,-9.0,-23.0
1776886268.712103,3.0,-4.0,-29.0
1776886268.7221026,2.0,-4.0,-36.0
1776886268.7321026,4.0,1.0,-33.0
1776886268.7421026,0.0,2.0,-29.0
1776886268.7521029,-2.0,1.0,-40.0
1776886268.7621028,-2.0,-1.0,-42.0
1776886268.7721028,-1.0,-4.0,-36.0
1776886268.7821028,-1.0,-4.0,-37.0
1776886268.7921028,-7.0,-5.0,-38.0
1776886268.8021028,-8.0,-7.0,-36.0
1776886268.8121028,-11.0,-9.0,-34.0
1776886268.8221028,-8.0,-5.0,-37.0
1776886268.8321028,-6.0,-5.0,-35.0
1776886268.8421028,0.0,-7.0,-41.0
1776886268.8521028,0.0,-3.0,-32.0
1776886268.8621027,-1.0,-1.0,-30.0
1776886268.8721027,0.0,1.0,-33.0
1776886268.8821027,1.0,1.0,-36.0
1776886268.8921027,3.0,-5.0,-36.0
1776886268.9021027,3.0,-3.0,-33.0
1776886268.9121027,3.0,-5.0,-35.0
1776886268.9221027,0.0,-1.0,-36.0
1776886268.932103,-4.0,-2.0,-40.0
1776886268.942103,-6.0,-3.0,-43.0
1776886268.952103,-5.0,-4.0,-42.0
1776886268.962103,-4.0,-3.0,-37.0
1776886268.9721026,0.0,-4.0,-37.0
1776886268.9821026,3.0,-3.0,-42.0
1776886268.9921026,6.0,-3.0,-34.0
1776886269.0021029,3.0,-2.0,-34.0
1776886269.0121028,3.0,-4.0,-35.0
1776886269.0221028,2.0,-5.0,-34.0
1776886269.0321028,2.0,-3.0,-32.0
1776886269.0421028,1.0,-1.0,-39.0
1776886269.0521028,0.0,0.0,-32.0
1776886269.0621028,0.0,-2.0,-31.0
1776886269.0721028,-1.0,-1.0,-37.0
1776886269.0821028,2.0,0.0,-31.0
1776886269.0921028,2.0,0.0,-35.0
1776886269.1021028,3.0,4.0,-39.0
1776886269.1121027,0.0,7.0,-41.0
1776886269.1221027,-2.0,6.0,-37.0
1776886269.1321027,-1.0,3.0,-43.0
1776886269.1421027,1.0,0.0,-45.0
1776886269.1521027,0.0,-6.0,-47.0
1776886269.1621027,-1.0,-7.0,-46.0
1776886269.1721027,2.0,-4.0,-43.0
1776886269.182103,4.0,-4.0,-45.0
1776886269.192103,1.0,-5.0,-39.0
1776886269.202103,-3.0,-1.0,-44.0
1776886269.212103,-4.0,1.0,-46.0
1776886269.2221026,0.0,-3.0,-45.0
1776886269.2321026,-3.0,-2.0,-44.0
1776886269.2421026,-3.0,-1.0,-44.0
1776886269.2521029,-2.0,0.0,-45.0
1776886269.2621028,-4.0,-2.0,-52.0
1776886269.2721028,-4.0,-3.0,-51.0
1776886269.2821028,0.0,-2.0,-45.0
1776886269.2921028,1.0,-3.0,-49.0
1776886269.3021028,3.0,-1.0,-46.0
1776886269.3121028,2.0,-1.0,-38.0
1776886269.3221028,4.0,-2.0,-35.0
1776886269.3321028,4.0,-5.0,-35.0
1776886269.3421028,4.0,-5.0,-32.0
1776886269.3521028,8.0,-3.0,-39.0
1776886269.3621027,6.0,-5.0,-45.0
1776886269.3721027,2.0,-4.0,-41.0
1776886269.3821027,1.0,-5.0,-33.0
1776886269.3921027,3.0,-4.0,-29.0
1776886269.4021027,3.0,-2.0,-30.0
1776886269.4121027,0.0,0.0,-31.0
1776886269.4221027,1.0,0.0,-30.0
1776886269.432103,0.0,1.0,-35.0
1776886269.442103,-1.0,0.0,-39.0
1776886269.452103,0.0,-1.0,-43.0
1776886269.462103,-2.0,-3.0,-42.0
1776886269.4721026,-7.0,-2.0,-42.0
1776886269.4821026,-5.0,0.0,-42.0
1776886269.4921026,-8.0,-1.0,-40.0
1776886269.5021029,-7.0,0.0,-42.0
1776886269.5121028,-5.0,0.0,-39.0
1776886269.5221028,2.0,0.0,-43.0
1776886269.5321028,3.0,1.0,-41.0
1776886269.5421028,2.0,0.0,-42.0
1776886269.5521028,0.0,-2.0,-43.0
1776886269.5621028,5.0,0.0,-45.0
1776886269.5721028,7.0,0.0,-45.0
1776886269.5821028,1.0,3.0,-40.0
1776886269.5921028,2.0,0.0,-38.0
1776886269.6021028,0.0,0.0,-31.0
1776886269.6121027,4.0,-2.0,-31.0
1776886269.6221027,6.0,-5.0,-28.0
1776886269.6321027,5.0,-8.0,-34.0
1776886269.6421027,6.0,-7.0,-30.0
1776886269.6521027,6.0,-4.0,-38.0
1776886269.6621027,7.0,-3.0,-43.0
1776886269.6721027,7.0,-2.0,-40.0
1776886269.682103,6.0,-2.0,-42.0
1776886269.6931028,2.0,-3.0,-43.0
1776886269.702103,1.0,-1.0,-45.0
1776886269.7131028,-2.0,5.0,-45.0
1776886269.7231028,-6.0,6.0,-41.0
1776886269.7331028,0.0,1.0,-36.0
1776886269.7431028,-2.0,-1.0,-45.0
1776886269.7531028,0.0,-3.0,-44.0
1776886269.7631028,2.0,-1.0,-50.0
1776886269.7731028,2.0,-3.0,-48.0
1776886269.7831028,3.0,-2.0,-45.0
1776886269.7931027,4.0,0.0,-48.0
1776886269.8031027,4.0,1.0,-47.0
1776886269.8131027,7.0,-1.0,-45.0
1776886269.8231027,0.0,-2.0,-45.0
1776886269.8331027,-4.0,-5.0,-47.0
1776886269.8431027,-2.0,-8.0,-50.0
1776886269.8531027,1.0,-4.0,-45.0
1776886269.863103,0.0,0.0,-47.0
1776886269.873103,-6.0,0.0,-48.0
1776886269.883103,-3.0,-2.0,-47.0
1776886269.8931026,-2.0,0.0,-46.0
1776886269.9031026,0.0,2.0,-45.0
1776886269.9131026,2.0,1.0,-46.0
1776886269.9231029,0.0,0.0,-48.0
1776886269.9331028,0.0,2.0,-45.0
1776886269.9431028,0.0,1.0,-46.0
1776886269.9531028,2.0,-3.0,-48.0
1776886269.9631028,0.0,-1.0,-50.0
1776886269.9731028,3.0,-3.0,-40.0
1776886269.9831028,5.0,-2.0,-37.0
1776886269.9931028,3.0,-3.0,-34.0
1776886270.0031028,2.0,-1.0,-38.0
1776886270.0131028,1.0,0.0,-39.0
1776886270.0231028,0.0,0.0,-40.0
1776886270.0331028,1.0,-1.0,-43.0
1776886270.0431027,0.0,0.0,-42.0
1776886270.0531027,0.0,0.0,-41.0
1776886270.0631027,-3.0,-4.0,-48.0
1776886270.0731027,-3.0,-4.0,-50.0
1776886270.0831027,0.0,0.0,-46.0
1776886270.0931027,0.0,6.0,-46.0
1776886270.1031027,-1.0,8.0,-44.0
1776886270.113103,-1.0,5.0,-38.0
1776886270.123103,0.0,5.0,-35.0
1776886270.133103,-3.0,3.0,-35.0
1776886270.1431026,-4.0,0.0,-30.0
1776886270.1531026,-6.0,-3.0,-29.0
1776886270.1631026,-5.0,0.0,-34.0
1776886270.1731029,-4.0,1.0,-40.0
1776886270.1831028,0.0,1.0,-42.0
1776886270.1931028,0.0,4.0,-34.0
1776886270.2031028,-1.0,0.0,-29.0
1776886270.2131028,-2.0,3.0,-26.0
1776886270.2231028,-9.0,3.0,-25.0
1776886270.2331028,-6.0,0.0,-31.0
1776886270.2431028,-9.0,-5.0,-34.0
1776886270.2531028,-3.0,-8.0,-29.0
1776886270.2631028,0.0,-3.0,-28.0
1776886270.2731028,0.0,-3.0,-29.0
1776886270.2831028,1.0,0.0,-27.0
1776886270.2931027,-2.0,0.0,-27.0
1776886270.3031027,2.0,0.0,-32.0
1776886270.3131027,0.0,2.0,-40.0
1776886270.3231027,0.0,4.0,-44.0
1776886270.3331027,3.0,6.0,-40.0
1776886270.3431027,0.0,4.0,-40.0
1776886270.3531027,1.0,5.0,-38.0
1776886270.363103,0.0,5.0,-43.0
1776886270.373103,0.0,4.0,-45.0
1776886270.383103,4.0,0.0,-47.0
1776886270.3931026,3.0,-5.0,-45.0
1776886270.4031026,3.0,-7.0,-40.0
1776886270.4131026,6.0,-4.0,-37.0
1776886270.4231029,7.0,-3.0,-40.0
1776886270.4331028,3.0,-7.0,-42.0
1776886270.4431028,2.0,-3.0,-39.0
1776886270.4531028,2.0,-1.0,-38.0
1776886270.4631028,1.0,1.0,-44.0
1776886270.4731028,-1.0,-1.0,-45.0
1776886270.4831028,-2.0,-5.0,-44.0
1776886270.4931028,-1.0,-10.0,-35.0
1776886270.5031028,0.0,-12.0,-36.0
1776886270.5131028,-3.0,-8.0,-37.0
1776886270.5231028,-5.0,-10.0,-41.0
1776886270.5331028,-8.0,-10.0,-37.0
1776886270.5431027,-4.0,-7.0,-38.0
1776886270.5531027,-2.0,-8.0,-36.0
1776886270.5631027,0.0,-5.0,-33.0
1776886270.5731027,-1.0,-3.0,-26.0
1776886270.5831027,-2.0,0.0,-30.0
1776886270.5931027,-1.0,-1.0,-33.0
1776886270.6031027,0.0,-1.0,-33.0
1776886270.613103,0.0,-3.0,-41.0
1776886270.623103,-3.0,-1.0,-39.0
1776886270.633103,-5.0,3.0,-45.0
1776886270.6431026,-1.0,0.0,-41.0
1776886270.6531026,6.0,-4.0,-43.0
1776886270.6631026,4.0,-5.0,-44.0
1776886270.6731029,8.0,0.0,-40.0
1776886270.6831028,3.0,0.0,-43.0
1776886270.6931028,3.0,-1.0,-35.0
1776886270.7031028,0.0,3.0,-38.0
1776886270.7131028,2.0,0.0,-41.0
1776886270.7231028,3.0,-2.0,-38.0
1776886270.7331028,2.0,-1.0,-33.0
1776886270.7431028,-1.0,2.0,-28.0
1776886270.7531028,0.0,2.0,-31.0
1776886270.7631028,5.0,0.0,-37.0
1776886270.7731028,2.0,0.0,-36.0
1776886270.7831028,3.0,-1.0,-33.0
1776886270.7931027,0.0,-3.0,-28.0
1776886270.8031027,4.0,-4.0,-28.0
1776886270.8131027,2.0,-5.0,-34.0
1776886270.8231027,4.0,-6.0,-38.0
1776886270.8331027,2.0,-3.0,-39.0
1776886270.8431027,4.0,-3.0,-40.0
1776886270.8531027,5.0,-3.0,-40.0
1776886270.863103,0.0,-2.0,-40.0
1776886270.873103,2.0,-5.0,-43.0
1776886270.883103,4.0,-6.0,-39.0
1776886270.8931026,3.0,-5.0,-37.0
1776886270.9031026,5.0,-1.0,-30.0
1776886270.9131026,7.0,2.0,-33.0
1776886270.9231029,5.0,4.0,-34.0
1776886270.9331028,5.0,1.0,-33.0
1776886270.9431028,2.0,0.0,-38.0
1776886270.9531028,3.0,0.0,-43.0
1776886270.9631028,6.0,0.0,-42.0
1776886270.9731028,7.0,-1.0,-41.0
1776886270.9831028,3.0,0.0,-42.0
1776886270.9931028,3.0,-1.0,-41.0
1776886271.0031028,1.0,0.0,-35.0
1776886271.0131028,-2.0,0.0,-33.0
1776886271.0231028,-4.0,-2.0,-40.0
1776886271.0331028,-5.0,0.0,-41.0
1776886271.0431027,-4.0,0.0,-41.0
1776886271.0531027,-5.0,-2.0,-42.0
1776886271.0631027,-6.0,-4.0,-42.0
1776886271.0731027,-6.0,-5.0,-41.0
1776886271.0831027,-6.0,-5.0,-40.0
1776886271.0931027,-3.0,-1.0,-40.0
1776886271.1031027,-5.0,0.0,-37.0
1776886271.113103,-1.0,2.0,-35.0
1776886271.123103,0.0,0.0,-33.0
1776886271.133103,3.0,-1.0,-38.0
1776886271.1431026,9.0,-4.0,-43.0
1776886271.1531026,4.0,-8.0,-44.0
1776886271.1631026,6.0,-9.0,-45.0
1776886271.1731029,5.0,-6.0,-46.0
1776886271.1831028,3.0,0.0,-43.0
1776886271.1931028,2.0,0.0,-43.0
1776886271.2031028,2.0,1.0,-45.0
1776886271.2131028,5.0,1.0,-46.0
1776886271.2231028,0.0,1.0,-42.0
1776886271.2331028,0.0,1.0,-41.0
1776886271.2431028,0.0,1.0,-40.0
1776886271.2531028,1.0,0.0,-41.0
1776886271.2631028,3.0,-3.0,-36.0
1776886271.2731028,2.0,0.0,-33.0
1776886271.2831028,0.0,-2.0,-40.0
1776886271.2931027,2.0,-4.0,-33.0
1776886271.3031027,0.0,-6.0,-33.0
1776886271.3131027,1.0,-7.0,-35.0
1776886271.3231027,0.0,-4.0,-39.0
1776886271.3331027,-6.0,-3.0,-34.0
1776886271.3431027,-3.0,-4.0,-37.0
1776886271.3531027,0.0,-3.0,-35.0
1776886271.363103,-2.0,-3.0,-39.0
1776886271.373103,-4.0,-3.0,-51.0
1776886271.383103,-1.0,0.0,-49.0
1776886271.3931026,2.0,0.0,-44.0
1776886271.4031026,4.0,-2.0,-30.0
1776886271.4131026,4.0,-2.0,-28.0
1776886271.4231029,0.0,-2.0,-35.0
1776886271.4331028,1.0,-5.0,-36.0
1776886271.4431028,1.0,0.0,-30.0
1776886271.4531028,-1.0,1.0,-34.0
1776886271.4631028,0.0,-1.0,-31.0
1776886271.4731028,-1.0,-3.0,-30.0
1776886271.4831028,0.0,-3.0,-32.0
1776886271.4931028,4.0,-3.0,-38.0
1776886271.5031028,11.0,-1.0,-38.0
1776886271.5131028,14.0,0.0,-44.0
1776886271.5231028,13.0,0.0,-35.0
1776886271.5331028,8.0,-3.0,-38.0
1776886271.5431027,5.0,-3.0,-37.0
1776886271.5531027,2.0,-5.0,-34.0
1776886271.5631027,2.0,0.0,-35.0
1776886271.5731027,6.0,0.0,-33.0
1776886271.5831027,10.0,-3.0,-35.0
1776886271.5931027,7.0,-2.0,-31.0
1776886271.6031027,7.0,-3.0,-30.0
1776886271.613103,4.0,-4.0,-41.0
1776886271.623103,7.0,-4.0,-51.0
1776886271.633103,7.0,-4.0,-47.0
1776886271.6431026,6.0,-3.0,-42.0
1776886271.6531026,5.0,-6.0,-38.0
1776886271.6631026,0.0,-3.0,-35.0
1776886271.6731029,-1.0,0.0,-40.0
1776886271.6841028,-2.0,1.0,-37.0
1776886271.6941028,1.0,0.0,-38.0
1776886271.7031028,1.0,-1.0,-45.0
1776886271.7141027,2.0,0.0,-50.0
1776886271.7231028,2.0,0.0,-47.0
1776886271.7341027,3.0,-1.0,-46.0
1776886271.7441027,4.0,-4.0,-45.0
1776886271.7541027,4.0,-3.0,-50.0
1776886271.7641027,4.0,-4.0,-54.0
1776886271.7741027,0.0,-7.0,-49.0
1776886271.784103,4.0,-8.0,-45.0
1776886271.794103,2.0,-8.0,-45.0
1776886271.804103,0.0,-7.0,-40.0
1776886271.8141026,-2.0,-6.0,-39.0
1776886271.8241026,-1.0,-2.0,-40.0
1776886271.8341026,0.0,-2.0,-50.0
1776886271.8441026,2.0,-6.0,-50.0
1776886271.8541028,5.0,-4.0,-55.0
1776886271.8641028,2.0,-1.0,-46.0
1776886271.8741028,2.0,-2.0,-50.0
1776886271.8841028,4.0,-1.0,-55.0
1776886271.8941028,1.0,0.0,-52.0
1776886271.9041028,-6.0,-2.0,-49.0
1776886271.9141028,-6.0,0.0,-49.0
1776886271.9241028,-6.0,0.0,-44.0
1776886271.9341028,-2.0,5.0,-40.0
1776886271.9441028,1.0,6.0,-41.0
1776886271.9541028,4.0,4.0,-44.0
1776886271.9641027,0.0,0.0,-38.0
1776886271.9741027,-1.0,0.0,-36.0
1776886271.9841027,-2.0,1.0,-38.0
1776886271.9941027,-1.0,-1.0,-30.0
1776886272.0041027,-2.0,-6.0,-29.0
1776886272.0141027,0.0,-7.0,-31.0
1776886272.0241027,1.0,-7.0,-30.0
1776886272.034103,1.0,-5.0,-33.0
1776886272.044103,4.0,-2.0,-36.0
1776886272.054103,8.0,-3.0,-33.0
1776886272.0641026,5.0,-3.0,-38.0
1776886272.0741026,2.0,0.0,-45.0
1776886272.0841026,2.0,-2.0,-49.0
1776886272.0941026,2.0,0.0,-46.0
1776886272.1041028,1.0,0.0,-42.0
1776886272.1141028,0.0,-5.0,-41.0
1776886272.1241028,-1.0,-8.0,-46.0
1776886272.1341028,-1.0,-8.0,-46.0
1776886272.1441028,0.0,-7.0,-41.0
1776886272.1541028,1.0,-9.0,-41.0
1776886272.1641028,3.0,-6.0,-40.0
1776886272.1741028,10.0,-8.0,-42.0
1776886272.1841028,11.0,-10.0,-41.0
1776886272.1941028,6.0,-8.0,-40.0
1776886272.2041028,1.0,-3.0,-44.0
1776886272.2141027,5.0,-3.0,-34.0
1776886272.2241027,2.0,-1.0,-37.0
1776886272.2341027,0.0,-2.0,-34.0
1776886272.2441027,3.0,-5.0,-36.0
1776886272.2541027,3.0,-14.0,-34.0
1776886272.2641027,1.0,-16.0,-36.0
1776886272.2741027,-4.0,-12.0,-35.0
1776886272.284103,1.0,-8.0,-38.0
1776886272.294103,2.0,-4.0,-35.0
1776886272.304103,1.0,-1.0,-41.0
1776886272.3141026,0.0,-3.0,-48.0
1776886272.3241026,-1.0,0.0,-46.0
1776886272.3341026,-2.0,2.0,-37.0
1776886272.3441026,0.0,2.0,-33.0
1776886272.3541028,2.0,0.0,-39.0
1776886272.3641028,-3.0,0.0,-40.0
1776886272.3741028,2.0,-2.0,-37.0
1776886272.3841028,-2.0,-5.0,-36.0
1776886272.3941028,-2.0,-3.0,-31.0
1776886272.4041028,-1.0,-1.0,-35.0
1776886272.4141028,0.0,0.0,-39.0
1776886272.4241028,0.0,4.0,-33.0
1776886272.4341028,0.0,4.0,-36.0
1776886272.4441028,-2.0,3.0,-35.0
1776886272.4541028,1.0,0.0,-36.0
1776886272.4641027,1.0,-2.0,-40.0
1776886272.4741027,2.0,-5.0,-48.0
1776886272.4841027,2.0,-5.0,-43.0
1776886272.4941027,5.0,-6.0,-40.0
1776886272.5041027,4.0,-6.0,-40.0
1776886272.5141027,7.0,-9.0,-49.0
1776886272.5241027,6.0,-11.0,-44.0
1776886272.534103,1.0,-6.0,-44.0
1776886272.544103,2.0,-6.0,-45.0
1776886272.554103,0.0,-7.0,-48.0
1776886272.5641026,0.0,-7.0,-46.0
1776886272.5741026,-3.0,-5.0,-44.0
1776886272.5841026,0.0,-3.0,-48.0
1776886272.5941026,-3.0,-5.0,-45.0
1776886272.6041028,0.0,-6.0,-43.0
1776886272.6141028,2.0,-6.0,-35.0
1776886272.6241028,3.0,-9.0,-40.0
1776886272.6341028,2.0,-7.0,-41.0
1776886272.6441028,5.0,-10.0,-38.0
1776886272.6541028,3.0,-16.0,-40.0
1776886272.6641028,4.0,-10.0,-44.0
1776886272.6741028,1.0,-9.0,-43.0
1776886272.6841028,5.0,-7.0,-41.0
1776886272.6941028,9.0,-6.0,-47.0
1776886272.7041028,8.0,-9.0,-41.0
1776886272.7141027,1.0,-9.0,-44.0
1776886272.7241027,-3.0,-7.0,-45.0
1776886272.7341027,0.0,-9.0,-39.0
1776886272.7441027,0.0,-7.0,-38.0
1776886272.7541027,-1.0,-3.0,-31.0
1776886272.7641027,-1.0,-2.0,-28.0
1776886272.7741027,1.0,-1.0,-24.0
1776886272.784103,4.0,-3.0,-25.0
1776886272.794103,3.0,-5.0,-27.0
1776886272.804103,1.0,-2.0,-34.0
1776886272.8141026,-3.0,-5.0,-37.0
1776886272.8241026,-1.0,-7.0,-40.0
1776886272.8341026,0.0,-6.0,-41.0
1776886272.8441026,1.0,-5.0,-36.0
1776886272.8541028,0.0,-5.0,-38.0
1776886272.8641028,-4.0,-3.0,-47.0
1776886272.8741028,-1.0,1.0,-43.0
1776886272.8841028,0.0,1.0,-42.0
1776886272.8941028,0.0,-4.0,-41.0
1776886272.9041028,1.0,-7.0,-40.0
1776886272.9141028,3.0,-8.0,-45.0
1776886272.9241028,0.0,-8.0,-44.0
1776886272.9341028,3.0,-6.0,-47.0
1776886272.9441028,2.0,-6.0,-44.0
1776886272.9541028,8.0,-3.0,-42.0
1776886272.9641027,9.0,-4.0,-46.0
1776886272.9741027,6.0,-4.0,-44.0
1776886272.9841027,9.0,-9.0,-40.0
1776886272.9941027,9.0,-9.0,-42.0
1776886273.0041027,11.0,-11.0,-43.0
1776886273.0141027,8.0,-2.0,-45.0
1776886273.0241027,6.0,-4.0,-44.0
1776886273.034103,1.0,-3.0,-40.0
1776886273.044103,-1.0,-6.0,-39.0
1776886273.054103,-1.0,-4.0,-37.0
1776886273.0641026,0.0,-3.0,-32.0
1776886273.0741026,2.0,-1.0,-27.0
1776886273.0841026,1.0,1.0,-28.0
1776886273.0941026,1.0,2.0,-36.0
1776886273.1041028,3.0,0.0,-37.0
1776886273.1141028,3.0,0.0,-30.0
1776886273.1241028,2.0,2.0,-29.0
1776886273.1341028,7.0,3.0,-30.0
1776886273.1441028,5.0,1.0,-30.0
1776886273.1541028,0.0,2.0,-31.0
1776886273.1641028,-3.0,2.0,-35.0
1776886273.1741028,-4.0,1.0,-40.0
1776886273.1841028,-2.0,2.0,-41.0
1776886273.1941028,0.0,0.0,-41.0
1776886273.2041028,0.0,-2.0,-42.0
1776886273.2141027,-4.0,-4.0,-45.0
1776886273.2241027,-3.0,-2.0,-46.0
1776886273.2341027,1.0,0.0,-44.0
1776886273.2441027,4.0,-3.0,-49.0
1776886273.2541027,4.0,-4.0,-45.0
1776886273.2641027,4.0,-7.0,-39.0
1776886273.2741027,0.0,-5.0,-39.0
1776886273.284103,0.0,-4.0,-34.0
1776886273.294103,2.0,-5.0,-25.0
1776886273.304103,-1.0,-2.0,-20.0
1776886273.3141026,-4.0,-2.0,-22.0
1776886273.3241026,-1.0,-2.0,-27.0
1776886273.3341026,-5.0,-5.0,-18.0
1776886273.3441026,-1.0,-6.0,-14.0
1776886273.3541028,3.0,-7.0,-21.0
1776886273.3641028,3.0,-6.0,-29.0
1776886273.3741028,1.0,-7.0,-36.0
1776886273.3841028,2.0,-3.0,-30.0
1776886273.3941028,2.0,-2.0,-31.0
1776886273.4041028,3.0,-1.0,-34.0
1776886273.4141028,3.0,0.0,-40.0
1776886273.4241028,5.0,0.0,-43.0
1776886273.4341028,0.0,0.0,-37.0
1776886273.4441028,0.0,-1.0,-39.0
1776886273.4541028,0.0,-5.0,-35.0
1776886273.4641027,4.0,-2.0,-39.0
1776886273.4741027,6.0,-4.0,-41.0
1776886273.4841027,3.0,-2.0,-40.0
1776886273.4941027,4.0,-6.0,-38.0
1776886273.5041027,1.0,-7.0,-34.0
1776886273.5141027,2.0,-10.0,-35.0
1776886273.5241027,-1.0,-7.0,-31.0
1776886273.534103,-2.0,-11.0,-38.0
1776886273.544103,-1.0,-8.0,-33.0
1776886273.554103,0.0,-2.0,-32.0
1776886273.5641026,1.0,-4.0,-30.0
1776886273.5741026,4.0,-4.0,-31.0
1776886273.5841026,2.0,0.0,-36.0
1776886273.5941026,3.0,1.0,-37.0
1776886273.6041028,0.0,-1.0,-41.0
1776886273.6141028,0.0,-3.0,-43.0
1776886273.6241028,-5.0,-7.0,-43.0
1776886273.6341028,-4.0,-4.0,-45.0
1776886273.6441028,0.0,-5.0,-43.0
1776886273.6541028,-1.0,-7.0,-48.0
1776886273.6641028,-2.0,-3.0,-45.0
1776886273.6741028,-3.0,-1.0,-41.0
1776886273.6841028,-3.0,-1.0,-42.0
1776886273.6941028,-1.0,-1.0,-37.0
1776886273.7051027,6.0,-1.0,-38.0
1776886273.715103,5.0,-4.0,-34.0
1776886273.725103,8.0,-2.0,-34.0
1776886273.735103,4.0,-6.0,-31.0
1776886273.7451026,5.0,-5.0,-28.0
1776886273.7551026,6.0,-2.0,-31.0
1776886273.7651026,0.0,-6.0,-36.0
1776886273.7751029,-1.0,-5.0,-38.0
1776886273.7851028,2.0,-8.0,-38.0
1776886273.7951028,1.0,-8.0,-45.0
1776886273.8051028,0.0,-6.0,-40.0
1776886273.8151028,2.0,-2.0,-49.0
1776886273.8251028,-1.0,-6.0,-46.0
1776886273.8351028,-2.0,-6.0,-46.0
1776886273.8451028,-4.0,-3.0,-39.0
1776886273.8551028,-8.0,-6.0,-37.0
1776886273.8651028,-9.0,-5.0,-40.0
1776886273.8751028,-7.0,-4.0,-37.0
1776886273.8851027,-1.0,-7.0,-37.0
1776886273.8951027,2.0,-8.0,-38.0
1776886273.9051027,4.0,-8.0,-34.0
1776886273.9151027,4.0,-5.0,-34.0
1776886273.9251027,4.0,-6.0,-29.0
1776886273.9351027,5.0,-6.0,-27.0
1776886273.9451027,2.0,-5.0,-31.0
1776886273.9551027,2.0,-5.0,-42.0
1776886273.965103,1.0,-2.0,-48.0
1776886273.975103,7.0,-2.0,-47.0
1776886273.985103,4.0,-1.0,-45.0
1776886273.9951026,5.0,-3.0,-50.0
1776886274.0051026,0.0,-4.0,-49.0
1776886274.0151026,0.0,1.0,-47.0
1776886274.0251029,1.0,0.0,-46.0
1776886274.0351028,6.0,0.0,-40.0
1776886274.0451028,7.0,-4.0,-38.0
1776886274.0551028,1.0,-3.0,-38.0
1776886274.0651028,2.0,-2.0,-36.0
1776886274.0751028,0.0,-1.0,-40.0
1776886274.0851028,-2.0,0.0,-39.0
1776886274.0951028,-3.0,-1.0,-44.0
1776886274.1051028,2.0,1.0,-38.0
1776886274.1151028,2.0,0.0,-35.0
1776886274.1251028,2.0,3.0,-34.0
1776886274.1351027,0.0,5.0,-32.0
1776886274.1451027,-3.0,6.0,-33.0
1776886274.1551027,-2.0,4.0,-39.0
1776886274.1651027,2.0,4.0,-39.0
1776886274.1751027,-2.0,0.0,-42.0
1776886274.1851027,-2.0,3.0,-37.0
1776886274.1951027,0.0,1.0,-43.0
1776886274.2051027,4.0,0.0,-39.0
1776886274.215103,1.0,-5.0,-41.0
1776886274.225103,0.0,-7.0,-46.0
1776886274.235103,2.0,-7.0,-39.0
1776886274.2451026,0.0,-9.0,-43.0
1776886274.2551026,-1.0,-5.0,-34.0
1776886274.2651026,-1.0,0.0,-40.0
1776886274.2751029,-2.0,-2.0,-42.0
1776886274.2851028,-1.0,-1.0,-42.0
1776886274.2951028,-6.0,-1.0,-40.0
1776886274.3051028,-1.0,-3.0,-44.0
1776886274.3151028,-1.0,-3.0,-49.0
1776886274.3251028,0.0,-2.0,-43.0
1776886274.3351028,5.0,-3.0,-37.0
1776886274.3451028,2.0,-2.0,-36.0
1776886274.3551028,1.0,0.0,-29.0
1776886274.3651028,0.0,-2.0,-28.0
1776886274.3751028,-2.0,-5.0,-29.0
1776886274.3851027,0.0,-8.0,-32.0
1776886274.3951027,5.0,-8.0,-36.0
1776886274.4051027,2.0,-6.0,-39.0
1776886274.4151027,7.0,-5.0,-38.0
1776886274.4251027,6.0,-4.0,-38.0
1776886274.4351027,8.0,-8.0,-33.0
1776886274.4451027,8.0,-8.0,-35.0
1776886274.4551027,7.0,-7.0,-33.0
1776886274.465103,5.0,-5.0,-35.0
1776886274.475103,9.0,-4.0,-38.0
1776886274.485103,6.0,-5.0,-37.0
1776886274.4951026,5.0,-6.0,-38.0
1776886274.5051026,2.0,-9.0,-33.0
1776886274.5151026,5.0,-8.0,-42.0
1776886274.5251029,7.0,-3.0,-36.0
1776886274.5351028,3.0,-4.0,-38.0
1776886274.5451028,-1.0,-5.0,-38.0
1776886274.5551028,1.0,-2.0,-41.0
1776886274.5651028,5.0,-1.0,-42.0
1776886274.5751028,0.0,0.0,-42.0
1776886274.5851028,0.0,-1.0,-42.0
1776886274.5951028,-2.0,-4.0,-39.0
1776886274.6051028,0.0,-2.0,-33.0
1776886274.6151028,-3.0,-4.0,-34.0
1776886274.6251028,0.0,-6.0,-35.0
1776886274.6351027,1.0,-5.0,-37.0
1776886274.6451027,1.0,-2.0,-36.0
1776886274.6551027,4.0,-3.0,-41.0
1776886274.6651027,8.0,-1.0,-39.0
1776886274.6751027,10.0,-3.0,-41.0
1776886274.6851027,7.0,-3.0,-46.0
1776886274.6951027,0.0,-4.0,-50.0
1776886274.7051027,-3.0,-4.0,-49.0
1776886274.715103,1.0,-2.0,-48.0
1776886274.725103,0.0,-5.0,-48.0
1776886274.735103,0.0,-8.0,-48.0
1776886274.7451026,0.0,-4.0,-46.0
1776886274.7551026,-4.0,-3.0,-41.0
1776886274.7651026,-4.0,-1.0,-44.0
1776886274.7751029,-3.0,-3.0,-37.0
1776886274.7851028,-2.0,-3.0,-40.0
1776886274.7951028,0.0,0.0,-38.0
1776886274.8051028,0.0,2.0,-46.0
1776886274.8151028,-2.0,0.0,-43.0
1776886274.8251028,1.0,1.0,-36.0
1776886274.8351028,2.0,-2.0,-37.0
1776886274.8451028,1.0,0.0,-33.0
1776886274.8551028,0.0,1.0,-39.0
1776886274.8651028,4.0,0.0,-40.0
1776886274.8751028,-2.0,-1.0,-40.0
1776886274.8851027,-1.0,-1.0,-32.0
1776886274.8951027,1.0,-1.0,-35.0
1776886274.9051027,3.0,-4.0,-34.0
1776886274.9151027,4.0,-5.0,-34.0
1776886274.9251027,5.0,-7.0,-26.0
1776886274.9351027,6.0,-6.0,-29.0
1776886274.9451027,5.0,-11.0,-32.0
1776886274.9551027,7.0,-9.0,-31.0
1776886274.965103,6.0,-7.0,-36.0
1776886274.975103,7.0,-5.0,-36.0
1776886274.985103,5.0,-6.0,-35.0
1776886274.9951026,3.0,0.0,-34.0
1776886275.0051026,4.0,-2.0,-37.0
1776886275.0151026,1.0,-4.0,-43.0
1776886275.0251029,0.0,-3.0,-42.0
1776886275.0351028,0.0,-5.0,-40.0
1776886275.0451028,-2.0,-6.0,-42.0
1776886275.0551028,0.0,-5.0,-46.0
1776886275.0651028,3.0,-5.0,-45.0
1776886275.0751028,3.0,-6.0,-38.0
1776886275.0851028,9.0,-5.0,-38.0
1776886275.0951028,11.0,-3.0,-34.0
1776886275.1051028,9.0,-5.0,-30.0
1776886275.1151028,10.0,-3.0,-28.0
1776886275.1251028,6.0,-1.0,-33.0
1776886275.1351027,3.0,-2.0,-36.0
1776886275.1451027,4.0,0.0,-39.0
1776886275.1551027,6.0,3.0,-39.0
1776886275.1651027,4.0,2.0,-40.0
1776886275.1751027,6.0,-2.0,-39.0
1776886275.1851027,6.0,-3.0,-43.0
1776886275.1951027,4.0,-10.0,-43.0
1776886275.2051027,9.0,-11.0,-45.0
1776886275.215103,11.0,-11.0,-38.0
1776886275.225103,7.0,-8.0,-39.0
1776886275.235103,4.0,-5.0,-37.0
1776886275.2451026,4.0,-3.0,-38.0
1776886275.2551026,1.0,-5.0,-37.0
1776886275.2651026,1.0,-4.0,-32.0
1776886275.2751029,3.0,-1.0,-37.0
1776886275.2851028,0.0,-4.0,-32.0
1776886275.2951028,-3.0,-2.0,-33.0
1776886275.3051028,-4.0,-3.0,-35.0
1776886275.3151028,-2.0,-4.0,-31.0
1776886275.3251028,-2.0,-2.0,-32.0
1776886275.3351028,-2.0,-2.0,-36.0
1776886275.3451028,0.0,-2.0,-33.0
1776886275.3551028,0.0,0.0,-32.0
1776886275.3651028,4.0,0.0,-31.0
1776886275.3751028,5.0,0.0,-36.0
1776886275.3851027,1.0,-4.0,-44.0
1776886275.396103,5.0,-2.0,-45.0
1776886275.4051027,9.0,0.0,-40.0
1776886275.4151027,6.0,0.0,-39.0
1776886275.4251027,5.0,4.0,-44.0
1776886275.4351027,4.0,4.0,-36.0
1776886275.4451027,3.0,0.0,-33.0
1776886275.4551027,0.0,-1.0,-36.0
1776886275.465103,-1.0,-1.0,-35.0
1776886275.475103,2.0,-2.0,-34.0
1776886275.485103,0.0,-3.0,-22.0
1776886275.4951026,-1.0,-2.0,-20.0
1776886275.5051026,-1.0,-3.0,-17.0
1776886275.5151026,-1.0,-2.0,-24.0
1776886275.5251029,0.0,-3.0,-29.0
1776886275.5351028,-1.0,-4.0,-23.0
1776886275.5451028,1.0,-5.0,-32.0
1776886275.5551028,4.0,-4.0,-29.0
1776886275.5651028,4.0,-4.0,-29.0
1776886275.5751028,1.0,-1.0,-25.0
1776886275.5851028,-1.0,-1.0,-29.0
1776886275.5951028,-5.0,2.0,-32.0
1776886275.6051028,-5.0,3.0,-34.0
1776886275.6151028,-4.0,5.0,-35.0
1776886275.6251028,-3.0,1.0,-37.0
1776886275.6351027,0.0,4.0,-35.0
1776886275.6451027,0.0,0.0,-32.0
1776886275.6551027,3.0,0.0,-33.0
1776886275.6651027,4.0,0.0,-37.0
1776886275.6751027,2.0,-2.0,-47.0
1776886275.6861026,4.0,-3.0,-46.0
1776886275.6951027,1.0,-4.0,-38.0
1776886275.7051027,0.0,-3.0,-41.0
1776886275.7161028,1.0,-6.0,-36.0
1776886275.7261028,-2.0,-8.0,-36.0
1776886275.7361028,-1.0,-7.0,-40.0
1776886275.7461028,2.0,-7.0,-41.0
1776886275.7561028,4.0,-6.0,-44.0
1776886275.7661028,3.0,-4.0,-40.0
1776886275.7761028,5.0,-2.0,-43.0
1776886275.7861028,4.0,0.0,-35.0
1776886275.7961028,6.0,-3.0,-36.0
1776886275.8051028,3.0,-3.0,-43.0
1776886275.8161027,4.0,-5.0,-46.0
1776886275.8261027,6.0,-4.0,-49.0
1776886275.8361027,5.0,-1.0,-42.0
1776886275.8461027,1.0,1.0,-41.0
1776886275.8561027,1.0,2.0,-39.0
1776886275.8661027,2.0,0.0,-32.0
1776886275.8761027,2.0,0.0,-27.0
1776886275.886103,1.0,0.0,-21.0
1776886275.896103,1.0,3.0,-21.0
1776886275.906103,3.0,5.0,-21.0
1776886275.9161026,0.0,6.0,-24.0
1776886275.9261026,-6.0,1.0,-27.0
1776886275.9361026,-8.0,0.0,-31.0
1776886275.9461029,-10.0,1.0,-32.0
1776886275.9561028,-10.0,0.0,-36.0
1776886275.9661028,-9.0,-1.0,-36.0
1776886275.9761028,-5.0,-1.0,-38.0
1776886275.9861028,-2.0,-6.0,-38.0
1776886275.9961028,-1.0,-8.0,-36.0
1776886276.0061028,0.0,-5.0,-40.0
1776886276.0161028,4.0,-7.0,-39.0
1776886276.0261028,5.0,-6.0,-41.0
1776886276.0361028,1.0,-8.0,-38.0
1776886276.0461028,2.0,-7.0,-36.0
1776886276.0561028,1.0,-5.0,-33.0
1776886276.0661027,-3.0,-6.0,-30.0
1776886276.0761027,-5.0,-5.0,-33.0
1776886276.0861027,-7.0,-4.0,-33.0
1776886276.0961027,-5.0,-4.0,-38.0
1776886276.1061027,-4.0,-5.0,-39.0
1776886276.1161027,-6.0,-7.0,-37.0
1776886276.1261027,-2.0,-8.0,-36.0
1776886276.136103,1.0,-11.0,-43.0
1776886276.146103,-1.0,-12.0,-39.0
1776886276.156103,-1.0,-10.0,-38.0
1776886276.1661026,-7.0,-4.0,-37.0
1776886276.1761026,-7.0,-5.0,-41.0
1776886276.1861026,-1.0,0.0,-34.0
1776886276.1961029,1.0,0.0,-31.0
1776886276.2061028,-2.0,-3.0,-30.0
1776886276.2161028,0.0,-9.0,-30.0
1776886276.2261028,4.0,-5.0,-34.0
1776886276.2361028,4.0,-3.0,-34.0
1776886276.2461028,6.0,-2.0,-36.0
1776886276.2561028,7.0,-1.0,-40.0
1776886276.2661028,11.0,-2.0,-33.0
1776886276.2761028,8.0,-4.0,-40.0
1776886276.2861028,6.0,-6.0,-46.0
1776886276.2961028,8.0,-5.0,-38.0
1776886276.3061028,5.0,0.0,-40.0
1776886276.3161027,7.0,2.0,-41.0
1776886276.3261027,2.0,1.0,-44.0
1776886276.3361027,4.0,-2.0,-45.0
1776886276.3461027,5.0,-1.0,-44.0
1776886276.3561027,7.0,-1.0,-42.0
1776886276.3661027,6.0,0.0,-43.0
1776886276.3761027,8.0,0.0,-38.0
1776886276.386103,7.0,-2.0,-36.0
1776886276.396103,4.0,1.0,-36.0
1776886276.406103,2.0,1.0,-35.0
1776886276.4161026,3.0,1.0,-42.0
1776886276.4261026,0.0,-1.0,-42.0
1776886276.4361026,-2.0,-2.0,-41.0
1776886276.4461029,-2.0,0.0,-41.0
1776886276.4561028,1.0,0.0,-36.0
1776886276.4661028,2.0,2.0,-32.0
1776886276.4761028,2.0,-1.0,-32.0
1776886276.4861028,2.0,0.0,-30.0
1776886276.4961028,3.0,2.0,-27.0
1776886276.5061028,5.0,0.0,-34.0
1776886276.5161028,5.0,1.0,-33.0
1776886276.5261028,2.0,0.0,-35.0
1776886276.5361028,1.0,3.0,-38.0
1776886276.5461028,0.0,3.0,-42.0
1776886276.5561028,1.0,0.0,-37.0
1776886276.5661027,0.0,-4.0,-34.0
1776886276.5761027,-3.0,-2.0,-30.0
1776886276.5861027,-4.0,-5.0,-36.0
1776886276.5961027,-2.0,-6.0,-38.0
1776886276.6061027,-3.0,-1.0,-29.0
1776886276.6161027,-1.0,-2.0,-30.0
1776886276.6261027,0.0,-3.0,-38.0
1776886276.636103,-1.0,-5.0,-42.0
1776886276.646103,-1.0,-6.0,-36.0
1776886276.656103,1.0,-6.0,-33.0
1776886276.6661026,1.0,-1.0,-29.0
1776886276.6761026,0.0,0.0,-29.0
1776886276.6861026,-3.0,0.0,-28.0
1776886276.6961029,-5.0,-3.0,-33.0
1776886276.7061028,-6.0,-2.0,-36.0
1776886276.7161028,-5.0,-3.0,-40.0
1776886276.7261028,-2.0,-3.0,-40.0
1776886276.7361028,-1.0,-5.0,-41.0
1776886276.7461028,-4.0,-5.0,-39.0
1776886276.7561028,-2.0,-5.0,-45.0
1776886276.7661028,-2.0,-6.0,-38.0
1776886276.7761028,0.0,-4.0,-35.0
1776886276.7861028,4.0,-3.0,-39.0
1776886276.7961028,8.0,-2.0,-38.0
1776886276.8061028,4.0,0.0,-39.0
1776886276.8161027,6.0,-1.0,-47.0
1776886276.8261027,6.0,-2.0,-49.0
1776886276.8361027,3.0,-2.0,-46.0
1776886276.8461027,5.0,-1.0,-44.0
1776886276.8561027,4.0,-3.0,-43.0
1776886276.8661027,5.0,0.0,-41.0
1776886276.8761027,4.0,0.0,-42.0
1776886276.886103,2.0,0.0,-40.0
1776886276.896103,0.0,1.0,-35.0
1776886276.906103,-2.0,0.0,-36.0
1776886276.9161026,-5.0,1.0,-37.0
1776886276.9261026,-2.0,0.0,-33.0
1776886276.9361026,-1.0,5.0,-39.0
1776886276.9461029,-2.0,6.0,-39.0
1776886276.9561028,0.0,5.0,-41.0
1776886276.9661028,0.0,0.0,-33.0
1776886276.9761028,-2.0,0.0,-35.0
1776886276.9861028,-5.0,0.0,-33.0
1776886276.9961028,-5.0,0.0,-34.0
1776886277.0061028,-5.0,-2.0,-28.0
1776886277.0161028,-5.0,-4.0,-32.0
1776886277.0261028,-4.0,-6.0,-33.0
1776886277.0361028,-1.0,0.0,-32.0
1776886277.0461028,2.0,1.0,-32.0
1776886277.0561028,0.0,0.0,-40.0
1776886277.0661027,0.0,-3.0,-39.0
1776886277.0761027,0.0,-4.0,-39.0
1776886277.0861027,-2.0,-4.0,-37.0
1776886277.0961027,-1.0,-8.0,-33.0
1776886277.1061027,0.0,-4.0,-37.0
1776886277.1161027,-5.0,-1.0,-39.0
1776886277.1261027,-7.0,-3.0,-40.0
1776886277.136103,-2.0,-2.0,-43.0
1776886277.146103,-4.0,-2.0,-37.0
1776886277.156103,-4.0,0.0,-37.0
1776886277.1661026,-1.0,2.0,-32.0
1776886277.1761026,-1.0,-2.0,-34.0
1776886277.1861026,2.0,0.0,-34.0
1776886277.1961029,3.0,-2.0,-32.0
1776886277.2061028,-1.0,-3.0,-31.0
1776886277.2161028,0.0,-8.0,-39.0
1776886277.2261028,-3.0,-11.0,-42.0
1776886277.2361028,0.0,-14.0,-41.0
1776886277.2461028,0.0,-17.0,-40.0
1776886277.2561028,2.0,-13.0,-40.0
1776886277.2661028,7.0,-8.0,-33.0
1776886277.2761028,7.0,-9.0,-32.0
1776886277.2861028,5.0,-10.0,-29.0
1776886277.2961028,4.0,-6.0,-32.0
1776886277.3061028,8.0,-7.0,-41.0
1776886277.3161027,4.0,-5.0,-41.0
1776886277.3261027,6.0,-7.0,-37.0
1776886277.3361027,12.0,-9.0,-44.0
1776886277.3461027,11.0,-5.0,-36.0
1776886277.3561027,12.0,0.0,-34.0
1776886277.3661027,8.0,-1.0,-38.0
1776886277.3761027,9.0,2.0,-43.0
1776886277.386103,8.0,2.0,-42.0
1776886277.396103,2.0,0.0,-42.0
1776886277.406103,-4.0,-2.0,-41.0
1776886277.4161026,-3.0,-4.0,-33.0
1776886277.4261026,0.0,-2.0,-29.0
1776886277.4361026,-2.0,-4.0,-29.0
1776886277.4461029,-1.0,-2.0,-33.0
1776886277.4561028,-1.0,-5.0,-36.0
1776886277.4661028,0.0,-4.0,-37.0
1776886277.4761028,0.0,-3.0,-36.0
1776886277.4861028,-1.0,-3.0,-34.0
1776886277.4961028,0.0,-6.0,-36.0
1776886277.5061028,0.0,-2.0,-42.0
1776886277.5161028,-2.0,0.0,-51.0
1776886277.5261028,-1.0,2.0,-50.0
1776886277.5361028,-4.0,2.0,-46.0
1776886277.5461028,-3.0,0.0,-33.0
1776886277.5561028,1.0,4.0,-38.0
1776886277.5661027,6.0,2.0,-40.0
1776886277.5761027,6.0,4.0,-37.0
1776886277.5861027,4.0,7.0,-34.0
1776886277.5961027,1.0,8.0,-26.0
1776886277.6061027,0.0,2.0,-32.0
1776886277.6161027,1.0,1.0,-40.0
1776886277.6261027,4.0,0.0,-44.0
1776886277.636103,0.0,0.0,-43.0
1776886277.646103,0.0,0.0,-47.0
1776886277.656103,1.0,2.0,-46.0
1776886277.6661026,-1.0,0.0,-40.0
1776886277.6761026,-3.0,-1.0,-44.0
1776886277.6871028,-1.0,-3.0,-39.0
1776886277.6971028,1.0,-6.0,-37.0
1776886277.7071028,4.0,-5.0,-36.0
1776886277.7171028,2.0,-10.0,-31.0
1776886277.7271028,0.0,-5.0,-36.0
1776886277.7371027,2.0,1.0,-44.0
1776886277.7471027,1.0,7.0,-47.0
1776886277.7571027,5.0,7.0,-50.0
1776886277.7671027,3.0,2.0,-45.0
1776886277.7771027,0.0,0.0,-44.0
1776886277.7871027,1.0,-3.0,-43.0
1776886277.7971027,-1.0,0.0,-40.0
1776886277.807103,-2.0,0.0,-40.0
1776886277.817103,-3.0,-1.0,-44.0
1776886277.827103,-4.0,4.0,-46.0
1776886277.837103,-3.0,3.0,-43.0
1776886277.8471026,-3.0,3.0,-48.0
1776886277.8571026,-2.0,0.0,-45.0
1776886277.8671026,0.0,0.0,-38.0
1776886277.8771029,-3.0,-2.0,-31.0
1776886277.8871028,0.0,-1.0,-34.0
1776886277.8971028,-4.0,-6.0,-38.0
1776886277.9071028,-6.0,-6.0,-38.0
1776886277.9171028,-4.0,-2.0,-36.0
1776886277.9271028,-4.0,1.0,-35.0
1776886277.9371028,-9.0,0.0,-31.0
1776886277.9471028,-7.0,-1.0,-34.0
1776886277.9571028,-7.0,-1.0,-36.0
1776886277.9671028,-4.0,1.0,-38.0
1776886277.9771028,-2.0,2.0,-38.0
1776886277.9871027,-4.0,2.0,-40.0
1776886277.9971027,-2.0,-1.0,-39.0
1776886278.0071027,-2.0,-3.0,-44.0
1776886278.0171027,0.0,-2.0,-48.0
1776886278.0271027,3.0,-3.0,-51.0
1776886278.0371027,0.0,-7.0,-49.0
1776886278.0471027,1.0,-5.0,-45.0
1776886278.057103,1.0,-5.0,-33.0
1776886278.067103,3.0,-4.0,-38.0
1776886278.077103,0.0,-2.0,-37.0
1776886278.087103,-3.0,0.0,-37.0
1776886278.0971026,-4.0,0.0,-32.0
1776886278.1071026,0.0,-2.0,-37.0
1776886278.1171026,3.0,-4.0,-37.0
1776886278.1271029,2.0,-7.0,-35.0
1776886278.1371028,6.0,-7.0,-32.0
1776886278.1471028,3.0,-5.0,-31.0
1776886278.1571028,3.0,-5.0,-33.0
1776886278.1671028,2.0,-5.0,-28.0
1776886278.1771028,1.0,-9.0,-36.0
1776886278.1871028,0.0,-10.0,-36.0
1776886278.1971028,2.0,-7.0,-34.0
1776886278.2071028,3.0,-7.0,-32.0
1776886278.2171028,0.0,-7.0,-30.0
1776886278.2271028,-1.0,-8.0,-32.0
1776886278.2371027,-3.0,-10.0,-31.0
1776886278.2471027,-3.0,-11.0,-34.0
1776886278.2571027,0.0,-5.0,-38.0
1776886278.2671027,-10.0,-1.0,-38.0
1776886278.2771027,-15.0,-6.0,-30.0
1776886278.2871027,-12.0,-5.0,-31.0
1776886278.2971027,-7.0,-5.0,-30.0
1776886278.307103,-4.0,-2.0,-33.0
1776886278.317103,-7.0,-5.0,-36.0
1776886278.327103,-7.0,-8.0,-27.0
1776886278.337103,-8.0,-8.0,-29.0
1776886278.3471026,-7.0,-7.0,-28.0
1776886278.3571026,-6.0,-3.0,-33.0
1776886278.3671026,-4.0,-5.0,-39.0
1776886278.3771029,-1.0,-6.0,-42.0
1776886278.3871028,2.0,-5.0,-44.0
1776886278.3971028,3.0,-5.0,-37.0
1776886278.4071028,4.0,-4.0,-28.0
1776886278.4171028,1.0,-4.0,-32.0
1776886278.4271028,5.0,-3.0,-38.0
1776886278.4371028,7.0,-1.0,-34.0
1776886278.4471028,8.0,-2.0,-34.0
1776886278.4571028,7.0,-5.0,-37.0
1776886278.4671028,10.0,-6.0,-37.0
1776886278.4771028,8.0,-4.0,-26.0
1776886278.4871027,8.0,-2.0,-23.0
1776886278.4971027,5.0,1.0,-25.0
1776886278.5071027,4.0,-2.0,-19.0
1776886278.5171027,4.0,-2.0,-22.0
1776886278.5271027,6.0,-3.0,-26.0
1776886278.5371027,3.0,0.0,-29.0
1776886278.5471027,4.0,0.0,-33.0
1776886278.557103,5.0,0.0,-35.0
1776886278.567103,2.0,-2.0,-36.0
1776886278.577103,0.0,-4.0,-36.0
1776886278.587103,-5.0,-3.0,-36.0
1776886278.5971026,-7.0,-5.0,-38.0
1776886278.6071026,-7.0,-6.0,-35.0
1776886278.6171026,-1.0,-3.0,-35.0
1776886278.6271029,0.0,-7.0,-32.0
1776886278.6371028,-4.0,-3.0,-33.0
1776886278.6471028,-2.0,-2.0,-27.0
1776886278.6571028,-2.0,-3.0,-30.0
1776886278.6671028,-4.0,-4.0,-34.0
1776886278.6771028,-2.0,-4.0,-38.0
1776886278.6871028,0.0,2.0,-29.0
1776886278.6971028,-1.0,2.0,-26.0
1776886278.7071028,0.0,0.0,-22.0
1776886278.7171028,-2.0,0.0,-33.0
1776886278.7271028,1.0,0.0,-37.0
1776886278.7371027,0.0,2.0,-39.0
1776886278.7471027,1.0,5.0,-44.0
1776886278.7571027,0.0,4.0,-42.0
1776886278.7671027,1.0,4.0,-41.0
1776886278.7771027,5.0,3.0,-42.0
1776886278.7871027,3.0,2.0,-48.0
1776886278.7971027,4.0,-2.0,-47.0
1776886278.807103,0.0,-1.0,-45.0
1776886278.817103,1.0,-1.0,-41.0
1776886278.827103,0.0,0.0,-41.0
1776886278.837103,-1.0,1.0,-40.0
1776886278.8471026,-2.0,3.0,-34.0
1776886278.8571026,0.0,-2.0,-38.0
1776886278.8671026,3.0,-3.0,-36.0
1776886278.8771029,4.0,-5.0,-41.0
1776886278.8871028,7.0,-7.0,-45.0
1776886278.8971028,5.0,-6.0,-48.0
1776886278.9071028,2.0,-7.0,-49.0
1776886278.9171028,2.0,-3.0,-52.0
1776886278.9271028,0.0,-1.0,-52.0
1776886278.9371028,1.0,0.0,-50.0
1776886278.9471028,5.0,-1.0,-46.0
1776886278.9571028,5.0,-3.0,-50.0
1776886278.9671028,1.0,-2.0,-47.0
1776886278.9771028,1.0,-3.0,-50.0
1776886278.9871027,0.0,1.0,-41.0
1776886278.9971027,0.0,0.0,-41.0
1776886279.0071027,5.0,1.0,-40.0
1776886279.0171027,6.0,-2.0,-30.0
1776886279.0271027,3.0,-2.0,-26.0
1776886279.0371027,1.0,4.0,-28.0
1776886279.0471027,2.0,1.0,-36.0
1776886279.057103,0.0,0.0,-37.0
1776886279.067103,-3.0,1.0,-29.0
1776886279.077103,-5.0,2.0,-36.0
1776886279.087103,-2.0,3.0,-40.0
1776886279.0971026,2.0,1.0,-49.0
1776886279.1071026,3.0,0.0,-46.0
1776886279.1171026,1.0,0.0,-44.0
1776886279.1271029,-1.0,3.0,-44.0
1776886279.1371028,-3.0,3.0,-47.0
1776886279.1471028,-2.0,1.0,-47.0
1776886279.1571028,-4.0,-2.0,-49.0
1776886279.1671028,-5.0,-7.0,-48.0
1776886279.1771028,-5.0,-11.0,-42.0
1776886279.1871028,-4.0,-9.0,-38.0
1776886279.1971028,-5.0,-6.0,-34.0
1776886279.2071028,1.0,-3.0,-33.0
1776886279.2171028,4.0,-4.0,-34.0
1776886279.2271028,8.0,-4.0,-32.0
1776886279.2371027,10.0,-4.0,-36.0
1776886279.2471027,8.0,-8.0,-39.0
1776886279.2571027,3.0,-5.0,-39.0
1776886279.2671027,0.0,-4.0,-35.0
1776886279.2771027,0.0,-3.0,-39.0
1776886279.2871027,2.0,-3.0,-46.0
1776886279.2971027,2.0,-6.0,-48.0
1776886279.307103,-3.0,-2.0,-42.0
1776886279.317103,0.0,-4.0,-41.0
1776886279.327103,-1.0,-2.0,-40.0
1776886279.337103,0.0,-2.0,-33.0
1776886279.3471026,0.0,-1.0,-36.0
1776886279.3571026,-4.0,-7.0,-38.0
1776886279.3671026,-6.0,-11.0,-39.0
1776886279.3771029,-6.0,-7.0,-41.0
1776886279.3871028,-5.0,-8.0,-42.0
1776886279.3971028,-2.0,-4.0,-36.0
1776886279.4071028,-2.0,-4.0,-34.0
1776886279.4171028,2.0,-10.0,-33.0
1776886279.4271028,-1.0,-10.0,-40.0
1776886279.4371028,-1.0,-6.0,-40.0
1776886279.4471028,-2.0,-6.0,-41.0
1776886279.4571028,-2.0,-6.0,-39.0
1776886279.4671028,-2.0,-8.0,-38.0
1776886279.4771028,-1.0,-7.0,-42.0
1776886279.4871027,5.0,-9.0,-41.0
1776886279.4971027,2.0,-8.0,-42.0
1776886279.5071027,-2.0,-8.0,-40.0
1776886279.5171027,-1.0,-7.0,-41.0
1776886279.5271027,-4.0,-7.0,-43.0
1776886279.5371027,-3.0,-9.0,-40.0
1776886279.5471027,0.0,-9.0,-43.0
1776886279.557103,0.0,-14.0,-43.0
1776886279.567103,0.0,-16.0,-44.0
1776886279.577103,-1.0,-10.0,-43.0
1776886279.587103,0.0,-6.0,-42.0
1776886279.5971026,4.0,0.0,-43.0
1776886279.6071026,5.0,0.0,-46.0
1776886279.6171026,3.0,2.0,-49.0
1776886279.6271029,-2.0,2.0,-54.0
1776886279.6371028,-2.0,5.0,-57.0
1776886279.6471028,-2.0,6.0,-53.0
1776886279.6581028,3.0,6.0,-50.0
1776886279.6671028,5.0,2.0,-41.0
1776886279.6771028,3.0,-5.0,-44.0
1776886279.6871028,4.0,-5.0,-44.0
1776886279.6981027,3.0,-7.0,-45.0
1776886279.7081027,4.0,-6.0,-44.0
1776886279.7181027,3.0,-3.0,-38.0
1776886279.7271028,1.0,-4.0,-31.0
1776886279.738103,2.0,-6.0,-28.0
1776886279.748103,2.0,-2.0,-25.0
1776886279.758103,6.0,2.0,-28.0
1776886279.7681026,6.0,-1.0,-37.0
1776886279.7781026,8.0,-2.0,-38.0
1776886279.7881026,8.0,-1.0,-38.0
1776886279.7981029,9.0,1.0,-32.0
1776886279.8081028,4.0,0.0,-32.0
1776886279.8181028,5.0,-2.0,-28.0
1776886279.8281028,4.0,-2.0,-23.0
1776886279.8381028,1.0,-2.0,-24.0
1776886279.8481028,0.0,-1.0,-25.0
1776886279.8581028,0.0,-1.0,-29.0
1776886279.8681028,-2.0,1.0,-26.0
1776886279.8781028,0.0,0.0,-32.0
1776886279.8881028,0.0,0.0,-31.0
1776886279.8981028,0.0,0.0,-30.0
1776886279.9081028,1.0,-6.0,-35.0
1776886279.9181027,0.0,-2.0,-40.0
1776886279.9281027,-3.0,-1.0,-38.0
1776886279.9381027,-1.0,-2.0,-47.0
1776886279.9481027,2.0,-5.0,-43.0
1776886279.9581027,3.0,-1.0,-46.0
1776886279.9681027,3.0,-1.0,-43.0
1776886279.9781027,4.0,-3.0,-35.0
1776886279.988103,1.0,-1.0,-32.0
1776886279.998103,1.0,-1.0,-32.0
1776886280.008103,0.0,2.0,-33.0
1776886280.0181026,-1.0,5.0,-44.0
1776886280.0281026,0.0,0.0,-36.0
1776886280.0381026,4.0,-2.0,-38.0
1776886280.0481029,0.0,1.0,-41.0
1776886280.0581028,0.0,0.0,-39.0
1776886280.0681028,0.0,0.0,-42.0
1776886280.0781028,0.0,3.0,-44.0
1776886280.0881028,-1.0,2.0,-40.0
1776886280.0981028,-3.0,0.0,-35.0
1776886280.1081028,-4.0,-1.0,-35.0
1776886280.1181028,0.0,-1.0,-38.0
1776886280.1281028,-3.0,-1.0,-37.0
1776886280.1381028,-1.0,-3.0,-34.0
1776886280.1481028,-1.0,-3.0,-36.0
1776886280.1581028,0.0,-3.0,-35.0
1776886280.1681027,-4.0,-3.0,-28.0
1776886280.1781027,0.0,-4.0,-32.0
1776886280.1881027,3.0,-2.0,-31.0
1776886280.1981027,2.0,-2.0,-34.0
1776886280.2091026,4.0,0.0,-31.0
1776886280.2181027,2.0,0.0,-31.0
1776886280.2281027,6.0,0.0,-32.0
1776886280.238103,10.0,-1.0,-34.0
1776886280.248103,5.0,-1.0,-36.0
1776886280.258103,5.0,1.0,-36.0
1776886280.2681026,5.0,4.0,-40.0
1776886280.2781026,6.0,1.0,-39.0
1776886280.2881026,9.0,6.0,-38.0
1776886280.2981029,7.0,5.0,-37.0
1776886280.3081028,1.0,5.0,-32.0
1776886280.3181028,0.0,3.0,-24.0
1776886280.3281028,1.0,-1.0,-26.0
1776886280.3381028,0.0,0.0,-31.0
1776886280.3481028,1.0,-1.0,-25.0
1776886280.3581028,6.0,-5.0,-25.0
1776886280.3681028,0.0,-4.0,-25.0
1776886280.3781028,1.0,-7.0,-30.0
1776886280.3881028,1.0,-6.0,-28.0
1776886280.3981028,7.0,-6.0,-21.0
1776886280.4081028,8.0,-2.0,-25.0
1776886280.4181027,2.0,-2.0,-28.0
1776886280.4281027,2.0,-2.0,-35.0
1776886280.4381027,2.0,-2.0,-47.0
1776886280.4481027,-1.0,-5.0,-44.0
1776886280.4581027,-3.0,-2.0,-45.0
1776886280.4681027,-5.0,0.0,-46.0
1776886280.4781027,-4.0,0.0,-41.0
1776886280.488103,-2.0,0.0,-45.0
1776886280.498103,-7.0,-1.0,-48.0
1776886280.508103,-5.0,-5.0,-49.0
1776886280.5181026,2.0,-8.0,-50.0
1776886280.5281026,5.0,-8.0,-50.0
1776886280.5381026,5.0,-7.0,-51.0
1776886280.5481029,2.0,-2.0,-53.0
1776886280.5581028,5.0,-2.0,-55.0
1776886280.5681028,6.0,-1.0,-46.0
1776886280.5781028,4.0,-1.0,-42.0
1776886280.5881028,3.0,-2.0,-37.0
1776886280.5981028,3.0,-3.0,-44.0
1776886280.6081028,5.0,-1.0,-40.0
1776886280.6181028,5.0,1.0,-44.0
1776886280.6281028,2.0,1.0,-41.0
1776886280.6381028,0.0,-3.0,-43.0
1776886280.6481028,1.0,-1.0,-41.0
1776886280.6581028,-1.0,-2.0,-39.0
1776886280.6681027,-1.0,1.0,-40.0
1776886280.6781027,0.0,0.0,-41.0
1776886280.6881027,0.0,3.0,-41.0
1776886280.6981027,3.0,2.0,-41.0
1776886280.7081027,3.0,0.0,-47.0
1776886280.7181027,3.0,-3.0,-52.0
1776886280.7281027,4.0,-3.0,-47.0
1776886280.738103,0.0,-2.0,-45.0
1776886280.748103,0.0,-1.0,-53.0
1776886280.758103,1.0,-2.0,-54.0
1776886280.7681026,2.0,-2.0,-55.0
1776886280.7781026,2.0,-1.0,-55.0
1776886280.7881026,1.0,3.0,-52.0
1776886280.7981029,4.0,4.0,-52.0
1776886280.8081028,5.0,8.0,-53.0
1776886280.8181028,7.0,5.0,-51.0
1776886280.8281028,9.0,5.0,-51.0
1776886280.8381028,4.0,5.0,-52.0
1776886280.8481028,5.0,3.0,-48.0
1776886280.8581028,6.0,1.0,-46.0
1776886280.8681028,4.0,-7.0,-47.0
1776886280.8781028,1.0,-7.0,-42.0
1776886280.8881028,1.0,-1.0,-44.0
1776886280.8981028,0.0,-2.0,-42.0
1776886280.9081028,-5.0,0.0,-40.0
1776886280.9181027,-4.0,0.0,-39.0
1776886280.9281027,0.0,0.0,-37.0
1776886280.9381027,0.0,0.0,-33.0
1776886280.9481027,1.0,-5.0,-39.0
1776886280.9581027,0.0,-2.0,-34.0
1776886280.9681027,-1.0,0.0,-35.0
1776886280.9781027,-5.0,-2.0,-30.0
1776886280.988103,-2.0,-6.0,-32.0
1776886280.998103,-1.0,-10.0,-37.0
1776886281.008103,4.0,-8.0,-40.0
1776886281.0181026,4.0,-4.0,-40.0
1776886281.0281026,1.0,0.0,-35.0
1776886281.0381026,-4.0,0.0,-39.0
1776886281.0481029,-9.0,0.0,-40.0
1776886281.0581028,-12.0,-4.0,-33.0
1776886281.0681028,-5.0,-4.0,-28.0
1776886281.0781028,-3.0,-3.0,-32.0
1776886281.0881028,-1.0,-5.0,-34.0
1776886281.0981028,-2.0,-3.0,-33.0
1776886281.1081028,-1.0,0.0,-33.0
1776886281.1181028,-3.0,-2.0,-37.0
1776886281.1281028,-3.0,-2.0,-39.0
1776886281.1381028,-4.0,1.0,-39.0
1776886281.1481028,0.0,4.0,-34.0
1776886281.1581028,0.0,6.0,-33.0
1776886281.1681027,3.0,4.0,-36.0
1776886281.1781027,1.0,0.0,-39.0
1776886281.1881027,0.0,0.0,-37.0
1776886281.1981027,0.0,-1.0,-35.0
1776886281.2081027,2.0,-1.0,-36.0
1776886281.2181027,2.0,-1.0,-36.0
1776886281.2281027,8.0,0.0,-40.0
1776886281.238103,2.0,0.0,-41.0
1776886281.248103,4.0,-3.0,-38.0
1776886281.258103,9.0,-7.0,-36.0
1776886281.2681026,9.0,-4.0,-42.0
1776886281.2781026,10.0,-2.0,-32.0
1776886281.2881026,12.0,0.0,-31.0
1776886281.2981029,10.0,0.0,-33.0
1776886281.3081028,7.0,0.0,-40.0
1776886281.3181028,5.0,-4.0,-38.0
1776886281.3281028,5.0,-6.0,-30.0
1776886281.3381028,5.0,-8.0,-27.0
1776886281.3481028,4.0,-6.0,-23.0
1776886281.3581028,0.0,-4.0,-26.0
1776886281.3681028,1.0,-5.0,-26.0
1776886281.3781028,0.0,-7.0,-31.0
1776886281.3881028,0.0,-11.0,-35.0
1776886281.3981028,-3.0,-7.0,-35.0
1776886281.4081028,-3.0,-1.0,-41.0
1776886281.4181027,-1.0,2.0,-42.0
1776886281.4281027,-3.0,-1.0,-38.0
1776886281.4381027,-3.0,-2.0,-42.0
1776886281.4481027,-7.0,0.0,-40.0
1776886281.4581027,-13.0,3.0,-40.0
1776886281.4681027,-8.0,2.0,-35.0
1776886281.4781027,-1.0,-1.0,-35.0
1776886281.488103,-1.0,-3.0,-35.0
1776886281.498103,0.0,0.0,-34.0
1776886281.508103,0.0,1.0,-39.0
1776886281.5181026,-4.0,0.0,-35.0
1776886281.5281026,-2.0,0.0,-31.0
1776886281.5381026,0.0,0.0,-34.0
1776886281.5481029,0.0,0.0,-36.0
1776886281.5581028,3.0,2.0,-23.0
1776886281.5681028,4.0,1.0,-25.0
1776886281.5781028,2.0,1.0,-25.0
1776886281.5881028,-3.0,4.0,-20.0
1776886281.5981028,-2.0,4.0,-27.0
1776886281.6081028,0.0,3.0,-29.0
1776886281.6181028,0.0,1.0,-41.0
1776886281.6281028,-6.0,0.0,-41.0
1776886281.6391027,-5.0,0.0,-38.0
1776886281.6481028,-2.0,0.0,-39.0
1776886281.659103,-2.0,-2.0,-46.0
1776886281.669103,-4.0,-2.0,-50.0
1776886281.6781027,-1.0,-4.0,-42.0
1776886281.6891026,0.0,0.0,-34.0
1776886281.6991026,-1.0,-3.0,-30.0
1776886281.7091026,-4.0,-4.0,-40.0
1776886281.7191026,1.0,-2.0,-42.0
1776886281.7291028,5.0,5.0,-43.0
1776886281.7391028,7.0,7.0,-45.0
1776886281.7491028,3.0,4.0,-39.0
1776886281.7591028,0.0,1.0,-36.0
1776886281.7691028,5.0,1.0,-36.0
1776886281.7791028,2.0,1.0,-45.0
1776886281.7891028,0.0,0.0,-48.0
1776886281.7991028,0.0,0.0,-39.0
1776886281.8091028,1.0,0.0,-34.0
1776886281.8191028,-1.0,5.0,-39.0
1776886281.8291028,3.0,2.0,-36.0
1776886281.8391027,3.0,0.0,-31.0
1776886281.8491027,2.0,2.0,-32.0
1776886281.8591027,6.0,1.0,-36.0
1776886281.8691027,8.0,0.0,-41.0
1776886281.8791027,7.0,2.0,-47.0
1776886281.8891027,3.0,-2.0,-49.0
1776886281.8991027,-4.0,-6.0,-41.0
1776886281.909103,-4.0,-5.0,-40.0
1776886281.919103,-2.0,-6.0,-38.0
1776886281.929103,-1.0,-4.0,-37.0
1776886281.9391026,-3.0,-3.0,-39.0
1776886281.9491026,-5.0,-6.0,-41.0
1776886281.9591026,-6.0,-10.0,-40.0
1776886281.9691026,-7.0,-4.0,-44.0
1776886281.9791028,-11.0,0.0,-43.0
1776886281.9891028,-9.0,0.0,-43.0
1776886281.9991028,-5.0,0.0,-39.0
1776886282.0091028,-6.0,0.0,-37.0
1776886282.0191028,-2.0,0.0,-40.0
1776886282.0291028,0.0,0.0,-39.0
1776886282.0391028,-3.0,-2.0,-39.0
1776886282.0491028,-2.0,0.0,-37.0
1776886282.0591028,-3.0,-3.0,-30.0
1776886282.0691028,0.0,-4.0,-32.0
1776886282.0791028,4.0,-3.0,-32.0
1776886282.0891027,6.0,-1.0,-31.0
1776886282.0991027,5.0,0.0,-32.0
1776886282.1091027,8.0,0.0,-36.0
1776886282.1191027,8.0,1.0,-40.0
1776886282.1291027,2.0,2.0,-43.0
1776886282.1391027,0.0,3.0,-44.0
1776886282.1491027,-1.0,0.0,-42.0
1776886282.159103,-1.0,0.0,-39.0
1776886282.169103,-5.0,0.0,-39.0
1776886282.179103,0.0,-3.0,-40.0
1776886282.1891026,-1.0,-4.0,-46.0
1776886282.1991026,2.0,-5.0,-44.0
1776886282.2091026,4.0,-1.0,-41.0
1776886282.2191026,2.0,0.0,-38.0
1776886282.2291028,2.0,1.0,-36.0
1776886282.2391028,7.0,0.0,-33.0
1776886282.2491028,7.0,-2.0,-34.0
1776886282.2591028,4.0,-4.0,-42.0
1776886282.2691028,1.0,-4.0,-41.0
1776886282.2791028,0.0,-4.0,-41.0
1776886282.2891028,-1.0,-4.0,-41.0
1776886282.2991028,-9.0,-6.0,-38.0
1776886282.3091028,-3.0,-8.0,-36.0
1776886282.3191028,0.0,-5.0,-38.0
1776886282.3291028,2.0,-3.0,-44.0
1776886282.3391027,7.0,-1.0,-41.0
1776886282.3491027,5.0,0.0,-36.0
1776886282.3591027,2.0,0.0,-40.0
1776886282.3691027,0.0,-2.0,-43.0
1776886282.3791027,1.0,-3.0,-52.0
1776886282.3891027,6.0,-6.0,-54.0
1776886282.3991027,6.0,-7.0,-52.0
1776886282.409103,4.0,-9.0,-48.0
1776886282.419103,2.0,-2.0,-41.0
1776886282.429103,4.0,2.0,-36.0
1776886282.4391026,5.0,2.0,-37.0
1776886282.4491026,3.0,2.0,-39.0
1776886282.4591026,4.0,0.0,-41.0
1776886282.4691026,6.0,-1.0,-37.0
1776886282.4791028,8.0,1.0,-38.0
1776886282.4891028,6.0,0.0,-40.0
1776886282.4991028,3.0,-1.0,-36.0
1776886282.5091028,2.0,-4.0,-40.0
1776886282.5191028,0.0,-3.0,-37.0
1776886282.5291028,-2.0,-4.0,-33.0
1776886282.5391028,-1.0,-5.0,-32.0
1776886282.5491028,0.0,0.0,-30.0
1776886282.5591028,2.0,0.0,-31.0
1776886282.5691028,-1.0,1.0,-31.0
1776886282.5791028,-2.0,2.0,-36.0
1776886282.5891027,1.0,2.0,-37.0
1776886282.5991027,-1.0,0.0,-38.0
1776886282.6091027,-2.0,1.0,-34.0
1776886282.6191027,-1.0,1.0,-33.0
1776886282.6291027,-2.0,2.0,-39.0
1776886282.6391027,-1.0,0.0,-30.0
1776886282.6491027,0.0,-1.0,-29.0
1776886282.659103,-1.0,-4.0,-27.0
1776886282.669103,-1.0,0.0,-33.0
1776886282.679103,-6.0,-2.0,-40.0
1776886282.6891026,-6.0,1.0,-35.0
1776886282.6991026,-2.0,4.0,-41.0
1776886282.7091026,-9.0,1.0,-41.0
1776886282.7191026,-13.0,3.0,-39.0
1776886282.7291028,-10.0,0.0,-40.0
1776886282.7391028,-2.0,1.0,-41.0
1776886282.7491028,0.0,2.0,-44.0
1776886282.7591028,1.0,2.0,-42.0
1776886282.7691028,0.0,0.0,-34.0
1776886282.7791028,1.0,-5.0,-39.0
1776886282.7891028,0.0,-2.0,-41.0
1776886282.7991028,1.0,-4.0,-34.0
1776886282.8091028,-2.0,1.0,-38.0
1776886282.8191028,-6.0,0.0,-39.0
1776886282.8291028,-5.0,0.0,-36.0
1776886282.8391027,-4.0,-2.0,-40.0
1776886282.8491027,1.0,-5.0,-38.0
1776886282.8591027,0.0,-4.0,-52.0
1776886282.8691027,0.0,-2.0,-51.0
1776886282.8791027,1.0,-7.0,-49.0
1776886282.8891027,1.0,-8.0,-50.0
1776886282.8991027,0.0,-7.0,-56.0
1776886282.909103,-1.0,-6.0,-61.0
1776886282.919103,0.0,-3.0,-54.0
1776886282.929103,0.0,-1.0,-47.0
1776886282.9391026,1.0,0.0,-45.0
1776886282.9491026,5.0,0.0,-41.0
1776886282.9591026,8.0,0.0,-38.0
1776886282.9691026,3.0,-2.0,-35.0
1776886282.9791028,0.0,-4.0,-35.0
1776886282.9891028,2.0,-3.0,-33.0
1776886282.9991028,0.0,-2.0,-30.0
1776886283.0091028,0.0,-4.0,-31.0
1776886283.0191028,6.0,-8.0,-35.0
1776886283.0291028,6.0,-10.0,-44.0
1776886283.0391028,2.0,-6.0,-46.0
1776886283.0491028,3.0,-3.0,-44.0
1776886283.0591028,2.0,-1.0,-51.0
1776886283.0691028,6.0,-1.0,-52.0
1776886283.0791028,4.0,2.0,-51.0
1776886283.0891027,3.0,1.0,-44.0
1776886283.0991027,1.0,0.0,-40.0
1776886283.1091027,0.0,-2.0,-35.0
1776886283.1191027,2.0,-1.0,-31.0
1776886283.1291027,4.0,-1.0,-34.0
1776886283.1391027,7.0,0.0,-44.0
1776886283.1491027,6.0,0.0,-46.0
1776886283.159103,0.0,-1.0,-42.0
1776886283.169103,2.0,-2.0,-42.0
1776886283.179103,3.0,-1.0,-39.0
1776886283.1891026,0.0,-1.0,-37.0
1776886283.1991026,6.0,0.0,-36.0
1776886283.2091026,6.0,1.0,-37.0
1776886283.2191026,-1.0,3.0,-42.0
1776886283.2291028,-3.0,3.0,-36.0
1776886283.2391028,-4.0,5.0,-43.0
1776886283.2491028,0.0,1.0,-49.0
1776886283.2591028,1.0,0.0,-48.0
1776886283.2691028,3.0,-1.0,-44.0
1776886283.2791028,4.0,0.0,-41.0
1776886283.2891028,2.0,2.0,-40.0
1776886283.2991028,2.0,2.0,-36.0
1776886283.3091028,2.0,-4.0,-34.0
1776886283.3191028,0.0,-2.0,-29.0
1776886283.3291028,3.0,-4.0,-36.0
1776886283.3391027,0.0,-3.0,-38.0
1776886283.3491027,0.0,-1.0,-43.0
1776886283.3591027,1.0,0.0,-49.0
1776886283.3691027,2.0,-3.0,-48.0
1776886283.3791027,3.0,-2.0,-49.0
1776886283.3891027,2.0,-3.0,-46.0
1776886283.3991027,-3.0,-3.0,-43.0
1776886283.409103,1.0,-1.0,-39.0
1776886283.419103,5.0,1.0,-39.0
1776886283.429103,4.0,-2.0,-37.0
1776886283.4391026,3.0,-3.0,-37.0
1776886283.4491026,2.0,0.0,-40.0
1776886283.4591026,-3.0,-2.0,-40.0
1776886283.4691026,-4.0,-4.0,-48.0
1776886283.4791028,-2.0,-1.0,-46.0
1776886283.4891028,-1.0,0.0,-41.0
1776886283.4991028,-2.0,2.0,-36.0
1776886283.5091028,-4.0,0.0,-37.0
1776886283.5191028,-5.0,3.0,-40.0
1776886283.5291028,-5.0,6.0,-40.0
1776886283.5391028,-2.0,2.0,-48.0
1776886283.5491028,-2.0,-1.0,-53.0
1776886283.5591028,-2.0,-5.0,-44.0
1776886283.5691028,0.0,-5.0,-40.0
1776886283.5791028,-2.0,-4.0,-39.0
1776886283.5891027,-3.0,-4.0,-37.0
1776886283.5991027,-2.0,-9.0,-43.0
1776886283.6091027,0.0,-6.0,-40.0
1776886283.6191027,3.0,-3.0,-37.0
1776886283.6291027,1.0,-1.0,-38.0
1776886283.6391027,-1.0,-2.0,-34.0
1776886283.6491027,0.0,-1.0,-38.0
1776886283.659103,1.0,0.0,-36.0
1776886283.6701028,-1.0,2.0,-37.0
1776886283.6801028,0.0,0.0,-39.0
1776886283.6901028,-2.0,3.0,-33.0
1776886283.7001028,-2.0,1.0,-27.0
1776886283.7101028,1.0,1.0,-22.0
1776886283.7201028,2.0,2.0,-27.0
1776886283.7301028,-1.0,3.0,-30.0
1776886283.7401028,-1.0,2.0,-33.0
1776886283.7501028,-1.0,1.0,-31.0
1776886283.7601027,0.0,1.0,-37.0
1776886283.7701027,0.0,-1.0,-33.0
1776886283.7801027,0.0,-3.0,-32.0
1776886283.7901027,0.0,-4.0,-31.0
1776886283.8001027,0.0,-2.0,-38.0
1776886283.8101027,2.0,-1.0,-38.0
1776886283.8201027,2.0,-4.0,-37.0
1776886283.8301027,0.0,-3.0,-44.0
1776886283.840103,0.0,-4.0,-41.0
1776886283.850103,1.0,-6.0,-44.0
1776886283.860103,4.0,-6.0,-42.0
1776886283.8701026,5.0,-3.0,-39.0
1776886283.8801026,5.0,-5.0,-45.0
1776886283.8901026,9.0,-7.0,-43.0
1776886283.9001029,6.0,-7.0,-47.0
1776886283.9101028,4.0,-7.0,-47.0
1776886283.9201028,1.0,-2.0,-51.0
1776886283.9301028,5.0,-1.0,-47.0
1776886283.9401028,2.0,0.0,-40.0
1776886283.9501028,0.0,2.0,-38.0
1776886283.9601028,0.0,3.0,-37.0
1776886283.9701028,-1.0,4.0,-37.0
1776886283.9801028,-2.0,1.0,-39.0
1776886283.9901028,-4.0,1.0,-43.0
1776886284.0001028,-1.0,1.0,-46.0
1776886284.0101027,3.0,1.0,-43.0
1776886284.0201027,3.0,3.0,-44.0
1776886284.0301027,3.0,2.0,-40.0
1776886284.0401027,0.0,3.0,-41.0
1776886284.0501027,2.0,2.0,-38.0
1776886284.0601027,0.0,5.0,-49.0
1776886284.0701027,0.0,2.0,-50.0
1776886284.0801027,0.0,0.0,-55.0
1776886284.090103,4.0,3.0,-47.0
1776886284.100103,4.0,5.0,-42.0
1776886284.110103,5.0,7.0,-43.0
1776886284.1201026,3.0,5.0,-42.0
1776886284.1301026,5.0,0.0,-41.0
1776886284.1401026,4.0,2.0,-41.0
1776886284.1501029,1.0,2.0,-38.0
1776886284.1601028,0.0,2.0,-42.0
1776886284.1701028,3.0,3.0,-42.0
1776886284.1801028,3.0,-1.0,-45.0
1776886284.1901028,1.0,-3.0,-51.0
1776886284.2001028,-2.0,0.0,-50.0
1776886284.2101028,0.0,-3.0,-44.0
1776886284.2201028,0.0,1.0,-44.0
1776886284.2301028,1.0,1.0,-45.0
1776886284.2401028,3.0,-1.0,-48.0
1776886284.2501028,3.0,1.0,-49.0
1776886284.2601027,1.0,4.0,-42.0
1776886284.2701027,0.0,0.0,-41.0
1776886284.2801027,0.0,-1.0,-45.0
1776886284.2901027,0.0,-2.0,-43.0
1776886284.3001027,-3.0,-4.0,-46.0
1776886284.3101027,-3.0,-1.0,-44.0
1776886284.3201027,-3.0,0.0,-45.0
1776886284.3301027,-4.0,0.0,-40.0
1776886284.340103,-8.0,-3.0,-44.0
1776886284.350103,-6.0,-5.0,-46.0
1776886284.360103,-7.0,-4.0,-46.0
1776886284.3701026,-10.0,-1.0,-46.0
1776886284.3801026,-6.0,0.0,-39.0
1776886284.3901026,-3.0,0.0,-38.0
1776886284.4001029,-3.0,0.0,-41.0
1776886284.4101028,0.0,0.0,-40.0
1776886284.4201028,0.0,0.0,-36.0
1776886284.4301028,3.0,3.0,-36.0
1776886284.4401028,3.0,4.0,-36.0
1776886284.4501028,0.0,3.0,-44.0
1776886284.4601028,0.0,2.0,-44.0
1776886284.4701028,2.0,-1.0,-45.0
1776886284.4801028,0.0,-3.0,-43.0
1776886284.4901028,0.0,-2.0,-45.0
1776886284.5001028,-1.0,-5.0,-47.0
1776886284.5101027,0.0,-2.0,-47.0
1776886284.5201027,-2.0,-2.0,-50.0
1776886284.5301027,2.0,-3.0,-52.0
1776886284.5401027,1.0,-3.0,-56.0
1776886284.5501027,-2.0,-1.0,-52.0
1776886284.5601027,-4.0,-1.0,-56.0
1776886284.5701027,0.0,0.0,-50.0
1776886284.5801027,0.0,3.0,-45.0
1776886284.590103,1.0,1.0,-37.0
1776886284.600103,0.0,0.0,-31.0
1776886284.610103,-1.0,0.0,-25.0
1776886284.6201026,0.0,2.0,-24.0
1776886284.6301026,5.0,2.0,-29.0
1776886284.6401026,6.0,1.0,-23.0
1776886284.6501029,3.0,1.0,-27.0
1776886284.6601028,4.0,-2.0,-34.0
1776886284.6701028,2.0,0.0,-36.0
1776886284.6801028,5.0,1.0,-39.0
1776886284.6901028,0.0,0.0,-44.0
1776886284.7001028,1.0,3.0,-43.0
1776886284.7101028,0.0,0.0,-39.0
1776886284.7201028,4.0,-2.0,-35.0
1776886284.7301028,8.0,-2.0,-26.0
1776886284.7401028,3.0,1.0,-21.0
1776886284.7501028,5.0,3.0,-24.0
1776886284.7601027,0.0,3.0,-29.0
1776886284.7701027,1.0,0.0,-30.0
1776886284.7801027,0.0,-5.0,-34.0
1776886284.7901027,3.0,-7.0,-38.0
1776886284.8001027,-2.0,-2.0,-38.0
1776886284.8101027,0.0,-3.0,-39.0
1776886284.8201027,0.0,-3.0,-36.0
1776886284.8301027,-1.0,-2.0,-37.0
1776886284.840103,-3.0,-4.0,-38.0
1776886284.850103,-3.0,-5.0,-34.0
1776886284.860103,-3.0,-1.0,-34.0
1776886284.8701026,1.0,0.0,-35.0
1776886284.8801026,0.0,-1.0,-39.0
1776886284.8901026,4.0,-1.0,-50.0
1776886284.9001029,6.0,-3.0,-49.0
1776886284.9101028,6.0,-6.0,-51.0
1776886284.9201028,3.0,-6.0,-52.0
1776886284.9301028,0.0,-3.0,-48.0
1776886284.9401028,0.0,-5.0,-45.0
1776886284.9501028,3.0,-9.0,-44.0
1776886284.9601028,3.0,-6.0,-50.0
1776886284.9701028,3.0,-4.0,-44.0
1776886284.9801028,5.0,0.0,-46.0
1776886284.9901028,7.0,5.0,-35.0
1776886285.0001028,10.0,0.0,-33.0
1776886285.0101027,7.0,-3.0,-35.0
1776886285.0201027,3.0,-5.0,-44.0
1776886285.0301027,1.0,-2.0,-42.0
1776886285.0401027,2.0,-2.0,-37.0
1776886285.0501027,2.0,0.0,-33.0
1776886285.0601027,1.0,1.0,-39.0
1776886285.0701027,2.0,1.0,-41.0
1776886285.0801027,-1.0,0.0,-41.0
1776886285.090103,0.0,-2.0,-36.0
1776886285.100103,-1.0,0.0,-37.0
1776886285.110103,-3.0,0.0,-44.0
1776886285.1201026,-5.0,0.0,-50.0
1776886285.1301026,-3.0,0.0,-49.0
1776886285.1401026,-1.0,0.0,-44.0
1776886285.1501029,0.0,0.0,-44.0
1776886285.1601028,0.0,2.0,-39.0
1776886285.1701028,-1.0,0.0,-43.0
1776886285.1801028,-1.0,-2.0,-40.0
1776886285.1901028,1.0,-2.0,-44.0
1776886285.2001028,1.0,-1.0,-46.0
1776886285.2101028,0.0,-3.0,-48.0
1776886285.2201028,2.0,1.0,-52.0
1776886285.2301028,-1.0,-1.0,-54.0
1776886285.2401028,0.0,0.0,-57.0
1776886285.2501028,-1.0,0.0,-50.0
1776886285.2601027,-4.0,-1.0,-50.0
1776886285.2701027,0.0,4.0,-46.0
1776886285.2801027,0.0,3.0,-45.0
1776886285.2901027,3.0,3.0,-38.0
1776886285.3001027,0.0,-1.0,-41.0
1776886285.3101027,0.0,-2.0,-44.0
1776886285.3201027,-2.0,-7.0,-46.0
1776886285.3301027,0.0,-8.0,-45.0
1776886285.340103,0.0,-7.0,-45.0
1776886285.350103,3.0,-8.0,-39.0
1776886285.360103,3.0,-8.0,-42.0
1776886285.3701026,2.0,-8.0,-34.0
1776886285.3801026,3.0,-4.0,-42.0
1776886285.3901026,5.0,-6.0,-47.0
1776886285.4001029,5.0,-2.0,-43.0
1776886285.4101028,6.0,0.0,-45.0
1776886285.4201028,4.0,2.0,-40.0
1776886285.4301028,-1.0,0.0,-41.0
1776886285.4401028,-5.0,-1.0,-43.0
1776886285.4501028,-3.0,-3.0,-41.0
1776886285.4601028,-1.0,0.0,-37.0
1776886285.4701028,0.0,-1.0,-36.0
1776886285.4801028,0.0,0.0,-37.0
1776886285.4901028,4.0,-3.0,-36.0
1776886285.5001028,5.0,-1.0,-40.0
1776886285.5101027,7.0,-2.0,-37.0
1776886285.5201027,5.0,0.0,-39.0
1776886285.5301027,2.0,0.0,-45.0
1776886285.5401027,-3.0,1.0,-44.0
1776886285.5501027,0.0,0.0,-41.0
1776886285.5601027,0.0,0.0,-38.0
1776886285.5701027,2.0,0.0,-40.0
1776886285.5801027,4.0,-3.0,-39.0
1776886285.590103,4.0,-4.0,-36.0
1776886285.600103,4.0,-1.0,-32.0
1776886285.610103,1.0,-3.0,-35.0
1776886285.6201026,1.0,-6.0,-38.0
1776886285.6301026,3.0,-4.0,-38.0
1776886285.6401026,6.0,-2.0,-47.0
1776886285.6501029,2.0,-1.0,-47.0
1776886285.6601028,1.0,-2.0,-54.0
1776886285.6711028,-2.0,0.0,-53.0
1776886285.6811028,-4.0,-1.0,-52.0
1776886285.6911027,-5.0,1.0,-46.0
1776886285.7011027,-5.0,1.0,-49.0
1776886285.7111027,-1.0,-3.0,-45.0
1776886285.7211027,5.0,0.0,-39.0
1776886285.7311027,5.0,-3.0,-39.0
1776886285.7411027,4.0,-8.0,-35.0
1776886285.7511027,3.0,-6.0,-25.0
1776886285.761103,3.0,-1.0,-24.0
1776886285.771103,4.0,0.0,-35.0
1776886285.781103,3.0,0.0,-36.0
1776886285.7911026,0.0,-4.0,-33.0
1776886285.8011026,0.0,-2.0,-31.0
1776886285.8111026,-3.0,-1.0,-29.0
1776886285.8211029,-1.0,-1.0,-30.0
1776886285.8311028,-2.0,0.0,-32.0
1776886285.8411028,-3.0,1.0,-32.0
1776886285.8511028,0.0,-2.0,-31.0
1776886285.8611028,3.0,1.0,-23.0
1776886285.8711028,2.0,0.0,-23.0
1776886285.8811028,1.0,-3.0,-29.0
1776886285.8911028,2.0,-1.0,-27.0
1776886285.9011028,5.0,0.0,-24.0
1776886285.9111028,6.0,0.0,-29.0
1776886285.9211028,5.0,-3.0,-35.0
1776886285.9311028,4.0,0.0,-43.0
1776886285.9411027,4.0,0.0,-48.0
1776886285.9511027,5.0,0.0,-47.0
1776886285.9611027,4.0,-2.0,-47.0
1776886285.9711027,1.0,-3.0,-49.0
1776886285.9811027,-2.0,-2.0,-46.0
1776886285.9911027,-1.0,-1.0,-51.0
1776886286.0011027,2.0,3.0,-48.0
1776886286.011103,3.0,2.0,-47.0
1776886286.021103,6.0,2.0,-41.0
1776886286.031103,7.0,1.0,-35.0
1776886286.0411026,6.0,1.0,-38.0
1776886286.0511026,5.0,0.0,-33.0
1776886286.0611026,4.0,0.0,-34.0
1776886286.0711029,0.0,5.0,-33.0
1776886286.0811028,0.0,5.0,-33.0
1776886286.0911028,3.0,3.0,-34.0
1776886286.1011028,4.0,0.0,-39.0
1776886286.1111028,5.0,0.0,-41.0
1776886286.1211028,10.0,0.0,-37.0
1776886286.1311028,11.0,-3.0,-42.0
1776886286.1411028,9.0,2.0,-48.0
1776886286.1511028,0.0,4.0,-45.0
1776886286.1611028,-4.0,4.0,-45.0
1776886286.1711028,-2.0,6.0,-41.0
1776886286.1811028,-2.0,7.0,-45.0
1776886286.1911027,-6.0,6.0,-47.0
1776886286.2011027,-4.0,5.0,-48.0
1776886286.2111027,0.0,8.0,-49.0
1776886286.2211027,1.0,7.0,-45.0
1776886286.2311027,-1.0,3.0,-44.0
1776886286.2411027,-9.0,2.0,-40.0
1776886286.2511027,-9.0,1.0,-38.0
1776886286.261103,-5.0,1.0,-40.0
1776886286.271103,-1.0,0.0,-34.0
1776886286.281103,0.0,1.0,-32.0
1776886286.2911026,2.0,2.0,-30.0
1776886286.3011026,1.0,0.0,-31.0
1776886286.3111026,-2.0,0.0,-33.0
1776886286.3211029,-4.0,0.0,-31.0
1776886286.3311028,-3.0,-5.0,-33.0
1776886286.3411028,-3.0,-3.0,-31.0
1776886286.3511028,-4.0,-2.0,-35.0
1776886286.3611028,-7.0,-3.0,-33.0
1776886286.3711028,-11.0,-4.0,-33.0
1776886286.3811028,-11.0,-4.0,-31.0
1776886286.3911028,-12.0,-6.0,-31.0
1776886286.4011028,-4.0,-4.0,-30.0
1776886286.4111028,1.0,-1.0,-31.0
1776886286.4211028,2.0,0.0,-31.0
1776886286.4311028,2.0,2.0,-35.0
1776886286.4411027,5.0,2.0,-37.0
1776886286.4511027,3.0,0.0,-37.0
1776886286.4611027,4.0,0.0,-36.0
1776886286.4711027,0.0,0.0,-39.0
1776886286.4811027,-1.0,0.0,-41.0
1776886286.4911027,0.0,0.0,-41.0
1776886286.5011027,1.0,-1.0,-32.0
1776886286.511103,1.0,0.0,-27.0
1776886286.521103,0.0,-5.0,-29.0
1776886286.531103,-2.0,-9.0,-31.0
1776886286.5411026,-3.0,-7.0,-38.0
1776886286.5511026,0.0,-6.0,-46.0
1776886286.5611026,-2.0,-7.0,-45.0
1776886286.5711029,-5.0,-10.0,-43.0
1776886286.5811028,-9.0,-8.0,-38.0
1776886286.5911028,-8.0,-7.0,-34.0
1776886286.6011028,-7.0,-4.0,-33.0
1776886286.6111028,-9.0,-3.0,-34.0
1776886286.6211028,-10.0,-4.0,-37.0
1776886286.6311028,-5.0,0.0,-39.0
1776886286.6411028,-5.0,1.0,-37.0
1776886286.6511028,0.0,-1.0,-42.0
1776886286.6611028,-2.0,0.0,-43.0
1776886286.6711028,-3.0,-3.0,-35.0
1776886286.6811028,-4.0,-2.0,-34.0
1776886286.6911027,-2.0,0.0,-32.0
1776886286.7011027,-6.0,-5.0,-31.0
1776886286.7111027,-7.0,-8.0,-34.0
1776886286.7211027,-6.0,-8.0,-37.0
1776886286.7311027,-7.0,-5.0,-41.0
1776886286.7411027,-7.0,-2.0,-38.0
1776886286.7511027,-5.0,-1.0,-39.0
1776886286.761103,-3.0,0.0,-39.0
1776886286.771103,0.0,-1.0,-35.0
1776886286.781103,-3.0,-2.0,-34.0
1776886286.7911026,-3.0,0.0,-38.0
1776886286.8011026,-1.0,-2.0,-35.0
1776886286.8111026,2.0,-2.0,-30.0
1776886286.8211029,3.0,1.0,-28.0
1776886286.8311028,3.0,0.0,-24.0
1776886286.8411028,0.0,2.0,-26.0
1776886286.8511028,-2.0,3.0,-28.0
1776886286.8611028,-5.0,2.0,-32.0
1776886286.8711028,0.0,-1.0,-35.0
1776886286.8811028,-3.0,-5.0,-33.0
1776886286.8911028,0.0,-5.0,-37.0
1776886286.9011028,1.0,-5.0,-30.0
1776886286.9111028,3.0,-3.0,-28.0
1776886286.9211028,1.0,-3.0,-29.0
1776886286.9311028,3.0,0.0,-37.0
1776886286.9411027,9.0,-1.0,-38.0
1776886286.9511027,8.0,0.0,-42.0
1776886286.9611027,5.0,-2.0,-46.0
1776886286.9711027,4.0,-4.0,-42.0
1776886286.9811027,5.0,-5.0,-40.0
1776886286.9911027,7.0,-5.0,-33.0
1776886287.0011027,4.0,-4.0,-32.0
1776886287.011103,3.0,-4.0,-32.0
1776886287.021103,4.0,-4.0,-40.0
1776886287.031103,2.0,-2.0,-43.0
1776886287.0411026,2.0,-2.0,-44.0
1776886287.0511026,-4.0,-2.0,-42.0
1776886287.0611026,1.0,-1.0,-38.0
1776886287.0711029,0.0,1.0,-37.0
1776886287.0811028,3.0,2.0,-29.0
1776886287.0911028,0.0,0.0,-30.0
1776886287.1011028,0.0,-3.0,-33.0
1776886287.1111028,-5.0,-3.0,-35.0
1776886287.1211028,-2.0,-1.0,-40.0
1776886287.1311028,-4.0,1.0,-41.0
1776886287.1411028,-2.0,1.0,-47.0
1776886287.1511028,1.0,0.0,-43.0
1776886287.1611028,-2.0,1.0,-53.0
1776886287.1711028,-7.0,4.0,-52.0
1776886287.1811028,-5.0,3.0,-47.0
1776886287.1911027,-7.0,4.0,-44.0
1776886287.2011027,-6.0,5.0,-46.0
1776886287.2111027,-5.0,0.0,-44.0
1776886287.2211027,-2.0,-3.0,-37.0
1776886287.2311027,4.0,-5.0,-35.0
1776886287.2411027,6.0,-2.0,-36.0
1776886287.2511027,6.0,-3.0,-38.0
1776886287.261103,7.0,-4.0,-35.0
1776886287.271103,7.0,-4.0,-37.0
1776886287.281103,4.0,-4.0,-34.0
1776886287.2911026,-1.0,-4.0,-29.0
1776886287.3011026,-4.0,-5.0,-25.0
1776886287.3111026,-6.0,-4.0,-27.0
1776886287.3211029,-10.0,-5.0,-34.0
1776886287.3311028,-6.0,-3.0,-38.0
1776886287.3411028,-3.0,0.0,-33.0
1776886287.3511028,-2.0,2.0,-37.0
1776886287.3611028,0.0,0.0,-31.0
1776886287.3711028,4.0,-1.0,-31.0
1776886287.3811028,6.0,-1.0,-38.0
1776886287.3911028,0.0,-3.0,-34.0
1776886287.4011028,1.0,-3.0,-35.0
1776886287.4111028,3.0,-5.0,-44.0
1776886287.4211028,4.0,-5.0,-40.0
1776886287.4311028,8.0,-5.0,-42.0
1776886287.4411027,8.0,-6.0,-43.0
1776886287.4511027,2.0,-8.0,-44.0
1776886287.4611027,1.0,-6.0,-43.0
1776886287.4711027,0.0,-3.0,-46.0
1776886287.4811027,2.0,-3.0,-42.0
1776886287.4911027,0.0,-3.0,-40.0
1776886287.5011027,1.0,-1.0,-39.0
1776886287.511103,1.0,1.0,-37.0
1776886287.521103,1.0,-2.0,-40.0
1776886287.531103,2.0,-3.0,-42.0
1776886287.5411026,-1.0,-1.0,-36.0
1776886287.5511026,2.0,-3.0,-38.0
1776886287.5611026,0.0,0.0,-37.0
1776886287.5711029,0.0,2.0,-39.0
1776886287.5821028,0.0,1.0,-43.0
1776886287.5911028,0.0,0.0,-44.0
1776886287.6011028,-1.0,0.0,-41.0
1776886287.6111028,-2.0,0.0,-40.0
1776886287.6211028,-2.0,-2.0,-38.0
1776886287.6311028,-5.0,-5.0,-40.0
1776886287.6421027,-4.0,-3.0,-41.0
1776886287.6511028,-6.0,-2.0,-42.0
1776886287.6611028,-6.0,-5.0,-43.0
1776886287.6721027,-5.0,-4.0,-40.0
1776886287.682103,0.0,-1.0,-38.0
1776886287.692103,-2.0,-1.0,-39.0
1776886287.702103,-2.0,-2.0,-38.0
1776886287.712103,-5.0,1.0,-43.0
1776886287.7221026,-3.0,1.0,-42.0
1776886287.7321026,-6.0,-1.0,-38.0
1776886287.7421026,-8.0,-6.0,-38.0
1776886287.7521029,-4.0,-9.0,-42.0
1776886287.7621028,-3.0,-11.0,-38.0
1776886287.7721028,-3.0,-10.0,-34.0
1776886287.7821028,-2.0,-13.0,-34.0
1776886287.7921028,-2.0,-11.0,-28.0
1776886287.8021028,-2.0,-7.0,-24.0
1776886287.8121028,2.0,-4.0,-31.0
1776886287.8221028,0.0,0.0,-33.0
1776886287.8321028,2.0,-6.0,-31.0
1776886287.8421028,1.0,-7.0,-34.0
1776886287.8521028,2.0,-4.0,-42.0
1776886287.8621027,1.0,-5.0,-47.0
1776886287.8721027,4.0,-3.0,-48.0
1776886287.8821027,1.0,-2.0,-41.0
1776886287.8921027,-6.0,-3.0,-44.0
1776886287.9021027,-5.0,0.0,-44.0
1776886287.9121027,-2.0,-1.0,-36.0
1776886287.9221027,-5.0,-3.0,-40.0
1776886287.932103,-4.0,0.0,-40.0
1776886287.942103,-4.0,-3.0,-42.0
1776886287.952103,-6.0,-2.0,-37.0
1776886287.962103,-3.0,-1.0,-40.0
1776886287.9721026,-1.0,0.0,-34.0
1776886287.9821026,-1.0,-1.0,-38.0
1776886287.9921026,0.0,-2.0,-41.0
1776886288.0021029,3.0,-3.0,-49.0
1776886288.0121028,1.0,-5.0,-49.0
1776886288.0221028,5.0,-5.0,-50.0
1776886288.0321028,2.0,-7.0,-45.0
1776886288.0421028,4.0,-7.0,-40.0
1776886288.0521028,4.0,-6.0,-43.0
1776886288.0621028,5.0,-2.0,-45.0
1776886288.0721028,7.0,0.0,-45.0
1776886288.0821028,4.0,-4.0,-49.0
1776886288.0921028,0.0,-9.0,-51.0
1776886288.1021028,0.0,-3.0,-52.0
1776886288.1121027,-1.0,0.0,-53.0
1776886288.1221027,2.0,3.0,-54.0
1776886288.1321027,0.0,-1.0,-48.0
1776886288.1421027,-4.0,-3.0,-42.0
1776886288.1521027,-4.0,-1.0,-40.0
1776886288.1621027,-5.0,0.0,-38.0
1776886288.1721027,-2.0,0.0,-41.0
1776886288.182103,-1.0,-2.0,-43.0
1776886288.192103,4.0,0.0,-41.0
1776886288.202103,4.0,0.0,-36.0
1776886288.212103,2.0,0.0,-38.0
1776886288.2221026,4.0,-4.0,-34.0
1776886288.2321026,4.0,-2.0,-38.0
1776886288.2421026,7.0,-1.0,-39.0
1776886288.2521029,7.0,0.0,-39.0
1776886288.2621028,8.0,-5.0,-42.0
1776886288.2721028,6.0,-6.0,-46.0
1776886288.2821028,2.0,-8.0,-44.0
1776886288.2921028,7.0,-4.0,-41.0
1776886288.3021028,2.0,3.0,-36.0
1776886288.3121028,-1.0,7.0,-29.0
1776886288.3221028,0.0,1.0,-34.0
1776886288.3321028,1.0,4.0,-34.0
1776886288.3421028,3.0,6.0,-34.0
1776886288.3521028,6.0,4.0,-29.0
1776886288.3621027,10.0,3.0,-31.0
1776886288.3721027,10.0,2.0,-32.0
1776886288.3821027,0.0,0.0,-32.0
1776886288.3921027,2.0,3.0,-39.0
1776886288.4021027,8.0,5.0,-39.0
1776886288.4121027,5.0,4.0,-36.0
1776886288.4221027,2.0,1.0,-38.0
1776886288.432103,3.0,-4.0,-41.0
1776886288.442103,2.0,-6.0,-43.0
1776886288.452103,2.0,-4.0,-44.0
1776886288.462103,-1.0,-1.0,-40.0
1776886288.4721026,0.0,-1.0,-37.0
1776886288.4821026,5.0,-4.0,-32.0
1776886288.4921026,7.0,-4.0,-39.0
1776886288.5021029,8.0,-1.0,-45.0
1776886288.5121028,3.0,0.0,-40.0
1776886288.5221028,-2.0,0.0,-35.0
1776886288.5321028,-3.0,-1.0,-35.0
1776886288.5421028,-1.0,-3.0,-39.0
1776886288.5521028,-1.0,-1.0,-35.0
1776886288.5621028,6.0,0.0,-38.0
1776886288.5721028,6.0,-1.0,-47.0
1776886288.5821028,5.0,0.0,-47.0
1776886288.5921028,4.0,0.0,-46.0
1776886288.6021028,1.0,0.0,-46.0
1776886288.6121027,0.0,1.0,-48.0
1776886288.6221027,0.0,-2.0,-49.0
1776886288.6321027,2.0,-1.0,-43.0
1776886288.6421027,5.0,0.0,-38.0
1776886288.6521027,3.0,3.0,-34.0
1776886288.6621027,0.0,4.0,-36.0
1776886288.6721027,-1.0,6.0,-31.0
1776886288.682103,-1.0,1.0,-32.0
1776886288.692103,-6.0,-4.0,-36.0
1776886288.702103,-5.0,-4.0,-44.0
1776886288.712103,0.0,-3.0,-45.0
1776886288.7221026,2.0,0.0,-54.0
1776886288.7321026,2.0,1.0,-47.0
1776886288.7421026,0.0,0.0,-50.0
1776886288.7521029,0.0,0.0,-51.0
1776886288.7621028,1.0,2.0,-45.0
1776886288.7721028,3.0,0.0,-43.0
1776886288.7821028,0.0,1.0,-41.0
1776886288.7921028,2.0,0.0,-46.0
1776886288.8021028,2.0,0.0,-49.0
1776886288.8121028,3.0,-1.0,-47.0
1776886288.8221028,0.0,-4.0,-49.0
1776886288.8321028,0.0,-5.0,-50.0
1776886288.8421028,1.0,-3.0,-45.0
1776886288.8521028,5.0,-1.0,-40.0
1776886288.8621027,6.0,-1.0,-39.0
1776886288.8721027,3.0,-3.0,-40.0
1776886288.8821027,0.0,-1.0,-35.0
1776886288.8921027,-2.0,-1.0,-37.0
1776886288.9021027,-1.0,0.0,-36.0
1776886288.9121027,-6.0,-2.0,-38.0
1776886288.9221027,-3.0,-8.0,-37.0
1776886288.932103,-6.0,-8.0,-35.0
1776886288.942103,-6.0,-8.0,-34.0
1776886288.952103,-4.0,-5.0,-34.0
1776886288.962103,-5.0,-3.0,-34.0
1776886288.9721026,-5.0,-3.0,-36.0
1776886288.9821026,-9.0,-4.0,-33.0
1776886288.9921026,-9.0,-2.0,-37.0
1776886289.0021029,-5.0,-3.0,-36.0
1776886289.0121028,-3.0,-5.0,-31.0
1776886289.0221028,-1.0,-4.0,-30.0
1776886289.0321028,1.0,0.0,-31.0
1776886289.0421028,2.0,1.0,-38.0
1776886289.0521028,2.0,0.0,-39.0
1776886289.0621028,3.0,1.0,-43.0
1776886289.0721028,2.0,-1.0,-41.0
1776886289.0821028,2.0,-8.0,-42.0
1776886289.0921028,1.0,-6.0,-46.0
1776886289.1021028,-1.0,-6.0,-46.0
1776886289.1121027,0.0,-8.0,-45.0
1776886289.1221027,4.0,-2.0,-42.0
1776886289.1321027,3.0,1.0,-44.0
1776886289.1421027,4.0,-2.0,-50.0
1776886289.1521027,1.0,-3.0,-51.0
1776886289.1621027,1.0,-1.0,-50.0
1776886289.1721027,2.0,1.0,-52.0
1776886289.182103,1.0,2.0,-50.0
1776886289.192103,1.0,5.0,-45.0
1776886289.202103,3.0,8.0,-38.0
1776886289.212103,3.0,5.0,-36.0
1776886289.2221026,4.0,4.0,-30.0
1776886289.2321026,6.0,1.0,-33.0
1776886289.2421026,6.0,0.0,-39.0
1776886289.2521029,5.0,-5.0,-43.0
1776886289.2621028,0.0,-6.0,-42.0
1776886289.2721028,-1.0,-2.0,-41.0
1776886289.2821028,0.0,0.0,-37.0
1776886289.2921028,0.0,2.0,-41.0
1776886289.3021028,0.0,4.0,-35.0
1776886289.3121028,1.0,3.0,-33.0
1776886289.3221028,-1.0,4.0,-29.0
1776886289.3321028,0.0,1.0,-31.0
1776886289.3421028,1.0,0.0,-29.0
1776886289.3521028,3.0,-1.0,-33.0
1776886289.3621027,0.0,-1.0,-39.0
1776886289.3721027,2.0,-3.0,-37.0
1776886289.3821027,1.0,-4.0,-35.0
1776886289.3921027,0.0,-2.0,-39.0
1776886289.4021027,-4.0,-4.0,-42.0
1776886289.4121027,-3.0,-4.0,-46.0
1776886289.4221027,2.0,-3.0,-42.0
1776886289.432103,0.0,-6.0,-43.0
1776886289.442103,2.0,-1.0,-39.0
1776886289.452103,1.0,-1.0,-43.0
1776886289.462103,0.0,1.0,-45.0
1776886289.4721026,3.0,-3.0,-44.0
1776886289.4821026,2.0,0.0,-41.0
1776886289.4921026,2.0,0.0,-42.0
1776886289.5021029,0.0,-3.0,-47.0
1776886289.5121028,0.0,-2.0,-41.0
1776886289.5221028,2.0,-1.0,-45.0
1776886289.5321028,2.0,-3.0,-42.0
1776886289.5421028,2.0,-1.0,-42.0
1776886289.5521028,0.0,0.0,-39.0
1776886289.5621028,-1.0,0.0,-40.0
1776886289.5721028,-6.0,0.0,-37.0
1776886289.5821028,-2.0,0.0,-39.0
1776886289.5921028,-4.0,-4.0,-42.0
1776886289.6031027,0.0,-3.0,-37.0
1776886289.6121027,-4.0,-4.0,-30.0
1776886289.6221027,-3.0,-3.0,-33.0
1776886289.633103,-6.0,-1.0,-30.0
1776886289.6431026,-3.0,1.0,-31.0
1776886289.6521027,-6.0,2.0,-33.0
1776886289.6631026,-5.0,1.0,-29.0
1776886289.6721027,-5.0,0.0,-34.0
1776886289.6831028,-3.0,0.0,-37.0
1776886289.6931028,0.0,-2.0,-34.0
1776886289.7031028,2.0,0.0,-35.0
1776886289.7131028,3.0,-4.0,-33.0
1776886289.7231028,3.0,-9.0,-39.0
1776886289.7331028,1.0,-7.0,-41.0
1776886289.7431028,-4.0,-8.0,-43.0
1776886289.7531028,0.0,-7.0,-36.0
1776886289.7631028,0.0,-8.0,-35.0
1776886289.7731028,-4.0,-4.0,-34.0
1776886289.7831028,-4.0,-5.0,-33.0
1776886289.7931027,-6.0,-8.0,-40.0
1776886289.8031027,-1.0,0.0,-38.0
1776886289.8131027,0.0,3.0,-30.0
1776886289.8231027,-1.0,0.0,-40.0
1776886289.8331027,-4.0,0.0,-37.0
1776886289.8431027,-3.0,-1.0,-36.0
1776886289.8531027,-5.0,2.0,-39.0
1776886289.863103,-6.0,2.0,-37.0
1776886289.873103,-5.0,3.0,-31.0
1776886289.883103,-2.0,7.0,-39.0
1776886289.8931026,-2.0,4.0,-40.0
1776886289.9031026,-1.0,4.0,-38.0
1776886289.9131026,0.0,0.0,-39.0
1776886289.9231029,0.0,2.0,-42.0
1776886289.9331028,0.0,6.0,-45.0
1776886289.9431028,5.0,5.0,-49.0
1776886289.9531028,3.0,0.0,-49.0
1776886289.9631028,2.0,0.0,-47.0
1776886289.9731028,0.0,0.0,-43.0
1776886289.9831028,2.0,-1.0,-38.0
1776886289.9931028,1.0,-4.0,-35.0
1776886290.0031028,4.0,-3.0,-38.0
1776886290.0131028,0.0,-1.0,-39.0
1776886290.0231028,0.0,-2.0,-41.0
1776886290.0331028,2.0,-1.0,-38.0
1776886290.0431027,3.0,0.0,-33.0
1776886290.0531027,3.0,0.0,-37.0
1776886290.0631027,3.0,0.0,-41.0
1776886290.0731027,4.0,-1.0,-44.0
1776886290.0831027,2.0,0.0,-45.0
1776886290.0931027,0.0,1.0,-41.0
1776886290.1031027,-5.0,4.0,-36.0
1776886290.113103,-6.0,4.0,-32.0
1776886290.123103,0.0,4.0,-37.0
1776886290.133103,0.0,1.0,-38.0
1776886290.1431026,-2.0,1.0,-43.0
1776886290.1531026,0.0,0.0,-42.0
1776886290.1631026,3.0,1.0,-38.0
1776886290.1731029,0.0,3.0,-41.0
1776886290.1831028,-1.0,5.0,-48.0
1776886290.1931028,0.0,4.0,-43.0
1776886290.2031028,-4.0,6.0,-44.0
1776886290.2131028,-5.0,4.0,-46.0
1776886290.2231028,-8.0,0.0,-44.0
1776886290.2331028,-6.0,0.0,-37.0
1776886290.2431028,1.0,0.0,-30.0
1776886290.2531028,3.0,1.0,-32.0
1776886290.2631028,6.0,0.0,-28.0
1776886290.2731028,7.0,0.0,-31.0
1776886290.2831028,7.0,-4.0,-30.0
1776886290.2931027,4.0,-4.0,-27.0
1776886290.3031027,6.0,-4.0,-28.0
1776886290.3131027,2.0,-5.0,-35.0
1776886290.3231027,-1.0,-7.0,-34.0
1776886290.3331027,3.0,-2.0,-36.0
1776886290.3431027,2.0,0.0,-30.0
1776886290.3531027,0.0,0.0,-36.0
1776886290.363103,-6.0,3.0,-31.0
1776886290.373103,-7.0,0.0,-37.0
1776886290.383103,-2.0,-4.0,-37.0
1776886290.3931026,-7.0,-3.0,-33.0
1776886290.4031026,-3.0,-3.0,-36.0
1776886290.4131026,-5.0,-2.0,-40.0
1776886290.4231029,-4.0,-2.0,-38.0
1776886290.4331028,-3.0,-1.0,-35.0
1776886290.4431028,-1.0,0.0,-33.0
1776886290.4531028,-1.0,1.0,-33.0
1776886290.4631028,1.0,1.0,-31.0
1776886290.4731028,0.0,1.0,-37.0
1776886290.4831028,1.0,-2.0,-35.0
1776886290.4931028,2.0,-5.0,-32.0
1776886290.5031028,6.0,-3.0,-35.0
1776886290.5131028,8.0,-2.0,-42.0
1776886290.5231028,3.0,-7.0,-44.0
1776886290.5331028,2.0,-1.0,-42.0
1776886290.5431027,1.0,-4.0,-38.0
1776886290.5531027,-2.0,-6.0,-44.0
1776886290.5631027,3.0,-6.0,-43.0
1776886290.5731027,-3.0,-2.0,-37.0
1776886290.5831027,0.0,-1.0,-34.0
1776886290.5931027,2.0,0.0,-35.0
1776886290.6031027,0.0,-2.0,-37.0
1776886290.613103,-1.0,-5.0,-44.0
1776886290.623103,-2.0,-7.0,-44.0
1776886290.633103,0.0,-4.0,-40.0
1776886290.6431026,-4.0,-4.0,-42.0
1776886290.6531026,-7.0,-7.0,-42.0
1776886290.6631026,-2.0,-8.0,-51.0
1776886290.6731029,-5.0,-4.0,-51.0
1776886290.6831028,-3.0,-1.0,-46.0
1776886290.6931028,0.0,2.0,-44.0
1776886290.7031028,0.0,3.0,-33.0
1776886290.7131028,0.0,3.0,-30.0
1776886290.7231028,1.0,3.0,-24.0
1776886290.7331028,4.0,0.0,-27.0
1776886290.7431028,3.0,-1.0,-25.0
1776886290.7531028,6.0,2.0,-23.0
1776886290.7631028,8.0,-2.0,-27.0
1776886290.7731028,4.0,0.0,-28.0
1776886290.7831028,0.0,-6.0,-35.0
1776886290.7931027,0.0,-6.0,-41.0
1776886290.8031027,-1.0,-4.0,-42.0
1776886290.8131027,0.0,-2.0,-50.0
1776886290.8231027,1.0,-3.0,-48.0
1776886290.8331027,1.0,-7.0,-49.0
1776886290.8431027,-2.0,-6.0,-45.0
1776886290.8531027,-3.0,-7.0,-37.0
1776886290.863103,2.0,-5.0,-32.0
1776886290.873103,0.0,0.0,-29.0
1776886290.883103,1.0,3.0,-30.0
1776886290.8931026,0.0,0.0,-30.0
1776886290.9031026,3.0,-1.0,-35.0
1776886290.9131026,4.0,0.0,-35.0
1776886290.9231029,3.0,2.0,-34.0
1776886290.9331028,7.0,-4.0,-35.0
1776886290.9431028,9.0,-2.0,-35.0
1776886290.9531028,5.0,-5.0,-31.0
1776886290.9631028,1.0,-5.0,-24.0
1776886290.9731028,0.0,-3.0,-23.0
1776886290.9831028,0.0,-3.0,-24.0
1776886290.9931028,0.0,-3.0,-26.0
1776886291.0031028,3.0,1.0,-35.0
1776886291.0131028,1.0,-2.0,-37.0
1776886291.0231028,-3.0,-5.0,-37.0
1776886291.0331028,-3.0,-8.0,-39.0
1776886291.0431027,-3.0,-6.0,-41.0
1776886291.0531027,1.0,-1.0,-47.0
1776886291.0631027,0.0,0.0,-50.0
1776886291.0731027,3.0,3.0,-48.0
1776886291.0831027,0.0,-3.0,-41.0
1776886291.0931027,-2.0,-2.0,-39.0
1776886291.1031027,-1.0,1.0,-47.0
1776886291.113103,-4.0,0.0,-45.0
1776886291.123103,-1.0,-4.0,-41.0
1776886291.133103,0.0,1.0,-41.0
1776886291.1431026,1.0,5.0,-37.0
1776886291.1531026,3.0,4.0,-37.0
1776886291.1631026,0.0,1.0,-46.0
1776886291.1731029,3.0,2.0,-51.0
1776886291.1831028,2.0,1.0,-52.0
1776886291.1931028,6.0,0.0,-53.0
1776886291.2031028,5.0,6.0,-56.0
1776886291.2131028,8.0,3.0,-61.0
1776886291.2231028,9.0,5.0,-57.0
1776886291.2331028,7.0,5.0,-51.0
1776886291.2431028,8.0,3.0,-43.0
1776886291.2531028,4.0,0.0,-39.0
1776886291.2631028,1.0,-2.0,-35.0
1776886291.2731028,0.0,-1.0,-30.0
1776886291.2831028,-2.0,2.0,-27.0
1776886291.2931027,-2.0,2.0,-33.0
1776886291.3031027,0.0,4.0,-38.0
1776886291.3131027,1.0,0.0,-38.0
1776886291.3231027,4.0,-1.0,-34.0
1776886291.3331027,7.0,0.0,-39.0
1776886291.3431027,0.0,-1.0,-38.0
1776886291.3531027,-5.0,-3.0,-40.0
1776886291.363103,-7.0,-2.0,-38.0
1776886291.373103,-9.0,-1.0,-35.0
1776886291.383103,-10.0,0.0,-32.0
1776886291.3931026,-8.0,1.0,-32.0
1776886291.4031026,-5.0,1.0,-31.0
1776886291.4131026,-3.0,3.0,-36.0
1776886291.4231029,-1.0,7.0,-39.0
1776886291.4331028,0.0,5.0,-38.0
1776886291.4431028,3.0,3.0,-40.0
1776886291.4531028,6.0,0.0,-43.0
1776886291.4631028,3.0,-1.0,-45.0
1776886291.4731028,0.0,-2.0,-37.0
1776886291.4831028,-4.0,-1.0,-34.0
1776886291.4931028,-1.0,0.0,-31.0
1776886291.5031028,-2.0,1.0,-39.0
1776886291.5131028,0.0,2.0,-37.0
1776886291.5231028,0.0,2.0,-39.0
1776886291.5331028,0.0,0.0,-36.0
1776886291.5431027,1.0,2.0,-44.0
1776886291.5531027,8.0,0.0,-56.0
1776886291.5631027,12.0,-6.0,-53.0
1776886291.5731027,6.0,-11.0,-47.0
1776886291.5831027,1.0,-6.0,-48.0
1776886291.5931027,6.0,-6.0,-51.0
1776886291.6031027,3.0,-4.0,-44.0
1776886291.613103,0.0,-3.0,-37.0
1776886291.623103,0.0,-3.0,-37.0
1776886291.633103,1.0,-4.0,-42.0
1776886291.6441028,7.0,-5.0,-42.0
1776886291.6541028,6.0,-4.0,-45.0
1776886291.6641028,1.0,0.0,-43.0
1776886291.6741028,2.0,-2.0,-46.0
1776886291.6841028,1.0,-2.0,-46.0
1776886291.6941028,0.0,-3.0,-48.0
1776886291.7041028,0.0,-7.0,-47.0
1776886291.7141027,2.0,-5.0,-42.0
1776886291.7241027,3.0,-6.0,-39.0
1776886291.7341027,6.0,-9.0,-42.0
1776886291.7441027,9.0,-5.0,-36.0
1776886291.7541027,6.0,-8.0,-40.0
1776886291.7641027,4.0,-9.0,-39.0
1776886291.7741027,5.0,-7.0,-46.0
1776886291.784103,4.0,-3.0,-45.0
1776886291.794103,1.0,-1.0,-40.0
1776886291.804103,5.0,-2.0,-34.0
1776886291.8141026,4.0,-2.0,-28.0
1776886291.8241026,2.0,-5.0,-25.0
1776886291.8341026,-4.0,-1.0,-27.0
1776886291.8441026,-2.0,-4.0,-26.0
1776886291.8541028,1.0,-3.0,-27.0
1776886291.8641028,1.0,-4.0,-24.0
1776886291.8741028,3.0,0.0,-27.0
1776886291.8841028,3.0,-1.0,-32.0
1776886291.8941028,7.0,0.0,-30.0
1776886291.9041028,8.0,2.0,-30.0
1776886291.9141028,7.0,0.0,-35.0
1776886291.9241028,4.0,4.0,-32.0
1776886291.9341028,0.0,0.0,-32.0
1776886291.9441028,2.0,-4.0,-32.0
1776886291.9541028,2.0,-4.0,-32.0
1776886291.9641027,3.0,-1.0,-32.0
1776886291.9741027,9.0,-1.0,-35.0
1776886291.9841027,8.0,0.0,-41.0
1776886291.9941027,7.0,0.0,-38.0
1776886292.0041027,7.0,-2.0,-35.0
1776886292.0141027,7.0,-5.0,-33.0
1776886292.0241027,9.0,-6.0,-40.0
1776886292.034103,10.0,-7.0,-41.0
1776886292.044103,4.0,-3.0,-41.0
1776886292.054103,0.0,-2.0,-46.0
1776886292.0641026,-1.0,0.0,-39.0
1776886292.0741026,1.0,0.0,-36.0
1776886292.0841026,4.0,-1.0,-38.0
1776886292.0941026,2.0,0.0,-43.0
1776886292.1041028,5.0,0.0,-40.0
1776886292.1141028,2.0,0.0,-36.0
1776886292.1241028,3.0,-2.0,-34.0
1776886292.1341028,0.0,-1.0,-39.0
1776886292.1441028,0.0,0.0,-43.0
1776886292.1541028,-3.0,0.0,-34.0
1776886292.1641028,-1.0,-1.0,-37.0
1776886292.1741028,0.0,0.0,-34.0
1776886292.1841028,-5.0,2.0,-41.0
1776886292.1941028,-6.0,3.0,-36.0
1776886292.2041028,-8.0,1.0,-37.0
1776886292.2141027,-7.0,1.0,-36.0
1776886292.2241027,-4.0,-3.0,-35.0
1776886292.2341027,-5.0,-3.0,-37.0
1776886292.2441027,-7.0,-2.0,-40.0
1776886292.2541027,-4.0,-3.0,-39.0
1776886292.2641027,-8.0,-4.0,-43.0
1776886292.2741027,-11.0,-3.0,-42.0
1776886292.284103,-8.0,-4.0,-41.0
1776886292.294103,-8.0,-9.0,-41.0
1776886292.304103,-8.0,-7.0,-42.0
1776886292.3141026,-7.0,-8.0,-45.0
1776886292.3241026,-9.0,-10.0,-42.0
1776886292.3341026,-6.0,-10.0,-39.0
1776886292.3441026,-2.0,-8.0,-40.0
1776886292.3541028,-2.0,-7.0,-36.0
1776886292.3641028,-3.0,-5.0,-38.0
1776886292.3741028,-7.0,-2.0,-30.0
1776886292.3841028,-3.0,-3.0,-31.0
1776886292.3951027,-6.0,-4.0,-30.0
1776886292.4041028,-2.0,0.0,-31.0
1776886292.4141028,-5.0,3.0,-39.0
1776886292.4241028,-3.0,3.0,-34.0
1776886292.4341028,0.0,0.0,-38.0
1776886292.4441028,0.0,0.0,-39.0
1776886292.4541028,6.0,-1.0,-36.0
1776886292.4641027,5.0,-1.0,-41.0
1776886292.4741027,9.0,-1.0,-37.0
1776886292.4841027,9.0,-1.0,-37.0
1776886292.4941027,7.0,2.0,-40.0
1776886292.5041027,4.0,0.0,-36.0
1776886292.5141027,3.0,-3.0,-35.0
1776886292.5241027,1.0,2.0,-33.0
1776886292.534103,0.0,0.0,-32.0
1776886292.544103,6.0,0.0,-35.0
1776886292.554103,5.0,0.0,-29.0
1776886292.5641026,3.0,-1.0,-31.0
1776886292.5741026,-4.0,-3.0,-27.0
1776886292.5841026,-3.0,-4.0,-32.0
1776886292.5941026,0.0,-1.0,-35.0
1776886292.6041028,1.0,-2.0,-35.0
1776886292.6141028,1.0,0.0,-29.0
1776886292.6241028,3.0,-1.0,-30.0
1776886292.6341028,5.0,0.0,-34.0
1776886292.6441028,8.0,1.0,-39.0
1776886292.6541028,11.0,1.0,-38.0
1776886292.6641028,12.0,-6.0,-32.0
1776886292.6741028,9.0,-8.0,-28.0
1776886292.6841028,11.0,-8.0,-25.0
1776886292.6941028,9.0,-6.0,-28.0
1776886292.7041028,6.0,-3.0,-33.0
1776886292.7141027,5.0,-6.0,-33.0
1776886292.7241027,1.0,-5.0,-30.0
1776886292.7341027,0.0,-1.0,-36.0
1776886292.7441027,-3.0,-7.0,-38.0
1776886292.7541027,0.0,-6.0,-39.0
1776886292.7641027,1.0,-5.0,-42.0
1776886292.7741027,3.0,-6.0,-44.0
1776886292.784103,3.0,-6.0,-45.0
1776886292.794103,1.0,-5.0,-45.0
1776886292.804103,2.0,2.0,-42.0
1776886292.8141026,2.0,-1.0,-41.0
1776886292.8241026,1.0,0.0,-43.0
1776886292.8341026,-2.0,1.0,-47.0
1776886292.8441026,-3.0,-1.0,-43.0
1776886292.8541028,0.0,-3.0,-36.0
1776886292.8641028,3.0,-2.0,-31.0
1776886292.8741028,5.0,-2.0,-32.0
1776886292.8841028,6.0,-4.0,-34.0
1776886292.8941028,6.0,-3.0,-36.0
1776886292.9041028,7.0,-4.0,-39.0
1776886292.9141028,4.0,-3.0,-45.0
1776886292.9241028,4.0,0.0,-43.0
1776886292.9341028,1.0,0.0,-37.0
1776886292.9441028,-2.0,-3.0,-32.0
1776886292.9541028,-5.0,0.0,-27.0
1776886292.9641027,-2.0,-1.0,-33.0
1776886292.9741027,0.0,-5.0,-33.0
1776886292.9841027,-1.0,-2.0,-39.0
1776886292.9941027,-6.0,1.0,-34.0
1776886293.0041027,-8.0,2.0,-34.0
1776886293.0141027,-4.0,3.0,-27.0
1776886293.0241027,-1.0,0.0,-34.0
1776886293.034103,1.0,0.0,-40.0
1776886293.044103,0.0,3.0,-45.0
1776886293.054103,0.0,1.0,-45.0
1776886293.0641026,-2.0,0.0,-42.0
1776886293.0741026,-4.0,1.0,-35.0
1776886293.0841026,-1.0,0.0,-36.0
1776886293.0941026,6.0,-1.0,-36.0
1776886293.1041028,3.0,0.0,-38.0
1776886293.1141028,4.0,1.0,-48.0
1776886293.1241028,6.0,-1.0,-43.0
1776886293.1341028,5.0,-1.0,-38.0
1776886293.1441028,7.0,-1.0,-39.0
1776886293.1541028,5.0,-2.0,-47.0
1776886293.1641028,6.0,-2.0,-45.0
1776886293.1741028,4.0,-2.0,-42.0
1776886293.1841028,0.0,-2.0,-40.0
1776886293.1941028,-1.0,-4.0,-41.0
1776886293.2041028,1.0,-3.0,-42.0
1776886293.2141027,-2.0,-3.0,-47.0
1776886293.2241027,-5.0,-4.0,-46.0
1776886293.2341027,-5.0,-2.0,-49.0
1776886293.2441027,0.0,0.0,-47.0
1776886293.2541027,0.0,0.0,-44.0
1776886293.2641027,-1.0,2.0,-40.0
1776886293.2741027,0.0,3.0,-43.0
1776886293.284103,0.0,4.0,-41.0
1776886293.294103,0.0,1.0,-40.0
1776886293.304103,2.0,2.0,-37.0
1776886293.3141026,4.0,1.0,-37.0
1776886293.3241026,2.0,1.0,-39.0
1776886293.3341026,1.0,0.0,-41.0
1776886293.3441026,0.0,1.0,-42.0
1776886293.3541028,0.0,2.0,-40.0
1776886293.3641028,-3.0,2.0,-36.0
1776886293.3741028,-3.0,0.0,-35.0
1776886293.3841028,1.0,0.0,-41.0
1776886293.3941028,0.0,-3.0,-39.0
1776886293.4041028,-3.0,0.0,-47.0
1776886293.4141028,-5.0,2.0,-49.0
1776886293.4241028,-6.0,0.0,-47.0
1776886293.4341028,-1.0,-1.0,-47.0
1776886293.4441028,-4.0,-2.0,-45.0
1776886293.4541028,-4.0,-3.0,-52.0
1776886293.4641027,-1.0,-5.0,-50.0
1776886293.4741027,1.0,-4.0,-46.0
1776886293.4841027,-3.0,-5.0,-43.0
1776886293.4941027,-2.0,-4.0,-43.0
1776886293.5041027,3.0,-3.0,-45.0
1776886293.5141027,6.0,-2.0,-44.0
1776886293.5241027,6.0,-2.0,-39.0
1776886293.534103,5.0,-4.0,-38.0
1776886293.544103,0.0,-4.0,-41.0
1776886293.554103,-1.0,-4.0,-45.0
1776886293.5641026,-3.0,-5.0,-45.0
1776886293.5741026,-1.0,-5.0,-42.0
1776886293.5841026,2.0,-1.0,-52.0
1776886293.5941026,2.0,-1.0,-52.0
1776886293.6041028,7.0,-2.0,-44.0
1776886293.6141028,6.0,-5.0,-39.0
1776886293.6241028,7.0,-7.0,-39.0
1776886293.6341028,7.0,-8.0,-39.0
1776886293.6451027,5.0,-6.0,-38.0
1776886293.6551027,11.0,-6.0,-42.0
1776886293.6651027,5.0,-8.0,-35.0
1776886293.6751027,2.0,-6.0,-37.0
1776886293.6851027,-4.0,-5.0,-39.0
1776886293.6951027,-5.0,-8.0,-41.0
1776886293.7051027,-4.0,-6.0,-44.0
1776886293.715103,0.0,-10.0,-42.0
1776886293.725103,0.0,-8.0,-41.0
1776886293.735103,1.0,-6.0,-44.0
1776886293.7451026,6.0,-3.0,-44.0
1776886293.7551026,4.0,-1.0,-46.0
1776886293.7651026,4.0,5.0,-51.0
1776886293.7751029,3.0,2.0,-49.0
1776886293.7851028,-2.0,2.0,-40.0
1776886293.7951028,-3.0,4.0,-35.0
1776886293.8051028,0.0,1.0,-30.0
1776886293.8151028,1.0,0.0,-34.0
1776886293.8251028,2.0,0.0,-36.0
1776886293.8351028,4.0,1.0,-39.0
1776886293.8451028,-2.0,0.0,-47.0
1776886293.8551028,-3.0,0.0,-45.0
1776886293.8651028,-1.0,-3.0,-44.0
1776886293.8751028,0.0,-3.0,-50.0
1776886293.8851027,-1.0,-3.0,-46.0
1776886293.8951027,0.0,-3.0,-42.0
1776886293.9051027,2.0,-2.0,-38.0
1776886293.9151027,0.0,-4.0,-38.0
1776886293.9251027,2.0,-4.0,-40.0
1776886293.9351027,4.0,-5.0,-45.0
1776886293.9451027,-1.0,-2.0,-41.0
1776886293.9551027,-4.0,-1.0,-40.0
1776886293.965103,-8.0,-3.0,-42.0
1776886293.975103,-3.0,-2.0,-40.0
1776886293.985103,-1.0,0.0,-44.0
1776886293.9951026,-2.0,-4.0,-42.0
1776886294.0051026,-6.0,-2.0,-42.0
1776886294.0151026,-3.0,-1.0,-39.0
1776886294.0251029,-3.0,0.0,-37.0
1776886294.0351028,-2.0,1.0,-35.0
1776886294.0451028,-4.0,1.0,-39.0
1776886294.0551028,-3.0,-3.0,-32.0
1776886294.0651028,-2.0,-6.0,-31.0
1776886294.0751028,-2.0,-4.0,-36.0
1776886294.0851028,-2.0,0.0,-34.0
1776886294.0951028,-7.0,4.0,-34.0
1776886294.1051028,-7.0,8.0,-30.0
1776886294.1151028,-1.0,3.0,-33.0
1776886294.1251028,-3.0,5.0,-34.0
1776886294.1351027,-1.0,6.0,-30.0
1776886294.1451027,-3.0,4.0,-29.0
1776886294.1551027,-3.0,8.0,-34.0
1776886294.1651027,-1.0,6.0,-37.0
1776886294.1751027,0.0,8.0,-41.0
1776886294.1851027,-4.0,8.0,-40.0
1776886294.1951027,-6.0,3.0,-43.0
1776886294.2051027,-5.0,3.0,-45.0
1776886294.215103,-5.0,7.0,-50.0
1776886294.225103,-2.0,10.0,-44.0
1776886294.235103,-5.0,9.0,-41.0
1776886294.2451026,-9.0,6.0,-33.0
1776886294.2551026,-9.0,3.0,-36.0
1776886294.2651026,-7.0,1.0,-36.0
1776886294.2751029,-4.0,-4.0,-41.0
1776886294.2851028,2.0,-10.0,-42.0
1776886294.2951028,-1.0,-8.0,-40.0
1776886294.3051028,0.0,-6.0,-42.0
1776886294.3151028,1.0,0.0,-42.0
1776886294.3251028,5.0,-1.0,-46.0
1776886294.3351028,3.0,0.0,-46.0
1776886294.3451028,2.0,-1.0,-44.0
1776886294.3551028,3.0,1.0,-47.0
1776886294.3651028,4.0,-1.0,-38.0
1776886294.3751028,5.0,0.0,-38.0
1776886294.3851027,3.0,0.0,-43.0
1776886294.3951027,4.0,0.0,-44.0
1776886294.4051027,4.0,-3.0,-41.0
1776886294.4151027,4.0,0.0,-35.0
1776886294.4251027,5.0,-3.0,-36.0
1776886294.4351027,3.0,-2.0,-33.0
1776886294.4451027,-1.0,0.0,-27.0
1776886294.4551027,0.0,0.0,-24.0
1776886294.465103,-1.0,1.0,-19.0
1776886294.475103,1.0,5.0,-21.0
1776886294.485103,-1.0,0.0,-36.0
1776886294.4951026,-1.0,2.0,-44.0
1776886294.5051026,0.0,2.0,-48.0
1776886294.5151026,2.0,2.0,-47.0
1776886294.5251029,-3.0,3.0,-50.0
1776886294.5351028,-4.0,0.0,-47.0
1776886294.5451028,-4.0,0.0,-47.0
1776886294.5551028,0.0,0.0,-46.0
1776886294.5651028,4.0,-2.0,-50.0
1776886294.5751028,4.0,-2.0,-46.0
1776886294.5851028,3.0,0.0,-46.0
1776886294.5951028,3.0,0.0,-46.0
1776886294.6051028,0.0,0.0,-45.0
1776886294.6151028,3.0,-3.0,-46.0
1776886294.6251028,5.0,2.0,-50.0
1776886294.6351027,5.0,0.0,-54.0
1776886294.6451027,3.0,-5.0,-54.0
1776886294.6551027,2.0,-8.0,-46.0
1776886294.6651027,-2.0,-6.0,-46.0
1776886294.6751027,-6.0,-6.0,-50.0
1776886294.6851027,-7.0,-4.0,-56.0
1776886294.6951027,-7.0,-1.0,-55.0
1776886294.7051027,-3.0,3.0,-51.0
1776886294.715103,-1.0,0.0,-50.0
1776886294.725103,-2.0,0.0,-46.0
1776886294.735103,-4.0,-2.0,-41.0
1776886294.7451026,-7.0,-5.0,-43.0
1776886294.7551026,-2.0,-6.0,-47.0
1776886294.7651026,0.0,-8.0,-49.0
1776886294.7751029,-2.0,-6.0,-49.0
1776886294.7851028,0.0,-4.0,-50.0
1776886294.7951028,2.0,-1.0,-49.0
1776886294.8051028,0.0,-5.0,-42.0
1776886294.8151028,0.0,-5.0,-40.0
1776886294.8251028,0.0,-3.0,-44.0
1776886294.8351028,0.0,-1.0,-39.0
1776886294.8451028,1.0,1.0,-37.0
1776886294.8551028,1.0,2.0,-45.0
1776886294.8651028,0.0,3.0,-44.0
1776886294.8751028,1.0,0.0,-46.0
1776886294.8851027,0.0,-5.0,-47.0
1776886294.8951027,0.0,-2.0,-44.0
1776886294.9051027,-2.0,-2.0,-43.0
1776886294.9151027,-4.0,1.0,-40.0
1776886294.9251027,0.0,2.0,-34.0
1776886294.9351027,5.0,4.0,-34.0
1776886294.9451027,6.0,0.0,-33.0
1776886294.9551027,4.0,0.0,-37.0
1776886294.965103,-1.0,-5.0,-37.0
1776886294.975103,-6.0,-7.0,-41.0
1776886294.985103,-5.0,-9.0,-38.0
1776886294.9951026,-4.0,-8.0,-42.0
1776886295.0051026,-5.0,-2.0,-41.0
1776886295.0151026,-5.0,-2.0,-46.0
1776886295.0251029,-2.0,-4.0,-43.0
1776886295.0351028,-3.0,-4.0,-44.0
1776886295.0451028,-3.0,-7.0,-47.0
1776886295.0551028,-4.0,-8.0,-42.0
1776886295.0651028,-8.0,-8.0,-41.0
1776886295.0751028,-9.0,-4.0,-40.0
1776886295.0851028,-7.0,-5.0,-45.0
1776886295.0951028,-4.0,-4.0,-42.0
1776886295.1051028,-4.0,-3.0,-31.0
1776886295.1151028,1.0,-1.0,-30.0
1776886295.1251028,1.0,3.0,-33.0
1776886295.1351027,0.0,3.0,-40.0
1776886295.1451027,6.0,2.0,-46.0
1776886295.1551027,4.0,0.0,-41.0
1776886295.1651027,7.0,1.0,-41.0
1776886295.1751027,6.0,0.0,-44.0
1776886295.1851027,4.0,-1.0,-45.0
1776886295.1951027,5.0,-2.0,-45.0
1776886295.2051027,0.0,0.0,-39.0
1776886295.215103,0.0,0.0,-45.0
1776886295.225103,-2.0,0.0,-42.0
1776886295.235103,-3.0,0.0,-44.0
1776886295.2451026,-5.0,-1.0,-43.0
1776886295.2551026,-3.0,-1.0,-37.0
1776886295.2651026,-10.0,2.0,-26.0
1776886295.2751029,-9.0,9.0,-31.0
1776886295.2851028,-6.0,9.0,-33.0
1776886295.2951028,-5.0,9.0,-29.0
1776886295.3051028,-3.0,6.0,-32.0
1776886295.3151028,0.0,1.0,-32.0
1776886295.3251028,3.0,3.0,-28.0
1776886295.3351028,1.0,3.0,-28.0
1776886295.3451028,-2.0,3.0,-28.0
1776886295.3551028,-1.0,1.0,-32.0
1776886295.3651028,0.0,2.0,-28.0
1776886295.3751028,3.0,4.0,-28.0
1776886295.3851027,1.0,0.0,-38.0
1776886295.3951027,0.0,3.0,-45.0
1776886295.4051027,0.0,4.0,-44.0
1776886295.4151027,-2.0,6.0,-43.0
1776886295.4251027,-4.0,8.0,-44.0
1776886295.4351027,-5.0,9.0,-45.0
1776886295.4451027,-13.0,5.0,-42.0
1776886295.4551027,-10.0,0.0,-42.0
1776886295.465103,-2.0,0.0,-47.0
1776886295.475103,-3.0,0.0,-48.0
1776886295.485103,-3.0,2.0,-44.0
1776886295.4951026,-2.0,0.0,-44.0
1776886295.5051026,-1.0,0.0,-38.0
1776886295.5151026,-2.0,-2.0,-37.0
1776886295.5251029,-7.0,0.0,-38.0
1776886295.5351028,0.0,0.0,-38.0
1776886295.5451028,2.0,-3.0,-41.0
1776886295.5551028,2.0,-1.0,-43.0
1776886295.5651028,4.0,1.0,-40.0
1776886295.5751028,8.0,2.0,-36.0
1776886295.5851028,8.0,5.0,-43.0
1776886295.5951028,1.0,3.0,-48.0
1776886295.6051028,3.0,4.0,-51.0
1776886295.6151028,2.0,6.0,-45.0
1776886295.6261027,0.0,2.0,-45.0
1776886295.6351027,0.0,-2.0,-43.0
1776886295.6451027,1.0,-2.0,-45.0
1776886295.656103,5.0,-3.0,-40.0
1776886295.6661026,4.0,-2.0,-44.0
1776886295.6761026,4.0,-2.0,-42.0
1776886295.6861026,5.0,1.0,-43.0
1776886295.6961029,3.0,-1.0,-44.0
1776886295.7061028,-1.0,0.0,-50.0
1776886295.7161028,-6.0,-1.0,-51.0
1776886295.7261028,-9.0,-2.0,-50.0
1776886295.7361028,-4.0,0.0,-47.0
1776886295.7461028,-4.0,-2.0,-51.0
1776886295.7561028,-5.0,-1.0,-53.0
1776886295.7661028,0.0,-2.0,-45.0
1776886295.7761028,5.0,-3.0,-43.0
1776886295.7861028,10.0,-5.0,-45.0
1776886295.7961028,7.0,-4.0,-45.0
1776886295.8061028,6.0,-4.0,-43.0
1776886295.8161027,1.0,-6.0,-38.0
1776886295.8261027,5.0,-4.0,-41.0
1776886295.8361027,5.0,0.0,-39.0
1776886295.8461027,0.0,4.0,-46.0
1776886295.8561027,-1.0,2.0,-47.0
1776886295.8661027,-7.0,-1.0,-47.0
1776886295.8761027,-6.0,-1.0,-52.0
1776886295.886103,-2.0,-5.0,-52.0
1776886295.896103,-4.0,-3.0,-50.0
1776886295.906103,-7.0,2.0,-48.0
1776886295.9161026,-8.0,5.0,-44.0
1776886295.9261026,-8.0,4.0,-52.0
1776886295.9361026,-2.0,1.0,-55.0
1776886295.9461029,-1.0,0.0,-51.0
1776886295.9561028,1.0,-2.0,-52.0
1776886295.9661028,5.0,-3.0,-51.0
1776886295.9761028,8.0,-1.0,-45.0
1776886295.9861028,6.0,1.0,-45.0
1776886295.9961028,4.0,4.0,-47.0
1776886296.0061028,6.0,3.0,-41.0
1776886296.0161028,6.0,2.0,-36.0
1776886296.0261028,8.0,-2.0,-35.0
1776886296.0361028,13.0,-2.0,-34.0
1776886296.0461028,15.0,0.0,-35.0
1776886296.0561028,12.0,-1.0,-43.0
1776886296.0661027,4.0,-1.0,-42.0
1776886296.0761027,1.0,1.0,-41.0
1776886296.0861027,1.0,0.0,-38.0
1776886296.0961027,-1.0,0.0,-31.0
1776886296.1061027,2.0,-5.0,-28.0
1776886296.1161027,1.0,-7.0,-33.0
1776886296.1261027,-3.0,-5.0,-37.0
1776886296.136103,-3.0,-5.0,-38.0
1776886296.146103,-1.0,-8.0,-50.0
1776886296.156103,1.0,-7.0,-50.0
1776886296.1661026,-3.0,-7.0,-44.0
1776886296.1761026,0.0,-6.0,-44.0
1776886296.1861026,-3.0,-3.0,-43.0
1776886296.1961029,-3.0,-1.0,-44.0
1776886296.2061028,-3.0,-1.0,-37.0
1776886296.2161028,2.0,-1.0,-30.0
1776886296.2261028,1.0,-3.0,-31.0
1776886296.2361028,3.0,-1.0,-33.0
1776886296.2461028,6.0,-1.0,-37.0
1776886296.2561028,9.0,-1.0,-38.0
1776886296.2661028,7.0,-1.0,-38.0
1776886296.2761028,7.0,0.0,-45.0
1776886296.2861028,5.0,0.0,-39.0
1776886296.2961028,3.0,0.0,-40.0
1776886296.3061028,1.0,-1.0,-37.0
1776886296.3161027,1.0,-3.0,-42.0
1776886296.3261027,3.0,-1.0,-40.0
1776886296.3361027,2.0,-4.0,-38.0
1776886296.3461027,5.0,-5.0,-39.0
1776886296.3561027,0.0,-6.0,-37.0
1776886296.3661027,0.0,-3.0,-26.0
1776886296.3761027,2.0,-4.0,-34.0
1776886296.386103,2.0,-4.0,-37.0
1776886296.396103,1.0,-3.0,-43.0
1776886296.406103,0.0,-6.0,-44.0
1776886296.4161026,1.0,-3.0,-38.0
1776886296.4261026,5.0,0.0,-40.0
1776886296.4361026,4.0,-1.0,-38.0
1776886296.4461029,0.0,0.0,-40.0
1776886296.4561028,2.0,5.0,-35.0
1776886296.4661028,4.0,2.0,-40.0
1776886296.4761028,5.0,1.0,-46.0
1776886296.4861028,9.0,0.0,-44.0
1776886296.4961028,5.0,2.0,-35.0
1776886296.5061028,8.0,0.0,-37.0
1776886296.5161028,9.0,-2.0,-39.0
1776886296.5261028,7.0,-4.0,-34.0
1776886296.5361028,3.0,0.0,-39.0
1776886296.5461028,0.0,-2.0,-35.0
1776886296.5561028,-1.0,-1.0,-40.0
1776886296.5661027,1.0,0.0,-40.0
1776886296.5761027,2.0,-5.0,-34.0
1776886296.5861027,0.0,-7.0,-38.0
1776886296.5961027,1.0,-3.0,-38.0
1776886296.6061027,0.0,-2.0,-48.0
1776886296.6161027,0.0,0.0,-50.0
1776886296.6261027,-1.0,-1.0,-52.0
1776886296.636103,1.0,0.0,-42.0
1776886296.646103,4.0,5.0,-41.0
1776886296.656103,2.0,3.0,-41.0
1776886296.6661026,-2.0,1.0,-37.0
1776886296.6761026,-2.0,0.0,-33.0
1776886296.6861026,5.0,0.0,-32.0
1776886296.6961029,9.0,1.0,-34.0
1776886296.7061028,10.0,-1.0,-31.0
1776886296.7161028,12.0,-1.0,-35.0
1776886296.7261028,8.0,-4.0,-33.0
1776886296.7361028,11.0,-4.0,-35.0
1776886296.7461028,8.0,-3.0,-33.0
1776886296.7561028,12.0,-2.0,-34.0
1776886296.7661028,11.0,0.0,-39.0
1776886296.7761028,8.0,-1.0,-38.0
1776886296.7861028,5.0,-4.0,-42.0
1776886296.7961028,6.0,-5.0,-41.0
1776886296.8061028,8.0,-3.0,-48.0
1776886296.8161027,4.0,-1.0,-52.0
1776886296.8261027,0.0,-3.0,-60.0
1776886296.8361027,-3.0,-5.0,-58.0
1776886296.8461027,-2.0,-2.0,-55.0
1776886296.8561027,1.0,-2.0,-48.0
1776886296.8661027,3.0,-2.0,-46.0
1776886296.8761027,0.0,4.0,-35.0
1776886296.886103,-5.0,2.0,-29.0
1776886296.896103,1.0,0.0,-29.0
1776886296.906103,3.0,1.0,-33.0
1776886296.9161026,2.0,0.0,-34.0
1776886296.9261026,6.0,-3.0,-31.0
1776886296.9361026,5.0,-2.0,-37.0
1776886296.9461029,3.0,-2.0,-38.0
1776886296.9561028,-1.0,0.0,-35.0
1776886296.9661028,-9.0,2.0,-32.0
1776886296.9761028,-8.0,2.0,-30.0
1776886296.9861028,-9.0,1.0,-31.0
1776886296.9961028,-9.0,5.0,-32.0
1776886297.0061028,-6.0,2.0,-32.0
1776886297.0161028,-2.0,1.0,-35.0
1776886297.0261028,-2.0,1.0,-35.0
1776886297.0361028,-2.0,0.0,-38.0
1776886297.0461028,-3.0,-5.0,-36.0
1776886297.0561028,0.0,0.0,-40.0
1776886297.0661027,4.0,4.0,-38.0
1776886297.0761027,8.0,4.0,-38.0
1776886297.0861027,7.0,2.0,-38.0
1776886297.0961027,4.0,3.0,-46.0
1776886297.1061027,2.0,4.0,-45.0
1776886297.1161027,3.0,4.0,-49.0
1776886297.1261027,4.0,3.0,-49.0
1776886297.136103,6.0,2.0,-55.0
1776886297.146103,4.0,1.0,-52.0
1776886297.156103,8.0,0.0,-48.0
1776886297.1661026,11.0,1.0,-49.0
1776886297.1761026,8.0,0.0,-43.0
1776886297.1861026,1.0,-2.0,-41.0
1776886297.1961029,1.0,-1.0,-43.0
1776886297.2061028,0.0,-2.0,-42.0
1776886297.2161028,0.0,-1.0,-50.0
1776886297.2261028,-2.0,3.0,-47.0
1776886297.2361028,-1.0,0.0,-43.0
1776886297.2461028,-1.0,0.0,-48.0
1776886297.2561028,-2.0,3.0,-45.0
1776886297.2661028,1.0,0.0,-45.0
1776886297.2761028,0.0,0.0,-45.0
1776886297.2861028,3.0,0.0,-46.0
1776886297.2961028,2.0,1.0,-46.0
1776886297.3061028,1.0,1.0,-43.0
1776886297.3161027,3.0,0.0,-40.0
1776886297.3261027,2.0,5.0,-37.0
1776886297.3361027,1.0,9.0,-33.0
1776886297.3461027,0.0,6.0,-32.0
1776886297.3561027,-3.0,5.0,-36.0
1776886297.3661027,-4.0,7.0,-43.0
1776886297.3761027,-1.0,4.0,-50.0
1776886297.386103,1.0,2.0,-51.0
1776886297.396103,-1.0,0.0,-51.0
1776886297.406103,-2.0,-3.0,-46.0
1776886297.4161026,-2.0,-6.0,-44.0
1776886297.4261026,-2.0,-6.0,-47.0
1776886297.4361026,-3.0,-5.0,-48.0
1776886297.4461029,-6.0,-1.0,-42.0
1776886297.4561028,-11.0,-2.0,-40.0
1776886297.4661028,-9.0,0.0,-39.0
1776886297.4761028,-6.0,3.0,-34.0
1776886297.4861028,-5.0,0.0,-33.0
1776886297.4961028,-4.0,2.0,-39.0
1776886297.5061028,-2.0,1.0,-43.0
1776886297.5161028,0.0,2.0,-39.0
1776886297.5261028,-2.0,-3.0,-36.0
1776886297.5361028,-1.0,-5.0,-39.0
1776886297.5461028,0.0,-5.0,-39.0
1776886297.5561028,4.0,-3.0,-39.0
1776886297.5661027,1.0,-2.0,-37.0
1776886297.5761027,2.0,-4.0,-35.0
1776886297.5861027,0.0,-6.0,-40.0
1776886297.5971026,0.0,-5.0,-41.0
1776886297.6071026,2.0,-5.0,-45.0
1776886297.6171026,2.0,-6.0,-43.0
1776886297.6271029,1.0,-2.0,-48.0
1776886297.636103,3.0,-1.0,-44.0
1776886297.646103,-2.0,0.0,-47.0
1776886297.6571028,0.0,-2.0,-42.0
1776886297.6671028,-1.0,-4.0,-50.0
1776886297.6771028,0.0,-2.0,-46.0
1776886297.6871028,1.0,-2.0,-43.0
1776886297.6971028,2.0,-4.0,-35.0
1776886297.7071028,4.0,-4.0,-34.0
1776886297.7171028,0.0,0.0,-39.0
1776886297.7271028,-2.0,2.0,-37.0
1776886297.7371027,-3.0,3.0,-37.0
1776886297.7471027,0.0,2.0,-33.0
1776886297.7571027,1.0,4.0,-38.0
1776886297.7671027,5.0,3.0,-35.0
1776886297.7771027,4.0,0.0,-32.0
1776886297.7871027,5.0,0.0,-31.0
1776886297.7971027,7.0,2.0,-32.0
1776886297.807103,6.0,1.0,-38.0
1776886297.817103,9.0,3.0,-42.0
1776886297.827103,9.0,1.0,-42.0
1776886297.837103,9.0,1.0,-36.0
1776886297.8471026,5.0,0.0,-34.0
1776886297.8571026,5.0,0.0,-36.0
1776886297.8671026,5.0,3.0,-33.0
1776886297.8771029,5.0,3.0,-36.0
1776886297.8871028,0.0,0.0,-44.0
1776886297.8971028,4.0,0.0,-42.0
1776886297.9071028,5.0,1.0,-43.0
1776886297.9171028,1.0,2.0,-41.0
1776886297.9271028,3.0,0.0,-39.0
1776886297.9371028,6.0,-3.0,-35.0
1776886297.9471028,7.0,-3.0,-34.0
1776886297.9571028,8.0,-6.0,-38.0
1776886297.9671028,7.0,-4.0,-39.0
1776886297.9771028,9.0,-1.0,-46.0
1776886297.9871027,8.0,-3.0,-46.0
1776886297.9971027,7.0,-2.0,-47.0
1776886298.0071027,6.0,0.0,-45.0
1776886298.0171027,7.0,1.0,-47.0
1776886298.0271027,7.0,0.0,-41.0
1776886298.0371027,6.0,-1.0,-39.0
1776886298.0471027,6.0,-2.0,-40.0
1776886298.057103,4.0,-2.0,-36.0
1776886298.067103,2.0,-5.0,-45.0
1776886298.077103,3.0,-7.0,-41.0
1776886298.087103,5.0,-5.0,-42.0
1776886298.0971026,7.0,-4.0,-38.0
1776886298.1071026,6.0,-2.0,-36.0
1776886298.1171026,6.0,-1.0,-36.0
1776886298.1271029,6.0,0.0,-34.0
1776886298.1371028,3.0,0.0,-38.0
1776886298.1471028,0.0,3.0,-40.0
1776886298.1571028,-1.0,2.0,-34.0
1776886298.1671028,-4.0,0.0,-34.0
1776886298.1771028,0.0,1.0,-31.0
1776886298.1871028,2.0,-1.0,-35.0
1776886298.1971028,4.0,-4.0,-36.0
1776886298.2071028,0.0,-6.0,-32.0
1776886298.2171028,-1.0,-3.0,-31.0
1776886298.2271028,-3.0,0.0,-29.0
1776886298.2371027,-5.0,0.0,-26.0
1776886298.2471027,1.0,2.0,-31.0
1776886298.2571027,-2.0,-1.0,-31.0
1776886298.2671027,-1.0,0.0,-36.0
1776886298.2771027,-2.0,1.0,-36.0
1776886298.2871027,-1.0,-1.0,-36.0
1776886298.2971027,-6.0,-3.0,-44.0
1776886298.307103,-8.0,-4.0,-39.0
1776886298.317103,-6.0,-1.0,-38.0
1776886298.327103,-1.0,-3.0,-38.0
1776886298.337103,-1.0,-2.0,-34.0
1776886298.3471026,-2.0,0.0,-31.0
1776886298.3571026,-4.0,2.0,-36.0
1776886298.3671026,-6.0,1.0,-35.0
1776886298.3771029,-4.0,-2.0,-33.0
1776886298.3871028,-1.0,-2.0,-28.0
1776886298.3971028,0.0,0.0,-32.0
1776886298.4071028,0.0,1.0,-37.0
1776886298.4171028,1.0,2.0,-36.0
1776886298.4271028,4.0,-2.0,-27.0
1776886298.4371028,4.0,-8.0,-21.0
1776886298.4471028,4.0,-4.0,-24.0
1776886298.4571028,1.0,-3.0,-27.0
1776886298.4671028,-1.0,-1.0,-31.0
1776886298.4771028,0.0,-9.0,-34.0
1776886298.4871027,0.0,-11.0,-36.0
1776886298.4971027,0.0,-5.0,-37.0
1776886298.5071027,2.0,-3.0,-40.0
1776886298.5171027,1.0,0.0,-41.0
1776886298.5271027,0.0,2.0,-40.0
1776886298.5371027,7.0,3.0,-42.0
1776886298.5471027,9.0,3.0,-37.0
1776886298.557103,6.0,1.0,-38.0
1776886298.567103,2.0,0.0,-47.0
1776886298.577103,5.0,1.0,-43.0
1776886298.587103,1.0,2.0,-29.0
1776886298.5971026,0.0,1.0,-29.0
1776886298.6071026,-1.0,0.0,-34.0
1776886298.6171026,0.0,-3.0,-37.0
1776886298.6271029,-4.0,-7.0,-38.0
1776886298.6371028,-4.0,-7.0,-41.0
1776886298.6471028,-3.0,-3.0,-41.0
1776886298.6571028,-3.0,-3.0,-43.0
1776886298.6671028,3.0,-1.0,-40.0
1776886298.6771028,0.0,0.0,-37.0
1776886298.6871028,1.0,-1.0,-32.0
1776886298.6971028,-1.0,-5.0,-32.0
1776886298.7071028,3.0,-4.0,-33.0
1776886298.7171028,0.0,-1.0,-35.0
1776886298.7271028,0.0,-3.0,-46.0
1776886298.7371027,0.0,-6.0,-46.0
1776886298.7471027,-3.0,-7.0,-50.0
1776886298.7571027,-7.0,-4.0,-54.0
1776886298.7671027,-9.0,0.0,-53.0
1776886298.7771027,-1.0,0.0,-53.0
1776886298.7871027,5.0,-1.0,-53.0
1776886298.7971027,5.0,3.0,-56.0
1776886298.807103,4.0,4.0,-50.0
1776886298.817103,9.0,6.0,-54.0
1776886298.827103,9.0,4.0,-50.0
1776886298.837103,4.0,1.0,-41.0
1776886298.8471026,0.0,0.0,-43.0
1776886298.8571026,1.0,3.0,-42.0
1776886298.8671026,-5.0,6.0,-36.0
1776886298.8771029,-4.0,4.0,-39.0
1776886298.8871028,0.0,3.0,-43.0
1776886298.8971028,3.0,0.0,-35.0
1776886298.9071028,1.0,0.0,-29.0
1776886298.9171028,8.0,-1.0,-33.0
1776886298.9271028,3.0,2.0,-41.0
1776886298.9371028,-2.0,-1.0,-40.0
1776886298.9471028,-3.0,-8.0,-41.0
1776886298.9571028,-2.0,-9.0,-40.0
1776886298.9671028,-3.0,-7.0,-37.0
1776886298.9771028,-4.0,-5.0,-38.0
1776886298.9871027,3.0,-2.0,-49.0
1776886298.9971027,4.0,0.0,-49.0
1776886299.0071027,6.0,1.0,-42.0
1776886299.0171027,3.0,-2.0,-42.0
1776886299.0271027,0.0,-1.0,-39.0
1776886299.0371027,0.0,-1.0,-34.0
1776886299.0471027,2.0,-6.0,-32.0
1776886299.057103,2.0,-6.0,-37.0
1776886299.067103,4.0,0.0,-35.0
1776886299.077103,1.0,0.0,-38.0
1776886299.087103,-1.0,0.0,-37.0
1776886299.0971026,-4.0,1.0,-39.0
1776886299.1071026,-8.0,0.0,-33.0
1776886299.1171026,-8.0,0.0,-32.0
1776886299.1271029,-6.0,0.0,-29.0
1776886299.1371028,1.0,-2.0,-39.0
1776886299.1471028,4.0,-3.0,-42.0
1776886299.1571028,4.0,-1.0,-40.0
1776886299.1671028,1.0,-3.0,-41.0
1776886299.1771028,2.0,0.0,-43.0
1776886299.1871028,4.0,-3.0,-42.0
1776886299.1971028,4.0,1.0,-41.0
1776886299.2071028,6.0,0.0,-43.0
1776886299.2171028,3.0,1.0,-48.0
1776886299.2271028,5.0,4.0,-51.0
1776886299.2371027,3.0,2.0,-55.0
1776886299.2471027,3.0,1.0,-49.0
1776886299.2571027,3.0,0.0,-48.0
1776886299.2671027,2.0,-1.0,-50.0
1776886299.2771027,2.0,1.0,-46.0
1776886299.2871027,1.0,3.0,-48.0
1776886299.2971027,3.0,3.0,-53.0
1776886299.307103,0.0,1.0,-41.0
1776886299.317103,0.0,1.0,-41.0
1776886299.327103,1.0,0.0,-40.0
1776886299.337103,0.0,-1.0,-35.0
1776886299.3471026,0.0,-3.0,-42.0
1776886299.3571026,-1.0,0.0,-44.0
1776886299.3671026,-1.0,-3.0,-46.0
1776886299.3771029,-2.0,-2.0,-55.0
1776886299.3871028,0.0,-1.0,-54.0
1776886299.3971028,3.0,2.0,-50.0
1776886299.4071028,8.0,-3.0,-49.0
1776886299.4171028,2.0,-4.0,-40.0
1776886299.4271028,3.0,-4.0,-40.0
1776886299.4371028,-2.0,-4.0,-37.0
1776886299.4471028,0.0,-3.0,-36.0
1776886299.4571028,-1.0,-4.0,-34.0
1776886299.4671028,-2.0,-6.0,-33.0
1776886299.4771028,-4.0,-3.0,-38.0
1776886299.4871027,0.0,1.0,-40.0
1776886299.4971027,0.0,1.0,-45.0
1776886299.5071027,0.0,-3.0,-48.0
1776886299.5171027,1.0,-7.0,-44.0
1776886299.5271027,0.0,-3.0,-42.0
1776886299.5371027,0.0,0.0,-42.0
1776886299.5471027,-4.0,0.0,-41.0
1776886299.557103,-3.0,3.0,-38.0
1776886299.567103,0.0,3.0,-40.0
1776886299.577103,0.0,0.0,-47.0
1776886299.587103,0.0,0.0,-45.0
1776886299.5971026,1.0,-3.0,-44.0
1776886299.6081028,-7.0,-1.0,-41.0
1776886299.6171026,-5.0,0.0,-47.0
1776886299.6281028,0.0,3.0,-52.0
1776886299.6381028,1.0,2.0,-55.0
1776886299.6481028,4.0,0.0,-57.0
1776886299.6581028,0.0,0.0,-48.0
1776886299.6681027,-3.0,0.0,-42.0
1776886299.6781027,0.0,-1.0,-39.0
1776886299.6881027,2.0,0.0,-39.0
1776886299.6981027,2.0,-3.0,-45.0
1776886299.7081027,-2.0,-3.0,-45.0
1776886299.7181027,-1.0,-2.0,-41.0
1776886299.7281027,-1.0,0.0,-44.0
1776886299.738103,-3.0,0.0,-43.0
1776886299.748103,-4.0,-1.0,-40.0
1776886299.758103,-5.0,0.0,-39.0
1776886299.7681026,-8.0,-1.0,-37.0
1776886299.7781026,-6.0,-1.0,-39.0
1776886299.7881026,-4.0,-3.0,-49.0
1776886299.7981029,-1.0,-2.0,-42.0
1776886299.8081028,-1.0,1.0,-42.0
1776886299.8181028,-3.0,2.0,-45.0
1776886299.8281028,-1.0,2.0,-48.0
1776886299.8381028,0.0,1.0,-45.0
1776886299.8481028,2.0,-1.0,-46.0
1776886299.8581028,4.0,-2.0,-48.0
1776886299.8681028,8.0,-2.0,-52.0
1776886299.8781028,4.0,-1.0,-49.0
1776886299.8881028,3.0,-4.0,-53.0
1776886299.8981028,5.0,-3.0,-51.0
1776886299.9081028,0.0,-5.0,-44.0
1776886299.9181027,5.0,-5.0,-38.0
1776886299.9281027,6.0,-4.0,-42.0
1776886299.9381027,9.0,-2.0,-40.0
1776886299.9481027,9.0,-1.0,-44.0
1776886299.9581027,11.0,-5.0,-35.0
1776886299.9681027,7.0,-9.0,-37.0
1776886299.9781027,7.0,-9.0,-42.0
1776886299.988103,2.0,-8.0,-44.0
1776886299.998103,5.0,-5.0,-41.0
1776886300.008103,6.0,-2.0,-49.0
1776886300.0181026,7.0,2.0,-44.0
1776886300.0281026,5.0,6.0,-47.0
1776886300.0381026,2.0,7.0,-42.0
1776886300.0481029,3.0,6.0,-43.0
1776886300.0581028,3.0,2.0,-45.0
1776886300.0681028,0.0,3.0,-48.0
1776886300.0781028,3.0,3.0,-41.0
1776886300.0881028,3.0,0.0,-41.0
1776886300.0981028,8.0,-1.0,-44.0
1776886300.1081028,2.0,1.0,-43.0
1776886300.1181028,1.0,1.0,-40.0
1776886300.1281028,0.0,0.0,-42.0
1776886300.1381028,0.0,-1.0,-41.0
1776886300.1481028,5.0,0.0,-45.0
1776886300.1581028,2.0,-2.0,-48.0
1776886300.1681027,1.0,-1.0,-44.0
1776886300.1781027,-2.0,1.0,-41.0
1776886300.1881027,-5.0,0.0,-37.0
1776886300.1981027,-4.0,-1.0,-39.0
1776886300.2081027,0.0,-1.0,-45.0
1776886300.2181027,-2.0,-3.0,-38.0
1776886300.2281027,0.0,-4.0,-32.0
1776886300.238103,1.0,-3.0,-28.0
1776886300.248103,-2.0,1.0,-31.0
1776886300.258103,-6.0,5.0,-38.0
1776886300.2681026,-8.0,5.0,-48.0
1776886300.2781026,-11.0,0.0,-42.0
1776886300.2881026,-7.0,-2.0,-37.0
1776886300.2981029,-1.0,1.0,-40.0
1776886300.3081028,-5.0,0.0,-40.0
1776886300.3181028,-2.0,-1.0,-35.0
1776886300.3281028,1.0,-4.0,-38.0
1776886300.3381028,5.0,-5.0,-36.0
1776886300.3481028,4.0,-10.0,-46.0
1776886300.3581028,3.0,-10.0,-43.0
1776886300.3681028,1.0,-10.0,-37.0
1776886300.3781028,0.0,-13.0,-38.0
1776886300.3881028,5.0,-11.0,-46.0
1776886300.3981028,4.0,-8.0,-45.0
1776886300.4081028,2.0,-6.0,-51.0
1776886300.4181027,3.0,-6.0,-43.0
1776886300.4281027,0.0,-1.0,-41.0
1776886300.4381027,-2.0,1.0,-43.0
1776886300.4481027,-2.0,-2.0,-45.0
1776886300.4581027,-3.0,-1.0,-52.0
1776886300.4681027,-4.0,-2.0,-51.0
1776886300.4781027,-6.0,0.0,-49.0
1776886300.488103,-1.0,0.0,-44.0
1776886300.498103,0.0,1.0,-46.0
1776886300.508103,5.0,-3.0,-40.0
1776886300.5181026,-1.0,0.0,-43.0
1776886300.5281026,1.0,0.0,-46.0
1776886300.5381026,1.0,0.0,-42.0
1776886300.5481029,1.0,0.0,-43.0
1776886300.5581028,2.0,0.0,-42.0
1776886300.5681028,-2.0,-2.0,-42.0
1776886300.5781028,-2.0,-1.0,-40.0
1776886300.5881028,0.0,0.0,-44.0
1776886300.5981028,-3.0,1.0,-41.0
1776886300.6081028,-3.0,1.0,-39.0
1776886300.6181028,-4.0,0.0,-37.0
1776886300.6281028,-6.0,-2.0,-45.0
1776886300.6381028,-4.0,-5.0,-48.0
1776886300.6481028,-4.0,-2.0,-55.0
1776886300.6581028,0.0,1.0,-47.0
1776886300.6681027,1.0,-2.0,-38.0
1776886300.6781027,5.0,-2.0,-36.0
1776886300.6881027,3.0,-2.0,-41.0
1776886300.6981027,4.0,-3.0,-42.0
1776886300.7081027,4.0,-2.0,-41.0
1776886300.7181027,3.0,2.0,-36.0
1776886300.7281027,5.0,-1.0,-39.0
1776886300.738103,3.0,0.0,-38.0
1776886300.748103,-1.0,3.0,-33.0
1776886300.758103,-1.0,3.0,-29.0
1776886300.7681026,0.0,2.0,-24.0
1776886300.7781026,2.0,3.0,-26.0
1776886300.7881026,0.0,1.0,-31.0
1776886300.7981029,2.0,2.0,-31.0
1776886300.8081028,2.0,-1.0,-26.0
1776886300.8181028,3.0,-3.0,-28.0
1776886300.8281028,5.0,-2.0,-40.0
1776886300.8381028,0.0,-5.0,-41.0
1776886300.8481028,-3.0,-6.0,-36.0
1776886300.8581028,-6.0,-2.0,-35.0
1776886300.8681028,-8.0,0.0,-36.0
1776886300.8781028,-7.0,0.0,-40.0
1776886300.8881028,0.0,-2.0,-35.0
1776886300.8981028,-2.0,0.0,-35.0
1776886300.9081028,-3.0,-2.0,-33.0
1776886300.9181027,-1.0,-2.0,-34.0
1776886300.9281027,-3.0,-1.0,-40.0
1776886300.9381027,2.0,-3.0,-38.0
1776886300.9481027,2.0,-1.0,-36.0
1776886300.9581027,5.0,-4.0,-35.0
1776886300.9681027,6.0,-4.0,-34.0
1776886300.9781027,7.0,-2.0,-36.0
1776886300.988103,8.0,0.0,-36.0
1776886300.998103,5.0,-2.0,-42.0
1776886301.008103,6.0,-4.0,-42.0
1776886301.0181026,3.0,-7.0,-43.0
1776886301.0281026,0.0,-9.0,-37.0
1776886301.0381026,0.0,-8.0,-38.0
1776886301.0481029,-3.0,-9.0,-43.0
1776886301.0581028,-8.0,-11.0,-40.0
1776886301.0681028,-2.0,-8.0,-45.0
1776886301.0781028,-1.0,-6.0,-50.0
1776886301.0881028,-3.0,-3.0,-50.0
1776886301.0981028,0.0,-1.0,-51.0
1776886301.1081028,-1.0,0.0,-40.0
1776886301.1181028,0.0,-2.0,-41.0
1776886301.1281028,-1.0,-4.0,-39.0
1776886301.1381028,0.0,-2.0,-37.0
1776886301.1481028,-3.0,1.0,-37.0
1776886301.1581028,3.0,6.0,-42.0
1776886301.1681027,1.0,6.0,-40.0
1776886301.1781027,0.0,2.0,-41.0
1776886301.1881027,0.0,0.0,-38.0
1776886301.1981027,2.0,2.0,-41.0
1776886301.2081027,4.0,1.0,-42.0
1776886301.2181027,5.0,0.0,-36.0
1776886301.2281027,5.0,-1.0,-31.0
1776886301.238103,4.0,0.0,-33.0
1776886301.248103,2.0,-3.0,-38.0
1776886301.258103,4.0,-1.0,-43.0
1776886301.2681026,0.0,0.0,-44.0
1776886301.2781026,-3.0,-2.0,-42.0
1776886301.2881026,-3.0,-5.0,-35.0
1776886301.2981029,1.0,-4.0,-40.0
1776886301.3081028,-1.0,-3.0,-37.0
1776886301.3181028,0.0,0.0,-44.0
1776886301.3281028,-2.0,0.0,-43.0
1776886301.3381028,-5.0,-4.0,-42.0
1776886301.3481028,-4.0,-1.0,-45.0
1776886301.3581028,-2.0,-1.0,-48.0
1776886301.3681028,-3.0,3.0,-45.0
1776886301.3781028,0.0,4.0,-38.0
1776886301.3881028,-2.0,1.0,-35.0
1776886301.3981028,-3.0,-2.0,-37.0
1776886301.4081028,3.0,0.0,-32.0
1776886301.4181027,4.0,-3.0,-37.0
1776886301.4281027,-1.0,-4.0,-38.0
1776886301.4381027,-3.0,-6.0,-43.0
1776886301.4481027,-3.0,-5.0,-48.0
1776886301.4581027,-3.0,-6.0,-45.0
1776886301.4681027,5.0,-3.0,-38.0
1776886301.4781027,0.0,-4.0,-40.0
1776886301.488103,-2.0,-4.0,-43.0
1776886301.498103,0.0,-3.0,-36.0
1776886301.5091028,0.0,-3.0,-39.0
1776886301.5181026,0.0,-3.0,-37.0
1776886301.5281026,0.0,-3.0,-45.0
1776886301.5381026,-6.0,-1.0,-40.0
1776886301.5481029,-4.0,2.0,-36.0
1776886301.5581028,-2.0,3.0,-39.0
1776886301.5681028,0.0,0.0,-42.0
1776886301.5781028,0.0,3.0,-38.0
1776886301.5881028,-3.0,3.0,-32.0
1776886301.5981028,-5.0,3.0,-38.0
1776886301.6081028,-8.0,2.0,-32.0
1776886301.6181028,-9.0,2.0,-29.0
1776886301.6281028,-10.0,3.0,-31.0
1776886301.6391027,-11.0,2.0,-32.0
1776886301.6491027,-11.0,0.0,-32.0
1776886301.659103,-7.0,0.0,-25.0
1776886301.669103,-2.0,-1.0,-25.0
1776886301.679103,4.0,0.0,-28.0
1776886301.6891026,6.0,0.0,-24.0
1776886301.6991026,7.0,1.0,-23.0
1776886301.7091026,7.0,0.0,-25.0
1776886301.7191026,7.0,-3.0,-31.0
1776886301.7291028,5.0,-2.0,-34.0
1776886301.7391028,5.0,-5.0,-39.0
1776886301.7491028,6.0,-7.0,-36.0
1776886301.7591028,4.0,-5.0,-37.0
1776886301.7691028,0.0,-8.0,-38.0
1776886301.7791028,0.0,-9.0,-39.0
1776886301.7891028,0.0,-10.0,-41.0
1776886301.7991028,1.0,-10.0,-44.0
1776886301.8091028,0.0,-8.0,-44.0
1776886301.8191028,-2.0,-6.0,-39.0
1776886301.8291028,-1.0,-5.0,-42.0
1776886301.8391027,1.0,-4.0,-39.0
1776886301.8491027,0.0,-2.0,-48.0
1776886301.8591027,-1.0,-2.0,-45.0
1776886301.8691027,1.0,1.0,-44.0
1776886301.8791027,2.0,2.0,-43.0
1776886301.8891027,-2.0,3.0,-45.0
1776886301.8991027,-5.0,5.0,-45.0
1776886301.909103,-6.0,1.0,-39.0
1776886301.919103,-5.0,0.0,-36.0
1776886301.929103,-7.0,1.0,-37.0
1776886301.9391026,-3.0,-3.0,-38.0
1776886301.9491026,-4.0,-2.0,-30.0
1776886301.9591026,0.0,0.0,-26.0
1776886301.9691026,0.0,0.0,-26.0
1776886301.9791028,-1.0,1.0,-32.0
1776886301.9891028,-2.0,1.0,-30.0
1776886301.9991028,0.0,5.0,-20.0
1776886302.0091028,-1.0,7.0,-23.0
1776886302.0191028,0.0,3.0,-25.0
1776886302.0291028,-2.0,-1.0,-31.0
1776886302.0391028,0.0,-1.0,-33.0
1776886302.0491028,6.0,-1.0,-39.0
1776886302.0591028,8.0,-1.0,-39.0
1776886302.0691028,3.0,-2.0,-41.0
1776886302.0791028,1.0,-1.0,-45.0
1776886302.0891027,1.0,0.0,-47.0
1776886302.0991027,3.0,1.0,-48.0
1776886302.1091027,-3.0,1.0,-50.0
1776886302.1191027,-5.0,3.0,-43.0
1776886302.1291027,0.0,3.0,-42.0
1776886302.1391027,0.0,1.0,-41.0
1776886302.1491027,1.0,2.0,-33.0
1776886302.159103,0.0,5.0,-29.0
1776886302.169103,-3.0,3.0,-33.0
1776886302.179103,-2.0,2.0,-30.0
1776886302.1891026,0.0,0.0,-31.0
1776886302.1991026,0.0,0.0,-36.0
1776886302.2091026,3.0,-4.0,-40.0
1776886302.2191026,0.0,-1.0,-38.0
1776886302.2291028,0.0,0.0,-42.0
1776886302.2391028,2.0,-2.0,-41.0
1776886302.2491028,1.0,0.0,-40.0
1776886302.2591028,1.0,2.0,-39.0
1776886302.2691028,0.0,0.0,-41.0
1776886302.2791028,1.0,3.0,-44.0
1776886302.2891028,4.0,8.0,-47.0
1776886302.2991028,2.0,6.0,-45.0
1776886302.3091028,0.0,2.0,-38.0
1776886302.3191028,3.0,-2.0,-39.0
1776886302.3291028,3.0,-3.0,-41.0
1776886302.3391027,5.0,-3.0,-36.0
1776886302.3491027,8.0,-4.0,-36.0
1776886302.3591027,3.0,-1.0,-32.0
1776886302.3691027,3.0,-1.0,-40.0
1776886302.3791027,2.0,-1.0,-36.0
1776886302.3891027,7.0,-4.0,-40.0
1776886302.3991027,11.0,-4.0,-41.0
1776886302.409103,10.0,-6.0,-46.0
1776886302.419103,6.0,-7.0,-46.0
1776886302.429103,5.0,-2.0,-43.0
1776886302.4391026,6.0,-2.0,-41.0
1776886302.4491026,7.0,-3.0,-41.0
1776886302.4591026,11.0,0.0,-45.0
1776886302.4691026,8.0,0.0,-46.0
1776886302.4791028,6.0,3.0,-43.0
1776886302.4891028,6.0,5.0,-43.0
1776886302.4991028,3.0,3.0,-41.0
1776886302.5091028,0.0,3.0,-39.0
1776886302.5191028,0.0,4.0,-32.0
1776886302.5291028,-2.0,3.0,-29.0
1776886302.5391028,-1.0,0.0,-35.0
1776886302.5491028,-7.0,-2.0,-39.0
1776886302.5591028,-5.0,-2.0,-39.0
1776886302.5691028,-7.0,0.0,-47.0
1776886302.5791028,-7.0,-4.0,-43.0
1776886302.5891027,-1.0,-4.0,-44.0
1776886302.5991027,-6.0,-2.0,-44.0
1776886302.6091027,-5.0,-3.0,-38.0
1776886302.6191027,-9.0,-6.0,-38.0
1776886302.6291027,-2.0,-9.0,-38.0
1776886302.6391027,-1.0,-13.0,-39.0
1776886302.6491027,0.0,-11.0,-29.0
1776886302.659103,1.0,-11.0,-41.0
1776886302.669103,3.0,-7.0,-39.0
1776886302.679103,5.0,-3.0,-39.0
1776886302.6891026,6.0,0.0,-31.0
1776886302.6991026,7.0,-1.0,-35.0
1776886302.7091026,10.0,0.0,-32.0
1776886302.7191026,6.0,-2.0,-33.0
1776886302.7291028,6.0,0.0,-37.0
1776886302.7391028,6.0,0.0,-38.0
1776886302.7491028,2.0,-2.0,-42.0
1776886302.7591028,1.0,-3.0,-42.0
1776886302.7691028,-3.0,-3.0,-41.0
1776886302.7791028,-3.0,-5.0,-42.0
1776886302.7891028,-2.0,-3.0,-43.0
1776886302.7991028,-7.0,-6.0,-45.0
1776886302.8091028,-3.0,-5.0,-42.0
1776886302.8191028,-4.0,-6.0,-47.0
1776886302.8291028,-4.0,-8.0,-51.0
1776886302.8391027,-4.0,-10.0,-47.0
1776886302.8491027,-6.0,-8.0,-48.0
1776886302.8591027,0.0,-7.0,-49.0
1776886302.8691027,2.0,-5.0,-47.0
1776886302.8791027,4.0,-1.0,-41.0
1776886302.8891027,7.0,0.0,-39.0
1776886302.8991027,8.0,1.0,-37.0
1776886302.909103,12.0,0.0,-44.0
1776886302.919103,7.0,-2.0,-45.0
1776886302.929103,3.0,0.0,-44.0
1776886302.9391026,2.0,-1.0,-40.0
1776886302.9491026,-1.0,0.0,-32.0
1776886302.9591026,-1.0,-4.0,-32.0
1776886302.9691026,0.0,-3.0,-30.0
1776886302.9791028,-2.0,-2.0,-29.0
1776886302.9891028,-6.0,-1.0,-29.0
1776886302.9991028,-8.0,-2.0,-33.0
1776886303.0091028,-8.0,-3.0,-30.0
1776886303.0191028,-5.0,-2.0,-38.0
1776886303.0291028,-5.0,-3.0,-45.0
1776886303.0391028,-6.0,-7.0,-48.0
1776886303.0491028,-5.0,-8.0,-47.0
1776886303.0591028,-2.0,-6.0,-56.0
1776886303.0691028,-1.0,-4.0,-54.0
1776886303.0791028,0.0,-4.0,-47.0
1776886303.0891027,2.0,-4.0,-41.0
1776886303.0991027,0.0,0.0,-46.0
1776886303.1091027,4.0,2.0,-40.0
1776886303.1191027,8.0,0.0,-40.0
1776886303.1291027,11.0,-1.0,-42.0
1776886303.1391027,5.0,-1.0,-44.0
1776886303.1491027,4.0,-3.0,-45.0
1776886303.159103,0.0,-2.0,-39.0
1776886303.169103,1.0,1.0,-37.0
1776886303.179103,4.0,2.0,-38.0
1776886303.1891026,6.0,1.0,-42.0
1776886303.1991026,0.0,3.0,-39.0
1776886303.2091026,-4.0,4.0,-43.0
1776886303.2191026,-5.0,2.0,-36.0
1776886303.2291028,-3.0,2.0,-33.0
1776886303.2391028,0.0,4.0,-35.0
1776886303.2491028,-1.0,2.0,-37.0
1776886303.2591028,0.0,2.0,-38.0
1776886303.2691028,-3.0,2.0,-33.0
1776886303.2791028,-1.0,2.0,-36.0
1776886303.2891028,0.0,0.0,-42.0
1776886303.2991028,-3.0,-1.0,-36.0
1776886303.3091028,-4.0,-4.0,-32.0
1776886303.3191028,0.0,0.0,-31.0
1776886303.3291028,1.0,-4.0,-30.0
1776886303.3391027,2.0,-3.0,-39.0
1776886303.3491027,5.0,-7.0,-42.0
1776886303.3591027,6.0,-2.0,-42.0
1776886303.3691027,4.0,-4.0,-42.0
1776886303.3791027,0.0,-2.0,-44.0
1776886303.3891027,0.0,-1.0,-44.0
1776886303.3991027,-3.0,3.0,-45.0
1776886303.409103,-5.0,0.0,-43.0
1776886303.419103,-2.0,-4.0,-43.0
1776886303.429103,-6.0,-7.0,-41.0
1776886303.4391026,-6.0,-8.0,-43.0
1776886303.4491026,-1.0,-6.0,-42.0
1776886303.4591026,-1.0,-2.0,-36.0
1776886303.4691026,2.0,-5.0,-33.0
1776886303.4791028,3.0,-1.0,-29.0
1776886303.4891028,0.0,-3.0,-27.0
1776886303.4991028,-1.0,-5.0,-32.0
1776886303.5091028,-1.0,0.0,-38.0
1776886303.5191028,-4.0,1.0,-37.0
1776886303.5291028,-5.0,1.0,-36.0
1776886303.5391028,-3.0,2.0,-44.0
1776886303.5491028,0.0,2.0,-45.0
1776886303.5591028,-2.0,-3.0,-46.0
1776886303.5691028,-3.0,-2.0,-42.0
1776886303.5791028,0.0,-5.0,-43.0
1776886303.590103,4.0,-5.0,-43.0
1776886303.600103,6.0,-5.0,-38.0
1776886303.6091027,4.0,-1.0,-44.0
1776886303.6191027,7.0,0.0,-50.0
1776886303.6301026,2.0,0.0,-51.0
1776886303.6401026,1.0,0.0,-47.0
1776886303.6501029,1.0,-2.0,-44.0
1776886303.6601028,3.0,-1.0,-47.0
1776886303.6701028,5.0,-5.0,-47.0
1776886303.6801028,1.0,-3.0,-36.0
1776886303.6901028,-1.0,0.0,-37.0
1776886303.7001028,-1.0,0.0,-34.0
1776886303.7101028,-1.0,0.0,-37.0
1776886303.7201028,0.0,2.0,-38.0
1776886303.7301028,-1.0,3.0,-38.0
1776886303.7401028,0.0,0.0,-39.0
1776886303.7501028,-1.0,0.0,-40.0
1776886303.7601027,0.0,-2.0,-41.0
1776886303.7701027,0.0,0.0,-44.0
1776886303.7801027,-1.0,3.0,-42.0
1776886303.7901027,-4.0,-2.0,-42.0
1776886303.8001027,-4.0,-1.0,-41.0
1776886303.8101027,-4.0,-2.0,-42.0
1776886303.8201027,-4.0,-2.0,-44.0
1776886303.8301027,-1.0,-2.0,-39.0
1776886303.840103,1.0,-4.0,-32.0
1776886303.850103,3.0,-3.0,-39.0
1776886303.860103,8.0,-2.0,-33.0
1776886303.8701026,6.0,-4.0,-38.0
1776886303.8801026,2.0,-2.0,-37.0
1776886303.8901026,3.0,-5.0,-36.0
1776886303.9001029,5.0,-4.0,-32.0
1776886303.9101028,7.0,-5.0,-36.0
1776886303.9201028,6.0,-7.0,-38.0
1776886303.9301028,6.0,-5.0,-44.0
1776886303.9401028,4.0,-4.0,-47.0
1776886303.9501028,1.0,-4.0,-50.0
1776886303.9601028,1.0,-1.0,-49.0
1776886303.9701028,-1.0,0.0,-49.0
1776886303.9801028,1.0,-2.0,-48.0
1776886303.9901028,4.0,1.0,-42.0
1776886304.0001028,1.0,2.0,-41.0
1776886304.0101027,-4.0,2.0,-41.0
1776886304.0201027,0.0,2.0,-44.0
1776886304.0301027,6.0,3.0,-41.0
1776886304.0401027,0.0,4.0,-47.0
1776886304.0501027,-3.0,0.0,-37.0
1776886304.0601027,-8.0,-5.0,-36.0
1776886304.0701027,-6.0,-6.0,-35.0
1776886304.0801027,-8.0,-7.0,-32.0
1776886304.090103,-8.0,-7.0,-27.0
1776886304.100103,-9.0,0.0,-28.0
1776886304.110103,-5.0,-2.0,-32.0
1776886304.1201026,-4.0,-4.0,-35.0
1776886304.1301026,-1.0,-1.0,-33.0
1776886304.1401026,1.0,0.0,-42.0
1776886304.1501029,0.0,-1.0,-42.0
1776886304.1601028,4.0,1.0,-39.0
1776886304.1701028,7.0,0.0,-39.0
1776886304.1801028,8.0,-2.0,-37.0
1776886304.1901028,6.0,-3.0,-45.0
1776886304.2001028,3.0,-8.0,-44.0
1776886304.2101028,0.0,-8.0,-44.0
1776886304.2201028,0.0,-2.0,-43.0
1776886304.2301028,-1.0,-6.0,-44.0
1776886304.2401028,0.0,-8.0,-47.0
1776886304.2501028,0.0,-8.0,-46.0
1776886304.2601027,0.0,-11.0,-52.0
1776886304.2701027,4.0,-15.0,-48.0
1776886304.2801027,3.0,-12.0,-45.0
1776886304.2901027,2.0,-14.0,-46.0
1776886304.3001027,3.0,-13.0,-43.0
1776886304.3101027,0.0,-12.0,-39.0
1776886304.3201027,-5.0,-10.0,-42.0
1776886304.3301027,-8.0,-6.0,-40.0
1776886304.340103,-6.0,-6.0,-43.0
1776886304.350103,-4.0,-9.0,-46.0
1776886304.360103,-4.0,-8.0,-43.0
1776886304.3701026,-2.0,-9.0,-37.0
1776886304.3801026,5.0,-8.0,-35.0
1776886304.3901026,5.0,-2.0,-32.0
1776886304.4001029,2.0,-2.0,-46.0
1776886304.4101028,-3.0,-6.0,-55.0
1776886304.4201028,4.0,-6.0,-52.0
1776886304.4301028,3.0,-4.0,-58.0
1776886304.4401028,-1.0,-2.0,-58.0
1776886304.4501028,0.0,1.0,-58.0
1776886304.4601028,1.0,2.0,-52.0
1776886304.4701028,2.0,3.0,-47.0
1776886304.4801028,6.0,3.0,-43.0
1776886304.4901028,4.0,3.0,-32.0
1776886304.5001028,4.0,2.0,-32.0
1776886304.5101027,5.0,1.0,-38.0
1776886304.5201027,3.0,0.0,-36.0
1776886304.5301027,1.0,0.0,-35.0
1776886304.5401027,0.0,-3.0,-36.0
1776886304.5501027,5.0,-3.0,-31.0
1776886304.5601027,0.0,-1.0,-32.0
1776886304.5701027,-2.0,1.0,-27.0
1776886304.5801027,-3.0,0.0,-29.0
1776886304.590103,1.0,-3.0,-22.0
1776886304.600103,0.0,-4.0,-24.0
1776886304.610103,0.0,-2.0,-34.0
1776886304.6201026,-2.0,0.0,-37.0
1776886304.6301026,0.0,-3.0,-38.0
1776886304.6401026,0.0,-6.0,-37.0
1776886304.6501029,2.0,-2.0,-35.0
1776886304.6601028,6.0,-4.0,-38.0
1776886304.6701028,6.0,-8.0,-34.0
1776886304.6801028,3.0,-5.0,-34.0
1776886304.6901028,6.0,-8.0,-30.0
1776886304.7001028,9.0,-4.0,-30.0
1776886304.7101028,8.0,-3.0,-38.0
1776886304.7201028,7.0,-2.0,-38.0
1776886304.7301028,5.0,1.0,-43.0
1776886304.7401028,3.0,0.0,-35.0
1776886304.7501028,0.0,1.0,-33.0
1776886304.7601027,2.0,-2.0,-31.0
1776886304.7701027,3.0,-3.0,-37.0
1776886304.7801027,0.0,0.0,-33.0
1776886304.7901027,0.0,-5.0,-34.0
1776886304.8001027,0.0,-6.0,-29.0
1776886304.8101027,0.0,-4.0,-32.0
1776886304.8201027,7.0,-3.0,-31.0
1776886304.8301027,13.0,4.0,-30.0
1776886304.840103,14.0,4.0,-33.0
1776886304.850103,13.0,3.0,-30.0
1776886304.860103,11.0,2.0,-32.0
1776886304.8701026,9.0,1.0,-30.0
1776886304.8801026,5.0,2.0,-36.0
1776886304.8901026,2.0,2.0,-39.0
1776886304.9001029,9.0,1.0,-42.0
1776886304.9101028,4.0,1.0,-40.0
1776886304.9201028,2.0,0.0,-46.0
1776886304.9301028,3.0,0.0,-47.0
1776886304.9401028,1.0,-1.0,-45.0
1776886304.9501028,2.0,-1.0,-48.0
1776886304.9601028,5.0,-2.0,-50.0
1776886304.9701028,4.0,-3.0,-50.0
1776886304.9801028,2.0,-4.0,-49.0
1776886304.9901028,0.0,-5.0,-49.0
1776886305.0001028,-3.0,-3.0,-54.0
1776886305.0101027,-5.0,-6.0,-58.0
1776886305.0201027,-5.0,-7.0,-58.0
1776886305.0301027,-6.0,-5.0,-63.0
1776886305.0401027,-4.0,-5.0,-60.0
1776886305.0501027,-5.0,0.0,-60.0
1776886305.0601027,-2.0,5.0,-57.0
1776886305.0701027,-1.0,5.0,-52.0
1776886305.0801027,-4.0,6.0,-39.0
1776886305.090103,-3.0,8.0,-36.0
1776886305.100103,1.0,5.0,-36.0
1776886305.110103,-4.0,3.0,-34.0
1776886305.1201026,-9.0,1.0,-39.0
1776886305.1301026,-9.0,-4.0,-37.0
1776886305.1401026,-7.0,-2.0,-34.0
1776886305.1501029,-8.0,-5.0,-36.0
1776886305.1601028,-9.0,-4.0,-37.0
1776886305.1701028,-3.0,-2.0,-37.0
1776886305.1801028,0.0,-8.0,-36.0
1776886305.1901028,0.0,-2.0,-38.0
1776886305.2001028,2.0,-2.0,-37.0
1776886305.2101028,2.0,-6.0,-41.0
1776886305.2201028,8.0,-6.0,-42.0
1776886305.2301028,4.0,-5.0,-44.0
1776886305.2401028,4.0,-3.0,-41.0
1776886305.2501028,1.0,0.0,-43.0
1776886305.2601027,0.0,-3.0,-44.0
1776886305.2701027,0.0,-5.0,-48.0
1776886305.2801027,2.0,-3.0,-50.0
1776886305.2901027,3.0,-1.0,-48.0
1776886305.3001027,2.0,1.0,-46.0
1776886305.3101027,2.0,1.0,-53.0
1776886305.3201027,4.0,0.0,-54.0
1776886305.3301027,5.0,4.0,-58.0
1776886305.340103,4.0,1.0,-52.0
1776886305.350103,3.0,2.0,-50.0
1776886305.360103,4.0,3.0,-53.0
1776886305.3701026,7.0,0.0,-53.0
1776886305.3801026,3.0,0.0,-55.0
1776886305.3901026,4.0,-4.0,-51.0
1776886305.4001029,3.0,-2.0,-50.0
1776886305.4101028,2.0,0.0,-54.0
1776886305.4201028,1.0,0.0,-59.0
1776886305.4301028,-2.0,-4.0,-63.0
1776886305.4401028,-1.0,-6.0,-61.0
1776886305.4501028,-2.0,-9.0,-57.0
1776886305.4601028,0.0,-12.0,-46.0
1776886305.4701028,5.0,-11.0,-43.0
1776886305.4801028,7.0,-14.0,-45.0
1776886305.4901028,7.0,-10.0,-41.0
1776886305.5001028,5.0,-11.0,-41.0
1776886305.5101027,2.0,-11.0,-40.0
1776886305.5201027,-1.0,-6.0,-41.0
1776886305.5301027,-1.0,-4.0,-38.0
1776886305.5401027,-3.0,-8.0,-38.0
1776886305.5501027,-1.0,-3.0,-39.0
1776886305.5601027,4.0,0.0,-44.0
1776886305.5701027,4.0,-2.0,-44.0
1776886305.5801027,5.0,0.0,-41.0
1776886305.590103,0.0,-2.0,-38.0
1776886305.6011028,1.0,0.0,-38.0
1776886305.6111028,4.0,1.0,-36.0
1776886305.6211028,4.0,0.0,-42.0
1776886305.6311028,1.0,0.0,-49.0
1776886305.6411028,3.0,-2.0,-51.0
1776886305.6511028,0.0,0.0,-49.0
1776886305.6611028,1.0,-2.0,-49.0
1776886305.6711028,4.0,1.0,-46.0
1776886305.6811028,5.0,-1.0,-41.0
1776886305.6911027,2.0,-5.0,-38.0
1776886305.7011027,0.0,-6.0,-45.0
1776886305.7111027,8.0,-2.0,-42.0
1776886305.7211027,4.0,0.0,-46.0
1776886305.7311027,0.0,-2.0,-46.0
1776886305.7411027,3.0,-6.0,-51.0
1776886305.7511027,1.0,-5.0,-48.0
1776886305.761103,0.0,-1.0,-49.0
1776886305.771103,0.0,0.0,-45.0
1776886305.781103,6.0,0.0,-42.0
1776886305.7911026,3.0,3.0,-43.0
1776886305.8011026,2.0,4.0,-43.0
1776886305.8111026,0.0,4.0,-44.0
1776886305.8211029,1.0,1.0,-49.0
1776886305.8311028,0.0,0.0,-47.0
1776886305.8411028,-2.0,3.0,-50.0
1776886305.8511028,-6.0,1.0,-42.0
1776886305.8611028,-5.0,0.0,-40.0
1776886305.8711028,-3.0,-1.0,-41.0
1776886305.8811028,-2.0,0.0,-38.0
1776886305.8911028,-2.0,0.0,-39.0
1776886305.9011028,-1.0,0.0,-42.0
1776886305.9111028,-1.0,-2.0,-41.0
1776886305.9211028,-4.0,-2.0,-46.0
1776886305.9311028,-6.0,-1.0,-50.0
1776886305.9411027,-4.0,3.0,-49.0
1776886305.9511027,-1.0,0.0,-46.0
1776886305.9611027,-2.0,0.0,-43.0
1776886305.9711027,2.0,-1.0,-44.0
1776886305.9811027,1.0,0.0,-38.0
1776886305.9911027,3.0,1.0,-35.0
1776886306.0011027,7.0,1.0,-35.0
1776886306.011103,5.0,2.0,-42.0
1776886306.021103,7.0,4.0,-39.0
1776886306.031103,11.0,3.0,-41.0
1776886306.0411026,2.0,5.0,-44.0
1776886306.0511026,-2.0,5.0,-45.0
1776886306.0611026,-3.0,6.0,-43.0
1776886306.0711029,0.0,4.0,-41.0
1776886306.0811028,5.0,3.0,-39.0
1776886306.0911028,1.0,3.0,-39.0
1776886306.1011028,-1.0,5.0,-35.0
1776886306.1111028,-2.0,4.0,-40.0
1776886306.1211028,-1.0,5.0,-44.0
1776886306.1311028,1.0,4.0,-45.0
1776886306.1411028,3.0,5.0,-44.0
1776886306.1511028,0.0,4.0,-43.0
1776886306.1611028,0.0,0.0,-44.0
1776886306.1711028,0.0,1.0,-48.0
1776886306.1811028,-1.0,-2.0,-46.0
1776886306.1911027,-2.0,-3.0,-51.0
1776886306.2011027,1.0,-3.0,-57.0
1776886306.2111027,1.0,-3.0,-53.0
1776886306.2211027,3.0,-2.0,-46.0
1776886306.2311027,7.0,-1.0,-36.0
1776886306.2411027,11.0,0.0,-36.0
1776886306.2511027,8.0,0.0,-36.0
1776886306.261103,6.0,-2.0,-43.0
1776886306.271103,0.0,0.0,-44.0
1776886306.281103,1.0,3.0,-41.0
1776886306.2911026,-2.0,3.0,-40.0
1776886306.3011026,0.0,0.0,-38.0
1776886306.3111026,-3.0,2.0,-41.0
1776886306.3221028,-6.0,1.0,-37.0
1776886306.3311028,-4.0,0.0,-36.0
1776886306.3411028,-4.0,-1.0,-34.0
1776886306.3511028,-4.0,-4.0,-29.0
1776886306.3611028,-2.0,0.0,-32.0
1776886306.3711028,-3.0,0.0,-39.0
1776886306.3811028,-6.0,3.0,-41.0
1776886306.3911028,-3.0,1.0,-43.0
1776886306.4011028,-1.0,-2.0,-38.0
1776886306.4111028,-3.0,-7.0,-35.0
1776886306.4211028,-7.0,-10.0,-36.0
1776886306.4311028,0.0,-4.0,-37.0
1776886306.4411027,0.0,0.0,-33.0
1776886306.4511027,1.0,3.0,-37.0
1776886306.4611027,4.0,6.0,-41.0
1776886306.4711027,0.0,2.0,-39.0
1776886306.4811027,1.0,0.0,-36.0
1776886306.4911027,1.0,0.0,-35.0
1776886306.5011027,-2.0,-2.0,-36.0
1776886306.511103,0.0,-2.0,-37.0
1776886306.521103,-2.0,-2.0,-33.0
1776886306.531103,-3.0,0.0,-33.0
1776886306.5411026,-5.0,-5.0,-36.0
1776886306.5511026,-2.0,-9.0,-39.0
1776886306.5611026,2.0,-6.0,-36.0
1776886306.5711029,0.0,-3.0,-34.0
1776886306.5811028,-3.0,-3.0,-35.0
1776886306.5911028,-4.0,-3.0,-38.0
1776886306.6011028,-5.0,-5.0,-40.0
1776886306.6111028,-7.0,-7.0,-38.0
1776886306.6211028,-3.0,-5.0,-40.0
1776886306.6311028,-1.0,-7.0,-37.0
1776886306.6411028,-4.0,-4.0,-34.0
1776886306.6511028,-7.0,-2.0,-37.0
1776886306.6611028,-4.0,-4.0,-36.0
1776886306.6711028,1.0,-3.0,-39.0
1776886306.6811028,5.0,-2.0,-41.0
1776886306.6911027,1.0,-5.0,-37.0
1776886306.7011027,4.0,0.0,-33.0
1776886306.7111027,5.0,-1.0,-40.0
1776886306.7211027,3.0,-1.0,-36.0
1776886306.7311027,0.0,-8.0,-38.0
1776886306.7411027,-3.0,-8.0,-43.0
1776886306.7511027,-7.0,-8.0,-48.0
1776886306.761103,-9.0,-7.0,-50.0
1776886306.771103,-4.0,-7.0,-51.0
1776886306.781103,0.0,-2.0,-53.0
1776886306.7911026,-2.0,-2.0,-47.0
1776886306.8011026,-2.0,0.0,-43.0
1776886306.8111026,-2.0,-1.0,-37.0
1776886306.8211029,-1.0,-4.0,-38.0
1776886306.8311028,-5.0,-12.0,-33.0
1776886306.8411028,-4.0,-11.0,-38.0
1776886306.8511028,-1.0,-5.0,-39.0
1776886306.8611028,0.0,-2.0,-33.0
1776886306.8711028,-2.0,-3.0,-33.0
1776886306.8811028,-4.0,-6.0,-29.0
1776886306.8911028,-2.0,-6.0,-32.0
1776886306.9011028,-1.0,-4.0,-41.0
1776886306.9111028,4.0,-2.0,-42.0
1776886306.9211028,0.0,-1.0,-40.0
1776886306.9311028,-2.0,-1.0,-40.0
1776886306.9411027,-4.0,-2.0,-40.0
1776886306.9511027,-7.0,2.0,-44.0
1776886306.9611027,-4.0,2.0,-43.0
1776886306.9711027,-1.0,4.0,-40.0
1776886306.9811027,0.0,3.0,-36.0
1776886306.9911027,2.0,2.0,-25.0
1776886307.0011027,1.0,3.0,-23.0
1776886307.011103,0.0,1.0,-28.0
1776886307.021103,3.0,6.0,-33.0
1776886307.031103,6.0,1.0,-33.0
1776886307.0411026,4.0,-2.0,-32.0
1776886307.0511026,-3.0,-2.0,-31.0
1776886307.0611026,-8.0,-1.0,-36.0
1776886307.0711029,-8.0,0.0,-40.0
1776886307.0811028,-5.0,0.0,-42.0
1776886307.0911028,-4.0,0.0,-40.0
1776886307.1011028,-5.0,0.0,-43.0
1776886307.1111028,-6.0,0.0,-42.0
1776886307.1211028,-6.0,0.0,-43.0
1776886307.1311028,-3.0,-1.0,-42.0
1776886307.1411028,0.0,-5.0,-44.0
1776886307.1511028,5.0,-3.0,-45.0
1776886307.1611028,11.0,-1.0,-43.0
1776886307.1711028,16.0,-4.0,-46.0
1776886307.1811028,12.0,-7.0,-48.0
1776886307.1911027,4.0,0.0,-52.0
1776886307.2011027,5.0,2.0,-54.0
1776886307.2111027,2.0,4.0,-53.0
1776886307.2211027,1.0,4.0,-52.0
1776886307.2311027,0.0,3.0,-55.0
1776886307.2411027,0.0,3.0,-56.0
1776886307.2511027,2.0,1.0,-55.0
1776886307.261103,3.0,0.0,-53.0
1776886307.271103,5.0,-2.0,-49.0
1776886307.281103,4.0,0.0,-50.0
1776886307.2911026,2.0,-5.0,-53.0
1776886307.3011026,0.0,-4.0,-44.0
1776886307.3111026,0.0,-2.0,-44.0
1776886307.3211029,-3.0,-4.0,-43.0
1776886307.3311028,0.0,-2.0,-41.0
1776886307.3411028,-1.0,0.0,-40.0
1776886307.3511028,2.0,0.0,-38.0
1776886307.3611028,-1.0,1.0,-43.0
1776886307.3711028,-3.0,0.0,-45.0
1776886307.3811028,-3.0,0.0,-47.0
1776886307.3911028,-2.0,1.0,-40.0
1776886307.4011028,-2.0,1.0,-38.0
1776886307.4111028,-3.0,2.0,-37.0
1776886307.4211028,-2.0,7.0,-35.0
1776886307.4311028,0.0,6.0,-37.0
1776886307.4411027,0.0,0.0,-36.0
1776886307.4511027,0.0,-1.0,-39.0
1776886307.4611027,3.0,0.0,-44.0
1776886307.4711027,2.0,0.0,-39.0
1776886307.4811027,3.0,-6.0,-46.0
1776886307.4911027,2.0,-6.0,-49.0
1776886307.5011027,1.0,-2.0,-53.0
1776886307.511103,2.0,-1.0,-46.0
1776886307.521103,5.0,-5.0,-45.0
1776886307.531103,8.0,-3.0,-48.0
1776886307.5411026,5.0,-6.0,-46.0
1776886307.5511026,3.0,-2.0,-41.0
1776886307.5611026,1.0,0.0,-44.0
1776886307.5711029,0.0,-4.0,-34.0
1776886307.5811028,0.0,-4.0,-33.0
1776886307.5921028,3.0,-5.0,-40.0
1776886307.6021028,0.0,-5.0,-39.0
1776886307.6111028,3.0,-8.0,-36.0
1776886307.6221027,5.0,-6.0,-35.0
1776886307.6321027,3.0,-9.0,-34.0
1776886307.6421027,3.0,-8.0,-45.0
1776886307.6521027,5.0,-11.0,-51.0
1776886307.6621027,8.0,-13.0,-54.0
1776886307.6721027,7.0,-10.0,-55.0
1776886307.682103,9.0,-10.0,-54.0
1776886307.692103,4.0,-6.0,-48.0
1776886307.702103,0.0,-6.0,-48.0
1776886307.712103,1.0,-3.0,-45.0
1776886307.7221026,1.0,-10.0,-43.0
1776886307.7321026,3.0,-8.0,-43.0
1776886307.7421026,8.0,-7.0,-41.0
1776886307.7521029,7.0,-5.0,-40.0
1776886307.7621028,3.0,0.0,-38.0
1776886307.7721028,3.0,-4.0,-40.0
1776886307.7821028,0.0,-4.0,-42.0
1776886307.7921028,-3.0,0.0,-47.0
1776886307.8021028,-2.0,3.0,-39.0
1776886307.8121028,-1.0,-2.0,-37.0
1776886307.8221028,-6.0,-10.0,-40.0
1776886307.8321028,-7.0,-8.0,-38.0
1776886307.8421028,-5.0,-3.0,-39.0
1776886307.8521028,-1.0,-1.0,-43.0
1776886307.8621027,-2.0,0.0,-41.0
1776886307.8721027,1.0,-2.0,-43.0
1776886307.8821027,3.0,1.0,-49.0
1776886307.8921027,7.0,6.0,-45.0
1776886307.9021027,8.0,4.0,-45.0
1776886307.9121027,8.0,7.0,-42.0
1776886307.9221027,5.0,6.0,-38.0
1776886307.932103,0.0,1.0,-38.0
1776886307.942103,-1.0,-1.0,-38.0
1776886307.952103,2.0,-2.0,-37.0
1776886307.962103,4.0,-2.0,-40.0
1776886307.9721026,2.0,0.0,-42.0
1776886307.9821026,2.0,-1.0,-44.0
1776886307.9921026,3.0,0.0,-36.0
1776886308.0021029,3.0,-7.0,-39.0
1776886308.0121028,1.0,-10.0,-41.0
1776886308.0221028,5.0,-9.0,-47.0
1776886308.0321028,9.0,-6.0,-37.0
1776886308.0421028,6.0,0.0,-43.0
1776886308.0521028,4.0,1.0,-44.0
1776886308.0621028,0.0,0.0,-42.0
1776886308.0721028,-5.0,0.0,-45.0
1776886308.0821028,-4.0,0.0,-48.0
1776886308.0921028,-6.0,0.0,-44.0
1776886308.1021028,-5.0,0.0,-46.0
1776886308.1121027,-1.0,0.0,-43.0
1776886308.1221027,-1.0,-1.0,-42.0
1776886308.1321027,0.0,-1.0,-39.0
1776886308.1421027,1.0,-1.0,-37.0
1776886308.1521027,2.0,-1.0,-33.0
1776886308.1621027,0.0,-6.0,-38.0
1776886308.1721027,4.0,-1.0,-44.0
1776886308.182103,3.0,0.0,-47.0
1776886308.192103,-1.0,1.0,-49.0
1776886308.202103,-2.0,3.0,-49.0
1776886308.212103,0.0,-4.0,-45.0
1776886308.2221026,0.0,-4.0,-45.0
1776886308.2321026,-1.0,-6.0,-46.0
1776886308.2421026,0.0,-6.0,-40.0
1776886308.2521029,-2.0,-2.0,-41.0
1776886308.2621028,0.0,-4.0,-42.0
1776886308.2721028,0.0,-7.0,-33.0
1776886308.2821028,4.0,-5.0,-31.0
1776886308.2921028,0.0,-4.0,-31.0
1776886308.3021028,1.0,0.0,-33.0
1776886308.3121028,-1.0,-5.0,-37.0
1776886308.3221028,-2.0,-4.0,-44.0
1776886308.3321028,0.0,0.0,-47.0
1776886308.3421028,2.0,-1.0,-40.0
1776886308.3521028,1.0,-2.0,-36.0
1776886308.3621027,1.0,0.0,-31.0
1776886308.3721027,2.0,0.0,-32.0
1776886308.3821027,3.0,-1.0,-36.0
1776886308.3921027,0.0,-1.0,-37.0
1776886308.4021027,-2.0,0.0,-41.0
1776886308.4121027,0.0,0.0,-40.0
1776886308.4221027,7.0,0.0,-34.0
1776886308.432103,7.0,0.0,-35.0
1776886308.442103,0.0,0.0,-39.0
1776886308.452103,-4.0,0.0,-43.0
1776886308.462103,-7.0,0.0,-36.0
1776886308.4721026,-1.0,-2.0,-28.0
1776886308.4821026,0.0,-1.0,-28.0
1776886308.4921026,2.0,0.0,-27.0
1776886308.5021029,10.0,-3.0,-26.0
1776886308.5121028,6.0,-2.0,-32.0
1776886308.5221028,4.0,-4.0,-24.0
1776886308.5321028,8.0,-1.0,-21.0
1776886308.5421028,5.0,1.0,-23.0
1776886308.5521028,5.0,2.0,-20.0
1776886308.5621028,2.0,1.0,-21.0
1776886308.5721028,4.0,-3.0,-31.0
1776886308.5821028,3.0,-3.0,-33.0
1776886308.5921028,8.0,-2.0,-34.0
1776886308.6021028,7.0,-1.0,-34.0
1776886308.6121027,8.0,-1.0,-34.0
1776886308.6221027,8.0,-1.0,-37.0
1776886308.6321027,11.0,0.0,-33.0
1776886308.6421027,8.0,0.0,-31.0
1776886308.6521027,9.0,1.0,-26.0
1776886308.6621027,5.0,-2.0,-32.0
1776886308.6721027,5.0,-1.0,-34.0
1776886308.682103,0.0,0.0,-44.0
1776886308.692103,0.0,7.0,-40.0
1776886308.702103,-2.0,4.0,-43.0
1776886308.712103,-3.0,0.0,-46.0
1776886308.7221026,-5.0,1.0,-39.0
1776886308.7321026,-10.0,-3.0,-32.0
1776886308.7421026,-5.0,-5.0,-34.0
1776886308.7521029,-2.0,-6.0,-40.0
1776886308.7621028,-6.0,-7.0,-37.0
1776886308.7721028,-4.0,-4.0,-33.0
1776886308.7821028,-4.0,-5.0,-32.0
1776886308.7921028,1.0,-3.0,-34.0
1776886308.8021028,-2.0,-2.0,-42.0
1776886308.8121028,-1.0,-4.0,-42.0
1776886308.8221028,-4.0,-2.0,-37.0
1776886308.8321028,-2.0,0.0,-27.0
1776886308.8421028,0.0,1.0,-26.0
1776886308.8521028,-4.0,-1.0,-29.0
1776886308.8621027,-5.0,-3.0,-31.0
1776886308.8721027,-3.0,-5.0,-37.0
1776886308.8821027,-2.0,-6.0,-40.0
1776886308.8921027,0.0,-5.0,-41.0
1776886308.9021027,2.0,-4.0,-44.0
1776886308.9121027,-4.0,-2.0,-46.0
1776886308.9221027,-2.0,-3.0,-46.0
1776886308.932103,1.0,-2.0,-41.0
1776886308.942103,1.0,-2.0,-43.0
1776886308.952103,2.0,-4.0,-39.0
1776886308.962103,1.0,-6.0,-42.0
1776886308.9721026,0.0,-3.0,-41.0
1776886308.9821026,-1.0,-8.0,-37.0
1776886308.9921026,1.0,-6.0,-36.0
1776886309.0021029,-1.0,-5.0,-36.0
1776886309.0121028,-7.0,-1.0,-36.0
1776886309.0221028,-6.0,-1.0,-38.0
1776886309.0321028,1.0,-1.0,-31.0
1776886309.0421028,1.0,-3.0,-31.0
1776886309.0521028,1.0,-7.0,-33.0
1776886309.0621028,0.0,-1.0,-30.0
1776886309.0721028,-3.0,2.0,-27.0
1776886309.0821028,-6.0,1.0,-26.0
1776886309.0921028,-12.0,1.0,-29.0
1776886309.1021028,-11.0,2.0,-30.0
1776886309.1121027,-5.0,3.0,-30.0
1776886309.1221027,-3.0,2.0,-27.0
1776886309.1321027,-3.0,4.0,-32.0
1776886309.1421027,-7.0,4.0,-25.0
1776886309.1521027,-4.0,4.0,-26.0
1776886309.1621027,-2.0,1.0,-27.0
1776886309.1721027,-8.0,0.0,-29.0
1776886309.182103,-10.0,-1.0,-32.0
1776886309.192103,-9.0,0.0,-32.0
1776886309.202103,-6.0,0.0,-35.0
1776886309.212103,-4.0,-1.0,-36.0
1776886309.2221026,-3.0,0.0,-39.0
1776886309.2321026,-2.0,1.0,-38.0
1776886309.2421026,-2.0,-1.0,-42.0
1776886309.2521029,-1.0,0.0,-38.0
1776886309.2621028,1.0,1.0,-41.0
1776886309.2721028,1.0,0.0,-40.0
1776886309.2821028,1.0,0.0,-42.0
1776886309.2921028,0.0,-1.0,-44.0
1776886309.3021028,1.0,-5.0,-44.0
1776886309.3121028,4.0,-5.0,-46.0
1776886309.3221028,4.0,-4.0,-41.0
1776886309.3321028,7.0,-6.0,-46.0
1776886309.3421028,4.0,-5.0,-49.0
1776886309.3521028,6.0,-2.0,-45.0
1776886309.3621027,3.0,-2.0,-42.0
1776886309.3721027,-1.0,0.0,-38.0
1776886309.3821027,-3.0,0.0,-39.0
1776886309.3921027,-2.0,-2.0,-37.0
1776886309.4021027,-1.0,-2.0,-37.0
1776886309.4121027,-1.0,0.0,-39.0
1776886309.4221027,0.0,0.0,-38.0
1776886309.432103,2.0,-1.0,-33.0
1776886309.442103,-1.0,0.0,-36.0
1776886309.452103,-2.0,2.0,-39.0
1776886309.462103,-2.0,-3.0,-39.0
1776886309.4721026,-1.0,0.0,-40.0
1776886309.4821026,-3.0,-1.0,-44.0
1776886309.4921026,-3.0,-2.0,-43.0
1776886309.5021029,0.0,0.0,-40.0
1776886309.5121028,4.0,0.0,-38.0
1776886309.5221028,7.0,0.0,-38.0
1776886309.5321028,0.0,1.0,-35.0
1776886309.5431027,0.0,0.0,-31.0
1776886309.5521028,0.0,-3.0,-27.0
1776886309.5621028,0.0,-4.0,-28.0
1776886309.5731027,0.0,-3.0,-36.0
1776886309.5831027,0.0,-7.0,-31.0
1776886309.5931027,3.0,-5.0,-34.0
1776886309.6031027,3.0,-5.0,-35.0
1776886309.613103,4.0,-8.0,-39.0
1776886309.623103,-2.0,-6.0,-35.0
1776886309.633103,0.0,-7.0,-34.0
1776886309.6431026,3.0,-7.0,-43.0
1776886309.6531026,-3.0,-5.0,-54.0
1776886309.6631026,-6.0,-1.0,-54.0
1776886309.6731029,-5.0,-4.0,-50.0
1776886309.6831028,-2.0,-7.0,-44.0
1776886309.6931028,-6.0,-4.0,-50.0
1776886309.7031028,-4.0,0.0,-50.0
1776886309.7131028,0.0,0.0,-50.0
1776886309.7231028,-1.0,0.0,-53.0
1776886309.7331028,2.0,0.0,-50.0
1776886309.7431028,4.0,-2.0,-44.0
1776886309.7531028,1.0,-4.0,-43.0
1776886309.7631028,1.0,-7.0,-35.0
1776886309.7731028,4.0,-4.0,-29.0
1776886309.7831028,2.0,-3.0,-26.0
1776886309.7931027,0.0,-6.0,-29.0
1776886309.8031027,-1.0,-6.0,-30.0
1776886309.8131027,-4.0,-2.0,-26.0
1776886309.8231027,-3.0,-2.0,-28.0
1776886309.8331027,-3.0,-5.0,-33.0
1776886309.8431027,0.0,-2.0,-34.0
1776886309.8531027,0.0,-4.0,-41.0
1776886309.863103,3.0,0.0,-34.0
1776886309.873103,8.0,-3.0,-37.0
1776886309.883103,3.0,-5.0,-35.0
1776886309.8931026,1.0,-1.0,-38.0
1776886309.9031026,2.0,-1.0,-35.0
1776886309.9131026,5.0,0.0,-36.0
1776886309.9231029,5.0,-1.0,-34.0
1776886309.9331028,6.0,-4.0,-39.0
1776886309.9431028,5.0,-4.0,-39.0
1776886309.9531028,4.0,-3.0,-33.0
1776886309.9631028,7.0,-3.0,-29.0
1776886309.9731028,7.0,-2.0,-30.0
1776886309.9831028,10.0,1.0,-33.0
1776886309.9931028,8.0,0.0,-38.0
1776886310.0031028,5.0,0.0,-33.0
1776886310.0131028,4.0,4.0,-30.0
1776886310.0231028,4.0,0.0,-33.0
1776886310.0331028,5.0,-3.0,-32.0
1776886310.0431027,9.0,-3.0,-38.0
1776886310.0531027,8.0,-4.0,-38.0
1776886310.0631027,4.0,-5.0,-38.0
1776886310.0731027,2.0,-9.0,-39.0
1776886310.0831027,1.0,-10.0,-37.0
1776886310.0931027,0.0,-7.0,-38.0
1776886310.1031027,-1.0,-6.0,-37.0
1776886310.113103,0.0,-2.0,-34.0
1776886310.123103,-2.0,0.0,-35.0
1776886310.133103,-2.0,0.0,-39.0
1776886310.1431026,-5.0,-2.0,-35.0
1776886310.1531026,-5.0,0.0,-37.0
1776886310.1631026,-4.0,1.0,-35.0
1776886310.1731029,-3.0,1.0,-39.0
1776886310.1831028,-2.0,0.0,-36.0
1776886310.1931028,-5.0,-1.0,-37.0
1776886310.2031028,1.0,-3.0,-42.0
1776886310.2131028,0.0,0.0,-43.0
1776886310.2231028,0.0,-3.0,-37.0
1776886310.2331028,0.0,-4.0,-37.0
1776886310.2431028,-2.0,-1.0,-29.0
1776886310.2531028,-6.0,0.0,-26.0
1776886310.2631028,-5.0,1.0,-30.0
1776886310.2731028,-3.0,6.0,-27.0
1776886310.2831028,-1.0,4.0,-26.0
1776886310.2931027,1.0,2.0,-27.0
1776886310.3031027,0.0,0.0,-26.0
1776886310.3131027,0.0,0.0,-32.0
1776886310.3231027,-4.0,0.0,-36.0
1776886310.3331027,-2.0,1.0,-39.0
1776886310.3431027,0.0,-2.0,-43.0
1776886310.3531027,-4.0,-4.0,-35.0
1776886310.363103,-9.0,0.0,-34.0
1776886310.373103,-4.0,4.0,-35.0
1776886310.383103,-2.0,1.0,-37.0
1776886310.3931026,-2.0,0.0,-35.0
1776886310.4031026,0.0,0.0,-39.0
1776886310.4131026,0.0,-2.0,-42.0
1776886310.4231029,-1.0,-2.0,-41.0
1776886310.4331028,-1.0,-3.0,-39.0
1776886310.4431028,1.0,-3.0,-37.0
1776886310.4531028,3.0,-4.0,-38.0
1776886310.4631028,2.0,0.0,-40.0
1776886310.4731028,-2.0,1.0,-40.0
1776886310.4831028,-6.0,2.0,-37.0
1776886310.4931028,-3.0,3.0,-38.0
1776886310.5031028,-1.0,0.0,-41.0
1776886310.5131028,5.0,1.0,-36.0
1776886310.5231028,10.0,2.0,-37.0
1776886310.5331028,9.0,1.0,-32.0
1776886310.5431027,5.0,-2.0,-32.0
1776886310.5531027,5.0,-3.0,-39.0
1776886310.5631027,6.0,-3.0,-38.0
1776886310.5731027,8.0,-3.0,-42.0
1776886310.5831027,3.0,0.0,-42.0
1776886310.5931027,5.0,1.0,-47.0
1776886310.6031027,7.0,0.0,-48.0
1776886310.613103,1.0,1.0,-48.0
1776886310.623103,2.0,4.0,-44.0
1776886310.633103,2.0,4.0,-47.0
1776886310.6431026,0.0,1.0,-40.0
1776886310.6531026,-4.0,-1.0,-36.0
1776886310.6631026,-1.0,0.0,-33.0
1776886310.6731029,1.0,0.0,-41.0
1776886310.6831028,-1.0,0.0,-37.0
1776886310.6931028,1.0,-1.0,-41.0
1776886310.7031028,1.0,0.0,-44.0
1776886310.7131028,1.0,1.0,-45.0
1776886310.7231028,4.0,1.0,-41.0
1776886310.7331028,-1.0,1.0,-43.0
1776886310.7431028,1.0,-2.0,-47.0
1776886310.7531028,0.0,-6.0,-42.0
1776886310.7631028,2.0,-5.0,-45.0
1776886310.7731028,3.0,-6.0,-41.0
1776886310.7831028,4.0,-6.0,-44.0
1776886310.7931027,4.0,-7.0,-39.0
1776886310.8031027,1.0,-11.0,-34.0
1776886310.8131027,4.0,-12.0,-30.0
1776886310.8231027,0.0,-10.0,-35.0
1776886310.8331027,-4.0,-6.0,-32.0
1776886310.8431027,-4.0,-5.0,-30.0
1776886310.8531027,-7.0,-5.0,-34.0
1776886310.863103,-2.0,-4.0,-37.0
1776886310.873103,-4.0,-2.0,-25.0
1776886310.883103,-1.0,-2.0,-26.0
1776886310.8931026,-3.0,-2.0,-28.0
1776886310.9031026,-5.0,0.0,-33.0
1776886310.9131026,-3.0,3.0,-40.0
1776886310.9231029,-7.0,1.0,-34.0
1776886310.9331028,-4.0,2.0,-38.0
1776886310.9431028,-4.0,4.0,-43.0
1776886310.9531028,-1.0,7.0,-44.0
1776886310.9631028,4.0,0.0,-46.0
1776886310.9731028,3.0,-3.0,-41.0
1776886310.9831028,3.0,-2.0,-41.0
1776886310.9931028,3.0,-2.0,-46.0
1776886311.0031028,6.0,-4.0,-44.0
1776886311.0131028,5.0,-3.0,-39.0
1776886311.0231028,5.0,-4.0,-33.0
1776886311.0331028,0.0,1.0,-38.0
1776886311.0431027,2.0,1.0,-41.0
1776886311.0531027,1.0,-4.0,-39.0
1776886311.0631027,-1.0,-8.0,-36.0
1776886311.0731027,0.0,-9.0,-34.0
1776886311.0831027,6.0,-6.0,-31.0
1776886311.0931027,5.0,-7.0,-32.0
1776886311.1031027,4.0,-9.0,-31.0
1776886311.113103,1.0,-5.0,-32.0
1776886311.123103,1.0,-3.0,-33.0
1776886311.133103,1.0,-5.0,-36.0
1776886311.1431026,-3.0,-2.0,-37.0
1776886311.1531026,-4.0,-4.0,-33.0
1776886311.1631026,-1.0,-6.0,-42.0
1776886311.1731029,4.0,-4.0,-40.0
1776886311.1831028,3.0,-3.0,-43.0
1776886311.1931028,6.0,-1.0,-42.0
1776886311.2031028,7.0,1.0,-36.0
1776886311.2131028,4.0,4.0,-39.0
1776886311.2231028,6.0,0.0,-42.0
1776886311.2331028,6.0,2.0,-39.0
1776886311.2431028,7.0,4.0,-36.0
1776886311.2531028,4.0,2.0,-46.0
1776886311.2631028,2.0,-1.0,-40.0
1776886311.2731028,1.0,-3.0,-38.0
1776886311.2831028,0.0,-2.0,-35.0
1776886311.2931027,-3.0,-2.0,-33.0
1776886311.3031027,0.0,-3.0,-39.0
1776886311.3131027,0.0,-5.0,-37.0
1776886311.3231027,3.0,-4.0,-32.0
1776886311.3331027,2.0,0.0,-31.0
1776886311.3431027,2.0,1.0,-32.0
1776886311.3531027,3.0,5.0,-29.0
1776886311.363103,3.0,0.0,-31.0
1776886311.373103,1.0,1.0,-36.0
1776886311.383103,1.0,-1.0,-35.0
1776886311.3931026,4.0,-7.0,-33.0
1776886311.4031026,3.0,-5.0,-33.0
1776886311.4131026,-1.0,-3.0,-41.0
1776886311.4231029,0.0,-5.0,-40.0
1776886311.4331028,1.0,-1.0,-41.0
1776886311.4431028,0.0,0.0,-40.0
1776886311.4531028,-2.0,0.0,-40.0
1776886311.4631028,-3.0,0.0,-42.0
1776886311.4731028,-3.0,0.0,-39.0
1776886311.4831028,-3.0,3.0,-35.0
1776886311.4931028,-5.0,2.0,-35.0
1776886311.5031028,-3.0,4.0,-38.0
1776886311.5131028,0.0,6.0,-40.0
1776886311.5231028,-2.0,3.0,-36.0
1776886311.5331028,1.0,4.0,-39.0
1776886311.5431027,3.0,0.0,-38.0
1776886311.5531027,0.0,-2.0,-37.0
1776886311.5631027,0.0,0.0,-38.0
1776886311.5741026,-2.0,0.0,-34.0
1776886311.5841026,-8.0,0.0,-32.0
1776886311.5941026,-6.0,-1.0,-34.0
1776886311.6041028,-4.0,2.0,-39.0
1776886311.6141028,0.0,1.0,-46.0
1776886311.6241028,-1.0,0.0,-41.0
1776886311.6341028,-2.0,1.0,-41.0
1776886311.6441028,0.0,2.0,-37.0
1776886311.6541028,-4.0,-4.0,-35.0
1776886311.6641028,-7.0,-4.0,-36.0
1776886311.6741028,-11.0,-4.0,-35.0
1776886311.6841028,-5.0,-3.0,-35.0
1776886311.6941028,-6.0,-3.0,-42.0
1776886311.7041028,-1.0,-5.0,-44.0
1776886311.7141027,1.0,-3.0,-40.0
1776886311.7241027,-2.0,-6.0,-39.0
1776886311.7341027,2.0,-9.0,-42.0
1776886311.7441027,4.0,-9.0,-44.0
1776886311.7541027,2.0,-9.0,-47.0
1776886311.7641027,5.0,-3.0,-40.0
1776886311.7741027,-2.0,-5.0,-40.0
1776886311.784103,-5.0,-4.0,-46.0
1776886311.794103,-5.0,-2.0,-48.0
1776886311.804103,-7.0,-4.0,-47.0
1776886311.8141026,-8.0,-1.0,-49.0
1776886311.8241026,-8.0,-4.0,-49.0
1776886311.8341026,-3.0,-3.0,-46.0
1776886311.8441026,0.0,-8.0,-48.0
1776886311.8541028,1.0,-8.0,-41.0
1776886311.8641028,0.0,-8.0,-43.0
1776886311.8741028,0.0,-8.0,-44.0
1776886311.8841028,1.0,-6.0,-39.0
1776886311.8941028,3.0,-5.0,-43.0
1776886311.9041028,1.0,-2.0,-50.0
1776886311.9141028,0.0,0.0,-54.0
1776886311.9241028,0.0,0.0,-59.0
1776886311.9341028,2.0,-1.0,-59.0
1776886311.9441028,3.0,-2.0,-58.0
1776886311.9541028,6.0,2.0,-57.0
1776886311.9641027,8.0,3.0,-55.0
1776886311.9741027,4.0,0.0,-55.0
1776886311.9841027,7.0,0.0,-40.0
1776886311.9941027,7.0,-1.0,-39.0
1776886312.0041027,2.0,-5.0,-42.0
1776886312.0141027,1.0,-4.0,-42.0
1776886312.0241027,0.0,0.0,-36.0
1776886312.034103,-4.0,1.0,-43.0
1776886312.044103,-6.0,5.0,-43.0
1776886312.054103,-6.0,5.0,-39.0
1776886312.0641026,-5.0,1.0,-43.0
1776886312.0741026,-3.0,0.0,-48.0
1776886312.0841026,0.0,3.0,-46.0
1776886312.0941026,3.0,-2.0,-45.0
1776886312.1041028,-3.0,-3.0,-49.0
1776886312.1141028,-2.0,0.0,-44.0
1776886312.1241028,-6.0,3.0,-37.0
1776886312.1341028,-4.0,1.0,-33.0
1776886312.1441028,-7.0,3.0,-36.0
1776886312.1541028,-3.0,7.0,-40.0
1776886312.1641028,-2.0,10.0,-36.0
1776886312.1741028,3.0,6.0,-37.0
1776886312.1841028,3.0,4.0,-36.0
1776886312.1941028,1.0,5.0,-26.0
1776886312.2041028,-1.0,1.0,-32.0
1776886312.2141027,0.0,0.0,-32.0
1776886312.2241027,2.0,1.0,-31.0
1776886312.2341027,9.0,3.0,-31.0
1776886312.2441027,10.0,5.0,-31.0
1776886312.2541027,3.0,4.0,-33.0
1776886312.2641027,3.0,0.0,-39.0
1776886312.2741027,1.0,-1.0,-37.0
1776886312.284103,0.0,-1.0,-31.0
1776886312.294103,0.0,0.0,-33.0
1776886312.304103,-3.0,1.0,-38.0
1776886312.3141026,-6.0,4.0,-39.0
1776886312.3241026,-2.0,2.0,-38.0
1776886312.3341026,0.0,3.0,-38.0
1776886312.3441026,0.0,3.0,-37.0
1776886312.3541028,4.0,4.0,-38.0
1776886312.3641028,10.0,4.0,-36.0
1776886312.3741028,7.0,0.0,-41.0
1776886312.3841028,5.0,-2.0,-40.0
1776886312.3941028,3.0,-3.0,-41.0
1776886312.4041028,0.0,-1.0,-42.0
1776886312.4141028,3.0,-2.0,-38.0
1776886312.4241028,3.0,-6.0,-38.0
1776886312.4341028,0.0,-6.0,-32.0
1776886312.4441028,-1.0,-2.0,-33.0
1776886312.4541028,-5.0,-3.0,-38.0
1776886312.4641027,-6.0,-3.0,-39.0
1776886312.4741027,-6.0,-8.0,-42.0
1776886312.4841027,-3.0,-4.0,-42.0
1776886312.4941027,-3.0,-3.0,-43.0
1776886312.5041027,-4.0,-2.0,-43.0
1776886312.5141027,-3.0,0.0,-38.0
1776886312.5241027,0.0,0.0,-41.0
1776886312.534103,0.0,-3.0,-51.0
1776886312.544103,2.0,-4.0,-48.0
1776886312.554103,1.0,-3.0,-45.0
1776886312.5641026,0.0,-3.0,-38.0
1776886312.5741026,0.0,-7.0,-34.0
1776886312.5841026,0.0,-8.0,-38.0
1776886312.5941026,0.0,-3.0,-41.0
1776886312.6041028,0.0,0.0,-36.0
1776886312.6141028,1.0,-2.0,-33.0
1776886312.6241028,-1.0,-1.0,-36.0
1776886312.6341028,3.0,0.0,-35.0
1776886312.6441028,3.0,0.0,-33.0
1776886312.6541028,0.0,0.0,-35.0
1776886312.6641028,0.0,-2.0,-37.0
1776886312.6741028,-2.0,-1.0,-38.0
1776886312.6841028,0.0,1.0,-39.0
1776886312.6941028,-2.0,-1.0,-41.0
1776886312.7041028,-5.0,1.0,-38.0
1776886312.7141027,-2.0,0.0,-40.0
1776886312.7241027,-5.0,0.0,-37.0
1776886312.7341027,-6.0,0.0,-35.0
1776886312.7441027,-2.0,2.0,-37.0
1776886312.7541027,4.0,0.0,-37.0
1776886312.7641027,2.0,-1.0,-35.0
1776886312.7741027,-1.0,-1.0,-29.0
1776886312.784103,1.0,-4.0,-24.0
1776886312.794103,5.0,-2.0,-26.0
1776886312.804103,5.0,-2.0,-33.0
1776886312.8141026,5.0,-2.0,-33.0
1776886312.8241026,2.0,-8.0,-30.0
1776886312.8341026,1.0,-9.0,-40.0
1776886312.8441026,1.0,-5.0,-42.0
1776886312.8541028,1.0,0.0,-39.0
1776886312.8641028,3.0,1.0,-39.0
1776886312.8741028,0.0,2.0,-42.0
1776886312.8841028,0.0,4.0,-42.0
1776886312.8941028,2.0,6.0,-41.0
1776886312.9041028,1.0,4.0,-39.0
1776886312.9141028,1.0,-3.0,-45.0
1776886312.9241028,5.0,-6.0,-35.0
1776886312.9341028,4.0,-8.0,-36.0
1776886312.9441028,6.0,-8.0,-41.0
1776886312.9541028,4.0,-6.0,-46.0
1776886312.9641027,-1.0,-6.0,-47.0
1776886312.9741027,-6.0,-1.0,-46.0
1776886312.9841027,-2.0,-1.0,-42.0
1776886312.9941027,-4.0,-4.0,-43.0
1776886313.0041027,-3.0,-1.0,-45.0
1776886313.0141027,-1.0,-2.0,-41.0
1776886313.0241027,-1.0,-2.0,-41.0
1776886313.034103,-2.0,2.0,-35.0
1776886313.044103,-3.0,3.0,-26.0
1776886313.054103,0.0,4.0,-30.0
1776886313.0641026,0.0,3.0,-30.0
1776886313.0741026,-1.0,6.0,-24.0
1776886313.0841026,4.0,4.0,-31.0
1776886313.0941026,7.0,6.0,-34.0
1776886313.1041028,1.0,8.0,-36.0
1776886313.1141028,0.0,2.0,-41.0
1776886313.1241028,3.0,1.0,-38.0
1776886313.1341028,4.0,-2.0,-38.0
1776886313.1441028,-1.0,-2.0,-43.0
1776886313.1541028,-3.0,-1.0,-50.0
1776886313.1641028,-1.0,3.0,-50.0
1776886313.1741028,0.0,3.0,-50.0
1776886313.1841028,1.0,0.0,-44.0
1776886313.1941028,0.0,-1.0,-38.0
1776886313.2041028,3.0,0.0,-38.0
1776886313.2141027,5.0,-2.0,-32.0
1776886313.2241027,-1.0,0.0,-26.0
1776886313.2341027,1.0,0.0,-22.0
1776886313.2441027,3.0,0.0,-21.0
1776886313.2541027,3.0,1.0,-27.0
1776886313.2641027,4.0,0.0,-33.0
1776886313.2741027,2.0,-5.0,-33.0
1776886313.284103,5.0,-6.0,-35.0
1776886313.294103,6.0,-3.0,-36.0
1776886313.304103,10.0,-4.0,-43.0
1776886313.3141026,6.0,-3.0,-47.0
1776886313.3241026,3.0,0.0,-46.0
1776886313.3341026,2.0,2.0,-47.0
1776886313.3441026,0.0,1.0,-48.0
1776886313.3541028,-1.0,2.0,-48.0
1776886313.3641028,0.0,3.0,-46.0
1776886313.3741028,3.0,0.0,-38.0
1776886313.3841028,3.0,-2.0,-41.0
1776886313.3941028,2.0,-1.0,-35.0
1776886313.4041028,0.0,0.0,-33.0
1776886313.4141028,1.0,4.0,-33.0
1776886313.4241028,0.0,3.0,-31.0
1776886313.4341028,-4.0,0.0,-38.0
1776886313.4441028,-2.0,0.0,-38.0
1776886313.4541028,-1.0,-1.0,-43.0
1776886313.4641027,-6.0,0.0,-38.0
1776886313.4741027,-7.0,1.0,-40.0
1776886313.4841027,-5.0,5.0,-36.0
1776886313.4941027,0.0,4.0,-34.0
1776886313.5041027,2.0,0.0,-41.0
1776886313.5141027,0.0,-2.0,-37.0
1776886313.5241027,0.0,-2.0,-39.0
1776886313.534103,-1.0,-2.0,-40.0
1776886313.544103,-1.0,-7.0,-40.0
1776886313.554103,-1.0,-7.0,-40.0
1776886313.5641026,-2.0,-5.0,-41.0
1776886313.5751028,-2.0,-5.0,-38.0
1776886313.5851028,-2.0,0.0,-34.0
1776886313.5951028,1.0,-1.0,-35.0
1776886313.6051028,0.0,-1.0,-33.0
1776886313.6151028,-4.0,-2.0,-31.0
1776886313.6251028,-6.0,0.0,-36.0
1776886313.6351027,-7.0,5.0,-41.0
1776886313.6451027,-6.0,8.0,-39.0
1776886313.6551027,0.0,8.0,-42.0
1776886313.6651027,0.0,6.0,-46.0
1776886313.6751027,-3.0,5.0,-52.0
1776886313.6851027,-5.0,0.0,-51.0
1776886313.6951027,-3.0,2.0,-53.0
1776886313.7051027,1.0,0.0,-48.0
1776886313.715103,0.0,-1.0,-49.0
1776886313.725103,-5.0,-4.0,-51.0
1776886313.735103,-8.0,-2.0,-57.0
1776886313.7451026,-8.0,-2.0,-52.0
1776886313.7551026,-6.0,-4.0,-51.0
1776886313.7651026,-7.0,-4.0,-48.0
1776886313.7751029,-7.0,-2.0,-43.0
1776886313.7851028,-4.0,-3.0,-42.0
1776886313.7951028,0.0,-5.0,-44.0
1776886313.8051028,-1.0,-9.0,-42.0
1776886313.8151028,-2.0,-3.0,-38.0
1776886313.8251028,0.0,2.0,-36.0
1776886313.8351028,-2.0,5.0,-35.0
1776886313.8451028,-3.0,7.0,-39.0
1776886313.8551028,-1.0,2.0,-39.0
1776886313.8651028,-3.0,-3.0,-44.0
1776886313.8751028,-1.0,-6.0,-43.0
1776886313.8851027,-1.0,-5.0,-50.0
1776886313.8951027,0.0,-7.0,-47.0
1776886313.9051027,1.0,-5.0,-42.0
1776886313.9151027,3.0,-6.0,-36.0
1776886313.9251027,1.0,-1.0,-34.0
1776886313.9351027,0.0,1.0,-32.0
1776886313.9451027,0.0,-1.0,-38.0
1776886313.9551027,-2.0,-2.0,-45.0
1776886313.965103,-4.0,-1.0,-46.0
1776886313.975103,0.0,4.0,-40.0
1776886313.985103,0.0,1.0,-43.0
1776886313.9951026,4.0,-2.0,-42.0
1776886314.0051026,6.0,-4.0,-46.0
1776886314.0151026,8.0,-7.0,-49.0
1776886314.0251029,1.0,-12.0,-51.0
1776886314.0351028,3.0,-8.0,-55.0
1776886314.0451028,5.0,-8.0,-51.0
1776886314.0551028,6.0,-8.0,-46.0
1776886314.0651028,5.0,-4.0,-41.0
1776886314.0751028,1.0,-3.0,-39.0
1776886314.0851028,0.0,-2.0,-34.0
1776886314.0951028,0.0,-3.0,-32.0
1776886314.1051028,1.0,-5.0,-33.0
1776886314.1151028,1.0,-6.0,-38.0
1776886314.1251028,0.0,-3.0,-36.0
1776886314.1351027,0.0,-4.0,-31.0
1776886314.1451027,-1.0,-5.0,-35.0
1776886314.1551027,0.0,1.0,-35.0
1776886314.1651027,1.0,0.0,-38.0
1776886314.1751027,0.0,3.0,-33.0
1776886314.1851027,1.0,0.0,-36.0
1776886314.1951027,3.0,-1.0,-35.0
1776886314.2051027,0.0,-1.0,-37.0
1776886314.215103,-1.0,4.0,-32.0
1776886314.225103,0.0,10.0,-36.0
1776886314.235103,-3.0,8.0,-33.0
1776886314.2451026,-6.0,3.0,-35.0
1776886314.2551026,-5.0,-2.0,-41.0
1776886314.2651026,-3.0,-1.0,-42.0
1776886314.2751029,-3.0,0.0,-37.0
1776886314.2851028,1.0,0.0,-38.0
1776886314.2951028,6.0,0.0,-38.0
1776886314.3051028,2.0,-3.0,-43.0
1776886314.3151028,2.0,-3.0,-49.0
1776886314.3251028,4.0,-6.0,-48.0
1776886314.3351028,6.0,-5.0,-44.0
1776886314.3451028,5.0,-3.0,-41.0
1776886314.3551028,6.0,-3.0,-44.0
1776886314.3651028,1.0,-1.0,-50.0
1776886314.3751028,1.0,3.0,-45.0
1776886314.3851027,7.0,1.0,-40.0
1776886314.3951027,3.0,-1.0,-42.0
1776886314.4051027,0.0,-3.0,-44.0
1776886314.4151027,1.0,-5.0,-40.0
1776886314.4251027,3.0,-8.0,-40.0
1776886314.4351027,0.0,-6.0,-42.0
1776886314.4451027,-3.0,-4.0,-37.0
1776886314.4551027,-4.0,-2.0,-36.0
1776886314.465103,-4.0,-1.0,-37.0
1776886314.475103,-1.0,0.0,-34.0
1776886314.485103,-3.0,-2.0,-30.0
1776886314.4951026,-4.0,0.0,-32.0
1776886314.5051026,-4.0,0.0,-38.0
1776886314.5151026,0.0,3.0,-38.0
1776886314.5251029,1.0,2.0,-30.0
1776886314.5351028,2.0,2.0,-35.0
1776886314.5451028,2.0,1.0,-31.0
1776886314.5551028,1.0,-5.0,-28.0
1776886314.5651028,0.0,-3.0,-31.0
1776886314.5751028,-3.0,-3.0,-33.0
1776886314.5851028,-2.0,-2.0,-40.0
1776886314.5951028,0.0,0.0,-35.0
1776886314.6051028,1.0,-3.0,-35.0
1776886314.6151028,0.0,-1.0,-37.0
1776886314.6251028,1.0,-2.0,-39.0
1776886314.6351027,-3.0,1.0,-41.0
1776886314.6451027,3.0,1.0,-41.0
1776886314.6551027,6.0,2.0,-40.0
1776886314.6651027,5.0,0.0,-43.0
1776886314.6751027,0.0,0.0,-49.0
1776886314.6851027,0.0,-1.0,-45.0
1776886314.6951027,0.0,0.0,-45.0
1776886314.7051027,0.0,0.0,-47.0
1776886314.715103,4.0,0.0,-47.0
1776886314.725103,5.0,-4.0,-42.0
1776886314.735103,7.0,-7.0,-46.0
1776886314.7451026,4.0,-7.0,-42.0
1776886314.7551026,7.0,-3.0,-37.0
1776886314.7651026,7.0,-3.0,-35.0
1776886314.7751029,9.0,0.0,-29.0
1776886314.7851028,6.0,-4.0,-32.0
1776886314.7951028,8.0,-1.0,-36.0
1776886314.8051028,5.0,-3.0,-41.0
1776886314.8151028,-1.0,-5.0,-46.0
1776886314.8251028,-2.0,-3.0,-47.0
1776886314.8351028,0.0,-6.0,-51.0
1776886314.8451028,-3.0,-7.0,-46.0
1776886314.8551028,-2.0,-7.0,-37.0
1776886314.8651028,0.0,-12.0,-33.0
1776886314.8751028,0.0,-13.0,-34.0
1776886314.8851027,0.0,-13.0,-35.0
1776886314.8951027,-1.0,-10.0,-31.0
1776886314.9051027,-4.0,-4.0,-34.0
1776886314.9151027,-5.0,-3.0,-35.0
1776886314.9251027,-11.0,2.0,-34.0
1776886314.9351027,-8.0,2.0,-29.0
1776886314.9451027,-3.0,0.0,-32.0
1776886314.9551027,-2.0,0.0,-32.0
1776886314.965103,-2.0,0.0,-31.0
1776886314.975103,3.0,2.0,-27.0
1776886314.985103,1.0,0.0,-34.0
1776886314.9951026,4.0,-3.0,-39.0
1776886315.0051026,5.0,-5.0,-38.0
1776886315.0151026,4.0,-4.0,-44.0
1776886315.0251029,7.0,-4.0,-42.0
1776886315.0351028,4.0,0.0,-33.0
1776886315.0451028,-3.0,-1.0,-32.0
1776886315.0551028,-2.0,-2.0,-35.0
1776886315.0651028,0.0,0.0,-36.0
1776886315.0751028,0.0,-3.0,-36.0
1776886315.0851028,-2.0,-2.0,-38.0
1776886315.0951028,-2.0,-4.0,-35.0
1776886315.1051028,-1.0,-3.0,-33.0
1776886315.1151028,0.0,-4.0,-35.0
1776886315.1251028,-1.0,-3.0,-40.0
1776886315.1351027,-2.0,-2.0,-37.0
1776886315.1451027,-4.0,4.0,-37.0
1776886315.1551027,-5.0,5.0,-37.0
1776886315.1651027,0.0,5.0,-35.0
1776886315.1751027,-4.0,5.0,-37.0
1776886315.1851027,-1.0,2.0,-40.0
1776886315.1951027,3.0,-1.0,-42.0
1776886315.2051027,2.0,0.0,-40.0
1776886315.215103,3.0,-3.0,-40.0
1776886315.225103,7.0,-1.0,-48.0
1776886315.235103,2.0,-4.0,-44.0
1776886315.2451026,1.0,-4.0,-48.0
1776886315.2551026,-2.0,-6.0,-43.0
1776886315.2651026,-5.0,-10.0,-38.0
1776886315.2751029,-4.0,-11.0,-33.0
1776886315.2851028,-7.0,-9.0,-30.0
1776886315.2951028,-4.0,-8.0,-32.0
1776886315.3051028,-3.0,-11.0,-33.0
1776886315.3151028,-5.0,-12.0,-34.0
1776886315.3251028,0.0,-8.0,-39.0
1776886315.3351028,-1.0,-6.0,-42.0
1776886315.3451028,-2.0,-8.0,-43.0
1776886315.3551028,-6.0,-7.0,-36.0
1776886315.3651028,-5.0,-8.0,-43.0
1776886315.3751028,-4.0,-5.0,-42.0
1776886315.3851027,-4.0,-1.0,-39.0
1776886315.3951027,-3.0,-5.0,-45.0
1776886315.4051027,-4.0,-5.0,-45.0
1776886315.4151027,0.0,-5.0,-41.0
1776886315.4251027,1.0,-5.0,-46.0
1776886315.4351027,0.0,0.0,-40.0
1776886315.4451027,2.0,0.0,-38.0
1776886315.4551027,1.0,-4.0,-25.0
1776886315.465103,-2.0,-4.0,-21.0
1776886315.475103,-3.0,-9.0,-23.0
1776886315.485103,1.0,-10.0,-25.0
1776886315.4951026,-1.0,-8.0,-31.0
1776886315.5051026,-3.0,-3.0,-37.0
1776886315.5151026,0.0,0.0,-39.0
1776886315.5251029,-2.0,2.0,-39.0
1776886315.5351028,-1.0,-1.0,-37.0
1776886315.5451028,0.0,-5.0,-41.0
1776886315.5551028,-3.0,-3.0,-41.0
1776886315.5651028,-6.0,0.0,-42.0
1776886315.5761027,-3.0,-1.0,-38.0
1776886315.5861027,-3.0,-4.0,-35.0
1776886315.5951028,-3.0,-5.0,-42.0
1776886315.6061027,-5.0,-6.0,-41.0
1776886315.6161027,-7.0,-6.0,-42.0
1776886315.6261027,-6.0,-4.0,-38.0
1776886315.636103,-6.0,-4.0,-37.0
1776886315.646103,-2.0,-7.0,-35.0
1776886315.656103,-1.0,-5.0,-33.0
1776886315.6661026,1.0,-3.0,-33.0
1776886315.6761026,2.0,-2.0,-40.0
1776886315.6861026,3.0,0.0,-41.0
1776886315.6961029,0.0,-4.0,-39.0
1776886315.7061028,2.0,-5.0,-35.0
1776886315.7161028,1.0,-2.0,-37.0
1776886315.7261028,0.0,-1.0,-33.0
1776886315.7361028,2.0,-4.0,-38.0
1776886315.7461028,1.0,-4.0,-38.0
1776886315.7561028,0.0,-5.0,-39.0
1776886315.7661028,-3.0,-8.0,-40.0
1776886315.7761028,-3.0,-8.0,-41.0
1776886315.7861028,-1.0,-6.0,-33.0
1776886315.7961028,0.0,-5.0,-30.0
1776886315.8061028,1.0,-2.0,-34.0
1776886315.8161027,2.0,-3.0,-41.0
1776886315.8261027,0.0,-2.0,-45.0
1776886315.8361027,-3.0,-3.0,-49.0
1776886315.8461027,-6.0,-2.0,-42.0
1776886315.8561027,-8.0,-5.0,-41.0
1776886315.8661027,-9.0,-6.0,-39.0
1776886315.8761027,-5.0,-7.0,-36.0
1776886315.886103,-7.0,-6.0,-34.0
1776886315.896103,-4.0,-6.0,-35.0
1776886315.906103,3.0,-7.0,-40.0
1776886315.9161026,4.0,-8.0,-41.0
1776886315.9261026,5.0,-7.0,-38.0
1776886315.9361026,9.0,-6.0,-35.0
1776886315.9461029,4.0,-6.0,-40.0
1776886315.9561028,6.0,-7.0,-40.0
1776886315.9661028,3.0,-4.0,-37.0
1776886315.9761028,1.0,-2.0,-32.0
1776886315.9861028,-7.0,-1.0,-35.0
1776886315.9961028,-8.0,2.0,-30.0
1776886316.0061028,-7.0,1.0,-34.0
1776886316.0161028,-6.0,2.0,-43.0
1776886316.0261028,-2.0,2.0,-50.0
1776886316.0361028,0.0,2.0,-48.0
1776886316.0461028,3.0,3.0,-45.0
1776886316.0561028,-1.0,2.0,-43.0
1776886316.0661027,-3.0,0.0,-45.0
1776886316.0761027,-7.0,-2.0,-41.0
1776886316.0861027,-1.0,2.0,-45.0
1776886316.0961027,-1.0,2.0,-42.0
1776886316.1061027,1.0,0.0,-39.0
1776886316.1161027,0.0,-1.0,-36.0
1776886316.1261027,1.0,0.0,-30.0
1776886316.136103,1.0,0.0,-32.0
1776886316.146103,1.0,-3.0,-37.0
1776886316.156103,1.0,-2.0,-37.0
1776886316.1661026,-2.0,0.0,-43.0
1776886316.1761026,0.0,-4.0,-36.0
1776886316.1861026,2.0,-9.0,-31.0
1776886316.1961029,1.0,-5.0,-28.0
1776886316.2061028,0.0,-2.0,-29.0
1776886316.2161028,0.0,-1.0,-30.0
1776886316.2261028,2.0,-1.0,-31.0
1776886316.2361028,2.0,0.0,-29.0
1776886316.2461028,2.0,0.0,-26.0
1776886316.2561028,3.0,4.0,-28.0
1776886316.2661028,0.0,1.0,-26.0
1776886316.2761028,3.0,-2.0,-26.0
1776886316.2861028,7.0,-1.0,-32.0
1776886316.2961028,4.0,-1.0,-31.0
1776886316.3061028,2.0,-6.0,-34.0
1776886316.3161027,-1.0,-4.0,-41.0
1776886316.3261027,2.0,-6.0,-45.0
1776886316.3361027,6.0,-4.0,-51.0
1776886316.3461027,1.0,-3.0,-52.0
1776886316.3561027,-1.0,-6.0,-50.0
1776886316.3661027,-3.0,-3.0,-43.0
1776886316.3761027,0.0,-3.0,-38.0
1776886316.386103,2.0,0.0,-34.0
1776886316.396103,3.0,0.0,-27.0
1776886316.406103,-3.0,2.0,-24.0
1776886316.4161026,0.0,1.0,-27.0
1776886316.4261026,4.0,0.0,-32.0
1776886316.4361026,-1.0,-3.0,-34.0
1776886316.4461029,-3.0,0.0,-34.0
1776886316.4561028,-5.0,0.0,-34.0
1776886316.4661028,-5.0,-3.0,-33.0
1776886316.4761028,-5.0,-9.0,-33.0
1776886316.4861028,-3.0,-10.0,-35.0
1776886316.4961028,0.0,-10.0,-39.0
1776886316.5061028,-1.0,-7.0,-42.0
1776886316.5161028,-4.0,-5.0,-48.0
1776886316.5261028,-1.0,-1.0,-47.0
1776886316.5361028,2.0,2.0,-46.0
1776886316.5461028,1.0,1.0,-36.0
1776886316.5561028,0.0,2.0,-31.0
1776886316.5661027,1.0,1.0,-32.0
1776886316.5761027,1.0,2.0,-33.0
1776886316.5861027,3.0,0.0,-35.0
1776886316.5961027,4.0,-4.0,-35.0
1776886316.6061027,3.0,-7.0,-28.0
1776886316.6161027,3.0,-4.0,-25.0
1776886316.6261027,4.0,-3.0,-29.0
1776886316.636103,4.0,-6.0,-30.0
1776886316.646103,0.0,-2.0,-25.0
1776886316.656103,0.0,-1.0,-29.0
1776886316.6661026,-1.0,-2.0,-31.0
1776886316.6761026,-1.0,0.0,-31.0
1776886316.6861026,0.0,2.0,-36.0
1776886316.6961029,0.0,3.0,-35.0
1776886316.7061028,1.0,1.0,-33.0
1776886316.7161028,-1.0,-3.0,-35.0
1776886316.7261028,0.0,-4.0,-28.0
1776886316.7361028,2.0,-3.0,-35.0
1776886316.7461028,1.0,-2.0,-39.0
1776886316.7561028,0.0,-3.0,-39.0
1776886316.7661028,-4.0,-1.0,-39.0
1776886316.7761028,-8.0,4.0,-44.0
1776886316.7861028,-5.0,-1.0,-36.0
1776886316.7961028,-6.0,-2.0,-37.0
1776886316.8061028,-7.0,-2.0,-34.0
1776886316.8161027,-6.0,-3.0,-42.0
1776886316.8261027,-2.0,-5.0,-47.0
1776886316.8361027,4.0,-6.0,-46.0
1776886316.8461027,5.0,-10.0,-50.0
1776886316.8561027,6.0,-10.0,-44.0
1776886316.8661027,6.0,-10.0,-43.0
1776886316.8761027,6.0,-13.0,-41.0
1776886316.886103,8.0,-8.0,-41.0
1776886316.896103,7.0,-4.0,-41.0
1776886316.906103,6.0,2.0,-41.0
1776886316.9161026,6.0,4.0,-44.0
1776886316.9261026,7.0,3.0,-37.0
1776886316.9361026,3.0,-2.0,-40.0
1776886316.9461029,5.0,-4.0,-42.0
1776886316.9561028,2.0,-4.0,-41.0
1776886316.9661028,4.0,-5.0,-40.0
1776886316.9761028,-3.0,-4.0,-41.0
1776886316.9861028,-4.0,-1.0,-36.0
1776886316.9961028,-4.0,0.0,-40.0
1776886317.0061028,-5.0,0.0,-42.0
1776886317.0161028,0.0,0.0,-35.0
1776886317.0261028,0.0,-1.0,-34.0
1776886317.0361028,1.0,0.0,-37.0
1776886317.0461028,0.0,0.0,-41.0
1776886317.0561028,2.0,4.0,-45.0
1776886317.0661027,-2.0,5.0,-47.0
1776886317.0761027,-3.0,5.0,-46.0
1776886317.0861027,-1.0,3.0,-44.0
1776886317.0961027,0.0,0.0,-42.0
1776886317.1061027,-1.0,2.0,-45.0
1776886317.1161027,-1.0,0.0,-53.0
1776886317.1261027,-4.0,-1.0,-43.0
1776886317.136103,-4.0,0.0,-39.0
1776886317.146103,-2.0,-7.0,-39.0
1776886317.156103,0.0,-6.0,-33.0
1776886317.1661026,0.0,-7.0,-30.0
1776886317.1761026,0.0,-5.0,-26.0
1776886317.1861026,-1.0,-6.0,-31.0
1776886317.1961029,-2.0,-6.0,-33.0
1776886317.2061028,-1.0,-7.0,-35.0
1776886317.2161028,0.0,-8.0,-36.0
1776886317.2261028,0.0,-6.0,-39.0
1776886317.2361028,0.0,0.0,-40.0
1776886317.2461028,0.0,0.0,-40.0
1776886317.2561028,-1.0,0.0,-43.0
1776886317.2661028,-2.0,0.0,-44.0
1776886317.2761028,-6.0,2.0,-43.0
1776886317.2861028,-6.0,3.0,-43.0
1776886317.2961028,-4.0,4.0,-38.0
1776886317.3061028,-5.0,0.0,-37.0
1776886317.3161027,-4.0,-4.0,-44.0
1776886317.3261027,-3.0,-1.0,-50.0
1776886317.3361027,-1.0,-1.0,-47.0
1776886317.3461027,2.0,-1.0,-49.0
1776886317.3561027,10.0,-2.0,-48.0
1776886317.3661027,7.0,-3.0,-44.0
1776886317.3761027,1.0,0.0,-36.0
1776886317.386103,0.0,0.0,-30.0
1776886317.396103,1.0,-1.0,-33.0
1776886317.406103,3.0,-2.0,-40.0
1776886317.4161026,5.0,-1.0,-43.0
1776886317.4261026,4.0,0.0,-41.0
1776886317.4361026,1.0,1.0,-45.0
1776886317.4461029,0.0,-1.0,-41.0
1776886317.4561028,1.0,-2.0,-36.0
1776886317.4661028,2.0,0.0,-39.0
1776886317.4761028,6.0,-1.0,-39.0
1776886317.4861028,4.0,-3.0,-42.0
1776886317.4961028,1.0,-2.0,-43.0
1776886317.5061028,-2.0,-1.0,-42.0
1776886317.5161028,-3.0,-1.0,-47.0
1776886317.5261028,-5.0,0.0,-41.0
1776886317.5361028,-3.0,0.0,-39.0
1776886317.5471027,1.0,-3.0,-42.0
1776886317.5561028,-2.0,0.0,-42.0
1776886317.567103,-2.0,1.0,-43.0
1776886317.577103,-1.0,-1.0,-40.0
1776886317.587103,0.0,-4.0,-42.0
1776886317.5971026,3.0,-5.0,-42.0
1776886317.6071026,9.0,-3.0,-41.0
1776886317.6171026,6.0,-1.0,-38.0
1776886317.6271029,4.0,-2.0,-43.0
1776886317.6371028,7.0,-7.0,-41.0
1776886317.6471028,5.0,-5.0,-38.0
1776886317.6571028,5.0,-5.0,-33.0
1776886317.6671028,6.0,-6.0,-31.0
1776886317.6771028,9.0,-5.0,-36.0
1776886317.6871028,9.0,-5.0,-41.0
1776886317.6971028,6.0,1.0,-44.0
1776886317.7071028,8.0,3.0,-42.0
1776886317.7171028,7.0,4.0,-43.0
1776886317.7271028,0.0,0.0,-46.0
1776886317.7371027,-1.0,-5.0,-43.0
1776886317.7471027,0.0,0.0,-40.0
1776886317.7571027,-1.0,-1.0,-44.0
1776886317.7671027,-2.0,0.0,-50.0
1776886317.7771027,-1.0,-2.0,-54.0
1776886317.7871027,0.0,-4.0,-54.0
1776886317.7971027,4.0,-2.0,-48.0
1776886317.807103,0.0,0.0,-42.0
1776886317.817103,3.0,1.0,-48.0
1776886317.827103,2.0,-2.0,-46.0
1776886317.837103,0.0,-2.0,-43.0
1776886317.8471026,0.0,-4.0,-35.0
1776886317.8571026,3.0,-4.0,-36.0
1776886317.8671026,6.0,-2.0,-33.0
1776886317.8771029,9.0,0.0,-27.0
1776886317.8871028,8.0,0.0,-28.0
1776886317.8971028,7.0,2.0,-37.0
1776886317.9071028,6.0,2.0,-36.0
1776886317.9171028,8.0,0.0,-37.0
1776886317.9271028,9.0,0.0,-36.0
1776886317.9371028,7.0,1.0,-34.0
1776886317.9471028,5.0,-2.0,-36.0
1776886317.9571028,6.0,0.0,-32.0
1776886317.9671028,6.0,-2.0,-35.0
1776886317.9771028,2.0,1.0,-37.0
1776886317.9871027,-1.0,0.0,-34.0
1776886317.9971027,1.0,0.0,-41.0
1776886318.0071027,5.0,-1.0,-44.0
1776886318.0171027,2.0,0.0,-39.0
1776886318.0271027,1.0,-1.0,-38.0
1776886318.0371027,-4.0,0.0,-38.0
1776886318.0471027,-4.0,0.0,-38.0
1776886318.057103,-1.0,0.0,-40.0
1776886318.067103,-3.0,0.0,-45.0
1776886318.077103,-5.0,-3.0,-43.0
1776886318.087103,-1.0,-3.0,-43.0
1776886318.0971026,-3.0,0.0,-46.0
1776886318.1071026,0.0,-2.0,-41.0
1776886318.1171026,5.0,-4.0,-33.0
1776886318.1271029,6.0,-4.0,-37.0
1776886318.1371028,11.0,-3.0,-41.0
1776886318.1471028,9.0,-4.0,-39.0
1776886318.1571028,10.0,-7.0,-39.0
1776886318.1671028,9.0,-7.0,-42.0
1776886318.1771028,9.0,-8.0,-48.0
1776886318.1871028,12.0,-1.0,-47.0
1776886318.1971028,11.0,-1.0,-43.0
1776886318.2071028,9.0,-5.0,-47.0
1776886318.2171028,7.0,-9.0,-45.0
1776886318.2271028,4.0,-8.0,-38.0
1776886318.2371027,3.0,-8.0,-40.0
1776886318.2471027,1.0,-4.0,-36.0
1776886318.2571027,2.0,-4.0,-32.0
1776886318.2671027,3.0,-4.0,-31.0
1776886318.2771027,2.0,-6.0,-39.0
1776886318.2871027,4.0,-3.0,-44.0
1776886318.2971027,6.0,0.0,-50.0
1776886318.307103,7.0,-3.0,-56.0
1776886318.317103,2.0,-4.0,-48.0
1776886318.327103,0.0,-2.0,-44.0
1776886318.337103,0.0,-1.0,-46.0
1776886318.3471026,-1.0,0.0,-49.0
1776886318.3571026,-1.0,-4.0,-38.0
1776886318.3671026,-3.0,-3.0,-30.0
1776886318.3771029,-1.0,-7.0,-31.0
1776886318.3871028,5.0,-6.0,-41.0
1776886318.3971028,3.0,-4.0,-38.0
1776886318.4071028,4.0,-3.0,-42.0
1776886318.4171028,5.0,-2.0,-43.0
1776886318.4271028,4.0,0.0,-43.0
1776886318.4371028,4.0,2.0,-36.0
1776886318.4471028,8.0,6.0,-37.0
1776886318.4571028,1.0,3.0,-37.0
1776886318.4671028,0.0,3.0,-35.0
1776886318.4771028,0.0,4.0,-35.0
1776886318.4871027,0.0,4.0,-33.0
1776886318.4971027,5.0,2.0,-35.0
1776886318.508103,5.0,3.0,-31.0
1776886318.5171027,4.0,6.0,-34.0
1776886318.5271027,7.0,4.0,-40.0
1776886318.5371027,6.0,4.0,-33.0
1776886318.5471027,10.0,1.0,-36.0
1776886318.557103,6.0,2.0,-38.0
1776886318.567103,4.0,-1.0,-37.0
1776886318.577103,5.0,-1.0,-36.0
1776886318.587103,3.0,0.0,-35.0
1776886318.5971026,0.0,-1.0,-38.0
1776886318.6071026,0.0,-3.0,-41.0
1776886318.6171026,-3.0,-2.0,-45.0
1776886318.6271029,-1.0,0.0,-40.0
1776886318.6371028,1.0,1.0,-37.0
1776886318.6471028,1.0,6.0,-33.0
1776886318.6571028,-2.0,7.0,-35.0
1776886318.6671028,2.0,8.0,-36.0
1776886318.6771028,3.0,6.0,-35.0
1776886318.6871028,1.0,5.0,-46.0
1776886318.6971028,-1.0,0.0,-47.0
1776886318.7071028,1.0,0.0,-45.0
1776886318.7171028,0.0,0.0,-42.0
1776886318.7271028,0.0,-1.0,-33.0
1776886318.7371027,-3.0,-1.0,-37.0
1776886318.7471027,-2.0,0.0,-37.0
1776886318.7571027,-3.0,0.0,-37.0
1776886318.7671027,-4.0,-1.0,-32.0
1776886318.7771027,-5.0,2.0,-33.0
1776886318.7871027,-6.0,-2.0,-37.0
1776886318.7971027,-5.0,-2.0,-40.0
1776886318.807103,1.0,-4.0,-36.0
1776886318.817103,2.0,-3.0,-35.0
1776886318.827103,2.0,-6.0,-38.0
1776886318.837103,0.0,-6.0,-40.0
1776886318.8471026,-1.0,-4.0,-48.0
1776886318.8571026,-5.0,1.0,-46.0
1776886318.8671026,-7.0,1.0,-45.0
1776886318.8771029,-1.0,0.0,-46.0
1776886318.8871028,2.0,-1.0,-49.0
1776886318.8971028,6.0,-1.0,-46.0
1776886318.9071028,4.0,-2.0,-42.0
1776886318.9171028,3.0,0.0,-43.0
1776886318.9271028,3.0,0.0,-38.0
1776886318.9371028,4.0,-4.0,-36.0
1776886318.9471028,4.0,-1.0,-40.0
1776886318.9571028,12.0,1.0,-49.0
1776886318.9671028,11.0,1.0,-54.0
1776886318.9771028,10.0,0.0,-48.0
1776886318.9871027,7.0,-1.0,-38.0
1776886318.9971027,10.0,-1.0,-38.0
1776886319.0071027,11.0,-1.0,-40.0
1776886319.0171027,8.0,1.0,-41.0
1776886319.0271027,7.0,0.0,-43.0
1776886319.0371027,8.0,0.0,-45.0
1776886319.0471027,4.0,4.0,-46.0
1776886319.057103,3.0,3.0,-44.0
1776886319.067103,1.0,2.0,-45.0
1776886319.077103,0.0,0.0,-42.0
1776886319.087103,0.0,1.0,-43.0
1776886319.0971026,-2.0,-2.0,-39.0
1776886319.1071026,-2.0,2.0,-42.0
1776886319.1171026,2.0,4.0,-38.0
1776886319.1271029,5.0,1.0,-37.0
1776886319.1371028,6.0,3.0,-36.0
1776886319.1471028,7.0,2.0,-38.0
1776886319.1571028,7.0,-2.0,-34.0
1776886319.1671028,6.0,-5.0,-38.0
1776886319.1771028,9.0,-1.0,-43.0
1776886319.1871028,7.0,0.0,-46.0
1776886319.1971028,4.0,0.0,-44.0
1776886319.2071028,2.0,-2.0,-39.0
1776886319.2171028,4.0,-3.0,-35.0
1776886319.2271028,2.0,-1.0,-37.0
1776886319.2371027,0.0,-1.0,-38.0
1776886319.2471027,2.0,-2.0,-38.0
1776886319.2571027,-1.0,0.0,-42.0
1776886319.2671027,-1.0,2.0,-46.0
1776886319.2771027,1.0,2.0,-40.0
1776886319.2871027,0.0,1.0,-42.0
1776886319.2971027,2.0,3.0,-39.0
1776886319.307103,0.0,4.0,-41.0
1776886319.317103,0.0,2.0,-47.0
1776886319.327103,2.0,-3.0,-48.0
1776886319.337103,3.0,-7.0,-46.0
1776886319.3471026,3.0,-6.0,-43.0
1776886319.3571026,6.0,-4.0,-38.0
1776886319.3671026,9.0,-1.0,-40.0
1776886319.3771029,4.0,2.0,-45.0
1776886319.3871028,4.0,2.0,-48.0
1776886319.3971028,4.0,-2.0,-47.0
1776886319.4071028,0.0,0.0,-40.0
1776886319.4171028,-3.0,0.0,-37.0
1776886319.4271028,0.0,0.0,-43.0
1776886319.4371028,0.0,0.0,-46.0
1776886319.4471028,-3.0,0.0,-47.0
1776886319.4571028,-2.0,-2.0,-42.0
1776886319.4671028,0.0,-1.0,-39.0
1776886319.4771028,-1.0,-1.0,-34.0
1776886319.4871027,0.0,0.0,-32.0
1776886319.4971027,0.0,0.0,-31.0
1776886319.5071027,-2.0,-1.0,-29.0
1776886319.5171027,-3.0,0.0,-31.0
1776886319.5271027,0.0,2.0,-30.0
1776886319.5381026,-1.0,3.0,-30.0
1776886319.5471027,-1.0,4.0,-31.0
1776886319.557103,0.0,1.0,-34.0
1776886319.5681028,-3.0,0.0,-33.0
1776886319.577103,-3.0,-4.0,-33.0
1776886319.5881028,1.0,-11.0,-39.0
1776886319.5981028,-3.0,-10.0,-48.0
1776886319.6081028,-3.0,-10.0,-45.0
1776886319.6181028,-2.0,-11.0,-36.0
1776886319.6281028,2.0,-8.0,-33.0
1776886319.6381028,0.0,-6.0,-33.0
1776886319.6481028,-2.0,0.0,-33.0
1776886319.6581028,-4.0,-1.0,-37.0
1776886319.6681027,-3.0,0.0,-40.0
1776886319.6781027,-2.0,0.0,-43.0
1776886319.6881027,0.0,0.0,-43.0
1776886319.6981027,-2.0,4.0,-42.0
1776886319.7081027,3.0,0.0,-39.0
1776886319.7181027,1.0,1.0,-37.0
1776886319.7281027,2.0,0.0,-41.0
1776886319.738103,3.0,-3.0,-43.0
1776886319.748103,0.0,-9.0,-35.0
1776886319.758103,1.0,-9.0,-33.0
1776886319.7681026,0.0,-8.0,-38.0
1776886319.7781026,5.0,-12.0,-42.0
1776886319.7881026,3.0,-12.0,-40.0
1776886319.7981029,1.0,-6.0,-38.0
1776886319.8081028,1.0,-5.0,-36.0
1776886319.8181028,0.0,-2.0,-29.0
1776886319.8281028,-3.0,1.0,-28.0
1776886319.8381028,-2.0,2.0,-27.0
1776886319.8481028,-1.0,1.0,-35.0
1776886319.8581028,-3.0,-3.0,-35.0
1776886319.8681028,-3.0,-4.0,-37.0
1776886319.8781028,-6.0,-1.0,-40.0
1776886319.8881028,2.0,-5.0,-40.0
1776886319.8981028,4.0,-4.0,-36.0
1776886319.9081028,4.0,-6.0,-32.0
1776886319.9181027,1.0,-8.0,-34.0
1776886319.9281027,-3.0,-9.0,-35.0
1776886319.9381027,-2.0,-9.0,-38.0
1776886319.9481027,-1.0,-6.0,-45.0
1776886319.9581027,-3.0,-8.0,-45.0
1776886319.9681027,0.0,-7.0,-52.0
1776886319.9781027,-3.0,1.0,-54.0
1776886319.988103,-5.0,0.0,-56.0
1776886319.998103,-1.0,0.0,-54.0
1776886320.008103,0.0,-2.0,-47.0
1776886320.0181026,0.0,-2.0,-44.0
1776886320.0281026,2.0,-4.0,-45.0
1776886320.0381026,0.0,-3.0,-42.0
1776886320.0481029,0.0,0.0,-44.0
1776886320.0581028,-2.0,0.0,-42.0
1776886320.0681028,-3.0,-1.0,-41.0
1776886320.0781028,0.0,-2.0,-43.0
1776886320.0881028,0.0,1.0,-46.0
1776886320.0981028,0.0,0.0,-48.0
1776886320.1081028,0.0,-1.0,-51.0
1776886320.1181028,1.0,-1.0,-49.0
1776886320.1281028,0.0,-2.0,-47.0
1776886320.1381028,4.0,0.0,-46.0
1776886320.1481028,3.0,3.0,-42.0
1776886320.1581028,0.0,-1.0,-43.0
1776886320.1681027,0.0,-1.0,-44.0
1776886320.1781027,0.0,0.0,-48.0
1776886320.1881027,1.0,-2.0,-45.0
1776886320.1981027,-1.0,-2.0,-47.0
1776886320.2081027,-5.0,-5.0,-47.0
1776886320.2181027,-6.0,-3.0,-56.0
1776886320.2281027,-3.0,-5.0,-51.0
1776886320.238103,-4.0,-6.0,-49.0
1776886320.248103,-1.0,-3.0,-47.0
1776886320.258103,6.0,-2.0,-47.0
1776886320.2681026,10.0,-8.0,-39.0
1776886320.2781026,3.0,-7.0,-39.0
1776886320.2881026,3.0,-3.0,-41.0
1776886320.2991028,0.0,-3.0,-39.0
1776886320.3081028,2.0,-1.0,-33.0
1776886320.3181028,8.0,-2.0,-27.0
1776886320.3281028,7.0,0.0,-30.0
1776886320.3381028,6.0,0.0,-43.0
1776886320.3481028,1.0,2.0,-45.0
1776886320.3581028,0.0,0.0,-48.0
1776886320.3681028,-3.0,1.0,-54.0
1776886320.3781028,-4.0,1.0,-51.0
1776886320.3881028,0.0,-2.0,-45.0
1776886320.3981028,0.0,-1.0,-41.0
1776886320.4081028,-1.0,-4.0,-43.0
1776886320.4181027,-1.0,-4.0,-36.0
1776886320.4281027,1.0,-4.0,-27.0
1776886320.4381027,3.0,-4.0,-26.0
1776886320.4481027,7.0,-3.0,-24.0
1776886320.4581027,5.0,-6.0,-20.0
1776886320.4681027,6.0,-4.0,-25.0
1776886320.4781027,0.0,-5.0,-33.0
1776886320.488103,2.0,-7.0,-34.0
1776886320.498103,5.0,-9.0,-35.0
1776886320.508103,7.0,-8.0,-31.0
1776886320.5181026,9.0,-2.0,-24.0
1776886320.5281026,7.0,0.0,-29.0
1776886320.5381026,5.0,-3.0,-34.0
1776886320.5481029,1.0,0.0,-38.0
1776886320.5581028,5.0,-2.0,-39.0
1776886320.5681028,8.0,-3.0,-45.0
1776886320.5781028,1.0,-5.0,-55.0
1776886320.5881028,-1.0,-5.0,-51.0
1776886320.5981028,1.0,-5.0,-41.0
1776886320.6081028,1.0,-7.0,-40.0
1776886320.6181028,-1.0,-10.0,-41.0
1776886320.6281028,0.0,-7.0,-35.0
1776886320.6381028,1.0,-4.0,-38.0
1776886320.6481028,2.0,-6.0,-41.0
1776886320.6581028,1.0,0.0,-45.0
1776886320.6681027,1.0,3.0,-49.0
1776886320.6781027,2.0,3.0,-49.0
1776886320.6881027,3.0,0.0,-45.0
1776886320.6981027,1.0,0.0,-39.0
1776886320.7081027,1.0,2.0,-35.0
1776886320.7181027,1.0,2.0,-39.0
1776886320.7281027,2.0,0.0,-43.0
1776886320.738103,7.0,0.0,-43.0
1776886320.748103,11.0,-3.0,-36.0
1776886320.758103,6.0,-4.0,-33.0
1776886320.7681026,3.0,-2.0,-36.0
1776886320.7781026,7.0,0.0,-36.0
1776886320.7881026,7.0,2.0,-37.0
1776886320.7981029,1.0,1.0,-30.0
1776886320.8081028,-4.0,2.0,-30.0
1776886320.8181028,-6.0,0.0,-29.0
1776886320.8281028,-3.0,1.0,-25.0
1776886320.8381028,-7.0,2.0,-26.0
1776886320.8481028,-12.0,1.0,-26.0
1776886320.8581028,-12.0,-3.0,-32.0
1776886320.8681028,-4.0,-6.0,-32.0
1776886320.8781028,-5.0,-10.0,-29.0
1776886320.8881028,-3.0,-10.0,-31.0
1776886320.8981028,-5.0,-10.0,-28.0
1776886320.9081028,-6.0,-10.0,-26.0
1776886320.9181027,-4.0,-10.0,-32.0
1776886320.9281027,-5.0,-10.0,-31.0
1776886320.9381027,0.0,-5.0,-31.0
1776886320.9481027,0.0,-1.0,-34.0
1776886320.9581027,4.0,-3.0,-37.0
1776886320.9681027,10.0,-2.0,-44.0
1776886320.9781027,9.0,0.0,-42.0
1776886320.988103,10.0,3.0,-37.0
1776886320.998103,9.0,2.0,-43.0
1776886321.008103,7.0,4.0,-37.0
1776886321.0181026,2.0,4.0,-35.0
1776886321.0281026,7.0,4.0,-36.0
1776886321.0381026,6.0,3.0,-38.0
1776886321.0481029,5.0,3.0,-43.0
1776886321.0581028,4.0,0.0,-49.0
1776886321.0681028,2.0,2.0,-50.0
1776886321.0781028,2.0,2.0,-50.0
1776886321.0881028,6.0,0.0,-45.0
1776886321.0981028,6.0,2.0,-43.0
1776886321.1081028,8.0,2.0,-33.0
1776886321.1181028,7.0,3.0,-32.0
1776886321.1281028,6.0,0.0,-34.0
1776886321.1381028,0.0,1.0,-41.0
1776886321.1481028,0.0,0.0,-35.0
1776886321.1581028,1.0,0.0,-35.0
1776886321.1681027,3.0,0.0,-30.0
1776886321.1781027,4.0,-4.0,-31.0
1776886321.1881027,4.0,2.0,-36.0
1776886321.1981027,3.0,2.0,-36.0
1776886321.2081027,8.0,0.0,-44.0
1776886321.2181027,2.0,0.0,-39.0
1776886321.2281027,1.0,-2.0,-37.0
1776886321.238103,0.0,-4.0,-32.0
1776886321.248103,0.0,-12.0,-32.0
1776886321.258103,0.0,-11.0,-36.0
1776886321.2681026,0.0,-11.0,-33.0
1776886321.2781026,1.0,-11.0,-30.0
1776886321.2881026,0.0,-10.0,-29.0
1776886321.2981029,2.0,-3.0,-34.0
1776886321.3081028,0.0,-1.0,-42.0
1776886321.3181028,-1.0,0.0,-47.0
1776886321.3281028,1.0,-2.0,-38.0
1776886321.3381028,2.0,-2.0,-33.0
1776886321.3481028,1.0,-3.0,-37.0
1776886321.3581028,1.0,-1.0,-35.0
1776886321.3681028,-1.0,0.0,-29.0
1776886321.3781028,0.0,0.0,-34.0
1776886321.3881028,1.0,-1.0,-38.0
1776886321.3981028,0.0,-5.0,-38.0
1776886321.4081028,-1.0,-4.0,-33.0
1776886321.4181027,0.0,-5.0,-33.0
1776886321.4281027,0.0,-10.0,-35.0
1776886321.4381027,-4.0,-10.0,-34.0
1776886321.4481027,0.0,-7.0,-41.0
1776886321.4581027,-1.0,-5.0,-48.0
1776886321.4681027,0.0,-1.0,-48.0
1776886321.4781027,4.0,-3.0,-48.0
1776886321.488103,3.0,-6.0,-43.0
1776886321.4991028,5.0,-5.0,-40.0
1776886321.508103,8.0,-8.0,-37.0
1776886321.5181026,6.0,-4.0,-44.0
1776886321.5281026,7.0,-7.0,-43.0
1776886321.5381026,3.0,-7.0,-42.0
1776886321.5481029,1.0,-3.0,-36.0
1776886321.5591028,0.0,-1.0,-34.0
1776886321.5681028,-2.0,-3.0,-32.0
1776886321.5791028,0.0,-3.0,-33.0
1776886321.5891027,1.0,-3.0,-33.0
1776886321.5991027,3.0,-1.0,-37.0
1776886321.6091027,3.0,-3.0,-36.0
1776886321.6191027,2.0,-2.0,-45.0
1776886321.6291027,6.0,2.0,-46.0
1776886321.6391027,6.0,4.0,-45.0
1776886321.6491027,2.0,4.0,-41.0
1776886321.659103,5.0,5.0,-37.0
1776886321.669103,4.0,9.0,-42.0
1776886321.679103,4.0,6.0,-42.0
1776886321.6891026,4.0,1.0,-47.0
1776886321.6991026,7.0,2.0,-36.0
1776886321.7091026,7.0,1.0,-34.0
1776886321.7191026,7.0,4.0,-34.0
1776886321.7291028,5.0,-1.0,-33.0
1776886321.7391028,6.0,2.0,-33.0
1776886321.7491028,4.0,-3.0,-44.0
1776886321.7591028,7.0,-3.0,-49.0
1776886321.7691028,6.0,-8.0,-48.0
1776886321.7791028,5.0,-7.0,-45.0
1776886321.7891028,3.0,-4.0,-42.0
1776886321.7991028,1.0,-4.0,-40.0
1776886321.8091028,2.0,-7.0,-37.0
1776886321.8191028,0.0,-7.0,-29.0
1776886321.8291028,0.0,-7.0,-32.0
1776886321.8391027,1.0,-10.0,-31.0
1776886321.8491027,0.0,-8.0,-34.0
1776886321.8591027,3.0,-8.0,-36.0
1776886321.8691027,2.0,-9.0,-39.0
1776886321.8791027,-1.0,-11.0,-44.0
1776886321.8891027,0.0,-8.0,-37.0
1776886321.8991027,-2.0,-9.0,-36.0
1776886321.909103,0.0,-7.0,-39.0
1776886321.919103,-1.0,-7.0,-42.0
1776886321.929103,2.0,-6.0,-39.0
1776886321.9391026,0.0,-3.0,-43.0
1776886321.9491026,-4.0,-1.0,-34.0
1776886321.9591026,-7.0,0.0,-38.0
1776886321.9691026,-9.0,-5.0,-41.0
1776886321.9791028,-8.0,-3.0,-36.0
1776886321.9891028,-2.0,-4.0,-35.0
1776886321.9991028,-2.0,-1.0,-38.0
1776886322.0091028,-2.0,0.0,-46.0
1776886322.0191028,0.0,2.0,-53.0
1776886322.0291028,0.0,0.0,-50.0
1776886322.0391028,0.0,4.0,-42.0
1776886322.0491028,0.0,2.0,-31.0
1776886322.0591028,-3.0,0.0,-29.0
1776886322.0691028,-1.0,-3.0,-35.0
1776886322.0791028,-7.0,-4.0,-35.0
1776886322.0891027,-4.0,-3.0,-40.0
1776886322.0991027,-3.0,-2.0,-37.0
1776886322.1091027,2.0,-1.0,-37.0
1776886322.1191027,7.0,-1.0,-38.0
1776886322.1291027,8.0,-1.0,-39.0
1776886322.1391027,1.0,-7.0,-41.0
1776886322.1491027,0.0,-10.0,-47.0
1776886322.159103,-3.0,-6.0,-39.0
1776886322.169103,0.0,-2.0,-26.0
1776886322.179103,3.0,-1.0,-29.0
1776886322.1891026,4.0,0.0,-37.0
1776886322.1991026,2.0,-6.0,-44.0
1776886322.2091026,4.0,-10.0,-54.0
1776886322.2191026,5.0,-2.0,-54.0
1776886322.2291028,3.0,-4.0,-47.0
1776886322.2391028,5.0,-5.0,-44.0
1776886322.2491028,7.0,-8.0,-40.0
1776886322.2591028,3.0,-2.0,-40.0
1776886322.2691028,3.0,-9.0,-44.0
1776886322.2791028,4.0,-9.0,-37.0
1776886322.2891028,4.0,-7.0,-39.0
1776886322.2991028,0.0,-5.0,-41.0
1776886322.3091028,-1.0,-4.0,-39.0
1776886322.3191028,0.0,-6.0,-47.0
1776886322.3291028,2.0,-4.0,-43.0
1776886322.3391027,1.0,0.0,-50.0
1776886322.3491027,5.0,-7.0,-49.0
1776886322.3591027,5.0,-6.0,-47.0
1776886322.3691027,1.0,-2.0,-48.0
1776886322.3791027,0.0,-3.0,-37.0
1776886322.3891027,5.0,-3.0,-31.0
1776886322.3991027,7.0,-4.0,-33.0
1776886322.409103,8.0,-1.0,-30.0
1776886322.419103,5.0,-1.0,-25.0
1776886322.429103,0.0,-3.0,-29.0
1776886322.4391026,1.0,-2.0,-29.0
1776886322.4491026,-1.0,0.0,-33.0
1776886322.4591026,1.0,0.0,-29.0
1776886322.4691026,2.0,-2.0,-26.0
1776886322.4791028,1.0,0.0,-27.0
1776886322.4891028,-1.0,0.0,-31.0
1776886322.4991028,4.0,0.0,-35.0
1776886322.5091028,3.0,-4.0,-36.0
1776886322.5191028,0.0,-2.0,-43.0
1776886322.5291028,0.0,-3.0,-36.0
1776886322.5391028,0.0,-4.0,-37.0
1776886322.5491028,0.0,-2.0,-38.0
1776886322.5591028,5.0,-1.0,-31.0
1776886322.5691028,2.0,-1.0,-32.0
1776886322.5791028,3.0,-1.0,-30.0
1776886322.5891027,2.0,-5.0,-23.0
1776886322.5991027,5.0,-3.0,-26.0
1776886322.6091027,2.0,-3.0,-30.0
1776886322.6191027,0.0,-1.0,-30.0
1776886322.6291027,0.0,-1.0,-33.0
1776886322.6391027,0.0,1.0,-35.0
1776886322.6491027,0.0,3.0,-36.0
1776886322.659103,0.0,0.0,-43.0
1776886322.669103,-6.0,1.0,-44.0
1776886322.679103,-7.0,1.0,-45.0
1776886322.6891026,-5.0,-2.0,-36.0
1776886322.6991026,-3.0,-1.0,-33.0
1776886322.7091026,-1.0,2.0,-37.0
1776886322.7191026,-1.0,1.0,-39.0
1776886322.7291028,0.0,0.0,-45.0
1776886322.7391028,-4.0,0.0,-45.0
1776886322.7491028,1.0,-3.0,-40.0
1776886322.7591028,-3.0,-3.0,-45.0
1776886322.7691028,-2.0,-3.0,-40.0
1776886322.7791028,-3.0,0.0,-39.0
1776886322.7891028,-3.0,-1.0,-46.0
1776886322.7991028,-4.0,-2.0,-38.0
1776886322.8091028,-4.0,-2.0,-35.0
1776886322.8191028,1.0,-2.0,-35.0
1776886322.8291028,3.0,-1.0,-35.0
1776886322.8391027,3.0,-1.0,-35.0
1776886322.8491027,0.0,0.0,-33.0
1776886322.8591027,0.0,-4.0,-33.0
1776886322.8691027,0.0,-3.0,-39.0
1776886322.8791027,0.0,-1.0,-35.0
1776886322.8891027,0.0,0.0,-35.0
1776886322.8991027,1.0,-2.0,-41.0
1776886322.909103,-1.0,-5.0,-41.0
1776886322.919103,2.0,-1.0,-48.0
1776886322.929103,4.0,3.0,-43.0
1776886322.9391026,2.0,4.0,-46.0
1776886322.9491026,4.0,3.0,-44.0
1776886322.9591026,2.0,-3.0,-46.0
1776886322.9691026,2.0,-5.0,-43.0
1776886322.9791028,2.0,-3.0,-38.0
1776886322.9891028,4.0,0.0,-39.0
1776886322.9991028,1.0,2.0,-39.0
1776886323.0091028,-1.0,2.0,-37.0
1776886323.0191028,0.0,1.0,-49.0
1776886323.0291028,-2.0,1.0,-47.0
1776886323.0391028,-1.0,1.0,-45.0
1776886323.0491028,-1.0,1.0,-51.0
1776886323.0591028,-3.0,3.0,-52.0
1776886323.0691028,-3.0,3.0,-46.0
1776886323.0791028,-3.0,0.0,-45.0
1776886323.0891027,-1.0,0.0,-41.0
1776886323.0991027,-1.0,-3.0,-43.0
1776886323.1091027,0.0,0.0,-40.0
1776886323.1191027,2.0,-1.0,-39.0
1776886323.1291027,5.0,-3.0,-37.0
1776886323.1391027,1.0,-1.0,-44.0
1776886323.1491027,1.0,-2.0,-45.0
1776886323.159103,-2.0,-1.0,-41.0
1776886323.169103,-1.0,1.0,-33.0
1776886323.179103,2.0,0.0,-33.0
1776886323.1891026,3.0,5.0,-34.0
1776886323.1991026,0.0,3.0,-34.0
1776886323.2091026,3.0,1.0,-39.0
1776886323.2191026,6.0,2.0,-39.0
1776886323.2291028,1.0,0.0,-33.0
1776886323.2391028,1.0,-3.0,-32.0
1776886323.2491028,0.0,0.0,-33.0
1776886323.2591028,2.0,-2.0,-39.0
1776886323.2691028,1.0,-5.0,-38.0
1776886323.2791028,2.0,-5.0,-44.0
1776886323.2891028,5.0,-3.0,-43.0
1776886323.2991028,4.0,-2.0,-39.0
1776886323.3091028,3.0,2.0,-33.0
1776886323.3191028,2.0,0.0,-32.0
1776886323.3291028,-2.0,2.0,-28.0
1776886323.3391027,-3.0,0.0,-31.0
1776886323.3491027,-3.0,-5.0,-28.0
1776886323.3591027,0.0,-6.0,-29.0
1776886323.3691027,-1.0,-7.0,-27.0
1776886323.3791027,0.0,-5.0,-24.0
1776886323.3891027,0.0,-5.0,-30.0
1776886323.3991027,-1.0,-6.0,-30.0
1776886323.409103,-4.0,-5.0,-31.0
1776886323.419103,-3.0,-1.0,-30.0
1776886323.429103,-1.0,0.0,-31.0
1776886323.4391026,-4.0,2.0,-29.0
1776886323.4491026,-7.0,1.0,-31.0
1776886323.4591026,0.0,0.0,-32.0
1776886323.4691026,1.0,-3.0,-31.0
1776886323.4791028,-1.0,-3.0,-35.0
1776886323.4891028,-3.0,-3.0,-36.0
1776886323.4991028,0.0,-4.0,-41.0
1776886323.5091028,2.0,-3.0,-39.0
1776886323.5191028,3.0,-3.0,-37.0
1776886323.5291028,0.0,-2.0,-29.0
1776886323.5401027,0.0,0.0,-30.0
1776886323.5501027,1.0,-1.0,-35.0
1776886323.5601027,1.0,-2.0,-44.0
1776886323.5701027,3.0,0.0,-46.0
1776886323.5801027,3.0,-2.0,-43.0
1776886323.590103,5.0,-4.0,-47.0
1776886323.600103,5.0,-10.0,-52.0
1776886323.6091027,3.0,-8.0,-48.0
1776886323.6201026,5.0,-7.0,-48.0
1776886323.6301026,11.0,-5.0,-47.0
1776886323.6401026,8.0,1.0,-38.0
1776886323.6501029,5.0,1.0,-38.0
1776886323.6601028,8.0,0.0,-38.0
1776886323.6701028,4.0,-3.0,-41.0
1776886323.6801028,0.0,-5.0,-45.0
1776886323.6901028,-4.0,-9.0,-45.0
1776886323.7001028,-1.0,-11.0,-42.0
1776886323.7101028,0.0,-9.0,-39.0
1776886323.7201028,0.0,-8.0,-47.0
1776886323.7301028,-1.0,-6.0,-46.0
1776886323.7401028,-2.0,-5.0,-47.0
1776886323.7501028,-3.0,-6.0,-45.0
1776886323.7601027,0.0,-5.0,-42.0
1776886323.7701027,1.0,-3.0,-40.0
1776886323.7801027,4.0,-1.0,-50.0
1776886323.7901027,0.0,2.0,-46.0
1776886323.8001027,0.0,1.0,-42.0
1776886323.8101027,1.0,4.0,-46.0
1776886323.8201027,-2.0,5.0,-42.0
1776886323.8301027,1.0,3.0,-38.0
1776886323.840103,3.0,4.0,-37.0
1776886323.850103,4.0,5.0,-40.0
1776886323.860103,0.0,6.0,-38.0
1776886323.8701026,3.0,5.0,-35.0
1776886323.8801026,3.0,2.0,-43.0
1776886323.8901026,2.0,0.0,-42.0
1776886323.9001029,0.0,3.0,-41.0
1776886323.9101028,0.0,1.0,-39.0
1776886323.9201028,3.0,4.0,-44.0
1776886323.9301028,6.0,2.0,-38.0
1776886323.9401028,7.0,5.0,-36.0
1776886323.9501028,9.0,5.0,-34.0
1776886323.9601028,7.0,4.0,-37.0
1776886323.9701028,7.0,2.0,-40.0
1776886323.9801028,6.0,1.0,-35.0
1776886323.9901028,2.0,0.0,-30.0
1776886324.0001028,3.0,0.0,-32.0
1776886324.0101027,5.0,1.0,-38.0
1776886324.0201027,8.0,1.0,-37.0
1776886324.0301027,8.0,2.0,-36.0
1776886324.0401027,5.0,1.0,-32.0
1776886324.0501027,5.0,-2.0,-30.0
1776886324.0601027,5.0,-5.0,-36.0
1776886324.0701027,6.0,-6.0,-31.0
1776886324.0801027,8.0,-8.0,-42.0
1776886324.090103,4.0,-9.0,-39.0
1776886324.100103,8.0,-7.0,-38.0
1776886324.110103,11.0,-7.0,-32.0
1776886324.1201026,7.0,-5.0,-35.0
1776886324.1301026,4.0,-4.0,-34.0
1776886324.1401026,3.0,-6.0,-35.0
1776886324.1501029,2.0,-4.0,-35.0
1776886324.1601028,-2.0,-3.0,-30.0
1776886324.1701028,0.0,0.0,-23.0
1776886324.1801028,4.0,3.0,-28.0
1776886324.1901028,5.0,3.0,-33.0
1776886324.2001028,3.0,2.0,-34.0
1776886324.2101028,-1.0,-1.0,-32.0
1776886324.2201028,-3.0,-1.0,-39.0
1776886324.2301028,0.0,0.0,-38.0
1776886324.2401028,1.0,0.0,-40.0
1776886324.2501028,-2.0,-2.0,-42.0
1776886324.2601027,-10.0,-1.0,-40.0
1776886324.2701027,-3.0,-3.0,-42.0
1776886324.2801027,-2.0,-2.0,-37.0
1776886324.2901027,0.0,-4.0,-38.0
1776886324.3001027,4.0,-1.0,-42.0
1776886324.3101027,6.0,0.0,-45.0
1776886324.3201027,9.0,-1.0,-43.0
1776886324.3301027,4.0,-2.0,-45.0
1776886324.340103,6.0,-4.0,-44.0
1776886324.350103,2.0,-5.0,-43.0
1776886324.360103,0.0,-4.0,-42.0
1776886324.3701026,3.0,3.0,-40.0
1776886324.3801026,5.0,5.0,-40.0
1776886324.3901026,1.0,7.0,-43.0
1776886324.4001029,0.0,3.0,-43.0
1776886324.4101028,-2.0,2.0,-38.0
1776886324.4201028,2.0,1.0,-38.0
1776886324.4301028,3.0,2.0,-45.0
1776886324.4401028,4.0,3.0,-46.0
1776886324.4501028,1.0,0.0,-40.0
1776886324.4601028,3.0,-1.0,-37.0
1776886324.4701028,1.0,-1.0,-40.0
1776886324.4801028,-1.0,-1.0,-48.0
1776886324.4901028,-2.0,-1.0,-46.0
1776886324.5001028,-7.0,0.0,-43.0
1776886324.5101027,-5.0,-1.0,-38.0
1776886324.5201027,-9.0,-6.0,-37.0
1776886324.5301027,-5.0,-6.0,-37.0
1776886324.5401027,0.0,-6.0,-35.0
1776886324.5501027,2.0,-3.0,-37.0
1776886324.5601027,-1.0,-1.0,-36.0
1776886324.5701027,0.0,3.0,-40.0
1776886324.5801027,0.0,3.0,-41.0
1776886324.590103,0.0,3.0,-47.0
1776886324.600103,0.0,4.0,-44.0
1776886324.610103,-1.0,4.0,-42.0
1776886324.6201026,0.0,2.0,-40.0
1776886324.6301026,0.0,2.0,-42.0
1776886324.6401026,4.0,1.0,-45.0
1776886324.6501029,1.0,0.0,-44.0
1776886324.6601028,6.0,-2.0,-40.0
1776886324.6701028,6.0,-1.0,-35.0
1776886324.6801028,-2.0,-4.0,-35.0
1776886324.6901028,0.0,-2.0,-37.0
1776886324.7001028,-2.0,-2.0,-37.0
1776886324.7101028,-5.0,0.0,-42.0
1776886324.7201028,-2.0,2.0,-43.0
1776886324.7301028,-4.0,0.0,-37.0
1776886324.7401028,-2.0,0.0,-36.0
1776886324.7501028,-4.0,-1.0,-35.0
1776886324.7601027,-5.0,-1.0,-27.0
1776886324.7701027,-1.0,-2.0,-23.0
1776886324.7801027,-1.0,-3.0,-24.0
1776886324.7901027,-1.0,-3.0,-27.0
1776886324.8001027,0.0,3.0,-23.0
1776886324.8101027,3.0,0.0,-22.0
1776886324.8201027,5.0,-1.0,-25.0
1776886324.8301027,1.0,-2.0,-25.0
1776886324.840103,1.0,-3.0,-31.0
1776886324.850103,1.0,0.0,-42.0
1776886324.860103,1.0,2.0,-42.0
1776886324.8701026,3.0,0.0,-52.0
1776886324.8801026,6.0,0.0,-54.0
1776886324.8901026,7.0,2.0,-52.0
1776886324.9001029,7.0,2.0,-58.0
1776886324.9101028,6.0,4.0,-46.0
1776886324.9201028,6.0,3.0,-39.0
1776886324.9301028,7.0,2.0,-41.0
1776886324.9401028,0.0,0.0,-38.0
1776886324.9501028,-3.0,0.0,-39.0
1776886324.9601028,-1.0,1.0,-39.0
1776886324.9701028,-1.0,-1.0,-39.0
1776886324.9801028,-4.0,-1.0,-35.0
1776886324.9901028,-4.0,-4.0,-28.0
1776886325.0001028,-5.0,1.0,-33.0
1776886325.0101027,0.0,2.0,-33.0
1776886325.0201027,-4.0,-1.0,-36.0
1776886325.0301027,-9.0,-2.0,-39.0
1776886325.0401027,-6.0,-1.0,-36.0
1776886325.0501027,0.0,-2.0,-36.0
1776886325.0601027,0.0,-5.0,-35.0
1776886325.0701027,3.0,-6.0,-36.0
1776886325.0801027,4.0,-4.0,-41.0
1776886325.090103,5.0,-1.0,-43.0
1776886325.100103,2.0,-1.0,-40.0
1776886325.110103,3.0,-4.0,-43.0
1776886325.1201026,2.0,-6.0,-44.0
1776886325.1301026,-1.0,-4.0,-39.0
1776886325.1401026,5.0,-5.0,-44.0
1776886325.1501029,5.0,-9.0,-39.0
1776886325.1601028,6.0,-6.0,-36.0
1776886325.1701028,6.0,-8.0,-33.0
1776886325.1801028,5.0,-11.0,-28.0
1776886325.1901028,6.0,-9.0,-37.0
1776886325.2001028,3.0,-5.0,-35.0
1776886325.2101028,0.0,-3.0,-38.0
1776886325.2201028,3.0,0.0,-40.0
1776886325.2301028,3.0,-2.0,-39.0
1776886325.2401028,2.0,0.0,-41.0
1776886325.2501028,0.0,3.0,-43.0
1776886325.2601027,0.0,3.0,-36.0
1776886325.2701027,-4.0,4.0,-31.0
1776886325.2801027,-3.0,3.0,-31.0
1776886325.2901027,-6.0,1.0,-29.0
1776886325.3001027,-1.0,0.0,-24.0
1776886325.3101027,-5.0,1.0,-24.0
1776886325.3201027,-4.0,4.0,-26.0
1776886325.3301027,-1.0,0.0,-26.0
1776886325.340103,0.0,-2.0,-32.0
1776886325.350103,0.0,0.0,-35.0
1776886325.360103,1.0,2.0,-35.0
1776886325.3701026,2.0,-1.0,-35.0
1776886325.3801026,5.0,-2.0,-35.0
1776886325.3901026,6.0,-2.0,-32.0
1776886325.4001029,5.0,-1.0,-30.0
1776886325.4101028,4.0,-2.0,-29.0
1776886325.4201028,5.0,-3.0,-28.0
1776886325.4301028,5.0,0.0,-33.0
1776886325.4401028,2.0,-2.0,-30.0
1776886325.4501028,0.0,0.0,-37.0
1776886325.4601028,0.0,-1.0,-44.0
1776886325.4701028,1.0,0.0,-45.0
1776886325.4801028,0.0,3.0,-44.0
1776886325.4901028,-4.0,3.0,-41.0
1776886325.5001028,-3.0,0.0,-38.0
1776886325.511103,-1.0,-2.0,-39.0
1776886325.5201027,-1.0,-3.0,-33.0
1776886325.531103,3.0,0.0,-32.0
1776886325.5411026,4.0,1.0,-32.0
1776886325.5511026,1.0,0.0,-38.0
1776886325.5611026,0.0,3.0,-39.0
1776886325.5711029,2.0,0.0,-34.0
1776886325.5811028,0.0,0.0,-30.0
1776886325.5911028,-2.0,0.0,-33.0
1776886325.6011028,-2.0,-1.0,-24.0
1776886325.6111028,-4.0,-5.0,-29.0
1776886325.6211028,-6.0,-5.0,-35.0
1776886325.6311028,-8.0,-2.0,-34.0
1776886325.6411028,-6.0,-4.0,-31.0
1776886325.6511028,-2.0,-3.0,-29.0
1776886325.6611028,-1.0,-4.0,-34.0
1776886325.6711028,-3.0,-8.0,-37.0
1776886325.6811028,2.0,-8.0,-39.0
1776886325.6911027,0.0,-11.0,-36.0
1776886325.7011027,0.0,-5.0,-40.0
1776886325.7111027,0.0,-3.0,-41.0
1776886325.7211027,3.0,-6.0,-38.0
1776886325.7311027,2.0,-5.0,-40.0
1776886325.7411027,0.0,-8.0,-45.0
1776886325.7511027,0.0,-9.0,-49.0
1776886325.761103,3.0,-6.0,-40.0
1776886325.771103,2.0,-7.0,-37.0
1776886325.781103,1.0,-6.0,-42.0
1776886325.7911026,-1.0,-6.0,-49.0
1776886325.8011026,-2.0,-4.0,-47.0
1776886325.8111026,-2.0,-1.0,-48.0
1776886325.8211029,0.0,2.0,-51.0
1776886325.8311028,3.0,3.0,-47.0
1776886325.8411028,2.0,4.0,-42.0
1776886325.8511028,1.0,5.0,-50.0
1776886325.8611028,2.0,3.0,-51.0
1776886325.8711028,1.0,0.0,-47.0
1776886325.8811028,0.0,-1.0,-41.0
1776886325.8911028,0.0,0.0,-34.0
1776886325.9011028,-2.0,-2.0,-36.0
1776886325.9111028,1.0,-3.0,-33.0
1776886325.9211028,1.0,-3.0,-36.0
1776886325.9311028,0.0,-2.0,-29.0
1776886325.9411027,0.0,0.0,-34.0
1776886325.9511027,0.0,-2.0,-30.0
1776886325.9611027,1.0,-3.0,-35.0
1776886325.9711027,4.0,-3.0,-38.0
1776886325.9811027,2.0,-2.0,-39.0
1776886325.9911027,0.0,0.0,-39.0
1776886326.0011027,4.0,2.0,-37.0
1776886326.011103,2.0,-2.0,-39.0
1776886326.021103,0.0,-1.0,-40.0
1776886326.031103,1.0,0.0,-38.0
1776886326.0411026,0.0,0.0,-37.0
1776886326.0511026,0.0,2.0,-40.0
1776886326.0611026,2.0,-1.0,-40.0
1776886326.0711029,0.0,-2.0,-47.0
1776886326.0811028,-1.0,-3.0,-37.0
1776886326.0911028,-4.0,-3.0,-28.0
1776886326.1011028,-8.0,0.0,-24.0
1776886326.1111028,-5.0,0.0,-34.0
1776886326.1211028,-6.0,3.0,-40.0
1776886326.1311028,-8.0,3.0,-44.0
1776886326.1411028,-10.0,2.0,-41.0
1776886326.1511028,-7.0,0.0,-46.0
1776886326.1611028,-8.0,-5.0,-50.0
1776886326.1711028,-5.0,-2.0,-42.0
1776886326.1811028,-8.0,-4.0,-44.0
1776886326.1911027,-13.0,-5.0,-46.0
1776886326.2011027,-9.0,-4.0,-39.0
1776886326.2111027,-5.0,-2.0,-35.0
1776886326.2211027,-5.0,-5.0,-34.0
1776886326.2311027,-2.0,-7.0,-36.0
1776886326.2411027,0.0,-9.0,-40.0
1776886326.2511027,1.0,-6.0,-38.0
1776886326.261103,5.0,-4.0,-34.0
1776886326.271103,3.0,-1.0,-44.0
1776886326.281103,2.0,-1.0,-41.0
1776886326.2911026,-1.0,-1.0,-40.0
1776886326.3011026,-3.0,-2.0,-40.0
1776886326.3111026,0.0,-1.0,-44.0
1776886326.3211029,0.0,-2.0,-49.0
1776886326.3311028,2.0,0.0,-45.0
1776886326.3411028,5.0,-1.0,-42.0
1776886326.3511028,6.0,2.0,-40.0
1776886326.3611028,4.0,2.0,-32.0
1776886326.3711028,4.0,0.0,-35.0
1776886326.3811028,2.0,-2.0,-37.0
1776886326.3911028,1.0,-1.0,-41.0
1776886326.4011028,0.0,-4.0,-33.0
1776886326.4111028,2.0,-2.0,-24.0
1776886326.4211028,6.0,-5.0,-23.0
1776886326.4311028,0.0,-9.0,-29.0
1776886326.4411027,2.0,-8.0,-30.0
1776886326.4511027,5.0,-6.0,-37.0
1776886326.4611027,4.0,-5.0,-40.0
1776886326.4711027,0.0,-6.0,-43.0
1776886326.4811027,-2.0,-4.0,-42.0
1776886326.4911027,-4.0,-3.0,-39.0
1776886326.5011027,0.0,-1.0,-38.0
1776886326.511103,1.0,0.0,-41.0
1776886326.521103,3.0,0.0,-38.0
1776886326.531103,5.0,0.0,-35.0
1776886326.5411026,2.0,-2.0,-35.0
1776886326.5511026,4.0,1.0,-37.0
1776886326.5611026,5.0,1.0,-35.0
1776886326.5711029,4.0,0.0,-37.0
1776886326.5811028,0.0,0.0,-35.0
1776886326.5911028,1.0,0.0,-35.0
1776886326.6011028,-2.0,-1.0,-30.0
1776886326.6111028,1.0,0.0,-35.0
1776886326.6211028,4.0,1.0,-41.0
1776886326.6311028,2.0,1.0,-49.0
1776886326.6411028,3.0,3.0,-46.0
1776886326.6511028,0.0,0.0,-41.0
1776886326.6611028,-2.0,2.0,-43.0
1776886326.6711028,0.0,7.0,-39.0
1776886326.6811028,1.0,8.0,-37.0
1776886326.6911027,2.0,9.0,-39.0
1776886326.7011027,4.0,7.0,-41.0
1776886326.7111027,0.0,4.0,-42.0
1776886326.7211027,0.0,6.0,-43.0
1776886326.7311027,-1.0,3.0,-35.0
1776886326.7411027,-2.0,3.0,-33.0
1776886326.7511027,0.0,2.0,-30.0
1776886326.761103,-2.0,1.0,-33.0
1776886326.771103,1.0,0.0,-31.0
1776886326.781103,0.0,-1.0,-33.0
1776886326.7911026,0.0,0.0,-39.0
1776886326.8011026,0.0,0.0,-49.0
1776886326.8111026,1.0,2.0,-51.0
1776886326.8211029,7.0,-2.0,-55.0
1776886326.8311028,4.0,-2.0,-56.0
1776886326.8411028,3.0,-5.0,-51.0
1776886326.8511028,0.0,-6.0,-47.0
1776886326.8611028,5.0,-7.0,-48.0
1776886326.8711028,1.0,-4.0,-50.0
1776886326.8811028,0.0,-5.0,-46.0
1776886326.8911028,1.0,-3.0,-45.0
1776886326.9011028,5.0,-5.0,-47.0
1776886326.9111028,3.0,-5.0,-46.0
1776886326.9211028,3.0,-6.0,-49.0
1776886326.9311028,6.0,-6.0,-50.0
1776886326.9411027,4.0,-7.0,-46.0
1776886326.9511027,0.0,-3.0,-40.0
1776886326.9611027,1.0,-5.0,-40.0
1776886326.9711027,4.0,-6.0,-41.0
1776886326.9811027,4.0,-7.0,-42.0
1776886326.9911027,1.0,-7.0,-37.0
1776886327.0011027,2.0,-6.0,-30.0
1776886327.011103,1.0,-4.0,-35.0
1776886327.021103,2.0,-4.0,-41.0
1776886327.031103,6.0,-3.0,-34.0
1776886327.0411026,0.0,-3.0,-36.0
1776886327.0511026,2.0,-5.0,-45.0
1776886327.0611026,1.0,-7.0,-44.0
1776886327.0711029,0.0,-8.0,-44.0
1776886327.0811028,-2.0,-7.0,-35.0
1776886327.0911028,3.0,-8.0,-41.0
1776886327.1011028,0.0,-5.0,-36.0
1776886327.1111028,1.0,-5.0,-36.0
1776886327.1211028,1.0,-1.0,-40.0
1776886327.1311028,4.0,0.0,-41.0
1776886327.1411028,-1.0,2.0,-39.0
1776886327.1511028,-5.0,2.0,-47.0
1776886327.1611028,-3.0,0.0,-49.0
1776886327.1711028,-1.0,0.0,-44.0
1776886327.1811028,0.0,1.0,-37.0
1776886327.1911027,0.0,2.0,-38.0
1776886327.2011027,0.0,3.0,-39.0
1776886327.2111027,0.0,-1.0,-38.0
1776886327.2211027,0.0,-3.0,-34.0
1776886327.2311027,-3.0,-5.0,-36.0
1776886327.2411027,-10.0,-7.0,-33.0
1776886327.2511027,-8.0,-6.0,-25.0
1776886327.261103,-4.0,-2.0,-26.0
1776886327.271103,-3.0,-5.0,-31.0
1776886327.281103,-4.0,-6.0,-25.0
1776886327.2911026,-7.0,-5.0,-24.0
1776886327.3011026,-9.0,-1.0,-33.0
1776886327.3111026,-4.0,0.0,-44.0
1776886327.3211029,-3.0,0.0,-39.0
1776886327.3311028,-4.0,0.0,-39.0
1776886327.3411028,-1.0,0.0,-34.0
1776886327.3511028,0.0,-1.0,-40.0
1776886327.3611028,-1.0,-1.0,-42.0
1776886327.3711028,0.0,-1.0,-42.0
1776886327.3811028,1.0,0.0,-46.0
1776886327.3911028,0.0,-2.0,-44.0
1776886327.4011028,-3.0,-5.0,-44.0
1776886327.4111028,-5.0,-7.0,-47.0
1776886327.4211028,-5.0,-3.0,-42.0
1776886327.4311028,-5.0,-5.0,-47.0
1776886327.4411027,-4.0,-1.0,-47.0
1776886327.4511027,-8.0,-1.0,-39.0
1776886327.4611027,-6.0,4.0,-33.0
1776886327.4711027,-4.0,0.0,-39.0
1776886327.4811027,-1.0,0.0,-41.0
1776886327.4911027,-2.0,0.0,-33.0
1776886327.5011027,1.0,0.0,-33.0
1776886327.511103,-1.0,-2.0,-33.0
1776886327.5221028,-6.0,-1.0,-41.0
1776886327.531103,-9.0,-1.0,-43.0
1776886327.5421028,-12.0,-5.0,-43.0
1776886327.5521028,-7.0,-4.0,-42.0
1776886327.5621028,-5.0,-2.0,-42.0
1776886327.5721028,-2.0,-3.0,-40.0
1776886327.5821028,0.0,-4.0,-40.0
1776886327.5921028,1.0,-3.0,-45.0
1776886327.6021028,0.0,-4.0,-42.0
1776886327.6121027,-3.0,0.0,-36.0
1776886327.6221027,-3.0,-1.0,-38.0
1776886327.6321027,-3.0,0.0,-33.0
1776886327.6421027,-6.0,-1.0,-34.0
1776886327.6521027,-3.0,-2.0,-34.0
1776886327.6621027,0.0,-3.0,-34.0
1776886327.6721027,0.0,-2.0,-32.0
1776886327.682103,2.0,-6.0,-37.0
1776886327.692103,2.0,-5.0,-39.0
1776886327.702103,2.0,-11.0,-39.0
1776886327.712103,2.0,-12.0,-38.0
1776886327.7221026,1.0,-7.0,-42.0
1776886327.7321026,0.0,-4.0,-41.0
1776886327.7421026,2.0,-7.0,-40.0
1776886327.7521029,3.0,-6.0,-49.0
1776886327.7621028,1.0,-6.0,-42.0
1776886327.7721028,3.0,-6.0,-47.0
1776886327.7821028,0.0,-7.0,-38.0
1776886327.7921028,1.0,-3.0,-36.0
1776886327.8021028,1.0,1.0,-34.0
1776886327.8121028,1.0,0.0,-33.0
1776886327.8221028,1.0,-1.0,-32.0
1776886327.8321028,0.0,-1.0,-37.0
1776886327.8421028,-4.0,-2.0,-38.0
1776886327.8521028,-5.0,-3.0,-39.0
1776886327.8621027,-6.0,0.0,-31.0
1776886327.8721027,0.0,-2.0,-30.0
1776886327.8821027,2.0,-4.0,-28.0
1776886327.8921027,2.0,-3.0,-31.0
1776886327.9021027,-1.0,-2.0,-36.0
1776886327.9121027,-2.0,-4.0,-40.0
1776886327.9221027,-2.0,-2.0,-41.0
1776886327.932103,-1.0,-2.0,-38.0
1776886327.942103,-2.0,0.0,-44.0
1776886327.952103,-1.0,0.0,-43.0
1776886327.962103,-2.0,-1.0,-40.0
1776886327.9721026,-3.0,-1.0,-36.0
1776886327.9821026,-8.0,-3.0,-32.0
1776886327.9921026,-7.0,-5.0,-34.0
1776886328.0021029,-5.0,-4.0,-32.0
1776886328.0121028,-5.0,-5.0,-32.0
1776886328.0221028,0.0,-5.0,-36.0
1776886328.0321028,-3.0,0.0,-37.0
1776886328.0421028,-3.0,0.0,-45.0
1776886328.0521028,-3.0,-1.0,-39.0
1776886328.0621028,2.0,-2.0,-39.0
1776886328.0721028,0.0,0.0,-32.0
1776886328.0821028,0.0,2.0,-30.0
1776886328.0921028,2.0,0.0,-32.0
1776886328.1021028,4.0,1.0,-33.0
1776886328.1121027,0.0,-3.0,-30.0
1776886328.1221027,0.0,-5.0,-30.0
1776886328.1321027,0.0,0.0,-34.0
1776886328.1421027,-3.0,0.0,-34.0
1776886328.1521027,-2.0,-3.0,-28.0
1776886328.1621027,-2.0,-2.0,-25.0
1776886328.1721027,-3.0,-9.0,-31.0
1776886328.182103,-1.0,-8.0,-34.0
1776886328.192103,0.0,-7.0,-29.0
1776886328.202103,-2.0,-7.0,-32.0
1776886328.212103,-1.0,-6.0,-32.0
1776886328.2221026,-3.0,-7.0,-35.0
1776886328.2321026,0.0,-7.0,-38.0
1776886328.2421026,2.0,-7.0,-31.0
1776886328.2521029,0.0,-6.0,-28.0
1776886328.2621028,2.0,-6.0,-32.0
1776886328.2721028,3.0,-5.0,-42.0
1776886328.2821028,2.0,-4.0,-36.0
1776886328.2921028,-1.0,-3.0,-31.0
1776886328.3021028,-5.0,-4.0,-32.0
1776886328.3121028,-3.0,0.0,-40.0
1776886328.3221028,-3.0,0.0,-40.0
1776886328.3321028,-5.0,-1.0,-43.0
1776886328.3421028,-2.0,3.0,-40.0
1776886328.3521028,0.0,4.0,-45.0
1776886328.3621027,2.0,2.0,-36.0
1776886328.3721027,2.0,0.0,-39.0
1776886328.3821027,1.0,0.0,-34.0
1776886328.3921027,2.0,0.0,-40.0
1776886328.4021027,0.0,0.0,-37.0
1776886328.4121027,2.0,-1.0,-40.0
1776886328.4221027,5.0,-3.0,-43.0
1776886328.432103,8.0,-1.0,-39.0
1776886328.442103,7.0,-3.0,-39.0
1776886328.452103,4.0,-1.0,-47.0
1776886328.462103,4.0,-3.0,-50.0
1776886328.4721026,0.0,-2.0,-51.0
1776886328.4821026,-3.0,1.0,-50.0
1776886328.4921026,-4.0,1.0,-45.0
1776886328.5021029,-2.0,-2.0,-47.0
1776886328.5121028,-2.0,-1.0,-43.0
1776886328.5221028,0.0,0.0,-42.0
1776886328.5321028,2.0,0.0,-44.0
1776886328.5421028,2.0,1.0,-40.0
1776886328.5521028,0.0,0.0,-47.0
1776886328.5621028,-2.0,0.0,-40.0
1776886328.5721028,-7.0,1.0,-35.0
1776886328.5821028,-8.0,0.0,-34.0
1776886328.5921028,-4.0,-4.0,-37.0
1776886328.6021028,-6.0,-3.0,-40.0
1776886328.6121027,-6.0,-5.0,-49.0
1776886328.6221027,-2.0,-8.0,-47.0
1776886328.6321027,0.0,-4.0,-49.0
1776886328.6421027,1.0,-7.0,-51.0
1776886328.6521027,0.0,-4.0,-48.0
1776886328.6621027,1.0,-3.0,-42.0
1776886328.6721027,0.0,-3.0,-41.0
1776886328.682103,0.0,-6.0,-40.0
1776886328.692103,2.0,-3.0,-37.0
1776886328.702103,3.0,-4.0,-38.0
1776886328.712103,2.0,-6.0,-31.0
1776886328.7221026,0.0,-7.0,-31.0
1776886328.7321026,0.0,-1.0,-34.0
1776886328.7421026,-3.0,0.0,-40.0
1776886328.7521029,-1.0,0.0,-41.0
1776886328.7621028,-1.0,0.0,-42.0
1776886328.7721028,-5.0,2.0,-46.0
1776886328.7821028,-5.0,-1.0,-43.0
1776886328.7921028,0.0,-1.0,-44.0
1776886328.8021028,6.0,-2.0,-43.0
1776886328.8121028,9.0,0.0,-43.0
1776886328.8221028,8.0,-1.0,-45.0
1776886328.8321028,7.0,1.0,-40.0
1776886328.8421028,4.0,4.0,-40.0
1776886328.8521028,3.0,3.0,-48.0
1776886328.8621027,1.0,5.0,-44.0
1776886328.8721027,-2.0,1.0,-46.0
1776886328.8821027,-1.0,0.0,-34.0
1776886328.8921027,0.0,2.0,-28.0
1776886328.9021027,4.0,4.0,-24.0
1776886328.9121027,5.0,4.0,-26.0
1776886328.9221027,5.0,6.0,-28.0
1776886328.932103,0.0,6.0,-33.0
1776886328.942103,1.0,5.0,-32.0
1776886328.952103,5.0,5.0,-41.0
1776886328.962103,4.0,0.0,-44.0
1776886328.9721026,2.0,1.0,-43.0
1776886328.9821026,0.0,4.0,-41.0
1776886328.9921026,5.0,3.0,-47.0
1776886329.0021029,5.0,4.0,-49.0
1776886329.0121028,4.0,0.0,-50.0
1776886329.0221028,5.0,1.0,-52.0
1776886329.0321028,3.0,1.0,-41.0
1776886329.0421028,3.0,0.0,-43.0
1776886329.0521028,4.0,0.0,-38.0
1776886329.0621028,7.0,0.0,-44.0
1776886329.0721028,8.0,-2.0,-44.0
1776886329.0821028,4.0,0.0,-42.0
1776886329.0921028,2.0,3.0,-37.0
1776886329.1021028,1.0,4.0,-39.0
1776886329.1121027,4.0,3.0,-43.0
1776886329.1221027,4.0,2.0,-46.0
1776886329.1321027,4.0,0.0,-43.0
1776886329.1421027,5.0,0.0,-50.0
1776886329.1521027,4.0,-1.0,-50.0
1776886329.1621027,3.0,0.0,-46.0
1776886329.1721027,0.0,-2.0,-50.0
1776886329.182103,1.0,1.0,-56.0
1776886329.192103,-1.0,2.0,-57.0
1776886329.202103,-3.0,-1.0,-51.0
1776886329.212103,-2.0,0.0,-48.0
1776886329.2221026,-4.0,0.0,-48.0
1776886329.2321026,0.0,0.0,-49.0
1776886329.2421026,-6.0,-1.0,-48.0
1776886329.2521029,-2.0,3.0,-43.0
1776886329.2621028,0.0,1.0,-44.0
1776886329.2721028,1.0,4.0,-42.0
1776886329.2821028,0.0,4.0,-42.0
1776886329.2921028,0.0,-1.0,-47.0
1776886329.3021028,3.0,-4.0,-47.0
1776886329.3121028,2.0,-2.0,-38.0
1776886329.3221028,4.0,-3.0,-35.0
1776886329.3321028,0.0,-1.0,-35.0
1776886329.3421028,-2.0,-1.0,-36.0
1776886329.3521028,-6.0,-3.0,-39.0
1776886329.3621027,-5.0,-6.0,-44.0
1776886329.3721027,-6.0,-3.0,-41.0
1776886329.3821027,-5.0,-4.0,-35.0
1776886329.3921027,-6.0,-3.0,-37.0
1776886329.4021027,-5.0,-4.0,-37.0
1776886329.4121027,-3.0,-3.0,-28.0
1776886329.4221027,-7.0,-5.0,-28.0
1776886329.432103,-1.0,-9.0,-33.0
1776886329.442103,1.0,-4.0,-33.0
1776886329.452103,0.0,0.0,-39.0
1776886329.462103,-3.0,0.0,-45.0
1776886329.4721026,-4.0,1.0,-40.0
1776886329.4821026,-7.0,4.0,-38.0
1776886329.4921026,-7.0,1.0,-36.0
1776886329.5021029,-3.0,0.0,-36.0
1776886329.5121028,0.0,0.0,-40.0
1776886329.5221028,-1.0,-1.0,-40.0
1776886329.5331028,-1.0,-1.0,-33.0
1776886329.5421028,0.0,0.0,-25.0
1776886329.5531027,1.0,0.0,-34.0
1776886329.5631027,0.0,-3.0,-35.0
1776886329.5731027,0.0,-1.0,-30.0
1776886329.5831027,3.0,0.0,-30.0
1776886329.5931027,2.0,0.0,-26.0
1776886329.6031027,1.0,-4.0,-28.0
1776886329.613103,0.0,-6.0,-27.0
1776886329.623103,0.0,-4.0,-24.0
1776886329.633103,1.0,-3.0,-27.0
1776886329.6431026,1.0,0.0,-32.0
1776886329.6531026,0.0,3.0,-33.0
1776886329.6631026,2.0,5.0,-39.0
1776886329.6731029,2.0,2.0,-44.0
1776886329.6831028,-2.0,1.0,-45.0
1776886329.6931028,-3.0,0.0,-39.0
1776886329.7031028,-1.0,0.0,-40.0
1776886329.7131028,0.0,2.0,-42.0
1776886329.7231028,-2.0,0.0,-41.0
1776886329.7331028,-2.0,0.0,-32.0
1776886329.7431028,0.0,1.0,-36.0
1776886329.7531028,-2.0,-4.0,-36.0
1776886329.7631028,-2.0,-2.0,-41.0
1776886329.7731028,-6.0,-2.0,-46.0
1776886329.7831028,-8.0,0.0,-45.0
1776886329.7931027,-6.0,-5.0,-41.0
1776886329.8031027,-4.0,-5.0,-37.0
1776886329.8131027,0.0,-7.0,-41.0
1776886329.8231027,-2.0,-4.0,-37.0
1776886329.8331027,-6.0,-3.0,-41.0
1776886329.8431027,-1.0,-3.0,-41.0
1776886329.8531027,-2.0,-5.0,-35.0
1776886329.863103,-4.0,-8.0,-36.0
1776886329.873103,-5.0,-8.0,-41.0
1776886329.883103,-6.0,-4.0,-37.0
1776886329.8931026,-2.0,-2.0,-35.0
1776886329.9031026,3.0,-3.0,-39.0
1776886329.9131026,7.0,-2.0,-35.0
1776886329.9231029,4.0,-1.0,-39.0
1776886329.9331028,4.0,0.0,-36.0
1776886329.9431028,1.0,0.0,-38.0
1776886329.9531028,2.0,4.0,-36.0
1776886329.9631028,1.0,7.0,-32.0
1776886329.9731028,-1.0,2.0,-31.0
1776886329.9831028,-4.0,4.0,-33.0
1776886329.9931028,-2.0,0.0,-33.0
1776886330.0031028,-2.0,1.0,-39.0
1776886330.0131028,-2.0,2.0,-43.0
1776886330.0231028,0.0,1.0,-45.0
1776886330.0331028,1.0,-3.0,-43.0
1776886330.0431027,4.0,-4.0,-45.0
1776886330.0531027,9.0,-2.0,-48.0
1776886330.0631027,13.0,0.0,-49.0
1776886330.0731027,7.0,0.0,-46.0
1776886330.0831027,5.0,-1.0,-52.0
1776886330.0931027,4.0,-3.0,-50.0
1776886330.1031027,0.0,-4.0,-47.0
1776886330.113103,0.0,-5.0,-51.0
1776886330.123103,4.0,-5.0,-47.0
1776886330.133103,2.0,-6.0,-44.0
1776886330.1431026,1.0,-5.0,-45.0
1776886330.1531026,0.0,-4.0,-40.0
1776886330.1631026,1.0,-2.0,-36.0
1776886330.1731029,0.0,-1.0,-40.0
1776886330.1831028,-3.0,-1.0,-45.0
1776886330.1931028,-3.0,-2.0,-45.0
1776886330.2031028,-3.0,2.0,-45.0
1776886330.2131028,-1.0,4.0,-45.0
1776886330.2231028,1.0,0.0,-43.0
1776886330.2331028,1.0,0.0,-43.0
1776886330.2431028,-1.0,1.0,-44.0
1776886330.2531028,1.0,0.0,-41.0
1776886330.2631028,-3.0,-1.0,-41.0
1776886330.2731028,-2.0,-4.0,-37.0
1776886330.2831028,-1.0,0.0,-40.0
1776886330.2931027,-1.0,0.0,-42.0
1776886330.3031027,0.0,2.0,-36.0
1776886330.3131027,1.0,-2.0,-35.0
1776886330.3231027,0.0,-4.0,-32.0
1776886330.3331027,4.0,0.0,-38.0
1776886330.3431027,5.0,0.0,-32.0
1776886330.3531027,5.0,-2.0,-42.0
1776886330.363103,0.0,-6.0,-34.0
1776886330.373103,-3.0,-5.0,-34.0
1776886330.383103,-1.0,-3.0,-30.0
1776886330.3931026,-1.0,-2.0,-36.0
1776886330.4031026,-3.0,-1.0,-38.0
1776886330.4141028,0.0,0.0,-35.0
1776886330.4231029,0.0,1.0,-40.0
1776886330.4331028,-7.0,-3.0,-41.0
1776886330.4431028,-10.0,-1.0,-49.0
1776886330.4531028,-6.0,2.0,-50.0
1776886330.4631028,0.0,2.0,-49.0
1776886330.4731028,0.0,1.0,-38.0
1776886330.4831028,-2.0,-1.0,-34.0
1776886330.4931028,0.0,-2.0,-31.0
1776886330.5031028,2.0,0.0,-35.0
1776886330.5131028,-1.0,3.0,-39.0
1776886330.5231028,0.0,1.0,-40.0
1776886330.5331028,-3.0,0.0,-39.0
1776886330.5431027,-5.0,0.0,-40.0
1776886330.5531027,-3.0,-2.0,-39.0
1776886330.5631027,-1.0,0.0,-42.0
1776886330.5731027,0.0,0.0,-41.0
1776886330.5831027,-1.0,-2.0,-43.0
1776886330.5931027,0.0,0.0,-38.0
1776886330.6031027,2.0,0.0,-36.0
1776886330.613103,-3.0,-2.0,-40.0
1776886330.623103,-3.0,-2.0,-45.0
1776886330.633103,3.0,-1.0,-44.0
1776886330.6431026,2.0,0.0,-39.0
1776886330.6531026,7.0,1.0,-36.0
1776886330.6631026,7.0,0.0,-35.0
1776886330.6731029,6.0,-2.0,-36.0
1776886330.6831028,1.0,-2.0,-34.0
1776886330.6931028,-4.0,-2.0,-32.0
1776886330.7031028,-4.0,-5.0,-39.0
1776886330.7131028,-5.0,-7.0,-39.0
1776886330.7231028,-9.0,-4.0,-32.0
1776886330.7331028,-8.0,-3.0,-34.0
1776886330.7431028,-5.0,2.0,-35.0
1776886330.7531028,-2.0,4.0,-42.0
1776886330.7631028,-1.0,0.0,-49.0
1776886330.7731028,2.0,0.0,-59.0
1776886330.7831028,-1.0,-4.0,-58.0
1776886330.7931027,-1.0,-3.0,-60.0
1776886330.8031027,0.0,-1.0,-55.0
1776886330.8131027,0.0,1.0,-54.0
1776886330.8231027,2.0,4.0,-56.0
1776886330.8331027,3.0,2.0,-44.0
1776886330.8431027,0.0,1.0,-40.0
1776886330.8531027,2.0,0.0,-34.0
1776886330.863103,6.0,-2.0,-36.0
1776886330.873103,1.0,-8.0,-43.0
1776886330.883103,-2.0,-7.0,-46.0
1776886330.8931026,2.0,-5.0,-50.0
1776886330.9031026,0.0,-4.0,-52.0
1776886330.9131026,1.0,-6.0,-53.0
1776886330.9231029,5.0,-3.0,-53.0
1776886330.9331028,1.0,-8.0,-46.0
1776886330.9431028,-1.0,-5.0,-39.0
1776886330.9531028,-1.0,-5.0,-40.0
1776886330.9631028,-3.0,-3.0,-47.0
1776886330.9731028,-3.0,-1.0,-48.0
1776886330.9831028,-1.0,2.0,-45.0
1776886330.9931028,-3.0,1.0,-42.0
1776886331.0031028,1.0,2.0,-36.0
1776886331.0131028,0.0,3.0,-32.0
1776886331.0231028,0.0,2.0,-33.0
1776886331.0331028,-3.0,3.0,-29.0
1776886331.0431027,-4.0,3.0,-32.0
1776886331.0531027,-5.0,-3.0,-23.0
1776886331.0631027,-3.0,-2.0,-21.0
1776886331.0731027,-6.0,-2.0,-25.0
1776886331.0831027,-2.0,-1.0,-27.0
1776886331.0931027,-2.0,0.0,-26.0
1776886331.1031027,1.0,3.0,-27.0
1776886331.113103,4.0,4.0,-33.0
1776886331.123103,4.0,4.0,-38.0
1776886331.133103,6.0,1.0,-42.0
1776886331.1431026,0.0,1.0,-43.0
1776886331.1531026,-2.0,0.0,-36.0
1776886331.1631026,-2.0,0.0,-31.0
1776886331.1731029,-2.0,2.0,-28.0
1776886331.1831028,-6.0,2.0,-37.0
1776886331.1931028,-4.0,4.0,-37.0
1776886331.2031028,-3.0,2.0,-36.0
1776886331.2131028,-1.0,2.0,-40.0
1776886331.2231028,-2.0,2.0,-46.0
1776886331.2331028,-6.0,1.0,-55.0
1776886331.2431028,-7.0,3.0,-45.0
1776886331.2531028,-6.0,4.0,-43.0
1776886331.2631028,-11.0,3.0,-46.0
1776886331.2731028,-9.0,1.0,-47.0
1776886331.2831028,-7.0,1.0,-47.0
1776886331.2931027,-5.0,0.0,-48.0
1776886331.3031027,-5.0,2.0,-51.0
1776886331.3131027,-10.0,1.0,-47.0
1776886331.3231027,-5.0,2.0,-44.0
1776886331.3331027,-2.0,0.0,-45.0
1776886331.3431027,0.0,1.0,-40.0
1776886331.3531027,2.0,0.0,-33.0
1776886331.363103,4.0,2.0,-37.0
1776886331.373103,3.0,-2.0,-34.0
1776886331.383103,-1.0,0.0,-41.0
1776886331.3931026,0.0,-2.0,-37.0
1776886331.4031026,2.0,-1.0,-37.0
1776886331.4131026,2.0,-1.0,-41.0
1776886331.4231029,1.0,-3.0,-45.0
1776886331.4331028,6.0,-1.0,-40.0
1776886331.4431028,2.0,-3.0,-44.0
1776886331.4531028,0.0,-1.0,-41.0
1776886331.4631028,-1.0,-1.0,-39.0
1776886331.4731028,-8.0,-6.0,-31.0
1776886331.4831028,-6.0,-3.0,-38.0
1776886331.4941027,-2.0,-4.0,-40.0
1776886331.5041027,-1.0,-8.0,-37.0
1776886331.5141027,-2.0,-7.0,-37.0
1776886331.5241027,-2.0,-7.0,-38.0
1776886331.534103,-2.0,0.0,-36.0
1776886331.544103,-8.0,4.0,-35.0
1776886331.554103,-8.0,4.0,-33.0
1776886331.5641026,-7.0,4.0,-33.0
1776886331.5741026,-4.0,2.0,-29.0
1776886331.5841026,-2.0,0.0,-27.0
1776886331.5941026,2.0,5.0,-32.0
1776886331.6041028,7.0,5.0,-34.0
1776886331.6141028,4.0,4.0,-33.0
1776886331.6241028,6.0,2.0,-31.0
1776886331.6341028,4.0,4.0,-30.0
1776886331.6441028,8.0,4.0,-32.0
1776886331.6541028,7.0,5.0,-32.0
1776886331.6641028,2.0,2.0,-40.0
1776886331.6741028,4.0,3.0,-37.0
1776886331.6841028,7.0,4.0,-31.0
1776886331.6941028,4.0,4.0,-34.0
1776886331.7041028,2.0,6.0,-39.0
1776886331.7141027,0.0,3.0,-39.0
1776886331.7241027,-3.0,3.0,-40.0
1776886331.7341027,-6.0,5.0,-38.0
1776886331.7441027,-7.0,0.0,-37.0
1776886331.7541027,-4.0,-3.0,-44.0
1776886331.7641027,0.0,-2.0,-53.0
1776886331.7741027,-1.0,0.0,-51.0
1776886331.784103,4.0,0.0,-52.0
1776886331.794103,6.0,0.0,-55.0
1776886331.804103,7.0,3.0,-53.0
1776886331.8141026,6.0,3.0,-47.0
1776886331.8241026,0.0,0.0,-41.0
1776886331.8341026,4.0,-6.0,-37.0
1776886331.8441026,4.0,-1.0,-41.0
1776886331.8541028,5.0,-2.0,-43.0
1776886331.8641028,3.0,-4.0,-47.0
1776886331.8741028,0.0,-4.0,-48.0
1776886331.8841028,0.0,-5.0,-48.0
1776886331.8941028,0.0,-3.0,-47.0
1776886331.9041028,-3.0,-4.0,-46.0
1776886331.9141028,0.0,0.0,-50.0
1776886331.9241028,-1.0,0.0,-41.0
1776886331.9341028,-2.0,-3.0,-35.0
1776886331.9441028,0.0,0.0,-37.0
1776886331.9541028,3.0,0.0,-39.0
1776886331.9641027,1.0,0.0,-38.0
1776886331.9741027,3.0,-3.0,-39.0
1776886331.9841027,5.0,-1.0,-35.0
1776886331.9941027,4.0,2.0,-37.0
1776886332.0041027,7.0,-1.0,-42.0
1776886332.0141027,9.0,-2.0,-40.0
1776886332.0241027,7.0,-4.0,-39.0
1776886332.034103,0.0,-2.0,-34.0
1776886332.044103,0.0,-3.0,-37.0
1776886332.054103,1.0,-3.0,-36.0
1776886332.0641026,-1.0,-1.0,-42.0
1776886332.0741026,-1.0,0.0,-37.0
1776886332.0841026,0.0,-2.0,-35.0
1776886332.0941026,0.0,-6.0,-29.0
1776886332.1041028,-1.0,-4.0,-34.0
1776886332.1141028,0.0,-7.0,-31.0
1776886332.1241028,5.0,-4.0,-35.0
1776886332.1341028,1.0,-7.0,-39.0
1776886332.1441028,0.0,-5.0,-43.0
1776886332.1541028,2.0,-3.0,-41.0
1776886332.1641028,2.0,-1.0,-44.0
1776886332.1741028,0.0,0.0,-40.0
1776886332.1841028,1.0,0.0,-40.0
1776886332.1941028,-1.0,0.0,-41.0
1776886332.2041028,-3.0,3.0,-40.0
1776886332.2141027,-2.0,1.0,-38.0
1776886332.2241027,1.0,-1.0,-38.0
1776886332.2341027,1.0,0.0,-39.0
1776886332.2441027,-2.0,-1.0,-40.0
1776886332.2541027,-5.0,0.0,-43.0
1776886332.2641027,-5.0,0.0,-39.0
1776886332.2741027,-2.0,0.0,-43.0
1776886332.284103,-3.0,0.0,-40.0
1776886332.294103,-3.0,-2.0,-41.0
1776886332.304103,-4.0,0.0,-40.0
1776886332.3141026,0.0,0.0,-43.0
1776886332.3241026,0.0,0.0,-43.0
1776886332.3341026,-1.0,2.0,-39.0
1776886332.3441026,-2.0,1.0,-37.0
1776886332.3541028,1.0,5.0,-33.0
1776886332.3641028,0.0,4.0,-34.0
1776886332.3741028,0.0,2.0,-33.0
1776886332.3841028,0.0,2.0,-36.0
1776886332.3941028,1.0,0.0,-36.0
1776886332.4041028,6.0,-2.0,-40.0
1776886332.4141028,5.0,-6.0,-38.0
1776886332.4241028,5.0,-8.0,-35.0
1776886332.4351027,6.0,-7.0,-31.0
1776886332.4441028,2.0,-8.0,-38.0
1776886332.4541028,0.0,-9.0,-44.0
1776886332.4641027,1.0,-3.0,-38.0
1776886332.4741027,7.0,-1.0,-40.0
1776886332.4841027,7.0,-3.0,-39.0
1776886332.4941027,8.0,-1.0,-36.0
1776886332.5041027,6.0,-2.0,-30.0
1776886332.5141027,3.0,0.0,-36.0
1776886332.5241027,3.0,0.0,-36.0
1776886332.534103,2.0,-1.0,-39.0
1776886332.544103,0.0,0.0,-36.0
1776886332.554103,1.0,0.0,-37.0
1776886332.5641026,3.0,0.0,-40.0
1776886332.5741026,1.0,0.0,-41.0
1776886332.5841026,-6.0,3.0,-40.0
1776886332.5941026,-9.0,4.0,-36.0
1776886332.6041028,-9.0,2.0,-38.0
1776886332.6141028,-6.0,0.0,-45.0
1776886332.6241028,-1.0,1.0,-49.0
1776886332.6341028,-3.0,2.0,-48.0
1776886332.6441028,-3.0,0.0,-47.0
1776886332.6541028,-1.0,-3.0,-44.0
1776886332.6641028,0.0,-9.0,-48.0
1776886332.6741028,-5.0,-12.0,-44.0
1776886332.6841028,-6.0,-9.0,-38.0
1776886332.6941028,-3.0,-6.0,-41.0
1776886332.7041028,0.0,-5.0,-41.0
1776886332.7141027,6.0,-3.0,-44.0
1776886332.7241027,3.0,0.0,-48.0
1776886332.7341027,7.0,-2.0,-50.0
1776886332.7441027,6.0,-8.0,-43.0
1776886332.7541027,9.0,-4.0,-42.0
1776886332.7641027,8.0,-2.0,-43.0
1776886332.7741027,6.0,-6.0,-46.0
1776886332.784103,7.0,-8.0,-43.0
1776886332.794103,3.0,-7.0,-48.0
1776886332.804103,3.0,-4.0,-49.0
1776886332.8141026,2.0,-6.0,-42.0
1776886332.8241026,0.0,-4.0,-37.0
1776886332.8341026,1.0,0.0,-37.0
1776886332.8441026,0.0,0.0,-39.0
1776886332.8541028,-3.0,2.0,-35.0
1776886332.8641028,-2.0,-1.0,-36.0
1776886332.8741028,-2.0,0.0,-37.0
1776886332.8841028,-3.0,0.0,-39.0
1776886332.8941028,-4.0,1.0,-44.0
1776886332.9041028,0.0,2.0,-41.0
1776886332.9141028,1.0,2.0,-40.0
1776886332.9241028,1.0,5.0,-41.0
1776886332.9341028,0.0,3.0,-43.0
1776886332.9441028,2.0,7.0,-44.0
1776886332.9541028,3.0,3.0,-42.0
1776886332.9641027,4.0,-2.0,-44.0
1776886332.9741027,5.0,-8.0,-41.0
1776886332.9841027,4.0,-8.0,-41.0
1776886332.9941027,2.0,-10.0,-36.0
1776886333.0041027,0.0,-7.0,-41.0
1776886333.0141027,1.0,-4.0,-43.0
1776886333.0241027,4.0,-2.0,-51.0
1776886333.034103,0.0,-2.0,-48.0
1776886333.044103,-3.0,0.0,-43.0
1776886333.054103,-1.0,2.0,-35.0
1776886333.0641026,0.0,-1.0,-33.0
1776886333.0741026,1.0,-2.0,-29.0
1776886333.0841026,5.0,-1.0,-32.0
1776886333.0941026,-1.0,-4.0,-35.0
1776886333.1041028,-1.0,-5.0,-42.0
1776886333.1141028,0.0,-1.0,-46.0
1776886333.1241028,1.0,-3.0,-47.0
1776886333.1341028,-1.0,-2.0,-50.0
1776886333.1441028,-3.0,1.0,-53.0
1776886333.1541028,-2.0,3.0,-53.0
1776886333.1641028,-1.0,0.0,-49.0
1776886333.1741028,0.0,-1.0,-42.0
1776886333.1841028,-3.0,-5.0,-46.0
1776886333.1941028,-1.0,-3.0,-42.0
1776886333.2041028,-2.0,-1.0,-40.0
1776886333.2141027,0.0,1.0,-45.0
1776886333.2241027,1.0,0.0,-40.0
1776886333.2341027,0.0,-2.0,-40.0
1776886333.2441027,2.0,-1.0,-42.0
1776886333.2541027,6.0,-2.0,-43.0
1776886333.2641027,6.0,0.0,-42.0
1776886333.2741027,7.0,-2.0,-49.0
1776886333.284103,10.0,0.0,-52.0
1776886333.294103,11.0,-2.0,-50.0
1776886333.304103,5.0,-4.0,-45.0
1776886333.3141026,4.0,-5.0,-46.0
1776886333.3241026,4.0,-6.0,-50.0
1776886333.3341026,5.0,-2.0,-47.0
1776886333.3441026,1.0,-4.0,-42.0
1776886333.3541028,1.0,-5.0,-41.0
1776886333.3641028,2.0,-4.0,-36.0
1776886333.3741028,1.0,-1.0,-35.0
1776886333.3841028,-1.0,-1.0,-34.0
1776886333.3941028,0.0,0.0,-35.0
1776886333.4041028,4.0,0.0,-44.0
1776886333.4141028,0.0,-3.0,-35.0
1776886333.4241028,1.0,0.0,-32.0
1776886333.4341028,4.0,-1.0,-32.0
1776886333.4441028,6.0,-4.0,-32.0
1776886333.4541028,3.0,0.0,-35.0
1776886333.4641027,3.0,0.0,-34.0
1776886333.4741027,3.0,0.0,-38.0
1776886333.4841027,2.0,1.0,-38.0
1776886333.4951026,1.0,-4.0,-35.0
1776886333.5041027,2.0,-6.0,-40.0
1776886333.5141027,0.0,-5.0,-45.0
1776886333.5251029,-2.0,-9.0,-45.0
1776886333.5351028,0.0,-6.0,-45.0
1776886333.5451028,-3.0,-4.0,-46.0
1776886333.5551028,-4.0,1.0,-52.0
1776886333.5651028,-3.0,2.0,-46.0
1776886333.5751028,0.0,0.0,-45.0
1776886333.5851028,0.0,3.0,-47.0
1776886333.5951028,-1.0,0.0,-44.0
1776886333.6051028,-7.0,-1.0,-37.0
1776886333.6151028,-7.0,-4.0,-36.0
1776886333.6251028,-7.0,-4.0,-40.0
1776886333.6351027,-5.0,-2.0,-46.0
1776886333.6451027,-1.0,0.0,-44.0
1776886333.6551027,-1.0,2.0,-42.0
1776886333.6651027,-3.0,1.0,-33.0
1776886333.6751027,-6.0,2.0,-27.0
1776886333.6851027,-4.0,-1.0,-29.0
1776886333.6951027,-7.0,2.0,-31.0
1776886333.7051027,-7.0,2.0,-29.0
1776886333.715103,-8.0,-2.0,-28.0
1776886333.725103,-6.0,-3.0,-31.0
1776886333.735103,-7.0,-4.0,-33.0
1776886333.7451026,-3.0,-4.0,-33.0
1776886333.7551026,-1.0,-7.0,-37.0
1776886333.7651026,-1.0,-2.0,-32.0
1776886333.7751029,0.0,0.0,-31.0
1776886333.7851028,0.0,1.0,-35.0
1776886333.7951028,0.0,1.0,-41.0
1776886333.8051028,0.0,0.0,-44.0
1776886333.8151028,2.0,1.0,-48.0
1776886333.8251028,3.0,0.0,-44.0
1776886333.8351028,3.0,1.0,-36.0
1776886333.8451028,2.0,1.0,-49.0
1776886333.8551028,2.0,-1.0,-51.0
1776886333.8651028,2.0,-3.0,-48.0
1776886333.8751028,0.0,-3.0,-51.0
1776886333.8851027,-2.0,-1.0,-45.0
1776886333.8951027,2.0,2.0,-35.0
1776886333.9051027,2.0,1.0,-33.0
1776886333.9151027,3.0,-1.0,-33.0
1776886333.9251027,4.0,0.0,-33.0
1776886333.9351027,5.0,0.0,-37.0
1776886333.9451027,4.0,-2.0,-41.0
1776886333.9551027,4.0,-7.0,-47.0
1776886333.965103,6.0,-6.0,-50.0
1776886333.975103,8.0,-5.0,-47.0
1776886333.985103,8.0,-4.0,-48.0
1776886333.9951026,5.0,0.0,-43.0
1776886334.0051026,9.0,4.0,-42.0
1776886334.0151026,9.0,6.0,-41.0
1776886334.0251029,11.0,5.0,-37.0
1776886334.0351028,12.0,0.0,-39.0
1776886334.0451028,8.0,-2.0,-40.0
1776886334.0551028,6.0,-3.0,-41.0
1776886334.0651028,0.0,0.0,-43.0
1776886334.0751028,1.0,0.0,-41.0
1776886334.0851028,4.0,0.0,-36.0
1776886334.0951028,2.0,-4.0,-37.0
1776886334.1051028,-1.0,-2.0,-32.0
1776886334.1151028,-3.0,1.0,-33.0
1776886334.1251028,-4.0,5.0,-34.0
1776886334.1351027,-4.0,2.0,-29.0
1776886334.1451027,-1.0,3.0,-26.0
1776886334.1551027,-3.0,2.0,-27.0
1776886334.1651027,0.0,-1.0,-30.0
1776886334.1751027,0.0,-4.0,-40.0
1776886334.1851027,2.0,-4.0,-38.0
1776886334.1951027,5.0,0.0,-40.0
1776886334.2051027,4.0,0.0,-46.0
1776886334.215103,4.0,-1.0,-42.0
1776886334.225103,5.0,-1.0,-40.0
1776886334.235103,5.0,2.0,-38.0
1776886334.2451026,4.0,0.0,-36.0
1776886334.2551026,0.0,0.0,-39.0
1776886334.2651026,2.0,1.0,-39.0
1776886334.2751029,0.0,-1.0,-41.0
1776886334.2851028,0.0,-7.0,-44.0
1776886334.2951028,5.0,-6.0,-50.0
1776886334.3051028,4.0,-3.0,-56.0
1776886334.3151028,6.0,-2.0,-53.0
1776886334.3251028,6.0,2.0,-48.0
1776886334.3351028,9.0,4.0,-45.0
1776886334.3451028,6.0,3.0,-40.0
1776886334.3551028,6.0,-1.0,-40.0
1776886334.3651028,3.0,-3.0,-43.0
1776886334.3751028,1.0,-3.0,-45.0
1776886334.3851027,0.0,-3.0,-49.0
1776886334.3951027,-3.0,-4.0,-53.0
1776886334.4051027,-4.0,-2.0,-50.0
1776886334.4151027,-6.0,-6.0,-44.0
1776886334.4251027,-5.0,-9.0,-43.0
1776886334.4351027,-3.0,-5.0,-43.0
1776886334.4451027,-3.0,-3.0,-47.0
1776886334.4551027,-1.0,-1.0,-42.0
1776886334.465103,3.0,-1.0,-44.0
1776886334.475103,6.0,-3.0,-42.0
1776886334.485103,3.0,-2.0,-38.0
1776886334.4951026,0.0,-1.0,-41.0
1776886334.5051026,-2.0,0.0,-40.0
1776886334.5151026,-1.0,-3.0,-42.0
1776886334.5251029,0.0,-5.0,-36.0
1776886334.5351028,0.0,-3.0,-40.0
1776886334.5451028,1.0,-7.0,-48.0
1776886334.5551028,6.0,-8.0,-50.0
1776886334.5651028,2.0,-6.0,-54.0
1776886334.5751028,1.0,-4.0,-55.0
1776886334.5851028,1.0,-5.0,-49.0
1776886334.5951028,3.0,-5.0,-48.0
1776886334.6051028,6.0,-6.0,-49.0
1776886334.6151028,6.0,-8.0,-53.0
1776886334.6251028,6.0,-7.0,-49.0
1776886334.6351027,3.0,-5.0,-44.0
1776886334.6451027,2.0,-7.0,-46.0
1776886334.6551027,1.0,-6.0,-44.0
1776886334.6651027,0.0,-5.0,-45.0
1776886334.6751027,2.0,-2.0,-50.0
1776886334.6851027,4.0,-1.0,-48.0
1776886334.6951027,6.0,1.0,-44.0
1776886334.7051027,3.0,2.0,-35.0
1776886334.715103,6.0,5.0,-36.0
1776886334.725103,6.0,5.0,-45.0
1776886334.735103,2.0,3.0,-44.0
1776886334.7451026,1.0,2.0,-39.0
1776886334.7551026,1.0,-1.0,-40.0
1776886334.7651026,-1.0,0.0,-37.0
1776886334.7751029,0.0,0.0,-35.0
1776886334.7851028,3.0,-2.0,-29.0
1776886334.7951028,5.0,-2.0,-28.0
1776886334.8051028,3.0,-1.0,-33.0
1776886334.8151028,3.0,0.0,-40.0
1776886334.8251028,0.0,1.0,-37.0
1776886334.8351028,-5.0,2.0,-40.0
1776886334.8451028,-10.0,5.0,-38.0
1776886334.8551028,-3.0,3.0,-30.0
1776886334.8651028,-3.0,3.0,-31.0
1776886334.8751028,0.0,3.0,-32.0
1776886334.8851027,4.0,1.0,-37.0
1776886334.8951027,6.0,-3.0,-45.0
1776886334.9051027,1.0,-2.0,-44.0
1776886334.9151027,-1.0,-3.0,-37.0
1776886334.9251027,-2.0,0.0,-36.0
1776886334.9351027,-1.0,2.0,-36.0
1776886334.9451027,0.0,7.0,-37.0
1776886334.9551027,-2.0,4.0,-47.0
1776886334.965103,-1.0,3.0,-44.0
1776886334.975103,0.0,2.0,-36.0
1776886334.985103,0.0,0.0,-30.0
1776886334.9951026,-2.0,0.0,-25.0
1776886335.0051026,-1.0,2.0,-19.0
1776886335.0151026,2.0,3.0,-25.0
1776886335.0251029,3.0,7.0,-36.0
1776886335.0351028,0.0,7.0,-37.0
1776886335.0451028,-3.0,12.0,-44.0
1776886335.0551028,0.0,11.0,-40.0
1776886335.0651028,1.0,8.0,-37.0
1776886335.0751028,0.0,13.0,-33.0
1776886335.0851028,0.0,6.0,-27.0
1776886335.0951028,-4.0,1.0,-27.0
1776886335.1051028,-7.0,0.0,-29.0
1776886335.1151028,-3.0,-2.0,-35.0
1776886335.1251028,-5.0,0.0,-34.0
1776886335.1351027,-3.0,1.0,-29.0
1776886335.1451027,0.0,0.0,-25.0
1776886335.1551027,0.0,0.0,-26.0
1776886335.1651027,-7.0,0.0,-24.0
1776886335.1751027,-9.0,0.0,-22.0
1776886335.1851027,-2.0,3.0,-23.0
1776886335.1951027,2.0,-1.0,-30.0
1776886335.2051027,0.0,-3.0,-36.0
1776886335.215103,0.0,1.0,-39.0
1776886335.225103,3.0,0.0,-41.0
1776886335.235103,4.0,-2.0,-43.0
1776886335.2451026,4.0,-2.0,-43.0
1776886335.2551026,1.0,0.0,-41.0
1776886335.2651026,-1.0,3.0,-40.0
1776886335.2751029,-2.0,7.0,-42.0
1776886335.2851028,-4.0,2.0,-44.0
1776886335.2951028,0.0,2.0,-44.0
1776886335.3051028,0.0,1.0,-38.0
1776886335.3151028,3.0,-2.0,-41.0
1776886335.3251028,6.0,-2.0,-46.0
1776886335.3351028,2.0,-1.0,-47.0
1776886335.3451028,-3.0,0.0,-46.0
1776886335.3551028,0.0,2.0,-47.0
1776886335.3651028,-3.0,2.0,-40.0
1776886335.3751028,-4.0,4.0,-41.0
1776886335.3851027,-4.0,3.0,-42.0
1776886335.3951027,-6.0,0.0,-38.0
1776886335.4051027,-4.0,-1.0,-35.0
1776886335.4151027,-5.0,-2.0,-34.0
1776886335.4251027,-3.0,0.0,-36.0
1776886335.4351027,-2.0,0.0,-41.0
1776886335.4451027,-2.0,0.0,-40.0
1776886335.4561028,0.0,-1.0,-45.0
1776886335.465103,0.0,0.0,-46.0
1776886335.475103,4.0,1.0,-46.0
1776886335.485103,1.0,0.0,-55.0
1776886335.4951026,-1.0,0.0,-45.0
1776886335.5061028,-5.0,0.0,-37.0
1776886335.5161028,-3.0,-1.0,-34.0
1776886335.5261028,1.0,0.0,-31.0
1776886335.5361028,3.0,-1.0,-32.0
1776886335.5461028,3.0,-3.0,-34.0
1776886335.5561028,1.0,-5.0,-32.0
1776886335.5661027,-1.0,-2.0,-28.0
1776886335.5761027,-5.0,-2.0,-33.0
1776886335.5861027,-8.0,0.0,-35.0
1776886335.5961027,-6.0,0.0,-35.0
1776886335.6061027,-3.0,-3.0,-36.0
1776886335.6161027,0.0,-3.0,-27.0
1776886335.6261027,3.0,-1.0,-28.0
1776886335.636103,4.0,2.0,-32.0
1776886335.646103,0.0,1.0,-29.0
1776886335.656103,1.0,2.0,-33.0
1776886335.6661026,1.0,2.0,-31.0
1776886335.6761026,0.0,2.0,-32.0
1776886335.6861026,1.0,0.0,-31.0
1776886335.6961029,0.0,3.0,-35.0
1776886335.7061028,-2.0,1.0,-37.0
1776886335.7161028,-3.0,-2.0,-39.0
1776886335.7261028,-7.0,-1.0,-36.0
1776886335.7361028,-8.0,0.0,-35.0
1776886335.7461028,-1.0,-1.0,-38.0
1776886335.7561028,3.0,-1.0,-40.0
1776886335.7661028,8.0,-1.0,-39.0
1776886335.7761028,11.0,-4.0,-47.0
1776886335.7861028,9.0,-2.0,-48.0
1776886335.7961028,4.0,-2.0,-43.0
1776886335.8061028,2.0,0.0,-43.0
1776886335.8161027,-1.0,0.0,-40.0
1776886335.8261027,1.0,-1.0,-37.0
1776886335.8361027,4.0,-3.0,-39.0
1776886335.8461027,1.0,0.0,-38.0
1776886335.8561027,3.0,-3.0,-44.0
1776886335.8661027,5.0,-2.0,-49.0
1776886335.8761027,0.0,1.0,-48.0
1776886335.886103,-1.0,0.0,-55.0
1776886335.896103,0.0,0.0,-56.0
1776886335.906103,0.0,4.0,-47.0
1776886335.9161026,2.0,2.0,-46.0
1776886335.9261026,3.0,-2.0,-46.0
1776886335.9361026,2.0,1.0,-43.0
1776886335.9461029,2.0,2.0,-45.0
1776886335.9561028,3.0,1.0,-47.0
1776886335.9661028,2.0,0.0,-47.0
1776886335.9761028,1.0,4.0,-41.0
1776886335.9861028,2.0,4.0,-41.0
1776886335.9961028,2.0,2.0,-42.0
1776886336.0061028,0.0,4.0,-49.0
1776886336.0161028,4.0,6.0,-42.0
1776886336.0261028,2.0,3.0,-42.0
1776886336.0361028,1.0,0.0,-42.0
1776886336.0461028,4.0,-1.0,-43.0
1776886336.0561028,4.0,-6.0,-33.0
1776886336.0661027,2.0,0.0,-36.0
1776886336.0761027,1.0,-1.0,-43.0
1776886336.0861027,2.0,-3.0,-37.0
1776886336.0961027,3.0,-6.0,-40.0
1776886336.1061027,7.0,-4.0,-37.0
1776886336.1161027,7.0,-6.0,-42.0
1776886336.1261027,0.0,-2.0,-39.0
1776886336.136103,1.0,2.0,-33.0
1776886336.146103,0.0,3.0,-30.0
1776886336.156103,0.0,1.0,-31.0
1776886336.1661026,-1.0,-1.0,-28.0
1776886336.1761026,-2.0,-2.0,-28.0
1776886336.1861026,-2.0,-2.0,-34.0
1776886336.1961029,-1.0,-4.0,-34.0
1776886336.2061028,-5.0,-4.0,-32.0
1776886336.2161028,-7.0,-2.0,-31.0
1776886336.2261028,-7.0,-1.0,-31.0
1776886336.2361028,-4.0,0.0,-31.0
1776886336.2461028,0.0,0.0,-34.0
1776886336.2561028,-1.0,-1.0,-31.0
1776886336.2661028,-7.0,-2.0,-31.0
1776886336.2761028,-3.0,-4.0,-38.0
1776886336.2861028,-1.0,-9.0,-34.0
1776886336.2961028,0.0,-6.0,-39.0
1776886336.3061028,2.0,-3.0,-44.0
1776886336.3161027,2.0,-2.0,-46.0
1776886336.3261027,4.0,-3.0,-51.0
1776886336.3361027,4.0,-6.0,-51.0
1776886336.3461027,3.0,-5.0,-46.0
1776886336.3561027,4.0,-3.0,-43.0
1776886336.3661027,3.0,-1.0,-44.0
1776886336.3761027,-1.0,-1.0,-41.0
1776886336.386103,0.0,0.0,-39.0
1776886336.396103,-2.0,-4.0,-37.0
1776886336.406103,1.0,-3.0,-43.0
1776886336.4161026,0.0,-1.0,-47.0
1776886336.4261026,-1.0,-1.0,-44.0
1776886336.4361026,1.0,-1.0,-40.0
1776886336.4461029,5.0,-1.0,-41.0
1776886336.4561028,6.0,0.0,-36.0
1776886336.4661028,8.0,2.0,-38.0
1776886336.4761028,5.0,3.0,-39.0
1776886336.4861028,3.0,5.0,-33.0
1776886336.4961028,-1.0,1.0,-27.0
1776886336.5061028,2.0,-1.0,-24.0
1776886336.5161028,7.0,0.0,-33.0
1776886336.5261028,3.0,-2.0,-38.0
1776886336.5361028,0.0,-3.0,-40.0
1776886336.5461028,5.0,-3.0,-35.0
1776886336.5561028,6.0,-5.0,-38.0
1776886336.5661027,3.0,-3.0,-37.0
1776886336.5761027,0.0,-2.0,-34.0
1776886336.5861027,3.0,-4.0,-35.0
1776886336.5961027,0.0,-2.0,-41.0
1776886336.6061027,2.0,-1.0,-42.0
1776886336.6161027,6.0,1.0,-47.0
1776886336.6261027,2.0,-5.0,-44.0
1776886336.636103,3.0,-6.0,-45.0
1776886336.646103,6.0,-8.0,-43.0
1776886336.656103,9.0,-3.0,-39.0
1776886336.6661026,8.0,-4.0,-41.0
1776886336.6761026,7.0,-2.0,-43.0
1776886336.6861026,5.0,-7.0,-43.0
1776886336.6961029,6.0,-4.0,-45.0
1776886336.7061028,3.0,-7.0,-51.0
1776886336.7161028,1.0,-5.0,-50.0
1776886336.7261028,4.0,-5.0,-48.0
1776886336.7361028,0.0,-10.0,-45.0
1776886336.7461028,2.0,-7.0,-43.0
1776886336.7561028,5.0,-3.0,-45.0
1776886336.7661028,5.0,-1.0,-48.0
1776886336.7761028,6.0,-1.0,-46.0
1776886336.7861028,5.0,1.0,-39.0
1776886336.7961028,2.0,0.0,-35.0
1776886336.8061028,3.0,0.0,-43.0
1776886336.8161027,2.0,0.0,-44.0
1776886336.8261027,1.0,0.0,-44.0
1776886336.8361027,1.0,-2.0,-49.0
1776886336.8461027,0.0,2.0,-50.0
1776886336.8561027,-1.0,1.0,-52.0
1776886336.8661027,0.0,0.0,-49.0
1776886336.8761027,-2.0,-6.0,-44.0
1776886336.886103,-1.0,-8.0,-38.0
1776886336.896103,-1.0,-2.0,-37.0
1776886336.906103,-2.0,2.0,-33.0
1776886336.9161026,-7.0,1.0,-35.0
1776886336.9261026,-5.0,0.0,-38.0
1776886336.9361026,-7.0,0.0,-38.0
1776886336.9461029,-7.0,-1.0,-38.0
1776886336.9561028,-3.0,-1.0,-40.0
1776886336.9661028,-1.0,-1.0,-44.0
1776886336.9761028,3.0,0.0,-42.0
1776886336.9861028,1.0,-5.0,-54.0
1776886336.9961028,3.0,-3.0,-46.0
1776886337.0061028,7.0,-2.0,-38.0
1776886337.0161028,5.0,0.0,-38.0
1776886337.0261028,6.0,1.0,-34.0
1776886337.0361028,5.0,3.0,-31.0
1776886337.0461028,3.0,3.0,-34.0
1776886337.0561028,2.0,3.0,-39.0
1776886337.0661027,-2.0,1.0,-39.0
1776886337.0761027,0.0,5.0,-38.0
1776886337.0861027,-1.0,4.0,-34.0
1776886337.0961027,3.0,1.0,-38.0
1776886337.1061027,2.0,-3.0,-39.0
1776886337.1161027,4.0,0.0,-37.0
1776886337.1261027,2.0,3.0,-37.0
1776886337.136103,0.0,2.0,-48.0
1776886337.146103,2.0,2.0,-45.0
1776886337.156103,0.0,2.0,-44.0
1776886337.1661026,1.0,-1.0,-45.0
1776886337.1761026,0.0,-5.0,-48.0
1776886337.1861026,0.0,-6.0,-38.0
1776886337.1961029,-4.0,-2.0,-32.0
1776886337.2061028,-1.0,-4.0,-25.0
1776886337.2161028,-4.0,-3.0,-33.0
1776886337.2261028,-4.0,-3.0,-40.0
1776886337.2361028,-7.0,-4.0,-40.0
1776886337.2461028,-6.0,1.0,-39.0
1776886337.2561028,-3.0,4.0,-39.0
1776886337.2661028,-3.0,6.0,-41.0
1776886337.2761028,-4.0,1.0,-39.0
1776886337.2861028,-7.0,1.0,-44.0
1776886337.2961028,-4.0,1.0,-48.0
1776886337.3061028,-6.0,4.0,-43.0
1776886337.3161027,-4.0,-1.0,-37.0
1776886337.3261027,-7.0,0.0,-33.0
1776886337.3361027,-10.0,0.0,-36.0
1776886337.3461027,-10.0,-1.0,-37.0
1776886337.3561027,-5.0,-1.0,-34.0
1776886337.3661027,0.0,-4.0,-36.0
1776886337.3761027,0.0,-1.0,-37.0
1776886337.386103,1.0,0.0,-35.0
1776886337.396103,-2.0,-3.0,-34.0
1776886337.406103,-5.0,-4.0,-37.0
1776886337.4161026,-2.0,-1.0,-37.0
1776886337.4261026,-5.0,-2.0,-38.0
1776886337.4361026,-6.0,-3.0,-45.0
1776886337.4461029,0.0,-2.0,-43.0
1776886337.4561028,-2.0,-6.0,-40.0
1776886337.4661028,-4.0,-2.0,-35.0
1776886337.4761028,-8.0,-3.0,-41.0
1776886337.4871027,-11.0,-5.0,-40.0
1776886337.4971027,-9.0,-3.0,-44.0
1776886337.5071027,-6.0,-1.0,-46.0
1776886337.5171027,-9.0,0.0,-57.0
1776886337.5271027,-11.0,1.0,-49.0
1776886337.5371027,-7.0,1.0,-45.0
1776886337.5471027,-4.0,-1.0,-42.0
1776886337.557103,-4.0,-2.0,-39.0
1776886337.567103,-4.0,-4.0,-33.0
1776886337.577103,-1.0,-4.0,-29.0
1776886337.587103,-6.0,-6.0,-36.0
1776886337.5971026,-6.0,-2.0,-34.0
1776886337.6071026,-8.0,2.0,-37.0
1776886337.6171026,-8.0,0.0,-42.0
1776886337.6271029,-7.0,-1.0,-41.0
1776886337.6371028,-9.0,0.0,-48.0
1776886337.6471028,-7.0,1.0,-41.0
1776886337.6571028,-10.0,0.0,-35.0
1776886337.6671028,-4.0,3.0,-35.0
1776886337.6771028,-3.0,2.0,-36.0
1776886337.6871028,-4.0,5.0,-36.0
1776886337.6971028,-5.0,5.0,-31.0
1776886337.7071028,-5.0,6.0,-38.0
1776886337.7171028,-9.0,4.0,-37.0
1776886337.7271028,-6.0,6.0,-40.0
1776886337.7371027,-7.0,6.0,-45.0
1776886337.7471027,-9.0,9.0,-43.0
1776886337.7571027,-10.0,10.0,-41.0
1776886337.7671027,-2.0,8.0,-30.0
1776886337.7771027,1.0,8.0,-29.0
1776886337.7871027,0.0,7.0,-38.0
1776886337.7971027,0.0,4.0,-46.0
1776886337.807103,5.0,-1.0,-46.0
1776886337.817103,6.0,-3.0,-51.0
1776886337.827103,6.0,-1.0,-47.0
1776886337.837103,6.0,4.0,-38.0
1776886337.8471026,6.0,1.0,-42.0
1776886337.8571026,3.0,2.0,-48.0
1776886337.8671026,2.0,0.0,-54.0
1776886337.8771029,5.0,2.0,-53.0
1776886337.8871028,6.0,-1.0,-42.0
1776886337.8971028,7.0,1.0,-43.0
1776886337.9071028,6.0,3.0,-38.0
1776886337.9171028,4.0,0.0,-29.0
1776886337.9271028,1.0,1.0,-26.0
1776886337.9371028,-1.0,0.0,-27.0
1776886337.9471028,-1.0,0.0,-30.0
1776886337.9571028,0.0,5.0,-34.0
1776886337.9671028,-1.0,2.0,-36.0
1776886337.9771028,-2.0,2.0,-33.0
1776886337.9871027,3.0,4.0,-31.0
1776886337.9971027,4.0,3.0,-33.0
1776886338.0071027,2.0,1.0,-31.0
1776886338.0171027,1.0,-1.0,-32.0
1776886338.0271027,4.0,1.0,-32.0
1776886338.0371027,7.0,2.0,-33.0
1776886338.0471027,7.0,1.0,-35.0
1776886338.057103,1.0,1.0,-38.0
1776886338.067103,-2.0,3.0,-35.0
1776886338.077103,-3.0,1.0,-34.0
1776886338.087103,-3.0,1.0,-40.0
1776886338.0971026,-1.0,0.0,-43.0
1776886338.1071026,-1.0,0.0,-41.0
1776886338.1171026,-3.0,1.0,-35.0
1776886338.1271029,-3.0,-1.0,-39.0
1776886338.1371028,0.0,-3.0,-46.0
1776886338.1471028,2.0,-5.0,-51.0
1776886338.1571028,2.0,-9.0,-50.0
1776886338.1671028,1.0,-9.0,-46.0
1776886338.1771028,4.0,-9.0,-47.0
1776886338.1871028,4.0,-4.0,-50.0
1776886338.1971028,4.0,-2.0,-46.0
1776886338.2071028,0.0,0.0,-50.0
1776886338.2171028,-2.0,0.0,-45.0
1776886338.2271028,-1.0,0.0,-47.0
1776886338.2371027,1.0,0.0,-43.0
1776886338.2471027,3.0,1.0,-38.0
1776886338.2571027,4.0,-1.0,-37.0
1776886338.2671027,2.0,0.0,-38.0
1776886338.2771027,7.0,0.0,-42.0
1776886338.2871027,4.0,4.0,-41.0
1776886338.2971027,3.0,2.0,-44.0
1776886338.307103,1.0,4.0,-42.0
1776886338.317103,0.0,0.0,-40.0
1776886338.327103,1.0,-1.0,-35.0
1776886338.337103,6.0,2.0,-31.0
1776886338.3471026,9.0,2.0,-35.0
1776886338.3571026,9.0,5.0,-34.0
1776886338.3671026,4.0,6.0,-36.0
1776886338.3771029,3.0,2.0,-35.0
1776886338.3871028,0.0,0.0,-38.0
1776886338.3971028,1.0,2.0,-34.0
1776886338.4071028,1.0,3.0,-36.0
1776886338.4171028,-1.0,2.0,-35.0
1776886338.4271028,-5.0,0.0,-38.0
1776886338.4371028,-3.0,-1.0,-42.0
1776886338.4471028,1.0,2.0,-42.0
1776886338.4571028,4.0,0.0,-42.0
1776886338.4671028,4.0,-5.0,-47.0
1776886338.4771028,2.0,-3.0,-45.0
1776886338.4871027,0.0,-3.0,-47.0
1776886338.4971027,3.0,-4.0,-53.0
1776886338.5071027,4.0,-3.0,-51.0
1776886338.5171027,6.0,-5.0,-43.0
1776886338.5271027,5.0,-3.0,-36.0
1776886338.5371027,2.0,-2.0,-37.0
1776886338.5471027,1.0,-5.0,-45.0
1776886338.557103,0.0,-13.0,-44.0
1776886338.567103,0.0,-7.0,-45.0
1776886338.577103,0.0,-6.0,-47.0
1776886338.587103,-2.0,-5.0,-39.0
1776886338.5971026,-1.0,-2.0,-40.0
1776886338.6071026,0.0,0.0,-44.0
1776886338.6171026,0.0,3.0,-45.0
1776886338.6271029,2.0,8.0,-44.0
1776886338.6371028,5.0,6.0,-42.0
1776886338.6471028,5.0,4.0,-41.0
1776886338.6571028,3.0,2.0,-43.0
1776886338.6671028,2.0,2.0,-41.0
1776886338.6771028,2.0,4.0,-40.0
1776886338.6871028,7.0,6.0,-39.0
1776886338.6971028,6.0,7.0,-38.0
1776886338.7071028,6.0,7.0,-37.0
1776886338.7171028,8.0,4.0,-33.0
1776886338.7271028,13.0,3.0,-36.0
1776886338.7371027,12.0,1.0,-35.0
1776886338.7471027,12.0,-2.0,-41.0
1776886338.7571027,11.0,-5.0,-45.0
1776886338.7671027,10.0,-5.0,-43.0
1776886338.7771027,11.0,-2.0,-46.0
1776886338.7871027,7.0,4.0,-50.0
1776886338.7971027,7.0,1.0,-52.0
1776886338.807103,5.0,0.0,-48.0
1776886338.817103,6.0,1.0,-45.0
1776886338.827103,7.0,2.0,-43.0
1776886338.837103,1.0,-2.0,-42.0
1776886338.8471026,-2.0,-2.0,-38.0
1776886338.8571026,0.0,-1.0,-39.0
1776886338.8671026,0.0,-3.0,-38.0
1776886338.8771029,3.0,-4.0,-42.0
1776886338.8871028,1.0,-4.0,-38.0
1776886338.8971028,0.0,-5.0,-30.0
1776886338.9071028,0.0,-2.0,-34.0
1776886338.9171028,1.0,-3.0,-31.0
1776886338.9271028,-1.0,-1.0,-28.0
1776886338.9371028,-3.0,-2.0,-26.0
1776886338.9471028,-2.0,-5.0,-33.0
1776886338.9571028,2.0,-5.0,-31.0
1776886338.9671028,3.0,-5.0,-36.0
1776886338.9771028,3.0,-5.0,-48.0
1776886338.9871027,7.0,-3.0,-49.0
1776886338.9971027,4.0,-1.0,-40.0
1776886339.0071027,0.0,-1.0,-31.0
1776886339.0171027,-2.0,-1.0,-29.0
1776886339.0271027,-1.0,0.0,-31.0
1776886339.0371027,-2.0,-2.0,-31.0
1776886339.0471027,-3.0,0.0,-25.0
1776886339.057103,-1.0,-5.0,-24.0
1776886339.067103,2.0,-5.0,-26.0
1776886339.077103,4.0,-4.0,-37.0
1776886339.087103,0.0,-1.0,-38.0
1776886339.0971026,0.0,-4.0,-42.0
1776886339.1071026,0.0,-2.0,-34.0
1776886339.1171026,-1.0,-8.0,-35.0
1776886339.1271029,-4.0,-6.0,-38.0
1776886339.1371028,-2.0,0.0,-38.0
1776886339.1471028,-1.0,0.0,-35.0
1776886339.1571028,-1.0,0.0,-38.0
1776886339.1671028,-6.0,1.0,-42.0
1776886339.1771028,-10.0,0.0,-43.0
1776886339.1871028,-10.0,0.0,-46.0
1776886339.1971028,-9.0,-2.0,-41.0
1776886339.2071028,-10.0,0.0,-38.0
1776886339.2171028,-9.0,0.0,-28.0
1776886339.2271028,-9.0,1.0,-31.0
1776886339.2371027,-8.0,0.0,-34.0
1776886339.2471027,-11.0,3.0,-37.0
1776886339.2571027,-11.0,0.0,-38.0
1776886339.2671027,-10.0,1.0,-40.0
1776886339.2771027,-11.0,3.0,-43.0
1776886339.2871027,-8.0,2.0,-41.0
1776886339.2971027,-2.0,0.0,-34.0
1776886339.307103,0.0,0.0,-35.0
1776886339.317103,1.0,0.0,-33.0
1776886339.327103,0.0,-1.0,-37.0
1776886339.337103,0.0,-3.0,-42.0
1776886339.3471026,-5.0,0.0,-40.0
1776886339.3571026,-3.0,-4.0,-37.0
1776886339.3671026,-3.0,-5.0,-35.0
1776886339.3771029,-1.0,-4.0,-39.0
1776886339.3871028,0.0,-3.0,-43.0
1776886339.3971028,-2.0,-3.0,-49.0
1776886339.4071028,-2.0,-4.0,-46.0
1776886339.4171028,-2.0,-3.0,-52.0
1776886339.4271028,0.0,-2.0,-55.0
1776886339.4371028,-2.0,-10.0,-49.0
1776886339.4471028,0.0,-10.0,-49.0
1776886339.4571028,3.0,-2.0,-51.0
1776886339.4671028,0.0,0.0,-49.0
1776886339.4771028,0.0,4.0,-48.0
1776886339.4871027,4.0,4.0,-48.0
1776886339.498103,9.0,0.0,-49.0
1776886339.508103,12.0,0.0,-47.0
1776886339.5181026,12.0,-2.0,-45.0
1776886339.5281026,9.0,0.0,-45.0
1776886339.5381026,6.0,0.0,-53.0
1776886339.5481029,4.0,1.0,-49.0
1776886339.5581028,3.0,2.0,-41.0
1776886339.5681028,-2.0,2.0,-36.0
1776886339.5781028,-4.0,4.0,-33.0
1776886339.5881028,-1.0,6.0,-37.0
1776886339.5981028,0.0,5.0,-39.0
1776886339.6081028,-1.0,8.0,-41.0
1776886339.6181028,-2.0,5.0,-35.0
1776886339.6281028,0.0,1.0,-37.0
1776886339.6381028,-2.0,0.0,-38.0
1776886339.6481028,-3.0,-2.0,-37.0
1776886339.6581028,-5.0,0.0,-33.0
1776886339.6681027,-6.0,-3.0,-27.0
1776886339.6781027,-2.0,-3.0,-33.0
1776886339.6881027,-5.0,0.0,-28.0
1776886339.6981027,-3.0,1.0,-27.0
1776886339.7081027,0.0,2.0,-28.0
1776886339.7181027,-3.0,-2.0,-27.0
1776886339.7281027,-4.0,-1.0,-33.0
1776886339.738103,-1.0,-2.0,-36.0
1776886339.748103,7.0,-3.0,-41.0
1776886339.758103,9.0,0.0,-43.0
1776886339.7681026,11.0,4.0,-40.0
1776886339.7781026,8.0,3.0,-47.0
1776886339.7881026,6.0,-1.0,-36.0
1776886339.7981029,6.0,1.0,-28.0
1776886339.8081028,6.0,0.0,-30.0
1776886339.8181028,0.0,1.0,-29.0
1776886339.8281028,0.0,0.0,-33.0
1776886339.8381028,0.0,-1.0,-34.0
1776886339.8481028,-1.0,1.0,-39.0
1776886339.8581028,-2.0,-3.0,-37.0
1776886339.8681028,-5.0,0.0,-42.0
1776886339.8781028,-6.0,0.0,-40.0
1776886339.8881028,-5.0,0.0,-39.0
1776886339.8981028,-2.0,-4.0,-39.0
1776886339.9081028,0.0,-4.0,-38.0
1776886339.9181027,-2.0,-3.0,-43.0
1776886339.9281027,-3.0,-2.0,-41.0
1776886339.9381027,0.0,-2.0,-37.0
1776886339.9481027,2.0,-1.0,-31.0
1776886339.9581027,0.0,-3.0,-32.0
1776886339.9681027,3.0,-1.0,-34.0
1776886339.9781027,8.0,-1.0,-35.0
1776886339.988103,10.0,-3.0,-37.0
1776886339.998103,7.0,-3.0,-39.0
1776886340.008103,2.0,0.0,-44.0
1776886340.0181026,6.0,5.0,-46.0
1776886340.0281026,5.0,2.0,-44.0
1776886340.0381026,0.0,0.0,-48.0
1776886340.0481029,-4.0,0.0,-42.0
1776886340.0581028,-3.0,0.0,-41.0
1776886340.0681028,-2.0,0.0,-38.0
1776886340.0781028,-3.0,-1.0,-41.0
1776886340.0881028,-1.0,-1.0,-37.0
1776886340.0981028,-5.0,-3.0,-33.0
1776886340.1081028,1.0,0.0,-37.0
1776886340.1181028,8.0,0.0,-38.0
1776886340.1281028,9.0,-1.0,-33.0
1776886340.1381028,6.0,-3.0,-35.0
1776886340.1481028,2.0,-5.0,-31.0
1776886340.1581028,-2.0,-3.0,-28.0
1776886340.1681027,-1.0,-2.0,-33.0
1776886340.1781027,0.0,-4.0,-36.0
1776886340.1881027,-2.0,-4.0,-41.0
1776886340.1981027,-3.0,-3.0,-44.0
1776886340.2081027,-1.0,0.0,-42.0
1776886340.2181027,-2.0,4.0,-40.0
1776886340.2281027,-6.0,6.0,-32.0
1776886340.238103,-4.0,4.0,-29.0
1776886340.248103,-2.0,2.0,-31.0
1776886340.258103,0.0,0.0,-38.0
1776886340.2681026,3.0,1.0,-33.0
1776886340.2781026,3.0,2.0,-33.0
1776886340.2881026,0.0,1.0,-33.0
1776886340.2981029,-4.0,0.0,-34.0
1776886340.3081028,-4.0,0.0,-38.0
1776886340.3181028,0.0,-1.0,-44.0
1776886340.3281028,2.0,0.0,-39.0
1776886340.3381028,3.0,1.0,-39.0
1776886340.3481028,-1.0,6.0,-39.0
1776886340.3581028,1.0,4.0,-39.0
1776886340.3681028,0.0,3.0,-42.0
1776886340.3781028,0.0,3.0,-40.0
1776886340.3881028,-5.0,-1.0,-43.0
1776886340.3981028,-1.0,-4.0,-42.0
1776886340.4081028,-2.0,-1.0,-35.0
1776886340.4181027,0.0,-3.0,-38.0
1776886340.4281027,3.0,-4.0,-37.0
1776886340.4381027,5.0,-5.0,-39.0
1776886340.4481027,5.0,-2.0,-41.0
1776886340.4581027,6.0,-3.0,-41.0
1776886340.4681027,4.0,1.0,-34.0
1776886340.4781027,1.0,2.0,-28.0
1776886340.488103,1.0,0.0,-34.0
1776886340.498103,0.0,-2.0,-38.0
1776886340.508103,2.0,2.0,-41.0
1776886340.5181026,3.0,3.0,-34.0
1776886340.5281026,6.0,2.0,-31.0
1776886340.5381026,7.0,5.0,-30.0
1776886340.5481029,7.0,5.0,-31.0
1776886340.5581028,8.0,5.0,-26.0
1776886340.5681028,4.0,3.0,-29.0
1776886340.5781028,0.0,2.0,-34.0
1776886340.5881028,1.0,0.0,-36.0
1776886340.5981028,2.0,0.0,-29.0
1776886340.6081028,0.0,-1.0,-28.0
1776886340.6181028,0.0,-2.0,-29.0
1776886340.6281028,0.0,-4.0,-27.0
1776886340.6381028,6.0,-4.0,-25.0
1776886340.6481028,3.0,-2.0,-31.0
1776886340.6581028,0.0,-2.0,-31.0
1776886340.6681027,1.0,-3.0,-39.0
1776886340.6781027,2.0,-3.0,-37.0
1776886340.6881027,1.0,-4.0,-37.0
1776886340.6981027,5.0,-2.0,-36.0
1776886340.7081027,2.0,-5.0,-28.0
1776886340.7181027,0.0,-3.0,-29.0
1776886340.7281027,0.0,-3.0,-25.0
1776886340.738103,2.0,-4.0,-31.0
1776886340.748103,1.0,-4.0,-34.0
1776886340.758103,-2.0,-7.0,-36.0
1776886340.7681026,0.0,-11.0,-35.0
1776886340.7781026,-7.0,-10.0,-34.0
1776886340.7881026,-11.0,-7.0,-29.0
1776886340.7981029,-8.0,-6.0,-31.0
1776886340.8081028,-7.0,-5.0,-42.0
1776886340.8181028,-6.0,-2.0,-44.0
1776886340.8281028,-4.0,-2.0,-44.0
1776886340.8381028,1.0,0.0,-44.0
1776886340.8481028,-1.0,0.0,-37.0
1776886340.8581028,-3.0,3.0,-32.0
1776886340.8681028,-3.0,0.0,-35.0
1776886340.8781028,-3.0,-3.0,-36.0
1776886340.8881028,-8.0,-3.0,-42.0
1776886340.8981028,-8.0,-1.0,-46.0
1776886340.9081028,-6.0,-5.0,-45.0
1776886340.9181027,-2.0,-6.0,-45.0
1776886340.9281027,-5.0,-8.0,-41.0
1776886340.9381027,-6.0,-8.0,-34.0
1776886340.9481027,-5.0,-8.0,-37.0
1776886340.9581027,-8.0,-7.0,-33.0
1776886340.9681027,-13.0,-3.0,-38.0
1776886340.9781027,-6.0,-5.0,-42.0
1776886340.988103,-6.0,-4.0,-39.0
1776886340.998103,-4.0,-3.0,-38.0
1776886341.008103,-4.0,-2.0,-35.0
1776886341.0181026,-8.0,-3.0,-30.0
1776886341.0281026,-6.0,2.0,-32.0
1776886341.0381026,-1.0,-1.0,-32.0
1776886341.0481029,3.0,-4.0,-33.0
1776886341.0581028,5.0,-8.0,-30.0
1776886341.0681028,6.0,-6.0,-28.0
1776886341.0781028,2.0,-5.0,-25.0
1776886341.0881028,3.0,-6.0,-29.0
1776886341.0981028,2.0,-2.0,-31.0
1776886341.1081028,1.0,-5.0,-34.0
1776886341.1181028,3.0,-1.0,-40.0
1776886341.1281028,4.0,-1.0,-45.0
1776886341.1381028,1.0,2.0,-50.0
1776886341.1481028,4.0,2.0,-56.0
1776886341.1581028,5.0,0.0,-58.0
1776886341.1681027,2.0,-3.0,-51.0
1776886341.1781027,1.0,-5.0,-48.0
1776886341.1881027,0.0,-6.0,-43.0
1776886341.1981027,2.0,-6.0,-41.0
1776886341.2081027,3.0,-1.0,-40.0
1776886341.2181027,3.0,0.0,-39.0
1776886341.2281027,-1.0,1.0,-39.0
1776886341.238103,1.0,0.0,-45.0
1776886341.248103,2.0,4.0,-39.0
1776886341.258103,4.0,7.0,-42.0
1776886341.2681026,5.0,8.0,-40.0
1776886341.2781026,2.0,7.0,-40.0
1776886341.2881026,1.0,6.0,-41.0
1776886341.2981029,2.0,1.0,-44.0
1776886341.3081028,3.0,0.0,-44.0
1776886341.3181028,5.0,-1.0,-45.0
1776886341.3281028,4.0,0.0,-46.0
1776886341.3381028,5.0,0.0,-38.0
1776886341.3481028,3.0,-2.0,-33.0
1776886341.3581028,1.0,1.0,-28.0
1776886341.3681028,4.0,1.0,-33.0
1776886341.3781028,5.0,2.0,-36.0
1776886341.3881028,6.0,3.0,-30.0
1776886341.3981028,8.0,0.0,-38.0
1776886341.4081028,9.0,3.0,-44.0
1776886341.4181027,8.0,5.0,-44.0
1776886341.4281027,10.0,5.0,-43.0
1776886341.4381027,14.0,4.0,-37.0
1776886341.4481027,11.0,3.0,-34.0
1776886341.4581027,5.0,6.0,-36.0
1776886341.4691026,1.0,5.0,-32.0
1776886341.4791028,2.0,0.0,-34.0
1776886341.488103,2.0,-4.0,-32.0
1776886341.4991028,3.0,-5.0,-31.0
1776886341.5091028,2.0,-1.0,-37.0
1776886341.5191028,-1.0,0.0,-34.0
1776886341.5291028,3.0,-4.0,-33.0
1776886341.5391028,0.0,-6.0,-36.0
1776886341.5491028,-2.0,-5.0,-34.0
1776886341.5591028,-5.0,0.0,-29.0
1776886341.5691028,-6.0,-3.0,-23.0
1776886341.5791028,0.0,-5.0,-23.0
1776886341.5891027,1.0,-6.0,-21.0
1776886341.5991027,3.0,-2.0,-28.0
1776886341.6091027,4.0,-3.0,-31.0
1776886341.6191027,5.0,-6.0,-30.0
1776886341.6291027,5.0,-4.0,-31.0
1776886341.6391027,4.0,0.0,-31.0
1776886341.6491027,2.0,0.0,-38.0
1776886341.659103,2.0,0.0,-36.0
1776886341.669103,4.0,2.0,-37.0
1776886341.679103,4.0,0.0,-38.0
1776886341.6891026,4.0,0.0,-35.0
1776886341.6991026,3.0,-1.0,-32.0
1776886341.7091026,0.0,-1.0,-30.0
1776886341.7191026,3.0,-9.0,-29.0
1776886341.7291028,4.0,-7.0,-28.0
1776886341.7391028,0.0,-6.0,-32.0
1776886341.7491028,0.0,-6.0,-34.0
1776886341.7591028,2.0,-2.0,-39.0
1776886341.7691028,4.0,-5.0,-36.0
1776886341.7791028,4.0,-6.0,-46.0
1776886341.7891028,2.0,-8.0,-49.0
1776886341.7991028,-1.0,-9.0,-39.0
1776886341.8091028,-1.0,-10.0,-43.0
1776886341.8191028,-1.0,-10.0,-46.0
1776886341.8291028,-2.0,-6.0,-36.0
1776886341.8391027,-6.0,-3.0,-40.0
1776886341.8491027,-5.0,-1.0,-42.0
1776886341.8591027,-1.0,0.0,-46.0
1776886341.8691027,-2.0,0.0,-42.0
1776886341.8791027,-1.0,-1.0,-44.0
1776886341.8891027,0.0,-4.0,-39.0
1776886341.8991027,1.0,-1.0,-39.0
1776886341.909103,0.0,-4.0,-38.0
1776886341.919103,-1.0,-5.0,-41.0
1776886341.929103,-1.0,-1.0,-36.0
1776886341.9391026,0.0,-1.0,-42.0
1776886341.9491026,0.0,0.0,-38.0
1776886341.9591026,-2.0,0.0,-33.0
1776886341.9691026,0.0,-6.0,-37.0
1776886341.9791028,3.0,-7.0,-40.0
1776886341.9891028,5.0,-7.0,-44.0
1776886341.9991028,6.0,-8.0,-44.0
1776886342.0091028,8.0,-4.0,-41.0
1776886342.0191028,8.0,0.0,-39.0
1776886342.0291028,6.0,-1.0,-41.0
1776886342.0391028,6.0,-3.0,-35.0
1776886342.0491028,1.0,0.0,-38.0
1776886342.0591028,5.0,-1.0,-37.0
1776886342.0691028,12.0,2.0,-38.0
1776886342.0791028,10.0,4.0,-34.0
1776886342.0891027,7.0,0.0,-37.0
1776886342.0991027,4.0,0.0,-38.0
1776886342.1091027,5.0,-1.0,-41.0
1776886342.1191027,5.0,0.0,-43.0
1776886342.1291027,4.0,-3.0,-46.0
1776886342.1391027,4.0,-4.0,-44.0
1776886342.1491027,6.0,-4.0,-36.0
1776886342.159103,6.0,-3.0,-35.0
1776886342.169103,2.0,-5.0,-41.0
1776886342.179103,1.0,-3.0,-42.0
1776886342.1891026,1.0,-1.0,-48.0
1776886342.1991026,-1.0,0.0,-44.0
1776886342.2091026,2.0,2.0,-39.0
1776886342.2191026,3.0,0.0,-38.0
1776886342.2291028,-3.0,2.0,-42.0
1776886342.2391028,-3.0,0.0,-42.0
1776886342.2491028,-3.0,0.0,-42.0
1776886342.2591028,-3.0,2.0,-38.0
1776886342.2691028,-3.0,1.0,-39.0
1776886342.2791028,-2.0,0.0,-46.0
1776886342.2891028,0.0,0.0,-42.0
1776886342.2991028,1.0,0.0,-34.0
1776886342.3091028,0.0,0.0,-35.0
1776886342.3191028,-5.0,-3.0,-39.0
1776886342.3291028,-3.0,-4.0,-38.0
1776886342.3391027,0.0,0.0,-37.0
1776886342.3491027,-1.0,2.0,-39.0
1776886342.3591027,-3.0,-1.0,-42.0
1776886342.3691027,-3.0,-6.0,-41.0
1776886342.3791027,1.0,-6.0,-44.0
1776886342.3891027,0.0,-5.0,-50.0
1776886342.3991027,2.0,-3.0,-46.0
1776886342.409103,-1.0,0.0,-36.0
1776886342.419103,0.0,-1.0,-31.0
1776886342.429103,0.0,-3.0,-37.0
1776886342.4391026,0.0,0.0,-40.0
1776886342.4491026,2.0,-1.0,-41.0
1776886342.4591026,3.0,0.0,-39.0
1776886342.4691026,2.0,-3.0,-44.0
1776886342.4791028,3.0,-4.0,-50.0
1776886342.4891028,3.0,-1.0,-48.0
1776886342.4991028,5.0,0.0,-39.0
1776886342.5091028,4.0,-4.0,-42.0
1776886342.5191028,2.0,-1.0,-43.0
1776886342.5291028,4.0,0.0,-41.0
1776886342.5391028,8.0,-1.0,-44.0
1776886342.5491028,2.0,-1.0,-41.0
1776886342.5591028,0.0,-3.0,-37.0
1776886342.5691028,0.0,0.0,-34.0
1776886342.5791028,-2.0,3.0,-34.0
1776886342.5891027,-3.0,4.0,-36.0
1776886342.5991027,-7.0,2.0,-43.0
1776886342.6091027,-9.0,3.0,-40.0
1776886342.6191027,-9.0,3.0,-37.0
1776886342.6291027,-4.0,0.0,-38.0
1776886342.6391027,-4.0,-1.0,-38.0
1776886342.6491027,-7.0,3.0,-35.0
1776886342.659103,-4.0,6.0,-42.0
1776886342.669103,-3.0,7.0,-47.0
1776886342.679103,-2.0,3.0,-52.0
1776886342.6891026,-1.0,-2.0,-49.0
1776886342.6991026,1.0,-6.0,-53.0
1776886342.7091026,3.0,-4.0,-48.0
1776886342.7191026,1.0,0.0,-41.0
1776886342.7291028,0.0,3.0,-42.0
1776886342.7391028,0.0,4.0,-45.0
1776886342.7491028,-1.0,2.0,-34.0
1776886342.7591028,-3.0,0.0,-35.0
1776886342.7691028,-3.0,0.0,-34.0
1776886342.7791028,0.0,-2.0,-39.0
1776886342.7891028,3.0,-1.0,-39.0
1776886342.7991028,3.0,0.0,-40.0
1776886342.8091028,7.0,-1.0,-31.0
1776886342.8191028,7.0,-1.0,-27.0
1776886342.8291028,8.0,-1.0,-37.0
1776886342.8391027,8.0,-2.0,-43.0
1776886342.8491027,8.0,-3.0,-41.0
1776886342.8591027,6.0,0.0,-40.0
1776886342.8691027,7.0,0.0,-41.0
1776886342.8791027,9.0,0.0,-36.0
1776886342.8891027,11.0,0.0,-36.0
1776886342.8991027,10.0,3.0,-40.0
1776886342.909103,9.0,3.0,-40.0
1776886342.919103,8.0,3.0,-39.0
1776886342.929103,6.0,0.0,-29.0
1776886342.9391026,9.0,0.0,-29.0
1776886342.9491026,5.0,-1.0,-35.0
1776886342.9591026,7.0,-1.0,-38.0
1776886342.9691026,10.0,-4.0,-38.0
1776886342.9791028,6.0,-3.0,-43.0
1776886342.9891028,1.0,-5.0,-41.0
1776886342.9991028,-2.0,-6.0,-36.0
1776886343.0091028,-4.0,-5.0,-35.0
1776886343.0191028,0.0,-1.0,-29.0
1776886343.0291028,1.0,0.0,-35.0
1776886343.0391028,2.0,0.0,-42.0
1776886343.0491028,0.0,0.0,-33.0
1776886343.0591028,4.0,0.0,-28.0
1776886343.0691028,5.0,-3.0,-31.0
1776886343.0791028,0.0,-8.0,-34.0
1776886343.0891027,-1.0,-8.0,-35.0
1776886343.0991027,-2.0,-4.0,-35.0
1776886343.1091027,-7.0,-3.0,-28.0
1776886343.1191027,2.0,0.0,-20.0
1776886343.1291027,1.0,-1.0,-25.0
1776886343.1391027,0.0,-2.0,-23.0
1776886343.1491027,-2.0,1.0,-25.0
1776886343.159103,-2.0,0.0,-26.0
1776886343.169103,-2.0,-4.0,-34.0
1776886343.179103,-4.0,-4.0,-34.0
1776886343.1891026,-6.0,-4.0,-41.0
1776886343.1991026,-4.0,-4.0,-36.0
1776886343.2091026,-1.0,-2.0,-35.0
1776886343.2191026,0.0,0.0,-39.0
1776886343.2291028,-1.0,1.0,-41.0
1776886343.2391028,0.0,4.0,-38.0
1776886343.2491028,0.0,1.0,-32.0
1776886343.2591028,-2.0,1.0,-33.0
1776886343.2691028,-1.0,1.0,-35.0
1776886343.2791028,-3.0,1.0,-37.0
1776886343.2891028,0.0,1.0,-40.0
1776886343.2991028,-5.0,2.0,-44.0
1776886343.3091028,-6.0,0.0,-44.0
1776886343.3191028,-5.0,-2.0,-42.0
1776886343.3291028,-7.0,0.0,-34.0
1776886343.3391027,-4.0,-1.0,-41.0
1776886343.3491027,-1.0,3.0,-41.0
1776886343.3591027,2.0,3.0,-35.0
1776886343.3691027,1.0,3.0,-30.0
1776886343.3791027,0.0,4.0,-36.0
1776886343.3891027,0.0,0.0,-32.0
1776886343.3991027,0.0,-2.0,-29.0
1776886343.409103,-2.0,-4.0,-38.0
1776886343.419103,1.0,-2.0,-37.0
1776886343.429103,2.0,0.0,-37.0
1776886343.4391026,-2.0,0.0,-31.0
1776886343.4491026,-4.0,-1.0,-35.0
1776886343.4591026,-2.0,0.0,-35.0
1776886343.4691026,-2.0,1.0,-32.0
1776886343.4791028,-5.0,-2.0,-34.0
1776886343.4891028,-9.0,-1.0,-39.0
1776886343.5001028,-9.0,0.0,-38.0
1776886343.5101027,-9.0,-2.0,-42.0
1776886343.5191028,-3.0,-5.0,-41.0
1776886343.5301027,2.0,-2.0,-43.0
1776886343.5401027,4.0,0.0,-41.0
1776886343.5501027,8.0,0.0,-39.0
1776886343.5601027,10.0,0.0,-41.0
1776886343.5691028,14.0,-4.0,-39.0
1776886343.5801027,9.0,-1.0,-38.0
1776886343.590103,9.0,-1.0,-36.0
1776886343.600103,5.0,-1.0,-41.0
1776886343.610103,7.0,-1.0,-41.0
1776886343.6201026,8.0,0.0,-43.0
1776886343.6301026,13.0,-7.0,-43.0
1776886343.6401026,10.0,-9.0,-41.0
1776886343.6501029,4.0,-8.0,-35.0
1776886343.6601028,9.0,-4.0,-40.0
1776886343.6701028,4.0,-3.0,-36.0
1776886343.6801028,3.0,0.0,-35.0
1776886343.6901028,2.0,1.0,-29.0
1776886343.7001028,1.0,-3.0,-33.0
1776886343.7101028,3.0,0.0,-33.0
1776886343.7201028,6.0,0.0,-37.0
1776886343.7301028,5.0,-1.0,-36.0
1776886343.7401028,6.0,-1.0,-39.0
1776886343.7501028,2.0,-1.0,-41.0
1776886343.7601027,0.0,-1.0,-36.0
1776886343.7701027,0.0,0.0,-38.0
1776886343.7801027,0.0,0.0,-45.0
1776886343.7901027,0.0,-2.0,-43.0
1776886343.8001027,-1.0,-2.0,-43.0
1776886343.8101027,-4.0,-3.0,-43.0
1776886343.8201027,-4.0,-5.0,-45.0
1776886343.8301027,-1.0,-4.0,-42.0
1776886343.840103,-4.0,-5.0,-37.0
1776886343.850103,-8.0,-6.0,-39.0
1776886343.860103,-3.0,-2.0,-50.0
1776886343.8701026,1.0,-3.0,-47.0
1776886343.8801026,2.0,-2.0,-51.0
1776886343.8901026,-1.0,1.0,-50.0
1776886343.9001029,-5.0,-1.0,-48.0
1776886343.9101028,-5.0,0.0,-46.0
1776886343.9201028,-4.0,-9.0,-40.0
1776886343.9301028,0.0,-5.0,-42.0
1776886343.9401028,-2.0,-3.0,-45.0
1776886343.9501028,-2.0,-2.0,-44.0
1776886343.9601028,-7.0,-2.0,-41.0
1776886343.9701028,-6.0,-3.0,-44.0
1776886343.9801028,-4.0,-2.0,-48.0
1776886343.9901028,1.0,-2.0,-47.0
1776886344.0001028,3.0,3.0,-42.0
1776886344.0101027,0.0,6.0,-42.0
1776886344.0201027,0.0,0.0,-49.0
1776886344.0301027,0.0,0.0,-48.0
1776886344.0401027,0.0,-1.0,-51.0
1776886344.0501027,3.0,1.0,-47.0
1776886344.0601027,1.0,0.0,-49.0
1776886344.0701027,-1.0,-1.0,-48.0
1776886344.0801027,1.0,-1.0,-39.0
1776886344.090103,1.0,-1.0,-45.0
1776886344.100103,0.0,-2.0,-41.0
1776886344.110103,-4.0,-7.0,-43.0
1776886344.1201026,-1.0,-6.0,-42.0
1776886344.1301026,-3.0,-4.0,-44.0
1776886344.1401026,1.0,1.0,-45.0
1776886344.1501029,1.0,-2.0,-45.0
1776886344.1601028,3.0,-1.0,-46.0
1776886344.1701028,1.0,-2.0,-44.0
1776886344.1801028,-1.0,-4.0,-38.0
1776886344.1901028,0.0,-6.0,-34.0
1776886344.2001028,-2.0,-4.0,-33.0
1776886344.2101028,-5.0,-5.0,-38.0
1776886344.2201028,-2.0,-1.0,-42.0
1776886344.2301028,-2.0,0.0,-43.0
1776886344.2401028,2.0,3.0,-45.0
1776886344.2501028,4.0,6.0,-40.0
1776886344.2601027,7.0,5.0,-35.0
1776886344.2701027,6.0,5.0,-34.0
1776886344.2801027,5.0,0.0,-39.0
1776886344.2901027,1.0,0.0,-33.0
1776886344.3001027,-1.0,0.0,-33.0
1776886344.3101027,-4.0,1.0,-36.0
1776886344.3201027,0.0,3.0,-45.0
1776886344.3301027,0.0,2.0,-48.0
1776886344.340103,0.0,2.0,-50.0
1776886344.350103,-3.0,0.0,-43.0
1776886344.360103,-3.0,-2.0,-43.0
1776886344.3701026,-3.0,-2.0,-43.0
1776886344.3801026,0.0,-5.0,-36.0
1776886344.3901026,0.0,-4.0,-35.0
1776886344.4001029,6.0,-4.0,-34.0
1776886344.4101028,3.0,-5.0,-36.0
1776886344.4201028,5.0,-7.0,-43.0
1776886344.4301028,1.0,-11.0,-39.0
1776886344.4401028,4.0,-12.0,-40.0
1776886344.4501028,5.0,-8.0,-46.0
1776886344.4601028,5.0,-10.0,-46.0
1776886344.4701028,1.0,-8.0,-47.0
1776886344.4801028,-1.0,-6.0,-43.0
1776886344.4901028,0.0,-4.0,-46.0
1776886344.5001028,0.0,-6.0,-42.0
1776886344.5101027,-2.0,-3.0,-35.0
1776886344.5201027,-1.0,-1.0,-35.0
1776886344.5301027,0.0,0.0,-37.0
1776886344.5401027,-2.0,0.0,-43.0
1776886344.5501027,0.0,1.0,-38.0
1776886344.5601027,0.0,-1.0,-43.0
1776886344.5701027,0.0,-1.0,-49.0
1776886344.5801027,2.0,-4.0,-50.0
1776886344.590103,5.0,-9.0,-46.0
1776886344.600103,7.0,-7.0,-45.0
1776886344.610103,6.0,-7.0,-41.0
1776886344.6201026,3.0,-11.0,-39.0
1776886344.6301026,0.0,-9.0,-40.0
1776886344.6401026,7.0,-3.0,-36.0
1776886344.6501029,5.0,-2.0,-36.0
1776886344.6601028,3.0,0.0,-43.0
1776886344.6701028,-2.0,2.0,-49.0
1776886344.6801028,-1.0,3.0,-47.0
1776886344.6901028,-1.0,3.0,-42.0
1776886344.7001028,-2.0,0.0,-38.0
1776886344.7101028,-8.0,0.0,-41.0
1776886344.7201028,-4.0,0.0,-37.0
1776886344.7301028,-4.0,0.0,-36.0
1776886344.7401028,-1.0,-2.0,-35.0
1776886344.7501028,0.0,-3.0,-38.0
1776886344.7601027,1.0,-3.0,-45.0
1776886344.7701027,5.0,-2.0,-49.0
1776886344.7801027,2.0,-4.0,-50.0
1776886344.7901027,0.0,-2.0,-47.0
1776886344.8001027,2.0,-5.0,-43.0
1776886344.8101027,5.0,-4.0,-40.0
1776886344.8201027,5.0,-4.0,-41.0
1776886344.8301027,4.0,-3.0,-46.0
1776886344.840103,1.0,-3.0,-45.0
1776886344.850103,-4.0,-4.0,-39.0
1776886344.860103,-5.0,-7.0,-44.0
1776886344.8701026,-1.0,-6.0,-44.0
1776886344.8801026,0.0,-3.0,-44.0
1776886344.8901026,-2.0,-4.0,-42.0
1776886344.9001029,0.0,-5.0,-35.0
1776886344.9101028,0.0,-9.0,-33.0
1776886344.9201028,2.0,-6.0,-35.0
1776886344.9301028,6.0,-4.0,-35.0
1776886344.9401028,2.0,0.0,-30.0
1776886344.9501028,4.0,0.0,-34.0
1776886344.9601028,4.0,-3.0,-35.0
1776886344.9701028,3.0,-3.0,-31.0
1776886344.9801028,-3.0,-6.0,-32.0
1776886344.9901028,-8.0,-7.0,-39.0
1776886345.0001028,-7.0,-8.0,-37.0
1776886345.0101027,-7.0,-7.0,-42.0
1776886345.0201027,-2.0,-6.0,-40.0
1776886345.0301027,-4.0,-5.0,-37.0
1776886345.0401027,-7.0,-5.0,-40.0
1776886345.0501027,-5.0,-5.0,-45.0
1776886345.0601027,-5.0,-1.0,-49.0
1776886345.0701027,-2.0,-3.0,-48.0
1776886345.0801027,1.0,-4.0,-46.0
1776886345.090103,3.0,-1.0,-47.0
1776886345.100103,3.0,-1.0,-44.0
1776886345.110103,0.0,1.0,-45.0
1776886345.1201026,2.0,0.0,-44.0
1776886345.1301026,2.0,0.0,-47.0
1776886345.1401026,3.0,0.0,-48.0
1776886345.1501029,2.0,-2.0,-53.0
1776886345.1601028,0.0,-3.0,-47.0
1776886345.1701028,-1.0,0.0,-48.0
1776886345.1801028,-4.0,-1.0,-52.0
1776886345.1901028,-2.0,-4.0,-49.0
1776886345.2001028,-7.0,-7.0,-48.0
1776886345.2101028,-9.0,-4.0,-42.0
1776886345.2201028,-8.0,-6.0,-38.0
1776886345.2301028,-3.0,-8.0,-41.0
1776886345.2401028,-2.0,-6.0,-36.0
1776886345.2501028,-2.0,-7.0,-40.0
1776886345.2601027,0.0,-5.0,-41.0
1776886345.2701027,8.0,-1.0,-40.0
1776886345.2801027,6.0,0.0,-39.0
1776886345.2901027,9.0,0.0,-37.0
1776886345.3001027,7.0,0.0,-40.0
1776886345.3101027,7.0,1.0,-39.0
1776886345.3201027,6.0,0.0,-40.0
1776886345.3301027,6.0,2.0,-39.0
1776886345.340103,7.0,4.0,-42.0
1776886345.350103,1.0,0.0,-45.0
1776886345.360103,1.0,0.0,-45.0
1776886345.3701026,3.0,-2.0,-52.0
1776886345.3801026,1.0,-3.0,-50.0
1776886345.3901026,-1.0,-5.0,-46.0
1776886345.4001029,0.0,-6.0,-45.0
1776886345.4101028,3.0,-7.0,-40.0
1776886345.4201028,5.0,-5.0,-41.0
1776886345.4301028,2.0,-4.0,-41.0
1776886345.4401028,2.0,-3.0,-43.0
1776886345.4501028,5.0,-2.0,-32.0
1776886345.4611027,4.0,0.0,-37.0
1776886345.4701028,3.0,2.0,-34.0
1776886345.4811027,2.0,3.0,-43.0
1776886345.4911027,0.0,1.0,-44.0
1776886345.5011027,0.0,-1.0,-46.0
1776886345.511103,-1.0,-3.0,-46.0
1776886345.521103,-2.0,-2.0,-45.0
1776886345.531103,1.0,-3.0,-45.0
1776886345.5411026,2.0,-1.0,-42.0
1776886345.5511026,2.0,1.0,-40.0
1776886345.5611026,1.0,0.0,-34.0
1776886345.5711029,0.0,1.0,-34.0
1776886345.5811028,-2.0,0.0,-40.0
1776886345.5911028,-2.0,0.0,-47.0
1776886345.6011028,0.0,3.0,-45.0
1776886345.6111028,0.0,4.0,-48.0
1776886345.6211028,0.0,0.0,-47.0
1776886345.6311028,0.0,-5.0,-41.0
1776886345.6411028,-3.0,-7.0,-40.0
1776886345.6511028,-6.0,-7.0,-38.0
1776886345.6611028,-3.0,-5.0,-41.0
1776886345.6711028,1.0,-9.0,-41.0
1776886345.6811028,2.0,-7.0,-35.0
1776886345.6911027,4.0,-7.0,-41.0
1776886345.7011027,8.0,-10.0,-48.0
1776886345.7111027,4.0,-6.0,-45.0
1776886345.7211027,4.0,0.0,-47.0
1776886345.7311027,7.0,-2.0,-44.0
1776886345.7411027,10.0,-3.0,-45.0
1776886345.7511027,7.0,-2.0,-41.0
1776886345.761103,5.0,-2.0,-34.0
1776886345.771103,0.0,-3.0,-42.0
1776886345.781103,-4.0,-4.0,-45.0
1776886345.7911026,-5.0,-7.0,-54.0
1776886345.8011026,-6.0,-8.0,-64.0
1776886345.8111026,-7.0,-10.0,-53.0
1776886345.8211029,-9.0,-9.0,-47.0
1776886345.8311028,-6.0,-7.0,-49.0
1776886345.8411028,-3.0,-8.0,-45.0
1776886345.8511028,0.0,-5.0,-41.0
1776886345.8611028,-3.0,-7.0,-44.0
1776886345.8711028,-2.0,-10.0,-43.0
1776886345.8811028,-3.0,-9.0,-38.0
1776886345.8911028,-6.0,-9.0,-39.0
1776886345.9011028,-4.0,-5.0,-38.0
1776886345.9111028,-7.0,-2.0,-34.0
1776886345.9211028,-5.0,-1.0,-38.0
1776886345.9311028,-3.0,0.0,-36.0
1776886345.9411027,-5.0,0.0,-38.0
1776886345.9511027,-8.0,-5.0,-41.0
1776886345.9611027,-5.0,-7.0,-37.0
1776886345.9711027,-6.0,-4.0,-39.0
1776886345.9811027,-5.0,-3.0,-33.0
1776886345.9911027,-6.0,-4.0,-38.0
1776886346.0011027,-5.0,-5.0,-42.0
1776886346.011103,-3.0,-3.0,-43.0
1776886346.021103,-2.0,0.0,-45.0
1776886346.031103,2.0,0.0,-48.0
1776886346.0411026,6.0,-4.0,-50.0
1776886346.0511026,3.0,-6.0,-50.0
1776886346.0611026,0.0,-3.0,-47.0
1776886346.0711029,0.0,-8.0,-47.0
1776886346.0811028,1.0,-12.0,-39.0
1776886346.0911028,1.0,-7.0,-40.0
1776886346.1011028,1.0,-8.0,-42.0
1776886346.1111028,3.0,-12.0,-41.0
1776886346.1211028,2.0,-9.0,-43.0
1776886346.1311028,0.0,-7.0,-43.0
1776886346.1411028,3.0,-4.0,-38.0
1776886346.1511028,0.0,-5.0,-39.0
1776886346.1611028,0.0,-2.0,-42.0
1776886346.1711028,-1.0,-1.0,-33.0
1776886346.1811028,-1.0,0.0,-36.0
1776886346.1911027,0.0,-3.0,-30.0
1776886346.2011027,0.0,-8.0,-31.0
1776886346.2111027,-3.0,-9.0,-32.0
1776886346.2211027,-2.0,-9.0,-36.0
1776886346.2311027,1.0,-5.0,-38.0
1776886346.2411027,3.0,0.0,-40.0
1776886346.2511027,7.0,1.0,-39.0
1776886346.261103,7.0,0.0,-35.0
1776886346.271103,1.0,0.0,-50.0
1776886346.281103,2.0,0.0,-46.0
1776886346.2911026,3.0,1.0,-48.0
1776886346.3011026,7.0,-2.0,-55.0
1776886346.3111026,5.0,-4.0,-48.0
1776886346.3211029,-3.0,-5.0,-38.0
1776886346.3311028,0.0,-4.0,-40.0
1776886346.3411028,4.0,-4.0,-45.0
1776886346.3511028,-3.0,1.0,-45.0
1776886346.3611028,-5.0,0.0,-44.0
1776886346.3711028,-3.0,-1.0,-45.0
1776886346.3811028,0.0,-1.0,-48.0
1776886346.3911028,1.0,-6.0,-47.0
1776886346.4011028,0.0,-9.0,-41.0
1776886346.4111028,0.0,-8.0,-42.0
1776886346.4211028,0.0,-9.0,-42.0
1776886346.4311028,3.0,-10.0,-39.0
1776886346.4411027,3.0,-3.0,-41.0
1776886346.4511027,5.0,0.0,-42.0
1776886346.4611027,7.0,0.0,-39.0
1776886346.4711027,3.0,0.0,-42.0
1776886346.4811027,6.0,1.0,-45.0
1776886346.4911027,6.0,6.0,-49.0
1776886346.5011027,9.0,5.0,-45.0
1776886346.511103,10.0,4.0,-41.0
1776886346.521103,13.0,3.0,-34.0
1776886346.531103,9.0,1.0,-35.0
1776886346.5411026,7.0,-1.0,-32.0
1776886346.5511026,9.0,-2.0,-35.0
1776886346.5611026,11.0,0.0,-35.0
1776886346.5711029,7.0,0.0,-34.0
1776886346.5811028,5.0,0.0,-33.0
1776886346.5911028,-1.0,3.0,-31.0
1776886346.6011028,-2.0,3.0,-34.0
1776886346.6111028,2.0,0.0,-34.0
1776886346.6211028,2.0,0.0,-32.0
1776886346.6311028,-2.0,-2.0,-33.0
1776886346.6411028,-2.0,1.0,-38.0
1776886346.6511028,0.0,0.0,-48.0
1776886346.6611028,3.0,0.0,-44.0
1776886346.6711028,0.0,0.0,-39.0
1776886346.6811028,2.0,-1.0,-35.0
1776886346.6911027,1.0,-1.0,-32.0
1776886346.7011027,0.0,2.0,-37.0
1776886346.7111027,1.0,3.0,-37.0
1776886346.7211027,0.0,2.0,-39.0
1776886346.7311027,0.0,5.0,-47.0
1776886346.7411027,0.0,6.0,-45.0
1776886346.7511027,4.0,9.0,-41.0
1776886346.761103,0.0,10.0,-35.0
1776886346.771103,-1.0,8.0,-36.0
1776886346.781103,-2.0,6.0,-42.0
1776886346.7911026,0.0,6.0,-46.0
1776886346.8011026,1.0,5.0,-46.0
1776886346.8111026,0.0,5.0,-41.0
1776886346.8211029,1.0,6.0,-37.0
1776886346.8311028,1.0,2.0,-36.0
1776886346.8411028,4.0,0.0,-36.0
1776886346.8511028,7.0,0.0,-35.0
1776886346.8611028,8.0,1.0,-44.0
1776886346.8711028,10.0,2.0,-46.0
1776886346.8811028,8.0,2.0,-44.0
1776886346.8911028,9.0,-7.0,-44.0
1776886346.9011028,10.0,-5.0,-45.0
1776886346.9111028,6.0,-6.0,-38.0
1776886346.9211028,4.0,-4.0,-36.0
1776886346.9311028,5.0,-4.0,-36.0
1776886346.9411027,0.0,-3.0,-39.0
1776886346.9511027,1.0,-1.0,-37.0
1776886346.9611027,1.0,0.0,-42.0
1776886346.9711027,0.0,4.0,-45.0
1776886346.9811027,-3.0,6.0,-48.0
1776886346.9911027,-2.0,8.0,-45.0
1776886347.0011027,-5.0,4.0,-41.0
1776886347.011103,0.0,5.0,-42.0
1776886347.021103,-9.0,0.0,-43.0
1776886347.031103,-7.0,-3.0,-47.0
1776886347.0411026,-1.0,-4.0,-48.0
1776886347.0511026,2.0,-3.0,-40.0
1776886347.0611026,-4.0,1.0,-36.0
1776886347.0711029,0.0,0.0,-41.0
1776886347.0811028,-3.0,-5.0,-38.0
1776886347.0911028,-8.0,-3.0,-42.0
1776886347.1011028,-6.0,0.0,-42.0
1776886347.1111028,-6.0,1.0,-42.0
1776886347.1211028,-6.0,1.0,-38.0
1776886347.1311028,0.0,0.0,-38.0
1776886347.1411028,1.0,-4.0,-38.0
1776886347.1511028,3.0,-6.0,-42.0
1776886347.1611028,3.0,-7.0,-44.0
1776886347.1711028,-3.0,-1.0,-40.0
1776886347.1811028,-6.0,2.0,-42.0
1776886347.1911027,-3.0,3.0,-48.0
1776886347.2011027,0.0,5.0,-51.0
1776886347.2111027,4.0,3.0,-49.0
1776886347.2211027,3.0,0.0,-45.0
1776886347.2311027,4.0,-1.0,-37.0
1776886347.2411027,3.0,-3.0,-34.0
1776886347.2511027,-2.0,-2.0,-31.0
1776886347.261103,-2.0,-1.0,-28.0
1776886347.271103,-1.0,-2.0,-29.0
1776886347.281103,-1.0,-2.0,-25.0
1776886347.2911026,-1.0,-3.0,-29.0
1776886347.3011026,-2.0,-2.0,-26.0
1776886347.3111026,-4.0,-2.0,-31.0
1776886347.3211029,-2.0,-3.0,-38.0
1776886347.3311028,-3.0,-2.0,-44.0
1776886347.3411028,-7.0,0.0,-40.0
1776886347.3511028,-7.0,-3.0,-39.0
1776886347.3611028,-4.0,-1.0,-41.0
1776886347.3711028,0.0,-3.0,-41.0
1776886347.3811028,2.0,-1.0,-46.0
1776886347.3911028,6.0,1.0,-40.0
1776886347.4011028,6.0,-2.0,-38.0
1776886347.4111028,0.0,-3.0,-38.0
1776886347.4211028,-4.0,-4.0,-39.0
1776886347.4311028,-7.0,-5.0,-40.0
1776886347.4411027,-3.0,-3.0,-38.0
1776886347.452103,-1.0,-2.0,-38.0
1776886347.462103,-1.0,-4.0,-40.0
1776886347.4721026,-1.0,-5.0,-43.0
1776886347.4821026,0.0,-7.0,-50.0
1776886347.4921026,1.0,-3.0,-44.0
1776886347.5011027,-6.0,-1.0,-46.0
1776886347.5121028,-6.0,-4.0,-44.0
1776886347.5221028,-8.0,0.0,-41.0
1776886347.5321028,-9.0,4.0,-43.0
1776886347.5421028,-5.0,-1.0,-45.0
1776886347.5521028,-2.0,0.0,-38.0
1776886347.5621028,1.0,0.0,-37.0
1776886347.5721028,1.0,0.0,-41.0
1776886347.5821028,2.0,-2.0,-40.0
1776886347.5921028,2.0,0.0,-41.0
1776886347.6021028,1.0,-3.0,-49.0
1776886347.6121027,4.0,-2.0,-43.0
1776886347.6221027,3.0,0.0,-39.0
1776886347.6321027,3.0,-1.0,-43.0
1776886347.6421027,-3.0,-8.0,-50.0
1776886347.6521027,-2.0,-9.0,-44.0
1776886347.6621027,0.0,-7.0,-45.0
1776886347.6721027,1.0,-6.0,-42.0
1776886347.682103,0.0,0.0,-40.0
1776886347.692103,1.0,0.0,-44.0
1776886347.702103,2.0,-2.0,-42.0
1776886347.712103,4.0,-4.0,-43.0
1776886347.7221026,4.0,-4.0,-39.0
1776886347.7321026,0.0,-2.0,-36.0
1776886347.7421026,0.0,-1.0,-32.0
1776886347.7521029,1.0,0.0,-33.0
1776886347.7621028,0.0,0.0,-33.0
1776886347.7721028,-3.0,-2.0,-28.0
1776886347.7821028,-2.0,-1.0,-36.0
1776886347.7921028,-1.0,-1.0,-34.0
1776886347.8021028,-3.0,0.0,-33.0
1776886347.8121028,-2.0,3.0,-36.0
1776886347.8221028,1.0,-2.0,-33.0
1776886347.8321028,2.0,2.0,-30.0
1776886347.8421028,0.0,1.0,-35.0
1776886347.8521028,0.0,0.0,-39.0
1776886347.8621027,7.0,-2.0,-37.0
1776886347.8721027,7.0,-6.0,-40.0
1776886347.8821027,6.0,-1.0,-48.0
1776886347.8921027,0.0,1.0,-43.0
1776886347.9021027,1.0,2.0,-46.0
1776886347.9121027,0.0,1.0,-43.0
1776886347.9221027,0.0,0.0,-39.0
1776886347.932103,-3.0,1.0,-39.0
1776886347.942103,0.0,-2.0,-47.0
1776886347.952103,-3.0,-1.0,-42.0
1776886347.962103,-3.0,-4.0,-43.0
1776886347.9721026,-3.0,-7.0,-42.0
1776886347.9821026,0.0,-6.0,-41.0
1776886347.9921026,2.0,-4.0,-39.0
1776886348.0021029,0.0,-4.0,-34.0
1776886348.0121028,0.0,-3.0,-34.0
1776886348.0221028,4.0,0.0,-38.0
1776886348.0321028,4.0,0.0,-41.0
1776886348.0421028,5.0,-3.0,-34.0
1776886348.0521028,1.0,-2.0,-35.0
1776886348.0621028,4.0,0.0,-30.0
1776886348.0721028,0.0,-1.0,-27.0
1776886348.0821028,1.0,-1.0,-27.0
1776886348.0921028,7.0,-2.0,-25.0
1776886348.1021028,5.0,-2.0,-33.0
1776886348.1121027,0.0,-3.0,-32.0
1776886348.1221027,5.0,-3.0,-28.0
1776886348.1321027,3.0,-2.0,-29.0
1776886348.1421027,2.0,-2.0,-38.0
1776886348.1521027,1.0,-4.0,-47.0
1776886348.1621027,0.0,-4.0,-41.0
1776886348.1721027,3.0,-3.0,-48.0
1776886348.182103,5.0,-2.0,-49.0
1776886348.192103,0.0,0.0,-50.0
1776886348.202103,-1.0,0.0,-51.0
1776886348.212103,-1.0,0.0,-49.0
1776886348.2221026,0.0,0.0,-42.0
1776886348.2321026,4.0,2.0,-32.0
1776886348.2421026,6.0,4.0,-30.0
1776886348.2521029,8.0,3.0,-28.0
1776886348.2621028,9.0,3.0,-31.0
1776886348.2721028,11.0,2.0,-38.0
1776886348.2821028,12.0,2.0,-44.0
1776886348.2921028,7.0,0.0,-44.0
1776886348.3021028,1.0,4.0,-37.0
1776886348.3121028,1.0,1.0,-34.0
1776886348.3221028,-1.0,3.0,-35.0
1776886348.3321028,1.0,4.0,-38.0
1776886348.3421028,-3.0,2.0,-43.0
1776886348.3521028,-5.0,0.0,-43.0
1776886348.3621027,-4.0,-1.0,-44.0
1776886348.3721027,-1.0,-4.0,-38.0
1776886348.3821027,-2.0,-3.0,-36.0
1776886348.3921027,-2.0,-4.0,-32.0
1776886348.4021027,-4.0,-6.0,-35.0
1776886348.4121027,-5.0,-9.0,-34.0
1776886348.4221027,-3.0,-10.0,-37.0
1776886348.432103,-2.0,-6.0,-29.0
1776886348.442103,-3.0,-4.0,-30.0
1776886348.452103,2.0,-4.0,-33.0
1776886348.462103,4.0,-4.0,-28.0
1776886348.4721026,4.0,-4.0,-31.0
1776886348.4821026,3.0,0.0,-32.0
1776886348.4921026,1.0,2.0,-27.0
1776886348.5021029,3.0,6.0,-31.0
1776886348.5121028,2.0,1.0,-34.0
1776886348.5221028,3.0,0.0,-47.0
1776886348.5321028,2.0,-4.0,-45.0
1776886348.5421028,2.0,-2.0,-42.0
1776886348.5521028,1.0,-2.0,-33.0
1776886348.5621028,2.0,-7.0,-35.0
1776886348.5721028,0.0,-7.0,-35.0
1776886348.5821028,4.0,-8.0,-29.0
1776886348.5921028,8.0,-7.0,-28.0
1776886348.6021028,8.0,-6.0,-30.0
1776886348.6121027,6.0,-6.0,-32.0
1776886348.6221027,4.0,-6.0,-32.0
1776886348.6321027,-1.0,-8.0,-38.0
1776886348.6421027,0.0,-6.0,-36.0
1776886348.6521027,3.0,-5.0,-35.0
1776886348.6621027,9.0,-5.0,-35.0
1776886348.6721027,11.0,-4.0,-39.0
1776886348.682103,6.0,-3.0,-41.0
1776886348.692103,3.0,-8.0,-43.0
1776886348.702103,3.0,-3.0,-43.0
1776886348.712103,3.0,-1.0,-47.0
1776886348.7221026,0.0,-4.0,-50.0
1776886348.7321026,3.0,-1.0,-51.0
1776886348.7421026,5.0,0.0,-51.0
1776886348.7521029,5.0,-2.0,-47.0
1776886348.7621028,4.0,-4.0,-42.0
1776886348.7721028,0.0,1.0,-41.0
1776886348.7821028,-2.0,1.0,-34.0
1776886348.7921028,-6.0,-1.0,-23.0
1776886348.8021028,-5.0,-3.0,-27.0
1776886348.8121028,-4.0,-4.0,-29.0
1776886348.8221028,-5.0,0.0,-31.0
1776886348.8321028,-1.0,0.0,-27.0
1776886348.8421028,-1.0,0.0,-34.0
1776886348.8521028,-2.0,-1.0,-37.0
1776886348.8621027,0.0,-4.0,-38.0
1776886348.8721027,-3.0,-5.0,-43.0
1776886348.8821027,-4.0,-7.0,-42.0
1776886348.8921027,-8.0,-4.0,-43.0
1776886348.9021027,-2.0,-3.0,-42.0
1776886348.9121027,0.0,-3.0,-33.0
1776886348.9221027,-1.0,-1.0,-31.0
1776886348.932103,-2.0,-5.0,-26.0
1776886348.942103,-1.0,-4.0,-32.0
1776886348.952103,-3.0,-3.0,-31.0
1776886348.962103,-5.0,-3.0,-35.0
1776886348.9721026,-6.0,-4.0,-40.0
1776886348.9821026,-8.0,-2.0,-41.0
1776886348.9921026,-9.0,2.0,-37.0
1776886349.0021029,-14.0,4.0,-36.0
1776886349.0121028,-12.0,1.0,-39.0
1776886349.0221028,-8.0,4.0,-42.0
1776886349.0321028,-7.0,6.0,-48.0
1776886349.0421028,-3.0,6.0,-47.0
1776886349.0521028,-3.0,3.0,-55.0
1776886349.0621028,-2.0,0.0,-56.0
1776886349.0721028,0.0,0.0,-51.0
1776886349.0821028,0.0,0.0,-51.0
1776886349.0921028,2.0,-4.0,-42.0
1776886349.1021028,2.0,-5.0,-36.0
1776886349.1121027,3.0,-5.0,-34.0
1776886349.1221027,6.0,-5.0,-37.0
1776886349.1321027,4.0,-5.0,-36.0
1776886349.1421027,1.0,-3.0,-33.0
1776886349.1521027,-2.0,-4.0,-34.0
1776886349.1621027,1.0,0.0,-39.0
1776886349.1721027,2.0,1.0,-34.0
1776886349.182103,5.0,1.0,-37.0
1776886349.192103,2.0,5.0,-45.0
1776886349.202103,4.0,6.0,-48.0
1776886349.212103,2.0,0.0,-43.0
1776886349.2221026,1.0,1.0,-43.0
1776886349.2321026,4.0,2.0,-42.0
1776886349.2421026,5.0,2.0,-44.0
1776886349.2521029,0.0,-1.0,-39.0
1776886349.2621028,2.0,0.0,-45.0
1776886349.2721028,4.0,5.0,-40.0
1776886349.2821028,0.0,-1.0,-44.0
1776886349.2921028,0.0,-2.0,-42.0
1776886349.3021028,5.0,-3.0,-42.0
1776886349.3121028,10.0,-4.0,-44.0
1776886349.3221028,9.0,-4.0,-45.0
1776886349.3321028,4.0,-3.0,-41.0
1776886349.3421028,5.0,-4.0,-39.0
1776886349.3521028,2.0,-3.0,-44.0
1776886349.3621027,6.0,-3.0,-43.0
1776886349.3721027,8.0,-3.0,-46.0
1776886349.3821027,1.0,-3.0,-45.0
1776886349.3921027,-2.0,-2.0,-48.0
1776886349.4021027,-1.0,-1.0,-37.0
1776886349.4121027,0.0,-7.0,-34.0
1776886349.4231029,1.0,-9.0,-34.0
1776886349.432103,2.0,-9.0,-32.0
1776886349.442103,2.0,-7.0,-40.0
1776886349.4531028,2.0,-3.0,-40.0
1776886349.4631028,1.0,-3.0,-41.0
1776886349.4731028,0.0,-4.0,-38.0
1776886349.4831028,5.0,-3.0,-42.0
1776886349.4931028,8.0,-2.0,-40.0
1776886349.5031028,3.0,0.0,-42.0
1776886349.5131028,2.0,-3.0,-46.0
1776886349.5231028,5.0,-3.0,-45.0
1776886349.5331028,6.0,-5.0,-47.0
1776886349.5431027,5.0,-12.0,-49.0
1776886349.5531027,6.0,-11.0,-47.0
1776886349.5631027,6.0,-11.0,-43.0
1776886349.5731027,4.0,-8.0,-43.0
1776886349.5831027,5.0,-6.0,-41.0
1776886349.5931027,5.0,-4.0,-41.0
1776886349.6031027,6.0,1.0,-38.0
1776886349.613103,7.0,0.0,-38.0
1776886349.623103,7.0,3.0,-43.0
1776886349.633103,9.0,3.0,-43.0
1776886349.6431026,7.0,0.0,-40.0
1776886349.6531026,4.0,0.0,-40.0
1776886349.6631026,5.0,-5.0,-38.0
1776886349.6731029,3.0,-6.0,-39.0
1776886349.6831028,6.0,-2.0,-49.0
1776886349.6931028,12.0,-1.0,-47.0
1776886349.7031028,10.0,-2.0,-40.0
1776886349.7131028,12.0,-3.0,-34.0
1776886349.7231028,7.0,-3.0,-35.0
1776886349.7331028,4.0,-5.0,-38.0
1776886349.7431028,5.0,-3.0,-44.0
1776886349.7531028,3.0,-4.0,-45.0
1776886349.7631028,3.0,-4.0,-32.0
1776886349.7731028,-1.0,-1.0,-32.0
1776886349.7831028,-1.0,0.0,-32.0
1776886349.7931027,0.0,-2.0,-32.0
1776886349.8031027,0.0,-2.0,-30.0
1776886349.8131027,1.0,2.0,-33.0
1776886349.8231027,-2.0,4.0,-31.0
1776886349.8331027,5.0,-1.0,-31.0
1776886349.8431027,5.0,-1.0,-37.0
1776886349.8531027,6.0,0.0,-43.0
1776886349.863103,6.0,0.0,-47.0
1776886349.873103,4.0,-1.0,-41.0
1776886349.883103,0.0,-2.0,-35.0
1776886349.8931026,-3.0,-1.0,-32.0
1776886349.9031026,-1.0,0.0,-30.0
1776886349.9131026,0.0,1.0,-28.0
1776886349.9231029,-2.0,2.0,-29.0
1776886349.9331028,-4.0,2.0,-29.0
1776886349.9431028,-3.0,0.0,-31.0
1776886349.9531028,1.0,0.0,-27.0
1776886349.9631028,7.0,0.0,-35.0
1776886349.9731028,7.0,-3.0,-38.0
1776886349.9831028,6.0,-6.0,-33.0
1776886349.9931028,2.0,-7.0,-32.0
1776886350.0031028,-1.0,-9.0,-34.0
1776886350.0131028,-3.0,-3.0,-44.0
1776886350.0231028,-4.0,0.0,-48.0
1776886350.0331028,-2.0,1.0,-52.0
1776886350.0431027,1.0,3.0,-53.0
1776886350.0531027,4.0,0.0,-49.0
1776886350.0631027,6.0,0.0,-40.0
1776886350.0731027,9.0,0.0,-44.0
1776886350.0831027,9.0,-2.0,-44.0
1776886350.0931027,7.0,1.0,-48.0
1776886350.1031027,11.0,4.0,-46.0
1776886350.113103,8.0,3.0,-49.0
1776886350.123103,4.0,0.0,-50.0
1776886350.133103,5.0,0.0,-50.0
1776886350.1431026,3.0,1.0,-49.0
1776886350.1531026,-2.0,3.0,-55.0
1776886350.1631026,1.0,4.0,-47.0
1776886350.1731029,0.0,2.0,-48.0
1776886350.1831028,4.0,2.0,-40.0
1776886350.1931028,6.0,1.0,-39.0
1776886350.2031028,8.0,0.0,-44.0
1776886350.2131028,8.0,0.0,-38.0
1776886350.2231028,9.0,0.0,-35.0
1776886350.2331028,5.0,0.0,-39.0
1776886350.2431028,4.0,0.0,-36.0
1776886350.2531028,1.0,-1.0,-38.0
1776886350.2631028,2.0,-8.0,-28.0
1776886350.2731028,3.0,-4.0,-29.0
1776886350.2831028,1.0,-7.0,-34.0
1776886350.2931027,0.0,-6.0,-44.0
1776886350.3031027,0.0,-6.0,-38.0
1776886350.3131027,-2.0,-4.0,-38.0
1776886350.3231027,-5.0,-1.0,-43.0
1776886350.3331027,-3.0,-1.0,-37.0
1776886350.3431027,2.0,0.0,-42.0
1776886350.3531027,2.0,3.0,-48.0
1776886350.363103,2.0,4.0,-50.0
1776886350.373103,1.0,3.0,-52.0
1776886350.383103,0.0,2.0,-52.0
1776886350.3931026,3.0,0.0,-50.0
1776886350.4031026,1.0,0.0,-46.0
1776886350.4131026,-2.0,1.0,-43.0
1776886350.4231029,-4.0,3.0,-43.0
1776886350.4331028,-2.0,2.0,-45.0
1776886350.4431028,2.0,4.0,-43.0
1776886350.4531028,1.0,0.0,-37.0
1776886350.4631028,3.0,2.0,-38.0
1776886350.4731028,2.0,0.0,-39.0
1776886350.4831028,0.0,0.0,-40.0
1776886350.4931028,-1.0,-1.0,-41.0
1776886350.5031028,-2.0,-2.0,-38.0
1776886350.5131028,0.0,-1.0,-37.0
1776886350.5231028,0.0,-2.0,-33.0
1776886350.5331028,-4.0,-1.0,-37.0
1776886350.5431027,-4.0,-4.0,-37.0
1776886350.5531027,-1.0,-2.0,-34.0
1776886350.5631027,1.0,-1.0,-38.0
1776886350.5731027,2.0,-8.0,-47.0
1776886350.5831027,4.0,-8.0,-47.0
1776886350.5931027,3.0,-10.0,-47.0
1776886350.6031027,0.0,-11.0,-47.0
1776886350.613103,-2.0,-6.0,-47.0
1776886350.623103,0.0,-5.0,-41.0
1776886350.633103,1.0,-5.0,-46.0
1776886350.6431026,6.0,-3.0,-46.0
1776886350.6531026,4.0,0.0,-47.0
1776886350.6631026,4.0,-1.0,-38.0
1776886350.6731029,3.0,0.0,-38.0
1776886350.6831028,4.0,0.0,-34.0
1776886350.6931028,6.0,3.0,-32.0
1776886350.7031028,4.0,2.0,-29.0
1776886350.7131028,2.0,0.0,-23.0
1776886350.7231028,0.0,0.0,-37.0
1776886350.7331028,0.0,-1.0,-43.0
1776886350.7431028,-3.0,-1.0,-35.0
1776886350.7531028,-4.0,-3.0,-37.0
1776886350.7631028,3.0,-2.0,-39.0
1776886350.7731028,4.0,0.0,-40.0
1776886350.7831028,-1.0,1.0,-36.0
1776886350.7931027,-4.0,-4.0,-39.0
1776886350.8031027,0.0,-3.0,-37.0
1776886350.8131027,0.0,0.0,-38.0
1776886350.8231027,1.0,-3.0,-40.0
1776886350.8331027,0.0,-3.0,-43.0
1776886350.8431027,0.0,0.0,-47.0
1776886350.8531027,8.0,2.0,-49.0
1776886350.863103,8.0,4.0,-48.0
1776886350.873103,6.0,0.0,-55.0
1776886350.883103,6.0,0.0,-49.0
1776886350.8931026,9.0,-2.0,-50.0
1776886350.9031026,8.0,-4.0,-45.0
1776886350.9131026,6.0,-5.0,-40.0
1776886350.9231029,6.0,-4.0,-45.0
1776886350.9331028,3.0,-2.0,-48.0
1776886350.9431028,1.0,-5.0,-52.0
1776886350.9531028,1.0,-6.0,-49.0
1776886350.9631028,0.0,-1.0,-50.0
1776886350.9731028,0.0,-2.0,-49.0
1776886350.9831028,0.0,-1.0,-49.0
1776886350.9931028,0.0,0.0,-61.0
1776886351.0031028,-5.0,-1.0,-60.0
1776886351.0131028,-7.0,0.0,-56.0
1776886351.0231028,-5.0,-2.0,-57.0
1776886351.0331028,-5.0,-3.0,-54.0
1776886351.0431027,-3.0,-5.0,-48.0
1776886351.0531027,-2.0,-7.0,-47.0
1776886351.0631027,2.0,-6.0,-44.0
1776886351.0731027,2.0,-3.0,-47.0
1776886351.0831027,3.0,-2.0,-47.0
1776886351.0931027,-1.0,0.0,-44.0
1776886351.1031027,0.0,0.0,-37.0
1776886351.113103,-3.0,0.0,-44.0
1776886351.123103,0.0,0.0,-43.0
1776886351.133103,-1.0,1.0,-42.0
1776886351.1431026,0.0,1.0,-50.0
1776886351.1531026,0.0,-1.0,-46.0
1776886351.1631026,4.0,0.0,-41.0
1776886351.1731029,7.0,0.0,-40.0
1776886351.1831028,1.0,3.0,-44.0
1776886351.1931028,0.0,0.0,-48.0
1776886351.2031028,-1.0,-1.0,-44.0
1776886351.2131028,-1.0,-1.0,-36.0
1776886351.2231028,3.0,-5.0,-41.0
1776886351.2331028,6.0,-7.0,-40.0
1776886351.2431028,6.0,-8.0,-33.0
1776886351.2531028,8.0,-8.0,-30.0
1776886351.2631028,8.0,-6.0,-38.0
1776886351.2731028,6.0,-6.0,-27.0
1776886351.2831028,3.0,-5.0,-26.0
1776886351.2931027,1.0,-1.0,-37.0
1776886351.3031027,-1.0,0.0,-38.0
1776886351.3131027,0.0,-4.0,-40.0
1776886351.3231027,0.0,0.0,-42.0
1776886351.3331027,2.0,-1.0,-50.0
1776886351.3431027,2.0,0.0,-45.0
1776886351.3531027,2.0,0.0,-47.0
1776886351.363103,0.0,-5.0,-43.0
1776886351.373103,-3.0,-2.0,-41.0
1776886351.383103,-5.0,-1.0,-43.0
1776886351.3931026,-10.0,0.0,-45.0
1776886351.4031026,-10.0,-4.0,-39.0
1776886351.4131026,-9.0,-5.0,-40.0
1776886351.4231029,-9.0,-1.0,-41.0
1776886351.4341028,-6.0,-2.0,-45.0
1776886351.4441028,-7.0,-5.0,-42.0
1776886351.4541028,-4.0,-3.0,-36.0
1776886351.4641027,-4.0,0.0,-34.0
1776886351.4741027,-4.0,-1.0,-39.0
1776886351.4841027,-9.0,-2.0,-41.0
1776886351.4941027,-9.0,-2.0,-45.0
1776886351.5041027,-12.0,-2.0,-42.0
1776886351.5141027,-13.0,-4.0,-40.0
1776886351.5241027,-7.0,-6.0,-34.0
1776886351.534103,-3.0,-8.0,-28.0
1776886351.544103,-2.0,-6.0,-33.0
1776886351.554103,-1.0,-2.0,-37.0
1776886351.5641026,0.0,1.0,-43.0
1776886351.5741026,0.0,3.0,-41.0
1776886351.5841026,4.0,2.0,-44.0
1776886351.5941026,9.0,0.0,-39.0
1776886351.6041028,9.0,0.0,-45.0
1776886351.6141028,8.0,3.0,-50.0
1776886351.6241028,5.0,1.0,-48.0
1776886351.6341028,4.0,0.0,-44.0
1776886351.6441028,3.0,0.0,-41.0
1776886351.6541028,1.0,1.0,-43.0
1776886351.6641028,3.0,0.0,-44.0
1776886351.6741028,0.0,4.0,-46.0
1776886351.6841028,2.0,7.0,-42.0
1776886351.6941028,1.0,7.0,-40.0
1776886351.7041028,0.0,6.0,-43.0
1776886351.7141027,0.0,8.0,-38.0
1776886351.7241027,1.0,4.0,-42.0
1776886351.7341027,1.0,5.0,-41.0
1776886351.7441027,-1.0,0.0,-36.0
1776886351.7541027,-2.0,-2.0,-39.0
1776886351.7641027,-5.0,-3.0,-45.0
1776886351.7741027,-2.0,-5.0,-47.0
1776886351.784103,-3.0,-2.0,-49.0
1776886351.794103,-8.0,0.0,-43.0
1776886351.804103,-7.0,2.0,-47.0
1776886351.8141026,-1.0,3.0,-42.0
1776886351.8241026,0.0,0.0,-40.0
1776886351.8341026,-2.0,1.0,-36.0
1776886351.8441026,0.0,-1.0,-38.0
1776886351.8541028,0.0,-2.0,-44.0
1776886351.8641028,-3.0,0.0,-40.0
1776886351.8741028,-4.0,4.0,-35.0
1776886351.8841028,-7.0,5.0,-35.0
1776886351.8941028,-1.0,5.0,-43.0
1776886351.9041028,2.0,2.0,-48.0
1776886351.9141028,4.0,0.0,-45.0
1776886351.9241028,4.0,-6.0,-43.0
1776886351.9341028,0.0,-3.0,-49.0
1776886351.9441028,2.0,-4.0,-48.0
1776886351.9541028,2.0,-4.0,-45.0
1776886351.9641027,2.0,-5.0,-45.0
1776886351.9741027,1.0,-5.0,-37.0
1776886351.9841027,1.0,-6.0,-40.0
1776886351.9941027,3.0,-3.0,-43.0
1776886352.0041027,1.0,-1.0,-38.0
1776886352.0141027,0.0,2.0,-38.0
1776886352.0241027,0.0,2.0,-38.0
1776886352.034103,0.0,-4.0,-37.0
1776886352.044103,1.0,-6.0,-36.0
1776886352.054103,3.0,-2.0,-39.0
1776886352.0641026,4.0,-6.0,-36.0
1776886352.0741026,4.0,-4.0,-38.0
1776886352.0841026,5.0,-4.0,-35.0
1776886352.0941026,4.0,0.0,-44.0
1776886352.1041028,0.0,0.0,-44.0
1776886352.1141028,-3.0,-2.0,-42.0
1776886352.1241028,-2.0,-1.0,-36.0
1776886352.1341028,-3.0,-3.0,-37.0
1776886352.1441028,-7.0,1.0,-31.0
1776886352.1541028,-8.0,1.0,-30.0
1776886352.1641028,-6.0,-2.0,-29.0
1776886352.1741028,-5.0,-1.0,-32.0
1776886352.1841028,-9.0,-2.0,-31.0
1776886352.1941028,-10.0,-4.0,-39.0
1776886352.2041028,-5.0,-5.0,-42.0
1776886352.2141027,-3.0,-1.0,-42.0
1776886352.2241027,2.0,-2.0,-43.0
1776886352.2341027,5.0,-2.0,-43.0
1776886352.2441027,7.0,0.0,-44.0
1776886352.2541027,1.0,4.0,-41.0
1776886352.2641027,1.0,3.0,-44.0
1776886352.2741027,4.0,0.0,-46.0
1776886352.284103,7.0,1.0,-42.0
1776886352.294103,6.0,3.0,-36.0
1776886352.304103,8.0,1.0,-32.0
1776886352.3141026,4.0,2.0,-32.0
1776886352.3241026,2.0,2.0,-34.0
1776886352.3341026,4.0,0.0,-35.0
1776886352.3441026,1.0,0.0,-39.0
1776886352.3541028,0.0,-2.0,-40.0
1776886352.3641028,0.0,-3.0,-35.0
1776886352.3741028,2.0,-7.0,-38.0
1776886352.3841028,6.0,-9.0,-43.0
1776886352.3941028,4.0,-11.0,-47.0
1776886352.4041028,4.0,-11.0,-43.0
1776886352.4141028,7.0,-6.0,-37.0
1776886352.4241028,7.0,-10.0,-39.0
1776886352.4341028,2.0,-5.0,-34.0
1776886352.4441028,-1.0,-2.0,-39.0
1776886352.4541028,2.0,-4.0,-32.0
1776886352.4641027,1.0,-2.0,-34.0
1776886352.4741027,1.0,-2.0,-32.0
1776886352.4841027,1.0,-2.0,-31.0
1776886352.4941027,0.0,0.0,-31.0
1776886352.5041027,-4.0,0.0,-26.0
1776886352.5141027,0.0,1.0,-31.0
1776886352.5241027,-1.0,4.0,-31.0
1776886352.534103,0.0,7.0,-30.0
1776886352.544103,-2.0,4.0,-35.0
1776886352.554103,-3.0,3.0,-36.0
1776886352.5641026,0.0,1.0,-38.0
1776886352.5741026,1.0,-2.0,-33.0
1776886352.5841026,1.0,-3.0,-33.0
1776886352.5941026,3.0,-5.0,-37.0
1776886352.6041028,2.0,-7.0,-43.0
1776886352.6141028,2.0,-4.0,-42.0
1776886352.6241028,2.0,-2.0,-40.0
1776886352.6341028,3.0,-3.0,-39.0
1776886352.6441028,0.0,-1.0,-39.0
1776886352.6541028,6.0,-1.0,-32.0
1776886352.6641028,5.0,-2.0,-35.0
1776886352.6741028,3.0,0.0,-34.0
1776886352.6841028,3.0,-2.0,-34.0
1776886352.6941028,2.0,-4.0,-34.0
1776886352.7041028,1.0,-2.0,-36.0
1776886352.7141027,5.0,1.0,-43.0
1776886352.7241027,5.0,3.0,-40.0
1776886352.7341027,1.0,2.0,-44.0
1776886352.7441027,8.0,-2.0,-43.0
1776886352.7541027,5.0,0.0,-47.0
1776886352.7641027,1.0,-2.0,-47.0
1776886352.7741027,-2.0,0.0,-43.0
1776886352.784103,0.0,0.0,-46.0
1776886352.794103,1.0,0.0,-46.0
1776886352.804103,5.0,1.0,-44.0
1776886352.8141026,9.0,-1.0,-51.0
1776886352.8241026,7.0,0.0,-49.0
1776886352.8341026,3.0,-1.0,-51.0
1776886352.8441026,2.0,0.0,-53.0
1776886352.8541028,1.0,-1.0,-50.0
1776886352.8641028,-1.0,0.0,-45.0
1776886352.8741028,-4.0,0.0,-40.0
1776886352.8841028,0.0,-2.0,-37.0
1776886352.8941028,7.0,-1.0,-33.0
1776886352.9041028,5.0,0.0,-31.0
1776886352.9141028,5.0,-1.0,-34.0
1776886352.9241028,4.0,0.0,-35.0
1776886352.9341028,5.0,-2.0,-36.0
1776886352.9441028,3.0,-5.0,-36.0
1776886352.9541028,4.0,-5.0,-39.0
1776886352.9641027,7.0,-5.0,-38.0
1776886352.9741027,8.0,-3.0,-38.0
1776886352.9841027,3.0,0.0,-31.0
1776886352.9941027,1.0,0.0,-37.0
1776886353.0041027,-2.0,-3.0,-37.0
1776886353.0141027,-5.0,-1.0,-35.0
1776886353.0241027,-4.0,2.0,-39.0
1776886353.034103,-3.0,0.0,-41.0
1776886353.044103,-5.0,-2.0,-40.0
1776886353.054103,-4.0,-3.0,-43.0
1776886353.0641026,-6.0,-2.0,-42.0
1776886353.0741026,-5.0,0.0,-41.0
1776886353.0841026,-7.0,0.0,-47.0
1776886353.0941026,-9.0,-2.0,-55.0
1776886353.1041028,-13.0,-2.0,-48.0
1776886353.1141028,-7.0,0.0,-48.0
1776886353.1241028,-7.0,0.0,-40.0
1776886353.1341028,-8.0,-1.0,-38.0
1776886353.1441028,-7.0,2.0,-34.0
1776886353.1541028,-7.0,0.0,-37.0
1776886353.1641028,-6.0,0.0,-42.0
1776886353.1741028,-8.0,1.0,-40.0
1776886353.1841028,-6.0,0.0,-37.0
1776886353.1941028,-5.0,-2.0,-36.0
1776886353.2041028,-5.0,-4.0,-32.0
1776886353.2141027,-5.0,-4.0,-36.0
1776886353.2241027,-6.0,-4.0,-38.0
1776886353.2341027,-1.0,-2.0,-40.0
1776886353.2441027,3.0,0.0,-41.0
1776886353.2541027,3.0,-1.0,-35.0
1776886353.2641027,-2.0,0.0,-34.0
1776886353.2741027,0.0,1.0,-40.0
1776886353.284103,1.0,4.0,-37.0
1776886353.294103,6.0,6.0,-39.0
1776886353.304103,2.0,10.0,-43.0
1776886353.3141026,5.0,9.0,-40.0
1776886353.3241026,7.0,9.0,-44.0
1776886353.3341026,12.0,9.0,-50.0
1776886353.3441026,17.0,11.0,-49.0
1776886353.3541028,10.0,7.0,-43.0
1776886353.3641028,7.0,3.0,-45.0
1776886353.3741028,13.0,6.0,-41.0
1776886353.3841028,8.0,4.0,-36.0
1776886353.3941028,9.0,5.0,-37.0
1776886353.4041028,7.0,5.0,-36.0
1776886353.4141028,0.0,2.0,-33.0
1776886353.4251027,0.0,5.0,-38.0
1776886353.4341028,-3.0,2.0,-39.0
1776886353.4441028,0.0,0.0,-40.0
1776886353.4551027,-1.0,1.0,-39.0
1776886353.465103,0.0,1.0,-41.0
1776886353.475103,0.0,0.0,-48.0
1776886353.485103,0.0,1.0,-45.0
1776886353.4951026,1.0,-1.0,-47.0
1776886353.5051026,0.0,0.0,-46.0
1776886353.5151026,-1.0,0.0,-43.0
1776886353.5251029,0.0,-3.0,-45.0
1776886353.5351028,-5.0,-6.0,-43.0
1776886353.5451028,-4.0,-7.0,-40.0
1776886353.5551028,0.0,-3.0,-40.0
1776886353.5651028,2.0,0.0,-39.0
1776886353.5751028,5.0,-6.0,-41.0
1776886353.5851028,2.0,-4.0,-40.0
1776886353.5951028,9.0,-3.0,-40.0
1776886353.6051028,5.0,-1.0,-38.0
1776886353.6151028,7.0,0.0,-36.0
1776886353.6251028,2.0,0.0,-35.0
1776886353.6351027,3.0,1.0,-33.0
1776886353.6451027,4.0,0.0,-33.0
1776886353.6551027,0.0,-1.0,-32.0
1776886353.6651027,-3.0,0.0,-34.0
1776886353.6751027,-5.0,0.0,-37.0
1776886353.6851027,-3.0,1.0,-40.0
1776886353.6951027,0.0,1.0,-41.0
1776886353.7051027,3.0,2.0,-49.0
1776886353.715103,4.0,4.0,-49.0
1776886353.725103,2.0,1.0,-50.0
1776886353.735103,1.0,0.0,-49.0
1776886353.7451026,0.0,0.0,-49.0
1776886353.7551026,-2.0,-2.0,-49.0
1776886353.7651026,0.0,-3.0,-43.0
1776886353.7751029,0.0,-2.0,-43.0
1776886353.7851028,-3.0,0.0,-50.0
1776886353.7951028,-4.0,-1.0,-48.0
1776886353.8051028,-3.0,-2.0,-40.0
1776886353.8151028,-4.0,-2.0,-43.0
1776886353.8251028,0.0,-3.0,-32.0
1776886353.8351028,0.0,0.0,-27.0
1776886353.8451028,0.0,3.0,-31.0
1776886353.8551028,1.0,3.0,-27.0
1776886353.8651028,2.0,7.0,-25.0
1776886353.8751028,2.0,9.0,-34.0
1776886353.8851027,1.0,6.0,-32.0
1776886353.8951027,1.0,3.0,-36.0
1776886353.9051027,2.0,0.0,-43.0
1776886353.9151027,0.0,0.0,-47.0
1776886353.9251027,0.0,4.0,-45.0
1776886353.9351027,-1.0,2.0,-42.0
1776886353.9451027,-2.0,-1.0,-38.0
1776886353.9551027,-3.0,-1.0,-41.0
1776886353.965103,-7.0,-2.0,-40.0
1776886353.975103,-5.0,-2.0,-44.0
1776886353.985103,-6.0,-1.0,-45.0
1776886353.9951026,2.0,-4.0,-41.0
1776886354.0051026,5.0,-3.0,-40.0
1776886354.0151026,3.0,-1.0,-45.0
1776886354.0251029,2.0,-4.0,-45.0
1776886354.0351028,0.0,-3.0,-48.0
1776886354.0451028,0.0,-2.0,-46.0
1776886354.0551028,-1.0,-7.0,-47.0
1776886354.0651028,-1.0,-7.0,-51.0
1776886354.0751028,-1.0,-9.0,-53.0
1776886354.0851028,1.0,-5.0,-46.0
1776886354.0951028,0.0,-6.0,-40.0
1776886354.1051028,-1.0,-4.0,-41.0
1776886354.1151028,-3.0,-6.0,-42.0
1776886354.1251028,-2.0,-5.0,-45.0
1776886354.1351027,-2.0,-6.0,-51.0
1776886354.1451027,-5.0,-7.0,-51.0
1776886354.1551027,-11.0,-10.0,-45.0
1776886354.1651027,-8.0,-6.0,-42.0
1776886354.1751027,-5.0,-3.0,-43.0
1776886354.1851027,-3.0,-6.0,-43.0
1776886354.1951027,-5.0,-4.0,-45.0
1776886354.2051027,-3.0,0.0,-41.0
1776886354.215103,-5.0,0.0,-40.0
1776886354.225103,-3.0,-2.0,-34.0
1776886354.235103,-2.0,1.0,-39.0
1776886354.2451026,0.0,-3.0,-43.0
1776886354.2551026,4.0,-2.0,-47.0
1776886354.2651026,2.0,-3.0,-47.0
1776886354.2751029,2.0,0.0,-46.0
1776886354.2851028,4.0,2.0,-42.0
1776886354.2951028,6.0,2.0,-41.0
1776886354.3051028,4.0,1.0,-44.0
1776886354.3151028,5.0,-1.0,-49.0
1776886354.3251028,6.0,-4.0,-52.0
1776886354.3351028,0.0,-1.0,-56.0
1776886354.3451028,-3.0,-1.0,-47.0
1776886354.3551028,-2.0,-6.0,-48.0
1776886354.3651028,-3.0,-6.0,-52.0
1776886354.3751028,1.0,-8.0,-55.0
1776886354.3851027,0.0,-12.0,-50.0
1776886354.3951027,1.0,-8.0,-46.0
1776886354.4051027,0.0,-10.0,-47.0
1776886354.4151027,2.0,-11.0,-50.0
1776886354.4251027,5.0,-9.0,-44.0
1776886354.4351027,3.0,-6.0,-43.0
1776886354.4451027,3.0,-8.0,-40.0
1776886354.4551027,5.0,-7.0,-40.0
1776886354.465103,4.0,-3.0,-37.0
1776886354.475103,2.0,-4.0,-39.0
1776886354.485103,0.0,-5.0,-39.0
1776886354.4951026,-5.0,-5.0,-41.0
1776886354.5051026,-1.0,-2.0,-44.0
1776886354.5151026,1.0,0.0,-36.0
1776886354.5251029,-5.0,3.0,-32.0
1776886354.5351028,0.0,2.0,-27.0
1776886354.5451028,-1.0,0.0,-33.0
1776886354.5551028,-4.0,0.0,-31.0
1776886354.5651028,-1.0,0.0,-33.0
1776886354.5751028,0.0,0.0,-41.0
1776886354.5851028,0.0,-2.0,-44.0
1776886354.5951028,0.0,0.0,-47.0
1776886354.6051028,2.0,0.0,-50.0
1776886354.6151028,5.0,1.0,-42.0
1776886354.6251028,0.0,5.0,-36.0
1776886354.6351027,1.0,6.0,-36.0
1776886354.6451027,1.0,5.0,-38.0
1776886354.6551027,1.0,3.0,-39.0
1776886354.6651027,-3.0,0.0,-36.0
1776886354.6751027,-5.0,-5.0,-40.0
1776886354.6851027,-3.0,-7.0,-45.0
1776886354.6951027,-3.0,-7.0,-45.0
1776886354.7051027,0.0,-9.0,-40.0
1776886354.715103,5.0,-12.0,-37.0
1776886354.725103,-1.0,-8.0,-35.0
1776886354.735103,-2.0,-4.0,-38.0
1776886354.7451026,-1.0,-3.0,-38.0
1776886354.7551026,-2.0,2.0,-45.0
1776886354.7651026,-3.0,0.0,-48.0
1776886354.7751029,-1.0,-1.0,-45.0
1776886354.7851028,0.0,-4.0,-41.0
1776886354.7951028,0.0,-3.0,-37.0
1776886354.8051028,0.0,-2.0,-33.0
1776886354.8151028,-2.0,-5.0,-38.0
1776886354.8251028,3.0,-8.0,-39.0
1776886354.8351028,4.0,-5.0,-36.0
1776886354.8451028,2.0,3.0,-35.0
1776886354.8551028,1.0,1.0,-27.0
1776886354.8651028,0.0,0.0,-31.0
1776886354.8751028,-1.0,3.0,-31.0
1776886354.8851027,0.0,4.0,-33.0
1776886354.8951027,2.0,7.0,-36.0
1776886354.9051027,0.0,4.0,-37.0
1776886354.9151027,2.0,2.0,-38.0
1776886354.9251027,1.0,2.0,-39.0
1776886354.9351027,1.0,0.0,-42.0
1776886354.9451027,7.0,-4.0,-51.0
1776886354.9551027,1.0,-6.0,-49.0
1776886354.965103,-3.0,-2.0,-46.0
1776886354.975103,-4.0,0.0,-42.0
1776886354.985103,-3.0,2.0,-44.0
1776886354.9951026,-2.0,3.0,-42.0
1776886355.0051026,-2.0,-1.0,-39.0
1776886355.0151026,-3.0,-1.0,-42.0
1776886355.0251029,-1.0,-3.0,-36.0
1776886355.0351028,0.0,-6.0,-34.0
1776886355.0451028,-2.0,-6.0,-29.0
1776886355.0551028,-5.0,-6.0,-29.0
1776886355.0651028,-5.0,-5.0,-31.0
1776886355.0751028,-5.0,-7.0,-39.0
1776886355.0851028,-3.0,-7.0,-47.0
1776886355.0951028,0.0,-3.0,-45.0
1776886355.1051028,2.0,-1.0,-42.0
1776886355.1151028,1.0,0.0,-43.0
1776886355.1251028,4.0,-1.0,-42.0
1776886355.1351027,0.0,-1.0,-37.0
1776886355.1451027,-2.0,-2.0,-38.0
1776886355.1551027,-4.0,0.0,-36.0
1776886355.1651027,-6.0,1.0,-37.0
1776886355.1751027,-4.0,1.0,-40.0
1776886355.1851027,0.0,-1.0,-42.0
1776886355.1951027,1.0,-3.0,-42.0
1776886355.2051027,4.0,-2.0,-43.0
1776886355.215103,6.0,0.0,-40.0
1776886355.225103,1.0,-1.0,-40.0
1776886355.235103,-2.0,-1.0,-38.0
1776886355.2451026,-4.0,0.0,-43.0
1776886355.2551026,-5.0,-4.0,-45.0
1776886355.2651026,-4.0,-8.0,-44.0
1776886355.2751029,-4.0,-8.0,-44.0
1776886355.2851028,-7.0,-4.0,-45.0
1776886355.2951028,-9.0,-5.0,-44.0
1776886355.3051028,-10.0,-2.0,-43.0
1776886355.3151028,-9.0,-4.0,-45.0
1776886355.3251028,-8.0,1.0,-41.0
1776886355.3351028,-7.0,3.0,-38.0
1776886355.3451028,-7.0,6.0,-47.0
1776886355.3551028,-4.0,3.0,-54.0
1776886355.3651028,-3.0,4.0,-54.0
1776886355.3751028,2.0,2.0,-59.0
1776886355.3851027,4.0,-2.0,-53.0
1776886355.3951027,0.0,-1.0,-49.0
1776886355.4051027,2.0,-3.0,-51.0
1776886355.4161026,1.0,-1.0,-50.0
1776886355.4251027,1.0,1.0,-46.0
1776886355.4361026,1.0,0.0,-45.0
1776886355.4461029,0.0,1.0,-46.0
1776886355.4561028,0.0,0.0,-47.0
1776886355.4661028,4.0,2.0,-49.0
1776886355.475103,4.0,4.0,-42.0
1776886355.4861028,4.0,3.0,-46.0
1776886355.4961028,2.0,-1.0,-42.0
1776886355.5061028,7.0,1.0,-37.0
1776886355.5161028,8.0,1.0,-41.0
1776886355.5261028,2.0,-1.0,-45.0
1776886355.5361028,1.0,0.0,-47.0
1776886355.5461028,-1.0,0.0,-42.0
1776886355.5561028,-3.0,0.0,-37.0
1776886355.5661027,-3.0,-2.0,-41.0
1776886355.5761027,-6.0,-2.0,-46.0
1776886355.5861027,-5.0,-2.0,-53.0
1776886355.5961027,-2.0,-2.0,-51.0
1776886355.6061027,-4.0,-2.0,-52.0
1776886355.6161027,-5.0,0.0,-48.0
1776886355.6261027,-5.0,-1.0,-43.0
1776886355.636103,-8.0,-2.0,-37.0
1776886355.646103,-5.0,0.0,-38.0
1776886355.656103,-4.0,4.0,-29.0
1776886355.6661026,0.0,3.0,-39.0
1776886355.6761026,0.0,3.0,-40.0
1776886355.6861026,1.0,2.0,-39.0
1776886355.6961029,2.0,0.0,-42.0
1776886355.7061028,0.0,0.0,-45.0
1776886355.7161028,-5.0,1.0,-36.0
1776886355.7261028,-2.0,1.0,-39.0
1776886355.7361028,-6.0,1.0,-45.0
1776886355.7461028,-6.0,0.0,-48.0
1776886355.7561028,-5.0,-1.0,-42.0
1776886355.7661028,-2.0,-3.0,-41.0
1776886355.7761028,4.0,-3.0,-46.0
1776886355.7861028,7.0,-1.0,-44.0
1776886355.7961028,8.0,0.0,-41.0
1776886355.8061028,8.0,-4.0,-40.0
1776886355.8161027,7.0,-6.0,-33.0
1776886355.8261027,10.0,-6.0,-37.0
1776886355.8361027,8.0,-2.0,-38.0
1776886355.8461027,7.0,-2.0,-36.0
1776886355.8561027,10.0,-4.0,-32.0
1776886355.8661027,9.0,-3.0,-34.0
1776886355.8761027,4.0,-2.0,-38.0
1776886355.886103,3.0,0.0,-37.0
1776886355.896103,2.0,7.0,-30.0
1776886355.906103,-2.0,9.0,-35.0
1776886355.9161026,-3.0,9.0,-29.0
1776886355.9261026,-3.0,5.0,-25.0
1776886355.9361026,1.0,3.0,-23.0
1776886355.9461029,1.0,4.0,-29.0
1776886355.9561028,3.0,4.0,-35.0
1776886355.9661028,6.0,5.0,-38.0
1776886355.9761028,7.0,2.0,-38.0
1776886355.9861028,7.0,0.0,-40.0
1776886355.9961028,2.0,-2.0,-41.0
1776886356.0061028,-3.0,-6.0,-52.0
1776886356.0161028,-4.0,-3.0,-49.0
1776886356.0261028,-3.0,-2.0,-44.0
1776886356.0361028,-4.0,-2.0,-43.0
1776886356.0461028,-6.0,-7.0,-42.0
1776886356.0561028,-3.0,-8.0,-49.0
1776886356.0661027,-2.0,-9.0,-37.0
1776886356.0761027,-4.0,-12.0,-34.0
1776886356.0861027,-4.0,-8.0,-39.0
1776886356.0961027,-4.0,-6.0,-42.0
1776886356.1061027,1.0,-5.0,-37.0
1776886356.1161027,-2.0,-3.0,-35.0
1776886356.1261027,-3.0,-6.0,-36.0
1776886356.136103,-3.0,-7.0,-40.0
1776886356.146103,-1.0,-4.0,-45.0
1776886356.156103,1.0,-3.0,-45.0
1776886356.1661026,7.0,-3.0,-42.0
1776886356.1761026,14.0,-4.0,-40.0
1776886356.1861026,11.0,0.0,-38.0
1776886356.1961029,7.0,1.0,-36.0
1776886356.2061028,11.0,1.0,-33.0
1776886356.2161028,12.0,3.0,-38.0
1776886356.2261028,7.0,2.0,-38.0
1776886356.2361028,10.0,0.0,-42.0
1776886356.2461028,8.0,0.0,-38.0
1776886356.2561028,4.0,0.0,-32.0
1776886356.2661028,5.0,-2.0,-34.0
1776886356.2761028,-1.0,-2.0,-33.0
1776886356.2861028,-1.0,0.0,-30.0
1776886356.2961028,0.0,0.0,-34.0
1776886356.3061028,0.0,0.0,-40.0
1776886356.3161027,3.0,-4.0,-39.0
1776886356.3261027,-4.0,-4.0,-41.0
1776886356.3361027,-5.0,-3.0,-35.0
1776886356.3461027,-5.0,0.0,-37.0
1776886356.3561027,-4.0,-1.0,-36.0
1776886356.3661027,-5.0,2.0,-30.0
1776886356.3761027,-3.0,0.0,-32.0
1776886356.386103,-3.0,-1.0,-37.0
1776886356.396103,-1.0,-6.0,-35.0
1776886356.406103,0.0,-11.0,-36.0
1776886356.4161026,-1.0,-10.0,-34.0
1776886356.4261026,0.0,-10.0,-29.0
1776886356.4361026,2.0,-7.0,-26.0
1776886356.4461029,3.0,-5.0,-32.0
1776886356.4561028,3.0,-5.0,-36.0
1776886356.4661028,3.0,-5.0,-43.0
1776886356.4761028,0.0,-5.0,-38.0
1776886356.4861028,-1.0,-7.0,-40.0
1776886356.4961028,-5.0,-4.0,-44.0
1776886356.5061028,-5.0,-4.0,-40.0
1776886356.5161028,-2.0,-3.0,-31.0
1776886356.5261028,2.0,-1.0,-34.0
1776886356.5361028,4.0,0.0,-41.0
1776886356.5461028,0.0,-2.0,-37.0
1776886356.5561028,0.0,0.0,-33.0
1776886356.5661027,-1.0,1.0,-32.0
1776886356.5761027,0.0,0.0,-27.0
1776886356.5861027,-1.0,0.0,-26.0
1776886356.5961027,-3.0,0.0,-32.0
1776886356.6061027,3.0,0.0,-31.0
1776886356.6161027,4.0,-2.0,-29.0
1776886356.6261027,8.0,0.0,-31.0
1776886356.636103,7.0,1.0,-30.0
1776886356.646103,3.0,0.0,-32.0
1776886356.656103,-1.0,3.0,-31.0
1776886356.6661026,-1.0,2.0,-31.0
1776886356.6761026,-1.0,1.0,-35.0
1776886356.6861026,-5.0,-2.0,-42.0
1776886356.6961029,-4.0,1.0,-47.0
1776886356.7061028,-3.0,3.0,-39.0
1776886356.7161028,0.0,3.0,-38.0
1776886356.7261028,1.0,0.0,-41.0
1776886356.7361028,-1.0,0.0,-38.0
1776886356.7461028,-2.0,3.0,-52.0
1776886356.7561028,-1.0,6.0,-51.0
1776886356.7661028,1.0,4.0,-53.0
1776886356.7761028,1.0,0.0,-47.0
1776886356.7861028,0.0,1.0,-42.0
1776886356.7961028,-3.0,2.0,-40.0
1776886356.8061028,-3.0,-1.0,-35.0
1776886356.8161027,-2.0,-4.0,-38.0
1776886356.8261027,4.0,-4.0,-42.0
1776886356.8361027,5.0,-3.0,-41.0
1776886356.8461027,0.0,-1.0,-42.0
1776886356.8561027,2.0,-5.0,-44.0
1776886356.8661027,6.0,-5.0,-42.0
1776886356.8761027,8.0,-1.0,-42.0
1776886356.886103,6.0,4.0,-41.0
1776886356.896103,5.0,0.0,-42.0
1776886356.906103,5.0,-2.0,-42.0
1776886356.9161026,9.0,-4.0,-44.0
1776886356.9261026,8.0,-6.0,-48.0
1776886356.9361026,9.0,0.0,-47.0
1776886356.9461029,10.0,1.0,-41.0
1776886356.9561028,9.0,0.0,-36.0
1776886356.9661028,11.0,0.0,-34.0
1776886356.9761028,9.0,-2.0,-32.0
1776886356.9861028,4.0,-1.0,-30.0
1776886356.9961028,8.0,-3.0,-30.0
1776886357.0061028,3.0,-6.0,-33.0
1776886357.0161028,0.0,-3.0,-37.0
1776886357.0261028,2.0,-2.0,-38.0
1776886357.0361028,4.0,-2.0,-40.0
1776886357.0461028,5.0,-5.0,-45.0
1776886357.0561028,3.0,0.0,-41.0
1776886357.0661027,0.0,-2.0,-27.0
1776886357.0761027,1.0,-3.0,-20.0
1776886357.0861027,0.0,-2.0,-25.0
1776886357.0961027,0.0,0.0,-27.0
1776886357.1061027,0.0,0.0,-29.0
1776886357.1161027,0.0,0.0,-37.0
1776886357.1261027,-5.0,-2.0,-37.0
1776886357.136103,-4.0,-2.0,-37.0
1776886357.146103,-2.0,-4.0,-41.0
1776886357.156103,-2.0,-4.0,-35.0
1776886357.1661026,-4.0,-6.0,-39.0
1776886357.1761026,-1.0,-7.0,-35.0
1776886357.1861026,-1.0,-7.0,-35.0
1776886357.1961029,-4.0,-8.0,-36.0
1776886357.2061028,0.0,-6.0,-32.0
1776886357.2161028,0.0,-7.0,-29.0
1776886357.2261028,-1.0,-4.0,-24.0
1776886357.2361028,0.0,-4.0,-25.0
1776886357.2461028,0.0,-4.0,-34.0
1776886357.2561028,0.0,0.0,-37.0
1776886357.2661028,-3.0,-2.0,-34.0
1776886357.2761028,-6.0,0.0,-35.0
1776886357.2861028,-5.0,3.0,-38.0
1776886357.2961028,-5.0,4.0,-36.0
1776886357.3061028,-1.0,3.0,-35.0
1776886357.3161027,0.0,1.0,-43.0
1776886357.3261027,0.0,-1.0,-45.0
1776886357.3361027,1.0,-3.0,-39.0
1776886357.3461027,3.0,-1.0,-36.0
1776886357.3561027,6.0,0.0,-33.0
1776886357.3661027,7.0,-4.0,-27.0
1776886357.3761027,3.0,-3.0,-31.0
1776886357.386103,2.0,-3.0,-36.0
1776886357.396103,2.0,0.0,-34.0
1776886357.4071028,-3.0,-4.0,-33.0
1776886357.4161026,-4.0,-5.0,-32.0
1776886357.4271028,0.0,-4.0,-34.0
1776886357.4361026,0.0,-7.0,-38.0
1776886357.4471028,3.0,-4.0,-38.0
1776886357.4571028,0.0,-2.0,-39.0
1776886357.4671028,5.0,-3.0,-45.0
1776886357.4771028,9.0,0.0,-41.0
1776886357.4871027,11.0,-2.0,-40.0
1776886357.4971027,8.0,-1.0,-35.0
1776886357.5071027,6.0,-4.0,-33.0
1776886357.5171027,5.0,-3.0,-36.0
1776886357.5271027,0.0,-2.0,-39.0
1776886357.5371027,0.0,0.0,-39.0
1776886357.5471027,1.0,3.0,-46.0
1776886357.557103,2.0,0.0,-48.0
1776886357.567103,5.0,-1.0,-47.0
1776886357.577103,4.0,-2.0,-42.0
1776886357.587103,5.0,0.0,-40.0
1776886357.5971026,1.0,3.0,-39.0
1776886357.6071026,0.0,9.0,-40.0
1776886357.6171026,0.0,6.0,-42.0
1776886357.6271029,0.0,6.0,-44.0
1776886357.6371028,0.0,3.0,-41.0
1776886357.6471028,1.0,0.0,-37.0
1776886357.6571028,0.0,0.0,-29.0
1776886357.6671028,1.0,-3.0,-35.0
1776886357.6771028,-3.0,-4.0,-40.0
1776886357.6871028,0.0,-6.0,-42.0
1776886357.6971028,8.0,-3.0,-53.0
1776886357.7071028,7.0,0.0,-51.0
1776886357.7171028,6.0,0.0,-42.0
1776886357.7271028,10.0,0.0,-41.0
1776886357.7371027,5.0,0.0,-36.0
1776886357.7471027,3.0,-3.0,-31.0
1776886357.7571027,3.0,0.0,-33.0
1776886357.7671027,7.0,0.0,-32.0
1776886357.7771027,5.0,-2.0,-35.0
1776886357.7871027,7.0,-1.0,-39.0
1776886357.7971027,6.0,0.0,-38.0
1776886357.807103,1.0,0.0,-40.0
1776886357.817103,2.0,0.0,-42.0
1776886357.827103,6.0,3.0,-41.0
1776886357.837103,0.0,0.0,-41.0
1776886357.8471026,0.0,0.0,-43.0
1776886357.8571026,3.0,0.0,-39.0
1776886357.8671026,5.0,0.0,-35.0
1776886357.8771029,2.0,-2.0,-40.0
1776886357.8871028,0.0,-1.0,-42.0
1776886357.8971028,0.0,-1.0,-40.0
1776886357.9071028,0.0,-2.0,-42.0
1776886357.9171028,-1.0,-4.0,-41.0
1776886357.9271028,-3.0,-2.0,-41.0
1776886357.9371028,-6.0,-2.0,-37.0
1776886357.9471028,-7.0,-7.0,-42.0
1776886357.9571028,-5.0,-9.0,-35.0
1776886357.9671028,-3.0,-7.0,-40.0
1776886357.9771028,-4.0,-8.0,-41.0
1776886357.9871027,-3.0,-5.0,-40.0
1776886357.9971027,0.0,-1.0,-41.0
1776886358.0071027,2.0,0.0,-37.0
1776886358.0171027,5.0,1.0,-36.0
1776886358.0271027,5.0,4.0,-41.0
1776886358.0371027,4.0,1.0,-43.0
1776886358.0471027,2.0,3.0,-40.0
1776886358.057103,0.0,0.0,-32.0
1776886358.067103,-2.0,-4.0,-39.0
1776886358.077103,0.0,-5.0,-36.0
1776886358.087103,-1.0,-4.0,-41.0
1776886358.0971026,0.0,-4.0,-42.0
1776886358.1071026,0.0,-2.0,-41.0
1776886358.1171026,-1.0,-1.0,-36.0
1776886358.1271029,3.0,-1.0,-36.0
1776886358.1371028,6.0,-2.0,-46.0
1776886358.1471028,9.0,0.0,-41.0
1776886358.1571028,10.0,1.0,-36.0
1776886358.1671028,4.0,1.0,-39.0
1776886358.1771028,2.0,3.0,-40.0
1776886358.1871028,7.0,4.0,-43.0
1776886358.1971028,3.0,3.0,-44.0
1776886358.2071028,0.0,1.0,-36.0
1776886358.2171028,-3.0,4.0,-34.0
1776886358.2271028,0.0,1.0,-33.0
1776886358.2371027,-1.0,0.0,-34.0
1776886358.2471027,-2.0,0.0,-36.0
1776886358.2571027,2.0,0.0,-37.0
1776886358.2671027,0.0,0.0,-35.0
1776886358.2771027,0.0,3.0,-36.0
1776886358.2871027,1.0,2.0,-38.0
1776886358.2971027,3.0,3.0,-41.0
1776886358.307103,2.0,3.0,-44.0
1776886358.317103,3.0,5.0,-48.0
1776886358.327103,4.0,8.0,-46.0
1776886358.337103,6.0,2.0,-43.0
1776886358.3471026,3.0,-2.0,-40.0
1776886358.3571026,5.0,-6.0,-39.0
1776886358.3671026,2.0,-8.0,-41.0
1776886358.3771029,5.0,-5.0,-42.0
1776886358.3871028,3.0,-4.0,-36.0
1776886358.3971028,0.0,-2.0,-35.0
1776886358.4071028,1.0,-4.0,-37.0
1776886358.4171028,0.0,-4.0,-37.0
1776886358.4271028,-2.0,-4.0,-35.0
1776886358.4371028,-4.0,-2.0,-38.0
1776886358.4471028,-1.0,-2.0,-40.0
1776886358.4571028,0.0,0.0,-38.0
1776886358.4671028,-1.0,3.0,-32.0
1776886358.4771028,-1.0,7.0,-29.0
1776886358.4871027,-2.0,7.0,-29.0
1776886358.4971027,-1.0,4.0,-33.0
1776886358.5071027,1.0,-1.0,-39.0
1776886358.5171027,-2.0,-2.0,-44.0
1776886358.5271027,-1.0,-1.0,-49.0
1776886358.5371027,0.0,-4.0,-45.0
1776886358.5471027,1.0,-4.0,-39.0
1776886358.557103,3.0,-4.0,-33.0
1776886358.567103,8.0,-5.0,-30.0
1776886358.577103,7.0,-7.0,-29.0
1776886358.587103,1.0,-5.0,-35.0
1776886358.5971026,1.0,0.0,-41.0
1776886358.6071026,0.0,3.0,-40.0
1776886358.6171026,3.0,0.0,-36.0
1776886358.6271029,3.0,-1.0,-37.0
1776886358.6371028,-1.0,-1.0,-30.0
1776886358.6471028,-6.0,-2.0,-32.0
1776886358.6571028,-1.0,0.0,-26.0
1776886358.6671028,1.0,-1.0,-35.0
1776886358.6771028,4.0,0.0,-35.0
1776886358.6871028,2.0,-2.0,-29.0
1776886358.6971028,-2.0,1.0,-31.0
1776886358.7071028,-1.0,0.0,-33.0
1776886358.7171028,2.0,-1.0,-37.0
1776886358.7271028,0.0,-5.0,-40.0
1776886358.7371027,0.0,-6.0,-35.0
1776886358.7471027,-2.0,-7.0,-35.0
1776886358.7571027,-1.0,-8.0,-41.0
1776886358.7671027,0.0,-7.0,-43.0
1776886358.7771027,0.0,-5.0,-37.0
1776886358.7871027,-4.0,-7.0,-35.0
1776886358.7971027,-2.0,-7.0,-32.0
1776886358.807103,0.0,-7.0,-35.0
1776886358.817103,-3.0,-3.0,-38.0
1776886358.827103,-3.0,-2.0,-42.0
1776886358.837103,-6.0,-1.0,-39.0
1776886358.8471026,-4.0,-2.0,-42.0
1776886358.8571026,-1.0,0.0,-43.0
1776886358.8671026,1.0,-3.0,-42.0
1776886358.8771029,5.0,-5.0,-34.0
1776886358.8871028,2.0,-5.0,-30.0
1776886358.8971028,2.0,-6.0,-31.0
1776886358.9071028,1.0,-4.0,-31.0
1776886358.9171028,1.0,-1.0,-34.0
1776886358.9271028,0.0,0.0,-37.0
1776886358.9371028,-4.0,1.0,-37.0
1776886358.9471028,2.0,3.0,-35.0
1776886358.9571028,5.0,5.0,-39.0
1776886358.9671028,0.0,8.0,-39.0
1776886358.9771028,0.0,6.0,-37.0
1776886358.9871027,1.0,7.0,-37.0
1776886358.9971027,3.0,10.0,-32.0
1776886359.0071027,6.0,11.0,-36.0
1776886359.0171027,5.0,6.0,-36.0
1776886359.0271027,5.0,3.0,-38.0
1776886359.0371027,5.0,4.0,-44.0
1776886359.0471027,5.0,2.0,-48.0
1776886359.057103,0.0,-6.0,-44.0
1776886359.067103,2.0,-6.0,-44.0
1776886359.077103,3.0,-4.0,-44.0
1776886359.087103,2.0,-5.0,-39.0
1776886359.0971026,4.0,-2.0,-41.0
1776886359.1071026,5.0,-3.0,-39.0
1776886359.1171026,2.0,-1.0,-41.0
1776886359.1271029,1.0,4.0,-47.0
1776886359.1371028,-2.0,0.0,-49.0
1776886359.1471028,-3.0,0.0,-50.0
1776886359.1571028,-4.0,0.0,-48.0
1776886359.1671028,-5.0,3.0,-47.0
1776886359.1771028,-2.0,0.0,-47.0
1776886359.1871028,1.0,0.0,-46.0
1776886359.1971028,0.0,-1.0,-37.0
1776886359.2071028,1.0,-4.0,-35.0
1776886359.2171028,1.0,-6.0,-31.0
1776886359.2271028,1.0,-3.0,-38.0
1776886359.2371027,2.0,-1.0,-40.0
1776886359.2471027,-2.0,1.0,-42.0
1776886359.2571027,-4.0,1.0,-44.0
1776886359.2671027,-4.0,2.0,-42.0
1776886359.2771027,2.0,-1.0,-33.0
1776886359.2871027,4.0,-2.0,-35.0
1776886359.2971027,4.0,-3.0,-44.0
1776886359.307103,3.0,0.0,-44.0
1776886359.317103,4.0,0.0,-47.0
1776886359.327103,6.0,0.0,-49.0
1776886359.337103,8.0,0.0,-37.0
1776886359.3471026,11.0,-3.0,-35.0
1776886359.3571026,9.0,-3.0,-39.0
1776886359.3671026,10.0,-3.0,-40.0
1776886359.3771029,8.0,-8.0,-43.0
1776886359.3871028,7.0,-8.0,-48.0
1776886359.3971028,3.0,-3.0,-48.0
1776886359.4071028,6.0,-11.0,-46.0
1776886359.4181027,3.0,-9.0,-42.0
1776886359.4281027,3.0,-4.0,-32.0
1776886359.4381027,3.0,-5.0,-35.0
1776886359.4481027,2.0,-1.0,-35.0
1776886359.4581027,0.0,-2.0,-27.0
1776886359.4681027,0.0,0.0,-30.0
1776886359.4781027,0.0,-3.0,-34.0
1776886359.488103,1.0,-2.0,-34.0
1776886359.498103,4.0,-1.0,-31.0
1776886359.508103,5.0,0.0,-37.0
1776886359.5181026,5.0,0.0,-36.0
1776886359.5281026,0.0,-1.0,-40.0
1776886359.5381026,0.0,-1.0,-35.0
1776886359.5481029,-1.0,1.0,-26.0
1776886359.5581028,0.0,2.0,-29.0
1776886359.5681028,2.0,5.0,-30.0
1776886359.5781028,2.0,2.0,-24.0
1776886359.5881028,5.0,1.0,-29.0
1776886359.5981028,6.0,0.0,-32.0
1776886359.6081028,3.0,-1.0,-36.0
1776886359.6181028,2.0,-2.0,-38.0
1776886359.6281028,3.0,0.0,-37.0
1776886359.6381028,0.0,-3.0,-36.0
1776886359.6481028,0.0,-7.0,-30.0
1776886359.6581028,-6.0,-10.0,-31.0
1776886359.6681027,-7.0,-6.0,-27.0
1776886359.6781027,-10.0,-2.0,-26.0
1776886359.6881027,-9.0,-2.0,-31.0
1776886359.6981027,-3.0,-2.0,-34.0
1776886359.7081027,1.0,-3.0,-37.0
1776886359.7181027,1.0,-2.0,-34.0
1776886359.7281027,3.0,-4.0,-33.0
1776886359.738103,5.0,-3.0,-32.0
1776886359.748103,6.0,1.0,-27.0
1776886359.758103,0.0,-1.0,-29.0
1776886359.7681026,2.0,-2.0,-31.0
1776886359.7781026,2.0,0.0,-27.0
1776886359.7881026,0.0,2.0,-30.0
1776886359.7981029,-2.0,0.0,-36.0
1776886359.8081028,-3.0,0.0,-41.0
1776886359.8181028,-4.0,1.0,-42.0
1776886359.8281028,-6.0,6.0,-43.0
1776886359.8381028,-5.0,3.0,-45.0
1776886359.8481028,-6.0,3.0,-49.0
1776886359.8581028,-7.0,-4.0,-42.0
1776886359.8681028,-5.0,-3.0,-42.0
1776886359.8781028,-2.0,-5.0,-38.0
1776886359.8881028,1.0,-6.0,-36.0
1776886359.8981028,0.0,-5.0,-33.0
1776886359.9081028,1.0,-6.0,-34.0
1776886359.9181027,-1.0,-6.0,-27.0
1776886359.9281027,-5.0,-4.0,-27.0
1776886359.9381027,2.0,-2.0,-27.0
1776886359.9481027,0.0,-2.0,-28.0
1776886359.9581027,0.0,-2.0,-32.0
1776886359.9681027,-5.0,0.0,-38.0
1776886359.9781027,-5.0,2.0,-44.0
1776886359.988103,-3.0,0.0,-41.0
1776886359.998103,0.0,4.0,-39.0
1776886360.008103,4.0,5.0,-41.0
1776886360.0181026,1.0,9.0,-33.0
1776886360.0281026,2.0,6.0,-35.0
1776886360.0381026,0.0,7.0,-40.0
1776886360.0481029,-2.0,3.0,-42.0
1776886360.0581028,-4.0,-3.0,-43.0
1776886360.0681028,0.0,-4.0,-47.0
1776886360.0781028,3.0,-4.0,-41.0
1776886360.0881028,4.0,0.0,-37.0
1776886360.0981028,0.0,0.0,-36.0
1776886360.1081028,-1.0,-1.0,-44.0
1776886360.1181028,0.0,-3.0,-42.0
1776886360.1281028,-1.0,-2.0,-45.0
1776886360.1381028,-5.0,-2.0,-53.0
1776886360.1481028,-2.0,-2.0,-52.0
1776886360.1581028,0.0,-4.0,-43.0
1776886360.1681027,-2.0,-6.0,-38.0
1776886360.1781027,-1.0,-3.0,-39.0
1776886360.1881027,-4.0,-4.0,-34.0
1776886360.1981027,-4.0,-2.0,-36.0
1776886360.2081027,-1.0,-4.0,-36.0
1776886360.2181027,0.0,-3.0,-37.0
1776886360.2281027,1.0,0.0,-41.0
1776886360.238103,0.0,-1.0,-50.0
1776886360.248103,0.0,2.0,-42.0
1776886360.258103,0.0,3.0,-41.0
1776886360.2681026,-3.0,2.0,-37.0
1776886360.2781026,-7.0,2.0,-27.0
1776886360.2881026,-5.0,0.0,-27.0
1776886360.2981029,0.0,2.0,-29.0
1776886360.3081028,-1.0,4.0,-26.0
1776886360.3181028,0.0,0.0,-25.0
1776886360.3281028,6.0,-4.0,-29.0
1776886360.3381028,4.0,-8.0,-34.0
1776886360.3481028,2.0,-3.0,-39.0
1776886360.3581028,4.0,-3.0,-46.0
1776886360.3681028,4.0,-6.0,-50.0
1776886360.3781028,4.0,-7.0,-45.0
1776886360.3881028,5.0,-6.0,-41.0
1776886360.3981028,7.0,-7.0,-36.0
1776886360.4081028,9.0,-4.0,-40.0
1776886360.4181027,10.0,-4.0,-40.0
1776886360.4281027,6.0,-2.0,-45.0
1776886360.4381027,2.0,-2.0,-37.0
1776886360.4481027,4.0,0.0,-39.0
1776886360.4581027,5.0,-3.0,-42.0
1776886360.4681027,9.0,-1.0,-48.0
1776886360.4781027,9.0,-1.0,-38.0
1776886360.488103,5.0,0.0,-37.0
1776886360.498103,0.0,0.0,-35.0
1776886360.508103,0.0,1.0,-35.0
1776886360.5181026,1.0,0.0,-27.0
1776886360.5281026,0.0,-1.0,-29.0
1776886360.5381026,7.0,-4.0,-31.0
1776886360.5481029,8.0,0.0,-36.0
1776886360.5581028,5.0,1.0,-41.0
1776886360.5681028,0.0,3.0,-35.0
1776886360.5781028,2.0,1.0,-29.0
1776886360.5881028,5.0,0.0,-30.0
1776886360.5981028,4.0,-1.0,-37.0
1776886360.6081028,4.0,1.0,-36.0
1776886360.6181028,2.0,5.0,-37.0
1776886360.6281028,-3.0,2.0,-34.0
1776886360.6381028,-2.0,-3.0,-35.0
1776886360.6481028,1.0,-2.0,-39.0
1776886360.6581028,-5.0,0.0,-38.0
1776886360.6681027,-7.0,-4.0,-44.0
1776886360.6781027,-5.0,-4.0,-43.0
1776886360.6881027,-4.0,0.0,-40.0
1776886360.6981027,-1.0,-2.0,-34.0
1776886360.7081027,-3.0,-1.0,-36.0
1776886360.7181027,-3.0,-2.0,-39.0
1776886360.7281027,-7.0,-3.0,-38.0
1776886360.738103,-1.0,-1.0,-34.0
1776886360.748103,0.0,0.0,-37.0
1776886360.758103,3.0,2.0,-34.0
1776886360.7681026,2.0,3.0,-37.0
1776886360.7781026,5.0,0.0,-46.0
1776886360.7881026,4.0,0.0,-47.0
1776886360.7981029,4.0,2.0,-49.0
1776886360.8081028,1.0,4.0,-49.0
1776886360.8181028,0.0,6.0,-51.0
1776886360.8281028,0.0,5.0,-46.0
1776886360.8381028,-1.0,4.0,-41.0
1776886360.8481028,-4.0,-1.0,-41.0
1776886360.8581028,-1.0,-2.0,-42.0
1776886360.8681028,0.0,-1.0,-43.0
1776886360.8781028,1.0,0.0,-38.0
1776886360.8881028,0.0,-1.0,-36.0
1776886360.8981028,-2.0,2.0,-41.0
1776886360.9081028,-2.0,0.0,-42.0
1776886360.9181027,0.0,-2.0,-37.0
1776886360.9281027,3.0,1.0,-32.0
1776886360.9381027,2.0,0.0,-38.0
1776886360.9481027,2.0,-4.0,-47.0
1776886360.9581027,6.0,-2.0,-47.0
1776886360.9681027,7.0,-6.0,-33.0
1776886360.9781027,4.0,-5.0,-31.0
1776886360.988103,1.0,-3.0,-31.0
1776886360.998103,3.0,-3.0,-27.0
1776886361.008103,1.0,0.0,-27.0
1776886361.0181026,0.0,6.0,-33.0
1776886361.0281026,0.0,6.0,-39.0
1776886361.0381026,1.0,6.0,-39.0
1776886361.0481029,2.0,3.0,-41.0
1776886361.0581028,3.0,0.0,-40.0
1776886361.0681028,7.0,0.0,-37.0
1776886361.0781028,4.0,-6.0,-45.0
1776886361.0881028,0.0,-5.0,-43.0
1776886361.0981028,0.0,-2.0,-44.0
1776886361.1081028,0.0,-2.0,-46.0
1776886361.1181028,-2.0,0.0,-45.0
1776886361.1281028,-1.0,2.0,-44.0
1776886361.1381028,-2.0,2.0,-47.0
1776886361.1481028,0.0,6.0,-46.0
1776886361.1581028,1.0,4.0,-45.0
1776886361.1681027,0.0,2.0,-39.0
1776886361.1781027,-3.0,-1.0,-39.0
1776886361.1881027,-2.0,0.0,-39.0
1776886361.1981027,1.0,-2.0,-35.0
1776886361.2081027,7.0,-6.0,-35.0
1776886361.2181027,4.0,-7.0,-33.0
1776886361.2281027,3.0,-3.0,-36.0
1776886361.238103,0.0,0.0,-40.0
1776886361.248103,0.0,-2.0,-48.0
1776886361.258103,1.0,-3.0,-41.0
1776886361.2681026,0.0,-5.0,-36.0
1776886361.2781026,3.0,-1.0,-35.0
1776886361.2881026,8.0,-4.0,-37.0
1776886361.2981029,4.0,-4.0,-36.0
1776886361.3081028,8.0,-10.0,-31.0
1776886361.3181028,11.0,-7.0,-30.0
1776886361.3281028,8.0,-5.0,-24.0
1776886361.3381028,4.0,0.0,-39.0
1776886361.3481028,3.0,-2.0,-38.0
1776886361.3581028,2.0,-5.0,-40.0
1776886361.3681028,4.0,-4.0,-41.0
1776886361.3781028,1.0,-3.0,-43.0
1776886361.3881028,3.0,0.0,-43.0
1776886361.3981028,2.0,-2.0,-43.0
1776886361.409103,4.0,-4.0,-43.0
1776886361.419103,0.0,-2.0,-43.0
1776886361.4281027,0.0,-2.0,-39.0
1776886361.4391026,0.0,0.0,-38.0
1776886361.4491026,3.0,-3.0,-39.0
1776886361.4591026,5.0,-2.0,-36.0
1776886361.4691026,6.0,-1.0,-40.0
1776886361.4791028,2.0,-7.0,-38.0
1776886361.4891028,-1.0,-4.0,-38.0
1776886361.4991028,1.0,0.0,-39.0
1776886361.5091028,7.0,-2.0,-42.0
1776886361.5191028,9.0,-1.0,-49.0
1776886361.5291028,13.0,-2.0,-47.0
1776886361.5391028,10.0,-3.0,-38.0
1776886361.5491028,7.0,-5.0,-37.0
1776886361.5591028,2.0,-2.0,-29.0
1776886361.5691028,3.0,0.0,-33.0
1776886361.5791028,1.0,0.0,-31.0
1776886361.5891027,8.0,2.0,-28.0
1776886361.5991027,4.0,0.0,-32.0
1776886361.6091027,0.0,-4.0,-28.0
1776886361.6201026,-2.0,-3.0,-37.0
1776886361.6291027,-3.0,-3.0,-42.0
1776886361.6391027,-4.0,-7.0,-37.0
1776886361.6491027,-9.0,-10.0,-39.0
1776886361.659103,-10.0,-4.0,-40.0
1776886361.669103,-5.0,2.0,-41.0
1776886361.679103,-4.0,2.0,-39.0
1776886361.6891026,-2.0,3.0,-34.0
1776886361.6991026,-1.0,1.0,-29.0
1776886361.7091026,0.0,0.0,-30.0
1776886361.7191026,1.0,2.0,-33.0
1776886361.7291028,1.0,3.0,-34.0
1776886361.7391028,2.0,3.0,-32.0
1776886361.7491028,1.0,1.0,-30.0
1776886361.7591028,-1.0,0.0,-34.0
1776886361.7691028,-1.0,1.0,-36.0
1776886361.7791028,-4.0,5.0,-32.0
1776886361.7891028,0.0,3.0,-41.0
1776886361.7991028,4.0,4.0,-43.0
1776886361.8091028,4.0,0.0,-38.0
1776886361.8191028,8.0,-1.0,-37.0
1776886361.8291028,7.0,0.0,-39.0
1776886361.8391027,13.0,0.0,-40.0
1776886361.8491027,7.0,1.0,-36.0
1776886361.8591027,6.0,-1.0,-39.0
1776886361.8691027,5.0,-3.0,-43.0
1776886361.8791027,7.0,-5.0,-41.0
1776886361.8891027,6.0,-4.0,-41.0
1776886361.8991027,3.0,-4.0,-45.0
1776886361.909103,0.0,-4.0,-47.0
1776886361.919103,-2.0,-4.0,-43.0
1776886361.929103,-2.0,-2.0,-47.0
1776886361.9391026,-3.0,-5.0,-47.0
1776886361.9491026,-3.0,-5.0,-50.0
1776886361.9591026,0.0,-1.0,-36.0
1776886361.9691026,1.0,1.0,-33.0
1776886361.9791028,-1.0,2.0,-33.0
1776886361.9891028,-1.0,4.0,-36.0
1776886361.9991028,-1.0,4.0,-43.0
1776886362.0091028,-2.0,4.0,-39.0
1776886362.0191028,-5.0,2.0,-41.0
1776886362.0291028,-6.0,2.0,-43.0
1776886362.0391028,-10.0,2.0,-40.0
1776886362.0491028,-11.0,2.0,-34.0
1776886362.0591028,-11.0,2.0,-29.0
1776886362.0691028,-9.0,2.0,-24.0
1776886362.0791028,-4.0,-1.0,-21.0
1776886362.0891027,-2.0,-3.0,-23.0
1776886362.0991027,-4.0,-3.0,-30.0
1776886362.1091027,-4.0,-1.0,-36.0
1776886362.1191027,-5.0,-5.0,-34.0
1776886362.1291027,-5.0,-5.0,-36.0
1776886362.1391027,-3.0,-1.0,-34.0
1776886362.1491027,-2.0,-4.0,-31.0
1776886362.159103,0.0,-7.0,-24.0
1776886362.169103,3.0,-4.0,-23.0
1776886362.179103,4.0,-2.0,-31.0
1776886362.1891026,2.0,0.0,-34.0
1776886362.1991026,0.0,0.0,-33.0
1776886362.2091026,6.0,5.0,-33.0
1776886362.2191026,6.0,3.0,-38.0
1776886362.2291028,4.0,4.0,-37.0
1776886362.2391028,0.0,5.0,-35.0
1776886362.2491028,0.0,1.0,-31.0
1776886362.2591028,-8.0,0.0,-26.0
1776886362.2691028,-9.0,0.0,-29.0
1776886362.2791028,-3.0,0.0,-36.0
1776886362.2891028,-4.0,1.0,-33.0
1776886362.2991028,-2.0,-1.0,-35.0
1776886362.3091028,-3.0,0.0,-43.0
1776886362.3191028,0.0,1.0,-47.0
1776886362.3291028,0.0,4.0,-45.0
1776886362.3391027,0.0,3.0,-48.0
1776886362.3491027,2.0,3.0,-49.0
1776886362.3591027,0.0,0.0,-43.0
1776886362.3691027,-4.0,1.0,-45.0
1776886362.3791027,1.0,-1.0,-44.0
1776886362.3891027,0.0,-2.0,-40.0
1776886362.3991027,5.0,0.0,-45.0
1776886362.409103,5.0,-2.0,-45.0
1776886362.419103,10.0,-5.0,-42.0
1776886362.429103,8.0,-6.0,-40.0
1776886362.4391026,8.0,-9.0,-40.0
1776886362.4491026,7.0,-7.0,-46.0
1776886362.4591026,6.0,-4.0,-50.0
1776886362.4691026,4.0,-6.0,-43.0
1776886362.4791028,4.0,-5.0,-53.0
1776886362.4891028,2.0,-5.0,-46.0
1776886362.4991028,4.0,-8.0,-40.0
1776886362.5091028,2.0,-3.0,-40.0
1776886362.5191028,6.0,-1.0,-43.0
1776886362.5291028,8.0,1.0,-41.0
1776886362.5391028,7.0,1.0,-37.0
1776886362.5491028,5.0,0.0,-37.0
1776886362.5591028,8.0,-1.0,-35.0
1776886362.5691028,7.0,5.0,-31.0
1776886362.5791028,2.0,3.0,-33.0
1776886362.5891027,1.0,0.0,-33.0
1776886362.5991027,0.0,-1.0,-35.0
1776886362.6091027,2.0,-1.0,-39.0
1776886362.6191027,0.0,-2.0,-40.0
1776886362.6291027,1.0,-1.0,-41.0
1776886362.6391027,3.0,-4.0,-39.0
1776886362.6491027,3.0,-2.0,-36.0
1776886362.659103,1.0,-1.0,-39.0
1776886362.669103,0.0,0.0,-42.0
1776886362.679103,-1.0,0.0,-37.0
1776886362.6891026,0.0,0.0,-36.0
1776886362.6991026,-7.0,-2.0,-37.0
1776886362.7091026,-6.0,0.0,-39.0
1776886362.7191026,-1.0,2.0,-41.0
1776886362.7291028,0.0,2.0,-45.0
1776886362.7391028,3.0,3.0,-43.0
1776886362.7491028,5.0,2.0,-43.0
1776886362.7591028,1.0,3.0,-38.0
1776886362.7691028,0.0,2.0,-35.0
1776886362.7791028,5.0,3.0,-36.0
1776886362.7891028,6.0,2.0,-30.0
1776886362.7991028,5.0,1.0,-35.0
1776886362.8091028,3.0,0.0,-35.0
1776886362.8191028,0.0,-4.0,-29.0
1776886362.8291028,2.0,-2.0,-31.0
1776886362.8391027,-3.0,0.0,-37.0
1776886362.8491027,0.0,0.0,-39.0
1776886362.8591027,-1.0,0.0,-40.0
1776886362.8691027,0.0,0.0,-44.0
1776886362.8791027,0.0,1.0,-51.0
1776886362.8891027,2.0,1.0,-52.0
1776886362.8991027,5.0,0.0,-53.0
1776886362.909103,7.0,1.0,-52.0
1776886362.919103,3.0,0.0,-46.0
1776886362.929103,0.0,3.0,-43.0
1776886362.9391026,1.0,0.0,-44.0
1776886362.9491026,-3.0,0.0,-40.0
1776886362.9591026,-5.0,0.0,-35.0
1776886362.9691026,-3.0,2.0,-36.0
1776886362.9791028,-3.0,2.0,-32.0
1776886362.9891028,1.0,0.0,-37.0
1776886362.9991028,-1.0,0.0,-34.0
1776886363.0091028,-1.0,0.0,-24.0
1776886363.0191028,-4.0,0.0,-23.0
1776886363.0291028,-5.0,4.0,-17.0
1776886363.0391028,-2.0,5.0,-26.0
1776886363.0491028,1.0,4.0,-35.0
1776886363.0591028,2.0,3.0,-35.0
1776886363.0691028,2.0,0.0,-32.0
1776886363.0791028,2.0,1.0,-35.0
1776886363.0891027,0.0,0.0,-32.0
1776886363.0991027,0.0,-3.0,-31.0
1776886363.1091027,-3.0,-4.0,-34.0
1776886363.1191027,-4.0,1.0,-41.0
1776886363.1291027,-3.0,1.0,-38.0
1776886363.1391027,2.0,0.0,-39.0
1776886363.1491027,3.0,1.0,-42.0
1776886363.159103,3.0,0.0,-43.0
1776886363.169103,2.0,1.0,-51.0
1776886363.179103,3.0,4.0,-52.0
1776886363.1891026,-1.0,4.0,-45.0
1776886363.1991026,-2.0,1.0,-43.0
1776886363.2091026,0.0,0.0,-40.0
1776886363.2191026,1.0,1.0,-39.0
1776886363.2291028,0.0,0.0,-38.0
1776886363.2391028,0.0,2.0,-34.0
1776886363.2491028,2.0,1.0,-35.0
1776886363.2591028,3.0,1.0,-38.0
1776886363.2691028,1.0,-1.0,-40.0
1776886363.2791028,-1.0,-3.0,-38.0
1776886363.2891028,-8.0,-4.0,-34.0
1776886363.2991028,-2.0,-8.0,-37.0
1776886363.3091028,-2.0,-6.0,-36.0
1776886363.3191028,-1.0,-1.0,-34.0
1776886363.3291028,2.0,-1.0,-35.0
1776886363.3391027,0.0,-2.0,-33.0
1776886363.3491027,-4.0,-3.0,-29.0
1776886363.3591027,-4.0,-4.0,-27.0
1776886363.3691027,-8.0,-1.0,-28.0
1776886363.3791027,-6.0,-1.0,-26.0
1776886363.3901026,-3.0,-2.0,-24.0
1776886363.3991027,-1.0,-5.0,-29.0
1776886363.409103,1.0,-2.0,-34.0
1776886363.4201028,2.0,-2.0,-29.0
1776886363.4301028,2.0,0.0,-33.0
1776886363.4401028,1.0,1.0,-36.0
1776886363.4501028,3.0,0.0,-41.0
1776886363.4601028,5.0,-2.0,-41.0
1776886363.4701028,3.0,0.0,-44.0
1776886363.4801028,3.0,-1.0,-48.0
1776886363.4901028,7.0,-3.0,-49.0
1776886363.5001028,5.0,0.0,-42.0
1776886363.5101027,2.0,0.0,-35.0
1776886363.5201027,-1.0,0.0,-27.0
1776886363.5301027,3.0,2.0,-37.0
1776886363.5401027,6.0,0.0,-35.0
1776886363.5501027,3.0,0.0,-29.0
1776886363.5601027,0.0,2.0,-31.0
1776886363.5701027,2.0,0.0,-36.0
1776886363.5801027,0.0,0.0,-44.0
1776886363.590103,1.0,0.0,-36.0
1776886363.600103,-1.0,0.0,-41.0
1776886363.610103,-1.0,-1.0,-37.0
1776886363.6201026,-2.0,3.0,-37.0
1776886363.6301026,2.0,1.0,-38.0
1776886363.6401026,2.0,4.0,-40.0
1776886363.6501029,2.0,4.0,-37.0
1776886363.6601028,2.0,-2.0,-38.0
1776886363.6701028,0.0,-2.0,-40.0
1776886363.6801028,3.0,-1.0,-44.0
1776886363.6901028,1.0,2.0,-43.0
1776886363.7001028,0.0,-1.0,-43.0
1776886363.7101028,-2.0,0.0,-48.0
1776886363.7201028,0.0,1.0,-47.0
1776886363.7301028,2.0,0.0,-49.0
1776886363.7401028,3.0,2.0,-41.0
1776886363.7501028,4.0,0.0,-38.0
1776886363.7601027,4.0,-2.0,-38.0
1776886363.7701027,7.0,-3.0,-44.0
1776886363.7801027,6.0,-6.0,-42.0
1776886363.7901027,5.0,-5.0,-41.0
1776886363.8001027,3.0,-5.0,-35.0
1776886363.8101027,0.0,-4.0,-38.0
1776886363.8201027,-2.0,-5.0,-43.0
1776886363.8301027,-2.0,-4.0,-47.0
1776886363.840103,0.0,-3.0,-46.0
1776886363.850103,0.0,0.0,-46.0
1776886363.860103,0.0,-4.0,-45.0
1776886363.8701026,-1.0,-6.0,-46.0
1776886363.8801026,-7.0,-7.0,-46.0
1776886363.8901026,-7.0,-3.0,-48.0
1776886363.9001029,-3.0,0.0,-46.0
1776886363.9101028,0.0,5.0,-39.0
1776886363.9201028,-2.0,3.0,-40.0
1776886363.9301028,-4.0,0.0,-40.0
1776886363.9401028,0.0,-6.0,-43.0
1776886363.9501028,-1.0,-6.0,-39.0
1776886363.9601028,-2.0,-5.0,-38.0
1776886363.9701028,2.0,-4.0,-37.0
1776886363.9801028,5.0,-1.0,-42.0
1776886363.9901028,2.0,0.0,-49.0
1776886364.0001028,1.0,-1.0,-41.0
1776886364.0101027,0.0,-4.0,-39.0
1776886364.0201027,0.0,-2.0,-42.0
1776886364.0301027,2.0,1.0,-45.0
1776886364.0401027,4.0,1.0,-46.0
1776886364.0501027,6.0,-2.0,-48.0
1776886364.0601027,1.0,-4.0,-45.0
1776886364.0701027,0.0,-2.0,-44.0
1776886364.0801027,4.0,-2.0,-43.0
1776886364.090103,4.0,-3.0,-47.0
1776886364.100103,0.0,-3.0,-44.0
1776886364.110103,0.0,-3.0,-44.0
1776886364.1201026,-2.0,0.0,-48.0
1776886364.1301026,-2.0,3.0,-44.0
1776886364.1401026,3.0,4.0,-42.0
1776886364.1501029,5.0,5.0,-35.0
1776886364.1601028,6.0,4.0,-38.0
1776886364.1701028,5.0,5.0,-36.0
1776886364.1801028,4.0,3.0,-37.0
1776886364.1901028,3.0,5.0,-36.0
1776886364.2001028,2.0,0.0,-34.0
1776886364.2101028,4.0,0.0,-34.0
1776886364.2201028,3.0,0.0,-36.0
1776886364.2301028,3.0,0.0,-34.0
1776886364.2401028,0.0,-1.0,-41.0
1776886364.2501028,1.0,0.0,-46.0
1776886364.2601027,0.0,-5.0,-51.0
1776886364.2701027,1.0,-5.0,-50.0
1776886364.2801027,1.0,-11.0,-48.0
1776886364.2901027,5.0,-10.0,-42.0
1776886364.3001027,0.0,-7.0,-41.0
1776886364.3101027,0.0,-3.0,-41.0
1776886364.3201027,4.0,-3.0,-50.0
1776886364.3301027,2.0,-3.0,-49.0
1776886364.340103,4.0,-3.0,-44.0
1776886364.350103,6.0,-4.0,-47.0
1776886364.360103,6.0,0.0,-44.0
1776886364.3701026,2.0,0.0,-49.0
1776886364.3801026,3.0,0.0,-44.0
1776886364.3901026,4.0,0.0,-41.0
1776886364.4001029,-2.0,0.0,-41.0
1776886364.4101028,-5.0,-1.0,-43.0
1776886364.4201028,-6.0,2.0,-46.0
1776886364.4301028,-1.0,3.0,-46.0
1776886364.4401028,4.0,4.0,-38.0
1776886364.4501028,0.0,3.0,-41.0
1776886364.4601028,0.0,1.0,-41.0
1776886364.4701028,2.0,1.0,-40.0
1776886364.4801028,4.0,3.0,-38.0
1776886364.4901028,4.0,2.0,-45.0
1776886364.5001028,1.0,0.0,-45.0
1776886364.5101027,2.0,2.0,-43.0
1776886364.5201027,4.0,0.0,-44.0
1776886364.5301027,0.0,0.0,-42.0
1776886364.5401027,0.0,0.0,-43.0
1776886364.5501027,0.0,-1.0,-38.0
1776886364.5601027,1.0,1.0,-38.0
1776886364.5701027,2.0,2.0,-30.0
1776886364.5801027,3.0,1.0,-26.0
1776886364.590103,6.0,-1.0,-33.0
1776886364.600103,5.0,-2.0,-35.0
1776886364.610103,7.0,0.0,-36.0
1776886364.6201026,7.0,-1.0,-30.0
1776886364.6301026,2.0,-1.0,-32.0
1776886364.6401026,1.0,-2.0,-33.0
1776886364.6501029,0.0,-7.0,-28.0
1776886364.6601028,0.0,-7.0,-32.0
1776886364.6701028,2.0,-2.0,-35.0
1776886364.6801028,4.0,-5.0,-35.0
1776886364.6901028,2.0,-2.0,-40.0
1776886364.7001028,2.0,1.0,-39.0
1776886364.7101028,2.0,0.0,-36.0
1776886364.7201028,0.0,-1.0,-37.0
1776886364.7301028,-1.0,2.0,-40.0
1776886364.7401028,0.0,4.0,-42.0
1776886364.7501028,0.0,5.0,-38.0
1776886364.7601027,-1.0,6.0,-37.0
1776886364.7701027,0.0,3.0,-43.0
1776886364.7801027,0.0,0.0,-37.0
1776886364.7901027,0.0,2.0,-37.0
1776886364.8001027,1.0,1.0,-36.0
1776886364.8101027,0.0,-1.0,-38.0
1776886364.8201027,-4.0,2.0,-34.0
1776886364.8301027,-9.0,3.0,-38.0
1776886364.840103,-8.0,1.0,-39.0
1776886364.850103,-7.0,0.0,-46.0
1776886364.860103,-5.0,0.0,-51.0
1776886364.8701026,-3.0,-4.0,-47.0
1776886364.8801026,-7.0,-3.0,-47.0
1776886364.8901026,-6.0,-2.0,-48.0
1776886364.9001029,-7.0,-2.0,-52.0
1776886364.9101028,-4.0,-2.0,-45.0
1776886364.9201028,-5.0,-2.0,-43.0
1776886364.9301028,-7.0,1.0,-43.0
1776886364.9401028,-3.0,-2.0,-43.0
1776886364.9501028,-3.0,-6.0,-33.0
1776886364.9601028,-2.0,-8.0,-32.0
1776886364.9701028,-4.0,-4.0,-34.0
1776886364.9801028,-4.0,-3.0,-36.0
1776886364.9901028,-5.0,1.0,-33.0
1776886365.0001028,-4.0,0.0,-37.0
1776886365.0101027,-3.0,-4.0,-33.0
1776886365.0201027,-2.0,-3.0,-37.0
1776886365.0301027,0.0,-4.0,-38.0
1776886365.0401027,3.0,-6.0,-38.0
1776886365.0501027,2.0,-6.0,-33.0
1776886365.0601027,1.0,-7.0,-34.0
1776886365.0701027,-1.0,-5.0,-39.0
1776886365.0801027,-1.0,-1.0,-36.0
1776886365.090103,-4.0,-1.0,-36.0
1776886365.100103,-1.0,-4.0,-42.0
1776886365.110103,-1.0,-5.0,-38.0
1776886365.1201026,-2.0,-7.0,-34.0
1776886365.1301026,-5.0,-7.0,-29.0
1776886365.1401026,0.0,-12.0,-30.0
1776886365.1501029,-1.0,-14.0,-34.0
1776886365.1601028,-2.0,-8.0,-25.0
1776886365.1701028,-1.0,-11.0,-27.0
1776886365.1801028,-4.0,-8.0,-39.0
1776886365.1901028,-1.0,-8.0,-42.0
1776886365.2001028,-1.0,-5.0,-42.0
1776886365.2101028,-2.0,-5.0,-37.0
1776886365.2201028,0.0,-5.0,-45.0
1776886365.2301028,-2.0,-11.0,-45.0
1776886365.2401028,-2.0,-8.0,-45.0
1776886365.2501028,-1.0,-10.0,-34.0
1776886365.2601027,2.0,-11.0,-38.0
1776886365.2701027,3.0,-8.0,-44.0
1776886365.2801027,0.0,-5.0,-36.0
1776886365.2901027,0.0,-2.0,-29.0
1776886365.3001027,-2.0,-3.0,-35.0
1776886365.3101027,0.0,-3.0,-35.0
1776886365.3201027,4.0,-8.0,-32.0
1776886365.3301027,2.0,-8.0,-34.0
1776886365.340103,3.0,-2.0,-43.0
1776886365.350103,3.0,1.0,-41.0
1776886365.360103,3.0,4.0,-43.0
1776886365.3701026,5.0,8.0,-45.0
1776886365.3811028,6.0,2.0,-38.0
1776886365.3901026,8.0,0.0,-36.0
1776886365.4011028,9.0,-1.0,-35.0
1776886365.4101028,1.0,-3.0,-36.0
1776886365.4201028,4.0,-3.0,-36.0
1776886365.4311028,5.0,-3.0,-38.0
1776886365.4411027,7.0,-2.0,-41.0
1776886365.4511027,4.0,-4.0,-40.0
1776886365.4611027,2.0,-8.0,-44.0
1776886365.4711027,1.0,-8.0,-41.0
1776886365.4811027,1.0,-5.0,-31.0
1776886365.4911027,-1.0,-6.0,-30.0
1776886365.5011027,4.0,-7.0,-33.0
1776886365.511103,0.0,-5.0,-38.0
1776886365.521103,2.0,-5.0,-40.0
1776886365.531103,4.0,-4.0,-41.0
1776886365.5411026,0.0,-1.0,-38.0
1776886365.5511026,-2.0,2.0,-36.0
1776886365.5611026,-1.0,7.0,-32.0
1776886365.5711029,0.0,4.0,-36.0
1776886365.5811028,3.0,0.0,-32.0
1776886365.5911028,1.0,0.0,-37.0
1776886365.6011028,4.0,-3.0,-44.0
1776886365.6111028,5.0,-3.0,-47.0
1776886365.6211028,10.0,0.0,-39.0
1776886365.6311028,9.0,-1.0,-36.0
1776886365.6411028,5.0,0.0,-41.0
1776886365.6511028,3.0,-1.0,-42.0
1776886365.6611028,4.0,0.0,-47.0
1776886365.6711028,4.0,1.0,-42.0
1776886365.6811028,5.0,-1.0,-33.0
1776886365.6911027,0.0,-4.0,-34.0
1776886365.7011027,0.0,-4.0,-39.0
1776886365.7111027,1.0,-1.0,-38.0
1776886365.7211027,2.0,0.0,-36.0
1776886365.7311027,0.0,4.0,-38.0
1776886365.7411027,-3.0,2.0,-37.0
1776886365.7511027,-3.0,-2.0,-36.0
1776886365.761103,0.0,-3.0,-38.0
1776886365.771103,1.0,-1.0,-42.0
1776886365.781103,0.0,0.0,-41.0
1776886365.7911026,0.0,0.0,-34.0
1776886365.8011026,2.0,-1.0,-32.0
1776886365.8111026,3.0,-2.0,-31.0
1776886365.8211029,3.0,0.0,-32.0
1776886365.8311028,1.0,1.0,-29.0
1776886365.8411028,6.0,3.0,-30.0
1776886365.8511028,7.0,0.0,-33.0
1776886365.8611028,2.0,-1.0,-32.0
1776886365.8711028,-3.0,-2.0,-28.0
1776886365.8811028,-1.0,0.0,-26.0
1776886365.8911028,1.0,-2.0,-27.0
1776886365.9011028,2.0,0.0,-27.0
1776886365.9111028,1.0,-2.0,-29.0
1776886365.9211028,3.0,0.0,-33.0
1776886365.9311028,0.0,3.0,-39.0
1776886365.9411027,-1.0,2.0,-39.0
1776886365.9511027,2.0,-1.0,-41.0
1776886365.9611027,3.0,1.0,-43.0
1776886365.9711027,0.0,1.0,-40.0
1776886365.9811027,3.0,4.0,-41.0
1776886365.9911027,7.0,2.0,-39.0
1776886366.0011027,7.0,0.0,-41.0
1776886366.011103,3.0,-3.0,-41.0
1776886366.021103,1.0,-2.0,-42.0
1776886366.031103,2.0,-4.0,-33.0
1776886366.0411026,3.0,-8.0,-33.0
1776886366.0511026,4.0,-9.0,-39.0
1776886366.0611026,6.0,-7.0,-36.0
1776886366.0711029,9.0,-4.0,-43.0
1776886366.0811028,10.0,-5.0,-48.0
1776886366.0911028,8.0,-5.0,-51.0
1776886366.1011028,7.0,2.0,-44.0
1776886366.1111028,8.0,5.0,-39.0
1776886366.1211028,4.0,3.0,-39.0
1776886366.1311028,8.0,5.0,-43.0
1776886366.1411028,5.0,6.0,-47.0
1776886366.1511028,1.0,1.0,-40.0
1776886366.1611028,0.0,5.0,-37.0
1776886366.1711028,-6.0,5.0,-35.0
1776886366.1811028,-4.0,5.0,-38.0
1776886366.1911027,-4.0,5.0,-32.0
1776886366.2011027,-2.0,5.0,-36.0
1776886366.2111027,0.0,2.0,-33.0
1776886366.2211027,-5.0,0.0,-30.0
1776886366.2311027,-6.0,-2.0,-27.0
1776886366.2411027,-5.0,-3.0,-28.0
1776886366.2511027,-5.0,0.0,-25.0
1776886366.261103,-4.0,0.0,-29.0
1776886366.271103,-3.0,0.0,-27.0
1776886366.281103,0.0,-4.0,-24.0
1776886366.2911026,5.0,-3.0,-25.0
1776886366.3011026,5.0,-2.0,-28.0
1776886366.3111026,1.0,0.0,-29.0
1776886366.3211029,1.0,1.0,-28.0
1776886366.3311028,2.0,3.0,-31.0
1776886366.3411028,1.0,2.0,-35.0
1776886366.3511028,0.0,6.0,-39.0
1776886366.3611028,-2.0,7.0,-40.0
1776886366.3711028,-1.0,2.0,-32.0
1776886366.3811028,-2.0,0.0,-33.0
1776886366.3911028,-1.0,-4.0,-37.0
1776886366.4011028,-1.0,-3.0,-41.0
1776886366.4111028,0.0,-3.0,-31.0
1776886366.4211028,3.0,-2.0,-33.0
1776886366.4311028,4.0,-3.0,-31.0
1776886366.4411027,5.0,-1.0,-27.0
1776886366.4511027,3.0,0.0,-25.0
1776886366.4611027,0.0,-1.0,-29.0
1776886366.4711027,-4.0,0.0,-31.0
1776886366.4811027,-7.0,3.0,-30.0
1776886366.4911027,-6.0,2.0,-29.0
1776886366.5011027,-4.0,6.0,-31.0
1776886366.511103,1.0,6.0,-32.0
1776886366.521103,7.0,1.0,-34.0
1776886366.531103,3.0,4.0,-34.0
1776886366.5411026,2.0,3.0,-34.0
1776886366.5511026,0.0,0.0,-36.0
1776886366.5611026,-2.0,0.0,-35.0
1776886366.5711029,0.0,2.0,-34.0
1776886366.5811028,0.0,1.0,-27.0
1776886366.5911028,1.0,1.0,-35.0
1776886366.6011028,1.0,1.0,-33.0
1776886366.6111028,1.0,2.0,-38.0
1776886366.6211028,0.0,3.0,-37.0
1776886366.6311028,0.0,7.0,-37.0
1776886366.6411028,0.0,8.0,-38.0
1776886366.6511028,0.0,7.0,-38.0
1776886366.6611028,0.0,6.0,-45.0
1776886366.6711028,0.0,1.0,-48.0
1776886366.6811028,0.0,-1.0,-52.0
1776886366.6911027,2.0,-2.0,-49.0
1776886366.7011027,3.0,0.0,-46.0
1776886366.7111027,0.0,1.0,-47.0
1776886366.7211027,0.0,-1.0,-49.0
1776886366.7311027,-1.0,3.0,-47.0
1776886366.7411027,0.0,3.0,-46.0
1776886366.7511027,0.0,2.0,-48.0
1776886366.761103,-2.0,0.0,-50.0
1776886366.771103,-1.0,-4.0,-49.0
1776886366.7821028,1.0,-3.0,-44.0
1776886366.7911026,3.0,-1.0,-45.0
1776886366.8011026,0.0,4.0,-46.0
1776886366.8111026,0.0,1.0,-46.0
1776886366.8211029,-2.0,2.0,-47.0
1776886366.8311028,0.0,-3.0,-48.0
1776886366.8411028,0.0,-4.0,-41.0
1776886366.8511028,0.0,-5.0,-39.0
1776886366.8611028,3.0,-4.0,-35.0
1776886366.8711028,6.0,-5.0,-44.0
1776886366.8811028,1.0,-7.0,-43.0
1776886366.8911028,-1.0,-6.0,-37.0
1776886366.9011028,-1.0,-4.0,-36.0
1776886366.9111028,-6.0,-2.0,-38.0
1776886366.9211028,-9.0,-2.0,-38.0
1776886366.9311028,-9.0,0.0,-35.0
1776886366.9411027,-6.0,-2.0,-41.0
1776886366.9511027,-5.0,0.0,-36.0
1776886366.9611027,0.0,1.0,-33.0
1776886366.9711027,-1.0,4.0,-30.0
1776886366.9811027,-1.0,3.0,-31.0
1776886366.9911027,2.0,2.0,-25.0
1776886367.0011027,4.0,1.0,-35.0
1776886367.011103,0.0,0.0,-36.0
1776886367.021103,0.0,1.0,-40.0
1776886367.031103,2.0,4.0,-38.0
1776886367.0411026,4.0,3.0,-37.0
1776886367.0511026,0.0,1.0,-41.0
1776886367.0611026,3.0,0.0,-42.0
1776886367.0711029,0.0,2.0,-41.0
1776886367.0811028,0.0,0.0,-42.0
1776886367.0911028,-4.0,1.0,-43.0
1776886367.1011028,-8.0,3.0,-41.0
1776886367.1111028,-11.0,5.0,-45.0
1776886367.1211028,-6.0,0.0,-46.0
1776886367.1311028,-4.0,0.0,-49.0
1776886367.1411028,-5.0,0.0,-53.0
1776886367.1511028,-5.0,0.0,-49.0
1776886367.1611028,-5.0,2.0,-45.0
1776886367.1711028,-6.0,3.0,-43.0
1776886367.1811028,-6.0,0.0,-46.0
1776886367.1911027,-5.0,2.0,-52.0
1776886367.2011027,-5.0,2.0,-58.0
1776886367.2111027,-6.0,0.0,-51.0
1776886367.2211027,-4.0,0.0,-45.0
1776886367.2311027,0.0,2.0,-34.0
1776886367.2411027,3.0,1.0,-34.0
1776886367.2511027,6.0,0.0,-35.0
1776886367.261103,4.0,-2.0,-36.0
1776886367.271103,8.0,-1.0,-39.0
1776886367.281103,12.0,0.0,-37.0
1776886367.2911026,10.0,0.0,-37.0
1776886367.3011026,7.0,0.0,-37.0
1776886367.3111026,6.0,-1.0,-36.0
1776886367.3211029,7.0,-3.0,-37.0
1776886367.3311028,1.0,-4.0,-39.0
1776886367.3411028,4.0,-6.0,-41.0
1776886367.3511028,0.0,-3.0,-44.0
1776886367.3611028,0.0,-1.0,-40.0
1776886367.3711028,0.0,0.0,-47.0
1776886367.3821027,0.0,-3.0,-49.0
1776886367.3911028,0.0,-4.0,-46.0
1776886367.4021027,-2.0,-4.0,-43.0
1776886367.4121027,-1.0,-1.0,-41.0
1776886367.4221027,-3.0,-2.0,-40.0
1776886367.432103,-1.0,0.0,-38.0
1776886367.442103,0.0,-4.0,-45.0
1776886367.452103,2.0,-2.0,-45.0
1776886367.462103,6.0,-7.0,-50.0
1776886367.4721026,8.0,-8.0,-42.0
1776886367.4821026,9.0,-11.0,-28.0
1776886367.4921026,6.0,-8.0,-23.0
1776886367.5021029,4.0,-6.0,-26.0
1776886367.5121028,5.0,-4.0,-29.0
1776886367.5221028,7.0,0.0,-32.0
1776886367.5321028,9.0,0.0,-33.0
1776886367.5421028,9.0,1.0,-35.0
1776886367.5521028,4.0,1.0,-36.0
1776886367.5621028,3.0,1.0,-38.0
1776886367.5721028,6.0,2.0,-39.0
1776886367.5821028,7.0,3.0,-37.0
1776886367.5921028,10.0,2.0,-36.0
1776886367.6021028,9.0,0.0,-36.0
1776886367.6121027,7.0,0.0,-36.0
1776886367.6221027,5.0,0.0,-38.0
1776886367.6321027,5.0,0.0,-45.0
1776886367.6421027,6.0,1.0,-39.0
1776886367.6521027,4.0,0.0,-37.0
1776886367.6621027,1.0,0.0,-29.0
1776886367.6721027,-2.0,0.0,-31.0
1776886367.682103,-4.0,1.0,-30.0
1776886367.692103,-3.0,-2.0,-36.0
1776886367.702103,2.0,-3.0,-33.0
1776886367.712103,0.0,-3.0,-30.0
1776886367.7221026,-2.0,-1.0,-27.0
1776886367.7321026,2.0,1.0,-32.0
1776886367.7421026,3.0,3.0,-36.0
1776886367.7521029,0.0,4.0,-35.0
1776886367.7621028,-1.0,0.0,-34.0
1776886367.7721028,-2.0,1.0,-30.0
1776886367.7821028,-2.0,0.0,-27.0
1776886367.7921028,-2.0,0.0,-24.0
1776886367.8021028,-3.0,-2.0,-21.0
1776886367.8121028,-5.0,-4.0,-24.0
1776886367.8221028,0.0,-3.0,-26.0
1776886367.8321028,-1.0,-3.0,-23.0
1776886367.8421028,3.0,0.0,-27.0
1776886367.8521028,2.0,-1.0,-27.0
1776886367.8621027,5.0,-4.0,-29.0
1776886367.8721027,6.0,0.0,-30.0
1776886367.8821027,3.0,-1.0,-38.0
1776886367.8921027,0.0,-4.0,-47.0
1776886367.9021027,-1.0,-3.0,-48.0
1776886367.9121027,-2.0,-2.0,-42.0
1776886367.9221027,-1.0,-4.0,-44.0
1776886367.932103,0.0,-2.0,-48.0
1776886367.942103,-4.0,-1.0,-46.0
1776886367.952103,-4.0,0.0,-45.0
1776886367.962103,-7.0,0.0,-46.0
1776886367.9721026,-4.0,-1.0,-42.0
1776886367.9821026,-3.0,1.0,-39.0
1776886367.9921026,1.0,3.0,-35.0
1776886368.0021029,5.0,2.0,-33.0
1776886368.0121028,2.0,0.0,-36.0
1776886368.0221028,4.0,-1.0,-33.0
1776886368.0321028,8.0,-1.0,-37.0
1776886368.0421028,10.0,2.0,-38.0
1776886368.0521028,5.0,2.0,-39.0
1776886368.0621028,4.0,0.0,-37.0
1776886368.0721028,0.0,0.0,-35.0
1776886368.0821028,0.0,0.0,-40.0
1776886368.0921028,-3.0,-1.0,-38.0
1776886368.1021028,0.0,0.0,-39.0
1776886368.1121027,4.0,4.0,-42.0
1776886368.1221027,1.0,4.0,-39.0
1776886368.1321027,-1.0,2.0,-42.0
1776886368.1421027,-5.0,1.0,-44.0
1776886368.1521027,-4.0,0.0,-39.0
1776886368.1621027,0.0,-2.0,-40.0
1776886368.1721027,4.0,-2.0,-39.0
1776886368.182103,3.0,1.0,-39.0
1776886368.192103,3.0,1.0,-43.0
1776886368.202103,0.0,0.0,-35.0
1776886368.212103,-2.0,-3.0,-38.0
1776886368.2221026,0.0,-1.0,-38.0
1776886368.2321026,-4.0,-3.0,-43.0
1776886368.2421026,-1.0,-4.0,-39.0
1776886368.2521029,1.0,-7.0,-42.0
1776886368.2621028,0.0,-9.0,-44.0
1776886368.2721028,-3.0,-6.0,-43.0
1776886368.2821028,0.0,-5.0,-37.0
1776886368.2921028,1.0,-4.0,-30.0
1776886368.3021028,0.0,1.0,-29.0
1776886368.3121028,0.0,3.0,-29.0
1776886368.3221028,-3.0,4.0,-28.0
1776886368.3321028,-3.0,2.0,-28.0
1776886368.3421028,-4.0,1.0,-22.0
1776886368.3521028,0.0,1.0,-24.0
1776886368.3621027,-1.0,-1.0,-31.0
1776886368.3721027,0.0,-5.0,-37.0
1776886368.3821027,0.0,-4.0,-39.0
1776886368.3921027,-4.0,-3.0,-35.0
1776886368.4021027,-1.0,1.0,-37.0
1776886368.4121027,-2.0,4.0,-42.0
1776886368.4221027,0.0,3.0,-43.0
1776886368.432103,-1.0,4.0,-45.0
1776886368.442103,-1.0,0.0,-38.0
1776886368.452103,0.0,1.0,-39.0
1776886368.462103,0.0,0.0,-42.0
1776886368.4721026,5.0,-2.0,-37.0
1776886368.4821026,2.0,0.0,-38.0
1776886368.4921026,2.0,0.0,-42.0
1776886368.5021029,2.0,0.0,-44.0
1776886368.5121028,-1.0,-1.0,-42.0
1776886368.5221028,3.0,-5.0,-44.0
1776886368.5321028,4.0,-6.0,-37.0
1776886368.5421028,1.0,-8.0,-36.0
1776886368.5521028,0.0,-10.0,-37.0
1776886368.5621028,-1.0,-9.0,-37.0
1776886368.5721028,2.0,-11.0,-35.0
1776886368.5821028,6.0,-10.0,-38.0
1776886368.5921028,11.0,-5.0,-41.0
1776886368.6021028,8.0,-4.0,-42.0
1776886368.6121027,10.0,-5.0,-51.0
1776886368.6221027,9.0,-6.0,-46.0
1776886368.6321027,10.0,-5.0,-43.0
1776886368.6421027,5.0,-5.0,-43.0
1776886368.6521027,2.0,-2.0,-46.0
1776886368.6621027,1.0,0.0,-47.0
1776886368.6721027,1.0,-2.0,-47.0
1776886368.682103,0.0,-4.0,-42.0
1776886368.692103,0.0,-1.0,-41.0
1776886368.702103,2.0,0.0,-42.0
1776886368.712103,7.0,-1.0,-51.0
1776886368.7221026,6.0,0.0,-45.0
1776886368.7321026,4.0,-1.0,-39.0
1776886368.7421026,0.0,-4.0,-39.0
1776886368.7521029,1.0,-5.0,-35.0
1776886368.7621028,-1.0,-4.0,-36.0
1776886368.7721028,2.0,-4.0,-39.0
1776886368.7821028,3.0,2.0,-45.0
1776886368.7921028,0.0,2.0,-38.0
1776886368.8021028,7.0,1.0,-37.0
1776886368.8121028,4.0,1.0,-39.0
1776886368.8221028,7.0,2.0,-41.0
1776886368.8321028,5.0,4.0,-37.0
1776886368.8421028,6.0,3.0,-32.0
1776886368.8521028,5.0,0.0,-29.0
1776886368.8621027,7.0,0.0,-29.0
1776886368.8721027,2.0,0.0,-33.0
1776886368.8821027,0.0,0.0,-30.0
1776886368.8921027,0.0,0.0,-32.0
1776886368.9021027,3.0,0.0,-29.0
1776886368.9121027,1.0,0.0,-30.0
1776886368.9221027,1.0,-2.0,-33.0
1776886368.932103,1.0,-3.0,-36.0
1776886368.942103,1.0,-3.0,-40.0
1776886368.952103,3.0,2.0,-44.0
1776886368.962103,3.0,0.0,-43.0
1776886368.9721026,3.0,0.0,-41.0
1776886368.9821026,6.0,2.0,-38.0
1776886368.9921026,7.0,2.0,-36.0
1776886369.0021029,5.0,-1.0,-41.0
1776886369.0121028,1.0,0.0,-41.0
1776886369.0221028,-1.0,0.0,-42.0
1776886369.0321028,1.0,-2.0,-44.0
1776886369.0421028,4.0,-5.0,-41.0
1776886369.0521028,4.0,-3.0,-46.0
1776886369.0621028,3.0,-1.0,-40.0
1776886369.0721028,4.0,0.0,-42.0
1776886369.0821028,0.0,0.0,-38.0
1776886369.0921028,0.0,-2.0,-43.0
1776886369.1021028,4.0,-4.0,-45.0
1776886369.1121027,3.0,-4.0,-49.0
1776886369.1221027,0.0,-1.0,-41.0
1776886369.1321027,-1.0,1.0,-43.0
1776886369.1421027,-2.0,-2.0,-37.0
1776886369.1521027,-2.0,2.0,-39.0
1776886369.1621027,-3.0,4.0,-39.0
1776886369.1721027,-4.0,4.0,-40.0
1776886369.182103,-4.0,6.0,-40.0
1776886369.192103,-1.0,7.0,-34.0
1776886369.202103,5.0,4.0,-35.0
1776886369.212103,4.0,2.0,-45.0
1776886369.2221026,2.0,0.0,-46.0
1776886369.2321026,-4.0,3.0,-41.0
1776886369.2421026,-3.0,6.0,-44.0
1776886369.2521029,-3.0,5.0,-42.0
1776886369.2621028,0.0,2.0,-41.0
1776886369.2721028,6.0,0.0,-34.0
1776886369.2821028,4.0,4.0,-28.0
1776886369.2921028,6.0,6.0,-31.0
1776886369.3021028,-2.0,5.0,-33.0
1776886369.3121028,-1.0,3.0,-34.0
1776886369.3221028,-5.0,2.0,-37.0
1776886369.3321028,-2.0,0.0,-38.0
1776886369.3421028,0.0,1.0,-36.0
1776886369.3521028,3.0,4.0,-37.0
1776886369.3621027,2.0,0.0,-40.0
1776886369.3721027,2.0,-2.0,-40.0
1776886369.383103,0.0,-3.0,-41.0
1776886369.3921027,0.0,-1.0,-41.0
1776886369.4031026,1.0,1.0,-33.0
1776886369.4131026,2.0,0.0,-38.0
1776886369.4231029,5.0,3.0,-42.0
1776886369.4331028,1.0,3.0,-40.0
1776886369.442103,-3.0,1.0,-33.0
1776886369.4531028,-2.0,-1.0,-28.0
1776886369.4631028,2.0,-3.0,-32.0
1776886369.4731028,2.0,0.0,-38.0
1776886369.4831028,7.0,1.0,-42.0
1776886369.4931028,5.0,3.0,-40.0
1776886369.5031028,0.0,3.0,-41.0
1776886369.5131028,0.0,2.0,-35.0
1776886369.5231028,0.0,0.0,-32.0
1776886369.5331028,3.0,-1.0,-35.0
1776886369.5431027,1.0,0.0,-40.0
1776886369.5531027,4.0,-1.0,-37.0
1776886369.5631027,4.0,0.0,-36.0
1776886369.5731027,2.0,2.0,-37.0
1776886369.5831027,2.0,1.0,-39.0
1776886369.5931027,-1.0,-1.0,-42.0
1776886369.6031027,0.0,-2.0,-43.0
1776886369.613103,0.0,0.0,-43.0
1776886369.623103,5.0,1.0,-42.0
1776886369.633103,0.0,-3.0,-41.0
1776886369.6431026,0.0,0.0,-33.0
1776886369.6531026,6.0,0.0,-25.0
1776886369.6631026,5.0,-1.0,-26.0
1776886369.6731029,0.0,-2.0,-25.0
1776886369.6831028,-3.0,-3.0,-24.0
1776886369.6931028,0.0,-1.0,-27.0
1776886369.7031028,0.0,0.0,-27.0
1776886369.7131028,2.0,3.0,-31.0
1776886369.7231028,4.0,6.0,-34.0
1776886369.7331028,4.0,2.0,-39.0
1776886369.7431028,5.0,4.0,-42.0
1776886369.7531028,7.0,2.0,-39.0
1776886369.7631028,4.0,-2.0,-41.0
1776886369.7731028,8.0,-2.0,-40.0
1776886369.7831028,5.0,-5.0,-45.0
1776886369.7931027,5.0,-3.0,-47.0
1776886369.8031027,3.0,-4.0,-43.0
1776886369.8131027,0.0,-5.0,-41.0
1776886369.8231027,0.0,0.0,-35.0
1776886369.8331027,3.0,0.0,-34.0
1776886369.8431027,4.0,0.0,-33.0
1776886369.8531027,0.0,-2.0,-35.0
1776886369.863103,5.0,1.0,-31.0
1776886369.873103,3.0,0.0,-36.0
1776886369.883103,2.0,1.0,-38.0
1776886369.8931026,6.0,1.0,-41.0
1776886369.9031026,4.0,0.0,-36.0
1776886369.9131026,4.0,-1.0,-38.0
1776886369.9231029,6.0,-4.0,-39.0
1776886369.9331028,3.0,-7.0,-41.0
1776886369.9431028,2.0,-4.0,-36.0
1776886369.9531028,1.0,0.0,-34.0
1776886369.9631028,5.0,0.0,-34.0
1776886369.9731028,3.0,2.0,-37.0
1776886369.9831028,1.0,4.0,-37.0
1776886369.9931028,-2.0,2.0,-27.0
1776886370.0031028,-3.0,-2.0,-25.0
1776886370.0131028,-4.0,-5.0,-29.0
1776886370.0231028,0.0,-7.0,-24.0
1776886370.0331028,3.0,-8.0,-32.0
1776886370.0431027,7.0,-6.0,-40.0
1776886370.0531027,6.0,-2.0,-42.0
1776886370.0631027,4.0,0.0,-46.0
1776886370.0731027,4.0,-1.0,-43.0
1776886370.0831027,5.0,0.0,-40.0
1776886370.0931027,8.0,-2.0,-40.0
1776886370.1031027,7.0,-3.0,-41.0
1776886370.113103,3.0,-6.0,-42.0
1776886370.123103,2.0,-3.0,-44.0
1776886370.133103,3.0,-1.0,-49.0
1776886370.1431026,5.0,-2.0,-47.0
1776886370.1531026,1.0,-5.0,-42.0
1776886370.1631026,-1.0,-6.0,-42.0
1776886370.1731029,0.0,-7.0,-44.0
1776886370.1831028,-4.0,-5.0,-44.0
1776886370.1931028,-4.0,0.0,-44.0
1776886370.2031028,-4.0,0.0,-42.0
1776886370.2131028,-4.0,-2.0,-39.0
1776886370.2231028,-5.0,-3.0,-41.0
1776886370.2331028,-2.0,-6.0,-43.0
1776886370.2431028,-6.0,-5.0,-44.0
1776886370.2531028,-6.0,-4.0,-47.0
1776886370.2631028,-4.0,-3.0,-42.0
1776886370.2731028,-2.0,-3.0,-35.0
1776886370.2831028,-1.0,-2.0,-35.0
1776886370.2931027,0.0,-3.0,-36.0
1776886370.3031027,-1.0,0.0,-43.0
1776886370.3131027,4.0,0.0,-46.0
1776886370.3231027,7.0,-4.0,-47.0
1776886370.3331027,6.0,-8.0,-54.0
1776886370.3431027,5.0,-7.0,-56.0
1776886370.3531027,0.0,-9.0,-49.0
1776886370.363103,1.0,-9.0,-48.0
1776886370.373103,0.0,-7.0,-46.0
1776886370.383103,-1.0,-9.0,-45.0
1776886370.3931026,-3.0,-8.0,-46.0
1776886370.4031026,3.0,-5.0,-47.0
1776886370.4131026,2.0,-4.0,-45.0
1776886370.4231029,1.0,-4.0,-43.0
1776886370.4331028,5.0,-2.0,-38.0
1776886370.4431028,3.0,-2.0,-39.0
1776886370.4531028,4.0,-1.0,-39.0
1776886370.4631028,4.0,1.0,-35.0
1776886370.4731028,4.0,0.0,-27.0
1776886370.4831028,6.0,2.0,-29.0
1776886370.4931028,1.0,3.0,-34.0
1776886370.5031028,-2.0,7.0,-46.0
1776886370.5131028,1.0,2.0,-50.0
1776886370.5231028,0.0,-3.0,-41.0
1776886370.5331028,0.0,-4.0,-41.0
1776886370.5431027,-2.0,-5.0,-42.0
1776886370.5531027,-5.0,-3.0,-39.0
1776886370.5631027,-3.0,-1.0,-41.0
1776886370.5731027,-2.0,0.0,-39.0
1776886370.5831027,0.0,0.0,-32.0
1776886370.5931027,4.0,-2.0,-28.0
1776886370.6031027,12.0,-2.0,-25.0
1776886370.613103,8.0,-4.0,-31.0
1776886370.623103,3.0,-3.0,-35.0
1776886370.633103,4.0,-6.0,-38.0
1776886370.6431026,4.0,-3.0,-40.0
1776886370.6531026,5.0,0.0,-42.0
1776886370.6631026,8.0,0.0,-44.0
1776886370.6731029,7.0,0.0,-46.0
1776886370.6831028,4.0,0.0,-54.0
1776886370.6931028,1.0,3.0,-50.0
1776886370.7031028,6.0,2.0,-49.0
1776886370.7131028,0.0,3.0,-45.0
1776886370.7231028,4.0,0.0,-44.0
1776886370.7341027,4.0,-5.0,-41.0
1776886370.7431028,8.0,-3.0,-37.0
1776886370.7531028,2.0,-3.0,-34.0
1776886370.7631028,3.0,-1.0,-38.0
1776886370.7731028,4.0,1.0,-40.0
1776886370.7831028,-2.0,0.0,-45.0
1776886370.7931027,-3.0,-1.0,-34.0
1776886370.8031027,0.0,-5.0,-30.0
1776886370.8131027,-2.0,-3.0,-30.0
1776886370.8231027,-3.0,1.0,-35.0
1776886370.8331027,-8.0,1.0,-38.0
1776886370.8431027,-8.0,2.0,-41.0
1776886370.8531027,-5.0,2.0,-40.0
1776886370.863103,-2.0,1.0,-37.0
1776886370.873103,-1.0,1.0,-37.0
1776886370.883103,0.0,-1.0,-33.0
1776886370.8931026,0.0,-2.0,-32.0
1776886370.9031026,-4.0,-4.0,-27.0
1776886370.9131026,-8.0,0.0,-28.0
1776886370.9231029,-3.0,0.0,-30.0
1776886370.9331028,-6.0,-1.0,-31.0
1776886370.9431028,-7.0,-3.0,-33.0
1776886370.9531028,-4.0,-6.0,-41.0
1776886370.9631028,-5.0,-6.0,-40.0
1776886370.9731028,-4.0,-3.0,-40.0
1776886370.9831028,-4.0,-1.0,-39.0
1776886370.9931028,-1.0,-1.0,-38.0
1776886371.0031028,-2.0,-2.0,-36.0
1776886371.0131028,-2.0,-3.0,-34.0
1776886371.0231028,0.0,-3.0,-35.0
1776886371.0331028,0.0,-3.0,-38.0
1776886371.0431027,-4.0,0.0,-42.0
1776886371.0531027,-3.0,0.0,-39.0
1776886371.0631027,-1.0,0.0,-36.0
1776886371.0731027,0.0,0.0,-37.0
1776886371.0831027,7.0,-2.0,-36.0
1776886371.0931027,3.0,-3.0,-39.0
1776886371.1031027,-2.0,0.0,-40.0
1776886371.113103,-1.0,2.0,-38.0
1776886371.123103,0.0,4.0,-36.0
1776886371.133103,3.0,5.0,-38.0
1776886371.1431026,6.0,2.0,-39.0
1776886371.1531026,5.0,1.0,-33.0
1776886371.1631026,3.0,-4.0,-32.0
1776886371.1731029,3.0,-3.0,-32.0
1776886371.1831028,-2.0,-3.0,-31.0
1776886371.1931028,0.0,-4.0,-34.0
1776886371.2031028,-6.0,-4.0,-36.0
1776886371.2131028,-1.0,-6.0,-33.0
1776886371.2231028,-1.0,-7.0,-27.0
1776886371.2331028,0.0,-6.0,-33.0
1776886371.2431028,-2.0,-5.0,-33.0
1776886371.2531028,-4.0,-3.0,-36.0
1776886371.2631028,-4.0,-1.0,-38.0
1776886371.2731028,-4.0,-1.0,-35.0
1776886371.2831028,0.0,-1.0,-36.0
1776886371.2931027,0.0,-2.0,-38.0
1776886371.3031027,0.0,-4.0,-46.0
1776886371.3131027,6.0,-4.0,-45.0
1776886371.3231027,10.0,-2.0,-43.0
1776886371.3331027,8.0,-5.0,-45.0
1776886371.3431027,6.0,-2.0,-40.0
1776886371.3531027,3.0,1.0,-34.0
1776886371.363103,1.0,-1.0,-34.0
1776886371.373103,-2.0,2.0,-37.0
1776886371.383103,2.0,2.0,-32.0
1776886371.3931026,0.0,1.0,-41.0
1776886371.4041028,1.0,-3.0,-39.0
1776886371.4141028,0.0,-4.0,-39.0
1776886371.4241028,-2.0,-2.0,-40.0
1776886371.4341028,-3.0,0.0,-36.0
1776886371.4441028,-6.0,-1.0,-31.0
1776886371.4541028,-5.0,0.0,-32.0
1776886371.4641027,-1.0,-4.0,-31.0
1776886371.4741027,-3.0,-4.0,-31.0
1776886371.4841027,0.0,0.0,-32.0
1776886371.4941027,2.0,6.0,-29.0
1776886371.5041027,0.0,4.0,-27.0
1776886371.5141027,-3.0,-1.0,-30.0
1776886371.5241027,-2.0,-2.0,-37.0
1776886371.534103,0.0,-4.0,-40.0
1776886371.544103,0.0,0.0,-41.0
1776886371.554103,3.0,4.0,-46.0
1776886371.5641026,6.0,5.0,-44.0
1776886371.5741026,7.0,5.0,-43.0
1776886371.5841026,0.0,3.0,-40.0
1776886371.5941026,3.0,2.0,-46.0
1776886371.6041028,2.0,0.0,-51.0
1776886371.6141028,1.0,-1.0,-46.0
1776886371.6241028,1.0,-1.0,-39.0
1776886371.6341028,-2.0,-1.0,-39.0
1776886371.6441028,-4.0,-4.0,-37.0
1776886371.6541028,-4.0,-7.0,-35.0
1776886371.6641028,0.0,-4.0,-42.0
1776886371.6741028,0.0,-4.0,-45.0
1776886371.6841028,1.0,-8.0,-42.0
1776886371.6941028,3.0,-2.0,-35.0
1776886371.7041028,5.0,1.0,-37.0
1776886371.7141027,7.0,0.0,-37.0
1776886371.7241027,3.0,0.0,-37.0
1776886371.7341027,3.0,1.0,-32.0
1776886371.7441027,4.0,0.0,-33.0
1776886371.7541027,10.0,0.0,-36.0
1776886371.7641027,6.0,0.0,-32.0
1776886371.7741027,1.0,0.0,-28.0
1776886371.784103,1.0,-1.0,-34.0
1776886371.794103,0.0,-6.0,-39.0
1776886371.804103,-2.0,-5.0,-42.0
1776886371.8141026,-2.0,1.0,-46.0
1776886371.8241026,-1.0,1.0,-52.0
1776886371.8341026,0.0,2.0,-46.0
1776886371.8441026,1.0,1.0,-49.0
1776886371.8541028,-4.0,2.0,-53.0
1776886371.8641028,-11.0,3.0,-49.0
1776886371.8741028,-8.0,-1.0,-42.0
1776886371.8841028,-4.0,-7.0,-37.0
1776886371.8941028,-8.0,-7.0,-40.0
1776886371.9041028,-7.0,-2.0,-42.0
1776886371.9141028,-5.0,-1.0,-43.0
1776886371.9241028,-4.0,0.0,-47.0
1776886371.9341028,-2.0,0.0,-49.0
1776886371.9441028,-3.0,0.0,-45.0
1776886371.9541028,-1.0,4.0,-35.0
1776886371.9641027,0.0,3.0,-41.0
1776886371.9741027,-3.0,0.0,-37.0
1776886371.9841027,-4.0,0.0,-40.0
1776886371.9941027,-5.0,0.0,-39.0
1776886372.0041027,-3.0,-1.0,-38.0
1776886372.0141027,0.0,-3.0,-35.0
1776886372.0241027,-2.0,-1.0,-29.0
1776886372.034103,4.0,0.0,-31.0
1776886372.044103,7.0,0.0,-33.0
1776886372.054103,6.0,0.0,-33.0
1776886372.0641026,8.0,-1.0,-33.0
1776886372.0741026,5.0,2.0,-36.0
1776886372.0841026,4.0,0.0,-32.0
1776886372.0941026,6.0,0.0,-33.0
1776886372.1041028,7.0,1.0,-32.0
1776886372.1141028,4.0,2.0,-41.0
1776886372.1241028,3.0,-1.0,-44.0
1776886372.1341028,5.0,-2.0,-43.0
1776886372.1441028,13.0,-3.0,-41.0
1776886372.1541028,13.0,-6.0,-45.0
1776886372.1641028,11.0,-6.0,-46.0
1776886372.1741028,5.0,-7.0,-42.0
1776886372.1841028,6.0,0.0,-33.0
1776886372.1941028,2.0,0.0,-35.0
1776886372.2041028,-1.0,0.0,-31.0
1776886372.2141027,1.0,-1.0,-32.0
1776886372.2241027,1.0,0.0,-27.0
1776886372.2341027,0.0,0.0,-37.0
1776886372.2441027,-1.0,-1.0,-42.0
1776886372.2541027,0.0,-6.0,-37.0
1776886372.2641027,0.0,-4.0,-39.0
1776886372.2741027,2.0,-8.0,-39.0
1776886372.284103,4.0,-8.0,-35.0
1776886372.294103,7.0,-10.0,-39.0
1776886372.304103,9.0,-8.0,-29.0
1776886372.3141026,12.0,-6.0,-34.0
1776886372.3241026,10.0,-5.0,-38.0
1776886372.3341026,7.0,-5.0,-44.0
1776886372.3441026,8.0,-5.0,-41.0
1776886372.3541028,8.0,-3.0,-39.0
1776886372.3641028,2.0,-2.0,-45.0
1776886372.3741028,-1.0,-5.0,-44.0
1776886372.3841028,0.0,-2.0,-54.0
1776886372.3941028,-4.0,0.0,-57.0
1776886372.4041028,-6.0,-2.0,-61.0
1776886372.4141028,-4.0,-3.0,-56.0
1776886372.4241028,-3.0,-3.0,-52.0
1776886372.4341028,0.0,-5.0,-42.0
1776886372.4441028,0.0,-3.0,-41.0
1776886372.4541028,-3.0,-3.0,-45.0
1776886372.4641027,-1.0,-2.0,-40.0
1776886372.4741027,9.0,-2.0,-40.0
1776886372.4841027,7.0,-2.0,-32.0
1776886372.4941027,4.0,-1.0,-29.0
1776886372.5041027,4.0,-3.0,-35.0
1776886372.5141027,5.0,-7.0,-43.0
1776886372.5241027,7.0,-8.0,-42.0
1776886372.534103,6.0,-10.0,-36.0
1776886372.544103,6.0,-10.0,-43.0
1776886372.554103,3.0,-11.0,-47.0
1776886372.5641026,0.0,-9.0,-42.0
1776886372.5741026,0.0,-8.0,-46.0
1776886372.5841026,0.0,-7.0,-44.0
1776886372.5941026,-1.0,-3.0,-41.0
1776886372.6041028,-3.0,-2.0,-44.0
1776886372.6141028,-3.0,-1.0,-46.0
1776886372.6241028,-4.0,-1.0,-44.0
1776886372.6341028,-3.0,1.0,-46.0
1776886372.6441028,1.0,4.0,-45.0
1776886372.6541028,2.0,5.0,-45.0
1776886372.6641028,1.0,2.0,-35.0
1776886372.6741028,5.0,0.0,-36.0
1776886372.6841028,6.0,0.0,-30.0
1776886372.6941028,4.0,0.0,-28.0
1776886372.7041028,0.0,-1.0,-25.0
1776886372.7141027,0.0,0.0,-29.0
1776886372.7241027,1.0,0.0,-33.0
1776886372.7341027,0.0,-2.0,-26.0
1776886372.7441027,5.0,-2.0,-26.0
1776886372.7541027,0.0,-4.0,-34.0
1776886372.7641027,1.0,-3.0,-35.0
1776886372.7741027,2.0,-4.0,-38.0
1776886372.784103,4.0,-5.0,-40.0
1776886372.794103,2.0,-4.0,-36.0
1776886372.804103,4.0,-2.0,-44.0
1776886372.8141026,3.0,1.0,-37.0
1776886372.8241026,1.0,0.0,-37.0
1776886372.8341026,0.0,-1.0,-33.0
1776886372.8441026,0.0,0.0,-29.0
1776886372.8541028,-3.0,2.0,-37.0
1776886372.8641028,0.0,5.0,-43.0
1776886372.8741028,2.0,5.0,-38.0
1776886372.8841028,2.0,7.0,-35.0
1776886372.8941028,0.0,2.0,-36.0
1776886372.9041028,-1.0,2.0,-39.0
1776886372.9141028,-1.0,1.0,-46.0
1776886372.9241028,0.0,0.0,-47.0
1776886372.9341028,2.0,0.0,-52.0
1776886372.9441028,0.0,0.0,-46.0
1776886372.9541028,2.0,0.0,-44.0
1776886372.9641027,-1.0,0.0,-40.0
1776886372.9741027,-2.0,-5.0,-31.0
1776886372.9841027,-2.0,-2.0,-32.0
1776886372.9941027,-4.0,2.0,-27.0
1776886373.0041027,-4.0,5.0,-27.0
1776886373.0141027,-6.0,6.0,-28.0
1776886373.0241027,-3.0,6.0,-30.0
1776886373.034103,0.0,1.0,-36.0
1776886373.044103,2.0,-1.0,-36.0
1776886373.054103,5.0,-4.0,-41.0
1776886373.0641026,7.0,-5.0,-46.0
1776886373.0741026,5.0,-4.0,-48.0
1776886373.0841026,2.0,-1.0,-46.0
1776886373.0941026,0.0,0.0,-42.0
1776886373.1041028,0.0,1.0,-38.0
1776886373.1141028,1.0,-5.0,-35.0
1776886373.1241028,1.0,-5.0,-37.0
1776886373.1341028,1.0,-5.0,-44.0
1776886373.1441028,-1.0,-2.0,-39.0
1776886373.1541028,-3.0,3.0,-39.0
1776886373.1641028,0.0,4.0,-44.0
1776886373.1741028,-4.0,0.0,-50.0
1776886373.1841028,-5.0,0.0,-51.0
1776886373.1941028,-4.0,-1.0,-41.0
1776886373.2041028,-6.0,-1.0,-44.0
1776886373.2141027,-7.0,1.0,-37.0
1776886373.2241027,-11.0,5.0,-42.0
1776886373.2341027,-7.0,0.0,-44.0
1776886373.2441027,-3.0,-5.0,-40.0
1776886373.2541027,-1.0,-5.0,-40.0
1776886373.2641027,2.0,0.0,-40.0
1776886373.2741027,0.0,0.0,-42.0
1776886373.284103,2.0,1.0,-37.0
1776886373.294103,3.0,0.0,-35.0
1776886373.304103,1.0,1.0,-37.0
1776886373.3141026,1.0,2.0,-39.0
1776886373.3241026,2.0,0.0,-40.0
1776886373.3341026,-2.0,-1.0,-40.0
1776886373.3441026,-3.0,0.0,-43.0
1776886373.3541028,-5.0,-3.0,-41.0
1776886373.3641028,-3.0,1.0,-34.0
1776886373.3741028,0.0,2.0,-33.0
1776886373.3841028,1.0,0.0,-39.0
1776886373.3951027,1.0,1.0,-38.0
1776886373.4051027,0.0,0.0,-38.0
1776886373.4151027,-1.0,0.0,-40.0
1776886373.4251027,0.0,-3.0,-40.0
1776886373.4351027,4.0,-3.0,-44.0
1776886373.4451027,4.0,-5.0,-43.0
1776886373.4551027,4.0,-2.0,-34.0
1776886373.465103,4.0,-2.0,-37.0
1776886373.475103,0.0,0.0,-42.0
1776886373.485103,-2.0,1.0,-43.0
1776886373.4951026,0.0,1.0,-50.0
1776886373.5051026,-6.0,0.0,-47.0
1776886373.5151026,-6.0,-1.0,-43.0
1776886373.5251029,-2.0,-1.0,-45.0
1776886373.5351028,-6.0,-1.0,-42.0
1776886373.5451028,-6.0,-1.0,-41.0
1776886373.5551028,-2.0,0.0,-42.0
1776886373.5651028,-1.0,2.0,-44.0
1776886373.5751028,-7.0,-1.0,-43.0
1776886373.5851028,-6.0,0.0,-39.0
1776886373.5951028,0.0,-3.0,-41.0
1776886373.6051028,0.0,-6.0,-45.0
1776886373.6151028,5.0,-5.0,-43.0
1776886373.6251028,3.0,-5.0,-41.0
1776886373.6351027,2.0,-2.0,-46.0
1776886373.6451027,-1.0,-3.0,-45.0
1776886373.6551027,0.0,-3.0,-41.0
1776886373.6651027,2.0,-6.0,-44.0
1776886373.6751027,0.0,-5.0,-44.0
1776886373.6851027,0.0,-7.0,-39.0
1776886373.6951027,0.0,-5.0,-36.0
1776886373.7051027,4.0,-2.0,-32.0
1776886373.715103,2.0,0.0,-34.0
1776886373.725103,-1.0,0.0,-35.0
1776886373.735103,-2.0,1.0,-32.0
1776886373.7451026,-4.0,-7.0,-25.0
1776886373.7551026,-1.0,-4.0,-24.0
1776886373.7651026,3.0,-5.0,-23.0
1776886373.7751029,6.0,-4.0,-22.0
1776886373.7851028,0.0,-2.0,-33.0
1776886373.7951028,5.0,-1.0,-34.0
1776886373.8051028,4.0,-1.0,-33.0
1776886373.8151028,-1.0,-4.0,-31.0
1776886373.8251028,-9.0,-2.0,-35.0
1776886373.8351028,-6.0,-1.0,-38.0
1776886373.8451028,-3.0,-2.0,-38.0
1776886373.8551028,2.0,-1.0,-35.0
1776886373.8651028,2.0,0.0,-37.0
1776886373.8751028,0.0,1.0,-34.0
1776886373.8851027,0.0,-1.0,-29.0
1776886373.8951027,-4.0,0.0,-35.0
1776886373.9051027,-2.0,-1.0,-31.0
1776886373.9151027,-3.0,-2.0,-31.0
1776886373.9251027,-2.0,-2.0,-33.0
1776886373.9351027,0.0,-4.0,-35.0
1776886373.9451027,0.0,-6.0,-38.0
1776886373.9551027,0.0,-1.0,-41.0
1776886373.965103,-2.0,0.0,-41.0
1776886373.975103,-3.0,5.0,-40.0
1776886373.985103,-5.0,0.0,-44.0
1776886373.9951026,1.0,-1.0,-38.0
1776886374.0051026,3.0,0.0,-36.0
1776886374.0151026,-2.0,-3.0,-38.0
1776886374.0251029,-3.0,0.0,-44.0
1776886374.0351028,-3.0,2.0,-45.0
1776886374.0451028,-2.0,5.0,-43.0
1776886374.0551028,-5.0,4.0,-44.0
1776886374.0651028,-5.0,4.0,-48.0
1776886374.0751028,0.0,0.0,-44.0
1776886374.0851028,2.0,1.0,-43.0
1776886374.0951028,5.0,-4.0,-47.0
1776886374.1051028,4.0,-5.0,-47.0
1776886374.1151028,1.0,-1.0,-48.0
1776886374.1251028,2.0,-2.0,-40.0
1776886374.1351027,3.0,-1.0,-38.0
1776886374.1451027,3.0,2.0,-43.0
1776886374.1551027,4.0,-1.0,-42.0
1776886374.1651027,6.0,-3.0,-41.0
1776886374.1751027,3.0,-5.0,-43.0
1776886374.1851027,0.0,-1.0,-45.0
1776886374.1951027,-2.0,1.0,-39.0
1776886374.2051027,2.0,0.0,-44.0
1776886374.215103,2.0,0.0,-41.0
1776886374.225103,3.0,3.0,-40.0
1776886374.235103,0.0,6.0,-42.0
1776886374.2451026,0.0,5.0,-40.0
1776886374.2551026,1.0,4.0,-37.0
1776886374.2651026,5.0,0.0,-36.0
1776886374.2751029,0.0,-3.0,-33.0
1776886374.2851028,0.0,0.0,-29.0
1776886374.2951028,-2.0,0.0,-36.0
1776886374.3051028,-2.0,1.0,-41.0
1776886374.3151028,0.0,2.0,-39.0
1776886374.3251028,6.0,0.0,-28.0
1776886374.3351028,1.0,-3.0,-26.0
1776886374.3451028,-3.0,-3.0,-26.0
1776886374.3551028,-2.0,-1.0,-30.0
1776886374.3651028,1.0,-5.0,-33.0
1776886374.3751028,1.0,-4.0,-37.0
1776886374.3851027,0.0,-3.0,-43.0
1776886374.3951027,0.0,-5.0,-36.0
1776886374.4051027,3.0,-4.0,-32.0
1776886374.4151027,8.0,-4.0,-37.0
1776886374.4251027,8.0,-6.0,-37.0
1776886374.4351027,9.0,-5.0,-41.0
1776886374.4451027,9.0,-6.0,-42.0
1776886374.4551027,7.0,-5.0,-42.0
1776886374.465103,6.0,-4.0,-48.0
1776886374.475103,10.0,-3.0,-47.0
1776886374.485103,8.0,-5.0,-43.0
1776886374.4951026,3.0,-8.0,-45.0
1776886374.5051026,5.0,-7.0,-45.0
1776886374.5151026,2.0,-5.0,-39.0
1776886374.5251029,0.0,-5.0,-41.0
1776886374.5351028,-3.0,-2.0,-40.0
1776886374.5451028,-3.0,0.0,-43.0
1776886374.5551028,-3.0,-2.0,-41.0
1776886374.5651028,2.0,-2.0,-38.0
1776886374.5751028,3.0,-2.0,-40.0
1776886374.5851028,1.0,0.0,-42.0
1776886374.5951028,0.0,1.0,-44.0
1776886374.6051028,1.0,2.0,-48.0
1776886374.6151028,7.0,3.0,-47.0
1776886374.6251028,2.0,1.0,-49.0
1776886374.6351027,1.0,-5.0,-46.0
1776886374.6451027,1.0,-1.0,-44.0
1776886374.6551027,0.0,0.0,-36.0
1776886374.6651027,3.0,1.0,-39.0
1776886374.6751027,8.0,-2.0,-41.0
1776886374.6851027,5.0,-2.0,-44.0
1776886374.6951027,7.0,-6.0,-40.0
1776886374.7051027,5.0,-5.0,-28.0
1776886374.715103,0.0,-4.0,-26.0
1776886374.725103,-2.0,-4.0,-22.0
1776886374.735103,-1.0,-2.0,-32.0
1776886374.7451026,-1.0,-2.0,-37.0
1776886374.7551026,0.0,-3.0,-41.0
1776886374.7651026,0.0,1.0,-41.0
1776886374.7751029,-3.0,2.0,-49.0
1776886374.7851028,-2.0,0.0,-43.0
1776886374.7951028,0.0,1.0,-38.0
1776886374.8051028,6.0,-1.0,-33.0
1776886374.8151028,4.0,-1.0,-34.0
1776886374.8251028,1.0,1.0,-31.0
1776886374.8351028,3.0,2.0,-35.0
1776886374.8451028,4.0,2.0,-29.0
1776886374.8551028,4.0,0.0,-27.0
1776886374.8651028,0.0,4.0,-38.0
1776886374.8751028,0.0,4.0,-40.0
1776886374.8851027,0.0,4.0,-36.0
1776886374.8951027,-1.0,2.0,-34.0
1776886374.9051027,-5.0,2.0,-38.0
1776886374.9151027,-2.0,0.0,-37.0
1776886374.9251027,0.0,-3.0,-34.0
1776886374.9351027,-1.0,-1.0,-37.0
1776886374.9451027,0.0,-2.0,-33.0
1776886374.9551027,-1.0,-3.0,-33.0
1776886374.965103,-2.0,-4.0,-34.0
1776886374.975103,-2.0,-5.0,-31.0
1776886374.985103,-1.0,-3.0,-36.0
1776886374.9951026,0.0,-4.0,-36.0
1776886375.0051026,-2.0,-5.0,-40.0
1776886375.0151026,-2.0,-5.0,-41.0
1776886375.0251029,-6.0,-6.0,-43.0
1776886375.0351028,-5.0,-7.0,-44.0
1776886375.0451028,-2.0,-10.0,-52.0
1776886375.0551028,-4.0,-10.0,-46.0
1776886375.0651028,-3.0,-10.0,-45.0
1776886375.0751028,-1.0,-6.0,-49.0
1776886375.0851028,-2.0,-4.0,-42.0
1776886375.0951028,-2.0,-1.0,-37.0
1776886375.1051028,0.0,0.0,-40.0
1776886375.1151028,-2.0,-1.0,-38.0
1776886375.1251028,-2.0,-3.0,-35.0
1776886375.1351027,-5.0,-7.0,-35.0
1776886375.1451027,-8.0,-6.0,-33.0
1776886375.1551027,-11.0,-3.0,-30.0
1776886375.1651027,-11.0,0.0,-33.0
1776886375.1751027,-7.0,0.0,-29.0
1776886375.1851027,-1.0,0.0,-28.0
1776886375.1951027,0.0,-1.0,-37.0
1776886375.2051027,-2.0,-2.0,-36.0
1776886375.215103,-6.0,0.0,-30.0
1776886375.225103,-6.0,-2.0,-27.0
1776886375.235103,-6.0,-1.0,-27.0
1776886375.2451026,-9.0,-3.0,-37.0
1776886375.2551026,-12.0,0.0,-39.0
1776886375.2651026,-10.0,0.0,-38.0
1776886375.2751029,-9.0,0.0,-40.0
1776886375.2851028,-3.0,0.0,-39.0
1776886375.2951028,1.0,2.0,-35.0
1776886375.3051028,2.0,0.0,-35.0
1776886375.3151028,1.0,-5.0,-34.0
1776886375.3251028,2.0,-2.0,-36.0
1776886375.3351028,6.0,-4.0,-37.0
1776886375.3451028,2.0,-4.0,-33.0
1776886375.3551028,5.0,-4.0,-32.0
1776886375.3651028,8.0,-2.0,-27.0
1776886375.3751028,14.0,0.0,-31.0
1776886375.386103,10.0,3.0,-33.0
1776886375.396103,7.0,-2.0,-38.0
1776886375.406103,5.0,0.0,-42.0
1776886375.4161026,7.0,0.0,-37.0
1776886375.4261026,7.0,0.0,-41.0
1776886375.4361026,2.0,2.0,-44.0
1776886375.4461029,3.0,0.0,-51.0
1776886375.4561028,0.0,-3.0,-50.0
1776886375.4661028,-1.0,-1.0,-48.0
1776886375.4761028,3.0,-1.0,-47.0
1776886375.4861028,4.0,-1.0,-49.0
1776886375.4961028,11.0,-2.0,-46.0
1776886375.5061028,7.0,0.0,-46.0
1776886375.5161028,5.0,0.0,-51.0
1776886375.5261028,4.0,1.0,-51.0
1776886375.5361028,5.0,5.0,-47.0
1776886375.5471027,5.0,4.0,-43.0
1776886375.5561028,-1.0,-1.0,-32.0
1776886375.5661027,-3.0,-1.0,-32.0
1776886375.5761027,-3.0,-1.0,-33.0
1776886375.5861027,-1.0,-1.0,-35.0
1776886375.5961027,2.0,-1.0,-37.0
1776886375.6061027,4.0,0.0,-37.0
1776886375.6161027,7.0,0.0,-28.0
1776886375.6261027,5.0,4.0,-25.0
1776886375.636103,0.0,5.0,-25.0
1776886375.646103,-2.0,4.0,-24.0
1776886375.656103,-5.0,2.0,-25.0
1776886375.6661026,-8.0,1.0,-26.0
1776886375.6761026,-5.0,1.0,-28.0
1776886375.6861026,-2.0,0.0,-30.0
1776886375.6961029,0.0,0.0,-31.0
1776886375.7061028,0.0,3.0,-35.0
1776886375.7161028,2.0,-2.0,-41.0
1776886375.7261028,6.0,-6.0,-45.0
1776886375.7361028,9.0,-5.0,-41.0
1776886375.7461028,4.0,-3.0,-38.0
1776886375.7561028,4.0,-1.0,-34.0
1776886375.7661028,2.0,0.0,-32.0
1776886375.7761028,3.0,0.0,-35.0
1776886375.7861028,-1.0,1.0,-41.0
1776886375.7961028,-5.0,3.0,-39.0
1776886375.8061028,-1.0,4.0,-45.0
1776886375.8161027,1.0,7.0,-48.0
1776886375.8261027,-1.0,9.0,-55.0
1776886375.8361027,-3.0,5.0,-49.0
1776886375.8461027,0.0,0.0,-43.0
1776886375.8561027,3.0,-1.0,-39.0
1776886375.8661027,0.0,-3.0,-44.0
1776886375.8761027,0.0,-2.0,-48.0
1776886375.886103,-3.0,-4.0,-42.0
1776886375.896103,-3.0,-2.0,-36.0
1776886375.906103,-2.0,-6.0,-31.0
1776886375.9161026,-7.0,-9.0,-31.0
1776886375.9261026,-3.0,-7.0,-32.0
1776886375.9361026,-4.0,-4.0,-32.0
1776886375.9461029,-4.0,-8.0,-33.0
1776886375.9561028,-3.0,-2.0,-32.0
1776886375.9661028,1.0,-1.0,-35.0
1776886375.9761028,0.0,-2.0,-35.0
1776886375.9861028,1.0,-4.0,-39.0
1776886375.9961028,0.0,-6.0,-38.0
1776886376.0061028,1.0,0.0,-40.0
1776886376.0161028,2.0,-4.0,-41.0
1776886376.0261028,0.0,-7.0,-39.0
1776886376.0361028,-2.0,-6.0,-38.0
1776886376.0461028,5.0,-3.0,-42.0
1776886376.0561028,5.0,0.0,-44.0
1776886376.0661027,1.0,0.0,-48.0
1776886376.0761027,3.0,0.0,-38.0
1776886376.0861027,6.0,-1.0,-37.0
1776886376.0961027,2.0,0.0,-40.0
1776886376.1061027,8.0,1.0,-38.0
1776886376.1161027,6.0,0.0,-36.0
1776886376.1261027,9.0,-3.0,-36.0
1776886376.136103,12.0,0.0,-27.0
1776886376.146103,10.0,0.0,-31.0
1776886376.156103,3.0,1.0,-27.0
1776886376.1661026,5.0,0.0,-22.0
1776886376.1761026,2.0,-2.0,-25.0
1776886376.1861026,-1.0,-1.0,-31.0
1776886376.1961029,0.0,-2.0,-39.0
1776886376.2061028,-2.0,-2.0,-36.0
1776886376.2161028,-1.0,-6.0,-37.0
1776886376.2261028,2.0,-1.0,-41.0
1776886376.2361028,2.0,-3.0,-38.0
1776886376.2461028,9.0,-5.0,-36.0
1776886376.2561028,6.0,-10.0,-37.0
1776886376.2661028,2.0,-12.0,-36.0
1776886376.2761028,5.0,-7.0,-39.0
1776886376.2861028,5.0,-2.0,-45.0
1776886376.2961028,4.0,-1.0,-49.0
1776886376.3061028,7.0,-1.0,-47.0
1776886376.3161027,3.0,0.0,-50.0
1776886376.3261027,0.0,0.0,-44.0
1776886376.3361027,-2.0,0.0,-37.0
1776886376.3461027,-5.0,0.0,-35.0
1776886376.3561027,-6.0,3.0,-36.0
1776886376.3661027,-5.0,5.0,-47.0
1776886376.3761027,-3.0,3.0,-44.0
1776886376.386103,3.0,4.0,-46.0
1776886376.396103,5.0,4.0,-48.0
1776886376.406103,1.0,1.0,-45.0
1776886376.4161026,3.0,1.0,-50.0
1776886376.4261026,3.0,4.0,-45.0
1776886376.4361026,0.0,2.0,-51.0
1776886376.4461029,-1.0,-2.0,-46.0
1776886376.4561028,1.0,-5.0,-43.0
1776886376.4661028,2.0,-6.0,-36.0
1776886376.4761028,0.0,-8.0,-38.0
1776886376.4861028,-5.0,-5.0,-43.0
1776886376.4961028,-6.0,-4.0,-41.0
1776886376.5061028,-2.0,-2.0,-44.0
1776886376.5161028,-2.0,-1.0,-40.0
1776886376.5261028,-7.0,-2.0,-33.0
1776886376.5361028,-7.0,-4.0,-34.0
1776886376.5461028,-5.0,-3.0,-36.0
1776886376.5561028,-4.0,-5.0,-34.0
1776886376.5661027,0.0,-4.0,-34.0
1776886376.5761027,-5.0,1.0,-41.0
1776886376.5861027,-1.0,-2.0,-43.0
1776886376.5961027,-3.0,-3.0,-43.0
1776886376.6061027,-1.0,-4.0,-51.0
1776886376.6161027,-3.0,-6.0,-43.0
1776886376.6261027,-2.0,-7.0,-41.0
1776886376.636103,2.0,-8.0,-50.0
1776886376.646103,5.0,-8.0,-52.0
1776886376.656103,1.0,-4.0,-49.0
1776886376.6661026,0.0,1.0,-46.0
1776886376.6761026,1.0,2.0,-46.0
1776886376.6861026,-1.0,6.0,-49.0
1776886376.6961029,-1.0,1.0,-45.0
1776886376.7061028,1.0,0.0,-45.0
1776886376.7161028,-1.0,-1.0,-42.0
1776886376.7261028,-2.0,-2.0,-44.0
1776886376.7361028,0.0,-2.0,-45.0
1776886376.7461028,1.0,-8.0,-38.0
1776886376.7561028,-4.0,-6.0,-37.0
1776886376.7661028,-2.0,-6.0,-35.0
1776886376.7761028,-4.0,-5.0,-31.0
1776886376.7861028,-3.0,-5.0,-38.0
1776886376.7961028,-4.0,0.0,-46.0
1776886376.8061028,-6.0,0.0,-38.0
1776886376.8161027,-4.0,2.0,-40.0
1776886376.8261027,-2.0,1.0,-50.0
1776886376.8361027,4.0,0.0,-50.0
1776886376.8461027,1.0,-3.0,-49.0
1776886376.8561027,0.0,-2.0,-44.0
1776886376.8661027,-6.0,0.0,-45.0
1776886376.8761027,-7.0,4.0,-35.0
1776886376.886103,-1.0,4.0,-32.0
1776886376.896103,-3.0,1.0,-41.0
1776886376.906103,-2.0,3.0,-46.0
1776886376.9161026,-4.0,4.0,-44.0
1776886376.9261026,-7.0,2.0,-40.0
1776886376.9361026,-6.0,0.0,-41.0
1776886376.9461029,-7.0,-1.0,-34.0
1776886376.9561028,-5.0,-2.0,-34.0
1776886376.9661028,-1.0,-2.0,-34.0
1776886376.9761028,0.0,0.0,-30.0
1776886376.9861028,0.0,0.0,-36.0
1776886376.9961028,3.0,1.0,-43.0
1776886377.0061028,6.0,3.0,-42.0
1776886377.0161028,5.0,0.0,-48.0
1776886377.0261028,3.0,-4.0,-47.0
1776886377.0361028,4.0,-3.0,-51.0
1776886377.0461028,4.0,-3.0,-44.0
1776886377.0561028,4.0,1.0,-44.0
1776886377.0661027,1.0,3.0,-52.0
1776886377.0761027,-5.0,3.0,-41.0
1776886377.0861027,-4.0,1.0,-40.0
1776886377.0961027,-5.0,5.0,-43.0
1776886377.1061027,-4.0,-1.0,-38.0
1776886377.1161027,-8.0,1.0,-39.0
1776886377.1261027,-7.0,2.0,-37.0
1776886377.136103,-3.0,-6.0,-30.0
1776886377.146103,-2.0,-3.0,-34.0
1776886377.156103,-5.0,2.0,-39.0
1776886377.1661026,-3.0,2.0,-35.0
1776886377.1761026,-2.0,0.0,-35.0
1776886377.1861026,-1.0,0.0,-34.0
1776886377.1961029,-3.0,-2.0,-34.0
1776886377.2061028,-3.0,1.0,-37.0
1776886377.2161028,-4.0,0.0,-41.0
1776886377.2261028,-2.0,-3.0,-44.0
1776886377.2361028,0.0,0.0,-53.0
1776886377.2461028,3.0,0.0,-52.0
1776886377.2561028,5.0,3.0,-47.0
1776886377.2661028,-3.0,5.0,-47.0
1776886377.2761028,-3.0,4.0,-46.0
1776886377.2861028,0.0,2.0,-52.0
1776886377.2961028,1.0,-2.0,-48.0
1776886377.3061028,-2.0,2.0,-44.0
1776886377.3161027,-1.0,1.0,-41.0
1776886377.3261027,-2.0,0.0,-41.0
1776886377.3361027,0.0,0.0,-42.0
1776886377.3461027,-1.0,-3.0,-39.0
1776886377.3571026,3.0,0.0,-41.0
1776886377.3661027,-1.0,4.0,-40.0
1776886377.3771029,-2.0,4.0,-36.0
1776886377.3871028,1.0,0.0,-41.0
1776886377.3971028,0.0,0.0,-39.0
1776886377.4071028,0.0,-1.0,-35.0
1776886377.4171028,2.0,-1.0,-36.0
1776886377.4271028,6.0,0.0,-39.0
1776886377.4371028,4.0,-2.0,-42.0
1776886377.4471028,3.0,-1.0,-40.0
1776886377.4571028,0.0,-2.0,-40.0
1776886377.4671028,0.0,-4.0,-48.0
1776886377.4771028,0.0,-6.0,-51.0
1776886377.4871027,-2.0,-10.0,-48.0
1776886377.4971027,-2.0,-5.0,-44.0
1776886377.5071027,2.0,0.0,-41.0
1776886377.5171027,3.0,-2.0,-42.0
1776886377.5271027,3.0,2.0,-34.0
1776886377.5371027,5.0,0.0,-39.0
1776886377.5471027,7.0,2.0,-34.0
1776886377.557103,5.0,3.0,-33.0
1776886377.567103,4.0,1.0,-44.0
1776886377.577103,-1.0,0.0,-43.0
1776886377.587103,-1.0,-2.0,-44.0
1776886377.5971026,0.0,-3.0,-40.0
1776886377.6071026,-1.0,-3.0,-41.0
1776886377.6171026,3.0,-8.0,-37.0
1776886377.6271029,4.0,-5.0,-40.0
1776886377.6371028,0.0,1.0,-35.0
1776886377.6471028,-2.0,-1.0,-40.0
1776886377.6571028,-7.0,-1.0,-41.0
1776886377.6671028,0.0,0.0,-40.0
1776886377.6771028,1.0,-5.0,-46.0
1776886377.6871028,6.0,-6.0,-46.0
1776886377.6971028,1.0,-3.0,-46.0
1776886377.7071028,-2.0,-2.0,-51.0
1776886377.7171028,-2.0,0.0,-49.0
1776886377.7271028,-5.0,2.0,-42.0
1776886377.7371027,-3.0,5.0,-45.0
1776886377.7471027,-1.0,3.0,-48.0
1776886377.7571027,0.0,5.0,-44.0
1776886377.7671027,-3.0,6.0,-43.0
1776886377.7771027,-4.0,8.0,-38.0
1776886377.7871027,0.0,9.0,-33.0
1776886377.7971027,0.0,8.0,-29.0
1776886377.807103,5.0,6.0,-29.0
1776886377.817103,10.0,5.0,-30.0
1776886377.827103,6.0,2.0,-28.0
1776886377.837103,8.0,3.0,-35.0
1776886377.8471026,9.0,3.0,-32.0
1776886377.8571026,9.0,2.0,-25.0
1776886377.8671026,9.0,6.0,-26.0
1776886377.8771029,10.0,2.0,-32.0
1776886377.8871028,7.0,3.0,-41.0
1776886377.8971028,4.0,5.0,-40.0
1776886377.9071028,4.0,8.0,-43.0
1776886377.9171028,5.0,4.0,-44.0
1776886377.9271028,4.0,2.0,-44.0
1776886377.9371028,6.0,-1.0,-49.0
1776886377.9471028,4.0,-5.0,-47.0
1776886377.9571028,1.0,-5.0,-49.0
1776886377.9671028,1.0,-4.0,-48.0
1776886377.9771028,3.0,0.0,-48.0
1776886377.9871027,0.0,0.0,-52.0
1776886377.9971027,0.0,-1.0,-47.0
1776886378.0071027,2.0,-3.0,-46.0
1776886378.0171027,2.0,-1.0,-45.0
1776886378.0271027,8.0,-6.0,-43.0
1776886378.0371027,11.0,-7.0,-48.0
1776886378.0471027,10.0,-8.0,-46.0
1776886378.057103,9.0,-7.0,-44.0
1776886378.067103,6.0,-4.0,-44.0
1776886378.077103,6.0,-1.0,-40.0
1776886378.087103,5.0,-3.0,-33.0
1776886378.0971026,-1.0,-3.0,-33.0
1776886378.1071026,-3.0,-2.0,-37.0
1776886378.1171026,-5.0,0.0,-36.0
1776886378.1271029,-2.0,0.0,-35.0
1776886378.1371028,-3.0,-2.0,-41.0
1776886378.1471028,-2.0,-5.0,-46.0
1776886378.1571028,-3.0,-4.0,-35.0
1776886378.1671028,-4.0,-4.0,-31.0
1776886378.1771028,-10.0,-1.0,-37.0
1776886378.1871028,-9.0,0.0,-43.0
1776886378.1971028,-7.0,0.0,-43.0
1776886378.2071028,-6.0,-1.0,-42.0
1776886378.2171028,-4.0,-2.0,-35.0
1776886378.2271028,-3.0,-3.0,-40.0
1776886378.2371027,-2.0,0.0,-39.0
1776886378.2471027,-1.0,0.0,-38.0
1776886378.2571027,5.0,-5.0,-41.0
1776886378.2671027,8.0,-8.0,-41.0
1776886378.2771027,4.0,-4.0,-32.0
1776886378.2871027,2.0,0.0,-33.0
1776886378.2971027,0.0,0.0,-37.0
1776886378.307103,-3.0,-2.0,-39.0
1776886378.317103,-5.0,-4.0,-44.0
1776886378.327103,-4.0,0.0,-40.0
1776886378.337103,-6.0,0.0,-44.0
1776886378.3471026,-7.0,-2.0,-45.0
1776886378.3571026,-3.0,-5.0,-46.0
1776886378.3671026,-3.0,-6.0,-45.0
1776886378.3771029,-3.0,0.0,-45.0
1776886378.3871028,-9.0,0.0,-41.0
1776886378.3971028,-12.0,-2.0,-31.0
1776886378.4071028,-9.0,-3.0,-32.0
1776886378.4171028,-6.0,0.0,-31.0
1776886378.4271028,-6.0,0.0,-40.0
1776886378.4371028,-8.0,0.0,-43.0
1776886378.4471028,-4.0,-2.0,-47.0
1776886378.4571028,-6.0,-6.0,-47.0
1776886378.4671028,0.0,-3.0,-43.0
1776886378.4771028,0.0,-3.0,-41.0
1776886378.4871027,0.0,-4.0,-43.0
1776886378.4971027,-3.0,-3.0,-38.0
1776886378.5071027,-5.0,-2.0,-39.0
1776886378.5171027,-5.0,-3.0,-44.0
1776886378.5271027,-6.0,-1.0,-43.0
1776886378.5371027,-6.0,-1.0,-42.0
1776886378.5471027,1.0,-5.0,-45.0
1776886378.557103,3.0,-5.0,-45.0
1776886378.567103,3.0,-8.0,-41.0
1776886378.577103,0.0,-8.0,-44.0
1776886378.587103,0.0,-8.0,-46.0
1776886378.5971026,-1.0,-12.0,-44.0
1776886378.6071026,2.0,-10.0,-44.0
1776886378.6171026,3.0,-8.0,-37.0
1776886378.6271029,6.0,-9.0,-39.0
1776886378.6371028,5.0,-6.0,-31.0
1776886378.6471028,1.0,-8.0,-31.0
1776886378.6571028,0.0,-8.0,-30.0
1776886378.6671028,-3.0,-10.0,-33.0
1776886378.6771028,-4.0,-11.0,-37.0
1776886378.6871028,-3.0,-12.0,-37.0
1776886378.6971028,-1.0,-10.0,-41.0
1776886378.7071028,-4.0,-11.0,-42.0
1776886378.7171028,-5.0,-7.0,-36.0
1776886378.7271028,-7.0,-8.0,-37.0
1776886378.7371027,-6.0,-8.0,-40.0
1776886378.7471027,-4.0,-5.0,-34.0
1776886378.7571027,-4.0,-4.0,-37.0
1776886378.7671027,-8.0,-4.0,-32.0
1776886378.7771027,-10.0,-1.0,-29.0
1776886378.7871027,-8.0,-2.0,-24.0
1776886378.7971027,-4.0,0.0,-29.0
1776886378.807103,-5.0,0.0,-26.0
1776886378.817103,-4.0,-1.0,-28.0
1776886378.827103,-5.0,-3.0,-30.0
1776886378.837103,-3.0,0.0,-34.0
1776886378.8471026,0.0,4.0,-34.0
1776886378.8571026,-1.0,4.0,-38.0
1776886378.8671026,1.0,2.0,-43.0
1776886378.8771029,0.0,1.0,-40.0
1776886378.8871028,0.0,4.0,-42.0
1776886378.8971028,1.0,3.0,-38.0
1776886378.9071028,-2.0,4.0,-38.0
1776886378.9171028,-4.0,2.0,-38.0
1776886378.9271028,0.0,0.0,-38.0
1776886378.9371028,7.0,-1.0,-37.0
1776886378.9471028,8.0,-3.0,-43.0
1776886378.9571028,2.0,-3.0,-45.0
1776886378.9671028,-2.0,-3.0,-41.0
1776886378.9771028,-6.0,-2.0,-39.0
1776886378.9871027,-3.0,-4.0,-36.0
1776886378.9971027,-1.0,-5.0,-35.0
1776886379.0071027,-3.0,-1.0,-38.0
1776886379.0171027,1.0,-7.0,-40.0
1776886379.0271027,5.0,-10.0,-37.0
1776886379.0371027,3.0,-6.0,-33.0
1776886379.0471027,0.0,-4.0,-35.0
1776886379.057103,-2.0,0.0,-41.0
1776886379.067103,-1.0,0.0,-42.0
1776886379.077103,0.0,-5.0,-40.0
1776886379.087103,-3.0,-4.0,-37.0
1776886379.0971026,-7.0,-3.0,-35.0
1776886379.1071026,-6.0,-2.0,-39.0
1776886379.1171026,-5.0,-3.0,-45.0
1776886379.1271029,1.0,-5.0,-40.0
1776886379.1371028,8.0,-5.0,-44.0
1776886379.1471028,5.0,-5.0,-46.0
1776886379.1571028,5.0,-5.0,-51.0
1776886379.1671028,4.0,-8.0,-51.0
1776886379.1771028,3.0,-4.0,-56.0
1776886379.1871028,0.0,-1.0,-51.0
1776886379.1971028,4.0,0.0,-46.0
1776886379.2071028,3.0,0.0,-35.0
1776886379.2171028,0.0,-2.0,-33.0
1776886379.2271028,1.0,0.0,-40.0
1776886379.2371027,3.0,-1.0,-44.0
1776886379.2471027,0.0,-2.0,-40.0
1776886379.2571027,0.0,-1.0,-37.0
1776886379.2671027,-2.0,-4.0,-30.0
1776886379.2771027,-1.0,-7.0,-25.0
1776886379.2871027,0.0,-5.0,-24.0
1776886379.2971027,0.0,-8.0,-33.0
1776886379.307103,0.0,-5.0,-37.0
1776886379.317103,4.0,-4.0,-41.0
1776886379.327103,4.0,0.0,-37.0
1776886379.337103,4.0,-1.0,-33.0
1776886379.3471026,4.0,-5.0,-39.0
1776886379.3571026,2.0,-6.0,-38.0
1776886379.3671026,5.0,-7.0,-29.0
1776886379.3781028,8.0,-4.0,-27.0
1776886379.3881028,4.0,-2.0,-37.0
1776886379.3981028,3.0,-3.0,-37.0
1776886379.4081028,-3.0,-4.0,-35.0
1776886379.4181027,-7.0,-5.0,-29.0
1776886379.4281027,-2.0,-3.0,-27.0
1776886379.4381027,-3.0,-4.0,-29.0
1776886379.4481027,-4.0,0.0,-33.0
1776886379.4581027,-4.0,-5.0,-37.0
1776886379.4681027,-3.0,-4.0,-41.0
1776886379.4781027,-1.0,-2.0,-42.0
1776886379.488103,-1.0,-4.0,-38.0
1776886379.498103,0.0,-6.0,-40.0
1776886379.508103,4.0,-5.0,-31.0
1776886379.5181026,6.0,0.0,-37.0
1776886379.5281026,8.0,0.0,-38.0
1776886379.5381026,3.0,0.0,-40.0
1776886379.5481029,2.0,-3.0,-38.0
1776886379.5581028,4.0,-1.0,-38.0
1776886379.5681028,1.0,0.0,-39.0
1776886379.5781028,6.0,-2.0,-41.0
1776886379.5881028,3.0,-1.0,-38.0
1776886379.5981028,1.0,4.0,-26.0
1776886379.6081028,3.0,7.0,-27.0
1776886379.6181028,3.0,6.0,-33.0
1776886379.6281028,4.0,3.0,-30.0
1776886379.6381028,1.0,6.0,-28.0
1776886379.6481028,1.0,5.0,-33.0
1776886379.6581028,0.0,1.0,-31.0
1776886379.6681027,-2.0,2.0,-35.0
1776886379.6781027,0.0,0.0,-31.0
1776886379.6881027,4.0,0.0,-19.0
1776886379.6981027,7.0,-1.0,-22.0
1776886379.7081027,9.0,-8.0,-24.0
1776886379.7181027,5.0,-8.0,-28.0
1776886379.7281027,4.0,-5.0,-29.0
1776886379.738103,0.0,-3.0,-29.0
1776886379.748103,-2.0,-3.0,-29.0
1776886379.758103,-1.0,-4.0,-36.0
1776886379.7681026,-1.0,-5.0,-43.0
1776886379.7781026,1.0,-6.0,-37.0
1776886379.7881026,5.0,-4.0,-35.0
1776886379.7981029,4.0,-5.0,-32.0
1776886379.8081028,6.0,-4.0,-38.0
1776886379.8181028,5.0,-2.0,-41.0
1776886379.8281028,4.0,-4.0,-41.0
1776886379.8381028,2.0,-4.0,-42.0
1776886379.8481028,3.0,-2.0,-38.0
1776886379.8581028,1.0,-6.0,-40.0
1776886379.8681028,6.0,-9.0,-44.0
1776886379.8781028,1.0,-10.0,-41.0
1776886379.8881028,1.0,-9.0,-43.0
1776886379.8981028,5.0,-4.0,-41.0
1776886379.9081028,8.0,-3.0,-37.0
1776886379.9181027,7.0,-5.0,-33.0
1776886379.9281027,3.0,-1.0,-39.0
1776886379.9381027,3.0,-3.0,-40.0
1776886379.9481027,4.0,-5.0,-41.0
1776886379.9581027,2.0,-1.0,-33.0
1776886379.9681027,2.0,1.0,-38.0
1776886379.9781027,-2.0,3.0,-42.0
1776886379.988103,-2.0,6.0,-40.0
1776886379.998103,1.0,4.0,-45.0
1776886380.008103,0.0,2.0,-41.0
1776886380.0181026,-5.0,1.0,-35.0
1776886380.0281026,-6.0,0.0,-35.0
1776886380.0381026,-2.0,0.0,-35.0
1776886380.0481029,1.0,0.0,-38.0
1776886380.0581028,5.0,-2.0,-39.0
1776886380.0681028,3.0,-2.0,-35.0
1776886380.0781028,-2.0,-2.0,-35.0
1776886380.0881028,-5.0,-3.0,-33.0
1776886380.0981028,-4.0,2.0,-34.0
1776886380.1081028,-4.0,0.0,-34.0
1776886380.1181028,0.0,-1.0,-36.0
1776886380.1281028,-5.0,-2.0,-36.0
1776886380.1381028,-7.0,-4.0,-42.0
1776886380.1481028,-7.0,0.0,-37.0
1776886380.1581028,-10.0,0.0,-39.0
1776886380.1681027,-5.0,5.0,-44.0
1776886380.1781027,-2.0,8.0,-45.0
1776886380.1881027,-2.0,5.0,-45.0
1776886380.1981027,-5.0,0.0,-44.0
1776886380.2081027,-1.0,-1.0,-42.0
1776886380.2181027,0.0,1.0,-39.0
1776886380.2281027,-2.0,4.0,-38.0
1776886380.238103,-2.0,4.0,-41.0
1776886380.248103,1.0,1.0,-42.0
1776886380.258103,3.0,1.0,-43.0
1776886380.2681026,1.0,1.0,-41.0
1776886380.2781026,2.0,2.0,-43.0
1776886380.2881026,0.0,3.0,-43.0
1776886380.2981029,0.0,2.0,-33.0
1776886380.3081028,0.0,0.0,-33.0
1776886380.3181028,-2.0,-2.0,-35.0
1776886380.3281028,-2.0,0.0,-33.0
1776886380.3381028,0.0,-1.0,-34.0
1776886380.3481028,-2.0,0.0,-39.0
1776886380.3581028,-6.0,-4.0,-36.0
1776886380.3681028,-9.0,-7.0,-41.0
1776886380.3781028,-7.0,-5.0,-36.0
1776886380.3881028,-4.0,-1.0,-37.0
1776886380.3981028,-1.0,0.0,-36.0
1776886380.4081028,1.0,0.0,-28.0
1776886380.4181027,3.0,0.0,-35.0
1776886380.4281027,0.0,-1.0,-26.0
1776886380.4381027,2.0,-4.0,-27.0
1776886380.4481027,1.0,-2.0,-26.0
1776886380.4581027,7.0,-2.0,-28.0
1776886380.4681027,7.0,-3.0,-30.0
1776886380.4781027,5.0,-3.0,-35.0
1776886380.488103,1.0,1.0,-42.0
1776886380.498103,1.0,2.0,-43.0
1776886380.508103,-3.0,-1.0,-39.0
1776886380.5181026,-3.0,-2.0,-40.0
1776886380.5281026,0.0,-3.0,-45.0
1776886380.5381026,0.0,-1.0,-43.0
1776886380.5481029,2.0,-2.0,-44.0
1776886380.5581028,0.0,-2.0,-44.0
1776886380.5681028,0.0,-4.0,-38.0
1776886380.5781028,-1.0,-4.0,-44.0
1776886380.5881028,-1.0,-2.0,-39.0
1776886380.5981028,0.0,0.0,-38.0
1776886380.6081028,6.0,0.0,-36.0
1776886380.6181028,10.0,0.0,-39.0
1776886380.6281028,6.0,-2.0,-37.0
1776886380.6381028,4.0,-6.0,-27.0
1776886380.6481028,5.0,-9.0,-33.0
1776886380.6581028,7.0,-9.0,-35.0
1776886380.6681027,7.0,-10.0,-34.0
1776886380.6781027,7.0,-8.0,-33.0
1776886380.6881027,1.0,-7.0,-41.0
1776886380.6981027,4.0,-5.0,-48.0
1776886380.7081027,3.0,-4.0,-43.0
1776886380.7181027,0.0,-3.0,-40.0
1776886380.7281027,3.0,-4.0,-39.0
1776886380.738103,1.0,-3.0,-42.0
1776886380.748103,0.0,-4.0,-48.0
1776886380.758103,0.0,-6.0,-46.0
1776886380.7681026,-1.0,-6.0,-50.0
1776886380.7781026,0.0,-4.0,-50.0
1776886380.7881026,0.0,-7.0,-45.0
1776886380.7981029,0.0,-9.0,-42.0
1776886380.8081028,0.0,-9.0,-46.0
1776886380.8181028,0.0,-11.0,-45.0
1776886380.8281028,0.0,-6.0,-44.0
1776886380.8381028,4.0,-1.0,-42.0
1776886380.8481028,3.0,0.0,-40.0
1776886380.8581028,1.0,5.0,-32.0
1776886380.8681028,7.0,5.0,-29.0
1776886380.8781028,7.0,0.0,-28.0
1776886380.8881028,3.0,0.0,-26.0
1776886380.8981028,4.0,-1.0,-35.0
1776886380.9081028,1.0,-5.0,-38.0
1776886380.9181027,0.0,-5.0,-37.0
1776886380.9281027,0.0,-4.0,-38.0
1776886380.9381027,0.0,-2.0,-41.0
1776886380.9481027,1.0,-1.0,-43.0
1776886380.9581027,2.0,1.0,-43.0
1776886380.9681027,2.0,3.0,-44.0
1776886380.9781027,2.0,3.0,-38.0
1776886380.988103,5.0,0.0,-38.0
1776886380.998103,3.0,1.0,-41.0
1776886381.008103,4.0,0.0,-43.0
1776886381.0181026,4.0,-2.0,-39.0
1776886381.0281026,2.0,-2.0,-41.0
1776886381.0381026,4.0,-3.0,-46.0
1776886381.0481029,0.0,-6.0,-47.0
1776886381.0581028,-3.0,-7.0,-42.0
1776886381.0681028,0.0,-8.0,-40.0
1776886381.0781028,0.0,-10.0,-37.0
1776886381.0881028,0.0,-9.0,-43.0
1776886381.0981028,-2.0,-8.0,-37.0
1776886381.1081028,3.0,-6.0,-37.0
1776886381.1181028,7.0,-5.0,-40.0
1776886381.1281028,6.0,-4.0,-38.0
1776886381.1381028,1.0,-6.0,-41.0
1776886381.1481028,4.0,-4.0,-44.0
1776886381.1581028,4.0,-4.0,-41.0
1776886381.1681027,7.0,-5.0,-52.0
1776886381.1781027,8.0,-3.0,-55.0
1776886381.1881027,7.0,0.0,-51.0
1776886381.1981027,6.0,0.0,-44.0
1776886381.2081027,3.0,4.0,-39.0
1776886381.2181027,5.0,5.0,-40.0
1776886381.2281027,8.0,3.0,-43.0
1776886381.238103,6.0,0.0,-43.0
1776886381.248103,8.0,-2.0,-38.0
1776886381.258103,9.0,0.0,-36.0
1776886381.2681026,10.0,-3.0,-32.0
1776886381.2781026,8.0,-5.0,-31.0
1776886381.2881026,8.0,-4.0,-35.0
1776886381.2981029,8.0,-5.0,-33.0
1776886381.3081028,10.0,0.0,-34.0
1776886381.3181028,4.0,-4.0,-35.0
1776886381.3281028,1.0,-2.0,-33.0
1776886381.3381028,2.0,0.0,-34.0
1776886381.3481028,4.0,1.0,-30.0
1776886381.3581028,4.0,4.0,-30.0
1776886381.3691027,0.0,5.0,-40.0
1776886381.3791027,-3.0,2.0,-42.0
1776886381.3881028,0.0,-1.0,-38.0
1776886381.3991027,2.0,0.0,-37.0
1776886381.409103,3.0,-3.0,-31.0
1776886381.419103,3.0,-3.0,-32.0
1776886381.429103,-3.0,0.0,-32.0
1776886381.4391026,-4.0,-1.0,-29.0
1776886381.4491026,0.0,3.0,-33.0
1776886381.4591026,0.0,2.0,-36.0
1776886381.4691026,1.0,2.0,-39.0
1776886381.4791028,1.0,1.0,-37.0
1776886381.4891028,3.0,-1.0,-37.0
1776886381.4991028,2.0,-2.0,-44.0
1776886381.5091028,2.0,-6.0,-50.0
1776886381.5191028,1.0,-11.0,-46.0
1776886381.5291028,6.0,-8.0,-54.0
1776886381.5391028,1.0,-4.0,-54.0
1776886381.5491028,-1.0,-2.0,-43.0
1776886381.5591028,-2.0,-8.0,-39.0
1776886381.5691028,-2.0,-10.0,-38.0
1776886381.5791028,-2.0,-9.0,-42.0
1776886381.5891027,-4.0,-6.0,-44.0
1776886381.5991027,-2.0,0.0,-52.0
1776886381.6091027,2.0,1.0,-51.0
1776886381.6191027,1.0,-1.0,-46.0
1776886381.6291027,0.0,-4.0,-46.0
1776886381.6391027,1.0,-4.0,-36.0
1776886381.6491027,-2.0,0.0,-34.0
1776886381.659103,-5.0,0.0,-34.0
1776886381.669103,-1.0,1.0,-34.0
1776886381.679103,3.0,0.0,-39.0
1776886381.6891026,4.0,-3.0,-41.0
1776886381.6991026,6.0,-3.0,-38.0
1776886381.7091026,2.0,2.0,-35.0
1776886381.7191026,2.0,0.0,-31.0
1776886381.7291028,-1.0,-2.0,-25.0
1776886381.7391028,1.0,-2.0,-34.0
1776886381.7491028,0.0,-3.0,-32.0
1776886381.7591028,0.0,-1.0,-40.0
1776886381.7691028,3.0,-1.0,-49.0
1776886381.7791028,3.0,-6.0,-51.0
1776886381.7891028,3.0,-3.0,-53.0
1776886381.7991028,0.0,-4.0,-51.0
1776886381.8091028,-3.0,-4.0,-48.0
1776886381.8191028,-2.0,-5.0,-47.0
1776886381.8291028,-6.0,-8.0,-50.0
1776886381.8391027,-6.0,-10.0,-50.0
1776886381.8491027,-7.0,-6.0,-51.0
1776886381.8591027,0.0,-8.0,-47.0
1776886381.8691027,3.0,-5.0,-45.0
1776886381.8791027,2.0,0.0,-46.0
1776886381.8891027,3.0,0.0,-39.0
1776886381.8991027,4.0,0.0,-34.0
1776886381.909103,3.0,-4.0,-40.0
1776886381.919103,1.0,-6.0,-41.0
1776886381.929103,0.0,-4.0,-40.0
1776886381.9391026,1.0,-4.0,-38.0
1776886381.9491026,4.0,-6.0,-32.0
1776886381.9591026,6.0,-3.0,-24.0
1776886381.9691026,2.0,0.0,-28.0
1776886381.9791028,5.0,-1.0,-32.0
1776886381.9891028,5.0,-1.0,-43.0
1776886381.9991028,3.0,-8.0,-40.0
1776886382.0091028,1.0,-10.0,-41.0
1776886382.0191028,0.0,-10.0,-40.0
1776886382.0291028,0.0,-8.0,-38.0
1776886382.0391028,4.0,-7.0,-38.0
1776886382.0491028,0.0,-9.0,-49.0
1776886382.0591028,-2.0,-8.0,-45.0
1776886382.0691028,-1.0,-8.0,-38.0
1776886382.0791028,4.0,-8.0,-33.0
1776886382.0891027,0.0,-4.0,-39.0
1776886382.0991027,2.0,-8.0,-33.0
1776886382.1091027,0.0,-3.0,-34.0
1776886382.1191027,2.0,-1.0,-39.0
1776886382.1291027,7.0,-1.0,-41.0
1776886382.1391027,6.0,-1.0,-40.0
1776886382.1491027,1.0,1.0,-46.0
1776886382.159103,-2.0,1.0,-47.0
1776886382.169103,-5.0,-1.0,-48.0
1776886382.179103,-8.0,-7.0,-48.0
1776886382.1891026,-6.0,-6.0,-46.0
1776886382.1991026,-5.0,-7.0,-45.0
1776886382.2091026,-3.0,-3.0,-39.0
1776886382.2191026,3.0,0.0,-36.0
1776886382.2291028,3.0,0.0,-33.0
1776886382.2391028,0.0,-2.0,-37.0
1776886382.2491028,0.0,0.0,-33.0
1776886382.2591028,-1.0,-3.0,-31.0
1776886382.2691028,-4.0,0.0,-33.0
1776886382.2791028,-2.0,-1.0,-29.0
1776886382.2891028,1.0,3.0,-28.0
1776886382.2991028,0.0,1.0,-29.0
1776886382.3091028,0.0,-3.0,-29.0
1776886382.3191028,-2.0,-2.0,-33.0
1776886382.3291028,-3.0,0.0,-31.0
1776886382.3391027,-2.0,0.0,-30.0
1776886382.3491027,0.0,0.0,-34.0
1776886382.3591027,0.0,-3.0,-33.0
1776886382.3691027,-1.0,-4.0,-49.0
1776886382.3791027,-1.0,-5.0,-50.0
1776886382.3891027,2.0,-1.0,-48.0
1776886382.3991027,1.0,-2.0,-48.0
1776886382.409103,1.0,-1.0,-46.0
1776886382.419103,1.0,-2.0,-38.0
1776886382.429103,5.0,0.0,-36.0
1776886382.4391026,0.0,0.0,-40.0
1776886382.4491026,0.0,-2.0,-43.0
1776886382.4591026,2.0,-3.0,-50.0
1776886382.4691026,-3.0,-1.0,-51.0
1776886382.4791028,-2.0,-2.0,-47.0
1776886382.4891028,0.0,-3.0,-44.0
1776886382.4991028,3.0,-5.0,-43.0
1776886382.5091028,2.0,0.0,-46.0
1776886382.5191028,0.0,0.0,-43.0
1776886382.5291028,-4.0,-1.0,-36.0
1776886382.5391028,-9.0,-2.0,-36.0
1776886382.5491028,-7.0,-1.0,-33.0
1776886382.5591028,-5.0,-4.0,-33.0
1776886382.5691028,-5.0,-3.0,-33.0
1776886382.5791028,-3.0,0.0,-39.0
1776886382.5891027,-5.0,-1.0,-42.0
1776886382.5991027,-4.0,1.0,-48.0
1776886382.6091027,-3.0,2.0,-44.0
1776886382.6191027,1.0,5.0,-45.0
1776886382.6291027,1.0,-1.0,-42.0
1776886382.6391027,3.0,-5.0,-35.0
1776886382.6491027,4.0,-1.0,-33.0
1776886382.659103,9.0,-3.0,-34.0
1776886382.669103,5.0,-4.0,-36.0
1776886382.679103,3.0,-2.0,-34.0
1776886382.6891026,1.0,-8.0,-33.0
1776886382.6991026,0.0,-5.0,-28.0
1776886382.7091026,2.0,-6.0,-30.0
1776886382.7191026,4.0,-4.0,-29.0
1776886382.7291028,2.0,-6.0,-34.0
1776886382.7391028,2.0,0.0,-38.0
1776886382.7491028,1.0,1.0,-44.0
1776886382.7591028,0.0,0.0,-44.0
1776886382.7691028,0.0,2.0,-44.0
1776886382.7791028,1.0,5.0,-43.0
1776886382.7891028,4.0,5.0,-33.0
1776886382.7991028,1.0,4.0,-31.0
1776886382.8091028,0.0,4.0,-39.0
1776886382.8191028,0.0,1.0,-32.0
1776886382.8291028,2.0,-3.0,-33.0
1776886382.8391027,4.0,-4.0,-40.0
1776886382.8491027,6.0,-1.0,-38.0
1776886382.8591027,6.0,-2.0,-37.0
1776886382.8691027,5.0,-3.0,-34.0
1776886382.8791027,1.0,-6.0,-30.0
1776886382.8891027,0.0,-3.0,-33.0
1776886382.8991027,0.0,-5.0,-29.0
1776886382.909103,0.0,-6.0,-28.0
1776886382.9201028,3.0,-5.0,-26.0
1776886382.929103,2.0,-4.0,-29.0
1776886382.9391026,0.0,-2.0,-28.0
1776886382.9491026,3.0,0.0,-34.0
1776886382.9591026,5.0,0.0,-40.0
1776886382.9691026,3.0,-4.0,-37.0
1776886382.9791028,3.0,-4.0,-38.0
1776886382.9891028,0.0,-1.0,-40.0
1776886382.9991028,0.0,0.0,-38.0
1776886383.0091028,1.0,0.0,-43.0
1776886383.0191028,-2.0,3.0,-41.0
1776886383.0291028,-3.0,2.0,-39.0
1776886383.0391028,-1.0,2.0,-36.0
1776886383.0491028,0.0,1.0,-33.0
1776886383.0591028,0.0,0.0,-24.0
1776886383.0691028,-1.0,-1.0,-27.0
1776886383.0791028,-2.0,4.0,-30.0
1776886383.0891027,0.0,2.0,-35.0
1776886383.0991027,4.0,-2.0,-39.0
1776886383.1091027,2.0,-3.0,-42.0
1776886383.1191027,1.0,-2.0,-39.0
1776886383.1291027,1.0,-2.0,-42.0
1776886383.1391027,2.0,-5.0,-41.0
1776886383.1491027,-3.0,-2.0,-38.0
1776886383.159103,-2.0,0.0,-44.0
1776886383.169103,-1.0,-2.0,-41.0
1776886383.179103,2.0,-3.0,-39.0
1776886383.1891026,3.0,0.0,-37.0
1776886383.1991026,4.0,-4.0,-38.0
1776886383.2091026,1.0,-3.0,-36.0
1776886383.2191026,5.0,-1.0,-38.0
1776886383.2291028,1.0,0.0,-33.0
1776886383.2391028,4.0,-1.0,-31.0
1776886383.2491028,3.0,-4.0,-34.0
1776886383.2591028,1.0,-1.0,-32.0
1776886383.2691028,-1.0,2.0,-36.0
1776886383.2791028,-4.0,0.0,-42.0
1776886383.2891028,2.0,-2.0,-37.0
1776886383.2991028,2.0,0.0,-35.0
1776886383.3091028,2.0,0.0,-37.0
1776886383.3191028,7.0,0.0,-29.0
1776886383.3291028,1.0,-5.0,-30.0
1776886383.3391027,4.0,-5.0,-36.0
1776886383.350103,1.0,-6.0,-38.0
1776886383.360103,1.0,-7.0,-44.0
1776886383.3701026,0.0,-11.0,-40.0
1776886383.3801026,2.0,-13.0,-41.0
1776886383.3901026,-1.0,-8.0,-41.0
1776886383.4001029,2.0,-7.0,-41.0
1776886383.4101028,3.0,-4.0,-37.0
1776886383.4201028,3.0,0.0,-41.0
1776886383.4301028,5.0,-5.0,-40.0
1776886383.4401028,8.0,-2.0,-43.0
1776886383.4501028,11.0,2.0,-42.0
1776886383.4601028,5.0,2.0,-45.0
1776886383.4701028,1.0,7.0,-42.0
1776886383.4801028,1.0,3.0,-39.0
1776886383.4901028,3.0,9.0,-46.0
1776886383.5001028,-1.0,3.0,-48.0
1776886383.5101027,-2.0,-1.0,-45.0
1776886383.5201027,-5.0,-4.0,-35.0
1776886383.5301027,-14.0,-3.0,-28.0
1776886383.5401027,-12.0,-1.0,-30.0
1776886383.5501027,-13.0,-2.0,-29.0
1776886383.5601027,-9.0,0.0,-33.0
1776886383.5701027,-5.0,-1.0,-39.0
1776886383.5801027,-7.0,0.0,-43.0
1776886383.590103,-4.0,-1.0,-44.0
1776886383.600103,-1.0,-3.0,-45.0
1776886383.610103,0.0,-2.0,-45.0
1776886383.6201026,-2.0,0.0,-48.0
1776886383.6301026,-2.0,-1.0,-44.0
1776886383.6401026,-2.0,-1.0,-40.0
1776886383.6501029,-1.0,0.0,-46.0
1776886383.6601028,0.0,0.0,-45.0
1776886383.6701028,2.0,-2.0,-41.0
1776886383.6801028,3.0,0.0,-45.0
1776886383.6901028,3.0,-1.0,-46.0
1776886383.7001028,4.0,-1.0,-40.0
1776886383.7101028,2.0,-6.0,-38.0
1776886383.7201028,2.0,-5.0,-41.0
1776886383.7301028,1.0,-3.0,-38.0
1776886383.7401028,3.0,-2.0,-36.0
1776886383.7501028,3.0,1.0,-38.0
1776886383.7601027,7.0,1.0,-42.0
1776886383.7701027,5.0,0.0,-38.0
1776886383.7801027,8.0,-3.0,-32.0
1776886383.7901027,5.0,-6.0,-28.0
1776886383.8001027,3.0,-5.0,-30.0
1776886383.8101027,4.0,-3.0,-30.0
1776886383.8201027,-2.0,-3.0,-30.0
1776886383.8301027,0.0,-1.0,-28.0
1776886383.840103,0.0,0.0,-27.0
1776886383.850103,0.0,-2.0,-29.0
1776886383.860103,0.0,0.0,-35.0
1776886383.8701026,-5.0,-1.0,-39.0
1776886383.8801026,-9.0,-5.0,-44.0
1776886383.8901026,-3.0,-6.0,-45.0
1776886383.9001029,-1.0,-5.0,-42.0
1776886383.9101028,0.0,-3.0,-42.0
1776886383.9201028,0.0,0.0,-42.0
1776886383.9301028,3.0,1.0,-39.0
1776886383.9401028,0.0,3.0,-37.0
1776886383.9501028,1.0,1.0,-38.0
1776886383.9601028,1.0,-3.0,-39.0
1776886383.9701028,0.0,-5.0,-43.0
1776886383.9801028,1.0,-3.0,-40.0
1776886383.9901028,0.0,-3.0,-45.0
1776886384.0001028,4.0,-3.0,-45.0
1776886384.0101027,9.0,-2.0,-48.0
1776886384.0201027,7.0,-1.0,-45.0
1776886384.0301027,2.0,-3.0,-44.0
1776886384.0401027,1.0,0.0,-48.0
1776886384.0501027,-1.0,1.0,-46.0
1776886384.0601027,-6.0,-2.0,-41.0
1776886384.0701027,-7.0,-8.0,-35.0
1776886384.0801027,-7.0,-6.0,-34.0
1776886384.090103,-1.0,-3.0,-37.0
1776886384.100103,-4.0,-5.0,-37.0
1776886384.110103,-3.0,-5.0,-29.0
1776886384.1201026,-4.0,-8.0,-36.0
1776886384.1301026,-1.0,-7.0,-34.0
1776886384.1401026,-1.0,-6.0,-34.0
1776886384.1501029,2.0,-6.0,-38.0
1776886384.1601028,4.0,-8.0,-44.0
1776886384.1701028,3.0,-4.0,-40.0
1776886384.1801028,0.0,-3.0,-34.0
1776886384.1901028,-1.0,-5.0,-32.0
1776886384.2001028,-2.0,-5.0,-35.0
1776886384.2101028,-1.0,-7.0,-39.0
1776886384.2201028,-2.0,-9.0,-36.0
1776886384.2301028,1.0,-8.0,-42.0
1776886384.2401028,0.0,-9.0,-37.0
1776886384.2501028,5.0,-7.0,-45.0
1776886384.2601027,4.0,-4.0,-45.0
1776886384.2701027,2.0,0.0,-40.0
1776886384.2801027,3.0,-3.0,-35.0
1776886384.2901027,0.0,-2.0,-33.0
1776886384.3001027,0.0,-3.0,-27.0
1776886384.3101027,-2.0,0.0,-32.0
1776886384.3201027,-7.0,0.0,-32.0
1776886384.3301027,-4.0,0.0,-33.0
1776886384.340103,-4.0,5.0,-34.0
1776886384.350103,0.0,-1.0,-33.0
1776886384.360103,0.0,-2.0,-31.0
1776886384.3701026,2.0,-2.0,-35.0
1776886384.3801026,0.0,-1.0,-40.0
1776886384.3901026,0.0,0.0,-42.0
1776886384.4001029,-1.0,-1.0,-42.0
1776886384.4101028,-4.0,0.0,-41.0
1776886384.4201028,-3.0,0.0,-41.0
1776886384.4301028,0.0,1.0,-38.0
1776886384.4401028,-1.0,1.0,-40.0
1776886384.4501028,-2.0,5.0,-37.0
1776886384.4601028,-4.0,3.0,-38.0
1776886384.4701028,-3.0,4.0,-35.0
1776886384.4801028,0.0,3.0,-39.0
1776886384.4901028,-4.0,1.0,-43.0
1776886384.5001028,-4.0,3.0,-44.0
1776886384.5101027,-9.0,5.0,-40.0
1776886384.5201027,-10.0,6.0,-40.0
1776886384.5301027,-7.0,6.0,-45.0
1776886384.5401027,-5.0,2.0,-42.0
1776886384.5501027,-6.0,1.0,-44.0
1776886384.5601027,-2.0,0.0,-45.0
1776886384.5701027,-2.0,0.0,-39.0
1776886384.5801027,-4.0,-2.0,-36.0
1776886384.590103,-1.0,-2.0,-37.0
1776886384.600103,2.0,-4.0,-33.0
1776886384.610103,7.0,-3.0,-30.0
1776886384.6201026,5.0,-3.0,-31.0
1776886384.6301026,0.0,1.0,-30.0
1776886384.6401026,-1.0,5.0,-35.0
1776886384.6501029,0.0,5.0,-37.0
1776886384.6601028,0.0,5.0,-41.0
1776886384.6701028,0.0,6.0,-46.0
1776886384.6801028,-2.0,7.0,-43.0
1776886384.6901028,-4.0,3.0,-43.0
1776886384.7001028,-1.0,0.0,-39.0
1776886384.7101028,3.0,-3.0,-36.0
1776886384.7201028,2.0,-4.0,-40.0
1776886384.7301028,2.0,-4.0,-40.0
1776886384.7401028,0.0,-9.0,-36.0
1776886384.7501028,0.0,-7.0,-31.0
1776886384.7601027,-2.0,-10.0,-39.0
1776886384.7701027,-2.0,-7.0,-41.0
1776886384.7801027,0.0,-1.0,-34.0
1776886384.7901027,2.0,0.0,-37.0
1776886384.8001027,1.0,1.0,-41.0
1776886384.8101027,-1.0,3.0,-44.0
1776886384.8201027,-3.0,3.0,-50.0
1776886384.8301027,1.0,6.0,-55.0
1776886384.840103,0.0,9.0,-56.0
1776886384.850103,0.0,10.0,-49.0
1776886384.860103,0.0,6.0,-46.0
1776886384.8701026,0.0,5.0,-37.0
1776886384.8801026,-1.0,1.0,-42.0
1776886384.8901026,-4.0,-3.0,-45.0
1776886384.9001029,-2.0,-6.0,-44.0
1776886384.9101028,-5.0,-8.0,-45.0
1776886384.9201028,0.0,-8.0,-44.0
1776886384.9301028,-3.0,-2.0,-39.0
1776886384.9401028,-7.0,-2.0,-35.0
1776886384.9501028,-11.0,-1.0,-38.0
1776886384.9601028,-6.0,0.0,-33.0
1776886384.9701028,-3.0,0.0,-24.0
1776886384.9801028,0.0,-1.0,-31.0
1776886384.9901028,2.0,3.0,-36.0
1776886385.0001028,5.0,8.0,-40.0
1776886385.0101027,6.0,11.0,-38.0
1776886385.0201027,7.0,5.0,-37.0
1776886385.0301027,9.0,5.0,-40.0
1776886385.0401027,9.0,5.0,-41.0
1776886385.0501027,1.0,3.0,-38.0
1776886385.0601027,-2.0,1.0,-39.0
1776886385.0701027,-1.0,0.0,-38.0
1776886385.0801027,1.0,0.0,-41.0
1776886385.090103,4.0,0.0,-46.0
1776886385.100103,4.0,-4.0,-47.0
1776886385.110103,0.0,-4.0,-52.0
1776886385.1201026,1.0,-2.0,-43.0
1776886385.1301026,-2.0,-1.0,-41.0
1776886385.1401026,-7.0,-2.0,-42.0
1776886385.1501029,-4.0,-5.0,-42.0
1776886385.1601028,-5.0,-7.0,-43.0
1776886385.1701028,-1.0,-6.0,-46.0
1776886385.1801028,0.0,-8.0,-40.0
1776886385.1901028,0.0,-8.0,-41.0
1776886385.2001028,1.0,-7.0,-33.0
1776886385.2101028,0.0,-2.0,-39.0
1776886385.2201028,4.0,2.0,-41.0
1776886385.2301028,8.0,0.0,-47.0
1776886385.2401028,7.0,-2.0,-46.0
1776886385.2501028,1.0,-4.0,-44.0
1776886385.2601027,5.0,-3.0,-45.0
1776886385.2701027,6.0,-2.0,-44.0
1776886385.2801027,4.0,0.0,-43.0
1776886385.2901027,4.0,0.0,-42.0
1776886385.3001027,6.0,0.0,-42.0
1776886385.3101027,1.0,-2.0,-41.0
1776886385.3201027,-3.0,-5.0,-42.0
1776886385.3301027,-6.0,-2.0,-38.0
1776886385.340103,-7.0,0.0,-40.0
1776886385.350103,-3.0,3.0,-48.0
1776886385.3611028,-6.0,-1.0,-43.0
1776886385.3711028,-4.0,0.0,-39.0
1776886385.3811028,-3.0,-1.0,-36.0
1776886385.3911028,2.0,-3.0,-40.0
1776886385.4011028,4.0,-1.0,-46.0
1776886385.4111028,3.0,0.0,-47.0
1776886385.4211028,2.0,-2.0,-43.0
1776886385.4311028,3.0,-3.0,-46.0
1776886385.4411027,5.0,-5.0,-44.0
1776886385.4511027,1.0,-3.0,-46.0
1776886385.4611027,4.0,-4.0,-41.0
1776886385.4711027,3.0,1.0,-36.0
1776886385.4811027,1.0,1.0,-30.0
1776886385.4911027,4.0,0.0,-34.0
1776886385.5011027,2.0,0.0,-35.0
1776886385.511103,0.0,-3.0,-35.0
1776886385.521103,4.0,-4.0,-45.0
1776886385.531103,3.0,-7.0,-41.0
1776886385.5411026,3.0,0.0,-44.0
1776886385.5511026,0.0,0.0,-40.0
1776886385.5611026,2.0,-2.0,-38.0
1776886385.5711029,6.0,-6.0,-31.0
1776886385.5811028,6.0,-2.0,-35.0
1776886385.5911028,4.0,0.0,-38.0
1776886385.6011028,5.0,2.0,-41.0
1776886385.6111028,1.0,1.0,-42.0
1776886385.6211028,0.0,0.0,-53.0
1776886385.6311028,3.0,0.0,-53.0
1776886385.6411028,3.0,-1.0,-46.0
1776886385.6511028,0.0,3.0,-39.0
1776886385.6611028,0.0,-2.0,-40.0
1776886385.6711028,-8.0,-3.0,-36.0
1776886385.6811028,-5.0,-2.0,-42.0
1776886385.6911027,-2.0,0.0,-39.0
1776886385.7011027,-2.0,2.0,-41.0
1776886385.7111027,-3.0,-2.0,-40.0
1776886385.7211027,-5.0,-6.0,-37.0
1776886385.7311027,-6.0,-3.0,-33.0
1776886385.7411027,-4.0,-7.0,-28.0
1776886385.7511027,-6.0,-5.0,-22.0
1776886385.761103,-1.0,-6.0,-29.0
1776886385.771103,-2.0,-5.0,-30.0
1776886385.781103,-2.0,-9.0,-23.0
1776886385.7911026,0.0,-9.0,-27.0
1776886385.8011026,6.0,-6.0,-31.0
1776886385.8111026,4.0,0.0,-36.0
1776886385.8211029,-1.0,1.0,-32.0
1776886385.8311028,-1.0,0.0,-24.0
1776886385.8411028,5.0,-4.0,-28.0
1776886385.8511028,1.0,-5.0,-32.0
1776886385.8611028,3.0,-6.0,-34.0
1776886385.8711028,6.0,-4.0,-28.0
1776886385.8811028,5.0,-3.0,-30.0
1776886385.8911028,8.0,-3.0,-32.0
1776886385.9011028,2.0,-4.0,-39.0
1776886385.9111028,3.0,-4.0,-43.0
1776886385.9211028,0.0,-2.0,-40.0
1776886385.9311028,2.0,-2.0,-37.0
1776886385.9411027,-2.0,-1.0,-35.0
1776886385.9511027,-2.0,-5.0,-35.0
1776886385.9611027,1.0,-7.0,-35.0
1776886385.9711027,4.0,-6.0,-33.0
1776886385.9811027,6.0,-8.0,-31.0
1776886385.9911027,3.0,-7.0,-33.0
1776886386.0011027,-3.0,-4.0,-36.0
1776886386.011103,-2.0,-3.0,-36.0
1776886386.021103,-1.0,-1.0,-36.0
1776886386.031103,0.0,0.0,-42.0
1776886386.0411026,3.0,-1.0,-46.0
1776886386.0511026,4.0,-2.0,-45.0
1776886386.0611026,4.0,-1.0,-45.0
1776886386.0711029,5.0,-3.0,-50.0
1776886386.0811028,1.0,-5.0,-53.0
1776886386.0911028,1.0,-3.0,-49.0
1776886386.1011028,-3.0,0.0,-47.0
1776886386.1111028,-8.0,0.0,-47.0
1776886386.1211028,-7.0,0.0,-48.0
1776886386.1311028,-5.0,-6.0,-41.0
1776886386.1411028,-4.0,-6.0,-35.0
1776886386.1511028,-1.0,-6.0,-38.0
1776886386.1611028,0.0,-4.0,-38.0
1776886386.1711028,3.0,-3.0,-34.0
1776886386.1811028,1.0,-5.0,-41.0
1776886386.1911027,-3.0,-5.0,-41.0
1776886386.2011027,-4.0,-3.0,-46.0
1776886386.2111027,-4.0,-2.0,-45.0
1776886386.2211027,0.0,-2.0,-38.0
1776886386.2311027,-3.0,1.0,-41.0
1776886386.2411027,-3.0,-1.0,-46.0
1776886386.2511027,-1.0,0.0,-49.0
1776886386.261103,-4.0,0.0,-44.0
1776886386.271103,-4.0,-3.0,-34.0
1776886386.281103,-1.0,-6.0,-30.0
1776886386.2911026,-3.0,-7.0,-31.0
1776886386.3011026,0.0,-5.0,-31.0
1776886386.3111026,-5.0,-7.0,-43.0
1776886386.3211029,0.0,-6.0,-44.0
1776886386.3311028,0.0,-2.0,-45.0
1776886386.3411028,0.0,-3.0,-42.0
1776886386.3511028,-5.0,-4.0,-50.0
1776886386.3611028,-9.0,-6.0,-46.0
1776886386.3711028,-8.0,0.0,-39.0
1776886386.3811028,-8.0,-1.0,-34.0
1776886386.3911028,-9.0,-3.0,-37.0
1776886386.4011028,-11.0,0.0,-37.0
1776886386.4111028,-9.0,2.0,-42.0
1776886386.4211028,-4.0,-2.0,-44.0
1776886386.4311028,-3.0,-1.0,-47.0
1776886386.4411027,-2.0,-6.0,-55.0
1776886386.4511027,2.0,-5.0,-49.0
1776886386.4611027,2.0,-4.0,-41.0
1776886386.4711027,1.0,-2.0,-45.0
1776886386.4811027,3.0,-4.0,-46.0
1776886386.4911027,5.0,-4.0,-43.0
1776886386.5011027,3.0,-5.0,-39.0
1776886386.511103,6.0,-4.0,-44.0
1776886386.521103,0.0,-2.0,-45.0
1776886386.531103,-4.0,-3.0,-38.0
1776886386.5411026,-7.0,-2.0,-40.0
1776886386.5511026,-7.0,-1.0,-42.0
1776886386.5611026,-4.0,0.0,-44.0
1776886386.5711029,0.0,0.0,-51.0
1776886386.5811028,-1.0,-3.0,-53.0
1776886386.5911028,-4.0,-1.0,-52.0
1776886386.6011028,-6.0,0.0,-52.0
1776886386.6111028,-6.0,2.0,-54.0
1776886386.6211028,-6.0,0.0,-50.0
1776886386.6311028,-4.0,0.0,-54.0
1776886386.6411028,-2.0,3.0,-46.0
1776886386.6511028,0.0,2.0,-52.0
1776886386.6611028,0.0,-2.0,-44.0
1776886386.6711028,1.0,-1.0,-43.0
1776886386.6811028,2.0,-2.0,-39.0
1776886386.6911027,-3.0,-6.0,-28.0
1776886386.7011027,-6.0,-6.0,-27.0
1776886386.7111027,-3.0,-2.0,-34.0
1776886386.7211027,-1.0,1.0,-28.0
1776886386.7311027,-4.0,-2.0,-30.0
1776886386.7411027,-6.0,-6.0,-32.0
1776886386.7511027,-7.0,-3.0,-24.0
1776886386.761103,-5.0,-1.0,-29.0
1776886386.771103,1.0,-2.0,-27.0
1776886386.781103,1.0,3.0,-29.0
1776886386.7911026,1.0,5.0,-35.0
1776886386.8011026,1.0,5.0,-37.0
1776886386.8111026,0.0,9.0,-43.0
1776886386.8211029,-1.0,4.0,-43.0
1776886386.8311028,0.0,3.0,-47.0
1776886386.8411028,-2.0,3.0,-50.0
1776886386.8511028,0.0,0.0,-48.0
1776886386.8611028,-4.0,-2.0,-46.0
1776886386.8711028,0.0,-2.0,-47.0
1776886386.8811028,-5.0,-3.0,-50.0
1776886386.8911028,-1.0,-3.0,-45.0
1776886386.9011028,5.0,0.0,-49.0
1776886386.9111028,5.0,0.0,-50.0
1776886386.9211028,0.0,0.0,-55.0
1776886386.9311028,-2.0,0.0,-45.0
1776886386.9411027,5.0,-2.0,-49.0
1776886386.9511027,7.0,0.0,-52.0
1776886386.9611027,7.0,-2.0,-49.0
1776886386.9711027,5.0,-2.0,-48.0
1776886386.9811027,5.0,-2.0,-49.0
1776886386.9911027,4.0,-3.0,-49.0
1776886387.0011027,2.0,-5.0,-41.0
1776886387.011103,0.0,-5.0,-29.0
1776886387.021103,0.0,0.0,-30.0
1776886387.031103,-1.0,3.0,-34.0
1776886387.0411026,-3.0,7.0,-33.0
1776886387.0511026,-3.0,5.0,-34.0
1776886387.0611026,-3.0,3.0,-40.0
1776886387.0711029,-5.0,-1.0,-40.0
1776886387.0811028,-4.0,0.0,-40.0
1776886387.0911028,-1.0,0.0,-40.0
1776886387.1011028,4.0,-3.0,-40.0
1776886387.1111028,11.0,-6.0,-47.0
1776886387.1211028,10.0,-5.0,-43.0
1776886387.1311028,6.0,-5.0,-45.0
1776886387.1411028,-1.0,-7.0,-42.0
1776886387.1511028,-4.0,-5.0,-47.0
1776886387.1611028,-3.0,-3.0,-44.0
1776886387.1711028,0.0,-5.0,-49.0
1776886387.1811028,0.0,-6.0,-49.0
1776886387.1911027,-4.0,-6.0,-42.0
1776886387.2011027,-5.0,-3.0,-44.0
1776886387.2111027,-3.0,0.0,-51.0
1776886387.2211027,0.0,0.0,-54.0
1776886387.2311027,3.0,0.0,-53.0
1776886387.2411027,3.0,-5.0,-56.0
1776886387.2511027,4.0,-8.0,-53.0
1776886387.261103,5.0,-9.0,-47.0
1776886387.271103,4.0,-6.0,-42.0
1776886387.281103,3.0,-5.0,-38.0
1776886387.2911026,5.0,-3.0,-44.0
1776886387.3011026,4.0,-5.0,-46.0
1776886387.3111026,3.0,-7.0,-47.0
1776886387.3211029,4.0,-8.0,-46.0
1776886387.3311028,1.0,-5.0,-48.0
1776886387.3411028,0.0,-1.0,-46.0
1776886387.3511028,1.0,-2.0,-44.0
1776886387.3621027,7.0,-3.0,-37.0
1776886387.3721027,0.0,0.0,-37.0
1776886387.3821027,0.0,-4.0,-40.0
1776886387.3921027,2.0,-4.0,-39.0
1776886387.4011028,6.0,-1.0,-45.0
1776886387.4121027,6.0,-1.0,-48.0
1776886387.4221027,3.0,-4.0,-44.0
1776886387.432103,0.0,-2.0,-39.0
1776886387.442103,-1.0,0.0,-38.0
1776886387.452103,-1.0,1.0,-47.0
1776886387.462103,3.0,-2.0,-42.0
1776886387.4721026,4.0,0.0,-43.0
1776886387.4821026,5.0,-3.0,-33.0
1776886387.4921026,9.0,-4.0,-35.0
1776886387.5021029,7.0,-6.0,-36.0
1776886387.5121028,6.0,-6.0,-26.0
1776886387.5221028,5.0,-5.0,-31.0
1776886387.5321028,10.0,-4.0,-37.0
1776886387.5421028,7.0,1.0,-36.0
1776886387.5521028,6.0,0.0,-40.0
1776886387.5621028,6.0,-2.0,-39.0
1776886387.5721028,5.0,0.0,-39.0
1776886387.5821028,5.0,0.0,-40.0
1776886387.5921028,2.0,0.0,-42.0
1776886387.6021028,4.0,-3.0,-40.0
1776886387.6121027,3.0,-2.0,-36.0
1776886387.6221027,5.0,-6.0,-36.0
1776886387.6321027,5.0,-6.0,-37.0
1776886387.6421027,7.0,-5.0,-33.0
1776886387.6521027,5.0,0.0,-32.0
1776886387.6621027,3.0,1.0,-32.0
1776886387.6721027,0.0,2.0,-33.0
1776886387.682103,0.0,5.0,-37.0
1776886387.692103,3.0,0.0,-34.0
1776886387.702103,0.0,1.0,-37.0
1776886387.712103,2.0,1.0,-40.0
1776886387.7221026,4.0,3.0,-39.0
1776886387.7331028,2.0,5.0,-36.0
1776886387.7421026,0.0,7.0,-37.0
1776886387.7521029,0.0,3.0,-39.0
1776886387.7621028,-1.0,4.0,-38.0
1776886387.7721028,0.0,1.0,-43.0
1776886387.7821028,-3.0,1.0,-39.0
1776886387.7921028,-3.0,-1.0,-34.0
1776886387.8021028,-2.0,-1.0,-34.0
1776886387.8121028,-6.0,-1.0,-31.0
1776886387.8221028,-5.0,-2.0,-35.0
1776886387.8321028,-8.0,4.0,-38.0
1776886387.8421028,-4.0,-5.0,-39.0
1776886387.8521028,0.0,-7.0,-32.0
1776886387.8621027,3.0,-8.0,-34.0
1776886387.8721027,2.0,-7.0,-32.0
1776886387.8821027,2.0,-5.0,-26.0
1776886387.8921027,4.0,-5.0,-27.0
1776886387.9021027,5.0,-2.0,-28.0
1776886387.9121027,1.0,2.0,-29.0
1776886387.9221027,-1.0,1.0,-33.0
1776886387.932103,0.0,0.0,-41.0
1776886387.942103,-1.0,0.0,-43.0
1776886387.952103,0.0,0.0,-44.0
1776886387.962103,4.0,-4.0,-40.0
1776886387.9721026,2.0,-2.0,-37.0
1776886387.9821026,-1.0,1.0,-42.0
1776886387.9921026,1.0,-2.0,-49.0
1776886388.0021029,6.0,-3.0,-45.0
1776886388.0121028,6.0,2.0,-40.0
1776886388.0221028,2.0,1.0,-41.0
1776886388.0321028,0.0,2.0,-40.0
1776886388.0421028,2.0,-3.0,-40.0
1776886388.0521028,4.0,-2.0,-32.0
1776886388.0621028,2.0,1.0,-36.0
1776886388.0721028,2.0,0.0,-40.0
1776886388.0821028,2.0,0.0,-41.0
1776886388.0921028,-1.0,0.0,-45.0
1776886388.1021028,-1.0,2.0,-49.0
1776886388.1121027,-1.0,0.0,-46.0
1776886388.1221027,-6.0,-2.0,-45.0
1776886388.1321027,-10.0,0.0,-46.0
1776886388.1421027,-13.0,-1.0,-41.0
1776886388.1521027,-10.0,0.0,-42.0
1776886388.1621027,-7.0,0.0,-40.0
1776886388.1721027,-7.0,-2.0,-41.0
1776886388.182103,-4.0,-2.0,-46.0
1776886388.192103,0.0,0.0,-53.0
1776886388.202103,3.0,2.0,-45.0
1776886388.212103,3.0,0.0,-45.0
1776886388.2221026,2.0,0.0,-49.0
1776886388.2321026,1.0,-1.0,-47.0
1776886388.2421026,2.0,0.0,-41.0
1776886388.2521029,-2.0,0.0,-33.0
1776886388.2621028,0.0,2.0,-36.0
1776886388.2721028,0.0,0.0,-34.0
1776886388.2821028,0.0,1.0,-38.0
1776886388.2921028,-1.0,-1.0,-46.0
1776886388.3021028,4.0,-2.0,-48.0
1776886388.3121028,10.0,-4.0,-44.0
1776886388.3221028,9.0,-2.0,-45.0
1776886388.3321028,7.0,0.0,-47.0
1776886388.3421028,5.0,0.0,-44.0
1776886388.3521028,2.0,4.0,-40.0
1776886388.3621027,3.0,6.0,-38.0
1776886388.3721027,4.0,2.0,-35.0
1776886388.3821027,4.0,0.0,-36.0
1776886388.3921027,4.0,3.0,-40.0
1776886388.4021027,6.0,0.0,-35.0
1776886388.4121027,4.0,-1.0,-34.0
1776886388.4221027,6.0,-4.0,-39.0
1776886388.432103,5.0,-5.0,-35.0
1776886388.442103,5.0,-8.0,-34.0
1776886388.452103,4.0,-6.0,-36.0
1776886388.462103,5.0,-10.0,-36.0
1776886388.4721026,2.0,-7.0,-36.0
1776886388.4821026,3.0,-5.0,-36.0
1776886388.4921026,1.0,-4.0,-30.0
1776886388.5021029,-1.0,-3.0,-31.0
1776886388.5121028,-6.0,-4.0,-35.0
1776886388.5221028,-3.0,0.0,-38.0
1776886388.5321028,0.0,0.0,-39.0
1776886388.5421028,3.0,-2.0,-40.0
1776886388.5521028,4.0,1.0,-35.0
1776886388.5621028,0.0,2.0,-43.0
1776886388.5721028,6.0,0.0,-46.0
1776886388.5821028,0.0,0.0,-40.0
1776886388.5921028,4.0,0.0,-37.0
1776886388.6021028,7.0,2.0,-34.0
1776886388.6121027,3.0,4.0,-37.0
1776886388.6221027,1.0,6.0,-38.0
1776886388.6321027,7.0,2.0,-39.0
1776886388.6421027,3.0,-1.0,-33.0
1776886388.6521027,2.0,-1.0,-33.0
1776886388.6621027,1.0,2.0,-37.0
1776886388.6721027,3.0,1.0,-36.0
1776886388.682103,3.0,0.0,-41.0
1776886388.692103,6.0,-1.0,-46.0
1776886388.702103,7.0,0.0,-43.0
1776886388.712103,8.0,0.0,-36.0
1776886388.7221026,10.0,2.0,-38.0
1776886388.7321026,11.0,-1.0,-37.0
1776886388.7421026,6.0,-2.0,-40.0
1776886388.7521029,2.0,-1.0,-38.0
1776886388.7621028,5.0,-1.0,-38.0
1776886388.7721028,1.0,0.0,-35.0
1776886388.7821028,0.0,0.0,-37.0
1776886388.7921028,-2.0,1.0,-40.0
1776886388.8021028,0.0,-2.0,-38.0
1776886388.8121028,4.0,-2.0,-38.0
1776886388.8221028,9.0,-4.0,-32.0
1776886388.8321028,4.0,-2.0,-29.0
1776886388.8421028,2.0,0.0,-31.0
1776886388.8521028,-2.0,5.0,-41.0
1776886388.8621027,-2.0,1.0,-39.0
1776886388.8721027,-5.0,0.0,-36.0
1776886388.8821027,-2.0,4.0,-34.0
1776886388.8921027,-1.0,1.0,-35.0
1776886388.9021027,2.0,8.0,-28.0
1776886388.9121027,4.0,5.0,-34.0
1776886388.9221027,9.0,4.0,-37.0
1776886388.932103,4.0,4.0,-38.0
1776886388.942103,4.0,0.0,-40.0
1776886388.952103,4.0,-4.0,-45.0
1776886388.962103,2.0,-3.0,-44.0
1776886388.9721026,4.0,-2.0,-42.0
1776886388.9821026,2.0,-3.0,-40.0
1776886388.9921026,2.0,-6.0,-46.0
1776886389.0021029,-2.0,-4.0,-48.0
1776886389.0121028,-1.0,-6.0,-48.0
1776886389.0221028,-3.0,-7.0,-50.0
1776886389.0321028,-4.0,-3.0,-46.0
1776886389.0421028,-7.0,0.0,-50.0
1776886389.0521028,-8.0,0.0,-51.0
1776886389.0621028,-4.0,0.0,-52.0
1776886389.0721028,1.0,1.0,-45.0
1776886389.0821028,3.0,-2.0,-42.0
1776886389.0921028,2.0,-3.0,-35.0
1776886389.1021028,2.0,-3.0,-33.0
1776886389.1121027,2.0,0.0,-38.0
1776886389.1221027,2.0,0.0,-41.0
1776886389.1321027,0.0,0.0,-44.0
1776886389.1421027,-2.0,0.0,-43.0
1776886389.1521027,0.0,0.0,-44.0
1776886389.1621027,0.0,2.0,-40.0
1776886389.1721027,1.0,1.0,-34.0
1776886389.182103,2.0,3.0,-35.0
1776886389.192103,4.0,2.0,-31.0
1776886389.202103,3.0,0.0,-30.0
1776886389.212103,2.0,0.0,-30.0
1776886389.2221026,2.0,0.0,-35.0
1776886389.2321026,9.0,3.0,-35.0
1776886389.2421026,14.0,2.0,-38.0
1776886389.2521029,14.0,7.0,-41.0
1776886389.2621028,7.0,8.0,-38.0
1776886389.2721028,2.0,7.0,-37.0
1776886389.2821028,4.0,10.0,-43.0
1776886389.2921028,3.0,5.0,-44.0
1776886389.3021028,0.0,7.0,-43.0
1776886389.3121028,-2.0,6.0,-48.0
1776886389.3221028,-3.0,4.0,-44.0
1776886389.3331027,3.0,2.0,-42.0
1776886389.3431027,7.0,0.0,-36.0
1776886389.3521028,7.0,-1.0,-32.0
1776886389.363103,4.0,-1.0,-36.0
1776886389.373103,4.0,1.0,-41.0
1776886389.383103,5.0,2.0,-36.0
1776886389.3931026,7.0,1.0,-36.0
1776886389.4031026,2.0,-3.0,-31.0
1776886389.4131026,2.0,-4.0,-30.0
1776886389.4231029,-1.0,-3.0,-32.0
1776886389.4331028,1.0,0.0,-44.0
1776886389.4431028,-1.0,-2.0,-50.0
1776886389.4531028,-1.0,-1.0,-45.0
1776886389.4631028,0.0,-4.0,-51.0
1776886389.4731028,-2.0,-5.0,-45.0
1776886389.4831028,-3.0,-6.0,-43.0
1776886389.4931028,0.0,-4.0,-42.0
1776886389.5031028,2.0,-4.0,-32.0
1776886389.5131028,1.0,-2.0,-31.0
1776886389.5231028,-2.0,-3.0,-36.0
1776886389.5331028,-1.0,-1.0,-41.0
1776886389.5431027,-4.0,-3.0,-38.0
1776886389.5531027,-5.0,0.0,-29.0
1776886389.5631027,1.0,-1.0,-30.0
1776886389.5731027,0.0,-2.0,-33.0
1776886389.5831027,-1.0,-5.0,-31.0
1776886389.5931027,-2.0,-5.0,-33.0
1776886389.6031027,-3.0,-2.0,-36.0
1776886389.613103,-4.0,0.0,-41.0
1776886389.623103,-4.0,-2.0,-40.0
1776886389.633103,-4.0,-3.0,-42.0
1776886389.6431026,-3.0,-2.0,-38.0
1776886389.6531026,0.0,-6.0,-46.0
1776886389.6631026,1.0,-6.0,-50.0
1776886389.6731029,0.0,-5.0,-42.0
1776886389.6831028,0.0,-5.0,-37.0
1776886389.6931028,0.0,0.0,-42.0
1776886389.7031028,1.0,-2.0,-37.0
1776886389.7131028,0.0,-6.0,-33.0
1776886389.7231028,0.0,-6.0,-40.0
1776886389.7331028,3.0,-1.0,-48.0
1776886389.7431028,3.0,-1.0,-43.0
1776886389.7531028,3.0,0.0,-36.0
1776886389.7631028,7.0,0.0,-34.0
1776886389.7731028,8.0,0.0,-40.0
1776886389.7831028,9.0,-4.0,-38.0
1776886389.7931027,10.0,-7.0,-36.0
1776886389.8031027,10.0,-8.0,-33.0
1776886389.8131027,13.0,-5.0,-33.0
1776886389.8231027,9.0,-1.0,-36.0
1776886389.8331027,7.0,-3.0,-40.0
1776886389.8431027,0.0,-4.0,-45.0
1776886389.8531027,1.0,0.0,-45.0
1776886389.863103,0.0,-1.0,-41.0
1776886389.873103,3.0,4.0,-38.0
1776886389.883103,3.0,2.0,-39.0
1776886389.8931026,3.0,0.0,-37.0
1776886389.9031026,4.0,0.0,-39.0
1776886389.9131026,3.0,3.0,-42.0
1776886389.9231029,2.0,7.0,-47.0
1776886389.9331028,0.0,2.0,-47.0
1776886389.9431028,7.0,4.0,-44.0
1776886389.9531028,8.0,2.0,-44.0
1776886389.9631028,9.0,-1.0,-38.0
1776886389.9731028,4.0,-3.0,-34.0
1776886389.9831028,3.0,-4.0,-33.0
1776886389.9931028,7.0,-1.0,-28.0
1776886390.0031028,6.0,0.0,-35.0
1776886390.0131028,0.0,-1.0,-34.0
1776886390.0231028,-2.0,0.0,-38.0
1776886390.0331028,-2.0,0.0,-36.0
1776886390.0431027,0.0,-1.0,-38.0
1776886390.0531027,0.0,-2.0,-35.0
1776886390.0631027,2.0,-3.0,-32.0
1776886390.0731027,1.0,-3.0,-33.0
1776886390.0831027,0.0,0.0,-29.0
1776886390.0931027,4.0,-3.0,-31.0
1776886390.1031027,2.0,-3.0,-33.0
1776886390.113103,-1.0,-3.0,-30.0
1776886390.123103,-1.0,-4.0,-24.0
1776886390.133103,-2.0,-3.0,-30.0
1776886390.1431026,-1.0,-2.0,-27.0
1776886390.1531026,-1.0,-5.0,-22.0
1776886390.1631026,-1.0,-6.0,-19.0
1776886390.1731029,4.0,-4.0,-19.0
1776886390.1831028,5.0,-4.0,-16.0
1776886390.1931028,5.0,-4.0,-19.0
1776886390.2031028,7.0,-3.0,-30.0
1776886390.2131028,5.0,-3.0,-43.0
1776886390.2231028,3.0,-1.0,-43.0
1776886390.2331028,5.0,-1.0,-54.0
1776886390.2431028,1.0,0.0,-45.0
1776886390.2531028,2.0,-5.0,-40.0
1776886390.2631028,6.0,-8.0,-47.0
1776886390.2731028,0.0,-5.0,-48.0
1776886390.2831028,1.0,0.0,-47.0
1776886390.2931027,0.0,0.0,-41.0
1776886390.3031027,0.0,0.0,-46.0
1776886390.3131027,-1.0,3.0,-41.0
1776886390.3231027,0.0,2.0,-38.0
1776886390.3331027,-1.0,0.0,-43.0
1776886390.3431027,1.0,-2.0,-41.0
1776886390.3531027,1.0,1.0,-46.0
1776886390.363103,2.0,6.0,-44.0
1776886390.373103,5.0,6.0,-44.0
1776886390.383103,2.0,7.0,-40.0
1776886390.3931026,3.0,6.0,-39.0
1776886390.4031026,4.0,4.0,-40.0
1776886390.4131026,5.0,5.0,-42.0
1776886390.4231029,8.0,6.0,-44.0
1776886390.4331028,7.0,10.0,-42.0
1776886390.4431028,5.0,8.0,-42.0
1776886390.4531028,4.0,8.0,-39.0
1776886390.4631028,3.0,7.0,-44.0
1776886390.4731028,-2.0,5.0,-49.0
1776886390.4831028,-2.0,4.0,-46.0
1776886390.4931028,-1.0,4.0,-38.0
1776886390.5031028,-2.0,1.0,-33.0
1776886390.5131028,-4.0,-1.0,-33.0
1776886390.5231028,-9.0,-4.0,-41.0
1776886390.5331028,-3.0,-2.0,-41.0
1776886390.5431027,2.0,-5.0,-39.0
1776886390.5531027,1.0,-2.0,-37.0
1776886390.5631027,3.0,0.0,-42.0
1776886390.5731027,2.0,-1.0,-35.0
1776886390.5831027,1.0,-3.0,-33.0
1776886390.5931027,7.0,0.0,-35.0
1776886390.6031027,2.0,4.0,-33.0
1776886390.613103,4.0,4.0,-38.0
1776886390.623103,3.0,2.0,-39.0
1776886390.633103,1.0,2.0,-40.0
1776886390.6431026,1.0,5.0,-37.0
1776886390.6531026,3.0,3.0,-36.0
1776886390.6631026,5.0,4.0,-37.0
1776886390.6731029,1.0,4.0,-36.0
1776886390.6831028,0.0,6.0,-40.0
1776886390.6931028,0.0,10.0,-45.0
1776886390.7031028,0.0,8.0,-51.0
1776886390.7131028,2.0,4.0,-41.0
1776886390.7231028,0.0,2.0,-38.0
1776886390.7331028,-2.0,4.0,-42.0
1776886390.7431028,-2.0,2.0,-41.0
1776886390.7531028,2.0,4.0,-38.0
1776886390.7631028,3.0,8.0,-31.0
1776886390.7731028,5.0,7.0,-40.0
1776886390.7831028,1.0,7.0,-42.0
1776886390.7931027,2.0,2.0,-36.0
1776886390.8031027,4.0,3.0,-42.0
1776886390.8131027,3.0,1.0,-49.0
1776886390.8231027,3.0,0.0,-43.0
1776886390.8331027,1.0,0.0,-40.0
1776886390.8431027,0.0,1.0,-34.0
1776886390.8531027,2.0,4.0,-43.0
1776886390.863103,-4.0,2.0,-37.0
1776886390.873103,-6.0,0.0,-33.0
1776886390.883103,-2.0,-1.0,-32.0
1776886390.8931026,0.0,1.0,-29.0
1776886390.9031026,-1.0,2.0,-32.0
1776886390.9131026,-2.0,3.0,-38.0
1776886390.9231029,-1.0,2.0,-47.0
1776886390.9331028,-2.0,-3.0,-52.0
1776886390.9431028,-3.0,-6.0,-48.0
1776886390.9531028,-1.0,-4.0,-45.0
1776886390.9631028,0.0,-5.0,-37.0
1776886390.9731028,-2.0,-6.0,-33.0
1776886390.9831028,-3.0,-3.0,-34.0
1776886390.9931028,-2.0,-1.0,-35.0
1776886391.0031028,0.0,3.0,-33.0
1776886391.0131028,1.0,7.0,-35.0
1776886391.0231028,3.0,6.0,-37.0
1776886391.0331028,6.0,4.0,-43.0
1776886391.0431027,5.0,2.0,-46.0
1776886391.0531027,6.0,1.0,-51.0
1776886391.0631027,3.0,2.0,-56.0
1776886391.0731027,1.0,0.0,-57.0
1776886391.0831027,7.0,0.0,-58.0
1776886391.0931027,10.0,0.0,-58.0
1776886391.1031027,10.0,-2.0,-56.0
1776886391.113103,8.0,0.0,-46.0
1776886391.123103,7.0,0.0,-47.0
1776886391.133103,5.0,0.0,-44.0
1776886391.1431026,1.0,3.0,-44.0
1776886391.1531026,3.0,2.0,-41.0
1776886391.1631026,5.0,1.0,-46.0
1776886391.1731029,5.0,0.0,-51.0
1776886391.1831028,3.0,-3.0,-48.0
1776886391.1931028,5.0,-5.0,-46.0
1776886391.2031028,2.0,-5.0,-44.0
1776886391.2131028,3.0,-4.0,-36.0
1776886391.2231028,0.0,2.0,-34.0
1776886391.2331028,-2.0,5.0,-28.0
1776886391.2431028,-6.0,6.0,-33.0
1776886391.2531028,-1.0,5.0,-38.0
1776886391.2631028,1.0,5.0,-38.0
1776886391.2731028,2.0,4.0,-43.0
1776886391.2831028,4.0,6.0,-50.0
1776886391.2931027,3.0,10.0,-41.0
1776886391.3031027,7.0,8.0,-37.0
1776886391.3131027,2.0,5.0,-38.0
1776886391.3231027,1.0,2.0,-42.0
1776886391.3341026,-2.0,2.0,-45.0
1776886391.3441026,0.0,0.0,-47.0
1776886391.3531027,3.0,-1.0,-43.0
1776886391.3641028,0.0,-5.0,-40.0
1776886391.3741028,2.0,-4.0,-41.0
1776886391.3841028,3.0,-2.0,-44.0
1776886391.3941028,2.0,-2.0,-46.0
1776886391.4041028,-1.0,-4.0,-45.0
1776886391.4141028,-1.0,-4.0,-40.0
1776886391.4241028,-1.0,-5.0,-35.0
1776886391.4341028,1.0,-5.0,-34.0
1776886391.4441028,-2.0,-4.0,-38.0
1776886391.4541028,-6.0,-2.0,-37.0
1776886391.4641027,-4.0,-5.0,-34.0
1776886391.4741027,0.0,-7.0,-36.0
1776886391.4841027,-1.0,-7.0,-37.0
1776886391.4941027,0.0,-9.0,-35.0
1776886391.5041027,-1.0,-6.0,-39.0
1776886391.5141027,-1.0,-5.0,-36.0
1776886391.5241027,-1.0,-5.0,-37.0
1776886391.534103,-3.0,-6.0,-40.0
1776886391.544103,-2.0,-6.0,-40.0
1776886391.554103,-2.0,-5.0,-44.0
1776886391.5641026,0.0,-6.0,-49.0
1776886391.5741026,-7.0,-5.0,-51.0
1776886391.5841026,-7.0,-5.0,-51.0
1776886391.5941026,-7.0,-3.0,-50.0
1776886391.6041028,-7.0,-4.0,-52.0
1776886391.6141028,-8.0,-2.0,-49.0
1776886391.6241028,-5.0,-2.0,-44.0
1776886391.6341028,-3.0,0.0,-44.0
1776886391.6441028,-1.0,1.0,-45.0
1776886391.6541028,-4.0,-2.0,-40.0
1776886391.6641028,-7.0,-2.0,-47.0
1776886391.6741028,-5.0,-7.0,-44.0
1776886391.6841028,-6.0,-5.0,-40.0
1776886391.6941028,0.0,-5.0,-43.0
1776886391.7041028,1.0,-7.0,-41.0
1776886391.7141027,4.0,-7.0,-37.0
1776886391.7241027,2.0,-4.0,-39.0
1776886391.7341027,2.0,-1.0,-39.0
1776886391.7441027,-1.0,-7.0,-34.0
1776886391.7541027,-3.0,-7.0,-35.0
1776886391.7641027,-1.0,-4.0,-30.0
1776886391.7741027,-3.0,-3.0,-26.0
1776886391.784103,-7.0,-5.0,-29.0
1776886391.794103,-5.0,-3.0,-28.0
1776886391.804103,-1.0,-3.0,-34.0
1776886391.8141026,0.0,-5.0,-36.0
1776886391.8241026,0.0,0.0,-45.0
1776886391.8341026,-1.0,2.0,-46.0
1776886391.8441026,1.0,4.0,-43.0
1776886391.8541028,0.0,5.0,-41.0
1776886391.8641028,0.0,3.0,-42.0
1776886391.8741028,-4.0,1.0,-31.0
1776886391.8841028,-3.0,5.0,-29.0
1776886391.8941028,-2.0,5.0,-31.0
1776886391.9041028,-2.0,5.0,-35.0
1776886391.9141028,0.0,2.0,-27.0
1776886391.9241028,-1.0,0.0,-33.0
1776886391.9341028,-2.0,-1.0,-43.0
1776886391.9441028,-1.0,-5.0,-38.0
1776886391.9541028,-1.0,-5.0,-37.0
1776886391.9641027,-4.0,-1.0,-39.0
1776886391.9741027,-4.0,0.0,-38.0
1776886391.9841027,-4.0,-2.0,-38.0
1776886391.9941027,-8.0,-3.0,-39.0
1776886392.0041027,-6.0,1.0,-42.0
1776886392.0141027,3.0,2.0,-39.0
1776886392.0241027,3.0,1.0,-40.0
1776886392.034103,1.0,0.0,-44.0
1776886392.044103,4.0,0.0,-41.0
1776886392.054103,3.0,-1.0,-41.0
1776886392.0641026,0.0,-2.0,-44.0
1776886392.0741026,-1.0,-3.0,-44.0
1776886392.0841026,-1.0,-2.0,-39.0
1776886392.0941026,-2.0,-3.0,-41.0
1776886392.1041028,0.0,-2.0,-38.0
1776886392.1141028,4.0,0.0,-42.0
1776886392.1241028,5.0,0.0,-39.0
1776886392.1341028,4.0,5.0,-40.0
1776886392.1441028,4.0,2.0,-32.0
1776886392.1541028,3.0,5.0,-35.0
1776886392.1641028,1.0,7.0,-30.0
1776886392.1741028,3.0,8.0,-33.0
1776886392.1841028,0.0,5.0,-38.0
1776886392.1941028,2.0,8.0,-36.0
1776886392.2041028,-4.0,5.0,-45.0
1776886392.2141027,-3.0,2.0,-47.0
1776886392.2241027,-2.0,0.0,-42.0
1776886392.2341027,-6.0,-2.0,-42.0
1776886392.2441027,-5.0,-3.0,-43.0
1776886392.2541027,-7.0,-4.0,-39.0
1776886392.2641027,-5.0,-5.0,-34.0
1776886392.2741027,-1.0,-4.0,-34.0
1776886392.284103,2.0,0.0,-36.0
1776886392.294103,1.0,4.0,-35.0
1776886392.304103,-2.0,2.0,-34.0
1776886392.3141026,-2.0,0.0,-42.0
1776886392.3241026,0.0,-6.0,-40.0
1776886392.3341026,1.0,-3.0,-36.0
1776886392.3441026,-2.0,-4.0,-44.0
1776886392.3541028,-2.0,-3.0,-45.0
1776886392.3641028,-3.0,0.0,-42.0
1776886392.3741028,-1.0,1.0,-40.0
1776886392.3841028,0.0,-2.0,-38.0
1776886392.3941028,0.0,-2.0,-32.0
1776886392.4041028,0.0,-3.0,-43.0
1776886392.4141028,0.0,0.0,-47.0
1776886392.4241028,0.0,-1.0,-44.0
1776886392.4341028,-1.0,-1.0,-42.0
1776886392.4441028,-3.0,-5.0,-38.0
1776886392.4541028,-5.0,-3.0,-37.0
1776886392.4641027,-4.0,-9.0,-37.0
1776886392.4741027,-2.0,-4.0,-35.0
1776886392.4841027,-1.0,0.0,-30.0
1776886392.4941027,-1.0,0.0,-27.0
1776886392.5041027,0.0,1.0,-27.0
1776886392.5141027,-1.0,0.0,-24.0
1776886392.5241027,-3.0,0.0,-20.0
1776886392.534103,-5.0,2.0,-17.0
1776886392.544103,-7.0,0.0,-23.0
1776886392.554103,-5.0,-1.0,-28.0
1776886392.5641026,-7.0,0.0,-30.0
1776886392.5741026,-6.0,0.0,-35.0
1776886392.5841026,-6.0,0.0,-38.0
1776886392.5941026,-8.0,3.0,-41.0
1776886392.6041028,-6.0,4.0,-45.0
1776886392.6141028,-4.0,3.0,-43.0
1776886392.6241028,-6.0,2.0,-41.0
1776886392.6341028,-4.0,7.0,-50.0
1776886392.6441028,1.0,4.0,-53.0
1776886392.6541028,8.0,2.0,-50.0
1776886392.6641028,4.0,0.0,-47.0
1776886392.6741028,2.0,0.0,-49.0
1776886392.6841028,1.0,1.0,-50.0
1776886392.6941028,0.0,0.0,-47.0
1776886392.7041028,0.0,-2.0,-45.0
1776886392.7141027,2.0,0.0,-45.0
1776886392.7241027,5.0,-1.0,-49.0
1776886392.7341027,9.0,-1.0,-50.0
1776886392.7441027,5.0,3.0,-46.0
1776886392.7541027,5.0,4.0,-43.0
1776886392.7641027,4.0,-3.0,-39.0
1776886392.7741027,0.0,-5.0,-42.0
1776886392.784103,0.0,-5.0,-42.0
1776886392.794103,3.0,-3.0,-35.0
1776886392.804103,5.0,-6.0,-34.0
1776886392.8141026,1.0,-2.0,-32.0
1776886392.8241026,1.0,2.0,-32.0
1776886392.8341026,-3.0,3.0,-36.0
1776886392.8441026,-4.0,2.0,-37.0
1776886392.8541028,-7.0,5.0,-36.0
1776886392.8641028,-1.0,4.0,-38.0
1776886392.8741028,0.0,3.0,-38.0
1776886392.8841028,2.0,2.0,-41.0
1776886392.8941028,-1.0,5.0,-44.0
1776886392.9041028,0.0,3.0,-48.0
1776886392.9141028,-2.0,3.0,-48.0
1776886392.9241028,1.0,0.0,-45.0
1776886392.9341028,-1.0,2.0,-45.0
1776886392.9441028,-1.0,0.0,-45.0
1776886392.9541028,3.0,0.0,-45.0
1776886392.9641027,0.0,0.0,-46.0
1776886392.9741027,3.0,-2.0,-45.0
1776886392.9841027,0.0,1.0,-50.0
1776886392.9941027,1.0,1.0,-40.0
1776886393.0041027,2.0,2.0,-40.0
1776886393.0141027,3.0,-1.0,-42.0
1776886393.0241027,2.0,-4.0,-43.0
1776886393.034103,0.0,-5.0,-39.0
1776886393.044103,0.0,-4.0,-34.0
1776886393.054103,-1.0,-2.0,-35.0
1776886393.0641026,1.0,-1.0,-31.0
1776886393.0741026,1.0,-6.0,-33.0
1776886393.0841026,-1.0,-4.0,-35.0
1776886393.0941026,3.0,-5.0,-33.0
1776886393.1041028,2.0,-7.0,-27.0
1776886393.1141028,1.0,-9.0,-25.0
1776886393.1241028,-1.0,-11.0,-26.0
1776886393.1341028,0.0,-8.0,-28.0
1776886393.1441028,0.0,-7.0,-33.0
1776886393.1541028,2.0,-8.0,-34.0
1776886393.1641028,4.0,-5.0,-36.0
1776886393.1741028,8.0,-3.0,-34.0
1776886393.1841028,6.0,-5.0,-32.0
1776886393.1941028,5.0,-1.0,-34.0
1776886393.2041028,6.0,1.0,-30.0
1776886393.2141027,7.0,-2.0,-28.0
1776886393.2241027,8.0,-2.0,-28.0
1776886393.2341027,4.0,1.0,-31.0
1776886393.2441027,0.0,4.0,-35.0
1776886393.2541027,0.0,6.0,-35.0
1776886393.2641027,-1.0,5.0,-33.0
1776886393.2741027,0.0,7.0,-32.0
1776886393.2851028,-2.0,11.0,-30.0
1776886393.294103,2.0,10.0,-28.0
1776886393.304103,0.0,5.0,-23.0
1776886393.3141026,1.0,6.0,-32.0
1776886393.3251028,1.0,6.0,-36.0
1776886393.3341026,0.0,4.0,-34.0
1776886393.3451028,-1.0,5.0,-33.0
1776886393.3551028,-3.0,3.0,-34.0
1776886393.3651028,1.0,0.0,-30.0
1776886393.3751028,7.0,1.0,-30.0
1776886393.3851027,8.0,-1.0,-31.0
1776886393.3951027,2.0,-2.0,-30.0
1776886393.4051027,-4.0,0.0,-37.0
1776886393.4151027,-7.0,1.0,-31.0
1776886393.4251027,-3.0,0.0,-24.0
1776886393.4351027,-3.0,1.0,-28.0
1776886393.4451027,-1.0,1.0,-31.0
1776886393.4551027,-2.0,0.0,-35.0
1776886393.465103,-2.0,1.0,-34.0
1776886393.475103,-1.0,0.0,-32.0
1776886393.485103,7.0,-4.0,-36.0
1776886393.4951026,9.0,-7.0,-34.0
1776886393.5051026,10.0,-8.0,-38.0
1776886393.5151026,7.0,-7.0,-36.0
1776886393.5251029,4.0,-5.0,-36.0
1776886393.5351028,2.0,-3.0,-36.0
1776886393.5451028,0.0,-5.0,-33.0
1776886393.5551028,-2.0,-4.0,-30.0
1776886393.5651028,-5.0,-3.0,-30.0
1776886393.5751028,-5.0,-1.0,-34.0
1776886393.5851028,-7.0,0.0,-37.0
1776886393.5951028,-5.0,2.0,-33.0
1776886393.6051028,1.0,-3.0,-35.0
1776886393.6151028,-3.0,-5.0,-32.0
1776886393.6251028,-2.0,-7.0,-34.0
1776886393.6351027,-1.0,-11.0,-29.0
1776886393.6451027,0.0,-5.0,-33.0
1776886393.6551027,1.0,-2.0,-34.0
1776886393.6651027,3.0,-3.0,-37.0
1776886393.6751027,1.0,-1.0,-42.0
1776886393.6851027,0.0,0.0,-49.0
1776886393.6951027,-3.0,0.0,-48.0
1776886393.7051027,-5.0,-3.0,-47.0
1776886393.715103,-2.0,-6.0,-51.0
1776886393.725103,0.0,-3.0,-52.0
1776886393.735103,3.0,0.0,-52.0
1776886393.7451026,4.0,0.0,-44.0
1776886393.7551026,4.0,0.0,-45.0
1776886393.7651026,9.0,3.0,-37.0
1776886393.7751029,7.0,3.0,-35.0
1776886393.7851028,9.0,-1.0,-31.0
1776886393.7951028,10.0,-1.0,-30.0
1776886393.8051028,11.0,-5.0,-37.0
1776886393.8151028,11.0,-4.0,-37.0
1776886393.8251028,9.0,-1.0,-34.0
1776886393.8351028,8.0,-1.0,-27.0
1776886393.8451028,7.0,-2.0,-25.0
1776886393.8551028,7.0,-3.0,-27.0
1776886393.8651028,2.0,-2.0,-37.0
1776886393.8751028,-1.0,-5.0,-32.0
1776886393.8851027,-3.0,-3.0,-37.0
1776886393.8951027,-5.0,3.0,-38.0
1776886393.9051027,-7.0,1.0,-40.0
1776886393.9151027,-5.0,1.0,-32.0
1776886393.9251027,0.0,0.0,-26.0
1776886393.9351027,4.0,0.0,-28.0
1776886393.9451027,1.0,4.0,-30.0
1776886393.9551027,0.0,1.0,-29.0
1776886393.965103,-1.0,0.0,-34.0
1776886393.975103,-7.0,-5.0,-36.0
1776886393.985103,-7.0,-2.0,-40.0
1776886393.9951026,-4.0,1.0,-32.0
1776886394.0051026,-1.0,-1.0,-30.0
1776886394.0151026,0.0,0.0,-33.0
1776886394.0251029,1.0,2.0,-31.0
1776886394.0351028,0.0,2.0,-30.0
1776886394.0451028,0.0,4.0,-34.0
1776886394.0551028,0.0,7.0,-36.0
1776886394.0651028,2.0,2.0,-31.0
1776886394.0751028,1.0,2.0,-31.0
1776886394.0851028,3.0,2.0,-35.0
1776886394.0951028,2.0,-2.0,-33.0
1776886394.1051028,1.0,-3.0,-38.0
1776886394.1151028,2.0,-4.0,-39.0
1776886394.1251028,2.0,-3.0,-36.0
1776886394.1351027,3.0,-6.0,-41.0
1776886394.1451027,0.0,-4.0,-42.0
1776886394.1551027,-4.0,-2.0,-42.0
1776886394.1651027,-7.0,1.0,-37.0
1776886394.1751027,-8.0,1.0,-45.0
1776886394.1851027,-7.0,-1.0,-40.0
1776886394.1951027,-7.0,0.0,-44.0
1776886394.2051027,-4.0,-3.0,-51.0
1776886394.215103,0.0,-2.0,-47.0
1776886394.225103,0.0,0.0,-48.0
1776886394.235103,0.0,0.0,-41.0
1776886394.2451026,3.0,0.0,-31.0
1776886394.2551026,4.0,-2.0,-34.0
1776886394.2651026,0.0,-9.0,-40.0
1776886394.2751029,-1.0,-6.0,-40.0
1776886394.2851028,1.0,-6.0,-44.0
1776886394.2951028,1.0,-5.0,-47.0
1776886394.3051028,1.0,-7.0,-46.0
1776886394.3151028,2.0,-8.0,-44.0
1776886394.3251028,1.0,-7.0,-37.0
1776886394.3351028,3.0,-11.0,-36.0
1776886394.3451028,8.0,-15.0,-36.0
1776886394.3551028,3.0,-10.0,-36.0
1776886394.3651028,0.0,-7.0,-40.0
1776886394.3751028,-1.0,-10.0,-43.0
1776886394.3851027,0.0,-7.0,-46.0
1776886394.3951027,5.0,-2.0,-50.0
1776886394.4051027,3.0,-2.0,-49.0
1776886394.4151027,2.0,-1.0,-47.0
1776886394.4251027,-3.0,-5.0,-41.0
1776886394.4351027,-6.0,-2.0,-38.0
1776886394.4451027,0.0,-5.0,-37.0
1776886394.4551027,4.0,0.0,-33.0
1776886394.465103,4.0,0.0,-36.0
1776886394.475103,4.0,-2.0,-39.0
1776886394.485103,3.0,2.0,-34.0
1776886394.4951026,4.0,3.0,-37.0
1776886394.5051026,0.0,0.0,-36.0
1776886394.5151026,1.0,-1.0,-36.0
1776886394.5251029,3.0,0.0,-39.0
1776886394.5351028,6.0,0.0,-45.0
1776886394.5451028,2.0,1.0,-43.0
1776886394.5551028,5.0,0.0,-38.0
1776886394.5651028,4.0,-1.0,-37.0
1776886394.5751028,4.0,0.0,-43.0
1776886394.5851028,10.0,-1.0,-42.0
1776886394.5951028,9.0,-5.0,-45.0
1776886394.6051028,8.0,-1.0,-46.0
1776886394.6151028,-1.0,-2.0,-51.0
1776886394.6251028,0.0,-3.0,-45.0
1776886394.6351027,0.0,-3.0,-48.0
1776886394.6451027,5.0,0.0,-47.0
1776886394.6551027,3.0,3.0,-40.0
1776886394.6651027,0.0,0.0,-42.0
1776886394.6751027,1.0,1.0,-47.0
1776886394.6851027,4.0,2.0,-49.0
1776886394.6951027,3.0,0.0,-49.0
1776886394.7051027,7.0,0.0,-47.0
1776886394.715103,2.0,-1.0,-44.0
1776886394.725103,2.0,-5.0,-37.0
1776886394.735103,0.0,-7.0,-28.0
1776886394.7451026,-2.0,-3.0,-29.0
1776886394.7551026,-2.0,2.0,-30.0
1776886394.7651026,-2.0,2.0,-41.0
1776886394.7751029,-5.0,1.0,-43.0
1776886394.7851028,-6.0,-2.0,-41.0
1776886394.7951028,0.0,-2.0,-38.0
1776886394.8051028,-3.0,-1.0,-40.0
1776886394.8151028,-2.0,1.0,-48.0
1776886394.8251028,-3.0,-4.0,-48.0
1776886394.8351028,0.0,-7.0,-45.0
1776886394.8451028,3.0,-7.0,-45.0
1776886394.8551028,6.0,-7.0,-41.0
1776886394.8651028,2.0,-9.0,-40.0
1776886394.8751028,4.0,-7.0,-39.0
1776886394.8851027,5.0,-5.0,-41.0
1776886394.8951027,2.0,1.0,-44.0
1776886394.9051027,9.0,3.0,-45.0
1776886394.9151027,8.0,5.0,-47.0
1776886394.9251027,5.0,3.0,-38.0
1776886394.9351027,4.0,6.0,-31.0
1776886394.9451027,4.0,7.0,-30.0
1776886394.9551027,3.0,6.0,-26.0
1776886394.965103,8.0,3.0,-25.0
1776886394.975103,3.0,5.0,-30.0
1776886394.985103,0.0,6.0,-34.0
1776886394.9951026,0.0,5.0,-31.0
1776886395.0051026,-2.0,1.0,-35.0
1776886395.0151026,-2.0,-2.0,-34.0
1776886395.0251029,-2.0,0.0,-36.0
1776886395.0351028,-1.0,-1.0,-37.0
1776886395.0451028,0.0,1.0,-38.0
1776886395.0551028,2.0,4.0,-37.0
1776886395.0651028,-1.0,5.0,-36.0
1776886395.0751028,-1.0,0.0,-28.0
1776886395.0851028,0.0,1.0,-21.0
1776886395.0951028,-1.0,1.0,-21.0
1776886395.1051028,0.0,1.0,-24.0
1776886395.1151028,1.0,0.0,-34.0
1776886395.1251028,2.0,0.0,-43.0
1776886395.1351027,-1.0,-1.0,-41.0
1776886395.1451027,-1.0,-2.0,-46.0
1776886395.1551027,-1.0,-5.0,-44.0
1776886395.1651027,-1.0,-3.0,-44.0
1776886395.1751027,-1.0,-1.0,-55.0
1776886395.1851027,0.0,-1.0,-44.0
1776886395.1951027,8.0,-4.0,-44.0
1776886395.2051027,8.0,-3.0,-41.0
1776886395.215103,3.0,-7.0,-37.0
1776886395.225103,0.0,-3.0,-26.0
1776886395.235103,0.0,-3.0,-31.0
1776886395.2451026,-3.0,-1.0,-41.0
1776886395.2551026,-3.0,0.0,-44.0
1776886395.2651026,-2.0,-1.0,-42.0
1776886395.2751029,-4.0,0.0,-35.0
1776886395.2851028,0.0,1.0,-31.0
1776886395.2951028,0.0,2.0,-33.0
1776886395.3051028,4.0,6.0,-31.0
1776886395.3161027,5.0,10.0,-38.0
1776886395.3261027,5.0,7.0,-38.0
1776886395.3361027,7.0,7.0,-34.0
1776886395.3461027,6.0,5.0,-39.0
1776886395.3561027,0.0,2.0,-36.0
1776886395.3661027,4.0,3.0,-31.0
1776886395.3761027,2.0,0.0,-32.0
1776886395.386103,0.0,0.0,-33.0
1776886395.396103,-1.0,0.0,-32.0
1776886395.406103,0.0,0.0,-39.0
1776886395.4161026,1.0,1.0,-39.0
1776886395.4261026,1.0,0.0,-40.0
1776886395.4361026,-1.0,-3.0,-43.0
1776886395.4461029,0.0,-3.0,-47.0
1776886395.4561028,0.0,-4.0,-49.0
1776886395.4661028,0.0,-2.0,-48.0
1776886395.4761028,1.0,0.0,-50.0
1776886395.4861028,-1.0,1.0,-38.0
1776886395.4961028,-2.0,3.0,-40.0
1776886395.5061028,0.0,4.0,-37.0
1776886395.5161028,0.0,2.0,-40.0
1776886395.5261028,-3.0,-1.0,-42.0
1776886395.5361028,-4.0,1.0,-48.0
1776886395.5461028,-4.0,6.0,-45.0
1776886395.5561028,-4.0,1.0,-46.0
1776886395.5661027,1.0,1.0,-43.0
1776886395.5761027,5.0,3.0,-43.0
1776886395.5861027,7.0,-1.0,-47.0
1776886395.5961027,9.0,-2.0,-49.0
1776886395.6061027,6.0,-1.0,-47.0
1776886395.6161027,4.0,-4.0,-49.0
1776886395.6261027,6.0,-2.0,-47.0
1776886395.636103,6.0,0.0,-43.0
1776886395.646103,4.0,0.0,-43.0
1776886395.656103,1.0,1.0,-42.0
1776886395.6661026,0.0,4.0,-41.0
1776886395.6761026,-5.0,2.0,-45.0
1776886395.6861026,0.0,0.0,-45.0
1776886395.6961029,1.0,-2.0,-39.0
1776886395.7061028,1.0,0.0,-34.0
1776886395.7161028,0.0,-1.0,-30.0
1776886395.7261028,-2.0,0.0,-29.0
1776886395.7361028,-3.0,-1.0,-37.0
1776886395.7461028,-5.0,0.0,-39.0
1776886395.7561028,-8.0,1.0,-37.0
1776886395.7661028,-2.0,2.0,-33.0
1776886395.7761028,-2.0,0.0,-33.0
1776886395.7861028,-3.0,0.0,-32.0
1776886395.7961028,0.0,-2.0,-30.0
1776886395.8061028,-1.0,-3.0,-29.0
1776886395.8161027,-1.0,-4.0,-33.0
1776886395.8261027,-2.0,-4.0,-35.0
1776886395.8361027,1.0,-8.0,-37.0
1776886395.8461027,5.0,-7.0,-40.0
1776886395.8561027,9.0,-7.0,-37.0
1776886395.8661027,10.0,-6.0,-36.0
1776886395.8761027,5.0,-4.0,-37.0
1776886395.886103,5.0,-5.0,-33.0
1776886395.896103,0.0,-8.0,-33.0
1776886395.906103,-3.0,-7.0,-37.0
1776886395.9161026,-1.0,-9.0,-45.0
1776886395.9261026,1.0,-12.0,-43.0
1776886395.9361026,4.0,-9.0,-39.0
1776886395.9461029,6.0,-7.0,-33.0
1776886395.9561028,7.0,-6.0,-30.0
1776886395.9661028,4.0,-8.0,-29.0
1776886395.9761028,1.0,-1.0,-25.0
1776886395.9861028,0.0,-2.0,-32.0
1776886395.9961028,0.0,-1.0,-38.0
1776886396.0061028,-2.0,-4.0,-40.0
1776886396.0161028,-3.0,-3.0,-36.0
1776886396.0261028,3.0,-2.0,-29.0
1776886396.0361028,0.0,1.0,-36.0
1776886396.0461028,-3.0,1.0,-34.0
1776886396.0561028,-5.0,-3.0,-28.0
1776886396.0661027,-3.0,-7.0,-25.0
1776886396.0761027,-2.0,-5.0,-29.0
1776886396.0861027,-2.0,-3.0,-32.0
1776886396.0961027,-1.0,-3.0,-43.0
1776886396.1061027,6.0,-2.0,-39.0
1776886396.1161027,8.0,-1.0,-42.0
1776886396.1261027,3.0,-1.0,-46.0
1776886396.136103,1.0,0.0,-41.0
1776886396.146103,1.0,0.0,-40.0
1776886396.156103,0.0,0.0,-41.0
1776886396.1661026,0.0,2.0,-43.0
1776886396.1761026,0.0,4.0,-42.0
1776886396.1861026,-4.0,1.0,-44.0
1776886396.1961029,-4.0,-1.0,-38.0
1776886396.2061028,-4.0,-2.0,-41.0
1776886396.2161028,-3.0,-3.0,-49.0
1776886396.2261028,-3.0,-5.0,-48.0
1776886396.2361028,-2.0,-1.0,-47.0
1776886396.2461028,2.0,-1.0,-35.0
1776886396.2561028,0.0,-5.0,-29.0
1776886396.2661028,0.0,-1.0,-34.0
1776886396.2761028,0.0,0.0,-39.0
1776886396.2861028,4.0,4.0,-44.0
1776886396.2961028,0.0,6.0,-43.0
1776886396.3061028,-3.0,8.0,-36.0
1776886396.3161027,0.0,8.0,-34.0
1776886396.3261027,0.0,4.0,-32.0
1776886396.3361027,2.0,6.0,-32.0
1776886396.3461027,2.0,3.0,-24.0
1776886396.3561027,4.0,0.0,-29.0
1776886396.3661027,5.0,0.0,-33.0
1776886396.3761027,7.0,-1.0,-41.0
1776886396.386103,8.0,-2.0,-43.0
1776886396.396103,4.0,-1.0,-42.0
1776886396.406103,3.0,0.0,-46.0
1776886396.4161026,-2.0,3.0,-40.0
1776886396.4261026,-2.0,8.0,-38.0
1776886396.4361026,-2.0,5.0,-35.0
1776886396.4461029,0.0,1.0,-40.0
1776886396.4561028,0.0,0.0,-36.0
1776886396.4661028,0.0,1.0,-28.0
1776886396.4761028,2.0,-1.0,-36.0
1776886396.4861028,3.0,-3.0,-39.0
1776886396.4961028,-2.0,-1.0,-39.0
1776886396.5061028,0.0,4.0,-31.0
1776886396.5161028,0.0,6.0,-28.0
1776886396.5261028,1.0,5.0,-29.0
1776886396.5361028,2.0,5.0,-30.0
1776886396.5461028,3.0,3.0,-33.0
1776886396.5561028,3.0,0.0,-34.0
1776886396.5661027,-1.0,-2.0,-36.0
1776886396.5761027,0.0,-6.0,-40.0
1776886396.5861027,-2.0,-6.0,-37.0
1776886396.5961027,-7.0,-8.0,-31.0
1776886396.6061027,-9.0,-7.0,-31.0
1776886396.6161027,-6.0,-10.0,-40.0
1776886396.6261027,-7.0,-6.0,-42.0
1776886396.636103,-6.0,-1.0,-35.0
1776886396.646103,-6.0,2.0,-26.0
1776886396.656103,-4.0,2.0,-26.0
1776886396.6661026,-5.0,0.0,-27.0
1776886396.6761026,-1.0,4.0,-32.0
1776886396.6861026,-4.0,6.0,-31.0
1776886396.6961029,-5.0,4.0,-32.0
1776886396.7061028,-5.0,3.0,-36.0
1776886396.7161028,-2.0,0.0,-32.0
1776886396.7261028,-3.0,0.0,-38.0
1776886396.7361028,-1.0,2.0,-36.0
1776886396.7461028,-4.0,1.0,-39.0
1776886396.7561028,-3.0,2.0,-38.0
1776886396.7661028,-5.0,5.0,-38.0
1776886396.7761028,-8.0,6.0,-42.0
1776886396.7861028,-5.0,6.0,-38.0
1776886396.7961028,-1.0,2.0,-34.0
1776886396.8061028,0.0,3.0,-30.0
1776886396.8161027,3.0,4.0,-32.0
1776886396.8261027,3.0,0.0,-35.0
1776886396.8361027,1.0,0.0,-30.0
1776886396.8471026,0.0,-4.0,-34.0
1776886396.8561027,-2.0,-7.0,-34.0
1776886396.8661027,-2.0,-5.0,-36.0
1776886396.8761027,0.0,-9.0,-37.0
1776886396.886103,4.0,-5.0,-43.0
1776886396.896103,3.0,-4.0,-42.0
1776886396.906103,4.0,-1.0,-41.0
1776886396.9161026,3.0,-2.0,-43.0
1776886396.9261026,2.0,-3.0,-43.0
1776886396.9361026,0.0,-1.0,-50.0
1776886396.9461029,4.0,3.0,-50.0
1776886396.9561028,3.0,3.0,-48.0
1776886396.9661028,2.0,2.0,-42.0
1776886396.9761028,4.0,-2.0,-40.0
1776886396.9861028,4.0,-3.0,-37.0
1776886396.9961028,0.0,0.0,-32.0
1776886397.0061028,0.0,3.0,-32.0
1776886397.0161028,-4.0,0.0,-37.0
1776886397.0261028,0.0,-2.0,-41.0
1776886397.0361028,0.0,2.0,-40.0
1776886397.0461028,0.0,0.0,-42.0
1776886397.0561028,6.0,2.0,-41.0
1776886397.0661027,7.0,2.0,-37.0
1776886397.0761027,1.0,1.0,-38.0
1776886397.087103,6.0,0.0,-37.0
1776886397.0961027,2.0,3.0,-30.0
1776886397.1061027,0.0,0.0,-35.0
1776886397.1161027,0.0,-4.0,-28.0
1776886397.1261027,2.0,-6.0,-29.0
1776886397.136103,2.0,-7.0,-36.0
1776886397.146103,4.0,-5.0,-36.0
1776886397.156103,6.0,-5.0,-39.0
1776886397.1661026,5.0,-6.0,-36.0
1776886397.1761026,4.0,-1.0,-35.0
1776886397.1861026,5.0,-2.0,-36.0
1776886397.1961029,6.0,-5.0,-31.0
1776886397.2061028,5.0,-6.0,-28.0
1776886397.2161028,3.0,-7.0,-23.0
1776886397.2261028,2.0,-6.0,-23.0
1776886397.2361028,2.0,-7.0,-28.0
1776886397.2461028,5.0,-4.0,-32.0
1776886397.2561028,1.0,-5.0,-31.0
1776886397.2661028,-1.0,-6.0,-28.0
1776886397.2761028,0.0,-5.0,-30.0
1776886397.2871027,2.0,-4.0,-31.0
1776886397.2961028,5.0,-4.0,-32.0
1776886397.307103,3.0,-5.0,-32.0
1776886397.3161027,0.0,-7.0,-36.0
1776886397.327103,-2.0,-5.0,-44.0
1776886397.337103,-3.0,-6.0,-51.0
1776886397.3471026,-3.0,-7.0,-55.0
1776886397.3571026,-6.0,-6.0,-52.0
1776886397.3671026,-13.0,-2.0,-51.0
1776886397.3771029,-10.0,-2.0,-49.0
1776886397.3871028,-6.0,0.0,-41.0
1776886397.3971028,-1.0,-1.0,-36.0
1776886397.4071028,-2.0,-4.0,-36.0
1776886397.4171028,-2.0,-1.0,-36.0
1776886397.4271028,-1.0,-2.0,-29.0
1776886397.4371028,1.0,2.0,-23.0
1776886397.4471028,3.0,-2.0,-23.0
1776886397.4571028,0.0,-3.0,-31.0
1776886397.4671028,4.0,-3.0,-28.0
1776886397.4771028,3.0,-1.0,-30.0
1776886397.4871027,0.0,-1.0,-36.0
1776886397.4971027,1.0,-4.0,-36.0
1776886397.5071027,2.0,-3.0,-42.0
1776886397.5171027,3.0,-6.0,-41.0
1776886397.5271027,3.0,-5.0,-43.0
1776886397.5371027,0.0,-7.0,-45.0
1776886397.5471027,-1.0,-3.0,-41.0
1776886397.557103,-2.0,-4.0,-51.0
1776886397.567103,-4.0,0.0,-47.0
1776886397.577103,0.0,2.0,-45.0
1776886397.587103,1.0,0.0,-45.0
1776886397.5971026,-1.0,-1.0,-45.0
1776886397.6071026,0.0,-2.0,-43.0
1776886397.6171026,2.0,0.0,-46.0
1776886397.6271029,3.0,0.0,-47.0
1776886397.6371028,2.0,3.0,-46.0
1776886397.6471028,3.0,-1.0,-45.0
1776886397.6571028,0.0,-2.0,-48.0
1776886397.6671028,1.0,2.0,-41.0
1776886397.6771028,0.0,3.0,-43.0
1776886397.6871028,2.0,8.0,-40.0
1776886397.6971028,5.0,5.0,-36.0
1776886397.7071028,1.0,1.0,-31.0
1776886397.7171028,1.0,-1.0,-34.0
1776886397.7271028,2.0,0.0,-36.0
1776886397.7371027,0.0,0.0,-40.0
1776886397.7471027,1.0,-1.0,-41.0
1776886397.7571027,3.0,-1.0,-43.0
1776886397.7671027,2.0,-3.0,-38.0
1776886397.7771027,3.0,-4.0,-38.0
1776886397.7871027,0.0,-5.0,-42.0
1776886397.7971027,0.0,-5.0,-39.0
1776886397.807103,1.0,-6.0,-34.0
1776886397.817103,3.0,-5.0,-34.0
1776886397.827103,1.0,-6.0,-36.0
1776886397.837103,0.0,-3.0,-35.0
1776886397.8471026,-1.0,-4.0,-34.0
1776886397.8571026,-4.0,-7.0,-40.0
1776886397.8671026,-2.0,-7.0,-39.0
1776886397.8771029,0.0,-4.0,-43.0
1776886397.8871028,0.0,-3.0,-43.0
1776886397.8971028,0.0,0.0,-32.0
1776886397.9071028,0.0,-5.0,-33.0
1776886397.9171028,-1.0,-6.0,-33.0
1776886397.9271028,-5.0,-2.0,-34.0
1776886397.9371028,-9.0,-5.0,-29.0
1776886397.9471028,-10.0,-3.0,-28.0
1776886397.9571028,-2.0,0.0,-31.0
1776886397.9671028,0.0,-4.0,-31.0
1776886397.9771028,-3.0,-2.0,-31.0
1776886397.9871027,0.0,0.0,-30.0
1776886397.9971027,-4.0,0.0,-29.0
1776886398.0071027,-7.0,-1.0,-25.0
1776886398.0171027,-5.0,1.0,-26.0
1776886398.0271027,-6.0,-1.0,-30.0
1776886398.0371027,-8.0,-2.0,-38.0
1776886398.0471027,-5.0,-2.0,-40.0
1776886398.057103,-8.0,-7.0,-38.0
1776886398.067103,-7.0,-5.0,-45.0
1776886398.077103,-5.0,0.0,-46.0
1776886398.087103,-7.0,0.0,-46.0
1776886398.0971026,-4.0,-1.0,-47.0
1776886398.1071026,-4.0,-3.0,-42.0
1776886398.1171026,-2.0,0.0,-43.0
1776886398.1271029,0.0,1.0,-40.0
1776886398.1371028,-1.0,1.0,-34.0
1776886398.1471028,3.0,0.0,-37.0
1776886398.1571028,3.0,-2.0,-35.0
1776886398.1671028,0.0,-1.0,-31.0
1776886398.1771028,4.0,-1.0,-34.0
1776886398.1871028,4.0,-5.0,-30.0
1776886398.1971028,4.0,-1.0,-29.0
1776886398.2071028,3.0,0.0,-35.0
1776886398.2171028,5.0,3.0,-41.0
1776886398.2271028,6.0,3.0,-41.0
1776886398.2371027,5.0,0.0,-41.0
1776886398.2471027,1.0,0.0,-40.0
1776886398.2571027,1.0,1.0,-41.0
1776886398.2671027,2.0,-1.0,-45.0
1776886398.2771027,0.0,-3.0,-50.0
1776886398.2871027,0.0,-5.0,-50.0
1776886398.2971027,5.0,-3.0,-47.0
1776886398.307103,8.0,0.0,-38.0
1776886398.317103,9.0,1.0,-38.0
1776886398.327103,11.0,2.0,-42.0
1776886398.337103,5.0,0.0,-40.0
1776886398.3471026,1.0,-2.0,-44.0
1776886398.3571026,0.0,-1.0,-42.0
1776886398.3671026,0.0,0.0,-39.0
1776886398.3771029,3.0,-3.0,-37.0
1776886398.3871028,3.0,-7.0,-44.0
1776886398.3971028,2.0,-6.0,-41.0
1776886398.4071028,2.0,-9.0,-41.0
1776886398.4171028,0.0,-6.0,-42.0
1776886398.4271028,2.0,-2.0,-37.0
1776886398.4371028,2.0,0.0,-40.0
1776886398.4471028,2.0,-5.0,-34.0
1776886398.4571028,0.0,-7.0,-37.0
1776886398.4671028,-1.0,-8.0,-40.0
1776886398.4771028,3.0,-8.0,-41.0
1776886398.4871027,3.0,-4.0,-45.0
1776886398.4971027,6.0,-3.0,-44.0
1776886398.5071027,7.0,-6.0,-41.0
1776886398.5171027,4.0,-3.0,-44.0
1776886398.5271027,1.0,-4.0,-50.0
1776886398.5371027,3.0,-5.0,-45.0
1776886398.5471027,7.0,-1.0,-43.0
1776886398.557103,9.0,-1.0,-45.0
1776886398.567103,9.0,-1.0,-44.0
1776886398.577103,11.0,-4.0,-42.0
1776886398.587103,12.0,-2.0,-40.0
1776886398.5971026,13.0,-4.0,-40.0
1776886398.6071026,13.0,-6.0,-34.0
1776886398.6171026,6.0,-5.0,-36.0
1776886398.6271029,10.0,-5.0,-48.0
1776886398.6371028,9.0,-4.0,-53.0
1776886398.6471028,8.0,-4.0,-45.0
1776886398.6571028,4.0,0.0,-46.0
1776886398.6671028,-1.0,1.0,-38.0
1776886398.6771028,-4.0,1.0,-42.0
1776886398.6871028,-6.0,-1.0,-43.0
1776886398.6971028,-3.0,-1.0,-47.0
1776886398.7071028,-4.0,-5.0,-44.0
1776886398.7171028,0.0,-3.0,-50.0
1776886398.7271028,0.0,-6.0,-46.0
1776886398.7371027,0.0,-5.0,-44.0
1776886398.7471027,-2.0,-3.0,-44.0
1776886398.7571027,0.0,-6.0,-43.0
1776886398.7671027,-2.0,-2.0,-43.0
1776886398.7771027,-6.0,0.0,-35.0
1776886398.7871027,-3.0,-2.0,-40.0
1776886398.7971027,-5.0,-4.0,-41.0
1776886398.807103,-5.0,-9.0,-38.0
1776886398.817103,0.0,-3.0,-36.0
1776886398.827103,1.0,-2.0,-33.0
1776886398.837103,2.0,-1.0,-34.0
1776886398.8471026,0.0,-5.0,-32.0
1776886398.8571026,4.0,-4.0,-28.0
1776886398.8671026,3.0,-3.0,-27.0
1776886398.8771029,0.0,-3.0,-34.0
1776886398.8871028,-5.0,-2.0,-32.0
1776886398.8971028,-3.0,1.0,-40.0
1776886398.9071028,-3.0,-4.0,-38.0
1776886398.9171028,-9.0,-5.0,-41.0
1776886398.9271028,-9.0,-5.0,-38.0
1776886398.9371028,-10.0,-6.0,-30.0
1776886398.9471028,-5.0,-6.0,-35.0
1776886398.9571028,-3.0,-3.0,-36.0
1776886398.9671028,-5.0,-6.0,-37.0
1776886398.9771028,-7.0,-1.0,-40.0
1776886398.9871027,-3.0,0.0,-43.0
1776886398.9971027,-3.0,4.0,-41.0
1776886399.0071027,0.0,0.0,-42.0
1776886399.0171027,0.0,0.0,-43.0
1776886399.0271027,-4.0,-3.0,-39.0
1776886399.0371027,-4.0,-4.0,-42.0
1776886399.0471027,0.0,-9.0,-39.0
1776886399.057103,0.0,-7.0,-33.0
1776886399.067103,0.0,-1.0,-33.0
1776886399.077103,0.0,-2.0,-36.0
1776886399.087103,0.0,-1.0,-37.0
1776886399.0971026,1.0,0.0,-43.0
1776886399.1071026,1.0,0.0,-45.0
1776886399.1171026,0.0,0.0,-42.0
1776886399.1271029,-2.0,2.0,-43.0
1776886399.1371028,-5.0,3.0,-43.0
1776886399.1471028,-4.0,0.0,-44.0
1776886399.1571028,-3.0,2.0,-40.0
1776886399.1671028,0.0,0.0,-49.0
1776886399.1771028,2.0,0.0,-48.0
1776886399.1871028,0.0,0.0,-39.0
1776886399.1971028,1.0,1.0,-32.0
1776886399.2071028,3.0,0.0,-28.0
1776886399.2171028,5.0,3.0,-34.0
1776886399.2271028,0.0,7.0,-48.0
1776886399.2371027,-2.0,1.0,-44.0
1776886399.2471027,-5.0,0.0,-45.0
1776886399.2571027,-3.0,-1.0,-48.0
1776886399.2671027,1.0,3.0,-48.0
1776886399.2781026,1.0,1.0,-42.0
1776886399.2871027,3.0,-1.0,-37.0
1776886399.2971027,3.0,-3.0,-42.0
1776886399.3081028,1.0,1.0,-36.0
1776886399.3181028,0.0,0.0,-36.0
1776886399.3281028,5.0,-4.0,-34.0
1776886399.3381028,11.0,-5.0,-37.0
1776886399.3481028,9.0,-1.0,-42.0
1776886399.3581028,2.0,0.0,-40.0
1776886399.3681028,0.0,0.0,-43.0
1776886399.3781028,0.0,-1.0,-36.0
1776886399.3881028,3.0,4.0,-38.0
1776886399.3981028,-1.0,1.0,-45.0
1776886399.4081028,1.0,-3.0,-41.0
1776886399.4181027,0.0,-6.0,-44.0
1776886399.4281027,-1.0,-10.0,-47.0
1776886399.4381027,3.0,-11.0,-43.0
1776886399.4481027,1.0,-13.0,-40.0
1776886399.4581027,0.0,-11.0,-42.0
1776886399.4681027,0.0,-10.0,-41.0
1776886399.4781027,-4.0,-10.0,-44.0
1776886399.488103,-4.0,-14.0,-41.0
1776886399.498103,-5.0,-13.0,-37.0
1776886399.508103,-5.0,-6.0,-35.0
1776886399.5181026,-5.0,-3.0,-27.0
1776886399.5281026,-3.0,-3.0,-34.0
1776886399.5381026,0.0,-6.0,-37.0
1776886399.5481029,-5.0,-6.0,-40.0
1776886399.5581028,-3.0,-8.0,-45.0
1776886399.5681028,-1.0,-6.0,-37.0
1776886399.5781028,1.0,-2.0,-37.0
1776886399.5881028,0.0,-7.0,-42.0
1776886399.5981028,1.0,-7.0,-47.0
1776886399.6081028,1.0,-10.0,-52.0
1776886399.6181028,2.0,-11.0,-49.0
1776886399.6281028,1.0,-8.0,-50.0
1776886399.6381028,5.0,-8.0,-52.0
1776886399.6481028,6.0,-8.0,-42.0
1776886399.6581028,4.0,-10.0,-42.0
1776886399.6681027,5.0,-12.0,-42.0
1776886399.6781027,8.0,-10.0,-39.0
1776886399.6881027,6.0,-10.0,-43.0
1776886399.6981027,3.0,-11.0,-50.0
1776886399.7081027,2.0,-10.0,-47.0
1776886399.7181027,-2.0,-8.0,-44.0
1776886399.7281027,-2.0,-5.0,-39.0
1776886399.738103,-2.0,-6.0,-35.0
1776886399.748103,0.0,-5.0,-31.0
1776886399.758103,0.0,-1.0,-35.0
1776886399.7681026,-2.0,3.0,-38.0
1776886399.7781026,-1.0,1.0,-35.0
1776886399.7881026,3.0,2.0,-30.0
1776886399.7981029,-1.0,1.0,-31.0
1776886399.8081028,1.0,4.0,-36.0
1776886399.8181028,2.0,0.0,-43.0
1776886399.8281028,3.0,-1.0,-47.0
1776886399.8381028,2.0,-3.0,-49.0
1776886399.8481028,1.0,-5.0,-53.0
1776886399.8581028,-1.0,-5.0,-53.0
1776886399.8681028,-6.0,-8.0,-50.0
1776886399.8781028,-2.0,-4.0,-49.0
1776886399.8881028,0.0,-4.0,-51.0
1776886399.8981028,-3.0,-1.0,-53.0
1776886399.9081028,-3.0,-3.0,-60.0
1776886399.9181027,0.0,-7.0,-56.0
1776886399.9281027,1.0,-7.0,-54.0
1776886399.9381027,-2.0,-9.0,-53.0
1776886399.9481027,3.0,-10.0,-45.0
1776886399.9581027,4.0,-8.0,-42.0
1776886399.9681027,0.0,-4.0,-36.0
1776886399.9781027,0.0,-5.0,-32.0
1776886399.988103,0.0,-5.0,-39.0
1776886399.998103,1.0,-2.0,-33.0
1776886400.008103,0.0,-1.0,-32.0
1776886400.0181026,-3.0,-6.0,-28.0
1776886400.0281026,0.0,-2.0,-28.0
1776886400.0381026,1.0,-4.0,-25.0
1776886400.0481029,1.0,-1.0,-27.0
1776886400.0581028,2.0,-2.0,-27.0
1776886400.0681028,-1.0,-1.0,-32.0
1776886400.0781028,-2.0,0.0,-32.0
1776886400.0881028,-1.0,0.0,-36.0
1776886400.0981028,0.0,-1.0,-42.0
1776886400.1081028,0.0,0.0,-42.0
1776886400.1181028,-1.0,1.0,-39.0
1776886400.1281028,-8.0,-1.0,-40.0
1776886400.1381028,-9.0,0.0,-44.0
1776886400.1481028,-7.0,0.0,-44.0
1776886400.1581028,-9.0,0.0,-53.0
1776886400.1681027,-10.0,1.0,-47.0
1776886400.1781027,-9.0,1.0,-45.0
1776886400.1881027,-3.0,7.0,-45.0
1776886400.1981027,4.0,3.0,-49.0
1776886400.2081027,5.0,4.0,-45.0
1776886400.2181027,4.0,2.0,-44.0
1776886400.2281027,7.0,1.0,-46.0
1776886400.238103,5.0,6.0,-47.0
1776886400.248103,6.0,4.0,-47.0
1776886400.258103,10.0,1.0,-49.0
1776886400.2681026,4.0,0.0,-51.0
1776886400.2781026,5.0,-1.0,-54.0
1776886400.2881026,0.0,-2.0,-51.0
1776886400.2981029,0.0,-1.0,-50.0
1776886400.3081028,-1.0,-1.0,-46.0
1776886400.3181028,1.0,-3.0,-38.0
1776886400.3281028,4.0,-4.0,-28.0
1776886400.3381028,7.0,-4.0,-30.0
1776886400.3481028,5.0,-1.0,-32.0
1776886400.3581028,3.0,-4.0,-40.0
1776886400.3681028,7.0,-8.0,-37.0
1776886400.3781028,6.0,-8.0,-41.0
1776886400.3881028,7.0,-3.0,-40.0
1776886400.3981028,3.0,-4.0,-39.0
1776886400.4081028,-1.0,-7.0,-43.0
1776886400.4181027,-3.0,-5.0,-42.0
1776886400.4281027,-2.0,-3.0,-38.0
1776886400.4381027,-4.0,-1.0,-42.0
1776886400.4481027,-3.0,-4.0,-39.0
1776886400.4581027,-5.0,-7.0,-36.0
1776886400.4681027,-1.0,-10.0,-38.0
1776886400.4781027,3.0,-10.0,-35.0
1776886400.488103,4.0,-9.0,-36.0
1776886400.498103,3.0,-6.0,-36.0
1776886400.508103,1.0,-3.0,-38.0
1776886400.5181026,-1.0,-4.0,-37.0
1776886400.5281026,3.0,-1.0,-34.0
1776886400.5381026,-1.0,0.0,-36.0
1776886400.5481029,0.0,0.0,-36.0
1776886400.5581028,-3.0,0.0,-35.0
1776886400.5681028,-2.0,2.0,-34.0
1776886400.5781028,0.0,0.0,-32.0
1776886400.5881028,1.0,0.0,-30.0
1776886400.5981028,3.0,0.0,-37.0
1776886400.6081028,3.0,2.0,-34.0
1776886400.6181028,6.0,1.0,-30.0
1776886400.6281028,1.0,0.0,-27.0
1776886400.6381028,0.0,2.0,-26.0
1776886400.6481028,1.0,5.0,-26.0
1776886400.6581028,0.0,4.0,-27.0
1776886400.6681027,-1.0,0.0,-25.0
1776886400.6781027,0.0,-2.0,-30.0
1776886400.6881027,-1.0,-1.0,-35.0
1776886400.6981027,0.0,2.0,-39.0
1776886400.7081027,-1.0,1.0,-38.0
1776886400.7181027,-1.0,1.0,-39.0
1776886400.7281027,-3.0,2.0,-40.0
1776886400.738103,0.0,3.0,-31.0
1776886400.748103,0.0,2.0,-35.0
1776886400.758103,-1.0,5.0,-46.0
1776886400.7681026,-4.0,2.0,-42.0
1776886400.7781026,-1.0,0.0,-39.0
1776886400.7881026,0.0,0.0,-38.0
1776886400.7981029,0.0,1.0,-39.0
1776886400.8081028,-1.0,1.0,-38.0
1776886400.8181028,1.0,-3.0,-38.0
1776886400.8281028,0.0,-1.0,-43.0
1776886400.8381028,0.0,-3.0,-43.0
1776886400.8481028,1.0,-2.0,-42.0
1776886400.8581028,4.0,0.0,-42.0
1776886400.8681028,5.0,1.0,-42.0
1776886400.8781028,4.0,4.0,-47.0
1776886400.8881028,6.0,3.0,-45.0
1776886400.8981028,2.0,4.0,-46.0
1776886400.9081028,0.0,4.0,-49.0
1776886400.9181027,4.0,0.0,-42.0
1776886400.9281027,0.0,1.0,-41.0
1776886400.9381027,-1.0,1.0,-36.0
1776886400.9481027,-1.0,4.0,-41.0
1776886400.9581027,0.0,1.0,-40.0
1776886400.9681027,1.0,0.0,-43.0
1776886400.9781027,4.0,0.0,-45.0
1776886400.988103,5.0,0.0,-48.0
1776886400.998103,4.0,4.0,-44.0
1776886401.008103,5.0,2.0,-47.0
1776886401.0181026,0.0,0.0,-47.0
1776886401.0281026,0.0,0.0,-36.0
1776886401.0381026,0.0,-3.0,-34.0
1776886401.0481029,-1.0,-1.0,-33.0
1776886401.0581028,-3.0,-2.0,-39.0
1776886401.0681028,-2.0,-1.0,-40.0
1776886401.0781028,-1.0,-6.0,-41.0
1776886401.0881028,0.0,-7.0,-37.0
1776886401.0981028,-1.0,-8.0,-37.0
1776886401.1081028,0.0,-6.0,-36.0
1776886401.1191027,-1.0,-7.0,-38.0
1776886401.1281028,3.0,-8.0,-43.0
1776886401.1381028,4.0,-9.0,-42.0
1776886401.1481028,5.0,-8.0,-40.0
1776886401.1581028,5.0,-9.0,-39.0
1776886401.1681027,3.0,-8.0,-39.0
1776886401.1781027,1.0,-9.0,-42.0
1776886401.1881027,-3.0,-12.0,-41.0
1776886401.1981027,-4.0,-12.0,-39.0
1776886401.2081027,0.0,-11.0,-38.0
1776886401.2181027,3.0,-7.0,-39.0
1776886401.2281027,4.0,-4.0,-40.0
1776886401.238103,5.0,-5.0,-39.0
1776886401.248103,0.0,-8.0,-38.0
1776886401.258103,2.0,-10.0,-45.0
1776886401.2681026,0.0,-6.0,-48.0
1776886401.2781026,0.0,-3.0,-43.0
1776886401.2881026,-2.0,-3.0,-37.0
1776886401.2981029,1.0,0.0,-40.0
1776886401.3091028,3.0,3.0,-42.0
1776886401.3191028,4.0,-2.0,-42.0
1776886401.3291028,4.0,0.0,-42.0
1776886401.3391027,7.0,0.0,-41.0
1776886401.3491027,11.0,-2.0,-38.0
1776886401.3591027,10.0,-2.0,-34.0
1776886401.3691027,9.0,-3.0,-33.0
1776886401.3791027,2.0,-4.0,-34.0
1776886401.3891027,0.0,0.0,-34.0
1776886401.3991027,0.0,-1.0,-35.0
1776886401.409103,-2.0,-7.0,-37.0
1776886401.419103,1.0,-6.0,-34.0
1776886401.429103,5.0,0.0,-34.0
1776886401.4391026,4.0,1.0,-35.0
1776886401.4491026,0.0,0.0,-35.0
1776886401.4591026,2.0,-1.0,-41.0
1776886401.4691026,0.0,5.0,-42.0
1776886401.4791028,-1.0,6.0,-45.0
1776886401.4891028,-1.0,6.0,-44.0
1776886401.4991028,3.0,5.0,-49.0
1776886401.5091028,1.0,4.0,-44.0
1776886401.5191028,3.0,4.0,-45.0
1776886401.5291028,4.0,2.0,-45.0
1776886401.5391028,5.0,-2.0,-41.0
1776886401.5491028,0.0,-4.0,-37.0
1776886401.5591028,3.0,-5.0,-33.0
1776886401.5691028,2.0,-7.0,-39.0
1776886401.5791028,2.0,-5.0,-41.0
1776886401.5891027,3.0,-5.0,-40.0
1776886401.5991027,-3.0,-3.0,-38.0
1776886401.6091027,-3.0,0.0,-39.0
1776886401.6191027,0.0,0.0,-43.0
1776886401.6291027,0.0,2.0,-40.0
1776886401.6391027,0.0,1.0,-36.0
1776886401.6491027,-1.0,-2.0,-40.0
1776886401.659103,-6.0,0.0,-39.0
1776886401.669103,-8.0,0.0,-38.0
1776886401.679103,-2.0,1.0,-37.0
1776886401.6891026,1.0,4.0,-35.0
1776886401.6991026,3.0,5.0,-37.0
1776886401.7091026,-6.0,2.0,-42.0
1776886401.7191026,-3.0,1.0,-41.0
1776886401.7291028,-2.0,3.0,-42.0
1776886401.7391028,0.0,4.0,-49.0
1776886401.7491028,3.0,0.0,-46.0
1776886401.7591028,4.0,-3.0,-43.0
1776886401.7691028,0.0,-6.0,-40.0
1776886401.7791028,-4.0,-4.0,-39.0
1776886401.7891028,0.0,-2.0,-38.0
1776886401.7991028,5.0,1.0,-45.0
1776886401.8091028,3.0,3.0,-45.0
1776886401.8191028,2.0,0.0,-50.0
1776886401.8291028,1.0,1.0,-51.0
1776886401.8391027,4.0,1.0,-42.0
1776886401.8491027,2.0,3.0,-37.0
1776886401.8591027,3.0,4.0,-35.0
1776886401.8691027,-5.0,5.0,-33.0
1776886401.8791027,-5.0,4.0,-38.0
1776886401.8891027,-4.0,3.0,-39.0
1776886401.8991027,-6.0,0.0,-35.0
1776886401.909103,-6.0,-1.0,-37.0
1776886401.919103,-5.0,-2.0,-38.0
1776886401.929103,-2.0,-3.0,-39.0
1776886401.9391026,0.0,1.0,-42.0
1776886401.9491026,0.0,0.0,-40.0
1776886401.9591026,0.0,-3.0,-35.0
1776886401.9691026,2.0,-7.0,-29.0
1776886401.9791028,1.0,-4.0,-28.0
1776886401.9891028,6.0,-3.0,-38.0
1776886401.9991028,5.0,-5.0,-40.0
1776886402.0091028,4.0,-7.0,-42.0
1776886402.0191028,1.0,-6.0,-39.0
1776886402.0291028,-1.0,-1.0,-44.0
1776886402.0391028,1.0,-3.0,-40.0
1776886402.0491028,-1.0,-4.0,-42.0
1776886402.0591028,-1.0,-3.0,-41.0
1776886402.0691028,-1.0,0.0,-44.0
1776886402.0791028,0.0,-2.0,-42.0
1776886402.0891027,2.0,-7.0,-42.0
1776886402.0991027,-1.0,-7.0,-51.0
1776886402.1091027,-2.0,-6.0,-46.0
1776886402.1191027,2.0,-7.0,-42.0
1776886402.1291027,1.0,-4.0,-43.0
1776886402.1391027,1.0,-1.0,-44.0
1776886402.1491027,0.0,0.0,-42.0
1776886402.159103,2.0,-2.0,-30.0
1776886402.169103,1.0,-6.0,-27.0
1776886402.179103,0.0,-6.0,-27.0
1776886402.1891026,0.0,-5.0,-27.0
1776886402.1991026,4.0,-4.0,-35.0
1776886402.2091026,3.0,-8.0,-36.0
1776886402.2191026,8.0,-9.0,-39.0
1776886402.2291028,5.0,-11.0,-37.0
1776886402.2391028,1.0,-8.0,-39.0
1776886402.2491028,0.0,-6.0,-32.0
1776886402.2591028,0.0,-3.0,-29.0
1776886402.2691028,0.0,-3.0,-33.0
1776886402.2791028,0.0,-6.0,-35.0
1776886402.2891028,0.0,-5.0,-43.0
1776886402.2991028,-2.0,-4.0,-53.0
1776886402.3091028,-5.0,-2.0,-47.0
1776886402.3191028,-7.0,2.0,-47.0
1776886402.3291028,-7.0,0.0,-43.0
1776886402.3391027,0.0,0.0,-45.0
1776886402.3491027,2.0,1.0,-46.0
1776886402.3591027,0.0,-1.0,-39.0
1776886402.3691027,4.0,-6.0,-40.0
1776886402.3791027,5.0,-4.0,-41.0
1776886402.3891027,9.0,-6.0,-40.0
1776886402.3991027,5.0,-6.0,-42.0
1776886402.409103,6.0,-6.0,-41.0
1776886402.419103,7.0,-4.0,-42.0
1776886402.429103,5.0,-2.0,-43.0
1776886402.4391026,7.0,2.0,-45.0
1776886402.4491026,11.0,3.0,-41.0
1776886402.4591026,5.0,2.0,-33.0
1776886402.4691026,1.0,0.0,-31.0
1776886402.4791028,4.0,-1.0,-32.0
1776886402.4891028,5.0,-2.0,-44.0
1776886402.4991028,4.0,0.0,-41.0
1776886402.5091028,9.0,3.0,-37.0
1776886402.5191028,12.0,1.0,-41.0
1776886402.5291028,10.0,1.0,-42.0
1776886402.5391028,7.0,1.0,-36.0
1776886402.5491028,5.0,4.0,-31.0
1776886402.5591028,4.0,2.0,-38.0
1776886402.5691028,0.0,5.0,-32.0
1776886402.5791028,0.0,5.0,-29.0
1776886402.5891027,-3.0,4.0,-34.0
1776886402.5991027,-6.0,0.0,-33.0
1776886402.6091027,-2.0,-1.0,-33.0
1776886402.6191027,-1.0,-5.0,-37.0
1776886402.6291027,2.0,-4.0,-36.0
1776886402.6391027,4.0,-3.0,-39.0
1776886402.6491027,6.0,-1.0,-31.0
1776886402.659103,6.0,1.0,-33.0
1776886402.669103,8.0,0.0,-31.0
1776886402.679103,6.0,-2.0,-39.0
1776886402.6891026,3.0,-3.0,-41.0
1776886402.6991026,2.0,-2.0,-42.0
1776886402.7091026,0.0,2.0,-47.0
1776886402.7191026,0.0,2.0,-43.0
1776886402.7291028,-1.0,0.0,-38.0
1776886402.7391028,1.0,0.0,-32.0
1776886402.7491028,1.0,0.0,-34.0
1776886402.7591028,2.0,-5.0,-27.0
1776886402.7691028,1.0,-5.0,-36.0
1776886402.7791028,3.0,-8.0,-38.0
1776886402.7891028,0.0,-7.0,-33.0
1776886402.7991028,0.0,-5.0,-42.0
1776886402.8091028,-1.0,-6.0,-42.0
1776886402.8191028,4.0,-3.0,-39.0
1776886402.8291028,5.0,1.0,-33.0
1776886402.8391027,6.0,2.0,-33.0
1776886402.8491027,5.0,-2.0,-33.0
1776886402.8591027,9.0,-7.0,-32.0
1776886402.8691027,7.0,-6.0,-35.0
1776886402.8791027,4.0,0.0,-35.0
1776886402.8891027,2.0,-1.0,-43.0
1776886402.8991027,6.0,-3.0,-50.0
1776886402.909103,3.0,-4.0,-48.0
1776886402.919103,3.0,0.0,-46.0
1776886402.929103,8.0,1.0,-47.0
1776886402.9391026,5.0,-2.0,-51.0
1776886402.9491026,3.0,-2.0,-47.0
1776886402.9591026,3.0,0.0,-47.0
1776886402.9691026,2.0,4.0,-48.0
1776886402.9791028,0.0,4.0,-45.0
1776886402.9891028,-1.0,1.0,-45.0
1776886402.9991028,-4.0,0.0,-41.0
1776886403.0091028,-3.0,-2.0,-43.0
1776886403.0191028,-2.0,0.0,-43.0
1776886403.0291028,-4.0,2.0,-39.0
1776886403.0391028,-3.0,0.0,-43.0
1776886403.0491028,0.0,-1.0,-46.0
1776886403.0591028,0.0,-3.0,-48.0
1776886403.0691028,0.0,-4.0,-41.0
1776886403.0791028,-2.0,-1.0,-43.0
1776886403.0891027,-2.0,3.0,-38.0
1776886403.0991027,-1.0,0.0,-43.0
1776886403.1091027,-3.0,0.0,-45.0
1776886403.1191027,-5.0,0.0,-45.0
1776886403.1291027,-5.0,-1.0,-40.0
1776886403.1391027,-5.0,-1.0,-38.0
1776886403.1491027,-1.0,-2.0,-37.0
1776886403.159103,1.0,0.0,-30.0
1776886403.169103,-1.0,1.0,-36.0
1776886403.179103,0.0,2.0,-29.0
1776886403.1891026,-2.0,5.0,-32.0
1776886403.1991026,-3.0,3.0,-36.0
1776886403.2091026,0.0,0.0,-43.0
1776886403.2191026,-1.0,0.0,-43.0
1776886403.2291028,-5.0,1.0,-45.0
1776886403.2391028,-5.0,1.0,-41.0
1776886403.2491028,-3.0,-1.0,-38.0
1776886403.2601027,0.0,0.0,-37.0
1776886403.2701027,-1.0,0.0,-31.0
1776886403.2791028,-2.0,-2.0,-34.0
1776886403.2891028,0.0,-3.0,-32.0
1776886403.3001027,-1.0,-4.0,-41.0
1776886403.3101027,-1.0,-6.0,-47.0
1776886403.3201027,0.0,-2.0,-50.0
1776886403.3301027,2.0,0.0,-47.0
1776886403.340103,3.0,1.0,-46.0
1776886403.350103,6.0,2.0,-47.0
1776886403.360103,9.0,1.0,-46.0
1776886403.3701026,3.0,0.0,-47.0
1776886403.3801026,3.0,0.0,-46.0
1776886403.3901026,5.0,0.0,-37.0
1776886403.4001029,9.0,-2.0,-32.0
1776886403.4101028,8.0,0.0,-31.0
1776886403.4201028,10.0,0.0,-32.0
1776886403.4301028,5.0,-4.0,-39.0
1776886403.4401028,6.0,-6.0,-35.0
1776886403.4501028,5.0,-7.0,-33.0
1776886403.4601028,5.0,-8.0,-35.0
1776886403.4701028,2.0,-8.0,-38.0
1776886403.4801028,2.0,-7.0,-42.0
1776886403.4901028,1.0,-4.0,-44.0
1776886403.5001028,0.0,-4.0,-42.0
1776886403.5101027,-1.0,-5.0,-45.0
1776886403.5201027,0.0,-4.0,-46.0
1776886403.5301027,-1.0,-5.0,-48.0
1776886403.5401027,-1.0,-5.0,-49.0
1776886403.5501027,-1.0,-3.0,-48.0
1776886403.5601027,0.0,-1.0,-48.0
1776886403.5701027,-1.0,-2.0,-45.0
1776886403.5801027,0.0,-1.0,-47.0
1776886403.590103,3.0,-1.0,-49.0
1776886403.600103,2.0,0.0,-48.0
1776886403.610103,1.0,0.0,-47.0
1776886403.6201026,0.0,-4.0,-52.0
1776886403.6301026,0.0,-3.0,-51.0
1776886403.6401026,-1.0,-4.0,-45.0
1776886403.6501029,-2.0,-5.0,-45.0
1776886403.6601028,0.0,-5.0,-43.0
1776886403.6701028,6.0,-5.0,-42.0
1776886403.6801028,2.0,-4.0,-51.0
1776886403.6901028,-4.0,-4.0,-56.0
1776886403.7001028,-7.0,0.0,-52.0
1776886403.7101028,-6.0,0.0,-46.0
1776886403.7201028,-5.0,1.0,-46.0
1776886403.7301028,-2.0,0.0,-48.0
1776886403.7401028,-4.0,-5.0,-54.0
1776886403.7501028,-2.0,-3.0,-53.0
1776886403.7601027,0.0,2.0,-47.0
1776886403.7701027,-2.0,1.0,-43.0
1776886403.7801027,1.0,5.0,-45.0
1776886403.7901027,1.0,5.0,-44.0
1776886403.8001027,-2.0,3.0,-41.0
1776886403.8101027,0.0,0.0,-46.0
1776886403.8201027,-1.0,-2.0,-46.0
1776886403.8301027,-1.0,-3.0,-49.0
1776886403.840103,1.0,-2.0,-43.0
1776886403.850103,1.0,-3.0,-38.0
1776886403.860103,0.0,-2.0,-37.0
1776886403.8701026,-2.0,-2.0,-39.0
1776886403.8801026,-2.0,-2.0,-35.0
1776886403.8901026,-7.0,-4.0,-29.0
1776886403.9001029,-7.0,-3.0,-27.0
1776886403.9101028,-5.0,0.0,-28.0
1776886403.9201028,-7.0,0.0,-26.0
1776886403.9301028,-9.0,0.0,-24.0
1776886403.9401028,-1.0,-2.0,-27.0
1776886403.9501028,0.0,-2.0,-31.0
1776886403.9601028,1.0,0.0,-31.0
1776886403.9701028,4.0,-3.0,-33.0
1776886403.9801028,1.0,0.0,-31.0
1776886403.9901028,0.0,-1.0,-41.0
1776886404.0001028,0.0,0.0,-43.0
1776886404.0101027,0.0,-1.0,-38.0
1776886404.0201027,2.0,-4.0,-42.0
1776886404.0301027,3.0,-5.0,-45.0
1776886404.0401027,6.0,-3.0,-47.0
1776886404.0501027,5.0,-3.0,-45.0
1776886404.0601027,2.0,-5.0,-41.0
1776886404.0701027,0.0,-6.0,-35.0
1776886404.0801027,1.0,-8.0,-39.0
1776886404.090103,1.0,-2.0,-39.0
1776886404.100103,0.0,1.0,-36.0
1776886404.110103,-4.0,-3.0,-33.0
1776886404.1201026,-5.0,-4.0,-36.0
1776886404.1301026,-7.0,-4.0,-44.0
1776886404.1401026,-8.0,-6.0,-44.0
1776886404.1501029,-4.0,-2.0,-47.0
1776886404.1601028,2.0,-2.0,-43.0
1776886404.1701028,4.0,0.0,-38.0
1776886404.1801028,7.0,1.0,-36.0
1776886404.1901028,7.0,1.0,-31.0
1776886404.2001028,6.0,0.0,-38.0
1776886404.2101028,7.0,0.0,-42.0
1776886404.2201028,10.0,-1.0,-38.0
1776886404.2301028,8.0,0.0,-45.0
1776886404.2401028,4.0,4.0,-49.0
1776886404.2501028,2.0,1.0,-46.0
1776886404.2601027,1.0,0.0,-48.0
1776886404.2701027,6.0,0.0,-48.0
1776886404.2801027,5.0,-2.0,-41.0
1776886404.2901027,1.0,-4.0,-42.0
1776886404.3001027,0.0,-5.0,-51.0
1776886404.3101027,3.0,-2.0,-44.0
1776886404.3201027,2.0,0.0,-44.0
1776886404.3301027,4.0,2.0,-41.0
1776886404.340103,1.0,0.0,-35.0
1776886404.350103,0.0,0.0,-34.0
1776886404.360103,-5.0,0.0,-38.0
1776886404.3701026,-4.0,0.0,-37.0
1776886404.3801026,5.0,0.0,-34.0
1776886404.3901026,7.0,-3.0,-34.0
1776886404.4001029,4.0,-2.0,-36.0
1776886404.4101028,1.0,-5.0,-36.0
1776886404.4201028,1.0,-5.0,-34.0
1776886404.4301028,2.0,-5.0,-28.0
1776886404.4401028,3.0,-11.0,-22.0
1776886404.4501028,3.0,-9.0,-27.0
1776886404.4601028,0.0,-7.0,-34.0
1776886404.4701028,1.0,0.0,-38.0
1776886404.4801028,1.0,1.0,-43.0
1776886404.4901028,1.0,2.0,-36.0
1776886404.5001028,2.0,4.0,-37.0
1776886404.5101027,8.0,4.0,-35.0
1776886404.5201027,8.0,1.0,-35.0
1776886404.5301027,9.0,0.0,-30.0
1776886404.5401027,10.0,0.0,-34.0
1776886404.5501027,11.0,6.0,-38.0
1776886404.5601027,6.0,5.0,-39.0
1776886404.5701027,2.0,4.0,-44.0
1776886404.5801027,3.0,6.0,-44.0
1776886404.590103,3.0,5.0,-44.0
1776886404.600103,1.0,6.0,-42.0
1776886404.610103,2.0,4.0,-40.0
1776886404.6201026,0.0,4.0,-45.0
1776886404.6301026,-2.0,5.0,-48.0
1776886404.6401026,2.0,2.0,-44.0
1776886404.6501029,0.0,3.0,-46.0
1776886404.6601028,2.0,-2.0,-51.0
1776886404.6701028,2.0,-1.0,-47.0
1776886404.6801028,4.0,-8.0,-41.0
1776886404.6901028,2.0,-5.0,-39.0
1776886404.7001028,0.0,-5.0,-33.0
1776886404.7101028,-2.0,-5.0,-36.0
1776886404.7201028,-6.0,-2.0,-34.0
1776886404.7301028,-5.0,0.0,-36.0
1776886404.7401028,-4.0,0.0,-36.0
1776886404.7501028,-5.0,0.0,-38.0
1776886404.7601027,-4.0,-2.0,-37.0
1776886404.7701027,-7.0,-2.0,-41.0
1776886404.7801027,-10.0,-1.0,-40.0
1776886404.7901027,-8.0,-3.0,-41.0
1776886404.8001027,-2.0,-6.0,-42.0
1776886404.8101027,-3.0,-8.0,-44.0
1776886404.8201027,-4.0,-7.0,-44.0
1776886404.8301027,-8.0,-7.0,-37.0
1776886404.840103,-5.0,-5.0,-33.0
1776886404.850103,0.0,-7.0,-35.0
1776886404.860103,3.0,-4.0,-37.0
1776886404.8701026,2.0,-3.0,-35.0
1776886404.8801026,0.0,-2.0,-37.0
1776886404.8901026,-1.0,-3.0,-34.0
1776886404.9001029,0.0,-2.0,-40.0
1776886404.9101028,-4.0,-4.0,-37.0
1776886404.9201028,-8.0,-4.0,-47.0
1776886404.9301028,0.0,-2.0,-50.0
1776886404.9401028,0.0,-3.0,-46.0
1776886404.9501028,2.0,-6.0,-44.0
1776886404.9601028,-3.0,-7.0,-45.0
1776886404.9701028,-7.0,-6.0,-47.0
1776886404.9801028,-3.0,-2.0,-42.0
1776886404.9901028,-4.0,-6.0,-40.0
1776886405.0001028,-5.0,-9.0,-42.0
1776886405.0101027,-3.0,-7.0,-41.0
1776886405.0201027,2.0,-11.0,-42.0
1776886405.0301027,9.0,-4.0,-34.0
1776886405.0401027,6.0,-4.0,-32.0
1776886405.0501027,-2.0,-6.0,-27.0
1776886405.0601027,-4.0,-3.0,-30.0
1776886405.0701027,1.0,-2.0,-30.0
1776886405.0801027,5.0,-1.0,-26.0
1776886405.090103,2.0,0.0,-35.0
1776886405.100103,0.0,-1.0,-38.0
1776886405.110103,-2.0,-5.0,-41.0
1776886405.1201026,2.0,-6.0,-38.0
1776886405.1301026,8.0,-3.0,-40.0
1776886405.1401026,7.0,-4.0,-42.0
1776886405.1501029,7.0,-2.0,-38.0
1776886405.1601028,8.0,-4.0,-40.0
1776886405.1701028,7.0,-1.0,-45.0
1776886405.1801028,2.0,-5.0,-44.0
1776886405.1901028,-2.0,-8.0,-40.0
1776886405.2001028,-5.0,-8.0,-36.0
1776886405.2101028,-3.0,-11.0,-37.0
1776886405.2201028,-1.0,-9.0,-36.0
1776886405.2301028,-3.0,-9.0,-40.0
1776886405.2401028,-5.0,-11.0,-39.0
1776886405.2501028,-2.0,-8.0,-41.0
1776886405.2601027,2.0,-6.0,-43.0
1776886405.2701027,2.0,-4.0,-39.0
1776886405.281103,1.0,-4.0,-39.0
1776886405.2911026,2.0,-4.0,-31.0
1776886405.3011026,2.0,-4.0,-35.0
1776886405.3111026,0.0,-3.0,-38.0
1776886405.3211029,-2.0,1.0,-29.0
1776886405.3311028,-1.0,2.0,-32.0
1776886405.3411028,1.0,1.0,-42.0
1776886405.3511028,0.0,-2.0,-41.0
1776886405.3611028,-1.0,0.0,-47.0
1776886405.3711028,-2.0,0.0,-42.0
1776886405.3811028,0.0,1.0,-39.0
1776886405.3911028,-3.0,1.0,-42.0
1776886405.4011028,-2.0,2.0,-43.0
1776886405.4111028,-5.0,0.0,-44.0
1776886405.4211028,-4.0,0.0,-39.0
1776886405.4311028,-4.0,2.0,-38.0
1776886405.4411027,0.0,0.0,-32.0
1776886405.4511027,1.0,0.0,-32.0
1776886405.4611027,-6.0,-4.0,-38.0
1776886405.4711027,-7.0,-3.0,-45.0
1776886405.4811027,-6.0,-4.0,-45.0
1776886405.4911027,1.0,-7.0,-39.0
1776886405.5011027,0.0,-8.0,-36.0
1776886405.511103,3.0,-7.0,-39.0
1776886405.521103,5.0,0.0,-41.0
1776886405.531103,4.0,-2.0,-40.0
1776886405.5411026,2.0,0.0,-46.0
1776886405.5511026,0.0,-2.0,-44.0
1776886405.5611026,0.0,-2.0,-49.0
1776886405.5711029,-2.0,0.0,-46.0
1776886405.5811028,-6.0,0.0,-41.0
1776886405.5911028,-3.0,1.0,-44.0
1776886405.6011028,0.0,3.0,-39.0
1776886405.6111028,-3.0,5.0,-36.0
1776886405.6211028,-6.0,4.0,-32.0
1776886405.6311028,-6.0,3.0,-37.0
1776886405.6411028,-5.0,2.0,-40.0
1776886405.6511028,-4.0,-1.0,-37.0
1776886405.6611028,-5.0,2.0,-36.0
1776886405.6711028,-3.0,3.0,-37.0
1776886405.6811028,0.0,3.0,-35.0
1776886405.6911027,-2.0,7.0,-32.0
1776886405.7011027,0.0,9.0,-30.0
1776886405.7111027,5.0,9.0,-29.0
1776886405.7211027,7.0,3.0,-36.0
1776886405.7311027,7.0,0.0,-35.0
1776886405.7411027,12.0,-3.0,-31.0
1776886405.7511027,7.0,-2.0,-33.0
1776886405.761103,5.0,-3.0,-36.0
1776886405.771103,2.0,-6.0,-33.0
1776886405.781103,4.0,0.0,-36.0
1776886405.7911026,7.0,2.0,-35.0
1776886405.8011026,9.0,2.0,-37.0
1776886405.8111026,11.0,0.0,-37.0
1776886405.8211029,10.0,-3.0,-39.0
1776886405.8311028,6.0,-3.0,-35.0
1776886405.8411028,5.0,-4.0,-39.0
1776886405.8511028,8.0,-7.0,-37.0
1776886405.8611028,7.0,-6.0,-41.0
1776886405.8711028,6.0,-7.0,-43.0
1776886405.8811028,5.0,-8.0,-40.0
1776886405.8911028,6.0,-9.0,-38.0
1776886405.9011028,4.0,-4.0,-33.0
1776886405.9111028,5.0,-4.0,-35.0
1776886405.9211028,7.0,-1.0,-37.0
1776886405.9311028,9.0,1.0,-33.0
1776886405.9411027,7.0,0.0,-33.0
1776886405.9511027,11.0,0.0,-32.0
1776886405.9611027,11.0,0.0,-37.0
1776886405.9711027,10.0,0.0,-41.0
1776886405.9811027,8.0,0.0,-41.0
1776886405.9911027,10.0,0.0,-46.0
1776886406.0011027,7.0,-3.0,-45.0
1776886406.011103,5.0,-4.0,-47.0
1776886406.021103,5.0,0.0,-49.0
1776886406.031103,6.0,1.0,-54.0
1776886406.0411026,3.0,0.0,-50.0
1776886406.0511026,8.0,0.0,-41.0
1776886406.0611026,6.0,-3.0,-43.0
1776886406.0711029,1.0,-3.0,-42.0
1776886406.0811028,1.0,-3.0,-40.0
1776886406.0911028,1.0,-2.0,-36.0
1776886406.1011028,2.0,-1.0,-38.0
1776886406.1111028,2.0,-8.0,-37.0
1776886406.1211028,1.0,-11.0,-38.0
1776886406.1311028,0.0,-9.0,-43.0
1776886406.1411028,-2.0,-5.0,-41.0
1776886406.1511028,0.0,-5.0,-45.0
1776886406.1611028,0.0,-3.0,-38.0
1776886406.1711028,0.0,0.0,-41.0
1776886406.1811028,-6.0,0.0,-39.0
1776886406.1911027,-9.0,-4.0,-37.0
1776886406.2011027,-9.0,-7.0,-33.0
1776886406.2111027,-5.0,-5.0,-45.0
1776886406.2211027,-4.0,-4.0,-40.0
1776886406.2311027,-5.0,-8.0,-47.0
1776886406.2411027,-3.0,-7.0,-43.0
1776886406.2511027,-3.0,-8.0,-38.0
1776886406.261103,-4.0,-8.0,-35.0
1776886406.271103,0.0,-6.0,-35.0
1776886406.281103,1.0,-9.0,-38.0
1776886406.2911026,0.0,-8.0,-37.0
1776886406.3011026,3.0,-10.0,-41.0
1776886406.3111026,2.0,-9.0,-43.0
1776886406.3211029,5.0,-5.0,-36.0
1776886406.3311028,5.0,-3.0,-39.0
1776886406.3411028,8.0,-3.0,-35.0
1776886406.3511028,6.0,-2.0,-33.0
1776886406.3611028,4.0,-2.0,-37.0
1776886406.3711028,2.0,-1.0,-39.0
1776886406.3811028,0.0,1.0,-36.0
1776886406.3911028,0.0,2.0,-34.0
1776886406.4011028,-5.0,-2.0,-38.0
1776886406.4111028,-7.0,0.0,-43.0
1776886406.4211028,-5.0,-1.0,-43.0
1776886406.4311028,-2.0,1.0,-43.0
1776886406.4411027,1.0,4.0,-44.0
1776886406.4511027,2.0,6.0,-40.0
1776886406.4611027,1.0,8.0,-39.0
1776886406.4711027,3.0,8.0,-41.0
1776886406.4811027,3.0,5.0,-41.0
1776886406.4911027,3.0,3.0,-47.0
1776886406.5011027,7.0,0.0,-42.0
1776886406.511103,8.0,-3.0,-38.0
1776886406.521103,9.0,-2.0,-37.0
1776886406.531103,1.0,0.0,-40.0
1776886406.5411026,1.0,-6.0,-39.0
1776886406.5511026,0.0,-3.0,-36.0
1776886406.5611026,6.0,1.0,-26.0
1776886406.5711029,2.0,3.0,-22.0
1776886406.5811028,5.0,5.0,-26.0
1776886406.5911028,2.0,3.0,-31.0
1776886406.6011028,0.0,0.0,-28.0
1776886406.6111028,0.0,0.0,-28.0
1776886406.6211028,-3.0,1.0,-26.0
1776886406.6311028,-3.0,-2.0,-28.0
1776886406.6411028,0.0,-3.0,-34.0
1776886406.6511028,0.0,-5.0,-31.0
1776886406.6611028,2.0,-8.0,-38.0
1776886406.6711028,4.0,-12.0,-39.0
1776886406.6811028,9.0,-12.0,-43.0
1776886406.6911027,8.0,-9.0,-41.0
1776886406.7011027,2.0,-8.0,-39.0
1776886406.7111027,-1.0,-5.0,-37.0
1776886406.7211027,-1.0,-1.0,-43.0
1776886406.7311027,-3.0,-2.0,-40.0
1776886406.7411027,-1.0,-1.0,-40.0
1776886406.7511027,-3.0,-1.0,-34.0
1776886406.761103,1.0,-1.0,-35.0
1776886406.771103,1.0,-3.0,-37.0
1776886406.781103,7.0,-7.0,-34.0
1776886406.7911026,6.0,-4.0,-39.0
1776886406.8011026,2.0,-4.0,-41.0
1776886406.8111026,-1.0,-2.0,-33.0
1776886406.8211029,-4.0,-2.0,-34.0
1776886406.8311028,-2.0,-5.0,-39.0
1776886406.8411028,2.0,-4.0,-36.0
1776886406.8511028,2.0,-7.0,-34.0
1776886406.8611028,1.0,-6.0,-37.0
1776886406.8711028,-2.0,-5.0,-39.0
1776886406.8811028,-5.0,-1.0,-40.0
1776886406.8911028,-3.0,-1.0,-44.0
1776886406.9011028,-3.0,-1.0,-43.0
1776886406.9111028,-3.0,-2.0,-47.0
1776886406.9211028,0.0,0.0,-46.0
1776886406.9311028,0.0,-2.0,-46.0
1776886406.9411027,-1.0,-4.0,-46.0
1776886406.9511027,-4.0,-4.0,-39.0
1776886406.9611027,-5.0,-6.0,-36.0
1776886406.9711027,-3.0,-6.0,-36.0
1776886406.9811027,0.0,-6.0,-31.0
1776886406.9911027,-3.0,-3.0,-30.0
1776886407.0011027,0.0,-2.0,-30.0
1776886407.011103,3.0,-3.0,-28.0
1776886407.021103,3.0,-2.0,-25.0
1776886407.031103,-4.0,0.0,-25.0
1776886407.0411026,-2.0,2.0,-26.0
1776886407.0511026,0.0,4.0,-25.0
1776886407.0611026,1.0,2.0,-27.0
1776886407.0711029,3.0,0.0,-28.0
1776886407.0811028,-4.0,0.0,-27.0
1776886407.0911028,-5.0,1.0,-32.0
1776886407.1011028,-3.0,0.0,-33.0
1776886407.1111028,-1.0,-2.0,-36.0
1776886407.1211028,-6.0,0.0,-41.0
1776886407.1311028,-7.0,-2.0,-42.0
1776886407.1411028,-4.0,-2.0,-41.0
1776886407.1511028,-3.0,-4.0,-44.0
1776886407.1611028,-4.0,-6.0,-44.0
1776886407.1711028,-4.0,-3.0,-43.0
1776886407.1811028,-4.0,-5.0,-43.0
1776886407.1911027,-2.0,-5.0,-41.0
1776886407.2011027,-5.0,-3.0,-40.0
1776886407.212103,-2.0,0.0,-39.0
1776886407.2211027,-1.0,5.0,-42.0
1776886407.2311027,0.0,5.0,-37.0
1776886407.2411027,0.0,6.0,-33.0
1776886407.2521029,3.0,2.0,-32.0
1776886407.261103,5.0,0.0,-29.0
1776886407.271103,0.0,-2.0,-31.0
1776886407.281103,-2.0,-1.0,-35.0
1776886407.2911026,-4.0,-4.0,-37.0
1776886407.3021028,0.0,-3.0,-41.0
1776886407.3121028,3.0,-2.0,-37.0
1776886407.3221028,8.0,-2.0,-32.0
1776886407.3321028,6.0,0.0,-32.0
1776886407.3421028,7.0,0.0,-31.0
1776886407.3521028,2.0,-1.0,-37.0
1776886407.3621027,0.0,4.0,-35.0
1776886407.3721027,1.0,5.0,-31.0
1776886407.3821027,-2.0,4.0,-35.0
1776886407.3921027,0.0,1.0,-40.0
1776886407.4021027,0.0,-3.0,-39.0
1776886407.4121027,0.0,-1.0,-36.0
1776886407.4221027,-1.0,1.0,-36.0
1776886407.432103,0.0,-1.0,-32.0
1776886407.442103,0.0,-2.0,-37.0
1776886407.452103,0.0,-4.0,-35.0
1776886407.462103,0.0,-6.0,-35.0
1776886407.4721026,-2.0,-1.0,-39.0
1776886407.4821026,-3.0,-7.0,-42.0
1776886407.4921026,0.0,-9.0,-34.0
1776886407.5021029,-1.0,-8.0,-37.0
1776886407.5121028,0.0,-4.0,-35.0
1776886407.5221028,3.0,-3.0,-34.0
1776886407.5321028,6.0,-1.0,-35.0
1776886407.5421028,3.0,0.0,-33.0
1776886407.5521028,1.0,-1.0,-36.0
1776886407.5621028,-1.0,-4.0,-35.0
1776886407.5721028,1.0,-5.0,-32.0
1776886407.5821028,0.0,-8.0,-33.0
1776886407.5921028,-1.0,-11.0,-41.0
1776886407.6021028,1.0,-11.0,-40.0
1776886407.6121027,1.0,-5.0,-38.0
1776886407.6221027,0.0,-6.0,-37.0
1776886407.6321027,1.0,-6.0,-38.0
1776886407.6421027,0.0,-5.0,-36.0
1776886407.6521027,3.0,-7.0,-41.0
1776886407.6621027,2.0,-6.0,-44.0
1776886407.6721027,7.0,-4.0,-42.0
1776886407.682103,6.0,-3.0,-45.0
1776886407.692103,7.0,-1.0,-44.0
1776886407.702103,1.0,-1.0,-39.0
1776886407.712103,2.0,-6.0,-37.0
1776886407.7221026,3.0,-4.0,-40.0
1776886407.7321026,2.0,-4.0,-37.0
1776886407.7421026,0.0,-7.0,-39.0
1776886407.7521029,1.0,-3.0,-33.0
1776886407.7621028,-1.0,-6.0,-30.0
1776886407.7721028,0.0,-7.0,-34.0
1776886407.7821028,-2.0,-4.0,-37.0
1776886407.7921028,-6.0,-4.0,-35.0
1776886407.8021028,-3.0,-5.0,-35.0
1776886407.8121028,-2.0,-4.0,-28.0
1776886407.8221028,-2.0,-5.0,-29.0
1776886407.8321028,-2.0,-8.0,-33.0
1776886407.8421028,-3.0,-10.0,-39.0
1776886407.8521028,0.0,-9.0,-33.0
1776886407.8621027,3.0,-7.0,-35.0
1776886407.8721027,0.0,-6.0,-38.0
1776886407.8821027,1.0,-6.0,-37.0
1776886407.8921027,2.0,-3.0,-38.0
1776886407.9021027,2.0,-2.0,-31.0
1776886407.9121027,-2.0,2.0,-30.0
1776886407.9221027,-2.0,-2.0,-27.0
1776886407.932103,-3.0,-3.0,-34.0
1776886407.942103,-7.0,-2.0,-34.0
1776886407.952103,-9.0,-5.0,-39.0
1776886407.962103,-4.0,-7.0,-44.0
1776886407.9721026,-1.0,-7.0,-40.0
1776886407.9821026,0.0,-5.0,-38.0
1776886407.9921026,4.0,-2.0,-37.0
1776886408.0021029,6.0,-4.0,-31.0
1776886408.0121028,11.0,-5.0,-33.0
1776886408.0221028,7.0,-3.0,-32.0
1776886408.0321028,1.0,-1.0,-36.0
1776886408.0421028,0.0,-1.0,-41.0
1776886408.0521028,-5.0,2.0,-39.0
1776886408.0621028,-2.0,3.0,-40.0
1776886408.0721028,0.0,-1.0,-45.0
1776886408.0821028,5.0,-4.0,-51.0
1776886408.0921028,5.0,-5.0,-47.0
1776886408.1021028,10.0,-3.0,-46.0
1776886408.1121027,11.0,-5.0,-41.0
1776886408.1221027,2.0,-4.0,-44.0
1776886408.1321027,0.0,-2.0,-46.0
1776886408.1421027,-2.0,-4.0,-41.0
1776886408.1521027,-5.0,-2.0,-35.0
1776886408.1621027,-4.0,-4.0,-37.0
1776886408.1721027,-3.0,-6.0,-39.0
1776886408.182103,0.0,-5.0,-33.0
1776886408.192103,4.0,-8.0,-39.0
1776886408.202103,6.0,-3.0,-42.0
1776886408.212103,2.0,-2.0,-41.0
1776886408.2221026,1.0,0.0,-46.0
1776886408.2321026,0.0,-2.0,-36.0
1776886408.2421026,-2.0,5.0,-34.0
1776886408.2521029,-2.0,2.0,-39.0
1776886408.2621028,0.0,-2.0,-42.0
1776886408.2721028,-2.0,-2.0,-38.0
1776886408.2821028,6.0,1.0,-42.0
1776886408.2921028,3.0,2.0,-39.0
1776886408.3021028,4.0,0.0,-42.0
1776886408.3121028,3.0,-3.0,-43.0
1776886408.3221028,3.0,-6.0,-46.0
1776886408.3321028,-3.0,-1.0,-44.0
1776886408.3421028,-5.0,0.0,-40.0
1776886408.3521028,-8.0,-1.0,-39.0
1776886408.3621027,-3.0,-5.0,-41.0
1776886408.3721027,2.0,-3.0,-40.0
1776886408.3821027,6.0,0.0,-36.0
1776886408.3921027,9.0,3.0,-29.0
1776886408.4021027,6.0,0.0,-26.0
1776886408.4121027,7.0,-1.0,-26.0
1776886408.4221027,3.0,0.0,-30.0
1776886408.432103,2.0,0.0,-22.0
1776886408.442103,7.0,-1.0,-26.0
1776886408.452103,3.0,-2.0,-25.0
1776886408.462103,6.0,-1.0,-20.0
1776886408.4721026,7.0,-3.0,-22.0
1776886408.4821026,11.0,-1.0,-24.0
1776886408.4921026,7.0,-3.0,-26.0
1776886408.5021029,5.0,-5.0,-32.0
1776886408.5121028,5.0,-3.0,-29.0
1776886408.5221028,3.0,0.0,-36.0
1776886408.5321028,0.0,1.0,-46.0
1776886408.5421028,-4.0,0.0,-43.0
1776886408.5521028,-6.0,-1.0,-42.0
1776886408.5621028,-5.0,0.0,-48.0
1776886408.5721028,-2.0,-3.0,-49.0
1776886408.5821028,-3.0,-5.0,-48.0
1776886408.5921028,0.0,-4.0,-43.0
1776886408.6021028,0.0,-1.0,-42.0
1776886408.6121027,2.0,-1.0,-38.0
1776886408.6221027,0.0,0.0,-37.0
1776886408.6321027,1.0,-2.0,-37.0
1776886408.6421027,9.0,-5.0,-45.0
1776886408.6521027,7.0,-8.0,-47.0
1776886408.6621027,2.0,-7.0,-45.0
1776886408.6721027,-1.0,-7.0,-43.0
1776886408.682103,0.0,-4.0,-37.0
1776886408.692103,0.0,-6.0,-38.0
1776886408.702103,0.0,-4.0,-38.0
1776886408.712103,0.0,-1.0,-45.0
1776886408.7221026,-1.0,-1.0,-47.0
1776886408.7321026,0.0,0.0,-45.0
1776886408.7421026,1.0,4.0,-39.0
1776886408.7521029,4.0,4.0,-39.0
1776886408.7621028,8.0,7.0,-42.0
1776886408.7721028,8.0,3.0,-41.0
1776886408.7821028,5.0,0.0,-39.0
1776886408.7921028,3.0,0.0,-37.0
1776886408.8021028,1.0,0.0,-41.0
1776886408.8121028,0.0,-2.0,-38.0
1776886408.8221028,-3.0,0.0,-38.0
1776886408.8321028,-2.0,0.0,-42.0
1776886408.8421028,-1.0,0.0,-44.0
1776886408.8521028,0.0,5.0,-46.0
1776886408.8621027,-5.0,9.0,-38.0
1776886408.8721027,-7.0,9.0,-36.0
1776886408.8821027,-3.0,12.0,-34.0
1776886408.8921027,-2.0,8.0,-41.0
1776886408.9021027,1.0,5.0,-40.0
1776886408.9121027,2.0,4.0,-42.0
1776886408.9221027,0.0,5.0,-43.0
1776886408.932103,1.0,2.0,-38.0
1776886408.942103,1.0,0.0,-39.0
1776886408.952103,5.0,-5.0,-41.0
1776886408.962103,5.0,-5.0,-39.0
1776886408.9721026,3.0,-5.0,-37.0
1776886408.9821026,0.0,-4.0,-33.0
1776886408.9921026,-2.0,-7.0,-37.0
1776886409.0021029,-1.0,-7.0,-38.0
1776886409.0121028,0.0,-6.0,-36.0
1776886409.0221028,-1.0,-6.0,-37.0
1776886409.0331028,-3.0,-6.0,-37.0
1776886409.0421028,-3.0,-8.0,-32.0
1776886409.0521028,0.0,-9.0,-37.0
1776886409.0621028,0.0,-10.0,-34.0
1776886409.0721028,0.0,-8.0,-28.0
1776886409.0821028,0.0,-4.0,-32.0
1776886409.0921028,-3.0,-6.0,-38.0
1776886409.1021028,-6.0,-4.0,-37.0
1776886409.1121027,-8.0,-3.0,-37.0
1776886409.1221027,-2.0,-1.0,-39.0
1776886409.1321027,0.0,-1.0,-31.0
1776886409.1421027,1.0,-5.0,-31.0
1776886409.1521027,4.0,-7.0,-42.0
1776886409.1621027,5.0,-6.0,-44.0
1776886409.1721027,0.0,-2.0,-37.0
1776886409.182103,1.0,1.0,-38.0
1776886409.192103,0.0,1.0,-41.0
1776886409.202103,-1.0,-2.0,-37.0
1776886409.212103,0.0,-2.0,-46.0
1776886409.2221026,0.0,1.0,-43.0
1776886409.2321026,-1.0,1.0,-41.0
1776886409.2421026,0.0,0.0,-40.0
1776886409.2521029,-1.0,0.0,-41.0
1776886409.2621028,-2.0,-1.0,-38.0
1776886409.2721028,-1.0,1.0,-36.0
1776886409.2821028,-3.0,1.0,-33.0
1776886409.2931027,-1.0,-4.0,-36.0
1776886409.3031027,0.0,-2.0,-29.0
1776886409.3131027,3.0,1.0,-33.0
1776886409.3231027,1.0,1.0,-36.0
1776886409.3331027,3.0,1.0,-41.0
1776886409.3431027,0.0,0.0,-42.0
1776886409.3531027,1.0,4.0,-41.0
1776886409.363103,-2.0,2.0,-34.0
1776886409.373103,0.0,-1.0,-34.0
1776886409.383103,-1.0,-1.0,-35.0
1776886409.3931026,-1.0,-6.0,-36.0
1776886409.4031026,3.0,-7.0,-39.0
1776886409.4131026,5.0,-7.0,-38.0
1776886409.4231029,2.0,-6.0,-32.0
1776886409.432103,0.0,0.0,-35.0
1776886409.4431028,0.0,-1.0,-36.0
1776886409.4531028,-2.0,-2.0,-39.0
1776886409.4631028,-1.0,1.0,-39.0
1776886409.4731028,-1.0,2.0,-35.0
1776886409.4831028,1.0,0.0,-32.0
1776886409.4931028,0.0,4.0,-38.0
1776886409.5031028,3.0,7.0,-44.0
1776886409.5131028,7.0,7.0,-53.0
1776886409.5231028,10.0,0.0,-52.0
1776886409.5331028,9.0,5.0,-54.0
1776886409.5431027,4.0,3.0,-48.0
1776886409.5531027,0.0,-1.0,-37.0
1776886409.5631027,-1.0,-2.0,-36.0
1776886409.5731027,0.0,0.0,-33.0
1776886409.5831027,0.0,2.0,-40.0
1776886409.5931027,1.0,2.0,-40.0
1776886409.6031027,-2.0,1.0,-45.0
1776886409.613103,-1.0,-2.0,-45.0
1776886409.623103,-4.0,-1.0,-36.0
1776886409.633103,-7.0,-2.0,-28.0
1776886409.6431026,-6.0,-6.0,-36.0
1776886409.6531026,-7.0,-1.0,-39.0
1776886409.6631026,-7.0,2.0,-40.0
1776886409.6731029,-8.0,2.0,-47.0
1776886409.6831028,-9.0,5.0,-47.0
1776886409.6931028,-10.0,5.0,-47.0
1776886409.7031028,-5.0,3.0,-53.0
1776886409.7131028,0.0,4.0,-46.0
1776886409.7231028,1.0,6.0,-45.0
1776886409.7331028,2.0,3.0,-41.0
1776886409.7431028,1.0,1.0,-44.0
1776886409.7531028,4.0,0.0,-43.0
1776886409.7631028,6.0,0.0,-42.0
1776886409.7731028,3.0,0.0,-41.0
1776886409.7831028,6.0,0.0,-46.0
1776886409.7931027,6.0,-1.0,-45.0
1776886409.8031027,3.0,-5.0,-40.0
1776886409.8131027,1.0,-5.0,-36.0
1776886409.8231027,3.0,-3.0,-38.0
1776886409.8331027,-1.0,0.0,-40.0
1776886409.8431027,-2.0,2.0,-41.0
1776886409.8531027,-4.0,2.0,-37.0
1776886409.863103,1.0,2.0,-40.0
1776886409.873103,1.0,4.0,-42.0
1776886409.883103,0.0,0.0,-39.0
1776886409.8931026,0.0,-3.0,-43.0
1776886409.9031026,0.0,-3.0,-43.0
1776886409.9131026,0.0,-7.0,-45.0
1776886409.9231029,0.0,-4.0,-40.0
1776886409.9331028,3.0,-2.0,-32.0
1776886409.9431028,0.0,-1.0,-32.0
1776886409.9531028,0.0,0.0,-32.0
1776886409.9631028,1.0,1.0,-34.0
1776886409.9731028,-1.0,2.0,-30.0
1776886409.9831028,0.0,-3.0,-43.0
1776886409.9931028,-4.0,-5.0,-37.0
1776886410.0031028,-6.0,-8.0,-39.0
1776886410.0131028,-2.0,-6.0,-35.0
1776886410.0231028,-3.0,-4.0,-34.0
1776886410.0331028,-4.0,-2.0,-33.0
1776886410.0431027,-4.0,0.0,-37.0
1776886410.0531027,-4.0,0.0,-42.0
1776886410.0631027,-3.0,0.0,-43.0
1776886410.0731027,-1.0,0.0,-41.0
1776886410.0831027,-4.0,0.0,-41.0
1776886410.0931027,-2.0,-2.0,-38.0
1776886410.1031027,1.0,-2.0,-33.0
1776886410.113103,3.0,-3.0,-38.0
1776886410.123103,2.0,-3.0,-32.0
1776886410.133103,6.0,-6.0,-39.0
1776886410.1431026,4.0,-7.0,-39.0
1776886410.1531026,3.0,-4.0,-40.0
1776886410.1631026,2.0,-4.0,-48.0
1776886410.1731029,4.0,-2.0,-49.0
1776886410.1831028,5.0,0.0,-41.0
1776886410.1931028,2.0,0.0,-38.0
1776886410.2031028,2.0,-5.0,-36.0
1776886410.2131028,0.0,-1.0,-37.0
1776886410.2231028,5.0,0.0,-35.0
1776886410.2331028,3.0,-3.0,-35.0
1776886410.2431028,2.0,-3.0,-34.0
1776886410.2531028,2.0,-3.0,-37.0
1776886410.2631028,1.0,0.0,-36.0
1776886410.2731028,0.0,2.0,-33.0
1776886410.2831028,0.0,1.0,-28.0
1776886410.2931027,0.0,-4.0,-31.0
1776886410.3031027,1.0,-4.0,-35.0
1776886410.3131027,2.0,-2.0,-32.0
1776886410.3231027,6.0,-4.0,-31.0
1776886410.3331027,4.0,-3.0,-39.0
1776886410.3431027,0.0,-3.0,-38.0
1776886410.3531027,2.0,-2.0,-38.0
1776886410.363103,-1.0,0.0,-46.0
1776886410.373103,-2.0,0.0,-42.0
1776886410.383103,-1.0,0.0,-42.0
1776886410.3931026,-2.0,2.0,-46.0
1776886410.4031026,-2.0,0.0,-39.0
1776886410.4131026,0.0,0.0,-40.0
1776886410.4231029,0.0,-1.0,-40.0
1776886410.4331028,-2.0,2.0,-34.0
1776886410.4431028,-2.0,5.0,-37.0
1776886410.4531028,3.0,5.0,-42.0
1776886410.4631028,5.0,4.0,-34.0
1776886410.4731028,2.0,5.0,-35.0
1776886410.4831028,2.0,5.0,-33.0
1776886410.4931028,1.0,5.0,-31.0
1776886410.5031028,0.0,2.0,-33.0
1776886410.5131028,-2.0,-2.0,-32.0
1776886410.5231028,-2.0,-7.0,-30.0
1776886410.5331028,-3.0,-5.0,-32.0
1776886410.5431027,0.0,-3.0,-32.0
1776886410.5531027,0.0,0.0,-34.0
1776886410.5631027,0.0,2.0,-33.0
1776886410.5731027,0.0,1.0,-32.0
1776886410.5831027,0.0,0.0,-31.0
1776886410.5931027,3.0,0.0,-26.0
1776886410.6031027,8.0,0.0,-24.0
1776886410.613103,9.0,2.0,-19.0
1776886410.623103,6.0,3.0,-16.0
1776886410.633103,5.0,0.0,-22.0
1776886410.6431026,2.0,2.0,-20.0
1776886410.6531026,3.0,3.0,-22.0
1776886410.6631026,7.0,4.0,-30.0
1776886410.6731029,5.0,2.0,-36.0
1776886410.6831028,7.0,0.0,-38.0
1776886410.6931028,6.0,-2.0,-41.0
1776886410.7031028,3.0,-2.0,-42.0
1776886410.7131028,3.0,-4.0,-40.0
1776886410.7231028,-2.0,0.0,-38.0
1776886410.7331028,-4.0,3.0,-44.0
1776886410.7431028,-7.0,2.0,-38.0
1776886410.7531028,-5.0,2.0,-35.0
1776886410.7631028,-2.0,3.0,-37.0
1776886410.7731028,-3.0,3.0,-40.0
1776886410.7831028,0.0,3.0,-48.0
1776886410.7931027,0.0,3.0,-50.0
1776886410.8031027,-3.0,2.0,-46.0
1776886410.8131027,-2.0,3.0,-44.0
1776886410.8231027,-4.0,4.0,-35.0
1776886410.8331027,-5.0,2.0,-36.0
1776886410.8431027,-2.0,1.0,-41.0
1776886410.8531027,-5.0,3.0,-42.0
1776886410.863103,-6.0,4.0,-39.0
1776886410.873103,-10.0,0.0,-31.0
1776886410.883103,-9.0,-2.0,-36.0
1776886410.8931026,-10.0,-4.0,-37.0
1776886410.9031026,-4.0,-5.0,-28.0
1776886410.9131026,-6.0,0.0,-31.0
1776886410.9231029,-5.0,0.0,-34.0
1776886410.9331028,-3.0,-2.0,-31.0
1776886410.9431028,0.0,-1.0,-34.0
1776886410.9531028,-1.0,-2.0,-31.0
1776886410.9631028,-2.0,-2.0,-31.0
1776886410.9731028,2.0,2.0,-36.0
1776886410.9831028,2.0,3.0,-33.0
1776886410.9931028,5.0,2.0,-36.0
1776886411.0031028,2.0,-1.0,-36.0
1776886411.0131028,2.0,-1.0,-43.0
1776886411.0231028,0.0,0.0,-43.0
1776886411.0331028,0.0,-1.0,-40.0
1776886411.0431027,-3.0,0.0,-42.0
1776886411.0531027,-1.0,-5.0,-43.0
1776886411.0631027,-4.0,-4.0,-42.0
1776886411.0731027,-3.0,-4.0,-41.0
1776886411.0831027,0.0,-4.0,-36.0
1776886411.0931027,-5.0,-4.0,-38.0
1776886411.1031027,-4.0,-1.0,-43.0
1776886411.113103,-3.0,0.0,-40.0
1776886411.123103,1.0,-4.0,-46.0
1776886411.133103,1.0,-4.0,-43.0
1776886411.1431026,3.0,-1.0,-39.0
1776886411.1531026,2.0,-2.0,-41.0
1776886411.1631026,-1.0,-2.0,-39.0
1776886411.1731029,2.0,3.0,-39.0
1776886411.1831028,2.0,6.0,-35.0
1776886411.1931028,5.0,7.0,-33.0
1776886411.2031028,7.0,9.0,-31.0
1776886411.2131028,5.0,10.0,-34.0
1776886411.2231028,4.0,5.0,-36.0
1776886411.2331028,-2.0,0.0,-40.0
1776886411.2431028,-1.0,0.0,-39.0
1776886411.2531028,-1.0,-4.0,-41.0
1776886411.2631028,0.0,-3.0,-33.0
1776886411.2741027,-2.0,-4.0,-31.0
1776886411.284103,-2.0,0.0,-39.0
1776886411.294103,-1.0,0.0,-39.0
1776886411.304103,-1.0,-3.0,-40.0
1776886411.3141026,0.0,1.0,-40.0
1776886411.3241026,0.0,-3.0,-41.0
1776886411.3341026,0.0,0.0,-35.0
1776886411.3441026,1.0,0.0,-32.0
1776886411.3541028,-1.0,1.0,-39.0
1776886411.3641028,-4.0,2.0,-34.0
1776886411.3741028,-9.0,1.0,-27.0
1776886411.3841028,-10.0,-1.0,-28.0
1776886411.3941028,-7.0,-1.0,-33.0
1776886411.4041028,-9.0,0.0,-38.0
1776886411.4141028,-10.0,0.0,-39.0
1776886411.4241028,-7.0,-1.0,-34.0
1776886411.4341028,-7.0,0.0,-40.0
1776886411.4441028,-11.0,-2.0,-37.0
1776886411.4541028,-15.0,1.0,-40.0
1776886411.4641027,-13.0,-2.0,-37.0
1776886411.4741027,-4.0,-1.0,-39.0
1776886411.4841027,-4.0,4.0,-40.0
1776886411.4941027,-3.0,0.0,-39.0
1776886411.5041027,-2.0,-1.0,-40.0
1776886411.5141027,-4.0,0.0,-39.0
1776886411.5241027,-4.0,-2.0,-41.0
1776886411.534103,0.0,2.0,-42.0
1776886411.544103,0.0,0.0,-37.0
1776886411.554103,0.0,1.0,-39.0
1776886411.5641026,0.0,0.0,-36.0
1776886411.5741026,0.0,0.0,-36.0
1776886411.5841026,-2.0,0.0,-36.0
1776886411.5941026,-1.0,-2.0,-43.0
1776886411.6041028,-2.0,-3.0,-42.0
1776886411.6141028,0.0,-3.0,-44.0
1776886411.6241028,3.0,-3.0,-44.0
1776886411.6341028,5.0,-4.0,-42.0
1776886411.6441028,1.0,-1.0,-38.0
1776886411.6541028,-1.0,-3.0,-36.0
1776886411.6641028,0.0,-1.0,-34.0
1776886411.6741028,0.0,0.0,-35.0
1776886411.6841028,0.0,0.0,-38.0
1776886411.6941028,2.0,2.0,-35.0
1776886411.7041028,1.0,2.0,-38.0
1776886411.7141027,1.0,2.0,-39.0
1776886411.7241027,-3.0,0.0,-35.0
1776886411.7341027,-2.0,-2.0,-41.0
1776886411.7441027,-2.0,-4.0,-42.0
1776886411.7541027,-3.0,-8.0,-49.0
1776886411.7641027,1.0,-8.0,-47.0
1776886411.7741027,1.0,-8.0,-46.0
1776886411.784103,0.0,-10.0,-39.0
1776886411.794103,-3.0,-8.0,-41.0
1776886411.804103,-2.0,-9.0,-39.0
1776886411.8141026,0.0,-3.0,-37.0
1776886411.8241026,0.0,-5.0,-30.0
1776886411.8341026,3.0,-6.0,-30.0
1776886411.8441026,6.0,0.0,-38.0
1776886411.8541028,8.0,2.0,-43.0
1776886411.8641028,9.0,3.0,-42.0
1776886411.8741028,10.0,4.0,-47.0
1776886411.8841028,9.0,6.0,-48.0
1776886411.8941028,6.0,-1.0,-41.0
1776886411.9041028,5.0,0.0,-43.0
1776886411.9141028,0.0,-1.0,-43.0
1776886411.9241028,-2.0,-2.0,-43.0
1776886411.9341028,-2.0,-1.0,-42.0
1776886411.9441028,-1.0,-4.0,-43.0
1776886411.9541028,0.0,-1.0,-40.0
1776886411.9641027,-1.0,-1.0,-39.0
1776886411.9741027,0.0,1.0,-39.0
1776886411.9841027,1.0,0.0,-37.0
1776886411.9941027,2.0,0.0,-38.0
1776886412.0041027,2.0,-6.0,-38.0
1776886412.0141027,1.0,-10.0,-37.0
1776886412.0241027,1.0,-7.0,-35.0
1776886412.034103,-1.0,-3.0,-40.0
1776886412.044103,-2.0,-3.0,-40.0
1776886412.054103,-1.0,-1.0,-38.0
1776886412.0641026,-2.0,0.0,-40.0
1776886412.0741026,1.0,-2.0,-45.0
1776886412.0841026,3.0,-1.0,-44.0
1776886412.0941026,5.0,3.0,-42.0
1776886412.1041028,1.0,1.0,-43.0
1776886412.1141028,-1.0,2.0,-45.0
1776886412.1241028,0.0,1.0,-43.0
1776886412.1341028,3.0,0.0,-38.0
1776886412.1441028,0.0,0.0,-33.0
1776886412.1541028,2.0,0.0,-31.0
1776886412.1641028,0.0,-2.0,-34.0
1776886412.1741028,-2.0,-2.0,-37.0
1776886412.1841028,-2.0,-3.0,-40.0
1776886412.1941028,-1.0,-3.0,-45.0
1776886412.2041028,-1.0,-5.0,-35.0
1776886412.2141027,-6.0,-2.0,-36.0
1776886412.2241027,-5.0,-1.0,-39.0
1776886412.2341027,-5.0,-2.0,-38.0
1776886412.2441027,-3.0,-2.0,-40.0
1776886412.2541027,0.0,-5.0,-34.0
1776886412.2641027,0.0,-6.0,-36.0
1776886412.2741027,0.0,-7.0,-36.0
1776886412.284103,-3.0,-6.0,-44.0
1776886412.294103,1.0,-6.0,-47.0
1776886412.304103,5.0,-4.0,-43.0
1776886412.3141026,3.0,-1.0,-35.0
1776886412.3241026,8.0,-3.0,-38.0
1776886412.3341026,4.0,-5.0,-40.0
1776886412.3441026,3.0,-1.0,-43.0
1776886412.3541028,3.0,-1.0,-43.0
1776886412.3641028,2.0,-1.0,-46.0
1776886412.3741028,0.0,0.0,-30.0
1776886412.3841028,0.0,-1.0,-34.0
1776886412.3941028,-1.0,-3.0,-30.0
1776886412.4041028,0.0,-1.0,-29.0
1776886412.4141028,-2.0,-1.0,-33.0
1776886412.4241028,-2.0,-3.0,-26.0
1776886412.4341028,2.0,1.0,-28.0
1776886412.4441028,0.0,-2.0,-27.0
1776886412.4541028,2.0,-6.0,-30.0
1776886412.4641027,4.0,-6.0,-31.0
1776886412.4741027,6.0,0.0,-32.0
1776886412.4841027,10.0,0.0,-27.0
1776886412.4941027,8.0,-3.0,-26.0
1776886412.5041027,9.0,0.0,-27.0
1776886412.5141027,8.0,1.0,-30.0
1776886412.5241027,2.0,4.0,-33.0
1776886412.534103,1.0,3.0,-31.0
1776886412.544103,0.0,0.0,-39.0
1776886412.554103,-3.0,-2.0,-39.0
1776886412.5641026,-4.0,0.0,-39.0
1776886412.5741026,-1.0,-2.0,-42.0
1776886412.5841026,-2.0,-1.0,-44.0
1776886412.5941026,0.0,1.0,-37.0
1776886412.6041028,1.0,0.0,-32.0
1776886412.6141028,1.0,0.0,-27.0
1776886412.6241028,-2.0,2.0,-38.0
1776886412.6341028,-6.0,3.0,-34.0
1776886412.6441028,-4.0,4.0,-33.0
1776886412.6541028,-5.0,0.0,-34.0
1776886412.6641028,-4.0,0.0,-26.0
1776886412.6741028,-3.0,-2.0,-29.0
1776886412.6841028,-5.0,-3.0,-36.0
1776886412.6941028,-5.0,-4.0,-43.0
1776886412.7041028,-4.0,-4.0,-47.0
1776886412.7141027,-2.0,0.0,-46.0
1776886412.7241027,0.0,-2.0,-43.0
1776886412.7341027,4.0,-5.0,-37.0
1776886412.7441027,3.0,-4.0,-32.0
1776886412.7541027,1.0,-5.0,-38.0
1776886412.7641027,1.0,0.0,-38.0
1776886412.7741027,3.0,0.0,-40.0
1776886412.784103,3.0,0.0,-42.0
1776886412.794103,0.0,-5.0,-38.0
1776886412.804103,-2.0,-8.0,-41.0
1776886412.8141026,-1.0,-4.0,-42.0
1776886412.8241026,-4.0,-1.0,-47.0
1776886412.8341026,-2.0,-1.0,-48.0
1776886412.8441026,-4.0,-4.0,-49.0
1776886412.8541028,-1.0,-5.0,-53.0
1776886412.8641028,1.0,-1.0,-48.0
1776886412.8741028,1.0,-3.0,-44.0
1776886412.8841028,3.0,-6.0,-45.0
1776886412.8941028,3.0,-8.0,-45.0
1776886412.9041028,0.0,-6.0,-52.0
1776886412.9141028,1.0,-1.0,-49.0
1776886412.9241028,1.0,-8.0,-43.0
1776886412.9341028,2.0,-7.0,-41.0
1776886412.9441028,0.0,-7.0,-37.0
1776886412.9541028,0.0,-5.0,-37.0
1776886412.9641027,0.0,-9.0,-43.0
1776886412.9741027,0.0,-6.0,-37.0
1776886412.9841027,-1.0,0.0,-37.0
1776886412.9941027,-3.0,-2.0,-29.0
1776886413.0041027,-6.0,-1.0,-29.0
1776886413.0141027,-2.0,-1.0,-37.0
1776886413.0241027,0.0,-4.0,-39.0
1776886413.034103,0.0,-4.0,-41.0
1776886413.044103,3.0,-2.0,-44.0
1776886413.054103,5.0,-3.0,-40.0
1776886413.0641026,5.0,0.0,-33.0
1776886413.0741026,5.0,1.0,-40.0
1776886413.0841026,3.0,0.0,-42.0
1776886413.0941026,2.0,1.0,-46.0
1776886413.1041028,2.0,2.0,-47.0
1776886413.1141028,2.0,-1.0,-43.0
1776886413.1241028,2.0,0.0,-46.0
1776886413.1341028,2.0,1.0,-53.0
1776886413.1441028,-1.0,4.0,-54.0
1776886413.1541028,2.0,6.0,-51.0
1776886413.1641028,4.0,6.0,-48.0
1776886413.1741028,3.0,7.0,-48.0
1776886413.1841028,4.0,1.0,-44.0
1776886413.1941028,2.0,-2.0,-39.0
1776886413.2041028,0.0,-1.0,-32.0
1776886413.2141027,0.0,-5.0,-29.0
1776886413.2241027,0.0,-7.0,-35.0
1776886413.2341027,5.0,-6.0,-36.0
1776886413.2441027,3.0,-8.0,-39.0
1776886413.2541027,4.0,-6.0,-41.0
1776886413.2651026,7.0,-6.0,-37.0
1776886413.2751029,6.0,-9.0,-40.0
1776886413.2851028,7.0,-8.0,-39.0
1776886413.2951028,5.0,-4.0,-38.0
1776886413.3051028,0.0,-3.0,-46.0
1776886413.3151028,0.0,-3.0,-49.0
1776886413.3251028,-1.0,-5.0,-47.0
1776886413.3351028,-4.0,-7.0,-41.0
1776886413.3451028,0.0,-4.0,-38.0
1776886413.3551028,-1.0,-3.0,-38.0
1776886413.3651028,1.0,0.0,-37.0
1776886413.3751028,1.0,-3.0,-34.0
1776886413.3851027,2.0,-2.0,-42.0
1776886413.3951027,3.0,0.0,-40.0
1776886413.4051027,4.0,2.0,-43.0
1776886413.4151027,5.0,3.0,-43.0
1776886413.4251027,4.0,1.0,-39.0
1776886413.4351027,2.0,-3.0,-36.0
1776886413.4451027,7.0,-6.0,-37.0
1776886413.4551027,5.0,-4.0,-34.0
1776886413.465103,2.0,-2.0,-33.0
1776886413.475103,6.0,-4.0,-30.0
1776886413.485103,6.0,-2.0,-38.0
1776886413.4951026,6.0,-1.0,-42.0
1776886413.5051026,5.0,1.0,-46.0
1776886413.5151026,-1.0,-2.0,-48.0
1776886413.5251029,0.0,-5.0,-42.0
1776886413.5351028,0.0,-8.0,-38.0
1776886413.5451028,0.0,-1.0,-35.0
1776886413.5551028,-3.0,-2.0,-32.0
1776886413.5651028,-3.0,-5.0,-31.0
1776886413.5751028,0.0,-6.0,-33.0
1776886413.5851028,2.0,-7.0,-35.0
1776886413.5951028,4.0,-5.0,-39.0
1776886413.6051028,4.0,-5.0,-35.0
1776886413.6151028,6.0,-2.0,-38.0
1776886413.6251028,1.0,0.0,-43.0
1776886413.6351027,3.0,0.0,-42.0
1776886413.6451027,7.0,0.0,-33.0
1776886413.6551027,6.0,-2.0,-33.0
1776886413.6651027,5.0,-1.0,-33.0
1776886413.6751027,0.0,0.0,-32.0
1776886413.6851027,-3.0,-2.0,-33.0
1776886413.6951027,-5.0,2.0,-30.0
1776886413.7051027,-7.0,6.0,-29.0
1776886413.715103,-5.0,2.0,-33.0
1776886413.725103,-5.0,0.0,-34.0
1776886413.735103,-4.0,-1.0,-33.0
1776886413.7451026,-6.0,-1.0,-32.0
1776886413.7551026,-10.0,-4.0,-33.0
1776886413.7651026,-6.0,-10.0,-29.0
1776886413.7751029,-5.0,-7.0,-29.0
1776886413.7851028,-2.0,-3.0,-26.0
1776886413.7951028,-3.0,0.0,-29.0
1776886413.8051028,-4.0,-2.0,-29.0
1776886413.8151028,0.0,3.0,-31.0
1776886413.8251028,0.0,4.0,-35.0
1776886413.8351028,0.0,5.0,-34.0
1776886413.8461027,0.0,2.0,-38.0
1776886413.8551028,0.0,-1.0,-44.0
1776886413.8651028,1.0,0.0,-45.0
1776886413.8751028,2.0,0.0,-37.0
1776886413.8851027,4.0,-4.0,-35.0
1776886413.8951027,0.0,-4.0,-32.0
1776886413.9051027,0.0,-3.0,-24.0
1776886413.9151027,0.0,-8.0,-21.0
1776886413.9251027,1.0,-4.0,-22.0
1776886413.9351027,1.0,-5.0,-26.0
1776886413.9451027,2.0,-7.0,-26.0
1776886413.9551027,1.0,-8.0,-30.0
1776886413.965103,3.0,-6.0,-34.0
1776886413.975103,1.0,-6.0,-39.0
1776886413.985103,2.0,-8.0,-44.0
1776886413.9951026,4.0,-6.0,-54.0
1776886414.0051026,2.0,-4.0,-50.0
1776886414.0151026,0.0,-1.0,-50.0
1776886414.0251029,0.0,-2.0,-47.0
1776886414.0351028,-1.0,0.0,-45.0
1776886414.0451028,1.0,3.0,-41.0
1776886414.0551028,2.0,4.0,-45.0
1776886414.0651028,1.0,1.0,-42.0
1776886414.0751028,3.0,4.0,-47.0
1776886414.0851028,2.0,4.0,-52.0
1776886414.0951028,3.0,0.0,-49.0
1776886414.1051028,0.0,-1.0,-48.0
1776886414.1151028,0.0,0.0,-39.0
1776886414.1251028,1.0,2.0,-38.0
1776886414.1351027,1.0,2.0,-36.0
1776886414.1451027,2.0,-1.0,-41.0
1776886414.1551027,0.0,-4.0,-45.0
1776886414.1651027,3.0,-2.0,-37.0
1776886414.1751027,7.0,-1.0,-34.0
1776886414.1851027,10.0,-2.0,-33.0
1776886414.1951027,10.0,-5.0,-33.0
1776886414.2051027,11.0,-2.0,-31.0
1776886414.215103,9.0,-1.0,-34.0
1776886414.225103,2.0,-1.0,-32.0
1776886414.235103,0.0,1.0,-40.0
1776886414.2451026,-2.0,4.0,-49.0
1776886414.2551026,-2.0,4.0,-47.0
1776886414.2651026,-3.0,3.0,-51.0
1776886414.2751029,-1.0,0.0,-45.0
1776886414.2851028,0.0,-5.0,-42.0
1776886414.2951028,-1.0,-4.0,-49.0
1776886414.3051028,-3.0,-4.0,-49.0
1776886414.3151028,-4.0,-2.0,-45.0
1776886414.3251028,0.0,0.0,-43.0
1776886414.3351028,-4.0,3.0,-35.0
1776886414.3451028,-5.0,4.0,-34.0
1776886414.3551028,-5.0,0.0,-41.0
1776886414.3651028,-3.0,1.0,-37.0
1776886414.3751028,0.0,1.0,-36.0
1776886414.3851027,2.0,-1.0,-29.0
1776886414.3951027,0.0,-3.0,-31.0
1776886414.4051027,-4.0,-6.0,-36.0
1776886414.4151027,1.0,-5.0,-38.0
1776886414.4251027,2.0,-3.0,-35.0
1776886414.4351027,2.0,0.0,-34.0
1776886414.4451027,1.0,3.0,-34.0
1776886414.4551027,1.0,9.0,-31.0
1776886414.465103,1.0,9.0,-41.0
1776886414.475103,0.0,7.0,-45.0
1776886414.485103,1.0,3.0,-47.0
1776886414.4951026,4.0,0.0,-40.0
1776886414.5051026,6.0,0.0,-40.0
1776886414.5151026,10.0,-2.0,-40.0
1776886414.5251029,9.0,-2.0,-36.0
1776886414.5351028,8.0,-3.0,-44.0
1776886414.5451028,6.0,1.0,-47.0
1776886414.5551028,0.0,1.0,-43.0
1776886414.5651028,0.0,0.0,-50.0
1776886414.5751028,0.0,0.0,-47.0
1776886414.5851028,0.0,4.0,-47.0
1776886414.5951028,1.0,3.0,-45.0
1776886414.6051028,4.0,1.0,-49.0
1776886414.6151028,7.0,0.0,-49.0
1776886414.6251028,9.0,4.0,-52.0
1776886414.6351027,10.0,5.0,-48.0
1776886414.6451027,11.0,6.0,-37.0
1776886414.6551027,11.0,7.0,-36.0
1776886414.6651027,14.0,2.0,-40.0
1776886414.6751027,11.0,1.0,-45.0
1776886414.6851027,8.0,-1.0,-39.0
1776886414.6951027,5.0,-1.0,-38.0
1776886414.7051027,-3.0,1.0,-40.0
1776886414.715103,-6.0,-1.0,-40.0
1776886414.725103,-4.0,-3.0,-42.0
1776886414.735103,0.0,-8.0,-47.0
1776886414.7451026,0.0,-8.0,-41.0
1776886414.7551026,0.0,-5.0,-39.0
1776886414.7651026,-1.0,-5.0,-41.0
1776886414.7751029,-5.0,-5.0,-39.0
1776886414.7851028,-7.0,-4.0,-38.0
1776886414.7951028,-6.0,-1.0,-37.0
1776886414.8051028,-5.0,-4.0,-33.0
1776886414.8151028,-2.0,-2.0,-36.0
1776886414.8251028,1.0,-2.0,-36.0
1776886414.8351028,0.0,0.0,-46.0
1776886414.8451028,3.0,-3.0,-43.0
1776886414.8551028,6.0,-3.0,-42.0
1776886414.8651028,2.0,0.0,-41.0
1776886414.8751028,6.0,-4.0,-45.0
1776886414.8851027,7.0,-1.0,-44.0
1776886414.8951027,9.0,0.0,-37.0
1776886414.9051027,5.0,-2.0,-31.0
1776886414.9151027,4.0,0.0,-39.0
1776886414.9251027,6.0,-1.0,-37.0
1776886414.9351027,5.0,-3.0,-33.0
1776886414.9451027,4.0,-6.0,-33.0
1776886414.9551027,2.0,-3.0,-32.0
1776886414.965103,1.0,0.0,-33.0
1776886414.975103,0.0,-1.0,-36.0
1776886414.985103,-3.0,-2.0,-40.0
1776886414.9951026,-2.0,-5.0,-39.0
1776886415.0051026,2.0,0.0,-32.0
1776886415.0151026,0.0,1.0,-32.0
1776886415.0251029,0.0,3.0,-33.0
1776886415.0351028,2.0,2.0,-30.0
1776886415.0451028,-1.0,1.0,-36.0
1776886415.0551028,3.0,-1.0,-45.0
1776886415.0651028,1.0,-5.0,-42.0
1776886415.0751028,5.0,-2.0,-42.0
1776886415.0851028,4.0,1.0,-47.0
1776886415.0951028,4.0,0.0,-50.0
1776886415.1051028,4.0,-2.0,-46.0
1776886415.1151028,5.0,-3.0,-50.0
1776886415.1251028,7.0,-4.0,-37.0
1776886415.1351027,6.0,-3.0,-37.0
1776886415.1451027,2.0,-4.0,-36.0
1776886415.1551027,1.0,-4.0,-38.0
1776886415.1651027,1.0,-2.0,-40.0
1776886415.1751027,-3.0,-1.0,-42.0
1776886415.1851027,-1.0,-4.0,-41.0
1776886415.1951027,1.0,-6.0,-42.0
1776886415.2051027,6.0,-1.0,-37.0
1776886415.215103,7.0,1.0,-33.0
1776886415.225103,3.0,3.0,-43.0
1776886415.235103,0.0,1.0,-40.0
1776886415.2451026,-2.0,-5.0,-46.0
1776886415.2561028,-2.0,-9.0,-49.0
1776886415.2651026,-3.0,-6.0,-43.0
1776886415.2761028,-1.0,-1.0,-41.0
1776886415.2861028,0.0,-1.0,-44.0
1776886415.2961028,4.0,0.0,-42.0
1776886415.3061028,4.0,3.0,-38.0
1776886415.3161027,5.0,0.0,-38.0
1776886415.3261027,-2.0,1.0,-42.0
1776886415.3361027,-4.0,1.0,-44.0
1776886415.3461027,-4.0,0.0,-41.0
1776886415.3561027,-2.0,-3.0,-36.0
1776886415.3661027,1.0,-1.0,-28.0
1776886415.3761027,1.0,-9.0,-26.0
1776886415.386103,1.0,-10.0,-35.0
1776886415.396103,-4.0,-12.0,-33.0
1776886415.406103,2.0,-10.0,-33.0
1776886415.4161026,3.0,-11.0,-28.0
1776886415.4261026,4.0,-11.0,-31.0
1776886415.4361026,2.0,-10.0,-32.0
1776886415.4461029,-1.0,-5.0,-28.0
1776886415.4561028,-2.0,-3.0,-27.0
1776886415.4661028,-3.0,-5.0,-33.0
1776886415.4761028,-4.0,-3.0,-30.0
1776886415.4861028,1.0,-1.0,-32.0
1776886415.4961028,3.0,-1.0,-34.0
1776886415.5061028,6.0,-3.0,-40.0
1776886415.5161028,3.0,-4.0,-40.0
1776886415.5261028,0.0,-4.0,-43.0
1776886415.5361028,-2.0,-1.0,-39.0
1776886415.5461028,-3.0,0.0,-35.0
1776886415.5561028,-3.0,-1.0,-32.0
1776886415.5661027,-10.0,-1.0,-28.0
1776886415.5761027,-17.0,-2.0,-29.0
1776886415.5861027,-15.0,-2.0,-22.0
1776886415.5961027,-12.0,0.0,-27.0
1776886415.6061027,-4.0,-2.0,-38.0
1776886415.6161027,-7.0,-3.0,-41.0
1776886415.6261027,-5.0,-2.0,-44.0
1776886415.636103,-4.0,0.0,-40.0
1776886415.646103,-2.0,-2.0,-32.0
1776886415.656103,-1.0,-1.0,-34.0
1776886415.6661026,-2.0,0.0,-36.0
1776886415.6761026,-1.0,-1.0,-32.0
1776886415.6861026,-2.0,-1.0,-30.0
1776886415.6961029,-2.0,-1.0,-27.0
1776886415.7061028,-1.0,-3.0,-29.0
1776886415.7161028,2.0,-3.0,-33.0
1776886415.7261028,1.0,-6.0,-39.0
1776886415.7361028,2.0,-7.0,-38.0
1776886415.7461028,-4.0,-6.0,-43.0
1776886415.7561028,-4.0,-2.0,-45.0
1776886415.7661028,0.0,-2.0,-46.0
1776886415.7761028,5.0,0.0,-41.0
1776886415.7861028,2.0,4.0,-34.0
1776886415.7961028,2.0,7.0,-37.0
1776886415.8061028,2.0,3.0,-39.0
1776886415.8161027,-2.0,0.0,-41.0
1776886415.8261027,0.0,-1.0,-36.0
1776886415.8361027,0.0,3.0,-40.0
1776886415.8461027,-4.0,7.0,-45.0
1776886415.8561027,-2.0,1.0,-45.0
1776886415.8661027,-4.0,1.0,-38.0
1776886415.8761027,-8.0,2.0,-38.0
1776886415.886103,-9.0,1.0,-38.0
1776886415.896103,-5.0,1.0,-34.0
1776886415.906103,-9.0,-1.0,-34.0
1776886415.9161026,-7.0,1.0,-31.0
1776886415.9261026,-6.0,-4.0,-34.0
1776886415.9361026,-4.0,-4.0,-41.0
1776886415.9461029,-3.0,-3.0,-51.0
1776886415.9561028,-5.0,-2.0,-46.0
1776886415.9661028,-6.0,0.0,-45.0
1776886415.9761028,-8.0,0.0,-39.0
1776886415.9861028,-13.0,-2.0,-43.0
1776886415.9961028,-7.0,-2.0,-39.0
1776886416.0061028,-5.0,4.0,-35.0
1776886416.0161028,-6.0,2.0,-34.0
1776886416.0261028,-9.0,0.0,-35.0
1776886416.0361028,-8.0,-2.0,-31.0
1776886416.0461028,-4.0,-3.0,-24.0
1776886416.0561028,-1.0,0.0,-30.0
1776886416.0661027,0.0,0.0,-35.0
1776886416.0761027,3.0,-3.0,-39.0
1776886416.0861027,4.0,-5.0,-45.0
1776886416.0961027,4.0,-4.0,-39.0
1776886416.1061027,3.0,-6.0,-42.0
1776886416.1161027,2.0,-5.0,-45.0
1776886416.1261027,3.0,-1.0,-48.0
1776886416.136103,5.0,4.0,-46.0
1776886416.146103,5.0,3.0,-48.0
1776886416.156103,8.0,0.0,-48.0
1776886416.1661026,5.0,0.0,-44.0
1776886416.1761026,6.0,0.0,-43.0
1776886416.1861026,4.0,1.0,-42.0
1776886416.1961029,5.0,1.0,-42.0
1776886416.2061028,3.0,2.0,-43.0
1776886416.2161028,3.0,0.0,-45.0
1776886416.2261028,7.0,2.0,-36.0
1776886416.2361028,6.0,-1.0,-33.0
1776886416.2461028,5.0,-4.0,-31.0
1776886416.2561028,6.0,-4.0,-33.0
1776886416.2661028,4.0,-1.0,-34.0
1776886416.2761028,0.0,-3.0,-32.0
1776886416.2861028,3.0,-3.0,-38.0
1776886416.2961028,0.0,-4.0,-42.0
1776886416.3061028,0.0,-1.0,-45.0
1776886416.3161027,5.0,1.0,-41.0
1776886416.3261027,0.0,-2.0,-40.0
1776886416.3361027,1.0,-2.0,-47.0
1776886416.3461027,-1.0,-4.0,-46.0
1776886416.3561027,-7.0,-5.0,-43.0
1776886416.3661027,-8.0,-4.0,-42.0
1776886416.3761027,-4.0,-3.0,-46.0
1776886416.386103,0.0,0.0,-46.0
1776886416.396103,-1.0,1.0,-50.0
1776886416.406103,-2.0,1.0,-45.0
1776886416.4161026,4.0,3.0,-43.0
1776886416.4261026,4.0,3.0,-42.0
1776886416.4361026,2.0,2.0,-41.0
1776886416.4461029,5.0,-3.0,-38.0
1776886416.4561028,2.0,-7.0,-37.0
1776886416.4661028,1.0,-9.0,-44.0
1776886416.4761028,5.0,-10.0,-45.0
1776886416.4861028,10.0,-5.0,-44.0
1776886416.4961028,4.0,-4.0,-38.0
1776886416.5061028,3.0,-2.0,-37.0
1776886416.5161028,3.0,-1.0,-33.0
1776886416.5261028,3.0,0.0,-38.0
1776886416.5361028,2.0,-1.0,-44.0
1776886416.5461028,5.0,2.0,-45.0
1776886416.5561028,0.0,3.0,-38.0
1776886416.5661027,2.0,-1.0,-34.0
1776886416.5761027,4.0,-5.0,-33.0
1776886416.5861027,4.0,-3.0,-32.0
1776886416.5961027,2.0,-1.0,-26.0
1776886416.6061027,-1.0,0.0,-19.0
1776886416.6161027,0.0,2.0,-22.0
1776886416.6261027,4.0,3.0,-22.0
1776886416.636103,6.0,0.0,-25.0
1776886416.646103,3.0,0.0,-31.0
1776886416.656103,1.0,-1.0,-37.0
1776886416.6661026,0.0,0.0,-36.0
1776886416.6761026,4.0,1.0,-27.0
1776886416.6861026,2.0,-1.0,-29.0
1776886416.6961029,2.0,-1.0,-29.0
1776886416.7061028,5.0,-3.0,-40.0
1776886416.7161028,4.0,-2.0,-41.0
1776886416.7261028,2.0,0.0,-38.0
1776886416.7361028,0.0,4.0,-44.0
1776886416.7461028,0.0,5.0,-44.0
1776886416.7561028,-1.0,4.0,-45.0
1776886416.7661028,1.0,2.0,-45.0
1776886416.7761028,3.0,1.0,-43.0
1776886416.7861028,0.0,1.0,-43.0
1776886416.7961028,-2.0,3.0,-35.0
1776886416.8061028,-3.0,6.0,-30.0
1776886416.8161027,-4.0,1.0,-35.0
1776886416.8261027,-5.0,0.0,-37.0
1776886416.8361027,-3.0,0.0,-42.0
1776886416.8461027,-4.0,3.0,-46.0
1776886416.8561027,-7.0,1.0,-51.0
1776886416.8661027,-12.0,-1.0,-52.0
1776886416.8761027,-11.0,-1.0,-48.0
1776886416.886103,-6.0,-6.0,-48.0
1776886416.896103,-5.0,-5.0,-48.0
1776886416.906103,-7.0,-5.0,-47.0
1776886416.9161026,-3.0,-6.0,-44.0
1776886416.9261026,0.0,-2.0,-42.0
1776886416.9361026,-2.0,0.0,-41.0
1776886416.9461029,0.0,-4.0,-44.0
1776886416.9561028,1.0,-4.0,-41.0
1776886416.9661028,6.0,-3.0,-41.0
1776886416.9761028,7.0,-1.0,-41.0
1776886416.9861028,2.0,-2.0,-44.0
1776886416.9961028,2.0,-3.0,-37.0
1776886417.0061028,0.0,-3.0,-35.0
1776886417.0161028,0.0,-5.0,-37.0
1776886417.0261028,-1.0,-5.0,-36.0
1776886417.0361028,-6.0,-3.0,-31.0
1776886417.0461028,-5.0,-1.0,-32.0
1776886417.0561028,-3.0,-3.0,-31.0
1776886417.0661027,-4.0,-2.0,-31.0
1776886417.0761027,-8.0,0.0,-37.0
1776886417.0861027,-7.0,-2.0,-37.0
1776886417.0961027,-9.0,-1.0,-35.0
1776886417.1061027,-7.0,-3.0,-39.0
1776886417.1161027,-1.0,-3.0,-40.0
1776886417.1261027,2.0,0.0,-40.0
1776886417.136103,0.0,-2.0,-37.0
1776886417.146103,-4.0,-1.0,-36.0
1776886417.156103,-6.0,-2.0,-43.0
1776886417.1661026,-4.0,-3.0,-48.0
1776886417.1761026,-2.0,0.0,-44.0
1776886417.1861026,0.0,1.0,-37.0
1776886417.1961029,0.0,4.0,-41.0
1776886417.2061028,3.0,6.0,-40.0
1776886417.2161028,3.0,1.0,-41.0
1776886417.2271028,-2.0,0.0,-47.0
1776886417.2371027,-3.0,2.0,-40.0
1776886417.2471027,0.0,0.0,-37.0
1776886417.2571027,-1.0,-4.0,-35.0
1776886417.2671027,1.0,-7.0,-36.0
1776886417.2771027,3.0,-3.0,-40.0
1776886417.2871027,3.0,-7.0,-35.0
1776886417.2961028,3.0,-7.0,-32.0
1776886417.307103,5.0,-8.0,-39.0
1776886417.317103,0.0,-7.0,-38.0
1776886417.327103,-6.0,-5.0,-37.0
1776886417.337103,-4.0,-5.0,-41.0
1776886417.3471026,-3.0,-7.0,-44.0
1776886417.3571026,-3.0,-13.0,-47.0
1776886417.3671026,0.0,-10.0,-44.0
1776886417.3771029,1.0,-6.0,-49.0
1776886417.3871028,1.0,-4.0,-44.0
1776886417.3971028,4.0,-2.0,-41.0
1776886417.4071028,1.0,0.0,-47.0
1776886417.4171028,1.0,1.0,-47.0
1776886417.4271028,-1.0,-1.0,-44.0
1776886417.4371028,-5.0,-1.0,-45.0
1776886417.4471028,-4.0,4.0,-45.0
1776886417.4571028,0.0,4.0,-50.0
1776886417.4671028,2.0,1.0,-43.0
1776886417.4771028,2.0,3.0,-42.0
1776886417.4871027,1.0,0.0,-42.0
1776886417.4971027,1.0,0.0,-35.0
1776886417.5071027,0.0,-1.0,-38.0
1776886417.5171027,1.0,-4.0,-31.0
1776886417.5271027,4.0,-1.0,-32.0
1776886417.5371027,2.0,-2.0,-32.0
1776886417.5471027,2.0,0.0,-32.0
1776886417.557103,3.0,1.0,-40.0
1776886417.567103,2.0,-1.0,-45.0
1776886417.577103,3.0,-2.0,-42.0
1776886417.587103,2.0,-1.0,-39.0
1776886417.5971026,0.0,0.0,-41.0
1776886417.6071026,-5.0,-1.0,-39.0
1776886417.6171026,-7.0,-6.0,-36.0
1776886417.6271029,0.0,-4.0,-40.0
1776886417.6371028,-2.0,0.0,-41.0
1776886417.6471028,-1.0,0.0,-40.0
1776886417.6571028,0.0,3.0,-36.0
1776886417.6671028,-1.0,0.0,-36.0
1776886417.6771028,2.0,-6.0,-36.0
1776886417.6871028,3.0,0.0,-38.0
1776886417.6971028,3.0,0.0,-35.0
1776886417.7071028,2.0,-1.0,-37.0
1776886417.7171028,6.0,-5.0,-34.0
1776886417.7271028,7.0,-4.0,-32.0
1776886417.7371027,3.0,-1.0,-36.0
1776886417.7471027,0.0,4.0,-45.0
1776886417.7571027,0.0,4.0,-51.0
1776886417.7671027,3.0,4.0,-47.0
1776886417.7771027,5.0,2.0,-47.0
1776886417.7871027,2.0,0.0,-45.0
1776886417.7971027,2.0,0.0,-49.0
1776886417.807103,1.0,-6.0,-54.0
1776886417.817103,2.0,-6.0,-48.0
1776886417.827103,3.0,-6.0,-41.0
1776886417.837103,3.0,-1.0,-40.0
1776886417.8471026,-2.0,0.0,-39.0
1776886417.8571026,-2.0,6.0,-35.0
1776886417.8671026,0.0,5.0,-34.0
1776886417.8771029,3.0,2.0,-31.0
1776886417.8871028,0.0,0.0,-37.0
1776886417.8971028,-2.0,2.0,-42.0
1776886417.9071028,-2.0,-1.0,-45.0
1776886417.9171028,-2.0,0.0,-44.0
1776886417.9271028,0.0,3.0,-43.0
1776886417.9371028,0.0,-3.0,-47.0
1776886417.9471028,-2.0,-4.0,-53.0
1776886417.9571028,-2.0,-3.0,-54.0
1776886417.9671028,4.0,-4.0,-51.0
1776886417.9771028,4.0,-2.0,-56.0
1776886417.9871027,3.0,0.0,-48.0
1776886417.9971027,4.0,0.0,-46.0
1776886418.0071027,3.0,1.0,-40.0
1776886418.0171027,4.0,0.0,-36.0
1776886418.0271027,8.0,-2.0,-37.0
1776886418.0371027,7.0,-5.0,-33.0
1776886418.0471027,4.0,-7.0,-34.0
1776886418.057103,0.0,-6.0,-36.0
1776886418.067103,3.0,-6.0,-33.0
1776886418.077103,6.0,-8.0,-36.0
1776886418.087103,7.0,-5.0,-38.0
1776886418.0971026,5.0,-5.0,-37.0
1776886418.1071026,1.0,-2.0,-44.0
1776886418.1171026,0.0,-1.0,-46.0
1776886418.1271029,0.0,2.0,-42.0
1776886418.1371028,4.0,3.0,-42.0
1776886418.1471028,4.0,3.0,-38.0
1776886418.1571028,-1.0,8.0,-32.0
1776886418.1671028,-2.0,8.0,-32.0
1776886418.1771028,0.0,5.0,-35.0
1776886418.1871028,1.0,0.0,-36.0
1776886418.1971028,6.0,0.0,-33.0
1776886418.2071028,10.0,0.0,-35.0
1776886418.2171028,8.0,-3.0,-36.0
1776886418.2271028,5.0,-6.0,-37.0
1776886418.2371027,1.0,-10.0,-36.0
1776886418.2471027,2.0,-9.0,-36.0
1776886418.2571027,1.0,-5.0,-38.0
1776886418.2671027,-1.0,-2.0,-34.0
1776886418.2771027,1.0,1.0,-40.0
1776886418.2871027,-4.0,2.0,-36.0
1776886418.2971027,-1.0,-1.0,-37.0
1776886418.307103,-1.0,-3.0,-38.0
1776886418.317103,-2.0,1.0,-43.0
1776886418.327103,-5.0,6.0,-43.0
1776886418.337103,-4.0,3.0,-40.0
1776886418.3471026,-5.0,3.0,-45.0
1776886418.3571026,-5.0,2.0,-42.0
1776886418.3671026,-6.0,2.0,-39.0
1776886418.3771029,-1.0,-2.0,-37.0
1776886418.3871028,1.0,-6.0,-38.0
1776886418.3971028,1.0,-5.0,-42.0
1776886418.4071028,2.0,-1.0,-38.0
1776886418.4171028,0.0,-4.0,-38.0
1776886418.4271028,0.0,-5.0,-41.0
1776886418.4371028,0.0,-6.0,-44.0
1776886418.4471028,3.0,-8.0,-40.0
1776886418.4571028,5.0,-6.0,-40.0
1776886418.4671028,3.0,-6.0,-41.0
1776886418.4771028,7.0,-5.0,-43.0
1776886418.4871027,9.0,-5.0,-33.0
1776886418.4971027,11.0,-4.0,-32.0
1776886418.5071027,4.0,-7.0,-29.0
1776886418.5171027,2.0,-6.0,-29.0
1776886418.5271027,4.0,-7.0,-29.0
1776886418.5371027,3.0,-7.0,-25.0
1776886418.5471027,1.0,-9.0,-31.0
1776886418.557103,0.0,-9.0,-39.0
1776886418.567103,4.0,-8.0,-45.0
1776886418.577103,7.0,-8.0,-51.0
1776886418.587103,5.0,-9.0,-47.0
1776886418.5971026,5.0,-9.0,-46.0
1776886418.6071026,4.0,-7.0,-45.0
1776886418.6171026,4.0,-8.0,-43.0
1776886418.6271029,5.0,-5.0,-38.0
1776886418.6371028,6.0,-7.0,-38.0
1776886418.6471028,3.0,-3.0,-37.0
1776886418.6571028,4.0,0.0,-42.0
1776886418.6671028,0.0,0.0,-47.0
1776886418.6771028,0.0,-2.0,-44.0
1776886418.6871028,1.0,-4.0,-46.0
1776886418.6971028,-1.0,-4.0,-40.0
1776886418.7071028,2.0,-6.0,-41.0
1776886418.7171028,1.0,-3.0,-35.0
1776886418.7271028,2.0,0.0,-38.0
1776886418.7371027,3.0,-3.0,-44.0
1776886418.7471027,3.0,-2.0,-41.0
1776886418.7571027,3.0,0.0,-37.0
1776886418.7671027,2.0,-2.0,-35.0
1776886418.7771027,3.0,0.0,-33.0
1776886418.7871027,6.0,0.0,-32.0
1776886418.7971027,2.0,0.0,-27.0
1776886418.807103,5.0,1.0,-37.0
1776886418.817103,8.0,0.0,-39.0
1776886418.827103,6.0,0.0,-48.0
1776886418.837103,-2.0,-2.0,-45.0
1776886418.8471026,-4.0,-2.0,-38.0
1776886418.8571026,-2.0,-6.0,-36.0
1776886418.8671026,-3.0,-6.0,-35.0
1776886418.8771029,-1.0,-1.0,-35.0
1776886418.8871028,-5.0,1.0,-33.0
1776886418.8971028,-3.0,3.0,-37.0
1776886418.9071028,-4.0,3.0,-40.0
1776886418.9171028,-2.0,2.0,-43.0
1776886418.9271028,-1.0,1.0,-36.0
1776886418.9371028,0.0,3.0,-37.0
1776886418.9471028,1.0,3.0,-42.0
1776886418.9571028,-1.0,-1.0,-49.0
1776886418.9671028,-2.0,0.0,-46.0
1776886418.9771028,-5.0,-2.0,-45.0
1776886418.9871027,-3.0,-1.0,-46.0
1776886418.9971027,0.0,-2.0,-40.0
1776886419.0071027,3.0,-1.0,-36.0
1776886419.0171027,2.0,-2.0,-36.0
1776886419.0271027,1.0,-4.0,-41.0
1776886419.0371027,-3.0,-1.0,-40.0
1776886419.0471027,-4.0,3.0,-37.0
1776886419.057103,0.0,4.0,-34.0
1776886419.067103,-2.0,2.0,-36.0
1776886419.077103,-5.0,3.0,-44.0
1776886419.087103,-2.0,-1.0,-46.0
1776886419.0971026,-1.0,0.0,-47.0
1776886419.1071026,-1.0,-3.0,-48.0
1776886419.1171026,-2.0,0.0,-42.0
1776886419.1271029,-1.0,3.0,-38.0
1776886419.1371028,2.0,7.0,-37.0
1776886419.1471028,1.0,2.0,-38.0
1776886419.1571028,0.0,2.0,-42.0
1776886419.1671028,0.0,0.0,-38.0
1776886419.1771028,0.0,2.0,-39.0
1776886419.1871028,1.0,-1.0,-40.0
1776886419.1971028,3.0,1.0,-40.0
1776886419.2071028,1.0,0.0,-38.0
1776886419.2171028,1.0,-1.0,-44.0
1776886419.2271028,0.0,-6.0,-42.0
1776886419.238103,-1.0,-5.0,-40.0
1776886419.2471027,0.0,1.0,-42.0
1776886419.258103,4.0,0.0,-45.0
1776886419.2681026,7.0,1.0,-41.0
1776886419.2781026,7.0,0.0,-41.0
1776886419.2881026,3.0,-1.0,-51.0
1776886419.2981029,3.0,0.0,-46.0
1776886419.3081028,2.0,0.0,-40.0
1776886419.3181028,-2.0,1.0,-43.0
1776886419.3281028,-5.0,-2.0,-43.0
1776886419.3381028,-3.0,-5.0,-37.0
1776886419.3481028,-1.0,-8.0,-40.0
1776886419.3581028,1.0,-2.0,-47.0
1776886419.3681028,-1.0,3.0,-49.0
1776886419.3781028,0.0,0.0,-55.0
1776886419.3881028,0.0,4.0,-54.0
1776886419.3981028,1.0,7.0,-50.0
1776886419.4081028,-2.0,5.0,-44.0
1776886419.4181027,-6.0,3.0,-36.0
1776886419.4281027,-8.0,0.0,-48.0
1776886419.4381027,-6.0,0.0,-51.0
1776886419.4481027,-3.0,1.0,-50.0
1776886419.4581027,-2.0,1.0,-54.0
1776886419.4681027,-5.0,6.0,-50.0
1776886419.4781027,-7.0,1.0,-50.0
1776886419.488103,-3.0,-1.0,-45.0
1776886419.498103,-4.0,-1.0,-42.0
1776886419.508103,-2.0,-1.0,-45.0
1776886419.5181026,-5.0,1.0,-42.0
1776886419.5281026,-7.0,-1.0,-43.0
1776886419.5381026,-6.0,-3.0,-38.0
1776886419.5481029,-3.0,-4.0,-38.0
1776886419.5581028,-4.0,-5.0,-40.0
1776886419.5681028,-2.0,-6.0,-39.0
1776886419.5781028,-3.0,-4.0,-38.0
1776886419.5881028,-3.0,-5.0,-39.0
1776886419.5981028,-1.0,-5.0,-36.0
1776886419.6081028,-2.0,-2.0,-32.0
1776886419.6181028,-8.0,-2.0,-26.0
1776886419.6281028,-12.0,0.0,-26.0
1776886419.6381028,-11.0,2.0,-34.0
1776886419.6481028,-4.0,-3.0,-36.0
1776886419.6581028,-7.0,-2.0,-38.0
1776886419.6681027,-7.0,-3.0,-34.0
1776886419.6781027,-11.0,-5.0,-37.0
1776886419.6881027,-13.0,-3.0,-38.0
1776886419.6981027,-7.0,4.0,-47.0
1776886419.7081027,-4.0,5.0,-48.0
1776886419.7181027,-2.0,3.0,-49.0
1776886419.7281027,0.0,0.0,-42.0
1776886419.738103,-1.0,-2.0,-42.0
1776886419.748103,-2.0,-4.0,-42.0
1776886419.758103,-3.0,-7.0,-39.0
1776886419.7681026,-6.0,-2.0,-42.0
1776886419.7781026,-4.0,-4.0,-30.0
1776886419.7881026,-4.0,0.0,-33.0
1776886419.7981029,-3.0,-1.0,-34.0
1776886419.8081028,2.0,-3.0,-42.0
1776886419.8181028,6.0,-3.0,-41.0
1776886419.8281028,6.0,-2.0,-43.0
1776886419.8381028,9.0,-3.0,-45.0
1776886419.8481028,8.0,-2.0,-48.0
1776886419.8581028,10.0,-3.0,-40.0
1776886419.8681028,11.0,0.0,-39.0
1776886419.8781028,5.0,-3.0,-36.0
1776886419.8881028,1.0,-3.0,-41.0
1776886419.8981028,-1.0,-2.0,-46.0
1776886419.9081028,-2.0,-6.0,-50.0
1776886419.9181027,-1.0,-4.0,-52.0
1776886419.9281027,-2.0,-2.0,-51.0
1776886419.9381027,-6.0,-7.0,-49.0
1776886419.9481027,-5.0,-11.0,-40.0
1776886419.9581027,-3.0,-10.0,-39.0
1776886419.9681027,0.0,-10.0,-42.0
1776886419.9781027,2.0,-12.0,-44.0
1776886419.988103,0.0,-9.0,-45.0
1776886419.998103,-3.0,-8.0,-45.0
1776886420.008103,-4.0,-8.0,-44.0
1776886420.0181026,-4.0,-8.0,-43.0
1776886420.0281026,0.0,-10.0,-40.0
1776886420.0381026,-2.0,-8.0,-50.0
1776886420.0481029,-2.0,-5.0,-53.0
1776886420.0581028,-2.0,-3.0,-54.0
1776886420.0681028,-2.0,0.0,-46.0
1776886420.0781028,-2.0,-1.0,-44.0
1776886420.0881028,-1.0,-5.0,-43.0
1776886420.0981028,-3.0,-3.0,-42.0
1776886420.1081028,-7.0,-2.0,-48.0
1776886420.1181028,-8.0,-1.0,-48.0
1776886420.1281028,-8.0,-2.0,-50.0
1776886420.1381028,-7.0,-5.0,-42.0
1776886420.1481028,-2.0,-7.0,-43.0
1776886420.1581028,2.0,-9.0,-46.0
1776886420.1681027,-2.0,-5.0,-46.0
1776886420.1781027,-1.0,-3.0,-53.0
1776886420.1881027,-1.0,-4.0,-53.0
1776886420.1981027,-1.0,-9.0,-52.0
1776886420.2081027,-4.0,-8.0,-54.0
1776886420.2181027,-1.0,-9.0,-57.0
1776886420.2281027,0.0,-8.0,-57.0
1776886420.238103,0.0,-9.0,-55.0
1776886420.248103,3.0,-9.0,-55.0
1776886420.258103,6.0,-6.0,-49.0
1776886420.2681026,5.0,-5.0,-46.0
1776886420.2781026,2.0,-3.0,-44.0
1776886420.2881026,5.0,-3.0,-42.0
1776886420.2981029,0.0,0.0,-39.0
1776886420.3081028,-2.0,-1.0,-33.0
1776886420.3181028,-1.0,-1.0,-35.0
1776886420.3281028,0.0,3.0,-36.0
1776886420.3381028,4.0,1.0,-27.0
1776886420.3481028,5.0,-1.0,-39.0
1776886420.3581028,8.0,1.0,-40.0
1776886420.3681028,5.0,6.0,-32.0
1776886420.3781028,8.0,2.0,-28.0
1776886420.3881028,8.0,4.0,-31.0
1776886420.3981028,7.0,4.0,-33.0
1776886420.4081028,10.0,0.0,-36.0
1776886420.4181027,7.0,-1.0,-43.0
1776886420.4281027,5.0,-2.0,-43.0
1776886420.4381027,3.0,2.0,-35.0
1776886420.4481027,8.0,1.0,-33.0
1776886420.4581027,10.0,-2.0,-39.0
1776886420.4681027,5.0,-2.0,-38.0
1776886420.4781027,5.0,0.0,-34.0
1776886420.488103,8.0,-3.0,-32.0
1776886420.498103,6.0,-4.0,-30.0
1776886420.508103,7.0,-2.0,-34.0
1776886420.5181026,4.0,-2.0,-33.0
1776886420.5281026,4.0,-1.0,-36.0
1776886420.5381026,3.0,0.0,-30.0
1776886420.5481029,0.0,0.0,-30.0
1776886420.5581028,-5.0,0.0,-35.0
1776886420.5681028,-3.0,-1.0,-38.0
1776886420.5781028,5.0,-3.0,-33.0
1776886420.5881028,9.0,3.0,-40.0
1776886420.5981028,8.0,1.0,-40.0
1776886420.6081028,7.0,0.0,-39.0
1776886420.6181028,4.0,-3.0,-40.0
1776886420.6281028,2.0,-3.0,-41.0
1776886420.6381028,3.0,-6.0,-38.0
1776886420.6481028,2.0,-6.0,-39.0
1776886420.6581028,0.0,-3.0,-34.0
1776886420.6681027,0.0,-2.0,-34.0
1776886420.6781027,-1.0,-1.0,-31.0
1776886420.6881027,2.0,-6.0,-25.0
1776886420.6981027,2.0,-3.0,-30.0
1776886420.7081027,1.0,-1.0,-31.0
1776886420.7181027,-1.0,0.0,-34.0
1776886420.7281027,-5.0,0.0,-35.0
1776886420.738103,-1.0,-3.0,-34.0
1776886420.748103,3.0,0.0,-32.0
1776886420.758103,5.0,0.0,-35.0
1776886420.7681026,7.0,0.0,-41.0
1776886420.7781026,6.0,2.0,-42.0
1776886420.7881026,8.0,2.0,-39.0
1776886420.7981029,6.0,2.0,-38.0
1776886420.8081028,5.0,3.0,-35.0
1776886420.8181028,4.0,1.0,-37.0
1776886420.8281028,2.0,-2.0,-38.0
1776886420.8381028,4.0,-5.0,-41.0
1776886420.8481028,1.0,-2.0,-44.0
1776886420.8581028,2.0,-2.0,-44.0
1776886420.8681028,0.0,-2.0,-41.0
1776886420.8781028,0.0,-4.0,-41.0
1776886420.8881028,3.0,-8.0,-39.0
1776886420.8981028,3.0,-5.0,-41.0
1776886420.9081028,-2.0,-2.0,-39.0
1776886420.9181027,-1.0,-6.0,-34.0
1776886420.9281027,-2.0,-8.0,-33.0
1776886420.9381027,-2.0,-6.0,-41.0
1776886420.9481027,-3.0,-6.0,-41.0
1776886420.9581027,0.0,-6.0,-38.0
1776886420.9681027,-2.0,-5.0,-36.0
1776886420.9781027,-3.0,-4.0,-36.0
1776886420.988103,-2.0,-1.0,-38.0
1776886420.998103,4.0,-1.0,-40.0
1776886421.008103,2.0,0.0,-41.0
1776886421.0181026,-2.0,0.0,-46.0
1776886421.0281026,-1.0,0.0,-48.0
1776886421.0381026,2.0,-2.0,-48.0
1776886421.0481029,0.0,-9.0,-50.0
1776886421.0581028,1.0,-8.0,-42.0
1776886421.0681028,-3.0,-8.0,-42.0
1776886421.0781028,1.0,-4.0,-49.0
1776886421.0881028,0.0,-4.0,-48.0
1776886421.0981028,-2.0,-2.0,-40.0
1776886421.1081028,-2.0,1.0,-39.0
1776886421.1181028,-5.0,0.0,-45.0
1776886421.1281028,-4.0,0.0,-45.0
1776886421.1381028,-3.0,-3.0,-39.0
1776886421.1481028,-2.0,-7.0,-39.0
1776886421.1581028,-1.0,-4.0,-45.0
1776886421.1681027,0.0,-2.0,-51.0
1776886421.1781027,0.0,0.0,-48.0
1776886421.1881027,1.0,-4.0,-50.0
1776886421.1981027,1.0,-5.0,-47.0
1776886421.2081027,0.0,-7.0,-41.0
1776886421.2181027,2.0,-6.0,-44.0
1776886421.2281027,0.0,-9.0,-42.0
1776886421.2391028,0.0,-8.0,-41.0
1776886421.2491028,-2.0,-9.0,-40.0
1776886421.2591028,0.0,-10.0,-45.0
1776886421.2691028,2.0,-11.0,-44.0
1776886421.2791028,-1.0,-8.0,-41.0
1776886421.2891028,-1.0,-4.0,-33.0
1776886421.2991028,-1.0,-6.0,-29.0
1776886421.3091028,-4.0,-8.0,-31.0
1776886421.3191028,-3.0,-4.0,-32.0
1776886421.3291028,-7.0,-3.0,-33.0
1776886421.3391027,-4.0,-2.0,-39.0
1776886421.3491027,-2.0,-4.0,-42.0
1776886421.3591027,4.0,-6.0,-38.0
1776886421.3691027,4.0,-5.0,-33.0
1776886421.3791027,3.0,0.0,-36.0
1776886421.3891027,5.0,2.0,-33.0
1776886421.3991027,2.0,6.0,-38.0
1776886421.409103,5.0,6.0,-32.0
1776886421.419103,3.0,7.0,-35.0
1776886421.429103,1.0,7.0,-38.0
1776886421.4391026,0.0,2.0,-34.0
1776886421.4491026,3.0,-1.0,-42.0
1776886421.4591026,9.0,0.0,-43.0
1776886421.4691026,4.0,1.0,-40.0
1776886421.4791028,4.0,2.0,-38.0
1776886421.4891028,4.0,-2.0,-40.0
1776886421.4991028,3.0,0.0,-36.0
1776886421.5091028,9.0,-3.0,-34.0
1776886421.5191028,14.0,0.0,-33.0
1776886421.5291028,9.0,0.0,-38.0
1776886421.5391028,7.0,-4.0,-43.0
1776886421.5491028,7.0,-7.0,-40.0
1776886421.5591028,2.0,-5.0,-33.0
1776886421.5691028,2.0,2.0,-37.0
1776886421.5791028,0.0,0.0,-42.0
1776886421.5891027,3.0,-5.0,-45.0
1776886421.5991027,1.0,-4.0,-46.0
1776886421.6091027,3.0,-6.0,-51.0
1776886421.6191027,4.0,-4.0,-51.0
1776886421.6291027,5.0,-3.0,-51.0
1776886421.6391027,7.0,-1.0,-51.0
1776886421.6491027,8.0,-5.0,-44.0
1776886421.659103,11.0,-4.0,-43.0
1776886421.669103,6.0,-4.0,-43.0
1776886421.679103,7.0,-4.0,-46.0
1776886421.6891026,5.0,-4.0,-44.0
1776886421.6991026,4.0,-1.0,-48.0
1776886421.7091026,-2.0,0.0,-47.0
1776886421.7191026,-4.0,1.0,-44.0
1776886421.7291028,-3.0,1.0,-40.0
1776886421.7391028,-1.0,2.0,-42.0
1776886421.7491028,-4.0,1.0,-35.0
1776886421.7591028,-4.0,-1.0,-41.0
1776886421.7691028,-1.0,-2.0,-38.0
1776886421.7791028,2.0,-4.0,-37.0
1776886421.7891028,0.0,-6.0,-37.0
1776886421.7991028,6.0,-6.0,-39.0
1776886421.8091028,1.0,-2.0,-39.0
1776886421.8191028,5.0,-1.0,-33.0
1776886421.8291028,4.0,-4.0,-34.0
1776886421.8391027,0.0,-6.0,-31.0
1776886421.8491027,0.0,-6.0,-33.0
1776886421.8591027,-2.0,-5.0,-40.0
1776886421.8691027,-3.0,-3.0,-38.0
1776886421.8791027,-4.0,0.0,-47.0
1776886421.8891027,0.0,-2.0,-56.0
1776886421.8991027,2.0,-3.0,-51.0
1776886421.909103,2.0,-4.0,-53.0
1776886421.919103,3.0,-4.0,-51.0
1776886421.929103,0.0,-5.0,-53.0
1776886421.9391026,0.0,-6.0,-47.0
1776886421.9491026,-6.0,-10.0,-48.0
1776886421.9591026,-8.0,-9.0,-37.0
1776886421.9691026,-11.0,-5.0,-38.0
1776886421.9791028,-8.0,-4.0,-35.0
1776886421.9891028,0.0,-3.0,-30.0
1776886421.9991028,5.0,-2.0,-29.0
1776886422.0091028,0.0,-2.0,-28.0
1776886422.0191028,0.0,0.0,-32.0
1776886422.0291028,-3.0,0.0,-30.0
1776886422.0391028,-3.0,1.0,-32.0
1776886422.0491028,-4.0,0.0,-33.0
1776886422.0591028,-5.0,-6.0,-35.0
1776886422.0691028,-6.0,-6.0,-39.0
1776886422.0791028,-3.0,-2.0,-38.0
1776886422.0891027,-1.0,2.0,-33.0
1776886422.0991027,-2.0,-1.0,-28.0
1776886422.1091027,-2.0,-3.0,-35.0
1776886422.1191027,0.0,-2.0,-37.0
1776886422.1291027,3.0,-2.0,-36.0
1776886422.1391027,1.0,-1.0,-43.0
1776886422.1491027,1.0,1.0,-42.0
1776886422.159103,0.0,0.0,-41.0
1776886422.169103,0.0,-2.0,-42.0
1776886422.179103,-2.0,0.0,-43.0
1776886422.1891026,-1.0,0.0,-40.0
1776886422.1991026,0.0,-2.0,-41.0
1776886422.2091026,0.0,-1.0,-34.0
1776886422.2191026,3.0,-1.0,-30.0
1776886422.2291028,0.0,0.0,-38.0
1776886422.2391028,1.0,2.0,-35.0
1776886422.2491028,4.0,2.0,-32.0
1776886422.2591028,4.0,3.0,-35.0
1776886422.2691028,0.0,5.0,-35.0
1776886422.2791028,0.0,2.0,-34.0
1776886422.2891028,-3.0,2.0,-31.0
1776886422.2991028,-6.0,4.0,-29.0
1776886422.3091028,-3.0,0.0,-21.0
1776886422.3191028,-7.0,-5.0,-27.0
1776886422.3291028,-5.0,-4.0,-28.0
1776886422.3391027,-3.0,-7.0,-34.0
1776886422.3491027,-3.0,-1.0,-35.0
1776886422.3591027,-3.0,2.0,-41.0
1776886422.3691027,-4.0,3.0,-48.0
1776886422.3791027,-2.0,0.0,-39.0
1776886422.3891027,-4.0,0.0,-42.0
1776886422.3991027,2.0,0.0,-44.0
1776886422.409103,5.0,0.0,-45.0
1776886422.419103,0.0,-2.0,-43.0
1776886422.429103,3.0,-3.0,-39.0
1776886422.4391026,0.0,-3.0,-39.0
1776886422.4491026,2.0,-5.0,-43.0
1776886422.4591026,3.0,-3.0,-29.0
1776886422.4691026,2.0,-5.0,-29.0
1776886422.4791028,-1.0,-5.0,-26.0
1776886422.4891028,0.0,-10.0,-31.0
1776886422.4991028,-3.0,-12.0,-36.0
1776886422.5091028,1.0,-11.0,-38.0
1776886422.5191028,3.0,-7.0,-37.0
1776886422.5291028,3.0,-8.0,-39.0
1776886422.5391028,-1.0,-6.0,-44.0
1776886422.5491028,-3.0,-4.0,-52.0
1776886422.5591028,-4.0,0.0,-51.0
1776886422.5691028,-3.0,-1.0,-47.0
1776886422.5791028,-7.0,-3.0,-44.0
1776886422.5891027,-4.0,0.0,-47.0
1776886422.5991027,0.0,-1.0,-49.0
1776886422.6091027,0.0,-1.0,-48.0
1776886422.6191027,0.0,1.0,-43.0
1776886422.6291027,0.0,0.0,-45.0
1776886422.6391027,0.0,-2.0,-40.0
1776886422.6491027,0.0,-3.0,-43.0
1776886422.659103,3.0,0.0,-45.0
1776886422.669103,6.0,0.0,-41.0
1776886422.679103,1.0,1.0,-39.0
1776886422.6891026,-3.0,2.0,-34.0
1776886422.6991026,-1.0,0.0,-34.0
1776886422.7091026,1.0,-4.0,-27.0
1776886422.7191026,2.0,-3.0,-29.0
1776886422.7291028,0.0,-3.0,-31.0
1776886422.7391028,1.0,0.0,-37.0
1776886422.7491028,4.0,-3.0,-42.0
1776886422.7591028,3.0,-8.0,-37.0
1776886422.7691028,1.0,-9.0,-36.0
1776886422.7791028,0.0,-8.0,-31.0
1776886422.7891028,1.0,-4.0,-32.0
1776886422.7991028,0.0,-5.0,-32.0
1776886422.8091028,-1.0,-4.0,-28.0
1776886422.8191028,-6.0,-4.0,-25.0
1776886422.8291028,-7.0,-2.0,-29.0
1776886422.8391027,-6.0,-4.0,-28.0
1776886422.8491027,-9.0,-8.0,-29.0
1776886422.8591027,-8.0,-11.0,-31.0
1776886422.8691027,-9.0,-4.0,-34.0
1776886422.8791027,-12.0,-4.0,-33.0
1776886422.8891027,-9.0,-4.0,-40.0
1776886422.8991027,-4.0,-6.0,-42.0
1776886422.909103,-7.0,-8.0,-40.0
1776886422.919103,-5.0,-11.0,-37.0
1776886422.929103,1.0,-10.0,-38.0
1776886422.9391026,6.0,-10.0,-43.0
1776886422.9491026,4.0,-7.0,-46.0
1776886422.9601028,6.0,-6.0,-41.0
1776886422.9691026,1.0,-6.0,-39.0
1776886422.9791028,1.0,-9.0,-42.0
1776886422.9891028,0.0,-10.0,-46.0
1776886422.9991028,-1.0,-7.0,-45.0
1776886423.0091028,0.0,-3.0,-44.0
1776886423.0191028,0.0,-3.0,-40.0
1776886423.0291028,3.0,2.0,-44.0
1776886423.0391028,0.0,0.0,-44.0
1776886423.0491028,0.0,2.0,-40.0
1776886423.0591028,-4.0,3.0,-40.0
1776886423.0691028,-1.0,5.0,-35.0
1776886423.0791028,7.0,1.0,-34.0
1776886423.0891027,6.0,-1.0,-33.0
1776886423.0991027,4.0,-3.0,-35.0
1776886423.1091027,4.0,-4.0,-38.0
1776886423.1191027,3.0,-2.0,-38.0
1776886423.1291027,-1.0,-6.0,-37.0
1776886423.1391027,0.0,-9.0,-35.0
1776886423.1491027,-4.0,-7.0,-33.0
1776886423.159103,-1.0,-1.0,-26.0
1776886423.169103,-3.0,0.0,-26.0
1776886423.179103,0.0,-2.0,-23.0
1776886423.1891026,-2.0,2.0,-25.0
1776886423.1991026,2.0,0.0,-29.0
1776886423.2091026,7.0,-2.0,-21.0
1776886423.2201028,9.0,-4.0,-18.0
1776886423.2301028,5.0,-1.0,-24.0
1776886423.2401028,5.0,0.0,-33.0
1776886423.2491028,8.0,-2.0,-40.0
1776886423.2601027,4.0,-1.0,-38.0
1776886423.2701027,2.0,-5.0,-34.0
1776886423.2801027,1.0,-6.0,-29.0
1776886423.2901027,-1.0,-9.0,-27.0
1776886423.3001027,2.0,-6.0,-31.0
1776886423.3101027,4.0,-4.0,-33.0
1776886423.3201027,4.0,-4.0,-28.0
1776886423.3301027,0.0,0.0,-30.0
1776886423.340103,-4.0,-3.0,-32.0
1776886423.350103,-4.0,-2.0,-40.0
1776886423.360103,-8.0,-1.0,-42.0
1776886423.3701026,-3.0,0.0,-47.0
1776886423.3801026,1.0,0.0,-48.0
1776886423.3901026,7.0,-2.0,-47.0
1776886423.4001029,6.0,-3.0,-51.0
1776886423.4101028,1.0,-5.0,-54.0
1776886423.4201028,0.0,-8.0,-54.0
1776886423.4301028,1.0,-2.0,-54.0
1776886423.4401028,-2.0,-1.0,-51.0
1776886423.4501028,0.0,0.0,-47.0
1776886423.4601028,3.0,0.0,-45.0
1776886423.4701028,4.0,-3.0,-40.0
1776886423.4801028,0.0,-6.0,-33.0
1776886423.4901028,4.0,-7.0,-37.0
1776886423.5001028,3.0,-2.0,-36.0
1776886423.5101027,5.0,-4.0,-39.0
1776886423.5201027,0.0,-8.0,-45.0
1776886423.5301027,3.0,-8.0,-42.0
1776886423.5401027,5.0,-3.0,-42.0
1776886423.5501027,6.0,-3.0,-40.0
1776886423.5601027,4.0,-1.0,-40.0
1776886423.5701027,4.0,-3.0,-39.0
1776886423.5801027,0.0,-5.0,-36.0
1776886423.590103,1.0,-2.0,-45.0
1776886423.600103,0.0,-5.0,-46.0
1776886423.610103,2.0,-4.0,-45.0
1776886423.6201026,0.0,-8.0,-41.0
1776886423.6301026,-1.0,-7.0,-40.0
1776886423.6401026,0.0,-4.0,-35.0
1776886423.6501029,-2.0,-2.0,-32.0
1776886423.6601028,0.0,2.0,-38.0
1776886423.6701028,0.0,1.0,-37.0
1776886423.6801028,2.0,3.0,-39.0
1776886423.6901028,2.0,-1.0,-46.0
1776886423.7001028,0.0,-3.0,-46.0
1776886423.7101028,0.0,0.0,-38.0
1776886423.7201028,-1.0,4.0,-40.0
1776886423.7301028,0.0,3.0,-43.0
1776886423.7401028,-2.0,1.0,-43.0
1776886423.7501028,-4.0,1.0,-38.0
1776886423.7601027,-4.0,2.0,-41.0
1776886423.7701027,-2.0,0.0,-47.0
1776886423.7801027,-3.0,-1.0,-46.0
1776886423.7901027,0.0,-1.0,-46.0
1776886423.8001027,0.0,-3.0,-40.0
1776886423.8101027,1.0,-2.0,-37.0
1776886423.8201027,-4.0,-4.0,-38.0
1776886423.8301027,-3.0,-3.0,-34.0
1776886423.840103,0.0,-5.0,-26.0
1776886423.850103,2.0,-8.0,-32.0
1776886423.860103,2.0,-3.0,-35.0
1776886423.8701026,2.0,-3.0,-36.0
1776886423.8801026,2.0,-2.0,-36.0
1776886423.8901026,2.0,-6.0,-34.0
1776886423.9001029,-2.0,-8.0,-33.0
1776886423.9101028,-6.0,-6.0,-28.0
1776886423.9201028,0.0,0.0,-27.0
1776886423.9301028,3.0,3.0,-29.0
1776886423.9401028,1.0,4.0,-30.0
1776886423.9501028,0.0,3.0,-36.0
1776886423.9601028,0.0,5.0,-39.0
1776886423.9701028,0.0,2.0,-37.0
1776886423.9801028,0.0,1.0,-37.0
1776886423.9901028,0.0,-1.0,-39.0
1776886424.0001028,-1.0,0.0,-41.0
1776886424.0101027,-3.0,3.0,-43.0
1776886424.0201027,-3.0,3.0,-43.0
1776886424.0301027,-5.0,0.0,-42.0
1776886424.0401027,-6.0,-1.0,-38.0
1776886424.0501027,-6.0,-9.0,-39.0
1776886424.0601027,-1.0,-8.0,-34.0
1776886424.0701027,0.0,-6.0,-28.0
1776886424.0801027,0.0,-7.0,-25.0
1776886424.090103,7.0,-3.0,-22.0
1776886424.100103,3.0,0.0,-23.0
1776886424.110103,3.0,2.0,-27.0
1776886424.1201026,2.0,0.0,-32.0
1776886424.1301026,3.0,1.0,-35.0
1776886424.1401026,1.0,2.0,-44.0
1776886424.1501029,0.0,3.0,-50.0
1776886424.1601028,-1.0,2.0,-45.0
1776886424.1701028,-1.0,0.0,-54.0
1776886424.1801028,-1.0,1.0,-53.0
1776886424.1901028,-4.0,0.0,-49.0
1776886424.2001028,-4.0,-2.0,-40.0
1776886424.2101028,0.0,-4.0,-39.0
1776886424.2201028,-3.0,-6.0,-40.0
1776886424.2301028,-1.0,-5.0,-43.0
1776886424.2401028,-7.0,-5.0,-41.0
1776886424.2501028,-4.0,-3.0,-40.0
1776886424.2601027,-7.0,-5.0,-38.0
1776886424.2701027,-9.0,-3.0,-43.0
1776886424.2801027,-6.0,-2.0,-42.0
1776886424.2901027,-8.0,-3.0,-40.0
1776886424.3001027,-5.0,-2.0,-34.0
1776886424.3101027,0.0,-3.0,-30.0
1776886424.3201027,0.0,-6.0,-31.0
1776886424.3301027,-2.0,0.0,-32.0
1776886424.340103,-2.0,2.0,-29.0
1776886424.350103,2.0,0.0,-27.0
1776886424.360103,1.0,2.0,-30.0
1776886424.3701026,3.0,3.0,-33.0
1776886424.3801026,6.0,2.0,-35.0
1776886424.3901026,7.0,3.0,-43.0
1776886424.4001029,8.0,6.0,-46.0
1776886424.4101028,7.0,2.0,-46.0
1776886424.4201028,1.0,5.0,-49.0
1776886424.4301028,8.0,3.0,-44.0
1776886424.4401028,9.0,2.0,-41.0
1776886424.4501028,5.0,-3.0,-35.0
1776886424.4601028,3.0,-5.0,-38.0
1776886424.4701028,8.0,-2.0,-38.0
1776886424.4801028,9.0,-5.0,-45.0
1776886424.4901028,8.0,-4.0,-42.0
1776886424.5001028,7.0,-2.0,-45.0
1776886424.5101027,12.0,-3.0,-44.0
1776886424.5201027,11.0,-4.0,-50.0
1776886424.5301027,7.0,-6.0,-44.0
1776886424.5401027,6.0,-5.0,-46.0
1776886424.5501027,5.0,-8.0,-50.0
1776886424.5601027,3.0,-7.0,-44.0
1776886424.5701027,5.0,-6.0,-44.0
1776886424.5801027,8.0,-5.0,-41.0
1776886424.590103,3.0,-3.0,-43.0
1776886424.600103,3.0,-1.0,-47.0
1776886424.610103,1.0,0.0,-49.0
1776886424.6201026,4.0,3.0,-47.0
1776886424.6301026,2.0,0.0,-50.0
1776886424.6401026,-2.0,0.0,-48.0
1776886424.6501029,-3.0,0.0,-46.0
1776886424.6601028,-5.0,0.0,-43.0
1776886424.6701028,-8.0,0.0,-46.0
1776886424.6801028,-7.0,-1.0,-41.0
1776886424.6901028,-4.0,0.0,-35.0
1776886424.7001028,-2.0,-3.0,-38.0
1776886424.7101028,1.0,-7.0,-41.0
1776886424.7201028,4.0,-6.0,-39.0
1776886424.7301028,1.0,-7.0,-43.0
1776886424.7401028,0.0,-4.0,-48.0
1776886424.7501028,-1.0,-3.0,-49.0
1776886424.7601027,3.0,-3.0,-49.0
1776886424.7701027,0.0,-4.0,-48.0
1776886424.7801027,0.0,-4.0,-44.0
1776886424.7901027,-2.0,-1.0,-41.0
1776886424.8001027,-2.0,0.0,-46.0
1776886424.8101027,-2.0,0.0,-46.0
1776886424.8201027,-2.0,-1.0,-49.0
1776886424.8301027,-3.0,-5.0,-56.0
1776886424.840103,0.0,-6.0,-52.0
1776886424.850103,-2.0,-7.0,-50.0
1776886424.860103,-1.0,-6.0,-47.0
1776886424.8701026,-1.0,-4.0,-43.0
1776886424.8801026,0.0,-1.0,-37.0
1776886424.8901026,2.0,-3.0,-37.0
1776886424.9001029,4.0,-1.0,-35.0
1776886424.9101028,4.0,0.0,-33.0
1776886424.9201028,1.0,0.0,-35.0
1776886424.9301028,1.0,-2.0,-35.0
1776886424.9401028,-5.0,-4.0,-37.0
1776886424.9501028,-7.0,-3.0,-38.0
1776886424.9601028,-6.0,-1.0,-33.0
1776886424.9701028,-1.0,0.0,-37.0
1776886424.9801028,-2.0,2.0,-40.0
1776886424.9901028,-2.0,4.0,-41.0
1776886425.0001028,-6.0,2.0,-41.0
1776886425.0101027,-3.0,3.0,-44.0
1776886425.0201027,-4.0,0.0,-43.0
1776886425.0301027,-6.0,0.0,-43.0
1776886425.0401027,-7.0,-3.0,-42.0
1776886425.0501027,-3.0,-3.0,-38.0
1776886425.0601027,0.0,-5.0,-38.0
1776886425.0701027,-2.0,-1.0,-33.0
1776886425.0801027,-3.0,-5.0,-37.0
1776886425.090103,-6.0,-2.0,-39.0
1776886425.100103,-9.0,-3.0,-39.0
1776886425.110103,-7.0,-1.0,-41.0
1776886425.1201026,-4.0,0.0,-44.0
1776886425.1301026,-3.0,-2.0,-36.0
1776886425.1401026,1.0,0.0,-30.0
1776886425.1501029,3.0,0.0,-30.0
1776886425.1601028,4.0,-2.0,-30.0
1776886425.1701028,2.0,0.0,-32.0
1776886425.1801028,8.0,-2.0,-28.0
1776886425.1901028,6.0,0.0,-36.0
1776886425.2011027,7.0,3.0,-40.0
1776886425.2101028,5.0,4.0,-42.0
1776886425.2201028,7.0,4.0,-34.0
1776886425.2301028,2.0,1.0,-32.0
1776886425.2411027,0.0,2.0,-37.0
1776886425.2501028,0.0,0.0,-38.0
1776886425.261103,5.0,-3.0,-34.0
1776886425.271103,5.0,2.0,-33.0
1776886425.281103,2.0,0.0,-34.0
1776886425.2911026,-3.0,0.0,-38.0
1776886425.3011026,-5.0,0.0,-38.0
1776886425.3111026,0.0,-2.0,-38.0
1776886425.3211029,0.0,-1.0,-38.0
1776886425.3311028,-1.0,-2.0,-41.0
1776886425.3411028,-6.0,0.0,-45.0
1776886425.3511028,-8.0,-3.0,-51.0
1776886425.3611028,-4.0,-3.0,-45.0
1776886425.3711028,-2.0,-2.0,-33.0
1776886425.3811028,-3.0,-7.0,-30.0
1776886425.3911028,-4.0,-5.0,-28.0
1776886425.4011028,-4.0,-1.0,-27.0
1776886425.4111028,-2.0,0.0,-25.0
1776886425.4211028,0.0,1.0,-25.0
1776886425.4311028,4.0,3.0,-31.0
1776886425.4411027,6.0,2.0,-32.0
1776886425.4511027,0.0,-2.0,-35.0
1776886425.4611027,-5.0,-4.0,-39.0
1776886425.4711027,-3.0,-7.0,-48.0
1776886425.4811027,1.0,-3.0,-47.0
1776886425.4911027,3.0,-4.0,-43.0
1776886425.5011027,1.0,-5.0,-42.0
1776886425.511103,-2.0,-3.0,-41.0
1776886425.521103,-4.0,-4.0,-36.0
1776886425.531103,-6.0,-4.0,-23.0
1776886425.5411026,-5.0,-3.0,-27.0
1776886425.5511026,-5.0,0.0,-27.0
1776886425.5611026,-5.0,-4.0,-29.0
1776886425.5711029,1.0,-4.0,-22.0
1776886425.5811028,1.0,-5.0,-25.0
1776886425.5911028,3.0,-1.0,-23.0
1776886425.6011028,-1.0,-1.0,-27.0
1776886425.6111028,-2.0,-2.0,-28.0
1776886425.6211028,-4.0,2.0,-33.0
1776886425.6311028,0.0,2.0,-37.0
1776886425.6411028,2.0,3.0,-37.0
1776886425.6511028,4.0,3.0,-37.0
1776886425.6611028,1.0,4.0,-34.0
1776886425.6711028,3.0,4.0,-36.0
1776886425.6811028,2.0,1.0,-36.0
1776886425.6911027,1.0,-2.0,-41.0
1776886425.7011027,0.0,0.0,-44.0
1776886425.7111027,0.0,0.0,-39.0
1776886425.7211027,-3.0,0.0,-35.0
1776886425.7311027,0.0,0.0,-41.0
1776886425.7411027,2.0,-2.0,-43.0
1776886425.7511027,4.0,-2.0,-48.0
1776886425.761103,8.0,-4.0,-44.0
1776886425.771103,1.0,1.0,-46.0
1776886425.781103,0.0,0.0,-43.0
1776886425.7911026,-1.0,-3.0,-42.0
1776886425.8011026,-5.0,-1.0,-40.0
1776886425.8111026,-3.0,1.0,-39.0
1776886425.8211029,1.0,-1.0,-42.0
1776886425.8311028,0.0,-1.0,-39.0
1776886425.8411028,0.0,2.0,-44.0
1776886425.8511028,1.0,0.0,-39.0
1776886425.8611028,4.0,1.0,-45.0
1776886425.8711028,0.0,-1.0,-49.0
1776886425.8811028,-2.0,-1.0,-40.0
1776886425.8911028,0.0,-1.0,-38.0
1776886425.9011028,3.0,-2.0,-38.0
1776886425.9111028,6.0,-3.0,-44.0
1776886425.9211028,2.0,-3.0,-43.0
1776886425.9311028,1.0,-4.0,-37.0
1776886425.9411027,0.0,-2.0,-34.0
1776886425.9511027,-3.0,-1.0,-34.0
1776886425.9611027,0.0,-1.0,-36.0
1776886425.9711027,2.0,3.0,-31.0
1776886425.9811027,3.0,1.0,-28.0
1776886425.9911027,5.0,2.0,-28.0
1776886426.0011027,1.0,4.0,-31.0
1776886426.011103,-5.0,8.0,-33.0
1776886426.021103,-5.0,4.0,-30.0
1776886426.031103,-2.0,5.0,-35.0
1776886426.0411026,-1.0,4.0,-34.0
1776886426.0511026,1.0,6.0,-36.0
1776886426.0611026,0.0,5.0,-37.0
1776886426.0711029,3.0,2.0,-31.0
1776886426.0811028,0.0,0.0,-36.0
1776886426.0911028,0.0,0.0,-36.0
1776886426.1011028,-4.0,2.0,-38.0
1776886426.1111028,-3.0,-1.0,-40.0
1776886426.1211028,-3.0,-1.0,-36.0
1776886426.1311028,-4.0,-1.0,-35.0
1776886426.1411028,-6.0,-3.0,-46.0
1776886426.1511028,-1.0,-4.0,-52.0
1776886426.1611028,-1.0,-3.0,-46.0
1776886426.1711028,-1.0,-1.0,-47.0
1776886426.1811028,7.0,-1.0,-44.0
1776886426.1911027,5.0,-5.0,-39.0
1776886426.2011027,1.0,-4.0,-40.0
1776886426.2111027,0.0,-3.0,-35.0
1776886426.2211027,2.0,-3.0,-32.0
1776886426.2311027,4.0,-1.0,-35.0
1776886426.2411027,7.0,-2.0,-33.0
1776886426.2511027,5.0,0.0,-32.0
1776886426.261103,7.0,0.0,-37.0
1776886426.271103,8.0,0.0,-44.0
1776886426.281103,6.0,-2.0,-38.0
1776886426.2911026,4.0,1.0,-44.0
1776886426.3011026,8.0,3.0,-49.0
1776886426.3111026,6.0,2.0,-44.0
1776886426.3211029,6.0,5.0,-38.0
1776886426.3311028,5.0,7.0,-44.0
1776886426.3411028,3.0,1.0,-44.0
1776886426.3511028,5.0,0.0,-41.0
1776886426.3611028,2.0,1.0,-33.0
1776886426.3711028,4.0,2.0,-36.0
1776886426.3811028,5.0,4.0,-32.0
1776886426.3911028,3.0,6.0,-37.0
1776886426.4011028,7.0,4.0,-38.0
1776886426.4111028,4.0,0.0,-42.0
1776886426.4211028,5.0,-2.0,-41.0
1776886426.4311028,7.0,-4.0,-39.0
1776886426.4411027,5.0,0.0,-36.0
1776886426.4511027,4.0,0.0,-40.0
1776886426.4611027,4.0,-2.0,-47.0
1776886426.4711027,0.0,-1.0,-45.0
1776886426.4811027,-2.0,1.0,-43.0
1776886426.4911027,-4.0,1.0,-36.0
1776886426.5011027,1.0,3.0,-32.0
1776886426.511103,2.0,5.0,-33.0
1776886426.521103,6.0,0.0,-37.0
1776886426.531103,5.0,1.0,-38.0
1776886426.5411026,6.0,-1.0,-36.0
1776886426.5511026,9.0,-2.0,-37.0
1776886426.5611026,9.0,4.0,-38.0
1776886426.5711029,6.0,3.0,-44.0
1776886426.5811028,8.0,1.0,-40.0
1776886426.5911028,5.0,3.0,-36.0
1776886426.6011028,0.0,5.0,-28.0
1776886426.6111028,-1.0,7.0,-31.0
1776886426.6211028,-4.0,3.0,-30.0
1776886426.6311028,-4.0,1.0,-32.0
1776886426.6411028,-7.0,1.0,-37.0
1776886426.6511028,-7.0,3.0,-37.0
1776886426.6611028,-4.0,2.0,-41.0
1776886426.6711028,-4.0,1.0,-41.0
1776886426.6811028,1.0,0.0,-41.0
1776886426.6911027,0.0,0.0,-38.0
1776886426.7011027,-2.0,-2.0,-37.0
1776886426.7111027,-4.0,-1.0,-37.0
1776886426.7211027,-2.0,-4.0,-34.0
1776886426.7311027,0.0,-4.0,-32.0
1776886426.7411027,0.0,-3.0,-19.0
1776886426.7511027,-2.0,-2.0,-24.0
1776886426.761103,-2.0,-3.0,-23.0
1776886426.771103,4.0,0.0,-33.0
1776886426.781103,1.0,0.0,-30.0
1776886426.7911026,1.0,1.0,-28.0
1776886426.8011026,1.0,1.0,-34.0
1776886426.8111026,2.0,1.0,-35.0
1776886426.8211029,3.0,3.0,-33.0
1776886426.8311028,9.0,3.0,-34.0
1776886426.8411028,5.0,5.0,-39.0
1776886426.8511028,5.0,3.0,-41.0
1776886426.8611028,6.0,1.0,-41.0
1776886426.8711028,4.0,-1.0,-35.0
1776886426.8811028,0.0,-1.0,-30.0
1776886426.8911028,-3.0,1.0,-37.0
1776886426.9011028,0.0,5.0,-40.0
1776886426.9111028,-7.0,6.0,-48.0
1776886426.9211028,-8.0,4.0,-47.0
1776886426.9311028,-8.0,0.0,-49.0
1776886426.9411027,-4.0,-1.0,-47.0
1776886426.9511027,-5.0,1.0,-41.0
1776886426.9611027,-4.0,0.0,-44.0
1776886426.9711027,-1.0,-2.0,-35.0
1776886426.9811027,-4.0,0.0,-42.0
1776886426.9911027,-5.0,0.0,-34.0
1776886427.0011027,-5.0,-3.0,-27.0
1776886427.011103,-4.0,0.0,-33.0
1776886427.021103,-4.0,2.0,-36.0
1776886427.031103,-4.0,1.0,-40.0
1776886427.0411026,-4.0,2.0,-47.0
1776886427.0511026,-1.0,0.0,-46.0
1776886427.0611026,0.0,0.0,-40.0
1776886427.0711029,-1.0,2.0,-34.0
1776886427.0811028,0.0,-1.0,-39.0
1776886427.0911028,-1.0,-5.0,-36.0
1776886427.1011028,0.0,-5.0,-33.0
1776886427.1111028,0.0,-4.0,-27.0
1776886427.1211028,0.0,-1.0,-31.0
1776886427.1311028,4.0,-3.0,-34.0
1776886427.1411028,3.0,0.0,-34.0
1776886427.1511028,1.0,-2.0,-30.0
1776886427.1611028,2.0,-6.0,-31.0
1776886427.1711028,1.0,-8.0,-32.0
1776886427.182103,0.0,-2.0,-39.0
1776886427.1911027,3.0,-1.0,-45.0
1776886427.2011027,0.0,-5.0,-45.0
1776886427.2111027,-2.0,-5.0,-46.0
1776886427.2221026,-3.0,-6.0,-53.0
1776886427.2321026,-8.0,-8.0,-47.0
1776886427.2421026,-8.0,-15.0,-48.0
1776886427.2521029,-12.0,-11.0,-46.0
1776886427.261103,-9.0,-8.0,-38.0
1776886427.2721028,-8.0,0.0,-38.0
1776886427.2821028,-6.0,2.0,-40.0
1776886427.2921028,-4.0,3.0,-44.0
1776886427.3021028,-1.0,0.0,-51.0
1776886427.3121028,-4.0,0.0,-46.0
1776886427.3221028,-3.0,5.0,-47.0
1776886427.3321028,-4.0,6.0,-51.0
1776886427.3421028,-4.0,4.0,-47.0
1776886427.3521028,-2.0,3.0,-43.0
1776886427.3621027,0.0,4.0,-45.0
1776886427.3721027,0.0,2.0,-41.0
1776886427.3821027,1.0,0.0,-40.0
1776886427.3921027,-1.0,-5.0,-38.0
1776886427.4021027,-1.0,-6.0,-37.0
1776886427.4121027,-3.0,-3.0,-37.0
1776886427.4221027,0.0,-2.0,-35.0
1776886427.432103,-4.0,-4.0,-35.0
1776886427.442103,-7.0,-1.0,-40.0
1776886427.452103,-7.0,-2.0,-35.0
1776886427.462103,-7.0,-2.0,-30.0
1776886427.4721026,-8.0,-3.0,-24.0
1776886427.4821026,-5.0,0.0,-26.0
1776886427.4921026,-4.0,0.0,-37.0
1776886427.5021029,-5.0,1.0,-40.0
1776886427.5121028,-1.0,-1.0,-43.0
1776886427.5221028,-3.0,-3.0,-44.0
1776886427.5321028,-2.0,-2.0,-38.0
1776886427.5421028,-2.0,0.0,-36.0
1776886427.5521028,0.0,1.0,-30.0
1776886427.5621028,0.0,0.0,-31.0
1776886427.5721028,2.0,-1.0,-36.0
1776886427.5821028,0.0,1.0,-40.0
1776886427.5921028,-2.0,-2.0,-42.0
1776886427.6021028,-8.0,-2.0,-41.0
1776886427.6121027,-6.0,-2.0,-37.0
1776886427.6221027,-8.0,-1.0,-33.0
1776886427.6321027,-2.0,-1.0,-31.0
1776886427.6421027,-4.0,1.0,-28.0
1776886427.6521027,-7.0,1.0,-33.0
1776886427.6621027,-3.0,0.0,-34.0
1776886427.6721027,1.0,0.0,-37.0
1776886427.682103,2.0,4.0,-34.0
1776886427.692103,1.0,3.0,-32.0
1776886427.702103,3.0,4.0,-33.0
1776886427.712103,2.0,1.0,-41.0
1776886427.7221026,1.0,-1.0,-41.0
1776886427.7321026,-4.0,-2.0,-38.0
1776886427.7421026,0.0,-1.0,-43.0
1776886427.7521029,2.0,0.0,-38.0
1776886427.7621028,-1.0,-1.0,-42.0
1776886427.7731028,-5.0,2.0,-43.0
1776886427.7821028,-8.0,0.0,-42.0
1776886427.7921028,-3.0,2.0,-49.0
1776886427.8021028,-6.0,5.0,-47.0
1776886427.8121028,-5.0,1.0,-46.0
1776886427.8221028,-4.0,1.0,-44.0
1776886427.8321028,-4.0,0.0,-37.0
1776886427.8421028,1.0,-4.0,-44.0
1776886427.8521028,3.0,-4.0,-37.0
1776886427.8621027,2.0,-6.0,-37.0
1776886427.8721027,3.0,-10.0,-41.0
1776886427.8821027,-1.0,-7.0,-46.0
1776886427.8921027,-3.0,-5.0,-47.0
1776886427.9021027,0.0,-3.0,-49.0
1776886427.9121027,2.0,-1.0,-38.0
1776886427.9221027,0.0,0.0,-35.0
1776886427.932103,0.0,-3.0,-31.0
1776886427.942103,1.0,-2.0,-32.0
1776886427.952103,-2.0,-1.0,-33.0
1776886427.962103,-6.0,-3.0,-37.0
1776886427.9721026,-3.0,-8.0,-38.0
1776886427.9821026,0.0,-6.0,-40.0
1776886427.9921026,-4.0,-2.0,-45.0
1776886428.0021029,-4.0,0.0,-48.0
1776886428.0121028,-1.0,-1.0,-45.0
1776886428.0221028,-3.0,-1.0,-44.0
1776886428.0321028,1.0,0.0,-40.0
1776886428.0421028,2.0,-1.0,-34.0
1776886428.0521028,4.0,-3.0,-40.0
1776886428.0621028,6.0,0.0,-44.0
1776886428.0721028,1.0,0.0,-43.0
1776886428.0821028,-4.0,-2.0,-43.0
1776886428.0921028,-7.0,-3.0,-42.0
1776886428.1021028,-9.0,-4.0,-34.0
1776886428.1121027,-4.0,-8.0,-27.0
1776886428.1221027,-6.0,-8.0,-26.0
1776886428.1321027,-6.0,-6.0,-26.0
1776886428.1421027,-5.0,-4.0,-28.0
1776886428.1521027,-2.0,-2.0,-32.0
1776886428.1621027,1.0,-1.0,-33.0
1776886428.1721027,2.0,0.0,-35.0
1776886428.182103,0.0,-1.0,-35.0
1776886428.192103,-1.0,-4.0,-30.0
1776886428.202103,1.0,-2.0,-29.0
1776886428.212103,1.0,0.0,-28.0
1776886428.2221026,1.0,2.0,-24.0
1776886428.2321026,2.0,4.0,-30.0
1776886428.2421026,3.0,4.0,-27.0
1776886428.2521029,1.0,5.0,-26.0
1776886428.2621028,2.0,5.0,-28.0
1776886428.2721028,2.0,5.0,-30.0
1776886428.2821028,1.0,4.0,-24.0
1776886428.2921028,-1.0,4.0,-31.0
1776886428.3021028,0.0,0.0,-30.0
1776886428.3121028,0.0,0.0,-33.0
1776886428.3221028,0.0,0.0,-40.0
1776886428.3321028,-5.0,-3.0,-40.0
1776886428.3421028,-1.0,-1.0,-42.0
1776886428.3521028,0.0,1.0,-37.0
1776886428.3621027,-3.0,0.0,-38.0
1776886428.3721027,0.0,-2.0,-37.0
1776886428.3821027,0.0,-3.0,-39.0
1776886428.3921027,-3.0,-2.0,-38.0
1776886428.4021027,-5.0,-1.0,-38.0
1776886428.4131026,-5.0,0.0,-31.0
1776886428.4221027,-5.0,-1.0,-27.0
1776886428.432103,-5.0,-4.0,-26.0
1776886428.442103,-7.0,-1.0,-34.0
1776886428.452103,-6.0,3.0,-33.0
1776886428.462103,-6.0,2.0,-38.0
1776886428.4721026,-2.0,3.0,-38.0
1776886428.4821026,4.0,4.0,-32.0
1776886428.4921026,5.0,6.0,-31.0
1776886428.5021029,7.0,6.0,-30.0
1776886428.5121028,3.0,2.0,-29.0
1776886428.5221028,5.0,0.0,-31.0
1776886428.5321028,4.0,0.0,-31.0
1776886428.5421028,3.0,-3.0,-32.0
1776886428.5521028,1.0,-2.0,-32.0
1776886428.5621028,1.0,-3.0,-38.0
1776886428.5721028,3.0,-2.0,-36.0
1776886428.5821028,2.0,-3.0,-37.0
1776886428.5921028,2.0,-2.0,-39.0
1776886428.6021028,3.0,-4.0,-39.0
1776886428.6121027,0.0,-7.0,-41.0
1776886428.6221027,-3.0,-9.0,-41.0
1776886428.6321027,-4.0,-3.0,-41.0
1776886428.6421027,-6.0,-5.0,-39.0
1776886428.6521027,3.0,-5.0,-38.0
1776886428.6621027,3.0,-5.0,-40.0
1776886428.6721027,3.0,-5.0,-40.0
1776886428.682103,7.0,-5.0,-39.0
1776886428.692103,6.0,-6.0,-38.0
1776886428.702103,4.0,-8.0,-44.0
1776886428.712103,1.0,-5.0,-39.0
1776886428.7221026,-3.0,-3.0,-37.0
1776886428.7321026,-7.0,-3.0,-39.0
1776886428.7421026,-4.0,-2.0,-37.0
1776886428.7521029,-8.0,-2.0,-40.0
1776886428.7621028,-4.0,-3.0,-39.0
1776886428.7721028,0.0,-4.0,-43.0
1776886428.7821028,0.0,-4.0,-44.0
1776886428.7921028,-1.0,-5.0,-46.0
1776886428.8021028,-4.0,-7.0,-47.0
1776886428.8121028,-11.0,-7.0,-52.0
1776886428.8221028,-12.0,-11.0,-49.0
1776886428.8321028,-11.0,-7.0,-45.0
1776886428.8421028,-10.0,-3.0,-47.0
1776886428.8521028,-11.0,-5.0,-50.0
1776886428.8621027,-5.0,-7.0,-44.0
1776886428.8721027,-5.0,-4.0,-41.0
1776886428.8821027,-6.0,-3.0,-38.0
1776886428.8921027,-3.0,-1.0,-38.0
1776886428.9021027,-3.0,1.0,-41.0
1776886428.9121027,-1.0,-2.0,-41.0
1776886428.9221027,-2.0,-3.0,-41.0
1776886428.932103,-1.0,-3.0,-40.0
1776886428.942103,0.0,-8.0,-34.0
1776886428.952103,-3.0,-4.0,-34.0
1776886428.962103,-3.0,-3.0,-34.0
1776886428.9721026,-9.0,-3.0,-35.0
1776886428.9821026,-9.0,-5.0,-30.0
1776886428.9921026,-9.0,-1.0,-29.0
1776886429.0021029,-13.0,0.0,-33.0
1776886429.0121028,-8.0,6.0,-34.0
1776886429.0221028,-4.0,7.0,-31.0
1776886429.0321028,0.0,5.0,-35.0
1776886429.0421028,-2.0,2.0,-35.0
1776886429.0521028,0.0,-1.0,-39.0
1776886429.0621028,4.0,0.0,-43.0
1776886429.0721028,5.0,2.0,-35.0
1776886429.0821028,5.0,0.0,-33.0
1776886429.0921028,5.0,-1.0,-37.0
1776886429.1021028,2.0,-1.0,-33.0
1776886429.1121027,4.0,-5.0,-38.0
1776886429.1221027,0.0,-3.0,-39.0
1776886429.1321027,-1.0,-7.0,-37.0
1776886429.1421027,0.0,-6.0,-39.0
1776886429.1521027,3.0,-6.0,-39.0
1776886429.1621027,1.0,-7.0,-36.0
1776886429.1721027,1.0,-7.0,-30.0
1776886429.182103,1.0,-6.0,-33.0
1776886429.192103,1.0,-7.0,-32.0
1776886429.202103,-2.0,-4.0,-29.0
1776886429.2131028,0.0,-4.0,-31.0
1776886429.2231028,-1.0,-5.0,-34.0
1776886429.2331028,-3.0,-2.0,-40.0
1776886429.2431028,-2.0,-4.0,-41.0
1776886429.2531028,-2.0,-7.0,-46.0
1776886429.2631028,0.0,-6.0,-49.0
1776886429.2731028,-3.0,-10.0,-45.0
1776886429.2831028,-6.0,-3.0,-39.0
1776886429.2931027,-2.0,-3.0,-34.0
1776886429.3031027,0.0,1.0,-35.0
1776886429.3131027,0.0,3.0,-35.0
1776886429.3231027,-1.0,2.0,-38.0
1776886429.3331027,-1.0,1.0,-42.0
1776886429.3431027,-5.0,-1.0,-44.0
1776886429.3531027,-8.0,-2.0,-40.0
1776886429.363103,-11.0,-2.0,-40.0
1776886429.373103,-11.0,0.0,-39.0
1776886429.383103,-7.0,-1.0,-42.0
1776886429.3931026,-1.0,2.0,-38.0
1776886429.4031026,5.0,2.0,-40.0
1776886429.4131026,2.0,2.0,-43.0
1776886429.4231029,2.0,5.0,-44.0
1776886429.4331028,7.0,3.0,-41.0
1776886429.4431028,7.0,4.0,-35.0
1776886429.4531028,0.0,6.0,-36.0
1776886429.4631028,-2.0,7.0,-37.0
1776886429.4731028,-6.0,3.0,-38.0
1776886429.4831028,-4.0,4.0,-37.0
1776886429.4931028,0.0,6.0,-38.0
1776886429.5031028,3.0,6.0,-39.0
1776886429.5131028,4.0,0.0,-39.0
1776886429.5231028,4.0,0.0,-45.0
1776886429.5331028,2.0,-2.0,-50.0
1776886429.5431027,2.0,-3.0,-49.0
1776886429.5531027,2.0,-1.0,-50.0
1776886429.5631027,2.0,0.0,-51.0
1776886429.5731027,3.0,0.0,-54.0
1776886429.5831027,5.0,0.0,-52.0
1776886429.5931027,4.0,1.0,-51.0
1776886429.6031027,1.0,5.0,-46.0
1776886429.613103,1.0,7.0,-45.0
1776886429.623103,-2.0,6.0,-48.0
1776886429.633103,-3.0,6.0,-47.0
1776886429.6431026,0.0,8.0,-50.0
1776886429.6531026,3.0,6.0,-53.0
1776886429.6631026,1.0,4.0,-52.0
1776886429.6731029,0.0,0.0,-51.0
1776886429.6831028,1.0,-3.0,-46.0
1776886429.6931028,4.0,-5.0,-40.0
1776886429.7031028,4.0,-4.0,-36.0
1776886429.7131028,1.0,-1.0,-39.0
1776886429.7231028,6.0,-4.0,-40.0
1776886429.7331028,7.0,-2.0,-32.0
1776886429.7431028,8.0,-6.0,-32.0
1776886429.7531028,6.0,0.0,-28.0
1776886429.7631028,6.0,2.0,-29.0
1776886429.7731028,4.0,3.0,-24.0
1776886429.7831028,4.0,1.0,-28.0
1776886429.7931027,4.0,1.0,-34.0
1776886429.8031027,6.0,0.0,-36.0
1776886429.8131027,7.0,0.0,-38.0
1776886429.8231027,5.0,0.0,-39.0
1776886429.8331027,10.0,0.0,-36.0
1776886429.8431027,6.0,0.0,-33.0
1776886429.8531027,3.0,5.0,-29.0
1776886429.863103,1.0,4.0,-32.0
1776886429.873103,2.0,7.0,-31.0
1776886429.883103,3.0,6.0,-28.0
1776886429.8931026,1.0,5.0,-31.0
1776886429.9031026,1.0,5.0,-34.0
1776886429.9131026,-2.0,4.0,-32.0
1776886429.9231029,-1.0,4.0,-35.0
1776886429.9331028,-6.0,5.0,-36.0
1776886429.9431028,-11.0,3.0,-39.0
1776886429.9531028,-4.0,5.0,-41.0
1776886429.9631028,-1.0,-1.0,-38.0
1776886429.9731028,-5.0,-2.0,-43.0
1776886429.9831028,-6.0,0.0,-42.0
1776886429.9931028,-3.0,0.0,-36.0
1776886430.0031028,0.0,-1.0,-37.0
1776886430.0131028,-2.0,-3.0,-30.0
1776886430.0231028,0.0,2.0,-32.0
1776886430.0331028,1.0,3.0,-31.0
1776886430.0431027,-3.0,1.0,-37.0
1776886430.0531027,-6.0,-1.0,-34.0
1776886430.0631027,-10.0,-3.0,-33.0
1776886430.0731027,-5.0,-2.0,-31.0
1776886430.0831027,-3.0,0.0,-27.0
1776886430.0931027,0.0,3.0,-30.0
1776886430.1031027,0.0,8.0,-37.0
1776886430.113103,0.0,4.0,-38.0
1776886430.123103,0.0,1.0,-41.0
1776886430.133103,0.0,-3.0,-38.0
1776886430.1431026,1.0,-4.0,-41.0
1776886430.1531026,7.0,-7.0,-35.0
1776886430.1631026,5.0,-10.0,-33.0
1776886430.1731029,3.0,-7.0,-42.0
1776886430.1831028,2.0,-5.0,-45.0
1776886430.1931028,-1.0,-4.0,-34.0
1776886430.2031028,0.0,-3.0,-39.0
1776886430.2131028,-2.0,-5.0,-39.0
1776886430.2231028,-1.0,-6.0,-43.0
1776886430.2331028,0.0,-9.0,-37.0
1776886430.2431028,-5.0,-8.0,-35.0
1776886430.2531028,0.0,-11.0,-38.0
1776886430.2631028,0.0,-10.0,-38.0
1776886430.2731028,0.0,-10.0,-42.0
1776886430.2831028,-2.0,-6.0,-50.0
1776886430.2931027,-6.0,0.0,-49.0
1776886430.3031027,-5.0,-3.0,-48.0
1776886430.3131027,-1.0,-4.0,-42.0
1776886430.3231027,0.0,-4.0,-44.0
1776886430.3331027,-2.0,-1.0,-47.0
1776886430.3431027,0.0,-2.0,-39.0
1776886430.3531027,3.0,-3.0,-37.0
1776886430.363103,1.0,-4.0,-41.0
1776886430.373103,2.0,-4.0,-43.0
1776886430.383103,3.0,-3.0,-43.0
1776886430.3931026,1.0,-3.0,-41.0
1776886430.4031026,0.0,-3.0,-40.0
1776886430.4131026,1.0,-3.0,-40.0
1776886430.4231029,2.0,-4.0,-44.0
1776886430.4331028,0.0,-4.0,-44.0
1776886430.4431028,-4.0,-2.0,-41.0
1776886430.4531028,-1.0,-1.0,-42.0
1776886430.4631028,0.0,-3.0,-42.0
1776886430.4731028,-2.0,-8.0,-40.0
1776886430.4831028,-2.0,-7.0,-37.0
1776886430.4931028,-3.0,-6.0,-45.0
1776886430.5031028,-1.0,-4.0,-45.0
1776886430.5131028,0.0,1.0,-45.0
1776886430.5231028,1.0,2.0,-44.0
1776886430.5331028,0.0,2.0,-43.0
1776886430.5431027,3.0,1.0,-37.0
1776886430.5531027,1.0,2.0,-39.0
1776886430.5631027,0.0,0.0,-38.0
1776886430.5731027,1.0,-2.0,-33.0
1776886430.5831027,5.0,-1.0,-31.0
1776886430.5931027,3.0,0.0,-38.0
1776886430.6031027,0.0,2.0,-35.0
1776886430.613103,1.0,3.0,-39.0
1776886430.623103,2.0,2.0,-36.0
1776886430.633103,2.0,2.0,-35.0
1776886430.6431026,1.0,-4.0,-36.0
1776886430.6531026,0.0,-4.0,-34.0
1776886430.6631026,0.0,-1.0,-36.0
1776886430.6731029,-7.0,0.0,-34.0
1776886430.6831028,-3.0,1.0,-39.0
1776886430.6931028,-5.0,2.0,-46.0
1776886430.7031028,-2.0,3.0,-47.0
1776886430.7131028,-2.0,2.0,-45.0
1776886430.7231028,-3.0,1.0,-38.0
1776886430.7331028,-3.0,0.0,-42.0
1776886430.7431028,-4.0,2.0,-41.0
1776886430.7531028,-5.0,0.0,-43.0
1776886430.7631028,-2.0,-5.0,-41.0
1776886430.7731028,-2.0,-7.0,-46.0
1776886430.7831028,1.0,-5.0,-51.0
1776886430.7931027,6.0,0.0,-54.0
1776886430.8031027,4.0,2.0,-55.0
1776886430.8131027,1.0,2.0,-51.0
1776886430.8231027,4.0,0.0,-43.0
1776886430.8331027,6.0,-1.0,-39.0
1776886430.8431027,5.0,-2.0,-35.0
1776886430.8531027,7.0,-2.0,-37.0
1776886430.863103,7.0,-1.0,-37.0
1776886430.873103,3.0,-1.0,-34.0
1776886430.883103,2.0,-3.0,-35.0
1776886430.8931026,4.0,-3.0,-36.0
1776886430.9031026,6.0,-2.0,-36.0
1776886430.9131026,5.0,-6.0,-32.0
1776886430.9231029,5.0,-3.0,-32.0
1776886430.9331028,4.0,-2.0,-37.0
1776886430.9431028,3.0,-3.0,-34.0
1776886430.9531028,-1.0,-4.0,-39.0
1776886430.9631028,-3.0,-5.0,-44.0
1776886430.9731028,0.0,-7.0,-44.0
1776886430.9831028,0.0,-1.0,-37.0
1776886430.9931028,-1.0,-1.0,-42.0
1776886431.0031028,0.0,0.0,-41.0
1776886431.0131028,2.0,1.0,-43.0
1776886431.0231028,4.0,0.0,-43.0
1776886431.0331028,4.0,-2.0,-44.0
1776886431.0431027,0.0,1.0,-41.0
1776886431.0531027,-3.0,0.0,-40.0
1776886431.0631027,0.0,1.0,-38.0
1776886431.0731027,-2.0,2.0,-38.0
1776886431.0831027,0.0,5.0,-32.0
1776886431.0931027,-1.0,4.0,-28.0
1776886431.1031027,0.0,0.0,-28.0
1776886431.113103,7.0,1.0,-35.0
1776886431.123103,4.0,0.0,-31.0
1776886431.133103,3.0,-1.0,-36.0
1776886431.1431026,2.0,-1.0,-36.0
1776886431.1531026,0.0,3.0,-35.0
1776886431.1631026,0.0,0.0,-27.0
1776886431.1741028,0.0,1.0,-30.0
1776886431.1841028,-2.0,5.0,-30.0
1776886431.1941028,-1.0,2.0,-42.0
1776886431.2031028,-6.0,1.0,-43.0
1776886431.2141027,-7.0,0.0,-42.0
1776886431.2241027,-8.0,3.0,-34.0
1776886431.2341027,-3.0,2.0,-35.0
1776886431.2441027,-5.0,-1.0,-43.0
1776886431.2541027,-1.0,0.0,-42.0
1776886431.2641027,-2.0,-3.0,-44.0
1776886431.2741027,2.0,-1.0,-48.0
1776886431.284103,4.0,-2.0,-44.0
1776886431.294103,4.0,-2.0,-42.0
1776886431.304103,1.0,0.0,-36.0
1776886431.3141026,-3.0,0.0,-41.0
1776886431.3241026,-3.0,0.0,-47.0
1776886431.3341026,0.0,0.0,-51.0
1776886431.3441026,1.0,-3.0,-53.0
1776886431.3541028,0.0,-5.0,-49.0
1776886431.3641028,-2.0,0.0,-44.0
1776886431.3741028,-3.0,-1.0,-46.0
1776886431.3841028,-3.0,-1.0,-48.0
1776886431.3941028,0.0,-1.0,-42.0
1776886431.4041028,0.0,-1.0,-38.0
1776886431.4141028,-4.0,-2.0,-38.0
1776886431.4241028,-5.0,-4.0,-35.0
1776886431.4341028,-5.0,-5.0,-27.0
1776886431.4441028,-2.0,-5.0,-27.0
1776886431.4541028,0.0,-4.0,-31.0
1776886431.4641027,1.0,-4.0,-37.0
1776886431.4741027,1.0,-5.0,-39.0
1776886431.4841027,-2.0,-6.0,-45.0
1776886431.4941027,0.0,-10.0,-44.0
1776886431.5041027,-3.0,-10.0,-40.0
1776886431.5141027,-5.0,-3.0,-36.0
1776886431.5241027,-8.0,0.0,-33.0
1776886431.534103,-3.0,1.0,-22.0
1776886431.544103,4.0,5.0,-22.0
1776886431.554103,0.0,4.0,-27.0
1776886431.5641026,0.0,1.0,-22.0
1776886431.5741026,4.0,2.0,-29.0
1776886431.5841026,6.0,0.0,-31.0
1776886431.5941026,8.0,0.0,-35.0
1776886431.6041028,7.0,4.0,-37.0
1776886431.6141028,7.0,4.0,-39.0
1776886431.6241028,8.0,4.0,-44.0
1776886431.6341028,7.0,0.0,-48.0
1776886431.6441028,5.0,-2.0,-43.0
1776886431.6541028,0.0,0.0,-36.0
1776886431.6641028,-1.0,0.0,-32.0
1776886431.6741028,-3.0,-1.0,-30.0
1776886431.6841028,-1.0,0.0,-30.0
1776886431.6941028,0.0,-4.0,-34.0
1776886431.7041028,0.0,0.0,-41.0
1776886431.7141027,-3.0,0.0,-39.0
1776886431.7241027,-3.0,1.0,-45.0
1776886431.7341027,-3.0,2.0,-46.0
1776886431.7441027,-8.0,1.0,-46.0
1776886431.7541027,-7.0,0.0,-49.0
1776886431.7641027,-4.0,1.0,-47.0
1776886431.7741027,-3.0,-1.0,-49.0
1776886431.784103,-2.0,0.0,-48.0
1776886431.794103,1.0,0.0,-46.0
1776886431.804103,1.0,1.0,-37.0
1776886431.8141026,7.0,0.0,-35.0
1776886431.8241026,3.0,-1.0,-36.0
1776886431.8341026,1.0,-2.0,-34.0
1776886431.8441026,1.0,-1.0,-33.0
1776886431.8541028,3.0,1.0,-33.0
1776886431.8641028,2.0,0.0,-32.0
1776886431.8741028,4.0,0.0,-25.0
1776886431.8841028,7.0,0.0,-29.0
1776886431.8941028,7.0,0.0,-26.0
1776886431.9041028,6.0,4.0,-29.0
1776886431.9141028,3.0,0.0,-29.0
1776886431.9241028,1.0,0.0,-33.0
1776886431.9341028,5.0,0.0,-40.0
1776886431.9441028,-1.0,5.0,-33.0
1776886431.9541028,0.0,4.0,-29.0
1776886431.9641027,2.0,1.0,-32.0
1776886431.9741027,1.0,0.0,-30.0
1776886431.9841027,0.0,-1.0,-33.0
1776886431.9941027,-3.0,-3.0,-40.0
1776886432.0041027,0.0,-3.0,-44.0
1776886432.0141027,5.0,-4.0,-43.0
1776886432.0241027,8.0,-2.0,-35.0
1776886432.034103,9.0,0.0,-36.0
1776886432.044103,8.0,-1.0,-40.0
1776886432.054103,5.0,0.0,-35.0
1776886432.0641026,-1.0,0.0,-36.0
1776886432.0741026,-1.0,-5.0,-36.0
1776886432.0841026,3.0,-4.0,-36.0
1776886432.0941026,1.0,-3.0,-34.0
1776886432.1041028,2.0,0.0,-27.0
1776886432.1141028,6.0,-1.0,-34.0
1776886432.1241028,3.0,2.0,-32.0
1776886432.1341028,4.0,5.0,-32.0
1776886432.1441028,3.0,3.0,-30.0
1776886432.1541028,0.0,0.0,-28.0
1776886432.1641028,1.0,-4.0,-22.0
1776886432.1741028,3.0,-2.0,-25.0
1776886432.1841028,5.0,-5.0,-29.0
1776886432.1941028,4.0,-6.0,-31.0
1776886432.2041028,1.0,-4.0,-30.0
1776886432.2141027,4.0,-7.0,-28.0
1776886432.2241027,3.0,-5.0,-33.0
1776886432.2341027,7.0,-3.0,-30.0
1776886432.2441027,4.0,-3.0,-30.0
1776886432.2541027,6.0,0.0,-31.0
1776886432.2641027,7.0,0.0,-38.0
1776886432.2741027,3.0,-1.0,-43.0
1776886432.284103,5.0,-6.0,-42.0
1776886432.294103,6.0,-6.0,-41.0
1776886432.304103,6.0,-2.0,-42.0
1776886432.3141026,6.0,4.0,-41.0
1776886432.3241026,5.0,6.0,-34.0
1776886432.3341026,5.0,4.0,-36.0
1776886432.3441026,-1.0,-4.0,-33.0
1776886432.3541028,-4.0,-3.0,-32.0
1776886432.3641028,-3.0,-6.0,-34.0
1776886432.3741028,-1.0,-8.0,-31.0
1776886432.3841028,0.0,-5.0,-30.0
1776886432.3941028,0.0,-2.0,-38.0
1776886432.4041028,5.0,1.0,-39.0
1776886432.4141028,3.0,1.0,-43.0
1776886432.4241028,2.0,-2.0,-37.0
1776886432.4341028,2.0,-4.0,-41.0
1776886432.4441028,0.0,-7.0,-41.0
1776886432.4541028,-4.0,-8.0,-40.0
1776886432.4641027,-2.0,-4.0,-52.0
1776886432.4741027,-3.0,0.0,-51.0
1776886432.4841027,1.0,-1.0,-46.0
1776886432.4941027,4.0,2.0,-45.0
1776886432.5041027,1.0,0.0,-49.0
1776886432.5141027,2.0,0.0,-42.0
1776886432.5241027,10.0,0.0,-38.0
1776886432.534103,8.0,2.0,-41.0
1776886432.544103,4.0,-1.0,-40.0
1776886432.554103,4.0,-1.0,-37.0
1776886432.5641026,4.0,0.0,-37.0
1776886432.5741026,2.0,0.0,-37.0
1776886432.5841026,4.0,0.0,-36.0
1776886432.5941026,0.0,0.0,-32.0
1776886432.6041028,0.0,2.0,-33.0
1776886432.6141028,0.0,3.0,-39.0
1776886432.6241028,0.0,0.0,-41.0
1776886432.6341028,-2.0,-1.0,-39.0
1776886432.6441028,-5.0,-2.0,-37.0
1776886432.6541028,-4.0,-2.0,-36.0
1776886432.6641028,-1.0,-1.0,-29.0
1776886432.6741028,-4.0,-2.0,-26.0
1776886432.6841028,-7.0,0.0,-28.0
1776886432.6941028,-6.0,2.0,-32.0
1776886432.7041028,-2.0,-1.0,-32.0
1776886432.7141027,-2.0,2.0,-28.0
1776886432.7241027,-3.0,5.0,-26.0
1776886432.7341027,-2.0,3.0,-30.0
1776886432.7441027,-2.0,2.0,-37.0
1776886432.7541027,0.0,3.0,-35.0
1776886432.7641027,-1.0,3.0,-37.0
1776886432.7741027,1.0,3.0,-32.0
1776886432.784103,-2.0,2.0,-32.0
1776886432.794103,-1.0,7.0,-26.0
1776886432.804103,-6.0,4.0,-26.0
1776886432.8141026,-9.0,3.0,-31.0
1776886432.8241026,-8.0,3.0,-40.0
1776886432.8341026,-9.0,5.0,-38.0
1776886432.8441026,-6.0,3.0,-38.0
1776886432.8541028,-4.0,2.0,-44.0
1776886432.8641028,-4.0,4.0,-38.0
1776886432.8741028,0.0,4.0,-39.0
1776886432.8841028,-2.0,4.0,-39.0
1776886432.8941028,-5.0,4.0,-38.0
1776886432.9041028,-2.0,2.0,-39.0
1776886432.9141028,0.0,-4.0,-41.0
1776886432.9241028,-1.0,-3.0,-44.0
1776886432.9341028,-2.0,-2.0,-45.0
1776886432.9441028,2.0,-3.0,-45.0
1776886432.9541028,0.0,-5.0,-50.0
1776886432.9641027,-3.0,-4.0,-49.0
1776886432.9741027,2.0,-4.0,-47.0
1776886432.9841027,4.0,-2.0,-47.0
1776886432.9941027,4.0,-2.0,-40.0
1776886433.0041027,1.0,-5.0,-39.0
1776886433.0141027,0.0,-5.0,-44.0
1776886433.0241027,0.0,-4.0,-48.0
1776886433.034103,1.0,-5.0,-47.0
1776886433.044103,-4.0,-2.0,-50.0
1776886433.054103,-6.0,-2.0,-48.0
1776886433.0641026,-6.0,0.0,-44.0
1776886433.0741026,-3.0,3.0,-41.0
1776886433.0841026,-2.0,0.0,-39.0
1776886433.0941026,-2.0,0.0,-41.0
1776886433.1041028,1.0,-1.0,-33.0
1776886433.1141028,-2.0,-2.0,-31.0
1776886433.1241028,-4.0,0.0,-36.0
1776886433.1341028,-2.0,1.0,-37.0
1776886433.1441028,0.0,0.0,-34.0
1776886433.1541028,1.0,-3.0,-42.0
1776886433.1641028,0.0,-1.0,-42.0
1776886433.1741028,5.0,-1.0,-43.0
1776886433.1841028,0.0,-1.0,-39.0
1776886433.1941028,0.0,-2.0,-33.0
1776886433.2051027,1.0,-3.0,-31.0
1776886433.2141027,2.0,-2.0,-32.0
1776886433.225103,0.0,-4.0,-31.0
1776886433.2341027,1.0,-4.0,-35.0
1776886433.2451026,-2.0,-2.0,-37.0
1776886433.2551026,-4.0,-4.0,-30.0
1776886433.2651026,-1.0,-7.0,-29.0
1776886433.2751029,-4.0,-5.0,-36.0
1776886433.2851028,-1.0,-7.0,-36.0
1776886433.2951028,-1.0,-3.0,-39.0
1776886433.3051028,1.0,-5.0,-34.0
1776886433.3151028,0.0,-5.0,-31.0
1776886433.3251028,0.0,-4.0,-32.0
1776886433.3351028,3.0,-1.0,-33.0
1776886433.3451028,0.0,0.0,-31.0
1776886433.3551028,-3.0,2.0,-29.0
1776886433.3651028,-3.0,-1.0,-35.0
1776886433.3751028,-3.0,0.0,-32.0
1776886433.3851027,0.0,0.0,-37.0
1776886433.3951027,-2.0,4.0,-32.0
1776886433.4051027,4.0,3.0,-35.0
1776886433.4151027,3.0,4.0,-37.0
1776886433.4251027,0.0,0.0,-38.0
1776886433.4351027,0.0,0.0,-39.0
1776886433.4451027,0.0,4.0,-38.0
1776886433.4551027,-2.0,4.0,-43.0
1776886433.465103,-2.0,6.0,-39.0
1776886433.475103,0.0,5.0,-40.0
1776886433.485103,0.0,1.0,-36.0
1776886433.4951026,4.0,1.0,-35.0
1776886433.5051026,2.0,3.0,-41.0
1776886433.5151026,2.0,4.0,-43.0
1776886433.5251029,1.0,0.0,-36.0
1776886433.5351028,3.0,0.0,-36.0
1776886433.5451028,-1.0,-2.0,-36.0
1776886433.5551028,-3.0,-1.0,-31.0
1776886433.5651028,-4.0,0.0,-37.0
1776886433.5751028,-4.0,1.0,-39.0
1776886433.5851028,1.0,-1.0,-41.0
1776886433.5951028,3.0,-2.0,-42.0
1776886433.6051028,1.0,-3.0,-39.0
1776886433.6151028,1.0,0.0,-39.0
1776886433.6251028,1.0,1.0,-39.0
1776886433.6351027,1.0,1.0,-41.0
1776886433.6451027,1.0,3.0,-45.0
1776886433.6551027,3.0,5.0,-52.0
1776886433.6651027,3.0,5.0,-53.0
1776886433.6751027,3.0,0.0,-48.0
1776886433.6851027,3.0,4.0,-52.0
1776886433.6951027,2.0,6.0,-54.0
1776886433.7051027,0.0,4.0,-49.0
1776886433.715103,0.0,1.0,-43.0
1776886433.725103,2.0,1.0,-41.0
1776886433.735103,-3.0,2.0,-47.0
1776886433.7451026,-4.0,0.0,-53.0
1776886433.7551026,-6.0,-1.0,-52.0
1776886433.7651026,-4.0,-1.0,-49.0
1776886433.7751029,-4.0,-2.0,-46.0
1776886433.7851028,-4.0,-1.0,-42.0
1776886433.7951028,-5.0,0.0,-47.0
1776886433.8051028,-6.0,-2.0,-48.0
1776886433.8151028,-8.0,-2.0,-52.0
1776886433.8251028,-7.0,-2.0,-53.0
1776886433.8351028,-5.0,-3.0,-46.0
1776886433.8451028,0.0,0.0,-45.0
1776886433.8551028,4.0,0.0,-50.0
1776886433.8651028,6.0,-2.0,-52.0
1776886433.8751028,6.0,1.0,-55.0
1776886433.8851027,6.0,4.0,-47.0
1776886433.8951027,4.0,5.0,-40.0
1776886433.9051027,1.0,8.0,-37.0
1776886433.9151027,1.0,9.0,-41.0
1776886433.9251027,0.0,9.0,-36.0
1776886433.9351027,-2.0,11.0,-32.0
1776886433.9451027,1.0,12.0,-27.0
1776886433.9551027,1.0,10.0,-36.0
1776886433.965103,0.0,9.0,-31.0
1776886433.975103,1.0,6.0,-31.0
1776886433.985103,2.0,8.0,-38.0
1776886433.9951026,1.0,4.0,-43.0
1776886434.0051026,4.0,4.0,-41.0
1776886434.0151026,4.0,1.0,-37.0
1776886434.0251029,4.0,0.0,-36.0
1776886434.0351028,2.0,0.0,-36.0
1776886434.0451028,1.0,0.0,-34.0
1776886434.0551028,0.0,-3.0,-30.0
1776886434.0651028,0.0,-2.0,-29.0
1776886434.0751028,0.0,-6.0,-31.0
1776886434.0851028,3.0,-9.0,-30.0
1776886434.0951028,-1.0,-9.0,-28.0
1776886434.1051028,0.0,-10.0,-27.0
1776886434.1151028,2.0,-9.0,-28.0
1776886434.1251028,3.0,-8.0,-26.0
1776886434.1351027,0.0,-5.0,-26.0
1776886434.1451027,0.0,-5.0,-23.0
1776886434.1551027,-2.0,-5.0,-15.0
1776886434.1651027,-2.0,-2.0,-22.0
1776886434.1751027,-1.0,0.0,-20.0
1776886434.1851027,0.0,0.0,-26.0
1776886434.1951027,0.0,0.0,-26.0
1776886434.2051027,2.0,-4.0,-27.0
1776886434.215103,8.0,-5.0,-30.0
1776886434.225103,7.0,-3.0,-34.0
1776886434.235103,1.0,-5.0,-37.0
1776886434.2451026,-2.0,-8.0,-38.0
1776886434.2551026,0.0,-5.0,-34.0
1776886434.2651026,0.0,-3.0,-36.0
1776886434.2751029,0.0,-1.0,-33.0
1776886434.2851028,0.0,-3.0,-33.0
1776886434.2951028,-2.0,-2.0,-40.0
1776886434.3051028,1.0,-4.0,-34.0
1776886434.3151028,5.0,-6.0,-34.0
1776886434.3251028,3.0,-8.0,-38.0
1776886434.3351028,0.0,-6.0,-39.0
1776886434.3451028,3.0,-4.0,-35.0
1776886434.3551028,5.0,-6.0,-39.0
1776886434.3651028,4.0,-6.0,-39.0
1776886434.3751028,6.0,-4.0,-39.0
1776886434.3851027,8.0,-8.0,-29.0
1776886434.3951027,7.0,-3.0,-33.0
1776886434.4051027,3.0,-4.0,-28.0
1776886434.4151027,0.0,-2.0,-31.0
1776886434.4251027,-3.0,-3.0,-28.0
1776886434.4351027,0.0,-4.0,-28.0
1776886434.4451027,1.0,-3.0,-29.0
1776886434.4551027,3.0,-2.0,-37.0
1776886434.4661028,0.0,-8.0,-31.0
1776886434.475103,0.0,-5.0,-34.0
1776886434.485103,-5.0,-2.0,-36.0
1776886434.4951026,-3.0,-5.0,-39.0
1776886434.5051026,-2.0,-2.0,-36.0
1776886434.5151026,-4.0,-2.0,-37.0
1776886434.5251029,-3.0,-3.0,-41.0
1776886434.5351028,-1.0,-2.0,-43.0
1776886434.5451028,1.0,0.0,-45.0
1776886434.5551028,4.0,0.0,-44.0
1776886434.5651028,2.0,0.0,-34.0
1776886434.5751028,6.0,0.0,-35.0
1776886434.5851028,9.0,-1.0,-39.0
1776886434.5951028,7.0,0.0,-40.0
1776886434.6051028,6.0,2.0,-42.0
1776886434.6151028,3.0,6.0,-43.0
1776886434.6251028,1.0,3.0,-41.0
1776886434.6351027,0.0,1.0,-40.0
1776886434.6451027,-1.0,0.0,-47.0
1776886434.6551027,-1.0,1.0,-47.0
1776886434.6651027,1.0,2.0,-45.0
1776886434.6751027,2.0,5.0,-47.0
1776886434.6851027,0.0,3.0,-45.0
1776886434.6951027,0.0,5.0,-52.0
1776886434.7051027,-1.0,3.0,-50.0
1776886434.715103,-5.0,-1.0,-47.0
1776886434.725103,-3.0,2.0,-46.0
1776886434.735103,-2.0,3.0,-41.0
1776886434.7451026,-2.0,-1.0,-40.0
1776886434.7551026,-5.0,0.0,-34.0
1776886434.7651026,-6.0,-3.0,-36.0
1776886434.7751029,-6.0,-2.0,-36.0
1776886434.7851028,-4.0,0.0,-32.0
1776886434.7951028,-1.0,2.0,-33.0
1776886434.8051028,-4.0,3.0,-34.0
1776886434.8151028,-5.0,-1.0,-40.0
1776886434.8251028,-9.0,-1.0,-34.0
1776886434.8351028,-8.0,-3.0,-33.0
1776886434.8451028,-7.0,-3.0,-35.0
1776886434.8551028,-9.0,-6.0,-33.0
1776886434.8651028,-7.0,-8.0,-37.0
1776886434.8751028,-7.0,-8.0,-38.0
1776886434.8851027,-6.0,-6.0,-41.0
1776886434.8951027,-1.0,-10.0,-42.0
1776886434.9051027,0.0,-7.0,-41.0
1776886434.9151027,2.0,-5.0,-39.0
1776886434.9251027,2.0,0.0,-43.0
1776886434.9351027,0.0,1.0,-37.0
1776886434.9451027,2.0,-1.0,-36.0
1776886434.9551027,2.0,0.0,-35.0
1776886434.965103,-2.0,-3.0,-39.0
1776886434.975103,-4.0,-4.0,-45.0
1776886434.985103,-1.0,-3.0,-41.0
1776886434.9951026,0.0,-2.0,-40.0
1776886435.0051026,2.0,-2.0,-38.0
1776886435.0151026,4.0,0.0,-34.0
1776886435.0251029,5.0,0.0,-31.0
1776886435.0351028,5.0,0.0,-33.0
1776886435.0451028,5.0,0.0,-34.0
1776886435.0551028,4.0,-2.0,-27.0
1776886435.0651028,0.0,-2.0,-20.0
1776886435.0751028,2.0,-3.0,-32.0
1776886435.0851028,0.0,-6.0,-39.0
1776886435.0951028,0.0,-5.0,-43.0
1776886435.1051028,0.0,-8.0,-42.0
1776886435.1151028,-2.0,-8.0,-44.0
1776886435.1251028,0.0,-2.0,-37.0
1776886435.1351027,0.0,-2.0,-29.0
1776886435.146103,0.0,0.0,-31.0
1776886435.1551027,2.0,0.0,-34.0
1776886435.1651027,1.0,0.0,-34.0
1776886435.1751027,1.0,-4.0,-34.0
1776886435.1861026,0.0,-4.0,-35.0
1776886435.1951027,0.0,0.0,-36.0
1776886435.2061028,-4.0,-1.0,-30.0
1776886435.2161028,-1.0,-1.0,-38.0
1776886435.2261028,6.0,0.0,-42.0
1776886435.2361028,4.0,-2.0,-37.0
1776886435.2461028,2.0,-3.0,-37.0
1776886435.2561028,6.0,-5.0,-46.0
1776886435.2661028,2.0,-1.0,-41.0
1776886435.2761028,1.0,0.0,-39.0
1776886435.2861028,-3.0,-4.0,-47.0
1776886435.2961028,-2.0,0.0,-41.0
1776886435.3061028,-1.0,0.0,-45.0
1776886435.3161027,2.0,-1.0,-42.0
1776886435.3261027,0.0,-2.0,-37.0
1776886435.3361027,-4.0,3.0,-33.0
1776886435.3461027,-8.0,3.0,-33.0
1776886435.3561027,-3.0,7.0,-32.0
1776886435.3661027,0.0,5.0,-36.0
1776886435.3761027,0.0,3.0,-37.0
1776886435.386103,5.0,-1.0,-37.0
1776886435.396103,3.0,1.0,-42.0
1776886435.406103,1.0,4.0,-41.0
1776886435.4161026,2.0,0.0,-41.0
1776886435.4261026,4.0,0.0,-42.0
1776886435.4361026,-1.0,3.0,-46.0
1776886435.4461029,2.0,0.0,-45.0
1776886435.4561028,2.0,1.0,-48.0
1776886435.4661028,1.0,3.0,-43.0
1776886435.4761028,0.0,-1.0,-48.0
1776886435.4861028,-4.0,0.0,-43.0
1776886435.4961028,-5.0,0.0,-44.0
1776886435.5061028,-8.0,-3.0,-47.0
1776886435.5161028,-9.0,-1.0,-51.0
1776886435.5261028,-5.0,3.0,-50.0
1776886435.5361028,0.0,4.0,-51.0
1776886435.5461028,4.0,0.0,-52.0
1776886435.5561028,4.0,-1.0,-46.0
1776886435.5661027,5.0,-1.0,-44.0
1776886435.5761027,1.0,-6.0,-38.0
1776886435.5861027,3.0,-6.0,-33.0
1776886435.5961027,6.0,-7.0,-39.0
1776886435.6061027,7.0,-5.0,-42.0
1776886435.6161027,10.0,-5.0,-40.0
1776886435.6261027,10.0,-5.0,-48.0
1776886435.636103,6.0,-5.0,-45.0
1776886435.646103,4.0,-2.0,-40.0
1776886435.656103,3.0,-4.0,-35.0
1776886435.6661026,2.0,-4.0,-38.0
1776886435.6761026,-2.0,-5.0,-41.0
1776886435.6861026,-2.0,-5.0,-36.0
1776886435.6961029,2.0,-3.0,-39.0
1776886435.7061028,5.0,-4.0,-38.0
1776886435.7161028,2.0,-3.0,-38.0
1776886435.7261028,-1.0,-1.0,-37.0
1776886435.7361028,-3.0,0.0,-39.0
1776886435.7461028,-4.0,2.0,-37.0
1776886435.7561028,0.0,2.0,-36.0
1776886435.7661028,0.0,4.0,-38.0
1776886435.7761028,-3.0,1.0,-36.0
1776886435.7861028,-2.0,3.0,-32.0
1776886435.7961028,-5.0,2.0,-36.0
1776886435.8061028,-3.0,4.0,-39.0
1776886435.8161027,-2.0,4.0,-37.0
1776886435.8261027,-1.0,2.0,-37.0
1776886435.8361027,1.0,0.0,-41.0
1776886435.8461027,2.0,-3.0,-39.0
1776886435.8561027,3.0,-5.0,-41.0
1776886435.8661027,1.0,-6.0,-43.0
1776886435.8761027,0.0,-2.0,-34.0
1776886435.886103,1.0,0.0,-32.0
1776886435.896103,0.0,0.0,-27.0
1776886435.906103,2.0,1.0,-28.0
1776886435.9161026,-1.0,3.0,-34.0
1776886435.9261026,-3.0,7.0,-36.0
1776886435.9361026,-2.0,7.0,-42.0
1776886435.9461029,-4.0,6.0,-43.0
1776886435.9561028,-3.0,5.0,-38.0
1776886435.9661028,-5.0,7.0,-38.0
1776886435.9761028,-4.0,4.0,-40.0
1776886435.9861028,-4.0,0.0,-38.0
1776886435.9961028,-7.0,2.0,-36.0
1776886436.0061028,-4.0,3.0,-31.0
1776886436.0161028,3.0,4.0,-30.0
1776886436.0261028,3.0,6.0,-32.0
1776886436.0361028,0.0,2.0,-26.0
1776886436.0461028,-2.0,-1.0,-24.0
1776886436.0561028,0.0,-1.0,-21.0
1776886436.0661027,0.0,-4.0,-23.0
1776886436.0761027,1.0,-2.0,-26.0
1776886436.0861027,3.0,0.0,-31.0
1776886436.0961027,4.0,-2.0,-39.0
1776886436.1061027,6.0,-3.0,-42.0
1776886436.1161027,5.0,-2.0,-41.0
1776886436.1261027,2.0,-2.0,-38.0
1776886436.136103,-1.0,-2.0,-40.0
1776886436.146103,0.0,1.0,-42.0
1776886436.156103,1.0,1.0,-43.0
1776886436.1661026,3.0,-1.0,-41.0
1776886436.1761026,4.0,1.0,-37.0
1776886436.1861026,3.0,-1.0,-41.0
1776886436.1961029,7.0,0.0,-33.0
1776886436.2061028,4.0,-2.0,-36.0
1776886436.2161028,0.0,-4.0,-37.0
1776886436.2261028,0.0,-3.0,-28.0
1776886436.2361028,3.0,-4.0,-23.0
1776886436.2461028,2.0,0.0,-24.0
1776886436.2561028,4.0,2.0,-32.0
1776886436.2661028,3.0,2.0,-35.0
1776886436.2761028,6.0,2.0,-31.0
1776886436.2861028,5.0,1.0,-28.0
1776886436.2961028,2.0,2.0,-31.0
1776886436.3061028,0.0,2.0,-31.0
1776886436.3161027,-1.0,2.0,-37.0
1776886436.3261027,-1.0,5.0,-40.0
1776886436.3361027,0.0,6.0,-41.0
1776886436.3461027,1.0,0.0,-44.0
1776886436.3561027,2.0,-2.0,-43.0
1776886436.3661027,2.0,0.0,-44.0
1776886436.3761027,0.0,0.0,-41.0
1776886436.386103,2.0,0.0,-43.0
1776886436.396103,5.0,-4.0,-47.0
1776886436.406103,7.0,0.0,-47.0
1776886436.4161026,7.0,-2.0,-43.0
1776886436.4261026,4.0,-5.0,-39.0
1776886436.4361026,4.0,-6.0,-35.0
1776886436.4461029,1.0,-6.0,-38.0
1776886436.4561028,-1.0,-2.0,-42.0
1776886436.4661028,-1.0,-1.0,-41.0
1776886436.4761028,1.0,-2.0,-41.0
1776886436.4861028,0.0,-1.0,-38.0
1776886436.4961028,1.0,0.0,-33.0
1776886436.5061028,1.0,-2.0,-36.0
1776886436.5161028,-1.0,-3.0,-37.0
1776886436.5261028,-2.0,-3.0,-46.0
1776886436.5361028,-1.0,1.0,-41.0
1776886436.5461028,4.0,-1.0,-47.0
1776886436.5561028,2.0,-1.0,-45.0
1776886436.5661027,-2.0,0.0,-42.0
1776886436.5761027,-4.0,0.0,-42.0
1776886436.5861027,-5.0,-3.0,-41.0
1776886436.5961027,-4.0,-2.0,-42.0
1776886436.6061027,-3.0,-3.0,-47.0
1776886436.6161027,-2.0,-5.0,-44.0
1776886436.6261027,0.0,-3.0,-49.0
1776886436.636103,8.0,-1.0,-46.0
1776886436.646103,6.0,1.0,-46.0
1776886436.656103,7.0,1.0,-48.0
1776886436.6661026,11.0,0.0,-47.0
1776886436.6761026,7.0,2.0,-49.0
1776886436.6861026,2.0,0.0,-48.0
1776886436.6961029,0.0,-1.0,-43.0
1776886436.7061028,1.0,-4.0,-36.0
1776886436.7161028,3.0,-2.0,-38.0
1776886436.7261028,1.0,-7.0,-38.0
1776886436.7361028,1.0,-6.0,-42.0
1776886436.7461028,1.0,-7.0,-40.0
1776886436.7561028,0.0,-5.0,-38.0
1776886436.7661028,0.0,-3.0,-38.0
1776886436.7761028,-1.0,-3.0,-43.0
1776886436.7861028,0.0,3.0,-41.0
1776886436.7961028,0.0,1.0,-50.0
1776886436.8061028,0.0,3.0,-48.0
1776886436.8161027,2.0,4.0,-46.0
1776886436.8261027,4.0,1.0,-41.0
1776886436.8361027,8.0,2.0,-39.0
1776886436.8461027,8.0,2.0,-38.0
1776886436.8561027,8.0,1.0,-37.0
1776886436.8661027,9.0,-3.0,-40.0
1776886436.8761027,2.0,-3.0,-39.0
1776886436.886103,0.0,-4.0,-52.0
1776886436.896103,0.0,-3.0,-47.0
1776886436.906103,4.0,-2.0,-50.0
1776886436.9161026,7.0,-3.0,-45.0
1776886436.9261026,1.0,0.0,-40.0
1776886436.9361026,-3.0,0.0,-38.0
1776886436.9461029,-6.0,0.0,-43.0
1776886436.9561028,-4.0,0.0,-41.0
1776886436.9661028,-5.0,0.0,-44.0
1776886436.9761028,-6.0,-1.0,-46.0
1776886436.9861028,-2.0,0.0,-45.0
1776886436.9961028,-5.0,5.0,-43.0
1776886437.0061028,-1.0,2.0,-40.0
1776886437.0161028,1.0,3.0,-43.0
1776886437.0261028,4.0,1.0,-40.0
1776886437.0361028,-2.0,-1.0,-41.0
1776886437.0461028,-5.0,-6.0,-41.0
1776886437.0561028,-2.0,-6.0,-41.0
1776886437.0661027,0.0,-6.0,-40.0
1776886437.0761027,-6.0,-8.0,-41.0
1776886437.0861027,-1.0,-5.0,-38.0
1776886437.0961027,0.0,-4.0,-39.0
1776886437.1061027,-3.0,-6.0,-37.0
1776886437.1161027,-4.0,0.0,-32.0
1776886437.1261027,-2.0,-1.0,-32.0
1776886437.136103,-3.0,-5.0,-31.0
1776886437.146103,0.0,0.0,-34.0
1776886437.156103,0.0,4.0,-31.0
1776886437.1661026,-1.0,5.0,-27.0
1776886437.1761026,-1.0,2.0,-30.0
1776886437.1871028,-5.0,1.0,-34.0
1776886437.1971028,-5.0,0.0,-42.0
1776886437.2071028,0.0,0.0,-42.0
1776886437.2171028,2.0,-1.0,-35.0
1776886437.2271028,2.0,-2.0,-32.0
1776886437.2371027,1.0,0.0,-34.0
1776886437.2471027,0.0,0.0,-28.0
1776886437.2571027,3.0,-2.0,-28.0
1776886437.2671027,-2.0,0.0,-34.0
1776886437.2771027,0.0,1.0,-39.0
1776886437.2871027,-1.0,0.0,-42.0
1776886437.2971027,-1.0,2.0,-38.0
1776886437.307103,1.0,3.0,-37.0
1776886437.317103,5.0,0.0,-34.0
1776886437.327103,5.0,0.0,-31.0
1776886437.337103,4.0,3.0,-29.0
1776886437.3471026,2.0,7.0,-29.0
1776886437.3571026,0.0,7.0,-34.0
1776886437.3671026,0.0,4.0,-40.0
1776886437.3771029,0.0,2.0,-35.0
1776886437.3871028,-2.0,0.0,-42.0
1776886437.3971028,-4.0,-6.0,-42.0
1776886437.4071028,-5.0,-13.0,-45.0
1776886437.4171028,-8.0,-11.0,-40.0
1776886437.4271028,-3.0,-7.0,-45.0
1776886437.4371028,0.0,-3.0,-42.0
1776886437.4471028,-1.0,-4.0,-43.0
1776886437.4571028,-2.0,-1.0,-39.0
1776886437.4671028,-1.0,0.0,-39.0
1776886437.4771028,-2.0,0.0,-43.0
1776886437.4871027,-3.0,0.0,-45.0
1776886437.4971027,-3.0,-1.0,-45.0
1776886437.5071027,-1.0,-1.0,-40.0
1776886437.5171027,2.0,2.0,-37.0
1776886437.5271027,3.0,-2.0,-39.0
1776886437.5371027,2.0,-4.0,-39.0
1776886437.5471027,0.0,-6.0,-42.0
1776886437.557103,2.0,-2.0,-47.0
1776886437.567103,2.0,2.0,-50.0
1776886437.577103,0.0,0.0,-50.0
1776886437.587103,0.0,0.0,-45.0
1776886437.5971026,0.0,0.0,-46.0
1776886437.6071026,-1.0,3.0,-40.0
1776886437.6171026,0.0,2.0,-38.0
1776886437.6271029,2.0,1.0,-46.0
1776886437.6371028,5.0,0.0,-45.0
1776886437.6471028,8.0,0.0,-47.0
1776886437.6571028,8.0,-5.0,-47.0
1776886437.6671028,5.0,-5.0,-43.0
1776886437.6771028,1.0,-3.0,-48.0
1776886437.6871028,3.0,0.0,-40.0
1776886437.6971028,0.0,-1.0,-32.0
1776886437.7071028,-1.0,-2.0,-35.0
1776886437.7171028,0.0,-2.0,-32.0
1776886437.7271028,4.0,-6.0,-33.0
1776886437.7371027,1.0,-3.0,-37.0
1776886437.7471027,-1.0,-3.0,-38.0
1776886437.7571027,-1.0,-7.0,-41.0
1776886437.7671027,-4.0,-8.0,-47.0
1776886437.7771027,-1.0,-3.0,-46.0
1776886437.7871027,0.0,-4.0,-48.0
1776886437.7971027,3.0,-3.0,-44.0
1776886437.807103,5.0,-3.0,-40.0
1776886437.817103,4.0,0.0,-40.0
1776886437.827103,-2.0,-3.0,-33.0
1776886437.837103,3.0,-4.0,-29.0
1776886437.8471026,3.0,-5.0,-27.0
1776886437.8571026,6.0,-5.0,-32.0
1776886437.8671026,2.0,-3.0,-32.0
1776886437.8771029,0.0,-8.0,-41.0
1776886437.8871028,-4.0,-3.0,-46.0
1776886437.8971028,-2.0,0.0,-40.0
1776886437.9071028,-2.0,-1.0,-39.0
1776886437.9171028,-2.0,0.0,-41.0
1776886437.9271028,1.0,0.0,-44.0
1776886437.9371028,0.0,-1.0,-35.0
1776886437.9471028,-3.0,0.0,-33.0
1776886437.9571028,0.0,0.0,-39.0
1776886437.9671028,0.0,-2.0,-39.0
1776886437.9771028,-3.0,-3.0,-37.0
1776886437.9871027,0.0,0.0,-42.0
1776886437.9971027,1.0,0.0,-42.0
1776886438.0071027,3.0,2.0,-46.0
1776886438.0171027,2.0,1.0,-44.0
1776886438.0271027,5.0,0.0,-41.0
1776886438.0371027,1.0,-2.0,-36.0
1776886438.0471027,1.0,1.0,-40.0
1776886438.057103,-5.0,4.0,-37.0
1776886438.067103,-5.0,1.0,-35.0
1776886438.077103,-2.0,3.0,-39.0
1776886438.087103,-5.0,1.0,-33.0
1776886438.0971026,-2.0,0.0,-28.0
1776886438.1071026,-3.0,2.0,-23.0
1776886438.1171026,-4.0,0.0,-28.0
1776886438.1271029,-4.0,-1.0,-28.0
1776886438.1371028,0.0,-5.0,-27.0
1776886438.1471028,1.0,-6.0,-33.0
1776886438.1571028,4.0,-10.0,-35.0
1776886438.1671028,3.0,-11.0,-29.0
1776886438.1771028,4.0,-8.0,-28.0
1776886438.1871028,1.0,-6.0,-32.0
1776886438.1971028,1.0,-4.0,-38.0
1776886438.2071028,6.0,-1.0,-41.0
1776886438.2171028,7.0,-5.0,-43.0
1776886438.2271028,6.0,-4.0,-38.0
1776886438.2371027,5.0,-7.0,-39.0
1776886438.2471027,2.0,-6.0,-37.0
1776886438.2571027,5.0,-4.0,-38.0
1776886438.2671027,1.0,-3.0,-43.0
1776886438.2771027,1.0,-4.0,-43.0
1776886438.2871027,7.0,0.0,-42.0
1776886438.2971027,8.0,2.0,-41.0
1776886438.307103,3.0,0.0,-42.0
1776886438.317103,2.0,0.0,-46.0
1776886438.327103,1.0,1.0,-46.0
1776886438.337103,3.0,4.0,-35.0
1776886438.3471026,4.0,1.0,-33.0
1776886438.3571026,5.0,3.0,-32.0
1776886438.3671026,1.0,0.0,-36.0
1776886438.3771029,-1.0,2.0,-39.0
1776886438.3871028,-4.0,0.0,-40.0
1776886438.3971028,-6.0,0.0,-39.0
1776886438.4071028,-9.0,0.0,-37.0
1776886438.4171028,-7.0,0.0,-36.0
1776886438.4271028,-6.0,-1.0,-37.0
1776886438.4371028,-5.0,-3.0,-33.0
1776886438.4471028,0.0,-6.0,-25.0
1776886438.4571028,3.0,-2.0,-24.0
1776886438.4671028,2.0,0.0,-30.0
1776886438.4771028,-2.0,0.0,-34.0
1776886438.4871027,-6.0,0.0,-38.0
1776886438.4971027,-5.0,0.0,-36.0
1776886438.5071027,0.0,-3.0,-35.0
1776886438.5171027,-2.0,-5.0,-36.0
1776886438.5271027,0.0,-6.0,-39.0
1776886438.5371027,2.0,-5.0,-36.0
1776886438.5471027,3.0,-2.0,-31.0
1776886438.557103,2.0,0.0,-35.0
1776886438.567103,0.0,-2.0,-35.0
1776886438.577103,0.0,-3.0,-34.0
1776886438.587103,0.0,-1.0,-34.0
1776886438.5971026,-3.0,1.0,-34.0
1776886438.6071026,-4.0,3.0,-33.0
1776886438.6171026,0.0,7.0,-31.0
1776886438.6271029,0.0,0.0,-35.0
1776886438.6371028,2.0,-3.0,-36.0
1776886438.6471028,9.0,-4.0,-39.0
1776886438.6571028,6.0,-1.0,-37.0
1776886438.6671028,3.0,2.0,-42.0
1776886438.6771028,4.0,4.0,-41.0
1776886438.6871028,1.0,2.0,-42.0
1776886438.6971028,1.0,0.0,-40.0
1776886438.7071028,0.0,-2.0,-42.0
1776886438.7171028,-2.0,-1.0,-42.0
1776886438.7271028,-3.0,0.0,-41.0
1776886438.7371027,0.0,0.0,-41.0
1776886438.7471027,0.0,-2.0,-31.0
1776886438.7571027,1.0,-2.0,-31.0
1776886438.7671027,3.0,-4.0,-38.0
1776886438.7771027,3.0,-3.0,-39.0
1776886438.7871027,6.0,-4.0,-40.0
1776886438.7971027,2.0,-9.0,-41.0
1776886438.807103,3.0,-9.0,-44.0
1776886438.817103,-1.0,-11.0,-37.0
1776886438.827103,-1.0,-12.0,-33.0
1776886438.837103,0.0,-9.0,-36.0
1776886438.8471026,-1.0,-7.0,-39.0
1776886438.8571026,1.0,-9.0,-37.0
1776886438.8671026,0.0,-6.0,-38.0
1776886438.8771029,-1.0,-5.0,-39.0
1776886438.8871028,0.0,-7.0,-40.0
1776886438.8971028,1.0,-5.0,-30.0
1776886438.9071028,7.0,0.0,-27.0
1776886438.9171028,10.0,2.0,-25.0
1776886438.9271028,9.0,-2.0,-34.0
1776886438.9371028,4.0,-5.0,-37.0
1776886438.9471028,3.0,-1.0,-42.0
1776886438.9571028,1.0,1.0,-38.0
1776886438.9671028,5.0,0.0,-37.0
1776886438.9771028,6.0,2.0,-40.0
1776886438.9871027,4.0,1.0,-40.0
1776886438.9971027,4.0,2.0,-40.0
1776886439.0071027,8.0,5.0,-36.0
1776886439.0171027,8.0,6.0,-33.0
1776886439.0271027,9.0,6.0,-37.0
1776886439.0371027,4.0,2.0,-39.0
1776886439.0471027,3.0,-3.0,-38.0
1776886439.057103,0.0,-3.0,-36.0
1776886439.067103,-2.0,0.0,-40.0
1776886439.077103,0.0,1.0,-34.0
1776886439.087103,4.0,2.0,-30.0
1776886439.0971026,0.0,0.0,-34.0
1776886439.1071026,0.0,-3.0,-35.0
1776886439.1171026,1.0,0.0,-38.0
1776886439.1271029,0.0,0.0,-45.0
1776886439.1371028,-2.0,-1.0,-46.0
1776886439.1481028,0.0,-3.0,-46.0
1776886439.1571028,0.0,0.0,-47.0
1776886439.1681027,1.0,1.0,-49.0
1776886439.1771028,0.0,0.0,-49.0
1776886439.1881027,0.0,0.0,-46.0
1776886439.1981027,3.0,1.0,-43.0
1776886439.2081027,2.0,0.0,-44.0
1776886439.2181027,0.0,0.0,-43.0
1776886439.2281027,0.0,-2.0,-41.0
1776886439.238103,0.0,-1.0,-41.0
1776886439.248103,-2.0,-5.0,-40.0
1776886439.258103,-3.0,-4.0,-40.0
1776886439.2681026,0.0,-3.0,-40.0
1776886439.2781026,-2.0,-3.0,-35.0
1776886439.2881026,-3.0,-3.0,-28.0
1776886439.2981029,1.0,-5.0,-30.0
1776886439.3081028,0.0,-8.0,-32.0
1776886439.3181028,0.0,-6.0,-37.0
1776886439.3281028,2.0,-6.0,-34.0
1776886439.3381028,0.0,-5.0,-25.0
1776886439.3481028,3.0,-2.0,-30.0
1776886439.3581028,0.0,-2.0,-33.0
1776886439.3681028,0.0,-3.0,-32.0
1776886439.3781028,4.0,0.0,-32.0
1776886439.3881028,4.0,1.0,-35.0
1776886439.3981028,0.0,0.0,-32.0
1776886439.4081028,0.0,-1.0,-36.0
1776886439.4181027,0.0,0.0,-36.0
1776886439.4281027,0.0,0.0,-41.0
1776886439.4381027,2.0,3.0,-43.0
1776886439.4481027,3.0,2.0,-44.0
1776886439.4581027,-7.0,-4.0,-46.0
1776886439.4681027,-7.0,-7.0,-43.0
1776886439.4781027,-8.0,-7.0,-40.0
1776886439.488103,-8.0,-8.0,-40.0
1776886439.498103,-6.0,-5.0,-41.0
1776886439.508103,-7.0,-5.0,-41.0
1776886439.5181026,-10.0,-4.0,-42.0
1776886439.5281026,-10.0,-2.0,-45.0
1776886439.5381026,-3.0,-4.0,-41.0
1776886439.5481029,4.0,-6.0,-33.0
1776886439.5581028,1.0,-7.0,-36.0
1776886439.5681028,-1.0,-7.0,-38.0
1776886439.5781028,-1.0,-11.0,-39.0
1776886439.5881028,0.0,-9.0,-38.0
1776886439.5981028,0.0,-11.0,-30.0
1776886439.6081028,-3.0,-11.0,-31.0
1776886439.6181028,-1.0,-9.0,-39.0
1776886439.6281028,-2.0,-2.0,-39.0
1776886439.6381028,-3.0,-4.0,-42.0
1776886439.6481028,-1.0,-2.0,-50.0
1776886439.6581028,-2.0,-4.0,-54.0
1776886439.6681027,-3.0,-5.0,-54.0
1776886439.6781027,-4.0,-5.0,-55.0
1776886439.6881027,-1.0,-8.0,-51.0
1776886439.6981027,-3.0,-12.0,-48.0
1776886439.7081027,0.0,-11.0,-46.0
1776886439.7181027,0.0,-13.0,-46.0
1776886439.7281027,-1.0,-13.0,-46.0
1776886439.738103,0.0,-8.0,-46.0
1776886439.748103,0.0,-5.0,-47.0
1776886439.758103,1.0,-2.0,-46.0
1776886439.7681026,0.0,-3.0,-47.0
1776886439.7781026,1.0,-4.0,-51.0
1776886439.7881026,-3.0,0.0,-45.0
1776886439.7981029,-2.0,5.0,-48.0
1776886439.8081028,-3.0,0.0,-52.0
1776886439.8181028,-3.0,-1.0,-50.0
1776886439.8281028,-2.0,0.0,-44.0
1776886439.8381028,-1.0,-1.0,-44.0
1776886439.8481028,0.0,-5.0,-44.0
1776886439.8581028,2.0,-6.0,-45.0
1776886439.8681028,2.0,-3.0,-41.0
1776886439.8781028,2.0,-2.0,-43.0
1776886439.8881028,-1.0,0.0,-38.0
1776886439.8981028,1.0,0.0,-41.0
1776886439.9081028,-1.0,-1.0,-32.0
1776886439.9181027,-2.0,-3.0,-28.0
1776886439.9281027,0.0,-5.0,-29.0
1776886439.9381027,2.0,-1.0,-31.0
1776886439.9481027,-1.0,-5.0,-33.0
1776886439.9591026,-1.0,-4.0,-32.0
1776886439.9681027,-3.0,0.0,-32.0
1776886439.9781027,-5.0,-1.0,-34.0
1776886439.988103,-4.0,0.0,-36.0
1776886439.998103,-6.0,2.0,-38.0
1776886440.008103,-3.0,-1.0,-36.0
1776886440.0181026,-3.0,0.0,-32.0
1776886440.0281026,-4.0,0.0,-34.0
1776886440.0381026,-4.0,-5.0,-37.0
1776886440.0481029,-7.0,-3.0,-38.0
1776886440.0581028,-5.0,-4.0,-36.0
1776886440.0681028,-2.0,-4.0,-36.0
1776886440.0781028,-3.0,-2.0,-32.0
1776886440.0881028,0.0,-3.0,-38.0
1776886440.0981028,0.0,-4.0,-43.0
1776886440.1081028,0.0,-4.0,-36.0
1776886440.1181028,2.0,-7.0,-37.0
1776886440.1281028,1.0,-8.0,-32.0
1776886440.1381028,-1.0,-12.0,-38.0
1776886440.1481028,-4.0,-10.0,-42.0
1776886440.1581028,1.0,-3.0,-39.0
1776886440.1681027,5.0,-4.0,-41.0
1776886440.1781027,7.0,-2.0,-33.0
1776886440.1881027,7.0,-4.0,-38.0
1776886440.1981027,8.0,-2.0,-35.0
1776886440.2081027,6.0,-4.0,-34.0
1776886440.2181027,8.0,-4.0,-32.0
1776886440.2281027,7.0,-4.0,-24.0
1776886440.238103,3.0,-7.0,-32.0
1776886440.248103,1.0,-9.0,-34.0
1776886440.258103,3.0,-8.0,-33.0
1776886440.2681026,3.0,-7.0,-34.0
1776886440.2781026,2.0,-5.0,-41.0
1776886440.2881026,1.0,-6.0,-41.0
1776886440.2981029,5.0,-6.0,-42.0
1776886440.3081028,6.0,-2.0,-41.0
1776886440.3181028,8.0,0.0,-40.0
1776886440.3281028,4.0,2.0,-47.0
1776886440.3381028,0.0,4.0,-37.0
1776886440.3481028,0.0,2.0,-30.0
1776886440.3581028,-2.0,-1.0,-35.0
1776886440.3681028,1.0,1.0,-38.0
1776886440.3781028,4.0,3.0,-42.0
1776886440.3881028,2.0,3.0,-36.0
1776886440.3981028,0.0,1.0,-37.0
1776886440.4081028,0.0,0.0,-39.0
1776886440.4181027,0.0,0.0,-36.0
1776886440.4281027,4.0,0.0,-31.0
1776886440.4381027,0.0,-2.0,-26.0
1776886440.4481027,1.0,-7.0,-29.0
1776886440.4581027,1.0,-10.0,-34.0
1776886440.4681027,3.0,-6.0,-36.0
1776886440.4781027,3.0,-4.0,-41.0
1776886440.488103,4.0,-1.0,-43.0
1776886440.498103,2.0,0.0,-42.0
1776886440.508103,2.0,-3.0,-42.0
1776886440.5181026,0.0,-4.0,-36.0
1776886440.5281026,1.0,-2.0,-34.0
1776886440.5381026,1.0,-2.0,-40.0
1776886440.5481029,4.0,-2.0,-38.0
1776886440.5581028,5.0,-2.0,-42.0
1776886440.5681028,7.0,-5.0,-42.0
1776886440.5781028,9.0,-5.0,-41.0
1776886440.5881028,4.0,-2.0,-43.0
1776886440.5981028,2.0,0.0,-49.0
1776886440.6081028,0.0,0.0,-43.0
1776886440.6181028,-2.0,-3.0,-35.0
1776886440.6281028,0.0,-4.0,-34.0
1776886440.6381028,3.0,-6.0,-36.0
1776886440.6481028,2.0,-6.0,-37.0
1776886440.6581028,1.0,-4.0,-42.0
1776886440.6681027,-2.0,-2.0,-46.0
1776886440.6781027,-2.0,-2.0,-44.0
1776886440.6881027,-2.0,1.0,-48.0
1776886440.6981027,-2.0,0.0,-44.0
1776886440.7081027,-2.0,0.0,-43.0
1776886440.7181027,0.0,2.0,-42.0
1776886440.7281027,1.0,-1.0,-45.0
1776886440.738103,1.0,0.0,-46.0
1776886440.748103,-1.0,2.0,-42.0
1776886440.758103,1.0,0.0,-33.0
1776886440.7681026,4.0,0.0,-30.0
1776886440.7781026,9.0,-1.0,-41.0
1776886440.7881026,8.0,-1.0,-37.0
1776886440.7981029,6.0,-1.0,-36.0
1776886440.8081028,4.0,1.0,-40.0
1776886440.8181028,3.0,0.0,-36.0
1776886440.8281028,3.0,2.0,-39.0
1776886440.8381028,5.0,0.0,-35.0
1776886440.8481028,2.0,2.0,-36.0
1776886440.8581028,-1.0,0.0,-33.0
1776886440.8681028,-6.0,-1.0,-29.0
1776886440.8781028,-2.0,0.0,-29.0
1776886440.8881028,-6.0,0.0,-32.0
1776886440.8981028,-6.0,0.0,-32.0
1776886440.9081028,-5.0,1.0,-35.0
1776886440.9181027,-2.0,0.0,-46.0
1776886440.9281027,0.0,1.0,-40.0
1776886440.9381027,2.0,0.0,-36.0
1776886440.9481027,0.0,-1.0,-36.0
1776886440.9581027,-4.0,0.0,-37.0
1776886440.9681027,1.0,-6.0,-34.0
1776886440.9781027,10.0,-1.0,-41.0
1776886440.988103,5.0,4.0,-42.0
1776886440.998103,5.0,5.0,-43.0
1776886441.008103,4.0,3.0,-43.0
1776886441.0181026,0.0,0.0,-32.0
1776886441.0281026,-3.0,0.0,-28.0
1776886441.0381026,-2.0,0.0,-30.0
1776886441.0481029,-5.0,0.0,-31.0
1776886441.0581028,0.0,1.0,-29.0
1776886441.0681028,3.0,0.0,-30.0
1776886441.0781028,1.0,-3.0,-24.0
1776886441.0881028,3.0,-2.0,-18.0
1776886441.0981028,0.0,-3.0,-26.0
1776886441.1081028,-1.0,0.0,-35.0
1776886441.1181028,-1.0,-3.0,-33.0
1776886441.1281028,0.0,0.0,-22.0
1776886441.1381028,0.0,0.0,-22.0
1776886441.1481028,0.0,0.0,-23.0
1776886441.1581028,-1.0,0.0,-23.0
1776886441.169103,0.0,-2.0,-25.0
1776886441.179103,0.0,1.0,-23.0
1776886441.1891026,2.0,2.0,-29.0
1776886441.1991026,7.0,4.0,-34.0
1776886441.2091026,4.0,0.0,-43.0
1776886441.2191026,2.0,-3.0,-48.0
1776886441.2291028,-2.0,-2.0,-48.0
1776886441.2391028,0.0,-3.0,-44.0
1776886441.2491028,-4.0,0.0,-45.0
1776886441.2591028,-1.0,0.0,-49.0
1776886441.2691028,0.0,-2.0,-48.0
1776886441.2791028,-1.0,0.0,-44.0
1776886441.2891028,-2.0,0.0,-51.0
1776886441.2991028,0.0,-1.0,-41.0
1776886441.3091028,-5.0,-2.0,-37.0
1776886441.3191028,-8.0,-2.0,-38.0
1776886441.3291028,-5.0,-3.0,-36.0
1776886441.3391027,-1.0,-7.0,-42.0
1776886441.3491027,-3.0,-3.0,-44.0
1776886441.3591027,-2.0,-4.0,-49.0
1776886441.3691027,-1.0,-2.0,-48.0
1776886441.3791027,0.0,-2.0,-47.0
1776886441.3891027,-2.0,-3.0,-42.0
1776886441.3991027,-1.0,1.0,-36.0
1776886441.409103,-2.0,0.0,-29.0
1776886441.419103,3.0,1.0,-33.0
1776886441.429103,7.0,0.0,-32.0
1776886441.4391026,2.0,2.0,-35.0
1776886441.4491026,2.0,1.0,-38.0
1776886441.4591026,5.0,0.0,-35.0
1776886441.4691026,7.0,5.0,-33.0
1776886441.4791028,4.0,6.0,-35.0
1776886441.4891028,5.0,3.0,-37.0
1776886441.4991028,5.0,3.0,-36.0
1776886441.5091028,4.0,3.0,-38.0
1776886441.5191028,8.0,5.0,-39.0
1776886441.5291028,7.0,3.0,-33.0
1776886441.5391028,3.0,2.0,-29.0
1776886441.5491028,0.0,4.0,-30.0
1776886441.5591028,1.0,5.0,-32.0
1776886441.5691028,-1.0,8.0,-41.0
1776886441.5791028,-1.0,12.0,-42.0
1776886441.5891027,0.0,9.0,-41.0
1776886441.5991027,2.0,8.0,-42.0
1776886441.6091027,3.0,7.0,-48.0
1776886441.6191027,0.0,2.0,-40.0
1776886441.6291027,1.0,4.0,-40.0
1776886441.6391027,-1.0,3.0,-37.0
1776886441.6491027,0.0,2.0,-37.0
1776886441.659103,-2.0,-3.0,-35.0
1776886441.669103,-3.0,-1.0,-42.0
1776886441.679103,0.0,2.0,-42.0
1776886441.6891026,3.0,3.0,-40.0
1776886441.6991026,5.0,5.0,-42.0
1776886441.7091026,5.0,4.0,-43.0
1776886441.7191026,12.0,5.0,-37.0
1776886441.7291028,8.0,0.0,-39.0
1776886441.7391028,5.0,0.0,-32.0
1776886441.7491028,6.0,3.0,-33.0
1776886441.7591028,6.0,0.0,-41.0
1776886441.7691028,4.0,1.0,-40.0
1776886441.7791028,5.0,0.0,-34.0
1776886441.7891028,7.0,-3.0,-33.0
1776886441.7991028,4.0,-2.0,-36.0
1776886441.8091028,3.0,-3.0,-42.0
1776886441.8191028,2.0,-3.0,-40.0
1776886441.8291028,4.0,-4.0,-38.0
1776886441.8391027,6.0,-5.0,-34.0
1776886441.8491027,2.0,-3.0,-35.0
1776886441.8591027,-1.0,-2.0,-36.0
1776886441.8691027,1.0,2.0,-33.0
1776886441.8791027,-2.0,3.0,-34.0
1776886441.8891027,-10.0,0.0,-28.0
1776886441.8991027,-5.0,0.0,-27.0
1776886441.909103,-3.0,-2.0,-29.0
1776886441.919103,-5.0,-2.0,-35.0
1776886441.929103,0.0,-5.0,-41.0
1776886441.9391026,3.0,-4.0,-43.0
1776886441.9491026,3.0,0.0,-42.0
1776886441.9591026,4.0,0.0,-33.0
1776886441.9691026,3.0,0.0,-32.0
1776886441.9791028,4.0,-3.0,-32.0
1776886441.9891028,4.0,-3.0,-31.0
1776886441.9991028,1.0,-1.0,-26.0
1776886442.0091028,-2.0,-2.0,-28.0
1776886442.0191028,0.0,0.0,-28.0
1776886442.0291028,0.0,0.0,-30.0
1776886442.0391028,1.0,0.0,-26.0
1776886442.0491028,-1.0,0.0,-27.0
1776886442.0591028,0.0,0.0,-29.0
1776886442.0691028,0.0,3.0,-34.0
1776886442.0791028,0.0,5.0,-33.0
1776886442.0891027,0.0,2.0,-31.0
1776886442.0991027,5.0,4.0,-26.0
1776886442.1091027,3.0,2.0,-30.0
1776886442.1191027,0.0,0.0,-32.0
1776886442.1291027,-2.0,-1.0,-36.0
1776886442.1391027,1.0,1.0,-39.0
1776886442.1491027,-3.0,2.0,-37.0
1776886442.159103,-1.0,1.0,-40.0
1776886442.169103,0.0,2.0,-43.0
1776886442.179103,0.0,-1.0,-37.0
1776886442.1891026,0.0,-1.0,-37.0
1776886442.1991026,-2.0,-1.0,-39.0
1776886442.2091026,-1.0,-1.0,-39.0
1776886442.2191026,0.0,-1.0,-44.0
1776886442.2291028,-2.0,-1.0,-47.0
1776886442.2391028,-1.0,-2.0,-46.0
1776886442.2491028,1.0,0.0,-39.0
1776886442.2591028,-3.0,6.0,-37.0
1776886442.2691028,2.0,2.0,-44.0
1776886442.2791028,3.0,3.0,-46.0
1776886442.2891028,7.0,4.0,-48.0
1776886442.2991028,13.0,6.0,-46.0
1776886442.3091028,5.0,5.0,-45.0
1776886442.3191028,2.0,5.0,-45.0
1776886442.3291028,1.0,2.0,-42.0
1776886442.3391027,3.0,0.0,-44.0
1776886442.3491027,0.0,0.0,-43.0
1776886442.3591027,-2.0,1.0,-49.0
1776886442.3691027,-2.0,4.0,-47.0
1776886442.3791027,-2.0,1.0,-43.0
1776886442.3891027,-2.0,-2.0,-42.0
1776886442.3991027,-3.0,-2.0,-50.0
1776886442.409103,-1.0,0.0,-48.0
1776886442.419103,-2.0,4.0,-44.0
1776886442.429103,-3.0,2.0,-43.0
1776886442.4391026,0.0,-2.0,-45.0
1776886442.4491026,0.0,-1.0,-44.0
1776886442.4591026,2.0,0.0,-40.0
1776886442.4691026,0.0,3.0,-35.0
1776886442.4791028,1.0,0.0,-32.0
1776886442.4891028,0.0,0.0,-32.0
1776886442.4991028,3.0,-2.0,-35.0
1776886442.5091028,2.0,-6.0,-39.0
1776886442.5191028,0.0,-5.0,-39.0
1776886442.5291028,-5.0,-7.0,-35.0
1776886442.5391028,-6.0,-6.0,-35.0
1776886442.5491028,-10.0,-7.0,-32.0
1776886442.5591028,-11.0,-8.0,-34.0
1776886442.5691028,-7.0,-7.0,-37.0
1776886442.5791028,-8.0,-6.0,-38.0
1776886442.5891027,-13.0,-4.0,-42.0
1776886442.5991027,-5.0,-4.0,-44.0
1776886442.6091027,-8.0,-8.0,-41.0
1776886442.6191027,-5.0,-5.0,-37.0
1776886442.6291027,0.0,-5.0,-36.0
1776886442.6391027,-2.0,-4.0,-39.0
1776886442.6491027,-1.0,-4.0,-37.0
1776886442.659103,0.0,-1.0,-40.0
1776886442.669103,2.0,0.0,-40.0
1776886442.679103,3.0,-2.0,-38.0
1776886442.6891026,-2.0,-3.0,-42.0
1776886442.6991026,-7.0,-3.0,-41.0
1776886442.7091026,-5.0,0.0,-35.0
1776886442.7191026,-4.0,-4.0,-34.0
1776886442.7291028,-3.0,-1.0,-34.0
1776886442.7391028,-4.0,-1.0,-40.0
1776886442.7491028,-4.0,-1.0,-38.0
1776886442.7591028,-6.0,-1.0,-38.0
1776886442.7691028,-3.0,0.0,-32.0
1776886442.7791028,-2.0,1.0,-34.0
1776886442.7891028,-3.0,-2.0,-38.0
1776886442.7991028,0.0,1.0,-43.0
1776886442.8091028,3.0,3.0,-44.0
1776886442.8191028,1.0,0.0,-40.0
1776886442.8291028,1.0,-6.0,-41.0
1776886442.8391027,0.0,-7.0,-42.0
1776886442.8491027,-4.0,-7.0,-40.0
1776886442.8591027,-3.0,-4.0,-35.0
1776886442.8691027,-4.0,-2.0,-34.0
1776886442.8791027,-4.0,-3.0,-33.0
1776886442.8891027,-6.0,-4.0,-29.0
1776886442.8991027,-6.0,-3.0,-17.0
1776886442.909103,-4.0,-7.0,-24.0
1776886442.919103,-3.0,-9.0,-25.0
1776886442.929103,0.0,-7.0,-33.0
1776886442.9391026,-2.0,-4.0,-29.0
1776886442.9491026,-3.0,-2.0,-33.0
1776886442.9591026,0.0,-2.0,-43.0
1776886442.9691026,0.0,-3.0,-43.0
1776886442.9791028,-3.0,-4.0,-42.0
1776886442.9891028,1.0,-7.0,-36.0
1776886442.9991028,1.0,-7.0,-37.0
1776886443.0091028,2.0,-4.0,-36.0
1776886443.0191028,0.0,-2.0,-44.0
1776886443.0291028,3.0,-5.0,-38.0
1776886443.0391028,4.0,-5.0,-38.0
1776886443.0491028,4.0,-7.0,-36.0
1776886443.0591028,7.0,-7.0,-36.0
1776886443.0691028,4.0,-4.0,-36.0
1776886443.0791028,7.0,-3.0,-42.0
1776886443.0891027,4.0,-1.0,-44.0
1776886443.0991027,8.0,-5.0,-38.0
1776886443.1091027,8.0,-9.0,-37.0
1776886443.1191027,6.0,-5.0,-41.0
1776886443.1291027,4.0,-4.0,-45.0
1776886443.1391027,3.0,-8.0,-39.0
1776886443.1491027,2.0,-5.0,-41.0
1776886443.1601028,3.0,-1.0,-40.0
1776886443.1701028,6.0,-4.0,-42.0
1776886443.179103,9.0,-6.0,-37.0
1776886443.1901028,3.0,-1.0,-32.0
1776886443.1991026,2.0,0.0,-30.0
1776886443.2101028,2.0,2.0,-31.0
1776886443.2201028,4.0,-1.0,-35.0
1776886443.2301028,6.0,2.0,-36.0
1776886443.2401028,2.0,3.0,-32.0
1776886443.2501028,4.0,5.0,-31.0
1776886443.2601027,3.0,6.0,-32.0
1776886443.2701027,-1.0,4.0,-39.0
1776886443.2801027,0.0,4.0,-37.0
1776886443.2901027,-2.0,3.0,-35.0
1776886443.3001027,2.0,-1.0,-38.0
1776886443.3101027,2.0,2.0,-39.0
1776886443.3201027,0.0,4.0,-40.0
1776886443.3301027,-2.0,0.0,-36.0
1776886443.340103,0.0,2.0,-38.0
1776886443.350103,-6.0,1.0,-39.0
1776886443.360103,-9.0,-2.0,-38.0
1776886443.3701026,-9.0,-3.0,-40.0
1776886443.3801026,-6.0,-1.0,-41.0
1776886443.3901026,-5.0,-2.0,-40.0
1776886443.4001029,-6.0,-5.0,-42.0
1776886443.4101028,-1.0,-8.0,-47.0
1776886443.4201028,-1.0,-1.0,-48.0
1776886443.4301028,-1.0,-5.0,-47.0
1776886443.4401028,-1.0,-4.0,-44.0
1776886443.4501028,0.0,-7.0,-43.0
1776886443.4601028,-4.0,-6.0,-41.0
1776886443.4701028,-7.0,-4.0,-38.0
1776886443.4801028,-6.0,-3.0,-32.0
1776886443.4901028,-7.0,1.0,-36.0
1776886443.5001028,-8.0,3.0,-38.0
1776886443.5101027,-5.0,3.0,-32.0
1776886443.5201027,-1.0,4.0,-32.0
1776886443.5301027,9.0,1.0,-34.0
1776886443.5401027,16.0,1.0,-43.0
1776886443.5501027,10.0,1.0,-42.0
1776886443.5601027,5.0,-2.0,-35.0
1776886443.5701027,8.0,3.0,-34.0
1776886443.5801027,7.0,2.0,-33.0
1776886443.590103,4.0,1.0,-35.0
1776886443.600103,2.0,1.0,-36.0
1776886443.610103,3.0,2.0,-38.0
1776886443.6201026,4.0,0.0,-43.0
1776886443.6301026,0.0,3.0,-43.0
1776886443.6401026,-3.0,2.0,-38.0
1776886443.6501029,0.0,-3.0,-36.0
1776886443.6601028,-2.0,-2.0,-36.0
1776886443.6701028,-2.0,-5.0,-35.0
1776886443.6801028,-3.0,-8.0,-29.0
1776886443.6901028,-3.0,-3.0,-28.0
1776886443.7001028,-5.0,-1.0,-35.0
1776886443.7101028,-1.0,2.0,-43.0
1776886443.7201028,1.0,4.0,-49.0
1776886443.7301028,-2.0,5.0,-38.0
1776886443.7401028,-1.0,5.0,-35.0
1776886443.7501028,-1.0,1.0,-35.0
1776886443.7601027,4.0,0.0,-37.0
1776886443.7701027,4.0,-4.0,-39.0
1776886443.7801027,8.0,-4.0,-36.0
1776886443.7901027,8.0,-5.0,-37.0
1776886443.8001027,6.0,-3.0,-33.0
1776886443.8101027,4.0,-1.0,-29.0
1776886443.8201027,6.0,-2.0,-29.0
1776886443.8301027,5.0,1.0,-35.0
1776886443.840103,4.0,5.0,-38.0
1776886443.850103,0.0,4.0,-39.0
1776886443.860103,0.0,2.0,-35.0
1776886443.8701026,3.0,-2.0,-28.0
1776886443.8801026,2.0,-4.0,-28.0
1776886443.8901026,3.0,-3.0,-27.0
1776886443.9001029,2.0,-3.0,-26.0
1776886443.9101028,7.0,0.0,-32.0
1776886443.9201028,0.0,0.0,-34.0
1776886443.9301028,-5.0,0.0,-34.0
1776886443.9401028,-6.0,-2.0,-32.0
1776886443.9501028,-4.0,-2.0,-35.0
1776886443.9601028,-4.0,-4.0,-32.0
1776886443.9701028,2.0,-4.0,-26.0
1776886443.9801028,5.0,-4.0,-27.0
1776886443.9901028,5.0,-7.0,-29.0
1776886444.0001028,8.0,-5.0,-28.0
1776886444.0101027,7.0,-2.0,-33.0
1776886444.0201027,11.0,-1.0,-34.0
1776886444.0301027,6.0,-1.0,-38.0
1776886444.0401027,5.0,-4.0,-44.0
1776886444.0501027,3.0,-7.0,-46.0
1776886444.0601027,3.0,-8.0,-38.0
1776886444.0701027,7.0,-7.0,-43.0
1776886444.0801027,9.0,-10.0,-41.0
1776886444.090103,12.0,-11.0,-45.0
1776886444.100103,13.0,-11.0,-44.0
1776886444.110103,14.0,-8.0,-43.0
1776886444.1201026,13.0,-6.0,-42.0
1776886444.1301026,10.0,-4.0,-38.0
1776886444.1401026,9.0,-5.0,-35.0
1776886444.1501029,7.0,-2.0,-39.0
1776886444.1601028,5.0,-3.0,-39.0
1776886444.1701028,3.0,-2.0,-41.0
1776886444.1801028,6.0,-5.0,-40.0
1776886444.1901028,1.0,-6.0,-43.0
1776886444.2001028,-4.0,-5.0,-44.0
1776886444.2101028,-3.0,-1.0,-40.0
1776886444.2201028,-5.0,-2.0,-37.0
1776886444.2301028,-3.0,-3.0,-40.0
1776886444.2401028,-2.0,-2.0,-38.0
1776886444.2501028,-2.0,0.0,-36.0
1776886444.2601027,0.0,-2.0,-37.0
1776886444.2701027,0.0,0.0,-39.0
1776886444.2801027,0.0,0.0,-44.0
1776886444.2901027,1.0,0.0,-41.0
1776886444.3001027,3.0,2.0,-43.0
1776886444.3101027,2.0,1.0,-40.0
1776886444.3201027,2.0,4.0,-41.0
1776886444.3301027,2.0,1.0,-45.0
1776886444.340103,1.0,0.0,-42.0
1776886444.350103,-2.0,0.0,-39.0
1776886444.360103,-3.0,0.0,-33.0
1776886444.3701026,-3.0,3.0,-34.0
1776886444.3801026,-3.0,3.0,-34.0
1776886444.3901026,-3.0,3.0,-40.0
1776886444.4001029,-1.0,0.0,-44.0
1776886444.4101028,-2.0,0.0,-43.0
1776886444.4201028,-4.0,-2.0,-42.0
1776886444.4301028,-6.0,-2.0,-44.0
1776886444.4401028,0.0,-3.0,-40.0
1776886444.4501028,-1.0,-1.0,-32.0
1776886444.4601028,-2.0,-2.0,-29.0
1776886444.4701028,0.0,0.0,-41.0
1776886444.4801028,6.0,2.0,-40.0
1776886444.4901028,2.0,0.0,-40.0
1776886444.5001028,0.0,-4.0,-39.0
1776886444.5101027,3.0,-5.0,-37.0
1776886444.5201027,0.0,-3.0,-45.0
1776886444.5301027,-2.0,-3.0,-41.0
1776886444.5401027,-2.0,-1.0,-43.0
1776886444.5501027,2.0,-1.0,-41.0
1776886444.5601027,2.0,0.0,-39.0
1776886444.5701027,0.0,-2.0,-40.0
1776886444.5801027,2.0,-4.0,-41.0
1776886444.590103,5.0,-3.0,-39.0
1776886444.600103,5.0,-9.0,-43.0
1776886444.610103,8.0,-13.0,-45.0
1776886444.6201026,6.0,-9.0,-45.0
1776886444.6301026,3.0,-8.0,-46.0
1776886444.6401026,1.0,-7.0,-47.0
1776886444.6501029,0.0,-3.0,-48.0
1776886444.6601028,-4.0,0.0,-49.0
1776886444.6701028,-3.0,4.0,-53.0
1776886444.6801028,0.0,3.0,-44.0
1776886444.6901028,-2.0,1.0,-44.0
1776886444.7001028,0.0,0.0,-36.0
1776886444.7101028,3.0,1.0,-36.0
1776886444.7201028,6.0,1.0,-34.0
1776886444.7301028,11.0,-1.0,-33.0
1776886444.7401028,7.0,1.0,-31.0
1776886444.7501028,3.0,2.0,-27.0
1776886444.7601027,0.0,2.0,-29.0
1776886444.7701027,1.0,6.0,-32.0
1776886444.7801027,-2.0,11.0,-31.0
1776886444.7901027,-6.0,12.0,-35.0
1776886444.8001027,-3.0,12.0,-35.0
1776886444.8101027,-1.0,10.0,-33.0
1776886444.8201027,-1.0,9.0,-38.0
1776886444.8301027,0.0,7.0,-37.0
1776886444.840103,-1.0,1.0,-41.0
1776886444.850103,0.0,4.0,-38.0
1776886444.860103,0.0,4.0,-35.0
1776886444.8701026,0.0,1.0,-40.0
1776886444.8801026,0.0,0.0,-36.0
1776886444.8901026,0.0,-3.0,-39.0
1776886444.9001029,0.0,0.0,-38.0
1776886444.9101028,0.0,2.0,-30.0
1776886444.9201028,1.0,4.0,-28.0
1776886444.9301028,0.0,4.0,-26.0
1776886444.9401028,1.0,8.0,-29.0
1776886444.9501028,0.0,9.0,-31.0
1776886444.9601028,1.0,3.0,-34.0
1776886444.9701028,4.0,0.0,-34.0
1776886444.9801028,1.0,-1.0,-38.0
1776886444.9901028,0.0,-1.0,-33.0
1776886445.0001028,-2.0,-2.0,-40.0
1776886445.0101027,0.0,-2.0,-40.0
1776886445.0201027,-3.0,0.0,-40.0
1776886445.0301027,-5.0,-2.0,-36.0
1776886445.0401027,-4.0,-2.0,-33.0
1776886445.0501027,-1.0,-2.0,-41.0
1776886445.0601027,-1.0,-3.0,-39.0
1776886445.0701027,2.0,-2.0,-30.0
1776886445.0801027,-1.0,-4.0,-34.0
1776886445.090103,2.0,-2.0,-30.0
1776886445.100103,0.0,1.0,-29.0
1776886445.110103,4.0,3.0,-28.0
1776886445.1201026,6.0,4.0,-35.0
1776886445.1301026,3.0,0.0,-43.0
1776886445.1401026,0.0,-2.0,-48.0
1776886445.1511028,1.0,-1.0,-48.0
1776886445.1601028,4.0,0.0,-46.0
1776886445.1711028,-2.0,5.0,-51.0
1776886445.1811028,-7.0,0.0,-52.0
1776886445.1901028,-6.0,-1.0,-60.0
1776886445.2011027,-4.0,-1.0,-52.0
1776886445.2111027,-3.0,2.0,-48.0
1776886445.2211027,-3.0,4.0,-47.0
1776886445.2311027,-2.0,5.0,-46.0
1776886445.2411027,-3.0,4.0,-40.0
1776886445.2511027,3.0,3.0,-42.0
1776886445.261103,6.0,2.0,-36.0
1776886445.271103,6.0,-1.0,-35.0
1776886445.281103,10.0,-2.0,-35.0
1776886445.2911026,7.0,0.0,-40.0
1776886445.3011026,1.0,0.0,-43.0
1776886445.3111026,0.0,-2.0,-41.0
1776886445.3211029,2.0,-1.0,-39.0
1776886445.3311028,0.0,0.0,-42.0
1776886445.3411028,-2.0,1.0,-50.0
1776886445.3511028,-3.0,4.0,-45.0
1776886445.3611028,-1.0,5.0,-39.0
1776886445.3711028,0.0,2.0,-40.0
1776886445.3811028,1.0,0.0,-44.0
1776886445.3911028,-1.0,-2.0,-42.0
1776886445.4011028,-5.0,-5.0,-38.0
1776886445.4111028,-3.0,-6.0,-37.0
1776886445.4211028,0.0,-4.0,-36.0
1776886445.4311028,1.0,-4.0,-37.0
1776886445.4411027,0.0,-6.0,-35.0
1776886445.4511027,2.0,-6.0,-34.0
1776886445.4611027,-2.0,-9.0,-36.0
1776886445.4711027,-1.0,-7.0,-36.0
1776886445.4811027,5.0,-4.0,-37.0
1776886445.4911027,4.0,-2.0,-38.0
1776886445.5011027,2.0,0.0,-38.0
1776886445.511103,1.0,0.0,-42.0
1776886445.521103,-1.0,1.0,-39.0
1776886445.531103,-3.0,3.0,-35.0
1776886445.5411026,-2.0,6.0,-32.0
1776886445.5511026,0.0,6.0,-28.0
1776886445.5611026,0.0,5.0,-26.0
1776886445.5711029,0.0,4.0,-26.0
1776886445.5811028,0.0,2.0,-23.0
1776886445.5911028,-1.0,0.0,-22.0
1776886445.6011028,0.0,-2.0,-23.0
1776886445.6111028,0.0,-4.0,-29.0
1776886445.6211028,-2.0,-4.0,-28.0
1776886445.6311028,-3.0,-2.0,-30.0
1776886445.6411028,-2.0,-3.0,-32.0
1776886445.6511028,-1.0,-5.0,-30.0
1776886445.6611028,-2.0,-5.0,-43.0
1776886445.6711028,2.0,-6.0,-46.0
1776886445.6811028,4.0,-4.0,-46.0
1776886445.6911027,4.0,-2.0,-46.0
1776886445.7011027,6.0,-1.0,-44.0
1776886445.7111027,5.0,-2.0,-48.0
1776886445.7211027,2.0,-1.0,-40.0
1776886445.7311027,0.0,0.0,-46.0
1776886445.7411027,1.0,0.0,-38.0
1776886445.7511027,0.0,0.0,-41.0
1776886445.761103,0.0,-1.0,-47.0
1776886445.771103,1.0,2.0,-46.0
1776886445.781103,3.0,2.0,-43.0
1776886445.7911026,-3.0,2.0,-44.0
1776886445.8011026,-4.0,-2.0,-43.0
1776886445.8111026,-4.0,0.0,-41.0
1776886445.8211029,0.0,4.0,-41.0
1776886445.8311028,3.0,4.0,-45.0
1776886445.8411028,2.0,2.0,-44.0
1776886445.8511028,2.0,4.0,-41.0
1776886445.8611028,1.0,6.0,-43.0
1776886445.8711028,2.0,4.0,-38.0
1776886445.8811028,0.0,0.0,-37.0
1776886445.8911028,0.0,2.0,-30.0
1776886445.9011028,-1.0,2.0,-25.0
1776886445.9111028,0.0,0.0,-22.0
1776886445.9211028,0.0,0.0,-22.0
1776886445.9311028,-3.0,2.0,-30.0
1776886445.9411027,-2.0,0.0,-31.0
1776886445.9511027,-1.0,0.0,-33.0
1776886445.9611027,0.0,3.0,-34.0
1776886445.9711027,0.0,3.0,-36.0
1776886445.9811027,0.0,2.0,-39.0
1776886445.9911027,3.0,-3.0,-42.0
1776886446.0011027,2.0,-1.0,-38.0
1776886446.011103,2.0,-2.0,-36.0
1776886446.021103,-2.0,0.0,-33.0
1776886446.031103,0.0,0.0,-42.0
1776886446.0411026,5.0,0.0,-38.0
1776886446.0511026,1.0,-3.0,-35.0
1776886446.0611026,0.0,-1.0,-40.0
1776886446.0711029,2.0,-4.0,-39.0
1776886446.0811028,2.0,-2.0,-39.0
1776886446.0911028,-1.0,-5.0,-43.0
1776886446.1011028,-3.0,-4.0,-41.0
1776886446.1111028,-2.0,-2.0,-39.0
1776886446.1211028,0.0,-1.0,-45.0
1776886446.1311028,-4.0,0.0,-51.0
1776886446.1411028,4.0,3.0,-47.0
1776886446.1511028,2.0,1.0,-43.0
1776886446.1611028,1.0,2.0,-43.0
1776886446.1711028,1.0,2.0,-39.0
1776886446.1811028,0.0,1.0,-40.0
1776886446.1911027,2.0,-1.0,-39.0
1776886446.2011027,-3.0,-1.0,-39.0
1776886446.2111027,1.0,-5.0,-37.0
1776886446.2211027,1.0,-5.0,-36.0
1776886446.2311027,0.0,-2.0,-37.0
1776886446.2411027,0.0,-4.0,-38.0
1776886446.2511027,-1.0,-4.0,-40.0
1776886446.261103,0.0,-5.0,-35.0
1776886446.271103,4.0,-6.0,-35.0
1776886446.281103,6.0,-2.0,-30.0
1776886446.2911026,3.0,-2.0,-35.0
1776886446.3011026,5.0,-1.0,-37.0
1776886446.3111026,2.0,-2.0,-39.0
1776886446.3211029,2.0,-2.0,-41.0
1776886446.3311028,1.0,0.0,-40.0
1776886446.3411028,0.0,0.0,-38.0
1776886446.3511028,4.0,-1.0,-35.0
1776886446.3611028,3.0,0.0,-36.0
1776886446.3711028,0.0,1.0,-40.0
1776886446.3811028,1.0,-1.0,-35.0
1776886446.3911028,-1.0,-5.0,-38.0
1776886446.4011028,0.0,-3.0,-41.0
1776886446.4111028,-1.0,-2.0,-36.0
1776886446.4211028,-2.0,-2.0,-32.0
1776886446.4311028,-1.0,0.0,-33.0
1776886446.4411027,1.0,0.0,-40.0
1776886446.4511027,0.0,-1.0,-42.0
1776886446.4611027,3.0,-3.0,-40.0
1776886446.4711027,4.0,-3.0,-38.0
1776886446.4811027,4.0,-1.0,-39.0
1776886446.4911027,3.0,0.0,-37.0
1776886446.5011027,2.0,-2.0,-33.0
1776886446.511103,3.0,1.0,-29.0
1776886446.521103,4.0,-1.0,-28.0
1776886446.531103,0.0,-5.0,-28.0
1776886446.5411026,-1.0,-2.0,-29.0
1776886446.5511026,-5.0,0.0,-30.0
1776886446.5611026,-3.0,0.0,-29.0
1776886446.5711029,-1.0,0.0,-29.0
1776886446.5811028,-2.0,-1.0,-29.0
1776886446.5911028,-3.0,-2.0,-28.0
1776886446.6011028,3.0,0.0,-27.0
1776886446.6111028,5.0,0.0,-28.0
1776886446.6211028,0.0,-6.0,-29.0
1776886446.6311028,0.0,-5.0,-34.0
1776886446.6411028,0.0,-6.0,-40.0
1776886446.6511028,-5.0,-3.0,-36.0
1776886446.6611028,-4.0,0.0,-38.0
1776886446.6711028,-4.0,0.0,-38.0
1776886446.6811028,-2.0,-1.0,-40.0
1776886446.6911027,0.0,2.0,-43.0
1776886446.7011027,0.0,-3.0,-40.0
1776886446.7111027,0.0,-4.0,-42.0
1776886446.7211027,-4.0,0.0,-42.0
1776886446.7311027,0.0,2.0,-36.0
1776886446.7411027,3.0,0.0,-44.0
1776886446.7511027,3.0,0.0,-44.0
1776886446.761103,3.0,4.0,-38.0
1776886446.771103,1.0,2.0,-36.0
1776886446.781103,2.0,2.0,-40.0
1776886446.7911026,1.0,-2.0,-36.0
1776886446.8011026,-1.0,0.0,-30.0
1776886446.8111026,-2.0,-3.0,-31.0
1776886446.8211029,-6.0,-6.0,-29.0
1776886446.8311028,-9.0,-8.0,-29.0
1776886446.8411028,-9.0,-8.0,-29.0
1776886446.8511028,-5.0,-8.0,-38.0
1776886446.8611028,-3.0,-4.0,-43.0
1776886446.8711028,0.0,-4.0,-41.0
1776886446.8811028,1.0,-3.0,-44.0
1776886446.8911028,-1.0,-4.0,-45.0
1776886446.9011028,-4.0,-2.0,-43.0
1776886446.9111028,-1.0,-1.0,-44.0
1776886446.9211028,-3.0,1.0,-49.0
1776886446.9311028,-2.0,5.0,-47.0
1776886446.9411027,0.0,0.0,-51.0
1776886446.9511027,0.0,0.0,-45.0
1776886446.9611027,0.0,5.0,-44.0
1776886446.9711027,0.0,5.0,-46.0
1776886446.9811027,2.0,2.0,-40.0
1776886446.9911027,2.0,0.0,-33.0
1776886447.0011027,1.0,0.0,-34.0
1776886447.011103,0.0,-1.0,-39.0
1776886447.021103,2.0,-2.0,-49.0
1776886447.031103,6.0,-2.0,-48.0
1776886447.0411026,4.0,0.0,-45.0
1776886447.0511026,1.0,-3.0,-42.0
1776886447.0611026,1.0,-3.0,-39.0
1776886447.0711029,0.0,-2.0,-35.0
1776886447.0811028,0.0,-3.0,-35.0
1776886447.0911028,1.0,0.0,-34.0
1776886447.1011028,-1.0,-2.0,-38.0
1776886447.1111028,-2.0,-2.0,-40.0
1776886447.1211028,-6.0,0.0,-37.0
1776886447.1321027,0.0,-1.0,-37.0
1776886447.1411028,0.0,-3.0,-42.0
1776886447.1511028,-6.0,-5.0,-38.0
1776886447.1611028,-2.0,-5.0,-34.0
1776886447.1721027,2.0,-5.0,-32.0
1776886447.182103,0.0,-2.0,-33.0
1776886447.192103,3.0,-2.0,-40.0
1776886447.202103,0.0,-3.0,-36.0
1776886447.212103,0.0,-5.0,-33.0
1776886447.2221026,0.0,-7.0,-36.0
1776886447.2321026,0.0,-11.0,-33.0
1776886447.2421026,0.0,-10.0,-30.0
1776886447.2521029,3.0,-6.0,-34.0
1776886447.2621028,4.0,-3.0,-34.0
1776886447.2721028,2.0,-2.0,-31.0
1776886447.2821028,0.0,-7.0,-29.0
1776886447.2921028,-3.0,-6.0,-28.0
1776886447.3021028,-2.0,-4.0,-24.0
1776886447.3121028,0.0,-4.0,-33.0
1776886447.3221028,-2.0,-5.0,-32.0
1776886447.3321028,-3.0,-4.0,-34.0
1776886447.3421028,-2.0,0.0,-34.0
1776886447.3521028,-2.0,-1.0,-35.0
1776886447.3621027,0.0,0.0,-36.0
1776886447.3721027,2.0,-2.0,-38.0
1776886447.3821027,0.0,-4.0,-37.0
1776886447.3921027,0.0,-3.0,-40.0
1776886447.4021027,-5.0,-2.0,-45.0
1776886447.4121027,-5.0,-6.0,-48.0
1776886447.4221027,-1.0,-8.0,-47.0
1776886447.432103,-1.0,-3.0,-48.0
1776886447.442103,-7.0,0.0,-47.0
1776886447.452103,-10.0,-1.0,-46.0
1776886447.462103,-3.0,-3.0,-43.0
1776886447.4721026,-3.0,-2.0,-42.0
1776886447.4821026,-5.0,-4.0,-43.0
1776886447.4921026,-2.0,-3.0,-35.0
1776886447.5021029,-7.0,0.0,-24.0
1776886447.5121028,-8.0,0.0,-24.0
1776886447.5221028,-6.0,0.0,-29.0
1776886447.5321028,-6.0,0.0,-33.0
1776886447.5421028,-2.0,1.0,-39.0
1776886447.5521028,-2.0,-2.0,-37.0
1776886447.5621028,3.0,-4.0,-35.0
1776886447.5721028,1.0,-6.0,-33.0
1776886447.5821028,2.0,-5.0,-34.0
1776886447.5921028,4.0,-2.0,-41.0
1776886447.6021028,0.0,-2.0,-45.0
1776886447.6121027,-1.0,-5.0,-43.0
1776886447.6221027,0.0,-6.0,-48.0
1776886447.6321027,2.0,-9.0,-53.0
1776886447.6421027,4.0,-7.0,-48.0
1776886447.6521027,4.0,-5.0,-45.0
1776886447.6621027,1.0,-4.0,-45.0
1776886447.6721027,-2.0,-4.0,-40.0
1776886447.682103,0.0,-3.0,-35.0
1776886447.692103,2.0,0.0,-40.0
1776886447.702103,2.0,1.0,-41.0
1776886447.712103,1.0,3.0,-41.0
1776886447.7221026,0.0,5.0,-39.0
1776886447.7321026,-1.0,6.0,-36.0
1776886447.7421026,0.0,2.0,-32.0
1776886447.7521029,-1.0,6.0,-30.0
1776886447.7621028,0.0,4.0,-29.0
1776886447.7721028,-1.0,-1.0,-35.0
1776886447.7821028,1.0,-3.0,-39.0
1776886447.7921028,0.0,-5.0,-40.0
1776886447.8021028,2.0,-6.0,-37.0
1776886447.8121028,6.0,-1.0,-37.0
1776886447.8221028,4.0,0.0,-32.0
1776886447.8321028,0.0,2.0,-31.0
1776886447.8421028,0.0,0.0,-34.0
1776886447.8521028,-2.0,-3.0,-40.0
1776886447.8621027,-3.0,0.0,-38.0
1776886447.8721027,-5.0,-1.0,-38.0
1776886447.8821027,0.0,0.0,-40.0
1776886447.8921027,0.0,0.0,-42.0
1776886447.9021027,4.0,-1.0,-39.0
1776886447.9121027,5.0,-2.0,-42.0
1776886447.9221027,7.0,-2.0,-43.0
1776886447.932103,3.0,-3.0,-47.0
1776886447.942103,6.0,-2.0,-55.0
1776886447.952103,4.0,0.0,-44.0
1776886447.962103,7.0,1.0,-42.0
1776886447.9721026,7.0,0.0,-45.0
1776886447.9821026,8.0,-5.0,-46.0
1776886447.9921026,6.0,-6.0,-50.0
1776886448.0021029,2.0,-2.0,-48.0
1776886448.0121028,2.0,-2.0,-49.0
1776886448.0221028,2.0,-7.0,-46.0
1776886448.0321028,-1.0,-5.0,-47.0
1776886448.0421028,0.0,-4.0,-44.0
1776886448.0521028,0.0,-3.0,-47.0
1776886448.0621028,0.0,-3.0,-44.0
1776886448.0721028,-2.0,-3.0,-38.0
1776886448.0821028,-4.0,-4.0,-41.0
1776886448.0921028,-1.0,-5.0,-41.0
1776886448.1021028,0.0,-6.0,-43.0
1776886448.1121027,-5.0,-5.0,-41.0
1776886448.1221027,-4.0,-9.0,-45.0
1776886448.1321027,-5.0,-7.0,-43.0
1776886448.1421027,-6.0,-4.0,-50.0
1776886448.1521027,-3.0,-3.0,-44.0
1776886448.1621027,1.0,0.0,-40.0
1776886448.1721027,2.0,0.0,-40.0
1776886448.182103,-1.0,4.0,-45.0
1776886448.192103,-6.0,4.0,-37.0
1776886448.202103,-7.0,4.0,-33.0
1776886448.212103,-6.0,1.0,-33.0
1776886448.2221026,-3.0,-3.0,-36.0
1776886448.2321026,1.0,-1.0,-36.0
1776886448.2421026,2.0,1.0,-44.0
1776886448.2521029,2.0,3.0,-43.0
1776886448.2621028,3.0,0.0,-49.0
1776886448.2721028,4.0,-3.0,-44.0
1776886448.2821028,5.0,-3.0,-44.0
1776886448.2921028,3.0,-4.0,-49.0
1776886448.3021028,0.0,0.0,-52.0
1776886448.3121028,1.0,0.0,-50.0
1776886448.3221028,0.0,1.0,-44.0
1776886448.3321028,3.0,0.0,-46.0
1776886448.3421028,1.0,-4.0,-47.0
1776886448.3521028,3.0,-2.0,-56.0
1776886448.3621027,6.0,-1.0,-56.0
1776886448.3721027,8.0,0.0,-55.0
1776886448.3821027,7.0,-2.0,-53.0
1776886448.3921027,4.0,-5.0,-47.0
1776886448.4021027,3.0,-2.0,-40.0
1776886448.4121027,9.0,0.0,-35.0
1776886448.4221027,4.0,0.0,-39.0
1776886448.432103,1.0,0.0,-35.0
1776886448.442103,0.0,-3.0,-36.0
1776886448.452103,0.0,-3.0,-31.0
1776886448.462103,0.0,-6.0,-31.0
1776886448.4721026,0.0,-6.0,-29.0
1776886448.4821026,-2.0,-6.0,-27.0
1776886448.4921026,-4.0,-2.0,-24.0
1776886448.5021029,-7.0,-3.0,-29.0
1776886448.5121028,-6.0,-7.0,-28.0
1776886448.5221028,-3.0,-6.0,-37.0
1776886448.5321028,-5.0,-2.0,-38.0
1776886448.5421028,-7.0,3.0,-41.0
1776886448.5521028,-4.0,1.0,-44.0
1776886448.5621028,0.0,-3.0,-40.0
1776886448.5721028,0.0,0.0,-40.0
1776886448.5821028,1.0,0.0,-43.0
1776886448.5921028,1.0,0.0,-42.0
1776886448.6021028,4.0,2.0,-38.0
1776886448.6121027,4.0,0.0,-38.0
1776886448.6221027,4.0,3.0,-35.0
1776886448.6321027,7.0,1.0,-32.0
1776886448.6421027,5.0,-2.0,-34.0
1776886448.6521027,5.0,-1.0,-31.0
1776886448.6621027,0.0,0.0,-38.0
1776886448.6721027,-2.0,0.0,-47.0
1776886448.682103,0.0,-3.0,-46.0
1776886448.692103,0.0,-5.0,-38.0
1776886448.702103,2.0,-4.0,-45.0
1776886448.712103,1.0,-6.0,-43.0
1776886448.7221026,1.0,-8.0,-41.0
1776886448.7321026,2.0,-4.0,-44.0
1776886448.7421026,4.0,-4.0,-40.0
1776886448.7521029,3.0,-1.0,-48.0
1776886448.7621028,6.0,2.0,-52.0
1776886448.7721028,1.0,0.0,-50.0
1776886448.7821028,-1.0,0.0,-49.0
1776886448.7921028,-1.0,1.0,-43.0
1776886448.8021028,-1.0,0.0,-46.0
1776886448.8121028,0.0,2.0,-45.0
1776886448.8221028,4.0,1.0,-41.0
1776886448.8321028,4.0,-5.0,-46.0
1776886448.8421028,3.0,-8.0,-46.0
1776886448.8521028,5.0,-7.0,-36.0
1776886448.8621027,2.0,-7.0,-37.0
1776886448.8721027,0.0,0.0,-45.0
1776886448.8821027,-2.0,3.0,-44.0
1776886448.8921027,-3.0,1.0,-49.0
1776886448.9021027,-2.0,-4.0,-43.0
1776886448.9121027,-6.0,-4.0,-42.0
1776886448.9221027,-3.0,0.0,-37.0
1776886448.932103,1.0,0.0,-40.0
1776886448.942103,0.0,-3.0,-40.0
1776886448.952103,-1.0,-5.0,-43.0
1776886448.962103,-4.0,-2.0,-43.0
1776886448.9721026,-1.0,0.0,-39.0
1776886448.9821026,0.0,-4.0,-42.0
1776886448.9921026,2.0,-2.0,-38.0
1776886449.0021029,5.0,-4.0,-30.0
1776886449.0121028,4.0,0.0,-28.0
1776886449.0221028,4.0,1.0,-31.0
1776886449.0321028,2.0,3.0,-32.0
1776886449.0421028,2.0,1.0,-35.0
1776886449.0521028,1.0,1.0,-42.0
1776886449.0621028,0.0,0.0,-49.0
1776886449.0731027,3.0,-1.0,-42.0
1776886449.0821028,3.0,-2.0,-39.0
1776886449.0921028,3.0,0.0,-34.0
1776886449.1021028,6.0,-1.0,-39.0
1776886449.1121027,1.0,-1.0,-35.0
1776886449.1221027,0.0,-1.0,-32.0
1776886449.1321027,2.0,0.0,-31.0
1776886449.1421027,3.0,0.0,-31.0
1776886449.1521027,0.0,-3.0,-30.0
1776886449.1621027,-1.0,-6.0,-33.0
1776886449.1721027,-2.0,-8.0,-41.0
1776886449.1831028,-1.0,-6.0,-43.0
1776886449.1931028,0.0,-7.0,-42.0
1776886449.2031028,-1.0,-7.0,-41.0
1776886449.2131028,2.0,-8.0,-39.0
1776886449.2231028,-4.0,-4.0,-35.0
1776886449.2331028,-6.0,-4.0,-38.0
1776886449.2431028,-6.0,-5.0,-46.0
1776886449.2531028,-9.0,-2.0,-53.0
1776886449.2631028,-5.0,-2.0,-51.0
1776886449.2731028,-1.0,0.0,-50.0
1776886449.2831028,3.0,0.0,-44.0
1776886449.2931027,1.0,0.0,-43.0
1776886449.3031027,-1.0,0.0,-49.0
1776886449.3131027,0.0,1.0,-47.0
1776886449.3231027,0.0,0.0,-40.0
1776886449.3331027,0.0,0.0,-37.0
1776886449.3431027,0.0,0.0,-36.0
1776886449.3531027,-2.0,1.0,-30.0
1776886449.363103,-2.0,0.0,-31.0
1776886449.373103,-1.0,1.0,-39.0
1776886449.383103,-1.0,0.0,-41.0
1776886449.3931026,0.0,-1.0,-44.0
1776886449.4031026,0.0,-4.0,-49.0
1776886449.4131026,-2.0,0.0,-45.0
1776886449.4231029,-3.0,1.0,-46.0
1776886449.4331028,-3.0,0.0,-52.0
1776886449.4431028,-3.0,0.0,-48.0
1776886449.4531028,-1.0,-3.0,-52.0
1776886449.4631028,-1.0,1.0,-57.0
1776886449.4731028,-2.0,2.0,-54.0
1776886449.4831028,-2.0,3.0,-49.0
1776886449.4931028,-1.0,1.0,-46.0
1776886449.5031028,0.0,1.0,-38.0
1776886449.5131028,4.0,4.0,-35.0
1776886449.5231028,4.0,5.0,-34.0
1776886449.5331028,1.0,6.0,-29.0
1776886449.5431027,0.0,4.0,-33.0
1776886449.5531027,4.0,0.0,-34.0
1776886449.5631027,5.0,-1.0,-33.0
1776886449.5731027,6.0,-7.0,-35.0
1776886449.5831027,1.0,-9.0,-38.0
1776886449.5931027,-3.0,-6.0,-41.0
1776886449.6031027,-3.0,-8.0,-38.0
1776886449.613103,-3.0,-8.0,-32.0
1776886449.623103,-6.0,-8.0,-33.0
1776886449.633103,-4.0,-4.0,-29.0
1776886449.6431026,-4.0,-4.0,-33.0
1776886449.6531026,-3.0,-1.0,-34.0
1776886449.6631026,1.0,0.0,-44.0
1776886449.6731029,2.0,1.0,-50.0
1776886449.6831028,-2.0,1.0,-53.0
1776886449.6931028,-4.0,0.0,-54.0
1776886449.7031028,-6.0,1.0,-57.0
1776886449.7131028,-5.0,1.0,-57.0
1776886449.7231028,-7.0,1.0,-45.0
1776886449.7331028,-3.0,2.0,-41.0
1776886449.7431028,0.0,1.0,-41.0
1776886449.7531028,-3.0,1.0,-36.0
1776886449.7631028,-4.0,4.0,-34.0
1776886449.7731028,-6.0,4.0,-35.0
1776886449.7831028,-9.0,4.0,-36.0
1776886449.7931027,-8.0,-1.0,-36.0
1776886449.8031027,-4.0,-5.0,-41.0
1776886449.8131027,-3.0,-4.0,-34.0
1776886449.8231027,1.0,-1.0,-36.0
1776886449.8331027,2.0,0.0,-39.0
1776886449.8431027,1.0,2.0,-37.0
1776886449.8531027,0.0,0.0,-36.0
1776886449.863103,-1.0,0.0,-30.0
1776886449.873103,0.0,-2.0,-28.0
1776886449.883103,-2.0,-2.0,-23.0
1776886449.8931026,-7.0,-2.0,-22.0
1776886449.9031026,-8.0,-2.0,-29.0
1776886449.9131026,-4.0,-1.0,-30.0
1776886449.9231029,-6.0,-4.0,-27.0
1776886449.9331028,-3.0,-4.0,-35.0
1776886449.9431028,-1.0,-2.0,-36.0
1776886449.9531028,-1.0,-1.0,-39.0
1776886449.9631028,2.0,0.0,-38.0
1776886449.9731028,7.0,0.0,-45.0
1776886449.9831028,4.0,0.0,-47.0
1776886449.9931028,3.0,4.0,-45.0
1776886450.0031028,4.0,2.0,-47.0
1776886450.0131028,3.0,-2.0,-45.0
1776886450.0231028,6.0,0.0,-46.0
1776886450.0331028,7.0,0.0,-49.0
1776886450.0431027,5.0,-4.0,-51.0
1776886450.0531027,5.0,-7.0,-47.0
1776886450.0631027,-2.0,-7.0,-45.0
1776886450.0731027,-2.0,-8.0,-40.0
1776886450.0831027,-2.0,-4.0,-36.0
1776886450.0931027,-3.0,0.0,-38.0
1776886450.1031027,1.0,3.0,-41.0
1776886450.113103,2.0,5.0,-48.0
1776886450.123103,2.0,5.0,-52.0
1776886450.133103,0.0,1.0,-50.0
1776886450.1431026,-2.0,4.0,-50.0
1776886450.1531026,-1.0,2.0,-49.0
1776886450.1631026,-3.0,-3.0,-47.0
1776886450.1731029,-1.0,-4.0,-48.0
1776886450.1831028,-2.0,-2.0,-44.0
1776886450.1931028,-3.0,-3.0,-42.0
1776886450.2031028,-3.0,0.0,-42.0
1776886450.2131028,1.0,1.0,-43.0
1776886450.2231028,1.0,1.0,-43.0
1776886450.2331028,0.0,0.0,-38.0
1776886450.2431028,3.0,-2.0,-33.0
1776886450.2531028,5.0,-2.0,-35.0
1776886450.2631028,2.0,-4.0,-39.0
1776886450.2731028,0.0,-2.0,-40.0
1776886450.2831028,-1.0,0.0,-39.0
1776886450.2931027,-2.0,-4.0,-38.0
1776886450.3031027,0.0,-2.0,-40.0
1776886450.3131027,0.0,-1.0,-37.0
1776886450.3231027,-8.0,-2.0,-38.0
1776886450.3331027,-7.0,-2.0,-36.0
1776886450.3431027,-5.0,-1.0,-38.0
1776886450.3531027,3.0,5.0,-41.0
1776886450.363103,3.0,0.0,-41.0
1776886450.373103,1.0,-1.0,-44.0
1776886450.383103,2.0,-3.0,-43.0
1776886450.3931026,3.0,-3.0,-38.0
1776886450.4031026,4.0,-2.0,-38.0
1776886450.4131026,-1.0,0.0,-35.0
1776886450.4231029,0.0,1.0,-39.0
1776886450.4331028,4.0,0.0,-38.0
1776886450.4431028,7.0,0.0,-37.0
1776886450.4531028,5.0,-2.0,-35.0
1776886450.4631028,6.0,0.0,-33.0
1776886450.4731028,1.0,0.0,-38.0
1776886450.4831028,-7.0,-4.0,-39.0
1776886450.4931028,-7.0,-7.0,-38.0
1776886450.5031028,-4.0,-8.0,-41.0
1776886450.5131028,2.0,-7.0,-45.0
1776886450.5231028,7.0,-6.0,-42.0
1776886450.5331028,8.0,-3.0,-41.0
1776886450.5431027,6.0,-3.0,-42.0
1776886450.5531027,0.0,-1.0,-35.0
1776886450.5631027,-1.0,-1.0,-39.0
1776886450.5731027,-5.0,-6.0,-42.0
1776886450.5831027,-7.0,-6.0,-39.0
1776886450.5931027,-10.0,-6.0,-40.0
1776886450.6031027,-4.0,-3.0,-45.0
1776886450.613103,-7.0,-9.0,-48.0
1776886450.623103,-4.0,-7.0,-47.0
1776886450.633103,-5.0,-3.0,-47.0
1776886450.6431026,-2.0,-2.0,-42.0
1776886450.6531026,-6.0,-5.0,-40.0
1776886450.6631026,-2.0,-6.0,-42.0
1776886450.6731029,-1.0,-8.0,-38.0
1776886450.6831028,-3.0,-8.0,-42.0
1776886450.6931028,-3.0,-7.0,-41.0
1776886450.7031028,0.0,-8.0,-37.0
1776886450.7131028,2.0,-5.0,-40.0
1776886450.7231028,1.0,-5.0,-40.0
1776886450.7331028,-3.0,-7.0,-39.0
1776886450.7431028,-3.0,-5.0,-42.0
1776886450.7531028,-5.0,-5.0,-40.0
1776886450.7631028,-7.0,-6.0,-37.0
1776886450.7731028,-3.0,-3.0,-36.0
1776886450.7831028,-2.0,-1.0,-45.0
1776886450.7931027,2.0,-1.0,-43.0
1776886450.8031027,2.0,1.0,-40.0
1776886450.8131027,3.0,0.0,-35.0
1776886450.8231027,-2.0,2.0,-40.0
1776886450.8331027,-2.0,4.0,-37.0
1776886450.8431027,-3.0,1.0,-44.0
1776886450.8531027,0.0,4.0,-49.0
1776886450.863103,0.0,4.0,-49.0
1776886450.873103,2.0,4.0,-44.0
1776886450.883103,0.0,3.0,-39.0
1776886450.8931026,1.0,0.0,-40.0
1776886450.9031026,3.0,-2.0,-45.0
1776886450.9131026,3.0,-5.0,-46.0
1776886450.9231029,4.0,-1.0,-44.0
1776886450.9331028,3.0,-2.0,-41.0
1776886450.9431028,0.0,-1.0,-41.0
1776886450.9531028,2.0,0.0,-39.0
1776886450.9631028,0.0,-1.0,-39.0
1776886450.9731028,1.0,2.0,-38.0
1776886450.9831028,0.0,3.0,-37.0
1776886450.9931028,3.0,2.0,-41.0
1776886451.0031028,3.0,0.0,-46.0
1776886451.0131028,4.0,-2.0,-42.0
1776886451.0231028,4.0,-2.0,-37.0
1776886451.0331028,1.0,-4.0,-34.0
1776886451.0431027,1.0,-1.0,-37.0
1776886451.0531027,0.0,-2.0,-37.0
1776886451.0631027,0.0,-4.0,-32.0
1776886451.0731027,0.0,-3.0,-30.0
1776886451.0831027,0.0,-2.0,-28.0
1776886451.0931027,0.0,-3.0,-31.0
1776886451.1031027,3.0,4.0,-36.0
1776886451.1141028,0.0,6.0,-33.0
1776886451.123103,0.0,9.0,-35.0
1776886451.1341028,0.0,12.0,-34.0
1776886451.1431026,-1.0,8.0,-40.0
1776886451.1541028,-2.0,8.0,-42.0
1776886451.1641028,-2.0,5.0,-45.0
1776886451.1731029,-2.0,1.0,-46.0
1776886451.1841028,-3.0,1.0,-46.0
1776886451.1941028,-6.0,3.0,-51.0
1776886451.2041028,-7.0,6.0,-51.0
1776886451.2141027,-12.0,5.0,-51.0
1776886451.2231028,-11.0,2.0,-55.0
1776886451.2341027,-10.0,3.0,-50.0
1776886451.2441027,-4.0,0.0,-52.0
1776886451.2541027,-4.0,-2.0,-48.0
1776886451.2641027,-1.0,2.0,-46.0
1776886451.2741027,2.0,-2.0,-39.0
1776886451.284103,5.0,-1.0,-40.0
1776886451.294103,2.0,1.0,-45.0
1776886451.304103,-1.0,3.0,-47.0
1776886451.3141026,-3.0,1.0,-46.0
1776886451.3241026,-6.0,3.0,-49.0
1776886451.3341026,-3.0,4.0,-43.0
1776886451.3441026,-4.0,4.0,-34.0
1776886451.3541028,-1.0,-1.0,-33.0
1776886451.3641028,-2.0,-5.0,-30.0
1776886451.3741028,-5.0,-4.0,-26.0
1776886451.3841028,-7.0,-7.0,-24.0
1776886451.3941028,-8.0,-12.0,-28.0
1776886451.4041028,-6.0,-5.0,-31.0
1776886451.4141028,-6.0,-6.0,-36.0
1776886451.4241028,-5.0,-1.0,-33.0
1776886451.4341028,-2.0,-3.0,-33.0
1776886451.4441028,-2.0,-5.0,-38.0
1776886451.4541028,-2.0,-4.0,-42.0
1776886451.4641027,-3.0,-2.0,-36.0
1776886451.4741027,-5.0,0.0,-32.0
1776886451.4841027,-2.0,1.0,-31.0
1776886451.4941027,0.0,1.0,-30.0
1776886451.5041027,-3.0,3.0,-27.0
1776886451.5141027,0.0,3.0,-33.0
1776886451.5241027,5.0,4.0,-34.0
1776886451.534103,5.0,1.0,-33.0
1776886451.544103,7.0,0.0,-39.0
1776886451.554103,4.0,0.0,-35.0
1776886451.5641026,-2.0,-3.0,-36.0
1776886451.5741026,4.0,-6.0,-35.0
1776886451.5841026,4.0,-4.0,-36.0
1776886451.5941026,3.0,-1.0,-43.0
1776886451.6041028,4.0,-3.0,-45.0
1776886451.6141028,0.0,-8.0,-40.0
1776886451.6241028,4.0,-9.0,-41.0
1776886451.6341028,4.0,-11.0,-42.0
1776886451.6441028,0.0,-4.0,-35.0
1776886451.6541028,4.0,0.0,-37.0
1776886451.6641028,8.0,0.0,-34.0
1776886451.6741028,8.0,1.0,-38.0
1776886451.6841028,9.0,-2.0,-35.0
1776886451.6941028,7.0,-2.0,-35.0
1776886451.7041028,4.0,1.0,-36.0
1776886451.7141027,1.0,-2.0,-34.0
1776886451.7241027,-1.0,-3.0,-27.0
1776886451.7341027,-5.0,-5.0,-31.0
1776886451.7441027,-2.0,-6.0,-35.0
1776886451.7541027,-2.0,-7.0,-36.0
1776886451.7641027,0.0,-6.0,-34.0
1776886451.7741027,6.0,-6.0,-35.0
1776886451.784103,6.0,-9.0,-34.0
1776886451.794103,4.0,-8.0,-35.0
1776886451.804103,0.0,-6.0,-40.0
1776886451.8141026,0.0,-6.0,-45.0
1776886451.8241026,3.0,-6.0,-48.0
1776886451.8341026,-3.0,-5.0,-42.0
1776886451.8441026,-3.0,-7.0,-42.0
1776886451.8541028,-1.0,-3.0,-37.0
1776886451.8641028,-2.0,-3.0,-39.0
1776886451.8741028,0.0,0.0,-44.0
1776886451.8841028,0.0,2.0,-40.0
1776886451.8941028,0.0,0.0,-39.0
1776886451.9041028,0.0,-3.0,-37.0
1776886451.9141028,-3.0,-3.0,-36.0
1776886451.9241028,-1.0,-4.0,-41.0
1776886451.9341028,-3.0,-4.0,-38.0
1776886451.9441028,-9.0,-1.0,-41.0
1776886451.9541028,-4.0,0.0,-44.0
1776886451.9641027,-3.0,0.0,-38.0
1776886451.9741027,-6.0,-3.0,-28.0
1776886451.9841027,-5.0,-3.0,-26.0
1776886451.9941027,-6.0,-2.0,-29.0
1776886452.0041027,-7.0,-4.0,-30.0
1776886452.0141027,-6.0,-1.0,-29.0
1776886452.0241027,-5.0,-3.0,-27.0
1776886452.034103,-6.0,-2.0,-33.0
1776886452.044103,-4.0,-1.0,-40.0
1776886452.054103,0.0,-1.0,-41.0
1776886452.0641026,1.0,0.0,-37.0
1776886452.0741026,6.0,3.0,-33.0
1776886452.0841026,6.0,3.0,-32.0
1776886452.0941026,3.0,5.0,-36.0
1776886452.1041028,3.0,6.0,-33.0
1776886452.1141028,2.0,6.0,-31.0
1776886452.1241028,4.0,1.0,-29.0
1776886452.1341028,7.0,-7.0,-33.0
1776886452.1451027,8.0,-6.0,-35.0
1776886452.1541028,6.0,-7.0,-33.0
1776886452.1641028,2.0,-9.0,-29.0
1776886452.1741028,1.0,-3.0,-32.0
1776886452.1841028,4.0,1.0,-35.0
1776886452.1941028,4.0,1.0,-34.0
1776886452.2041028,0.0,0.0,-40.0
1776886452.2141027,-1.0,2.0,-40.0
1776886452.2241027,-1.0,6.0,-31.0
1776886452.2341027,-3.0,6.0,-31.0
1776886452.2441027,-4.0,5.0,-33.0
1776886452.2541027,-3.0,2.0,-30.0
1776886452.2641027,-8.0,3.0,-34.0
1776886452.2741027,-6.0,4.0,-37.0
1776886452.284103,-3.0,0.0,-43.0
1776886452.294103,0.0,-2.0,-44.0
1776886452.304103,2.0,-5.0,-31.0
1776886452.3141026,0.0,-4.0,-35.0
1776886452.3241026,-6.0,-3.0,-33.0
1776886452.3341026,-6.0,-3.0,-33.0
1776886452.3441026,-4.0,-5.0,-42.0
1776886452.3541028,-7.0,-2.0,-47.0
1776886452.3641028,-3.0,-4.0,-43.0
1776886452.3741028,0.0,-3.0,-38.0
1776886452.3841028,-2.0,-4.0,-32.0
1776886452.3941028,-1.0,-5.0,-34.0
1776886452.4041028,-3.0,0.0,-40.0
1776886452.4141028,-3.0,0.0,-39.0
1776886452.4241028,0.0,0.0,-41.0
1776886452.4341028,2.0,-1.0,-40.0
1776886452.4441028,3.0,1.0,-47.0
1776886452.4541028,2.0,6.0,-43.0
1776886452.4641027,0.0,1.0,-38.0
1776886452.4741027,-3.0,0.0,-39.0
1776886452.4841027,-1.0,1.0,-42.0
1776886452.4941027,0.0,-1.0,-43.0
1776886452.5041027,-2.0,0.0,-42.0
1776886452.5141027,-1.0,-2.0,-39.0
1776886452.5241027,-1.0,0.0,-39.0
1776886452.534103,-2.0,0.0,-38.0
1776886452.544103,-2.0,3.0,-34.0
1776886452.554103,0.0,3.0,-39.0
1776886452.5641026,1.0,1.0,-45.0
1776886452.5741026,0.0,0.0,-42.0
1776886452.5841026,1.0,-1.0,-39.0
1776886452.5941026,4.0,-4.0,-43.0
1776886452.6041028,2.0,-7.0,-50.0
1776886452.6141028,-1.0,-7.0,-48.0
1776886452.6241028,3.0,-9.0,-52.0
1776886452.6341028,2.0,-5.0,-43.0
1776886452.6441028,0.0,-4.0,-46.0
1776886452.6541028,2.0,-4.0,-50.0
1776886452.6641028,1.0,-3.0,-48.0
1776886452.6741028,4.0,-3.0,-38.0
1776886452.6841028,1.0,-4.0,-37.0
1776886452.6941028,-1.0,-5.0,-29.0
1776886452.7041028,-6.0,-6.0,-26.0
1776886452.7141027,-2.0,-7.0,-27.0
1776886452.7241027,-2.0,-3.0,-31.0
1776886452.7341027,-6.0,-1.0,-36.0
1776886452.7441027,-6.0,1.0,-37.0
1776886452.7541027,-7.0,2.0,-39.0
1776886452.7641027,-5.0,3.0,-34.0
1776886452.7741027,1.0,2.0,-35.0
1776886452.784103,1.0,2.0,-40.0
1776886452.794103,0.0,6.0,-42.0
1776886452.804103,4.0,3.0,-38.0
1776886452.8141026,4.0,4.0,-42.0
1776886452.8241026,5.0,7.0,-42.0
1776886452.8341026,-1.0,5.0,-43.0
1776886452.8441026,0.0,2.0,-44.0
1776886452.8541028,2.0,-2.0,-43.0
1776886452.8641028,4.0,-2.0,-35.0
1776886452.8741028,4.0,-4.0,-34.0
1776886452.8841028,-1.0,-2.0,-39.0
1776886452.8941028,-5.0,-6.0,-42.0
1776886452.9041028,1.0,-3.0,-39.0
1776886452.9141028,2.0,-1.0,-40.0
1776886452.9241028,1.0,1.0,-38.0
1776886452.9341028,0.0,2.0,-41.0
1776886452.9441028,-3.0,4.0,-37.0
1776886452.9541028,-6.0,3.0,-36.0
1776886452.9641027,-2.0,5.0,-41.0
1776886452.9741027,0.0,3.0,-46.0
1776886452.9841027,-1.0,5.0,-41.0
1776886452.9941027,1.0,5.0,-43.0
1776886453.0041027,0.0,4.0,-42.0
1776886453.0141027,2.0,5.0,-40.0
1776886453.0241027,5.0,4.0,-42.0
1776886453.034103,7.0,5.0,-37.0
1776886453.044103,6.0,6.0,-32.0
1776886453.054103,7.0,3.0,-28.0
1776886453.0641026,2.0,0.0,-30.0
1776886453.0741026,-1.0,0.0,-34.0
1776886453.0841026,0.0,0.0,-34.0
1776886453.0941026,3.0,5.0,-30.0
1776886453.1041028,0.0,5.0,-32.0
1776886453.1141028,0.0,4.0,-23.0
1776886453.1241028,0.0,2.0,-28.0
1776886453.1341028,3.0,4.0,-33.0
1776886453.1451027,1.0,5.0,-29.0
1776886453.1551027,1.0,3.0,-26.0
1776886453.1651027,0.0,6.0,-27.0
1776886453.1751027,-2.0,4.0,-34.0
1776886453.1851027,-1.0,3.0,-38.0
1776886453.1951027,-2.0,0.0,-35.0
1776886453.2051027,-3.0,-1.0,-28.0
1776886453.215103,0.0,2.0,-28.0
1776886453.225103,0.0,-3.0,-25.0
1776886453.235103,-3.0,0.0,-28.0
1776886453.2451026,0.0,-1.0,-35.0
1776886453.2551026,5.0,2.0,-31.0
1776886453.2651026,2.0,4.0,-34.0
1776886453.2751029,4.0,3.0,-36.0
1776886453.2851028,1.0,1.0,-36.0
1776886453.2951028,4.0,0.0,-31.0
1776886453.3051028,4.0,7.0,-28.0
1776886453.3151028,0.0,3.0,-25.0
1776886453.3251028,-2.0,1.0,-22.0
1776886453.3351028,-1.0,2.0,-25.0
1776886453.3451028,-4.0,0.0,-30.0
1776886453.3551028,-5.0,-2.0,-32.0
1776886453.3651028,-3.0,0.0,-24.0
1776886453.3751028,-1.0,0.0,-28.0
1776886453.3851027,-3.0,1.0,-28.0
1776886453.3951027,-4.0,0.0,-35.0
1776886453.4051027,-2.0,1.0,-36.0
1776886453.4151027,0.0,4.0,-35.0
1776886453.4251027,-2.0,1.0,-34.0
1776886453.4351027,-2.0,0.0,-37.0
1776886453.4451027,-4.0,1.0,-35.0
1776886453.4551027,0.0,0.0,-30.0
1776886453.465103,0.0,0.0,-22.0
1776886453.475103,0.0,-1.0,-22.0
1776886453.485103,-2.0,-2.0,-33.0
1776886453.4951026,0.0,-2.0,-42.0
1776886453.5051026,-3.0,0.0,-44.0
1776886453.5151026,-1.0,-4.0,-39.0
1776886453.5251029,0.0,-5.0,-37.0
1776886453.5351028,3.0,-7.0,-39.0
1776886453.5451028,4.0,-7.0,-44.0
1776886453.5551028,5.0,-3.0,-40.0
1776886453.5651028,8.0,-5.0,-43.0
1776886453.5751028,8.0,-5.0,-36.0
1776886453.5851028,5.0,0.0,-32.0
1776886453.5951028,4.0,3.0,-25.0
1776886453.6051028,0.0,5.0,-31.0
1776886453.6151028,-3.0,4.0,-31.0
1776886453.6251028,-5.0,5.0,-31.0
1776886453.6351027,-5.0,4.0,-34.0
1776886453.6451027,-7.0,1.0,-29.0
1776886453.6551027,-6.0,0.0,-26.0
1776886453.6651027,-3.0,0.0,-25.0
1776886453.6751027,1.0,-2.0,-24.0
1776886453.6851027,0.0,-3.0,-29.0
1776886453.6951027,-4.0,-1.0,-33.0
1776886453.7051027,-3.0,-1.0,-33.0
1776886453.715103,0.0,0.0,-33.0
1776886453.725103,2.0,0.0,-32.0
1776886453.735103,1.0,-3.0,-33.0
1776886453.7451026,4.0,-4.0,-34.0
1776886453.7551026,-3.0,-6.0,-35.0
1776886453.7651026,-1.0,-2.0,-28.0
1776886453.7751029,-2.0,-1.0,-20.0
1776886453.7851028,-2.0,1.0,-18.0
1776886453.7951028,-7.0,3.0,-22.0
1776886453.8051028,-6.0,4.0,-29.0
1776886453.8151028,-13.0,5.0,-25.0
1776886453.8251028,-11.0,4.0,-29.0
1776886453.8351028,-9.0,0.0,-29.0
1776886453.8451028,-7.0,-1.0,-23.0
1776886453.8551028,-10.0,0.0,-27.0
1776886453.8651028,-9.0,1.0,-30.0
1776886453.8751028,-7.0,5.0,-32.0
1776886453.886103,-10.0,6.0,-35.0
1776886453.8951027,-12.0,6.0,-30.0
1776886453.9051027,-10.0,5.0,-24.0
1776886453.9151027,-6.0,5.0,-23.0
1776886453.9251027,-1.0,-2.0,-22.0
1776886453.9351027,-4.0,-6.0,-28.0
1776886453.9451027,-4.0,-5.0,-29.0
1776886453.9551027,-1.0,-2.0,-36.0
1776886453.965103,2.0,-4.0,-36.0
1776886453.975103,5.0,-4.0,-34.0
1776886453.985103,3.0,-4.0,-39.0
1776886453.9951026,2.0,-4.0,-40.0
1776886454.0051026,2.0,-4.0,-45.0
1776886454.0151026,4.0,-5.0,-47.0
1776886454.0251029,0.0,-3.0,-40.0
1776886454.0351028,3.0,-2.0,-40.0
1776886454.0451028,1.0,-4.0,-40.0
1776886454.0551028,-1.0,-6.0,-38.0
1776886454.0651028,-3.0,-4.0,-34.0
1776886454.0751028,-8.0,-3.0,-32.0
1776886454.0851028,-7.0,-3.0,-32.0
1776886454.0951028,-5.0,-5.0,-37.0
1776886454.1051028,-4.0,-3.0,-41.0
1776886454.1151028,-4.0,0.0,-39.0
1776886454.1251028,-1.0,0.0,-46.0
1776886454.1351027,-3.0,0.0,-42.0
1776886454.1451027,1.0,1.0,-44.0
1776886454.1551027,0.0,2.0,-42.0
1776886454.1651027,1.0,3.0,-41.0
1776886454.1751027,0.0,3.0,-43.0
1776886454.1851027,-1.0,0.0,-49.0
1776886454.1951027,-1.0,0.0,-51.0
1776886454.2051027,3.0,0.0,-49.0
1776886454.215103,6.0,-2.0,-43.0
1776886454.225103,0.0,1.0,-50.0
1776886454.235103,-3.0,0.0,-43.0
1776886454.2451026,-2.0,0.0,-42.0
1776886454.2551026,-3.0,3.0,-42.0
1776886454.2651026,-6.0,4.0,-41.0
1776886454.2751029,-6.0,0.0,-45.0
1776886454.2851028,0.0,-5.0,-36.0
1776886454.2951028,4.0,-9.0,-33.0
1776886454.3051028,6.0,-9.0,-26.0
1776886454.3151028,5.0,-6.0,-27.0
1776886454.3251028,5.0,-2.0,-35.0
1776886454.3351028,3.0,-5.0,-33.0
1776886454.3451028,4.0,-4.0,-35.0
1776886454.3551028,3.0,-2.0,-40.0
1776886454.3651028,4.0,-4.0,-38.0
1776886454.3751028,3.0,-4.0,-35.0
1776886454.3851027,0.0,-3.0,-34.0
1776886454.3951027,1.0,-6.0,-37.0
1776886454.4051027,-1.0,-8.0,-38.0
1776886454.4151027,0.0,-6.0,-36.0
1776886454.4251027,0.0,-4.0,-37.0
1776886454.4351027,0.0,-6.0,-39.0
1776886454.4451027,3.0,-6.0,-36.0
1776886454.4551027,3.0,-7.0,-42.0
1776886454.465103,4.0,-3.0,-45.0
1776886454.475103,2.0,0.0,-39.0
1776886454.485103,3.0,4.0,-39.0
1776886454.4951026,3.0,11.0,-33.0
1776886454.5051026,0.0,7.0,-36.0
1776886454.5151026,-2.0,4.0,-34.0
1776886454.5251029,-6.0,0.0,-41.0
1776886454.5351028,-6.0,-1.0,-46.0
1776886454.5451028,-4.0,-3.0,-45.0
1776886454.5551028,-1.0,-3.0,-39.0
1776886454.5651028,0.0,-4.0,-43.0
1776886454.5751028,5.0,-3.0,-45.0
1776886454.5851028,0.0,-3.0,-44.0
1776886454.5951028,-2.0,-5.0,-41.0
1776886454.6051028,-2.0,-6.0,-35.0
1776886454.6151028,-3.0,-8.0,-33.0
1776886454.6251028,0.0,-9.0,-34.0
1776886454.6351027,1.0,-6.0,-37.0
1776886454.6451027,4.0,-8.0,-41.0
1776886454.6551027,2.0,-11.0,-49.0
1776886454.6651027,1.0,-12.0,-47.0
1776886454.6751027,4.0,-14.0,-47.0
1776886454.6851027,3.0,-10.0,-47.0
1776886454.6951027,4.0,-11.0,-45.0
1776886454.7051027,6.0,-12.0,-45.0
1776886454.715103,2.0,-6.0,-46.0
1776886454.725103,2.0,-1.0,-45.0
1776886454.735103,0.0,0.0,-47.0
1776886454.7451026,0.0,1.0,-48.0
1776886454.7551026,0.0,1.0,-45.0
1776886454.7651026,0.0,0.0,-38.0
1776886454.7751029,-2.0,5.0,-42.0
1776886454.7851028,-3.0,2.0,-48.0
1776886454.7951028,-1.0,3.0,-38.0
1776886454.8051028,-6.0,-1.0,-38.0
1776886454.8151028,-8.0,0.0,-37.0
1776886454.8251028,-10.0,1.0,-37.0
1776886454.8351028,-8.0,1.0,-35.0
1776886454.8451028,0.0,6.0,-32.0
1776886454.8551028,4.0,4.0,-31.0
1776886454.8651028,2.0,8.0,-41.0
1776886454.8751028,4.0,7.0,-44.0
1776886454.8851027,2.0,6.0,-45.0
1776886454.8951027,2.0,4.0,-44.0
1776886454.9051027,3.0,6.0,-44.0
1776886454.9151027,0.0,5.0,-45.0
1776886454.9251027,1.0,3.0,-45.0
1776886454.9351027,2.0,3.0,-41.0
1776886454.9451027,2.0,4.0,-39.0
1776886454.9551027,0.0,5.0,-40.0
1776886454.965103,-1.0,0.0,-48.0
1776886454.975103,0.0,3.0,-51.0
1776886454.985103,2.0,7.0,-51.0
1776886454.9951026,-2.0,7.0,-46.0
1776886455.0051026,-5.0,11.0,-43.0
1776886455.0151026,-8.0,10.0,-45.0
1776886455.0251029,-4.0,11.0,-53.0
1776886455.0351028,-7.0,8.0,-51.0
1776886455.0451028,-6.0,8.0,-47.0
1776886455.0551028,-4.0,0.0,-42.0
1776886455.0651028,-4.0,0.0,-38.0
1776886455.0751028,0.0,-2.0,-38.0
1776886455.0851028,2.0,-2.0,-37.0
1776886455.0951028,1.0,-5.0,-34.0
1776886455.1051028,0.0,-8.0,-32.0
1776886455.1151028,0.0,-4.0,-33.0
1776886455.1261027,-1.0,-3.0,-36.0
1776886455.136103,-3.0,-2.0,-32.0
1776886455.146103,-2.0,-2.0,-34.0
1776886455.156103,2.0,0.0,-39.0
1776886455.1661026,3.0,2.0,-38.0
1776886455.1761026,3.0,4.0,-38.0
1776886455.1861026,2.0,2.0,-40.0
1776886455.1961029,2.0,5.0,-40.0
1776886455.2061028,-3.0,5.0,-35.0
1776886455.2161028,-4.0,4.0,-32.0
1776886455.2261028,-6.0,4.0,-34.0
1776886455.2361028,-10.0,6.0,-29.0
1776886455.2461028,-7.0,4.0,-32.0
1776886455.2561028,-4.0,2.0,-35.0
1776886455.2661028,-2.0,-1.0,-27.0
1776886455.2761028,0.0,0.0,-24.0
1776886455.2861028,2.0,1.0,-31.0
1776886455.2961028,6.0,0.0,-38.0
1776886455.3061028,3.0,-3.0,-36.0
1776886455.3161027,2.0,-5.0,-33.0
1776886455.3261027,4.0,-8.0,-37.0
1776886455.3361027,5.0,-8.0,-41.0
1776886455.3461027,2.0,-5.0,-43.0
1776886455.3561027,4.0,0.0,-39.0
1776886455.3661027,3.0,1.0,-39.0
1776886455.3761027,4.0,1.0,-43.0
1776886455.386103,3.0,2.0,-34.0
1776886455.396103,0.0,1.0,-32.0
1776886455.406103,2.0,5.0,-35.0
1776886455.4161026,2.0,3.0,-37.0
1776886455.4261026,0.0,3.0,-41.0
1776886455.4361026,2.0,3.0,-36.0
1776886455.4461029,3.0,1.0,-30.0
1776886455.4561028,3.0,2.0,-34.0
1776886455.4661028,2.0,2.0,-33.0
1776886455.4761028,7.0,1.0,-28.0
1776886455.4861028,9.0,8.0,-30.0
1776886455.4961028,8.0,8.0,-32.0
1776886455.5061028,4.0,7.0,-31.0
1776886455.5161028,2.0,5.0,-41.0
1776886455.5261028,1.0,3.0,-45.0
1776886455.5361028,4.0,-3.0,-44.0
1776886455.5461028,8.0,-1.0,-42.0
1776886455.5561028,7.0,-3.0,-47.0
1776886455.5661027,3.0,-6.0,-43.0
1776886455.5761027,2.0,-5.0,-36.0
1776886455.5861027,0.0,-4.0,-30.0
1776886455.5961027,-1.0,-5.0,-35.0
1776886455.6061027,-3.0,-5.0,-39.0
1776886455.6161027,0.0,-5.0,-38.0
1776886455.6261027,6.0,-4.0,-42.0
1776886455.636103,5.0,-1.0,-40.0
1776886455.646103,1.0,-4.0,-43.0
1776886455.656103,2.0,-3.0,-50.0
1776886455.6661026,4.0,-3.0,-50.0
1776886455.6761026,4.0,0.0,-44.0
1776886455.6861026,-1.0,1.0,-40.0
1776886455.6961029,0.0,2.0,-35.0
1776886455.7061028,5.0,-3.0,-37.0
1776886455.7161028,7.0,-5.0,-45.0
1776886455.7261028,6.0,-6.0,-47.0
1776886455.7361028,6.0,-3.0,-46.0
1776886455.7461028,1.0,0.0,-50.0
1776886455.7561028,4.0,-3.0,-46.0
1776886455.7661028,5.0,0.0,-47.0
1776886455.7761028,4.0,3.0,-47.0
1776886455.7861028,4.0,7.0,-48.0
1776886455.7961028,5.0,3.0,-49.0
1776886455.8061028,3.0,1.0,-47.0
1776886455.8161027,0.0,1.0,-46.0
1776886455.8261027,-1.0,0.0,-53.0
1776886455.8361027,-4.0,0.0,-50.0
1776886455.8461027,-2.0,-2.0,-45.0
1776886455.8561027,-3.0,-4.0,-44.0
1776886455.8661027,-5.0,-4.0,-44.0
1776886455.8761027,-5.0,-1.0,-37.0
1776886455.886103,-4.0,0.0,-37.0
1776886455.896103,-2.0,0.0,-34.0
1776886455.906103,-3.0,-1.0,-32.0
1776886455.9161026,-4.0,-3.0,-32.0
1776886455.9261026,-3.0,-3.0,-36.0
1776886455.9361026,-2.0,-1.0,-35.0
1776886455.9461029,0.0,0.0,-29.0
1776886455.9561028,3.0,1.0,-31.0
1776886455.9661028,3.0,1.0,-38.0
1776886455.9761028,1.0,0.0,-39.0
1776886455.9861028,1.0,-4.0,-39.0
1776886455.9961028,2.0,-4.0,-33.0
1776886456.0061028,0.0,-1.0,-38.0
1776886456.0161028,-5.0,-1.0,-36.0
1776886456.0261028,-5.0,-4.0,-36.0
1776886456.0361028,-10.0,-2.0,-36.0
1776886456.0461028,-9.0,-5.0,-36.0
1776886456.0561028,-7.0,-6.0,-36.0
1776886456.0661027,-3.0,0.0,-40.0
1776886456.0761027,-4.0,0.0,-43.0
1776886456.0861027,-4.0,0.0,-45.0
1776886456.0961027,-2.0,1.0,-45.0
1776886456.1061027,0.0,4.0,-47.0
1776886456.1161027,0.0,2.0,-47.0
1776886456.1261027,-2.0,2.0,-44.0
1776886456.136103,-1.0,1.0,-34.0
1776886456.146103,-1.0,1.0,-31.0
1776886456.156103,-2.0,0.0,-39.0
1776886456.1661026,-7.0,1.0,-38.0
1776886456.1761026,-2.0,-1.0,-35.0
1776886456.1861026,1.0,-2.0,-35.0
1776886456.1961029,-1.0,-2.0,-33.0
1776886456.2061028,-2.0,-1.0,-30.0
1776886456.2161028,-1.0,1.0,-35.0
1776886456.2261028,0.0,4.0,-37.0
1776886456.2361028,2.0,2.0,-36.0
1776886456.2461028,-3.0,-1.0,-30.0
1776886456.2561028,-5.0,3.0,-28.0
1776886456.2661028,-5.0,3.0,-31.0
1776886456.2761028,-3.0,5.0,-25.0
1776886456.2861028,-5.0,3.0,-33.0
1776886456.2961028,-7.0,5.0,-40.0
1776886456.3061028,-8.0,7.0,-41.0
1776886456.3161027,-6.0,7.0,-37.0
1776886456.3261027,-9.0,5.0,-34.0
1776886456.3361027,-10.0,3.0,-29.0
1776886456.3461027,-8.0,1.0,-30.0
1776886456.3561027,-9.0,0.0,-29.0
1776886456.3661027,-10.0,-2.0,-37.0
1776886456.3761027,-8.0,-4.0,-40.0
1776886456.386103,-7.0,-4.0,-43.0
1776886456.396103,-4.0,-5.0,-45.0
1776886456.406103,-2.0,-4.0,-45.0
1776886456.4161026,1.0,-3.0,-40.0
1776886456.4261026,0.0,-1.0,-37.0
1776886456.4361026,0.0,-2.0,-35.0
1776886456.4461029,0.0,0.0,-36.0
1776886456.4561028,-3.0,-1.0,-40.0
1776886456.4661028,-2.0,-4.0,-38.0
1776886456.4761028,-2.0,-6.0,-37.0
1776886456.4861028,-2.0,-10.0,-36.0
1776886456.4961028,-2.0,-6.0,-37.0
1776886456.5061028,-7.0,-4.0,-32.0
1776886456.5161028,-6.0,-6.0,-28.0
1776886456.5261028,-1.0,-5.0,-25.0
1776886456.5361028,4.0,-4.0,-28.0
1776886456.5461028,5.0,-2.0,-31.0
1776886456.5561028,3.0,-1.0,-30.0
1776886456.5661027,6.0,-2.0,-31.0
1776886456.5761027,6.0,0.0,-33.0
1776886456.5861027,7.0,-1.0,-29.0
1776886456.5961027,5.0,-2.0,-28.0
1776886456.6061027,5.0,-4.0,-31.0
1776886456.6161027,3.0,-5.0,-31.0
1776886456.6261027,2.0,-3.0,-36.0
1776886456.636103,8.0,-4.0,-32.0
1776886456.646103,3.0,-3.0,-31.0
1776886456.656103,0.0,0.0,-32.0
1776886456.6661026,3.0,-3.0,-36.0
1776886456.6761026,0.0,-1.0,-38.0
1776886456.6861026,3.0,-2.0,-39.0
1776886456.6961029,1.0,0.0,-33.0
1776886456.7061028,0.0,-2.0,-33.0
1776886456.7161028,5.0,-4.0,-33.0
1776886456.7261028,3.0,-4.0,-36.0
1776886456.7361028,3.0,-1.0,-43.0
1776886456.7461028,5.0,-9.0,-42.0
1776886456.7561028,6.0,-9.0,-42.0
1776886456.7661028,4.0,-5.0,-37.0
1776886456.7761028,0.0,-4.0,-32.0
1776886456.7861028,-3.0,-6.0,-34.0
1776886456.7961028,-4.0,-4.0,-37.0
1776886456.8061028,-6.0,-4.0,-39.0
1776886456.8161027,-5.0,-6.0,-35.0
1776886456.8261027,-4.0,-4.0,-32.0
1776886456.8361027,-2.0,-6.0,-33.0
1776886456.8461027,0.0,-7.0,-35.0
1776886456.8561027,-2.0,-8.0,-34.0
1776886456.8661027,-2.0,-9.0,-33.0
1776886456.8761027,-4.0,-8.0,-34.0
1776886456.886103,-3.0,-4.0,-30.0
1776886456.896103,-8.0,-2.0,-33.0
1776886456.906103,-7.0,-1.0,-35.0
1776886456.9161026,-1.0,0.0,-38.0
1776886456.9261026,0.0,0.0,-38.0
1776886456.9361026,3.0,-3.0,-36.0
1776886456.9461029,0.0,-6.0,-34.0
1776886456.9561028,0.0,-5.0,-31.0
1776886456.9661028,3.0,-7.0,-32.0
1776886456.9761028,4.0,-13.0,-36.0
1776886456.9861028,9.0,-12.0,-39.0
1776886456.9961028,7.0,-8.0,-39.0
1776886457.0061028,2.0,-7.0,-32.0
1776886457.0161028,-1.0,-8.0,-35.0
1776886457.0261028,-1.0,-7.0,-39.0
1776886457.0361028,1.0,-8.0,-37.0
1776886457.0461028,7.0,-8.0,-37.0
1776886457.0561028,7.0,0.0,-35.0
1776886457.0661027,4.0,0.0,-41.0
1776886457.077103,0.0,-3.0,-41.0
1776886457.0861027,1.0,-5.0,-44.0
1776886457.0961027,4.0,-5.0,-41.0
1776886457.1061027,5.0,0.0,-37.0
1776886457.1161027,4.0,0.0,-35.0
1776886457.1271029,2.0,-1.0,-29.0
1776886457.1371028,0.0,-5.0,-31.0
1776886457.1471028,-1.0,-5.0,-30.0
1776886457.1571028,-1.0,-4.0,-32.0
1776886457.1671028,-5.0,-5.0,-26.0
1776886457.1771028,-1.0,-3.0,-24.0
1776886457.1871028,3.0,-6.0,-27.0
1776886457.1971028,9.0,-4.0,-25.0
1776886457.2071028,8.0,-4.0,-31.0
1776886457.2171028,7.0,-4.0,-36.0
1776886457.2271028,2.0,-3.0,-40.0
1776886457.2371027,-2.0,-3.0,-39.0
1776886457.2471027,0.0,-1.0,-35.0
1776886457.2571027,-5.0,0.0,-34.0
1776886457.2671027,-3.0,3.0,-36.0
1776886457.2771027,-3.0,3.0,-35.0
1776886457.2871027,-2.0,3.0,-39.0
1776886457.2971027,1.0,1.0,-43.0
1776886457.307103,1.0,-1.0,-42.0
1776886457.317103,0.0,-1.0,-42.0
1776886457.327103,5.0,0.0,-34.0
1776886457.337103,3.0,0.0,-39.0
1776886457.3471026,10.0,-1.0,-35.0
1776886457.3571026,8.0,1.0,-43.0
1776886457.3671026,13.0,0.0,-44.0
1776886457.3771029,13.0,2.0,-44.0
1776886457.3871028,7.0,0.0,-45.0
1776886457.3971028,6.0,-3.0,-42.0
1776886457.4071028,3.0,-2.0,-37.0
1776886457.4171028,0.0,-5.0,-41.0
1776886457.4271028,2.0,-2.0,-45.0
1776886457.4371028,4.0,-4.0,-42.0
1776886457.4471028,0.0,-3.0,-40.0
1776886457.4571028,-2.0,-2.0,-35.0
1776886457.4671028,-2.0,-2.0,-37.0
1776886457.4771028,0.0,-5.0,-40.0
1776886457.4871027,1.0,-9.0,-37.0
1776886457.4971027,1.0,-9.0,-37.0
1776886457.5071027,0.0,-6.0,-39.0
1776886457.5171027,3.0,-2.0,-44.0
1776886457.5271027,5.0,-4.0,-49.0
1776886457.5371027,5.0,-5.0,-50.0
1776886457.5471027,4.0,-6.0,-47.0
1776886457.557103,3.0,-4.0,-43.0
1776886457.567103,9.0,-5.0,-35.0
1776886457.577103,9.0,-5.0,-33.0
1776886457.587103,2.0,-3.0,-36.0
1776886457.5971026,1.0,-3.0,-38.0
1776886457.6071026,3.0,-1.0,-40.0
1776886457.6171026,2.0,0.0,-45.0
1776886457.6271029,6.0,2.0,-47.0
1776886457.6371028,7.0,0.0,-37.0
1776886457.6471028,6.0,-4.0,-36.0
1776886457.6571028,0.0,-6.0,-35.0
1776886457.6671028,-2.0,-2.0,-37.0
1776886457.6771028,-3.0,1.0,-35.0
1776886457.6871028,-1.0,3.0,-34.0
1776886457.6971028,2.0,2.0,-38.0
1776886457.7071028,0.0,1.0,-43.0
1776886457.7171028,2.0,0.0,-37.0
1776886457.7271028,1.0,2.0,-41.0
1776886457.7371027,5.0,3.0,-40.0
1776886457.7471027,6.0,6.0,-40.0
1776886457.7571027,3.0,3.0,-44.0
1776886457.7671027,0.0,4.0,-46.0
1776886457.7771027,-5.0,0.0,-48.0
1776886457.7871027,-2.0,-1.0,-55.0
1776886457.7971027,0.0,-2.0,-49.0
1776886457.807103,-4.0,2.0,-50.0
1776886457.817103,-7.0,3.0,-50.0
1776886457.827103,-8.0,4.0,-44.0
1776886457.837103,-8.0,1.0,-39.0
1776886457.8471026,-9.0,2.0,-40.0
1776886457.8571026,-13.0,2.0,-40.0
1776886457.8671026,-8.0,3.0,-36.0
1776886457.8771029,-9.0,0.0,-29.0
1776886457.8871028,-7.0,0.0,-30.0
1776886457.8971028,-11.0,-4.0,-30.0
1776886457.9071028,-10.0,-1.0,-32.0
1776886457.9171028,-11.0,4.0,-38.0
1776886457.9271028,-12.0,4.0,-44.0
1776886457.9371028,-12.0,3.0,-41.0
1776886457.9471028,-7.0,0.0,-42.0
1776886457.9571028,-2.0,1.0,-45.0
1776886457.9671028,1.0,0.0,-44.0
1776886457.9771028,1.0,-4.0,-38.0
1776886457.9871027,-1.0,-6.0,-36.0
1776886457.9971027,-3.0,-7.0,-27.0
1776886458.0071027,-5.0,-10.0,-28.0
1776886458.0171027,-2.0,-8.0,-27.0
1776886458.0271027,-1.0,-6.0,-27.0
1776886458.0371027,0.0,-3.0,-27.0
1776886458.0471027,-1.0,-1.0,-25.0
1776886458.057103,-1.0,-4.0,-27.0
1776886458.067103,0.0,-5.0,-33.0
1776886458.077103,-2.0,-4.0,-30.0
1776886458.087103,-1.0,0.0,-35.0
1776886458.0971026,0.0,0.0,-33.0
1776886458.1071026,0.0,0.0,-31.0
1776886458.1171026,-2.0,0.0,-31.0
1776886458.1271029,-3.0,0.0,-39.0
1776886458.1371028,-3.0,1.0,-37.0
1776886458.1471028,-7.0,-1.0,-33.0
1776886458.1571028,-4.0,-5.0,-31.0
1776886458.1671028,-7.0,-7.0,-32.0
1776886458.1771028,-8.0,-8.0,-42.0
1776886458.1871028,-3.0,-7.0,-43.0
1776886458.1971028,0.0,-4.0,-45.0
1776886458.2071028,0.0,-5.0,-41.0
1776886458.2171028,2.0,-2.0,-36.0
1776886458.2271028,2.0,1.0,-31.0
1776886458.2371027,0.0,-3.0,-38.0
1776886458.2471027,1.0,-3.0,-38.0
1776886458.2571027,-2.0,-2.0,-35.0
1776886458.2671027,-9.0,-2.0,-36.0
1776886458.2771027,-6.0,-6.0,-37.0
1776886458.2871027,-3.0,-6.0,-36.0
1776886458.2971027,-2.0,-1.0,-37.0
1776886458.307103,0.0,-1.0,-32.0
1776886458.317103,2.0,-2.0,-36.0
1776886458.327103,5.0,-6.0,-33.0
1776886458.337103,5.0,-8.0,-24.0
1776886458.3471026,5.0,-8.0,-25.0
1776886458.3571026,2.0,-9.0,-28.0
1776886458.3671026,4.0,-6.0,-32.0
1776886458.3771029,4.0,-1.0,-30.0
1776886458.3871028,6.0,-1.0,-36.0
1776886458.3971028,0.0,0.0,-38.0
1776886458.4071028,-3.0,0.0,-38.0
1776886458.4171028,-2.0,0.0,-39.0
1776886458.4271028,-2.0,-5.0,-43.0
1776886458.4371028,-6.0,-10.0,-43.0
1776886458.4471028,-5.0,-9.0,-44.0
1776886458.4571028,-6.0,-4.0,-39.0
1776886458.4671028,-6.0,-2.0,-44.0
1776886458.4771028,-3.0,-1.0,-40.0
1776886458.4871027,0.0,1.0,-34.0
1776886458.4971027,-1.0,4.0,-41.0
1776886458.5071027,-1.0,4.0,-46.0
1776886458.5171027,-1.0,1.0,-44.0
1776886458.5271027,-2.0,3.0,-40.0
1776886458.5371027,-1.0,3.0,-37.0
1776886458.5471027,0.0,1.0,-30.0
1776886458.557103,2.0,0.0,-26.0
1776886458.567103,0.0,-2.0,-34.0
1776886458.577103,0.0,-2.0,-36.0
1776886458.587103,2.0,6.0,-35.0
1776886458.5971026,6.0,6.0,-35.0
1776886458.6071026,6.0,4.0,-36.0
1776886458.6171026,1.0,1.0,-36.0
1776886458.6271029,1.0,2.0,-40.0
1776886458.6371028,-2.0,5.0,-46.0
1776886458.6471028,0.0,6.0,-44.0
1776886458.6571028,0.0,5.0,-48.0
1776886458.6671028,1.0,-1.0,-50.0
1776886458.6771028,6.0,1.0,-51.0
1776886458.6871028,4.0,0.0,-47.0
1776886458.6971028,3.0,-1.0,-43.0
1776886458.7071028,1.0,-1.0,-44.0
1776886458.7171028,0.0,-3.0,-39.0
1776886458.7271028,-3.0,-3.0,-47.0
1776886458.7371027,-1.0,-3.0,-45.0
1776886458.7471027,0.0,-1.0,-38.0
1776886458.7571027,1.0,2.0,-37.0
1776886458.7671027,3.0,1.0,-34.0
1776886458.7771027,1.0,0.0,-42.0
1776886458.7871027,1.0,0.0,-42.0
1776886458.7971027,2.0,-1.0,-43.0
1776886458.807103,3.0,-4.0,-40.0
1776886458.817103,0.0,-2.0,-35.0
1776886458.827103,3.0,-1.0,-33.0
1776886458.837103,0.0,1.0,-45.0
1776886458.8471026,-4.0,1.0,-45.0
1776886458.8571026,0.0,-2.0,-37.0
1776886458.8671026,5.0,-6.0,-38.0
1776886458.8771029,6.0,-5.0,-38.0
1776886458.8871028,-2.0,-1.0,-41.0
1776886458.8971028,-1.0,-1.0,-34.0
1776886458.9071028,1.0,0.0,-40.0
1776886458.9171028,-4.0,-2.0,-40.0
1776886458.9271028,0.0,3.0,-39.0
1776886458.9371028,2.0,3.0,-41.0
1776886458.9471028,7.0,4.0,-41.0
1776886458.9571028,6.0,5.0,-40.0
1776886458.9671028,0.0,4.0,-36.0
1776886458.9771028,-1.0,4.0,-38.0
1776886458.9871027,-3.0,3.0,-41.0
1776886458.9971027,-2.0,0.0,-38.0
1776886459.0071027,-2.0,-4.0,-33.0
1776886459.0171027,-1.0,-5.0,-34.0
1776886459.0271027,2.0,-6.0,-35.0
1776886459.0371027,1.0,-6.0,-34.0
1776886459.0471027,0.0,-7.0,-35.0
1776886459.057103,0.0,-2.0,-40.0
1776886459.0681028,2.0,0.0,-37.0
1776886459.077103,0.0,0.0,-39.0
1776886459.087103,0.0,-3.0,-43.0
1776886459.0971026,3.0,-7.0,-45.0
1776886459.1081028,1.0,-6.0,-45.0
1776886459.1171026,-1.0,-7.0,-43.0
1776886459.1281028,0.0,-7.0,-31.0
1776886459.1381028,-2.0,-7.0,-31.0
1776886459.1481028,-2.0,-6.0,-34.0
1776886459.1581028,0.0,-9.0,-36.0
1776886459.1681027,0.0,-9.0,-32.0
1776886459.1781027,1.0,-7.0,-25.0
1776886459.1881027,3.0,-2.0,-27.0
1776886459.1981027,6.0,0.0,-34.0
1776886459.2081027,9.0,1.0,-36.0
1776886459.2181027,9.0,0.0,-43.0
1776886459.2281027,7.0,-3.0,-42.0
1776886459.238103,2.0,-7.0,-38.0
1776886459.248103,-1.0,-4.0,-34.0
1776886459.258103,-1.0,-2.0,-33.0
1776886459.2681026,-2.0,-5.0,-42.0
1776886459.2781026,-1.0,-2.0,-48.0
1776886459.2881026,1.0,-3.0,-43.0
1776886459.2981029,0.0,0.0,-41.0
1776886459.3081028,-2.0,0.0,-45.0
1776886459.3181028,-8.0,0.0,-41.0
1776886459.3281028,-4.0,-2.0,-45.0
1776886459.3381028,-5.0,-5.0,-45.0
1776886459.3481028,-1.0,-2.0,-42.0
1776886459.3581028,1.0,0.0,-42.0
1776886459.3681028,2.0,0.0,-38.0
1776886459.3781028,0.0,0.0,-31.0
1776886459.3881028,0.0,0.0,-29.0
1776886459.3981028,2.0,0.0,-27.0
1776886459.4081028,1.0,-3.0,-29.0
1776886459.4181027,5.0,0.0,-27.0
1776886459.4281027,3.0,-3.0,-22.0
1776886459.4381027,3.0,-4.0,-25.0
1776886459.4481027,1.0,-5.0,-32.0
1776886459.4581027,-2.0,-2.0,-40.0
1776886459.4681027,0.0,0.0,-44.0
1776886459.4781027,-2.0,0.0,-42.0
1776886459.488103,-3.0,2.0,-41.0
1776886459.498103,-3.0,2.0,-43.0
1776886459.508103,-5.0,-2.0,-44.0
1776886459.5181026,-7.0,-4.0,-42.0
1776886459.5281026,-5.0,-2.0,-43.0
1776886459.5381026,-5.0,-2.0,-44.0
1776886459.5481029,-2.0,-6.0,-41.0
1776886459.5581028,0.0,-10.0,-38.0
1776886459.5681028,2.0,-6.0,-43.0
1776886459.5781028,0.0,-2.0,-44.0
1776886459.5881028,0.0,-5.0,-49.0
1776886459.5981028,-4.0,-3.0,-49.0
1776886459.6081028,-4.0,0.0,-50.0
1776886459.6181028,-4.0,3.0,-51.0
1776886459.6281028,-4.0,4.0,-49.0
1776886459.6381028,0.0,-2.0,-44.0
1776886459.6481028,4.0,0.0,-47.0
1776886459.6581028,4.0,-5.0,-41.0
1776886459.6681027,1.0,-3.0,-38.0
1776886459.6781027,-3.0,-4.0,-40.0
1776886459.6881027,-4.0,-1.0,-35.0
1776886459.6981027,-3.0,0.0,-39.0
1776886459.7081027,-2.0,0.0,-42.0
1776886459.7181027,-3.0,-2.0,-43.0
1776886459.7281027,-3.0,-8.0,-41.0
1776886459.738103,-2.0,-7.0,-33.0
1776886459.748103,-6.0,0.0,-30.0
1776886459.758103,-4.0,-3.0,-26.0
1776886459.7681026,-5.0,-8.0,-30.0
1776886459.7781026,-6.0,-7.0,-29.0
1776886459.7881026,-1.0,-5.0,-32.0
1776886459.7981029,0.0,-3.0,-33.0
1776886459.8081028,1.0,0.0,-28.0
1776886459.8181028,-1.0,0.0,-27.0
1776886459.8281028,2.0,-4.0,-29.0
1776886459.8381028,4.0,-7.0,-36.0
1776886459.8481028,4.0,-3.0,-36.0
1776886459.8581028,3.0,1.0,-32.0
1776886459.8681028,2.0,2.0,-40.0
1776886459.8781028,-1.0,5.0,-39.0
1776886459.8881028,0.0,6.0,-42.0
1776886459.8981028,5.0,4.0,-38.0
1776886459.9081028,6.0,6.0,-39.0
1776886459.9181027,4.0,1.0,-36.0
1776886459.9281027,5.0,-1.0,-33.0
1776886459.9381027,3.0,0.0,-30.0
1776886459.9481027,1.0,0.0,-26.0
1776886459.9581027,-1.0,-3.0,-23.0
1776886459.9681027,2.0,0.0,-30.0
1776886459.9781027,0.0,1.0,-29.0
1776886459.988103,-2.0,3.0,-35.0
1776886459.998103,-2.0,1.0,-38.0
1776886460.008103,3.0,0.0,-35.0
1776886460.0181026,1.0,-3.0,-38.0
1776886460.0281026,0.0,-3.0,-42.0
1776886460.0381026,0.0,-2.0,-49.0
1776886460.0481029,-1.0,0.0,-51.0
1776886460.0581028,-4.0,-1.0,-49.0
1776886460.0681028,-1.0,-2.0,-42.0
1776886460.0781028,0.0,-4.0,-40.0
1776886460.0881028,-4.0,-4.0,-37.0
1776886460.0981028,-2.0,-6.0,-36.0
1776886460.1081028,-1.0,-1.0,-41.0
1776886460.1181028,-4.0,0.0,-39.0
1776886460.1281028,-1.0,-4.0,-46.0
1776886460.1381028,-2.0,-3.0,-43.0
1776886460.1481028,-3.0,-2.0,-45.0
1776886460.1581028,-2.0,1.0,-51.0
1776886460.1681027,0.0,1.0,-45.0
1776886460.1781027,1.0,4.0,-45.0
1776886460.1881027,0.0,1.0,-43.0
1776886460.1981027,-3.0,2.0,-43.0
1776886460.2081027,0.0,3.0,-38.0
1776886460.2181027,0.0,3.0,-36.0
1776886460.2281027,3.0,2.0,-30.0
1776886460.238103,6.0,0.0,-29.0
1776886460.248103,8.0,-3.0,-34.0
1776886460.258103,6.0,-1.0,-40.0
1776886460.2681026,1.0,0.0,-39.0
1776886460.2781026,6.0,-1.0,-39.0
1776886460.2881026,5.0,-2.0,-39.0
1776886460.2981029,4.0,-2.0,-40.0
1776886460.3081028,6.0,-1.0,-44.0
1776886460.3181028,0.0,-1.0,-46.0
1776886460.3281028,1.0,-2.0,-48.0
1776886460.3381028,3.0,-4.0,-46.0
1776886460.3481028,6.0,-2.0,-47.0
1776886460.3581028,3.0,-3.0,-44.0
1776886460.3681028,0.0,-3.0,-43.0
1776886460.3781028,-2.0,-1.0,-42.0
1776886460.3881028,-2.0,-2.0,-38.0
1776886460.3981028,-3.0,-2.0,-31.0
1776886460.4081028,-3.0,-3.0,-28.0
1776886460.4181027,-3.0,-1.0,-26.0
1776886460.4281027,-4.0,-3.0,-28.0
1776886460.4381027,-3.0,-2.0,-32.0
1776886460.4481027,-2.0,0.0,-31.0
1776886460.4581027,-1.0,0.0,-27.0
1776886460.4681027,-6.0,0.0,-29.0
1776886460.4781027,-8.0,0.0,-31.0
1776886460.488103,-6.0,-3.0,-36.0
1776886460.498103,-4.0,0.0,-42.0
1776886460.508103,-3.0,0.0,-41.0
1776886460.5181026,-2.0,0.0,-38.0
1776886460.5281026,-4.0,1.0,-39.0
1776886460.5381026,-4.0,0.0,-38.0
1776886460.5481029,-3.0,0.0,-40.0
1776886460.5581028,-5.0,5.0,-44.0
1776886460.5681028,-2.0,6.0,-46.0
1776886460.5781028,1.0,0.0,-39.0
1776886460.5881028,0.0,0.0,-47.0
1776886460.5981028,-1.0,-1.0,-43.0
1776886460.6081028,1.0,6.0,-43.0
1776886460.6181028,0.0,8.0,-40.0
1776886460.6281028,-1.0,10.0,-46.0
1776886460.6381028,-7.0,4.0,-50.0
1776886460.6481028,-5.0,0.0,-45.0
1776886460.6581028,0.0,1.0,-46.0
1776886460.6681027,1.0,0.0,-39.0
1776886460.6781027,4.0,-3.0,-33.0
1776886460.6881027,7.0,-5.0,-35.0
1776886460.6981027,7.0,-7.0,-35.0
1776886460.7081027,2.0,-5.0,-34.0
1776886460.7181027,3.0,-6.0,-39.0
1776886460.7281027,2.0,-5.0,-40.0
1776886460.738103,0.0,-7.0,-36.0
1776886460.748103,0.0,-6.0,-34.0
1776886460.758103,5.0,-5.0,-34.0
1776886460.7681026,6.0,0.0,-42.0
1776886460.7781026,7.0,0.0,-47.0
1776886460.7881026,9.0,-4.0,-45.0
1776886460.7981029,9.0,-8.0,-47.0
1776886460.8081028,9.0,-8.0,-50.0
1776886460.8181028,5.0,-4.0,-41.0
1776886460.8281028,3.0,-4.0,-44.0
1776886460.8381028,2.0,-2.0,-47.0
1776886460.8481028,3.0,3.0,-52.0
1776886460.8581028,0.0,5.0,-46.0
1776886460.8681028,-1.0,3.0,-44.0
1776886460.8781028,0.0,3.0,-48.0
1776886460.8881028,2.0,3.0,-46.0
1776886460.8981028,2.0,0.0,-42.0
1776886460.9081028,1.0,1.0,-43.0
1776886460.9181027,2.0,-1.0,-44.0
1776886460.9281027,2.0,-1.0,-37.0
1776886460.9381027,3.0,-3.0,-35.0
1776886460.9481027,1.0,-6.0,-36.0
1776886460.9581027,2.0,-2.0,-35.0
1776886460.9681027,1.0,0.0,-34.0
1776886460.9781027,5.0,0.0,-28.0
1776886460.988103,5.0,-4.0,-30.0
1776886460.998103,3.0,-5.0,-25.0
1776886461.008103,1.0,-2.0,-35.0
1776886461.0181026,2.0,-5.0,-39.0
1776886461.0281026,4.0,-1.0,-42.0
1776886461.0381026,2.0,-2.0,-37.0
1776886461.0481029,3.0,-3.0,-45.0
1776886461.0581028,0.0,0.0,-49.0
1776886461.0681028,-1.0,1.0,-51.0
1776886461.0781028,1.0,3.0,-48.0
1776886461.0881028,4.0,5.0,-52.0
1776886461.0981028,3.0,4.0,-53.0
1776886461.1081028,1.0,2.0,-51.0
1776886461.1181028,-4.0,4.0,-51.0
1776886461.1291027,-4.0,0.0,-50.0
1776886461.1391027,-2.0,0.0,-46.0
1776886461.1491027,-4.0,0.0,-43.0
1776886461.159103,0.0,-5.0,-41.0
1776886461.169103,-1.0,-3.0,-35.0
1776886461.179103,-6.0,-6.0,-39.0
1776886461.1891026,-6.0,-8.0,-42.0
1776886461.1991026,-3.0,-5.0,-39.0
1776886461.2091026,1.0,-9.0,-40.0
1776886461.2191026,1.0,-7.0,-32.0
1776886461.2291028,0.0,-4.0,-31.0
1776886461.2391028,0.0,-4.0,-39.0
1776886461.2491028,2.0,-4.0,-34.0
1776886461.2591028,2.0,0.0,-35.0
1776886461.2691028,-1.0,2.0,-33.0
1776886461.2791028,0.0,-2.0,-36.0
1776886461.2891028,-1.0,-2.0,-34.0
1776886461.2991028,-3.0,-3.0,-33.0
1776886461.3091028,-4.0,-2.0,-37.0
1776886461.3191028,-5.0,-3.0,-36.0
1776886461.3291028,-5.0,-4.0,-42.0
1776886461.3391027,-4.0,-3.0,-48.0
1776886461.3491027,0.0,-3.0,-46.0
1776886461.3591027,-1.0,-2.0,-43.0
1776886461.3691027,-1.0,-2.0,-37.0
1776886461.3791027,-2.0,0.0,-44.0
1776886461.3891027,0.0,-3.0,-50.0
1776886461.3991027,-2.0,-2.0,-44.0
1776886461.409103,3.0,-3.0,-43.0
1776886461.419103,4.0,-1.0,-45.0
1776886461.429103,3.0,0.0,-52.0
1776886461.4391026,3.0,-2.0,-47.0
1776886461.4491026,0.0,-4.0,-45.0
1776886461.4591026,1.0,-6.0,-41.0
1776886461.4691026,-1.0,-3.0,-42.0
1776886461.4791028,-4.0,-2.0,-40.0
1776886461.4891028,-7.0,-6.0,-42.0
1776886461.4991028,-2.0,-5.0,-39.0
1776886461.5091028,-2.0,-1.0,-44.0
1776886461.5191028,-1.0,0.0,-41.0
1776886461.5291028,0.0,0.0,-35.0
1776886461.5391028,-1.0,0.0,-42.0
1776886461.5491028,-3.0,-1.0,-44.0
1776886461.5591028,-4.0,0.0,-43.0
1776886461.5691028,-6.0,-1.0,-40.0
1776886461.5791028,-4.0,0.0,-39.0
1776886461.5891027,-3.0,-5.0,-36.0
1776886461.5991027,-4.0,-4.0,-38.0
1776886461.6091027,-2.0,-3.0,-39.0
1776886461.6191027,-1.0,-1.0,-40.0
1776886461.6291027,-2.0,-4.0,-44.0
1776886461.6391027,-5.0,-7.0,-46.0
1776886461.6491027,0.0,-6.0,-51.0
1776886461.659103,3.0,-6.0,-56.0
1776886461.669103,1.0,-3.0,-51.0
1776886461.679103,5.0,-6.0,-47.0
1776886461.6891026,6.0,-7.0,-49.0
1776886461.6991026,8.0,-8.0,-43.0
1776886461.7091026,9.0,0.0,-43.0
1776886461.7191026,4.0,0.0,-43.0
1776886461.7291028,0.0,0.0,-44.0
1776886461.7391028,-1.0,4.0,-47.0
1776886461.7491028,2.0,1.0,-41.0
1776886461.7591028,4.0,3.0,-42.0
1776886461.7691028,0.0,0.0,-39.0
1776886461.7791028,0.0,1.0,-40.0
1776886461.7891028,0.0,1.0,-40.0
1776886461.7991028,1.0,-6.0,-39.0
1776886461.8091028,2.0,-4.0,-41.0
1776886461.8191028,-1.0,-5.0,-33.0
1776886461.8291028,1.0,-6.0,-34.0
1776886461.8391027,1.0,-7.0,-30.0
1776886461.8491027,1.0,-4.0,-29.0
1776886461.8591027,1.0,-3.0,-35.0
1776886461.8691027,0.0,-2.0,-36.0
1776886461.8791027,-2.0,-3.0,-35.0
1776886461.8891027,-1.0,-4.0,-34.0
1776886461.8991027,-3.0,-3.0,-30.0
1776886461.909103,-2.0,-4.0,-29.0
1776886461.919103,-4.0,-1.0,-32.0
1776886461.929103,-1.0,0.0,-38.0
1776886461.9391026,0.0,2.0,-41.0
1776886461.9491026,-3.0,0.0,-31.0
1776886461.9591026,-1.0,0.0,-39.0
1776886461.9691026,-1.0,0.0,-42.0
1776886461.9791028,0.0,0.0,-36.0
1776886461.9891028,0.0,3.0,-35.0
1776886461.9991028,1.0,4.0,-37.0
1776886462.0091028,0.0,0.0,-39.0
1776886462.0191028,0.0,1.0,-39.0
1776886462.0291028,0.0,0.0,-37.0
1776886462.0391028,-3.0,-1.0,-36.0
1776886462.0491028,2.0,-2.0,-51.0
1776886462.0591028,5.0,-4.0,-55.0
1776886462.0691028,7.0,-2.0,-50.0
1776886462.0791028,8.0,0.0,-44.0
1776886462.0891027,10.0,0.0,-41.0
1776886462.0991027,11.0,-3.0,-40.0
1776886462.1091027,6.0,-7.0,-41.0
1776886462.1191027,3.0,-8.0,-35.0
1776886462.1291027,8.0,-4.0,-45.0
1776886462.1391027,7.0,-2.0,-50.0
1776886462.1491027,5.0,-2.0,-52.0
1776886462.159103,5.0,-1.0,-55.0
1776886462.169103,2.0,-4.0,-59.0
1776886462.179103,0.0,-3.0,-50.0
1776886462.1891026,-2.0,0.0,-47.0
1776886462.1991026,-4.0,1.0,-41.0
1776886462.2091026,-5.0,0.0,-41.0
1776886462.2191026,-8.0,3.0,-41.0
1776886462.2291028,-9.0,1.0,-42.0
1776886462.2391028,-4.0,-1.0,-41.0
1776886462.2491028,-6.0,1.0,-41.0
1776886462.2591028,-5.0,3.0,-40.0
1776886462.2691028,-4.0,0.0,-36.0
1776886462.2791028,-1.0,-1.0,-35.0
1776886462.2891028,-3.0,1.0,-41.0
1776886462.2991028,-2.0,0.0,-44.0
1776886462.3091028,-5.0,-3.0,-40.0
1776886462.3191028,-3.0,-1.0,-37.0
1776886462.3291028,-4.0,-2.0,-36.0
1776886462.3391027,-1.0,-6.0,-41.0
1776886462.3491027,2.0,-6.0,-39.0
1776886462.3591027,1.0,-6.0,-33.0
1776886462.3691027,2.0,-3.0,-39.0
1776886462.3791027,5.0,0.0,-53.0
1776886462.3891027,4.0,2.0,-49.0
1776886462.3991027,4.0,1.0,-40.0
1776886462.409103,3.0,-2.0,-45.0
1776886462.419103,1.0,-1.0,-42.0
1776886462.429103,2.0,-3.0,-32.0
1776886462.4391026,6.0,-1.0,-39.0
1776886462.4491026,2.0,-1.0,-37.0
1776886462.4591026,3.0,0.0,-39.0
1776886462.4691026,5.0,0.0,-34.0
1776886462.4791028,5.0,1.0,-39.0
1776886462.4891028,6.0,1.0,-39.0
1776886462.4991028,10.0,3.0,-44.0
1776886462.5091028,7.0,6.0,-42.0
1776886462.5191028,8.0,6.0,-34.0
1776886462.5291028,7.0,2.0,-36.0
1776886462.5391028,3.0,1.0,-32.0
1776886462.5491028,2.0,0.0,-31.0
1776886462.5591028,-1.0,2.0,-32.0
1776886462.5691028,-2.0,2.0,-30.0
1776886462.5791028,0.0,1.0,-25.0
1776886462.5891027,0.0,1.0,-28.0
1776886462.5991027,1.0,-1.0,-28.0
1776886462.6091027,0.0,-2.0,-27.0
1776886462.6191027,-1.0,0.0,-33.0
1776886462.6291027,-2.0,1.0,-37.0
1776886462.6391027,-1.0,0.0,-39.0
1776886462.6491027,0.0,3.0,-39.0
1776886462.659103,3.0,3.0,-39.0
1776886462.669103,3.0,0.0,-30.0
1776886462.679103,3.0,0.0,-35.0
1776886462.6891026,3.0,0.0,-33.0
1776886462.6991026,6.0,0.0,-32.0
1776886462.7091026,7.0,-3.0,-36.0
1776886462.7191026,7.0,-8.0,-32.0
1776886462.7291028,7.0,-7.0,-29.0
1776886462.7391028,6.0,-8.0,-33.0
1776886462.7491028,5.0,0.0,-38.0
1776886462.7591028,7.0,0.0,-29.0
1776886462.7691028,7.0,-1.0,-29.0
1776886462.7791028,8.0,-4.0,-28.0
1776886462.7891028,5.0,-4.0,-33.0
1776886462.7991028,1.0,-4.0,-34.0
1776886462.8091028,3.0,-5.0,-36.0
1776886462.8191028,7.0,-2.0,-36.0
1776886462.8291028,5.0,-3.0,-39.0
1776886462.8391027,-2.0,-4.0,-41.0
1776886462.8491027,-2.0,-1.0,-38.0
1776886462.8591027,0.0,-1.0,-42.0
1776886462.8691027,2.0,0.0,-41.0
1776886462.8791027,0.0,1.0,-48.0
1776886462.8891027,-4.0,0.0,-47.0
1776886462.8991027,-4.0,0.0,-44.0
1776886462.909103,-1.0,0.0,-49.0
1776886462.919103,1.0,1.0,-55.0
1776886462.929103,7.0,3.0,-51.0
1776886462.9391026,7.0,0.0,-45.0
1776886462.9491026,4.0,-5.0,-41.0
1776886462.9591026,3.0,-7.0,-45.0
1776886462.9691026,2.0,-9.0,-46.0
1776886462.9791028,0.0,-8.0,-42.0
1776886462.9891028,5.0,-8.0,-41.0
1776886463.0001028,2.0,-10.0,-35.0
1776886463.0091028,5.0,-10.0,-24.0
1776886463.0191028,-1.0,-9.0,-20.0
1776886463.0291028,0.0,-8.0,-22.0
1776886463.0391028,1.0,-11.0,-29.0
1776886463.0491028,3.0,-8.0,-34.0
1776886463.0591028,1.0,-8.0,-43.0
1776886463.0691028,1.0,-4.0,-44.0
1776886463.0801027,2.0,-3.0,-42.0
1776886463.090103,2.0,-2.0,-43.0
1776886463.0991027,6.0,0.0,-41.0
1776886463.110103,5.0,0.0,-37.0
1776886463.1201026,2.0,3.0,-36.0
1776886463.1291027,0.0,3.0,-45.0
1776886463.1401026,-1.0,0.0,-44.0
1776886463.1501029,-2.0,-4.0,-43.0
1776886463.1601028,-3.0,-5.0,-47.0
1776886463.1701028,-3.0,-5.0,-47.0
1776886463.1801028,2.0,-5.0,-40.0
1776886463.1901028,1.0,-5.0,-35.0
1776886463.2001028,0.0,-6.0,-22.0
1776886463.2101028,0.0,-5.0,-34.0
1776886463.2201028,1.0,-5.0,-41.0
1776886463.2301028,1.0,-4.0,-46.0
1776886463.2401028,5.0,-4.0,-43.0
1776886463.2501028,2.0,-2.0,-44.0
1776886463.2601027,5.0,-1.0,-40.0
1776886463.2701027,2.0,-5.0,-39.0
1776886463.2801027,3.0,-1.0,-37.0
1776886463.2901027,3.0,0.0,-36.0
1776886463.3001027,6.0,0.0,-35.0
1776886463.3101027,10.0,1.0,-32.0
1776886463.3201027,12.0,4.0,-33.0
1776886463.3301027,10.0,2.0,-29.0
1776886463.340103,3.0,0.0,-35.0
1776886463.350103,7.0,-4.0,-36.0
1776886463.360103,9.0,-3.0,-38.0
1776886463.3701026,6.0,-4.0,-41.0
1776886463.3801026,2.0,-2.0,-44.0
1776886463.3901026,7.0,-2.0,-45.0
1776886463.4001029,5.0,-1.0,-53.0
1776886463.4101028,2.0,-3.0,-47.0
1776886463.4201028,0.0,-3.0,-50.0
1776886463.4301028,0.0,-7.0,-53.0
1776886463.4401028,1.0,-5.0,-47.0
1776886463.4501028,0.0,-6.0,-44.0
1776886463.4601028,-2.0,-3.0,-46.0
1776886463.4701028,-2.0,0.0,-40.0
1776886463.4801028,3.0,0.0,-36.0
1776886463.4901028,4.0,0.0,-41.0
1776886463.5001028,8.0,0.0,-41.0
1776886463.5101027,5.0,0.0,-33.0
1776886463.5201027,4.0,0.0,-35.0
1776886463.5301027,0.0,5.0,-36.0
1776886463.5401027,0.0,2.0,-39.0
1776886463.5501027,1.0,2.0,-40.0
1776886463.5601027,3.0,0.0,-41.0
1776886463.5701027,4.0,-1.0,-42.0
1776886463.5801027,3.0,2.0,-42.0
1776886463.590103,2.0,2.0,-46.0
1776886463.600103,2.0,6.0,-52.0
1776886463.610103,0.0,2.0,-53.0
1776886463.6201026,-1.0,5.0,-46.0
1776886463.6301026,3.0,4.0,-41.0
1776886463.6401026,8.0,3.0,-35.0
1776886463.6501029,11.0,-1.0,-33.0
1776886463.6601028,12.0,-1.0,-34.0
1776886463.6701028,10.0,-6.0,-32.0
1776886463.6801028,4.0,-4.0,-31.0
1776886463.6901028,-1.0,-4.0,-30.0
1776886463.7001028,-3.0,-2.0,-32.0
1776886463.7101028,-4.0,-3.0,-37.0
1776886463.7201028,-2.0,-3.0,-38.0
1776886463.7301028,-1.0,-3.0,-41.0
1776886463.7401028,1.0,-1.0,-47.0
1776886463.7501028,2.0,-4.0,-46.0
1776886463.7601027,3.0,-1.0,-44.0
1776886463.7701027,5.0,-4.0,-42.0
1776886463.7801027,8.0,-7.0,-42.0
1776886463.7901027,10.0,-6.0,-36.0
1776886463.8001027,5.0,-8.0,-41.0
1776886463.8101027,3.0,-9.0,-43.0
1776886463.8201027,3.0,-9.0,-39.0
1776886463.8301027,0.0,-7.0,-36.0
1776886463.840103,-1.0,-3.0,-38.0
1776886463.850103,0.0,-2.0,-40.0
1776886463.860103,-3.0,-3.0,-38.0
1776886463.8701026,-6.0,-2.0,-40.0
1776886463.8801026,-6.0,0.0,-38.0
1776886463.8901026,-9.0,2.0,-34.0
1776886463.9001029,-5.0,3.0,-36.0
1776886463.9101028,-1.0,-2.0,-43.0
1776886463.9201028,1.0,-2.0,-47.0
1776886463.9301028,2.0,0.0,-41.0
1776886463.9401028,1.0,1.0,-43.0
1776886463.9501028,1.0,0.0,-46.0
1776886463.9601028,0.0,-3.0,-44.0
1776886463.9701028,-3.0,-4.0,-35.0
1776886463.9801028,-3.0,-4.0,-40.0
1776886463.9901028,0.0,-4.0,-45.0
1776886464.0001028,-3.0,3.0,-39.0
1776886464.0101027,-2.0,2.0,-41.0
1776886464.0201027,1.0,0.0,-42.0
1776886464.0301027,2.0,0.0,-43.0
1776886464.0401027,4.0,0.0,-50.0
1776886464.0501027,2.0,0.0,-55.0
1776886464.0601027,-4.0,-1.0,-54.0
1776886464.0701027,-7.0,-1.0,-47.0
1776886464.0801027,-4.0,-1.0,-45.0
1776886464.090103,1.0,1.0,-39.0
1776886464.100103,6.0,0.0,-39.0
1776886464.110103,6.0,0.0,-38.0
1776886464.1201026,4.0,0.0,-44.0
1776886464.1301026,6.0,1.0,-41.0
1776886464.1401026,5.0,3.0,-39.0
1776886464.1501029,6.0,3.0,-36.0
1776886464.1601028,4.0,3.0,-37.0
1776886464.1701028,3.0,0.0,-32.0
1776886464.1801028,2.0,1.0,-35.0
1776886464.1901028,-3.0,1.0,-37.0
1776886464.2001028,-4.0,0.0,-37.0
1776886464.2101028,-2.0,-3.0,-26.0
1776886464.2201028,0.0,-8.0,-31.0
1776886464.2301028,-1.0,-3.0,-30.0
1776886464.2401028,-1.0,-1.0,-36.0
1776886464.2501028,1.0,-2.0,-42.0
1776886464.2601027,-1.0,-4.0,-41.0
1776886464.2701027,-2.0,-11.0,-42.0
1776886464.2801027,-2.0,-10.0,-38.0
1776886464.2901027,0.0,-5.0,-39.0
1776886464.3001027,4.0,-1.0,-42.0
1776886464.3101027,6.0,-1.0,-43.0
1776886464.3201027,4.0,1.0,-43.0
1776886464.3301027,7.0,0.0,-40.0
1776886464.340103,9.0,1.0,-41.0
1776886464.350103,8.0,3.0,-47.0
1776886464.360103,3.0,2.0,-44.0
1776886464.3701026,0.0,4.0,-42.0
1776886464.3801026,3.0,6.0,-45.0
1776886464.3901026,-1.0,1.0,-47.0
1776886464.4001029,0.0,-1.0,-42.0
1776886464.4101028,0.0,-1.0,-42.0
1776886464.4201028,0.0,-1.0,-37.0
1776886464.4301028,-2.0,-1.0,-39.0
1776886464.4401028,-5.0,-1.0,-32.0
1776886464.4501028,-3.0,0.0,-30.0
1776886464.4601028,-7.0,-2.0,-30.0
1776886464.4701028,-7.0,-4.0,-33.0
1776886464.4801028,-3.0,-5.0,-34.0
1776886464.4901028,-1.0,-1.0,-33.0
1776886464.5001028,3.0,0.0,-36.0
1776886464.5101027,4.0,1.0,-37.0
1776886464.5201027,6.0,0.0,-40.0
1776886464.5301027,9.0,0.0,-39.0
1776886464.5401027,8.0,-1.0,-39.0
1776886464.5501027,5.0,0.0,-37.0
1776886464.5601027,7.0,-2.0,-29.0
1776886464.5701027,9.0,-2.0,-27.0
1776886464.5801027,12.0,0.0,-24.0
1776886464.590103,13.0,0.0,-29.0
1776886464.600103,9.0,-1.0,-30.0
1776886464.610103,5.0,-1.0,-31.0
1776886464.6201026,6.0,-4.0,-34.0
1776886464.6301026,8.0,-1.0,-36.0
1776886464.6401026,3.0,0.0,-37.0
1776886464.6501029,0.0,-8.0,-40.0
1776886464.6601028,-3.0,-6.0,-40.0
1776886464.6701028,-1.0,-4.0,-40.0
1776886464.6801028,-2.0,-3.0,-40.0
1776886464.6901028,-1.0,-1.0,-40.0
1776886464.7001028,0.0,-3.0,-42.0
1776886464.7101028,-3.0,-2.0,-42.0
1776886464.7201028,3.0,0.0,-37.0
1776886464.7301028,2.0,1.0,-39.0
1776886464.7401028,3.0,3.0,-36.0
1776886464.7501028,4.0,1.0,-40.0
1776886464.7601027,2.0,2.0,-45.0
1776886464.7701027,0.0,-2.0,-35.0
1776886464.7801027,2.0,-3.0,-32.0
1776886464.7901027,5.0,0.0,-34.0
1776886464.8001027,5.0,-2.0,-41.0
1776886464.8101027,2.0,-1.0,-44.0
1776886464.8201027,0.0,-4.0,-50.0
1776886464.8301027,5.0,-4.0,-48.0
1776886464.840103,2.0,-5.0,-52.0
1776886464.850103,0.0,-8.0,-49.0
1776886464.860103,2.0,-7.0,-48.0
1776886464.8701026,4.0,-4.0,-47.0
1776886464.8801026,9.0,-3.0,-44.0
1776886464.8901026,4.0,-1.0,-40.0
1776886464.9001029,-3.0,-1.0,-41.0
1776886464.9101028,-2.0,1.0,-37.0
1776886464.9201028,-4.0,6.0,-40.0
1776886464.9301028,-5.0,4.0,-40.0
1776886464.9401028,-7.0,2.0,-43.0
1776886464.9501028,-2.0,3.0,-41.0
1776886464.9601028,0.0,0.0,-41.0
1776886464.9701028,0.0,2.0,-43.0
1776886464.9801028,4.0,0.0,-46.0
1776886464.9901028,0.0,2.0,-45.0
1776886465.0001028,2.0,2.0,-39.0
1776886465.0101027,-2.0,0.0,-28.0
1776886465.0201027,3.0,-3.0,-36.0
1776886465.0301027,6.0,-1.0,-32.0
1776886465.0401027,4.0,-4.0,-29.0
1776886465.0501027,-3.0,-5.0,-32.0
1776886465.0601027,-1.0,-7.0,-35.0
1776886465.0701027,1.0,-7.0,-34.0
1776886465.0801027,0.0,-9.0,-37.0
1776886465.090103,1.0,-8.0,-31.0
1776886465.1011028,-3.0,-7.0,-31.0
1776886465.110103,-4.0,-6.0,-29.0
1776886465.1201026,-5.0,-2.0,-33.0
1776886465.1311028,-1.0,-1.0,-27.0
1776886465.1401026,-3.0,0.0,-26.0
1776886465.1511028,0.0,0.0,-31.0
1776886465.1611028,-3.0,1.0,-37.0
1776886465.1711028,-6.0,4.0,-36.0
1776886465.1811028,0.0,2.0,-30.0
1776886465.1901028,0.0,3.0,-32.0
1776886465.2011027,-1.0,-1.0,-33.0
1776886465.2111027,-2.0,-1.0,-32.0
1776886465.2211027,0.0,3.0,-29.0
1776886465.2311027,-5.0,2.0,-28.0
1776886465.2411027,-8.0,3.0,-28.0
1776886465.2511027,-4.0,3.0,-32.0
1776886465.261103,0.0,1.0,-41.0
1776886465.271103,0.0,5.0,-40.0
1776886465.281103,2.0,4.0,-41.0
1776886465.2901027,5.0,0.0,-39.0
1776886465.3011026,3.0,2.0,-34.0
1776886465.3111026,3.0,0.0,-35.0
1776886465.3211029,4.0,1.0,-41.0
1776886465.3311028,0.0,0.0,-48.0
1776886465.3411028,-2.0,-1.0,-46.0
1776886465.3511028,-3.0,-3.0,-50.0
1776886465.3611028,-3.0,0.0,-54.0
1776886465.3711028,-2.0,-1.0,-47.0
1776886465.3811028,-2.0,-4.0,-44.0
1776886465.3911028,-3.0,-6.0,-40.0
1776886465.4011028,-2.0,-3.0,-39.0
1776886465.4111028,-1.0,-1.0,-47.0
1776886465.4211028,1.0,-2.0,-42.0
1776886465.4311028,0.0,-3.0,-39.0
1776886465.4411027,6.0,-2.0,-36.0
1776886465.4511027,7.0,0.0,-30.0
1776886465.4611027,2.0,-1.0,-31.0
1776886465.4711027,2.0,-1.0,-37.0
1776886465.4811027,1.0,0.0,-36.0
1776886465.4911027,0.0,5.0,-40.0
1776886465.5011027,0.0,2.0,-38.0
1776886465.511103,-2.0,1.0,-31.0
1776886465.521103,-4.0,2.0,-32.0
1776886465.531103,-4.0,-1.0,-34.0
1776886465.5411026,-5.0,-1.0,-34.0
1776886465.5511026,-4.0,0.0,-34.0
1776886465.5611026,-7.0,-1.0,-37.0
1776886465.5711029,-7.0,-3.0,-42.0
1776886465.5811028,-4.0,-3.0,-42.0
1776886465.5911028,0.0,-1.0,-43.0
1776886465.6011028,3.0,-5.0,-44.0
1776886465.6111028,-1.0,-4.0,-36.0
1776886465.6211028,2.0,-4.0,-38.0
1776886465.6311028,1.0,-6.0,-43.0
1776886465.6411028,1.0,-6.0,-49.0
1776886465.6511028,2.0,-4.0,-50.0
1776886465.6611028,1.0,0.0,-40.0
1776886465.6711028,4.0,-1.0,-37.0
1776886465.6811028,4.0,-5.0,-39.0
1776886465.6911027,1.0,-9.0,-43.0
1776886465.7011027,2.0,-12.0,-41.0
1776886465.7111027,5.0,-6.0,-44.0
1776886465.7211027,6.0,-2.0,-41.0
1776886465.7311027,1.0,-9.0,-43.0
1776886465.7411027,-3.0,-7.0,-47.0
1776886465.7511027,-2.0,-7.0,-43.0
1776886465.761103,3.0,-1.0,-40.0
1776886465.771103,4.0,-1.0,-31.0
1776886465.781103,5.0,-3.0,-25.0
1776886465.7911026,7.0,-2.0,-28.0
1776886465.8011026,4.0,-1.0,-35.0
1776886465.8111026,0.0,-2.0,-36.0
1776886465.8211029,1.0,-5.0,-41.0
1776886465.8311028,1.0,-7.0,-39.0
1776886465.8411028,1.0,-9.0,-36.0
1776886465.8511028,2.0,-5.0,-37.0
1776886465.8611028,7.0,-7.0,-38.0
1776886465.8711028,4.0,-9.0,-46.0
1776886465.8811028,0.0,-5.0,-43.0
1776886465.8911028,0.0,-2.0,-38.0
1776886465.9011028,-1.0,1.0,-39.0
1776886465.9111028,3.0,0.0,-41.0
1776886465.9211028,4.0,-1.0,-40.0
1776886465.9311028,4.0,0.0,-43.0
1776886465.9411027,5.0,0.0,-44.0
1776886465.9511027,2.0,1.0,-43.0
1776886465.9611027,4.0,0.0,-42.0
1776886465.9711027,2.0,0.0,-44.0
1776886465.9811027,1.0,-1.0,-51.0
1776886465.9911027,3.0,2.0,-51.0
1776886466.0011027,6.0,0.0,-41.0
1776886466.011103,3.0,2.0,-35.0
1776886466.021103,0.0,2.0,-30.0
1776886466.031103,-1.0,5.0,-30.0
1776886466.0411026,-4.0,4.0,-35.0
1776886466.0511026,-2.0,3.0,-35.0
1776886466.0611026,0.0,5.0,-37.0
1776886466.0721028,5.0,3.0,-33.0
1776886466.0811028,7.0,3.0,-35.0
1776886466.0911028,8.0,3.0,-37.0
1776886466.1011028,6.0,4.0,-34.0
1776886466.1111028,7.0,3.0,-36.0
1776886466.1211028,3.0,6.0,-39.0
1776886466.1311028,0.0,4.0,-34.0
1776886466.1411028,2.0,1.0,-37.0
1776886466.1511028,6.0,1.0,-41.0
1776886466.1611028,7.0,1.0,-45.0
1776886466.1711028,4.0,2.0,-40.0
1776886466.1811028,7.0,2.0,-38.0
1776886466.1911027,8.0,6.0,-41.0
1776886466.2011027,6.0,1.0,-36.0
1776886466.2111027,12.0,0.0,-35.0
1776886466.2211027,10.0,0.0,-41.0
1776886466.2311027,4.0,-3.0,-45.0
1776886466.2411027,2.0,-4.0,-52.0
1776886466.2511027,4.0,-2.0,-43.0
1776886466.261103,6.0,-2.0,-42.0
1776886466.271103,4.0,-1.0,-39.0
1776886466.281103,4.0,0.0,-38.0
1776886466.2911026,2.0,0.0,-40.0
1776886466.3011026,0.0,0.0,-37.0
1776886466.3111026,3.0,0.0,-33.0
1776886466.3211029,7.0,-3.0,-32.0
1776886466.3311028,9.0,-3.0,-36.0
1776886466.3411028,11.0,-4.0,-47.0
1776886466.3511028,8.0,-2.0,-45.0
1776886466.3611028,6.0,0.0,-39.0
1776886466.3711028,3.0,-1.0,-43.0
1776886466.3811028,0.0,-8.0,-46.0
1776886466.3911028,0.0,-9.0,-41.0
1776886466.4011028,0.0,-5.0,-47.0
1776886466.4111028,-4.0,-5.0,-45.0
1776886466.4211028,-3.0,-6.0,-46.0
1776886466.4311028,-1.0,-3.0,-40.0
1776886466.4411027,-3.0,-6.0,-34.0
1776886466.4511027,0.0,-9.0,-32.0
1776886466.4611027,-1.0,-10.0,-35.0
1776886466.4711027,-3.0,-7.0,-37.0
1776886466.4811027,-5.0,-5.0,-40.0
1776886466.4911027,-1.0,-6.0,-39.0
1776886466.5011027,-4.0,-5.0,-39.0
1776886466.511103,-3.0,-4.0,-42.0
1776886466.521103,-4.0,-2.0,-48.0
1776886466.531103,-4.0,-2.0,-42.0
1776886466.5411026,-3.0,-2.0,-44.0
1776886466.5511026,0.0,-3.0,-46.0
1776886466.5611026,1.0,-1.0,-46.0
1776886466.5711029,0.0,-2.0,-48.0
1776886466.5811028,-2.0,0.0,-43.0
1776886466.5911028,1.0,0.0,-42.0
1776886466.6011028,0.0,-1.0,-34.0
1776886466.6111028,-4.0,-1.0,-38.0
1776886466.6211028,-3.0,-1.0,-34.0
1776886466.6311028,0.0,-1.0,-35.0
1776886466.6411028,-1.0,-1.0,-38.0
1776886466.6511028,-2.0,0.0,-40.0
1776886466.6611028,-1.0,2.0,-39.0
1776886466.6711028,0.0,-3.0,-33.0
1776886466.6811028,-2.0,0.0,-29.0
1776886466.6911027,-7.0,6.0,-26.0
1776886466.7011027,-8.0,4.0,-24.0
1776886466.7111027,-9.0,0.0,-27.0
1776886466.7211027,-9.0,0.0,-29.0
1776886466.7311027,-11.0,2.0,-28.0
1776886466.7411027,-7.0,2.0,-21.0
1776886466.7511027,-4.0,0.0,-28.0
1776886466.761103,-7.0,0.0,-33.0
1776886466.771103,-3.0,-1.0,-39.0
1776886466.781103,-1.0,-6.0,-42.0
1776886466.7911026,2.0,-6.0,-35.0
1776886466.8011026,6.0,-5.0,-35.0
1776886466.8111026,5.0,-1.0,-42.0
1776886466.8211029,4.0,-2.0,-46.0
1776886466.8311028,6.0,0.0,-46.0
1776886466.8411028,3.0,1.0,-48.0
1776886466.8511028,1.0,2.0,-52.0
1776886466.8611028,-1.0,7.0,-47.0
1776886466.8711028,-2.0,9.0,-45.0
1776886466.8811028,-4.0,4.0,-49.0
1776886466.8911028,-1.0,2.0,-48.0
1776886466.9011028,-2.0,2.0,-39.0
1776886466.9111028,0.0,0.0,-40.0
1776886466.9211028,0.0,-2.0,-40.0
1776886466.9311028,1.0,-4.0,-40.0
1776886466.9411027,1.0,-1.0,-39.0
1776886466.9511027,-1.0,2.0,-34.0
1776886466.9611027,-1.0,1.0,-37.0
1776886466.9711027,0.0,1.0,-38.0
1776886466.9811027,0.0,1.0,-41.0
1776886466.9911027,0.0,-3.0,-40.0
1776886467.0011027,5.0,-7.0,-32.0
1776886467.011103,6.0,-2.0,-33.0
1776886467.021103,6.0,-1.0,-34.0
1776886467.031103,5.0,5.0,-38.0
1776886467.0411026,4.0,1.0,-29.0
1776886467.0511026,2.0,0.0,-36.0
1776886467.0611026,0.0,-3.0,-40.0
1776886467.0711029,2.0,0.0,-37.0
1776886467.0811028,1.0,0.0,-38.0
1776886467.0911028,3.0,-2.0,-34.0
1776886467.1011028,6.0,-3.0,-29.0
1776886467.1121027,5.0,-1.0,-35.0
1776886467.1221027,5.0,-2.0,-38.0
1776886467.1321027,3.0,3.0,-47.0
1776886467.1421027,2.0,2.0,-44.0
1776886467.1521027,0.0,0.0,-38.0
1776886467.1621027,-1.0,1.0,-31.0
1776886467.1721027,3.0,4.0,-32.0
1776886467.182103,2.0,0.0,-32.0
1776886467.192103,0.0,0.0,-36.0
1776886467.202103,0.0,-1.0,-34.0
1776886467.212103,-3.0,5.0,-33.0
1776886467.2221026,-2.0,11.0,-31.0
1776886467.2321026,-3.0,8.0,-34.0
1776886467.2421026,-3.0,8.0,-39.0
1776886467.2521029,-3.0,4.0,-43.0
1776886467.2621028,-5.0,0.0,-43.0
1776886467.2721028,-2.0,0.0,-33.0
1776886467.2821028,-3.0,-2.0,-34.0
1776886467.2921028,-1.0,-5.0,-34.0
1776886467.3021028,0.0,-8.0,-33.0
1776886467.3121028,4.0,-8.0,-43.0
1776886467.3221028,0.0,-4.0,-41.0
1776886467.3321028,3.0,-4.0,-36.0
1776886467.3421028,2.0,-1.0,-32.0
1776886467.3521028,2.0,-2.0,-31.0
1776886467.3621027,0.0,-4.0,-40.0
1776886467.3721027,-2.0,-6.0,-34.0
1776886467.3821027,-2.0,-6.0,-32.0
1776886467.3921027,0.0,-7.0,-28.0
1776886467.4021027,0.0,-13.0,-36.0
1776886467.4121027,-7.0,-9.0,-29.0
1776886467.4221027,-3.0,-8.0,-34.0
1776886467.432103,-2.0,-5.0,-32.0
1776886467.442103,-4.0,-5.0,-35.0
1776886467.452103,-4.0,-7.0,-34.0
1776886467.462103,-1.0,-6.0,-34.0
1776886467.4721026,-2.0,-7.0,-33.0
1776886467.4821026,0.0,-4.0,-32.0
1776886467.4921026,-1.0,-4.0,-30.0
1776886467.5021029,0.0,-7.0,-31.0
1776886467.5121028,1.0,-6.0,-27.0
1776886467.5221028,0.0,-5.0,-34.0
1776886467.5321028,-6.0,-3.0,-31.0
1776886467.5421028,1.0,-4.0,-33.0
1776886467.5521028,1.0,-1.0,-34.0
1776886467.5621028,-3.0,0.0,-40.0
1776886467.5721028,-3.0,0.0,-43.0
1776886467.5821028,-1.0,1.0,-41.0
1776886467.5921028,-2.0,3.0,-41.0
1776886467.6021028,-1.0,2.0,-44.0
1776886467.6121027,2.0,1.0,-43.0
1776886467.6221027,-1.0,-2.0,-39.0
1776886467.6321027,0.0,0.0,-42.0
1776886467.6421027,0.0,-3.0,-43.0
1776886467.6521027,0.0,-1.0,-40.0
1776886467.6621027,-3.0,0.0,-36.0
1776886467.6721027,-3.0,-1.0,-33.0
1776886467.682103,-6.0,-1.0,-42.0
1776886467.692103,-8.0,-5.0,-45.0
1776886467.702103,-10.0,-3.0,-48.0
1776886467.712103,-2.0,-1.0,-44.0
1776886467.7221026,-3.0,-1.0,-40.0
1776886467.7321026,-4.0,-1.0,-41.0
1776886467.7421026,0.0,0.0,-41.0
1776886467.7521029,0.0,7.0,-46.0
1776886467.7621028,-2.0,4.0,-49.0
1776886467.7721028,-5.0,4.0,-47.0
1776886467.7821028,-5.0,5.0,-45.0
1776886467.7921028,-1.0,4.0,-42.0
1776886467.8021028,-5.0,2.0,-45.0
1776886467.8121028,-2.0,0.0,-41.0
1776886467.8221028,5.0,0.0,-38.0
1776886467.8321028,5.0,2.0,-36.0
1776886467.8421028,5.0,1.0,-36.0
1776886467.8521028,8.0,5.0,-36.0
1776886467.8621027,7.0,5.0,-40.0
1776886467.8721027,3.0,2.0,-43.0
1776886467.8821027,2.0,2.0,-53.0
1776886467.8921027,1.0,2.0,-48.0
1776886467.9021027,2.0,-3.0,-48.0
1776886467.9121027,2.0,0.0,-44.0
1776886467.9221027,0.0,-3.0,-44.0
1776886467.932103,1.0,-1.0,-41.0
1776886467.942103,4.0,0.0,-40.0
1776886467.952103,0.0,-1.0,-40.0
1776886467.962103,1.0,0.0,-45.0
1776886467.9721026,0.0,4.0,-42.0
1776886467.9821026,0.0,6.0,-41.0
1776886467.9921026,0.0,6.0,-40.0
1776886468.0021029,0.0,3.0,-33.0
1776886468.0121028,0.0,6.0,-42.0
1776886468.0221028,0.0,6.0,-40.0
1776886468.0321028,6.0,3.0,-38.0
1776886468.0421028,4.0,0.0,-42.0
1776886468.0521028,9.0,0.0,-41.0
1776886468.0621028,9.0,0.0,-43.0
1776886468.0721028,6.0,1.0,-34.0
1776886468.0821028,2.0,-1.0,-23.0
1776886468.0921028,0.0,-1.0,-23.0
1776886468.1021028,-1.0,-2.0,-24.0
1776886468.1121027,1.0,-2.0,-31.0
1776886468.1221027,0.0,0.0,-33.0
1776886468.1321027,1.0,1.0,-34.0
1776886468.1421027,0.0,0.0,-34.0
1776886468.1521027,3.0,1.0,-33.0
1776886468.1621027,6.0,0.0,-36.0
1776886468.1721027,6.0,0.0,-38.0
1776886468.182103,6.0,-1.0,-38.0
1776886468.192103,4.0,-1.0,-41.0
1776886468.202103,0.0,1.0,-42.0
1776886468.212103,-1.0,6.0,-43.0
1776886468.2221026,0.0,4.0,-39.0
1776886468.2321026,1.0,0.0,-34.0
1776886468.2421026,7.0,-1.0,-40.0
1776886468.2521029,8.0,0.0,-41.0
1776886468.2621028,3.0,2.0,-41.0
1776886468.2721028,3.0,0.0,-42.0
1776886468.2821028,3.0,3.0,-41.0
1776886468.2921028,4.0,6.0,-41.0
1776886468.3021028,1.0,6.0,-41.0
1776886468.3121028,2.0,5.0,-44.0
1776886468.3221028,-1.0,7.0,-46.0
1776886468.3321028,-1.0,6.0,-39.0
1776886468.3421028,0.0,6.0,-40.0
1776886468.3521028,-5.0,8.0,-40.0
1776886468.3621027,-3.0,8.0,-43.0
1776886468.3721027,-5.0,8.0,-47.0
1776886468.3821027,-3.0,2.0,-43.0
1776886468.3921027,-1.0,2.0,-36.0
1776886468.4021027,1.0,1.0,-37.0
1776886468.4121027,2.0,0.0,-38.0
1776886468.4221027,5.0,2.0,-38.0
1776886468.432103,2.0,0.0,-38.0
1776886468.442103,6.0,0.0,-35.0
1776886468.452103,0.0,-2.0,-34.0
1776886468.462103,1.0,1.0,-37.0
1776886468.4721026,0.0,-1.0,-35.0
1776886468.4821026,-5.0,-6.0,-34.0
1776886468.4921026,-5.0,-7.0,-32.0
1776886468.5021029,-3.0,-7.0,-27.0
1776886468.5121028,2.0,-10.0,-26.0
1776886468.5221028,0.0,-6.0,-24.0
1776886468.5321028,-4.0,-3.0,-28.0
1776886468.5421028,-7.0,-1.0,-38.0
1776886468.5521028,-5.0,0.0,-46.0
1776886468.5621028,-5.0,-1.0,-40.0
1776886468.5721028,-3.0,0.0,-39.0
1776886468.5821028,0.0,-4.0,-47.0
1776886468.5921028,6.0,0.0,-40.0
1776886468.6021028,4.0,0.0,-40.0
1776886468.6121027,1.0,-2.0,-35.0
1776886468.6221027,0.0,0.0,-40.0
1776886468.6321027,2.0,0.0,-46.0
1776886468.6421027,-1.0,0.0,-42.0
1776886468.6521027,-4.0,0.0,-40.0
1776886468.6621027,-4.0,0.0,-43.0
1776886468.6721027,-1.0,2.0,-37.0
1776886468.682103,-2.0,4.0,-35.0
1776886468.692103,-3.0,2.0,-39.0
1776886468.702103,0.0,-1.0,-36.0
1776886468.712103,1.0,0.0,-34.0
1776886468.7221026,6.0,0.0,-41.0
1776886468.7321026,7.0,0.0,-42.0
1776886468.7421026,5.0,1.0,-38.0
1776886468.7521029,4.0,1.0,-44.0
1776886468.7621028,2.0,-1.0,-47.0
1776886468.7721028,0.0,-3.0,-47.0
1776886468.7821028,-1.0,-6.0,-40.0
1776886468.7921028,0.0,-4.0,-39.0
1776886468.8021028,0.0,-4.0,-42.0
1776886468.8121028,0.0,-3.0,-39.0
1776886468.8221028,2.0,-5.0,-38.0
1776886468.8321028,3.0,-8.0,-38.0
1776886468.8421028,1.0,-4.0,-40.0
1776886468.8521028,-2.0,-5.0,-37.0
1776886468.8621027,1.0,-10.0,-34.0
1776886468.8721027,0.0,-8.0,-36.0
1776886468.8821027,-1.0,-3.0,-36.0
1776886468.8921027,1.0,-3.0,-33.0
1776886468.9021027,1.0,-1.0,-34.0
1776886468.9121027,0.0,-2.0,-37.0
1776886468.9221027,-1.0,0.0,-36.0
1776886468.932103,0.0,2.0,-37.0
1776886468.942103,0.0,-1.0,-38.0
1776886468.952103,1.0,3.0,-46.0
1776886468.962103,0.0,1.0,-43.0
1776886468.9721026,-1.0,2.0,-39.0
1776886468.9821026,-6.0,4.0,-48.0
1776886468.9921026,-2.0,6.0,-50.0
1776886469.0021029,0.0,6.0,-53.0
1776886469.0121028,2.0,3.0,-50.0
1776886469.0221028,0.0,2.0,-47.0
1776886469.0321028,0.0,3.0,-50.0
1776886469.0421028,2.0,0.0,-45.0
1776886469.0521028,0.0,0.0,-44.0
1776886469.0621028,-1.0,0.0,-41.0
1776886469.0721028,0.0,1.0,-38.0
1776886469.0821028,4.0,1.0,-37.0
1776886469.0921028,3.0,0.0,-47.0
1776886469.1031027,1.0,0.0,-53.0
1776886469.113103,-1.0,3.0,-48.0
1776886469.123103,0.0,3.0,-45.0
1776886469.1321027,1.0,3.0,-46.0
1776886469.1431026,-5.0,1.0,-46.0
1776886469.1531026,-7.0,2.0,-50.0
1776886469.1631026,-6.0,1.0,-48.0
1776886469.1731029,-2.0,2.0,-49.0
1776886469.1831028,1.0,0.0,-50.0
1776886469.1931028,1.0,-1.0,-46.0
1776886469.2031028,2.0,2.0,-46.0
1776886469.2131028,1.0,1.0,-47.0
1776886469.2231028,0.0,0.0,-51.0
1776886469.2321026,3.0,0.0,-51.0
1776886469.2431028,3.0,-2.0,-47.0
1776886469.2531028,0.0,0.0,-47.0
1776886469.2631028,-5.0,0.0,-50.0
1776886469.2731028,-3.0,0.0,-47.0
1776886469.2831028,-4.0,-2.0,-46.0
1776886469.2931027,0.0,-2.0,-43.0
1776886469.3031027,2.0,0.0,-38.0
1776886469.3131027,2.0,-2.0,-39.0
1776886469.3231027,0.0,-1.0,-33.0
1776886469.3331027,0.0,-7.0,-35.0
1776886469.3431027,-3.0,-4.0,-38.0
1776886469.3531027,1.0,-2.0,-41.0
1776886469.363103,2.0,-3.0,-36.0
1776886469.373103,0.0,2.0,-39.0
1776886469.383103,0.0,1.0,-34.0
1776886469.3931026,1.0,0.0,-31.0
1776886469.4031026,0.0,-1.0,-33.0
1776886469.4131026,-3.0,0.0,-34.0
1776886469.4231029,0.0,1.0,-36.0
1776886469.4331028,-1.0,1.0,-30.0
1776886469.4431028,0.0,-2.0,-35.0
1776886469.4531028,-2.0,0.0,-34.0
1776886469.4631028,-5.0,2.0,-44.0
1776886469.4731028,-2.0,3.0,-45.0
1776886469.4831028,0.0,3.0,-48.0
1776886469.4931028,3.0,3.0,-46.0
1776886469.5031028,1.0,3.0,-44.0
1776886469.5131028,3.0,4.0,-46.0
1776886469.5231028,2.0,4.0,-43.0
1776886469.5331028,-1.0,6.0,-45.0
1776886469.5431027,-3.0,6.0,-49.0
1776886469.5531027,-4.0,4.0,-44.0
1776886469.5631027,0.0,4.0,-39.0
1776886469.5731027,1.0,6.0,-38.0
1776886469.5831027,1.0,7.0,-40.0
1776886469.5931027,-3.0,5.0,-45.0
1776886469.6031027,0.0,6.0,-47.0
1776886469.613103,6.0,2.0,-43.0
1776886469.623103,3.0,0.0,-38.0
1776886469.633103,1.0,0.0,-35.0
1776886469.6431026,0.0,0.0,-30.0
1776886469.6531026,-4.0,2.0,-32.0
1776886469.6631026,-5.0,-1.0,-42.0
1776886469.6731029,-1.0,0.0,-45.0
1776886469.6831028,-5.0,0.0,-43.0
1776886469.6931028,-5.0,-6.0,-44.0
1776886469.7031028,-6.0,-3.0,-46.0
1776886469.7131028,-7.0,-5.0,-44.0
1776886469.7231028,-7.0,0.0,-50.0
1776886469.7331028,-1.0,0.0,-49.0
1776886469.7431028,-1.0,-2.0,-45.0
1776886469.7531028,-2.0,-1.0,-44.0
1776886469.7631028,-4.0,-3.0,-42.0
1776886469.7731028,-6.0,2.0,-47.0
1776886469.7831028,-5.0,4.0,-43.0
1776886469.7931027,-8.0,1.0,-41.0
1776886469.8031027,-6.0,0.0,-38.0
1776886469.8131027,-3.0,-1.0,-35.0
1776886469.8231027,-3.0,0.0,-35.0
1776886469.8331027,-6.0,0.0,-35.0
1776886469.8431027,-4.0,-3.0,-38.0
1776886469.8531027,-1.0,-1.0,-44.0
1776886469.863103,-7.0,-1.0,-44.0
1776886469.873103,-7.0,1.0,-39.0
1776886469.883103,-7.0,3.0,-42.0
1776886469.8931026,-4.0,5.0,-43.0
1776886469.9031026,0.0,1.0,-43.0
1776886469.9131026,0.0,0.0,-42.0
1776886469.9231029,-1.0,0.0,-39.0
1776886469.9331028,0.0,1.0,-40.0
1776886469.9431028,3.0,-1.0,-40.0
1776886469.9531028,3.0,-2.0,-44.0
1776886469.9631028,0.0,-2.0,-48.0
1776886469.9731028,-3.0,-2.0,-52.0
1776886469.9831028,-2.0,-4.0,-50.0
1776886469.9931028,1.0,-3.0,-46.0
1776886470.0031028,0.0,-2.0,-39.0
1776886470.0131028,-1.0,0.0,-41.0
1776886470.0231028,-1.0,0.0,-43.0
1776886470.0331028,-2.0,2.0,-42.0
1776886470.0431027,2.0,5.0,-39.0
1776886470.0531027,1.0,6.0,-42.0
1776886470.0631027,-2.0,7.0,-39.0
1776886470.0731027,-4.0,5.0,-35.0
1776886470.0831027,-1.0,4.0,-41.0
1776886470.0931027,-1.0,1.0,-50.0
1776886470.1031027,3.0,-2.0,-50.0
1776886470.113103,3.0,0.0,-48.0
1776886470.123103,4.0,-1.0,-51.0
1776886470.133103,4.0,0.0,-46.0
1776886470.1431026,5.0,-2.0,-44.0
1776886470.1531026,1.0,-3.0,-45.0
1776886470.1631026,1.0,-2.0,-41.0
1776886470.1731029,-3.0,-5.0,-38.0
1776886470.1831028,3.0,-10.0,-37.0
1776886470.1931028,4.0,-6.0,-41.0
1776886470.2031028,3.0,-1.0,-40.0
1776886470.2131028,3.0,0.0,-41.0
1776886470.2231028,0.0,0.0,-39.0
1776886470.2331028,0.0,1.0,-32.0
1776886470.2431028,-2.0,2.0,-27.0
1776886470.2531028,0.0,0.0,-18.0
1776886470.2631028,0.0,2.0,-20.0
1776886470.2731028,0.0,0.0,-30.0
1776886470.2831028,0.0,-2.0,-33.0
1776886470.2931027,-1.0,-1.0,-36.0
1776886470.3031027,-4.0,-5.0,-35.0
1776886470.3131027,-9.0,-4.0,-37.0
1776886470.3231027,-5.0,-6.0,-42.0
1776886470.3331027,-3.0,-6.0,-36.0
1776886470.3431027,1.0,-5.0,-41.0
1776886470.3531027,6.0,-8.0,-43.0
1776886470.363103,4.0,-6.0,-42.0
1776886470.373103,1.0,-6.0,-46.0
1776886470.383103,0.0,-4.0,-45.0
1776886470.3931026,1.0,-2.0,-45.0
1776886470.4031026,0.0,0.0,-47.0
1776886470.4131026,0.0,-1.0,-44.0
1776886470.4231029,0.0,-1.0,-39.0
1776886470.4331028,3.0,0.0,-35.0
1776886470.4431028,2.0,-1.0,-38.0
1776886470.4531028,2.0,-1.0,-36.0
1776886470.4631028,2.0,0.0,-44.0
1776886470.4731028,4.0,0.0,-43.0
1776886470.4831028,0.0,2.0,-41.0
1776886470.4931028,-2.0,1.0,-31.0
1776886470.5031028,-4.0,3.0,-27.0
1776886470.5131028,-2.0,4.0,-34.0
1776886470.5231028,-4.0,6.0,-38.0
1776886470.5331028,-7.0,8.0,-38.0
1776886470.5431027,-3.0,2.0,-35.0
1776886470.5531027,-6.0,1.0,-33.0
1776886470.5631027,-5.0,-1.0,-38.0
1776886470.5731027,-6.0,-1.0,-41.0
1776886470.5831027,-9.0,0.0,-48.0
1776886470.5931027,-11.0,-3.0,-53.0
1776886470.6031027,-4.0,-2.0,-55.0
1776886470.613103,-1.0,-2.0,-55.0
1776886470.623103,1.0,-2.0,-53.0
1776886470.633103,4.0,0.0,-40.0
1776886470.6431026,6.0,0.0,-45.0
1776886470.6531026,6.0,2.0,-51.0
1776886470.6631026,5.0,4.0,-51.0
1776886470.6731029,10.0,2.0,-48.0
1776886470.6831028,4.0,0.0,-47.0
1776886470.6931028,4.0,-1.0,-39.0
1776886470.7031028,5.0,-4.0,-33.0
1776886470.7131028,1.0,-4.0,-32.0
1776886470.7231028,-3.0,-8.0,-30.0
1776886470.7331028,2.0,-8.0,-31.0
1776886470.7431028,3.0,-5.0,-30.0
1776886470.7531028,6.0,-4.0,-33.0
1776886470.7631028,7.0,-4.0,-37.0
1776886470.7731028,5.0,-4.0,-50.0
1776886470.7831028,6.0,-8.0,-53.0
1776886470.7931027,8.0,-8.0,-52.0
1776886470.8031027,6.0,-5.0,-53.0
1776886470.8131027,3.0,-7.0,-49.0
1776886470.8231027,5.0,-7.0,-41.0
1776886470.8331027,11.0,-6.0,-45.0
1776886470.8431027,8.0,-3.0,-45.0
1776886470.8531027,8.0,-4.0,-44.0
1776886470.863103,3.0,-3.0,-40.0
1776886470.873103,5.0,-2.0,-36.0
1776886470.883103,2.0,-2.0,-34.0
1776886470.8931026,2.0,-2.0,-39.0
1776886470.9031026,6.0,-3.0,-43.0
1776886470.9131026,2.0,-3.0,-42.0
1776886470.9231029,0.0,-1.0,-44.0
1776886470.9331028,-2.0,1.0,-48.0
1776886470.9431028,-2.0,1.0,-45.0
1776886470.9531028,1.0,0.0,-43.0
1776886470.9631028,0.0,0.0,-37.0
1776886470.9731028,-2.0,0.0,-36.0
1776886470.9831028,-2.0,0.0,-38.0
1776886470.9931028,-2.0,0.0,-34.0
1776886471.0031028,-2.0,1.0,-34.0
1776886471.0131028,-2.0,1.0,-32.0
1776886471.0231028,0.0,-1.0,-31.0
1776886471.0331028,2.0,-2.0,-32.0
1776886471.0431027,3.0,3.0,-29.0
1776886471.0531027,2.0,-1.0,-25.0
1776886471.0641026,7.0,0.0,-25.0
1776886471.0731027,7.0,1.0,-31.0
1776886471.0831027,8.0,0.0,-39.0
1776886471.0931027,12.0,4.0,-35.0
1776886471.1041028,8.0,6.0,-37.0
1776886471.1141028,4.0,7.0,-33.0
1776886471.1241028,1.0,4.0,-43.0
1776886471.1341028,1.0,3.0,-40.0
1776886471.1441028,-1.0,-4.0,-39.0
1776886471.1541028,-4.0,-2.0,-35.0
1776886471.1641028,-2.0,0.0,-33.0
1776886471.1741028,-2.0,-2.0,-29.0
1776886471.1841028,-4.0,-1.0,-33.0
1776886471.1941028,0.0,0.0,-42.0
1776886471.2041028,2.0,-3.0,-44.0
1776886471.2141027,3.0,0.0,-53.0
1776886471.2241027,1.0,-3.0,-52.0
1776886471.2341027,0.0,0.0,-49.0
1776886471.2441027,1.0,0.0,-47.0
1776886471.2541027,4.0,3.0,-45.0
1776886471.2641027,-1.0,4.0,-46.0
1776886471.2741027,1.0,2.0,-39.0
1776886471.284103,1.0,2.0,-35.0
1776886471.294103,0.0,1.0,-29.0
1776886471.304103,-2.0,0.0,-35.0
1776886471.3141026,-1.0,-3.0,-42.0
1776886471.3241026,-2.0,-7.0,-48.0
1776886471.3341026,-4.0,-8.0,-45.0
1776886471.3441026,-3.0,-4.0,-32.0
1776886471.3541028,-7.0,-5.0,-33.0
1776886471.3641028,0.0,-5.0,-39.0
1776886471.3741028,1.0,-4.0,-43.0
1776886471.3841028,-1.0,-2.0,-37.0
1776886471.3941028,0.0,-3.0,-41.0
1776886471.4041028,0.0,-1.0,-46.0
1776886471.4141028,4.0,-2.0,-40.0
1776886471.4241028,3.0,-5.0,-35.0
1776886471.4341028,1.0,-6.0,-31.0
1776886471.4441028,1.0,-3.0,-32.0
1776886471.4541028,2.0,-4.0,-38.0
1776886471.4641027,0.0,-4.0,-40.0
1776886471.4741027,2.0,-5.0,-38.0
1776886471.4841027,0.0,-6.0,-38.0
1776886471.4941027,-1.0,-7.0,-35.0
1776886471.5041027,-1.0,-3.0,-34.0
1776886471.5141027,-5.0,-5.0,-33.0
1776886471.5241027,-6.0,-9.0,-34.0
1776886471.534103,-6.0,-5.0,-33.0
1776886471.544103,-6.0,-5.0,-30.0
1776886471.554103,-2.0,-6.0,-34.0
1776886471.5641026,-3.0,-6.0,-38.0
1776886471.5741026,-1.0,-7.0,-43.0
1776886471.5841026,-1.0,-7.0,-38.0
1776886471.5941026,4.0,-6.0,-34.0
1776886471.6041028,8.0,-3.0,-40.0
1776886471.6141028,6.0,1.0,-49.0
1776886471.6241028,1.0,-3.0,-48.0
1776886471.6341028,-1.0,-1.0,-51.0
1776886471.6441028,0.0,-1.0,-45.0
1776886471.6541028,-2.0,1.0,-49.0
1776886471.6641028,-3.0,1.0,-49.0
1776886471.6741028,-4.0,5.0,-45.0
1776886471.6841028,-1.0,4.0,-46.0
1776886471.6941028,-5.0,5.0,-40.0
1776886471.7041028,-5.0,4.0,-42.0
1776886471.7141027,-5.0,2.0,-44.0
1776886471.7241027,-2.0,2.0,-42.0
1776886471.7341027,-1.0,0.0,-43.0
1776886471.7441027,-2.0,-1.0,-39.0
1776886471.7541027,-1.0,-2.0,-41.0
1776886471.7641027,-3.0,-5.0,-42.0
1776886471.7741027,-2.0,-2.0,-38.0
1776886471.784103,-1.0,-3.0,-32.0
1776886471.794103,-3.0,0.0,-27.0
1776886471.804103,0.0,0.0,-31.0
1776886471.8141026,2.0,0.0,-36.0
1776886471.8241026,5.0,0.0,-40.0
1776886471.8341026,2.0,1.0,-45.0
1776886471.8441026,1.0,-1.0,-45.0
1776886471.8541028,-1.0,-2.0,-47.0
1776886471.8641028,-1.0,-1.0,-50.0
1776886471.8741028,-1.0,0.0,-49.0
1776886471.8841028,2.0,0.0,-44.0
1776886471.8941028,0.0,0.0,-37.0
1776886471.9041028,0.0,-4.0,-39.0
1776886471.9141028,-1.0,-3.0,-45.0
1776886471.9241028,-1.0,-1.0,-41.0
1776886471.9341028,0.0,-4.0,-43.0
1776886471.9441028,3.0,-6.0,-46.0
1776886471.9541028,3.0,-9.0,-45.0
1776886471.9641027,6.0,-7.0,-37.0
1776886471.9741027,4.0,-6.0,-39.0
1776886471.9841027,5.0,-6.0,-36.0
1776886471.9941027,6.0,-8.0,-38.0
1776886472.0041027,3.0,-7.0,-36.0
1776886472.0141027,1.0,-7.0,-35.0
1776886472.0241027,-1.0,-2.0,-35.0
1776886472.034103,1.0,-2.0,-34.0
1776886472.044103,4.0,-3.0,-36.0
1776886472.054103,5.0,-7.0,-37.0
1776886472.0641026,5.0,-7.0,-33.0
1776886472.0741026,5.0,-4.0,-30.0
1776886472.0841026,2.0,-6.0,-35.0
1776886472.0941026,3.0,-3.0,-45.0
1776886472.1041028,1.0,-2.0,-43.0
1776886472.1141028,4.0,1.0,-40.0
1776886472.1241028,0.0,2.0,-43.0
1776886472.1341028,3.0,4.0,-35.0
1776886472.1441028,4.0,3.0,-45.0
1776886472.1541028,2.0,-1.0,-42.0
1776886472.1641028,0.0,-1.0,-42.0
1776886472.1741028,3.0,0.0,-39.0
1776886472.1841028,2.0,-2.0,-36.0
1776886472.1941028,0.0,-4.0,-31.0
1776886472.2041028,0.0,-2.0,-35.0
1776886472.2141027,-3.0,-3.0,-33.0
1776886472.2241027,-9.0,0.0,-36.0
1776886472.2341027,-11.0,1.0,-35.0
1776886472.2441027,-2.0,1.0,-39.0
1776886472.2541027,0.0,-3.0,-47.0
1776886472.2641027,5.0,-3.0,-46.0
1776886472.2741027,5.0,-1.0,-48.0
1776886472.284103,5.0,1.0,-46.0
1776886472.294103,5.0,3.0,-41.0
1776886472.304103,7.0,0.0,-45.0
1776886472.3141026,3.0,0.0,-39.0
1776886472.3241026,6.0,0.0,-41.0
1776886472.3341026,9.0,-1.0,-41.0
1776886472.3441026,7.0,-5.0,-41.0
1776886472.3541028,7.0,-5.0,-41.0
1776886472.3641028,5.0,-5.0,-40.0
1776886472.3741028,7.0,-4.0,-37.0
1776886472.3841028,11.0,-3.0,-38.0
1776886472.3941028,10.0,-8.0,-31.0
1776886472.4041028,9.0,-10.0,-32.0
1776886472.4141028,10.0,-8.0,-30.0
1776886472.4241028,7.0,-7.0,-30.0
1776886472.4341028,9.0,-4.0,-33.0
1776886472.4441028,9.0,-10.0,-31.0
1776886472.4541028,9.0,-5.0,-36.0
1776886472.4641027,6.0,-5.0,-37.0
1776886472.4741027,0.0,-4.0,-38.0
1776886472.4841027,0.0,1.0,-35.0
1776886472.4941027,-2.0,0.0,-36.0
1776886472.5041027,-3.0,1.0,-40.0
1776886472.5141027,0.0,0.0,-41.0
1776886472.5241027,0.0,4.0,-33.0
1776886472.534103,0.0,0.0,-34.0
1776886472.544103,2.0,-3.0,-33.0
1776886472.554103,3.0,-2.0,-40.0
1776886472.5641026,6.0,0.0,-40.0
1776886472.5741026,4.0,-3.0,-40.0
1776886472.5841026,4.0,-5.0,-37.0
1776886472.5941026,1.0,-8.0,-38.0
1776886472.6041028,0.0,-3.0,-40.0
1776886472.6141028,1.0,-1.0,-41.0
1776886472.6241028,0.0,-2.0,-38.0
1776886472.6341028,1.0,-5.0,-34.0
1776886472.6441028,0.0,-5.0,-34.0
1776886472.6541028,0.0,0.0,-32.0
1776886472.6641028,1.0,-5.0,-30.0
1776886472.6741028,3.0,-3.0,-35.0
1776886472.6841028,3.0,-5.0,-39.0
1776886472.6941028,6.0,-3.0,-37.0
1776886472.7041028,3.0,-2.0,-46.0
1776886472.7141027,2.0,-3.0,-46.0
1776886472.7241027,1.0,-6.0,-43.0
1776886472.7341027,2.0,-3.0,-47.0
1776886472.7441027,1.0,-5.0,-42.0
1776886472.7541027,1.0,-5.0,-45.0
1776886472.7641027,0.0,-3.0,-47.0
1776886472.7741027,2.0,-3.0,-43.0
1776886472.784103,2.0,-3.0,-46.0
1776886472.794103,4.0,-4.0,-45.0
1776886472.804103,7.0,-4.0,-46.0
1776886472.8141026,6.0,-9.0,-40.0
1776886472.8241026,0.0,-11.0,-34.0
1776886472.8341026,-2.0,-8.0,-35.0
1776886472.8441026,2.0,-4.0,-41.0
1776886472.8541028,0.0,1.0,-37.0
1776886472.8641028,0.0,-1.0,-37.0
1776886472.8741028,3.0,-2.0,-41.0
1776886472.8841028,1.0,0.0,-45.0
1776886472.8941028,0.0,2.0,-44.0
1776886472.9051027,0.0,-2.0,-42.0
1776886472.9141028,2.0,-6.0,-48.0
1776886472.9241028,3.0,-3.0,-47.0
1776886472.9341028,1.0,-2.0,-45.0
1776886472.9441028,0.0,0.0,-47.0
1776886472.9541028,0.0,-1.0,-42.0
1776886472.9641027,-5.0,0.0,-41.0
1776886472.9741027,-7.0,0.0,-42.0
1776886472.9841027,-6.0,0.0,-45.0
1776886472.9941027,0.0,0.0,-44.0
1776886473.0041027,2.0,-2.0,-49.0
1776886473.0141027,4.0,-3.0,-46.0
1776886473.0241027,10.0,-6.0,-43.0
1776886473.034103,6.0,-6.0,-37.0
1776886473.044103,8.0,-4.0,-41.0
1776886473.054103,4.0,1.0,-43.0
1776886473.0641026,3.0,1.0,-41.0
1776886473.0741026,4.0,0.0,-37.0
1776886473.0851028,5.0,1.0,-35.0
1776886473.0951028,4.0,3.0,-35.0
1776886473.1051028,0.0,7.0,-34.0
1776886473.1151028,-3.0,7.0,-27.0
1776886473.1251028,-1.0,5.0,-31.0
1776886473.1351027,0.0,5.0,-31.0
1776886473.1451027,3.0,4.0,-41.0
1776886473.1551027,2.0,2.0,-41.0
1776886473.1651027,5.0,-5.0,-39.0
1776886473.1751027,8.0,-5.0,-35.0
1776886473.1851027,1.0,-5.0,-35.0
1776886473.1951027,0.0,-3.0,-35.0
1776886473.2051027,0.0,-2.0,-38.0
1776886473.215103,3.0,-2.0,-37.0
1776886473.225103,4.0,0.0,-35.0
1776886473.235103,4.0,1.0,-35.0
1776886473.2451026,2.0,0.0,-34.0
1776886473.2551026,0.0,3.0,-32.0
1776886473.2651026,-2.0,-3.0,-33.0
1776886473.2751029,0.0,-2.0,-33.0
1776886473.2851028,-2.0,-2.0,-32.0
1776886473.2951028,-4.0,0.0,-35.0
1776886473.3051028,-7.0,-2.0,-27.0
1776886473.3151028,-7.0,-4.0,-31.0
1776886473.3251028,-11.0,-2.0,-30.0
1776886473.3351028,-10.0,-4.0,-27.0
1776886473.3451028,-7.0,-3.0,-37.0
1776886473.3551028,-3.0,0.0,-50.0
1776886473.3651028,0.0,3.0,-53.0
1776886473.3751028,-1.0,1.0,-44.0
1776886473.3851027,-5.0,4.0,-37.0
1776886473.3951027,-4.0,5.0,-36.0
1776886473.4051027,-6.0,0.0,-36.0
1776886473.4151027,-6.0,0.0,-34.0
1776886473.4251027,-4.0,-3.0,-32.0
1776886473.4351027,-3.0,-8.0,-36.0
1776886473.4451027,-3.0,-3.0,-43.0
1776886473.4551027,-4.0,0.0,-44.0
1776886473.465103,-1.0,0.0,-40.0
1776886473.475103,-1.0,0.0,-42.0
1776886473.485103,-3.0,2.0,-37.0
1776886473.4951026,-1.0,4.0,-32.0
1776886473.5051026,0.0,1.0,-35.0
1776886473.5151026,-3.0,1.0,-45.0
1776886473.5251029,-3.0,1.0,-42.0
1776886473.5351028,-1.0,4.0,-43.0
1776886473.5451028,-3.0,2.0,-45.0
1776886473.5551028,-6.0,5.0,-43.0
1776886473.5651028,-3.0,2.0,-50.0
1776886473.5751028,-1.0,0.0,-52.0
1776886473.5851028,2.0,-1.0,-52.0
1776886473.5951028,4.0,3.0,-47.0
1776886473.6051028,7.0,0.0,-39.0
1776886473.6151028,5.0,2.0,-42.0
1776886473.6251028,1.0,4.0,-41.0
1776886473.6351027,4.0,6.0,-35.0
1776886473.6451027,7.0,1.0,-36.0
1776886473.6551027,8.0,-1.0,-37.0
1776886473.6651027,10.0,-2.0,-38.0
1776886473.6751027,6.0,-2.0,-43.0
1776886473.6851027,4.0,0.0,-39.0
1776886473.6951027,5.0,-2.0,-30.0
1776886473.7051027,2.0,-1.0,-38.0
1776886473.715103,4.0,-3.0,-47.0
1776886473.725103,2.0,-4.0,-42.0
1776886473.735103,-1.0,-4.0,-43.0
1776886473.7451026,-3.0,-4.0,-45.0
1776886473.7551026,0.0,-7.0,-40.0
1776886473.7651026,2.0,-5.0,-36.0
1776886473.7751029,5.0,-7.0,-33.0
1776886473.7851028,7.0,-6.0,-34.0
1776886473.7951028,8.0,-7.0,-39.0
1776886473.8051028,11.0,-9.0,-37.0
1776886473.8151028,8.0,-8.0,-41.0
1776886473.8251028,9.0,-4.0,-46.0
1776886473.8351028,4.0,-3.0,-44.0
1776886473.8451028,2.0,-2.0,-41.0
1776886473.8551028,2.0,-3.0,-44.0
1776886473.8651028,1.0,-4.0,-37.0
1776886473.8751028,4.0,-1.0,-34.0
1776886473.8851027,7.0,0.0,-45.0
1776886473.8951027,5.0,1.0,-41.0
1776886473.9051027,4.0,-2.0,-39.0
1776886473.9151027,4.0,-1.0,-39.0
1776886473.9251027,1.0,-6.0,-36.0
1776886473.9351027,4.0,-6.0,-36.0
1776886473.9451027,6.0,-8.0,-35.0
1776886473.9551027,7.0,-6.0,-31.0
1776886473.965103,6.0,-2.0,-34.0
1776886473.975103,10.0,-2.0,-39.0
1776886473.985103,10.0,-3.0,-46.0
1776886473.9951026,7.0,-3.0,-42.0
1776886474.0051026,9.0,-5.0,-37.0
1776886474.0151026,9.0,-3.0,-35.0
1776886474.0251029,4.0,-2.0,-34.0
1776886474.0351028,1.0,-2.0,-33.0
1776886474.0451028,1.0,-7.0,-30.0
1776886474.0551028,-3.0,-9.0,-26.0
1776886474.0651028,-3.0,-9.0,-23.0
1776886474.0751028,2.0,-5.0,-27.0
1776886474.0851028,2.0,0.0,-31.0
1776886474.0951028,4.0,-2.0,-34.0
1776886474.1051028,3.0,0.0,-39.0
1776886474.1151028,5.0,0.0,-41.0
1776886474.1251028,9.0,0.0,-45.0
1776886474.1351027,7.0,1.0,-45.0
1776886474.1451027,10.0,-1.0,-49.0
1776886474.1551027,10.0,0.0,-46.0
1776886474.1651027,9.0,-2.0,-41.0
1776886474.1751027,7.0,-5.0,-37.0
1776886474.1851027,9.0,-3.0,-40.0
1776886474.1951027,9.0,-5.0,-40.0
1776886474.2051027,8.0,-2.0,-48.0
1776886474.215103,8.0,-1.0,-52.0
1776886474.225103,0.0,-1.0,-46.0
1776886474.235103,2.0,-4.0,-39.0
1776886474.2451026,1.0,-2.0,-32.0
1776886474.2551026,1.0,0.0,-27.0
1776886474.2651026,2.0,0.0,-35.0
1776886474.2751029,5.0,-2.0,-29.0
1776886474.2851028,0.0,-1.0,-27.0
1776886474.2951028,0.0,0.0,-31.0
1776886474.3051028,0.0,-3.0,-29.0
1776886474.3151028,-7.0,-5.0,-31.0
1776886474.3251028,-6.0,-8.0,-40.0
1776886474.3351028,-4.0,-5.0,-36.0
1776886474.3451028,-1.0,-4.0,-34.0
1776886474.3551028,0.0,-3.0,-39.0
1776886474.3651028,3.0,-4.0,-35.0
1776886474.3751028,0.0,-1.0,-39.0
1776886474.3851027,-3.0,-1.0,-39.0
1776886474.3951027,0.0,-3.0,-38.0
1776886474.4051027,3.0,-5.0,-39.0
1776886474.4151027,3.0,-3.0,-37.0
1776886474.4251027,0.0,-6.0,-35.0
1776886474.4351027,-1.0,0.0,-37.0
1776886474.4451027,-2.0,0.0,-40.0
1776886474.4551027,-2.0,-4.0,-42.0
1776886474.465103,0.0,-5.0,-40.0
1776886474.475103,-7.0,-4.0,-40.0
1776886474.485103,-8.0,-2.0,-35.0
1776886474.4951026,-4.0,-1.0,-38.0
1776886474.5051026,-6.0,-1.0,-37.0
1776886474.5151026,-9.0,-2.0,-41.0
1776886474.5251029,-10.0,-2.0,-45.0
1776886474.5351028,-9.0,-1.0,-44.0
1776886474.5451028,-7.0,-3.0,-43.0
1776886474.5551028,-6.0,-4.0,-42.0
1776886474.5651028,-7.0,-5.0,-41.0
1776886474.5751028,-4.0,-4.0,-48.0
1776886474.5851028,-2.0,-6.0,-46.0
1776886474.5951028,-3.0,-2.0,-44.0
1776886474.6051028,-4.0,0.0,-41.0
1776886474.6151028,-1.0,0.0,-42.0
1776886474.6251028,-1.0,0.0,-39.0
1776886474.6351027,-1.0,0.0,-38.0
1776886474.6451027,0.0,1.0,-39.0
1776886474.6551027,1.0,-3.0,-39.0
1776886474.6651027,-2.0,-3.0,-35.0
1776886474.6751027,0.0,-1.0,-40.0
1776886474.6851027,2.0,0.0,-48.0
1776886474.6951027,2.0,0.0,-47.0
1776886474.7051027,5.0,-5.0,-39.0
1776886474.715103,0.0,-6.0,-38.0
1776886474.725103,-3.0,-8.0,-35.0
1776886474.735103,-1.0,-8.0,-40.0
1776886474.7451026,0.0,-7.0,-40.0
1776886474.7551026,0.0,-2.0,-31.0
1776886474.7651026,0.0,-4.0,-34.0
1776886474.7751029,3.0,-6.0,-42.0
1776886474.7851028,3.0,-8.0,-40.0
1776886474.7951028,2.0,-6.0,-36.0
1776886474.8051028,2.0,-8.0,-41.0
1776886474.8151028,5.0,-9.0,-33.0
1776886474.8251028,1.0,-7.0,-31.0
1776886474.8351028,7.0,-2.0,-32.0
1776886474.8451028,8.0,2.0,-38.0
1776886474.8551028,6.0,7.0,-44.0
1776886474.8651028,1.0,10.0,-40.0
1776886474.8751028,2.0,8.0,-40.0
1776886474.8851027,5.0,8.0,-36.0
1776886474.8951027,0.0,2.0,-36.0
1776886474.9051027,1.0,-4.0,-35.0
1776886474.9151027,0.0,-3.0,-33.0
1776886474.9251027,3.0,-4.0,-34.0
1776886474.9351027,2.0,-4.0,-37.0
1776886474.9451027,2.0,0.0,-30.0
1776886474.9551027,1.0,-1.0,-27.0
1776886474.965103,0.0,0.0,-28.0
1776886474.975103,0.0,0.0,-34.0
1776886474.985103,0.0,0.0,-34.0
1776886474.9951026,0.0,-3.0,-36.0
1776886475.0051026,0.0,-4.0,-38.0
1776886475.0151026,-2.0,-2.0,-43.0
1776886475.0251029,1.0,-2.0,-41.0
1776886475.0351028,4.0,-4.0,-41.0
1776886475.0451028,1.0,-12.0,-38.0
1776886475.0551028,-3.0,-9.0,-38.0
1776886475.0651028,-4.0,-7.0,-38.0
1776886475.0761027,0.0,-6.0,-32.0
1776886475.0851028,1.0,-5.0,-30.0
1776886475.0961027,-1.0,-6.0,-31.0
1776886475.1061027,-1.0,-4.0,-33.0
1776886475.1161027,0.0,-4.0,-40.0
1776886475.1261027,0.0,-5.0,-43.0
1776886475.136103,0.0,-6.0,-33.0
1776886475.146103,-2.0,-8.0,-35.0
1776886475.156103,0.0,-7.0,-33.0
1776886475.1661026,-2.0,-8.0,-36.0
1776886475.1761026,-3.0,-9.0,-33.0
1776886475.1861026,-3.0,-6.0,-31.0
1776886475.1961029,-2.0,-7.0,-32.0
1776886475.2061028,-5.0,-7.0,-36.0
1776886475.2161028,-1.0,-7.0,-35.0
1776886475.2261028,0.0,-5.0,-33.0
1776886475.2361028,4.0,-7.0,-34.0
1776886475.2461028,4.0,-6.0,-43.0
1776886475.2561028,0.0,-2.0,-49.0
1776886475.2661028,3.0,-1.0,-47.0
1776886475.2761028,0.0,3.0,-46.0
1776886475.2861028,-1.0,0.0,-38.0
1776886475.2961028,7.0,0.0,-33.0
1776886475.3061028,7.0,-3.0,-38.0
1776886475.3161027,4.0,-8.0,-39.0
1776886475.3261027,4.0,-6.0,-37.0
1776886475.3361027,2.0,-2.0,-34.0
1776886475.3461027,2.0,-4.0,-35.0
1776886475.3561027,1.0,0.0,-34.0
1776886475.3661027,0.0,0.0,-29.0
1776886475.3761027,0.0,-2.0,-30.0
1776886475.386103,-2.0,-3.0,-28.0
1776886475.396103,-2.0,-8.0,-26.0
1776886475.406103,0.0,-10.0,-26.0
1776886475.4161026,4.0,-15.0,-28.0
1776886475.4261026,3.0,-13.0,-28.0
1776886475.4361026,1.0,-12.0,-27.0
1776886475.4461029,2.0,-6.0,-28.0
1776886475.4561028,-1.0,-8.0,-32.0
1776886475.4661028,1.0,-6.0,-32.0
1776886475.4761028,5.0,-6.0,-30.0
1776886475.4861028,5.0,-7.0,-28.0
1776886475.4961028,2.0,-7.0,-27.0
1776886475.5061028,-3.0,-6.0,-31.0
1776886475.5161028,0.0,-4.0,-37.0
1776886475.5261028,1.0,-8.0,-31.0
1776886475.5361028,1.0,-8.0,-32.0
1776886475.5461028,0.0,-6.0,-33.0
1776886475.5561028,1.0,-1.0,-30.0
1776886475.5661027,2.0,-4.0,-34.0
1776886475.5761027,4.0,-7.0,-41.0
1776886475.5861027,2.0,-5.0,-47.0
1776886475.5961027,-1.0,-7.0,-51.0
1776886475.6061027,-2.0,-4.0,-44.0
1776886475.6161027,0.0,-1.0,-42.0
1776886475.6261027,1.0,-2.0,-36.0
1776886475.636103,0.0,-2.0,-35.0
1776886475.646103,0.0,-1.0,-28.0
1776886475.656103,0.0,-3.0,-30.0
1776886475.6661026,-2.0,-2.0,-34.0
1776886475.6761026,-1.0,2.0,-42.0
1776886475.6861026,-2.0,0.0,-40.0
1776886475.6961029,-6.0,4.0,-40.0
1776886475.7061028,-4.0,0.0,-39.0
1776886475.7161028,-2.0,3.0,-38.0
1776886475.7261028,3.0,2.0,-41.0
1776886475.7361028,1.0,2.0,-43.0
1776886475.7461028,0.0,3.0,-45.0
1776886475.7561028,3.0,-1.0,-48.0
1776886475.7661028,-2.0,-2.0,-47.0
1776886475.7761028,-1.0,-3.0,-45.0
1776886475.7861028,3.0,-4.0,-44.0
1776886475.7961028,3.0,-6.0,-32.0
1776886475.8061028,1.0,-4.0,-33.0
1776886475.8161027,-1.0,-4.0,-36.0
1776886475.8261027,2.0,-3.0,-39.0
1776886475.8361027,2.0,0.0,-38.0
1776886475.8461027,2.0,1.0,-44.0
1776886475.8561027,1.0,0.0,-51.0
1776886475.8661027,2.0,-2.0,-55.0
1776886475.8761027,3.0,-3.0,-51.0
1776886475.886103,0.0,0.0,-43.0
1776886475.896103,5.0,0.0,-39.0
1776886475.906103,9.0,-2.0,-39.0
1776886475.9161026,10.0,-1.0,-41.0
1776886475.9261026,6.0,-4.0,-44.0
1776886475.9361026,7.0,-4.0,-41.0
1776886475.9461029,9.0,-5.0,-41.0
1776886475.9561028,9.0,-7.0,-38.0
1776886475.9661028,5.0,-3.0,-36.0
1776886475.9761028,3.0,-4.0,-33.0
1776886475.9861028,0.0,-9.0,-30.0
1776886475.9961028,-2.0,-10.0,-32.0
1776886476.0061028,0.0,-10.0,-34.0
1776886476.0161028,-1.0,-11.0,-40.0
1776886476.0261028,-2.0,-4.0,-46.0
1776886476.0361028,2.0,0.0,-48.0
1776886476.0461028,4.0,-1.0,-44.0
1776886476.0561028,2.0,0.0,-38.0
1776886476.0661027,0.0,0.0,-36.0
1776886476.0761027,-3.0,4.0,-37.0
1776886476.0861027,-2.0,5.0,-30.0
1776886476.0961027,-3.0,2.0,-27.0
1776886476.1061027,-4.0,-1.0,-28.0
1776886476.1161027,0.0,-1.0,-37.0
1776886476.1261027,-2.0,2.0,-36.0
1776886476.136103,-2.0,5.0,-46.0
1776886476.146103,0.0,3.0,-44.0
1776886476.156103,0.0,5.0,-44.0
1776886476.1661026,2.0,3.0,-36.0
1776886476.1761026,0.0,2.0,-34.0
1776886476.1861026,0.0,3.0,-35.0
1776886476.1961029,0.0,1.0,-33.0
1776886476.2061028,1.0,1.0,-37.0
1776886476.2161028,-1.0,-1.0,-42.0
1776886476.2261028,-2.0,0.0,-32.0
1776886476.2361028,-3.0,0.0,-33.0
1776886476.2461028,-4.0,2.0,-28.0
1776886476.2561028,-4.0,5.0,-30.0
1776886476.2661028,-4.0,5.0,-35.0
1776886476.2761028,-3.0,5.0,-36.0
1776886476.2861028,-1.0,3.0,-31.0
1776886476.2961028,0.0,3.0,-36.0
1776886476.3061028,1.0,7.0,-36.0
1776886476.3161027,0.0,6.0,-42.0
1776886476.3261027,0.0,3.0,-41.0
1776886476.3361027,7.0,0.0,-35.0
1776886476.3461027,5.0,0.0,-36.0
1776886476.3561027,0.0,-3.0,-34.0
1776886476.3661027,-3.0,-3.0,-36.0
1776886476.3761027,1.0,-4.0,-41.0
1776886476.386103,6.0,-1.0,-43.0
1776886476.396103,9.0,0.0,-41.0
1776886476.406103,6.0,-1.0,-39.0
1776886476.4161026,5.0,-2.0,-44.0
1776886476.4261026,4.0,-4.0,-46.0
1776886476.4361026,4.0,-5.0,-42.0
1776886476.4461029,2.0,-3.0,-43.0
1776886476.4561028,1.0,-2.0,-43.0
1776886476.4661028,2.0,-1.0,-41.0
1776886476.4761028,5.0,0.0,-43.0
1776886476.4861028,4.0,0.0,-39.0
1776886476.4961028,4.0,2.0,-49.0
1776886476.5061028,5.0,0.0,-48.0
1776886476.5161028,5.0,0.0,-44.0
1776886476.5261028,0.0,0.0,-39.0
1776886476.5361028,0.0,0.0,-40.0
1776886476.5461028,4.0,2.0,-40.0
1776886476.5561028,3.0,5.0,-37.0
1776886476.5661027,8.0,5.0,-42.0
1776886476.5761027,10.0,1.0,-44.0
1776886476.5861027,8.0,-3.0,-41.0
1776886476.5961027,8.0,0.0,-47.0
1776886476.6061027,7.0,-3.0,-46.0
1776886476.6161027,2.0,-3.0,-51.0
1776886476.6261027,3.0,0.0,-47.0
1776886476.636103,-2.0,-1.0,-43.0
1776886476.646103,-6.0,-4.0,-41.0
1776886476.656103,-10.0,-6.0,-41.0
1776886476.6661026,-7.0,-6.0,-44.0
1776886476.6761026,0.0,-4.0,-48.0
1776886476.6861026,1.0,-4.0,-44.0
1776886476.6961029,1.0,0.0,-41.0
1776886476.7061028,0.0,0.0,-41.0
1776886476.7161028,-2.0,-1.0,-36.0
1776886476.7261028,-2.0,-3.0,-34.0
1776886476.7361028,-2.0,-2.0,-36.0
1776886476.7461028,0.0,-3.0,-37.0
1776886476.7561028,0.0,-4.0,-37.0
1776886476.7661028,4.0,0.0,-38.0
1776886476.7761028,4.0,2.0,-33.0
1776886476.7861028,3.0,-1.0,-31.0
1776886476.7961028,2.0,-2.0,-31.0
1776886476.8061028,5.0,2.0,-36.0
1776886476.8161027,4.0,0.0,-38.0
1776886476.8261027,8.0,0.0,-44.0
1776886476.8361027,7.0,2.0,-44.0
1776886476.8461027,7.0,2.0,-46.0
1776886476.8561027,4.0,1.0,-45.0
1776886476.8661027,5.0,0.0,-46.0
1776886476.8761027,3.0,-1.0,-37.0
1776886476.886103,4.0,-5.0,-38.0
1776886476.896103,3.0,-10.0,-34.0
1776886476.906103,0.0,-10.0,-33.0
1776886476.9161026,3.0,-11.0,-29.0
1776886476.9261026,6.0,-7.0,-31.0
1776886476.9361026,7.0,-4.0,-40.0
1776886476.9461029,4.0,0.0,-40.0
1776886476.9561028,7.0,2.0,-39.0
1776886476.9661028,3.0,-1.0,-36.0
1776886476.9761028,2.0,-3.0,-40.0
1776886476.9861028,0.0,-3.0,-44.0
1776886476.9961028,1.0,-4.0,-45.0
1776886477.0061028,0.0,0.0,-40.0
1776886477.0161028,4.0,4.0,-38.0
1776886477.0261028,0.0,4.0,-43.0
1776886477.0361028,-3.0,3.0,-43.0
1776886477.0461028,-4.0,4.0,-38.0
1776886477.0561028,-5.0,5.0,-35.0
1776886477.0661027,-6.0,0.0,-39.0
1776886477.0761027,-5.0,1.0,-46.0
1776886477.0861027,-2.0,6.0,-44.0
1776886477.0961027,-7.0,4.0,-45.0
1776886477.1071026,-4.0,4.0,-42.0
1776886477.1171026,0.0,3.0,-42.0
1776886477.1271029,-3.0,2.0,-50.0
1776886477.136103,-1.0,2.0,-47.0
1776886477.1471028,0.0,1.0,-50.0
1776886477.1571028,-1.0,-2.0,-47.0
1776886477.1671028,-3.0,-4.0,-48.0
1776886477.1771028,0.0,-4.0,-46.0
1776886477.1871028,1.0,0.0,-45.0
1776886477.1971028,-1.0,0.0,-42.0
1776886477.2071028,-4.0,0.0,-47.0
1776886477.2171028,1.0,0.0,-47.0
1776886477.2271028,0.0,1.0,-39.0
1776886477.2371027,0.0,3.0,-37.0
1776886477.2471027,5.0,3.0,-42.0
1776886477.2571027,4.0,-7.0,-41.0
1776886477.2671027,3.0,-11.0,-46.0
1776886477.2771027,2.0,-11.0,-46.0
1776886477.2871027,0.0,-12.0,-55.0
1776886477.2971027,-3.0,-13.0,-54.0
1776886477.307103,-2.0,-7.0,-51.0
1776886477.317103,3.0,-6.0,-46.0
1776886477.327103,7.0,-3.0,-45.0
1776886477.337103,7.0,-1.0,-49.0
1776886477.3471026,8.0,0.0,-48.0
1776886477.3571026,4.0,3.0,-47.0
1776886477.3671026,1.0,5.0,-50.0
1776886477.3771029,-1.0,2.0,-39.0
1776886477.3871028,2.0,1.0,-33.0
1776886477.3971028,0.0,3.0,-32.0
1776886477.4071028,3.0,2.0,-32.0
1776886477.4171028,1.0,1.0,-37.0
1776886477.4271028,5.0,-3.0,-44.0
1776886477.4371028,9.0,0.0,-45.0
1776886477.4471028,9.0,2.0,-40.0
1776886477.4571028,6.0,0.0,-37.0
1776886477.4671028,6.0,0.0,-39.0
1776886477.4771028,2.0,0.0,-37.0
1776886477.4871027,2.0,2.0,-36.0
1776886477.4971027,2.0,3.0,-39.0
1776886477.5071027,3.0,4.0,-38.0
1776886477.5171027,3.0,1.0,-36.0
1776886477.5271027,2.0,0.0,-39.0
1776886477.5371027,1.0,0.0,-43.0
1776886477.5471027,0.0,-2.0,-39.0
1776886477.557103,-1.0,-4.0,-42.0
1776886477.567103,3.0,-6.0,-38.0
1776886477.577103,0.0,-4.0,-40.0
1776886477.587103,0.0,-6.0,-40.0
1776886477.5971026,4.0,-7.0,-36.0
1776886477.6071026,4.0,-7.0,-38.0
1776886477.6171026,6.0,-8.0,-45.0
1776886477.6271029,3.0,-10.0,-47.0
1776886477.6371028,5.0,-8.0,-38.0
1776886477.6471028,7.0,-4.0,-35.0
1776886477.6571028,8.0,-2.0,-38.0
1776886477.6671028,8.0,-2.0,-34.0
1776886477.6771028,7.0,-3.0,-31.0
1776886477.6871028,4.0,-8.0,-27.0
1776886477.6971028,3.0,-13.0,-34.0
1776886477.7071028,0.0,-13.0,-44.0
1776886477.7171028,1.0,-12.0,-45.0
1776886477.7271028,0.0,-9.0,-49.0
1776886477.7371027,0.0,-3.0,-54.0
1776886477.7471027,-2.0,-4.0,-47.0
1776886477.7571027,1.0,-3.0,-46.0
1776886477.7671027,3.0,-4.0,-51.0
1776886477.7771027,3.0,-4.0,-53.0
1776886477.7871027,0.0,-3.0,-47.0
1776886477.7971027,-4.0,-1.0,-41.0
1776886477.807103,-4.0,-8.0,-43.0
1776886477.817103,-3.0,-8.0,-47.0
1776886477.827103,-3.0,-7.0,-43.0
1776886477.837103,0.0,-6.0,-41.0
1776886477.8471026,-1.0,-8.0,-47.0
1776886477.8571026,0.0,-7.0,-41.0
1776886477.8671026,0.0,-2.0,-46.0
1776886477.8771029,0.0,0.0,-55.0
1776886477.8871028,-1.0,3.0,-49.0
1776886477.8971028,1.0,0.0,-41.0
1776886477.9071028,2.0,1.0,-43.0
1776886477.9171028,4.0,0.0,-40.0
1776886477.9271028,2.0,1.0,-45.0
1776886477.9371028,1.0,5.0,-44.0
1776886477.9471028,2.0,1.0,-47.0
1776886477.9571028,1.0,0.0,-44.0
1776886477.9671028,2.0,-3.0,-40.0
1776886477.9771028,1.0,-3.0,-46.0
1776886477.9871027,1.0,-2.0,-44.0
1776886477.9971027,2.0,-1.0,-43.0
1776886478.0071027,3.0,0.0,-42.0
1776886478.0171027,4.0,-1.0,-42.0
1776886478.0271027,2.0,4.0,-43.0
1776886478.0371027,4.0,5.0,-43.0
1776886478.0471027,5.0,5.0,-41.0
1776886478.057103,4.0,0.0,-35.0
1776886478.067103,2.0,-1.0,-30.0
1776886478.077103,6.0,-1.0,-29.0
1776886478.087103,4.0,-1.0,-27.0
1776886478.0971026,1.0,2.0,-25.0
1776886478.1071026,2.0,4.0,-20.0
1776886478.1171026,0.0,4.0,-27.0
1776886478.1271029,3.0,2.0,-27.0
1776886478.1371028,3.0,1.0,-33.0
1776886478.1471028,0.0,0.0,-41.0
1776886478.1571028,-1.0,-1.0,-41.0
1776886478.1671028,0.0,-3.0,-29.0
1776886478.1771028,-3.0,-4.0,-31.0
1776886478.1871028,-3.0,-4.0,-31.0
1776886478.1971028,-5.0,-1.0,-27.0
1776886478.2071028,0.0,0.0,-31.0
1776886478.2171028,4.0,1.0,-38.0
1776886478.2271028,5.0,1.0,-33.0
1776886478.2371027,2.0,0.0,-32.0
1776886478.2471027,1.0,-4.0,-34.0
1776886478.258103,0.0,0.0,-34.0
1776886478.2671027,-1.0,-1.0,-26.0
1776886478.2771027,1.0,-4.0,-28.0
1776886478.2871027,0.0,-2.0,-32.0
1776886478.2971027,-4.0,-5.0,-37.0
1776886478.307103,-6.0,-7.0,-41.0
1776886478.317103,-8.0,-4.0,-38.0
1776886478.327103,-9.0,-2.0,-37.0
1776886478.337103,-7.0,-1.0,-34.0
1776886478.3471026,-8.0,-1.0,-39.0
1776886478.3571026,-4.0,-2.0,-43.0
1776886478.3671026,-2.0,-7.0,-41.0
1776886478.3771029,-5.0,-7.0,-40.0
1776886478.3871028,-6.0,-5.0,-45.0
1776886478.3971028,-3.0,-6.0,-43.0
1776886478.4071028,1.0,-8.0,-46.0
1776886478.4171028,2.0,-5.0,-43.0
1776886478.4271028,2.0,0.0,-45.0
1776886478.4371028,-4.0,-1.0,-43.0
1776886478.4471028,-5.0,-3.0,-46.0
1776886478.4571028,-3.0,-4.0,-44.0
1776886478.4671028,0.0,-6.0,-41.0
1776886478.4771028,0.0,-6.0,-40.0
1776886478.4871027,0.0,-2.0,-36.0
1776886478.4971027,-3.0,-2.0,-38.0
1776886478.5071027,-5.0,-1.0,-35.0
1776886478.5171027,-2.0,-4.0,-27.0
1776886478.5271027,-2.0,-6.0,-24.0
1776886478.5371027,-2.0,-6.0,-34.0
1776886478.5471027,-8.0,-7.0,-42.0
1776886478.557103,-8.0,-4.0,-38.0
1776886478.567103,-2.0,0.0,-43.0
1776886478.577103,-4.0,1.0,-38.0
1776886478.587103,-1.0,0.0,-34.0
1776886478.5971026,-3.0,-1.0,-40.0
1776886478.6071026,0.0,-2.0,-43.0
1776886478.6171026,5.0,-3.0,-43.0
1776886478.6271029,6.0,-6.0,-37.0
1776886478.6371028,8.0,-5.0,-40.0
1776886478.6471028,2.0,-3.0,-36.0
1776886478.6571028,3.0,-4.0,-39.0
1776886478.6671028,2.0,-1.0,-38.0
1776886478.6771028,3.0,0.0,-39.0
1776886478.6871028,1.0,-1.0,-37.0
1776886478.6971028,1.0,0.0,-36.0
1776886478.7071028,-1.0,-2.0,-40.0
1776886478.7171028,-2.0,-2.0,-33.0
1776886478.7271028,-3.0,2.0,-32.0
1776886478.7371027,-6.0,3.0,-33.0
1776886478.7471027,-14.0,4.0,-39.0
1776886478.7571027,-10.0,0.0,-43.0
1776886478.7671027,-11.0,3.0,-42.0
1776886478.7771027,-8.0,2.0,-36.0
1776886478.7871027,-12.0,1.0,-28.0
1776886478.7971027,-11.0,2.0,-26.0
1776886478.807103,-7.0,2.0,-26.0
1776886478.817103,-2.0,4.0,-25.0
1776886478.827103,0.0,2.0,-29.0
1776886478.837103,3.0,0.0,-32.0
1776886478.8471026,4.0,-1.0,-38.0
1776886478.8571026,3.0,3.0,-42.0
1776886478.8671026,5.0,5.0,-41.0
1776886478.8771029,1.0,4.0,-36.0
1776886478.8871028,2.0,3.0,-38.0
1776886478.8971028,-2.0,3.0,-27.0
1776886478.9071028,-2.0,-1.0,-24.0
1776886478.9171028,-3.0,-3.0,-23.0
1776886478.9271028,-1.0,-5.0,-27.0
1776886478.9371028,-2.0,-4.0,-22.0
1776886478.9471028,-2.0,-5.0,-22.0
1776886478.9571028,-3.0,-1.0,-23.0
1776886478.9671028,-2.0,-5.0,-26.0
1776886478.9771028,-3.0,-4.0,-30.0
1776886478.9871027,0.0,-5.0,-27.0
1776886478.9971027,3.0,-9.0,-27.0
1776886479.0071027,2.0,-8.0,-25.0
1776886479.0171027,5.0,-6.0,-33.0
1776886479.0271027,3.0,-10.0,-33.0
1776886479.0371027,4.0,-12.0,-32.0
1776886479.0471027,7.0,-12.0,-36.0
1776886479.057103,6.0,-9.0,-36.0
1776886479.0681028,4.0,-5.0,-35.0
1776886479.0781028,1.0,-6.0,-28.0
1776886479.0881028,2.0,-2.0,-37.0
1776886479.0981028,6.0,1.0,-39.0
1776886479.1081028,3.0,0.0,-38.0
1776886479.1181028,2.0,-1.0,-42.0
1776886479.1281028,3.0,-4.0,-49.0
1776886479.1381028,0.0,-2.0,-45.0
1776886479.1481028,-1.0,-4.0,-38.0
1776886479.1581028,-2.0,0.0,-41.0
1776886479.1681027,-6.0,-2.0,-39.0
1776886479.1781027,-4.0,-5.0,-39.0
1776886479.1881027,-3.0,-2.0,-40.0
1776886479.1981027,-2.0,-2.0,-34.0
1776886479.2081027,2.0,-3.0,-40.0
1776886479.2181027,2.0,0.0,-42.0
1776886479.2281027,2.0,3.0,-40.0
1776886479.238103,4.0,2.0,-34.0
1776886479.248103,0.0,2.0,-35.0
1776886479.258103,4.0,2.0,-39.0
1776886479.2681026,3.0,0.0,-35.0
1776886479.2781026,2.0,0.0,-33.0
1776886479.2881026,4.0,-1.0,-35.0
1776886479.2981029,7.0,1.0,-34.0
1776886479.3081028,7.0,3.0,-36.0
1776886479.3181028,12.0,3.0,-36.0
1776886479.3281028,9.0,0.0,-28.0
1776886479.3381028,7.0,-1.0,-31.0
1776886479.3481028,7.0,-2.0,-29.0
1776886479.3581028,6.0,0.0,-33.0
1776886479.3681028,5.0,-2.0,-32.0
1776886479.3781028,5.0,-3.0,-40.0
1776886479.3881028,1.0,-7.0,-34.0
1776886479.3981028,3.0,-6.0,-35.0
1776886479.4081028,4.0,-6.0,-35.0
1776886479.4181027,6.0,-1.0,-33.0
1776886479.4281027,8.0,-1.0,-28.0
1776886479.4381027,5.0,0.0,-22.0
1776886479.4481027,1.0,0.0,-21.0
1776886479.4581027,1.0,0.0,-23.0
1776886479.4681027,0.0,1.0,-20.0
1776886479.4781027,-5.0,6.0,-20.0
1776886479.488103,-5.0,6.0,-18.0
1776886479.498103,-6.0,2.0,-27.0
1776886479.508103,-5.0,3.0,-28.0
1776886479.5181026,0.0,0.0,-40.0
1776886479.5281026,2.0,-4.0,-36.0
1776886479.5381026,4.0,-6.0,-41.0
1776886479.5481029,5.0,-5.0,-39.0
1776886479.5581028,8.0,-6.0,-35.0
1776886479.5681028,9.0,-4.0,-38.0
1776886479.5781028,11.0,-3.0,-42.0
1776886479.5881028,10.0,-5.0,-43.0
1776886479.5981028,7.0,-3.0,-45.0
1776886479.6081028,2.0,-2.0,-49.0
1776886479.6181028,1.0,-4.0,-47.0
1776886479.6281028,0.0,-3.0,-49.0
1776886479.6381028,0.0,-4.0,-44.0
1776886479.6481028,4.0,-5.0,-42.0
1776886479.6581028,6.0,-5.0,-41.0
1776886479.6681027,4.0,0.0,-45.0
1776886479.6781027,3.0,5.0,-48.0
1776886479.6881027,-1.0,1.0,-41.0
1776886479.6981027,-3.0,0.0,-38.0
1776886479.7081027,-1.0,1.0,-35.0
1776886479.7181027,1.0,1.0,-34.0
1776886479.7281027,0.0,0.0,-38.0
1776886479.738103,3.0,-1.0,-39.0
1776886479.748103,3.0,2.0,-39.0
1776886479.758103,6.0,5.0,-33.0
1776886479.7681026,5.0,9.0,-32.0
1776886479.7781026,3.0,7.0,-33.0
1776886479.7881026,7.0,0.0,-32.0
1776886479.7981029,8.0,-1.0,-34.0
1776886479.8081028,8.0,-4.0,-34.0
1776886479.8181028,5.0,0.0,-37.0
1776886479.8281028,3.0,-1.0,-41.0
1776886479.8381028,0.0,0.0,-47.0
1776886479.8481028,1.0,0.0,-48.0
1776886479.8581028,0.0,0.0,-42.0
1776886479.8681028,0.0,2.0,-36.0
1776886479.8781028,4.0,0.0,-39.0
1776886479.8881028,0.0,-3.0,-43.0
1776886479.8981028,-1.0,-4.0,-45.0
1776886479.9081028,0.0,1.0,-48.0
1776886479.9181027,-2.0,-2.0,-43.0
1776886479.9281027,-4.0,-3.0,-39.0
1776886479.9381027,0.0,0.0,-41.0
1776886479.9481027,0.0,-2.0,-41.0
1776886479.9581027,1.0,-6.0,-37.0
1776886479.9681027,-1.0,-6.0,-33.0
1776886479.9781027,0.0,-3.0,-36.0
1776886479.988103,-4.0,0.0,-42.0
1776886479.998103,-6.0,0.0,-48.0
1776886480.008103,-1.0,1.0,-41.0
1776886480.0181026,0.0,-2.0,-46.0
1776886480.0281026,-5.0,-3.0,-48.0
1776886480.0381026,0.0,0.0,-50.0
1776886480.0481029,-1.0,1.0,-45.0
1776886480.0581028,2.0,0.0,-40.0
1776886480.0681028,1.0,0.0,-36.0
1776886480.0781028,3.0,-3.0,-37.0
1776886480.0881028,9.0,-4.0,-36.0
1776886480.0981028,4.0,-2.0,-33.0
1776886480.1081028,3.0,-1.0,-38.0
1776886480.1181028,-1.0,-1.0,-35.0
1776886480.1281028,2.0,-1.0,-33.0
1776886480.1381028,1.0,-2.0,-32.0
1776886480.1481028,1.0,-5.0,-35.0
1776886480.1581028,3.0,-4.0,-34.0
1776886480.1681027,4.0,-1.0,-33.0
1776886480.1781027,1.0,0.0,-34.0
1776886480.1881027,3.0,0.0,-36.0
1776886480.1981027,5.0,-2.0,-39.0
1776886480.2081027,3.0,-4.0,-44.0
1776886480.2181027,1.0,-5.0,-47.0
1776886480.2281027,0.0,-8.0,-43.0
1776886480.238103,-2.0,-3.0,-43.0
1776886480.248103,-1.0,-1.0,-38.0
1776886480.258103,0.0,1.0,-35.0
1776886480.2681026,4.0,2.0,-33.0
1776886480.2781026,6.0,6.0,-30.0
1776886480.2881026,7.0,1.0,-24.0
1776886480.2981029,6.0,1.0,-28.0
1776886480.3081028,7.0,0.0,-35.0
1776886480.3181028,4.0,0.0,-34.0
1776886480.3281028,4.0,0.0,-37.0
1776886480.3381028,4.0,1.0,-36.0
1776886480.3481028,1.0,-2.0,-35.0
1776886480.3581028,-2.0,1.0,-42.0
1776886480.3681028,0.0,-3.0,-39.0
1776886480.3781028,0.0,-3.0,-36.0
1776886480.3881028,-3.0,-3.0,-37.0
1776886480.3981028,1.0,-7.0,-39.0
1776886480.4081028,2.0,-7.0,-37.0
1776886480.4181027,3.0,-4.0,-29.0
1776886480.4281027,1.0,-2.0,-31.0
1776886480.4381027,0.0,-2.0,-37.0
1776886480.4481027,2.0,-3.0,-43.0
1776886480.4581027,0.0,-1.0,-46.0
1776886480.4681027,0.0,-2.0,-42.0
1776886480.4781027,-1.0,1.0,-41.0
1776886480.488103,-2.0,2.0,-38.0
1776886480.498103,2.0,3.0,-30.0
1776886480.508103,-1.0,4.0,-28.0
1776886480.5181026,-1.0,2.0,-31.0
1776886480.5281026,3.0,-3.0,-39.0
1776886480.5381026,0.0,-1.0,-40.0
1776886480.5481029,5.0,-3.0,-40.0
1776886480.5581028,3.0,-3.0,-39.0
1776886480.5681028,3.0,-2.0,-35.0
1776886480.5781028,3.0,-2.0,-38.0
1776886480.5881028,6.0,-2.0,-34.0
1776886480.5981028,3.0,0.0,-33.0
1776886480.6081028,3.0,-4.0,-35.0
1776886480.6181028,2.0,-2.0,-32.0
1776886480.6281028,1.0,-1.0,-33.0
1776886480.6381028,2.0,2.0,-38.0
1776886480.6481028,0.0,0.0,-37.0
1776886480.6581028,2.0,-3.0,-43.0
1776886480.6681027,3.0,-3.0,-41.0
1776886480.6781027,1.0,-2.0,-36.0
1776886480.6881027,3.0,-1.0,-34.0
1776886480.6981027,5.0,0.0,-37.0
1776886480.7081027,5.0,-2.0,-41.0
1776886480.7181027,2.0,-2.0,-44.0
1776886480.7281027,4.0,0.0,-46.0
1776886480.738103,9.0,0.0,-41.0
1776886480.748103,8.0,3.0,-49.0
1776886480.758103,7.0,4.0,-40.0
1776886480.7681026,5.0,2.0,-38.0
1776886480.7781026,5.0,4.0,-36.0
1776886480.7881026,1.0,3.0,-42.0
1776886480.7981029,2.0,0.0,-42.0
1776886480.8081028,4.0,0.0,-38.0
1776886480.8181028,0.0,0.0,-41.0
1776886480.8281028,-1.0,-5.0,-40.0
1776886480.8381028,-1.0,-5.0,-42.0
1776886480.8481028,0.0,-9.0,-44.0
1776886480.8581028,0.0,-6.0,-49.0
1776886480.8681028,2.0,-6.0,-48.0
1776886480.8781028,0.0,-8.0,-49.0
1776886480.8881028,2.0,-7.0,-49.0
1776886480.8981028,2.0,-1.0,-44.0
1776886480.9081028,0.0,1.0,-37.0
1776886480.9181027,-1.0,-2.0,-39.0
1776886480.9281027,-3.0,-1.0,-42.0
1776886480.9381027,5.0,-3.0,-36.0
1776886480.9481027,8.0,1.0,-30.0
1776886480.9581027,5.0,2.0,-34.0
1776886480.9681027,1.0,0.0,-36.0
1776886480.9781027,-1.0,-1.0,-33.0
1776886480.988103,0.0,0.0,-30.0
1776886480.998103,0.0,0.0,-27.0
1776886481.008103,-2.0,2.0,-26.0
1776886481.0181026,-2.0,5.0,-25.0
1776886481.0281026,-3.0,3.0,-29.0
1776886481.0391028,-2.0,4.0,-34.0
1776886481.0481029,0.0,2.0,-35.0
1776886481.0581028,-3.0,2.0,-35.0
1776886481.0681028,-8.0,1.0,-38.0
1776886481.0791028,-5.0,1.0,-46.0
1776886481.0891027,-5.0,2.0,-46.0
1776886481.0991027,-6.0,0.0,-43.0
1776886481.1091027,-3.0,0.0,-41.0
1776886481.1191027,0.0,4.0,-40.0
1776886481.1291027,0.0,2.0,-40.0
1776886481.1391027,-3.0,2.0,-37.0
1776886481.1491027,-2.0,-1.0,-35.0
1776886481.159103,0.0,-2.0,-32.0
1776886481.169103,0.0,0.0,-39.0
1776886481.179103,0.0,0.0,-40.0
1776886481.1891026,-2.0,0.0,-41.0
1776886481.1991026,-4.0,3.0,-39.0
1776886481.2091026,-4.0,1.0,-38.0
1776886481.2191026,-2.0,2.0,-32.0
1776886481.2291028,0.0,4.0,-31.0
1776886481.2391028,0.0,3.0,-34.0
1776886481.2491028,3.0,3.0,-35.0
1776886481.2591028,3.0,1.0,-29.0
1776886481.2691028,6.0,-4.0,-32.0
1776886481.2791028,4.0,-9.0,-32.0
1776886481.2891028,4.0,-2.0,-33.0
1776886481.2991028,1.0,-3.0,-34.0
1776886481.3091028,-1.0,-2.0,-35.0
1776886481.3191028,-1.0,-3.0,-41.0
1776886481.3291028,3.0,-8.0,-46.0
1776886481.3391027,2.0,-5.0,-42.0
1776886481.3491027,4.0,-4.0,-42.0
1776886481.3591027,7.0,-2.0,-40.0
1776886481.3691027,8.0,-3.0,-36.0
1776886481.3791027,8.0,-3.0,-36.0
1776886481.3891027,8.0,-4.0,-36.0
1776886481.3991027,7.0,0.0,-38.0
1776886481.409103,6.0,2.0,-34.0
1776886481.419103,2.0,2.0,-40.0
1776886481.429103,0.0,1.0,-42.0
1776886481.4391026,4.0,-2.0,-46.0
1776886481.4491026,8.0,-2.0,-51.0
1776886481.4591026,6.0,-4.0,-51.0
1776886481.4691026,3.0,-4.0,-46.0
1776886481.4791028,0.0,-5.0,-41.0
1776886481.4891028,-1.0,0.0,-36.0
1776886481.4991028,-1.0,4.0,-36.0
1776886481.5091028,-2.0,2.0,-39.0
1776886481.5191028,-2.0,1.0,-35.0
1776886481.5291028,0.0,2.0,-34.0
1776886481.5391028,-3.0,4.0,-35.0
1776886481.5491028,-8.0,1.0,-33.0
1776886481.5591028,-13.0,4.0,-32.0
1776886481.5691028,-12.0,2.0,-34.0
1776886481.5791028,-9.0,0.0,-33.0
1776886481.5891027,-9.0,-1.0,-39.0
1776886481.5991027,-9.0,-1.0,-37.0
1776886481.6091027,-7.0,-2.0,-40.0
1776886481.6191027,-6.0,-3.0,-39.0
1776886481.6291027,-7.0,0.0,-37.0
1776886481.6391027,-3.0,3.0,-39.0
1776886481.6491027,-1.0,4.0,-37.0
1776886481.659103,-3.0,2.0,-33.0
1776886481.669103,0.0,0.0,-40.0
1776886481.679103,-1.0,-1.0,-40.0
1776886481.6891026,4.0,0.0,-36.0
1776886481.6991026,3.0,-1.0,-36.0
1776886481.7091026,0.0,-2.0,-44.0
1776886481.7191026,2.0,-1.0,-45.0
1776886481.7291028,2.0,0.0,-39.0
1776886481.7391028,0.0,3.0,-40.0
1776886481.7491028,-1.0,3.0,-34.0
1776886481.7591028,0.0,3.0,-34.0
1776886481.7691028,3.0,5.0,-41.0
1776886481.7791028,5.0,2.0,-47.0
1776886481.7891028,7.0,-4.0,-47.0
1776886481.7991028,8.0,-5.0,-50.0
1776886481.8091028,8.0,-9.0,-47.0
1776886481.8191028,8.0,-9.0,-46.0
1776886481.8291028,9.0,-7.0,-45.0
1776886481.8391027,7.0,-1.0,-44.0
1776886481.8491027,6.0,-5.0,-49.0
1776886481.8591027,1.0,-9.0,-48.0
1776886481.8691027,5.0,-9.0,-49.0
1776886481.8791027,4.0,-5.0,-44.0
1776886481.8891027,5.0,-6.0,-36.0
1776886481.8991027,8.0,-7.0,-29.0
1776886481.909103,10.0,-9.0,-25.0
1776886481.919103,7.0,-7.0,-29.0
1776886481.929103,2.0,-1.0,-28.0
1776886481.9391026,3.0,0.0,-30.0
1776886481.9491026,0.0,-2.0,-30.0
1776886481.9591026,0.0,0.0,-28.0
1776886481.9691026,4.0,0.0,-27.0
1776886481.9791028,4.0,0.0,-25.0
1776886481.9891028,6.0,1.0,-26.0
1776886481.9991028,6.0,2.0,-26.0
1776886482.0091028,7.0,1.0,-32.0
1776886482.0191028,6.0,0.0,-37.0
1776886482.0291028,8.0,0.0,-40.0
1776886482.0391028,6.0,0.0,-39.0
1776886482.0491028,3.0,-1.0,-38.0
1776886482.0591028,1.0,-2.0,-42.0
1776886482.0691028,2.0,-1.0,-38.0
1776886482.0791028,3.0,-3.0,-42.0
1776886482.0891027,1.0,-1.0,-40.0
1776886482.0991027,5.0,-1.0,-46.0
1776886482.1091027,4.0,0.0,-49.0
1776886482.1191027,4.0,0.0,-47.0
1776886482.1291027,5.0,6.0,-46.0
1776886482.1391027,10.0,6.0,-43.0
1776886482.1491027,5.0,5.0,-40.0
1776886482.159103,7.0,7.0,-35.0
1776886482.169103,5.0,8.0,-34.0
1776886482.179103,5.0,4.0,-31.0
1776886482.1891026,2.0,3.0,-31.0
1776886482.1991026,2.0,4.0,-41.0
1776886482.2091026,6.0,1.0,-39.0
1776886482.2191026,2.0,2.0,-49.0
1776886482.2291028,5.0,2.0,-49.0
1776886482.2391028,2.0,3.0,-50.0
1776886482.2491028,3.0,2.0,-45.0
1776886482.2591028,0.0,1.0,-45.0
1776886482.2691028,-3.0,0.0,-45.0
1776886482.2791028,0.0,0.0,-42.0
1776886482.2891028,1.0,1.0,-36.0
1776886482.2991028,3.0,5.0,-22.0
1776886482.3091028,0.0,3.0,-25.0
1776886482.3191028,3.0,1.0,-32.0
1776886482.3291028,6.0,1.0,-36.0
1776886482.3391027,4.0,0.0,-37.0
1776886482.3491027,1.0,4.0,-39.0
1776886482.3591027,0.0,-2.0,-38.0
1776886482.3691027,3.0,-6.0,-37.0
1776886482.3791027,0.0,-10.0,-35.0
1776886482.3891027,3.0,-7.0,-44.0
1776886482.3991027,5.0,-6.0,-42.0
1776886482.409103,9.0,-7.0,-42.0
1776886482.419103,8.0,-7.0,-41.0
1776886482.429103,3.0,-7.0,-34.0
1776886482.4391026,0.0,-5.0,-32.0
1776886482.4491026,3.0,-3.0,-34.0
1776886482.4591026,7.0,-1.0,-37.0
1776886482.4691026,7.0,0.0,-40.0
1776886482.4791028,6.0,-1.0,-38.0
1776886482.4891028,4.0,2.0,-33.0
1776886482.4991028,2.0,4.0,-32.0
1776886482.5091028,4.0,4.0,-33.0
1776886482.5191028,3.0,2.0,-35.0
1776886482.5291028,5.0,3.0,-41.0
1776886482.5391028,4.0,7.0,-42.0
1776886482.5491028,5.0,7.0,-44.0
1776886482.5591028,2.0,3.0,-42.0
1776886482.5691028,6.0,1.0,-37.0
1776886482.5791028,3.0,1.0,-38.0
1776886482.5891027,1.0,-2.0,-43.0
1776886482.5991027,2.0,-3.0,-42.0
1776886482.6091027,2.0,-2.0,-39.0
1776886482.6191027,0.0,0.0,-38.0
1776886482.6291027,0.0,-1.0,-37.0
1776886482.6391027,5.0,-3.0,-35.0
1776886482.6491027,4.0,-6.0,-32.0
1776886482.659103,1.0,-5.0,-32.0
1776886482.669103,-2.0,-5.0,-36.0
1776886482.679103,3.0,-9.0,-44.0
1776886482.6891026,1.0,-9.0,-47.0
1776886482.6991026,2.0,-6.0,-40.0
1776886482.7091026,2.0,-5.0,-38.0
1776886482.7191026,4.0,-3.0,-38.0
1776886482.7291028,2.0,-3.0,-32.0
1776886482.7391028,2.0,-1.0,-35.0
1776886482.7491028,6.0,-2.0,-34.0
1776886482.7591028,9.0,-2.0,-39.0
1776886482.7691028,7.0,-3.0,-34.0
1776886482.7791028,4.0,-1.0,-36.0
1776886482.7891028,-1.0,-6.0,-29.0
1776886482.7991028,-1.0,-4.0,-36.0
1776886482.8091028,-2.0,-4.0,-41.0
1776886482.8191028,4.0,-4.0,-44.0
1776886482.8291028,6.0,-4.0,-42.0
1776886482.8391027,6.0,-6.0,-51.0
1776886482.8491027,6.0,-10.0,-51.0
1776886482.8591027,7.0,-8.0,-52.0
1776886482.8691027,5.0,-7.0,-48.0
1776886482.8791027,0.0,-4.0,-46.0
1776886482.8891027,4.0,-6.0,-43.0
1776886482.8991027,1.0,-5.0,-41.0
1776886482.909103,0.0,-5.0,-44.0
1776886482.919103,2.0,-4.0,-49.0
1776886482.929103,2.0,0.0,-49.0
1776886482.9391026,3.0,0.0,-46.0
1776886482.9491026,1.0,-3.0,-43.0
1776886482.9591026,3.0,-1.0,-40.0
1776886482.9691026,1.0,-3.0,-38.0
1776886482.9791028,6.0,-1.0,-37.0
1776886482.9891028,7.0,-1.0,-39.0
1776886482.9991028,2.0,3.0,-39.0
1776886483.0091028,1.0,0.0,-31.0
1776886483.0191028,1.0,-2.0,-33.0
1776886483.0301027,0.0,-2.0,-38.0
1776886483.0391028,0.0,-5.0,-41.0
1776886483.0491028,0.0,-2.0,-41.0
1776886483.0591028,-3.0,0.0,-41.0
1776886483.0701027,0.0,0.0,-44.0
1776886483.0801027,2.0,-3.0,-48.0
1776886483.090103,4.0,-3.0,-47.0
1776886483.100103,6.0,-3.0,-42.0
1776886483.110103,4.0,0.0,-42.0
1776886483.1201026,7.0,-1.0,-47.0
1776886483.1301026,5.0,-4.0,-49.0
1776886483.1401026,2.0,-5.0,-45.0
1776886483.1501029,2.0,-1.0,-41.0
1776886483.1601028,0.0,1.0,-42.0
1776886483.1701028,-3.0,5.0,-43.0
1776886483.1801028,-8.0,3.0,-51.0
1776886483.1901028,-4.0,2.0,-49.0
1776886483.2001028,-4.0,0.0,-42.0
1776886483.2101028,-8.0,-1.0,-45.0
1776886483.2201028,-12.0,0.0,-42.0
1776886483.2301028,-11.0,0.0,-39.0
1776886483.2401028,-2.0,0.0,-38.0
1776886483.2501028,-1.0,0.0,-33.0
1776886483.2601027,-4.0,-1.0,-32.0
1776886483.2701027,-1.0,-2.0,-30.0
1776886483.2801027,1.0,-1.0,-32.0
1776886483.2901027,0.0,-6.0,-40.0
1776886483.3001027,-3.0,-8.0,-41.0
1776886483.3101027,1.0,-9.0,-49.0
1776886483.3201027,3.0,-6.0,-45.0
1776886483.3301027,1.0,-7.0,-41.0
1776886483.340103,6.0,-3.0,-38.0
1776886483.350103,6.0,-6.0,-38.0
1776886483.360103,4.0,-6.0,-40.0
1776886483.3701026,0.0,-3.0,-38.0
1776886483.3801026,0.0,-3.0,-39.0
1776886483.3901026,0.0,-1.0,-39.0
1776886483.4001029,2.0,2.0,-41.0
1776886483.4101028,1.0,3.0,-37.0
1776886483.4201028,0.0,1.0,-30.0
1776886483.4301028,2.0,-2.0,-29.0
1776886483.4401028,4.0,-3.0,-22.0
1776886483.4501028,3.0,-3.0,-28.0
1776886483.4601028,1.0,-5.0,-28.0
1776886483.4701028,-3.0,-2.0,-33.0
1776886483.4801028,-3.0,-1.0,-36.0
1776886483.4901028,-3.0,-3.0,-32.0
1776886483.5001028,-3.0,-3.0,-30.0
1776886483.5101027,-3.0,-4.0,-33.0
1776886483.5201027,-7.0,-4.0,-31.0
1776886483.5301027,-4.0,-5.0,-35.0
1776886483.5401027,-3.0,-7.0,-35.0
1776886483.5501027,-6.0,-5.0,-35.0
1776886483.5601027,-2.0,-3.0,-30.0
1776886483.5701027,-3.0,-5.0,-32.0
1776886483.5801027,0.0,-6.0,-27.0
1776886483.590103,3.0,-2.0,-29.0
1776886483.600103,-3.0,-2.0,-27.0
1776886483.610103,1.0,0.0,-30.0
1776886483.6201026,-5.0,-1.0,-31.0
1776886483.6301026,-4.0,0.0,-40.0
1776886483.6401026,-7.0,0.0,-38.0
1776886483.6501029,-3.0,-3.0,-32.0
1776886483.6601028,-1.0,-9.0,-33.0
1776886483.6701028,0.0,-6.0,-29.0
1776886483.6801028,-4.0,-12.0,-27.0
1776886483.6901028,-1.0,-13.0,-27.0
1776886483.7001028,3.0,-10.0,-27.0
1776886483.7101028,6.0,-6.0,-32.0
1776886483.7201028,8.0,-7.0,-31.0
1776886483.7301028,7.0,-2.0,-35.0
1776886483.7401028,5.0,-1.0,-35.0
1776886483.7501028,1.0,0.0,-38.0
1776886483.7601027,-3.0,2.0,-35.0
1776886483.7701027,-3.0,0.0,-37.0
1776886483.7801027,1.0,3.0,-33.0
1776886483.7901027,3.0,3.0,-35.0
1776886483.8001027,3.0,1.0,-38.0
1776886483.8101027,3.0,3.0,-43.0
1776886483.8201027,1.0,0.0,-41.0
1776886483.8301027,1.0,0.0,-45.0
1776886483.840103,3.0,1.0,-47.0
1776886483.850103,2.0,0.0,-45.0
1776886483.860103,0.0,1.0,-40.0
1776886483.8701026,1.0,7.0,-35.0
1776886483.8801026,1.0,7.0,-37.0
1776886483.8901026,2.0,6.0,-38.0
1776886483.9001029,0.0,5.0,-31.0
1776886483.9101028,0.0,0.0,-29.0
1776886483.9201028,4.0,2.0,-32.0
1776886483.9301028,3.0,-2.0,-30.0
1776886483.9401028,5.0,-2.0,-26.0
1776886483.9501028,1.0,-2.0,-30.0
1776886483.9601028,5.0,-1.0,-28.0
1776886483.9701028,4.0,-1.0,-36.0
1776886483.9801028,0.0,0.0,-43.0
1776886483.9901028,-4.0,-3.0,-40.0
1776886484.0001028,-3.0,-2.0,-43.0
1776886484.0101027,-4.0,0.0,-44.0
1776886484.0201027,-4.0,1.0,-39.0
1776886484.0301027,-5.0,1.0,-34.0
1776886484.0401027,-2.0,2.0,-34.0
1776886484.0501027,0.0,0.0,-35.0
1776886484.0601027,0.0,-2.0,-39.0
1776886484.0701027,0.0,-1.0,-39.0
1776886484.0801027,1.0,1.0,-40.0
1776886484.090103,1.0,0.0,-40.0
1776886484.100103,-3.0,-4.0,-43.0
1776886484.110103,-1.0,-2.0,-36.0
1776886484.1201026,1.0,0.0,-42.0
1776886484.1301026,-2.0,0.0,-47.0
1776886484.1401026,-1.0,-1.0,-48.0
1776886484.1501029,-5.0,0.0,-49.0
1776886484.1601028,-3.0,5.0,-51.0
1776886484.1701028,-3.0,4.0,-48.0
1776886484.1801028,-6.0,7.0,-42.0
1776886484.1901028,-5.0,4.0,-38.0
1776886484.2001028,-9.0,-4.0,-44.0
1776886484.2101028,-6.0,-3.0,-39.0
1776886484.2201028,-6.0,-4.0,-37.0
1776886484.2301028,-11.0,-2.0,-31.0
1776886484.2401028,-7.0,-1.0,-31.0
1776886484.2501028,-7.0,-3.0,-31.0
1776886484.2601027,-4.0,0.0,-38.0
1776886484.2701027,0.0,0.0,-38.0
1776886484.2801027,-5.0,3.0,-33.0
1776886484.2901027,-5.0,4.0,-27.0
1776886484.3001027,-7.0,0.0,-32.0
1776886484.3101027,-2.0,0.0,-37.0
1776886484.3201027,0.0,0.0,-39.0
1776886484.3301027,2.0,2.0,-40.0
1776886484.340103,2.0,1.0,-42.0
1776886484.350103,1.0,5.0,-41.0
1776886484.360103,0.0,3.0,-44.0
1776886484.3701026,0.0,3.0,-48.0
1776886484.3801026,0.0,1.0,-39.0
1776886484.3901026,7.0,-3.0,-43.0
1776886484.4001029,6.0,-3.0,-43.0
1776886484.4101028,0.0,0.0,-42.0
1776886484.4201028,-3.0,0.0,-44.0
1776886484.4301028,0.0,2.0,-40.0
1776886484.4401028,0.0,5.0,-39.0
1776886484.4501028,1.0,3.0,-32.0
1776886484.4601028,2.0,1.0,-38.0
1776886484.4701028,3.0,-2.0,-41.0
1776886484.4801028,0.0,-7.0,-44.0
1776886484.4901028,-1.0,-8.0,-43.0
1776886484.5001028,-3.0,-6.0,-40.0
1776886484.5101027,-5.0,-5.0,-39.0
1776886484.5201027,-1.0,-4.0,-40.0
1776886484.5301027,1.0,-4.0,-35.0
1776886484.5401027,0.0,0.0,-34.0
1776886484.5501027,-4.0,2.0,-34.0
1776886484.5601027,0.0,3.0,-38.0
1776886484.5701027,2.0,1.0,-39.0
1776886484.5801027,6.0,0.0,-40.0
1776886484.590103,6.0,1.0,-41.0
1776886484.600103,2.0,2.0,-40.0
1776886484.610103,0.0,2.0,-40.0
1776886484.6201026,0.0,1.0,-38.0
1776886484.6301026,0.0,-1.0,-41.0
1776886484.6401026,4.0,0.0,-49.0
1776886484.6501029,5.0,0.0,-47.0
1776886484.6601028,6.0,5.0,-51.0
1776886484.6701028,4.0,2.0,-53.0
1776886484.6801028,5.0,1.0,-50.0
1776886484.6901028,4.0,1.0,-50.0
1776886484.7001028,1.0,-2.0,-47.0
1776886484.7101028,3.0,-7.0,-52.0
1776886484.7201028,2.0,-14.0,-47.0
1776886484.7301028,2.0,-8.0,-45.0
1776886484.7401028,3.0,-4.0,-50.0
1776886484.7501028,5.0,0.0,-60.0
1776886484.7601027,3.0,3.0,-59.0
1776886484.7701027,1.0,0.0,-55.0
1776886484.7801027,0.0,0.0,-54.0
1776886484.7901027,4.0,0.0,-52.0
1776886484.8001027,3.0,1.0,-49.0
1776886484.8101027,0.0,-1.0,-40.0
1776886484.8201027,0.0,-3.0,-42.0
1776886484.8301027,-2.0,-5.0,-44.0
1776886484.840103,-3.0,-3.0,-37.0
1776886484.850103,-5.0,-3.0,-38.0
1776886484.860103,-3.0,-2.0,-37.0
1776886484.8701026,-6.0,0.0,-37.0
1776886484.8801026,-9.0,-2.0,-36.0
1776886484.8901026,-13.0,-3.0,-40.0
1776886484.9001029,-8.0,-6.0,-37.0
1776886484.9101028,-10.0,-6.0,-38.0
1776886484.9201028,-8.0,-6.0,-34.0
1776886484.9301028,-4.0,-2.0,-33.0
1776886484.9401028,-1.0,2.0,-39.0
1776886484.9501028,1.0,0.0,-43.0
1776886484.9601028,0.0,0.0,-49.0
1776886484.9701028,0.0,-1.0,-47.0
1776886484.9801028,2.0,-1.0,-42.0
1776886484.9901028,6.0,0.0,-49.0
1776886485.0001028,4.0,0.0,-50.0
1776886485.0101027,2.0,0.0,-43.0
1776886485.0201027,2.0,0.0,-38.0
1776886485.0301027,1.0,-3.0,-37.0
1776886485.0401027,2.0,-3.0,-42.0
1776886485.0501027,0.0,0.0,-43.0
1776886485.0601027,-2.0,0.0,-39.0
1776886485.0711029,-6.0,-3.0,-43.0
1776886485.0811028,-5.0,-2.0,-43.0
1776886485.0911028,0.0,3.0,-41.0
1776886485.1011028,-1.0,5.0,-44.0
1776886485.1111028,-1.0,4.0,-45.0
1776886485.1211028,-4.0,1.0,-43.0
1776886485.1311028,0.0,1.0,-41.0
1776886485.1411028,3.0,2.0,-40.0
1776886485.1511028,0.0,4.0,-37.0
1776886485.1611028,1.0,2.0,-39.0
1776886485.1711028,1.0,0.0,-39.0
1776886485.1811028,5.0,0.0,-38.0
1776886485.1911027,6.0,-4.0,-30.0
1776886485.2011027,6.0,-4.0,-37.0
1776886485.2111027,5.0,-3.0,-39.0
1776886485.2211027,4.0,-3.0,-41.0
1776886485.2311027,5.0,-1.0,-44.0
1776886485.2411027,4.0,0.0,-36.0
1776886485.2511027,3.0,-2.0,-33.0
1776886485.261103,5.0,-3.0,-32.0
1776886485.271103,6.0,-5.0,-33.0
1776886485.281103,5.0,0.0,-35.0
1776886485.2911026,4.0,-1.0,-39.0
1776886485.3011026,-4.0,-2.0,-41.0
1776886485.3111026,-4.0,-2.0,-45.0
1776886485.3211029,-2.0,-5.0,-45.0
1776886485.3311028,0.0,-6.0,-40.0
1776886485.3411028,0.0,-6.0,-38.0
1776886485.3511028,0.0,-1.0,-37.0
1776886485.3611028,1.0,0.0,-32.0
1776886485.3711028,4.0,-4.0,-25.0
1776886485.3811028,2.0,-4.0,-27.0
1776886485.3911028,1.0,-6.0,-35.0
1776886485.4011028,1.0,-8.0,-36.0
1776886485.4111028,3.0,-6.0,-36.0
1776886485.4211028,2.0,-3.0,-37.0
1776886485.4311028,5.0,-1.0,-42.0
1776886485.4411027,4.0,0.0,-44.0
1776886485.4511027,3.0,0.0,-34.0
1776886485.4611027,-1.0,-5.0,-29.0
1776886485.4711027,2.0,-7.0,-32.0
1776886485.4811027,1.0,-7.0,-34.0
1776886485.4911027,-3.0,-6.0,-34.0
1776886485.5011027,-5.0,-7.0,-28.0
1776886485.511103,-3.0,-6.0,-34.0
1776886485.521103,-3.0,-6.0,-43.0
1776886485.531103,-2.0,-3.0,-49.0
1776886485.5411026,-4.0,-2.0,-53.0
1776886485.5511026,-1.0,0.0,-53.0
1776886485.5611026,0.0,2.0,-50.0
1776886485.5711029,3.0,0.0,-51.0
1776886485.5811028,5.0,-3.0,-44.0
1776886485.5911028,2.0,1.0,-36.0
1776886485.6011028,6.0,0.0,-31.0
1776886485.6111028,5.0,0.0,-31.0
1776886485.6211028,-1.0,1.0,-35.0
1776886485.6311028,-7.0,-2.0,-36.0
1776886485.6411028,-5.0,0.0,-40.0
1776886485.6511028,-1.0,1.0,-48.0
1776886485.6611028,-4.0,0.0,-42.0
1776886485.6711028,-1.0,-3.0,-44.0
1776886485.6811028,2.0,-5.0,-48.0
1776886485.6911027,3.0,-7.0,-46.0
1776886485.7011027,1.0,-7.0,-43.0
1776886485.7111027,3.0,-7.0,-38.0
1776886485.7211027,2.0,-8.0,-37.0
1776886485.7311027,0.0,-6.0,-34.0
1776886485.7411027,1.0,-1.0,-31.0
1776886485.7511027,5.0,-2.0,-28.0
1776886485.761103,5.0,1.0,-32.0
1776886485.771103,6.0,3.0,-32.0
1776886485.781103,3.0,3.0,-35.0
1776886485.7911026,2.0,3.0,-38.0
1776886485.8011026,-2.0,0.0,-41.0
1776886485.8111026,-2.0,-1.0,-43.0
1776886485.8211029,-3.0,0.0,-43.0
1776886485.8311028,-4.0,1.0,-37.0
1776886485.8411028,-7.0,1.0,-40.0
1776886485.8511028,-11.0,-1.0,-45.0
1776886485.8611028,-11.0,1.0,-43.0
1776886485.8711028,-7.0,3.0,-45.0
1776886485.8811028,-9.0,1.0,-45.0
1776886485.8911028,-9.0,1.0,-46.0
1776886485.9011028,-7.0,0.0,-47.0
1776886485.9111028,1.0,0.0,-51.0
1776886485.9211028,5.0,-5.0,-46.0
1776886485.9311028,8.0,-2.0,-44.0
1776886485.9411027,8.0,-1.0,-47.0
1776886485.9511027,6.0,-3.0,-42.0
1776886485.9611027,6.0,-3.0,-45.0
1776886485.9711027,3.0,-5.0,-42.0
1776886485.9811027,-2.0,-4.0,-41.0
1776886485.9911027,-4.0,-5.0,-39.0
1776886486.0011027,-7.0,-2.0,-36.0
1776886486.011103,-8.0,-1.0,-31.0
1776886486.021103,-12.0,0.0,-28.0
1776886486.031103,-10.0,0.0,-28.0
1776886486.0411026,-12.0,-1.0,-29.0
1776886486.0511026,-9.0,-3.0,-27.0
1776886486.0611026,-11.0,-1.0,-24.0
1776886486.0711029,-8.0,-2.0,-26.0
1776886486.0811028,-4.0,0.0,-28.0
1776886486.0911028,-6.0,2.0,-31.0
1776886486.1011028,-2.0,2.0,-35.0
1776886486.1111028,-3.0,0.0,-35.0
1776886486.1211028,-2.0,-1.0,-30.0
1776886486.1311028,0.0,-2.0,-31.0
1776886486.1411028,-3.0,-3.0,-27.0
1776886486.1511028,1.0,-4.0,-26.0
1776886486.1611028,0.0,0.0,-33.0
1776886486.1711028,0.0,-3.0,-39.0
1776886486.1811028,-1.0,-4.0,-32.0
1776886486.1911027,-1.0,-3.0,-37.0
1776886486.2011027,0.0,-2.0,-42.0
1776886486.2111027,1.0,-3.0,-41.0
1776886486.2211027,2.0,-3.0,-43.0
1776886486.2311027,0.0,-3.0,-33.0
1776886486.2411027,2.0,-1.0,-30.0
1776886486.2511027,3.0,0.0,-30.0
1776886486.261103,1.0,1.0,-31.0
1776886486.271103,3.0,-1.0,-31.0
1776886486.281103,0.0,2.0,-31.0
1776886486.2911026,1.0,4.0,-38.0
1776886486.3011026,-2.0,7.0,-41.0
1776886486.3111026,-2.0,9.0,-49.0
1776886486.3211029,-3.0,6.0,-41.0
1776886486.3311028,-8.0,4.0,-36.0
1776886486.3411028,-12.0,1.0,-36.0
1776886486.3511028,-11.0,0.0,-40.0
1776886486.3611028,-7.0,0.0,-37.0
1776886486.3711028,-2.0,-1.0,-40.0
1776886486.3811028,0.0,0.0,-40.0
1776886486.3911028,-2.0,-4.0,-46.0
1776886486.4011028,3.0,-8.0,-49.0
1776886486.4111028,0.0,-8.0,-50.0
1776886486.4211028,2.0,-8.0,-55.0
1776886486.4311028,-1.0,-5.0,-44.0
1776886486.4411027,0.0,-3.0,-38.0
1776886486.4511027,1.0,-2.0,-36.0
1776886486.4611027,0.0,-5.0,-35.0
1776886486.4711027,0.0,-8.0,-35.0
1776886486.4811027,2.0,-9.0,-44.0
1776886486.4911027,6.0,-5.0,-42.0
1776886486.5011027,3.0,-1.0,-34.0
1776886486.511103,10.0,0.0,-41.0
1776886486.521103,7.0,-2.0,-44.0
1776886486.531103,2.0,0.0,-44.0
1776886486.5411026,4.0,-3.0,-44.0
1776886486.5511026,6.0,-3.0,-40.0
1776886486.5611026,5.0,0.0,-41.0
1776886486.5711029,2.0,-4.0,-38.0
1776886486.5811028,0.0,-3.0,-28.0
1776886486.5911028,-4.0,-1.0,-29.0
1776886486.6011028,-6.0,1.0,-39.0
1776886486.6111028,-11.0,-2.0,-37.0
1776886486.6211028,-14.0,-4.0,-43.0
1776886486.6311028,-11.0,-7.0,-41.0
1776886486.6411028,-5.0,-3.0,-41.0
1776886486.6511028,-1.0,0.0,-36.0
1776886486.6611028,1.0,-4.0,-43.0
1776886486.6711028,2.0,-2.0,-35.0
1776886486.6811028,3.0,3.0,-37.0
1776886486.6911027,4.0,7.0,-36.0
1776886486.7011027,5.0,5.0,-30.0
1776886486.7111027,4.0,5.0,-33.0
1776886486.7211027,5.0,4.0,-34.0
1776886486.7311027,1.0,3.0,-38.0
1776886486.7411027,2.0,5.0,-35.0
1776886486.7511027,0.0,5.0,-37.0
1776886486.761103,3.0,4.0,-35.0
1776886486.771103,1.0,0.0,-38.0
1776886486.781103,2.0,1.0,-38.0
1776886486.7911026,0.0,2.0,-41.0
1776886486.8011026,0.0,4.0,-47.0
1776886486.8111026,-2.0,0.0,-52.0
1776886486.8211029,0.0,-1.0,-50.0
1776886486.8311028,-2.0,3.0,-48.0
1776886486.8411028,3.0,3.0,-49.0
1776886486.8511028,5.0,2.0,-48.0
1776886486.8611028,2.0,4.0,-45.0
1776886486.8711028,3.0,1.0,-44.0
1776886486.8811028,0.0,1.0,-47.0
1776886486.8911028,-1.0,-2.0,-47.0
1776886486.9011028,-5.0,2.0,-47.0
1776886486.9111028,-8.0,0.0,-45.0
1776886486.9211028,-7.0,-3.0,-45.0
1776886486.9311028,-11.0,-1.0,-32.0
1776886486.9411027,-9.0,0.0,-34.0
1776886486.9511027,-10.0,4.0,-35.0
1776886486.9611027,-9.0,2.0,-38.0
1776886486.9711027,-7.0,0.0,-40.0
1776886486.9811027,-3.0,1.0,-40.0
1776886486.9911027,3.0,0.0,-42.0
1776886487.0011027,5.0,-3.0,-45.0
1776886487.011103,2.0,-6.0,-45.0
1776886487.021103,1.0,-5.0,-42.0
1776886487.031103,2.0,-7.0,-40.0
1776886487.0421028,2.0,-9.0,-35.0
1776886487.0521028,7.0,-6.0,-42.0
1776886487.0621028,5.0,-4.0,-52.0
1776886487.0721028,6.0,-5.0,-54.0
1776886487.0821028,8.0,-4.0,-47.0
1776886487.0921028,2.0,-7.0,-39.0
1776886487.1021028,1.0,-6.0,-38.0
1776886487.1121027,0.0,-3.0,-30.0
1776886487.1221027,3.0,-2.0,-37.0
1776886487.1321027,2.0,-2.0,-36.0
1776886487.1421027,1.0,0.0,-41.0
1776886487.1521027,-1.0,1.0,-38.0
1776886487.1621027,3.0,0.0,-34.0
1776886487.1721027,2.0,-3.0,-36.0
1776886487.182103,4.0,-4.0,-28.0
1776886487.192103,4.0,-3.0,-40.0
1776886487.202103,7.0,-2.0,-38.0
1776886487.212103,4.0,-3.0,-36.0
1776886487.2221026,5.0,-4.0,-35.0
1776886487.2321026,6.0,0.0,-40.0
1776886487.2421026,4.0,-1.0,-50.0
1776886487.2521029,8.0,0.0,-51.0
1776886487.2621028,3.0,-2.0,-48.0
1776886487.2721028,3.0,-3.0,-49.0
1776886487.2821028,0.0,-6.0,-45.0
1776886487.2921028,-2.0,-7.0,-51.0
1776886487.3021028,0.0,-8.0,-49.0
1776886487.3121028,2.0,-4.0,-42.0
1776886487.3221028,2.0,-3.0,-38.0
1776886487.3321028,1.0,-3.0,-42.0
1776886487.3421028,1.0,-4.0,-43.0
1776886487.3521028,0.0,-5.0,-42.0
1776886487.3621027,0.0,-2.0,-37.0
1776886487.3721027,1.0,-3.0,-33.0
1776886487.3821027,-1.0,-3.0,-33.0
1776886487.3921027,-5.0,-5.0,-38.0
1776886487.4021027,-2.0,-3.0,-32.0
1776886487.4121027,0.0,-3.0,-33.0
1776886487.4221027,1.0,-6.0,-36.0
1776886487.432103,0.0,-5.0,-33.0
1776886487.442103,-1.0,-7.0,-28.0
1776886487.452103,-6.0,-7.0,-29.0
1776886487.462103,-5.0,-5.0,-30.0
1776886487.4721026,0.0,-3.0,-33.0
1776886487.4821026,-4.0,-5.0,-37.0
1776886487.4921026,-7.0,-7.0,-37.0
1776886487.5021029,-6.0,-4.0,-32.0
1776886487.5121028,-6.0,0.0,-30.0
1776886487.5221028,-2.0,0.0,-33.0
1776886487.5321028,0.0,-1.0,-42.0
1776886487.5421028,0.0,0.0,-39.0
1776886487.5521028,2.0,-3.0,-38.0
1776886487.5621028,7.0,-3.0,-33.0
1776886487.5721028,3.0,-4.0,-35.0
1776886487.5821028,4.0,1.0,-37.0
1776886487.5921028,3.0,0.0,-32.0
1776886487.6021028,1.0,0.0,-31.0
1776886487.6121027,1.0,0.0,-36.0
1776886487.6221027,5.0,0.0,-35.0
1776886487.6321027,5.0,0.0,-31.0
1776886487.6421027,3.0,-3.0,-32.0
1776886487.6521027,3.0,-4.0,-27.0
1776886487.6621027,1.0,0.0,-32.0
1776886487.6721027,0.0,0.0,-40.0
1776886487.682103,-5.0,0.0,-34.0
1776886487.692103,-4.0,1.0,-33.0
1776886487.702103,-4.0,0.0,-39.0
1776886487.712103,-3.0,2.0,-43.0
1776886487.7221026,-2.0,3.0,-42.0
1776886487.7321026,0.0,0.0,-40.0
1776886487.7421026,1.0,3.0,-42.0
1776886487.7521029,0.0,3.0,-40.0
1776886487.7621028,-3.0,1.0,-42.0
1776886487.7721028,-3.0,-1.0,-43.0
1776886487.7821028,-11.0,0.0,-45.0
1776886487.7921028,-6.0,1.0,-48.0
1776886487.8021028,-6.0,0.0,-45.0
1776886487.8121028,0.0,-1.0,-40.0
1776886487.8221028,-1.0,-4.0,-38.0
1776886487.8321028,1.0,-4.0,-40.0
1776886487.8421028,7.0,-6.0,-39.0
1776886487.8521028,12.0,-6.0,-43.0
1776886487.8621027,14.0,-5.0,-41.0
1776886487.8721027,10.0,-7.0,-38.0
1776886487.8821027,7.0,-1.0,-40.0
1776886487.8921027,4.0,3.0,-36.0
1776886487.9021027,5.0,0.0,-35.0
1776886487.9121027,1.0,0.0,-36.0
1776886487.9221027,0.0,2.0,-36.0
1776886487.932103,-3.0,5.0,-39.0
1776886487.942103,-1.0,5.0,-37.0
1776886487.952103,-1.0,7.0,-45.0
1776886487.962103,-2.0,5.0,-45.0
1776886487.9721026,-3.0,3.0,-48.0
1776886487.9821026,-3.0,2.0,-50.0
1776886487.9921026,0.0,1.0,-54.0
1776886488.0021029,4.0,1.0,-55.0
1776886488.0121028,2.0,-3.0,-51.0
1776886488.0221028,0.0,0.0,-47.0
1776886488.0321028,4.0,2.0,-40.0
1776886488.0421028,1.0,2.0,-36.0
1776886488.0521028,0.0,3.0,-28.0
1776886488.0621028,-3.0,1.0,-37.0
1776886488.0721028,0.0,0.0,-34.0
1776886488.0821028,0.0,5.0,-29.0
1776886488.0921028,-1.0,8.0,-29.0
1776886488.1021028,-6.0,5.0,-37.0
1776886488.1121027,-4.0,3.0,-37.0
1776886488.1221027,-1.0,3.0,-39.0
1776886488.1321027,0.0,3.0,-37.0
1776886488.1421027,1.0,0.0,-45.0
1776886488.1521027,-2.0,0.0,-44.0
1776886488.1621027,-4.0,-1.0,-39.0
1776886488.1721027,0.0,-2.0,-35.0
1776886488.182103,4.0,0.0,-36.0
1776886488.192103,3.0,-4.0,-35.0
1776886488.202103,3.0,-1.0,-33.0
1776886488.212103,2.0,-5.0,-29.0
1776886488.2221026,-2.0,1.0,-31.0
1776886488.2321026,-2.0,3.0,-28.0
1776886488.2421026,1.0,2.0,-29.0
1776886488.2521029,1.0,0.0,-36.0
1776886488.2621028,5.0,-7.0,-39.0
1776886488.2721028,1.0,-4.0,-37.0
1776886488.2821028,1.0,-4.0,-35.0
1776886488.2921028,-1.0,-4.0,-42.0
1776886488.3021028,1.0,-5.0,-48.0
1776886488.3121028,3.0,-5.0,-39.0
1776886488.3221028,2.0,-1.0,-36.0
1776886488.3321028,6.0,-2.0,-33.0
1776886488.3421028,5.0,-2.0,-31.0
1776886488.3521028,-1.0,-1.0,-33.0
1776886488.3621027,-8.0,0.0,-36.0
1776886488.3721027,-4.0,-4.0,-44.0
1776886488.3821027,0.0,-5.0,-45.0
1776886488.3921027,4.0,-3.0,-43.0
1776886488.4021027,2.0,-1.0,-46.0
1776886488.4121027,7.0,-4.0,-42.0
1776886488.4221027,9.0,-5.0,-37.0
1776886488.432103,6.0,-9.0,-32.0
1776886488.442103,2.0,-8.0,-36.0
1776886488.452103,-1.0,-6.0,-34.0
1776886488.462103,-4.0,-5.0,-37.0
1776886488.4721026,1.0,-6.0,-39.0
1776886488.4821026,3.0,-6.0,-45.0
1776886488.4921026,3.0,-8.0,-45.0
1776886488.5021029,2.0,0.0,-49.0
1776886488.5121028,2.0,0.0,-52.0
1776886488.5221028,2.0,2.0,-58.0
1776886488.5321028,5.0,4.0,-50.0
1776886488.5421028,2.0,4.0,-42.0
1776886488.5521028,-1.0,1.0,-40.0
1776886488.5621028,-3.0,0.0,-35.0
1776886488.5721028,-4.0,0.0,-35.0
1776886488.5821028,-3.0,-1.0,-28.0
1776886488.5921028,0.0,-2.0,-28.0
1776886488.6021028,-2.0,-2.0,-26.0
1776886488.6121027,-2.0,0.0,-31.0
1776886488.6221027,-6.0,0.0,-36.0
1776886488.6321027,-3.0,0.0,-31.0
1776886488.6421027,-5.0,0.0,-35.0
1776886488.6521027,-7.0,0.0,-39.0
1776886488.6621027,-12.0,-5.0,-41.0
1776886488.6721027,-10.0,-7.0,-39.0
1776886488.682103,-8.0,-5.0,-41.0
1776886488.692103,-4.0,-6.0,-38.0
1776886488.702103,2.0,-2.0,-48.0
1776886488.712103,3.0,0.0,-44.0
1776886488.7221026,4.0,-3.0,-33.0
1776886488.7321026,3.0,0.0,-34.0
1776886488.7421026,1.0,0.0,-38.0
1776886488.7521029,2.0,0.0,-40.0
1776886488.7621028,0.0,2.0,-41.0
1776886488.7721028,-1.0,4.0,-40.0
1776886488.7821028,-3.0,2.0,-35.0
1776886488.7921028,-5.0,1.0,-37.0
1776886488.8021028,-4.0,1.0,-39.0
1776886488.8121028,-8.0,0.0,-36.0
1776886488.8221028,-8.0,4.0,-37.0
1776886488.8321028,-1.0,5.0,-34.0
1776886488.8421028,0.0,5.0,-37.0
1776886488.8521028,1.0,2.0,-32.0
1776886488.8621027,-1.0,0.0,-34.0
1776886488.8721027,0.0,0.0,-40.0
1776886488.8821027,0.0,-2.0,-37.0
1776886488.8921027,0.0,-3.0,-38.0
1776886488.9021027,0.0,-3.0,-36.0
1776886488.9121027,0.0,-2.0,-42.0
1776886488.9221027,0.0,-1.0,-42.0
1776886488.932103,-2.0,-7.0,-38.0
1776886488.942103,-2.0,-9.0,-39.0
1776886488.952103,0.0,-4.0,-39.0
1776886488.962103,3.0,-3.0,-41.0
1776886488.9721026,-1.0,-5.0,-42.0
1776886488.9821026,-5.0,-6.0,-38.0
1776886488.9921026,-1.0,-5.0,-40.0
1776886489.0021029,4.0,-6.0,-41.0
1776886489.0121028,10.0,-5.0,-46.0
1776886489.0221028,10.0,-4.0,-45.0
1776886489.0331028,3.0,-5.0,-47.0
1776886489.0421028,0.0,-4.0,-47.0
1776886489.0531027,2.0,-4.0,-46.0
1776886489.0621028,2.0,-2.0,-42.0
1776886489.0731027,6.0,0.0,-43.0
1776886489.0831027,4.0,0.0,-50.0
1776886489.0931027,3.0,1.0,-46.0
1776886489.1031027,4.0,-2.0,-44.0
1776886489.113103,8.0,-3.0,-37.0
1776886489.123103,6.0,-2.0,-38.0
1776886489.133103,4.0,-1.0,-39.0
1776886489.1431026,2.0,-2.0,-30.0
1776886489.1531026,4.0,-1.0,-33.0
1776886489.1631026,3.0,-1.0,-35.0
1776886489.1731029,8.0,-4.0,-37.0
1776886489.1831028,7.0,-2.0,-44.0
1776886489.1931028,5.0,-3.0,-41.0
1776886489.2031028,-1.0,-1.0,-37.0
1776886489.2131028,-3.0,-3.0,-37.0
1776886489.2231028,-3.0,-5.0,-40.0
1776886489.2331028,-3.0,-1.0,-41.0
1776886489.2431028,0.0,-2.0,-38.0
1776886489.2531028,3.0,-1.0,-39.0
1776886489.2631028,3.0,0.0,-43.0
1776886489.2731028,1.0,-1.0,-39.0
1776886489.2831028,5.0,-1.0,-36.0
1776886489.2931027,4.0,-1.0,-42.0
1776886489.3031027,6.0,-4.0,-40.0
1776886489.3131027,7.0,-3.0,-33.0
1776886489.3231027,9.0,-5.0,-29.0
1776886489.3331027,3.0,-8.0,-27.0
1776886489.3431027,1.0,-4.0,-23.0
1776886489.3531027,2.0,-4.0,-28.0
1776886489.363103,4.0,-3.0,-37.0
1776886489.373103,2.0,-3.0,-37.0
1776886489.383103,-3.0,-1.0,-44.0
1776886489.3931026,0.0,-3.0,-45.0
1776886489.4031026,0.0,-7.0,-49.0
1776886489.4131026,0.0,-4.0,-48.0
1776886489.4231029,1.0,-4.0,-46.0
1776886489.4331028,5.0,-1.0,-44.0
1776886489.4431028,4.0,-3.0,-46.0
1776886489.4531028,4.0,-2.0,-40.0
1776886489.4631028,6.0,-2.0,-43.0
1776886489.4731028,4.0,0.0,-48.0
1776886489.4831028,-1.0,0.0,-51.0
1776886489.4931028,-2.0,3.0,-46.0
1776886489.5031028,0.0,1.0,-45.0
1776886489.5131028,0.0,2.0,-43.0
1776886489.5231028,0.0,0.0,-44.0
1776886489.5331028,-2.0,-1.0,-45.0
1776886489.5431027,-5.0,0.0,-46.0
1776886489.5531027,-2.0,2.0,-40.0
1776886489.5631027,0.0,2.0,-36.0
1776886489.5731027,2.0,-2.0,-31.0
1776886489.5831027,1.0,-2.0,-30.0
1776886489.5931027,4.0,-3.0,-31.0
1776886489.6031027,7.0,-5.0,-35.0
1776886489.613103,9.0,-5.0,-34.0
1776886489.623103,5.0,-5.0,-43.0
1776886489.633103,6.0,-2.0,-48.0
1776886489.6431026,8.0,-3.0,-45.0
1776886489.6531026,5.0,-5.0,-43.0
1776886489.6631026,1.0,-5.0,-37.0
1776886489.6731029,0.0,-1.0,-40.0
1776886489.6831028,-4.0,0.0,-37.0
1776886489.6931028,-2.0,-3.0,-27.0
1776886489.7031028,-1.0,-2.0,-29.0
1776886489.7131028,0.0,0.0,-41.0
1776886489.7231028,-3.0,-2.0,-43.0
1776886489.7331028,-2.0,-4.0,-40.0
1776886489.7431028,-5.0,-5.0,-37.0
1776886489.7531028,-5.0,-3.0,-37.0
1776886489.7631028,-4.0,-5.0,-33.0
1776886489.7731028,-2.0,-3.0,-30.0
1776886489.7831028,-3.0,-3.0,-35.0
1776886489.7931027,-1.0,-3.0,-42.0
1776886489.8031027,0.0,-2.0,-40.0
1776886489.8131027,-2.0,1.0,-48.0
1776886489.8231027,0.0,-3.0,-47.0
1776886489.8331027,-1.0,-7.0,-45.0
1776886489.8431027,-1.0,-5.0,-38.0
1776886489.8531027,0.0,-4.0,-41.0
1776886489.863103,0.0,-3.0,-43.0
1776886489.873103,2.0,0.0,-45.0
1776886489.883103,2.0,2.0,-42.0
1776886489.8931026,-1.0,0.0,-49.0
1776886489.9031026,-2.0,0.0,-44.0
1776886489.9131026,-3.0,2.0,-44.0
1776886489.9231029,0.0,1.0,-49.0
1776886489.9331028,1.0,2.0,-54.0
1776886489.9431028,3.0,4.0,-58.0
1776886489.9531028,0.0,0.0,-52.0
1776886489.9631028,1.0,1.0,-50.0
1776886489.9731028,3.0,5.0,-49.0
1776886489.9831028,2.0,3.0,-46.0
1776886489.9931028,4.0,-2.0,-39.0
1776886490.0031028,9.0,-1.0,-40.0
1776886490.0131028,6.0,-2.0,-39.0
1776886490.0231028,5.0,-3.0,-42.0
1776886490.0331028,4.0,-1.0,-40.0
1776886490.0431027,3.0,-2.0,-40.0
1776886490.0531027,4.0,-1.0,-36.0
1776886490.0631027,1.0,0.0,-34.0
1776886490.0731027,6.0,0.0,-40.0
1776886490.0831027,7.0,-4.0,-41.0
1776886490.0931027,7.0,-2.0,-40.0
1776886490.1031027,3.0,-2.0,-39.0
1776886490.113103,1.0,-2.0,-41.0
1776886490.123103,-2.0,1.0,-41.0
1776886490.133103,-1.0,-3.0,-38.0
1776886490.1431026,-3.0,2.0,-34.0
1776886490.1531026,-4.0,-3.0,-33.0
1776886490.1631026,0.0,-4.0,-34.0
1776886490.1731029,-1.0,-3.0,-39.0
1776886490.1831028,-3.0,-3.0,-39.0
1776886490.1931028,-1.0,-4.0,-46.0
1776886490.2031028,3.0,0.0,-50.0
1776886490.2131028,-1.0,2.0,-41.0
1776886490.2231028,2.0,5.0,-40.0
1776886490.2331028,6.0,1.0,-49.0
1776886490.2431028,6.0,1.0,-50.0
1776886490.2531028,7.0,1.0,-46.0
1776886490.2631028,2.0,3.0,-46.0
1776886490.2731028,0.0,-1.0,-44.0
1776886490.2831028,-1.0,0.0,-45.0
1776886490.2931027,-2.0,-3.0,-42.0
1776886490.3031027,-3.0,-1.0,-35.0
1776886490.3131027,-1.0,-1.0,-38.0
1776886490.3231027,1.0,-2.0,-36.0
1776886490.3331027,1.0,-2.0,-35.0
1776886490.3431027,0.0,-2.0,-38.0
1776886490.3531027,1.0,0.0,-32.0
1776886490.363103,0.0,-1.0,-31.0
1776886490.373103,-4.0,-2.0,-35.0
1776886490.383103,-5.0,-5.0,-37.0
1776886490.3931026,-7.0,-4.0,-34.0
1776886490.4031026,-5.0,-2.0,-37.0
1776886490.4131026,-5.0,-1.0,-42.0
1776886490.4231029,-5.0,-1.0,-45.0
1776886490.4331028,-6.0,-2.0,-33.0
1776886490.4431028,-4.0,-3.0,-28.0
1776886490.4531028,-4.0,-3.0,-32.0
1776886490.4631028,-1.0,0.0,-39.0
1776886490.4731028,0.0,-2.0,-42.0
1776886490.4831028,0.0,-3.0,-37.0
1776886490.4931028,-2.0,-1.0,-36.0
1776886490.5031028,0.0,5.0,-34.0
1776886490.5131028,0.0,7.0,-33.0
1776886490.5231028,0.0,3.0,-35.0
1776886490.5331028,0.0,6.0,-35.0
1776886490.5431027,0.0,4.0,-33.0
1776886490.5531027,0.0,5.0,-31.0
1776886490.5631027,6.0,6.0,-27.0
1776886490.5731027,9.0,6.0,-35.0
1776886490.5831027,8.0,4.0,-31.0
1776886490.5931027,7.0,1.0,-30.0
1776886490.6031027,7.0,-2.0,-40.0
1776886490.613103,5.0,0.0,-45.0
1776886490.623103,3.0,0.0,-41.0
1776886490.633103,0.0,2.0,-40.0
1776886490.6431026,0.0,1.0,-37.0
1776886490.6531026,0.0,1.0,-37.0
1776886490.6631026,-9.0,-1.0,-35.0
1776886490.6731029,-10.0,-3.0,-34.0
1776886490.6831028,-7.0,-5.0,-35.0
1776886490.6931028,-4.0,-2.0,-28.0
1776886490.7031028,-3.0,-2.0,-28.0
1776886490.7131028,-5.0,-4.0,-30.0
1776886490.7231028,-4.0,-7.0,-33.0
1776886490.7331028,-4.0,-10.0,-39.0
1776886490.7431028,-7.0,-10.0,-35.0
1776886490.7531028,-3.0,-6.0,-38.0
1776886490.7631028,-1.0,-5.0,-35.0
1776886490.7731028,-1.0,-3.0,-38.0
1776886490.7831028,-1.0,-2.0,-37.0
1776886490.7931027,-4.0,-3.0,-41.0
1776886490.8031027,0.0,-3.0,-37.0
1776886490.8131027,3.0,-7.0,-34.0
1776886490.8231027,2.0,-2.0,-36.0
1776886490.8331027,-2.0,0.0,-39.0
1776886490.8431027,-1.0,0.0,-43.0
1776886490.8531027,1.0,-4.0,-38.0
1776886490.863103,0.0,-1.0,-37.0
1776886490.873103,-5.0,0.0,-37.0
1776886490.883103,-5.0,0.0,-37.0
1776886490.8931026,-5.0,2.0,-44.0
1776886490.9031026,-4.0,5.0,-41.0
1776886490.9131026,-5.0,2.0,-41.0
1776886490.9231029,-3.0,3.0,-36.0
1776886490.9331028,2.0,1.0,-38.0
1776886490.9431028,4.0,0.0,-46.0
1776886490.9531028,3.0,0.0,-42.0
1776886490.9631028,0.0,1.0,-43.0
1776886490.9731028,-2.0,-3.0,-44.0
1776886490.9831028,-7.0,-1.0,-37.0
1776886490.9931028,-5.0,0.0,-37.0
1776886491.0031028,-5.0,2.0,-43.0
1776886491.0131028,-4.0,-3.0,-44.0
1776886491.0231028,-1.0,-5.0,-48.0
1776886491.034103,2.0,-5.0,-49.0
1776886491.0431027,-2.0,-5.0,-51.0
1776886491.0531027,-1.0,0.0,-51.0
1776886491.0631027,1.0,1.0,-50.0
1776886491.0741026,-6.0,5.0,-45.0
1776886491.0831027,-9.0,6.0,-34.0
1776886491.0941026,-8.0,5.0,-38.0
1776886491.1041028,-3.0,1.0,-41.0
1776886491.1141028,-2.0,-2.0,-41.0
1776886491.1241028,-1.0,-2.0,-38.0
1776886491.1341028,0.0,0.0,-30.0
1776886491.1431026,2.0,0.0,-36.0
1776886491.1541028,1.0,0.0,-38.0
1776886491.1641028,2.0,-1.0,-37.0
1776886491.1741028,6.0,0.0,-29.0
1776886491.1841028,11.0,-3.0,-29.0
1776886491.1941028,6.0,1.0,-35.0
1776886491.2041028,8.0,0.0,-42.0
1776886491.2141027,4.0,2.0,-45.0
1776886491.2241027,0.0,1.0,-43.0
1776886491.2341027,-2.0,-2.0,-42.0
1776886491.2441027,-1.0,-3.0,-46.0
1776886491.2541027,-3.0,-1.0,-47.0
1776886491.2641027,0.0,2.0,-48.0
1776886491.2741027,-3.0,-1.0,-50.0
1776886491.284103,0.0,-2.0,-43.0
1776886491.294103,1.0,-4.0,-43.0
1776886491.304103,3.0,-5.0,-35.0
1776886491.3141026,3.0,-7.0,-31.0
1776886491.3241026,2.0,-3.0,-29.0
1776886491.3341026,0.0,0.0,-30.0
1776886491.3441026,6.0,0.0,-29.0
1776886491.3541028,4.0,0.0,-32.0
1776886491.3641028,-1.0,0.0,-38.0
1776886491.3741028,0.0,2.0,-39.0
1776886491.3841028,0.0,0.0,-36.0
1776886491.3941028,1.0,-1.0,-38.0
1776886491.4041028,2.0,-7.0,-35.0
1776886491.4141028,2.0,-6.0,-34.0
1776886491.4241028,0.0,-5.0,-43.0
1776886491.4341028,0.0,-5.0,-48.0
1776886491.4441028,0.0,-4.0,-45.0
1776886491.4541028,7.0,-3.0,-44.0
1776886491.4641027,3.0,0.0,-38.0
1776886491.4741027,1.0,5.0,-34.0
1776886491.4841027,-2.0,-1.0,-30.0
1776886491.4941027,-5.0,-2.0,-27.0
1776886491.5041027,-5.0,-1.0,-22.0
1776886491.5141027,-7.0,-3.0,-28.0
1776886491.5241027,-4.0,-2.0,-34.0
1776886491.534103,1.0,-2.0,-35.0
1776886491.544103,0.0,-5.0,-36.0
1776886491.554103,-5.0,0.0,-46.0
1776886491.5641026,-4.0,3.0,-40.0
1776886491.5741026,-5.0,-2.0,-41.0
1776886491.5841026,-3.0,-2.0,-44.0
1776886491.5941026,0.0,-2.0,-49.0
1776886491.6041028,2.0,-1.0,-40.0
1776886491.6141028,-2.0,-3.0,-39.0
1776886491.6241028,-4.0,-7.0,-35.0
1776886491.6341028,0.0,-2.0,-34.0
1776886491.6441028,0.0,-2.0,-27.0
1776886491.6541028,-3.0,-2.0,-31.0
1776886491.6641028,-4.0,-3.0,-34.0
1776886491.6741028,-4.0,0.0,-36.0
1776886491.6841028,-6.0,-3.0,-36.0
1776886491.6941028,-8.0,-1.0,-35.0
1776886491.7041028,-10.0,-3.0,-30.0
1776886491.7141027,-9.0,-5.0,-29.0
1776886491.7241027,-8.0,-3.0,-34.0
1776886491.7341027,-10.0,-3.0,-39.0
1776886491.7441027,-9.0,0.0,-45.0
1776886491.7541027,-5.0,2.0,-44.0
1776886491.7641027,0.0,2.0,-36.0
1776886491.7741027,0.0,1.0,-30.0
1776886491.784103,-2.0,-3.0,-33.0
1776886491.794103,-1.0,-2.0,-38.0
1776886491.804103,2.0,-3.0,-40.0
1776886491.8141026,4.0,-4.0,-41.0
1776886491.8241026,3.0,-5.0,-43.0
1776886491.8341026,4.0,-5.0,-49.0
1776886491.8441026,0.0,-3.0,-46.0
1776886491.8541028,0.0,1.0,-42.0
1776886491.8641028,1.0,0.0,-30.0
1776886491.8741028,0.0,-5.0,-31.0
1776886491.8841028,-2.0,-3.0,-33.0
1776886491.8941028,-2.0,0.0,-39.0
1776886491.9041028,0.0,-4.0,-35.0
1776886491.9141028,-1.0,-5.0,-40.0
1776886491.9241028,-6.0,-4.0,-45.0
1776886491.9341028,-1.0,0.0,-43.0
1776886491.9441028,-4.0,2.0,-45.0
1776886491.9541028,-2.0,7.0,-44.0
1776886491.9641027,-1.0,2.0,-42.0
1776886491.9741027,0.0,-2.0,-39.0
1776886491.9841027,3.0,0.0,-38.0
1776886491.9941027,4.0,-4.0,-44.0
1776886492.0041027,2.0,-4.0,-43.0
1776886492.0141027,0.0,-4.0,-40.0
1776886492.0241027,0.0,-6.0,-43.0
1776886492.034103,2.0,0.0,-36.0
1776886492.044103,5.0,0.0,-29.0
1776886492.054103,7.0,-1.0,-28.0
1776886492.0641026,9.0,-1.0,-27.0
1776886492.0741026,5.0,-3.0,-41.0
1776886492.0841026,4.0,-2.0,-40.0
1776886492.0941026,6.0,0.0,-42.0
1776886492.1041028,3.0,0.0,-37.0
1776886492.1141028,3.0,-5.0,-35.0
1776886492.1241028,1.0,-7.0,-37.0
1776886492.1341028,1.0,-6.0,-36.0
1776886492.1441028,6.0,-8.0,-31.0
1776886492.1541028,9.0,-5.0,-38.0
1776886492.1641028,6.0,-6.0,-38.0
1776886492.1741028,6.0,-1.0,-39.0
1776886492.1851027,4.0,0.0,-41.0
1776886492.1941028,3.0,1.0,-41.0
1776886492.2041028,0.0,0.0,-40.0
1776886492.2141027,1.0,-1.0,-39.0
1776886492.2241027,1.0,1.0,-43.0
1776886492.2341027,0.0,0.0,-44.0
1776886492.2441027,2.0,0.0,-45.0
1776886492.2541027,7.0,1.0,-47.0
1776886492.2641027,5.0,3.0,-44.0
1776886492.2741027,8.0,3.0,-43.0
1776886492.284103,5.0,1.0,-41.0
1776886492.294103,1.0,-2.0,-41.0
1776886492.304103,0.0,3.0,-39.0
1776886492.3141026,-2.0,6.0,-38.0
1776886492.3241026,3.0,9.0,-39.0
1776886492.3341026,5.0,3.0,-43.0
1776886492.3441026,4.0,0.0,-36.0
1776886492.3541028,1.0,0.0,-29.0
1776886492.3641028,4.0,-1.0,-30.0
1776886492.3741028,4.0,3.0,-27.0
1776886492.3841028,1.0,0.0,-25.0
1776886492.3941028,1.0,-2.0,-31.0
1776886492.4041028,1.0,1.0,-36.0
1776886492.4141028,0.0,2.0,-39.0
1776886492.4241028,0.0,5.0,-41.0
1776886492.4341028,-3.0,2.0,-40.0
1776886492.4441028,0.0,0.0,-38.0
1776886492.4541028,-3.0,0.0,-38.0
1776886492.4641027,0.0,1.0,-40.0
1776886492.4741027,-2.0,4.0,-42.0
1776886492.4841027,-3.0,6.0,-47.0
1776886492.4941027,-1.0,0.0,-42.0
1776886492.5041027,-2.0,1.0,-38.0
1776886492.5141027,0.0,-1.0,-34.0
1776886492.5241027,8.0,0.0,-34.0
1776886492.534103,8.0,0.0,-29.0
1776886492.544103,6.0,0.0,-30.0
1776886492.554103,2.0,-2.0,-26.0
1776886492.5641026,6.0,-5.0,-33.0
1776886492.5741026,5.0,-3.0,-34.0
1776886492.5841026,2.0,-3.0,-34.0
1776886492.5941026,0.0,-3.0,-29.0
1776886492.6041028,-2.0,-2.0,-34.0
1776886492.6141028,-3.0,0.0,-40.0
1776886492.6241028,-5.0,-4.0,-42.0
1776886492.6341028,-1.0,-3.0,-43.0
1776886492.6441028,0.0,-1.0,-41.0
1776886492.6541028,0.0,-3.0,-42.0
1776886492.6641028,-1.0,-1.0,-40.0
1776886492.6741028,1.0,0.0,-36.0
1776886492.6841028,0.0,-2.0,-37.0
1776886492.6941028,-1.0,-4.0,-34.0
1776886492.7041028,0.0,-6.0,-37.0
1776886492.7141027,4.0,-4.0,-39.0
1776886492.7241027,-1.0,-5.0,-39.0
1776886492.7341027,-3.0,-3.0,-46.0
1776886492.7441027,-4.0,-5.0,-50.0
1776886492.7541027,-1.0,-9.0,-52.0
1776886492.7641027,-4.0,-6.0,-47.0
1776886492.7741027,-4.0,-4.0,-38.0
1776886492.784103,-3.0,-3.0,-34.0
1776886492.794103,1.0,1.0,-37.0
1776886492.804103,3.0,-1.0,-38.0
1776886492.8141026,4.0,-1.0,-38.0
1776886492.8241026,2.0,-2.0,-33.0
1776886492.8341026,1.0,-3.0,-30.0
1776886492.8441026,-2.0,-6.0,-38.0
1776886492.8541028,1.0,-1.0,-45.0
1776886492.8641028,2.0,0.0,-44.0
1776886492.8741028,0.0,-1.0,-38.0
1776886492.8841028,1.0,-5.0,-35.0
1776886492.8941028,0.0,-2.0,-30.0
1776886492.9041028,-5.0,-1.0,-26.0
1776886492.9141028,-2.0,0.0,-25.0
1776886492.9241028,5.0,2.0,-32.0
1776886492.9341028,0.0,1.0,-31.0
1776886492.9441028,0.0,-2.0,-37.0
1776886492.9541028,-5.0,-5.0,-38.0
1776886492.9641027,-6.0,-5.0,-36.0
1776886492.9741027,-9.0,-8.0,-35.0
1776886492.9841027,-11.0,-10.0,-31.0
1776886492.9941027,-5.0,-11.0,-33.0
1776886493.0041027,-1.0,-6.0,-35.0
1776886493.0141027,-2.0,-5.0,-38.0
1776886493.0241027,-1.0,-7.0,-29.0
1776886493.034103,0.0,-9.0,-32.0
1776886493.0451028,1.0,-6.0,-33.0
1776886493.054103,0.0,-6.0,-26.0
1776886493.0651028,2.0,-1.0,-28.0
1776886493.0751028,1.0,0.0,-30.0
1776886493.0851028,0.0,1.0,-28.0
1776886493.0951028,0.0,-1.0,-25.0
1776886493.1051028,0.0,0.0,-27.0
1776886493.1151028,0.0,-2.0,-29.0
1776886493.1251028,3.0,-5.0,-25.0
1776886493.1351027,-1.0,-7.0,-26.0
1776886493.1451027,-2.0,-1.0,-22.0
1776886493.1551027,1.0,0.0,-24.0
1776886493.1651027,5.0,1.0,-28.0
1776886493.1751027,8.0,1.0,-36.0
1776886493.1851027,7.0,5.0,-40.0
1776886493.1951027,7.0,-1.0,-44.0
1776886493.2051027,6.0,-4.0,-50.0
1776886493.215103,10.0,-7.0,-37.0
1776886493.225103,10.0,-4.0,-36.0
1776886493.235103,8.0,1.0,-33.0
1776886493.2451026,8.0,0.0,-32.0
1776886493.2551026,6.0,1.0,-36.0
1776886493.2651026,5.0,3.0,-41.0
1776886493.2751029,4.0,1.0,-36.0
1776886493.2851028,0.0,1.0,-34.0
1776886493.2951028,-1.0,-2.0,-26.0
1776886493.3051028,-1.0,-4.0,-30.0
1776886493.3151028,3.0,-4.0,-33.0
1776886493.3251028,0.0,0.0,-32.0
1776886493.3351028,0.0,-2.0,-35.0
1776886493.3451028,3.0,1.0,-25.0
1776886493.3551028,5.0,-1.0,-29.0
1776886493.3651028,6.0,-3.0,-34.0
1776886493.3751028,7.0,-1.0,-39.0
1776886493.3851027,6.0,0.0,-36.0
1776886493.3951027,4.0,0.0,-38.0
1776886493.4051027,4.0,-4.0,-38.0
1776886493.4151027,1.0,-6.0,-39.0
1776886493.4251027,1.0,-6.0,-44.0
1776886493.4351027,3.0,-5.0,-47.0
1776886493.4451027,5.0,-5.0,-45.0
1776886493.4551027,8.0,-1.0,-42.0
1776886493.465103,9.0,0.0,-42.0
1776886493.475103,5.0,-1.0,-42.0
1776886493.485103,6.0,-5.0,-43.0
1776886493.4951026,4.0,-3.0,-42.0
1776886493.5051026,6.0,-4.0,-35.0
1776886493.5151026,4.0,-3.0,-33.0
1776886493.5251029,0.0,-3.0,-26.0
1776886493.5351028,3.0,-2.0,-27.0
1776886493.5451028,5.0,-2.0,-28.0
1776886493.5551028,3.0,-3.0,-33.0
1776886493.5651028,1.0,0.0,-37.0
1776886493.5751028,5.0,-1.0,-38.0
1776886493.5851028,9.0,-3.0,-45.0
1776886493.5951028,7.0,-6.0,-48.0
1776886493.6051028,8.0,-3.0,-41.0
1776886493.6151028,8.0,-6.0,-41.0
1776886493.6251028,8.0,-9.0,-43.0
1776886493.6351027,7.0,-8.0,-45.0
1776886493.6451027,3.0,-8.0,-42.0
1776886493.6551027,4.0,-9.0,-43.0
1776886493.6651027,9.0,-11.0,-45.0
1776886493.6751027,9.0,-11.0,-47.0
1776886493.6851027,11.0,-13.0,-47.0
1776886493.6951027,11.0,-13.0,-45.0
1776886493.7051027,7.0,-11.0,-43.0
1776886493.715103,4.0,-10.0,-47.0
1776886493.725103,3.0,-8.0,-48.0
1776886493.735103,6.0,-7.0,-41.0
1776886493.7451026,2.0,-6.0,-44.0
1776886493.7551026,6.0,-5.0,-45.0
1776886493.7651026,1.0,-4.0,-37.0
1776886493.7751029,4.0,-3.0,-40.0
1776886493.7851028,6.0,-2.0,-39.0
1776886493.7951028,3.0,0.0,-41.0
1776886493.8051028,0.0,2.0,-43.0
1776886493.8151028,-2.0,5.0,-46.0
1776886493.8251028,3.0,0.0,-39.0
1776886493.8351028,-5.0,-2.0,-33.0
1776886493.8451028,-7.0,2.0,-36.0
1776886493.8551028,-4.0,3.0,-34.0
1776886493.8651028,-2.0,3.0,-28.0
1776886493.8751028,-2.0,5.0,-27.0
1776886493.8851027,0.0,7.0,-25.0
1776886493.8951027,2.0,5.0,-17.0
1776886493.9051027,0.0,5.0,-21.0
1776886493.9151027,0.0,4.0,-18.0
1776886493.9251027,1.0,4.0,-23.0
1776886493.9351027,3.0,2.0,-25.0
1776886493.9451027,0.0,0.0,-24.0
1776886493.9551027,-2.0,2.0,-27.0
1776886493.965103,-1.0,7.0,-37.0
1776886493.975103,-6.0,5.0,-36.0
1776886493.985103,-5.0,3.0,-35.0
1776886493.9951026,-1.0,4.0,-38.0
1776886494.0051026,-1.0,3.0,-36.0
1776886494.0151026,-1.0,3.0,-33.0
1776886494.0251029,2.0,3.0,-35.0
1776886494.0351028,1.0,2.0,-37.0
1776886494.0451028,0.0,1.0,-31.0
1776886494.0551028,7.0,1.0,-31.0
1776886494.0651028,9.0,-2.0,-32.0
1776886494.0751028,7.0,0.0,-38.0
1776886494.0851028,4.0,0.0,-45.0
1776886494.0951028,0.0,0.0,-44.0
1776886494.1051028,-3.0,0.0,-44.0
1776886494.1151028,0.0,-2.0,-39.0
1776886494.1251028,-1.0,-4.0,-39.0
1776886494.1351027,1.0,-3.0,-37.0
1776886494.1451027,3.0,-4.0,-45.0
1776886494.1551027,0.0,0.0,-45.0
1776886494.1651027,3.0,2.0,-46.0
1776886494.1751027,0.0,1.0,-39.0
1776886494.1851027,1.0,2.0,-33.0
1776886494.1951027,3.0,5.0,-33.0
1776886494.2051027,2.0,-1.0,-35.0
1776886494.215103,4.0,0.0,-35.0
1776886494.225103,1.0,5.0,-39.0
1776886494.235103,1.0,4.0,-35.0
1776886494.2451026,5.0,1.0,-40.0
1776886494.2551026,4.0,1.0,-45.0
1776886494.2651026,1.0,0.0,-43.0
1776886494.2751029,0.0,4.0,-42.0
1776886494.2851028,1.0,4.0,-42.0
1776886494.2951028,0.0,4.0,-42.0
1776886494.3051028,1.0,5.0,-41.0
1776886494.3151028,-1.0,8.0,-43.0
1776886494.3251028,1.0,4.0,-46.0
1776886494.3351028,8.0,0.0,-42.0
1776886494.3451028,4.0,0.0,-30.0
1776886494.3551028,7.0,2.0,-23.0
1776886494.3651028,6.0,2.0,-26.0
1776886494.3751028,8.0,5.0,-30.0
1776886494.3851027,5.0,3.0,-30.0
1776886494.3951027,3.0,0.0,-32.0
1776886494.4051027,-1.0,0.0,-41.0
1776886494.4151027,0.0,0.0,-42.0
1776886494.4251027,-1.0,2.0,-39.0
1776886494.4351027,-1.0,-1.0,-46.0
1776886494.4451027,1.0,-2.0,-40.0
1776886494.4551027,3.0,-3.0,-42.0
1776886494.465103,0.0,-4.0,-41.0
1776886494.475103,2.0,-3.0,-38.0
1776886494.485103,3.0,-2.0,-34.0
1776886494.4951026,1.0,-2.0,-32.0
1776886494.5051026,-1.0,1.0,-43.0
1776886494.5151026,1.0,-2.0,-50.0
1776886494.5251029,-4.0,-3.0,-51.0
1776886494.5351028,-8.0,1.0,-52.0
1776886494.5451028,-1.0,2.0,-50.0
1776886494.5551028,0.0,3.0,-50.0
1776886494.5651028,-3.0,4.0,-43.0
1776886494.5751028,-1.0,0.0,-45.0
1776886494.5851028,3.0,-3.0,-41.0
1776886494.5951028,4.0,-4.0,-34.0
1776886494.6051028,0.0,-5.0,-41.0
1776886494.6151028,0.0,-1.0,-45.0
1776886494.6251028,1.0,-4.0,-46.0
1776886494.6351027,0.0,-2.0,-37.0
1776886494.6451027,-3.0,-1.0,-33.0
1776886494.6551027,-2.0,-4.0,-30.0
1776886494.6651027,2.0,-3.0,-28.0
1776886494.6751027,4.0,-2.0,-30.0
1776886494.6851027,7.0,-1.0,-37.0
1776886494.6951027,4.0,0.0,-41.0
1776886494.7051027,3.0,2.0,-39.0
1776886494.715103,-1.0,2.0,-40.0
1776886494.725103,-1.0,1.0,-36.0
1776886494.735103,-2.0,0.0,-27.0
1776886494.7451026,1.0,1.0,-27.0
1776886494.7551026,-1.0,6.0,-34.0
1776886494.7651026,4.0,5.0,-32.0
1776886494.7751029,0.0,6.0,-29.0
1776886494.7851028,0.0,2.0,-29.0
1776886494.7951028,1.0,1.0,-28.0
1776886494.8051028,4.0,5.0,-24.0
1776886494.8151028,3.0,6.0,-28.0
1776886494.8251028,-3.0,1.0,-24.0
1776886494.8351028,-2.0,-3.0,-29.0
1776886494.8451028,1.0,-3.0,-37.0
1776886494.8551028,2.0,-3.0,-38.0
1776886494.8651028,0.0,-7.0,-35.0
1776886494.8751028,-1.0,0.0,-32.0
1776886494.8851027,0.0,-1.0,-29.0
1776886494.8951027,0.0,-3.0,-29.0
1776886494.9051027,0.0,-3.0,-35.0
1776886494.9151027,-2.0,-3.0,-34.0
1776886494.9251027,-5.0,-4.0,-34.0
1776886494.9351027,-6.0,-4.0,-37.0
1776886494.9451027,-3.0,-1.0,-38.0
1776886494.9551027,-7.0,0.0,-46.0
1776886494.965103,-8.0,-1.0,-46.0
1776886494.975103,-3.0,-5.0,-48.0
1776886494.985103,-5.0,-6.0,-48.0
1776886494.9951026,-8.0,-7.0,-53.0
1776886495.0051026,-10.0,-4.0,-58.0
1776886495.0161028,-7.0,-7.0,-54.0
1776886495.0261028,-2.0,-7.0,-46.0
1776886495.0361028,0.0,-7.0,-43.0
1776886495.0451028,-3.0,-8.0,-50.0
1776886495.0561028,-3.0,-3.0,-50.0
1776886495.0661027,1.0,-3.0,-45.0
1776886495.0761027,4.0,-4.0,-42.0
1776886495.0861027,3.0,-5.0,-48.0
1776886495.0961027,4.0,-7.0,-46.0
1776886495.1061027,0.0,-3.0,-40.0
1776886495.1161027,-3.0,-2.0,-37.0
1776886495.1261027,0.0,-5.0,-35.0
1776886495.136103,-1.0,-5.0,-35.0
1776886495.146103,-3.0,-4.0,-39.0
1776886495.156103,1.0,0.0,-34.0
1776886495.1661026,1.0,3.0,-30.0
1776886495.1761026,3.0,1.0,-31.0
1776886495.1861026,5.0,3.0,-34.0
1776886495.1961029,3.0,0.0,-31.0
1776886495.2061028,3.0,0.0,-30.0
1776886495.2161028,3.0,-6.0,-34.0
1776886495.2261028,4.0,-9.0,-36.0
1776886495.2361028,3.0,-8.0,-36.0
1776886495.2461028,-1.0,-6.0,-34.0
1776886495.2561028,0.0,-2.0,-33.0
1776886495.2661028,0.0,-3.0,-39.0
1776886495.2761028,0.0,-2.0,-42.0
1776886495.2861028,1.0,3.0,-51.0
1776886495.2961028,4.0,3.0,-46.0
1776886495.3061028,4.0,-4.0,-46.0
1776886495.3161027,0.0,-1.0,-49.0
1776886495.3261027,2.0,-1.0,-46.0
1776886495.3361027,-3.0,-7.0,-43.0
1776886495.3461027,-4.0,-8.0,-48.0
1776886495.3561027,-6.0,-2.0,-45.0
1776886495.3661027,-6.0,1.0,-46.0
1776886495.3761027,-4.0,-3.0,-49.0
1776886495.386103,0.0,-4.0,-49.0
1776886495.396103,3.0,-5.0,-48.0
1776886495.406103,0.0,-7.0,-49.0
1776886495.4161026,-1.0,-5.0,-41.0
1776886495.4261026,0.0,-9.0,-42.0
1776886495.4361026,-3.0,-8.0,-41.0
1776886495.4461029,-1.0,-4.0,-44.0
1776886495.4561028,2.0,-2.0,-46.0
1776886495.4661028,0.0,-3.0,-45.0
1776886495.4761028,-2.0,-1.0,-46.0
1776886495.4861028,1.0,-4.0,-42.0
1776886495.4961028,2.0,-3.0,-39.0
1776886495.5061028,0.0,-7.0,-36.0
1776886495.5161028,-2.0,-9.0,-27.0
1776886495.5261028,0.0,-7.0,-32.0
1776886495.5361028,0.0,-6.0,-34.0
1776886495.5461028,-1.0,-7.0,-38.0
1776886495.5561028,-6.0,-9.0,-40.0
1776886495.5661027,-7.0,-3.0,-41.0
1776886495.5761027,-3.0,-2.0,-43.0
1776886495.5861027,-4.0,0.0,-34.0
1776886495.5961027,-4.0,-2.0,-31.0
1776886495.6061027,-1.0,-1.0,-32.0
1776886495.6161027,-1.0,-4.0,-30.0
1776886495.6261027,3.0,-6.0,-31.0
1776886495.636103,5.0,-6.0,-31.0
1776886495.646103,9.0,-5.0,-30.0
1776886495.656103,11.0,-10.0,-31.0
1776886495.6661026,11.0,-8.0,-28.0
1776886495.6761026,9.0,-5.0,-29.0
1776886495.6861026,6.0,-4.0,-27.0
1776886495.6961029,3.0,-5.0,-30.0
1776886495.7061028,-1.0,-3.0,-32.0
1776886495.7161028,0.0,0.0,-34.0
1776886495.7261028,-3.0,6.0,-35.0
1776886495.7361028,-6.0,5.0,-34.0
1776886495.7461028,-8.0,5.0,-41.0
1776886495.7561028,-6.0,3.0,-44.0
1776886495.7661028,-4.0,4.0,-46.0
1776886495.7761028,-3.0,7.0,-44.0
1776886495.7861028,-2.0,8.0,-46.0
1776886495.7961028,-3.0,8.0,-51.0
1776886495.8061028,-4.0,4.0,-44.0
1776886495.8161027,-1.0,3.0,-47.0
1776886495.8261027,1.0,-1.0,-40.0
1776886495.8361027,3.0,-4.0,-41.0
1776886495.8461027,-1.0,-3.0,-40.0
1776886495.8561027,-2.0,-3.0,-51.0
1776886495.8661027,0.0,0.0,-54.0
1776886495.8761027,-2.0,-2.0,-49.0
1776886495.886103,-1.0,-5.0,-40.0
1776886495.896103,2.0,-2.0,-33.0
1776886495.906103,-2.0,-4.0,-36.0
1776886495.9161026,-2.0,-1.0,-34.0
1776886495.9261026,-1.0,0.0,-36.0
1776886495.9361026,0.0,-5.0,-33.0
1776886495.9461029,3.0,-1.0,-33.0
1776886495.9561028,4.0,-2.0,-34.0
1776886495.9661028,2.0,1.0,-34.0
1776886495.9761028,1.0,4.0,-35.0
1776886495.9861028,3.0,0.0,-33.0
1776886495.9961028,3.0,1.0,-39.0
1776886496.0061028,1.0,0.0,-39.0
1776886496.0161028,0.0,1.0,-41.0
1776886496.0261028,-1.0,3.0,-44.0
1776886496.0361028,-1.0,7.0,-43.0
1776886496.0461028,0.0,4.0,-43.0
1776886496.0561028,4.0,1.0,-36.0
1776886496.0661027,7.0,-3.0,-36.0
1776886496.0761027,4.0,-3.0,-42.0
1776886496.0861027,4.0,-1.0,-42.0
1776886496.0961027,3.0,1.0,-37.0
1776886496.1061027,1.0,0.0,-34.0
1776886496.1161027,0.0,0.0,-34.0
1776886496.1261027,0.0,0.0,-38.0
1776886496.136103,0.0,2.0,-37.0
1776886496.146103,0.0,0.0,-39.0
1776886496.156103,-1.0,2.0,-39.0
1776886496.1661026,0.0,2.0,-44.0
1776886496.1761026,-5.0,4.0,-44.0
1776886496.1861026,-6.0,1.0,-35.0
1776886496.1961029,-2.0,0.0,-36.0
1776886496.2061028,0.0,2.0,-35.0
1776886496.2161028,-3.0,0.0,-38.0
1776886496.2261028,0.0,-4.0,-37.0
1776886496.2361028,3.0,-4.0,-29.0
1776886496.2461028,5.0,-3.0,-30.0
1776886496.2561028,8.0,-5.0,-35.0
1776886496.2661028,9.0,-8.0,-39.0
1776886496.2761028,8.0,-6.0,-37.0
1776886496.2861028,7.0,-5.0,-31.0
1776886496.2961028,10.0,-4.0,-33.0
1776886496.3061028,9.0,-5.0,-32.0
1776886496.3161027,4.0,-7.0,-33.0
1776886496.3261027,4.0,-5.0,-34.0
1776886496.3361027,1.0,-1.0,-41.0
1776886496.3461027,4.0,-1.0,-48.0
1776886496.3561027,-1.0,-1.0,-39.0
1776886496.3661027,7.0,-1.0,-41.0
1776886496.3761027,9.0,-2.0,-34.0
1776886496.386103,7.0,0.0,-26.0
1776886496.396103,5.0,0.0,-18.0
1776886496.406103,1.0,2.0,-20.0
1776886496.4161026,-1.0,0.0,-22.0
1776886496.4261026,-2.0,3.0,-25.0
1776886496.4361026,0.0,1.0,-32.0
1776886496.4461029,2.0,0.0,-29.0
1776886496.4561028,-1.0,0.0,-31.0
1776886496.4661028,-1.0,0.0,-33.0
1776886496.4761028,-2.0,2.0,-31.0
1776886496.4861028,3.0,1.0,-32.0
1776886496.4961028,2.0,3.0,-36.0
1776886496.5061028,0.0,1.0,-44.0
1776886496.5161028,1.0,1.0,-45.0
1776886496.5261028,1.0,2.0,-44.0
1776886496.5361028,2.0,2.0,-44.0
1776886496.5461028,4.0,2.0,-41.0
1776886496.5561028,4.0,1.0,-40.0
1776886496.5661027,6.0,0.0,-36.0
1776886496.5761027,4.0,-5.0,-32.0
1776886496.5861027,6.0,-1.0,-31.0
1776886496.5961027,3.0,0.0,-30.0
1776886496.6061027,0.0,-2.0,-29.0
1776886496.6161027,-5.0,-1.0,-32.0
1776886496.6261027,-3.0,-2.0,-40.0
1776886496.636103,-1.0,-5.0,-41.0
1776886496.646103,0.0,-4.0,-45.0
1776886496.656103,-6.0,-3.0,-40.0
1776886496.6661026,-3.0,-2.0,-34.0
1776886496.6761026,-5.0,-1.0,-35.0
1776886496.6861026,-5.0,-1.0,-31.0
1776886496.6961029,0.0,-2.0,-33.0
1776886496.7061028,-2.0,0.0,-38.0
1776886496.7161028,-1.0,1.0,-37.0
1776886496.7261028,0.0,1.0,-31.0
1776886496.7361028,1.0,1.0,-35.0
1776886496.7461028,3.0,0.0,-38.0
1776886496.7561028,0.0,-4.0,-37.0
1776886496.7661028,0.0,-2.0,-39.0
1776886496.7761028,-1.0,-4.0,-39.0
1776886496.7861028,-4.0,-2.0,-38.0
1776886496.7961028,-1.0,-5.0,-33.0
1776886496.8061028,4.0,-6.0,-29.0
1776886496.8161027,7.0,-3.0,-32.0
1776886496.8261027,10.0,-6.0,-39.0
1776886496.8361027,5.0,-6.0,-45.0
1776886496.8461027,4.0,-7.0,-41.0
1776886496.8561027,8.0,-7.0,-41.0
1776886496.8661027,4.0,-8.0,-41.0
1776886496.8761027,6.0,-9.0,-30.0
1776886496.886103,2.0,-10.0,-37.0
1776886496.896103,1.0,-6.0,-38.0
1776886496.906103,2.0,-2.0,-45.0
1776886496.9161026,3.0,-4.0,-48.0
1776886496.9261026,2.0,-3.0,-48.0
1776886496.9361026,3.0,0.0,-42.0
1776886496.9461029,1.0,2.0,-42.0
1776886496.9561028,2.0,5.0,-34.0
1776886496.9661028,3.0,4.0,-40.0
1776886496.9761028,0.0,6.0,-39.0
1776886496.9861028,-4.0,9.0,-42.0
1776886496.9961028,-4.0,5.0,-44.0
1776886497.0061028,-2.0,1.0,-37.0
1776886497.0171027,-5.0,0.0,-43.0
1776886497.0271027,-4.0,0.0,-41.0
1776886497.0371027,0.0,1.0,-41.0
1776886497.0471027,-6.0,-2.0,-43.0
1776886497.057103,-7.0,-6.0,-40.0
1776886497.067103,-8.0,-6.0,-38.0
1776886497.077103,-4.0,-4.0,-37.0
1776886497.087103,-2.0,-1.0,-31.0
1776886497.0971026,-6.0,0.0,-36.0
1776886497.1071026,-5.0,-2.0,-41.0
1776886497.1171026,-4.0,-4.0,-38.0
1776886497.1271029,-1.0,2.0,-38.0
1776886497.1371028,6.0,1.0,-40.0
1776886497.1471028,7.0,0.0,-44.0
1776886497.1571028,4.0,0.0,-37.0
1776886497.1671028,-2.0,-2.0,-40.0
1776886497.1771028,0.0,-1.0,-31.0
1776886497.1871028,0.0,0.0,-34.0
1776886497.1971028,1.0,1.0,-38.0
1776886497.2071028,3.0,1.0,-33.0
1776886497.2171028,5.0,0.0,-35.0
1776886497.2271028,4.0,1.0,-36.0
1776886497.2371027,1.0,0.0,-32.0
1776886497.2471027,1.0,1.0,-30.0
1776886497.2571027,0.0,2.0,-33.0
1776886497.2671027,-3.0,-2.0,-36.0
1776886497.2771027,-1.0,-5.0,-41.0
1776886497.2871027,6.0,-2.0,-42.0
1776886497.2971027,7.0,0.0,-40.0
1776886497.307103,4.0,2.0,-41.0
1776886497.317103,-1.0,0.0,-49.0
1776886497.327103,0.0,-3.0,-40.0
1776886497.337103,0.0,-5.0,-37.0
1776886497.3471026,0.0,0.0,-43.0
1776886497.3571026,0.0,0.0,-47.0
1776886497.3671026,-2.0,0.0,-52.0
1776886497.3771029,-2.0,-3.0,-50.0
1776886497.3871028,-1.0,-3.0,-50.0
1776886497.3971028,0.0,-5.0,-48.0
1776886497.4071028,-2.0,-6.0,-49.0
1776886497.4171028,-1.0,-9.0,-47.0
1776886497.4271028,0.0,-7.0,-48.0
1776886497.4371028,-1.0,-11.0,-43.0
1776886497.4471028,-2.0,-11.0,-39.0
1776886497.4571028,1.0,-12.0,-40.0
1776886497.4671028,4.0,-12.0,-41.0
1776886497.4771028,9.0,-11.0,-42.0
1776886497.4871027,5.0,-10.0,-39.0
1776886497.4971027,5.0,-13.0,-38.0
1776886497.5071027,3.0,-14.0,-32.0
1776886497.5171027,2.0,-9.0,-33.0
1776886497.5271027,1.0,-8.0,-34.0
1776886497.5371027,2.0,-7.0,-40.0
1776886497.5471027,5.0,-4.0,-42.0
1776886497.557103,7.0,-5.0,-43.0
1776886497.567103,6.0,-6.0,-52.0
1776886497.577103,2.0,-2.0,-52.0
1776886497.587103,0.0,-6.0,-53.0
1776886497.5971026,1.0,0.0,-53.0
1776886497.6071026,5.0,3.0,-48.0
1776886497.6171026,5.0,0.0,-46.0
1776886497.6271029,0.0,-2.0,-44.0
1776886497.6371028,0.0,-1.0,-44.0
1776886497.6471028,3.0,0.0,-47.0
1776886497.6571028,1.0,0.0,-42.0
1776886497.6671028,0.0,0.0,-42.0
1776886497.6771028,1.0,0.0,-44.0
1776886497.6871028,2.0,0.0,-44.0
1776886497.6971028,-1.0,3.0,-43.0
1776886497.7071028,-1.0,0.0,-40.0
1776886497.7171028,4.0,0.0,-40.0
1776886497.7271028,3.0,-4.0,-35.0
1776886497.7371027,4.0,0.0,-44.0
1776886497.7471027,3.0,0.0,-40.0
1776886497.7571027,5.0,0.0,-42.0
1776886497.7671027,6.0,3.0,-42.0
1776886497.7771027,4.0,3.0,-44.0
1776886497.7871027,4.0,3.0,-43.0
1776886497.7971027,5.0,3.0,-41.0
1776886497.807103,6.0,2.0,-43.0
1776886497.817103,4.0,2.0,-43.0
1776886497.827103,5.0,-2.0,-31.0
1776886497.837103,3.0,-5.0,-30.0
1776886497.8471026,1.0,0.0,-32.0
1776886497.8571026,0.0,2.0,-28.0
1776886497.8671026,-5.0,-1.0,-36.0
1776886497.8771029,-6.0,0.0,-38.0
1776886497.8871028,-1.0,0.0,-41.0
1776886497.8971028,-5.0,-1.0,-38.0
1776886497.9071028,-8.0,-1.0,-37.0
1776886497.9171028,-7.0,-2.0,-44.0
1776886497.9271028,-1.0,0.0,-49.0
1776886497.9371028,3.0,0.0,-48.0
1776886497.9471028,3.0,0.0,-50.0
1776886497.9571028,4.0,2.0,-49.0
1776886497.9671028,2.0,2.0,-53.0
1776886497.9771028,2.0,6.0,-49.0
1776886497.9871027,1.0,5.0,-46.0
1776886497.9971027,3.0,3.0,-44.0
1776886498.0071027,1.0,1.0,-42.0
1776886498.0171027,0.0,0.0,-45.0
1776886498.0271027,-2.0,2.0,-47.0
1776886498.0371027,-3.0,1.0,-47.0
1776886498.0471027,0.0,0.0,-42.0
1776886498.057103,-6.0,-5.0,-37.0
1776886498.067103,-6.0,-5.0,-38.0
1776886498.077103,-4.0,-1.0,-43.0
1776886498.087103,-1.0,-1.0,-41.0
1776886498.0971026,0.0,-3.0,-47.0
1776886498.1071026,0.0,-5.0,-45.0
1776886498.1171026,-1.0,-6.0,-49.0
1776886498.1271029,3.0,-3.0,-44.0
1776886498.1371028,4.0,-9.0,-38.0
1776886498.1471028,1.0,-5.0,-41.0
1776886498.1571028,2.0,-4.0,-39.0
1776886498.1671028,-1.0,-7.0,-35.0
1776886498.1771028,-4.0,-6.0,-34.0
1776886498.1871028,1.0,-10.0,-33.0
1776886498.1971028,1.0,-10.0,-31.0
1776886498.2071028,6.0,-7.0,-25.0
1776886498.2171028,7.0,-9.0,-29.0
1776886498.2271028,7.0,-7.0,-34.0
1776886498.2371027,5.0,-1.0,-35.0
1776886498.2471027,3.0,6.0,-42.0
1776886498.2571027,1.0,5.0,-37.0
1776886498.2671027,1.0,1.0,-37.0
1776886498.2771027,-1.0,0.0,-38.0
1776886498.2871027,-4.0,0.0,-39.0
1776886498.2971027,-3.0,3.0,-45.0
1776886498.307103,1.0,1.0,-52.0
1776886498.317103,1.0,0.0,-41.0
1776886498.327103,1.0,0.0,-35.0
1776886498.337103,-1.0,0.0,-36.0
1776886498.3471026,-4.0,0.0,-36.0
1776886498.3571026,-5.0,0.0,-36.0
1776886498.3671026,-5.0,-1.0,-23.0
1776886498.3771029,-7.0,0.0,-22.0
1776886498.3871028,-3.0,-1.0,-30.0
1776886498.3971028,-5.0,0.0,-27.0
1776886498.4071028,-1.0,0.0,-28.0
1776886498.4171028,1.0,-1.0,-25.0
1776886498.4271028,0.0,0.0,-30.0
1776886498.4371028,1.0,0.0,-32.0
1776886498.4471028,1.0,4.0,-32.0
1776886498.4571028,-2.0,2.0,-36.0
1776886498.4671028,-3.0,2.0,-26.0
1776886498.4771028,1.0,-1.0,-29.0
1776886498.4871027,2.0,0.0,-35.0
1776886498.4971027,-1.0,-2.0,-39.0
1776886498.5071027,-6.0,-4.0,-47.0
1776886498.5171027,-7.0,-4.0,-53.0
1776886498.5271027,-7.0,-3.0,-51.0
1776886498.5371027,-7.0,4.0,-56.0
1776886498.5471027,-6.0,7.0,-52.0
1776886498.557103,-9.0,4.0,-44.0
1776886498.567103,-11.0,5.0,-38.0
1776886498.577103,-6.0,3.0,-41.0
1776886498.587103,0.0,2.0,-45.0
1776886498.5971026,2.0,4.0,-42.0
1776886498.6071026,6.0,6.0,-36.0
1776886498.6171026,2.0,5.0,-40.0
1776886498.6271029,-1.0,1.0,-39.0
1776886498.6371028,-4.0,2.0,-36.0
1776886498.6471028,-4.0,-1.0,-39.0
1776886498.6571028,-2.0,0.0,-40.0
1776886498.6671028,-3.0,1.0,-35.0
1776886498.6771028,-2.0,1.0,-34.0
1776886498.6871028,0.0,1.0,-36.0
1776886498.6971028,-1.0,1.0,-34.0
1776886498.7071028,-3.0,4.0,-39.0
1776886498.7171028,-2.0,5.0,-43.0
1776886498.7271028,-4.0,2.0,-45.0
1776886498.7371027,0.0,-1.0,-55.0
1776886498.7471027,0.0,-2.0,-45.0
1776886498.7571027,4.0,0.0,-41.0
1776886498.7671027,5.0,0.0,-37.0
1776886498.7771027,0.0,0.0,-47.0
1776886498.7871027,0.0,1.0,-46.0
1776886498.7971027,1.0,-1.0,-47.0
1776886498.807103,1.0,0.0,-46.0
1776886498.817103,1.0,3.0,-44.0
1776886498.827103,1.0,-1.0,-38.0
1776886498.837103,0.0,0.0,-27.0
1776886498.8471026,-2.0,-1.0,-25.0
1776886498.8571026,-4.0,-2.0,-35.0
1776886498.8671026,-2.0,-3.0,-40.0
1776886498.8771029,1.0,-2.0,-44.0
1776886498.8871028,-3.0,-2.0,-47.0
1776886498.8971028,-2.0,-2.0,-49.0
1776886498.9071028,-1.0,0.0,-45.0
1776886498.9171028,2.0,0.0,-42.0
1776886498.9271028,4.0,1.0,-47.0
1776886498.9371028,6.0,0.0,-45.0
1776886498.9471028,2.0,1.0,-43.0
1776886498.9571028,-4.0,0.0,-43.0
1776886498.9671028,-2.0,-2.0,-38.0
1776886498.9771028,-4.0,-3.0,-34.0
1776886498.9871027,-2.0,-5.0,-35.0
1776886498.9971027,3.0,-2.0,-33.0
1776886499.008103,2.0,-5.0,-31.0
1776886499.0171027,0.0,-4.0,-25.0
1776886499.0271027,0.0,-6.0,-27.0
1776886499.0381026,0.0,-6.0,-29.0
1776886499.0481029,4.0,-7.0,-33.0
1776886499.0581028,2.0,-5.0,-35.0
1776886499.0681028,0.0,-3.0,-40.0
1776886499.0781028,-2.0,-3.0,-40.0
1776886499.0881028,0.0,-4.0,-38.0
1776886499.0981028,-2.0,-2.0,-49.0
1776886499.1081028,-1.0,1.0,-50.0
1776886499.1181028,0.0,0.0,-49.0
1776886499.1281028,-1.0,0.0,-46.0
1776886499.1381028,-2.0,-2.0,-49.0
1776886499.1481028,-3.0,-4.0,-52.0
1776886499.1581028,-3.0,-5.0,-53.0
1776886499.1681027,-4.0,-4.0,-53.0
1776886499.1781027,-2.0,-2.0,-44.0
1776886499.1881027,0.0,0.0,-40.0
1776886499.1981027,0.0,0.0,-38.0
1776886499.2081027,-3.0,1.0,-41.0
1776886499.2181027,-3.0,3.0,-43.0
1776886499.2281027,0.0,2.0,-41.0
1776886499.238103,-3.0,-1.0,-37.0
1776886499.248103,0.0,-4.0,-35.0
1776886499.258103,0.0,-1.0,-32.0
1776886499.2681026,0.0,-3.0,-35.0
1776886499.2781026,0.0,-2.0,-29.0
1776886499.2881026,-2.0,-3.0,-30.0
1776886499.2981029,-5.0,-3.0,-27.0
1776886499.3081028,-2.0,0.0,-28.0
1776886499.3181028,-3.0,0.0,-31.0
1776886499.3281028,-6.0,2.0,-28.0
1776886499.3381028,-7.0,0.0,-30.0
1776886499.3481028,-4.0,0.0,-35.0
1776886499.3581028,-2.0,1.0,-46.0
1776886499.3681028,1.0,0.0,-49.0
1776886499.3781028,0.0,2.0,-44.0
1776886499.3881028,-2.0,3.0,-46.0
1776886499.3981028,0.0,5.0,-40.0
1776886499.4081028,0.0,8.0,-39.0
1776886499.4181027,2.0,3.0,-42.0
1776886499.4281027,2.0,2.0,-33.0
1776886499.4381027,-2.0,4.0,-30.0
1776886499.4481027,-4.0,3.0,-33.0
1776886499.4581027,0.0,1.0,-47.0
1776886499.4681027,0.0,-2.0,-44.0
1776886499.4781027,1.0,-5.0,-40.0
1776886499.488103,0.0,-2.0,-47.0
1776886499.498103,-3.0,-3.0,-48.0
1776886499.508103,-5.0,-9.0,-55.0
1776886499.5181026,-1.0,-12.0,-53.0
1776886499.5281026,2.0,-10.0,-49.0
1776886499.5381026,-1.0,-11.0,-44.0
1776886499.5481029,0.0,-9.0,-34.0
1776886499.5581028,2.0,-9.0,-33.0
1776886499.5681028,-3.0,-9.0,-37.0
1776886499.5781028,-6.0,-10.0,-34.0
1776886499.5881028,-3.0,-9.0,-31.0
1776886499.5981028,0.0,-4.0,-27.0
1776886499.6081028,1.0,-7.0,-35.0
1776886499.6181028,-1.0,-2.0,-41.0
1776886499.6281028,0.0,-2.0,-49.0
1776886499.6381028,4.0,0.0,-50.0
1776886499.6481028,4.0,1.0,-44.0
1776886499.6581028,4.0,1.0,-44.0
1776886499.6681027,2.0,2.0,-40.0
1776886499.6781027,4.0,1.0,-40.0
1776886499.6881027,6.0,4.0,-36.0
1776886499.6981027,4.0,0.0,-42.0
1776886499.7081027,1.0,0.0,-43.0
1776886499.7181027,-4.0,0.0,-44.0
1776886499.7281027,-7.0,2.0,-49.0
1776886499.738103,-4.0,0.0,-56.0
1776886499.748103,-3.0,-1.0,-56.0
1776886499.758103,-4.0,0.0,-52.0
1776886499.7681026,-1.0,0.0,-47.0
1776886499.7781026,2.0,0.0,-44.0
1776886499.7881026,0.0,0.0,-45.0
1776886499.7981029,2.0,4.0,-43.0
1776886499.8081028,2.0,3.0,-41.0
1776886499.8181028,1.0,-1.0,-40.0
1776886499.8281028,1.0,0.0,-35.0
1776886499.8381028,0.0,5.0,-36.0
1776886499.8481028,4.0,3.0,-30.0
1776886499.8581028,4.0,1.0,-33.0
1776886499.8681028,3.0,4.0,-38.0
1776886499.8781028,4.0,3.0,-38.0
1776886499.8881028,2.0,1.0,-42.0
1776886499.8981028,2.0,0.0,-47.0
1776886499.9081028,0.0,-1.0,-49.0
1776886499.9181027,1.0,0.0,-52.0
1776886499.9281027,1.0,-3.0,-47.0
1776886499.9381027,2.0,-1.0,-48.0
1776886499.9481027,0.0,-1.0,-46.0
1776886499.9581027,-2.0,0.0,-42.0
1776886499.9681027,-1.0,0.0,-38.0
1776886499.9781027,-1.0,0.0,-33.0
1776886499.988103,0.0,2.0,-34.0
1776886499.998103,-3.0,2.0,-24.0
1776886500.008103,0.0,1.0,-20.0
1776886500.0181026,0.0,2.0,-26.0
1776886500.0281026,-1.0,0.0,-24.0
1776886500.0381026,-1.0,-1.0,-23.0
1776886500.0481029,5.0,-1.0,-30.0
1776886500.0581028,6.0,-2.0,-37.0
1776886500.0681028,4.0,0.0,-30.0
1776886500.0781028,6.0,0.0,-31.0
1776886500.0881028,8.0,0.0,-30.0
1776886500.0981028,7.0,2.0,-35.0
1776886500.1081028,2.0,1.0,-40.0
1776886500.1181028,0.0,2.0,-37.0
1776886500.1281028,3.0,2.0,-40.0
1776886500.1381028,5.0,2.0,-33.0
1776886500.1481028,5.0,2.0,-31.0
1776886500.1581028,-2.0,2.0,-35.0
1776886500.1681027,-4.0,0.0,-33.0
1776886500.1781027,-6.0,0.0,-36.0
1776886500.1881027,-5.0,1.0,-35.0
1776886500.1981027,-5.0,0.0,-39.0
1776886500.2081027,-7.0,0.0,-44.0
1776886500.2181027,-5.0,-4.0,-39.0
1776886500.2281027,-7.0,-4.0,-37.0
1776886500.238103,-5.0,-5.0,-40.0
1776886500.248103,-1.0,-3.0,-38.0
1776886500.258103,0.0,-1.0,-35.0
1776886500.2681026,-1.0,-4.0,-41.0
1776886500.2781026,0.0,-4.0,-43.0
1776886500.2881026,-3.0,-7.0,-42.0
1776886500.2981029,-8.0,-11.0,-43.0
1776886500.3081028,-5.0,-6.0,-46.0
1776886500.3181028,1.0,-2.0,-48.0
1776886500.3281028,5.0,2.0,-50.0
1776886500.3381028,3.0,0.0,-52.0
1776886500.3481028,2.0,-3.0,-47.0
1776886500.3581028,1.0,-3.0,-41.0
1776886500.3681028,4.0,-2.0,-36.0
1776886500.3781028,1.0,-3.0,-39.0
1776886500.3881028,-1.0,-5.0,-42.0
1776886500.3981028,-2.0,-5.0,-46.0
1776886500.4081028,1.0,-7.0,-40.0
1776886500.4181027,1.0,-4.0,-37.0
1776886500.4281027,2.0,-4.0,-39.0
1776886500.4381027,3.0,1.0,-37.0
1776886500.4481027,1.0,0.0,-40.0
1776886500.4581027,3.0,0.0,-42.0
1776886500.4681027,6.0,1.0,-41.0
1776886500.4781027,5.0,0.0,-40.0
1776886500.488103,1.0,-2.0,-39.0
1776886500.498103,1.0,-4.0,-39.0
1776886500.508103,2.0,0.0,-44.0
1776886500.5181026,2.0,-1.0,-40.0
1776886500.5281026,4.0,-2.0,-35.0
1776886500.5381026,4.0,-1.0,-44.0
1776886500.5481029,4.0,-3.0,-40.0
1776886500.5581028,4.0,-10.0,-42.0
1776886500.5681028,2.0,-8.0,-44.0
1776886500.5781028,-2.0,-6.0,-46.0
1776886500.5881028,-1.0,-6.0,-41.0
1776886500.5981028,-1.0,-5.0,-38.0
1776886500.6081028,-4.0,-6.0,-42.0
1776886500.6181028,-3.0,-2.0,-38.0
1776886500.6281028,-6.0,2.0,-34.0
1776886500.6381028,-5.0,0.0,-30.0
1776886500.6481028,-6.0,1.0,-29.0
1776886500.6581028,-6.0,0.0,-30.0
1776886500.6681027,-4.0,-1.0,-27.0
1776886500.6781027,-4.0,-4.0,-31.0
1776886500.6881027,0.0,-2.0,-32.0
1776886500.6981027,0.0,-4.0,-36.0
1776886500.7081027,-1.0,-1.0,-33.0
1776886500.7181027,-2.0,4.0,-31.0
1776886500.7281027,-2.0,6.0,-33.0
1776886500.738103,0.0,5.0,-39.0
1776886500.748103,-3.0,1.0,-43.0
1776886500.758103,-8.0,2.0,-39.0
1776886500.7681026,-12.0,1.0,-48.0
1776886500.7781026,-11.0,-1.0,-46.0
1776886500.7881026,-9.0,-4.0,-48.0
1776886500.7981029,-10.0,-4.0,-45.0
1776886500.8081028,-4.0,-4.0,-40.0
1776886500.8181028,-1.0,-6.0,-39.0
1776886500.8281028,0.0,-3.0,-43.0
1776886500.8381028,2.0,-5.0,-45.0
1776886500.8481028,8.0,-4.0,-47.0
1776886500.8581028,6.0,-4.0,-44.0
1776886500.8681028,5.0,-2.0,-32.0
1776886500.8781028,0.0,-1.0,-25.0
1776886500.8881028,-1.0,0.0,-27.0
1776886500.8981028,-1.0,-3.0,-38.0
1776886500.9081028,-1.0,-7.0,-41.0
1776886500.9181027,-2.0,-8.0,-40.0
1776886500.9281027,-1.0,-5.0,-44.0
1776886500.9381027,-3.0,-2.0,-45.0
1776886500.9481027,-1.0,-5.0,-43.0
1776886500.9581027,0.0,-2.0,-42.0
1776886500.9681027,0.0,-1.0,-42.0
1776886500.9781027,1.0,-3.0,-41.0
1776886500.988103,-2.0,-5.0,-40.0
1776886500.998103,1.0,-6.0,-38.0
1776886501.008103,1.0,-9.0,-36.0
1776886501.0191028,0.0,-9.0,-40.0
1776886501.0291028,5.0,-8.0,-42.0
1776886501.0391028,7.0,-8.0,-33.0
1776886501.0491028,6.0,-7.0,-32.0
1776886501.0591028,4.0,-7.0,-33.0
1776886501.0691028,6.0,-5.0,-34.0
1776886501.0791028,2.0,-5.0,-28.0
1776886501.0891027,0.0,-3.0,-31.0
1776886501.0991027,-2.0,-1.0,-37.0
1776886501.1091027,-1.0,-1.0,-37.0
1776886501.1191027,3.0,-1.0,-38.0
1776886501.1291027,3.0,0.0,-38.0
1776886501.1391027,3.0,2.0,-33.0
1776886501.1491027,1.0,2.0,-43.0
1776886501.159103,4.0,1.0,-46.0
1776886501.169103,9.0,0.0,-41.0
1776886501.179103,5.0,3.0,-40.0
1776886501.1891026,1.0,4.0,-35.0
1776886501.1991026,-1.0,4.0,-36.0
1776886501.2091026,0.0,2.0,-37.0
1776886501.2191026,2.0,1.0,-39.0
1776886501.2291028,2.0,4.0,-38.0
1776886501.2391028,0.0,5.0,-30.0
1776886501.2491028,1.0,1.0,-34.0
1776886501.2591028,3.0,1.0,-34.0
1776886501.2691028,4.0,2.0,-37.0
1776886501.2791028,2.0,5.0,-40.0
1776886501.2891028,-1.0,2.0,-42.0
1776886501.2991028,3.0,0.0,-40.0
1776886501.3091028,6.0,5.0,-38.0
1776886501.3191028,3.0,7.0,-35.0
1776886501.3291028,3.0,6.0,-35.0
1776886501.3391027,3.0,1.0,-31.0
1776886501.3491027,1.0,-2.0,-33.0
1776886501.3591027,1.0,-5.0,-37.0
1776886501.3691027,2.0,-3.0,-38.0
1776886501.3791027,-1.0,-5.0,-39.0
1776886501.3891027,-2.0,1.0,-41.0
1776886501.3991027,-7.0,-1.0,-36.0
1776886501.409103,-7.0,-2.0,-35.0
1776886501.419103,-4.0,-3.0,-38.0
1776886501.429103,-4.0,-1.0,-38.0
1776886501.4391026,0.0,0.0,-36.0
1776886501.4491026,1.0,2.0,-32.0
1776886501.4591026,0.0,1.0,-34.0
1776886501.4691026,0.0,3.0,-35.0
1776886501.4791028,2.0,2.0,-30.0
1776886501.4891028,0.0,2.0,-29.0
1776886501.4991028,2.0,-1.0,-27.0
1776886501.5091028,-1.0,-4.0,-36.0
1776886501.5191028,-1.0,-7.0,-39.0
1776886501.5291028,0.0,-4.0,-31.0
1776886501.5391028,0.0,-4.0,-32.0
1776886501.5491028,-2.0,-2.0,-35.0
1776886501.5591028,0.0,0.0,-38.0
1776886501.5691028,0.0,0.0,-36.0
1776886501.5791028,-1.0,2.0,-33.0
1776886501.5891027,0.0,-1.0,-39.0
1776886501.5991027,3.0,0.0,-42.0
1776886501.6091027,3.0,-1.0,-43.0
1776886501.6191027,6.0,-1.0,-47.0
1776886501.6291027,3.0,0.0,-45.0
1776886501.6391027,3.0,3.0,-43.0
1776886501.6491027,3.0,4.0,-45.0
1776886501.659103,3.0,2.0,-45.0
1776886501.669103,1.0,-3.0,-48.0
1776886501.679103,-2.0,-3.0,-41.0
1776886501.6891026,-2.0,-5.0,-36.0
1776886501.6991026,0.0,-2.0,-35.0
1776886501.7091026,3.0,-2.0,-43.0
1776886501.7191026,1.0,-1.0,-39.0
1776886501.7291028,2.0,0.0,-27.0
1776886501.7391028,0.0,-1.0,-28.0
1776886501.7491028,0.0,0.0,-28.0
1776886501.7591028,1.0,-2.0,-27.0
1776886501.7691028,1.0,0.0,-28.0
1776886501.7791028,1.0,1.0,-28.0
1776886501.7891028,1.0,0.0,-33.0
1776886501.7991028,5.0,-3.0,-41.0
1776886501.8091028,9.0,-3.0,-39.0
1776886501.8191028,7.0,-1.0,-38.0
1776886501.8291028,10.0,1.0,-35.0
1776886501.8391027,9.0,0.0,-39.0
1776886501.8491027,5.0,0.0,-46.0
1776886501.8591027,7.0,-3.0,-44.0
1776886501.8691027,1.0,-6.0,-39.0
1776886501.8791027,1.0,-6.0,-38.0
1776886501.8891027,1.0,-4.0,-39.0
1776886501.8991027,1.0,-5.0,-40.0
1776886501.909103,2.0,-5.0,-36.0
1776886501.919103,2.0,-3.0,-36.0
1776886501.929103,-1.0,0.0,-41.0
1776886501.9391026,-1.0,2.0,-46.0
1776886501.9491026,-1.0,0.0,-52.0
1776886501.9591026,-1.0,-2.0,-47.0
1776886501.9691026,1.0,0.0,-48.0
1776886501.9791028,2.0,1.0,-53.0
1776886501.9891028,5.0,0.0,-52.0
1776886501.9991028,4.0,-4.0,-39.0
1776886502.0091028,0.0,-2.0,-39.0
1776886502.0191028,0.0,0.0,-42.0
1776886502.0291028,1.0,2.0,-39.0
1776886502.0391028,4.0,0.0,-39.0
1776886502.0491028,3.0,1.0,-49.0
1776886502.0591028,0.0,-2.0,-48.0
1776886502.0691028,-2.0,-5.0,-52.0
1776886502.0791028,-5.0,-2.0,-53.0
1776886502.0891027,-2.0,-2.0,-47.0
1776886502.0991027,0.0,-1.0,-43.0
1776886502.1091027,-1.0,-2.0,-34.0
1776886502.1191027,-1.0,0.0,-36.0
1776886502.1291027,2.0,0.0,-42.0
1776886502.1391027,0.0,1.0,-41.0
1776886502.1491027,3.0,1.0,-47.0
1776886502.159103,5.0,0.0,-45.0
1776886502.169103,7.0,-1.0,-43.0
1776886502.179103,3.0,-2.0,-44.0
1776886502.1891026,0.0,0.0,-41.0
1776886502.1991026,-1.0,0.0,-37.0
1776886502.2091026,0.0,2.0,-37.0
1776886502.2191026,2.0,2.0,-39.0
1776886502.2291028,4.0,4.0,-39.0
1776886502.2391028,5.0,0.0,-38.0
1776886502.2491028,4.0,1.0,-42.0
1776886502.2591028,2.0,1.0,-47.0
1776886502.2691028,3.0,-1.0,-45.0
1776886502.2791028,0.0,0.0,-36.0
1776886502.2891028,0.0,1.0,-39.0
1776886502.2991028,0.0,0.0,-39.0
1776886502.3091028,0.0,-3.0,-37.0
1776886502.3191028,-1.0,0.0,-38.0
1776886502.3291028,2.0,-1.0,-37.0
1776886502.3391027,1.0,0.0,-36.0
1776886502.3491027,-2.0,-2.0,-39.0
1776886502.3591027,2.0,-3.0,-34.0
1776886502.3691027,3.0,0.0,-38.0
1776886502.3791027,3.0,-3.0,-37.0
1776886502.3891027,3.0,-5.0,-36.0
1776886502.3991027,1.0,-7.0,-29.0
1776886502.409103,-1.0,-4.0,-21.0
1776886502.419103,-1.0,-3.0,-25.0
1776886502.429103,-3.0,-2.0,-23.0
1776886502.4391026,-1.0,-1.0,-27.0
1776886502.4491026,0.0,-2.0,-32.0
1776886502.4591026,1.0,-2.0,-42.0
1776886502.4691026,0.0,-4.0,-43.0
1776886502.4791028,2.0,-6.0,-44.0
1776886502.4891028,3.0,-3.0,-43.0
1776886502.4991028,0.0,-1.0,-42.0
1776886502.5091028,-2.0,-2.0,-48.0
1776886502.5191028,2.0,-2.0,-53.0
1776886502.5291028,6.0,-2.0,-51.0
1776886502.5391028,5.0,-5.0,-47.0
1776886502.5491028,3.0,-3.0,-46.0
1776886502.5591028,2.0,-4.0,-38.0
1776886502.5691028,-2.0,-6.0,-32.0
1776886502.5791028,1.0,-2.0,-34.0
1776886502.5891027,1.0,-2.0,-40.0
1776886502.5991027,-1.0,-2.0,-37.0
1776886502.6091027,0.0,0.0,-37.0
1776886502.6191027,1.0,0.0,-40.0
1776886502.6291027,-1.0,1.0,-38.0
1776886502.6391027,-2.0,0.0,-34.0
1776886502.6491027,-2.0,0.0,-37.0
1776886502.659103,-1.0,-3.0,-37.0
1776886502.669103,0.0,-2.0,-34.0
1776886502.679103,0.0,-3.0,-30.0
1776886502.6891026,-3.0,-4.0,-26.0
1776886502.6991026,-1.0,-4.0,-32.0
1776886502.7091026,0.0,-3.0,-36.0
1776886502.7191026,0.0,0.0,-31.0
1776886502.7291028,-1.0,-1.0,-34.0
1776886502.7391028,-1.0,0.0,-31.0
1776886502.7491028,4.0,-2.0,-35.0
1776886502.7591028,1.0,0.0,-38.0
1776886502.7691028,0.0,0.0,-39.0
1776886502.7791028,0.0,-2.0,-39.0
1776886502.7891028,3.0,0.0,-44.0
1776886502.7991028,3.0,1.0,-40.0
1776886502.8091028,1.0,2.0,-35.0
1776886502.8191028,-1.0,2.0,-34.0
1776886502.8291028,0.0,-1.0,-37.0
1776886502.8391027,3.0,-6.0,-33.0
1776886502.8491027,0.0,-3.0,-31.0
1776886502.8591027,0.0,2.0,-32.0
1776886502.8691027,-1.0,2.0,-30.0
1776886502.8791027,2.0,0.0,-28.0
1776886502.8891027,5.0,-3.0,-30.0
1776886502.8991027,3.0,0.0,-29.0
1776886502.909103,0.0,-1.0,-31.0
1776886502.919103,3.0,-1.0,-33.0
1776886502.929103,4.0,-1.0,-41.0
1776886502.9391026,7.0,-1.0,-47.0
1776886502.9491026,6.0,-4.0,-44.0
1776886502.9591026,4.0,0.0,-38.0
1776886502.9691026,5.0,2.0,-35.0
1776886502.9791028,2.0,0.0,-31.0
1776886502.9891028,1.0,0.0,-39.0
1776886503.0001028,1.0,-1.0,-43.0
1776886503.0101027,3.0,-6.0,-37.0
1776886503.0191028,2.0,-7.0,-38.0
1776886503.0301027,1.0,-6.0,-33.0
1776886503.0401027,0.0,-3.0,-30.0
1776886503.0501027,0.0,-2.0,-34.0
1776886503.0601027,-4.0,1.0,-34.0
1776886503.0701027,0.0,2.0,-35.0
1776886503.0801027,3.0,-2.0,-37.0
1776886503.090103,2.0,-2.0,-35.0
1776886503.100103,2.0,-3.0,-33.0
1776886503.110103,0.0,-3.0,-27.0
1776886503.1201026,1.0,-2.0,-29.0
1776886503.1301026,0.0,-1.0,-35.0
1776886503.1401026,0.0,-4.0,-40.0
1776886503.1501029,0.0,-2.0,-39.0
1776886503.1601028,-1.0,-2.0,-38.0
1776886503.1701028,-3.0,-1.0,-37.0
1776886503.1801028,-1.0,-1.0,-40.0
1776886503.1901028,-1.0,-3.0,-40.0
1776886503.2001028,1.0,-6.0,-32.0
1776886503.2101028,5.0,-1.0,-28.0
1776886503.2201028,8.0,-6.0,-32.0
1776886503.2301028,9.0,-5.0,-36.0
1776886503.2401028,4.0,-5.0,-40.0
1776886503.2501028,3.0,-4.0,-41.0
1776886503.2601027,1.0,-7.0,-41.0
1776886503.2701027,7.0,-3.0,-40.0
1776886503.2801027,9.0,-3.0,-40.0
1776886503.2901027,8.0,-5.0,-40.0
1776886503.3001027,8.0,-4.0,-46.0
1776886503.3101027,9.0,-3.0,-45.0
1776886503.3201027,8.0,-8.0,-40.0
1776886503.3301027,4.0,-11.0,-38.0
1776886503.340103,6.0,-11.0,-43.0
1776886503.350103,7.0,-8.0,-42.0
1776886503.360103,9.0,-3.0,-43.0
1776886503.3701026,8.0,0.0,-46.0
1776886503.3801026,7.0,-2.0,-49.0
1776886503.3901026,1.0,0.0,-46.0
1776886503.4001029,0.0,1.0,-42.0
1776886503.4101028,-6.0,0.0,-38.0
1776886503.4201028,-7.0,1.0,-40.0
1776886503.4301028,-7.0,0.0,-44.0
1776886503.4401028,-4.0,0.0,-46.0
1776886503.4501028,3.0,0.0,-45.0
1776886503.4601028,4.0,0.0,-43.0
1776886503.4701028,7.0,-3.0,-45.0
1776886503.4801028,7.0,-2.0,-41.0
1776886503.4901028,6.0,-1.0,-41.0
1776886503.5001028,8.0,2.0,-41.0
1776886503.5101027,3.0,3.0,-43.0
1776886503.5201027,2.0,0.0,-44.0
1776886503.5301027,6.0,2.0,-42.0
1776886503.5401027,6.0,2.0,-39.0
1776886503.5501027,1.0,2.0,-41.0
1776886503.5601027,0.0,-1.0,-42.0
1776886503.5701027,-1.0,-4.0,-46.0
1776886503.5801027,-5.0,-6.0,-39.0
1776886503.590103,-4.0,-5.0,-42.0
1776886503.600103,-1.0,-5.0,-43.0
1776886503.610103,3.0,-1.0,-36.0
1776886503.6201026,3.0,0.0,-36.0
1776886503.6301026,3.0,-5.0,-42.0
1776886503.6401026,5.0,-6.0,-46.0
1776886503.6501029,9.0,-4.0,-43.0
1776886503.6601028,6.0,0.0,-40.0
1776886503.6701028,9.0,-1.0,-37.0
1776886503.6801028,2.0,-1.0,-36.0
1776886503.6901028,9.0,0.0,-38.0
1776886503.7001028,6.0,3.0,-39.0
1776886503.7101028,7.0,1.0,-38.0
1776886503.7201028,5.0,-2.0,-33.0
1776886503.7301028,5.0,0.0,-33.0
1776886503.7401028,3.0,3.0,-35.0
1776886503.7501028,1.0,3.0,-34.0
1776886503.7601027,6.0,3.0,-36.0
1776886503.7701027,2.0,5.0,-32.0
1776886503.7801027,3.0,5.0,-36.0
1776886503.7901027,0.0,5.0,-37.0
1776886503.8001027,-6.0,7.0,-41.0
1776886503.8101027,-4.0,7.0,-44.0
1776886503.8201027,-4.0,3.0,-49.0
1776886503.8301027,-4.0,2.0,-46.0
1776886503.840103,-6.0,0.0,-52.0
1776886503.850103,-9.0,-4.0,-52.0
1776886503.860103,-9.0,1.0,-51.0
1776886503.8701026,-9.0,3.0,-53.0
1776886503.8801026,-12.0,3.0,-51.0
1776886503.8901026,-14.0,0.0,-46.0
1776886503.9001029,-7.0,-3.0,-38.0
1776886503.9101028,-2.0,-2.0,-40.0
1776886503.9201028,3.0,-1.0,-38.0
1776886503.9301028,2.0,0.0,-36.0
1776886503.9401028,0.0,-1.0,-37.0
1776886503.9501028,0.0,-2.0,-38.0
1776886503.9601028,2.0,-1.0,-35.0
1776886503.9701028,3.0,-2.0,-33.0
1776886503.9801028,2.0,-8.0,-26.0
1776886503.9901028,9.0,-4.0,-25.0
1776886504.0001028,8.0,-5.0,-27.0
1776886504.0101027,9.0,-2.0,-34.0
1776886504.0201027,6.0,0.0,-42.0
1776886504.0301027,6.0,-4.0,-44.0
1776886504.0401027,3.0,-4.0,-41.0
1776886504.0501027,2.0,-7.0,-40.0
1776886504.0601027,1.0,-7.0,-40.0
1776886504.0701027,0.0,-2.0,-34.0
1776886504.0801027,-1.0,-4.0,-38.0
1776886504.090103,-3.0,-4.0,-43.0
1776886504.100103,-4.0,-4.0,-44.0
1776886504.110103,-4.0,-1.0,-43.0
1776886504.1201026,-1.0,0.0,-46.0
1776886504.1301026,-1.0,0.0,-44.0
1776886504.1401026,0.0,-1.0,-46.0
1776886504.1501029,6.0,-3.0,-42.0
1776886504.1601028,3.0,-1.0,-46.0
1776886504.1701028,3.0,-2.0,-43.0
1776886504.1801028,0.0,-5.0,-45.0
1776886504.1901028,3.0,-4.0,-39.0
1776886504.2001028,1.0,-4.0,-45.0
1776886504.2101028,4.0,-2.0,-43.0
1776886504.2201028,2.0,0.0,-37.0
1776886504.2301028,1.0,0.0,-33.0
1776886504.2401028,3.0,0.0,-28.0
1776886504.2501028,4.0,0.0,-32.0
1776886504.2601027,3.0,2.0,-35.0
1776886504.2701027,0.0,3.0,-36.0
1776886504.2801027,0.0,2.0,-36.0
1776886504.2901027,6.0,1.0,-30.0
1776886504.3001027,9.0,6.0,-29.0
1776886504.3101027,9.0,1.0,-32.0
1776886504.3201027,6.0,-2.0,-39.0
1776886504.3301027,2.0,2.0,-36.0
1776886504.340103,2.0,4.0,-36.0
1776886504.350103,4.0,0.0,-35.0
1776886504.360103,2.0,0.0,-41.0
1776886504.3711028,1.0,0.0,-42.0
1776886504.3801026,1.0,1.0,-46.0
1776886504.3901026,0.0,0.0,-47.0
1776886504.4001029,0.0,0.0,-52.0
1776886504.4101028,-4.0,1.0,-53.0
1776886504.4201028,-1.0,0.0,-53.0
1776886504.4301028,-1.0,-1.0,-56.0
1776886504.4401028,-3.0,-6.0,-54.0
1776886504.4501028,-2.0,-1.0,-51.0
1776886504.4601028,-4.0,-1.0,-43.0
1776886504.4701028,-1.0,-1.0,-43.0
1776886504.4801028,-3.0,0.0,-35.0
1776886504.4901028,-4.0,-4.0,-38.0
1776886504.5001028,-1.0,-2.0,-40.0
1776886504.5101027,2.0,1.0,-44.0
1776886504.5201027,1.0,2.0,-49.0
1776886504.5301027,0.0,4.0,-45.0
1776886504.5401027,1.0,0.0,-45.0
1776886504.5501027,1.0,-1.0,-36.0
1776886504.5601027,2.0,-1.0,-34.0
1776886504.5701027,3.0,-4.0,-28.0
1776886504.5801027,5.0,-4.0,-26.0
1776886504.590103,3.0,-8.0,-27.0
1776886504.600103,2.0,-3.0,-34.0
1776886504.610103,3.0,-1.0,-41.0
1776886504.6201026,3.0,-3.0,-37.0
1776886504.6301026,2.0,-2.0,-36.0
1776886504.6401026,2.0,-3.0,-36.0
1776886504.6501029,0.0,-7.0,-45.0
1776886504.6601028,2.0,-5.0,-40.0
1776886504.6701028,0.0,0.0,-37.0
1776886504.6801028,0.0,0.0,-33.0
1776886504.6901028,1.0,2.0,-28.0
1776886504.7001028,0.0,1.0,-31.0
1776886504.7101028,0.0,-1.0,-28.0
1776886504.7201028,-1.0,-1.0,-26.0
1776886504.7301028,-2.0,0.0,-34.0
1776886504.7401028,-1.0,3.0,-38.0
1776886504.7501028,0.0,3.0,-39.0
1776886504.7601027,1.0,1.0,-38.0
1776886504.7701027,0.0,0.0,-36.0
1776886504.7801027,-1.0,1.0,-32.0
1776886504.7901027,-4.0,5.0,-34.0
1776886504.8001027,-4.0,3.0,-33.0
1776886504.8101027,-3.0,5.0,-35.0
1776886504.8201027,-3.0,5.0,-34.0
1776886504.8301027,-2.0,3.0,-32.0
1776886504.840103,0.0,3.0,-28.0
1776886504.850103,0.0,1.0,-27.0
1776886504.860103,0.0,2.0,-32.0
1776886504.8701026,2.0,0.0,-33.0
1776886504.8801026,2.0,-6.0,-32.0
1776886504.8901026,0.0,-4.0,-30.0
1776886504.9001029,0.0,0.0,-31.0
1776886504.9101028,-1.0,2.0,-31.0
1776886504.9201028,0.0,3.0,-40.0
1776886504.9301028,-5.0,1.0,-39.0
1776886504.9401028,-3.0,-2.0,-40.0
1776886504.9501028,-7.0,-1.0,-43.0
1776886504.9601028,-9.0,-3.0,-48.0
1776886504.9701028,-8.0,-1.0,-46.0
1776886504.9801028,-5.0,-2.0,-50.0
1776886504.9901028,-2.0,-5.0,-56.0
1776886505.0011027,-5.0,-3.0,-51.0
1776886505.011103,-5.0,-3.0,-50.0
1776886505.021103,-3.0,-3.0,-48.0
1776886505.031103,1.0,-6.0,-42.0
1776886505.0411026,-2.0,-5.0,-48.0
1776886505.0511026,-3.0,0.0,-45.0
1776886505.0611026,-5.0,0.0,-43.0
1776886505.0711029,-6.0,-1.0,-40.0
1776886505.0811028,0.0,2.0,-40.0
1776886505.0911028,0.0,0.0,-30.0
1776886505.1011028,2.0,4.0,-35.0
1776886505.1111028,2.0,5.0,-29.0
1776886505.1211028,2.0,2.0,-31.0
1776886505.1311028,0.0,4.0,-38.0
1776886505.1411028,0.0,1.0,-44.0
1776886505.1511028,3.0,0.0,-45.0
1776886505.1611028,2.0,0.0,-53.0
1776886505.1711028,1.0,0.0,-46.0
1776886505.1811028,4.0,0.0,-43.0
1776886505.1911027,7.0,5.0,-46.0
1776886505.2011027,3.0,7.0,-49.0
1776886505.2111027,0.0,6.0,-47.0
1776886505.2211027,3.0,5.0,-45.0
1776886505.2311027,6.0,2.0,-48.0
1776886505.2411027,4.0,3.0,-47.0
1776886505.2511027,4.0,2.0,-40.0
1776886505.261103,7.0,-1.0,-41.0
1776886505.271103,7.0,0.0,-48.0
1776886505.281103,4.0,0.0,-47.0
1776886505.2911026,0.0,4.0,-41.0
1776886505.3011026,0.0,4.0,-40.0
1776886505.3111026,0.0,1.0,-43.0
1776886505.3211029,-3.0,-1.0,-42.0
1776886505.3311028,-5.0,0.0,-39.0
1776886505.3411028,-4.0,-4.0,-46.0
1776886505.3511028,-4.0,-4.0,-49.0
1776886505.3611028,-2.0,-5.0,-57.0
1776886505.3711028,-2.0,-8.0,-52.0
1776886505.3811028,-1.0,-7.0,-51.0
1776886505.3911028,-3.0,-10.0,-51.0
1776886505.4011028,-1.0,-8.0,-47.0
1776886505.4111028,2.0,-8.0,-49.0
1776886505.4211028,1.0,-4.0,-46.0
1776886505.4311028,0.0,-8.0,-54.0
1776886505.4411027,0.0,-7.0,-54.0
1776886505.4511027,4.0,-6.0,-53.0
1776886505.4611027,5.0,-4.0,-52.0
1776886505.4711027,5.0,-4.0,-47.0
1776886505.4811027,2.0,-1.0,-42.0
1776886505.4911027,1.0,-5.0,-39.0
1776886505.5011027,0.0,-3.0,-46.0
1776886505.511103,3.0,-2.0,-49.0
1776886505.521103,0.0,-2.0,-50.0
1776886505.531103,0.0,-2.0,-47.0
1776886505.5411026,3.0,-2.0,-52.0
1776886505.5511026,0.0,-4.0,-48.0
1776886505.5611026,3.0,-6.0,-41.0
1776886505.5711029,3.0,0.0,-43.0
1776886505.5811028,1.0,2.0,-50.0
1776886505.5911028,4.0,-2.0,-48.0
1776886505.6011028,0.0,-3.0,-47.0
1776886505.6111028,0.0,-3.0,-44.0
1776886505.6211028,0.0,0.0,-45.0
1776886505.6311028,0.0,0.0,-45.0
1776886505.6411028,2.0,0.0,-45.0
1776886505.6511028,4.0,0.0,-42.0
1776886505.6611028,6.0,1.0,-32.0
1776886505.6711028,12.0,0.0,-40.0
1776886505.6811028,12.0,0.0,-37.0
1776886505.6911027,11.0,-4.0,-35.0
1776886505.7011027,8.0,-3.0,-37.0
1776886505.7111027,5.0,-7.0,-33.0
1776886505.7211027,6.0,-8.0,-34.0
1776886505.7311027,8.0,-8.0,-32.0
1776886505.7411027,11.0,-6.0,-35.0
1776886505.7511027,11.0,-5.0,-34.0
1776886505.761103,3.0,-5.0,-38.0
1776886505.771103,2.0,-6.0,-39.0
1776886505.781103,0.0,0.0,-38.0
1776886505.7911026,0.0,1.0,-37.0
1776886505.8011026,1.0,0.0,-32.0
1776886505.8111026,0.0,-3.0,-34.0
1776886505.8211029,0.0,-4.0,-34.0
1776886505.8311028,-2.0,-5.0,-41.0
1776886505.8411028,-2.0,-4.0,-44.0
1776886505.8511028,-4.0,-7.0,-37.0
1776886505.8611028,-2.0,-2.0,-35.0
1776886505.8711028,0.0,-1.0,-34.0
1776886505.8811028,0.0,1.0,-33.0
1776886505.8911028,-2.0,0.0,-40.0
1776886505.9011028,1.0,1.0,-38.0
1776886505.9111028,0.0,-4.0,-39.0
1776886505.9211028,0.0,-3.0,-40.0
1776886505.9311028,2.0,-2.0,-40.0
1776886505.9411027,2.0,-4.0,-40.0
1776886505.9511027,2.0,-4.0,-45.0
1776886505.9611027,1.0,-2.0,-47.0
1776886505.9711027,1.0,0.0,-47.0
1776886505.9811027,4.0,-1.0,-44.0
1776886505.9911027,6.0,-4.0,-45.0
1776886506.0011027,2.0,-7.0,-53.0
1776886506.011103,0.0,-7.0,-49.0
1776886506.021103,4.0,-6.0,-46.0
1776886506.031103,8.0,-3.0,-45.0
1776886506.0411026,12.0,-4.0,-41.0
1776886506.0511026,13.0,-1.0,-41.0
1776886506.0611026,7.0,-1.0,-41.0
1776886506.0711029,3.0,-2.0,-39.0
1776886506.0811028,4.0,0.0,-41.0
1776886506.0911028,2.0,-1.0,-44.0
1776886506.1011028,1.0,-1.0,-43.0
1776886506.1111028,-2.0,0.0,-40.0
1776886506.1211028,-2.0,-4.0,-43.0
1776886506.1311028,-2.0,0.0,-39.0
1776886506.1411028,-5.0,1.0,-35.0
1776886506.1511028,-4.0,0.0,-37.0
1776886506.1611028,-3.0,-3.0,-30.0
1776886506.1711028,3.0,-2.0,-31.0
1776886506.1811028,1.0,-5.0,-34.0
1776886506.1911027,-1.0,-3.0,-29.0
1776886506.2011027,-3.0,-1.0,-36.0
1776886506.2111027,-3.0,0.0,-43.0
1776886506.2211027,0.0,4.0,-49.0
1776886506.2311027,-4.0,4.0,-47.0
1776886506.2411027,-4.0,3.0,-51.0
1776886506.2511027,-4.0,3.0,-61.0
1776886506.261103,-3.0,2.0,-59.0
1776886506.271103,1.0,5.0,-57.0
1776886506.281103,1.0,7.0,-49.0
1776886506.2911026,4.0,6.0,-45.0
1776886506.3011026,6.0,3.0,-33.0
1776886506.3111026,11.0,-1.0,-39.0
1776886506.3211029,12.0,-5.0,-43.0
1776886506.3311028,12.0,-6.0,-50.0
1776886506.3411028,9.0,-4.0,-47.0
1776886506.3511028,8.0,-1.0,-45.0
1776886506.3611028,12.0,3.0,-46.0
1776886506.3711028,4.0,3.0,-46.0
1776886506.3811028,1.0,-3.0,-49.0
1776886506.3911028,6.0,-2.0,-49.0
1776886506.4011028,7.0,-3.0,-45.0
1776886506.4111028,8.0,-4.0,-42.0
1776886506.4211028,5.0,1.0,-38.0
1776886506.4311028,2.0,-1.0,-37.0
1776886506.4411027,-1.0,-1.0,-40.0
1776886506.4511027,-3.0,-6.0,-37.0
1776886506.4611027,-4.0,-7.0,-38.0
1776886506.4711027,-3.0,-3.0,-37.0
1776886506.4811027,-2.0,0.0,-38.0
1776886506.4911027,-2.0,-1.0,-37.0
1776886506.5011027,-5.0,-3.0,-38.0
1776886506.511103,-4.0,-4.0,-37.0
1776886506.521103,-4.0,0.0,-36.0
1776886506.531103,-3.0,3.0,-41.0
1776886506.5411026,-4.0,4.0,-46.0
1776886506.5511026,-4.0,3.0,-39.0
1776886506.5611026,-3.0,5.0,-33.0
1776886506.5711029,-3.0,4.0,-38.0
1776886506.5811028,-6.0,0.0,-33.0
1776886506.5911028,-4.0,-2.0,-35.0
1776886506.6011028,-1.0,-1.0,-40.0
1776886506.6111028,0.0,-5.0,-40.0
1776886506.6211028,0.0,-4.0,-36.0
1776886506.6311028,0.0,-7.0,-36.0
1776886506.6411028,6.0,-6.0,-36.0
1776886506.6511028,9.0,-5.0,-36.0
1776886506.6611028,4.0,-2.0,-36.0
1776886506.6711028,4.0,-6.0,-36.0
1776886506.6811028,1.0,-6.0,-34.0
1776886506.6911027,1.0,-6.0,-33.0
1776886506.7011027,5.0,-5.0,-36.0
1776886506.7111027,6.0,-5.0,-36.0
1776886506.7211027,4.0,-3.0,-38.0
1776886506.7311027,0.0,-4.0,-36.0
1776886506.7411027,-2.0,-4.0,-33.0
1776886506.7511027,-3.0,-4.0,-38.0
1776886506.761103,-4.0,2.0,-39.0
1776886506.771103,-3.0,1.0,-39.0
1776886506.781103,-6.0,0.0,-41.0
1776886506.7911026,-7.0,-1.0,-36.0
1776886506.8011026,-4.0,-3.0,-41.0
1776886506.8111026,-7.0,-2.0,-40.0
1776886506.8211029,-5.0,2.0,-41.0
1776886506.8311028,-6.0,3.0,-30.0
1776886506.8411028,-8.0,3.0,-33.0
1776886506.8511028,-3.0,2.0,-31.0
1776886506.8611028,0.0,8.0,-27.0
1776886506.8711028,1.0,8.0,-35.0
1776886506.8811028,4.0,3.0,-36.0
1776886506.8911028,1.0,0.0,-33.0
1776886506.9011028,0.0,-2.0,-31.0
1776886506.9111028,4.0,-3.0,-32.0
1776886506.9211028,1.0,-5.0,-40.0
1776886506.9311028,-1.0,-5.0,-43.0
1776886506.9411027,-1.0,0.0,-48.0
1776886506.9511027,1.0,-1.0,-50.0
1776886506.9611027,0.0,3.0,-57.0
1776886506.9711027,-3.0,1.0,-52.0
1776886506.9811027,0.0,0.0,-52.0
1776886506.9921026,3.0,0.0,-47.0
1776886507.0021029,0.0,1.0,-42.0
1776886507.0121028,1.0,0.0,-43.0
1776886507.0221028,5.0,2.0,-50.0
1776886507.0321028,2.0,5.0,-49.0
1776886507.0421028,3.0,-2.0,-47.0
1776886507.0521028,5.0,0.0,-50.0
1776886507.0621028,10.0,2.0,-48.0
1776886507.0721028,9.0,3.0,-53.0
1776886507.0821028,7.0,3.0,-56.0
1776886507.0921028,4.0,3.0,-56.0
1776886507.1021028,2.0,1.0,-50.0
1776886507.1121027,0.0,-1.0,-46.0
1776886507.1221027,-4.0,-4.0,-46.0
1776886507.1321027,-2.0,0.0,-42.0
1776886507.1421027,0.0,-1.0,-43.0
1776886507.1521027,2.0,-3.0,-40.0
1776886507.1621027,6.0,-3.0,-37.0
1776886507.1721027,4.0,-2.0,-39.0
1776886507.182103,3.0,-3.0,-42.0
1776886507.192103,2.0,-3.0,-36.0
1776886507.202103,1.0,-1.0,-32.0
1776886507.212103,2.0,-1.0,-35.0
1776886507.2221026,3.0,-3.0,-38.0
1776886507.2321026,6.0,-5.0,-34.0
1776886507.2421026,6.0,-5.0,-41.0
1776886507.2521029,7.0,-4.0,-35.0
1776886507.2621028,8.0,-7.0,-34.0
1776886507.2721028,6.0,-6.0,-39.0
1776886507.2821028,5.0,-7.0,-45.0
1776886507.2921028,6.0,-8.0,-45.0
1776886507.3021028,2.0,-5.0,-39.0
1776886507.3121028,1.0,-5.0,-35.0
1776886507.3221028,0.0,-7.0,-32.0
1776886507.3321028,-1.0,-5.0,-35.0
1776886507.3421028,0.0,-3.0,-31.0
1776886507.3521028,2.0,-2.0,-31.0
1776886507.3621027,-1.0,0.0,-30.0
1776886507.3721027,-2.0,-2.0,-35.0
1776886507.3821027,0.0,-5.0,-40.0
1776886507.3921027,1.0,-3.0,-43.0
1776886507.4021027,-2.0,-1.0,-45.0
1776886507.4121027,-5.0,0.0,-39.0
1776886507.4221027,-9.0,-2.0,-38.0
1776886507.432103,-2.0,-2.0,-40.0
1776886507.442103,0.0,-5.0,-39.0
1776886507.452103,0.0,-4.0,-33.0
1776886507.462103,2.0,-6.0,-30.0
1776886507.4721026,3.0,-3.0,-27.0
1776886507.4821026,5.0,-2.0,-30.0
1776886507.4921026,4.0,-2.0,-31.0
1776886507.5021029,4.0,-1.0,-28.0
1776886507.5121028,4.0,-8.0,-29.0
1776886507.5221028,2.0,-9.0,-25.0
1776886507.5321028,2.0,-4.0,-28.0
1776886507.5421028,0.0,-2.0,-30.0
1776886507.5521028,3.0,-3.0,-35.0
1776886507.5621028,1.0,-7.0,-43.0
1776886507.5721028,3.0,-5.0,-46.0
1776886507.5821028,4.0,1.0,-38.0
1776886507.5921028,3.0,2.0,-39.0
1776886507.6021028,0.0,2.0,-37.0
1776886507.6121027,2.0,0.0,-30.0
1776886507.6221027,1.0,-4.0,-29.0
1776886507.6321027,-3.0,-3.0,-32.0
1776886507.6421027,-3.0,-1.0,-37.0
1776886507.6521027,-2.0,-1.0,-36.0
1776886507.6621027,-1.0,-1.0,-36.0
1776886507.6721027,-7.0,-3.0,-36.0
1776886507.682103,-5.0,1.0,-34.0
1776886507.692103,-6.0,6.0,-37.0
1776886507.702103,-6.0,4.0,-36.0
1776886507.712103,-8.0,2.0,-38.0
1776886507.7221026,-6.0,0.0,-34.0
1776886507.7321026,-8.0,1.0,-29.0
1776886507.7421026,-9.0,-2.0,-22.0
1776886507.7521029,-3.0,0.0,-27.0
1776886507.7621028,-1.0,-1.0,-29.0
1776886507.7721028,0.0,-4.0,-29.0
1776886507.7821028,0.0,-2.0,-30.0
1776886507.7921028,-2.0,-1.0,-34.0
1776886507.8021028,-1.0,0.0,-28.0
1776886507.8121028,-4.0,0.0,-28.0
1776886507.8221028,-5.0,-2.0,-30.0
1776886507.8321028,-4.0,-2.0,-38.0
1776886507.8421028,-5.0,-5.0,-39.0
1776886507.8521028,0.0,-4.0,-36.0
1776886507.8621027,2.0,-3.0,-36.0
1776886507.8721027,2.0,-2.0,-39.0
1776886507.8821027,3.0,2.0,-45.0
1776886507.8921027,3.0,2.0,-48.0
1776886507.9021027,2.0,2.0,-41.0
1776886507.9121027,3.0,5.0,-34.0
1776886507.9221027,2.0,3.0,-41.0
1776886507.932103,6.0,3.0,-36.0
1776886507.942103,6.0,-1.0,-32.0
1776886507.952103,5.0,0.0,-41.0
1776886507.962103,1.0,1.0,-43.0
1776886507.9721026,1.0,3.0,-43.0
1776886507.9821026,2.0,-1.0,-44.0
1776886507.9921026,1.0,0.0,-35.0
1776886508.0021029,2.0,0.0,-40.0
1776886508.0121028,3.0,-1.0,-44.0
1776886508.0221028,3.0,-5.0,-40.0
1776886508.0321028,6.0,-1.0,-41.0
1776886508.0421028,6.0,-5.0,-45.0
1776886508.0521028,4.0,-5.0,-49.0
1776886508.0621028,2.0,-3.0,-53.0
1776886508.0721028,0.0,-5.0,-54.0
1776886508.0821028,-1.0,-1.0,-56.0
1776886508.0921028,0.0,-3.0,-53.0
1776886508.1021028,0.0,-2.0,-47.0
1776886508.1121027,-5.0,1.0,-50.0
1776886508.1221027,-9.0,1.0,-49.0
1776886508.1321027,-10.0,-1.0,-45.0
1776886508.1421027,-9.0,-3.0,-46.0
1776886508.1521027,-6.0,-2.0,-41.0
1776886508.1621027,-7.0,-1.0,-41.0
1776886508.1721027,-2.0,0.0,-44.0
1776886508.182103,1.0,1.0,-47.0
1776886508.192103,0.0,2.0,-48.0
1776886508.202103,3.0,-1.0,-50.0
1776886508.212103,5.0,0.0,-46.0
1776886508.2221026,5.0,0.0,-39.0
1776886508.2321026,6.0,-1.0,-40.0
1776886508.2421026,4.0,-1.0,-38.0
1776886508.2521029,10.0,0.0,-30.0
1776886508.2621028,8.0,0.0,-27.0
1776886508.2721028,5.0,3.0,-33.0
1776886508.2821028,9.0,0.0,-25.0
1776886508.2921028,7.0,-2.0,-32.0
1776886508.3021028,7.0,0.0,-36.0
1776886508.3121028,7.0,-3.0,-33.0
1776886508.3221028,6.0,-5.0,-34.0
1776886508.3321028,8.0,-4.0,-35.0
1776886508.3421028,8.0,-4.0,-33.0
1776886508.3521028,5.0,1.0,-29.0
1776886508.3621027,4.0,4.0,-27.0
1776886508.3721027,5.0,2.0,-28.0
1776886508.3821027,5.0,0.0,-24.0
1776886508.3921027,5.0,0.0,-27.0
1776886508.4021027,8.0,-4.0,-24.0
1776886508.4121027,11.0,-4.0,-32.0
1776886508.4221027,8.0,-5.0,-34.0
1776886508.432103,6.0,-5.0,-34.0
1776886508.442103,8.0,0.0,-38.0
1776886508.452103,0.0,-3.0,-33.0
1776886508.462103,-4.0,-5.0,-37.0
1776886508.4721026,-4.0,-4.0,-37.0
1776886508.4821026,1.0,-5.0,-40.0
1776886508.4921026,2.0,-8.0,-39.0
1776886508.5021029,2.0,-5.0,-32.0
1776886508.5121028,0.0,-4.0,-33.0
1776886508.5221028,3.0,-2.0,-31.0
1776886508.5321028,3.0,-3.0,-28.0
1776886508.5421028,0.0,-5.0,-32.0
1776886508.5521028,0.0,-9.0,-31.0
1776886508.5621028,0.0,-6.0,-33.0
1776886508.5721028,-1.0,-2.0,-40.0
1776886508.5821028,-3.0,0.0,-42.0
1776886508.5921028,0.0,-4.0,-45.0
1776886508.6021028,0.0,-2.0,-49.0
1776886508.6121027,-2.0,0.0,-41.0
1776886508.6221027,0.0,1.0,-40.0
1776886508.6321027,4.0,1.0,-41.0
1776886508.6421027,1.0,2.0,-40.0
1776886508.6521027,1.0,4.0,-37.0
1776886508.6621027,2.0,4.0,-32.0
1776886508.6721027,0.0,0.0,-33.0
1776886508.682103,0.0,4.0,-35.0
1776886508.692103,4.0,2.0,-38.0
1776886508.702103,5.0,0.0,-36.0
1776886508.712103,1.0,1.0,-34.0
1776886508.7221026,-1.0,4.0,-35.0
1776886508.7321026,-3.0,5.0,-38.0
1776886508.7421026,-3.0,3.0,-40.0
1776886508.7521029,-1.0,3.0,-39.0
1776886508.7621028,1.0,0.0,-36.0
1776886508.7721028,2.0,-2.0,-39.0
1776886508.7821028,-2.0,-3.0,-47.0
1776886508.7921028,0.0,-3.0,-44.0
1776886508.8021028,2.0,0.0,-40.0
1776886508.8121028,-6.0,3.0,-38.0
1776886508.8221028,-6.0,0.0,-33.0
1776886508.8321028,-4.0,0.0,-28.0
1776886508.8421028,-4.0,0.0,-29.0
1776886508.8521028,0.0,0.0,-32.0
1776886508.8621027,5.0,0.0,-39.0
1776886508.8721027,7.0,0.0,-39.0
1776886508.8821027,3.0,-2.0,-37.0
1776886508.8921027,1.0,-1.0,-45.0
1776886508.9021027,1.0,-1.0,-43.0
1776886508.9121027,1.0,-7.0,-47.0
1776886508.9221027,1.0,-8.0,-48.0
1776886508.932103,-1.0,-6.0,-54.0
1776886508.942103,-1.0,-7.0,-50.0
1776886508.952103,-5.0,-7.0,-45.0
1776886508.962103,-5.0,-3.0,-43.0
1776886508.9721026,-6.0,-4.0,-48.0
1776886508.9821026,-5.0,-5.0,-47.0
1776886508.9921026,-6.0,-4.0,-46.0
1776886509.0031028,-5.0,-5.0,-38.0
1776886509.0131028,-3.0,-4.0,-28.0
1776886509.0231028,2.0,-2.0,-30.0
1776886509.0331028,3.0,0.0,-31.0
1776886509.0421028,9.0,1.0,-30.0
1776886509.0531027,11.0,2.0,-28.0
1776886509.0631027,6.0,4.0,-32.0
1776886509.0731027,3.0,3.0,-38.0
1776886509.0831027,0.0,0.0,-42.0
1776886509.0931027,-2.0,0.0,-45.0
1776886509.1031027,-2.0,3.0,-49.0
1776886509.113103,-1.0,0.0,-50.0
1776886509.123103,-5.0,0.0,-49.0
1776886509.133103,-7.0,1.0,-47.0
1776886509.1431026,-7.0,0.0,-45.0
1776886509.1531026,-5.0,-1.0,-43.0
1776886509.1631026,-7.0,-3.0,-38.0
1776886509.1731029,-4.0,-5.0,-39.0
1776886509.1841028,-5.0,-2.0,-39.0
1776886509.1931028,-2.0,-2.0,-36.0
1776886509.2031028,-1.0,0.0,-36.0
1776886509.2131028,-3.0,0.0,-36.0
1776886509.2231028,-2.0,-4.0,-31.0
1776886509.2331028,-2.0,-9.0,-30.0
1776886509.2431028,-1.0,-7.0,-29.0
1776886509.2531028,-1.0,-9.0,-36.0
1776886509.2631028,2.0,-3.0,-32.0
1776886509.2731028,6.0,-3.0,-40.0
1776886509.2831028,6.0,-3.0,-40.0
1776886509.2931027,4.0,-7.0,-37.0
1776886509.3031027,5.0,-8.0,-42.0
1776886509.3131027,4.0,-10.0,-47.0
1776886509.3231027,5.0,-9.0,-46.0
1776886509.3331027,0.0,-7.0,-34.0
1776886509.3431027,-4.0,-6.0,-33.0
1776886509.3531027,0.0,-7.0,-35.0
1776886509.363103,-2.0,-7.0,-37.0
1776886509.373103,1.0,-2.0,-36.0
1776886509.383103,0.0,-2.0,-39.0
1776886509.3931026,0.0,-2.0,-41.0
1776886509.4031026,2.0,1.0,-45.0
1776886509.4131026,0.0,2.0,-44.0
1776886509.4231029,-1.0,3.0,-37.0
1776886509.4331028,-3.0,0.0,-34.0
1776886509.4431028,-4.0,-2.0,-36.0
1776886509.4531028,-5.0,0.0,-41.0
1776886509.4631028,-7.0,-1.0,-37.0
1776886509.4731028,-9.0,1.0,-36.0
1776886509.4831028,-9.0,0.0,-29.0
1776886509.4931028,-1.0,3.0,-33.0
1776886509.5031028,-2.0,2.0,-37.0
1776886509.5131028,5.0,-1.0,-34.0
1776886509.5231028,12.0,4.0,-32.0
1776886509.5331028,6.0,0.0,-38.0
1776886509.5431027,5.0,3.0,-36.0
1776886509.5531027,6.0,6.0,-35.0
1776886509.5631027,9.0,3.0,-34.0
1776886509.5731027,5.0,3.0,-35.0
1776886509.5831027,2.0,0.0,-35.0
1776886509.5931027,0.0,4.0,-43.0
1776886509.6031027,2.0,3.0,-40.0
1776886509.613103,1.0,3.0,-32.0
1776886509.623103,1.0,6.0,-32.0
1776886509.633103,1.0,1.0,-26.0
1776886509.6431026,-5.0,0.0,-27.0
1776886509.6531026,-8.0,0.0,-32.0
1776886509.6631026,-2.0,-3.0,-24.0
1776886509.6731029,-3.0,3.0,-29.0
1776886509.6831028,-1.0,2.0,-37.0
1776886509.6931028,-4.0,0.0,-38.0
1776886509.7031028,1.0,-3.0,-37.0
1776886509.7131028,1.0,2.0,-32.0
1776886509.7231028,3.0,1.0,-34.0
1776886509.7331028,0.0,1.0,-42.0
1776886509.7431028,-1.0,0.0,-45.0
1776886509.7531028,-2.0,2.0,-42.0
1776886509.7631028,-2.0,1.0,-41.0
1776886509.7731028,-2.0,0.0,-38.0
1776886509.7831028,-2.0,4.0,-33.0
1776886509.7931027,-3.0,1.0,-31.0
1776886509.8031027,-5.0,0.0,-31.0
1776886509.8131027,-2.0,-1.0,-37.0
1776886509.8231027,-2.0,-2.0,-44.0
1776886509.8331027,2.0,-3.0,-43.0
1776886509.8431027,5.0,-3.0,-39.0
1776886509.8531027,5.0,-2.0,-37.0
1776886509.863103,6.0,-1.0,-37.0
1776886509.873103,9.0,0.0,-42.0
1776886509.883103,3.0,0.0,-42.0
1776886509.8931026,-1.0,-1.0,-45.0
1776886509.9031026,-1.0,-1.0,-42.0
1776886509.9131026,5.0,3.0,-35.0
1776886509.9231029,3.0,0.0,-32.0
1776886509.9331028,-1.0,3.0,-32.0
1776886509.9431028,0.0,4.0,-37.0
1776886509.9531028,-3.0,2.0,-42.0
1776886509.9631028,-3.0,1.0,-44.0
1776886509.9731028,-1.0,0.0,-47.0
1776886509.9831028,-1.0,2.0,-48.0
1776886509.9931028,-3.0,0.0,-42.0
1776886510.0031028,-3.0,-2.0,-46.0
1776886510.0131028,0.0,0.0,-47.0
1776886510.0231028,2.0,-2.0,-49.0
1776886510.0331028,0.0,-3.0,-52.0
1776886510.0431027,-3.0,-2.0,-54.0
1776886510.0531027,-2.0,-5.0,-44.0
1776886510.0631027,-1.0,-3.0,-35.0
1776886510.0731027,0.0,0.0,-30.0
1776886510.0831027,0.0,-2.0,-33.0
1776886510.0931027,-2.0,-4.0,-42.0
1776886510.1031027,-4.0,-4.0,-42.0
1776886510.113103,-4.0,-4.0,-40.0
1776886510.123103,-1.0,3.0,-36.0
1776886510.133103,0.0,4.0,-36.0
1776886510.1431026,3.0,2.0,-40.0
1776886510.1531026,7.0,0.0,-35.0
1776886510.1631026,5.0,1.0,-35.0
1776886510.1731029,6.0,0.0,-38.0
1776886510.1831028,7.0,1.0,-37.0
1776886510.1931028,3.0,2.0,-35.0
1776886510.2031028,5.0,2.0,-39.0
1776886510.2131028,3.0,1.0,-46.0
1776886510.2231028,-1.0,2.0,-43.0
1776886510.2331028,1.0,4.0,-37.0
1776886510.2431028,0.0,3.0,-34.0
1776886510.2531028,0.0,4.0,-27.0
1776886510.2631028,0.0,6.0,-37.0
1776886510.2731028,-4.0,5.0,-34.0
1776886510.2831028,-3.0,2.0,-28.0
1776886510.2931027,-5.0,0.0,-32.0
1776886510.3031027,-2.0,1.0,-39.0
1776886510.3131027,-5.0,0.0,-42.0
1776886510.3231027,-1.0,-2.0,-41.0
1776886510.3331027,0.0,-1.0,-39.0
1776886510.3431027,0.0,-3.0,-40.0
1776886510.3531027,0.0,-7.0,-44.0
1776886510.363103,2.0,-5.0,-44.0
1776886510.373103,-2.0,-3.0,-40.0
1776886510.383103,-2.0,-4.0,-37.0
1776886510.3931026,-1.0,-3.0,-33.0
1776886510.4031026,-4.0,-1.0,-37.0
1776886510.4131026,-1.0,-2.0,-43.0
1776886510.4231029,0.0,1.0,-40.0
1776886510.4331028,-2.0,5.0,-40.0
1776886510.4431028,-3.0,4.0,-37.0
1776886510.4531028,-6.0,2.0,-37.0
1776886510.4631028,-6.0,7.0,-39.0
1776886510.4731028,-2.0,6.0,-40.0
1776886510.4831028,-2.0,4.0,-38.0
1776886510.4931028,-1.0,2.0,-35.0
1776886510.5031028,2.0,1.0,-32.0
1776886510.5131028,0.0,0.0,-37.0
1776886510.5231028,-4.0,4.0,-38.0
1776886510.5331028,-5.0,4.0,-35.0
1776886510.5431027,-5.0,2.0,-33.0
1776886510.5531027,-6.0,4.0,-36.0
1776886510.5631027,-3.0,2.0,-41.0
1776886510.5731027,4.0,3.0,-38.0
1776886510.5831027,3.0,5.0,-38.0
1776886510.5931027,4.0,2.0,-41.0
1776886510.6031027,2.0,0.0,-43.0
1776886510.613103,-3.0,0.0,-45.0
1776886510.623103,-3.0,3.0,-44.0
1776886510.633103,-6.0,3.0,-36.0
1776886510.6431026,-7.0,0.0,-37.0
1776886510.6531026,-11.0,1.0,-41.0
1776886510.6631026,-8.0,-1.0,-39.0
1776886510.6731029,-6.0,-7.0,-43.0
1776886510.6831028,-4.0,-5.0,-40.0
1776886510.6931028,-2.0,-4.0,-42.0
1776886510.7031028,-3.0,-9.0,-44.0
1776886510.7131028,-4.0,-8.0,-38.0
1776886510.7231028,-2.0,-14.0,-36.0
1776886510.7331028,2.0,-9.0,-32.0
1776886510.7431028,9.0,-8.0,-31.0
1776886510.7531028,10.0,-4.0,-32.0
1776886510.7631028,8.0,0.0,-27.0
1776886510.7731028,4.0,-5.0,-30.0
1776886510.7831028,0.0,-2.0,-38.0
1776886510.7931027,3.0,1.0,-38.0
1776886510.8031027,6.0,0.0,-30.0
1776886510.8131027,4.0,-2.0,-31.0
1776886510.8231027,2.0,-1.0,-27.0
1776886510.8331027,-2.0,0.0,-29.0
1776886510.8431027,-2.0,0.0,-40.0
1776886510.8531027,-1.0,-2.0,-45.0
1776886510.863103,-4.0,-3.0,-53.0
1776886510.873103,-8.0,-4.0,-54.0
1776886510.883103,-7.0,-5.0,-50.0
1776886510.8931026,-1.0,-5.0,-40.0
1776886510.9031026,0.0,-5.0,-43.0
1776886510.9131026,-2.0,-4.0,-38.0
1776886510.9231029,-3.0,0.0,-34.0
1776886510.9331028,0.0,1.0,-38.0
1776886510.9431028,4.0,4.0,-33.0
1776886510.9531028,3.0,3.0,-32.0
1776886510.9631028,5.0,2.0,-39.0
1776886510.9731028,2.0,0.0,-44.0
1776886510.9831028,3.0,-1.0,-38.0
1776886510.9941027,0.0,0.0,-38.0
1776886511.0041027,-3.0,-1.0,-41.0
1776886511.0141027,-3.0,0.0,-47.0
1776886511.0241027,-1.0,-2.0,-46.0
1776886511.034103,-1.0,0.0,-48.0
1776886511.044103,-5.0,-4.0,-44.0
1776886511.054103,-2.0,-5.0,-41.0
1776886511.0641026,0.0,-4.0,-40.0
1776886511.0741026,4.0,-5.0,-41.0
1776886511.0841026,2.0,-2.0,-44.0
1776886511.0941026,-3.0,2.0,-42.0
1776886511.1041028,-2.0,3.0,-42.0
1776886511.1141028,1.0,2.0,-47.0
1776886511.1241028,3.0,3.0,-50.0
1776886511.1341028,0.0,1.0,-51.0
1776886511.1441028,-3.0,0.0,-46.0
1776886511.1541028,0.0,-3.0,-43.0
1776886511.1641028,0.0,-2.0,-41.0
1776886511.1741028,0.0,1.0,-42.0
1776886511.1841028,2.0,0.0,-37.0
1776886511.1941028,3.0,0.0,-38.0
1776886511.2041028,3.0,-6.0,-37.0
1776886511.2141027,4.0,-11.0,-40.0
1776886511.2241027,1.0,-11.0,-40.0
1776886511.2341027,0.0,-10.0,-42.0
1776886511.2441027,2.0,-6.0,-40.0
1776886511.2541027,0.0,-4.0,-40.0
1776886511.2641027,-1.0,-4.0,-36.0
1776886511.2741027,-1.0,-6.0,-38.0
1776886511.284103,-1.0,-7.0,-37.0
1776886511.294103,-1.0,-6.0,-36.0
1776886511.304103,-1.0,-5.0,-33.0
1776886511.3141026,1.0,-6.0,-30.0
1776886511.3241026,1.0,-7.0,-27.0
1776886511.3341026,0.0,-4.0,-29.0
1776886511.3441026,-6.0,-6.0,-34.0
1776886511.3541028,-11.0,-2.0,-35.0
1776886511.3641028,-7.0,0.0,-36.0
1776886511.3741028,-9.0,0.0,-39.0
1776886511.3841028,-3.0,0.0,-36.0
1776886511.3941028,0.0,0.0,-34.0
1776886511.4041028,8.0,-7.0,-38.0
1776886511.4141028,10.0,-3.0,-37.0
1776886511.4241028,6.0,-2.0,-35.0
1776886511.4341028,2.0,-2.0,-40.0
1776886511.4441028,0.0,1.0,-39.0
1776886511.4541028,-2.0,-1.0,-37.0
1776886511.4641027,3.0,-4.0,-31.0
1776886511.4741027,5.0,-2.0,-26.0
1776886511.4841027,0.0,-3.0,-32.0
1776886511.4941027,0.0,-6.0,-39.0
1776886511.5041027,-1.0,-4.0,-46.0
1776886511.5141027,0.0,-6.0,-51.0
1776886511.5241027,0.0,-10.0,-44.0
1776886511.534103,0.0,-5.0,-45.0
1776886511.544103,4.0,0.0,-51.0
1776886511.554103,2.0,-2.0,-51.0
1776886511.5641026,0.0,-2.0,-51.0
1776886511.5741026,0.0,1.0,-46.0
1776886511.5841026,-2.0,0.0,-38.0
1776886511.5941026,-1.0,-1.0,-41.0
1776886511.6041028,0.0,0.0,-45.0
1776886511.6141028,-2.0,0.0,-42.0
1776886511.6241028,-3.0,1.0,-42.0
1776886511.6341028,-5.0,0.0,-37.0
1776886511.6441028,0.0,1.0,-35.0
1776886511.6541028,1.0,3.0,-40.0
1776886511.6641028,1.0,0.0,-48.0
1776886511.6741028,-2.0,0.0,-44.0
1776886511.6841028,-3.0,0.0,-46.0
1776886511.6941028,0.0,-1.0,-46.0
1776886511.7041028,-6.0,2.0,-40.0
1776886511.7141027,-8.0,3.0,-37.0
1776886511.7241027,-5.0,2.0,-34.0
1776886511.7341027,-1.0,0.0,-34.0
1776886511.7441027,1.0,-3.0,-33.0
1776886511.7541027,-1.0,-5.0,-35.0
1776886511.7641027,0.0,-4.0,-44.0
1776886511.7741027,0.0,-1.0,-41.0
1776886511.784103,-2.0,-3.0,-40.0
1776886511.794103,-3.0,0.0,-36.0
1776886511.804103,-2.0,2.0,-36.0
1776886511.8141026,-6.0,1.0,-39.0
1776886511.8241026,-7.0,0.0,-42.0
1776886511.8341026,-5.0,2.0,-47.0
1776886511.8441026,-3.0,1.0,-40.0
1776886511.8541028,-3.0,0.0,-37.0
1776886511.8641028,-3.0,-3.0,-37.0
1776886511.8741028,0.0,-4.0,-38.0
1776886511.8841028,7.0,-1.0,-35.0
1776886511.8941028,8.0,-1.0,-37.0
1776886511.9041028,6.0,0.0,-38.0
1776886511.9141028,5.0,1.0,-37.0
1776886511.9241028,3.0,0.0,-36.0
1776886511.9341028,1.0,-3.0,-39.0
1776886511.9441028,0.0,-4.0,-40.0
1776886511.9541028,2.0,-5.0,-44.0
1776886511.9641027,3.0,0.0,-38.0
1776886511.9741027,2.0,0.0,-33.0
1776886511.9841027,4.0,-1.0,-33.0
1776886511.9941027,9.0,-4.0,-37.0
1776886512.0041027,5.0,-4.0,-35.0
1776886512.0141027,3.0,-3.0,-34.0
1776886512.0241027,5.0,-4.0,-27.0
1776886512.034103,4.0,-4.0,-31.0
1776886512.044103,4.0,-7.0,-38.0
1776886512.054103,1.0,-8.0,-29.0
1776886512.0641026,1.0,-1.0,-36.0
1776886512.0741026,0.0,-3.0,-36.0
1776886512.0841026,0.0,-5.0,-34.0
1776886512.0941026,4.0,-5.0,-35.0
1776886512.1041028,1.0,-2.0,-37.0
1776886512.1141028,1.0,-1.0,-35.0
1776886512.1241028,0.0,-5.0,-30.0
1776886512.1341028,3.0,-2.0,-36.0
1776886512.1441028,4.0,-7.0,-38.0
1776886512.1541028,3.0,-6.0,-42.0
1776886512.1641028,0.0,-6.0,-48.0
1776886512.1741028,0.0,-5.0,-49.0
1776886512.1841028,0.0,-9.0,-43.0
1776886512.1941028,-1.0,-9.0,-44.0
1776886512.2041028,-4.0,-6.0,-48.0
1776886512.2141027,-3.0,-8.0,-35.0
1776886512.2241027,-2.0,-8.0,-33.0
1776886512.2341027,0.0,-7.0,-37.0
1776886512.2441027,-1.0,-6.0,-41.0
1776886512.2541027,1.0,0.0,-41.0
1776886512.2641027,2.0,3.0,-45.0
1776886512.2741027,0.0,2.0,-43.0
1776886512.284103,1.0,2.0,-49.0
1776886512.294103,2.0,-1.0,-41.0
1776886512.3051028,0.0,2.0,-40.0
1776886512.3141026,0.0,-2.0,-40.0
1776886512.3241026,-1.0,-1.0,-40.0
1776886512.3341026,-1.0,-4.0,-39.0
1776886512.3441026,-1.0,0.0,-41.0
1776886512.3541028,0.0,0.0,-41.0
1776886512.3641028,0.0,-2.0,-45.0
1776886512.3741028,0.0,-2.0,-46.0
1776886512.3841028,-4.0,-2.0,-44.0
1776886512.3941028,-6.0,-1.0,-30.0
1776886512.4041028,-6.0,-6.0,-27.0
1776886512.4141028,-3.0,-4.0,-31.0
1776886512.4241028,-5.0,-2.0,-38.0
1776886512.4341028,-5.0,1.0,-44.0
1776886512.4441028,-4.0,3.0,-42.0
1776886512.4541028,0.0,2.0,-43.0
1776886512.4641027,2.0,-2.0,-46.0
1776886512.4741027,5.0,-1.0,-40.0
1776886512.4841027,11.0,-5.0,-37.0
1776886512.4941027,12.0,-3.0,-40.0
1776886512.5041027,12.0,-2.0,-41.0
1776886512.5141027,10.0,-3.0,-41.0
1776886512.5241027,8.0,-3.0,-35.0
1776886512.534103,3.0,-1.0,-32.0
1776886512.544103,2.0,-2.0,-34.0
1776886512.554103,5.0,0.0,-37.0
1776886512.5641026,6.0,-1.0,-43.0
1776886512.5741026,5.0,-2.0,-34.0
1776886512.5841026,4.0,-2.0,-36.0
1776886512.5941026,7.0,-6.0,-39.0
1776886512.6041028,3.0,-6.0,-40.0
1776886512.6141028,4.0,-4.0,-38.0
1776886512.6241028,3.0,-3.0,-36.0
1776886512.6341028,1.0,-3.0,-40.0
1776886512.6441028,0.0,-3.0,-44.0
1776886512.6541028,4.0,-1.0,-49.0
1776886512.6641028,4.0,0.0,-47.0
1776886512.6741028,1.0,3.0,-42.0
1776886512.6841028,0.0,1.0,-40.0
1776886512.6941028,1.0,0.0,-36.0
1776886512.7041028,3.0,-2.0,-42.0
1776886512.7141027,4.0,-4.0,-38.0
1776886512.7241027,2.0,-3.0,-39.0
1776886512.7341027,2.0,-5.0,-43.0
1776886512.7441027,-3.0,-2.0,-44.0
1776886512.7541027,1.0,-4.0,-45.0
1776886512.7641027,6.0,-2.0,-42.0
1776886512.7741027,5.0,0.0,-37.0
1776886512.784103,2.0,0.0,-29.0
1776886512.794103,1.0,2.0,-28.0
1776886512.804103,-3.0,3.0,-31.0
1776886512.8141026,-6.0,2.0,-36.0
1776886512.8241026,-5.0,4.0,-40.0
1776886512.8341026,-1.0,0.0,-39.0
1776886512.8441026,2.0,-3.0,-39.0
1776886512.8541028,-1.0,-1.0,-31.0
1776886512.8641028,0.0,-4.0,-27.0
1776886512.8741028,0.0,-3.0,-27.0
1776886512.8841028,-1.0,1.0,-32.0
1776886512.8941028,-2.0,2.0,-31.0
1776886512.9041028,-2.0,4.0,-30.0
1776886512.9141028,2.0,2.0,-28.0
1776886512.9241028,4.0,2.0,-27.0
1776886512.9341028,3.0,-2.0,-30.0
1776886512.9441028,3.0,-2.0,-29.0
1776886512.9541028,0.0,-1.0,-30.0
1776886512.9641027,-4.0,0.0,-37.0
1776886512.975103,-4.0,1.0,-43.0
1776886512.985103,-7.0,-1.0,-43.0
1776886512.9951026,-10.0,-5.0,-47.0
1776886513.0051026,-7.0,-9.0,-46.0
1776886513.0151026,-3.0,-9.0,-41.0
1776886513.0251029,-1.0,-7.0,-45.0
1776886513.0351028,-3.0,-4.0,-47.0
1776886513.0451028,0.0,-9.0,-40.0
1776886513.0551028,-1.0,-6.0,-37.0
1776886513.0651028,1.0,-3.0,-35.0
1776886513.0751028,1.0,1.0,-39.0
1776886513.0851028,2.0,6.0,-43.0
1776886513.0951028,0.0,4.0,-41.0
1776886513.1051028,2.0,1.0,-40.0
1776886513.1151028,0.0,-3.0,-43.0
1776886513.1251028,-2.0,-5.0,-37.0
1776886513.1351027,0.0,-2.0,-32.0
1776886513.1451027,1.0,-2.0,-39.0
1776886513.1551027,6.0,1.0,-44.0
1776886513.1651027,5.0,6.0,-44.0
1776886513.1751027,8.0,7.0,-40.0
1776886513.1851027,6.0,8.0,-41.0
1776886513.1951027,7.0,4.0,-38.0
1776886513.2051027,4.0,1.0,-40.0
1776886513.215103,3.0,-1.0,-34.0
1776886513.225103,2.0,-3.0,-36.0
1776886513.235103,0.0,-1.0,-34.0
1776886513.2451026,0.0,-5.0,-35.0
1776886513.2551026,1.0,-3.0,-35.0
1776886513.2651026,0.0,-3.0,-36.0
1776886513.2751029,2.0,-6.0,-37.0
1776886513.2851028,-4.0,-7.0,-37.0
1776886513.2951028,-2.0,-6.0,-35.0
1776886513.3051028,0.0,-6.0,-36.0
1776886513.3151028,0.0,-3.0,-38.0
1776886513.3251028,3.0,-5.0,-37.0
1776886513.3351028,8.0,-1.0,-39.0
1776886513.3451028,9.0,0.0,-44.0
1776886513.3551028,10.0,-1.0,-49.0
1776886513.3651028,9.0,-5.0,-46.0
1776886513.3751028,5.0,-3.0,-50.0
1776886513.3851027,5.0,-2.0,-54.0
1776886513.3951027,1.0,-5.0,-44.0
1776886513.4051027,0.0,-6.0,-40.0
1776886513.4151027,-2.0,-1.0,-43.0
1776886513.4251027,-2.0,2.0,-45.0
1776886513.4351027,0.0,4.0,-40.0
1776886513.4451027,0.0,2.0,-41.0
1776886513.4551027,3.0,3.0,-40.0
1776886513.465103,1.0,5.0,-46.0
1776886513.475103,0.0,5.0,-46.0
1776886513.485103,-2.0,4.0,-43.0
1776886513.4951026,-5.0,6.0,-40.0
1776886513.5051026,-6.0,3.0,-44.0
1776886513.5151026,-3.0,2.0,-47.0
1776886513.5251029,-4.0,3.0,-43.0
1776886513.5351028,-2.0,0.0,-47.0
1776886513.5451028,1.0,0.0,-45.0
1776886513.5551028,-1.0,0.0,-41.0
1776886513.5651028,-3.0,-3.0,-41.0
1776886513.5751028,-4.0,-3.0,-46.0
1776886513.5851028,-2.0,-3.0,-42.0
1776886513.5951028,-1.0,-2.0,-46.0
1776886513.6051028,-7.0,-3.0,-40.0
1776886513.6151028,-2.0,0.0,-34.0
1776886513.6251028,0.0,2.0,-41.0
1776886513.6351027,1.0,0.0,-44.0
1776886513.6451027,-3.0,1.0,-51.0
1776886513.6551027,-1.0,0.0,-51.0
1776886513.6651027,2.0,0.0,-46.0
1776886513.6751027,7.0,1.0,-43.0
1776886513.6851027,5.0,0.0,-37.0
1776886513.6951027,0.0,4.0,-43.0
1776886513.7051027,5.0,3.0,-38.0
1776886513.715103,4.0,0.0,-39.0
1776886513.725103,1.0,-3.0,-38.0
1776886513.735103,3.0,-3.0,-36.0
1776886513.7451026,2.0,-3.0,-35.0
1776886513.7551026,1.0,-3.0,-32.0
1776886513.7651026,-1.0,-5.0,-37.0
1776886513.7751029,-6.0,-4.0,-40.0
1776886513.7851028,-8.0,-1.0,-37.0
1776886513.7951028,-4.0,-4.0,-39.0
1776886513.8051028,0.0,-6.0,-43.0
1776886513.8151028,4.0,-8.0,-33.0
1776886513.8251028,1.0,-8.0,-31.0
1776886513.8351028,1.0,-6.0,-34.0
1776886513.8451028,-2.0,-9.0,-42.0
1776886513.8551028,-1.0,-6.0,-46.0
1776886513.8651028,-4.0,-6.0,-47.0
1776886513.8751028,0.0,-5.0,-46.0
1776886513.8851027,1.0,-7.0,-44.0
1776886513.8951027,1.0,-5.0,-40.0
1776886513.9051027,-4.0,-1.0,-44.0
1776886513.9151027,-1.0,-3.0,-44.0
1776886513.9251027,-2.0,-4.0,-43.0
1776886513.9351027,-3.0,-7.0,-39.0
1776886513.9451027,0.0,-7.0,-35.0
1776886513.9551027,0.0,-9.0,-39.0
1776886513.965103,3.0,-11.0,-36.0
1776886513.975103,2.0,-12.0,-37.0
1776886513.985103,2.0,-10.0,-39.0
1776886513.9951026,2.0,-7.0,-46.0
1776886514.0051026,-1.0,-7.0,-45.0
1776886514.0151026,0.0,-7.0,-39.0
1776886514.0251029,-1.0,-5.0,-41.0
1776886514.0351028,0.0,-3.0,-42.0
1776886514.0451028,0.0,-2.0,-47.0
1776886514.0551028,1.0,-4.0,-42.0
1776886514.0651028,2.0,-1.0,-39.0
1776886514.0751028,-3.0,0.0,-42.0
1776886514.0851028,-1.0,0.0,-45.0
1776886514.0951028,5.0,-4.0,-46.0
1776886514.1051028,3.0,-3.0,-46.0
1776886514.1151028,1.0,-7.0,-46.0
1776886514.1251028,0.0,-7.0,-46.0
1776886514.1351027,3.0,-3.0,-50.0
1776886514.1451027,1.0,-1.0,-41.0
1776886514.1551027,4.0,0.0,-41.0
1776886514.1651027,5.0,2.0,-39.0
1776886514.1751027,1.0,0.0,-41.0
1776886514.1851027,2.0,1.0,-44.0
1776886514.1951027,0.0,-1.0,-44.0
1776886514.2051027,-1.0,-4.0,-38.0
1776886514.215103,0.0,-5.0,-43.0
1776886514.225103,0.0,-1.0,-46.0
1776886514.235103,-2.0,-3.0,-50.0
1776886514.2451026,-3.0,-1.0,-50.0
1776886514.2551026,-3.0,0.0,-43.0
1776886514.2651026,1.0,-1.0,-43.0
1776886514.2751029,0.0,0.0,-43.0
1776886514.2851028,-3.0,1.0,-47.0
1776886514.2951028,-4.0,1.0,-50.0
1776886514.3051028,-2.0,0.0,-46.0
1776886514.3151028,-5.0,-2.0,-45.0
1776886514.3251028,-5.0,0.0,-45.0
1776886514.3351028,-3.0,-2.0,-43.0
1776886514.3451028,2.0,-2.0,-44.0
1776886514.3551028,0.0,0.0,-47.0
1776886514.3651028,1.0,-1.0,-48.0
1776886514.3751028,1.0,-1.0,-37.0
1776886514.3851027,0.0,-2.0,-28.0
1776886514.3951027,-2.0,-2.0,-32.0
1776886514.4051027,-4.0,-2.0,-40.0
1776886514.4151027,-3.0,-1.0,-36.0
1776886514.4251027,-3.0,-4.0,-39.0
1776886514.4351027,1.0,0.0,-40.0
1776886514.4451027,4.0,-1.0,-37.0
1776886514.4551027,2.0,-1.0,-36.0
1776886514.465103,0.0,-2.0,-35.0
1776886514.475103,-1.0,-6.0,-30.0
1776886514.485103,-3.0,-3.0,-30.0
1776886514.4951026,-3.0,-6.0,-39.0
1776886514.5051026,-2.0,-11.0,-37.0
1776886514.5151026,1.0,-7.0,-30.0
1776886514.5251029,2.0,-8.0,-32.0
1776886514.5351028,3.0,-8.0,-38.0
1776886514.5451028,0.0,-6.0,-44.0
1776886514.5551028,0.0,-2.0,-47.0
1776886514.5651028,1.0,-6.0,-42.0
1776886514.5751028,1.0,-5.0,-42.0
1776886514.5851028,1.0,-1.0,-38.0
1776886514.5951028,1.0,0.0,-37.0
1776886514.6051028,1.0,-1.0,-37.0
1776886514.6151028,3.0,-5.0,-35.0
1776886514.6251028,1.0,-5.0,-34.0
1776886514.6351027,0.0,-4.0,-33.0
1776886514.6451027,2.0,-5.0,-39.0
1776886514.6551027,5.0,-7.0,-41.0
1776886514.6651027,4.0,-5.0,-43.0
1776886514.6751027,3.0,0.0,-39.0
1776886514.6851027,7.0,0.0,-38.0
1776886514.6951027,6.0,3.0,-36.0
1776886514.7051027,5.0,3.0,-34.0
1776886514.715103,4.0,3.0,-29.0
1776886514.725103,8.0,4.0,-28.0
1776886514.735103,7.0,0.0,-27.0
1776886514.7451026,6.0,0.0,-34.0
1776886514.7551026,8.0,0.0,-33.0
1776886514.7651026,4.0,0.0,-35.0
1776886514.7751029,4.0,6.0,-39.0
1776886514.7851028,1.0,5.0,-42.0
1776886514.7951028,0.0,3.0,-41.0
1776886514.8051028,-3.0,2.0,-39.0
1776886514.8151028,-8.0,0.0,-41.0
1776886514.8251028,-5.0,3.0,-46.0
1776886514.8351028,-9.0,4.0,-45.0
1776886514.8451028,-5.0,-2.0,-44.0
1776886514.8551028,-5.0,-7.0,-42.0
1776886514.8651028,-3.0,-6.0,-43.0
1776886514.8751028,-4.0,-4.0,-39.0
1776886514.8851027,2.0,-3.0,-32.0
1776886514.8951027,5.0,-3.0,-32.0
1776886514.9051027,1.0,-6.0,-31.0
1776886514.9151027,-1.0,-5.0,-36.0
1776886514.9251027,1.0,-10.0,-40.0
1776886514.9351027,4.0,-11.0,-41.0
1776886514.9451027,-1.0,-9.0,-38.0
1776886514.9551027,1.0,-6.0,-40.0
1776886514.9661028,0.0,-7.0,-41.0
1776886514.975103,1.0,-4.0,-41.0
1776886514.9861028,3.0,-4.0,-42.0
1776886514.9961028,6.0,-4.0,-41.0
1776886515.0061028,4.0,-4.0,-39.0
1776886515.0161028,2.0,3.0,-40.0
1776886515.0261028,5.0,0.0,-38.0
1776886515.0361028,8.0,2.0,-36.0
1776886515.0461028,6.0,7.0,-37.0
1776886515.0561028,6.0,2.0,-37.0
1776886515.0661027,4.0,2.0,-45.0
1776886515.0761027,4.0,0.0,-38.0
1776886515.0861027,4.0,2.0,-39.0
1776886515.0961027,1.0,1.0,-41.0
1776886515.1061027,1.0,3.0,-38.0
1776886515.1161027,1.0,3.0,-34.0
1776886515.1261027,1.0,1.0,-32.0
1776886515.136103,1.0,0.0,-35.0
1776886515.146103,2.0,3.0,-36.0
1776886515.156103,0.0,1.0,-41.0
1776886515.1661026,0.0,-2.0,-37.0
1776886515.1761026,0.0,-5.0,-38.0
1776886515.1861026,1.0,-6.0,-35.0
1776886515.1961029,4.0,-4.0,-36.0
1776886515.2061028,5.0,-4.0,-31.0
1776886515.2161028,5.0,-3.0,-40.0
1776886515.2261028,0.0,0.0,-39.0
1776886515.2361028,-2.0,-1.0,-41.0
1776886515.2461028,-3.0,0.0,-43.0
1776886515.2561028,-4.0,0.0,-41.0
1776886515.2661028,0.0,1.0,-37.0
1776886515.2761028,3.0,0.0,-35.0
1776886515.2861028,2.0,-5.0,-38.0
1776886515.2961028,0.0,-7.0,-37.0
1776886515.3061028,2.0,-4.0,-37.0
1776886515.3161027,2.0,-5.0,-39.0
1776886515.3261027,0.0,-3.0,-43.0
1776886515.3361027,0.0,-2.0,-45.0
1776886515.3471026,2.0,-3.0,-46.0
1776886515.3561027,2.0,-5.0,-43.0
1776886515.3661027,5.0,-7.0,-47.0
1776886515.3761027,6.0,-6.0,-45.0
1776886515.386103,4.0,-7.0,-32.0
1776886515.396103,3.0,-4.0,-28.0
1776886515.406103,3.0,-3.0,-31.0
1776886515.4161026,1.0,-2.0,-33.0
1776886515.4261026,1.0,0.0,-34.0
1776886515.4361026,-3.0,-4.0,-32.0
1776886515.4461029,-4.0,-3.0,-32.0
1776886515.4561028,0.0,-7.0,-32.0
1776886515.4661028,0.0,-7.0,-29.0
1776886515.4761028,0.0,-4.0,-30.0
1776886515.4861028,9.0,1.0,-25.0
1776886515.4961028,8.0,0.0,-21.0
1776886515.5061028,1.0,0.0,-16.0
1776886515.5161028,4.0,0.0,-20.0
1776886515.5261028,0.0,-9.0,-26.0
1776886515.5361028,2.0,-8.0,-32.0
1776886515.5461028,-3.0,-5.0,-40.0
1776886515.5561028,-2.0,-5.0,-45.0
1776886515.5661027,0.0,-4.0,-44.0
1776886515.5761027,-3.0,-5.0,-37.0
1776886515.5861027,-3.0,-2.0,-32.0
1776886515.5961027,-8.0,0.0,-32.0
1776886515.6061027,-5.0,-1.0,-31.0
1776886515.6161027,1.0,-2.0,-37.0
1776886515.6261027,0.0,0.0,-46.0
1776886515.636103,3.0,3.0,-46.0
1776886515.646103,7.0,0.0,-45.0
1776886515.656103,7.0,0.0,-47.0
1776886515.6661026,4.0,-1.0,-56.0
1776886515.6761026,6.0,-4.0,-54.0
1776886515.6861026,10.0,1.0,-48.0
1776886515.6961029,8.0,4.0,-40.0
1776886515.7061028,4.0,0.0,-39.0
1776886515.7161028,9.0,3.0,-39.0
1776886515.7261028,5.0,5.0,-42.0
1776886515.7361028,3.0,2.0,-39.0
1776886515.7461028,2.0,3.0,-35.0
1776886515.7561028,2.0,4.0,-35.0
1776886515.7661028,7.0,4.0,-35.0
1776886515.7761028,10.0,3.0,-35.0
1776886515.7861028,7.0,4.0,-40.0
1776886515.7961028,8.0,-2.0,-40.0
1776886515.8061028,1.0,-2.0,-38.0
1776886515.8161027,1.0,0.0,-35.0
1776886515.8261027,0.0,-5.0,-36.0
1776886515.8361027,1.0,-4.0,-29.0
1776886515.8461027,-1.0,-5.0,-33.0
1776886515.8561027,2.0,-3.0,-30.0
1776886515.8661027,6.0,-2.0,-36.0
1776886515.8761027,4.0,-4.0,-39.0
1776886515.886103,6.0,-1.0,-46.0
1776886515.896103,2.0,1.0,-48.0
1776886515.906103,0.0,0.0,-47.0
1776886515.9161026,0.0,2.0,-43.0
1776886515.9261026,-4.0,1.0,-42.0
1776886515.9361026,-2.0,2.0,-43.0
1776886515.9461029,-1.0,3.0,-43.0
1776886515.9561028,-2.0,3.0,-50.0
1776886515.9661028,0.0,1.0,-50.0
1776886515.9761028,7.0,3.0,-43.0
1776886515.9861028,5.0,0.0,-41.0
1776886515.9961028,3.0,-1.0,-40.0
1776886516.0061028,6.0,0.0,-39.0
1776886516.0161028,6.0,-2.0,-41.0
1776886516.0261028,3.0,-6.0,-37.0
1776886516.0361028,0.0,-9.0,-35.0
1776886516.0461028,0.0,-7.0,-28.0
1776886516.0561028,8.0,-5.0,-28.0
1776886516.0661027,9.0,-5.0,-28.0
1776886516.0761027,6.0,-2.0,-30.0
1776886516.0861027,5.0,-1.0,-33.0
1776886516.0961027,5.0,-6.0,-36.0
1776886516.1061027,1.0,1.0,-41.0
1776886516.1161027,1.0,4.0,-41.0
1776886516.1261027,0.0,6.0,-40.0
1776886516.136103,-2.0,10.0,-46.0
1776886516.146103,0.0,6.0,-37.0
1776886516.156103,1.0,5.0,-40.0
1776886516.1661026,-2.0,7.0,-42.0
1776886516.1761026,-2.0,2.0,-45.0
1776886516.1861026,0.0,-1.0,-48.0
1776886516.1961029,1.0,-2.0,-41.0
1776886516.2061028,2.0,-3.0,-40.0
1776886516.2161028,3.0,0.0,-33.0
1776886516.2261028,7.0,-3.0,-33.0
1776886516.2361028,9.0,-3.0,-36.0
1776886516.2461028,4.0,0.0,-32.0
1776886516.2561028,5.0,-3.0,-34.0
1776886516.2661028,5.0,-2.0,-37.0
1776886516.2761028,6.0,-4.0,-43.0
1776886516.2861028,6.0,-2.0,-36.0
1776886516.2961028,2.0,-1.0,-37.0
1776886516.3061028,0.0,-1.0,-41.0
1776886516.3161027,0.0,-3.0,-37.0
1776886516.3261027,-3.0,-4.0,-37.0
1776886516.3361027,-5.0,0.0,-36.0
1776886516.3461027,-5.0,-2.0,-30.0
1776886516.3561027,-3.0,-1.0,-31.0
1776886516.3661027,0.0,-2.0,-37.0
1776886516.3761027,-2.0,-1.0,-40.0
1776886516.386103,0.0,-2.0,-40.0
1776886516.396103,0.0,-9.0,-43.0
1776886516.406103,7.0,-10.0,-43.0
1776886516.4161026,3.0,-8.0,-39.0
1776886516.4261026,4.0,-5.0,-26.0
1776886516.4361026,5.0,0.0,-29.0
1776886516.4461029,5.0,0.0,-36.0
1776886516.4561028,0.0,2.0,-43.0
1776886516.4661028,0.0,0.0,-43.0
1776886516.4761028,-1.0,3.0,-41.0
1776886516.4861028,-5.0,2.0,-37.0
1776886516.4961028,-1.0,5.0,-40.0
1776886516.5061028,3.0,3.0,-42.0
1776886516.5161028,2.0,3.0,-46.0
1776886516.5261028,0.0,1.0,-43.0
1776886516.5361028,-2.0,0.0,-41.0
1776886516.5461028,-2.0,-1.0,-42.0
1776886516.5561028,-1.0,-3.0,-45.0
1776886516.5661027,1.0,-4.0,-44.0
1776886516.5761027,0.0,-3.0,-41.0
1776886516.5861027,2.0,-2.0,-43.0
1776886516.5961027,5.0,0.0,-39.0
1776886516.6061027,6.0,1.0,-35.0
1776886516.6161027,5.0,0.0,-34.0
1776886516.6261027,6.0,-1.0,-38.0
1776886516.636103,8.0,-3.0,-36.0
1776886516.646103,5.0,-4.0,-30.0
1776886516.656103,2.0,-2.0,-28.0
1776886516.6661026,3.0,-2.0,-31.0
1776886516.6761026,2.0,1.0,-28.0
1776886516.6861026,6.0,3.0,-30.0
1776886516.6961029,2.0,4.0,-35.0
1776886516.7061028,-5.0,7.0,-35.0
1776886516.7161028,-6.0,8.0,-37.0
1776886516.7261028,-7.0,5.0,-38.0
1776886516.7361028,-1.0,7.0,-38.0
1776886516.7461028,-4.0,4.0,-33.0
1776886516.7561028,-4.0,1.0,-35.0
1776886516.7661028,-6.0,-1.0,-36.0
1776886516.7761028,-3.0,-4.0,-38.0
1776886516.7861028,-3.0,-6.0,-45.0
1776886516.7961028,-8.0,-5.0,-35.0
1776886516.8061028,-8.0,-4.0,-34.0
1776886516.8161027,-6.0,-4.0,-36.0
1776886516.8261027,-4.0,-4.0,-37.0
1776886516.8361027,-7.0,-5.0,-37.0
1776886516.8461027,-5.0,-7.0,-37.0
1776886516.8561027,0.0,-4.0,-41.0
1776886516.8661027,-4.0,-6.0,-36.0
1776886516.8761027,-5.0,-6.0,-33.0
1776886516.886103,-4.0,0.0,-37.0
1776886516.896103,0.0,-5.0,-38.0
1776886516.906103,4.0,-1.0,-54.0
1776886516.9161026,8.0,-1.0,-52.0
1776886516.9261026,3.0,1.0,-48.0
1776886516.9361026,2.0,2.0,-46.0
1776886516.9471028,1.0,1.0,-40.0
1776886516.9561028,7.0,-1.0,-38.0
1776886516.9661028,6.0,-4.0,-34.0
1776886516.9771028,8.0,-4.0,-33.0
1776886516.9871027,7.0,-4.0,-36.0
1776886516.9971027,7.0,-4.0,-36.0
1776886517.0071027,4.0,1.0,-34.0
1776886517.0171027,3.0,1.0,-33.0
1776886517.0271027,3.0,-1.0,-28.0
1776886517.0371027,4.0,0.0,-33.0
1776886517.0471027,0.0,0.0,-33.0
1776886517.057103,0.0,0.0,-36.0
1776886517.067103,0.0,-2.0,-36.0
1776886517.077103,3.0,-3.0,-37.0
1776886517.087103,7.0,-1.0,-35.0
1776886517.0971026,4.0,-6.0,-37.0
1776886517.1071026,2.0,-7.0,-38.0
1776886517.1171026,1.0,-6.0,-37.0
1776886517.1271029,5.0,0.0,-50.0
1776886517.1371028,9.0,1.0,-50.0
1776886517.1471028,5.0,0.0,-46.0
1776886517.1571028,0.0,-1.0,-45.0
1776886517.1671028,0.0,-1.0,-46.0
1776886517.1771028,0.0,-4.0,-43.0
1776886517.1871028,0.0,-2.0,-40.0
1776886517.1971028,0.0,-4.0,-44.0
1776886517.2071028,2.0,-1.0,-47.0
1776886517.2171028,2.0,-3.0,-45.0
1776886517.2271028,6.0,-6.0,-44.0
1776886517.2371027,4.0,-2.0,-44.0
1776886517.2471027,4.0,0.0,-49.0
1776886517.2571027,6.0,-1.0,-46.0
1776886517.2671027,10.0,-7.0,-45.0
1776886517.2771027,10.0,-7.0,-48.0
1776886517.2871027,5.0,-8.0,-45.0
1776886517.2971027,7.0,-4.0,-37.0
1776886517.307103,3.0,-3.0,-37.0
1776886517.317103,3.0,-5.0,-39.0
1776886517.327103,1.0,-6.0,-38.0
1776886517.337103,-1.0,-3.0,-35.0
1776886517.3471026,0.0,0.0,-42.0
1776886517.3571026,0.0,0.0,-44.0
1776886517.3671026,4.0,3.0,-41.0
1776886517.3771029,9.0,4.0,-40.0
1776886517.3871028,15.0,-1.0,-42.0
1776886517.3971028,15.0,-3.0,-42.0
1776886517.4071028,10.0,-6.0,-41.0
1776886517.4171028,7.0,-6.0,-44.0
1776886517.4271028,2.0,-5.0,-45.0
1776886517.4371028,2.0,-8.0,-46.0
1776886517.4471028,4.0,-9.0,-46.0
1776886517.4571028,5.0,-7.0,-45.0
1776886517.4671028,7.0,-1.0,-47.0
1776886517.4771028,6.0,2.0,-47.0
1776886517.4871027,9.0,-2.0,-41.0
1776886517.4971027,6.0,1.0,-37.0
1776886517.5071027,4.0,2.0,-44.0
1776886517.5171027,8.0,1.0,-36.0
1776886517.5271027,3.0,2.0,-44.0
1776886517.5371027,-2.0,0.0,-47.0
1776886517.5471027,-2.0,2.0,-47.0
1776886517.557103,-5.0,-1.0,-40.0
1776886517.567103,-4.0,-2.0,-38.0
1776886517.577103,-2.0,-3.0,-34.0
1776886517.587103,-1.0,-3.0,-35.0
1776886517.5971026,0.0,-5.0,-37.0
1776886517.6071026,3.0,-2.0,-40.0
1776886517.6171026,3.0,-5.0,-42.0
1776886517.6271029,2.0,-3.0,-44.0
1776886517.6371028,0.0,-1.0,-40.0
1776886517.6471028,-1.0,-1.0,-35.0
1776886517.6571028,-1.0,-1.0,-40.0
1776886517.6671028,-5.0,-5.0,-46.0
1776886517.6771028,0.0,-4.0,-44.0
1776886517.6871028,2.0,-4.0,-40.0
1776886517.6971028,0.0,0.0,-42.0
1776886517.7071028,0.0,0.0,-46.0
1776886517.7171028,3.0,0.0,-50.0
1776886517.7271028,4.0,0.0,-46.0
1776886517.7371027,0.0,-4.0,-41.0
1776886517.7471027,4.0,-4.0,-33.0
1776886517.7571027,6.0,-6.0,-31.0
1776886517.7671027,0.0,-6.0,-34.0
1776886517.7771027,0.0,-5.0,-35.0
1776886517.7871027,-3.0,-6.0,-35.0
1776886517.7971027,0.0,-4.0,-37.0
1776886517.807103,0.0,-2.0,-32.0
1776886517.817103,0.0,-4.0,-32.0
1776886517.827103,1.0,-3.0,-40.0
1776886517.837103,1.0,-5.0,-39.0
1776886517.8471026,4.0,-7.0,-34.0
1776886517.8571026,0.0,-7.0,-29.0
1776886517.8671026,1.0,-13.0,-30.0
1776886517.8771029,0.0,-12.0,-31.0
1776886517.8871028,2.0,-12.0,-30.0
1776886517.8971028,1.0,-11.0,-36.0
1776886517.9071028,3.0,-7.0,-37.0
1776886517.9171028,5.0,-7.0,-47.0
1776886517.9271028,7.0,-6.0,-48.0
1776886517.9371028,6.0,-4.0,-39.0
1776886517.9471028,5.0,0.0,-45.0
1776886517.9571028,6.0,-1.0,-37.0
1776886517.9671028,7.0,-3.0,-34.0
1776886517.9771028,9.0,-4.0,-36.0
1776886517.9871027,4.0,-3.0,-43.0
1776886517.9971027,-1.0,0.0,-43.0
1776886518.0071027,-3.0,1.0,-40.0
1776886518.0171027,0.0,0.0,-38.0
1776886518.0271027,0.0,-1.0,-39.0
1776886518.0371027,3.0,-2.0,-39.0
1776886518.0471027,-1.0,0.0,-34.0
1776886518.057103,0.0,-3.0,-35.0
1776886518.067103,1.0,-7.0,-28.0
1776886518.077103,2.0,-8.0,-24.0
1776886518.087103,-1.0,-3.0,-24.0
1776886518.0971026,-4.0,-2.0,-26.0
1776886518.1071026,-3.0,-2.0,-34.0
1776886518.1171026,-6.0,-2.0,-34.0
1776886518.1271029,-7.0,-1.0,-37.0
1776886518.1371028,-4.0,0.0,-31.0
1776886518.1471028,-5.0,-7.0,-38.0
1776886518.1571028,-4.0,-5.0,-36.0
1776886518.1671028,0.0,-2.0,-34.0
1776886518.1771028,1.0,-4.0,-27.0
1776886518.1871028,-3.0,-3.0,-30.0
1776886518.1971028,-2.0,-4.0,-31.0
1776886518.2071028,-3.0,-3.0,-37.0
1776886518.2171028,0.0,-2.0,-32.0
1776886518.2271028,-1.0,0.0,-32.0
1776886518.2371027,-1.0,0.0,-33.0
1776886518.2471027,2.0,-2.0,-34.0
1776886518.2571027,6.0,-4.0,-39.0
1776886518.2671027,7.0,-3.0,-43.0
1776886518.2771027,11.0,0.0,-51.0
1776886518.2871027,5.0,-1.0,-44.0
1776886518.2981029,3.0,-4.0,-41.0
1776886518.307103,5.0,-2.0,-40.0
1776886518.317103,6.0,-1.0,-43.0
1776886518.327103,8.0,1.0,-44.0
1776886518.337103,2.0,0.0,-38.0
1776886518.3471026,-2.0,-1.0,-32.0
1776886518.3571026,-3.0,-4.0,-27.0
1776886518.3671026,-1.0,-1.0,-27.0
1776886518.3771029,-1.0,-1.0,-29.0
1776886518.3871028,-5.0,0.0,-34.0
1776886518.3971028,-8.0,-1.0,-38.0
1776886518.4071028,-3.0,1.0,-35.0
1776886518.4171028,-2.0,2.0,-37.0
1776886518.4271028,0.0,1.0,-29.0
1776886518.4371028,-1.0,-1.0,-36.0
1776886518.4471028,0.0,0.0,-41.0
1776886518.4571028,0.0,-1.0,-38.0
1776886518.4671028,-5.0,0.0,-39.0
1776886518.4771028,2.0,-1.0,-41.0
1776886518.4871027,0.0,-1.0,-42.0
1776886518.4971027,-4.0,0.0,-38.0
1776886518.5071027,-3.0,1.0,-40.0
1776886518.5171027,-1.0,-1.0,-47.0
1776886518.5271027,5.0,2.0,-49.0
1776886518.5371027,3.0,3.0,-50.0
1776886518.5471027,4.0,0.0,-45.0
1776886518.557103,5.0,0.0,-45.0
1776886518.567103,3.0,-3.0,-46.0
1776886518.577103,3.0,-6.0,-48.0
1776886518.587103,3.0,-6.0,-42.0
1776886518.5971026,0.0,-7.0,-35.0
1776886518.6071026,0.0,-6.0,-39.0
1776886518.6171026,3.0,-4.0,-38.0
1776886518.6271029,2.0,-5.0,-41.0
1776886518.6371028,0.0,-3.0,-37.0
1776886518.6471028,0.0,-4.0,-37.0
1776886518.6571028,-2.0,-9.0,-28.0
1776886518.6671028,-2.0,-6.0,-32.0
1776886518.6771028,-1.0,-4.0,-27.0
1776886518.6871028,-3.0,-5.0,-34.0
1776886518.6971028,-5.0,-3.0,-40.0
1776886518.7071028,-5.0,0.0,-40.0
1776886518.7171028,-4.0,0.0,-42.0
1776886518.7271028,-2.0,-5.0,-36.0
1776886518.7371027,0.0,-2.0,-38.0
1776886518.7471027,1.0,0.0,-40.0
1776886518.7571027,2.0,-1.0,-44.0
1776886518.7671027,3.0,-1.0,-49.0
1776886518.7771027,7.0,-2.0,-50.0
1776886518.7871027,1.0,-6.0,-46.0
1776886518.7971027,-1.0,-9.0,-45.0
1776886518.807103,0.0,-11.0,-42.0
1776886518.817103,-4.0,-8.0,-42.0
1776886518.827103,-6.0,-1.0,-43.0
1776886518.837103,-2.0,0.0,-44.0
1776886518.8471026,0.0,0.0,-45.0
1776886518.8571026,0.0,-6.0,-41.0
1776886518.8671026,-2.0,-9.0,-34.0
1776886518.8771029,0.0,-9.0,-33.0
1776886518.8871028,-3.0,-10.0,-40.0
1776886518.8971028,-5.0,-2.0,-39.0
1776886518.9071028,-3.0,-2.0,-46.0
1776886518.9171028,4.0,-5.0,-37.0
1776886518.9281027,6.0,-3.0,-26.0
1776886518.9371028,4.0,0.0,-30.0
1776886518.9471028,1.0,0.0,-30.0
1776886518.9571028,2.0,0.0,-39.0
1776886518.9671028,0.0,0.0,-38.0
1776886518.9771028,-2.0,5.0,-40.0
1776886518.988103,-3.0,4.0,-42.0
1776886518.9971027,-1.0,2.0,-47.0
1776886519.008103,-1.0,-2.0,-53.0
1776886519.0181026,2.0,2.0,-54.0
1776886519.0281026,7.0,0.0,-55.0
1776886519.0381026,4.0,2.0,-51.0
1776886519.0481029,2.0,2.0,-49.0
1776886519.0581028,0.0,2.0,-45.0
1776886519.0681028,0.0,4.0,-41.0
1776886519.0781028,-1.0,6.0,-42.0
1776886519.0881028,-1.0,2.0,-37.0
1776886519.0981028,0.0,0.0,-36.0
1776886519.1081028,0.0,-3.0,-35.0
1776886519.1181028,3.0,-3.0,-39.0
1776886519.1281028,3.0,-3.0,-40.0
1776886519.1381028,2.0,-6.0,-38.0
1776886519.1481028,1.0,-7.0,-39.0
1776886519.1581028,2.0,-4.0,-37.0
1776886519.1681027,-3.0,-3.0,-37.0
1776886519.1781027,0.0,-4.0,-31.0
1776886519.1881027,0.0,-3.0,-34.0
1776886519.1981027,-3.0,0.0,-36.0
1776886519.2081027,-4.0,3.0,-36.0
1776886519.2181027,-1.0,0.0,-37.0
1776886519.2281027,-5.0,0.0,-34.0
1776886519.238103,-3.0,4.0,-36.0
1776886519.248103,-8.0,4.0,-39.0
1776886519.258103,-6.0,5.0,-37.0
1776886519.2681026,-1.0,6.0,-41.0
1776886519.2781026,-2.0,6.0,-44.0
1776886519.2881026,0.0,6.0,-40.0
1776886519.2981029,-5.0,8.0,-39.0
1776886519.3081028,-3.0,3.0,-35.0
1776886519.3181028,0.0,1.0,-37.0
1776886519.3281028,0.0,4.0,-30.0
1776886519.3381028,0.0,6.0,-28.0
1776886519.3481028,0.0,7.0,-27.0
1776886519.3581028,-1.0,5.0,-41.0
1776886519.3681028,1.0,3.0,-40.0
1776886519.3781028,3.0,1.0,-46.0
1776886519.3881028,5.0,3.0,-48.0
1776886519.3981028,2.0,-2.0,-49.0
1776886519.4081028,-2.0,-6.0,-47.0
1776886519.4181027,-2.0,-4.0,-39.0
1776886519.4281027,-3.0,-1.0,-35.0
1776886519.4381027,-2.0,-1.0,-38.0
1776886519.4481027,-5.0,-3.0,-34.0
1776886519.4581027,-4.0,-1.0,-44.0
1776886519.4681027,-4.0,0.0,-46.0
1776886519.4781027,-4.0,0.0,-47.0
1776886519.488103,0.0,0.0,-52.0
1776886519.498103,-1.0,-1.0,-54.0
1776886519.508103,2.0,-2.0,-44.0
1776886519.5181026,2.0,-3.0,-45.0
1776886519.5281026,1.0,-2.0,-45.0
1776886519.5381026,1.0,-3.0,-41.0
1776886519.5481029,0.0,-6.0,-41.0
1776886519.5581028,-5.0,-8.0,-44.0
1776886519.5681028,-4.0,-9.0,-37.0
1776886519.5781028,-2.0,-4.0,-37.0
1776886519.5881028,-2.0,0.0,-32.0
1776886519.5981028,-5.0,0.0,-36.0
1776886519.6081028,-5.0,1.0,-43.0
1776886519.6181028,-7.0,1.0,-45.0
1776886519.6281028,-7.0,-3.0,-43.0
1776886519.6381028,-7.0,-4.0,-52.0
1776886519.6481028,-7.0,-5.0,-45.0
1776886519.6581028,-5.0,-4.0,-46.0
1776886519.6681027,-4.0,-2.0,-47.0
1776886519.6781027,-5.0,-4.0,-42.0
1776886519.6881027,-4.0,-6.0,-38.0
1776886519.6981027,0.0,-2.0,-43.0
1776886519.7081027,1.0,-4.0,-42.0
1776886519.7181027,0.0,-4.0,-43.0
1776886519.7281027,-3.0,-3.0,-43.0
1776886519.738103,-7.0,-3.0,-46.0
1776886519.748103,-5.0,-1.0,-51.0
1776886519.758103,-1.0,-1.0,-47.0
1776886519.7681026,2.0,-1.0,-50.0
1776886519.7781026,4.0,-2.0,-50.0
1776886519.7881026,2.0,-1.0,-45.0
1776886519.7981029,0.0,-1.0,-41.0
1776886519.8081028,-1.0,0.0,-34.0
1776886519.8181028,0.0,0.0,-27.0
1776886519.8281028,-1.0,-1.0,-31.0
1776886519.8381028,-4.0,-1.0,-34.0
1776886519.8481028,-6.0,-2.0,-36.0
1776886519.8581028,-2.0,1.0,-36.0
1776886519.8681028,-5.0,0.0,-40.0
1776886519.8781028,-7.0,1.0,-41.0
1776886519.8881028,-3.0,4.0,-42.0
1776886519.8981028,0.0,3.0,-41.0
1776886519.9081028,0.0,-6.0,-39.0
1776886519.9181027,0.0,-7.0,-40.0
1776886519.9281027,-1.0,-5.0,-36.0
1776886519.9381027,-2.0,-3.0,-34.0
1776886519.9481027,-4.0,-3.0,-33.0
1776886519.9581027,-3.0,0.0,-33.0
1776886519.9681027,-5.0,-4.0,-30.0
1776886519.9781027,-3.0,-5.0,-30.0
1776886519.988103,-1.0,-4.0,-21.0
1776886519.998103,-4.0,-4.0,-25.0
1776886520.008103,-4.0,-5.0,-27.0
1776886520.0181026,-3.0,-2.0,-27.0
1776886520.0281026,-5.0,-1.0,-25.0
1776886520.0381026,-2.0,-2.0,-26.0
1776886520.0481029,-2.0,-3.0,-30.0
1776886520.0581028,2.0,-2.0,-26.0
1776886520.0681028,1.0,-2.0,-30.0
1776886520.0781028,1.0,0.0,-36.0
1776886520.0881028,0.0,-1.0,-33.0
1776886520.0981028,1.0,2.0,-38.0
1776886520.1081028,1.0,1.0,-39.0
1776886520.1181028,3.0,-1.0,-40.0
1776886520.1281028,5.0,-6.0,-43.0
1776886520.1381028,6.0,-4.0,-36.0
1776886520.1481028,5.0,-3.0,-36.0
1776886520.1581028,2.0,-2.0,-37.0
1776886520.1681027,-1.0,-4.0,-35.0
1776886520.1781027,0.0,-1.0,-33.0
1776886520.1881027,0.0,0.0,-30.0
1776886520.1981027,0.0,2.0,-33.0
1776886520.2081027,-1.0,2.0,-39.0
1776886520.2181027,0.0,3.0,-46.0
1776886520.2281027,2.0,3.0,-43.0
1776886520.238103,3.0,0.0,-43.0
1776886520.248103,7.0,0.0,-41.0
1776886520.258103,8.0,-2.0,-35.0
1776886520.2681026,6.0,-1.0,-37.0
1776886520.2781026,6.0,1.0,-47.0
1776886520.2881026,5.0,0.0,-46.0
1776886520.2981029,0.0,0.0,-44.0
1776886520.3081028,-3.0,0.0,-41.0
1776886520.3181028,-2.0,0.0,-44.0
1776886520.3281028,2.0,3.0,-46.0
1776886520.3381028,3.0,4.0,-47.0
1776886520.3481028,7.0,0.0,-46.0
1776886520.3581028,4.0,3.0,-46.0
1776886520.3681028,1.0,0.0,-39.0
1776886520.3781028,-3.0,0.0,-30.0
1776886520.3881028,0.0,0.0,-30.0
1776886520.3981028,-2.0,0.0,-30.0
1776886520.4081028,-2.0,2.0,-36.0
1776886520.4181027,-4.0,1.0,-38.0
1776886520.4281027,-4.0,-2.0,-38.0
1776886520.4381027,-1.0,-3.0,-38.0
1776886520.4481027,0.0,1.0,-38.0
1776886520.4581027,0.0,2.0,-39.0
1776886520.4681027,-5.0,0.0,-44.0
1776886520.4781027,-1.0,-1.0,-44.0
1776886520.488103,-3.0,-3.0,-42.0
1776886520.498103,-2.0,-7.0,-37.0
1776886520.508103,0.0,-3.0,-35.0
1776886520.5181026,-1.0,0.0,-30.0
1776886520.5281026,-3.0,-3.0,-38.0
1776886520.5381026,-2.0,-3.0,-38.0
1776886520.5481029,0.0,1.0,-34.0
1776886520.5581028,4.0,0.0,-34.0
1776886520.5681028,3.0,-4.0,-28.0
1776886520.5781028,2.0,-5.0,-28.0
1776886520.5881028,-4.0,-4.0,-29.0
1776886520.5981028,-6.0,-3.0,-30.0
1776886520.6081028,-5.0,-6.0,-34.0
1776886520.6181028,2.0,-8.0,-30.0
1776886520.6281028,2.0,-9.0,-29.0
1776886520.6381028,5.0,-6.0,-26.0
1776886520.6481028,7.0,-3.0,-33.0
1776886520.6581028,11.0,0.0,-38.0
1776886520.6681027,11.0,3.0,-40.0
1776886520.6781027,12.0,6.0,-37.0
1776886520.6881027,9.0,7.0,-41.0
1776886520.6981027,7.0,12.0,-44.0
1776886520.7081027,6.0,11.0,-45.0
1776886520.7181027,7.0,7.0,-43.0
1776886520.7281027,6.0,6.0,-36.0
1776886520.738103,6.0,4.0,-41.0
1776886520.748103,4.0,4.0,-47.0
1776886520.758103,3.0,4.0,-50.0
1776886520.7681026,-4.0,5.0,-47.0
1776886520.7781026,-4.0,4.0,-36.0
1776886520.7881026,-1.0,3.0,-40.0
1776886520.7981029,0.0,6.0,-40.0
1776886520.8081028,2.0,7.0,-35.0
1776886520.8181028,0.0,2.0,-29.0
1776886520.8281028,-3.0,0.0,-31.0
1776886520.8381028,-2.0,1.0,-35.0
1776886520.8481028,0.0,2.0,-40.0
1776886520.8581028,-1.0,0.0,-40.0
1776886520.8681028,0.0,-1.0,-39.0
1776886520.8781028,0.0,-1.0,-34.0
1776886520.8881028,0.0,-1.0,-38.0
1776886520.8981028,-2.0,-2.0,-39.0
1776886520.9081028,0.0,-2.0,-49.0
1776886520.9181027,1.0,-2.0,-50.0
1776886520.9281027,0.0,0.0,-48.0
1776886520.9381027,0.0,3.0,-51.0
1776886520.9481027,2.0,1.0,-55.0
1776886520.9581027,3.0,-4.0,-57.0
1776886520.9691026,2.0,-5.0,-58.0
1776886520.9781027,-2.0,-4.0,-58.0
1776886520.9891028,-3.0,-5.0,-51.0
1776886520.9991028,-1.0,-2.0,-44.0
1776886521.0091028,-1.0,-2.0,-42.0
1776886521.0191028,0.0,2.0,-41.0
1776886521.0291028,0.0,1.0,-43.0
1776886521.0391028,0.0,0.0,-47.0
1776886521.0491028,1.0,0.0,-47.0
1776886521.0591028,3.0,2.0,-46.0
1776886521.0691028,1.0,2.0,-47.0
1776886521.0791028,3.0,-1.0,-43.0
1776886521.0891027,1.0,-1.0,-51.0
1776886521.0991027,1.0,-2.0,-50.0
1776886521.1091027,0.0,-2.0,-43.0
1776886521.1191027,2.0,0.0,-40.0
1776886521.1291027,5.0,0.0,-47.0
1776886521.1391027,3.0,-4.0,-51.0
1776886521.1491027,1.0,-3.0,-48.0
1776886521.159103,1.0,-6.0,-49.0
1776886521.169103,2.0,-8.0,-46.0
1776886521.179103,1.0,-5.0,-42.0
1776886521.1891026,2.0,-5.0,-44.0
1776886521.1991026,-1.0,-3.0,-38.0
1776886521.2091026,-2.0,-3.0,-36.0
1776886521.2191026,-1.0,-2.0,-35.0
1776886521.2291028,-3.0,-3.0,-34.0
1776886521.2391028,-2.0,-4.0,-33.0
1776886521.2491028,-4.0,-1.0,-35.0
1776886521.2591028,-2.0,-3.0,-35.0
1776886521.2691028,1.0,-1.0,-37.0
1776886521.2791028,-1.0,0.0,-38.0
1776886521.2891028,3.0,-4.0,-33.0
1776886521.2991028,4.0,-7.0,-20.0
1776886521.3091028,4.0,-3.0,-27.0
1776886521.3191028,1.0,-2.0,-29.0
1776886521.3291028,-1.0,-8.0,-34.0
1776886521.3391027,-2.0,-12.0,-38.0
1776886521.3491027,-7.0,-12.0,-40.0
1776886521.3591027,-7.0,-12.0,-37.0
1776886521.3691027,-7.0,-10.0,-37.0
1776886521.3791027,-2.0,-6.0,-35.0
1776886521.3891027,-1.0,-6.0,-38.0
1776886521.3991027,0.0,-5.0,-41.0
1776886521.409103,2.0,-2.0,-39.0
1776886521.419103,5.0,0.0,-41.0
1776886521.429103,5.0,2.0,-49.0
1776886521.4391026,4.0,0.0,-50.0
1776886521.4491026,3.0,2.0,-48.0
1776886521.4591026,3.0,5.0,-53.0
1776886521.4691026,2.0,3.0,-48.0
1776886521.4791028,8.0,1.0,-44.0
1776886521.4891028,5.0,4.0,-43.0
1776886521.4991028,0.0,8.0,-41.0
1776886521.5091028,0.0,4.0,-45.0
1776886521.5191028,0.0,4.0,-43.0
1776886521.5291028,-3.0,10.0,-44.0
1776886521.5391028,2.0,9.0,-46.0
1776886521.5491028,0.0,8.0,-44.0
1776886521.5591028,3.0,10.0,-48.0
1776886521.5691028,5.0,6.0,-47.0
1776886521.5791028,0.0,3.0,-47.0
1776886521.5891027,0.0,1.0,-46.0
1776886521.5991027,-4.0,-2.0,-45.0
1776886521.6091027,0.0,-3.0,-43.0
1776886521.6191027,6.0,-5.0,-39.0
1776886521.6291027,6.0,-5.0,-34.0
1776886521.6391027,3.0,-6.0,-34.0
1776886521.6491027,0.0,-3.0,-31.0
1776886521.659103,0.0,-3.0,-30.0
1776886521.669103,-3.0,-6.0,-33.0
1776886521.679103,-5.0,-5.0,-34.0
1776886521.6891026,-4.0,-6.0,-36.0
1776886521.6991026,-4.0,0.0,-40.0
1776886521.7091026,-1.0,-5.0,-46.0
1776886521.7191026,1.0,-6.0,-46.0
1776886521.7291028,0.0,-7.0,-44.0
1776886521.7391028,4.0,-9.0,-39.0
1776886521.7491028,2.0,-5.0,-39.0
1776886521.7591028,0.0,-2.0,-48.0
1776886521.7691028,3.0,-1.0,-51.0
1776886521.7791028,0.0,2.0,-48.0
1776886521.7891028,-5.0,4.0,-48.0
1776886521.7991028,-6.0,2.0,-49.0
1776886521.8091028,-7.0,-2.0,-45.0
1776886521.8191028,-3.0,-7.0,-42.0
1776886521.8291028,-1.0,-5.0,-47.0
1776886521.8391027,-1.0,-1.0,-47.0
1776886521.8491027,-3.0,-1.0,-45.0
1776886521.8591027,-4.0,0.0,-45.0
1776886521.8691027,0.0,1.0,-40.0
1776886521.8791027,6.0,3.0,-43.0
1776886521.8891027,0.0,2.0,-41.0
1776886521.8991027,2.0,1.0,-39.0
1776886521.909103,0.0,0.0,-41.0
1776886521.919103,3.0,-6.0,-38.0
1776886521.929103,6.0,-5.0,-34.0
1776886521.9391026,4.0,-2.0,-36.0
1776886521.9491026,2.0,0.0,-44.0
1776886521.9591026,2.0,-3.0,-37.0
1776886521.9691026,0.0,1.0,-34.0
1776886521.9791028,-1.0,-2.0,-32.0
1776886521.9891028,-2.0,-5.0,-36.0
1776886521.9991028,2.0,-6.0,-39.0
1776886522.0091028,3.0,-3.0,-36.0
1776886522.0191028,2.0,-1.0,-41.0
1776886522.0291028,0.0,0.0,-44.0
1776886522.0391028,3.0,1.0,-42.0
1776886522.0491028,3.0,0.0,-46.0
1776886522.0591028,5.0,-2.0,-48.0
1776886522.0691028,3.0,-1.0,-48.0
1776886522.0791028,3.0,0.0,-52.0
1776886522.0891027,0.0,0.0,-48.0
1776886522.0991027,-2.0,0.0,-44.0
1776886522.1091027,-3.0,1.0,-45.0
1776886522.1191027,-4.0,-5.0,-42.0
1776886522.1291027,-5.0,-6.0,-44.0
1776886522.1391027,-6.0,-6.0,-47.0
1776886522.1491027,-6.0,-7.0,-49.0
1776886522.159103,-3.0,-4.0,-55.0
1776886522.169103,-4.0,-7.0,-50.0
1776886522.179103,-3.0,-6.0,-48.0
1776886522.1891026,-2.0,-3.0,-46.0
1776886522.1991026,1.0,-2.0,-45.0
1776886522.2091026,0.0,-1.0,-41.0
1776886522.2191026,2.0,-1.0,-38.0
1776886522.2291028,1.0,-4.0,-39.0
1776886522.2391028,-4.0,-5.0,-37.0
1776886522.2491028,-9.0,-5.0,-32.0
1776886522.2591028,-9.0,-6.0,-29.0
1776886522.2691028,-7.0,-5.0,-28.0
1776886522.2791028,-3.0,-3.0,-30.0
1776886522.2891028,-9.0,-2.0,-31.0
1776886522.2991028,-9.0,-4.0,-39.0
1776886522.3091028,-6.0,-3.0,-41.0
1776886522.3191028,-3.0,-8.0,-34.0
1776886522.3291028,1.0,-9.0,-27.0
1776886522.3391027,1.0,-8.0,-28.0
1776886522.3491027,0.0,-2.0,-30.0
1776886522.3591027,-1.0,-2.0,-30.0
1776886522.3691027,-1.0,0.0,-33.0
1776886522.3791027,3.0,-2.0,-33.0
1776886522.3891027,3.0,-3.0,-35.0
1776886522.3991027,0.0,-6.0,-40.0
1776886522.409103,4.0,-7.0,-39.0
1776886522.419103,2.0,-4.0,-34.0
1776886522.429103,1.0,1.0,-37.0
1776886522.4391026,2.0,-2.0,-39.0
1776886522.4491026,0.0,0.0,-39.0
1776886522.4591026,1.0,-1.0,-35.0
1776886522.4691026,0.0,-3.0,-43.0
1776886522.4791028,1.0,-2.0,-38.0
1776886522.4891028,-1.0,3.0,-37.0
1776886522.4991028,-4.0,2.0,-35.0
1776886522.5091028,-3.0,4.0,-35.0
1776886522.5191028,1.0,4.0,-41.0
1776886522.5291028,-1.0,5.0,-41.0
1776886522.5391028,-2.0,2.0,-37.0
1776886522.5491028,2.0,-1.0,-35.0
1776886522.5591028,6.0,-4.0,-42.0
1776886522.5691028,13.0,-4.0,-44.0
1776886522.5791028,11.0,-9.0,-40.0
1776886522.5891027,6.0,-9.0,-39.0
1776886522.5991027,3.0,-5.0,-33.0
1776886522.6091027,3.0,-1.0,-37.0
1776886522.6191027,2.0,-2.0,-41.0
1776886522.6291027,0.0,-1.0,-38.0
1776886522.6391027,1.0,-1.0,-34.0
1776886522.6491027,4.0,2.0,-35.0
1776886522.659103,8.0,-1.0,-37.0
1776886522.669103,7.0,-4.0,-32.0
1776886522.679103,4.0,-3.0,-27.0
1776886522.6891026,5.0,-1.0,-29.0
1776886522.6991026,2.0,-4.0,-33.0
1776886522.7091026,2.0,-5.0,-36.0
1776886522.7191026,6.0,-6.0,-37.0
1776886522.7291028,10.0,-4.0,-39.0
1776886522.7391028,9.0,-7.0,-43.0
1776886522.7491028,7.0,-2.0,-42.0
1776886522.7591028,3.0,1.0,-38.0
1776886522.7691028,0.0,1.0,-33.0
1776886522.7791028,1.0,-2.0,-28.0
1776886522.7891028,1.0,-2.0,-29.0
1776886522.7991028,0.0,-4.0,-32.0
1776886522.8091028,3.0,-4.0,-31.0
1776886522.8191028,6.0,-4.0,-38.0
1776886522.8291028,4.0,-10.0,-35.0
1776886522.8391027,3.0,-9.0,-39.0
1776886522.8491027,4.0,-8.0,-34.0
1776886522.8591027,4.0,-11.0,-30.0
1776886522.8691027,5.0,-7.0,-26.0
1776886522.8791027,5.0,-5.0,-32.0
1776886522.8891027,2.0,-2.0,-37.0
1776886522.8991027,7.0,-1.0,-36.0
1776886522.909103,7.0,-4.0,-39.0
1776886522.919103,8.0,-4.0,-37.0
1776886522.929103,10.0,0.0,-37.0
1776886522.9391026,8.0,2.0,-32.0
1776886522.9501028,9.0,3.0,-42.0
1776886522.9601028,6.0,-1.0,-43.0
1776886522.9701028,6.0,-3.0,-44.0
1776886522.9791028,5.0,0.0,-44.0
1776886522.9901028,10.0,-3.0,-50.0
1776886523.0001028,8.0,-2.0,-45.0
1776886523.0101027,4.0,-2.0,-35.0
1776886523.0201027,2.0,-2.0,-31.0
1776886523.0301027,5.0,-5.0,-34.0
1776886523.0401027,2.0,-5.0,-35.0
1776886523.0501027,-1.0,-5.0,-28.0
1776886523.0601027,1.0,-5.0,-31.0
1776886523.0701027,3.0,-6.0,-31.0
1776886523.0801027,5.0,-8.0,-37.0
1776886523.090103,5.0,-3.0,-40.0
1776886523.100103,2.0,-5.0,-46.0
1776886523.110103,5.0,-8.0,-46.0
1776886523.1201026,5.0,-5.0,-46.0
1776886523.1301026,5.0,-5.0,-36.0
1776886523.1401026,1.0,-3.0,-42.0
1776886523.1501029,3.0,0.0,-37.0
1776886523.1601028,7.0,3.0,-38.0
1776886523.1701028,2.0,1.0,-39.0
1776886523.1801028,6.0,5.0,-32.0
1776886523.1901028,4.0,7.0,-38.0
1776886523.2001028,4.0,7.0,-42.0
1776886523.2101028,0.0,1.0,-44.0
1776886523.2201028,0.0,1.0,-37.0
1776886523.2301028,-2.0,1.0,-41.0
1776886523.2401028,-3.0,-1.0,-42.0
1776886523.2501028,0.0,0.0,-41.0
1776886523.2601027,-2.0,1.0,-35.0
1776886523.2701027,-5.0,1.0,-31.0
1776886523.2801027,-5.0,1.0,-40.0
1776886523.2901027,-7.0,0.0,-44.0
1776886523.3001027,-5.0,0.0,-45.0
1776886523.3101027,-2.0,1.0,-43.0
1776886523.3201027,-5.0,0.0,-38.0
1776886523.3301027,-7.0,1.0,-34.0
1776886523.340103,-3.0,1.0,-35.0
1776886523.350103,0.0,-1.0,-42.0
1776886523.360103,2.0,-1.0,-48.0
1776886523.3701026,-3.0,0.0,-50.0
1776886523.3801026,-2.0,0.0,-53.0
1776886523.3901026,3.0,-5.0,-53.0
1776886523.4001029,4.0,-4.0,-55.0
1776886523.4101028,1.0,-3.0,-50.0
1776886523.4201028,3.0,-1.0,-45.0
1776886523.4301028,3.0,-3.0,-43.0
1776886523.4401028,1.0,-3.0,-48.0
1776886523.4501028,2.0,-5.0,-39.0
1776886523.4601028,2.0,-5.0,-32.0
1776886523.4701028,0.0,-3.0,-26.0
1776886523.4801028,-2.0,-1.0,-30.0
1776886523.4901028,0.0,-1.0,-24.0
1776886523.5001028,-1.0,-3.0,-23.0
1776886523.5101027,0.0,-3.0,-27.0
1776886523.5201027,2.0,0.0,-33.0
1776886523.5301027,2.0,-2.0,-28.0
1776886523.5401027,0.0,0.0,-34.0
1776886523.5501027,1.0,2.0,-36.0
1776886523.5601027,2.0,2.0,-38.0
1776886523.5701027,0.0,-1.0,-50.0
1776886523.5801027,-2.0,0.0,-45.0
1776886523.590103,0.0,0.0,-42.0
1776886523.600103,-1.0,-1.0,-35.0
1776886523.610103,-1.0,0.0,-30.0
1776886523.6201026,-4.0,-1.0,-26.0
1776886523.6301026,-7.0,2.0,-27.0
1776886523.6401026,-6.0,2.0,-31.0
1776886523.6501029,-3.0,2.0,-35.0
1776886523.6601028,-3.0,0.0,-40.0
1776886523.6701028,-1.0,1.0,-37.0
1776886523.6801028,0.0,2.0,-36.0
1776886523.6901028,-2.0,3.0,-32.0
1776886523.7001028,-1.0,-3.0,-37.0
1776886523.7101028,0.0,-6.0,-39.0
1776886523.7201028,-1.0,-5.0,-35.0
1776886523.7301028,0.0,-2.0,-34.0
1776886523.7401028,0.0,-2.0,-30.0
1776886523.7501028,0.0,-4.0,-36.0
1776886523.7601027,2.0,-1.0,-46.0
1776886523.7701027,6.0,1.0,-37.0
1776886523.7801027,6.0,0.0,-30.0
1776886523.7901027,3.0,0.0,-26.0
1776886523.8001027,1.0,2.0,-29.0
1776886523.8101027,3.0,0.0,-27.0
1776886523.8201027,5.0,0.0,-25.0
1776886523.8301027,6.0,-4.0,-24.0
1776886523.840103,7.0,-3.0,-29.0
1776886523.850103,6.0,-3.0,-33.0
1776886523.860103,6.0,-4.0,-30.0
1776886523.8701026,2.0,-3.0,-27.0
1776886523.8801026,3.0,-2.0,-26.0
1776886523.8901026,-1.0,-1.0,-27.0
1776886523.9001029,-4.0,-1.0,-31.0
1776886523.9101028,-6.0,1.0,-32.0
1776886523.9201028,-6.0,0.0,-37.0
1776886523.9301028,-6.0,0.0,-42.0
1776886523.9401028,-4.0,-1.0,-43.0
1776886523.9501028,-5.0,-2.0,-45.0
1776886523.9601028,-4.0,-2.0,-47.0
1776886523.9701028,-1.0,-3.0,-38.0
1776886523.9801028,-1.0,-7.0,-33.0
1776886523.9901028,-5.0,-7.0,-37.0
1776886524.0001028,-2.0,-7.0,-36.0
1776886524.0101027,0.0,-4.0,-32.0
1776886524.0201027,2.0,-7.0,-38.0
1776886524.0301027,0.0,-10.0,-40.0
1776886524.0401027,-6.0,-5.0,-45.0
1776886524.0501027,-3.0,0.0,-37.0
1776886524.0601027,-3.0,-3.0,-35.0
1776886524.0701027,-5.0,-5.0,-35.0
1776886524.0801027,-3.0,-5.0,-34.0
1776886524.090103,1.0,-6.0,-37.0
1776886524.100103,0.0,-5.0,-38.0
1776886524.110103,2.0,-4.0,-36.0
1776886524.1201026,-3.0,-7.0,-42.0
1776886524.1301026,-3.0,-9.0,-39.0
1776886524.1401026,0.0,-7.0,-44.0
1776886524.1501029,1.0,-9.0,-43.0
1776886524.1601028,0.0,-12.0,-40.0
1776886524.1701028,2.0,-13.0,-44.0
1776886524.1801028,2.0,-6.0,-42.0
1776886524.1901028,2.0,-4.0,-38.0
1776886524.2001028,1.0,-5.0,-38.0
1776886524.2101028,2.0,0.0,-35.0
1776886524.2201028,2.0,-5.0,-42.0
1776886524.2301028,3.0,-5.0,-40.0
1776886524.2401028,1.0,-1.0,-42.0
1776886524.2501028,0.0,-4.0,-35.0
1776886524.2601027,0.0,-5.0,-32.0
1776886524.2701027,-3.0,-3.0,-32.0
1776886524.2801027,-3.0,0.0,-39.0
1776886524.2901027,-2.0,0.0,-45.0
1776886524.3001027,-1.0,0.0,-46.0
1776886524.3101027,0.0,3.0,-46.0
1776886524.3201027,0.0,4.0,-40.0
1776886524.3301027,2.0,2.0,-41.0
1776886524.340103,3.0,2.0,-43.0
1776886524.350103,1.0,1.0,-51.0
1776886524.360103,4.0,3.0,-51.0
1776886524.3701026,1.0,4.0,-50.0
1776886524.3801026,-4.0,2.0,-49.0
1776886524.3901026,-5.0,3.0,-49.0
1776886524.4001029,-2.0,1.0,-44.0
1776886524.4101028,-2.0,2.0,-39.0
1776886524.4201028,-3.0,3.0,-42.0
1776886524.4301028,-3.0,0.0,-42.0
1776886524.4401028,-5.0,1.0,-36.0
1776886524.4501028,0.0,2.0,-38.0
1776886524.4601028,-2.0,-1.0,-41.0
1776886524.4701028,-6.0,-2.0,-43.0
1776886524.4801028,-8.0,-3.0,-33.0
1776886524.4901028,-7.0,0.0,-31.0
1776886524.5001028,-5.0,2.0,-34.0
1776886524.5101027,-6.0,2.0,-40.0
1776886524.5201027,-2.0,4.0,-42.0
1776886524.5301027,0.0,1.0,-41.0
1776886524.5401027,1.0,0.0,-42.0
1776886524.5501027,-2.0,1.0,-36.0
1776886524.5601027,0.0,1.0,-39.0
1776886524.5701027,2.0,2.0,-39.0
1776886524.5801027,-2.0,6.0,-39.0
1776886524.590103,2.0,5.0,-37.0
1776886524.600103,0.0,-1.0,-40.0
1776886524.610103,-3.0,2.0,-40.0
1776886524.6201026,-3.0,1.0,-46.0
1776886524.6301026,-3.0,-2.0,-43.0
1776886524.6401026,1.0,-1.0,-45.0
1776886524.6501029,0.0,-1.0,-47.0
1776886524.6601028,-6.0,-1.0,-45.0
1776886524.6701028,-4.0,-4.0,-47.0
1776886524.6801028,-2.0,-2.0,-43.0
1776886524.6901028,-3.0,-2.0,-40.0
1776886524.7001028,1.0,-3.0,-40.0
1776886524.7101028,0.0,-3.0,-39.0
1776886524.7201028,-5.0,-1.0,-29.0
1776886524.7301028,-5.0,-1.0,-32.0
1776886524.7401028,0.0,0.0,-34.0
1776886524.7501028,6.0,0.0,-35.0
1776886524.7601027,2.0,-1.0,-39.0
1776886524.7701027,1.0,-2.0,-34.0
1776886524.7801027,1.0,-3.0,-37.0
1776886524.7901027,9.0,-3.0,-35.0
1776886524.8001027,7.0,0.0,-25.0
1776886524.8101027,7.0,0.0,-32.0
1776886524.8201027,5.0,-1.0,-33.0
1776886524.8301027,0.0,0.0,-43.0
1776886524.840103,0.0,0.0,-47.0
1776886524.850103,1.0,0.0,-45.0
1776886524.860103,-3.0,0.0,-37.0
1776886524.8701026,-5.0,-1.0,-40.0
1776886524.8801026,0.0,-5.0,-39.0
1776886524.8901026,2.0,-5.0,-42.0
1776886524.9001029,5.0,0.0,-47.0
1776886524.9101028,3.0,1.0,-48.0
1776886524.9201028,1.0,-5.0,-40.0
1776886524.9301028,5.0,-5.0,-42.0
1776886524.9401028,7.0,-5.0,-44.0
1776886524.9501028,5.0,-9.0,-43.0
1776886524.9611027,6.0,-5.0,-40.0
1776886524.9711027,3.0,-2.0,-42.0
1776886524.9811027,2.0,0.0,-50.0
1776886524.9911027,3.0,-2.0,-49.0
1776886525.0011027,1.0,-4.0,-50.0
1776886525.011103,0.0,-8.0,-49.0
1776886525.021103,0.0,-7.0,-44.0
1776886525.031103,0.0,-1.0,-47.0
1776886525.0411026,-2.0,0.0,-59.0
1776886525.0511026,-4.0,-2.0,-56.0
1776886525.0611026,-4.0,-1.0,-52.0
1776886525.0711029,0.0,-4.0,-46.0
1776886525.0811028,2.0,-7.0,-40.0
1776886525.0911028,4.0,-5.0,-42.0
1776886525.1011028,3.0,-7.0,-43.0
1776886525.1111028,3.0,-4.0,-37.0
1776886525.1211028,2.0,-3.0,-37.0
1776886525.1311028,0.0,-4.0,-41.0
1776886525.1411028,-1.0,-1.0,-42.0
1776886525.1511028,0.0,-3.0,-35.0
1776886525.1611028,-4.0,-3.0,-32.0
1776886525.1711028,-5.0,-4.0,-34.0
1776886525.1811028,-5.0,-3.0,-38.0
1776886525.1911027,-3.0,1.0,-33.0
1776886525.2011027,-2.0,-3.0,-29.0
1776886525.2111027,0.0,-7.0,-31.0
1776886525.2211027,0.0,-6.0,-34.0
1776886525.2311027,0.0,-5.0,-32.0
1776886525.2411027,3.0,-5.0,-35.0
1776886525.2511027,0.0,-4.0,-38.0
1776886525.261103,2.0,-3.0,-35.0
1776886525.271103,3.0,-3.0,-33.0
1776886525.281103,-1.0,-4.0,-35.0
1776886525.2911026,-1.0,-3.0,-29.0
1776886525.3011026,-2.0,-1.0,-36.0
1776886525.3111026,0.0,-1.0,-40.0
1776886525.3211029,0.0,-1.0,-43.0
1776886525.3311028,1.0,-3.0,-44.0
1776886525.3411028,1.0,-4.0,-39.0
1776886525.3511028,-2.0,-5.0,-41.0
1776886525.3611028,-3.0,-5.0,-44.0
1776886525.3711028,-1.0,-4.0,-39.0
1776886525.3811028,0.0,-4.0,-44.0
1776886525.3911028,0.0,-6.0,-47.0
1776886525.4011028,0.0,-5.0,-40.0
1776886525.4111028,-1.0,-4.0,-38.0
1776886525.4211028,0.0,-3.0,-36.0
1776886525.4311028,2.0,-4.0,-40.0
1776886525.4411027,6.0,-3.0,-42.0
1776886525.4511027,2.0,0.0,-45.0
1776886525.4611027,6.0,-1.0,-49.0
1776886525.4711027,6.0,-2.0,-47.0
1776886525.4811027,1.0,-2.0,-49.0
1776886525.4911027,0.0,-7.0,-48.0
1776886525.5011027,4.0,-7.0,-41.0
1776886525.511103,8.0,-7.0,-38.0
1776886525.521103,10.0,-8.0,-33.0
1776886525.531103,11.0,-8.0,-31.0
1776886525.5411026,8.0,-7.0,-30.0
1776886525.5511026,6.0,0.0,-25.0
1776886525.5611026,5.0,0.0,-26.0
1776886525.5711029,2.0,0.0,-32.0
1776886525.5811028,0.0,-4.0,-33.0
1776886525.5911028,0.0,0.0,-37.0
1776886525.6011028,3.0,0.0,-37.0
1776886525.6111028,0.0,-1.0,-39.0
1776886525.6211028,-1.0,-1.0,-40.0
1776886525.6311028,-2.0,0.0,-39.0
1776886525.6411028,-2.0,2.0,-29.0
1776886525.6511028,-2.0,4.0,-35.0
1776886525.6611028,0.0,8.0,-35.0
1776886525.6711028,0.0,8.0,-39.0
1776886525.6811028,-2.0,7.0,-33.0
1776886525.6911027,0.0,6.0,-29.0
1776886525.7011027,1.0,7.0,-35.0
1776886525.7111027,5.0,8.0,-36.0
1776886525.7211027,6.0,7.0,-38.0
1776886525.7311027,4.0,6.0,-39.0
1776886525.7411027,3.0,7.0,-35.0
1776886525.7511027,2.0,8.0,-38.0
1776886525.761103,3.0,4.0,-36.0
1776886525.771103,5.0,-1.0,-38.0
1776886525.781103,6.0,-2.0,-43.0
1776886525.7911026,5.0,-2.0,-45.0
1776886525.8011026,6.0,0.0,-34.0
1776886525.8111026,9.0,0.0,-31.0
1776886525.8211029,7.0,0.0,-27.0
1776886525.8311028,3.0,0.0,-32.0
1776886525.8411028,4.0,0.0,-31.0
1776886525.8511028,5.0,0.0,-34.0
1776886525.8611028,3.0,-2.0,-43.0
1776886525.8711028,6.0,-2.0,-38.0
1776886525.8811028,5.0,-3.0,-37.0
1776886525.8911028,0.0,-5.0,-34.0
1776886525.9011028,-4.0,-7.0,-36.0
1776886525.9111028,-7.0,-5.0,-35.0
1776886525.9211028,-4.0,1.0,-38.0
1776886525.9311028,0.0,1.0,-42.0
1776886525.9411027,4.0,0.0,-41.0
1776886525.9511027,2.0,-1.0,-36.0
1776886525.9611027,2.0,0.0,-36.0
1776886525.9711027,5.0,3.0,-42.0
1776886525.9811027,8.0,5.0,-46.0
1776886525.9911027,4.0,6.0,-45.0
1776886526.0011027,1.0,7.0,-43.0
1776886526.011103,4.0,7.0,-41.0
1776886526.021103,6.0,2.0,-38.0
1776886526.031103,5.0,3.0,-39.0
1776886526.0411026,1.0,3.0,-43.0
1776886526.0511026,0.0,3.0,-37.0
1776886526.0611026,0.0,-2.0,-39.0
1776886526.0711029,0.0,-1.0,-37.0
1776886526.0811028,0.0,-1.0,-33.0
1776886526.0911028,0.0,-4.0,-35.0
1776886526.1011028,0.0,-4.0,-41.0
1776886526.1111028,-1.0,-3.0,-37.0
1776886526.1211028,-2.0,-2.0,-38.0
1776886526.1311028,0.0,-5.0,-40.0
1776886526.1411028,0.0,-5.0,-36.0
1776886526.1511028,-3.0,-5.0,-32.0
1776886526.1611028,-2.0,-6.0,-33.0
1776886526.1711028,-6.0,-5.0,-36.0
1776886526.1811028,-10.0,-6.0,-41.0
1776886526.1911027,-5.0,-8.0,-46.0
1776886526.2011027,-2.0,-10.0,-46.0
1776886526.2111027,-3.0,-9.0,-42.0
1776886526.2211027,-1.0,-8.0,-38.0
1776886526.2311027,0.0,-6.0,-36.0
1776886526.2411027,1.0,-5.0,-36.0
1776886526.2511027,0.0,-2.0,-46.0
1776886526.261103,-3.0,2.0,-48.0
1776886526.271103,-2.0,2.0,-51.0
1776886526.281103,-5.0,2.0,-50.0
1776886526.2911026,-6.0,-1.0,-48.0
1776886526.3011026,-5.0,-6.0,-49.0
1776886526.3111026,-3.0,-4.0,-52.0
1776886526.3211029,0.0,-3.0,-52.0
1776886526.3311028,-3.0,-4.0,-47.0
1776886526.3411028,-2.0,-1.0,-43.0
1776886526.3511028,-3.0,-7.0,-42.0
1776886526.3611028,-5.0,-7.0,-40.0
1776886526.3711028,-2.0,-5.0,-39.0
1776886526.3811028,0.0,-3.0,-38.0
1776886526.3911028,-2.0,-3.0,-49.0
1776886526.4011028,-2.0,-1.0,-47.0
1776886526.4111028,-4.0,0.0,-48.0
1776886526.4211028,-1.0,-2.0,-44.0
1776886526.4311028,0.0,-4.0,-42.0
1776886526.4411027,-2.0,-5.0,-38.0
1776886526.4511027,-5.0,-3.0,-38.0
1776886526.4611027,-3.0,-2.0,-42.0
1776886526.4711027,-4.0,-2.0,-44.0
1776886526.4811027,-4.0,-5.0,-39.0
1776886526.4911027,2.0,-3.0,-41.0
1776886526.5011027,2.0,-6.0,-41.0
1776886526.511103,0.0,-6.0,-43.0
1776886526.521103,0.0,-6.0,-42.0
1776886526.531103,0.0,-3.0,-36.0
1776886526.5411026,0.0,-1.0,-31.0
1776886526.5511026,2.0,-1.0,-27.0
1776886526.5611026,0.0,0.0,-30.0
1776886526.5711029,4.0,-4.0,-34.0
1776886526.5811028,7.0,-2.0,-35.0
1776886526.5911028,2.0,-3.0,-42.0
1776886526.6011028,3.0,-3.0,-36.0
1776886526.6111028,9.0,-8.0,-36.0
1776886526.6211028,2.0,-10.0,-36.0
1776886526.6311028,2.0,-10.0,-32.0
1776886526.6411028,0.0,-11.0,-35.0
1776886526.6511028,0.0,-9.0,-42.0
1776886526.6611028,0.0,-12.0,-39.0
1776886526.6711028,2.0,-10.0,-44.0
1776886526.6811028,-3.0,-11.0,-44.0
1776886526.6911027,-1.0,-12.0,-48.0
1776886526.7011027,-1.0,-11.0,-49.0
1776886526.7111027,-2.0,-6.0,-44.0
1776886526.7211027,-2.0,-5.0,-41.0
1776886526.7311027,0.0,-5.0,-39.0
1776886526.7411027,3.0,-3.0,-37.0
1776886526.7511027,6.0,-1.0,-31.0
1776886526.761103,5.0,-1.0,-31.0
1776886526.771103,6.0,-2.0,-32.0
1776886526.781103,6.0,-2.0,-28.0
1776886526.7911026,6.0,-6.0,-32.0
1776886526.8011026,8.0,-3.0,-34.0
1776886526.8111026,12.0,-2.0,-33.0
1776886526.8211029,13.0,0.0,-29.0
1776886526.8311028,10.0,-3.0,-32.0
1776886526.8411028,5.0,1.0,-36.0
1776886526.8511028,5.0,1.0,-33.0
1776886526.8611028,4.0,0.0,-32.0
1776886526.8711028,4.0,-2.0,-35.0
1776886526.8811028,4.0,0.0,-40.0
1776886526.8911028,2.0,-1.0,-37.0
1776886526.9011028,1.0,-4.0,-36.0
1776886526.9111028,-2.0,-2.0,-42.0
1776886526.9211028,-6.0,-3.0,-39.0
1776886526.9311028,-7.0,-1.0,-41.0
1776886526.9411027,-6.0,-3.0,-43.0
1776886526.952103,-9.0,-2.0,-42.0
1776886526.962103,-6.0,0.0,-36.0
1776886526.9721026,-6.0,-4.0,-37.0
1776886526.9821026,-4.0,-2.0,-35.0
1776886526.9921026,-4.0,-2.0,-29.0
1776886527.0021029,-8.0,-2.0,-30.0
1776886527.0121028,-9.0,0.0,-35.0
1776886527.0221028,-1.0,-3.0,-35.0
1776886527.0321028,0.0,-4.0,-36.0
1776886527.0421028,3.0,-3.0,-42.0
1776886527.0521028,0.0,1.0,-46.0
1776886527.0621028,0.0,0.0,-45.0
1776886527.0721028,2.0,-3.0,-38.0
1776886527.0821028,0.0,-6.0,-34.0
1776886527.0921028,1.0,-12.0,-31.0
1776886527.1021028,2.0,-14.0,-28.0
1776886527.1121027,-2.0,-15.0,-26.0
1776886527.1221027,1.0,-17.0,-27.0
1776886527.1321027,4.0,-15.0,-28.0
1776886527.1421027,0.0,-11.0,-28.0
1776886527.1521027,-2.0,-8.0,-38.0
1776886527.1621027,-4.0,-10.0,-47.0
1776886527.1721027,-4.0,-7.0,-59.0
1776886527.182103,-5.0,-3.0,-57.0
1776886527.192103,-5.0,-3.0,-58.0
1776886527.202103,0.0,-5.0,-46.0
1776886527.212103,-1.0,-9.0,-46.0
1776886527.2221026,-2.0,-7.0,-44.0
1776886527.2321026,-7.0,-5.0,-44.0
1776886527.2421026,-11.0,-1.0,-46.0
1776886527.2521029,-9.0,-2.0,-47.0
1776886527.2621028,-4.0,-1.0,-50.0
1776886527.2721028,-4.0,-3.0,-50.0
1776886527.2821028,-6.0,0.0,-45.0
1776886527.2921028,-11.0,0.0,-44.0
1776886527.3021028,-8.0,-6.0,-39.0
1776886527.3121028,-8.0,-4.0,-37.0
1776886527.3221028,-6.0,-2.0,-37.0
1776886527.3321028,-6.0,0.0,-38.0
1776886527.3421028,-3.0,2.0,-38.0
1776886527.3521028,0.0,2.0,-35.0
1776886527.3621027,2.0,0.0,-41.0
1776886527.3721027,2.0,-3.0,-43.0
1776886527.3821027,2.0,-1.0,-44.0
1776886527.3921027,0.0,-1.0,-47.0
1776886527.4021027,3.0,0.0,-51.0
1776886527.4121027,3.0,0.0,-44.0
1776886527.4221027,-1.0,-4.0,-37.0
1776886527.432103,1.0,-2.0,-41.0
1776886527.442103,0.0,-2.0,-41.0
1776886527.452103,3.0,1.0,-33.0
1776886527.462103,3.0,0.0,-42.0
1776886527.4721026,0.0,0.0,-33.0
1776886527.4821026,-3.0,0.0,-36.0
1776886527.4921026,-2.0,3.0,-36.0
1776886527.5021029,0.0,3.0,-34.0
1776886527.5121028,1.0,-1.0,-30.0
1776886527.5221028,1.0,2.0,-26.0
1776886527.5321028,1.0,2.0,-29.0
1776886527.5421028,1.0,4.0,-31.0
1776886527.5521028,0.0,-3.0,-25.0
1776886527.5621028,-2.0,-3.0,-29.0
1776886527.5721028,-5.0,-2.0,-37.0
1776886527.5821028,-2.0,-1.0,-38.0
1776886527.5921028,1.0,2.0,-40.0
1776886527.6021028,4.0,-1.0,-39.0
1776886527.6121027,5.0,-7.0,-41.0
1776886527.6221027,2.0,-11.0,-40.0
1776886527.6321027,2.0,-12.0,-39.0
1776886527.6421027,1.0,-8.0,-45.0
1776886527.6521027,-2.0,-10.0,-47.0
1776886527.6621027,2.0,-9.0,-44.0
1776886527.6721027,8.0,-8.0,-46.0
1776886527.682103,11.0,-9.0,-47.0
1776886527.692103,11.0,-10.0,-46.0
1776886527.702103,11.0,-8.0,-41.0
1776886527.712103,8.0,-8.0,-42.0
1776886527.7221026,11.0,-10.0,-47.0
1776886527.7321026,11.0,-11.0,-46.0
1776886527.7421026,7.0,-14.0,-46.0
1776886527.7521029,5.0,-14.0,-38.0
1776886527.7621028,4.0,-15.0,-34.0
1776886527.7721028,2.0,-12.0,-36.0
1776886527.7821028,1.0,-8.0,-33.0
1776886527.7921028,4.0,-9.0,-38.0
1776886527.8021028,7.0,-9.0,-37.0
1776886527.8121028,6.0,-9.0,-36.0
1776886527.8221028,6.0,-9.0,-32.0
1776886527.8321028,3.0,-10.0,-33.0
1776886527.8421028,1.0,-6.0,-33.0
1776886527.8521028,3.0,-2.0,-41.0
1776886527.8621027,1.0,-5.0,-46.0
1776886527.8721027,4.0,-5.0,-47.0
1776886527.8821027,6.0,-5.0,-47.0
1776886527.8921027,4.0,-1.0,-44.0
1776886527.9021027,5.0,2.0,-43.0
1776886527.9121027,5.0,-2.0,-38.0
1776886527.9221027,2.0,-1.0,-34.0
1776886527.932103,1.0,0.0,-35.0
1776886527.942103,-1.0,2.0,-34.0
1776886527.952103,0.0,2.0,-34.0
1776886527.962103,0.0,1.0,-30.0
1776886527.9721026,3.0,-3.0,-30.0
1776886527.9821026,5.0,-6.0,-34.0
1776886527.9921026,4.0,-3.0,-29.0
1776886528.0021029,0.0,0.0,-29.0
1776886528.0121028,0.0,-3.0,-35.0
1776886528.0221028,0.0,-4.0,-31.0
1776886528.0321028,-6.0,-3.0,-27.0
1776886528.0421028,-5.0,-1.0,-28.0
1776886528.0521028,-8.0,-3.0,-28.0
1776886528.0621028,-7.0,-2.0,-33.0
1776886528.0721028,-4.0,-3.0,-36.0
1776886528.0821028,-3.0,-2.0,-31.0
1776886528.0921028,-4.0,-3.0,-42.0
1776886528.1021028,-3.0,-5.0,-49.0
1776886528.1121027,-1.0,-7.0,-49.0
1776886528.1221027,-4.0,-6.0,-46.0
1776886528.1321027,-7.0,-5.0,-49.0
1776886528.1421027,-8.0,-3.0,-56.0
1776886528.1521027,-4.0,1.0,-49.0
1776886528.1621027,-3.0,5.0,-49.0
1776886528.1721027,-5.0,6.0,-43.0
1776886528.182103,-2.0,6.0,-42.0
1776886528.192103,-5.0,1.0,-44.0
1776886528.202103,-4.0,2.0,-42.0
1776886528.212103,0.0,0.0,-47.0
1776886528.2221026,-2.0,1.0,-44.0
1776886528.2321026,-2.0,0.0,-42.0
1776886528.2421026,-4.0,-3.0,-39.0
1776886528.2521029,-1.0,-4.0,-41.0
1776886528.2621028,1.0,-3.0,-40.0
1776886528.2721028,0.0,-4.0,-37.0
1776886528.2821028,6.0,-1.0,-37.0
1776886528.2921028,5.0,-2.0,-35.0
1776886528.3021028,0.0,0.0,-36.0
1776886528.3121028,3.0,3.0,-36.0
1776886528.3221028,5.0,2.0,-34.0
1776886528.3321028,4.0,-1.0,-39.0
1776886528.3421028,8.0,0.0,-36.0
1776886528.3521028,1.0,0.0,-40.0
1776886528.3621027,0.0,2.0,-40.0
1776886528.3721027,-2.0,3.0,-43.0
1776886528.3821027,-2.0,0.0,-45.0
1776886528.3921027,0.0,2.0,-39.0
1776886528.4021027,0.0,0.0,-37.0
1776886528.4121027,-2.0,-3.0,-37.0
1776886528.4221027,-1.0,-2.0,-30.0
1776886528.432103,0.0,-4.0,-35.0
1776886528.442103,2.0,-7.0,-37.0
1776886528.452103,4.0,-2.0,-37.0
1776886528.462103,3.0,-6.0,-37.0
1776886528.4721026,3.0,-5.0,-40.0
1776886528.4821026,4.0,-1.0,-36.0
1776886528.4921026,1.0,0.0,-41.0
1776886528.5021029,-2.0,1.0,-40.0
1776886528.5121028,-3.0,-1.0,-42.0
1776886528.5221028,0.0,-3.0,-48.0
1776886528.5321028,0.0,-4.0,-48.0
1776886528.5421028,1.0,-2.0,-47.0
1776886528.5521028,-1.0,-4.0,-47.0
1776886528.5621028,-6.0,-3.0,-42.0
1776886528.5721028,-2.0,-1.0,-39.0
1776886528.5821028,-4.0,-2.0,-39.0
1776886528.5921028,-2.0,-6.0,-34.0
1776886528.6021028,4.0,-11.0,-34.0
1776886528.6121027,5.0,-13.0,-34.0
1776886528.6221027,-2.0,-8.0,-35.0
1776886528.6321027,0.0,-6.0,-35.0
1776886528.6421027,2.0,-4.0,-35.0
1776886528.6521027,0.0,-6.0,-34.0
1776886528.6621027,-3.0,-5.0,-32.0
1776886528.6721027,-7.0,-6.0,-37.0
1776886528.682103,-3.0,-4.0,-38.0
1776886528.692103,-2.0,-2.0,-36.0
1776886528.702103,0.0,-1.0,-38.0
1776886528.712103,1.0,-3.0,-38.0
1776886528.7221026,4.0,-6.0,-36.0
1776886528.7321026,4.0,-6.0,-36.0
1776886528.7421026,0.0,-4.0,-40.0
1776886528.7521029,5.0,-7.0,-45.0
1776886528.7621028,3.0,-7.0,-45.0
1776886528.7721028,6.0,-5.0,-40.0
1776886528.7821028,9.0,-5.0,-39.0
1776886528.7921028,9.0,-4.0,-47.0
1776886528.8021028,4.0,-4.0,-49.0
1776886528.8121028,5.0,0.0,-45.0
1776886528.8221028,4.0,-1.0,-37.0
1776886528.8321028,6.0,0.0,-34.0
1776886528.8421028,8.0,0.0,-33.0
1776886528.8521028,8.0,-2.0,-34.0
1776886528.8621027,4.0,-4.0,-38.0
1776886528.8721027,5.0,-4.0,-38.0
1776886528.8821027,4.0,-3.0,-38.0
1776886528.8921027,6.0,-4.0,-36.0
1776886528.9021027,4.0,-8.0,-42.0
1776886528.9121027,3.0,-10.0,-43.0
1776886528.9221027,3.0,-11.0,-39.0
1776886528.932103,1.0,-11.0,-46.0
1776886528.942103,-3.0,-9.0,-41.0
1776886528.952103,-4.0,-7.0,-43.0
1776886528.9631028,0.0,-6.0,-39.0
1776886528.9731028,0.0,-8.0,-40.0
1776886528.9821026,0.0,-12.0,-39.0
1776886528.9931028,-4.0,-7.0,-37.0
1776886529.0031028,-8.0,-2.0,-35.0
1776886529.0131028,-4.0,-2.0,-24.0
1776886529.0231028,-5.0,0.0,-24.0
1776886529.0331028,-7.0,1.0,-22.0
1776886529.0431027,-6.0,3.0,-28.0
1776886529.0531027,-6.0,3.0,-32.0
1776886529.0631027,-3.0,-1.0,-34.0
1776886529.0731027,-3.0,-4.0,-33.0
1776886529.0831027,0.0,-7.0,-33.0
1776886529.0931027,0.0,-10.0,-36.0
1776886529.1031027,2.0,-10.0,-37.0
1776886529.113103,2.0,-6.0,-34.0
1776886529.123103,2.0,-6.0,-35.0
1776886529.133103,0.0,-5.0,-38.0
1776886529.1431026,3.0,0.0,-36.0
1776886529.1531026,7.0,0.0,-38.0
1776886529.1631026,9.0,0.0,-45.0
1776886529.1731029,7.0,0.0,-46.0
1776886529.1831028,5.0,0.0,-44.0
1776886529.1931028,3.0,2.0,-38.0
1776886529.2031028,5.0,-4.0,-34.0
1776886529.2131028,7.0,0.0,-32.0
1776886529.2231028,2.0,2.0,-32.0
1776886529.2331028,4.0,5.0,-33.0
1776886529.2431028,0.0,2.0,-34.0
1776886529.2531028,0.0,3.0,-35.0
1776886529.2631028,-2.0,1.0,-31.0
1776886529.2731028,-1.0,2.0,-32.0
1776886529.2831028,-6.0,-1.0,-34.0
1776886529.2931027,-7.0,-4.0,-34.0
1776886529.3031027,-6.0,-3.0,-39.0
1776886529.3131027,-4.0,-1.0,-38.0
1776886529.3231027,-4.0,-1.0,-38.0
1776886529.3331027,0.0,1.0,-34.0
1776886529.3431027,-1.0,1.0,-33.0
1776886529.3531027,-2.0,4.0,-38.0
1776886529.363103,-1.0,5.0,-37.0
1776886529.373103,-3.0,4.0,-35.0
1776886529.383103,-1.0,0.0,-38.0
1776886529.3931026,-2.0,0.0,-44.0
1776886529.4031026,-1.0,-1.0,-37.0
1776886529.4131026,-1.0,-2.0,-30.0
1776886529.4231029,-5.0,-1.0,-23.0
1776886529.4331028,-7.0,0.0,-29.0
1776886529.4431028,-4.0,-6.0,-27.0
1776886529.4531028,-4.0,-7.0,-24.0
1776886529.4631028,-6.0,-8.0,-24.0
1776886529.4731028,-9.0,-6.0,-27.0
1776886529.4831028,-6.0,-1.0,-25.0
1776886529.4931028,-4.0,-2.0,-28.0
1776886529.5031028,-3.0,-4.0,-21.0
1776886529.5131028,1.0,1.0,-23.0
1776886529.5231028,-1.0,-1.0,-29.0
1776886529.5331028,0.0,-3.0,-28.0
1776886529.5431027,1.0,-3.0,-38.0
1776886529.5531027,-3.0,-3.0,-32.0
1776886529.5631027,-3.0,-4.0,-35.0
1776886529.5731027,-2.0,-2.0,-33.0
1776886529.5831027,-4.0,-4.0,-37.0
1776886529.5931027,-7.0,-2.0,-36.0
1776886529.6031027,-6.0,1.0,-35.0
1776886529.613103,-1.0,2.0,-36.0
1776886529.623103,-4.0,1.0,-35.0
1776886529.633103,-8.0,2.0,-32.0
1776886529.6431026,-6.0,1.0,-26.0
1776886529.6531026,-5.0,7.0,-27.0
1776886529.6631026,-6.0,8.0,-26.0
1776886529.6731029,-4.0,0.0,-36.0
1776886529.6831028,-4.0,-3.0,-34.0
1776886529.6931028,-1.0,-2.0,-34.0
1776886529.7031028,0.0,-3.0,-39.0
1776886529.7131028,1.0,-5.0,-39.0
1776886529.7231028,0.0,-2.0,-36.0
1776886529.7331028,0.0,2.0,-33.0
1776886529.7431028,0.0,0.0,-35.0
1776886529.7531028,-1.0,-1.0,-39.0
1776886529.7631028,0.0,0.0,-41.0
1776886529.7731028,1.0,1.0,-41.0
1776886529.7831028,-1.0,3.0,-36.0
1776886529.7931027,0.0,1.0,-40.0
1776886529.8031027,5.0,0.0,-38.0
1776886529.8131027,4.0,0.0,-34.0
1776886529.8231027,1.0,-1.0,-37.0
1776886529.8331027,-8.0,0.0,-38.0
1776886529.8431027,-5.0,1.0,-46.0
1776886529.8531027,-3.0,0.0,-48.0
1776886529.863103,0.0,-4.0,-48.0
1776886529.873103,1.0,-5.0,-44.0
1776886529.883103,0.0,-8.0,-39.0
1776886529.8931026,0.0,-6.0,-43.0
1776886529.9031026,-1.0,-4.0,-43.0
1776886529.9131026,-4.0,-3.0,-42.0
1776886529.9231029,0.0,-3.0,-32.0
1776886529.9331028,-2.0,-6.0,-27.0
1776886529.9431028,-2.0,-1.0,-29.0
1776886529.9531028,1.0,0.0,-29.0
1776886529.9631028,2.0,0.0,-31.0
1776886529.9731028,4.0,0.0,-34.0
1776886529.9831028,3.0,-1.0,-38.0
1776886529.9931028,0.0,-5.0,-38.0
1776886530.0031028,-4.0,-3.0,-44.0
1776886530.0131028,-3.0,-3.0,-49.0
1776886530.0231028,0.0,-3.0,-41.0
1776886530.0331028,3.0,-5.0,-44.0
1776886530.0431027,1.0,-4.0,-44.0
1776886530.0531027,0.0,-4.0,-40.0
1776886530.0631027,0.0,-1.0,-43.0
1776886530.0731027,-1.0,3.0,-44.0
1776886530.0831027,2.0,1.0,-42.0
1776886530.0931027,3.0,0.0,-41.0
1776886530.1031027,4.0,1.0,-47.0
1776886530.113103,4.0,-2.0,-46.0
1776886530.123103,4.0,-3.0,-53.0
1776886530.133103,2.0,-6.0,-57.0
1776886530.1431026,4.0,-9.0,-56.0
1776886530.1531026,5.0,-10.0,-47.0
1776886530.1631026,3.0,-7.0,-43.0
1776886530.1731029,2.0,-5.0,-43.0
1776886530.1831028,5.0,-4.0,-40.0
1776886530.1931028,5.0,-2.0,-34.0
1776886530.2031028,7.0,1.0,-31.0
1776886530.2131028,7.0,0.0,-33.0
1776886530.2231028,4.0,0.0,-33.0
1776886530.2331028,4.0,0.0,-40.0
1776886530.2431028,4.0,1.0,-43.0
1776886530.2531028,0.0,0.0,-39.0
1776886530.2631028,3.0,-1.0,-42.0
1776886530.2731028,6.0,-5.0,-41.0
1776886530.2831028,2.0,-5.0,-40.0
1776886530.2931027,-2.0,-8.0,-38.0
1776886530.3031027,-3.0,-7.0,-38.0
1776886530.3131027,-3.0,-5.0,-43.0
1776886530.3231027,-2.0,-7.0,-37.0
1776886530.3331027,-1.0,-1.0,-27.0
1776886530.3431027,-6.0,-1.0,-28.0
1776886530.3531027,-9.0,-1.0,-25.0
1776886530.363103,-7.0,0.0,-30.0
1776886530.373103,-7.0,1.0,-32.0
1776886530.383103,-4.0,2.0,-39.0
1776886530.3931026,-4.0,2.0,-43.0
1776886530.4031026,-4.0,0.0,-43.0
1776886530.4131026,-1.0,-3.0,-41.0
1776886530.4231029,-1.0,-6.0,-41.0
1776886530.4331028,0.0,-4.0,-44.0
1776886530.4431028,0.0,-5.0,-40.0
1776886530.4531028,-1.0,-5.0,-41.0
1776886530.4631028,-3.0,-4.0,-42.0
1776886530.4731028,2.0,-8.0,-46.0
1776886530.4831028,5.0,-5.0,-45.0
1776886530.4931028,-1.0,-5.0,-42.0
1776886530.5031028,-1.0,2.0,-47.0
1776886530.5131028,-5.0,2.0,-45.0
1776886530.5231028,-5.0,-1.0,-40.0
1776886530.5331028,0.0,0.0,-40.0
1776886530.5431027,1.0,-1.0,-44.0
1776886530.5531027,-2.0,2.0,-40.0
1776886530.5631027,-2.0,4.0,-44.0
1776886530.5731027,-4.0,4.0,-51.0
1776886530.5831027,-1.0,4.0,-53.0
1776886530.5931027,-5.0,2.0,-40.0
1776886530.6031027,0.0,-3.0,-35.0
1776886530.613103,-6.0,-5.0,-37.0
1776886530.623103,-8.0,-5.0,-35.0
1776886530.633103,-6.0,-3.0,-34.0
1776886530.6431026,-6.0,-2.0,-37.0
1776886530.6531026,-9.0,1.0,-35.0
1776886530.6631026,-8.0,-1.0,-44.0
1776886530.6731029,-6.0,-4.0,-41.0
1776886530.6831028,-3.0,-3.0,-45.0
1776886530.6931028,-8.0,0.0,-46.0
1776886530.7031028,-9.0,2.0,-47.0
1776886530.7131028,-7.0,2.0,-51.0
1776886530.7231028,-8.0,2.0,-42.0
1776886530.7331028,-6.0,6.0,-45.0
1776886530.7431028,-4.0,4.0,-42.0
1776886530.7531028,1.0,3.0,-38.0
1776886530.7631028,0.0,1.0,-41.0
1776886530.7731028,2.0,5.0,-40.0
1776886530.7831028,-1.0,3.0,-38.0
1776886530.7931027,0.0,4.0,-42.0
1776886530.8031027,4.0,3.0,-41.0
1776886530.8131027,0.0,0.0,-38.0
1776886530.8231027,0.0,-2.0,-30.0
1776886530.8331027,-3.0,-4.0,-38.0
1776886530.8431027,-6.0,-6.0,-42.0
1776886530.8531027,-9.0,-4.0,-46.0
1776886530.863103,-6.0,-3.0,-47.0
1776886530.873103,-7.0,-3.0,-41.0
1776886530.883103,0.0,0.0,-45.0
1776886530.8931026,1.0,-1.0,-48.0
1776886530.9031026,1.0,0.0,-50.0
1776886530.9131026,0.0,2.0,-48.0
1776886530.9241028,4.0,0.0,-41.0
1776886530.9331028,4.0,2.0,-40.0
1776886530.9441028,2.0,2.0,-32.0
1776886530.9541028,2.0,-2.0,-26.0
1776886530.9641027,2.0,-2.0,-22.0
1776886530.9741027,3.0,-5.0,-26.0
1776886530.9841027,1.0,-2.0,-29.0
1776886530.9941027,0.0,0.0,-28.0
1776886531.0041027,0.0,2.0,-18.0
1776886531.0141027,-3.0,-1.0,-25.0
1776886531.0241027,-3.0,-3.0,-27.0
1776886531.034103,-4.0,-4.0,-29.0
1776886531.044103,-2.0,-4.0,-30.0
1776886531.054103,-1.0,-5.0,-32.0
1776886531.0641026,0.0,-6.0,-30.0
1776886531.0741026,-2.0,-4.0,-30.0
1776886531.0841026,0.0,-2.0,-37.0
1776886531.0941026,-3.0,-5.0,-39.0
1776886531.1041028,-2.0,0.0,-38.0
1776886531.1141028,-2.0,-1.0,-47.0
1776886531.1241028,0.0,0.0,-48.0
1776886531.1341028,2.0,0.0,-48.0
1776886531.1441028,0.0,0.0,-45.0
1776886531.1541028,0.0,1.0,-51.0
1776886531.1641028,-1.0,2.0,-49.0
1776886531.1741028,-6.0,1.0,-52.0
1776886531.1841028,-2.0,1.0,-47.0
1776886531.1941028,0.0,0.0,-37.0
1776886531.2041028,3.0,-1.0,-40.0
1776886531.2141027,3.0,-6.0,-42.0
1776886531.2241027,2.0,-8.0,-44.0
1776886531.2341027,5.0,-7.0,-48.0
1776886531.2441027,4.0,-6.0,-42.0
1776886531.2541027,2.0,-9.0,-39.0
1776886531.2641027,6.0,-7.0,-33.0
1776886531.2741027,3.0,-5.0,-29.0
1776886531.284103,9.0,-2.0,-33.0
1776886531.294103,7.0,-3.0,-28.0
1776886531.304103,6.0,-2.0,-24.0
1776886531.3141026,5.0,-3.0,-25.0
1776886531.3241026,5.0,-1.0,-37.0
1776886531.3341026,5.0,2.0,-36.0
1776886531.3441026,0.0,2.0,-36.0
1776886531.3541028,0.0,4.0,-38.0
1776886531.3641028,-2.0,1.0,-35.0
1776886531.3741028,-2.0,0.0,-39.0
1776886531.3841028,4.0,3.0,-36.0
1776886531.3941028,7.0,5.0,-32.0
1776886531.4041028,7.0,3.0,-38.0
1776886531.4141028,6.0,-2.0,-37.0
1776886531.4241028,4.0,-1.0,-33.0
1776886531.4341028,5.0,1.0,-34.0
1776886531.4441028,3.0,1.0,-37.0
1776886531.4541028,0.0,1.0,-36.0
1776886531.4641027,-1.0,1.0,-35.0
1776886531.4741027,1.0,0.0,-39.0
1776886531.4841027,-2.0,-1.0,-44.0
1776886531.4941027,0.0,3.0,-42.0
1776886531.5041027,0.0,4.0,-39.0
1776886531.5141027,-3.0,1.0,-34.0
1776886531.5241027,-5.0,0.0,-32.0
1776886531.534103,-5.0,-6.0,-37.0
1776886531.544103,-2.0,-6.0,-40.0
1776886531.554103,0.0,-1.0,-41.0
1776886531.5641026,0.0,1.0,-40.0
1776886531.5741026,0.0,0.0,-47.0
1776886531.5841026,0.0,-1.0,-49.0
1776886531.5941026,3.0,-2.0,-42.0
1776886531.6041028,3.0,-2.0,-43.0
1776886531.6141028,3.0,-4.0,-42.0
1776886531.6241028,1.0,-4.0,-50.0
1776886531.6341028,-1.0,-2.0,-52.0
1776886531.6441028,-3.0,-5.0,-52.0
1776886531.6541028,0.0,0.0,-48.0
1776886531.6641028,-2.0,-3.0,-51.0
1776886531.6741028,0.0,-2.0,-53.0
1776886531.6841028,5.0,-6.0,-51.0
1776886531.6941028,8.0,-7.0,-45.0
1776886531.7041028,2.0,0.0,-34.0
1776886531.7141027,1.0,2.0,-32.0
1776886531.7241027,2.0,3.0,-28.0
1776886531.7341027,4.0,2.0,-27.0
1776886531.7441027,1.0,0.0,-28.0
1776886531.7541027,1.0,-6.0,-34.0
1776886531.7641027,3.0,-7.0,-36.0
1776886531.7741027,8.0,-7.0,-33.0
1776886531.784103,4.0,-10.0,-30.0
1776886531.794103,2.0,-9.0,-36.0
1776886531.804103,3.0,-3.0,-41.0
1776886531.8141026,0.0,-4.0,-40.0
1776886531.8241026,2.0,-4.0,-38.0
1776886531.8341026,2.0,-1.0,-38.0
1776886531.8441026,0.0,0.0,-32.0
1776886531.8541028,-1.0,-2.0,-37.0
1776886531.8641028,-1.0,-3.0,-40.0
1776886531.8741028,0.0,-5.0,-44.0
1776886531.8841028,-1.0,-8.0,-44.0
1776886531.8941028,-2.0,-6.0,-48.0
1776886531.9041028,-3.0,-3.0,-49.0
1776886531.9141028,-5.0,-3.0,-47.0
1776886531.9241028,-4.0,-1.0,-41.0
1776886531.9341028,-1.0,-1.0,-46.0
1776886531.9441028,0.0,0.0,-48.0
1776886531.9541028,3.0,0.0,-44.0
1776886531.9641027,-1.0,3.0,-39.0
1776886531.9741027,-1.0,6.0,-35.0
1776886531.9841027,-3.0,5.0,-34.0
1776886531.9941027,-2.0,5.0,-33.0
1776886532.0041027,-2.0,5.0,-35.0
1776886532.0141027,-2.0,-1.0,-32.0
1776886532.0241027,-3.0,0.0,-31.0
1776886532.034103,-1.0,-6.0,-38.0
1776886532.044103,-7.0,-9.0,-38.0
1776886532.054103,-7.0,-4.0,-37.0
1776886532.0641026,-7.0,-2.0,-45.0
1776886532.0741026,-5.0,-4.0,-42.0
1776886532.0841026,-5.0,-12.0,-38.0
1776886532.0941026,-3.0,-10.0,-39.0
1776886532.1041028,-6.0,-6.0,-46.0
1776886532.1141028,-4.0,-5.0,-50.0
1776886532.1241028,-4.0,-3.0,-47.0
1776886532.1341028,-1.0,0.0,-37.0
1776886532.1441028,-1.0,1.0,-41.0
1776886532.1541028,-1.0,0.0,-43.0
1776886532.1641028,0.0,0.0,-39.0
1776886532.1741028,0.0,-2.0,-41.0
1776886532.1841028,0.0,-2.0,-41.0
1776886532.1941028,1.0,-2.0,-44.0
1776886532.2041028,0.0,-3.0,-44.0
1776886532.2141027,0.0,-4.0,-43.0
1776886532.2241027,4.0,-7.0,-53.0
1776886532.2341027,5.0,-4.0,-50.0
1776886532.2441027,0.0,-5.0,-46.0
1776886532.2541027,-2.0,-1.0,-41.0
1776886532.2641027,-3.0,0.0,-44.0
1776886532.2741027,-3.0,-3.0,-40.0
1776886532.284103,0.0,-4.0,-42.0
1776886532.294103,0.0,-3.0,-43.0
1776886532.304103,4.0,-9.0,-45.0
1776886532.3141026,5.0,-11.0,-46.0
1776886532.3241026,2.0,-10.0,-42.0
1776886532.3341026,0.0,-3.0,-35.0
1776886532.3441026,0.0,-2.0,-40.0
1776886532.3541028,0.0,3.0,-46.0
1776886532.3641028,-2.0,5.0,-41.0
1776886532.3741028,-1.0,3.0,-42.0
1776886532.3841028,-3.0,6.0,-49.0
1776886532.3941028,-4.0,2.0,-45.0
1776886532.4041028,-2.0,0.0,-47.0
1776886532.4141028,0.0,-2.0,-36.0
1776886532.4241028,3.0,1.0,-32.0
1776886532.4341028,2.0,0.0,-33.0
1776886532.4441028,3.0,-1.0,-37.0
1776886532.4541028,7.0,-4.0,-40.0
1776886532.4641027,5.0,-4.0,-41.0
1776886532.4741027,8.0,-2.0,-47.0
1776886532.4841027,6.0,-1.0,-43.0
1776886532.4941027,5.0,-2.0,-36.0
1776886532.5041027,6.0,-1.0,-31.0
1776886532.5141027,3.0,-2.0,-35.0
1776886532.5241027,3.0,-3.0,-36.0
1776886532.534103,1.0,-2.0,-39.0
1776886532.544103,5.0,-4.0,-37.0
1776886532.554103,6.0,-5.0,-40.0
1776886532.5641026,4.0,-7.0,-35.0
1776886532.5741026,2.0,-4.0,-30.0
1776886532.5841026,3.0,0.0,-37.0
1776886532.5941026,6.0,-1.0,-34.0
1776886532.6041028,0.0,-1.0,-35.0
1776886532.6141028,0.0,-1.0,-32.0
1776886532.6241028,1.0,0.0,-34.0
1776886532.6341028,0.0,-5.0,-27.0
1776886532.6441028,-1.0,-3.0,-31.0
1776886532.6541028,0.0,-3.0,-29.0
1776886532.6641028,5.0,-2.0,-29.0
1776886532.6741028,4.0,-4.0,-37.0
1776886532.6841028,4.0,-5.0,-30.0
1776886532.6941028,1.0,-5.0,-29.0
1776886532.7041028,5.0,-4.0,-27.0
1776886532.7141027,4.0,-6.0,-26.0
1776886532.7241027,2.0,-7.0,-31.0
1776886532.7341027,2.0,-6.0,-34.0
1776886532.7441027,0.0,-7.0,-42.0
1776886532.7541027,1.0,-6.0,-42.0
1776886532.7641027,2.0,-2.0,-41.0
1776886532.7741027,-2.0,-1.0,-47.0
1776886532.784103,3.0,-1.0,-43.0
1776886532.794103,2.0,-3.0,-52.0
1776886532.804103,5.0,0.0,-53.0
1776886532.8141026,6.0,2.0,-49.0
1776886532.8241026,3.0,2.0,-48.0
1776886532.8341026,2.0,2.0,-41.0
1776886532.8441026,0.0,1.0,-38.0
1776886532.8541028,2.0,6.0,-46.0
1776886532.8641028,-4.0,6.0,-45.0
1776886532.8741028,-3.0,7.0,-49.0
1776886532.8841028,-3.0,7.0,-49.0
1776886532.8941028,-3.0,4.0,-49.0
1776886532.9051027,-2.0,7.0,-54.0
1776886532.9141028,2.0,8.0,-50.0
1776886532.9241028,3.0,6.0,-51.0
1776886532.9351027,0.0,9.0,-48.0
1776886532.9451027,2.0,3.0,-47.0
1776886532.9551027,1.0,0.0,-45.0
1776886532.965103,1.0,0.0,-42.0
1776886532.975103,2.0,0.0,-46.0
1776886532.985103,1.0,-3.0,-47.0
1776886532.9951026,3.0,-7.0,-44.0
1776886533.0051026,5.0,-7.0,-41.0
1776886533.0151026,-1.0,-2.0,-37.0
1776886533.0251029,-1.0,2.0,-35.0
1776886533.0351028,0.0,0.0,-35.0
1776886533.0451028,0.0,-1.0,-38.0
1776886533.0551028,-2.0,0.0,-39.0
1776886533.0651028,-3.0,-2.0,-39.0
1776886533.0751028,0.0,-2.0,-35.0
1776886533.0851028,0.0,0.0,-35.0
1776886533.0951028,0.0,-2.0,-33.0
1776886533.1051028,-2.0,-4.0,-29.0
1776886533.1151028,0.0,-2.0,-34.0
1776886533.1251028,1.0,-1.0,-39.0
1776886533.1351027,2.0,-3.0,-50.0
1776886533.1451027,2.0,-2.0,-53.0
1776886533.1551027,1.0,-4.0,-52.0
1776886533.1651027,3.0,-6.0,-51.0
1776886533.1751027,0.0,-6.0,-46.0
1776886533.1851027,0.0,-8.0,-52.0
1776886533.1951027,-2.0,-9.0,-48.0
1776886533.2051027,0.0,-7.0,-45.0
1776886533.215103,1.0,-4.0,-47.0
1776886533.225103,0.0,-3.0,-47.0
1776886533.235103,0.0,1.0,-47.0
1776886533.2451026,-3.0,3.0,-43.0
1776886533.2551026,-1.0,2.0,-38.0
1776886533.2651026,-4.0,0.0,-32.0
1776886533.2751029,-3.0,-1.0,-34.0
1776886533.2851028,0.0,-4.0,-40.0
1776886533.2951028,-5.0,-5.0,-40.0
1776886533.3051028,-1.0,-5.0,-36.0
1776886533.3151028,3.0,-8.0,-35.0
1776886533.3251028,0.0,-9.0,-42.0
1776886533.3351028,-1.0,-9.0,-45.0
1776886533.3451028,2.0,-3.0,-46.0
1776886533.3551028,0.0,-1.0,-43.0
1776886533.3651028,0.0,-4.0,-48.0
1776886533.3751028,-3.0,-4.0,-52.0
1776886533.3851027,-2.0,-9.0,-48.0
1776886533.3951027,-5.0,-11.0,-39.0
1776886533.4051027,-9.0,-9.0,-42.0
1776886533.4151027,-3.0,-6.0,-44.0
1776886533.4251027,1.0,-5.0,-35.0
1776886533.4351027,0.0,-6.0,-28.0
1776886533.4451027,-1.0,-6.0,-25.0
1776886533.4551027,0.0,-6.0,-29.0
1776886533.465103,-2.0,-5.0,-33.0
1776886533.475103,0.0,-2.0,-39.0
1776886533.485103,1.0,-4.0,-43.0
1776886533.4951026,-1.0,-3.0,-44.0
1776886533.5051026,-4.0,-5.0,-45.0
1776886533.5151026,1.0,-6.0,-47.0
1776886533.5251029,4.0,-1.0,-51.0
1776886533.5351028,7.0,-2.0,-52.0
1776886533.5451028,5.0,-5.0,-47.0
1776886533.5551028,5.0,-8.0,-44.0
1776886533.5651028,1.0,-10.0,-43.0
1776886533.5751028,6.0,-10.0,-42.0
1776886533.5851028,8.0,-9.0,-43.0
1776886533.5951028,2.0,-10.0,-42.0
1776886533.6051028,-5.0,-8.0,-44.0
1776886533.6151028,-1.0,-7.0,-48.0
1776886533.6251028,0.0,-5.0,-53.0
1776886533.6351027,1.0,-4.0,-51.0
1776886533.6451027,4.0,0.0,-45.0
1776886533.6551027,5.0,-4.0,-42.0
1776886533.6651027,7.0,-4.0,-51.0
1776886533.6751027,5.0,-5.0,-53.0
1776886533.6851027,6.0,-8.0,-52.0
1776886533.6951027,1.0,-7.0,-46.0
1776886533.7051027,0.0,-5.0,-45.0
1776886533.715103,4.0,-9.0,-39.0
1776886533.725103,0.0,-3.0,-41.0
1776886533.735103,0.0,-3.0,-51.0
1776886533.7451026,0.0,-3.0,-51.0
1776886533.7551026,0.0,-1.0,-54.0
1776886533.7651026,4.0,0.0,-49.0
1776886533.7751029,3.0,-2.0,-45.0
1776886533.7851028,3.0,1.0,-48.0
1776886533.7951028,8.0,2.0,-48.0
1776886533.8051028,10.0,4.0,-49.0
1776886533.8151028,11.0,0.0,-51.0
1776886533.8251028,8.0,-1.0,-44.0
1776886533.8351028,8.0,0.0,-43.0
1776886533.8451028,8.0,0.0,-43.0
1776886533.8551028,7.0,-2.0,-43.0
1776886533.8651028,9.0,3.0,-44.0
1776886533.8751028,11.0,4.0,-43.0
1776886533.8851027,9.0,1.0,-36.0
1776886533.8951027,7.0,1.0,-35.0
1776886533.9051027,6.0,4.0,-36.0
1776886533.9151027,3.0,1.0,-33.0
1776886533.9251027,5.0,-2.0,-28.0
1776886533.9351027,0.0,-3.0,-28.0
1776886533.9451027,2.0,0.0,-26.0
1776886533.9551027,1.0,2.0,-35.0
1776886533.965103,-1.0,0.0,-33.0
1776886533.975103,-1.0,1.0,-33.0
1776886533.985103,-3.0,1.0,-33.0
1776886533.9951026,0.0,3.0,-38.0
1776886534.0051026,-4.0,5.0,-40.0
1776886534.0151026,-7.0,6.0,-40.0
1776886534.0251029,-5.0,2.0,-39.0
1776886534.0351028,-7.0,3.0,-46.0
1776886534.0451028,-7.0,4.0,-48.0
1776886534.0551028,-1.0,2.0,-48.0
1776886534.0651028,-5.0,0.0,-46.0
1776886534.0751028,-6.0,0.0,-47.0
1776886534.0851028,-2.0,0.0,-43.0
1776886534.0951028,-1.0,1.0,-44.0
1776886534.1051028,-3.0,-3.0,-43.0
1776886534.1151028,-5.0,-2.0,-47.0
1776886534.1251028,-4.0,-4.0,-47.0
1776886534.1351027,-2.0,-4.0,-49.0
1776886534.1451027,-4.0,-2.0,-50.0
1776886534.1551027,-7.0,-4.0,-48.0
1776886534.1651027,-8.0,-2.0,-50.0
1776886534.1751027,-5.0,-3.0,-51.0
1776886534.1851027,0.0,-4.0,-41.0
1776886534.1951027,0.0,-4.0,-30.0
1776886534.2051027,-4.0,-3.0,-29.0
1776886534.215103,1.0,3.0,-35.0
1776886534.225103,1.0,4.0,-42.0
1776886534.235103,0.0,1.0,-41.0
1776886534.2451026,0.0,1.0,-36.0
1776886534.2551026,-1.0,1.0,-42.0
1776886534.2651026,2.0,1.0,-39.0
1776886534.2751029,6.0,0.0,-38.0
1776886534.2851028,4.0,0.0,-41.0
1776886534.2951028,3.0,-4.0,-47.0
1776886534.3051028,-2.0,-9.0,-52.0
1776886534.3151028,-2.0,-10.0,-55.0
1776886534.3251028,-1.0,-11.0,-49.0
1776886534.3351028,-1.0,-9.0,-42.0
1776886534.3451028,-1.0,-7.0,-37.0
1776886534.3551028,-8.0,-5.0,-38.0
1776886534.3651028,-6.0,-7.0,-45.0
1776886534.3751028,-9.0,-9.0,-40.0
1776886534.3851027,-8.0,-4.0,-41.0
1776886534.3951027,-2.0,-4.0,-41.0
1776886534.4051027,0.0,-2.0,-38.0
1776886534.4151027,0.0,-1.0,-43.0
1776886534.4251027,-5.0,0.0,-43.0
1776886534.4351027,-6.0,-4.0,-46.0
1776886534.4451027,-3.0,-6.0,-43.0
1776886534.4551027,1.0,0.0,-40.0
1776886534.465103,3.0,0.0,-41.0
1776886534.475103,1.0,-4.0,-42.0
1776886534.485103,2.0,-5.0,-45.0
1776886534.4951026,5.0,-7.0,-44.0
1776886534.5051026,8.0,-11.0,-47.0
1776886534.5151026,6.0,-12.0,-41.0
1776886534.5251029,4.0,-7.0,-41.0
1776886534.5351028,4.0,-1.0,-40.0
1776886534.5451028,4.0,0.0,-41.0
1776886534.5551028,3.0,-1.0,-35.0
1776886534.5651028,3.0,-1.0,-37.0
1776886534.5751028,6.0,0.0,-42.0
1776886534.5851028,5.0,2.0,-39.0
1776886534.5951028,2.0,1.0,-37.0
1776886534.6051028,4.0,3.0,-41.0
1776886534.6151028,0.0,2.0,-39.0
1776886534.6251028,0.0,0.0,-35.0
1776886534.6351027,-2.0,0.0,-32.0
1776886534.6451027,0.0,1.0,-32.0
1776886534.6551027,3.0,-2.0,-33.0
1776886534.6651027,0.0,-1.0,-31.0
1776886534.6751027,-1.0,0.0,-36.0
1776886534.6851027,-5.0,0.0,-41.0
1776886534.6951027,-3.0,-2.0,-34.0
1776886534.7051027,-6.0,0.0,-31.0
1776886534.715103,-5.0,3.0,-30.0
1776886534.725103,-2.0,0.0,-28.0
1776886534.735103,-1.0,0.0,-30.0
1776886534.7451026,0.0,0.0,-34.0
1776886534.7551026,-1.0,0.0,-37.0
1776886534.7651026,0.0,-3.0,-45.0
1776886534.7751029,2.0,-1.0,-43.0
1776886534.7851028,4.0,1.0,-44.0
1776886534.7951028,0.0,-1.0,-48.0
1776886534.8051028,2.0,-1.0,-44.0
1776886534.8151028,0.0,-2.0,-51.0
1776886534.8251028,0.0,0.0,-52.0
1776886534.8351028,4.0,0.0,-47.0
1776886534.8451028,7.0,1.0,-40.0
1776886534.8551028,8.0,2.0,-33.0
1776886534.8651028,5.0,-3.0,-31.0
1776886534.8751028,6.0,-2.0,-30.0
1776886534.8851027,5.0,-1.0,-30.0
1776886534.8951027,6.0,-7.0,-30.0
1776886534.9051027,3.0,-6.0,-35.0
1776886534.9151027,-4.0,-4.0,-36.0
1776886534.9251027,-9.0,1.0,-38.0
1776886534.9361026,-10.0,1.0,-38.0
1776886534.9461029,-7.0,4.0,-35.0
1776886534.9561028,-3.0,6.0,-30.0
1776886534.9661028,0.0,8.0,-25.0
1776886534.9761028,0.0,6.0,-34.0
1776886534.9861028,5.0,6.0,-33.0
1776886534.9961028,0.0,4.0,-37.0
1776886535.0061028,0.0,5.0,-40.0
1776886535.0161028,0.0,1.0,-44.0
1776886535.0261028,2.0,0.0,-39.0
1776886535.0361028,2.0,-2.0,-37.0
1776886535.0461028,0.0,-3.0,-44.0
1776886535.0561028,3.0,-1.0,-43.0
1776886535.0661027,2.0,0.0,-42.0
1776886535.0761027,0.0,-2.0,-45.0
1776886535.0861027,0.0,-4.0,-45.0
1776886535.0961027,0.0,-4.0,-40.0
1776886535.1061027,1.0,-3.0,-44.0
1776886535.1161027,-1.0,-1.0,-50.0
1776886535.1261027,0.0,-4.0,-41.0
1776886535.136103,1.0,-1.0,-36.0
1776886535.146103,3.0,-3.0,-32.0
1776886535.156103,8.0,-1.0,-35.0
1776886535.1661026,5.0,-2.0,-38.0
1776886535.1761026,3.0,-2.0,-39.0
1776886535.1861026,3.0,-1.0,-32.0
1776886535.1961029,3.0,-1.0,-25.0
1776886535.2061028,3.0,-4.0,-30.0
1776886535.2161028,2.0,-6.0,-37.0
1776886535.2261028,2.0,-1.0,-41.0
1776886535.2361028,5.0,4.0,-39.0
1776886535.2461028,7.0,5.0,-34.0
1776886535.2561028,8.0,2.0,-30.0
1776886535.2661028,6.0,0.0,-35.0
1776886535.2761028,7.0,0.0,-31.0
1776886535.2861028,5.0,4.0,-33.0
1776886535.2971027,2.0,3.0,-40.0
1776886535.3061028,3.0,4.0,-42.0
1776886535.3161027,4.0,5.0,-39.0
1776886535.3261027,5.0,1.0,-42.0
1776886535.3361027,-2.0,3.0,-43.0
1776886535.3461027,-4.0,-1.0,-43.0
1776886535.3561027,-5.0,0.0,-42.0
1776886535.3661027,-1.0,2.0,-41.0
1776886535.3761027,0.0,1.0,-41.0
1776886535.386103,2.0,4.0,-41.0
1776886535.396103,2.0,2.0,-44.0
1776886535.406103,0.0,3.0,-43.0
1776886535.4161026,3.0,2.0,-40.0
1776886535.4261026,9.0,4.0,-44.0
1776886535.4361026,10.0,3.0,-52.0
1776886535.4461029,10.0,0.0,-49.0
1776886535.4561028,8.0,-4.0,-41.0
1776886535.4661028,6.0,-2.0,-38.0
1776886535.4761028,4.0,0.0,-29.0
1776886535.4861028,7.0,0.0,-31.0
1776886535.4961028,8.0,-2.0,-30.0
1776886535.5061028,4.0,-2.0,-30.0
1776886535.5161028,8.0,1.0,-35.0
1776886535.5261028,4.0,0.0,-40.0
1776886535.5361028,1.0,-1.0,-46.0
1776886535.5461028,0.0,3.0,-46.0
1776886535.5561028,-2.0,3.0,-36.0
1776886535.5661027,-2.0,1.0,-35.0
1776886535.5761027,0.0,0.0,-32.0
1776886535.5861027,0.0,1.0,-34.0
1776886535.5961027,-3.0,0.0,-28.0
1776886535.6061027,-5.0,-2.0,-34.0
1776886535.6161027,-5.0,-4.0,-32.0
1776886535.6261027,-1.0,-4.0,-37.0
1776886535.636103,-7.0,1.0,-38.0
1776886535.646103,-7.0,0.0,-36.0
1776886535.656103,-8.0,1.0,-40.0
1776886535.6661026,-10.0,4.0,-40.0
1776886535.6761026,-7.0,3.0,-44.0
1776886535.6861026,-5.0,0.0,-42.0
1776886535.6961029,-3.0,-3.0,-29.0
1776886535.7061028,0.0,-2.0,-29.0
1776886535.7161028,0.0,-7.0,-33.0
1776886535.7261028,2.0,-5.0,-32.0
1776886535.7361028,-1.0,-6.0,-33.0
1776886535.7461028,-2.0,-5.0,-34.0
1776886535.7561028,-6.0,0.0,-33.0
1776886535.7661028,0.0,0.0,-31.0
1776886535.7761028,0.0,-1.0,-31.0
1776886535.7861028,3.0,-3.0,-31.0
1776886535.7961028,-3.0,-7.0,-33.0
1776886535.8061028,-6.0,-9.0,-33.0
1776886535.8161027,-1.0,-7.0,-29.0
1776886535.8261027,0.0,-6.0,-32.0
1776886535.8361027,-1.0,-4.0,-39.0
1776886535.8461027,2.0,-2.0,-45.0
1776886535.8561027,-1.0,0.0,-43.0
1776886535.8661027,0.0,-4.0,-43.0
1776886535.8761027,-1.0,-3.0,-37.0
1776886535.886103,0.0,-2.0,-38.0
1776886535.896103,2.0,-7.0,-44.0
1776886535.906103,1.0,-8.0,-38.0
1776886535.9161026,5.0,-8.0,-39.0
1776886535.9261026,6.0,-10.0,-38.0
1776886535.9361026,6.0,-12.0,-30.0
1776886535.9461029,8.0,-8.0,-38.0
1776886535.9561028,3.0,-7.0,-32.0
1776886535.9661028,4.0,-8.0,-35.0
1776886535.9761028,3.0,-9.0,-34.0
1776886535.9861028,4.0,-11.0,-31.0
1776886535.9961028,2.0,-11.0,-38.0
1776886536.0061028,1.0,-8.0,-32.0
1776886536.0161028,0.0,-10.0,-33.0
1776886536.0261028,2.0,-10.0,-30.0
1776886536.0361028,1.0,-9.0,-28.0
1776886536.0461028,2.0,-4.0,-36.0
1776886536.0561028,4.0,-8.0,-39.0
1776886536.0661027,0.0,-2.0,-34.0
1776886536.0761027,-1.0,1.0,-37.0
1776886536.0861027,0.0,0.0,-36.0
1776886536.0961027,0.0,0.0,-40.0
1776886536.1061027,0.0,-4.0,-42.0
1776886536.1161027,1.0,-2.0,-43.0
1776886536.1261027,0.0,-4.0,-42.0
1776886536.136103,1.0,-11.0,-44.0
1776886536.146103,0.0,-11.0,-40.0
1776886536.156103,1.0,-7.0,-43.0
1776886536.1661026,1.0,-5.0,-45.0
1776886536.1761026,3.0,-7.0,-51.0
1776886536.1861026,0.0,-10.0,-42.0
1776886536.1961029,1.0,-8.0,-37.0
1776886536.2061028,3.0,-8.0,-39.0
1776886536.2161028,0.0,-5.0,-45.0
1776886536.2261028,2.0,-7.0,-44.0
1776886536.2361028,0.0,-2.0,-49.0
1776886536.2461028,4.0,2.0,-50.0
1776886536.2561028,3.0,0.0,-51.0
1776886536.2661028,1.0,3.0,-51.0
1776886536.2761028,0.0,6.0,-46.0
1776886536.2861028,-2.0,2.0,-52.0
1776886536.2961028,-1.0,-2.0,-54.0
1776886536.3061028,1.0,0.0,-56.0
1776886536.3161027,4.0,1.0,-52.0
1776886536.3261027,0.0,0.0,-52.0
1776886536.3361027,2.0,2.0,-49.0
1776886536.3461027,6.0,0.0,-45.0
1776886536.3561027,8.0,-1.0,-38.0
1776886536.3661027,7.0,-6.0,-44.0
1776886536.3761027,3.0,-5.0,-44.0
1776886536.386103,0.0,-3.0,-45.0
1776886536.396103,2.0,-4.0,-42.0
1776886536.406103,6.0,-5.0,-43.0
1776886536.4161026,1.0,-4.0,-38.0
1776886536.4261026,1.0,-5.0,-40.0
1776886536.4361026,2.0,-3.0,-42.0
1776886536.4461029,2.0,-1.0,-42.0
1776886536.4561028,0.0,-3.0,-41.0
1776886536.4661028,0.0,-4.0,-48.0
1776886536.4761028,1.0,-7.0,-44.0
1776886536.4861028,0.0,-4.0,-45.0
1776886536.4961028,2.0,-3.0,-44.0
1776886536.5061028,2.0,-6.0,-41.0
1776886536.5161028,0.0,-8.0,-39.0
1776886536.5261028,-2.0,-6.0,-39.0
1776886536.5361028,-5.0,-4.0,-34.0
1776886536.5461028,-4.0,-6.0,-38.0
1776886536.5561028,-2.0,-3.0,-47.0
1776886536.5661027,0.0,-3.0,-45.0
1776886536.5761027,6.0,-2.0,-44.0
1776886536.5861027,4.0,-5.0,-38.0
1776886536.5961027,6.0,-2.0,-33.0
1776886536.6061027,4.0,0.0,-36.0
1776886536.6161027,4.0,7.0,-32.0
1776886536.6261027,3.0,9.0,-35.0
1776886536.636103,4.0,7.0,-45.0
1776886536.646103,4.0,5.0,-48.0
1776886536.656103,2.0,-1.0,-45.0
1776886536.6661026,3.0,-2.0,-42.0
1776886536.6761026,5.0,0.0,-37.0
1776886536.6861026,6.0,-4.0,-40.0
1776886536.6961029,6.0,-1.0,-42.0
1776886536.7061028,5.0,1.0,-39.0
1776886536.7161028,6.0,5.0,-39.0
1776886536.7261028,1.0,5.0,-38.0
1776886536.7361028,0.0,4.0,-38.0
1776886536.7461028,0.0,1.0,-43.0
1776886536.7561028,-1.0,0.0,-49.0
1776886536.7661028,-2.0,0.0,-51.0
1776886536.7761028,0.0,0.0,-48.0
1776886536.7861028,0.0,2.0,-42.0
1776886536.7961028,-3.0,4.0,-46.0
1776886536.8061028,-2.0,4.0,-48.0
1776886536.8161027,2.0,3.0,-47.0
1776886536.8261027,0.0,2.0,-43.0
1776886536.8361027,4.0,1.0,-43.0
1776886536.8461027,3.0,1.0,-47.0
1776886536.8561027,4.0,0.0,-47.0
1776886536.8661027,4.0,0.0,-46.0
1776886536.8761027,7.0,0.0,-40.0
1776886536.886103,5.0,2.0,-37.0
1776886536.896103,3.0,-1.0,-37.0
1776886536.906103,2.0,-4.0,-44.0
1776886536.9171028,4.0,-4.0,-42.0
1776886536.9261026,3.0,-8.0,-41.0
1776886536.9371028,5.0,-10.0,-41.0
1776886536.9471028,6.0,-14.0,-48.0
1776886536.9571028,5.0,-12.0,-49.0
1776886536.9671028,7.0,-10.0,-46.0
1776886536.9771028,2.0,-5.0,-42.0
1776886536.9871027,1.0,-8.0,-44.0
1776886536.9971027,0.0,-8.0,-45.0
1776886537.0071027,3.0,-6.0,-42.0
1776886537.0171027,7.0,-3.0,-35.0
1776886537.0271027,4.0,-1.0,-28.0
1776886537.0371027,3.0,-4.0,-29.0
1776886537.0471027,0.0,-7.0,-26.0
1776886537.057103,2.0,-4.0,-30.0
1776886537.067103,1.0,-3.0,-26.0
1776886537.077103,0.0,-9.0,-34.0
1776886537.087103,0.0,-12.0,-43.0
1776886537.0971026,0.0,-5.0,-40.0
1776886537.1071026,1.0,-2.0,-44.0
1776886537.1171026,3.0,-7.0,-47.0
1776886537.1271029,1.0,-7.0,-40.0
1776886537.1371028,1.0,-4.0,-34.0
1776886537.1471028,1.0,1.0,-35.0
1776886537.1571028,0.0,0.0,-34.0
1776886537.1671028,1.0,-3.0,-29.0
1776886537.1771028,4.0,-3.0,-30.0
1776886537.1871028,1.0,-5.0,-35.0
1776886537.1971028,-1.0,-8.0,-31.0
1776886537.2071028,-2.0,-8.0,-31.0
1776886537.2171028,-2.0,-10.0,-32.0
1776886537.2271028,2.0,-3.0,-33.0
1776886537.2371027,0.0,-1.0,-26.0
1776886537.2471027,0.0,-2.0,-26.0
1776886537.2571027,3.0,-3.0,-25.0
1776886537.2671027,2.0,-4.0,-29.0
1776886537.2771027,8.0,-3.0,-32.0
1776886537.2871027,8.0,-2.0,-35.0
1776886537.2971027,6.0,-3.0,-36.0
1776886537.307103,2.0,-8.0,-31.0
1776886537.317103,3.0,-7.0,-31.0
1776886537.327103,3.0,-3.0,-28.0
1776886537.337103,-3.0,-2.0,-29.0
1776886537.3471026,1.0,0.0,-33.0
1776886537.3571026,-4.0,0.0,-30.0
1776886537.3671026,-5.0,-2.0,-35.0
1776886537.3771029,-5.0,-2.0,-37.0
1776886537.3871028,-3.0,-3.0,-44.0
1776886537.3971028,-1.0,-3.0,-38.0
1776886537.4071028,0.0,-2.0,-36.0
1776886537.4171028,1.0,-1.0,-36.0
1776886537.4271028,5.0,-1.0,-42.0
1776886537.4371028,7.0,0.0,-54.0
1776886537.4471028,10.0,0.0,-55.0
1776886537.4571028,7.0,0.0,-53.0
1776886537.4671028,7.0,1.0,-57.0
1776886537.4771028,5.0,3.0,-51.0
1776886537.4871027,5.0,0.0,-50.0
1776886537.4971027,3.0,-1.0,-47.0
1776886537.5071027,-3.0,0.0,-42.0
1776886537.5171027,-6.0,1.0,-47.0
1776886537.5271027,-8.0,3.0,-51.0
1776886537.5371027,-4.0,1.0,-51.0
1776886537.5471027,-2.0,0.0,-50.0
1776886537.557103,-2.0,-1.0,-47.0
1776886537.567103,-4.0,-5.0,-49.0
1776886537.577103,-2.0,-4.0,-54.0
1776886537.587103,-2.0,-6.0,-50.0
1776886537.5971026,3.0,-2.0,-53.0
1776886537.6071026,4.0,0.0,-49.0
1776886537.6171026,9.0,-1.0,-46.0
1776886537.6271029,6.0,-3.0,-49.0
1776886537.6371028,4.0,-1.0,-48.0
1776886537.6471028,2.0,-6.0,-47.0
1776886537.6571028,1.0,-11.0,-45.0
1776886537.6671028,1.0,-11.0,-35.0
1776886537.6771028,1.0,-9.0,-42.0
1776886537.6871028,0.0,-5.0,-34.0
1776886537.6971028,-3.0,-4.0,-33.0
1776886537.7071028,0.0,-3.0,-36.0
1776886537.7171028,0.0,-6.0,-39.0
1776886537.7271028,2.0,-4.0,-36.0
1776886537.7371027,4.0,-5.0,-43.0
1776886537.7471027,3.0,-9.0,-46.0
1776886537.7571027,1.0,-7.0,-49.0
1776886537.7671027,2.0,-9.0,-50.0
1776886537.7771027,-4.0,-7.0,-47.0
1776886537.7871027,-3.0,-10.0,-38.0
1776886537.7971027,-3.0,-5.0,-34.0
1776886537.807103,-2.0,-3.0,-36.0
1776886537.817103,-5.0,0.0,-43.0
1776886537.827103,-7.0,-3.0,-41.0
1776886537.837103,0.0,-5.0,-40.0
1776886537.8471026,0.0,-3.0,-39.0
1776886537.8571026,-1.0,-8.0,-41.0
1776886537.8671026,2.0,-3.0,-38.0
1776886537.8771029,3.0,-4.0,-46.0
1776886537.8871028,5.0,-2.0,-48.0
1776886537.8971028,5.0,0.0,-47.0
1776886537.9071028,0.0,0.0,-51.0
1776886537.9171028,0.0,1.0,-46.0
1776886537.9271028,0.0,-4.0,-49.0
1776886537.9371028,3.0,-7.0,-48.0
1776886537.9471028,5.0,-5.0,-45.0
1776886537.9571028,6.0,-5.0,-43.0
1776886537.9671028,2.0,-7.0,-48.0
1776886537.9771028,3.0,-10.0,-45.0
1776886537.9871027,0.0,-6.0,-43.0
1776886537.9971027,-1.0,-5.0,-42.0
1776886538.0071027,0.0,-11.0,-39.0
1776886538.0171027,0.0,-10.0,-38.0
1776886538.0271027,-4.0,-6.0,-39.0
1776886538.0371027,-4.0,-4.0,-47.0
1776886538.0471027,-3.0,-3.0,-45.0
1776886538.057103,0.0,-4.0,-44.0
1776886538.067103,1.0,-6.0,-49.0
1776886538.077103,4.0,-3.0,-53.0
1776886538.087103,0.0,0.0,-45.0
1776886538.0971026,-1.0,0.0,-37.0
1776886538.1071026,-2.0,-4.0,-36.0
1776886538.1171026,0.0,-4.0,-31.0
1776886538.1271029,0.0,-5.0,-32.0
1776886538.1371028,3.0,-4.0,-31.0
1776886538.1471028,5.0,-1.0,-44.0
1776886538.1571028,9.0,-3.0,-48.0
1776886538.1671028,7.0,0.0,-43.0
1776886538.1771028,7.0,0.0,-38.0
1776886538.1871028,7.0,1.0,-39.0
1776886538.1971028,5.0,2.0,-36.0
1776886538.2071028,3.0,1.0,-36.0
1776886538.2171028,5.0,1.0,-41.0
1776886538.2271028,1.0,0.0,-40.0
1776886538.2371027,-1.0,1.0,-34.0
1776886538.2471027,-3.0,3.0,-38.0
1776886538.2571027,-4.0,1.0,-46.0
1776886538.2671027,-3.0,-1.0,-44.0
1776886538.2771027,1.0,0.0,-43.0
1776886538.2871027,4.0,3.0,-49.0
1776886538.2971027,5.0,3.0,-46.0
1776886538.307103,0.0,7.0,-42.0
1776886538.317103,0.0,6.0,-43.0
1776886538.327103,-3.0,7.0,-44.0
1776886538.337103,-3.0,5.0,-45.0
1776886538.3471026,0.0,3.0,-39.0
1776886538.3571026,0.0,3.0,-43.0
1776886538.3671026,1.0,1.0,-42.0
1776886538.3771029,2.0,0.0,-40.0
1776886538.3871028,3.0,-3.0,-40.0
1776886538.3971028,6.0,-3.0,-46.0
1776886538.4071028,5.0,1.0,-43.0
1776886538.4171028,5.0,0.0,-47.0
1776886538.4271028,7.0,1.0,-43.0
1776886538.4371028,7.0,1.0,-44.0
1776886538.4471028,3.0,0.0,-44.0
1776886538.4571028,0.0,2.0,-48.0
1776886538.4671028,-1.0,1.0,-50.0
1776886538.4771028,2.0,0.0,-44.0
1776886538.4871027,1.0,7.0,-37.0
1776886538.4971027,3.0,7.0,-46.0
1776886538.5071027,1.0,7.0,-43.0
1776886538.5171027,0.0,-4.0,-40.0
1776886538.5271027,2.0,-3.0,-37.0
1776886538.5371027,1.0,-2.0,-36.0
1776886538.5471027,6.0,1.0,-40.0
1776886538.557103,0.0,-1.0,-39.0
1776886538.567103,-6.0,-3.0,-38.0
1776886538.577103,-10.0,0.0,-44.0
1776886538.587103,-5.0,-1.0,-46.0
1776886538.5971026,-4.0,-3.0,-46.0
1776886538.6071026,-6.0,-4.0,-41.0
1776886538.6171026,-5.0,-6.0,-37.0
1776886538.6271029,-1.0,-9.0,-35.0
1776886538.6371028,-1.0,-6.0,-29.0
1776886538.6471028,-1.0,-8.0,-34.0
1776886538.6571028,0.0,-3.0,-33.0
1776886538.6671028,1.0,-2.0,-31.0
1776886538.6771028,1.0,-4.0,-30.0
1776886538.6871028,-3.0,-2.0,-31.0
1776886538.6971028,-5.0,-7.0,-36.0
1776886538.7071028,-7.0,-2.0,-42.0
1776886538.7171028,-4.0,4.0,-49.0
1776886538.7271028,0.0,2.0,-53.0
1776886538.7371027,-2.0,2.0,-42.0
1776886538.7471027,-2.0,5.0,-38.0
1776886538.7571027,-4.0,4.0,-44.0
1776886538.7671027,-2.0,1.0,-41.0
1776886538.7771027,-2.0,4.0,-32.0
1776886538.7871027,0.0,4.0,-31.0
1776886538.7971027,-1.0,4.0,-32.0
1776886538.807103,0.0,1.0,-32.0
1776886538.817103,-2.0,0.0,-39.0
1776886538.827103,-3.0,0.0,-36.0
1776886538.837103,-5.0,-2.0,-32.0
1776886538.8471026,-4.0,-2.0,-31.0
1776886538.8571026,-3.0,-5.0,-36.0
1776886538.8671026,-1.0,-8.0,-39.0
1776886538.8771029,0.0,-6.0,-33.0
1776886538.8871028,3.0,0.0,-34.0
1776886538.8971028,3.0,0.0,-27.0
1776886538.9071028,3.0,-4.0,-35.0
1776886538.9181027,4.0,-5.0,-38.0
1776886538.9281027,0.0,-5.0,-36.0
1776886538.9381027,0.0,-4.0,-35.0
1776886538.9481027,1.0,-3.0,-37.0
1776886538.9581027,-1.0,-4.0,-39.0
1776886538.9681027,0.0,-4.0,-40.0
1776886538.9781027,3.0,-5.0,-34.0
1776886538.988103,6.0,-7.0,-32.0
1776886538.998103,2.0,-3.0,-32.0
1776886539.008103,0.0,-4.0,-33.0
1776886539.0181026,1.0,-8.0,-34.0
1776886539.0281026,3.0,-9.0,-32.0
1776886539.0381026,0.0,-6.0,-38.0
1776886539.0481029,2.0,-6.0,-39.0
1776886539.0581028,1.0,-4.0,-42.0
1776886539.0681028,2.0,-8.0,-45.0
1776886539.0781028,5.0,-13.0,-44.0
1776886539.0881028,4.0,-10.0,-40.0
1776886539.0981028,0.0,-2.0,-44.0
1776886539.1081028,0.0,-3.0,-46.0
1776886539.1181028,2.0,-2.0,-44.0
1776886539.1281028,3.0,1.0,-50.0
1776886539.1381028,4.0,4.0,-57.0
1776886539.1481028,7.0,2.0,-58.0
1776886539.1581028,2.0,0.0,-51.0
1776886539.1681027,2.0,0.0,-44.0
1776886539.1781027,2.0,5.0,-42.0
1776886539.1881027,2.0,4.0,-39.0
1776886539.1981027,-1.0,9.0,-34.0
1776886539.2081027,0.0,7.0,-34.0
1776886539.2181027,2.0,3.0,-37.0
1776886539.2281027,0.0,4.0,-40.0
1776886539.238103,0.0,3.0,-42.0
1776886539.248103,0.0,4.0,-46.0
1776886539.258103,-2.0,5.0,-41.0
1776886539.2681026,-5.0,6.0,-37.0
1776886539.2781026,-4.0,4.0,-37.0
1776886539.2881026,-3.0,0.0,-34.0
1776886539.2981029,0.0,-2.0,-35.0
1776886539.3081028,0.0,-7.0,-41.0
1776886539.3181028,2.0,-8.0,-43.0
1776886539.3281028,3.0,-2.0,-46.0
1776886539.3381028,0.0,-4.0,-54.0
1776886539.3481028,-3.0,-4.0,-50.0
1776886539.3581028,-4.0,-2.0,-52.0
1776886539.3681028,-2.0,2.0,-51.0
1776886539.3781028,0.0,1.0,-44.0
1776886539.3881028,6.0,2.0,-38.0
1776886539.3981028,3.0,3.0,-27.0
1776886539.4081028,5.0,1.0,-27.0
1776886539.4181027,4.0,4.0,-26.0
1776886539.4281027,1.0,7.0,-33.0
1776886539.4381027,-1.0,6.0,-36.0
1776886539.4481027,-2.0,2.0,-37.0
1776886539.4581027,-5.0,-1.0,-34.0
1776886539.4681027,-2.0,-4.0,-31.0
1776886539.4781027,0.0,-1.0,-32.0
1776886539.488103,1.0,-1.0,-45.0
1776886539.498103,-2.0,-1.0,-41.0
1776886539.508103,-8.0,0.0,-39.0
1776886539.5181026,-10.0,0.0,-38.0
1776886539.5281026,-5.0,-2.0,-35.0
1776886539.5381026,1.0,-2.0,-35.0
1776886539.5481029,3.0,-6.0,-37.0
1776886539.5581028,2.0,-5.0,-39.0
1776886539.5681028,0.0,-4.0,-35.0
1776886539.5781028,-2.0,-4.0,-35.0
1776886539.5881028,-1.0,-6.0,-33.0
1776886539.5981028,0.0,-6.0,-29.0
1776886539.6081028,1.0,-8.0,-32.0
1776886539.6181028,0.0,-6.0,-39.0
1776886539.6281028,0.0,-3.0,-40.0
1776886539.6381028,0.0,-4.0,-37.0
1776886539.6481028,0.0,-5.0,-37.0
1776886539.6581028,2.0,-5.0,-38.0
1776886539.6681027,0.0,-3.0,-39.0
1776886539.6781027,0.0,-3.0,-38.0
1776886539.6881027,-4.0,-5.0,-48.0
1776886539.6981027,-5.0,-1.0,-49.0
1776886539.7081027,-3.0,-2.0,-40.0
1776886539.7181027,-1.0,-3.0,-36.0
1776886539.7281027,-1.0,-1.0,-33.0
1776886539.738103,0.0,3.0,-38.0
1776886539.748103,1.0,1.0,-39.0
1776886539.758103,0.0,0.0,-41.0
1776886539.7681026,-3.0,0.0,-33.0
1776886539.7781026,-2.0,-1.0,-34.0
1776886539.7881026,-2.0,-5.0,-47.0
1776886539.7981029,0.0,-9.0,-50.0
1776886539.8081028,4.0,-10.0,-50.0
1776886539.8181028,6.0,-9.0,-51.0
1776886539.8281028,3.0,-5.0,-47.0
1776886539.8381028,0.0,-5.0,-47.0
1776886539.8481028,0.0,-4.0,-44.0
1776886539.8581028,2.0,-5.0,-46.0
1776886539.8681028,3.0,-6.0,-41.0
1776886539.8781028,4.0,-7.0,-49.0
1776886539.8881028,3.0,-8.0,-46.0
1776886539.8981028,2.0,-3.0,-46.0
1776886539.9081028,0.0,-2.0,-39.0
1776886539.9181027,0.0,-2.0,-42.0
1776886539.9281027,0.0,0.0,-43.0
1776886539.9381027,-2.0,0.0,-43.0
1776886539.9481027,1.0,-3.0,-44.0
1776886539.9581027,6.0,-1.0,-50.0
1776886539.9681027,5.0,1.0,-45.0
1776886539.9781027,3.0,3.0,-38.0
1776886539.988103,-2.0,0.0,-42.0
1776886539.998103,-6.0,-1.0,-42.0
1776886540.008103,-6.0,-3.0,-44.0
1776886540.0181026,-1.0,-4.0,-41.0
1776886540.0281026,-2.0,-4.0,-43.0
1776886540.0381026,-2.0,-1.0,-42.0
1776886540.0481029,-1.0,3.0,-39.0
1776886540.0581028,-3.0,2.0,-37.0
1776886540.0681028,-4.0,1.0,-37.0
1776886540.0781028,-6.0,0.0,-39.0
1776886540.0881028,-7.0,-5.0,-47.0
1776886540.0981028,-8.0,-8.0,-41.0
1776886540.1081028,-7.0,-8.0,-44.0
1776886540.1181028,-2.0,-6.0,-46.0
1776886540.1281028,0.0,-5.0,-50.0
1776886540.1381028,3.0,-8.0,-48.0
1776886540.1481028,3.0,-8.0,-49.0
1776886540.1581028,5.0,-5.0,-37.0
1776886540.1681027,5.0,-7.0,-37.0
1776886540.1781027,5.0,-8.0,-38.0
1776886540.1881027,2.0,-7.0,-41.0
1776886540.1981027,0.0,-8.0,-37.0
1776886540.2081027,-2.0,-9.0,-34.0
1776886540.2181027,0.0,-3.0,-29.0
1776886540.2281027,1.0,0.0,-26.0
1776886540.238103,4.0,3.0,-32.0
1776886540.248103,2.0,4.0,-30.0
1776886540.258103,2.0,0.0,-30.0
1776886540.2681026,2.0,-3.0,-35.0
1776886540.2781026,2.0,-2.0,-41.0
1776886540.2881026,6.0,1.0,-41.0
1776886540.2981029,3.0,3.0,-45.0
1776886540.3081028,0.0,2.0,-50.0
1776886540.3181028,0.0,3.0,-49.0
1776886540.3281028,0.0,0.0,-57.0
1776886540.3381028,1.0,-5.0,-48.0
1776886540.3481028,3.0,-2.0,-45.0
1776886540.3581028,7.0,-2.0,-42.0
1776886540.3681028,5.0,-2.0,-43.0
1776886540.3781028,4.0,-2.0,-48.0
1776886540.3881028,2.0,1.0,-41.0
1776886540.3981028,2.0,1.0,-40.0
1776886540.4081028,5.0,0.0,-37.0
1776886540.4181027,5.0,5.0,-32.0
1776886540.4281027,4.0,1.0,-29.0
1776886540.4381027,8.0,3.0,-23.0
1776886540.4481027,8.0,3.0,-23.0
1776886540.4581027,2.0,2.0,-29.0
1776886540.4681027,-1.0,2.0,-33.0
1776886540.4781027,-4.0,-1.0,-30.0
1776886540.488103,-2.0,-2.0,-31.0
1776886540.498103,1.0,-6.0,-33.0
1776886540.508103,3.0,-6.0,-37.0
1776886540.5181026,5.0,-6.0,-39.0
1776886540.5281026,3.0,-3.0,-34.0
1776886540.5381026,3.0,-4.0,-43.0
1776886540.5481029,1.0,-4.0,-41.0
1776886540.5581028,3.0,-2.0,-34.0
1776886540.5681028,4.0,-7.0,-34.0
1776886540.5781028,1.0,-9.0,-39.0
1776886540.5881028,6.0,-8.0,-39.0
1776886540.5981028,7.0,-5.0,-47.0
1776886540.6081028,5.0,-4.0,-54.0
1776886540.6181028,0.0,-3.0,-50.0
1776886540.6281028,0.0,-6.0,-49.0
1776886540.6381028,0.0,-9.0,-49.0
1776886540.6481028,-2.0,-8.0,-42.0
1776886540.6581028,-4.0,-6.0,-45.0
1776886540.6681027,1.0,-7.0,-41.0
1776886540.6781027,0.0,-6.0,-40.0
1776886540.6881027,-4.0,0.0,-34.0
1776886540.6981027,-2.0,-2.0,-38.0
1776886540.7081027,0.0,-1.0,-33.0
1776886540.7181027,1.0,0.0,-31.0
1776886540.7281027,0.0,0.0,-35.0
1776886540.738103,4.0,-6.0,-37.0
1776886540.748103,4.0,-3.0,-39.0
1776886540.758103,6.0,-3.0,-39.0
1776886540.7681026,7.0,-4.0,-38.0
1776886540.7781026,5.0,-2.0,-38.0
1776886540.7881026,7.0,-3.0,-37.0
1776886540.7981029,8.0,-2.0,-40.0
1776886540.8081028,4.0,-1.0,-43.0
1776886540.8181028,0.0,-2.0,-39.0
1776886540.8281028,0.0,-3.0,-33.0
1776886540.8381028,0.0,-4.0,-37.0
1776886540.8481028,0.0,-9.0,-35.0
1776886540.8581028,4.0,-9.0,-33.0
1776886540.8681028,6.0,-3.0,-38.0
1776886540.8781028,3.0,-1.0,-41.0
1776886540.8881028,2.0,0.0,-41.0
1776886540.8991027,1.0,3.0,-37.0
1776886540.9081028,-3.0,4.0,-39.0
1776886540.9181027,-3.0,0.0,-42.0
1776886540.9281027,0.0,-1.0,-51.0
1776886540.9381027,0.0,-3.0,-51.0
1776886540.9491026,-4.0,-6.0,-57.0
1776886540.9591026,-2.0,-5.0,-55.0
1776886540.9691026,0.0,0.0,-49.0
1776886540.9791028,0.0,6.0,-50.0
1776886540.9891028,-1.0,1.0,-50.0
1776886540.9991028,-2.0,0.0,-42.0
1776886541.0091028,-3.0,0.0,-42.0
1776886541.0191028,-2.0,0.0,-47.0
1776886541.0291028,-2.0,-1.0,-42.0
1776886541.0391028,0.0,2.0,-40.0
1776886541.0491028,0.0,0.0,-41.0
1776886541.0591028,-1.0,-1.0,-46.0
1776886541.0691028,-1.0,-3.0,-48.0
1776886541.0791028,0.0,-4.0,-44.0
1776886541.0891027,0.0,-5.0,-44.0
1776886541.0991027,0.0,0.0,-39.0
1776886541.1091027,-2.0,0.0,-33.0
1776886541.1191027,-3.0,3.0,-33.0
1776886541.1291027,0.0,0.0,-33.0
1776886541.1391027,1.0,-3.0,-34.0
1776886541.1491027,2.0,-7.0,-37.0
1776886541.159103,2.0,-8.0,-45.0
1776886541.169103,-2.0,-5.0,-43.0
1776886541.179103,0.0,-3.0,-46.0
1776886541.1891026,-2.0,1.0,-53.0
1776886541.1991026,-3.0,6.0,-49.0
1776886541.2091026,-5.0,2.0,-45.0
1776886541.2191026,-1.0,0.0,-42.0
1776886541.2291028,0.0,-1.0,-36.0
1776886541.2391028,1.0,-2.0,-36.0
1776886541.2491028,2.0,-5.0,-33.0
1776886541.2591028,-2.0,-1.0,-32.0
1776886541.2691028,-7.0,-4.0,-34.0
1776886541.2791028,-1.0,-2.0,-38.0
1776886541.2891028,1.0,0.0,-41.0
1776886541.2991028,1.0,-1.0,-34.0
1776886541.3091028,-3.0,-1.0,-29.0
1776886541.3191028,-4.0,-1.0,-36.0
1776886541.3291028,-2.0,0.0,-38.0
1776886541.3391027,-2.0,0.0,-43.0
1776886541.3491027,-1.0,1.0,-43.0
1776886541.3591027,0.0,1.0,-41.0
1776886541.3691027,0.0,-2.0,-43.0
1776886541.3791027,-5.0,0.0,-45.0
1776886541.3891027,-3.0,3.0,-42.0
1776886541.3991027,-2.0,1.0,-38.0
1776886541.409103,-2.0,1.0,-34.0
1776886541.419103,1.0,2.0,-32.0
1776886541.429103,2.0,0.0,-34.0
1776886541.4391026,2.0,-2.0,-32.0
1776886541.4491026,0.0,-7.0,-35.0
1776886541.4591026,-3.0,-5.0,-39.0
1776886541.4691026,0.0,-5.0,-42.0
1776886541.4791028,0.0,-7.0,-45.0
1776886541.4891028,4.0,-6.0,-41.0
1776886541.4991028,8.0,-3.0,-41.0
1776886541.5091028,3.0,-3.0,-34.0
1776886541.5191028,-2.0,-6.0,-31.0
1776886541.5291028,0.0,-6.0,-39.0
1776886541.5391028,-6.0,-6.0,-47.0
1776886541.5491028,-10.0,-8.0,-51.0
1776886541.5591028,-7.0,-4.0,-43.0
1776886541.5691028,-7.0,-5.0,-43.0
1776886541.5791028,-5.0,1.0,-37.0
1776886541.5891027,-7.0,0.0,-35.0
1776886541.5991027,-6.0,-3.0,-34.0
1776886541.6091027,-4.0,-2.0,-39.0
1776886541.6191027,0.0,-5.0,-41.0
1776886541.6291027,0.0,-1.0,-40.0
1776886541.6391027,0.0,0.0,-36.0
1776886541.6491027,0.0,-4.0,-37.0
1776886541.659103,0.0,-6.0,-36.0
1776886541.669103,2.0,-4.0,-37.0
1776886541.679103,6.0,-7.0,-42.0
1776886541.6891026,2.0,-8.0,-47.0
1776886541.6991026,0.0,-10.0,-49.0
1776886541.7091026,2.0,-5.0,-44.0
1776886541.7191026,2.0,-3.0,-36.0
1776886541.7291028,2.0,0.0,-33.0
1776886541.7391028,1.0,0.0,-30.0
1776886541.7491028,0.0,0.0,-31.0
1776886541.7591028,-1.0,-5.0,-32.0
1776886541.7691028,0.0,-2.0,-39.0
1776886541.7791028,2.0,-5.0,-44.0
1776886541.7891028,2.0,-4.0,-42.0
1776886541.7991028,2.0,-7.0,-45.0
1776886541.8091028,0.0,-6.0,-47.0
1776886541.8191028,1.0,-6.0,-45.0
1776886541.8291028,0.0,-5.0,-39.0
1776886541.8391027,-1.0,-8.0,-41.0
1776886541.8491027,-2.0,-12.0,-30.0
1776886541.8591027,0.0,-12.0,-34.0
1776886541.8691027,2.0,-9.0,-28.0
1776886541.8791027,1.0,-7.0,-28.0
1776886541.8891027,0.0,-6.0,-27.0
1776886541.8991027,0.0,-3.0,-32.0
1776886541.909103,-3.0,-1.0,-35.0
1776886541.919103,0.0,0.0,-35.0
1776886541.929103,1.0,3.0,-35.0
1776886541.9391026,5.0,0.0,-32.0
1776886541.9491026,4.0,0.0,-33.0
1776886541.9591026,4.0,0.0,-38.0
1776886541.9691026,3.0,0.0,-47.0
1776886541.9791028,2.0,6.0,-46.0
1776886541.9891028,4.0,5.0,-51.0
1776886541.9991028,2.0,0.0,-45.0
1776886542.0091028,6.0,-5.0,-42.0
1776886542.0191028,1.0,-11.0,-39.0
1776886542.0291028,0.0,-14.0,-34.0
1776886542.0391028,2.0,-11.0,-27.0
1776886542.0491028,0.0,-14.0,-32.0
1776886542.0591028,-2.0,-13.0,-33.0
1776886542.0691028,-4.0,-8.0,-29.0
1776886542.0791028,-1.0,-10.0,-35.0
1776886542.0891027,-1.0,-8.0,-36.0
1776886542.0991027,-1.0,-5.0,-36.0
1776886542.1091027,-1.0,-1.0,-43.0
1776886542.1191027,0.0,-1.0,-30.0
1776886542.1291027,0.0,-4.0,-27.0
1776886542.1391027,-3.0,-6.0,-32.0
1776886542.1491027,1.0,-4.0,-36.0
1776886542.159103,-2.0,0.0,-36.0
1776886542.169103,-2.0,0.0,-41.0
1776886542.179103,2.0,1.0,-46.0
1776886542.1891026,4.0,-1.0,-40.0
1776886542.1991026,6.0,-2.0,-41.0
1776886542.2091026,7.0,-3.0,-42.0
1776886542.2191026,4.0,-4.0,-44.0
1776886542.2291028,4.0,-7.0,-41.0
1776886542.2391028,7.0,-4.0,-40.0
1776886542.2491028,7.0,-1.0,-34.0
1776886542.2591028,8.0,1.0,-31.0
1776886542.2691028,5.0,0.0,-34.0
1776886542.2791028,2.0,-1.0,-36.0
1776886542.2891028,4.0,0.0,-35.0
1776886542.2991028,2.0,-2.0,-34.0
1776886542.3091028,2.0,-2.0,-39.0
1776886542.3191028,3.0,-1.0,-34.0
1776886542.3291028,6.0,-5.0,-29.0
1776886542.3391027,3.0,-4.0,-25.0
1776886542.3491027,3.0,-1.0,-21.0
1776886542.3591027,6.0,1.0,-22.0
1776886542.3691027,7.0,0.0,-30.0
1776886542.3791027,4.0,-2.0,-32.0
1776886542.3891027,5.0,-2.0,-39.0
1776886542.3991027,3.0,-1.0,-42.0
1776886542.409103,3.0,0.0,-42.0
1776886542.419103,6.0,0.0,-42.0
1776886542.429103,7.0,1.0,-43.0
1776886542.4391026,12.0,-1.0,-50.0
1776886542.4491026,4.0,-5.0,-43.0
1776886542.4591026,2.0,-8.0,-39.0
1776886542.4691026,-2.0,-6.0,-42.0
1776886542.4791028,-4.0,-7.0,-44.0
1776886542.4891028,-4.0,-7.0,-41.0
1776886542.4991028,-6.0,-8.0,-39.0
1776886542.5091028,-6.0,-10.0,-42.0
1776886542.5191028,-4.0,-2.0,-44.0
1776886542.5291028,-5.0,-4.0,-45.0
1776886542.5391028,-4.0,-3.0,-43.0
1776886542.5491028,-2.0,-1.0,-43.0
1776886542.5591028,2.0,-1.0,-41.0
1776886542.5691028,4.0,0.0,-44.0
1776886542.5791028,2.0,2.0,-47.0
1776886542.5891027,2.0,8.0,-51.0
1776886542.5991027,5.0,5.0,-53.0
1776886542.6091027,6.0,7.0,-50.0
1776886542.6191027,9.0,6.0,-46.0
1776886542.6291027,10.0,3.0,-42.0
1776886542.6391027,8.0,3.0,-43.0
1776886542.6491027,8.0,1.0,-37.0
1776886542.659103,14.0,1.0,-38.0
1776886542.669103,12.0,2.0,-38.0
1776886542.679103,9.0,3.0,-33.0
1776886542.6891026,5.0,6.0,-33.0
1776886542.6991026,1.0,6.0,-38.0
1776886542.7091026,1.0,3.0,-38.0
1776886542.7191026,0.0,1.0,-41.0
1776886542.7291028,0.0,0.0,-47.0
1776886542.7391028,-6.0,2.0,-43.0
1776886542.7491028,-7.0,2.0,-42.0
1776886542.7591028,-7.0,0.0,-36.0
1776886542.7691028,-3.0,3.0,-37.0
1776886542.7791028,-4.0,0.0,-32.0
1776886542.7891028,-3.0,-5.0,-24.0
1776886542.7991028,0.0,-7.0,-25.0
1776886542.8091028,0.0,-4.0,-35.0
1776886542.8191028,0.0,2.0,-41.0
1776886542.8291028,3.0,3.0,-39.0
1776886542.8391027,4.0,0.0,-33.0
1776886542.8491027,5.0,-3.0,-35.0
1776886542.8591027,5.0,0.0,-35.0
1776886542.8691027,6.0,4.0,-37.0
1776886542.8791027,8.0,-1.0,-38.0
1776886542.8891027,5.0,-8.0,-37.0
1776886542.8991027,3.0,-8.0,-39.0
1776886542.9101028,5.0,-6.0,-43.0
1776886542.9201028,1.0,0.0,-36.0
1776886542.9301028,4.0,1.0,-29.0
1776886542.9401028,1.0,2.0,-28.0
1776886542.9501028,2.0,2.0,-27.0
1776886542.9601028,2.0,2.0,-27.0
1776886542.9701028,0.0,-1.0,-27.0
1776886542.9801028,0.0,-4.0,-34.0
1776886542.9901028,-2.0,-3.0,-32.0
1776886543.0001028,0.0,-3.0,-31.0
1776886543.0101027,2.0,-2.0,-37.0
1776886543.0201027,2.0,-2.0,-37.0
1776886543.0301027,0.0,-1.0,-32.0
1776886543.0401027,0.0,0.0,-24.0
1776886543.0501027,-4.0,-1.0,-27.0
1776886543.0601027,-6.0,-4.0,-26.0
1776886543.0701027,-6.0,-7.0,-28.0
1776886543.0801027,-7.0,-4.0,-32.0
1776886543.090103,-4.0,-5.0,-35.0
1776886543.100103,-9.0,-4.0,-33.0
1776886543.110103,-7.0,-9.0,-39.0
1776886543.1201026,-5.0,-6.0,-46.0
1776886543.1301026,-2.0,-3.0,-45.0
1776886543.1401026,-5.0,-3.0,-49.0
1776886543.1501029,-1.0,-2.0,-53.0
1776886543.1601028,-1.0,-2.0,-49.0
1776886543.1701028,1.0,-4.0,-50.0
1776886543.1801028,3.0,-8.0,-54.0
1776886543.1901028,3.0,-12.0,-52.0
1776886543.2001028,1.0,-4.0,-47.0
1776886543.2101028,0.0,-3.0,-44.0
1776886543.2201028,3.0,-3.0,-46.0
1776886543.2301028,2.0,1.0,-41.0
1776886543.2401028,2.0,0.0,-39.0
1776886543.2501028,-2.0,-2.0,-43.0
1776886543.2601027,1.0,-5.0,-50.0
1776886543.2701027,-1.0,0.0,-44.0
1776886543.2801027,-3.0,-2.0,-39.0
1776886543.2901027,-4.0,-4.0,-45.0
1776886543.3001027,-4.0,-6.0,-44.0
1776886543.3101027,0.0,-7.0,-39.0
1776886543.3201027,-1.0,-5.0,-35.0
1776886543.3301027,0.0,-2.0,-38.0
1776886543.340103,-1.0,-1.0,-33.0
1776886543.350103,0.0,3.0,-33.0
1776886543.360103,2.0,4.0,-36.0
1776886543.3701026,7.0,4.0,-37.0
1776886543.3801026,5.0,3.0,-32.0
1776886543.3901026,3.0,4.0,-37.0
1776886543.4001029,5.0,0.0,-36.0
1776886543.4101028,6.0,-6.0,-36.0
1776886543.4201028,6.0,-11.0,-39.0
1776886543.4301028,4.0,-9.0,-44.0
1776886543.4401028,2.0,-8.0,-42.0
1776886543.4501028,0.0,-7.0,-45.0
1776886543.4601028,0.0,-6.0,-45.0
1776886543.4701028,-2.0,-9.0,-45.0
1776886543.4801028,0.0,-8.0,-48.0
1776886543.4901028,-2.0,-5.0,-45.0
1776886543.5001028,-1.0,-8.0,-53.0
1776886543.5101027,-5.0,-7.0,-51.0
1776886543.5201027,-2.0,-7.0,-48.0
1776886543.5301027,-1.0,-1.0,-43.0
1776886543.5401027,0.0,-1.0,-38.0
1776886543.5501027,0.0,-2.0,-41.0
1776886543.5601027,1.0,-1.0,-43.0
1776886543.5701027,3.0,-1.0,-48.0
1776886543.5801027,6.0,1.0,-44.0
1776886543.590103,3.0,2.0,-40.0
1776886543.600103,4.0,0.0,-42.0
1776886543.610103,4.0,0.0,-39.0
1776886543.6201026,8.0,0.0,-36.0
1776886543.6301026,9.0,1.0,-36.0
1776886543.6401026,8.0,-1.0,-33.0
1776886543.6501029,5.0,-4.0,-33.0
1776886543.6601028,2.0,0.0,-36.0
1776886543.6701028,-1.0,0.0,-37.0
1776886543.6801028,1.0,3.0,-41.0
1776886543.6901028,1.0,1.0,-46.0
1776886543.7001028,4.0,3.0,-46.0
1776886543.7101028,5.0,1.0,-51.0
1776886543.7201028,0.0,-2.0,-55.0
1776886543.7301028,2.0,-2.0,-54.0
1776886543.7401028,4.0,0.0,-51.0
1776886543.7501028,2.0,0.0,-54.0
1776886543.7601027,2.0,-1.0,-54.0
1776886543.7701027,0.0,-4.0,-54.0
1776886543.7801027,1.0,-2.0,-50.0
1776886543.7901027,1.0,-5.0,-46.0
1776886543.8001027,0.0,-5.0,-40.0
1776886543.8101027,-2.0,-7.0,-44.0
1776886543.8201027,-3.0,-4.0,-45.0
1776886543.8301027,0.0,-1.0,-48.0
1776886543.840103,-1.0,3.0,-46.0
1776886543.850103,1.0,0.0,-46.0
1776886543.860103,4.0,0.0,-44.0
1776886543.8701026,6.0,-3.0,-48.0
1776886543.8801026,5.0,-2.0,-48.0
1776886543.8901026,4.0,-3.0,-47.0
1776886543.9001029,2.0,-3.0,-46.0
1776886543.9101028,1.0,-1.0,-46.0
1776886543.9201028,3.0,-3.0,-48.0
1776886543.9301028,5.0,0.0,-47.0
1776886543.9401028,5.0,2.0,-46.0
1776886543.9501028,8.0,3.0,-44.0
1776886543.9601028,7.0,1.0,-46.0
1776886543.9701028,3.0,4.0,-39.0
1776886543.9801028,-1.0,4.0,-32.0
1776886543.9901028,-4.0,3.0,-39.0
1776886544.0001028,-1.0,0.0,-38.0
1776886544.0101027,0.0,0.0,-40.0
1776886544.0201027,6.0,0.0,-41.0
1776886544.0301027,9.0,-2.0,-38.0
1776886544.0401027,5.0,-6.0,-43.0
1776886544.0501027,2.0,-5.0,-43.0
1776886544.0601027,2.0,-1.0,-48.0
1776886544.0701027,3.0,-1.0,-50.0
1776886544.0801027,-2.0,0.0,-41.0
1776886544.090103,-2.0,-1.0,-44.0
1776886544.100103,0.0,-1.0,-46.0
1776886544.110103,-1.0,-2.0,-43.0
1776886544.1201026,-2.0,0.0,-49.0
1776886544.1301026,-6.0,-3.0,-38.0
1776886544.1401026,-3.0,-4.0,-35.0
1776886544.1501029,0.0,-1.0,-32.0
1776886544.1601028,0.0,0.0,-27.0
1776886544.1701028,-1.0,-3.0,-29.0
1776886544.1801028,-8.0,-6.0,-35.0
1776886544.1901028,-3.0,-8.0,-35.0
1776886544.2001028,-2.0,-7.0,-33.0
1776886544.2101028,-2.0,-9.0,-32.0
1776886544.2201028,2.0,-11.0,-32.0
1776886544.2301028,5.0,-9.0,-35.0
1776886544.2401028,5.0,-8.0,-31.0
1776886544.2501028,2.0,-7.0,-28.0
1776886544.2601027,4.0,0.0,-29.0
1776886544.2701027,2.0,0.0,-32.0
1776886544.2801027,0.0,1.0,-32.0
1776886544.2901027,-4.0,2.0,-31.0
1776886544.3001027,-2.0,0.0,-30.0
1776886544.3101027,-1.0,1.0,-39.0
1776886544.3201027,0.0,3.0,-45.0
1776886544.3301027,6.0,0.0,-40.0
1776886544.340103,5.0,-1.0,-37.0
1776886544.350103,6.0,-2.0,-34.0
1776886544.360103,10.0,-2.0,-37.0
1776886544.3701026,11.0,0.0,-39.0
1776886544.3801026,12.0,2.0,-37.0
1776886544.3901026,5.0,5.0,-32.0
1776886544.4001029,2.0,1.0,-35.0
1776886544.4101028,3.0,-1.0,-34.0
1776886544.4201028,4.0,1.0,-35.0
1776886544.4301028,4.0,3.0,-29.0
1776886544.4401028,3.0,2.0,-34.0
1776886544.4501028,3.0,4.0,-32.0
1776886544.4601028,2.0,5.0,-25.0
1776886544.4701028,0.0,8.0,-24.0
1776886544.4801028,0.0,8.0,-34.0
1776886544.4901028,1.0,7.0,-33.0
1776886544.5001028,4.0,6.0,-33.0
1776886544.5101027,4.0,8.0,-29.0
1776886544.5201027,0.0,11.0,-29.0
1776886544.5301027,0.0,10.0,-34.0
1776886544.5401027,-2.0,9.0,-36.0
1776886544.5501027,-4.0,6.0,-34.0
1776886544.5601027,-4.0,6.0,-39.0
1776886544.5701027,-2.0,9.0,-44.0
1776886544.5801027,-4.0,3.0,-43.0
1776886544.590103,-2.0,0.0,-45.0
1776886544.600103,-1.0,-1.0,-46.0
1776886544.610103,3.0,3.0,-50.0
1776886544.6201026,3.0,0.0,-49.0
1776886544.6301026,6.0,0.0,-40.0
1776886544.6401026,9.0,3.0,-36.0
1776886544.6501029,5.0,4.0,-31.0
1776886544.6601028,0.0,2.0,-40.0
1776886544.6701028,0.0,1.0,-38.0
1776886544.6801028,4.0,0.0,-42.0
1776886544.6901028,4.0,0.0,-41.0
1776886544.7001028,1.0,0.0,-42.0
1776886544.7101028,4.0,-4.0,-37.0
1776886544.7201028,1.0,-5.0,-37.0
1776886544.7301028,0.0,-3.0,-36.0
1776886544.7401028,-3.0,-2.0,-40.0
1776886544.7501028,-6.0,0.0,-42.0
1776886544.7601027,-4.0,0.0,-42.0
1776886544.7701027,-9.0,0.0,-45.0
1776886544.7801027,-11.0,-1.0,-46.0
1776886544.7901027,-4.0,-2.0,-50.0
1776886544.8001027,-3.0,-3.0,-47.0
1776886544.8101027,-3.0,0.0,-44.0
1776886544.8201027,4.0,0.0,-41.0
1776886544.8301027,1.0,3.0,-38.0
1776886544.840103,-2.0,4.0,-47.0
1776886544.850103,0.0,7.0,-43.0
1776886544.860103,1.0,0.0,-40.0
1776886544.8701026,1.0,-1.0,-34.0
1776886544.8801026,3.0,-4.0,-42.0
1776886544.8901026,4.0,-4.0,-39.0
1776886544.9001029,3.0,-5.0,-37.0
1776886544.9111028,0.0,-7.0,-36.0
1776886544.9211028,0.0,-7.0,-34.0
1776886544.9311028,-3.0,-9.0,-33.0
1776886544.9411027,0.0,-6.0,-35.0
1776886544.9511027,-2.0,-6.0,-40.0
1776886544.9611027,-4.0,-4.0,-47.0
1776886544.9711027,-5.0,0.0,-43.0
1776886544.9811027,-1.0,1.0,-40.0
1776886544.9911027,1.0,2.0,-48.0
1776886545.0011027,0.0,2.0,-47.0
1776886545.011103,-1.0,1.0,-49.0
1776886545.021103,4.0,1.0,-46.0
1776886545.031103,5.0,1.0,-45.0
1776886545.0411026,0.0,0.0,-37.0
1776886545.0511026,3.0,0.0,-30.0
1776886545.0611026,1.0,-2.0,-25.0
1776886545.0711029,2.0,-3.0,-26.0
1776886545.0811028,0.0,-2.0,-24.0
1776886545.0911028,-2.0,-5.0,-28.0
1776886545.1011028,-3.0,-4.0,-30.0
1776886545.1111028,-3.0,0.0,-38.0
1776886545.1211028,-4.0,2.0,-48.0
1776886545.1311028,-3.0,0.0,-51.0
1776886545.1411028,0.0,0.0,-44.0
1776886545.1511028,3.0,0.0,-38.0
1776886545.1611028,5.0,0.0,-36.0
1776886545.1711028,3.0,0.0,-35.0
1776886545.1811028,4.0,1.0,-39.0
1776886545.1911027,2.0,0.0,-36.0
1776886545.2011027,3.0,0.0,-36.0
1776886545.2111027,4.0,-2.0,-38.0
1776886545.2211027,0.0,0.0,-37.0
1776886545.2311027,-5.0,0.0,-33.0
1776886545.2411027,-6.0,0.0,-36.0
1776886545.2511027,-4.0,-1.0,-37.0
1776886545.261103,0.0,0.0,-35.0
1776886545.271103,0.0,0.0,-33.0
1776886545.281103,2.0,-1.0,-32.0
1776886545.2911026,1.0,-1.0,-39.0
1776886545.3011026,-1.0,0.0,-39.0
1776886545.3111026,-2.0,1.0,-47.0
1776886545.3211029,-6.0,-1.0,-52.0
1776886545.3311028,-2.0,0.0,-46.0
1776886545.3411028,0.0,-2.0,-44.0
1776886545.3511028,-2.0,-2.0,-45.0
1776886545.3611028,-2.0,-3.0,-50.0
1776886545.3711028,-2.0,-3.0,-45.0
1776886545.3811028,-5.0,0.0,-43.0
1776886545.3911028,-3.0,-2.0,-46.0
1776886545.4011028,-4.0,-2.0,-43.0
1776886545.4111028,0.0,1.0,-37.0
1776886545.4211028,0.0,-2.0,-41.0
1776886545.4311028,-1.0,-2.0,-39.0
1776886545.4411027,-3.0,-1.0,-39.0
1776886545.4511027,-3.0,2.0,-35.0
1776886545.4611027,0.0,3.0,-30.0
1776886545.4711027,0.0,-1.0,-28.0
1776886545.4811027,-2.0,-5.0,-38.0
1776886545.4911027,-1.0,-7.0,-37.0
1776886545.5011027,0.0,-7.0,-36.0
1776886545.511103,-1.0,-7.0,-41.0
1776886545.521103,0.0,-5.0,-40.0
1776886545.531103,3.0,-3.0,-41.0
1776886545.5411026,7.0,-2.0,-45.0
1776886545.5511026,8.0,-4.0,-50.0
1776886545.5611026,0.0,-1.0,-47.0
1776886545.5711029,0.0,-1.0,-43.0
1776886545.5811028,2.0,0.0,-46.0
1776886545.5911028,0.0,0.0,-54.0
1776886545.6011028,0.0,0.0,-55.0
1776886545.6111028,2.0,0.0,-48.0
1776886545.6211028,-1.0,1.0,-46.0
1776886545.6311028,-2.0,1.0,-39.0
1776886545.6411028,0.0,0.0,-34.0
1776886545.6511028,6.0,0.0,-37.0
1776886545.6611028,5.0,1.0,-36.0
1776886545.6711028,7.0,-1.0,-36.0
1776886545.6811028,4.0,0.0,-38.0
1776886545.6911027,2.0,0.0,-44.0
1776886545.7011027,1.0,-1.0,-40.0
1776886545.7111027,0.0,0.0,-33.0
1776886545.7211027,-1.0,-2.0,-30.0
1776886545.7311027,-1.0,-2.0,-32.0
1776886545.7411027,-1.0,-5.0,-37.0
1776886545.7511027,-3.0,-5.0,-41.0
1776886545.761103,-2.0,-2.0,-45.0
1776886545.771103,-2.0,0.0,-45.0
1776886545.781103,-2.0,0.0,-47.0
1776886545.7911026,-5.0,2.0,-48.0
1776886545.8011026,-5.0,3.0,-40.0
1776886545.8111026,-1.0,2.0,-41.0
1776886545.8211029,1.0,-1.0,-39.0
1776886545.8311028,0.0,0.0,-41.0
1776886545.8411028,0.0,0.0,-39.0
1776886545.8511028,0.0,0.0,-42.0
1776886545.8611028,4.0,0.0,-40.0
1776886545.8711028,2.0,1.0,-39.0
1776886545.8811028,1.0,-1.0,-38.0
1776886545.8911028,2.0,-1.0,-45.0
1776886545.9011028,0.0,-3.0,-40.0
1776886545.9111028,0.0,-4.0,-41.0
1776886545.9211028,0.0,-1.0,-43.0
1776886545.9311028,-4.0,-5.0,-40.0
1776886545.9411027,-3.0,-7.0,-43.0
1776886545.9511027,-6.0,-6.0,-43.0
1776886545.9611027,-5.0,-2.0,-40.0
1776886545.9711027,-3.0,-4.0,-43.0
1776886545.9811027,-1.0,-6.0,-47.0
1776886545.9911027,1.0,-7.0,-39.0
1776886546.0011027,5.0,-5.0,-41.0
1776886546.011103,2.0,-2.0,-43.0
1776886546.021103,-1.0,-2.0,-44.0
1776886546.031103,-3.0,-4.0,-44.0
1776886546.0411026,-2.0,-7.0,-41.0
1776886546.0511026,-6.0,-5.0,-40.0
1776886546.0611026,-2.0,-7.0,-31.0
1776886546.0711029,0.0,-6.0,-29.0
1776886546.0811028,4.0,-8.0,-31.0
1776886546.0911028,9.0,-11.0,-43.0
1776886546.1011028,8.0,-4.0,-43.0
1776886546.1111028,5.0,-3.0,-38.0
1776886546.1211028,4.0,-2.0,-42.0
1776886546.1311028,8.0,-1.0,-42.0
1776886546.1411028,9.0,-7.0,-42.0
1776886546.1511028,8.0,-8.0,-44.0
1776886546.1611028,5.0,-8.0,-43.0
1776886546.1711028,5.0,-8.0,-43.0
1776886546.1811028,5.0,-4.0,-41.0
1776886546.1911027,5.0,-6.0,-44.0
1776886546.2011027,2.0,-5.0,-43.0
1776886546.2111027,0.0,-5.0,-39.0
1776886546.2211027,0.0,-8.0,-44.0
1776886546.2311027,0.0,-5.0,-45.0
1776886546.2411027,5.0,-3.0,-45.0
1776886546.2511027,7.0,-2.0,-48.0
1776886546.261103,7.0,-2.0,-42.0
1776886546.271103,2.0,0.0,-46.0
1776886546.281103,-2.0,0.0,-39.0
1776886546.2911026,-1.0,1.0,-38.0
1776886546.3011026,-2.0,0.0,-42.0
1776886546.3111026,0.0,3.0,-44.0
1776886546.3211029,-2.0,2.0,-42.0
1776886546.3311028,-5.0,-2.0,-38.0
1776886546.3411028,-9.0,-3.0,-31.0
1776886546.3511028,-4.0,-1.0,-34.0
1776886546.3611028,0.0,2.0,-34.0
1776886546.3711028,1.0,4.0,-25.0
1776886546.3811028,-1.0,0.0,-33.0
1776886546.3911028,0.0,-4.0,-35.0
1776886546.4011028,-2.0,-6.0,-31.0
1776886546.4111028,-3.0,-5.0,-28.0
1776886546.4211028,-1.0,-7.0,-34.0
1776886546.4311028,3.0,-7.0,-41.0
1776886546.4411027,6.0,-3.0,-44.0
1776886546.4511027,6.0,-4.0,-41.0
1776886546.4611027,0.0,-2.0,-42.0
1776886546.4711027,-1.0,0.0,-40.0
1776886546.4811027,-1.0,0.0,-38.0
1776886546.4911027,2.0,1.0,-49.0
1776886546.5011027,0.0,0.0,-59.0
1776886546.511103,5.0,-4.0,-53.0
1776886546.521103,6.0,-5.0,-46.0
1776886546.531103,7.0,-8.0,-50.0
1776886546.5411026,9.0,-8.0,-57.0
1776886546.5511026,10.0,-3.0,-57.0
1776886546.5611026,10.0,-4.0,-49.0
1776886546.5711029,9.0,-2.0,-55.0
1776886546.5811028,6.0,-2.0,-55.0
1776886546.5911028,2.0,-4.0,-50.0
1776886546.6011028,2.0,-4.0,-45.0
1776886546.6111028,-1.0,-3.0,-42.0
1776886546.6211028,-3.0,0.0,-43.0
1776886546.6311028,-4.0,-2.0,-47.0
1776886546.6411028,-2.0,-1.0,-47.0
1776886546.6511028,3.0,0.0,-52.0
1776886546.6611028,5.0,1.0,-49.0
1776886546.6711028,3.0,-1.0,-39.0
1776886546.6811028,2.0,2.0,-38.0
1776886546.6911027,0.0,-1.0,-36.0
1776886546.7011027,0.0,-2.0,-38.0
1776886546.7111027,3.0,0.0,-32.0
1776886546.7211027,1.0,1.0,-34.0
1776886546.7311027,1.0,-1.0,-37.0
1776886546.7411027,-3.0,-6.0,-37.0
1776886546.7511027,0.0,-1.0,-37.0
1776886546.761103,1.0,1.0,-41.0
1776886546.771103,1.0,4.0,-39.0
1776886546.781103,1.0,7.0,-36.0
1776886546.7911026,3.0,5.0,-33.0
1776886546.8011026,1.0,4.0,-30.0
1776886546.8111026,0.0,4.0,-26.0
1776886546.8211029,-2.0,5.0,-25.0
1776886546.8311028,-1.0,0.0,-29.0
1776886546.8411028,0.0,0.0,-29.0
1776886546.8511028,4.0,1.0,-30.0
1776886546.8611028,3.0,-2.0,-28.0
1776886546.8711028,2.0,-2.0,-26.0
1776886546.8811028,1.0,-1.0,-26.0
1776886546.8911028,4.0,-1.0,-30.0
1776886546.9011028,2.0,-3.0,-34.0
1776886546.9121027,2.0,-6.0,-36.0
1776886546.9221027,0.0,-6.0,-33.0
1776886546.932103,0.0,-7.0,-34.0
1776886546.942103,0.0,-9.0,-41.0
1776886546.952103,-3.0,-6.0,-39.0
1776886546.962103,-1.0,-8.0,-35.0
1776886546.9721026,1.0,-7.0,-41.0
1776886546.9821026,1.0,-7.0,-47.0
1776886546.9921026,2.0,-7.0,-46.0
1776886547.0021029,2.0,-5.0,-47.0
1776886547.0121028,4.0,-5.0,-47.0
1776886547.0221028,2.0,-3.0,-44.0
1776886547.0321028,1.0,-4.0,-39.0
1776886547.0421028,4.0,-4.0,-42.0
1776886547.0521028,5.0,-3.0,-40.0
1776886547.0621028,6.0,-1.0,-36.0
1776886547.0721028,6.0,1.0,-41.0
1776886547.0821028,2.0,2.0,-43.0
1776886547.0921028,3.0,3.0,-38.0
1776886547.1021028,4.0,2.0,-35.0
1776886547.1121027,3.0,-1.0,-35.0
1776886547.1221027,1.0,0.0,-39.0
1776886547.1321027,0.0,-2.0,-38.0
1776886547.1421027,1.0,-4.0,-46.0
1776886547.1521027,4.0,-4.0,-47.0
1776886547.1621027,0.0,-7.0,-49.0
1776886547.1721027,-4.0,-7.0,-46.0
1776886547.182103,1.0,-2.0,-49.0
1776886547.192103,1.0,-3.0,-48.0
1776886547.202103,4.0,-4.0,-50.0
1776886547.212103,7.0,0.0,-55.0
1776886547.2221026,1.0,0.0,-53.0
1776886547.2321026,3.0,0.0,-49.0
1776886547.2421026,7.0,-2.0,-44.0
1776886547.2521029,6.0,-4.0,-35.0
1776886547.2621028,0.0,-3.0,-39.0
1776886547.2721028,0.0,-2.0,-46.0
1776886547.2821028,0.0,-7.0,-48.0
1776886547.2921028,-2.0,-6.0,-43.0
1776886547.3021028,0.0,-1.0,-40.0
1776886547.3121028,0.0,-3.0,-32.0
1776886547.3221028,1.0,0.0,-35.0
1776886547.3321028,-2.0,0.0,-41.0
1776886547.3421028,-3.0,-2.0,-32.0
1776886547.3521028,-3.0,-2.0,-39.0
1776886547.3621027,-2.0,-1.0,-42.0
1776886547.3721027,2.0,-6.0,-39.0
1776886547.3821027,2.0,-4.0,-43.0
1776886547.3921027,0.0,-3.0,-42.0
1776886547.4021027,1.0,-1.0,-43.0
1776886547.4121027,1.0,-5.0,-49.0
1776886547.4221027,0.0,-4.0,-49.0
1776886547.432103,0.0,0.0,-53.0
1776886547.442103,0.0,1.0,-49.0
1776886547.452103,0.0,1.0,-43.0
1776886547.462103,0.0,3.0,-38.0
1776886547.4721026,2.0,0.0,-36.0
1776886547.4831028,6.0,-1.0,-33.0
1776886547.4921026,5.0,0.0,-42.0
1776886547.5021029,0.0,2.0,-48.0
1776886547.5121028,1.0,0.0,-48.0
1776886547.5221028,0.0,1.0,-45.0
1776886547.5321028,0.0,1.0,-46.0
1776886547.5421028,-2.0,1.0,-38.0
1776886547.5521028,-4.0,1.0,-32.0
1776886547.5621028,-6.0,0.0,-38.0
1776886547.5721028,-2.0,-2.0,-34.0
1776886547.5821028,0.0,-2.0,-34.0
1776886547.5921028,-1.0,-2.0,-35.0
1776886547.6021028,-3.0,-6.0,-33.0
1776886547.6121027,-2.0,-4.0,-31.0
1776886547.6221027,-1.0,1.0,-40.0
1776886547.6321027,0.0,0.0,-40.0
1776886547.6421027,0.0,0.0,-45.0
1776886547.6521027,0.0,-2.0,-41.0
1776886547.6621027,0.0,-3.0,-35.0
1776886547.6721027,0.0,2.0,-27.0
1776886547.682103,2.0,0.0,-25.0
1776886547.692103,4.0,2.0,-28.0
1776886547.702103,0.0,6.0,-38.0
1776886547.712103,4.0,4.0,-40.0
1776886547.7221026,4.0,0.0,-36.0
1776886547.7321026,3.0,-2.0,-38.0
1776886547.7421026,8.0,-7.0,-39.0
1776886547.7521029,6.0,-2.0,-35.0
1776886547.7621028,5.0,-3.0,-33.0
1776886547.7721028,12.0,-5.0,-38.0
1776886547.7821028,15.0,-4.0,-43.0
1776886547.7921028,10.0,-5.0,-41.0
1776886547.8021028,9.0,-8.0,-35.0
1776886547.8121028,8.0,-7.0,-40.0
1776886547.8221028,7.0,-7.0,-41.0
1776886547.8321028,6.0,-7.0,-44.0
1776886547.8421028,10.0,-7.0,-38.0
1776886547.8521028,9.0,-4.0,-38.0
1776886547.8621027,2.0,-5.0,-36.0
1776886547.8721027,0.0,-3.0,-37.0
1776886547.8821027,5.0,-4.0,-44.0
1776886547.8921027,2.0,-2.0,-38.0
1776886547.9021027,4.0,-3.0,-35.0
1776886547.9121027,3.0,-2.0,-36.0
1776886547.9221027,1.0,-1.0,-37.0
1776886547.932103,3.0,5.0,-32.0
1776886547.942103,2.0,8.0,-35.0
1776886547.952103,1.0,5.0,-34.0
1776886547.962103,2.0,2.0,-32.0
1776886547.9721026,0.0,3.0,-30.0
1776886547.9821026,6.0,6.0,-32.0
1776886547.9921026,7.0,2.0,-38.0
1776886548.0021029,8.0,2.0,-40.0
1776886548.0121028,2.0,0.0,-43.0
1776886548.0221028,6.0,0.0,-41.0
1776886548.0321028,4.0,0.0,-39.0
1776886548.0421028,2.0,0.0,-37.0
1776886548.0521028,0.0,-1.0,-33.0
1776886548.0621028,-3.0,0.0,-35.0
1776886548.0721028,0.0,0.0,-30.0
1776886548.0821028,3.0,1.0,-34.0
1776886548.0921028,1.0,1.0,-30.0
1776886548.1021028,0.0,1.0,-36.0
1776886548.1121027,-3.0,1.0,-36.0
1776886548.1221027,-2.0,-2.0,-37.0
1776886548.1321027,-2.0,0.0,-37.0
1776886548.1421027,2.0,0.0,-34.0
1776886548.1521027,0.0,-2.0,-30.0
1776886548.1621027,-3.0,-2.0,-30.0
1776886548.1721027,0.0,-8.0,-23.0
1776886548.182103,-8.0,-7.0,-20.0
1776886548.192103,-10.0,-6.0,-32.0
1776886548.202103,-4.0,-5.0,-38.0
1776886548.212103,-1.0,-5.0,-41.0
1776886548.2221026,2.0,-2.0,-41.0
1776886548.2321026,7.0,-6.0,-40.0
1776886548.2421026,7.0,-8.0,-36.0
1776886548.2521029,12.0,-9.0,-39.0
1776886548.2621028,15.0,-6.0,-35.0
1776886548.2721028,11.0,-4.0,-35.0
1776886548.2821028,5.0,0.0,-45.0
1776886548.2921028,2.0,0.0,-46.0
1776886548.3021028,-3.0,-1.0,-40.0
1776886548.3121028,0.0,-2.0,-45.0
1776886548.3221028,6.0,1.0,-49.0
1776886548.3321028,6.0,0.0,-48.0
1776886548.3421028,3.0,2.0,-45.0
1776886548.3521028,3.0,0.0,-45.0
1776886548.3621027,0.0,0.0,-50.0
1776886548.3721027,-1.0,-3.0,-54.0
1776886548.3821027,-2.0,-4.0,-48.0
1776886548.3921027,-2.0,-2.0,-45.0
1776886548.4021027,0.0,-2.0,-44.0
1776886548.4121027,-1.0,0.0,-42.0
1776886548.4221027,-2.0,0.0,-49.0
1776886548.432103,0.0,0.0,-42.0
1776886548.442103,2.0,-2.0,-42.0
1776886548.452103,2.0,-6.0,-46.0
1776886548.462103,1.0,-9.0,-50.0
1776886548.4721026,0.0,-10.0,-48.0
1776886548.4821026,-2.0,-8.0,-44.0
1776886548.4921026,-1.0,-6.0,-44.0
1776886548.5021029,-2.0,-6.0,-43.0
1776886548.5121028,1.0,-3.0,-39.0
1776886548.5221028,-2.0,-2.0,-37.0
1776886548.5321028,-8.0,0.0,-35.0
1776886548.5421028,-5.0,5.0,-34.0
1776886548.5521028,-6.0,1.0,-35.0
1776886548.5621028,0.0,0.0,-38.0
1776886548.5721028,2.0,-3.0,-42.0
1776886548.5821028,0.0,-4.0,-42.0
1776886548.5921028,-2.0,-5.0,-38.0
1776886548.6021028,-4.0,-2.0,-35.0
1776886548.6121027,-2.0,-2.0,-34.0
1776886548.6221027,-2.0,0.0,-41.0
1776886548.6321027,0.0,0.0,-45.0
1776886548.6421027,0.0,-5.0,-48.0
1776886548.6521027,0.0,-2.0,-54.0
1776886548.6621027,1.0,-3.0,-50.0
1776886548.6721027,-1.0,-3.0,-45.0
1776886548.682103,0.0,0.0,-44.0
1776886548.692103,2.0,-1.0,-43.0
1776886548.702103,0.0,-1.0,-44.0
1776886548.712103,2.0,1.0,-41.0
1776886548.7221026,1.0,0.0,-37.0
1776886548.7321026,-3.0,1.0,-32.0
1776886548.7421026,-1.0,5.0,-34.0
1776886548.7521029,0.0,0.0,-39.0
1776886548.7621028,-4.0,-1.0,-37.0
1776886548.7721028,-7.0,-1.0,-34.0
1776886548.7821028,-10.0,1.0,-42.0
1776886548.7921028,-7.0,-3.0,-35.0
1776886548.8021028,-1.0,-3.0,-31.0
1776886548.8121028,-3.0,-1.0,-30.0
1776886548.8221028,-4.0,-3.0,-34.0
1776886548.8321028,-1.0,-4.0,-36.0
1776886548.8421028,0.0,-5.0,-34.0
1776886548.8521028,4.0,-4.0,-40.0
1776886548.8621027,3.0,-5.0,-42.0
1776886548.8721027,4.0,-4.0,-44.0
1776886548.8821027,3.0,-2.0,-49.0
1776886548.8931026,1.0,-4.0,-43.0
1776886548.9031026,0.0,-5.0,-45.0
1776886548.9131026,2.0,-2.0,-38.0
1776886548.9231029,7.0,0.0,-36.0
1776886548.9331028,3.0,-1.0,-38.0
1776886548.9431028,4.0,0.0,-38.0
1776886548.9531028,2.0,-1.0,-39.0
1776886548.9631028,4.0,-3.0,-34.0
1776886548.9731028,1.0,2.0,-40.0
1776886548.9821026,-1.0,2.0,-41.0
1776886548.9931028,-2.0,2.0,-36.0
1776886549.0031028,-1.0,5.0,-31.0
1776886549.0131028,-4.0,9.0,-30.0
1776886549.0231028,0.0,8.0,-31.0
1776886549.0321028,-1.0,5.0,-29.0
1776886549.0431027,1.0,1.0,-28.0
1776886549.0531027,1.0,2.0,-34.0
1776886549.0631027,0.0,0.0,-39.0
1776886549.0731027,0.0,-2.0,-39.0
1776886549.0831027,4.0,-4.0,-34.0
1776886549.0931027,4.0,-6.0,-29.0
1776886549.1031027,6.0,-2.0,-33.0
1776886549.113103,7.0,-2.0,-36.0
1776886549.123103,7.0,-2.0,-40.0
1776886549.133103,7.0,-1.0,-36.0
1776886549.1431026,5.0,0.0,-31.0
1776886549.1531026,4.0,1.0,-29.0
1776886549.1631026,4.0,1.0,-29.0
1776886549.1731029,5.0,2.0,-35.0
1776886549.1831028,2.0,1.0,-39.0
1776886549.1931028,0.0,-1.0,-42.0
1776886549.2031028,0.0,-6.0,-38.0
1776886549.2131028,-1.0,-3.0,-36.0
1776886549.2231028,4.0,-2.0,-43.0
1776886549.2331028,4.0,0.0,-45.0
1776886549.2431028,0.0,0.0,-46.0
1776886549.2531028,3.0,-4.0,-42.0
1776886549.2631028,6.0,-2.0,-37.0
1776886549.2731028,4.0,-1.0,-31.0
1776886549.2831028,3.0,0.0,-24.0
1776886549.2931027,3.0,-2.0,-27.0
1776886549.3031027,3.0,-3.0,-35.0
1776886549.3131027,0.0,-5.0,-40.0
1776886549.3231027,-3.0,-5.0,-42.0
1776886549.3331027,-2.0,-1.0,-42.0
1776886549.3431027,-2.0,0.0,-41.0
1776886549.3531027,0.0,-2.0,-39.0
1776886549.363103,-3.0,1.0,-39.0
1776886549.373103,-1.0,2.0,-34.0
1776886549.383103,-3.0,0.0,-36.0
1776886549.3931026,0.0,0.0,-44.0
1776886549.4031026,-1.0,0.0,-44.0
1776886549.4131026,-6.0,-4.0,-43.0
1776886549.4231029,-7.0,-4.0,-40.0
1776886549.4331028,-1.0,-1.0,-40.0
1776886549.4431028,-5.0,1.0,-35.0
1776886549.4531028,-10.0,2.0,-38.0
1776886549.4631028,-8.0,0.0,-43.0
1776886549.4731028,-3.0,-2.0,-45.0
1776886549.4831028,-1.0,-3.0,-45.0
1776886549.4931028,1.0,-7.0,-41.0
1776886549.5031028,0.0,-6.0,-38.0
1776886549.5131028,-2.0,-4.0,-32.0
1776886549.5231028,-3.0,-1.0,-32.0
1776886549.5331028,-2.0,-3.0,-35.0
1776886549.5431027,0.0,-3.0,-41.0
1776886549.5531027,1.0,-2.0,-45.0
1776886549.5631027,0.0,-6.0,-49.0
1776886549.5731027,-3.0,-5.0,-48.0
1776886549.5831027,0.0,-2.0,-48.0
1776886549.5931027,3.0,-5.0,-43.0
1776886549.6031027,6.0,-2.0,-41.0
1776886549.613103,6.0,-1.0,-42.0
1776886549.623103,8.0,-1.0,-41.0
1776886549.633103,8.0,-3.0,-47.0
1776886549.6431026,6.0,-2.0,-39.0
1776886549.6531026,5.0,-5.0,-37.0
1776886549.6631026,6.0,-3.0,-38.0
1776886549.6731029,5.0,-3.0,-39.0
1776886549.6831028,7.0,-4.0,-38.0
1776886549.6931028,2.0,-3.0,-38.0
1776886549.7031028,-4.0,-4.0,-40.0
1776886549.7131028,-6.0,-4.0,-48.0
1776886549.7231028,-2.0,-5.0,-48.0
1776886549.7331028,0.0,-7.0,-43.0
1776886549.7431028,-2.0,-7.0,-45.0
1776886549.7531028,0.0,-12.0,-39.0
1776886549.7631028,-3.0,-12.0,-30.0
1776886549.7731028,-4.0,-12.0,-32.0
1776886549.7831028,-1.0,-9.0,-42.0
1776886549.7931027,4.0,-5.0,-45.0
1776886549.8031027,4.0,-1.0,-45.0
1776886549.8131027,5.0,0.0,-49.0
1776886549.8231027,5.0,-3.0,-50.0
1776886549.8331027,5.0,0.0,-56.0
1776886549.8431027,-1.0,-2.0,-56.0
1776886549.8531027,0.0,2.0,-53.0
1776886549.863103,4.0,1.0,-45.0
1776886549.873103,5.0,6.0,-43.0
1776886549.883103,8.0,7.0,-46.0
1776886549.8931026,7.0,8.0,-46.0
1776886549.9031026,7.0,7.0,-50.0
1776886549.9131026,6.0,8.0,-52.0
1776886549.9231029,1.0,5.0,-52.0
1776886549.9331028,-1.0,4.0,-56.0
1776886549.9431028,-6.0,5.0,-56.0
1776886549.9531028,-7.0,-1.0,-58.0
1776886549.9631028,-4.0,0.0,-58.0
1776886549.9731028,-4.0,3.0,-55.0
1776886549.9831028,-6.0,2.0,-50.0
1776886549.9931028,-1.0,5.0,-44.0
1776886550.0031028,0.0,4.0,-44.0
1776886550.0131028,3.0,0.0,-40.0
1776886550.0231028,3.0,2.0,-45.0
1776886550.0331028,6.0,2.0,-40.0
1776886550.0431027,2.0,-2.0,-40.0
1776886550.0531027,7.0,-3.0,-46.0
1776886550.0631027,5.0,-1.0,-46.0
1776886550.0731027,8.0,-2.0,-42.0
1776886550.0831027,4.0,-3.0,-40.0
1776886550.0931027,0.0,3.0,-42.0
1776886550.1031027,2.0,4.0,-42.0
1776886550.113103,1.0,2.0,-44.0
1776886550.123103,0.0,3.0,-42.0
1776886550.133103,0.0,3.0,-40.0
1776886550.1431026,1.0,3.0,-41.0
1776886550.1531026,3.0,4.0,-41.0
1776886550.1631026,3.0,2.0,-38.0
1776886550.1731029,4.0,0.0,-40.0
1776886550.1831028,3.0,-3.0,-44.0
1776886550.1931028,2.0,-5.0,-41.0
1776886550.2031028,3.0,-4.0,-37.0
1776886550.2131028,4.0,0.0,-39.0
1776886550.2231028,3.0,-4.0,-38.0
1776886550.2331028,0.0,-4.0,-40.0
1776886550.2431028,-2.0,-2.0,-44.0
1776886550.2531028,0.0,-2.0,-42.0
1776886550.2631028,-1.0,-2.0,-43.0
1776886550.2731028,-1.0,0.0,-43.0
1776886550.2831028,0.0,-1.0,-44.0
1776886550.2931027,2.0,-1.0,-50.0
1776886550.3031027,1.0,-1.0,-50.0
1776886550.3131027,-3.0,0.0,-46.0
1776886550.3231027,0.0,1.0,-47.0
1776886550.3331027,2.0,-1.0,-48.0
1776886550.3431027,2.0,-1.0,-45.0
1776886550.3531027,4.0,-2.0,-46.0
1776886550.363103,4.0,0.0,-39.0
1776886550.373103,3.0,-4.0,-31.0
1776886550.383103,1.0,-7.0,-38.0
1776886550.3931026,3.0,-4.0,-46.0
1776886550.4031026,4.0,-5.0,-43.0
1776886550.4131026,7.0,-1.0,-42.0
1776886550.4231029,5.0,-5.0,-37.0
1776886550.4331028,1.0,-4.0,-36.0
1776886550.4431028,0.0,-4.0,-41.0
1776886550.4531028,1.0,-5.0,-37.0
1776886550.4631028,6.0,-6.0,-30.0
1776886550.4731028,6.0,-1.0,-33.0
1776886550.4831028,4.0,-5.0,-35.0
1776886550.4931028,6.0,-5.0,-37.0
1776886550.5031028,5.0,0.0,-43.0
1776886550.5131028,9.0,-3.0,-38.0
1776886550.5231028,10.0,-6.0,-38.0
1776886550.5331028,6.0,-1.0,-39.0
1776886550.5431027,4.0,0.0,-36.0
1776886550.5531027,-2.0,-1.0,-44.0
1776886550.5631027,0.0,-2.0,-46.0
1776886550.5731027,0.0,-6.0,-41.0
1776886550.5831027,-8.0,-5.0,-41.0
1776886550.5931027,-8.0,-4.0,-39.0
1776886550.6031027,-10.0,-2.0,-41.0
1776886550.613103,-10.0,-4.0,-41.0
1776886550.623103,-9.0,-2.0,-45.0
1776886550.633103,-4.0,-1.0,-47.0
1776886550.6431026,0.0,-1.0,-44.0
1776886550.6531026,-1.0,-1.0,-46.0
1776886550.6631026,0.0,-5.0,-40.0
1776886550.6741028,-2.0,-4.0,-39.0
1776886550.6831028,-4.0,-3.0,-45.0
1776886550.6931028,-1.0,0.0,-42.0
1776886550.7031028,4.0,1.0,-42.0
1776886550.7131028,5.0,0.0,-39.0
1776886550.7231028,3.0,1.0,-35.0
1776886550.7331028,3.0,0.0,-33.0
1776886550.7431028,5.0,0.0,-40.0
1776886550.7531028,2.0,-3.0,-43.0
1776886550.7631028,-4.0,-3.0,-37.0
1776886550.7731028,-5.0,0.0,-40.0
1776886550.7831028,-3.0,0.0,-44.0
1776886550.7931027,0.0,0.0,-44.0
1776886550.8031027,0.0,0.0,-41.0
1776886550.8131027,-2.0,4.0,-48.0
1776886550.8231027,-3.0,7.0,-44.0
1776886550.8331027,1.0,5.0,-44.0
1776886550.8431027,5.0,4.0,-49.0
1776886550.8531027,9.0,2.0,-45.0
1776886550.863103,6.0,2.0,-40.0
1776886550.8741028,1.0,9.0,-39.0
1776886550.883103,0.0,8.0,-39.0
1776886550.8941028,5.0,1.0,-39.0
1776886550.9041028,2.0,0.0,-38.0
1776886550.9141028,-2.0,-2.0,-36.0
1776886550.9241028,-8.0,-5.0,-30.0
1776886550.9341028,-11.0,-2.0,-30.0
1776886550.9441028,-9.0,-4.0,-33.0
1776886550.9541028,-7.0,-6.0,-35.0
1776886550.9641027,-1.0,-1.0,-28.0
1776886550.9741027,-5.0,2.0,-28.0
1776886550.9841027,1.0,-1.0,-28.0
1776886550.9941027,0.0,0.0,-34.0
1776886551.0041027,-2.0,0.0,-39.0
1776886551.0141027,-4.0,-1.0,-41.0
1776886551.0241027,-7.0,1.0,-42.0
1776886551.034103,-9.0,4.0,-42.0
1776886551.044103,-6.0,2.0,-43.0
1776886551.054103,-6.0,0.0,-43.0
1776886551.0641026,-2.0,-4.0,-45.0
1776886551.0741026,1.0,-2.0,-47.0
1776886551.0841026,8.0,-3.0,-42.0
1776886551.0941026,8.0,-4.0,-35.0
1776886551.1041028,4.0,-4.0,-34.0
1776886551.1141028,-2.0,-5.0,-31.0
1776886551.1241028,-1.0,-4.0,-30.0
1776886551.1341028,0.0,-4.0,-32.0
1776886551.1441028,6.0,-3.0,-39.0
1776886551.1541028,10.0,-3.0,-39.0
1776886551.1641028,9.0,3.0,-41.0
1776886551.1741028,5.0,3.0,-42.0
1776886551.1841028,1.0,4.0,-42.0
1776886551.1941028,1.0,1.0,-43.0
1776886551.2041028,4.0,2.0,-40.0
1776886551.2141027,2.0,-2.0,-39.0
1776886551.2241027,2.0,-6.0,-33.0
1776886551.2341027,3.0,-5.0,-36.0
1776886551.2441027,0.0,-6.0,-37.0
1776886551.2541027,0.0,-8.0,-38.0
1776886551.2641027,0.0,-8.0,-37.0
1776886551.2741027,3.0,-8.0,-41.0
1776886551.284103,1.0,-8.0,-41.0
1776886551.294103,0.0,-5.0,-37.0
1776886551.304103,5.0,-2.0,-38.0
1776886551.3141026,6.0,-1.0,-33.0
1776886551.3241026,6.0,-2.0,-34.0
1776886551.3341026,4.0,-2.0,-24.0
1776886551.3441026,1.0,2.0,-28.0
1776886551.3541028,3.0,3.0,-28.0
1776886551.3641028,4.0,0.0,-30.0
1776886551.3741028,3.0,1.0,-28.0
1776886551.3841028,2.0,2.0,-33.0
1776886551.3941028,4.0,3.0,-35.0
1776886551.4041028,4.0,0.0,-37.0
1776886551.4141028,7.0,-7.0,-46.0
1776886551.4241028,8.0,-6.0,-48.0
1776886551.4341028,4.0,-4.0,-46.0
1776886551.4441028,3.0,-2.0,-46.0
1776886551.4541028,5.0,-2.0,-46.0
1776886551.4641027,8.0,-1.0,-49.0
1776886551.4741027,5.0,-3.0,-50.0
1776886551.4841027,6.0,0.0,-45.0
1776886551.4941027,8.0,-2.0,-44.0
1776886551.5041027,-1.0,0.0,-42.0
1776886551.5141027,0.0,4.0,-38.0
1776886551.5241027,0.0,3.0,-38.0
1776886551.534103,0.0,3.0,-41.0
1776886551.544103,0.0,4.0,-45.0
1776886551.554103,1.0,4.0,-41.0
1776886551.5641026,0.0,4.0,-40.0
1776886551.5741026,-3.0,5.0,-39.0
1776886551.5841026,-3.0,5.0,-37.0
1776886551.5941026,-3.0,3.0,-34.0
1776886551.6041028,-5.0,2.0,-34.0
1776886551.6141028,-3.0,1.0,-36.0
1776886551.6241028,-4.0,2.0,-39.0
1776886551.6341028,-5.0,1.0,-36.0
1776886551.6441028,-2.0,-2.0,-36.0
1776886551.6541028,-1.0,0.0,-31.0
1776886551.6641028,0.0,0.0,-27.0
1776886551.6741028,3.0,0.0,-21.0
1776886551.6841028,2.0,-3.0,-23.0
1776886551.6941028,4.0,-3.0,-29.0
1776886551.7041028,8.0,-2.0,-37.0
1776886551.7141027,3.0,-3.0,-37.0
1776886551.7241027,5.0,-3.0,-28.0
1776886551.7341027,9.0,-2.0,-27.0
1776886551.7441027,9.0,-2.0,-27.0
1776886551.7541027,8.0,0.0,-33.0
1776886551.7641027,9.0,-2.0,-39.0
1776886551.7741027,11.0,0.0,-42.0
1776886551.784103,12.0,0.0,-39.0
1776886551.794103,9.0,-1.0,-43.0
1776886551.804103,8.0,-2.0,-43.0
1776886551.8141026,3.0,-3.0,-43.0
1776886551.8241026,2.0,0.0,-45.0
1776886551.8341026,0.0,1.0,-42.0
1776886551.8441026,-1.0,2.0,-35.0
1776886551.8541028,-1.0,2.0,-33.0
1776886551.8641028,-1.0,2.0,-34.0
1776886551.8741028,1.0,4.0,-42.0
1776886551.8841028,1.0,7.0,-37.0
1776886551.8941028,1.0,4.0,-29.0
1776886551.9041028,0.0,0.0,-27.0
1776886551.9141028,-3.0,0.0,-23.0
1776886551.9241028,-3.0,-1.0,-29.0
1776886551.9341028,-5.0,-1.0,-25.0
1776886551.9441028,-6.0,-1.0,-27.0
1776886551.9541028,-4.0,-1.0,-26.0
1776886551.9641027,-9.0,-3.0,-22.0
1776886551.9741027,-11.0,-2.0,-25.0
1776886551.9841027,-13.0,-1.0,-20.0
1776886551.9941027,-9.0,-1.0,-24.0
1776886552.0041027,-3.0,4.0,-31.0
1776886552.0141027,-5.0,7.0,-34.0
1776886552.0241027,-3.0,5.0,-32.0
1776886552.034103,0.0,7.0,-35.0
1776886552.044103,0.0,10.0,-32.0
1776886552.054103,0.0,7.0,-39.0
1776886552.0641026,-1.0,2.0,-41.0
1776886552.0741026,-4.0,2.0,-41.0
1776886552.0841026,1.0,2.0,-40.0
1776886552.0941026,0.0,0.0,-40.0
1776886552.1041028,1.0,0.0,-43.0
1776886552.1141028,0.0,0.0,-43.0
1776886552.1241028,1.0,3.0,-40.0
1776886552.1341028,1.0,-2.0,-42.0
1776886552.1441028,0.0,-1.0,-38.0
1776886552.1541028,0.0,-5.0,-32.0
1776886552.1641028,2.0,-6.0,-33.0
1776886552.1741028,5.0,-7.0,-33.0
1776886552.1841028,1.0,-8.0,-33.0
1776886552.1941028,0.0,-3.0,-34.0
1776886552.2041028,0.0,-2.0,-29.0
1776886552.2141027,2.0,0.0,-30.0
1776886552.2241027,4.0,0.0,-33.0
1776886552.2341027,5.0,0.0,-32.0
1776886552.2441027,6.0,2.0,-35.0
1776886552.2541027,6.0,0.0,-35.0
1776886552.2641027,2.0,2.0,-34.0
1776886552.2741027,0.0,4.0,-29.0
1776886552.284103,4.0,5.0,-37.0
1776886552.294103,4.0,6.0,-42.0
1776886552.304103,5.0,9.0,-45.0
1776886552.3141026,5.0,6.0,-47.0
1776886552.3241026,0.0,2.0,-51.0
1776886552.3341026,1.0,1.0,-49.0
1776886552.3441026,-3.0,1.0,-45.0
1776886552.3541028,-3.0,1.0,-41.0
1776886552.3641028,-3.0,0.0,-50.0
1776886552.3741028,0.0,-2.0,-49.0
1776886552.3841028,1.0,-4.0,-45.0
1776886552.3941028,-2.0,-3.0,-37.0
1776886552.4041028,-2.0,-3.0,-31.0
1776886552.4141028,-2.0,2.0,-31.0
1776886552.4241028,0.0,4.0,-36.0
1776886552.4341028,4.0,3.0,-35.0
1776886552.4441028,-1.0,0.0,-31.0
1776886552.4541028,-1.0,1.0,-32.0
1776886552.4641027,1.0,1.0,-38.0
1776886552.4741027,1.0,0.0,-29.0
1776886552.4841027,1.0,3.0,-35.0
1776886552.4941027,0.0,1.0,-36.0
1776886552.5041027,-8.0,0.0,-38.0
1776886552.5141027,-8.0,-3.0,-38.0
1776886552.5241027,-12.0,-3.0,-38.0
1776886552.534103,-11.0,1.0,-38.0
1776886552.544103,-6.0,1.0,-36.0
1776886552.554103,-3.0,0.0,-37.0
1776886552.5641026,-2.0,-2.0,-34.0
1776886552.5741026,0.0,-1.0,-38.0
1776886552.5841026,0.0,0.0,-42.0
1776886552.5941026,1.0,1.0,-35.0
1776886552.6041028,3.0,2.0,-32.0
1776886552.6141028,0.0,0.0,-28.0
1776886552.6241028,0.0,0.0,-24.0
1776886552.6341028,0.0,-4.0,-26.0
1776886552.6441028,1.0,-4.0,-30.0
1776886552.6541028,2.0,-1.0,-32.0
1776886552.6641028,-2.0,-3.0,-30.0
1776886552.6741028,-2.0,-5.0,-33.0
1776886552.6841028,-1.0,0.0,-39.0
1776886552.6941028,0.0,-2.0,-39.0
1776886552.7041028,-1.0,0.0,-41.0
1776886552.7141027,0.0,-1.0,-35.0
1776886552.7241027,3.0,0.0,-35.0
1776886552.7341027,3.0,1.0,-37.0
1776886552.7441027,4.0,-2.0,-36.0
1776886552.7541027,4.0,0.0,-38.0
1776886552.7641027,5.0,0.0,-44.0
1776886552.7741027,3.0,3.0,-38.0
1776886552.784103,2.0,3.0,-45.0
1776886552.794103,3.0,2.0,-46.0
1776886552.804103,6.0,1.0,-42.0
1776886552.8141026,5.0,-1.0,-35.0
1776886552.8241026,3.0,0.0,-33.0
1776886552.8341026,2.0,-1.0,-27.0
1776886552.8441026,3.0,-2.0,-32.0
1776886552.8541028,6.0,-2.0,-34.0
1776886552.8641028,8.0,-3.0,-31.0
1776886552.8741028,6.0,-5.0,-39.0
1776886552.8851027,7.0,-7.0,-48.0
1776886552.8951027,9.0,-5.0,-49.0
1776886552.9051027,10.0,-6.0,-53.0
1776886552.9151027,10.0,-1.0,-43.0
1776886552.9251027,8.0,-1.0,-40.0
1776886552.9351027,5.0,-3.0,-37.0
1776886552.9451027,2.0,0.0,-38.0
1776886552.9551027,0.0,0.0,-37.0
1776886552.965103,2.0,-4.0,-38.0
1776886552.975103,2.0,-5.0,-33.0
1776886552.985103,-1.0,-3.0,-39.0
1776886552.9951026,-4.0,-5.0,-33.0
1776886553.0051026,-8.0,-4.0,-31.0
1776886553.0151026,-5.0,-5.0,-40.0
1776886553.0251029,-3.0,-4.0,-43.0
1776886553.0351028,-1.0,-5.0,-35.0
1776886553.0451028,0.0,-1.0,-34.0
1776886553.0551028,2.0,-2.0,-44.0
1776886553.0651028,1.0,0.0,-39.0
1776886553.0751028,-2.0,-1.0,-34.0
1776886553.0851028,-6.0,-4.0,-32.0
1776886553.0951028,-1.0,-5.0,-31.0
1776886553.1051028,-1.0,-6.0,-33.0
1776886553.1151028,-2.0,-8.0,-26.0
1776886553.1251028,0.0,-7.0,-32.0
1776886553.1351027,1.0,-4.0,-39.0
1776886553.1451027,2.0,-1.0,-41.0
1776886553.1551027,-4.0,-3.0,-38.0
1776886553.1651027,-3.0,-7.0,-34.0
1776886553.1751027,0.0,-2.0,-36.0
1776886553.1851027,0.0,-4.0,-38.0
1776886553.1951027,-3.0,-3.0,-43.0
1776886553.2051027,-7.0,-1.0,-43.0
1776886553.215103,-2.0,1.0,-43.0
1776886553.225103,-3.0,5.0,-41.0
1776886553.235103,-2.0,2.0,-40.0
1776886553.2451026,-4.0,0.0,-38.0
1776886553.2551026,-3.0,-2.0,-44.0
1776886553.2651026,0.0,-5.0,-52.0
1776886553.2751029,0.0,-4.0,-52.0
1776886553.2851028,-2.0,-2.0,-53.0
1776886553.2951028,-3.0,2.0,-54.0
1776886553.3051028,1.0,1.0,-55.0
1776886553.3151028,6.0,1.0,-50.0
1776886553.3251028,3.0,1.0,-45.0
1776886553.3351028,0.0,-1.0,-39.0
1776886553.3451028,3.0,-2.0,-42.0
1776886553.3551028,1.0,-4.0,-47.0
1776886553.3651028,0.0,0.0,-41.0
1776886553.3751028,1.0,-2.0,-40.0
1776886553.3851027,0.0,-2.0,-46.0
1776886553.3951027,4.0,-3.0,-41.0
1776886553.4051027,7.0,-4.0,-35.0
1776886553.4151027,12.0,-8.0,-33.0
1776886553.4251027,10.0,-7.0,-29.0
1776886553.4351027,10.0,-5.0,-34.0
1776886553.4451027,11.0,-2.0,-33.0
1776886553.4551027,9.0,-1.0,-37.0
1776886553.465103,8.0,-2.0,-41.0
1776886553.475103,4.0,0.0,-44.0
1776886553.485103,8.0,0.0,-45.0
1776886553.4951026,4.0,-1.0,-52.0
1776886553.5051026,4.0,-5.0,-44.0
1776886553.5151026,4.0,-1.0,-36.0
1776886553.5251029,3.0,-1.0,-35.0
1776886553.5351028,2.0,-3.0,-35.0
1776886553.5451028,-1.0,-3.0,-40.0
1776886553.5551028,4.0,-4.0,-40.0
1776886553.5651028,1.0,0.0,-47.0
1776886553.5751028,0.0,-3.0,-50.0
1776886553.5851028,4.0,-5.0,-42.0
1776886553.5951028,5.0,-6.0,-38.0
1776886553.6051028,4.0,-7.0,-39.0
1776886553.6151028,5.0,-5.0,-40.0
1776886553.6251028,7.0,-3.0,-31.0
1776886553.6351027,5.0,-1.0,-35.0
1776886553.6451027,3.0,-1.0,-33.0
1776886553.6551027,2.0,0.0,-30.0
1776886553.6651027,0.0,0.0,-31.0
1776886553.6751027,0.0,2.0,-32.0
1776886553.6851027,1.0,0.0,-29.0
1776886553.6951027,-2.0,5.0,-30.0
1776886553.7051027,0.0,8.0,-39.0
1776886553.715103,1.0,6.0,-45.0
1776886553.725103,-2.0,0.0,-54.0
1776886553.735103,0.0,-1.0,-58.0
1776886553.7451026,2.0,-2.0,-54.0
1776886553.7551026,0.0,-2.0,-52.0
1776886553.7651026,0.0,-2.0,-53.0
1776886553.7751029,5.0,-3.0,-53.0
1776886553.7851028,5.0,-7.0,-53.0
1776886553.7951028,2.0,-4.0,-43.0
1776886553.8051028,1.0,0.0,-37.0
1776886553.8151028,0.0,-1.0,-39.0
1776886553.8251028,-4.0,-2.0,-45.0
1776886553.8351028,-1.0,0.0,-43.0
1776886553.8451028,0.0,-3.0,-45.0
1776886553.8551028,-1.0,1.0,-39.0
1776886553.8651028,0.0,0.0,-39.0
1776886553.8751028,1.0,4.0,-44.0
1776886553.8851027,0.0,1.0,-48.0
1776886553.8951027,0.0,-1.0,-53.0
1776886553.9051027,-1.0,-1.0,-53.0
1776886553.9151027,0.0,-1.0,-51.0
1776886553.9251027,0.0,2.0,-53.0
1776886553.9351027,0.0,2.0,-51.0
1776886553.9451027,-2.0,-1.0,-49.0
1776886553.9551027,-5.0,-3.0,-48.0
1776886553.965103,-5.0,-3.0,-46.0
1776886553.975103,-2.0,-6.0,-45.0
1776886553.985103,-3.0,-5.0,-46.0
1776886553.9951026,-3.0,-7.0,-43.0
1776886554.0051026,-4.0,-2.0,-41.0
1776886554.0151026,-5.0,-1.0,-38.0
1776886554.0251029,-4.0,0.0,-34.0
1776886554.0351028,-2.0,-1.0,-37.0
1776886554.0451028,-1.0,-1.0,-38.0
1776886554.0551028,-5.0,1.0,-40.0
1776886554.0651028,-3.0,4.0,-49.0
1776886554.0751028,-1.0,3.0,-52.0
1776886554.0851028,0.0,1.0,-47.0
1776886554.0951028,-1.0,-3.0,-40.0
1776886554.1051028,0.0,-5.0,-37.0
1776886554.1151028,1.0,-8.0,-40.0
1776886554.1251028,0.0,-2.0,-36.0
1776886554.1351027,1.0,-2.0,-32.0
1776886554.1451027,0.0,-3.0,-31.0
1776886554.1551027,-3.0,0.0,-30.0
1776886554.1651027,-4.0,-1.0,-34.0
1776886554.1751027,-8.0,-3.0,-37.0
1776886554.1851027,-11.0,-1.0,-37.0
1776886554.1951027,-6.0,0.0,-35.0
1776886554.2051027,-4.0,0.0,-39.0
1776886554.215103,-4.0,-1.0,-47.0
1776886554.225103,0.0,-5.0,-40.0
1776886554.235103,3.0,-7.0,-41.0
1776886554.2451026,7.0,-5.0,-37.0
1776886554.2551026,8.0,-2.0,-38.0
1776886554.2651026,6.0,-1.0,-39.0
1776886554.2751029,0.0,-2.0,-42.0
1776886554.2851028,1.0,2.0,-46.0
1776886554.2951028,-1.0,5.0,-43.0
1776886554.3051028,0.0,5.0,-43.0
1776886554.3151028,-2.0,2.0,-43.0
1776886554.3251028,1.0,3.0,-40.0
1776886554.3351028,1.0,1.0,-35.0
1776886554.3451028,8.0,5.0,-35.0
1776886554.3551028,5.0,6.0,-34.0
1776886554.3651028,8.0,7.0,-33.0
1776886554.3751028,8.0,6.0,-32.0
1776886554.3851027,3.0,8.0,-27.0
1776886554.3951027,5.0,4.0,-33.0
1776886554.4051027,4.0,0.0,-33.0
1776886554.4151027,4.0,-2.0,-34.0
1776886554.4251027,3.0,-2.0,-36.0
1776886554.4351027,5.0,-3.0,-34.0
1776886554.4451027,4.0,-3.0,-32.0
1776886554.4551027,2.0,-5.0,-32.0
1776886554.465103,0.0,-2.0,-36.0
1776886554.475103,-2.0,-2.0,-36.0
1776886554.485103,1.0,0.0,-40.0
1776886554.4951026,6.0,0.0,-39.0
1776886554.5051026,6.0,6.0,-40.0
1776886554.5151026,0.0,3.0,-40.0
1776886554.5251029,0.0,2.0,-43.0
1776886554.5351028,-2.0,0.0,-45.0
1776886554.5451028,-1.0,0.0,-42.0
1776886554.5551028,2.0,1.0,-38.0
1776886554.5651028,6.0,1.0,-35.0
1776886554.5751028,8.0,0.0,-39.0
1776886554.5851028,8.0,-3.0,-33.0
1776886554.5951028,6.0,-6.0,-30.0
1776886554.6051028,2.0,-3.0,-39.0
1776886554.6151028,0.0,-6.0,-42.0
1776886554.6251028,-1.0,-2.0,-39.0
1776886554.6351027,1.0,-4.0,-39.0
1776886554.6451027,0.0,-5.0,-46.0
1776886554.6551027,-2.0,-5.0,-46.0
1776886554.6651027,-5.0,-7.0,-44.0
1776886554.6751027,0.0,-9.0,-40.0
1776886554.6851027,-1.0,-5.0,-33.0
1776886554.6951027,-2.0,-4.0,-30.0
1776886554.7051027,-5.0,-9.0,-32.0
1776886554.715103,-5.0,-6.0,-37.0
1776886554.725103,-2.0,-4.0,-39.0
1776886554.735103,1.0,-2.0,-38.0
1776886554.7451026,-1.0,-2.0,-42.0
1776886554.7551026,-4.0,-3.0,-43.0
1776886554.7651026,-6.0,-3.0,-43.0
1776886554.7751029,-3.0,-4.0,-42.0
1776886554.7851028,-6.0,-5.0,-39.0
1776886554.7951028,-2.0,-9.0,-36.0
1776886554.8051028,0.0,-6.0,-38.0
1776886554.8151028,0.0,-1.0,-38.0
1776886554.8251028,0.0,-3.0,-34.0
1776886554.8351028,2.0,-1.0,-30.0
1776886554.8451028,2.0,0.0,-33.0
1776886554.8551028,6.0,-1.0,-36.0
1776886554.8651028,5.0,2.0,-40.0
1776886554.8761027,3.0,0.0,-38.0
1776886554.8851027,3.0,0.0,-41.0
1776886554.896103,-2.0,-4.0,-41.0
1776886554.906103,-1.0,-2.0,-35.0
1776886554.9161026,-2.0,-3.0,-40.0
1776886554.9261026,-6.0,-2.0,-37.0
1776886554.9361026,-8.0,-1.0,-33.0
1776886554.9461029,-6.0,0.0,-34.0
1776886554.9561028,-5.0,0.0,-41.0
1776886554.9661028,-2.0,-2.0,-42.0
1776886554.9761028,-4.0,0.0,-42.0
1776886554.9861028,-8.0,0.0,-42.0
1776886554.9961028,-7.0,0.0,-36.0
1776886555.0061028,-9.0,-2.0,-32.0
1776886555.0161028,-6.0,-5.0,-35.0
1776886555.0261028,-9.0,-5.0,-36.0
1776886555.0361028,-7.0,-2.0,-31.0
1776886555.0461028,-3.0,-1.0,-36.0
1776886555.0561028,-3.0,4.0,-33.0
1776886555.0661027,-4.0,0.0,-37.0
1776886555.0761027,-1.0,-1.0,-35.0
1776886555.0861027,-1.0,-1.0,-42.0
1776886555.0961027,-2.0,-2.0,-43.0
1776886555.1061027,-3.0,-6.0,-45.0
1776886555.1161027,-3.0,-3.0,-43.0
1776886555.1261027,0.0,2.0,-46.0
1776886555.136103,2.0,3.0,-41.0
1776886555.146103,4.0,7.0,-37.0
1776886555.156103,5.0,4.0,-32.0
1776886555.1661026,4.0,0.0,-31.0
1776886555.1761026,-3.0,0.0,-31.0
1776886555.1861026,-6.0,-2.0,-31.0
1776886555.1961029,-3.0,-3.0,-33.0
1776886555.2061028,-5.0,-7.0,-37.0
1776886555.2161028,3.0,-7.0,-38.0
1776886555.2261028,1.0,-6.0,-34.0
1776886555.2361028,3.0,-4.0,-37.0
1776886555.2461028,7.0,-3.0,-38.0
1776886555.2561028,7.0,-1.0,-42.0
1776886555.2661028,10.0,-4.0,-44.0
1776886555.2761028,9.0,-8.0,-45.0
1776886555.2861028,7.0,-6.0,-41.0
1776886555.2961028,2.0,-4.0,-36.0
1776886555.3061028,3.0,-3.0,-36.0
1776886555.3161027,5.0,-2.0,-33.0
1776886555.3261027,3.0,-4.0,-27.0
1776886555.3361027,1.0,-8.0,-33.0
1776886555.3461027,2.0,-8.0,-40.0
1776886555.3561027,1.0,-9.0,-47.0
1776886555.3661027,0.0,-7.0,-51.0
1776886555.3761027,0.0,-6.0,-40.0
1776886555.386103,-4.0,-6.0,-33.0
1776886555.396103,-3.0,0.0,-40.0
1776886555.406103,-2.0,-1.0,-43.0
1776886555.4161026,-2.0,-1.0,-47.0
1776886555.4261026,-4.0,-1.0,-46.0
1776886555.4361026,-2.0,0.0,-43.0
1776886555.4461029,0.0,-1.0,-39.0
1776886555.4561028,0.0,1.0,-43.0
1776886555.4661028,2.0,2.0,-35.0
1776886555.4761028,2.0,3.0,-37.0
1776886555.4861028,2.0,3.0,-35.0
1776886555.4961028,5.0,8.0,-32.0
1776886555.5061028,1.0,8.0,-34.0
1776886555.5161028,6.0,7.0,-33.0
1776886555.5261028,4.0,3.0,-34.0
1776886555.5361028,6.0,0.0,-36.0
1776886555.5461028,2.0,-1.0,-31.0
1776886555.5561028,5.0,0.0,-27.0
1776886555.5661027,3.0,-3.0,-31.0
1776886555.5761027,0.0,-5.0,-27.0
1776886555.5861027,-1.0,-2.0,-37.0
1776886555.5961027,-6.0,-4.0,-42.0
1776886555.6061027,-9.0,-3.0,-40.0
1776886555.6161027,-1.0,-1.0,-41.0
1776886555.6261027,0.0,-1.0,-38.0
1776886555.636103,-1.0,0.0,-34.0
1776886555.646103,-7.0,1.0,-31.0
1776886555.656103,-5.0,0.0,-31.0
1776886555.6661026,-5.0,-2.0,-39.0
1776886555.6761026,-3.0,-2.0,-42.0
1776886555.6861026,-4.0,0.0,-40.0
1776886555.6961029,0.0,0.0,-34.0
1776886555.7061028,3.0,2.0,-31.0
1776886555.7161028,5.0,0.0,-35.0
1776886555.7261028,2.0,0.0,-41.0
1776886555.7361028,-1.0,0.0,-36.0
1776886555.7461028,-1.0,0.0,-35.0
1776886555.7561028,-5.0,-3.0,-35.0
1776886555.7661028,-7.0,-2.0,-37.0
1776886555.7761028,-8.0,-4.0,-33.0
1776886555.7861028,-6.0,-9.0,-27.0
1776886555.7961028,-3.0,-9.0,-30.0
1776886555.8061028,0.0,-6.0,-27.0
1776886555.8161027,0.0,-6.0,-29.0
1776886555.8261027,-1.0,-8.0,-34.0
1776886555.8361027,0.0,-3.0,-38.0
1776886555.8461027,-4.0,0.0,-45.0
1776886555.8561027,-2.0,0.0,-46.0
1776886555.8661027,-2.0,-3.0,-44.0
1776886555.8761027,0.0,0.0,-46.0
1776886555.886103,1.0,3.0,-48.0
1776886555.896103,0.0,4.0,-46.0
1776886555.906103,0.0,-1.0,-46.0
1776886555.9161026,1.0,-3.0,-44.0
1776886555.9261026,5.0,-2.0,-42.0
1776886555.9361026,5.0,1.0,-44.0
1776886555.9461029,7.0,-1.0,-42.0
1776886555.9561028,6.0,0.0,-41.0
1776886555.9661028,2.0,2.0,-42.0
1776886555.9761028,0.0,1.0,-42.0
1776886555.9861028,-1.0,0.0,-43.0
1776886555.9961028,2.0,2.0,-43.0
1776886556.0061028,4.0,-1.0,-41.0
1776886556.0161028,0.0,-3.0,-33.0
1776886556.0261028,-1.0,-5.0,-40.0
1776886556.0361028,3.0,-4.0,-43.0
1776886556.0461028,5.0,-3.0,-38.0
1776886556.0561028,0.0,-1.0,-35.0
1776886556.0661027,5.0,-5.0,-37.0
1776886556.0761027,6.0,-5.0,-38.0
1776886556.0861027,5.0,-3.0,-40.0
1776886556.0961027,3.0,-2.0,-40.0
1776886556.1061027,7.0,-3.0,-39.0
1776886556.1161027,4.0,-6.0,-33.0
1776886556.1261027,2.0,-4.0,-39.0
1776886556.136103,3.0,-7.0,-34.0
1776886556.146103,0.0,-6.0,-37.0
1776886556.156103,-5.0,-7.0,-42.0
1776886556.1661026,-2.0,-2.0,-42.0
1776886556.1761026,1.0,-2.0,-48.0
1776886556.1861026,0.0,-3.0,-52.0
1776886556.1961029,-4.0,-4.0,-55.0
1776886556.2061028,0.0,-5.0,-46.0
1776886556.2161028,3.0,-5.0,-45.0
1776886556.2261028,5.0,-6.0,-50.0
1776886556.2361028,1.0,-6.0,-39.0
1776886556.2461028,2.0,-7.0,-40.0
1776886556.2561028,3.0,-5.0,-40.0
1776886556.2661028,2.0,-5.0,-40.0
1776886556.2761028,0.0,-4.0,-44.0
1776886556.2861028,-3.0,-6.0,-40.0
1776886556.2961028,-2.0,-5.0,-42.0
1776886556.3061028,0.0,-3.0,-36.0
1776886556.3161027,0.0,-5.0,-41.0
1776886556.3261027,-5.0,-4.0,-46.0
1776886556.3361027,1.0,-3.0,-41.0
1776886556.3461027,-2.0,0.0,-38.0
1776886556.3561027,-2.0,-4.0,-30.0
1776886556.3661027,0.0,-3.0,-33.0
1776886556.3761027,0.0,0.0,-33.0
1776886556.386103,3.0,0.0,-39.0
1776886556.396103,1.0,0.0,-45.0
1776886556.406103,-2.0,-1.0,-34.0
1776886556.4161026,2.0,-2.0,-31.0
1776886556.4261026,1.0,-5.0,-30.0
1776886556.4361026,-2.0,-7.0,-33.0
1776886556.4461029,-6.0,-5.0,-40.0
1776886556.4561028,-2.0,-3.0,-44.0
1776886556.4661028,-2.0,-4.0,-40.0
1776886556.4761028,-1.0,-7.0,-41.0
1776886556.4861028,0.0,-4.0,-42.0
1776886556.4961028,0.0,-4.0,-45.0
1776886556.5061028,-6.0,-2.0,-45.0
1776886556.5161028,-7.0,0.0,-38.0
1776886556.5261028,-5.0,2.0,-37.0
1776886556.5361028,-7.0,6.0,-43.0
1776886556.5461028,-4.0,2.0,-41.0
1776886556.5561028,-3.0,2.0,-42.0
1776886556.5661027,0.0,3.0,-44.0
1776886556.5761027,-2.0,2.0,-47.0
1776886556.5861027,-2.0,-1.0,-52.0
1776886556.5971026,-1.0,0.0,-52.0
1776886556.6061027,0.0,4.0,-51.0
1776886556.6161027,0.0,0.0,-48.0
1776886556.6261027,-5.0,4.0,-48.0
1776886556.636103,-8.0,2.0,-43.0
1776886556.646103,-9.0,1.0,-36.0
1776886556.656103,-9.0,0.0,-35.0
1776886556.6661026,-10.0,2.0,-35.0
1776886556.6761026,-8.0,2.0,-27.0
1776886556.6861026,-9.0,-2.0,-31.0
1776886556.6961029,-5.0,-1.0,-30.0
1776886556.7061028,-6.0,-1.0,-35.0
1776886556.7161028,-3.0,0.0,-35.0
1776886556.7261028,-4.0,0.0,-34.0
1776886556.7361028,-9.0,-1.0,-30.0
1776886556.7461028,-10.0,2.0,-35.0
1776886556.7561028,-11.0,4.0,-42.0
1776886556.7661028,-14.0,0.0,-43.0
1776886556.7761028,-13.0,-2.0,-43.0
1776886556.7861028,-14.0,-2.0,-39.0
1776886556.7961028,-11.0,-1.0,-38.0
1776886556.8061028,-5.0,1.0,-35.0
1776886556.8161027,0.0,2.0,-27.0
1776886556.8261027,0.0,1.0,-34.0
1776886556.8361027,-1.0,3.0,-31.0
1776886556.8461027,-3.0,0.0,-31.0
1776886556.8561027,-3.0,1.0,-37.0
1776886556.8671026,1.0,3.0,-42.0
1776886556.8771029,0.0,0.0,-35.0
1776886556.8871028,2.0,0.0,-36.0
1776886556.8971028,7.0,2.0,-42.0
1776886556.9071028,4.0,2.0,-39.0
1776886556.9171028,4.0,3.0,-36.0
1776886556.9271028,0.0,0.0,-37.0
1776886556.9371028,-2.0,0.0,-38.0
1776886556.9471028,0.0,0.0,-42.0
1776886556.9571028,3.0,-4.0,-37.0
1776886556.9671028,0.0,0.0,-32.0
1776886556.9771028,0.0,0.0,-35.0
1776886556.9871027,2.0,0.0,-33.0
1776886556.9971027,1.0,-3.0,-36.0
1776886557.0071027,0.0,-4.0,-41.0
1776886557.0171027,-2.0,-4.0,-40.0
1776886557.0271027,-2.0,-2.0,-38.0
1776886557.0371027,0.0,0.0,-33.0
1776886557.0471027,-3.0,4.0,-44.0
1776886557.057103,-7.0,5.0,-40.0
1776886557.067103,-10.0,7.0,-34.0
1776886557.077103,-9.0,8.0,-26.0
1776886557.087103,-7.0,7.0,-22.0
1776886557.0971026,-3.0,5.0,-24.0
1776886557.1071026,-5.0,5.0,-34.0
1776886557.1171026,-3.0,4.0,-37.0
1776886557.1271029,0.0,5.0,-40.0
1776886557.1371028,0.0,4.0,-44.0
1776886557.1471028,-1.0,2.0,-45.0
1776886557.1571028,-1.0,5.0,-41.0
1776886557.1671028,0.0,3.0,-45.0
1776886557.1771028,-4.0,2.0,-47.0
1776886557.1871028,-6.0,-4.0,-45.0
1776886557.1971028,-11.0,-5.0,-43.0
1776886557.2071028,-6.0,-6.0,-38.0
1776886557.2171028,-4.0,-5.0,-38.0
1776886557.2271028,2.0,-6.0,-40.0
1776886557.2371027,4.0,-5.0,-38.0
1776886557.2471027,2.0,-7.0,-34.0
1776886557.2571027,1.0,-10.0,-32.0
1776886557.2671027,-1.0,-10.0,-34.0
1776886557.2771027,7.0,-10.0,-40.0
1776886557.2871027,8.0,-5.0,-43.0
1776886557.2971027,10.0,-6.0,-48.0
1776886557.307103,6.0,-7.0,-43.0
1776886557.317103,4.0,-2.0,-40.0
1776886557.327103,3.0,-3.0,-41.0
1776886557.337103,2.0,-3.0,-40.0
1776886557.3471026,1.0,-3.0,-37.0
1776886557.3571026,5.0,-1.0,-36.0
1776886557.3671026,2.0,2.0,-29.0
1776886557.3771029,4.0,4.0,-35.0
1776886557.3871028,0.0,1.0,-36.0
1776886557.3971028,-3.0,0.0,-38.0
1776886557.4071028,-2.0,-2.0,-39.0
1776886557.4171028,-1.0,-4.0,-41.0
1776886557.4271028,0.0,-8.0,-40.0
1776886557.4371028,1.0,-8.0,-40.0
1776886557.4471028,2.0,-5.0,-39.0
1776886557.4571028,2.0,-3.0,-43.0
1776886557.4671028,0.0,0.0,-48.0
1776886557.4771028,2.0,-1.0,-38.0
1776886557.4871027,6.0,2.0,-43.0
1776886557.4971027,0.0,4.0,-41.0
1776886557.5071027,2.0,5.0,-42.0
1776886557.5171027,5.0,2.0,-40.0
1776886557.5271027,5.0,0.0,-50.0
1776886557.5371027,4.0,-2.0,-45.0
1776886557.5471027,2.0,0.0,-45.0
1776886557.557103,0.0,3.0,-48.0
1776886557.567103,3.0,3.0,-42.0
1776886557.577103,7.0,3.0,-45.0
1776886557.587103,6.0,1.0,-37.0
1776886557.5971026,8.0,0.0,-30.0
1776886557.6071026,7.0,-2.0,-37.0
1776886557.6171026,4.0,0.0,-44.0
1776886557.6271029,3.0,0.0,-46.0
1776886557.6371028,3.0,-1.0,-53.0
1776886557.6471028,6.0,-2.0,-55.0
1776886557.6571028,2.0,-3.0,-41.0
1776886557.6671028,6.0,-5.0,-35.0
1776886557.6771028,6.0,-8.0,-32.0
1776886557.6871028,5.0,-7.0,-29.0
1776886557.6971028,6.0,0.0,-28.0
1776886557.7071028,1.0,-1.0,-35.0
1776886557.7171028,3.0,-4.0,-37.0
1776886557.7271028,0.0,-4.0,-35.0
1776886557.7371027,0.0,-2.0,-34.0
1776886557.748103,0.0,0.0,-37.0
1776886557.7571027,0.0,0.0,-37.0
1776886557.7671027,-1.0,0.0,-35.0
1776886557.7771027,0.0,0.0,-35.0
1776886557.7871027,-3.0,-2.0,-28.0
1776886557.7971027,1.0,-5.0,-29.0
1776886557.807103,6.0,-7.0,-20.0
1776886557.817103,-1.0,-7.0,-19.0
1776886557.827103,-2.0,-3.0,-22.0
1776886557.837103,-1.0,-4.0,-23.0
1776886557.8471026,0.0,-3.0,-24.0
1776886557.8571026,-2.0,-7.0,-33.0
1776886557.8671026,-4.0,-5.0,-41.0
1776886557.8771029,-2.0,-7.0,-37.0
1776886557.8871028,-2.0,-4.0,-33.0
1776886557.8971028,-3.0,-6.0,-37.0
1776886557.9071028,-4.0,-6.0,-30.0
1776886557.9171028,-5.0,-3.0,-31.0
1776886557.9271028,-7.0,-3.0,-32.0
1776886557.9371028,-7.0,-1.0,-39.0
1776886557.9471028,-10.0,-1.0,-36.0
1776886557.9571028,-5.0,1.0,-36.0
1776886557.9671028,-2.0,2.0,-37.0
1776886557.9771028,-7.0,8.0,-37.0
1776886557.9871027,-4.0,1.0,-35.0
1776886557.9971027,-2.0,-5.0,-33.0
1776886558.0071027,2.0,-6.0,-31.0
1776886558.0171027,3.0,-2.0,-33.0
1776886558.0271027,4.0,1.0,-34.0
1776886558.0371027,3.0,-2.0,-32.0
1776886558.0471027,4.0,-5.0,-36.0
1776886558.057103,1.0,-5.0,-40.0
1776886558.067103,0.0,-5.0,-36.0
1776886558.077103,3.0,-2.0,-34.0
1776886558.087103,-2.0,-6.0,-38.0
1776886558.0971026,0.0,-4.0,-36.0
1776886558.1071026,3.0,-8.0,-27.0
1776886558.1171026,3.0,-2.0,-25.0
1776886558.1271029,3.0,-2.0,-26.0
1776886558.1371028,4.0,0.0,-32.0
1776886558.1471028,5.0,-1.0,-37.0
1776886558.1571028,4.0,0.0,-42.0
1776886558.1671028,6.0,1.0,-42.0
1776886558.1771028,-1.0,1.0,-43.0
1776886558.1871028,-3.0,5.0,-39.0
1776886558.1971028,0.0,3.0,-45.0
1776886558.2071028,0.0,0.0,-35.0
1776886558.2171028,4.0,-1.0,-35.0
1776886558.2271028,3.0,2.0,-35.0
1776886558.2371027,0.0,2.0,-38.0
1776886558.2471027,-6.0,2.0,-34.0
1776886558.2571027,-4.0,3.0,-29.0
1776886558.2671027,-6.0,2.0,-26.0
1776886558.2771027,-6.0,1.0,-26.0
1776886558.2871027,-7.0,1.0,-27.0
1776886558.2971027,-6.0,0.0,-30.0
1776886558.307103,-3.0,6.0,-35.0
1776886558.317103,-4.0,1.0,-33.0
1776886558.327103,-6.0,-4.0,-37.0
1776886558.337103,-6.0,-4.0,-38.0
1776886558.3471026,-5.0,-7.0,-34.0
1776886558.3571026,-2.0,-4.0,-36.0
1776886558.3671026,0.0,-6.0,-32.0
1776886558.3771029,1.0,-5.0,-36.0
1776886558.3871028,2.0,-1.0,-38.0
1776886558.3971028,4.0,-5.0,-43.0
1776886558.4071028,3.0,-5.0,-48.0
1776886558.4171028,0.0,-7.0,-47.0
1776886558.4271028,0.0,-4.0,-42.0
1776886558.4371028,2.0,-1.0,-37.0
1776886558.4471028,5.0,0.0,-38.0
1776886558.4571028,3.0,-1.0,-39.0
1776886558.4671028,5.0,-1.0,-38.0
1776886558.4771028,-1.0,-3.0,-41.0
1776886558.4871027,-5.0,-1.0,-45.0
1776886558.4971027,-4.0,0.0,-41.0
1776886558.5071027,-6.0,0.0,-43.0
1776886558.5171027,-10.0,1.0,-38.0
1776886558.5271027,-12.0,2.0,-36.0
1776886558.5371027,-8.0,2.0,-30.0
1776886558.5471027,-8.0,2.0,-36.0
1776886558.557103,-5.0,2.0,-34.0
1776886558.567103,-1.0,4.0,-33.0
1776886558.577103,4.0,4.0,-43.0
1776886558.587103,8.0,5.0,-46.0
1776886558.5971026,6.0,2.0,-43.0
1776886558.6071026,6.0,1.0,-44.0
1776886558.6171026,3.0,-2.0,-35.0
1776886558.6271029,0.0,-3.0,-35.0
1776886558.6371028,-7.0,-1.0,-37.0
1776886558.6471028,-7.0,-1.0,-33.0
1776886558.6571028,-3.0,0.0,-29.0
1776886558.6671028,-1.0,-2.0,-36.0
1776886558.6771028,-2.0,-3.0,-39.0
1776886558.6871028,-1.0,2.0,-39.0
1776886558.6971028,1.0,2.0,-42.0
1776886558.7071028,2.0,-1.0,-41.0
1776886558.7171028,5.0,0.0,-41.0
1776886558.7271028,5.0,1.0,-42.0
1776886558.7371027,7.0,2.0,-40.0
1776886558.7471027,7.0,-3.0,-44.0
1776886558.7571027,1.0,-3.0,-43.0
1776886558.7671027,0.0,0.0,-48.0
1776886558.7771027,2.0,2.0,-44.0
1776886558.7871027,2.0,0.0,-42.0
1776886558.7971027,0.0,0.0,-41.0
1776886558.807103,-2.0,1.0,-44.0
1776886558.817103,0.0,2.0,-39.0
1776886558.827103,0.0,3.0,-41.0
1776886558.837103,-2.0,3.0,-42.0
1776886558.8471026,-2.0,5.0,-42.0
1776886558.8581028,-3.0,1.0,-39.0
1776886558.8681028,-5.0,0.0,-36.0
1776886558.8781028,-8.0,0.0,-33.0
1776886558.8881028,-2.0,-5.0,-35.0
1776886558.8981028,-1.0,-5.0,-35.0
1776886558.9081028,-2.0,-7.0,-46.0
1776886558.9181027,1.0,-4.0,-50.0
1776886558.9281027,5.0,-2.0,-59.0
1776886558.9381027,3.0,-4.0,-52.0
1776886558.9481027,-2.0,-4.0,-47.0
1776886558.9581027,-3.0,-4.0,-46.0
1776886558.9681027,-5.0,-4.0,-45.0
1776886558.9781027,-6.0,-2.0,-41.0
1776886558.988103,-5.0,0.0,-42.0
1776886558.998103,-3.0,0.0,-38.0
1776886559.008103,-6.0,0.0,-38.0
1776886559.0181026,-4.0,0.0,-40.0
1776886559.0281026,-4.0,-3.0,-46.0
1776886559.0381026,-5.0,-4.0,-44.0
1776886559.0481029,-6.0,-7.0,-44.0
1776886559.0581028,0.0,-8.0,-46.0
1776886559.0681028,-1.0,-5.0,-46.0
1776886559.0781028,-8.0,-6.0,-41.0
1776886559.0881028,-6.0,-2.0,-43.0
1776886559.0981028,-2.0,-1.0,-40.0
1776886559.1081028,0.0,-2.0,-39.0
1776886559.1181028,-2.0,0.0,-39.0
1776886559.1281028,-3.0,0.0,-38.0
1776886559.1381028,-3.0,-4.0,-38.0
1776886559.1481028,-5.0,-11.0,-47.0
1776886559.1581028,-5.0,-13.0,-44.0
1776886559.1681027,-2.0,-11.0,-38.0
1776886559.1781027,-1.0,-11.0,-34.0
1776886559.1881027,-3.0,-8.0,-34.0
1776886559.1981027,-3.0,-6.0,-38.0
1776886559.2081027,-3.0,-10.0,-41.0
1776886559.2181027,-4.0,-9.0,-36.0
1776886559.2281027,-2.0,-4.0,-35.0
1776886559.238103,-2.0,-3.0,-38.0
1776886559.248103,3.0,2.0,-31.0
1776886559.258103,9.0,2.0,-28.0
1776886559.2681026,5.0,-2.0,-29.0
1776886559.2781026,-3.0,-3.0,-30.0
1776886559.2881026,0.0,-2.0,-32.0
1776886559.2981029,-3.0,-5.0,-34.0
1776886559.3081028,-6.0,-2.0,-34.0
1776886559.3181028,-1.0,-3.0,-41.0
1776886559.3281028,6.0,-3.0,-37.0
1776886559.3381028,8.0,2.0,-32.0
1776886559.3481028,7.0,2.0,-34.0
1776886559.3581028,4.0,0.0,-37.0
1776886559.3681028,1.0,3.0,-39.0
1776886559.3781028,0.0,2.0,-33.0
1776886559.3881028,2.0,1.0,-34.0
1776886559.3981028,3.0,-1.0,-34.0
1776886559.4081028,1.0,-1.0,-30.0
1776886559.4181027,-1.0,-1.0,-35.0
1776886559.4281027,0.0,-1.0,-34.0
1776886559.4381027,0.0,0.0,-38.0
1776886559.4481027,-1.0,-1.0,-40.0
1776886559.4581027,0.0,0.0,-38.0
1776886559.4681027,-1.0,0.0,-46.0
1776886559.4781027,-2.0,-5.0,-36.0
1776886559.488103,-1.0,-6.0,-32.0
1776886559.498103,0.0,-6.0,-35.0
1776886559.508103,0.0,-4.0,-25.0
1776886559.5181026,-2.0,-6.0,-26.0
1776886559.5281026,-5.0,-1.0,-25.0
1776886559.5381026,-3.0,-1.0,-34.0
1776886559.5481029,-3.0,-3.0,-39.0
1776886559.5581028,-3.0,0.0,-43.0
1776886559.5681028,-6.0,-2.0,-47.0
1776886559.5781028,-6.0,-3.0,-51.0
1776886559.5881028,-1.0,-4.0,-56.0
1776886559.5981028,0.0,-7.0,-59.0
1776886559.6081028,3.0,-3.0,-50.0
1776886559.6181028,5.0,-1.0,-46.0
1776886559.6281028,0.0,0.0,-44.0
1776886559.6381028,0.0,-1.0,-39.0
1776886559.6481028,0.0,-3.0,-34.0
1776886559.6581028,1.0,-4.0,-35.0
1776886559.6681027,-4.0,-4.0,-37.0
1776886559.6781027,-4.0,-1.0,-31.0
1776886559.6881027,-7.0,1.0,-32.0
1776886559.6981027,-4.0,2.0,-34.0
1776886559.7081027,-5.0,-1.0,-34.0
1776886559.7181027,-5.0,-2.0,-38.0
1776886559.7281027,-5.0,0.0,-35.0
1776886559.738103,-5.0,0.0,-36.0
1776886559.748103,-6.0,-1.0,-29.0
1776886559.758103,-4.0,0.0,-35.0
1776886559.7681026,-3.0,0.0,-40.0
1776886559.7781026,-5.0,1.0,-37.0
1776886559.7881026,-8.0,3.0,-34.0
1776886559.7981029,-4.0,7.0,-30.0
1776886559.8081028,0.0,4.0,-27.0
1776886559.8181028,-4.0,2.0,-32.0
1776886559.8281028,-3.0,1.0,-36.0
1776886559.8381028,-1.0,0.0,-39.0
1776886559.8481028,-1.0,-1.0,-38.0
1776886559.8581028,-2.0,0.0,-43.0
1776886559.8681028,0.0,-2.0,-44.0
1776886559.8781028,0.0,0.0,-39.0
1776886559.8881028,3.0,0.0,-38.0
1776886559.8981028,3.0,1.0,-31.0
1776886559.9081028,1.0,1.0,-27.0
1776886559.9181027,-1.0,0.0,-29.0
1776886559.9281027,1.0,0.0,-23.0
1776886559.9381027,4.0,-4.0,-22.0
1776886559.9481027,2.0,-1.0,-24.0
1776886559.9581027,0.0,0.0,-25.0
1776886559.9681027,0.0,-3.0,-25.0
1776886559.9781027,-3.0,-4.0,-31.0
1776886559.988103,-1.0,-2.0,-34.0
1776886559.998103,0.0,-5.0,-35.0
1776886560.008103,0.0,-3.0,-41.0
1776886560.0181026,-5.0,-3.0,-45.0
1776886560.0281026,-6.0,0.0,-45.0
1776886560.0381026,-2.0,-4.0,-42.0
1776886560.0481029,3.0,-2.0,-44.0
1776886560.0581028,0.0,0.0,-51.0
1776886560.0681028,0.0,-2.0,-55.0
1776886560.0781028,2.0,-3.0,-58.0
1776886560.0881028,6.0,-3.0,-52.0
1776886560.0981028,5.0,-3.0,-45.0
1776886560.1081028,10.0,-5.0,-43.0
1776886560.1181028,6.0,-11.0,-43.0
1776886560.1281028,10.0,-10.0,-47.0
1776886560.1381028,2.0,-10.0,-46.0
1776886560.1481028,-1.0,-5.0,-44.0
1776886560.1581028,0.0,-6.0,-47.0
1776886560.1681027,2.0,-5.0,-45.0
1776886560.1781027,3.0,-8.0,-43.0
1776886560.1881027,4.0,-7.0,-44.0
1776886560.1981027,4.0,-6.0,-41.0
1776886560.2081027,9.0,-4.0,-41.0
1776886560.2181027,8.0,-4.0,-47.0
1776886560.2281027,6.0,-5.0,-48.0
1776886560.238103,0.0,-4.0,-42.0
1776886560.248103,0.0,-5.0,-42.0
1776886560.258103,0.0,0.0,-42.0
1776886560.2681026,3.0,0.0,-36.0
1776886560.2781026,0.0,0.0,-38.0
1776886560.2881026,2.0,2.0,-38.0
1776886560.2981029,2.0,3.0,-41.0
1776886560.3081028,-1.0,3.0,-44.0
1776886560.3181028,0.0,2.0,-43.0
1776886560.3281028,2.0,0.0,-43.0
1776886560.3381028,-2.0,4.0,-37.0
1776886560.3481028,0.0,3.0,-37.0
1776886560.3581028,-2.0,9.0,-39.0
1776886560.3681028,1.0,4.0,-45.0
1776886560.3781028,0.0,0.0,-49.0
1776886560.3881028,0.0,-3.0,-43.0
1776886560.3981028,-2.0,-7.0,-42.0
1776886560.4081028,-3.0,-4.0,-41.0
1776886560.4181027,-5.0,-3.0,-38.0
1776886560.4281027,-4.0,1.0,-38.0
1776886560.4381027,-1.0,8.0,-36.0
1776886560.4481027,3.0,8.0,-33.0
1776886560.4581027,1.0,6.0,-39.0
1776886560.4681027,1.0,3.0,-42.0
1776886560.4781027,3.0,1.0,-42.0
1776886560.488103,2.0,-6.0,-44.0
1776886560.498103,2.0,-7.0,-41.0
1776886560.508103,5.0,-5.0,-37.0
1776886560.5181026,5.0,-6.0,-33.0
1776886560.5281026,4.0,-8.0,-29.0
1776886560.5381026,3.0,-8.0,-33.0
1776886560.5481029,3.0,-5.0,-38.0
1776886560.5581028,2.0,-1.0,-42.0
1776886560.5681028,0.0,1.0,-45.0
1776886560.5781028,-4.0,4.0,-46.0
1776886560.5881028,-6.0,-1.0,-43.0
1776886560.5981028,-5.0,0.0,-31.0
1776886560.6081028,-5.0,-4.0,-27.0
1776886560.6181028,-4.0,-6.0,-26.0
1776886560.6281028,-7.0,-4.0,-28.0
1776886560.6381028,-6.0,-1.0,-33.0
1776886560.6481028,-8.0,0.0,-37.0
1776886560.6581028,-11.0,-2.0,-44.0
1776886560.6681027,-8.0,-1.0,-41.0
1776886560.6781027,-12.0,-1.0,-45.0
1776886560.6881027,-12.0,5.0,-49.0
1776886560.6981027,-7.0,0.0,-52.0
1776886560.7081027,-2.0,0.0,-46.0
1776886560.7181027,-1.0,-3.0,-35.0
1776886560.7281027,3.0,-7.0,-37.0
1776886560.738103,6.0,-3.0,-39.0
1776886560.748103,3.0,-3.0,-45.0
1776886560.758103,7.0,-1.0,-44.0
1776886560.7681026,5.0,-2.0,-39.0
1776886560.7781026,2.0,-3.0,-31.0
1776886560.7881026,1.0,1.0,-34.0
1776886560.7981029,0.0,1.0,-33.0
1776886560.8081028,0.0,-3.0,-42.0
1776886560.8181028,-1.0,-2.0,-39.0
1776886560.8281028,-5.0,0.0,-42.0
1776886560.8381028,1.0,0.0,-40.0
1776886560.8481028,2.0,0.0,-36.0
1776886560.8581028,3.0,-2.0,-31.0
1776886560.8691027,0.0,-6.0,-35.0
1776886560.8791027,0.0,-7.0,-32.0
1776886560.8891027,0.0,-5.0,-31.0
1776886560.8991027,2.0,0.0,-30.0
1776886560.909103,5.0,-2.0,-26.0
1776886560.919103,4.0,0.0,-28.0
1776886560.929103,7.0,1.0,-25.0
1776886560.9391026,8.0,0.0,-26.0
1776886560.9491026,8.0,1.0,-23.0
1776886560.9591026,8.0,-1.0,-34.0
1776886560.9691026,9.0,0.0,-38.0
1776886560.9791028,8.0,1.0,-44.0
1776886560.9891028,1.0,2.0,-48.0
1776886560.9991028,0.0,5.0,-46.0
1776886561.0091028,-3.0,2.0,-41.0
1776886561.0191028,-5.0,3.0,-45.0
1776886561.0291028,-3.0,4.0,-50.0
1776886561.0391028,0.0,2.0,-52.0
1776886561.0491028,0.0,1.0,-56.0
1776886561.0591028,2.0,2.0,-51.0
1776886561.0691028,0.0,0.0,-46.0
1776886561.0791028,2.0,-1.0,-43.0
1776886561.0891027,1.0,1.0,-35.0
1776886561.0991027,0.0,3.0,-29.0
1776886561.1091027,-1.0,-1.0,-36.0
1776886561.1191027,0.0,-3.0,-36.0
1776886561.1291027,0.0,-4.0,-38.0
1776886561.1391027,-1.0,-6.0,-39.0
1776886561.1491027,0.0,-9.0,-38.0
1776886561.159103,1.0,-7.0,-41.0
1776886561.169103,3.0,-7.0,-41.0
1776886561.179103,3.0,-6.0,-34.0
1776886561.1891026,-2.0,-5.0,-35.0
1776886561.1991026,-4.0,-6.0,-36.0
1776886561.2091026,-2.0,-6.0,-41.0
1776886561.2191026,-3.0,-3.0,-39.0
1776886561.2291028,-6.0,-1.0,-41.0
1776886561.2391028,-5.0,0.0,-37.0
1776886561.2491028,-4.0,0.0,-31.0
1776886561.2591028,-2.0,-3.0,-30.0
1776886561.2691028,-1.0,-2.0,-37.0
1776886561.2791028,0.0,-3.0,-32.0
1776886561.2891028,0.0,-7.0,-32.0
1776886561.2991028,3.0,-7.0,-28.0
1776886561.3091028,1.0,-4.0,-27.0
1776886561.3191028,3.0,-3.0,-25.0
1776886561.3291028,9.0,-4.0,-28.0
1776886561.3391027,0.0,-7.0,-30.0
1776886561.3491027,-2.0,-5.0,-39.0
1776886561.3591027,-7.0,-5.0,-42.0
1776886561.3691027,-7.0,-8.0,-43.0
1776886561.3791027,-7.0,-1.0,-48.0
1776886561.3891027,-7.0,0.0,-47.0
1776886561.3991027,-6.0,-4.0,-44.0
1776886561.4101028,-5.0,-2.0,-46.0
1776886561.419103,-3.0,-1.0,-43.0
1776886561.429103,-3.0,2.0,-50.0
1776886561.4391026,-2.0,-2.0,-48.0
1776886561.4491026,-5.0,-3.0,-56.0
1776886561.4591026,1.0,-2.0,-51.0
1776886561.4691026,3.0,0.0,-40.0
1776886561.4791028,2.0,0.0,-36.0
1776886561.4891028,2.0,-1.0,-29.0
1776886561.4991028,0.0,-1.0,-30.0
1776886561.5091028,-1.0,2.0,-33.0
1776886561.5191028,0.0,2.0,-41.0
1776886561.5291028,1.0,0.0,-40.0
1776886561.5391028,1.0,1.0,-45.0
1776886561.5491028,3.0,0.0,-45.0
1776886561.5591028,5.0,0.0,-47.0
1776886561.5691028,6.0,-1.0,-42.0
1776886561.5791028,6.0,-4.0,-41.0
1776886561.5891027,2.0,-5.0,-37.0
1776886561.5991027,2.0,-2.0,-29.0
1776886561.6091027,-2.0,-2.0,-29.0
1776886561.6191027,-4.0,-2.0,-28.0
1776886561.6291027,0.0,0.0,-36.0
1776886561.6391027,-2.0,1.0,-34.0
1776886561.6491027,-7.0,-2.0,-31.0
1776886561.659103,-6.0,-4.0,-36.0
1776886561.669103,-1.0,-4.0,-40.0
1776886561.679103,-1.0,-3.0,-35.0
1776886561.6891026,1.0,-2.0,-29.0
1776886561.6991026,3.0,0.0,-26.0
1776886561.7091026,0.0,0.0,-37.0
1776886561.7191026,-3.0,1.0,-39.0
1776886561.7291028,-4.0,1.0,-40.0
1776886561.7391028,-4.0,1.0,-41.0
1776886561.7491028,-6.0,-1.0,-41.0
1776886561.7591028,-3.0,-1.0,-44.0
1776886561.7691028,-2.0,-2.0,-51.0
1776886561.7791028,0.0,0.0,-56.0
1776886561.7891028,1.0,2.0,-52.0
1776886561.7991028,2.0,4.0,-50.0
1776886561.8091028,2.0,2.0,-47.0
1776886561.8191028,3.0,-1.0,-58.0
1776886561.8291028,5.0,-2.0,-54.0
1776886561.8391027,3.0,-3.0,-60.0
1776886561.8491027,1.0,-1.0,-59.0
1776886561.8591027,3.0,-1.0,-56.0
1776886561.8691027,5.0,-3.0,-54.0
1776886561.8791027,4.0,-2.0,-48.0
1776886561.8891027,3.0,-2.0,-47.0
1776886561.8991027,4.0,-6.0,-43.0
1776886561.909103,3.0,-4.0,-40.0
1776886561.919103,0.0,-5.0,-44.0
1776886561.929103,-2.0,-5.0,-47.0
1776886561.9391026,-3.0,-5.0,-51.0
1776886561.9491026,-2.0,-7.0,-52.0
1776886561.9591026,-5.0,-5.0,-49.0
1776886561.9691026,-1.0,-6.0,-45.0
1776886561.9791028,-1.0,-9.0,-41.0
1776886561.9891028,3.0,-13.0,-40.0
1776886561.9991028,1.0,-6.0,-32.0
1776886562.0091028,0.0,0.0,-32.0
1776886562.0191028,-2.0,2.0,-28.0
1776886562.0291028,-2.0,2.0,-32.0
1776886562.0391028,-3.0,-1.0,-37.0
1776886562.0491028,-6.0,-1.0,-37.0
1776886562.0591028,-3.0,-4.0,-32.0
1776886562.0691028,-5.0,0.0,-31.0
1776886562.0791028,-5.0,-2.0,-25.0
1776886562.0891027,-5.0,0.0,-25.0
1776886562.0991027,-3.0,3.0,-33.0
1776886562.1091027,0.0,5.0,-35.0
1776886562.1191027,3.0,4.0,-38.0
1776886562.1291027,3.0,3.0,-40.0
1776886562.1391027,6.0,3.0,-44.0
1776886562.1491027,4.0,3.0,-45.0
1776886562.159103,1.0,0.0,-37.0
1776886562.169103,0.0,0.0,-42.0
1776886562.179103,-2.0,3.0,-36.0
1776886562.1891026,-3.0,1.0,-34.0
1776886562.1991026,-4.0,2.0,-35.0
1776886562.2091026,0.0,1.0,-34.0
1776886562.2191026,0.0,0.0,-36.0
1776886562.2291028,1.0,-3.0,-33.0
1776886562.2391028,7.0,-1.0,-29.0
1776886562.2491028,7.0,1.0,-30.0
1776886562.2591028,5.0,-1.0,-36.0
1776886562.2691028,7.0,-3.0,-33.0
1776886562.2791028,8.0,-5.0,-36.0
1776886562.2891028,4.0,-6.0,-35.0
1776886562.2991028,-1.0,-4.0,-39.0
1776886562.3091028,-3.0,-3.0,-42.0
1776886562.3191028,-6.0,-3.0,-46.0
1776886562.3291028,-9.0,0.0,-49.0
1776886562.3391027,-7.0,-3.0,-51.0
1776886562.3491027,-5.0,-2.0,-43.0
1776886562.3591027,-4.0,-1.0,-47.0
1776886562.3691027,-3.0,2.0,-50.0
1776886562.3791027,-7.0,4.0,-53.0
1776886562.3891027,-11.0,2.0,-58.0
1776886562.3991027,-7.0,4.0,-55.0
1776886562.409103,-4.0,2.0,-50.0
1776886562.419103,-3.0,6.0,-46.0
1776886562.429103,-2.0,3.0,-41.0
1776886562.4391026,2.0,5.0,-37.0
1776886562.4491026,1.0,2.0,-37.0
1776886562.4591026,0.0,2.0,-34.0
1776886562.4691026,2.0,2.0,-32.0
1776886562.4791028,0.0,2.0,-30.0
1776886562.4891028,3.0,1.0,-37.0
1776886562.4991028,5.0,2.0,-34.0
1776886562.5091028,3.0,0.0,-35.0
1776886562.5191028,3.0,3.0,-33.0
1776886562.5291028,0.0,1.0,-33.0
1776886562.5391028,0.0,5.0,-35.0
1776886562.5491028,-1.0,7.0,-42.0
1776886562.5591028,-5.0,5.0,-41.0
1776886562.5691028,-7.0,3.0,-36.0
1776886562.5791028,-7.0,0.0,-43.0
1776886562.5891027,-4.0,-1.0,-44.0
1776886562.5991027,-7.0,0.0,-46.0
1776886562.6091027,-7.0,3.0,-41.0
1776886562.6191027,-2.0,0.0,-40.0
1776886562.6291027,-1.0,0.0,-41.0
1776886562.6391027,-1.0,0.0,-37.0
1776886562.6491027,0.0,-4.0,-35.0
1776886562.659103,0.0,-6.0,-32.0
1776886562.669103,0.0,-6.0,-30.0
1776886562.679103,1.0,-6.0,-31.0
1776886562.6891026,0.0,-2.0,-30.0
1776886562.6991026,4.0,-4.0,-27.0
1776886562.7091026,8.0,-9.0,-29.0
1776886562.7191026,11.0,-7.0,-33.0
1776886562.7291028,11.0,-3.0,-36.0
1776886562.7391028,12.0,-2.0,-36.0
1776886562.7491028,14.0,1.0,-35.0
1776886562.7591028,8.0,4.0,-39.0
1776886562.7691028,8.0,2.0,-31.0
1776886562.7791028,3.0,2.0,-31.0
1776886562.7891028,-4.0,1.0,-30.0
1776886562.7991028,-5.0,0.0,-35.0
1776886562.8091028,-1.0,-1.0,-43.0
1776886562.8201027,0.0,2.0,-42.0
1776886562.8291028,2.0,4.0,-33.0
1776886562.8391027,5.0,3.0,-31.0
1776886562.850103,0.0,4.0,-28.0
1776886562.8591027,-1.0,0.0,-31.0
1776886562.8701026,1.0,0.0,-33.0
1776886562.8801026,0.0,-2.0,-29.0
1776886562.8901026,2.0,-6.0,-27.0
1776886562.9001029,0.0,-7.0,-34.0
1776886562.9101028,1.0,-8.0,-40.0
1776886562.9201028,2.0,-5.0,-44.0
1776886562.9301028,2.0,-3.0,-46.0
1776886562.9401028,-2.0,-6.0,-42.0
1776886562.9501028,-2.0,-11.0,-34.0
1776886562.9601028,1.0,-10.0,-41.0
1776886562.9701028,4.0,-6.0,-39.0
1776886562.9801028,3.0,-8.0,-41.0
1776886562.9901028,6.0,-5.0,-36.0
1776886563.0001028,6.0,-2.0,-36.0
1776886563.0101027,0.0,-3.0,-31.0
1776886563.0201027,-3.0,-2.0,-34.0
1776886563.0301027,-1.0,0.0,-33.0
1776886563.0401027,-4.0,-2.0,-35.0
1776886563.0501027,-3.0,-3.0,-43.0
1776886563.0601027,-3.0,-5.0,-40.0
1776886563.0701027,0.0,-2.0,-36.0
1776886563.0801027,0.0,0.0,-36.0
1776886563.090103,2.0,3.0,-37.0
1776886563.100103,-1.0,-3.0,-38.0
1776886563.110103,-1.0,-8.0,-39.0
1776886563.1201026,1.0,-3.0,-36.0
1776886563.1301026,0.0,-3.0,-27.0
1776886563.1401026,1.0,-6.0,-26.0
1776886563.1501029,-1.0,-3.0,-28.0
1776886563.1601028,1.0,-2.0,-33.0
1776886563.1701028,-1.0,-2.0,-38.0
1776886563.1801028,-3.0,0.0,-32.0
1776886563.1901028,-8.0,0.0,-32.0
1776886563.2001028,-8.0,-3.0,-35.0
1776886563.2101028,-10.0,-3.0,-30.0
1776886563.2201028,-6.0,-4.0,-30.0
1776886563.2301028,-3.0,-2.0,-36.0
1776886563.2401028,0.0,-2.0,-41.0
1776886563.2501028,-4.0,-3.0,-46.0
1776886563.2601027,-2.0,-4.0,-48.0
1776886563.2701027,-4.0,-4.0,-48.0
1776886563.2801027,-3.0,-5.0,-45.0
1776886563.2901027,0.0,-6.0,-44.0
1776886563.3001027,2.0,-7.0,-44.0
1776886563.3101027,4.0,-4.0,-47.0
1776886563.3201027,-2.0,-2.0,-45.0
1776886563.3301027,-1.0,-2.0,-37.0
1776886563.340103,-2.0,0.0,-33.0
1776886563.350103,2.0,0.0,-34.0
1776886563.360103,4.0,-2.0,-36.0
1776886563.3701026,2.0,-1.0,-38.0
1776886563.3801026,5.0,-4.0,-45.0
1776886563.3901026,0.0,0.0,-52.0
1776886563.4001029,-3.0,5.0,-54.0
1776886563.4101028,-8.0,4.0,-57.0
1776886563.4201028,-10.0,2.0,-55.0
1776886563.4301028,-6.0,0.0,-52.0
1776886563.4401028,-2.0,1.0,-54.0
1776886563.4501028,-1.0,2.0,-55.0
1776886563.4601028,4.0,0.0,-47.0
1776886563.4701028,3.0,-1.0,-44.0
1776886563.4801028,4.0,0.0,-46.0
1776886563.4901028,4.0,3.0,-45.0
1776886563.5001028,3.0,1.0,-43.0
1776886563.5101027,5.0,2.0,-42.0
1776886563.5201027,0.0,2.0,-41.0
1776886563.5301027,0.0,1.0,-42.0
1776886563.5401027,0.0,1.0,-45.0
1776886563.5501027,4.0,-1.0,-39.0
1776886563.5601027,1.0,-1.0,-31.0
1776886563.5701027,0.0,0.0,-39.0
1776886563.5801027,-1.0,0.0,-42.0
1776886563.590103,-5.0,1.0,-46.0
1776886563.600103,-7.0,-1.0,-45.0
1776886563.610103,-5.0,-2.0,-46.0
1776886563.6201026,-1.0,-3.0,-48.0
1776886563.6301026,3.0,-3.0,-44.0
1776886563.6401026,0.0,-6.0,-49.0
1776886563.6501029,2.0,-4.0,-52.0
1776886563.6601028,2.0,-1.0,-51.0
1776886563.6701028,3.0,-5.0,-45.0
1776886563.6801028,8.0,-3.0,-42.0
1776886563.6901028,5.0,-1.0,-35.0
1776886563.7001028,2.0,-4.0,-29.0
1776886563.7101028,2.0,-4.0,-30.0
1776886563.7201028,2.0,-1.0,-33.0
1776886563.7301028,5.0,-2.0,-30.0
1776886563.7401028,7.0,-1.0,-37.0
1776886563.7501028,10.0,0.0,-35.0
1776886563.7601027,6.0,-1.0,-37.0
1776886563.7701027,2.0,-1.0,-36.0
1776886563.7801027,4.0,-1.0,-32.0
1776886563.7901027,9.0,0.0,-30.0
1776886563.8001027,7.0,0.0,-28.0
1776886563.8101027,9.0,-3.0,-26.0
1776886563.8201027,5.0,-3.0,-35.0
1776886563.8301027,4.0,-4.0,-33.0
1776886563.840103,6.0,2.0,-38.0
1776886563.850103,3.0,5.0,-40.0
1776886563.860103,1.0,3.0,-36.0
1776886563.8701026,-1.0,0.0,-33.0
1776886563.8801026,-4.0,-2.0,-32.0
1776886563.8901026,-8.0,-3.0,-37.0
1776886563.9001029,-7.0,-3.0,-38.0
1776886563.9101028,-5.0,0.0,-44.0
1776886563.9201028,-4.0,-3.0,-48.0
1776886563.9301028,0.0,-7.0,-45.0
1776886563.9401028,0.0,-4.0,-40.0
1776886563.9501028,0.0,-2.0,-39.0
1776886563.9601028,3.0,-4.0,-41.0
1776886563.9701028,6.0,-2.0,-45.0
1776886563.9801028,6.0,-5.0,-40.0
1776886563.9901028,7.0,-5.0,-39.0
1776886564.0001028,5.0,-5.0,-38.0
1776886564.0101027,6.0,-5.0,-36.0
1776886564.0201027,6.0,-6.0,-29.0
1776886564.0301027,4.0,-8.0,-34.0
1776886564.0401027,2.0,-2.0,-37.0
1776886564.0501027,-2.0,2.0,-41.0
1776886564.0601027,0.0,1.0,-44.0
1776886564.0701027,0.0,1.0,-47.0
1776886564.0801027,4.0,2.0,-47.0
1776886564.090103,7.0,0.0,-47.0
1776886564.100103,2.0,-2.0,-50.0
1776886564.110103,1.0,-6.0,-51.0
1776886564.1201026,2.0,-5.0,-52.0
1776886564.1301026,-2.0,-8.0,-47.0
1776886564.1401026,-2.0,-4.0,-46.0
1776886564.1501029,-2.0,-6.0,-36.0
1776886564.1601028,-6.0,-6.0,-31.0
1776886564.1701028,-9.0,-7.0,-32.0
1776886564.1801028,-5.0,-4.0,-36.0
1776886564.1901028,-5.0,-7.0,-34.0
1776886564.2001028,-3.0,-4.0,-33.0
1776886564.2101028,-1.0,-2.0,-35.0
1776886564.2201028,0.0,-3.0,-42.0
1776886564.2301028,0.0,-3.0,-41.0
1776886564.2401028,1.0,0.0,-43.0
1776886564.2501028,6.0,0.0,-42.0
1776886564.2601027,7.0,-5.0,-42.0
1776886564.2701027,2.0,-5.0,-41.0
1776886564.2801027,-1.0,-4.0,-40.0
1776886564.2901027,-2.0,-2.0,-42.0
1776886564.3001027,-2.0,-5.0,-43.0
1776886564.3101027,0.0,-5.0,-38.0
1776886564.3201027,2.0,-6.0,-38.0
1776886564.3301027,0.0,-4.0,-32.0
1776886564.340103,0.0,-4.0,-37.0
1776886564.350103,1.0,-3.0,-28.0
1776886564.360103,0.0,0.0,-31.0
1776886564.3701026,1.0,-1.0,-35.0
1776886564.3801026,0.0,0.0,-35.0
1776886564.3901026,-2.0,-3.0,-34.0
1776886564.4001029,-2.0,-3.0,-35.0
1776886564.4101028,-3.0,-2.0,-44.0
1776886564.4201028,-4.0,-1.0,-53.0
1776886564.4301028,-2.0,-4.0,-42.0
1776886564.4401028,1.0,-2.0,-44.0
1776886564.4501028,1.0,-1.0,-43.0
1776886564.4601028,0.0,-2.0,-47.0
1776886564.4701028,0.0,-2.0,-50.0
1776886564.4801028,0.0,0.0,-53.0
1776886564.4901028,4.0,-2.0,-48.0
1776886564.5001028,3.0,-2.0,-53.0
1776886564.5101027,3.0,-2.0,-55.0
1776886564.5201027,3.0,0.0,-44.0
1776886564.5301027,-2.0,0.0,-36.0
1776886564.5401027,-3.0,-1.0,-32.0
1776886564.5501027,-7.0,0.0,-32.0
1776886564.5601027,-7.0,2.0,-34.0
1776886564.5701027,-5.0,1.0,-32.0
1776886564.5801027,-5.0,2.0,-42.0
1776886564.590103,-5.0,2.0,-41.0
1776886564.600103,-5.0,2.0,-39.0
1776886564.610103,-2.0,4.0,-40.0
1776886564.6201026,-1.0,8.0,-39.0
1776886564.6301026,0.0,5.0,-40.0
1776886564.6401026,2.0,1.0,-39.0
1776886564.6501029,4.0,-1.0,-41.0
1776886564.6601028,2.0,-2.0,-46.0
1776886564.6701028,3.0,-1.0,-45.0
1776886564.6801028,0.0,0.0,-37.0
1776886564.6901028,-4.0,0.0,-38.0
1776886564.7001028,0.0,-2.0,-35.0
1776886564.7101028,0.0,-3.0,-34.0
1776886564.7201028,0.0,-5.0,-33.0
1776886564.7301028,0.0,-5.0,-36.0
1776886564.7401028,-3.0,-7.0,-29.0
1776886564.7501028,-4.0,-5.0,-30.0
1776886564.7601027,-5.0,-6.0,-34.0
1776886564.7701027,-4.0,-4.0,-35.0
1776886564.7801027,0.0,-6.0,-38.0
1776886564.7901027,1.0,-7.0,-36.0
1776886564.8001027,4.0,-5.0,-29.0
1776886564.8101027,-2.0,-4.0,-33.0
1776886564.8201027,0.0,0.0,-37.0
1776886564.8311028,1.0,0.0,-29.0
1776886564.840103,5.0,-1.0,-32.0
1776886564.850103,5.0,-1.0,-44.0
1776886564.8611028,4.0,1.0,-47.0
1776886564.8711028,2.0,0.0,-44.0
1776886564.8811028,1.0,1.0,-45.0
1776886564.8911028,4.0,5.0,-48.0
1776886564.9011028,2.0,2.0,-38.0
1776886564.9111028,7.0,0.0,-32.0
1776886564.9211028,5.0,-2.0,-31.0
1776886564.9311028,3.0,-1.0,-31.0
1776886564.9411027,6.0,-2.0,-28.0
1776886564.9511027,2.0,1.0,-33.0
1776886564.9611027,0.0,5.0,-32.0
1776886564.9711027,0.0,7.0,-40.0
1776886564.9811027,3.0,4.0,-41.0
1776886564.9911027,4.0,-2.0,-44.0
1776886565.0011027,-1.0,-5.0,-38.0
1776886565.011103,-5.0,-6.0,-39.0
1776886565.021103,-5.0,-11.0,-39.0
1776886565.031103,-5.0,-8.0,-36.0
1776886565.0411026,-3.0,-10.0,-37.0
1776886565.0511026,-6.0,-8.0,-41.0
1776886565.0611026,-4.0,-5.0,-43.0
1776886565.0711029,-2.0,-3.0,-40.0
1776886565.0811028,-2.0,-2.0,-36.0
1776886565.0911028,-3.0,-4.0,-35.0
1776886565.1011028,1.0,-8.0,-33.0
1776886565.1111028,1.0,-7.0,-32.0
1776886565.1211028,1.0,-8.0,-37.0
1776886565.1311028,0.0,-6.0,-37.0
1776886565.1411028,0.0,-4.0,-36.0
1776886565.1511028,-2.0,-5.0,-36.0
1776886565.1611028,-4.0,-1.0,-41.0
1776886565.1711028,-7.0,0.0,-39.0
1776886565.1811028,-3.0,1.0,-40.0
1776886565.1911027,0.0,0.0,-41.0
1776886565.2011027,-1.0,2.0,-38.0
1776886565.2111027,0.0,3.0,-36.0
1776886565.2211027,-1.0,2.0,-35.0
1776886565.2311027,0.0,2.0,-32.0
1776886565.2411027,0.0,-2.0,-41.0
1776886565.2511027,3.0,-1.0,-46.0
1776886565.261103,5.0,-4.0,-53.0
1776886565.271103,3.0,0.0,-58.0
1776886565.281103,1.0,0.0,-49.0
1776886565.2911026,0.0,2.0,-49.0
1776886565.3011026,-1.0,0.0,-46.0
1776886565.3111026,-2.0,-1.0,-46.0
1776886565.3211029,-4.0,-1.0,-45.0
1776886565.3311028,-9.0,2.0,-41.0
1776886565.3411028,-4.0,6.0,-41.0
1776886565.3511028,-5.0,8.0,-43.0
1776886565.3611028,-2.0,4.0,-39.0
1776886565.3711028,0.0,2.0,-33.0
1776886565.3811028,0.0,2.0,-36.0
1776886565.3911028,-7.0,-1.0,-33.0
1776886565.4011028,-7.0,0.0,-28.0
1776886565.4111028,-6.0,4.0,-32.0
1776886565.4211028,-6.0,5.0,-33.0
1776886565.4311028,-5.0,4.0,-29.0
1776886565.4411027,-5.0,-1.0,-35.0
1776886565.4511027,-3.0,-2.0,-36.0
1776886565.4611027,0.0,-1.0,-34.0
1776886565.4711027,0.0,-1.0,-29.0
1776886565.4811027,0.0,0.0,-35.0
1776886565.4911027,-7.0,1.0,-34.0
1776886565.5011027,-9.0,-2.0,-26.0
1776886565.511103,-6.0,-3.0,-33.0
1776886565.521103,-9.0,-1.0,-34.0
1776886565.531103,-6.0,0.0,-35.0
1776886565.5411026,-4.0,-1.0,-34.0
1776886565.5511026,-1.0,0.0,-35.0
1776886565.5611026,0.0,-4.0,-32.0
1776886565.5711029,0.0,-4.0,-36.0
1776886565.5811028,0.0,-2.0,-41.0
1776886565.5911028,-5.0,0.0,-36.0
1776886565.6011028,1.0,-3.0,-37.0
1776886565.6111028,0.0,-7.0,-38.0
1776886565.6211028,-3.0,-4.0,-40.0
1776886565.6311028,0.0,-1.0,-36.0
1776886565.6411028,-4.0,-2.0,-37.0
1776886565.6511028,-1.0,-4.0,-40.0
1776886565.6611028,-1.0,-4.0,-42.0
1776886565.6711028,-2.0,-2.0,-40.0
1776886565.6811028,-1.0,-1.0,-46.0
1776886565.6911027,-2.0,-1.0,-46.0
1776886565.7011027,-1.0,-1.0,-48.0
1776886565.7111027,-2.0,0.0,-43.0
1776886565.7211027,0.0,3.0,-44.0
1776886565.7311027,2.0,4.0,-43.0
1776886565.7411027,-4.0,-1.0,-41.0
1776886565.7511027,-8.0,3.0,-47.0
1776886565.761103,-6.0,1.0,-49.0
1776886565.771103,-6.0,0.0,-49.0
1776886565.781103,-7.0,1.0,-49.0
1776886565.7911026,-3.0,0.0,-45.0
1776886565.8011026,-2.0,-2.0,-45.0
1776886565.8111026,-3.0,0.0,-43.0
1776886565.8211029,-4.0,-2.0,-39.0
1776886565.8311028,-3.0,0.0,-44.0
1776886565.8411028,-3.0,-3.0,-42.0
1776886565.8511028,-4.0,-4.0,-33.0
1776886565.8611028,-2.0,-6.0,-31.0
1776886565.8711028,-2.0,-5.0,-27.0
1776886565.8811028,1.0,-4.0,-26.0
1776886565.8911028,3.0,-5.0,-31.0
1776886565.9011028,4.0,-1.0,-35.0
1776886565.9111028,8.0,3.0,-36.0
1776886565.9211028,7.0,2.0,-38.0
1776886565.9311028,7.0,0.0,-40.0
1776886565.9411027,7.0,-3.0,-41.0
1776886565.9511027,9.0,-3.0,-48.0
1776886565.9611027,8.0,-7.0,-46.0
1776886565.9711027,8.0,-9.0,-51.0
1776886565.9811027,5.0,-9.0,-54.0
1776886565.9911027,6.0,-5.0,-46.0
1776886566.0011027,2.0,-1.0,-42.0
1776886566.011103,2.0,0.0,-44.0
1776886566.021103,4.0,3.0,-44.0
1776886566.031103,3.0,4.0,-38.0
1776886566.0411026,2.0,-1.0,-34.0
1776886566.0511026,3.0,-3.0,-28.0
1776886566.0611026,2.0,-2.0,-32.0
1776886566.0711029,-2.0,0.0,-39.0
1776886566.0811028,-2.0,1.0,-49.0
1776886566.0911028,1.0,0.0,-47.0
1776886566.1011028,0.0,-3.0,-40.0
1776886566.1111028,0.0,-3.0,-44.0
1776886566.1211028,-1.0,-5.0,-37.0
1776886566.1311028,0.0,-1.0,-30.0
1776886566.1411028,2.0,-4.0,-27.0
1776886566.1511028,3.0,-2.0,-29.0
1776886566.1611028,1.0,0.0,-29.0
1776886566.1711028,-1.0,-2.0,-31.0
1776886566.1811028,0.0,-4.0,-36.0
1776886566.1911027,2.0,-2.0,-33.0
1776886566.2011027,5.0,-1.0,-31.0
1776886566.2111027,4.0,1.0,-31.0
1776886566.2211027,0.0,4.0,-30.0
1776886566.2311027,0.0,4.0,-34.0
1776886566.2411027,1.0,0.0,-36.0
1776886566.2511027,0.0,0.0,-34.0
1776886566.261103,1.0,1.0,-36.0
1776886566.271103,5.0,2.0,-37.0
1776886566.281103,8.0,3.0,-36.0
1776886566.2911026,4.0,2.0,-35.0
1776886566.3011026,1.0,0.0,-34.0
1776886566.3111026,4.0,1.0,-25.0
1776886566.3211029,9.0,0.0,-26.0
1776886566.3311028,5.0,-2.0,-27.0
1776886566.3411028,7.0,0.0,-34.0
1776886566.3511028,3.0,-5.0,-34.0
1776886566.3611028,0.0,-7.0,-39.0
1776886566.3711028,2.0,-3.0,-38.0
1776886566.3811028,0.0,-1.0,-37.0
1776886566.3911028,0.0,0.0,-38.0
1776886566.4011028,-8.0,-2.0,-40.0
1776886566.4111028,-7.0,-1.0,-43.0
1776886566.4211028,0.0,-4.0,-43.0
1776886566.4311028,-1.0,-3.0,-42.0
1776886566.4411027,0.0,0.0,-41.0
1776886566.4511027,-2.0,-4.0,-44.0
1776886566.4611027,0.0,-2.0,-36.0
1776886566.4711027,-2.0,1.0,-34.0
1776886566.4811027,2.0,0.0,-30.0
1776886566.4911027,3.0,-2.0,-36.0
1776886566.5011027,5.0,-1.0,-27.0
1776886566.511103,2.0,-8.0,-18.0
1776886566.521103,6.0,-8.0,-13.0
1776886566.531103,4.0,-9.0,-17.0
1776886566.5411026,1.0,-6.0,-23.0
1776886566.5511026,1.0,-8.0,-29.0
1776886566.5611026,0.0,-5.0,-35.0
1776886566.5711029,0.0,0.0,-38.0
1776886566.5811028,-1.0,0.0,-38.0
1776886566.5911028,3.0,-3.0,-41.0
1776886566.6011028,1.0,-2.0,-44.0
1776886566.6111028,2.0,-5.0,-40.0
1776886566.6211028,2.0,-3.0,-42.0
1776886566.6311028,4.0,-3.0,-46.0
1776886566.6411028,3.0,-3.0,-41.0
1776886566.6511028,3.0,-5.0,-35.0
1776886566.6611028,3.0,-5.0,-40.0
1776886566.6711028,3.0,-6.0,-37.0
1776886566.6811028,2.0,-4.0,-44.0
1776886566.6911027,4.0,-3.0,-47.0
1776886566.7011027,2.0,-2.0,-52.0
1776886566.7111027,5.0,-2.0,-52.0
1776886566.7211027,9.0,0.0,-44.0
1776886566.7311027,7.0,-1.0,-47.0
1776886566.7411027,0.0,-4.0,-51.0
1776886566.7511027,0.0,3.0,-46.0
1776886566.761103,0.0,2.0,-48.0
1776886566.771103,5.0,0.0,-43.0
1776886566.781103,7.0,0.0,-50.0
1776886566.7911026,7.0,0.0,-44.0
1776886566.8011026,6.0,1.0,-44.0
1776886566.8111026,3.0,4.0,-44.0
1776886566.8211029,8.0,5.0,-43.0
1776886566.8311028,8.0,5.0,-49.0
1776886566.8411028,7.0,5.0,-51.0
1776886566.8511028,5.0,3.0,-55.0
1776886566.8611028,0.0,4.0,-57.0
1776886566.8721027,-5.0,4.0,-51.0
1776886566.8821027,-8.0,0.0,-49.0
1776886566.8921027,-8.0,1.0,-50.0
1776886566.9021027,-4.0,3.0,-50.0
1776886566.9121027,-6.0,2.0,-51.0
1776886566.9221027,-3.0,-2.0,-46.0
1776886566.932103,1.0,-1.0,-37.0
1776886566.942103,2.0,-3.0,-35.0
1776886566.952103,1.0,-2.0,-36.0
1776886566.962103,2.0,0.0,-38.0
1776886566.9721026,0.0,0.0,-39.0
1776886566.9821026,3.0,0.0,-36.0
1776886566.9921026,8.0,-1.0,-47.0
1776886567.0021029,6.0,-2.0,-46.0
1776886567.0121028,3.0,-3.0,-42.0
1776886567.0221028,3.0,-5.0,-45.0
1776886567.0321028,4.0,-4.0,-37.0
1776886567.0421028,3.0,-1.0,-36.0
1776886567.0521028,4.0,2.0,-37.0
1776886567.0621028,4.0,4.0,-39.0
1776886567.0721028,6.0,1.0,-38.0
1776886567.0821028,7.0,-1.0,-42.0
1776886567.0921028,2.0,0.0,-38.0
1776886567.1021028,2.0,-1.0,-42.0
1776886567.1121027,2.0,-6.0,-45.0
1776886567.1221027,1.0,-6.0,-38.0
1776886567.1321027,3.0,-4.0,-37.0
1776886567.1421027,6.0,-6.0,-47.0
1776886567.1521027,3.0,-3.0,-48.0
1776886567.1621027,3.0,0.0,-45.0
1776886567.1721027,4.0,-4.0,-42.0
1776886567.182103,2.0,-3.0,-37.0
1776886567.192103,2.0,-5.0,-39.0
1776886567.202103,5.0,1.0,-37.0
1776886567.212103,6.0,0.0,-34.0
1776886567.2221026,6.0,-1.0,-30.0
1776886567.2321026,5.0,-2.0,-33.0
1776886567.2421026,5.0,2.0,-36.0
1776886567.2521029,7.0,3.0,-36.0
1776886567.2621028,7.0,-2.0,-36.0
1776886567.2721028,5.0,-4.0,-38.0
1776886567.2821028,2.0,-5.0,-33.0
1776886567.2921028,0.0,-6.0,-30.0
1776886567.3021028,-2.0,-5.0,-31.0
1776886567.3121028,0.0,-8.0,-33.0
1776886567.3221028,0.0,-5.0,-42.0
1776886567.3321028,0.0,-1.0,-41.0
1776886567.3421028,0.0,0.0,-35.0
1776886567.3521028,0.0,-3.0,-32.0
1776886567.3621027,-1.0,-2.0,-25.0
1776886567.3721027,0.0,-1.0,-27.0
1776886567.3821027,2.0,-1.0,-32.0
1776886567.3921027,0.0,-2.0,-35.0
1776886567.4021027,4.0,-2.0,-38.0
1776886567.4121027,4.0,0.0,-41.0
1776886567.4221027,2.0,-2.0,-44.0
1776886567.432103,4.0,-1.0,-50.0
1776886567.442103,6.0,0.0,-51.0
1776886567.452103,6.0,0.0,-48.0
1776886567.462103,1.0,-2.0,-44.0
1776886567.4721026,0.0,-2.0,-43.0
1776886567.4821026,-1.0,1.0,-43.0
1776886567.4921026,0.0,0.0,-35.0
1776886567.5021029,2.0,-1.0,-29.0
1776886567.5121028,4.0,0.0,-32.0
1776886567.5221028,3.0,-2.0,-34.0
1776886567.5321028,2.0,-7.0,-36.0
1776886567.5421028,0.0,-7.0,-37.0
1776886567.5521028,1.0,-4.0,-33.0
1776886567.5621028,3.0,-8.0,-32.0
1776886567.5721028,3.0,-6.0,-37.0
1776886567.5821028,5.0,-9.0,-42.0
1776886567.5921028,6.0,-6.0,-49.0
1776886567.6021028,7.0,-6.0,-48.0
1776886567.6121027,3.0,-6.0,-40.0
1776886567.6221027,6.0,-4.0,-40.0
1776886567.6321027,7.0,-3.0,-39.0
1776886567.6421027,6.0,-3.0,-34.0
1776886567.6521027,7.0,-8.0,-39.0
1776886567.6621027,6.0,-6.0,-48.0
1776886567.6721027,4.0,-5.0,-46.0
1776886567.682103,6.0,-4.0,-46.0
1776886567.692103,2.0,5.0,-41.0
1776886567.702103,-1.0,2.0,-39.0
1776886567.712103,1.0,-1.0,-34.0
1776886567.7221026,-4.0,-2.0,-38.0
1776886567.7321026,-4.0,-2.0,-39.0
1776886567.7421026,-4.0,-2.0,-37.0
1776886567.7521029,0.0,-3.0,-46.0
1776886567.7621028,6.0,1.0,-41.0
1776886567.7721028,9.0,3.0,-38.0
1776886567.7821028,6.0,3.0,-33.0
1776886567.7921028,3.0,1.0,-32.0
1776886567.8021028,1.0,3.0,-36.0
1776886567.8121028,0.0,6.0,-33.0
1776886567.8221028,0.0,3.0,-37.0
1776886567.8321028,-3.0,0.0,-40.0
1776886567.8421028,0.0,-4.0,-40.0
1776886567.8521028,-1.0,-3.0,-44.0
1776886567.8621027,-3.0,-2.0,-43.0
1776886567.8721027,2.0,2.0,-48.0
1776886567.8821027,1.0,2.0,-47.0
1776886567.8921027,5.0,0.0,-45.0
1776886567.9021027,1.0,-3.0,-47.0
1776886567.9121027,0.0,-3.0,-39.0
1776886567.9221027,-1.0,-2.0,-37.0
1776886567.932103,-2.0,-6.0,-41.0
1776886567.942103,-4.0,-5.0,-41.0
1776886567.952103,-6.0,-7.0,-40.0
1776886567.962103,-4.0,-6.0,-37.0
1776886567.9721026,0.0,-6.0,-34.0
1776886567.9821026,4.0,-5.0,-32.0
1776886567.9921026,0.0,-4.0,-39.0
1776886568.0021029,2.0,-4.0,-42.0
1776886568.0121028,-1.0,-3.0,-36.0
1776886568.0221028,2.0,-5.0,-39.0
1776886568.0321028,0.0,-5.0,-37.0
1776886568.0421028,0.0,-3.0,-41.0
1776886568.0521028,3.0,-3.0,-44.0
1776886568.0621028,0.0,-3.0,-41.0
1776886568.0721028,-4.0,3.0,-36.0
1776886568.0821028,0.0,1.0,-34.0
1776886568.0921028,4.0,-4.0,-36.0
1776886568.1021028,3.0,-3.0,-33.0
1776886568.1121027,4.0,-7.0,-34.0
1776886568.1221027,2.0,-6.0,-35.0
1776886568.1321027,1.0,-6.0,-33.0
1776886568.1421027,1.0,-4.0,-31.0
1776886568.1521027,0.0,-6.0,-32.0
1776886568.1621027,0.0,-2.0,-38.0
1776886568.1721027,-2.0,-6.0,-34.0
1776886568.182103,0.0,-6.0,-32.0
1776886568.192103,5.0,-5.0,-35.0
1776886568.202103,4.0,-4.0,-33.0
1776886568.212103,2.0,-7.0,-34.0
1776886568.2221026,5.0,-5.0,-31.0
1776886568.2321026,10.0,-7.0,-34.0
1776886568.2421026,9.0,-3.0,-32.0
1776886568.2521029,8.0,-5.0,-32.0
1776886568.2621028,1.0,-6.0,-30.0
1776886568.2721028,3.0,-2.0,-31.0
1776886568.2821028,5.0,-3.0,-31.0
1776886568.2921028,4.0,-2.0,-34.0
1776886568.3021028,2.0,-5.0,-39.0
1776886568.3121028,2.0,-6.0,-33.0
1776886568.3221028,0.0,-2.0,-31.0
1776886568.3321028,-4.0,-1.0,-30.0
1776886568.3421028,-1.0,-3.0,-33.0
1776886568.3521028,2.0,-3.0,-37.0
1776886568.3621027,1.0,-2.0,-43.0
1776886568.3721027,0.0,-2.0,-45.0
1776886568.3821027,0.0,-2.0,-52.0
1776886568.3921027,-2.0,-1.0,-51.0
1776886568.4021027,0.0,-3.0,-49.0
1776886568.4121027,4.0,-2.0,-37.0
1776886568.4221027,2.0,-3.0,-41.0
1776886568.432103,4.0,-3.0,-42.0
1776886568.442103,2.0,-5.0,-41.0
1776886568.452103,3.0,0.0,-43.0
1776886568.462103,1.0,-1.0,-38.0
1776886568.4721026,3.0,-2.0,-40.0
1776886568.4821026,6.0,-2.0,-39.0
1776886568.4921026,5.0,-5.0,-40.0
1776886568.5021029,7.0,-7.0,-46.0
1776886568.5121028,3.0,-5.0,-45.0
1776886568.5221028,2.0,-9.0,-42.0
1776886568.5321028,4.0,-11.0,-39.0
1776886568.5421028,1.0,-12.0,-48.0
1776886568.5521028,-4.0,-15.0,-55.0
1776886568.5621028,-5.0,-11.0,-57.0
1776886568.5721028,-7.0,-6.0,-57.0
1776886568.5821028,-8.0,-2.0,-53.0
1776886568.5921028,-8.0,-1.0,-45.0
1776886568.6021028,-9.0,-4.0,-38.0
1776886568.6121027,-13.0,-12.0,-38.0
1776886568.6221027,-15.0,-11.0,-46.0
1776886568.6321027,-15.0,-7.0,-44.0
1776886568.6421027,-11.0,-8.0,-42.0
1776886568.6521027,-11.0,-5.0,-37.0
1776886568.6621027,-9.0,-5.0,-37.0
1776886568.6721027,-8.0,-4.0,-39.0
1776886568.682103,-7.0,-5.0,-35.0
1776886568.692103,-2.0,0.0,-42.0
1776886568.702103,-2.0,5.0,-37.0
1776886568.712103,-4.0,7.0,-39.0
1776886568.7221026,-7.0,5.0,-37.0
1776886568.7321026,-3.0,-1.0,-33.0
1776886568.7421026,-3.0,-1.0,-40.0
1776886568.7521029,1.0,0.0,-39.0
1776886568.7621028,1.0,0.0,-39.0
1776886568.7721028,0.0,4.0,-39.0
1776886568.7821028,3.0,3.0,-37.0
1776886568.7921028,6.0,1.0,-40.0
1776886568.8031027,3.0,2.0,-36.0
1776886568.8121028,3.0,1.0,-35.0
1776886568.8231027,3.0,0.0,-38.0
1776886568.8331027,0.0,-3.0,-40.0
1776886568.8421028,2.0,-2.0,-37.0
1776886568.8531027,3.0,-3.0,-37.0
1776886568.863103,1.0,-3.0,-41.0
1776886568.873103,3.0,-3.0,-41.0
1776886568.883103,2.0,-2.0,-41.0
1776886568.8931026,0.0,-2.0,-43.0
1776886568.9031026,0.0,1.0,-43.0
1776886568.9131026,1.0,2.0,-40.0
1776886568.9231029,3.0,-1.0,-43.0
1776886568.9331028,5.0,-3.0,-42.0
1776886568.9431028,6.0,-4.0,-41.0
1776886568.9531028,1.0,-6.0,-42.0
1776886568.9631028,0.0,-7.0,-44.0
1776886568.9731028,3.0,-9.0,-45.0
1776886568.9831028,4.0,-8.0,-43.0
1776886568.9931028,1.0,-8.0,-49.0
1776886569.0031028,2.0,-8.0,-46.0
1776886569.0131028,0.0,-9.0,-45.0
1776886569.0231028,0.0,-9.0,-40.0
1776886569.0331028,1.0,-9.0,-48.0
1776886569.0431027,0.0,-7.0,-45.0
1776886569.0531027,0.0,-4.0,-40.0
1776886569.0631027,0.0,-3.0,-35.0
1776886569.0731027,-4.0,1.0,-34.0
1776886569.0831027,-8.0,3.0,-41.0
1776886569.0931027,-5.0,6.0,-36.0
1776886569.1031027,-5.0,5.0,-42.0
1776886569.113103,-4.0,2.0,-46.0
1776886569.123103,-3.0,-1.0,-47.0
1776886569.133103,-1.0,-5.0,-49.0
1776886569.1431026,-1.0,-8.0,-58.0
1776886569.1531026,0.0,-8.0,-53.0
1776886569.1631026,-3.0,-9.0,-51.0
1776886569.1731029,-3.0,-9.0,-47.0
1776886569.1831028,-1.0,-5.0,-49.0
1776886569.1931028,2.0,-3.0,-37.0
1776886569.2031028,2.0,-4.0,-36.0
1776886569.2131028,7.0,-4.0,-43.0
1776886569.2231028,8.0,-1.0,-40.0
1776886569.2331028,8.0,-1.0,-37.0
1776886569.2431028,2.0,0.0,-33.0
1776886569.2531028,0.0,-1.0,-29.0
1776886569.2631028,5.0,-3.0,-33.0
1776886569.2731028,6.0,0.0,-27.0
1776886569.2831028,4.0,1.0,-22.0
1776886569.2931027,3.0,2.0,-24.0
1776886569.3031027,3.0,3.0,-25.0
1776886569.3131027,0.0,2.0,-29.0
1776886569.3231027,3.0,1.0,-34.0
1776886569.3331027,0.0,0.0,-37.0
1776886569.3431027,-1.0,0.0,-40.0
1776886569.3531027,-1.0,-1.0,-44.0
1776886569.363103,-1.0,-4.0,-37.0
1776886569.373103,-6.0,-2.0,-36.0
1776886569.383103,-5.0,-2.0,-38.0
1776886569.3931026,0.0,-2.0,-41.0
1776886569.4031026,1.0,-6.0,-41.0
1776886569.4131026,3.0,-8.0,-38.0
1776886569.4231029,3.0,-4.0,-40.0
1776886569.4331028,2.0,-3.0,-43.0
1776886569.4431028,-5.0,-2.0,-49.0
1776886569.4531028,-1.0,-4.0,-46.0
1776886569.4631028,-2.0,-6.0,-43.0
1776886569.4731028,-2.0,-7.0,-46.0
1776886569.4831028,2.0,0.0,-43.0
1776886569.4931028,4.0,2.0,-43.0
1776886569.5031028,4.0,0.0,-37.0
1776886569.5131028,5.0,-3.0,-39.0
1776886569.5231028,1.0,-1.0,-40.0
1776886569.5331028,2.0,-3.0,-41.0
1776886569.5431027,0.0,-5.0,-43.0
1776886569.5531027,-1.0,-5.0,-47.0
1776886569.5631027,-4.0,-5.0,-39.0
1776886569.5731027,-3.0,-7.0,-31.0
1776886569.5831027,3.0,-5.0,-29.0
1776886569.5931027,0.0,-4.0,-35.0
1776886569.6031027,0.0,-5.0,-35.0
1776886569.613103,-2.0,-5.0,-36.0
1776886569.623103,0.0,-2.0,-34.0
1776886569.633103,-1.0,-3.0,-37.0
1776886569.6431026,-1.0,-1.0,-36.0
1776886569.6531026,-5.0,2.0,-38.0
1776886569.6631026,-10.0,4.0,-30.0
1776886569.6731029,-7.0,4.0,-28.0
1776886569.6831028,-1.0,7.0,-35.0
1776886569.6931028,-1.0,7.0,-37.0
1776886569.7031028,0.0,1.0,-33.0
1776886569.7131028,0.0,1.0,-31.0
1776886569.7231028,-1.0,3.0,-36.0
1776886569.7331028,1.0,0.0,-38.0
1776886569.7431028,6.0,-1.0,-48.0
1776886569.7531028,6.0,-3.0,-46.0
1776886569.7631028,4.0,-4.0,-43.0
1776886569.7731028,-2.0,-9.0,-39.0
1776886569.7831028,0.0,-6.0,-36.0
1776886569.7931027,-3.0,-3.0,-40.0
1776886569.8031027,0.0,-1.0,-37.0
1776886569.8131027,0.0,0.0,-36.0
1776886569.8231027,1.0,-1.0,-41.0
1776886569.8331027,0.0,0.0,-39.0
1776886569.8431027,3.0,0.0,-42.0
1776886569.8531027,4.0,-1.0,-41.0
1776886569.863103,0.0,2.0,-40.0
1776886569.873103,-2.0,5.0,-37.0
1776886569.883103,-2.0,3.0,-33.0
1776886569.8931026,-2.0,3.0,-41.0
1776886569.9031026,-1.0,0.0,-42.0
1776886569.9131026,0.0,1.0,-43.0
1776886569.9231029,1.0,0.0,-43.0
1776886569.9331028,1.0,-2.0,-40.0
1776886569.9431028,3.0,-2.0,-47.0
1776886569.9531028,0.0,0.0,-51.0
1776886569.9631028,-2.0,1.0,-53.0
1776886569.9731028,-4.0,1.0,-48.0
1776886569.9831028,0.0,2.0,-52.0
1776886569.9931028,4.0,-1.0,-56.0
1776886570.0031028,3.0,0.0,-45.0
1776886570.0131028,2.0,-2.0,-44.0
1776886570.0231028,-2.0,-3.0,-42.0
1776886570.0331028,-3.0,-3.0,-39.0
1776886570.0431027,0.0,-1.0,-39.0
1776886570.0531027,1.0,-5.0,-40.0
1776886570.0631027,-3.0,-4.0,-40.0
1776886570.0731027,-2.0,-4.0,-40.0
1776886570.0831027,-3.0,-5.0,-31.0
1776886570.0931027,-9.0,-2.0,-33.0
1776886570.1031027,-10.0,-3.0,-43.0
1776886570.113103,-10.0,0.0,-47.0
1776886570.123103,-4.0,0.0,-47.0
1776886570.133103,-6.0,2.0,-44.0
1776886570.1431026,-6.0,1.0,-37.0
1776886570.1531026,-7.0,0.0,-35.0
1776886570.1631026,-8.0,-2.0,-33.0
1776886570.1731029,-5.0,-1.0,-31.0
1776886570.1831028,-7.0,-2.0,-39.0
1776886570.1931028,0.0,-5.0,-44.0
1776886570.2031028,0.0,-4.0,-48.0
1776886570.2131028,2.0,-4.0,-51.0
1776886570.2231028,1.0,-3.0,-50.0
1776886570.2331028,-1.0,-2.0,-59.0
1776886570.2431028,0.0,-5.0,-62.0
1776886570.2531028,4.0,-4.0,-57.0
1776886570.2631028,5.0,-1.0,-59.0
1776886570.2731028,4.0,2.0,-56.0
1776886570.2831028,3.0,1.0,-46.0
1776886570.2931027,10.0,0.0,-47.0
1776886570.3031027,1.0,-3.0,-50.0
1776886570.3131027,0.0,-2.0,-50.0
1776886570.3231027,-4.0,0.0,-45.0
1776886570.3331027,-1.0,3.0,-41.0
1776886570.3431027,2.0,4.0,-35.0
1776886570.3531027,1.0,2.0,-39.0
1776886570.363103,3.0,4.0,-34.0
1776886570.373103,2.0,2.0,-36.0
1776886570.383103,4.0,-1.0,-31.0
1776886570.3931026,6.0,-3.0,-33.0
1776886570.4031026,7.0,-4.0,-32.0
1776886570.4131026,2.0,-1.0,-37.0
1776886570.4231029,1.0,-7.0,-41.0
1776886570.4331028,3.0,-8.0,-46.0
1776886570.4431028,5.0,-9.0,-44.0
1776886570.4531028,4.0,-6.0,-42.0
1776886570.4631028,4.0,-6.0,-43.0
1776886570.4731028,0.0,-4.0,-40.0
1776886570.4831028,1.0,-1.0,-37.0
1776886570.4931028,2.0,-2.0,-40.0
1776886570.5031028,3.0,-3.0,-42.0
1776886570.5131028,4.0,-1.0,-43.0
1776886570.5231028,1.0,0.0,-43.0
1776886570.5331028,0.0,0.0,-41.0
1776886570.5431027,-5.0,0.0,-40.0
1776886570.5531027,-4.0,0.0,-37.0
1776886570.5631027,-1.0,1.0,-33.0
1776886570.5731027,0.0,0.0,-38.0
1776886570.5831027,-2.0,-4.0,-48.0
1776886570.5931027,0.0,-4.0,-51.0
1776886570.6031027,-1.0,-4.0,-46.0
1776886570.613103,-3.0,-1.0,-51.0
1776886570.623103,-4.0,1.0,-45.0
1776886570.633103,0.0,0.0,-43.0
1776886570.6431026,2.0,0.0,-39.0
1776886570.6531026,1.0,1.0,-39.0
1776886570.6631026,0.0,-3.0,-38.0
1776886570.6731029,2.0,0.0,-42.0
1776886570.6831028,2.0,2.0,-43.0
1776886570.6931028,2.0,0.0,-41.0
1776886570.7031028,-1.0,-4.0,-38.0
1776886570.7131028,-2.0,-5.0,-37.0
1776886570.7231028,-3.0,-6.0,-39.0
1776886570.7331028,-1.0,-4.0,-41.0
1776886570.7431028,1.0,-3.0,-39.0
1776886570.7531028,-1.0,0.0,-39.0
1776886570.7631028,-1.0,2.0,-41.0
1776886570.7731028,1.0,3.0,-41.0
1776886570.7831028,-1.0,4.0,-42.0
1776886570.7931027,-3.0,5.0,-47.0
1776886570.8031027,-4.0,4.0,-50.0
1776886570.8131027,-1.0,0.0,-47.0
1776886570.8231027,0.0,-1.0,-50.0
1776886570.8341026,-2.0,2.0,-42.0
1776886570.8431027,-2.0,2.0,-38.0
1776886570.8541028,-2.0,3.0,-35.0
1776886570.8641028,-1.0,4.0,-34.0
1776886570.8741028,4.0,6.0,-32.0
1776886570.8841028,6.0,5.0,-38.0
1776886570.8941028,5.0,8.0,-40.0
1776886570.9041028,5.0,7.0,-46.0
1776886570.9141028,3.0,5.0,-38.0
1776886570.9241028,3.0,3.0,-38.0
1776886570.9341028,3.0,-1.0,-40.0
1776886570.9441028,1.0,-2.0,-40.0
1776886570.9541028,4.0,3.0,-41.0
1776886570.9641027,9.0,5.0,-38.0
1776886570.9741027,9.0,6.0,-35.0
1776886570.9841027,6.0,9.0,-32.0
1776886570.9941027,5.0,8.0,-36.0
1776886571.0041027,5.0,2.0,-37.0
1776886571.0141027,1.0,4.0,-41.0
1776886571.0241027,1.0,5.0,-52.0
1776886571.034103,1.0,6.0,-50.0
1776886571.044103,-2.0,3.0,-50.0
1776886571.054103,-5.0,3.0,-49.0
1776886571.0641026,-9.0,-5.0,-47.0
1776886571.0741026,-9.0,-4.0,-42.0
1776886571.0841026,-2.0,-6.0,-38.0
1776886571.0941026,-1.0,-5.0,-26.0
1776886571.1041028,-5.0,-6.0,-22.0
1776886571.1141028,-8.0,-4.0,-31.0
1776886571.1241028,-5.0,-2.0,-41.0
1776886571.1341028,-6.0,0.0,-41.0
1776886571.1441028,-6.0,-2.0,-35.0
1776886571.1541028,0.0,-6.0,-33.0
1776886571.1641028,0.0,-9.0,-38.0
1776886571.1741028,-4.0,-6.0,-35.0
1776886571.1841028,-5.0,-2.0,-38.0
1776886571.1941028,-5.0,-5.0,-31.0
1776886571.2041028,-9.0,-2.0,-31.0
1776886571.2141027,-10.0,0.0,-33.0
1776886571.2241027,-5.0,-2.0,-33.0
1776886571.2341027,-4.0,-2.0,-32.0
1776886571.2441027,-1.0,-1.0,-35.0
1776886571.2541027,-1.0,-1.0,-35.0
1776886571.2641027,0.0,-2.0,-40.0
1776886571.2741027,4.0,0.0,-43.0
1776886571.284103,5.0,0.0,-44.0
1776886571.294103,4.0,1.0,-37.0
1776886571.304103,6.0,-1.0,-35.0
1776886571.3141026,10.0,0.0,-32.0
1776886571.3241026,10.0,-1.0,-35.0
1776886571.3341026,14.0,1.0,-36.0
1776886571.3441026,11.0,-1.0,-38.0
1776886571.3541028,8.0,-1.0,-39.0
1776886571.3641028,5.0,3.0,-42.0
1776886571.3741028,1.0,1.0,-43.0
1776886571.3841028,5.0,-3.0,-39.0
1776886571.3941028,6.0,-3.0,-36.0
1776886571.4041028,6.0,-6.0,-31.0
1776886571.4141028,4.0,-6.0,-36.0
1776886571.4241028,4.0,-7.0,-36.0
1776886571.4341028,4.0,-6.0,-39.0
1776886571.4441028,4.0,-4.0,-46.0
1776886571.4541028,10.0,-7.0,-42.0
1776886571.4641027,11.0,-6.0,-35.0
1776886571.4741027,4.0,-5.0,-34.0
1776886571.4841027,4.0,-3.0,-34.0
1776886571.4941027,5.0,-3.0,-33.0
1776886571.5041027,2.0,-2.0,-34.0
1776886571.5141027,2.0,-1.0,-33.0
1776886571.5241027,2.0,-2.0,-39.0
1776886571.534103,4.0,-3.0,-40.0
1776886571.544103,-2.0,0.0,-40.0
1776886571.554103,-2.0,-2.0,-36.0
1776886571.5641026,-2.0,-2.0,-41.0
1776886571.5741026,-2.0,-2.0,-37.0
1776886571.5841026,0.0,-5.0,-42.0
1776886571.5941026,-3.0,-4.0,-48.0
1776886571.6041028,-5.0,-4.0,-47.0
1776886571.6141028,-3.0,-3.0,-46.0
1776886571.6241028,-2.0,-7.0,-42.0
1776886571.6341028,-2.0,-5.0,-51.0
1776886571.6441028,0.0,0.0,-53.0
1776886571.6541028,1.0,-1.0,-54.0
1776886571.6641028,3.0,-5.0,-49.0
1776886571.6741028,5.0,-9.0,-44.0
1776886571.6841028,5.0,-9.0,-45.0
1776886571.6941028,2.0,-5.0,-41.0
1776886571.7041028,0.0,-1.0,-39.0
1776886571.7141027,3.0,-2.0,-40.0
1776886571.7241027,2.0,-1.0,-42.0
1776886571.7341027,0.0,-7.0,-45.0
1776886571.7441027,3.0,-7.0,-43.0
1776886571.7541027,4.0,-7.0,-40.0
1776886571.7641027,7.0,-8.0,-43.0
1776886571.7741027,9.0,-8.0,-41.0
1776886571.784103,6.0,-5.0,-41.0
1776886571.794103,5.0,-6.0,-43.0
1776886571.804103,4.0,-3.0,-45.0
1776886571.8141026,2.0,-2.0,-48.0
1776886571.8241026,0.0,-4.0,-43.0
1776886571.8341026,-1.0,-3.0,-40.0
1776886571.8441026,1.0,2.0,-34.0
1776886571.8541028,5.0,5.0,-39.0
1776886571.8641028,6.0,1.0,-41.0
1776886571.8741028,3.0,1.0,-34.0
1776886571.8841028,2.0,-4.0,-35.0
1776886571.8941028,4.0,-5.0,-27.0
1776886571.9041028,6.0,-2.0,-31.0
1776886571.9141028,2.0,-1.0,-39.0
1776886571.9241028,3.0,-4.0,-37.0
1776886571.9341028,3.0,-4.0,-36.0
1776886571.9441028,1.0,-3.0,-40.0
1776886571.9541028,2.0,-1.0,-37.0
1776886571.9641027,-2.0,-1.0,-39.0
1776886571.9741027,-2.0,4.0,-39.0
1776886571.9841027,-2.0,5.0,-35.0
1776886571.9941027,-6.0,4.0,-29.0
1776886572.0041027,-4.0,2.0,-31.0
1776886572.0141027,-5.0,2.0,-28.0
1776886572.0241027,1.0,1.0,-33.0
1776886572.034103,1.0,-2.0,-37.0
1776886572.044103,0.0,-7.0,-41.0
1776886572.054103,1.0,-8.0,-42.0
1776886572.0641026,1.0,-7.0,-41.0
1776886572.0741026,1.0,-5.0,-37.0
1776886572.0841026,3.0,-3.0,-35.0
1776886572.0941026,4.0,-3.0,-36.0
1776886572.1041028,2.0,-1.0,-36.0
1776886572.1141028,3.0,-4.0,-34.0
1776886572.1241028,2.0,-9.0,-36.0
1776886572.1341028,3.0,-5.0,-32.0
1776886572.1441028,2.0,-9.0,-34.0
1776886572.1541028,0.0,-8.0,-39.0
1776886572.1641028,-3.0,-6.0,-40.0
1776886572.1741028,-1.0,-9.0,-44.0
1776886572.1841028,-3.0,-10.0,-42.0
1776886572.1941028,-5.0,-10.0,-43.0
1776886572.2041028,-4.0,-10.0,-36.0
1776886572.2141027,-10.0,-6.0,-40.0
1776886572.2241027,-6.0,-3.0,-37.0
1776886572.2341027,-6.0,-4.0,-28.0
1776886572.2441027,-5.0,-4.0,-32.0
1776886572.2541027,-1.0,-5.0,-36.0
1776886572.2641027,3.0,-2.0,-37.0
1776886572.2741027,0.0,1.0,-46.0
1776886572.284103,0.0,3.0,-47.0
1776886572.294103,-1.0,3.0,-43.0
1776886572.304103,-3.0,-1.0,-48.0
1776886572.3141026,-4.0,-1.0,-42.0
1776886572.3241026,-4.0,-5.0,-41.0
1776886572.3341026,-2.0,-7.0,-42.0
1776886572.3441026,3.0,-7.0,-38.0
1776886572.3541028,0.0,-10.0,-40.0
1776886572.3641028,-4.0,-8.0,-44.0
1776886572.3741028,-3.0,-4.0,-44.0
1776886572.3841028,-2.0,-6.0,-43.0
1776886572.3941028,-4.0,-2.0,-41.0
1776886572.4041028,-3.0,-4.0,-42.0
1776886572.4141028,-3.0,-6.0,-46.0
1776886572.4241028,0.0,-7.0,-44.0
1776886572.4341028,-3.0,-4.0,-42.0
1776886572.4441028,-9.0,-1.0,-34.0
1776886572.4541028,-13.0,-2.0,-33.0
1776886572.4641027,-5.0,-2.0,-38.0
1776886572.4741027,-4.0,-1.0,-40.0
1776886572.4841027,0.0,-2.0,-33.0
1776886572.4941027,0.0,0.0,-35.0
1776886572.5041027,0.0,0.0,-39.0
1776886572.5141027,-1.0,1.0,-46.0
1776886572.5241027,-1.0,1.0,-43.0
1776886572.534103,1.0,1.0,-39.0
1776886572.544103,4.0,1.0,-41.0
1776886572.554103,3.0,2.0,-40.0
1776886572.5641026,3.0,5.0,-43.0
1776886572.5741026,7.0,8.0,-45.0
1776886572.5841026,5.0,7.0,-40.0
1776886572.5941026,3.0,3.0,-33.0
1776886572.6041028,-1.0,1.0,-28.0
1776886572.6141028,-4.0,-1.0,-27.0
1776886572.6241028,-9.0,0.0,-28.0
1776886572.6341028,-10.0,0.0,-27.0
1776886572.6441028,-11.0,-4.0,-28.0
1776886572.6541028,-8.0,-2.0,-30.0
1776886572.6641028,-5.0,-5.0,-32.0
1776886572.6741028,-5.0,-6.0,-31.0
1776886572.6841028,-1.0,-9.0,-43.0
1776886572.6941028,1.0,-12.0,-43.0
1776886572.7041028,-5.0,-12.0,-44.0
1776886572.7141027,-4.0,-8.0,-46.0
1776886572.7241027,-5.0,-5.0,-51.0
1776886572.7341027,-5.0,-7.0,-53.0
1776886572.7441027,-2.0,-6.0,-55.0
1776886572.7541027,-2.0,-7.0,-49.0
1776886572.7641027,0.0,-6.0,-44.0
1776886572.7741027,-5.0,-5.0,-44.0
1776886572.784103,-7.0,-5.0,-51.0
1776886572.794103,-4.0,-4.0,-48.0
1776886572.804103,-6.0,-4.0,-43.0
1776886572.8151028,-3.0,-5.0,-39.0
1776886572.8251028,-2.0,-4.0,-44.0
1776886572.8341026,-7.0,-1.0,-43.0
1776886572.8441026,-8.0,-3.0,-42.0
1776886572.8541028,-8.0,-1.0,-35.0
1776886572.8651028,-8.0,0.0,-35.0
1776886572.8751028,-4.0,0.0,-32.0
1776886572.8851027,-3.0,1.0,-29.0
1776886572.8951027,0.0,3.0,-28.0
1776886572.9051027,0.0,3.0,-34.0
1776886572.9151027,-4.0,-1.0,-37.0
1776886572.9251027,-4.0,-3.0,-39.0
1776886572.9351027,-3.0,0.0,-39.0
1776886572.9451027,0.0,1.0,-41.0
1776886572.9551027,1.0,1.0,-46.0
1776886572.965103,0.0,7.0,-48.0
1776886572.975103,-1.0,6.0,-47.0
1776886572.985103,-3.0,7.0,-47.0
1776886572.9951026,-3.0,2.0,-49.0
1776886573.0051026,0.0,1.0,-46.0
1776886573.0151026,1.0,-1.0,-42.0
1776886573.0251029,1.0,-2.0,-40.0
1776886573.0351028,-1.0,-7.0,-37.0
1776886573.0451028,-1.0,-7.0,-38.0
1776886573.0551028,1.0,-8.0,-38.0
1776886573.0651028,-2.0,-7.0,-41.0
1776886573.0751028,-1.0,-8.0,-47.0
1776886573.0851028,0.0,-7.0,-50.0
1776886573.0951028,1.0,-5.0,-48.0
1776886573.1051028,2.0,-5.0,-45.0
1776886573.1151028,-1.0,-6.0,-38.0
1776886573.1251028,0.0,-5.0,-42.0
1776886573.1351027,4.0,-2.0,-42.0
1776886573.1451027,1.0,-3.0,-42.0
1776886573.1551027,-2.0,-11.0,-42.0
1776886573.1651027,-5.0,-9.0,-41.0
1776886573.1751027,-3.0,-5.0,-45.0
1776886573.1851027,1.0,-5.0,-45.0
1776886573.1951027,-2.0,-1.0,-47.0
1776886573.2051027,5.0,-2.0,-48.0
1776886573.215103,2.0,-2.0,-47.0
1776886573.225103,-1.0,-1.0,-47.0
1776886573.235103,-6.0,0.0,-38.0
1776886573.2451026,-2.0,0.0,-41.0
1776886573.2551026,0.0,-2.0,-47.0
1776886573.2651026,0.0,-3.0,-40.0
1776886573.2751029,0.0,-2.0,-42.0
1776886573.2851028,3.0,2.0,-46.0
1776886573.2951028,4.0,6.0,-43.0
1776886573.3051028,8.0,3.0,-45.0
1776886573.3151028,5.0,2.0,-46.0
1776886573.3251028,1.0,2.0,-37.0
1776886573.3351028,3.0,6.0,-34.0
1776886573.3451028,3.0,7.0,-35.0
1776886573.3551028,6.0,2.0,-32.0
1776886573.3651028,7.0,0.0,-33.0
1776886573.3751028,6.0,-1.0,-36.0
1776886573.3851027,4.0,-4.0,-32.0
1776886573.3951027,-1.0,-2.0,-32.0
1776886573.4051027,-6.0,-4.0,-35.0
1776886573.4151027,-3.0,0.0,-39.0
1776886573.4251027,0.0,1.0,-38.0
1776886573.4351027,3.0,0.0,-40.0
1776886573.4451027,0.0,-2.0,-43.0
1776886573.4551027,2.0,0.0,-39.0
1776886573.465103,3.0,-1.0,-38.0
1776886573.475103,4.0,-3.0,-38.0
1776886573.485103,0.0,0.0,-40.0
1776886573.4951026,0.0,-2.0,-32.0
1776886573.5051026,0.0,2.0,-31.0
1776886573.5151026,0.0,1.0,-31.0
1776886573.5251029,-2.0,1.0,-36.0
1776886573.5351028,-2.0,1.0,-37.0
1776886573.5451028,-2.0,-1.0,-38.0
1776886573.5551028,-2.0,-5.0,-41.0
1776886573.5651028,0.0,-2.0,-38.0
1776886573.5751028,-3.0,-3.0,-38.0
1776886573.5851028,-2.0,0.0,-44.0
1776886573.5961027,-5.0,-3.0,-41.0
1776886573.6051028,-2.0,-4.0,-43.0
1776886573.6151028,-3.0,-3.0,-46.0
1776886573.6251028,-5.0,-1.0,-40.0
1776886573.6351027,-6.0,-1.0,-39.0
1776886573.6451027,-6.0,-3.0,-44.0
1776886573.6551027,-5.0,-4.0,-45.0
1776886573.6651027,-5.0,-1.0,-43.0
1776886573.6751027,-2.0,-1.0,-38.0
1776886573.6851027,-1.0,1.0,-34.0
1776886573.6951027,-3.0,0.0,-42.0
1776886573.7051027,-2.0,-2.0,-43.0
1776886573.715103,-2.0,0.0,-40.0
1776886573.725103,0.0,-2.0,-39.0
1776886573.735103,-2.0,-1.0,-36.0
1776886573.7451026,-6.0,0.0,-35.0
1776886573.7551026,-10.0,2.0,-34.0
1776886573.7651026,-7.0,4.0,-25.0
1776886573.7751029,-2.0,2.0,-18.0
1776886573.7851028,2.0,2.0,-22.0
1776886573.7951028,4.0,3.0,-24.0
1776886573.8051028,3.0,-1.0,-28.0
1776886573.8151028,0.0,-1.0,-39.0
1776886573.8251028,-4.0,0.0,-38.0
1776886573.8351028,3.0,-1.0,-37.0
1776886573.8451028,2.0,-6.0,-39.0
1776886573.8551028,4.0,0.0,-33.0
1776886573.8651028,2.0,-1.0,-25.0
1776886573.8751028,0.0,-2.0,-26.0
1776886573.8851027,-2.0,0.0,-33.0
1776886573.8951027,0.0,3.0,-39.0
1776886573.9051027,3.0,4.0,-41.0
1776886573.9151027,5.0,2.0,-42.0
1776886573.9251027,1.0,0.0,-47.0
1776886573.9351027,-4.0,0.0,-47.0
1776886573.9451027,-1.0,-1.0,-43.0
1776886573.9551027,0.0,0.0,-44.0
1776886573.965103,0.0,2.0,-39.0
1776886573.975103,-1.0,3.0,-38.0
1776886573.985103,0.0,0.0,-30.0
1776886573.9951026,0.0,-1.0,-35.0
1776886574.0051026,2.0,0.0,-35.0
1776886574.0151026,6.0,4.0,-34.0
1776886574.0251029,6.0,7.0,-38.0
1776886574.0351028,6.0,7.0,-35.0
1776886574.0451028,3.0,7.0,-36.0
1776886574.0551028,0.0,6.0,-31.0
1776886574.0651028,0.0,4.0,-29.0
1776886574.0751028,0.0,0.0,-28.0
1776886574.0851028,0.0,-2.0,-33.0
1776886574.0951028,-2.0,-7.0,-36.0
1776886574.1051028,0.0,-8.0,-36.0
1776886574.1151028,2.0,-10.0,-33.0
1776886574.1251028,2.0,-11.0,-39.0
1776886574.1351027,2.0,-7.0,-43.0
1776886574.1451027,2.0,-7.0,-43.0
1776886574.1551027,2.0,-1.0,-47.0
1776886574.1651027,0.0,-3.0,-48.0
1776886574.1751027,0.0,-6.0,-49.0
1776886574.1851027,1.0,-3.0,-45.0
1776886574.1951027,1.0,-5.0,-45.0
1776886574.2051027,0.0,-4.0,-39.0
1776886574.215103,0.0,-9.0,-34.0
1776886574.225103,0.0,-9.0,-37.0
1776886574.235103,-2.0,-8.0,-36.0
1776886574.2451026,-2.0,-8.0,-33.0
1776886574.2551026,-1.0,-6.0,-32.0
1776886574.2651026,4.0,-7.0,-31.0
1776886574.2751029,7.0,-7.0,-32.0
1776886574.2851028,7.0,-6.0,-28.0
1776886574.2951028,7.0,-8.0,-29.0
1776886574.3051028,5.0,-6.0,-34.0
1776886574.3151028,0.0,-3.0,-35.0
1776886574.3251028,-4.0,-2.0,-35.0
1776886574.3351028,-8.0,-4.0,-36.0
1776886574.3451028,-5.0,-4.0,-35.0
1776886574.3551028,0.0,-6.0,-33.0
1776886574.3651028,3.0,-4.0,-32.0
1776886574.3751028,6.0,-4.0,-36.0
1776886574.3851027,4.0,-6.0,-44.0
1776886574.3951027,-1.0,-7.0,-43.0
1776886574.4051027,-7.0,-2.0,-45.0
1776886574.4151027,-5.0,0.0,-51.0
1776886574.4251027,-9.0,0.0,-56.0
1776886574.4351027,-7.0,-3.0,-48.0
1776886574.4451027,-8.0,-5.0,-44.0
1776886574.4551027,0.0,-5.0,-42.0
1776886574.465103,0.0,-2.0,-38.0
1776886574.475103,2.0,-3.0,-41.0
1776886574.485103,2.0,-2.0,-47.0
1776886574.4951026,4.0,0.0,-41.0
1776886574.5051026,3.0,0.0,-46.0
1776886574.5151026,5.0,-2.0,-48.0
1776886574.5251029,8.0,-2.0,-48.0
1776886574.5351028,9.0,0.0,-50.0
1776886574.5451028,10.0,2.0,-55.0
1776886574.5551028,9.0,0.0,-52.0
1776886574.5651028,9.0,-2.0,-53.0
1776886574.5751028,5.0,-2.0,-50.0
1776886574.5851028,3.0,-4.0,-44.0
1776886574.5951028,4.0,-4.0,-47.0
1776886574.6051028,2.0,-3.0,-41.0
1776886574.6151028,5.0,-5.0,-43.0
1776886574.6251028,2.0,-8.0,-36.0
1776886574.6351027,0.0,-5.0,-33.0
1776886574.6451027,0.0,-2.0,-35.0
1776886574.6551027,1.0,4.0,-35.0
1776886574.6651027,-1.0,3.0,-32.0
1776886574.6751027,-1.0,6.0,-28.0
1776886574.6851027,0.0,5.0,-27.0
1776886574.6951027,-3.0,5.0,-32.0
1776886574.7051027,-6.0,3.0,-27.0
1776886574.715103,-9.0,5.0,-35.0
1776886574.725103,-8.0,2.0,-40.0
1776886574.735103,-9.0,1.0,-48.0
1776886574.7451026,-8.0,2.0,-50.0
1776886574.7551026,-5.0,0.0,-47.0
1776886574.7651026,-6.0,-2.0,-42.0
1776886574.7751029,-4.0,-2.0,-40.0
1776886574.7851028,0.0,-5.0,-42.0
1776886574.7951028,0.0,-3.0,-35.0
1776886574.8051028,-2.0,-6.0,-36.0
1776886574.8151028,-4.0,-4.0,-33.0
1776886574.8251028,0.0,-4.0,-29.0
1776886574.8351028,-6.0,-7.0,-24.0
1776886574.8461027,-2.0,-7.0,-24.0
1776886574.8561027,-1.0,-6.0,-28.0
1776886574.8661027,2.0,-7.0,-27.0
1776886574.8761027,4.0,-7.0,-27.0
1776886574.886103,1.0,-9.0,-26.0
1776886574.896103,2.0,-8.0,-32.0
1776886574.906103,3.0,-6.0,-38.0
1776886574.9161026,4.0,-8.0,-42.0
1776886574.9261026,1.0,-6.0,-38.0
1776886574.9361026,2.0,1.0,-36.0
1776886574.9461029,5.0,0.0,-35.0
1776886574.9561028,4.0,0.0,-36.0
1776886574.9661028,6.0,-1.0,-39.0
1776886574.9761028,8.0,-2.0,-40.0
1776886574.9861028,6.0,-5.0,-44.0
1776886574.9961028,3.0,-6.0,-51.0
1776886575.0061028,4.0,-8.0,-47.0
1776886575.0161028,1.0,-7.0,-40.0
1776886575.0261028,0.0,-4.0,-36.0
1776886575.0361028,1.0,-2.0,-35.0
1776886575.0461028,2.0,0.0,-34.0
1776886575.0561028,4.0,-1.0,-38.0
1776886575.0661027,5.0,0.0,-40.0
1776886575.0761027,1.0,0.0,-44.0
1776886575.0861027,0.0,-2.0,-42.0
1776886575.0961027,0.0,0.0,-44.0
1776886575.1061027,1.0,-1.0,-47.0
1776886575.1161027,2.0,-1.0,-50.0
1776886575.1261027,0.0,-4.0,-44.0
1776886575.136103,-2.0,0.0,-44.0
1776886575.146103,-1.0,-3.0,-40.0
1776886575.156103,0.0,-3.0,-34.0
1776886575.1661026,0.0,-4.0,-30.0
1776886575.1761026,0.0,-3.0,-27.0
1776886575.1861026,-1.0,-5.0,-29.0
1776886575.1961029,2.0,-5.0,-32.0
1776886575.2061028,3.0,-6.0,-33.0
1776886575.2161028,2.0,-3.0,-39.0
1776886575.2261028,-5.0,-3.0,-43.0
1776886575.2361028,-6.0,-5.0,-44.0
1776886575.2461028,-2.0,-7.0,-44.0
1776886575.2561028,2.0,-7.0,-34.0
1776886575.2661028,1.0,-4.0,-34.0
1776886575.2761028,4.0,0.0,-38.0
1776886575.2861028,1.0,4.0,-36.0
1776886575.2961028,1.0,1.0,-40.0
1776886575.3061028,4.0,-3.0,-33.0
1776886575.3161027,5.0,0.0,-36.0
1776886575.3261027,4.0,0.0,-42.0
1776886575.3361027,2.0,3.0,-43.0
1776886575.3461027,0.0,1.0,-34.0
1776886575.3561027,0.0,-2.0,-31.0
1776886575.3661027,0.0,-6.0,-34.0
1776886575.3761027,-3.0,-4.0,-40.0
1776886575.386103,-5.0,-2.0,-41.0
1776886575.396103,-3.0,0.0,-41.0
1776886575.406103,-2.0,1.0,-41.0
1776886575.4161026,1.0,-1.0,-37.0
1776886575.4261026,2.0,1.0,-38.0
1776886575.4361026,0.0,1.0,-39.0
1776886575.4461029,0.0,1.0,-39.0
1776886575.4561028,0.0,0.0,-37.0
1776886575.4661028,-2.0,-1.0,-33.0
1776886575.4761028,-5.0,-2.0,-34.0
1776886575.4861028,-1.0,-3.0,-34.0
1776886575.4961028,3.0,0.0,-39.0
1776886575.5061028,1.0,1.0,-33.0
1776886575.5161028,5.0,3.0,-38.0
1776886575.5261028,3.0,0.0,-40.0
1776886575.5361028,3.0,3.0,-41.0
1776886575.5461028,5.0,1.0,-44.0
1776886575.5561028,7.0,-1.0,-49.0
1776886575.5661027,8.0,-3.0,-45.0
1776886575.5761027,11.0,-7.0,-48.0
1776886575.5861027,12.0,-7.0,-49.0
1776886575.5961027,10.0,-5.0,-50.0
1776886575.6061027,16.0,-2.0,-51.0
1776886575.6161027,13.0,-4.0,-47.0
1776886575.6261027,11.0,-2.0,-45.0
1776886575.636103,11.0,-5.0,-47.0
1776886575.646103,7.0,-7.0,-39.0
1776886575.656103,5.0,-8.0,-38.0
1776886575.6661026,5.0,-5.0,-36.0
1776886575.6761026,3.0,-5.0,-32.0
1776886575.6861026,0.0,-4.0,-28.0
1776886575.6961029,-3.0,-6.0,-25.0
1776886575.7061028,-2.0,-5.0,-30.0
1776886575.7161028,-2.0,-7.0,-31.0
1776886575.7261028,3.0,-7.0,-36.0
1776886575.7361028,1.0,-6.0,-38.0
1776886575.7461028,0.0,-9.0,-42.0
1776886575.7561028,0.0,-10.0,-43.0
1776886575.7661028,-5.0,-11.0,-48.0
1776886575.7761028,-3.0,-11.0,-43.0
1776886575.7861028,-2.0,-12.0,-47.0
1776886575.7961028,-1.0,-8.0,-39.0
1776886575.8061028,-1.0,-5.0,-37.0
1776886575.8161027,-4.0,-7.0,-38.0
1776886575.8261027,-5.0,-5.0,-44.0
1776886575.8361027,-4.0,-8.0,-48.0
1776886575.8461027,-3.0,-6.0,-43.0
1776886575.8561027,-4.0,-4.0,-37.0
1776886575.8661027,0.0,-2.0,-38.0
1776886575.8761027,-1.0,-5.0,-40.0
1776886575.886103,2.0,-3.0,-45.0
1776886575.896103,3.0,0.0,-48.0
1776886575.906103,1.0,5.0,-41.0
1776886575.9161026,0.0,6.0,-33.0
1776886575.9261026,3.0,-1.0,-36.0
1776886575.9361026,3.0,-2.0,-41.0
1776886575.9461029,4.0,2.0,-44.0
1776886575.9561028,2.0,2.0,-50.0
1776886575.9661028,3.0,2.0,-47.0
1776886575.9761028,5.0,5.0,-42.0
1776886575.9861028,2.0,-1.0,-45.0
1776886575.9961028,2.0,-4.0,-51.0
1776886576.0061028,5.0,-6.0,-48.0
1776886576.0161028,5.0,-3.0,-36.0
1776886576.0261028,4.0,-4.0,-39.0
1776886576.0361028,0.0,-4.0,-38.0
1776886576.0461028,-4.0,-7.0,-37.0
1776886576.0561028,-3.0,-8.0,-43.0
1776886576.0661027,-3.0,-4.0,-46.0
1776886576.0761027,2.0,0.0,-41.0
1776886576.0861027,5.0,-3.0,-45.0
1776886576.0961027,3.0,0.0,-45.0
1776886576.1061027,6.0,0.0,-42.0
1776886576.1161027,4.0,-1.0,-47.0
1776886576.1261027,2.0,-4.0,-48.0
1776886576.136103,0.0,-3.0,-46.0
1776886576.146103,0.0,2.0,-46.0
1776886576.156103,2.0,9.0,-39.0
1776886576.1661026,-3.0,4.0,-37.0
1776886576.1761026,-1.0,6.0,-39.0
1776886576.1861026,-3.0,5.0,-35.0
1776886576.1961029,-5.0,4.0,-34.0
1776886576.2061028,-5.0,6.0,-38.0
1776886576.2161028,-4.0,6.0,-42.0
1776886576.2261028,-1.0,3.0,-45.0
1776886576.2361028,-1.0,4.0,-45.0
1776886576.2461028,1.0,5.0,-44.0
1776886576.2561028,0.0,5.0,-37.0
1776886576.2661028,-1.0,5.0,-33.0
1776886576.2761028,-1.0,4.0,-33.0
1776886576.2861028,0.0,3.0,-29.0
1776886576.2961028,2.0,0.0,-30.0
1776886576.3061028,5.0,-4.0,-29.0
1776886576.3161027,4.0,-6.0,-40.0
1776886576.3261027,2.0,-4.0,-41.0
1776886576.3361027,2.0,-3.0,-42.0
1776886576.3461027,0.0,-4.0,-43.0
1776886576.3561027,-4.0,-6.0,-41.0
1776886576.3661027,-4.0,-9.0,-40.0
1776886576.3761027,0.0,-7.0,-43.0
1776886576.386103,4.0,-1.0,-33.0
1776886576.396103,6.0,-3.0,-26.0
1776886576.406103,2.0,-4.0,-29.0
1776886576.4161026,-1.0,-7.0,-37.0
1776886576.4261026,-1.0,-6.0,-39.0
1776886576.4361026,0.0,-6.0,-40.0
1776886576.4461029,1.0,-6.0,-31.0
1776886576.4561028,0.0,-4.0,-26.0
1776886576.4661028,2.0,-4.0,-26.0
1776886576.4761028,4.0,-3.0,-29.0
1776886576.4861028,3.0,-3.0,-33.0
1776886576.4961028,1.0,-1.0,-29.0
1776886576.5061028,4.0,0.0,-31.0
1776886576.5161028,7.0,1.0,-33.0
1776886576.5261028,8.0,0.0,-32.0
1776886576.5361028,9.0,1.0,-29.0
1776886576.5461028,6.0,-1.0,-30.0
1776886576.5561028,6.0,-2.0,-33.0
1776886576.5661027,1.0,-3.0,-33.0
1776886576.5761027,-2.0,-3.0,-38.0
1776886576.5861027,-1.0,-2.0,-35.0
1776886576.5961027,-2.0,2.0,-34.0
1776886576.6061027,-1.0,0.0,-37.0
1776886576.6161027,-1.0,-1.0,-37.0
1776886576.6261027,0.0,-4.0,-35.0
1776886576.636103,-1.0,-5.0,-39.0
1776886576.646103,-2.0,-4.0,-44.0
1776886576.656103,1.0,-2.0,-36.0
1776886576.6661026,2.0,-1.0,-34.0
1776886576.6761026,2.0,-4.0,-31.0
1776886576.6861026,3.0,-2.0,-24.0
1776886576.6961029,0.0,-2.0,-30.0
1776886576.7061028,-1.0,-1.0,-37.0
1776886576.7161028,-1.0,1.0,-33.0
1776886576.7261028,-1.0,3.0,-34.0
1776886576.7361028,-1.0,0.0,-43.0
1776886576.7461028,-1.0,2.0,-50.0
1776886576.7561028,-1.0,2.0,-51.0
1776886576.7661028,2.0,-4.0,-46.0
1776886576.7761028,0.0,-9.0,-51.0
1776886576.7861028,-1.0,-6.0,-50.0
1776886576.7961028,0.0,-3.0,-49.0
1776886576.8061028,-1.0,0.0,-47.0
1776886576.8161027,-1.0,0.0,-48.0
1776886576.827103,0.0,-4.0,-45.0
1776886576.837103,-1.0,0.0,-47.0
1776886576.8471026,0.0,0.0,-42.0
1776886576.8571026,-2.0,4.0,-36.0
1776886576.8671026,0.0,1.0,-39.0
1776886576.8771029,1.0,-3.0,-43.0
1776886576.8871028,0.0,-4.0,-39.0
1776886576.8971028,0.0,-2.0,-42.0
1776886576.9071028,-1.0,0.0,-34.0
1776886576.9171028,-3.0,-3.0,-33.0
1776886576.9271028,1.0,-7.0,-38.0
1776886576.9371028,-1.0,-6.0,-38.0
1776886576.9471028,-3.0,-4.0,-34.0
1776886576.9571028,1.0,-2.0,-34.0
1776886576.9671028,2.0,-1.0,-27.0
1776886576.9771028,2.0,-1.0,-30.0
1776886576.9871027,2.0,0.0,-41.0
1776886576.9971027,-3.0,-1.0,-42.0
1776886577.0071027,-1.0,-5.0,-44.0
1776886577.0171027,0.0,-3.0,-45.0
1776886577.0271027,-1.0,-3.0,-40.0
1776886577.0371027,0.0,-5.0,-38.0
1776886577.0471027,-1.0,1.0,-40.0
1776886577.057103,-1.0,3.0,-34.0
1776886577.067103,0.0,3.0,-36.0
1776886577.077103,0.0,3.0,-34.0
1776886577.087103,-1.0,1.0,-36.0
1776886577.0971026,-4.0,-1.0,-40.0
1776886577.1071026,-4.0,0.0,-42.0
1776886577.1171026,-8.0,0.0,-39.0
1776886577.1271029,-4.0,-1.0,-44.0
1776886577.1371028,0.0,-3.0,-42.0
1776886577.1471028,0.0,-6.0,-45.0
1776886577.1571028,2.0,-6.0,-45.0
1776886577.1671028,1.0,-7.0,-39.0
1776886577.1771028,-2.0,-4.0,-43.0
1776886577.1871028,-2.0,0.0,-43.0
1776886577.1971028,-1.0,0.0,-41.0
1776886577.2071028,1.0,0.0,-37.0
1776886577.2171028,1.0,-1.0,-37.0
1776886577.2271028,3.0,-3.0,-26.0
1776886577.2371027,8.0,-7.0,-30.0
1776886577.2471027,9.0,-6.0,-33.0
1776886577.2571027,5.0,-1.0,-34.0
1776886577.2671027,3.0,-4.0,-35.0
1776886577.2771027,1.0,-2.0,-36.0
1776886577.2871027,4.0,-2.0,-39.0
1776886577.2971027,6.0,0.0,-45.0
1776886577.307103,3.0,-2.0,-42.0
1776886577.317103,0.0,-1.0,-39.0
1776886577.327103,-1.0,-1.0,-36.0
1776886577.337103,-2.0,-1.0,-28.0
1776886577.3471026,-3.0,-2.0,-30.0
1776886577.3571026,-3.0,-2.0,-26.0
1776886577.3671026,0.0,-7.0,-33.0
1776886577.3771029,3.0,-8.0,-39.0
1776886577.3871028,3.0,-1.0,-35.0
1776886577.3971028,5.0,0.0,-34.0
1776886577.4071028,5.0,1.0,-33.0
1776886577.4171028,5.0,0.0,-37.0
1776886577.4271028,1.0,-2.0,-47.0
1776886577.4371028,-3.0,-3.0,-43.0
1776886577.4471028,-3.0,-2.0,-41.0
1776886577.4571028,0.0,-4.0,-33.0
1776886577.4671028,-1.0,-3.0,-36.0
1776886577.4771028,0.0,-4.0,-38.0
1776886577.4871027,0.0,-4.0,-40.0
1776886577.4971027,4.0,-3.0,-35.0
1776886577.5071027,3.0,-1.0,-35.0
1776886577.5171027,0.0,-2.0,-36.0
1776886577.5271027,0.0,0.0,-37.0
1776886577.5371027,0.0,-1.0,-38.0
1776886577.5471027,-1.0,-1.0,-33.0
1776886577.557103,-2.0,-2.0,-31.0
1776886577.567103,0.0,-5.0,-34.0
1776886577.577103,-2.0,-3.0,-35.0
1776886577.587103,-7.0,-5.0,-42.0
1776886577.5971026,-7.0,-4.0,-43.0
1776886577.6071026,-2.0,-8.0,-41.0
1776886577.6171026,1.0,-4.0,-43.0
1776886577.6271029,0.0,-2.0,-46.0
1776886577.6371028,1.0,0.0,-47.0
1776886577.6471028,0.0,-1.0,-45.0
1776886577.6571028,0.0,-4.0,-43.0
1776886577.6671028,-1.0,-5.0,-48.0
1776886577.6771028,-1.0,-8.0,-45.0
1776886577.6871028,-1.0,-4.0,-49.0
1776886577.6971028,0.0,0.0,-44.0
1776886577.7071028,-1.0,5.0,-40.0
1776886577.7171028,0.0,2.0,-45.0
1776886577.7271028,1.0,-2.0,-47.0
1776886577.7371027,4.0,1.0,-47.0
1776886577.7471027,2.0,3.0,-44.0
1776886577.7571027,6.0,3.0,-37.0
1776886577.7671027,8.0,10.0,-34.0
1776886577.7771027,10.0,6.0,-38.0
1776886577.7871027,5.0,1.0,-41.0
1776886577.7971027,1.0,-1.0,-42.0
1776886577.807103,5.0,-1.0,-45.0
1776886577.817103,5.0,-3.0,-45.0
1776886577.827103,5.0,-3.0,-40.0
1776886577.837103,2.0,-7.0,-36.0
1776886577.8471026,0.0,-7.0,-42.0
1776886577.8571026,-2.0,-6.0,-43.0
1776886577.8671026,-5.0,-9.0,-45.0
1776886577.8771029,-6.0,-7.0,-44.0
1776886577.8871028,-1.0,-7.0,-44.0
1776886577.8971028,0.0,-4.0,-36.0
1776886577.9071028,0.0,-5.0,-31.0
1776886577.9171028,0.0,-3.0,-30.0
1776886577.9271028,-1.0,-5.0,-28.0
1776886577.9371028,0.0,-6.0,-27.0
1776886577.9471028,2.0,-6.0,-31.0
1776886577.9571028,-2.0,-3.0,-33.0
1776886577.9671028,-1.0,-4.0,-32.0
1776886577.9771028,3.0,-5.0,-32.0
1776886577.9871027,5.0,-2.0,-32.0
1776886577.9971027,4.0,-3.0,-28.0
1776886578.0071027,5.0,-1.0,-29.0
1776886578.0171027,3.0,-3.0,-30.0
1776886578.0271027,5.0,-6.0,-34.0
1776886578.0371027,6.0,-7.0,-41.0
1776886578.0471027,7.0,-7.0,-39.0
1776886578.057103,4.0,-10.0,-44.0
1776886578.067103,5.0,-9.0,-41.0
1776886578.077103,4.0,-6.0,-42.0
1776886578.087103,1.0,-9.0,-39.0
1776886578.0971026,3.0,-7.0,-40.0
1776886578.1071026,7.0,-8.0,-36.0
1776886578.1171026,8.0,-8.0,-31.0
1776886578.1271029,9.0,-7.0,-38.0
1776886578.1371028,10.0,-2.0,-46.0
1776886578.1471028,5.0,0.0,-45.0
1776886578.1571028,1.0,-2.0,-43.0
1776886578.1671028,4.0,-2.0,-39.0
1776886578.1771028,-1.0,-2.0,-35.0
1776886578.1871028,-1.0,3.0,-39.0
1776886578.1971028,-3.0,0.0,-41.0
1776886578.2071028,2.0,0.0,-41.0
1776886578.2171028,2.0,0.0,-39.0
1776886578.2271028,-1.0,0.0,-34.0
1776886578.2371027,1.0,-1.0,-37.0
1776886578.2471027,2.0,-3.0,-36.0
1776886578.2571027,1.0,-3.0,-34.0
1776886578.2671027,0.0,-6.0,-25.0
1776886578.2771027,3.0,-5.0,-31.0
1776886578.2871027,4.0,0.0,-35.0
1776886578.2971027,3.0,-1.0,-35.0
1776886578.307103,4.0,-2.0,-44.0
1776886578.317103,-1.0,-3.0,-46.0
1776886578.327103,-2.0,-4.0,-48.0
1776886578.337103,-4.0,-4.0,-42.0
1776886578.3471026,1.0,-5.0,-40.0
1776886578.3571026,2.0,-4.0,-33.0
1776886578.3671026,5.0,-2.0,-34.0
1776886578.3771029,1.0,-3.0,-44.0
1776886578.3871028,-4.0,-3.0,-47.0
1776886578.3971028,-4.0,-4.0,-54.0
1776886578.4071028,0.0,-4.0,-49.0
1776886578.4171028,0.0,-8.0,-44.0
1776886578.4271028,-3.0,-3.0,-48.0
1776886578.4371028,-5.0,-3.0,-43.0
1776886578.4471028,-2.0,-2.0,-41.0
1776886578.4571028,1.0,-1.0,-40.0
1776886578.4671028,-1.0,2.0,-41.0
1776886578.4771028,-4.0,0.0,-37.0
1776886578.4871027,-8.0,-1.0,-34.0
1776886578.4971027,-4.0,-1.0,-31.0
1776886578.5071027,-5.0,-2.0,-29.0
1776886578.5171027,-2.0,-2.0,-32.0
1776886578.5271027,0.0,2.0,-34.0
1776886578.5371027,5.0,-1.0,-44.0
1776886578.5471027,6.0,0.0,-39.0
1776886578.557103,1.0,-1.0,-38.0
1776886578.567103,-1.0,-2.0,-43.0
1776886578.577103,4.0,-1.0,-47.0
1776886578.587103,10.0,1.0,-43.0
1776886578.5971026,7.0,0.0,-40.0
1776886578.6071026,5.0,-1.0,-42.0
1776886578.6171026,4.0,-3.0,-43.0
1776886578.6271029,5.0,-3.0,-50.0
1776886578.6371028,5.0,-3.0,-56.0
1776886578.6471028,4.0,0.0,-50.0
1776886578.6571028,4.0,1.0,-49.0
1776886578.6671028,-3.0,4.0,-44.0
1776886578.6771028,-7.0,4.0,-46.0
1776886578.6871028,-5.0,4.0,-39.0
1776886578.6971028,-2.0,6.0,-38.0
1776886578.7071028,2.0,5.0,-38.0
1776886578.7171028,0.0,2.0,-37.0
1776886578.7271028,-1.0,5.0,-39.0
1776886578.7371027,1.0,2.0,-41.0
1776886578.7471027,1.0,0.0,-40.0
1776886578.7571027,0.0,-5.0,-39.0
1776886578.7671027,0.0,-10.0,-37.0
1776886578.7771027,-3.0,-10.0,-34.0
1776886578.7871027,-4.0,-8.0,-41.0
1776886578.7981029,-2.0,-7.0,-35.0
1776886578.8081028,0.0,-5.0,-38.0
1776886578.8181028,0.0,-3.0,-46.0
1776886578.8281028,-1.0,-2.0,-49.0
1776886578.837103,0.0,-6.0,-56.0
1776886578.8481028,-1.0,-4.0,-47.0
1776886578.8581028,0.0,-2.0,-50.0
1776886578.8681028,0.0,-1.0,-46.0
1776886578.8781028,2.0,-1.0,-47.0
1776886578.8881028,1.0,-3.0,-45.0
1776886578.8981028,5.0,-7.0,-39.0
1776886578.9081028,7.0,-6.0,-35.0
1776886578.9181027,2.0,-5.0,-37.0
1776886578.9281027,2.0,-6.0,-36.0
1776886578.9381027,0.0,-2.0,-44.0
1776886578.9481027,0.0,-7.0,-46.0
1776886578.9581027,4.0,-9.0,-49.0
1776886578.9681027,3.0,-8.0,-49.0
1776886578.9781027,3.0,-13.0,-51.0
1776886578.988103,0.0,-11.0,-49.0
1776886578.998103,1.0,-8.0,-42.0
1776886579.008103,4.0,-2.0,-37.0
1776886579.0181026,1.0,-3.0,-47.0
1776886579.0281026,1.0,-7.0,-46.0
1776886579.0381026,1.0,-1.0,-36.0
1776886579.0481029,6.0,-1.0,-41.0
1776886579.0581028,4.0,0.0,-36.0
1776886579.0681028,3.0,3.0,-38.0
1776886579.0781028,4.0,0.0,-38.0
1776886579.0881028,7.0,-3.0,-44.0
1776886579.0981028,8.0,1.0,-46.0
1776886579.1081028,6.0,1.0,-46.0
1776886579.1181028,6.0,-4.0,-43.0
1776886579.1281028,4.0,-1.0,-41.0
1776886579.1381028,1.0,0.0,-50.0
1776886579.1481028,0.0,0.0,-51.0
1776886579.1581028,0.0,1.0,-52.0
1776886579.1681027,-6.0,0.0,-49.0
1776886579.1781027,-3.0,-3.0,-48.0
1776886579.1881027,-5.0,-2.0,-42.0
1776886579.1981027,-4.0,0.0,-49.0
1776886579.2081027,-2.0,1.0,-41.0
1776886579.2181027,-2.0,3.0,-39.0
1776886579.2281027,1.0,4.0,-31.0
1776886579.238103,-1.0,3.0,-35.0
1776886579.248103,-3.0,0.0,-36.0
1776886579.258103,-6.0,-1.0,-36.0
1776886579.2681026,0.0,-5.0,-40.0
1776886579.2781026,-1.0,-5.0,-42.0
1776886579.2881026,2.0,1.0,-37.0
1776886579.2981029,1.0,0.0,-43.0
1776886579.3081028,-3.0,-1.0,-43.0
1776886579.3181028,-6.0,4.0,-37.0
1776886579.3281028,-7.0,2.0,-33.0
1776886579.3381028,-4.0,-1.0,-30.0
1776886579.3481028,-6.0,-2.0,-34.0
1776886579.3581028,-6.0,-1.0,-32.0
1776886579.3681028,-4.0,0.0,-32.0
1776886579.3781028,-4.0,-1.0,-34.0
1776886579.3881028,-6.0,-3.0,-36.0
1776886579.3981028,-5.0,-5.0,-31.0
1776886579.4081028,-6.0,-5.0,-32.0
1776886579.4181027,-2.0,-7.0,-34.0
1776886579.4281027,0.0,0.0,-37.0
1776886579.4381027,-1.0,1.0,-34.0
1776886579.4481027,0.0,2.0,-32.0
1776886579.4581027,0.0,4.0,-28.0
1776886579.4681027,-1.0,5.0,-27.0
1776886579.4781027,-3.0,5.0,-29.0
1776886579.488103,0.0,4.0,-33.0
1776886579.498103,2.0,2.0,-33.0
1776886579.508103,-3.0,0.0,-35.0
1776886579.5181026,-2.0,0.0,-44.0
1776886579.5281026,0.0,-1.0,-39.0
1776886579.5381026,2.0,-3.0,-33.0
1776886579.5481029,0.0,-10.0,-35.0
1776886579.5581028,1.0,-8.0,-35.0
1776886579.5681028,2.0,-7.0,-38.0
1776886579.5781028,4.0,-6.0,-37.0
1776886579.5881028,6.0,-1.0,-33.0
1776886579.5981028,1.0,0.0,-31.0
1776886579.6081028,0.0,0.0,-34.0
1776886579.6181028,4.0,-2.0,-35.0
1776886579.6281028,6.0,-5.0,-29.0
1776886579.6381028,5.0,-4.0,-27.0
1776886579.6481028,4.0,-2.0,-28.0
1776886579.6581028,1.0,1.0,-32.0
1776886579.6681027,3.0,0.0,-37.0
1776886579.6781027,6.0,1.0,-40.0
1776886579.6881027,5.0,3.0,-45.0
1776886579.6981027,3.0,1.0,-36.0
1776886579.7081027,0.0,1.0,-28.0
1776886579.7181027,2.0,1.0,-30.0
1776886579.7281027,0.0,0.0,-35.0
1776886579.738103,0.0,0.0,-38.0
1776886579.748103,0.0,0.0,-33.0
1776886579.758103,0.0,0.0,-41.0
1776886579.7681026,-2.0,0.0,-35.0
1776886579.7781026,-5.0,-1.0,-26.0
1776886579.7881026,-1.0,-1.0,-30.0
1776886579.7981029,-1.0,-2.0,-33.0
1776886579.8081028,-3.0,1.0,-36.0
1776886579.8181028,-3.0,2.0,-32.0
1776886579.8281028,-8.0,2.0,-27.0
1776886579.8381028,-4.0,1.0,-27.0
1776886579.8481028,-6.0,0.0,-32.0
1776886579.8581028,-9.0,0.0,-30.0
1776886579.8681028,-5.0,0.0,-32.0
1776886579.8781028,-3.0,-1.0,-31.0
1776886579.8881028,0.0,-4.0,-36.0
1776886579.8981028,-4.0,0.0,-35.0
1776886579.9081028,-1.0,0.0,-31.0
1776886579.9181027,0.0,-1.0,-29.0
1776886579.9281027,3.0,-1.0,-30.0
1776886579.9381027,4.0,-2.0,-44.0
1776886579.9481027,4.0,-1.0,-43.0
1776886579.9581027,0.0,-3.0,-42.0
1776886579.9681027,-5.0,-1.0,-44.0
1776886579.9781027,-5.0,-6.0,-41.0
1776886579.988103,-6.0,-8.0,-39.0
1776886579.998103,-8.0,-7.0,-35.0
1776886580.008103,-10.0,-4.0,-32.0
1776886580.0181026,-6.0,-3.0,-32.0
1776886580.0281026,0.0,-2.0,-28.0
1776886580.0381026,-1.0,-3.0,-28.0
1776886580.0481029,-1.0,-6.0,-32.0
1776886580.0581028,-4.0,-5.0,-34.0
1776886580.0681028,-3.0,-1.0,-32.0
1776886580.0781028,0.0,-1.0,-35.0
1776886580.0881028,-3.0,-3.0,-41.0
1776886580.0981028,-8.0,-4.0,-36.0
1776886580.1081028,-9.0,-3.0,-37.0
1776886580.1181028,-13.0,-3.0,-29.0
1776886580.1281028,-8.0,-1.0,-36.0
1776886580.1381028,-6.0,1.0,-43.0
1776886580.1481028,1.0,3.0,-42.0
1776886580.1581028,1.0,3.0,-35.0
1776886580.1681027,4.0,6.0,-37.0
1776886580.1781027,5.0,1.0,-36.0
1776886580.1881027,1.0,3.0,-40.0
1776886580.1981027,3.0,1.0,-41.0
1776886580.2081027,-2.0,6.0,-40.0
1776886580.2181027,-1.0,4.0,-42.0
1776886580.2281027,-1.0,3.0,-40.0
1776886580.238103,-2.0,4.0,-43.0
1776886580.248103,-3.0,4.0,-44.0
1776886580.258103,1.0,2.0,-49.0
1776886580.2681026,5.0,1.0,-45.0
1776886580.2781026,2.0,0.0,-49.0
1776886580.2881026,3.0,-3.0,-49.0
1776886580.2981029,5.0,-6.0,-52.0
1776886580.3081028,1.0,-7.0,-47.0
1776886580.3181028,0.0,-10.0,-42.0
1776886580.3281028,-1.0,-9.0,-41.0
1776886580.3381028,-1.0,-3.0,-49.0
1776886580.3481028,-1.0,0.0,-41.0
1776886580.3581028,1.0,0.0,-40.0
1776886580.3681028,-1.0,-1.0,-35.0
1776886580.3781028,-4.0,1.0,-39.0
1776886580.3881028,-2.0,-4.0,-36.0
1776886580.3981028,0.0,-2.0,-44.0
1776886580.4081028,1.0,1.0,-41.0
1776886580.4181027,4.0,1.0,-41.0
1776886580.4281027,1.0,0.0,-44.0
1776886580.4381027,0.0,-1.0,-42.0
1776886580.4481027,2.0,-3.0,-42.0
1776886580.4581027,3.0,-5.0,-40.0
1776886580.4681027,5.0,-5.0,-39.0
1776886580.4781027,3.0,-6.0,-39.0
1776886580.488103,3.0,-7.0,-33.0
1776886580.498103,4.0,-4.0,-39.0
1776886580.508103,7.0,-2.0,-44.0
1776886580.5181026,4.0,-3.0,-46.0
1776886580.5281026,2.0,-3.0,-42.0
1776886580.5381026,0.0,-4.0,-44.0
1776886580.5481029,-2.0,-2.0,-46.0
1776886580.5581028,0.0,-1.0,-41.0
1776886580.5681028,-1.0,-2.0,-39.0
1776886580.5781028,3.0,0.0,-45.0
1776886580.5881028,4.0,-1.0,-40.0
1776886580.5981028,0.0,-9.0,-39.0
1776886580.6081028,4.0,-6.0,-43.0
1776886580.6181028,0.0,-1.0,-46.0
1776886580.6281028,1.0,0.0,-47.0
1776886580.6381028,1.0,4.0,-41.0
1776886580.6481028,1.0,1.0,-37.0
1776886580.6581028,6.0,1.0,-38.0
1776886580.6681027,5.0,-3.0,-35.0
1776886580.6781027,7.0,-7.0,-33.0
1776886580.6881027,6.0,-4.0,-38.0
1776886580.6981027,9.0,-1.0,-36.0
1776886580.7081027,6.0,0.0,-37.0
1776886580.7181027,7.0,-3.0,-37.0
1776886580.7281027,6.0,-7.0,-34.0
1776886580.738103,4.0,-6.0,-31.0
1776886580.748103,4.0,-4.0,-31.0
1776886580.758103,8.0,-3.0,-35.0
1776886580.7681026,4.0,-2.0,-34.0
1776886580.7781026,1.0,-4.0,-35.0
1776886580.7881026,0.0,0.0,-34.0
1776886580.7991028,-4.0,-1.0,-40.0
1776886580.8081028,-4.0,0.0,-46.0
1776886580.8191028,-4.0,3.0,-43.0
1776886580.8291028,-6.0,3.0,-39.0
1776886580.8391027,-4.0,4.0,-40.0
1776886580.8491027,-5.0,5.0,-35.0
1776886580.8591027,0.0,3.0,-34.0
1776886580.8691027,3.0,5.0,-35.0
1776886580.8791027,3.0,0.0,-36.0
1776886580.8891027,0.0,0.0,-34.0
1776886580.8991027,-1.0,-1.0,-38.0
1776886580.909103,-1.0,-1.0,-43.0
1776886580.919103,0.0,-2.0,-42.0
1776886580.929103,0.0,-4.0,-41.0
1776886580.9391026,0.0,-6.0,-42.0
1776886580.9491026,2.0,-2.0,-39.0
1776886580.9591026,-3.0,-1.0,-38.0
1776886580.9691026,-2.0,0.0,-38.0
1776886580.9791028,-4.0,0.0,-44.0
1776886580.9891028,-1.0,0.0,-45.0
1776886580.9991028,0.0,-1.0,-49.0
1776886581.0091028,2.0,2.0,-35.0
1776886581.0191028,1.0,3.0,-23.0
1776886581.0291028,4.0,3.0,-23.0
1776886581.0391028,7.0,1.0,-24.0
1776886581.0491028,4.0,1.0,-27.0
1776886581.0591028,4.0,0.0,-25.0
1776886581.0691028,5.0,-1.0,-27.0
1776886581.0791028,3.0,1.0,-30.0
1776886581.0891027,4.0,0.0,-26.0
1776886581.0991027,5.0,-2.0,-31.0
1776886581.1091027,0.0,0.0,-32.0
1776886581.1191027,0.0,0.0,-30.0
1776886581.1291027,-5.0,3.0,-30.0
1776886581.1391027,-7.0,3.0,-41.0
1776886581.1491027,-5.0,0.0,-45.0
1776886581.159103,0.0,-4.0,-39.0
1776886581.169103,5.0,-1.0,-40.0
1776886581.179103,3.0,-1.0,-38.0
1776886581.1891026,4.0,0.0,-40.0
1776886581.1991026,5.0,-1.0,-45.0
1776886581.2091026,8.0,-2.0,-39.0
1776886581.2191026,4.0,-2.0,-40.0
1776886581.2291028,2.0,0.0,-44.0
1776886581.2391028,3.0,-1.0,-41.0
1776886581.2491028,10.0,1.0,-38.0
1776886581.2591028,8.0,2.0,-43.0
1776886581.2691028,4.0,2.0,-38.0
1776886581.2791028,3.0,6.0,-33.0
1776886581.2891028,4.0,4.0,-36.0
1776886581.2991028,4.0,3.0,-44.0
1776886581.3091028,2.0,3.0,-43.0
1776886581.3191028,2.0,4.0,-45.0
1776886581.3291028,2.0,4.0,-39.0
1776886581.3391027,3.0,3.0,-37.0
1776886581.3491027,5.0,0.0,-35.0
1776886581.3591027,6.0,-4.0,-36.0
1776886581.3691027,4.0,-5.0,-36.0
1776886581.3791027,3.0,-4.0,-37.0
1776886581.3891027,4.0,-5.0,-32.0
1776886581.3991027,3.0,-6.0,-28.0
1776886581.409103,0.0,-5.0,-34.0
1776886581.419103,-2.0,-2.0,-41.0
1776886581.429103,-5.0,-2.0,-40.0
1776886581.4391026,-6.0,-4.0,-42.0
1776886581.4491026,-7.0,-6.0,-45.0
1776886581.4591026,-1.0,-7.0,-38.0
1776886581.4691026,-5.0,-6.0,-36.0
1776886581.4791028,-3.0,-6.0,-37.0
1776886581.4891028,-3.0,-6.0,-38.0
1776886581.4991028,-3.0,-7.0,-36.0
1776886581.5091028,-3.0,-6.0,-40.0
1776886581.5191028,-3.0,-7.0,-40.0
1776886581.5291028,-1.0,-7.0,-42.0
1776886581.5391028,-1.0,-7.0,-40.0
1776886581.5491028,-4.0,-4.0,-38.0
1776886581.5591028,-4.0,0.0,-37.0
1776886581.5691028,-2.0,0.0,-36.0
1776886581.5791028,-3.0,1.0,-34.0
1776886581.5891027,-2.0,5.0,-37.0
1776886581.5991027,-3.0,4.0,-39.0
1776886581.6091027,-3.0,3.0,-36.0
1776886581.6191027,1.0,4.0,-32.0
1776886581.6291027,4.0,2.0,-28.0
1776886581.6391027,7.0,0.0,-26.0
1776886581.6491027,3.0,-1.0,-32.0
1776886581.659103,0.0,-3.0,-36.0
1776886581.669103,-3.0,0.0,-40.0
1776886581.679103,-1.0,1.0,-38.0
1776886581.6891026,-2.0,1.0,-36.0
1776886581.6991026,-4.0,4.0,-43.0
1776886581.7091026,1.0,6.0,-40.0
1776886581.7191026,3.0,4.0,-43.0
1776886581.7291028,3.0,2.0,-44.0
1776886581.7391028,5.0,-3.0,-41.0
1776886581.7491028,4.0,-5.0,-42.0
1776886581.7591028,0.0,-6.0,-45.0
1776886581.7691028,1.0,0.0,-43.0
1776886581.7791028,0.0,0.0,-41.0
1776886581.7891028,2.0,-1.0,-40.0
1776886581.7991028,6.0,1.0,-44.0
1776886581.8091028,7.0,2.0,-43.0
1776886581.8191028,5.0,0.0,-46.0
1776886581.8291028,3.0,0.0,-49.0
1776886581.8391027,4.0,0.0,-45.0
1776886581.8491027,4.0,0.0,-47.0
1776886581.8591027,6.0,-1.0,-43.0
1776886581.8691027,6.0,1.0,-31.0
1776886581.8791027,2.0,1.0,-38.0
1776886581.8891027,2.0,2.0,-45.0
1776886581.8991027,4.0,1.0,-49.0
1776886581.909103,-1.0,2.0,-54.0
1776886581.919103,-7.0,1.0,-53.0
1776886581.929103,-3.0,1.0,-50.0
1776886581.9391026,-2.0,3.0,-45.0
1776886581.9491026,-3.0,-1.0,-38.0
1776886581.9591026,-5.0,-7.0,-44.0
1776886581.9691026,-4.0,-4.0,-41.0
1776886581.9791028,-7.0,-4.0,-34.0
1776886581.9891028,-13.0,-2.0,-44.0
1776886581.9991028,-6.0,-2.0,-40.0
1776886582.0091028,-6.0,0.0,-41.0
1776886582.0191028,-2.0,0.0,-41.0
1776886582.0291028,-3.0,-2.0,-39.0
1776886582.0391028,-4.0,-4.0,-41.0
1776886582.0491028,-6.0,-5.0,-44.0
1776886582.0591028,-5.0,-5.0,-44.0
1776886582.0691028,-2.0,-3.0,-42.0
1776886582.0791028,-2.0,-1.0,-40.0
1776886582.0891027,0.0,-6.0,-41.0
1776886582.0991027,2.0,-4.0,-41.0
1776886582.1091027,1.0,-4.0,-44.0
1776886582.1191027,5.0,-5.0,-46.0
1776886582.1291027,5.0,-5.0,-45.0
1776886582.1391027,4.0,-7.0,-40.0
1776886582.1491027,-1.0,-4.0,-32.0
1776886582.159103,4.0,-1.0,-32.0
1776886582.169103,0.0,-1.0,-34.0
1776886582.179103,-6.0,-1.0,-40.0
1776886582.1891026,-4.0,0.0,-34.0
1776886582.1991026,-3.0,2.0,-30.0
1776886582.2091026,0.0,-1.0,-28.0
1776886582.2191026,1.0,0.0,-31.0
1776886582.2291028,2.0,-4.0,-37.0
1776886582.2391028,2.0,-8.0,-36.0
1776886582.2491028,0.0,-10.0,-38.0
1776886582.2591028,-2.0,-9.0,-40.0
1776886582.2691028,-3.0,-7.0,-41.0
1776886582.2791028,-4.0,-6.0,-44.0
1776886582.2891028,0.0,-4.0,-43.0
1776886582.2991028,4.0,-1.0,-36.0
1776886582.3091028,0.0,0.0,-46.0
1776886582.3191028,-5.0,-4.0,-44.0
1776886582.3291028,0.0,-5.0,-39.0
1776886582.3391027,5.0,-4.0,-37.0
1776886582.3491027,3.0,-3.0,-40.0
1776886582.3591027,6.0,1.0,-49.0
1776886582.3691027,6.0,1.0,-37.0
1776886582.3791027,3.0,-1.0,-34.0
1776886582.3891027,0.0,-5.0,-36.0
1776886582.3991027,-4.0,-3.0,-30.0
1776886582.409103,-4.0,-7.0,-39.0
1776886582.419103,0.0,-3.0,-42.0
1776886582.429103,0.0,-2.0,-36.0
1776886582.4391026,0.0,0.0,-33.0
1776886582.4491026,-6.0,0.0,-33.0
1776886582.4591026,-3.0,0.0,-32.0
1776886582.4691026,-2.0,4.0,-32.0
1776886582.4791028,0.0,4.0,-33.0
1776886582.4891028,-3.0,1.0,-38.0
1776886582.4991028,-2.0,0.0,-39.0
1776886582.5091028,-1.0,0.0,-36.0
1776886582.5191028,1.0,2.0,-38.0
1776886582.5291028,5.0,6.0,-39.0
1776886582.5391028,0.0,4.0,-39.0
1776886582.5491028,-2.0,0.0,-33.0
1776886582.5591028,0.0,-1.0,-34.0
1776886582.5691028,-1.0,-2.0,-36.0
1776886582.5791028,-5.0,-4.0,-34.0
1776886582.5891027,0.0,-2.0,-40.0
1776886582.5991027,0.0,-1.0,-42.0
1776886582.6091027,0.0,0.0,-40.0
1776886582.6191027,0.0,-1.0,-35.0
1776886582.6291027,0.0,-1.0,-38.0
1776886582.6391027,0.0,0.0,-37.0
1776886582.6491027,4.0,0.0,-37.0
1776886582.659103,0.0,-4.0,-34.0
1776886582.669103,-1.0,-6.0,-37.0
1776886582.679103,-1.0,-6.0,-40.0
1776886582.6891026,-2.0,-3.0,-40.0
1776886582.6991026,-3.0,-3.0,-39.0
1776886582.7101028,-4.0,-1.0,-39.0
1776886582.7191026,-7.0,-1.0,-42.0
1776886582.7291028,0.0,-3.0,-42.0
1776886582.7391028,1.0,-4.0,-44.0
1776886582.7491028,3.0,-8.0,-45.0
1776886582.7591028,0.0,-8.0,-46.0
1776886582.7691028,0.0,-7.0,-44.0
1776886582.7801027,0.0,-1.0,-44.0
1776886582.7891028,0.0,-1.0,-44.0
1776886582.8001027,-1.0,-1.0,-42.0
1776886582.8091028,2.0,-2.0,-35.0
1776886582.8201027,1.0,-2.0,-36.0
1776886582.8301027,-1.0,-2.0,-33.0
1776886582.840103,-1.0,0.0,-25.0
1776886582.850103,-5.0,2.0,-27.0
1776886582.860103,-6.0,2.0,-35.0
1776886582.8701026,-6.0,0.0,-38.0
1776886582.8801026,-7.0,1.0,-38.0
1776886582.8901026,0.0,-3.0,-32.0
1776886582.9001029,2.0,0.0,-32.0
1776886582.9101028,3.0,-3.0,-31.0
1776886582.9201028,4.0,-6.0,-36.0
1776886582.9301028,8.0,-3.0,-34.0
1776886582.9401028,7.0,-6.0,-36.0
1776886582.9501028,7.0,-12.0,-38.0
1776886582.9601028,6.0,-10.0,-39.0
1776886582.9701028,0.0,-9.0,-40.0
1776886582.9801028,0.0,-10.0,-45.0
1776886582.9901028,0.0,-10.0,-44.0
1776886583.0001028,1.0,-6.0,-44.0
1776886583.0101027,6.0,-6.0,-41.0
1776886583.0201027,8.0,-5.0,-41.0
1776886583.0301027,8.0,-5.0,-41.0
1776886583.0401027,7.0,0.0,-47.0
1776886583.0501027,4.0,-2.0,-52.0
1776886583.0601027,6.0,1.0,-50.0
1776886583.0701027,2.0,-1.0,-45.0
1776886583.0801027,1.0,-2.0,-48.0
1776886583.090103,0.0,2.0,-49.0
1776886583.100103,6.0,8.0,-34.0
1776886583.110103,3.0,3.0,-26.0
1776886583.1201026,1.0,4.0,-29.0
1776886583.1301026,6.0,4.0,-28.0
1776886583.1401026,4.0,1.0,-34.0
1776886583.1501029,5.0,0.0,-31.0
1776886583.1601028,6.0,-3.0,-30.0
1776886583.1701028,4.0,-2.0,-29.0
1776886583.1801028,0.0,-4.0,-30.0
1776886583.1901028,-3.0,-3.0,-35.0
1776886583.2001028,0.0,-1.0,-34.0
1776886583.2101028,-3.0,0.0,-35.0
1776886583.2201028,-4.0,3.0,-35.0
1776886583.2301028,-3.0,2.0,-33.0
1776886583.2401028,-8.0,2.0,-31.0
1776886583.2501028,-10.0,1.0,-38.0
1776886583.2601027,-8.0,-3.0,-41.0
1776886583.2701027,-5.0,-6.0,-45.0
1776886583.2801027,-5.0,-7.0,-38.0
1776886583.2901027,-1.0,-5.0,-34.0
1776886583.3001027,0.0,-1.0,-34.0
1776886583.3101027,-3.0,-2.0,-35.0
1776886583.3201027,0.0,0.0,-32.0
1776886583.3301027,-1.0,0.0,-39.0
1776886583.340103,0.0,-4.0,-35.0
1776886583.350103,0.0,-8.0,-40.0
1776886583.360103,2.0,-9.0,-43.0
1776886583.3701026,1.0,-6.0,-31.0
1776886583.3801026,1.0,-5.0,-41.0
1776886583.3901026,2.0,-5.0,-52.0
1776886583.4001029,4.0,-5.0,-47.0
1776886583.4101028,8.0,-3.0,-46.0
1776886583.4201028,5.0,0.0,-51.0
1776886583.4301028,5.0,2.0,-55.0
1776886583.4401028,7.0,3.0,-58.0
1776886583.4501028,7.0,-2.0,-54.0
1776886583.4601028,4.0,-6.0,-50.0
1776886583.4701028,0.0,-7.0,-51.0
1776886583.4801028,0.0,-12.0,-53.0
1776886583.4901028,0.0,-5.0,-46.0
1776886583.5001028,0.0,-5.0,-43.0
1776886583.5101027,4.0,-6.0,-39.0
1776886583.5201027,4.0,-7.0,-41.0
1776886583.5301027,5.0,-6.0,-37.0
1776886583.5401027,2.0,-5.0,-30.0
1776886583.5501027,5.0,-1.0,-29.0
1776886583.5601027,5.0,-4.0,-41.0
1776886583.5701027,4.0,-4.0,-41.0
1776886583.5801027,3.0,-1.0,-40.0
1776886583.590103,9.0,-1.0,-36.0
1776886583.600103,1.0,-3.0,-37.0
1776886583.610103,-1.0,-5.0,-34.0
1776886583.6201026,4.0,-2.0,-30.0
1776886583.6301026,4.0,-4.0,-37.0
1776886583.6401026,4.0,-5.0,-33.0
1776886583.6501029,1.0,-5.0,-33.0
1776886583.6601028,6.0,-4.0,-35.0
1776886583.6701028,9.0,-4.0,-31.0
1776886583.6801028,6.0,-3.0,-29.0
1776886583.6901028,6.0,-7.0,-25.0
1776886583.7001028,9.0,-8.0,-25.0
1776886583.7101028,11.0,-7.0,-24.0
1776886583.7201028,8.0,-6.0,-27.0
1776886583.7301028,6.0,-4.0,-28.0
1776886583.7401028,8.0,-6.0,-28.0
1776886583.7501028,10.0,-4.0,-34.0
1776886583.7601027,11.0,-3.0,-40.0
1776886583.7701027,11.0,-2.0,-43.0
1776886583.7801027,9.0,-6.0,-41.0
1776886583.7901027,7.0,-2.0,-45.0
1776886583.8001027,3.0,-2.0,-39.0
1776886583.8101027,0.0,0.0,-33.0
1776886583.8201027,1.0,3.0,-35.0
1776886583.8301027,0.0,0.0,-34.0
1776886583.840103,0.0,-1.0,-32.0
1776886583.850103,1.0,-1.0,-34.0
1776886583.860103,4.0,-4.0,-36.0
1776886583.8701026,4.0,-5.0,-39.0
1776886583.8801026,3.0,-2.0,-39.0
1776886583.8901026,1.0,-2.0,-41.0
1776886583.9001029,2.0,-4.0,-42.0
1776886583.9101028,4.0,0.0,-42.0
1776886583.9201028,4.0,-1.0,-39.0
1776886583.9301028,5.0,-4.0,-40.0
1776886583.9401028,1.0,-1.0,-33.0
1776886583.9501028,2.0,0.0,-34.0
1776886583.9601028,0.0,0.0,-37.0
1776886583.9701028,2.0,1.0,-39.0
1776886583.9801028,0.0,0.0,-38.0
1776886583.9901028,3.0,-2.0,-32.0
1776886584.0001028,3.0,0.0,-36.0
1776886584.0101027,0.0,3.0,-35.0
1776886584.0201027,0.0,2.0,-37.0
1776886584.0301027,1.0,2.0,-36.0
1776886584.0401027,2.0,7.0,-42.0
1776886584.0501027,-3.0,5.0,-45.0
1776886584.0601027,-5.0,5.0,-45.0
1776886584.0701027,-7.0,0.0,-43.0
1776886584.0801027,-5.0,0.0,-45.0
1776886584.090103,-3.0,0.0,-41.0
1776886584.100103,-4.0,1.0,-44.0
1776886584.110103,-3.0,-1.0,-44.0
1776886584.1201026,0.0,-2.0,-48.0
1776886584.1301026,0.0,-4.0,-42.0
1776886584.1401026,-1.0,-8.0,-43.0
1776886584.1501029,-1.0,-4.0,-45.0
1776886584.1601028,0.0,-3.0,-40.0
1776886584.1701028,0.0,0.0,-37.0
1776886584.1801028,1.0,2.0,-29.0
1776886584.1901028,-4.0,6.0,-35.0
1776886584.2001028,-4.0,6.0,-39.0
1776886584.2101028,-5.0,1.0,-34.0
1776886584.2201028,-2.0,0.0,-37.0
1776886584.2301028,-5.0,-1.0,-38.0
1776886584.2401028,-5.0,0.0,-39.0
1776886584.2501028,-7.0,-5.0,-36.0
1776886584.2601027,-7.0,-5.0,-37.0
1776886584.2701027,-2.0,-6.0,-45.0
1776886584.2801027,-3.0,-1.0,-46.0
1776886584.2901027,1.0,2.0,-43.0
1776886584.3001027,0.0,-2.0,-45.0
1776886584.3101027,1.0,-4.0,-49.0
1776886584.3201027,6.0,-4.0,-49.0
1776886584.3301027,4.0,-4.0,-47.0
1776886584.340103,4.0,-3.0,-45.0
1776886584.350103,5.0,-5.0,-46.0
1776886584.360103,2.0,-5.0,-41.0
1776886584.3701026,3.0,-7.0,-43.0
1776886584.3801026,4.0,-6.0,-42.0
1776886584.3901026,5.0,-4.0,-43.0
1776886584.4001029,4.0,-1.0,-37.0
1776886584.4101028,-1.0,0.0,-41.0
1776886584.4201028,-3.0,0.0,-41.0
1776886584.4301028,-7.0,2.0,-44.0
1776886584.4401028,-9.0,1.0,-57.0
1776886584.4501028,-7.0,-1.0,-53.0
1776886584.4601028,-2.0,-3.0,-47.0
1776886584.4701028,0.0,-1.0,-39.0
1776886584.4801028,1.0,-2.0,-44.0
1776886584.4901028,0.0,-2.0,-46.0
1776886584.5001028,-1.0,0.0,-47.0
1776886584.5101027,0.0,1.0,-43.0
1776886584.5201027,0.0,1.0,-46.0
1776886584.5301027,0.0,2.0,-43.0
1776886584.5401027,0.0,0.0,-41.0
1776886584.5501027,1.0,0.0,-40.0
1776886584.5601027,2.0,0.0,-40.0
1776886584.5701027,0.0,0.0,-43.0
1776886584.5801027,2.0,-2.0,-43.0
1776886584.590103,2.0,-3.0,-37.0
1776886584.600103,2.0,-4.0,-35.0
1776886584.610103,1.0,-7.0,-41.0
1776886584.6201026,0.0,-6.0,-39.0
1776886584.6301026,-2.0,-6.0,-46.0
1776886584.6401026,1.0,-7.0,-38.0
1776886584.6501029,0.0,-8.0,-39.0
1776886584.6601028,-1.0,-4.0,-38.0
1776886584.6701028,-3.0,-3.0,-38.0
1776886584.6801028,-7.0,-5.0,-38.0
1776886584.6901028,-9.0,-5.0,-34.0
1776886584.7001028,-7.0,-5.0,-40.0
1776886584.7101028,-6.0,-7.0,-40.0
1776886584.7201028,-2.0,-6.0,-41.0
1776886584.7301028,2.0,-6.0,-38.0
1776886584.7401028,5.0,-9.0,-32.0
1776886584.7501028,1.0,-9.0,-38.0
1776886584.7601027,-2.0,-10.0,-40.0
1776886584.7701027,-2.0,-9.0,-41.0
1776886584.781103,0.0,-6.0,-40.0
1776886584.7901027,2.0,-6.0,-40.0
1776886584.8001027,3.0,-4.0,-38.0
1776886584.8101027,-3.0,-2.0,-44.0
1776886584.8211029,-2.0,-1.0,-45.0
1776886584.8311028,-6.0,1.0,-44.0
1776886584.8411028,-8.0,-2.0,-39.0
1776886584.8511028,-3.0,-5.0,-43.0
1776886584.8611028,-2.0,-8.0,-38.0
1776886584.8711028,-1.0,-5.0,-42.0
1776886584.8811028,1.0,-7.0,-43.0
1776886584.8911028,0.0,-6.0,-44.0
1776886584.9011028,0.0,-3.0,-41.0
1776886584.9111028,0.0,0.0,-46.0
1776886584.9211028,1.0,0.0,-40.0
1776886584.9311028,4.0,0.0,-38.0
1776886584.9411027,6.0,2.0,-45.0
1776886584.9511027,7.0,2.0,-47.0
1776886584.9611027,6.0,-2.0,-43.0
1776886584.9711027,1.0,-3.0,-36.0
1776886584.9811027,2.0,-4.0,-39.0
1776886584.9911027,5.0,-2.0,-46.0
1776886585.0011027,3.0,-8.0,-44.0
1776886585.011103,0.0,-7.0,-44.0
1776886585.021103,-2.0,-3.0,-41.0
1776886585.031103,-4.0,-6.0,-39.0
1776886585.0411026,-4.0,-11.0,-41.0
1776886585.0511026,-7.0,-9.0,-45.0
1776886585.0611026,-8.0,-10.0,-37.0
1776886585.0711029,-3.0,-5.0,-32.0
1776886585.0811028,0.0,0.0,-33.0
1776886585.0911028,-3.0,0.0,-32.0
1776886585.1011028,0.0,0.0,-35.0
1776886585.1111028,4.0,-2.0,-41.0
1776886585.1211028,5.0,-2.0,-40.0
1776886585.1311028,5.0,-1.0,-41.0
1776886585.1411028,2.0,-4.0,-45.0
1776886585.1511028,3.0,-4.0,-37.0
1776886585.1611028,0.0,-2.0,-40.0
1776886585.1711028,0.0,-2.0,-46.0
1776886585.1811028,0.0,-3.0,-47.0
1776886585.1911027,0.0,-1.0,-51.0
1776886585.2011027,-2.0,-2.0,-45.0
1776886585.2111027,-9.0,-3.0,-42.0
1776886585.2211027,-6.0,-2.0,-35.0
1776886585.2311027,-1.0,-2.0,-36.0
1776886585.2411027,0.0,-1.0,-42.0
1776886585.2511027,-2.0,1.0,-41.0
1776886585.261103,-2.0,0.0,-47.0
1776886585.271103,1.0,-4.0,-46.0
1776886585.281103,1.0,-2.0,-43.0
1776886585.2911026,-2.0,0.0,-49.0
1776886585.3011026,-1.0,0.0,-47.0
1776886585.3111026,4.0,0.0,-40.0
1776886585.3211029,4.0,-3.0,-40.0
1776886585.3311028,1.0,-3.0,-49.0
1776886585.3411028,1.0,-2.0,-51.0
1776886585.3511028,2.0,0.0,-46.0
1776886585.3611028,0.0,2.0,-47.0
1776886585.3711028,0.0,-2.0,-47.0
1776886585.3811028,0.0,-2.0,-45.0
1776886585.3911028,4.0,-2.0,-46.0
1776886585.4011028,5.0,-1.0,-44.0
1776886585.4111028,7.0,0.0,-43.0
1776886585.4211028,8.0,2.0,-43.0
1776886585.4311028,9.0,0.0,-45.0
1776886585.4411027,11.0,0.0,-46.0
1776886585.4511027,5.0,0.0,-48.0
1776886585.4611027,3.0,2.0,-51.0
1776886585.4711027,-1.0,0.0,-52.0
1776886585.4811027,2.0,2.0,-52.0
1776886585.4911027,2.0,3.0,-47.0
1776886585.5011027,3.0,2.0,-47.0
1776886585.511103,4.0,-1.0,-48.0
1776886585.521103,0.0,-1.0,-54.0
1776886585.531103,-1.0,0.0,-49.0
1776886585.5411026,1.0,1.0,-46.0
1776886585.5511026,0.0,1.0,-44.0
1776886585.5611026,1.0,1.0,-39.0
1776886585.5711029,-1.0,0.0,-44.0
1776886585.5811028,-3.0,-2.0,-47.0
1776886585.5911028,-3.0,0.0,-44.0
1776886585.6011028,-4.0,1.0,-42.0
1776886585.6111028,1.0,4.0,-37.0
1776886585.6211028,0.0,7.0,-45.0
1776886585.6311028,-2.0,3.0,-45.0
1776886585.6411028,0.0,5.0,-41.0
1776886585.6511028,-1.0,6.0,-38.0
1776886585.6611028,-1.0,-2.0,-38.0
1776886585.6711028,-5.0,-4.0,-34.0
1776886585.6811028,-3.0,1.0,-31.0
1776886585.6911027,1.0,4.0,-28.0
1776886585.7011027,-3.0,2.0,-38.0
1776886585.7111027,-1.0,-2.0,-34.0
1776886585.7211027,-1.0,-4.0,-35.0
1776886585.7311027,1.0,-3.0,-37.0
1776886585.7411027,-3.0,-4.0,-38.0
1776886585.7511027,-1.0,-8.0,-39.0
1776886585.761103,3.0,-6.0,-38.0
1776886585.771103,1.0,-9.0,-35.0
1776886585.781103,1.0,-3.0,-31.0
1776886585.7911026,1.0,-2.0,-32.0
1776886585.8011026,1.0,-2.0,-41.0
1776886585.8111026,3.0,-4.0,-41.0
1776886585.8211029,0.0,0.0,-33.0
1776886585.8311028,1.0,-2.0,-36.0
1776886585.8411028,6.0,-2.0,-44.0
1776886585.8511028,3.0,-2.0,-45.0
1776886585.8611028,0.0,-2.0,-42.0
1776886585.8711028,2.0,-2.0,-51.0
1776886585.8811028,0.0,-1.0,-51.0
1776886585.8911028,-1.0,-1.0,-51.0
1776886585.9011028,-3.0,-1.0,-51.0
1776886585.9111028,-6.0,0.0,-49.0
1776886585.9211028,-1.0,1.0,-50.0
1776886585.9311028,-3.0,3.0,-48.0
1776886585.9411027,-6.0,2.0,-45.0
1776886585.9511027,-6.0,0.0,-45.0
1776886585.9611027,-7.0,-1.0,-40.0
1776886585.9711027,-4.0,0.0,-39.0
1776886585.9811027,-3.0,1.0,-39.0
1776886585.9911027,0.0,2.0,-36.0
1776886586.0011027,-1.0,0.0,-38.0
1776886586.011103,-3.0,-3.0,-40.0
1776886586.021103,-4.0,-8.0,-41.0
1776886586.031103,-3.0,-7.0,-41.0
1776886586.0411026,-9.0,-6.0,-34.0
1776886586.0511026,-7.0,-11.0,-36.0
1776886586.0611026,-7.0,-10.0,-35.0
1776886586.0711029,-2.0,-13.0,-34.0
1776886586.0811028,0.0,-17.0,-35.0
1776886586.0911028,3.0,-19.0,-30.0
1776886586.1011028,0.0,-15.0,-28.0
1776886586.1111028,2.0,-13.0,-30.0
1776886586.1211028,-1.0,-9.0,-30.0
1776886586.1311028,0.0,-6.0,-34.0
1776886586.1411028,1.0,-6.0,-34.0
1776886586.1511028,3.0,-2.0,-37.0
1776886586.1611028,7.0,0.0,-39.0
1776886586.1711028,10.0,1.0,-40.0
1776886586.1811028,6.0,2.0,-44.0
1776886586.1911027,7.0,0.0,-45.0
1776886586.2011027,2.0,-5.0,-41.0
1776886586.2111027,2.0,-10.0,-40.0
1776886586.2211027,0.0,-7.0,-36.0
1776886586.2311027,0.0,-2.0,-37.0
1776886586.2411027,0.0,-3.0,-45.0
1776886586.2511027,0.0,-4.0,-40.0
1776886586.261103,-3.0,-4.0,-44.0
1776886586.271103,-1.0,-8.0,-44.0
1776886586.281103,-2.0,-6.0,-45.0
1776886586.2911026,-3.0,-10.0,-44.0
1776886586.3011026,-2.0,-5.0,-43.0
1776886586.3111026,-4.0,-4.0,-37.0
1776886586.3211029,-3.0,-6.0,-37.0
1776886586.3311028,-5.0,-3.0,-36.0
1776886586.3411028,-11.0,-3.0,-40.0
1776886586.3511028,-7.0,-2.0,-46.0
1776886586.3611028,-10.0,3.0,-36.0
1776886586.3711028,-14.0,5.0,-36.0
1776886586.3811028,-9.0,1.0,-35.0
1776886586.3911028,-6.0,0.0,-32.0
1776886586.4011028,-1.0,-1.0,-33.0
1776886586.4111028,-3.0,1.0,-40.0
1776886586.4211028,-4.0,1.0,-44.0
1776886586.4311028,0.0,2.0,-44.0
1776886586.4411027,-9.0,7.0,-43.0
1776886586.4511027,-9.0,7.0,-41.0
1776886586.4611027,-5.0,6.0,-45.0
1776886586.4711027,0.0,4.0,-40.0
1776886586.4811027,0.0,3.0,-33.0
1776886586.4911027,-1.0,4.0,-35.0
1776886586.5011027,3.0,1.0,-39.0
1776886586.511103,0.0,0.0,-43.0
1776886586.521103,-1.0,-2.0,-45.0
1776886586.531103,-2.0,-3.0,-42.0
1776886586.5411026,-3.0,-6.0,-43.0
1776886586.5511026,0.0,-8.0,-42.0
1776886586.5611026,3.0,-6.0,-43.0
1776886586.5711029,1.0,-3.0,-35.0
1776886586.5811028,3.0,-3.0,-29.0
1776886586.5911028,2.0,-4.0,-32.0
1776886586.6011028,4.0,-6.0,-35.0
1776886586.6111028,2.0,-7.0,-34.0
1776886586.6211028,-1.0,-7.0,-36.0
1776886586.6311028,-1.0,-10.0,-44.0
1776886586.6411028,0.0,-7.0,-43.0
1776886586.6511028,5.0,-8.0,-32.0
1776886586.6611028,0.0,-8.0,-35.0
1776886586.6711028,-2.0,-7.0,-36.0
1776886586.6811028,0.0,-7.0,-36.0
1776886586.6911027,-3.0,-7.0,-38.0
1776886586.7011027,-1.0,-3.0,-36.0
1776886586.7111027,1.0,-4.0,-37.0
1776886586.7211027,-2.0,-3.0,-44.0
1776886586.7311027,-2.0,-2.0,-40.0
1776886586.7411027,-1.0,-1.0,-40.0
1776886586.7511027,-1.0,-2.0,-36.0
1776886586.761103,-3.0,-2.0,-34.0
1776886586.7721028,2.0,0.0,-42.0
1776886586.7821028,0.0,0.0,-47.0
1776886586.7921028,0.0,2.0,-49.0
1776886586.8011026,-1.0,4.0,-42.0
1776886586.8111026,0.0,1.0,-42.0
1776886586.8221028,0.0,0.0,-39.0
1776886586.8321028,-2.0,1.0,-35.0
1776886586.8421028,5.0,-3.0,-34.0
1776886586.8521028,4.0,-6.0,-38.0
1776886586.8621027,2.0,-2.0,-43.0
1776886586.8721027,0.0,-5.0,-48.0
1776886586.8821027,-1.0,-7.0,-46.0
1776886586.8921027,3.0,-4.0,-41.0
1776886586.9021027,5.0,-3.0,-44.0
1776886586.9121027,2.0,-3.0,-46.0
1776886586.9221027,1.0,-1.0,-41.0
1776886586.932103,-2.0,0.0,-42.0
1776886586.942103,0.0,4.0,-36.0
1776886586.952103,0.0,-2.0,-38.0
1776886586.962103,0.0,1.0,-44.0
1776886586.9721026,-1.0,-2.0,-36.0
1776886586.9821026,-5.0,-1.0,-37.0
1776886586.9921026,-6.0,-4.0,-33.0
1776886587.0021029,-6.0,-4.0,-32.0
1776886587.0121028,-1.0,0.0,-34.0
1776886587.0221028,0.0,1.0,-38.0
1776886587.0321028,0.0,0.0,-42.0
1776886587.0421028,1.0,0.0,-47.0
1776886587.0521028,-5.0,3.0,-48.0
1776886587.0621028,-8.0,2.0,-47.0
1776886587.0721028,-6.0,2.0,-47.0
1776886587.0821028,-5.0,1.0,-47.0
1776886587.0921028,-3.0,2.0,-45.0
1776886587.1021028,0.0,1.0,-44.0
1776886587.1121027,-3.0,-1.0,-39.0
1776886587.1221027,-5.0,0.0,-38.0
1776886587.1321027,-4.0,-1.0,-44.0
1776886587.1421027,-2.0,0.0,-44.0
1776886587.1521027,0.0,-3.0,-44.0
1776886587.1621027,1.0,-2.0,-36.0
1776886587.1721027,-1.0,-4.0,-40.0
1776886587.182103,0.0,-6.0,-39.0
1776886587.192103,3.0,-4.0,-34.0
1776886587.202103,1.0,-4.0,-38.0
1776886587.212103,-2.0,-3.0,-44.0
1776886587.2221026,1.0,-1.0,-45.0
1776886587.2321026,0.0,-4.0,-41.0
1776886587.2421026,4.0,-6.0,-39.0
1776886587.2521029,6.0,-9.0,-36.0
1776886587.2621028,5.0,-11.0,-27.0
1776886587.2721028,-2.0,-10.0,-26.0
1776886587.2821028,-4.0,-6.0,-29.0
1776886587.2921028,-1.0,-7.0,-36.0
1776886587.3021028,-4.0,-6.0,-34.0
1776886587.3121028,-1.0,-4.0,-36.0
1776886587.3221028,-1.0,0.0,-36.0
1776886587.3321028,1.0,-1.0,-37.0
1776886587.3421028,-2.0,-1.0,-40.0
1776886587.3521028,-8.0,-1.0,-37.0
1776886587.3621027,-7.0,-1.0,-39.0
1776886587.3721027,-4.0,0.0,-34.0
1776886587.3821027,-4.0,-2.0,-40.0
1776886587.3921027,-4.0,-5.0,-40.0
1776886587.4021027,-3.0,-3.0,-40.0
1776886587.4121027,0.0,-3.0,-35.0
1776886587.4221027,-2.0,-7.0,-36.0
1776886587.432103,0.0,-6.0,-31.0
1776886587.442103,1.0,-4.0,-30.0
1776886587.452103,-3.0,-5.0,-27.0
1776886587.462103,-7.0,-3.0,-26.0
1776886587.4721026,-3.0,0.0,-28.0
1776886587.4821026,0.0,-3.0,-28.0
1776886587.4921026,1.0,-3.0,-27.0
1776886587.5021029,3.0,-4.0,-27.0
1776886587.5121028,0.0,-3.0,-33.0
1776886587.5231028,0.0,0.0,-39.0
1776886587.5321028,6.0,0.0,-49.0
1776886587.5421028,0.0,-1.0,-52.0
1776886587.5521028,0.0,-4.0,-48.0
1776886587.5621028,-3.0,-1.0,-42.0
1776886587.5721028,-2.0,-1.0,-48.0
1776886587.5821028,-1.0,0.0,-41.0
1776886587.5921028,-2.0,-1.0,-41.0
1776886587.6021028,-1.0,-1.0,-43.0
1776886587.6121027,-3.0,0.0,-46.0
1776886587.6221027,-5.0,0.0,-42.0
1776886587.6321027,-3.0,-2.0,-34.0
1776886587.6421027,-3.0,-2.0,-34.0
1776886587.6521027,-3.0,-5.0,-38.0
1776886587.6621027,2.0,-3.0,-37.0
1776886587.6721027,6.0,-4.0,-36.0
1776886587.682103,4.0,3.0,-41.0
1776886587.692103,2.0,0.0,-39.0
1776886587.702103,0.0,0.0,-47.0
1776886587.712103,0.0,-1.0,-46.0
1776886587.7221026,0.0,-2.0,-45.0
1776886587.7321026,-3.0,-4.0,-47.0
1776886587.7421026,-7.0,-3.0,-39.0
1776886587.7521029,-8.0,0.0,-41.0
1776886587.7621028,1.0,3.0,-42.0
1776886587.7721028,6.0,6.0,-39.0
1776886587.7821028,7.0,6.0,-35.0
1776886587.7921028,3.0,3.0,-30.0
1776886587.8021028,2.0,0.0,-24.0
1776886587.8121028,1.0,0.0,-24.0
1776886587.8221028,0.0,0.0,-30.0
1776886587.8321028,4.0,0.0,-32.0
1776886587.8421028,4.0,0.0,-30.0
1776886587.8521028,4.0,0.0,-32.0
1776886587.8621027,-2.0,-5.0,-31.0
1776886587.8721027,-3.0,-2.0,-35.0
1776886587.8821027,-3.0,-6.0,-40.0
1776886587.8921027,-5.0,-5.0,-40.0
1776886587.9021027,-2.0,-1.0,-34.0
1776886587.9121027,0.0,-2.0,-28.0
1776886587.9221027,-2.0,-1.0,-34.0
1776886587.932103,-5.0,1.0,-39.0
1776886587.942103,-4.0,0.0,-35.0
1776886587.952103,-4.0,0.0,-42.0
1776886587.962103,-5.0,-1.0,-44.0
1776886587.9721026,-5.0,0.0,-40.0
1776886587.9821026,-6.0,0.0,-37.0
1776886587.9921026,-4.0,2.0,-39.0
1776886588.0021029,-4.0,3.0,-40.0
1776886588.0121028,-8.0,3.0,-42.0
1776886588.0221028,-7.0,0.0,-39.0
1776886588.0321028,0.0,0.0,-34.0
1776886588.0421028,0.0,0.0,-35.0
1776886588.0521028,0.0,3.0,-36.0
1776886588.0621028,1.0,-3.0,-32.0
1776886588.0721028,1.0,-2.0,-39.0
1776886588.0821028,0.0,-2.0,-34.0
1776886588.0921028,0.0,-5.0,-37.0
1776886588.1021028,-1.0,-7.0,-37.0
1776886588.1121027,-2.0,-7.0,-35.0
1776886588.1221027,-3.0,-3.0,-35.0
1776886588.1321027,-6.0,-3.0,-41.0
1776886588.1421027,-1.0,-1.0,-40.0
1776886588.1521027,-3.0,0.0,-40.0
1776886588.1621027,-10.0,-5.0,-50.0
1776886588.1721027,-7.0,-1.0,-51.0
1776886588.182103,-7.0,-2.0,-51.0
1776886588.192103,-5.0,-4.0,-51.0
1776886588.202103,0.0,1.0,-46.0
1776886588.212103,-3.0,0.0,-48.0
1776886588.2221026,-2.0,-2.0,-48.0
1776886588.2321026,0.0,0.0,-47.0
1776886588.2421026,4.0,1.0,-47.0
1776886588.2521029,7.0,1.0,-48.0
1776886588.2621028,5.0,2.0,-45.0
1776886588.2721028,3.0,1.0,-43.0
1776886588.2821028,3.0,1.0,-42.0
1776886588.2921028,5.0,-1.0,-41.0
1776886588.3021028,3.0,-1.0,-39.0
1776886588.3121028,3.0,-8.0,-40.0
1776886588.3221028,5.0,-7.0,-37.0
1776886588.3321028,6.0,-3.0,-34.0
1776886588.3421028,6.0,0.0,-36.0
1776886588.3521028,9.0,0.0,-41.0
1776886588.3621027,6.0,0.0,-41.0
1776886588.3721027,1.0,4.0,-36.0
1776886588.3821027,-4.0,3.0,-38.0
1776886588.3921027,-7.0,2.0,-36.0
1776886588.4021027,-9.0,-1.0,-37.0
1776886588.4121027,-7.0,0.0,-37.0
1776886588.4221027,-7.0,0.0,-41.0
1776886588.432103,-6.0,0.0,-44.0
1776886588.442103,-6.0,1.0,-47.0
1776886588.452103,-7.0,-1.0,-44.0
1776886588.462103,-10.0,-3.0,-40.0
1776886588.4721026,-7.0,0.0,-37.0
1776886588.4821026,-1.0,-4.0,-33.0
1776886588.4921026,2.0,-4.0,-38.0
1776886588.5021029,0.0,0.0,-36.0
1776886588.5121028,-1.0,0.0,-35.0
1776886588.5221028,-1.0,-1.0,-36.0
1776886588.5321028,-1.0,-3.0,-38.0
1776886588.5421028,-2.0,-6.0,-37.0
1776886588.5521028,-1.0,-7.0,-35.0
1776886588.5621028,-2.0,-7.0,-33.0
1776886588.5721028,-3.0,-5.0,-34.0
1776886588.5821028,-2.0,-1.0,-32.0
1776886588.5921028,1.0,0.0,-30.0
1776886588.6021028,6.0,-2.0,-35.0
1776886588.6121027,4.0,-8.0,-33.0
1776886588.6221027,4.0,-1.0,-34.0
1776886588.6321027,1.0,1.0,-36.0
1776886588.6421027,-1.0,1.0,-37.0
1776886588.6521027,1.0,1.0,-41.0
1776886588.6621027,1.0,-1.0,-44.0
1776886588.6721027,0.0,-1.0,-45.0
1776886588.682103,0.0,-4.0,-43.0
1776886588.692103,0.0,-2.0,-44.0
1776886588.702103,4.0,-1.0,-45.0
1776886588.712103,3.0,0.0,-41.0
1776886588.7221026,-2.0,0.0,-37.0
1776886588.7321026,1.0,0.0,-37.0
1776886588.7421026,1.0,0.0,-35.0
1776886588.7521029,3.0,-2.0,-35.0
1776886588.7621028,0.0,-2.0,-33.0
1776886588.7731028,0.0,0.0,-37.0
1776886588.7831028,0.0,1.0,-38.0
1776886588.7931027,2.0,4.0,-33.0
1776886588.8031027,0.0,3.0,-28.0
1776886588.8131027,0.0,-1.0,-28.0
1776886588.8231027,0.0,-2.0,-31.0
1776886588.8331027,0.0,-1.0,-34.0
1776886588.8431027,2.0,3.0,-39.0
1776886588.8531027,5.0,3.0,-42.0
1776886588.863103,3.0,4.0,-45.0
1776886588.873103,-1.0,2.0,-48.0
1776886588.883103,0.0,2.0,-39.0
1776886588.8931026,-3.0,2.0,-50.0
1776886588.9031026,-9.0,0.0,-53.0
1776886588.9131026,-12.0,0.0,-47.0
1776886588.9231029,-9.0,0.0,-40.0
1776886588.9331028,-9.0,-5.0,-38.0
1776886588.9431028,-5.0,-1.0,-35.0
1776886588.9531028,1.0,-2.0,-30.0
1776886588.9631028,0.0,-3.0,-28.0
1776886588.9731028,-3.0,-2.0,-28.0
1776886588.9831028,-1.0,0.0,-31.0
1776886588.9931028,3.0,-5.0,-38.0
1776886589.0031028,4.0,-4.0,-34.0
1776886589.0131028,5.0,-2.0,-34.0
1776886589.0231028,8.0,0.0,-39.0
1776886589.0331028,7.0,3.0,-41.0
1776886589.0431027,4.0,5.0,-44.0
1776886589.0531027,3.0,2.0,-45.0
1776886589.0631027,1.0,2.0,-48.0
1776886589.0731027,1.0,3.0,-47.0
1776886589.0831027,1.0,4.0,-44.0
1776886589.0931027,0.0,3.0,-43.0
1776886589.1031027,0.0,4.0,-47.0
1776886589.113103,1.0,4.0,-43.0
1776886589.123103,1.0,0.0,-39.0
1776886589.133103,0.0,1.0,-37.0
1776886589.1431026,1.0,2.0,-29.0
1776886589.1531026,0.0,-1.0,-33.0
1776886589.1631026,0.0,-5.0,-33.0
1776886589.1731029,4.0,-2.0,-36.0
1776886589.1831028,7.0,-4.0,-34.0
1776886589.1931028,3.0,-1.0,-39.0
1776886589.2031028,0.0,-2.0,-45.0
1776886589.2131028,0.0,-5.0,-44.0
1776886589.2231028,-1.0,-5.0,-51.0
1776886589.2331028,0.0,-7.0,-47.0
1776886589.2431028,2.0,-3.0,-44.0
1776886589.2531028,0.0,-2.0,-46.0
1776886589.2631028,-1.0,-4.0,-51.0
1776886589.2731028,-2.0,0.0,-48.0
1776886589.2831028,1.0,-2.0,-53.0
1776886589.2931027,2.0,0.0,-53.0
1776886589.3031027,3.0,0.0,-57.0
1776886589.3131027,4.0,3.0,-51.0
1776886589.3231027,2.0,0.0,-45.0
1776886589.3331027,3.0,0.0,-48.0
1776886589.3431027,5.0,-1.0,-47.0
1776886589.3531027,3.0,-1.0,-40.0
1776886589.363103,8.0,-1.0,-39.0
1776886589.373103,4.0,0.0,-44.0
1776886589.383103,3.0,0.0,-42.0
1776886589.3931026,-1.0,-4.0,-37.0
1776886589.4031026,0.0,-4.0,-40.0
1776886589.4131026,4.0,-2.0,-38.0
1776886589.4231029,2.0,-2.0,-38.0
1776886589.4331028,0.0,0.0,-36.0
1776886589.4431028,-2.0,4.0,-43.0
1776886589.4531028,-2.0,6.0,-47.0
1776886589.4631028,-7.0,7.0,-47.0
1776886589.4731028,-6.0,5.0,-44.0
1776886589.4831028,-1.0,3.0,-51.0
1776886589.4931028,-4.0,2.0,-48.0
1776886589.5031028,-5.0,0.0,-43.0
1776886589.5131028,-4.0,1.0,-44.0
1776886589.5231028,-4.0,-2.0,-41.0
1776886589.5331028,-4.0,-5.0,-36.0
1776886589.5431027,0.0,-3.0,-38.0
1776886589.5531027,0.0,-1.0,-41.0
1776886589.5631027,2.0,2.0,-41.0
1776886589.5731027,0.0,-1.0,-37.0
1776886589.5831027,-1.0,-2.0,-37.0
1776886589.5931027,-2.0,-1.0,-34.0
1776886589.6031027,-1.0,0.0,-41.0
1776886589.613103,0.0,0.0,-45.0
1776886589.623103,4.0,1.0,-42.0
1776886589.633103,10.0,0.0,-36.0
1776886589.6431026,7.0,-4.0,-32.0
1776886589.6531026,7.0,-3.0,-40.0
1776886589.6631026,10.0,-3.0,-33.0
1776886589.6731029,9.0,-2.0,-35.0
1776886589.6831028,8.0,-3.0,-39.0
1776886589.6931028,0.0,-1.0,-45.0
1776886589.7031028,-2.0,-4.0,-47.0
1776886589.7131028,-6.0,-7.0,-51.0
1776886589.7231028,-3.0,-8.0,-49.0
1776886589.7331028,1.0,-3.0,-46.0
1776886589.7431028,0.0,-5.0,-49.0
1776886589.7531028,0.0,-6.0,-53.0
1776886589.7631028,5.0,-6.0,-43.0
1776886589.7731028,7.0,-2.0,-42.0
1776886589.7831028,6.0,0.0,-44.0
1776886589.7931027,2.0,0.0,-45.0
1776886589.8031027,1.0,-2.0,-38.0
1776886589.8131027,4.0,-3.0,-36.0
1776886589.8231027,7.0,-2.0,-48.0
1776886589.8331027,2.0,0.0,-50.0
1776886589.8431027,3.0,-2.0,-43.0
1776886589.8531027,3.0,-4.0,-30.0
1776886589.863103,4.0,-6.0,-34.0
1776886589.873103,3.0,-3.0,-37.0
1776886589.883103,2.0,0.0,-33.0
1776886589.8931026,0.0,1.0,-34.0
1776886589.9031026,0.0,1.0,-35.0
1776886589.9131026,-2.0,-5.0,-40.0
1776886589.9231029,-2.0,-7.0,-37.0
1776886589.9331028,-4.0,-4.0,-38.0
1776886589.9431028,-2.0,-4.0,-40.0
1776886589.9531028,-1.0,1.0,-43.0
1776886589.9631028,-8.0,0.0,-36.0
1776886589.9731028,-8.0,-3.0,-36.0
1776886589.9831028,-8.0,-4.0,-39.0
1776886589.9931028,-7.0,-4.0,-43.0
1776886590.0031028,-4.0,-4.0,-41.0
1776886590.0131028,0.0,-3.0,-43.0
1776886590.0231028,0.0,-4.0,-46.0
1776886590.0331028,-1.0,-4.0,-44.0
1776886590.0431027,1.0,-2.0,-42.0
1776886590.0531027,2.0,0.0,-39.0
1776886590.0631027,6.0,-1.0,-32.0
1776886590.0731027,5.0,-3.0,-34.0
1776886590.0831027,6.0,-2.0,-37.0
1776886590.0931027,4.0,-2.0,-30.0
1776886590.1041028,5.0,-3.0,-31.0
1776886590.113103,-1.0,-3.0,-29.0
1776886590.123103,0.0,-6.0,-35.0
1776886590.133103,2.0,-2.0,-33.0
1776886590.1431026,0.0,0.0,-36.0
1776886590.1531026,0.0,-4.0,-39.0
1776886590.1631026,1.0,-2.0,-45.0
1776886590.1731029,-1.0,-2.0,-40.0
1776886590.1831028,0.0,-6.0,-32.0
1776886590.1931028,0.0,-7.0,-29.0
1776886590.2031028,1.0,-7.0,-29.0
1776886590.2131028,4.0,-6.0,-38.0
1776886590.2231028,6.0,-3.0,-43.0
1776886590.2331028,2.0,-2.0,-45.0
1776886590.2431028,0.0,-2.0,-42.0
1776886590.2531028,0.0,-6.0,-41.0
1776886590.2631028,7.0,-6.0,-42.0
1776886590.2731028,6.0,-2.0,-49.0
1776886590.2831028,4.0,-1.0,-46.0
1776886590.2931027,4.0,-2.0,-53.0
1776886590.3031027,0.0,-4.0,-47.0
1776886590.3131027,-5.0,-6.0,-48.0
1776886590.3231027,-3.0,-7.0,-47.0
1776886590.3331027,-1.0,-5.0,-42.0
1776886590.3431027,0.0,-7.0,-40.0
1776886590.3531027,-2.0,-7.0,-39.0
1776886590.363103,0.0,-4.0,-42.0
1776886590.373103,1.0,-2.0,-46.0
1776886590.383103,0.0,-4.0,-45.0
1776886590.3931026,-3.0,-6.0,-48.0
1776886590.4031026,-2.0,0.0,-48.0
1776886590.4131026,-2.0,-3.0,-50.0
1776886590.4231029,-2.0,-3.0,-40.0
1776886590.4331028,-2.0,-6.0,-38.0
1776886590.4431028,0.0,-7.0,-45.0
1776886590.4531028,0.0,-7.0,-47.0
1776886590.4631028,0.0,-6.0,-47.0
1776886590.4731028,-1.0,-5.0,-51.0
1776886590.4831028,0.0,-6.0,-50.0
1776886590.4931028,1.0,-11.0,-41.0
1776886590.5031028,2.0,-5.0,-44.0
1776886590.5131028,6.0,-5.0,-38.0
1776886590.5231028,0.0,-7.0,-38.0
1776886590.5331028,7.0,-8.0,-44.0
1776886590.5431027,8.0,-12.0,-46.0
1776886590.5531027,8.0,-12.0,-45.0
1776886590.5631027,6.0,-8.0,-47.0
1776886590.5731027,3.0,-4.0,-47.0
1776886590.5831027,1.0,-1.0,-37.0
1776886590.5931027,-2.0,0.0,-36.0
1776886590.6031027,-2.0,0.0,-40.0
1776886590.613103,-3.0,0.0,-38.0
1776886590.623103,0.0,0.0,-35.0
1776886590.633103,0.0,2.0,-29.0
1776886590.6431026,0.0,0.0,-33.0
1776886590.6531026,-1.0,0.0,-36.0
1776886590.6631026,-1.0,0.0,-37.0
1776886590.6731029,-5.0,-3.0,-41.0
1776886590.6831028,-3.0,-7.0,-44.0
1776886590.6931028,-3.0,-5.0,-45.0
1776886590.7031028,1.0,-6.0,-43.0
1776886590.7131028,-1.0,-9.0,-46.0
1776886590.7231028,-1.0,-10.0,-43.0
1776886590.7331028,1.0,-6.0,-41.0
1776886590.7431028,6.0,-6.0,-39.0
1776886590.7531028,11.0,-4.0,-38.0
1776886590.7631028,8.0,0.0,-40.0
1776886590.7741027,2.0,-4.0,-37.0
1776886590.7831028,1.0,-5.0,-36.0
1776886590.794103,-4.0,-9.0,-34.0
1776886590.804103,-9.0,-9.0,-42.0
1776886590.8141026,-12.0,-8.0,-43.0
1776886590.8241026,-8.0,-7.0,-50.0
1776886590.8341026,-7.0,-5.0,-50.0
1776886590.8441026,-3.0,-6.0,-48.0
1776886590.8541028,-8.0,-2.0,-41.0
1776886590.8641028,-9.0,0.0,-39.0
1776886590.8741028,-6.0,0.0,-37.0
1776886590.8841028,-3.0,-1.0,-33.0
1776886590.8941028,-4.0,-3.0,-34.0
1776886590.9041028,-5.0,-4.0,-29.0
1776886590.9141028,-9.0,-5.0,-31.0
1776886590.9241028,-9.0,-4.0,-30.0
1776886590.9341028,-5.0,-4.0,-26.0
1776886590.9441028,-2.0,-1.0,-26.0
1776886590.9541028,-7.0,0.0,-36.0
1776886590.9641027,-7.0,5.0,-40.0
1776886590.9741027,-4.0,6.0,-33.0
1776886590.9841027,1.0,5.0,-30.0
1776886590.9941027,2.0,4.0,-27.0
1776886591.0041027,4.0,4.0,-27.0
1776886591.0141027,2.0,3.0,-25.0
1776886591.0241027,3.0,0.0,-23.0
1776886591.034103,-1.0,0.0,-25.0
1776886591.044103,1.0,-2.0,-25.0
1776886591.054103,0.0,1.0,-18.0
1776886591.0641026,-3.0,2.0,-21.0
1776886591.0741026,-2.0,2.0,-27.0
1776886591.0841026,0.0,1.0,-31.0
1776886591.0941026,1.0,1.0,-31.0
1776886591.1041028,4.0,0.0,-35.0
1776886591.1141028,6.0,-4.0,-37.0
1776886591.1241028,6.0,-9.0,-37.0
1776886591.1341028,6.0,-8.0,-33.0
1776886591.1441028,4.0,-7.0,-36.0
1776886591.1541028,10.0,-4.0,-37.0
1776886591.1641028,13.0,-5.0,-42.0
1776886591.1741028,12.0,-2.0,-42.0
1776886591.1841028,7.0,-2.0,-53.0
1776886591.1941028,2.0,0.0,-51.0
1776886591.2041028,0.0,-2.0,-47.0
1776886591.2141027,-1.0,-2.0,-44.0
1776886591.2241027,0.0,-2.0,-41.0
1776886591.2341027,-4.0,-1.0,-47.0
1776886591.2441027,0.0,0.0,-44.0
1776886591.2541027,0.0,-1.0,-45.0
1776886591.2641027,1.0,0.0,-44.0
1776886591.2741027,3.0,0.0,-46.0
1776886591.284103,0.0,0.0,-42.0
1776886591.294103,0.0,0.0,-41.0
1776886591.304103,3.0,2.0,-42.0
1776886591.3141026,2.0,0.0,-44.0
1776886591.3241026,4.0,0.0,-47.0
1776886591.3341026,1.0,-3.0,-45.0
1776886591.3441026,0.0,-4.0,-42.0
1776886591.3541028,0.0,-1.0,-38.0
1776886591.3641028,0.0,-1.0,-40.0
1776886591.3741028,-2.0,-3.0,-37.0
1776886591.3841028,1.0,-5.0,-43.0
1776886591.3941028,1.0,-7.0,-43.0
1776886591.4041028,2.0,-8.0,-38.0
1776886591.4141028,-1.0,-8.0,-34.0
1776886591.4241028,-2.0,-8.0,-39.0
1776886591.4341028,0.0,-5.0,-36.0
1776886591.4441028,2.0,-4.0,-30.0
1776886591.4541028,0.0,-3.0,-30.0
1776886591.4641027,0.0,0.0,-33.0
1776886591.4741027,0.0,0.0,-37.0
1776886591.4841027,2.0,0.0,-28.0
1776886591.4941027,0.0,6.0,-30.0
1776886591.5041027,3.0,3.0,-37.0
1776886591.5141027,3.0,2.0,-41.0
1776886591.5241027,5.0,1.0,-36.0
1776886591.534103,3.0,1.0,-36.0
1776886591.544103,2.0,0.0,-35.0
1776886591.554103,2.0,-5.0,-41.0
1776886591.5641026,0.0,-6.0,-40.0
1776886591.5741026,0.0,-5.0,-32.0
1776886591.5841026,2.0,-7.0,-35.0
1776886591.5941026,5.0,-7.0,-40.0
1776886591.6041028,5.0,-6.0,-37.0
1776886591.6141028,0.0,-8.0,-33.0
1776886591.6241028,-2.0,-6.0,-36.0
1776886591.6341028,-2.0,-3.0,-33.0
1776886591.6441028,-3.0,-3.0,-32.0
1776886591.6541028,-6.0,-5.0,-36.0
1776886591.6641028,-8.0,-5.0,-30.0
1776886591.6741028,-10.0,-6.0,-24.0
1776886591.6841028,-7.0,-4.0,-27.0
1776886591.6941028,-3.0,-2.0,-27.0
1776886591.7041028,1.0,-3.0,-31.0
1776886591.7141027,0.0,-4.0,-37.0
1776886591.7241027,-4.0,-5.0,-40.0
1776886591.7341027,0.0,-4.0,-43.0
1776886591.7441027,0.0,-1.0,-40.0
1776886591.7541027,1.0,-5.0,-36.0
1776886591.7641027,4.0,-4.0,-34.0
1776886591.7741027,6.0,-7.0,-36.0
1776886591.784103,10.0,-1.0,-32.0
1776886591.794103,13.0,0.0,-34.0
1776886591.804103,11.0,-4.0,-36.0
1776886591.8141026,9.0,0.0,-38.0
1776886591.8241026,4.0,3.0,-35.0
1776886591.8341026,3.0,0.0,-34.0
1776886591.8441026,-1.0,2.0,-38.0
1776886591.8541028,-5.0,1.0,-36.0
1776886591.8641028,-4.0,4.0,-41.0
1776886591.8741028,0.0,6.0,-45.0
1776886591.8841028,0.0,5.0,-43.0
1776886591.8941028,0.0,0.0,-45.0
1776886591.9041028,1.0,0.0,-45.0
1776886591.9141028,5.0,-1.0,-46.0
1776886591.9241028,3.0,-1.0,-42.0
1776886591.9341028,4.0,-2.0,-40.0
1776886591.9441028,1.0,-2.0,-31.0
1776886591.9541028,3.0,2.0,-33.0
1776886591.9641027,4.0,0.0,-38.0
1776886591.9741027,0.0,0.0,-33.0
1776886591.9841027,0.0,-1.0,-36.0
1776886591.9941027,1.0,-2.0,-34.0
1776886592.0041027,3.0,-6.0,-35.0
1776886592.0141027,1.0,-5.0,-26.0
1776886592.0241027,3.0,-3.0,-30.0
1776886592.034103,5.0,0.0,-31.0
1776886592.044103,2.0,2.0,-31.0
1776886592.054103,-1.0,2.0,-33.0
1776886592.0641026,-3.0,-2.0,-30.0
1776886592.0741026,-1.0,-2.0,-30.0
1776886592.0841026,-1.0,1.0,-28.0
1776886592.0941026,-3.0,2.0,-27.0
1776886592.1041028,-8.0,7.0,-24.0
1776886592.1141028,-4.0,4.0,-30.0
1776886592.1241028,-3.0,3.0,-36.0
1776886592.1341028,0.0,5.0,-36.0
1776886592.1441028,0.0,4.0,-44.0
1776886592.1541028,-1.0,4.0,-31.0
1776886592.1641028,2.0,3.0,-28.0
1776886592.1741028,-5.0,3.0,-30.0
1776886592.1841028,-7.0,4.0,-33.0
1776886592.1941028,-4.0,2.0,-35.0
1776886592.2041028,-2.0,-1.0,-34.0
1776886592.2141027,1.0,0.0,-29.0
1776886592.2241027,0.0,-1.0,-30.0
1776886592.2341027,0.0,-1.0,-29.0
1776886592.2441027,1.0,-1.0,-28.0
1776886592.2541027,8.0,1.0,-26.0
1776886592.2641027,3.0,2.0,-30.0
1776886592.2741027,-2.0,-3.0,-36.0
1776886592.284103,-4.0,0.0,-41.0
1776886592.294103,-6.0,-2.0,-40.0
1776886592.304103,-6.0,-5.0,-41.0
1776886592.3141026,-7.0,-3.0,-41.0
1776886592.3241026,-7.0,-5.0,-42.0
1776886592.3341026,-5.0,-2.0,-41.0
1776886592.3441026,-3.0,-1.0,-39.0
1776886592.3541028,0.0,-2.0,-34.0
1776886592.3641028,2.0,1.0,-38.0
1776886592.3741028,-1.0,4.0,-40.0
1776886592.3841028,-2.0,1.0,-39.0
1776886592.3941028,-7.0,0.0,-42.0
1776886592.4041028,-4.0,1.0,-43.0
1776886592.4141028,-5.0,0.0,-40.0
1776886592.4241028,-5.0,-2.0,-42.0
1776886592.4341028,-6.0,0.0,-35.0
1776886592.4441028,-5.0,-1.0,-40.0
1776886592.4541028,-6.0,0.0,-37.0
1776886592.4641027,-4.0,-4.0,-39.0
1776886592.4741027,-2.0,-4.0,-34.0
1776886592.4841027,-1.0,-2.0,-30.0
1776886592.4941027,0.0,-3.0,-36.0
1776886592.5041027,-2.0,-7.0,-34.0
1776886592.5141027,-2.0,-5.0,-39.0
1776886592.5241027,-5.0,-1.0,-40.0
1776886592.534103,-1.0,-2.0,-49.0
1776886592.544103,0.0,-3.0,-53.0
1776886592.554103,-2.0,-6.0,-52.0
1776886592.5641026,-1.0,-8.0,-41.0
1776886592.5741026,-3.0,-5.0,-30.0
1776886592.5841026,-4.0,-3.0,-35.0
1776886592.5941026,-1.0,-5.0,-34.0
1776886592.6041028,0.0,-5.0,-38.0
1776886592.6141028,2.0,-3.0,-30.0
1776886592.6241028,0.0,-1.0,-35.0
1776886592.6341028,4.0,-1.0,-40.0
1776886592.6441028,1.0,-2.0,-38.0
1776886592.6541028,0.0,-2.0,-43.0
1776886592.6641028,0.0,0.0,-46.0
1776886592.6741028,0.0,2.0,-43.0
1776886592.6841028,0.0,5.0,-40.0
1776886592.6941028,0.0,6.0,-37.0
1776886592.7041028,2.0,7.0,-37.0
1776886592.7141027,4.0,10.0,-37.0
1776886592.7241027,4.0,12.0,-40.0
1776886592.7341027,5.0,8.0,-35.0
1776886592.7441027,5.0,2.0,-35.0
1776886592.7541027,5.0,-2.0,-35.0
1776886592.7641027,4.0,-6.0,-37.0
1776886592.7741027,5.0,-7.0,-37.0
1776886592.784103,1.0,-6.0,-34.0
1776886592.7951028,-1.0,-6.0,-37.0
1776886592.8051028,2.0,-5.0,-40.0
1776886592.8151028,3.0,-5.0,-43.0
1776886592.8251028,7.0,-4.0,-38.0
1776886592.8351028,3.0,-1.0,-42.0
1776886592.8451028,4.0,-2.0,-45.0
1776886592.8551028,3.0,-2.0,-47.0
1776886592.8651028,-1.0,0.0,-46.0
1776886592.8751028,0.0,0.0,-52.0
1776886592.8851027,4.0,-1.0,-54.0
1776886592.8951027,2.0,-3.0,-50.0
1776886592.9051027,-2.0,0.0,-47.0
1776886592.9151027,-4.0,0.0,-47.0
1776886592.9251027,-2.0,3.0,-43.0
1776886592.9351027,0.0,0.0,-45.0
1776886592.9451027,0.0,-1.0,-46.0
1776886592.9551027,1.0,-3.0,-47.0
1776886592.965103,4.0,-6.0,-49.0
1776886592.975103,1.0,-5.0,-48.0
1776886592.985103,2.0,-6.0,-47.0
1776886592.9951026,1.0,-5.0,-42.0
1776886593.0051026,1.0,-4.0,-38.0
1776886593.0151026,0.0,-5.0,-36.0
1776886593.0251029,0.0,-9.0,-32.0
1776886593.0351028,-1.0,-9.0,-29.0
1776886593.0451028,0.0,-8.0,-28.0
1776886593.0551028,0.0,-4.0,-30.0
1776886593.0651028,2.0,-2.0,-35.0
1776886593.0751028,2.0,-2.0,-38.0
1776886593.0851028,0.0,-6.0,-38.0
1776886593.0951028,-2.0,-4.0,-41.0
1776886593.1051028,-1.0,-4.0,-40.0
1776886593.1151028,-2.0,-1.0,-40.0
1776886593.1251028,2.0,-7.0,-39.0
1776886593.1351027,-3.0,-10.0,-40.0
1776886593.1451027,-3.0,-11.0,-40.0
1776886593.1551027,0.0,-10.0,-37.0
1776886593.1651027,0.0,-10.0,-41.0
1776886593.1751027,0.0,-8.0,-38.0
1776886593.1851027,2.0,-5.0,-37.0
1776886593.1951027,0.0,-7.0,-41.0
1776886593.2051027,4.0,-6.0,-35.0
1776886593.215103,10.0,-9.0,-33.0
1776886593.225103,9.0,-9.0,-39.0
1776886593.235103,12.0,-7.0,-39.0
1776886593.2451026,15.0,-2.0,-33.0
1776886593.2551026,10.0,3.0,-34.0
1776886593.2651026,10.0,5.0,-27.0
1776886593.2751029,12.0,4.0,-35.0
1776886593.2851028,6.0,6.0,-38.0
1776886593.2951028,7.0,1.0,-38.0
1776886593.3051028,2.0,4.0,-33.0
1776886593.3151028,-1.0,4.0,-36.0
1776886593.3251028,-2.0,7.0,-29.0
1776886593.3351028,2.0,3.0,-29.0
1776886593.3451028,5.0,0.0,-26.0
1776886593.3551028,1.0,-1.0,-30.0
1776886593.3651028,3.0,0.0,-33.0
1776886593.3751028,-1.0,-5.0,-34.0
1776886593.3851027,0.0,-5.0,-42.0
1776886593.3951027,0.0,-2.0,-42.0
1776886593.4051027,0.0,0.0,-38.0
1776886593.4151027,1.0,7.0,-30.0
1776886593.4251027,0.0,1.0,-31.0
1776886593.4351027,-4.0,0.0,-36.0
1776886593.4451027,-7.0,-2.0,-35.0
1776886593.4551027,-4.0,-4.0,-24.0
1776886593.465103,0.0,-4.0,-28.0
1776886593.475103,1.0,-5.0,-28.0
1776886593.485103,0.0,-5.0,-32.0
1776886593.4951026,1.0,-3.0,-27.0
1776886593.5051026,3.0,-2.0,-28.0
1776886593.5151026,2.0,1.0,-33.0
1776886593.5251029,0.0,2.0,-34.0
1776886593.5351028,3.0,0.0,-39.0
1776886593.5451028,0.0,0.0,-35.0
1776886593.5551028,0.0,1.0,-26.0
1776886593.5651028,-4.0,2.0,-27.0
1776886593.5751028,-4.0,4.0,-33.0
1776886593.5851028,0.0,7.0,-36.0
1776886593.5951028,0.0,10.0,-37.0
1776886593.6051028,-3.0,10.0,-37.0
1776886593.6151028,-4.0,6.0,-40.0
1776886593.6251028,-3.0,2.0,-38.0
1776886593.6351027,4.0,5.0,-42.0
1776886593.6451027,6.0,5.0,-42.0
1776886593.6551027,0.0,6.0,-45.0
1776886593.6651027,0.0,5.0,-40.0
1776886593.6751027,-1.0,2.0,-48.0
1776886593.6851027,-4.0,3.0,-44.0
1776886593.6951027,-3.0,4.0,-42.0
1776886593.7051027,0.0,5.0,-31.0
1776886593.715103,-2.0,4.0,-29.0
1776886593.725103,-2.0,6.0,-33.0
1776886593.735103,-5.0,2.0,-38.0
1776886593.7451026,-8.0,-3.0,-40.0
1776886593.7551026,-6.0,-2.0,-37.0
1776886593.7651026,-6.0,0.0,-42.0
1776886593.7751029,-2.0,-1.0,-37.0
1776886593.7851028,-4.0,-1.0,-34.0
1776886593.7951028,-1.0,-5.0,-39.0
1776886593.8051028,-1.0,-4.0,-43.0
1776886593.8151028,-1.0,-2.0,-39.0
1776886593.8251028,-2.0,2.0,-42.0
1776886593.8351028,0.0,0.0,-44.0
1776886593.8451028,0.0,-3.0,-48.0
1776886593.8551028,-3.0,-1.0,-47.0
1776886593.8651028,0.0,1.0,-51.0
1776886593.8751028,-2.0,1.0,-51.0
1776886593.8851027,-2.0,5.0,-53.0
1776886593.8951027,-3.0,5.0,-49.0
1776886593.9051027,-4.0,4.0,-44.0
1776886593.9151027,-3.0,4.0,-41.0
1776886593.9251027,-1.0,5.0,-42.0
1776886593.9351027,0.0,1.0,-47.0
1776886593.9451027,-3.0,-1.0,-49.0
1776886593.9551027,0.0,-3.0,-48.0
1776886593.965103,-2.0,-3.0,-44.0
1776886593.975103,0.0,-2.0,-47.0
1776886593.985103,1.0,-1.0,-43.0
1776886593.9951026,5.0,-3.0,-49.0
1776886594.0051026,2.0,-2.0,-50.0
1776886594.0151026,1.0,0.0,-47.0
1776886594.0251029,3.0,0.0,-41.0
1776886594.0351028,4.0,-1.0,-42.0
1776886594.0451028,2.0,0.0,-42.0
1776886594.0551028,2.0,0.0,-40.0
1776886594.0651028,0.0,1.0,-37.0
1776886594.0751028,0.0,3.0,-37.0
1776886594.0851028,0.0,0.0,-39.0
1776886594.0951028,2.0,-1.0,-42.0
1776886594.1051028,2.0,-2.0,-47.0
1776886594.1151028,5.0,-2.0,-40.0
1776886594.1251028,10.0,0.0,-37.0
1776886594.1351027,8.0,-4.0,-39.0
1776886594.1451027,7.0,-2.0,-35.0
1776886594.1551027,4.0,-3.0,-32.0
1776886594.1651027,2.0,-1.0,-35.0
1776886594.1751027,0.0,-4.0,-42.0
1776886594.1851027,-1.0,-2.0,-43.0
1776886594.1951027,0.0,-4.0,-45.0
1776886594.2051027,0.0,-5.0,-50.0
1776886594.215103,1.0,-7.0,-50.0
1776886594.225103,4.0,-5.0,-51.0
1776886594.235103,5.0,-6.0,-40.0
1776886594.2451026,2.0,-4.0,-42.0
1776886594.2551026,0.0,-7.0,-43.0
1776886594.2651026,-4.0,-10.0,-42.0
1776886594.2751029,-3.0,-7.0,-33.0
1776886594.2851028,5.0,-3.0,-31.0
1776886594.2951028,3.0,-1.0,-37.0
1776886594.3051028,5.0,-4.0,-39.0
1776886594.3151028,7.0,-3.0,-38.0
1776886594.3251028,6.0,-5.0,-43.0
1776886594.3351028,1.0,-6.0,-39.0
1776886594.3451028,0.0,-7.0,-33.0
1776886594.3551028,0.0,0.0,-36.0
1776886594.3651028,0.0,0.0,-33.0
1776886594.3751028,0.0,0.0,-40.0
1776886594.3851027,2.0,0.0,-37.0
1776886594.3951027,3.0,0.0,-33.0
1776886594.4051027,-2.0,-1.0,-35.0
1776886594.4151027,0.0,0.0,-34.0
1776886594.4251027,3.0,-1.0,-36.0
1776886594.4351027,1.0,-3.0,-34.0
1776886594.4451027,2.0,-6.0,-36.0
1776886594.4551027,1.0,-6.0,-35.0
1776886594.465103,5.0,-4.0,-39.0
1776886594.475103,7.0,1.0,-39.0
1776886594.485103,4.0,4.0,-40.0
1776886594.4951026,1.0,7.0,-39.0
1776886594.5051026,-1.0,3.0,-38.0
1776886594.5151026,0.0,0.0,-37.0
1776886594.5251029,2.0,2.0,-40.0
1776886594.5351028,5.0,-1.0,-42.0
1776886594.5451028,6.0,1.0,-42.0
1776886594.5551028,5.0,0.0,-43.0
1776886594.5651028,5.0,0.0,-48.0
1776886594.5751028,1.0,-2.0,-45.0
1776886594.5851028,1.0,-5.0,-41.0
1776886594.5951028,0.0,-7.0,-43.0
1776886594.6051028,1.0,-4.0,-36.0
1776886594.6151028,1.0,-3.0,-41.0
1776886594.6251028,4.0,0.0,-37.0
1776886594.6351027,7.0,0.0,-37.0
1776886594.6451027,4.0,0.0,-37.0
1776886594.6551027,0.0,7.0,-41.0
1776886594.6651027,-4.0,6.0,-47.0
1776886594.6751027,-3.0,0.0,-48.0
1776886594.6851027,-3.0,-2.0,-39.0
1776886594.6951027,0.0,-7.0,-36.0
1776886594.7051027,-1.0,-9.0,-34.0
1776886594.715103,1.0,-8.0,-40.0
1776886594.725103,2.0,-7.0,-36.0
1776886594.735103,3.0,-7.0,-39.0
1776886594.7451026,5.0,-4.0,-35.0
1776886594.7561028,3.0,-3.0,-30.0
1776886594.7661028,5.0,-3.0,-30.0
1776886594.7751029,10.0,-2.0,-32.0
1776886594.7851028,7.0,-4.0,-30.0
1776886594.7951028,4.0,0.0,-35.0
1776886594.8061028,2.0,2.0,-31.0
1776886594.8161027,3.0,2.0,-27.0
1776886594.8261027,2.0,3.0,-27.0
1776886594.8361027,1.0,7.0,-30.0
1776886594.8461027,0.0,5.0,-39.0
1776886594.8561027,-1.0,3.0,-38.0
1776886594.8661027,-2.0,0.0,-35.0
1776886594.8761027,-4.0,1.0,-32.0
1776886594.886103,-1.0,-3.0,-40.0
1776886594.896103,1.0,-3.0,-36.0
1776886594.906103,6.0,0.0,-39.0
1776886594.9161026,5.0,0.0,-42.0
1776886594.9261026,3.0,7.0,-40.0
1776886594.9361026,5.0,5.0,-37.0
1776886594.9461029,2.0,5.0,-42.0
1776886594.9561028,3.0,0.0,-45.0
1776886594.9661028,3.0,1.0,-43.0
1776886594.9761028,3.0,4.0,-38.0
1776886594.9861028,7.0,1.0,-35.0
1776886594.9961028,10.0,3.0,-28.0
1776886595.0061028,6.0,1.0,-26.0
1776886595.0161028,4.0,-2.0,-35.0
1776886595.0261028,2.0,-1.0,-38.0
1776886595.0361028,0.0,-1.0,-36.0
1776886595.0461028,0.0,-4.0,-35.0
1776886595.0561028,-1.0,-4.0,-34.0
1776886595.0661027,-4.0,-5.0,-37.0
1776886595.0761027,-4.0,-6.0,-43.0
1776886595.0861027,-8.0,-8.0,-43.0
1776886595.0961027,-8.0,-8.0,-44.0
1776886595.1061027,-10.0,-8.0,-49.0
1776886595.1161027,-6.0,-9.0,-51.0
1776886595.1261027,-4.0,-8.0,-52.0
1776886595.136103,-6.0,-7.0,-53.0
1776886595.146103,-7.0,-5.0,-45.0
1776886595.156103,-4.0,-5.0,-42.0
1776886595.1661026,-3.0,-3.0,-40.0
1776886595.1761026,-4.0,-2.0,-36.0
1776886595.1861026,-3.0,-2.0,-31.0
1776886595.1961029,-1.0,-1.0,-37.0
1776886595.2061028,-3.0,-1.0,-41.0
1776886595.2161028,-1.0,-5.0,-41.0
1776886595.2261028,2.0,-7.0,-37.0
1776886595.2361028,5.0,-5.0,-36.0
1776886595.2461028,5.0,-5.0,-36.0
1776886595.2561028,2.0,-5.0,-30.0
1776886595.2661028,2.0,-2.0,-28.0
1776886595.2761028,4.0,-3.0,-32.0
1776886595.2861028,6.0,-2.0,-27.0
1776886595.2961028,8.0,0.0,-35.0
1776886595.3061028,11.0,-1.0,-32.0
1776886595.3161027,7.0,-4.0,-38.0
1776886595.3261027,3.0,0.0,-35.0
1776886595.3361027,-1.0,1.0,-36.0
1776886595.3461027,-2.0,1.0,-41.0
1776886595.3561027,-3.0,-1.0,-44.0
1776886595.3661027,-6.0,0.0,-34.0
1776886595.3761027,-1.0,1.0,-34.0
1776886595.386103,-2.0,3.0,-33.0
1776886595.396103,-5.0,4.0,-33.0
1776886595.406103,-7.0,0.0,-42.0
1776886595.4161026,-9.0,-1.0,-52.0
1776886595.4261026,-10.0,-2.0,-44.0
1776886595.4361026,-8.0,-4.0,-35.0
1776886595.4461029,-6.0,0.0,-28.0
1776886595.4561028,-1.0,1.0,-33.0
1776886595.4661028,-3.0,2.0,-30.0
1776886595.4761028,-1.0,0.0,-29.0
1776886595.4861028,0.0,0.0,-35.0
1776886595.4961028,4.0,-1.0,-31.0
1776886595.5061028,1.0,0.0,-32.0
1776886595.5161028,3.0,-2.0,-32.0
1776886595.5261028,1.0,-3.0,-35.0
1776886595.5361028,0.0,-4.0,-34.0
1776886595.5461028,4.0,-5.0,-30.0
1776886595.5561028,10.0,-2.0,-28.0
1776886595.5661027,9.0,-3.0,-34.0
1776886595.5761027,10.0,-1.0,-41.0
1776886595.5861027,6.0,-6.0,-38.0
1776886595.5961027,3.0,-7.0,-38.0
1776886595.6061027,2.0,-10.0,-33.0
1776886595.6161027,3.0,-7.0,-38.0
1776886595.6261027,-1.0,-11.0,-48.0
1776886595.636103,-5.0,-8.0,-43.0
1776886595.646103,-3.0,-6.0,-44.0
1776886595.656103,-1.0,-5.0,-44.0
1776886595.6661026,0.0,-4.0,-33.0
1776886595.6761026,3.0,-4.0,-35.0
1776886595.6861026,5.0,-5.0,-34.0
1776886595.6961029,1.0,0.0,-33.0
1776886595.7061028,-2.0,-2.0,-38.0
1776886595.7161028,-2.0,0.0,-38.0
1776886595.7261028,-5.0,0.0,-45.0
1776886595.7361028,-2.0,2.0,-46.0
1776886595.7461028,0.0,3.0,-45.0
1776886595.7561028,0.0,2.0,-46.0
1776886595.7661028,-3.0,-1.0,-48.0
1776886595.7761028,-4.0,1.0,-38.0
1776886595.7861028,-5.0,2.0,-39.0
1776886595.7961028,-3.0,1.0,-43.0
1776886595.8061028,-2.0,2.0,-49.0
1776886595.8161027,-4.0,-2.0,-50.0
1776886595.8261027,-4.0,-2.0,-48.0
1776886595.8361027,-2.0,-5.0,-48.0
1776886595.8461027,0.0,-4.0,-44.0
1776886595.8561027,0.0,0.0,-40.0
1776886595.8661027,-2.0,3.0,-45.0
1776886595.8761027,-2.0,1.0,-47.0
1776886595.886103,2.0,0.0,-45.0
1776886595.896103,1.0,-4.0,-46.0
1776886595.906103,-2.0,-8.0,-42.0
1776886595.9161026,3.0,-15.0,-41.0
1776886595.9261026,3.0,-11.0,-40.0
1776886595.9361026,1.0,-9.0,-41.0
1776886595.9461029,3.0,-8.0,-47.0
1776886595.9561028,1.0,-6.0,-43.0
1776886595.9661028,0.0,-3.0,-48.0
1776886595.9761028,-3.0,-7.0,-52.0
1776886595.9861028,-3.0,-2.0,-44.0
1776886595.9961028,-5.0,0.0,-45.0
1776886596.0061028,-3.0,-3.0,-41.0
1776886596.0161028,-1.0,-7.0,-38.0
1776886596.0261028,-1.0,-10.0,-36.0
1776886596.0361028,-1.0,-10.0,-42.0
1776886596.0461028,-1.0,-9.0,-37.0
1776886596.0561028,4.0,-9.0,-36.0
1776886596.0661027,9.0,-9.0,-37.0
1776886596.0761027,8.0,-3.0,-37.0
1776886596.0861027,7.0,-1.0,-39.0
1776886596.0961027,2.0,1.0,-39.0
1776886596.1061027,1.0,3.0,-41.0
1776886596.1161027,-1.0,0.0,-45.0
1776886596.1261027,-4.0,0.0,-42.0
1776886596.136103,-5.0,-3.0,-40.0
1776886596.146103,-3.0,0.0,-30.0
1776886596.156103,-2.0,0.0,-23.0
1776886596.1661026,-5.0,3.0,-26.0
1776886596.1761026,-4.0,2.0,-30.0
1776886596.1861026,0.0,1.0,-30.0
1776886596.1961029,0.0,2.0,-33.0
1776886596.2061028,4.0,3.0,-37.0
1776886596.2161028,0.0,0.0,-42.0
1776886596.2261028,-2.0,-1.0,-44.0
1776886596.2361028,0.0,0.0,-42.0
1776886596.2461028,2.0,0.0,-39.0
1776886596.2561028,4.0,-1.0,-28.0
1776886596.2661028,4.0,-3.0,-21.0
1776886596.2761028,-1.0,0.0,-26.0
1776886596.2861028,-4.0,1.0,-30.0
1776886596.2961028,1.0,-1.0,-31.0
1776886596.3061028,5.0,0.0,-31.0
1776886596.3161027,5.0,0.0,-31.0
1776886596.3261027,5.0,0.0,-29.0
1776886596.3361027,3.0,-4.0,-32.0
1776886596.3461027,-2.0,-3.0,-29.0
1776886596.3561027,3.0,0.0,-34.0
1776886596.3661027,2.0,-2.0,-41.0
1776886596.3761027,3.0,-2.0,-43.0
1776886596.386103,2.0,-3.0,-43.0
1776886596.396103,1.0,-3.0,-40.0
1776886596.406103,1.0,-2.0,-41.0
1776886596.4161026,1.0,-2.0,-41.0
1776886596.4261026,5.0,-3.0,-44.0
1776886596.4361026,-2.0,-1.0,-41.0
1776886596.4461029,-3.0,2.0,-40.0
1776886596.4561028,-3.0,0.0,-38.0
1776886596.4661028,-5.0,1.0,-33.0
1776886596.4761028,-3.0,-1.0,-30.0
1776886596.4861028,-2.0,-2.0,-33.0
1776886596.4961028,-1.0,0.0,-36.0
1776886596.5061028,-5.0,-5.0,-38.0
1776886596.5161028,-7.0,-4.0,-43.0
1776886596.5261028,-5.0,2.0,-37.0
1776886596.5361028,0.0,4.0,-37.0
1776886596.5461028,-3.0,1.0,-37.0
1776886596.5561028,-1.0,7.0,-37.0
1776886596.5661027,2.0,8.0,-38.0
1776886596.5761027,4.0,6.0,-37.0
1776886596.5861027,8.0,4.0,-41.0
1776886596.5961027,11.0,3.0,-43.0
1776886596.6061027,6.0,0.0,-39.0
1776886596.6161027,5.0,-5.0,-42.0
1776886596.6261027,6.0,-4.0,-45.0
1776886596.6371028,2.0,-6.0,-47.0
1776886596.646103,0.0,-9.0,-48.0
1776886596.656103,-2.0,-11.0,-48.0
1776886596.6661026,-2.0,-7.0,-50.0
1776886596.6761026,-4.0,-9.0,-45.0
1776886596.6861026,-1.0,-8.0,-38.0
1776886596.6961029,0.0,-2.0,-35.0
1776886596.7061028,2.0,-2.0,-34.0
1776886596.7161028,-2.0,2.0,-43.0
1776886596.7261028,-4.0,4.0,-43.0
1776886596.7361028,-1.0,4.0,-44.0
1776886596.7461028,0.0,1.0,-44.0
1776886596.7561028,-1.0,0.0,-45.0
1776886596.7661028,0.0,-4.0,-39.0
1776886596.7771027,-1.0,-2.0,-42.0
1776886596.7871027,3.0,-2.0,-48.0
1776886596.7971027,0.0,2.0,-45.0
1776886596.807103,0.0,2.0,-43.0
1776886596.817103,1.0,0.0,-38.0
1776886596.827103,0.0,1.0,-33.0
1776886596.837103,2.0,1.0,-35.0
1776886596.8471026,4.0,0.0,-41.0
1776886596.8571026,0.0,-3.0,-33.0
1776886596.8671026,-1.0,-2.0,-35.0
1776886596.8771029,-1.0,-2.0,-37.0
1776886596.8871028,0.0,-5.0,-43.0
1776886596.8971028,1.0,-6.0,-41.0
1776886596.9071028,6.0,-4.0,-41.0
1776886596.9171028,8.0,-1.0,-39.0
1776886596.9271028,10.0,2.0,-32.0
1776886596.9371028,7.0,6.0,-30.0
1776886596.9471028,6.0,5.0,-31.0
1776886596.9571028,3.0,4.0,-33.0
1776886596.9671028,3.0,4.0,-36.0
1776886596.9771028,4.0,0.0,-37.0
1776886596.9871027,2.0,1.0,-43.0
1776886596.9971027,2.0,2.0,-44.0
1776886597.0071027,2.0,1.0,-48.0
1776886597.0171027,2.0,-5.0,-50.0
1776886597.0271027,3.0,-6.0,-45.0
1776886597.0371027,2.0,-6.0,-48.0
1776886597.0471027,0.0,-2.0,-48.0
1776886597.057103,-1.0,-6.0,-46.0
1776886597.067103,0.0,-6.0,-48.0
1776886597.077103,4.0,-7.0,-45.0
1776886597.087103,5.0,-4.0,-43.0
1776886597.0971026,6.0,-1.0,-38.0
1776886597.1071026,5.0,-5.0,-40.0
1776886597.1171026,1.0,-2.0,-35.0
1776886597.1271029,2.0,0.0,-40.0
1776886597.1371028,0.0,-5.0,-41.0
1776886597.1471028,-2.0,-3.0,-39.0
1776886597.1571028,0.0,1.0,-43.0
1776886597.1671028,0.0,4.0,-38.0
1776886597.1771028,-2.0,2.0,-32.0
1776886597.1871028,-1.0,4.0,-34.0
1776886597.1971028,-2.0,3.0,-39.0
1776886597.2071028,0.0,3.0,-40.0
1776886597.2171028,1.0,3.0,-46.0
1776886597.2271028,3.0,2.0,-50.0
1776886597.2371027,3.0,0.0,-44.0
1776886597.2471027,5.0,1.0,-41.0
1776886597.2571027,8.0,-1.0,-40.0
1776886597.2671027,6.0,-5.0,-41.0
1776886597.2771027,4.0,-3.0,-42.0
1776886597.2871027,2.0,-1.0,-38.0
1776886597.2971027,-1.0,-2.0,-41.0
1776886597.307103,-4.0,1.0,-36.0
1776886597.317103,-1.0,0.0,-42.0
1776886597.327103,-1.0,-2.0,-43.0
1776886597.337103,-3.0,-2.0,-46.0
1776886597.3471026,-5.0,-1.0,-45.0
1776886597.3571026,-1.0,0.0,-41.0
1776886597.3671026,-2.0,1.0,-39.0
1776886597.3771029,-6.0,2.0,-39.0
1776886597.3871028,-4.0,3.0,-27.0
1776886597.3971028,-4.0,2.0,-31.0
1776886597.4071028,-5.0,0.0,-37.0
1776886597.4171028,-6.0,0.0,-35.0
1776886597.4271028,-7.0,1.0,-39.0
1776886597.4371028,-6.0,1.0,-44.0
1776886597.4471028,0.0,0.0,-46.0
1776886597.4571028,1.0,1.0,-43.0
1776886597.4671028,0.0,1.0,-46.0
1776886597.4771028,-2.0,0.0,-38.0
1776886597.4871027,-2.0,-3.0,-36.0
1776886597.4971027,-7.0,-6.0,-37.0
1776886597.5071027,-8.0,-5.0,-34.0
1776886597.5171027,-4.0,-9.0,-36.0
1776886597.5271027,-1.0,-11.0,-33.0
1776886597.5371027,-4.0,-6.0,-27.0
1776886597.5471027,-2.0,-6.0,-30.0
1776886597.557103,1.0,-5.0,-37.0
1776886597.567103,1.0,-4.0,-45.0
1776886597.577103,0.0,-5.0,-45.0
1776886597.587103,2.0,-1.0,-46.0
1776886597.5971026,3.0,-3.0,-37.0
1776886597.6071026,4.0,-1.0,-33.0
1776886597.6171026,3.0,1.0,-38.0
1776886597.6271029,1.0,2.0,-38.0
1776886597.6371028,2.0,0.0,-40.0
1776886597.6471028,3.0,-1.0,-40.0
1776886597.6571028,6.0,0.0,-41.0
1776886597.6671028,7.0,3.0,-32.0
1776886597.6771028,5.0,3.0,-34.0
1776886597.6871028,6.0,4.0,-39.0
1776886597.6971028,4.0,0.0,-41.0
1776886597.7071028,5.0,-2.0,-46.0
1776886597.7171028,2.0,-3.0,-44.0
1776886597.7271028,0.0,0.0,-45.0
1776886597.7371027,-2.0,-1.0,-41.0
1776886597.7471027,-3.0,-3.0,-36.0
1776886597.7571027,-4.0,-4.0,-31.0
1776886597.7671027,-3.0,-6.0,-36.0
1776886597.7771027,2.0,-6.0,-43.0
1776886597.7871027,8.0,-2.0,-41.0
1776886597.7971027,1.0,-4.0,-38.0
1776886597.807103,-2.0,-2.0,-40.0
1776886597.817103,0.0,0.0,-41.0
1776886597.827103,2.0,2.0,-41.0
1776886597.837103,0.0,4.0,-44.0
1776886597.8471026,-2.0,4.0,-39.0
1776886597.8571026,-3.0,5.0,-39.0
1776886597.8671026,1.0,2.0,-43.0
1776886597.8771029,0.0,0.0,-45.0
1776886597.8871028,2.0,0.0,-50.0
1776886597.8971028,0.0,-2.0,-47.0
1776886597.9071028,3.0,-4.0,-42.0
1776886597.9171028,4.0,1.0,-43.0
1776886597.9271028,3.0,-1.0,-42.0
1776886597.9371028,5.0,-7.0,-44.0
1776886597.9471028,0.0,-5.0,-39.0
1776886597.9571028,0.0,-8.0,-40.0
1776886597.9671028,-1.0,-10.0,-36.0
1776886597.9771028,-3.0,-6.0,-37.0
1776886597.9871027,-2.0,-3.0,-31.0
1776886597.9971027,-2.0,0.0,-35.0
1776886598.0071027,-6.0,-4.0,-39.0
1776886598.0171027,-6.0,-5.0,-40.0
1776886598.0271027,-5.0,-5.0,-39.0
1776886598.0371027,0.0,-4.0,-40.0
1776886598.0471027,3.0,1.0,-38.0
1776886598.057103,0.0,3.0,-41.0
1776886598.067103,-1.0,5.0,-42.0
1776886598.077103,-2.0,5.0,-44.0
1776886598.087103,-5.0,3.0,-39.0
1776886598.0971026,-3.0,-2.0,-35.0
1776886598.1071026,-5.0,-2.0,-31.0
1776886598.1171026,-7.0,-2.0,-34.0
1776886598.1271029,-7.0,-5.0,-33.0
1776886598.1371028,-3.0,-5.0,-34.0
1776886598.1471028,0.0,-3.0,-31.0
1776886598.1571028,0.0,0.0,-34.0
1776886598.1671028,-2.0,0.0,-32.0
1776886598.1771028,-4.0,0.0,-28.0
1776886598.1871028,-4.0,-4.0,-36.0
1776886598.1971028,0.0,-3.0,-39.0
1776886598.2071028,6.0,-3.0,-41.0
1776886598.2171028,4.0,-5.0,-46.0
1776886598.2271028,5.0,-9.0,-45.0
1776886598.2371027,1.0,-6.0,-49.0
1776886598.2471027,7.0,-6.0,-46.0
1776886598.2571027,6.0,-1.0,-43.0
1776886598.2671027,6.0,-3.0,-43.0
1776886598.2771027,3.0,-3.0,-37.0
1776886598.2871027,1.0,0.0,-40.0
1776886598.2971027,3.0,-1.0,-37.0
1776886598.307103,5.0,-1.0,-39.0
1776886598.317103,6.0,-1.0,-35.0
1776886598.327103,7.0,-3.0,-34.0
1776886598.337103,3.0,1.0,-32.0
1776886598.3471026,0.0,-2.0,-37.0
1776886598.3571026,-1.0,-4.0,-39.0
1776886598.3671026,1.0,-1.0,-40.0
1776886598.3771029,-1.0,-7.0,-42.0
1776886598.3871028,0.0,-9.0,-40.0
1776886598.3971028,-2.0,-9.0,-35.0
1776886598.4071028,-1.0,-9.0,-35.0
1776886598.4171028,-3.0,-5.0,-31.0
1776886598.4271028,0.0,-4.0,-29.0
1776886598.4371028,2.0,-5.0,-31.0
1776886598.4471028,6.0,-5.0,-33.0
1776886598.4571028,7.0,-7.0,-36.0
1776886598.4671028,7.0,-7.0,-39.0
1776886598.4771028,0.0,-8.0,-43.0
1776886598.4871027,2.0,-1.0,-47.0
1776886598.4971027,1.0,0.0,-40.0
1776886598.5071027,0.0,0.0,-42.0
1776886598.5171027,0.0,0.0,-45.0
1776886598.5271027,3.0,2.0,-49.0
1776886598.5371027,0.0,0.0,-51.0
1776886598.5471027,1.0,1.0,-47.0
1776886598.557103,1.0,-3.0,-46.0
1776886598.567103,1.0,-4.0,-43.0
1776886598.577103,-2.0,-5.0,-39.0
1776886598.587103,-1.0,-6.0,-40.0
1776886598.5971026,1.0,-1.0,-42.0
1776886598.6071026,3.0,-2.0,-35.0
1776886598.6171026,0.0,-1.0,-31.0
1776886598.6271029,0.0,-1.0,-36.0
1776886598.6371028,4.0,-1.0,-40.0
1776886598.6471028,4.0,0.0,-44.0
1776886598.6571028,1.0,0.0,-46.0
1776886598.6671028,0.0,-1.0,-40.0
1776886598.6771028,0.0,0.0,-36.0
1776886598.6871028,-2.0,0.0,-34.0
1776886598.6971028,0.0,-1.0,-33.0
1776886598.7071028,3.0,2.0,-42.0
1776886598.7171028,0.0,0.0,-44.0
1776886598.7271028,-1.0,2.0,-44.0
1776886598.7371027,2.0,5.0,-44.0
1776886598.7471027,3.0,4.0,-45.0
1776886598.7571027,4.0,3.0,-42.0
1776886598.7681026,5.0,3.0,-43.0
1776886598.7781026,3.0,4.0,-44.0
1776886598.7881026,2.0,3.0,-43.0
1776886598.7971027,7.0,1.0,-40.0
1776886598.8081028,5.0,1.0,-38.0
1776886598.8181028,10.0,2.0,-39.0
1776886598.8281028,10.0,3.0,-51.0
1776886598.8381028,10.0,3.0,-51.0
1776886598.8481028,7.0,2.0,-49.0
1776886598.8581028,0.0,2.0,-45.0
1776886598.8681028,-1.0,3.0,-38.0
1776886598.8781028,1.0,6.0,-38.0
1776886598.8881028,7.0,1.0,-40.0
1776886598.8981028,7.0,-4.0,-36.0
1776886598.9081028,5.0,-5.0,-37.0
1776886598.9181027,2.0,-5.0,-37.0
1776886598.9281027,1.0,-6.0,-37.0
1776886598.9381027,0.0,-2.0,-39.0
1776886598.9481027,0.0,0.0,-38.0
1776886598.9581027,0.0,-3.0,-40.0
1776886598.9681027,0.0,0.0,-40.0
1776886598.9781027,-1.0,2.0,-40.0
1776886598.988103,-1.0,1.0,-40.0
1776886598.998103,-3.0,0.0,-44.0
1776886599.008103,-3.0,2.0,-46.0
1776886599.0181026,0.0,1.0,-47.0
1776886599.0281026,0.0,6.0,-46.0
1776886599.0381026,-1.0,5.0,-44.0
1776886599.0481029,-2.0,0.0,-41.0
1776886599.0581028,0.0,-3.0,-40.0
1776886599.0681028,1.0,-2.0,-39.0
1776886599.0781028,2.0,0.0,-43.0
1776886599.0881028,0.0,-2.0,-47.0
1776886599.0981028,2.0,-6.0,-44.0
1776886599.1081028,1.0,-6.0,-39.0
1776886599.1181028,0.0,-4.0,-36.0
1776886599.1281028,-2.0,-3.0,-33.0
1776886599.1381028,-1.0,-4.0,-41.0
1776886599.1481028,-5.0,-8.0,-41.0
1776886599.1581028,-1.0,-8.0,-45.0
1776886599.1681027,-3.0,-4.0,-44.0
1776886599.1781027,-3.0,-5.0,-43.0
1776886599.1881027,5.0,-5.0,-35.0
1776886599.1981027,4.0,-6.0,-36.0
1776886599.2081027,2.0,-3.0,-34.0
1776886599.2181027,4.0,-4.0,-36.0
1776886599.2281027,0.0,-2.0,-36.0
1776886599.238103,0.0,-1.0,-43.0
1776886599.248103,-2.0,-2.0,-42.0
1776886599.258103,-1.0,-2.0,-47.0
1776886599.2681026,1.0,-3.0,-48.0
1776886599.2781026,2.0,-5.0,-47.0
1776886599.2881026,0.0,-4.0,-44.0
1776886599.2981029,1.0,-3.0,-44.0
1776886599.3081028,0.0,-2.0,-43.0
1776886599.3181028,-4.0,-1.0,-44.0
1776886599.3281028,-6.0,0.0,-42.0
1776886599.3381028,-4.0,2.0,-42.0
1776886599.3481028,-1.0,2.0,-42.0
1776886599.3581028,-1.0,0.0,-42.0
1776886599.3681028,1.0,0.0,-42.0
1776886599.3781028,5.0,0.0,-38.0
1776886599.3881028,7.0,0.0,-38.0
1776886599.3981028,8.0,-4.0,-44.0
1776886599.4081028,5.0,-4.0,-35.0
1776886599.4181027,1.0,-1.0,-39.0
1776886599.4281027,2.0,-1.0,-38.0
1776886599.4381027,4.0,-5.0,-34.0
1776886599.4481027,5.0,-7.0,-33.0
1776886599.4581027,3.0,-9.0,-38.0
1776886599.4681027,0.0,-6.0,-41.0
1776886599.4781027,-2.0,-4.0,-41.0
1776886599.488103,-3.0,-1.0,-47.0
1776886599.498103,-9.0,-3.0,-50.0
1776886599.508103,-4.0,-2.0,-47.0
1776886599.5181026,-1.0,0.0,-45.0
1776886599.5281026,-8.0,0.0,-44.0
1776886599.5381026,-6.0,1.0,-45.0
1776886599.5481029,0.0,-3.0,-42.0
1776886599.5581028,-4.0,-3.0,-31.0
1776886599.5681028,-2.0,0.0,-32.0
1776886599.5781028,-1.0,1.0,-34.0
1776886599.5881028,-4.0,4.0,-40.0
1776886599.5981028,-4.0,5.0,-43.0
1776886599.6081028,-3.0,0.0,-46.0
1776886599.6181028,0.0,-3.0,-41.0
1776886599.6281028,0.0,-1.0,-47.0
1776886599.6381028,0.0,-1.0,-52.0
1776886599.6481028,0.0,-2.0,-51.0
1776886599.6581028,0.0,-2.0,-51.0
1776886599.6681027,-1.0,-1.0,-46.0
1776886599.6781027,0.0,-1.0,-41.0
1776886599.6881027,5.0,-2.0,-38.0
1776886599.6981027,4.0,1.0,-36.0
1776886599.7091026,5.0,0.0,-37.0
1776886599.7181027,5.0,-1.0,-35.0
1776886599.7281027,5.0,0.0,-35.0
1776886599.738103,3.0,0.0,-41.0
1776886599.748103,4.0,-5.0,-43.0
1776886599.758103,3.0,-6.0,-48.0
1776886599.7681026,5.0,-10.0,-50.0
1776886599.7781026,5.0,-6.0,-45.0
1776886599.7881026,2.0,-3.0,-47.0
1776886599.7981029,4.0,-5.0,-38.0
1776886599.8081028,0.0,-5.0,-39.0
1776886599.8181028,1.0,-1.0,-43.0
1776886599.8281028,-2.0,0.0,-40.0
1776886599.8381028,0.0,4.0,-38.0
1776886599.8481028,0.0,-1.0,-37.0
1776886599.8581028,0.0,0.0,-35.0
1776886599.8681028,0.0,0.0,-32.0
1776886599.8781028,-2.0,-1.0,-33.0
1776886599.8881028,-6.0,-2.0,-33.0
1776886599.8981028,-7.0,0.0,-44.0
1776886599.9081028,-3.0,-3.0,-47.0
1776886599.9181027,-5.0,-4.0,-45.0
1776886599.9281027,-8.0,-6.0,-44.0
1776886599.9381027,-6.0,-1.0,-47.0
1776886599.9481027,-2.0,1.0,-52.0
1776886599.9581027,-1.0,-1.0,-43.0
1776886599.9681027,-2.0,0.0,-51.0
1776886599.9781027,-2.0,-2.0,-45.0
1776886599.988103,-1.0,-4.0,-37.0
1776886599.998103,5.0,-5.0,-33.0
1776886600.008103,2.0,-5.0,-32.0
1776886600.0181026,0.0,-2.0,-37.0
1776886600.0281026,-2.0,-2.0,-31.0
1776886600.0381026,0.0,-2.0,-32.0
1776886600.0481029,-3.0,0.0,-40.0
1776886600.0581028,1.0,0.0,-38.0
1776886600.0681028,3.0,0.0,-41.0
1776886600.0781028,5.0,-2.0,-36.0
1776886600.0881028,2.0,-2.0,-34.0
1776886600.0981028,0.0,-2.0,-36.0
1776886600.1081028,2.0,-4.0,-40.0
1776886600.1181028,5.0,-9.0,-32.0
1776886600.1281028,4.0,-13.0,-37.0
1776886600.1381028,0.0,-8.0,-42.0
1776886600.1481028,0.0,-5.0,-44.0
1776886600.1581028,1.0,-3.0,-39.0
1776886600.1681027,2.0,-4.0,-36.0
1776886600.1781027,1.0,-3.0,-39.0
1776886600.1881027,0.0,-6.0,-41.0
1776886600.1981027,0.0,-1.0,-46.0
1776886600.2081027,1.0,-2.0,-45.0
1776886600.2181027,6.0,-4.0,-51.0
1776886600.2281027,6.0,-1.0,-49.0
1776886600.238103,8.0,2.0,-44.0
1776886600.248103,3.0,4.0,-45.0
1776886600.258103,2.0,0.0,-47.0
1776886600.2681026,4.0,0.0,-43.0
1776886600.2781026,8.0,0.0,-48.0
1776886600.2881026,5.0,2.0,-45.0
1776886600.2981029,0.0,0.0,-47.0
1776886600.3081028,-1.0,-2.0,-41.0
1776886600.3181028,2.0,-1.0,-41.0
1776886600.3281028,4.0,0.0,-35.0
1776886600.3381028,1.0,0.0,-29.0
1776886600.3481028,0.0,-2.0,-26.0
1776886600.3581028,0.0,-3.0,-29.0
1776886600.3681028,-3.0,-1.0,-33.0
1776886600.3781028,0.0,-3.0,-38.0
1776886600.3881028,1.0,-4.0,-41.0
1776886600.3981028,1.0,-3.0,-45.0
1776886600.4081028,-3.0,-1.0,-39.0
1776886600.4181027,-5.0,-4.0,-43.0
1776886600.4281027,-5.0,-2.0,-36.0
1776886600.4381027,-3.0,0.0,-30.0
1776886600.4481027,-2.0,2.0,-31.0
1776886600.4581027,0.0,0.0,-29.0
1776886600.4681027,0.0,2.0,-35.0
1776886600.4781027,1.0,1.0,-30.0
1776886600.488103,4.0,5.0,-35.0
1776886600.498103,3.0,2.0,-32.0
1776886600.508103,8.0,5.0,-28.0
1776886600.5181026,6.0,5.0,-23.0
1776886600.5281026,0.0,2.0,-27.0
1776886600.5381026,-2.0,4.0,-31.0
1776886600.5481029,-1.0,1.0,-29.0
1776886600.5581028,-1.0,-1.0,-33.0
1776886600.5681028,-1.0,4.0,-37.0
1776886600.5781028,5.0,4.0,-35.0
1776886600.5881028,7.0,4.0,-28.0
1776886600.5981028,4.0,0.0,-33.0
1776886600.6081028,0.0,4.0,-39.0
1776886600.6181028,3.0,2.0,-38.0
1776886600.6281028,7.0,1.0,-34.0
1776886600.6381028,5.0,1.0,-29.0
1776886600.6481028,1.0,5.0,-33.0
1776886600.6581028,3.0,0.0,-35.0
1776886600.6681027,1.0,5.0,-30.0
1776886600.6781027,2.0,4.0,-29.0
1776886600.6881027,1.0,0.0,-36.0
1776886600.6981027,0.0,2.0,-39.0
1776886600.7081027,1.0,4.0,-42.0
1776886600.7181027,-1.0,3.0,-46.0
1776886600.7281027,-1.0,4.0,-39.0
1776886600.738103,-5.0,5.0,-31.0
1776886600.748103,-3.0,4.0,-36.0
1776886600.758103,0.0,1.0,-37.0
1776886600.7691028,-2.0,0.0,-34.0
1776886600.7791028,2.0,-1.0,-36.0
1776886600.7891028,1.0,-4.0,-42.0
1776886600.7991028,3.0,-4.0,-39.0
1776886600.8091028,2.0,-4.0,-43.0
1776886600.8191028,4.0,-4.0,-45.0
1776886600.8291028,2.0,0.0,-44.0
1776886600.8391027,2.0,0.0,-38.0
1776886600.8491027,1.0,-2.0,-33.0
1776886600.8591027,-4.0,-3.0,-31.0
1776886600.8691027,-6.0,-1.0,-35.0
1776886600.8791027,-4.0,-1.0,-34.0
1776886600.8891027,-2.0,-2.0,-34.0
1776886600.8991027,0.0,-3.0,-36.0
1776886600.909103,0.0,-5.0,-39.0
1776886600.919103,-2.0,-3.0,-35.0
1776886600.929103,0.0,-4.0,-32.0
1776886600.9391026,0.0,-8.0,-35.0
1776886600.9491026,1.0,-7.0,-37.0
1776886600.9591026,5.0,-2.0,-27.0
1776886600.9691026,6.0,-2.0,-35.0
1776886600.9791028,3.0,-1.0,-41.0
1776886600.9891028,5.0,-5.0,-40.0
1776886600.9991028,9.0,-6.0,-36.0
1776886601.0091028,9.0,-2.0,-38.0
1776886601.0191028,5.0,-2.0,-35.0
1776886601.0291028,4.0,-1.0,-40.0
1776886601.0391028,1.0,1.0,-42.0
1776886601.0491028,2.0,4.0,-40.0
1776886601.0591028,4.0,6.0,-41.0
1776886601.0691028,4.0,7.0,-43.0
1776886601.0791028,-4.0,6.0,-38.0
1776886601.0891027,-8.0,1.0,-48.0
1776886601.0991027,-1.0,0.0,-55.0
1776886601.1091027,-2.0,3.0,-55.0
1776886601.1191027,-4.0,5.0,-55.0
1776886601.1291027,-6.0,3.0,-51.0
1776886601.1391027,-2.0,2.0,-47.0
1776886601.1491027,-1.0,2.0,-41.0
1776886601.159103,-1.0,6.0,-38.0
1776886601.169103,-1.0,5.0,-32.0
1776886601.179103,0.0,0.0,-30.0
1776886601.1891026,0.0,-6.0,-35.0
1776886601.1991026,-1.0,-4.0,-40.0
1776886601.2091026,1.0,-2.0,-44.0
1776886601.2191026,2.0,-4.0,-47.0
1776886601.2291028,4.0,-8.0,-46.0
1776886601.2391028,2.0,-6.0,-46.0
1776886601.2491028,0.0,-6.0,-43.0
1776886601.2591028,-6.0,-3.0,-42.0
1776886601.2691028,-5.0,-6.0,-41.0
1776886601.2791028,-4.0,-1.0,-39.0
1776886601.2891028,-1.0,3.0,-39.0
1776886601.2991028,2.0,2.0,-43.0
1776886601.3091028,1.0,1.0,-43.0
1776886601.3191028,5.0,-1.0,-40.0
1776886601.3291028,2.0,-2.0,-44.0
1776886601.3391027,5.0,-1.0,-45.0
1776886601.3491027,2.0,1.0,-40.0
1776886601.3591027,-2.0,4.0,-32.0
1776886601.3691027,0.0,8.0,-28.0
1776886601.3791027,5.0,7.0,-30.0
1776886601.3891027,5.0,7.0,-33.0
1776886601.3991027,5.0,7.0,-34.0
1776886601.409103,5.0,7.0,-37.0
1776886601.419103,4.0,1.0,-43.0
1776886601.429103,3.0,0.0,-45.0
1776886601.4391026,1.0,-1.0,-44.0
1776886601.4491026,-1.0,-3.0,-43.0
1776886601.4591026,-2.0,-1.0,-34.0
1776886601.4691026,0.0,-6.0,-31.0
1776886601.4791028,0.0,-6.0,-36.0
1776886601.4891028,2.0,-3.0,-48.0
1776886601.4991028,7.0,-4.0,-40.0
1776886601.5091028,8.0,-5.0,-45.0
1776886601.5191028,6.0,-6.0,-44.0
1776886601.5291028,3.0,-2.0,-41.0
1776886601.5391028,5.0,0.0,-44.0
1776886601.5491028,6.0,3.0,-44.0
1776886601.5591028,6.0,0.0,-42.0
1776886601.5691028,7.0,-5.0,-41.0
1776886601.5791028,7.0,-9.0,-36.0
1776886601.5891027,7.0,-2.0,-36.0
1776886601.5991027,3.0,-3.0,-36.0
1776886601.6091027,1.0,0.0,-29.0
1776886601.6191027,-5.0,0.0,-28.0
1776886601.6291027,-1.0,1.0,-27.0
1776886601.6391027,-2.0,-1.0,-29.0
1776886601.6491027,-7.0,-4.0,-25.0
1776886601.659103,-8.0,0.0,-22.0
1776886601.669103,-2.0,-3.0,-26.0
1776886601.679103,-2.0,-3.0,-33.0
1776886601.6891026,0.0,0.0,-42.0
1776886601.6991026,-3.0,0.0,-45.0
1776886601.7091026,-3.0,-1.0,-48.0
1776886601.7191026,-4.0,-2.0,-44.0
1776886601.7291028,-4.0,-5.0,-39.0
1776886601.7391028,1.0,-6.0,-36.0
1776886601.7491028,3.0,-6.0,-36.0
1776886601.7591028,4.0,-6.0,-38.0
1776886601.7691028,1.0,-8.0,-42.0
1776886601.7791028,1.0,-4.0,-39.0
1776886601.7891028,2.0,-2.0,-39.0
1776886601.7991028,7.0,-3.0,-36.0
1776886601.8091028,3.0,-6.0,-32.0
1776886601.8191028,2.0,-6.0,-38.0
1776886601.8291028,0.0,-5.0,-41.0
1776886601.8391027,1.0,0.0,-42.0
1776886601.8491027,8.0,-2.0,-34.0
1776886601.8591027,5.0,-6.0,-27.0
1776886601.8691027,8.0,-8.0,-26.0
1776886601.8791027,4.0,-7.0,-26.0
1776886601.8891027,0.0,-3.0,-27.0
1776886601.8991027,1.0,-3.0,-28.0
1776886601.909103,3.0,-2.0,-27.0
1776886601.919103,4.0,-1.0,-34.0
1776886601.929103,9.0,-2.0,-40.0
1776886601.9391026,8.0,-3.0,-47.0
1776886601.9491026,8.0,0.0,-46.0
1776886601.9591026,5.0,0.0,-44.0
1776886601.9691026,6.0,-3.0,-44.0
1776886601.9791028,6.0,-4.0,-49.0
1776886601.9891028,2.0,-6.0,-49.0
1776886601.9991028,-1.0,-5.0,-51.0
1776886602.0091028,0.0,-2.0,-59.0
1776886602.0191028,0.0,-2.0,-58.0
1776886602.0291028,5.0,-2.0,-56.0
1776886602.0391028,4.0,0.0,-52.0
1776886602.0491028,3.0,0.0,-50.0
1776886602.0591028,5.0,0.0,-50.0
1776886602.0691028,7.0,-1.0,-51.0
1776886602.0791028,7.0,4.0,-41.0
1776886602.0891027,7.0,0.0,-34.0
1776886602.0991027,5.0,2.0,-30.0
1776886602.1091027,3.0,-1.0,-30.0
1776886602.1191027,5.0,-2.0,-33.0
1776886602.1291027,9.0,0.0,-33.0
1776886602.1391027,5.0,-2.0,-31.0
1776886602.1491027,3.0,-4.0,-36.0
1776886602.159103,2.0,-1.0,-37.0
1776886602.169103,3.0,0.0,-38.0
1776886602.179103,1.0,1.0,-38.0
1776886602.1891026,3.0,4.0,-40.0
1776886602.1991026,2.0,5.0,-38.0
1776886602.2091026,3.0,5.0,-44.0
1776886602.2191026,0.0,3.0,-47.0
1776886602.2291028,-1.0,2.0,-46.0
1776886602.2391028,-2.0,5.0,-49.0
1776886602.2491028,0.0,3.0,-42.0
1776886602.2591028,1.0,4.0,-36.0
1776886602.2691028,-1.0,2.0,-37.0
1776886602.2791028,0.0,2.0,-41.0
1776886602.2891028,0.0,4.0,-42.0
1776886602.2991028,-4.0,0.0,-42.0
1776886602.3091028,-4.0,-2.0,-41.0
1776886602.3191028,-10.0,0.0,-36.0
1776886602.3291028,-10.0,1.0,-27.0
1776886602.3391027,-12.0,0.0,-33.0
1776886602.3491027,-9.0,0.0,-34.0
1776886602.3591027,-5.0,0.0,-34.0
1776886602.3691027,-5.0,2.0,-38.0
1776886602.3791027,0.0,3.0,-35.0
1776886602.3891027,3.0,-3.0,-39.0
1776886602.3991027,0.0,-5.0,-38.0
1776886602.409103,4.0,-5.0,-31.0
1776886602.419103,2.0,0.0,-33.0
1776886602.429103,-2.0,0.0,-33.0
1776886602.4391026,-4.0,1.0,-33.0
1776886602.4491026,-3.0,3.0,-36.0
1776886602.4591026,5.0,7.0,-37.0
1776886602.4691026,6.0,2.0,-32.0
1776886602.4791028,3.0,-1.0,-33.0
1776886602.4891028,0.0,-1.0,-32.0
1776886602.4991028,2.0,-2.0,-35.0
1776886602.5091028,7.0,-4.0,-30.0
1776886602.5191028,1.0,-1.0,-26.0
1776886602.5291028,-1.0,-2.0,-26.0
1776886602.5391028,-2.0,-6.0,-28.0
1776886602.5491028,-1.0,-5.0,-29.0
1776886602.5591028,0.0,-6.0,-36.0
1776886602.5691028,6.0,-5.0,-41.0
1776886602.5791028,4.0,-1.0,-43.0
1776886602.5891027,4.0,0.0,-49.0
1776886602.5991027,4.0,1.0,-48.0
1776886602.6091027,3.0,-1.0,-47.0
1776886602.6191027,0.0,-2.0,-46.0
1776886602.6291027,5.0,-4.0,-50.0
1776886602.6391027,3.0,-7.0,-50.0
1776886602.6491027,-1.0,-7.0,-38.0
1776886602.659103,-3.0,-5.0,-43.0
1776886602.669103,-4.0,-3.0,-38.0
1776886602.679103,-4.0,-2.0,-41.0
1776886602.6891026,0.0,-1.0,-37.0
1776886602.6991026,-4.0,2.0,-36.0
1776886602.7091026,-6.0,4.0,-40.0
1776886602.7191026,-6.0,-1.0,-41.0
1776886602.7301028,-3.0,-1.0,-46.0
1776886602.7401028,-1.0,0.0,-48.0
1776886602.7491028,-1.0,2.0,-42.0
1776886602.7591028,0.0,0.0,-42.0
1776886602.7701027,0.0,-2.0,-35.0
1776886602.7801027,0.0,-2.0,-33.0
1776886602.7901027,2.0,0.0,-35.0
1776886602.8001027,1.0,0.0,-39.0
1776886602.8101027,3.0,1.0,-41.0
1776886602.8201027,1.0,0.0,-41.0
1776886602.8301027,0.0,-1.0,-42.0
1776886602.840103,-2.0,-2.0,-36.0
1776886602.850103,-6.0,-2.0,-31.0
1776886602.860103,-2.0,-5.0,-31.0
1776886602.8701026,-4.0,-5.0,-30.0
1776886602.8801026,-6.0,-8.0,-32.0
1776886602.8901026,-4.0,-3.0,-36.0
1776886602.9001029,-3.0,0.0,-40.0
1776886602.9101028,-2.0,1.0,-46.0
1776886602.9201028,-1.0,-1.0,-44.0
1776886602.9301028,-1.0,-4.0,-33.0
1776886602.9401028,-1.0,-1.0,-29.0
1776886602.9501028,-2.0,-1.0,-29.0
1776886602.9601028,0.0,0.0,-41.0
1776886602.9701028,-2.0,0.0,-42.0
1776886602.9801028,-3.0,5.0,-43.0
1776886602.9901028,0.0,5.0,-41.0
1776886603.0001028,-1.0,3.0,-36.0
1776886603.0101027,-2.0,3.0,-37.0
1776886603.0201027,0.0,0.0,-38.0
1776886603.0301027,0.0,0.0,-36.0
1776886603.0401027,7.0,-1.0,-34.0
1776886603.0501027,5.0,3.0,-32.0
1776886603.0601027,0.0,2.0,-33.0
1776886603.0701027,-2.0,2.0,-38.0
1776886603.0801027,3.0,3.0,-37.0
1776886603.090103,5.0,1.0,-39.0
1776886603.100103,5.0,3.0,-41.0
1776886603.110103,7.0,1.0,-43.0
1776886603.1201026,7.0,-1.0,-41.0
1776886603.1301026,4.0,-5.0,-39.0
1776886603.1401026,1.0,-5.0,-35.0
1776886603.1501029,-7.0,-4.0,-39.0
1776886603.1601028,-6.0,-1.0,-41.0
1776886603.1701028,-3.0,0.0,-42.0
1776886603.1801028,-2.0,0.0,-46.0
1776886603.1901028,1.0,-1.0,-48.0
1776886603.2001028,1.0,-5.0,-54.0
1776886603.2101028,-5.0,0.0,-47.0
1776886603.2201028,-3.0,2.0,-41.0
1776886603.2301028,-3.0,5.0,-42.0
1776886603.2401028,-1.0,5.0,-46.0
1776886603.2501028,0.0,4.0,-45.0
1776886603.2601027,2.0,2.0,-44.0
1776886603.2701027,0.0,-2.0,-43.0
1776886603.2801027,0.0,0.0,-43.0
1776886603.2901027,2.0,4.0,-45.0
1776886603.3001027,3.0,0.0,-45.0
1776886603.3101027,1.0,-2.0,-48.0
1776886603.3201027,0.0,1.0,-42.0
1776886603.3301027,0.0,1.0,-38.0
1776886603.340103,-1.0,0.0,-38.0
1776886603.350103,-4.0,1.0,-35.0
1776886603.360103,-3.0,1.0,-35.0
1776886603.3701026,-1.0,4.0,-35.0
1776886603.3801026,1.0,3.0,-36.0
1776886603.3901026,3.0,-3.0,-33.0
1776886603.4001029,-3.0,-1.0,-28.0
1776886603.4101028,-8.0,-1.0,-28.0
1776886603.4201028,-5.0,-2.0,-33.0
1776886603.4301028,3.0,-1.0,-31.0
1776886603.4401028,1.0,0.0,-35.0
1776886603.4501028,-1.0,7.0,-34.0
1776886603.4601028,1.0,6.0,-40.0
1776886603.4701028,0.0,7.0,-43.0
1776886603.4801028,1.0,6.0,-38.0
1776886603.4901028,4.0,3.0,-39.0
1776886603.5001028,2.0,5.0,-48.0
1776886603.5101027,-1.0,7.0,-53.0
1776886603.5201027,0.0,5.0,-47.0
1776886603.5301027,1.0,1.0,-41.0
1776886603.5401027,0.0,0.0,-37.0
1776886603.5501027,1.0,-1.0,-39.0
1776886603.5601027,1.0,-2.0,-38.0
1776886603.5701027,8.0,-3.0,-32.0
1776886603.5801027,6.0,-1.0,-31.0
1776886603.590103,-2.0,0.0,-30.0
1776886603.600103,-4.0,-2.0,-33.0
1776886603.610103,-8.0,-1.0,-34.0
1776886603.6201026,-4.0,0.0,-27.0
1776886603.6301026,-3.0,3.0,-22.0
1776886603.6401026,-3.0,3.0,-26.0
1776886603.6501029,-3.0,7.0,-28.0
1776886603.6601028,-4.0,4.0,-40.0
1776886603.6701028,-6.0,0.0,-40.0
1776886603.6801028,-3.0,-2.0,-42.0
1776886603.6901028,-3.0,-5.0,-42.0
1776886603.7001028,-2.0,-5.0,-41.0
1776886603.7101028,1.0,-2.0,-40.0
1776886603.7201028,1.0,-2.0,-42.0
1776886603.7301028,6.0,-4.0,-43.0
1776886603.7401028,3.0,-3.0,-42.0
1776886603.7501028,6.0,-8.0,-41.0
1776886603.7601027,7.0,-7.0,-41.0
1776886603.7701027,5.0,-9.0,-41.0
1776886603.7801027,0.0,-6.0,-41.0
1776886603.7901027,2.0,-2.0,-39.0
1776886603.8001027,1.0,-4.0,-40.0
1776886603.8101027,0.0,-2.0,-47.0
1776886603.8201027,0.0,-1.0,-50.0
1776886603.8301027,-1.0,0.0,-49.0
1776886603.840103,0.0,-1.0,-44.0
1776886603.850103,0.0,-2.0,-41.0
1776886603.860103,0.0,-2.0,-43.0
1776886603.8701026,0.0,-4.0,-49.0
1776886603.8801026,-3.0,-3.0,-44.0
1776886603.8901026,-1.0,-1.0,-44.0
1776886603.9001029,1.0,0.0,-44.0
1776886603.9101028,4.0,1.0,-46.0
1776886603.9201028,5.0,-2.0,-43.0
1776886603.9301028,4.0,-1.0,-42.0
1776886603.9401028,2.0,-2.0,-41.0
1776886603.9501028,1.0,0.0,-43.0
1776886603.9601028,9.0,0.0,-40.0
1776886603.9701028,4.0,-5.0,-41.0
1776886603.9801028,1.0,-8.0,-35.0
1776886603.9901028,4.0,-9.0,-31.0
1776886604.0001028,0.0,-5.0,-30.0
1776886604.0101027,3.0,-3.0,-31.0
1776886604.0201027,6.0,0.0,-30.0
1776886604.0301027,8.0,0.0,-29.0
1776886604.0401027,10.0,-4.0,-23.0
1776886604.0501027,5.0,-4.0,-29.0
1776886604.0601027,3.0,-3.0,-36.0
1776886604.0701027,2.0,-1.0,-29.0
1776886604.0801027,0.0,0.0,-37.0
1776886604.090103,-1.0,0.0,-36.0
1776886604.100103,0.0,-3.0,-40.0
1776886604.110103,0.0,-2.0,-39.0
1776886604.1201026,0.0,-4.0,-40.0
1776886604.1301026,-3.0,-4.0,-42.0
1776886604.1401026,-4.0,-3.0,-39.0
1776886604.1501029,-6.0,-2.0,-37.0
1776886604.1601028,-2.0,-3.0,-39.0
1776886604.1701028,0.0,-7.0,-41.0
1776886604.1801028,-5.0,-4.0,-40.0
1776886604.1901028,-5.0,-5.0,-40.0
1776886604.2001028,-1.0,-3.0,-45.0
1776886604.2101028,0.0,0.0,-50.0
1776886604.2201028,2.0,-1.0,-49.0
1776886604.2301028,-1.0,-1.0,-52.0
1776886604.2401028,0.0,-3.0,-46.0
1776886604.2501028,1.0,-3.0,-45.0
1776886604.2601027,1.0,-2.0,-40.0
1776886604.2701027,0.0,-5.0,-42.0
1776886604.2801027,-1.0,-6.0,-40.0
1776886604.2901027,0.0,-3.0,-39.0
1776886604.3001027,0.0,-4.0,-31.0
1776886604.3101027,-2.0,-4.0,-32.0
1776886604.3201027,-2.0,-1.0,-37.0
1776886604.3301027,-3.0,-4.0,-38.0
1776886604.340103,-2.0,-9.0,-46.0
1776886604.350103,-1.0,-6.0,-49.0
1776886604.360103,0.0,-5.0,-46.0
1776886604.3701026,1.0,-2.0,-45.0
1776886604.3801026,7.0,-1.0,-41.0
1776886604.3901026,8.0,4.0,-37.0
1776886604.4001029,3.0,2.0,-43.0
1776886604.4101028,4.0,2.0,-42.0
1776886604.4201028,5.0,0.0,-43.0
1776886604.4301028,4.0,-1.0,-43.0
1776886604.4401028,4.0,1.0,-35.0
1776886604.4501028,2.0,1.0,-36.0
1776886604.4601028,5.0,1.0,-39.0
1776886604.4701028,4.0,0.0,-38.0
1776886604.4801028,5.0,-1.0,-37.0
1776886604.4901028,7.0,-3.0,-33.0
1776886604.5001028,6.0,-3.0,-32.0
1776886604.5101027,3.0,-4.0,-32.0
1776886604.5201027,4.0,-7.0,-27.0
1776886604.5301027,1.0,-6.0,-25.0
1776886604.5401027,-6.0,-8.0,-23.0
1776886604.5501027,-8.0,-5.0,-33.0
1776886604.5601027,-7.0,-11.0,-33.0
1776886604.5701027,-7.0,-6.0,-33.0
1776886604.5801027,0.0,-3.0,-30.0
1776886604.590103,0.0,0.0,-28.0
1776886604.600103,0.0,0.0,-29.0
1776886604.610103,1.0,-1.0,-34.0
1776886604.6201026,4.0,-4.0,-39.0
1776886604.6301026,2.0,-7.0,-37.0
1776886604.6401026,3.0,-5.0,-36.0
1776886604.6501029,2.0,-8.0,-38.0
1776886604.6601028,3.0,-6.0,-42.0
1776886604.6701028,3.0,-6.0,-42.0
1776886604.6801028,6.0,-5.0,-42.0
1776886604.6901028,5.0,-3.0,-34.0
1776886604.7001028,2.0,-2.0,-33.0
1776886604.7101028,1.0,-1.0,-31.0
1776886604.7201028,1.0,1.0,-32.0
1776886604.7301028,-2.0,-3.0,-38.0
1776886604.7401028,-1.0,-6.0,-37.0
1776886604.7501028,-2.0,-6.0,-42.0
1776886604.7601027,0.0,-4.0,-52.0
1776886604.7701027,5.0,-3.0,-55.0
1776886604.781103,3.0,0.0,-49.0
1776886604.7911026,0.0,-1.0,-45.0
1776886604.8011026,2.0,-6.0,-43.0
1776886604.8111026,-4.0,-5.0,-35.0
1776886604.8211029,-2.0,-3.0,-33.0
1776886604.8311028,-4.0,0.0,-33.0
1776886604.8411028,-1.0,0.0,-32.0
1776886604.8511028,-1.0,-1.0,-37.0
1776886604.8611028,-4.0,0.0,-41.0
1776886604.8711028,-7.0,3.0,-41.0
1776886604.8811028,-5.0,4.0,-41.0
1776886604.8911028,-1.0,2.0,-39.0
1776886604.9011028,1.0,1.0,-35.0
1776886604.9111028,0.0,0.0,-30.0
1776886604.9211028,3.0,-5.0,-35.0
1776886604.9311028,4.0,-10.0,-47.0
1776886604.9411027,0.0,-10.0,-49.0
1776886604.9511027,-1.0,-11.0,-50.0
1776886604.9611027,0.0,-12.0,-51.0
1776886604.9711027,0.0,-16.0,-52.0
1776886604.9811027,0.0,-12.0,-49.0
1776886604.9911027,-3.0,-12.0,-41.0
1776886605.0011027,0.0,-9.0,-47.0
1776886605.011103,-2.0,-4.0,-48.0
1776886605.021103,-4.0,-2.0,-51.0
1776886605.031103,0.0,0.0,-47.0
1776886605.0411026,7.0,1.0,-45.0
1776886605.0511026,9.0,1.0,-39.0
1776886605.0611026,11.0,-5.0,-40.0
1776886605.0711029,10.0,-4.0,-47.0
1776886605.0811028,9.0,-9.0,-41.0
1776886605.0911028,4.0,-7.0,-37.0
1776886605.1011028,3.0,-2.0,-45.0
1776886605.1111028,3.0,0.0,-51.0
1776886605.1211028,8.0,2.0,-51.0
1776886605.1311028,11.0,1.0,-46.0
1776886605.1411028,6.0,3.0,-40.0
1776886605.1511028,6.0,0.0,-41.0
1776886605.1611028,5.0,4.0,-39.0
1776886605.1711028,6.0,6.0,-42.0
1776886605.1811028,5.0,1.0,-37.0
1776886605.1911027,4.0,-4.0,-42.0
1776886605.2011027,6.0,-4.0,-44.0
1776886605.2111027,5.0,-7.0,-42.0
1776886605.2211027,5.0,-6.0,-40.0
1776886605.2311027,8.0,-5.0,-41.0
1776886605.2411027,5.0,-6.0,-42.0
1776886605.2511027,2.0,-3.0,-35.0
1776886605.261103,4.0,-1.0,-32.0
1776886605.271103,1.0,-1.0,-30.0
1776886605.281103,-1.0,0.0,-37.0
1776886605.2911026,-2.0,0.0,-39.0
1776886605.3011026,-3.0,1.0,-39.0
1776886605.3111026,0.0,1.0,-29.0
1776886605.3211029,-3.0,1.0,-25.0
1776886605.3311028,-1.0,3.0,-29.0
1776886605.3411028,-2.0,-4.0,-31.0
1776886605.3511028,5.0,-6.0,-34.0
1776886605.3611028,7.0,-8.0,-32.0
1776886605.3711028,0.0,-2.0,-39.0
1776886605.3811028,2.0,-3.0,-39.0
1776886605.3911028,1.0,1.0,-36.0
1776886605.4011028,4.0,-4.0,-38.0
1776886605.4111028,1.0,-4.0,-32.0
1776886605.4211028,6.0,-1.0,-30.0
1776886605.4311028,8.0,-2.0,-35.0
1776886605.4411027,9.0,-4.0,-41.0
1776886605.4511027,4.0,0.0,-37.0
1776886605.4611027,5.0,0.0,-33.0
1776886605.4711027,6.0,2.0,-36.0
1776886605.4811027,8.0,3.0,-31.0
1776886605.4911027,7.0,0.0,-28.0
1776886605.5011027,7.0,4.0,-30.0
1776886605.511103,3.0,4.0,-29.0
1776886605.521103,8.0,-2.0,-24.0
1776886605.531103,1.0,-2.0,-29.0
1776886605.5411026,1.0,1.0,-32.0
1776886605.5511026,0.0,3.0,-28.0
1776886605.5611026,0.0,2.0,-26.0
1776886605.5711029,-4.0,6.0,-31.0
1776886605.5811028,-7.0,5.0,-33.0
1776886605.5911028,-4.0,3.0,-32.0
1776886605.6011028,-2.0,0.0,-35.0
1776886605.6111028,-1.0,-3.0,-39.0
1776886605.6211028,3.0,2.0,-33.0
1776886605.6311028,6.0,-2.0,-30.0
1776886605.6411028,8.0,-2.0,-35.0
1776886605.6511028,6.0,1.0,-36.0
1776886605.6611028,8.0,0.0,-34.0
1776886605.6711028,13.0,-3.0,-37.0
1776886605.6811028,12.0,0.0,-35.0
1776886605.6911027,11.0,1.0,-33.0
1776886605.7011027,7.0,0.0,-28.0
1776886605.7111027,2.0,3.0,-29.0
1776886605.7211027,1.0,0.0,-32.0
1776886605.7311027,1.0,1.0,-34.0
1776886605.7411027,0.0,5.0,-42.0
1776886605.7511027,0.0,5.0,-39.0
1776886605.761103,0.0,3.0,-41.0
1776886605.771103,6.0,4.0,-46.0
1776886605.781103,6.0,0.0,-46.0
1776886605.7911026,4.0,-4.0,-43.0
1776886605.8011026,7.0,-4.0,-41.0
1776886605.8111026,7.0,-6.0,-34.0
1776886605.8211029,10.0,-8.0,-37.0
1776886605.8311028,11.0,-3.0,-36.0
1776886605.8411028,10.0,-2.0,-38.0
1776886605.8511028,6.0,-2.0,-39.0
1776886605.8611028,4.0,-4.0,-41.0
1776886605.8711028,3.0,-4.0,-38.0
1776886605.8811028,2.0,-2.0,-38.0
1776886605.8911028,0.0,-2.0,-46.0
1776886605.9011028,3.0,0.0,-35.0
1776886605.9111028,3.0,-1.0,-34.0
1776886605.9211028,0.0,-2.0,-45.0
1776886605.9311028,-2.0,-2.0,-45.0
1776886605.9411027,-4.0,-4.0,-36.0
1776886605.9511027,-2.0,-1.0,-32.0
1776886605.9611027,-5.0,0.0,-37.0
1776886605.9711027,-4.0,-2.0,-38.0
1776886605.9811027,-4.0,-1.0,-41.0
1776886605.9911027,-2.0,-1.0,-42.0
1776886606.0011027,-4.0,0.0,-39.0
1776886606.011103,-5.0,-3.0,-40.0
1776886606.021103,-6.0,-3.0,-41.0
1776886606.031103,-4.0,-1.0,-45.0
1776886606.0411026,0.0,0.0,-44.0
1776886606.0511026,-2.0,-1.0,-43.0
1776886606.0611026,-2.0,0.0,-40.0
1776886606.0711029,0.0,0.0,-38.0
1776886606.0811028,-5.0,-2.0,-40.0
1776886606.0911028,-5.0,-1.0,-31.0
1776886606.1011028,-5.0,-1.0,-34.0
1776886606.1111028,-8.0,0.0,-34.0
1776886606.1211028,-3.0,0.0,-41.0
1776886606.1311028,-1.0,0.0,-50.0
1776886606.1411028,0.0,-1.0,-49.0
1776886606.1511028,2.0,-4.0,-53.0
1776886606.1611028,-2.0,-8.0,-53.0
1776886606.1711028,3.0,-7.0,-52.0
1776886606.1811028,7.0,-10.0,-42.0
1776886606.1911027,5.0,-10.0,-38.0
1776886606.2011027,2.0,-11.0,-39.0
1776886606.2111027,6.0,-10.0,-38.0
1776886606.2211027,4.0,-7.0,-32.0
1776886606.2311027,2.0,-5.0,-36.0
1776886606.2411027,1.0,-6.0,-40.0
1776886606.2511027,-3.0,-5.0,-42.0
1776886606.261103,1.0,-4.0,-45.0
1776886606.271103,-1.0,-4.0,-42.0
1776886606.281103,-6.0,-8.0,-41.0
1776886606.2911026,-2.0,-10.0,-49.0
1776886606.3011026,-3.0,-5.0,-47.0
1776886606.3111026,-3.0,-6.0,-46.0
1776886606.3211029,-3.0,0.0,-51.0
1776886606.3311028,4.0,1.0,-53.0
1776886606.3411028,2.0,5.0,-53.0
1776886606.3511028,1.0,6.0,-49.0
1776886606.3611028,2.0,3.0,-43.0
1776886606.3711028,1.0,0.0,-45.0
1776886606.3811028,0.0,-1.0,-44.0
1776886606.3911028,0.0,-2.0,-45.0
1776886606.4011028,3.0,-1.0,-44.0
1776886606.4111028,2.0,-2.0,-40.0
1776886606.4211028,-3.0,-5.0,-41.0
1776886606.4311028,-5.0,-3.0,-44.0
1776886606.4411027,0.0,-7.0,-40.0
1776886606.4511027,2.0,-3.0,-46.0
1776886606.4611027,0.0,-2.0,-41.0
1776886606.4711027,4.0,-1.0,-35.0
1776886606.4811027,1.0,-3.0,-44.0
1776886606.4911027,-1.0,-7.0,-39.0
1776886606.5011027,0.0,-6.0,-40.0
1776886606.511103,3.0,-6.0,-43.0
1776886606.521103,5.0,-5.0,-44.0
1776886606.531103,3.0,-1.0,-43.0
1776886606.5411026,5.0,-3.0,-45.0
1776886606.5511026,1.0,-2.0,-46.0
1776886606.5611026,0.0,-2.0,-47.0
1776886606.5711029,-4.0,-2.0,-48.0
1776886606.5811028,-4.0,-2.0,-40.0
1776886606.5911028,-3.0,-7.0,-39.0
1776886606.6011028,-6.0,-6.0,-41.0
1776886606.6111028,-11.0,-6.0,-40.0
1776886606.6211028,-10.0,-6.0,-40.0
1776886606.6311028,-9.0,-5.0,-46.0
1776886606.6411028,-7.0,-1.0,-54.0
1776886606.6511028,-5.0,0.0,-53.0
1776886606.6611028,-2.0,-1.0,-46.0
1776886606.6711028,-3.0,2.0,-49.0
1776886606.6811028,-3.0,4.0,-49.0
1776886606.6911027,-2.0,4.0,-48.0
1776886606.7011027,-5.0,1.0,-48.0
1776886606.7111027,-4.0,1.0,-44.0
1776886606.7211027,-4.0,3.0,-41.0
1776886606.7311027,-1.0,2.0,-39.0
1776886606.7411027,0.0,4.0,-30.0
1776886606.7511027,1.0,0.0,-32.0
1776886606.7621028,2.0,-1.0,-36.0
1776886606.7721028,0.0,-2.0,-27.0
1776886606.7821028,-5.0,0.0,-33.0
1776886606.7921028,-9.0,2.0,-33.0
1776886606.8021028,-6.0,3.0,-32.0
1776886606.8121028,-1.0,-1.0,-41.0
1776886606.8221028,0.0,-6.0,-38.0
1776886606.8321028,4.0,-4.0,-42.0
1776886606.8421028,0.0,-2.0,-41.0
1776886606.8521028,-2.0,-1.0,-35.0
1776886606.8621027,-3.0,2.0,-33.0
1776886606.8721027,-3.0,8.0,-35.0
1776886606.8821027,0.0,7.0,-43.0
1776886606.8921027,3.0,4.0,-36.0
1776886606.9021027,2.0,1.0,-36.0
1776886606.9121027,3.0,-1.0,-34.0
1776886606.9221027,0.0,-1.0,-33.0
1776886606.932103,-2.0,0.0,-30.0
1776886606.942103,3.0,-3.0,-30.0
1776886606.952103,5.0,0.0,-38.0
1776886606.962103,0.0,3.0,-37.0
1776886606.9721026,0.0,4.0,-43.0
1776886606.9821026,2.0,3.0,-47.0
1776886606.9921026,-1.0,2.0,-43.0
1776886607.0021029,-1.0,0.0,-42.0
1776886607.0121028,-1.0,2.0,-40.0
1776886607.0221028,2.0,0.0,-39.0
1776886607.0321028,-1.0,1.0,-36.0
1776886607.0421028,1.0,0.0,-35.0
1776886607.0521028,3.0,-3.0,-34.0
1776886607.0621028,6.0,-8.0,-32.0
1776886607.0721028,8.0,-7.0,-37.0
1776886607.0821028,6.0,-9.0,-39.0
1776886607.0921028,3.0,-11.0,-34.0
1776886607.1021028,0.0,-12.0,-34.0
1776886607.1121027,0.0,-14.0,-39.0
1776886607.1221027,3.0,-10.0,-40.0
1776886607.1321027,3.0,-11.0,-45.0
1776886607.1421027,6.0,-9.0,-46.0
1776886607.1521027,7.0,-3.0,-44.0
1776886607.1621027,6.0,4.0,-35.0
1776886607.1721027,12.0,4.0,-37.0
1776886607.182103,6.0,2.0,-36.0
1776886607.192103,5.0,0.0,-36.0
1776886607.202103,5.0,-1.0,-38.0
1776886607.212103,5.0,-4.0,-38.0
1776886607.2221026,9.0,-1.0,-36.0
1776886607.2321026,4.0,-2.0,-34.0
1776886607.2421026,2.0,-1.0,-37.0
1776886607.2521029,1.0,-3.0,-41.0
1776886607.2621028,0.0,-4.0,-41.0
1776886607.2721028,-5.0,-5.0,-36.0
1776886607.2821028,-3.0,-8.0,-40.0
1776886607.2921028,-1.0,-6.0,-38.0
1776886607.3021028,0.0,-3.0,-36.0
1776886607.3121028,-2.0,-7.0,-32.0
1776886607.3221028,-1.0,-7.0,-27.0
1776886607.3321028,3.0,-1.0,-27.0
1776886607.3421028,2.0,2.0,-18.0
1776886607.3521028,4.0,-1.0,-17.0
1776886607.3621027,5.0,1.0,-23.0
1776886607.3721027,5.0,5.0,-26.0
1776886607.3821027,3.0,0.0,-31.0
1776886607.3921027,1.0,-3.0,-33.0
1776886607.4021027,6.0,-5.0,-30.0
1776886607.4121027,5.0,-7.0,-28.0
1776886607.4221027,7.0,-6.0,-28.0
1776886607.432103,9.0,-7.0,-37.0
1776886607.442103,0.0,-8.0,-44.0
1776886607.452103,0.0,-11.0,-41.0
1776886607.462103,0.0,-9.0,-41.0
1776886607.4721026,-1.0,-10.0,-42.0
1776886607.4821026,-2.0,-12.0,-37.0
1776886607.4921026,-1.0,-9.0,-36.0
1776886607.5021029,-2.0,-3.0,-35.0
1776886607.5121028,0.0,-5.0,-38.0
1776886607.5221028,0.0,-5.0,-36.0
1776886607.5321028,4.0,-3.0,-36.0
1776886607.5421028,0.0,-4.0,-37.0
1776886607.5521028,-5.0,-4.0,-32.0
1776886607.5621028,-6.0,-7.0,-35.0
1776886607.5721028,-4.0,-6.0,-37.0
1776886607.5821028,-2.0,-9.0,-38.0
1776886607.5921028,-1.0,-5.0,-34.0
1776886607.6021028,0.0,1.0,-31.0
1776886607.6121027,2.0,-1.0,-32.0
1776886607.6221027,4.0,-3.0,-35.0
1776886607.6321027,4.0,-6.0,-34.0
1776886607.6421027,2.0,-5.0,-33.0
1776886607.6521027,0.0,-6.0,-33.0
1776886607.6621027,-2.0,-4.0,-37.0
1776886607.6721027,0.0,0.0,-43.0
1776886607.682103,-3.0,-2.0,-43.0
1776886607.692103,-5.0,-6.0,-38.0
1776886607.702103,-4.0,-11.0,-43.0
1776886607.712103,-2.0,-7.0,-48.0
1776886607.7221026,-1.0,-6.0,-40.0
1776886607.7321026,-1.0,-7.0,-44.0
1776886607.7421026,0.0,-9.0,-42.0
1776886607.7521029,-3.0,-8.0,-35.0
1776886607.7621028,-1.0,-7.0,-30.0
1776886607.7721028,-1.0,-8.0,-33.0
1776886607.7821028,-3.0,-6.0,-31.0
1776886607.7921028,1.0,-1.0,-29.0
1776886607.8021028,3.0,2.0,-29.0
1776886607.8121028,3.0,0.0,-33.0
1776886607.8221028,-1.0,0.0,-36.0
1776886607.8321028,0.0,-1.0,-36.0
1776886607.8421028,0.0,1.0,-31.0
1776886607.8521028,-4.0,-1.0,-27.0
1776886607.8621027,-8.0,-1.0,-30.0
1776886607.8721027,-4.0,-1.0,-38.0
1776886607.8821027,-1.0,-3.0,-38.0
1776886607.8921027,0.0,-6.0,-40.0
1776886607.9021027,0.0,-5.0,-42.0
1776886607.9121027,0.0,0.0,-44.0
1776886607.9221027,-1.0,0.0,-41.0
1776886607.932103,-3.0,-1.0,-39.0
1776886607.942103,0.0,-2.0,-40.0
1776886607.952103,2.0,0.0,-40.0
1776886607.962103,0.0,-1.0,-39.0
1776886607.9721026,2.0,0.0,-41.0
1776886607.9821026,-1.0,2.0,-36.0
1776886607.9921026,0.0,0.0,-36.0
1776886608.0021029,-3.0,-4.0,-39.0
1776886608.0121028,0.0,-4.0,-41.0
1776886608.0221028,3.0,0.0,-39.0
1776886608.0321028,8.0,3.0,-36.0
1776886608.0421028,7.0,6.0,-27.0
1776886608.0521028,7.0,8.0,-31.0
1776886608.0621028,7.0,10.0,-33.0
1776886608.0721028,4.0,10.0,-44.0
1776886608.0821028,6.0,2.0,-42.0
1776886608.0921028,6.0,1.0,-43.0
1776886608.1021028,0.0,-3.0,-44.0
1776886608.1121027,6.0,-4.0,-37.0
1776886608.1221027,6.0,-4.0,-31.0
1776886608.1321027,8.0,-4.0,-26.0
1776886608.1421027,12.0,0.0,-32.0
1776886608.1521027,11.0,0.0,-34.0
1776886608.1621027,8.0,0.0,-35.0
1776886608.1721027,0.0,-2.0,-37.0
1776886608.182103,-2.0,-2.0,-38.0
1776886608.192103,-8.0,0.0,-39.0
1776886608.202103,-8.0,-1.0,-43.0
1776886608.212103,-6.0,-3.0,-41.0
1776886608.2221026,-4.0,-5.0,-34.0
1776886608.2321026,-2.0,-6.0,-36.0
1776886608.2421026,1.0,-7.0,-35.0
1776886608.2521029,2.0,-11.0,-42.0
1776886608.2621028,5.0,-8.0,-45.0
1776886608.2721028,3.0,-5.0,-43.0
1776886608.2821028,1.0,-3.0,-43.0
1776886608.2921028,4.0,-2.0,-42.0
1776886608.3021028,4.0,-2.0,-50.0
1776886608.3121028,2.0,-3.0,-50.0
1776886608.3221028,1.0,1.0,-47.0
1776886608.3321028,-3.0,4.0,-43.0
1776886608.3421028,0.0,2.0,-41.0
1776886608.3521028,1.0,3.0,-41.0
1776886608.3621027,0.0,5.0,-40.0
1776886608.3721027,0.0,5.0,-40.0
1776886608.3821027,0.0,5.0,-45.0
1776886608.3921027,-1.0,3.0,-48.0
1776886608.4021027,-5.0,-1.0,-53.0
1776886608.4121027,-8.0,-3.0,-54.0
1776886608.4221027,-9.0,-6.0,-54.0
1776886608.432103,-3.0,-4.0,-56.0
1776886608.442103,-2.0,-4.0,-55.0
1776886608.452103,-3.0,-3.0,-53.0
1776886608.462103,-2.0,0.0,-47.0
1776886608.4721026,1.0,0.0,-43.0
1776886608.4821026,2.0,2.0,-38.0
1776886608.4921026,3.0,3.0,-27.0
1776886608.5021029,4.0,1.0,-37.0
1776886608.5121028,-2.0,-2.0,-39.0
1776886608.5221028,-7.0,-5.0,-35.0
1776886608.5321028,-8.0,-5.0,-33.0
1776886608.5421028,-9.0,-6.0,-41.0
1776886608.5521028,-6.0,-1.0,-35.0
1776886608.5621028,-1.0,-1.0,-37.0
1776886608.5721028,0.0,-3.0,-37.0
1776886608.5821028,0.0,-3.0,-33.0
1776886608.5921028,-2.0,0.0,-31.0
1776886608.6021028,0.0,-1.0,-36.0
1776886608.6121027,-2.0,0.0,-39.0
1776886608.6221027,1.0,0.0,-41.0
1776886608.6321027,-1.0,4.0,-42.0
1776886608.6421027,0.0,4.0,-45.0
1776886608.6521027,0.0,0.0,-49.0
1776886608.6621027,1.0,-2.0,-48.0
1776886608.6721027,2.0,2.0,-55.0
1776886608.682103,4.0,3.0,-50.0
1776886608.692103,0.0,-1.0,-44.0
1776886608.702103,2.0,0.0,-45.0
1776886608.712103,0.0,1.0,-46.0
1776886608.7221026,0.0,2.0,-46.0
1776886608.7331028,0.0,1.0,-42.0
1776886608.7421026,-3.0,3.0,-33.0
1776886608.7531028,-2.0,3.0,-38.0
1776886608.7631028,-3.0,0.0,-37.0
1776886608.7731028,-3.0,-5.0,-33.0
1776886608.7831028,-4.0,-2.0,-32.0
1776886608.7931027,-7.0,1.0,-39.0
1776886608.8031027,-6.0,1.0,-37.0
1776886608.8131027,-4.0,-9.0,-38.0
1776886608.8231027,-1.0,-9.0,-40.0
1776886608.8331027,0.0,-3.0,-38.0
1776886608.8431027,1.0,-1.0,-37.0
1776886608.8531027,3.0,-2.0,-39.0
1776886608.863103,0.0,-8.0,-39.0
1776886608.873103,-3.0,-6.0,-40.0
1776886608.883103,-2.0,-6.0,-40.0
1776886608.8931026,0.0,-3.0,-40.0
1776886608.9031026,3.0,-3.0,-40.0
1776886608.9131026,4.0,-2.0,-37.0
1776886608.9231029,0.0,-3.0,-35.0
1776886608.9331028,0.0,-1.0,-36.0
1776886608.9431028,0.0,-4.0,-37.0
1776886608.9531028,2.0,-4.0,-40.0
1776886608.9631028,1.0,-7.0,-40.0
1776886608.9731028,1.0,-9.0,-39.0
1776886608.9831028,1.0,-7.0,-44.0
1776886608.9931028,4.0,-6.0,-50.0
1776886609.0031028,2.0,-3.0,-45.0
1776886609.0131028,1.0,-2.0,-38.0
1776886609.0231028,2.0,-3.0,-40.0
1776886609.0331028,0.0,-4.0,-35.0
1776886609.0431027,-1.0,-3.0,-34.0
1776886609.0531027,0.0,-4.0,-39.0
1776886609.0631027,-3.0,-4.0,-35.0
1776886609.0731027,-4.0,-2.0,-38.0
1776886609.0831027,0.0,0.0,-35.0
1776886609.0931027,-3.0,0.0,-34.0
1776886609.1031027,-4.0,3.0,-29.0
1776886609.113103,-6.0,2.0,-33.0
1776886609.123103,-4.0,0.0,-33.0
1776886609.133103,-4.0,-1.0,-33.0
1776886609.1431026,-3.0,1.0,-41.0
1776886609.1531026,-2.0,-2.0,-39.0
1776886609.1631026,0.0,0.0,-38.0
1776886609.1731029,0.0,0.0,-38.0
1776886609.1831028,0.0,-1.0,-39.0
1776886609.1931028,-5.0,1.0,-45.0
1776886609.2031028,-7.0,1.0,-45.0
1776886609.2131028,-3.0,-1.0,-40.0
1776886609.2231028,-1.0,3.0,-43.0
1776886609.2331028,-1.0,0.0,-43.0
1776886609.2431028,0.0,0.0,-40.0
1776886609.2531028,0.0,0.0,-34.0
1776886609.2631028,2.0,0.0,-35.0
1776886609.2731028,7.0,0.0,-37.0
1776886609.2831028,6.0,-1.0,-38.0
1776886609.2931027,3.0,-1.0,-41.0
1776886609.3031027,2.0,-4.0,-39.0
1776886609.3131027,-1.0,-1.0,-35.0
1776886609.3231027,0.0,0.0,-43.0
1776886609.3331027,0.0,0.0,-41.0
1776886609.3431027,2.0,-4.0,-42.0
1776886609.3531027,0.0,-2.0,-40.0
1776886609.363103,1.0,0.0,-39.0
1776886609.373103,0.0,2.0,-36.0
1776886609.383103,-4.0,4.0,-34.0
1776886609.3931026,-3.0,8.0,-34.0
1776886609.4031026,-3.0,10.0,-30.0
1776886609.4131026,-4.0,6.0,-29.0
1776886609.4231029,-6.0,-2.0,-31.0
1776886609.4331028,-2.0,-2.0,-38.0
1776886609.4431028,0.0,0.0,-36.0
1776886609.4531028,-2.0,-1.0,-43.0
1776886609.4631028,1.0,-4.0,-41.0
1776886609.4731028,-1.0,-7.0,-46.0
1776886609.4831028,0.0,-5.0,-39.0
1776886609.4931028,0.0,-5.0,-39.0
1776886609.5031028,0.0,-2.0,-47.0
1776886609.5131028,-3.0,-3.0,-51.0
1776886609.5231028,-3.0,-3.0,-47.0
1776886609.5331028,0.0,0.0,-49.0
1776886609.5431027,-4.0,2.0,-46.0
1776886609.5531027,-5.0,1.0,-50.0
1776886609.5631027,-8.0,2.0,-52.0
1776886609.5731027,-7.0,0.0,-46.0
1776886609.5831027,-4.0,3.0,-45.0
1776886609.5931027,-5.0,0.0,-42.0
1776886609.6031027,-6.0,0.0,-41.0
1776886609.613103,-1.0,-2.0,-38.0
1776886609.623103,-3.0,-4.0,-41.0
1776886609.633103,0.0,-5.0,-41.0
1776886609.6431026,3.0,-7.0,-42.0
1776886609.6531026,4.0,-5.0,-38.0
1776886609.6631026,4.0,-7.0,-42.0
1776886609.6731029,3.0,-5.0,-46.0
1776886609.6831028,4.0,-4.0,-45.0
1776886609.6931028,-1.0,-3.0,-47.0
1776886609.7031028,4.0,-5.0,-47.0
1776886609.7131028,6.0,-5.0,-53.0
1776886609.7231028,5.0,0.0,-49.0
1776886609.7331028,5.0,-3.0,-53.0
1776886609.7431028,4.0,1.0,-50.0
1776886609.7531028,3.0,0.0,-51.0
1776886609.7631028,0.0,-1.0,-50.0
1776886609.7731028,5.0,0.0,-45.0
1776886609.7831028,1.0,0.0,-51.0
1776886609.7931027,2.0,-3.0,-47.0
1776886609.8031027,1.0,-6.0,-45.0
1776886609.8131027,2.0,-5.0,-37.0
1776886609.8231027,3.0,-4.0,-33.0
1776886609.8331027,4.0,-2.0,-32.0
1776886609.8431027,4.0,0.0,-37.0
1776886609.8531027,1.0,-2.0,-31.0
1776886609.863103,0.0,-2.0,-31.0
1776886609.873103,-2.0,-2.0,-30.0
1776886609.883103,-3.0,-2.0,-35.0
1776886609.8931026,-3.0,-4.0,-40.0
1776886609.9031026,-2.0,-4.0,-40.0
1776886609.9131026,0.0,-8.0,-42.0
1776886609.9231029,1.0,-4.0,-47.0
1776886609.9331028,-3.0,-5.0,-46.0
1776886609.9431028,3.0,-2.0,-37.0
1776886609.9531028,6.0,0.0,-37.0
1776886609.9631028,8.0,0.0,-41.0
1776886609.9731028,6.0,1.0,-44.0
1776886609.9831028,6.0,0.0,-36.0
1776886609.9931028,2.0,4.0,-41.0
1776886610.0031028,1.0,5.0,-42.0
1776886610.0131028,5.0,6.0,-41.0
1776886610.0231028,9.0,4.0,-34.0
1776886610.0331028,8.0,1.0,-35.0
1776886610.0431027,8.0,2.0,-36.0
1776886610.0531027,9.0,1.0,-40.0
1776886610.0631027,8.0,-2.0,-42.0
1776886610.0731027,2.0,-1.0,-47.0
1776886610.0831027,2.0,-1.0,-42.0
1776886610.0931027,7.0,-1.0,-43.0
1776886610.1031027,8.0,-3.0,-44.0
1776886610.113103,10.0,-1.0,-45.0
1776886610.123103,10.0,0.0,-34.0
1776886610.133103,5.0,0.0,-39.0
1776886610.1431026,8.0,0.0,-36.0
1776886610.1531026,7.0,-2.0,-29.0
1776886610.1631026,0.0,-1.0,-25.0
1776886610.1731029,-3.0,-8.0,-35.0
1776886610.1831028,-1.0,-9.0,-39.0
1776886610.1931028,-1.0,-7.0,-38.0
1776886610.2031028,0.0,-6.0,-44.0
1776886610.2131028,1.0,-2.0,-46.0
1776886610.2231028,-2.0,0.0,-46.0
1776886610.2331028,-1.0,-1.0,-49.0
1776886610.2431028,-3.0,-4.0,-57.0
1776886610.2531028,-5.0,-3.0,-52.0
1776886610.2631028,-8.0,-2.0,-49.0
1776886610.2731028,-10.0,-3.0,-52.0
1776886610.2831028,-6.0,-4.0,-57.0
1776886610.2931027,-1.0,-6.0,-51.0
1776886610.3031027,0.0,-6.0,-51.0
1776886610.3131027,-3.0,-8.0,-44.0
1776886610.3231027,-7.0,-4.0,-43.0
1776886610.3331027,-10.0,-4.0,-41.0
1776886610.3431027,-5.0,0.0,-44.0
1776886610.3531027,-4.0,0.0,-36.0
1776886610.363103,-2.0,0.0,-40.0
1776886610.373103,-4.0,-1.0,-40.0
1776886610.383103,-5.0,-3.0,-44.0
1776886610.3931026,-5.0,-4.0,-42.0
1776886610.4031026,-6.0,-7.0,-40.0
1776886610.4131026,-7.0,-8.0,-39.0
1776886610.4231029,-3.0,0.0,-34.0
1776886610.4331028,0.0,2.0,-33.0
1776886610.4431028,3.0,0.0,-37.0
1776886610.4531028,3.0,0.0,-35.0
1776886610.4631028,-4.0,1.0,-36.0
1776886610.4731028,-5.0,0.0,-37.0
1776886610.4831028,-2.0,0.0,-40.0
1776886610.4931028,-2.0,1.0,-41.0
1776886610.5031028,-2.0,0.0,-33.0
1776886610.5131028,1.0,-4.0,-34.0
1776886610.5231028,-1.0,-6.0,-27.0
1776886610.5331028,-3.0,-2.0,-28.0
1776886610.5431027,-3.0,0.0,-35.0
1776886610.5531027,0.0,3.0,-42.0
1776886610.5631027,2.0,4.0,-45.0
1776886610.5731027,3.0,3.0,-45.0
1776886610.5831027,0.0,5.0,-54.0
1776886610.5931027,0.0,5.0,-56.0
1776886610.6031027,-2.0,2.0,-52.0
1776886610.613103,-3.0,-2.0,-43.0
1776886610.623103,-6.0,0.0,-42.0
1776886610.633103,-5.0,-3.0,-44.0
1776886610.6431026,0.0,0.0,-39.0
1776886610.6531026,3.0,0.0,-40.0
1776886610.6631026,2.0,3.0,-42.0
1776886610.6731029,0.0,2.0,-43.0
1776886610.6831028,5.0,-1.0,-42.0
1776886610.6931028,11.0,-6.0,-53.0
1776886610.7031028,7.0,-9.0,-54.0
1776886610.7131028,6.0,-10.0,-50.0
1776886610.7231028,5.0,-8.0,-44.0
1776886610.7331028,9.0,-4.0,-41.0
1776886610.7441027,12.0,-6.0,-42.0
1776886610.7541027,9.0,-8.0,-41.0
1776886610.7641027,7.0,-10.0,-40.0
1776886610.7741027,4.0,-9.0,-36.0
1776886610.784103,0.0,-4.0,-40.0
1776886610.794103,0.0,-3.0,-43.0
1776886610.804103,-4.0,0.0,-38.0
1776886610.8141026,-1.0,2.0,-41.0
1776886610.8241026,0.0,4.0,-44.0
1776886610.8341026,-2.0,0.0,-46.0
1776886610.8441026,0.0,0.0,-35.0
1776886610.8541028,11.0,-8.0,-28.0
1776886610.8641028,12.0,-8.0,-29.0
1776886610.8741028,11.0,-4.0,-35.0
1776886610.8841028,10.0,-3.0,-33.0
1776886610.8941028,4.0,0.0,-32.0
1776886610.9041028,3.0,0.0,-34.0
1776886610.9141028,4.0,-3.0,-39.0
1776886610.9241028,0.0,-5.0,-44.0
1776886610.9341028,0.0,-3.0,-40.0
1776886610.9441028,-4.0,-2.0,-45.0
1776886610.9541028,-2.0,-1.0,-49.0
1776886610.9641027,0.0,0.0,-46.0
1776886610.9741027,-2.0,-1.0,-39.0
1776886610.9841027,0.0,0.0,-42.0
1776886610.9941027,-2.0,0.0,-34.0
1776886611.0041027,-3.0,-1.0,-30.0
1776886611.0141027,-2.0,-2.0,-30.0
1776886611.0241027,-2.0,-2.0,-36.0
1776886611.034103,1.0,-3.0,-38.0
1776886611.044103,4.0,-1.0,-39.0
1776886611.054103,8.0,-9.0,-32.0
1776886611.0641026,6.0,-7.0,-35.0
1776886611.0741026,4.0,-6.0,-42.0
1776886611.0841026,6.0,-4.0,-43.0
1776886611.0941026,7.0,-6.0,-37.0
1776886611.1041028,6.0,-5.0,-37.0
1776886611.1141028,6.0,-4.0,-37.0
1776886611.1241028,0.0,-3.0,-37.0
1776886611.1341028,4.0,2.0,-38.0
1776886611.1441028,6.0,0.0,-37.0
1776886611.1541028,5.0,-2.0,-30.0
1776886611.1641028,4.0,-2.0,-30.0
1776886611.1741028,6.0,0.0,-31.0
1776886611.1841028,7.0,1.0,-27.0
1776886611.1941028,11.0,-2.0,-33.0
1776886611.2041028,7.0,-3.0,-41.0
1776886611.2141027,3.0,-4.0,-40.0
1776886611.2241027,2.0,-5.0,-40.0
1776886611.2341027,2.0,-8.0,-40.0
1776886611.2441027,-2.0,-7.0,-41.0
1776886611.2541027,-7.0,-9.0,-46.0
1776886611.2641027,-6.0,-4.0,-43.0
1776886611.2741027,-5.0,-5.0,-38.0
1776886611.284103,-4.0,-4.0,-35.0
1776886611.294103,-6.0,0.0,-40.0
1776886611.304103,-2.0,4.0,-39.0
1776886611.3141026,0.0,5.0,-34.0
1776886611.3241026,0.0,4.0,-31.0
1776886611.3341026,-1.0,1.0,-37.0
1776886611.3441026,1.0,4.0,-43.0
1776886611.3541028,0.0,4.0,-47.0
1776886611.3641028,3.0,5.0,-57.0
1776886611.3741028,3.0,1.0,-53.0
1776886611.3841028,2.0,-2.0,-51.0
1776886611.3941028,2.0,-3.0,-51.0
1776886611.4041028,3.0,5.0,-42.0
1776886611.4141028,3.0,9.0,-39.0
1776886611.4241028,1.0,7.0,-42.0
1776886611.4341028,4.0,6.0,-39.0
1776886611.4441028,3.0,5.0,-44.0
1776886611.4541028,1.0,1.0,-48.0
1776886611.4641027,0.0,1.0,-44.0
1776886611.4741027,-1.0,3.0,-41.0
1776886611.4841027,0.0,4.0,-35.0
1776886611.4941027,-4.0,0.0,-39.0
1776886611.5041027,0.0,2.0,-44.0
1776886611.5141027,0.0,1.0,-41.0
1776886611.5241027,1.0,-2.0,-36.0
1776886611.534103,4.0,-3.0,-43.0
1776886611.544103,-1.0,-5.0,-44.0
1776886611.554103,0.0,-3.0,-41.0
1776886611.5641026,-1.0,-1.0,-39.0
1776886611.5741026,0.0,2.0,-46.0
1776886611.5841026,2.0,2.0,-48.0
1776886611.5941026,5.0,2.0,-49.0
1776886611.6041028,4.0,-3.0,-36.0
1776886611.6141028,2.0,-3.0,-34.0
1776886611.6241028,-1.0,-1.0,-31.0
1776886611.6341028,1.0,-7.0,-32.0
1776886611.6441028,0.0,-7.0,-31.0
1776886611.6541028,3.0,-5.0,-26.0
1776886611.6641028,7.0,-4.0,-29.0
1776886611.6741028,6.0,-8.0,-27.0
1776886611.6841028,2.0,-7.0,-34.0
1776886611.6941028,0.0,-5.0,-37.0
1776886611.7041028,-1.0,-6.0,-40.0
1776886611.7141027,-1.0,-4.0,-39.0
1776886611.7241027,0.0,-3.0,-35.0
1776886611.7341027,0.0,0.0,-39.0
1776886611.7441027,-2.0,0.0,-44.0
1776886611.7541027,-1.0,-5.0,-40.0
1776886611.7641027,2.0,-4.0,-51.0
1776886611.7741027,-2.0,-3.0,-50.0
1776886611.784103,-2.0,-2.0,-47.0
1776886611.794103,-2.0,-1.0,-43.0
1776886611.804103,2.0,-1.0,-48.0
1776886611.8141026,4.0,1.0,-48.0
1776886611.8241026,0.0,0.0,-48.0
1776886611.8341026,3.0,0.0,-50.0
1776886611.8441026,4.0,0.0,-51.0
1776886611.8541028,0.0,1.0,-50.0
1776886611.8641028,-1.0,2.0,-51.0
1776886611.8741028,-2.0,0.0,-48.0
1776886611.8841028,-3.0,1.0,-40.0
1776886611.8941028,-2.0,0.0,-42.0
1776886611.9041028,-6.0,-1.0,-37.0
1776886611.9141028,-7.0,0.0,-28.0
1776886611.9241028,-8.0,2.0,-30.0
1776886611.9341028,-7.0,4.0,-34.0
1776886611.9441028,-3.0,0.0,-41.0
1776886611.9541028,-2.0,2.0,-39.0
1776886611.9641027,-6.0,-2.0,-38.0
1776886611.9741027,-8.0,0.0,-49.0
1776886611.9841027,-7.0,0.0,-46.0
1776886611.9941027,-5.0,-3.0,-47.0
1776886612.0041027,-8.0,-5.0,-42.0
1776886612.0141027,-4.0,-9.0,-42.0
1776886612.0241027,0.0,-7.0,-41.0
1776886612.034103,1.0,-2.0,-40.0
1776886612.044103,4.0,1.0,-35.0
1776886612.054103,9.0,4.0,-35.0
1776886612.0641026,9.0,2.0,-31.0
1776886612.0741026,11.0,0.0,-36.0
1776886612.0841026,2.0,1.0,-42.0
1776886612.0941026,2.0,0.0,-37.0
1776886612.1041028,2.0,-3.0,-35.0
1776886612.1141028,9.0,-4.0,-36.0
1776886612.1241028,4.0,-2.0,-33.0
1776886612.1341028,4.0,-3.0,-32.0
1776886612.1441028,0.0,0.0,-29.0
1776886612.1541028,0.0,2.0,-33.0
1776886612.1641028,1.0,-1.0,-31.0
1776886612.1741028,-2.0,-1.0,-36.0
1776886612.1841028,0.0,0.0,-37.0
1776886612.1941028,0.0,0.0,-34.0
1776886612.2041028,-3.0,-1.0,-35.0
1776886612.2141027,-6.0,0.0,-32.0
1776886612.2241027,-7.0,-3.0,-28.0
1776886612.2341027,-6.0,-2.0,-29.0
1776886612.2441027,-3.0,-3.0,-30.0
1776886612.2541027,-5.0,-4.0,-35.0
1776886612.2641027,-6.0,0.0,-35.0
1776886612.2741027,-8.0,3.0,-42.0
1776886612.284103,-7.0,4.0,-37.0
1776886612.294103,-3.0,3.0,-33.0
1776886612.304103,1.0,2.0,-37.0
1776886612.3141026,0.0,0.0,-35.0
1776886612.3241026,-1.0,0.0,-39.0
1776886612.3341026,0.0,-1.0,-35.0
1776886612.3441026,-4.0,-1.0,-36.0
1776886612.3541028,0.0,0.0,-39.0
1776886612.3641028,1.0,0.0,-39.0
1776886612.3741028,3.0,0.0,-37.0
1776886612.3841028,0.0,1.0,-32.0
1776886612.3941028,-2.0,-4.0,-38.0
1776886612.4041028,2.0,-5.0,-29.0
1776886612.4141028,2.0,-5.0,-28.0
1776886612.4241028,3.0,-7.0,-29.0
1776886612.4341028,3.0,-5.0,-23.0
1776886612.4441028,7.0,0.0,-28.0
1776886612.4541028,6.0,1.0,-27.0
1776886612.4641027,3.0,2.0,-28.0
1776886612.4741027,5.0,2.0,-26.0
1776886612.4841027,6.0,2.0,-27.0
1776886612.4941027,9.0,2.0,-28.0
1776886612.5041027,13.0,-1.0,-32.0
1776886612.5141027,13.0,-3.0,-37.0
1776886612.5241027,12.0,-5.0,-31.0
1776886612.534103,11.0,-9.0,-32.0
1776886612.544103,3.0,-8.0,-34.0
1776886612.554103,2.0,-9.0,-33.0
1776886612.5641026,4.0,-3.0,-38.0
1776886612.5741026,1.0,-3.0,-39.0
1776886612.5841026,0.0,-3.0,-41.0
1776886612.5941026,-1.0,-3.0,-39.0
1776886612.6041028,-2.0,-1.0,-42.0
1776886612.6141028,0.0,0.0,-32.0
1776886612.6241028,4.0,1.0,-37.0
1776886612.6341028,1.0,-2.0,-39.0
1776886612.6441028,1.0,0.0,-36.0
1776886612.6541028,1.0,-5.0,-44.0
1776886612.6641028,3.0,-3.0,-52.0
1776886612.6741028,6.0,-1.0,-52.0
1776886612.6841028,2.0,-3.0,-44.0
1776886612.6941028,2.0,0.0,-37.0
1776886612.7041028,4.0,-1.0,-37.0
1776886612.7141027,1.0,-3.0,-39.0
1776886612.7241027,1.0,-5.0,-43.0
1776886612.7341027,1.0,-3.0,-46.0
1776886612.7441027,1.0,-1.0,-40.0
1776886612.7551026,1.0,0.0,-46.0
1776886612.7651026,-1.0,0.0,-48.0
1776886612.7751029,-2.0,-3.0,-47.0
1776886612.7851028,-7.0,-1.0,-44.0
1776886612.7951028,-5.0,0.0,-40.0
1776886612.8051028,0.0,0.0,-31.0
1776886612.8151028,3.0,0.0,-26.0
1776886612.8251028,0.0,-1.0,-25.0
1776886612.8351028,1.0,2.0,-29.0
1776886612.8451028,5.0,0.0,-33.0
1776886612.8551028,10.0,-4.0,-37.0
1776886612.8651028,10.0,-1.0,-34.0
1776886612.8751028,7.0,0.0,-41.0
1776886612.8851027,6.0,0.0,-46.0
1776886612.8951027,8.0,3.0,-48.0
1776886612.9051027,2.0,0.0,-47.0
1776886612.9151027,0.0,-2.0,-44.0
1776886612.9251027,5.0,-3.0,-46.0
1776886612.9351027,6.0,0.0,-38.0
1776886612.9451027,5.0,1.0,-41.0
1776886612.9551027,2.0,2.0,-40.0
1776886612.965103,4.0,1.0,-41.0
1776886612.975103,8.0,-3.0,-39.0
1776886612.985103,10.0,-3.0,-38.0
1776886612.9951026,9.0,-6.0,-44.0
1776886613.0051026,4.0,-5.0,-46.0
1776886613.0151026,7.0,-3.0,-45.0
1776886613.0251029,7.0,-5.0,-44.0
1776886613.0351028,6.0,-5.0,-44.0
1776886613.0451028,5.0,-6.0,-48.0
1776886613.0551028,4.0,-3.0,-54.0
1776886613.0651028,4.0,-6.0,-49.0
1776886613.0751028,5.0,-6.0,-49.0
1776886613.0851028,2.0,-3.0,-55.0
1776886613.0951028,-2.0,-2.0,-53.0
1776886613.1051028,0.0,-3.0,-48.0
1776886613.1151028,2.0,-3.0,-46.0
1776886613.1251028,3.0,-3.0,-46.0
1776886613.1351027,2.0,-3.0,-43.0
1776886613.1451027,3.0,-2.0,-44.0
1776886613.1551027,2.0,-2.0,-41.0
1776886613.1651027,1.0,1.0,-36.0
1776886613.1751027,5.0,1.0,-34.0
1776886613.1851027,6.0,-1.0,-34.0
1776886613.1951027,1.0,-2.0,-29.0
1776886613.2051027,4.0,-5.0,-36.0
1776886613.215103,1.0,-8.0,-41.0
1776886613.225103,1.0,-7.0,-37.0
1776886613.235103,2.0,-3.0,-33.0
1776886613.2451026,7.0,0.0,-28.0
1776886613.2551026,4.0,3.0,-31.0
1776886613.2651026,6.0,0.0,-30.0
1776886613.2751029,4.0,-6.0,-28.0
1776886613.2851028,2.0,-5.0,-36.0
1776886613.2951028,5.0,-1.0,-35.0
1776886613.3051028,10.0,0.0,-37.0
1776886613.3151028,7.0,0.0,-39.0
1776886613.3251028,6.0,0.0,-42.0
1776886613.3351028,0.0,-4.0,-49.0
1776886613.3451028,0.0,-5.0,-40.0
1776886613.3551028,0.0,-4.0,-42.0
1776886613.3651028,-2.0,-4.0,-36.0
1776886613.3751028,-1.0,-3.0,-26.0
1776886613.3851027,0.0,-3.0,-20.0
1776886613.3951027,2.0,-4.0,-24.0
1776886613.4051027,4.0,3.0,-27.0
1776886613.4151027,5.0,5.0,-25.0
1776886613.4251027,5.0,3.0,-29.0
1776886613.4351027,4.0,0.0,-26.0
1776886613.4451027,3.0,0.0,-24.0
1776886613.4551027,0.0,-5.0,-25.0
1776886613.465103,4.0,-3.0,-33.0
1776886613.475103,1.0,-4.0,-36.0
1776886613.485103,0.0,2.0,-38.0
1776886613.4951026,1.0,3.0,-41.0
1776886613.5051026,6.0,7.0,-35.0
1776886613.5151026,8.0,5.0,-37.0
1776886613.5251029,6.0,2.0,-38.0
1776886613.5351028,1.0,0.0,-31.0
1776886613.5451028,0.0,0.0,-37.0
1776886613.5551028,0.0,0.0,-40.0
1776886613.5651028,0.0,-2.0,-39.0
1776886613.5751028,2.0,-3.0,-38.0
1776886613.5851028,3.0,-2.0,-44.0
1776886613.5951028,0.0,-3.0,-52.0
1776886613.6051028,2.0,0.0,-45.0
1776886613.6151028,4.0,0.0,-45.0
1776886613.6251028,5.0,3.0,-41.0
1776886613.636103,3.0,0.0,-44.0
1776886613.6451027,4.0,-1.0,-40.0
1776886613.6551027,4.0,-4.0,-43.0
1776886613.6651027,6.0,-2.0,-41.0
1776886613.6751027,3.0,-2.0,-50.0
1776886613.6851027,0.0,-3.0,-46.0
1776886613.6951027,1.0,-3.0,-40.0
1776886613.7051027,5.0,-2.0,-42.0
1776886613.715103,8.0,-6.0,-38.0
1776886613.725103,9.0,-4.0,-38.0
1776886613.735103,7.0,-3.0,-38.0
1776886613.7451026,4.0,-1.0,-34.0
1776886613.7551026,3.0,0.0,-33.0
1776886613.7651026,3.0,0.0,-30.0
1776886613.7751029,-2.0,-3.0,-32.0
1776886613.7851028,-2.0,0.0,-29.0
1776886613.7951028,-1.0,1.0,-33.0
1776886613.8051028,1.0,0.0,-33.0
1776886613.8151028,-2.0,0.0,-37.0
1776886613.8251028,-2.0,-3.0,-35.0
1776886613.8351028,0.0,-1.0,-37.0
1776886613.8451028,-2.0,1.0,-32.0
1776886613.8551028,-6.0,1.0,-30.0
1776886613.8651028,0.0,3.0,-41.0
1776886613.8751028,1.0,1.0,-41.0
1776886613.8851027,0.0,0.0,-30.0
1776886613.8951027,-2.0,-1.0,-39.0
1776886613.9051027,-2.0,2.0,-42.0
1776886613.9151027,1.0,4.0,-40.0
1776886613.9251027,-2.0,5.0,-31.0
1776886613.9351027,-7.0,3.0,-36.0
1776886613.9451027,-9.0,4.0,-32.0
1776886613.9551027,-7.0,4.0,-32.0
1776886613.965103,-2.0,3.0,-34.0
1776886613.975103,-2.0,0.0,-38.0
1776886613.985103,-2.0,0.0,-37.0
1776886613.9951026,-4.0,0.0,-29.0
1776886614.0051026,-4.0,0.0,-31.0
1776886614.0151026,0.0,0.0,-36.0
1776886614.0251029,2.0,-2.0,-38.0
1776886614.0351028,2.0,-1.0,-46.0
1776886614.0451028,0.0,-5.0,-47.0
1776886614.0551028,0.0,-5.0,-48.0
1776886614.0651028,3.0,-5.0,-44.0
1776886614.0751028,4.0,-3.0,-39.0
1776886614.0851028,5.0,-4.0,-41.0
1776886614.0951028,5.0,-7.0,-39.0
1776886614.1051028,8.0,-10.0,-34.0
1776886614.1151028,9.0,-11.0,-32.0
1776886614.1251028,5.0,-5.0,-25.0
1776886614.1351027,4.0,-3.0,-27.0
1776886614.1451027,6.0,-3.0,-30.0
1776886614.1551027,5.0,1.0,-37.0
1776886614.1651027,2.0,2.0,-41.0
1776886614.1751027,1.0,0.0,-40.0
1776886614.1851027,-1.0,0.0,-32.0
1776886614.1951027,-1.0,0.0,-32.0
1776886614.2051027,-2.0,4.0,-30.0
1776886614.215103,-5.0,-1.0,-32.0
1776886614.225103,-6.0,0.0,-29.0
1776886614.235103,-2.0,-2.0,-34.0
1776886614.2451026,-4.0,1.0,-39.0
1776886614.2551026,-1.0,1.0,-40.0
1776886614.2651026,-1.0,-1.0,-44.0
1776886614.2751029,-1.0,1.0,-48.0
1776886614.2851028,0.0,2.0,-45.0
1776886614.2951028,4.0,0.0,-51.0
1776886614.3051028,3.0,0.0,-52.0
1776886614.3151028,-3.0,1.0,-46.0
1776886614.3251028,-1.0,-3.0,-37.0
1776886614.3351028,-3.0,0.0,-38.0
1776886614.3451028,0.0,-1.0,-36.0
1776886614.3551028,0.0,0.0,-39.0
1776886614.3651028,3.0,0.0,-39.0
1776886614.3761027,4.0,1.0,-43.0
1776886614.3851027,1.0,0.0,-44.0
1776886614.3951027,0.0,1.0,-40.0
1776886614.4051027,1.0,-1.0,-40.0
1776886614.4151027,2.0,2.0,-42.0
1776886614.4251027,3.0,0.0,-38.0
1776886614.4351027,3.0,3.0,-31.0
1776886614.4451027,3.0,0.0,-38.0
1776886614.4551027,1.0,1.0,-37.0
1776886614.465103,1.0,0.0,-33.0
1776886614.475103,6.0,2.0,-36.0
1776886614.485103,5.0,0.0,-37.0
1776886614.4951026,8.0,0.0,-41.0
1776886614.5051026,3.0,-2.0,-45.0
1776886614.5151026,2.0,-3.0,-44.0
1776886614.5251029,4.0,-2.0,-41.0
1776886614.5351028,4.0,-2.0,-35.0
1776886614.5451028,4.0,1.0,-35.0
1776886614.5551028,3.0,-4.0,-41.0
1776886614.5651028,6.0,-5.0,-42.0
1776886614.5751028,4.0,-5.0,-39.0
1776886614.5851028,6.0,-2.0,-40.0
1776886614.5951028,1.0,0.0,-43.0
1776886614.6051028,0.0,-1.0,-43.0
1776886614.6151028,1.0,0.0,-44.0
1776886614.6251028,1.0,3.0,-41.0
1776886614.6351027,0.0,0.0,-41.0
1776886614.6451027,0.0,0.0,-45.0
1776886614.6551027,0.0,-1.0,-42.0
1776886614.6651027,0.0,-4.0,-36.0
1776886614.6751027,-3.0,-2.0,-31.0
1776886614.6851027,-7.0,-5.0,-31.0
1776886614.6951027,-4.0,-7.0,-31.0
1776886614.7061028,-1.0,-4.0,-34.0
1776886614.715103,-2.0,-2.0,-33.0
1776886614.7261028,-3.0,0.0,-36.0
1776886614.7361028,-1.0,2.0,-41.0
1776886614.7461028,0.0,-1.0,-43.0
1776886614.7561028,1.0,-3.0,-41.0
1776886614.7661028,3.0,-3.0,-42.0
1776886614.7761028,6.0,-3.0,-45.0
1776886614.7861028,5.0,-3.0,-44.0
1776886614.7961028,4.0,-1.0,-43.0
1776886614.8061028,2.0,-5.0,-35.0
1776886614.8161027,-1.0,0.0,-35.0
1776886614.8261027,2.0,-1.0,-29.0
1776886614.8361027,3.0,-2.0,-27.0
1776886614.8461027,-1.0,-2.0,-26.0
1776886614.8561027,0.0,0.0,-26.0
1776886614.8661027,1.0,1.0,-24.0
1776886614.8761027,3.0,0.0,-32.0
1776886614.886103,9.0,-1.0,-34.0
1776886614.896103,6.0,-2.0,-34.0
1776886614.906103,5.0,-4.0,-32.0
1776886614.9161026,5.0,-5.0,-28.0
1776886614.9261026,4.0,-3.0,-24.0
1776886614.9361026,2.0,-3.0,-28.0
1776886614.9461029,0.0,-2.0,-30.0
1776886614.9561028,0.0,1.0,-31.0
1776886614.9661028,-2.0,3.0,-32.0
1776886614.9761028,-4.0,4.0,-33.0
1776886614.9861028,-2.0,5.0,-27.0
1776886614.9961028,0.0,1.0,-29.0
1776886615.0061028,0.0,0.0,-24.0
1776886615.0161028,2.0,-1.0,-23.0
1776886615.0261028,1.0,-3.0,-15.0
1776886615.0361028,5.0,0.0,-13.0
1776886615.0461028,7.0,0.0,-19.0
1776886615.0561028,7.0,-4.0,-23.0
1776886615.0661027,4.0,0.0,-23.0
1776886615.0761027,7.0,1.0,-24.0
1776886615.0861027,2.0,-2.0,-26.0
1776886615.0961027,0.0,-2.0,-26.0
1776886615.1061027,0.0,-2.0,-29.0
1776886615.1161027,0.0,-1.0,-33.0
1776886615.1261027,1.0,-2.0,-34.0
1776886615.136103,1.0,0.0,-29.0
1776886615.146103,-1.0,1.0,-37.0
1776886615.156103,-4.0,0.0,-44.0
1776886615.1661026,-3.0,0.0,-40.0
1776886615.1761026,-2.0,-3.0,-28.0
1776886615.1861026,1.0,0.0,-28.0
1776886615.1961029,5.0,-3.0,-33.0
1776886615.2061028,6.0,-5.0,-42.0
1776886615.2161028,9.0,-6.0,-41.0
1776886615.2261028,7.0,-6.0,-39.0
1776886615.2361028,7.0,-4.0,-35.0
1776886615.2461028,7.0,-7.0,-33.0
1776886615.2561028,7.0,-8.0,-29.0
1776886615.2661028,2.0,-9.0,-29.0
1776886615.2761028,3.0,-8.0,-29.0
1776886615.2861028,4.0,-4.0,-33.0
1776886615.2961028,0.0,-2.0,-38.0
1776886615.3061028,0.0,-3.0,-35.0
1776886615.3161027,-1.0,-8.0,-40.0
1776886615.3261027,0.0,-4.0,-42.0
1776886615.3361027,5.0,-6.0,-46.0
1776886615.3461027,2.0,-7.0,-41.0
1776886615.3561027,-1.0,-3.0,-39.0
1776886615.3661027,-5.0,-6.0,-32.0
1776886615.3761027,0.0,-3.0,-29.0
1776886615.386103,3.0,1.0,-27.0
1776886615.396103,5.0,2.0,-31.0
1776886615.406103,4.0,3.0,-39.0
1776886615.4161026,5.0,1.0,-37.0
1776886615.4261026,0.0,7.0,-36.0
1776886615.4361026,3.0,7.0,-36.0
1776886615.4461029,1.0,2.0,-39.0
1776886615.4561028,0.0,1.0,-40.0
1776886615.4661028,0.0,-1.0,-44.0
1776886615.4761028,3.0,-3.0,-39.0
1776886615.4861028,3.0,-3.0,-36.0
1776886615.4961028,-3.0,-1.0,-33.0
1776886615.5061028,-4.0,-4.0,-36.0
1776886615.5161028,0.0,-2.0,-36.0
1776886615.5261028,0.0,0.0,-36.0
1776886615.5361028,0.0,0.0,-34.0
1776886615.5461028,-1.0,-3.0,-35.0
1776886615.5561028,0.0,-5.0,-37.0
1776886615.5661027,3.0,-4.0,-43.0
1776886615.5761027,3.0,-8.0,-47.0
1776886615.5861027,4.0,-5.0,-41.0
1776886615.5961027,5.0,-6.0,-41.0
1776886615.6061027,3.0,-3.0,-41.0
1776886615.6161027,5.0,0.0,-45.0
1776886615.6261027,1.0,0.0,-45.0
1776886615.636103,1.0,0.0,-40.0
1776886615.646103,2.0,1.0,-41.0
1776886615.656103,-3.0,1.0,-41.0
1776886615.6661026,-2.0,2.0,-40.0
1776886615.6761026,1.0,3.0,-37.0
1776886615.6861026,7.0,2.0,-36.0
1776886615.6961029,7.0,1.0,-41.0
1776886615.7061028,10.0,1.0,-30.0
1776886615.7161028,3.0,2.0,-33.0
1776886615.7261028,0.0,7.0,-33.0
1776886615.7361028,0.0,3.0,-36.0
1776886615.7461028,-2.0,2.0,-38.0
1776886615.7561028,-2.0,0.0,-39.0
1776886615.7661028,-2.0,-1.0,-43.0
1776886615.7761028,0.0,-3.0,-44.0
1776886615.7861028,1.0,-3.0,-47.0
1776886615.7961028,-1.0,-6.0,-43.0
1776886615.8061028,-5.0,-8.0,-43.0
1776886615.8161027,-4.0,-5.0,-44.0
1776886615.8261027,-5.0,-5.0,-47.0
1776886615.8361027,-5.0,-5.0,-43.0
1776886615.8461027,-2.0,-3.0,-43.0
1776886615.8561027,-3.0,-1.0,-48.0
1776886615.8661027,0.0,-2.0,-51.0
1776886615.8761027,0.0,1.0,-46.0
1776886615.886103,0.0,3.0,-44.0
1776886615.896103,-1.0,0.0,-39.0
1776886615.906103,-5.0,0.0,-41.0
1776886615.9161026,-1.0,-1.0,-38.0
1776886615.9261026,3.0,0.0,-38.0
1776886615.9361026,6.0,0.0,-35.0
1776886615.9461029,6.0,-2.0,-38.0
1776886615.9561028,7.0,-1.0,-37.0
1776886615.9661028,4.0,2.0,-35.0
1776886615.9761028,5.0,2.0,-28.0
1776886615.9861028,3.0,-1.0,-29.0
1776886615.9961028,3.0,-2.0,-30.0
1776886616.0061028,0.0,-1.0,-31.0
1776886616.0161028,0.0,-4.0,-37.0
1776886616.0261028,-2.0,-2.0,-37.0
1776886616.0361028,-1.0,-1.0,-41.0
1776886616.0461028,3.0,-7.0,-43.0
1776886616.0561028,3.0,-4.0,-48.0
1776886616.0661027,2.0,-6.0,-50.0
1776886616.0761027,2.0,-3.0,-41.0
1776886616.0861027,6.0,-3.0,-43.0
1776886616.0961027,3.0,-8.0,-44.0
1776886616.1061027,3.0,-8.0,-43.0
1776886616.1161027,5.0,-1.0,-48.0
1776886616.1261027,1.0,5.0,-47.0
1776886616.136103,0.0,5.0,-46.0
1776886616.146103,4.0,5.0,-44.0
1776886616.156103,6.0,3.0,-37.0
1776886616.1661026,8.0,5.0,-30.0
1776886616.1761026,4.0,4.0,-31.0
1776886616.1861026,2.0,0.0,-30.0
1776886616.1961029,1.0,1.0,-34.0
1776886616.2061028,0.0,1.0,-37.0
1776886616.2161028,-2.0,0.0,-33.0
1776886616.2261028,-2.0,2.0,-35.0
1776886616.2361028,-4.0,0.0,-39.0
1776886616.2461028,-4.0,0.0,-45.0
1776886616.2561028,0.0,0.0,-43.0
1776886616.2661028,-3.0,1.0,-44.0
1776886616.2761028,-1.0,0.0,-43.0
1776886616.2861028,0.0,1.0,-42.0
1776886616.2961028,3.0,1.0,-38.0
1776886616.3061028,1.0,3.0,-46.0
1776886616.3161027,3.0,0.0,-44.0
1776886616.3261027,4.0,-1.0,-41.0
1776886616.3361027,1.0,0.0,-37.0
1776886616.3461027,-4.0,-4.0,-36.0
1776886616.3561027,-3.0,-3.0,-36.0
1776886616.3661027,-2.0,-5.0,-41.0
1776886616.3761027,1.0,-6.0,-48.0
1776886616.386103,-3.0,-2.0,-47.0
1776886616.396103,-3.0,0.0,-44.0
1776886616.406103,-1.0,2.0,-47.0
1776886616.4161026,-5.0,3.0,-43.0
1776886616.4261026,-5.0,2.0,-37.0
1776886616.4361026,-6.0,0.0,-40.0
1776886616.4461029,-2.0,1.0,-41.0
1776886616.4561028,0.0,-1.0,-41.0
1776886616.4661028,-3.0,0.0,-43.0
1776886616.4761028,-6.0,-2.0,-36.0
1776886616.4861028,-8.0,0.0,-35.0
1776886616.4961028,-4.0,3.0,-30.0
1776886616.5061028,0.0,1.0,-27.0
1776886616.5161028,0.0,-1.0,-27.0
1776886616.5261028,-2.0,-1.0,-31.0
1776886616.5361028,-4.0,0.0,-33.0
1776886616.5461028,1.0,-2.0,-36.0
1776886616.5561028,-2.0,-2.0,-50.0
1776886616.5661027,-7.0,-2.0,-48.0
1776886616.5761027,-8.0,0.0,-47.0
1776886616.5861027,-4.0,-4.0,-43.0
1776886616.5961027,0.0,-1.0,-42.0
1776886616.6061027,-1.0,-1.0,-37.0
1776886616.6161027,1.0,-3.0,-32.0
1776886616.6261027,3.0,-4.0,-34.0
1776886616.636103,2.0,-4.0,-36.0
1776886616.646103,1.0,-3.0,-38.0
1776886616.656103,2.0,-7.0,-41.0
1776886616.6661026,4.0,-9.0,-41.0
1776886616.6761026,0.0,-6.0,-37.0
1776886616.6861026,5.0,-6.0,-38.0
1776886616.6971028,7.0,-7.0,-38.0
1776886616.7061028,8.0,-3.0,-44.0
1776886616.7171028,3.0,0.0,-40.0
1776886616.7271028,0.0,0.0,-38.0
1776886616.7371027,-2.0,-2.0,-38.0
1776886616.7471027,-3.0,-3.0,-34.0
1776886616.7571027,2.0,1.0,-31.0
1776886616.7671027,6.0,2.0,-30.0
1776886616.7771027,3.0,2.0,-31.0
1776886616.7871027,5.0,6.0,-33.0
1776886616.7971027,8.0,6.0,-35.0
1776886616.807103,4.0,8.0,-35.0
1776886616.817103,5.0,10.0,-39.0
1776886616.827103,4.0,9.0,-42.0
1776886616.837103,3.0,4.0,-49.0
1776886616.8471026,1.0,1.0,-44.0
1776886616.8571026,-2.0,-3.0,-40.0
1776886616.8671026,1.0,-5.0,-34.0
1776886616.8771029,5.0,-7.0,-29.0
1776886616.8871028,3.0,-9.0,-26.0
1776886616.8971028,2.0,-10.0,-22.0
1776886616.9071028,0.0,-13.0,-26.0
1776886616.9171028,3.0,-13.0,-30.0
1776886616.9271028,4.0,-7.0,-34.0
1776886616.9371028,4.0,-3.0,-36.0
1776886616.9471028,3.0,0.0,-43.0
1776886616.9571028,3.0,0.0,-43.0
1776886616.9671028,3.0,0.0,-40.0
1776886616.9771028,6.0,-4.0,-40.0
1776886616.9871027,0.0,-3.0,-34.0
1776886616.9971027,0.0,-3.0,-38.0
1776886617.0071027,2.0,-1.0,-38.0
1776886617.0171027,4.0,-3.0,-38.0
1776886617.0271027,4.0,-3.0,-36.0
1776886617.0371027,5.0,-6.0,-39.0
1776886617.0471027,5.0,-2.0,-42.0
1776886617.057103,8.0,-4.0,-47.0
1776886617.067103,6.0,-3.0,-43.0
1776886617.077103,5.0,-3.0,-44.0
1776886617.087103,3.0,-6.0,-41.0
1776886617.0971026,-1.0,-9.0,-43.0
1776886617.1071026,-3.0,-7.0,-40.0
1776886617.1171026,-2.0,-7.0,-40.0
1776886617.1271029,-1.0,-6.0,-37.0
1776886617.1371028,0.0,-7.0,-37.0
1776886617.1471028,4.0,-2.0,-43.0
1776886617.1571028,10.0,0.0,-42.0
1776886617.1671028,11.0,-1.0,-46.0
1776886617.1771028,7.0,-3.0,-44.0
1776886617.1871028,6.0,-4.0,-34.0
1776886617.1971028,4.0,-2.0,-31.0
1776886617.2071028,3.0,0.0,-35.0
1776886617.2171028,-4.0,-3.0,-40.0
1776886617.2271028,-5.0,-6.0,-36.0
1776886617.2371027,0.0,-4.0,-31.0
1776886617.2471027,0.0,-4.0,-35.0
1776886617.2571027,0.0,-7.0,-40.0
1776886617.2671027,0.0,-9.0,-40.0
1776886617.2771027,-1.0,-10.0,-38.0
1776886617.2871027,-3.0,-4.0,-42.0
1776886617.2971027,-3.0,-5.0,-36.0
1776886617.307103,-3.0,-3.0,-43.0
1776886617.317103,0.0,-3.0,-48.0
1776886617.327103,0.0,-1.0,-47.0
1776886617.337103,3.0,3.0,-49.0
1776886617.3471026,2.0,2.0,-48.0
1776886617.3571026,-3.0,0.0,-50.0
1776886617.3671026,0.0,3.0,-44.0
1776886617.3771029,5.0,-1.0,-42.0
1776886617.3871028,7.0,-2.0,-42.0
1776886617.3971028,7.0,0.0,-44.0
1776886617.4071028,5.0,0.0,-42.0
1776886617.4171028,1.0,-2.0,-47.0
1776886617.4271028,0.0,4.0,-48.0
1776886617.4371028,5.0,7.0,-44.0
1776886617.4471028,7.0,5.0,-43.0
1776886617.4571028,6.0,2.0,-45.0
1776886617.4671028,3.0,0.0,-47.0
1776886617.4771028,4.0,0.0,-42.0
1776886617.4871027,10.0,-1.0,-46.0
1776886617.4971027,5.0,-3.0,-50.0
1776886617.5071027,6.0,-2.0,-45.0
1776886617.5171027,8.0,0.0,-43.0
1776886617.5271027,5.0,0.0,-46.0
1776886617.5371027,5.0,0.0,-51.0
1776886617.5471027,5.0,-1.0,-48.0
1776886617.557103,4.0,-1.0,-42.0
1776886617.567103,2.0,0.0,-42.0
1776886617.577103,0.0,0.0,-39.0
1776886617.587103,-6.0,0.0,-45.0
1776886617.5971026,-5.0,-3.0,-39.0
1776886617.6071026,-4.0,0.0,-33.0
1776886617.6171026,-2.0,-2.0,-29.0
1776886617.6271029,0.0,-2.0,-30.0
1776886617.6371028,2.0,-2.0,-32.0
1776886617.6471028,1.0,0.0,-35.0
1776886617.6571028,0.0,0.0,-40.0
1776886617.6671028,-8.0,1.0,-43.0
1776886617.6771028,-6.0,0.0,-44.0
1776886617.6871028,-8.0,3.0,-49.0
1776886617.6971028,-4.0,1.0,-48.0
1776886617.7071028,-4.0,2.0,-49.0
1776886617.7171028,0.0,-1.0,-47.0
1776886617.7271028,6.0,0.0,-41.0
1776886617.7371027,3.0,-2.0,-35.0
1776886617.7471027,2.0,-5.0,-36.0
1776886617.7571027,0.0,-5.0,-39.0
1776886617.7671027,-1.0,-9.0,-33.0
1776886617.7771027,-5.0,-8.0,-33.0
1776886617.7871027,-4.0,-9.0,-37.0
1776886617.7971027,0.0,-9.0,-42.0
1776886617.807103,2.0,-6.0,-44.0
1776886617.817103,-1.0,-5.0,-43.0
1776886617.827103,-1.0,-4.0,-46.0
1776886617.837103,-7.0,-1.0,-47.0
1776886617.8471026,-6.0,0.0,-42.0
1776886617.8571026,-2.0,2.0,-45.0
1776886617.8671026,1.0,2.0,-47.0
1776886617.8771029,-1.0,3.0,-40.0
1776886617.8871028,2.0,0.0,-33.0
1776886617.8971028,3.0,0.0,-36.0
1776886617.9071028,-3.0,-1.0,-36.0
1776886617.9171028,-3.0,0.0,-38.0
1776886617.9271028,-3.0,0.0,-41.0
1776886617.9371028,-6.0,-3.0,-43.0
1776886617.9471028,-8.0,-3.0,-47.0
1776886617.9571028,-9.0,-3.0,-46.0
1776886617.9671028,-2.0,-4.0,-45.0
1776886617.9771028,-2.0,-8.0,-46.0
1776886617.9871027,0.0,-8.0,-37.0
1776886617.9971027,-2.0,-3.0,-45.0
1776886618.0071027,3.0,-4.0,-44.0
1776886618.0171027,0.0,0.0,-42.0
1776886618.0271027,2.0,1.0,-40.0
1776886618.0371027,-1.0,0.0,-44.0
1776886618.0471027,1.0,2.0,-42.0
1776886618.057103,3.0,3.0,-49.0
1776886618.067103,2.0,0.0,-51.0
1776886618.077103,5.0,0.0,-46.0
1776886618.087103,2.0,-1.0,-41.0
1776886618.0971026,0.0,-3.0,-41.0
1776886618.1071026,-3.0,-1.0,-39.0
1776886618.1171026,-6.0,-2.0,-42.0
1776886618.1271029,-4.0,-3.0,-46.0
1776886618.1371028,-2.0,-4.0,-45.0
1776886618.1471028,-3.0,-5.0,-51.0
1776886618.1571028,-4.0,-2.0,-45.0
1776886618.1671028,-1.0,-4.0,-47.0
1776886618.1771028,-1.0,-8.0,-44.0
1776886618.1871028,-1.0,-8.0,-43.0
1776886618.1971028,-4.0,-7.0,-42.0
1776886618.2071028,-7.0,-6.0,-45.0
1776886618.2171028,-11.0,-1.0,-49.0
1776886618.2271028,-10.0,-7.0,-52.0
1776886618.2371027,-5.0,-5.0,-56.0
1776886618.2471027,-5.0,-9.0,-45.0
1776886618.2571027,-3.0,-8.0,-37.0
1776886618.2671027,-5.0,-4.0,-42.0
1776886618.2771027,-3.0,0.0,-44.0
1776886618.2871027,-1.0,1.0,-44.0
1776886618.2971027,0.0,2.0,-42.0
1776886618.307103,-2.0,-2.0,-38.0
1776886618.317103,-1.0,-3.0,-38.0
1776886618.327103,-5.0,-3.0,-43.0
1776886618.337103,-1.0,-6.0,-40.0
1776886618.3471026,0.0,2.0,-40.0
1776886618.3571026,-4.0,4.0,-34.0
1776886618.3671026,-6.0,3.0,-24.0
1776886618.3771029,-7.0,0.0,-30.0
1776886618.3871028,-1.0,0.0,-36.0
1776886618.3971028,3.0,3.0,-39.0
1776886618.4071028,7.0,0.0,-39.0
1776886618.4171028,8.0,-3.0,-37.0
1776886618.4271028,6.0,0.0,-40.0
1776886618.4371028,5.0,0.0,-44.0
1776886618.4471028,7.0,-1.0,-42.0
1776886618.4571028,7.0,-4.0,-42.0
1776886618.4671028,4.0,-6.0,-43.0
1776886618.4771028,0.0,-9.0,-43.0
1776886618.4871027,-2.0,-9.0,-44.0
1776886618.4971027,-1.0,-7.0,-43.0
1776886618.5071027,-7.0,-3.0,-43.0
1776886618.5171027,-5.0,-6.0,-39.0
1776886618.5271027,-1.0,-6.0,-41.0
1776886618.5371027,-5.0,-3.0,-41.0
1776886618.5471027,0.0,0.0,-45.0
1776886618.557103,-1.0,0.0,-40.0
1776886618.567103,-1.0,-2.0,-42.0
1776886618.577103,2.0,-1.0,-43.0
1776886618.587103,1.0,1.0,-45.0
1776886618.5971026,-4.0,0.0,-44.0
1776886618.6071026,-1.0,0.0,-50.0
1776886618.6171026,-2.0,-3.0,-50.0
1776886618.6271029,0.0,-4.0,-44.0
1776886618.6371028,-3.0,-4.0,-40.0
1776886618.6471028,-5.0,-1.0,-33.0
1776886618.6571028,-5.0,3.0,-33.0
1776886618.6671028,3.0,0.0,-39.0
1776886618.6771028,4.0,-1.0,-36.0
1776886618.6871028,-5.0,-2.0,-36.0
1776886618.6971028,-2.0,-2.0,-39.0
1776886618.7071028,-3.0,-4.0,-39.0
1776886618.7171028,-4.0,0.0,-37.0
1776886618.7271028,-5.0,0.0,-38.0
1776886618.7371027,-4.0,-1.0,-39.0
1776886618.748103,-2.0,-2.0,-47.0
1776886618.758103,-2.0,-2.0,-54.0
1776886618.7681026,-4.0,0.0,-55.0
1776886618.7781026,-4.0,3.0,-58.0
1776886618.7881026,-4.0,0.0,-55.0
1776886618.7981029,-1.0,-1.0,-50.0
1776886618.8081028,0.0,-7.0,-46.0
1776886618.8181028,1.0,-7.0,-37.0
1776886618.8281028,1.0,-10.0,-44.0
1776886618.8381028,0.0,-9.0,-46.0
1776886618.8481028,5.0,-8.0,-42.0
1776886618.8581028,4.0,-8.0,-43.0
1776886618.8681028,5.0,-5.0,-36.0
1776886618.8781028,4.0,-3.0,-39.0
1776886618.8881028,3.0,-7.0,-42.0
1776886618.8981028,4.0,-10.0,-33.0
1776886618.9081028,3.0,-7.0,-32.0
1776886618.9181027,7.0,-5.0,-30.0
1776886618.9281027,4.0,-5.0,-35.0
1776886618.9381027,5.0,-3.0,-36.0
1776886618.9481027,2.0,-2.0,-40.0
1776886618.9581027,5.0,1.0,-43.0
1776886618.9681027,6.0,1.0,-43.0
1776886618.9781027,7.0,3.0,-45.0
1776886618.988103,4.0,2.0,-50.0
1776886618.998103,6.0,0.0,-45.0
1776886619.008103,4.0,-1.0,-46.0
1776886619.0181026,3.0,0.0,-48.0
1776886619.0281026,3.0,3.0,-43.0
1776886619.0381026,11.0,0.0,-42.0
1776886619.0481029,3.0,-3.0,-37.0
1776886619.0581028,0.0,-5.0,-41.0
1776886619.0681028,1.0,-10.0,-37.0
1776886619.0781028,2.0,-10.0,-32.0
1776886619.0881028,2.0,-10.0,-34.0
1776886619.0981028,3.0,-10.0,-32.0
1776886619.1081028,0.0,-8.0,-33.0
1776886619.1181028,4.0,-11.0,-38.0
1776886619.1281028,7.0,-7.0,-38.0
1776886619.1381028,6.0,-7.0,-38.0
1776886619.1481028,2.0,-6.0,-43.0
1776886619.1581028,3.0,-8.0,-43.0
1776886619.1681027,1.0,-5.0,-47.0
1776886619.1781027,-3.0,-5.0,-45.0
1776886619.1881027,0.0,2.0,-42.0
1776886619.1981027,0.0,-1.0,-39.0
1776886619.2081027,0.0,-5.0,-38.0
1776886619.2181027,0.0,-4.0,-41.0
1776886619.2281027,2.0,0.0,-34.0
1776886619.238103,5.0,1.0,-34.0
1776886619.248103,7.0,2.0,-36.0
1776886619.258103,4.0,0.0,-38.0
1776886619.2681026,0.0,0.0,-37.0
1776886619.2781026,0.0,-4.0,-29.0
1776886619.2881026,0.0,-3.0,-28.0
1776886619.2981029,2.0,-5.0,-34.0
1776886619.3081028,3.0,-4.0,-37.0
1776886619.3181028,6.0,0.0,-34.0
1776886619.3281028,8.0,2.0,-32.0
1776886619.3381028,5.0,4.0,-36.0
1776886619.3481028,4.0,4.0,-37.0
1776886619.3581028,5.0,6.0,-32.0
1776886619.3681028,7.0,3.0,-31.0
1776886619.3781028,4.0,2.0,-29.0
1776886619.3881028,0.0,1.0,-25.0
1776886619.3981028,0.0,0.0,-25.0
1776886619.4081028,0.0,-4.0,-31.0
1776886619.4181027,3.0,-8.0,-32.0
1776886619.4281027,2.0,-13.0,-36.0
1776886619.4381027,6.0,-10.0,-42.0
1776886619.4481027,4.0,-7.0,-39.0
1776886619.4581027,0.0,-3.0,-35.0
1776886619.4681027,1.0,0.0,-35.0
1776886619.4781027,0.0,-1.0,-39.0
1776886619.488103,-3.0,-3.0,-38.0
1776886619.498103,-3.0,-4.0,-40.0
1776886619.508103,-5.0,-5.0,-38.0
1776886619.5181026,-5.0,-6.0,-37.0
1776886619.5281026,-2.0,-7.0,-39.0
1776886619.5381026,-2.0,-7.0,-41.0
1776886619.5481029,-4.0,-4.0,-39.0
1776886619.5581028,-1.0,-2.0,-35.0
1776886619.5681028,0.0,0.0,-28.0
1776886619.5781028,2.0,-6.0,-28.0
1776886619.5881028,8.0,-10.0,-29.0
1776886619.5981028,14.0,-8.0,-30.0
1776886619.6081028,15.0,-4.0,-39.0
1776886619.6181028,8.0,-8.0,-39.0
1776886619.6281028,5.0,-8.0,-37.0
1776886619.6381028,3.0,-5.0,-45.0
1776886619.6481028,9.0,-5.0,-46.0
1776886619.6581028,6.0,-5.0,-41.0
1776886619.6681027,8.0,-6.0,-39.0
1776886619.6781027,8.0,-8.0,-38.0
1776886619.6881027,9.0,-5.0,-39.0
1776886619.6981027,6.0,-7.0,-42.0
1776886619.7081027,0.0,-9.0,-40.0
1776886619.7181027,0.0,-11.0,-36.0
1776886619.7281027,-3.0,-2.0,-31.0
1776886619.738103,1.0,-6.0,-26.0
1776886619.748103,2.0,-4.0,-38.0
1776886619.758103,0.0,-3.0,-41.0
1776886619.7681026,2.0,-3.0,-34.0
1776886619.7781026,0.0,-3.0,-37.0
1776886619.7881026,3.0,-1.0,-32.0
1776886619.7981029,1.0,-3.0,-35.0
1776886619.8081028,2.0,-2.0,-41.0
1776886619.8181028,-2.0,-2.0,-42.0
1776886619.8281028,-3.0,-2.0,-44.0
1776886619.8381028,-1.0,-1.0,-44.0
1776886619.8481028,-4.0,-3.0,-45.0
1776886619.8581028,0.0,-3.0,-49.0
1776886619.8681028,-4.0,-4.0,-49.0
1776886619.8781028,-3.0,-3.0,-43.0
1776886619.8881028,-1.0,-4.0,-45.0
1776886619.8981028,-3.0,-5.0,-51.0
1776886619.9081028,-5.0,-3.0,-50.0
1776886619.9181027,-1.0,-4.0,-47.0
1776886619.9281027,4.0,-3.0,-43.0
1776886619.9381027,3.0,0.0,-43.0
1776886619.9481027,2.0,0.0,-40.0
1776886619.9581027,0.0,-2.0,-42.0
1776886619.9681027,-2.0,-3.0,-40.0
1776886619.9781027,-4.0,-3.0,-33.0
1776886619.988103,-3.0,1.0,-35.0
1776886619.998103,-1.0,-2.0,-33.0
1776886620.008103,-1.0,-1.0,-38.0
1776886620.0181026,-5.0,2.0,-36.0
1776886620.0281026,-9.0,2.0,-33.0
1776886620.0381026,-9.0,3.0,-28.0
1776886620.0481029,-6.0,3.0,-31.0
1776886620.0581028,-6.0,4.0,-36.0
1776886620.0681028,-5.0,3.0,-37.0
1776886620.0781028,-6.0,2.0,-47.0
1776886620.0881028,-8.0,-2.0,-51.0
1776886620.0981028,-5.0,-7.0,-52.0
1776886620.1081028,0.0,-6.0,-50.0
1776886620.1181028,0.0,-3.0,-44.0
1776886620.1281028,1.0,-2.0,-51.0
1776886620.1381028,1.0,-3.0,-48.0
1776886620.1481028,-1.0,-3.0,-42.0
1776886620.1581028,-1.0,-4.0,-52.0
1776886620.1681027,1.0,-4.0,-52.0
1776886620.1781027,0.0,-4.0,-46.0
1776886620.1881027,1.0,-5.0,-44.0
1776886620.1981027,5.0,-3.0,-46.0
1776886620.2081027,0.0,0.0,-41.0
1776886620.2181027,3.0,-1.0,-42.0
1776886620.2281027,4.0,0.0,-37.0
1776886620.238103,0.0,0.0,-31.0
1776886620.248103,0.0,-4.0,-32.0
1776886620.258103,-2.0,-7.0,-39.0
1776886620.2681026,1.0,-7.0,-41.0
1776886620.2781026,-2.0,-9.0,-38.0
1776886620.2881026,0.0,-9.0,-41.0
1776886620.2981029,2.0,-7.0,-41.0
1776886620.3081028,0.0,-3.0,-39.0
1776886620.3181028,1.0,-6.0,-41.0
1776886620.3281028,7.0,-5.0,-42.0
1776886620.3381028,8.0,0.0,-39.0
1776886620.3481028,9.0,-1.0,-45.0
1776886620.3581028,5.0,-1.0,-39.0
1776886620.3681028,3.0,-3.0,-48.0
1776886620.3781028,5.0,-3.0,-45.0
1776886620.3881028,3.0,-2.0,-41.0
1776886620.3981028,3.0,-2.0,-41.0
1776886620.4081028,0.0,-6.0,-37.0
1776886620.4181027,-2.0,-5.0,-39.0
1776886620.4281027,-3.0,-6.0,-40.0
1776886620.4381027,-6.0,-2.0,-34.0
1776886620.4481027,-3.0,-2.0,-36.0
1776886620.4581027,0.0,0.0,-35.0
1776886620.4681027,0.0,-3.0,-41.0
1776886620.4781027,0.0,-5.0,-36.0
1776886620.488103,2.0,-5.0,-38.0
1776886620.498103,3.0,-6.0,-32.0
1776886620.508103,0.0,-3.0,-30.0
1776886620.5181026,1.0,0.0,-29.0
1776886620.5281026,5.0,2.0,-29.0
1776886620.5381026,2.0,-1.0,-29.0
1776886620.5481029,-1.0,-6.0,-28.0
1776886620.5581028,-1.0,-9.0,-28.0
1776886620.5681028,-4.0,-6.0,-27.0
1776886620.5781028,2.0,-9.0,-31.0
1776886620.5881028,6.0,-6.0,-30.0
1776886620.5981028,0.0,-6.0,-25.0
1776886620.6081028,-1.0,-7.0,-28.0
1776886620.6181028,-1.0,-7.0,-29.0
1776886620.6281028,0.0,-4.0,-27.0
1776886620.6381028,-3.0,-5.0,-27.0
1776886620.6481028,-2.0,-3.0,-28.0
1776886620.6581028,-4.0,-7.0,-33.0
1776886620.6681027,0.0,-6.0,-32.0
1776886620.6781027,4.0,-4.0,-31.0
1776886620.6881027,6.0,-2.0,-30.0
1776886620.6981027,8.0,-1.0,-34.0
1776886620.7091026,8.0,-2.0,-40.0
1776886620.7181027,6.0,-2.0,-44.0
1776886620.7281027,5.0,-5.0,-38.0
1776886620.7391028,6.0,-8.0,-40.0
1776886620.7491028,11.0,-6.0,-36.0
1776886620.7591028,10.0,-2.0,-33.0
1776886620.7691028,12.0,0.0,-35.0
1776886620.7791028,10.0,0.0,-39.0
1776886620.7891028,6.0,4.0,-34.0
1776886620.7991028,7.0,2.0,-33.0
1776886620.8091028,6.0,0.0,-35.0
1776886620.8191028,5.0,-5.0,-32.0
1776886620.8291028,5.0,-5.0,-35.0
1776886620.8391027,4.0,-6.0,-38.0
1776886620.8491027,0.0,-3.0,-33.0
1776886620.8591027,3.0,-5.0,-30.0
1776886620.8691027,2.0,-2.0,-25.0
1776886620.8791027,3.0,-3.0,-30.0
1776886620.8891027,6.0,-5.0,-27.0
1776886620.8991027,12.0,-3.0,-29.0
1776886620.909103,7.0,0.0,-31.0
1776886620.919103,3.0,5.0,-33.0
1776886620.929103,3.0,7.0,-35.0
1776886620.9391026,3.0,9.0,-33.0
1776886620.9491026,2.0,9.0,-35.0
1776886620.9591026,1.0,4.0,-45.0
1776886620.9691026,6.0,2.0,-45.0
1776886620.9791028,7.0,5.0,-42.0
1776886620.9891028,4.0,7.0,-44.0
1776886620.9991028,5.0,7.0,-48.0
1776886621.0091028,6.0,7.0,-52.0
1776886621.0191028,7.0,6.0,-51.0
1776886621.0291028,8.0,5.0,-57.0
1776886621.0391028,3.0,2.0,-58.0
1776886621.0491028,3.0,0.0,-52.0
1776886621.0591028,2.0,1.0,-47.0
1776886621.0691028,0.0,2.0,-50.0
1776886621.0791028,1.0,2.0,-52.0
1776886621.0891027,0.0,0.0,-43.0
1776886621.0991027,3.0,-3.0,-41.0
1776886621.1091027,2.0,1.0,-43.0
1776886621.1191027,-1.0,1.0,-36.0
1776886621.1291027,3.0,2.0,-32.0
1776886621.1391027,5.0,0.0,-30.0
1776886621.1491027,5.0,3.0,-39.0
1776886621.159103,6.0,1.0,-38.0
1776886621.169103,1.0,-4.0,-38.0
1776886621.179103,-2.0,0.0,-48.0
1776886621.1891026,-2.0,1.0,-44.0
1776886621.1991026,1.0,1.0,-31.0
1776886621.2091026,0.0,0.0,-25.0
1776886621.2191026,5.0,1.0,-27.0
1776886621.2291028,4.0,0.0,-32.0
1776886621.2391028,9.0,1.0,-40.0
1776886621.2491028,10.0,-1.0,-35.0
1776886621.2591028,9.0,0.0,-31.0
1776886621.2691028,10.0,0.0,-34.0
1776886621.2791028,8.0,-4.0,-37.0
1776886621.2891028,6.0,-4.0,-36.0
1776886621.2991028,4.0,-3.0,-43.0
1776886621.3091028,4.0,-2.0,-40.0
1776886621.3191028,2.0,-3.0,-43.0
1776886621.3291028,7.0,-3.0,-37.0
1776886621.3391027,5.0,-3.0,-39.0
1776886621.3491027,2.0,-2.0,-41.0
1776886621.3591027,4.0,0.0,-35.0
1776886621.3691027,3.0,2.0,-38.0
1776886621.3791027,0.0,-1.0,-40.0
1776886621.3891027,0.0,-7.0,-43.0
1776886621.3991027,-2.0,-8.0,-43.0
1776886621.409103,0.0,-10.0,-47.0
1776886621.419103,2.0,-8.0,-47.0
1776886621.429103,0.0,-6.0,-41.0
1776886621.4391026,-1.0,-3.0,-42.0
1776886621.4491026,-3.0,-2.0,-44.0
1776886621.4591026,-6.0,0.0,-46.0
1776886621.4691026,-5.0,1.0,-44.0
1776886621.4791028,1.0,1.0,-42.0
1776886621.4891028,2.0,-2.0,-34.0
1776886621.4991028,2.0,0.0,-33.0
1776886621.5091028,3.0,2.0,-38.0
1776886621.5191028,2.0,1.0,-44.0
1776886621.5291028,0.0,0.0,-47.0
1776886621.5391028,-2.0,0.0,-39.0
1776886621.5491028,-6.0,2.0,-37.0
1776886621.5591028,-6.0,3.0,-31.0
1776886621.5691028,-1.0,1.0,-32.0
1776886621.5791028,-1.0,2.0,-36.0
1776886621.5891027,5.0,4.0,-33.0
1776886621.5991027,5.0,3.0,-30.0
1776886621.6091027,2.0,8.0,-28.0
1776886621.6191027,7.0,8.0,-29.0
1776886621.6291027,3.0,6.0,-26.0
1776886621.6391027,6.0,0.0,-32.0
1776886621.6491027,5.0,-1.0,-39.0
1776886621.659103,6.0,-3.0,-37.0
1776886621.669103,6.0,-4.0,-41.0
1776886621.679103,2.0,-4.0,-41.0
1776886621.6891026,0.0,-2.0,-40.0
1776886621.6991026,-1.0,-6.0,-33.0
1776886621.7091026,2.0,-3.0,-37.0
1776886621.7191026,1.0,-2.0,-40.0
1776886621.7291028,0.0,0.0,-36.0
1776886621.7391028,-1.0,2.0,-34.0
1776886621.7491028,3.0,2.0,-33.0
1776886621.7591028,3.0,0.0,-31.0
1776886621.7691028,2.0,0.0,-33.0
1776886621.7791028,4.0,-5.0,-37.0
1776886621.7891028,6.0,-8.0,-40.0
1776886621.7991028,3.0,-6.0,-37.0
1776886621.8091028,0.0,0.0,-37.0
1776886621.8191028,0.0,0.0,-41.0
1776886621.8291028,-1.0,0.0,-42.0
1776886621.8391027,0.0,-2.0,-41.0
1776886621.8491027,-2.0,-5.0,-44.0
1776886621.8591027,0.0,-4.0,-41.0
1776886621.8691027,4.0,-6.0,-43.0
1776886621.8791027,5.0,-7.0,-45.0
1776886621.8891027,7.0,-6.0,-52.0
1776886621.8991027,5.0,-5.0,-48.0
1776886621.909103,3.0,-1.0,-45.0
1776886621.919103,0.0,0.0,-44.0
1776886621.929103,0.0,0.0,-44.0
1776886621.9391026,2.0,2.0,-42.0
1776886621.9491026,0.0,-2.0,-41.0
1776886621.9591026,2.0,-2.0,-39.0
1776886621.9691026,1.0,-1.0,-38.0
1776886621.9791028,3.0,-4.0,-36.0
1776886621.9891028,7.0,0.0,-41.0
1776886621.9991028,7.0,3.0,-38.0
1776886622.0091028,3.0,1.0,-37.0
1776886622.0191028,0.0,0.0,-36.0
1776886622.0291028,0.0,-2.0,-38.0
1776886622.0391028,2.0,-4.0,-34.0
1776886622.0491028,6.0,-6.0,-36.0
1776886622.0591028,4.0,-2.0,-43.0
1776886622.0691028,5.0,-2.0,-46.0
1776886622.0791028,6.0,-3.0,-49.0
1776886622.0891027,6.0,-6.0,-46.0
1776886622.0991027,4.0,-10.0,-46.0
1776886622.1091027,2.0,-8.0,-46.0
1776886622.1191027,2.0,-6.0,-47.0
1776886622.1291027,7.0,-11.0,-41.0
1776886622.1391027,3.0,-12.0,-35.0
1776886622.1491027,-1.0,-8.0,-37.0
1776886622.159103,4.0,-4.0,-35.0
1776886622.169103,5.0,-5.0,-34.0
1776886622.179103,1.0,-5.0,-37.0
1776886622.1891026,0.0,-2.0,-36.0
1776886622.1991026,0.0,-10.0,-42.0
1776886622.2091026,0.0,-11.0,-36.0
1776886622.2191026,0.0,-9.0,-40.0
1776886622.2291028,0.0,-9.0,-43.0
1776886622.2391028,2.0,-8.0,-43.0
1776886622.2491028,2.0,-6.0,-45.0
1776886622.2591028,2.0,-7.0,-38.0
1776886622.2691028,1.0,-7.0,-33.0
1776886622.2791028,1.0,-6.0,-38.0
1776886622.2891028,2.0,-6.0,-40.0
1776886622.2991028,4.0,-3.0,-38.0
1776886622.3091028,5.0,-2.0,-37.0
1776886622.3191028,3.0,-1.0,-33.0
1776886622.3291028,2.0,-4.0,-37.0
1776886622.3391027,2.0,0.0,-35.0
1776886622.3491027,0.0,-3.0,-35.0
1776886622.3591027,0.0,-5.0,-38.0
1776886622.3691027,3.0,-4.0,-38.0
1776886622.3791027,4.0,0.0,-35.0
1776886622.3891027,8.0,1.0,-38.0
1776886622.3991027,10.0,4.0,-43.0
1776886622.409103,13.0,6.0,-47.0
1776886622.419103,13.0,5.0,-46.0
1776886622.429103,9.0,2.0,-45.0
1776886622.4391026,8.0,2.0,-45.0
1776886622.4491026,10.0,-1.0,-48.0
1776886622.4591026,11.0,2.0,-46.0
1776886622.4691026,11.0,-2.0,-44.0
1776886622.4791028,9.0,-5.0,-39.0
1776886622.4891028,5.0,-7.0,-37.0
1776886622.4991028,5.0,-6.0,-33.0
1776886622.5091028,5.0,-9.0,-37.0
1776886622.5191028,6.0,-9.0,-38.0
1776886622.5291028,8.0,-5.0,-32.0
1776886622.5391028,3.0,-5.0,-37.0
1776886622.5491028,0.0,-6.0,-42.0
1776886622.5591028,2.0,-5.0,-47.0
1776886622.5691028,3.0,-1.0,-42.0
1776886622.5791028,5.0,-3.0,-38.0
1776886622.5891027,5.0,-6.0,-35.0
1776886622.5991027,6.0,-4.0,-34.0
1776886622.6091027,1.0,-4.0,-36.0
1776886622.6191027,-1.0,-6.0,-38.0
1776886622.6291027,0.0,-6.0,-40.0
1776886622.6391027,2.0,-4.0,-41.0
1776886622.6491027,1.0,-7.0,-46.0
1776886622.659103,2.0,-9.0,-50.0
1776886622.669103,1.0,-5.0,-46.0
1776886622.679103,0.0,-3.0,-46.0
1776886622.6901028,-4.0,-7.0,-43.0
1776886622.6991026,-9.0,-5.0,-46.0
1776886622.7091026,-7.0,0.0,-37.0
1776886622.7201028,-6.0,-1.0,-33.0
1776886622.7301028,-3.0,0.0,-36.0
1776886622.7401028,0.0,1.0,-40.0
1776886622.7501028,-2.0,3.0,-46.0
1776886622.7601027,0.0,0.0,-47.0
1776886622.7701027,2.0,-3.0,-49.0
1776886622.7801027,3.0,-2.0,-55.0
1776886622.7901027,-1.0,-3.0,-44.0
1776886622.8001027,-1.0,-6.0,-34.0
1776886622.8101027,-1.0,-4.0,-38.0
1776886622.8201027,0.0,-3.0,-41.0
1776886622.8301027,0.0,-6.0,-35.0
1776886622.840103,0.0,-8.0,-22.0
1776886622.850103,-3.0,-5.0,-30.0
1776886622.860103,-1.0,-1.0,-31.0
1776886622.8701026,0.0,0.0,-31.0
1776886622.8801026,-1.0,-2.0,-28.0
1776886622.8901026,0.0,0.0,-35.0
1776886622.9001029,1.0,3.0,-35.0
1776886622.9101028,10.0,0.0,-33.0
1776886622.9201028,10.0,-1.0,-29.0
1776886622.9301028,9.0,-1.0,-38.0
1776886622.9401028,7.0,0.0,-39.0
1776886622.9501028,-2.0,0.0,-39.0
1776886622.9601028,-1.0,-5.0,-40.0
1776886622.9701028,-2.0,0.0,-35.0
1776886622.9801028,0.0,0.0,-38.0
1776886622.9901028,5.0,-4.0,-38.0
1776886623.0001028,6.0,-2.0,-40.0
1776886623.0101027,4.0,-2.0,-44.0
1776886623.0201027,2.0,1.0,-45.0
1776886623.0301027,6.0,0.0,-35.0
1776886623.0401027,7.0,0.0,-29.0
1776886623.0501027,4.0,-1.0,-39.0
1776886623.0601027,3.0,2.0,-42.0
1776886623.0701027,4.0,2.0,-45.0
1776886623.0801027,2.0,6.0,-37.0
1776886623.090103,3.0,3.0,-39.0
1776886623.100103,2.0,5.0,-39.0
1776886623.110103,0.0,5.0,-37.0
1776886623.1201026,1.0,1.0,-30.0
1776886623.1301026,5.0,-2.0,-38.0
1776886623.1401026,0.0,-2.0,-48.0
1776886623.1501029,2.0,1.0,-38.0
1776886623.1601028,1.0,0.0,-35.0
1776886623.1701028,3.0,0.0,-36.0
1776886623.1801028,1.0,1.0,-34.0
1776886623.1901028,0.0,-1.0,-37.0
1776886623.2001028,2.0,-4.0,-44.0
1776886623.2101028,0.0,-3.0,-49.0
1776886623.2201028,-3.0,-5.0,-49.0
1776886623.2301028,-3.0,-7.0,-47.0
1776886623.2401028,0.0,-7.0,-46.0
1776886623.2501028,1.0,-5.0,-43.0
1776886623.2601027,2.0,-2.0,-39.0
1776886623.2701027,1.0,-3.0,-38.0
1776886623.2801027,1.0,-2.0,-42.0
1776886623.2901027,3.0,-4.0,-41.0
1776886623.3001027,-1.0,-1.0,-41.0
1776886623.3101027,-1.0,-1.0,-41.0
1776886623.3201027,0.0,-2.0,-33.0
1776886623.3301027,0.0,-5.0,-31.0
1776886623.340103,0.0,-7.0,-33.0
1776886623.350103,1.0,-6.0,-40.0
1776886623.360103,1.0,-4.0,-45.0
1776886623.3701026,0.0,-4.0,-43.0
1776886623.3801026,-2.0,-7.0,-43.0
1776886623.3901026,-1.0,-9.0,-42.0
1776886623.4001029,0.0,-6.0,-39.0
1776886623.4101028,-4.0,-7.0,-43.0
1776886623.4201028,-2.0,-6.0,-47.0
1776886623.4301028,-5.0,-9.0,-44.0
1776886623.4401028,0.0,-8.0,-44.0
1776886623.4501028,2.0,-7.0,-38.0
1776886623.4601028,2.0,-7.0,-41.0
1776886623.4701028,2.0,-8.0,-42.0
1776886623.4801028,9.0,-7.0,-39.0
1776886623.4901028,4.0,-6.0,-43.0
1776886623.5001028,5.0,0.0,-43.0
1776886623.5101027,4.0,0.0,-43.0
1776886623.5201027,8.0,0.0,-45.0
1776886623.5301027,8.0,0.0,-43.0
1776886623.5401027,4.0,-5.0,-41.0
1776886623.5501027,7.0,-4.0,-41.0
1776886623.5601027,7.0,-6.0,-45.0
1776886623.5701027,5.0,-7.0,-40.0
1776886623.5801027,0.0,-7.0,-45.0
1776886623.590103,-4.0,0.0,-37.0
1776886623.600103,-1.0,0.0,-33.0
1776886623.610103,-1.0,-1.0,-34.0
1776886623.6201026,-3.0,-1.0,-26.0
1776886623.6301026,-4.0,-2.0,-31.0
1776886623.6401026,0.0,-4.0,-36.0
1776886623.6501029,-3.0,-1.0,-34.0
1776886623.6601028,-6.0,-5.0,-35.0
1776886623.6701028,-3.0,-8.0,-31.0
1776886623.6801028,0.0,-5.0,-35.0
1776886623.6901028,2.0,-5.0,-37.0
1776886623.7001028,0.0,-8.0,-40.0
1776886623.7101028,-3.0,-5.0,-44.0
1776886623.7201028,0.0,-2.0,-38.0
1776886623.7301028,4.0,-3.0,-34.0
1776886623.7401028,1.0,-6.0,-39.0
1776886623.7501028,4.0,-6.0,-47.0
1776886623.7601027,5.0,-4.0,-44.0
1776886623.7701027,2.0,-6.0,-42.0
1776886623.7801027,2.0,-11.0,-34.0
1776886623.7901027,1.0,-10.0,-27.0
1776886623.8001027,4.0,-12.0,-34.0
1776886623.8101027,3.0,-13.0,-32.0
1776886623.8201027,2.0,-11.0,-37.0
1776886623.8301027,0.0,-9.0,-41.0
1776886623.840103,2.0,-10.0,-34.0
1776886623.850103,0.0,-12.0,-39.0
1776886623.860103,1.0,-10.0,-38.0
1776886623.8701026,2.0,-5.0,-43.0
1776886623.8801026,0.0,-5.0,-51.0
1776886623.8901026,1.0,-5.0,-52.0
1776886623.9001029,0.0,-4.0,-50.0
1776886623.9101028,-2.0,0.0,-49.0
1776886623.9201028,1.0,-3.0,-42.0
1776886623.9301028,1.0,-7.0,-44.0
1776886623.9401028,-2.0,-6.0,-44.0
1776886623.9501028,-6.0,-5.0,-46.0
1776886623.9601028,-6.0,-5.0,-44.0
1776886623.9701028,-3.0,-3.0,-42.0
1776886623.9801028,-4.0,-3.0,-41.0
1776886623.9901028,0.0,-4.0,-41.0
1776886624.0001028,3.0,-2.0,-45.0
1776886624.0101027,3.0,-6.0,-43.0
1776886624.0201027,1.0,-5.0,-41.0
1776886624.0301027,4.0,-7.0,-36.0
1776886624.0401027,1.0,-3.0,-38.0
1776886624.0501027,-3.0,0.0,-43.0
1776886624.0601027,0.0,0.0,-40.0
1776886624.0701027,-2.0,0.0,-45.0
1776886624.0801027,-4.0,-3.0,-41.0
1776886624.090103,-5.0,-3.0,-41.0
1776886624.100103,-6.0,-4.0,-43.0
1776886624.110103,-4.0,-3.0,-52.0
1776886624.1201026,-5.0,0.0,-45.0
1776886624.1301026,-4.0,3.0,-42.0
1776886624.1401026,-2.0,0.0,-43.0
1776886624.1501029,0.0,2.0,-43.0
1776886624.1601028,-2.0,-1.0,-38.0
1776886624.1701028,0.0,0.0,-36.0
1776886624.1801028,0.0,-1.0,-41.0
1776886624.1901028,2.0,2.0,-43.0
1776886624.2001028,5.0,4.0,-40.0
1776886624.2101028,3.0,0.0,-43.0
1776886624.2201028,3.0,-3.0,-44.0
1776886624.2301028,4.0,-1.0,-46.0
1776886624.2401028,4.0,-3.0,-51.0
1776886624.2501028,5.0,-4.0,-53.0
1776886624.2601027,0.0,-5.0,-53.0
1776886624.2701027,0.0,-3.0,-47.0
1776886624.2801027,0.0,-3.0,-44.0
1776886624.2901027,-2.0,-3.0,-41.0
1776886624.3001027,-3.0,-6.0,-45.0
1776886624.3101027,-2.0,-11.0,-45.0
1776886624.3201027,-7.0,-13.0,-45.0
1776886624.3301027,-8.0,-7.0,-48.0
1776886624.340103,-6.0,-6.0,-44.0
1776886624.350103,-4.0,-7.0,-41.0
1776886624.360103,-3.0,-4.0,-40.0
1776886624.3701026,0.0,0.0,-35.0
1776886624.3801026,0.0,1.0,-33.0
1776886624.3901026,-1.0,2.0,-41.0
1776886624.4001029,0.0,0.0,-44.0
1776886624.4101028,1.0,-1.0,-49.0
1776886624.4201028,0.0,1.0,-45.0
1776886624.4301028,0.0,0.0,-43.0
1776886624.4401028,8.0,-6.0,-43.0
1776886624.4501028,11.0,-6.0,-47.0
1776886624.4601028,7.0,-4.0,-40.0
1776886624.4701028,4.0,-5.0,-39.0
1776886624.4801028,6.0,-5.0,-43.0
1776886624.4901028,1.0,-4.0,-39.0
1776886624.5001028,0.0,0.0,-42.0
1776886624.5101027,0.0,-2.0,-37.0
1776886624.5201027,0.0,-1.0,-43.0
1776886624.5301027,0.0,0.0,-48.0
1776886624.5401027,-1.0,0.0,-46.0
1776886624.5501027,-2.0,0.0,-43.0
1776886624.5601027,-1.0,0.0,-42.0
1776886624.5701027,-2.0,1.0,-41.0
1776886624.5801027,-2.0,1.0,-38.0
1776886624.590103,-8.0,-1.0,-34.0
1776886624.600103,-7.0,-2.0,-30.0
1776886624.610103,-3.0,0.0,-30.0
1776886624.6201026,-1.0,2.0,-34.0
1776886624.6301026,-3.0,4.0,-34.0
1776886624.6401026,0.0,7.0,-34.0
1776886624.6501029,1.0,5.0,-34.0
1776886624.6601028,3.0,3.0,-41.0
1776886624.6701028,1.0,4.0,-41.0
1776886624.6801028,0.0,4.0,-36.0
1776886624.6901028,-1.0,2.0,-38.0
1776886624.7011027,-1.0,1.0,-33.0
1776886624.7101028,-3.0,-1.0,-36.0
1776886624.7201028,-7.0,-7.0,-36.0
1776886624.7301028,-8.0,-10.0,-33.0
1776886624.7411027,-6.0,-8.0,-33.0
1776886624.7511027,-3.0,-8.0,-37.0
1776886624.761103,-1.0,-9.0,-40.0
1776886624.771103,-2.0,-9.0,-36.0
1776886624.781103,-7.0,-4.0,-39.0
1776886624.7911026,-8.0,-6.0,-39.0
1776886624.8011026,-8.0,-7.0,-35.0
1776886624.8111026,-2.0,-7.0,-27.0
1776886624.8211029,-5.0,-6.0,-33.0
1776886624.8311028,-3.0,-3.0,-35.0
1776886624.8411028,3.0,-2.0,-37.0
1776886624.8511028,2.0,-2.0,-36.0
1776886624.8611028,1.0,0.0,-36.0
1776886624.8711028,-2.0,-1.0,-47.0
1776886624.8811028,-6.0,-2.0,-50.0
1776886624.8911028,-10.0,4.0,-47.0
1776886624.9011028,-6.0,2.0,-51.0
1776886624.9111028,-1.0,0.0,-43.0
1776886624.9211028,-1.0,0.0,-41.0
1776886624.9311028,0.0,-2.0,-35.0
1776886624.9411027,0.0,0.0,-28.0
1776886624.9511027,0.0,0.0,-23.0
1776886624.9611027,-4.0,2.0,-30.0
1776886624.9711027,-5.0,4.0,-31.0
1776886624.9811027,-5.0,1.0,-26.0
1776886624.9911027,0.0,0.0,-30.0
1776886625.0011027,0.0,0.0,-29.0
1776886625.011103,0.0,3.0,-33.0
1776886625.021103,2.0,2.0,-28.0
1776886625.031103,6.0,3.0,-27.0
1776886625.0411026,8.0,3.0,-30.0
1776886625.0511026,5.0,2.0,-36.0
1776886625.0611026,4.0,0.0,-43.0
1776886625.0711029,7.0,2.0,-42.0
1776886625.0811028,9.0,-2.0,-46.0
1776886625.0911028,14.0,-4.0,-40.0
1776886625.1011028,11.0,-3.0,-43.0
1776886625.1111028,10.0,-3.0,-43.0
1776886625.1211028,3.0,0.0,-46.0
1776886625.1311028,5.0,0.0,-48.0
1776886625.1411028,10.0,-1.0,-47.0
1776886625.1511028,6.0,-8.0,-45.0
1776886625.1611028,2.0,-8.0,-41.0
1776886625.1711028,0.0,-8.0,-41.0
1776886625.1811028,-2.0,-7.0,-37.0
1776886625.1911027,-8.0,-5.0,-30.0
1776886625.2011027,-10.0,-6.0,-35.0
1776886625.2111027,-8.0,-4.0,-42.0
1776886625.2211027,-6.0,-6.0,-44.0
1776886625.2311027,-4.0,-8.0,-47.0
1776886625.2411027,-1.0,-11.0,-44.0
1776886625.2511027,-1.0,-10.0,-43.0
1776886625.261103,2.0,-9.0,-43.0
1776886625.271103,4.0,-11.0,-40.0
1776886625.281103,3.0,-8.0,-34.0
1776886625.2911026,8.0,-5.0,-32.0
1776886625.3011026,5.0,-7.0,-31.0
1776886625.3111026,7.0,-3.0,-35.0
1776886625.3211029,5.0,-2.0,-35.0
1776886625.3311028,8.0,-3.0,-36.0
1776886625.3411028,5.0,-1.0,-41.0
1776886625.3511028,0.0,0.0,-42.0
1776886625.3611028,1.0,2.0,-39.0
1776886625.3711028,2.0,1.0,-48.0
1776886625.3811028,-3.0,-1.0,-44.0
1776886625.3911028,-8.0,-4.0,-41.0
1776886625.4011028,-6.0,-3.0,-45.0
1776886625.4111028,-3.0,-7.0,-41.0
1776886625.4211028,0.0,-6.0,-40.0
1776886625.4311028,0.0,-5.0,-43.0
1776886625.4411027,-3.0,-2.0,-39.0
1776886625.4511027,-5.0,-2.0,-38.0
1776886625.4611027,-5.0,0.0,-41.0
1776886625.4711027,-5.0,-1.0,-48.0
1776886625.4811027,-5.0,-2.0,-46.0
1776886625.4911027,-4.0,-3.0,-41.0
1776886625.5011027,-2.0,-4.0,-36.0
1776886625.511103,-6.0,-5.0,-31.0
1776886625.521103,-8.0,-9.0,-34.0
1776886625.531103,-8.0,-8.0,-36.0
1776886625.5411026,-10.0,-7.0,-31.0
1776886625.5511026,-3.0,-9.0,-37.0
1776886625.5611026,-3.0,-4.0,-35.0
1776886625.5711029,-4.0,-1.0,-31.0
1776886625.5811028,-3.0,-1.0,-37.0
1776886625.5911028,0.0,-6.0,-38.0
1776886625.6011028,-2.0,-6.0,-39.0
1776886625.6111028,-2.0,-7.0,-43.0
1776886625.6211028,-4.0,-6.0,-40.0
1776886625.6311028,-6.0,-3.0,-40.0
1776886625.6411028,-3.0,-2.0,-41.0
1776886625.6511028,-3.0,-1.0,-42.0
1776886625.6611028,-3.0,0.0,-42.0
1776886625.6711028,-4.0,2.0,-40.0
1776886625.6811028,-6.0,4.0,-40.0
1776886625.6911027,-10.0,7.0,-50.0
1776886625.7011027,-7.0,5.0,-53.0
1776886625.7111027,0.0,7.0,-50.0
1776886625.7211027,0.0,3.0,-50.0
1776886625.7311027,-1.0,1.0,-54.0
1776886625.7411027,-2.0,-1.0,-47.0
1776886625.7511027,0.0,-2.0,-46.0
1776886625.761103,3.0,-4.0,-45.0
1776886625.771103,7.0,-4.0,-46.0
1776886625.781103,4.0,-7.0,-46.0
1776886625.7911026,3.0,-9.0,-42.0
1776886625.8011026,4.0,-6.0,-37.0
1776886625.8111026,6.0,-3.0,-37.0
1776886625.8221028,4.0,0.0,-36.0
1776886625.8311028,3.0,-2.0,-40.0
1776886625.8411028,5.0,0.0,-45.0
1776886625.8511028,5.0,-1.0,-47.0
1776886625.8611028,0.0,-4.0,-44.0
1776886625.8711028,-4.0,-3.0,-42.0
1776886625.8811028,-5.0,-2.0,-46.0
1776886625.8911028,1.0,-2.0,-46.0
1776886625.9011028,0.0,-1.0,-44.0
1776886625.9111028,0.0,-2.0,-46.0
1776886625.9211028,1.0,-5.0,-42.0
1776886625.9311028,0.0,-6.0,-44.0
1776886625.9411027,-2.0,-6.0,-45.0
1776886625.9511027,-2.0,-7.0,-40.0
1776886625.9611027,2.0,-6.0,-41.0
1776886625.9711027,0.0,-8.0,-40.0
1776886625.9811027,-1.0,-7.0,-36.0
1776886625.9911027,3.0,-9.0,-37.0
1776886626.0011027,7.0,-7.0,-32.0
1776886626.011103,1.0,-5.0,-37.0
1776886626.021103,0.0,-3.0,-44.0
1776886626.031103,-2.0,-1.0,-46.0
1776886626.0411026,-2.0,1.0,-45.0
1776886626.0511026,0.0,2.0,-42.0
1776886626.0611026,0.0,-1.0,-38.0
1776886626.0711029,2.0,-3.0,-39.0
1776886626.0811028,2.0,-8.0,-32.0
1776886626.0911028,2.0,0.0,-36.0
1776886626.1011028,3.0,0.0,-38.0
1776886626.1111028,4.0,2.0,-48.0
1776886626.1211028,1.0,0.0,-52.0
1776886626.1311028,1.0,-2.0,-48.0
1776886626.1411028,0.0,-1.0,-38.0
1776886626.1511028,6.0,-3.0,-30.0
1776886626.1611028,8.0,-3.0,-31.0
1776886626.1711028,6.0,-6.0,-33.0
1776886626.1811028,6.0,-3.0,-41.0
1776886626.1911027,0.0,-2.0,-38.0
1776886626.2011027,0.0,-2.0,-32.0
1776886626.2111027,3.0,-2.0,-36.0
1776886626.2211027,1.0,-1.0,-40.0
1776886626.2311027,3.0,0.0,-33.0
1776886626.2411027,9.0,2.0,-35.0
1776886626.2511027,9.0,3.0,-35.0
1776886626.261103,4.0,-1.0,-33.0
1776886626.271103,4.0,-3.0,-34.0
1776886626.281103,4.0,-2.0,-37.0
1776886626.2911026,3.0,-9.0,-33.0
1776886626.3011026,3.0,-7.0,-31.0
1776886626.3111026,5.0,-6.0,-37.0
1776886626.3211029,6.0,-4.0,-35.0
1776886626.3311028,9.0,-2.0,-35.0
1776886626.3411028,6.0,3.0,-37.0
1776886626.3511028,2.0,0.0,-39.0
1776886626.3611028,3.0,0.0,-45.0
1776886626.3711028,1.0,4.0,-41.0
1776886626.3811028,-5.0,3.0,-42.0
1776886626.3911028,-4.0,1.0,-38.0
1776886626.4011028,-4.0,3.0,-40.0
1776886626.4111028,-2.0,3.0,-39.0
1776886626.4211028,-2.0,0.0,-37.0
1776886626.4311028,-1.0,-3.0,-39.0
1776886626.4411027,-4.0,-3.0,-35.0
1776886626.4511027,-8.0,-1.0,-37.0
1776886626.4611027,-8.0,1.0,-34.0
1776886626.4711027,-4.0,3.0,-38.0
1776886626.4811027,-4.0,5.0,-40.0
1776886626.4911027,-4.0,7.0,-37.0
1776886626.5011027,-6.0,8.0,-36.0
1776886626.511103,-2.0,10.0,-39.0
1776886626.521103,-1.0,9.0,-42.0
1776886626.531103,-3.0,10.0,-39.0
1776886626.5411026,-3.0,6.0,-37.0
1776886626.5511026,0.0,7.0,-34.0
1776886626.5611026,1.0,7.0,-34.0
1776886626.5711029,0.0,2.0,-35.0
1776886626.5811028,4.0,1.0,-31.0
1776886626.5911028,3.0,0.0,-26.0
1776886626.6011028,2.0,-2.0,-35.0
1776886626.6111028,8.0,-6.0,-33.0
1776886626.6211028,7.0,-5.0,-41.0
1776886626.6311028,6.0,-5.0,-38.0
1776886626.6411028,7.0,-1.0,-38.0
1776886626.6511028,1.0,0.0,-36.0
1776886626.6611028,0.0,0.0,-33.0
1776886626.6711028,-2.0,2.0,-37.0
1776886626.6811028,0.0,1.0,-37.0
1776886626.6911027,2.0,0.0,-44.0
1776886626.7011027,2.0,-1.0,-45.0
1776886626.712103,0.0,-4.0,-36.0
1776886626.7221026,1.0,-3.0,-34.0
1776886626.7321026,2.0,-3.0,-34.0
1776886626.7421026,1.0,-4.0,-31.0
1776886626.7521029,1.0,-1.0,-26.0
1776886626.7621028,0.0,0.0,-23.0
1776886626.7721028,0.0,2.0,-32.0
1776886626.7821028,-2.0,0.0,-34.0
1776886626.7921028,-3.0,-3.0,-34.0
1776886626.8021028,0.0,2.0,-36.0
1776886626.8121028,-2.0,4.0,-40.0
1776886626.8221028,-1.0,2.0,-40.0
1776886626.8321028,5.0,4.0,-40.0
1776886626.8421028,6.0,5.0,-46.0
1776886626.8521028,3.0,6.0,-39.0
1776886626.8621027,2.0,2.0,-42.0
1776886626.8721027,0.0,4.0,-33.0
1776886626.8821027,1.0,0.0,-35.0
1776886626.8921027,0.0,-1.0,-32.0
1776886626.9021027,2.0,-6.0,-28.0
1776886626.9121027,5.0,-9.0,-29.0
1776886626.9221027,6.0,-5.0,-37.0
1776886626.932103,2.0,-3.0,-40.0
1776886626.942103,3.0,-5.0,-43.0
1776886626.952103,8.0,-6.0,-44.0
1776886626.962103,9.0,-1.0,-40.0
1776886626.9721026,7.0,-4.0,-41.0
1776886626.9821026,9.0,-1.0,-45.0
1776886626.9921026,8.0,-7.0,-46.0
1776886627.0021029,7.0,-13.0,-53.0
1776886627.0121028,5.0,-9.0,-49.0
1776886627.0221028,4.0,-8.0,-41.0
1776886627.0321028,5.0,-6.0,-36.0
1776886627.0421028,3.0,-6.0,-35.0
1776886627.0521028,1.0,-7.0,-34.0
1776886627.0621028,0.0,-2.0,-30.0
1776886627.0721028,3.0,0.0,-32.0
1776886627.0821028,2.0,0.0,-33.0
1776886627.0921028,3.0,1.0,-36.0
1776886627.1021028,0.0,0.0,-35.0
1776886627.1121027,-2.0,-6.0,-33.0
1776886627.1221027,-3.0,-6.0,-31.0
1776886627.1321027,1.0,-1.0,-36.0
1776886627.1421027,3.0,-1.0,-36.0
1776886627.1521027,4.0,-1.0,-39.0
1776886627.1621027,6.0,-1.0,-43.0
1776886627.1721027,6.0,-3.0,-40.0
1776886627.182103,2.0,-3.0,-31.0
1776886627.192103,0.0,-2.0,-31.0
1776886627.202103,-2.0,-6.0,-38.0
1776886627.212103,-1.0,-6.0,-42.0
1776886627.2221026,-4.0,-4.0,-43.0
1776886627.2321026,-1.0,-7.0,-38.0
1776886627.2421026,-3.0,-8.0,-38.0
1776886627.2521029,-1.0,-5.0,-37.0
1776886627.2621028,0.0,-4.0,-37.0
1776886627.2721028,1.0,-8.0,-31.0
1776886627.2821028,-2.0,-6.0,-31.0
1776886627.2921028,0.0,-2.0,-36.0
1776886627.3021028,-1.0,-4.0,-39.0
1776886627.3121028,-4.0,-6.0,-37.0
1776886627.3221028,-5.0,-8.0,-42.0
1776886627.3321028,-2.0,-8.0,-49.0
1776886627.3421028,1.0,-1.0,-47.0
1776886627.3521028,3.0,-3.0,-48.0
1776886627.3621027,7.0,-6.0,-48.0
1776886627.3721027,8.0,0.0,-45.0
1776886627.3821027,6.0,4.0,-44.0
1776886627.3921027,7.0,1.0,-45.0
1776886627.4021027,5.0,1.0,-41.0
1776886627.4121027,5.0,1.0,-37.0
1776886627.4221027,0.0,3.0,-36.0
1776886627.432103,1.0,1.0,-39.0
1776886627.442103,0.0,-1.0,-41.0
1776886627.452103,2.0,-3.0,-43.0
1776886627.462103,-3.0,-7.0,-39.0
1776886627.4721026,-7.0,-6.0,-40.0
1776886627.4821026,-8.0,-6.0,-41.0
1776886627.4921026,-11.0,-7.0,-41.0
1776886627.5021029,-9.0,-4.0,-47.0
1776886627.5121028,-7.0,-3.0,-47.0
1776886627.5221028,-4.0,2.0,-47.0
1776886627.5321028,0.0,0.0,-41.0
1776886627.5421028,-5.0,3.0,-32.0
1776886627.5521028,-7.0,7.0,-36.0
1776886627.5621028,-7.0,5.0,-42.0
1776886627.5721028,-4.0,0.0,-49.0
1776886627.5821028,-3.0,0.0,-54.0
1776886627.5921028,-4.0,2.0,-52.0
1776886627.6021028,-2.0,0.0,-50.0
1776886627.6121027,-2.0,0.0,-44.0
1776886627.6221027,0.0,3.0,-33.0
1776886627.6321027,2.0,0.0,-31.0
1776886627.6421027,1.0,-1.0,-37.0
1776886627.6521027,4.0,0.0,-35.0
1776886627.6621027,3.0,-4.0,-37.0
1776886627.6721027,1.0,-3.0,-42.0
1776886627.682103,0.0,-2.0,-35.0
1776886627.692103,1.0,-2.0,-40.0
1776886627.702103,4.0,-4.0,-46.0
1776886627.712103,3.0,-4.0,-44.0
1776886627.7221026,3.0,-1.0,-46.0
1776886627.7321026,1.0,-4.0,-44.0
1776886627.7421026,1.0,-5.0,-50.0
1776886627.7521029,-1.0,0.0,-46.0
1776886627.7621028,0.0,3.0,-41.0
1776886627.7721028,-4.0,1.0,-47.0
1776886627.7821028,-5.0,2.0,-47.0
1776886627.7921028,-2.0,2.0,-41.0
1776886627.8021028,-2.0,1.0,-40.0
1776886627.8121028,-2.0,-2.0,-43.0
1776886627.8221028,0.0,-5.0,-43.0
1776886627.8321028,4.0,-9.0,-43.0
1776886627.8421028,4.0,-6.0,-39.0
1776886627.8521028,8.0,-7.0,-36.0
1776886627.8621027,10.0,-10.0,-32.0
1776886627.8721027,10.0,-10.0,-28.0
1776886627.8821027,4.0,-7.0,-32.0
1776886627.8921027,3.0,-7.0,-32.0
1776886627.9021027,5.0,-3.0,-31.0
1776886627.9121027,2.0,-3.0,-29.0
1776886627.9221027,3.0,-2.0,-33.0
1776886627.932103,1.0,-4.0,-39.0
1776886627.942103,2.0,-6.0,-40.0
1776886627.952103,4.0,-5.0,-41.0
1776886627.962103,2.0,-10.0,-39.0
1776886627.9721026,3.0,-9.0,-40.0
1776886627.9821026,3.0,-9.0,-40.0
1776886627.9921026,0.0,-7.0,-41.0
1776886628.0021029,-4.0,-4.0,-35.0
1776886628.0121028,-7.0,-8.0,-38.0
1776886628.0221028,-4.0,-7.0,-36.0
1776886628.0321028,0.0,-7.0,-39.0
1776886628.0421028,4.0,-7.0,-35.0
1776886628.0521028,2.0,-5.0,-32.0
1776886628.0621028,4.0,-1.0,-36.0
1776886628.0721028,3.0,0.0,-38.0
1776886628.0821028,3.0,3.0,-42.0
1776886628.0921028,1.0,2.0,-42.0
1776886628.1021028,4.0,1.0,-41.0
1776886628.1121027,4.0,1.0,-36.0
1776886628.1221027,5.0,0.0,-33.0
1776886628.1321027,3.0,-3.0,-34.0
1776886628.1421027,4.0,-5.0,-36.0
1776886628.1521027,1.0,-5.0,-42.0
1776886628.1621027,-3.0,-4.0,-52.0
1776886628.1721027,-5.0,-3.0,-53.0
1776886628.182103,-5.0,-1.0,-41.0
1776886628.192103,-8.0,-3.0,-36.0
1776886628.202103,-12.0,-2.0,-34.0
1776886628.212103,-13.0,0.0,-39.0
1776886628.2221026,-12.0,0.0,-35.0
1776886628.2321026,-14.0,-1.0,-36.0
1776886628.2421026,-12.0,-3.0,-35.0
1776886628.2521029,-14.0,-4.0,-39.0
1776886628.2621028,-7.0,-3.0,-35.0
1776886628.2721028,0.0,-4.0,-35.0
1776886628.2821028,-4.0,-6.0,-37.0
1776886628.2921028,-5.0,-9.0,-39.0
1776886628.3021028,-2.0,-8.0,-41.0
1776886628.3121028,-1.0,-5.0,-37.0
1776886628.3221028,-4.0,-5.0,-39.0
1776886628.3321028,-3.0,-5.0,-38.0
1776886628.3421028,0.0,0.0,-38.0
1776886628.3521028,-1.0,0.0,-35.0
1776886628.3621027,1.0,-1.0,-38.0
1776886628.3721027,5.0,-6.0,-38.0
1776886628.3821027,6.0,-5.0,-37.0
1776886628.3921027,11.0,-6.0,-39.0
1776886628.4021027,9.0,-9.0,-39.0
1776886628.4121027,6.0,-6.0,-43.0
1776886628.4221027,4.0,-7.0,-46.0
1776886628.432103,2.0,-5.0,-42.0
1776886628.442103,4.0,-5.0,-43.0
1776886628.452103,5.0,-1.0,-43.0
1776886628.462103,2.0,3.0,-41.0
1776886628.4721026,1.0,0.0,-37.0
1776886628.4821026,1.0,0.0,-39.0
1776886628.4921026,-2.0,0.0,-43.0
1776886628.5021029,-2.0,0.0,-39.0
1776886628.5121028,-5.0,0.0,-41.0
1776886628.5221028,-1.0,-2.0,-38.0
1776886628.5321028,-1.0,-5.0,-32.0
1776886628.5421028,-2.0,1.0,-31.0
1776886628.5521028,5.0,-1.0,-32.0
1776886628.5621028,9.0,0.0,-37.0
1776886628.5721028,4.0,0.0,-36.0
1776886628.5821028,4.0,0.0,-34.0
1776886628.5921028,7.0,1.0,-35.0
1776886628.6021028,9.0,-2.0,-34.0
1776886628.6121027,5.0,-2.0,-32.0
1776886628.6221027,1.0,-5.0,-39.0
1776886628.6321027,2.0,-9.0,-40.0
1776886628.6421027,3.0,-9.0,-37.0
1776886628.6521027,-2.0,-11.0,-35.0
1776886628.6621027,-4.0,-9.0,-36.0
1776886628.6731029,-3.0,-3.0,-35.0
1776886628.682103,-3.0,-3.0,-29.0
1776886628.6931028,-6.0,-5.0,-29.0
1776886628.7031028,-7.0,-6.0,-26.0
1776886628.712103,-9.0,-5.0,-33.0
1776886628.7231028,-6.0,-6.0,-37.0
1776886628.7331028,-5.0,-5.0,-38.0
1776886628.7431028,-5.0,-2.0,-34.0
1776886628.7531028,-3.0,-1.0,-26.0
1776886628.7631028,-4.0,-1.0,-26.0
1776886628.7731028,-5.0,0.0,-28.0
1776886628.7831028,-3.0,0.0,-39.0
1776886628.7931027,0.0,0.0,-38.0
1776886628.8031027,0.0,-3.0,-35.0
1776886628.8131027,-4.0,-4.0,-39.0
1776886628.8231027,-3.0,-2.0,-31.0
1776886628.8331027,0.0,-4.0,-36.0
1776886628.8431027,1.0,0.0,-34.0
1776886628.8531027,0.0,-3.0,-30.0
1776886628.863103,0.0,-3.0,-29.0
1776886628.873103,2.0,-2.0,-34.0
1776886628.883103,5.0,-2.0,-37.0
1776886628.8931026,6.0,-1.0,-32.0
1776886628.9031026,7.0,-2.0,-25.0
1776886628.9131026,5.0,-1.0,-16.0
1776886628.9231029,5.0,0.0,-16.0
1776886628.9331028,4.0,-5.0,-13.0
1776886628.9431028,1.0,-6.0,-27.0
1776886628.9531028,0.0,-3.0,-18.0
1776886628.9631028,-2.0,0.0,-22.0
1776886628.9731028,0.0,0.0,-25.0
1776886628.9831028,0.0,-1.0,-31.0
1776886628.9931028,-1.0,1.0,-36.0
1776886629.0031028,3.0,-2.0,-39.0
1776886629.0131028,1.0,0.0,-42.0
1776886629.0231028,-5.0,1.0,-38.0
1776886629.0331028,-2.0,-1.0,-39.0
1776886629.0431027,2.0,-2.0,-34.0
1776886629.0531027,-2.0,-3.0,-34.0
1776886629.0631027,-2.0,-4.0,-35.0
1776886629.0731027,0.0,-1.0,-37.0
1776886629.0831027,2.0,-4.0,-44.0
1776886629.0931027,3.0,-8.0,-47.0
1776886629.1031027,1.0,-7.0,-49.0
1776886629.113103,3.0,-8.0,-49.0
1776886629.123103,4.0,-10.0,-48.0
1776886629.133103,6.0,-7.0,-51.0
1776886629.1431026,8.0,-7.0,-46.0
1776886629.1531026,8.0,-5.0,-41.0
1776886629.1631026,6.0,-3.0,-39.0
1776886629.1731029,2.0,-5.0,-43.0
1776886629.1831028,0.0,-7.0,-44.0
1776886629.1931028,1.0,-6.0,-40.0
1776886629.2031028,2.0,-4.0,-44.0
1776886629.2131028,2.0,-2.0,-44.0
1776886629.2231028,0.0,1.0,-39.0
1776886629.2331028,-1.0,1.0,-38.0
1776886629.2431028,0.0,0.0,-38.0
1776886629.2531028,-2.0,2.0,-34.0
1776886629.2631028,-1.0,-1.0,-35.0
1776886629.2731028,-3.0,0.0,-30.0
1776886629.2831028,-1.0,-1.0,-31.0
1776886629.2931027,1.0,-1.0,-36.0
1776886629.3031027,-2.0,3.0,-28.0
1776886629.3131027,1.0,0.0,-23.0
1776886629.3231027,5.0,-4.0,-22.0
1776886629.3331027,2.0,-6.0,-26.0
1776886629.3431027,1.0,-7.0,-31.0
1776886629.3531027,6.0,-6.0,-37.0
1776886629.363103,7.0,-4.0,-35.0
1776886629.373103,10.0,-5.0,-43.0
1776886629.383103,5.0,-7.0,-51.0
1776886629.3931026,3.0,-6.0,-45.0
1776886629.4031026,1.0,-4.0,-37.0
1776886629.4131026,0.0,-3.0,-37.0
1776886629.4231029,-2.0,-4.0,-41.0
1776886629.4331028,2.0,-1.0,-43.0
1776886629.4431028,1.0,-2.0,-41.0
1776886629.4531028,0.0,-3.0,-42.0
1776886629.4631028,-2.0,-4.0,-32.0
1776886629.4731028,-4.0,-4.0,-37.0
1776886629.4831028,-4.0,-8.0,-38.0
1776886629.4931028,-5.0,-9.0,-32.0
1776886629.5031028,-3.0,-7.0,-24.0
1776886629.5131028,4.0,-3.0,-28.0
1776886629.5231028,3.0,1.0,-34.0
1776886629.534103,1.0,1.0,-40.0
1776886629.5431027,-5.0,2.0,-39.0
1776886629.5531027,-5.0,2.0,-41.0
1776886629.5631027,-4.0,1.0,-40.0
1776886629.5731027,-1.0,-2.0,-36.0
1776886629.5831027,-2.0,-1.0,-44.0
1776886629.5931027,-3.0,-1.0,-53.0
1776886629.6031027,0.0,-2.0,-51.0
1776886629.613103,0.0,0.0,-48.0
1776886629.623103,-2.0,0.0,-40.0
1776886629.633103,0.0,-2.0,-34.0
1776886629.6431026,0.0,-2.0,-33.0
1776886629.6531026,0.0,-3.0,-36.0
1776886629.6631026,0.0,-2.0,-36.0
1776886629.6731029,0.0,-3.0,-39.0
1776886629.6831028,0.0,0.0,-42.0
1776886629.6931028,0.0,1.0,-40.0
1776886629.7031028,0.0,1.0,-40.0
1776886629.7131028,4.0,0.0,-38.0
1776886629.7231028,6.0,-2.0,-38.0
1776886629.7331028,5.0,-7.0,-41.0
1776886629.7431028,3.0,-5.0,-41.0
1776886629.7531028,5.0,-1.0,-31.0
1776886629.7631028,4.0,-4.0,-32.0
1776886629.7731028,3.0,-9.0,-41.0
1776886629.7831028,1.0,-5.0,-42.0
1776886629.7931027,1.0,-5.0,-38.0
1776886629.8031027,-1.0,-7.0,-27.0
1776886629.8131027,-2.0,-6.0,-31.0
1776886629.8231027,-4.0,-3.0,-33.0
1776886629.8331027,-2.0,-2.0,-37.0
1776886629.8431027,0.0,-5.0,-39.0
1776886629.8531027,0.0,-6.0,-42.0
1776886629.863103,8.0,-5.0,-34.0
1776886629.873103,7.0,-3.0,-40.0
1776886629.883103,8.0,0.0,-47.0
1776886629.8931026,4.0,-3.0,-48.0
1776886629.9031026,1.0,-4.0,-49.0
1776886629.9131026,0.0,-4.0,-52.0
1776886629.9231029,-3.0,-2.0,-50.0
1776886629.9331028,-2.0,-2.0,-53.0
1776886629.9431028,-5.0,-3.0,-44.0
1776886629.9531028,-9.0,-2.0,-39.0
1776886629.9631028,-7.0,0.0,-38.0
1776886629.9731028,-9.0,0.0,-36.0
1776886629.9831028,-7.0,0.0,-33.0
1776886629.9931028,-10.0,-3.0,-31.0
1776886630.0031028,-6.0,-4.0,-31.0
1776886630.0131028,-2.0,-1.0,-30.0
1776886630.0231028,-1.0,-1.0,-33.0
1776886630.0331028,-4.0,2.0,-32.0
1776886630.0431027,-2.0,6.0,-34.0
1776886630.0531027,-1.0,6.0,-33.0
1776886630.0631027,0.0,2.0,-39.0
1776886630.0731027,-1.0,3.0,-45.0
1776886630.0831027,-6.0,-1.0,-46.0
1776886630.0931027,-4.0,0.0,-44.0
1776886630.1031027,-4.0,-2.0,-42.0
1776886630.113103,-2.0,0.0,-41.0
1776886630.123103,-2.0,0.0,-41.0
1776886630.133103,-5.0,-1.0,-43.0
1776886630.1431026,-3.0,-2.0,-39.0
1776886630.1531026,-4.0,-2.0,-43.0
1776886630.1631026,-1.0,-5.0,-43.0
1776886630.1731029,0.0,-4.0,-46.0
1776886630.1831028,0.0,-3.0,-41.0
1776886630.1931028,0.0,0.0,-32.0
1776886630.2031028,1.0,-2.0,-40.0
1776886630.2131028,-4.0,-6.0,-40.0
1776886630.2231028,-1.0,-5.0,-42.0
1776886630.2331028,0.0,-2.0,-43.0
1776886630.2431028,0.0,-7.0,-40.0
1776886630.2531028,0.0,-2.0,-42.0
1776886630.2631028,-3.0,2.0,-41.0
1776886630.2731028,-4.0,-3.0,-37.0
1776886630.2831028,-8.0,-3.0,-37.0
1776886630.2931027,-9.0,0.0,-37.0
1776886630.3031027,-3.0,0.0,-28.0
1776886630.3131027,-7.0,-5.0,-30.0
1776886630.3231027,-11.0,-5.0,-30.0
1776886630.3331027,-11.0,-3.0,-29.0
1776886630.3431027,-10.0,-2.0,-26.0
1776886630.3531027,-5.0,0.0,-22.0
1776886630.363103,-5.0,1.0,-22.0
1776886630.373103,-3.0,2.0,-30.0
1776886630.383103,-1.0,3.0,-31.0
1776886630.3931026,-1.0,5.0,-35.0
1776886630.4031026,-1.0,2.0,-35.0
1776886630.4131026,0.0,0.0,-30.0
1776886630.4231029,-2.0,0.0,-37.0
1776886630.4331028,0.0,-2.0,-51.0
1776886630.4431028,-2.0,-3.0,-55.0
1776886630.4531028,0.0,0.0,-46.0
1776886630.4631028,0.0,-2.0,-44.0
1776886630.4731028,1.0,0.0,-51.0
1776886630.4831028,2.0,0.0,-49.0
1776886630.4931028,3.0,0.0,-49.0
1776886630.5031028,1.0,0.0,-43.0
1776886630.5131028,2.0,0.0,-35.0
1776886630.5231028,5.0,6.0,-35.0
1776886630.5331028,4.0,5.0,-39.0
1776886630.5431027,3.0,3.0,-44.0
1776886630.5531027,0.0,3.0,-39.0
1776886630.5631027,0.0,6.0,-39.0
1776886630.5731027,1.0,3.0,-40.0
1776886630.5831027,2.0,2.0,-39.0
1776886630.5931027,0.0,4.0,-35.0
1776886630.6031027,-3.0,2.0,-39.0
1776886630.613103,-2.0,0.0,-44.0
1776886630.623103,0.0,0.0,-43.0
1776886630.633103,3.0,-5.0,-43.0
1776886630.6431026,1.0,-9.0,-39.0
1776886630.6531026,0.0,-8.0,-37.0
1776886630.6631026,2.0,-10.0,-40.0
1776886630.6731029,2.0,-5.0,-41.0
1776886630.6841028,4.0,-4.0,-42.0
1776886630.6931028,2.0,-4.0,-37.0
1776886630.7031028,2.0,-2.0,-34.0
1776886630.7141027,0.0,0.0,-40.0
1776886630.7241027,-6.0,0.0,-43.0
1776886630.7341027,-2.0,-1.0,-43.0
1776886630.7441027,-1.0,-3.0,-40.0
1776886630.7541027,-1.0,-5.0,-47.0
1776886630.7641027,-5.0,-6.0,-52.0
1776886630.7741027,-8.0,-6.0,-45.0
1776886630.784103,-2.0,-7.0,-41.0
1776886630.794103,-1.0,-9.0,-42.0
1776886630.804103,0.0,-10.0,-39.0
1776886630.8141026,2.0,-10.0,-36.0
1776886630.8241026,5.0,-7.0,-34.0
1776886630.8341026,1.0,-6.0,-39.0
1776886630.8441026,1.0,-7.0,-36.0
1776886630.8531027,1.0,-12.0,-38.0
1776886630.8641028,5.0,-7.0,-44.0
1776886630.8741028,4.0,-6.0,-40.0
1776886630.8841028,0.0,-5.0,-46.0
1776886630.8941028,2.0,-5.0,-49.0
1776886630.9041028,0.0,-4.0,-50.0
1776886630.9141028,0.0,-1.0,-46.0
1776886630.9241028,-1.0,1.0,-42.0
1776886630.9341028,1.0,3.0,-35.0
1776886630.9441028,0.0,1.0,-34.0
1776886630.9541028,3.0,0.0,-37.0
1776886630.9641027,-1.0,0.0,-36.0
1776886630.9741027,0.0,0.0,-42.0
1776886630.9841027,1.0,3.0,-38.0
1776886630.9941027,2.0,4.0,-40.0
1776886631.0041027,2.0,0.0,-39.0
1776886631.0141027,0.0,3.0,-44.0
1776886631.0241027,-2.0,2.0,-55.0
1776886631.034103,-4.0,2.0,-57.0
1776886631.044103,-3.0,3.0,-53.0
1776886631.054103,-2.0,1.0,-41.0
1776886631.0641026,0.0,-1.0,-41.0
1776886631.0741026,-1.0,-4.0,-38.0
1776886631.0841026,-3.0,-4.0,-41.0
1776886631.0941026,-7.0,-6.0,-43.0
1776886631.1041028,-9.0,-4.0,-39.0
1776886631.1141028,-3.0,-1.0,-47.0
1776886631.1241028,-2.0,-1.0,-48.0
1776886631.1341028,1.0,-3.0,-44.0
1776886631.1441028,2.0,-5.0,-41.0
1776886631.1541028,4.0,-5.0,-36.0
1776886631.1641028,2.0,-2.0,-37.0
1776886631.1741028,0.0,-5.0,-33.0
1776886631.1841028,-2.0,-6.0,-28.0
1776886631.1941028,-1.0,-3.0,-26.0
1776886631.2041028,-6.0,0.0,-36.0
1776886631.2141027,-5.0,-2.0,-34.0
1776886631.2241027,-4.0,-4.0,-37.0
1776886631.2341027,-1.0,-6.0,-30.0
1776886631.2441027,3.0,-6.0,-29.0
1776886631.2541027,0.0,-7.0,-29.0
1776886631.2641027,2.0,-6.0,-27.0
1776886631.2741027,0.0,-6.0,-24.0
1776886631.284103,-2.0,-5.0,-24.0
1776886631.294103,0.0,-5.0,-29.0
1776886631.304103,5.0,-2.0,-29.0
1776886631.3141026,4.0,-3.0,-35.0
1776886631.3241026,1.0,-2.0,-36.0
1776886631.3341026,3.0,-4.0,-34.0
1776886631.3441026,3.0,-1.0,-40.0
1776886631.3541028,0.0,-2.0,-38.0
1776886631.3641028,1.0,0.0,-33.0
1776886631.3741028,0.0,4.0,-37.0
1776886631.3841028,0.0,-1.0,-37.0
1776886631.3941028,-1.0,0.0,-44.0
1776886631.4041028,-1.0,1.0,-36.0
1776886631.4141028,-1.0,1.0,-36.0
1776886631.4241028,-2.0,0.0,-34.0
1776886631.4341028,-2.0,-1.0,-40.0
1776886631.4441028,-3.0,-3.0,-33.0
1776886631.4541028,0.0,0.0,-28.0
1776886631.4641027,2.0,0.0,-33.0
1776886631.4741027,0.0,0.0,-43.0
1776886631.4841027,-2.0,1.0,-48.0
1776886631.4941027,-4.0,0.0,-46.0
1776886631.5041027,2.0,0.0,-46.0
1776886631.5141027,1.0,-5.0,-44.0
1776886631.5241027,1.0,-7.0,-39.0
1776886631.534103,5.0,-2.0,-37.0
1776886631.544103,1.0,-1.0,-34.0
1776886631.554103,-3.0,-2.0,-34.0
1776886631.5641026,-6.0,0.0,-35.0
1776886631.5741026,-5.0,0.0,-30.0
1776886631.5841026,-6.0,-2.0,-34.0
1776886631.5941026,-5.0,-3.0,-42.0
1776886631.6041028,-2.0,-2.0,-47.0
1776886631.6141028,1.0,-3.0,-48.0
1776886631.6241028,-1.0,0.0,-52.0
1776886631.6341028,0.0,2.0,-48.0
1776886631.6441028,3.0,0.0,-46.0
1776886631.6541028,2.0,3.0,-46.0
1776886631.6641028,4.0,4.0,-43.0
1776886631.6741028,6.0,6.0,-43.0
1776886631.6841028,5.0,4.0,-43.0
1776886631.6941028,2.0,4.0,-34.0
1776886631.7041028,2.0,6.0,-33.0
1776886631.7141027,2.0,3.0,-36.0
1776886631.7241027,2.0,2.0,-46.0
1776886631.7341027,1.0,1.0,-51.0
1776886631.7441027,0.0,1.0,-54.0
1776886631.7541027,-2.0,0.0,-53.0
1776886631.7641027,-8.0,-2.0,-49.0
1776886631.7741027,-5.0,-4.0,-54.0
1776886631.784103,-1.0,-3.0,-47.0
1776886631.794103,-1.0,-3.0,-50.0
1776886631.804103,0.0,-3.0,-51.0
1776886631.8141026,0.0,-7.0,-49.0
1776886631.8241026,-6.0,-12.0,-45.0
1776886631.8341026,-5.0,-10.0,-47.0
1776886631.8441026,-9.0,-8.0,-52.0
1776886631.8541028,-7.0,-6.0,-47.0
1776886631.8641028,-5.0,-9.0,-49.0
1776886631.8741028,-2.0,-9.0,-42.0
1776886631.8841028,0.0,-9.0,-44.0
1776886631.8941028,1.0,-7.0,-42.0
1776886631.9041028,-3.0,-6.0,-40.0
1776886631.9141028,-3.0,-4.0,-38.0
1776886631.9241028,-2.0,-4.0,-38.0
1776886631.9341028,0.0,-7.0,-42.0
1776886631.9441028,-1.0,-8.0,-43.0
1776886631.9541028,1.0,-12.0,-44.0
1776886631.9641027,2.0,-9.0,-43.0
1776886631.9741027,1.0,-4.0,-44.0
1776886631.9841027,0.0,-3.0,-39.0
1776886631.9941027,-5.0,-5.0,-36.0
1776886632.0041027,-1.0,-7.0,-31.0
1776886632.0141027,2.0,-6.0,-43.0
1776886632.0241027,2.0,-6.0,-38.0
1776886632.034103,3.0,1.0,-35.0
1776886632.044103,1.0,6.0,-33.0
1776886632.054103,2.0,4.0,-33.0
1776886632.0641026,8.0,0.0,-36.0
1776886632.0741026,3.0,-4.0,-43.0
1776886632.0841026,5.0,-6.0,-42.0
1776886632.0941026,1.0,-5.0,-38.0
1776886632.1041028,0.0,-1.0,-37.0
1776886632.1141028,0.0,0.0,-41.0
1776886632.1241028,0.0,-2.0,-40.0
1776886632.1341028,0.0,1.0,-41.0
1776886632.1441028,2.0,0.0,-37.0
1776886632.1541028,3.0,-4.0,-33.0
1776886632.1641028,0.0,-4.0,-29.0
1776886632.1741028,0.0,-1.0,-30.0
1776886632.1841028,1.0,-2.0,-44.0
1776886632.1941028,0.0,-1.0,-39.0
1776886632.2041028,-4.0,-2.0,-42.0
1776886632.2141027,-3.0,-3.0,-35.0
1776886632.2241027,-3.0,-3.0,-38.0
1776886632.2341027,-4.0,1.0,-34.0
1776886632.2441027,-3.0,-3.0,-31.0
1776886632.2541027,0.0,1.0,-32.0
1776886632.2641027,4.0,1.0,-30.0
1776886632.2741027,4.0,0.0,-33.0
1776886632.284103,3.0,4.0,-34.0
1776886632.294103,3.0,2.0,-33.0
1776886632.304103,3.0,0.0,-33.0
1776886632.3141026,5.0,-1.0,-40.0
1776886632.3241026,7.0,0.0,-45.0
1776886632.3341026,9.0,0.0,-44.0
1776886632.3441026,11.0,0.0,-39.0
1776886632.3541028,6.0,0.0,-37.0
1776886632.3641028,2.0,3.0,-33.0
1776886632.3741028,0.0,2.0,-31.0
1776886632.3841028,-2.0,2.0,-30.0
1776886632.3941028,-6.0,-1.0,-33.0
1776886632.4041028,-6.0,0.0,-34.0
1776886632.4141028,-5.0,0.0,-40.0
1776886632.4241028,-6.0,0.0,-39.0
1776886632.4341028,-4.0,0.0,-36.0
1776886632.4441028,-1.0,-2.0,-29.0
1776886632.4541028,-2.0,-2.0,-24.0
1776886632.4641027,-1.0,-3.0,-26.0
1776886632.4741027,-3.0,-4.0,-29.0
1776886632.4841027,-1.0,-4.0,-30.0
1776886632.4941027,0.0,-5.0,-24.0
1776886632.5041027,1.0,0.0,-25.0
1776886632.5141027,4.0,0.0,-35.0
1776886632.5251029,3.0,-3.0,-41.0
1776886632.534103,2.0,-1.0,-45.0
1776886632.544103,0.0,1.0,-44.0
1776886632.554103,4.0,-1.0,-44.0
1776886632.5641026,3.0,-4.0,-38.0
1776886632.5741026,3.0,-6.0,-34.0
1776886632.5841026,0.0,-6.0,-36.0
1776886632.5941026,0.0,-6.0,-39.0
1776886632.6041028,5.0,0.0,-36.0
1776886632.6141028,5.0,4.0,-36.0
1776886632.6241028,6.0,1.0,-35.0
1776886632.6341028,8.0,-3.0,-34.0
1776886632.6441028,6.0,-3.0,-30.0
1776886632.6541028,3.0,-4.0,-33.0
1776886632.6641028,6.0,-6.0,-39.0
1776886632.6741028,2.0,-6.0,-39.0
1776886632.6841028,2.0,-6.0,-43.0
1776886632.6941028,6.0,-1.0,-43.0
1776886632.7051027,5.0,0.0,-41.0
1776886632.715103,4.0,1.0,-46.0
1776886632.725103,6.0,3.0,-42.0
1776886632.735103,8.0,5.0,-46.0
1776886632.7441027,9.0,1.0,-44.0
1776886632.7551026,5.0,1.0,-42.0
1776886632.7651026,5.0,-2.0,-45.0
1776886632.7751029,3.0,-3.0,-42.0
1776886632.7851028,1.0,-1.0,-43.0
1776886632.7951028,4.0,-4.0,-46.0
1776886632.8051028,5.0,-8.0,-44.0
1776886632.8151028,2.0,-3.0,-41.0
1776886632.8251028,4.0,-4.0,-43.0
1776886632.8351028,2.0,-1.0,-44.0
1776886632.8451028,7.0,0.0,-31.0
1776886632.8551028,6.0,1.0,-29.0
1776886632.8651028,6.0,0.0,-30.0
1776886632.8751028,2.0,-1.0,-34.0
1776886632.8851027,0.0,-2.0,-32.0
1776886632.8951027,8.0,1.0,-31.0
1776886632.9051027,9.0,2.0,-33.0
1776886632.9151027,2.0,5.0,-39.0
1776886632.9251027,0.0,2.0,-35.0
1776886632.9351027,3.0,3.0,-37.0
1776886632.9451027,3.0,2.0,-43.0
1776886632.9551027,0.0,2.0,-41.0
1776886632.965103,0.0,0.0,-43.0
1776886632.975103,4.0,0.0,-33.0
1776886632.985103,4.0,4.0,-33.0
1776886632.9951026,1.0,0.0,-31.0
1776886633.0051026,0.0,0.0,-29.0
1776886633.0151026,0.0,0.0,-35.0
1776886633.0251029,-1.0,-3.0,-31.0
1776886633.0351028,-1.0,-7.0,-31.0
1776886633.0451028,0.0,-7.0,-31.0
1776886633.0551028,-1.0,-9.0,-33.0
1776886633.0651028,-5.0,-10.0,-35.0
1776886633.0751028,-3.0,-9.0,-32.0
1776886633.0851028,0.0,-5.0,-32.0
1776886633.0951028,0.0,-1.0,-38.0
1776886633.1051028,3.0,0.0,-43.0
1776886633.1151028,3.0,-3.0,-37.0
1776886633.1251028,6.0,-3.0,-35.0
1776886633.1351027,2.0,-9.0,-39.0
1776886633.1451027,2.0,-9.0,-39.0
1776886633.1551027,6.0,-7.0,-34.0
1776886633.1651027,4.0,-7.0,-34.0
1776886633.1751027,0.0,0.0,-34.0
1776886633.1851027,3.0,-3.0,-36.0
1776886633.1951027,4.0,-2.0,-35.0
1776886633.2051027,2.0,0.0,-37.0
1776886633.215103,0.0,-2.0,-39.0
1776886633.225103,2.0,0.0,-36.0
1776886633.235103,6.0,1.0,-35.0
1776886633.2451026,8.0,0.0,-37.0
1776886633.2551026,6.0,-3.0,-43.0
1776886633.2651026,7.0,0.0,-45.0
1776886633.2751029,4.0,-3.0,-44.0
1776886633.2851028,6.0,-1.0,-48.0
1776886633.2951028,4.0,-4.0,-44.0
1776886633.3051028,4.0,-5.0,-40.0
1776886633.3151028,4.0,-3.0,-47.0
1776886633.3251028,1.0,-3.0,-43.0
1776886633.3351028,3.0,-4.0,-39.0
1776886633.3451028,2.0,-3.0,-45.0
1776886633.3551028,0.0,-1.0,-52.0
1776886633.3651028,4.0,0.0,-48.0
1776886633.3751028,6.0,-1.0,-45.0
1776886633.3851027,6.0,-4.0,-44.0
1776886633.3951027,4.0,-2.0,-41.0
1776886633.4051027,5.0,-2.0,-39.0
1776886633.4151027,-1.0,0.0,-43.0
1776886633.4251027,0.0,-4.0,-41.0
1776886633.4351027,4.0,-6.0,-39.0
1776886633.4451027,4.0,0.0,-40.0
1776886633.4551027,3.0,-4.0,-42.0
1776886633.465103,0.0,-7.0,-48.0
1776886633.475103,-1.0,-6.0,-44.0
1776886633.485103,0.0,-7.0,-39.0
1776886633.4951026,2.0,-9.0,-45.0
1776886633.5051026,1.0,-8.0,-43.0
1776886633.5151026,1.0,-9.0,-46.0
1776886633.5251029,5.0,-8.0,-41.0
1776886633.5351028,6.0,-4.0,-37.0
1776886633.5451028,3.0,-4.0,-36.0
1776886633.5551028,-2.0,-6.0,-42.0
1776886633.5651028,-2.0,-8.0,-38.0
1776886633.5751028,3.0,-7.0,-39.0
1776886633.5851028,2.0,-8.0,-37.0
1776886633.5951028,3.0,-7.0,-38.0
1776886633.6051028,6.0,-6.0,-40.0
1776886633.6151028,3.0,-3.0,-34.0
1776886633.6251028,2.0,0.0,-38.0
1776886633.6351027,4.0,-2.0,-42.0
1776886633.6451027,4.0,-2.0,-48.0
1776886633.6551027,1.0,-1.0,-51.0
1776886633.6651027,4.0,-2.0,-50.0
1776886633.6751027,7.0,-1.0,-42.0
1776886633.6851027,5.0,-1.0,-49.0
1776886633.6951027,4.0,-1.0,-49.0
1776886633.7051027,4.0,-3.0,-45.0
1776886633.715103,0.0,0.0,-44.0
1776886633.725103,-3.0,0.0,-47.0
1776886633.735103,0.0,3.0,-49.0
1776886633.7451026,2.0,3.0,-42.0
1776886633.7551026,6.0,2.0,-38.0
1776886633.7651026,2.0,1.0,-40.0
1776886633.7751029,5.0,-1.0,-37.0
1776886633.7851028,3.0,0.0,-37.0
1776886633.7951028,5.0,2.0,-37.0
1776886633.8051028,6.0,0.0,-42.0
1776886633.8151028,6.0,-1.0,-40.0
1776886633.8251028,5.0,-1.0,-42.0
1776886633.8351028,0.0,-2.0,-40.0
1776886633.8451028,0.0,-1.0,-42.0
1776886633.8551028,1.0,-2.0,-36.0
1776886633.8651028,-3.0,-5.0,-34.0
1776886633.8751028,-1.0,-8.0,-32.0
1776886633.8851027,-1.0,-12.0,-32.0
1776886633.8951027,-2.0,-8.0,-34.0
1776886633.9051027,-1.0,-9.0,-27.0
1776886633.9151027,2.0,-5.0,-27.0
1776886633.9251027,0.0,-3.0,-22.0
1776886633.9351027,-5.0,-3.0,-26.0
1776886633.9451027,-8.0,-4.0,-25.0
1776886633.9551027,-6.0,-3.0,-26.0
1776886633.965103,-2.0,-2.0,-32.0
1776886633.975103,-3.0,-5.0,-35.0
1776886633.985103,0.0,-3.0,-35.0
1776886633.9951026,-1.0,0.0,-39.0
1776886634.0051026,-3.0,0.0,-34.0
1776886634.0151026,-5.0,-2.0,-38.0
1776886634.0251029,-3.0,-5.0,-36.0
1776886634.0351028,-2.0,-6.0,-31.0
1776886634.0451028,-3.0,-3.0,-32.0
1776886634.0551028,0.0,-3.0,-33.0
1776886634.0651028,3.0,-6.0,-35.0
1776886634.0751028,1.0,-7.0,-42.0
1776886634.0851028,0.0,-8.0,-46.0
1776886634.0951028,1.0,-6.0,-50.0
1776886634.1051028,0.0,-3.0,-44.0
1776886634.1151028,1.0,-2.0,-45.0
1776886634.1251028,-2.0,-3.0,-45.0
1776886634.1351027,1.0,-2.0,-46.0
1776886634.1451027,-1.0,-1.0,-38.0
1776886634.1551027,3.0,0.0,-35.0
1776886634.1651027,6.0,2.0,-39.0
1776886634.1751027,10.0,0.0,-36.0
1776886634.1851027,8.0,5.0,-29.0
1776886634.1951027,4.0,6.0,-29.0
1776886634.2051027,6.0,8.0,-30.0
1776886634.215103,5.0,6.0,-33.0
1776886634.225103,3.0,1.0,-36.0
1776886634.235103,2.0,-4.0,-40.0
1776886634.2451026,2.0,0.0,-43.0
1776886634.2551026,3.0,0.0,-42.0
1776886634.2651026,0.0,2.0,-44.0
1776886634.2751029,2.0,3.0,-41.0
1776886634.2851028,5.0,3.0,-38.0
1776886634.2951028,0.0,0.0,-27.0
1776886634.3051028,-1.0,-5.0,-29.0
1776886634.3151028,-1.0,-7.0,-34.0
1776886634.3251028,0.0,-6.0,-32.0
1776886634.3351028,0.0,-2.0,-26.0
1776886634.3451028,-1.0,-1.0,-28.0
1776886634.3551028,0.0,0.0,-31.0
1776886634.3651028,0.0,0.0,-34.0
1776886634.3751028,-1.0,0.0,-47.0
1776886634.3851027,-4.0,1.0,-43.0
1776886634.3951027,0.0,2.0,-43.0
1776886634.4051027,3.0,2.0,-41.0
1776886634.4151027,2.0,-2.0,-38.0
1776886634.4251027,-1.0,-3.0,-37.0
1776886634.4351027,-6.0,-3.0,-40.0
1776886634.4451027,-5.0,1.0,-41.0
1776886634.4551027,-2.0,-3.0,-44.0
1776886634.465103,0.0,-2.0,-48.0
1776886634.475103,0.0,0.0,-43.0
1776886634.485103,1.0,-6.0,-40.0
1776886634.4951026,0.0,-8.0,-38.0
1776886634.5051026,1.0,-7.0,-36.0
1776886634.5151026,0.0,-6.0,-37.0
1776886634.5251029,1.0,-4.0,-30.0
1776886634.5351028,0.0,-6.0,-38.0
1776886634.5451028,-1.0,-6.0,-38.0
1776886634.5551028,-2.0,-4.0,-46.0
1776886634.5651028,2.0,-5.0,-48.0
1776886634.5751028,3.0,-3.0,-46.0
1776886634.5851028,2.0,0.0,-42.0
1776886634.5951028,0.0,1.0,-37.0
1776886634.6051028,0.0,1.0,-39.0
1776886634.6151028,-3.0,4.0,-42.0
1776886634.6251028,-1.0,1.0,-37.0
1776886634.6351027,1.0,0.0,-36.0
1776886634.6451027,2.0,2.0,-37.0
1776886634.6551027,-1.0,2.0,-34.0
1776886634.6651027,2.0,0.0,-31.0
1776886634.6751027,3.0,-4.0,-32.0
1776886634.6851027,3.0,-7.0,-41.0
1776886634.6961029,0.0,-4.0,-34.0
1776886634.7061028,3.0,-5.0,-33.0
1776886634.7161028,4.0,-2.0,-33.0
1776886634.7261028,4.0,-4.0,-37.0
1776886634.7361028,2.0,-5.0,-36.0
1776886634.7461028,2.0,-4.0,-40.0
1776886634.7561028,4.0,-1.0,-46.0
1776886634.7661028,6.0,0.0,-49.0
1776886634.7761028,9.0,-3.0,-55.0
1776886634.7861028,7.0,-2.0,-48.0
1776886634.7961028,8.0,-2.0,-46.0
1776886634.8061028,9.0,-2.0,-47.0
1776886634.8161027,8.0,-5.0,-43.0
1776886634.8261027,6.0,-2.0,-42.0
1776886634.8361027,3.0,2.0,-37.0
1776886634.8461027,-5.0,4.0,-33.0
1776886634.8561027,-7.0,3.0,-30.0
1776886634.8661027,-9.0,0.0,-29.0
1776886634.8761027,-12.0,-2.0,-35.0
1776886634.886103,-10.0,0.0,-38.0
1776886634.896103,-10.0,1.0,-37.0
1776886634.906103,-8.0,0.0,-39.0
1776886634.9161026,-4.0,1.0,-40.0
1776886634.9261026,0.0,-1.0,-34.0
1776886634.9361026,2.0,-5.0,-33.0
1776886634.9461029,1.0,0.0,-38.0
1776886634.9561028,-2.0,5.0,-40.0
1776886634.9661028,0.0,4.0,-43.0
1776886634.9761028,2.0,0.0,-40.0
1776886634.9861028,1.0,-2.0,-37.0
1776886634.9961028,1.0,0.0,-40.0
1776886635.0061028,2.0,2.0,-37.0
1776886635.0161028,6.0,4.0,-39.0
1776886635.0261028,4.0,5.0,-40.0
1776886635.0361028,2.0,2.0,-44.0
1776886635.0461028,0.0,0.0,-47.0
1776886635.0561028,-1.0,0.0,-46.0
1776886635.0661027,-4.0,-4.0,-46.0
1776886635.0761027,0.0,-1.0,-49.0
1776886635.0861027,0.0,0.0,-39.0
1776886635.0961027,4.0,2.0,-41.0
1776886635.1061027,6.0,7.0,-38.0
1776886635.1161027,5.0,4.0,-43.0
1776886635.1261027,1.0,-4.0,-43.0
1776886635.136103,1.0,-11.0,-42.0
1776886635.146103,0.0,-12.0,-31.0
1776886635.156103,-8.0,-11.0,-31.0
1776886635.1661026,-9.0,-4.0,-32.0
1776886635.1761026,-10.0,-3.0,-40.0
1776886635.1861026,-11.0,-3.0,-39.0
1776886635.1961029,-5.0,5.0,-37.0
1776886635.2061028,-2.0,5.0,-39.0
1776886635.2161028,0.0,4.0,-37.0
1776886635.2261028,1.0,2.0,-36.0
1776886635.2361028,-2.0,-1.0,-39.0
1776886635.2461028,-1.0,4.0,-39.0
1776886635.2561028,-2.0,4.0,-43.0
1776886635.2661028,0.0,3.0,-43.0
1776886635.2761028,2.0,0.0,-42.0
1776886635.2861028,0.0,0.0,-38.0
1776886635.2961028,4.0,2.0,-40.0
1776886635.3061028,3.0,0.0,-39.0
1776886635.3161027,0.0,-4.0,-41.0
1776886635.3261027,-1.0,-5.0,-43.0
1776886635.3361027,-1.0,-4.0,-46.0
1776886635.3461027,0.0,-1.0,-48.0
1776886635.3561027,-2.0,1.0,-44.0
1776886635.3661027,0.0,3.0,-42.0
1776886635.3761027,2.0,4.0,-47.0
1776886635.386103,5.0,0.0,-47.0
1776886635.396103,2.0,0.0,-46.0
1776886635.406103,3.0,0.0,-42.0
1776886635.4161026,2.0,0.0,-39.0
1776886635.4261026,6.0,0.0,-44.0
1776886635.4361026,2.0,2.0,-48.0
1776886635.4461029,3.0,4.0,-52.0
1776886635.4561028,5.0,1.0,-49.0
1776886635.4661028,2.0,0.0,-42.0
1776886635.4761028,3.0,-3.0,-36.0
1776886635.4861028,-2.0,-4.0,-38.0
1776886635.4961028,-1.0,-1.0,-39.0
1776886635.5061028,-5.0,-4.0,-45.0
1776886635.5161028,-1.0,-2.0,-44.0
1776886635.5261028,0.0,-1.0,-45.0
1776886635.5361028,0.0,1.0,-48.0
1776886635.5461028,-1.0,3.0,-43.0
1776886635.5561028,0.0,0.0,-42.0
1776886635.5661027,0.0,-2.0,-36.0
1776886635.5761027,-2.0,-4.0,-40.0
1776886635.5861027,-6.0,-1.0,-39.0
1776886635.5961027,0.0,0.0,-29.0
1776886635.6061027,0.0,-1.0,-35.0
1776886635.6161027,2.0,-1.0,-35.0
1776886635.6261027,5.0,0.0,-38.0
1776886635.636103,2.0,0.0,-34.0
1776886635.646103,4.0,0.0,-36.0
1776886635.656103,4.0,0.0,-36.0
1776886635.6661026,6.0,1.0,-36.0
1776886635.6761026,4.0,1.0,-28.0
1776886635.6861026,0.0,0.0,-23.0
1776886635.6961029,-3.0,0.0,-23.0
1776886635.7061028,-4.0,-2.0,-29.0
1776886635.7161028,-3.0,5.0,-31.0
1776886635.7261028,-2.0,1.0,-36.0
1776886635.7361028,2.0,0.0,-39.0
1776886635.7461028,5.0,-1.0,-29.0
1776886635.7561028,-2.0,-2.0,-33.0
1776886635.7661028,-7.0,-4.0,-38.0
1776886635.7761028,-3.0,-3.0,-34.0
1776886635.7861028,3.0,-2.0,-34.0
1776886635.7961028,0.0,0.0,-31.0
1776886635.8061028,0.0,-1.0,-25.0
1776886635.8161027,1.0,0.0,-28.0
1776886635.8261027,0.0,0.0,-30.0
1776886635.8361027,0.0,-1.0,-28.0
1776886635.8461027,3.0,0.0,-29.0
1776886635.8561027,3.0,0.0,-28.0
1776886635.8661027,2.0,-5.0,-31.0
1776886635.8761027,0.0,-7.0,-36.0
1776886635.886103,0.0,-5.0,-35.0
1776886635.896103,2.0,0.0,-39.0
1776886635.906103,4.0,-5.0,-39.0
1776886635.9161026,4.0,-7.0,-35.0
1776886635.9261026,5.0,-9.0,-35.0
1776886635.9361026,0.0,-9.0,-33.0
1776886635.9461029,-4.0,-4.0,-33.0
1776886635.9561028,-7.0,-6.0,-33.0
1776886635.9661028,-1.0,-8.0,-38.0
1776886635.9761028,0.0,-4.0,-43.0
1776886635.9861028,-5.0,-5.0,-50.0
1776886635.9961028,-4.0,-3.0,-48.0
1776886636.0061028,-2.0,-2.0,-45.0
1776886636.0161028,-3.0,-2.0,-43.0
1776886636.0261028,-5.0,-4.0,-44.0
1776886636.0361028,-4.0,0.0,-35.0
1776886636.0461028,0.0,1.0,-33.0
1776886636.0561028,7.0,-5.0,-39.0
1776886636.0661027,5.0,-5.0,-42.0
1776886636.0761027,2.0,-2.0,-49.0
1776886636.0861027,2.0,-2.0,-45.0
1776886636.0961027,3.0,6.0,-45.0
1776886636.1061027,5.0,4.0,-45.0
1776886636.1161027,6.0,5.0,-44.0
1776886636.1261027,5.0,0.0,-45.0
1776886636.136103,0.0,0.0,-43.0
1776886636.146103,3.0,-1.0,-44.0
1776886636.156103,2.0,0.0,-47.0
1776886636.1661026,3.0,0.0,-42.0
1776886636.1761026,6.0,2.0,-37.0
1776886636.1861026,5.0,1.0,-38.0
1776886636.1961029,2.0,0.0,-41.0
1776886636.2061028,0.0,-1.0,-44.0
1776886636.2161028,0.0,1.0,-45.0
1776886636.2261028,1.0,0.0,-50.0
1776886636.2361028,0.0,0.0,-51.0
1776886636.2461028,3.0,-1.0,-45.0
1776886636.2561028,2.0,0.0,-39.0
1776886636.2661028,0.0,1.0,-31.0
1776886636.2761028,2.0,0.0,-30.0
1776886636.2861028,1.0,1.0,-28.0
1776886636.2961028,5.0,1.0,-29.0
1776886636.3061028,7.0,2.0,-32.0
1776886636.3161027,3.0,4.0,-30.0
1776886636.3261027,0.0,0.0,-29.0
1776886636.3361027,1.0,-3.0,-32.0
1776886636.3461027,0.0,-7.0,-40.0
1776886636.3561027,0.0,-5.0,-38.0
1776886636.3661027,1.0,-4.0,-41.0
1776886636.3761027,0.0,-4.0,-35.0
1776886636.386103,-5.0,-3.0,-32.0
1776886636.396103,-6.0,-5.0,-29.0
1776886636.406103,-2.0,-4.0,-29.0
1776886636.4161026,-3.0,-4.0,-32.0
1776886636.4261026,-4.0,-3.0,-33.0
1776886636.4361026,0.0,-8.0,-37.0
1776886636.4461029,0.0,-7.0,-36.0
1776886636.4561028,-1.0,-2.0,-38.0
1776886636.4661028,-2.0,2.0,-40.0
1776886636.4761028,-5.0,2.0,-39.0
1776886636.4861028,-6.0,5.0,-41.0
1776886636.4961028,-4.0,4.0,-40.0
1776886636.5061028,-6.0,2.0,-34.0
1776886636.5161028,-5.0,0.0,-36.0
1776886636.5261028,0.0,-2.0,-32.0
1776886636.5361028,0.0,-1.0,-43.0
1776886636.5461028,1.0,-1.0,-45.0
1776886636.5561028,2.0,-1.0,-50.0
1776886636.5661027,2.0,-6.0,-53.0
1776886636.5761027,1.0,-4.0,-41.0
1776886636.5861027,3.0,-4.0,-32.0
1776886636.5961027,5.0,-3.0,-34.0
1776886636.6061027,4.0,0.0,-30.0
1776886636.6161027,5.0,0.0,-23.0
1776886636.6261027,2.0,1.0,-27.0
1776886636.636103,1.0,3.0,-30.0
1776886636.646103,-1.0,2.0,-36.0
1776886636.6571028,-2.0,0.0,-41.0
1776886636.6661026,-3.0,5.0,-46.0
1776886636.6771028,-5.0,4.0,-45.0
1776886636.6871028,-4.0,1.0,-42.0
1776886636.6971028,0.0,0.0,-46.0
1776886636.7071028,-2.0,-1.0,-47.0
1776886636.7171028,1.0,-2.0,-51.0
1776886636.7271028,0.0,-7.0,-48.0
1776886636.7371027,5.0,-8.0,-42.0
1776886636.7471027,4.0,-4.0,-40.0
1776886636.7571027,8.0,0.0,-37.0
1776886636.7671027,4.0,0.0,-31.0
1776886636.7771027,3.0,0.0,-35.0
1776886636.7871027,1.0,0.0,-35.0
1776886636.7971027,-3.0,5.0,-40.0
1776886636.807103,-5.0,2.0,-41.0
1776886636.817103,-3.0,1.0,-42.0
1776886636.827103,-1.0,1.0,-34.0
1776886636.837103,3.0,1.0,-32.0
1776886636.8471026,4.0,-2.0,-31.0
1776886636.8571026,5.0,-3.0,-29.0
1776886636.8671026,-1.0,-1.0,-27.0
1776886636.8771029,-1.0,-2.0,-30.0
1776886636.8871028,-2.0,-3.0,-30.0
1776886636.8971028,0.0,-4.0,-25.0
1776886636.9071028,3.0,0.0,-21.0
1776886636.9171028,2.0,-1.0,-25.0
1776886636.9271028,0.0,0.0,-32.0
1776886636.9371028,0.0,0.0,-38.0
1776886636.9471028,0.0,0.0,-36.0
1776886636.9571028,1.0,2.0,-40.0
1776886636.9671028,-2.0,4.0,-48.0
1776886636.9771028,-4.0,1.0,-46.0
1776886636.9871027,-4.0,3.0,-46.0
1776886636.9971027,-2.0,0.0,-46.0
1776886637.0071027,-1.0,0.0,-44.0
1776886637.0171027,-1.0,0.0,-43.0
1776886637.0271027,-3.0,0.0,-40.0
1776886637.0371027,0.0,-1.0,-39.0
1776886637.0471027,1.0,-4.0,-45.0
1776886637.057103,3.0,-2.0,-43.0
1776886637.067103,1.0,-2.0,-43.0
1776886637.077103,1.0,-4.0,-45.0
1776886637.087103,-2.0,-1.0,-42.0
1776886637.0971026,-2.0,2.0,-44.0
1776886637.1071026,0.0,5.0,-37.0
1776886637.1171026,-1.0,4.0,-28.0
1776886637.1271029,-2.0,6.0,-25.0
1776886637.1371028,1.0,3.0,-28.0
1776886637.1471028,1.0,3.0,-28.0
1776886637.1571028,0.0,7.0,-32.0
1776886637.1671028,-6.0,5.0,-34.0
1776886637.1771028,-7.0,1.0,-32.0
1776886637.1871028,-9.0,-1.0,-29.0
1776886637.1971028,-7.0,-1.0,-32.0
1776886637.2071028,-5.0,0.0,-38.0
1776886637.2171028,-5.0,0.0,-40.0
1776886637.2271028,-2.0,-2.0,-42.0
1776886637.2371027,-5.0,-3.0,-43.0
1776886637.2471027,-5.0,-3.0,-44.0
1776886637.2571027,-4.0,-3.0,-48.0
1776886637.2671027,-2.0,-3.0,-53.0
1776886637.2771027,-1.0,-7.0,-49.0
1776886637.2871027,0.0,-7.0,-39.0
1776886637.2971027,0.0,-2.0,-36.0
1776886637.307103,-2.0,0.0,-36.0
1776886637.317103,-2.0,0.0,-39.0
1776886637.327103,1.0,0.0,-43.0
1776886637.337103,2.0,-3.0,-46.0
1776886637.3471026,5.0,-6.0,-43.0
1776886637.3571026,4.0,-7.0,-42.0
1776886637.3671026,1.0,-5.0,-38.0
1776886637.3771029,6.0,-2.0,-42.0
1776886637.3871028,4.0,-1.0,-37.0
1776886637.3971028,5.0,-8.0,-39.0
1776886637.4071028,8.0,-5.0,-37.0
1776886637.4171028,2.0,-2.0,-42.0
1776886637.4271028,1.0,1.0,-44.0
1776886637.4371028,2.0,7.0,-43.0
1776886637.4471028,5.0,7.0,-42.0
1776886637.4571028,1.0,9.0,-41.0
1776886637.4671028,-1.0,4.0,-39.0
1776886637.4771028,1.0,5.0,-39.0
1776886637.4871027,0.0,0.0,-38.0
1776886637.4971027,-1.0,0.0,-36.0
1776886637.5071027,0.0,-3.0,-34.0
1776886637.5171027,4.0,-3.0,-30.0
1776886637.5271027,3.0,-4.0,-32.0
1776886637.5371027,1.0,-2.0,-36.0
1776886637.5471027,0.0,1.0,-34.0
1776886637.557103,0.0,3.0,-36.0
1776886637.567103,-2.0,1.0,-32.0
1776886637.577103,-1.0,1.0,-28.0
1776886637.587103,-2.0,2.0,-30.0
1776886637.5971026,0.0,1.0,-33.0
1776886637.6071026,-1.0,0.0,-40.0
1776886637.6171026,-1.0,0.0,-38.0
1776886637.6271029,0.0,0.0,-36.0
1776886637.6371028,-1.0,-1.0,-42.0
1776886637.6471028,0.0,0.0,-44.0
1776886637.6571028,0.0,2.0,-49.0
1776886637.6671028,2.0,2.0,-50.0
1776886637.6771028,2.0,2.0,-56.0
1776886637.6871028,6.0,-5.0,-52.0
1776886637.6971028,9.0,-5.0,-43.0
1776886637.7071028,5.0,-2.0,-39.0
1776886637.7171028,3.0,1.0,-37.0
1776886637.7271028,1.0,6.0,-32.0
1776886637.7371027,0.0,6.0,-27.0
1776886637.7471027,-2.0,5.0,-26.0
1776886637.7571027,-3.0,4.0,-31.0
1776886637.7671027,1.0,0.0,-37.0
1776886637.7771027,5.0,3.0,-37.0
1776886637.7871027,4.0,-2.0,-42.0
1776886637.7971027,5.0,-1.0,-42.0
1776886637.807103,7.0,0.0,-43.0
1776886637.817103,6.0,-1.0,-31.0
1776886637.827103,7.0,-5.0,-30.0
1776886637.837103,4.0,-6.0,-29.0
1776886637.8471026,6.0,-7.0,-25.0
1776886637.8571026,5.0,-3.0,-33.0
1776886637.8671026,8.0,0.0,-34.0
1776886637.8771029,7.0,-2.0,-34.0
1776886637.8871028,6.0,-4.0,-34.0
1776886637.8971028,6.0,-5.0,-34.0
1776886637.9071028,4.0,-4.0,-32.0
1776886637.9171028,0.0,-2.0,-35.0
1776886637.9271028,-1.0,-3.0,-37.0
1776886637.9371028,-2.0,-3.0,-38.0
1776886637.9471028,0.0,-3.0,-42.0
1776886637.9571028,-2.0,-1.0,-42.0
1776886637.9671028,-4.0,-5.0,-45.0
1776886637.9771028,-3.0,-2.0,-45.0
1776886637.9871027,-2.0,-2.0,-43.0
1776886637.9971027,-2.0,0.0,-44.0
1776886638.0071027,-4.0,-1.0,-43.0
1776886638.0171027,-6.0,-2.0,-40.0
1776886638.0271027,-6.0,-2.0,-36.0
1776886638.0371027,-3.0,-1.0,-33.0
1776886638.0471027,1.0,4.0,-37.0
1776886638.057103,2.0,5.0,-38.0
1776886638.067103,-1.0,4.0,-40.0
1776886638.077103,0.0,2.0,-39.0
1776886638.087103,-1.0,0.0,-39.0
1776886638.0971026,0.0,-5.0,-35.0
1776886638.1071026,0.0,-5.0,-38.0
1776886638.1171026,0.0,-7.0,-41.0
1776886638.1271029,-5.0,-3.0,-42.0
1776886638.1371028,-7.0,2.0,-46.0
1776886638.1471028,-4.0,-1.0,-47.0
1776886638.1571028,0.0,-3.0,-52.0
1776886638.1671028,1.0,0.0,-55.0
1776886638.1771028,0.0,-2.0,-55.0
1776886638.1871028,-1.0,2.0,-50.0
1776886638.1971028,0.0,2.0,-38.0
1776886638.2071028,-1.0,0.0,-31.0
1776886638.2171028,-1.0,-1.0,-32.0
1776886638.2271028,2.0,-1.0,-30.0
1776886638.2371027,3.0,-1.0,-34.0
1776886638.2471027,4.0,-1.0,-41.0
1776886638.2571027,2.0,-2.0,-41.0
1776886638.2671027,2.0,-5.0,-42.0
1776886638.2771027,2.0,-5.0,-39.0
1776886638.2871027,0.0,-2.0,-37.0
1776886638.2971027,0.0,0.0,-30.0
1776886638.307103,-2.0,1.0,-33.0
1776886638.317103,-2.0,0.0,-41.0
1776886638.327103,0.0,2.0,-51.0
1776886638.337103,5.0,4.0,-44.0
1776886638.3471026,5.0,5.0,-41.0
1776886638.3571026,5.0,5.0,-41.0
1776886638.3671026,6.0,2.0,-42.0
1776886638.3771029,3.0,4.0,-43.0
1776886638.3871028,5.0,5.0,-46.0
1776886638.3971028,4.0,1.0,-41.0
1776886638.4071028,3.0,-1.0,-40.0
1776886638.4171028,0.0,0.0,-37.0
1776886638.4271028,0.0,0.0,-40.0
1776886638.4371028,0.0,1.0,-40.0
1776886638.4471028,2.0,2.0,-36.0
1776886638.4571028,5.0,0.0,-33.0
1776886638.4671028,1.0,-4.0,-34.0
1776886638.4771028,0.0,-6.0,-32.0
1776886638.4871027,0.0,-6.0,-27.0
1776886638.4971027,-4.0,-5.0,-36.0
1776886638.5071027,0.0,-4.0,-43.0
1776886638.5171027,-2.0,-2.0,-47.0
1776886638.5271027,-3.0,0.0,-48.0
1776886638.5371027,-3.0,-2.0,-43.0
1776886638.5471027,-1.0,0.0,-46.0
1776886638.557103,-4.0,0.0,-45.0
1776886638.567103,-1.0,-1.0,-41.0
1776886638.577103,1.0,-4.0,-38.0
1776886638.587103,2.0,-6.0,-40.0
1776886638.5971026,4.0,-3.0,-39.0
1776886638.6071026,2.0,-4.0,-35.0
1776886638.6171026,0.0,-5.0,-38.0
1776886638.6271029,-2.0,-2.0,-47.0
1776886638.6371028,-4.0,-2.0,-48.0
1776886638.6481028,-2.0,-5.0,-44.0
1776886638.6571028,0.0,-6.0,-48.0
1776886638.6681027,-2.0,-3.0,-53.0
1776886638.6771028,-2.0,-3.0,-58.0
1776886638.6881027,-5.0,-3.0,-53.0
1776886638.6981027,-5.0,-1.0,-48.0
1776886638.7071028,-3.0,-2.0,-45.0
1776886638.7181027,-2.0,0.0,-43.0
1776886638.7281027,0.0,-3.0,-43.0
1776886638.738103,-3.0,-8.0,-40.0
1776886638.748103,-2.0,-11.0,-37.0
1776886638.7571027,-2.0,-7.0,-35.0
1776886638.7681026,0.0,-1.0,-34.0
1776886638.7781026,0.0,0.0,-29.0
1776886638.7881026,1.0,1.0,-33.0
1776886638.7981029,0.0,2.0,-30.0
1776886638.8081028,0.0,6.0,-31.0
1776886638.8181028,-3.0,5.0,-35.0
1776886638.8281028,-3.0,5.0,-34.0
1776886638.8381028,-8.0,3.0,-35.0
1776886638.8481028,-5.0,1.0,-31.0
1776886638.8581028,-2.0,2.0,-32.0
1776886638.8681028,-5.0,1.0,-34.0
1776886638.8781028,-5.0,4.0,-33.0
1776886638.8881028,-2.0,5.0,-28.0
1776886638.8981028,0.0,7.0,-27.0
1776886638.9081028,-1.0,6.0,-33.0
1776886638.9181027,-2.0,8.0,-42.0
1776886638.9281027,-1.0,5.0,-48.0
1776886638.9381027,-3.0,3.0,-48.0
1776886638.9481027,-1.0,2.0,-46.0
1776886638.9581027,-1.0,3.0,-47.0
1776886638.9681027,-3.0,4.0,-43.0
1776886638.9781027,-2.0,1.0,-46.0
1776886638.988103,-3.0,1.0,-47.0
1776886638.998103,-2.0,0.0,-44.0
1776886639.008103,-4.0,-4.0,-40.0
1776886639.0181026,-8.0,-5.0,-39.0
1776886639.0281026,-7.0,-7.0,-42.0
1776886639.0381026,-4.0,-5.0,-49.0
1776886639.0481029,-7.0,-3.0,-51.0
1776886639.0581028,-3.0,-4.0,-44.0
1776886639.0681028,0.0,0.0,-46.0
1776886639.0781028,-2.0,0.0,-41.0
1776886639.0881028,0.0,-5.0,-43.0
1776886639.0981028,2.0,-4.0,-46.0
1776886639.1081028,2.0,0.0,-46.0
1776886639.1181028,2.0,1.0,-38.0
1776886639.1281028,0.0,2.0,-38.0
1776886639.1381028,-3.0,0.0,-40.0
1776886639.1481028,3.0,-3.0,-38.0
1776886639.1581028,2.0,-3.0,-34.0
1776886639.1681027,1.0,-1.0,-29.0
1776886639.1781027,2.0,0.0,-29.0
1776886639.1881027,0.0,-1.0,-29.0
1776886639.1981027,1.0,-2.0,-35.0
1776886639.2081027,4.0,-3.0,-39.0
1776886639.2181027,3.0,-1.0,-40.0
1776886639.2281027,1.0,0.0,-35.0
1776886639.238103,0.0,1.0,-41.0
1776886639.248103,0.0,0.0,-40.0
1776886639.258103,-1.0,0.0,-36.0
1776886639.2681026,2.0,3.0,-32.0
1776886639.2781026,0.0,1.0,-36.0
1776886639.2881026,-2.0,2.0,-32.0
1776886639.2981029,-4.0,-1.0,-34.0
1776886639.3081028,-1.0,0.0,-30.0
1776886639.3181028,-1.0,1.0,-32.0
1776886639.3281028,2.0,3.0,-36.0
1776886639.3381028,0.0,2.0,-46.0
1776886639.3481028,1.0,-4.0,-42.0
1776886639.3581028,-1.0,-6.0,-42.0
1776886639.3681028,2.0,-5.0,-38.0
1776886639.3781028,5.0,-1.0,-39.0
1776886639.3881028,5.0,-3.0,-38.0
1776886639.3981028,5.0,-2.0,-38.0
1776886639.4081028,2.0,-3.0,-41.0
1776886639.4181027,4.0,-1.0,-47.0
1776886639.4281027,3.0,-3.0,-44.0
1776886639.4381027,3.0,-7.0,-38.0
1776886639.4481027,8.0,-4.0,-38.0
1776886639.4581027,6.0,2.0,-33.0
1776886639.4681027,6.0,-1.0,-32.0
1776886639.4781027,3.0,0.0,-37.0
1776886639.488103,5.0,0.0,-45.0
1776886639.498103,3.0,-1.0,-43.0
1776886639.508103,8.0,-2.0,-40.0
1776886639.5181026,9.0,-2.0,-45.0
1776886639.5281026,6.0,-2.0,-42.0
1776886639.5381026,3.0,1.0,-37.0
1776886639.5481029,6.0,1.0,-34.0
1776886639.5581028,2.0,2.0,-30.0
1776886639.5681028,2.0,3.0,-25.0
1776886639.5781028,2.0,1.0,-28.0
1776886639.5881028,2.0,0.0,-32.0
1776886639.5981028,1.0,-1.0,-35.0
1776886639.6081028,5.0,1.0,-35.0
1776886639.6181028,6.0,2.0,-31.0
1776886639.6281028,1.0,7.0,-33.0
1776886639.6381028,3.0,7.0,-34.0
1776886639.6481028,4.0,4.0,-35.0
1776886639.6581028,0.0,3.0,-33.0
1776886639.6681027,-2.0,-1.0,-40.0
1776886639.6781027,-1.0,-4.0,-47.0
1776886639.6881027,3.0,-5.0,-47.0
1776886639.6981027,-2.0,-4.0,-49.0
1776886639.7081027,-4.0,-5.0,-44.0
1776886639.7181027,-1.0,-3.0,-43.0
1776886639.7281027,-2.0,-3.0,-40.0
1776886639.738103,2.0,-2.0,-35.0
1776886639.7491028,4.0,0.0,-39.0
1776886639.758103,6.0,-3.0,-43.0
1776886639.7681026,5.0,-4.0,-40.0
1776886639.7781026,6.0,-5.0,-44.0
1776886639.7881026,2.0,-3.0,-36.0
1776886639.7981029,2.0,-2.0,-35.0
1776886639.8081028,2.0,-5.0,-38.0
1776886639.8181028,0.0,-3.0,-31.0
1776886639.8281028,-2.0,-1.0,-34.0
1776886639.8381028,-4.0,-8.0,-40.0
1776886639.8481028,-3.0,-8.0,-39.0
1776886639.8581028,0.0,-5.0,-42.0
1776886639.8681028,-5.0,-5.0,-40.0
1776886639.8781028,-2.0,-7.0,-41.0
1776886639.8881028,0.0,-8.0,-44.0
1776886639.8981028,2.0,-9.0,-47.0
1776886639.9081028,-2.0,-5.0,-46.0
1776886639.9181027,0.0,-12.0,-46.0
1776886639.9281027,0.0,-7.0,-51.0
1776886639.9381027,0.0,-6.0,-48.0
1776886639.9481027,-4.0,-4.0,-43.0
1776886639.9581027,-9.0,-5.0,-43.0
1776886639.9681027,-7.0,-4.0,-39.0
1776886639.9781027,-1.0,-4.0,-34.0
1776886639.988103,2.0,-4.0,-31.0
1776886639.998103,0.0,-2.0,-30.0
1776886640.008103,-2.0,-2.0,-30.0
1776886640.0181026,4.0,-3.0,-25.0
1776886640.0281026,6.0,-4.0,-29.0
1776886640.0381026,6.0,-4.0,-34.0
1776886640.0481029,3.0,-2.0,-32.0
1776886640.0581028,1.0,-2.0,-34.0
1776886640.0681028,1.0,1.0,-30.0
1776886640.0781028,0.0,0.0,-30.0
1776886640.0881028,-2.0,1.0,-37.0
1776886640.0981028,-3.0,3.0,-38.0
1776886640.1081028,-2.0,2.0,-39.0
1776886640.1181028,2.0,3.0,-41.0
1776886640.1281028,0.0,1.0,-37.0
1776886640.1381028,1.0,1.0,-37.0
1776886640.1481028,2.0,0.0,-33.0
1776886640.1581028,0.0,-5.0,-35.0
1776886640.1681027,1.0,-5.0,-38.0
1776886640.1781027,1.0,-6.0,-33.0
1776886640.1881027,3.0,-4.0,-32.0
1776886640.1981027,5.0,-2.0,-35.0
1776886640.2081027,2.0,1.0,-35.0
1776886640.2181027,4.0,0.0,-35.0
1776886640.2281027,-1.0,5.0,-34.0
1776886640.238103,3.0,7.0,-35.0
1776886640.248103,5.0,12.0,-28.0
1776886640.258103,4.0,9.0,-33.0
1776886640.2681026,2.0,3.0,-33.0
1776886640.2781026,-1.0,2.0,-30.0
1776886640.2881026,-4.0,-1.0,-31.0
1776886640.2981029,-3.0,0.0,-30.0
1776886640.3081028,-2.0,-4.0,-35.0
1776886640.3181028,0.0,-1.0,-41.0
1776886640.3281028,2.0,0.0,-45.0
1776886640.3381028,1.0,0.0,-43.0
1776886640.3481028,1.0,0.0,-46.0
1776886640.3581028,0.0,-1.0,-50.0
1776886640.3681028,-2.0,-4.0,-57.0
1776886640.3781028,2.0,-5.0,-54.0
1776886640.3881028,3.0,-2.0,-49.0
1776886640.3981028,3.0,-1.0,-42.0
1776886640.4081028,-1.0,0.0,-40.0
1776886640.4181027,-1.0,-2.0,-42.0
1776886640.4281027,3.0,-1.0,-42.0
1776886640.4381027,1.0,-1.0,-42.0
1776886640.4481027,1.0,-2.0,-40.0
1776886640.4581027,3.0,0.0,-36.0
1776886640.4681027,2.0,-2.0,-32.0
1776886640.4781027,4.0,-3.0,-35.0
1776886640.488103,2.0,-3.0,-40.0
1776886640.498103,0.0,-3.0,-43.0
1776886640.508103,2.0,0.0,-43.0
1776886640.5181026,4.0,0.0,-45.0
1776886640.5281026,6.0,-1.0,-41.0
1776886640.5381026,7.0,-2.0,-44.0
1776886640.5481029,7.0,-1.0,-41.0
1776886640.5581028,3.0,0.0,-34.0
1776886640.5681028,1.0,-3.0,-36.0
1776886640.5781028,3.0,-2.0,-38.0
1776886640.5881028,6.0,0.0,-37.0
1776886640.5981028,2.0,0.0,-38.0
1776886640.6081028,1.0,1.0,-32.0
1776886640.6181028,0.0,0.0,-36.0
1776886640.6281028,1.0,5.0,-39.0
1776886640.6381028,-2.0,0.0,-37.0
1776886640.6481028,-6.0,-5.0,-40.0
1776886640.659103,-3.0,-6.0,-40.0
1776886640.6681027,0.0,-3.0,-41.0
1776886640.6781027,0.0,-1.0,-39.0
1776886640.6881027,0.0,0.0,-31.0
1776886640.6981027,1.0,1.0,-30.0
1776886640.7091026,-1.0,1.0,-30.0
1776886640.7191026,-2.0,0.0,-27.0
1776886640.7291028,-5.0,-2.0,-25.0
1776886640.7391028,-1.0,-6.0,-28.0
1776886640.748103,0.0,-4.0,-38.0
1776886640.7591028,-1.0,-4.0,-39.0
1776886640.7691028,-3.0,-2.0,-42.0
1776886640.7791028,0.0,0.0,-42.0
1776886640.7891028,0.0,-2.0,-35.0
1776886640.7991028,-2.0,-3.0,-34.0
1776886640.8091028,-2.0,-4.0,-33.0
1776886640.8191028,-3.0,-7.0,-36.0
1776886640.8291028,-1.0,-6.0,-42.0
1776886640.8391027,6.0,-3.0,-37.0
1776886640.8491027,5.0,-4.0,-37.0
1776886640.8591027,0.0,0.0,-39.0
1776886640.8691027,0.0,1.0,-37.0
1776886640.8791027,-9.0,2.0,-37.0
1776886640.8891027,-6.0,1.0,-37.0
1776886640.8991027,-4.0,0.0,-40.0
1776886640.909103,0.0,0.0,-38.0
1776886640.919103,2.0,-2.0,-37.0
1776886640.929103,5.0,-4.0,-46.0
1776886640.9391026,6.0,-4.0,-43.0
1776886640.9491026,5.0,0.0,-42.0
1776886640.9591026,0.0,-1.0,-47.0
1776886640.9691026,0.0,-2.0,-42.0
1776886640.9791028,3.0,1.0,-39.0
1776886640.9891028,1.0,1.0,-35.0
1776886640.9991028,1.0,0.0,-35.0
1776886641.0091028,2.0,0.0,-34.0
1776886641.0191028,7.0,1.0,-33.0
1776886641.0291028,4.0,2.0,-35.0
1776886641.0391028,5.0,0.0,-31.0
1776886641.0491028,6.0,1.0,-34.0
1776886641.0591028,7.0,2.0,-38.0
1776886641.0691028,5.0,3.0,-42.0
1776886641.0791028,4.0,3.0,-41.0
1776886641.0891027,0.0,0.0,-39.0
1776886641.0991027,1.0,0.0,-38.0
1776886641.1091027,2.0,-1.0,-37.0
1776886641.1191027,2.0,-2.0,-40.0
1776886641.1291027,0.0,0.0,-39.0
1776886641.1391027,-1.0,0.0,-42.0
1776886641.1491027,0.0,-2.0,-41.0
1776886641.159103,0.0,0.0,-37.0
1776886641.169103,1.0,-1.0,-32.0
1776886641.179103,0.0,3.0,-31.0
1776886641.1891026,0.0,-1.0,-41.0
1776886641.1991026,3.0,-3.0,-42.0
1776886641.2091026,0.0,-4.0,-42.0
1776886641.2191026,-3.0,-5.0,-43.0
1776886641.2291028,0.0,-5.0,-46.0
1776886641.2391028,0.0,-2.0,-39.0
1776886641.2491028,0.0,-1.0,-38.0
1776886641.2591028,2.0,-3.0,-35.0
1776886641.2691028,1.0,-5.0,-31.0
1776886641.2791028,4.0,-4.0,-29.0
1776886641.2891028,7.0,-4.0,-27.0
1776886641.2991028,8.0,-4.0,-32.0
1776886641.3091028,5.0,-1.0,-35.0
1776886641.3191028,5.0,-2.0,-36.0
1776886641.3291028,4.0,-6.0,-32.0
1776886641.3391027,7.0,-10.0,-29.0
1776886641.3491027,8.0,-10.0,-26.0
1776886641.3591027,3.0,-5.0,-35.0
1776886641.3691027,0.0,-1.0,-35.0
1776886641.3791027,0.0,0.0,-39.0
1776886641.3891027,0.0,0.0,-39.0
1776886641.3991027,-4.0,-1.0,-44.0
1776886641.409103,0.0,-4.0,-38.0
1776886641.419103,-2.0,-3.0,-38.0
1776886641.429103,-2.0,0.0,-42.0
1776886641.4391026,1.0,-4.0,-40.0
1776886641.4491026,4.0,-4.0,-41.0
1776886641.4591026,5.0,-2.0,-38.0
1776886641.4691026,2.0,-3.0,-34.0
1776886641.4791028,1.0,-2.0,-31.0
1776886641.4891028,-1.0,1.0,-41.0
1776886641.4991028,0.0,3.0,-47.0
1776886641.5091028,-1.0,5.0,-45.0
1776886641.5191028,-1.0,1.0,-42.0
1776886641.5291028,0.0,0.0,-45.0
1776886641.5391028,4.0,0.0,-44.0
1776886641.5491028,5.0,2.0,-46.0
1776886641.5591028,6.0,5.0,-46.0
1776886641.5691028,6.0,3.0,-40.0
1776886641.5791028,3.0,-2.0,-36.0
1776886641.5891027,1.0,-3.0,-32.0
1776886641.5991027,-1.0,-3.0,-28.0
1776886641.6091027,-1.0,-2.0,-34.0
1776886641.6191027,-2.0,0.0,-39.0
1776886641.6291027,-1.0,-1.0,-37.0
1776886641.6391027,-2.0,-1.0,-36.0
1776886641.6491027,-2.0,-7.0,-31.0
1776886641.659103,-2.0,-11.0,-35.0
1776886641.669103,-3.0,-8.0,-34.0
1776886641.679103,0.0,-6.0,-31.0
1776886641.6891026,-1.0,-7.0,-28.0
1776886641.6991026,-5.0,-4.0,-26.0
1776886641.7091026,-1.0,-10.0,-25.0
1776886641.7191026,-2.0,-10.0,-22.0
1776886641.7291028,0.0,-6.0,-27.0
1776886641.7391028,1.0,-4.0,-25.0
1776886641.7491028,0.0,-1.0,-28.0
1776886641.7591028,2.0,-3.0,-33.0
1776886641.7691028,0.0,-1.0,-35.0
1776886641.7791028,0.0,-1.0,-36.0
1776886641.7891028,-3.0,1.0,-36.0
1776886641.7991028,-3.0,5.0,-37.0
1776886641.8091028,-2.0,4.0,-39.0
1776886641.8191028,-2.0,1.0,-37.0
1776886641.8291028,0.0,2.0,-35.0
1776886641.8391027,-1.0,0.0,-37.0
1776886641.8491027,3.0,-3.0,-38.0
1776886641.8591027,2.0,-6.0,-33.0
1776886641.8691027,1.0,-6.0,-31.0
1776886641.8791027,0.0,-5.0,-34.0
1776886641.8891027,-2.0,-1.0,-40.0
1776886641.8991027,-1.0,-4.0,-37.0
1776886641.909103,0.0,-4.0,-38.0
1776886641.919103,2.0,-2.0,-36.0
1776886641.929103,0.0,-2.0,-38.0
1776886641.9391026,0.0,-1.0,-39.0
1776886641.9491026,0.0,-3.0,-38.0
1776886641.9591026,-4.0,-2.0,-40.0
1776886641.9691026,-1.0,-5.0,-40.0
1776886641.9791028,-2.0,-6.0,-40.0
1776886641.9891028,1.0,-8.0,-32.0
1776886641.9991028,0.0,-4.0,-25.0
1776886642.0091028,-1.0,-4.0,-25.0
1776886642.0191028,-4.0,0.0,-31.0
1776886642.0291028,-4.0,-2.0,-33.0
1776886642.0391028,-4.0,-3.0,-37.0
1776886642.0491028,0.0,-6.0,-38.0
1776886642.0591028,-1.0,-9.0,-41.0
1776886642.0691028,-5.0,-7.0,-38.0
1776886642.0791028,0.0,-3.0,-42.0
1776886642.0891027,4.0,-3.0,-43.0
1776886642.0991027,5.0,-4.0,-51.0
1776886642.1091027,6.0,-1.0,-47.0
1776886642.1191027,0.0,-4.0,-42.0
1776886642.1291027,-3.0,-2.0,-36.0
1776886642.1391027,-7.0,-1.0,-34.0
1776886642.1491027,-2.0,-4.0,-36.0
1776886642.159103,-3.0,-4.0,-33.0
1776886642.169103,-3.0,-4.0,-41.0
1776886642.179103,3.0,-1.0,-46.0
1776886642.1891026,0.0,2.0,-46.0
1776886642.1991026,0.0,0.0,-48.0
1776886642.2091026,-2.0,0.0,-50.0
1776886642.2191026,-6.0,-3.0,-50.0
1776886642.2291028,-8.0,-4.0,-44.0
1776886642.2391028,-7.0,-1.0,-48.0
1776886642.2491028,-3.0,1.0,-49.0
1776886642.2591028,2.0,0.0,-45.0
1776886642.2691028,6.0,3.0,-44.0
1776886642.2791028,4.0,0.0,-39.0
1776886642.2891028,3.0,0.0,-40.0
1776886642.2991028,1.0,2.0,-39.0
1776886642.3091028,0.0,1.0,-38.0
1776886642.3191028,0.0,-1.0,-33.0
1776886642.3291028,2.0,0.0,-33.0
1776886642.3391027,6.0,-2.0,-32.0
1776886642.3491027,7.0,-3.0,-29.0
1776886642.3591027,8.0,-3.0,-28.0
1776886642.3691027,7.0,-4.0,-20.0
1776886642.3791027,3.0,-3.0,-21.0
1776886642.3891027,0.0,-5.0,-25.0
1776886642.3991027,2.0,-2.0,-29.0
1776886642.409103,3.0,-1.0,-37.0
1776886642.419103,6.0,0.0,-40.0
1776886642.429103,9.0,5.0,-39.0
1776886642.4391026,8.0,0.0,-38.0
1776886642.4491026,2.0,3.0,-42.0
1776886642.4591026,0.0,0.0,-44.0
1776886642.4691026,-2.0,3.0,-39.0
1776886642.4791028,-8.0,1.0,-36.0
1776886642.4891028,-11.0,2.0,-37.0
1776886642.4991028,-6.0,0.0,-35.0
1776886642.5091028,-4.0,0.0,-30.0
1776886642.5191028,0.0,2.0,-32.0
1776886642.5291028,1.0,-2.0,-29.0
1776886642.5391028,0.0,0.0,-30.0
1776886642.5491028,-1.0,-3.0,-34.0
1776886642.5591028,0.0,0.0,-34.0
1776886642.5691028,1.0,0.0,-35.0
1776886642.5791028,5.0,0.0,-28.0
1776886642.5891027,7.0,-3.0,-27.0
1776886642.5991027,7.0,-7.0,-28.0
1776886642.6091027,6.0,-9.0,-22.0
1776886642.6191027,2.0,-9.0,-21.0
1776886642.6291027,2.0,-12.0,-26.0
1776886642.6391027,3.0,-7.0,-38.0
1776886642.6501029,-3.0,-6.0,-37.0
1776886642.659103,-4.0,-6.0,-44.0
1776886642.6701028,-1.0,-4.0,-45.0
1776886642.6801028,1.0,-4.0,-44.0
1776886642.6901028,0.0,-3.0,-41.0
1776886642.7001028,-1.0,-1.0,-44.0
1776886642.7101028,-2.0,2.0,-52.0
1776886642.7201028,-2.0,0.0,-51.0
1776886642.7301028,-2.0,3.0,-46.0
1776886642.7401028,0.0,0.0,-44.0
1776886642.7501028,-3.0,0.0,-45.0
1776886642.7601027,0.0,1.0,-45.0
1776886642.7701027,1.0,0.0,-48.0
1776886642.7801027,4.0,2.0,-51.0
1776886642.7901027,2.0,1.0,-45.0
1776886642.8001027,-2.0,3.0,-47.0
1776886642.8101027,-4.0,2.0,-47.0
1776886642.8201027,-2.0,1.0,-48.0
1776886642.8301027,-1.0,-3.0,-45.0
1776886642.840103,-2.0,-4.0,-45.0
1776886642.850103,-5.0,1.0,-42.0
1776886642.860103,-3.0,1.0,-38.0
1776886642.8701026,3.0,0.0,-32.0
1776886642.8801026,4.0,2.0,-35.0
1776886642.8901026,7.0,2.0,-34.0
1776886642.9001029,7.0,0.0,-36.0
1776886642.9101028,8.0,2.0,-35.0
1776886642.9201028,6.0,2.0,-34.0
1776886642.9301028,4.0,2.0,-34.0
1776886642.9401028,2.0,1.0,-36.0
1776886642.9501028,0.0,1.0,-32.0
1776886642.9601028,4.0,5.0,-29.0
1776886642.9701028,6.0,4.0,-26.0
1776886642.9801028,0.0,0.0,-25.0
1776886642.9901028,0.0,0.0,-19.0
1776886643.0001028,1.0,-1.0,-18.0
1776886643.0101027,0.0,-3.0,-19.0
1776886643.0201027,1.0,-5.0,-20.0
1776886643.0301027,-2.0,2.0,-26.0
1776886643.0401027,0.0,2.0,-28.0
1776886643.0501027,0.0,-2.0,-31.0
1776886643.0601027,-1.0,-3.0,-30.0
1776886643.0701027,0.0,1.0,-32.0
1776886643.0801027,1.0,2.0,-34.0
1776886643.090103,2.0,0.0,-36.0
1776886643.100103,-2.0,-3.0,-31.0
1776886643.110103,-4.0,-5.0,-34.0
1776886643.1201026,0.0,-2.0,-35.0
1776886643.1301026,0.0,-4.0,-34.0
1776886643.1401026,2.0,-5.0,-43.0
1776886643.1501029,4.0,-5.0,-46.0
1776886643.1601028,6.0,-6.0,-46.0
1776886643.1701028,13.0,-5.0,-44.0
1776886643.1801028,15.0,-6.0,-43.0
1776886643.1901028,9.0,-3.0,-39.0
1776886643.2001028,9.0,-5.0,-35.0
1776886643.2101028,5.0,-3.0,-37.0
1776886643.2201028,6.0,-6.0,-44.0
1776886643.2301028,2.0,-6.0,-40.0
1776886643.2401028,0.0,-8.0,-44.0
1776886643.2501028,1.0,-9.0,-49.0
1776886643.2601027,0.0,-5.0,-40.0
1776886643.2701027,0.0,-4.0,-40.0
1776886643.2801027,0.0,-5.0,-43.0
1776886643.2901027,5.0,-6.0,-40.0
1776886643.3001027,5.0,-6.0,-42.0
1776886643.3101027,0.0,-6.0,-40.0
1776886643.3201027,0.0,-2.0,-35.0
1776886643.3301027,2.0,0.0,-37.0
1776886643.340103,3.0,0.0,-34.0
1776886643.350103,2.0,0.0,-31.0
1776886643.360103,1.0,-1.0,-29.0
1776886643.3701026,4.0,3.0,-34.0
1776886643.3801026,2.0,0.0,-30.0
1776886643.3901026,-1.0,0.0,-37.0
1776886643.4001029,0.0,0.0,-39.0
1776886643.4101028,-2.0,-5.0,-35.0
1776886643.4201028,3.0,-5.0,-41.0
1776886643.4301028,2.0,-3.0,-36.0
1776886643.4401028,0.0,-5.0,-34.0
1776886643.4501028,4.0,-5.0,-39.0
1776886643.4601028,5.0,-3.0,-37.0
1776886643.4701028,4.0,-2.0,-36.0
1776886643.4801028,4.0,0.0,-37.0
1776886643.4901028,4.0,-2.0,-40.0
1776886643.5001028,1.0,-6.0,-40.0
1776886643.5101027,1.0,0.0,-43.0
1776886643.5201027,3.0,1.0,-44.0
1776886643.5301027,4.0,5.0,-40.0
1776886643.5401027,0.0,2.0,-44.0
1776886643.5501027,0.0,-1.0,-43.0
1776886643.5601027,0.0,-4.0,-43.0
1776886643.5701027,-3.0,-1.0,-42.0
1776886643.5801027,-1.0,1.0,-40.0
1776886643.590103,-1.0,-2.0,-43.0
1776886643.600103,1.0,0.0,-43.0
1776886643.610103,-1.0,1.0,-36.0
1776886643.6201026,-5.0,0.0,-35.0
1776886643.6301026,-7.0,4.0,-40.0
1776886643.6401026,-8.0,1.0,-47.0
1776886643.6501029,-8.0,5.0,-45.0
1776886643.6601028,-7.0,3.0,-38.0
1776886643.6701028,-7.0,9.0,-41.0
1776886643.6801028,-3.0,8.0,-46.0
1776886643.6901028,0.0,4.0,-46.0
1776886643.7001028,-2.0,4.0,-43.0
1776886643.7101028,3.0,0.0,-48.0
1776886643.7201028,3.0,3.0,-37.0
1776886643.7301028,3.0,3.0,-38.0
1776886643.7401028,3.0,5.0,-45.0
1776886643.7501028,2.0,9.0,-52.0
1776886643.7601027,0.0,10.0,-53.0
1776886643.7701027,-1.0,6.0,-48.0
1776886643.7801027,-1.0,4.0,-37.0
1776886643.7901027,-2.0,4.0,-37.0
1776886643.8001027,-5.0,10.0,-40.0
1776886643.8101027,1.0,9.0,-31.0
1776886643.8201027,5.0,6.0,-34.0
1776886643.8301027,6.0,6.0,-32.0
1776886643.840103,5.0,2.0,-36.0
1776886643.850103,4.0,2.0,-36.0
1776886643.860103,2.0,0.0,-37.0
1776886643.8701026,-3.0,-1.0,-48.0
1776886643.8801026,-3.0,-3.0,-46.0
1776886643.8901026,-2.0,0.0,-43.0
1776886643.9001029,1.0,0.0,-36.0
1776886643.9101028,3.0,0.0,-41.0
1776886643.9201028,2.0,0.0,-38.0
1776886643.9301028,0.0,-2.0,-39.0
1776886643.9401028,0.0,-2.0,-39.0
1776886643.9501028,3.0,-2.0,-37.0
1776886643.9601028,4.0,-2.0,-26.0
1776886643.9701028,3.0,-2.0,-28.0
1776886643.9801028,6.0,1.0,-25.0
1776886643.9901028,4.0,-2.0,-22.0
1776886644.0001028,4.0,2.0,-26.0
1776886644.0101027,1.0,5.0,-29.0
1776886644.0201027,4.0,4.0,-37.0
1776886644.0301027,1.0,2.0,-36.0
1776886644.0401027,-3.0,2.0,-38.0
1776886644.0501027,0.0,3.0,-34.0
1776886644.0601027,4.0,4.0,-34.0
1776886644.0701027,0.0,6.0,-32.0
1776886644.0801027,0.0,0.0,-27.0
1776886644.090103,4.0,-2.0,-32.0
1776886644.100103,3.0,0.0,-36.0
1776886644.110103,0.0,4.0,-37.0
1776886644.1201026,-1.0,-1.0,-32.0
1776886644.1301026,-3.0,-1.0,-36.0
1776886644.1401026,-2.0,0.0,-36.0
1776886644.1501029,4.0,0.0,-42.0
1776886644.1601028,3.0,-2.0,-46.0
1776886644.1701028,3.0,-2.0,-46.0
1776886644.1801028,0.0,-2.0,-43.0
1776886644.1901028,1.0,-1.0,-37.0
1776886644.2001028,3.0,1.0,-36.0
1776886644.2101028,5.0,-1.0,-34.0
1776886644.2201028,2.0,-5.0,-34.0
1776886644.2301028,4.0,-1.0,-36.0
1776886644.2401028,1.0,0.0,-37.0
1776886644.2501028,1.0,1.0,-39.0
1776886644.2601027,0.0,1.0,-37.0
1776886644.2701027,2.0,0.0,-35.0
1776886644.2801027,6.0,1.0,-35.0
1776886644.2901027,7.0,3.0,-36.0
1776886644.3001027,1.0,1.0,-40.0
1776886644.3101027,-2.0,0.0,-40.0
1776886644.3201027,-5.0,-1.0,-36.0
1776886644.3301027,-4.0,-1.0,-30.0
1776886644.340103,0.0,0.0,-29.0
1776886644.350103,-2.0,2.0,-29.0
1776886644.360103,0.0,1.0,-32.0
1776886644.3701026,-2.0,0.0,-27.0
1776886644.3801026,-2.0,5.0,-23.0
1776886644.3901026,0.0,5.0,-28.0
1776886644.4001029,0.0,1.0,-36.0
1776886644.4101028,1.0,2.0,-38.0
1776886644.4201028,0.0,0.0,-43.0
1776886644.4301028,-2.0,3.0,-39.0
1776886644.4401028,0.0,3.0,-40.0
1776886644.4501028,-1.0,2.0,-35.0
1776886644.4601028,-2.0,4.0,-38.0
1776886644.4701028,0.0,5.0,-45.0
1776886644.4801028,2.0,3.0,-43.0
1776886644.4901028,6.0,0.0,-42.0
1776886644.5001028,2.0,1.0,-37.0
1776886644.5101027,4.0,3.0,-41.0
1776886644.5201027,10.0,5.0,-40.0
1776886644.5301027,9.0,2.0,-40.0
1776886644.5401027,8.0,-2.0,-41.0
1776886644.5501027,3.0,-1.0,-34.0
1776886644.5601027,2.0,-2.0,-36.0
1776886644.5701027,1.0,1.0,-35.0
1776886644.5801027,-2.0,3.0,-33.0
1776886644.590103,-2.0,2.0,-29.0
1776886644.600103,0.0,7.0,-29.0
1776886644.610103,0.0,5.0,-36.0
1776886644.6201026,2.0,6.0,-40.0
1776886644.6301026,1.0,3.0,-43.0
1776886644.6411028,-1.0,2.0,-39.0
1776886644.6501029,-3.0,1.0,-35.0
1776886644.6611028,-5.0,3.0,-36.0
1776886644.6701028,-3.0,0.0,-30.0
1776886644.6811028,-2.0,3.0,-32.0
1776886644.6901028,-3.0,4.0,-29.0
1776886644.7011027,-6.0,1.0,-33.0
1776886644.7111027,-7.0,0.0,-37.0
1776886644.7211027,-8.0,2.0,-39.0
1776886644.7311027,-4.0,3.0,-45.0
1776886644.7411027,-2.0,0.0,-43.0
1776886644.7511027,3.0,0.0,-43.0
1776886644.761103,6.0,0.0,-40.0
1776886644.771103,4.0,0.0,-47.0
1776886644.781103,6.0,0.0,-50.0
1776886644.7911026,1.0,0.0,-44.0
1776886644.8011026,2.0,1.0,-38.0
1776886644.8111026,4.0,-2.0,-33.0
1776886644.8211029,3.0,1.0,-38.0
1776886644.8311028,2.0,2.0,-39.0
1776886644.8411028,1.0,4.0,-46.0
1776886644.8511028,-1.0,5.0,-46.0
1776886644.8611028,0.0,6.0,-48.0
1776886644.8711028,1.0,5.0,-42.0
1776886644.8811028,-1.0,3.0,-44.0
1776886644.8911028,-8.0,3.0,-44.0
1776886644.9011028,-9.0,6.0,-40.0
1776886644.9111028,-5.0,8.0,-30.0
1776886644.9211028,-4.0,10.0,-36.0
1776886644.9311028,-14.0,7.0,-44.0
1776886644.9411027,-17.0,6.0,-45.0
1776886644.9511027,-13.0,8.0,-45.0
1776886644.9611027,-5.0,5.0,-43.0
1776886644.9711027,-4.0,0.0,-43.0
1776886644.9811027,-1.0,0.0,-40.0
1776886644.9911027,1.0,-4.0,-38.0
1776886645.0011027,0.0,-6.0,-38.0
1776886645.011103,-1.0,-4.0,-37.0
1776886645.021103,1.0,-6.0,-41.0
1776886645.031103,5.0,-7.0,-44.0
1776886645.0411026,3.0,-3.0,-40.0
1776886645.0511026,-1.0,-2.0,-37.0
1776886645.0611026,-2.0,-3.0,-38.0
1776886645.0711029,-4.0,-5.0,-43.0
1776886645.0811028,-4.0,0.0,-43.0
1776886645.0911028,-4.0,2.0,-36.0
1776886645.1011028,-6.0,3.0,-36.0
1776886645.1111028,-8.0,2.0,-28.0
1776886645.1211028,-8.0,3.0,-34.0
1776886645.1311028,-10.0,2.0,-37.0
1776886645.1411028,-7.0,0.0,-36.0
1776886645.1511028,-6.0,-2.0,-43.0
1776886645.1611028,-1.0,-1.0,-48.0
1776886645.1711028,3.0,0.0,-38.0
1776886645.1811028,7.0,3.0,-38.0
1776886645.1911027,8.0,2.0,-43.0
1776886645.2011027,12.0,1.0,-47.0
1776886645.2111027,14.0,0.0,-45.0
1776886645.2211027,13.0,3.0,-42.0
1776886645.2311027,6.0,6.0,-41.0
1776886645.2411027,2.0,-2.0,-44.0
1776886645.2511027,5.0,0.0,-47.0
1776886645.261103,2.0,1.0,-43.0
1776886645.271103,1.0,0.0,-36.0
1776886645.281103,3.0,0.0,-27.0
1776886645.2911026,1.0,-4.0,-28.0
1776886645.3011026,3.0,-9.0,-23.0
1776886645.3111026,1.0,-5.0,-21.0
1776886645.3211029,-1.0,-4.0,-23.0
1776886645.3311028,-3.0,-1.0,-23.0
1776886645.3411028,0.0,-2.0,-26.0
1776886645.3511028,-1.0,-1.0,-30.0
1776886645.3611028,0.0,-1.0,-40.0
1776886645.3711028,-1.0,-4.0,-36.0
1776886645.3811028,0.0,-1.0,-32.0
1776886645.3911028,1.0,-5.0,-37.0
1776886645.4011028,1.0,-7.0,-37.0
1776886645.4111028,3.0,-2.0,-39.0
1776886645.4211028,3.0,0.0,-33.0
1776886645.4311028,5.0,3.0,-33.0
1776886645.4411027,11.0,0.0,-36.0
1776886645.4511027,7.0,0.0,-31.0
1776886645.4611027,2.0,5.0,-32.0
1776886645.4711027,0.0,2.0,-33.0
1776886645.4811027,3.0,4.0,-29.0
1776886645.4911027,10.0,0.0,-29.0
1776886645.5011027,7.0,0.0,-25.0
1776886645.511103,4.0,0.0,-25.0
1776886645.521103,-2.0,1.0,-23.0
1776886645.531103,-1.0,0.0,-26.0
1776886645.5411026,-3.0,0.0,-29.0
1776886645.5511026,0.0,-4.0,-32.0
1776886645.5611026,1.0,-2.0,-31.0
1776886645.5711029,3.0,-4.0,-32.0
1776886645.5811028,0.0,-1.0,-26.0
1776886645.5911028,-4.0,-1.0,-26.0
1776886645.6011028,-3.0,0.0,-31.0
1776886645.6111028,1.0,-3.0,-41.0
1776886645.6211028,2.0,-3.0,-37.0
1776886645.6311028,4.0,0.0,-43.0
1776886645.6411028,8.0,1.0,-42.0
1776886645.6511028,4.0,2.0,-40.0
1776886645.6611028,-1.0,1.0,-43.0
1776886645.6711028,-7.0,0.0,-44.0
1776886645.6811028,-5.0,1.0,-42.0
1776886645.6911027,-2.0,0.0,-47.0
1776886645.7011027,0.0,4.0,-46.0
1776886645.7111027,1.0,1.0,-45.0
1776886645.7211027,1.0,1.0,-42.0
1776886645.7311027,0.0,0.0,-37.0
1776886645.7411027,1.0,-1.0,-38.0
1776886645.7511027,6.0,-2.0,-35.0
1776886645.761103,5.0,0.0,-39.0
1776886645.771103,6.0,-1.0,-44.0
1776886645.781103,2.0,-3.0,-43.0
1776886645.7911026,-2.0,-1.0,-40.0
1776886645.8011026,0.0,0.0,-43.0
1776886645.8111026,1.0,0.0,-49.0
1776886645.8211029,2.0,-2.0,-45.0
1776886645.8311028,1.0,-2.0,-47.0
1776886645.8411028,5.0,-4.0,-44.0
1776886645.8511028,0.0,0.0,-40.0
1776886645.8611028,-1.0,0.0,-34.0
1776886645.8711028,4.0,0.0,-35.0
1776886645.8811028,9.0,-2.0,-38.0
1776886645.8911028,8.0,-1.0,-37.0
1776886645.9011028,4.0,5.0,-38.0
1776886645.9111028,0.0,9.0,-40.0
1776886645.9211028,3.0,12.0,-34.0
1776886645.9311028,0.0,7.0,-37.0
1776886645.9411027,3.0,4.0,-36.0
1776886645.9511027,7.0,1.0,-43.0
1776886645.9611027,6.0,0.0,-52.0
1776886645.9711027,6.0,0.0,-48.0
1776886645.9811027,8.0,-1.0,-48.0
1776886645.9911027,7.0,0.0,-47.0
1776886646.0011027,3.0,3.0,-55.0
1776886646.011103,1.0,1.0,-48.0
1776886646.021103,4.0,4.0,-40.0
1776886646.031103,0.0,-1.0,-41.0
1776886646.0411026,0.0,3.0,-37.0
1776886646.0511026,0.0,4.0,-39.0
1776886646.0611026,-3.0,7.0,-40.0
1776886646.0711029,-2.0,8.0,-43.0
1776886646.0811028,-4.0,8.0,-46.0
1776886646.0911028,-2.0,2.0,-41.0
1776886646.1011028,-1.0,2.0,-39.0
1776886646.1111028,0.0,3.0,-37.0
1776886646.1211028,0.0,0.0,-40.0
1776886646.1311028,-1.0,-2.0,-38.0
1776886646.1411028,-4.0,-2.0,-42.0
1776886646.1511028,0.0,-1.0,-46.0
1776886646.1611028,-1.0,-4.0,-49.0
1776886646.1711028,2.0,-3.0,-48.0
1776886646.1811028,-2.0,1.0,-47.0
1776886646.1911027,0.0,0.0,-44.0
1776886646.2011027,0.0,-3.0,-39.0
1776886646.2111027,1.0,-7.0,-38.0
1776886646.2211027,-3.0,-4.0,-43.0
1776886646.2311027,-5.0,-8.0,-46.0
1776886646.2411027,-4.0,-7.0,-44.0
1776886646.2511027,0.0,-2.0,-41.0
1776886646.261103,0.0,0.0,-42.0
1776886646.271103,-2.0,0.0,-36.0
1776886646.281103,-1.0,-1.0,-40.0
1776886646.2911026,2.0,-3.0,-36.0
1776886646.3011026,0.0,-2.0,-36.0
1776886646.3111026,-2.0,-1.0,-35.0
1776886646.3211029,-1.0,-4.0,-36.0
1776886646.3311028,1.0,-6.0,-39.0
1776886646.3411028,0.0,-4.0,-39.0
1776886646.3511028,4.0,-4.0,-40.0
1776886646.3611028,-2.0,0.0,-39.0
1776886646.3711028,2.0,0.0,-36.0
1776886646.3811028,1.0,0.0,-40.0
1776886646.3911028,2.0,0.0,-42.0
1776886646.4011028,5.0,-2.0,-41.0
1776886646.4111028,1.0,-5.0,-36.0
1776886646.4211028,-1.0,-2.0,-36.0
1776886646.4311028,-4.0,-1.0,-31.0
1776886646.4411027,-1.0,0.0,-30.0
1776886646.4511027,0.0,-1.0,-32.0
1776886646.4611027,2.0,-1.0,-34.0
1776886646.4711027,9.0,-2.0,-40.0
1776886646.4811027,6.0,-2.0,-47.0
1776886646.4911027,4.0,2.0,-50.0
1776886646.5011027,5.0,-2.0,-46.0
1776886646.511103,0.0,-3.0,-46.0
1776886646.521103,0.0,-6.0,-43.0
1776886646.531103,0.0,-7.0,-51.0
1776886646.5411026,0.0,-9.0,-51.0
1776886646.5511026,-4.0,-10.0,-43.0
1776886646.5611026,-5.0,-9.0,-37.0
1776886646.5711029,-3.0,-5.0,-35.0
1776886646.5811028,3.0,-1.0,-37.0
1776886646.5911028,2.0,-2.0,-39.0
1776886646.6011028,2.0,-4.0,-40.0
1776886646.6111028,5.0,-6.0,-38.0
1776886646.6211028,6.0,-4.0,-35.0
1776886646.6321027,2.0,-4.0,-35.0
1776886646.6411028,1.0,-7.0,-43.0
1776886646.6511028,-1.0,-7.0,-42.0
1776886646.6611028,1.0,-6.0,-39.0
1776886646.6721027,-2.0,-5.0,-44.0
1776886646.682103,-2.0,-3.0,-42.0
1776886646.692103,-4.0,-3.0,-34.0
1776886646.702103,-3.0,-2.0,-34.0
1776886646.712103,2.0,0.0,-35.0
1776886646.7221026,0.0,-2.0,-40.0
1776886646.7321026,0.0,-2.0,-47.0
1776886646.7421026,0.0,-5.0,-39.0
1776886646.7521029,4.0,-2.0,-39.0
1776886646.7621028,2.0,0.0,-35.0
1776886646.7721028,0.0,0.0,-41.0
1776886646.7821028,4.0,3.0,-44.0
1776886646.7921028,8.0,6.0,-41.0
1776886646.8021028,12.0,4.0,-36.0
1776886646.8121028,12.0,0.0,-38.0
1776886646.8221028,11.0,-1.0,-43.0
1776886646.8321028,7.0,-1.0,-46.0
1776886646.8421028,10.0,2.0,-43.0
1776886646.8521028,10.0,1.0,-42.0
1776886646.8621027,12.0,-3.0,-47.0
1776886646.8721027,5.0,-1.0,-48.0
1776886646.8821027,4.0,2.0,-52.0
1776886646.8921027,3.0,1.0,-43.0
1776886646.9021027,5.0,2.0,-35.0
1776886646.9121027,0.0,3.0,-36.0
1776886646.9221027,1.0,-1.0,-33.0
1776886646.932103,3.0,-5.0,-33.0
1776886646.942103,5.0,-7.0,-38.0
1776886646.952103,4.0,-7.0,-40.0
1776886646.962103,4.0,-8.0,-45.0
1776886646.9721026,5.0,-7.0,-48.0
1776886646.9821026,5.0,-7.0,-47.0
1776886646.9921026,5.0,-6.0,-41.0
1776886647.0021029,0.0,-3.0,-37.0
1776886647.0121028,3.0,1.0,-35.0
1776886647.0221028,2.0,1.0,-30.0
1776886647.0321028,0.0,2.0,-34.0
1776886647.0421028,5.0,1.0,-40.0
1776886647.0521028,5.0,0.0,-31.0
1776886647.0621028,7.0,-2.0,-34.0
1776886647.0721028,2.0,-7.0,-31.0
1776886647.0821028,2.0,-4.0,-30.0
1776886647.0921028,2.0,-5.0,-31.0
1776886647.1021028,1.0,-5.0,-34.0
1776886647.1121027,4.0,-6.0,-40.0
1776886647.1221027,5.0,-5.0,-40.0
1776886647.1321027,1.0,-4.0,-40.0
1776886647.1421027,1.0,-5.0,-36.0
1776886647.1521027,0.0,-1.0,-36.0
1776886647.1621027,1.0,-1.0,-35.0
1776886647.1721027,3.0,-4.0,-35.0
1776886647.182103,5.0,-6.0,-34.0
1776886647.192103,6.0,-1.0,-34.0
1776886647.202103,5.0,-1.0,-33.0
1776886647.212103,0.0,-2.0,-39.0
1776886647.2221026,0.0,-1.0,-40.0
1776886647.2321026,0.0,-2.0,-40.0
1776886647.2421026,-2.0,-2.0,-34.0
1776886647.2521029,-5.0,0.0,-31.0
1776886647.2621028,-4.0,0.0,-36.0
1776886647.2721028,-6.0,-3.0,-32.0
1776886647.2821028,-6.0,-2.0,-32.0
1776886647.2921028,-3.0,-6.0,-35.0
1776886647.3021028,-3.0,-6.0,-34.0
1776886647.3121028,3.0,-7.0,-37.0
1776886647.3221028,-1.0,-3.0,-37.0
1776886647.3321028,0.0,1.0,-34.0
1776886647.3421028,0.0,-1.0,-37.0
1776886647.3521028,1.0,0.0,-38.0
1776886647.3621027,1.0,-1.0,-41.0
1776886647.3721027,1.0,0.0,-36.0
1776886647.3821027,7.0,-1.0,-35.0
1776886647.3921027,6.0,-2.0,-38.0
1776886647.4021027,3.0,0.0,-33.0
1776886647.4121027,4.0,0.0,-35.0
1776886647.4221027,9.0,0.0,-39.0
1776886647.432103,7.0,-2.0,-46.0
1776886647.442103,3.0,-2.0,-48.0
1776886647.452103,5.0,0.0,-45.0
1776886647.462103,-1.0,0.0,-41.0
1776886647.4721026,-1.0,-4.0,-37.0
1776886647.4821026,-2.0,-2.0,-33.0
1776886647.4921026,2.0,0.0,-32.0
1776886647.5021029,-2.0,0.0,-28.0
1776886647.5121028,1.0,0.0,-35.0
1776886647.5221028,-1.0,0.0,-32.0
1776886647.5321028,-7.0,-2.0,-37.0
1776886647.5421028,-2.0,-1.0,-35.0
1776886647.5521028,-6.0,-6.0,-38.0
1776886647.5621028,-1.0,-5.0,-30.0
1776886647.5721028,-3.0,-1.0,-34.0
1776886647.5821028,-3.0,-5.0,-36.0
1776886647.5921028,-2.0,-1.0,-35.0
1776886647.6021028,-1.0,1.0,-40.0
1776886647.6121027,-2.0,-2.0,-44.0
1776886647.6221027,0.0,-1.0,-42.0
1776886647.6321027,2.0,0.0,-46.0
1776886647.6421027,2.0,-5.0,-39.0
1776886647.6521027,0.0,3.0,-36.0
1776886647.6621027,-6.0,-1.0,-33.0
1776886647.6721027,-9.0,0.0,-31.0
1776886647.682103,-6.0,-1.0,-36.0
1776886647.692103,-1.0,0.0,-36.0
1776886647.702103,1.0,0.0,-39.0
1776886647.712103,-1.0,3.0,-35.0
1776886647.7221026,0.0,3.0,-36.0
1776886647.7321026,-3.0,-1.0,-39.0
1776886647.7421026,0.0,-2.0,-37.0
1776886647.7521029,1.0,0.0,-35.0
1776886647.7621028,2.0,0.0,-36.0
1776886647.7721028,2.0,-1.0,-42.0
1776886647.7821028,3.0,-3.0,-47.0
1776886647.7921028,3.0,-5.0,-51.0
1776886647.8021028,1.0,-5.0,-51.0
1776886647.8121028,0.0,-8.0,-55.0
1776886647.8221028,0.0,-7.0,-54.0
1776886647.8321028,-3.0,-7.0,-48.0
1776886647.8421028,0.0,-6.0,-39.0
1776886647.8521028,1.0,-3.0,-36.0
1776886647.8621027,1.0,-6.0,-39.0
1776886647.8721027,5.0,-1.0,-38.0
1776886647.8821027,6.0,-4.0,-38.0
1776886647.8921027,3.0,-2.0,-34.0
1776886647.9021027,1.0,0.0,-36.0
1776886647.9121027,0.0,-3.0,-39.0
1776886647.9221027,1.0,-3.0,-40.0
1776886647.932103,2.0,-1.0,-42.0
1776886647.942103,2.0,1.0,-47.0
1776886647.952103,2.0,0.0,-44.0
1776886647.962103,-3.0,-2.0,-44.0
1776886647.9721026,-1.0,-5.0,-42.0
1776886647.9821026,2.0,-2.0,-42.0
1776886647.9921026,2.0,-2.0,-44.0
1776886648.0021029,1.0,-3.0,-46.0
1776886648.0121028,0.0,-2.0,-46.0
1776886648.0221028,-1.0,-1.0,-42.0
1776886648.0321028,-6.0,-1.0,-40.0
1776886648.0421028,0.0,0.0,-28.0
1776886648.0521028,3.0,2.0,-24.0
1776886648.0621028,8.0,6.0,-26.0
1776886648.0721028,11.0,7.0,-29.0
1776886648.0821028,10.0,3.0,-29.0
1776886648.0921028,11.0,-3.0,-27.0
1776886648.1021028,13.0,-1.0,-28.0
1776886648.1121027,9.0,1.0,-29.0
1776886648.1221027,2.0,0.0,-32.0
1776886648.1321027,-1.0,-2.0,-37.0
1776886648.1421027,-1.0,-5.0,-38.0
1776886648.1521027,-1.0,-4.0,-45.0
1776886648.1621027,-5.0,0.0,-49.0
1776886648.1721027,-3.0,-1.0,-46.0
1776886648.182103,-1.0,-2.0,-44.0
1776886648.192103,0.0,-3.0,-45.0
1776886648.202103,2.0,-8.0,-41.0
1776886648.212103,0.0,-9.0,-40.0
1776886648.2221026,-2.0,-5.0,-47.0
1776886648.2321026,0.0,-6.0,-47.0
1776886648.2421026,4.0,-5.0,-47.0
1776886648.2521029,6.0,-3.0,-43.0
1776886648.2621028,10.0,-5.0,-41.0
1776886648.2721028,7.0,0.0,-37.0
1776886648.2821028,5.0,-3.0,-33.0
1776886648.2921028,1.0,-6.0,-31.0
1776886648.3021028,2.0,-4.0,-33.0
1776886648.3121028,5.0,-3.0,-37.0
1776886648.3221028,8.0,-2.0,-43.0
1776886648.3321028,7.0,0.0,-37.0
1776886648.3421028,7.0,-3.0,-32.0
1776886648.3521028,9.0,-2.0,-26.0
1776886648.3621027,7.0,0.0,-30.0
1776886648.3721027,3.0,1.0,-38.0
1776886648.3821027,3.0,0.0,-45.0
1776886648.3921027,1.0,0.0,-40.0
1776886648.4021027,-2.0,0.0,-43.0
1776886648.4121027,0.0,2.0,-48.0
1776886648.4221027,2.0,2.0,-48.0
1776886648.432103,2.0,0.0,-48.0
1776886648.442103,0.0,0.0,-45.0
1776886648.452103,-2.0,1.0,-45.0
1776886648.462103,-1.0,3.0,-40.0
1776886648.4721026,-1.0,0.0,-43.0
1776886648.4821026,-4.0,-1.0,-38.0
1776886648.4921026,0.0,-1.0,-38.0
1776886648.5021029,0.0,0.0,-40.0
1776886648.5121028,2.0,0.0,-43.0
1776886648.5221028,1.0,1.0,-47.0
1776886648.5321028,4.0,1.0,-48.0
1776886648.5421028,6.0,1.0,-38.0
1776886648.5521028,6.0,2.0,-35.0
1776886648.5621028,6.0,0.0,-39.0
1776886648.5721028,3.0,0.0,-47.0
1776886648.5821028,0.0,-4.0,-50.0
1776886648.5921028,-1.0,-6.0,-41.0
1776886648.6021028,0.0,-8.0,-42.0
1776886648.6121027,0.0,-11.0,-46.0
1776886648.6221027,-3.0,-12.0,-48.0
1776886648.6321027,-4.0,-9.0,-46.0
1776886648.6421027,-4.0,-12.0,-46.0
1776886648.6521027,-5.0,-9.0,-45.0
1776886648.6621027,-5.0,-7.0,-48.0
1776886648.6731029,0.0,-4.0,-48.0
1776886648.6831028,2.0,-3.0,-49.0
1776886648.692103,1.0,-2.0,-44.0
1776886648.7031028,4.0,0.0,-39.0
1776886648.7131028,0.0,0.0,-44.0
1776886648.7231028,-2.0,-3.0,-47.0
1776886648.7331028,-4.0,-7.0,-40.0
1776886648.7431028,-3.0,-6.0,-32.0
1776886648.7531028,-2.0,-1.0,-28.0
1776886648.7631028,-3.0,-1.0,-26.0
1776886648.7731028,-2.0,-3.0,-27.0
1776886648.7831028,0.0,-2.0,-32.0
1776886648.7931027,2.0,0.0,-32.0
1776886648.8031027,3.0,0.0,-31.0
1776886648.8131027,-1.0,-1.0,-33.0
1776886648.8231027,-3.0,0.0,-38.0
1776886648.8331027,0.0,-2.0,-45.0
1776886648.8431027,3.0,1.0,-39.0
1776886648.8531027,2.0,-2.0,-42.0
1776886648.863103,4.0,-4.0,-45.0
1776886648.873103,3.0,-2.0,-46.0
1776886648.883103,6.0,-4.0,-39.0
1776886648.8931026,0.0,1.0,-32.0
1776886648.9031026,0.0,3.0,-34.0
1776886648.9131026,1.0,1.0,-42.0
1776886648.9231029,1.0,0.0,-42.0
1776886648.9331028,4.0,-2.0,-43.0
1776886648.9431028,6.0,2.0,-48.0
1776886648.9531028,5.0,2.0,-47.0
1776886648.9631028,0.0,4.0,-48.0
1776886648.9731028,0.0,1.0,-45.0
1776886648.9831028,0.0,-1.0,-52.0
1776886648.9931028,4.0,-1.0,-43.0
1776886649.0031028,0.0,0.0,-39.0
1776886649.0131028,-1.0,0.0,-35.0
1776886649.0231028,0.0,0.0,-37.0
1776886649.0331028,1.0,0.0,-42.0
1776886649.0431027,-3.0,-1.0,-33.0
1776886649.0531027,-2.0,1.0,-41.0
1776886649.0631027,-4.0,-1.0,-37.0
1776886649.0731027,-7.0,-4.0,-32.0
1776886649.0831027,-5.0,-2.0,-30.0
1776886649.0931027,-2.0,0.0,-23.0
1776886649.1031027,-5.0,1.0,-22.0
1776886649.113103,-5.0,0.0,-29.0
1776886649.123103,-7.0,0.0,-32.0
1776886649.133103,0.0,2.0,-33.0
1776886649.1431026,3.0,10.0,-39.0
1776886649.1531026,3.0,8.0,-39.0
1776886649.1631026,6.0,5.0,-38.0
1776886649.1731029,4.0,3.0,-38.0
1776886649.1831028,3.0,1.0,-37.0
1776886649.1931028,7.0,-2.0,-35.0
1776886649.2031028,5.0,-2.0,-31.0
1776886649.2131028,0.0,-2.0,-30.0
1776886649.2231028,-2.0,1.0,-30.0
1776886649.2331028,0.0,3.0,-21.0
1776886649.2431028,0.0,0.0,-25.0
1776886649.2531028,2.0,-3.0,-29.0
1776886649.2631028,2.0,2.0,-28.0
1776886649.2731028,0.0,2.0,-24.0
1776886649.2831028,0.0,-1.0,-31.0
1776886649.2931027,0.0,-3.0,-32.0
1776886649.3031027,-2.0,-4.0,-37.0
1776886649.3131027,0.0,-1.0,-35.0
1776886649.3231027,-1.0,-3.0,-32.0
1776886649.3331027,3.0,-5.0,-32.0
1776886649.3431027,2.0,-4.0,-34.0
1776886649.3531027,0.0,-2.0,-30.0
1776886649.363103,1.0,-1.0,-29.0
1776886649.373103,3.0,-5.0,-25.0
1776886649.383103,3.0,-2.0,-20.0
1776886649.3931026,6.0,-2.0,-21.0
1776886649.4031026,10.0,0.0,-19.0
1776886649.4131026,7.0,-1.0,-29.0
1776886649.4231029,8.0,-1.0,-34.0
1776886649.4331028,9.0,-1.0,-34.0
1776886649.4431028,7.0,-2.0,-37.0
1776886649.4531028,-2.0,-1.0,-38.0
1776886649.4631028,-1.0,-3.0,-40.0
1776886649.4731028,-2.0,-3.0,-42.0
1776886649.4831028,0.0,-2.0,-37.0
1776886649.4931028,-2.0,-4.0,-38.0
1776886649.5031028,0.0,-4.0,-45.0
1776886649.5131028,1.0,-5.0,-41.0
1776886649.5231028,0.0,-6.0,-45.0
1776886649.5331028,3.0,-5.0,-48.0
1776886649.5431027,2.0,-6.0,-38.0
1776886649.5531027,3.0,-6.0,-45.0
1776886649.5631027,2.0,-4.0,-46.0
1776886649.5731027,4.0,-1.0,-44.0
1776886649.5831027,6.0,2.0,-46.0
1776886649.5931027,5.0,5.0,-37.0
1776886649.6031027,1.0,6.0,-42.0
1776886649.613103,4.0,2.0,-52.0
1776886649.623103,1.0,0.0,-51.0
1776886649.633103,2.0,-4.0,-48.0
1776886649.6431026,0.0,-2.0,-44.0
1776886649.6531026,5.0,-4.0,-47.0
1776886649.6631026,5.0,0.0,-45.0
1776886649.6731029,7.0,0.0,-50.0
1776886649.6831028,10.0,-1.0,-47.0
1776886649.6931028,6.0,1.0,-39.0
1776886649.7031028,5.0,1.0,-37.0
1776886649.7131028,4.0,2.0,-32.0
1776886649.7231028,-1.0,1.0,-30.0
1776886649.7331028,-4.0,0.0,-32.0
1776886649.7431028,-3.0,0.0,-32.0
1776886649.7531028,-3.0,0.0,-28.0
1776886649.7631028,1.0,-1.0,-31.0
1776886649.7731028,0.0,-4.0,-35.0
1776886649.7831028,2.0,-3.0,-39.0
1776886649.7931027,2.0,0.0,-40.0
1776886649.8031027,1.0,-1.0,-39.0
1776886649.8131027,5.0,-3.0,-35.0
1776886649.8231027,5.0,0.0,-31.0
1776886649.8331027,4.0,2.0,-30.0
1776886649.8431027,0.0,3.0,-31.0
1776886649.8531027,3.0,2.0,-33.0
1776886649.863103,5.0,0.0,-30.0
1776886649.873103,8.0,0.0,-37.0
1776886649.883103,8.0,0.0,-32.0
1776886649.8931026,8.0,-6.0,-33.0
1776886649.9031026,6.0,-6.0,-32.0
1776886649.9131026,1.0,-6.0,-33.0
1776886649.9231029,0.0,-5.0,-36.0
1776886649.9331028,1.0,-5.0,-44.0
1776886649.9431028,0.0,-6.0,-43.0
1776886649.9531028,-3.0,-6.0,-44.0
1776886649.9631028,0.0,-11.0,-34.0
1776886649.9731028,0.0,-12.0,-38.0
1776886649.9831028,-1.0,-12.0,-48.0
1776886649.9931028,-3.0,-9.0,-46.0
1776886650.0031028,-7.0,-8.0,-43.0
1776886650.0131028,-8.0,-5.0,-45.0
1776886650.0231028,-3.0,-7.0,-44.0
1776886650.0331028,-5.0,-5.0,-43.0
1776886650.0431027,-6.0,-4.0,-46.0
1776886650.0531027,-4.0,-6.0,-46.0
1776886650.0631027,0.0,-9.0,-47.0
1776886650.0731027,-1.0,-5.0,-41.0
1776886650.0831027,2.0,-7.0,-36.0
1776886650.0931027,4.0,-4.0,-35.0
1776886650.1031027,0.0,-3.0,-38.0
1776886650.113103,-1.0,-3.0,-40.0
1776886650.123103,0.0,-3.0,-42.0
1776886650.133103,4.0,-4.0,-38.0
1776886650.1431026,5.0,-5.0,-40.0
1776886650.1531026,4.0,-7.0,-35.0
1776886650.1631026,8.0,-4.0,-35.0
1776886650.1731029,4.0,-6.0,-37.0
1776886650.1831028,3.0,-4.0,-43.0
1776886650.1931028,7.0,0.0,-39.0
1776886650.2031028,5.0,0.0,-42.0
1776886650.2131028,3.0,4.0,-45.0
1776886650.2231028,3.0,0.0,-51.0
1776886650.2331028,3.0,3.0,-46.0
1776886650.2431028,-1.0,7.0,-48.0
1776886650.2531028,0.0,0.0,-42.0
1776886650.2631028,3.0,1.0,-42.0
1776886650.2731028,4.0,3.0,-35.0
1776886650.2831028,8.0,2.0,-38.0
1776886650.2931027,5.0,-1.0,-41.0
1776886650.3031027,2.0,-7.0,-39.0
1776886650.3131027,1.0,-7.0,-38.0
1776886650.3231027,3.0,-8.0,-38.0
1776886650.3331027,6.0,-8.0,-36.0
1776886650.3431027,4.0,-6.0,-31.0
1776886650.3531027,1.0,-6.0,-31.0
1776886650.363103,1.0,-5.0,-36.0
1776886650.373103,2.0,-4.0,-37.0
1776886650.383103,0.0,-6.0,-42.0
1776886650.3931026,-1.0,-1.0,-39.0
1776886650.4031026,-3.0,0.0,-44.0
1776886650.4131026,-4.0,0.0,-43.0
1776886650.4231029,-6.0,-1.0,-44.0
1776886650.4331028,-6.0,-2.0,-46.0
1776886650.4431028,-5.0,-5.0,-46.0
1776886650.4531028,2.0,-6.0,-40.0
1776886650.4631028,7.0,-3.0,-41.0
1776886650.4731028,8.0,-3.0,-42.0
1776886650.4831028,7.0,-2.0,-44.0
1776886650.4931028,9.0,-4.0,-37.0
1776886650.5031028,8.0,0.0,-38.0
1776886650.5131028,10.0,-2.0,-40.0
1776886650.5231028,8.0,-3.0,-42.0
1776886650.5331028,6.0,-1.0,-47.0
1776886650.5431027,5.0,-1.0,-46.0
1776886650.5531027,6.0,-4.0,-45.0
1776886650.5631027,1.0,-3.0,-42.0
1776886650.5731027,0.0,-8.0,-42.0
1776886650.5831027,6.0,-7.0,-40.0
1776886650.5931027,6.0,-4.0,-45.0
1776886650.6031027,3.0,-4.0,-38.0
1776886650.613103,0.0,-3.0,-33.0
1776886650.623103,3.0,-5.0,-40.0
1776886650.633103,6.0,-4.0,-47.0
1776886650.6431026,2.0,-2.0,-45.0
1776886650.6531026,0.0,-4.0,-45.0
1776886650.6641028,1.0,-6.0,-42.0
1776886650.6731029,2.0,-4.0,-43.0
1776886650.6841028,2.0,-2.0,-44.0
1776886650.6941028,6.0,2.0,-44.0
1776886650.7041028,3.0,4.0,-44.0
1776886650.7141027,4.0,3.0,-37.0
1776886650.7241027,4.0,3.0,-32.0
1776886650.7341027,8.0,0.0,-27.0
1776886650.7441027,10.0,0.0,-34.0
1776886650.7541027,12.0,2.0,-35.0
1776886650.7641027,11.0,0.0,-35.0
1776886650.7741027,11.0,-1.0,-35.0
1776886650.784103,10.0,-1.0,-32.0
1776886650.794103,10.0,1.0,-32.0
1776886650.804103,11.0,-3.0,-30.0
1776886650.8141026,7.0,-3.0,-34.0
1776886650.8241026,5.0,-7.0,-39.0
1776886650.8341026,5.0,-11.0,-51.0
1776886650.8441026,6.0,-7.0,-44.0
1776886650.8541028,3.0,-5.0,-47.0
1776886650.8641028,1.0,-1.0,-43.0
1776886650.8741028,-1.0,-3.0,-37.0
1776886650.8841028,2.0,-5.0,-32.0
1776886650.8941028,5.0,-4.0,-34.0
1776886650.9041028,7.0,-1.0,-33.0
1776886650.9141028,3.0,0.0,-31.0
1776886650.9241028,2.0,2.0,-32.0
1776886650.9341028,-3.0,0.0,-28.0
1776886650.9441028,-5.0,-2.0,-25.0
1776886650.9541028,-2.0,0.0,-28.0
1776886650.9641027,-4.0,1.0,-31.0
1776886650.9741027,-4.0,-2.0,-31.0
1776886650.9841027,0.0,1.0,-34.0
1776886650.9941027,0.0,1.0,-40.0
1776886651.0041027,0.0,2.0,-40.0
1776886651.0141027,3.0,0.0,-44.0
1776886651.0241027,4.0,-5.0,-47.0
1776886651.034103,7.0,-5.0,-50.0
1776886651.044103,9.0,-6.0,-47.0
1776886651.054103,5.0,-6.0,-47.0
1776886651.0641026,3.0,-1.0,-40.0
1776886651.0741026,5.0,-1.0,-40.0
1776886651.0841026,1.0,1.0,-47.0
1776886651.0941026,-3.0,0.0,-44.0
1776886651.1041028,-2.0,3.0,-41.0
1776886651.1141028,0.0,0.0,-40.0
1776886651.1241028,0.0,-4.0,-48.0
1776886651.1341028,3.0,-4.0,-48.0
1776886651.1441028,3.0,-1.0,-42.0
1776886651.1541028,2.0,0.0,-40.0
1776886651.1641028,2.0,-3.0,-33.0
1776886651.1741028,1.0,-3.0,-30.0
1776886651.1841028,-2.0,-4.0,-29.0
1776886651.1941028,1.0,0.0,-33.0
1776886651.2041028,1.0,-2.0,-36.0
1776886651.2141027,1.0,-4.0,-36.0
1776886651.2241027,0.0,-5.0,-28.0
1776886651.2341027,1.0,-2.0,-32.0
1776886651.2441027,-1.0,-5.0,-34.0
1776886651.2541027,-1.0,-5.0,-43.0
1776886651.2641027,-2.0,1.0,-49.0
1776886651.2741027,-3.0,2.0,-47.0
1776886651.284103,-2.0,4.0,-45.0
1776886651.294103,-3.0,5.0,-40.0
1776886651.304103,-2.0,5.0,-32.0
1776886651.3141026,-6.0,4.0,-26.0
1776886651.3241026,-6.0,2.0,-29.0
1776886651.3341026,-1.0,1.0,-28.0
1776886651.3441026,-2.0,2.0,-32.0
1776886651.3541028,0.0,3.0,-31.0
1776886651.3641028,-1.0,1.0,-38.0
1776886651.3741028,0.0,2.0,-35.0
1776886651.3841028,0.0,6.0,-38.0
1776886651.3941028,0.0,7.0,-42.0
1776886651.4041028,-1.0,1.0,-39.0
1776886651.4141028,2.0,-2.0,-38.0
1776886651.4241028,0.0,3.0,-41.0
1776886651.4341028,3.0,3.0,-35.0
1776886651.4441028,2.0,0.0,-37.0
1776886651.4541028,-1.0,-1.0,-34.0
1776886651.4641027,-4.0,3.0,-33.0
1776886651.4741027,1.0,0.0,-35.0
1776886651.4841027,4.0,-1.0,-39.0
1776886651.4941027,2.0,-1.0,-37.0
1776886651.5041027,3.0,-4.0,-39.0
1776886651.5141027,6.0,-6.0,-38.0
1776886651.5241027,2.0,-8.0,-34.0
1776886651.534103,2.0,-6.0,-33.0
1776886651.544103,2.0,-8.0,-34.0
1776886651.554103,4.0,-6.0,-44.0
1776886651.5641026,6.0,-6.0,-38.0
1776886651.5741026,5.0,-6.0,-34.0
1776886651.5841026,3.0,-5.0,-29.0
1776886651.5941026,2.0,-10.0,-24.0
1776886651.6041028,-2.0,-1.0,-23.0
1776886651.6141028,-2.0,0.0,-23.0
1776886651.6241028,0.0,0.0,-30.0
1776886651.6341028,1.0,0.0,-31.0
1776886651.6441028,1.0,0.0,-31.0
1776886651.6541028,0.0,-1.0,-27.0
1776886651.6641028,5.0,-1.0,-30.0
1776886651.6741028,1.0,0.0,-35.0
1776886651.6841028,2.0,-4.0,-35.0
1776886651.6941028,0.0,-5.0,-29.0
1776886651.7041028,1.0,-5.0,-28.0
1776886651.7141027,6.0,-3.0,-31.0
1776886651.7241027,5.0,-3.0,-33.0
1776886651.7341027,3.0,-5.0,-37.0
1776886651.7441027,-1.0,-4.0,-40.0
1776886651.7541027,3.0,-3.0,-42.0
1776886651.7641027,4.0,-5.0,-42.0
1776886651.7741027,6.0,-2.0,-46.0
1776886651.784103,6.0,0.0,-53.0
1776886651.794103,5.0,1.0,-51.0
1776886651.804103,2.0,2.0,-50.0
1776886651.8141026,0.0,0.0,-46.0
1776886651.8241026,0.0,0.0,-47.0
1776886651.8341026,0.0,0.0,-48.0
1776886651.8441026,0.0,0.0,-44.0
1776886651.8541028,-2.0,1.0,-37.0
1776886651.8641028,1.0,2.0,-36.0
1776886651.8741028,3.0,-1.0,-44.0
1776886651.8841028,-4.0,-1.0,-47.0
1776886651.8941028,-3.0,2.0,-52.0
1776886651.9041028,-3.0,3.0,-45.0
1776886651.9141028,-3.0,0.0,-40.0
1776886651.9241028,-1.0,0.0,-40.0
1776886651.9351027,-2.0,-5.0,-43.0
1776886651.9441028,-6.0,-4.0,-45.0
1776886651.9541028,0.0,-3.0,-47.0
1776886651.9641027,2.0,0.0,-47.0
1776886651.9741027,1.0,1.0,-50.0
1776886651.9841027,6.0,0.0,-49.0
1776886651.9941027,4.0,-1.0,-49.0
1776886652.0041027,0.0,-3.0,-40.0
1776886652.0141027,0.0,-1.0,-34.0
1776886652.0241027,0.0,-3.0,-28.0
1776886652.034103,0.0,-2.0,-30.0
1776886652.044103,3.0,0.0,-37.0
1776886652.054103,6.0,5.0,-37.0
1776886652.0641026,4.0,4.0,-33.0
1776886652.0741026,0.0,0.0,-40.0
1776886652.0841026,-4.0,0.0,-42.0
1776886652.0941026,-7.0,-5.0,-34.0
1776886652.1041028,-6.0,-4.0,-36.0
1776886652.1141028,-7.0,-5.0,-32.0
1776886652.1241028,-3.0,-2.0,-33.0
1776886652.1341028,-3.0,0.0,-32.0
1776886652.1441028,-4.0,3.0,-39.0
1776886652.1541028,-2.0,0.0,-38.0
1776886652.1641028,-2.0,0.0,-31.0
1776886652.1741028,-1.0,0.0,-35.0
1776886652.1841028,2.0,-2.0,-33.0
1776886652.1941028,5.0,-2.0,-39.0
1776886652.2041028,3.0,1.0,-37.0
1776886652.2141027,3.0,5.0,-38.0
1776886652.2241027,4.0,9.0,-34.0
1776886652.2341027,2.0,7.0,-36.0
1776886652.2441027,2.0,5.0,-36.0
1776886652.2541027,-1.0,4.0,-36.0
1776886652.2641027,0.0,6.0,-34.0
1776886652.2741027,0.0,2.0,-40.0
1776886652.284103,-2.0,3.0,-45.0
1776886652.294103,-2.0,5.0,-46.0
1776886652.304103,-9.0,4.0,-42.0
1776886652.3141026,-11.0,3.0,-42.0
1776886652.3241026,-7.0,-1.0,-41.0
1776886652.3341026,-5.0,-1.0,-36.0
1776886652.3441026,-4.0,-1.0,-40.0
1776886652.3541028,-4.0,1.0,-39.0
1776886652.3641028,-1.0,0.0,-32.0
1776886652.3741028,-6.0,-1.0,-35.0
1776886652.3841028,-6.0,-3.0,-40.0
1776886652.3941028,-10.0,0.0,-36.0
1776886652.4041028,-10.0,0.0,-35.0
1776886652.4141028,-4.0,1.0,-42.0
1776886652.4241028,1.0,3.0,-46.0
1776886652.4341028,-2.0,1.0,-42.0
1776886652.4441028,-2.0,2.0,-41.0
1776886652.4541028,-1.0,1.0,-44.0
1776886652.4641027,-6.0,0.0,-42.0
1776886652.4741027,-4.0,-3.0,-45.0
1776886652.4841027,-5.0,-7.0,-47.0
1776886652.4941027,-7.0,-6.0,-46.0
1776886652.5041027,-5.0,-3.0,-41.0
1776886652.5141027,-7.0,-7.0,-43.0
1776886652.5241027,-1.0,-7.0,-41.0
1776886652.534103,2.0,-6.0,-44.0
1776886652.544103,-2.0,-2.0,-42.0
1776886652.554103,-1.0,-1.0,-32.0
1776886652.5641026,1.0,0.0,-33.0
1776886652.5741026,1.0,-1.0,-37.0
1776886652.5841026,2.0,-2.0,-40.0
1776886652.5941026,1.0,1.0,-39.0
1776886652.6041028,4.0,2.0,-35.0
1776886652.6141028,1.0,0.0,-34.0
1776886652.6251028,-1.0,-1.0,-38.0
1776886652.6341028,-1.0,0.0,-35.0
1776886652.6441028,0.0,-1.0,-42.0
1776886652.6541028,-4.0,-5.0,-37.0
1776886652.6651027,-3.0,-8.0,-37.0
1776886652.6751027,1.0,-5.0,-39.0
1776886652.6851027,-1.0,-6.0,-43.0
1776886652.6951027,0.0,-6.0,-41.0
1776886652.7051027,0.0,-3.0,-36.0
1776886652.715103,3.0,-4.0,-39.0
1776886652.725103,1.0,-1.0,-40.0
1776886652.735103,2.0,-4.0,-37.0
1776886652.7451026,0.0,-8.0,-41.0
1776886652.7551026,0.0,-6.0,-47.0
1776886652.7651026,1.0,-2.0,-40.0
1776886652.7751029,-1.0,0.0,-48.0
1776886652.7851028,-5.0,-1.0,-44.0
1776886652.7951028,-8.0,2.0,-49.0
1776886652.8051028,-3.0,-1.0,-56.0
1776886652.8151028,0.0,0.0,-52.0
1776886652.8251028,0.0,0.0,-47.0
1776886652.8351028,-5.0,-3.0,-44.0
1776886652.8451028,-7.0,-5.0,-40.0
1776886652.8551028,-5.0,-1.0,-47.0
1776886652.8651028,-8.0,0.0,-44.0
1776886652.8751028,-5.0,1.0,-41.0
1776886652.8851027,1.0,1.0,-36.0
1776886652.8951027,-3.0,0.0,-39.0
1776886652.9051027,0.0,2.0,-38.0
1776886652.9151027,2.0,-3.0,-41.0
1776886652.9251027,2.0,-2.0,-35.0
1776886652.9351027,2.0,-4.0,-40.0
1776886652.9451027,1.0,-2.0,-45.0
1776886652.9551027,2.0,-2.0,-43.0
1776886652.965103,1.0,-2.0,-44.0
1776886652.975103,0.0,0.0,-32.0
1776886652.985103,1.0,0.0,-32.0
1776886652.9951026,1.0,-2.0,-34.0
1776886653.0051026,-1.0,0.0,-31.0
1776886653.0151026,0.0,-1.0,-29.0
1776886653.0251029,0.0,0.0,-27.0
1776886653.0351028,1.0,-2.0,-33.0
1776886653.0451028,1.0,3.0,-35.0
1776886653.0551028,3.0,2.0,-34.0
1776886653.0651028,1.0,0.0,-38.0
1776886653.0751028,0.0,-5.0,-37.0
1776886653.0851028,0.0,-5.0,-38.0
1776886653.0951028,-1.0,-4.0,-40.0
1776886653.1051028,-4.0,-2.0,-38.0
1776886653.1151028,-1.0,-5.0,-35.0
1776886653.1251028,-2.0,-3.0,-43.0
1776886653.1351027,0.0,-2.0,-47.0
1776886653.1451027,0.0,-1.0,-41.0
1776886653.1551027,1.0,3.0,-41.0
1776886653.1651027,2.0,3.0,-45.0
1776886653.1751027,2.0,0.0,-40.0
1776886653.1851027,-1.0,-1.0,-35.0
1776886653.1951027,0.0,-3.0,-34.0
1776886653.2051027,0.0,0.0,-33.0
1776886653.215103,6.0,1.0,-34.0
1776886653.225103,9.0,1.0,-32.0
1776886653.235103,8.0,-1.0,-32.0
1776886653.2451026,9.0,1.0,-26.0
1776886653.2551026,8.0,0.0,-29.0
1776886653.2651026,9.0,-2.0,-32.0
1776886653.2751029,6.0,1.0,-36.0
1776886653.2851028,-2.0,0.0,-41.0
1776886653.2951028,0.0,0.0,-43.0
1776886653.3051028,0.0,3.0,-44.0
1776886653.3151028,-4.0,6.0,-48.0
1776886653.3251028,-7.0,5.0,-50.0
1776886653.3351028,-6.0,0.0,-48.0
1776886653.3451028,-5.0,2.0,-45.0
1776886653.3551028,-4.0,0.0,-47.0
1776886653.3651028,-7.0,0.0,-45.0
1776886653.3751028,-6.0,1.0,-41.0
1776886653.3851027,-4.0,4.0,-37.0
1776886653.3951027,-4.0,4.0,-44.0
1776886653.4051027,-3.0,5.0,-33.0
1776886653.4151027,-5.0,3.0,-38.0
1776886653.4251027,-1.0,3.0,-41.0
1776886653.4351027,0.0,3.0,-42.0
1776886653.4451027,3.0,3.0,-46.0
1776886653.4551027,3.0,0.0,-47.0
1776886653.465103,1.0,1.0,-46.0
1776886653.475103,2.0,-3.0,-49.0
1776886653.485103,3.0,-2.0,-50.0
1776886653.4951026,2.0,0.0,-51.0
1776886653.5051026,1.0,2.0,-53.0
1776886653.5151026,4.0,3.0,-44.0
1776886653.5251029,5.0,4.0,-44.0
1776886653.5351028,5.0,3.0,-35.0
1776886653.5451028,6.0,7.0,-34.0
1776886653.5551028,7.0,9.0,-29.0
1776886653.5651028,4.0,4.0,-32.0
1776886653.5751028,5.0,2.0,-35.0
1776886653.5851028,1.0,1.0,-39.0
1776886653.5951028,2.0,-2.0,-38.0
1776886653.6051028,0.0,-2.0,-40.0
1776886653.6151028,-4.0,-1.0,-39.0
1776886653.6251028,-7.0,0.0,-39.0
1776886653.6351027,-3.0,-2.0,-41.0
1776886653.6451027,-2.0,-1.0,-41.0
1776886653.6551027,5.0,-4.0,-39.0
1776886653.6651027,4.0,-6.0,-40.0
1776886653.6751027,2.0,-3.0,-41.0
1776886653.6851027,0.0,-2.0,-40.0
1776886653.6951027,2.0,0.0,-45.0
1776886653.7051027,3.0,-6.0,-44.0
1776886653.715103,4.0,-6.0,-37.0
1776886653.725103,3.0,-4.0,-40.0
1776886653.735103,3.0,-3.0,-42.0
1776886653.7451026,5.0,0.0,-40.0
1776886653.7551026,5.0,3.0,-38.0
1776886653.7651026,7.0,2.0,-41.0
1776886653.7751029,8.0,-1.0,-46.0
1776886653.7851028,6.0,-4.0,-48.0
1776886653.7951028,4.0,-6.0,-49.0
1776886653.8051028,5.0,0.0,-47.0
1776886653.8151028,0.0,2.0,-41.0
1776886653.8251028,-3.0,1.0,-49.0
1776886653.8351028,-2.0,-2.0,-52.0
1776886653.8451028,-7.0,0.0,-47.0
1776886653.8551028,-2.0,-2.0,-43.0
1776886653.8651028,-1.0,1.0,-44.0
1776886653.8751028,2.0,1.0,-40.0
1776886653.8851027,2.0,-2.0,-44.0
1776886653.8951027,1.0,2.0,-37.0
1776886653.9051027,-1.0,0.0,-34.0
1776886653.9151027,-2.0,0.0,-40.0
1776886653.9251027,-1.0,-2.0,-42.0
1776886653.9351027,0.0,-3.0,-42.0
1776886653.9451027,2.0,2.0,-37.0
1776886653.9551027,1.0,0.0,-39.0
1776886653.965103,0.0,-2.0,-42.0
1776886653.975103,0.0,-4.0,-45.0
1776886653.985103,3.0,-3.0,-50.0
1776886653.9951026,3.0,-3.0,-46.0
1776886654.0051026,0.0,-4.0,-46.0
1776886654.0151026,-5.0,-3.0,-47.0
1776886654.0251029,-3.0,-1.0,-48.0
1776886654.0351028,0.0,-3.0,-46.0
1776886654.0451028,1.0,-2.0,-41.0
1776886654.0551028,6.0,0.0,-45.0
1776886654.0651028,7.0,-3.0,-45.0
1776886654.0751028,7.0,-2.0,-39.0
1776886654.0851028,5.0,1.0,-34.0
1776886654.0951028,2.0,-2.0,-36.0
1776886654.1051028,1.0,2.0,-43.0
1776886654.1151028,0.0,1.0,-46.0
1776886654.1251028,1.0,1.0,-49.0
1776886654.1351027,-1.0,-1.0,-44.0
1776886654.1451027,-3.0,0.0,-42.0
1776886654.1551027,0.0,1.0,-37.0
1776886654.1651027,-1.0,-1.0,-34.0
1776886654.1751027,-1.0,-4.0,-39.0
1776886654.1851027,0.0,-2.0,-48.0
1776886654.1951027,4.0,-3.0,-49.0
1776886654.2051027,12.0,-4.0,-48.0
1776886654.215103,7.0,-3.0,-45.0
1776886654.225103,3.0,-4.0,-46.0
1776886654.235103,4.0,-8.0,-37.0
1776886654.2451026,2.0,-8.0,-38.0
1776886654.2551026,2.0,-11.0,-36.0
1776886654.2651026,6.0,-11.0,-37.0
1776886654.2751029,7.0,-9.0,-38.0
1776886654.2851028,5.0,-6.0,-35.0
1776886654.2951028,6.0,-4.0,-29.0
1776886654.3051028,7.0,-3.0,-32.0
1776886654.3151028,10.0,-1.0,-39.0
1776886654.3251028,7.0,-1.0,-38.0
1776886654.3351028,5.0,-2.0,-40.0
1776886654.3451028,0.0,-2.0,-38.0
1776886654.3551028,-3.0,-4.0,-38.0
1776886654.3651028,-6.0,-3.0,-39.0
1776886654.3751028,-4.0,-4.0,-37.0
1776886654.3851027,-4.0,-4.0,-32.0
1776886654.3951027,-5.0,-4.0,-33.0
1776886654.4051027,-1.0,-5.0,-33.0
1776886654.4151027,0.0,-6.0,-34.0
1776886654.4251027,7.0,-4.0,-38.0
1776886654.4351027,3.0,-4.0,-36.0
1776886654.4451027,2.0,0.0,-33.0
1776886654.4551027,2.0,-3.0,-32.0
1776886654.465103,4.0,-3.0,-31.0
1776886654.475103,3.0,-4.0,-35.0
1776886654.485103,4.0,-2.0,-40.0
1776886654.4951026,3.0,0.0,-39.0
1776886654.5051026,0.0,-1.0,-27.0
1776886654.5151026,0.0,0.0,-28.0
1776886654.5251029,1.0,0.0,-26.0
1776886654.5351028,1.0,0.0,-27.0
1776886654.5451028,-1.0,1.0,-34.0
1776886654.5551028,-1.0,4.0,-36.0
1776886654.5651028,-1.0,6.0,-35.0
1776886654.5751028,-3.0,0.0,-34.0
1776886654.5851028,-6.0,0.0,-31.0
1776886654.5951028,-6.0,-1.0,-29.0
1776886654.6051028,-3.0,-4.0,-26.0
1776886654.6151028,-4.0,-5.0,-22.0
1776886654.6251028,-5.0,-4.0,-28.0
1776886654.6351027,-3.0,-4.0,-31.0
1776886654.646103,-2.0,-7.0,-36.0
1776886654.6551027,-5.0,-5.0,-46.0
1776886654.6661026,-5.0,-6.0,-46.0
1776886654.6761026,-8.0,-8.0,-47.0
1776886654.6861026,-5.0,-7.0,-42.0
1776886654.6961029,-4.0,-8.0,-51.0
1776886654.7061028,-6.0,-6.0,-57.0
1776886654.7161028,-5.0,-5.0,-55.0
1776886654.7261028,-5.0,-5.0,-51.0
1776886654.7361028,-8.0,-4.0,-50.0
1776886654.7461028,-8.0,-6.0,-47.0
1776886654.7561028,-4.0,-3.0,-40.0
1776886654.7661028,-4.0,0.0,-38.0
1776886654.7761028,-6.0,-3.0,-45.0
1776886654.7861028,1.0,-1.0,-43.0
1776886654.7961028,5.0,-1.0,-44.0
1776886654.8061028,5.0,-5.0,-43.0
1776886654.8161027,4.0,-6.0,-42.0
1776886654.8261027,3.0,-7.0,-43.0
1776886654.8361027,1.0,-7.0,-35.0
1776886654.8461027,4.0,-5.0,-37.0
1776886654.8561027,4.0,-2.0,-37.0
1776886654.8661027,1.0,-6.0,-35.0
1776886654.8761027,4.0,-5.0,-39.0
1776886654.886103,1.0,-2.0,-36.0
1776886654.896103,-1.0,-8.0,-36.0
1776886654.906103,0.0,-8.0,-36.0
1776886654.9161026,4.0,-7.0,-39.0
1776886654.9261026,2.0,-4.0,-30.0
1776886654.9361026,4.0,-8.0,-32.0
1776886654.9461029,0.0,-6.0,-34.0
1776886654.9561028,0.0,-5.0,-32.0
1776886654.9661028,6.0,-8.0,-29.0
1776886654.9761028,6.0,-5.0,-33.0
1776886654.9861028,6.0,-7.0,-37.0
1776886654.9961028,4.0,-6.0,-38.0
1776886655.0061028,0.0,-4.0,-41.0
1776886655.0161028,0.0,-3.0,-43.0
1776886655.0261028,-3.0,-4.0,-37.0
1776886655.0361028,-2.0,0.0,-34.0
1776886655.0461028,-5.0,0.0,-44.0
1776886655.0561028,-6.0,0.0,-38.0
1776886655.0661027,-4.0,-2.0,-38.0
1776886655.0761027,-4.0,-2.0,-35.0
1776886655.0861027,-3.0,-2.0,-37.0
1776886655.0961027,-6.0,-2.0,-35.0
1776886655.1061027,-11.0,-3.0,-43.0
1776886655.1161027,-12.0,-3.0,-36.0
1776886655.1261027,-11.0,-2.0,-31.0
1776886655.136103,-7.0,-6.0,-27.0
1776886655.146103,-8.0,-4.0,-31.0
1776886655.156103,-3.0,-3.0,-34.0
1776886655.1661026,-6.0,0.0,-42.0
1776886655.1761026,-1.0,0.0,-44.0
1776886655.1861026,3.0,-2.0,-45.0
1776886655.1961029,3.0,-2.0,-43.0
1776886655.2061028,2.0,-5.0,-43.0
1776886655.2161028,1.0,-4.0,-38.0
1776886655.2261028,0.0,0.0,-40.0
1776886655.2361028,1.0,0.0,-40.0
1776886655.2461028,0.0,-1.0,-40.0
1776886655.2561028,2.0,0.0,-35.0
1776886655.2661028,-2.0,3.0,-35.0
1776886655.2761028,-7.0,2.0,-30.0
1776886655.2861028,-9.0,-1.0,-36.0
1776886655.2961028,-5.0,-1.0,-42.0
1776886655.3061028,-6.0,0.0,-41.0
1776886655.3161027,-6.0,1.0,-37.0
1776886655.3261027,0.0,1.0,-37.0
1776886655.3361027,1.0,0.0,-38.0
1776886655.3461027,0.0,-1.0,-40.0
1776886655.3561027,4.0,-2.0,-43.0
1776886655.3661027,2.0,-3.0,-39.0
1776886655.3761027,1.0,-5.0,-36.0
1776886655.386103,5.0,-6.0,-37.0
1776886655.396103,7.0,-5.0,-42.0
1776886655.406103,6.0,-3.0,-39.0
1776886655.4161026,2.0,-4.0,-37.0
1776886655.4261026,3.0,0.0,-38.0
1776886655.4361026,2.0,0.0,-41.0
1776886655.4461029,0.0,0.0,-47.0
1776886655.4561028,-1.0,0.0,-41.0
1776886655.4661028,0.0,1.0,-39.0
1776886655.4761028,0.0,6.0,-38.0
1776886655.4861028,0.0,6.0,-36.0
1776886655.4961028,-2.0,5.0,-35.0
1776886655.5061028,-1.0,5.0,-37.0
1776886655.5161028,0.0,2.0,-35.0
1776886655.5261028,4.0,1.0,-31.0
1776886655.5361028,7.0,2.0,-33.0
1776886655.5461028,7.0,1.0,-33.0
1776886655.5561028,4.0,1.0,-33.0
1776886655.5661027,3.0,1.0,-41.0
1776886655.5761027,7.0,1.0,-47.0
1776886655.5861027,3.0,1.0,-44.0
1776886655.5961027,3.0,1.0,-45.0
1776886655.6061027,0.0,3.0,-43.0
1776886655.6161027,-6.0,6.0,-37.0
1776886655.6261027,-3.0,8.0,-39.0
1776886655.636103,-4.0,8.0,-40.0
1776886655.646103,0.0,3.0,-46.0
1776886655.656103,2.0,0.0,-50.0
1776886655.6661026,2.0,3.0,-50.0
1776886655.6761026,0.0,8.0,-45.0
1776886655.6861026,4.0,7.0,-41.0
1776886655.6961029,7.0,7.0,-43.0
1776886655.7061028,6.0,7.0,-34.0
1776886655.7161028,3.0,9.0,-29.0
1776886655.7261028,4.0,10.0,-26.0
1776886655.7361028,5.0,5.0,-28.0
1776886655.7461028,6.0,4.0,-32.0
1776886655.7561028,5.0,0.0,-34.0
1776886655.7661028,3.0,0.0,-42.0
1776886655.7761028,1.0,0.0,-44.0
1776886655.7861028,1.0,-2.0,-45.0
1776886655.7961028,3.0,-6.0,-42.0
1776886655.8061028,3.0,-6.0,-45.0
1776886655.8161027,1.0,-2.0,-38.0
1776886655.8261027,4.0,0.0,-35.0
1776886655.8361027,3.0,0.0,-39.0
1776886655.8461027,-1.0,0.0,-41.0
1776886655.8561027,-3.0,1.0,-37.0
1776886655.8661027,-5.0,-1.0,-30.0
1776886655.8761027,-7.0,0.0,-33.0
1776886655.886103,-3.0,-2.0,-34.0
1776886655.896103,2.0,1.0,-37.0
1776886655.906103,4.0,1.0,-33.0
1776886655.9161026,7.0,1.0,-28.0
1776886655.9261026,7.0,1.0,-29.0
1776886655.9361026,4.0,0.0,-28.0
1776886655.9461029,3.0,-1.0,-30.0
1776886655.9561028,3.0,1.0,-26.0
1776886655.9661028,0.0,0.0,-25.0
1776886655.9761028,-7.0,4.0,-27.0
1776886655.9861028,-5.0,2.0,-35.0
1776886655.9961028,-6.0,4.0,-34.0
1776886656.0061028,-7.0,5.0,-39.0
1776886656.0161028,-7.0,6.0,-43.0
1776886656.0261028,-5.0,4.0,-43.0
1776886656.0361028,1.0,1.0,-38.0
1776886656.0461028,2.0,-4.0,-43.0
1776886656.0561028,2.0,-6.0,-34.0
1776886656.0661027,0.0,-3.0,-26.0
1776886656.0761027,7.0,-7.0,-26.0
1776886656.0861027,2.0,-12.0,-21.0
1776886656.0961027,1.0,-11.0,-31.0
1776886656.1061027,1.0,-8.0,-29.0
1776886656.1161027,1.0,-8.0,-36.0
1776886656.1261027,-2.0,-16.0,-35.0
1776886656.136103,-3.0,-14.0,-29.0
1776886656.146103,-5.0,-13.0,-28.0
1776886656.156103,-5.0,-9.0,-29.0
1776886656.1661026,0.0,-5.0,-35.0
1776886656.1761026,-2.0,-3.0,-37.0
1776886656.1861026,-4.0,-1.0,-32.0
1776886656.1961029,0.0,1.0,-34.0
1776886656.2061028,0.0,0.0,-33.0
1776886656.2161028,-2.0,-3.0,-39.0
1776886656.2261028,-1.0,-7.0,-42.0
1776886656.2361028,-2.0,-8.0,-41.0
1776886656.2461028,-1.0,-5.0,-39.0
1776886656.2561028,2.0,-8.0,-38.0
1776886656.2661028,5.0,-8.0,-39.0
1776886656.2761028,2.0,-5.0,-42.0
1776886656.2861028,-1.0,0.0,-43.0
1776886656.2961028,-7.0,0.0,-41.0
1776886656.3061028,-4.0,4.0,-39.0
1776886656.3161027,-2.0,9.0,-40.0
1776886656.3261027,2.0,6.0,-38.0
1776886656.3361027,3.0,3.0,-37.0
1776886656.3461027,0.0,1.0,-37.0
1776886656.3561027,1.0,0.0,-42.0
1776886656.3661027,-2.0,-1.0,-46.0
1776886656.3761027,-3.0,-1.0,-51.0
1776886656.386103,0.0,-3.0,-53.0
1776886656.396103,1.0,-3.0,-54.0
1776886656.406103,1.0,-3.0,-48.0
1776886656.4161026,-2.0,-3.0,-40.0
1776886656.4261026,0.0,0.0,-37.0
1776886656.4361026,2.0,-3.0,-34.0
1776886656.4461029,2.0,-4.0,-37.0
1776886656.4561028,-1.0,-6.0,-31.0
1776886656.4661028,0.0,-6.0,-29.0
1776886656.4761028,1.0,-10.0,-31.0
1776886656.4861028,3.0,-10.0,-37.0
1776886656.4961028,2.0,-10.0,-31.0
1776886656.5061028,7.0,-7.0,-31.0
1776886656.5161028,11.0,-6.0,-33.0
1776886656.5261028,9.0,-8.0,-31.0
1776886656.5361028,9.0,-8.0,-26.0
1776886656.5461028,6.0,-2.0,-34.0
1776886656.5561028,7.0,-2.0,-36.0
1776886656.5661027,3.0,0.0,-31.0
1776886656.5761027,0.0,-2.0,-31.0
1776886656.5861027,-1.0,-3.0,-37.0
1776886656.5961027,3.0,-6.0,-36.0
1776886656.6071026,3.0,-10.0,-35.0
1776886656.6161027,-1.0,-9.0,-29.0
1776886656.6261027,-2.0,-8.0,-28.0
1776886656.636103,-2.0,-4.0,-31.0
1776886656.646103,1.0,-1.0,-29.0
1776886656.6571028,6.0,0.0,-33.0
1776886656.6671028,7.0,-2.0,-34.0
1776886656.6771028,6.0,-1.0,-34.0
1776886656.6871028,0.0,3.0,-36.0
1776886656.6971028,-2.0,7.0,-32.0
1776886656.7071028,-6.0,4.0,-28.0
1776886656.7171028,0.0,8.0,-39.0
1776886656.7271028,0.0,8.0,-37.0
1776886656.7371027,0.0,5.0,-46.0
1776886656.748103,1.0,0.0,-47.0
1776886656.7571027,4.0,0.0,-45.0
1776886656.7671027,13.0,3.0,-41.0
1776886656.7771027,11.0,3.0,-35.0
1776886656.7871027,9.0,3.0,-22.0
1776886656.7971027,6.0,1.0,-22.0
1776886656.807103,2.0,1.0,-25.0
1776886656.817103,0.0,0.0,-28.0
1776886656.827103,-1.0,1.0,-31.0
1776886656.837103,-1.0,2.0,-32.0
1776886656.8471026,-2.0,1.0,-31.0
1776886656.8571026,-5.0,3.0,-29.0
1776886656.8671026,-5.0,4.0,-27.0
1776886656.8771029,-4.0,3.0,-41.0
1776886656.8871028,-9.0,-1.0,-41.0
1776886656.8971028,-9.0,-1.0,-45.0
1776886656.9071028,-7.0,0.0,-45.0
1776886656.9171028,-6.0,0.0,-37.0
1776886656.9271028,-8.0,-1.0,-35.0
1776886656.9371028,-10.0,-1.0,-32.0
1776886656.9471028,-9.0,-3.0,-29.0
1776886656.9571028,-8.0,-2.0,-34.0
1776886656.9671028,-3.0,-5.0,-31.0
1776886656.9771028,0.0,-4.0,-36.0
1776886656.9871027,0.0,-3.0,-39.0
1776886656.9971027,2.0,-3.0,-35.0
1776886657.0071027,2.0,-1.0,-33.0
1776886657.0171027,-4.0,-4.0,-40.0
1776886657.0271027,-8.0,-3.0,-43.0
1776886657.0371027,-6.0,1.0,-41.0
1776886657.0471027,-1.0,1.0,-37.0
1776886657.057103,-1.0,2.0,-33.0
1776886657.067103,-4.0,4.0,-34.0
1776886657.077103,-4.0,3.0,-33.0
1776886657.087103,-1.0,2.0,-38.0
1776886657.0971026,0.0,4.0,-39.0
1776886657.1071026,-3.0,1.0,-39.0
1776886657.1171026,0.0,2.0,-42.0
1776886657.1271029,5.0,-1.0,-43.0
1776886657.1371028,7.0,0.0,-49.0
1776886657.1471028,6.0,-6.0,-47.0
1776886657.1571028,9.0,-6.0,-49.0
1776886657.1671028,6.0,-5.0,-48.0
1776886657.1771028,3.0,-6.0,-46.0
1776886657.1871028,4.0,-8.0,-44.0
1776886657.1971028,6.0,-9.0,-38.0
1776886657.2071028,7.0,-8.0,-36.0
1776886657.2171028,9.0,-10.0,-35.0
1776886657.2271028,3.0,-11.0,-35.0
1776886657.2371027,0.0,-10.0,-40.0
1776886657.2471027,2.0,-5.0,-42.0
1776886657.2571027,0.0,-7.0,-45.0
1776886657.2671027,0.0,-10.0,-46.0
1776886657.2771027,1.0,-8.0,-46.0
1776886657.2871027,0.0,-6.0,-45.0
1776886657.2971027,-2.0,-3.0,-43.0
1776886657.307103,0.0,-2.0,-43.0
1776886657.317103,5.0,-1.0,-41.0
1776886657.327103,7.0,-1.0,-39.0
1776886657.337103,7.0,-6.0,-40.0
1776886657.3471026,5.0,-3.0,-43.0
1776886657.3571026,5.0,5.0,-42.0
1776886657.3671026,6.0,5.0,-32.0
1776886657.3771029,0.0,3.0,-33.0
1776886657.3871028,-4.0,1.0,-35.0
1776886657.3971028,-4.0,0.0,-37.0
1776886657.4071028,-2.0,1.0,-40.0
1776886657.4171028,-1.0,1.0,-37.0
1776886657.4271028,3.0,0.0,-39.0
1776886657.4371028,3.0,0.0,-41.0
1776886657.4471028,4.0,-1.0,-35.0
1776886657.4571028,6.0,-4.0,-36.0
1776886657.4671028,4.0,-3.0,-34.0
1776886657.4771028,-1.0,-3.0,-36.0
1776886657.4871027,0.0,0.0,-38.0
1776886657.4971027,2.0,0.0,-32.0
1776886657.5071027,7.0,1.0,-30.0
1776886657.5171027,7.0,1.0,-30.0
1776886657.5271027,2.0,-1.0,-29.0
1776886657.5371027,1.0,2.0,-33.0
1776886657.5471027,0.0,0.0,-33.0
1776886657.557103,4.0,0.0,-34.0
1776886657.567103,2.0,1.0,-37.0
1776886657.577103,2.0,3.0,-38.0
1776886657.587103,0.0,4.0,-42.0
1776886657.5971026,0.0,5.0,-47.0
1776886657.6071026,-1.0,2.0,-43.0
1776886657.6171026,-2.0,-1.0,-33.0
1776886657.6271029,-4.0,-4.0,-33.0
1776886657.6371028,-6.0,-3.0,-32.0
1776886657.6471028,-4.0,-1.0,-32.0
1776886657.6571028,2.0,0.0,-29.0
1776886657.6671028,2.0,0.0,-34.0
1776886657.6771028,0.0,-2.0,-39.0
1776886657.6871028,4.0,0.0,-40.0
1776886657.6971028,7.0,2.0,-32.0
1776886657.7071028,7.0,0.0,-33.0
1776886657.7171028,6.0,0.0,-31.0
1776886657.7271028,5.0,0.0,-34.0
1776886657.7371027,6.0,3.0,-40.0
1776886657.7471027,5.0,2.0,-43.0
1776886657.7571027,0.0,1.0,-42.0
1776886657.7671027,-2.0,-6.0,-44.0
1776886657.7771027,0.0,-5.0,-42.0
1776886657.7871027,-3.0,-1.0,-35.0
1776886657.7971027,1.0,-1.0,-33.0
1776886657.807103,5.0,3.0,-35.0
1776886657.817103,3.0,2.0,-33.0
1776886657.827103,2.0,0.0,-38.0
1776886657.837103,1.0,-1.0,-41.0
1776886657.8471026,3.0,0.0,-40.0
1776886657.8571026,3.0,-1.0,-42.0
1776886657.8671026,6.0,-5.0,-35.0
1776886657.8771029,4.0,0.0,-38.0
1776886657.8871028,6.0,0.0,-39.0
1776886657.8971028,6.0,4.0,-44.0
1776886657.9071028,0.0,4.0,-36.0
1776886657.9171028,-2.0,0.0,-27.0
1776886657.9271028,-4.0,-3.0,-31.0
1776886657.9371028,-2.0,-4.0,-33.0
1776886657.9471028,-3.0,-2.0,-36.0
1776886657.9571028,-2.0,-5.0,-41.0
1776886657.9671028,-2.0,-4.0,-34.0
1776886657.9771028,-1.0,-3.0,-34.0
1776886657.9871027,-4.0,-2.0,-39.0
1776886657.9971027,-2.0,-6.0,-34.0
1776886658.0071027,-2.0,-4.0,-30.0
1776886658.0171027,-4.0,-5.0,-34.0
1776886658.0271027,-3.0,-5.0,-37.0
1776886658.0371027,-4.0,-2.0,-36.0
1776886658.0471027,0.0,1.0,-33.0
1776886658.057103,0.0,0.0,-38.0
1776886658.067103,2.0,-3.0,-44.0
1776886658.077103,0.0,-1.0,-47.0
1776886658.087103,3.0,-1.0,-48.0
1776886658.0971026,5.0,-2.0,-39.0
1776886658.1071026,1.0,-3.0,-33.0
1776886658.1171026,3.0,-3.0,-36.0
1776886658.1271029,0.0,-3.0,-42.0
1776886658.1371028,1.0,-6.0,-43.0
1776886658.1471028,2.0,-5.0,-43.0
1776886658.1571028,0.0,-6.0,-43.0
1776886658.1671028,0.0,-3.0,-38.0
1776886658.1771028,2.0,-1.0,-37.0
1776886658.1871028,2.0,0.0,-42.0
1776886658.1971028,3.0,1.0,-47.0
1776886658.2071028,3.0,-1.0,-41.0
1776886658.2171028,0.0,-1.0,-38.0
1776886658.2271028,1.0,1.0,-36.0
1776886658.2371027,7.0,0.0,-34.0
1776886658.2471027,3.0,1.0,-33.0
1776886658.2571027,-3.0,1.0,-31.0
1776886658.2671027,-6.0,1.0,-33.0
1776886658.2771027,-3.0,-2.0,-37.0
1776886658.2871027,-2.0,-3.0,-36.0
1776886658.2971027,1.0,-3.0,-39.0
1776886658.307103,7.0,-3.0,-34.0
1776886658.317103,5.0,0.0,-32.0
1776886658.327103,4.0,0.0,-36.0
1776886658.337103,0.0,-1.0,-40.0
1776886658.3471026,-8.0,-1.0,-43.0
1776886658.3571026,-6.0,-1.0,-41.0
1776886658.3671026,-5.0,-2.0,-48.0
1776886658.3771029,-5.0,0.0,-44.0
1776886658.3871028,-2.0,-1.0,-42.0
1776886658.3971028,2.0,0.0,-36.0
1776886658.4071028,4.0,0.0,-35.0
1776886658.4171028,0.0,-2.0,-33.0
1776886658.4271028,0.0,-1.0,-35.0
1776886658.4371028,1.0,2.0,-34.0
1776886658.4471028,0.0,0.0,-37.0
1776886658.4571028,-3.0,-1.0,-43.0
1776886658.4671028,-4.0,3.0,-37.0
1776886658.4771028,-3.0,6.0,-38.0
1776886658.4871027,-4.0,6.0,-39.0
1776886658.4971027,-3.0,-1.0,-39.0
1776886658.5071027,-2.0,-5.0,-40.0
1776886658.5171027,0.0,-4.0,-41.0
1776886658.5271027,0.0,-3.0,-39.0
1776886658.5371027,0.0,-5.0,-36.0
1776886658.5471027,0.0,-4.0,-30.0
1776886658.557103,4.0,-2.0,-32.0
1776886658.567103,4.0,-1.0,-28.0
1776886658.577103,4.0,-1.0,-33.0
1776886658.587103,0.0,-4.0,-31.0
1776886658.5971026,-1.0,-3.0,-35.0
1776886658.6071026,5.0,-4.0,-29.0
1776886658.6171026,7.0,-4.0,-35.0
1776886658.6281028,9.0,0.0,-39.0
1776886658.6381028,9.0,-4.0,-34.0
1776886658.6481028,5.0,-2.0,-40.0
1776886658.6571028,2.0,-3.0,-32.0
1776886658.6681027,0.0,-6.0,-32.0
1776886658.6781027,0.0,-7.0,-35.0
1776886658.6881027,-2.0,-7.0,-36.0
1776886658.6981027,-3.0,-5.0,-38.0
1776886658.7081027,0.0,-4.0,-33.0
1776886658.7181027,0.0,-7.0,-36.0
1776886658.7281027,0.0,-3.0,-38.0
1776886658.738103,0.0,-3.0,-35.0
1776886658.748103,3.0,-2.0,-32.0
1776886658.758103,3.0,-2.0,-34.0
1776886658.7681026,1.0,-7.0,-30.0
1776886658.7781026,-2.0,-6.0,-39.0
1776886658.7881026,0.0,-1.0,-34.0
1776886658.7981029,3.0,1.0,-29.0
1776886658.8081028,4.0,4.0,-28.0
1776886658.8181028,7.0,-2.0,-28.0
1776886658.8291028,4.0,-7.0,-33.0
1776886658.8381028,4.0,-7.0,-34.0
1776886658.8481028,5.0,-2.0,-33.0
1776886658.8581028,6.0,0.0,-36.0
1776886658.8681028,1.0,0.0,-39.0
1776886658.8781028,0.0,0.0,-37.0
1776886658.8881028,4.0,-2.0,-37.0
1776886658.8981028,7.0,0.0,-41.0
1776886658.9081028,10.0,0.0,-37.0
1776886658.9181027,5.0,1.0,-38.0
1776886658.9281027,8.0,0.0,-41.0
1776886658.9381027,4.0,0.0,-38.0
1776886658.9481027,-2.0,0.0,-41.0
1776886658.9581027,-8.0,0.0,-43.0
1776886658.9681027,-9.0,-2.0,-51.0
1776886658.9781027,-9.0,0.0,-46.0
1776886658.988103,-1.0,0.0,-37.0
1776886658.998103,6.0,-2.0,-38.0
1776886659.008103,6.0,-1.0,-29.0
1776886659.0181026,4.0,-6.0,-33.0
1776886659.0281026,7.0,-7.0,-39.0
1776886659.0381026,2.0,-8.0,-36.0
1776886659.0481029,2.0,-11.0,-39.0
1776886659.0581028,4.0,-9.0,-45.0
1776886659.0681028,5.0,-5.0,-47.0
1776886659.0781028,4.0,-4.0,-42.0
1776886659.0881028,3.0,-3.0,-45.0
1776886659.0981028,0.0,-5.0,-45.0
1776886659.1081028,-2.0,-2.0,-43.0
1776886659.1181028,0.0,-3.0,-41.0
1776886659.1281028,-1.0,-2.0,-37.0
1776886659.1381028,-4.0,-4.0,-34.0
1776886659.1481028,-1.0,-4.0,-42.0
1776886659.1581028,3.0,-7.0,-43.0
1776886659.1681027,-1.0,-4.0,-37.0
1776886659.1781027,-2.0,-7.0,-39.0
1776886659.1881027,-6.0,-7.0,-41.0
1776886659.1981027,-6.0,-9.0,-42.0
1776886659.2081027,-5.0,-9.0,-40.0
1776886659.2181027,-7.0,-11.0,-44.0
1776886659.2281027,0.0,-4.0,-44.0
1776886659.238103,0.0,-6.0,-39.0
1776886659.248103,4.0,-9.0,-39.0
1776886659.258103,6.0,-10.0,-38.0
1776886659.2681026,5.0,-12.0,-40.0
1776886659.2781026,9.0,-8.0,-44.0
1776886659.2881026,14.0,-9.0,-43.0
1776886659.2981029,11.0,-12.0,-46.0
1776886659.3081028,11.0,-11.0,-53.0
1776886659.3181028,8.0,-8.0,-40.0
1776886659.3281028,7.0,-7.0,-38.0
1776886659.3381028,5.0,-6.0,-41.0
1776886659.3481028,2.0,-8.0,-49.0
1776886659.3581028,0.0,-7.0,-51.0
1776886659.3681028,-1.0,-6.0,-52.0
1776886659.3781028,-5.0,-5.0,-46.0
1776886659.3881028,-6.0,-3.0,-45.0
1776886659.3981028,-7.0,-8.0,-45.0
1776886659.4081028,-6.0,-9.0,-39.0
1776886659.4181027,-4.0,-10.0,-38.0
1776886659.4281027,0.0,-7.0,-32.0
1776886659.4381027,0.0,-3.0,-33.0
1776886659.4481027,0.0,-2.0,-37.0
1776886659.4581027,0.0,-2.0,-40.0
1776886659.4681027,1.0,-1.0,-36.0
1776886659.4781027,8.0,-1.0,-35.0
1776886659.488103,8.0,-5.0,-39.0
1776886659.498103,4.0,-5.0,-41.0
1776886659.508103,5.0,-2.0,-38.0
1776886659.5181026,6.0,0.0,-41.0
1776886659.5281026,7.0,-5.0,-34.0
1776886659.5381026,8.0,-7.0,-27.0
1776886659.5481029,8.0,-6.0,-21.0
1776886659.5581028,5.0,-4.0,-20.0
1776886659.5681028,6.0,-3.0,-28.0
1776886659.5781028,5.0,3.0,-31.0
1776886659.5881028,7.0,3.0,-35.0
1776886659.5981028,7.0,3.0,-36.0
1776886659.6081028,7.0,2.0,-39.0
1776886659.6181028,8.0,2.0,-35.0
1776886659.6281028,5.0,0.0,-30.0
1776886659.6381028,2.0,2.0,-29.0
1776886659.6481028,2.0,4.0,-29.0
1776886659.6581028,2.0,-3.0,-30.0
1776886659.6681027,2.0,3.0,-33.0
1776886659.6781027,0.0,2.0,-34.0
1776886659.6881027,1.0,0.0,-35.0
1776886659.6981027,-4.0,-2.0,-30.0
1776886659.7081027,-6.0,0.0,-28.0
1776886659.7181027,-8.0,0.0,-24.0
1776886659.7281027,-6.0,0.0,-21.0
1776886659.738103,-7.0,-1.0,-23.0
1776886659.748103,-11.0,0.0,-25.0
1776886659.758103,-9.0,0.0,-30.0
1776886659.7681026,-8.0,2.0,-34.0
1776886659.7781026,-8.0,3.0,-38.0
1776886659.7881026,-5.0,3.0,-35.0
1776886659.7981029,-3.0,0.0,-35.0
1776886659.8081028,-3.0,2.0,-36.0
1776886659.8181028,1.0,0.0,-35.0
1776886659.8281028,4.0,-1.0,-35.0
1776886659.8381028,1.0,4.0,-31.0
1776886659.8481028,-1.0,8.0,-32.0
1776886659.8581028,-3.0,7.0,-39.0
1776886659.8681028,-3.0,0.0,-37.0
1776886659.8781028,-1.0,2.0,-40.0
1776886659.8881028,-1.0,2.0,-35.0
1776886659.8981028,0.0,0.0,-34.0
1776886659.9081028,-3.0,-4.0,-35.0
1776886659.9181027,-4.0,-8.0,-41.0
1776886659.9281027,-1.0,-10.0,-43.0
1776886659.9381027,2.0,-8.0,-42.0
1776886659.9481027,2.0,-7.0,-45.0
1776886659.9581027,0.0,-7.0,-42.0
1776886659.9681027,6.0,-3.0,-42.0
1776886659.9781027,8.0,-5.0,-42.0
1776886659.988103,10.0,-7.0,-39.0
1776886659.998103,6.0,-7.0,-40.0
1776886660.008103,0.0,-3.0,-45.0
1776886660.0181026,1.0,-2.0,-47.0
1776886660.0281026,3.0,-4.0,-41.0
1776886660.0381026,3.0,-6.0,-37.0
1776886660.0481029,2.0,-8.0,-40.0
1776886660.0581028,4.0,-9.0,-44.0
1776886660.0681028,4.0,-6.0,-43.0
1776886660.0781028,3.0,-7.0,-34.0
1776886660.0881028,1.0,-3.0,-34.0
1776886660.0981028,2.0,-3.0,-37.0
1776886660.1081028,6.0,-4.0,-41.0
1776886660.1181028,6.0,-6.0,-39.0
1776886660.1281028,9.0,-5.0,-33.0
1776886660.1381028,8.0,-2.0,-42.0
1776886660.1481028,8.0,-1.0,-40.0
1776886660.1581028,4.0,-1.0,-44.0
1776886660.1681027,4.0,3.0,-49.0
1776886660.1781027,7.0,0.0,-51.0
1776886660.1881027,7.0,0.0,-46.0
1776886660.1981027,5.0,1.0,-43.0
1776886660.2081027,2.0,6.0,-41.0
1776886660.2181027,0.0,7.0,-42.0
1776886660.2281027,-3.0,1.0,-37.0
1776886660.238103,-1.0,0.0,-40.0
1776886660.248103,1.0,-3.0,-39.0
1776886660.258103,2.0,-1.0,-36.0
1776886660.2681026,3.0,1.0,-34.0
1776886660.2781026,0.0,4.0,-31.0
1776886660.2881026,-2.0,3.0,-34.0
1776886660.2981029,-5.0,2.0,-39.0
1776886660.3081028,-3.0,1.0,-38.0
1776886660.3181028,-5.0,1.0,-33.0
1776886660.3281028,-4.0,0.0,-32.0
1776886660.3381028,-3.0,0.0,-33.0
1776886660.3481028,-2.0,-1.0,-39.0
1776886660.3581028,0.0,3.0,-31.0
1776886660.3681028,0.0,3.0,-36.0
1776886660.3781028,2.0,-3.0,-35.0
1776886660.3881028,7.0,-5.0,-37.0
1776886660.3981028,1.0,-7.0,-39.0
1776886660.4081028,-3.0,-6.0,-46.0
1776886660.4181027,-4.0,-8.0,-46.0
1776886660.4281027,0.0,-9.0,-44.0
1776886660.4381027,0.0,-8.0,-42.0
1776886660.4481027,-3.0,-4.0,-42.0
1776886660.4581027,0.0,-6.0,-48.0
1776886660.4681027,1.0,-8.0,-48.0
1776886660.4781027,-1.0,-5.0,-50.0
1776886660.488103,-3.0,-8.0,-46.0
1776886660.498103,-3.0,-4.0,-45.0
1776886660.508103,-1.0,-4.0,-46.0
1776886660.5181026,3.0,2.0,-42.0
1776886660.5281026,0.0,4.0,-44.0
1776886660.5381026,-2.0,5.0,-45.0
1776886660.5481029,-5.0,3.0,-48.0
1776886660.5581028,-6.0,1.0,-54.0
1776886660.5681028,-7.0,0.0,-50.0
1776886660.5781028,-5.0,-1.0,-51.0
1776886660.5881028,-7.0,-2.0,-44.0
1776886660.5981028,-9.0,-3.0,-43.0
1776886660.6081028,-6.0,-4.0,-37.0
1776886660.6181028,-3.0,-2.0,-33.0
1776886660.6281028,-3.0,-2.0,-33.0
1776886660.6391027,2.0,-6.0,-40.0
1776886660.6491027,4.0,-3.0,-35.0
1776886660.659103,4.0,-3.0,-31.0
1776886660.669103,4.0,0.0,-25.0
1776886660.679103,3.0,-3.0,-26.0
1776886660.6891026,0.0,-2.0,-29.0
1776886660.6991026,-1.0,-4.0,-32.0
1776886660.7091026,-2.0,-5.0,-31.0
1776886660.7191026,0.0,-5.0,-32.0
1776886660.7291028,1.0,-7.0,-35.0
1776886660.7391028,3.0,-6.0,-44.0
1776886660.7491028,8.0,-4.0,-48.0
1776886660.7591028,9.0,-7.0,-45.0
1776886660.7691028,12.0,-8.0,-42.0
1776886660.7791028,10.0,-7.0,-42.0
1776886660.7891028,6.0,-4.0,-36.0
1776886660.7991028,5.0,-8.0,-36.0
1776886660.8091028,2.0,-6.0,-33.0
1776886660.8191028,5.0,-6.0,-36.0
1776886660.8291028,4.0,-3.0,-32.0
1776886660.8391027,2.0,0.0,-30.0
1776886660.8491027,0.0,0.0,-24.0
1776886660.8591027,-1.0,1.0,-23.0
1776886660.8691027,-5.0,-4.0,-28.0
1776886660.8791027,-4.0,-9.0,-33.0
1776886660.8891027,-2.0,-9.0,-35.0
1776886660.8991027,-1.0,-7.0,-34.0
1776886660.909103,-3.0,-6.0,-35.0
1776886660.919103,0.0,-2.0,-35.0
1776886660.929103,0.0,1.0,-33.0
1776886660.9391026,1.0,3.0,-34.0
1776886660.9491026,5.0,1.0,-39.0
1776886660.9591026,6.0,1.0,-45.0
1776886660.9691026,3.0,2.0,-51.0
1776886660.9791028,-2.0,4.0,-42.0
1776886660.9891028,-5.0,0.0,-36.0
1776886660.9991028,-1.0,1.0,-36.0
1776886661.0091028,3.0,0.0,-32.0
1776886661.0191028,1.0,0.0,-29.0
1776886661.0291028,4.0,2.0,-27.0
1776886661.0391028,6.0,2.0,-33.0
1776886661.0491028,2.0,1.0,-36.0
1776886661.0591028,0.0,3.0,-33.0
1776886661.0691028,-1.0,2.0,-35.0
1776886661.0791028,-5.0,3.0,-34.0
1776886661.0891027,-8.0,0.0,-36.0
1776886661.0991027,-6.0,0.0,-41.0
1776886661.1091027,-2.0,-2.0,-43.0
1776886661.1191027,0.0,-7.0,-42.0
1776886661.1291027,-1.0,-5.0,-32.0
1776886661.1391027,-3.0,-1.0,-28.0
1776886661.1491027,-2.0,0.0,-32.0
1776886661.159103,0.0,0.0,-37.0
1776886661.169103,-1.0,-1.0,-34.0
1776886661.179103,-1.0,-7.0,-25.0
1776886661.1891026,-3.0,-6.0,-35.0
1776886661.1991026,-5.0,-5.0,-29.0
1776886661.2091026,-1.0,-4.0,-31.0
1776886661.2191026,2.0,-3.0,-36.0
1776886661.2291028,-2.0,-5.0,-36.0
1776886661.2391028,3.0,-5.0,-34.0
1776886661.2491028,5.0,-6.0,-35.0
1776886661.2591028,6.0,-4.0,-35.0
1776886661.2691028,1.0,-6.0,-38.0
1776886661.2791028,3.0,-7.0,-31.0
1776886661.2891028,6.0,-7.0,-30.0
1776886661.2991028,8.0,-2.0,-34.0
1776886661.3091028,5.0,-1.0,-32.0
1776886661.3191028,6.0,1.0,-29.0
1776886661.3291028,7.0,3.0,-26.0
1776886661.3391027,3.0,0.0,-32.0
1776886661.3491027,0.0,-5.0,-33.0
1776886661.3591027,4.0,-5.0,-37.0
1776886661.3691027,5.0,-2.0,-46.0
1776886661.3791027,8.0,-2.0,-52.0
1776886661.3891027,1.0,-3.0,-50.0
1776886661.3991027,-2.0,-6.0,-50.0
1776886661.409103,0.0,-2.0,-43.0
1776886661.419103,3.0,-4.0,-40.0
1776886661.429103,6.0,-8.0,-39.0
1776886661.4391026,5.0,-9.0,-34.0
1776886661.4491026,0.0,-8.0,-36.0
1776886661.4591026,-2.0,-9.0,-37.0
1776886661.4691026,0.0,-8.0,-38.0
1776886661.4791028,0.0,-9.0,-43.0
1776886661.4891028,-2.0,-8.0,-41.0
1776886661.4991028,-2.0,-3.0,-37.0
1776886661.5091028,0.0,0.0,-35.0
1776886661.5191028,1.0,-2.0,-35.0
1776886661.5291028,0.0,-7.0,-36.0
1776886661.5391028,1.0,-7.0,-41.0
1776886661.5491028,0.0,-5.0,-36.0
1776886661.5591028,0.0,-2.0,-31.0
1776886661.5691028,6.0,0.0,-32.0
1776886661.5791028,12.0,-5.0,-37.0
1776886661.5891027,13.0,-10.0,-37.0
1776886661.5991027,7.0,-12.0,-43.0
1776886661.6091027,2.0,-13.0,-41.0
1776886661.6191027,5.0,-10.0,-46.0
1776886661.6291027,11.0,-4.0,-46.0
1776886661.6391027,11.0,3.0,-42.0
1776886661.6491027,2.0,2.0,-43.0
1776886661.659103,0.0,0.0,-45.0
1776886661.669103,1.0,2.0,-49.0
1776886661.679103,3.0,0.0,-44.0
1776886661.6891026,-3.0,2.0,-41.0
1776886661.6991026,-1.0,2.0,-41.0
1776886661.7091026,0.0,-3.0,-37.0
1776886661.7191026,3.0,-3.0,-40.0
1776886661.7291028,1.0,-1.0,-35.0
1776886661.7391028,-4.0,-1.0,-37.0
1776886661.7491028,-2.0,-5.0,-43.0
1776886661.7591028,-6.0,-4.0,-40.0
1776886661.7691028,-1.0,-8.0,-45.0
1776886661.7791028,-4.0,-4.0,-43.0
1776886661.7891028,0.0,-4.0,-47.0
1776886661.7991028,-1.0,-6.0,-42.0
1776886661.8091028,-5.0,-3.0,-43.0
1776886661.8191028,-1.0,-5.0,-43.0
1776886661.8291028,2.0,-2.0,-46.0
1776886661.8391027,3.0,4.0,-41.0
1776886661.8491027,1.0,2.0,-40.0
1776886661.8591027,0.0,0.0,-34.0
1776886661.8691027,0.0,-1.0,-29.0
1776886661.8791027,-3.0,0.0,-25.0
1776886661.8891027,-2.0,1.0,-30.0
1776886661.8991027,-3.0,4.0,-33.0
1776886661.909103,-1.0,2.0,-34.0
1776886661.919103,0.0,-2.0,-39.0
1776886661.929103,-2.0,-1.0,-42.0
1776886661.9391026,1.0,0.0,-46.0
1776886661.9491026,2.0,-1.0,-42.0
1776886661.9591026,3.0,1.0,-47.0
1776886661.9691026,4.0,1.0,-45.0
1776886661.9791028,5.0,0.0,-45.0
1776886661.9891028,4.0,-5.0,-50.0
1776886661.9991028,3.0,-3.0,-44.0
1776886662.0091028,2.0,-1.0,-43.0
1776886662.0191028,-2.0,1.0,-46.0
1776886662.0291028,1.0,0.0,-53.0
1776886662.0391028,2.0,-1.0,-56.0
1776886662.0491028,3.0,0.0,-52.0
1776886662.0591028,5.0,1.0,-43.0
1776886662.0691028,0.0,3.0,-38.0
1776886662.0791028,-1.0,4.0,-34.0
1776886662.0891027,-1.0,0.0,-33.0
1776886662.0991027,-4.0,2.0,-35.0
1776886662.1091027,-2.0,2.0,-35.0
1776886662.1191027,3.0,3.0,-33.0
1776886662.1291027,4.0,4.0,-33.0
1776886662.1391027,5.0,4.0,-32.0
1776886662.1491027,7.0,3.0,-34.0
1776886662.159103,5.0,-1.0,-41.0
1776886662.169103,1.0,-3.0,-43.0
1776886662.179103,-3.0,-3.0,-42.0
1776886662.1891026,-6.0,-5.0,-37.0
1776886662.1991026,-8.0,-6.0,-42.0
1776886662.2091026,-10.0,-4.0,-39.0
1776886662.2191026,-6.0,0.0,-34.0
1776886662.2291028,-3.0,0.0,-29.0
1776886662.2391028,0.0,-4.0,-36.0
1776886662.2491028,0.0,-6.0,-37.0
1776886662.2591028,0.0,-6.0,-39.0
1776886662.2691028,0.0,-6.0,-44.0
1776886662.2791028,1.0,-5.0,-42.0
1776886662.2891028,1.0,-6.0,-43.0
1776886662.2991028,1.0,-5.0,-39.0
1776886662.3091028,-2.0,-4.0,-37.0
1776886662.3191028,-7.0,-3.0,-38.0
1776886662.3291028,-6.0,-6.0,-44.0
1776886662.3391027,-2.0,-3.0,-40.0
1776886662.3491027,0.0,-3.0,-36.0
1776886662.3591027,2.0,-3.0,-33.0
1776886662.3691027,4.0,-3.0,-33.0
1776886662.3791027,3.0,0.0,-42.0
1776886662.3891027,9.0,0.0,-48.0
1776886662.3991027,7.0,1.0,-41.0
1776886662.409103,5.0,0.0,-43.0
1776886662.419103,2.0,-2.0,-45.0
1776886662.429103,-1.0,0.0,-44.0
1776886662.4391026,2.0,0.0,-41.0
1776886662.4491026,5.0,4.0,-40.0
1776886662.4591026,3.0,1.0,-41.0
1776886662.4691026,0.0,0.0,-39.0
1776886662.4791028,1.0,2.0,-39.0
1776886662.4891028,3.0,0.0,-41.0
1776886662.4991028,0.0,-2.0,-43.0
1776886662.5091028,-1.0,0.0,-38.0
1776886662.5191028,-3.0,-1.0,-42.0
1776886662.5291028,-4.0,0.0,-44.0
1776886662.5391028,-2.0,6.0,-45.0
1776886662.5491028,0.0,5.0,-42.0
1776886662.5591028,0.0,4.0,-41.0
1776886662.5691028,0.0,4.0,-41.0
1776886662.5791028,0.0,0.0,-43.0
1776886662.5891027,3.0,1.0,-41.0
1776886662.5991027,1.0,2.0,-41.0
1776886662.610103,5.0,0.0,-39.0
1776886662.6201026,9.0,-1.0,-40.0
1776886662.6301026,11.0,-3.0,-36.0
1776886662.6401026,7.0,-6.0,-40.0
1776886662.6501029,7.0,-6.0,-36.0
1776886662.6601028,12.0,-3.0,-36.0
1776886662.6701028,12.0,-3.0,-39.0
1776886662.6801028,7.0,-1.0,-45.0
1776886662.6901028,5.0,1.0,-43.0
1776886662.7001028,1.0,-2.0,-36.0
1776886662.7101028,-2.0,-5.0,-31.0
1776886662.7201028,1.0,-2.0,-29.0
1776886662.7301028,1.0,-3.0,-26.0
1776886662.7401028,4.0,-1.0,-24.0
1776886662.7501028,0.0,-4.0,-26.0
1776886662.7601027,-1.0,-1.0,-26.0
1776886662.7701027,0.0,0.0,-25.0
1776886662.7801027,-2.0,0.0,-28.0
1776886662.7901027,-7.0,0.0,-31.0
1776886662.8001027,-4.0,-1.0,-34.0
1776886662.8101027,-2.0,-2.0,-33.0
1776886662.8201027,-3.0,-4.0,-35.0
1776886662.8301027,-4.0,-4.0,-37.0
1776886662.840103,-2.0,-4.0,-35.0
1776886662.850103,-5.0,-3.0,-30.0
1776886662.860103,-5.0,0.0,-39.0
1776886662.8701026,-5.0,2.0,-38.0
1776886662.8801026,-1.0,4.0,-33.0
1776886662.8901026,-5.0,1.0,-35.0
1776886662.9001029,-8.0,0.0,-34.0
1776886662.9101028,-7.0,-1.0,-44.0
1776886662.9201028,-8.0,-6.0,-42.0
1776886662.9301028,-8.0,-9.0,-48.0
1776886662.9401028,-8.0,-7.0,-49.0
1776886662.9501028,-3.0,-10.0,-46.0
1776886662.9601028,0.0,-12.0,-41.0
1776886662.9701028,2.0,-11.0,-43.0
1776886662.9801028,0.0,-6.0,-46.0
1776886662.9901028,-1.0,-4.0,-51.0
1776886663.0001028,-5.0,-7.0,-46.0
1776886663.0101027,-4.0,-6.0,-42.0
1776886663.0201027,4.0,-3.0,-42.0
1776886663.0301027,8.0,-4.0,-44.0
1776886663.0401027,6.0,-8.0,-47.0
1776886663.0501027,2.0,-7.0,-48.0
1776886663.0601027,0.0,-5.0,-44.0
1776886663.0701027,0.0,-5.0,-44.0
1776886663.0801027,-1.0,-7.0,-41.0
1776886663.090103,-2.0,-7.0,-43.0
1776886663.100103,2.0,-6.0,-46.0
1776886663.110103,0.0,-1.0,-48.0
1776886663.1201026,0.0,-1.0,-48.0
1776886663.1301026,3.0,0.0,-46.0
1776886663.1401026,2.0,-4.0,-41.0
1776886663.1501029,3.0,-5.0,-33.0
1776886663.1601028,3.0,-4.0,-35.0
1776886663.1701028,0.0,-7.0,-35.0
1776886663.1801028,0.0,-1.0,-30.0
1776886663.1901028,0.0,2.0,-34.0
1776886663.2001028,-1.0,2.0,-35.0
1776886663.2101028,1.0,0.0,-33.0
1776886663.2201028,5.0,-2.0,-27.0
1776886663.2301028,9.0,-3.0,-29.0
1776886663.2401028,4.0,-5.0,-29.0
1776886663.2501028,6.0,-6.0,-33.0
1776886663.2601027,5.0,-3.0,-36.0
1776886663.2701027,5.0,-2.0,-38.0
1776886663.2801027,3.0,-3.0,-40.0
1776886663.2901027,2.0,-5.0,-45.0
1776886663.3001027,6.0,-5.0,-50.0
1776886663.3101027,2.0,-5.0,-57.0
1776886663.3201027,3.0,-6.0,-51.0
1776886663.3301027,1.0,-6.0,-46.0
1776886663.340103,1.0,-8.0,-42.0
1776886663.350103,1.0,-8.0,-44.0
1776886663.360103,3.0,-8.0,-47.0
1776886663.3701026,2.0,-8.0,-40.0
1776886663.3801026,-2.0,-5.0,-38.0
1776886663.3901026,-5.0,0.0,-41.0
1776886663.4001029,-1.0,1.0,-45.0
1776886663.4101028,0.0,4.0,-40.0
1776886663.4201028,1.0,3.0,-35.0
1776886663.4301028,2.0,3.0,-34.0
1776886663.4401028,0.0,0.0,-38.0
1776886663.4501028,1.0,0.0,-40.0
1776886663.4601028,0.0,-2.0,-46.0
1776886663.4701028,-2.0,-4.0,-47.0
1776886663.4801028,-3.0,-2.0,-44.0
1776886663.4901028,0.0,0.0,-49.0
1776886663.5001028,-1.0,-1.0,-51.0
1776886663.5101027,0.0,-3.0,-44.0
1776886663.5201027,3.0,-3.0,-42.0
1776886663.5301027,6.0,-4.0,-43.0
1776886663.5401027,0.0,-5.0,-40.0
1776886663.5501027,-1.0,-5.0,-36.0
1776886663.5601027,-4.0,-3.0,-41.0
1776886663.5701027,0.0,-3.0,-41.0
1776886663.5801027,1.0,-1.0,-41.0
1776886663.590103,1.0,-3.0,-39.0
1776886663.600103,1.0,-1.0,-45.0
1776886663.610103,2.0,4.0,-48.0
1776886663.6201026,-1.0,0.0,-46.0
1776886663.6301026,-2.0,0.0,-40.0
1776886663.6401026,-6.0,-1.0,-38.0
1776886663.6501029,-7.0,-5.0,-42.0
1776886663.6601028,-11.0,-4.0,-41.0
1776886663.6701028,-11.0,0.0,-36.0
1776886663.6801028,-8.0,1.0,-36.0
1776886663.6901028,-5.0,-3.0,-31.0
1776886663.7001028,-5.0,-5.0,-33.0
1776886663.7101028,-6.0,-3.0,-34.0
1776886663.7201028,-4.0,-1.0,-31.0
1776886663.7301028,-5.0,1.0,-33.0
1776886663.7401028,0.0,2.0,-37.0
1776886663.7501028,0.0,0.0,-37.0
1776886663.7601027,0.0,3.0,-40.0
1776886663.7701027,1.0,5.0,-43.0
1776886663.7801027,3.0,3.0,-44.0
1776886663.7901027,4.0,0.0,-41.0
1776886663.8001027,3.0,3.0,-41.0
1776886663.8101027,7.0,0.0,-42.0
1776886663.8201027,5.0,3.0,-42.0
1776886663.8301027,-1.0,3.0,-47.0
1776886663.840103,1.0,1.0,-42.0
1776886663.850103,-3.0,0.0,-47.0
1776886663.860103,-3.0,-3.0,-48.0
1776886663.8701026,-3.0,-5.0,-48.0
1776886663.8801026,-4.0,-4.0,-43.0
1776886663.8901026,0.0,-12.0,-42.0
1776886663.9001029,-1.0,-11.0,-40.0
1776886663.9101028,-2.0,-8.0,-39.0
1776886663.9201028,-3.0,-3.0,-36.0
1776886663.9301028,-8.0,-7.0,-39.0
1776886663.9401028,-7.0,-5.0,-33.0
1776886663.9501028,-7.0,-5.0,-34.0
1776886663.9601028,-5.0,-4.0,-30.0
1776886663.9701028,-5.0,-2.0,-32.0
1776886663.9801028,-7.0,-2.0,-31.0
1776886663.9901028,-4.0,-2.0,-31.0
1776886664.0001028,0.0,-7.0,-36.0
1776886664.0101027,-1.0,-5.0,-43.0
1776886664.0201027,0.0,-1.0,-39.0
1776886664.0301027,1.0,-3.0,-40.0
1776886664.0401027,-6.0,-4.0,-32.0
1776886664.0501027,-6.0,-7.0,-29.0
1776886664.0601027,-3.0,-7.0,-33.0
1776886664.0701027,-5.0,-8.0,-36.0
1776886664.0801027,0.0,-10.0,-34.0
1776886664.090103,0.0,-6.0,-36.0
1776886664.100103,3.0,-5.0,-37.0
1776886664.110103,5.0,-5.0,-36.0
1776886664.1211028,3.0,-5.0,-39.0
1776886664.1301026,12.0,0.0,-40.0
1776886664.1401026,13.0,0.0,-41.0
1776886664.1501029,14.0,0.0,-42.0
1776886664.1601028,12.0,-1.0,-42.0
1776886664.1701028,9.0,-1.0,-33.0
1776886664.1801028,5.0,-1.0,-34.0
1776886664.1901028,6.0,0.0,-33.0
1776886664.2001028,9.0,0.0,-32.0
1776886664.2101028,6.0,-4.0,-34.0
1776886664.2201028,8.0,-2.0,-36.0
1776886664.2301028,6.0,-1.0,-45.0
1776886664.2401028,4.0,0.0,-44.0
1776886664.2501028,1.0,0.0,-44.0
1776886664.2601027,1.0,-3.0,-44.0
1776886664.2701027,0.0,-5.0,-39.0
1776886664.2801027,0.0,-7.0,-32.0
1776886664.2901027,5.0,-6.0,-30.0
1776886664.3001027,6.0,-5.0,-29.0
1776886664.3101027,5.0,-8.0,-35.0
1776886664.3201027,9.0,-9.0,-30.0
1776886664.3301027,6.0,-7.0,-32.0
1776886664.340103,6.0,-12.0,-40.0
1776886664.350103,8.0,-8.0,-42.0
1776886664.360103,12.0,-9.0,-43.0
1776886664.3701026,12.0,-8.0,-49.0
1776886664.3801026,15.0,-5.0,-47.0
1776886664.3901026,4.0,-4.0,-47.0
1776886664.4001029,1.0,-5.0,-47.0
1776886664.4101028,0.0,-9.0,-43.0
1776886664.4201028,-1.0,-4.0,-34.0
1776886664.4301028,4.0,0.0,-27.0
1776886664.4401028,1.0,2.0,-28.0
1776886664.4501028,0.0,0.0,-35.0
1776886664.4601028,1.0,1.0,-40.0
1776886664.4701028,3.0,1.0,-46.0
1776886664.4801028,1.0,0.0,-39.0
1776886664.4901028,2.0,-1.0,-34.0
1776886664.5001028,3.0,-1.0,-39.0
1776886664.5101027,1.0,0.0,-37.0
1776886664.5201027,0.0,-1.0,-41.0
1776886664.5301027,0.0,-2.0,-42.0
1776886664.5401027,-1.0,-3.0,-38.0
1776886664.5501027,-2.0,-4.0,-35.0
1776886664.5601027,-5.0,-7.0,-39.0
1776886664.5701027,-2.0,-7.0,-33.0
1776886664.5801027,0.0,-7.0,-34.0
1776886664.590103,-2.0,1.0,-44.0
1776886664.600103,-2.0,1.0,-48.0
1776886664.6111028,-1.0,1.0,-45.0
1776886664.6211028,0.0,1.0,-47.0
1776886664.6311028,0.0,1.0,-43.0
1776886664.6411028,0.0,3.0,-35.0
1776886664.6511028,3.0,3.0,-44.0
1776886664.6611028,2.0,-2.0,-47.0
1776886664.6711028,1.0,-4.0,-45.0
1776886664.6811028,3.0,-1.0,-37.0
1776886664.6911027,3.0,0.0,-37.0
1776886664.7011027,0.0,-4.0,-42.0
1776886664.7111027,2.0,-2.0,-43.0
1776886664.7211027,2.0,-5.0,-39.0
1776886664.7311027,2.0,-5.0,-35.0
1776886664.7411027,2.0,-5.0,-30.0
1776886664.7511027,4.0,-2.0,-35.0
1776886664.761103,2.0,-2.0,-36.0
1776886664.771103,-3.0,0.0,-39.0
1776886664.781103,-2.0,0.0,-37.0
1776886664.7911026,-1.0,0.0,-32.0
1776886664.8011026,0.0,0.0,-32.0
1776886664.8111026,0.0,2.0,-28.0
1776886664.8211029,2.0,0.0,-33.0
1776886664.8311028,1.0,2.0,-25.0
1776886664.8411028,2.0,3.0,-27.0
1776886664.8511028,4.0,5.0,-25.0
1776886664.8611028,4.0,3.0,-25.0
1776886664.8711028,10.0,-1.0,-31.0
1776886664.8811028,8.0,0.0,-31.0
1776886664.8911028,0.0,0.0,-34.0
1776886664.9021027,-3.0,-4.0,-31.0
1776886664.9111028,-2.0,-1.0,-27.0
1776886664.9211028,-1.0,-2.0,-27.0
1776886664.9311028,0.0,0.0,-22.0
1776886664.9411027,0.0,-2.0,-25.0
1776886664.9511027,7.0,-3.0,-28.0
1776886664.9611027,7.0,0.0,-35.0
1776886664.9711027,6.0,-1.0,-39.0
1776886664.9811027,7.0,0.0,-42.0
1776886664.9911027,8.0,0.0,-48.0
1776886665.0011027,7.0,-2.0,-51.0
1776886665.0101027,0.0,-2.0,-54.0
1776886665.021103,0.0,-3.0,-51.0
1776886665.031103,0.0,-1.0,-47.0
1776886665.0411026,1.0,-3.0,-49.0
1776886665.0511026,4.0,-4.0,-41.0
1776886665.0611026,0.0,-5.0,-35.0
1776886665.0711029,0.0,-7.0,-36.0
1776886665.0811028,1.0,-3.0,-33.0
1776886665.0911028,-1.0,-4.0,-36.0
1776886665.1011028,1.0,-5.0,-32.0
1776886665.1111028,4.0,-7.0,-26.0
1776886665.1211028,7.0,-4.0,-28.0
1776886665.1311028,10.0,-1.0,-25.0
1776886665.1411028,9.0,-3.0,-27.0
1776886665.1511028,9.0,1.0,-24.0
1776886665.1611028,0.0,4.0,-29.0
1776886665.1711028,-2.0,2.0,-30.0
1776886665.1811028,0.0,-1.0,-28.0
1776886665.1911027,5.0,0.0,-34.0
1776886665.2011027,7.0,-3.0,-37.0
1776886665.2111027,0.0,-6.0,-35.0
1776886665.2211027,-2.0,-3.0,-34.0
1776886665.2311027,-5.0,-6.0,-44.0
1776886665.2411027,-3.0,-3.0,-45.0
1776886665.2511027,1.0,-4.0,-45.0
1776886665.261103,0.0,-4.0,-47.0
1776886665.271103,-4.0,-5.0,-45.0
1776886665.281103,-5.0,-5.0,-39.0
1776886665.2911026,-5.0,-1.0,-42.0
1776886665.3011026,-4.0,-2.0,-43.0
1776886665.3111026,-2.0,2.0,-48.0
1776886665.3211029,2.0,2.0,-46.0
1776886665.3311028,0.0,5.0,-47.0
1776886665.3411028,-2.0,3.0,-48.0
1776886665.3511028,1.0,1.0,-44.0
1776886665.3611028,7.0,0.0,-47.0
1776886665.3711028,5.0,0.0,-48.0
1776886665.3811028,3.0,-3.0,-46.0
1776886665.3911028,5.0,-4.0,-39.0
1776886665.4011028,1.0,-1.0,-35.0
1776886665.4111028,0.0,-1.0,-38.0
1776886665.4211028,-1.0,-2.0,-38.0
1776886665.4311028,-2.0,-4.0,-38.0
1776886665.4411027,-4.0,-4.0,-31.0
1776886665.4511027,-1.0,-3.0,-32.0
1776886665.4611027,-1.0,-6.0,-39.0
1776886665.4711027,1.0,-6.0,-32.0
1776886665.4811027,4.0,-9.0,-45.0
1776886665.4911027,0.0,-8.0,-40.0
1776886665.5011027,2.0,-6.0,-42.0
1776886665.511103,0.0,-1.0,-47.0
1776886665.521103,0.0,2.0,-42.0
1776886665.531103,-2.0,1.0,-43.0
1776886665.5411026,-5.0,1.0,-40.0
1776886665.5511026,-3.0,0.0,-34.0
1776886665.5611026,-4.0,0.0,-29.0
1776886665.5711029,-2.0,-2.0,-29.0
1776886665.5811028,0.0,0.0,-38.0
1776886665.5911028,-1.0,0.0,-44.0
1776886665.6011028,-4.0,0.0,-46.0
1776886665.6111028,-5.0,0.0,-43.0
1776886665.6211028,-3.0,-2.0,-49.0
1776886665.6311028,-3.0,-5.0,-53.0
1776886665.6411028,0.0,-3.0,-49.0
1776886665.6511028,2.0,-4.0,-47.0
1776886665.6611028,0.0,-3.0,-54.0
1776886665.6711028,0.0,-3.0,-56.0
1776886665.6811028,1.0,2.0,-54.0
1776886665.6911027,0.0,5.0,-40.0
1776886665.7011027,0.0,3.0,-35.0
1776886665.7111027,0.0,-2.0,-37.0
1776886665.7211027,-3.0,-1.0,-42.0
1776886665.7311027,-6.0,-2.0,-46.0
1776886665.7411027,-3.0,-6.0,-43.0
1776886665.7511027,-1.0,-4.0,-39.0
1776886665.761103,2.0,1.0,-45.0
1776886665.771103,5.0,4.0,-48.0
1776886665.781103,2.0,6.0,-46.0
1776886665.7911026,1.0,4.0,-50.0
1776886665.8011026,2.0,-1.0,-46.0
1776886665.8111026,1.0,1.0,-48.0
1776886665.8211029,0.0,-6.0,-50.0
1776886665.8311028,-1.0,-8.0,-42.0
1776886665.8411028,0.0,-11.0,-36.0
1776886665.8511028,0.0,-6.0,-37.0
1776886665.8611028,2.0,-3.0,-39.0
1776886665.8711028,4.0,-3.0,-37.0
1776886665.8811028,1.0,-5.0,-41.0
1776886665.8911028,1.0,-5.0,-41.0
1776886665.9011028,3.0,-10.0,-38.0
1776886665.9111028,0.0,-7.0,-45.0
1776886665.9211028,-4.0,-6.0,-42.0
1776886665.9311028,-3.0,-6.0,-43.0
1776886665.9411027,-2.0,-5.0,-39.0
1776886665.9511027,-8.0,-1.0,-42.0
1776886665.9611027,-10.0,-1.0,-37.0
1776886665.9711027,-7.0,2.0,-38.0
1776886665.9811027,-2.0,5.0,-37.0
1776886665.9911027,-5.0,2.0,-38.0
1776886666.0011027,3.0,1.0,-41.0
1776886666.011103,2.0,-1.0,-45.0
1776886666.021103,-1.0,-5.0,-43.0
1776886666.031103,0.0,-4.0,-38.0
1776886666.0411026,0.0,-4.0,-49.0
1776886666.0511026,-2.0,-1.0,-46.0
1776886666.0611026,-3.0,-2.0,-41.0
1776886666.0711029,-5.0,-5.0,-40.0
1776886666.0811028,-2.0,-3.0,-41.0
1776886666.0911028,0.0,-3.0,-40.0
1776886666.1011028,-3.0,-2.0,-38.0
1776886666.1111028,1.0,0.0,-36.0
1776886666.1211028,0.0,-1.0,-34.0
1776886666.1311028,0.0,2.0,-32.0
1776886666.1411028,0.0,2.0,-39.0
1776886666.1511028,-1.0,2.0,-35.0
1776886666.1611028,1.0,1.0,-35.0
1776886666.1711028,-3.0,0.0,-41.0
1776886666.1811028,2.0,-1.0,-42.0
1776886666.1911027,3.0,0.0,-39.0
1776886666.2011027,5.0,2.0,-46.0
1776886666.2111027,3.0,0.0,-43.0
1776886666.2211027,4.0,5.0,-40.0
1776886666.2311027,1.0,1.0,-37.0
1776886666.2411027,6.0,1.0,-37.0
1776886666.2511027,8.0,0.0,-36.0
1776886666.261103,13.0,-1.0,-33.0
1776886666.271103,11.0,-1.0,-31.0
1776886666.281103,9.0,1.0,-31.0
1776886666.2911026,5.0,0.0,-31.0
1776886666.3011026,5.0,-1.0,-38.0
1776886666.3111026,11.0,0.0,-30.0
1776886666.3211029,7.0,1.0,-25.0
1776886666.3311028,1.0,-1.0,-31.0
1776886666.3411028,-4.0,-3.0,-37.0
1776886666.3511028,1.0,-4.0,-34.0
1776886666.3611028,1.0,-3.0,-37.0
1776886666.3711028,6.0,-5.0,-41.0
1776886666.3811028,2.0,-4.0,-35.0
1776886666.3911028,3.0,-1.0,-32.0
1776886666.4011028,2.0,0.0,-29.0
1776886666.4111028,0.0,3.0,-35.0
1776886666.4211028,-1.0,4.0,-31.0
1776886666.4311028,-1.0,0.0,-32.0
1776886666.4411027,-3.0,0.0,-44.0
1776886666.4511027,1.0,1.0,-45.0
1776886666.4611027,5.0,2.0,-40.0
1776886666.4711027,0.0,0.0,-38.0
1776886666.4811027,-2.0,-2.0,-40.0
1776886666.4911027,-1.0,-1.0,-39.0
1776886666.5011027,-2.0,0.0,-36.0
1776886666.511103,-2.0,0.0,-34.0
1776886666.521103,0.0,0.0,-30.0
1776886666.531103,0.0,1.0,-36.0
1776886666.5411026,3.0,3.0,-37.0
1776886666.5511026,4.0,3.0,-40.0
1776886666.5611026,4.0,0.0,-39.0
1776886666.5711029,8.0,-4.0,-39.0
1776886666.5811028,2.0,-13.0,-35.0
1776886666.5911028,0.0,-16.0,-34.0
1776886666.6021028,0.0,-12.0,-33.0
1776886666.6111028,-2.0,-5.0,-37.0
1776886666.6221027,0.0,-7.0,-40.0
1776886666.6321027,1.0,-6.0,-44.0
1776886666.6421027,0.0,-10.0,-42.0
1776886666.6521027,0.0,-11.0,-43.0
1776886666.6611028,2.0,-11.0,-40.0
1776886666.6721027,3.0,-9.0,-35.0
1776886666.682103,1.0,-9.0,-43.0
1776886666.692103,0.0,-12.0,-39.0
1776886666.702103,-1.0,-12.0,-31.0
1776886666.712103,0.0,-10.0,-35.0
1776886666.7221026,-1.0,-9.0,-34.0
1776886666.7321026,-2.0,-10.0,-37.0
1776886666.7421026,2.0,-1.0,-35.0
1776886666.7521029,3.0,3.0,-39.0
1776886666.7621028,5.0,0.0,-42.0
1776886666.7721028,4.0,-2.0,-40.0
1776886666.7821028,5.0,-2.0,-42.0
1776886666.7921028,4.0,-4.0,-39.0
1776886666.8021028,2.0,-5.0,-41.0
1776886666.8121028,-3.0,-4.0,-45.0
1776886666.8221028,-6.0,-1.0,-45.0
1776886666.8321028,-6.0,-6.0,-43.0
1776886666.8421028,-5.0,-6.0,-47.0
1776886666.8521028,-7.0,-9.0,-49.0
1776886666.8621027,-12.0,-7.0,-39.0
1776886666.8721027,-7.0,-5.0,-32.0
1776886666.8821027,-6.0,-3.0,-31.0
1776886666.8921027,-4.0,-2.0,-39.0
1776886666.9021027,-2.0,-4.0,-36.0
1776886666.9121027,-2.0,-3.0,-34.0
1776886666.9221027,-3.0,-4.0,-37.0
1776886666.932103,0.0,-8.0,-40.0
1776886666.942103,1.0,-7.0,-41.0
1776886666.952103,2.0,-5.0,-44.0
1776886666.962103,3.0,-6.0,-42.0
1776886666.9721026,3.0,-6.0,-38.0
1776886666.9821026,5.0,-5.0,-34.0
1776886666.9921026,4.0,-5.0,-34.0
1776886667.0021029,5.0,-5.0,-38.0
1776886667.0121028,3.0,-1.0,-32.0
1776886667.0221028,4.0,0.0,-33.0
1776886667.0321028,0.0,1.0,-31.0
1776886667.0421028,6.0,0.0,-28.0
1776886667.0521028,6.0,-1.0,-27.0
1776886667.0621028,8.0,-4.0,-26.0
1776886667.0721028,10.0,-6.0,-31.0
1776886667.0821028,9.0,-6.0,-33.0
1776886667.0921028,10.0,-6.0,-37.0
1776886667.1021028,9.0,-12.0,-42.0
1776886667.1121027,8.0,-8.0,-37.0
1776886667.1221027,5.0,-6.0,-39.0
1776886667.1321027,6.0,-9.0,-36.0
1776886667.1421027,7.0,-5.0,-36.0
1776886667.1521027,2.0,0.0,-36.0
1776886667.1621027,3.0,1.0,-46.0
1776886667.1721027,1.0,2.0,-52.0
1776886667.182103,-3.0,1.0,-47.0
1776886667.192103,-4.0,0.0,-43.0
1776886667.202103,-4.0,-1.0,-41.0
1776886667.212103,0.0,0.0,-35.0
1776886667.2221026,-1.0,-1.0,-31.0
1776886667.2321026,1.0,2.0,-29.0
1776886667.2421026,7.0,-2.0,-27.0
1776886667.2521029,4.0,-3.0,-31.0
1776886667.2621028,7.0,-2.0,-32.0
1776886667.2721028,8.0,-2.0,-31.0
1776886667.2821028,5.0,-3.0,-39.0
1776886667.2921028,2.0,-4.0,-39.0
1776886667.3021028,3.0,-7.0,-38.0
1776886667.3121028,6.0,-11.0,-42.0
1776886667.3221028,9.0,-13.0,-38.0
1776886667.3321028,5.0,-10.0,-39.0
1776886667.3421028,3.0,-7.0,-45.0
1776886667.3521028,0.0,-5.0,-42.0
1776886667.3621027,5.0,-6.0,-37.0
1776886667.3721027,10.0,-4.0,-42.0
1776886667.3821027,11.0,-4.0,-45.0
1776886667.3921027,10.0,-5.0,-44.0
1776886667.4021027,6.0,-6.0,-41.0
1776886667.4121027,3.0,-6.0,-38.0
1776886667.4221027,-2.0,-5.0,-35.0
1776886667.432103,0.0,-1.0,-36.0
1776886667.442103,-1.0,0.0,-40.0
1776886667.452103,-2.0,1.0,-35.0
1776886667.462103,-1.0,-1.0,-38.0
1776886667.4721026,-1.0,-4.0,-44.0
1776886667.4821026,-3.0,1.0,-44.0
1776886667.4921026,-1.0,7.0,-44.0
1776886667.5021029,0.0,6.0,-43.0
1776886667.5121028,-2.0,0.0,-36.0
1776886667.5221028,-4.0,-2.0,-38.0
1776886667.5321028,-3.0,-2.0,-40.0
1776886667.5421028,-4.0,-5.0,-38.0
1776886667.5521028,0.0,-8.0,-41.0
1776886667.5621028,1.0,-6.0,-50.0
1776886667.5721028,1.0,-6.0,-45.0
1776886667.5821028,0.0,-7.0,-48.0
1776886667.5921028,-1.0,-9.0,-45.0
1776886667.6021028,1.0,-12.0,-48.0
1776886667.6121027,4.0,-9.0,-52.0
1776886667.6221027,0.0,-6.0,-45.0
1776886667.6321027,-6.0,-4.0,-31.0
1776886667.6421027,-6.0,-2.0,-36.0
1776886667.6521027,-8.0,-4.0,-41.0
1776886667.6621027,-9.0,-5.0,-36.0
1776886667.6721027,-5.0,-6.0,-43.0
1776886667.682103,-2.0,-1.0,-43.0
1776886667.692103,0.0,0.0,-36.0
1776886667.702103,3.0,0.0,-39.0
1776886667.712103,-4.0,-2.0,-40.0
1776886667.7221026,-3.0,-2.0,-39.0
1776886667.7321026,1.0,-2.0,-41.0
1776886667.7421026,0.0,0.0,-43.0
1776886667.7521029,2.0,0.0,-42.0
1776886667.7621028,1.0,-3.0,-38.0
1776886667.7721028,3.0,-3.0,-36.0
1776886667.7821028,0.0,-4.0,-35.0
1776886667.7921028,2.0,0.0,-37.0
1776886667.8021028,1.0,2.0,-38.0
1776886667.8121028,0.0,3.0,-34.0
1776886667.8221028,0.0,4.0,-22.0
1776886667.8321028,0.0,6.0,-27.0
1776886667.8421028,3.0,5.0,-37.0
1776886667.8521028,4.0,3.0,-38.0
1776886667.8621027,6.0,1.0,-38.0
1776886667.8721027,4.0,5.0,-33.0
1776886667.8821027,2.0,4.0,-36.0
1776886667.8921027,5.0,2.0,-40.0
1776886667.9021027,3.0,6.0,-41.0
1776886667.9121027,1.0,4.0,-37.0
1776886667.9221027,0.0,5.0,-34.0
1776886667.932103,3.0,4.0,-37.0
1776886667.942103,1.0,0.0,-49.0
1776886667.952103,1.0,4.0,-46.0
1776886667.962103,0.0,4.0,-48.0
1776886667.9721026,-2.0,2.0,-50.0
1776886667.9821026,-1.0,1.0,-46.0
1776886667.9921026,-1.0,4.0,-45.0
1776886668.0021029,0.0,6.0,-41.0
1776886668.0121028,-2.0,5.0,-41.0
1776886668.0221028,0.0,4.0,-39.0
1776886668.0321028,-1.0,7.0,-43.0
1776886668.0421028,-3.0,6.0,-37.0
1776886668.0521028,-3.0,1.0,-34.0
1776886668.0621028,3.0,0.0,-40.0
1776886668.0721028,3.0,0.0,-38.0
1776886668.0821028,5.0,2.0,-43.0
1776886668.0921028,4.0,4.0,-43.0
1776886668.1021028,2.0,0.0,-40.0
1776886668.1121027,1.0,0.0,-44.0
1776886668.1221027,0.0,-1.0,-46.0
1776886668.1321027,0.0,-3.0,-54.0
1776886668.1421027,0.0,-6.0,-54.0
1776886668.1521027,2.0,-4.0,-45.0
1776886668.1621027,4.0,-3.0,-40.0
1776886668.1721027,0.0,0.0,-36.0
1776886668.182103,-2.0,0.0,-40.0
1776886668.192103,-3.0,1.0,-34.0
1776886668.202103,-2.0,0.0,-26.0
1776886668.212103,-4.0,-2.0,-28.0
1776886668.2221026,-6.0,0.0,-25.0
1776886668.2321026,-8.0,0.0,-21.0
1776886668.2421026,-7.0,1.0,-23.0
1776886668.2521029,1.0,-1.0,-30.0
1776886668.2621028,0.0,-2.0,-31.0
1776886668.2721028,-3.0,0.0,-25.0
1776886668.2821028,-2.0,-3.0,-28.0
1776886668.2921028,0.0,-4.0,-35.0
1776886668.3021028,-1.0,-2.0,-29.0
1776886668.3121028,-5.0,-3.0,-38.0
1776886668.3221028,-9.0,0.0,-43.0
1776886668.3321028,-7.0,-4.0,-46.0
1776886668.3421028,-5.0,-1.0,-48.0
1776886668.3521028,-6.0,4.0,-42.0
1776886668.3621027,-11.0,3.0,-45.0
1776886668.3721027,-7.0,1.0,-43.0
1776886668.3821027,-3.0,0.0,-39.0
1776886668.3921027,-3.0,2.0,-38.0
1776886668.4021027,0.0,4.0,-37.0
1776886668.4121027,-4.0,3.0,-34.0
1776886668.4221027,-4.0,-1.0,-36.0
1776886668.432103,-6.0,0.0,-34.0
1776886668.442103,-5.0,0.0,-34.0
1776886668.452103,-2.0,-1.0,-38.0
1776886668.462103,-2.0,-3.0,-41.0
1776886668.4721026,-3.0,-4.0,-40.0
1776886668.4821026,-1.0,-3.0,-42.0
1776886668.4921026,0.0,-3.0,-43.0
1776886668.5021029,0.0,-4.0,-45.0
1776886668.5121028,-1.0,-9.0,-44.0
1776886668.5221028,0.0,-11.0,-42.0
1776886668.5321028,1.0,-9.0,-47.0
1776886668.5421028,0.0,-8.0,-46.0
1776886668.5521028,0.0,-8.0,-38.0
1776886668.5621028,-2.0,-8.0,-36.0
1776886668.5721028,-2.0,-5.0,-39.0
1776886668.5821028,-2.0,-4.0,-43.0
1776886668.5921028,1.0,0.0,-44.0
1776886668.6021028,0.0,1.0,-43.0
1776886668.6121027,5.0,-1.0,-43.0
1776886668.623103,8.0,-1.0,-44.0
1776886668.633103,7.0,-3.0,-39.0
1776886668.6431026,4.0,0.0,-37.0
1776886668.6521027,5.0,0.0,-42.0
1776886668.6631026,10.0,0.0,-42.0
1776886668.6731029,8.0,0.0,-38.0
1776886668.6831028,4.0,-2.0,-38.0
1776886668.6931028,2.0,-7.0,-36.0
1776886668.7031028,0.0,-4.0,-41.0
1776886668.7131028,0.0,-6.0,-39.0
1776886668.7231028,1.0,-9.0,-31.0
1776886668.7331028,1.0,-3.0,-35.0
1776886668.7431028,1.0,-4.0,-29.0
1776886668.7531028,0.0,-4.0,-31.0
1776886668.7631028,-3.0,-11.0,-29.0
1776886668.7731028,-5.0,-13.0,-32.0
1776886668.7831028,0.0,-8.0,-38.0
1776886668.7931027,1.0,-3.0,-44.0
1776886668.8031027,5.0,-5.0,-45.0
1776886668.8131027,1.0,-2.0,-45.0
1776886668.8231027,-4.0,-3.0,-46.0
1776886668.8331027,-1.0,-6.0,-37.0
1776886668.8431027,-1.0,-2.0,-38.0
1776886668.8531027,3.0,0.0,-40.0
1776886668.863103,1.0,0.0,-43.0
1776886668.873103,4.0,0.0,-50.0
1776886668.883103,4.0,0.0,-53.0
1776886668.8931026,1.0,0.0,-50.0
1776886668.9031026,0.0,-1.0,-48.0
1776886668.9131026,-6.0,-4.0,-44.0
1776886668.9231029,-5.0,-1.0,-36.0
1776886668.9341028,-2.0,-3.0,-40.0
1776886668.9431028,-1.0,-4.0,-39.0
1776886668.9531028,0.0,-1.0,-39.0
1776886668.9631028,1.0,-1.0,-33.0
1776886668.9731028,2.0,-5.0,-39.0
1776886668.9831028,4.0,-6.0,-46.0
1776886668.9931028,2.0,-2.0,-49.0
1776886669.0031028,0.0,0.0,-48.0
1776886669.0131028,1.0,0.0,-50.0
1776886669.0231028,-1.0,-3.0,-44.0
1776886669.0331028,-1.0,-3.0,-42.0
1776886669.0431027,-3.0,0.0,-49.0
1776886669.0531027,1.0,0.0,-42.0
1776886669.0631027,0.0,0.0,-39.0
1776886669.0731027,-1.0,-2.0,-35.0
1776886669.0831027,0.0,-1.0,-35.0
1776886669.0931027,-1.0,0.0,-33.0
1776886669.1031027,-5.0,1.0,-36.0
1776886669.113103,-12.0,1.0,-36.0
1776886669.123103,-10.0,2.0,-34.0
1776886669.133103,-6.0,0.0,-37.0
1776886669.1431026,2.0,-2.0,-39.0
1776886669.1531026,5.0,-4.0,-35.0
1776886669.1631026,10.0,-6.0,-34.0
1776886669.1731029,6.0,-5.0,-39.0
1776886669.1831028,11.0,-3.0,-37.0
1776886669.1931028,7.0,-1.0,-42.0
1776886669.2031028,1.0,-3.0,-43.0
1776886669.2131028,0.0,-5.0,-43.0
1776886669.2231028,0.0,-6.0,-39.0
1776886669.2331028,0.0,-3.0,-36.0
1776886669.2431028,-2.0,0.0,-36.0
1776886669.2531028,1.0,3.0,-32.0
1776886669.2631028,0.0,2.0,-30.0
1776886669.2731028,-1.0,1.0,-26.0
1776886669.2831028,8.0,2.0,-29.0
1776886669.2931027,2.0,-1.0,-31.0
1776886669.3031027,5.0,-7.0,-33.0
1776886669.3131027,1.0,-3.0,-34.0
1776886669.3231027,0.0,-4.0,-34.0
1776886669.3331027,-1.0,-4.0,-36.0
1776886669.3431027,0.0,-3.0,-29.0
1776886669.3531027,-2.0,-6.0,-35.0
1776886669.363103,-5.0,-7.0,-36.0
1776886669.373103,-2.0,-6.0,-40.0
1776886669.383103,1.0,1.0,-42.0
1776886669.3931026,0.0,2.0,-47.0
1776886669.4031026,0.0,1.0,-46.0
1776886669.4131026,0.0,2.0,-47.0
1776886669.4231029,-3.0,1.0,-38.0
1776886669.4331028,-5.0,0.0,-42.0
1776886669.4431028,-6.0,0.0,-46.0
1776886669.4531028,0.0,-2.0,-47.0
1776886669.4631028,-1.0,0.0,-42.0
1776886669.4731028,-5.0,0.0,-44.0
1776886669.4831028,-4.0,-1.0,-39.0
1776886669.4931028,-1.0,2.0,-41.0
1776886669.5031028,0.0,4.0,-40.0
1776886669.5131028,0.0,1.0,-40.0
1776886669.5231028,0.0,-1.0,-41.0
1776886669.5331028,1.0,0.0,-38.0
1776886669.5431027,4.0,0.0,-37.0
1776886669.5531027,1.0,2.0,-41.0
1776886669.5631027,2.0,3.0,-36.0
1776886669.5731027,2.0,1.0,-31.0
1776886669.5831027,3.0,2.0,-35.0
1776886669.5931027,2.0,2.0,-37.0
1776886669.6031027,0.0,6.0,-35.0
1776886669.613103,-5.0,0.0,-39.0
1776886669.623103,-3.0,0.0,-41.0
1776886669.633103,-4.0,1.0,-40.0
1776886669.6431026,-2.0,2.0,-37.0
1776886669.6531026,2.0,0.0,-36.0
1776886669.6631026,1.0,-2.0,-38.0
1776886669.6731029,0.0,0.0,-37.0
1776886669.6831028,-1.0,-2.0,-41.0
1776886669.6931028,-2.0,-2.0,-43.0
1776886669.7031028,-3.0,-3.0,-42.0
1776886669.7131028,-5.0,-4.0,-39.0
1776886669.7231028,-2.0,-3.0,-42.0
1776886669.7331028,-1.0,-3.0,-42.0
1776886669.7431028,-6.0,-2.0,-47.0
1776886669.7531028,-6.0,-3.0,-45.0
1776886669.7631028,-3.0,-3.0,-44.0
1776886669.7731028,0.0,-4.0,-43.0
1776886669.7831028,0.0,-2.0,-46.0
1776886669.7931027,1.0,0.0,-39.0
1776886669.8031027,1.0,-3.0,-40.0
1776886669.8131027,3.0,-2.0,-38.0
1776886669.8231027,2.0,0.0,-35.0
1776886669.8331027,0.0,-1.0,-36.0
1776886669.8431027,0.0,0.0,-39.0
1776886669.8531027,-2.0,3.0,-42.0
1776886669.863103,-2.0,4.0,-44.0
1776886669.873103,-1.0,7.0,-37.0
1776886669.883103,-4.0,7.0,-36.0
1776886669.8931026,-1.0,5.0,-31.0
1776886669.9031026,-4.0,2.0,-28.0
1776886669.9131026,-2.0,2.0,-30.0
1776886669.9231029,-3.0,3.0,-31.0
1776886669.9331028,0.0,3.0,-30.0
1776886669.9431028,0.0,7.0,-33.0
1776886669.9531028,1.0,5.0,-33.0
1776886669.9631028,5.0,6.0,-35.0
1776886669.9731028,4.0,6.0,-40.0
1776886669.9831028,5.0,5.0,-37.0
1776886669.9931028,7.0,5.0,-34.0
1776886670.0031028,6.0,4.0,-40.0
1776886670.0131028,9.0,5.0,-40.0
1776886670.0231028,7.0,-2.0,-35.0
1776886670.0331028,7.0,-2.0,-33.0
1776886670.0431027,3.0,-4.0,-38.0
1776886670.0531027,4.0,-4.0,-40.0
1776886670.0631027,2.0,-1.0,-42.0
1776886670.0731027,1.0,-4.0,-43.0
1776886670.0831027,2.0,-3.0,-41.0
1776886670.0931027,8.0,-7.0,-37.0
1776886670.1031027,9.0,-9.0,-34.0
1776886670.113103,7.0,-6.0,-39.0
1776886670.123103,4.0,-2.0,-43.0
1776886670.133103,9.0,0.0,-43.0
1776886670.1431026,9.0,-2.0,-48.0
1776886670.1531026,7.0,0.0,-46.0
1776886670.1631026,5.0,0.0,-40.0
1776886670.1731029,3.0,-1.0,-38.0
1776886670.1831028,3.0,0.0,-40.0
1776886670.1931028,0.0,-3.0,-38.0
1776886670.2031028,3.0,-5.0,-39.0
1776886670.2131028,0.0,-1.0,-36.0
1776886670.2231028,0.0,-3.0,-35.0
1776886670.2331028,2.0,-2.0,-37.0
1776886670.2431028,6.0,-3.0,-36.0
1776886670.2531028,8.0,-6.0,-37.0
1776886670.2631028,6.0,-7.0,-41.0
1776886670.2731028,2.0,-5.0,-40.0
1776886670.2831028,0.0,-5.0,-39.0
1776886670.2931027,0.0,-4.0,-30.0
1776886670.3031027,-1.0,-3.0,-39.0
1776886670.3131027,3.0,-7.0,-29.0
1776886670.3231027,8.0,-3.0,-27.0
1776886670.3331027,8.0,-3.0,-30.0
1776886670.3431027,3.0,-4.0,-29.0
1776886670.3531027,5.0,-1.0,-36.0
1776886670.363103,5.0,0.0,-24.0
1776886670.373103,3.0,-2.0,-30.0
1776886670.383103,5.0,-4.0,-30.0
1776886670.3931026,5.0,-4.0,-30.0
1776886670.4031026,2.0,-3.0,-33.0
1776886670.4131026,2.0,-5.0,-33.0
1776886670.4231029,2.0,-6.0,-38.0
1776886670.4331028,1.0,-3.0,-34.0
1776886670.4431028,5.0,-3.0,-38.0
1776886670.4531028,7.0,1.0,-31.0
1776886670.4631028,4.0,-1.0,-33.0
1776886670.4731028,0.0,0.0,-36.0
1776886670.4831028,-1.0,4.0,-37.0
1776886670.4931028,0.0,3.0,-37.0
1776886670.5031028,3.0,0.0,-40.0
1776886670.5131028,4.0,2.0,-40.0
1776886670.5231028,0.0,3.0,-41.0
1776886670.5331028,0.0,0.0,-43.0
1776886670.5431027,2.0,-2.0,-42.0
1776886670.5531027,2.0,-3.0,-41.0
1776886670.5631027,2.0,0.0,-38.0
1776886670.5731027,5.0,-1.0,-43.0
1776886670.5831027,-1.0,-2.0,-40.0
1776886670.5931027,0.0,0.0,-38.0
1776886670.6041028,-1.0,0.0,-38.0
1776886670.613103,0.0,-1.0,-32.0
1776886670.6241028,1.0,-4.0,-31.0
1776886670.6341028,1.0,-8.0,-32.0
1776886670.6441028,1.0,-7.0,-30.0
1776886670.6541028,0.0,-7.0,-23.0
1776886670.6641028,0.0,-4.0,-31.0
1776886670.6741028,-1.0,-1.0,-32.0
1776886670.6841028,0.0,1.0,-37.0
1776886670.6941028,0.0,-1.0,-33.0
1776886670.7041028,2.0,-4.0,-31.0
1776886670.7141027,0.0,-6.0,-26.0
1776886670.7241027,0.0,-4.0,-27.0
1776886670.7341027,4.0,-5.0,-26.0
1776886670.7441027,6.0,-4.0,-28.0
1776886670.7541027,7.0,-5.0,-27.0
1776886670.7641027,5.0,-11.0,-32.0
1776886670.7741027,1.0,-6.0,-33.0
1776886670.784103,5.0,-4.0,-29.0
1776886670.794103,6.0,-5.0,-39.0
1776886670.804103,2.0,-6.0,-40.0
1776886670.8141026,0.0,-5.0,-46.0
1776886670.8241026,-1.0,-4.0,-50.0
1776886670.8341026,-2.0,-4.0,-54.0
1776886670.8441026,-3.0,-3.0,-54.0
1776886670.8541028,0.0,-2.0,-49.0
1776886670.8641028,-2.0,-2.0,-44.0
1776886670.8741028,0.0,-4.0,-41.0
1776886670.8841028,0.0,-4.0,-41.0
1776886670.8941028,0.0,-5.0,-36.0
1776886670.9041028,0.0,-9.0,-37.0
1776886670.9141028,-3.0,-7.0,-38.0
1776886670.9241028,-3.0,-8.0,-36.0
1776886670.9341028,-2.0,-4.0,-33.0
1776886670.9441028,-2.0,-4.0,-32.0
1776886670.9541028,1.0,-1.0,-33.0
1776886670.9641027,2.0,-1.0,-35.0
1776886670.9741027,-3.0,0.0,-38.0
1776886670.9841027,-2.0,-1.0,-38.0
1776886670.9941027,0.0,-1.0,-42.0
1776886671.0041027,-1.0,0.0,-38.0
1776886671.0141027,2.0,-2.0,-44.0
1776886671.0241027,0.0,-7.0,-42.0
1776886671.034103,1.0,-6.0,-44.0
1776886671.044103,1.0,-7.0,-43.0
1776886671.054103,0.0,-6.0,-38.0
1776886671.0641026,-2.0,-13.0,-36.0
1776886671.0741026,-3.0,-6.0,-41.0
1776886671.0841026,-4.0,-6.0,-37.0
1776886671.0941026,-2.0,-8.0,-36.0
1776886671.1041028,-4.0,-7.0,-37.0
1776886671.1141028,-6.0,0.0,-43.0
1776886671.1241028,-2.0,1.0,-43.0
1776886671.1341028,0.0,-2.0,-40.0
1776886671.1441028,0.0,-5.0,-44.0
1776886671.1541028,-4.0,1.0,-51.0
1776886671.1641028,-5.0,-1.0,-47.0
1776886671.1741028,-5.0,-3.0,-50.0
1776886671.1841028,-4.0,-4.0,-47.0
1776886671.1941028,-4.0,-5.0,-43.0
1776886671.2041028,-4.0,-6.0,-41.0
1776886671.2141027,-2.0,-6.0,-47.0
1776886671.2241027,-3.0,-3.0,-41.0
1776886671.2341027,0.0,-3.0,-41.0
1776886671.2441027,4.0,-4.0,-33.0
1776886671.2541027,8.0,-4.0,-31.0
1776886671.2641027,4.0,-4.0,-32.0
1776886671.2741027,2.0,-5.0,-38.0
1776886671.284103,2.0,-4.0,-33.0
1776886671.294103,4.0,-2.0,-37.0
1776886671.304103,1.0,-3.0,-34.0
1776886671.3141026,-4.0,-3.0,-40.0
1776886671.3241026,-3.0,-6.0,-40.0
1776886671.3341026,-2.0,-5.0,-36.0
1776886671.3441026,-2.0,-7.0,-35.0
1776886671.3541028,-1.0,-9.0,-38.0
1776886671.3641028,0.0,-7.0,-36.0
1776886671.3741028,3.0,-6.0,-41.0
1776886671.3841028,8.0,-6.0,-48.0
1776886671.3941028,9.0,-4.0,-50.0
1776886671.4041028,9.0,-7.0,-45.0
1776886671.4141028,10.0,-5.0,-47.0
1776886671.4241028,6.0,-8.0,-35.0
1776886671.4341028,3.0,-8.0,-33.0
1776886671.4441028,0.0,-4.0,-37.0
1776886671.4541028,0.0,-7.0,-40.0
1776886671.4641027,-1.0,-5.0,-38.0
1776886671.4741027,4.0,-9.0,-39.0
1776886671.4841027,0.0,-4.0,-43.0
1776886671.4941027,0.0,0.0,-43.0
1776886671.5041027,-3.0,2.0,-40.0
1776886671.5141027,-3.0,0.0,-37.0
1776886671.5241027,-4.0,2.0,-37.0
1776886671.534103,-2.0,5.0,-36.0
1776886671.544103,-6.0,0.0,-34.0
1776886671.554103,-8.0,-1.0,-39.0
1776886671.5641026,-7.0,-2.0,-36.0
1776886671.5741026,0.0,-1.0,-34.0
1776886671.5841026,-3.0,-1.0,-34.0
1776886671.5941026,-4.0,-4.0,-40.0
1776886671.6041028,0.0,-8.0,-44.0
1776886671.6141028,-3.0,-9.0,-42.0
1776886671.6241028,-5.0,-9.0,-37.0
1776886671.6341028,-5.0,-7.0,-41.0
1776886671.6441028,-6.0,-5.0,-40.0
1776886671.6541028,-8.0,-10.0,-39.0
1776886671.6641028,-5.0,-8.0,-43.0
1776886671.6741028,-6.0,-8.0,-44.0
1776886671.6841028,-9.0,-6.0,-37.0
1776886671.6941028,-5.0,-5.0,-38.0
1776886671.7041028,-4.0,-4.0,-38.0
1776886671.7141027,-5.0,-6.0,-35.0
1776886671.7241027,-4.0,-6.0,-41.0
1776886671.7341027,-5.0,-1.0,-47.0
1776886671.7441027,-7.0,0.0,-43.0
1776886671.7541027,-2.0,1.0,-45.0
1776886671.7641027,-1.0,4.0,-46.0
1776886671.7741027,1.0,0.0,-45.0
1776886671.784103,-1.0,-2.0,-44.0
1776886671.794103,2.0,-6.0,-48.0
1776886671.804103,0.0,-6.0,-45.0
1776886671.8141026,-1.0,-4.0,-43.0
1776886671.8241026,0.0,-6.0,-46.0
1776886671.8341026,-1.0,-5.0,-50.0
1776886671.8441026,-5.0,-2.0,-47.0
1776886671.8541028,-7.0,-4.0,-42.0
1776886671.8641028,0.0,2.0,-40.0
1776886671.8741028,2.0,4.0,-40.0
1776886671.8841028,2.0,0.0,-35.0
1776886671.8941028,2.0,-2.0,-31.0
1776886671.9041028,0.0,-4.0,-40.0
1776886671.9141028,0.0,-5.0,-39.0
1776886671.9241028,3.0,-5.0,-39.0
1776886671.9341028,1.0,-5.0,-34.0
1776886671.9441028,2.0,-6.0,-28.0
1776886671.9541028,1.0,-8.0,-36.0
1776886671.9641027,-2.0,-7.0,-28.0
1776886671.9741027,-4.0,-7.0,-30.0
1776886671.9841027,-5.0,-9.0,-36.0
1776886671.9941027,-9.0,-9.0,-34.0
1776886672.0041027,-4.0,-7.0,-37.0
1776886672.0141027,-3.0,-4.0,-45.0
1776886672.0241027,0.0,-5.0,-40.0
1776886672.034103,-4.0,-2.0,-35.0
1776886672.044103,-3.0,-2.0,-29.0
1776886672.054103,-1.0,-6.0,-33.0
1776886672.0641026,2.0,-10.0,-31.0
1776886672.0741026,1.0,-9.0,-34.0
1776886672.0841026,4.0,-6.0,-37.0
1776886672.0941026,0.0,-7.0,-38.0
1776886672.1041028,-1.0,-7.0,-34.0
1776886672.1141028,-5.0,-7.0,-33.0
1776886672.1241028,-7.0,-11.0,-33.0
1776886672.1341028,0.0,-11.0,-31.0
1776886672.1441028,0.0,-9.0,-36.0
1776886672.1541028,0.0,-8.0,-45.0
1776886672.1641028,2.0,-9.0,-38.0
1776886672.1741028,3.0,-9.0,-42.0
1776886672.1841028,1.0,-8.0,-45.0
1776886672.1941028,6.0,-12.0,-37.0
1776886672.2041028,6.0,-9.0,-35.0
1776886672.2141027,5.0,-9.0,-39.0
1776886672.2241027,9.0,-4.0,-45.0
1776886672.2341027,7.0,-2.0,-43.0
1776886672.2441027,7.0,0.0,-43.0
1776886672.2541027,2.0,0.0,-48.0
1776886672.2641027,0.0,0.0,-45.0
1776886672.2741027,-4.0,-2.0,-39.0
1776886672.284103,-5.0,0.0,-31.0
1776886672.294103,-3.0,1.0,-38.0
1776886672.304103,-2.0,2.0,-39.0
1776886672.3141026,1.0,3.0,-42.0
1776886672.3241026,0.0,-1.0,-42.0
1776886672.3341026,2.0,0.0,-39.0
1776886672.3441026,5.0,-2.0,-40.0
1776886672.3541028,7.0,0.0,-39.0
1776886672.3641028,10.0,-3.0,-40.0
1776886672.3741028,8.0,-3.0,-32.0
1776886672.3841028,5.0,-6.0,-34.0
1776886672.3941028,5.0,-3.0,-29.0
1776886672.4041028,8.0,-3.0,-22.0
1776886672.4141028,6.0,-1.0,-28.0
1776886672.4241028,6.0,0.0,-22.0
1776886672.4341028,0.0,0.0,-24.0
1776886672.4441028,1.0,-1.0,-24.0
1776886672.4541028,1.0,-2.0,-27.0
1776886672.4641027,0.0,-5.0,-34.0
1776886672.4741027,-2.0,-3.0,-33.0
1776886672.4841027,0.0,-7.0,-31.0
1776886672.4941027,0.0,-6.0,-29.0
1776886672.5041027,3.0,-9.0,-36.0
1776886672.5141027,6.0,-7.0,-45.0
1776886672.5241027,4.0,-5.0,-47.0
1776886672.534103,-1.0,-8.0,-41.0
1776886672.544103,-4.0,-7.0,-41.0
1776886672.554103,-7.0,-3.0,-36.0
1776886672.5641026,-6.0,-1.0,-38.0
1776886672.5741026,-1.0,0.0,-40.0
1776886672.5851028,2.0,0.0,-43.0
1776886672.5941026,2.0,-1.0,-40.0
1776886672.6041028,4.0,0.0,-47.0
1776886672.6141028,6.0,0.0,-47.0
1776886672.6241028,7.0,0.0,-44.0
1776886672.6351027,1.0,-3.0,-43.0
1776886672.6451027,1.0,-4.0,-35.0
1776886672.6551027,1.0,-2.0,-42.0
1776886672.6651027,0.0,-3.0,-46.0
1776886672.6751027,-2.0,-4.0,-47.0
1776886672.6851027,-2.0,-2.0,-43.0
1776886672.6951027,0.0,-3.0,-38.0
1776886672.7051027,1.0,-4.0,-35.0
1776886672.715103,-1.0,-4.0,-36.0
1776886672.725103,1.0,0.0,-31.0
1776886672.735103,0.0,0.0,-29.0
1776886672.7451026,3.0,0.0,-30.0
1776886672.7551026,3.0,3.0,-29.0
1776886672.7651026,4.0,1.0,-34.0
1776886672.7751029,2.0,0.0,-35.0
1776886672.7851028,1.0,3.0,-35.0
1776886672.7951028,-2.0,7.0,-32.0
1776886672.8051028,-2.0,9.0,-27.0
1776886672.8151028,-1.0,8.0,-26.0
1776886672.8251028,0.0,4.0,-29.0
1776886672.8351028,-3.0,0.0,-22.0
1776886672.8451028,-6.0,1.0,-20.0
1776886672.8551028,-5.0,1.0,-24.0
1776886672.8651028,0.0,-1.0,-23.0
1776886672.8751028,-3.0,0.0,-22.0
1776886672.8851027,-4.0,1.0,-32.0
1776886672.8951027,-3.0,3.0,-38.0
1776886672.9051027,-7.0,4.0,-39.0
1776886672.9151027,-9.0,0.0,-43.0
1776886672.9251027,-8.0,0.0,-45.0
1776886672.9351027,-2.0,4.0,-52.0
1776886672.9451027,-5.0,3.0,-49.0
1776886672.9551027,-3.0,0.0,-46.0
1776886672.965103,-5.0,3.0,-41.0
1776886672.975103,1.0,2.0,-41.0
1776886672.985103,5.0,3.0,-45.0
1776886672.9951026,3.0,1.0,-40.0
1776886673.0051026,3.0,1.0,-40.0
1776886673.0151026,-2.0,-2.0,-44.0
1776886673.0251029,-4.0,2.0,-43.0
1776886673.0351028,-2.0,4.0,-46.0
1776886673.0451028,-2.0,5.0,-48.0
1776886673.0551028,-2.0,3.0,-41.0
1776886673.0651028,-5.0,7.0,-36.0
1776886673.0751028,-5.0,1.0,-38.0
1776886673.0851028,-6.0,-4.0,-36.0
1776886673.0951028,-2.0,-2.0,-40.0
1776886673.1051028,4.0,-1.0,-45.0
1776886673.1151028,9.0,-2.0,-49.0
1776886673.1251028,6.0,-2.0,-46.0
1776886673.1351027,4.0,-2.0,-49.0
1776886673.1451027,-4.0,-3.0,-48.0
1776886673.1551027,-7.0,-2.0,-48.0
1776886673.1651027,-7.0,-4.0,-44.0
1776886673.1751027,-6.0,0.0,-47.0
1776886673.1851027,-7.0,-2.0,-42.0
1776886673.1951027,-8.0,-2.0,-37.0
1776886673.2051027,-8.0,-3.0,-40.0
1776886673.215103,-10.0,-3.0,-43.0
1776886673.225103,-7.0,-1.0,-48.0
1776886673.235103,-3.0,-6.0,-37.0
1776886673.2451026,-1.0,-11.0,-31.0
1776886673.2551026,-4.0,-10.0,-34.0
1776886673.2651026,-3.0,-14.0,-38.0
1776886673.2751029,-7.0,-12.0,-34.0
1776886673.2851028,-9.0,-6.0,-41.0
1776886673.2951028,-4.0,0.0,-42.0
1776886673.3051028,-5.0,-3.0,-34.0
1776886673.3151028,0.0,0.0,-35.0
1776886673.3251028,-1.0,0.0,-36.0
1776886673.3351028,-2.0,-4.0,-41.0
1776886673.3451028,-5.0,-4.0,-45.0
1776886673.3551028,-1.0,-5.0,-50.0
1776886673.3651028,-2.0,-3.0,-48.0
1776886673.3751028,0.0,-4.0,-44.0
1776886673.3851027,1.0,-7.0,-41.0
1776886673.3951027,-4.0,-6.0,-44.0
1776886673.4051027,-6.0,-5.0,-44.0
1776886673.4151027,-7.0,-1.0,-42.0
1776886673.4251027,-2.0,-1.0,-38.0
1776886673.4351027,0.0,-2.0,-37.0
1776886673.4451027,-2.0,1.0,-40.0
1776886673.4551027,-2.0,1.0,-44.0
1776886673.465103,-3.0,-1.0,-44.0
1776886673.475103,0.0,1.0,-39.0
1776886673.485103,-3.0,0.0,-38.0
1776886673.4951026,-2.0,4.0,-35.0
1776886673.5051026,0.0,2.0,-35.0
1776886673.5151026,1.0,0.0,-35.0
1776886673.5251029,-1.0,0.0,-38.0
1776886673.5351028,-2.0,-5.0,-39.0
1776886673.5451028,2.0,-4.0,-39.0
1776886673.5551028,-1.0,-4.0,-32.0
1776886673.5651028,0.0,-3.0,-33.0
1776886673.5751028,-1.0,-3.0,-34.0
1776886673.5851028,-4.0,-6.0,-35.0
1776886673.5951028,-2.0,-5.0,-37.0
1776886673.6051028,-3.0,-4.0,-45.0
1776886673.6151028,-3.0,-11.0,-40.0
1776886673.6251028,-4.0,-14.0,-36.0
1776886673.6351027,-5.0,-8.0,-40.0
1776886673.6451027,-9.0,-9.0,-35.0
1776886673.6551027,-6.0,-9.0,-37.0
1776886673.6651027,-4.0,-7.0,-42.0
1776886673.6751027,-1.0,-8.0,-39.0
1776886673.6851027,1.0,-8.0,-39.0
1776886673.6951027,-2.0,-6.0,-36.0
1776886673.7051027,-3.0,-5.0,-38.0
1776886673.715103,0.0,-2.0,-34.0
1776886673.725103,0.0,1.0,-27.0
1776886673.735103,0.0,1.0,-32.0
1776886673.7451026,-3.0,3.0,-27.0
1776886673.7551026,-3.0,0.0,-21.0
1776886673.7651026,-5.0,-2.0,-23.0
1776886673.7751029,-5.0,-3.0,-22.0
1776886673.7851028,-3.0,-6.0,-22.0
1776886673.7951028,-6.0,-5.0,-19.0
1776886673.8051028,-5.0,-7.0,-27.0
1776886673.8151028,-2.0,-5.0,-28.0
1776886673.8251028,2.0,-4.0,-27.0
1776886673.8351028,2.0,0.0,-22.0
1776886673.8451028,0.0,-2.0,-28.0
1776886673.8551028,-2.0,-3.0,-32.0
1776886673.8651028,-4.0,-2.0,-35.0
1776886673.8751028,-6.0,-1.0,-41.0
1776886673.8851027,-5.0,-1.0,-38.0
1776886673.8951027,0.0,-5.0,-39.0
1776886673.9051027,1.0,-3.0,-43.0
1776886673.9151027,-1.0,0.0,-42.0
1776886673.9251027,-6.0,-2.0,-43.0
1776886673.9351027,-7.0,-3.0,-44.0
1776886673.9451027,-6.0,-2.0,-45.0
1776886673.9551027,-8.0,-1.0,-46.0
1776886673.965103,-6.0,-3.0,-52.0
1776886673.975103,-6.0,-3.0,-48.0
1776886673.985103,-6.0,-2.0,-45.0
1776886673.9951026,-3.0,-3.0,-44.0
1776886674.0051026,-5.0,-6.0,-46.0
1776886674.0151026,0.0,-5.0,-46.0
1776886674.0251029,1.0,-4.0,-49.0
1776886674.0351028,4.0,-6.0,-49.0
1776886674.0451028,3.0,-6.0,-52.0
1776886674.0551028,2.0,-2.0,-45.0
1776886674.0651028,-2.0,-1.0,-39.0
1776886674.0751028,1.0,-1.0,-41.0
1776886674.0851028,-3.0,0.0,-36.0
1776886674.0951028,-1.0,1.0,-38.0
1776886674.1051028,-2.0,2.0,-40.0
1776886674.1151028,-3.0,4.0,-45.0
1776886674.1251028,-2.0,9.0,-44.0
1776886674.1351027,-11.0,7.0,-49.0
1776886674.1451027,-6.0,5.0,-46.0
1776886674.1551027,0.0,4.0,-43.0
1776886674.1651027,0.0,0.0,-47.0
1776886674.1751027,1.0,-2.0,-44.0
1776886674.1851027,-1.0,-8.0,-43.0
1776886674.1951027,-2.0,-8.0,-44.0
1776886674.2051027,-4.0,-8.0,-50.0
1776886674.215103,-6.0,-3.0,-52.0
1776886674.225103,-6.0,-6.0,-49.0
1776886674.235103,-2.0,-4.0,-46.0
1776886674.2451026,-3.0,-3.0,-39.0
1776886674.2551026,1.0,-1.0,-41.0
1776886674.2651026,4.0,-2.0,-40.0
1776886674.2751029,1.0,0.0,-42.0
1776886674.2851028,-3.0,0.0,-40.0
1776886674.2951028,-3.0,-1.0,-41.0
1776886674.3051028,-2.0,-3.0,-48.0
1776886674.3151028,-3.0,-1.0,-46.0
1776886674.3251028,-6.0,-2.0,-39.0
1776886674.3351028,-6.0,-2.0,-40.0
1776886674.3451028,-7.0,-2.0,-45.0
1776886674.3551028,-3.0,-2.0,-39.0
1776886674.3651028,-5.0,0.0,-34.0
1776886674.3751028,-4.0,-5.0,-32.0
1776886674.3851027,-2.0,-2.0,-26.0
1776886674.3951027,-2.0,-3.0,-24.0
1776886674.4051027,-1.0,-3.0,-29.0
1776886674.4151027,1.0,-1.0,-22.0
1776886674.4251027,-4.0,-1.0,-20.0
1776886674.4351027,-1.0,0.0,-21.0
1776886674.4451027,-1.0,-1.0,-23.0
1776886674.4551027,1.0,1.0,-30.0
1776886674.465103,2.0,-1.0,-31.0
1776886674.475103,-1.0,-6.0,-39.0
1776886674.485103,1.0,-6.0,-41.0
1776886674.4951026,2.0,-7.0,-46.0
1776886674.5051026,5.0,-4.0,-49.0
1776886674.5151026,5.0,-6.0,-47.0
1776886674.5251029,3.0,-4.0,-50.0
1776886674.5351028,2.0,-4.0,-51.0
1776886674.5451028,3.0,-4.0,-51.0
1776886674.5551028,5.0,1.0,-52.0
1776886674.5651028,7.0,1.0,-51.0
1776886674.5751028,3.0,-1.0,-49.0
1776886674.5851028,0.0,-2.0,-48.0
1776886674.5951028,1.0,-3.0,-53.0
1776886674.6061027,2.0,-1.0,-53.0
1776886674.6161027,0.0,-4.0,-53.0
1776886674.6261027,-2.0,-2.0,-46.0
1776886674.636103,-3.0,-4.0,-42.0
1776886674.646103,-2.0,-3.0,-35.0
1776886674.656103,-3.0,2.0,-29.0
1776886674.6651027,-3.0,0.0,-30.0
1776886674.6761026,-3.0,2.0,-37.0
1776886674.6861026,-4.0,2.0,-41.0
1776886674.6961029,-5.0,-4.0,-37.0
1776886674.7061028,-3.0,0.0,-39.0
1776886674.7161028,-1.0,-4.0,-41.0
1776886674.7261028,-1.0,-8.0,-39.0
1776886674.7361028,1.0,-3.0,-34.0
1776886674.7461028,0.0,1.0,-32.0
1776886674.7561028,-1.0,0.0,-42.0
1776886674.7661028,0.0,-1.0,-40.0
1776886674.7761028,-1.0,1.0,-40.0
1776886674.7861028,3.0,0.0,-39.0
1776886674.7961028,3.0,0.0,-41.0
1776886674.8061028,0.0,0.0,-44.0
1776886674.8161027,-1.0,0.0,-40.0
1776886674.8261027,4.0,0.0,-37.0
1776886674.8361027,3.0,-3.0,-32.0
1776886674.8461027,-1.0,-1.0,-42.0
1776886674.8561027,-3.0,0.0,-41.0
1776886674.8661027,-4.0,1.0,-44.0
1776886674.8761027,-4.0,1.0,-36.0
1776886674.886103,-2.0,-3.0,-37.0
1776886674.896103,-1.0,-5.0,-41.0
1776886674.906103,-2.0,-4.0,-34.0
1776886674.9161026,1.0,-5.0,-41.0
1776886674.9261026,1.0,-4.0,-38.0
1776886674.9361026,1.0,-3.0,-41.0
1776886674.9461029,2.0,-6.0,-39.0
1776886674.9561028,0.0,-5.0,-44.0
1776886674.9661028,2.0,-1.0,-42.0
1776886674.9761028,6.0,0.0,-45.0
1776886674.9861028,3.0,1.0,-42.0
1776886674.9961028,0.0,3.0,-43.0
1776886675.0061028,0.0,2.0,-46.0
1776886675.0161028,-3.0,1.0,-49.0
1776886675.0261028,-3.0,0.0,-50.0
1776886675.0361028,0.0,0.0,-50.0
1776886675.0461028,4.0,-2.0,-51.0
1776886675.0561028,0.0,0.0,-50.0
1776886675.0661027,2.0,-2.0,-47.0
1776886675.0761027,8.0,0.0,-40.0
1776886675.0861027,6.0,3.0,-35.0
1776886675.0961027,1.0,0.0,-33.0
1776886675.1061027,2.0,1.0,-37.0
1776886675.1161027,-2.0,1.0,-36.0
1776886675.1261027,-5.0,-3.0,-40.0
1776886675.136103,-12.0,-3.0,-38.0
1776886675.146103,-10.0,-6.0,-41.0
1776886675.156103,-8.0,-2.0,-44.0
1776886675.1661026,-6.0,0.0,-42.0
1776886675.1761026,-2.0,1.0,-41.0
1776886675.1861026,0.0,0.0,-41.0
1776886675.1961029,2.0,0.0,-34.0
1776886675.2061028,-2.0,0.0,-35.0
1776886675.2161028,-4.0,-3.0,-36.0
1776886675.2261028,-3.0,-1.0,-44.0
1776886675.2361028,-2.0,0.0,-46.0
1776886675.2461028,-1.0,0.0,-38.0
1776886675.2561028,2.0,0.0,-38.0
1776886675.2661028,0.0,0.0,-43.0
1776886675.2761028,-3.0,-1.0,-42.0
1776886675.2861028,-2.0,-3.0,-38.0
1776886675.2961028,-3.0,-4.0,-43.0
1776886675.3061028,-1.0,-3.0,-45.0
1776886675.3161027,-1.0,-3.0,-42.0
1776886675.3261027,2.0,1.0,-40.0
1776886675.3361027,1.0,-2.0,-46.0
1776886675.3461027,0.0,-3.0,-51.0
1776886675.3561027,0.0,0.0,-38.0
1776886675.3661027,0.0,-4.0,-36.0
1776886675.3761027,4.0,-4.0,-36.0
1776886675.386103,4.0,-2.0,-35.0
1776886675.396103,6.0,0.0,-39.0
1776886675.406103,4.0,0.0,-37.0
1776886675.4161026,4.0,0.0,-36.0
1776886675.4261026,4.0,1.0,-41.0
1776886675.4361026,0.0,0.0,-45.0
1776886675.4461029,2.0,-4.0,-46.0
1776886675.4561028,3.0,-7.0,-42.0
1776886675.4661028,1.0,-7.0,-44.0
1776886675.4761028,-4.0,-4.0,-48.0
1776886675.4861028,-5.0,-3.0,-46.0
1776886675.4961028,0.0,-2.0,-42.0
1776886675.5061028,1.0,-4.0,-42.0
1776886675.5161028,1.0,-5.0,-32.0
1776886675.5261028,1.0,-5.0,-31.0
1776886675.5361028,-4.0,-9.0,-33.0
1776886675.5461028,0.0,-4.0,-36.0
1776886675.5561028,3.0,3.0,-35.0
1776886675.5661027,1.0,6.0,-30.0
1776886675.5761027,3.0,3.0,-32.0
1776886675.5861027,5.0,1.0,-34.0
1776886675.5961027,1.0,3.0,-36.0
1776886675.6061027,-1.0,4.0,-33.0
1776886675.6161027,-4.0,5.0,-30.0
1776886675.6261027,-3.0,5.0,-27.0
1776886675.636103,-5.0,2.0,-35.0
1776886675.646103,-5.0,0.0,-36.0
1776886675.656103,-2.0,4.0,-39.0
1776886675.6661026,0.0,2.0,-39.0
1776886675.6761026,1.0,0.0,-39.0
1776886675.6861026,4.0,-3.0,-40.0
1776886675.6961029,0.0,-3.0,-34.0
1776886675.7061028,3.0,-3.0,-29.0
1776886675.7161028,0.0,-4.0,-29.0
1776886675.7261028,0.0,-1.0,-31.0
1776886675.7361028,-1.0,0.0,-29.0
1776886675.7461028,0.0,1.0,-35.0
1776886675.7561028,0.0,-1.0,-41.0
1776886675.7661028,-2.0,-1.0,-42.0
1776886675.7761028,1.0,1.0,-43.0
1776886675.7861028,1.0,0.0,-38.0
1776886675.7961028,-4.0,-5.0,-37.0
1776886675.8061028,-2.0,-7.0,-36.0
1776886675.8161027,0.0,-10.0,-30.0
1776886675.8261027,-2.0,-9.0,-33.0
1776886675.8361027,-1.0,-8.0,-30.0
1776886675.8461027,-3.0,-5.0,-31.0
1776886675.8561027,-9.0,-2.0,-28.0
1776886675.8661027,-6.0,-2.0,-30.0
1776886675.8761027,-3.0,-4.0,-27.0
1776886675.886103,-4.0,-4.0,-23.0
1776886675.896103,-6.0,-4.0,-17.0
1776886675.906103,-4.0,-2.0,-29.0
1776886675.9161026,-3.0,0.0,-28.0
1776886675.9261026,-4.0,0.0,-24.0
1776886675.9361026,-8.0,0.0,-21.0
1776886675.9461029,-9.0,-4.0,-28.0
1776886675.9561028,-9.0,-2.0,-24.0
1776886675.9661028,-7.0,-2.0,-26.0
1776886675.9761028,-5.0,-4.0,-30.0
1776886675.9861028,-4.0,-3.0,-34.0
1776886675.9961028,-6.0,2.0,-34.0
1776886676.0061028,0.0,0.0,-34.0
1776886676.0161028,-1.0,0.0,-34.0
1776886676.0261028,0.0,1.0,-35.0
1776886676.0361028,0.0,6.0,-41.0
1776886676.0461028,0.0,3.0,-41.0
1776886676.0561028,0.0,5.0,-40.0
1776886676.0661027,1.0,4.0,-38.0
1776886676.0761027,3.0,-1.0,-41.0
1776886676.0861027,3.0,1.0,-38.0
1776886676.0961027,3.0,1.0,-41.0
1776886676.1061027,3.0,2.0,-45.0
1776886676.1161027,0.0,3.0,-47.0
1776886676.1261027,-1.0,0.0,-43.0
1776886676.136103,-2.0,1.0,-37.0
1776886676.146103,0.0,4.0,-30.0
1776886676.156103,0.0,7.0,-31.0
1776886676.1661026,-1.0,8.0,-33.0
1776886676.1761026,-2.0,6.0,-37.0
1776886676.1861026,1.0,2.0,-38.0
1776886676.1961029,1.0,3.0,-35.0
1776886676.2061028,0.0,0.0,-41.0
1776886676.2161028,0.0,-3.0,-43.0
1776886676.2261028,2.0,-1.0,-38.0
1776886676.2361028,2.0,0.0,-42.0
1776886676.2461028,0.0,1.0,-44.0
1776886676.2561028,-2.0,4.0,-36.0
1776886676.2661028,-2.0,3.0,-32.0
1776886676.2761028,3.0,-2.0,-30.0
1776886676.2861028,5.0,-7.0,-44.0
1776886676.2961028,8.0,-6.0,-41.0
1776886676.3061028,7.0,-6.0,-42.0
1776886676.3161027,10.0,-3.0,-39.0
1776886676.3261027,6.0,-1.0,-39.0
1776886676.3361027,10.0,-1.0,-38.0
1776886676.3461027,6.0,1.0,-43.0
1776886676.3561027,7.0,3.0,-42.0
1776886676.3661027,5.0,0.0,-39.0
1776886676.3761027,2.0,0.0,-37.0
1776886676.386103,-1.0,-2.0,-37.0
1776886676.396103,-2.0,-3.0,-30.0
1776886676.406103,-3.0,-8.0,-29.0
1776886676.4161026,0.0,-10.0,-36.0
1776886676.4261026,2.0,-11.0,-39.0
1776886676.4361026,-4.0,-10.0,-33.0
1776886676.4461029,-2.0,-5.0,-27.0
1776886676.4561028,0.0,-4.0,-32.0
1776886676.4661028,2.0,-1.0,-37.0
1776886676.4761028,-3.0,-4.0,-44.0
1776886676.4861028,-1.0,-4.0,-51.0
1776886676.4961028,-2.0,-4.0,-51.0
1776886676.5061028,-1.0,0.0,-46.0
1776886676.5161028,-4.0,-4.0,-43.0
1776886676.5261028,-6.0,-4.0,-41.0
1776886676.5361028,-4.0,-6.0,-41.0
1776886676.5461028,-7.0,-2.0,-40.0
1776886676.5561028,-2.0,2.0,-40.0
1776886676.567103,-3.0,1.0,-35.0
1776886676.577103,-6.0,0.0,-42.0
1776886676.587103,-4.0,-1.0,-36.0
1776886676.5971026,1.0,0.0,-40.0
1776886676.6071026,2.0,2.0,-39.0
1776886676.6171026,10.0,-1.0,-38.0
1776886676.6271029,12.0,-5.0,-35.0
1776886676.6371028,8.0,-5.0,-43.0
1776886676.6471028,8.0,-6.0,-40.0
1776886676.6571028,8.0,-9.0,-38.0
1776886676.6671028,5.0,-7.0,-43.0
1776886676.6771028,7.0,-5.0,-44.0
1776886676.6871028,1.0,-5.0,-38.0
1776886676.6971028,-3.0,-5.0,-37.0
1776886676.7071028,-1.0,-4.0,-46.0
1776886676.7171028,-5.0,-7.0,-44.0
1776886676.7271028,-8.0,-6.0,-36.0
1776886676.7371027,-6.0,-4.0,-34.0
1776886676.7471027,-6.0,-2.0,-35.0
1776886676.7571027,-2.0,-4.0,-36.0
1776886676.7671027,-4.0,-4.0,-41.0
1776886676.7771027,-1.0,-3.0,-37.0
1776886676.7871027,-2.0,-1.0,-35.0
1776886676.7971027,1.0,-1.0,-35.0
1776886676.807103,5.0,-2.0,-33.0
1776886676.817103,2.0,-3.0,-29.0
1776886676.827103,0.0,-2.0,-26.0
1776886676.837103,3.0,1.0,-27.0
1776886676.8471026,3.0,3.0,-30.0
1776886676.8571026,2.0,4.0,-31.0
1776886676.8671026,3.0,3.0,-25.0
1776886676.8771029,3.0,2.0,-35.0
1776886676.8871028,0.0,0.0,-34.0
1776886676.8971028,-1.0,-2.0,-34.0
1776886676.9071028,0.0,-6.0,-35.0
1776886676.9171028,3.0,-2.0,-31.0
1776886676.9271028,2.0,1.0,-36.0
1776886676.9371028,0.0,2.0,-27.0
1776886676.9471028,1.0,3.0,-30.0
1776886676.9571028,3.0,5.0,-37.0
1776886676.9671028,2.0,3.0,-32.0
1776886676.9771028,-2.0,4.0,-32.0
1776886676.9871027,-5.0,2.0,-39.0
1776886676.9971027,-5.0,4.0,-39.0
1776886677.0071027,0.0,5.0,-46.0
1776886677.0171027,-3.0,0.0,-45.0
1776886677.0271027,-3.0,2.0,-44.0
1776886677.0371027,-6.0,-3.0,-38.0
1776886677.0471027,-3.0,-3.0,-34.0
1776886677.057103,-1.0,-3.0,-35.0
1776886677.067103,-1.0,-4.0,-33.0
1776886677.077103,0.0,-3.0,-31.0
1776886677.087103,0.0,0.0,-29.0
1776886677.0971026,-1.0,2.0,-33.0
1776886677.1071026,-2.0,0.0,-36.0
1776886677.1171026,2.0,2.0,-40.0
1776886677.1271029,4.0,0.0,-37.0
1776886677.1371028,4.0,0.0,-26.0
1776886677.1471028,7.0,0.0,-27.0
1776886677.1571028,1.0,-6.0,-33.0
1776886677.1671028,-1.0,-7.0,-37.0
1776886677.1771028,-2.0,-10.0,-38.0
1776886677.1871028,0.0,-10.0,-41.0
1776886677.1971028,-5.0,-6.0,-42.0
1776886677.2071028,0.0,-6.0,-48.0
1776886677.2171028,4.0,-2.0,-41.0
1776886677.2271028,6.0,2.0,-39.0
1776886677.2371027,0.0,4.0,-40.0
1776886677.2471027,-4.0,0.0,-41.0
1776886677.2571027,0.0,-4.0,-35.0
1776886677.2671027,-3.0,-7.0,-39.0
1776886677.2771027,-2.0,-9.0,-43.0
1776886677.2871027,1.0,-11.0,-38.0
1776886677.2971027,-1.0,-8.0,-37.0
1776886677.307103,3.0,-3.0,-36.0
1776886677.317103,4.0,-1.0,-32.0
1776886677.327103,3.0,-4.0,-26.0
1776886677.337103,1.0,-5.0,-32.0
1776886677.3471026,1.0,-2.0,-40.0
1776886677.3571026,0.0,-2.0,-40.0
1776886677.3671026,2.0,-5.0,-43.0
1776886677.3771029,2.0,-4.0,-46.0
1776886677.3871028,6.0,-3.0,-48.0
1776886677.3971028,4.0,-1.0,-47.0
1776886677.4071028,0.0,-5.0,-41.0
1776886677.4171028,-2.0,-5.0,-39.0
1776886677.4271028,-5.0,-9.0,-37.0
1776886677.4371028,-3.0,-7.0,-37.0
1776886677.4471028,0.0,-8.0,-35.0
1776886677.4571028,0.0,-8.0,-39.0
1776886677.4671028,2.0,-3.0,-39.0
1776886677.4771028,2.0,0.0,-39.0
1776886677.4871027,3.0,0.0,-33.0
1776886677.4971027,7.0,-1.0,-37.0
1776886677.5071027,8.0,0.0,-43.0
1776886677.5171027,4.0,-2.0,-45.0
1776886677.5271027,1.0,-1.0,-41.0
1776886677.5371027,0.0,1.0,-40.0
1776886677.5471027,0.0,-3.0,-44.0
1776886677.557103,-2.0,0.0,-44.0
1776886677.567103,-4.0,1.0,-41.0
1776886677.577103,-7.0,0.0,-39.0
1776886677.587103,-8.0,0.0,-38.0
1776886677.5971026,-6.0,-1.0,-40.0
1776886677.6071026,-4.0,-1.0,-41.0
1776886677.6171026,-1.0,4.0,-39.0
1776886677.6271029,3.0,3.0,-37.0
1776886677.6371028,1.0,3.0,-39.0
1776886677.6471028,0.0,0.0,-39.0
1776886677.6571028,-5.0,-1.0,-42.0
1776886677.6671028,-3.0,0.0,-47.0
1776886677.6771028,-1.0,0.0,-53.0
1776886677.6871028,-2.0,0.0,-51.0
1776886677.6971028,-1.0,2.0,-37.0
1776886677.7071028,-5.0,3.0,-36.0
1776886677.7171028,-5.0,1.0,-35.0
1776886677.7271028,-1.0,2.0,-47.0
1776886677.7371027,1.0,3.0,-53.0
1776886677.7471027,6.0,3.0,-45.0
1776886677.7571027,9.0,5.0,-46.0
1776886677.7671027,5.0,2.0,-41.0
1776886677.7771027,0.0,3.0,-42.0
1776886677.7871027,2.0,2.0,-45.0
1776886677.7971027,-2.0,0.0,-47.0
1776886677.807103,0.0,-3.0,-46.0
1776886677.817103,-5.0,-7.0,-47.0
1776886677.827103,1.0,-4.0,-43.0
1776886677.837103,-1.0,-5.0,-40.0
1776886677.8471026,-2.0,-4.0,-33.0
1776886677.8571026,-3.0,-4.0,-28.0
1776886677.8671026,0.0,-3.0,-34.0
1776886677.8771029,0.0,0.0,-33.0
1776886677.8871028,-2.0,0.0,-31.0
1776886677.8971028,-1.0,0.0,-36.0
1776886677.9071028,0.0,0.0,-37.0
1776886677.9171028,0.0,1.0,-43.0
1776886677.9271028,4.0,3.0,-44.0
1776886677.9371028,3.0,4.0,-39.0
1776886677.9471028,7.0,4.0,-40.0
1776886677.9571028,6.0,7.0,-45.0
1776886677.9671028,6.0,1.0,-51.0
1776886677.9771028,7.0,-1.0,-52.0
1776886677.9871027,5.0,-1.0,-47.0
1776886677.9971027,8.0,-2.0,-45.0
1776886678.0071027,7.0,-2.0,-45.0
1776886678.0171027,6.0,-2.0,-49.0
1776886678.0271027,3.0,0.0,-43.0
1776886678.0371027,2.0,-2.0,-38.0
1776886678.0471027,1.0,-4.0,-35.0
1776886678.057103,-2.0,-4.0,-33.0
1776886678.067103,-8.0,-3.0,-33.0
1776886678.077103,-5.0,-1.0,-34.0
1776886678.087103,-4.0,-4.0,-30.0
1776886678.0971026,-4.0,-1.0,-35.0
1776886678.1071026,-4.0,-3.0,-35.0
1776886678.1171026,-6.0,-3.0,-25.0
1776886678.1271029,-2.0,-3.0,-25.0
1776886678.1371028,-2.0,-2.0,-28.0
1776886678.1471028,-1.0,0.0,-33.0
1776886678.1571028,1.0,-3.0,-37.0
1776886678.1671028,-2.0,-1.0,-41.0
1776886678.1771028,-5.0,-1.0,-44.0
1776886678.1871028,-7.0,0.0,-46.0
1776886678.1971028,-5.0,0.0,-47.0
1776886678.2071028,-3.0,-3.0,-43.0
1776886678.2171028,-3.0,-5.0,-42.0
1776886678.2271028,-2.0,-6.0,-42.0
1776886678.2371027,-2.0,-5.0,-43.0
1776886678.2471027,0.0,-7.0,-42.0
1776886678.2571027,4.0,-8.0,-46.0
1776886678.2671027,9.0,-3.0,-46.0
1776886678.2771027,3.0,-5.0,-49.0
1776886678.2871027,1.0,-4.0,-52.0
1776886678.2971027,2.0,-5.0,-48.0
1776886678.307103,-1.0,-6.0,-39.0
1776886678.317103,-3.0,-6.0,-37.0
1776886678.327103,0.0,-7.0,-34.0
1776886678.337103,-1.0,-2.0,-40.0
1776886678.3471026,-3.0,0.0,-41.0
1776886678.3571026,-5.0,0.0,-36.0
1776886678.3671026,-5.0,2.0,-32.0
1776886678.3771029,0.0,3.0,-36.0
1776886678.3871028,0.0,1.0,-48.0
1776886678.3971028,0.0,-4.0,-48.0
1776886678.4071028,0.0,-7.0,-50.0
1776886678.4171028,-1.0,-2.0,-49.0
1776886678.4271028,1.0,-4.0,-43.0
1776886678.4371028,-2.0,-1.0,-42.0
1776886678.4471028,-5.0,0.0,-38.0
1776886678.4571028,-5.0,-5.0,-31.0
1776886678.4671028,-6.0,-6.0,-37.0
1776886678.4771028,-8.0,-8.0,-39.0
1776886678.4871027,0.0,-2.0,-38.0
1776886678.4971027,2.0,-3.0,-38.0
1776886678.5071027,2.0,-2.0,-38.0
1776886678.5171027,0.0,0.0,-32.0
1776886678.5271027,0.0,0.0,-39.0
1776886678.5371027,-2.0,0.0,-32.0
1776886678.5471027,-3.0,0.0,-29.0
1776886678.557103,-6.0,0.0,-35.0
1776886678.567103,-7.0,-3.0,-33.0
1776886678.577103,-8.0,-2.0,-29.0
1776886678.5881028,-8.0,-5.0,-33.0
1776886678.5971026,-8.0,-8.0,-36.0
1776886678.6081028,-2.0,-9.0,-45.0
1776886678.6181028,-1.0,-5.0,-48.0
1776886678.6281028,-3.0,1.0,-47.0
1776886678.6371028,-6.0,-1.0,-46.0
1776886678.6481028,-1.0,-2.0,-43.0
1776886678.6581028,0.0,0.0,-39.0
1776886678.6681027,-5.0,2.0,-40.0
1776886678.6781027,-6.0,3.0,-41.0
1776886678.6881027,-6.0,4.0,-40.0
1776886678.6981027,0.0,4.0,-49.0
1776886678.7081027,4.0,7.0,-47.0
1776886678.7181027,1.0,10.0,-41.0
1776886678.7281027,0.0,5.0,-43.0
1776886678.738103,6.0,4.0,-40.0
1776886678.748103,4.0,4.0,-37.0
1776886678.758103,-1.0,6.0,-40.0
1776886678.7681026,0.0,7.0,-33.0
1776886678.7781026,0.0,4.0,-25.0
1776886678.7881026,2.0,0.0,-24.0
1776886678.7981029,0.0,-1.0,-28.0
1776886678.8081028,-2.0,-1.0,-28.0
1776886678.8181028,-2.0,0.0,-27.0
1776886678.8281028,-3.0,2.0,-27.0
1776886678.8381028,-2.0,1.0,-30.0
1776886678.8481028,-5.0,2.0,-40.0
1776886678.8581028,0.0,1.0,-38.0
1776886678.8681028,0.0,0.0,-34.0
1776886678.8781028,4.0,0.0,-32.0
1776886678.8881028,8.0,-3.0,-29.0
1776886678.8981028,11.0,-5.0,-29.0
1776886678.9081028,10.0,-3.0,-27.0
1776886678.9181027,6.0,-3.0,-31.0
1776886678.9281027,5.0,-2.0,-33.0
1776886678.9381027,2.0,-2.0,-35.0
1776886678.9481027,4.0,-4.0,-36.0
1776886678.9581027,0.0,-11.0,-36.0
1776886678.9681027,3.0,-7.0,-40.0
1776886678.9781027,0.0,-6.0,-39.0
1776886678.988103,5.0,-2.0,-42.0
1776886678.998103,7.0,-1.0,-40.0
1776886679.008103,2.0,-2.0,-31.0
1776886679.0181026,2.0,-3.0,-30.0
1776886679.0281026,1.0,-5.0,-33.0
1776886679.0381026,0.0,-2.0,-30.0
1776886679.0481029,-2.0,0.0,-36.0
1776886679.0581028,-3.0,3.0,-46.0
1776886679.0681028,-2.0,3.0,-45.0
1776886679.0781028,-4.0,5.0,-43.0
1776886679.0881028,-4.0,0.0,-47.0
1776886679.0981028,-1.0,1.0,-39.0
1776886679.1081028,-4.0,1.0,-42.0
1776886679.1181028,0.0,1.0,-51.0
1776886679.1281028,-1.0,0.0,-52.0
1776886679.1381028,2.0,0.0,-51.0
1776886679.1481028,0.0,3.0,-45.0
1776886679.1581028,3.0,2.0,-46.0
1776886679.1681027,-1.0,0.0,-46.0
1776886679.1781027,0.0,0.0,-47.0
1776886679.1881027,3.0,-3.0,-45.0
1776886679.1981027,3.0,-8.0,-42.0
1776886679.2081027,7.0,-7.0,-40.0
1776886679.2181027,7.0,-9.0,-37.0
1776886679.2281027,3.0,-5.0,-42.0
1776886679.238103,3.0,-9.0,-45.0
1776886679.248103,-1.0,-8.0,-44.0
1776886679.258103,1.0,-3.0,-40.0
1776886679.2681026,0.0,-2.0,-39.0
1776886679.2781026,0.0,-5.0,-36.0
1776886679.2881026,2.0,0.0,-34.0
1776886679.2981029,1.0,2.0,-44.0
1776886679.3081028,0.0,4.0,-51.0
1776886679.3181028,4.0,2.0,-54.0
1776886679.3281028,0.0,-1.0,-52.0
1776886679.3381028,0.0,1.0,-45.0
1776886679.3481028,2.0,-1.0,-45.0
1776886679.3581028,1.0,-1.0,-48.0
1776886679.3681028,7.0,-4.0,-49.0
1776886679.3781028,3.0,0.0,-52.0
1776886679.3881028,2.0,1.0,-53.0
1776886679.3981028,4.0,0.0,-47.0
1776886679.4081028,2.0,-1.0,-41.0
1776886679.4181027,1.0,-6.0,-36.0
1776886679.4281027,0.0,-3.0,-37.0
1776886679.4381027,2.0,-4.0,-41.0
1776886679.4481027,0.0,-2.0,-43.0
1776886679.4581027,1.0,-1.0,-37.0
1776886679.4681027,0.0,-1.0,-41.0
1776886679.4781027,2.0,0.0,-41.0
1776886679.488103,1.0,0.0,-41.0
1776886679.498103,-5.0,-4.0,-46.0
1776886679.508103,-6.0,-2.0,-43.0
1776886679.5181026,-7.0,0.0,-47.0
1776886679.5281026,-5.0,1.0,-45.0
1776886679.5381026,-2.0,-5.0,-41.0
1776886679.5481029,-9.0,-3.0,-38.0
1776886679.5581028,-3.0,-4.0,-34.0
1776886679.5681028,-1.0,-4.0,-36.0
1776886679.5781028,0.0,-4.0,-38.0
1776886679.5881028,0.0,-5.0,-39.0
1776886679.5981028,3.0,-4.0,-43.0
1776886679.6081028,2.0,-5.0,-44.0
1776886679.6181028,2.0,-2.0,-45.0
1776886679.6281028,4.0,-3.0,-45.0
1776886679.6381028,7.0,-1.0,-39.0
1776886679.6481028,9.0,1.0,-38.0
1776886679.6581028,6.0,-2.0,-41.0
1776886679.6681027,4.0,-6.0,-41.0
1776886679.6781027,5.0,-4.0,-37.0
1776886679.6881027,0.0,-4.0,-28.0
1776886679.6981027,0.0,-2.0,-25.0
1776886679.7081027,1.0,-4.0,-26.0
1776886679.7181027,1.0,-8.0,-23.0
1776886679.7281027,5.0,-8.0,-20.0
1776886679.738103,2.0,-1.0,-16.0
1776886679.748103,4.0,-1.0,-16.0
1776886679.758103,4.0,1.0,-25.0
1776886679.7681026,5.0,2.0,-28.0
1776886679.7781026,2.0,2.0,-27.0
1776886679.7881026,1.0,0.0,-28.0
1776886679.7981029,1.0,1.0,-28.0
1776886679.8081028,2.0,-1.0,-29.0
1776886679.8181028,2.0,-2.0,-25.0
1776886679.8281028,-1.0,-7.0,-29.0
1776886679.8381028,0.0,-5.0,-34.0
1776886679.8481028,1.0,-1.0,-40.0
1776886679.8581028,4.0,-4.0,-39.0
1776886679.8681028,1.0,0.0,-44.0
1776886679.8781028,1.0,0.0,-43.0
1776886679.8881028,3.0,0.0,-35.0
1776886679.8981028,0.0,0.0,-38.0
1776886679.9081028,-2.0,0.0,-40.0
1776886679.9181027,-1.0,0.0,-39.0
1776886679.9281027,-2.0,1.0,-50.0
1776886679.9381027,1.0,3.0,-48.0
1776886679.9481027,0.0,7.0,-42.0
1776886679.9581027,-2.0,0.0,-37.0
1776886679.9681027,-3.0,0.0,-35.0
1776886679.9781027,5.0,0.0,-30.0
1776886679.988103,3.0,4.0,-30.0
1776886679.998103,2.0,4.0,-23.0
1776886680.008103,-1.0,3.0,-24.0
1776886680.0181026,-2.0,1.0,-18.0
1776886680.0281026,-3.0,1.0,-21.0
1776886680.0381026,-2.0,-3.0,-25.0
1776886680.0481029,-3.0,-5.0,-30.0
1776886680.0581028,-1.0,-4.0,-38.0
1776886680.0681028,-3.0,-3.0,-31.0
1776886680.0781028,-3.0,-4.0,-34.0
1776886680.0881028,1.0,-3.0,-32.0
1776886680.0981028,5.0,-3.0,-36.0
1776886680.1081028,5.0,-9.0,-34.0
1776886680.1181028,5.0,-8.0,-32.0
1776886680.1281028,1.0,-2.0,-38.0
1776886680.1381028,-1.0,0.0,-39.0
1776886680.1481028,0.0,-1.0,-40.0
1776886680.1581028,-2.0,-3.0,-32.0
1776886680.1681027,-4.0,0.0,-30.0
1776886680.1781027,-5.0,-1.0,-23.0
1776886680.1881027,-1.0,0.0,-31.0
1776886680.1981027,3.0,-4.0,-28.0
1776886680.2081027,3.0,-4.0,-34.0
1776886680.2181027,8.0,-8.0,-41.0
1776886680.2281027,8.0,-7.0,-45.0
1776886680.238103,9.0,-3.0,-43.0
1776886680.248103,10.0,0.0,-44.0
1776886680.258103,4.0,2.0,-46.0
1776886680.2681026,1.0,1.0,-43.0
1776886680.2781026,6.0,2.0,-37.0
1776886680.2881026,1.0,3.0,-38.0
1776886680.2981029,-7.0,3.0,-48.0
1776886680.3081028,-7.0,4.0,-50.0
1776886680.3181028,-5.0,7.0,-46.0
1776886680.3281028,-2.0,5.0,-44.0
1776886680.3381028,1.0,3.0,-42.0
1776886680.3481028,2.0,-1.0,-34.0
1776886680.3581028,0.0,-3.0,-27.0
1776886680.3681028,1.0,0.0,-32.0
1776886680.3781028,0.0,2.0,-37.0
1776886680.3881028,0.0,-3.0,-42.0
1776886680.3981028,-2.0,0.0,-42.0
1776886680.4081028,0.0,-3.0,-40.0
1776886680.4181027,4.0,-5.0,-37.0
1776886680.4281027,6.0,-8.0,-37.0
1776886680.4381027,10.0,-6.0,-38.0
1776886680.4481027,4.0,-4.0,-36.0
1776886680.4581027,0.0,-6.0,-36.0
1776886680.4681027,-2.0,-3.0,-30.0
1776886680.4781027,-3.0,-2.0,-30.0
1776886680.488103,3.0,-8.0,-34.0
1776886680.498103,4.0,-10.0,-35.0
1776886680.508103,1.0,-12.0,-33.0
1776886680.5181026,1.0,-17.0,-34.0
1776886680.5281026,3.0,-15.0,-31.0
1776886680.5381026,1.0,-14.0,-33.0
1776886680.5481029,0.0,-12.0,-35.0
1776886680.5581028,0.0,-8.0,-36.0
1776886680.5691028,2.0,-3.0,-39.0
1776886680.5781028,2.0,-3.0,-42.0
1776886680.5881028,2.0,-5.0,-45.0
1776886680.5991027,4.0,-5.0,-49.0
1776886680.6091027,3.0,-5.0,-40.0
1776886680.6191027,1.0,-6.0,-42.0
1776886680.6281028,-3.0,-6.0,-40.0
1776886680.6391027,-5.0,-6.0,-41.0
1776886680.6491027,-7.0,-3.0,-41.0
1776886680.659103,-6.0,0.0,-43.0
1776886680.669103,-3.0,0.0,-46.0
1776886680.679103,-8.0,-2.0,-43.0
1776886680.6891026,-8.0,-2.0,-46.0
1776886680.6991026,-5.0,-2.0,-42.0
1776886680.7091026,-6.0,-1.0,-43.0
1776886680.7191026,-4.0,-4.0,-40.0
1776886680.7291028,0.0,-4.0,-40.0
1776886680.7391028,0.0,-8.0,-42.0
1776886680.7491028,-1.0,-5.0,-48.0
1776886680.7591028,0.0,-3.0,-51.0
1776886680.7691028,0.0,-3.0,-56.0
1776886680.7791028,3.0,-3.0,-53.0
1776886680.7891028,1.0,0.0,-48.0
1776886680.7991028,1.0,0.0,-46.0
1776886680.8091028,1.0,-4.0,-40.0
1776886680.8191028,3.0,-3.0,-35.0
1776886680.8291028,8.0,-7.0,-37.0
1776886680.8391027,6.0,-3.0,-37.0
1776886680.8491027,2.0,-2.0,-35.0
1776886680.8591027,-1.0,-2.0,-39.0
1776886680.8691027,0.0,-2.0,-39.0
1776886680.8791027,2.0,-3.0,-34.0
1776886680.8891027,4.0,-5.0,-32.0
1776886680.8991027,2.0,-3.0,-34.0
1776886680.909103,2.0,-3.0,-35.0
1776886680.919103,2.0,-2.0,-33.0
1776886680.929103,-3.0,0.0,-34.0
1776886680.9391026,-1.0,0.0,-30.0
1776886680.9491026,0.0,-2.0,-35.0
1776886680.9591026,0.0,-8.0,-42.0
1776886680.9691026,2.0,-6.0,-40.0
1776886680.9791028,2.0,-4.0,-38.0
1776886680.9891028,0.0,0.0,-39.0
1776886680.9991028,5.0,-4.0,-34.0
1776886681.0091028,5.0,-4.0,-32.0
1776886681.0191028,2.0,-9.0,-30.0
1776886681.0291028,3.0,-5.0,-30.0
1776886681.0391028,4.0,-6.0,-32.0
1776886681.0491028,7.0,-3.0,-27.0
1776886681.0591028,8.0,-2.0,-32.0
1776886681.0691028,8.0,0.0,-33.0
1776886681.0791028,3.0,1.0,-37.0
1776886681.0891027,0.0,0.0,-46.0
1776886681.0991027,1.0,4.0,-50.0
1776886681.1091027,2.0,4.0,-51.0
1776886681.1191027,5.0,2.0,-48.0
1776886681.1291027,2.0,0.0,-49.0
1776886681.1391027,1.0,-7.0,-47.0
1776886681.1491027,5.0,-10.0,-42.0
1776886681.159103,1.0,-5.0,-40.0
1776886681.169103,0.0,-3.0,-45.0
1776886681.179103,0.0,-3.0,-41.0
1776886681.1891026,2.0,-4.0,-36.0
1776886681.1991026,5.0,-3.0,-39.0
1776886681.2091026,5.0,-3.0,-47.0
1776886681.2191026,7.0,-7.0,-39.0
1776886681.2291028,7.0,-5.0,-38.0
1776886681.2391028,14.0,-3.0,-43.0
1776886681.2491028,14.0,-3.0,-40.0
1776886681.2591028,13.0,-4.0,-35.0
1776886681.2691028,11.0,-5.0,-32.0
1776886681.2791028,11.0,-1.0,-30.0
1776886681.2891028,3.0,0.0,-34.0
1776886681.2991028,1.0,-3.0,-39.0
1776886681.3091028,3.0,-2.0,-41.0
1776886681.3191028,4.0,-3.0,-39.0
1776886681.3291028,6.0,0.0,-42.0
1776886681.3391027,5.0,0.0,-41.0
1776886681.3491027,2.0,0.0,-44.0
1776886681.3591027,4.0,-1.0,-47.0
1776886681.3691027,5.0,-4.0,-45.0
1776886681.3791027,3.0,-7.0,-43.0
1776886681.3891027,-1.0,-9.0,-42.0
1776886681.3991027,-1.0,-7.0,-44.0
1776886681.409103,-2.0,-6.0,-47.0
1776886681.419103,-3.0,-11.0,-51.0
1776886681.429103,-2.0,-10.0,-47.0
1776886681.4391026,-4.0,-11.0,-41.0
1776886681.4491026,-1.0,-4.0,-34.0
1776886681.4591026,-2.0,0.0,-35.0
1776886681.4691026,-3.0,0.0,-40.0
1776886681.4791028,-6.0,0.0,-33.0
1776886681.4891028,-6.0,2.0,-26.0
1776886681.4991028,-6.0,2.0,-29.0
1776886681.5091028,-1.0,4.0,-29.0
1776886681.5191028,0.0,4.0,-29.0
1776886681.5291028,2.0,2.0,-38.0
1776886681.5391028,1.0,1.0,-42.0
1776886681.5491028,-1.0,0.0,-41.0
1776886681.5591028,-2.0,0.0,-33.0
1776886681.5691028,0.0,-1.0,-37.0
1776886681.5791028,0.0,-2.0,-36.0
1776886681.5891027,2.0,-5.0,-43.0
1776886681.5991027,3.0,-7.0,-41.0
1776886681.6091027,0.0,-2.0,-40.0
1776886681.6191027,0.0,-1.0,-50.0
1776886681.6291027,0.0,0.0,-54.0
1776886681.6391027,1.0,0.0,-53.0
1776886681.6491027,-2.0,0.0,-52.0
1776886681.659103,0.0,-3.0,-45.0
1776886681.669103,3.0,-8.0,-42.0
1776886681.679103,0.0,-5.0,-39.0
1776886681.6891026,0.0,-8.0,-40.0
1776886681.6991026,0.0,-5.0,-44.0
1776886681.7091026,-3.0,-8.0,-48.0
1776886681.7191026,1.0,-7.0,-53.0
1776886681.7291028,0.0,-3.0,-51.0
1776886681.7391028,2.0,1.0,-52.0
1776886681.7491028,0.0,3.0,-49.0
1776886681.7591028,1.0,4.0,-44.0
1776886681.7691028,1.0,3.0,-44.0
1776886681.7791028,9.0,1.0,-42.0
1776886681.7891028,7.0,3.0,-37.0
1776886681.7991028,4.0,4.0,-37.0
1776886681.8091028,1.0,2.0,-36.0
1776886681.8191028,3.0,-1.0,-42.0
1776886681.8291028,2.0,0.0,-45.0
1776886681.8391027,5.0,-3.0,-50.0
1776886681.8491027,5.0,0.0,-47.0
1776886681.8591027,4.0,0.0,-47.0
1776886681.8691027,2.0,0.0,-50.0
1776886681.8791027,0.0,3.0,-49.0
1776886681.8891027,2.0,0.0,-41.0
1776886681.8991027,0.0,0.0,-42.0
1776886681.909103,0.0,-2.0,-42.0
1776886681.919103,0.0,-2.0,-46.0
1776886681.929103,-2.0,1.0,-39.0
1776886681.9391026,2.0,3.0,-40.0
1776886681.9491026,2.0,4.0,-43.0
1776886681.9591026,1.0,-1.0,-38.0
1776886681.9691026,1.0,0.0,-38.0
1776886681.9791028,0.0,2.0,-37.0
1776886681.9891028,5.0,-3.0,-47.0
1776886681.9991028,4.0,-2.0,-46.0
1776886682.0091028,3.0,0.0,-43.0
1776886682.0191028,0.0,0.0,-39.0
1776886682.0291028,-1.0,-2.0,-41.0
1776886682.0391028,0.0,-3.0,-41.0
1776886682.0491028,-1.0,-2.0,-37.0
1776886682.0591028,-2.0,-2.0,-42.0
1776886682.0691028,-3.0,-2.0,-41.0
1776886682.0791028,-1.0,-2.0,-41.0
1776886682.0891027,-1.0,-3.0,-41.0
1776886682.0991027,0.0,-9.0,-39.0
1776886682.1091027,0.0,-10.0,-36.0
1776886682.1191027,2.0,-7.0,-35.0
1776886682.1291027,4.0,-5.0,-35.0
1776886682.1391027,6.0,-4.0,-38.0
1776886682.1491027,8.0,-7.0,-37.0
1776886682.159103,6.0,-8.0,-36.0
1776886682.169103,3.0,-4.0,-35.0
1776886682.179103,0.0,-5.0,-36.0
1776886682.1891026,1.0,-8.0,-34.0
1776886682.1991026,-3.0,-5.0,-37.0
1776886682.2091026,-1.0,-9.0,-37.0
1776886682.2191026,-2.0,-6.0,-45.0
1776886682.2291028,0.0,-4.0,-49.0
1776886682.2391028,2.0,-7.0,-55.0
1776886682.2491028,0.0,-8.0,-54.0
1776886682.2591028,0.0,-9.0,-47.0
1776886682.2691028,1.0,-8.0,-37.0
1776886682.2791028,0.0,-12.0,-37.0
1776886682.2891028,-1.0,-10.0,-43.0
1776886682.2991028,-3.0,-6.0,-45.0
1776886682.3091028,-3.0,-2.0,-45.0
1776886682.3191028,-7.0,0.0,-46.0
1776886682.3291028,-5.0,1.0,-41.0
1776886682.3391027,-3.0,6.0,-36.0
1776886682.3491027,0.0,4.0,-44.0
1776886682.3591027,-3.0,1.0,-40.0
1776886682.3691027,-4.0,0.0,-37.0
1776886682.3791027,-7.0,1.0,-40.0
1776886682.3891027,-9.0,0.0,-39.0
1776886682.3991027,-4.0,0.0,-35.0
1776886682.409103,-1.0,-1.0,-32.0
1776886682.419103,0.0,0.0,-30.0
1776886682.429103,1.0,-1.0,-36.0
1776886682.4391026,3.0,0.0,-36.0
1776886682.4491026,5.0,0.0,-33.0
1776886682.4591026,0.0,0.0,-33.0
1776886682.4691026,-2.0,-3.0,-40.0
1776886682.4791028,-2.0,-4.0,-31.0
1776886682.4891028,2.0,-6.0,-32.0
1776886682.4991028,-1.0,-3.0,-33.0
1776886682.5091028,-1.0,-2.0,-30.0
1776886682.5191028,-3.0,-4.0,-28.0
1776886682.5291028,-2.0,-5.0,-29.0
1776886682.5391028,-4.0,-5.0,-37.0
1776886682.5491028,-4.0,-6.0,-44.0
1776886682.5591028,-5.0,-8.0,-41.0
1776886682.5691028,-6.0,-8.0,-44.0
1776886682.5801027,-7.0,-3.0,-45.0
1776886682.590103,-6.0,-2.0,-47.0
1776886682.600103,-4.0,-1.0,-42.0
1776886682.610103,0.0,0.0,-42.0
1776886682.6201026,2.0,0.0,-40.0
1776886682.6301026,-1.0,1.0,-35.0
1776886682.6401026,-1.0,1.0,-34.0
1776886682.6501029,-3.0,0.0,-40.0
1776886682.6601028,-4.0,-1.0,-46.0
1776886682.6701028,-3.0,2.0,-45.0
1776886682.6801028,-4.0,4.0,-36.0
1776886682.6901028,-1.0,-1.0,-39.0
1776886682.7001028,-5.0,-3.0,-40.0
1776886682.7101028,-5.0,0.0,-40.0
1776886682.7201028,0.0,-2.0,-41.0
1776886682.7301028,0.0,-3.0,-35.0
1776886682.7401028,4.0,-4.0,-41.0
1776886682.7501028,1.0,-6.0,-37.0
1776886682.7601027,1.0,-8.0,-38.0
1776886682.7701027,0.0,-6.0,-42.0
1776886682.7801027,-1.0,-4.0,-44.0
1776886682.7901027,-1.0,-1.0,-46.0
1776886682.8001027,1.0,-3.0,-42.0
1776886682.8101027,2.0,-4.0,-37.0
1776886682.8201027,0.0,0.0,-41.0
1776886682.8301027,0.0,0.0,-43.0
1776886682.840103,2.0,0.0,-43.0
1776886682.850103,4.0,3.0,-39.0
1776886682.8611028,2.0,3.0,-42.0
1776886682.8701026,5.0,2.0,-40.0
1776886682.8801026,4.0,1.0,-41.0
1776886682.8901026,3.0,0.0,-37.0
1776886682.9001029,6.0,-4.0,-36.0
1776886682.9101028,2.0,-4.0,-38.0
1776886682.9201028,0.0,-6.0,-40.0
1776886682.9301028,4.0,-4.0,-38.0
1776886682.9401028,4.0,-1.0,-42.0
1776886682.9501028,1.0,-3.0,-33.0
1776886682.9601028,5.0,-9.0,-27.0
1776886682.9701028,1.0,-8.0,-33.0
1776886682.9801028,3.0,-10.0,-36.0
1776886682.9901028,8.0,-7.0,-36.0
1776886683.0001028,3.0,-5.0,-51.0
1776886683.0101027,4.0,-5.0,-50.0
1776886683.0201027,3.0,-4.0,-56.0
1776886683.0301027,5.0,-5.0,-49.0
1776886683.0401027,4.0,-2.0,-42.0
1776886683.0501027,2.0,2.0,-44.0
1776886683.0601027,0.0,4.0,-39.0
1776886683.0701027,-2.0,2.0,-40.0
1776886683.0801027,-1.0,0.0,-41.0
1776886683.090103,2.0,0.0,-42.0
1776886683.100103,2.0,-2.0,-45.0
1776886683.110103,3.0,-3.0,-49.0
1776886683.1201026,3.0,0.0,-48.0
1776886683.1301026,0.0,1.0,-43.0
1776886683.1401026,-3.0,1.0,-36.0
1776886683.1501029,-4.0,4.0,-45.0
1776886683.1601028,0.0,1.0,-44.0
1776886683.1701028,-3.0,-1.0,-46.0
1776886683.1801028,-1.0,-1.0,-45.0
1776886683.1901028,-2.0,-2.0,-35.0
1776886683.2001028,-4.0,1.0,-40.0
1776886683.2101028,-1.0,-2.0,-38.0
1776886683.2201028,-3.0,-5.0,-35.0
1776886683.2301028,0.0,-4.0,-42.0
1776886683.2401028,0.0,-3.0,-42.0
1776886683.2501028,1.0,-3.0,-50.0
1776886683.2601027,1.0,0.0,-53.0
1776886683.2701027,4.0,1.0,-50.0
1776886683.2801027,3.0,0.0,-57.0
1776886683.2901027,4.0,-1.0,-52.0
1776886683.3001027,1.0,0.0,-54.0
1776886683.3101027,1.0,5.0,-57.0
1776886683.3201027,2.0,5.0,-54.0
1776886683.3301027,3.0,4.0,-57.0
1776886683.340103,-1.0,2.0,-51.0
1776886683.350103,-5.0,3.0,-51.0
1776886683.360103,-4.0,-1.0,-44.0
1776886683.3701026,-3.0,-3.0,-43.0
1776886683.3801026,-1.0,-3.0,-46.0
1776886683.3901026,0.0,-4.0,-52.0
1776886683.4001029,0.0,-5.0,-51.0
1776886683.4101028,1.0,-6.0,-52.0
1776886683.4201028,0.0,-2.0,-46.0
1776886683.4301028,0.0,0.0,-44.0
1776886683.4401028,0.0,-2.0,-36.0
1776886683.4501028,3.0,-3.0,-31.0
1776886683.4601028,3.0,-5.0,-34.0
1776886683.4701028,0.0,-6.0,-35.0
1776886683.4801028,-2.0,-8.0,-33.0
1776886683.4901028,-3.0,-6.0,-31.0
1776886683.5001028,3.0,-4.0,-35.0
1776886683.5101027,3.0,-2.0,-35.0
1776886683.5201027,1.0,-1.0,-29.0
1776886683.5301027,1.0,-2.0,-27.0
1776886683.5401027,-5.0,-2.0,-26.0
1776886683.5501027,-4.0,-3.0,-28.0
1776886683.5601027,1.0,-4.0,-31.0
1776886683.5701027,2.0,0.0,-26.0
1776886683.5801027,0.0,-3.0,-24.0
1776886683.590103,-2.0,-3.0,-33.0
1776886683.600103,0.0,0.0,-38.0
1776886683.610103,-1.0,0.0,-42.0
1776886683.6201026,-2.0,-1.0,-43.0
1776886683.6301026,0.0,4.0,-48.0
1776886683.6401026,-2.0,6.0,-46.0
1776886683.6501029,-6.0,4.0,-49.0
1776886683.6601028,-7.0,5.0,-48.0
1776886683.6701028,-2.0,0.0,-47.0
1776886683.6801028,-3.0,0.0,-39.0
1776886683.6901028,-3.0,0.0,-40.0
1776886683.7001028,2.0,0.0,-39.0
1776886683.7101028,4.0,0.0,-37.0
1776886683.7201028,4.0,0.0,-38.0
1776886683.7301028,8.0,-2.0,-35.0
1776886683.7401028,9.0,-2.0,-35.0
1776886683.7501028,5.0,0.0,-33.0
1776886683.7601027,6.0,0.0,-30.0
1776886683.7701027,8.0,0.0,-27.0
1776886683.7801027,5.0,-2.0,-32.0
1776886683.7901027,4.0,0.0,-32.0
1776886683.8001027,3.0,2.0,-38.0
1776886683.8101027,0.0,1.0,-38.0
1776886683.8201027,4.0,0.0,-45.0
1776886683.8301027,4.0,1.0,-43.0
1776886683.840103,4.0,1.0,-45.0
1776886683.850103,3.0,5.0,-43.0
1776886683.860103,3.0,-1.0,-46.0
1776886683.8701026,0.0,-2.0,-47.0
1776886683.8801026,-2.0,-4.0,-41.0
1776886683.8901026,-1.0,-1.0,-40.0
1776886683.9001029,0.0,0.0,-42.0
1776886683.9101028,1.0,0.0,-48.0
1776886683.9201028,-4.0,0.0,-51.0
1776886683.9301028,0.0,-3.0,-49.0
1776886683.9401028,1.0,-8.0,-36.0
1776886683.9501028,3.0,-6.0,-36.0
1776886683.9601028,4.0,-4.0,-42.0
1776886683.9701028,2.0,-3.0,-40.0
1776886683.9801028,3.0,-1.0,-38.0
1776886683.9901028,1.0,0.0,-40.0
1776886684.0001028,-1.0,3.0,-44.0
1776886684.0101027,-2.0,1.0,-40.0
1776886684.0201027,4.0,-2.0,-37.0
1776886684.0301027,2.0,-4.0,-38.0
1776886684.0401027,-2.0,-2.0,-43.0
1776886684.0501027,-3.0,0.0,-47.0
1776886684.0601027,-2.0,2.0,-48.0
1776886684.0701027,0.0,0.0,-50.0
1776886684.0801027,-5.0,-5.0,-54.0
1776886684.090103,-6.0,-2.0,-47.0
1776886684.100103,-5.0,-7.0,-42.0
1776886684.110103,-6.0,-6.0,-50.0
1776886684.1201026,-6.0,-5.0,-47.0
1776886684.1301026,-6.0,-1.0,-46.0
1776886684.1401026,-4.0,-5.0,-45.0
1776886684.1501029,-4.0,-3.0,-44.0
1776886684.1601028,-6.0,-2.0,-44.0
1776886684.1701028,0.0,-1.0,-39.0
1776886684.1801028,1.0,-2.0,-43.0
1776886684.1901028,1.0,-2.0,-42.0
1776886684.2001028,-1.0,-4.0,-39.0
1776886684.2101028,-1.0,-5.0,-39.0
1776886684.2201028,-3.0,-6.0,-38.0
1776886684.2301028,-3.0,-7.0,-42.0
1776886684.2401028,0.0,-5.0,-36.0
1776886684.2501028,0.0,-3.0,-27.0
1776886684.2601027,5.0,-2.0,-24.0
1776886684.2701027,2.0,-2.0,-28.0
1776886684.2801027,1.0,-4.0,-38.0
1776886684.2901027,3.0,-3.0,-37.0
1776886684.3001027,1.0,-3.0,-38.0
1776886684.3101027,1.0,-5.0,-38.0
1776886684.3201027,7.0,-5.0,-40.0
1776886684.3301027,8.0,-4.0,-42.0
1776886684.340103,7.0,-5.0,-43.0
1776886684.350103,4.0,-4.0,-47.0
1776886684.360103,8.0,-1.0,-44.0
1776886684.3701026,9.0,-2.0,-37.0
1776886684.3801026,5.0,-2.0,-36.0
1776886684.3901026,2.0,0.0,-38.0
1776886684.4001029,3.0,-1.0,-40.0
1776886684.4101028,1.0,-3.0,-36.0
1776886684.4201028,1.0,-3.0,-35.0
1776886684.4301028,2.0,-3.0,-41.0
1776886684.4401028,4.0,-1.0,-48.0
1776886684.4501028,0.0,-2.0,-47.0
1776886684.4601028,2.0,-2.0,-38.0
1776886684.4701028,0.0,-6.0,-35.0
1776886684.4801028,3.0,-1.0,-29.0
1776886684.4901028,2.0,2.0,-29.0
1776886684.5001028,2.0,4.0,-33.0
1776886684.5101027,0.0,0.0,-38.0
1776886684.5201027,5.0,1.0,-39.0
1776886684.5301027,9.0,0.0,-35.0
1776886684.5401027,6.0,1.0,-32.0
1776886684.5511026,6.0,-2.0,-41.0
1776886684.5611026,4.0,-5.0,-42.0
1776886684.5701027,5.0,-6.0,-37.0
1776886684.5801027,7.0,-7.0,-38.0
1776886684.590103,5.0,-4.0,-43.0
1776886684.6011028,3.0,-2.0,-40.0
1776886684.6111028,5.0,0.0,-36.0
1776886684.6211028,3.0,0.0,-41.0
1776886684.6311028,4.0,0.0,-47.0
1776886684.6411028,3.0,2.0,-47.0
1776886684.6511028,1.0,0.0,-49.0
1776886684.6611028,0.0,3.0,-45.0
1776886684.6711028,2.0,3.0,-43.0
1776886684.6811028,1.0,1.0,-45.0
1776886684.6911027,0.0,1.0,-48.0
1776886684.7011027,4.0,1.0,-44.0
1776886684.7111027,4.0,0.0,-39.0
1776886684.7211027,8.0,0.0,-35.0
1776886684.7311027,4.0,0.0,-36.0
1776886684.7411027,0.0,-1.0,-32.0
1776886684.7511027,0.0,0.0,-35.0
1776886684.761103,-1.0,-4.0,-34.0
1776886684.771103,-3.0,-4.0,-37.0
1776886684.781103,-1.0,-3.0,-39.0
1776886684.7911026,-7.0,-4.0,-46.0
1776886684.8011026,-6.0,-4.0,-38.0
1776886684.8111026,-8.0,-2.0,-37.0
1776886684.8211029,-7.0,-1.0,-31.0
1776886684.8311028,-1.0,-6.0,-35.0
1776886684.8411028,3.0,-6.0,-40.0
1776886684.8511028,1.0,-2.0,-41.0
1776886684.8611028,2.0,0.0,-49.0
1776886684.8711028,1.0,-1.0,-45.0
1776886684.8811028,0.0,0.0,-47.0
1776886684.8911028,1.0,0.0,-44.0
1776886684.9011028,2.0,-3.0,-40.0
1776886684.9111028,-2.0,-1.0,-36.0
1776886684.9211028,-1.0,0.0,-30.0
1776886684.9311028,-6.0,0.0,-35.0
1776886684.9411027,-4.0,1.0,-38.0
1776886684.9511027,0.0,3.0,-38.0
1776886684.9611027,0.0,2.0,-40.0
1776886684.9711027,-1.0,2.0,-46.0
1776886684.9811027,-1.0,1.0,-46.0
1776886684.9911027,-7.0,3.0,-51.0
1776886685.0011027,-9.0,5.0,-50.0
1776886685.011103,-9.0,2.0,-43.0
1776886685.021103,-6.0,2.0,-45.0
1776886685.031103,-9.0,0.0,-45.0
1776886685.0411026,-5.0,0.0,-47.0
1776886685.0511026,-8.0,3.0,-46.0
1776886685.0611026,-7.0,4.0,-43.0
1776886685.0711029,-1.0,0.0,-41.0
1776886685.0811028,-1.0,-1.0,-35.0
1776886685.0911028,-3.0,0.0,-32.0
1776886685.1011028,-7.0,1.0,-38.0
1776886685.1111028,-2.0,2.0,-38.0
1776886685.1211028,-1.0,2.0,-38.0
1776886685.1311028,-1.0,1.0,-37.0
1776886685.1411028,1.0,-2.0,-33.0
1776886685.1511028,1.0,-3.0,-40.0
1776886685.1611028,0.0,-6.0,-47.0
1776886685.1711028,0.0,-3.0,-38.0
1776886685.1811028,0.0,-1.0,-32.0
1776886685.1911027,4.0,0.0,-37.0
1776886685.2011027,2.0,-1.0,-37.0
1776886685.2111027,-1.0,-1.0,-36.0
1776886685.2211027,-1.0,-1.0,-31.0
1776886685.2311027,-4.0,-4.0,-38.0
1776886685.2411027,-4.0,-1.0,-35.0
1776886685.2511027,0.0,0.0,-37.0
1776886685.261103,3.0,0.0,-42.0
1776886685.271103,3.0,-1.0,-34.0
1776886685.281103,5.0,-3.0,-35.0
1776886685.2911026,3.0,-4.0,-37.0
1776886685.3011026,1.0,-5.0,-35.0
1776886685.3111026,1.0,-6.0,-38.0
1776886685.3211029,2.0,-6.0,-44.0
1776886685.3311028,2.0,-7.0,-47.0
1776886685.3411028,1.0,-4.0,-48.0
1776886685.3511028,6.0,-4.0,-49.0
1776886685.3611028,4.0,-3.0,-44.0
1776886685.3711028,1.0,-3.0,-38.0
1776886685.3811028,0.0,-2.0,-37.0
1776886685.3911028,2.0,-4.0,-39.0
1776886685.4011028,0.0,-4.0,-41.0
1776886685.4111028,0.0,2.0,-37.0
1776886685.4211028,-4.0,5.0,-33.0
1776886685.4311028,-6.0,5.0,-32.0
1776886685.4411027,-11.0,2.0,-34.0
1776886685.4511027,-13.0,-3.0,-34.0
1776886685.4611027,-10.0,0.0,-32.0
1776886685.4711027,-11.0,1.0,-25.0
1776886685.4811027,-10.0,0.0,-30.0
1776886685.4911027,-6.0,-2.0,-32.0
1776886685.5011027,-7.0,-5.0,-36.0
1776886685.511103,-4.0,-5.0,-34.0
1776886685.521103,-5.0,-4.0,-38.0
1776886685.531103,-8.0,-8.0,-37.0
1776886685.5411026,-6.0,-8.0,-33.0
1776886685.5511026,-5.0,-9.0,-34.0
1776886685.5611026,-1.0,-3.0,-30.0
1776886685.5711029,0.0,-3.0,-34.0
1776886685.5811028,2.0,-2.0,-35.0
1776886685.5911028,-1.0,-1.0,-35.0
1776886685.6011028,0.0,1.0,-36.0
1776886685.6111028,0.0,2.0,-36.0
1776886685.6211028,-1.0,6.0,-42.0
1776886685.6311028,-1.0,4.0,-37.0
1776886685.6411028,0.0,2.0,-35.0
1776886685.6511028,5.0,-3.0,-39.0
1776886685.6611028,6.0,-6.0,-40.0
1776886685.6711028,6.0,-4.0,-47.0
1776886685.6811028,3.0,-7.0,-47.0
1776886685.6911027,4.0,-3.0,-41.0
1776886685.7011027,7.0,-4.0,-45.0
1776886685.7111027,5.0,-2.0,-44.0
1776886685.7211027,5.0,-2.0,-46.0
1776886685.7311027,4.0,-5.0,-41.0
1776886685.7411027,2.0,-4.0,-48.0
1776886685.7511027,0.0,-1.0,-50.0
1776886685.761103,-1.0,-5.0,-47.0
1776886685.771103,-1.0,-6.0,-42.0
1776886685.781103,0.0,-1.0,-42.0
1776886685.7911026,-3.0,0.0,-42.0
1776886685.8011026,-2.0,0.0,-44.0
1776886685.8111026,-1.0,1.0,-45.0
1776886685.8211029,0.0,2.0,-48.0
1776886685.8311028,1.0,3.0,-44.0
1776886685.8411028,0.0,2.0,-46.0
1776886685.8511028,-2.0,3.0,-38.0
1776886685.8611028,-3.0,4.0,-33.0
1776886685.8711028,4.0,6.0,-34.0
1776886685.8811028,5.0,7.0,-38.0
1776886685.8911028,8.0,5.0,-40.0
1776886685.9011028,5.0,3.0,-43.0
1776886685.9111028,6.0,4.0,-49.0
1776886685.9211028,8.0,0.0,-53.0
1776886685.9311028,9.0,-6.0,-50.0
1776886685.9411027,9.0,-9.0,-40.0
1776886685.9511027,8.0,-7.0,-44.0
1776886685.9611027,7.0,-7.0,-46.0
1776886685.9711027,7.0,-8.0,-50.0
1776886685.9811027,4.0,-7.0,-45.0
1776886685.9911027,5.0,-8.0,-45.0
1776886686.0011027,4.0,-7.0,-49.0
1776886686.011103,2.0,-5.0,-50.0
1776886686.021103,0.0,-3.0,-46.0
1776886686.031103,-1.0,0.0,-39.0
1776886686.0411026,-1.0,-3.0,-35.0
1776886686.0511026,0.0,-7.0,-38.0
1776886686.0611026,3.0,-6.0,-39.0
1776886686.0711029,1.0,-7.0,-44.0
1776886686.0811028,2.0,-6.0,-35.0
1776886686.0911028,0.0,-2.0,-36.0
1776886686.1011028,2.0,-1.0,-37.0
1776886686.1111028,1.0,-3.0,-41.0
1776886686.1211028,1.0,0.0,-43.0
1776886686.1311028,2.0,4.0,-43.0
1776886686.1411028,1.0,4.0,-45.0
1776886686.1511028,3.0,0.0,-49.0
1776886686.1611028,2.0,-4.0,-52.0
1776886686.1711028,0.0,-5.0,-49.0
1776886686.1811028,0.0,-1.0,-45.0
1776886686.1911027,-1.0,0.0,-39.0
1776886686.2011027,-3.0,1.0,-35.0
1776886686.2111027,-1.0,0.0,-39.0
1776886686.2211027,-4.0,0.0,-31.0
1776886686.2311027,-4.0,-1.0,-35.0
1776886686.2411027,-4.0,1.0,-35.0
1776886686.2511027,-3.0,4.0,-30.0
1776886686.261103,-4.0,3.0,-30.0
1776886686.271103,-5.0,3.0,-35.0
1776886686.281103,-5.0,3.0,-38.0
1776886686.2911026,-5.0,0.0,-40.0
1776886686.3011026,-4.0,-2.0,-33.0
1776886686.3111026,-2.0,-5.0,-30.0
1776886686.3211029,1.0,-10.0,-35.0
1776886686.3311028,1.0,-11.0,-33.0
1776886686.3411028,-4.0,-12.0,-35.0
1776886686.3511028,-8.0,-8.0,-31.0
1776886686.3611028,-2.0,-11.0,-36.0
1776886686.3711028,3.0,-11.0,-40.0
1776886686.3811028,-3.0,-6.0,-37.0
1776886686.3911028,-7.0,-5.0,-34.0
1776886686.4011028,-7.0,-3.0,-37.0
1776886686.4111028,-3.0,0.0,-35.0
1776886686.4211028,0.0,-1.0,-35.0
1776886686.4311028,3.0,0.0,-37.0
1776886686.4411027,2.0,3.0,-36.0
1776886686.4511027,2.0,0.0,-36.0
1776886686.4611027,6.0,2.0,-34.0
1776886686.4711027,4.0,0.0,-39.0
1776886686.4811027,5.0,-3.0,-32.0
1776886686.4911027,-1.0,-4.0,-31.0
1776886686.5011027,-2.0,-5.0,-29.0
1776886686.511103,-5.0,-8.0,-26.0
1776886686.521103,-11.0,-8.0,-28.0
1776886686.531103,-6.0,-7.0,-29.0
1776886686.5411026,0.0,-8.0,-37.0
1776886686.5511026,1.0,-6.0,-38.0
1776886686.5611026,3.0,-1.0,-37.0
1776886686.5711029,5.0,0.0,-33.0
1776886686.5821028,8.0,2.0,-33.0
1776886686.5921028,9.0,3.0,-28.0
1776886686.6021028,10.0,3.0,-34.0
1776886686.6121027,11.0,2.0,-30.0
1776886686.6221027,5.0,0.0,-36.0
1776886686.6321027,2.0,2.0,-40.0
1776886686.6421027,3.0,5.0,-39.0
1776886686.6521027,7.0,1.0,-40.0
1776886686.6621027,7.0,0.0,-41.0
1776886686.6721027,2.0,-5.0,-42.0
1776886686.682103,4.0,-4.0,-41.0
1776886686.692103,9.0,-5.0,-33.0
1776886686.702103,5.0,-7.0,-32.0
1776886686.712103,0.0,-7.0,-30.0
1776886686.7221026,0.0,-9.0,-34.0
1776886686.7321026,3.0,-4.0,-37.0
1776886686.7421026,7.0,-3.0,-43.0
1776886686.7521029,10.0,1.0,-35.0
1776886686.7621028,7.0,2.0,-31.0
1776886686.7721028,4.0,0.0,-31.0
1776886686.7821028,4.0,-1.0,-29.0
1776886686.7921028,2.0,0.0,-31.0
1776886686.8021028,-6.0,5.0,-36.0
1776886686.8121028,0.0,2.0,-37.0
1776886686.8221028,0.0,0.0,-44.0
1776886686.8321028,1.0,1.0,-50.0
1776886686.8421028,0.0,0.0,-54.0
1776886686.8521028,-2.0,-3.0,-47.0
1776886686.8621027,0.0,-6.0,-43.0
1776886686.8721027,2.0,-3.0,-45.0
1776886686.8821027,0.0,-1.0,-43.0
1776886686.8921027,-1.0,3.0,-40.0
1776886686.9021027,0.0,3.0,-39.0
1776886686.9121027,4.0,1.0,-32.0
1776886686.9221027,7.0,5.0,-33.0
1776886686.932103,5.0,0.0,-35.0
1776886686.942103,0.0,-1.0,-31.0
1776886686.952103,0.0,-6.0,-28.0
1776886686.962103,-1.0,-10.0,-24.0
1776886686.9721026,-2.0,-11.0,-31.0
1776886686.9821026,-1.0,-12.0,-30.0
1776886686.9921026,-4.0,-5.0,-28.0
1776886687.0021029,-4.0,-3.0,-32.0
1776886687.0121028,-1.0,-3.0,-35.0
1776886687.0221028,0.0,-1.0,-39.0
1776886687.0321028,1.0,2.0,-42.0
1776886687.0421028,0.0,1.0,-40.0
1776886687.0521028,-4.0,3.0,-41.0
1776886687.0621028,-8.0,-1.0,-42.0
1776886687.0721028,-8.0,-1.0,-38.0
1776886687.0821028,-6.0,1.0,-36.0
1776886687.0921028,-3.0,2.0,-33.0
1776886687.1021028,-7.0,1.0,-30.0
1776886687.1121027,-8.0,1.0,-26.0
1776886687.1211028,-7.0,2.0,-27.0
1776886687.1321027,-9.0,4.0,-33.0
1776886687.1421027,-8.0,0.0,-32.0
1776886687.1521027,-6.0,0.0,-32.0
1776886687.1621027,-4.0,-3.0,-36.0
1776886687.1721027,0.0,-5.0,-36.0
1776886687.182103,-1.0,-5.0,-37.0
1776886687.192103,-3.0,-6.0,-39.0
1776886687.202103,-3.0,-5.0,-42.0
1776886687.212103,-2.0,-3.0,-43.0
1776886687.2221026,0.0,-1.0,-41.0
1776886687.2321026,2.0,-2.0,-42.0
1776886687.2421026,2.0,0.0,-33.0
1776886687.2521029,-3.0,-2.0,-38.0
1776886687.2621028,0.0,-2.0,-32.0
1776886687.2721028,0.0,-4.0,-32.0
1776886687.2821028,2.0,0.0,-36.0
1776886687.2921028,2.0,-3.0,-34.0
1776886687.3021028,1.0,-1.0,-35.0
1776886687.3121028,2.0,-1.0,-35.0
1776886687.3221028,4.0,0.0,-36.0
1776886687.3321028,0.0,5.0,-41.0
1776886687.3421028,-1.0,2.0,-43.0
1776886687.3521028,0.0,1.0,-42.0
1776886687.3621027,3.0,0.0,-38.0
1776886687.3721027,3.0,0.0,-40.0
1776886687.3821027,-1.0,2.0,-43.0
1776886687.3921027,0.0,4.0,-44.0
1776886687.4021027,2.0,5.0,-45.0
1776886687.4121027,3.0,5.0,-39.0
1776886687.4221027,1.0,1.0,-35.0
1776886687.432103,-2.0,2.0,-34.0
1776886687.442103,-1.0,0.0,-35.0
1776886687.452103,-2.0,0.0,-44.0
1776886687.462103,-2.0,-5.0,-43.0
1776886687.4721026,0.0,-3.0,-42.0
1776886687.4821026,0.0,0.0,-40.0
1776886687.4921026,5.0,0.0,-42.0
1776886687.5021029,6.0,0.0,-43.0
1776886687.5121028,4.0,-2.0,-42.0
1776886687.5221028,2.0,-9.0,-35.0
1776886687.5321028,0.0,-5.0,-33.0
1776886687.5421028,-2.0,-6.0,-33.0
1776886687.5521028,5.0,-4.0,-34.0
1776886687.5621028,3.0,-3.0,-38.0
1776886687.5721028,3.0,-1.0,-36.0
1776886687.5821028,3.0,1.0,-30.0
1776886687.5921028,7.0,-2.0,-34.0
1776886687.6021028,7.0,-3.0,-39.0
1776886687.6121027,5.0,-4.0,-42.0
1776886687.6221027,2.0,-6.0,-47.0
1776886687.6321027,8.0,-2.0,-44.0
1776886687.6421027,11.0,0.0,-39.0
1776886687.6521027,6.0,2.0,-37.0
1776886687.6621027,1.0,1.0,-41.0
1776886687.6721027,1.0,0.0,-42.0
1776886687.682103,1.0,2.0,-42.0
1776886687.692103,-1.0,0.0,-45.0
1776886687.702103,0.0,-2.0,-41.0
1776886687.712103,0.0,0.0,-40.0
1776886687.7221026,0.0,1.0,-38.0
1776886687.7321026,1.0,3.0,-37.0
1776886687.7421026,0.0,3.0,-41.0
1776886687.7521029,3.0,9.0,-45.0
1776886687.7621028,2.0,5.0,-45.0
1776886687.7721028,1.0,6.0,-47.0
1776886687.7821028,-1.0,9.0,-49.0
1776886687.7921028,1.0,5.0,-45.0
1776886687.8021028,0.0,2.0,-44.0
1776886687.8121028,-5.0,1.0,-40.0
1776886687.8221028,-6.0,1.0,-34.0
1776886687.8321028,-5.0,2.0,-30.0
1776886687.8421028,1.0,0.0,-38.0
1776886687.8521028,0.0,0.0,-34.0
1776886687.8621027,-1.0,-1.0,-36.0
1776886687.8721027,-2.0,0.0,-39.0
1776886687.8821027,-1.0,4.0,-37.0
1776886687.8921027,-5.0,5.0,-38.0
1776886687.9021027,-6.0,4.0,-39.0
1776886687.9121027,-4.0,5.0,-31.0
1776886687.9221027,-1.0,6.0,-28.0
1776886687.932103,-2.0,4.0,-29.0
1776886687.942103,0.0,-2.0,-32.0
1776886687.952103,2.0,0.0,-31.0
1776886687.962103,3.0,-3.0,-28.0
1776886687.9721026,3.0,-2.0,-28.0
1776886687.9821026,2.0,-2.0,-31.0
1776886687.9921026,-1.0,0.0,-38.0
1776886688.0021029,-1.0,0.0,-42.0
1776886688.0121028,0.0,-3.0,-44.0
1776886688.0221028,0.0,-4.0,-42.0
1776886688.0321028,1.0,-6.0,-50.0
1776886688.0421028,-1.0,-3.0,-50.0
1776886688.0521028,0.0,-3.0,-50.0
1776886688.0621028,1.0,-3.0,-53.0
1776886688.0721028,6.0,-1.0,-37.0
1776886688.0821028,6.0,-1.0,-38.0
1776886688.0921028,2.0,-2.0,-35.0
1776886688.1021028,0.0,-3.0,-37.0
1776886688.1121027,-1.0,-4.0,-43.0
1776886688.1221027,-3.0,-4.0,-35.0
1776886688.1321027,-4.0,-2.0,-33.0
1776886688.1421027,-2.0,-3.0,-33.0
1776886688.1521027,1.0,-9.0,-32.0
1776886688.1621027,5.0,-9.0,-34.0
1776886688.1721027,5.0,-7.0,-35.0
1776886688.182103,3.0,-1.0,-40.0
1776886688.192103,1.0,0.0,-41.0
1776886688.202103,2.0,1.0,-40.0
1776886688.212103,3.0,-3.0,-41.0
1776886688.2221026,2.0,-1.0,-41.0
1776886688.2321026,0.0,-5.0,-43.0
1776886688.2421026,-2.0,-7.0,-45.0
1776886688.2521029,-3.0,-6.0,-45.0
1776886688.2621028,-3.0,-9.0,-39.0
1776886688.2721028,-5.0,-9.0,-43.0
1776886688.2821028,-4.0,-4.0,-42.0
1776886688.2921028,-1.0,-3.0,-41.0
1776886688.3021028,1.0,-1.0,-36.0
1776886688.3121028,3.0,-1.0,-36.0
1776886688.3221028,3.0,0.0,-32.0
1776886688.3321028,0.0,3.0,-23.0
1776886688.3421028,-3.0,1.0,-28.0
1776886688.3521028,-3.0,2.0,-30.0
1776886688.3621027,-2.0,0.0,-39.0
1776886688.3721027,-1.0,0.0,-42.0
1776886688.3821027,0.0,-1.0,-44.0
1776886688.3921027,0.0,-3.0,-37.0
1776886688.4021027,0.0,-1.0,-41.0
1776886688.4121027,2.0,-1.0,-36.0
1776886688.4221027,0.0,-1.0,-38.0
1776886688.432103,0.0,-1.0,-36.0
1776886688.442103,0.0,1.0,-31.0
1776886688.452103,-1.0,3.0,-34.0
1776886688.462103,4.0,4.0,-37.0
1776886688.4721026,1.0,4.0,-43.0
1776886688.4821026,2.0,1.0,-44.0
1776886688.4921026,6.0,3.0,-40.0
1776886688.5021029,8.0,0.0,-36.0
1776886688.5121028,1.0,-4.0,-39.0
1776886688.5221028,0.0,-6.0,-34.0
1776886688.5321028,-2.0,-8.0,-35.0
1776886688.5431027,-3.0,-8.0,-38.0
1776886688.5531027,-3.0,-10.0,-41.0
1776886688.5621028,-3.0,-6.0,-41.0
1776886688.5731027,-1.0,-2.0,-39.0
1776886688.5831027,0.0,0.0,-41.0
1776886688.5931027,-5.0,-5.0,-41.0
1776886688.6031027,-6.0,-4.0,-34.0
1776886688.613103,-3.0,0.0,-25.0
1776886688.623103,0.0,0.0,-29.0
1776886688.633103,0.0,0.0,-31.0
1776886688.6431026,-3.0,-7.0,-40.0
1776886688.6531026,-6.0,-13.0,-41.0
1776886688.6631026,-6.0,-9.0,-35.0
1776886688.6731029,-7.0,-3.0,-40.0
1776886688.6831028,-5.0,-2.0,-33.0
1776886688.6931028,-3.0,-8.0,-31.0
1776886688.7031028,0.0,-12.0,-32.0
1776886688.7131028,5.0,-10.0,-38.0
1776886688.7231028,6.0,-5.0,-39.0
1776886688.7331028,5.0,-5.0,-40.0
1776886688.7431028,1.0,-9.0,-44.0
1776886688.7531028,-5.0,-8.0,-46.0
1776886688.7631028,0.0,-5.0,-40.0
1776886688.7731028,8.0,-9.0,-41.0
1776886688.7831028,7.0,-6.0,-46.0
1776886688.7931027,10.0,-6.0,-42.0
1776886688.8031027,8.0,-1.0,-40.0
1776886688.8131027,6.0,-3.0,-46.0
1776886688.8231027,5.0,-5.0,-46.0
1776886688.8331027,2.0,-4.0,-41.0
1776886688.8431027,2.0,2.0,-42.0
1776886688.8531027,3.0,3.0,-41.0
1776886688.863103,1.0,3.0,-44.0
1776886688.873103,-3.0,3.0,-43.0
1776886688.883103,-3.0,3.0,-42.0
1776886688.8931026,0.0,2.0,-43.0
1776886688.9031026,-2.0,-4.0,-49.0
1776886688.9131026,0.0,-1.0,-49.0
1776886688.9231029,2.0,-3.0,-47.0
1776886688.9331028,0.0,0.0,-45.0
1776886688.9431028,1.0,1.0,-48.0
1776886688.9531028,0.0,-2.0,-44.0
1776886688.9631028,1.0,-5.0,-37.0
1776886688.9731028,0.0,-9.0,-33.0
1776886688.9831028,0.0,-4.0,-37.0
1776886688.9931028,0.0,-9.0,-37.0
1776886689.0031028,-2.0,-8.0,-42.0
1776886689.0131028,-1.0,-4.0,-41.0
1776886689.0231028,-4.0,-3.0,-42.0
1776886689.0331028,-5.0,-6.0,-42.0
1776886689.0431027,-1.0,-5.0,-43.0
1776886689.0531027,0.0,-6.0,-44.0
1776886689.0631027,4.0,-7.0,-40.0
1776886689.0731027,1.0,-7.0,-35.0
1776886689.0831027,1.0,-12.0,-36.0
1776886689.0931027,4.0,-10.0,-34.0
1776886689.1031027,-1.0,-8.0,-35.0
1776886689.113103,3.0,-9.0,-34.0
1776886689.123103,2.0,-6.0,-34.0
1776886689.133103,3.0,-3.0,-36.0
1776886689.1431026,0.0,-2.0,-42.0
1776886689.1531026,0.0,-1.0,-42.0
1776886689.1631026,-5.0,0.0,-38.0
1776886689.1731029,-8.0,-1.0,-41.0
1776886689.1831028,-4.0,-2.0,-42.0
1776886689.1931028,-2.0,-4.0,-42.0
1776886689.2031028,0.0,-3.0,-48.0
1776886689.2131028,2.0,-3.0,-38.0
1776886689.2231028,1.0,-2.0,-36.0
1776886689.2331028,-1.0,-3.0,-32.0
1776886689.2431028,0.0,-2.0,-30.0
1776886689.2531028,2.0,-4.0,-31.0
1776886689.2631028,4.0,-3.0,-29.0
1776886689.2731028,4.0,-3.0,-32.0
1776886689.2831028,2.0,-6.0,-38.0
1776886689.2931027,4.0,-6.0,-42.0
1776886689.3031027,7.0,-6.0,-38.0
1776886689.3131027,8.0,-4.0,-34.0
1776886689.3231027,6.0,-3.0,-37.0
1776886689.3331027,3.0,-4.0,-40.0
1776886689.3431027,3.0,-3.0,-33.0
1776886689.3531027,2.0,-1.0,-27.0
1776886689.363103,5.0,0.0,-28.0
1776886689.373103,9.0,1.0,-27.0
1776886689.383103,11.0,0.0,-30.0
1776886689.3931026,13.0,2.0,-28.0
1776886689.4031026,9.0,3.0,-24.0
1776886689.4131026,4.0,0.0,-29.0
1776886689.4231029,2.0,-1.0,-26.0
1776886689.4331028,4.0,-1.0,-30.0
1776886689.4431028,3.0,-7.0,-32.0
1776886689.4531028,2.0,-3.0,-32.0
1776886689.4631028,3.0,-3.0,-31.0
1776886689.4731028,5.0,-4.0,-35.0
1776886689.4831028,3.0,-2.0,-36.0
1776886689.4931028,2.0,-1.0,-35.0
1776886689.5031028,-3.0,1.0,-38.0
1776886689.5131028,2.0,2.0,-33.0
1776886689.5231028,0.0,2.0,-38.0
1776886689.5331028,-7.0,-1.0,-40.0
1776886689.5431027,-9.0,0.0,-46.0
1776886689.5531027,-5.0,1.0,-42.0
1776886689.5631027,1.0,3.0,-47.0
1776886689.5731027,2.0,4.0,-44.0
1776886689.5831027,2.0,0.0,-44.0
1776886689.5931027,6.0,-6.0,-39.0
1776886689.6031027,1.0,-6.0,-35.0
1776886689.613103,-1.0,-1.0,-29.0
1776886689.623103,0.0,0.0,-26.0
1776886689.633103,2.0,-1.0,-33.0
1776886689.6431026,0.0,-2.0,-37.0
1776886689.6531026,-2.0,-2.0,-47.0
1776886689.6631026,1.0,0.0,-44.0
1776886689.6731029,3.0,0.0,-42.0
1776886689.6831028,5.0,5.0,-35.0
1776886689.6931028,7.0,-2.0,-36.0
1776886689.7031028,3.0,-4.0,-28.0
1776886689.7131028,3.0,-6.0,-26.0
1776886689.7231028,1.0,-4.0,-30.0
1776886689.7331028,1.0,0.0,-33.0
1776886689.7431028,1.0,0.0,-32.0
1776886689.7531028,3.0,0.0,-37.0
1776886689.7631028,2.0,-3.0,-40.0
1776886689.7731028,5.0,0.0,-37.0
1776886689.7831028,2.0,2.0,-45.0
1776886689.7931027,6.0,0.0,-46.0
1776886689.8031027,5.0,0.0,-40.0
1776886689.8131027,2.0,1.0,-35.0
1776886689.8231027,2.0,0.0,-35.0
1776886689.8331027,-1.0,4.0,-39.0
1776886689.8431027,-6.0,2.0,-36.0
1776886689.8531027,-8.0,0.0,-29.0
1776886689.863103,-3.0,-1.0,-31.0
1776886689.873103,-1.0,0.0,-33.0
1776886689.883103,0.0,0.0,-41.0
1776886689.8931026,4.0,0.0,-36.0
1776886689.9031026,-1.0,5.0,-29.0
1776886689.9131026,-4.0,6.0,-29.0
1776886689.9231029,0.0,5.0,-30.0
1776886689.9331028,-1.0,2.0,-33.0
1776886689.9431028,1.0,4.0,-33.0
1776886689.9531028,5.0,2.0,-36.0
1776886689.9631028,6.0,2.0,-38.0
1776886689.9731028,2.0,3.0,-35.0
1776886689.9831028,0.0,-2.0,-30.0
1776886689.9931028,0.0,-4.0,-31.0
1776886690.0031028,3.0,-6.0,-33.0
1776886690.0131028,4.0,-5.0,-35.0
1776886690.0231028,2.0,-6.0,-34.0
1776886690.0331028,3.0,-7.0,-38.0
1776886690.0431027,0.0,-4.0,-44.0
1776886690.0531027,0.0,0.0,-43.0
1776886690.0631027,0.0,0.0,-34.0
1776886690.0731027,-5.0,-2.0,-35.0
1776886690.0831027,-4.0,-1.0,-38.0
1776886690.0931027,-1.0,-1.0,-41.0
1776886690.1031027,-1.0,-2.0,-36.0
1776886690.113103,1.0,-3.0,-42.0
1776886690.123103,-1.0,-4.0,-37.0
1776886690.133103,1.0,-1.0,-33.0
1776886690.1431026,0.0,2.0,-39.0
1776886690.1531026,0.0,-1.0,-36.0
1776886690.1631026,1.0,-3.0,-30.0
1776886690.1731029,6.0,0.0,-33.0
1776886690.1831028,14.0,4.0,-43.0
1776886690.1931028,13.0,0.0,-41.0
1776886690.2031028,7.0,0.0,-36.0
1776886690.2131028,6.0,-1.0,-43.0
1776886690.2231028,4.0,-4.0,-45.0
1776886690.2341027,1.0,-6.0,-37.0
1776886690.2431028,4.0,-4.0,-43.0
1776886690.2531028,2.0,-1.0,-42.0
1776886690.2631028,6.0,1.0,-47.0
1776886690.2731028,4.0,0.0,-44.0
1776886690.2831028,4.0,0.0,-47.0
1776886690.2931027,4.0,-2.0,-50.0
1776886690.3031027,4.0,0.0,-49.0
1776886690.3131027,1.0,-2.0,-44.0
1776886690.3231027,-2.0,-2.0,-42.0
1776886690.3331027,-5.0,-8.0,-44.0
1776886690.3431027,-6.0,-3.0,-45.0
1776886690.3531027,-4.0,-1.0,-47.0
1776886690.363103,0.0,0.0,-42.0
1776886690.373103,3.0,0.0,-39.0
1776886690.383103,1.0,1.0,-38.0
1776886690.3931026,3.0,2.0,-45.0
1776886690.4031026,5.0,1.0,-41.0
1776886690.4131026,3.0,2.0,-44.0
1776886690.4231029,0.0,5.0,-45.0
1776886690.4331028,-3.0,6.0,-41.0
1776886690.4431028,1.0,5.0,-39.0
1776886690.4531028,1.0,4.0,-36.0
1776886690.4631028,0.0,3.0,-35.0
1776886690.4731028,0.0,1.0,-36.0
1776886690.4831028,-1.0,0.0,-40.0
1776886690.4931028,-3.0,0.0,-41.0
1776886690.5031028,-8.0,-2.0,-38.0
1776886690.5131028,-7.0,-3.0,-37.0
1776886690.5231028,-5.0,0.0,-41.0
1776886690.5331028,0.0,-5.0,-40.0
1776886690.5431027,3.0,-3.0,-39.0
1776886690.5531027,4.0,-3.0,-43.0
1776886690.5631027,4.0,-4.0,-41.0
1776886690.5731027,6.0,-6.0,-33.0
1776886690.5841026,4.0,-5.0,-33.0
1776886690.5941026,5.0,-5.0,-31.0
1776886690.6041028,3.0,-5.0,-33.0
1776886690.6141028,2.0,-5.0,-36.0
1776886690.6241028,-1.0,-3.0,-45.0
1776886690.6341028,0.0,-4.0,-45.0
1776886690.6441028,0.0,-1.0,-42.0
1776886690.6541028,-1.0,-1.0,-36.0
1776886690.6641028,-6.0,0.0,-30.0
1776886690.6741028,-4.0,0.0,-25.0
1776886690.6841028,0.0,2.0,-29.0
1776886690.6941028,6.0,2.0,-35.0
1776886690.7041028,9.0,2.0,-34.0
1776886690.7141027,6.0,4.0,-34.0
1776886690.7241027,4.0,2.0,-28.0
1776886690.7341027,6.0,6.0,-27.0
1776886690.7441027,4.0,2.0,-30.0
1776886690.7541027,3.0,0.0,-35.0
1776886690.7641027,7.0,0.0,-39.0
1776886690.7741027,5.0,-1.0,-40.0
1776886690.784103,2.0,-2.0,-40.0
1776886690.794103,-3.0,0.0,-37.0
1776886690.804103,-5.0,0.0,-34.0
1776886690.8141026,0.0,2.0,-38.0
1776886690.8241026,-1.0,0.0,-42.0
1776886690.8341026,1.0,-3.0,-45.0
1776886690.8441026,0.0,-4.0,-46.0
1776886690.8541028,1.0,-4.0,-45.0
1776886690.8641028,2.0,-7.0,-43.0
1776886690.8741028,4.0,-5.0,-45.0
1776886690.8841028,4.0,-6.0,-44.0
1776886690.8941028,5.0,-2.0,-44.0
1776886690.9041028,9.0,-4.0,-46.0
1776886690.9141028,9.0,-5.0,-43.0
1776886690.9241028,9.0,-5.0,-47.0
1776886690.9341028,9.0,0.0,-47.0
1776886690.9441028,5.0,-4.0,-47.0
1776886690.9541028,5.0,-4.0,-47.0
1776886690.9641027,4.0,-5.0,-52.0
1776886690.9741027,2.0,-9.0,-46.0
1776886690.9841027,1.0,-7.0,-43.0
1776886690.9941027,2.0,-8.0,-42.0
1776886691.0041027,3.0,-6.0,-44.0
1776886691.0141027,4.0,-5.0,-41.0
1776886691.0241027,3.0,-4.0,-47.0
1776886691.034103,0.0,-6.0,-44.0
1776886691.044103,-4.0,-3.0,-46.0
1776886691.054103,-3.0,-5.0,-37.0
1776886691.0641026,-2.0,-1.0,-33.0
1776886691.0741026,2.0,-3.0,-30.0
1776886691.0841026,3.0,0.0,-32.0
1776886691.0941026,6.0,2.0,-32.0
1776886691.1041028,1.0,4.0,-38.0
1776886691.1141028,1.0,1.0,-38.0
1776886691.1241028,-1.0,0.0,-38.0
1776886691.1341028,0.0,-1.0,-38.0
1776886691.1441028,-1.0,-1.0,-39.0
1776886691.1541028,-1.0,0.0,-41.0
1776886691.1641028,0.0,-4.0,-44.0
1776886691.1741028,-2.0,-5.0,-38.0
1776886691.1841028,-5.0,-4.0,-35.0
1776886691.1941028,-3.0,-2.0,-32.0
1776886691.2041028,-2.0,-6.0,-30.0
1776886691.2141027,2.0,-7.0,-31.0
1776886691.2241027,2.0,-5.0,-36.0
1776886691.2341027,0.0,-5.0,-37.0
1776886691.2441027,3.0,-4.0,-38.0
1776886691.2541027,0.0,0.0,-39.0
1776886691.2641027,-1.0,0.0,-43.0
1776886691.2741027,-2.0,1.0,-40.0
1776886691.284103,-1.0,0.0,-37.0
1776886691.294103,1.0,0.0,-33.0
1776886691.304103,5.0,0.0,-28.0
1776886691.3141026,5.0,0.0,-26.0
1776886691.3241026,3.0,1.0,-23.0
1776886691.3341026,4.0,3.0,-26.0
1776886691.3441026,5.0,0.0,-29.0
1776886691.3541028,4.0,-4.0,-32.0
1776886691.3641028,0.0,-2.0,-38.0
1776886691.3741028,2.0,-3.0,-43.0
1776886691.3841028,1.0,-2.0,-44.0
1776886691.3941028,2.0,-7.0,-40.0
1776886691.4041028,1.0,-13.0,-40.0
1776886691.4141028,1.0,-12.0,-40.0
1776886691.4241028,2.0,-8.0,-41.0
1776886691.4341028,0.0,-8.0,-42.0
1776886691.4441028,0.0,-2.0,-40.0
1776886691.4541028,0.0,-3.0,-36.0
1776886691.4641027,-2.0,-1.0,-33.0
1776886691.4741027,-4.0,-2.0,-31.0
1776886691.4841027,-3.0,-3.0,-38.0
1776886691.4941027,-3.0,-3.0,-35.0
1776886691.5041027,-2.0,-4.0,-33.0
1776886691.5141027,-3.0,-6.0,-32.0
1776886691.5241027,-4.0,-11.0,-30.0
1776886691.534103,-4.0,-11.0,-37.0
1776886691.544103,-1.0,-7.0,-39.0
1776886691.554103,2.0,-6.0,-42.0
1776886691.5641026,0.0,-5.0,-38.0
1776886691.5741026,-4.0,-6.0,-42.0
1776886691.5841026,0.0,-7.0,-44.0
1776886691.5941026,5.0,-7.0,-49.0
1776886691.6041028,0.0,-3.0,-45.0
1776886691.6141028,-1.0,-3.0,-41.0
1776886691.6241028,4.0,-3.0,-38.0
1776886691.6341028,3.0,-3.0,-36.0
1776886691.6441028,7.0,-1.0,-37.0
1776886691.6541028,2.0,-1.0,-45.0
1776886691.6641028,1.0,-1.0,-43.0
1776886691.6741028,2.0,0.0,-40.0
1776886691.6841028,-3.0,0.0,-37.0
1776886691.6941028,-5.0,0.0,-46.0
1776886691.7041028,-2.0,0.0,-51.0
1776886691.7141027,-6.0,0.0,-49.0
1776886691.7241027,-1.0,1.0,-47.0
1776886691.7341027,0.0,-1.0,-45.0
1776886691.7441027,4.0,6.0,-44.0
1776886691.7541027,4.0,6.0,-42.0
1776886691.7641027,8.0,0.0,-34.0
1776886691.7741027,7.0,-3.0,-40.0
1776886691.784103,7.0,0.0,-38.0
1776886691.794103,3.0,-2.0,-37.0
1776886691.804103,4.0,-2.0,-35.0
1776886691.8141026,3.0,-3.0,-38.0
1776886691.8241026,3.0,0.0,-32.0
1776886691.8341026,-1.0,-1.0,-29.0
1776886691.8441026,-1.0,0.0,-32.0
1776886691.8541028,1.0,3.0,-36.0
1776886691.8641028,0.0,3.0,-42.0
1776886691.8741028,0.0,-2.0,-38.0
1776886691.8841028,0.0,-2.0,-37.0
1776886691.8941028,-4.0,0.0,-36.0
1776886691.9041028,-2.0,0.0,-32.0
1776886691.9141028,0.0,1.0,-34.0
1776886691.9241028,-2.0,-4.0,-45.0
1776886691.9341028,2.0,-3.0,-48.0
1776886691.9441028,2.0,1.0,-51.0
1776886691.9541028,6.0,-1.0,-55.0
1776886691.9641027,4.0,-6.0,-49.0
1776886691.9741027,1.0,-5.0,-45.0
1776886691.9841027,0.0,-3.0,-44.0
1776886691.9941027,0.0,-7.0,-40.0
1776886692.0041027,-3.0,-4.0,-43.0
1776886692.0141027,-5.0,-4.0,-49.0
1776886692.0241027,-8.0,-5.0,-48.0
1776886692.034103,-12.0,-4.0,-50.0
1776886692.044103,-9.0,0.0,-49.0
1776886692.054103,-8.0,2.0,-50.0
1776886692.0641026,-7.0,-1.0,-48.0
1776886692.0741026,-4.0,-2.0,-46.0
1776886692.0841026,0.0,-5.0,-45.0
1776886692.0941026,2.0,-3.0,-57.0
1776886692.1041028,7.0,0.0,-51.0
1776886692.1141028,8.0,0.0,-43.0
1776886692.1241028,7.0,-2.0,-45.0
1776886692.1341028,2.0,-5.0,-43.0
1776886692.1441028,4.0,-6.0,-40.0
1776886692.1541028,0.0,-4.0,-43.0
1776886692.1641028,0.0,-7.0,-37.0
1776886692.1741028,3.0,-6.0,-34.0
1776886692.1841028,-2.0,-6.0,-36.0
1776886692.1941028,-2.0,-3.0,-33.0
1776886692.2041028,-5.0,0.0,-35.0
1776886692.2141027,-3.0,1.0,-36.0
1776886692.2241027,-3.0,0.0,-32.0
1776886692.2341027,-3.0,-2.0,-27.0
1776886692.2441027,-2.0,1.0,-25.0
1776886692.2541027,-4.0,3.0,-34.0
1776886692.2641027,-3.0,0.0,-38.0
1776886692.2741027,-3.0,2.0,-31.0
1776886692.284103,0.0,1.0,-37.0
1776886692.294103,0.0,-2.0,-39.0
1776886692.304103,0.0,-2.0,-38.0
1776886692.3141026,-2.0,0.0,-41.0
1776886692.3241026,1.0,0.0,-42.0
1776886692.3341026,4.0,-1.0,-45.0
1776886692.3441026,0.0,-3.0,-41.0
1776886692.3541028,4.0,-4.0,-35.0
1776886692.3641028,3.0,-1.0,-34.0
1776886692.3741028,5.0,-3.0,-30.0
1776886692.3841028,7.0,-4.0,-25.0
1776886692.3941028,6.0,-2.0,-28.0
1776886692.4041028,6.0,-2.0,-30.0
1776886692.4141028,6.0,-3.0,-36.0
1776886692.4241028,4.0,-5.0,-42.0
1776886692.4341028,1.0,-5.0,-46.0
1776886692.4441028,-2.0,0.0,-35.0
1776886692.4541028,-3.0,3.0,-39.0
1776886692.4641027,-4.0,2.0,-42.0
1776886692.4741027,-5.0,5.0,-43.0
1776886692.4841027,-5.0,3.0,-44.0
1776886692.4941027,-5.0,5.0,-43.0
1776886692.5041027,-7.0,5.0,-45.0
1776886692.5141027,0.0,9.0,-40.0
1776886692.5241027,0.0,7.0,-33.0
1776886692.534103,-1.0,4.0,-35.0
1776886692.5451028,0.0,5.0,-42.0
1776886692.554103,-3.0,1.0,-53.0
1776886692.5651028,-1.0,0.0,-55.0
1776886692.5741026,0.0,0.0,-52.0
1776886692.5851028,-3.0,0.0,-46.0
1776886692.5951028,-5.0,0.0,-39.0
1776886692.6051028,-2.0,-1.0,-32.0
1776886692.6151028,7.0,0.0,-30.0
1776886692.6251028,-1.0,-2.0,-29.0
1776886692.6351027,-1.0,0.0,-35.0
1776886692.6451027,-1.0,3.0,-33.0
1776886692.6551027,0.0,3.0,-31.0
1776886692.6651027,4.0,-2.0,-32.0
1776886692.6751027,0.0,0.0,-34.0
1776886692.6851027,-2.0,1.0,-35.0
1776886692.6951027,1.0,-1.0,-36.0
1776886692.7051027,0.0,-2.0,-34.0
1776886692.715103,0.0,0.0,-28.0
1776886692.725103,1.0,-2.0,-32.0
1776886692.735103,6.0,-4.0,-38.0
1776886692.7451026,5.0,0.0,-35.0
1776886692.7551026,6.0,1.0,-37.0
1776886692.7651026,9.0,-2.0,-46.0
1776886692.7751029,4.0,-4.0,-47.0
1776886692.7851028,5.0,-7.0,-47.0
1776886692.7951028,2.0,-7.0,-47.0
1776886692.8051028,-2.0,-4.0,-48.0
1776886692.8151028,-1.0,-6.0,-45.0
1776886692.8251028,-2.0,-6.0,-42.0
1776886692.8351028,-3.0,-10.0,-41.0
1776886692.8451028,-7.0,-7.0,-35.0
1776886692.8551028,-7.0,-5.0,-37.0
1776886692.8651028,-6.0,-2.0,-40.0
1776886692.8751028,-1.0,1.0,-42.0
1776886692.8851027,0.0,1.0,-46.0
1776886692.8951027,0.0,0.0,-44.0
1776886692.9051027,6.0,-3.0,-43.0
1776886692.9151027,4.0,-4.0,-36.0
1776886692.9251027,1.0,-6.0,-36.0
1776886692.9351027,1.0,-9.0,-38.0
1776886692.9451027,4.0,-5.0,-36.0
1776886692.9551027,3.0,1.0,-35.0
1776886692.965103,2.0,-1.0,-33.0
1776886692.975103,2.0,2.0,-34.0
1776886692.985103,4.0,0.0,-34.0
1776886692.9951026,1.0,5.0,-33.0
1776886693.0051026,0.0,7.0,-31.0
1776886693.0151026,-4.0,5.0,-28.0
1776886693.0251029,-6.0,6.0,-30.0
1776886693.0351028,-3.0,5.0,-30.0
1776886693.0451028,0.0,6.0,-34.0
1776886693.0551028,3.0,0.0,-31.0
1776886693.0651028,3.0,-2.0,-35.0
1776886693.0751028,0.0,-4.0,-39.0
1776886693.0851028,0.0,-7.0,-38.0
1776886693.0951028,3.0,-9.0,-32.0
1776886693.1051028,9.0,-11.0,-33.0
1776886693.1151028,11.0,-8.0,-37.0
1776886693.1251028,10.0,-5.0,-37.0
1776886693.1351027,8.0,-3.0,-42.0
1776886693.1451027,7.0,-2.0,-45.0
1776886693.1551027,5.0,-3.0,-48.0
1776886693.1651027,0.0,-7.0,-51.0
1776886693.1751027,0.0,-8.0,-46.0
1776886693.1851027,-2.0,-3.0,-39.0
1776886693.1951027,-2.0,-3.0,-39.0
1776886693.2051027,-1.0,-1.0,-35.0
1776886693.215103,-7.0,-3.0,-29.0
1776886693.225103,-5.0,-5.0,-34.0
1776886693.235103,-1.0,-2.0,-36.0
1776886693.2451026,0.0,-3.0,-35.0
1776886693.2551026,3.0,-1.0,-33.0
1776886693.2651026,6.0,-5.0,-37.0
1776886693.2751029,7.0,-4.0,-41.0
1776886693.2851028,5.0,-3.0,-39.0
1776886693.2951028,4.0,0.0,-42.0
1776886693.3051028,3.0,-6.0,-43.0
1776886693.3151028,4.0,-8.0,-48.0
1776886693.3251028,0.0,-5.0,-49.0
1776886693.3351028,0.0,-2.0,-44.0
1776886693.3451028,1.0,-1.0,-42.0
1776886693.3551028,4.0,-5.0,-50.0
1776886693.3651028,3.0,-3.0,-48.0
1776886693.3751028,3.0,-2.0,-41.0
1776886693.3851027,0.0,-5.0,-39.0
1776886693.3951027,-5.0,-4.0,-40.0
1776886693.4051027,-3.0,-2.0,-40.0
1776886693.4151027,-4.0,3.0,-40.0
1776886693.4251027,-4.0,2.0,-40.0
1776886693.4351027,-3.0,6.0,-40.0
1776886693.4451027,0.0,6.0,-35.0
1776886693.4551027,1.0,4.0,-35.0
1776886693.465103,5.0,4.0,-39.0
1776886693.475103,4.0,1.0,-40.0
1776886693.485103,3.0,-3.0,-41.0
1776886693.4951026,6.0,-6.0,-43.0
1776886693.5051026,7.0,-10.0,-38.0
1776886693.5151026,9.0,-11.0,-39.0
1776886693.5251029,5.0,-12.0,-40.0
1776886693.5351028,5.0,-8.0,-40.0
1776886693.5451028,11.0,-3.0,-37.0
1776886693.5551028,10.0,-6.0,-39.0
1776886693.5651028,8.0,-3.0,-39.0
1776886693.5751028,11.0,-3.0,-40.0
1776886693.5851028,8.0,-6.0,-40.0
1776886693.5951028,9.0,-4.0,-33.0
1776886693.6051028,8.0,-5.0,-28.0
1776886693.6151028,4.0,-2.0,-29.0
1776886693.6251028,2.0,-4.0,-32.0
1776886693.6351027,2.0,-1.0,-31.0
1776886693.6451027,1.0,-1.0,-31.0
1776886693.6551027,2.0,-2.0,-29.0
1776886693.6651027,-2.0,-6.0,-32.0
1776886693.6751027,-2.0,-3.0,-28.0
1776886693.6851027,-2.0,-3.0,-35.0
1776886693.6951027,-3.0,-3.0,-33.0
1776886693.7051027,-2.0,-4.0,-32.0
1776886693.715103,0.0,-7.0,-42.0
1776886693.725103,-1.0,-6.0,-45.0
1776886693.735103,0.0,-2.0,-50.0
1776886693.7451026,4.0,1.0,-49.0
1776886693.7551026,4.0,0.0,-50.0
1776886693.7651026,3.0,-2.0,-48.0
1776886693.7751029,4.0,0.0,-42.0
1776886693.7851028,0.0,3.0,-41.0
1776886693.7951028,-4.0,0.0,-46.0
1776886693.8051028,-2.0,2.0,-44.0
1776886693.8151028,-2.0,3.0,-39.0
1776886693.8251028,-1.0,2.0,-43.0
1776886693.8351028,-2.0,0.0,-40.0
1776886693.8451028,-2.0,1.0,-44.0
1776886693.8551028,0.0,0.0,-47.0
1776886693.8651028,1.0,0.0,-51.0
1776886693.8751028,0.0,-1.0,-45.0
1776886693.8851027,-1.0,-1.0,-41.0
1776886693.8951027,-1.0,-1.0,-37.0
1776886693.9051027,-3.0,-5.0,-36.0
1776886693.9151027,-4.0,-3.0,-34.0
1776886693.9251027,-3.0,-5.0,-35.0
1776886693.9351027,-2.0,-4.0,-38.0
1776886693.9451027,0.0,-5.0,-37.0
1776886693.9551027,2.0,-4.0,-32.0
1776886693.965103,1.0,-2.0,-27.0
1776886693.975103,0.0,-2.0,-29.0
1776886693.985103,2.0,0.0,-30.0
1776886693.9951026,1.0,0.0,-34.0
1776886694.0051026,3.0,1.0,-34.0
1776886694.0151026,1.0,2.0,-34.0
1776886694.0251029,1.0,2.0,-31.0
1776886694.0351028,1.0,0.0,-36.0
1776886694.0451028,1.0,1.0,-39.0
1776886694.0551028,-1.0,3.0,-39.0
1776886694.0651028,-3.0,5.0,-40.0
1776886694.0751028,-2.0,7.0,-38.0
1776886694.0851028,-3.0,5.0,-41.0
1776886694.0951028,-1.0,0.0,-40.0
1776886694.1051028,-5.0,-2.0,-44.0
1776886694.1151028,2.0,-8.0,-43.0
1776886694.1251028,0.0,-7.0,-45.0
1776886694.1351027,0.0,-11.0,-46.0
1776886694.1451027,-2.0,-11.0,-50.0
1776886694.1551027,-1.0,-10.0,-44.0
1776886694.1651027,-1.0,-8.0,-43.0
1776886694.1751027,0.0,-5.0,-41.0
1776886694.1851027,0.0,-6.0,-39.0
1776886694.1951027,0.0,-8.0,-39.0
1776886694.2051027,2.0,-12.0,-41.0
1776886694.215103,1.0,-9.0,-35.0
1776886694.225103,0.0,-5.0,-36.0
1776886694.235103,-1.0,-6.0,-40.0
1776886694.2451026,-1.0,-4.0,-41.0
1776886694.2551026,-2.0,-6.0,-43.0
1776886694.2651026,-1.0,-6.0,-44.0
1776886694.2751029,0.0,-2.0,-50.0
1776886694.2851028,1.0,-4.0,-49.0
1776886694.2951028,8.0,0.0,-45.0
1776886694.3051028,4.0,2.0,-43.0
1776886694.3151028,4.0,5.0,-37.0
1776886694.3251028,7.0,2.0,-31.0
1776886694.3351028,5.0,4.0,-31.0
1776886694.3451028,1.0,8.0,-27.0
1776886694.3551028,2.0,11.0,-29.0
1776886694.3651028,-1.0,10.0,-30.0
1776886694.3751028,-2.0,8.0,-27.0
1776886694.3851027,-4.0,4.0,-28.0
1776886694.3951027,-2.0,2.0,-31.0
1776886694.4051027,-2.0,0.0,-38.0
1776886694.4151027,0.0,-1.0,-42.0
1776886694.4251027,-2.0,1.0,-47.0
1776886694.4351027,-7.0,2.0,-46.0
1776886694.4451027,-5.0,-2.0,-42.0
1776886694.4551027,-6.0,-1.0,-37.0
1776886694.465103,-7.0,-4.0,-40.0
1776886694.475103,-6.0,-8.0,-38.0
1776886694.485103,-3.0,-1.0,-41.0
1776886694.4951026,0.0,-2.0,-45.0
1776886694.5051026,-1.0,-2.0,-48.0
1776886694.5151026,-3.0,-1.0,-51.0
1776886694.5251029,-3.0,1.0,-57.0
1776886694.5351028,-1.0,4.0,-63.0
1776886694.5451028,0.0,2.0,-62.0
1776886694.5551028,1.0,0.0,-60.0
1776886694.5661027,0.0,0.0,-55.0
1776886694.5751028,-2.0,0.0,-45.0
1776886694.5861027,-1.0,0.0,-50.0
1776886694.5951028,-2.0,0.0,-48.0
1776886694.6061027,0.0,1.0,-44.0
1776886694.6161027,2.0,0.0,-41.0
1776886694.6261027,2.0,1.0,-41.0
1776886694.636103,1.0,1.0,-39.0
1776886694.6451027,0.0,-1.0,-38.0
1776886694.656103,0.0,-1.0,-37.0
1776886694.6661026,5.0,-2.0,-37.0
1776886694.6761026,1.0,-3.0,-36.0
1776886694.6861026,2.0,-4.0,-35.0
1776886694.6961029,1.0,-2.0,-37.0
1776886694.7061028,0.0,1.0,-33.0
1776886694.7161028,0.0,4.0,-34.0
1776886694.7261028,1.0,6.0,-36.0
1776886694.7361028,-4.0,3.0,-25.0
1776886694.7461028,-4.0,2.0,-27.0
1776886694.7561028,1.0,0.0,-31.0
1776886694.7661028,1.0,-1.0,-28.0
1776886694.7761028,4.0,1.0,-30.0
1776886694.7861028,2.0,3.0,-23.0
1776886694.7961028,1.0,-2.0,-27.0
1776886694.8061028,1.0,-6.0,-22.0
1776886694.8161027,-2.0,-1.0,-21.0
1776886694.8261027,-4.0,-2.0,-28.0
1776886694.8361027,-3.0,-8.0,-28.0
1776886694.8461027,1.0,-14.0,-30.0
1776886694.8561027,1.0,-15.0,-35.0
1776886694.8661027,-1.0,-10.0,-31.0
1776886694.8761027,1.0,-1.0,-35.0
1776886694.886103,3.0,-2.0,-30.0
1776886694.896103,3.0,-1.0,-31.0
1776886694.906103,7.0,0.0,-41.0
1776886694.9161026,8.0,1.0,-39.0
1776886694.9261026,7.0,0.0,-38.0
1776886694.9361026,0.0,0.0,-31.0
1776886694.9461029,0.0,-3.0,-33.0
1776886694.9561028,-2.0,-3.0,-35.0
1776886694.9661028,-5.0,-1.0,-37.0
1776886694.9761028,-9.0,4.0,-30.0
1776886694.9861028,-6.0,3.0,-42.0
1776886694.9961028,-4.0,6.0,-43.0
1776886695.0061028,0.0,4.0,-36.0
1776886695.0161028,5.0,1.0,-36.0
1776886695.0261028,4.0,0.0,-39.0
1776886695.0361028,7.0,0.0,-43.0
1776886695.0471027,6.0,-2.0,-45.0
1776886695.0561028,7.0,-4.0,-45.0
1776886695.0661027,4.0,-3.0,-44.0
1776886695.0761027,1.0,-2.0,-41.0
1776886695.0861027,2.0,-1.0,-47.0
1776886695.0961027,2.0,0.0,-43.0
1776886695.1061027,0.0,0.0,-37.0
1776886695.1161027,5.0,-1.0,-29.0
1776886695.1261027,6.0,-3.0,-31.0
1776886695.136103,7.0,-6.0,-31.0
1776886695.146103,12.0,-4.0,-35.0
1776886695.156103,10.0,-1.0,-40.0
1776886695.1661026,0.0,1.0,-43.0
1776886695.1761026,0.0,0.0,-33.0
1776886695.1861026,-1.0,-1.0,-37.0
1776886695.1961029,0.0,0.0,-33.0
1776886695.2061028,-2.0,1.0,-35.0
1776886695.2161028,-6.0,4.0,-40.0
1776886695.2261028,0.0,5.0,-39.0
1776886695.2361028,0.0,4.0,-37.0
1776886695.2461028,0.0,0.0,-43.0
1776886695.2561028,3.0,-3.0,-46.0
1776886695.2661028,2.0,-3.0,-51.0
1776886695.2761028,1.0,-1.0,-52.0
1776886695.2861028,3.0,-1.0,-50.0
1776886695.2961028,1.0,-2.0,-47.0
1776886695.3061028,0.0,-1.0,-48.0
1776886695.3161027,-7.0,0.0,-42.0
1776886695.3261027,-5.0,-4.0,-40.0
1776886695.3361027,-1.0,-7.0,-33.0
1776886695.3461027,-1.0,-8.0,-32.0
1776886695.3561027,-3.0,-6.0,-32.0
1776886695.3661027,-5.0,-6.0,-41.0
1776886695.3761027,-2.0,-5.0,-43.0
1776886695.386103,-2.0,0.0,-33.0
1776886695.396103,0.0,3.0,-26.0
1776886695.406103,0.0,0.0,-33.0
1776886695.4161026,-1.0,0.0,-26.0
1776886695.4261026,6.0,-3.0,-30.0
1776886695.4361026,7.0,-4.0,-30.0
1776886695.4461029,7.0,-3.0,-31.0
1776886695.4561028,8.0,-4.0,-31.0
1776886695.4661028,5.0,-6.0,-27.0
1776886695.4761028,5.0,-3.0,-30.0
1776886695.4861028,0.0,-3.0,-37.0
1776886695.4961028,4.0,-6.0,-37.0
1776886695.5061028,5.0,-6.0,-35.0
1776886695.5161028,0.0,-2.0,-42.0
1776886695.5261028,-2.0,-7.0,-42.0
1776886695.5361028,4.0,-6.0,-43.0
1776886695.5461028,6.0,1.0,-43.0
1776886695.5561028,3.0,1.0,-40.0
1776886695.5661027,1.0,2.0,-42.0
1776886695.5761027,3.0,0.0,-44.0
1776886695.5861027,4.0,1.0,-53.0
1776886695.5961027,5.0,4.0,-50.0
1776886695.6061027,5.0,5.0,-52.0
1776886695.6161027,1.0,7.0,-50.0
1776886695.6261027,0.0,5.0,-42.0
1776886695.636103,-1.0,2.0,-42.0
1776886695.646103,-3.0,0.0,-38.0
1776886695.656103,-8.0,-2.0,-45.0
1776886695.6661026,-4.0,-2.0,-39.0
1776886695.6761026,0.0,0.0,-45.0
1776886695.6861026,2.0,1.0,-46.0
1776886695.6961029,3.0,3.0,-43.0
1776886695.7061028,0.0,-2.0,-45.0
1776886695.7161028,1.0,0.0,-48.0
1776886695.7261028,1.0,3.0,-44.0
1776886695.7361028,0.0,2.0,-35.0
1776886695.7461028,0.0,0.0,-26.0
1776886695.7561028,2.0,-2.0,-30.0
1776886695.7661028,5.0,-2.0,-33.0
1776886695.7761028,6.0,0.0,-37.0
1776886695.7861028,8.0,0.0,-34.0
1776886695.7961028,11.0,-2.0,-38.0
1776886695.8061028,6.0,-2.0,-42.0
1776886695.8161027,2.0,-1.0,-44.0
1776886695.8261027,1.0,1.0,-42.0
1776886695.8361027,3.0,1.0,-39.0
1776886695.8461027,2.0,-1.0,-46.0
1776886695.8561027,3.0,0.0,-38.0
1776886695.8661027,5.0,0.0,-32.0
1776886695.8761027,3.0,-2.0,-39.0
1776886695.886103,4.0,-2.0,-43.0
1776886695.896103,0.0,0.0,-40.0
1776886695.906103,4.0,0.0,-43.0
1776886695.9161026,8.0,-2.0,-41.0
1776886695.9261026,8.0,-3.0,-40.0
1776886695.9361026,1.0,1.0,-36.0
1776886695.9461029,0.0,-5.0,-40.0
1776886695.9561028,0.0,-9.0,-36.0
1776886695.9661028,1.0,-8.0,-36.0
1776886695.9761028,0.0,-5.0,-38.0
1776886695.9861028,1.0,-5.0,-37.0
1776886695.9961028,0.0,-5.0,-35.0
1776886696.0061028,0.0,-6.0,-37.0
1776886696.0161028,4.0,-3.0,-42.0
1776886696.0261028,7.0,0.0,-40.0
1776886696.0361028,3.0,-1.0,-41.0
1776886696.0461028,0.0,-5.0,-43.0
1776886696.0561028,0.0,-6.0,-42.0
1776886696.0661027,0.0,-1.0,-41.0
1776886696.0761027,-2.0,0.0,-39.0
1776886696.0861027,-3.0,0.0,-41.0
1776886696.0961027,-2.0,-3.0,-38.0
1776886696.1061027,0.0,-6.0,-33.0
1776886696.1161027,4.0,-8.0,-31.0
1776886696.1261027,6.0,-6.0,-34.0
1776886696.136103,7.0,-3.0,-34.0
1776886696.146103,3.0,0.0,-35.0
1776886696.156103,2.0,-2.0,-36.0
1776886696.1661026,6.0,0.0,-26.0
1776886696.1761026,3.0,-2.0,-28.0
1776886696.1861026,-1.0,-7.0,-36.0
1776886696.1961029,3.0,-5.0,-43.0
1776886696.2061028,4.0,-5.0,-37.0
1776886696.2161028,5.0,-5.0,-33.0
1776886696.2261028,3.0,-4.0,-28.0
1776886696.2361028,-1.0,-4.0,-31.0
1776886696.2461028,-1.0,-3.0,-31.0
1776886696.2561028,5.0,-2.0,-30.0
1776886696.2661028,4.0,-5.0,-34.0
1776886696.2761028,6.0,-3.0,-40.0
1776886696.2861028,3.0,-2.0,-43.0
1776886696.2961028,2.0,-4.0,-42.0
1776886696.3061028,1.0,-5.0,-40.0
1776886696.3161027,2.0,-4.0,-37.0
1776886696.3261027,2.0,-8.0,-38.0
1776886696.3361027,0.0,-4.0,-43.0
1776886696.3461027,0.0,0.0,-42.0
1776886696.3561027,0.0,0.0,-41.0
1776886696.3661027,0.0,0.0,-38.0
1776886696.3761027,1.0,-1.0,-35.0
1776886696.386103,-1.0,1.0,-35.0
1776886696.396103,0.0,-4.0,-36.0
1776886696.406103,2.0,-5.0,-38.0
1776886696.4161026,-5.0,-4.0,-34.0
1776886696.4261026,-4.0,-5.0,-34.0
1776886696.4361026,-6.0,-3.0,-36.0
1776886696.4461029,-2.0,-2.0,-35.0
1776886696.4561028,-1.0,-3.0,-36.0
1776886696.4661028,-3.0,-7.0,-36.0
1776886696.4761028,-6.0,-2.0,-42.0
1776886696.4861028,-5.0,-1.0,-42.0
1776886696.4961028,-6.0,-5.0,-38.0
1776886696.5061028,-6.0,-3.0,-37.0
1776886696.5161028,-5.0,-4.0,-38.0
1776886696.5261028,-5.0,-1.0,-39.0
1776886696.5361028,-6.0,-2.0,-44.0
1776886696.5461028,-1.0,-1.0,-40.0
1776886696.557103,2.0,-5.0,-42.0
1776886696.567103,0.0,-6.0,-41.0
1776886696.577103,-4.0,-6.0,-43.0
1776886696.587103,1.0,-7.0,-43.0
1776886696.5971026,1.0,-11.0,-38.0
1776886696.6071026,1.0,-7.0,-38.0
1776886696.6171026,2.0,-9.0,-41.0
1776886696.6271029,-1.0,-8.0,-51.0
1776886696.6371028,1.0,-5.0,-53.0
1776886696.6471028,0.0,-6.0,-49.0
1776886696.6571028,1.0,-7.0,-49.0
1776886696.6671028,0.0,-6.0,-43.0
1776886696.6771028,-3.0,-7.0,-40.0
1776886696.6871028,0.0,-3.0,-36.0
1776886696.6971028,-1.0,-5.0,-37.0
1776886696.7071028,-1.0,-6.0,-39.0
1776886696.7171028,0.0,-6.0,-42.0
1776886696.7271028,0.0,-8.0,-44.0
1776886696.7371027,-1.0,-4.0,-42.0
1776886696.7471027,-7.0,-2.0,-39.0
1776886696.7571027,-5.0,-4.0,-36.0
1776886696.7671027,-8.0,0.0,-39.0
1776886696.7771027,-6.0,0.0,-39.0
1776886696.7871027,0.0,0.0,-39.0
1776886696.7971027,-2.0,0.0,-40.0
1776886696.807103,-4.0,2.0,-41.0
1776886696.817103,-7.0,0.0,-40.0
1776886696.827103,-5.0,3.0,-40.0
1776886696.837103,-3.0,4.0,-35.0
1776886696.8471026,-5.0,8.0,-34.0
1776886696.8571026,-3.0,5.0,-35.0
1776886696.8671026,-2.0,0.0,-36.0
1776886696.8771029,-3.0,0.0,-37.0
1776886696.8871028,0.0,2.0,-34.0
1776886696.8971028,4.0,1.0,-40.0
1776886696.9071028,2.0,2.0,-41.0
1776886696.9171028,1.0,2.0,-42.0
1776886696.9271028,-1.0,2.0,-40.0
1776886696.9371028,0.0,1.0,-38.0
1776886696.9471028,2.0,0.0,-38.0
1776886696.9571028,-5.0,2.0,-32.0
1776886696.9671028,-2.0,1.0,-40.0
1776886696.9771028,0.0,0.0,-41.0
1776886696.9871027,3.0,-4.0,-41.0
1776886696.9971027,2.0,-3.0,-47.0
1776886697.0071027,4.0,-2.0,-44.0
1776886697.0171027,8.0,-2.0,-46.0
1776886697.0271027,3.0,-2.0,-39.0
1776886697.0371027,10.0,0.0,-32.0
1776886697.0471027,11.0,1.0,-41.0
1776886697.057103,14.0,0.0,-45.0
1776886697.067103,12.0,0.0,-44.0
1776886697.077103,10.0,-6.0,-45.0
1776886697.087103,9.0,-4.0,-45.0
1776886697.0971026,5.0,-1.0,-41.0
1776886697.1071026,5.0,2.0,-40.0
1776886697.1171026,3.0,5.0,-45.0
1776886697.1271029,3.0,4.0,-48.0
1776886697.1371028,0.0,0.0,-42.0
1776886697.1471028,1.0,-3.0,-42.0
1776886697.1571028,0.0,-4.0,-43.0
1776886697.1671028,-4.0,-8.0,-42.0
1776886697.1771028,-3.0,-10.0,-40.0
1776886697.1871028,-6.0,-9.0,-40.0
1776886697.1971028,-5.0,-6.0,-36.0
1776886697.2071028,-7.0,-5.0,-38.0
1776886697.2171028,-4.0,-5.0,-34.0
1776886697.2271028,-5.0,-7.0,-32.0
1776886697.2371027,0.0,-8.0,-36.0
1776886697.2471027,-1.0,-6.0,-31.0
1776886697.2571027,5.0,-8.0,-30.0
1776886697.2671027,8.0,-9.0,-34.0
1776886697.2771027,8.0,-9.0,-39.0
1776886697.2871027,9.0,-7.0,-40.0
1776886697.2971027,11.0,-8.0,-34.0
1776886697.307103,9.0,-9.0,-35.0
1776886697.317103,8.0,-8.0,-37.0
1776886697.327103,11.0,-9.0,-38.0
1776886697.337103,8.0,-9.0,-40.0
1776886697.3471026,5.0,-12.0,-34.0
1776886697.3571026,-1.0,-7.0,-30.0
1776886697.3671026,-2.0,-4.0,-39.0
1776886697.3771029,0.0,0.0,-42.0
1776886697.3871028,-3.0,2.0,-41.0
1776886697.3971028,-2.0,0.0,-38.0
1776886697.4071028,-2.0,1.0,-34.0
1776886697.4171028,5.0,0.0,-33.0
1776886697.4271028,4.0,4.0,-35.0
1776886697.4371028,9.0,2.0,-43.0
1776886697.4471028,10.0,1.0,-43.0
1776886697.4571028,10.0,0.0,-39.0
1776886697.4671028,8.0,1.0,-37.0
1776886697.4771028,8.0,1.0,-38.0
1776886697.4871027,3.0,5.0,-50.0
1776886697.4971027,6.0,9.0,-49.0
1776886697.5071027,11.0,8.0,-47.0
1776886697.5171027,12.0,13.0,-42.0
1776886697.5271027,6.0,11.0,-45.0
1776886697.5371027,3.0,4.0,-50.0
1776886697.5471027,0.0,-2.0,-45.0
1776886697.557103,-6.0,-5.0,-48.0
1776886697.567103,-4.0,0.0,-47.0
1776886697.577103,-5.0,-3.0,-45.0
1776886697.587103,-4.0,-8.0,-41.0
1776886697.5971026,0.0,-7.0,-45.0
1776886697.6071026,0.0,-10.0,-36.0
1776886697.6171026,-2.0,-10.0,-30.0
1776886697.6271029,-5.0,-12.0,-26.0
1776886697.6371028,-2.0,-10.0,-28.0
1776886697.6471028,-3.0,-10.0,-37.0
1776886697.6571028,-4.0,-10.0,-31.0
1776886697.6671028,-6.0,-4.0,-32.0
1776886697.6771028,-7.0,-7.0,-37.0
1776886697.6871028,-6.0,-7.0,-40.0
1776886697.6971028,-4.0,-7.0,-39.0
1776886697.7071028,-4.0,-5.0,-35.0
1776886697.7171028,-3.0,-4.0,-39.0
1776886697.7271028,0.0,-2.0,-32.0
1776886697.7371027,0.0,-2.0,-30.0
1776886697.7471027,0.0,-3.0,-31.0
1776886697.7571027,-2.0,-4.0,-26.0
1776886697.7671027,-1.0,-1.0,-25.0
1776886697.7771027,-4.0,-2.0,-28.0
1776886697.7871027,-3.0,-4.0,-33.0
1776886697.7971027,-3.0,-5.0,-34.0
1776886697.807103,-2.0,0.0,-35.0
1776886697.817103,-6.0,1.0,-31.0
1776886697.827103,-5.0,3.0,-33.0
1776886697.837103,-10.0,2.0,-32.0
1776886697.8471026,-9.0,2.0,-26.0
1776886697.8571026,-1.0,-3.0,-26.0
1776886697.8671026,-1.0,0.0,-30.0
1776886697.8771029,-1.0,-1.0,-28.0
1776886697.8871028,-3.0,0.0,-25.0
1776886697.8971028,0.0,1.0,-26.0
1776886697.9071028,1.0,-1.0,-26.0
1776886697.9171028,-1.0,-1.0,-26.0
1776886697.9271028,-4.0,-3.0,-27.0
1776886697.9371028,-1.0,-2.0,-34.0
1776886697.9471028,-6.0,-1.0,-33.0
1776886697.9571028,-4.0,-4.0,-31.0
1776886697.9671028,-3.0,-5.0,-24.0
1776886697.9771028,-6.0,-7.0,-22.0
1776886697.9871027,-7.0,-8.0,-30.0
1776886697.9971027,-8.0,-7.0,-34.0
1776886698.0071027,-9.0,-6.0,-34.0
1776886698.0171027,-6.0,-2.0,-36.0
1776886698.0271027,-3.0,-2.0,-37.0
1776886698.0371027,-2.0,0.0,-36.0
1776886698.0471027,-2.0,-2.0,-36.0
1776886698.057103,0.0,0.0,-37.0
1776886698.067103,0.0,0.0,-38.0
1776886698.077103,3.0,0.0,-30.0
1776886698.087103,7.0,-2.0,-31.0
1776886698.0971026,5.0,-7.0,-38.0
1776886698.1071026,4.0,-10.0,-36.0
1776886698.1171026,5.0,-7.0,-35.0
1776886698.1271029,5.0,-5.0,-41.0
1776886698.1371028,3.0,-2.0,-39.0
1776886698.1471028,3.0,-5.0,-38.0
1776886698.1571028,7.0,-3.0,-40.0
1776886698.1671028,6.0,2.0,-32.0
1776886698.1771028,4.0,2.0,-35.0
1776886698.1871028,2.0,4.0,-37.0
1776886698.1971028,0.0,4.0,-44.0
1776886698.2071028,2.0,2.0,-44.0
1776886698.2171028,2.0,1.0,-42.0
1776886698.2271028,1.0,-1.0,-47.0
1776886698.2371027,4.0,0.0,-52.0
1776886698.248103,0.0,0.0,-50.0
1776886698.2571027,1.0,0.0,-52.0
1776886698.2671027,3.0,-4.0,-52.0
1776886698.2771027,2.0,-6.0,-45.0
1776886698.2871027,2.0,-9.0,-38.0
1776886698.2971027,2.0,-8.0,-39.0
1776886698.307103,2.0,-7.0,-34.0
1776886698.317103,3.0,-4.0,-35.0
1776886698.327103,0.0,0.0,-32.0
1776886698.337103,7.0,4.0,-37.0
1776886698.3471026,5.0,2.0,-34.0
1776886698.3571026,3.0,0.0,-20.0
1776886698.3671026,4.0,1.0,-25.0
1776886698.3771029,1.0,0.0,-25.0
1776886698.3871028,3.0,-5.0,-26.0
1776886698.3971028,3.0,-6.0,-31.0
1776886698.4071028,3.0,-4.0,-36.0
1776886698.4171028,9.0,0.0,-42.0
1776886698.4271028,10.0,0.0,-41.0
1776886698.4371028,7.0,0.0,-34.0
1776886698.4471028,5.0,0.0,-31.0
1776886698.4571028,7.0,-1.0,-36.0
1776886698.4671028,7.0,-1.0,-38.0
1776886698.4771028,9.0,-4.0,-36.0
1776886698.4871027,12.0,-4.0,-36.0
1776886698.4971027,12.0,-4.0,-44.0
1776886698.5071027,15.0,-3.0,-41.0
1776886698.5171027,9.0,-3.0,-39.0
1776886698.5271027,9.0,-4.0,-41.0
1776886698.5371027,12.0,-6.0,-49.0
1776886698.5481029,18.0,-3.0,-47.0
1776886698.5581028,18.0,-2.0,-49.0
1776886698.5681028,17.0,-5.0,-45.0
1776886698.5781028,15.0,-2.0,-41.0
1776886698.5881028,17.0,-2.0,-44.0
1776886698.5981028,9.0,-3.0,-43.0
1776886698.6081028,3.0,-3.0,-37.0
1776886698.6181028,0.0,-1.0,-36.0
1776886698.6281028,0.0,0.0,-31.0
1776886698.6381028,6.0,1.0,-24.0
1776886698.6481028,6.0,3.0,-27.0
1776886698.6581028,3.0,0.0,-27.0
1776886698.6681027,6.0,1.0,-27.0
1776886698.6781027,4.0,1.0,-23.0
1776886698.6881027,6.0,0.0,-22.0
1776886698.6981027,8.0,-1.0,-20.0
1776886698.7081027,9.0,-3.0,-24.0
1776886698.7181027,6.0,-5.0,-29.0
1776886698.7281027,5.0,-7.0,-30.0
1776886698.738103,2.0,-4.0,-40.0
1776886698.748103,1.0,-4.0,-36.0
1776886698.758103,1.0,-2.0,-40.0
1776886698.7681026,-3.0,-5.0,-46.0
1776886698.7781026,-4.0,-6.0,-49.0
1776886698.7881026,1.0,-6.0,-45.0
1776886698.7981029,1.0,-7.0,-43.0
1776886698.8081028,2.0,-7.0,-45.0
1776886698.8181028,2.0,-2.0,-45.0
1776886698.8281028,1.0,0.0,-44.0
1776886698.8381028,3.0,2.0,-35.0
1776886698.8481028,-2.0,-2.0,-26.0
1776886698.8581028,-5.0,-4.0,-23.0
1776886698.8681028,-3.0,-5.0,-32.0
1776886698.8781028,-3.0,-6.0,-31.0
1776886698.8881028,0.0,-5.0,-35.0
1776886698.8981028,-1.0,-3.0,-30.0
1776886698.9081028,1.0,-6.0,-35.0
1776886698.9181027,0.0,-9.0,-37.0
1776886698.9281027,0.0,-6.0,-40.0
1776886698.9381027,0.0,-8.0,-37.0
1776886698.9481027,1.0,-11.0,-40.0
1776886698.9581027,2.0,-7.0,-40.0
1776886698.9681027,0.0,-5.0,-40.0
1776886698.9781027,-5.0,-5.0,-35.0
1776886698.988103,-7.0,-10.0,-41.0
1776886698.998103,-5.0,-7.0,-36.0
1776886699.008103,-4.0,-7.0,-34.0
1776886699.0181026,0.0,-8.0,-36.0
1776886699.0281026,-4.0,-5.0,-40.0
1776886699.0381026,-3.0,-3.0,-31.0
1776886699.0481029,-5.0,0.0,-35.0
1776886699.0581028,-1.0,0.0,-35.0
1776886699.0681028,0.0,0.0,-32.0
1776886699.0781028,3.0,0.0,-39.0
1776886699.0881028,4.0,-3.0,-35.0
1776886699.0981028,2.0,-4.0,-37.0
1776886699.1081028,5.0,-4.0,-35.0
1776886699.1181028,2.0,-1.0,-31.0
1776886699.1281028,5.0,-2.0,-28.0
1776886699.1381028,0.0,-4.0,-28.0
1776886699.1481028,-1.0,-2.0,-28.0
1776886699.1581028,-1.0,-4.0,-34.0
1776886699.1681027,-4.0,-5.0,-35.0
1776886699.1781027,-3.0,-6.0,-38.0
1776886699.1881027,-1.0,-3.0,-39.0
1776886699.1981027,1.0,-3.0,-33.0
1776886699.2081027,0.0,-5.0,-29.0
1776886699.2181027,6.0,-6.0,-33.0
1776886699.2281027,3.0,-5.0,-30.0
1776886699.238103,0.0,-2.0,-27.0
1776886699.248103,0.0,0.0,-27.0
1776886699.258103,3.0,4.0,-24.0
1776886699.2681026,0.0,6.0,-23.0
1776886699.2781026,3.0,3.0,-31.0
1776886699.2881026,5.0,2.0,-28.0
1776886699.2981029,2.0,1.0,-23.0
1776886699.3081028,0.0,0.0,-25.0
1776886699.3181028,1.0,0.0,-28.0
1776886699.3281028,1.0,0.0,-32.0
1776886699.3381028,0.0,-2.0,-35.0
1776886699.3481028,-1.0,-1.0,-32.0
1776886699.3581028,0.0,-4.0,-35.0
1776886699.3681028,0.0,-4.0,-36.0
1776886699.3781028,-3.0,-4.0,-37.0
1776886699.3881028,-1.0,0.0,-32.0
1776886699.3981028,0.0,-2.0,-28.0
1776886699.4081028,2.0,-2.0,-31.0
1776886699.4181027,3.0,-2.0,-31.0
1776886699.4281027,3.0,-4.0,-36.0
1776886699.4381027,3.0,-3.0,-40.0
1776886699.4481027,4.0,-3.0,-42.0
1776886699.4581027,1.0,-2.0,-46.0
1776886699.4681027,4.0,-2.0,-38.0
1776886699.4781027,3.0,-3.0,-37.0
1776886699.488103,2.0,-5.0,-37.0
1776886699.498103,2.0,-10.0,-35.0
1776886699.508103,0.0,-6.0,-32.0
1776886699.5181026,0.0,-4.0,-33.0
1776886699.5281026,0.0,-3.0,-32.0
1776886699.5381026,-2.0,-6.0,-36.0
1776886699.5481029,-2.0,-6.0,-32.0
1776886699.5581028,-6.0,-3.0,-33.0
1776886699.5681028,-4.0,-1.0,-30.0
1776886699.5781028,0.0,-4.0,-32.0
1776886699.5881028,-1.0,-6.0,-39.0
1776886699.5981028,4.0,-4.0,-40.0
1776886699.6081028,3.0,-2.0,-43.0
1776886699.6181028,1.0,-2.0,-38.0
1776886699.6281028,1.0,2.0,-43.0
1776886699.6381028,1.0,6.0,-39.0
1776886699.6481028,1.0,0.0,-42.0
1776886699.6581028,0.0,0.0,-43.0
1776886699.6681027,1.0,-6.0,-48.0
1776886699.6781027,1.0,-6.0,-43.0
1776886699.6881027,-2.0,-2.0,-41.0
1776886699.6981027,-1.0,0.0,-40.0
1776886699.7081027,0.0,-1.0,-39.0
1776886699.7181027,-1.0,-5.0,-34.0
1776886699.7281027,-1.0,-4.0,-34.0
1776886699.738103,0.0,-4.0,-32.0
1776886699.748103,1.0,-4.0,-35.0
1776886699.758103,2.0,-2.0,-29.0
1776886699.7681026,1.0,0.0,-31.0
1776886699.7781026,1.0,1.0,-37.0
1776886699.7881026,-1.0,0.0,-42.0
1776886699.7981029,-5.0,-1.0,-38.0
1776886699.8081028,-2.0,-2.0,-43.0
1776886699.8181028,3.0,-8.0,-37.0
1776886699.8281028,3.0,-7.0,-40.0
1776886699.8381028,0.0,-4.0,-41.0
1776886699.8481028,0.0,0.0,-39.0
1776886699.8581028,2.0,3.0,-48.0
1776886699.8681028,1.0,3.0,-49.0
1776886699.8781028,4.0,0.0,-48.0
1776886699.8881028,4.0,0.0,-43.0
1776886699.8981028,5.0,-2.0,-40.0
1776886699.9081028,2.0,-2.0,-37.0
1776886699.9181027,2.0,-3.0,-37.0
1776886699.9281027,0.0,-5.0,-36.0
1776886699.9381027,1.0,-6.0,-32.0
1776886699.9481027,5.0,-3.0,-32.0
1776886699.9581027,3.0,0.0,-37.0
1776886699.9681027,0.0,-2.0,-36.0
1776886699.9781027,3.0,-3.0,-28.0
1776886699.988103,-1.0,1.0,-28.0
1776886699.998103,0.0,0.0,-28.0
1776886700.008103,-2.0,1.0,-32.0
1776886700.0181026,-6.0,-1.0,-35.0
1776886700.0281026,-4.0,-2.0,-36.0
1776886700.0381026,-2.0,-4.0,-31.0
1776886700.0481029,-1.0,-4.0,-33.0
1776886700.0581028,1.0,-6.0,-39.0
1776886700.0681028,-1.0,-2.0,-39.0
1776886700.0781028,0.0,-2.0,-43.0
1776886700.0881028,2.0,1.0,-47.0
1776886700.0981028,3.0,-2.0,-49.0
1776886700.1081028,2.0,-3.0,-46.0
1776886700.1181028,3.0,-7.0,-42.0
1776886700.1281028,5.0,-7.0,-37.0
1776886700.1381028,6.0,-8.0,-43.0
1776886700.1481028,9.0,-6.0,-47.0
1776886700.1581028,10.0,-5.0,-49.0
1776886700.1681027,8.0,-1.0,-48.0
1776886700.1781027,6.0,0.0,-42.0
1776886700.1881027,1.0,-2.0,-42.0
1776886700.1981027,0.0,-4.0,-41.0
1776886700.2081027,-1.0,0.0,-41.0
1776886700.2181027,1.0,-1.0,-37.0
1776886700.2281027,4.0,0.0,-40.0
1776886700.238103,2.0,-4.0,-42.0
1776886700.248103,0.0,-4.0,-44.0
1776886700.258103,2.0,-4.0,-53.0
1776886700.2681026,1.0,-6.0,-54.0
1776886700.2781026,4.0,-7.0,-50.0
1776886700.2881026,4.0,-3.0,-41.0
1776886700.2981029,4.0,0.0,-44.0
1776886700.3081028,3.0,-1.0,-45.0
1776886700.3181028,5.0,-3.0,-38.0
1776886700.3281028,6.0,-1.0,-33.0
1776886700.3381028,9.0,-1.0,-28.0
1776886700.3481028,9.0,0.0,-27.0
1776886700.3581028,12.0,-2.0,-32.0
1776886700.3681028,14.0,-6.0,-35.0
1776886700.3781028,18.0,-8.0,-34.0
1776886700.3881028,14.0,-6.0,-39.0
1776886700.3981028,8.0,-4.0,-41.0
1776886700.4081028,4.0,-2.0,-37.0
1776886700.4181027,0.0,0.0,-31.0
1776886700.4281027,0.0,1.0,-35.0
1776886700.4381027,0.0,-1.0,-43.0
1776886700.4481027,-3.0,0.0,-45.0
1776886700.4581027,-2.0,1.0,-41.0
1776886700.4681027,0.0,2.0,-43.0
1776886700.4781027,7.0,6.0,-43.0
1776886700.488103,5.0,4.0,-42.0
1776886700.498103,4.0,2.0,-40.0
1776886700.508103,4.0,2.0,-33.0
1776886700.5181026,7.0,2.0,-31.0
1776886700.5281026,6.0,0.0,-21.0
1776886700.5381026,7.0,-2.0,-24.0
1776886700.5481029,4.0,-1.0,-31.0
1776886700.5591028,0.0,-3.0,-29.0
1776886700.5681028,3.0,-1.0,-22.0
1776886700.5791028,1.0,1.0,-25.0
1776886700.5891027,0.0,4.0,-20.0
1776886700.5991027,0.0,0.0,-23.0
1776886700.6091027,0.0,-2.0,-28.0
1776886700.6191027,1.0,-6.0,-28.0
1776886700.6291027,1.0,-7.0,-35.0
1776886700.6391027,2.0,-6.0,-35.0
1776886700.6491027,2.0,-6.0,-36.0
1776886700.659103,6.0,0.0,-31.0
1776886700.669103,4.0,-2.0,-28.0
1776886700.679103,2.0,-4.0,-34.0
1776886700.6891026,0.0,-4.0,-34.0
1776886700.6991026,-3.0,-6.0,-36.0
1776886700.7091026,-5.0,0.0,-34.0
1776886700.7191026,-7.0,0.0,-34.0
1776886700.7291028,-4.0,1.0,-37.0
1776886700.7391028,1.0,-5.0,-38.0
1776886700.7491028,1.0,-11.0,-38.0
1776886700.7591028,3.0,-10.0,-38.0
1776886700.7691028,5.0,-10.0,-34.0
1776886700.7791028,7.0,-5.0,-34.0
1776886700.7891028,1.0,-4.0,-40.0
1776886700.7991028,-1.0,-9.0,-43.0
1776886700.8091028,-3.0,-7.0,-47.0
1776886700.8191028,0.0,-4.0,-51.0
1776886700.8291028,0.0,0.0,-53.0
1776886700.8391027,-1.0,2.0,-49.0
1776886700.8491027,0.0,1.0,-40.0
1776886700.8591027,0.0,0.0,-42.0
1776886700.8691027,-1.0,-1.0,-43.0
1776886700.8791027,-3.0,0.0,-42.0
1776886700.8891027,-2.0,3.0,-37.0
1776886700.8991027,0.0,0.0,-41.0
1776886700.909103,-3.0,-4.0,-38.0
1776886700.919103,-6.0,-4.0,-38.0
1776886700.929103,-1.0,0.0,-38.0
1776886700.9391026,0.0,-2.0,-33.0
1776886700.9491026,-3.0,-1.0,-25.0
1776886700.9591026,-4.0,0.0,-25.0
1776886700.9691026,-5.0,-2.0,-31.0
1776886700.9791028,-4.0,0.0,-39.0
1776886700.9891028,-2.0,0.0,-40.0
1776886700.9991028,-6.0,-1.0,-43.0
1776886701.0091028,-6.0,-2.0,-43.0
1776886701.0191028,-2.0,-5.0,-48.0
1776886701.0291028,-4.0,-5.0,-51.0
1776886701.0391028,-3.0,-5.0,-54.0
1776886701.0491028,-4.0,-6.0,-50.0
1776886701.0591028,-3.0,-6.0,-48.0
1776886701.0691028,-3.0,-1.0,-46.0
1776886701.0791028,0.0,-2.0,-42.0
1776886701.0891027,0.0,1.0,-42.0
1776886701.0991027,0.0,0.0,-47.0
1776886701.1091027,0.0,1.0,-46.0
1776886701.1191027,0.0,2.0,-45.0
1776886701.1291027,-3.0,3.0,-43.0
1776886701.1391027,-2.0,3.0,-47.0
1776886701.1491027,-3.0,4.0,-47.0
1776886701.159103,2.0,1.0,-45.0
1776886701.169103,4.0,2.0,-39.0
1776886701.179103,3.0,2.0,-36.0
1776886701.1891026,3.0,0.0,-37.0
1776886701.1991026,5.0,0.0,-39.0
1776886701.2091026,9.0,5.0,-44.0
1776886701.2191026,5.0,6.0,-42.0
1776886701.2291028,0.0,5.0,-42.0
1776886701.2391028,1.0,2.0,-38.0
1776886701.2491028,0.0,2.0,-33.0
1776886701.2591028,4.0,7.0,-30.0
1776886701.2691028,3.0,6.0,-22.0
1776886701.2791028,6.0,5.0,-25.0
1776886701.2891028,4.0,2.0,-31.0
1776886701.2991028,3.0,-1.0,-28.0
1776886701.3091028,5.0,0.0,-30.0
1776886701.3191028,5.0,2.0,-33.0
1776886701.3291028,2.0,4.0,-36.0
1776886701.3391027,4.0,4.0,-38.0
1776886701.3491027,1.0,3.0,-38.0
1776886701.3591027,0.0,2.0,-36.0
1776886701.3691027,-1.0,0.0,-31.0
1776886701.3791027,-1.0,1.0,-31.0
1776886701.3891027,-1.0,-3.0,-36.0
1776886701.3991027,-3.0,1.0,-39.0
1776886701.409103,-2.0,1.0,-43.0
1776886701.419103,-1.0,2.0,-44.0
1776886701.429103,0.0,2.0,-45.0
1776886701.4391026,3.0,0.0,-39.0
1776886701.4491026,9.0,0.0,-40.0
1776886701.4591026,8.0,-1.0,-43.0
1776886701.4691026,8.0,0.0,-43.0
1776886701.4791028,7.0,2.0,-45.0
1776886701.4891028,4.0,1.0,-46.0
1776886701.4991028,4.0,0.0,-48.0
1776886701.5091028,4.0,-2.0,-47.0
1776886701.5191028,2.0,-2.0,-44.0
1776886701.5291028,-1.0,-5.0,-42.0
1776886701.5391028,-5.0,-4.0,-35.0
1776886701.5491028,-4.0,-4.0,-36.0
1776886701.5591028,0.0,-7.0,-38.0
1776886701.5691028,-3.0,-4.0,-30.0
1776886701.5791028,0.0,-4.0,-34.0
1776886701.5891027,0.0,-5.0,-33.0
1776886701.5991027,2.0,-7.0,-40.0
1776886701.6091027,6.0,-4.0,-36.0
1776886701.6191027,4.0,-6.0,-35.0
1776886701.6291027,6.0,-4.0,-37.0
1776886701.6391027,4.0,0.0,-40.0
1776886701.6491027,5.0,-2.0,-41.0
1776886701.659103,4.0,-2.0,-43.0
1776886701.669103,0.0,-2.0,-46.0
1776886701.679103,0.0,-6.0,-42.0
1776886701.6891026,-2.0,-1.0,-42.0
1776886701.6991026,0.0,0.0,-43.0
1776886701.7091026,1.0,-2.0,-42.0
1776886701.7191026,3.0,0.0,-43.0
1776886701.7291028,0.0,-2.0,-41.0
1776886701.7391028,-1.0,0.0,-38.0
1776886701.7491028,-3.0,1.0,-30.0
1776886701.7591028,-4.0,-2.0,-30.0
1776886701.7691028,2.0,-1.0,-29.0
1776886701.7791028,4.0,-3.0,-27.0
1776886701.7891028,7.0,-4.0,-31.0
1776886701.7991028,4.0,-1.0,-34.0
1776886701.8091028,6.0,-2.0,-34.0
1776886701.8191028,0.0,-6.0,-38.0
1776886701.8291028,-3.0,0.0,-39.0
1776886701.8391027,-8.0,-3.0,-34.0
1776886701.8491027,-7.0,-4.0,-37.0
1776886701.8591027,-1.0,-4.0,-34.0
1776886701.8691027,-4.0,-4.0,-35.0
1776886701.8791027,1.0,-2.0,-39.0
1776886701.8891027,2.0,0.0,-44.0
1776886701.8991027,2.0,0.0,-45.0
1776886701.909103,2.0,0.0,-49.0
1776886701.919103,-2.0,-3.0,-46.0
1776886701.929103,-2.0,-1.0,-41.0
1776886701.9391026,-4.0,-5.0,-41.0
1776886701.9491026,-2.0,-3.0,-45.0
1776886701.9591026,0.0,0.0,-47.0
1776886701.9691026,1.0,-2.0,-46.0
1776886701.9791028,3.0,0.0,-46.0
1776886701.9891028,2.0,0.0,-51.0
1776886701.9991028,6.0,0.0,-48.0
1776886702.0091028,5.0,-2.0,-48.0
1776886702.0191028,3.0,-1.0,-53.0
1776886702.0291028,0.0,1.0,-53.0
1776886702.0391028,-2.0,4.0,-47.0
1776886702.0491028,-5.0,3.0,-40.0
1776886702.0591028,-3.0,2.0,-38.0
1776886702.0691028,-2.0,4.0,-45.0
1776886702.0791028,0.0,7.0,-43.0
1776886702.0891027,-2.0,8.0,-39.0
1776886702.0991027,-3.0,3.0,-44.0
1776886702.1091027,-1.0,0.0,-46.0
1776886702.1191027,0.0,0.0,-46.0
1776886702.1291027,2.0,-2.0,-42.0
1776886702.1391027,-1.0,-2.0,-48.0
1776886702.1491027,3.0,-5.0,-55.0
1776886702.159103,5.0,-6.0,-52.0
1776886702.169103,4.0,-7.0,-45.0
1776886702.179103,2.0,-8.0,-41.0
1776886702.1891026,0.0,-7.0,-43.0
1776886702.1991026,0.0,-8.0,-40.0
1776886702.2091026,2.0,-4.0,-39.0
1776886702.2191026,0.0,-6.0,-34.0
1776886702.2291028,1.0,-6.0,-39.0
1776886702.2391028,0.0,-8.0,-48.0
1776886702.2491028,0.0,-7.0,-40.0
1776886702.2591028,4.0,-5.0,-41.0
1776886702.2691028,2.0,-3.0,-40.0
1776886702.2791028,3.0,-2.0,-42.0
1776886702.2891028,-1.0,-2.0,-39.0
1776886702.2991028,1.0,0.0,-38.0
1776886702.3091028,3.0,-3.0,-41.0
1776886702.3191028,1.0,0.0,-39.0
1776886702.3291028,0.0,3.0,-33.0
1776886702.3391027,1.0,3.0,-29.0
1776886702.3491027,4.0,3.0,-28.0
1776886702.3591027,4.0,3.0,-30.0
1776886702.3691027,3.0,1.0,-31.0
1776886702.3791027,3.0,3.0,-33.0
1776886702.3891027,3.0,3.0,-34.0
1776886702.3991027,3.0,2.0,-35.0
1776886702.409103,-2.0,1.0,-36.0
1776886702.419103,-2.0,0.0,-35.0
1776886702.429103,-1.0,-1.0,-35.0
1776886702.4391026,1.0,-7.0,-41.0
1776886702.4491026,4.0,-7.0,-43.0
1776886702.4591026,0.0,-9.0,-40.0
1776886702.4691026,7.0,-4.0,-40.0
1776886702.4791028,12.0,-1.0,-37.0
1776886702.4891028,11.0,2.0,-40.0
1776886702.4991028,9.0,1.0,-42.0
1776886702.5091028,11.0,1.0,-42.0
1776886702.5191028,9.0,0.0,-40.0
1776886702.5291028,6.0,0.0,-37.0
1776886702.5401027,0.0,-1.0,-31.0
1776886702.5501027,-2.0,2.0,-29.0
1776886702.5601027,0.0,3.0,-30.0
1776886702.5701027,-1.0,2.0,-31.0
1776886702.5801027,1.0,5.0,-34.0
1776886702.590103,3.0,0.0,-37.0
1776886702.600103,0.0,-1.0,-42.0
1776886702.610103,-3.0,-5.0,-43.0
1776886702.6201026,-4.0,-8.0,-44.0
1776886702.6301026,1.0,-3.0,-39.0
1776886702.6401026,4.0,0.0,-39.0
1776886702.6501029,7.0,-1.0,-41.0
1776886702.6601028,7.0,2.0,-33.0
1776886702.6701028,6.0,0.0,-32.0
1776886702.6801028,6.0,-1.0,-35.0
1776886702.6901028,5.0,-3.0,-33.0
1776886702.7001028,5.0,-5.0,-31.0
1776886702.7101028,3.0,-4.0,-32.0
1776886702.7201028,4.0,-5.0,-30.0
1776886702.7301028,5.0,-7.0,-30.0
1776886702.7401028,2.0,-4.0,-32.0
1776886702.7501028,0.0,-3.0,-29.0
1776886702.7601027,-2.0,-2.0,-26.0
1776886702.7701027,1.0,0.0,-30.0
1776886702.7801027,2.0,-1.0,-36.0
1776886702.7901027,6.0,-6.0,-40.0
1776886702.8001027,1.0,-3.0,-36.0
1776886702.8101027,2.0,-1.0,-38.0
1776886702.8201027,-3.0,-5.0,-36.0
1776886702.8301027,-5.0,-2.0,-30.0
1776886702.840103,-1.0,1.0,-31.0
1776886702.850103,-1.0,3.0,-34.0
1776886702.860103,-2.0,-2.0,-35.0
1776886702.8701026,0.0,-3.0,-35.0
1776886702.8801026,0.0,1.0,-41.0
1776886702.8901026,0.0,0.0,-43.0
1776886702.9001029,-1.0,-4.0,-46.0
1776886702.9101028,-1.0,0.0,-40.0
1776886702.9201028,0.0,1.0,-43.0
1776886702.9301028,0.0,4.0,-47.0
1776886702.9401028,0.0,4.0,-41.0
1776886702.9501028,0.0,7.0,-43.0
1776886702.9601028,-4.0,3.0,-44.0
1776886702.9701028,-2.0,0.0,-41.0
1776886702.9801028,0.0,1.0,-41.0
1776886702.9901028,-1.0,2.0,-36.0
1776886703.0001028,5.0,2.0,-39.0
1776886703.0101027,6.0,2.0,-37.0
1776886703.0201027,4.0,4.0,-35.0
1776886703.0301027,3.0,2.0,-36.0
1776886703.0401027,3.0,4.0,-37.0
1776886703.0501027,3.0,5.0,-35.0
1776886703.0601027,1.0,-1.0,-40.0
1776886703.0701027,0.0,2.0,-38.0
1776886703.0801027,0.0,2.0,-37.0
1776886703.090103,-6.0,-3.0,-42.0
1776886703.100103,-2.0,0.0,-39.0
1776886703.110103,-1.0,0.0,-40.0
1776886703.1201026,-2.0,8.0,-35.0
1776886703.1301026,-2.0,8.0,-36.0
1776886703.1401026,-5.0,7.0,-40.0
1776886703.1501029,-5.0,6.0,-45.0
1776886703.1601028,-3.0,4.0,-48.0
1776886703.1701028,-4.0,2.0,-50.0
1776886703.1801028,-2.0,2.0,-46.0
1776886703.1901028,0.0,5.0,-50.0
1776886703.2001028,0.0,6.0,-50.0
1776886703.2101028,-1.0,6.0,-48.0
1776886703.2201028,-2.0,4.0,-43.0
1776886703.2301028,-1.0,0.0,-46.0
1776886703.2401028,0.0,-1.0,-45.0
1776886703.2501028,3.0,-3.0,-45.0
1776886703.2601027,3.0,-2.0,-41.0
1776886703.2701027,6.0,-2.0,-36.0
1776886703.2801027,0.0,0.0,-37.0
1776886703.2901027,0.0,2.0,-34.0
1776886703.3001027,0.0,5.0,-34.0
1776886703.3101027,0.0,6.0,-36.0
1776886703.3201027,0.0,3.0,-32.0
1776886703.3301027,-1.0,0.0,-39.0
1776886703.340103,1.0,-1.0,-47.0
1776886703.350103,3.0,-4.0,-50.0
1776886703.360103,1.0,1.0,-48.0
1776886703.3701026,0.0,1.0,-50.0
1776886703.3801026,3.0,-3.0,-48.0
1776886703.3901026,4.0,-5.0,-46.0
1776886703.4001029,5.0,-1.0,-54.0
1776886703.4101028,3.0,1.0,-54.0
1776886703.4201028,0.0,2.0,-48.0
1776886703.4301028,-1.0,0.0,-41.0
1776886703.4401028,-2.0,0.0,-38.0
1776886703.4501028,-1.0,-2.0,-36.0
1776886703.4601028,-1.0,-2.0,-37.0
1776886703.4701028,1.0,-2.0,-43.0
1776886703.4801028,-1.0,-6.0,-41.0
1776886703.4901028,-2.0,-6.0,-40.0
1776886703.5001028,-2.0,-3.0,-42.0
1776886703.5101027,-2.0,-3.0,-42.0
1776886703.5201027,0.0,0.0,-42.0
1776886703.5301027,3.0,1.0,-47.0
1776886703.5401027,3.0,0.0,-42.0
1776886703.5501027,9.0,3.0,-34.0
1776886703.5601027,12.0,1.0,-30.0
1776886703.5701027,6.0,2.0,-36.0
1776886703.5801027,3.0,2.0,-36.0
1776886703.590103,5.0,2.0,-34.0
1776886703.600103,4.0,1.0,-37.0
1776886703.610103,1.0,-2.0,-35.0
1776886703.6201026,-2.0,-1.0,-35.0
1776886703.6301026,-2.0,1.0,-42.0
1776886703.6401026,-4.0,-1.0,-44.0
1776886703.6501029,-8.0,-3.0,-54.0
1776886703.6601028,-5.0,-2.0,-54.0
1776886703.6701028,-5.0,2.0,-54.0
1776886703.6801028,-6.0,3.0,-43.0
1776886703.6901028,-7.0,5.0,-37.0
1776886703.7001028,-4.0,3.0,-40.0
1776886703.7101028,-2.0,0.0,-43.0
1776886703.7201028,-2.0,1.0,-40.0
1776886703.7301028,0.0,2.0,-46.0
1776886703.7401028,1.0,2.0,-43.0
1776886703.7501028,5.0,0.0,-42.0
1776886703.7601027,7.0,-1.0,-43.0
1776886703.7701027,4.0,-2.0,-46.0
1776886703.7801027,5.0,-7.0,-43.0
1776886703.7901027,10.0,-5.0,-40.0
1776886703.8001027,7.0,-4.0,-44.0
1776886703.8101027,7.0,-5.0,-48.0
1776886703.8201027,5.0,-1.0,-45.0
1776886703.8301027,1.0,-2.0,-48.0
1776886703.840103,1.0,-2.0,-50.0
1776886703.850103,2.0,-3.0,-53.0
1776886703.860103,2.0,-5.0,-44.0
1776886703.8701026,1.0,-4.0,-45.0
1776886703.8801026,4.0,0.0,-44.0
1776886703.8901026,2.0,0.0,-43.0
1776886703.9001029,2.0,0.0,-45.0
1776886703.9101028,2.0,0.0,-42.0
1776886703.9201028,3.0,-1.0,-43.0
1776886703.9301028,2.0,0.0,-40.0
1776886703.9401028,-2.0,1.0,-46.0
1776886703.9501028,1.0,3.0,-44.0
1776886703.9601028,7.0,4.0,-41.0
1776886703.9701028,5.0,1.0,-46.0
1776886703.9801028,3.0,0.0,-44.0
1776886703.9901028,2.0,-4.0,-46.0
1776886704.0001028,6.0,-6.0,-38.0
1776886704.0101027,3.0,-7.0,-34.0
1776886704.0201027,2.0,-7.0,-35.0
1776886704.0301027,6.0,-9.0,-43.0
1776886704.0401027,4.0,-3.0,-44.0
1776886704.0501027,3.0,-1.0,-53.0
1776886704.0601027,3.0,-1.0,-52.0
1776886704.0701027,0.0,-3.0,-49.0
1776886704.0801027,-2.0,-5.0,-43.0
1776886704.090103,0.0,-4.0,-38.0
1776886704.100103,1.0,-4.0,-35.0
1776886704.110103,-2.0,-2.0,-32.0
1776886704.1201026,-4.0,0.0,-38.0
1776886704.1301026,-3.0,0.0,-41.0
1776886704.1401026,-7.0,1.0,-35.0
1776886704.1501029,-3.0,0.0,-37.0
1776886704.1611028,-3.0,1.0,-33.0
1776886704.1701028,0.0,2.0,-35.0
1776886704.1801028,1.0,-1.0,-45.0
1776886704.1901028,3.0,0.0,-50.0
1776886704.2001028,1.0,-1.0,-49.0
1776886704.2101028,4.0,0.0,-44.0
1776886704.2201028,4.0,-3.0,-43.0
1776886704.2301028,6.0,-5.0,-39.0
1776886704.2401028,3.0,-2.0,-37.0
1776886704.2501028,1.0,-5.0,-40.0
1776886704.2601027,2.0,-2.0,-46.0
1776886704.2701027,2.0,-1.0,-45.0
1776886704.2801027,3.0,-5.0,-45.0
1776886704.2901027,0.0,-5.0,-46.0
1776886704.3001027,0.0,-2.0,-54.0
1776886704.3101027,-4.0,0.0,-46.0
1776886704.3201027,-4.0,0.0,-44.0
1776886704.3301027,0.0,0.0,-34.0
1776886704.340103,-1.0,0.0,-31.0
1776886704.350103,0.0,0.0,-35.0
1776886704.360103,-1.0,0.0,-36.0
1776886704.3701026,0.0,-1.0,-40.0
1776886704.3801026,0.0,-2.0,-37.0
1776886704.3901026,-1.0,-3.0,-38.0
1776886704.4001029,0.0,-3.0,-33.0
1776886704.4101028,-1.0,-1.0,-25.0
1776886704.4201028,-2.0,-3.0,-29.0
1776886704.4301028,0.0,-4.0,-30.0
1776886704.4401028,2.0,-1.0,-30.0
1776886704.4501028,4.0,0.0,-35.0
1776886704.4601028,1.0,-2.0,-37.0
1776886704.4701028,-3.0,-5.0,-31.0
1776886704.4801028,-5.0,-8.0,-33.0
1776886704.4901028,-5.0,-3.0,-36.0
1776886704.5001028,-6.0,-2.0,-39.0
1776886704.511103,-2.0,-5.0,-46.0
1776886704.5201027,0.0,-4.0,-50.0
1776886704.5301027,-1.0,-3.0,-48.0
1776886704.5401027,0.0,-5.0,-47.0
1776886704.5501027,-4.0,-1.0,-39.0
1776886704.5611026,-3.0,1.0,-39.0
1776886704.5711029,-7.0,2.0,-40.0
1776886704.5811028,-6.0,2.0,-33.0
1776886704.5911028,-4.0,-3.0,-30.0
1776886704.6011028,0.0,1.0,-35.0
1776886704.6111028,5.0,0.0,-35.0
1776886704.6211028,3.0,-3.0,-39.0
1776886704.6311028,1.0,-4.0,-44.0
1776886704.6411028,0.0,0.0,-47.0
1776886704.6511028,0.0,-1.0,-42.0
1776886704.6611028,1.0,-6.0,-38.0
1776886704.6711028,-2.0,-6.0,-33.0
1776886704.6811028,-4.0,-4.0,-40.0
1776886704.6911027,-3.0,-5.0,-45.0
1776886704.7011027,-3.0,-3.0,-41.0
1776886704.7111027,-4.0,0.0,-39.0
1776886704.7211027,-5.0,-3.0,-36.0
1776886704.7311027,-5.0,-8.0,-31.0
1776886704.7411027,-4.0,-6.0,-28.0
1776886704.7511027,-5.0,-6.0,-27.0
1776886704.761103,0.0,-6.0,-34.0
1776886704.771103,5.0,-4.0,-29.0
1776886704.781103,4.0,-1.0,-37.0
1776886704.7911026,6.0,4.0,-36.0
1776886704.8011026,7.0,3.0,-41.0
1776886704.8111026,10.0,5.0,-49.0
1776886704.8211029,11.0,6.0,-48.0
1776886704.8311028,11.0,1.0,-44.0
1776886704.8411028,5.0,4.0,-47.0
1776886704.8511028,4.0,1.0,-50.0
1776886704.8611028,1.0,1.0,-46.0
1776886704.8711028,-1.0,2.0,-46.0
1776886704.8811028,-1.0,6.0,-48.0
1776886704.8911028,0.0,7.0,-46.0
1776886704.9011028,-3.0,1.0,-53.0
1776886704.9111028,0.0,1.0,-47.0
1776886704.9211028,-5.0,3.0,-42.0
1776886704.9311028,-3.0,0.0,-33.0
1776886704.9411027,-4.0,0.0,-36.0
1776886704.9511027,-2.0,3.0,-31.0
1776886704.9611027,-1.0,-4.0,-34.0
1776886704.9711027,0.0,-3.0,-39.0
1776886704.9811027,1.0,-1.0,-41.0
1776886704.9911027,1.0,1.0,-37.0
1776886705.0011027,3.0,3.0,-39.0
1776886705.011103,0.0,3.0,-36.0
1776886705.021103,0.0,4.0,-35.0
1776886705.031103,-3.0,4.0,-33.0
1776886705.0411026,1.0,5.0,-33.0
1776886705.0511026,2.0,2.0,-36.0
1776886705.0611026,1.0,0.0,-34.0
1776886705.0711029,3.0,2.0,-41.0
1776886705.0811028,2.0,1.0,-46.0
1776886705.0911028,3.0,5.0,-45.0
1776886705.1011028,3.0,0.0,-39.0
1776886705.1111028,2.0,0.0,-40.0
1776886705.1211028,-1.0,-1.0,-41.0
1776886705.1311028,-2.0,0.0,-39.0
1776886705.1411028,-5.0,0.0,-39.0
1776886705.1511028,-6.0,2.0,-43.0
1776886705.1611028,-4.0,0.0,-38.0
1776886705.1711028,-1.0,2.0,-39.0
1776886705.1811028,-1.0,2.0,-38.0
1776886705.1911027,0.0,4.0,-43.0
1776886705.2011027,2.0,5.0,-43.0
1776886705.2111027,1.0,5.0,-46.0
1776886705.2211027,1.0,2.0,-53.0
1776886705.2311027,2.0,1.0,-50.0
1776886705.2411027,1.0,1.0,-43.0
1776886705.2511027,6.0,1.0,-40.0
1776886705.261103,5.0,0.0,-35.0
1776886705.271103,5.0,-1.0,-34.0
1776886705.2821028,0.0,-2.0,-41.0
1776886705.2911026,-1.0,-5.0,-42.0
1776886705.3011026,-2.0,-7.0,-43.0
1776886705.3111026,-4.0,-6.0,-44.0
1776886705.3211029,-8.0,-4.0,-42.0
1776886705.3311028,-4.0,-3.0,-33.0
1776886705.3411028,0.0,-4.0,-30.0
1776886705.3511028,0.0,-4.0,-26.0
1776886705.3611028,-1.0,-8.0,-27.0
1776886705.3711028,0.0,-10.0,-26.0
1776886705.3811028,-2.0,-6.0,-30.0
1776886705.3911028,-2.0,-3.0,-29.0
1776886705.4011028,-4.0,0.0,-34.0
1776886705.4111028,-5.0,1.0,-36.0
1776886705.4211028,-6.0,0.0,-39.0
1776886705.4311028,-6.0,-4.0,-38.0
1776886705.4411027,-5.0,-5.0,-36.0
1776886705.4511027,-2.0,-3.0,-39.0
1776886705.4611027,1.0,-3.0,-48.0
1776886705.4711027,-2.0,-3.0,-46.0
1776886705.4811027,-3.0,-1.0,-47.0
1776886705.4911027,-3.0,-4.0,-46.0
1776886705.5011027,-4.0,-6.0,-48.0
1776886705.511103,-4.0,0.0,-50.0
1776886705.521103,-6.0,0.0,-45.0
1776886705.531103,-5.0,1.0,-38.0
1776886705.5411026,0.0,2.0,-37.0
1776886705.5511026,-2.0,0.0,-37.0
1776886705.5611026,-2.0,-3.0,-32.0
1776886705.5711029,-4.0,-2.0,-26.0
1776886705.5811028,-3.0,0.0,-31.0
1776886705.5911028,-3.0,-2.0,-36.0
1776886705.6011028,-3.0,-2.0,-40.0
1776886705.6111028,-7.0,1.0,-46.0
1776886705.6211028,-8.0,-1.0,-47.0
1776886705.6311028,-2.0,-1.0,-47.0
1776886705.6411028,-4.0,-1.0,-49.0
1776886705.6511028,-4.0,3.0,-49.0
1776886705.6611028,-3.0,4.0,-55.0
1776886705.6711028,1.0,3.0,-49.0
1776886705.6811028,0.0,2.0,-46.0
1776886705.6911027,-1.0,3.0,-39.0
1776886705.7011027,2.0,0.0,-35.0
1776886705.7111027,6.0,2.0,-33.0
1776886705.7211027,3.0,2.0,-31.0
1776886705.7311027,0.0,4.0,-36.0
1776886705.7411027,2.0,2.0,-44.0
1776886705.7511027,5.0,4.0,-47.0
1776886705.761103,2.0,2.0,-50.0
1776886705.771103,1.0,5.0,-50.0
1776886705.781103,-3.0,3.0,-46.0
1776886705.7911026,-8.0,0.0,-43.0
1776886705.8011026,-8.0,-3.0,-45.0
1776886705.8111026,-7.0,0.0,-48.0
1776886705.8211029,-3.0,0.0,-46.0
1776886705.8311028,2.0,-3.0,-45.0
1776886705.8411028,5.0,0.0,-48.0
1776886705.8511028,2.0,2.0,-46.0
1776886705.8611028,3.0,0.0,-45.0
1776886705.8711028,3.0,-2.0,-45.0
1776886705.8811028,0.0,-3.0,-47.0
1776886705.8911028,2.0,-5.0,-43.0
1776886705.9011028,2.0,-2.0,-41.0
1776886705.9111028,3.0,0.0,-33.0
1776886705.9211028,5.0,0.0,-34.0
1776886705.9311028,3.0,-2.0,-37.0
1776886705.9411027,1.0,-3.0,-43.0
1776886705.9511027,1.0,-4.0,-37.0
1776886705.9611027,2.0,-1.0,-38.0
1776886705.9711027,0.0,0.0,-36.0
1776886705.9811027,1.0,0.0,-36.0
1776886705.9911027,0.0,1.0,-41.0
1776886706.0011027,1.0,1.0,-51.0
1776886706.011103,3.0,0.0,-53.0
1776886706.021103,7.0,-1.0,-54.0
1776886706.031103,6.0,0.0,-48.0
1776886706.0411026,2.0,0.0,-46.0
1776886706.0511026,3.0,-2.0,-48.0
1776886706.0611026,0.0,-4.0,-48.0
1776886706.0711029,3.0,0.0,-50.0
1776886706.0811028,6.0,4.0,-44.0
1776886706.0911028,8.0,6.0,-38.0
1776886706.1011028,6.0,2.0,-37.0
1776886706.1111028,5.0,0.0,-34.0
1776886706.1211028,7.0,0.0,-34.0
1776886706.1311028,5.0,-2.0,-38.0
1776886706.1411028,2.0,0.0,-32.0
1776886706.1511028,6.0,0.0,-34.0
1776886706.1611028,6.0,-2.0,-30.0
1776886706.1711028,7.0,-1.0,-31.0
1776886706.1811028,5.0,-5.0,-35.0
1776886706.1911027,4.0,-6.0,-36.0
1776886706.2011027,3.0,-3.0,-37.0
1776886706.2111027,6.0,-2.0,-41.0
1776886706.2211027,6.0,1.0,-32.0
1776886706.2311027,14.0,0.0,-38.0
1776886706.2411027,15.0,0.0,-37.0
1776886706.2511027,12.0,1.0,-42.0
1776886706.261103,10.0,1.0,-42.0
1776886706.271103,6.0,-2.0,-41.0
1776886706.281103,6.0,-2.0,-36.0
1776886706.2911026,6.0,-2.0,-34.0
1776886706.3011026,8.0,0.0,-41.0
1776886706.3111026,3.0,-1.0,-43.0
1776886706.3211029,3.0,0.0,-46.0
1776886706.3311028,1.0,1.0,-51.0
1776886706.3411028,0.0,0.0,-58.0
1776886706.3511028,-4.0,-1.0,-46.0
1776886706.3611028,-4.0,-3.0,-39.0
1776886706.3711028,-5.0,-6.0,-38.0
1776886706.3811028,-3.0,-4.0,-38.0
1776886706.3911028,-6.0,-8.0,-34.0
1776886706.4011028,-5.0,-7.0,-34.0
1776886706.4111028,-8.0,-7.0,-35.0
1776886706.4211028,-5.0,-4.0,-39.0
1776886706.4311028,-2.0,-4.0,-40.0
1776886706.4411027,0.0,-1.0,-44.0
1776886706.4511027,-2.0,-4.0,-42.0
1776886706.4611027,-3.0,-7.0,-33.0
1776886706.4711027,0.0,-5.0,-35.0
1776886706.4811027,3.0,-2.0,-40.0
1776886706.4911027,9.0,-2.0,-41.0
1776886706.5011027,4.0,-1.0,-39.0
1776886706.511103,0.0,-2.0,-39.0
1776886706.521103,2.0,-1.0,-46.0
1776886706.5321028,2.0,-3.0,-49.0
1776886706.5411026,-1.0,-2.0,-45.0
1776886706.5521028,-1.0,2.0,-40.0
1776886706.5621028,-1.0,-4.0,-39.0
1776886706.5721028,0.0,-1.0,-43.0
1776886706.5821028,0.0,0.0,-39.0
1776886706.5921028,0.0,0.0,-39.0
1776886706.6021028,-1.0,2.0,-33.0
1776886706.6121027,-3.0,-2.0,-37.0
1776886706.6221027,-8.0,-2.0,-38.0
1776886706.6321027,-6.0,-5.0,-41.0
1776886706.6421027,-2.0,-4.0,-44.0
1776886706.6521027,-3.0,-7.0,-46.0
1776886706.6621027,-5.0,-3.0,-44.0
1776886706.6721027,-3.0,-1.0,-47.0
1776886706.682103,-3.0,-2.0,-48.0
1776886706.692103,-5.0,1.0,-46.0
1776886706.702103,-8.0,-3.0,-50.0
1776886706.712103,-6.0,-3.0,-52.0
1776886706.7221026,-5.0,-5.0,-53.0
1776886706.7321026,-5.0,-4.0,-51.0
1776886706.7421026,-7.0,-1.0,-49.0
1776886706.7521029,-10.0,0.0,-48.0
1776886706.7621028,-6.0,-3.0,-41.0
1776886706.7721028,-6.0,-3.0,-39.0
1776886706.7821028,-5.0,-2.0,-41.0
1776886706.7921028,-6.0,-2.0,-47.0
1776886706.8021028,-5.0,-6.0,-47.0
1776886706.8121028,-5.0,-6.0,-40.0
1776886706.8221028,-7.0,-7.0,-43.0
1776886706.8321028,-5.0,-1.0,-38.0
1776886706.8421028,3.0,0.0,-37.0
1776886706.8521028,5.0,-1.0,-37.0
1776886706.8621027,9.0,-2.0,-44.0
1776886706.8721027,12.0,-1.0,-46.0
1776886706.8821027,13.0,1.0,-44.0
1776886706.8921027,7.0,1.0,-36.0
1776886706.9021027,4.0,3.0,-42.0
1776886706.9121027,0.0,1.0,-46.0
1776886706.9221027,-1.0,1.0,-45.0
1776886706.932103,0.0,1.0,-42.0
1776886706.942103,0.0,-1.0,-39.0
1776886706.952103,1.0,-4.0,-40.0
1776886706.962103,2.0,-6.0,-40.0
1776886706.9721026,0.0,-4.0,-43.0
1776886706.9821026,-2.0,-5.0,-49.0
1776886706.9921026,0.0,-3.0,-46.0
1776886707.0021029,0.0,-2.0,-45.0
1776886707.0121028,4.0,-3.0,-43.0
1776886707.0221028,5.0,1.0,-39.0
1776886707.0321028,3.0,0.0,-44.0
1776886707.0421028,0.0,3.0,-45.0
1776886707.0521028,0.0,5.0,-42.0
1776886707.0621028,3.0,6.0,-37.0
1776886707.0721028,4.0,2.0,-40.0
1776886707.0821028,2.0,3.0,-34.0
1776886707.0921028,-2.0,0.0,-36.0
1776886707.1021028,0.0,-1.0,-37.0
1776886707.1121027,-3.0,-1.0,-39.0
1776886707.1221027,-3.0,-3.0,-39.0
1776886707.1321027,-2.0,-5.0,-38.0
1776886707.1421027,5.0,-5.0,-38.0
1776886707.1521027,2.0,-5.0,-38.0
1776886707.1621027,3.0,-6.0,-34.0
1776886707.1721027,3.0,-6.0,-31.0
1776886707.182103,4.0,-5.0,-26.0
1776886707.192103,4.0,-3.0,-24.0
1776886707.202103,2.0,1.0,-27.0
1776886707.212103,5.0,1.0,-30.0
1776886707.2221026,0.0,3.0,-27.0
1776886707.2321026,-2.0,3.0,-28.0
1776886707.2421026,0.0,2.0,-27.0
1776886707.2521029,2.0,-3.0,-31.0
1776886707.2621028,-1.0,-3.0,-41.0
1776886707.2721028,0.0,-2.0,-43.0
1776886707.2821028,-1.0,0.0,-49.0
1776886707.2921028,0.0,0.0,-50.0
1776886707.3021028,6.0,-1.0,-46.0
1776886707.3121028,3.0,-1.0,-35.0
1776886707.3221028,2.0,-3.0,-34.0
1776886707.3321028,8.0,-4.0,-31.0
1776886707.3421028,6.0,-6.0,-26.0
1776886707.3521028,6.0,-3.0,-29.0
1776886707.3621027,9.0,-2.0,-39.0
1776886707.3721027,8.0,-3.0,-38.0
1776886707.3821027,10.0,-3.0,-36.0
1776886707.3921027,10.0,-2.0,-43.0
1776886707.4021027,8.0,-2.0,-42.0
1776886707.4121027,7.0,-1.0,-43.0
1776886707.4221027,6.0,0.0,-40.0
1776886707.432103,7.0,0.0,-41.0
1776886707.442103,4.0,-4.0,-48.0
1776886707.452103,0.0,-6.0,-48.0
1776886707.462103,-2.0,-5.0,-40.0
1776886707.4721026,-2.0,-2.0,-35.0
1776886707.4821026,5.0,-1.0,-39.0
1776886707.4921026,6.0,-2.0,-41.0
1776886707.5021029,5.0,-1.0,-43.0
1776886707.5121028,7.0,-2.0,-48.0
1776886707.5221028,2.0,0.0,-43.0
1776886707.5321028,1.0,2.0,-28.0
1776886707.5421028,0.0,5.0,-25.0
1776886707.5521028,1.0,9.0,-25.0
1776886707.5621028,1.0,9.0,-33.0
1776886707.5721028,0.0,5.0,-40.0
1776886707.5821028,0.0,-3.0,-38.0
1776886707.5921028,0.0,-5.0,-39.0
1776886707.6021028,0.0,-2.0,-40.0
1776886707.6121027,0.0,-2.0,-32.0
1776886707.6221027,-2.0,-5.0,-32.0
1776886707.6321027,-2.0,-1.0,-34.0
1776886707.6421027,-2.0,1.0,-30.0
1776886707.6521027,-3.0,2.0,-40.0
1776886707.6621027,-3.0,-1.0,-42.0
1776886707.6721027,3.0,1.0,-35.0
1776886707.682103,0.0,-1.0,-41.0
1776886707.692103,4.0,-1.0,-42.0
1776886707.702103,6.0,0.0,-45.0
1776886707.712103,6.0,0.0,-46.0
1776886707.7221026,3.0,0.0,-40.0
1776886707.7321026,3.0,-2.0,-42.0
1776886707.7421026,2.0,-4.0,-39.0
1776886707.7521029,0.0,-1.0,-41.0
1776886707.7621028,-2.0,3.0,-39.0
1776886707.7721028,0.0,2.0,-34.0
1776886707.7821028,0.0,-1.0,-34.0
1776886707.7921028,-2.0,-1.0,-36.0
1776886707.8021028,-1.0,0.0,-30.0
1776886707.8121028,0.0,1.0,-34.0
1776886707.8221028,2.0,6.0,-36.0
1776886707.8321028,1.0,5.0,-38.0
1776886707.8421028,0.0,2.0,-31.0
1776886707.8521028,0.0,-3.0,-34.0
1776886707.8621027,-2.0,-3.0,-37.0
1776886707.8721027,0.0,-3.0,-33.0
1776886707.8821027,0.0,-4.0,-29.0
1776886707.8921027,-1.0,-4.0,-29.0
1776886707.9021027,-3.0,-6.0,-29.0
1776886707.9121027,-5.0,-4.0,-28.0
1776886707.9221027,-7.0,-3.0,-34.0
1776886707.932103,-4.0,-3.0,-39.0
1776886707.942103,-7.0,-8.0,-31.0
1776886707.952103,-3.0,-9.0,-32.0
1776886707.962103,3.0,-7.0,-34.0
1776886707.9721026,0.0,-4.0,-36.0
1776886707.9821026,0.0,-4.0,-36.0
1776886707.9921026,3.0,-3.0,-39.0
1776886708.0021029,2.0,0.0,-40.0
1776886708.0121028,2.0,2.0,-42.0
1776886708.0221028,-1.0,0.0,-40.0
1776886708.0321028,-3.0,-1.0,-42.0
1776886708.0421028,-3.0,-2.0,-38.0
1776886708.0521028,-1.0,-2.0,-45.0
1776886708.0621028,1.0,1.0,-47.0
1776886708.0721028,1.0,4.0,-49.0
1776886708.0821028,0.0,9.0,-45.0
1776886708.0921028,0.0,8.0,-43.0
1776886708.1021028,0.0,7.0,-40.0
1776886708.1121027,-4.0,3.0,-38.0
1776886708.1221027,-3.0,2.0,-35.0
1776886708.1321027,-5.0,2.0,-43.0
1776886708.1421027,-4.0,1.0,-45.0
1776886708.1521027,-6.0,2.0,-43.0
1776886708.1621027,-5.0,0.0,-41.0
1776886708.1721027,-5.0,-2.0,-48.0
1776886708.182103,-6.0,-4.0,-43.0
1776886708.192103,-6.0,-5.0,-46.0
1776886708.202103,-1.0,-5.0,-44.0
1776886708.212103,-4.0,-2.0,-47.0
1776886708.2221026,-4.0,-2.0,-47.0
1776886708.2321026,-2.0,-5.0,-46.0
1776886708.2421026,0.0,-4.0,-40.0
1776886708.2521029,-6.0,0.0,-39.0
1776886708.2621028,-2.0,0.0,-33.0
1776886708.2721028,4.0,-1.0,-32.0
1776886708.2821028,6.0,0.0,-27.0
1776886708.2921028,5.0,0.0,-33.0
1776886708.3021028,2.0,-3.0,-40.0
1776886708.3131027,3.0,1.0,-42.0
1776886708.3221028,4.0,1.0,-46.0
1776886708.3321028,1.0,4.0,-40.0
1776886708.3421028,2.0,5.0,-42.0
1776886708.3521028,1.0,4.0,-47.0
1776886708.3621027,-1.0,9.0,-51.0
1776886708.3721027,-5.0,9.0,-48.0
1776886708.3821027,-3.0,8.0,-41.0
1776886708.3921027,-3.0,8.0,-38.0
1776886708.4021027,0.0,6.0,-37.0
1776886708.4121027,4.0,4.0,-34.0
1776886708.4221027,2.0,4.0,-35.0
1776886708.432103,1.0,1.0,-32.0
1776886708.442103,4.0,5.0,-28.0
1776886708.452103,8.0,10.0,-29.0
1776886708.462103,10.0,8.0,-29.0
1776886708.4721026,10.0,6.0,-24.0
1776886708.4821026,7.0,8.0,-29.0
1776886708.4921026,8.0,5.0,-35.0
1776886708.5021029,0.0,4.0,-30.0
1776886708.5121028,1.0,0.0,-33.0
1776886708.5221028,1.0,-2.0,-34.0
1776886708.5321028,1.0,2.0,-39.0
1776886708.5431027,0.0,0.0,-39.0
1776886708.5521028,-2.0,3.0,-39.0
1776886708.5631027,0.0,2.0,-43.0
1776886708.5731027,1.0,0.0,-38.0
1776886708.5831027,4.0,0.0,-42.0
1776886708.5931027,0.0,2.0,-40.0
1776886708.6031027,-1.0,4.0,-40.0
1776886708.613103,-4.0,2.0,-32.0
1776886708.623103,1.0,3.0,-33.0
1776886708.633103,6.0,5.0,-33.0
1776886708.6431026,0.0,1.0,-35.0
1776886708.6531026,0.0,3.0,-40.0
1776886708.6631026,0.0,1.0,-35.0
1776886708.6731029,2.0,0.0,-41.0
1776886708.6831028,4.0,-1.0,-41.0
1776886708.6931028,1.0,5.0,-37.0
1776886708.7031028,-1.0,3.0,-38.0
1776886708.7131028,-6.0,-1.0,-43.0
1776886708.7231028,-6.0,-3.0,-49.0
1776886708.7331028,-2.0,-5.0,-52.0
1776886708.7431028,0.0,-6.0,-55.0
1776886708.7531028,-3.0,-3.0,-54.0
1776886708.7631028,1.0,-2.0,-53.0
1776886708.7731028,1.0,-2.0,-49.0
1776886708.7831028,3.0,1.0,-43.0
1776886708.7931027,4.0,1.0,-35.0
1776886708.8031027,0.0,-3.0,-33.0
1776886708.8131027,1.0,-4.0,-30.0
1776886708.8231027,0.0,-1.0,-37.0
1776886708.8331027,0.0,-4.0,-38.0
1776886708.8431027,3.0,-6.0,-43.0
1776886708.8531027,4.0,-1.0,-45.0
1776886708.863103,-1.0,-2.0,-42.0
1776886708.873103,0.0,-3.0,-41.0
1776886708.883103,1.0,-6.0,-38.0
1776886708.8931026,0.0,-4.0,-42.0
1776886708.9031026,-4.0,-1.0,-38.0
1776886708.9131026,0.0,2.0,-41.0
1776886708.9231029,0.0,6.0,-38.0
1776886708.9331028,-2.0,6.0,-43.0
1776886708.9431028,1.0,2.0,-37.0
1776886708.9531028,3.0,-2.0,-37.0
1776886708.9631028,3.0,-2.0,-34.0
1776886708.9741027,3.0,-4.0,-36.0
1776886708.9831028,2.0,0.0,-31.0
1776886708.9931028,1.0,2.0,-39.0
1776886709.0031028,-2.0,0.0,-43.0
1776886709.0131028,-2.0,0.0,-46.0
1776886709.0231028,-2.0,2.0,-43.0
1776886709.0331028,-3.0,3.0,-40.0
1776886709.0431027,-1.0,0.0,-40.0
1776886709.0531027,0.0,3.0,-34.0
1776886709.0631027,-1.0,3.0,-36.0
1776886709.0731027,3.0,7.0,-42.0
1776886709.0831027,5.0,5.0,-47.0
1776886709.0931027,6.0,2.0,-48.0
1776886709.1031027,8.0,6.0,-47.0
1776886709.113103,11.0,6.0,-41.0
1776886709.123103,6.0,2.0,-49.0
1776886709.133103,6.0,2.0,-51.0
1776886709.1431026,2.0,3.0,-57.0
1776886709.1531026,0.0,0.0,-57.0
1776886709.1631026,-2.0,-4.0,-56.0
1776886709.1731029,-1.0,-5.0,-52.0
1776886709.1831028,-5.0,-3.0,-55.0
1776886709.1931028,-7.0,-5.0,-50.0
1776886709.2031028,-4.0,-6.0,-50.0
1776886709.2131028,-5.0,-2.0,-41.0
1776886709.2231028,-10.0,-1.0,-39.0
1776886709.2331028,-11.0,0.0,-39.0
1776886709.2431028,-8.0,2.0,-39.0
1776886709.2531028,-5.0,0.0,-35.0
1776886709.2631028,-2.0,1.0,-28.0
1776886709.2731028,2.0,4.0,-32.0
1776886709.2831028,-1.0,2.0,-36.0
1776886709.2931027,-1.0,3.0,-39.0
1776886709.3031027,-1.0,3.0,-33.0
1776886709.3131027,0.0,-1.0,-25.0
1776886709.3231027,-1.0,1.0,-24.0
1776886709.3331027,0.0,0.0,-24.0
1776886709.3431027,1.0,0.0,-19.0
1776886709.3531027,7.0,0.0,-20.0
1776886709.363103,6.0,3.0,-23.0
1776886709.373103,4.0,2.0,-25.0
1776886709.383103,4.0,1.0,-25.0
1776886709.3931026,5.0,-1.0,-30.0
1776886709.4031026,6.0,-3.0,-33.0
1776886709.4131026,3.0,0.0,-38.0
1776886709.4231029,3.0,4.0,-41.0
1776886709.4331028,2.0,2.0,-40.0
1776886709.4431028,5.0,0.0,-38.0
1776886709.4531028,4.0,-2.0,-40.0
1776886709.4631028,4.0,0.0,-43.0
1776886709.4731028,3.0,-1.0,-41.0
1776886709.4831028,3.0,0.0,-38.0
1776886709.4931028,0.0,-1.0,-42.0
1776886709.5031028,0.0,-3.0,-43.0
1776886709.5131028,0.0,0.0,-40.0
1776886709.5231028,1.0,-3.0,-41.0
1776886709.5331028,3.0,0.0,-36.0
1776886709.5431027,4.0,1.0,-35.0
1776886709.5531027,5.0,-3.0,-41.0
1776886709.5631027,8.0,-1.0,-46.0
1776886709.5731027,6.0,-2.0,-41.0
1776886709.5831027,10.0,0.0,-44.0
1776886709.5931027,12.0,1.0,-43.0
1776886709.6031027,8.0,1.0,-44.0
1776886709.613103,9.0,1.0,-43.0
1776886709.623103,7.0,4.0,-42.0
1776886709.633103,6.0,4.0,-39.0
1776886709.6431026,7.0,4.0,-41.0
1776886709.6531026,5.0,8.0,-46.0
1776886709.6631026,5.0,8.0,-37.0
1776886709.6731029,2.0,6.0,-34.0
1776886709.6831028,0.0,5.0,-41.0
1776886709.6931028,-4.0,0.0,-33.0
1776886709.7031028,-6.0,-4.0,-31.0
1776886709.7131028,-4.0,-1.0,-31.0
1776886709.7231028,-5.0,-3.0,-33.0
1776886709.7331028,-7.0,-2.0,-30.0
1776886709.7431028,0.0,-4.0,-36.0
1776886709.7531028,2.0,-1.0,-37.0
1776886709.7631028,1.0,-1.0,-31.0
1776886709.7731028,0.0,-3.0,-34.0
1776886709.7831028,0.0,-6.0,-33.0
1776886709.7931027,0.0,-2.0,-38.0
1776886709.8031027,5.0,-2.0,-38.0
1776886709.8131027,6.0,-4.0,-38.0
1776886709.8231027,8.0,-3.0,-34.0
1776886709.8331027,5.0,-1.0,-31.0
1776886709.8431027,2.0,0.0,-33.0
1776886709.8531027,1.0,2.0,-35.0
1776886709.863103,0.0,5.0,-38.0
1776886709.873103,-2.0,2.0,-30.0
1776886709.883103,-2.0,1.0,-33.0
1776886709.8931026,1.0,0.0,-28.0
1776886709.9031026,2.0,1.0,-30.0
1776886709.9131026,0.0,0.0,-36.0
1776886709.9231029,0.0,3.0,-40.0
1776886709.9331028,-2.0,2.0,-43.0
1776886709.9431028,-5.0,3.0,-43.0
1776886709.9531028,-2.0,2.0,-44.0
1776886709.9631028,1.0,-1.0,-39.0
1776886709.9731028,6.0,0.0,-30.0
1776886709.9831028,1.0,2.0,-27.0
1776886709.9931028,2.0,-1.0,-27.0
1776886710.0031028,0.0,0.0,-25.0
1776886710.0131028,0.0,-1.0,-25.0
1776886710.0231028,2.0,-1.0,-29.0
1776886710.0331028,1.0,-2.0,-39.0
1776886710.0431027,1.0,-3.0,-39.0
1776886710.0531027,-3.0,-5.0,-40.0
1776886710.0631027,1.0,-5.0,-37.0
1776886710.0731027,3.0,0.0,-40.0
1776886710.0831027,-2.0,1.0,-41.0
1776886710.0931027,-3.0,7.0,-45.0
1776886710.1031027,0.0,7.0,-43.0
1776886710.113103,5.0,9.0,-45.0
1776886710.123103,0.0,5.0,-45.0
1776886710.133103,1.0,3.0,-51.0
1776886710.1431026,-3.0,3.0,-45.0
1776886710.1531026,-2.0,3.0,-41.0
1776886710.1631026,-1.0,0.0,-42.0
1776886710.1731029,-4.0,-1.0,-38.0
1776886710.1831028,-6.0,-2.0,-40.0
1776886710.1931028,-6.0,-3.0,-41.0
1776886710.2031028,-11.0,-2.0,-42.0
1776886710.2131028,-7.0,-3.0,-35.0
1776886710.2231028,-7.0,-3.0,-35.0
1776886710.2331028,-5.0,-3.0,-45.0
1776886710.2431028,-2.0,-4.0,-50.0
1776886710.2531028,-1.0,-2.0,-43.0
1776886710.2631028,-4.0,-1.0,-38.0
1776886710.2731028,-4.0,5.0,-33.0
1776886710.2831028,-5.0,5.0,-29.0
1776886710.2931027,-1.0,4.0,-34.0
1776886710.3031027,2.0,6.0,-39.0
1776886710.3131027,2.0,4.0,-40.0
1776886710.3231027,1.0,5.0,-50.0
1776886710.3331027,1.0,0.0,-49.0
1776886710.3431027,0.0,-1.0,-42.0
1776886710.3531027,0.0,0.0,-53.0
1776886710.363103,1.0,0.0,-52.0
1776886710.373103,0.0,2.0,-46.0
1776886710.383103,-1.0,4.0,-36.0
1776886710.3931026,-2.0,2.0,-34.0
1776886710.4031026,-2.0,1.0,-35.0
1776886710.4131026,-2.0,-2.0,-45.0
1776886710.4231029,0.0,-1.0,-46.0
1776886710.4331028,2.0,1.0,-51.0
1776886710.4431028,5.0,2.0,-52.0
1776886710.4531028,7.0,0.0,-50.0
1776886710.4631028,4.0,-3.0,-44.0
1776886710.4731028,-4.0,-3.0,-46.0
1776886710.4831028,-8.0,-4.0,-51.0
1776886710.4931028,-8.0,-1.0,-50.0
1776886710.5031028,-7.0,-3.0,-49.0
1776886710.5131028,-5.0,-1.0,-50.0
1776886710.5241027,0.0,0.0,-43.0
1776886710.5331028,2.0,-1.0,-41.0
1776886710.5431027,-1.0,0.0,-39.0
1776886710.554103,2.0,-1.0,-39.0
1776886710.5641026,0.0,-1.0,-35.0
1776886710.5741026,-4.0,1.0,-32.0
1776886710.5841026,-4.0,1.0,-29.0
1776886710.5941026,0.0,1.0,-29.0
1776886710.6041028,2.0,1.0,-31.0
1776886710.6141028,1.0,1.0,-38.0
1776886710.6241028,0.0,1.0,-35.0
1776886710.6341028,0.0,1.0,-29.0
1776886710.6441028,0.0,0.0,-35.0
1776886710.6541028,2.0,-3.0,-40.0
1776886710.6641028,5.0,-2.0,-44.0
1776886710.6741028,6.0,0.0,-50.0
1776886710.6841028,3.0,1.0,-47.0
1776886710.6941028,1.0,-2.0,-49.0
1776886710.7041028,3.0,-4.0,-45.0
1776886710.7141027,-1.0,0.0,-44.0
1776886710.7241027,0.0,0.0,-51.0
1776886710.7341027,0.0,-3.0,-52.0
1776886710.7441027,0.0,-3.0,-44.0
1776886710.7541027,0.0,-4.0,-40.0
1776886710.7641027,-4.0,-2.0,-40.0
1776886710.7741027,-3.0,-1.0,-37.0
1776886710.784103,0.0,0.0,-34.0
1776886710.794103,2.0,2.0,-33.0
1776886710.804103,4.0,-2.0,-35.0
1776886710.8141026,4.0,-5.0,-41.0
1776886710.8241026,8.0,-3.0,-42.0
1776886710.8341026,8.0,1.0,-40.0
1776886710.8441026,6.0,-1.0,-42.0
1776886710.8541028,1.0,0.0,-36.0
1776886710.8641028,-2.0,0.0,-29.0
1776886710.8741028,-2.0,0.0,-25.0
1776886710.8841028,4.0,0.0,-23.0
1776886710.8941028,8.0,-3.0,-26.0
1776886710.9041028,3.0,0.0,-33.0
1776886710.9141028,5.0,0.0,-32.0
1776886710.9241028,7.0,-2.0,-31.0
1776886710.9341028,5.0,0.0,-36.0
1776886710.9441028,1.0,-2.0,-37.0
1776886710.9541028,0.0,-1.0,-39.0
1776886710.9641027,5.0,0.0,-40.0
1776886710.9741027,3.0,-2.0,-41.0
1776886710.9841027,-1.0,0.0,-43.0
1776886710.9941027,0.0,-4.0,-43.0
1776886711.0041027,1.0,-5.0,-47.0
1776886711.0141027,0.0,-3.0,-39.0
1776886711.0241027,4.0,-3.0,-36.0
1776886711.034103,2.0,-1.0,-38.0
1776886711.044103,1.0,1.0,-35.0
1776886711.054103,-1.0,2.0,-38.0
1776886711.0641026,0.0,1.0,-34.0
1776886711.0741026,4.0,2.0,-33.0
1776886711.0841026,9.0,2.0,-33.0
1776886711.0941026,10.0,0.0,-34.0
1776886711.1041028,6.0,0.0,-42.0
1776886711.1141028,1.0,-2.0,-42.0
1776886711.1241028,5.0,-5.0,-40.0
1776886711.1341028,2.0,-4.0,-39.0
1776886711.1441028,1.0,-4.0,-45.0
1776886711.1541028,2.0,-3.0,-43.0
1776886711.1641028,2.0,1.0,-42.0
1776886711.1741028,7.0,1.0,-46.0
1776886711.1841028,1.0,1.0,-46.0
1776886711.1941028,-1.0,0.0,-46.0
1776886711.2041028,-1.0,0.0,-45.0
1776886711.2141027,-1.0,0.0,-44.0
1776886711.2241027,-1.0,3.0,-44.0
1776886711.2341027,0.0,6.0,-43.0
1776886711.2441027,-4.0,1.0,-42.0
1776886711.2541027,-7.0,2.0,-38.0
1776886711.2641027,-6.0,0.0,-42.0
1776886711.2741027,-5.0,-2.0,-38.0
1776886711.284103,-7.0,-6.0,-38.0
1776886711.294103,-6.0,-6.0,-34.0
1776886711.304103,0.0,-5.0,-34.0
1776886711.3141026,4.0,-5.0,-42.0
1776886711.3241026,5.0,-6.0,-44.0
1776886711.3341026,5.0,-4.0,-45.0
1776886711.3441026,3.0,-1.0,-51.0
1776886711.3541028,6.0,-2.0,-47.0
1776886711.3641028,9.0,1.0,-52.0
1776886711.3741028,9.0,2.0,-47.0
1776886711.3841028,9.0,-3.0,-44.0
1776886711.3941028,8.0,-2.0,-42.0
1776886711.4041028,7.0,-4.0,-43.0
1776886711.4141028,12.0,-5.0,-44.0
1776886711.4241028,11.0,-2.0,-41.0
1776886711.4341028,8.0,-3.0,-38.0
1776886711.4441028,3.0,-1.0,-43.0
1776886711.4541028,2.0,-1.0,-41.0
1776886711.4641027,2.0,0.0,-37.0
1776886711.4741027,1.0,1.0,-38.0
1776886711.4841027,-1.0,0.0,-42.0
1776886711.4941027,0.0,2.0,-39.0
1776886711.5041027,0.0,-1.0,-44.0
1776886711.5141027,-4.0,-2.0,-44.0
1776886711.5241027,0.0,0.0,-44.0
1776886711.534103,3.0,0.0,-51.0
1776886711.544103,0.0,-4.0,-52.0
1776886711.554103,1.0,-6.0,-46.0
1776886711.5641026,4.0,-6.0,-45.0
1776886711.5741026,7.0,-7.0,-41.0
1776886711.5841026,5.0,-6.0,-39.0
1776886711.5941026,0.0,-4.0,-38.0
1776886711.6041028,1.0,-7.0,-37.0
1776886711.6141028,-2.0,-10.0,-40.0
1776886711.6241028,-2.0,-7.0,-43.0
1776886711.6341028,1.0,-2.0,-51.0
1776886711.6441028,0.0,3.0,-48.0
1776886711.6541028,0.0,1.0,-39.0
1776886711.6641028,3.0,0.0,-31.0
1776886711.6741028,0.0,-3.0,-28.0
1776886711.6841028,-3.0,-4.0,-28.0
1776886711.6941028,-4.0,-4.0,-31.0
1776886711.7041028,0.0,-2.0,-31.0
1776886711.7141027,-1.0,-2.0,-35.0
1776886711.7241027,0.0,0.0,-31.0
1776886711.7341027,1.0,-2.0,-37.0
1776886711.7441027,5.0,0.0,-34.0
1776886711.7541027,3.0,-1.0,-38.0
1776886711.7641027,0.0,2.0,-44.0
1776886711.7741027,5.0,-3.0,-49.0
1776886711.784103,6.0,-2.0,-47.0
1776886711.794103,2.0,0.0,-45.0
1776886711.804103,-1.0,3.0,-40.0
1776886711.8141026,0.0,0.0,-46.0
1776886711.8241026,0.0,2.0,-44.0
1776886711.8341026,0.0,4.0,-43.0
1776886711.8441026,0.0,0.0,-40.0
1776886711.8541028,1.0,0.0,-40.0
1776886711.8641028,3.0,0.0,-40.0
1776886711.8741028,4.0,0.0,-47.0
1776886711.8841028,2.0,0.0,-48.0
1776886711.8941028,1.0,-1.0,-47.0
1776886711.9041028,0.0,-4.0,-51.0
1776886711.9141028,1.0,-4.0,-47.0
1776886711.9241028,3.0,-2.0,-39.0
1776886711.9341028,4.0,-2.0,-30.0
1776886711.9441028,3.0,-4.0,-30.0
1776886711.9541028,7.0,-1.0,-38.0
1776886711.9641027,9.0,-1.0,-40.0
1776886711.9741027,7.0,-6.0,-41.0
1776886711.9841027,2.0,-6.0,-32.0
1776886711.9941027,2.0,-5.0,-33.0
1776886712.0041027,3.0,-8.0,-33.0
1776886712.0141027,4.0,-6.0,-32.0
1776886712.0241027,3.0,-1.0,-34.0
1776886712.034103,2.0,0.0,-41.0
1776886712.044103,0.0,-3.0,-41.0
1776886712.054103,-2.0,0.0,-38.0
1776886712.0641026,-3.0,-1.0,-40.0
1776886712.0741026,-2.0,-2.0,-36.0
1776886712.0841026,-1.0,-5.0,-32.0
1776886712.0941026,3.0,-5.0,-40.0
1776886712.1041028,3.0,-4.0,-44.0
1776886712.1141028,3.0,1.0,-45.0
1776886712.1241028,2.0,1.0,-42.0
1776886712.1341028,4.0,-2.0,-40.0
1776886712.1441028,1.0,2.0,-35.0
1776886712.1541028,1.0,0.0,-28.0
1776886712.1641028,1.0,-2.0,-34.0
1776886712.1741028,2.0,-2.0,-40.0
1776886712.1841028,2.0,-2.0,-40.0
1776886712.1941028,1.0,-2.0,-43.0
1776886712.2041028,0.0,-2.0,-37.0
1776886712.2141027,2.0,0.0,-41.0
1776886712.2241027,1.0,0.0,-37.0
1776886712.2341027,1.0,2.0,-38.0
1776886712.2441027,7.0,0.0,-42.0
1776886712.2541027,7.0,-1.0,-38.0
1776886712.2641027,5.0,-2.0,-36.0
1776886712.2741027,6.0,-3.0,-35.0
1776886712.284103,7.0,-2.0,-42.0
1776886712.294103,6.0,-7.0,-46.0
1776886712.304103,4.0,-9.0,-45.0
1776886712.3141026,7.0,-9.0,-41.0
1776886712.3241026,3.0,-5.0,-38.0
1776886712.3341026,0.0,-5.0,-38.0
1776886712.3441026,-4.0,-4.0,-40.0
1776886712.3541028,-8.0,-3.0,-39.0
1776886712.3641028,-3.0,-5.0,-43.0
1776886712.3741028,-3.0,-7.0,-40.0
1776886712.3841028,0.0,-8.0,-40.0
1776886712.3941028,-2.0,-8.0,-47.0
1776886712.4041028,3.0,-6.0,-44.0
1776886712.4141028,2.0,-6.0,-33.0
1776886712.4241028,6.0,-6.0,-37.0
1776886712.4341028,4.0,-3.0,-40.0
1776886712.4441028,1.0,-1.0,-43.0
1776886712.4541028,0.0,2.0,-47.0
1776886712.465103,0.0,5.0,-49.0
1776886712.475103,2.0,7.0,-42.0
1776886712.4841027,3.0,8.0,-42.0
1776886712.4951026,-1.0,5.0,-41.0
1776886712.5041027,-3.0,4.0,-43.0
1776886712.5151026,1.0,0.0,-41.0
1776886712.5251029,3.0,-1.0,-39.0
1776886712.5351028,1.0,-8.0,-44.0
1776886712.5451028,2.0,-8.0,-53.0
1776886712.5551028,0.0,-5.0,-50.0
1776886712.5651028,-2.0,-7.0,-43.0
1776886712.5751028,-5.0,-7.0,-32.0
1776886712.5851028,-6.0,-6.0,-28.0
1776886712.5951028,-7.0,-6.0,-32.0
1776886712.6051028,-5.0,0.0,-35.0
1776886712.6151028,-4.0,-1.0,-39.0
1776886712.6251028,-2.0,0.0,-49.0
1776886712.6351027,0.0,0.0,-41.0
1776886712.6451027,-2.0,1.0,-41.0
1776886712.6551027,0.0,1.0,-44.0
1776886712.6651027,1.0,0.0,-44.0
1776886712.6751027,1.0,-7.0,-40.0
1776886712.6851027,5.0,-6.0,-38.0
1776886712.6951027,5.0,-4.0,-38.0
1776886712.7051027,2.0,-11.0,-37.0
1776886712.715103,2.0,-11.0,-38.0
1776886712.725103,0.0,-9.0,-35.0
1776886712.735103,0.0,-10.0,-34.0
1776886712.7451026,0.0,-8.0,-36.0
1776886712.7551026,2.0,-10.0,-42.0
1776886712.7651026,7.0,-11.0,-37.0
1776886712.7751029,1.0,-6.0,-36.0
1776886712.7851028,1.0,-6.0,-34.0
1776886712.7951028,2.0,-11.0,-33.0
1776886712.8051028,0.0,-14.0,-33.0
1776886712.8151028,1.0,-12.0,-33.0
1776886712.8251028,3.0,-8.0,-28.0
1776886712.8351028,2.0,-9.0,-30.0
1776886712.8451028,1.0,-6.0,-24.0
1776886712.8551028,2.0,-2.0,-31.0
1776886712.8651028,3.0,-4.0,-27.0
1776886712.8751028,1.0,-6.0,-32.0
1776886712.8851027,2.0,-1.0,-31.0
1776886712.8951027,4.0,2.0,-31.0
1776886712.9051027,4.0,2.0,-30.0
1776886712.9151027,2.0,-1.0,-26.0
1776886712.9251027,1.0,-1.0,-25.0
1776886712.9351027,4.0,-1.0,-27.0
1776886712.9451027,4.0,0.0,-27.0
1776886712.9551027,5.0,1.0,-35.0
1776886712.965103,3.0,0.0,-36.0
1776886712.975103,2.0,-3.0,-37.0
1776886712.985103,5.0,-2.0,-35.0
1776886712.9951026,1.0,0.0,-38.0
1776886713.0051026,3.0,0.0,-43.0
1776886713.0151026,0.0,0.0,-49.0
1776886713.0251029,-4.0,-2.0,-45.0
1776886713.0351028,-11.0,-2.0,-39.0
1776886713.0451028,-7.0,-1.0,-38.0
1776886713.0551028,-1.0,0.0,-41.0
1776886713.0651028,0.0,1.0,-42.0
1776886713.0751028,1.0,2.0,-36.0
1776886713.0851028,-2.0,-2.0,-45.0
1776886713.0951028,-3.0,-2.0,-51.0
1776886713.1051028,0.0,-4.0,-49.0
1776886713.1151028,1.0,-5.0,-47.0
1776886713.1251028,-1.0,-6.0,-45.0
1776886713.1351027,0.0,0.0,-43.0
1776886713.1451027,-1.0,1.0,-33.0
1776886713.1551027,-2.0,-4.0,-38.0
1776886713.1651027,0.0,-1.0,-41.0
1776886713.1751027,-1.0,-5.0,-40.0
1776886713.1851027,-3.0,-2.0,-38.0
1776886713.1951027,-4.0,-3.0,-43.0
1776886713.2051027,-1.0,0.0,-42.0
1776886713.215103,-5.0,-1.0,-38.0
1776886713.225103,-6.0,-2.0,-44.0
1776886713.235103,1.0,0.0,-40.0
1776886713.2451026,5.0,-3.0,-36.0
1776886713.2551026,5.0,-2.0,-33.0
1776886713.2651026,5.0,-3.0,-40.0
1776886713.2751029,3.0,-2.0,-39.0
1776886713.2851028,0.0,-5.0,-44.0
1776886713.2951028,0.0,-4.0,-40.0
1776886713.3051028,-1.0,-2.0,-32.0
1776886713.3151028,6.0,-4.0,-29.0
1776886713.3251028,7.0,-3.0,-37.0
1776886713.3351028,8.0,-7.0,-34.0
1776886713.3451028,10.0,-10.0,-40.0
1776886713.3551028,8.0,-14.0,-43.0
1776886713.3651028,0.0,-9.0,-42.0
1776886713.3751028,-7.0,-5.0,-45.0
1776886713.3851027,-2.0,-5.0,-40.0
1776886713.3951027,-1.0,-7.0,-38.0
1776886713.4051027,0.0,-4.0,-43.0
1776886713.4151027,-3.0,-6.0,-43.0
1776886713.4251027,0.0,-9.0,-33.0
1776886713.4351027,2.0,-11.0,-38.0
1776886713.4451027,0.0,-10.0,-41.0
1776886713.4551027,-1.0,-10.0,-36.0
1776886713.465103,-6.0,-11.0,-39.0
1776886713.475103,-4.0,-10.0,-35.0
1776886713.485103,0.0,-8.0,-37.0
1776886713.4951026,0.0,-7.0,-38.0
1776886713.5051026,0.0,-6.0,-35.0
1776886713.5151026,-2.0,-6.0,-30.0
1776886713.5251029,-3.0,-2.0,-26.0
1776886713.5351028,-1.0,-1.0,-31.0
1776886713.5451028,0.0,-3.0,-34.0
1776886713.5551028,1.0,-8.0,-34.0
1776886713.5651028,1.0,-12.0,-37.0
1776886713.5751028,0.0,-7.0,-38.0
1776886713.5851028,-2.0,-8.0,-44.0
1776886713.5951028,-1.0,-8.0,-47.0
1776886713.6051028,0.0,-7.0,-40.0
1776886713.6151028,1.0,-3.0,-38.0
1776886713.6251028,0.0,-4.0,-39.0
1776886713.6351027,2.0,0.0,-39.0
1776886713.6451027,2.0,-2.0,-41.0
1776886713.6551027,-1.0,1.0,-49.0
1776886713.6651027,-1.0,-2.0,-49.0
1776886713.6751027,-1.0,-4.0,-45.0
1776886713.6851027,-3.0,-2.0,-38.0
1776886713.6951027,-3.0,-1.0,-38.0
1776886713.7051027,-2.0,0.0,-36.0
1776886713.715103,-2.0,10.0,-47.0
1776886713.725103,-4.0,8.0,-40.0
1776886713.735103,3.0,6.0,-42.0
1776886713.7451026,9.0,5.0,-43.0
1776886713.7551026,8.0,2.0,-48.0
1776886713.7651026,6.0,2.0,-51.0
1776886713.7751029,4.0,0.0,-47.0
1776886713.7851028,-1.0,0.0,-49.0
1776886713.7951028,0.0,-1.0,-42.0
1776886713.8051028,2.0,0.0,-41.0
1776886713.8151028,0.0,-1.0,-37.0
1776886713.8251028,0.0,1.0,-44.0
1776886713.8351028,0.0,3.0,-47.0
1776886713.8451028,-3.0,3.0,-48.0
1776886713.8551028,-1.0,3.0,-50.0
1776886713.8651028,1.0,1.0,-48.0
1776886713.8751028,0.0,0.0,-47.0
1776886713.8851027,-3.0,0.0,-44.0
1776886713.8951027,-6.0,-1.0,-41.0
1776886713.9051027,-7.0,-4.0,-44.0
1776886713.9151027,-3.0,-4.0,-41.0
1776886713.9251027,-2.0,-5.0,-40.0
1776886713.9351027,-1.0,-3.0,-40.0
1776886713.9451027,0.0,1.0,-38.0
1776886713.9551027,1.0,2.0,-38.0
1776886713.965103,5.0,-1.0,-33.0
1776886713.975103,6.0,-2.0,-30.0
1776886713.985103,6.0,-4.0,-36.0
1776886713.9951026,9.0,-3.0,-33.0
1776886714.0051026,0.0,-3.0,-36.0
1776886714.0151026,0.0,-5.0,-30.0
1776886714.0251029,0.0,-5.0,-25.0
1776886714.0351028,1.0,-1.0,-26.0
1776886714.0451028,2.0,0.0,-32.0
1776886714.0551028,-1.0,0.0,-35.0
1776886714.0651028,-6.0,3.0,-37.0
1776886714.0751028,-1.0,4.0,-33.0
1776886714.0851028,0.0,5.0,-38.0
1776886714.0951028,-1.0,0.0,-42.0
1776886714.1051028,-1.0,0.0,-48.0
1776886714.1151028,-2.0,-1.0,-50.0
1776886714.1251028,0.0,-4.0,-50.0
1776886714.1351027,3.0,-3.0,-48.0
1776886714.1451027,6.0,-7.0,-47.0
1776886714.1551027,4.0,-7.0,-41.0
1776886714.1651027,1.0,-4.0,-41.0
1776886714.1751027,-1.0,-6.0,-37.0
1776886714.1851027,-5.0,-4.0,-36.0
1776886714.1951027,-5.0,-3.0,-47.0
1776886714.2051027,-3.0,-5.0,-53.0
1776886714.215103,-3.0,-4.0,-49.0
1776886714.225103,-2.0,-1.0,-47.0
1776886714.235103,-6.0,-2.0,-39.0
1776886714.2451026,-7.0,-2.0,-37.0
1776886714.2551026,-6.0,-2.0,-40.0
1776886714.2651026,-7.0,-4.0,-36.0
1776886714.2751029,-7.0,-9.0,-34.0
1776886714.2851028,-3.0,-6.0,-34.0
1776886714.2951028,-3.0,-3.0,-40.0
1776886714.3051028,-5.0,-3.0,-38.0
1776886714.3151028,-2.0,-5.0,-42.0
1776886714.3251028,-5.0,-5.0,-40.0
1776886714.3351028,0.0,0.0,-39.0
1776886714.3451028,-1.0,0.0,-41.0
1776886714.3551028,-1.0,0.0,-40.0
1776886714.3651028,0.0,1.0,-36.0
1776886714.3751028,4.0,3.0,-35.0
1776886714.3851027,2.0,3.0,-33.0
1776886714.3951027,0.0,0.0,-34.0
1776886714.4051027,-5.0,3.0,-37.0
1776886714.4151027,-3.0,1.0,-36.0
1776886714.4251027,-3.0,-1.0,-44.0
1776886714.4351027,-3.0,0.0,-47.0
1776886714.4451027,0.0,0.0,-52.0
1776886714.4551027,-1.0,0.0,-52.0
1776886714.465103,0.0,0.0,-50.0
1776886714.475103,-1.0,-4.0,-55.0
1776886714.485103,1.0,-1.0,-53.0
1776886714.4951026,-3.0,0.0,-49.0
1776886714.5051026,-3.0,1.0,-42.0
1776886714.5151026,0.0,-1.0,-43.0
1776886714.5251029,2.0,0.0,-46.0
1776886714.5361028,2.0,-4.0,-43.0
1776886714.5461028,2.0,-3.0,-41.0
1776886714.5561028,0.0,-3.0,-38.0
1776886714.5661027,-1.0,-3.0,-40.0
1776886714.5761027,-4.0,-2.0,-45.0
1776886714.5861027,-8.0,0.0,-43.0
1776886714.5961027,-7.0,-1.0,-36.0
1776886714.6061027,-8.0,1.0,-34.0
1776886714.6161027,-8.0,0.0,-31.0
1776886714.6261027,-5.0,1.0,-29.0
1776886714.636103,-3.0,0.0,-32.0
1776886714.646103,0.0,-4.0,-35.0
1776886714.656103,5.0,-3.0,-36.0
1776886714.6661026,4.0,0.0,-34.0
1776886714.6761026,6.0,-1.0,-31.0
1776886714.6861026,7.0,-2.0,-35.0
1776886714.6961029,7.0,-3.0,-38.0
1776886714.7061028,5.0,-2.0,-45.0
1776886714.7161028,1.0,-8.0,-42.0
1776886714.7261028,0.0,-8.0,-40.0
1776886714.7361028,1.0,-6.0,-40.0
1776886714.7461028,3.0,-6.0,-39.0
1776886714.7561028,7.0,-6.0,-37.0
1776886714.7661028,8.0,-7.0,-32.0
1776886714.7761028,9.0,-6.0,-27.0
1776886714.7861028,6.0,-3.0,-31.0
1776886714.7961028,5.0,-4.0,-35.0
1776886714.8061028,4.0,-2.0,-32.0
1776886714.8161027,1.0,-1.0,-33.0
1776886714.8261027,-2.0,-1.0,-35.0
1776886714.8361027,-4.0,-1.0,-44.0
1776886714.8461027,-4.0,-2.0,-43.0
1776886714.8561027,-2.0,-3.0,-42.0
1776886714.8661027,3.0,-5.0,-40.0
1776886714.8761027,4.0,-4.0,-43.0
1776886714.886103,2.0,-8.0,-37.0
1776886714.896103,4.0,-7.0,-36.0
1776886714.906103,5.0,-6.0,-34.0
1776886714.9161026,5.0,-7.0,-37.0
1776886714.9261026,2.0,-8.0,-37.0
1776886714.9361026,5.0,-4.0,-36.0
1776886714.9461029,3.0,0.0,-31.0
1776886714.9561028,-1.0,-2.0,-28.0
1776886714.9661028,-1.0,-3.0,-29.0
1776886714.9761028,2.0,-3.0,-25.0
1776886714.9861028,5.0,-6.0,-31.0
1776886714.9961028,0.0,-4.0,-45.0
1776886715.0061028,3.0,-6.0,-36.0
1776886715.0161028,2.0,-8.0,-39.0
1776886715.0261028,0.0,-5.0,-41.0
1776886715.0361028,4.0,-4.0,-40.0
1776886715.0461028,1.0,-4.0,-34.0
1776886715.0561028,-3.0,-6.0,-43.0
1776886715.0661027,3.0,-1.0,-42.0
1776886715.0761027,1.0,0.0,-38.0
1776886715.0861027,-1.0,1.0,-42.0
1776886715.0961027,0.0,1.0,-48.0
1776886715.1061027,0.0,-3.0,-51.0
1776886715.1161027,1.0,-3.0,-47.0
1776886715.1261027,1.0,-3.0,-50.0
1776886715.136103,-1.0,-4.0,-57.0
1776886715.146103,-3.0,-5.0,-47.0
1776886715.156103,-1.0,-2.0,-49.0
1776886715.1661026,-1.0,4.0,-44.0
1776886715.1761026,3.0,1.0,-48.0
1776886715.1861026,7.0,0.0,-53.0
1776886715.1961029,5.0,-3.0,-45.0
1776886715.2061028,5.0,-3.0,-37.0
1776886715.2161028,2.0,-7.0,-34.0
1776886715.2261028,0.0,-7.0,-36.0
1776886715.2361028,-2.0,-5.0,-38.0
1776886715.2461028,-3.0,-7.0,-42.0
1776886715.2561028,0.0,-10.0,-36.0
1776886715.2661028,-3.0,-7.0,-36.0
1776886715.2761028,-6.0,-1.0,-34.0
1776886715.2861028,-10.0,-4.0,-36.0
1776886715.2961028,-7.0,-5.0,-43.0
1776886715.3061028,-6.0,-4.0,-35.0
1776886715.3161027,-8.0,-1.0,-37.0
1776886715.3261027,-5.0,1.0,-43.0
1776886715.3361027,-1.0,1.0,-42.0
1776886715.3461027,3.0,-2.0,-37.0
1776886715.3561027,0.0,-1.0,-35.0
1776886715.3661027,2.0,0.0,-37.0
1776886715.3761027,2.0,-3.0,-30.0
1776886715.386103,5.0,-4.0,-34.0
1776886715.396103,2.0,-5.0,-34.0
1776886715.406103,4.0,-7.0,-41.0
1776886715.4161026,2.0,-5.0,-38.0
1776886715.4261026,7.0,-6.0,-35.0
1776886715.4361026,8.0,-8.0,-35.0
1776886715.4461029,8.0,-7.0,-31.0
1776886715.4561028,8.0,-5.0,-31.0
1776886715.4661028,4.0,-5.0,-31.0
1776886715.4761028,5.0,-4.0,-28.0
1776886715.4861028,4.0,-3.0,-33.0
1776886715.4961028,2.0,-4.0,-34.0
1776886715.5061028,1.0,-3.0,-35.0
1776886715.5161028,6.0,0.0,-39.0
1776886715.5261028,6.0,0.0,-43.0
1776886715.5361028,3.0,0.0,-42.0
1776886715.5461028,2.0,0.0,-40.0
1776886715.5561028,0.0,-2.0,-42.0
1776886715.5661027,3.0,-2.0,-38.0
1776886715.5761027,0.0,-4.0,-39.0
1776886715.5861027,3.0,-5.0,-45.0
1776886715.5961027,3.0,-5.0,-45.0
1776886715.6061027,5.0,-1.0,-45.0
1776886715.6161027,7.0,0.0,-48.0
1776886715.6261027,7.0,-5.0,-43.0
1776886715.636103,6.0,-6.0,-43.0
1776886715.646103,5.0,-9.0,-39.0
1776886715.656103,6.0,-6.0,-44.0
1776886715.6661026,6.0,-7.0,-42.0
1776886715.6761026,3.0,-9.0,-42.0
1776886715.6861026,3.0,-7.0,-45.0
1776886715.6961029,2.0,-5.0,-39.0
1776886715.7061028,1.0,-6.0,-37.0
1776886715.7161028,0.0,-5.0,-44.0
1776886715.7261028,2.0,-2.0,-38.0
1776886715.7361028,-1.0,-1.0,-40.0
1776886715.7461028,0.0,-3.0,-46.0
1776886715.7561028,-5.0,-1.0,-42.0
1776886715.7661028,-5.0,-3.0,-39.0
1776886715.7761028,-5.0,-2.0,-35.0
1776886715.7861028,-5.0,-2.0,-33.0
1776886715.7961028,-1.0,2.0,-33.0
1776886715.8061028,0.0,0.0,-30.0
1776886715.8161027,4.0,-1.0,-30.0
1776886715.8261027,2.0,-3.0,-26.0
1776886715.8361027,1.0,1.0,-26.0
1776886715.8461027,0.0,6.0,-30.0
1776886715.8561027,0.0,5.0,-29.0
1776886715.8661027,-7.0,3.0,-25.0
1776886715.8761027,-8.0,-3.0,-26.0
1776886715.886103,-6.0,-5.0,-27.0
1776886715.896103,-4.0,-4.0,-31.0
1776886715.906103,2.0,-7.0,-35.0
1776886715.9161026,3.0,-6.0,-32.0
1776886715.9261026,1.0,-4.0,-34.0
1776886715.9361026,4.0,-2.0,-33.0
1776886715.9461029,1.0,-2.0,-30.0
1776886715.9561028,2.0,-2.0,-30.0
1776886715.9661028,7.0,-2.0,-27.0
1776886715.9761028,6.0,0.0,-24.0
1776886715.9861028,7.0,-1.0,-28.0
1776886715.9961028,4.0,1.0,-32.0
1776886716.0061028,3.0,2.0,-34.0
1776886716.0161028,1.0,2.0,-33.0
1776886716.0261028,-1.0,0.0,-38.0
1776886716.0361028,0.0,-2.0,-35.0
1776886716.0461028,2.0,-4.0,-36.0
1776886716.0561028,2.0,-1.0,-36.0
1776886716.0661027,0.0,0.0,-27.0
1776886716.0761027,0.0,2.0,-31.0
1776886716.0861027,2.0,-1.0,-33.0
1776886716.0961027,6.0,0.0,-35.0
1776886716.1061027,6.0,-1.0,-36.0
1776886716.1161027,12.0,-4.0,-36.0
1776886716.1261027,12.0,-5.0,-41.0
1776886716.136103,10.0,-6.0,-42.0
1776886716.146103,11.0,-4.0,-43.0
1776886716.156103,12.0,-2.0,-47.0
1776886716.1661026,9.0,-8.0,-50.0
1776886716.1761026,5.0,-7.0,-48.0
1776886716.1861026,4.0,-4.0,-49.0
1776886716.1961029,3.0,-2.0,-46.0
1776886716.2061028,0.0,-2.0,-39.0
1776886716.2161028,2.0,-2.0,-50.0
1776886716.2261028,5.0,-4.0,-42.0
1776886716.2361028,6.0,-6.0,-41.0
1776886716.2461028,4.0,-3.0,-38.0
1776886716.2561028,6.0,-6.0,-36.0
1776886716.2661028,8.0,-9.0,-35.0
1776886716.2761028,0.0,-10.0,-27.0
1776886716.2861028,-3.0,-6.0,-28.0
1776886716.2961028,-3.0,-4.0,-31.0
1776886716.3061028,0.0,-8.0,-30.0
1776886716.3161027,-1.0,-6.0,-38.0
1776886716.3261027,-1.0,-2.0,-39.0
1776886716.3361027,0.0,-1.0,-39.0
1776886716.3471026,5.0,-5.0,-41.0
1776886716.3561027,3.0,-4.0,-42.0
1776886716.3661027,0.0,0.0,-43.0
1776886716.3761027,2.0,-1.0,-37.0
1776886716.386103,3.0,-2.0,-34.0
1776886716.396103,3.0,-8.0,-36.0
1776886716.406103,7.0,-7.0,-31.0
1776886716.4161026,5.0,-5.0,-33.0
1776886716.4261026,6.0,0.0,-31.0
1776886716.4361026,8.0,3.0,-29.0
1776886716.4461029,2.0,0.0,-30.0
1776886716.4561028,3.0,0.0,-31.0
1776886716.4661028,-1.0,0.0,-30.0
1776886716.4761028,0.0,-3.0,-31.0
1776886716.4861028,1.0,1.0,-29.0
1776886716.4961028,0.0,0.0,-28.0
1776886716.5061028,-4.0,-2.0,-35.0
1776886716.5171027,-3.0,-3.0,-31.0
1776886716.5271027,0.0,-1.0,-27.0
1776886716.5371027,3.0,0.0,-28.0
1776886716.5471027,6.0,-3.0,-29.0
1776886716.557103,4.0,-3.0,-27.0
1776886716.567103,5.0,-3.0,-32.0
1776886716.577103,6.0,-7.0,-36.0
1776886716.587103,2.0,-6.0,-40.0
1776886716.5971026,-3.0,-6.0,-40.0
1776886716.6071026,-2.0,-6.0,-39.0
1776886716.6171026,0.0,-2.0,-39.0
1776886716.6271029,-1.0,0.0,-39.0
1776886716.6371028,-4.0,0.0,-42.0
1776886716.6471028,0.0,-1.0,-47.0
1776886716.6571028,0.0,-1.0,-46.0
1776886716.6671028,0.0,0.0,-42.0
1776886716.6771028,4.0,1.0,-27.0
1776886716.6871028,6.0,3.0,-30.0
1776886716.6971028,3.0,4.0,-34.0
1776886716.7071028,4.0,0.0,-35.0
1776886716.7171028,-1.0,0.0,-32.0
1776886716.7271028,0.0,-6.0,-33.0
1776886716.7371027,2.0,-2.0,-39.0
1776886716.7471027,0.0,0.0,-33.0
1776886716.7571027,-4.0,0.0,-36.0
1776886716.7671027,-3.0,0.0,-39.0
1776886716.7771027,0.0,1.0,-35.0
1776886716.7871027,1.0,-1.0,-39.0
1776886716.7971027,4.0,1.0,-34.0
1776886716.807103,2.0,4.0,-35.0
1776886716.817103,1.0,8.0,-34.0
1776886716.827103,0.0,6.0,-34.0
1776886716.837103,-3.0,0.0,-34.0
1776886716.8471026,-3.0,0.0,-39.0
1776886716.8571026,-2.0,1.0,-45.0
1776886716.8671026,-3.0,0.0,-39.0
1776886716.8771029,-2.0,-1.0,-38.0
1776886716.8871028,4.0,1.0,-35.0
1776886716.8971028,2.0,0.0,-39.0
1776886716.9071028,-1.0,0.0,-42.0
1776886716.9171028,-6.0,-2.0,-41.0
1776886716.9271028,-5.0,-7.0,-44.0
1776886716.9371028,-3.0,-6.0,-44.0
1776886716.9471028,-4.0,-2.0,-42.0
1776886716.9571028,-4.0,-1.0,-44.0
1776886716.9671028,-2.0,1.0,-43.0
1776886716.9771028,-1.0,3.0,-44.0
1776886716.9871027,-2.0,4.0,-44.0
1776886716.9971027,1.0,2.0,-49.0
1776886717.0071027,-2.0,2.0,-48.0
1776886717.0171027,-7.0,-3.0,-52.0
1776886717.0271027,-9.0,-6.0,-47.0
1776886717.0371027,-6.0,-8.0,-50.0
1776886717.0471027,-8.0,-4.0,-47.0
1776886717.057103,-8.0,-1.0,-37.0
1776886717.067103,-4.0,0.0,-37.0
1776886717.077103,0.0,1.0,-43.0
1776886717.087103,1.0,2.0,-44.0
1776886717.0971026,0.0,3.0,-41.0
1776886717.1071026,-2.0,1.0,-46.0
1776886717.1171026,-3.0,0.0,-39.0
1776886717.1271029,-3.0,-1.0,-35.0
1776886717.1371028,-5.0,-5.0,-44.0
1776886717.1471028,-8.0,-2.0,-41.0
1776886717.1571028,-3.0,-2.0,-44.0
1776886717.1671028,0.0,0.0,-37.0
1776886717.1771028,0.0,1.0,-32.0
1776886717.1871028,-2.0,0.0,-40.0
1776886717.1971028,-4.0,-1.0,-41.0
1776886717.2071028,-4.0,-3.0,-39.0
1776886717.2171028,-1.0,-3.0,-42.0
1776886717.2271028,-1.0,-4.0,-39.0
1776886717.2371027,0.0,-6.0,-40.0
1776886717.2471027,1.0,-6.0,-33.0
1776886717.2571027,0.0,-3.0,-40.0
1776886717.2671027,3.0,0.0,-44.0
1776886717.2771027,4.0,3.0,-42.0
1776886717.2871027,5.0,0.0,-43.0
1776886717.2971027,5.0,0.0,-41.0
1776886717.307103,1.0,-2.0,-41.0
1776886717.317103,-2.0,-4.0,-44.0
1776886717.327103,-5.0,-5.0,-49.0
1776886717.337103,-4.0,-7.0,-52.0
1776886717.3471026,-1.0,-8.0,-52.0
1776886717.3571026,0.0,-12.0,-46.0
1776886717.3671026,0.0,-8.0,-45.0
1776886717.3771029,-1.0,-8.0,-43.0
1776886717.3871028,0.0,-8.0,-43.0
1776886717.3971028,0.0,-1.0,-41.0
1776886717.4071028,0.0,0.0,-37.0
1776886717.4171028,-1.0,0.0,-44.0
1776886717.4271028,0.0,-2.0,-54.0
1776886717.4371028,2.0,0.0,-54.0
1776886717.4471028,3.0,-2.0,-44.0
1776886717.4571028,0.0,-1.0,-42.0
1776886717.4671028,1.0,3.0,-43.0
1776886717.4771028,1.0,0.0,-42.0
1776886717.4871027,2.0,-1.0,-47.0
1776886717.4971027,2.0,-2.0,-47.0
1776886717.5071027,0.0,0.0,-39.0
1776886717.5171027,-1.0,0.0,-40.0
1776886717.5271027,-2.0,0.0,-39.0
1776886717.5371027,-1.0,0.0,-44.0
1776886717.5471027,-3.0,0.0,-43.0
1776886717.557103,-4.0,-4.0,-35.0
1776886717.567103,0.0,-5.0,-31.0
1776886717.577103,0.0,-2.0,-33.0
1776886717.587103,1.0,-2.0,-29.0
1776886717.5971026,0.0,-1.0,-30.0
1776886717.6071026,-2.0,0.0,-31.0
1776886717.6171026,0.0,0.0,-32.0
1776886717.6271029,-3.0,0.0,-31.0
1776886717.6371028,-1.0,0.0,-28.0
1776886717.6471028,-4.0,-3.0,-29.0
1776886717.6571028,-5.0,-4.0,-33.0
1776886717.6671028,-3.0,-6.0,-36.0
1776886717.6771028,0.0,-5.0,-34.0
1776886717.6871028,3.0,-4.0,-38.0
1776886717.6971028,0.0,-2.0,-40.0
1776886717.7071028,-2.0,-7.0,-45.0
1776886717.7171028,-5.0,-7.0,-45.0
1776886717.7271028,-5.0,-7.0,-46.0
1776886717.7371027,-6.0,-6.0,-51.0
1776886717.7471027,-1.0,-3.0,-40.0
1776886717.7571027,-5.0,-1.0,-39.0
1776886717.7671027,-7.0,0.0,-36.0
1776886717.7771027,-5.0,0.0,-34.0
1776886717.7871027,-2.0,-2.0,-33.0
1776886717.7971027,0.0,-3.0,-29.0
1776886717.807103,3.0,0.0,-34.0
1776886717.817103,4.0,0.0,-40.0
1776886717.827103,3.0,0.0,-43.0
1776886717.837103,5.0,3.0,-45.0
1776886717.8471026,7.0,1.0,-45.0
1776886717.8571026,7.0,-2.0,-42.0
1776886717.8671026,8.0,-7.0,-40.0
1776886717.8771029,5.0,-7.0,-38.0
1776886717.8871028,3.0,-7.0,-42.0
1776886717.8971028,1.0,-3.0,-40.0
1776886717.9071028,0.0,-8.0,-34.0
1776886717.9171028,4.0,-5.0,-36.0
1776886717.9271028,2.0,-10.0,-38.0
1776886717.9371028,1.0,-6.0,-45.0
1776886717.9471028,1.0,-3.0,-47.0
1776886717.9571028,8.0,-3.0,-46.0
1776886717.9671028,9.0,-8.0,-47.0
1776886717.9771028,7.0,-6.0,-42.0
1776886717.9871027,5.0,-1.0,-38.0
1776886717.9971027,7.0,-1.0,-40.0
1776886718.0071027,6.0,-1.0,-43.0
1776886718.0171027,7.0,1.0,-37.0
1776886718.0271027,10.0,2.0,-38.0
1776886718.0371027,9.0,2.0,-41.0
1776886718.0471027,8.0,1.0,-49.0
1776886718.057103,6.0,-2.0,-56.0
1776886718.067103,5.0,-5.0,-45.0
1776886718.077103,2.0,-5.0,-36.0
1776886718.087103,4.0,-4.0,-34.0
1776886718.0971026,2.0,0.0,-33.0
1776886718.1071026,0.0,-4.0,-33.0
1776886718.1171026,2.0,-2.0,-31.0
1776886718.1271029,1.0,0.0,-34.0
1776886718.1371028,0.0,1.0,-38.0
1776886718.1471028,0.0,5.0,-29.0
1776886718.1571028,3.0,4.0,-24.0
1776886718.1671028,5.0,0.0,-23.0
1776886718.1771028,5.0,3.0,-29.0
1776886718.1871028,3.0,0.0,-34.0
1776886718.1971028,3.0,2.0,-32.0
1776886718.2071028,3.0,6.0,-33.0
1776886718.2171028,4.0,3.0,-40.0
1776886718.2271028,5.0,-2.0,-37.0
1776886718.2371027,5.0,-3.0,-33.0
1776886718.2471027,8.0,-4.0,-30.0
1776886718.2571027,9.0,-1.0,-32.0
1776886718.2671027,6.0,0.0,-28.0
1776886718.2771027,4.0,2.0,-31.0
1776886718.2871027,2.0,-4.0,-33.0
1776886718.2971027,2.0,-8.0,-35.0
1776886718.307103,3.0,-7.0,-40.0
1776886718.317103,3.0,-8.0,-36.0
1776886718.327103,3.0,-10.0,-42.0
1776886718.337103,-1.0,-9.0,-46.0
1776886718.3471026,-4.0,-7.0,-42.0
1776886718.3571026,-7.0,-4.0,-41.0
1776886718.3671026,-3.0,-1.0,-38.0
1776886718.3771029,1.0,-3.0,-37.0
1776886718.3871028,0.0,-1.0,-39.0
1776886718.3971028,5.0,-3.0,-34.0
1776886718.4071028,0.0,0.0,-38.0
1776886718.4171028,2.0,-3.0,-42.0
1776886718.4271028,1.0,-2.0,-52.0
1776886718.4371028,3.0,0.0,-50.0
1776886718.4471028,0.0,-1.0,-50.0
1776886718.4571028,0.0,-3.0,-50.0
1776886718.4671028,2.0,-5.0,-49.0
1776886718.4771028,4.0,-3.0,-49.0
1776886718.4871027,2.0,0.0,-45.0
1776886718.4971027,1.0,-2.0,-47.0
1776886718.5071027,1.0,-3.0,-44.0
1776886718.5171027,-1.0,-7.0,-42.0
1776886718.5271027,0.0,-7.0,-45.0
1776886718.5381026,-3.0,-6.0,-44.0
1776886718.5481029,-4.0,-4.0,-44.0
1776886718.5581028,-2.0,2.0,-38.0
1776886718.5681028,0.0,3.0,-31.0
1776886718.5781028,0.0,3.0,-27.0
1776886718.5881028,-2.0,3.0,-22.0
1776886718.5981028,0.0,5.0,-24.0
1776886718.6081028,0.0,4.0,-29.0
1776886718.6181028,4.0,0.0,-29.0
1776886718.6281028,4.0,-1.0,-28.0
1776886718.6381028,2.0,-4.0,-32.0
1776886718.6481028,3.0,-9.0,-34.0
1776886718.6581028,2.0,-9.0,-34.0
1776886718.6681027,4.0,-4.0,-33.0
1776886718.6781027,0.0,-3.0,-38.0
1776886718.6881027,-2.0,-4.0,-35.0
1776886718.6981027,-2.0,-4.0,-31.0
1776886718.7081027,0.0,-1.0,-33.0
1776886718.7181027,1.0,-2.0,-37.0
1776886718.7281027,2.0,-4.0,-36.0
1776886718.738103,1.0,0.0,-34.0
1776886718.748103,0.0,3.0,-34.0
1776886718.758103,-5.0,2.0,-36.0
1776886718.7681026,-3.0,-4.0,-38.0
1776886718.7781026,-3.0,-4.0,-37.0
1776886718.7881026,0.0,-5.0,-39.0
1776886718.7981029,-1.0,-2.0,-39.0
1776886718.8081028,1.0,-3.0,-39.0
1776886718.8181028,5.0,-2.0,-36.0
1776886718.8281028,5.0,-1.0,-41.0
1776886718.8381028,3.0,-1.0,-47.0
1776886718.8481028,-2.0,0.0,-48.0
1776886718.8581028,-3.0,-2.0,-46.0
1776886718.8681028,-5.0,-2.0,-44.0
1776886718.8781028,-3.0,-4.0,-44.0
1776886718.8881028,-4.0,-2.0,-42.0
1776886718.8981028,-3.0,-5.0,-37.0
1776886718.9081028,0.0,-7.0,-37.0
1776886718.9181027,1.0,-4.0,-38.0
1776886718.9281027,-2.0,-5.0,-39.0
1776886718.9381027,-5.0,-1.0,-39.0
1776886718.9481027,-6.0,1.0,-41.0
1776886718.9581027,-5.0,1.0,-41.0
1776886718.9681027,-4.0,3.0,-40.0
1776886718.9781027,-1.0,4.0,-34.0
1776886718.988103,0.0,2.0,-37.0
1776886718.998103,4.0,0.0,-37.0
1776886719.008103,5.0,2.0,-36.0
1776886719.0181026,3.0,0.0,-37.0
1776886719.0281026,6.0,-1.0,-39.0
1776886719.0381026,6.0,-1.0,-39.0
1776886719.0481029,1.0,0.0,-35.0
1776886719.0581028,0.0,0.0,-32.0
1776886719.0681028,3.0,0.0,-27.0
1776886719.0781028,4.0,0.0,-28.0
1776886719.0881028,3.0,1.0,-31.0
1776886719.0981028,4.0,-2.0,-36.0
1776886719.1081028,0.0,-5.0,-33.0
1776886719.1181028,0.0,-4.0,-31.0
1776886719.1281028,-1.0,-4.0,-31.0
1776886719.1381028,-1.0,-5.0,-40.0
1776886719.1481028,-2.0,-4.0,-46.0
1776886719.1581028,0.0,1.0,-49.0
1776886719.1681027,-2.0,3.0,-43.0
1776886719.1781027,-2.0,1.0,-45.0
1776886719.1881027,-2.0,2.0,-38.0
1776886719.1981027,0.0,2.0,-41.0
1776886719.2081027,0.0,0.0,-42.0
1776886719.2181027,-3.0,-1.0,-41.0
1776886719.2281027,-4.0,-2.0,-40.0
1776886719.238103,-3.0,-4.0,-47.0
1776886719.248103,-4.0,-1.0,-44.0
1776886719.258103,-1.0,-3.0,-42.0
1776886719.2681026,-1.0,-3.0,-37.0
1776886719.2781026,1.0,-1.0,-42.0
1776886719.2881026,0.0,-1.0,-39.0
1776886719.2981029,2.0,1.0,-36.0
1776886719.3081028,4.0,2.0,-32.0
1776886719.3181028,6.0,0.0,-27.0
1776886719.3281028,3.0,0.0,-19.0
1776886719.3381028,3.0,-2.0,-22.0
1776886719.3481028,2.0,-5.0,-32.0
1776886719.3581028,1.0,-9.0,-36.0
1776886719.3681028,1.0,-12.0,-30.0
1776886719.3781028,-3.0,-12.0,-32.0
1776886719.3881028,-5.0,-10.0,-33.0
1776886719.3981028,-7.0,-5.0,-36.0
1776886719.4081028,-6.0,-2.0,-36.0
1776886719.4181027,-5.0,-1.0,-32.0
1776886719.4281027,0.0,-1.0,-33.0
1776886719.4381027,0.0,0.0,-39.0
1776886719.4481027,1.0,1.0,-38.0
1776886719.4581027,-1.0,5.0,-38.0
1776886719.4681027,-1.0,5.0,-37.0
1776886719.4781027,-2.0,6.0,-36.0
1776886719.488103,-3.0,0.0,-43.0
1776886719.498103,0.0,-2.0,-43.0
1776886719.508103,-4.0,-3.0,-52.0
1776886719.5181026,-8.0,-5.0,-54.0
1776886719.5281026,-9.0,0.0,-58.0
1776886719.5381026,-2.0,1.0,-54.0
1776886719.5481029,0.0,0.0,-50.0
1776886719.5581028,1.0,-2.0,-41.0
1776886719.5681028,1.0,-1.0,-39.0
1776886719.5781028,2.0,-5.0,-40.0
1776886719.5881028,8.0,-2.0,-36.0
1776886719.5981028,11.0,1.0,-42.0
1776886719.6081028,6.0,3.0,-44.0
1776886719.6181028,7.0,6.0,-48.0
1776886719.6281028,1.0,7.0,-45.0
1776886719.6381028,0.0,5.0,-39.0
1776886719.6481028,0.0,4.0,-41.0
1776886719.6581028,0.0,-2.0,-39.0
1776886719.6681027,-6.0,-5.0,-40.0
1776886719.6781027,-8.0,-3.0,-46.0
1776886719.6881027,-9.0,-4.0,-45.0
1776886719.6981027,-6.0,-4.0,-40.0
1776886719.7081027,-4.0,-1.0,-41.0
1776886719.7181027,-1.0,-1.0,-44.0
1776886719.7281027,-1.0,0.0,-44.0
1776886719.738103,-5.0,3.0,-43.0
1776886719.748103,-3.0,0.0,-44.0
1776886719.758103,-1.0,0.0,-42.0
1776886719.7681026,-4.0,-3.0,-41.0
1776886719.7781026,0.0,0.0,-40.0
1776886719.7881026,6.0,2.0,-35.0
1776886719.7981029,6.0,0.0,-31.0
1776886719.8081028,6.0,-3.0,-32.0
1776886719.8181028,4.0,-3.0,-35.0
1776886719.8281028,5.0,-9.0,-43.0
1776886719.8381028,7.0,-6.0,-38.0
1776886719.8481028,6.0,-3.0,-40.0
1776886719.8581028,5.0,-2.0,-45.0
1776886719.8681028,3.0,0.0,-44.0
1776886719.8781028,2.0,1.0,-37.0
1776886719.8881028,-1.0,-3.0,-41.0
1776886719.8981028,0.0,-8.0,-38.0
1776886719.9081028,4.0,-5.0,-36.0
1776886719.9181027,6.0,-3.0,-38.0
1776886719.9281027,6.0,0.0,-42.0
1776886719.9381027,2.0,2.0,-39.0
1776886719.9481027,5.0,5.0,-41.0
1776886719.9581027,4.0,4.0,-43.0
1776886719.9681027,0.0,0.0,-39.0
1776886719.9781027,1.0,-1.0,-34.0
1776886719.988103,1.0,-6.0,-38.0
1776886719.998103,-2.0,-9.0,-39.0
1776886720.008103,-3.0,-6.0,-38.0
1776886720.0181026,-5.0,-3.0,-35.0
1776886720.0281026,1.0,-3.0,-38.0
1776886720.0381026,6.0,-3.0,-41.0
1776886720.0481029,5.0,0.0,-38.0
1776886720.0581028,6.0,-4.0,-40.0
1776886720.0681028,11.0,-5.0,-41.0
1776886720.0781028,11.0,-8.0,-40.0
1776886720.0881028,4.0,-8.0,-36.0
1776886720.0981028,6.0,-9.0,-37.0
1776886720.1081028,6.0,-9.0,-44.0
1776886720.1181028,9.0,-5.0,-47.0
1776886720.1281028,8.0,-4.0,-50.0
1776886720.1381028,5.0,-1.0,-52.0
1776886720.1481028,3.0,0.0,-53.0
1776886720.1581028,3.0,-1.0,-48.0
1776886720.1681027,4.0,-3.0,-47.0
1776886720.1781027,7.0,-2.0,-43.0
1776886720.1881027,3.0,0.0,-43.0
1776886720.1981027,4.0,-1.0,-39.0
1776886720.2081027,1.0,-2.0,-42.0
1776886720.2181027,5.0,-2.0,-39.0
1776886720.2281027,1.0,0.0,-32.0
1776886720.238103,-2.0,1.0,-36.0
1776886720.248103,-5.0,-5.0,-40.0
1776886720.258103,-2.0,-2.0,-41.0
1776886720.2681026,-4.0,-3.0,-36.0
1776886720.2781026,-5.0,-2.0,-37.0
1776886720.2881026,-1.0,0.0,-42.0
1776886720.2981029,0.0,0.0,-34.0
1776886720.3081028,0.0,0.0,-38.0
1776886720.3181028,0.0,-1.0,-39.0
1776886720.3281028,0.0,0.0,-46.0
1776886720.3381028,3.0,0.0,-39.0
1776886720.3481028,7.0,0.0,-40.0
1776886720.3581028,4.0,-1.0,-44.0
1776886720.3681028,0.0,-1.0,-42.0
1776886720.3781028,-7.0,-1.0,-45.0
1776886720.3881028,-3.0,0.0,-42.0
1776886720.3981028,0.0,0.0,-47.0
1776886720.4081028,2.0,2.0,-52.0
1776886720.4181027,3.0,5.0,-44.0
1776886720.4281027,0.0,3.0,-48.0
1776886720.4381027,0.0,1.0,-55.0
1776886720.4481027,-1.0,1.0,-47.0
1776886720.4581027,2.0,0.0,-43.0
1776886720.4681027,2.0,5.0,-41.0
1776886720.4781027,-1.0,10.0,-41.0
1776886720.488103,-2.0,9.0,-44.0
1776886720.4991028,-1.0,3.0,-42.0
1776886720.5091028,0.0,1.0,-42.0
1776886720.5191028,1.0,1.0,-41.0
1776886720.5291028,0.0,0.0,-43.0
1776886720.5391028,2.0,0.0,-41.0
1776886720.5491028,0.0,4.0,-40.0
1776886720.5591028,0.0,6.0,-38.0
1776886720.5691028,-1.0,0.0,-39.0
1776886720.5791028,-1.0,-4.0,-40.0
1776886720.5891027,0.0,-3.0,-42.0
1776886720.5991027,2.0,1.0,-38.0
1776886720.6091027,3.0,1.0,-37.0
1776886720.6191027,0.0,5.0,-40.0
1776886720.6291027,-4.0,-2.0,-39.0
1776886720.6391027,-5.0,-4.0,-42.0
1776886720.6491027,-4.0,-4.0,-47.0
1776886720.659103,-3.0,0.0,-40.0
1776886720.669103,-6.0,1.0,-37.0
1776886720.679103,-5.0,2.0,-35.0
1776886720.6891026,-1.0,-3.0,-41.0
1776886720.6991026,-2.0,-5.0,-43.0
1776886720.7091026,-1.0,-7.0,-45.0
1776886720.7191026,-4.0,-5.0,-39.0
1776886720.7291028,-5.0,-1.0,-32.0
1776886720.7391028,-3.0,0.0,-36.0
1776886720.7491028,0.0,0.0,-35.0
1776886720.7591028,0.0,1.0,-32.0
1776886720.7691028,-3.0,2.0,-38.0
1776886720.7791028,-3.0,0.0,-45.0
1776886720.7891028,0.0,1.0,-49.0
1776886720.7991028,4.0,0.0,-47.0
1776886720.8091028,7.0,2.0,-41.0
1776886720.8191028,5.0,1.0,-38.0
1776886720.8291028,0.0,-3.0,-39.0
1776886720.8391027,-1.0,-8.0,-35.0
1776886720.8491027,-2.0,-4.0,-33.0
1776886720.8591027,-3.0,-3.0,-29.0
1776886720.8691027,-2.0,-1.0,-28.0
1776886720.8791027,-1.0,-3.0,-28.0
1776886720.8891027,1.0,-6.0,-35.0
1776886720.8991027,-1.0,-5.0,-39.0
1776886720.909103,3.0,-4.0,-43.0
1776886720.919103,2.0,-3.0,-40.0
1776886720.929103,0.0,0.0,-44.0
1776886720.9391026,-3.0,-1.0,-40.0
1776886720.9491026,-2.0,0.0,-44.0
1776886720.9591026,-5.0,0.0,-45.0
1776886720.9691026,0.0,0.0,-38.0
1776886720.9791028,0.0,0.0,-33.0
1776886720.9891028,4.0,1.0,-30.0
1776886720.9991028,1.0,4.0,-28.0
1776886721.0091028,4.0,9.0,-30.0
1776886721.0191028,2.0,5.0,-36.0
1776886721.0291028,3.0,3.0,-31.0
1776886721.0391028,3.0,6.0,-32.0
1776886721.0491028,5.0,8.0,-33.0
1776886721.0591028,5.0,6.0,-29.0
1776886721.0691028,3.0,1.0,-30.0
1776886721.0791028,3.0,-1.0,-34.0
1776886721.0891027,5.0,2.0,-41.0
1776886721.0991027,6.0,0.0,-39.0
1776886721.1091027,2.0,0.0,-45.0
1776886721.1191027,3.0,-1.0,-44.0
1776886721.1291027,2.0,1.0,-44.0
1776886721.1391027,3.0,-1.0,-41.0
1776886721.1491027,2.0,-2.0,-40.0
1776886721.1601028,6.0,-3.0,-38.0
1776886721.169103,2.0,-2.0,-42.0
1776886721.179103,0.0,-3.0,-42.0
1776886721.1891026,-2.0,2.0,-46.0
1776886721.1991026,0.0,0.0,-54.0
1776886721.2091026,1.0,-2.0,-49.0
1776886721.2191026,-1.0,-4.0,-42.0
1776886721.2291028,-3.0,-5.0,-46.0
1776886721.2391028,0.0,-6.0,-46.0
1776886721.2491028,1.0,-8.0,-52.0
1776886721.2591028,0.0,-8.0,-50.0
1776886721.2691028,0.0,-10.0,-51.0
1776886721.2791028,0.0,-12.0,-43.0
1776886721.2891028,-3.0,-12.0,-44.0
1776886721.2991028,-8.0,-8.0,-41.0
1776886721.3091028,-8.0,-5.0,-42.0
1776886721.3191028,-5.0,-2.0,-41.0
1776886721.3291028,-3.0,-2.0,-39.0
1776886721.3391027,0.0,-2.0,-38.0
1776886721.3491027,1.0,-3.0,-37.0
1776886721.3591027,2.0,-4.0,-41.0
1776886721.3691027,-1.0,-4.0,-42.0
1776886721.3791027,0.0,-1.0,-41.0
1776886721.3891027,3.0,0.0,-38.0
1776886721.3991027,2.0,0.0,-40.0
1776886721.409103,5.0,1.0,-45.0
1776886721.419103,2.0,1.0,-50.0
1776886721.429103,1.0,1.0,-49.0
1776886721.4391026,0.0,-2.0,-51.0
1776886721.4491026,4.0,-4.0,-45.0
1776886721.4591026,4.0,-6.0,-40.0
1776886721.4691026,1.0,-4.0,-36.0
1776886721.4791028,2.0,0.0,-28.0
1776886721.4891028,0.0,4.0,-26.0
1776886721.4991028,-3.0,1.0,-34.0
1776886721.5091028,0.0,-1.0,-33.0
1776886721.5191028,-2.0,-2.0,-33.0
1776886721.5291028,-4.0,-3.0,-39.0
1776886721.5391028,-6.0,-3.0,-39.0
1776886721.5491028,-3.0,-2.0,-37.0
1776886721.5591028,-5.0,-2.0,-38.0
1776886721.5691028,-1.0,-1.0,-32.0
1776886721.5791028,0.0,0.0,-29.0
1776886721.5891027,1.0,2.0,-36.0
1776886721.5991027,2.0,3.0,-39.0
1776886721.6091027,0.0,1.0,-36.0
1776886721.6191027,1.0,1.0,-37.0
1776886721.6291027,-1.0,-1.0,-46.0
1776886721.6391027,0.0,-3.0,-51.0
1776886721.6491027,1.0,-7.0,-48.0
1776886721.659103,3.0,0.0,-46.0
1776886721.669103,4.0,1.0,-43.0
1776886721.679103,4.0,0.0,-39.0
1776886721.6891026,5.0,3.0,-36.0
1776886721.6991026,1.0,2.0,-40.0
1776886721.7091026,1.0,1.0,-41.0
1776886721.7191026,3.0,1.0,-34.0
1776886721.7291028,3.0,2.0,-36.0
1776886721.7391028,-2.0,1.0,-32.0
1776886721.7491028,-3.0,1.0,-30.0
1776886721.7591028,-2.0,0.0,-29.0
1776886721.7691028,-6.0,4.0,-31.0
1776886721.7791028,-7.0,0.0,-32.0
1776886721.7891028,-7.0,0.0,-27.0
1776886721.7991028,-3.0,-4.0,-27.0
1776886721.8091028,-2.0,-2.0,-31.0
1776886721.8191028,-2.0,0.0,-32.0
1776886721.8291028,3.0,-2.0,-33.0
1776886721.8391027,0.0,-2.0,-36.0
1776886721.8491027,1.0,-6.0,-30.0
1776886721.8591027,4.0,-3.0,-22.0
1776886721.8691027,2.0,-1.0,-21.0
1776886721.8791027,-2.0,-1.0,-23.0
1776886721.8891027,-4.0,0.0,-31.0
1776886721.8991027,2.0,0.0,-32.0
1776886721.909103,2.0,3.0,-31.0
1776886721.919103,-3.0,4.0,-32.0
1776886721.929103,-3.0,2.0,-29.0
1776886721.9391026,0.0,0.0,-29.0
1776886721.9491026,-5.0,3.0,-39.0
1776886721.9591026,-7.0,3.0,-42.0
1776886721.9691026,-6.0,0.0,-36.0
1776886721.9791028,-6.0,-2.0,-29.0
1776886721.9891028,-10.0,-3.0,-27.0
1776886721.9991028,-10.0,0.0,-28.0
1776886722.0091028,-6.0,3.0,-33.0
1776886722.0191028,-2.0,0.0,-41.0
1776886722.0291028,-2.0,3.0,-37.0
1776886722.0391028,1.0,1.0,-39.0
1776886722.0491028,0.0,-1.0,-36.0
1776886722.0591028,3.0,0.0,-42.0
1776886722.0691028,4.0,-1.0,-47.0
1776886722.0791028,3.0,-2.0,-43.0
1776886722.0891027,4.0,-3.0,-48.0
1776886722.0991027,3.0,-4.0,-51.0
1776886722.1091027,3.0,-8.0,-41.0
1776886722.1191027,6.0,-2.0,-37.0
1776886722.1291027,6.0,2.0,-34.0
1776886722.1391027,7.0,2.0,-35.0
1776886722.1491027,8.0,0.0,-32.0
1776886722.159103,5.0,-2.0,-37.0
1776886722.169103,8.0,-3.0,-41.0
1776886722.179103,9.0,-2.0,-45.0
1776886722.1891026,11.0,-2.0,-42.0
1776886722.1991026,14.0,-2.0,-43.0
1776886722.2091026,15.0,-2.0,-43.0
1776886722.2191026,10.0,0.0,-39.0
1776886722.2291028,5.0,1.0,-44.0
1776886722.2391028,3.0,-1.0,-44.0
1776886722.2491028,8.0,0.0,-36.0
1776886722.2591028,6.0,-1.0,-36.0
1776886722.2691028,8.0,-2.0,-37.0
1776886722.2791028,6.0,-1.0,-36.0
1776886722.2891028,1.0,0.0,-34.0
1776886722.2991028,0.0,1.0,-41.0
1776886722.3091028,2.0,0.0,-41.0
1776886722.3191028,-1.0,-3.0,-43.0
1776886722.3291028,2.0,-4.0,-48.0
1776886722.3391027,0.0,-2.0,-47.0
1776886722.3491027,0.0,1.0,-42.0
1776886722.3591027,-1.0,2.0,-39.0
1776886722.3691027,0.0,1.0,-42.0
1776886722.3791027,-4.0,0.0,-43.0
1776886722.3891027,0.0,-2.0,-41.0
1776886722.3991027,0.0,0.0,-42.0
1776886722.409103,2.0,0.0,-39.0
1776886722.419103,2.0,0.0,-39.0
1776886722.429103,4.0,5.0,-32.0
1776886722.4391026,5.0,1.0,-32.0
1776886722.4491026,2.0,2.0,-37.0
1776886722.4591026,1.0,0.0,-35.0
1776886722.4691026,5.0,0.0,-35.0
1776886722.4801028,2.0,0.0,-41.0
1776886722.4891028,0.0,0.0,-42.0
1776886722.4991028,1.0,-2.0,-36.0
1776886722.5101027,3.0,-5.0,-32.0
1776886722.5191028,4.0,-6.0,-28.0
1776886722.5301027,0.0,-5.0,-33.0
1776886722.5401027,4.0,-7.0,-27.0
1776886722.5501027,1.0,-2.0,-28.0
1776886722.5601027,0.0,-2.0,-32.0
1776886722.5701027,0.0,0.0,-29.0
1776886722.5801027,6.0,0.0,-34.0
1776886722.590103,6.0,-1.0,-42.0
1776886722.600103,8.0,-2.0,-39.0
1776886722.610103,4.0,-1.0,-37.0
1776886722.6201026,1.0,-1.0,-37.0
1776886722.6301026,-1.0,-4.0,-42.0
1776886722.6401026,-5.0,-5.0,-42.0
1776886722.6501029,0.0,-6.0,-38.0
1776886722.6601028,4.0,-3.0,-36.0
1776886722.6701028,2.0,-6.0,-39.0
1776886722.6801028,5.0,-7.0,-32.0
1776886722.6901028,1.0,-2.0,-35.0
1776886722.7001028,-3.0,-2.0,-36.0
1776886722.7101028,0.0,-3.0,-35.0
1776886722.7201028,-1.0,-3.0,-42.0
1776886722.7301028,0.0,-6.0,-49.0
1776886722.7401028,-1.0,-1.0,-56.0
1776886722.7501028,-3.0,-1.0,-50.0
1776886722.7601027,-5.0,0.0,-52.0
1776886722.7701027,0.0,-1.0,-46.0
1776886722.7801027,0.0,-4.0,-47.0
1776886722.7901027,-7.0,-3.0,-49.0
1776886722.8001027,-8.0,-4.0,-47.0
1776886722.8101027,-8.0,-4.0,-43.0
1776886722.8201027,-10.0,-4.0,-38.0
1776886722.8301027,-6.0,-5.0,-41.0
1776886722.840103,-9.0,-3.0,-34.0
1776886722.850103,-12.0,0.0,-39.0
1776886722.860103,-11.0,4.0,-49.0
1776886722.8701026,-11.0,4.0,-50.0
1776886722.8801026,-4.0,7.0,-51.0
1776886722.8901026,-1.0,6.0,-43.0
1776886722.9001029,0.0,9.0,-43.0
1776886722.9101028,-4.0,10.0,-40.0
1776886722.9201028,-2.0,7.0,-36.0
1776886722.9301028,-2.0,6.0,-39.0
1776886722.9401028,-1.0,3.0,-40.0
1776886722.9501028,2.0,3.0,-40.0
1776886722.9601028,0.0,3.0,-39.0
1776886722.9701028,2.0,4.0,-34.0
1776886722.9801028,1.0,3.0,-36.0
1776886722.9901028,0.0,0.0,-35.0
1776886723.0001028,0.0,2.0,-31.0
1776886723.0101027,-1.0,3.0,-35.0
1776886723.0201027,-7.0,0.0,-37.0
1776886723.0301027,-9.0,-3.0,-41.0
1776886723.0401027,-3.0,0.0,-47.0
1776886723.0501027,-1.0,-3.0,-49.0
1776886723.0601027,-1.0,-4.0,-40.0
1776886723.0701027,2.0,0.0,-40.0
1776886723.0801027,2.0,1.0,-34.0
1776886723.090103,1.0,1.0,-34.0
1776886723.100103,0.0,-3.0,-40.0
1776886723.110103,-1.0,-1.0,-38.0
1776886723.1201026,-2.0,3.0,-40.0
1776886723.1301026,-3.0,1.0,-45.0
1776886723.1401026,-2.0,1.0,-43.0
1776886723.1501029,-1.0,0.0,-48.0
1776886723.1601028,-2.0,0.0,-48.0
1776886723.1701028,-2.0,0.0,-48.0
1776886723.1801028,2.0,3.0,-46.0
1776886723.1901028,4.0,6.0,-45.0
1776886723.2001028,3.0,4.0,-46.0
1776886723.2101028,3.0,2.0,-51.0
1776886723.2201028,3.0,4.0,-46.0
1776886723.2301028,0.0,2.0,-35.0
1776886723.2401028,0.0,3.0,-31.0
1776886723.2501028,-2.0,0.0,-38.0
1776886723.2601027,0.0,-2.0,-41.0
1776886723.2701027,-1.0,-7.0,-41.0
1776886723.2801027,-4.0,-4.0,-44.0
1776886723.2901027,-3.0,-3.0,-50.0
1776886723.3001027,-5.0,0.0,-50.0
1776886723.3101027,-4.0,-2.0,-45.0
1776886723.3201027,0.0,-5.0,-48.0
1776886723.3301027,-1.0,-10.0,-42.0
1776886723.340103,0.0,-6.0,-42.0
1776886723.350103,-4.0,-10.0,-33.0
1776886723.360103,-6.0,-11.0,-32.0
1776886723.3701026,-8.0,-8.0,-34.0
1776886723.3801026,-9.0,-8.0,-35.0
1776886723.3901026,-12.0,-6.0,-30.0
1776886723.4001029,-13.0,-2.0,-24.0
1776886723.4101028,-10.0,0.0,-25.0
1776886723.4201028,-5.0,1.0,-31.0
1776886723.4301028,-3.0,-3.0,-36.0
1776886723.4401028,-5.0,-7.0,-40.0
1776886723.4501028,-8.0,-2.0,-41.0
1776886723.4601028,-7.0,-3.0,-38.0
1776886723.4701028,-5.0,0.0,-42.0
1776886723.4801028,-8.0,0.0,-41.0
1776886723.4901028,-4.0,0.0,-50.0
1776886723.5001028,1.0,3.0,-57.0
1776886723.5101027,4.0,0.0,-54.0
1776886723.5201027,3.0,-1.0,-49.0
1776886723.5301027,3.0,1.0,-47.0
1776886723.5401027,5.0,6.0,-42.0
1776886723.5501027,7.0,7.0,-37.0
1776886723.5601027,9.0,3.0,-35.0
1776886723.5701027,6.0,2.0,-31.0
1776886723.5801027,3.0,-1.0,-38.0
1776886723.590103,-1.0,-2.0,-35.0
1776886723.600103,-2.0,0.0,-46.0
1776886723.610103,-4.0,0.0,-44.0
1776886723.6201026,-8.0,2.0,-48.0
1776886723.6301026,-7.0,3.0,-44.0
1776886723.6401026,-2.0,2.0,-42.0
1776886723.6501029,1.0,0.0,-40.0
1776886723.6601028,-5.0,1.0,-42.0
1776886723.6701028,-3.0,2.0,-44.0
1776886723.6801028,-3.0,3.0,-39.0
1776886723.6901028,-1.0,3.0,-38.0
1776886723.7001028,-2.0,2.0,-43.0
1776886723.7101028,-3.0,0.0,-43.0
1776886723.7201028,-1.0,-1.0,-43.0
1776886723.7301028,-1.0,0.0,-38.0
1776886723.7401028,-4.0,3.0,-39.0
1776886723.7501028,-3.0,2.0,-40.0
1776886723.7601027,0.0,0.0,-39.0
1776886723.7701027,-3.0,-6.0,-39.0
1776886723.7801027,-1.0,-5.0,-39.0
1776886723.7901027,2.0,-5.0,-34.0
1776886723.8001027,2.0,-4.0,-38.0
1776886723.8101027,2.0,-7.0,-37.0
1776886723.8201027,4.0,-3.0,-40.0
1776886723.8301027,2.0,-1.0,-45.0
1776886723.840103,0.0,0.0,-41.0
1776886723.850103,-1.0,2.0,-37.0
1776886723.860103,-2.0,-1.0,-37.0
1776886723.8701026,4.0,-3.0,-37.0
1776886723.8801026,6.0,-4.0,-33.0
1776886723.8901026,5.0,-4.0,-31.0
1776886723.9001029,6.0,-2.0,-36.0
1776886723.9101028,10.0,-1.0,-37.0
1776886723.9201028,13.0,3.0,-33.0
1776886723.9301028,11.0,1.0,-35.0
1776886723.9401028,8.0,0.0,-32.0
1776886723.9501028,2.0,-1.0,-24.0
1776886723.9601028,-2.0,-3.0,-25.0
1776886723.9701028,-4.0,0.0,-32.0
1776886723.9801028,-2.0,-3.0,-34.0
1776886723.9901028,0.0,-4.0,-32.0
1776886724.0001028,-4.0,0.0,-39.0
1776886724.0101027,-2.0,-1.0,-38.0
1776886724.0201027,1.0,0.0,-38.0
1776886724.0301027,0.0,0.0,-41.0
1776886724.0401027,0.0,1.0,-42.0
1776886724.0501027,0.0,3.0,-43.0
1776886724.0601027,1.0,1.0,-48.0
1776886724.0701027,5.0,2.0,-49.0
1776886724.0801027,4.0,4.0,-49.0
1776886724.090103,2.0,4.0,-46.0
1776886724.100103,3.0,0.0,-43.0
1776886724.110103,7.0,0.0,-39.0
1776886724.1201026,6.0,-4.0,-38.0
1776886724.1301026,0.0,-5.0,-39.0
1776886724.1401026,0.0,-3.0,-38.0
1776886724.1501029,-2.0,-5.0,-43.0
1776886724.1601028,-1.0,-7.0,-44.0
1776886724.1701028,4.0,-9.0,-49.0
1776886724.1801028,1.0,-6.0,-43.0
1776886724.1901028,1.0,-4.0,-45.0
1776886724.2001028,1.0,-1.0,-49.0
1776886724.2101028,4.0,-5.0,-48.0
1776886724.2201028,4.0,-6.0,-39.0
1776886724.2301028,4.0,-5.0,-41.0
1776886724.2401028,3.0,-11.0,-41.0
1776886724.2501028,2.0,-6.0,-39.0
1776886724.2601027,2.0,-1.0,-39.0
1776886724.2701027,1.0,-2.0,-43.0
1776886724.2801027,2.0,0.0,-40.0
1776886724.2901027,2.0,-3.0,-46.0
1776886724.3001027,1.0,-4.0,-48.0
1776886724.3101027,-4.0,-1.0,-40.0
1776886724.3201027,0.0,0.0,-38.0
1776886724.3301027,-4.0,0.0,-36.0
1776886724.340103,-5.0,-1.0,-37.0
1776886724.350103,-5.0,0.0,-38.0
1776886724.360103,-5.0,0.0,-40.0
1776886724.3701026,-2.0,0.0,-35.0
1776886724.3801026,0.0,0.0,-39.0
1776886724.3901026,0.0,2.0,-46.0
1776886724.4001029,3.0,5.0,-52.0
1776886724.4101028,3.0,0.0,-60.0
1776886724.4201028,0.0,-3.0,-53.0
1776886724.4301028,-2.0,1.0,-49.0
1776886724.4401028,-2.0,0.0,-46.0
1776886724.4501028,0.0,0.0,-48.0
1776886724.4601028,3.0,0.0,-43.0
1776886724.4701028,1.0,2.0,-46.0
1776886724.4811027,4.0,5.0,-49.0
1776886724.4901028,5.0,2.0,-45.0
1776886724.5001028,1.0,4.0,-39.0
1776886724.5101027,0.0,5.0,-40.0
1776886724.521103,0.0,1.0,-41.0
1776886724.531103,2.0,1.0,-38.0
1776886724.5411026,2.0,2.0,-38.0
1776886724.5511026,5.0,1.0,-42.0
1776886724.5611026,7.0,-4.0,-41.0
1776886724.5711029,3.0,-2.0,-37.0
1776886724.5811028,3.0,-4.0,-37.0
1776886724.5911028,5.0,-2.0,-32.0
1776886724.6011028,6.0,-9.0,-24.0
1776886724.6111028,7.0,-8.0,-27.0
1776886724.6211028,7.0,-9.0,-23.0
1776886724.6311028,2.0,-4.0,-25.0
1776886724.6411028,3.0,-2.0,-32.0
1776886724.6511028,3.0,-4.0,-38.0
1776886724.6611028,4.0,-3.0,-36.0
1776886724.6711028,2.0,-2.0,-37.0
1776886724.6811028,-2.0,-3.0,-36.0
1776886724.6911027,-3.0,-2.0,-39.0
1776886724.7011027,-1.0,-4.0,-37.0
1776886724.7111027,-6.0,-1.0,-31.0
1776886724.7211027,-2.0,-6.0,-35.0
1776886724.7311027,-1.0,-5.0,-36.0
1776886724.7411027,0.0,-3.0,-33.0
1776886724.7511027,2.0,-1.0,-24.0
1776886724.761103,4.0,0.0,-26.0
1776886724.771103,6.0,1.0,-30.0
1776886724.781103,11.0,3.0,-37.0
1776886724.7911026,11.0,2.0,-43.0
1776886724.8011026,10.0,0.0,-43.0
1776886724.8111026,7.0,-3.0,-39.0
1776886724.8211029,7.0,-2.0,-42.0
1776886724.8311028,8.0,0.0,-40.0
1776886724.8411028,4.0,-3.0,-45.0
1776886724.8511028,0.0,-3.0,-34.0
1776886724.8611028,0.0,-4.0,-35.0
1776886724.8711028,1.0,-4.0,-38.0
1776886724.8811028,-4.0,-2.0,-39.0
1776886724.8911028,-2.0,-2.0,-48.0
1776886724.9011028,-1.0,-2.0,-49.0
1776886724.9111028,2.0,-1.0,-48.0
1776886724.9211028,2.0,1.0,-48.0
1776886724.9311028,5.0,-1.0,-46.0
1776886724.9411027,6.0,-5.0,-45.0
1776886724.9511027,4.0,-3.0,-42.0
1776886724.9611027,5.0,-4.0,-38.0
1776886724.9711027,7.0,-6.0,-36.0
1776886724.9811027,6.0,-4.0,-32.0
1776886724.9911027,0.0,-6.0,-36.0
1776886725.0011027,0.0,-7.0,-34.0
1776886725.011103,0.0,-7.0,-37.0
1776886725.021103,-1.0,-5.0,-46.0
1776886725.031103,-3.0,-2.0,-53.0
1776886725.0411026,0.0,1.0,-49.0
1776886725.0511026,1.0,1.0,-42.0
1776886725.0611026,3.0,-2.0,-41.0
1776886725.0711029,7.0,-3.0,-45.0
1776886725.0811028,2.0,-4.0,-48.0
1776886725.0911028,0.0,0.0,-35.0
1776886725.1011028,3.0,1.0,-36.0
1776886725.1111028,0.0,-3.0,-41.0
1776886725.1211028,-4.0,-3.0,-40.0
1776886725.1311028,-3.0,-2.0,-40.0
1776886725.1411028,-2.0,-7.0,-45.0
1776886725.1511028,-1.0,-3.0,-39.0
1776886725.1611028,-4.0,0.0,-39.0
1776886725.1711028,-9.0,-1.0,-37.0
1776886725.1811028,-7.0,0.0,-44.0
1776886725.1911027,-3.0,-4.0,-44.0
1776886725.2011027,-3.0,-1.0,-38.0
1776886725.2111027,0.0,-3.0,-41.0
1776886725.2211027,0.0,-6.0,-36.0
1776886725.2311027,-2.0,-3.0,-34.0
1776886725.2411027,-6.0,0.0,-38.0
1776886725.2511027,-6.0,-2.0,-43.0
1776886725.261103,-4.0,-2.0,-46.0
1776886725.271103,-2.0,-4.0,-42.0
1776886725.281103,0.0,-6.0,-43.0
1776886725.2911026,-1.0,-13.0,-47.0
1776886725.3011026,-2.0,-10.0,-44.0
1776886725.3111026,-3.0,-7.0,-50.0
1776886725.3211029,-2.0,-6.0,-50.0
1776886725.3311028,-5.0,-7.0,-52.0
1776886725.3411028,-4.0,-4.0,-48.0
1776886725.3511028,-1.0,-9.0,-45.0
1776886725.3611028,1.0,-11.0,-44.0
1776886725.3711028,5.0,-10.0,-42.0
1776886725.3811028,5.0,-7.0,-44.0
1776886725.3911028,2.0,-4.0,-42.0
1776886725.4011028,4.0,-4.0,-35.0
1776886725.4111028,-1.0,-1.0,-32.0
1776886725.4211028,-2.0,-2.0,-32.0
1776886725.4311028,0.0,-2.0,-39.0
1776886725.4411027,1.0,-7.0,-43.0
1776886725.4511027,3.0,-4.0,-49.0
1776886725.4611027,0.0,-2.0,-46.0
1776886725.4711027,-2.0,0.0,-46.0
1776886725.4811027,-2.0,-2.0,-42.0
1776886725.4911027,6.0,0.0,-47.0
1776886725.5011027,6.0,0.0,-44.0
1776886725.511103,6.0,0.0,-44.0
1776886725.521103,6.0,-2.0,-37.0
1776886725.531103,0.0,0.0,-46.0
1776886725.5411026,-3.0,4.0,-42.0
1776886725.5511026,-2.0,1.0,-35.0
1776886725.5611026,0.0,3.0,-38.0
1776886725.5711029,-3.0,3.0,-39.0
1776886725.5811028,0.0,-2.0,-34.0
1776886725.5911028,1.0,-2.0,-33.0
1776886725.6011028,2.0,-1.0,-37.0
1776886725.6111028,-3.0,2.0,-34.0
1776886725.6211028,-2.0,0.0,-33.0
1776886725.6311028,-5.0,0.0,-35.0
1776886725.6411028,-2.0,-3.0,-35.0
1776886725.6511028,-1.0,-3.0,-42.0
1776886725.6611028,-2.0,-1.0,-41.0
1776886725.6711028,0.0,1.0,-36.0
1776886725.6811028,-2.0,-3.0,-38.0
1776886725.6911027,-2.0,-7.0,-38.0
1776886725.7011027,-3.0,-5.0,-38.0
1776886725.7111027,-2.0,-2.0,-42.0
1776886725.7211027,-3.0,0.0,-45.0
1776886725.7311027,-3.0,-1.0,-44.0
1776886725.7411027,-5.0,2.0,-36.0
1776886725.7511027,-6.0,-2.0,-32.0
1776886725.761103,-3.0,-2.0,-35.0
1776886725.771103,2.0,-4.0,-35.0
1776886725.781103,2.0,-4.0,-33.0
1776886725.7911026,0.0,-6.0,-39.0
1776886725.8011026,0.0,-8.0,-33.0
1776886725.8111026,-1.0,-6.0,-31.0
1776886725.8211029,-1.0,-6.0,-36.0
1776886725.8311028,0.0,-4.0,-34.0
1776886725.8411028,0.0,0.0,-36.0
1776886725.8511028,-7.0,1.0,-31.0
1776886725.8611028,-4.0,1.0,-35.0
1776886725.8711028,-5.0,0.0,-38.0
1776886725.8811028,-10.0,0.0,-35.0
1776886725.8911028,-12.0,-1.0,-34.0
1776886725.9011028,-13.0,-1.0,-32.0
1776886725.9111028,-6.0,-2.0,-42.0
1776886725.9211028,-3.0,0.0,-42.0
1776886725.9311028,-3.0,-3.0,-41.0
1776886725.9411027,-3.0,1.0,-37.0
1776886725.9511027,-3.0,4.0,-30.0
1776886725.9611027,0.0,1.0,-30.0
1776886725.9711027,-1.0,2.0,-29.0
1776886725.9811027,0.0,5.0,-21.0
1776886725.9911027,2.0,2.0,-25.0
1776886726.0011027,1.0,-2.0,-39.0
1776886726.011103,6.0,0.0,-46.0
1776886726.021103,8.0,-1.0,-52.0
1776886726.031103,4.0,-1.0,-54.0
1776886726.0411026,4.0,-1.0,-47.0
1776886726.0511026,2.0,-3.0,-36.0
1776886726.0611026,3.0,-6.0,-38.0
1776886726.0711029,5.0,-6.0,-32.0
1776886726.0811028,6.0,-5.0,-40.0
1776886726.0911028,1.0,-3.0,-29.0
1776886726.1011028,5.0,-4.0,-31.0
1776886726.1111028,3.0,-2.0,-27.0
1776886726.1211028,4.0,-3.0,-28.0
1776886726.1311028,-2.0,-1.0,-37.0
1776886726.1411028,-5.0,-1.0,-40.0
1776886726.1511028,-5.0,0.0,-41.0
1776886726.1611028,-5.0,5.0,-46.0
1776886726.1711028,-2.0,5.0,-50.0
1776886726.1811028,-4.0,1.0,-51.0
1776886726.1911027,-5.0,2.0,-46.0
1776886726.2011027,-5.0,8.0,-44.0
1776886726.2111027,-7.0,4.0,-39.0
1776886726.2211027,0.0,6.0,-35.0
1776886726.2311027,-3.0,5.0,-38.0
1776886726.2411027,-4.0,1.0,-42.0
1776886726.2511027,-5.0,6.0,-44.0
1776886726.261103,-2.0,7.0,-42.0
1776886726.271103,3.0,5.0,-43.0
1776886726.281103,6.0,1.0,-36.0
1776886726.2911026,4.0,2.0,-35.0
1776886726.3011026,6.0,2.0,-41.0
1776886726.3111026,1.0,3.0,-47.0
1776886726.3211029,0.0,1.0,-55.0
1776886726.3311028,2.0,1.0,-53.0
1776886726.3411028,3.0,3.0,-54.0
1776886726.3511028,2.0,4.0,-53.0
1776886726.3611028,3.0,5.0,-51.0
1776886726.3711028,4.0,3.0,-41.0
1776886726.3811028,-2.0,3.0,-45.0
1776886726.3911028,-1.0,4.0,-47.0
1776886726.4011028,1.0,4.0,-42.0
1776886726.4111028,0.0,0.0,-40.0
1776886726.4211028,-1.0,-1.0,-36.0
1776886726.4311028,1.0,0.0,-42.0
1776886726.4411027,4.0,1.0,-42.0
1776886726.4511027,-1.0,0.0,-48.0
1776886726.4611027,-5.0,0.0,-50.0
1776886726.4721026,-8.0,-1.0,-46.0
1776886726.4821026,-8.0,-1.0,-45.0
1776886726.4921026,-4.0,0.0,-37.0
1776886726.5011027,-6.0,0.0,-43.0
1776886726.5121028,-5.0,0.0,-38.0
1776886726.5221028,-8.0,3.0,-40.0
1776886726.5321028,-3.0,2.0,-42.0
1776886726.5421028,1.0,1.0,-42.0
1776886726.5521028,0.0,0.0,-40.0
1776886726.5621028,0.0,-4.0,-43.0
1776886726.5721028,-1.0,-4.0,-45.0
1776886726.5821028,-5.0,-2.0,-44.0
1776886726.5921028,-2.0,-2.0,-42.0
1776886726.6021028,0.0,-3.0,-47.0
1776886726.6121027,0.0,0.0,-50.0
1776886726.6221027,0.0,-6.0,-40.0
1776886726.6321027,4.0,-6.0,-40.0
1776886726.6421027,6.0,-4.0,-43.0
1776886726.6521027,1.0,-4.0,-40.0
1776886726.6621027,-1.0,-3.0,-41.0
1776886726.6721027,-5.0,-2.0,-38.0
1776886726.682103,-1.0,0.0,-40.0
1776886726.692103,2.0,-1.0,-41.0
1776886726.702103,-1.0,-1.0,-41.0
1776886726.712103,1.0,-2.0,-43.0
1776886726.7221026,2.0,0.0,-37.0
1776886726.7321026,-1.0,0.0,-32.0
1776886726.7421026,0.0,-2.0,-38.0
1776886726.7521029,3.0,-3.0,-39.0
1776886726.7621028,4.0,-1.0,-40.0
1776886726.7721028,3.0,-3.0,-33.0
1776886726.7821028,4.0,-4.0,-34.0
1776886726.7921028,0.0,-4.0,-37.0
1776886726.8021028,0.0,-3.0,-42.0
1776886726.8121028,3.0,-5.0,-47.0
1776886726.8221028,6.0,-2.0,-45.0
1776886726.8321028,1.0,-1.0,-49.0
1776886726.8421028,-4.0,-4.0,-52.0
1776886726.8521028,-4.0,-5.0,-44.0
1776886726.8621027,-2.0,-3.0,-36.0
1776886726.8721027,-2.0,-1.0,-34.0
1776886726.8821027,-4.0,-4.0,-33.0
1776886726.8921027,0.0,-2.0,-33.0
1776886726.9021027,0.0,0.0,-29.0
1776886726.9121027,-1.0,-1.0,-29.0
1776886726.9221027,1.0,-6.0,-28.0
1776886726.932103,0.0,-7.0,-32.0
1776886726.942103,0.0,-9.0,-32.0
1776886726.952103,-2.0,-7.0,-34.0
1776886726.962103,-9.0,-6.0,-32.0
1776886726.9721026,-8.0,-3.0,-34.0
1776886726.9821026,-4.0,-4.0,-37.0
1776886726.9921026,-1.0,-2.0,-34.0
1776886727.0021029,0.0,-6.0,-37.0
1776886727.0121028,1.0,-7.0,-33.0
1776886727.0221028,1.0,-7.0,-35.0
1776886727.0321028,-1.0,-6.0,-42.0
1776886727.0421028,0.0,-3.0,-41.0
1776886727.0521028,-2.0,0.0,-40.0
1776886727.0621028,-4.0,-4.0,-40.0
1776886727.0721028,0.0,0.0,-42.0
1776886727.0821028,1.0,0.0,-44.0
1776886727.0921028,0.0,4.0,-34.0
1776886727.1021028,-1.0,2.0,-34.0
1776886727.1121027,-2.0,3.0,-38.0
1776886727.1221027,1.0,4.0,-35.0
1776886727.1321027,1.0,1.0,-33.0
1776886727.1421027,2.0,-2.0,-35.0
1776886727.1521027,3.0,-2.0,-39.0
1776886727.1621027,2.0,3.0,-41.0
1776886727.1721027,4.0,0.0,-41.0
1776886727.182103,2.0,0.0,-46.0
1776886727.192103,0.0,-2.0,-42.0
1776886727.202103,0.0,-5.0,-37.0
1776886727.212103,0.0,-2.0,-33.0
1776886727.2221026,1.0,-1.0,-27.0
1776886727.2321026,0.0,-5.0,-33.0
1776886727.2421026,4.0,-3.0,-33.0
1776886727.2521029,5.0,0.0,-37.0
1776886727.2621028,5.0,1.0,-46.0
1776886727.2721028,6.0,1.0,-45.0
1776886727.2821028,5.0,1.0,-46.0
1776886727.2921028,1.0,3.0,-46.0
1776886727.3021028,-1.0,0.0,-46.0
1776886727.3121028,-3.0,0.0,-49.0
1776886727.3221028,-2.0,1.0,-43.0
1776886727.3321028,-1.0,-2.0,-32.0
1776886727.3421028,-1.0,-1.0,-29.0
1776886727.3521028,-1.0,-1.0,-31.0
1776886727.3621027,-2.0,0.0,-34.0
1776886727.3721027,-1.0,0.0,-33.0
1776886727.3821027,-4.0,0.0,-35.0
1776886727.3921027,-7.0,-5.0,-38.0
1776886727.4021027,-3.0,-6.0,-32.0
1776886727.4121027,0.0,-9.0,-31.0
1776886727.4221027,5.0,-1.0,-34.0
1776886727.432103,5.0,-1.0,-30.0
1776886727.442103,2.0,1.0,-32.0
1776886727.452103,0.0,0.0,-30.0
1776886727.462103,-1.0,-1.0,-28.0
1776886727.4721026,-6.0,0.0,-25.0
1776886727.4821026,-5.0,-1.0,-35.0
1776886727.4921026,-4.0,-1.0,-39.0
1776886727.5021029,2.0,-1.0,-40.0
1776886727.5121028,0.0,-2.0,-35.0
1776886727.5221028,1.0,-5.0,-36.0
1776886727.5321028,8.0,-2.0,-40.0
1776886727.5421028,5.0,-1.0,-36.0
1776886727.5521028,5.0,-3.0,-36.0
1776886727.5621028,2.0,0.0,-38.0
1776886727.5721028,3.0,-1.0,-41.0
1776886727.5821028,0.0,-3.0,-45.0
1776886727.5921028,0.0,-5.0,-49.0
1776886727.6021028,-3.0,-2.0,-53.0
1776886727.6121027,-3.0,2.0,-49.0
1776886727.6221027,-2.0,4.0,-45.0
1776886727.6321027,-2.0,4.0,-49.0
1776886727.6421027,1.0,0.0,-45.0
1776886727.6521027,0.0,0.0,-43.0
1776886727.6621027,0.0,-2.0,-44.0
1776886727.6721027,-3.0,4.0,-41.0
1776886727.682103,-1.0,5.0,-39.0
1776886727.692103,0.0,4.0,-33.0
1776886727.702103,3.0,0.0,-35.0
1776886727.712103,8.0,1.0,-33.0
1776886727.7221026,5.0,1.0,-36.0
1776886727.7321026,6.0,0.0,-39.0
1776886727.7421026,5.0,2.0,-40.0
1776886727.7521029,6.0,0.0,-37.0
1776886727.7621028,6.0,-1.0,-38.0
1776886727.7721028,4.0,3.0,-38.0
1776886727.7821028,6.0,5.0,-37.0
1776886727.7921028,5.0,2.0,-35.0
1776886727.8021028,5.0,4.0,-37.0
1776886727.8121028,2.0,4.0,-32.0
1776886727.8221028,2.0,3.0,-26.0
1776886727.8321028,3.0,4.0,-26.0
1776886727.8421028,2.0,4.0,-27.0
1776886727.8521028,-1.0,3.0,-33.0
1776886727.8621027,0.0,5.0,-31.0
1776886727.8721027,-2.0,4.0,-37.0
1776886727.8821027,-4.0,0.0,-35.0
1776886727.8921027,-1.0,0.0,-40.0
1776886727.9021027,-3.0,4.0,-43.0
1776886727.9121027,0.0,5.0,-49.0
1776886727.9221027,1.0,3.0,-51.0
1776886727.932103,1.0,0.0,-48.0
1776886727.942103,1.0,0.0,-49.0
1776886727.952103,0.0,3.0,-37.0
1776886727.962103,0.0,6.0,-36.0
1776886727.9721026,-1.0,1.0,-31.0
1776886727.9821026,0.0,0.0,-27.0
1776886727.9921026,2.0,0.0,-23.0
1776886728.0021029,0.0,-1.0,-24.0
1776886728.0121028,1.0,-2.0,-22.0
1776886728.0221028,0.0,-2.0,-25.0
1776886728.0321028,0.0,-1.0,-34.0
1776886728.0421028,2.0,0.0,-34.0
1776886728.0521028,1.0,0.0,-36.0
1776886728.0621028,2.0,-1.0,-34.0
1776886728.0721028,3.0,-6.0,-32.0
1776886728.0821028,6.0,-6.0,-34.0
1776886728.0921028,3.0,-3.0,-33.0
1776886728.1021028,3.0,-6.0,-37.0
1776886728.1121027,-2.0,-5.0,-37.0
1776886728.1221027,-2.0,-2.0,-42.0
1776886728.1321027,-3.0,2.0,-48.0
1776886728.1421027,0.0,0.0,-52.0
1776886728.1521027,3.0,0.0,-56.0
1776886728.1621027,1.0,-2.0,-49.0
1776886728.1721027,1.0,0.0,-43.0
1776886728.182103,-1.0,0.0,-39.0
1776886728.192103,3.0,-3.0,-42.0
1776886728.202103,5.0,1.0,-39.0
1776886728.212103,4.0,1.0,-39.0
1776886728.2221026,3.0,-1.0,-29.0
1776886728.2321026,0.0,-4.0,-28.0
1776886728.2421026,-1.0,0.0,-29.0
1776886728.2521029,-3.0,0.0,-35.0
1776886728.2621028,-2.0,0.0,-30.0
1776886728.2721028,0.0,-2.0,-32.0
1776886728.2821028,1.0,0.0,-34.0
1776886728.2921028,1.0,0.0,-37.0
1776886728.3021028,0.0,0.0,-35.0
1776886728.3121028,1.0,0.0,-38.0
1776886728.3221028,0.0,2.0,-42.0
1776886728.3321028,0.0,4.0,-42.0
1776886728.3421028,-3.0,5.0,-38.0
1776886728.3521028,-1.0,3.0,-41.0
1776886728.3621027,2.0,0.0,-44.0
1776886728.3721027,2.0,-4.0,-46.0
1776886728.3821027,1.0,-4.0,-43.0
1776886728.3921027,1.0,-4.0,-41.0
1776886728.4021027,1.0,-2.0,-39.0
1776886728.4121027,1.0,-7.0,-36.0
1776886728.4221027,2.0,-7.0,-37.0
1776886728.432103,2.0,-6.0,-38.0
1776886728.442103,1.0,-2.0,-42.0
1776886728.452103,1.0,0.0,-41.0
1776886728.4631028,0.0,1.0,-42.0
1776886728.4721026,0.0,-4.0,-48.0
1776886728.4821026,0.0,-5.0,-50.0
1776886728.4921026,3.0,-3.0,-45.0
1776886728.5031028,0.0,-3.0,-45.0
1776886728.5131028,-2.0,-2.0,-46.0
1776886728.5221028,-1.0,0.0,-43.0
1776886728.5331028,0.0,-2.0,-38.0
1776886728.5431027,0.0,-4.0,-37.0
1776886728.5531027,0.0,-6.0,-40.0
1776886728.5631027,0.0,-3.0,-42.0
1776886728.5731027,1.0,-4.0,-39.0
1776886728.5831027,2.0,-1.0,-33.0
1776886728.5931027,-1.0,0.0,-24.0
1776886728.6031027,-3.0,2.0,-28.0
1776886728.613103,-1.0,0.0,-33.0
1776886728.623103,2.0,0.0,-32.0
1776886728.633103,1.0,-3.0,-27.0
1776886728.6431026,-1.0,-3.0,-28.0
1776886728.6531026,0.0,0.0,-25.0
1776886728.6631026,-4.0,-2.0,-28.0
1776886728.6731029,-5.0,-9.0,-33.0
1776886728.6831028,-9.0,-9.0,-35.0
1776886728.6931028,-3.0,-7.0,-34.0
1776886728.7031028,-1.0,0.0,-35.0
1776886728.7131028,-2.0,-1.0,-37.0
1776886728.7231028,-1.0,-2.0,-38.0
1776886728.7331028,-2.0,0.0,-31.0
1776886728.7431028,-2.0,1.0,-30.0
1776886728.7531028,-1.0,1.0,-30.0
1776886728.7631028,-1.0,0.0,-33.0
1776886728.7731028,0.0,-1.0,-37.0
1776886728.7831028,2.0,-1.0,-35.0
1776886728.7931027,5.0,-6.0,-37.0
1776886728.8031027,3.0,-5.0,-37.0
1776886728.8131027,-4.0,-8.0,-35.0
1776886728.8231027,-7.0,-2.0,-39.0
1776886728.8331027,-3.0,-8.0,-44.0
1776886728.8431027,1.0,-10.0,-41.0
1776886728.8531027,-1.0,-9.0,-41.0
1776886728.863103,-3.0,-7.0,-46.0
1776886728.873103,-1.0,-3.0,-46.0
1776886728.883103,-1.0,-3.0,-52.0
1776886728.8931026,0.0,-1.0,-51.0
1776886728.9031026,-5.0,-3.0,-45.0
1776886728.9131026,-5.0,-4.0,-43.0
1776886728.9231029,0.0,-4.0,-38.0
1776886728.9331028,0.0,-3.0,-35.0
1776886728.9431028,0.0,-5.0,-27.0
1776886728.9531028,0.0,-8.0,-35.0
1776886728.9631028,1.0,-2.0,-36.0
1776886728.9731028,-1.0,-2.0,-36.0
1776886728.9831028,-1.0,-4.0,-28.0
1776886728.9931028,-4.0,-3.0,-33.0
1776886729.0031028,-2.0,-3.0,-33.0
1776886729.0131028,-2.0,-1.0,-41.0
1776886729.0231028,-2.0,-2.0,-45.0
1776886729.0331028,-6.0,-3.0,-47.0
1776886729.0431027,0.0,-1.0,-51.0
1776886729.0531027,1.0,-2.0,-44.0
1776886729.0631027,7.0,-5.0,-41.0
1776886729.0731027,7.0,-6.0,-43.0
1776886729.0831027,4.0,-7.0,-40.0
1776886729.0931027,1.0,-4.0,-34.0
1776886729.1031027,2.0,-2.0,-41.0
1776886729.113103,4.0,0.0,-43.0
1776886729.123103,2.0,0.0,-43.0
1776886729.133103,0.0,0.0,-42.0
1776886729.1431026,0.0,3.0,-44.0
1776886729.1531026,-2.0,5.0,-45.0
1776886729.1631026,1.0,3.0,-43.0
1776886729.1731029,5.0,1.0,-33.0
1776886729.1831028,6.0,3.0,-32.0
1776886729.1931028,6.0,4.0,-34.0
1776886729.2031028,5.0,1.0,-31.0
1776886729.2131028,2.0,-4.0,-33.0
1776886729.2231028,-1.0,-3.0,-33.0
1776886729.2331028,-4.0,-4.0,-32.0
1776886729.2431028,-2.0,-2.0,-37.0
1776886729.2531028,-4.0,-1.0,-39.0
1776886729.2631028,-3.0,-1.0,-47.0
1776886729.2731028,-10.0,-6.0,-48.0
1776886729.2831028,-6.0,-4.0,-44.0
1776886729.2931027,-6.0,-3.0,-40.0
1776886729.3031027,-4.0,-1.0,-42.0
1776886729.3131027,-4.0,2.0,-36.0
1776886729.3231027,-2.0,3.0,-32.0
1776886729.3331027,-4.0,4.0,-34.0
1776886729.3431027,-3.0,4.0,-30.0
1776886729.3531027,-6.0,3.0,-27.0
1776886729.363103,-5.0,0.0,-27.0
1776886729.373103,0.0,0.0,-34.0
1776886729.383103,0.0,-3.0,-33.0
1776886729.3931026,0.0,-2.0,-31.0
1776886729.4031026,0.0,0.0,-30.0
1776886729.4131026,-2.0,-4.0,-33.0
1776886729.4231029,-3.0,-6.0,-35.0
1776886729.4331028,0.0,-7.0,-38.0
1776886729.4431028,1.0,-3.0,-39.0
1776886729.4531028,0.0,-5.0,-46.0
1776886729.4631028,2.0,-6.0,-44.0
1776886729.4731028,1.0,-6.0,-42.0
1776886729.4831028,0.0,-7.0,-42.0
1776886729.4931028,0.0,-6.0,-45.0
1776886729.5031028,2.0,-11.0,-42.0
1776886729.5131028,3.0,-7.0,-38.0
1776886729.5231028,8.0,-10.0,-44.0
1776886729.5331028,10.0,-8.0,-45.0
1776886729.5431027,6.0,-7.0,-36.0
1776886729.5531027,4.0,-7.0,-34.0
1776886729.5631027,3.0,-7.0,-33.0
1776886729.5731027,3.0,-2.0,-44.0
1776886729.5831027,4.0,0.0,-40.0
1776886729.5931027,4.0,3.0,-47.0
1776886729.6031027,3.0,0.0,-41.0
1776886729.613103,2.0,-1.0,-42.0
1776886729.623103,-3.0,-5.0,-39.0
1776886729.633103,0.0,-3.0,-40.0
1776886729.6431026,-1.0,0.0,-43.0
1776886729.6531026,0.0,-1.0,-40.0
1776886729.6631026,0.0,-3.0,-41.0
1776886729.6731029,1.0,1.0,-37.0
1776886729.6831028,0.0,4.0,-36.0
1776886729.6931028,0.0,0.0,-39.0
1776886729.7031028,2.0,-4.0,-40.0
1776886729.7131028,6.0,-6.0,-43.0
1776886729.7231028,5.0,-7.0,-43.0
1776886729.7331028,0.0,-3.0,-41.0
1776886729.7431028,3.0,-3.0,-46.0
1776886729.7531028,2.0,-1.0,-41.0
1776886729.7631028,-2.0,4.0,-39.0
1776886729.7731028,-1.0,0.0,-40.0
1776886729.7831028,-3.0,-1.0,-45.0
1776886729.7931027,1.0,-3.0,-39.0
1776886729.8031027,0.0,-2.0,-40.0
1776886729.8131027,-3.0,0.0,-41.0
1776886729.8231027,-4.0,2.0,-44.0
1776886729.8331027,-2.0,0.0,-50.0
1776886729.8431027,2.0,-3.0,-48.0
1776886729.8531027,5.0,-1.0,-44.0
1776886729.863103,4.0,0.0,-45.0
1776886729.873103,5.0,2.0,-39.0
1776886729.883103,2.0,1.0,-36.0
1776886729.8931026,2.0,0.0,-35.0
1776886729.9031026,4.0,-1.0,-35.0
1776886729.9131026,1.0,-2.0,-29.0
1776886729.9231029,2.0,0.0,-32.0
1776886729.9331028,0.0,-2.0,-35.0
1776886729.9431028,5.0,0.0,-30.0
1776886729.9531028,2.0,1.0,-34.0
1776886729.9631028,3.0,1.0,-34.0
1776886729.9731028,0.0,0.0,-35.0
1776886729.9831028,-1.0,0.0,-38.0
1776886729.9931028,0.0,2.0,-40.0
1776886730.0031028,-3.0,1.0,-36.0
1776886730.0131028,-1.0,3.0,-33.0
1776886730.0231028,0.0,3.0,-37.0
1776886730.0331028,0.0,1.0,-45.0
1776886730.0431027,2.0,-1.0,-37.0
1776886730.0531027,1.0,-5.0,-34.0
1776886730.0631027,3.0,-5.0,-34.0
1776886730.0731027,6.0,-5.0,-41.0
1776886730.0831027,4.0,-2.0,-41.0
1776886730.0931027,4.0,-3.0,-32.0
1776886730.1031027,6.0,-3.0,-35.0
1776886730.113103,7.0,-1.0,-35.0
1776886730.123103,11.0,0.0,-32.0
1776886730.133103,9.0,1.0,-36.0
1776886730.1431026,6.0,1.0,-35.0
1776886730.1531026,5.0,-2.0,-33.0
1776886730.1631026,1.0,-1.0,-34.0
1776886730.1731029,0.0,0.0,-38.0
1776886730.1831028,0.0,0.0,-45.0
1776886730.1931028,0.0,-1.0,-45.0
1776886730.2031028,0.0,-1.0,-50.0
1776886730.2131028,-1.0,0.0,-50.0
1776886730.2231028,-1.0,0.0,-49.0
1776886730.2331028,0.0,-2.0,-46.0
1776886730.2431028,0.0,-6.0,-44.0
1776886730.2531028,-2.0,-3.0,-43.0
1776886730.2631028,-3.0,-3.0,-44.0
1776886730.2731028,-5.0,-2.0,-47.0
1776886730.2831028,-4.0,-6.0,-46.0
1776886730.2931027,0.0,-6.0,-44.0
1776886730.3031027,-1.0,-3.0,-39.0
1776886730.3131027,4.0,0.0,-41.0
1776886730.3231027,4.0,-2.0,-43.0
1776886730.3331027,6.0,-3.0,-41.0
1776886730.3431027,3.0,-1.0,-41.0
1776886730.3531027,4.0,-1.0,-38.0
1776886730.363103,4.0,-3.0,-40.0
1776886730.373103,0.0,-4.0,-40.0
1776886730.383103,-1.0,-1.0,-44.0
1776886730.3931026,-2.0,-3.0,-44.0
1776886730.4031026,-4.0,3.0,-37.0
1776886730.4131026,-5.0,5.0,-33.0
1776886730.4231029,0.0,0.0,-38.0
1776886730.4331028,0.0,-1.0,-45.0
1776886730.4431028,-1.0,-3.0,-45.0
1776886730.4531028,2.0,-1.0,-49.0
1776886730.4631028,0.0,-2.0,-49.0
1776886730.4731028,-1.0,-2.0,-45.0
1776886730.4831028,3.0,-1.0,-44.0
1776886730.4941027,3.0,-3.0,-43.0
1776886730.5041027,2.0,0.0,-37.0
1776886730.5141027,2.0,-1.0,-35.0
1776886730.5231028,1.0,-1.0,-33.0
1776886730.534103,4.0,0.0,-37.0
1776886730.544103,6.0,0.0,-37.0
1776886730.554103,7.0,-1.0,-39.0
1776886730.5641026,9.0,-2.0,-35.0
1776886730.5741026,6.0,-2.0,-32.0
1776886730.5841026,5.0,-1.0,-30.0
1776886730.5941026,4.0,-3.0,-28.0
1776886730.6041028,1.0,-4.0,-29.0
1776886730.6141028,0.0,-1.0,-30.0
1776886730.6241028,2.0,-2.0,-26.0
1776886730.6341028,1.0,-2.0,-19.0
1776886730.6441028,1.0,1.0,-28.0
1776886730.6541028,7.0,3.0,-22.0
1776886730.6641028,3.0,0.0,-26.0
1776886730.6741028,-1.0,0.0,-25.0
1776886730.6841028,0.0,0.0,-34.0
1776886730.6941028,-1.0,1.0,-35.0
1776886730.7041028,-1.0,2.0,-35.0
1776886730.7141027,-1.0,1.0,-31.0
1776886730.7241027,-4.0,1.0,-40.0
1776886730.7341027,-4.0,0.0,-36.0
1776886730.7441027,-3.0,0.0,-39.0
1776886730.7541027,-5.0,-2.0,-37.0
1776886730.7641027,-4.0,0.0,-33.0
1776886730.7741027,-6.0,-2.0,-34.0
1776886730.784103,-4.0,-1.0,-34.0
1776886730.794103,-2.0,-1.0,-34.0
1776886730.804103,1.0,2.0,-30.0
1776886730.8141026,-2.0,1.0,-30.0
1776886730.8241026,-2.0,5.0,-35.0
1776886730.8341026,-2.0,5.0,-35.0
1776886730.8441026,-6.0,3.0,-37.0
1776886730.8541028,-8.0,4.0,-37.0
1776886730.8641028,-4.0,2.0,-32.0
1776886730.8741028,-3.0,-1.0,-34.0
1776886730.8841028,0.0,1.0,-40.0
1776886730.8941028,0.0,6.0,-39.0
1776886730.9041028,3.0,6.0,-41.0
1776886730.9141028,7.0,5.0,-46.0
1776886730.9241028,7.0,5.0,-44.0
1776886730.9341028,2.0,7.0,-43.0
1776886730.9441028,1.0,2.0,-42.0
1776886730.9541028,2.0,4.0,-46.0
1776886730.9641027,0.0,0.0,-54.0
1776886730.9741027,-5.0,2.0,-53.0
1776886730.9841027,-5.0,0.0,-46.0
1776886730.9941027,0.0,0.0,-41.0
1776886731.0041027,1.0,0.0,-42.0
1776886731.0141027,-1.0,2.0,-39.0
1776886731.0241027,3.0,2.0,-46.0
1776886731.034103,7.0,-2.0,-40.0
1776886731.044103,8.0,-4.0,-37.0
1776886731.054103,5.0,-4.0,-26.0
1776886731.0641026,1.0,-1.0,-28.0
1776886731.0741026,0.0,-1.0,-27.0
1776886731.0841026,2.0,-2.0,-30.0
1776886731.0941026,1.0,0.0,-38.0
1776886731.1041028,-1.0,4.0,-38.0
1776886731.1141028,0.0,1.0,-34.0
1776886731.1241028,0.0,-1.0,-33.0
1776886731.1341028,0.0,-4.0,-26.0
1776886731.1441028,3.0,-4.0,-29.0
1776886731.1541028,3.0,0.0,-36.0
1776886731.1641028,0.0,0.0,-39.0
1776886731.1741028,-2.0,2.0,-37.0
1776886731.1841028,-5.0,2.0,-36.0
1776886731.1941028,-2.0,0.0,-38.0
1776886731.2041028,-2.0,-1.0,-41.0
1776886731.2141027,1.0,0.0,-39.0
1776886731.2241027,2.0,1.0,-43.0
1776886731.2341027,3.0,2.0,-43.0
1776886731.2441027,5.0,0.0,-46.0
1776886731.2541027,3.0,1.0,-40.0
1776886731.2641027,4.0,0.0,-38.0
1776886731.2741027,1.0,3.0,-40.0
1776886731.284103,-1.0,6.0,-44.0
1776886731.294103,-2.0,1.0,-45.0
1776886731.304103,-2.0,0.0,-42.0
1776886731.3141026,1.0,0.0,-46.0
1776886731.3241026,3.0,-1.0,-49.0
1776886731.3341026,0.0,-4.0,-50.0
1776886731.3441026,4.0,-3.0,-50.0
1776886731.3541028,4.0,-4.0,-47.0
1776886731.3641028,2.0,-2.0,-47.0
1776886731.3741028,-5.0,-2.0,-44.0
1776886731.3841028,-9.0,-2.0,-43.0
1776886731.3941028,-4.0,-2.0,-42.0
1776886731.4041028,0.0,-4.0,-47.0
1776886731.4141028,3.0,-6.0,-42.0
1776886731.4241028,5.0,-4.0,-44.0
1776886731.4341028,6.0,-1.0,-40.0
1776886731.4441028,6.0,2.0,-43.0
1776886731.4541028,3.0,0.0,-46.0
1776886731.4641027,3.0,1.0,-48.0
1776886731.4741027,0.0,2.0,-41.0
1776886731.4841027,0.0,3.0,-45.0
1776886731.4941027,1.0,2.0,-41.0
1776886731.5041027,0.0,0.0,-43.0
1776886731.5141027,-2.0,0.0,-46.0
1776886731.5241027,-4.0,1.0,-49.0
1776886731.534103,-3.0,-1.0,-48.0
1776886731.544103,-4.0,0.0,-45.0
1776886731.554103,-5.0,0.0,-49.0
1776886731.5641026,-1.0,-1.0,-52.0
1776886731.5741026,-2.0,-6.0,-43.0
1776886731.5841026,-3.0,-3.0,-43.0
1776886731.5941026,-1.0,-6.0,-40.0
1776886731.6041028,-2.0,-1.0,-40.0
1776886731.6141028,-3.0,2.0,-37.0
1776886731.6241028,-4.0,0.0,-43.0
1776886731.6341028,-5.0,1.0,-40.0
1776886731.6441028,-2.0,0.0,-39.0
1776886731.6541028,-3.0,-2.0,-35.0
1776886731.6641028,-2.0,1.0,-33.0
1776886731.6741028,-1.0,1.0,-29.0
1776886731.6841028,0.0,1.0,-29.0
1776886731.6941028,3.0,0.0,-33.0
1776886731.7041028,2.0,-1.0,-33.0
1776886731.7141027,2.0,0.0,-35.0
1776886731.7241027,3.0,0.0,-33.0
1776886731.7341027,1.0,0.0,-30.0
1776886731.7441027,2.0,-3.0,-23.0
1776886731.7541027,4.0,-6.0,-18.0
1776886731.7641027,6.0,-3.0,-18.0
1776886731.7741027,3.0,0.0,-20.0
1776886731.784103,2.0,1.0,-22.0
1776886731.794103,1.0,0.0,-34.0
1776886731.804103,3.0,1.0,-33.0
1776886731.8141026,5.0,2.0,-36.0
1776886731.8241026,4.0,2.0,-34.0
1776886731.8341026,3.0,0.0,-32.0
1776886731.8441026,1.0,-4.0,-33.0
1776886731.8541028,4.0,-5.0,-38.0
1776886731.8641028,6.0,-4.0,-35.0
1776886731.8741028,9.0,-7.0,-31.0
1776886731.8841028,8.0,-6.0,-35.0
1776886731.8941028,8.0,-2.0,-34.0
1776886731.9041028,5.0,1.0,-41.0
1776886731.9141028,1.0,1.0,-39.0
1776886731.9241028,-2.0,1.0,-35.0
1776886731.9341028,2.0,0.0,-40.0
1776886731.9441028,7.0,0.0,-48.0
1776886731.9541028,9.0,1.0,-50.0
1776886731.9641027,8.0,0.0,-53.0
1776886731.9741027,10.0,-5.0,-51.0
1776886731.9841027,10.0,-6.0,-40.0
1776886731.9941027,5.0,3.0,-38.0
1776886732.0041027,4.0,5.0,-43.0
1776886732.0141027,6.0,0.0,-40.0
1776886732.0241027,5.0,0.0,-46.0
1776886732.034103,0.0,-2.0,-43.0
1776886732.044103,0.0,0.0,-35.0
1776886732.054103,2.0,-1.0,-36.0
1776886732.0641026,7.0,-7.0,-40.0
1776886732.0741026,6.0,-6.0,-35.0
1776886732.0841026,4.0,-7.0,-29.0
1776886732.0941026,8.0,-4.0,-25.0
1776886732.1041028,9.0,-5.0,-32.0
1776886732.1141028,4.0,-4.0,-35.0
1776886732.1241028,1.0,0.0,-37.0
1776886732.1341028,0.0,0.0,-39.0
1776886732.1441028,-5.0,2.0,-37.0
1776886732.1541028,-5.0,0.0,-35.0
1776886732.1641028,-3.0,0.0,-38.0
1776886732.1741028,-5.0,-2.0,-36.0
1776886732.1841028,-8.0,-6.0,-36.0
1776886732.1941028,-2.0,-8.0,-33.0
1776886732.2041028,0.0,-6.0,-30.0
1776886732.2141027,1.0,-5.0,-30.0
1776886732.2241027,2.0,1.0,-30.0
1776886732.2341027,2.0,1.0,-35.0
1776886732.2441027,4.0,-4.0,-39.0
1776886732.2541027,-1.0,-2.0,-37.0
1776886732.2641027,-5.0,2.0,-40.0
1776886732.2741027,-6.0,0.0,-43.0
1776886732.284103,-1.0,0.0,-37.0
1776886732.294103,-1.0,-3.0,-36.0
1776886732.304103,2.0,-5.0,-36.0
1776886732.3141026,5.0,-6.0,-27.0
1776886732.3241026,2.0,-1.0,-29.0
1776886732.3341026,0.0,0.0,-28.0
1776886732.3441026,0.0,-3.0,-34.0
1776886732.3541028,0.0,-6.0,-38.0
1776886732.3641028,-2.0,-6.0,-41.0
1776886732.3741028,1.0,-4.0,-46.0
1776886732.3841028,3.0,-6.0,-45.0
1776886732.3941028,0.0,-3.0,-44.0
1776886732.4041028,0.0,0.0,-40.0
1776886732.4141028,0.0,0.0,-44.0
1776886732.4241028,1.0,-6.0,-44.0
1776886732.4341028,0.0,-6.0,-44.0
1776886732.4441028,0.0,-5.0,-49.0
1776886732.4541028,1.0,-3.0,-43.0
1776886732.4641027,2.0,-3.0,-38.0
1776886732.4741027,-1.0,-9.0,-31.0
1776886732.4841027,0.0,-5.0,-32.0
1776886732.4951026,1.0,-2.0,-30.0
1776886732.5051026,0.0,-5.0,-31.0
1776886732.5151026,-3.0,-5.0,-40.0
1776886732.5241027,0.0,-3.0,-40.0
1776886732.5351028,1.0,-3.0,-37.0
1776886732.5451028,-1.0,-2.0,-38.0
1776886732.5551028,0.0,-4.0,-41.0
1776886732.5651028,4.0,-11.0,-43.0
1776886732.5751028,0.0,-14.0,-41.0
1776886732.5851028,0.0,-11.0,-41.0
1776886732.5951028,-3.0,-6.0,-46.0
1776886732.6051028,0.0,-4.0,-49.0
1776886732.6151028,-1.0,-2.0,-46.0
1776886732.6251028,1.0,-3.0,-47.0
1776886732.6351027,-2.0,0.0,-43.0
1776886732.6451027,-7.0,-1.0,-44.0
1776886732.6551027,-5.0,2.0,-45.0
1776886732.6651027,-5.0,2.0,-41.0
1776886732.6751027,-2.0,0.0,-38.0
1776886732.6851027,-2.0,0.0,-42.0
1776886732.6951027,-4.0,-1.0,-35.0
1776886732.7051027,0.0,2.0,-33.0
1776886732.715103,-2.0,0.0,-22.0
1776886732.725103,-2.0,0.0,-28.0
1776886732.735103,-3.0,-1.0,-27.0
1776886732.7451026,2.0,0.0,-34.0
1776886732.7551026,5.0,-4.0,-31.0
1776886732.7651026,5.0,-3.0,-31.0
1776886732.7751029,7.0,-2.0,-33.0
1776886732.7851028,3.0,-2.0,-32.0
1776886732.7951028,0.0,-1.0,-31.0
1776886732.8051028,0.0,1.0,-30.0
1776886732.8151028,0.0,-1.0,-31.0
1776886732.8251028,-1.0,-2.0,-40.0
1776886732.8351028,0.0,-4.0,-40.0
1776886732.8451028,2.0,-8.0,-42.0
1776886732.8551028,-1.0,-7.0,-42.0
1776886732.8651028,-1.0,-4.0,-48.0
1776886732.8751028,-1.0,-7.0,-51.0
1776886732.8851027,1.0,-13.0,-51.0
1776886732.8951027,5.0,-14.0,-54.0
1776886732.9051027,7.0,-11.0,-52.0
1776886732.9151027,2.0,-5.0,-48.0
1776886732.9251027,-1.0,-3.0,-42.0
1776886732.9351027,-2.0,-3.0,-40.0
1776886732.9451027,-1.0,-2.0,-37.0
1776886732.9551027,-5.0,-3.0,-33.0
1776886732.965103,-6.0,-2.0,-41.0
1776886732.975103,0.0,-1.0,-36.0
1776886732.985103,-3.0,0.0,-39.0
1776886732.9951026,-4.0,4.0,-47.0
1776886733.0051026,-5.0,0.0,-40.0
1776886733.0151026,-5.0,0.0,-37.0
1776886733.0251029,-4.0,0.0,-36.0
1776886733.0351028,-1.0,-3.0,-20.0
1776886733.0451028,-5.0,1.0,-16.0
1776886733.0551028,-6.0,1.0,-15.0
1776886733.0651028,-3.0,3.0,-23.0
1776886733.0751028,-2.0,3.0,-32.0
1776886733.0851028,2.0,2.0,-29.0
1776886733.0951028,8.0,-1.0,-31.0
1776886733.1051028,4.0,-3.0,-36.0
1776886733.1151028,5.0,-4.0,-40.0
1776886733.1251028,7.0,-3.0,-38.0
1776886733.1351027,7.0,-1.0,-39.0
1776886733.1451027,9.0,-1.0,-40.0
1776886733.1551027,8.0,0.0,-38.0
1776886733.1651027,6.0,0.0,-32.0
1776886733.1751027,3.0,-3.0,-33.0
1776886733.1851027,2.0,-3.0,-36.0
1776886733.1951027,0.0,-1.0,-44.0
1776886733.2051027,1.0,1.0,-41.0
1776886733.215103,3.0,1.0,-39.0
1776886733.225103,2.0,0.0,-42.0
1776886733.235103,-1.0,1.0,-37.0
1776886733.2451026,-1.0,1.0,-33.0
1776886733.2551026,0.0,-1.0,-34.0
1776886733.2651026,-2.0,0.0,-35.0
1776886733.2751029,1.0,3.0,-35.0
1776886733.2851028,1.0,1.0,-34.0
1776886733.2951028,0.0,2.0,-36.0
1776886733.3051028,0.0,0.0,-34.0
1776886733.3151028,-1.0,0.0,-33.0
1776886733.3251028,0.0,-3.0,-38.0
1776886733.3351028,2.0,0.0,-42.0
1776886733.3451028,2.0,0.0,-43.0
1776886733.3551028,1.0,-2.0,-46.0
1776886733.3651028,0.0,-2.0,-45.0
1776886733.3751028,0.0,-3.0,-47.0
1776886733.3851027,2.0,-2.0,-47.0
1776886733.3951027,7.0,-2.0,-41.0
1776886733.4051027,7.0,-4.0,-37.0
1776886733.4151027,4.0,-2.0,-38.0
1776886733.4251027,4.0,0.0,-40.0
1776886733.4351027,5.0,2.0,-40.0
1776886733.4451027,6.0,2.0,-39.0
1776886733.4551027,3.0,4.0,-39.0
1776886733.465103,3.0,5.0,-40.0
1776886733.475103,8.0,7.0,-42.0
1776886733.485103,9.0,2.0,-46.0
1776886733.4951026,4.0,-1.0,-43.0
1776886733.5051026,-2.0,0.0,-41.0
1776886733.5151026,0.0,0.0,-39.0
1776886733.5251029,-3.0,0.0,-38.0
1776886733.5351028,-1.0,2.0,-39.0
1776886733.5451028,1.0,3.0,-38.0
1776886733.5551028,-3.0,4.0,-34.0
1776886733.5651028,-5.0,0.0,-30.0
1776886733.5751028,-1.0,0.0,-31.0
1776886733.5851028,-1.0,0.0,-35.0
1776886733.5951028,0.0,1.0,-38.0
1776886733.6051028,5.0,1.0,-34.0
1776886733.6151028,3.0,-3.0,-33.0
1776886733.6251028,5.0,-5.0,-33.0
1776886733.6351027,6.0,-7.0,-28.0
1776886733.6451027,3.0,-5.0,-28.0
1776886733.6551027,10.0,-7.0,-24.0
1776886733.6651027,5.0,-4.0,-29.0
1776886733.6751027,3.0,-5.0,-35.0
1776886733.6851027,4.0,-4.0,-36.0
1776886733.6951027,5.0,-1.0,-37.0
1776886733.7051027,6.0,1.0,-38.0
1776886733.715103,5.0,1.0,-39.0
1776886733.725103,9.0,3.0,-41.0
1776886733.735103,6.0,0.0,-40.0
1776886733.7451026,0.0,-6.0,-42.0
1776886733.7551026,-2.0,-4.0,-45.0
1776886733.7651026,0.0,-1.0,-43.0
1776886733.7751029,-4.0,1.0,-41.0
1776886733.7851028,-4.0,0.0,-42.0
1776886733.7951028,1.0,2.0,-45.0
1776886733.8051028,-1.0,1.0,-43.0
1776886733.8151028,3.0,-1.0,-38.0
1776886733.8251028,0.0,-1.0,-40.0
1776886733.8351028,-2.0,-3.0,-37.0
1776886733.8451028,-7.0,-4.0,-47.0
1776886733.8551028,-4.0,-4.0,-47.0
1776886733.8651028,0.0,-5.0,-49.0
1776886733.8751028,0.0,-8.0,-44.0
1776886733.8851027,3.0,-9.0,-42.0
1776886733.8951027,2.0,-9.0,-46.0
1776886733.9051027,0.0,-6.0,-44.0
1776886733.9151027,-3.0,-5.0,-40.0
1776886733.9251027,0.0,-5.0,-41.0
1776886733.9351027,3.0,-1.0,-39.0
1776886733.9451027,4.0,2.0,-39.0
1776886733.9551027,1.0,0.0,-42.0
1776886733.965103,-1.0,-7.0,-39.0
1776886733.975103,-2.0,-6.0,-43.0
1776886733.985103,0.0,-8.0,-46.0
1776886733.9951026,-5.0,-8.0,-47.0
1776886734.0051026,-5.0,-8.0,-50.0
1776886734.0151026,-2.0,-7.0,-58.0
1776886734.0251029,0.0,-11.0,-48.0
1776886734.0351028,-1.0,-9.0,-45.0
1776886734.0451028,1.0,-9.0,-44.0
1776886734.0551028,0.0,-8.0,-36.0
1776886734.0651028,3.0,-2.0,-35.0
1776886734.0751028,0.0,0.0,-39.0
1776886734.0851028,0.0,2.0,-43.0
1776886734.0951028,-2.0,1.0,-44.0
1776886734.1051028,-2.0,0.0,-47.0
1776886734.1151028,-3.0,0.0,-42.0
1776886734.1251028,0.0,-5.0,-43.0
1776886734.1351027,2.0,-4.0,-45.0
1776886734.1451027,0.0,-3.0,-46.0
1776886734.1551027,3.0,-6.0,-49.0
1776886734.1651027,7.0,-7.0,-47.0
1776886734.1751027,2.0,-4.0,-37.0
1776886734.1851027,1.0,-2.0,-38.0
1776886734.1951027,1.0,-2.0,-36.0
1776886734.2051027,2.0,0.0,-38.0
1776886734.215103,2.0,1.0,-39.0
1776886734.225103,2.0,1.0,-35.0
1776886734.235103,5.0,0.0,-42.0
1776886734.2451026,6.0,0.0,-41.0
1776886734.2551026,10.0,0.0,-36.0
1776886734.2651026,8.0,-2.0,-43.0
1776886734.2751029,6.0,-2.0,-34.0
1776886734.2851028,3.0,0.0,-31.0
1776886734.2951028,-1.0,-1.0,-31.0
1776886734.3051028,-3.0,4.0,-36.0
1776886734.3151028,-1.0,0.0,-36.0
1776886734.3251028,1.0,2.0,-38.0
1776886734.3351028,0.0,1.0,-35.0
1776886734.3451028,-2.0,-1.0,-42.0
1776886734.3551028,-1.0,-2.0,-42.0
1776886734.3651028,-4.0,-4.0,-44.0
1776886734.3751028,-6.0,-5.0,-41.0
1776886734.3851027,-6.0,-2.0,-36.0
1776886734.3951027,-4.0,-7.0,-35.0
1776886734.4051027,-4.0,-7.0,-39.0
1776886734.4151027,-5.0,-3.0,-44.0
1776886734.4251027,-4.0,-5.0,-39.0
1776886734.4361026,-4.0,-5.0,-44.0
1776886734.4451027,-6.0,-4.0,-44.0
1776886734.4551027,1.0,0.0,-44.0
1776886734.465103,1.0,-2.0,-43.0
1776886734.475103,2.0,-1.0,-43.0
1776886734.4861028,2.0,3.0,-42.0
1776886734.4961028,6.0,2.0,-39.0
1776886734.5061028,9.0,5.0,-38.0
1776886734.5161028,7.0,10.0,-36.0
1776886734.5261028,4.0,5.0,-37.0
1776886734.5361028,1.0,0.0,-39.0
1776886734.5461028,5.0,-3.0,-42.0
1776886734.5561028,3.0,-1.0,-46.0
1776886734.5661027,4.0,-5.0,-49.0
1776886734.5761027,3.0,-3.0,-55.0
1776886734.5861027,2.0,-5.0,-53.0
1776886734.5961027,5.0,-3.0,-46.0
1776886734.6061027,5.0,2.0,-43.0
1776886734.6161027,4.0,1.0,-44.0
1776886734.6261027,7.0,-2.0,-46.0
1776886734.636103,1.0,-3.0,-51.0
1776886734.646103,-3.0,-2.0,-40.0
1776886734.656103,-5.0,1.0,-36.0
1776886734.6661026,-2.0,1.0,-40.0
1776886734.6761026,0.0,0.0,-39.0
1776886734.6861026,1.0,0.0,-46.0
1776886734.6961029,6.0,1.0,-51.0
1776886734.7061028,3.0,0.0,-47.0
1776886734.7161028,3.0,-4.0,-44.0
1776886734.7261028,6.0,-5.0,-40.0
1776886734.7361028,5.0,-5.0,-38.0
1776886734.7461028,6.0,0.0,-32.0
1776886734.7561028,3.0,-1.0,-34.0
1776886734.7661028,0.0,-2.0,-32.0
1776886734.7761028,1.0,-3.0,-33.0
1776886734.7861028,0.0,-4.0,-30.0
1776886734.7961028,1.0,-7.0,-31.0
1776886734.8061028,3.0,-3.0,-22.0
1776886734.8161027,5.0,-5.0,-25.0
1776886734.8261027,5.0,-5.0,-25.0
1776886734.8361027,3.0,-7.0,-23.0
1776886734.8461027,4.0,-5.0,-30.0
1776886734.8561027,2.0,-5.0,-35.0
1776886734.8661027,1.0,-8.0,-31.0
1776886734.8761027,8.0,-7.0,-28.0
1776886734.886103,12.0,-4.0,-33.0
1776886734.896103,10.0,-2.0,-39.0
1776886734.906103,13.0,2.0,-33.0
1776886734.9161026,9.0,0.0,-38.0
1776886734.9261026,9.0,-4.0,-39.0
1776886734.9361026,9.0,-2.0,-33.0
1776886734.9461029,10.0,0.0,-27.0
1776886734.9561028,8.0,-3.0,-28.0
1776886734.9661028,4.0,2.0,-29.0
1776886734.9761028,5.0,0.0,-24.0
1776886734.9861028,5.0,-3.0,-27.0
1776886734.9961028,3.0,-4.0,-31.0
1776886735.0061028,2.0,-6.0,-34.0
1776886735.0161028,-2.0,-3.0,-39.0
1776886735.0261028,-2.0,-4.0,-39.0
1776886735.0361028,4.0,-4.0,-31.0
1776886735.0461028,8.0,-2.0,-26.0
1776886735.0561028,8.0,-2.0,-31.0
1776886735.0661027,6.0,-2.0,-37.0
1776886735.0761027,4.0,0.0,-38.0
1776886735.0861027,3.0,2.0,-43.0
1776886735.0961027,0.0,-2.0,-44.0
1776886735.1061027,1.0,-5.0,-39.0
1776886735.1161027,3.0,-5.0,-37.0
1776886735.1261027,3.0,-2.0,-33.0
1776886735.136103,2.0,-2.0,-34.0
1776886735.146103,5.0,-4.0,-39.0
1776886735.156103,3.0,2.0,-38.0
1776886735.1661026,0.0,3.0,-34.0
1776886735.1761026,1.0,4.0,-33.0
1776886735.1861026,0.0,3.0,-31.0
1776886735.1961029,1.0,3.0,-35.0
1776886735.2061028,0.0,2.0,-36.0
1776886735.2161028,1.0,0.0,-35.0
1776886735.2261028,-2.0,-3.0,-29.0
1776886735.2361028,-4.0,-2.0,-35.0
1776886735.2461028,-3.0,-6.0,-35.0
1776886735.2561028,1.0,-5.0,-34.0
1776886735.2661028,3.0,-7.0,-36.0
1776886735.2761028,1.0,-3.0,-41.0
1776886735.2861028,-2.0,0.0,-43.0
1776886735.2961028,-5.0,-3.0,-40.0
1776886735.3061028,-3.0,-3.0,-35.0
1776886735.3161027,-5.0,-5.0,-26.0
1776886735.3261027,-1.0,-5.0,-24.0
1776886735.3361027,1.0,-5.0,-23.0
1776886735.3461027,-2.0,-2.0,-19.0
1776886735.3561027,4.0,-3.0,-23.0
1776886735.3661027,3.0,-6.0,-41.0
1776886735.3761027,0.0,-9.0,-43.0
1776886735.386103,0.0,-11.0,-47.0
1776886735.396103,1.0,-10.0,-46.0
1776886735.406103,1.0,-10.0,-47.0
1776886735.4161026,2.0,-9.0,-39.0
1776886735.4261026,0.0,-8.0,-44.0
1776886735.4361026,1.0,-7.0,-38.0
1776886735.4461029,0.0,-6.0,-39.0
1776886735.4561028,-3.0,-6.0,-35.0
1776886735.4661028,1.0,-5.0,-37.0
1776886735.4761028,2.0,-4.0,-41.0
1776886735.4861028,2.0,-7.0,-35.0
1776886735.4961028,5.0,-5.0,-39.0
1776886735.5061028,3.0,-4.0,-37.0
1776886735.5161028,2.0,-6.0,-43.0
1776886735.5261028,-2.0,-6.0,-38.0
1776886735.5361028,-1.0,-8.0,-32.0
1776886735.5461028,1.0,-8.0,-34.0
1776886735.5561028,-1.0,-6.0,-41.0
1776886735.5661027,-3.0,-3.0,-41.0
1776886735.5761027,0.0,-4.0,-34.0
1776886735.5861027,0.0,-4.0,-38.0
1776886735.5961027,-5.0,-3.0,-41.0
1776886735.6061027,-5.0,-3.0,-39.0
1776886735.6161027,-4.0,-2.0,-40.0
1776886735.6271029,-1.0,-1.0,-35.0
1776886735.636103,-5.0,2.0,-35.0
1776886735.646103,-2.0,3.0,-32.0
1776886735.656103,0.0,0.0,-39.0
1776886735.6661026,1.0,-1.0,-36.0
1776886735.6761026,4.0,0.0,-39.0
1776886735.6861026,0.0,2.0,-38.0
1776886735.6961029,0.0,-1.0,-36.0
1776886735.7061028,1.0,0.0,-34.0
1776886735.7161028,-1.0,1.0,-35.0
1776886735.7261028,0.0,0.0,-34.0
1776886735.7361028,2.0,-3.0,-39.0
1776886735.7461028,4.0,-1.0,-44.0
1776886735.7561028,5.0,2.0,-35.0
1776886735.7661028,1.0,7.0,-30.0
1776886735.7761028,0.0,4.0,-32.0
1776886735.7861028,3.0,2.0,-36.0
1776886735.7961028,1.0,0.0,-32.0
1776886735.8061028,3.0,0.0,-34.0
1776886735.8161027,5.0,0.0,-37.0
1776886735.8261027,6.0,1.0,-45.0
1776886735.8361027,4.0,0.0,-43.0
1776886735.8461027,0.0,2.0,-43.0
1776886735.8561027,0.0,2.0,-49.0
1776886735.8661027,1.0,0.0,-56.0
1776886735.8761027,2.0,-1.0,-52.0
1776886735.886103,3.0,-3.0,-41.0
1776886735.896103,3.0,-8.0,-37.0
1776886735.906103,0.0,-8.0,-38.0
1776886735.9161026,4.0,-7.0,-35.0
1776886735.9261026,0.0,-3.0,-36.0
1776886735.9361026,-1.0,0.0,-41.0
1776886735.9461029,0.0,0.0,-39.0
1776886735.9561028,3.0,2.0,-40.0
1776886735.9661028,2.0,2.0,-40.0
1776886735.9761028,-1.0,4.0,-34.0
1776886735.9861028,1.0,2.0,-37.0
1776886735.9961028,0.0,0.0,-38.0
1776886736.0061028,-2.0,-3.0,-38.0
1776886736.0161028,-2.0,-4.0,-37.0
1776886736.0261028,-3.0,-6.0,-41.0
1776886736.0361028,-4.0,-5.0,-46.0
1776886736.0461028,-2.0,-3.0,-47.0
1776886736.0561028,-3.0,0.0,-40.0
1776886736.0661027,-4.0,-2.0,-37.0
1776886736.0761027,-2.0,-5.0,-37.0
1776886736.0861027,0.0,-5.0,-34.0
1776886736.0961027,1.0,-6.0,-29.0
1776886736.1061027,2.0,-6.0,-36.0
1776886736.1161027,5.0,0.0,-37.0
1776886736.1261027,6.0,-1.0,-49.0
1776886736.136103,0.0,0.0,-52.0
1776886736.146103,-1.0,0.0,-53.0
1776886736.156103,1.0,-1.0,-41.0
1776886736.1661026,0.0,-1.0,-40.0
1776886736.1761026,-1.0,-5.0,-40.0
1776886736.1861026,-1.0,-5.0,-33.0
1776886736.1961029,-2.0,-2.0,-34.0
1776886736.2061028,0.0,-1.0,-28.0
1776886736.2161028,-6.0,-4.0,-30.0
1776886736.2261028,-11.0,-3.0,-30.0
1776886736.2361028,-7.0,-3.0,-22.0
1776886736.2461028,-3.0,-5.0,-23.0
1776886736.2561028,0.0,-5.0,-25.0
1776886736.2661028,-2.0,-4.0,-25.0
1776886736.2761028,-5.0,-8.0,-35.0
1776886736.2861028,-4.0,-8.0,-40.0
1776886736.2961028,-4.0,-6.0,-38.0
1776886736.3061028,-6.0,-6.0,-39.0
1776886736.3161027,-4.0,-2.0,-35.0
1776886736.3261027,-7.0,-4.0,-40.0
1776886736.3361027,-8.0,-4.0,-38.0
1776886736.3461027,-10.0,-2.0,-36.0
1776886736.3561027,-15.0,0.0,-41.0
1776886736.3661027,-9.0,-5.0,-46.0
1776886736.3761027,-3.0,-6.0,-49.0
1776886736.386103,-1.0,-4.0,-50.0
1776886736.396103,1.0,-7.0,-55.0
1776886736.406103,5.0,-6.0,-48.0
1776886736.4161026,5.0,-4.0,-50.0
1776886736.4261026,5.0,-5.0,-50.0
1776886736.4361026,2.0,-3.0,-56.0
1776886736.4461029,6.0,-3.0,-52.0
1776886736.4561028,8.0,-5.0,-46.0
1776886736.4671028,8.0,-2.0,-39.0
1776886736.4761028,5.0,1.0,-42.0
1776886736.4871027,2.0,2.0,-48.0
1776886736.4971027,0.0,3.0,-43.0
1776886736.5061028,0.0,3.0,-46.0
1776886736.5171027,4.0,1.0,-48.0
1776886736.5271027,-1.0,-1.0,-47.0
1776886736.5371027,-4.0,0.0,-41.0
1776886736.5471027,-5.0,0.0,-44.0
1776886736.557103,-3.0,-2.0,-45.0
1776886736.567103,-3.0,-3.0,-45.0
1776886736.577103,1.0,-3.0,-39.0
1776886736.587103,1.0,-2.0,-42.0
1776886736.5971026,3.0,0.0,-35.0
1776886736.6071026,1.0,0.0,-35.0
1776886736.6171026,-2.0,0.0,-26.0
1776886736.6271029,-1.0,2.0,-22.0
1776886736.6371028,-1.0,0.0,-26.0
1776886736.6471028,1.0,1.0,-25.0
1776886736.6571028,1.0,4.0,-25.0
1776886736.6671028,1.0,6.0,-30.0
1776886736.6771028,1.0,1.0,-34.0
1776886736.6871028,-1.0,5.0,-35.0
1776886736.6971028,3.0,4.0,-35.0
1776886736.7071028,1.0,1.0,-40.0
1776886736.7171028,0.0,-2.0,-44.0
1776886736.7271028,1.0,-1.0,-50.0
1776886736.7371027,1.0,-2.0,-50.0
1776886736.7471027,1.0,-4.0,-50.0
1776886736.7571027,-1.0,-4.0,-50.0
1776886736.7671027,-2.0,-2.0,-50.0
1776886736.7771027,-3.0,0.0,-51.0
1776886736.7871027,-4.0,-1.0,-51.0
1776886736.7971027,-1.0,-6.0,-50.0
1776886736.807103,0.0,-8.0,-49.0
1776886736.817103,0.0,-10.0,-48.0
1776886736.827103,1.0,-9.0,-52.0
1776886736.837103,2.0,-8.0,-43.0
1776886736.8471026,0.0,-8.0,-46.0
1776886736.8571026,0.0,-3.0,-38.0
1776886736.8671026,-3.0,-3.0,-42.0
1776886736.8771029,-1.0,-1.0,-42.0
1776886736.8871028,-3.0,-1.0,-41.0
1776886736.8971028,1.0,4.0,-46.0
1776886736.9071028,4.0,5.0,-47.0
1776886736.9171028,4.0,5.0,-51.0
1776886736.9271028,2.0,4.0,-52.0
1776886736.9371028,1.0,6.0,-53.0
1776886736.9471028,0.0,3.0,-56.0
1776886736.9571028,0.0,1.0,-52.0
1776886736.9671028,0.0,0.0,-49.0
1776886736.9771028,1.0,0.0,-42.0
1776886736.9871027,1.0,0.0,-40.0
1776886736.9971027,0.0,-1.0,-35.0
1776886737.0071027,0.0,0.0,-34.0
1776886737.0171027,-2.0,-3.0,-36.0
1776886737.0271027,-6.0,-2.0,-43.0
1776886737.0371027,-5.0,0.0,-48.0
1776886737.0471027,-7.0,0.0,-48.0
1776886737.057103,-3.0,-2.0,-39.0
1776886737.067103,-3.0,0.0,-39.0
1776886737.077103,-1.0,-3.0,-36.0
1776886737.087103,3.0,-1.0,-33.0
1776886737.0971026,2.0,-3.0,-41.0
1776886737.1071026,4.0,-6.0,-37.0
1776886737.1171026,6.0,-1.0,-31.0
1776886737.1271029,2.0,-1.0,-29.0
1776886737.1371028,2.0,-3.0,-34.0
1776886737.1471028,4.0,0.0,-37.0
1776886737.1571028,1.0,1.0,-34.0
1776886737.1671028,0.0,0.0,-37.0
1776886737.1771028,-2.0,1.0,-35.0
1776886737.1871028,0.0,1.0,-34.0
1776886737.1971028,0.0,0.0,-41.0
1776886737.2071028,-1.0,5.0,-40.0
1776886737.2171028,-1.0,5.0,-40.0
1776886737.2271028,0.0,3.0,-37.0
1776886737.2371027,0.0,6.0,-41.0
1776886737.2471027,0.0,6.0,-32.0
1776886737.2571027,3.0,9.0,-30.0
1776886737.2671027,1.0,8.0,-35.0
1776886737.2771027,1.0,5.0,-39.0
1776886737.2871027,0.0,0.0,-41.0
1776886737.2971027,0.0,-6.0,-42.0
1776886737.307103,-5.0,-8.0,-43.0
1776886737.317103,-4.0,-6.0,-44.0
1776886737.327103,-7.0,-2.0,-46.0
1776886737.337103,-7.0,2.0,-50.0
1776886737.3471026,-8.0,2.0,-51.0
1776886737.3571026,-5.0,0.0,-45.0
1776886737.3671026,-3.0,0.0,-47.0
1776886737.3771029,-2.0,-4.0,-33.0
1776886737.3871028,-2.0,-1.0,-34.0
1776886737.3971028,-5.0,0.0,-39.0
1776886737.4071028,0.0,0.0,-38.0
1776886737.4171028,2.0,-7.0,-44.0
1776886737.4271028,0.0,-13.0,-37.0
1776886737.4371028,0.0,-12.0,-39.0
1776886737.4471028,0.0,-11.0,-37.0
1776886737.4571028,2.0,-13.0,-42.0
1776886737.4671028,3.0,-9.0,-49.0
1776886737.4771028,1.0,-4.0,-48.0
1776886737.4871027,4.0,-5.0,-51.0
1776886737.4971027,5.0,-3.0,-47.0
1776886737.5071027,6.0,-4.0,-43.0
1776886737.5171027,5.0,-6.0,-40.0
1776886737.5271027,4.0,-8.0,-37.0
1776886737.5371027,0.0,-6.0,-37.0
1776886737.5471027,-6.0,-7.0,-41.0
1776886737.557103,-5.0,-2.0,-40.0
1776886737.567103,-6.0,2.0,-42.0
1776886737.577103,-5.0,0.0,-42.0
1776886737.587103,-3.0,-2.0,-42.0
1776886737.5971026,-3.0,1.0,-41.0
1776886737.6071026,-2.0,3.0,-44.0
1776886737.6171026,-1.0,0.0,-40.0
1776886737.6271029,4.0,-2.0,-42.0
1776886737.6371028,3.0,0.0,-44.0
1776886737.6471028,-1.0,-1.0,-43.0
1776886737.6571028,-4.0,0.0,-43.0
1776886737.6671028,0.0,0.0,-38.0
1776886737.6771028,0.0,-5.0,-37.0
1776886737.6871028,1.0,-2.0,-38.0
1776886737.6971028,3.0,-4.0,-41.0
1776886737.7071028,2.0,-6.0,-43.0
1776886737.7171028,-1.0,-6.0,-38.0
1776886737.7271028,0.0,-9.0,-28.0
1776886737.7371027,2.0,-7.0,-32.0
1776886737.7471027,2.0,-10.0,-36.0
1776886737.7571027,0.0,-8.0,-35.0
1776886737.7671027,0.0,-11.0,-37.0
1776886737.7771027,3.0,-9.0,-40.0
1776886737.7871027,8.0,-9.0,-37.0
1776886737.7971027,5.0,-8.0,-41.0
1776886737.807103,3.0,-6.0,-48.0
1776886737.817103,2.0,-6.0,-48.0
1776886737.827103,0.0,-4.0,-43.0
1776886737.837103,-2.0,-1.0,-42.0
1776886737.8471026,-4.0,-2.0,-42.0
1776886737.8571026,-1.0,-1.0,-43.0
1776886737.8671026,0.0,-1.0,-41.0
1776886737.8771029,0.0,0.0,-35.0
1776886737.8871028,1.0,0.0,-38.0
1776886737.8971028,1.0,-6.0,-43.0
1776886737.9071028,-1.0,-6.0,-37.0
1776886737.9171028,-4.0,-5.0,-42.0
1776886737.9271028,-3.0,0.0,-45.0
1776886737.9371028,-4.0,-2.0,-40.0
1776886737.9471028,-1.0,-2.0,-37.0
1776886737.9571028,0.0,0.0,-40.0
1776886737.9671028,-1.0,1.0,-39.0
1776886737.9771028,-6.0,1.0,-36.0
1776886737.9871027,-9.0,0.0,-35.0
1776886737.9971027,-13.0,-2.0,-38.0
1776886738.0071027,-9.0,-4.0,-34.0
1776886738.0171027,-6.0,-2.0,-34.0
1776886738.0271027,-2.0,-2.0,-32.0
1776886738.0371027,-4.0,-4.0,-37.0
1776886738.0471027,-2.0,0.0,-36.0
1776886738.057103,-5.0,1.0,-38.0
1776886738.067103,-7.0,-3.0,-43.0
1776886738.077103,-10.0,-8.0,-46.0
1776886738.087103,-6.0,-6.0,-49.0
1776886738.0971026,0.0,-5.0,-39.0
1776886738.1071026,3.0,-5.0,-37.0
1776886738.1171026,5.0,-5.0,-38.0
1776886738.1271029,6.0,-4.0,-34.0
1776886738.1371028,5.0,0.0,-37.0
1776886738.1471028,6.0,3.0,-35.0
1776886738.1571028,9.0,5.0,-39.0
1776886738.1671028,5.0,4.0,-38.0
1776886738.1771028,2.0,4.0,-36.0
1776886738.1871028,-2.0,5.0,-33.0
1776886738.1971028,0.0,0.0,-35.0
1776886738.2071028,0.0,0.0,-38.0
1776886738.2171028,1.0,-4.0,-38.0
1776886738.2271028,1.0,-2.0,-39.0
1776886738.2371027,5.0,-8.0,-40.0
1776886738.2471027,4.0,-7.0,-38.0
1776886738.2571027,4.0,-7.0,-41.0
1776886738.2671027,4.0,-12.0,-44.0
1776886738.2771027,5.0,-11.0,-41.0
1776886738.2871027,5.0,-12.0,-44.0
1776886738.2971027,6.0,-9.0,-44.0
1776886738.307103,1.0,-6.0,-49.0
1776886738.317103,-1.0,-5.0,-46.0
1776886738.327103,1.0,-7.0,-43.0
1776886738.337103,2.0,-5.0,-46.0
1776886738.3471026,3.0,-6.0,-48.0
1776886738.3571026,5.0,-8.0,-43.0
1776886738.3671026,-1.0,-11.0,-45.0
1776886738.3771029,1.0,-11.0,-43.0
1776886738.3871028,3.0,-8.0,-43.0
1776886738.3971028,1.0,-7.0,-41.0
1776886738.4071028,4.0,-5.0,-42.0
1776886738.4171028,1.0,-6.0,-41.0
1776886738.4281027,0.0,-2.0,-36.0
1776886738.4371028,5.0,-1.0,-37.0
1776886738.4471028,5.0,0.0,-39.0
1776886738.4571028,3.0,0.0,-38.0
1776886738.4671028,5.0,0.0,-31.0
1776886738.4781027,6.0,0.0,-28.0
1776886738.488103,2.0,2.0,-37.0
1776886738.4971027,2.0,3.0,-42.0
1776886738.508103,3.0,-1.0,-39.0
1776886738.5181026,2.0,-1.0,-39.0
1776886738.5281026,0.0,0.0,-37.0
1776886738.5381026,0.0,-2.0,-35.0
1776886738.5481029,3.0,-1.0,-34.0
1776886738.5581028,3.0,-2.0,-33.0
1776886738.5681028,0.0,-5.0,-38.0
1776886738.5781028,1.0,-5.0,-47.0
1776886738.5881028,4.0,0.0,-41.0
1776886738.5981028,5.0,2.0,-48.0
1776886738.6081028,2.0,0.0,-44.0
1776886738.6181028,2.0,-1.0,-49.0
1776886738.6281028,2.0,0.0,-50.0
1776886738.6381028,0.0,-4.0,-44.0
1776886738.6481028,1.0,-7.0,-44.0
1776886738.6581028,-6.0,-5.0,-50.0
1776886738.6681027,-5.0,-9.0,-42.0
1776886738.6781027,-1.0,-10.0,-38.0
1776886738.6881027,0.0,-8.0,-39.0
1776886738.6981027,-1.0,-3.0,-40.0
1776886738.7081027,0.0,-7.0,-43.0
1776886738.7181027,2.0,-5.0,-39.0
1776886738.7281027,2.0,-3.0,-27.0
1776886738.738103,3.0,-1.0,-24.0
1776886738.748103,5.0,1.0,-35.0
1776886738.758103,4.0,0.0,-35.0
1776886738.7681026,-1.0,0.0,-43.0
1776886738.7781026,-2.0,0.0,-53.0
1776886738.7881026,1.0,-6.0,-51.0
1776886738.7981029,0.0,-7.0,-49.0
1776886738.8081028,0.0,-1.0,-48.0
1776886738.8181028,2.0,1.0,-47.0
1776886738.8281028,1.0,-2.0,-50.0
1776886738.8381028,1.0,-1.0,-42.0
1776886738.8481028,4.0,1.0,-34.0
1776886738.8581028,8.0,2.0,-31.0
1776886738.8681028,3.0,0.0,-36.0
1776886738.8781028,0.0,-6.0,-46.0
1776886738.8881028,0.0,-7.0,-44.0
1776886738.8981028,4.0,-5.0,-40.0
1776886738.9081028,6.0,-4.0,-38.0
1776886738.9181027,6.0,-5.0,-42.0
1776886738.9281027,4.0,-8.0,-45.0
1776886738.9381027,1.0,-7.0,-45.0
1776886738.9481027,-4.0,-6.0,-43.0
1776886738.9581027,-6.0,-4.0,-39.0
1776886738.9681027,-5.0,-4.0,-42.0
1776886738.9781027,-4.0,-4.0,-40.0
1776886738.988103,-4.0,-3.0,-39.0
1776886738.998103,0.0,0.0,-35.0
1776886739.008103,-2.0,0.0,-41.0
1776886739.0181026,1.0,0.0,-45.0
1776886739.0281026,1.0,1.0,-42.0
1776886739.0381026,2.0,-3.0,-43.0
1776886739.0481029,1.0,-5.0,-41.0
1776886739.0581028,0.0,-5.0,-41.0
1776886739.0681028,-3.0,-3.0,-41.0
1776886739.0781028,-6.0,-4.0,-43.0
1776886739.0881028,-6.0,-7.0,-43.0
1776886739.0981028,-4.0,-9.0,-46.0
1776886739.1081028,-2.0,-9.0,-43.0
1776886739.1181028,-5.0,-3.0,-45.0
1776886739.1281028,0.0,-5.0,-44.0
1776886739.1381028,-1.0,-3.0,-44.0
1776886739.1481028,-2.0,-7.0,-48.0
1776886739.1581028,0.0,-5.0,-51.0
1776886739.1681027,4.0,-4.0,-50.0
1776886739.1781027,1.0,1.0,-52.0
1776886739.1881027,3.0,0.0,-49.0
1776886739.1981027,-1.0,-4.0,-42.0
1776886739.2081027,0.0,-3.0,-47.0
1776886739.2181027,0.0,-5.0,-47.0
1776886739.2281027,1.0,-4.0,-46.0
1776886739.238103,-1.0,-3.0,-43.0
1776886739.248103,0.0,-6.0,-43.0
1776886739.258103,2.0,-3.0,-40.0
1776886739.2681026,7.0,-3.0,-33.0
1776886739.2781026,8.0,-1.0,-30.0
1776886739.2881026,8.0,0.0,-27.0
1776886739.2981029,9.0,-1.0,-36.0
1776886739.3081028,11.0,-6.0,-37.0
1776886739.3181028,8.0,-7.0,-36.0
1776886739.3281028,5.0,-8.0,-38.0
1776886739.3381028,3.0,-1.0,-36.0
1776886739.3481028,4.0,-1.0,-32.0
1776886739.3581028,5.0,-1.0,-30.0
1776886739.3681028,4.0,-1.0,-23.0
1776886739.3781028,0.0,-1.0,-22.0
1776886739.3881028,1.0,-2.0,-18.0
1776886739.3981028,5.0,-4.0,-18.0
1776886739.4081028,6.0,-3.0,-23.0
1776886739.4181027,10.0,-1.0,-28.0
1776886739.4281027,5.0,0.0,-34.0
1776886739.4381027,5.0,5.0,-44.0
1776886739.4481027,3.0,3.0,-48.0
1776886739.4581027,1.0,0.0,-48.0
1776886739.4681027,3.0,0.0,-45.0
1776886739.4781027,4.0,-1.0,-39.0
1776886739.488103,4.0,-1.0,-40.0
1776886739.498103,4.0,-1.0,-43.0
1776886739.508103,6.0,-3.0,-41.0
1776886739.5181026,4.0,-2.0,-44.0
1776886739.5281026,6.0,0.0,-41.0
1776886739.5381026,4.0,0.0,-39.0
1776886739.5481029,2.0,-1.0,-39.0
1776886739.5581028,0.0,2.0,-43.0
1776886739.5681028,-5.0,0.0,-42.0
1776886739.5781028,-8.0,0.0,-44.0
1776886739.5881028,-5.0,2.0,-36.0
1776886739.5981028,-5.0,1.0,-39.0
1776886739.6081028,-3.0,1.0,-39.0
1776886739.6181028,-2.0,1.0,-41.0
1776886739.6281028,1.0,2.0,-42.0
1776886739.6381028,4.0,1.0,-41.0
1776886739.6481028,0.0,1.0,-38.0
1776886739.6581028,0.0,-1.0,-38.0
1776886739.6681027,0.0,0.0,-38.0
1776886739.6781027,4.0,-5.0,-43.0
1776886739.6881027,4.0,-1.0,-41.0
1776886739.6981027,0.0,-1.0,-45.0
1776886739.7081027,0.0,-2.0,-47.0
1776886739.7181027,-2.0,-6.0,-49.0
1776886739.7281027,2.0,-3.0,-45.0
1776886739.738103,1.0,0.0,-48.0
1776886739.748103,0.0,1.0,-38.0
1776886739.758103,6.0,3.0,-35.0
1776886739.7681026,6.0,3.0,-32.0
1776886739.7781026,3.0,4.0,-33.0
1776886739.7881026,0.0,3.0,-37.0
1776886739.7981029,-1.0,1.0,-36.0
1776886739.8081028,1.0,4.0,-34.0
1776886739.8181028,1.0,1.0,-34.0
1776886739.8281028,0.0,1.0,-38.0
1776886739.8381028,-1.0,0.0,-37.0
1776886739.8481028,2.0,4.0,-39.0
1776886739.8581028,4.0,7.0,-37.0
1776886739.8681028,6.0,7.0,-34.0
1776886739.8781028,7.0,6.0,-28.0
1776886739.8881028,10.0,4.0,-31.0
1776886739.8981028,8.0,-1.0,-39.0
1776886739.9081028,7.0,0.0,-38.0
1776886739.9181027,8.0,0.0,-30.0
1776886739.9281027,4.0,-1.0,-33.0
1776886739.9381027,2.0,0.0,-37.0
1776886739.9481027,9.0,-2.0,-37.0
1776886739.9581027,7.0,-7.0,-43.0
1776886739.9681027,6.0,-6.0,-34.0
1776886739.9781027,5.0,-4.0,-36.0
1776886739.988103,3.0,-2.0,-42.0
1776886739.998103,5.0,0.0,-41.0
1776886740.008103,5.0,0.0,-38.0
1776886740.0181026,6.0,-5.0,-41.0
1776886740.0281026,3.0,-5.0,-45.0
1776886740.0381026,0.0,-4.0,-40.0
1776886740.0481029,2.0,-1.0,-48.0
1776886740.0581028,-1.0,0.0,-41.0
1776886740.0681028,-4.0,1.0,-34.0
1776886740.0781028,-3.0,2.0,-28.0
1776886740.0881028,0.0,1.0,-32.0
1776886740.0981028,1.0,2.0,-27.0
1776886740.1081028,2.0,0.0,-34.0
1776886740.1181028,5.0,-2.0,-36.0
1776886740.1281028,5.0,-5.0,-35.0
1776886740.1381028,2.0,-8.0,-31.0
1776886740.1481028,-1.0,-2.0,-36.0
1776886740.1581028,-1.0,-1.0,-39.0
1776886740.1681027,0.0,-2.0,-40.0
1776886740.1781027,-3.0,-7.0,-40.0
1776886740.1881027,-3.0,-5.0,-46.0
1776886740.1981027,3.0,-5.0,-46.0
1776886740.2081027,6.0,-4.0,-45.0
1776886740.2181027,10.0,-7.0,-38.0
1776886740.2281027,10.0,-10.0,-34.0
1776886740.238103,9.0,-10.0,-33.0
1776886740.248103,8.0,-6.0,-37.0
1776886740.258103,6.0,0.0,-36.0
1776886740.2681026,3.0,0.0,-39.0
1776886740.2781026,0.0,1.0,-45.0
1776886740.2881026,3.0,2.0,-43.0
1776886740.2981029,3.0,1.0,-37.0
1776886740.3081028,0.0,0.0,-41.0
1776886740.3181028,2.0,-1.0,-36.0
1776886740.3281028,0.0,-3.0,-31.0
1776886740.3381028,-2.0,-2.0,-31.0
1776886740.3481028,0.0,-4.0,-31.0
1776886740.3581028,3.0,-1.0,-32.0
1776886740.3681028,3.0,-2.0,-30.0
1776886740.3781028,2.0,1.0,-35.0
1776886740.3881028,0.0,0.0,-39.0
1776886740.3981028,0.0,-1.0,-34.0
1776886740.4081028,0.0,-2.0,-28.0
1776886740.4181027,0.0,0.0,-29.0
1776886740.4281027,0.0,1.0,-29.0
1776886740.4381027,1.0,3.0,-35.0
1776886740.4481027,0.0,0.0,-38.0
1776886740.4581027,-2.0,-1.0,-41.0
1776886740.4691026,1.0,-3.0,-42.0
1776886740.4791028,6.0,-4.0,-43.0
1776886740.488103,2.0,-5.0,-40.0
1776886740.4991028,0.0,-3.0,-33.0
1776886740.5091028,3.0,0.0,-32.0
1776886740.5191028,6.0,0.0,-34.0
1776886740.5291028,3.0,0.0,-41.0
1776886740.5391028,0.0,1.0,-38.0
1776886740.5491028,-3.0,-1.0,-37.0
1776886740.5591028,-4.0,-5.0,-40.0
1776886740.5691028,0.0,-1.0,-38.0
1776886740.5791028,0.0,0.0,-38.0
1776886740.5891027,3.0,3.0,-36.0
1776886740.5991027,6.0,2.0,-32.0
1776886740.6091027,4.0,-1.0,-29.0
1776886740.6191027,2.0,-1.0,-21.0
1776886740.6291027,3.0,0.0,-18.0
1776886740.6391027,2.0,0.0,-23.0
1776886740.6491027,3.0,2.0,-23.0
1776886740.659103,5.0,-1.0,-21.0
1776886740.669103,6.0,0.0,-20.0
1776886740.679103,3.0,0.0,-25.0
1776886740.6891026,3.0,-4.0,-29.0
1776886740.6991026,0.0,-8.0,-37.0
1776886740.7091026,0.0,-5.0,-33.0
1776886740.7191026,1.0,-3.0,-24.0
1776886740.7291028,1.0,-3.0,-27.0
1776886740.7391028,2.0,-2.0,-37.0
1776886740.7491028,2.0,-1.0,-28.0
1776886740.7591028,3.0,0.0,-31.0
1776886740.7691028,1.0,-1.0,-35.0
1776886740.7791028,3.0,-2.0,-38.0
1776886740.7891028,5.0,-3.0,-44.0
1776886740.7991028,8.0,-1.0,-47.0
1776886740.8091028,4.0,-3.0,-50.0
1776886740.8191028,1.0,-3.0,-53.0
1776886740.8291028,2.0,0.0,-51.0
1776886740.8391027,0.0,0.0,-46.0
1776886740.8491027,-4.0,0.0,-42.0
1776886740.8591027,-3.0,2.0,-37.0
1776886740.8691027,-4.0,0.0,-33.0
1776886740.8791027,-4.0,0.0,-35.0
1776886740.8891027,-5.0,4.0,-37.0
1776886740.8991027,-5.0,4.0,-41.0
1776886740.909103,-7.0,2.0,-43.0
1776886740.919103,-4.0,0.0,-44.0
1776886740.929103,0.0,1.0,-35.0
1776886740.9391026,1.0,0.0,-36.0
1776886740.9491026,2.0,3.0,-34.0
1776886740.9591026,1.0,1.0,-38.0
1776886740.9691026,3.0,2.0,-40.0
1776886740.9791028,2.0,1.0,-41.0
1776886740.9891028,1.0,0.0,-43.0
1776886740.9991028,2.0,-5.0,-41.0
1776886741.0091028,0.0,-4.0,-39.0
1776886741.0191028,1.0,-3.0,-36.0
1776886741.0291028,-4.0,-4.0,-32.0
1776886741.0391028,-3.0,-4.0,-34.0
1776886741.0491028,0.0,-1.0,-37.0
1776886741.0591028,-3.0,0.0,-34.0
1776886741.0691028,-4.0,-1.0,-34.0
1776886741.0791028,-3.0,1.0,-35.0
1776886741.0891027,-3.0,7.0,-38.0
1776886741.0991027,-4.0,6.0,-46.0
1776886741.1091027,-1.0,0.0,-50.0
1776886741.1191027,-2.0,-1.0,-50.0
1776886741.1291027,0.0,-4.0,-46.0
1776886741.1391027,4.0,-3.0,-42.0
1776886741.1491027,4.0,-4.0,-39.0
1776886741.159103,2.0,-3.0,-36.0
1776886741.169103,3.0,-2.0,-38.0
1776886741.179103,0.0,-5.0,-38.0
1776886741.1891026,-5.0,-2.0,-37.0
1776886741.1991026,-6.0,0.0,-41.0
1776886741.2091026,-8.0,0.0,-40.0
1776886741.2191026,-7.0,4.0,-36.0
1776886741.2291028,-7.0,2.0,-35.0
1776886741.2391028,-6.0,3.0,-32.0
1776886741.2491028,-10.0,5.0,-31.0
1776886741.2591028,-3.0,0.0,-30.0
1776886741.2691028,-3.0,-1.0,-30.0
1776886741.2791028,-6.0,-6.0,-35.0
1776886741.2891028,-8.0,-3.0,-40.0
1776886741.2991028,-7.0,-2.0,-47.0
1776886741.3091028,-1.0,-1.0,-46.0
1776886741.3191028,-1.0,0.0,-48.0
1776886741.3291028,-5.0,2.0,-38.0
1776886741.3391027,-4.0,5.0,-39.0
1776886741.3491027,-1.0,5.0,-48.0
1776886741.3591027,-1.0,4.0,-48.0
1776886741.3691027,1.0,1.0,-47.0
1776886741.3791027,3.0,-5.0,-47.0
1776886741.3891027,6.0,0.0,-45.0
1776886741.3991027,5.0,0.0,-47.0
1776886741.409103,3.0,4.0,-45.0
1776886741.419103,2.0,0.0,-48.0
1776886741.429103,4.0,-1.0,-41.0
1776886741.4391026,3.0,1.0,-38.0
1776886741.4491026,2.0,0.0,-37.0
1776886741.4591026,0.0,1.0,-41.0
1776886741.4691026,-2.0,3.0,-42.0
1776886741.4791028,-2.0,3.0,-43.0
1776886741.4891028,-3.0,5.0,-45.0
1776886741.4991028,-2.0,3.0,-39.0
1776886741.5091028,-2.0,0.0,-36.0
1776886741.5191028,-3.0,-1.0,-37.0
1776886741.5291028,3.0,-3.0,-36.0
1776886741.5391028,3.0,-3.0,-35.0
1776886741.5491028,4.0,-2.0,-31.0
1776886741.5591028,3.0,-2.0,-26.0
1776886741.5691028,-1.0,-5.0,-27.0
1776886741.5791028,2.0,-9.0,-29.0
1776886741.5891027,5.0,-7.0,-35.0
1776886741.5991027,8.0,-7.0,-39.0
1776886741.6091027,10.0,-10.0,-33.0
1776886741.6191027,6.0,-7.0,-40.0
1776886741.6291027,5.0,-6.0,-36.0
1776886741.6391027,5.0,-5.0,-44.0
1776886741.6491027,2.0,-6.0,-50.0
1776886741.659103,1.0,-2.0,-49.0
1776886741.669103,3.0,-2.0,-44.0
1776886741.679103,3.0,2.0,-43.0
1776886741.6891026,1.0,2.0,-36.0
1776886741.6991026,0.0,5.0,-32.0
1776886741.7091026,0.0,4.0,-30.0
1776886741.7191026,5.0,1.0,-27.0
1776886741.7291028,-1.0,-2.0,-26.0
1776886741.7391028,-2.0,-2.0,-38.0
1776886741.7491028,0.0,0.0,-39.0
1776886741.7591028,-2.0,0.0,-35.0
1776886741.7691028,-6.0,5.0,-25.0
1776886741.7791028,-3.0,6.0,-24.0
1776886741.7891028,1.0,7.0,-24.0
1776886741.7991028,7.0,4.0,-22.0
1776886741.8091028,4.0,7.0,-24.0
1776886741.8191028,3.0,3.0,-27.0
1776886741.8291028,1.0,4.0,-31.0
1776886741.8391027,2.0,2.0,-39.0
1776886741.8491027,-1.0,0.0,-36.0
1776886741.8591027,-5.0,-3.0,-35.0
1776886741.8691027,-7.0,-2.0,-29.0
1776886741.8791027,-2.0,-2.0,-30.0
1776886741.8891027,-4.0,-7.0,-38.0
1776886741.8991027,-7.0,-7.0,-37.0
1776886741.909103,-5.0,-3.0,-39.0
1776886741.919103,-3.0,-3.0,-44.0
1776886741.929103,0.0,-2.0,-50.0
1776886741.9391026,-3.0,-3.0,-51.0
1776886741.9491026,-1.0,0.0,-47.0
1776886741.9591026,0.0,3.0,-43.0
1776886741.9691026,0.0,3.0,-40.0
1776886741.9791028,-2.0,5.0,-40.0
1776886741.9891028,-3.0,4.0,-39.0
1776886741.9991028,-7.0,-1.0,-39.0
1776886742.0091028,-3.0,0.0,-41.0
1776886742.0191028,0.0,-2.0,-38.0
1776886742.0291028,0.0,6.0,-35.0
1776886742.0391028,0.0,7.0,-32.0
1776886742.0491028,2.0,3.0,-28.0
1776886742.0591028,0.0,3.0,-26.0
1776886742.0691028,1.0,3.0,-22.0
1776886742.0791028,2.0,2.0,-30.0
1776886742.0891027,3.0,3.0,-34.0
1776886742.0991027,1.0,8.0,-28.0
1776886742.1091027,0.0,6.0,-31.0
1776886742.1191027,1.0,0.0,-33.0
1776886742.1291027,4.0,2.0,-38.0
1776886742.1391027,1.0,0.0,-44.0
1776886742.1491027,2.0,-6.0,-42.0
1776886742.159103,2.0,-8.0,-44.0
1776886742.169103,1.0,-9.0,-46.0
1776886742.179103,0.0,-9.0,-41.0
1776886742.1891026,-1.0,-13.0,-39.0
1776886742.1991026,-1.0,-15.0,-35.0
1776886742.2091026,-1.0,-10.0,-33.0
1776886742.2191026,-1.0,-8.0,-34.0
1776886742.2291028,-2.0,-2.0,-34.0
1776886742.2391028,-2.0,-1.0,-34.0
1776886742.2491028,0.0,-5.0,-41.0
1776886742.2591028,1.0,-7.0,-43.0
1776886742.2691028,3.0,-7.0,-42.0
1776886742.2791028,6.0,-7.0,-42.0
1776886742.2891028,11.0,-4.0,-39.0
1776886742.2991028,6.0,-2.0,-39.0
1776886742.3091028,3.0,1.0,-42.0
1776886742.3191028,4.0,-2.0,-41.0
1776886742.3291028,0.0,1.0,-34.0
1776886742.3391027,0.0,1.0,-41.0
1776886742.3491027,0.0,-2.0,-44.0
1776886742.3591027,0.0,0.0,-46.0
1776886742.3691027,0.0,2.0,-43.0
1776886742.3791027,-1.0,2.0,-41.0
1776886742.3891027,-2.0,-2.0,-36.0
1776886742.3991027,-2.0,-2.0,-33.0
1776886742.409103,-1.0,0.0,-34.0
1776886742.419103,0.0,-3.0,-34.0
1776886742.429103,-3.0,-2.0,-32.0
1776886742.4391026,-2.0,-2.0,-32.0
1776886742.4491026,0.0,-4.0,-39.0
1776886742.4601028,3.0,-1.0,-41.0
1776886742.4691026,3.0,0.0,-45.0
1776886742.4801028,9.0,-1.0,-44.0
1776886742.4901028,12.0,-3.0,-45.0
1776886742.5001028,7.0,4.0,-37.0
1776886742.5101027,7.0,6.0,-41.0
1776886742.5201027,11.0,5.0,-40.0
1776886742.5301027,10.0,0.0,-39.0
1776886742.5401027,5.0,-2.0,-39.0
1776886742.5501027,1.0,-2.0,-44.0
1776886742.5601027,0.0,-1.0,-44.0
1776886742.5701027,-3.0,2.0,-40.0
1776886742.5801027,-2.0,2.0,-43.0
1776886742.590103,1.0,2.0,-44.0
1776886742.600103,0.0,0.0,-45.0
1776886742.610103,1.0,-3.0,-35.0
1776886742.6201026,3.0,-7.0,-32.0
1776886742.6301026,1.0,-11.0,-29.0
1776886742.6401026,1.0,-12.0,-31.0
1776886742.6501029,1.0,-9.0,-32.0
1776886742.6601028,-1.0,-4.0,-39.0
1776886742.6701028,-4.0,-2.0,-41.0
1776886742.6801028,-5.0,-1.0,-42.0
1776886742.6901028,-5.0,-2.0,-37.0
1776886742.7001028,-10.0,-2.0,-31.0
1776886742.7101028,-8.0,-4.0,-35.0
1776886742.7201028,-3.0,-2.0,-36.0
1776886742.7301028,-3.0,0.0,-39.0
1776886742.7401028,-1.0,1.0,-39.0
1776886742.7501028,-2.0,0.0,-37.0
1776886742.7601027,-5.0,0.0,-39.0
1776886742.7701027,-2.0,0.0,-39.0
1776886742.7801027,1.0,0.0,-36.0
1776886742.7901027,2.0,4.0,-36.0
1776886742.8001027,6.0,5.0,-34.0
1776886742.8101027,6.0,4.0,-40.0
1776886742.8201027,5.0,3.0,-38.0
1776886742.8301027,6.0,0.0,-40.0
1776886742.840103,5.0,-2.0,-39.0
1776886742.850103,1.0,-2.0,-39.0
1776886742.860103,-2.0,-1.0,-41.0
1776886742.8701026,-2.0,-1.0,-43.0
1776886742.8801026,-7.0,-1.0,-31.0
1776886742.8901026,-6.0,0.0,-23.0
1776886742.9001029,1.0,-2.0,-20.0
1776886742.9101028,1.0,-1.0,-18.0
1776886742.9201028,-1.0,-4.0,-21.0
1776886742.9301028,-2.0,-7.0,-27.0
1776886742.9401028,-3.0,-6.0,-28.0
1776886742.9501028,-2.0,-4.0,-25.0
1776886742.9601028,-3.0,-2.0,-24.0
1776886742.9701028,-1.0,-2.0,-27.0
1776886742.9801028,-2.0,-7.0,-33.0
1776886742.9901028,0.0,-4.0,-35.0
1776886743.0001028,-2.0,0.0,-30.0
1776886743.0101027,-4.0,-1.0,-33.0
1776886743.0201027,-6.0,0.0,-37.0
1776886743.0301027,-8.0,0.0,-35.0
1776886743.0401027,-9.0,-1.0,-35.0
1776886743.0501027,-6.0,0.0,-35.0
1776886743.0601027,-1.0,1.0,-33.0
1776886743.0701027,-1.0,-1.0,-33.0
1776886743.0801027,0.0,-3.0,-37.0
1776886743.090103,1.0,-7.0,-36.0
1776886743.100103,-2.0,-2.0,-37.0
1776886743.110103,-3.0,-3.0,-41.0
1776886743.1201026,-6.0,-6.0,-42.0
1776886743.1301026,-3.0,-6.0,-41.0
1776886743.1401026,0.0,-2.0,-41.0
1776886743.1501029,1.0,-5.0,-41.0
1776886743.1601028,2.0,-8.0,-43.0
1776886743.1701028,-2.0,-4.0,-37.0
1776886743.1801028,-2.0,0.0,-44.0
1776886743.1901028,2.0,0.0,-47.0
1776886743.2001028,0.0,-3.0,-51.0
1776886743.2101028,-2.0,-4.0,-46.0
1776886743.2201028,-2.0,-7.0,-45.0
1776886743.2301028,0.0,-8.0,-40.0
1776886743.2401028,-2.0,-6.0,-51.0
1776886743.2501028,-1.0,-5.0,-47.0
1776886743.2601027,-4.0,-3.0,-40.0
1776886743.2701027,-5.0,-1.0,-40.0
1776886743.2801027,-3.0,0.0,-41.0
1776886743.2901027,1.0,4.0,-43.0
1776886743.3001027,0.0,5.0,-43.0
1776886743.3101027,0.0,1.0,-40.0
1776886743.3201027,0.0,0.0,-45.0
1776886743.3301027,3.0,0.0,-52.0
1776886743.340103,3.0,0.0,-45.0
1776886743.350103,-1.0,0.0,-39.0
1776886743.360103,-2.0,-2.0,-32.0
1776886743.3701026,-4.0,-5.0,-37.0
1776886743.3801026,1.0,-4.0,-44.0
1776886743.3901026,0.0,-4.0,-45.0
1776886743.4001029,2.0,0.0,-42.0
1776886743.4101028,0.0,1.0,-45.0
1776886743.4201028,0.0,2.0,-42.0
1776886743.4301028,5.0,2.0,-38.0
1776886743.4401028,10.0,1.0,-35.0
1776886743.4501028,6.0,0.0,-29.0
1776886743.4601028,3.0,-1.0,-32.0
1776886743.4701028,10.0,-1.0,-35.0
1776886743.4801028,10.0,-1.0,-39.0
1776886743.4901028,6.0,-2.0,-31.0
1776886743.5001028,7.0,0.0,-31.0
1776886743.5101027,8.0,0.0,-34.0
1776886743.5201027,10.0,4.0,-35.0
1776886743.5301027,10.0,4.0,-44.0
1776886743.5401027,7.0,3.0,-40.0
1776886743.5501027,5.0,8.0,-35.0
1776886743.5601027,3.0,5.0,-40.0
1776886743.5701027,-5.0,0.0,-38.0
1776886743.5801027,-1.0,3.0,-39.0
1776886743.590103,-3.0,1.0,-42.0
1776886743.600103,-3.0,3.0,-42.0
1776886743.610103,-2.0,1.0,-45.0
1776886743.6201026,0.0,1.0,-46.0
1776886743.6301026,-3.0,4.0,-41.0
1776886743.6401026,-3.0,1.0,-34.0
1776886743.6501029,-7.0,2.0,-34.0
1776886743.6601028,-8.0,0.0,-38.0
1776886743.6701028,-1.0,0.0,-42.0
1776886743.6801028,6.0,-1.0,-48.0
1776886743.6901028,3.0,0.0,-44.0
1776886743.7001028,0.0,1.0,-43.0
1776886743.7101028,-2.0,-4.0,-39.0
1776886743.7201028,0.0,-5.0,-42.0
1776886743.7301028,1.0,-5.0,-45.0
1776886743.7401028,1.0,-3.0,-42.0
1776886743.7501028,-1.0,-4.0,-35.0
1776886743.7601027,-1.0,-4.0,-38.0
1776886743.7701027,0.0,-2.0,-32.0
1776886743.7801027,1.0,0.0,-26.0
1776886743.7901027,1.0,3.0,-31.0
1776886743.8001027,-3.0,2.0,-32.0
1776886743.8101027,0.0,6.0,-36.0
1776886743.8201027,5.0,4.0,-31.0
1776886743.8301027,8.0,2.0,-24.0
1776886743.840103,5.0,2.0,-31.0
1776886743.850103,1.0,1.0,-34.0
1776886743.860103,4.0,4.0,-30.0
1776886743.8701026,3.0,0.0,-30.0
1776886743.8801026,2.0,0.0,-34.0
1776886743.8901026,1.0,-2.0,-30.0
1776886743.9001029,3.0,-7.0,-34.0
1776886743.9101028,1.0,-5.0,-32.0
1776886743.9201028,-2.0,-6.0,-39.0
1776886743.9301028,-3.0,-3.0,-40.0
1776886743.9401028,0.0,-5.0,-44.0
1776886743.9501028,-1.0,-2.0,-42.0
1776886743.9601028,-2.0,-1.0,-42.0
1776886743.9701028,-1.0,0.0,-40.0
1776886743.9801028,1.0,-1.0,-43.0
1776886743.9901028,1.0,-1.0,-38.0
1776886744.0001028,0.0,-2.0,-38.0
1776886744.0101027,0.0,0.0,-37.0
1776886744.0201027,6.0,1.0,-35.0
1776886744.0301027,6.0,-4.0,-41.0
1776886744.0401027,6.0,-6.0,-41.0
1776886744.0501027,-1.0,-3.0,-41.0
1776886744.0601027,-3.0,-1.0,-45.0
1776886744.0701027,-3.0,-3.0,-41.0
1776886744.0801027,-5.0,0.0,-38.0
1776886744.090103,-3.0,1.0,-33.0
1776886744.100103,-4.0,1.0,-43.0
1776886744.110103,-5.0,6.0,-48.0
1776886744.1201026,0.0,5.0,-50.0
1776886744.1301026,-2.0,2.0,-47.0
1776886744.1401026,0.0,-1.0,-48.0
1776886744.1501029,-3.0,-2.0,-46.0
1776886744.1601028,-7.0,-4.0,-32.0
1776886744.1701028,-4.0,-6.0,-30.0
1776886744.1801028,-3.0,-4.0,-32.0
1776886744.1901028,-2.0,-2.0,-26.0
1776886744.2001028,1.0,-1.0,-24.0
1776886744.2101028,2.0,0.0,-28.0
1776886744.2201028,-1.0,0.0,-32.0
1776886744.2301028,2.0,1.0,-33.0
1776886744.2401028,7.0,2.0,-28.0
1776886744.2501028,9.0,0.0,-33.0
1776886744.2601027,9.0,-2.0,-37.0
1776886744.2701027,8.0,1.0,-42.0
1776886744.2801027,4.0,4.0,-43.0
1776886744.2901027,4.0,1.0,-44.0
1776886744.3001027,5.0,0.0,-42.0
1776886744.3101027,3.0,0.0,-42.0
1776886744.3201027,2.0,1.0,-40.0
1776886744.3301027,0.0,4.0,-34.0
1776886744.340103,-4.0,1.0,-31.0
1776886744.350103,-3.0,-4.0,-35.0
1776886744.360103,-4.0,-4.0,-29.0
1776886744.3701026,-3.0,-1.0,-26.0
1776886744.3801026,0.0,-1.0,-23.0
1776886744.3901026,0.0,-4.0,-29.0
1776886744.4001029,0.0,0.0,-28.0
1776886744.4101028,-3.0,-3.0,-31.0
1776886744.4201028,-5.0,-3.0,-27.0
1776886744.4301028,0.0,-2.0,-30.0
1776886744.4401028,0.0,3.0,-37.0
1776886744.4501028,-1.0,5.0,-36.0
1776886744.4611027,0.0,3.0,-40.0
1776886744.4711027,2.0,0.0,-37.0
1776886744.4801028,2.0,0.0,-40.0
1776886744.4911027,-3.0,0.0,-37.0
1776886744.5011027,-7.0,0.0,-35.0
1776886744.511103,-10.0,0.0,-29.0
1776886744.521103,-7.0,0.0,-33.0
1776886744.531103,0.0,1.0,-32.0
1776886744.5411026,0.0,-1.0,-33.0
1776886744.5511026,4.0,-4.0,-29.0
1776886744.5611026,1.0,-3.0,-36.0
1776886744.5711029,2.0,-4.0,-29.0
1776886744.5811028,3.0,-9.0,-35.0
1776886744.5911028,1.0,-9.0,-37.0
1776886744.6011028,0.0,-3.0,-44.0
1776886744.6111028,-3.0,-3.0,-47.0
1776886744.6211028,-4.0,-1.0,-45.0
1776886744.6311028,-1.0,-1.0,-46.0
1776886744.6411028,2.0,-1.0,-45.0
1776886744.6511028,0.0,-4.0,-39.0
1776886744.6611028,0.0,-3.0,-40.0
1776886744.6711028,-2.0,-1.0,-39.0
1776886744.6811028,-4.0,0.0,-35.0
1776886744.6911027,-1.0,0.0,-36.0
1776886744.7011027,0.0,0.0,-34.0
1776886744.7111027,0.0,1.0,-34.0
1776886744.7211027,1.0,-3.0,-33.0
1776886744.7311027,3.0,-3.0,-33.0
1776886744.7411027,7.0,-6.0,-36.0
1776886744.7511027,6.0,-6.0,-34.0
1776886744.761103,5.0,-6.0,-28.0
1776886744.771103,0.0,-6.0,-20.0
1776886744.781103,4.0,-5.0,-15.0
1776886744.7911026,0.0,-5.0,-22.0
1776886744.8011026,0.0,-5.0,-32.0
1776886744.8111026,0.0,-5.0,-37.0
1776886744.8211029,-2.0,-6.0,-40.0
1776886744.8311028,-4.0,-6.0,-37.0
1776886744.8411028,-7.0,-5.0,-36.0
1776886744.8511028,-6.0,-1.0,-39.0
1776886744.8611028,-6.0,-3.0,-41.0
1776886744.8711028,-7.0,0.0,-38.0
1776886744.8811028,-6.0,0.0,-46.0
1776886744.8911028,-6.0,-2.0,-44.0
1776886744.9011028,-3.0,1.0,-36.0
1776886744.9111028,-7.0,4.0,-33.0
1776886744.9211028,-4.0,6.0,-37.0
1776886744.9311028,-4.0,7.0,-34.0
1776886744.9411027,-4.0,9.0,-34.0
1776886744.9511027,-5.0,6.0,-40.0
1776886744.9611027,-9.0,0.0,-43.0
1776886744.9711027,-7.0,-4.0,-49.0
1776886744.9811027,0.0,1.0,-44.0
1776886744.9911027,1.0,0.0,-43.0
1776886745.0011027,2.0,-1.0,-40.0
1776886745.011103,1.0,-1.0,-34.0
1776886745.021103,0.0,-2.0,-37.0
1776886745.031103,1.0,-2.0,-37.0
1776886745.0411026,1.0,3.0,-28.0
1776886745.0511026,9.0,6.0,-31.0
1776886745.0611026,6.0,5.0,-30.0
1776886745.0711029,6.0,3.0,-34.0
1776886745.0811028,7.0,3.0,-39.0
1776886745.0911028,9.0,-1.0,-39.0
1776886745.1011028,9.0,-3.0,-30.0
1776886745.1111028,6.0,-1.0,-27.0
1776886745.1211028,5.0,-2.0,-40.0
1776886745.1311028,2.0,-4.0,-47.0
1776886745.1411028,-1.0,-6.0,-43.0
1776886745.1511028,-2.0,-2.0,-44.0
1776886745.1611028,-6.0,-2.0,-46.0
1776886745.1711028,-1.0,-3.0,-49.0
1776886745.1811028,0.0,0.0,-48.0
1776886745.1911027,-1.0,0.0,-41.0
1776886745.2011027,1.0,0.0,-39.0
1776886745.2111027,-2.0,1.0,-41.0
1776886745.2211027,0.0,3.0,-41.0
1776886745.2311027,-3.0,0.0,-36.0
1776886745.2411027,-5.0,0.0,-38.0
1776886745.2511027,-5.0,-3.0,-42.0
1776886745.261103,-1.0,-4.0,-43.0
1776886745.271103,1.0,1.0,-41.0
1776886745.281103,5.0,4.0,-41.0
1776886745.2911026,3.0,2.0,-40.0
1776886745.3011026,5.0,3.0,-37.0
1776886745.3111026,3.0,8.0,-30.0
1776886745.3211029,0.0,7.0,-32.0
1776886745.3311028,0.0,8.0,-33.0
1776886745.3411028,0.0,7.0,-37.0
1776886745.3511028,-1.0,6.0,-37.0
1776886745.3611028,0.0,9.0,-38.0
1776886745.3711028,-1.0,6.0,-43.0
1776886745.3811028,-3.0,3.0,-47.0
1776886745.3911028,0.0,0.0,-43.0
1776886745.4011028,3.0,1.0,-40.0
1776886745.4111028,3.0,1.0,-39.0
1776886745.4211028,3.0,-1.0,-34.0
1776886745.4311028,1.0,-2.0,-31.0
1776886745.4411027,5.0,-2.0,-36.0
1776886745.4511027,3.0,-3.0,-38.0
1776886745.4611027,2.0,-1.0,-32.0
1776886745.4711027,0.0,0.0,-35.0
1776886745.4811027,-4.0,-2.0,-39.0
1776886745.4911027,-3.0,-4.0,-42.0
1776886745.5011027,5.0,-5.0,-47.0
1776886745.511103,6.0,-2.0,-50.0
1776886745.521103,8.0,-1.0,-42.0
1776886745.531103,5.0,-5.0,-40.0
1776886745.5411026,3.0,-3.0,-40.0
1776886745.5511026,5.0,-2.0,-47.0
1776886745.5611026,0.0,-3.0,-51.0
1776886745.5711029,1.0,-1.0,-52.0
1776886745.5811028,0.0,0.0,-42.0
1776886745.5911028,-1.0,0.0,-41.0
1776886745.6011028,0.0,-3.0,-38.0
1776886745.6111028,0.0,-4.0,-38.0
1776886745.6211028,-4.0,-2.0,-33.0
1776886745.6311028,-2.0,-2.0,-30.0
1776886745.6411028,2.0,-2.0,-31.0
1776886745.6511028,1.0,-3.0,-39.0
1776886745.6611028,1.0,-1.0,-41.0
1776886745.6711028,0.0,0.0,-40.0
1776886745.6811028,-2.0,0.0,-40.0
1776886745.6911027,0.0,0.0,-38.0
1776886745.7011027,1.0,2.0,-37.0
1776886745.7111027,0.0,-3.0,-42.0
1776886745.7211027,-4.0,-9.0,-35.0
1776886745.7311027,-6.0,-6.0,-34.0
1776886745.7411027,-7.0,-4.0,-36.0
1776886745.7511027,0.0,-4.0,-40.0
1776886745.761103,3.0,-6.0,-43.0
1776886745.771103,3.0,-2.0,-47.0
1776886745.781103,4.0,-2.0,-48.0
1776886745.7911026,0.0,-4.0,-48.0
1776886745.8011026,-2.0,-2.0,-48.0
1776886745.8111026,-3.0,-3.0,-53.0
1776886745.8211029,-3.0,0.0,-50.0
1776886745.8311028,0.0,4.0,-43.0
1776886745.8411028,-3.0,0.0,-42.0
1776886745.8511028,-3.0,0.0,-33.0
1776886745.8611028,-2.0,-3.0,-31.0
1776886745.8711028,1.0,-3.0,-35.0
1776886745.8811028,2.0,3.0,-30.0
1776886745.8911028,2.0,7.0,-36.0
1776886745.9011028,0.0,6.0,-40.0
1776886745.9111028,0.0,7.0,-37.0
1776886745.9211028,0.0,-2.0,-34.0
1776886745.9311028,-1.0,-2.0,-32.0
1776886745.9411027,-1.0,-4.0,-27.0
1776886745.9511027,-4.0,-8.0,-28.0
1776886745.9611027,-3.0,-8.0,-31.0
1776886745.9711027,-2.0,-8.0,-34.0
1776886745.9811027,-5.0,-9.0,-44.0
1776886745.9911027,-3.0,-9.0,-40.0
1776886746.0011027,1.0,-5.0,-39.0
1776886746.011103,4.0,-3.0,-38.0
1776886746.021103,1.0,-2.0,-39.0
1776886746.031103,0.0,0.0,-49.0
1776886746.0411026,-2.0,-1.0,-47.0
1776886746.0511026,0.0,-3.0,-44.0
1776886746.0611026,-3.0,-1.0,-44.0
1776886746.0711029,-4.0,0.0,-42.0
1776886746.0811028,-5.0,-4.0,-45.0
1776886746.0911028,-3.0,-1.0,-47.0
1776886746.1011028,-4.0,-1.0,-40.0
1776886746.1111028,0.0,-4.0,-38.0
1776886746.1211028,1.0,-1.0,-43.0
1776886746.1311028,0.0,4.0,-48.0
1776886746.1411028,-1.0,6.0,-45.0
1776886746.1511028,0.0,5.0,-41.0
1776886746.1611028,1.0,4.0,-41.0
1776886746.1711028,-3.0,2.0,-43.0
1776886746.1811028,-4.0,-1.0,-42.0
1776886746.1911027,0.0,-5.0,-33.0
1776886746.2011027,1.0,-5.0,-30.0
1776886746.2111027,0.0,-5.0,-28.0
1776886746.2211027,3.0,-6.0,-32.0
1776886746.2311027,0.0,-4.0,-24.0
1776886746.2411027,-2.0,-1.0,-26.0
1776886746.2511027,0.0,0.0,-31.0
1776886746.261103,-5.0,1.0,-34.0
1776886746.271103,-1.0,1.0,-34.0
1776886746.281103,-1.0,-1.0,-33.0
1776886746.2911026,0.0,0.0,-33.0
1776886746.3011026,0.0,0.0,-31.0
1776886746.3111026,0.0,3.0,-28.0
1776886746.3211029,1.0,0.0,-23.0
1776886746.3311028,4.0,-2.0,-25.0
1776886746.3411028,6.0,0.0,-29.0
1776886746.3511028,3.0,0.0,-34.0
1776886746.3611028,5.0,1.0,-36.0
1776886746.3711028,3.0,-1.0,-32.0
1776886746.3811028,6.0,-2.0,-36.0
1776886746.3911028,5.0,-1.0,-37.0
1776886746.4011028,1.0,0.0,-40.0
1776886746.4111028,1.0,0.0,-43.0
1776886746.4211028,-2.0,-1.0,-41.0
1776886746.4311028,1.0,2.0,-39.0
1776886746.4411027,2.0,3.0,-37.0
1776886746.4511027,-1.0,0.0,-39.0
1776886746.4611027,-5.0,5.0,-35.0
1776886746.4721026,-6.0,6.0,-34.0
1776886746.4821026,-6.0,5.0,-38.0
1776886746.4921026,-1.0,6.0,-34.0
1776886746.5021029,-2.0,5.0,-29.0
1776886746.5121028,0.0,4.0,-30.0
1776886746.5221028,3.0,4.0,-37.0
1776886746.5321028,2.0,5.0,-38.0
1776886746.5421028,-1.0,1.0,-34.0
1776886746.5521028,5.0,0.0,-33.0
1776886746.5621028,4.0,-5.0,-33.0
1776886746.5721028,4.0,-9.0,-33.0
1776886746.5821028,2.0,-6.0,-37.0
1776886746.5921028,2.0,-1.0,-34.0
1776886746.6021028,4.0,0.0,-40.0
1776886746.6121027,1.0,5.0,-43.0
1776886746.6221027,3.0,8.0,-43.0
1776886746.6321027,6.0,5.0,-44.0
1776886746.6421027,4.0,6.0,-53.0
1776886746.6521027,-2.0,4.0,-56.0
1776886746.6621027,-5.0,3.0,-56.0
1776886746.6721027,-3.0,5.0,-57.0
1776886746.682103,-4.0,4.0,-58.0
1776886746.692103,-3.0,1.0,-52.0
1776886746.702103,-4.0,-1.0,-50.0
1776886746.712103,0.0,-2.0,-52.0
1776886746.7221026,-2.0,-2.0,-57.0
1776886746.7321026,-3.0,0.0,-56.0
1776886746.7421026,-3.0,0.0,-51.0
1776886746.7521029,-7.0,4.0,-52.0
1776886746.7621028,-8.0,4.0,-46.0
1776886746.7721028,-12.0,3.0,-43.0
1776886746.7821028,-4.0,0.0,-44.0
1776886746.7921028,-4.0,-1.0,-44.0
1776886746.8021028,-3.0,-1.0,-44.0
1776886746.8121028,-1.0,-1.0,-43.0
1776886746.8221028,1.0,-2.0,-49.0
1776886746.8321028,3.0,-3.0,-45.0
1776886746.8421028,1.0,-2.0,-49.0
1776886746.8521028,3.0,-2.0,-46.0
1776886746.8621027,5.0,0.0,-47.0
1776886746.8721027,7.0,-8.0,-47.0
1776886746.8821027,7.0,-4.0,-44.0
1776886746.8921027,4.0,-4.0,-49.0
1776886746.9021027,4.0,0.0,-47.0
1776886746.9121027,1.0,-2.0,-51.0
1776886746.9221027,2.0,-1.0,-49.0
1776886746.932103,3.0,-2.0,-46.0
1776886746.942103,2.0,-4.0,-40.0
1776886746.952103,0.0,-7.0,-44.0
1776886746.962103,0.0,-7.0,-41.0
1776886746.9721026,3.0,-8.0,-37.0
1776886746.9821026,0.0,-6.0,-36.0
1776886746.9921026,0.0,-4.0,-38.0
1776886747.0021029,1.0,-4.0,-35.0
1776886747.0121028,2.0,-2.0,-32.0
1776886747.0221028,6.0,-2.0,-31.0
1776886747.0321028,3.0,-3.0,-35.0
1776886747.0421028,2.0,-4.0,-35.0
1776886747.0521028,-4.0,0.0,-37.0
1776886747.0621028,-1.0,0.0,-33.0
1776886747.0721028,-1.0,1.0,-33.0
1776886747.0821028,0.0,2.0,-39.0
1776886747.0921028,-3.0,4.0,-39.0
1776886747.1021028,-3.0,6.0,-36.0
1776886747.1121027,0.0,6.0,-35.0
1776886747.1221027,0.0,5.0,-34.0
1776886747.1321027,-1.0,5.0,-31.0
1776886747.1421027,-4.0,5.0,-31.0
1776886747.1521027,-3.0,5.0,-27.0
1776886747.1621027,0.0,5.0,-27.0
1776886747.1721027,0.0,4.0,-32.0
1776886747.182103,-2.0,3.0,-41.0
1776886747.192103,0.0,8.0,-37.0
1776886747.202103,2.0,3.0,-35.0
1776886747.212103,0.0,3.0,-41.0
1776886747.2221026,0.0,2.0,-40.0
1776886747.2321026,-6.0,3.0,-41.0
1776886747.2421026,-10.0,2.0,-42.0
1776886747.2521029,-12.0,0.0,-44.0
1776886747.2621028,-7.0,-4.0,-45.0
1776886747.2731028,-2.0,-5.0,-40.0
1776886747.2821028,0.0,-8.0,-35.0
1776886747.2921028,3.0,-7.0,-25.0
1776886747.3021028,3.0,-13.0,-30.0
1776886747.3121028,1.0,-14.0,-33.0
1776886747.3221028,5.0,-10.0,-36.0
1776886747.3321028,8.0,-5.0,-38.0
1776886747.3421028,7.0,0.0,-35.0
1776886747.3521028,7.0,1.0,-38.0
1776886747.3621027,5.0,1.0,-40.0
1776886747.3721027,5.0,3.0,-37.0
1776886747.3821027,3.0,2.0,-31.0
1776886747.3921027,4.0,1.0,-27.0
1776886747.4021027,3.0,0.0,-23.0
1776886747.4121027,1.0,-1.0,-27.0
1776886747.4221027,4.0,-1.0,-25.0
1776886747.432103,5.0,-1.0,-26.0
1776886747.442103,4.0,0.0,-26.0
1776886747.452103,1.0,-1.0,-30.0
1776886747.462103,0.0,-3.0,-31.0
1776886747.4721026,0.0,0.0,-29.0
1776886747.4821026,0.0,3.0,-25.0
1776886747.4921026,-4.0,6.0,-30.0
1776886747.5021029,-1.0,3.0,-33.0
1776886747.5121028,2.0,5.0,-33.0
1776886747.5221028,7.0,5.0,-27.0
1776886747.5321028,5.0,3.0,-31.0
1776886747.5421028,4.0,0.0,-40.0
1776886747.5521028,1.0,-3.0,-40.0
1776886747.5621028,3.0,-5.0,-36.0
1776886747.5721028,1.0,-9.0,-34.0
1776886747.5821028,0.0,-8.0,-28.0
1776886747.5921028,-1.0,-6.0,-29.0
1776886747.6021028,1.0,-6.0,-42.0
1776886747.6121027,3.0,-5.0,-43.0
1776886747.6221027,0.0,-5.0,-37.0
1776886747.6321027,1.0,-3.0,-41.0
1776886747.6421027,0.0,0.0,-39.0
1776886747.6521027,3.0,-2.0,-37.0
1776886747.6621027,4.0,4.0,-31.0
1776886747.6721027,0.0,3.0,-29.0
1776886747.682103,1.0,1.0,-29.0
1776886747.692103,0.0,-1.0,-29.0
1776886747.702103,0.0,-1.0,-38.0
1776886747.712103,3.0,0.0,-39.0
1776886747.7221026,0.0,0.0,-38.0
1776886747.7321026,2.0,3.0,-40.0
1776886747.7421026,1.0,0.0,-39.0
1776886747.7521029,4.0,2.0,-37.0
1776886747.7621028,5.0,0.0,-31.0
1776886747.7721028,5.0,0.0,-29.0
1776886747.7821028,2.0,-1.0,-33.0
1776886747.7921028,0.0,-3.0,-35.0
1776886747.8021028,3.0,-5.0,-36.0
1776886747.8121028,1.0,-3.0,-40.0
1776886747.8221028,0.0,0.0,-42.0
1776886747.8321028,3.0,0.0,-41.0
1776886747.8421028,-1.0,0.0,-42.0
1776886747.8521028,-7.0,-2.0,-44.0
1776886747.8621027,-4.0,-4.0,-47.0
1776886747.8721027,-4.0,-8.0,-46.0
1776886747.8821027,-4.0,-6.0,-44.0
1776886747.8921027,-5.0,-6.0,-46.0
1776886747.9021027,-3.0,-6.0,-46.0
1776886747.9121027,2.0,-8.0,-39.0
1776886747.9221027,-2.0,-6.0,-36.0
1776886747.932103,-5.0,-7.0,-29.0
1776886747.942103,-3.0,-8.0,-32.0
1776886747.952103,-2.0,-9.0,-30.0
1776886747.962103,0.0,-5.0,-26.0
1776886747.9721026,2.0,-3.0,-27.0
1776886747.9821026,3.0,-3.0,-33.0
1776886747.9921026,1.0,-2.0,-34.0
1776886748.0021029,0.0,0.0,-48.0
1776886748.0121028,1.0,1.0,-49.0
1776886748.0221028,5.0,0.0,-37.0
1776886748.0321028,6.0,-1.0,-44.0
1776886748.0421028,2.0,0.0,-47.0
1776886748.0521028,6.0,1.0,-42.0
1776886748.0621028,7.0,0.0,-40.0
1776886748.0721028,7.0,-2.0,-37.0
1776886748.0821028,3.0,-4.0,-39.0
1776886748.0921028,4.0,1.0,-37.0
1776886748.1021028,1.0,4.0,-36.0
1776886748.1121027,0.0,5.0,-41.0
1776886748.1221027,0.0,3.0,-38.0
1776886748.1321027,-2.0,-1.0,-37.0
1776886748.1421027,-6.0,-1.0,-36.0
1776886748.1521027,-4.0,0.0,-41.0
1776886748.1621027,-6.0,1.0,-46.0
1776886748.1721027,-8.0,2.0,-45.0
1776886748.182103,-8.0,4.0,-51.0
1776886748.192103,-8.0,0.0,-44.0
1776886748.202103,-2.0,-1.0,-39.0
1776886748.212103,-2.0,1.0,-39.0
1776886748.2221026,-1.0,4.0,-42.0
1776886748.2321026,-5.0,0.0,-46.0
1776886748.2421026,-3.0,-4.0,-42.0
1776886748.2521029,-1.0,-6.0,-33.0
1776886748.2621028,-3.0,-6.0,-37.0
1776886748.2721028,-3.0,-5.0,-39.0
1776886748.2821028,-1.0,-3.0,-37.0
1776886748.2921028,2.0,-2.0,-41.0
1776886748.3021028,-1.0,-3.0,-42.0
1776886748.3121028,1.0,-5.0,-39.0
1776886748.3221028,6.0,-1.0,-38.0
1776886748.3321028,1.0,0.0,-42.0
1776886748.3421028,3.0,-1.0,-44.0
1776886748.3521028,2.0,-2.0,-39.0
1776886748.3621027,6.0,-6.0,-38.0
1776886748.3721027,2.0,-10.0,-33.0
1776886748.3821027,2.0,-2.0,-37.0
1776886748.3921027,5.0,0.0,-36.0
1776886748.4021027,3.0,0.0,-34.0
1776886748.4121027,4.0,2.0,-34.0
1776886748.4221027,1.0,1.0,-36.0
1776886748.432103,3.0,-3.0,-32.0
1776886748.442103,4.0,-3.0,-38.0
1776886748.452103,3.0,-4.0,-35.0
1776886748.4631028,3.0,-5.0,-40.0
1776886748.4721026,0.0,-1.0,-37.0
1776886748.4831028,1.0,-4.0,-35.0
1776886748.4931028,3.0,-3.0,-36.0
1776886748.5031028,3.0,-1.0,-32.0
1776886748.5131028,0.0,-1.0,-32.0
1776886748.5231028,-4.0,1.0,-27.0
1776886748.5331028,-10.0,1.0,-23.0
1776886748.5431027,-6.0,-5.0,-20.0
1776886748.5531027,-6.0,-2.0,-23.0
1776886748.5631027,-3.0,-2.0,-27.0
1776886748.5731027,0.0,-5.0,-27.0
1776886748.5831027,0.0,-9.0,-32.0
1776886748.5931027,0.0,-8.0,-34.0
1776886748.6031027,0.0,-4.0,-37.0
1776886748.613103,0.0,-2.0,-41.0
1776886748.623103,2.0,-1.0,-39.0
1776886748.633103,0.0,1.0,-41.0
1776886748.6431026,4.0,0.0,-47.0
1776886748.6531026,3.0,-2.0,-39.0
1776886748.6631026,3.0,-1.0,-36.0
1776886748.6731029,3.0,-1.0,-42.0
1776886748.6831028,2.0,-2.0,-45.0
1776886748.6931028,0.0,-1.0,-46.0
1776886748.7031028,0.0,0.0,-47.0
1776886748.7131028,-1.0,2.0,-44.0
1776886748.7231028,0.0,3.0,-42.0
1776886748.7331028,3.0,2.0,-44.0
1776886748.7431028,2.0,4.0,-48.0
1776886748.7531028,3.0,-1.0,-49.0
1776886748.7631028,4.0,-4.0,-45.0
1776886748.7731028,12.0,-3.0,-49.0
1776886748.7831028,9.0,0.0,-50.0
1776886748.7931027,12.0,0.0,-47.0
1776886748.8031027,12.0,2.0,-43.0
1776886748.8131027,8.0,0.0,-41.0
1776886748.8231027,10.0,0.0,-42.0
1776886748.8331027,9.0,0.0,-42.0
1776886748.8431027,2.0,2.0,-41.0
1776886748.8531027,4.0,4.0,-38.0
1776886748.863103,3.0,2.0,-38.0
1776886748.873103,5.0,6.0,-39.0
1776886748.883103,12.0,6.0,-32.0
1776886748.8931026,14.0,6.0,-31.0
1776886748.9031026,10.0,6.0,-34.0
1776886748.9131026,2.0,8.0,-34.0
1776886748.9231029,2.0,7.0,-40.0
1776886748.9331028,2.0,4.0,-38.0
1776886748.9431028,3.0,1.0,-43.0
1776886748.9531028,3.0,-3.0,-42.0
1776886748.9631028,2.0,-7.0,-40.0
1776886748.9731028,0.0,-8.0,-37.0
1776886748.9831028,0.0,-5.0,-34.0
1776886748.9931028,5.0,-3.0,-36.0
1776886749.0031028,4.0,-1.0,-39.0
1776886749.0131028,1.0,3.0,-39.0
1776886749.0231028,-3.0,1.0,-37.0
1776886749.0331028,-3.0,-2.0,-32.0
1776886749.0431027,1.0,-2.0,-35.0
1776886749.0531027,0.0,-2.0,-39.0
1776886749.0631027,-4.0,-3.0,-41.0
1776886749.0731027,1.0,-2.0,-41.0
1776886749.0831027,2.0,-2.0,-45.0
1776886749.0931027,0.0,-4.0,-41.0
1776886749.1031027,1.0,-1.0,-38.0
1776886749.113103,4.0,3.0,-36.0
1776886749.123103,4.0,0.0,-36.0
1776886749.133103,7.0,2.0,-33.0
1776886749.1431026,6.0,4.0,-40.0
1776886749.1531026,8.0,3.0,-42.0
1776886749.1631026,7.0,7.0,-35.0
1776886749.1731029,3.0,4.0,-33.0
1776886749.1831028,3.0,-1.0,-43.0
1776886749.1931028,4.0,-2.0,-45.0
1776886749.2031028,4.0,-2.0,-42.0
1776886749.2131028,1.0,-2.0,-45.0
1776886749.2231028,-1.0,0.0,-47.0
1776886749.2331028,-7.0,-1.0,-50.0
1776886749.2431028,-10.0,0.0,-46.0
1776886749.2531028,-3.0,-3.0,-43.0
1776886749.2631028,-3.0,-3.0,-43.0
1776886749.2731028,-5.0,-6.0,-40.0
1776886749.2831028,-2.0,-5.0,-36.0
1776886749.2931027,-2.0,-5.0,-44.0
1776886749.3031027,-3.0,-4.0,-39.0
1776886749.3131027,-5.0,-5.0,-34.0
1776886749.3231027,-1.0,-1.0,-39.0
1776886749.3331027,0.0,0.0,-39.0
1776886749.3431027,-3.0,-3.0,-44.0
1776886749.3531027,0.0,-5.0,-46.0
1776886749.363103,0.0,-8.0,-46.0
1776886749.373103,3.0,-7.0,-41.0
1776886749.383103,3.0,-4.0,-40.0
1776886749.3931026,4.0,-3.0,-47.0
1776886749.4031026,3.0,0.0,-48.0
1776886749.4131026,1.0,0.0,-52.0
1776886749.4231029,-3.0,2.0,-50.0
1776886749.4331028,-5.0,0.0,-43.0
1776886749.4431028,-1.0,-1.0,-39.0
1776886749.4531028,-1.0,-2.0,-40.0
1776886749.4631028,-2.0,-4.0,-38.0
1776886749.4731028,-4.0,0.0,-35.0
1776886749.4831028,-2.0,0.0,-36.0
1776886749.4931028,0.0,-2.0,-42.0
1776886749.5031028,-2.0,-3.0,-41.0
1776886749.5131028,-2.0,0.0,-39.0
1776886749.5231028,2.0,0.0,-36.0
1776886749.5331028,1.0,0.0,-39.0
1776886749.5431027,0.0,2.0,-38.0
1776886749.5531027,4.0,-2.0,-31.0
1776886749.5631027,5.0,0.0,-38.0
1776886749.5731027,5.0,0.0,-35.0
1776886749.5831027,7.0,1.0,-32.0
1776886749.5931027,0.0,2.0,-28.0
1776886749.6031027,2.0,2.0,-27.0
1776886749.613103,2.0,4.0,-26.0
1776886749.623103,4.0,3.0,-23.0
1776886749.633103,4.0,1.0,-31.0
1776886749.6431026,3.0,1.0,-35.0
1776886749.6531026,4.0,-2.0,-41.0
1776886749.6631026,3.0,-4.0,-35.0
1776886749.6731029,2.0,0.0,-32.0
1776886749.6831028,0.0,-4.0,-32.0
1776886749.6931028,0.0,-4.0,-28.0
1776886749.7031028,5.0,-2.0,-36.0
1776886749.7131028,4.0,-1.0,-38.0
1776886749.7231028,1.0,-4.0,-36.0
1776886749.7331028,0.0,-4.0,-33.0
1776886749.7431028,-6.0,-6.0,-39.0
1776886749.7531028,-5.0,-4.0,-40.0
1776886749.7631028,-4.0,-2.0,-35.0
1776886749.7731028,0.0,-3.0,-31.0
1776886749.7831028,3.0,-5.0,-31.0
1776886749.7931027,6.0,-9.0,-33.0
1776886749.8031027,3.0,-5.0,-24.0
1776886749.8131027,2.0,-4.0,-25.0
1776886749.8231027,2.0,-4.0,-30.0
1776886749.8331027,0.0,-2.0,-31.0
1776886749.8431027,3.0,1.0,-30.0
1776886749.8531027,2.0,2.0,-29.0
1776886749.863103,3.0,0.0,-34.0
1776886749.873103,4.0,3.0,-35.0
1776886749.883103,6.0,1.0,-33.0
1776886749.8931026,6.0,4.0,-40.0
1776886749.9031026,9.0,6.0,-38.0
1776886749.9131026,8.0,2.0,-41.0
1776886749.9231029,7.0,2.0,-37.0
1776886749.9331028,4.0,2.0,-31.0
1776886749.9431028,4.0,1.0,-33.0
1776886749.9531028,-1.0,-1.0,-30.0
1776886749.9631028,1.0,-1.0,-34.0
1776886749.9731028,0.0,-4.0,-45.0
1776886749.9831028,0.0,-5.0,-47.0
1776886749.9931028,-2.0,-6.0,-45.0
1776886750.0031028,0.0,-5.0,-51.0
1776886750.0131028,0.0,-3.0,-58.0
1776886750.0231028,0.0,-1.0,-54.0
1776886750.0331028,-1.0,2.0,-48.0
1776886750.0431027,-2.0,1.0,-50.0
1776886750.0531027,0.0,3.0,-48.0
1776886750.0631027,-4.0,0.0,-46.0
1776886750.0731027,-5.0,-2.0,-38.0
1776886750.0831027,-3.0,0.0,-37.0
1776886750.0931027,0.0,2.0,-38.0
1776886750.1031027,-1.0,0.0,-44.0
1776886750.113103,0.0,1.0,-47.0
1776886750.123103,-2.0,0.0,-45.0
1776886750.133103,-2.0,-1.0,-41.0
1776886750.1431026,-3.0,0.0,-43.0
1776886750.1531026,1.0,1.0,-46.0
1776886750.1631026,4.0,2.0,-44.0
1776886750.1731029,8.0,1.0,-40.0
1776886750.1831028,7.0,0.0,-47.0
1776886750.1931028,0.0,-1.0,-43.0
1776886750.2031028,-3.0,-2.0,-42.0
1776886750.2131028,-4.0,1.0,-41.0
1776886750.2231028,-4.0,0.0,-42.0
1776886750.2331028,-2.0,1.0,-42.0
1776886750.2431028,0.0,0.0,-40.0
1776886750.2531028,-1.0,-3.0,-44.0
1776886750.2631028,0.0,-2.0,-44.0
1776886750.2731028,0.0,-4.0,-39.0
1776886750.2831028,-3.0,-4.0,-43.0
1776886750.2931027,0.0,-2.0,-40.0
1776886750.3031027,0.0,0.0,-35.0
1776886750.3131027,-3.0,-1.0,-35.0
1776886750.3231027,-1.0,-4.0,-31.0
1776886750.3331027,1.0,-5.0,-28.0
1776886750.3431027,0.0,-3.0,-32.0
1776886750.3531027,1.0,-5.0,-31.0
1776886750.363103,0.0,-5.0,-36.0
1776886750.373103,0.0,-8.0,-38.0
1776886750.383103,1.0,-4.0,-38.0
1776886750.3931026,1.0,-4.0,-39.0
1776886750.4031026,0.0,-2.0,-42.0
1776886750.4131026,0.0,0.0,-44.0
1776886750.4231029,-3.0,-2.0,-48.0
1776886750.4341028,-4.0,1.0,-45.0
1776886750.4431028,-2.0,1.0,-46.0
1776886750.4531028,-2.0,-1.0,-41.0
1776886750.4631028,-1.0,-1.0,-41.0
1776886750.4741027,-2.0,2.0,-34.0
1776886750.4841027,2.0,3.0,-32.0
1776886750.4941027,0.0,1.0,-38.0
1776886750.5041027,0.0,0.0,-41.0
1776886750.5141027,5.0,0.0,-30.0
1776886750.5241027,4.0,-2.0,-30.0
1776886750.534103,-3.0,0.0,-26.0
1776886750.544103,-2.0,1.0,-26.0
1776886750.554103,-2.0,-3.0,-27.0
1776886750.5641026,-2.0,-3.0,-30.0
1776886750.5741026,1.0,-3.0,-32.0
1776886750.5841026,6.0,-5.0,-42.0
1776886750.5941026,8.0,-5.0,-39.0
1776886750.6041028,5.0,-2.0,-35.0
1776886750.6141028,1.0,0.0,-32.0
1776886750.6241028,1.0,-4.0,-30.0
1776886750.6341028,0.0,-3.0,-25.0
1776886750.6441028,2.0,-2.0,-26.0
1776886750.6541028,5.0,-2.0,-29.0
1776886750.6641028,4.0,-3.0,-34.0
1776886750.6741028,4.0,-3.0,-26.0
1776886750.6841028,8.0,-2.0,-30.0
1776886750.6941028,7.0,-4.0,-32.0
1776886750.7041028,6.0,-6.0,-30.0
1776886750.7141027,3.0,-2.0,-38.0
1776886750.7241027,2.0,1.0,-39.0
1776886750.7341027,4.0,1.0,-31.0
1776886750.7441027,7.0,1.0,-37.0
1776886750.7541027,5.0,1.0,-41.0
1776886750.7641027,5.0,4.0,-42.0
1776886750.7741027,0.0,2.0,-39.0
1776886750.784103,-2.0,0.0,-37.0
1776886750.794103,-5.0,0.0,-28.0
1776886750.804103,-2.0,0.0,-31.0
1776886750.8141026,-4.0,0.0,-25.0
1776886750.8241026,-7.0,3.0,-25.0
1776886750.8341026,-5.0,3.0,-27.0
1776886750.8441026,-5.0,4.0,-35.0
1776886750.8541028,-3.0,7.0,-40.0
1776886750.8641028,1.0,10.0,-42.0
1776886750.8741028,-1.0,8.0,-37.0
1776886750.8841028,0.0,6.0,-31.0
1776886750.8941028,5.0,3.0,-32.0
1776886750.9041028,-1.0,0.0,-37.0
1776886750.9141028,2.0,0.0,-34.0
1776886750.9241028,0.0,-2.0,-38.0
1776886750.9341028,2.0,-3.0,-26.0
1776886750.9441028,2.0,-1.0,-30.0
1776886750.9541028,2.0,0.0,-29.0
1776886750.9641027,5.0,-3.0,-34.0
1776886750.9741027,1.0,-5.0,-37.0
1776886750.9841027,3.0,-7.0,-36.0
1776886750.9941027,1.0,-7.0,-32.0
1776886751.0041027,2.0,-9.0,-33.0
1776886751.0141027,0.0,-5.0,-37.0
1776886751.0241027,3.0,-3.0,-43.0
1776886751.034103,2.0,0.0,-46.0
1776886751.044103,0.0,2.0,-46.0
1776886751.054103,0.0,4.0,-41.0
1776886751.0641026,1.0,6.0,-34.0
1776886751.0741026,2.0,4.0,-40.0
1776886751.0841026,0.0,6.0,-39.0
1776886751.0941026,0.0,5.0,-37.0
1776886751.1041028,0.0,6.0,-38.0
1776886751.1141028,1.0,8.0,-43.0
1776886751.1241028,3.0,6.0,-40.0
1776886751.1341028,5.0,9.0,-37.0
1776886751.1441028,4.0,7.0,-33.0
1776886751.1541028,7.0,3.0,-37.0
1776886751.1641028,8.0,2.0,-38.0
1776886751.1741028,7.0,4.0,-37.0
1776886751.1841028,3.0,7.0,-41.0
1776886751.1941028,9.0,5.0,-33.0
1776886751.2041028,3.0,2.0,-37.0
1776886751.2141027,0.0,0.0,-53.0
1776886751.2241027,-2.0,-4.0,-46.0
1776886751.2341027,0.0,-6.0,-42.0
1776886751.2441027,-3.0,-5.0,-40.0
1776886751.2541027,-2.0,-6.0,-41.0
1776886751.2641027,-5.0,-5.0,-38.0
1776886751.2741027,-8.0,-3.0,-35.0
1776886751.284103,-3.0,0.0,-35.0
1776886751.294103,-3.0,3.0,-42.0
1776886751.304103,-1.0,1.0,-43.0
1776886751.3141026,0.0,1.0,-42.0
1776886751.3241026,3.0,3.0,-42.0
1776886751.3341026,3.0,0.0,-35.0
1776886751.3441026,6.0,2.0,-33.0
1776886751.3541028,7.0,2.0,-31.0
1776886751.3641028,3.0,4.0,-34.0
1776886751.3741028,3.0,7.0,-36.0
1776886751.3841028,0.0,9.0,-39.0
1776886751.3941028,-1.0,6.0,-35.0
1776886751.4041028,0.0,4.0,-36.0
1776886751.4141028,2.0,1.0,-41.0
1776886751.4241028,5.0,-1.0,-40.0
1776886751.4341028,5.0,-1.0,-45.0
1776886751.4441028,0.0,0.0,-41.0
1776886751.4541028,1.0,0.0,-43.0
1776886751.4641027,0.0,-3.0,-52.0
1776886751.4741027,3.0,-6.0,-54.0
1776886751.4841027,4.0,0.0,-52.0
1776886751.4941027,3.0,3.0,-46.0
1776886751.5041027,3.0,1.0,-41.0
1776886751.5141027,5.0,3.0,-40.0
1776886751.5241027,3.0,3.0,-33.0
1776886751.534103,-2.0,2.0,-39.0
1776886751.544103,-1.0,2.0,-34.0
1776886751.554103,0.0,0.0,-41.0
1776886751.5641026,-2.0,0.0,-41.0
1776886751.5741026,-2.0,-2.0,-41.0
1776886751.5841026,0.0,-4.0,-40.0
1776886751.5941026,2.0,-2.0,-35.0
1776886751.6041028,3.0,0.0,-30.0
1776886751.6141028,1.0,3.0,-30.0
1776886751.6241028,0.0,2.0,-30.0
1776886751.6341028,2.0,7.0,-38.0
1776886751.6441028,3.0,1.0,-48.0
1776886751.6541028,0.0,-2.0,-48.0
1776886751.6641028,2.0,-2.0,-55.0
1776886751.6741028,0.0,0.0,-56.0
1776886751.6841028,0.0,0.0,-57.0
1776886751.6941028,-2.0,0.0,-62.0
1776886751.7041028,-4.0,0.0,-57.0
1776886751.7141027,0.0,-2.0,-53.0
1776886751.7241027,0.0,1.0,-52.0
1776886751.7341027,1.0,1.0,-51.0
1776886751.7441027,4.0,0.0,-46.0
1776886751.7541027,6.0,1.0,-43.0
1776886751.7641027,10.0,0.0,-37.0
1776886751.7741027,6.0,-1.0,-34.0
1776886751.784103,3.0,0.0,-32.0
1776886751.794103,1.0,0.0,-35.0
1776886751.804103,1.0,3.0,-36.0
1776886751.8141026,0.0,0.0,-36.0
1776886751.8241026,4.0,-2.0,-39.0
1776886751.8341026,5.0,0.0,-40.0
1776886751.8441026,5.0,3.0,-39.0
1776886751.8541028,2.0,3.0,-38.0
1776886751.8641028,3.0,3.0,-36.0
1776886751.8741028,1.0,-4.0,-37.0
1776886751.8841028,0.0,-8.0,-34.0
1776886751.8941028,2.0,-4.0,-27.0
1776886751.9041028,5.0,0.0,-36.0
1776886751.9141028,5.0,0.0,-34.0
1776886751.9241028,3.0,-1.0,-35.0
1776886751.9341028,1.0,-1.0,-33.0
1776886751.9441028,3.0,0.0,-35.0
1776886751.9541028,2.0,0.0,-34.0
1776886751.9641027,1.0,0.0,-42.0
1776886751.9741027,0.0,0.0,-42.0
1776886751.9841027,0.0,3.0,-39.0
1776886751.9941027,3.0,1.0,-43.0
1776886752.0041027,6.0,0.0,-43.0
1776886752.0141027,2.0,0.0,-46.0
1776886752.0241027,0.0,2.0,-39.0
1776886752.034103,4.0,2.0,-36.0
1776886752.044103,5.0,0.0,-41.0
1776886752.054103,3.0,0.0,-44.0
1776886752.0641026,5.0,-1.0,-41.0
1776886752.0741026,3.0,1.0,-43.0
1776886752.0841026,5.0,-2.0,-42.0
1776886752.0941026,8.0,-3.0,-43.0
1776886752.1041028,6.0,0.0,-51.0
1776886752.1141028,5.0,-1.0,-50.0
1776886752.1241028,5.0,0.0,-48.0
1776886752.1341028,4.0,0.0,-39.0
1776886752.1441028,3.0,0.0,-36.0
1776886752.1541028,-1.0,-1.0,-37.0
1776886752.1641028,-2.0,-6.0,-39.0
1776886752.1741028,2.0,-1.0,-40.0
1776886752.1841028,0.0,-4.0,-40.0
1776886752.1941028,2.0,-2.0,-42.0
1776886752.2041028,3.0,0.0,-40.0
1776886752.2141027,4.0,-1.0,-43.0
1776886752.2241027,2.0,0.0,-44.0
1776886752.2341027,5.0,4.0,-40.0
1776886752.2441027,6.0,3.0,-29.0
1776886752.2541027,6.0,5.0,-27.0
1776886752.2641027,6.0,8.0,-33.0
1776886752.2741027,0.0,5.0,-33.0
1776886752.284103,-3.0,9.0,-24.0
1776886752.294103,-2.0,11.0,-24.0
1776886752.304103,-3.0,6.0,-28.0
1776886752.3141026,1.0,6.0,-39.0
1776886752.3241026,2.0,7.0,-37.0
1776886752.3341026,-1.0,5.0,-37.0
1776886752.3441026,1.0,4.0,-47.0
1776886752.3541028,-2.0,1.0,-41.0
1776886752.3641028,-5.0,0.0,-40.0
1776886752.3741028,-4.0,-1.0,-37.0
1776886752.3841028,-2.0,-3.0,-36.0
1776886752.3941028,-3.0,0.0,-38.0
1776886752.4041028,3.0,-1.0,-34.0
1776886752.4141028,3.0,-4.0,-35.0
1776886752.4241028,1.0,-2.0,-43.0
1776886752.4341028,3.0,0.0,-35.0
1776886752.4451027,6.0,-3.0,-39.0
1776886752.4551027,7.0,-6.0,-39.0
1776886752.465103,6.0,-5.0,-35.0
1776886752.475103,7.0,-4.0,-36.0
1776886752.485103,2.0,-1.0,-39.0
1776886752.4951026,0.0,0.0,-34.0
1776886752.5051026,5.0,1.0,-32.0
1776886752.5151026,6.0,1.0,-33.0
1776886752.5251029,7.0,0.0,-34.0
1776886752.5351028,4.0,0.0,-36.0
1776886752.5451028,4.0,0.0,-31.0
1776886752.5551028,1.0,1.0,-28.0
1776886752.5651028,-4.0,2.0,-36.0
1776886752.5751028,-6.0,-1.0,-40.0
1776886752.5851028,2.0,-2.0,-36.0
1776886752.5951028,1.0,-5.0,-33.0
1776886752.6051028,3.0,-5.0,-30.0
1776886752.6151028,0.0,0.0,-31.0
1776886752.6251028,1.0,2.0,-36.0
1776886752.6351027,3.0,0.0,-31.0
1776886752.6451027,-1.0,0.0,-29.0
1776886752.6551027,3.0,3.0,-30.0
1776886752.6651027,2.0,3.0,-32.0
1776886752.6751027,4.0,4.0,-31.0
1776886752.6851027,0.0,8.0,-34.0
1776886752.6951027,3.0,4.0,-33.0
1776886752.7051027,2.0,5.0,-28.0
1776886752.715103,3.0,0.0,-30.0
1776886752.725103,1.0,1.0,-33.0
1776886752.735103,1.0,3.0,-38.0
1776886752.7451026,4.0,3.0,-36.0
1776886752.7551026,3.0,2.0,-40.0
1776886752.7651026,5.0,0.0,-41.0
1776886752.7751029,0.0,-1.0,-40.0
1776886752.7851028,0.0,-1.0,-40.0
1776886752.7951028,-5.0,-4.0,-39.0
1776886752.8051028,-1.0,-5.0,-36.0
1776886752.8151028,-2.0,-2.0,-38.0
1776886752.8251028,0.0,-5.0,-27.0
1776886752.8351028,-5.0,-4.0,-28.0
1776886752.8451028,-3.0,-5.0,-30.0
1776886752.8551028,1.0,0.0,-27.0
1776886752.8651028,0.0,0.0,-28.0
1776886752.8751028,-1.0,-2.0,-27.0
1776886752.8851027,-5.0,-4.0,-37.0
1776886752.8951027,-8.0,-5.0,-41.0
1776886752.9051027,-7.0,-2.0,-42.0
1776886752.9151027,0.0,0.0,-42.0
1776886752.9251027,1.0,4.0,-36.0
1776886752.9351027,2.0,3.0,-37.0
1776886752.9451027,0.0,3.0,-35.0
1776886752.9551027,-1.0,0.0,-29.0
1776886752.965103,0.0,0.0,-31.0
1776886752.975103,3.0,1.0,-34.0
1776886752.985103,1.0,3.0,-38.0
1776886752.9951026,6.0,9.0,-34.0
1776886753.0051026,4.0,11.0,-30.0
1776886753.0151026,0.0,8.0,-36.0
1776886753.0251029,-1.0,8.0,-36.0
1776886753.0351028,-1.0,6.0,-35.0
1776886753.0451028,0.0,8.0,-37.0
1776886753.0551028,1.0,6.0,-38.0
1776886753.0651028,2.0,5.0,-37.0
1776886753.0751028,3.0,2.0,-37.0
1776886753.0851028,4.0,1.0,-36.0
1776886753.0951028,1.0,-1.0,-38.0
1776886753.1051028,0.0,1.0,-39.0
1776886753.1151028,-3.0,3.0,-39.0
1776886753.1251028,-1.0,0.0,-40.0
1776886753.1351027,3.0,0.0,-32.0
1776886753.1451027,0.0,0.0,-31.0
1776886753.1551027,-1.0,3.0,-30.0
1776886753.1651027,4.0,5.0,-35.0
1776886753.1751027,5.0,5.0,-25.0
1776886753.1851027,3.0,1.0,-32.0
1776886753.1951027,0.0,2.0,-42.0
1776886753.2051027,3.0,1.0,-45.0
1776886753.215103,2.0,0.0,-47.0
1776886753.225103,0.0,-2.0,-41.0
1776886753.235103,0.0,-1.0,-44.0
1776886753.2451026,-2.0,2.0,-47.0
1776886753.2551026,-4.0,0.0,-47.0
1776886753.2651026,-5.0,1.0,-40.0
1776886753.2751029,-4.0,0.0,-39.0
1776886753.2851028,-6.0,0.0,-39.0
1776886753.2951028,-3.0,2.0,-44.0
1776886753.3051028,-1.0,0.0,-38.0
1776886753.3151028,1.0,-1.0,-36.0
1776886753.3251028,1.0,-4.0,-32.0
1776886753.3351028,0.0,-8.0,-32.0
1776886753.3451028,-1.0,-7.0,-36.0
1776886753.3551028,-4.0,-1.0,-35.0
1776886753.3651028,-4.0,1.0,-32.0
1776886753.3751028,-5.0,1.0,-34.0
1776886753.3851027,0.0,-1.0,-39.0
1776886753.3951027,1.0,-5.0,-36.0
1776886753.4051027,1.0,-3.0,-31.0
1776886753.4151027,3.0,-7.0,-38.0
1776886753.4251027,2.0,-9.0,-40.0
1776886753.4351027,0.0,-8.0,-36.0
1776886753.4451027,5.0,-5.0,-30.0
1776886753.4551027,3.0,-2.0,-28.0
1776886753.465103,2.0,-2.0,-22.0
1776886753.475103,4.0,-1.0,-24.0
1776886753.485103,4.0,-4.0,-34.0
1776886753.4951026,3.0,-5.0,-33.0
1776886753.5051026,5.0,-8.0,-39.0
1776886753.5151026,5.0,-8.0,-39.0
1776886753.5251029,6.0,-2.0,-42.0
1776886753.5351028,6.0,1.0,-40.0
1776886753.5451028,6.0,-2.0,-38.0
1776886753.5551028,3.0,2.0,-39.0
1776886753.5651028,0.0,5.0,-41.0
1776886753.5751028,-4.0,8.0,-41.0
1776886753.5851028,-4.0,9.0,-41.0
1776886753.5951028,0.0,7.0,-41.0
1776886753.6051028,1.0,5.0,-39.0
1776886753.6151028,-2.0,5.0,-41.0
1776886753.6251028,-2.0,2.0,-36.0
1776886753.6351027,-5.0,5.0,-39.0
1776886753.6451027,-3.0,8.0,-38.0
1776886753.6551027,0.0,2.0,-38.0
1776886753.6651027,-1.0,1.0,-35.0
1776886753.6751027,0.0,2.0,-32.0
1776886753.6851027,1.0,7.0,-35.0
1776886753.6951027,-2.0,2.0,-37.0
1776886753.7051027,-3.0,2.0,-37.0
1776886753.715103,-2.0,-2.0,-37.0
1776886753.725103,-4.0,-1.0,-30.0
1776886753.735103,1.0,1.0,-22.0
1776886753.7451026,2.0,0.0,-24.0
1776886753.7551026,-1.0,-1.0,-20.0
1776886753.7651026,-1.0,-1.0,-21.0
1776886753.7751029,2.0,0.0,-24.0
1776886753.7851028,6.0,1.0,-19.0
1776886753.7951028,2.0,1.0,-20.0
1776886753.8051028,-1.0,1.0,-28.0
1776886753.8151028,-3.0,1.0,-28.0
1776886753.8251028,-2.0,-1.0,-31.0
1776886753.8351028,0.0,-4.0,-30.0
1776886753.8451028,0.0,-2.0,-38.0
1776886753.8551028,2.0,0.0,-34.0
1776886753.8651028,1.0,-1.0,-35.0
1776886753.8751028,4.0,-2.0,-38.0
1776886753.8851027,1.0,-4.0,-44.0
1776886753.8951027,-2.0,-2.0,-41.0
1776886753.9051027,0.0,0.0,-35.0
1776886753.9151027,2.0,-1.0,-33.0
1776886753.9251027,0.0,-4.0,-36.0
1776886753.9351027,1.0,-4.0,-39.0
1776886753.9451027,3.0,-7.0,-40.0
1776886753.9551027,0.0,-8.0,-30.0
1776886753.965103,0.0,-7.0,-23.0
1776886753.975103,2.0,-5.0,-19.0
1776886753.985103,0.0,-1.0,-22.0
1776886753.9951026,0.0,-2.0,-21.0
1776886754.0051026,-5.0,-6.0,-26.0
1776886754.0151026,-4.0,-5.0,-32.0
1776886754.0251029,-2.0,-5.0,-32.0
1776886754.0351028,-2.0,-5.0,-36.0
1776886754.0451028,-3.0,-2.0,-36.0
1776886754.0551028,-3.0,1.0,-37.0
1776886754.0651028,1.0,0.0,-38.0
1776886754.0751028,0.0,-2.0,-39.0
1776886754.0851028,-2.0,-4.0,-41.0
1776886754.0951028,-2.0,0.0,-42.0
1776886754.1051028,4.0,0.0,-44.0
1776886754.1151028,3.0,1.0,-37.0
1776886754.1251028,4.0,1.0,-38.0
1776886754.1351027,9.0,2.0,-30.0
1776886754.1451027,9.0,3.0,-29.0
1776886754.1551027,8.0,5.0,-26.0
1776886754.1651027,7.0,5.0,-27.0
1776886754.1751027,5.0,2.0,-27.0
1776886754.1851027,3.0,0.0,-26.0
1776886754.1951027,0.0,0.0,-27.0
1776886754.2051027,-1.0,4.0,-22.0
1776886754.215103,0.0,0.0,-22.0
1776886754.225103,0.0,-3.0,-28.0
1776886754.235103,2.0,-4.0,-33.0
1776886754.2451026,4.0,0.0,-33.0
1776886754.2551026,0.0,1.0,-31.0
1776886754.2651026,2.0,3.0,-27.0
1776886754.2751029,5.0,4.0,-33.0
1776886754.2851028,6.0,3.0,-34.0
1776886754.2951028,5.0,0.0,-33.0
1776886754.3051028,4.0,1.0,-39.0
1776886754.3151028,6.0,2.0,-37.0
1776886754.3251028,5.0,0.0,-38.0
1776886754.3351028,5.0,0.0,-39.0
1776886754.3451028,0.0,2.0,-44.0
1776886754.3551028,-5.0,1.0,-47.0
1776886754.3651028,-5.0,1.0,-43.0
1776886754.3751028,-1.0,-2.0,-41.0
1776886754.3851027,0.0,0.0,-37.0
1776886754.3951027,4.0,-3.0,-34.0
1776886754.4051027,8.0,-6.0,-36.0
1776886754.4151027,10.0,-4.0,-34.0
1776886754.4261026,6.0,-2.0,-36.0
1776886754.4351027,9.0,-3.0,-37.0
1776886754.4461029,8.0,-6.0,-36.0
1776886754.4561028,5.0,-9.0,-34.0
1776886754.4661028,5.0,-9.0,-32.0
1776886754.4761028,6.0,-10.0,-33.0
1776886754.4861028,8.0,-9.0,-39.0
1776886754.4961028,6.0,-7.0,-37.0
1776886754.5061028,5.0,-3.0,-38.0
1776886754.5151026,3.0,-1.0,-34.0
1776886754.5261028,2.0,-3.0,-30.0
1776886754.5361028,1.0,-5.0,-30.0
1776886754.5461028,0.0,-7.0,-35.0
1776886754.5561028,0.0,-6.0,-39.0
1776886754.5661027,0.0,-5.0,-37.0
1776886754.5761027,-2.0,-2.0,-38.0
1776886754.5861027,-1.0,1.0,-41.0
1776886754.5961027,0.0,-1.0,-49.0
1776886754.6061027,-1.0,-2.0,-53.0
1776886754.6161027,-2.0,-6.0,-51.0
1776886754.6261027,-3.0,-5.0,-43.0
1776886754.636103,-2.0,-6.0,-42.0
1776886754.646103,-1.0,0.0,-43.0
1776886754.656103,1.0,-2.0,-42.0
1776886754.6661026,1.0,-6.0,-47.0
1776886754.6761026,0.0,-1.0,-45.0
1776886754.6861026,-1.0,0.0,-40.0
1776886754.6961029,0.0,2.0,-41.0
1776886754.7061028,5.0,9.0,-42.0
1776886754.7161028,6.0,6.0,-40.0
1776886754.7261028,7.0,3.0,-33.0
1776886754.7361028,9.0,-2.0,-32.0
1776886754.7461028,7.0,-3.0,-29.0
1776886754.7561028,7.0,-6.0,-38.0
1776886754.7661028,3.0,-4.0,-40.0
1776886754.7761028,0.0,-3.0,-41.0
1776886754.7861028,0.0,0.0,-37.0
1776886754.7961028,0.0,0.0,-38.0
1776886754.8061028,-2.0,-3.0,-40.0
1776886754.8161027,-4.0,-6.0,-38.0
1776886754.8261027,-4.0,-2.0,-32.0
1776886754.8361027,1.0,-4.0,-28.0
1776886754.8461027,-1.0,-3.0,-36.0
1776886754.8561027,-1.0,0.0,-41.0
1776886754.8661027,-2.0,-1.0,-44.0
1776886754.8761027,-3.0,-3.0,-43.0
1776886754.886103,-8.0,-6.0,-42.0
1776886754.896103,-5.0,-4.0,-41.0
1776886754.906103,0.0,-3.0,-39.0
1776886754.9161026,3.0,-3.0,-39.0
1776886754.9261026,3.0,-1.0,-37.0
1776886754.9361026,2.0,-3.0,-31.0
1776886754.9461029,-4.0,-4.0,-29.0
1776886754.9561028,0.0,-8.0,-31.0
1776886754.9661028,0.0,-5.0,-33.0
1776886754.9761028,-2.0,-6.0,-38.0
1776886754.9861028,-3.0,-3.0,-36.0
1776886754.9961028,-4.0,-3.0,-38.0
1776886755.0061028,0.0,-6.0,-43.0
1776886755.0161028,-3.0,-1.0,-45.0
1776886755.0261028,-7.0,0.0,-45.0
1776886755.0361028,-3.0,0.0,-44.0
1776886755.0461028,-5.0,0.0,-38.0
1776886755.0561028,-6.0,-1.0,-36.0
1776886755.0661027,-7.0,-5.0,-38.0
1776886755.0761027,-4.0,-2.0,-38.0
1776886755.0861027,-2.0,0.0,-36.0
1776886755.0961027,-1.0,1.0,-31.0
1776886755.1061027,-7.0,3.0,-38.0
1776886755.1161027,-6.0,2.0,-38.0
1776886755.1261027,-3.0,2.0,-39.0
1776886755.136103,-1.0,0.0,-36.0
1776886755.146103,0.0,-1.0,-36.0
1776886755.156103,3.0,-5.0,-34.0
1776886755.1661026,4.0,-4.0,-32.0
1776886755.1761026,1.0,-4.0,-32.0
1776886755.1861026,3.0,-5.0,-33.0
1776886755.1961029,-1.0,-6.0,-38.0
1776886755.2061028,0.0,-7.0,-44.0
1776886755.2161028,0.0,-4.0,-44.0
1776886755.2261028,-2.0,-7.0,-47.0
1776886755.2361028,-6.0,-5.0,-42.0
1776886755.2461028,-9.0,-5.0,-37.0
1776886755.2561028,-3.0,-6.0,-35.0
1776886755.2661028,-3.0,-4.0,-40.0
1776886755.2761028,0.0,0.0,-52.0
1776886755.2861028,2.0,0.0,-55.0
1776886755.2961028,5.0,-3.0,-52.0
1776886755.3061028,0.0,-5.0,-49.0
1776886755.3161027,0.0,-5.0,-47.0
1776886755.3261027,-6.0,-4.0,-42.0
1776886755.3361027,-5.0,-5.0,-43.0
1776886755.3461027,-1.0,-3.0,-45.0
1776886755.3561027,2.0,-3.0,-44.0
1776886755.3661027,5.0,-2.0,-49.0
1776886755.3761027,2.0,0.0,-45.0
1776886755.386103,5.0,-3.0,-45.0
1776886755.396103,7.0,-1.0,-41.0
1776886755.406103,3.0,-1.0,-40.0
1776886755.4161026,0.0,0.0,-32.0
1776886755.4261026,0.0,3.0,-32.0
1776886755.4361026,-3.0,1.0,-31.0
1776886755.4461029,1.0,0.0,-28.0
1776886755.4561028,0.0,0.0,-27.0
1776886755.4661028,5.0,-3.0,-26.0
1776886755.4761028,5.0,-3.0,-36.0
1776886755.4861028,9.0,-5.0,-36.0
1776886755.4961028,7.0,-8.0,-36.0
1776886755.5061028,6.0,-5.0,-37.0
1776886755.5161028,7.0,-8.0,-34.0
1776886755.5261028,7.0,-9.0,-28.0
1776886755.5361028,5.0,-10.0,-33.0
1776886755.5461028,8.0,-8.0,-35.0
1776886755.5561028,3.0,-9.0,-29.0
1776886755.5661027,1.0,-6.0,-29.0
1776886755.5761027,-1.0,-10.0,-36.0
1776886755.5861027,-2.0,-8.0,-41.0
1776886755.5961027,-3.0,-3.0,-35.0
1776886755.6061027,0.0,-1.0,-35.0
1776886755.6161027,-2.0,-3.0,-35.0
1776886755.6261027,-4.0,-1.0,-42.0
1776886755.636103,-3.0,-3.0,-42.0
1776886755.646103,0.0,-7.0,-41.0
1776886755.656103,3.0,-6.0,-44.0
1776886755.6661026,3.0,-1.0,-45.0
1776886755.6761026,9.0,0.0,-44.0
1776886755.6861026,10.0,0.0,-42.0
1776886755.6961029,7.0,0.0,-47.0
1776886755.7061028,0.0,1.0,-44.0
1776886755.7161028,0.0,1.0,-41.0
1776886755.7261028,-4.0,0.0,-33.0
1776886755.7361028,-1.0,0.0,-34.0
1776886755.7461028,0.0,0.0,-34.0
1776886755.7561028,1.0,-4.0,-33.0
1776886755.7661028,3.0,0.0,-30.0
1776886755.7761028,3.0,-1.0,-27.0
1776886755.7861028,5.0,0.0,-31.0
1776886755.7961028,6.0,-6.0,-39.0
1776886755.8061028,1.0,-6.0,-29.0
1776886755.8161027,-1.0,-7.0,-31.0
1776886755.8261027,0.0,-7.0,-28.0
1776886755.8361027,4.0,-4.0,-30.0
1776886755.8461027,2.0,-1.0,-33.0
1776886755.8561027,4.0,0.0,-36.0
1776886755.8661027,7.0,2.0,-44.0
1776886755.8761027,3.0,1.0,-50.0
1776886755.886103,2.0,-2.0,-40.0
1776886755.896103,2.0,0.0,-35.0
1776886755.906103,0.0,-2.0,-35.0
1776886755.9161026,-1.0,0.0,-32.0
1776886755.9261026,-2.0,3.0,-32.0
1776886755.9361026,1.0,0.0,-33.0
1776886755.9461029,-2.0,4.0,-38.0
1776886755.9561028,-3.0,2.0,-39.0
1776886755.9661028,0.0,1.0,-35.0
1776886755.9761028,4.0,5.0,-41.0
1776886755.9861028,0.0,2.0,-36.0
1776886755.9961028,-1.0,2.0,-30.0
1776886756.0061028,-2.0,3.0,-27.0
1776886756.0161028,0.0,0.0,-36.0
1776886756.0261028,-1.0,-1.0,-41.0
1776886756.0361028,0.0,2.0,-42.0
1776886756.0461028,-1.0,6.0,-41.0
1776886756.0561028,-1.0,1.0,-47.0
1776886756.0661027,-2.0,1.0,-48.0
1776886756.0761027,1.0,1.0,-41.0
1776886756.0861027,3.0,-3.0,-41.0
1776886756.0961027,0.0,-3.0,-42.0
1776886756.1061027,0.0,0.0,-43.0
1776886756.1161027,-2.0,4.0,-35.0
1776886756.1261027,-1.0,3.0,-35.0
1776886756.136103,1.0,5.0,-36.0
1776886756.146103,4.0,6.0,-41.0
1776886756.156103,0.0,5.0,-44.0
1776886756.1661026,0.0,1.0,-43.0
1776886756.1761026,-4.0,-3.0,-41.0
1776886756.1861026,-6.0,-5.0,-37.0
1776886756.1961029,-5.0,-9.0,-36.0
1776886756.2061028,-9.0,-6.0,-34.0
1776886756.2161028,-6.0,-6.0,-32.0
1776886756.2261028,-5.0,-6.0,-33.0
1776886756.2361028,-4.0,-5.0,-34.0
1776886756.2461028,-2.0,-2.0,-33.0
1776886756.2561028,0.0,0.0,-30.0
1776886756.2661028,-2.0,0.0,-30.0
1776886756.2761028,0.0,-5.0,-33.0
1776886756.2861028,1.0,-8.0,-39.0
1776886756.2961028,-1.0,-8.0,-46.0
1776886756.3061028,-2.0,-4.0,-40.0
1776886756.3161027,-4.0,-4.0,-35.0
1776886756.3261027,-5.0,-2.0,-36.0
1776886756.3361027,-1.0,-1.0,-40.0
1776886756.3461027,-3.0,0.0,-41.0
1776886756.3561027,0.0,1.0,-38.0
1776886756.3661027,-1.0,-1.0,-35.0
1776886756.3761027,1.0,-5.0,-39.0
1776886756.386103,5.0,-5.0,-38.0
1776886756.396103,5.0,-3.0,-38.0
1776886756.406103,1.0,-5.0,-41.0
1776886756.4161026,0.0,-1.0,-36.0
1776886756.4271028,0.0,0.0,-34.0
1776886756.4361026,1.0,1.0,-30.0
1776886756.4471028,0.0,0.0,-28.0
1776886756.4571028,0.0,-1.0,-31.0
1776886756.4671028,-3.0,-4.0,-31.0
1776886756.4771028,-3.0,-1.0,-34.0
1776886756.4871027,-1.0,-3.0,-39.0
1776886756.4971027,-1.0,-3.0,-44.0
1776886756.5071027,1.0,0.0,-38.0
1776886756.5171027,3.0,4.0,-38.0
1776886756.5271027,3.0,7.0,-38.0
1776886756.5371027,1.0,3.0,-32.0
1776886756.5471027,8.0,0.0,-37.0
1776886756.557103,11.0,-3.0,-39.0
1776886756.567103,10.0,-2.0,-42.0
1776886756.577103,6.0,0.0,-39.0
1776886756.587103,4.0,-1.0,-28.0
1776886756.5971026,2.0,0.0,-31.0
1776886756.6071026,0.0,0.0,-38.0
1776886756.6171026,-3.0,0.0,-37.0
1776886756.6271029,-4.0,0.0,-47.0
1776886756.6371028,-4.0,0.0,-44.0
1776886756.6471028,0.0,-2.0,-41.0
1776886756.6571028,1.0,0.0,-35.0
1776886756.6671028,2.0,0.0,-37.0
1776886756.6771028,0.0,0.0,-39.0
1776886756.6871028,-1.0,-4.0,-38.0
1776886756.6971028,-5.0,-7.0,-37.0
1776886756.7071028,-5.0,-7.0,-38.0
1776886756.7171028,-5.0,-8.0,-43.0
1776886756.7271028,-5.0,-7.0,-41.0
1776886756.7371027,-5.0,-6.0,-31.0
1776886756.7471027,-1.0,-3.0,-29.0
1776886756.7571027,-1.0,0.0,-40.0
1776886756.7671027,2.0,-1.0,-44.0
1776886756.7771027,1.0,-1.0,-44.0
1776886756.7871027,3.0,0.0,-41.0
1776886756.7971027,3.0,-1.0,-39.0
1776886756.807103,1.0,0.0,-37.0
1776886756.817103,-1.0,-2.0,-34.0
1776886756.827103,-1.0,-6.0,-42.0
1776886756.837103,2.0,-7.0,-40.0
1776886756.8471026,5.0,-5.0,-39.0
1776886756.8571026,3.0,-6.0,-35.0
1776886756.8671026,1.0,-5.0,-31.0
1776886756.8771029,-3.0,-4.0,-30.0
1776886756.8871028,-2.0,-2.0,-32.0
1776886756.8971028,-2.0,-4.0,-34.0
1776886756.9071028,2.0,-3.0,-42.0
1776886756.9171028,1.0,-2.0,-40.0
1776886756.9271028,4.0,0.0,-42.0
1776886756.9371028,4.0,-4.0,-37.0
1776886756.9471028,1.0,2.0,-34.0
1776886756.9571028,-4.0,1.0,-33.0
1776886756.9671028,-4.0,0.0,-33.0
1776886756.9771028,-4.0,1.0,-38.0
1776886756.9871027,-6.0,0.0,-45.0
1776886756.9971027,-7.0,0.0,-48.0
1776886757.0071027,-7.0,3.0,-44.0
1776886757.0171027,-7.0,0.0,-39.0
1776886757.0271027,-4.0,-4.0,-34.0
1776886757.0371027,0.0,-1.0,-38.0
1776886757.0471027,4.0,0.0,-35.0
1776886757.057103,0.0,-3.0,-41.0
1776886757.067103,1.0,-4.0,-43.0
1776886757.077103,0.0,0.0,-43.0
1776886757.087103,3.0,0.0,-38.0
1776886757.0971026,7.0,2.0,-41.0
1776886757.1071026,3.0,1.0,-43.0
1776886757.1171026,2.0,2.0,-50.0
1776886757.1271029,1.0,0.0,-52.0
1776886757.1371028,1.0,2.0,-43.0
1776886757.1471028,3.0,5.0,-38.0
1776886757.1571028,3.0,7.0,-40.0
1776886757.1671028,3.0,4.0,-37.0
1776886757.1771028,3.0,-1.0,-37.0
1776886757.1871028,2.0,-6.0,-35.0
1776886757.1971028,1.0,-6.0,-36.0
1776886757.2071028,1.0,-6.0,-33.0
1776886757.2171028,-1.0,-9.0,-24.0
1776886757.2271028,-2.0,-10.0,-24.0
1776886757.2371027,-3.0,-6.0,-25.0
1776886757.2471027,-4.0,0.0,-30.0
1776886757.2571027,-4.0,-2.0,-31.0
1776886757.2671027,1.0,-1.0,-36.0
1776886757.2771027,5.0,-1.0,-39.0
1776886757.2871027,0.0,-2.0,-44.0
1776886757.2971027,-6.0,-4.0,-47.0
1776886757.307103,-5.0,-6.0,-41.0
1776886757.317103,-6.0,-7.0,-35.0
1776886757.327103,-6.0,-9.0,-35.0
1776886757.337103,-4.0,-8.0,-29.0
1776886757.3471026,-4.0,-8.0,-27.0
1776886757.3571026,-4.0,-6.0,-33.0
1776886757.3671026,-3.0,-3.0,-38.0
1776886757.3771029,0.0,-3.0,-40.0
1776886757.3871028,1.0,0.0,-40.0
1776886757.3971028,-3.0,-1.0,-41.0
1776886757.4071028,-4.0,-5.0,-42.0
1776886757.4171028,-3.0,-2.0,-40.0
1776886757.4271028,-1.0,5.0,-36.0
1776886757.4371028,3.0,1.0,-38.0
1776886757.4471028,2.0,-1.0,-36.0
1776886757.4571028,2.0,-5.0,-37.0
1776886757.4671028,1.0,-5.0,-33.0
1776886757.4771028,0.0,-4.0,-40.0
1776886757.4871027,0.0,-6.0,-46.0
1776886757.4971027,0.0,-6.0,-42.0
1776886757.5071027,0.0,-6.0,-44.0
1776886757.5171027,0.0,0.0,-37.0
1776886757.5271027,1.0,0.0,-40.0
1776886757.5371027,0.0,1.0,-41.0
1776886757.5471027,0.0,2.0,-35.0
1776886757.557103,1.0,5.0,-37.0
1776886757.567103,-1.0,7.0,-36.0
1776886757.577103,-4.0,6.0,-36.0
1776886757.587103,-8.0,4.0,-34.0
1776886757.5971026,-8.0,1.0,-28.0
1776886757.6071026,-7.0,-6.0,-26.0
1776886757.6171026,-7.0,-6.0,-25.0
1776886757.6271029,-3.0,-4.0,-28.0
1776886757.6371028,1.0,-5.0,-33.0
1776886757.6471028,0.0,-7.0,-36.0
1776886757.6571028,-2.0,-3.0,-36.0
1776886757.6671028,0.0,-1.0,-38.0
1776886757.6771028,-1.0,-1.0,-44.0
1776886757.6871028,0.0,-6.0,-38.0
1776886757.6971028,0.0,-5.0,-33.0
1776886757.7071028,-2.0,-3.0,-36.0
1776886757.7171028,-1.0,-9.0,-36.0
1776886757.7271028,0.0,-12.0,-36.0
1776886757.7371027,1.0,-8.0,-34.0
1776886757.7471027,2.0,-6.0,-30.0
1776886757.7571027,5.0,-7.0,-40.0
1776886757.7671027,3.0,-6.0,-39.0
1776886757.7771027,6.0,-4.0,-42.0
1776886757.7871027,5.0,-2.0,-40.0
1776886757.7971027,7.0,-1.0,-45.0
1776886757.807103,4.0,0.0,-46.0
1776886757.817103,3.0,3.0,-42.0
1776886757.827103,5.0,4.0,-34.0
1776886757.837103,6.0,0.0,-27.0
1776886757.8471026,11.0,0.0,-33.0
1776886757.8571026,8.0,-1.0,-32.0
1776886757.8671026,5.0,-4.0,-33.0
1776886757.8771029,4.0,-3.0,-36.0
1776886757.8871028,0.0,-3.0,-34.0
1776886757.8971028,-4.0,-3.0,-37.0
1776886757.9071028,-6.0,-5.0,-37.0
1776886757.9171028,-4.0,-8.0,-42.0
1776886757.9271028,-4.0,-4.0,-43.0
1776886757.9371028,-5.0,-5.0,-43.0
1776886757.9471028,-2.0,-5.0,-36.0
1776886757.9571028,-1.0,-6.0,-42.0
1776886757.9671028,-1.0,-4.0,-46.0
1776886757.9771028,-8.0,-5.0,-44.0
1776886757.9871027,-4.0,-5.0,-45.0
1776886757.9971027,-3.0,-5.0,-44.0
1776886758.0071027,-4.0,-4.0,-42.0
1776886758.0171027,-4.0,-3.0,-44.0
1776886758.0271027,0.0,0.0,-35.0
1776886758.0371027,-2.0,3.0,-32.0
1776886758.0471027,-1.0,4.0,-35.0
1776886758.057103,-2.0,4.0,-35.0
1776886758.067103,0.0,0.0,-32.0
1776886758.077103,4.0,1.0,-36.0
1776886758.087103,-2.0,1.0,-43.0
1776886758.0971026,0.0,-2.0,-41.0
1776886758.1071026,1.0,0.0,-37.0
1776886758.1171026,5.0,0.0,-34.0
1776886758.1271029,5.0,-2.0,-34.0
1776886758.1371028,5.0,-4.0,-34.0
1776886758.1471028,2.0,-3.0,-35.0
1776886758.1571028,0.0,-2.0,-35.0
1776886758.1671028,-4.0,-4.0,-38.0
1776886758.1771028,-7.0,-4.0,-38.0
1776886758.1871028,-2.0,-3.0,-39.0
1776886758.1971028,-2.0,1.0,-30.0
1776886758.2071028,-1.0,5.0,-41.0
1776886758.2171028,-3.0,8.0,-42.0
1776886758.2271028,0.0,5.0,-40.0
1776886758.2371027,3.0,6.0,-35.0
1776886758.2471027,0.0,5.0,-29.0
1776886758.2571027,3.0,5.0,-29.0
1776886758.2671027,3.0,0.0,-29.0
1776886758.2771027,2.0,2.0,-34.0
1776886758.2871027,0.0,0.0,-44.0
1776886758.2971027,-4.0,-2.0,-45.0
1776886758.307103,-5.0,-2.0,-38.0
1776886758.317103,-9.0,-1.0,-44.0
1776886758.327103,-7.0,-2.0,-44.0
1776886758.337103,-7.0,-4.0,-49.0
1776886758.3471026,-8.0,-1.0,-45.0
1776886758.3571026,-4.0,1.0,-51.0
1776886758.3671026,-4.0,-5.0,-46.0
1776886758.3771029,-7.0,-5.0,-47.0
1776886758.3871028,-6.0,-6.0,-49.0
1776886758.3971028,-2.0,-7.0,-44.0
1776886758.4071028,4.0,-6.0,-41.0
1776886758.4181027,5.0,-2.0,-42.0
1776886758.4271028,5.0,0.0,-39.0
1776886758.4381027,7.0,-7.0,-41.0
1776886758.4481027,5.0,-4.0,-42.0
1776886758.4581027,4.0,-5.0,-37.0
1776886758.4681027,4.0,-4.0,-30.0
1776886758.4781027,3.0,-3.0,-39.0
1776886758.488103,4.0,-4.0,-40.0
1776886758.498103,6.0,-8.0,-45.0
1776886758.508103,8.0,-4.0,-37.0
1776886758.5181026,5.0,0.0,-34.0
1776886758.5281026,5.0,-2.0,-35.0
1776886758.5381026,0.0,-2.0,-43.0
1776886758.5481029,0.0,0.0,-46.0
1776886758.5581028,3.0,2.0,-41.0
1776886758.5681028,3.0,0.0,-40.0
1776886758.5781028,0.0,-6.0,-37.0
1776886758.5881028,-2.0,-7.0,-35.0
1776886758.5981028,1.0,-7.0,-37.0
1776886758.6081028,0.0,-7.0,-40.0
1776886758.6181028,0.0,-4.0,-44.0
1776886758.6281028,1.0,-5.0,-46.0
1776886758.6381028,3.0,-6.0,-43.0
1776886758.6481028,3.0,-6.0,-41.0
1776886758.6581028,2.0,-4.0,-39.0
1776886758.6681027,-2.0,-5.0,-32.0
1776886758.6781027,0.0,-1.0,-33.0
1776886758.6881027,1.0,1.0,-33.0
1776886758.6981027,2.0,0.0,-34.0
1776886758.7081027,2.0,0.0,-33.0
1776886758.7181027,6.0,-4.0,-29.0
1776886758.7281027,8.0,-4.0,-24.0
1776886758.738103,9.0,-5.0,-25.0
1776886758.748103,4.0,-6.0,-33.0
1776886758.758103,2.0,-7.0,-35.0
1776886758.7681026,3.0,-5.0,-36.0
1776886758.7781026,4.0,-9.0,-33.0
1776886758.7881026,4.0,-12.0,-31.0
1776886758.7981029,3.0,-11.0,-33.0
1776886758.8081028,1.0,-10.0,-36.0
1776886758.8181028,7.0,-10.0,-40.0
1776886758.8281028,6.0,-10.0,-38.0
1776886758.8381028,8.0,-4.0,-43.0
1776886758.8481028,6.0,-6.0,-37.0
1776886758.8581028,5.0,-7.0,-37.0
1776886758.8681028,9.0,-6.0,-37.0
1776886758.8781028,7.0,-2.0,-34.0
1776886758.8881028,5.0,-2.0,-30.0
1776886758.8981028,4.0,-2.0,-37.0
1776886758.9081028,6.0,0.0,-38.0
1776886758.9181027,8.0,2.0,-45.0
1776886758.9281027,3.0,2.0,-46.0
1776886758.9381027,3.0,-1.0,-44.0
1776886758.9481027,3.0,3.0,-47.0
1776886758.9581027,3.0,8.0,-43.0
1776886758.9681027,2.0,3.0,-42.0
1776886758.9781027,-1.0,0.0,-39.0
1776886758.988103,2.0,1.0,-40.0
1776886758.998103,1.0,-1.0,-46.0
1776886759.008103,1.0,0.0,-43.0
1776886759.0181026,0.0,-3.0,-46.0
1776886759.0281026,2.0,-4.0,-47.0
1776886759.0381026,1.0,-3.0,-49.0
1776886759.0481029,-2.0,0.0,-43.0
1776886759.0581028,0.0,0.0,-48.0
1776886759.0681028,0.0,-5.0,-47.0
1776886759.0781028,-3.0,-3.0,-43.0
1776886759.0881028,0.0,-2.0,-42.0
1776886759.0981028,-4.0,-5.0,-40.0
1776886759.1081028,-10.0,-1.0,-40.0
1776886759.1181028,-2.0,-4.0,-37.0
1776886759.1281028,-4.0,-1.0,-36.0
1776886759.1381028,-5.0,-5.0,-33.0
1776886759.1481028,-5.0,-5.0,-42.0
1776886759.1581028,-5.0,-2.0,-40.0
1776886759.1681027,-4.0,0.0,-39.0
1776886759.1781027,-2.0,-4.0,-37.0
1776886759.1881027,3.0,-5.0,-41.0
1776886759.1981027,6.0,-8.0,-43.0
1776886759.2081027,5.0,-7.0,-32.0
1776886759.2181027,5.0,-7.0,-36.0
1776886759.2281027,1.0,-6.0,-36.0
1776886759.238103,2.0,-6.0,-36.0
1776886759.248103,1.0,-6.0,-42.0
1776886759.258103,-2.0,-4.0,-45.0
1776886759.2681026,-5.0,-5.0,-42.0
1776886759.2781026,-3.0,-5.0,-39.0
1776886759.2881026,-7.0,-7.0,-42.0
1776886759.2981029,-3.0,-9.0,-46.0
1776886759.3081028,-2.0,-9.0,-53.0
1776886759.3181028,-1.0,-7.0,-53.0
1776886759.3281028,-2.0,-6.0,-44.0
1776886759.3381028,-2.0,-8.0,-42.0
1776886759.3481028,-5.0,-7.0,-43.0
1776886759.3581028,-3.0,-4.0,-41.0
1776886759.3681028,-4.0,-5.0,-45.0
1776886759.3781028,-4.0,-2.0,-38.0
1776886759.3881028,-2.0,-2.0,-38.0
1776886759.3981028,0.0,-5.0,-42.0
1776886759.4081028,0.0,-9.0,-42.0
1776886759.4181027,0.0,-7.0,-38.0
1776886759.4281027,-2.0,-2.0,-39.0
1776886759.4381027,0.0,0.0,-38.0
1776886759.4481027,0.0,-1.0,-38.0
1776886759.4581027,2.0,-1.0,-34.0
1776886759.4681027,3.0,-1.0,-36.0
1776886759.4781027,0.0,-3.0,-36.0
1776886759.488103,4.0,-4.0,-38.0
1776886759.498103,3.0,-4.0,-40.0
1776886759.508103,5.0,-3.0,-42.0
1776886759.5181026,0.0,-1.0,-41.0
1776886759.5281026,0.0,-1.0,-44.0
1776886759.5381026,-1.0,-2.0,-43.0
1776886759.5481029,2.0,-1.0,-50.0
1776886759.5581028,0.0,-1.0,-51.0
1776886759.5681028,1.0,0.0,-47.0
1776886759.5781028,0.0,2.0,-44.0
1776886759.5881028,-2.0,5.0,-46.0
1776886759.5981028,0.0,-1.0,-45.0
1776886759.6081028,3.0,-4.0,-47.0
1776886759.6181028,-1.0,0.0,-40.0
1776886759.6281028,3.0,-4.0,-36.0
1776886759.6381028,2.0,-5.0,-36.0
1776886759.6481028,5.0,-2.0,-35.0
1776886759.6581028,4.0,-2.0,-37.0
1776886759.6681027,6.0,-6.0,-36.0
1776886759.6781027,7.0,-10.0,-39.0
1776886759.6881027,7.0,-11.0,-44.0
1776886759.6981027,3.0,-8.0,-42.0
1776886759.7081027,4.0,-5.0,-45.0
1776886759.7181027,4.0,-3.0,-48.0
1776886759.7281027,1.0,-2.0,-39.0
1776886759.738103,0.0,-4.0,-40.0
1776886759.748103,0.0,-1.0,-45.0
1776886759.758103,0.0,-1.0,-43.0
1776886759.7681026,2.0,-2.0,-37.0
1776886759.7781026,0.0,-4.0,-29.0
1776886759.7881026,1.0,-3.0,-33.0
1776886759.7981029,4.0,-2.0,-34.0
1776886759.8081028,3.0,-4.0,-33.0
1776886759.8181028,2.0,-6.0,-37.0
1776886759.8281028,0.0,-8.0,-36.0
1776886759.8381028,0.0,-9.0,-34.0
1776886759.8481028,2.0,-10.0,-43.0
1776886759.8581028,0.0,-5.0,-39.0
1776886759.8681028,0.0,-3.0,-42.0
1776886759.8781028,0.0,-2.0,-44.0
1776886759.8881028,-5.0,0.0,-44.0
1776886759.8981028,-7.0,1.0,-39.0
1776886759.9081028,-8.0,-1.0,-33.0
1776886759.9181027,-7.0,-2.0,-30.0
1776886759.9281027,0.0,-1.0,-28.0
1776886759.9381027,6.0,-2.0,-29.0
1776886759.9481027,5.0,-2.0,-34.0
1776886759.9581027,3.0,-6.0,-33.0
1776886759.9681027,0.0,-7.0,-36.0
1776886759.9781027,3.0,-6.0,-40.0
1776886759.988103,1.0,-2.0,-40.0
1776886759.998103,0.0,0.0,-41.0
1776886760.008103,0.0,0.0,-41.0
1776886760.0181026,0.0,2.0,-44.0
1776886760.0281026,-3.0,0.0,-32.0
1776886760.0381026,-2.0,-1.0,-35.0
1776886760.0481029,-2.0,0.0,-35.0
1776886760.0581028,0.0,0.0,-33.0
1776886760.0681028,1.0,0.0,-38.0
1776886760.0781028,1.0,0.0,-40.0
1776886760.0881028,3.0,-5.0,-43.0
1776886760.0981028,1.0,-2.0,-41.0
1776886760.1081028,-3.0,0.0,-42.0
1776886760.1181028,-4.0,4.0,-40.0
1776886760.1281028,0.0,-3.0,-36.0
1776886760.1381028,7.0,-4.0,-28.0
1776886760.1481028,8.0,-2.0,-29.0
1776886760.1581028,6.0,-6.0,-34.0
1776886760.1681027,2.0,-5.0,-34.0
1776886760.1781027,3.0,-1.0,-38.0
1776886760.1881027,3.0,0.0,-36.0
1776886760.1981027,6.0,-3.0,-37.0
1776886760.2081027,2.0,-4.0,-41.0
1776886760.2181027,1.0,-6.0,-40.0
1776886760.2281027,0.0,-3.0,-40.0
1776886760.238103,3.0,2.0,-36.0
1776886760.248103,-2.0,1.0,-38.0
1776886760.258103,-4.0,-1.0,-36.0
1776886760.2681026,0.0,-1.0,-38.0
1776886760.2781026,-2.0,-2.0,-41.0
1776886760.2881026,-2.0,-7.0,-37.0
1776886760.2981029,-2.0,-4.0,-36.0
1776886760.3081028,-2.0,-7.0,-37.0
1776886760.3181028,-8.0,-6.0,-37.0
1776886760.3281028,-6.0,-3.0,-45.0
1776886760.3381028,-9.0,0.0,-39.0
1776886760.3481028,-12.0,-1.0,-30.0
1776886760.3581028,-10.0,-6.0,-32.0
1776886760.3681028,-9.0,-6.0,-28.0
1776886760.3781028,-5.0,-12.0,-35.0
1776886760.3881028,-4.0,-12.0,-38.0
1776886760.3981028,-5.0,-6.0,-32.0
1776886760.4081028,-8.0,-9.0,-27.0
1776886760.4181027,-9.0,-12.0,-30.0
1776886760.4281027,-6.0,-7.0,-23.0
1776886760.4391026,-4.0,-5.0,-25.0
1776886760.4491026,-7.0,-4.0,-26.0
1776886760.4591026,-9.0,-7.0,-23.0
1776886760.4691026,-9.0,-2.0,-23.0
1776886760.4791028,-3.0,-1.0,-23.0
1776886760.4891028,-2.0,0.0,-27.0
1776886760.4991028,-3.0,3.0,-35.0
1776886760.5091028,-2.0,4.0,-40.0
1776886760.5191028,0.0,1.0,-28.0
1776886760.5291028,2.0,-1.0,-28.0
1776886760.5391028,8.0,0.0,-28.0
1776886760.5491028,2.0,0.0,-26.0
1776886760.5591028,3.0,4.0,-23.0
1776886760.5691028,6.0,0.0,-23.0
1776886760.5791028,6.0,1.0,-27.0
1776886760.5891027,6.0,0.0,-29.0
1776886760.5991027,5.0,0.0,-32.0
1776886760.6091027,5.0,-1.0,-35.0
1776886760.6191027,7.0,-4.0,-36.0
1776886760.6291027,4.0,-3.0,-33.0
1776886760.6391027,0.0,-3.0,-29.0
1776886760.6491027,0.0,-4.0,-27.0
1776886760.659103,4.0,-2.0,-28.0
1776886760.669103,3.0,-1.0,-34.0
1776886760.679103,6.0,1.0,-36.0
1776886760.6891026,6.0,0.0,-33.0
1776886760.6991026,2.0,0.0,-29.0
1776886760.7091026,1.0,1.0,-25.0
1776886760.7191026,0.0,1.0,-35.0
1776886760.7291028,0.0,2.0,-30.0
1776886760.7391028,5.0,-2.0,-33.0
1776886760.7491028,4.0,-4.0,-33.0
1776886760.7591028,4.0,-1.0,-31.0
1776886760.7691028,0.0,0.0,-37.0
1776886760.7791028,-3.0,-4.0,-43.0
1776886760.7891028,0.0,-3.0,-46.0
1776886760.7991028,-1.0,-5.0,-47.0
1776886760.8091028,0.0,-9.0,-46.0
1776886760.8191028,-1.0,-8.0,-49.0
1776886760.8291028,0.0,-3.0,-49.0
1776886760.8391027,-5.0,-1.0,-44.0
1776886760.8491027,-11.0,-3.0,-39.0
1776886760.8591027,-11.0,-2.0,-44.0
1776886760.8691027,-12.0,0.0,-38.0
1776886760.8791027,-7.0,-1.0,-40.0
1776886760.8891027,-3.0,-2.0,-40.0
1776886760.8991027,-2.0,-2.0,-39.0
1776886760.909103,-5.0,-6.0,-38.0
1776886760.919103,-4.0,-5.0,-28.0
1776886760.929103,-5.0,-3.0,-29.0
1776886760.9391026,-2.0,-1.0,-26.0
1776886760.9491026,1.0,0.0,-31.0
1776886760.9591026,0.0,1.0,-36.0
1776886760.9691026,-1.0,2.0,-32.0
1776886760.9791028,-3.0,-1.0,-24.0
1776886760.9891028,-1.0,-6.0,-29.0
1776886760.9991028,-1.0,-6.0,-34.0
1776886761.0091028,0.0,-1.0,-32.0
1776886761.0191028,0.0,1.0,-21.0
1776886761.0291028,-1.0,1.0,-19.0
1776886761.0391028,-1.0,-2.0,-29.0
1776886761.0491028,-3.0,-3.0,-32.0
1776886761.0591028,-8.0,0.0,-31.0
1776886761.0691028,-8.0,4.0,-30.0
1776886761.0791028,-8.0,0.0,-40.0
1776886761.0891027,-6.0,0.0,-42.0
1776886761.0991027,-8.0,3.0,-42.0
1776886761.1091027,-9.0,1.0,-38.0
1776886761.1191027,-9.0,2.0,-37.0
1776886761.1291027,-5.0,-1.0,-41.0
1776886761.1391027,-5.0,0.0,-42.0
1776886761.1491027,-6.0,0.0,-40.0
1776886761.159103,-6.0,0.0,-36.0
1776886761.169103,-8.0,0.0,-33.0
1776886761.179103,-5.0,1.0,-33.0
1776886761.1891026,-5.0,1.0,-27.0
1776886761.1991026,-4.0,-1.0,-30.0
1776886761.2091026,-3.0,0.0,-32.0
1776886761.2191026,4.0,-3.0,-32.0
1776886761.2291028,5.0,-3.0,-27.0
1776886761.2391028,2.0,-2.0,-32.0
1776886761.2491028,1.0,-2.0,-34.0
1776886761.2591028,-1.0,-4.0,-34.0
1776886761.2691028,0.0,-3.0,-36.0
1776886761.2791028,1.0,-2.0,-32.0
1776886761.2891028,3.0,-2.0,-37.0
1776886761.2991028,9.0,-1.0,-32.0
1776886761.3091028,12.0,0.0,-32.0
1776886761.3191028,7.0,-2.0,-41.0
1776886761.3291028,1.0,-4.0,-41.0
1776886761.3391027,1.0,-3.0,-42.0
1776886761.3491027,-2.0,-1.0,-32.0
1776886761.3591027,-6.0,-5.0,-31.0
1776886761.3691027,-3.0,-3.0,-30.0
1776886761.3791027,0.0,-3.0,-30.0
1776886761.3891027,0.0,0.0,-32.0
1776886761.3991027,1.0,2.0,-30.0
1776886761.409103,3.0,4.0,-28.0
1776886761.419103,3.0,5.0,-27.0
1776886761.429103,4.0,5.0,-38.0
1776886761.4391026,4.0,5.0,-45.0
1776886761.4491026,4.0,2.0,-52.0
1776886761.4591026,2.0,0.0,-46.0
1776886761.4691026,1.0,-3.0,-44.0
1776886761.4791028,7.0,-2.0,-40.0
1776886761.4891028,9.0,0.0,-40.0
1776886761.4991028,8.0,-3.0,-44.0
1776886761.5091028,9.0,0.0,-43.0
1776886761.5191028,1.0,-3.0,-41.0
1776886761.5291028,2.0,-8.0,-35.0
1776886761.5391028,8.0,-10.0,-33.0
1776886761.5491028,3.0,-9.0,-32.0
1776886761.5591028,5.0,-8.0,-29.0
1776886761.5691028,5.0,-8.0,-27.0
1776886761.5791028,8.0,-3.0,-33.0
1776886761.5891027,11.0,-6.0,-37.0
1776886761.5991027,8.0,-2.0,-32.0
1776886761.6091027,6.0,-4.0,-33.0
1776886761.6191027,4.0,-6.0,-35.0
1776886761.6291027,4.0,-4.0,-25.0
1776886761.6391027,7.0,-3.0,-23.0
1776886761.6491027,4.0,-4.0,-27.0
1776886761.659103,-1.0,-2.0,-26.0
1776886761.669103,-3.0,-3.0,-31.0
1776886761.679103,3.0,0.0,-37.0
1776886761.6891026,0.0,-1.0,-37.0
1776886761.6991026,0.0,-3.0,-35.0
1776886761.7091026,2.0,-4.0,-38.0
1776886761.7191026,6.0,-6.0,-40.0
1776886761.7291028,12.0,-7.0,-38.0
1776886761.7391028,10.0,-7.0,-33.0
1776886761.7491028,10.0,-9.0,-24.0
1776886761.7591028,12.0,-7.0,-21.0
1776886761.7691028,6.0,-3.0,-24.0
1776886761.7791028,0.0,-2.0,-25.0
1776886761.7891028,-3.0,-3.0,-25.0
1776886761.7991028,-4.0,-3.0,-31.0
1776886761.8091028,-3.0,-3.0,-34.0
1776886761.8191028,0.0,-9.0,-33.0
1776886761.8291028,-1.0,-9.0,-35.0
1776886761.8391027,0.0,-4.0,-39.0
1776886761.8491027,1.0,-3.0,-42.0
1776886761.8591027,5.0,-1.0,-42.0
1776886761.8691027,-2.0,-5.0,-35.0
1776886761.8791027,-5.0,0.0,-35.0
1776886761.8891027,-4.0,0.0,-37.0
1776886761.8991027,3.0,0.0,-44.0
1776886761.909103,0.0,-2.0,-45.0
1776886761.919103,0.0,0.0,-40.0
1776886761.929103,-2.0,0.0,-43.0
1776886761.9391026,-1.0,-1.0,-42.0
1776886761.9491026,3.0,-3.0,-43.0
1776886761.9591026,1.0,-1.0,-45.0
1776886761.9691026,6.0,-1.0,-44.0
1776886761.9791028,6.0,-3.0,-48.0
1776886761.9891028,0.0,-3.0,-41.0
1776886761.9991028,-5.0,-4.0,-45.0
1776886762.0091028,-8.0,-7.0,-42.0
1776886762.0191028,-5.0,-6.0,-44.0
1776886762.0291028,-5.0,-2.0,-48.0
1776886762.0391028,-8.0,-5.0,-44.0
1776886762.0491028,-4.0,-4.0,-43.0
1776886762.0591028,-1.0,-4.0,-45.0
1776886762.0691028,-3.0,2.0,-42.0
1776886762.0791028,-5.0,1.0,-37.0
1776886762.0891027,-7.0,0.0,-42.0
1776886762.0991027,-4.0,-2.0,-40.0
1776886762.1091027,-3.0,-7.0,-36.0
1776886762.1191027,-2.0,-1.0,-35.0
1776886762.1291027,-6.0,0.0,-32.0
1776886762.1391027,-10.0,0.0,-29.0
1776886762.1491027,-10.0,1.0,-30.0
1776886762.159103,-3.0,0.0,-33.0
1776886762.169103,-4.0,0.0,-28.0
1776886762.179103,0.0,0.0,-28.0
1776886762.1891026,0.0,-2.0,-33.0
1776886762.1991026,-4.0,-3.0,-31.0
1776886762.2091026,0.0,-4.0,-28.0
1776886762.2191026,7.0,-3.0,-28.0
1776886762.2291028,11.0,-3.0,-30.0
1776886762.2391028,7.0,-2.0,-30.0
1776886762.2491028,3.0,-5.0,-33.0
1776886762.2591028,0.0,-1.0,-40.0
1776886762.2691028,-4.0,-2.0,-44.0
1776886762.2791028,-6.0,-3.0,-45.0
1776886762.2891028,-3.0,-8.0,-48.0
1776886762.2991028,-6.0,-10.0,-48.0
1776886762.3091028,-2.0,-11.0,-47.0
1776886762.3191028,-3.0,-10.0,-40.0
1776886762.3291028,0.0,-10.0,-32.0
1776886762.3391027,-1.0,-12.0,-31.0
1776886762.3491027,0.0,-11.0,-30.0
1776886762.3591027,2.0,-13.0,-33.0
1776886762.3691027,3.0,-14.0,-37.0
1776886762.3791027,4.0,-7.0,-41.0
1776886762.3901026,4.0,-8.0,-42.0
1776886762.3991027,1.0,-7.0,-43.0
1776886762.409103,2.0,-5.0,-32.0
1776886762.4201028,-5.0,-4.0,-31.0
1776886762.4301028,-5.0,-2.0,-37.0
1776886762.4401028,-2.0,-1.0,-42.0
1776886762.4491026,-4.0,-3.0,-40.0
1776886762.4601028,-8.0,0.0,-40.0
1776886762.4701028,-6.0,1.0,-42.0
1776886762.4801028,-5.0,0.0,-38.0
1776886762.4901028,-7.0,-2.0,-36.0
1776886762.5001028,-5.0,-1.0,-36.0
1776886762.5101027,-1.0,2.0,-31.0
1776886762.5201027,2.0,6.0,-30.0
1776886762.5301027,3.0,6.0,-28.0
1776886762.5401027,4.0,8.0,-26.0
1776886762.5501027,4.0,8.0,-23.0
1776886762.5591028,3.0,6.0,-28.0
1776886762.5701027,1.0,1.0,-28.0
1776886762.5801027,5.0,0.0,-24.0
1776886762.590103,4.0,0.0,-28.0
1776886762.600103,3.0,-2.0,-28.0
1776886762.610103,0.0,0.0,-24.0
1776886762.6201026,0.0,0.0,-27.0
1776886762.6301026,0.0,3.0,-29.0
1776886762.6401026,5.0,3.0,-34.0
1776886762.6501029,5.0,3.0,-34.0
1776886762.6601028,3.0,1.0,-35.0
1776886762.6701028,-3.0,5.0,-32.0
1776886762.6801028,-2.0,3.0,-32.0
1776886762.6901028,0.0,4.0,-28.0
1776886762.7001028,1.0,6.0,-28.0
1776886762.7101028,0.0,1.0,-28.0
1776886762.7201028,8.0,2.0,-32.0
1776886762.7301028,9.0,2.0,-35.0
1776886762.7401028,9.0,-1.0,-37.0
1776886762.7501028,7.0,-3.0,-38.0
1776886762.7601027,7.0,-3.0,-42.0
1776886762.7701027,5.0,-5.0,-51.0
1776886762.7801027,4.0,-5.0,-50.0
1776886762.7901027,2.0,-2.0,-47.0
1776886762.8001027,5.0,7.0,-42.0
1776886762.8101027,3.0,0.0,-44.0
1776886762.8201027,1.0,4.0,-48.0
1776886762.8301027,1.0,0.0,-46.0
1776886762.840103,3.0,-2.0,-44.0
1776886762.850103,5.0,0.0,-37.0
1776886762.860103,4.0,0.0,-36.0
1776886762.8701026,2.0,1.0,-42.0
1776886762.8801026,1.0,1.0,-49.0
1776886762.8901026,7.0,-3.0,-47.0
1776886762.9001029,5.0,-2.0,-44.0
1776886762.9101028,4.0,-7.0,-45.0
1776886762.9201028,6.0,-3.0,-44.0
1776886762.9301028,9.0,-8.0,-42.0
1776886762.9401028,2.0,-9.0,-38.0
1776886762.9501028,2.0,-7.0,-33.0
1776886762.9601028,-1.0,-7.0,-37.0
1776886762.9701028,-4.0,-8.0,-40.0
1776886762.9801028,-6.0,-5.0,-35.0
1776886762.9901028,-5.0,-7.0,-44.0
1776886763.0001028,-5.0,-1.0,-48.0
1776886763.0101027,-3.0,1.0,-48.0
1776886763.0201027,-1.0,2.0,-41.0
1776886763.0301027,3.0,1.0,-45.0
1776886763.0401027,0.0,0.0,-47.0
1776886763.0501027,0.0,-1.0,-44.0
1776886763.0601027,-3.0,-1.0,-38.0
1776886763.0701027,-4.0,0.0,-35.0
1776886763.0801027,-7.0,-3.0,-29.0
1776886763.090103,-5.0,-5.0,-30.0
1776886763.100103,-9.0,0.0,-36.0
1776886763.110103,-9.0,0.0,-47.0
1776886763.1201026,-8.0,0.0,-47.0
1776886763.1301026,-6.0,0.0,-42.0
1776886763.1401026,-1.0,2.0,-40.0
1776886763.1501029,0.0,-2.0,-48.0
1776886763.1601028,-5.0,1.0,-44.0
1776886763.1701028,-3.0,-2.0,-34.0
1776886763.1801028,-5.0,-5.0,-36.0
1776886763.1901028,-4.0,-2.0,-41.0
1776886763.2001028,-5.0,0.0,-47.0
1776886763.2101028,-1.0,2.0,-47.0
1776886763.2201028,0.0,0.0,-41.0
1776886763.2301028,-4.0,2.0,-39.0
1776886763.2401028,-6.0,0.0,-35.0
1776886763.2501028,-3.0,-2.0,-33.0
1776886763.2601027,-5.0,-3.0,-36.0
1776886763.2701027,-7.0,-1.0,-32.0
1776886763.2801027,-9.0,-1.0,-34.0
1776886763.2901027,-9.0,1.0,-31.0
1776886763.3001027,-3.0,-1.0,-29.0
1776886763.3101027,-1.0,-4.0,-28.0
1776886763.3201027,-3.0,-6.0,-33.0
1776886763.3301027,-2.0,-7.0,-30.0
1776886763.340103,-2.0,-9.0,-31.0
1776886763.350103,-6.0,-6.0,-34.0
1776886763.360103,-7.0,-6.0,-32.0
1776886763.3701026,-6.0,-3.0,-36.0
1776886763.3801026,-1.0,-6.0,-36.0
1776886763.3901026,0.0,-6.0,-35.0
1776886763.4001029,0.0,-2.0,-35.0
1776886763.4101028,-3.0,-2.0,-39.0
1776886763.4201028,-4.0,-4.0,-47.0
1776886763.4301028,-1.0,-7.0,-47.0
1776886763.4401028,-2.0,-4.0,-48.0
1776886763.4501028,-2.0,2.0,-47.0
1776886763.4601028,-3.0,3.0,-47.0
1776886763.4701028,-2.0,1.0,-48.0
1776886763.4801028,-4.0,0.0,-46.0
1776886763.4901028,-5.0,0.0,-38.0
1776886763.5001028,-2.0,-2.0,-41.0
1776886763.5101027,-2.0,0.0,-44.0
1776886763.5201027,2.0,0.0,-46.0
1776886763.5301027,3.0,-2.0,-40.0
1776886763.5401027,3.0,-2.0,-36.0
1776886763.5501027,3.0,-3.0,-38.0
1776886763.5601027,2.0,1.0,-40.0
1776886763.5701027,0.0,1.0,-41.0
1776886763.5801027,1.0,0.0,-40.0
1776886763.590103,1.0,0.0,-30.0
1776886763.600103,-1.0,-1.0,-26.0
1776886763.610103,0.0,0.0,-31.0
1776886763.6201026,3.0,-4.0,-35.0
1776886763.6301026,2.0,0.0,-36.0
1776886763.6401026,1.0,0.0,-46.0
1776886763.6501029,0.0,4.0,-44.0
1776886763.6601028,-1.0,9.0,-36.0
1776886763.6701028,-1.0,6.0,-36.0
1776886763.6801028,-2.0,3.0,-41.0
1776886763.6901028,0.0,0.0,-42.0
1776886763.7001028,3.0,-3.0,-37.0
1776886763.7101028,0.0,-3.0,-40.0
1776886763.7201028,-2.0,-2.0,-38.0
1776886763.7301028,-5.0,-2.0,-33.0
1776886763.7401028,-5.0,-4.0,-35.0
1776886763.7501028,-3.0,-3.0,-35.0
1776886763.7601027,-1.0,-4.0,-31.0
1776886763.7701027,0.0,-4.0,-31.0
1776886763.7801027,-1.0,-2.0,-28.0
1776886763.7901027,4.0,0.0,-25.0
1776886763.8001027,3.0,1.0,-25.0
1776886763.8101027,0.0,3.0,-27.0
1776886763.8201027,-1.0,2.0,-29.0
1776886763.8301027,1.0,3.0,-33.0
1776886763.840103,6.0,4.0,-38.0
1776886763.850103,6.0,2.0,-34.0
1776886763.860103,1.0,0.0,-35.0
1776886763.8701026,3.0,3.0,-37.0
1776886763.8801026,8.0,1.0,-36.0
1776886763.8901026,4.0,3.0,-40.0
1776886763.9001029,0.0,6.0,-45.0
1776886763.9101028,-1.0,5.0,-41.0
1776886763.9201028,4.0,11.0,-40.0
1776886763.9301028,2.0,14.0,-37.0
1776886763.9401028,3.0,11.0,-36.0
1776886763.9501028,0.0,9.0,-41.0
1776886763.9601028,0.0,9.0,-39.0
1776886763.9701028,0.0,6.0,-44.0
1776886763.9801028,-2.0,7.0,-45.0
1776886763.9901028,0.0,4.0,-43.0
1776886764.0001028,0.0,2.0,-41.0
1776886764.0101027,0.0,0.0,-38.0
1776886764.0201027,-1.0,1.0,-43.0
1776886764.0301027,-3.0,4.0,-46.0
1776886764.0401027,-1.0,6.0,-48.0
1776886764.0501027,-1.0,5.0,-46.0
1776886764.0601027,0.0,4.0,-43.0
1776886764.0701027,2.0,5.0,-44.0
1776886764.0801027,1.0,0.0,-44.0
1776886764.090103,0.0,0.0,-43.0
1776886764.100103,0.0,4.0,-40.0
1776886764.110103,1.0,5.0,-39.0
1776886764.1201026,4.0,3.0,-45.0
1776886764.1301026,3.0,4.0,-40.0
1776886764.1401026,3.0,5.0,-38.0
1776886764.1501029,1.0,4.0,-37.0
1776886764.1601028,6.0,-2.0,-35.0
1776886764.1701028,4.0,-5.0,-36.0
1776886764.1801028,3.0,-5.0,-29.0
1776886764.1901028,0.0,-6.0,-28.0
1776886764.2001028,1.0,-6.0,-30.0
1776886764.2101028,4.0,-5.0,-28.0
1776886764.2201028,1.0,-6.0,-29.0
1776886764.2301028,1.0,-2.0,-34.0
1776886764.2401028,4.0,-1.0,-38.0
1776886764.2501028,2.0,-3.0,-38.0
1776886764.2601027,5.0,-2.0,-34.0
1776886764.2701027,8.0,0.0,-39.0
1776886764.2801027,4.0,-1.0,-42.0
1776886764.2901027,5.0,-3.0,-49.0
1776886764.3001027,3.0,-7.0,-53.0
1776886764.3101027,2.0,-9.0,-53.0
1776886764.3201027,0.0,-6.0,-49.0
1776886764.3301027,3.0,-7.0,-49.0
1776886764.340103,5.0,-8.0,-46.0
1776886764.350103,4.0,-2.0,-47.0
1776886764.360103,6.0,-4.0,-47.0
1776886764.3701026,6.0,0.0,-50.0
1776886764.3801026,8.0,2.0,-49.0
1776886764.3901026,9.0,1.0,-53.0
1776886764.4011028,8.0,-1.0,-49.0
1776886764.4101028,9.0,-3.0,-51.0
1776886764.4201028,6.0,-3.0,-47.0
1776886764.4301028,6.0,-2.0,-45.0
1776886764.4411027,0.0,-1.0,-42.0
1776886764.4511027,-2.0,-4.0,-44.0
1776886764.4611027,-6.0,-1.0,-41.0
1776886764.4711027,-3.0,-1.0,-36.0
1776886764.4811027,-8.0,-3.0,-34.0
1776886764.4911027,-10.0,-2.0,-40.0
1776886764.5011027,-8.0,1.0,-38.0
1776886764.511103,-3.0,2.0,-40.0
1776886764.521103,-1.0,0.0,-38.0
1776886764.531103,-2.0,-1.0,-38.0
1776886764.5411026,0.0,-1.0,-37.0
1776886764.5511026,0.0,-1.0,-35.0
1776886764.5611026,2.0,-2.0,-29.0
1776886764.5711029,3.0,-2.0,-29.0
1776886764.5811028,8.0,-3.0,-33.0
1776886764.5911028,3.0,-4.0,-34.0
1776886764.6011028,0.0,-1.0,-38.0
1776886764.6111028,0.0,-1.0,-41.0
1776886764.6211028,0.0,0.0,-39.0
1776886764.6311028,-1.0,3.0,-36.0
1776886764.6411028,-5.0,0.0,-39.0
1776886764.6511028,-5.0,-1.0,-40.0
1776886764.6611028,0.0,-2.0,-37.0
1776886764.6711028,-1.0,2.0,-32.0
1776886764.6811028,1.0,0.0,-36.0
1776886764.6911027,-1.0,1.0,-42.0
1776886764.7011027,-2.0,-2.0,-45.0
1776886764.7111027,-1.0,-4.0,-48.0
1776886764.7211027,1.0,-1.0,-44.0
1776886764.7311027,6.0,1.0,-44.0
1776886764.7411027,3.0,3.0,-43.0
1776886764.7511027,4.0,2.0,-39.0
1776886764.761103,0.0,1.0,-45.0
1776886764.771103,-4.0,1.0,-44.0
1776886764.781103,-3.0,-1.0,-35.0
1776886764.7911026,0.0,-1.0,-36.0
1776886764.8011026,1.0,-1.0,-39.0
1776886764.8111026,1.0,0.0,-42.0
1776886764.8211029,2.0,2.0,-48.0
1776886764.8311028,0.0,2.0,-40.0
1776886764.8411028,0.0,3.0,-31.0
1776886764.8511028,3.0,5.0,-29.0
1776886764.8611028,6.0,3.0,-31.0
1776886764.8711028,8.0,1.0,-28.0
1776886764.8811028,10.0,1.0,-30.0
1776886764.8911028,5.0,0.0,-38.0
1776886764.9011028,0.0,3.0,-35.0
1776886764.9111028,0.0,0.0,-38.0
1776886764.9211028,1.0,0.0,-32.0
1776886764.9311028,2.0,-2.0,-33.0
1776886764.9411027,1.0,-2.0,-36.0
1776886764.9511027,3.0,0.0,-37.0
1776886764.9611027,5.0,0.0,-40.0
1776886764.9711027,4.0,2.0,-35.0
1776886764.9811027,3.0,0.0,-35.0
1776886764.9911027,1.0,-1.0,-38.0
1776886765.0011027,5.0,-2.0,-36.0
1776886765.011103,5.0,-2.0,-38.0
1776886765.021103,4.0,-2.0,-40.0
1776886765.031103,2.0,-3.0,-37.0
1776886765.0411026,2.0,-3.0,-38.0
1776886765.0511026,0.0,-4.0,-37.0
1776886765.0611026,2.0,-6.0,-42.0
1776886765.0711029,2.0,0.0,-42.0
1776886765.0811028,0.0,-3.0,-39.0
1776886765.0911028,0.0,-4.0,-44.0
1776886765.1011028,-2.0,-2.0,-48.0
1776886765.1111028,-1.0,-2.0,-46.0
1776886765.1211028,0.0,-1.0,-45.0
1776886765.1311028,-2.0,0.0,-43.0
1776886765.1411028,-5.0,-1.0,-38.0
1776886765.1511028,0.0,-3.0,-33.0
1776886765.1611028,-3.0,-5.0,-36.0
1776886765.1711028,0.0,-5.0,-40.0
1776886765.1811028,-2.0,-3.0,-38.0
1776886765.1911027,1.0,-1.0,-39.0
1776886765.2011027,2.0,-6.0,-40.0
1776886765.2111027,4.0,-4.0,-34.0
1776886765.2211027,3.0,-2.0,-31.0
1776886765.2311027,0.0,-2.0,-28.0
1776886765.2411027,1.0,-2.0,-30.0
1776886765.2511027,3.0,-2.0,-31.0
1776886765.261103,7.0,-2.0,-34.0
1776886765.271103,3.0,0.0,-33.0
1776886765.281103,2.0,0.0,-33.0
1776886765.2911026,-1.0,3.0,-36.0
1776886765.3011026,-4.0,2.0,-35.0
1776886765.3111026,-4.0,4.0,-37.0
1776886765.3211029,-3.0,4.0,-37.0
1776886765.3311028,-1.0,6.0,-34.0
1776886765.3411028,-3.0,3.0,-41.0
1776886765.3511028,-3.0,4.0,-39.0
1776886765.3611028,-3.0,6.0,-44.0
1776886765.3711028,6.0,5.0,-48.0
1776886765.3811028,6.0,0.0,-40.0
1776886765.3911028,0.0,0.0,-36.0
1776886765.4011028,2.0,-2.0,-35.0
1776886765.4111028,2.0,0.0,-35.0
1776886765.4211028,0.0,0.0,-38.0
1776886765.4311028,0.0,-3.0,-36.0
1776886765.4411027,-2.0,-5.0,-35.0
1776886765.4511027,-3.0,-3.0,-35.0
1776886765.4611027,-4.0,-8.0,-34.0
1776886765.4711027,0.0,-5.0,-36.0
1776886765.4811027,-1.0,-6.0,-32.0
1776886765.4911027,0.0,-5.0,-29.0
1776886765.5011027,-4.0,-5.0,-30.0
1776886765.511103,-3.0,-8.0,-29.0
1776886765.521103,0.0,-6.0,-33.0
1776886765.531103,1.0,-5.0,-30.0
1776886765.5411026,2.0,-5.0,-30.0
1776886765.5511026,1.0,0.0,-32.0
1776886765.5611026,2.0,1.0,-38.0
1776886765.5711029,2.0,2.0,-37.0
1776886765.5811028,3.0,0.0,-35.0
1776886765.5911028,0.0,1.0,-32.0
1776886765.6011028,-3.0,1.0,-34.0
1776886765.6111028,0.0,2.0,-28.0
1776886765.6211028,-3.0,3.0,-29.0
1776886765.6311028,-3.0,0.0,-30.0
1776886765.6411028,-1.0,-2.0,-33.0
1776886765.6511028,-2.0,0.0,-33.0
1776886765.6611028,-4.0,0.0,-32.0
1776886765.6711028,0.0,-2.0,-28.0
1776886765.6811028,0.0,-5.0,-34.0
1776886765.6911027,-3.0,-4.0,-39.0
1776886765.7011027,1.0,-9.0,-35.0
1776886765.7111027,-1.0,-8.0,-36.0
1776886765.7211027,0.0,-10.0,-31.0
1776886765.7311027,1.0,-9.0,-38.0
1776886765.7411027,0.0,-5.0,-38.0
1776886765.7511027,1.0,-2.0,-46.0
1776886765.761103,-3.0,-1.0,-47.0
1776886765.771103,-7.0,0.0,-50.0
1776886765.781103,-3.0,-1.0,-53.0
1776886765.7911026,-1.0,0.0,-46.0
1776886765.8011026,-2.0,0.0,-42.0
1776886765.8111026,1.0,0.0,-40.0
1776886765.8211029,-1.0,1.0,-37.0
1776886765.8311028,-2.0,3.0,-39.0
1776886765.8411028,0.0,5.0,-42.0
1776886765.8511028,-1.0,1.0,-40.0
1776886765.8611028,3.0,2.0,-40.0
1776886765.8711028,8.0,2.0,-36.0
1776886765.8811028,8.0,2.0,-37.0
1776886765.8911028,3.0,0.0,-38.0
1776886765.9011028,8.0,0.0,-36.0
1776886765.9111028,10.0,1.0,-32.0
1776886765.9211028,9.0,3.0,-30.0
1776886765.9311028,4.0,0.0,-31.0
1776886765.9411027,2.0,3.0,-33.0
1776886765.9511027,0.0,7.0,-33.0
1776886765.9611027,1.0,5.0,-36.0
1776886765.9711027,0.0,2.0,-44.0
1776886765.9811027,-4.0,1.0,-44.0
1776886765.9911027,-1.0,3.0,-44.0
1776886766.0011027,-3.0,4.0,-41.0
1776886766.011103,0.0,3.0,-41.0
1776886766.021103,1.0,1.0,-43.0
1776886766.031103,1.0,0.0,-37.0
1776886766.0411026,0.0,0.0,-35.0
1776886766.0511026,0.0,0.0,-36.0
1776886766.0611026,-2.0,1.0,-25.0
1776886766.0711029,0.0,-1.0,-16.0
1776886766.0811028,-6.0,0.0,-26.0
1776886766.0911028,-11.0,0.0,-29.0
1776886766.1011028,-8.0,-5.0,-41.0
1776886766.1111028,-4.0,-6.0,-42.0
1776886766.1211028,-3.0,-6.0,-45.0
1776886766.1311028,-1.0,-5.0,-44.0
1776886766.1411028,-5.0,-9.0,-47.0
1776886766.1511028,-4.0,-8.0,-44.0
1776886766.1611028,-4.0,-5.0,-39.0
1776886766.1711028,-4.0,0.0,-35.0
1776886766.1811028,-5.0,0.0,-33.0
1776886766.1911027,-4.0,-6.0,-36.0
1776886766.2011027,-4.0,-10.0,-34.0
1776886766.2111027,-3.0,-12.0,-41.0
1776886766.2211027,0.0,-9.0,-40.0
1776886766.2311027,1.0,-6.0,-44.0
1776886766.2411027,2.0,-2.0,-47.0
1776886766.2511027,-1.0,0.0,-44.0
1776886766.261103,0.0,0.0,-45.0
1776886766.271103,3.0,-3.0,-46.0
1776886766.281103,9.0,-4.0,-48.0
1776886766.2911026,11.0,-5.0,-47.0
1776886766.3011026,9.0,-11.0,-46.0
1776886766.3111026,12.0,-9.0,-47.0
1776886766.3211029,11.0,-5.0,-41.0
1776886766.3311028,2.0,-6.0,-43.0
1776886766.3411028,1.0,-3.0,-45.0
1776886766.3511028,4.0,-1.0,-45.0
1776886766.3611028,-2.0,0.0,-43.0
1776886766.3721027,-3.0,0.0,-41.0
1776886766.3811028,-3.0,-1.0,-36.0
1776886766.3911028,3.0,0.0,-50.0
1776886766.4011028,7.0,0.0,-51.0
1776886766.4111028,4.0,-1.0,-54.0
1776886766.4211028,8.0,-2.0,-50.0
1776886766.432103,10.0,0.0,-51.0
1776886766.442103,6.0,-2.0,-49.0
1776886766.452103,3.0,-3.0,-40.0
1776886766.462103,0.0,-1.0,-48.0
1776886766.4721026,-3.0,0.0,-40.0
1776886766.4821026,0.0,-7.0,-40.0
1776886766.4921026,0.0,-8.0,-43.0
1776886766.5021029,-2.0,-6.0,-44.0
1776886766.5121028,-1.0,-4.0,-46.0
1776886766.5221028,-4.0,-4.0,-49.0
1776886766.5321028,-2.0,-3.0,-51.0
1776886766.5421028,0.0,-3.0,-50.0
1776886766.5521028,0.0,-4.0,-49.0
1776886766.5621028,2.0,0.0,-38.0
1776886766.5721028,2.0,0.0,-31.0
1776886766.5821028,4.0,2.0,-27.0
1776886766.5921028,2.0,1.0,-29.0
1776886766.6021028,2.0,0.0,-30.0
1776886766.6121027,6.0,0.0,-34.0
1776886766.6221027,4.0,-2.0,-36.0
1776886766.6321027,4.0,0.0,-33.0
1776886766.6421027,4.0,1.0,-28.0
1776886766.6521027,1.0,3.0,-31.0
1776886766.6621027,1.0,1.0,-35.0
1776886766.6721027,-1.0,-1.0,-30.0
1776886766.682103,1.0,-5.0,-27.0
1776886766.692103,0.0,-7.0,-25.0
1776886766.702103,0.0,-4.0,-32.0
1776886766.712103,4.0,-2.0,-31.0
1776886766.7221026,10.0,0.0,-38.0
1776886766.7321026,7.0,0.0,-31.0
1776886766.7421026,6.0,0.0,-34.0
1776886766.7521029,7.0,1.0,-38.0
1776886766.7621028,0.0,2.0,-38.0
1776886766.7721028,-6.0,0.0,-39.0
1776886766.7821028,-5.0,0.0,-44.0
1776886766.7921028,-4.0,-3.0,-40.0
1776886766.8021028,-4.0,0.0,-47.0
1776886766.8121028,0.0,-1.0,-50.0
1776886766.8221028,1.0,-2.0,-52.0
1776886766.8321028,0.0,0.0,-44.0
1776886766.8421028,1.0,-1.0,-39.0
1776886766.8521028,0.0,-1.0,-33.0
1776886766.8621027,0.0,-2.0,-32.0
1776886766.8721027,0.0,-5.0,-29.0
1776886766.8821027,4.0,-5.0,-28.0
1776886766.8921027,4.0,-1.0,-28.0
1776886766.9021027,3.0,-5.0,-29.0
1776886766.9121027,0.0,-8.0,-28.0
1776886766.9221027,-1.0,-4.0,-36.0
1776886766.932103,1.0,-1.0,-39.0
1776886766.942103,4.0,0.0,-36.0
1776886766.952103,4.0,0.0,-32.0
1776886766.962103,3.0,-4.0,-27.0
1776886766.9721026,2.0,-6.0,-32.0
1776886766.9821026,3.0,-5.0,-31.0
1776886766.9921026,5.0,-9.0,-30.0
1776886767.0021029,6.0,-7.0,-36.0
1776886767.0121028,5.0,-3.0,-32.0
1776886767.0221028,4.0,-3.0,-32.0
1776886767.0321028,5.0,-3.0,-37.0
1776886767.0421028,6.0,-4.0,-41.0
1776886767.0521028,1.0,-1.0,-41.0
1776886767.0621028,-4.0,0.0,-40.0
1776886767.0721028,-6.0,0.0,-36.0
1776886767.0821028,-9.0,3.0,-45.0
1776886767.0921028,-8.0,1.0,-43.0
1776886767.1021028,-6.0,1.0,-44.0
1776886767.1121027,-3.0,1.0,-30.0
1776886767.1221027,1.0,0.0,-31.0
1776886767.1321027,3.0,-1.0,-25.0
1776886767.1421027,1.0,-4.0,-32.0
1776886767.1521027,0.0,-1.0,-42.0
1776886767.1621027,0.0,-3.0,-43.0
1776886767.1721027,-1.0,-5.0,-45.0
1776886767.182103,-2.0,-6.0,-47.0
1776886767.192103,-2.0,-3.0,-48.0
1776886767.202103,0.0,-6.0,-47.0
1776886767.212103,0.0,-3.0,-45.0
1776886767.2221026,3.0,-3.0,-46.0
1776886767.2321026,0.0,0.0,-51.0
1776886767.2421026,4.0,-1.0,-49.0
1776886767.2521029,4.0,-2.0,-48.0
1776886767.2621028,3.0,-4.0,-37.0
1776886767.2721028,4.0,1.0,-39.0
1776886767.2821028,3.0,5.0,-44.0
1776886767.2921028,6.0,3.0,-36.0
1776886767.3021028,3.0,2.0,-38.0
1776886767.3121028,2.0,1.0,-41.0
1776886767.3221028,1.0,2.0,-41.0
1776886767.3321028,0.0,0.0,-37.0
1776886767.3421028,1.0,1.0,-38.0
1776886767.3521028,0.0,2.0,-34.0
1776886767.3621027,2.0,4.0,-33.0
1776886767.3721027,0.0,-1.0,-31.0
1776886767.3821027,-1.0,-2.0,-38.0
1776886767.3921027,0.0,-2.0,-45.0
1776886767.4021027,0.0,0.0,-43.0
1776886767.4121027,-1.0,-2.0,-40.0
1776886767.4221027,-2.0,-1.0,-42.0
1776886767.432103,0.0,0.0,-44.0
1776886767.442103,-1.0,0.0,-42.0
1776886767.452103,-1.0,0.0,-42.0
1776886767.462103,3.0,0.0,-41.0
1776886767.4721026,7.0,3.0,-36.0
1776886767.4821026,8.0,4.0,-33.0
1776886767.4921026,7.0,5.0,-28.0
1776886767.5021029,4.0,3.0,-31.0
1776886767.5121028,8.0,3.0,-33.0
1776886767.5221028,10.0,0.0,-34.0
1776886767.5321028,13.0,4.0,-40.0
1776886767.5421028,12.0,5.0,-40.0
1776886767.5521028,12.0,5.0,-44.0
1776886767.5621028,6.0,2.0,-38.0
1776886767.5721028,5.0,3.0,-31.0
1776886767.5821028,6.0,0.0,-33.0
1776886767.5921028,4.0,2.0,-37.0
1776886767.6021028,5.0,0.0,-38.0
1776886767.6121027,5.0,-4.0,-41.0
1776886767.6221027,8.0,-5.0,-40.0
1776886767.6321027,6.0,-2.0,-39.0
1776886767.6421027,6.0,-5.0,-40.0
1776886767.6521027,3.0,-5.0,-39.0
1776886767.6621027,3.0,-4.0,-38.0
1776886767.6721027,2.0,-2.0,-32.0
1776886767.682103,2.0,-1.0,-30.0
1776886767.692103,0.0,-1.0,-39.0
1776886767.702103,-2.0,-4.0,-37.0
1776886767.712103,-3.0,-5.0,-36.0
1776886767.7221026,-11.0,1.0,-32.0
1776886767.7321026,-6.0,2.0,-32.0
1776886767.7421026,-7.0,2.0,-34.0
1776886767.7521029,-5.0,0.0,-35.0
1776886767.7621028,-5.0,0.0,-34.0
1776886767.7721028,-4.0,-2.0,-35.0
1776886767.7821028,-7.0,-4.0,-39.0
1776886767.7921028,-5.0,0.0,-38.0
1776886767.8021028,-1.0,0.0,-36.0
1776886767.8121028,-3.0,2.0,-33.0
1776886767.8221028,-2.0,3.0,-36.0
1776886767.8321028,-2.0,3.0,-32.0
1776886767.8421028,0.0,0.0,-30.0
1776886767.8521028,1.0,-4.0,-30.0
1776886767.8621027,3.0,-6.0,-37.0
1776886767.8721027,2.0,-6.0,-36.0
1776886767.8821027,4.0,-5.0,-33.0
1776886767.8921027,2.0,-6.0,-33.0
1776886767.9021027,0.0,-7.0,-36.0
1776886767.9121027,0.0,-4.0,-32.0
1776886767.9221027,2.0,-7.0,-34.0
1776886767.932103,0.0,-7.0,-38.0
1776886767.942103,-3.0,-8.0,-39.0
1776886767.9531028,-1.0,-2.0,-34.0
1776886767.962103,0.0,-2.0,-36.0
1776886767.9721026,6.0,-4.0,-36.0
1776886767.9821026,8.0,0.0,-38.0
1776886767.9921026,7.0,0.0,-37.0
1776886768.0021029,2.0,-2.0,-37.0
1776886768.0121028,-1.0,-3.0,-41.0
1776886768.0221028,-3.0,-3.0,-49.0
1776886768.0321028,0.0,0.0,-46.0
1776886768.0421028,-2.0,0.0,-46.0
1776886768.0521028,0.0,0.0,-37.0
1776886768.0621028,3.0,-2.0,-41.0
1776886768.0721028,3.0,-3.0,-40.0
1776886768.0821028,4.0,-3.0,-32.0
1776886768.0921028,5.0,-3.0,-27.0
1776886768.1021028,6.0,-3.0,-24.0
1776886768.1121027,6.0,-2.0,-34.0
1776886768.1221027,4.0,-3.0,-36.0
1776886768.1321027,1.0,-3.0,-30.0
1776886768.1421027,7.0,-2.0,-27.0
1776886768.1521027,11.0,-5.0,-31.0
1776886768.1621027,7.0,-7.0,-35.0
1776886768.1721027,8.0,-7.0,-33.0
1776886768.182103,6.0,-2.0,-37.0
1776886768.192103,9.0,3.0,-33.0
1776886768.202103,5.0,5.0,-37.0
1776886768.212103,1.0,5.0,-36.0
1776886768.2221026,0.0,3.0,-37.0
1776886768.2321026,-4.0,3.0,-39.0
1776886768.2421026,-2.0,2.0,-37.0
1776886768.2521029,2.0,-1.0,-36.0
1776886768.2621028,2.0,-3.0,-31.0
1776886768.2721028,1.0,-1.0,-32.0
1776886768.2821028,-2.0,0.0,-34.0
1776886768.2921028,-1.0,1.0,-34.0
1776886768.3021028,3.0,1.0,-37.0
1776886768.3121028,1.0,-3.0,-35.0
1776886768.3221028,4.0,-2.0,-38.0
1776886768.3321028,6.0,0.0,-33.0
1776886768.3421028,3.0,-1.0,-33.0
1776886768.3521028,2.0,-2.0,-38.0
1776886768.3621027,2.0,-1.0,-39.0
1776886768.3721027,-3.0,-1.0,-41.0
1776886768.3821027,-1.0,-2.0,-41.0
1776886768.3921027,5.0,0.0,-38.0
1776886768.4021027,5.0,-1.0,-37.0
1776886768.4131026,7.0,0.0,-34.0
1776886768.4221027,5.0,-2.0,-38.0
1776886768.432103,6.0,-1.0,-39.0
1776886768.4431028,5.0,-6.0,-40.0
1776886768.4531028,3.0,-4.0,-43.0
1776886768.4631028,7.0,-6.0,-46.0
1776886768.4731028,4.0,-2.0,-52.0
1776886768.4831028,3.0,-1.0,-50.0
1776886768.4931028,1.0,-2.0,-40.0
1776886768.5031028,1.0,-3.0,-37.0
1776886768.5131028,1.0,-7.0,-35.0
1776886768.5231028,4.0,-7.0,-27.0
1776886768.5331028,0.0,-6.0,-34.0
1776886768.5431027,0.0,-3.0,-31.0
1776886768.5531027,1.0,-5.0,-44.0
1776886768.5631027,5.0,-4.0,-48.0
1776886768.5731027,4.0,0.0,-47.0
1776886768.5831027,0.0,-3.0,-49.0
1776886768.5931027,-6.0,-1.0,-42.0
1776886768.6031027,-5.0,-3.0,-36.0
1776886768.613103,-2.0,-5.0,-36.0
1776886768.623103,-2.0,-7.0,-32.0
1776886768.633103,-4.0,-2.0,-37.0
1776886768.6431026,-2.0,0.0,-37.0
1776886768.6531026,0.0,-1.0,-46.0
1776886768.6631026,0.0,3.0,-49.0
1776886768.6731029,2.0,6.0,-47.0
1776886768.6831028,4.0,1.0,-41.0
1776886768.6931028,6.0,2.0,-37.0
1776886768.7031028,3.0,1.0,-39.0
1776886768.7131028,3.0,6.0,-42.0
1776886768.7231028,2.0,4.0,-39.0
1776886768.7331028,2.0,1.0,-40.0
1776886768.7431028,0.0,1.0,-34.0
1776886768.7531028,4.0,-3.0,-30.0
1776886768.7631028,4.0,-3.0,-37.0
1776886768.7731028,0.0,-2.0,-39.0
1776886768.7831028,3.0,1.0,-35.0
1776886768.7931027,0.0,1.0,-36.0
1776886768.8031027,0.0,1.0,-38.0
1776886768.8131027,0.0,0.0,-41.0
1776886768.8231027,-1.0,-2.0,-40.0
1776886768.8331027,0.0,-1.0,-33.0
1776886768.8431027,2.0,-3.0,-36.0
1776886768.8531027,3.0,-4.0,-40.0
1776886768.863103,0.0,-5.0,-40.0
1776886768.873103,1.0,-5.0,-40.0
1776886768.883103,1.0,-3.0,-41.0
1776886768.8931026,4.0,-7.0,-35.0
1776886768.9031026,0.0,-8.0,-34.0
1776886768.9131026,0.0,-7.0,-36.0
1776886768.9231029,3.0,-4.0,-33.0
1776886768.9331028,0.0,-4.0,-35.0
1776886768.9431028,-4.0,-7.0,-36.0
1776886768.9531028,-3.0,-7.0,-44.0
1776886768.9631028,-7.0,-4.0,-45.0
1776886768.9731028,-3.0,-3.0,-41.0
1776886768.9831028,-6.0,0.0,-29.0
1776886768.9931028,-1.0,4.0,-30.0
1776886769.0031028,0.0,4.0,-30.0
1776886769.0131028,0.0,3.0,-30.0
1776886769.0231028,0.0,1.0,-29.0
1776886769.0331028,5.0,-1.0,-33.0
1776886769.0431027,3.0,-1.0,-37.0
1776886769.0531027,6.0,2.0,-37.0
1776886769.0631027,7.0,5.0,-36.0
1776886769.0731027,8.0,4.0,-35.0
1776886769.0831027,7.0,3.0,-35.0
1776886769.0931027,0.0,-2.0,-43.0
1776886769.1031027,3.0,-1.0,-51.0
1776886769.113103,4.0,0.0,-54.0
1776886769.123103,6.0,0.0,-53.0
1776886769.133103,2.0,1.0,-53.0
1776886769.1431026,5.0,-2.0,-51.0
1776886769.1531026,10.0,-1.0,-44.0
1776886769.1631026,7.0,0.0,-37.0
1776886769.1731029,5.0,-4.0,-36.0
1776886769.1831028,4.0,-3.0,-30.0
1776886769.1931028,2.0,-1.0,-30.0
1776886769.2031028,2.0,2.0,-36.0
1776886769.2131028,1.0,3.0,-45.0
1776886769.2231028,0.0,8.0,-56.0
1776886769.2331028,0.0,2.0,-56.0
1776886769.2431028,-1.0,2.0,-53.0
1776886769.2531028,-1.0,0.0,-49.0
1776886769.2631028,-1.0,-3.0,-47.0
1776886769.2731028,0.0,-4.0,-49.0
1776886769.2831028,-1.0,-1.0,-49.0
1776886769.2931027,5.0,-3.0,-51.0
1776886769.3031027,3.0,-5.0,-50.0
1776886769.3131027,3.0,-5.0,-47.0
1776886769.3231027,5.0,-3.0,-45.0
1776886769.3331027,1.0,-6.0,-44.0
1776886769.3431027,3.0,-9.0,-40.0
1776886769.3531027,3.0,-7.0,-42.0
1776886769.363103,4.0,-5.0,-40.0
1776886769.373103,3.0,-5.0,-43.0
1776886769.383103,6.0,-2.0,-40.0
1776886769.3931026,6.0,-1.0,-40.0
1776886769.4031026,9.0,2.0,-44.0
1776886769.4131026,3.0,2.0,-41.0
1776886769.4231029,2.0,1.0,-36.0
1776886769.4331028,2.0,0.0,-39.0
1776886769.4431028,-1.0,-1.0,-38.0
1776886769.4531028,4.0,-2.0,-38.0
1776886769.4631028,6.0,-1.0,-47.0
1776886769.4731028,5.0,-2.0,-45.0
1776886769.4831028,4.0,0.0,-41.0
1776886769.4931028,2.0,1.0,-42.0
1776886769.5031028,3.0,2.0,-39.0
1776886769.5131028,3.0,-1.0,-40.0
1776886769.5231028,3.0,1.0,-37.0
1776886769.5331028,-1.0,1.0,-28.0
1776886769.5431027,-2.0,0.0,-28.0
1776886769.5531027,-2.0,2.0,-31.0
1776886769.5631027,0.0,1.0,-28.0
1776886769.5731027,6.0,0.0,-25.0
1776886769.5831027,8.0,1.0,-22.0
1776886769.5931027,8.0,2.0,-22.0
1776886769.6031027,6.0,2.0,-30.0
1776886769.613103,1.0,-2.0,-29.0
1776886769.623103,0.0,-1.0,-29.0
1776886769.633103,-3.0,0.0,-36.0
1776886769.6431026,-1.0,3.0,-34.0
1776886769.6531026,3.0,3.0,-36.0
1776886769.6631026,2.0,1.0,-37.0
1776886769.6731029,-2.0,1.0,-37.0
1776886769.6831028,1.0,-2.0,-32.0
1776886769.6931028,-1.0,-2.0,-31.0
1776886769.7031028,4.0,0.0,-30.0
1776886769.7131028,6.0,-2.0,-33.0
1776886769.7231028,4.0,0.0,-40.0
1776886769.7331028,0.0,-1.0,-42.0
1776886769.7431028,5.0,1.0,-40.0
1776886769.7531028,7.0,5.0,-34.0
1776886769.7631028,9.0,4.0,-30.0
1776886769.7731028,1.0,1.0,-28.0
1776886769.7831028,1.0,1.0,-28.0
1776886769.7931027,-2.0,-2.0,-30.0
1776886769.8031027,-4.0,0.0,-27.0
1776886769.8131027,1.0,2.0,-26.0
1776886769.8231027,3.0,1.0,-27.0
1776886769.8331027,4.0,4.0,-26.0
1776886769.8431027,7.0,0.0,-33.0
1776886769.8531027,12.0,1.0,-36.0
1776886769.863103,9.0,0.0,-41.0
1776886769.873103,7.0,1.0,-37.0
1776886769.883103,5.0,1.0,-38.0
1776886769.8931026,3.0,0.0,-39.0
1776886769.9031026,0.0,2.0,-39.0
1776886769.9131026,2.0,1.0,-37.0
1776886769.9231029,3.0,3.0,-39.0
1776886769.9331028,3.0,-1.0,-34.0
1776886769.9431028,3.0,-4.0,-35.0
1776886769.9531028,0.0,-2.0,-36.0
1776886769.9631028,0.0,-1.0,-37.0
1776886769.9731028,1.0,-3.0,-39.0
1776886769.9831028,-5.0,-3.0,-38.0
1776886769.9931028,-7.0,-7.0,-38.0
1776886770.0031028,-6.0,-4.0,-37.0
1776886770.0131028,0.0,0.0,-31.0
1776886770.0231028,4.0,3.0,-27.0
1776886770.0331028,2.0,4.0,-19.0
1776886770.0431027,5.0,5.0,-19.0
1776886770.0531027,2.0,0.0,-23.0
1776886770.0631027,-1.0,0.0,-21.0
1776886770.0731027,0.0,0.0,-28.0
1776886770.0831027,0.0,0.0,-24.0
1776886770.0931027,0.0,0.0,-27.0
1776886770.1031027,0.0,-1.0,-24.0
1776886770.113103,1.0,-3.0,-35.0
1776886770.123103,3.0,-3.0,-36.0
1776886770.133103,1.0,-2.0,-39.0
1776886770.1431026,0.0,-3.0,-37.0
1776886770.1531026,0.0,-4.0,-30.0
1776886770.1631026,-1.0,-4.0,-24.0
1776886770.1731029,-1.0,-7.0,-25.0
1776886770.1831028,0.0,-6.0,-28.0
1776886770.1931028,0.0,-2.0,-32.0
1776886770.2031028,3.0,-2.0,-39.0
1776886770.2131028,0.0,-1.0,-41.0
1776886770.2231028,-1.0,-1.0,-46.0
1776886770.2331028,0.0,-1.0,-38.0
1776886770.2431028,-4.0,-1.0,-39.0
1776886770.2531028,-4.0,0.0,-35.0
1776886770.2631028,-4.0,-1.0,-41.0
1776886770.2731028,-7.0,-4.0,-41.0
1776886770.2831028,-6.0,-3.0,-37.0
1776886770.2931027,-4.0,-1.0,-31.0
1776886770.3031027,-3.0,-2.0,-35.0
1776886770.3131027,-5.0,-2.0,-40.0
1776886770.3231027,-5.0,-1.0,-47.0
1776886770.3331027,0.0,-2.0,-44.0
1776886770.3431027,0.0,-5.0,-38.0
1776886770.3531027,-3.0,-5.0,-33.0
1776886770.363103,-5.0,-8.0,-32.0
1776886770.373103,0.0,-7.0,-33.0
1776886770.383103,0.0,-10.0,-32.0
1776886770.3931026,-2.0,-10.0,-27.0
1776886770.4031026,-4.0,-6.0,-28.0
1776886770.4141028,-2.0,-7.0,-28.0
1776886770.4231029,-3.0,-7.0,-39.0
1776886770.4341028,0.0,-9.0,-39.0
1776886770.4441028,0.0,-5.0,-37.0
1776886770.4541028,4.0,-2.0,-35.0
1776886770.4641027,2.0,-2.0,-34.0
1776886770.4741027,7.0,-6.0,-33.0
1776886770.4841027,7.0,-5.0,-33.0
1776886770.4941027,6.0,-5.0,-33.0
1776886770.5041027,5.0,-4.0,-39.0
1776886770.5141027,2.0,-6.0,-35.0
1776886770.5241027,5.0,-6.0,-40.0
1776886770.534103,5.0,-5.0,-42.0
1776886770.544103,8.0,-3.0,-47.0
1776886770.554103,8.0,-1.0,-45.0
1776886770.5641026,4.0,-6.0,-39.0
1776886770.5741026,0.0,-5.0,-33.0
1776886770.5841026,-2.0,-9.0,-31.0
1776886770.5941026,-3.0,-8.0,-36.0
1776886770.6041028,-4.0,-7.0,-37.0
1776886770.6141028,-2.0,-3.0,-35.0
1776886770.6241028,-2.0,0.0,-40.0
1776886770.6341028,0.0,0.0,-44.0
1776886770.6441028,0.0,0.0,-44.0
1776886770.6541028,0.0,-3.0,-41.0
1776886770.6641028,-1.0,-6.0,-42.0
1776886770.6741028,-1.0,-5.0,-44.0
1776886770.6841028,0.0,-4.0,-42.0
1776886770.6941028,-1.0,-3.0,-42.0
1776886770.7041028,-4.0,-1.0,-37.0
1776886770.7141027,-5.0,2.0,-45.0
1776886770.7241027,-4.0,4.0,-43.0
1776886770.7341027,-5.0,4.0,-42.0
1776886770.7441027,-2.0,0.0,-40.0
1776886770.7541027,-2.0,-2.0,-37.0
1776886770.7641027,3.0,-3.0,-38.0
1776886770.7741027,6.0,-2.0,-35.0
1776886770.784103,9.0,-2.0,-31.0
1776886770.794103,12.0,-3.0,-33.0
1776886770.804103,6.0,-3.0,-34.0
1776886770.8141026,7.0,0.0,-34.0
1776886770.8241026,8.0,-2.0,-31.0
1776886770.8341026,3.0,-3.0,-32.0
1776886770.8441026,2.0,-3.0,-29.0
1776886770.8541028,4.0,0.0,-35.0
1776886770.8641028,2.0,2.0,-28.0
1776886770.8741028,-1.0,4.0,-33.0
1776886770.8841028,0.0,4.0,-36.0
1776886770.8941028,-3.0,1.0,-40.0
1776886770.9041028,0.0,0.0,-43.0
1776886770.9141028,2.0,2.0,-43.0
1776886770.9241028,6.0,4.0,-48.0
1776886770.9341028,4.0,0.0,-51.0
1776886770.9441028,3.0,3.0,-56.0
1776886770.9541028,1.0,0.0,-64.0
1776886770.9641027,5.0,2.0,-66.0
1776886770.9741027,1.0,1.0,-53.0
1776886770.9841027,0.0,3.0,-50.0
1776886770.9941027,-2.0,3.0,-50.0
1776886771.0041027,-7.0,3.0,-43.0
1776886771.0141027,-2.0,2.0,-40.0
1776886771.0241027,-4.0,0.0,-39.0
1776886771.034103,-5.0,2.0,-37.0
1776886771.044103,-6.0,1.0,-41.0
1776886771.054103,-6.0,2.0,-43.0
1776886771.0641026,-5.0,-1.0,-41.0
1776886771.0741026,-3.0,-1.0,-33.0
1776886771.0841026,-2.0,0.0,-33.0
1776886771.0941026,0.0,0.0,-40.0
1776886771.1041028,6.0,1.0,-39.0
1776886771.1141028,7.0,-1.0,-35.0
1776886771.1241028,9.0,0.0,-32.0
1776886771.1341028,7.0,2.0,-35.0
1776886771.1441028,3.0,7.0,-31.0
1776886771.1541028,1.0,10.0,-31.0
1776886771.1641028,4.0,2.0,-31.0
1776886771.1741028,5.0,3.0,-37.0
1776886771.1841028,6.0,2.0,-39.0
1776886771.1941028,6.0,0.0,-36.0
1776886771.2041028,0.0,0.0,-34.0
1776886771.2141027,1.0,0.0,-41.0
1776886771.2241027,2.0,-1.0,-36.0
1776886771.2341027,3.0,-5.0,-38.0
1776886771.2441027,0.0,-6.0,-36.0
1776886771.2541027,0.0,-3.0,-31.0
1776886771.2641027,0.0,0.0,-24.0
1776886771.2741027,3.0,1.0,-19.0
1776886771.284103,-1.0,3.0,-25.0
1776886771.294103,-2.0,0.0,-31.0
1776886771.304103,-4.0,-4.0,-33.0
1776886771.3141026,-2.0,-4.0,-31.0
1776886771.3241026,-2.0,-4.0,-38.0
1776886771.3341026,-8.0,-2.0,-40.0
1776886771.3441026,-3.0,0.0,-33.0
1776886771.3541028,2.0,0.0,-34.0
1776886771.3641028,0.0,-4.0,-36.0
1776886771.3741028,4.0,-2.0,-39.0
1776886771.3841028,2.0,-3.0,-40.0
1776886771.3941028,2.0,-3.0,-38.0
1776886771.4041028,0.0,-2.0,-40.0
1776886771.4141028,-4.0,0.0,-43.0
1776886771.4241028,-5.0,0.0,-47.0
1776886771.4341028,-4.0,-2.0,-52.0
1776886771.4441028,-1.0,0.0,-46.0
1776886771.4541028,-2.0,0.0,-38.0
1776886771.4641027,-4.0,-3.0,-38.0
1776886771.4741027,-6.0,-5.0,-40.0
1776886771.4841027,-6.0,-7.0,-44.0
1776886771.4941027,-4.0,-6.0,-51.0
1776886771.5041027,-3.0,-7.0,-48.0
1776886771.5141027,-6.0,-3.0,-47.0
1776886771.5241027,-5.0,-2.0,-49.0
1776886771.534103,-3.0,-3.0,-49.0
1776886771.544103,-2.0,0.0,-49.0
1776886771.554103,-3.0,1.0,-46.0
1776886771.5641026,-4.0,-2.0,-38.0
1776886771.5741026,-4.0,0.0,-40.0
1776886771.5841026,-3.0,3.0,-41.0
1776886771.5941026,-1.0,6.0,-37.0
1776886771.6041028,3.0,3.0,-33.0
1776886771.6141028,4.0,1.0,-35.0
1776886771.6241028,4.0,-4.0,-36.0
1776886771.6341028,0.0,-6.0,-37.0
1776886771.6441028,0.0,-7.0,-34.0
1776886771.6541028,4.0,-8.0,-42.0
1776886771.6641028,5.0,-5.0,-40.0
1776886771.6741028,2.0,-5.0,-36.0
1776886771.6841028,3.0,-2.0,-34.0
1776886771.6941028,3.0,-5.0,-33.0
1776886771.7041028,0.0,-3.0,-35.0
1776886771.7141027,0.0,-5.0,-32.0
1776886771.7241027,0.0,-2.0,-27.0
1776886771.7341027,-2.0,-4.0,-25.0
1776886771.7441027,-2.0,0.0,-38.0
1776886771.7541027,-1.0,0.0,-44.0
1776886771.7641027,1.0,0.0,-44.0
1776886771.7741027,8.0,1.0,-48.0
1776886771.784103,10.0,2.0,-41.0
1776886771.794103,8.0,2.0,-42.0
1776886771.804103,8.0,2.0,-38.0
1776886771.8141026,5.0,0.0,-39.0
1776886771.8241026,3.0,-2.0,-38.0
1776886771.8341026,0.0,-3.0,-42.0
1776886771.8441026,2.0,-4.0,-39.0
1776886771.8541028,6.0,-4.0,-41.0
1776886771.8641028,3.0,-3.0,-38.0
1776886771.8741028,0.0,-3.0,-34.0
1776886771.8841028,0.0,-3.0,-34.0
1776886771.8941028,0.0,-2.0,-28.0
1776886771.9041028,0.0,-1.0,-31.0
1776886771.9141028,1.0,-3.0,-27.0
1776886771.9241028,1.0,-1.0,-35.0
1776886771.9341028,-3.0,0.0,-36.0
1776886771.9441028,0.0,-2.0,-35.0
1776886771.9541028,3.0,-1.0,-39.0
1776886771.9641027,4.0,0.0,-40.0
1776886771.9741027,8.0,-1.0,-41.0
1776886771.9841027,8.0,0.0,-44.0
1776886771.9941027,8.0,-1.0,-42.0
1776886772.0041027,3.0,-2.0,-46.0
1776886772.0141027,7.0,-3.0,-46.0
1776886772.0241027,6.0,-2.0,-42.0
1776886772.034103,4.0,-3.0,-39.0
1776886772.044103,4.0,-4.0,-39.0
1776886772.054103,0.0,-3.0,-38.0
1776886772.0641026,0.0,0.0,-42.0
1776886772.0741026,-1.0,0.0,-42.0
1776886772.0841026,-1.0,-1.0,-40.0
1776886772.0941026,0.0,0.0,-41.0
1776886772.1041028,-3.0,2.0,-38.0
1776886772.1141028,-2.0,7.0,-35.0
1776886772.1241028,-2.0,9.0,-39.0
1776886772.1341028,-5.0,9.0,-32.0
1776886772.1441028,-3.0,8.0,-32.0
1776886772.1541028,0.0,8.0,-27.0
1776886772.1641028,3.0,6.0,-29.0
1776886772.1741028,3.0,6.0,-31.0
1776886772.1841028,3.0,4.0,-29.0
1776886772.1941028,3.0,-2.0,-32.0
1776886772.2041028,1.0,0.0,-41.0
1776886772.2141027,-2.0,1.0,-41.0
1776886772.2241027,0.0,5.0,-44.0
1776886772.2341027,-1.0,7.0,-49.0
1776886772.2441027,1.0,3.0,-43.0
1776886772.2541027,1.0,0.0,-46.0
1776886772.2641027,-3.0,-5.0,-48.0
1776886772.2741027,-10.0,-5.0,-47.0
1776886772.284103,-7.0,-4.0,-46.0
1776886772.294103,-4.0,-5.0,-44.0
1776886772.304103,0.0,-4.0,-44.0
1776886772.3141026,2.0,1.0,-35.0
1776886772.3241026,0.0,0.0,-34.0
1776886772.3341026,2.0,-5.0,-38.0
1776886772.3441026,2.0,-5.0,-35.0
1776886772.3541028,5.0,-4.0,-35.0
1776886772.3641028,-1.0,-5.0,-35.0
1776886772.3741028,-1.0,-7.0,-33.0
1776886772.3841028,-2.0,-5.0,-32.0
1776886772.3941028,-5.0,-6.0,-33.0
1776886772.4041028,-12.0,-5.0,-30.0
1776886772.4141028,-9.0,-1.0,-28.0
1776886772.4251027,-5.0,1.0,-35.0
1776886772.4351027,-2.0,-1.0,-41.0
1776886772.4451027,-8.0,0.0,-46.0
1776886772.4551027,-8.0,0.0,-37.0
1776886772.465103,-4.0,-1.0,-34.0
1776886772.475103,0.0,-3.0,-36.0
1776886772.485103,-1.0,-2.0,-36.0
1776886772.4951026,0.0,0.0,-32.0
1776886772.5051026,4.0,0.0,-36.0
1776886772.5151026,5.0,0.0,-39.0
1776886772.5251029,7.0,-1.0,-36.0
1776886772.5351028,5.0,2.0,-31.0
1776886772.5451028,2.0,5.0,-34.0
1776886772.5551028,0.0,0.0,-33.0
1776886772.5651028,-1.0,0.0,-39.0
1776886772.5751028,1.0,0.0,-40.0
1776886772.5851028,7.0,0.0,-35.0
1776886772.5951028,4.0,0.0,-34.0
1776886772.6051028,3.0,-2.0,-32.0
1776886772.6151028,4.0,-3.0,-30.0
1776886772.6251028,3.0,-8.0,-38.0
1776886772.6351027,3.0,-10.0,-42.0
1776886772.6451027,-1.0,-9.0,-44.0
1776886772.6551027,0.0,-8.0,-37.0
1776886772.6651027,-2.0,-4.0,-35.0
1776886772.6751027,0.0,-7.0,-38.0
1776886772.6851027,4.0,-3.0,-43.0
1776886772.6951027,6.0,-1.0,-47.0
1776886772.7051027,3.0,1.0,-39.0
1776886772.715103,0.0,1.0,-35.0
1776886772.725103,0.0,0.0,-33.0
1776886772.735103,3.0,0.0,-33.0
1776886772.7451026,0.0,-2.0,-37.0
1776886772.7551026,3.0,0.0,-40.0
1776886772.7651026,0.0,3.0,-40.0
1776886772.7751029,-2.0,0.0,-38.0
1776886772.7851028,-3.0,0.0,-41.0
1776886772.7951028,-1.0,-4.0,-37.0
1776886772.8051028,-2.0,-3.0,-37.0
1776886772.8151028,-7.0,-5.0,-32.0
1776886772.8251028,-11.0,-3.0,-34.0
1776886772.8351028,-10.0,6.0,-30.0
1776886772.8451028,-8.0,6.0,-32.0
1776886772.8551028,-1.0,7.0,-33.0
1776886772.8651028,-3.0,3.0,-31.0
1776886772.8751028,1.0,-3.0,-32.0
1776886772.8851027,7.0,-3.0,-32.0
1776886772.8951027,7.0,-5.0,-34.0
1776886772.9051027,5.0,-2.0,-36.0
1776886772.9151027,0.0,0.0,-36.0
1776886772.9251027,-5.0,1.0,-32.0
1776886772.9351027,-5.0,2.0,-33.0
1776886772.9451027,3.0,1.0,-36.0
1776886772.9551027,7.0,1.0,-43.0
1776886772.965103,7.0,3.0,-44.0
1776886772.975103,5.0,0.0,-42.0
1776886772.985103,4.0,0.0,-42.0
1776886772.9951026,2.0,0.0,-41.0
1776886773.0051026,2.0,3.0,-42.0
1776886773.0151026,3.0,6.0,-44.0
1776886773.0251029,1.0,6.0,-48.0
1776886773.0351028,2.0,5.0,-46.0
1776886773.0451028,0.0,4.0,-43.0
1776886773.0551028,0.0,4.0,-41.0
1776886773.0651028,2.0,2.0,-37.0
1776886773.0751028,1.0,0.0,-30.0
1776886773.0851028,-1.0,-1.0,-30.0
1776886773.0951028,3.0,-3.0,-33.0
1776886773.1051028,1.0,-1.0,-33.0
1776886773.1151028,4.0,-1.0,-35.0
1776886773.1251028,4.0,-9.0,-38.0
1776886773.1351027,0.0,-10.0,-37.0
1776886773.1451027,-2.0,-12.0,-35.0
1776886773.1551027,1.0,-10.0,-40.0
1776886773.1651027,5.0,-11.0,-44.0
1776886773.1751027,1.0,-11.0,-37.0
1776886773.1851027,1.0,-13.0,-35.0
1776886773.1951027,5.0,-14.0,-33.0
1776886773.2051027,6.0,-12.0,-30.0
1776886773.215103,7.0,-13.0,-35.0
1776886773.225103,6.0,-12.0,-37.0
1776886773.235103,4.0,-11.0,-39.0
1776886773.2451026,1.0,-8.0,-42.0
1776886773.2551026,2.0,-9.0,-48.0
1776886773.2651026,5.0,-10.0,-48.0
1776886773.2751029,2.0,-9.0,-48.0
1776886773.2851028,0.0,-8.0,-43.0
1776886773.2951028,-2.0,-7.0,-41.0
1776886773.3051028,0.0,-10.0,-43.0
1776886773.3151028,-1.0,-11.0,-43.0
1776886773.3251028,-2.0,-9.0,-38.0
1776886773.3351028,-2.0,-10.0,-36.0
1776886773.3451028,2.0,-4.0,-32.0
1776886773.3551028,6.0,-7.0,-31.0
1776886773.3651028,1.0,-4.0,-32.0
1776886773.3751028,0.0,-4.0,-25.0
1776886773.386103,1.0,0.0,-24.0
1776886773.3951027,0.0,1.0,-25.0
1776886773.4051027,2.0,0.0,-27.0
1776886773.4151027,0.0,-4.0,-32.0
1776886773.4251027,-1.0,-7.0,-30.0
1776886773.4351027,4.0,-4.0,-29.0
1776886773.4451027,7.0,-6.0,-30.0
1776886773.4551027,4.0,-3.0,-33.0
1776886773.465103,3.0,-1.0,-34.0
1776886773.475103,5.0,1.0,-36.0
1776886773.485103,0.0,-2.0,-37.0
1776886773.4951026,-1.0,-1.0,-31.0
1776886773.5051026,2.0,4.0,-33.0
1776886773.5151026,6.0,3.0,-34.0
1776886773.5251029,8.0,-1.0,-34.0
1776886773.5351028,6.0,-1.0,-33.0
1776886773.5451028,1.0,-6.0,-36.0
1776886773.5551028,-1.0,-3.0,-36.0
1776886773.5651028,2.0,-1.0,-34.0
1776886773.5751028,0.0,1.0,-33.0
1776886773.5851028,0.0,1.0,-37.0
1776886773.5951028,2.0,6.0,-42.0
1776886773.6051028,3.0,6.0,-37.0
1776886773.6151028,-1.0,5.0,-37.0
1776886773.6251028,-3.0,2.0,-39.0
1776886773.6351027,-3.0,1.0,-35.0
1776886773.6451027,0.0,0.0,-35.0
1776886773.6551027,2.0,-2.0,-34.0
1776886773.6651027,1.0,-3.0,-33.0
1776886773.6751027,-1.0,-2.0,-34.0
1776886773.6851027,-5.0,-1.0,-36.0
1776886773.6951027,-1.0,-3.0,-36.0
1776886773.7051027,-6.0,-3.0,-35.0
1776886773.715103,-6.0,-3.0,-34.0
1776886773.725103,-5.0,-1.0,-39.0
1776886773.735103,-5.0,0.0,-34.0
1776886773.7451026,-5.0,-1.0,-33.0
1776886773.7551026,-5.0,-4.0,-39.0
1776886773.7651026,-4.0,-2.0,-45.0
1776886773.7751029,-3.0,-1.0,-42.0
1776886773.7851028,1.0,0.0,-44.0
1776886773.7951028,0.0,0.0,-39.0
1776886773.8051028,2.0,0.0,-36.0
1776886773.8151028,7.0,-2.0,-37.0
1776886773.8251028,4.0,-1.0,-38.0
1776886773.8351028,3.0,-2.0,-40.0
1776886773.8451028,1.0,-4.0,-43.0
1776886773.8551028,0.0,-2.0,-43.0
1776886773.8651028,-5.0,-1.0,-39.0
1776886773.8751028,-7.0,1.0,-37.0
1776886773.8851027,-8.0,-1.0,-35.0
1776886773.8951027,-5.0,-6.0,-41.0
1776886773.9051027,-5.0,-8.0,-33.0
1776886773.9151027,-6.0,-7.0,-33.0
1776886773.9251027,-4.0,-2.0,-35.0
1776886773.9351027,0.0,0.0,-39.0
1776886773.9451027,-3.0,-1.0,-43.0
1776886773.9551027,-5.0,4.0,-51.0
1776886773.965103,-1.0,6.0,-49.0
1776886773.975103,-2.0,6.0,-47.0
1776886773.985103,3.0,0.0,-53.0
1776886773.9951026,0.0,-4.0,-48.0
1776886774.0051026,-1.0,-2.0,-44.0
1776886774.0151026,1.0,-5.0,-39.0
1776886774.0251029,0.0,-4.0,-43.0
1776886774.0351028,-2.0,-3.0,-38.0
1776886774.0451028,-1.0,-1.0,-41.0
1776886774.0551028,0.0,-4.0,-39.0
1776886774.0651028,-4.0,-5.0,-34.0
1776886774.0751028,-3.0,-1.0,-36.0
1776886774.0851028,-1.0,0.0,-39.0
1776886774.0951028,0.0,0.0,-35.0
1776886774.1051028,2.0,0.0,-36.0
1776886774.1151028,1.0,-2.0,-47.0
1776886774.1251028,3.0,-5.0,-44.0
1776886774.1351027,0.0,-4.0,-44.0
1776886774.1451027,1.0,-1.0,-45.0
1776886774.1551027,0.0,-2.0,-41.0
1776886774.1651027,3.0,-3.0,-43.0
1776886774.1751027,3.0,-2.0,-42.0
1776886774.1851027,8.0,-1.0,-42.0
1776886774.1951027,6.0,-3.0,-50.0
1776886774.2051027,2.0,-2.0,-49.0
1776886774.215103,0.0,-5.0,-50.0
1776886774.225103,4.0,-3.0,-46.0
1776886774.235103,6.0,-2.0,-37.0
1776886774.2451026,1.0,-6.0,-35.0
1776886774.2551026,1.0,-3.0,-34.0
1776886774.2651026,1.0,-1.0,-42.0
1776886774.2751029,2.0,0.0,-41.0
1776886774.2851028,4.0,0.0,-35.0
1776886774.2951028,6.0,0.0,-33.0
1776886774.3051028,4.0,-1.0,-30.0
1776886774.3151028,1.0,-2.0,-26.0
1776886774.3251028,0.0,-6.0,-29.0
1776886774.3351028,2.0,-6.0,-34.0
1776886774.3451028,0.0,-10.0,-33.0
1776886774.3551028,-3.0,-12.0,-32.0
1776886774.3651028,-6.0,-5.0,-40.0
1776886774.3751028,-5.0,-7.0,-37.0
1776886774.3851027,-6.0,-4.0,-36.0
1776886774.3951027,-3.0,-4.0,-36.0
1776886774.406103,-2.0,0.0,-36.0
1776886774.4161026,-3.0,2.0,-32.0
1776886774.4261026,-2.0,2.0,-29.0
1776886774.4361026,-1.0,2.0,-31.0
1776886774.4461029,0.0,0.0,-34.0
1776886774.4561028,0.0,1.0,-35.0
1776886774.4661028,2.0,0.0,-39.0
1776886774.4761028,2.0,-3.0,-47.0
1776886774.4861028,1.0,0.0,-52.0
1776886774.4961028,1.0,0.0,-56.0
1776886774.5061028,0.0,2.0,-57.0
1776886774.5161028,0.0,-1.0,-58.0
1776886774.5261028,-3.0,0.0,-56.0
1776886774.5361028,-3.0,0.0,-55.0
1776886774.5461028,-3.0,-2.0,-43.0
1776886774.5561028,-1.0,-6.0,-38.0
1776886774.5661027,-3.0,-5.0,-41.0
1776886774.5761027,-1.0,-7.0,-38.0
1776886774.5861027,-6.0,-10.0,-35.0
1776886774.5961027,-2.0,-8.0,-37.0
1776886774.6061027,-1.0,-3.0,-41.0
1776886774.6161027,0.0,1.0,-40.0
1776886774.6261027,0.0,1.0,-47.0
1776886774.636103,-4.0,2.0,-49.0
1776886774.646103,-5.0,2.0,-47.0
1776886774.656103,-7.0,-1.0,-46.0
1776886774.6661026,-8.0,-1.0,-40.0
1776886774.6761026,-3.0,0.0,-41.0
1776886774.6861026,-4.0,-1.0,-37.0
1776886774.6961029,-2.0,-4.0,-35.0
1776886774.7061028,2.0,-2.0,-35.0
1776886774.7161028,2.0,1.0,-37.0
1776886774.7261028,1.0,-1.0,-36.0
1776886774.7361028,0.0,0.0,-36.0
1776886774.7461028,-1.0,-3.0,-31.0
1776886774.7561028,-1.0,-3.0,-28.0
1776886774.7661028,0.0,-4.0,-30.0
1776886774.7761028,-2.0,-3.0,-34.0
1776886774.7861028,-3.0,-1.0,-39.0
1776886774.7961028,-1.0,-1.0,-36.0
1776886774.8061028,-4.0,-3.0,-36.0
1776886774.8161027,-2.0,-1.0,-33.0
1776886774.8261027,-2.0,-2.0,-28.0
1776886774.8361027,-3.0,0.0,-32.0
1776886774.8461027,-2.0,0.0,-34.0
1776886774.8561027,-1.0,4.0,-39.0
1776886774.8661027,0.0,7.0,-42.0
1776886774.8761027,-1.0,5.0,-47.0
1776886774.886103,0.0,0.0,-52.0
1776886774.896103,-3.0,-1.0,-53.0
1776886774.906103,-6.0,0.0,-48.0
1776886774.9161026,0.0,-1.0,-40.0
1776886774.9261026,-4.0,-2.0,-44.0
1776886774.9361026,-4.0,0.0,-43.0
1776886774.9461029,-3.0,0.0,-45.0
1776886774.9561028,-6.0,0.0,-45.0
1776886774.9661028,-3.0,0.0,-39.0
1776886774.9761028,1.0,-1.0,-40.0
1776886774.9861028,0.0,-1.0,-35.0
1776886774.9961028,0.0,1.0,-38.0
1776886775.0061028,3.0,0.0,-43.0
1776886775.0161028,0.0,0.0,-44.0
1776886775.0261028,3.0,-4.0,-45.0
1776886775.0361028,6.0,-6.0,-47.0
1776886775.0461028,11.0,-6.0,-42.0
1776886775.0561028,11.0,-3.0,-44.0
1776886775.0661027,12.0,0.0,-42.0
1776886775.0761027,11.0,-1.0,-38.0
1776886775.0861027,10.0,-1.0,-27.0
1776886775.0961027,7.0,-2.0,-27.0
1776886775.1061027,6.0,-3.0,-28.0
1776886775.1161027,9.0,-2.0,-27.0
1776886775.1261027,7.0,0.0,-26.0
1776886775.136103,2.0,-2.0,-32.0
1776886775.146103,2.0,-7.0,-31.0
1776886775.156103,4.0,-4.0,-35.0
1776886775.1661026,2.0,-6.0,-40.0
1776886775.1761026,2.0,-2.0,-42.0
1776886775.1861026,2.0,-2.0,-39.0
1776886775.1961029,-5.0,-3.0,-43.0
1776886775.2061028,0.0,-3.0,-49.0
1776886775.2161028,-6.0,0.0,-52.0
1776886775.2261028,-2.0,-4.0,-50.0
1776886775.2361028,-2.0,-5.0,-50.0
1776886775.2461028,-6.0,-5.0,-51.0
1776886775.2561028,-2.0,-6.0,-48.0
1776886775.2661028,-1.0,-4.0,-44.0
1776886775.2761028,-1.0,-6.0,-37.0
1776886775.2861028,3.0,-9.0,-36.0
1776886775.2961028,2.0,-11.0,-35.0
1776886775.3061028,-2.0,-9.0,-36.0
1776886775.3161027,-3.0,-13.0,-30.0
1776886775.3261027,-3.0,-10.0,-32.0
1776886775.3361027,-1.0,-10.0,-38.0
1776886775.3461027,-1.0,-9.0,-40.0
1776886775.3561027,-4.0,-5.0,-32.0
1776886775.3661027,0.0,-5.0,-32.0
1776886775.3761027,-2.0,-4.0,-35.0
1776886775.386103,0.0,-5.0,-37.0
1776886775.396103,5.0,-5.0,-43.0
1776886775.406103,4.0,-3.0,-45.0
1776886775.4161026,1.0,0.0,-48.0
1776886775.4261026,-3.0,2.0,-43.0
1776886775.4361026,0.0,3.0,-47.0
1776886775.4461029,0.0,2.0,-40.0
1776886775.4561028,1.0,-2.0,-44.0
1776886775.4661028,1.0,-2.0,-42.0
1776886775.4761028,3.0,-1.0,-32.0
1776886775.4861028,2.0,-3.0,-39.0
1776886775.4961028,0.0,-6.0,-47.0
1776886775.5061028,0.0,-5.0,-42.0
1776886775.5161028,2.0,-2.0,-43.0
1776886775.5261028,6.0,0.0,-38.0
1776886775.5361028,10.0,1.0,-43.0
1776886775.5461028,9.0,0.0,-41.0
1776886775.5561028,6.0,1.0,-42.0
1776886775.5661027,0.0,4.0,-43.0
1776886775.5761027,3.0,0.0,-39.0
1776886775.5861027,5.0,2.0,-42.0
1776886775.5961027,6.0,0.0,-39.0
1776886775.6061027,5.0,1.0,-40.0
1776886775.6161027,4.0,-5.0,-38.0
1776886775.6261027,5.0,-6.0,-36.0
1776886775.636103,3.0,-6.0,-32.0
1776886775.646103,6.0,-4.0,-26.0
1776886775.656103,7.0,-5.0,-26.0
1776886775.6661026,10.0,-3.0,-26.0
1776886775.6761026,6.0,-1.0,-31.0
1776886775.6861026,2.0,0.0,-33.0
1776886775.6961029,0.0,0.0,-33.0
1776886775.7061028,0.0,5.0,-40.0
1776886775.7161028,9.0,4.0,-40.0
1776886775.7261028,10.0,6.0,-42.0
1776886775.7361028,11.0,4.0,-34.0
1776886775.7461028,12.0,4.0,-28.0
1776886775.7561028,12.0,4.0,-25.0
1776886775.7661028,8.0,4.0,-24.0
1776886775.7761028,4.0,6.0,-29.0
1776886775.7861028,1.0,3.0,-28.0
1776886775.7961028,3.0,4.0,-33.0
1776886775.8061028,-2.0,1.0,-35.0
1776886775.8161027,-3.0,-4.0,-33.0
1776886775.8261027,0.0,-11.0,-34.0
1776886775.8361027,0.0,-16.0,-42.0
1776886775.8461027,-4.0,-10.0,-44.0
1776886775.8561027,-3.0,-9.0,-48.0
1776886775.8661027,-3.0,-4.0,-46.0
1776886775.8761027,-8.0,-2.0,-41.0
1776886775.886103,-7.0,-6.0,-37.0
1776886775.896103,-2.0,-5.0,-41.0
1776886775.906103,0.0,-4.0,-44.0
1776886775.9161026,1.0,-5.0,-38.0
1776886775.9261026,0.0,-3.0,-33.0
1776886775.9361026,2.0,-1.0,-32.0
1776886775.9461029,3.0,1.0,-28.0
1776886775.9561028,2.0,-3.0,-31.0
1776886775.9661028,4.0,-3.0,-32.0
1776886775.9761028,6.0,-4.0,-31.0
1776886775.9861028,4.0,-7.0,-32.0
1776886775.9961028,5.0,-6.0,-37.0
1776886776.0061028,1.0,-4.0,-36.0
1776886776.0161028,0.0,-9.0,-31.0
1776886776.0261028,-6.0,-8.0,-37.0
1776886776.0361028,-4.0,-8.0,-35.0
1776886776.0461028,-3.0,-5.0,-41.0
1776886776.0561028,-4.0,-1.0,-43.0
1776886776.0661027,-2.0,-5.0,-41.0
1776886776.0761027,-5.0,-3.0,-34.0
1776886776.0861027,-6.0,-2.0,-32.0
1776886776.0961027,-5.0,-1.0,-33.0
1776886776.1061027,-5.0,1.0,-28.0
1776886776.1161027,-2.0,2.0,-31.0
1776886776.1261027,-1.0,-1.0,-36.0
1776886776.136103,0.0,-6.0,-35.0
1776886776.146103,2.0,-8.0,-31.0
1776886776.156103,2.0,-10.0,-33.0
1776886776.1661026,5.0,-5.0,-30.0
1776886776.1761026,3.0,-3.0,-32.0
1776886776.1861026,-1.0,-3.0,-28.0
1776886776.1961029,-3.0,0.0,-31.0
1776886776.2061028,3.0,2.0,-29.0
1776886776.2161028,7.0,2.0,-31.0
1776886776.2261028,8.0,0.0,-28.0
1776886776.2361028,9.0,-2.0,-31.0
1776886776.2461028,2.0,-3.0,-31.0
1776886776.2561028,1.0,0.0,-33.0
1776886776.2661028,7.0,0.0,-37.0
1776886776.2761028,8.0,-4.0,-30.0
1776886776.2861028,5.0,-5.0,-34.0
1776886776.2961028,4.0,-3.0,-35.0
1776886776.3061028,1.0,-5.0,-30.0
1776886776.3161027,0.0,-6.0,-34.0
1776886776.3261027,0.0,-4.0,-30.0
1776886776.3361027,1.0,-5.0,-28.0
1776886776.3461027,2.0,-3.0,-30.0
1776886776.3561027,2.0,-1.0,-31.0
1776886776.3661027,1.0,0.0,-30.0
1776886776.3761027,6.0,-3.0,-33.0
1776886776.386103,0.0,-1.0,-40.0
1776886776.396103,-2.0,-4.0,-44.0
1776886776.4071028,-3.0,-4.0,-36.0
1776886776.4171028,-2.0,-4.0,-34.0
1776886776.4271028,0.0,-1.0,-33.0
1776886776.4371028,6.0,-1.0,-26.0
1776886776.4471028,4.0,-1.0,-28.0
1776886776.4571028,0.0,-4.0,-29.0
1776886776.4671028,-6.0,-6.0,-33.0
1776886776.4771028,-7.0,0.0,-38.0
1776886776.4871027,-2.0,4.0,-39.0
1776886776.4971027,0.0,6.0,-41.0
1776886776.5071027,-3.0,5.0,-40.0
1776886776.5171027,-4.0,3.0,-43.0
1776886776.5271027,-4.0,0.0,-37.0
1776886776.5371027,-2.0,-6.0,-38.0
1776886776.5471027,-4.0,-4.0,-38.0
1776886776.557103,0.0,-5.0,-35.0
1776886776.567103,-1.0,-6.0,-37.0
1776886776.577103,-1.0,-10.0,-42.0
1776886776.587103,-2.0,-11.0,-41.0
1776886776.5971026,0.0,-11.0,-45.0
1776886776.6071026,-3.0,-5.0,-43.0
1776886776.6171026,-8.0,-4.0,-41.0
1776886776.6271029,-2.0,-1.0,-41.0
1776886776.6371028,-1.0,0.0,-41.0
1776886776.6471028,-5.0,0.0,-42.0
1776886776.6571028,-3.0,2.0,-47.0
1776886776.6671028,-2.0,3.0,-48.0
1776886776.6771028,-2.0,2.0,-45.0
1776886776.6871028,-1.0,0.0,-43.0
1776886776.6971028,0.0,1.0,-36.0
1776886776.7071028,1.0,4.0,-36.0
1776886776.7171028,4.0,3.0,-33.0
1776886776.7271028,2.0,-1.0,-31.0
1776886776.7371027,2.0,-3.0,-39.0
1776886776.7471027,-2.0,-3.0,-36.0
1776886776.7571027,2.0,-2.0,-36.0
1776886776.7671027,6.0,-4.0,-29.0
1776886776.7771027,5.0,-6.0,-32.0
1776886776.7871027,0.0,-2.0,-40.0
1776886776.7971027,0.0,-3.0,-37.0
1776886776.807103,0.0,-2.0,-35.0
1776886776.817103,0.0,-6.0,-27.0
1776886776.827103,0.0,-6.0,-26.0
1776886776.837103,0.0,-4.0,-27.0
1776886776.8471026,-1.0,-3.0,-30.0
1776886776.8571026,-2.0,-1.0,-38.0
1776886776.8671026,-1.0,2.0,-39.0
1776886776.8771029,-4.0,4.0,-40.0
1776886776.8871028,-5.0,4.0,-44.0
1776886776.8971028,-3.0,0.0,-46.0
1776886776.9071028,-6.0,-2.0,-44.0
1776886776.9171028,-5.0,-7.0,-47.0
1776886776.9271028,-7.0,-10.0,-48.0
1776886776.9371028,-3.0,-8.0,-50.0
1776886776.9471028,0.0,-3.0,-44.0
1776886776.9571028,3.0,-1.0,-41.0
1776886776.9671028,0.0,0.0,-42.0
1776886776.9771028,-2.0,0.0,-37.0
1776886776.9871027,-4.0,4.0,-33.0
1776886776.9971027,-3.0,4.0,-36.0
1776886777.0071027,0.0,4.0,-37.0
1776886777.0171027,6.0,1.0,-34.0
1776886777.0271027,6.0,2.0,-34.0
1776886777.0371027,3.0,2.0,-30.0
1776886777.0471027,3.0,3.0,-31.0
1776886777.057103,4.0,1.0,-39.0
1776886777.067103,7.0,0.0,-44.0
1776886777.077103,6.0,3.0,-46.0
1776886777.087103,4.0,0.0,-41.0
1776886777.0971026,7.0,-2.0,-43.0
1776886777.1071026,5.0,-1.0,-43.0
1776886777.1171026,0.0,-1.0,-33.0
1776886777.1271029,4.0,-2.0,-37.0
1776886777.1371028,4.0,-3.0,-43.0
1776886777.1471028,6.0,-4.0,-45.0
1776886777.1571028,2.0,-4.0,-46.0
1776886777.1671028,1.0,-3.0,-42.0
1776886777.1771028,-1.0,-2.0,-43.0
1776886777.1871028,5.0,-2.0,-44.0
1776886777.1971028,3.0,-7.0,-42.0
1776886777.2071028,2.0,-6.0,-41.0
1776886777.2171028,5.0,-7.0,-42.0
1776886777.2271028,3.0,-9.0,-42.0
1776886777.2371027,-5.0,-6.0,-39.0
1776886777.2471027,-7.0,-5.0,-34.0
1776886777.2571027,-6.0,-3.0,-30.0
1776886777.2671027,0.0,-1.0,-34.0
1776886777.2771027,0.0,1.0,-36.0
1776886777.2871027,0.0,0.0,-36.0
1776886777.2971027,-2.0,-2.0,-37.0
1776886777.307103,-1.0,-7.0,-37.0
1776886777.317103,-4.0,-8.0,-38.0
1776886777.327103,-5.0,-8.0,-44.0
1776886777.337103,0.0,-4.0,-44.0
1776886777.3471026,4.0,-1.0,-43.0
1776886777.3571026,4.0,1.0,-40.0
1776886777.3671026,2.0,-1.0,-44.0
1776886777.3771029,3.0,-4.0,-41.0
1776886777.3871028,-1.0,-1.0,-40.0
1776886777.3971028,1.0,-5.0,-43.0
1776886777.4071028,0.0,-5.0,-46.0
1776886777.4171028,1.0,-3.0,-38.0
1776886777.4271028,2.0,-2.0,-39.0
1776886777.4371028,1.0,-2.0,-39.0
1776886777.4471028,2.0,0.0,-39.0
1776886777.4571028,0.0,1.0,-40.0
1776886777.4671028,3.0,0.0,-43.0
1776886777.4771028,4.0,-2.0,-44.0
1776886777.4871027,3.0,-2.0,-38.0
1776886777.4971027,4.0,-2.0,-42.0
1776886777.5071027,3.0,-6.0,-43.0
1776886777.5171027,2.0,-7.0,-38.0
1776886777.5271027,1.0,-8.0,-35.0
1776886777.5371027,-1.0,-8.0,-32.0
1776886777.5471027,-5.0,-7.0,-34.0
1776886777.557103,-2.0,-1.0,-35.0
1776886777.567103,2.0,-2.0,-33.0
1776886777.577103,0.0,0.0,-34.0
1776886777.587103,-4.0,-1.0,-38.0
1776886777.5971026,-4.0,1.0,-34.0
1776886777.6071026,-7.0,-1.0,-38.0
1776886777.6171026,-3.0,-3.0,-39.0
1776886777.6271029,-3.0,-5.0,-40.0
1776886777.6371028,1.0,-6.0,-40.0
1776886777.6471028,0.0,-8.0,-39.0
1776886777.6571028,-4.0,-12.0,-39.0
1776886777.6671028,-3.0,-7.0,-33.0
1776886777.6771028,0.0,-4.0,-34.0
1776886777.6871028,4.0,-6.0,-36.0
1776886777.6971028,6.0,0.0,-32.0
1776886777.7071028,1.0,3.0,-31.0
1776886777.7171028,0.0,0.0,-35.0
1776886777.7271028,0.0,-3.0,-43.0
1776886777.7371027,1.0,-5.0,-43.0
1776886777.7471027,-2.0,-5.0,-36.0
1776886777.7571027,-3.0,-3.0,-28.0
1776886777.7671027,-3.0,-3.0,-36.0
1776886777.7771027,-3.0,-2.0,-32.0
1776886777.7871027,-5.0,-1.0,-34.0
1776886777.7971027,-2.0,-2.0,-39.0
1776886777.807103,-2.0,3.0,-38.0
1776886777.817103,1.0,3.0,-35.0
1776886777.827103,1.0,-1.0,-34.0
1776886777.837103,-2.0,-5.0,-33.0
1776886777.8471026,1.0,-4.0,-31.0
1776886777.8571026,1.0,-1.0,-30.0
1776886777.8671026,-2.0,3.0,-29.0
1776886777.8771029,-3.0,0.0,-31.0
1776886777.8871028,-1.0,1.0,-27.0
1776886777.8971028,-2.0,0.0,-29.0
1776886777.9071028,2.0,2.0,-25.0
1776886777.9171028,6.0,1.0,-30.0
1776886777.9271028,2.0,-5.0,-33.0
1776886777.9371028,1.0,-7.0,-31.0
1776886777.9471028,2.0,-6.0,-37.0
1776886777.9571028,0.0,-6.0,-34.0
1776886777.9671028,1.0,-8.0,-35.0
1776886777.9771028,0.0,-6.0,-38.0
1776886777.9871027,0.0,-4.0,-35.0
1776886777.9971027,4.0,-4.0,-35.0
1776886778.0071027,1.0,-7.0,-34.0
1776886778.0171027,3.0,-7.0,-33.0
1776886778.0271027,2.0,-7.0,-35.0
1776886778.0371027,1.0,-6.0,-36.0
1776886778.0471027,0.0,-4.0,-41.0
1776886778.057103,-2.0,-3.0,-49.0
1776886778.067103,0.0,-2.0,-52.0
1776886778.077103,2.0,0.0,-52.0
1776886778.087103,7.0,1.0,-49.0
1776886778.0971026,5.0,-1.0,-52.0
1776886778.1071026,3.0,-1.0,-50.0
1776886778.1171026,4.0,-3.0,-48.0
1776886778.1271029,1.0,-4.0,-46.0
1776886778.1371028,-1.0,1.0,-46.0
1776886778.1471028,0.0,8.0,-44.0
1776886778.1571028,0.0,5.0,-41.0
1776886778.1671028,0.0,7.0,-37.0
1776886778.1771028,-1.0,11.0,-36.0
1776886778.1871028,0.0,9.0,-37.0
1776886778.1971028,1.0,11.0,-35.0
1776886778.2071028,3.0,10.0,-36.0
1776886778.2171028,0.0,4.0,-39.0
1776886778.2271028,2.0,3.0,-32.0
1776886778.2371027,4.0,5.0,-34.0
1776886778.2471027,5.0,9.0,-42.0
1776886778.2571027,4.0,5.0,-38.0
1776886778.2671027,3.0,5.0,-37.0
1776886778.2771027,3.0,3.0,-42.0
1776886778.2871027,4.0,1.0,-39.0
1776886778.2971027,0.0,2.0,-41.0
1776886778.307103,-1.0,4.0,-49.0
1776886778.317103,0.0,1.0,-49.0
1776886778.327103,-3.0,2.0,-42.0
1776886778.337103,-3.0,1.0,-40.0
1776886778.3471026,-5.0,0.0,-35.0
1776886778.3571026,-4.0,0.0,-30.0
1776886778.3671026,-5.0,0.0,-34.0
1776886778.3781028,-3.0,-1.0,-31.0
1776886778.3871028,0.0,-2.0,-33.0
1776886778.3981028,6.0,-4.0,-39.0
1776886778.4081028,2.0,-2.0,-38.0
1776886778.4181027,2.0,-1.0,-40.0
1776886778.4281027,0.0,1.0,-42.0
1776886778.4381027,2.0,2.0,-36.0
1776886778.4481027,2.0,-1.0,-35.0
1776886778.4581027,1.0,-5.0,-40.0
1776886778.4681027,2.0,-2.0,-44.0
1776886778.4781027,2.0,-1.0,-52.0
1776886778.488103,0.0,-2.0,-50.0
1776886778.498103,-1.0,-1.0,-44.0
1776886778.508103,0.0,0.0,-38.0
1776886778.5181026,2.0,1.0,-44.0
1776886778.5281026,4.0,0.0,-48.0
1776886778.5381026,0.0,-2.0,-50.0
1776886778.5481029,-4.0,-2.0,-50.0
1776886778.5581028,0.0,-1.0,-49.0
1776886778.5681028,5.0,-3.0,-49.0
1776886778.5781028,4.0,-5.0,-50.0
1776886778.5881028,2.0,-6.0,-46.0
1776886778.5981028,0.0,-3.0,-43.0
1776886778.6081028,-1.0,-1.0,-38.0
1776886778.6181028,-1.0,-3.0,-48.0
1776886778.6281028,-8.0,3.0,-51.0
1776886778.6381028,-6.0,0.0,-56.0
1776886778.6481028,-5.0,-1.0,-51.0
1776886778.6581028,-9.0,-2.0,-43.0
1776886778.6681027,-4.0,1.0,-44.0
1776886778.6781027,0.0,2.0,-45.0
1776886778.6881027,2.0,0.0,-38.0
1776886778.6981027,2.0,-3.0,-36.0
1776886778.7081027,0.0,-2.0,-37.0
1776886778.7181027,9.0,-1.0,-39.0
1776886778.7281027,12.0,-1.0,-45.0
1776886778.738103,9.0,-2.0,-47.0
1776886778.748103,3.0,-4.0,-52.0
1776886778.758103,1.0,0.0,-51.0
1776886778.7681026,7.0,-2.0,-51.0
1776886778.7781026,5.0,-3.0,-57.0
1776886778.7881026,1.0,-7.0,-54.0
1776886778.7981029,0.0,-6.0,-55.0
1776886778.8081028,1.0,-10.0,-45.0
1776886778.8181028,2.0,-11.0,-46.0
1776886778.8281028,3.0,-7.0,-44.0
1776886778.8381028,-1.0,-10.0,-38.0
1776886778.8481028,-5.0,-8.0,-37.0
1776886778.8581028,-2.0,-3.0,-38.0
1776886778.8681028,-3.0,-3.0,-33.0
1776886778.8781028,-2.0,-1.0,-36.0
1776886778.8881028,-1.0,-2.0,-40.0
1776886778.8981028,1.0,1.0,-49.0
1776886778.9081028,3.0,0.0,-55.0
1776886778.9181027,4.0,2.0,-53.0
1776886778.9281027,3.0,-1.0,-50.0
1776886778.9381027,0.0,0.0,-45.0
1776886778.9481027,-2.0,-1.0,-43.0
1776886778.9581027,0.0,1.0,-41.0
1776886778.9681027,1.0,2.0,-36.0
1776886778.9781027,5.0,2.0,-35.0
1776886778.988103,5.0,2.0,-37.0
1776886778.998103,1.0,-1.0,-41.0
1776886779.008103,-1.0,-2.0,-42.0
1776886779.0181026,1.0,0.0,-37.0
1776886779.0281026,-6.0,-2.0,-36.0
1776886779.0381026,-6.0,-2.0,-42.0
1776886779.0481029,-4.0,-1.0,-41.0
1776886779.0581028,-5.0,-3.0,-40.0
1776886779.0681028,0.0,1.0,-47.0
1776886779.0781028,-1.0,1.0,-44.0
1776886779.0881028,-4.0,4.0,-48.0
1776886779.0981028,-5.0,2.0,-56.0
1776886779.1081028,0.0,-1.0,-52.0
1776886779.1181028,-2.0,-2.0,-45.0
1776886779.1281028,-1.0,-3.0,-47.0
1776886779.1381028,-1.0,-6.0,-49.0
1776886779.1481028,0.0,-6.0,-46.0
1776886779.1581028,-2.0,-6.0,-39.0
1776886779.1681027,-5.0,-5.0,-38.0
1776886779.1781027,-8.0,-5.0,-41.0
1776886779.1881027,-5.0,-4.0,-40.0
1776886779.1981027,-2.0,-6.0,-39.0
1776886779.2081027,-2.0,-9.0,-44.0
1776886779.2181027,-2.0,-6.0,-48.0
1776886779.2281027,-5.0,-6.0,-46.0
1776886779.238103,-1.0,-5.0,-45.0
1776886779.248103,0.0,-4.0,-45.0
1776886779.258103,6.0,0.0,-44.0
1776886779.2681026,4.0,-3.0,-41.0
1776886779.2781026,2.0,-4.0,-42.0
1776886779.2881026,6.0,-1.0,-41.0
1776886779.2981029,4.0,-5.0,-37.0
1776886779.3081028,0.0,-5.0,-33.0
1776886779.3181028,4.0,-2.0,-36.0
1776886779.3281028,-1.0,-1.0,-32.0
1776886779.3381028,-1.0,-1.0,-33.0
1776886779.3481028,0.0,-4.0,-32.0
1776886779.3581028,-2.0,-1.0,-31.0
1776886779.3681028,-3.0,0.0,-33.0
1776886779.3781028,-1.0,0.0,-30.0
1776886779.3881028,-1.0,0.0,-33.0
1776886779.3981028,-1.0,0.0,-41.0
1776886779.4081028,1.0,0.0,-50.0
1776886779.4181027,0.0,0.0,-50.0
1776886779.4281027,5.0,2.0,-44.0
1776886779.4381027,3.0,3.0,-42.0
1776886779.4481027,-1.0,2.0,-51.0
1776886779.4581027,-1.0,1.0,-52.0
1776886779.4681027,-5.0,2.0,-49.0
1776886779.4781027,-3.0,5.0,-56.0
1776886779.488103,0.0,2.0,-48.0
1776886779.498103,0.0,1.0,-50.0
1776886779.508103,0.0,2.0,-52.0
1776886779.5181026,2.0,-1.0,-45.0
1776886779.5281026,7.0,-5.0,-48.0
1776886779.5381026,9.0,-3.0,-49.0
1776886779.5481029,3.0,-4.0,-47.0
1776886779.5581028,5.0,-1.0,-54.0
1776886779.5681028,3.0,0.0,-51.0
1776886779.5781028,2.0,-3.0,-46.0
1776886779.5881028,0.0,-1.0,-43.0
1776886779.5981028,-1.0,0.0,-39.0
1776886779.6081028,-2.0,-2.0,-43.0
1776886779.6181028,-4.0,2.0,-41.0
1776886779.6281028,-2.0,1.0,-39.0
1776886779.6381028,-5.0,4.0,-38.0
1776886779.6481028,-6.0,1.0,-34.0
1776886779.6581028,-5.0,0.0,-33.0
1776886779.6681027,-2.0,1.0,-28.0
1776886779.6781027,-1.0,0.0,-28.0
1776886779.6881027,0.0,1.0,-28.0
1776886779.6981027,-1.0,3.0,-36.0
1776886779.7081027,-3.0,0.0,-32.0
1776886779.7181027,-4.0,0.0,-26.0
1776886779.7281027,0.0,-4.0,-27.0
1776886779.738103,2.0,-4.0,-34.0
1776886779.748103,6.0,-5.0,-37.0
1776886779.758103,6.0,-4.0,-36.0
1776886779.7681026,2.0,0.0,-29.0
1776886779.7781026,0.0,0.0,-30.0
1776886779.7881026,-2.0,-1.0,-33.0
1776886779.7981029,-3.0,-2.0,-32.0
1776886779.8081028,-4.0,0.0,-27.0
1776886779.8181028,-3.0,2.0,-26.0
1776886779.8281028,-7.0,-1.0,-27.0
1776886779.8381028,-3.0,0.0,-24.0
1776886779.8481028,0.0,0.0,-18.0
1776886779.8581028,0.0,-3.0,-24.0
1776886779.8681028,-1.0,-3.0,-32.0
1776886779.8781028,-4.0,-4.0,-30.0
1776886779.8881028,-9.0,-5.0,-32.0
1776886779.8981028,-5.0,-4.0,-34.0
1776886779.9081028,-4.0,-2.0,-36.0
1776886779.9181027,-1.0,0.0,-42.0
1776886779.9281027,0.0,-1.0,-43.0
1776886779.9381027,4.0,-1.0,-44.0
1776886779.9481027,2.0,3.0,-45.0
1776886779.9581027,1.0,3.0,-40.0
1776886779.9681027,4.0,0.0,-41.0
1776886779.9781027,1.0,0.0,-40.0
1776886779.988103,0.0,-4.0,-36.0
1776886779.998103,-1.0,-2.0,-31.0
1776886780.008103,-2.0,-1.0,-39.0
1776886780.0181026,-2.0,0.0,-45.0
1776886780.0281026,3.0,-1.0,-50.0
1776886780.0381026,8.0,1.0,-47.0
1776886780.0481029,10.0,-3.0,-40.0
1776886780.0581028,7.0,-3.0,-40.0
1776886780.0681028,9.0,-2.0,-38.0
1776886780.0781028,11.0,1.0,-35.0
1776886780.0881028,9.0,0.0,-31.0
1776886780.0981028,6.0,-3.0,-28.0
1776886780.1081028,5.0,-4.0,-34.0
1776886780.1181028,4.0,-4.0,-37.0
1776886780.1281028,10.0,-2.0,-39.0
1776886780.1381028,11.0,-7.0,-38.0
1776886780.1481028,10.0,-6.0,-36.0
1776886780.1581028,8.0,-3.0,-39.0
1776886780.1681027,4.0,-4.0,-42.0
1776886780.1781027,0.0,-5.0,-42.0
1776886780.1881027,4.0,-4.0,-47.0
1776886780.1981027,2.0,-2.0,-50.0
1776886780.2081027,3.0,-2.0,-51.0
1776886780.2181027,5.0,-1.0,-45.0
1776886780.2281027,4.0,-1.0,-51.0
1776886780.238103,3.0,0.0,-55.0
1776886780.248103,1.0,-2.0,-51.0
1776886780.258103,5.0,0.0,-51.0
1776886780.2681026,0.0,-1.0,-47.0
1776886780.2781026,-2.0,0.0,-46.0
1776886780.2881026,-5.0,3.0,-44.0
1776886780.2981029,-4.0,1.0,-38.0
1776886780.3081028,-1.0,-3.0,-33.0
1776886780.3181028,-3.0,-2.0,-29.0
1776886780.3281028,0.0,-5.0,-33.0
1776886780.3381028,-1.0,-5.0,-33.0
1776886780.3481028,-2.0,-3.0,-28.0
1776886780.3591027,1.0,-6.0,-30.0
1776886780.3681028,-1.0,0.0,-31.0
1776886780.3781028,-2.0,0.0,-30.0
1776886780.3891027,-4.0,2.0,-34.0
1776886780.3991027,-5.0,0.0,-32.0
1776886780.409103,-4.0,1.0,-32.0
1776886780.419103,-9.0,-7.0,-41.0
1776886780.429103,-5.0,-8.0,-49.0
1776886780.4391026,-7.0,-9.0,-40.0
1776886780.4491026,-1.0,-5.0,-37.0
1776886780.4591026,-3.0,-3.0,-42.0
1776886780.4691026,0.0,-2.0,-38.0
1776886780.4791028,2.0,-1.0,-40.0
1776886780.4891028,2.0,-3.0,-42.0
1776886780.4991028,1.0,0.0,-46.0
1776886780.5091028,0.0,-4.0,-40.0
1776886780.5191028,2.0,0.0,-42.0
1776886780.5291028,5.0,1.0,-51.0
1776886780.5391028,6.0,-2.0,-55.0
1776886780.5491028,8.0,-1.0,-51.0
1776886780.5591028,8.0,1.0,-49.0
1776886780.5691028,6.0,1.0,-53.0
1776886780.5791028,6.0,3.0,-53.0
1776886780.5891027,7.0,7.0,-53.0
1776886780.5991027,2.0,6.0,-48.0
1776886780.6091027,0.0,7.0,-53.0
1776886780.6191027,1.0,7.0,-49.0
1776886780.6291027,3.0,4.0,-45.0
1776886780.6391027,3.0,-1.0,-44.0
1776886780.6491027,0.0,-4.0,-40.0
1776886780.659103,-3.0,-2.0,-38.0
1776886780.669103,-4.0,-3.0,-40.0
1776886780.679103,-3.0,-4.0,-39.0
1776886780.6891026,-2.0,-2.0,-45.0
1776886780.6991026,-1.0,-2.0,-44.0
1776886780.7091026,-2.0,0.0,-39.0
1776886780.7191026,-6.0,0.0,-40.0
1776886780.7291028,-10.0,0.0,-35.0
1776886780.7391028,-8.0,-2.0,-41.0
1776886780.7491028,-5.0,-1.0,-42.0
1776886780.7591028,-4.0,-6.0,-39.0
1776886780.7691028,-4.0,-4.0,-39.0
1776886780.7791028,0.0,-4.0,-35.0
1776886780.7891028,3.0,-4.0,-39.0
1776886780.7991028,4.0,0.0,-27.0
1776886780.8091028,6.0,4.0,-31.0
1776886780.8191028,5.0,6.0,-32.0
1776886780.8291028,4.0,4.0,-34.0
1776886780.8391027,4.0,2.0,-36.0
1776886780.8491027,2.0,1.0,-33.0
1776886780.8591027,7.0,0.0,-32.0
1776886780.8691027,11.0,-4.0,-35.0
1776886780.8791027,9.0,-9.0,-33.0
1776886780.8891027,10.0,-7.0,-35.0
1776886780.8991027,5.0,-9.0,-36.0
1776886780.909103,8.0,-7.0,-42.0
1776886780.919103,7.0,-3.0,-47.0
1776886780.929103,5.0,0.0,-42.0
1776886780.9391026,5.0,-3.0,-43.0
1776886780.9491026,4.0,-8.0,-36.0
1776886780.9591026,4.0,-6.0,-41.0
1776886780.9691026,5.0,-6.0,-39.0
1776886780.9791028,6.0,-2.0,-37.0
1776886780.9891028,8.0,-3.0,-44.0
1776886780.9991028,6.0,-3.0,-44.0
1776886781.0091028,1.0,-2.0,-47.0
1776886781.0191028,1.0,-4.0,-49.0
1776886781.0291028,1.0,-5.0,-51.0
1776886781.0391028,3.0,-3.0,-43.0
1776886781.0491028,4.0,-3.0,-42.0
1776886781.0591028,-1.0,0.0,-44.0
1776886781.0691028,-1.0,1.0,-36.0
1776886781.0791028,0.0,2.0,-31.0
1776886781.0891027,0.0,0.0,-30.0
1776886781.0991027,-3.0,0.0,-34.0
1776886781.1091027,-5.0,-1.0,-31.0
1776886781.1191027,0.0,-3.0,-34.0
1776886781.1291027,6.0,-3.0,-33.0
1776886781.1391027,9.0,-1.0,-30.0
1776886781.1491027,4.0,0.0,-29.0
1776886781.159103,2.0,-1.0,-32.0
1776886781.169103,0.0,0.0,-33.0
1776886781.179103,2.0,2.0,-33.0
1776886781.1891026,2.0,0.0,-36.0
1776886781.1991026,4.0,-3.0,-36.0
1776886781.2091026,2.0,0.0,-35.0
1776886781.2191026,0.0,0.0,-32.0
1776886781.2291028,-3.0,2.0,-32.0
1776886781.2391028,-5.0,0.0,-36.0
1776886781.2491028,-5.0,-1.0,-31.0
1776886781.2591028,-3.0,-5.0,-30.0
1776886781.2691028,0.0,-4.0,-28.0
1776886781.2791028,3.0,-3.0,-29.0
1776886781.2891028,3.0,1.0,-27.0
1776886781.2991028,-1.0,0.0,-31.0
1776886781.3091028,0.0,0.0,-34.0
1776886781.3191028,2.0,-3.0,-26.0
1776886781.3291028,0.0,-6.0,-25.0
1776886781.3391027,-6.0,-2.0,-33.0
1776886781.3491027,-4.0,-1.0,-32.0
1776886781.3591027,3.0,0.0,-36.0
1776886781.3691027,4.0,1.0,-41.0
1776886781.3791027,3.0,0.0,-43.0
1776886781.3891027,-1.0,-3.0,-47.0
1776886781.3991027,-3.0,-1.0,-46.0
1776886781.409103,-3.0,0.0,-46.0
1776886781.419103,-1.0,0.0,-46.0
1776886781.429103,0.0,-4.0,-38.0
1776886781.4391026,0.0,-2.0,-35.0
1776886781.4491026,-4.0,2.0,-36.0
1776886781.4591026,0.0,2.0,-40.0
1776886781.4691026,0.0,1.0,-38.0
1776886781.4791028,1.0,1.0,-39.0
1776886781.4891028,3.0,3.0,-42.0
1776886781.4991028,5.0,3.0,-46.0
1776886781.5091028,3.0,3.0,-43.0
1776886781.5191028,6.0,0.0,-39.0
1776886781.5291028,6.0,-3.0,-40.0
1776886781.5391028,10.0,-7.0,-39.0
1776886781.5491028,8.0,-6.0,-41.0
1776886781.5591028,8.0,-3.0,-36.0
1776886781.5691028,6.0,-3.0,-31.0
1776886781.5791028,2.0,0.0,-39.0
1776886781.5891027,-1.0,-1.0,-44.0
1776886781.5991027,0.0,0.0,-45.0
1776886781.6091027,-1.0,-1.0,-42.0
1776886781.6191027,0.0,1.0,-51.0
1776886781.6291027,2.0,2.0,-42.0
1776886781.6391027,1.0,-1.0,-45.0
1776886781.6491027,2.0,-6.0,-45.0
1776886781.659103,-1.0,-4.0,-48.0
1776886781.669103,-1.0,-2.0,-43.0
1776886781.679103,0.0,-3.0,-47.0
1776886781.6891026,1.0,-2.0,-48.0
1776886781.6991026,4.0,-1.0,-46.0
1776886781.7091026,3.0,2.0,-48.0
1776886781.7191026,2.0,-3.0,-45.0
1776886781.7291028,2.0,-5.0,-45.0
1776886781.7391028,3.0,-3.0,-46.0
1776886781.7491028,0.0,-2.0,-40.0
1776886781.7591028,-4.0,-3.0,-32.0
1776886781.7691028,-6.0,-1.0,-30.0
1776886781.7791028,-4.0,0.0,-38.0
1776886781.7891028,-3.0,-1.0,-36.0
1776886781.7991028,0.0,0.0,-35.0
1776886781.8091028,2.0,0.0,-38.0
1776886781.8191028,3.0,3.0,-37.0
1776886781.8291028,-1.0,3.0,-37.0
1776886781.8391027,-1.0,0.0,-47.0
1776886781.8491027,-3.0,0.0,-48.0
1776886781.8591027,-3.0,0.0,-47.0
1776886781.8691027,-4.0,0.0,-48.0
1776886781.8791027,-4.0,1.0,-45.0
1776886781.8891027,-1.0,3.0,-41.0
1776886781.8991027,2.0,0.0,-45.0
1776886781.909103,5.0,-2.0,-50.0
1776886781.919103,6.0,-2.0,-51.0
1776886781.929103,1.0,1.0,-54.0
1776886781.9391026,-4.0,0.0,-61.0
1776886781.9491026,-6.0,0.0,-50.0
1776886781.9591026,-1.0,2.0,-43.0
1776886781.9691026,0.0,-3.0,-45.0
1776886781.9791028,0.0,-5.0,-38.0
1776886781.9891028,1.0,-8.0,-37.0
1776886781.9991028,1.0,-6.0,-36.0
1776886782.0091028,-2.0,-4.0,-39.0
1776886782.0191028,-4.0,-5.0,-40.0
1776886782.0291028,-7.0,-7.0,-38.0
1776886782.0391028,-6.0,-6.0,-34.0
1776886782.0491028,-8.0,-3.0,-33.0
1776886782.0591028,-9.0,-3.0,-31.0
1776886782.0691028,-14.0,-6.0,-27.0
1776886782.0791028,-9.0,-4.0,-35.0
1776886782.0891027,-6.0,-3.0,-33.0
1776886782.0991027,-5.0,0.0,-34.0
1776886782.1091027,0.0,0.0,-39.0
1776886782.1191027,-1.0,1.0,-28.0
1776886782.1291027,-4.0,1.0,-25.0
1776886782.1391027,-3.0,-2.0,-24.0
1776886782.1491027,-3.0,-5.0,-27.0
1776886782.159103,-3.0,-5.0,-35.0
1776886782.169103,-1.0,-3.0,-39.0
1776886782.179103,-4.0,-2.0,-43.0
1776886782.1891026,-1.0,-3.0,-43.0
1776886782.1991026,-1.0,-2.0,-43.0
1776886782.2091026,0.0,-6.0,-38.0
1776886782.2191026,2.0,-3.0,-36.0
1776886782.2291028,-3.0,-1.0,-34.0
1776886782.2391028,-3.0,-1.0,-29.0
1776886782.2491028,0.0,-4.0,-34.0
1776886782.2591028,0.0,-3.0,-30.0
1776886782.2691028,-2.0,0.0,-29.0
1776886782.2791028,0.0,1.0,-30.0
1776886782.2891028,-2.0,-3.0,-28.0
1776886782.2991028,-1.0,-5.0,-32.0
1776886782.3091028,0.0,-2.0,-36.0
1776886782.3191028,1.0,-4.0,-34.0
1776886782.3291028,0.0,-1.0,-37.0
1776886782.3391027,0.0,0.0,-41.0
1776886782.3491027,-1.0,-1.0,-37.0
1776886782.3591027,-5.0,-6.0,-35.0
1776886782.3691027,-6.0,-6.0,-33.0
1776886782.3791027,-4.0,-3.0,-36.0
1776886782.3891027,-3.0,-2.0,-33.0
1776886782.4001029,-2.0,-1.0,-31.0
1776886782.4101028,2.0,0.0,-28.0
1776886782.4201028,7.0,0.0,-22.0
1776886782.4301028,3.0,-3.0,-23.0
1776886782.4401028,1.0,-3.0,-29.0
1776886782.4501028,1.0,-3.0,-33.0
1776886782.4601028,-1.0,-3.0,-35.0
1776886782.4701028,-1.0,-7.0,-38.0
1776886782.4801028,0.0,-9.0,-38.0
1776886782.4901028,-4.0,-9.0,-35.0
1776886782.5001028,-1.0,-6.0,-36.0
1776886782.5101027,-3.0,-3.0,-34.0
1776886782.5201027,-7.0,-2.0,-35.0
1776886782.5301027,-5.0,-4.0,-34.0
1776886782.5401027,-2.0,-3.0,-36.0
1776886782.5501027,0.0,-3.0,-37.0
1776886782.5601027,-4.0,-3.0,-38.0
1776886782.5701027,-2.0,-2.0,-34.0
1776886782.5801027,-4.0,-1.0,-34.0
1776886782.590103,-5.0,-3.0,-24.0
1776886782.600103,-5.0,-4.0,-28.0
1776886782.610103,-10.0,-3.0,-36.0
1776886782.6201026,-6.0,-5.0,-46.0
1776886782.6301026,-6.0,-5.0,-44.0
1776886782.6401026,-5.0,-2.0,-45.0
1776886782.6501029,-6.0,0.0,-43.0
1776886782.6601028,-3.0,0.0,-42.0
1776886782.6701028,2.0,0.0,-53.0
1776886782.6801028,7.0,0.0,-47.0
1776886782.6901028,10.0,-3.0,-47.0
1776886782.7001028,4.0,-2.0,-54.0
1776886782.7101028,0.0,1.0,-46.0
1776886782.7201028,-3.0,2.0,-44.0
1776886782.7301028,-2.0,0.0,-34.0
1776886782.7401028,0.0,-1.0,-32.0
1776886782.7501028,-2.0,-2.0,-33.0
1776886782.7601027,-3.0,-3.0,-35.0
1776886782.7701027,-5.0,-4.0,-39.0
1776886782.7801027,-7.0,-1.0,-42.0
1776886782.7901027,-6.0,-1.0,-42.0
1776886782.8001027,-5.0,-3.0,-47.0
1776886782.8101027,-5.0,-3.0,-44.0
1776886782.8201027,-3.0,-3.0,-47.0
1776886782.8301027,-1.0,-4.0,-40.0
1776886782.840103,-4.0,-2.0,-37.0
1776886782.850103,-5.0,-1.0,-36.0
1776886782.860103,-9.0,-4.0,-31.0
1776886782.8701026,-7.0,-4.0,-40.0
1776886782.8801026,-3.0,-5.0,-46.0
1776886782.8901026,0.0,-8.0,-44.0
1776886782.9001029,-2.0,-9.0,-42.0
1776886782.9101028,0.0,-9.0,-39.0
1776886782.9201028,0.0,-9.0,-43.0
1776886782.9301028,-1.0,-7.0,-42.0
1776886782.9401028,-3.0,-6.0,-37.0
1776886782.9501028,-4.0,-7.0,-32.0
1776886782.9601028,-1.0,-6.0,-38.0
1776886782.9701028,4.0,-4.0,-45.0
1776886782.9801028,6.0,-6.0,-42.0
1776886782.9901028,4.0,-6.0,-37.0
1776886783.0001028,3.0,-9.0,-33.0
1776886783.0101027,4.0,-3.0,-36.0
1776886783.0201027,5.0,0.0,-34.0
1776886783.0301027,1.0,-4.0,-36.0
1776886783.0401027,3.0,-2.0,-41.0
1776886783.0501027,1.0,-1.0,-41.0
1776886783.0601027,-1.0,-2.0,-37.0
1776886783.0701027,-4.0,0.0,-35.0
1776886783.0801027,-5.0,-2.0,-38.0
1776886783.090103,-1.0,0.0,-40.0
1776886783.100103,0.0,4.0,-46.0
1776886783.110103,-1.0,1.0,-43.0
1776886783.1201026,-2.0,0.0,-32.0
1776886783.1301026,3.0,-1.0,-33.0
1776886783.1401026,3.0,0.0,-37.0
1776886783.1501029,1.0,1.0,-37.0
1776886783.1601028,0.0,3.0,-36.0
1776886783.1701028,0.0,6.0,-27.0
1776886783.1801028,1.0,4.0,-28.0
1776886783.1901028,3.0,2.0,-29.0
1776886783.2001028,3.0,5.0,-32.0
1776886783.2101028,0.0,3.0,-32.0
1776886783.2201028,5.0,4.0,-31.0
1776886783.2301028,4.0,4.0,-30.0
1776886783.2401028,1.0,1.0,-28.0
1776886783.2501028,-3.0,0.0,-35.0
1776886783.2601027,-6.0,-5.0,-27.0
1776886783.2701027,-6.0,-5.0,-27.0
1776886783.2801027,-4.0,-5.0,-26.0
1776886783.2901027,-2.0,-5.0,-26.0
1776886783.3001027,0.0,-6.0,-30.0
1776886783.3101027,0.0,-4.0,-25.0
1776886783.3201027,-3.0,-2.0,-32.0
1776886783.3301027,-8.0,0.0,-39.0
1776886783.340103,-9.0,0.0,-43.0
1776886783.350103,-2.0,-1.0,-43.0
1776886783.360103,-7.0,-2.0,-38.0
1776886783.3701026,-8.0,0.0,-37.0
1776886783.3801026,-4.0,3.0,-38.0
1776886783.3901026,-1.0,0.0,-31.0
1776886783.4001029,-1.0,4.0,-34.0
1776886783.4101028,-1.0,1.0,-43.0
1776886783.4201028,1.0,0.0,-47.0
1776886783.4301028,5.0,1.0,-44.0
1776886783.4401028,6.0,2.0,-42.0
1776886783.4501028,11.0,2.0,-41.0
1776886783.4601028,6.0,0.0,-42.0
1776886783.4701028,4.0,-3.0,-43.0
1776886783.4801028,4.0,-5.0,-43.0
1776886783.4901028,2.0,-3.0,-40.0
1776886783.5001028,1.0,0.0,-37.0
1776886783.5101027,1.0,-2.0,-32.0
1776886783.5201027,-2.0,-3.0,-31.0
1776886783.5301027,-1.0,-7.0,-32.0
1776886783.5401027,0.0,-6.0,-29.0
1776886783.5501027,0.0,-7.0,-30.0
1776886783.5601027,0.0,-6.0,-20.0
1776886783.5701027,1.0,-2.0,-22.0
1776886783.5801027,1.0,-2.0,-34.0
1776886783.590103,2.0,0.0,-33.0
1776886783.600103,2.0,-1.0,-33.0
1776886783.610103,1.0,0.0,-32.0
1776886783.6201026,0.0,0.0,-36.0
1776886783.6301026,0.0,0.0,-42.0
1776886783.6401026,1.0,1.0,-40.0
1776886783.6501029,1.0,1.0,-42.0
1776886783.6601028,4.0,0.0,-35.0
1776886783.6701028,4.0,-2.0,-35.0
1776886783.6801028,0.0,-1.0,-32.0
1776886783.6901028,-4.0,-3.0,-34.0
1776886783.7001028,-3.0,-2.0,-33.0
1776886783.7101028,-1.0,1.0,-31.0
1776886783.7201028,0.0,0.0,-32.0
1776886783.7301028,1.0,0.0,-31.0
1776886783.7401028,3.0,-3.0,-31.0
1776886783.7501028,3.0,-8.0,-37.0
1776886783.7601027,1.0,-3.0,-36.0
1776886783.7701027,0.0,3.0,-34.0
1776886783.7801027,0.0,5.0,-32.0
1776886783.7901027,7.0,3.0,-27.0
1776886783.8001027,5.0,1.0,-28.0
1776886783.8101027,4.0,0.0,-29.0
1776886783.8201027,4.0,-2.0,-28.0
1776886783.8301027,4.0,-2.0,-29.0
1776886783.840103,3.0,-1.0,-26.0
1776886783.850103,1.0,-1.0,-31.0
1776886783.860103,1.0,-1.0,-34.0
1776886783.8701026,0.0,-2.0,-35.0
1776886783.8801026,2.0,-2.0,-30.0
1776886783.8901026,6.0,-4.0,-36.0
1776886783.9001029,6.0,-1.0,-42.0
1776886783.9101028,7.0,0.0,-45.0
1776886783.9201028,10.0,1.0,-34.0
1776886783.9301028,9.0,0.0,-35.0
1776886783.9401028,4.0,-1.0,-37.0
1776886783.9501028,-2.0,-1.0,-37.0
1776886783.9601028,0.0,-1.0,-35.0
1776886783.9701028,-5.0,0.0,-34.0
1776886783.9801028,-6.0,0.0,-32.0
1776886783.9901028,-4.0,-1.0,-35.0
1776886784.0001028,-3.0,-4.0,-33.0
1776886784.0101027,1.0,-4.0,-33.0
1776886784.0201027,-2.0,-6.0,-38.0
1776886784.0301027,-3.0,-11.0,-35.0
1776886784.0401027,-3.0,-12.0,-34.0
1776886784.0501027,-2.0,-6.0,-37.0
1776886784.0601027,0.0,-3.0,-34.0
1776886784.0701027,-1.0,-6.0,-32.0
1776886784.0801027,0.0,0.0,-32.0
1776886784.090103,2.0,0.0,-32.0
1776886784.100103,0.0,2.0,-33.0
1776886784.110103,0.0,2.0,-25.0
1776886784.1201026,2.0,4.0,-27.0
1776886784.1301026,0.0,6.0,-24.0
1776886784.1401026,0.0,1.0,-29.0
1776886784.1501029,2.0,0.0,-36.0
1776886784.1601028,1.0,0.0,-39.0
1776886784.1701028,7.0,1.0,-39.0
1776886784.1801028,5.0,-1.0,-37.0
1776886784.1901028,3.0,-7.0,-38.0
1776886784.2001028,0.0,-7.0,-37.0
1776886784.2101028,-1.0,-9.0,-31.0
1776886784.2201028,-1.0,-9.0,-33.0
1776886784.2301028,0.0,-10.0,-34.0
1776886784.2401028,0.0,-5.0,-35.0
1776886784.2501028,1.0,-3.0,-36.0
1776886784.2601027,5.0,-2.0,-30.0
1776886784.2701027,2.0,1.0,-35.0
1776886784.2801027,1.0,0.0,-42.0
1776886784.2901027,-1.0,2.0,-40.0
1776886784.3001027,0.0,-2.0,-40.0
1776886784.3101027,4.0,-3.0,-45.0
1776886784.3201027,5.0,-7.0,-50.0
1776886784.3301027,3.0,-8.0,-49.0
1776886784.340103,6.0,-5.0,-42.0
1776886784.350103,4.0,-8.0,-40.0
1776886784.360103,5.0,-1.0,-42.0
1776886784.3701026,1.0,-3.0,-45.0
1776886784.3811028,-1.0,-7.0,-43.0
1776886784.3901026,1.0,-8.0,-46.0
1776886784.4011028,7.0,-5.0,-45.0
1776886784.4111028,8.0,-5.0,-41.0
1776886784.4211028,8.0,-3.0,-38.0
1776886784.4311028,8.0,-2.0,-38.0
1776886784.4411027,7.0,-1.0,-37.0
1776886784.4511027,6.0,0.0,-43.0
1776886784.4611027,-1.0,0.0,-44.0
1776886784.4711027,-1.0,-2.0,-42.0
1776886784.4811027,0.0,-1.0,-39.0
1776886784.4911027,-2.0,0.0,-36.0
1776886784.5011027,-2.0,3.0,-38.0
1776886784.511103,0.0,2.0,-37.0
1776886784.521103,0.0,3.0,-46.0
1776886784.531103,-1.0,0.0,-39.0
1776886784.5411026,-2.0,-2.0,-38.0
1776886784.5511026,-2.0,1.0,-41.0
1776886784.5611026,-3.0,0.0,-38.0
1776886784.5711029,0.0,3.0,-36.0
1776886784.5811028,-3.0,4.0,-43.0
1776886784.5911028,0.0,2.0,-38.0
1776886784.6011028,-1.0,3.0,-38.0
1776886784.6111028,-2.0,1.0,-38.0
1776886784.6211028,1.0,0.0,-40.0
1776886784.6311028,2.0,0.0,-39.0
1776886784.6411028,0.0,-5.0,-48.0
1776886784.6511028,0.0,-6.0,-53.0
1776886784.6611028,-1.0,-10.0,-52.0
1776886784.6711028,1.0,-7.0,-49.0
1776886784.6811028,4.0,-3.0,-51.0
1776886784.6911027,7.0,-5.0,-47.0
1776886784.7011027,8.0,-3.0,-47.0
1776886784.7111027,6.0,-4.0,-46.0
1776886784.7211027,7.0,-5.0,-46.0
1776886784.7311027,0.0,-4.0,-41.0
1776886784.7411027,-4.0,-3.0,-40.0
1776886784.7511027,0.0,-2.0,-34.0
1776886784.761103,0.0,0.0,-37.0
1776886784.771103,0.0,3.0,-39.0
1776886784.781103,-5.0,-4.0,-37.0
1776886784.7911026,-4.0,-3.0,-38.0
1776886784.8011026,-5.0,-4.0,-35.0
1776886784.8111026,-2.0,-3.0,-31.0
1776886784.8211029,1.0,-6.0,-33.0
1776886784.8311028,-1.0,-7.0,-42.0
1776886784.8411028,0.0,-8.0,-46.0
1776886784.8511028,3.0,-6.0,-51.0
1776886784.8611028,0.0,-1.0,-49.0
1776886784.8711028,4.0,-2.0,-52.0
1776886784.8811028,9.0,-2.0,-48.0
1776886784.8911028,8.0,-5.0,-47.0
1776886784.9011028,5.0,-6.0,-41.0
1776886784.9111028,5.0,-8.0,-37.0
1776886784.9211028,5.0,-7.0,-34.0
1776886784.9311028,7.0,-3.0,-33.0
1776886784.9411027,7.0,-1.0,-40.0
1776886784.9511027,5.0,0.0,-41.0
1776886784.9611027,1.0,-2.0,-41.0
1776886784.9711027,-2.0,-1.0,-41.0
1776886784.9811027,1.0,0.0,-36.0
1776886784.9911027,3.0,-3.0,-34.0
1776886785.0011027,4.0,-4.0,-30.0
1776886785.011103,3.0,0.0,-33.0
1776886785.021103,1.0,-1.0,-41.0
1776886785.031103,2.0,1.0,-48.0
1776886785.0411026,1.0,4.0,-46.0
1776886785.0511026,1.0,2.0,-45.0
1776886785.0611026,2.0,1.0,-39.0
1776886785.0711029,1.0,-1.0,-38.0
1776886785.0811028,2.0,-2.0,-37.0
1776886785.0911028,3.0,-3.0,-39.0
1776886785.1011028,3.0,-7.0,-33.0
1776886785.1111028,4.0,-7.0,-34.0
1776886785.1211028,1.0,-7.0,-39.0
1776886785.1311028,0.0,-1.0,-36.0
1776886785.1411028,7.0,-2.0,-42.0
1776886785.1511028,2.0,-1.0,-39.0
1776886785.1611028,-1.0,-1.0,-31.0
1776886785.1711028,0.0,-2.0,-33.0
1776886785.1811028,1.0,0.0,-38.0
1776886785.1911027,0.0,-2.0,-42.0
1776886785.2011027,1.0,-5.0,-44.0
1776886785.2111027,2.0,-4.0,-50.0
1776886785.2211027,6.0,-7.0,-44.0
1776886785.2311027,2.0,-11.0,-43.0
1776886785.2411027,0.0,-8.0,-43.0
1776886785.2511027,-2.0,-5.0,-43.0
1776886785.261103,0.0,-2.0,-50.0
1776886785.271103,3.0,-5.0,-49.0
1776886785.281103,2.0,-4.0,-47.0
1776886785.2911026,4.0,-4.0,-41.0
1776886785.3011026,4.0,-4.0,-32.0
1776886785.3111026,6.0,-2.0,-35.0
1776886785.3211029,4.0,-3.0,-35.0
1776886785.3311028,4.0,-2.0,-43.0
1776886785.3411028,0.0,-2.0,-53.0
1776886785.3511028,0.0,-8.0,-52.0
1776886785.3611028,0.0,-5.0,-54.0
1776886785.3711028,1.0,0.0,-50.0
1776886785.3811028,2.0,2.0,-48.0
1776886785.3911028,1.0,3.0,-47.0
1776886785.4011028,2.0,2.0,-51.0
1776886785.4111028,4.0,2.0,-51.0
1776886785.4211028,2.0,2.0,-44.0
1776886785.4311028,0.0,0.0,-35.0
1776886785.4411027,-2.0,4.0,-33.0
1776886785.4511027,-4.0,3.0,-40.0
1776886785.4611027,-2.0,1.0,-33.0
1776886785.4711027,0.0,0.0,-37.0
1776886785.4811027,-3.0,-2.0,-36.0
1776886785.4911027,-3.0,-4.0,-33.0
1776886785.5011027,-1.0,-5.0,-39.0
1776886785.511103,-4.0,-1.0,-41.0
1776886785.521103,-5.0,-1.0,-40.0
1776886785.531103,-6.0,0.0,-37.0
1776886785.5411026,-8.0,-6.0,-44.0
1776886785.5511026,-11.0,-1.0,-46.0
1776886785.5611026,-12.0,-1.0,-40.0
1776886785.5721028,-11.0,-1.0,-34.0
1776886785.5811028,-6.0,-1.0,-36.0
1776886785.5911028,-4.0,-1.0,-31.0
1776886785.6011028,-6.0,-7.0,-28.0
1776886785.6111028,-9.0,-9.0,-25.0
1776886785.6211028,-7.0,-7.0,-25.0
1776886785.6311028,-7.0,-2.0,-29.0
1776886785.6411028,-9.0,-6.0,-27.0
1776886785.6511028,-7.0,-3.0,-30.0
1776886785.6611028,-5.0,1.0,-27.0
1776886785.6711028,-2.0,0.0,-33.0
1776886785.6811028,-5.0,0.0,-39.0
1776886785.6911027,-4.0,0.0,-46.0
1776886785.7011027,-4.0,0.0,-46.0
1776886785.7111027,-4.0,2.0,-46.0
1776886785.7211027,0.0,6.0,-48.0
1776886785.7311027,-3.0,7.0,-45.0
1776886785.7411027,-4.0,4.0,-43.0
1776886785.7511027,-5.0,2.0,-44.0
1776886785.761103,-1.0,5.0,-44.0
1776886785.771103,0.0,0.0,-44.0
1776886785.781103,0.0,-3.0,-40.0
1776886785.7911026,0.0,0.0,-39.0
1776886785.8011026,-4.0,1.0,-38.0
1776886785.8111026,-6.0,3.0,-34.0
1776886785.8211029,-7.0,3.0,-29.0
1776886785.8311028,-6.0,0.0,-28.0
1776886785.8411028,-1.0,0.0,-35.0
1776886785.8511028,4.0,-1.0,-41.0
1776886785.8611028,7.0,2.0,-50.0
1776886785.8711028,7.0,6.0,-43.0
1776886785.8811028,3.0,3.0,-36.0
1776886785.8911028,0.0,1.0,-28.0
1776886785.9011028,1.0,0.0,-27.0
1776886785.9111028,8.0,0.0,-37.0
1776886785.9211028,7.0,3.0,-41.0
1776886785.9311028,5.0,0.0,-41.0
1776886785.9411027,6.0,3.0,-45.0
1776886785.9511027,3.0,0.0,-40.0
1776886785.9611027,2.0,1.0,-35.0
1776886785.9711027,0.0,0.0,-30.0
1776886785.9811027,-3.0,-2.0,-31.0
1776886785.9911027,-4.0,-1.0,-41.0
1776886786.0011027,-6.0,-1.0,-38.0
1776886786.011103,-4.0,-2.0,-33.0
1776886786.021103,-3.0,0.0,-40.0
1776886786.031103,0.0,0.0,-42.0
1776886786.0411026,2.0,3.0,-43.0
1776886786.0511026,4.0,2.0,-43.0
1776886786.0611026,3.0,2.0,-41.0
1776886786.0711029,2.0,3.0,-40.0
1776886786.0811028,0.0,3.0,-34.0
1776886786.0911028,1.0,4.0,-37.0
1776886786.1011028,0.0,6.0,-40.0
1776886786.1111028,1.0,4.0,-46.0
1776886786.1211028,-1.0,5.0,-50.0
1776886786.1311028,-3.0,2.0,-52.0
1776886786.1411028,1.0,3.0,-54.0
1776886786.1511028,-1.0,2.0,-47.0
1776886786.1611028,-3.0,0.0,-55.0
1776886786.1711028,-5.0,-1.0,-55.0
1776886786.1811028,-3.0,-3.0,-49.0
1776886786.1911027,-4.0,1.0,-40.0
1776886786.2011027,0.0,6.0,-40.0
1776886786.2111027,1.0,7.0,-44.0
1776886786.2211027,-1.0,7.0,-43.0
1776886786.2311027,2.0,3.0,-42.0
1776886786.2411027,1.0,-5.0,-41.0
1776886786.2511027,1.0,-4.0,-38.0
1776886786.261103,1.0,-9.0,-39.0
1776886786.271103,-2.0,-10.0,-38.0
1776886786.281103,-2.0,-8.0,-39.0
1776886786.2911026,-5.0,-1.0,-36.0
1776886786.3011026,-5.0,-7.0,-38.0
1776886786.3111026,-4.0,-9.0,-41.0
1776886786.3211029,-2.0,-6.0,-36.0
1776886786.3311028,0.0,-5.0,-39.0
1776886786.3411028,1.0,-3.0,-43.0
1776886786.3511028,6.0,-5.0,-39.0
1776886786.3611028,5.0,-6.0,-36.0
1776886786.3711028,5.0,-10.0,-34.0
1776886786.3811028,0.0,-6.0,-33.0
1776886786.3911028,4.0,-3.0,-34.0
1776886786.4021027,0.0,-7.0,-35.0
1776886786.4121027,-2.0,-11.0,-35.0
1776886786.4221027,-1.0,-10.0,-41.0
1776886786.432103,0.0,-7.0,-38.0
1776886786.442103,1.0,-9.0,-40.0
1776886786.452103,-1.0,-6.0,-38.0
1776886786.462103,-2.0,-5.0,-41.0
1776886786.4721026,-6.0,-6.0,-42.0
1776886786.4821026,-3.0,-5.0,-38.0
1776886786.4921026,-5.0,0.0,-42.0
1776886786.5021029,-2.0,-3.0,-39.0
1776886786.5121028,0.0,2.0,-36.0
1776886786.5221028,3.0,6.0,-38.0
1776886786.5321028,3.0,3.0,-39.0
1776886786.5421028,2.0,1.0,-39.0
1776886786.5521028,-4.0,3.0,-35.0
1776886786.5621028,0.0,0.0,-37.0
1776886786.5721028,0.0,-2.0,-38.0
1776886786.5821028,0.0,0.0,-42.0
1776886786.5921028,-1.0,-2.0,-46.0
1776886786.6021028,0.0,-3.0,-46.0
1776886786.6121027,-4.0,-4.0,-42.0
1776886786.6221027,-5.0,-4.0,-37.0
1776886786.6321027,-2.0,-1.0,-45.0
1776886786.6421027,-2.0,-6.0,-45.0
1776886786.6521027,-2.0,-5.0,-39.0
1776886786.6621027,-4.0,-5.0,-39.0
1776886786.6721027,-8.0,-9.0,-32.0
1776886786.682103,-6.0,-6.0,-29.0
1776886786.692103,-7.0,-3.0,-33.0
1776886786.702103,-5.0,-1.0,-39.0
1776886786.712103,-4.0,-1.0,-37.0
1776886786.7221026,-8.0,-2.0,-33.0
1776886786.7321026,-11.0,-3.0,-36.0
1776886786.7421026,-8.0,-2.0,-37.0
1776886786.7521029,-6.0,-5.0,-35.0
1776886786.7621028,-3.0,-6.0,-44.0
1776886786.7721028,-1.0,-8.0,-48.0
1776886786.7821028,-1.0,-5.0,-46.0
1776886786.7921028,1.0,-5.0,-42.0
1776886786.8021028,0.0,-6.0,-43.0
1776886786.8121028,0.0,-2.0,-41.0
1776886786.8221028,0.0,-4.0,-47.0
1776886786.8321028,3.0,-7.0,-45.0
1776886786.8421028,1.0,-6.0,-39.0
1776886786.8521028,2.0,-7.0,-35.0
1776886786.8621027,3.0,-8.0,-38.0
1776886786.8721027,-4.0,-4.0,-40.0
1776886786.8821027,-1.0,-4.0,-38.0
1776886786.8921027,1.0,-4.0,-33.0
1776886786.9021027,1.0,-6.0,-40.0
1776886786.9121027,0.0,-2.0,-43.0
1776886786.9221027,-4.0,0.0,-43.0
1776886786.932103,-4.0,-1.0,-41.0
1776886786.942103,-1.0,-1.0,-44.0
1776886786.952103,2.0,-1.0,-41.0
1776886786.962103,0.0,-1.0,-41.0
1776886786.9721026,2.0,0.0,-44.0
1776886786.9821026,1.0,-4.0,-47.0
1776886786.9921026,2.0,-5.0,-48.0
1776886787.0021029,5.0,-1.0,-48.0
1776886787.0121028,2.0,-4.0,-47.0
1776886787.0221028,0.0,-6.0,-46.0
1776886787.0321028,2.0,-7.0,-46.0
1776886787.0421028,4.0,-5.0,-46.0
1776886787.0521028,4.0,-2.0,-47.0
1776886787.0621028,0.0,-4.0,-42.0
1776886787.0721028,1.0,-2.0,-44.0
1776886787.0821028,3.0,-4.0,-43.0
1776886787.0921028,6.0,-1.0,-45.0
1776886787.1021028,3.0,0.0,-48.0
1776886787.1121027,7.0,-2.0,-42.0
1776886787.1221027,5.0,-3.0,-39.0
1776886787.1321027,2.0,-4.0,-36.0
1776886787.1421027,7.0,-5.0,-40.0
1776886787.1521027,10.0,-6.0,-43.0
1776886787.1621027,10.0,-11.0,-43.0
1776886787.1721027,1.0,-7.0,-38.0
1776886787.182103,0.0,-6.0,-35.0
1776886787.192103,-5.0,-7.0,-35.0
1776886787.202103,0.0,-9.0,-32.0
1776886787.212103,-2.0,-9.0,-34.0
1776886787.2221026,-1.0,-4.0,-39.0
1776886787.2321026,0.0,-4.0,-40.0
1776886787.2421026,-1.0,-2.0,-43.0
1776886787.2521029,0.0,-1.0,-49.0
1776886787.2621028,-1.0,-4.0,-51.0
1776886787.2721028,-6.0,-5.0,-47.0
1776886787.2821028,-2.0,-8.0,-52.0
1776886787.2921028,-6.0,-8.0,-49.0
1776886787.3021028,-2.0,-6.0,-46.0
1776886787.3121028,-5.0,-4.0,-43.0
1776886787.3221028,-5.0,-4.0,-47.0
1776886787.3321028,-2.0,-1.0,-47.0
1776886787.3421028,-1.0,0.0,-50.0
1776886787.3521028,0.0,1.0,-46.0
1776886787.3621027,2.0,0.0,-39.0
1776886787.3721027,3.0,-2.0,-40.0
1776886787.3821027,2.0,-1.0,-43.0
1776886787.3921027,2.0,0.0,-38.0
1776886787.4021027,0.0,-2.0,-42.0
1776886787.4121027,1.0,-7.0,-45.0
1776886787.4221027,6.0,-4.0,-42.0
1776886787.432103,2.0,-4.0,-41.0
1776886787.442103,4.0,-6.0,-44.0
1776886787.452103,1.0,-7.0,-45.0
1776886787.462103,-1.0,-5.0,-47.0
1776886787.4721026,0.0,-3.0,-45.0
1776886787.4821026,0.0,-4.0,-40.0
1776886787.4921026,-2.0,-4.0,-42.0
1776886787.5021029,-1.0,-1.0,-39.0
1776886787.5121028,-2.0,3.0,-42.0
1776886787.5221028,1.0,0.0,-35.0
1776886787.5321028,1.0,2.0,-41.0
1776886787.5421028,5.0,2.0,-41.0
1776886787.5521028,6.0,0.0,-44.0
1776886787.5621028,11.0,-4.0,-45.0
1776886787.5721028,6.0,-2.0,-48.0
1776886787.5821028,8.0,-6.0,-53.0
1776886787.5921028,3.0,0.0,-51.0
1776886787.6021028,3.0,-3.0,-46.0
1776886787.6121027,1.0,-6.0,-43.0
1776886787.6221027,0.0,0.0,-38.0
1776886787.6321027,-4.0,-1.0,-36.0
1776886787.6421027,-4.0,0.0,-39.0
1776886787.6521027,-3.0,0.0,-40.0
1776886787.6621027,-3.0,0.0,-41.0
1776886787.6721027,-3.0,-3.0,-34.0
1776886787.682103,-1.0,-5.0,-33.0
1776886787.692103,1.0,0.0,-26.0
1776886787.702103,1.0,0.0,-28.0
1776886787.712103,-8.0,0.0,-35.0
1776886787.7221026,-16.0,0.0,-29.0
1776886787.7321026,-10.0,0.0,-32.0
1776886787.7421026,-8.0,4.0,-38.0
1776886787.7521029,-5.0,4.0,-36.0
1776886787.7621028,-5.0,8.0,-36.0
1776886787.7721028,-5.0,6.0,-34.0
1776886787.7821028,-1.0,7.0,-38.0
1776886787.7921028,-7.0,5.0,-37.0
1776886787.8021028,-9.0,5.0,-37.0
1776886787.8121028,-6.0,4.0,-42.0
1776886787.8221028,-4.0,3.0,-35.0
1776886787.8321028,0.0,0.0,-31.0
1776886787.8421028,1.0,0.0,-31.0
1776886787.8521028,0.0,3.0,-35.0
1776886787.8621027,-4.0,2.0,-30.0
1776886787.8721027,-5.0,0.0,-31.0
1776886787.8821027,-6.0,0.0,-36.0
1776886787.8921027,-2.0,0.0,-41.0
1776886787.9021027,0.0,-1.0,-40.0
1776886787.9121027,0.0,0.0,-36.0
1776886787.9221027,3.0,-5.0,-36.0
1776886787.932103,0.0,-2.0,-36.0
1776886787.942103,-1.0,-3.0,-33.0
1776886787.952103,-8.0,-1.0,-38.0
1776886787.962103,-7.0,0.0,-41.0
1776886787.9721026,-2.0,0.0,-43.0
1776886787.9821026,-2.0,3.0,-40.0
1776886787.9921026,-5.0,3.0,-43.0
1776886788.0021029,-4.0,0.0,-39.0
1776886788.0121028,0.0,1.0,-39.0
1776886788.0221028,-3.0,1.0,-43.0
1776886788.0321028,-6.0,-1.0,-48.0
1776886788.0421028,-5.0,-1.0,-49.0
1776886788.0521028,-5.0,1.0,-48.0
1776886788.0621028,-7.0,0.0,-46.0
1776886788.0721028,-6.0,0.0,-49.0
1776886788.0821028,-2.0,0.0,-45.0
1776886788.0921028,-6.0,0.0,-42.0
1776886788.1021028,-5.0,2.0,-36.0
1776886788.1121027,-3.0,0.0,-31.0
1776886788.1221027,-1.0,-3.0,-27.0
1776886788.1321027,-1.0,-5.0,-31.0
1776886788.1421027,-2.0,-6.0,-31.0
1776886788.1521027,-2.0,-9.0,-37.0
1776886788.1621027,0.0,-7.0,-41.0
1776886788.1721027,0.0,-9.0,-39.0
1776886788.182103,3.0,-6.0,-36.0
1776886788.192103,3.0,-3.0,-38.0
1776886788.202103,-1.0,0.0,-36.0
1776886788.212103,0.0,1.0,-35.0
1776886788.2221026,4.0,4.0,-45.0
1776886788.2321026,5.0,3.0,-37.0
1776886788.2421026,8.0,2.0,-35.0
1776886788.2521029,5.0,2.0,-39.0
1776886788.2621028,4.0,3.0,-36.0
1776886788.2721028,7.0,1.0,-38.0
1776886788.2821028,8.0,0.0,-34.0
1776886788.2921028,8.0,-3.0,-32.0
1776886788.3021028,5.0,-1.0,-36.0
1776886788.3121028,1.0,-1.0,-45.0
1776886788.3221028,0.0,-2.0,-46.0
1776886788.3321028,0.0,-4.0,-43.0
1776886788.3421028,-3.0,-8.0,-45.0
1776886788.3521028,-2.0,-7.0,-40.0
1776886788.363103,0.0,-2.0,-41.0
1776886788.3721027,6.0,-3.0,-42.0
1776886788.3821027,8.0,-5.0,-31.0
1776886788.3921027,1.0,-2.0,-35.0
1776886788.4031026,-5.0,0.0,-43.0
1776886788.4131026,-6.0,2.0,-42.0
1776886788.4231029,-3.0,5.0,-45.0
1776886788.4331028,0.0,4.0,-48.0
1776886788.4431028,-2.0,2.0,-44.0
1776886788.4531028,-1.0,4.0,-41.0
1776886788.4631028,-1.0,1.0,-38.0
1776886788.4731028,1.0,0.0,-31.0
1776886788.4831028,3.0,-1.0,-34.0
1776886788.4931028,1.0,-1.0,-34.0
1776886788.5031028,4.0,1.0,-32.0
1776886788.5131028,9.0,2.0,-29.0
1776886788.5231028,9.0,2.0,-31.0
1776886788.5331028,5.0,1.0,-30.0
1776886788.5431027,-1.0,-1.0,-33.0
1776886788.5531027,0.0,-2.0,-32.0
1776886788.5631027,-2.0,-1.0,-35.0
1776886788.5731027,-1.0,-2.0,-36.0
1776886788.5831027,4.0,-2.0,-37.0
1776886788.5931027,2.0,-2.0,-37.0
1776886788.6031027,5.0,-7.0,-39.0
1776886788.613103,2.0,-4.0,-40.0
1776886788.623103,2.0,-5.0,-41.0
1776886788.633103,2.0,-9.0,-41.0
1776886788.6431026,0.0,-14.0,-38.0
1776886788.6531026,0.0,-12.0,-40.0
1776886788.6631026,-3.0,-16.0,-38.0
1776886788.6731029,-2.0,-12.0,-35.0
1776886788.6831028,-1.0,-10.0,-34.0
1776886788.6931028,-2.0,-3.0,-31.0
1776886788.7031028,-6.0,-6.0,-32.0
1776886788.7131028,-9.0,-6.0,-39.0
1776886788.7231028,-6.0,-2.0,-31.0
1776886788.7331028,-1.0,-7.0,-31.0
1776886788.7431028,0.0,-6.0,-30.0
1776886788.7531028,-1.0,-4.0,-27.0
1776886788.7631028,0.0,-8.0,-34.0
1776886788.7731028,-2.0,-7.0,-32.0
1776886788.7831028,-2.0,-3.0,-35.0
1776886788.7931027,0.0,-4.0,-36.0
1776886788.8031027,5.0,-2.0,-37.0
1776886788.8131027,9.0,-4.0,-40.0
1776886788.8231027,5.0,-4.0,-44.0
1776886788.8331027,0.0,-5.0,-35.0
1776886788.8431027,-2.0,-2.0,-39.0
1776886788.8531027,-1.0,-2.0,-39.0
1776886788.863103,-2.0,-4.0,-36.0
1776886788.873103,-4.0,-2.0,-38.0
1776886788.883103,0.0,0.0,-36.0
1776886788.8931026,-4.0,0.0,-36.0
1776886788.9031026,-1.0,-2.0,-44.0
1776886788.9131026,-3.0,-4.0,-44.0
1776886788.9231029,-2.0,-3.0,-49.0
1776886788.9331028,-4.0,-2.0,-52.0
1776886788.9431028,-8.0,1.0,-48.0
1776886788.9531028,-5.0,2.0,-50.0
1776886788.9631028,-4.0,3.0,-40.0
1776886788.9731028,0.0,4.0,-38.0
1776886788.9831028,4.0,2.0,-35.0
1776886788.9931028,0.0,0.0,-31.0
1776886789.0031028,0.0,2.0,-29.0
1776886789.0131028,3.0,3.0,-34.0
1776886789.0231028,4.0,0.0,-36.0
1776886789.0331028,4.0,0.0,-34.0
1776886789.0431027,2.0,-4.0,-32.0
1776886789.0531027,0.0,-3.0,-29.0
1776886789.0631027,0.0,-2.0,-27.0
1776886789.0731027,0.0,-2.0,-29.0
1776886789.0831027,-4.0,-2.0,-30.0
1776886789.0931027,0.0,-2.0,-38.0
1776886789.1031027,1.0,-5.0,-34.0
1776886789.113103,3.0,-5.0,-36.0
1776886789.123103,6.0,-4.0,-39.0
1776886789.133103,3.0,0.0,-45.0
1776886789.1431026,1.0,0.0,-52.0
1776886789.1531026,1.0,1.0,-45.0
1776886789.1631026,-1.0,4.0,-46.0
1776886789.1731029,0.0,4.0,-42.0
1776886789.1831028,0.0,4.0,-37.0
1776886789.1931028,-4.0,2.0,-40.0
1776886789.2031028,-2.0,-3.0,-40.0
1776886789.2131028,0.0,-4.0,-37.0
1776886789.2231028,1.0,-3.0,-35.0
1776886789.2331028,7.0,-2.0,-39.0
1776886789.2431028,2.0,0.0,-41.0
1776886789.2531028,0.0,-1.0,-42.0
1776886789.2631028,-2.0,0.0,-41.0
1776886789.2731028,-1.0,-1.0,-39.0
1776886789.2831028,0.0,-3.0,-35.0
1776886789.2931027,1.0,-3.0,-30.0
1776886789.3031027,0.0,-3.0,-34.0
1776886789.3131027,0.0,0.0,-31.0
1776886789.3231027,6.0,-1.0,-30.0
1776886789.3331027,4.0,-1.0,-29.0
1776886789.3431027,3.0,0.0,-32.0
1776886789.3531027,7.0,0.0,-32.0
1776886789.363103,11.0,0.0,-28.0
1776886789.373103,8.0,0.0,-28.0
1776886789.383103,4.0,-3.0,-38.0
1776886789.3931026,4.0,-5.0,-35.0
1776886789.4031026,6.0,-7.0,-33.0
1776886789.4131026,6.0,-6.0,-33.0
1776886789.4231029,5.0,-5.0,-31.0
1776886789.4331028,0.0,-4.0,-30.0
1776886789.4431028,2.0,0.0,-32.0
1776886789.4531028,6.0,-3.0,-34.0
1776886789.4631028,2.0,-7.0,-32.0
1776886789.4731028,0.0,-4.0,-38.0
1776886789.4831028,0.0,-2.0,-34.0
1776886789.4931028,2.0,-1.0,-37.0
1776886789.5031028,-1.0,-3.0,-35.0
1776886789.5131028,-3.0,-4.0,-35.0
1776886789.5231028,-3.0,-3.0,-38.0
1776886789.5331028,0.0,0.0,-41.0
1776886789.5431027,0.0,-3.0,-37.0
1776886789.5531027,2.0,-4.0,-35.0
1776886789.5631027,4.0,-4.0,-35.0
1776886789.5731027,7.0,-3.0,-26.0
1776886789.5831027,2.0,-5.0,-27.0
1776886789.5931027,-2.0,-2.0,-29.0
1776886789.6031027,-5.0,-4.0,-25.0
1776886789.613103,-1.0,0.0,-26.0
1776886789.623103,-3.0,0.0,-27.0
1776886789.633103,-2.0,0.0,-32.0
1776886789.6431026,-2.0,1.0,-30.0
1776886789.6531026,-2.0,2.0,-27.0
1776886789.6631026,-5.0,0.0,-25.0
1776886789.6731029,-2.0,-3.0,-25.0
1776886789.6831028,0.0,-2.0,-19.0
1776886789.6931028,0.0,-2.0,-20.0
1776886789.7031028,-4.0,-4.0,-23.0
1776886789.7131028,-2.0,-7.0,-30.0
1776886789.7231028,-1.0,-9.0,-39.0
1776886789.7331028,-2.0,-8.0,-42.0
1776886789.7431028,0.0,-3.0,-42.0
1776886789.7531028,0.0,-2.0,-37.0
1776886789.7631028,-1.0,-3.0,-35.0
1776886789.7731028,2.0,-2.0,-38.0
1776886789.7831028,3.0,-2.0,-42.0
1776886789.7931027,2.0,-2.0,-45.0
1776886789.8031027,4.0,-5.0,-42.0
1776886789.8131027,3.0,-6.0,-43.0
1776886789.8231027,0.0,-11.0,-42.0
1776886789.8331027,2.0,-9.0,-42.0
1776886789.8431027,2.0,-3.0,-38.0
1776886789.8531027,5.0,-5.0,-35.0
1776886789.863103,2.0,-3.0,-41.0
1776886789.873103,0.0,-6.0,-37.0
1776886789.883103,4.0,-9.0,-38.0
1776886789.8931026,5.0,-2.0,-41.0
1776886789.9031026,2.0,-3.0,-42.0
1776886789.9131026,0.0,0.0,-52.0
1776886789.9231029,1.0,-3.0,-44.0
1776886789.9331028,0.0,-7.0,-48.0
1776886789.9431028,4.0,-2.0,-45.0
1776886789.9531028,3.0,-1.0,-44.0
1776886789.9631028,3.0,0.0,-43.0
1776886789.9731028,0.0,1.0,-42.0
1776886789.9831028,4.0,-1.0,-43.0
1776886789.9931028,1.0,0.0,-42.0
1776886790.0031028,1.0,-2.0,-36.0
1776886790.0131028,-1.0,-1.0,-37.0
1776886790.0231028,0.0,3.0,-36.0
1776886790.0331028,3.0,1.0,-38.0
1776886790.0431027,0.0,-1.0,-40.0
1776886790.0531027,0.0,2.0,-34.0
1776886790.0631027,0.0,3.0,-40.0
1776886790.0731027,-2.0,5.0,-45.0
1776886790.0831027,5.0,6.0,-40.0
1776886790.0931027,8.0,2.0,-35.0
1776886790.1031027,7.0,-3.0,-38.0
1776886790.113103,3.0,3.0,-40.0
1776886790.123103,0.0,-3.0,-46.0
1776886790.133103,-4.0,-6.0,-47.0
1776886790.1431026,-8.0,-6.0,-43.0
1776886790.1531026,-5.0,-9.0,-43.0
1776886790.1631026,0.0,-9.0,-41.0
1776886790.1731029,0.0,-10.0,-41.0
1776886790.1831028,-1.0,-7.0,-36.0
1776886790.1931028,2.0,-6.0,-32.0
1776886790.2031028,-4.0,-6.0,-28.0
1776886790.2131028,-9.0,-5.0,-21.0
1776886790.2231028,-12.0,-8.0,-21.0
1776886790.2331028,-8.0,-11.0,-23.0
1776886790.2431028,-4.0,-10.0,-26.0
1776886790.2531028,-2.0,-11.0,-23.0
1776886790.2631028,-4.0,-13.0,-25.0
1776886790.2731028,-3.0,-11.0,-28.0
1776886790.2831028,-2.0,-11.0,-31.0
1776886790.2931027,-1.0,-12.0,-36.0
1776886790.3031027,-3.0,-7.0,-38.0
1776886790.3131027,-3.0,-8.0,-30.0
1776886790.3231027,0.0,-6.0,-37.0
1776886790.3331027,0.0,-6.0,-37.0
1776886790.3431027,3.0,-5.0,-31.0
1776886790.3531027,7.0,-4.0,-32.0
1776886790.3641028,6.0,-3.0,-20.0
1776886790.373103,9.0,-3.0,-23.0
1776886790.3851027,1.0,-6.0,-26.0
1776886790.3941028,2.0,-3.0,-31.0
1776886790.4041028,3.0,1.0,-36.0
1776886790.4141028,4.0,2.0,-34.0
1776886790.4241028,4.0,3.0,-32.0
1776886790.4341028,4.0,1.0,-39.0
1776886790.4441028,5.0,0.0,-34.0
1776886790.4541028,4.0,1.0,-36.0
1776886790.4641027,3.0,1.0,-37.0
1776886790.4741027,0.0,0.0,-37.0
1776886790.4841027,-1.0,-2.0,-39.0
1776886790.4941027,-1.0,-2.0,-42.0
1776886790.5041027,-2.0,-1.0,-41.0
1776886790.5141027,-7.0,-2.0,-38.0
1776886790.5241027,-5.0,0.0,-42.0
1776886790.534103,-2.0,1.0,-44.0
1776886790.544103,-2.0,-1.0,-45.0
1776886790.554103,3.0,2.0,-46.0
1776886790.5641026,5.0,-2.0,-40.0
1776886790.5741026,3.0,1.0,-44.0
1776886790.5841026,1.0,5.0,-33.0
1776886790.5941026,3.0,3.0,-37.0
1776886790.6041028,0.0,2.0,-35.0
1776886790.6141028,-6.0,0.0,-35.0
1776886790.6241028,-4.0,-2.0,-37.0
1776886790.6341028,0.0,0.0,-40.0
1776886790.6441028,-1.0,0.0,-35.0
1776886790.6541028,-3.0,-1.0,-37.0
1776886790.6641028,0.0,-3.0,-38.0
1776886790.6741028,3.0,0.0,-41.0
1776886790.6841028,6.0,-3.0,-37.0
1776886790.6941028,4.0,-1.0,-45.0
1776886790.7041028,0.0,0.0,-41.0
1776886790.7141027,1.0,0.0,-37.0
1776886790.7241027,-1.0,0.0,-38.0
1776886790.7341027,-1.0,0.0,-35.0
1776886790.7441027,-1.0,-3.0,-37.0
1776886790.7541027,-1.0,-5.0,-43.0
1776886790.7641027,0.0,-7.0,-49.0
1776886790.7741027,2.0,-8.0,-39.0
1776886790.784103,5.0,-10.0,-39.0
1776886790.794103,6.0,-6.0,-42.0
1776886790.804103,5.0,-4.0,-49.0
1776886790.8141026,2.0,-6.0,-49.0
1776886790.8241026,3.0,-5.0,-39.0
1776886790.8341026,2.0,-3.0,-29.0
1776886790.8441026,0.0,-1.0,-35.0
1776886790.8541028,1.0,0.0,-34.0
1776886790.8641028,2.0,-1.0,-35.0
1776886790.8741028,1.0,-2.0,-32.0
1776886790.8841028,-3.0,-2.0,-36.0
1776886790.8941028,-4.0,-3.0,-35.0
1776886790.9041028,0.0,0.0,-34.0
1776886790.9141028,0.0,-1.0,-35.0
1776886790.9241028,-3.0,-3.0,-37.0
1776886790.9341028,-3.0,-2.0,-34.0
1776886790.9441028,-5.0,3.0,-38.0
1776886790.9541028,-4.0,1.0,-34.0
1776886790.9641027,-2.0,5.0,-31.0
1776886790.9741027,0.0,6.0,-33.0
1776886790.9841027,0.0,4.0,-30.0
1776886790.9941027,3.0,0.0,-23.0
1776886791.0041027,8.0,-1.0,-30.0
1776886791.0141027,5.0,0.0,-36.0
1776886791.0241027,4.0,0.0,-39.0
1776886791.034103,4.0,-1.0,-40.0
1776886791.044103,7.0,-2.0,-36.0
1776886791.054103,1.0,-3.0,-31.0
1776886791.0641026,-1.0,-3.0,-31.0
1776886791.0741026,0.0,-6.0,-34.0
1776886791.0841026,-3.0,-4.0,-43.0
1776886791.0941026,-2.0,-4.0,-45.0
1776886791.1041028,-1.0,-2.0,-44.0
1776886791.1141028,0.0,-3.0,-48.0
1776886791.1241028,1.0,-2.0,-57.0
1776886791.1341028,-2.0,-4.0,-56.0
1776886791.1441028,1.0,-4.0,-56.0
1776886791.1541028,1.0,-3.0,-52.0
1776886791.1641028,3.0,-5.0,-51.0
1776886791.1741028,2.0,-3.0,-46.0
1776886791.1841028,9.0,-2.0,-44.0
1776886791.1941028,5.0,-4.0,-41.0
1776886791.2041028,-1.0,-4.0,-45.0
1776886791.2141027,-3.0,-7.0,-45.0
1776886791.2241027,0.0,-5.0,-44.0
1776886791.2341027,1.0,-6.0,-44.0
1776886791.2441027,4.0,-12.0,-40.0
1776886791.2541027,5.0,-9.0,-34.0
1776886791.2641027,5.0,-2.0,-39.0
1776886791.2741027,4.0,0.0,-45.0
1776886791.284103,1.0,3.0,-40.0
1776886791.294103,0.0,2.0,-40.0
1776886791.304103,2.0,1.0,-47.0
1776886791.3141026,1.0,-1.0,-46.0
1776886791.3241026,1.0,-4.0,-44.0
1776886791.3341026,-3.0,-4.0,-51.0
1776886791.3441026,-2.0,-1.0,-57.0
1776886791.3541028,-3.0,-4.0,-54.0
1776886791.3641028,-3.0,-2.0,-48.0
1776886791.3741028,-2.0,-6.0,-47.0
1776886791.3841028,2.0,-7.0,-45.0
1776886791.3941028,0.0,-5.0,-38.0
1776886791.4041028,-2.0,-5.0,-41.0
1776886791.4141028,-1.0,-3.0,-41.0
1776886791.4241028,-2.0,-3.0,-44.0
1776886791.4341028,-3.0,-2.0,-39.0
1776886791.4441028,0.0,-4.0,-37.0
1776886791.4541028,3.0,0.0,-42.0
1776886791.4641027,-2.0,0.0,-49.0
1776886791.4741027,-2.0,-1.0,-52.0
1776886791.4841027,-4.0,-7.0,-46.0
1776886791.4941027,-5.0,-5.0,-44.0
1776886791.5041027,-8.0,-3.0,-43.0
1776886791.5141027,-8.0,-5.0,-40.0
1776886791.5241027,-4.0,-4.0,-38.0
1776886791.534103,0.0,-9.0,-37.0
1776886791.544103,0.0,-8.0,-38.0
1776886791.554103,1.0,-8.0,-41.0
1776886791.5641026,4.0,-7.0,-40.0
1776886791.5741026,3.0,-4.0,-40.0
1776886791.5841026,4.0,-2.0,-36.0
1776886791.5941026,2.0,1.0,-34.0
1776886791.6041028,0.0,-1.0,-42.0
1776886791.6141028,-2.0,-3.0,-43.0
1776886791.6241028,-3.0,-3.0,-43.0
1776886791.6341028,-4.0,-3.0,-37.0
1776886791.6441028,-5.0,-1.0,-34.0
1776886791.6541028,-4.0,-3.0,-30.0
1776886791.6641028,-7.0,-3.0,-29.0
1776886791.6741028,-6.0,-4.0,-31.0
1776886791.6841028,-1.0,-4.0,-39.0
1776886791.6941028,0.0,-2.0,-35.0
1776886791.7041028,0.0,-1.0,-35.0
1776886791.7141027,-1.0,-3.0,-33.0
1776886791.7241027,-4.0,-3.0,-37.0
1776886791.7341027,-2.0,-1.0,-41.0
1776886791.7441027,2.0,0.0,-35.0
1776886791.7541027,3.0,-3.0,-35.0
1776886791.7641027,3.0,-3.0,-30.0
1776886791.7741027,8.0,-3.0,-31.0
1776886791.784103,5.0,-3.0,-35.0
1776886791.794103,3.0,-6.0,-35.0
1776886791.804103,3.0,-3.0,-35.0
1776886791.8141026,0.0,0.0,-37.0
1776886791.8241026,0.0,-2.0,-37.0
1776886791.8341026,0.0,-2.0,-42.0
1776886791.8441026,4.0,-1.0,-44.0
1776886791.8541028,1.0,2.0,-41.0
1776886791.8641028,7.0,0.0,-37.0
1776886791.8741028,12.0,2.0,-34.0
1776886791.8841028,9.0,3.0,-33.0
1776886791.8941028,8.0,2.0,-38.0
1776886791.9041028,6.0,0.0,-44.0
1776886791.9141028,5.0,1.0,-40.0
1776886791.9241028,3.0,5.0,-37.0
1776886791.9341028,2.0,2.0,-35.0
1776886791.9441028,3.0,0.0,-38.0
1776886791.9541028,2.0,0.0,-39.0
1776886791.9641027,0.0,2.0,-35.0
1776886791.9741027,2.0,4.0,-42.0
1776886791.9841027,0.0,6.0,-49.0
1776886791.9941027,0.0,3.0,-48.0
1776886792.0041027,5.0,0.0,-41.0
1776886792.0141027,4.0,0.0,-46.0
1776886792.0241027,0.0,-1.0,-37.0
1776886792.034103,-1.0,-3.0,-34.0
1776886792.044103,-2.0,0.0,-34.0
1776886792.054103,0.0,-4.0,-36.0
1776886792.0641026,0.0,-5.0,-43.0
1776886792.0741026,-1.0,-5.0,-38.0
1776886792.0841026,-3.0,-3.0,-41.0
1776886792.0941026,0.0,-5.0,-38.0
1776886792.1041028,-2.0,-4.0,-41.0
1776886792.1141028,2.0,-2.0,-42.0
1776886792.1241028,5.0,1.0,-45.0
1776886792.1341028,4.0,1.0,-49.0
1776886792.1441028,2.0,4.0,-51.0
1776886792.1541028,3.0,2.0,-46.0
1776886792.1641028,-2.0,1.0,-38.0
1776886792.1741028,-3.0,-1.0,-39.0
1776886792.1841028,0.0,0.0,-39.0
1776886792.1941028,-2.0,-1.0,-34.0
1776886792.2041028,-4.0,0.0,-25.0
1776886792.2141027,-3.0,-3.0,-27.0
1776886792.2241027,-1.0,0.0,-28.0
1776886792.2341027,-1.0,-1.0,-31.0
1776886792.2441027,0.0,0.0,-30.0
1776886792.2541027,0.0,4.0,-27.0
1776886792.2641027,-2.0,-1.0,-30.0
1776886792.2741027,-2.0,-4.0,-35.0
1776886792.284103,-1.0,3.0,-35.0
1776886792.294103,-2.0,5.0,-32.0
1776886792.304103,1.0,3.0,-27.0
1776886792.3141026,-1.0,5.0,-26.0
1776886792.3241026,-2.0,7.0,-28.0
1776886792.3341026,0.0,5.0,-29.0
1776886792.3441026,-1.0,3.0,-34.0
1776886792.3541028,-1.0,3.0,-33.0
1776886792.3651028,-2.0,-3.0,-41.0
1776886792.3741028,-2.0,-5.0,-43.0
1776886792.3851027,-5.0,-1.0,-41.0
1776886792.3951027,-2.0,0.0,-44.0
1776886792.4051027,4.0,0.0,-39.0
1776886792.4151027,2.0,-2.0,-37.0
1776886792.4251027,0.0,-3.0,-40.0
1776886792.4351027,0.0,-3.0,-44.0
1776886792.4451027,-1.0,0.0,-45.0
1776886792.4551027,-1.0,-2.0,-47.0
1776886792.465103,0.0,-2.0,-42.0
1776886792.475103,-5.0,0.0,-46.0
1776886792.485103,-5.0,0.0,-45.0
1776886792.4951026,-1.0,-2.0,-49.0
1776886792.5051026,0.0,-4.0,-47.0
1776886792.5151026,6.0,-6.0,-41.0
1776886792.5251029,6.0,-6.0,-45.0
1776886792.5351028,6.0,-5.0,-46.0
1776886792.5451028,4.0,-2.0,-46.0
1776886792.5551028,1.0,-4.0,-39.0
1776886792.5651028,0.0,-5.0,-35.0
1776886792.5751028,2.0,-6.0,-35.0
1776886792.5851028,5.0,-5.0,-33.0
1776886792.5951028,3.0,1.0,-42.0
1776886792.6051028,1.0,-2.0,-44.0
1776886792.6151028,0.0,-5.0,-44.0
1776886792.6251028,-3.0,-2.0,-41.0
1776886792.6351027,-4.0,-2.0,-40.0
1776886792.6451027,-2.0,1.0,-38.0
1776886792.6551027,1.0,2.0,-36.0
1776886792.6651027,-1.0,3.0,-36.0
1776886792.6751027,-1.0,4.0,-34.0
1776886792.6851027,3.0,6.0,-33.0
1776886792.6951027,4.0,6.0,-26.0
1776886792.7051027,4.0,5.0,-26.0
1776886792.715103,0.0,2.0,-31.0
1776886792.725103,0.0,0.0,-37.0
1776886792.735103,-1.0,-5.0,-40.0
1776886792.7451026,-2.0,-7.0,-44.0
1776886792.7551026,-1.0,-7.0,-39.0
1776886792.7651026,0.0,-4.0,-35.0
1776886792.7751029,-2.0,-4.0,-36.0
1776886792.7851028,-1.0,-4.0,-36.0
1776886792.7951028,-1.0,-5.0,-46.0
1776886792.8051028,-3.0,-7.0,-47.0
1776886792.8151028,0.0,-7.0,-40.0
1776886792.8251028,2.0,-4.0,-36.0
1776886792.8351028,1.0,-1.0,-36.0
1776886792.8451028,-3.0,-3.0,-39.0
1776886792.8551028,-6.0,-6.0,-42.0
1776886792.8651028,-7.0,-7.0,-45.0
1776886792.8751028,-6.0,-2.0,-47.0
1776886792.8851027,0.0,-2.0,-42.0
1776886792.8951027,0.0,-3.0,-42.0
1776886792.9051027,3.0,-5.0,-45.0
1776886792.9151027,-3.0,0.0,-43.0
1776886792.9251027,-2.0,0.0,-45.0
1776886792.9351027,0.0,1.0,-42.0
1776886792.9451027,1.0,-4.0,-47.0
1776886792.9551027,4.0,-7.0,-43.0
1776886792.965103,-2.0,-8.0,-40.0
1776886792.975103,-4.0,-10.0,-46.0
1776886792.985103,-3.0,-5.0,-49.0
1776886792.9951026,0.0,-5.0,-49.0
1776886793.0051026,0.0,0.0,-45.0
1776886793.0151026,-1.0,-1.0,-44.0
1776886793.0251029,-3.0,-1.0,-49.0
1776886793.0351028,1.0,-1.0,-53.0
1776886793.0451028,-1.0,-3.0,-56.0
1776886793.0551028,-2.0,-5.0,-55.0
1776886793.0651028,-3.0,-4.0,-50.0
1776886793.0751028,-4.0,-5.0,-43.0
1776886793.0851028,-3.0,-6.0,-42.0
1776886793.0951028,-3.0,-4.0,-48.0
1776886793.1051028,-2.0,-4.0,-47.0
1776886793.1151028,-1.0,-4.0,-49.0
1776886793.1251028,-2.0,-3.0,-50.0
1776886793.1351027,-1.0,-3.0,-53.0
1776886793.1451027,-1.0,-3.0,-47.0
1776886793.1551027,1.0,-5.0,-50.0
1776886793.1651027,0.0,-5.0,-47.0
1776886793.1751027,1.0,-4.0,-40.0
1776886793.1851027,5.0,-2.0,-39.0
1776886793.1951027,3.0,-2.0,-43.0
1776886793.2051027,5.0,-3.0,-45.0
1776886793.215103,5.0,-2.0,-46.0
1776886793.225103,6.0,-4.0,-45.0
1776886793.235103,1.0,0.0,-40.0
1776886793.2451026,0.0,1.0,-42.0
1776886793.2551026,1.0,0.0,-42.0
1776886793.2651026,1.0,0.0,-40.0
1776886793.2751029,0.0,-5.0,-43.0
1776886793.2851028,1.0,-6.0,-42.0
1776886793.2951028,3.0,-3.0,-43.0
1776886793.3051028,3.0,0.0,-39.0
1776886793.3151028,4.0,0.0,-43.0
1776886793.3251028,4.0,-1.0,-37.0
1776886793.3351028,3.0,-2.0,-34.0
1776886793.3451028,3.0,-4.0,-35.0
1776886793.3551028,3.0,-5.0,-37.0
1776886793.3651028,0.0,-4.0,-34.0
1776886793.3751028,-2.0,-6.0,-46.0
1776886793.3851027,-3.0,-3.0,-45.0
1776886793.3951027,-4.0,-3.0,-44.0
1776886793.4051027,-4.0,-1.0,-45.0
1776886793.4151027,0.0,-2.0,-44.0
1776886793.4251027,-2.0,-1.0,-36.0
1776886793.4351027,-1.0,-2.0,-36.0
1776886793.4451027,-1.0,-3.0,-36.0
1776886793.4551027,0.0,-1.0,-40.0
1776886793.465103,0.0,-3.0,-39.0
1776886793.475103,3.0,0.0,-39.0
1776886793.485103,-1.0,0.0,-40.0
1776886793.4951026,0.0,1.0,-41.0
1776886793.5051026,2.0,2.0,-39.0
1776886793.5151026,5.0,2.0,-35.0
1776886793.5251029,0.0,0.0,-45.0
1776886793.5351028,0.0,0.0,-50.0
1776886793.5451028,1.0,-2.0,-48.0
1776886793.5551028,2.0,-7.0,-51.0
1776886793.5651028,2.0,-4.0,-48.0
1776886793.5751028,1.0,-5.0,-44.0
1776886793.5851028,-1.0,-6.0,-39.0
1776886793.5951028,-3.0,-1.0,-35.0
1776886793.6051028,-5.0,-1.0,-27.0
1776886793.6151028,-7.0,0.0,-32.0
1776886793.6251028,-4.0,2.0,-35.0
1776886793.6351027,0.0,2.0,-37.0
1776886793.6451027,0.0,2.0,-34.0
1776886793.6551027,0.0,-1.0,-32.0
1776886793.6651027,0.0,-5.0,-42.0
1776886793.6751027,1.0,-5.0,-43.0
1776886793.6851027,6.0,-4.0,-44.0
1776886793.6951027,3.0,-5.0,-46.0
1776886793.7051027,2.0,-8.0,-44.0
1776886793.715103,2.0,-6.0,-45.0
1776886793.725103,3.0,-3.0,-49.0
1776886793.735103,4.0,-1.0,-43.0
1776886793.7451026,-1.0,2.0,-35.0
1776886793.7551026,2.0,4.0,-31.0
1776886793.7651026,0.0,2.0,-32.0
1776886793.7751029,-2.0,0.0,-29.0
1776886793.7851028,-2.0,0.0,-32.0
1776886793.7951028,-6.0,3.0,-32.0
1776886793.8051028,-8.0,4.0,-30.0
1776886793.8151028,-6.0,1.0,-31.0
1776886793.8251028,-2.0,0.0,-33.0
1776886793.8351028,-4.0,1.0,-39.0
1776886793.8451028,-8.0,2.0,-39.0
1776886793.8551028,-10.0,0.0,-35.0
1776886793.8651028,-6.0,0.0,-42.0
1776886793.8751028,-8.0,-2.0,-49.0
1776886793.8851027,-6.0,-2.0,-48.0
1776886793.8951027,-4.0,-5.0,-41.0
1776886793.9051027,0.0,-2.0,-31.0
1776886793.9151027,0.0,0.0,-34.0
1776886793.9251027,0.0,2.0,-35.0
1776886793.9351027,-2.0,2.0,-45.0
1776886793.9451027,0.0,0.0,-43.0
1776886793.9551027,0.0,0.0,-31.0
1776886793.965103,1.0,1.0,-22.0
1776886793.975103,0.0,0.0,-34.0
1776886793.985103,0.0,-4.0,-32.0
1776886793.9951026,-2.0,-5.0,-38.0
1776886794.0051026,-5.0,-5.0,-35.0
1776886794.0151026,-5.0,-2.0,-30.0
1776886794.0251029,-4.0,0.0,-36.0
1776886794.0351028,-5.0,-1.0,-39.0
1776886794.0451028,-4.0,-3.0,-32.0
1776886794.0551028,-4.0,-2.0,-33.0
1776886794.0651028,-3.0,-1.0,-33.0
1776886794.0751028,-5.0,-2.0,-34.0
1776886794.0851028,-9.0,-4.0,-32.0
1776886794.0951028,-4.0,-5.0,-31.0
1776886794.1051028,2.0,-5.0,-36.0
1776886794.1151028,3.0,-4.0,-43.0
1776886794.1251028,2.0,-4.0,-39.0
1776886794.1351027,0.0,-3.0,-34.0
1776886794.1451027,-1.0,0.0,-34.0
1776886794.1551027,-1.0,0.0,-37.0
1776886794.1651027,1.0,0.0,-37.0
1776886794.1751027,5.0,4.0,-45.0
1776886794.1851027,3.0,3.0,-45.0
1776886794.1951027,3.0,6.0,-46.0
1776886794.2051027,2.0,6.0,-40.0
1776886794.215103,0.0,3.0,-37.0
1776886794.225103,0.0,-1.0,-35.0
1776886794.235103,-2.0,-5.0,-34.0
1776886794.2451026,-2.0,-8.0,-32.0
1776886794.2551026,0.0,-11.0,-25.0
1776886794.2651026,0.0,-8.0,-34.0
1776886794.2751029,0.0,-8.0,-37.0
1776886794.2851028,0.0,-2.0,-29.0
1776886794.2951028,0.0,-2.0,-28.0
1776886794.3051028,0.0,-3.0,-29.0
1776886794.3151028,4.0,-5.0,-32.0
1776886794.3251028,5.0,-3.0,-33.0
1776886794.3351028,2.0,-2.0,-33.0
1776886794.3451028,7.0,-1.0,-36.0
1776886794.3551028,4.0,0.0,-36.0
1776886794.3651028,8.0,2.0,-35.0
1776886794.3761027,4.0,5.0,-33.0
1776886794.386103,6.0,5.0,-39.0
1776886794.396103,5.0,2.0,-32.0
1776886794.406103,0.0,2.0,-29.0
1776886794.4151027,0.0,3.0,-31.0
1776886794.4261026,-1.0,3.0,-34.0
1776886794.4361026,3.0,0.0,-30.0
1776886794.4461029,3.0,2.0,-35.0
1776886794.4561028,1.0,4.0,-35.0
1776886794.4661028,1.0,2.0,-37.0
1776886794.4761028,1.0,1.0,-38.0
1776886794.4861028,0.0,6.0,-39.0
1776886794.4961028,4.0,0.0,-41.0
1776886794.5061028,2.0,-3.0,-37.0
1776886794.5161028,0.0,-1.0,-33.0
1776886794.5261028,1.0,0.0,-33.0
1776886794.5361028,3.0,-3.0,-31.0
1776886794.5461028,-2.0,-6.0,-26.0
1776886794.5561028,0.0,-6.0,-29.0
1776886794.5661027,-1.0,-5.0,-31.0
1776886794.5761027,0.0,-5.0,-40.0
1776886794.5861027,2.0,-6.0,-47.0
1776886794.5961027,3.0,-3.0,-46.0
1776886794.6061027,3.0,-3.0,-53.0
1776886794.6161027,0.0,-3.0,-52.0
1776886794.6261027,-1.0,-5.0,-45.0
1776886794.636103,-1.0,-3.0,-44.0
1776886794.646103,0.0,-1.0,-43.0
1776886794.656103,0.0,-1.0,-40.0
1776886794.6661026,1.0,-2.0,-44.0
1776886794.6761026,3.0,0.0,-42.0
1776886794.6861026,6.0,1.0,-41.0
1776886794.6961029,4.0,2.0,-33.0
1776886794.7061028,5.0,5.0,-31.0
1776886794.7161028,5.0,5.0,-37.0
1776886794.7261028,7.0,3.0,-35.0
1776886794.7361028,2.0,1.0,-32.0
1776886794.7461028,5.0,-1.0,-37.0
1776886794.7561028,0.0,-5.0,-39.0
1776886794.7661028,0.0,-1.0,-41.0
1776886794.7761028,3.0,0.0,-43.0
1776886794.7861028,2.0,0.0,-45.0
1776886794.7961028,6.0,2.0,-45.0
1776886794.8061028,9.0,0.0,-40.0
1776886794.8161027,4.0,1.0,-47.0
1776886794.8261027,0.0,0.0,-46.0
1776886794.8361027,-1.0,1.0,-46.0
1776886794.8461027,-3.0,-2.0,-43.0
1776886794.8561027,-3.0,0.0,-51.0
1776886794.8661027,-2.0,-2.0,-46.0
1776886794.8761027,-3.0,0.0,-44.0
1776886794.886103,0.0,-2.0,-47.0
1776886794.896103,1.0,1.0,-45.0
1776886794.906103,-1.0,1.0,-42.0
1776886794.9161026,-2.0,5.0,-41.0
1776886794.9261026,2.0,3.0,-37.0
1776886794.9361026,-3.0,1.0,-38.0
1776886794.9461029,-5.0,0.0,-38.0
1776886794.9561028,-1.0,1.0,-44.0
1776886794.9661028,-1.0,7.0,-44.0
1776886794.9761028,1.0,6.0,-46.0
1776886794.9861028,0.0,1.0,-43.0
1776886794.9961028,0.0,0.0,-42.0
1776886795.0061028,-2.0,-1.0,-46.0
1776886795.0161028,0.0,-1.0,-48.0
1776886795.0261028,4.0,-1.0,-46.0
1776886795.0361028,0.0,-3.0,-46.0
1776886795.0461028,-3.0,0.0,-48.0
1776886795.0561028,-1.0,2.0,-45.0
1776886795.0661027,2.0,1.0,-45.0
1776886795.0761027,4.0,1.0,-40.0
1776886795.0861027,5.0,1.0,-41.0
1776886795.0961027,2.0,2.0,-36.0
1776886795.1061027,1.0,0.0,-30.0
1776886795.1161027,4.0,1.0,-36.0
1776886795.1261027,6.0,-3.0,-37.0
1776886795.136103,0.0,-5.0,-43.0
1776886795.146103,0.0,-3.0,-37.0
1776886795.156103,-1.0,-5.0,-37.0
1776886795.1661026,0.0,-4.0,-44.0
1776886795.1761026,-1.0,-4.0,-47.0
1776886795.1861026,-4.0,-2.0,-49.0
1776886795.1961029,0.0,-2.0,-44.0
1776886795.2061028,2.0,-3.0,-46.0
1776886795.2161028,2.0,-3.0,-44.0
1776886795.2261028,5.0,0.0,-46.0
1776886795.2361028,7.0,-1.0,-51.0
1776886795.2461028,4.0,-1.0,-44.0
1776886795.2561028,5.0,0.0,-37.0
1776886795.2661028,1.0,0.0,-44.0
1776886795.2761028,0.0,-2.0,-49.0
1776886795.2861028,-6.0,0.0,-46.0
1776886795.2961028,-5.0,-5.0,-46.0
1776886795.3061028,-4.0,-5.0,-44.0
1776886795.3161027,-4.0,-5.0,-46.0
1776886795.3261027,0.0,-4.0,-40.0
1776886795.3361027,-1.0,-3.0,-43.0
1776886795.3461027,0.0,-3.0,-45.0
1776886795.3561027,-2.0,-2.0,-50.0
1776886795.3661027,-3.0,-2.0,-50.0
1776886795.3761027,-7.0,0.0,-51.0
1776886795.386103,-7.0,-3.0,-53.0
1776886795.396103,-6.0,-2.0,-47.0
1776886795.406103,-5.0,-1.0,-44.0
1776886795.4161026,-3.0,-2.0,-36.0
1776886795.4261026,-3.0,-4.0,-41.0
1776886795.4361026,-1.0,-3.0,-46.0
1776886795.4461029,1.0,-4.0,-45.0
1776886795.4561028,1.0,-1.0,-47.0
1776886795.4661028,9.0,-3.0,-45.0
1776886795.4761028,6.0,-1.0,-39.0
1776886795.4861028,4.0,1.0,-43.0
1776886795.4961028,2.0,0.0,-45.0
1776886795.5061028,0.0,-1.0,-43.0
1776886795.5161028,5.0,-4.0,-39.0
1776886795.5261028,4.0,-4.0,-39.0
1776886795.5361028,-2.0,-6.0,-42.0
1776886795.5461028,-1.0,-4.0,-37.0
1776886795.5561028,0.0,-7.0,-35.0
1776886795.5661027,0.0,-4.0,-39.0
1776886795.5761027,0.0,-1.0,-36.0
1776886795.5861027,3.0,-1.0,-41.0
1776886795.5961027,6.0,-4.0,-42.0
1776886795.6061027,0.0,-1.0,-45.0
1776886795.6161027,0.0,1.0,-45.0
1776886795.6261027,0.0,0.0,-44.0
1776886795.636103,-1.0,0.0,-48.0
1776886795.646103,-3.0,-1.0,-44.0
1776886795.656103,-3.0,0.0,-45.0
1776886795.6661026,-5.0,2.0,-43.0
1776886795.6761026,-6.0,3.0,-49.0
1776886795.6861026,-2.0,0.0,-43.0
1776886795.6961029,-3.0,2.0,-36.0
1776886795.7061028,-3.0,0.0,-32.0
1776886795.7161028,0.0,0.0,-40.0
1776886795.7261028,1.0,3.0,-45.0
1776886795.7361028,1.0,2.0,-49.0
1776886795.7461028,1.0,2.0,-52.0
1776886795.7561028,2.0,-5.0,-52.0
1776886795.7661028,1.0,-10.0,-46.0
1776886795.7761028,0.0,-9.0,-41.0
1776886795.7861028,3.0,-5.0,-40.0
1776886795.7961028,2.0,-4.0,-38.0
1776886795.8061028,-1.0,-1.0,-39.0
1776886795.8161027,-1.0,-4.0,-42.0
1776886795.8261027,-1.0,-4.0,-35.0
1776886795.8361027,0.0,-11.0,-35.0
1776886795.8461027,1.0,-10.0,-42.0
1776886795.8561027,-1.0,-14.0,-44.0
1776886795.8661027,-4.0,-14.0,-41.0
1776886795.8761027,-4.0,-16.0,-43.0
1776886795.886103,-2.0,-14.0,-37.0
1776886795.896103,1.0,-16.0,-34.0
1776886795.906103,3.0,-16.0,-33.0
1776886795.9161026,2.0,-13.0,-27.0
1776886795.9261026,0.0,-10.0,-30.0
1776886795.9361026,-3.0,-4.0,-37.0
1776886795.9461029,-3.0,0.0,-44.0
1776886795.9561028,-1.0,1.0,-41.0
1776886795.9661028,0.0,2.0,-40.0
1776886795.9761028,1.0,2.0,-40.0
1776886795.9861028,1.0,0.0,-48.0
1776886795.9961028,-1.0,2.0,-45.0
1776886796.0061028,-4.0,1.0,-44.0
1776886796.0161028,0.0,0.0,-43.0
1776886796.0261028,-2.0,4.0,-38.0
1776886796.0361028,-6.0,2.0,-39.0
1776886796.0461028,-3.0,1.0,-36.0
1776886796.0561028,-3.0,0.0,-41.0
1776886796.0661027,-5.0,-1.0,-46.0
1776886796.0761027,-5.0,0.0,-47.0
1776886796.0861027,0.0,0.0,-52.0
1776886796.0961027,-3.0,2.0,-53.0
1776886796.1061027,-5.0,1.0,-42.0
1776886796.1161027,-5.0,0.0,-42.0
1776886796.1261027,-5.0,4.0,-41.0
1776886796.136103,-1.0,6.0,-39.0
1776886796.146103,4.0,2.0,-43.0
1776886796.156103,0.0,-2.0,-48.0
1776886796.1661026,-1.0,-1.0,-46.0
1776886796.1761026,4.0,0.0,-39.0
1776886796.1861026,1.0,-3.0,-34.0
1776886796.1961029,4.0,-4.0,-35.0
1776886796.2061028,1.0,0.0,-30.0
1776886796.2161028,0.0,5.0,-33.0
1776886796.2261028,-2.0,10.0,-33.0
1776886796.2361028,-1.0,10.0,-29.0
1776886796.2461028,-3.0,5.0,-37.0
1776886796.2561028,-2.0,4.0,-36.0
1776886796.2661028,0.0,0.0,-35.0
1776886796.2761028,3.0,0.0,-35.0
1776886796.2861028,7.0,1.0,-33.0
1776886796.2961028,8.0,3.0,-31.0
1776886796.3061028,3.0,6.0,-32.0
1776886796.3161027,12.0,3.0,-38.0
1776886796.3261027,8.0,2.0,-35.0
1776886796.3361027,4.0,3.0,-34.0
1776886796.3461027,1.0,2.0,-37.0
1776886796.3561027,2.0,2.0,-38.0
1776886796.3671026,4.0,3.0,-37.0
1776886796.3771029,3.0,4.0,-35.0
1776886796.3871028,0.0,2.0,-35.0
1776886796.3971028,-3.0,0.0,-33.0
1776886796.4071028,-3.0,0.0,-37.0
1776886796.4171028,-5.0,0.0,-40.0
1776886796.4271028,-7.0,0.0,-33.0
1776886796.4371028,-5.0,-2.0,-30.0
1776886796.4471028,-5.0,0.0,-27.0
1776886796.4571028,-1.0,2.0,-28.0
1776886796.4671028,-8.0,5.0,-32.0
1776886796.4771028,-5.0,10.0,-43.0
1776886796.4871027,-3.0,10.0,-44.0
1776886796.4971027,-5.0,7.0,-45.0
1776886796.5071027,-6.0,7.0,-41.0
1776886796.5171027,-4.0,0.0,-42.0
1776886796.5271027,-2.0,1.0,-43.0
1776886796.5371027,0.0,0.0,-41.0
1776886796.5471027,4.0,0.0,-43.0
1776886796.557103,0.0,0.0,-40.0
1776886796.567103,1.0,0.0,-37.0
1776886796.577103,4.0,2.0,-42.0
1776886796.587103,4.0,1.0,-45.0
1776886796.5971026,3.0,5.0,-38.0
1776886796.6071026,0.0,3.0,-33.0
1776886796.6171026,0.0,1.0,-36.0
1776886796.6271029,3.0,-3.0,-34.0
1776886796.6371028,2.0,-6.0,-34.0
1776886796.6471028,4.0,-4.0,-33.0
1776886796.6571028,0.0,-8.0,-38.0
1776886796.6671028,-1.0,-5.0,-43.0
1776886796.6771028,-2.0,-4.0,-45.0
1776886796.6871028,-3.0,-4.0,-44.0
1776886796.6971028,-4.0,-3.0,-42.0
1776886796.7071028,-5.0,1.0,-43.0
1776886796.7171028,-3.0,-2.0,-41.0
1776886796.7271028,-1.0,-5.0,-36.0
1776886796.7371027,1.0,2.0,-36.0
1776886796.7471027,0.0,1.0,-37.0
1776886796.7571027,3.0,1.0,-35.0
1776886796.7671027,2.0,0.0,-37.0
1776886796.7771027,3.0,1.0,-41.0
1776886796.7871027,0.0,-1.0,-42.0
1776886796.7971027,-5.0,-3.0,-41.0
1776886796.807103,-1.0,-1.0,-46.0
1776886796.817103,1.0,-1.0,-41.0
1776886796.827103,4.0,0.0,-46.0
1776886796.837103,5.0,-3.0,-52.0
1776886796.8471026,7.0,2.0,-52.0
1776886796.8571026,0.0,7.0,-47.0
1776886796.8671026,4.0,4.0,-50.0
1776886796.8771029,0.0,6.0,-49.0
1776886796.8871028,0.0,5.0,-41.0
1776886796.8971028,-1.0,0.0,-41.0
1776886796.9071028,-4.0,1.0,-51.0
1776886796.9171028,-1.0,3.0,-51.0
1776886796.9271028,0.0,4.0,-42.0
1776886796.9371028,0.0,4.0,-42.0
1776886796.9471028,-1.0,2.0,-48.0
1776886796.9571028,2.0,4.0,-44.0
1776886796.9671028,7.0,2.0,-40.0
1776886796.9771028,7.0,0.0,-36.0
1776886796.9871027,4.0,-1.0,-46.0
1776886796.9971027,6.0,-5.0,-44.0
1776886797.0071027,7.0,-6.0,-40.0
1776886797.0171027,7.0,-8.0,-34.0
1776886797.0271027,8.0,-7.0,-32.0
1776886797.0371027,10.0,-7.0,-33.0
1776886797.0471027,7.0,-8.0,-33.0
1776886797.057103,4.0,-9.0,-31.0
1776886797.067103,5.0,-8.0,-33.0
1776886797.077103,-1.0,-6.0,-38.0
1776886797.087103,-2.0,-3.0,-33.0
1776886797.0971026,-4.0,3.0,-35.0
1776886797.1071026,1.0,3.0,-42.0
1776886797.1171026,-3.0,2.0,-39.0
1776886797.1271029,-3.0,0.0,-39.0
1776886797.1371028,0.0,0.0,-40.0
1776886797.1471028,-2.0,1.0,-47.0
1776886797.1571028,-1.0,-2.0,-47.0
1776886797.1671028,2.0,-4.0,-47.0
1776886797.1771028,-1.0,-8.0,-42.0
1776886797.1871028,-1.0,-7.0,-37.0
1776886797.1971028,-3.0,-7.0,-38.0
1776886797.2071028,0.0,-4.0,-36.0
1776886797.2171028,-1.0,-3.0,-34.0
1776886797.2271028,-4.0,-3.0,-33.0
1776886797.2371027,-2.0,-2.0,-36.0
1776886797.2471027,-2.0,-2.0,-43.0
1776886797.2571027,-3.0,0.0,-43.0
1776886797.2671027,0.0,-3.0,-39.0
1776886797.2771027,7.0,-4.0,-43.0
1776886797.2871027,6.0,-4.0,-34.0
1776886797.2971027,0.0,-2.0,-36.0
1776886797.307103,3.0,1.0,-37.0
1776886797.317103,6.0,1.0,-40.0
1776886797.327103,7.0,2.0,-48.0
1776886797.337103,11.0,-1.0,-42.0
1776886797.3471026,7.0,-3.0,-45.0
1776886797.3571026,6.0,-2.0,-38.0
1776886797.3671026,7.0,0.0,-38.0
1776886797.3771029,5.0,0.0,-41.0
1776886797.3871028,2.0,1.0,-43.0
1776886797.3971028,4.0,2.0,-46.0
1776886797.4071028,6.0,5.0,-49.0
1776886797.4171028,8.0,5.0,-49.0
1776886797.4271028,2.0,4.0,-45.0
1776886797.4371028,2.0,2.0,-46.0
1776886797.4471028,1.0,1.0,-43.0
1776886797.4571028,4.0,0.0,-51.0
1776886797.4671028,3.0,-2.0,-51.0
1776886797.4771028,-4.0,0.0,-53.0
1776886797.4871027,-3.0,1.0,-47.0
1776886797.4971027,-3.0,1.0,-37.0
1776886797.5071027,0.0,0.0,-37.0
1776886797.5171027,3.0,3.0,-40.0
1776886797.5271027,2.0,-1.0,-41.0
1776886797.5371027,0.0,-5.0,-45.0
1776886797.5471027,0.0,1.0,-43.0
1776886797.557103,0.0,2.0,-48.0
1776886797.567103,0.0,4.0,-42.0
1776886797.577103,0.0,3.0,-40.0
1776886797.587103,0.0,3.0,-40.0
1776886797.5971026,2.0,3.0,-33.0
1776886797.6071026,3.0,5.0,-32.0
1776886797.6171026,5.0,2.0,-33.0
1776886797.6271029,1.0,5.0,-40.0
1776886797.6371028,3.0,4.0,-40.0
1776886797.6471028,-1.0,0.0,-43.0
1776886797.6571028,0.0,2.0,-40.0
1776886797.6671028,4.0,4.0,-34.0
1776886797.6771028,5.0,0.0,-34.0
1776886797.6871028,3.0,-1.0,-32.0
1776886797.6971028,-1.0,-1.0,-32.0
1776886797.7071028,-1.0,-4.0,-32.0
1776886797.7171028,-1.0,-4.0,-29.0
1776886797.7271028,0.0,-5.0,-33.0
1776886797.7371027,0.0,-2.0,-38.0
1776886797.7471027,0.0,0.0,-33.0
1776886797.7571027,6.0,-3.0,-26.0
1776886797.7671027,8.0,-3.0,-26.0
1776886797.7771027,9.0,-3.0,-33.0
1776886797.7871027,4.0,-2.0,-32.0
1776886797.7971027,6.0,2.0,-29.0
1776886797.807103,8.0,1.0,-26.0
1776886797.817103,1.0,7.0,-31.0
1776886797.827103,-3.0,5.0,-30.0
1776886797.837103,-3.0,1.0,-30.0
1776886797.8471026,-1.0,3.0,-29.0
1776886797.8571026,0.0,-1.0,-30.0
1776886797.8671026,1.0,-5.0,-39.0
1776886797.8771029,0.0,-6.0,-51.0
1776886797.8871028,-3.0,-2.0,-45.0
1776886797.8971028,-1.0,1.0,-42.0
1776886797.9071028,-4.0,2.0,-41.0
1776886797.9171028,0.0,3.0,-39.0
1776886797.9271028,-3.0,2.0,-42.0
1776886797.9371028,-5.0,0.0,-48.0
1776886797.9471028,-2.0,-1.0,-45.0
1776886797.9571028,-1.0,-1.0,-40.0
1776886797.9671028,-2.0,0.0,-36.0
1776886797.9771028,3.0,0.0,-28.0
1776886797.9871027,3.0,1.0,-25.0
1776886797.9971027,3.0,4.0,-24.0
1776886798.0071027,8.0,3.0,-29.0
1776886798.0171027,7.0,4.0,-41.0
1776886798.0271027,5.0,6.0,-39.0
1776886798.0371027,4.0,2.0,-39.0
1776886798.0471027,-1.0,0.0,-41.0
1776886798.057103,1.0,-1.0,-37.0
1776886798.067103,-2.0,-1.0,-35.0
1776886798.077103,-1.0,-1.0,-41.0
1776886798.087103,-4.0,-1.0,-49.0
1776886798.0971026,-6.0,2.0,-45.0
1776886798.1071026,-3.0,0.0,-42.0
1776886798.1171026,1.0,-1.0,-37.0
1776886798.1271029,3.0,-2.0,-31.0
1776886798.1371028,7.0,-4.0,-24.0
1776886798.1471028,5.0,-2.0,-21.0
1776886798.1571028,6.0,-3.0,-26.0
1776886798.1671028,10.0,-8.0,-27.0
1776886798.1771028,7.0,-10.0,-32.0
1776886798.1871028,5.0,-8.0,-35.0
1776886798.1971028,1.0,-8.0,-34.0
1776886798.2071028,3.0,-6.0,-29.0
1776886798.2171028,1.0,-7.0,-28.0
1776886798.2271028,0.0,-6.0,-27.0
1776886798.2371027,1.0,-5.0,-25.0
1776886798.2471027,-2.0,-8.0,-26.0
1776886798.2571027,-2.0,-9.0,-34.0
1776886798.2671027,-3.0,-8.0,-35.0
1776886798.2771027,-3.0,-9.0,-32.0
1776886798.2871027,-3.0,-6.0,-35.0
1776886798.2971027,-5.0,-4.0,-34.0
1776886798.307103,-1.0,-6.0,-34.0
1776886798.317103,0.0,-5.0,-39.0
1776886798.327103,2.0,-3.0,-45.0
1776886798.337103,4.0,2.0,-46.0
1776886798.3471026,3.0,0.0,-42.0
1776886798.3571026,0.0,-2.0,-37.0
1776886798.3681028,0.0,-1.0,-38.0
1776886798.3771029,4.0,0.0,-40.0
1776886798.3881028,6.0,-1.0,-40.0
1776886798.3981028,7.0,1.0,-45.0
1776886798.4081028,6.0,4.0,-49.0
1776886798.4181027,0.0,5.0,-41.0
1776886798.4281027,0.0,0.0,-40.0
1776886798.4381027,-4.0,-2.0,-42.0
1776886798.4481027,-2.0,-4.0,-43.0
1776886798.4581027,-3.0,-2.0,-38.0
1776886798.4681027,0.0,0.0,-37.0
1776886798.4781027,0.0,1.0,-35.0
1776886798.488103,0.0,-1.0,-30.0
1776886798.498103,5.0,0.0,-32.0
1776886798.508103,4.0,0.0,-32.0
1776886798.5181026,1.0,-2.0,-39.0
1776886798.5281026,4.0,-3.0,-44.0
1776886798.5381026,4.0,-1.0,-48.0
1776886798.5481029,3.0,0.0,-40.0
1776886798.5581028,10.0,2.0,-37.0
1776886798.5681028,9.0,1.0,-40.0
1776886798.5781028,9.0,4.0,-46.0
1776886798.5881028,11.0,3.0,-40.0
1776886798.5981028,10.0,1.0,-43.0
1776886798.6081028,10.0,-3.0,-44.0
1776886798.6181028,5.0,-3.0,-45.0
1776886798.6281028,0.0,-5.0,-48.0
1776886798.6381028,-3.0,-7.0,-54.0
1776886798.6481028,-3.0,-6.0,-51.0
1776886798.6581028,-3.0,-4.0,-49.0
1776886798.6681027,-3.0,-5.0,-41.0
1776886798.6781027,-6.0,-3.0,-38.0
1776886798.6881027,-5.0,-2.0,-32.0
1776886798.6981027,0.0,-1.0,-32.0
1776886798.7081027,0.0,1.0,-37.0
1776886798.7181027,-2.0,0.0,-44.0
1776886798.7281027,1.0,0.0,-46.0
1776886798.738103,3.0,0.0,-49.0
1776886798.748103,6.0,-3.0,-51.0
1776886798.758103,4.0,-3.0,-42.0
1776886798.7681026,-1.0,0.0,-44.0
1776886798.7781026,0.0,0.0,-43.0
1776886798.7881026,2.0,2.0,-43.0
1776886798.7981029,1.0,2.0,-42.0
1776886798.8081028,4.0,1.0,-43.0
1776886798.8181028,7.0,-7.0,-35.0
1776886798.8281028,8.0,-9.0,-36.0
1776886798.8381028,6.0,-5.0,-38.0
1776886798.8481028,7.0,-7.0,-39.0
1776886798.8581028,11.0,-5.0,-37.0
1776886798.8681028,6.0,-6.0,-40.0
1776886798.8781028,2.0,-3.0,-40.0
1776886798.8881028,4.0,-6.0,-42.0
1776886798.8981028,4.0,0.0,-45.0
1776886798.9081028,3.0,-1.0,-39.0
1776886798.9181027,4.0,-2.0,-33.0
1776886798.9281027,4.0,0.0,-30.0
1776886798.9381027,2.0,0.0,-32.0
1776886798.9481027,2.0,-1.0,-34.0
1776886798.9581027,7.0,0.0,-31.0
1776886798.9681027,5.0,1.0,-27.0
1776886798.9781027,3.0,0.0,-29.0
1776886798.988103,8.0,-2.0,-34.0
1776886798.998103,8.0,0.0,-29.0
1776886799.008103,5.0,0.0,-31.0
1776886799.0181026,2.0,-2.0,-29.0
1776886799.0281026,4.0,0.0,-27.0
1776886799.0381026,4.0,-1.0,-30.0
1776886799.0481029,3.0,-1.0,-32.0
1776886799.0581028,2.0,1.0,-30.0
1776886799.0681028,2.0,0.0,-38.0
1776886799.0781028,5.0,0.0,-36.0
1776886799.0881028,10.0,0.0,-31.0
1776886799.0981028,6.0,2.0,-29.0
1776886799.1081028,2.0,2.0,-31.0
1776886799.1181028,1.0,1.0,-30.0
1776886799.1281028,5.0,0.0,-32.0
1776886799.1381028,7.0,-1.0,-37.0
1776886799.1481028,1.0,-1.0,-35.0
1776886799.1581028,1.0,-2.0,-39.0
1776886799.1681027,0.0,-3.0,-40.0
1776886799.1781027,0.0,-5.0,-38.0
1776886799.1881027,2.0,-4.0,-30.0
1776886799.1981027,0.0,-2.0,-34.0
1776886799.2081027,-1.0,2.0,-34.0
1776886799.2181027,-2.0,0.0,-38.0
1776886799.2281027,-1.0,1.0,-39.0
1776886799.238103,-1.0,-2.0,-38.0
1776886799.248103,0.0,-3.0,-35.0
1776886799.258103,0.0,-2.0,-33.0
1776886799.2681026,0.0,-4.0,-34.0
1776886799.2781026,5.0,-7.0,-44.0
1776886799.2881026,7.0,-8.0,-48.0
1776886799.2981029,5.0,-6.0,-50.0
1776886799.3081028,0.0,-4.0,-47.0
1776886799.3181028,1.0,-6.0,-44.0
1776886799.3281028,0.0,-6.0,-43.0
1776886799.3381028,1.0,-1.0,-46.0
1776886799.3481028,2.0,-2.0,-41.0
1776886799.3581028,-1.0,-2.0,-35.0
1776886799.3681028,0.0,-6.0,-42.0
1776886799.3781028,-2.0,-6.0,-43.0
1776886799.3881028,1.0,-4.0,-44.0
1776886799.3981028,0.0,1.0,-47.0
1776886799.4081028,-4.0,3.0,-40.0
1776886799.4181027,-7.0,2.0,-43.0
1776886799.4281027,-7.0,-1.0,-44.0
1776886799.4381027,-5.0,0.0,-43.0
1776886799.4481027,-2.0,-1.0,-47.0
1776886799.4581027,-4.0,0.0,-48.0
1776886799.4681027,-3.0,-1.0,-44.0
1776886799.4781027,-4.0,-3.0,-47.0
1776886799.488103,-4.0,-3.0,-38.0
1776886799.4991028,-4.0,-1.0,-32.0
1776886799.508103,-3.0,2.0,-34.0
1776886799.5181026,-3.0,3.0,-38.0
1776886799.5281026,-2.0,2.0,-37.0
1776886799.5381026,0.0,1.0,-33.0
1776886799.5481029,-2.0,-3.0,-30.0
1776886799.5581028,-3.0,-6.0,-29.0
1776886799.5681028,-5.0,-3.0,-34.0
1776886799.5781028,-5.0,-4.0,-39.0
1776886799.5881028,-1.0,-1.0,-38.0
1776886799.5981028,0.0,-1.0,-42.0
1776886799.6081028,0.0,1.0,-47.0
1776886799.6181028,-1.0,4.0,-48.0
1776886799.6281028,0.0,2.0,-45.0
1776886799.6381028,0.0,1.0,-43.0
1776886799.6481028,3.0,3.0,-42.0
1776886799.6581028,5.0,5.0,-42.0
1776886799.6681027,7.0,3.0,-42.0
1776886799.6781027,5.0,-1.0,-53.0
1776886799.6881027,-1.0,-1.0,-50.0
1776886799.6981027,1.0,-3.0,-46.0
1776886799.7081027,1.0,-5.0,-45.0
1776886799.7181027,-4.0,-4.0,-44.0
1776886799.7281027,-4.0,-6.0,-42.0
1776886799.738103,0.0,-5.0,-39.0
1776886799.748103,0.0,-5.0,-36.0
1776886799.758103,-3.0,-2.0,-45.0
1776886799.7681026,-2.0,-1.0,-41.0
1776886799.7781026,2.0,-1.0,-44.0
1776886799.7881026,3.0,-6.0,-48.0
1776886799.7981029,4.0,-10.0,-50.0
1776886799.8081028,7.0,-7.0,-47.0
1776886799.8181028,7.0,-3.0,-43.0
1776886799.8281028,5.0,0.0,-41.0
1776886799.8381028,2.0,1.0,-36.0
1776886799.8481028,0.0,4.0,-35.0
1776886799.8581028,1.0,6.0,-27.0
1776886799.8681028,2.0,7.0,-29.0
1776886799.8781028,3.0,6.0,-35.0
1776886799.8881028,4.0,5.0,-32.0
1776886799.8981028,4.0,5.0,-32.0
1776886799.9081028,4.0,2.0,-31.0
1776886799.9181027,4.0,0.0,-31.0
1776886799.9281027,5.0,0.0,-33.0
1776886799.9381027,4.0,1.0,-31.0
1776886799.9481027,5.0,-1.0,-34.0
1776886799.9581027,5.0,-2.0,-35.0
1776886799.9681027,10.0,-2.0,-45.0
1776886799.9781027,10.0,-6.0,-40.0
1776886799.988103,10.0,-8.0,-40.0
1776886799.998103,10.0,-7.0,-40.0
1776886800.008103,6.0,-11.0,-44.0
1776886800.0181026,9.0,-8.0,-41.0
1776886800.0281026,7.0,-4.0,-39.0
1776886800.0381026,4.0,-5.0,-36.0
1776886800.0481029,3.0,-5.0,-41.0
1776886800.0581028,2.0,-3.0,-40.0
1776886800.0681028,0.0,-2.0,-43.0
1776886800.0781028,0.0,-3.0,-44.0
1776886800.0881028,-2.0,0.0,-43.0
1776886800.0981028,-3.0,3.0,-40.0
1776886800.1081028,-3.0,1.0,-36.0
1776886800.1181028,-1.0,2.0,-46.0
1776886800.1281028,0.0,3.0,-44.0
1776886800.1381028,-4.0,4.0,-41.0
1776886800.1481028,-3.0,1.0,-40.0
1776886800.1581028,-10.0,1.0,-39.0
1776886800.1681027,-10.0,-1.0,-41.0
1776886800.1781027,-7.0,0.0,-44.0
1776886800.1881027,-6.0,1.0,-44.0
1776886800.1981027,-3.0,0.0,-38.0
1776886800.2081027,-4.0,2.0,-36.0
1776886800.2181027,-3.0,0.0,-33.0
1776886800.2281027,0.0,0.0,-34.0
1776886800.238103,0.0,0.0,-35.0
1776886800.248103,2.0,-1.0,-34.0
1776886800.258103,5.0,0.0,-35.0
1776886800.2681026,2.0,2.0,-33.0
1776886800.2781026,3.0,2.0,-37.0
1776886800.2881026,2.0,0.0,-44.0
1776886800.2981029,0.0,-3.0,-43.0
1776886800.3081028,4.0,-1.0,-39.0
1776886800.3181028,-2.0,-2.0,-39.0
1776886800.3281028,-4.0,-1.0,-36.0
1776886800.3381028,-3.0,2.0,-31.0
1776886800.3481028,-1.0,0.0,-33.0
1776886800.3591027,0.0,3.0,-33.0
1776886800.3691027,0.0,0.0,-31.0
1776886800.3791027,-1.0,2.0,-27.0
1776886800.3881028,0.0,5.0,-24.0
1776886800.3991027,2.0,3.0,-24.0
1776886800.409103,2.0,3.0,-29.0
1776886800.419103,3.0,8.0,-27.0
1776886800.429103,0.0,9.0,-30.0
1776886800.4391026,2.0,6.0,-30.0
1776886800.4491026,5.0,2.0,-32.0
1776886800.4591026,7.0,0.0,-36.0
1776886800.4691026,10.0,1.0,-41.0
1776886800.4791028,11.0,-1.0,-38.0
1776886800.4891028,7.0,-3.0,-35.0
1776886800.4991028,4.0,-6.0,-32.0
1776886800.5091028,0.0,-6.0,-36.0
1776886800.5191028,0.0,-5.0,-36.0
1776886800.5291028,0.0,-4.0,-37.0
1776886800.5391028,1.0,0.0,-37.0
1776886800.5491028,1.0,0.0,-38.0
1776886800.5591028,-4.0,0.0,-38.0
1776886800.5691028,-4.0,-5.0,-43.0
1776886800.5791028,-3.0,-8.0,-49.0
1776886800.5891027,0.0,-9.0,-54.0
1776886800.5991027,0.0,-5.0,-49.0
1776886800.6091027,1.0,-3.0,-46.0
1776886800.6191027,-1.0,-1.0,-44.0
1776886800.6291027,2.0,-5.0,-47.0
1776886800.6391027,3.0,-2.0,-45.0
1776886800.6491027,-1.0,1.0,-48.0
1776886800.659103,-4.0,-1.0,-48.0
1776886800.669103,-4.0,-1.0,-51.0
1776886800.679103,-8.0,0.0,-51.0
1776886800.6891026,-2.0,5.0,-44.0
1776886800.6991026,2.0,5.0,-45.0
1776886800.7091026,3.0,4.0,-43.0
1776886800.7191026,0.0,1.0,-48.0
1776886800.7291028,2.0,1.0,-50.0
1776886800.7391028,1.0,0.0,-57.0
1776886800.7491028,-1.0,0.0,-52.0
1776886800.7591028,-1.0,0.0,-41.0
1776886800.7691028,0.0,-1.0,-38.0
1776886800.7791028,2.0,-3.0,-33.0
1776886800.7891028,3.0,0.0,-36.0
1776886800.7991028,0.0,2.0,-41.0
1776886800.8091028,-2.0,1.0,-37.0
1776886800.8191028,3.0,-1.0,-44.0
1776886800.8291028,5.0,0.0,-41.0
1776886800.8391027,6.0,-2.0,-41.0
1776886800.8491027,6.0,-4.0,-47.0
1776886800.8591027,5.0,0.0,-38.0
1776886800.8691027,8.0,1.0,-34.0
1776886800.8791027,8.0,-2.0,-32.0
1776886800.8891027,7.0,-1.0,-30.0
1776886800.8991027,6.0,2.0,-36.0
1776886800.909103,0.0,4.0,-37.0
1776886800.919103,3.0,3.0,-39.0
1776886800.929103,0.0,1.0,-31.0
1776886800.9391026,-2.0,2.0,-30.0
1776886800.9491026,-3.0,1.0,-37.0
1776886800.9591026,0.0,7.0,-33.0
1776886800.9691026,0.0,8.0,-29.0
1776886800.9791028,2.0,9.0,-34.0
1776886800.9891028,0.0,6.0,-35.0
1776886800.9991028,-2.0,5.0,-36.0
1776886801.0091028,0.0,4.0,-30.0
1776886801.0191028,2.0,4.0,-35.0
1776886801.0291028,4.0,2.0,-37.0
1776886801.0391028,1.0,2.0,-41.0
1776886801.0491028,5.0,1.0,-46.0
1776886801.0591028,5.0,0.0,-42.0
1776886801.0691028,7.0,0.0,-39.0
1776886801.0791028,4.0,-1.0,-36.0
1776886801.0891027,7.0,3.0,-38.0
1776886801.0991027,7.0,5.0,-42.0
1776886801.1091027,9.0,5.0,-38.0
1776886801.1191027,8.0,2.0,-36.0
1776886801.1291027,9.0,2.0,-38.0
1776886801.1391027,9.0,2.0,-36.0
1776886801.1491027,10.0,-2.0,-37.0
1776886801.159103,8.0,-3.0,-37.0
1776886801.169103,8.0,-3.0,-34.0
1776886801.179103,11.0,-2.0,-34.0
1776886801.1891026,13.0,-4.0,-32.0
1776886801.1991026,14.0,-7.0,-28.0
1776886801.2091026,11.0,-4.0,-34.0
1776886801.2191026,7.0,-3.0,-35.0
1776886801.2291028,6.0,-3.0,-38.0
1776886801.2391028,7.0,-3.0,-43.0
1776886801.2491028,8.0,-5.0,-44.0
1776886801.2591028,8.0,-8.0,-41.0
1776886801.2691028,8.0,-8.0,-36.0
1776886801.2791028,6.0,-8.0,-38.0
1776886801.2891028,6.0,-3.0,-38.0
1776886801.2991028,1.0,0.0,-35.0
1776886801.3091028,-4.0,-2.0,-33.0
1776886801.3191028,-7.0,-8.0,-38.0
1776886801.3291028,-9.0,-7.0,-35.0
1776886801.3391027,-7.0,-7.0,-28.0
1776886801.3491027,-6.0,-10.0,-28.0
1776886801.3591027,-4.0,-8.0,-32.0
1776886801.3691027,0.0,-3.0,-30.0
1776886801.3791027,3.0,-1.0,-34.0
1776886801.3891027,4.0,-3.0,-31.0
1776886801.3991027,2.0,-1.0,-33.0
1776886801.409103,4.0,-3.0,-30.0
1776886801.419103,4.0,-4.0,-36.0
1776886801.429103,4.0,-9.0,-37.0
1776886801.4391026,3.0,-12.0,-36.0
1776886801.4491026,2.0,-10.0,-46.0
1776886801.4591026,1.0,-11.0,-47.0
1776886801.4691026,0.0,-11.0,-44.0
1776886801.4791028,2.0,-11.0,-38.0
1776886801.4891028,7.0,-10.0,-37.0
1776886801.4991028,3.0,-6.0,-41.0
1776886801.5091028,3.0,0.0,-43.0
1776886801.5191028,6.0,0.0,-37.0
1776886801.5291028,8.0,2.0,-44.0
1776886801.5391028,10.0,7.0,-45.0
1776886801.5491028,7.0,4.0,-41.0
1776886801.5591028,7.0,3.0,-45.0
1776886801.5691028,7.0,2.0,-52.0
1776886801.5791028,6.0,-1.0,-59.0
1776886801.5891027,3.0,0.0,-62.0
1776886801.5991027,1.0,4.0,-60.0
1776886801.6091027,-3.0,2.0,-61.0
1776886801.6191027,-2.0,2.0,-55.0
1776886801.6291027,-8.0,4.0,-49.0
1776886801.6391027,-12.0,4.0,-42.0
1776886801.6491027,-11.0,5.0,-33.0
1776886801.659103,-12.0,2.0,-31.0
1776886801.669103,-11.0,5.0,-36.0
1776886801.679103,-5.0,-1.0,-38.0
1776886801.6891026,-1.0,-1.0,-40.0
1776886801.6991026,-4.0,-1.0,-41.0
1776886801.7091026,-7.0,-2.0,-38.0
1776886801.7191026,-2.0,0.0,-37.0
1776886801.7291028,-1.0,1.0,-42.0
1776886801.7391028,1.0,4.0,-45.0
1776886801.7491028,-2.0,2.0,-48.0
1776886801.7591028,0.0,1.0,-43.0
1776886801.7691028,-4.0,1.0,-39.0
1776886801.7791028,-6.0,2.0,-32.0
1776886801.7891028,-4.0,1.0,-31.0
1776886801.7991028,-4.0,-2.0,-31.0
1776886801.8091028,-2.0,-3.0,-29.0
1776886801.8191028,0.0,-2.0,-33.0
1776886801.8291028,2.0,0.0,-34.0
1776886801.8391027,0.0,0.0,-39.0
1776886801.8491027,4.0,-1.0,-43.0
1776886801.8591027,0.0,-2.0,-49.0
1776886801.8691027,2.0,0.0,-46.0
1776886801.8791027,4.0,-2.0,-45.0
1776886801.8891027,1.0,-1.0,-44.0
1776886801.8991027,5.0,-3.0,-43.0
1776886801.909103,4.0,-3.0,-40.0
1776886801.919103,8.0,0.0,-37.0
1776886801.929103,3.0,2.0,-32.0
1776886801.9391026,4.0,0.0,-38.0
1776886801.9491026,5.0,0.0,-39.0
1776886801.9591026,2.0,0.0,-35.0
1776886801.9691026,0.0,0.0,-31.0
1776886801.9791028,0.0,-1.0,-32.0
1776886801.9891028,4.0,1.0,-36.0
1776886801.9991028,1.0,-2.0,-32.0
1776886802.0091028,-1.0,-3.0,-42.0
1776886802.0191028,-3.0,-3.0,-43.0
1776886802.0291028,0.0,-3.0,-44.0
1776886802.0391028,3.0,-5.0,-42.0
1776886802.0491028,0.0,-7.0,-42.0
1776886802.0591028,3.0,-7.0,-34.0
1776886802.0691028,1.0,-5.0,-36.0
1776886802.0791028,1.0,-4.0,-36.0
1776886802.0891027,2.0,-2.0,-26.0
1776886802.0991027,2.0,0.0,-31.0
1776886802.1091027,1.0,3.0,-37.0
1776886802.1191027,-1.0,4.0,-34.0
1776886802.1291027,0.0,1.0,-37.0
1776886802.1391027,0.0,0.0,-31.0
1776886802.1491027,-2.0,2.0,-29.0
1776886802.159103,-5.0,0.0,-29.0
1776886802.169103,0.0,-3.0,-31.0
1776886802.179103,0.0,-6.0,-37.0
1776886802.1891026,0.0,-4.0,-41.0
1776886802.1991026,0.0,-3.0,-32.0
1776886802.2091026,0.0,-8.0,-30.0
1776886802.2191026,-1.0,-5.0,-33.0
1776886802.2291028,-4.0,-3.0,-42.0
1776886802.2391028,-4.0,-4.0,-40.0
1776886802.2491028,-7.0,-2.0,-33.0
1776886802.2591028,-4.0,-6.0,-29.0
1776886802.2691028,-3.0,-1.0,-31.0
1776886802.2791028,0.0,-3.0,-27.0
1776886802.2891028,1.0,1.0,-22.0
1776886802.2991028,5.0,0.0,-28.0
1776886802.3091028,3.0,-4.0,-35.0
1776886802.3191028,6.0,-2.0,-38.0
1776886802.3291028,1.0,-8.0,-35.0
1776886802.3391027,0.0,-4.0,-34.0
1776886802.3491027,0.0,-4.0,-35.0
1776886802.360103,0.0,-3.0,-34.0
1776886802.3701026,-1.0,-6.0,-34.0
1776886802.3801026,-2.0,-3.0,-45.0
1776886802.3901026,0.0,-3.0,-42.0
1776886802.4001029,2.0,1.0,-36.0
1776886802.4101028,2.0,1.0,-36.0
1776886802.4201028,-1.0,1.0,-39.0
1776886802.4301028,1.0,4.0,-37.0
1776886802.4401028,5.0,2.0,-34.0
1776886802.4501028,4.0,0.0,-38.0
1776886802.4601028,0.0,2.0,-39.0
1776886802.4701028,2.0,2.0,-41.0
1776886802.4801028,0.0,-2.0,-41.0
1776886802.4901028,6.0,-3.0,-35.0
1776886802.5001028,0.0,0.0,-37.0
1776886802.5101027,2.0,2.0,-37.0
1776886802.5201027,-3.0,0.0,-36.0
1776886802.5301027,-1.0,0.0,-36.0
1776886802.5401027,2.0,-2.0,-48.0
1776886802.5501027,2.0,-4.0,-46.0
1776886802.5601027,4.0,-2.0,-51.0
1776886802.5701027,1.0,0.0,-52.0
1776886802.5801027,3.0,2.0,-45.0
1776886802.590103,0.0,-3.0,-42.0
1776886802.600103,-4.0,-3.0,-44.0
1776886802.610103,-2.0,-2.0,-43.0
1776886802.6201026,-1.0,-5.0,-35.0
1776886802.6301026,0.0,-2.0,-34.0
1776886802.6401026,2.0,-4.0,-32.0
1776886802.6501029,3.0,-4.0,-31.0
1776886802.6601028,7.0,-5.0,-26.0
1776886802.6701028,5.0,-2.0,-32.0
1776886802.6801028,8.0,-1.0,-39.0
1776886802.6901028,9.0,-3.0,-41.0
1776886802.7001028,5.0,-9.0,-45.0
1776886802.7101028,6.0,-9.0,-46.0
1776886802.7201028,6.0,-5.0,-47.0
1776886802.7301028,5.0,-5.0,-49.0
1776886802.7401028,5.0,-2.0,-46.0
1776886802.7501028,6.0,0.0,-46.0
1776886802.7601027,8.0,0.0,-44.0
1776886802.7701027,8.0,2.0,-40.0
1776886802.7801027,7.0,0.0,-44.0
1776886802.7901027,10.0,-5.0,-53.0
1776886802.8001027,4.0,-3.0,-51.0
1776886802.8101027,3.0,-8.0,-45.0
1776886802.8201027,1.0,-10.0,-50.0
1776886802.8301027,2.0,-7.0,-49.0
1776886802.840103,0.0,-3.0,-51.0
1776886802.850103,-2.0,-5.0,-41.0
1776886802.860103,-2.0,-7.0,-43.0
1776886802.8701026,-1.0,-10.0,-42.0
1776886802.8801026,0.0,-8.0,-36.0
1776886802.8901026,-1.0,-7.0,-38.0
1776886802.9001029,1.0,-7.0,-44.0
1776886802.9101028,0.0,-4.0,-41.0
1776886802.9201028,-3.0,-2.0,-43.0
1776886802.9301028,-3.0,-1.0,-40.0
1776886802.9401028,-3.0,0.0,-35.0
1776886802.9501028,-3.0,-1.0,-37.0
1776886802.9601028,-8.0,-3.0,-37.0
1776886802.9701028,-3.0,-1.0,-44.0
1776886802.9801028,-6.0,0.0,-51.0
1776886802.9901028,-6.0,0.0,-52.0
1776886803.0001028,-4.0,0.0,-46.0
1776886803.0101027,-3.0,-3.0,-45.0
1776886803.0201027,2.0,-7.0,-48.0
1776886803.0301027,1.0,-7.0,-45.0
1776886803.0401027,-2.0,-6.0,-46.0
1776886803.0501027,-3.0,-1.0,-48.0
1776886803.0601027,2.0,-1.0,-42.0
1776886803.0701027,4.0,-1.0,-43.0
1776886803.0801027,5.0,-3.0,-43.0
1776886803.090103,0.0,-4.0,-51.0
1776886803.100103,0.0,-4.0,-46.0
1776886803.110103,0.0,-4.0,-44.0
1776886803.1201026,0.0,-2.0,-44.0
1776886803.1301026,2.0,-7.0,-44.0
1776886803.1401026,6.0,-11.0,-40.0
1776886803.1501029,7.0,-10.0,-43.0
1776886803.1601028,4.0,-8.0,-39.0
1776886803.1701028,1.0,0.0,-36.0
1776886803.1801028,1.0,0.0,-33.0
1776886803.1901028,0.0,-2.0,-25.0
1776886803.2001028,4.0,0.0,-26.0
1776886803.2101028,5.0,2.0,-36.0
1776886803.2201028,5.0,7.0,-36.0
1776886803.2301028,8.0,5.0,-41.0
1776886803.2401028,3.0,1.0,-46.0
1776886803.2501028,1.0,0.0,-44.0
1776886803.2601027,4.0,0.0,-49.0
1776886803.2701027,4.0,-1.0,-54.0
1776886803.2801027,0.0,-2.0,-46.0
1776886803.2901027,-1.0,0.0,-45.0
1776886803.3001027,0.0,1.0,-44.0
1776886803.3101027,0.0,0.0,-37.0
1776886803.3201027,2.0,0.0,-43.0
1776886803.3301027,5.0,-3.0,-37.0
1776886803.340103,2.0,0.0,-33.0
1776886803.350103,-3.0,4.0,-30.0
1776886803.360103,-6.0,6.0,-30.0
1776886803.3701026,-2.0,3.0,-33.0
1776886803.3801026,0.0,-2.0,-29.0
1776886803.3901026,1.0,-2.0,-34.0
1776886803.4001029,0.0,-9.0,-36.0
1776886803.4101028,1.0,-5.0,-38.0
1776886803.4201028,0.0,-7.0,-35.0
1776886803.4301028,-2.0,-2.0,-32.0
1776886803.4401028,-5.0,-2.0,-33.0
1776886803.4501028,-1.0,-1.0,-36.0
1776886803.4601028,2.0,0.0,-34.0
1776886803.4701028,-1.0,0.0,-34.0
1776886803.4801028,0.0,-2.0,-39.0
1776886803.4901028,3.0,-1.0,-37.0
1776886803.5001028,8.0,-2.0,-38.0
1776886803.5101027,2.0,0.0,-40.0
1776886803.5201027,3.0,1.0,-41.0
1776886803.5301027,2.0,0.0,-38.0
1776886803.5401027,5.0,-5.0,-35.0
1776886803.5501027,3.0,-3.0,-37.0
1776886803.5601027,0.0,0.0,-36.0
1776886803.5701027,-5.0,-3.0,-30.0
1776886803.5801027,-6.0,-3.0,-26.0
1776886803.590103,-8.0,0.0,-28.0
1776886803.600103,-9.0,1.0,-38.0
1776886803.610103,-2.0,0.0,-45.0
1776886803.6201026,0.0,0.0,-47.0
1776886803.6301026,0.0,0.0,-40.0
1776886803.6401026,0.0,0.0,-36.0
1776886803.6501029,-2.0,0.0,-40.0
1776886803.6601028,0.0,3.0,-38.0
1776886803.6701028,-1.0,1.0,-36.0
1776886803.6801028,0.0,-1.0,-30.0
1776886803.6901028,-1.0,1.0,-32.0
1776886803.7001028,-2.0,-1.0,-30.0
1776886803.7101028,0.0,-2.0,-33.0
1776886803.7201028,-3.0,-2.0,-41.0
1776886803.7301028,-4.0,0.0,-47.0
1776886803.7401028,0.0,1.0,-50.0
1776886803.7501028,2.0,2.0,-42.0
1776886803.7601027,4.0,2.0,-41.0
1776886803.7701027,6.0,4.0,-39.0
1776886803.7801027,2.0,3.0,-35.0
1776886803.7901027,5.0,3.0,-32.0
1776886803.8001027,9.0,5.0,-30.0
1776886803.8101027,10.0,6.0,-36.0
1776886803.8201027,5.0,0.0,-34.0
1776886803.8301027,3.0,-3.0,-35.0
1776886803.840103,1.0,-3.0,-40.0
1776886803.850103,3.0,1.0,-44.0
1776886803.860103,4.0,0.0,-45.0
1776886803.8701026,2.0,0.0,-40.0
1776886803.8801026,3.0,0.0,-41.0
1776886803.8901026,3.0,0.0,-42.0
1776886803.9001029,0.0,-2.0,-41.0
1776886803.9101028,-5.0,-3.0,-41.0
1776886803.9201028,-1.0,-1.0,-38.0
1776886803.9301028,-1.0,1.0,-36.0
1776886803.9401028,-2.0,0.0,-31.0
1776886803.9501028,0.0,0.0,-26.0
1776886803.9601028,1.0,-1.0,-28.0
1776886803.9701028,-4.0,2.0,-28.0
1776886803.9801028,-5.0,1.0,-34.0
1776886803.9901028,-9.0,3.0,-38.0
1776886804.0001028,-8.0,1.0,-34.0
1776886804.0101027,-9.0,-2.0,-32.0
1776886804.0201027,-6.0,-1.0,-39.0
1776886804.0301027,-5.0,-1.0,-39.0
1776886804.0401027,-4.0,-1.0,-37.0
1776886804.0501027,-2.0,-2.0,-39.0
1776886804.0601027,0.0,0.0,-36.0
1776886804.0701027,0.0,-3.0,-31.0
1776886804.0801027,0.0,-3.0,-30.0
1776886804.090103,-1.0,-9.0,-27.0
1776886804.100103,-2.0,-6.0,-28.0
1776886804.110103,0.0,-3.0,-29.0
1776886804.1201026,4.0,-6.0,-31.0
1776886804.1301026,5.0,-5.0,-40.0
1776886804.1401026,3.0,-4.0,-41.0
1776886804.1501029,6.0,-4.0,-41.0
1776886804.1601028,4.0,-4.0,-44.0
1776886804.1701028,4.0,-6.0,-47.0
1776886804.1801028,5.0,-7.0,-39.0
1776886804.1901028,4.0,-10.0,-35.0
1776886804.2001028,2.0,-11.0,-35.0
1776886804.2101028,0.0,-6.0,-28.0
1776886804.2201028,0.0,-4.0,-24.0
1776886804.2301028,2.0,-2.0,-23.0
1776886804.2401028,4.0,-1.0,-24.0
1776886804.2501028,2.0,0.0,-26.0
1776886804.2601027,0.0,-2.0,-32.0
1776886804.2701027,3.0,-1.0,-37.0
1776886804.2801027,5.0,-1.0,-32.0
1776886804.2901027,5.0,-1.0,-30.0
1776886804.3001027,6.0,-4.0,-33.0
1776886804.3101027,5.0,-7.0,-36.0
1776886804.3211029,1.0,-9.0,-41.0
1776886804.3311028,-3.0,-8.0,-40.0
1776886804.340103,-3.0,-7.0,-36.0
1776886804.350103,-4.0,-6.0,-45.0
1776886804.3611028,-3.0,-5.0,-38.0
1776886804.3711028,2.0,-9.0,-40.0
1776886804.3811028,8.0,-7.0,-44.0
1776886804.3911028,9.0,-6.0,-50.0
1776886804.4011028,7.0,-4.0,-47.0
1776886804.4111028,8.0,-7.0,-50.0
1776886804.4211028,6.0,-5.0,-51.0
1776886804.4311028,8.0,-5.0,-50.0
1776886804.4411027,5.0,-8.0,-51.0
1776886804.4511027,8.0,-8.0,-58.0
1776886804.4611027,7.0,-6.0,-52.0
1776886804.4711027,5.0,-5.0,-41.0
1776886804.4811027,9.0,-3.0,-33.0
1776886804.4911027,3.0,-2.0,-28.0
1776886804.5011027,4.0,-1.0,-31.0
1776886804.511103,6.0,-3.0,-31.0
1776886804.521103,2.0,-2.0,-35.0
1776886804.531103,3.0,-2.0,-33.0
1776886804.5411026,6.0,-2.0,-27.0
1776886804.5511026,8.0,-1.0,-22.0
1776886804.5611026,7.0,-1.0,-24.0
1776886804.5711029,2.0,-4.0,-26.0
1776886804.5811028,4.0,-5.0,-35.0
1776886804.5911028,7.0,-7.0,-41.0
1776886804.6011028,3.0,-3.0,-36.0
1776886804.6111028,2.0,0.0,-39.0
1776886804.6211028,0.0,1.0,-43.0
1776886804.6311028,-1.0,4.0,-44.0
1776886804.6411028,1.0,2.0,-45.0
1776886804.6511028,-1.0,0.0,-51.0
1776886804.6611028,0.0,-1.0,-54.0
1776886804.6711028,0.0,-1.0,-49.0
1776886804.6811028,2.0,-7.0,-42.0
1776886804.6911027,1.0,-9.0,-43.0
1776886804.7011027,2.0,-9.0,-41.0
1776886804.7111027,0.0,-3.0,-40.0
1776886804.7211027,2.0,-1.0,-41.0
1776886804.7311027,0.0,-2.0,-37.0
1776886804.7411027,-1.0,-5.0,-41.0
1776886804.7511027,0.0,-4.0,-42.0
1776886804.761103,-1.0,-1.0,-43.0
1776886804.771103,1.0,0.0,-43.0
1776886804.781103,0.0,-1.0,-46.0
1776886804.7911026,-1.0,-2.0,-50.0
1776886804.8011026,-4.0,-1.0,-46.0
1776886804.8111026,-6.0,-1.0,-42.0
1776886804.8211029,-4.0,-2.0,-37.0
1776886804.8311028,-6.0,3.0,-40.0
1776886804.8411028,-4.0,6.0,-36.0
1776886804.8511028,-1.0,7.0,-37.0
1776886804.8611028,2.0,4.0,-34.0
1776886804.8711028,7.0,0.0,-33.0
1776886804.8811028,8.0,0.0,-40.0
1776886804.8911028,9.0,-2.0,-40.0
1776886804.9011028,6.0,-5.0,-44.0
1776886804.9111028,2.0,-4.0,-48.0
1776886804.9211028,0.0,0.0,-41.0
1776886804.9311028,0.0,-4.0,-37.0
1776886804.9411027,-2.0,-5.0,-37.0
1776886804.9511027,-4.0,-6.0,-45.0
1776886804.9611027,0.0,-6.0,-48.0
1776886804.9711027,-2.0,-7.0,-51.0
1776886804.9811027,-4.0,-6.0,-41.0
1776886804.9911027,-4.0,-5.0,-40.0
1776886805.0011027,0.0,-4.0,-47.0
1776886805.011103,4.0,-3.0,-38.0
1776886805.021103,6.0,0.0,-39.0
1776886805.031103,4.0,-1.0,-41.0
1776886805.0411026,3.0,-4.0,-37.0
1776886805.0511026,0.0,-2.0,-37.0
1776886805.0611026,2.0,-1.0,-39.0
1776886805.0711029,-1.0,2.0,-34.0
1776886805.0811028,0.0,0.0,-35.0
1776886805.0911028,1.0,0.0,-37.0
1776886805.1011028,2.0,-3.0,-36.0
1776886805.1111028,3.0,-2.0,-37.0
1776886805.1211028,1.0,0.0,-37.0
1776886805.1311028,2.0,0.0,-40.0
1776886805.1411028,5.0,3.0,-37.0
1776886805.1511028,4.0,4.0,-36.0
1776886805.1611028,4.0,2.0,-36.0
1776886805.1711028,2.0,0.0,-32.0
1776886805.1811028,0.0,4.0,-38.0
1776886805.1911027,3.0,2.0,-37.0
1776886805.2011027,1.0,-2.0,-34.0
1776886805.2111027,7.0,-4.0,-37.0
1776886805.2211027,3.0,-4.0,-41.0
1776886805.2311027,2.0,0.0,-45.0
1776886805.2411027,-1.0,0.0,-40.0
1776886805.2511027,1.0,-3.0,-43.0
1776886805.261103,7.0,-2.0,-48.0
1776886805.271103,8.0,0.0,-51.0
1776886805.281103,8.0,0.0,-46.0
1776886805.2911026,7.0,0.0,-40.0
1776886805.3011026,7.0,0.0,-42.0
1776886805.3111026,11.0,2.0,-44.0
1776886805.3211029,5.0,1.0,-46.0
1776886805.3311028,2.0,0.0,-46.0
1776886805.3411028,3.0,-3.0,-43.0
1776886805.3511028,3.0,-2.0,-47.0
1776886805.3611028,1.0,0.0,-46.0
1776886805.3711028,0.0,-1.0,-48.0
1776886805.3811028,-3.0,-1.0,-45.0
1776886805.3911028,-5.0,-1.0,-49.0
1776886805.4011028,0.0,0.0,-46.0
1776886805.4111028,3.0,1.0,-41.0
1776886805.4211028,3.0,4.0,-44.0
1776886805.4311028,0.0,3.0,-49.0
1776886805.4411027,-3.0,2.0,-45.0
1776886805.4511027,-6.0,4.0,-40.0
1776886805.4611027,-7.0,8.0,-35.0
1776886805.4711027,2.0,7.0,-35.0
1776886805.4811027,5.0,5.0,-35.0
1776886805.4911027,8.0,0.0,-35.0
1776886805.5011027,10.0,0.0,-34.0
1776886805.511103,2.0,1.0,-31.0
1776886805.521103,-2.0,0.0,-36.0
1776886805.531103,0.0,-1.0,-31.0
1776886805.5411026,0.0,0.0,-35.0
1776886805.5511026,-1.0,-2.0,-38.0
1776886805.5611026,1.0,-5.0,-47.0
1776886805.5711029,1.0,-2.0,-39.0
1776886805.5811028,0.0,-4.0,-41.0
1776886805.5911028,-3.0,-11.0,-40.0
1776886805.6011028,-2.0,-8.0,-51.0
1776886805.6111028,-4.0,-8.0,-48.0
1776886805.6211028,-5.0,-9.0,-48.0
1776886805.6311028,-6.0,-6.0,-48.0
1776886805.6411028,-3.0,-1.0,-44.0
1776886805.6511028,0.0,0.0,-41.0
1776886805.6611028,3.0,-1.0,-39.0
1776886805.6711028,2.0,0.0,-40.0
1776886805.6811028,0.0,-5.0,-44.0
1776886805.6911027,1.0,-3.0,-43.0
1776886805.7011027,0.0,0.0,-39.0
1776886805.7111027,-1.0,0.0,-36.0
1776886805.7211027,-7.0,-1.0,-33.0
1776886805.7311027,-6.0,0.0,-40.0
1776886805.7411027,-4.0,0.0,-31.0
1776886805.7511027,0.0,2.0,-29.0
1776886805.761103,-1.0,-2.0,-29.0
1776886805.771103,-2.0,-5.0,-28.0
1776886805.781103,-4.0,-7.0,-32.0
1776886805.7911026,0.0,-9.0,-39.0
1776886805.8011026,2.0,-7.0,-41.0
1776886805.8111026,4.0,-5.0,-39.0
1776886805.8211029,4.0,-5.0,-39.0
1776886805.8311028,5.0,-3.0,-41.0
1776886805.8411028,0.0,0.0,-50.0
1776886805.8511028,1.0,0.0,-57.0
1776886805.8611028,-2.0,-1.0,-53.0
1776886805.8711028,-1.0,3.0,-50.0
1776886805.8811028,-5.0,2.0,-45.0
1776886805.8911028,-1.0,0.0,-41.0
1776886805.9011028,2.0,0.0,-38.0
1776886805.9111028,0.0,0.0,-39.0
1776886805.9211028,-3.0,0.0,-37.0
1776886805.9311028,-3.0,-1.0,-41.0
1776886805.9411027,-4.0,-1.0,-35.0
1776886805.9511027,-4.0,0.0,-29.0
1776886805.9611027,-7.0,0.0,-32.0
1776886805.9711027,-7.0,-1.0,-35.0
1776886805.9811027,-1.0,-2.0,-36.0
1776886805.9911027,3.0,0.0,-41.0
1776886806.0011027,-2.0,-1.0,-50.0
1776886806.011103,-10.0,0.0,-45.0
1776886806.021103,-9.0,3.0,-45.0
1776886806.031103,-2.0,0.0,-42.0
1776886806.0411026,0.0,0.0,-44.0
1776886806.0511026,-6.0,0.0,-47.0
1776886806.0611026,-3.0,-1.0,-48.0
1776886806.0711029,0.0,-1.0,-50.0
1776886806.0811028,0.0,-5.0,-50.0
1776886806.0911028,1.0,-10.0,-52.0
1776886806.1011028,5.0,-8.0,-54.0
1776886806.1111028,7.0,-4.0,-58.0
1776886806.1211028,9.0,-5.0,-57.0
1776886806.1311028,10.0,-1.0,-59.0
1776886806.1411028,9.0,-7.0,-51.0
1776886806.1511028,7.0,-5.0,-48.0
1776886806.1611028,4.0,-2.0,-39.0
1776886806.1711028,5.0,0.0,-34.0
1776886806.1811028,4.0,2.0,-30.0
1776886806.1911027,8.0,0.0,-30.0
1776886806.2011027,7.0,-1.0,-24.0
1776886806.2111027,3.0,-3.0,-25.0
1776886806.2211027,5.0,0.0,-31.0
1776886806.2311027,7.0,-1.0,-33.0
1776886806.2411027,5.0,0.0,-31.0
1776886806.2511027,6.0,0.0,-30.0
1776886806.261103,10.0,-1.0,-35.0
1776886806.271103,14.0,-7.0,-35.0
1776886806.281103,12.0,-6.0,-32.0
1776886806.2911026,6.0,-3.0,-35.0
1776886806.3011026,9.0,-5.0,-38.0
1776886806.3111026,4.0,-5.0,-44.0
1776886806.3221028,2.0,-4.0,-46.0
1776886806.3321028,5.0,-5.0,-46.0
1776886806.3421028,2.0,-4.0,-46.0
1776886806.3511028,0.0,-2.0,-44.0
1776886806.3621027,3.0,1.0,-35.0
1776886806.3721027,1.0,5.0,-32.0
1776886806.3821027,-1.0,9.0,-37.0
1776886806.3921027,1.0,9.0,-37.0
1776886806.4021027,-4.0,9.0,-40.0
1776886806.4121027,-6.0,6.0,-36.0
1776886806.4221027,-2.0,3.0,-39.0
1776886806.432103,-1.0,1.0,-36.0
1776886806.442103,2.0,1.0,-35.0
1776886806.452103,0.0,0.0,-36.0
1776886806.462103,-2.0,-4.0,-41.0
1776886806.4721026,-1.0,-4.0,-37.0
1776886806.4821026,-1.0,-2.0,-42.0
1776886806.4921026,-3.0,-3.0,-44.0
1776886806.5021029,-2.0,-5.0,-44.0
1776886806.5121028,-2.0,-4.0,-36.0
1776886806.5221028,-2.0,-6.0,-42.0
1776886806.5321028,-4.0,-5.0,-46.0
1776886806.5421028,2.0,-5.0,-47.0
1776886806.5521028,7.0,-1.0,-44.0
1776886806.5621028,9.0,-3.0,-44.0
1776886806.5721028,5.0,-7.0,-47.0
1776886806.5821028,0.0,-5.0,-46.0
1776886806.5921028,1.0,-6.0,-43.0
1776886806.6021028,2.0,-9.0,-44.0
1776886806.6121027,6.0,-2.0,-46.0
1776886806.6221027,1.0,0.0,-43.0
1776886806.6321027,1.0,-1.0,-39.0
1776886806.6421027,0.0,-2.0,-45.0
1776886806.6521027,0.0,0.0,-42.0
1776886806.6621027,0.0,5.0,-40.0
1776886806.6721027,0.0,0.0,-43.0
1776886806.682103,2.0,-3.0,-41.0
1776886806.692103,5.0,-4.0,-43.0
1776886806.702103,3.0,-4.0,-43.0
1776886806.712103,2.0,-4.0,-38.0
1776886806.7221026,3.0,-8.0,-38.0
1776886806.7321026,7.0,-12.0,-41.0
1776886806.7421026,5.0,-13.0,-47.0
1776886806.7521029,3.0,-12.0,-39.0
1776886806.7621028,3.0,-8.0,-35.0
1776886806.7721028,0.0,-8.0,-35.0
1776886806.7821028,0.0,-5.0,-30.0
1776886806.7921028,0.0,-2.0,-29.0
1776886806.8021028,1.0,-2.0,-30.0
1776886806.8121028,-1.0,-2.0,-34.0
1776886806.8221028,-1.0,0.0,-42.0
1776886806.8321028,1.0,0.0,-46.0
1776886806.8421028,4.0,1.0,-46.0
1776886806.8521028,3.0,0.0,-48.0
1776886806.8621027,0.0,0.0,-42.0
1776886806.8721027,2.0,-1.0,-40.0
1776886806.8821027,9.0,0.0,-43.0
1776886806.8921027,7.0,0.0,-43.0
1776886806.9021027,5.0,0.0,-41.0
1776886806.9121027,4.0,5.0,-42.0
1776886806.9221027,4.0,0.0,-36.0
1776886806.932103,2.0,-2.0,-33.0
1776886806.942103,1.0,-1.0,-37.0
1776886806.952103,-2.0,-5.0,-34.0
1776886806.962103,0.0,-6.0,-37.0
1776886806.9721026,4.0,-6.0,-37.0
1776886806.9821026,-1.0,-9.0,-44.0
1776886806.9921026,-2.0,-7.0,-47.0
1776886807.0021029,-2.0,-7.0,-37.0
1776886807.0121028,-1.0,-5.0,-33.0
1776886807.0221028,0.0,-6.0,-30.0
1776886807.0321028,-1.0,-5.0,-33.0
1776886807.0421028,-3.0,-5.0,-34.0
1776886807.0521028,-1.0,-8.0,-35.0
1776886807.0621028,-4.0,-2.0,-37.0
1776886807.0721028,-3.0,0.0,-31.0
1776886807.0821028,1.0,1.0,-31.0
1776886807.0921028,2.0,0.0,-38.0
1776886807.1021028,0.0,-3.0,-37.0
1776886807.1121027,2.0,-3.0,-39.0
1776886807.1221027,4.0,-4.0,-37.0
1776886807.1321027,5.0,-2.0,-40.0
1776886807.1421027,4.0,-3.0,-39.0
1776886807.1521027,4.0,-2.0,-40.0
1776886807.1621027,-1.0,-9.0,-41.0
1776886807.1721027,0.0,-15.0,-39.0
1776886807.182103,-1.0,-12.0,-41.0
1776886807.192103,-2.0,-11.0,-46.0
1776886807.202103,-1.0,-10.0,-43.0
1776886807.212103,0.0,-10.0,-40.0
1776886807.2221026,-5.0,-10.0,-38.0
1776886807.2321026,-3.0,-9.0,-42.0
1776886807.2421026,-1.0,-7.0,-40.0
1776886807.2521029,0.0,-3.0,-39.0
1776886807.2621028,-1.0,-3.0,-40.0
1776886807.2721028,-4.0,2.0,-33.0
1776886807.2821028,-3.0,3.0,-27.0
1776886807.2921028,-3.0,2.0,-32.0
1776886807.3021028,-1.0,3.0,-35.0
1776886807.3121028,-3.0,2.0,-43.0
1776886807.3221028,-4.0,2.0,-44.0
1776886807.3321028,-6.0,0.0,-47.0
1776886807.3421028,-6.0,-4.0,-46.0
1776886807.3521028,-1.0,-6.0,-54.0
1776886807.3621027,-4.0,-6.0,-55.0
1776886807.3721027,-6.0,-2.0,-45.0
1776886807.3821027,-3.0,-1.0,-36.0
1776886807.3921027,-2.0,-1.0,-36.0
1776886807.4021027,-2.0,-2.0,-38.0
1776886807.4121027,-2.0,-5.0,-40.0
1776886807.4221027,0.0,-1.0,-47.0
1776886807.432103,1.0,2.0,-48.0
1776886807.442103,1.0,2.0,-46.0
1776886807.452103,2.0,4.0,-45.0
1776886807.462103,-3.0,0.0,-51.0
1776886807.4721026,-1.0,1.0,-45.0
1776886807.4821026,0.0,3.0,-42.0
1776886807.4921026,2.0,-1.0,-37.0
1776886807.5021029,0.0,-1.0,-36.0
1776886807.5121028,-1.0,0.0,-30.0
1776886807.5221028,4.0,0.0,-36.0
1776886807.5321028,3.0,0.0,-41.0
1776886807.5421028,0.0,-1.0,-41.0
1776886807.5521028,-2.0,-1.0,-48.0
1776886807.5621028,0.0,-2.0,-53.0
1776886807.5721028,0.0,0.0,-59.0
1776886807.5821028,3.0,-3.0,-53.0
1776886807.5921028,4.0,-5.0,-55.0
1776886807.6021028,1.0,-3.0,-60.0
1776886807.6121027,2.0,-4.0,-60.0
1776886807.6221027,5.0,-7.0,-62.0
1776886807.6321027,0.0,-3.0,-58.0
1776886807.6421027,-1.0,-2.0,-52.0
1776886807.6521027,0.0,-5.0,-44.0
1776886807.6621027,2.0,-5.0,-43.0
1776886807.6721027,4.0,-5.0,-42.0
1776886807.682103,7.0,-3.0,-45.0
1776886807.692103,7.0,-1.0,-49.0
1776886807.702103,4.0,2.0,-47.0
1776886807.712103,6.0,1.0,-42.0
1776886807.7221026,5.0,0.0,-41.0
1776886807.7321026,-1.0,-1.0,-41.0
1776886807.7421026,0.0,-3.0,-41.0
1776886807.7521029,1.0,-4.0,-46.0
1776886807.7621028,2.0,-5.0,-42.0
1776886807.7721028,0.0,-6.0,-39.0
1776886807.7821028,-2.0,-7.0,-35.0
1776886807.7921028,-1.0,-4.0,-41.0
1776886807.8021028,1.0,-1.0,-41.0
1776886807.8121028,0.0,-1.0,-38.0
1776886807.8221028,0.0,-3.0,-35.0
1776886807.8321028,0.0,-4.0,-41.0
1776886807.8421028,0.0,0.0,-43.0
1776886807.8521028,-1.0,-2.0,-40.0
1776886807.8621027,0.0,-3.0,-41.0
1776886807.8721027,0.0,-2.0,-41.0
1776886807.8821027,0.0,-3.0,-33.0
1776886807.8921027,0.0,-4.0,-34.0
1776886807.9021027,4.0,-2.0,-30.0
1776886807.9121027,0.0,0.0,-33.0
1776886807.9221027,0.0,1.0,-31.0
1776886807.932103,0.0,-1.0,-38.0
1776886807.942103,3.0,0.0,-46.0
1776886807.952103,5.0,0.0,-43.0
1776886807.962103,2.0,1.0,-40.0
1776886807.9721026,1.0,3.0,-34.0
1776886807.9821026,0.0,2.0,-31.0
1776886807.9921026,2.0,1.0,-34.0
1776886808.0021029,-1.0,-1.0,-32.0
1776886808.0121028,-2.0,-2.0,-36.0
1776886808.0221028,-4.0,-3.0,-38.0
1776886808.0321028,-2.0,-3.0,-31.0
1776886808.0421028,-1.0,-7.0,-26.0
1776886808.0521028,-2.0,-6.0,-22.0
1776886808.0621028,-1.0,-3.0,-27.0
1776886808.0721028,2.0,-4.0,-37.0
1776886808.0821028,0.0,-1.0,-40.0
1776886808.0921028,-6.0,-2.0,-45.0
1776886808.1021028,-6.0,0.0,-47.0
1776886808.1121027,-4.0,3.0,-46.0
1776886808.1221027,0.0,2.0,-51.0
1776886808.1321027,-2.0,4.0,-38.0
1776886808.1421027,-4.0,5.0,-40.0
1776886808.1521027,-4.0,5.0,-35.0
1776886808.1621027,0.0,4.0,-38.0
1776886808.1721027,0.0,3.0,-36.0
1776886808.182103,1.0,5.0,-37.0
1776886808.192103,1.0,0.0,-30.0
1776886808.202103,-2.0,1.0,-37.0
1776886808.212103,-2.0,3.0,-45.0
1776886808.2221026,-3.0,1.0,-46.0
1776886808.2321026,0.0,0.0,-43.0
1776886808.2421026,2.0,0.0,-46.0
1776886808.2521029,1.0,-1.0,-33.0
1776886808.2621028,-1.0,0.0,-23.0
1776886808.2721028,1.0,0.0,-30.0
1776886808.2821028,3.0,0.0,-33.0
1776886808.2921028,6.0,-3.0,-27.0
1776886808.3021028,6.0,-3.0,-34.0
1776886808.3121028,5.0,-4.0,-36.0
1776886808.3221028,1.0,-6.0,-42.0
1776886808.3331027,0.0,-4.0,-39.0
1776886808.3421028,0.0,-7.0,-36.0
1776886808.3531027,-2.0,-7.0,-39.0
1776886808.363103,0.0,-7.0,-40.0
1776886808.373103,-2.0,-3.0,-35.0
1776886808.383103,1.0,-4.0,-28.0
1776886808.3931026,2.0,-8.0,-31.0
1776886808.4031026,7.0,-5.0,-30.0
1776886808.4131026,3.0,-7.0,-33.0
1776886808.4231029,1.0,-7.0,-37.0
1776886808.4331028,-4.0,-7.0,-37.0
1776886808.4431028,-3.0,-6.0,-43.0
1776886808.4531028,-2.0,-6.0,-41.0
1776886808.4631028,-1.0,-6.0,-34.0
1776886808.4731028,0.0,-5.0,-29.0
1776886808.4831028,0.0,-5.0,-28.0
1776886808.4931028,0.0,-3.0,-31.0
1776886808.5031028,0.0,0.0,-30.0
1776886808.5131028,1.0,1.0,-29.0
1776886808.5231028,2.0,1.0,-32.0
1776886808.5331028,4.0,-1.0,-28.0
1776886808.5431027,6.0,0.0,-32.0
1776886808.5531027,5.0,-1.0,-34.0
1776886808.5631027,3.0,-1.0,-40.0
1776886808.5731027,0.0,0.0,-39.0
1776886808.5831027,0.0,-3.0,-41.0
1776886808.5931027,1.0,-4.0,-40.0
1776886808.6031027,1.0,-6.0,-39.0
1776886808.613103,2.0,-3.0,-38.0
1776886808.623103,8.0,-4.0,-36.0
1776886808.633103,6.0,-4.0,-42.0
1776886808.6431026,3.0,-7.0,-42.0
1776886808.6531026,9.0,-9.0,-44.0
1776886808.6631026,5.0,-9.0,-47.0
1776886808.6731029,2.0,-6.0,-43.0
1776886808.6831028,0.0,0.0,-44.0
1776886808.6931028,0.0,-3.0,-44.0
1776886808.7031028,-2.0,0.0,-47.0
1776886808.7131028,-7.0,0.0,-40.0
1776886808.7231028,-9.0,0.0,-40.0
1776886808.7331028,-4.0,3.0,-32.0
1776886808.7431028,-2.0,1.0,-28.0
1776886808.7531028,0.0,-1.0,-29.0
1776886808.7631028,-1.0,-3.0,-34.0
1776886808.7731028,-2.0,0.0,-37.0
1776886808.7831028,3.0,2.0,-44.0
1776886808.7931027,4.0,3.0,-46.0
1776886808.8031027,0.0,4.0,-47.0
1776886808.8131027,1.0,1.0,-48.0
1776886808.8231027,-3.0,0.0,-44.0
1776886808.8331027,-3.0,-2.0,-38.0
1776886808.8431027,-1.0,-8.0,-37.0
1776886808.8531027,4.0,-8.0,-39.0
1776886808.863103,10.0,-7.0,-33.0
1776886808.873103,6.0,-3.0,-30.0
1776886808.883103,3.0,0.0,-34.0
1776886808.8931026,1.0,2.0,-40.0
1776886808.9031026,2.0,2.0,-43.0
1776886808.9131026,6.0,3.0,-43.0
1776886808.9231029,7.0,6.0,-40.0
1776886808.9331028,7.0,3.0,-43.0
1776886808.9431028,5.0,0.0,-41.0
1776886808.9531028,3.0,-1.0,-42.0
1776886808.9631028,3.0,-2.0,-43.0
1776886808.9731028,0.0,-3.0,-44.0
1776886808.9831028,2.0,-3.0,-44.0
1776886808.9931028,8.0,-2.0,-43.0
1776886809.0031028,7.0,-6.0,-41.0
1776886809.0131028,3.0,-8.0,-42.0
1776886809.0231028,0.0,-7.0,-45.0
1776886809.0331028,0.0,-8.0,-48.0
1776886809.0431027,0.0,-4.0,-45.0
1776886809.0531027,2.0,-4.0,-38.0
1776886809.0631027,0.0,-6.0,-36.0
1776886809.0731027,1.0,-10.0,-36.0
1776886809.0831027,4.0,-10.0,-35.0
1776886809.0931027,2.0,-8.0,-42.0
1776886809.1031027,3.0,-4.0,-40.0
1776886809.113103,4.0,-3.0,-42.0
1776886809.123103,2.0,-1.0,-39.0
1776886809.133103,2.0,0.0,-35.0
1776886809.1431026,4.0,-2.0,-36.0
1776886809.1531026,3.0,-2.0,-27.0
1776886809.1631026,6.0,-7.0,-28.0
1776886809.1731029,5.0,-7.0,-30.0
1776886809.1831028,7.0,-6.0,-38.0
1776886809.1931028,2.0,-5.0,-37.0
1776886809.2031028,2.0,-3.0,-36.0
1776886809.2131028,2.0,-3.0,-32.0
1776886809.2231028,7.0,-3.0,-30.0
1776886809.2331028,7.0,-2.0,-35.0
1776886809.2431028,2.0,1.0,-38.0
1776886809.2531028,-1.0,0.0,-37.0
1776886809.2631028,-4.0,-5.0,-41.0
1776886809.2731028,-1.0,-5.0,-37.0
1776886809.2831028,3.0,-3.0,-33.0
1776886809.2931027,2.0,0.0,-40.0
1776886809.3031027,-2.0,-2.0,-36.0
1776886809.3131027,-2.0,-1.0,-34.0
1776886809.3231027,0.0,-2.0,-40.0
1776886809.3331027,2.0,-4.0,-41.0
1776886809.3431027,2.0,-7.0,-51.0
1776886809.3531027,3.0,-7.0,-47.0
1776886809.363103,2.0,-6.0,-43.0
1776886809.373103,0.0,-1.0,-45.0
1776886809.383103,5.0,-3.0,-42.0
1776886809.3931026,5.0,-1.0,-42.0
1776886809.4031026,2.0,0.0,-43.0
1776886809.4131026,4.0,0.0,-40.0
1776886809.4231029,3.0,2.0,-38.0
1776886809.4331028,1.0,3.0,-37.0
1776886809.4431028,5.0,5.0,-38.0
1776886809.4531028,6.0,5.0,-33.0
1776886809.4631028,1.0,5.0,-36.0
1776886809.4731028,1.0,3.0,-30.0
1776886809.4831028,1.0,4.0,-36.0
1776886809.4931028,2.0,0.0,-36.0
1776886809.5031028,2.0,-1.0,-38.0
1776886809.5131028,0.0,-4.0,-35.0
1776886809.5231028,0.0,-6.0,-42.0
1776886809.5331028,-1.0,-6.0,-44.0
1776886809.5431027,-1.0,-3.0,-48.0
1776886809.5531027,-2.0,-1.0,-44.0
1776886809.5631027,-5.0,-2.0,-46.0
1776886809.5731027,-3.0,-5.0,-55.0
1776886809.5831027,-4.0,-3.0,-56.0
1776886809.5931027,-5.0,-3.0,-48.0
1776886809.6031027,-5.0,-3.0,-46.0
1776886809.613103,-3.0,-5.0,-41.0
1776886809.623103,-5.0,-4.0,-34.0
1776886809.633103,-6.0,-4.0,-32.0
1776886809.6431026,-5.0,-1.0,-40.0
1776886809.6531026,-1.0,0.0,-49.0
1776886809.6631026,-2.0,3.0,-48.0
1776886809.6731029,-3.0,6.0,-40.0
1776886809.6831028,0.0,7.0,-40.0
1776886809.6931028,0.0,5.0,-37.0
1776886809.7031028,0.0,0.0,-34.0
1776886809.7131028,-5.0,-2.0,-30.0
1776886809.7231028,-5.0,-2.0,-28.0
1776886809.7331028,-2.0,-7.0,-36.0
1776886809.7431028,-1.0,-5.0,-36.0
1776886809.7531028,0.0,-4.0,-41.0
1776886809.7631028,0.0,-4.0,-43.0
1776886809.7731028,0.0,-5.0,-39.0
1776886809.7831028,2.0,-11.0,-35.0
1776886809.7931027,3.0,-9.0,-32.0
1776886809.8031027,6.0,-4.0,-36.0
1776886809.8131027,2.0,-4.0,-33.0
1776886809.8231027,-1.0,2.0,-39.0
1776886809.8331027,-2.0,5.0,-39.0
1776886809.8431027,-5.0,6.0,-41.0
1776886809.8531027,-3.0,5.0,-39.0
1776886809.863103,-2.0,4.0,-49.0
1776886809.873103,0.0,5.0,-45.0
1776886809.883103,-2.0,3.0,-39.0
1776886809.8931026,0.0,0.0,-41.0
1776886809.9031026,-1.0,0.0,-41.0
1776886809.9131026,0.0,4.0,-40.0
1776886809.9231029,2.0,2.0,-44.0
1776886809.9331028,0.0,2.0,-43.0
1776886809.9431028,-2.0,2.0,-44.0
1776886809.9531028,-4.0,1.0,-43.0
1776886809.9631028,0.0,3.0,-37.0
1776886809.9731028,6.0,0.0,-40.0
1776886809.9831028,4.0,0.0,-47.0
1776886809.9931028,3.0,0.0,-49.0
1776886810.0031028,0.0,-4.0,-47.0
1776886810.0131028,-1.0,-5.0,-45.0
1776886810.0231028,-4.0,-8.0,-43.0
1776886810.0331028,-4.0,-4.0,-39.0
1776886810.0431027,-1.0,0.0,-41.0
1776886810.0531027,-4.0,2.0,-44.0
1776886810.0631027,-2.0,0.0,-45.0
1776886810.0731027,0.0,-2.0,-37.0
1776886810.0831027,-5.0,2.0,-34.0
1776886810.0931027,-4.0,3.0,-32.0
1776886810.1031027,-3.0,1.0,-35.0
1776886810.113103,-3.0,0.0,-43.0
1776886810.123103,-2.0,0.0,-45.0
1776886810.133103,2.0,0.0,-34.0
1776886810.1431026,7.0,-3.0,-35.0
1776886810.1531026,8.0,0.0,-43.0
1776886810.1631026,7.0,0.0,-37.0
1776886810.1731029,3.0,1.0,-43.0
1776886810.1831028,5.0,0.0,-45.0
1776886810.1931028,5.0,2.0,-41.0
1776886810.2031028,3.0,3.0,-45.0
1776886810.2131028,4.0,-1.0,-47.0
1776886810.2231028,1.0,-5.0,-41.0
1776886810.2331028,-2.0,-1.0,-44.0
1776886810.2431028,-2.0,-4.0,-41.0
1776886810.2531028,-3.0,-4.0,-40.0
1776886810.2631028,-5.0,-2.0,-38.0
1776886810.2731028,-3.0,0.0,-38.0
1776886810.2831028,-3.0,-3.0,-35.0
1776886810.2931027,-3.0,-3.0,-39.0
1776886810.3031027,1.0,0.0,-41.0
1776886810.3131027,0.0,1.0,-42.0
1776886810.3231027,1.0,0.0,-42.0
1776886810.3341026,4.0,2.0,-34.0
1776886810.3441026,5.0,0.0,-32.0
1776886810.3531027,3.0,-2.0,-37.0
1776886810.3641028,-2.0,-7.0,-46.0
1776886810.3741028,-4.0,-3.0,-42.0
1776886810.3841028,-2.0,-6.0,-39.0
1776886810.3941028,0.0,-8.0,-33.0
1776886810.4041028,-1.0,-10.0,-32.0
1776886810.4141028,-4.0,-10.0,-38.0
1776886810.4241028,-4.0,-8.0,-36.0
1776886810.4341028,-3.0,-6.0,-34.0
1776886810.4441028,-1.0,-3.0,-28.0
1776886810.4541028,2.0,-2.0,-28.0
1776886810.4641027,0.0,-4.0,-29.0
1776886810.4741027,-3.0,-5.0,-34.0
1776886810.4841027,2.0,-4.0,-41.0
1776886810.4941027,0.0,-5.0,-44.0
1776886810.5041027,-3.0,-9.0,-48.0
1776886810.5141027,-4.0,-9.0,-45.0
1776886810.5241027,-3.0,-5.0,-38.0
1776886810.534103,-1.0,-4.0,-43.0
1776886810.544103,-1.0,-3.0,-51.0
1776886810.554103,0.0,-3.0,-54.0
1776886810.5641026,3.0,-1.0,-62.0
1776886810.5741026,3.0,-2.0,-59.0
1776886810.5841026,3.0,0.0,-49.0
1776886810.5941026,1.0,2.0,-47.0
1776886810.6041028,0.0,3.0,-49.0
1776886810.6141028,1.0,2.0,-43.0
1776886810.6241028,4.0,1.0,-41.0
1776886810.6341028,6.0,2.0,-42.0
1776886810.6441028,7.0,-2.0,-39.0
1776886810.6541028,3.0,-4.0,-33.0
1776886810.6641028,2.0,-4.0,-34.0
1776886810.6741028,4.0,-3.0,-40.0
1776886810.6841028,3.0,-3.0,-38.0
1776886810.6941028,3.0,-3.0,-38.0
1776886810.7041028,2.0,0.0,-39.0
1776886810.7141027,2.0,1.0,-39.0
1776886810.7241027,2.0,0.0,-43.0
1776886810.7341027,2.0,0.0,-40.0
1776886810.7441027,2.0,0.0,-36.0
1776886810.7541027,2.0,4.0,-41.0
1776886810.7641027,2.0,3.0,-39.0
1776886810.7741027,3.0,5.0,-36.0
1776886810.784103,5.0,6.0,-38.0
1776886810.794103,5.0,4.0,-42.0
1776886810.804103,3.0,4.0,-42.0
1776886810.8141026,4.0,1.0,-42.0
1776886810.8241026,8.0,0.0,-35.0
1776886810.8341026,7.0,1.0,-37.0
1776886810.8441026,2.0,-1.0,-39.0
1776886810.8541028,0.0,6.0,-37.0
1776886810.8641028,-3.0,3.0,-38.0
1776886810.8741028,1.0,1.0,-40.0
1776886810.8841028,2.0,-2.0,-41.0
1776886810.8941028,3.0,-2.0,-40.0
1776886810.9041028,3.0,0.0,-40.0
1776886810.9141028,1.0,0.0,-44.0
1776886810.9241028,0.0,0.0,-42.0
1776886810.9341028,-3.0,0.0,-45.0
1776886810.9441028,-4.0,-1.0,-44.0
1776886810.9541028,-3.0,0.0,-41.0
1776886810.9641027,-3.0,0.0,-43.0
1776886810.9741027,0.0,0.0,-43.0
1776886810.9841027,3.0,0.0,-49.0
1776886810.9941027,0.0,1.0,-48.0
1776886811.0041027,-4.0,0.0,-41.0
1776886811.0141027,-5.0,0.0,-39.0
1776886811.0241027,-5.0,0.0,-35.0
1776886811.034103,-7.0,2.0,-40.0
1776886811.044103,-7.0,2.0,-40.0
1776886811.054103,-4.0,4.0,-36.0
1776886811.0641026,-1.0,2.0,-43.0
1776886811.0741026,3.0,-1.0,-41.0
1776886811.0841026,-3.0,1.0,-34.0
1776886811.0941026,-4.0,4.0,-37.0
1776886811.1041028,-1.0,1.0,-41.0
1776886811.1141028,-3.0,0.0,-42.0
1776886811.1241028,-5.0,-1.0,-42.0
1776886811.1341028,-8.0,-4.0,-46.0
1776886811.1441028,-5.0,-5.0,-44.0
1776886811.1541028,-6.0,-3.0,-36.0
1776886811.1641028,-2.0,1.0,-35.0
1776886811.1741028,-1.0,1.0,-38.0
1776886811.1841028,2.0,4.0,-37.0
1776886811.1941028,0.0,3.0,-34.0
1776886811.2041028,-3.0,1.0,-26.0
1776886811.2141027,1.0,4.0,-24.0
1776886811.2241027,9.0,2.0,-29.0
1776886811.2341027,8.0,2.0,-31.0
1776886811.2441027,11.0,3.0,-30.0
1776886811.2541027,10.0,0.0,-26.0
1776886811.2641027,12.0,3.0,-31.0
1776886811.2741027,10.0,4.0,-31.0
1776886811.284103,2.0,2.0,-29.0
1776886811.294103,1.0,2.0,-26.0
1776886811.304103,0.0,2.0,-22.0
1776886811.3141026,0.0,-1.0,-23.0
1776886811.3241026,1.0,-2.0,-29.0
1776886811.3341026,0.0,-3.0,-28.0
1776886811.3441026,0.0,0.0,-28.0
1776886811.3541028,-5.0,-1.0,-30.0
1776886811.3641028,-2.0,-5.0,-31.0
1776886811.3741028,-1.0,-5.0,-35.0
1776886811.3841028,-2.0,-6.0,-30.0
1776886811.3941028,-2.0,-4.0,-38.0
1776886811.4041028,0.0,-2.0,-39.0
1776886811.4141028,-2.0,-4.0,-47.0
1776886811.4241028,-1.0,-8.0,-47.0
1776886811.4341028,-2.0,-10.0,-48.0
1776886811.4441028,-2.0,-11.0,-47.0
1776886811.4541028,2.0,-8.0,-41.0
1776886811.4641027,3.0,-5.0,-31.0
1776886811.4741027,0.0,-7.0,-27.0
1776886811.4841027,0.0,-9.0,-25.0
1776886811.4941027,0.0,-9.0,-34.0
1776886811.5041027,-4.0,-10.0,-37.0
1776886811.5141027,-8.0,-7.0,-36.0
1776886811.5241027,-9.0,-5.0,-41.0
1776886811.534103,-8.0,-4.0,-43.0
1776886811.544103,-3.0,-7.0,-40.0
1776886811.554103,-3.0,-1.0,-41.0
1776886811.5641026,0.0,-6.0,-46.0
1776886811.5741026,0.0,-5.0,-48.0
1776886811.5841026,-4.0,-8.0,-50.0
1776886811.5941026,-3.0,-9.0,-45.0
1776886811.6041028,0.0,-4.0,-49.0
1776886811.6141028,-4.0,0.0,-35.0
1776886811.6241028,-6.0,1.0,-35.0
1776886811.6341028,-3.0,2.0,-34.0
1776886811.6441028,-2.0,0.0,-37.0
1776886811.6541028,1.0,2.0,-36.0
1776886811.6641028,0.0,5.0,-34.0
1776886811.6741028,1.0,2.0,-40.0
1776886811.6851027,3.0,3.0,-39.0
1776886811.6941028,3.0,2.0,-40.0
1776886811.7041028,5.0,1.0,-41.0
1776886811.7141027,4.0,1.0,-41.0
1776886811.7241027,3.0,4.0,-41.0
1776886811.7341027,4.0,3.0,-34.0
1776886811.7441027,3.0,0.0,-38.0
1776886811.7541027,0.0,1.0,-41.0
1776886811.7641027,7.0,2.0,-40.0
1776886811.7741027,10.0,0.0,-33.0
1776886811.784103,10.0,0.0,-32.0
1776886811.794103,9.0,1.0,-37.0
1776886811.804103,6.0,4.0,-33.0
1776886811.8141026,9.0,2.0,-39.0
1776886811.8241026,11.0,2.0,-46.0
1776886811.8341026,7.0,-2.0,-45.0
1776886811.8441026,-1.0,-3.0,-37.0
1776886811.8541028,-2.0,-5.0,-34.0
1776886811.8641028,-3.0,0.0,-36.0
1776886811.8741028,-3.0,0.0,-40.0
1776886811.8841028,0.0,0.0,-39.0
1776886811.8941028,3.0,4.0,-34.0
1776886811.9041028,0.0,4.0,-37.0
1776886811.9141028,4.0,2.0,-42.0
1776886811.9241028,10.0,0.0,-39.0
1776886811.9341028,7.0,-1.0,-43.0
1776886811.9441028,5.0,4.0,-48.0
1776886811.9541028,6.0,3.0,-40.0
1776886811.9641027,9.0,0.0,-44.0
1776886811.9741027,7.0,-2.0,-43.0
1776886811.9841027,6.0,-5.0,-46.0
1776886811.9941027,5.0,-6.0,-49.0
1776886812.0041027,3.0,-11.0,-54.0
1776886812.0141027,-2.0,-9.0,-51.0
1776886812.0241027,2.0,-8.0,-50.0
1776886812.034103,0.0,-10.0,-52.0
1776886812.044103,-1.0,-7.0,-54.0
1776886812.054103,-5.0,-6.0,-47.0
1776886812.0641026,-1.0,-3.0,-43.0
1776886812.0741026,-1.0,-5.0,-41.0
1776886812.0841026,-1.0,-3.0,-43.0
1776886812.0941026,-1.0,1.0,-42.0
1776886812.1041028,-3.0,3.0,-48.0
1776886812.1141028,-6.0,0.0,-48.0
1776886812.1241028,0.0,1.0,-45.0
1776886812.1341028,0.0,2.0,-38.0
1776886812.1441028,-4.0,-2.0,-37.0
1776886812.1541028,-7.0,-5.0,-41.0
1776886812.1641028,-7.0,-4.0,-42.0
1776886812.1741028,-2.0,-7.0,-47.0
1776886812.1841028,-1.0,-7.0,-55.0
1776886812.1941028,0.0,-6.0,-56.0
1776886812.2041028,1.0,-8.0,-48.0
1776886812.2141027,2.0,-6.0,-44.0
1776886812.2241027,2.0,-4.0,-46.0
1776886812.2341027,3.0,-3.0,-42.0
1776886812.2441027,0.0,0.0,-36.0
1776886812.2541027,2.0,3.0,-36.0
1776886812.2641027,2.0,5.0,-39.0
1776886812.2741027,8.0,4.0,-35.0
1776886812.284103,3.0,5.0,-35.0
1776886812.294103,2.0,-1.0,-44.0
1776886812.304103,0.0,-4.0,-43.0
1776886812.3151028,-3.0,0.0,-44.0
1776886812.3241026,-3.0,0.0,-41.0
1776886812.3341026,-1.0,2.0,-41.0
1776886812.3441026,-1.0,-3.0,-44.0
1776886812.3551028,6.0,-4.0,-35.0
1776886812.3651028,3.0,-5.0,-33.0
1776886812.3751028,1.0,0.0,-33.0
1776886812.3851027,1.0,3.0,-41.0
1776886812.3951027,2.0,-2.0,-45.0
1776886812.4051027,0.0,-8.0,-49.0
1776886812.4151027,0.0,-10.0,-45.0
1776886812.4251027,1.0,-10.0,-39.0
1776886812.4351027,4.0,-5.0,-36.0
1776886812.4451027,-1.0,-9.0,-35.0
1776886812.4551027,-4.0,-7.0,-40.0
1776886812.465103,0.0,-5.0,-38.0
1776886812.475103,2.0,-7.0,-36.0
1776886812.485103,2.0,-6.0,-34.0
1776886812.4951026,2.0,-5.0,-34.0
1776886812.5051026,1.0,-6.0,-30.0
1776886812.5151026,0.0,-5.0,-36.0
1776886812.5251029,0.0,-6.0,-39.0
1776886812.5351028,0.0,-9.0,-35.0
1776886812.5451028,1.0,-7.0,-35.0
1776886812.5551028,3.0,-5.0,-37.0
1776886812.5651028,0.0,0.0,-38.0
1776886812.5751028,-5.0,-2.0,-37.0
1776886812.5851028,-5.0,0.0,-33.0
1776886812.5951028,-3.0,-1.0,-36.0
1776886812.6051028,-5.0,1.0,-33.0
1776886812.6151028,-2.0,1.0,-27.0
1776886812.6251028,-3.0,-1.0,-32.0
1776886812.6351027,-7.0,0.0,-35.0
1776886812.6451027,-8.0,-2.0,-38.0
1776886812.6551027,-6.0,-1.0,-38.0
1776886812.6651027,-4.0,-3.0,-35.0
1776886812.6751027,-4.0,-3.0,-35.0
1776886812.6851027,-2.0,-1.0,-33.0
1776886812.6951027,-4.0,-2.0,-39.0
1776886812.7051027,-3.0,-2.0,-42.0
1776886812.715103,-1.0,-3.0,-43.0
1776886812.725103,0.0,-7.0,-45.0
1776886812.735103,0.0,-3.0,-42.0
1776886812.7451026,1.0,-5.0,-42.0
1776886812.7551026,0.0,-5.0,-40.0
1776886812.7651026,1.0,-5.0,-42.0
1776886812.7751029,3.0,-4.0,-37.0
1776886812.7851028,1.0,-2.0,-37.0
1776886812.7951028,1.0,-2.0,-39.0
1776886812.8051028,2.0,-2.0,-35.0
1776886812.8151028,0.0,-1.0,-30.0
1776886812.8251028,-4.0,-2.0,-22.0
1776886812.8351028,-4.0,0.0,-29.0
1776886812.8451028,-6.0,1.0,-38.0
1776886812.8551028,-8.0,1.0,-32.0
1776886812.8651028,-8.0,0.0,-43.0
1776886812.8751028,-3.0,0.0,-44.0
1776886812.8851027,-4.0,-1.0,-42.0
1776886812.8951027,-5.0,-1.0,-39.0
1776886812.9051027,3.0,1.0,-41.0
1776886812.9151027,3.0,-2.0,-40.0
1776886812.9251027,4.0,-4.0,-43.0
1776886812.9351027,3.0,-3.0,-43.0
1776886812.9451027,0.0,1.0,-48.0
1776886812.9551027,2.0,0.0,-41.0
1776886812.965103,2.0,-1.0,-39.0
1776886812.975103,-1.0,-1.0,-39.0
1776886812.985103,-1.0,2.0,-48.0
1776886812.9951026,-2.0,7.0,-50.0
1776886813.0051026,1.0,7.0,-46.0
1776886813.0151026,7.0,2.0,-37.0
1776886813.0251029,11.0,0.0,-31.0
1776886813.0351028,6.0,3.0,-25.0
1776886813.0451028,4.0,1.0,-23.0
1776886813.0551028,5.0,0.0,-19.0
1776886813.0651028,7.0,-2.0,-29.0
1776886813.0751028,7.0,-5.0,-29.0
1776886813.0851028,6.0,-3.0,-33.0
1776886813.0951028,5.0,-2.0,-38.0
1776886813.1051028,7.0,-3.0,-41.0
1776886813.1151028,3.0,-4.0,-42.0
1776886813.1251028,4.0,-3.0,-43.0
1776886813.1351027,6.0,0.0,-41.0
1776886813.1451027,3.0,0.0,-42.0
1776886813.1551027,1.0,-1.0,-41.0
1776886813.1651027,1.0,-3.0,-36.0
1776886813.1751027,5.0,-4.0,-36.0
1776886813.1851027,7.0,-5.0,-44.0
1776886813.1951027,8.0,-4.0,-44.0
1776886813.2051027,6.0,-3.0,-44.0
1776886813.215103,8.0,-4.0,-41.0
1776886813.225103,9.0,-4.0,-37.0
1776886813.235103,9.0,-1.0,-37.0
1776886813.2451026,8.0,-4.0,-39.0
1776886813.2551026,9.0,-9.0,-44.0
1776886813.2651026,3.0,-6.0,-35.0
1776886813.2751029,1.0,-8.0,-32.0
1776886813.2851028,1.0,-6.0,-30.0
1776886813.2951028,0.0,-2.0,-31.0
1776886813.3051028,1.0,-8.0,-32.0
1776886813.3151028,7.0,-4.0,-29.0
1776886813.3251028,5.0,-4.0,-34.0
1776886813.3351028,5.0,-4.0,-33.0
1776886813.3451028,2.0,-3.0,-39.0
1776886813.3551028,5.0,2.0,-41.0
1776886813.3651028,7.0,2.0,-41.0
1776886813.3751028,6.0,0.0,-48.0
1776886813.3851027,5.0,-1.0,-50.0
1776886813.3951027,2.0,0.0,-49.0
1776886813.4051027,4.0,-2.0,-42.0
1776886813.4151027,4.0,-5.0,-40.0
1776886813.4251027,2.0,-2.0,-46.0
1776886813.4351027,0.0,-5.0,-47.0
1776886813.4451027,0.0,0.0,-45.0
1776886813.4551027,3.0,-3.0,-42.0
1776886813.465103,3.0,-2.0,-43.0
1776886813.475103,2.0,3.0,-39.0
1776886813.485103,1.0,-2.0,-45.0
1776886813.4951026,0.0,-4.0,-40.0
1776886813.5051026,5.0,-2.0,-42.0
1776886813.5151026,3.0,-4.0,-44.0
1776886813.5251029,-1.0,-4.0,-40.0
1776886813.5351028,0.0,-1.0,-42.0
1776886813.5451028,-2.0,-1.0,-40.0
1776886813.5551028,1.0,0.0,-36.0
1776886813.5651028,-2.0,0.0,-25.0
1776886813.5751028,-8.0,1.0,-25.0
1776886813.5851028,-2.0,0.0,-40.0
1776886813.5951028,2.0,-3.0,-42.0
1776886813.6051028,2.0,-5.0,-44.0
1776886813.6151028,3.0,-8.0,-44.0
1776886813.6251028,8.0,-4.0,-34.0
1776886813.6351027,9.0,-2.0,-35.0
1776886813.6451027,7.0,-2.0,-32.0
1776886813.6551027,8.0,-1.0,-29.0
1776886813.6651027,6.0,0.0,-32.0
1776886813.6751027,4.0,2.0,-35.0
1776886813.6851027,3.0,7.0,-41.0
1776886813.6951027,-1.0,6.0,-42.0
1776886813.7051027,-3.0,7.0,-42.0
1776886813.715103,-6.0,5.0,-42.0
1776886813.725103,-10.0,5.0,-38.0
1776886813.735103,-9.0,3.0,-38.0
1776886813.7451026,-3.0,0.0,-40.0
1776886813.7551026,1.0,-3.0,-40.0
1776886813.7651026,4.0,-6.0,-41.0
1776886813.7751029,1.0,-4.0,-49.0
1776886813.7851028,1.0,-5.0,-42.0
1776886813.7951028,0.0,-5.0,-41.0
1776886813.8051028,4.0,-5.0,-41.0
1776886813.8151028,4.0,-3.0,-33.0
1776886813.8251028,3.0,-6.0,-33.0
1776886813.8351028,0.0,-4.0,-32.0
1776886813.8451028,-1.0,-5.0,-32.0
1776886813.8551028,1.0,-3.0,-33.0
1776886813.8651028,0.0,-1.0,-37.0
1776886813.8751028,0.0,1.0,-42.0
1776886813.8851027,2.0,0.0,-39.0
1776886813.8951027,11.0,-2.0,-37.0
1776886813.9051027,11.0,-2.0,-37.0
1776886813.9151027,8.0,0.0,-42.0
1776886813.9251027,6.0,0.0,-43.0
1776886813.9351027,7.0,2.0,-39.0
1776886813.9451027,5.0,-1.0,-38.0
1776886813.9551027,1.0,-6.0,-39.0
1776886813.965103,0.0,-4.0,-31.0
1776886813.975103,0.0,-6.0,-40.0
1776886813.985103,1.0,-1.0,-38.0
1776886813.9951026,2.0,-3.0,-41.0
1776886814.0051026,8.0,0.0,-42.0
1776886814.0151026,4.0,-4.0,-38.0
1776886814.0251029,2.0,-4.0,-37.0
1776886814.0351028,-3.0,-5.0,-37.0
1776886814.0451028,-1.0,-5.0,-42.0
1776886814.0551028,1.0,-3.0,-36.0
1776886814.0651028,6.0,0.0,-43.0
1776886814.0751028,5.0,0.0,-45.0
1776886814.0851028,3.0,2.0,-44.0
1776886814.0951028,0.0,-1.0,-42.0
1776886814.1051028,-3.0,0.0,-41.0
1776886814.1151028,-2.0,-2.0,-39.0
1776886814.1251028,0.0,-4.0,-32.0
1776886814.1351027,1.0,-6.0,-23.0
1776886814.1451027,3.0,-9.0,-24.0
1776886814.1551027,5.0,-9.0,-28.0
1776886814.1651027,0.0,-13.0,-28.0
1776886814.1751027,-4.0,-11.0,-26.0
1776886814.1851027,-3.0,-7.0,-39.0
1776886814.1951027,-5.0,-9.0,-45.0
1776886814.2051027,-4.0,-8.0,-42.0
1776886814.215103,-4.0,-5.0,-35.0
1776886814.225103,-3.0,-2.0,-39.0
1776886814.235103,0.0,-1.0,-40.0
1776886814.2451026,4.0,-5.0,-39.0
1776886814.2551026,0.0,-4.0,-39.0
1776886814.2651026,3.0,0.0,-38.0
1776886814.2751029,6.0,1.0,-45.0
1776886814.2851028,1.0,1.0,-46.0
1776886814.2951028,-2.0,0.0,-49.0
1776886814.3051028,-1.0,0.0,-40.0
1776886814.3151028,-1.0,0.0,-41.0
1776886814.3251028,0.0,0.0,-41.0
1776886814.3361027,2.0,-3.0,-47.0
1776886814.3461027,0.0,-6.0,-53.0
1776886814.3551028,-6.0,-5.0,-46.0
1776886814.3661027,-9.0,-4.0,-45.0
1776886814.3761027,-2.0,-2.0,-43.0
1776886814.386103,2.0,0.0,-37.0
1776886814.396103,0.0,0.0,-41.0
1776886814.406103,-3.0,3.0,-43.0
1776886814.4161026,-6.0,3.0,-32.0
1776886814.4261026,-5.0,0.0,-26.0
1776886814.4361026,-8.0,3.0,-22.0
1776886814.4461029,-7.0,4.0,-26.0
1776886814.4561028,-4.0,2.0,-31.0
1776886814.4661028,-2.0,-1.0,-34.0
1776886814.4761028,-3.0,-5.0,-39.0
1776886814.4861028,1.0,-2.0,-41.0
1776886814.4961028,-1.0,-3.0,-40.0
1776886814.5061028,-2.0,0.0,-43.0
1776886814.5161028,3.0,1.0,-42.0
1776886814.5261028,3.0,-5.0,-39.0
1776886814.5361028,5.0,-3.0,-40.0
1776886814.5461028,9.0,-4.0,-35.0
1776886814.5561028,12.0,-2.0,-36.0
1776886814.5661027,12.0,-5.0,-35.0
1776886814.5761027,11.0,-1.0,-42.0
1776886814.5861027,11.0,0.0,-42.0
1776886814.5961027,11.0,-1.0,-40.0
1776886814.6061027,8.0,1.0,-38.0
1776886814.6161027,5.0,3.0,-36.0
1776886814.6261027,0.0,5.0,-34.0
1776886814.636103,0.0,3.0,-32.0
1776886814.646103,-2.0,1.0,-32.0
1776886814.656103,-3.0,0.0,-34.0
1776886814.6661026,-4.0,-5.0,-37.0
1776886814.6761026,-3.0,-6.0,-40.0
1776886814.6861026,-1.0,-1.0,-46.0
1776886814.6961029,-4.0,0.0,-45.0
1776886814.7061028,0.0,0.0,-43.0
1776886814.7161028,1.0,0.0,-43.0
1776886814.7261028,1.0,2.0,-47.0
1776886814.7361028,-2.0,0.0,-46.0
1776886814.7461028,-4.0,0.0,-48.0
1776886814.7561028,-4.0,0.0,-55.0
1776886814.7661028,-2.0,0.0,-58.0
1776886814.7761028,2.0,0.0,-55.0
1776886814.7861028,2.0,1.0,-50.0
1776886814.7961028,4.0,-1.0,-49.0
1776886814.8061028,3.0,-5.0,-42.0
1776886814.8161027,1.0,-1.0,-35.0
1776886814.8261027,-1.0,-1.0,-37.0
1776886814.8361027,0.0,1.0,-36.0
1776886814.8461027,0.0,-1.0,-32.0
1776886814.8561027,-1.0,-5.0,-33.0
1776886814.8661027,1.0,-4.0,-37.0
1776886814.8761027,0.0,-3.0,-37.0
1776886814.886103,0.0,-5.0,-39.0
1776886814.896103,0.0,-3.0,-36.0
1776886814.906103,-2.0,-5.0,-37.0
1776886814.9161026,-2.0,-6.0,-36.0
1776886814.9261026,2.0,-4.0,-43.0
1776886814.9361026,2.0,-3.0,-39.0
1776886814.9461029,1.0,-7.0,-39.0
1776886814.9561028,-1.0,-8.0,-38.0
1776886814.9661028,0.0,-8.0,-42.0
1776886814.9761028,2.0,-6.0,-40.0
1776886814.9861028,5.0,-4.0,-39.0
1776886814.9961028,5.0,-4.0,-42.0
1776886815.0061028,3.0,-2.0,-37.0
1776886815.0161028,4.0,0.0,-40.0
1776886815.0261028,6.0,3.0,-34.0
1776886815.0361028,10.0,1.0,-35.0
1776886815.0461028,5.0,3.0,-36.0
1776886815.0561028,4.0,4.0,-39.0
1776886815.0661027,3.0,2.0,-44.0
1776886815.0761027,-1.0,1.0,-43.0
1776886815.0861027,-1.0,5.0,-44.0
1776886815.0961027,0.0,4.0,-53.0
1776886815.1061027,-2.0,-1.0,-51.0
1776886815.1161027,-4.0,-5.0,-47.0
1776886815.1261027,-2.0,-5.0,-45.0
1776886815.136103,-4.0,-4.0,-49.0
1776886815.146103,-4.0,-1.0,-50.0
1776886815.156103,-4.0,-1.0,-47.0
1776886815.1661026,-2.0,-1.0,-41.0
1776886815.1761026,-5.0,0.0,-39.0
1776886815.1861026,-5.0,-2.0,-43.0
1776886815.1961029,0.0,0.0,-43.0
1776886815.2061028,5.0,-2.0,-40.0
1776886815.2161028,6.0,-4.0,-38.0
1776886815.2261028,4.0,-4.0,-49.0
1776886815.2361028,6.0,1.0,-47.0
1776886815.2461028,2.0,0.0,-45.0
1776886815.2561028,4.0,-1.0,-43.0
1776886815.2661028,5.0,-1.0,-43.0
1776886815.2761028,5.0,-3.0,-45.0
1776886815.2861028,6.0,-3.0,-43.0
1776886815.2961028,5.0,-5.0,-37.0
1776886815.3061028,5.0,-1.0,-34.0
1776886815.3161027,2.0,0.0,-30.0
1776886815.3261027,2.0,0.0,-33.0
1776886815.3361027,5.0,3.0,-33.0
1776886815.3461027,4.0,-2.0,-33.0
1776886815.3561027,0.0,-3.0,-39.0
1776886815.3661027,0.0,-2.0,-36.0
1776886815.3761027,-3.0,0.0,-35.0
1776886815.386103,-5.0,-1.0,-36.0
1776886815.396103,-7.0,-2.0,-38.0
1776886815.406103,-6.0,-4.0,-48.0
1776886815.4161026,-4.0,-1.0,-46.0
1776886815.4261026,-4.0,0.0,-44.0
1776886815.4361026,-3.0,0.0,-43.0
1776886815.4461029,-1.0,0.0,-43.0
1776886815.4561028,3.0,1.0,-40.0
1776886815.4661028,6.0,1.0,-42.0
1776886815.4761028,5.0,-4.0,-40.0
1776886815.4861028,2.0,-3.0,-45.0
1776886815.4961028,2.0,-5.0,-45.0
1776886815.5061028,6.0,-7.0,-49.0
1776886815.5161028,0.0,-5.0,-48.0
1776886815.5261028,-2.0,-3.0,-44.0
1776886815.5361028,1.0,-4.0,-42.0
1776886815.5461028,1.0,0.0,-39.0
1776886815.5561028,-2.0,-4.0,-41.0
1776886815.5661027,-1.0,-5.0,-42.0
1776886815.5761027,-2.0,-2.0,-39.0
1776886815.5861027,-3.0,0.0,-40.0
1776886815.5961027,-1.0,5.0,-38.0
1776886815.6061027,-3.0,3.0,-40.0
1776886815.6161027,0.0,1.0,-45.0
1776886815.6261027,0.0,3.0,-42.0
1776886815.636103,0.0,4.0,-45.0
1776886815.646103,4.0,2.0,-43.0
1776886815.656103,4.0,3.0,-43.0
1776886815.6661026,8.0,1.0,-43.0
1776886815.6761026,6.0,-3.0,-46.0
1776886815.6861026,9.0,-9.0,-47.0
1776886815.6961029,11.0,-1.0,-43.0
1776886815.7061028,12.0,-3.0,-33.0
1776886815.7161028,9.0,-6.0,-33.0
1776886815.7261028,6.0,-5.0,-35.0
1776886815.7361028,2.0,-4.0,-34.0
1776886815.7461028,2.0,-3.0,-39.0
1776886815.7561028,6.0,-5.0,-44.0
1776886815.7661028,5.0,-7.0,-49.0
1776886815.7761028,5.0,-3.0,-51.0
1776886815.7861028,3.0,-1.0,-45.0
1776886815.7961028,4.0,-5.0,-37.0
1776886815.8061028,5.0,-6.0,-33.0
1776886815.8161027,0.0,-8.0,-28.0
1776886815.8261027,1.0,-4.0,-21.0
1776886815.8361027,-2.0,-3.0,-22.0
1776886815.8461027,1.0,0.0,-31.0
1776886815.8561027,1.0,1.0,-30.0
1776886815.8661027,1.0,0.0,-36.0
1776886815.8761027,0.0,-2.0,-35.0
1776886815.886103,0.0,-1.0,-39.0
1776886815.896103,5.0,2.0,-39.0
1776886815.906103,4.0,5.0,-39.0
1776886815.9161026,6.0,1.0,-40.0
1776886815.9261026,7.0,0.0,-38.0
1776886815.9361026,3.0,-5.0,-44.0
1776886815.9461029,-1.0,-2.0,-39.0
1776886815.9561028,3.0,-2.0,-39.0
1776886815.9661028,2.0,2.0,-38.0
1776886815.9761028,0.0,0.0,-33.0
1776886815.9861028,1.0,-1.0,-39.0
1776886815.9961028,5.0,-2.0,-40.0
1776886816.0061028,4.0,-1.0,-43.0
1776886816.0161028,3.0,-2.0,-45.0
1776886816.0261028,4.0,-1.0,-42.0
1776886816.0361028,1.0,7.0,-46.0
1776886816.0461028,1.0,7.0,-50.0
1776886816.0561028,2.0,9.0,-45.0
1776886816.0661027,6.0,9.0,-38.0
1776886816.0761027,5.0,5.0,-35.0
1776886816.0861027,1.0,6.0,-35.0
1776886816.0961027,3.0,0.0,-35.0
1776886816.1061027,4.0,-6.0,-40.0
1776886816.1161027,6.0,-2.0,-38.0
1776886816.1261027,7.0,-2.0,-31.0
1776886816.136103,5.0,-4.0,-32.0
1776886816.146103,5.0,-3.0,-44.0
1776886816.156103,10.0,0.0,-45.0
1776886816.1661026,10.0,0.0,-42.0
1776886816.1761026,7.0,-3.0,-35.0
1776886816.1861026,10.0,-4.0,-34.0
1776886816.1961029,12.0,-4.0,-31.0
1776886816.2061028,7.0,-3.0,-37.0
1776886816.2161028,7.0,-6.0,-38.0
1776886816.2261028,4.0,-8.0,-33.0
1776886816.2361028,7.0,-7.0,-36.0
1776886816.2461028,2.0,-3.0,-45.0
1776886816.2561028,4.0,-5.0,-43.0
1776886816.2661028,2.0,-8.0,-47.0
1776886816.2761028,1.0,-11.0,-49.0
1776886816.2861028,3.0,-8.0,-43.0
1776886816.2961028,6.0,-6.0,-43.0
1776886816.307103,-2.0,-1.0,-44.0
1776886816.3161027,-5.0,-5.0,-38.0
1776886816.3261027,-1.0,-5.0,-38.0
1776886816.337103,-1.0,-3.0,-38.0
1776886816.3471026,-2.0,-4.0,-34.0
1776886816.3571026,-3.0,-3.0,-35.0
1776886816.3671026,-5.0,-4.0,-27.0
1776886816.3771029,-3.0,-1.0,-24.0
1776886816.3871028,0.0,2.0,-33.0
1776886816.396103,2.0,0.0,-36.0
1776886816.4071028,0.0,-2.0,-40.0
1776886816.4171028,-3.0,1.0,-37.0
1776886816.4271028,0.0,-1.0,-37.0
1776886816.4371028,3.0,-2.0,-33.0
1776886816.4471028,4.0,-6.0,-29.0
1776886816.4571028,1.0,-8.0,-29.0
1776886816.4671028,1.0,-8.0,-30.0
1776886816.4771028,1.0,-8.0,-32.0
1776886816.4871027,1.0,-4.0,-34.0
1776886816.4971027,0.0,-1.0,-38.0
1776886816.5071027,1.0,-1.0,-41.0
1776886816.5171027,-1.0,0.0,-41.0
1776886816.5271027,1.0,0.0,-38.0
1776886816.5371027,1.0,0.0,-40.0
1776886816.5471027,3.0,0.0,-44.0
1776886816.557103,-1.0,-1.0,-44.0
1776886816.567103,-1.0,0.0,-35.0
1776886816.577103,-4.0,-4.0,-33.0
1776886816.587103,0.0,-3.0,-30.0
1776886816.5971026,0.0,-1.0,-32.0
1776886816.6071026,-1.0,-3.0,-38.0
1776886816.6171026,0.0,-1.0,-34.0
1776886816.6271029,3.0,-4.0,-36.0
1776886816.6371028,2.0,-5.0,-37.0
1776886816.6471028,2.0,-5.0,-42.0
1776886816.6571028,-1.0,-3.0,-41.0
1776886816.6671028,-1.0,-2.0,-44.0
1776886816.6771028,0.0,0.0,-48.0
1776886816.6871028,3.0,-1.0,-49.0
1776886816.6971028,5.0,-3.0,-46.0
1776886816.7071028,2.0,-1.0,-44.0
1776886816.7171028,-5.0,0.0,-47.0
1776886816.7271028,-5.0,0.0,-39.0
1776886816.7371027,-3.0,1.0,-33.0
1776886816.7471027,-2.0,0.0,-38.0
1776886816.7571027,1.0,-1.0,-40.0
1776886816.7671027,-1.0,0.0,-46.0
1776886816.7771027,0.0,-1.0,-45.0
1776886816.7871027,2.0,1.0,-44.0
1776886816.7971027,5.0,2.0,-44.0
1776886816.807103,2.0,0.0,-44.0
1776886816.817103,4.0,1.0,-41.0
1776886816.827103,5.0,0.0,-41.0
1776886816.837103,3.0,-2.0,-41.0
1776886816.8471026,5.0,-2.0,-43.0
1776886816.8571026,2.0,-1.0,-36.0
1776886816.8671026,1.0,0.0,-35.0
1776886816.8771029,-6.0,0.0,-37.0
1776886816.8871028,-8.0,0.0,-34.0
1776886816.8971028,-8.0,2.0,-35.0
1776886816.9071028,-2.0,-1.0,-41.0
1776886816.9171028,1.0,-6.0,-48.0
1776886816.9271028,0.0,-6.0,-43.0
1776886816.9371028,-1.0,-5.0,-40.0
1776886816.9471028,0.0,-5.0,-34.0
1776886816.9571028,0.0,-4.0,-33.0
1776886816.9671028,0.0,1.0,-36.0
1776886816.9771028,6.0,4.0,-32.0
1776886816.9871027,3.0,2.0,-28.0
1776886816.9971027,0.0,4.0,-28.0
1776886817.0071027,1.0,0.0,-21.0
1776886817.0171027,6.0,0.0,-23.0
1776886817.0271027,9.0,-1.0,-29.0
1776886817.0371027,3.0,-1.0,-33.0
1776886817.0471027,2.0,0.0,-32.0
1776886817.057103,1.0,-1.0,-37.0
1776886817.067103,-1.0,-4.0,-36.0
1776886817.077103,3.0,-5.0,-42.0
1776886817.087103,5.0,-6.0,-42.0
1776886817.0971026,2.0,-5.0,-41.0
1776886817.1071026,1.0,-9.0,-40.0
1776886817.1171026,1.0,-7.0,-39.0
1776886817.1271029,9.0,-7.0,-44.0
1776886817.1371028,9.0,-6.0,-45.0
1776886817.1471028,7.0,-6.0,-46.0
1776886817.1571028,7.0,-7.0,-36.0
1776886817.1671028,8.0,-9.0,-34.0
1776886817.1771028,3.0,-6.0,-34.0
1776886817.1871028,3.0,-5.0,-36.0
1776886817.1971028,0.0,1.0,-39.0
1776886817.2071028,0.0,1.0,-43.0
1776886817.2171028,-2.0,1.0,-40.0
1776886817.2271028,-3.0,5.0,-36.0
1776886817.2371027,0.0,4.0,-35.0
1776886817.2471027,2.0,0.0,-38.0
1776886817.2571027,-5.0,-4.0,-42.0
1776886817.2671027,-4.0,-6.0,-41.0
1776886817.2771027,1.0,-5.0,-44.0
1776886817.2871027,2.0,-9.0,-37.0
1776886817.2971027,5.0,-9.0,-37.0
1776886817.307103,5.0,-7.0,-38.0
1776886817.317103,0.0,-3.0,-40.0
1776886817.327103,-4.0,-3.0,-43.0
1776886817.337103,-3.0,0.0,-43.0
1776886817.3471026,0.0,0.0,-36.0
1776886817.3571026,0.0,-1.0,-36.0
1776886817.3671026,-1.0,-3.0,-35.0
1776886817.3771029,1.0,-8.0,-35.0
1776886817.3871028,2.0,-7.0,-34.0
1776886817.3971028,0.0,-8.0,-44.0
1776886817.4071028,2.0,-10.0,-49.0
1776886817.4171028,-1.0,-7.0,-48.0
1776886817.4271028,0.0,-5.0,-44.0
1776886817.4371028,-2.0,-2.0,-47.0
1776886817.4471028,0.0,1.0,-47.0
1776886817.4571028,3.0,3.0,-46.0
1776886817.4671028,4.0,5.0,-52.0
1776886817.4771028,4.0,3.0,-53.0
1776886817.4871027,0.0,1.0,-47.0
1776886817.4971027,0.0,0.0,-47.0
1776886817.5071027,0.0,-4.0,-41.0
1776886817.5171027,0.0,-3.0,-39.0
1776886817.5271027,1.0,-2.0,-42.0
1776886817.5371027,1.0,-1.0,-39.0
1776886817.5471027,-2.0,3.0,-32.0
1776886817.557103,-3.0,0.0,-32.0
1776886817.567103,0.0,4.0,-30.0
1776886817.577103,-5.0,2.0,-26.0
1776886817.587103,-8.0,-1.0,-28.0
1776886817.5971026,-6.0,0.0,-27.0
1776886817.6071026,-6.0,-4.0,-25.0
1776886817.6171026,-11.0,-9.0,-25.0
1776886817.6271029,-8.0,-6.0,-27.0
1776886817.6371028,-3.0,-4.0,-27.0
1776886817.6471028,1.0,-5.0,-34.0
1776886817.6571028,4.0,-2.0,-33.0
1776886817.6671028,-2.0,1.0,-37.0
1776886817.6771028,0.0,1.0,-37.0
1776886817.6871028,1.0,0.0,-38.0
1776886817.6971028,3.0,0.0,-34.0
1776886817.7071028,5.0,-3.0,-34.0
1776886817.7171028,2.0,-2.0,-33.0
1776886817.7271028,5.0,-3.0,-35.0
1776886817.7371027,3.0,-7.0,-36.0
1776886817.7471027,1.0,-5.0,-40.0
1776886817.7571027,3.0,-6.0,-45.0
1776886817.7671027,3.0,-12.0,-43.0
1776886817.7771027,0.0,-14.0,-39.0
1776886817.7871027,0.0,-10.0,-37.0
1776886817.7971027,-4.0,-10.0,-37.0
1776886817.807103,-6.0,-7.0,-42.0
1776886817.817103,-3.0,-9.0,-45.0
1776886817.827103,-2.0,-6.0,-47.0
1776886817.837103,-1.0,-3.0,-52.0
1776886817.8471026,1.0,-4.0,-49.0
1776886817.8571026,2.0,-2.0,-48.0
1776886817.8671026,8.0,-3.0,-49.0
1776886817.8771029,4.0,-2.0,-45.0
1776886817.8871028,0.0,0.0,-38.0
1776886817.8971028,-3.0,-4.0,-44.0
1776886817.9071028,0.0,-7.0,-37.0
1776886817.9171028,0.0,-9.0,-36.0
1776886817.9271028,0.0,-9.0,-37.0
1776886817.9371028,0.0,-9.0,-36.0
1776886817.9471028,0.0,-5.0,-35.0
1776886817.9571028,-3.0,-4.0,-36.0
1776886817.9671028,0.0,-3.0,-35.0
1776886817.9771028,0.0,1.0,-35.0
1776886817.9871027,0.0,2.0,-36.0
1776886817.9971027,-1.0,1.0,-34.0
1776886818.0071027,2.0,0.0,-31.0
1776886818.0171027,0.0,-1.0,-26.0
1776886818.0271027,0.0,-2.0,-30.0
1776886818.0371027,0.0,-5.0,-31.0
1776886818.0471027,0.0,-3.0,-30.0
1776886818.057103,0.0,-5.0,-26.0
1776886818.067103,4.0,-3.0,-34.0
1776886818.077103,0.0,-4.0,-37.0
1776886818.087103,-4.0,-3.0,-31.0
1776886818.0971026,-5.0,-3.0,-31.0
1776886818.1071026,-8.0,-8.0,-38.0
1776886818.1171026,-7.0,-7.0,-37.0
1776886818.1271029,-4.0,-5.0,-34.0
1776886818.1371028,-1.0,-5.0,-34.0
1776886818.1471028,-1.0,-4.0,-36.0
1776886818.1571028,4.0,-1.0,-38.0
1776886818.1671028,4.0,-3.0,-38.0
1776886818.1771028,4.0,-5.0,-40.0
1776886818.1871028,4.0,-4.0,-41.0
1776886818.1971028,5.0,-1.0,-37.0
1776886818.2071028,4.0,-3.0,-40.0
1776886818.2171028,5.0,-3.0,-40.0
1776886818.2271028,4.0,-1.0,-41.0
1776886818.2371027,-3.0,-2.0,-37.0
1776886818.2471027,-3.0,-1.0,-39.0
1776886818.2571027,3.0,-4.0,-39.0
1776886818.2671027,0.0,-5.0,-40.0
1776886818.2771027,0.0,-11.0,-47.0
1776886818.2871027,3.0,-9.0,-51.0
1776886818.2981029,4.0,-6.0,-45.0
1776886818.307103,1.0,-6.0,-39.0
1776886818.317103,0.0,-3.0,-37.0
1776886818.327103,0.0,-4.0,-41.0
1776886818.3381028,-1.0,-5.0,-45.0
1776886818.3481028,0.0,-8.0,-40.0
1776886818.3581028,0.0,-8.0,-41.0
1776886818.3681028,0.0,-7.0,-45.0
1776886818.3781028,2.0,-4.0,-43.0
1776886818.3881028,3.0,-3.0,-39.0
1776886818.3981028,4.0,0.0,-36.0
1776886818.4081028,2.0,2.0,-37.0
1776886818.4181027,3.0,0.0,-37.0
1776886818.4281027,3.0,-1.0,-41.0
1776886818.4381027,2.0,-1.0,-41.0
1776886818.4481027,5.0,0.0,-44.0
1776886818.4581027,9.0,-1.0,-41.0
1776886818.4681027,6.0,-6.0,-47.0
1776886818.4781027,7.0,-6.0,-44.0
1776886818.488103,4.0,-7.0,-41.0
1776886818.498103,8.0,-9.0,-40.0
1776886818.508103,4.0,-2.0,-37.0
1776886818.5181026,6.0,-2.0,-37.0
1776886818.5281026,3.0,0.0,-39.0
1776886818.5381026,5.0,4.0,-33.0
1776886818.5481029,1.0,5.0,-37.0
1776886818.5581028,-1.0,0.0,-37.0
1776886818.5681028,0.0,1.0,-38.0
1776886818.5781028,-3.0,0.0,-42.0
1776886818.5881028,-3.0,1.0,-42.0
1776886818.5981028,-3.0,-1.0,-37.0
1776886818.6081028,-3.0,-4.0,-33.0
1776886818.6181028,-3.0,-10.0,-33.0
1776886818.6281028,-1.0,-4.0,-35.0
1776886818.6381028,-2.0,0.0,-36.0
1776886818.6481028,0.0,0.0,-34.0
1776886818.6581028,0.0,0.0,-32.0
1776886818.6681027,2.0,-1.0,-30.0
1776886818.6781027,2.0,-3.0,-31.0
1776886818.6881027,4.0,-2.0,-30.0
1776886818.6981027,0.0,-1.0,-35.0
1776886818.7081027,0.0,-1.0,-43.0
1776886818.7181027,0.0,0.0,-40.0
1776886818.7281027,0.0,0.0,-39.0
1776886818.738103,-2.0,0.0,-38.0
1776886818.748103,-6.0,2.0,-35.0
1776886818.758103,-2.0,0.0,-29.0
1776886818.7681026,0.0,2.0,-31.0
1776886818.7781026,-2.0,2.0,-40.0
1776886818.7881026,-4.0,0.0,-41.0
1776886818.7981029,-3.0,1.0,-37.0
1776886818.8081028,-1.0,0.0,-33.0
1776886818.8181028,-2.0,-5.0,-34.0
1776886818.8281028,3.0,0.0,-31.0
1776886818.8381028,6.0,2.0,-28.0
1776886818.8481028,4.0,-1.0,-30.0
1776886818.8581028,4.0,0.0,-33.0
1776886818.8681028,8.0,0.0,-33.0
1776886818.8781028,10.0,-1.0,-35.0
1776886818.8881028,9.0,2.0,-35.0
1776886818.8981028,6.0,2.0,-38.0
1776886818.9081028,7.0,4.0,-41.0
1776886818.9181027,1.0,2.0,-45.0
1776886818.9281027,3.0,1.0,-41.0
1776886818.9381027,3.0,0.0,-36.0
1776886818.9481027,3.0,2.0,-37.0
1776886818.9581027,2.0,1.0,-34.0
1776886818.9681027,0.0,4.0,-40.0
1776886818.9781027,1.0,1.0,-33.0
1776886818.988103,5.0,1.0,-32.0
1776886818.998103,5.0,-1.0,-29.0
1776886819.008103,3.0,-1.0,-35.0
1776886819.0181026,2.0,-4.0,-29.0
1776886819.0281026,-1.0,-1.0,-20.0
1776886819.0381026,-3.0,-2.0,-24.0
1776886819.0481029,0.0,0.0,-34.0
1776886819.0581028,0.0,-3.0,-29.0
1776886819.0681028,4.0,0.0,-23.0
1776886819.0781028,8.0,1.0,-24.0
1776886819.0881028,10.0,1.0,-29.0
1776886819.0981028,9.0,1.0,-36.0
1776886819.1081028,13.0,0.0,-39.0
1776886819.1181028,11.0,-1.0,-38.0
1776886819.1281028,10.0,0.0,-44.0
1776886819.1381028,6.0,0.0,-48.0
1776886819.1481028,7.0,1.0,-43.0
1776886819.1581028,3.0,3.0,-36.0
1776886819.1681027,0.0,6.0,-37.0
1776886819.1781027,0.0,3.0,-34.0
1776886819.1881027,-1.0,1.0,-42.0
1776886819.1981027,0.0,2.0,-37.0
1776886819.2081027,2.0,4.0,-37.0
1776886819.2181027,2.0,7.0,-42.0
1776886819.2281027,2.0,2.0,-38.0
1776886819.238103,8.0,1.0,-41.0
1776886819.248103,5.0,-3.0,-45.0
1776886819.258103,3.0,-5.0,-45.0
1776886819.2681026,4.0,-1.0,-46.0
1776886819.2781026,8.0,-5.0,-41.0
1776886819.2881026,8.0,-2.0,-39.0
1776886819.2981029,6.0,-1.0,-38.0
1776886819.3081028,4.0,-2.0,-38.0
1776886819.3181028,2.0,0.0,-34.0
1776886819.3281028,2.0,1.0,-44.0
1776886819.3381028,0.0,0.0,-46.0
1776886819.3481028,0.0,2.0,-46.0
1776886819.3581028,4.0,-2.0,-42.0
1776886819.3681028,6.0,-2.0,-46.0
1776886819.3781028,7.0,-2.0,-49.0
1776886819.3881028,4.0,-7.0,-51.0
1776886819.3981028,8.0,-7.0,-47.0
1776886819.4081028,5.0,-2.0,-46.0
1776886819.4181027,1.0,-4.0,-46.0
1776886819.4281027,-1.0,-5.0,-51.0
1776886819.4381027,-2.0,-3.0,-51.0
1776886819.4481027,0.0,0.0,-45.0
1776886819.4581027,3.0,4.0,-40.0
1776886819.4681027,3.0,3.0,-37.0
1776886819.4781027,0.0,0.0,-35.0
1776886819.488103,0.0,-2.0,-40.0
1776886819.498103,0.0,0.0,-48.0
1776886819.5091028,2.0,0.0,-39.0
1776886819.5181026,0.0,2.0,-41.0
1776886819.5281026,1.0,3.0,-38.0
1776886819.5381026,1.0,2.0,-43.0
1776886819.5481029,0.0,1.0,-40.0
1776886819.5581028,-2.0,3.0,-37.0
1776886819.5681028,0.0,6.0,-33.0
1776886819.5781028,-1.0,2.0,-27.0
1776886819.5881028,-3.0,0.0,-26.0
1776886819.5981028,0.0,3.0,-29.0
1776886819.6081028,2.0,7.0,-40.0
1776886819.6181028,-1.0,6.0,-49.0
1776886819.6281028,-2.0,5.0,-47.0
1776886819.6381028,-1.0,2.0,-40.0
1776886819.6481028,0.0,4.0,-36.0
1776886819.6581028,0.0,2.0,-40.0
1776886819.6681027,2.0,-1.0,-34.0
1776886819.6781027,-1.0,0.0,-34.0
1776886819.6881027,2.0,0.0,-33.0
1776886819.6981027,3.0,0.0,-38.0
1776886819.7081027,1.0,0.0,-36.0
1776886819.7181027,4.0,-2.0,-34.0
1776886819.7281027,3.0,-3.0,-38.0
1776886819.738103,0.0,-5.0,-36.0
1776886819.748103,0.0,-6.0,-34.0
1776886819.758103,2.0,-8.0,-31.0
1776886819.7681026,1.0,-8.0,-28.0
1776886819.7781026,2.0,-8.0,-34.0
1776886819.7881026,2.0,-8.0,-33.0
1776886819.7981029,1.0,-8.0,-35.0
1776886819.8081028,2.0,-3.0,-38.0
1776886819.8181028,2.0,-2.0,-40.0
1776886819.8281028,2.0,0.0,-45.0
1776886819.8381028,3.0,1.0,-47.0
1776886819.8481028,5.0,0.0,-51.0
1776886819.8581028,5.0,2.0,-47.0
1776886819.8681028,5.0,0.0,-46.0
1776886819.8781028,0.0,-1.0,-50.0
1776886819.8881028,-4.0,0.0,-43.0
1776886819.8981028,-1.0,0.0,-40.0
1776886819.9081028,1.0,-2.0,-46.0
1776886819.9181027,0.0,-1.0,-45.0
1776886819.9281027,1.0,-4.0,-40.0
1776886819.9381027,2.0,-5.0,-41.0
1776886819.9481027,0.0,-11.0,-42.0
1776886819.9581027,-2.0,-14.0,-41.0
1776886819.9681027,2.0,-11.0,-42.0
1776886819.9781027,1.0,-12.0,-45.0
1776886819.988103,0.0,-10.0,-46.0
1776886819.998103,-2.0,-7.0,-45.0
1776886820.008103,0.0,-5.0,-44.0
1776886820.0181026,1.0,-3.0,-40.0
1776886820.0281026,1.0,-4.0,-34.0
1776886820.0381026,1.0,-3.0,-36.0
1776886820.0481029,-4.0,-2.0,-42.0
1776886820.0581028,-2.0,-3.0,-48.0
1776886820.0681028,-2.0,-5.0,-47.0
1776886820.0781028,0.0,-8.0,-46.0
1776886820.0881028,-2.0,-4.0,-46.0
1776886820.0981028,0.0,-3.0,-50.0
1776886820.1081028,-6.0,-5.0,-47.0
1776886820.1181028,-3.0,-6.0,-50.0
1776886820.1281028,-3.0,-3.0,-48.0
1776886820.1381028,-6.0,-2.0,-48.0
1776886820.1481028,0.0,-5.0,-45.0
1776886820.1581028,-4.0,-5.0,-40.0
1776886820.1681027,-2.0,-3.0,-45.0
1776886820.1781027,-4.0,-2.0,-37.0
1776886820.1881027,-3.0,-3.0,-33.0
1776886820.1981027,0.0,-2.0,-33.0
1776886820.2081027,2.0,0.0,-33.0
1776886820.2181027,2.0,2.0,-32.0
1776886820.2281027,0.0,0.0,-37.0
1776886820.238103,2.0,1.0,-41.0
1776886820.248103,6.0,4.0,-44.0
1776886820.258103,10.0,5.0,-44.0
1776886820.2681026,7.0,1.0,-45.0
1776886820.2781026,4.0,1.0,-40.0
1776886820.2881026,2.0,1.0,-43.0
1776886820.2981029,0.0,0.0,-39.0
1776886820.3081028,1.0,3.0,-43.0
1776886820.3181028,0.0,2.0,-42.0
1776886820.3281028,3.0,0.0,-38.0
1776886820.3391027,0.0,0.0,-42.0
1776886820.3491027,4.0,1.0,-37.0
1776886820.3591027,4.0,4.0,-34.0
1776886820.3691027,3.0,4.0,-35.0
1776886820.3791027,-4.0,2.0,-38.0
1776886820.3891027,-4.0,4.0,-42.0
1776886820.3991027,-2.0,5.0,-45.0
1776886820.409103,0.0,6.0,-44.0
1776886820.419103,0.0,3.0,-37.0
1776886820.429103,1.0,2.0,-37.0
1776886820.4391026,2.0,2.0,-40.0
1776886820.4491026,5.0,0.0,-35.0
1776886820.4591026,4.0,0.0,-35.0
1776886820.4691026,2.0,0.0,-31.0
1776886820.4791028,6.0,-1.0,-28.0
1776886820.4891028,9.0,-6.0,-37.0
1776886820.4991028,7.0,-2.0,-39.0
1776886820.5091028,9.0,2.0,-44.0
1776886820.5191028,11.0,1.0,-44.0
1776886820.5291028,9.0,2.0,-40.0
1776886820.5391028,10.0,0.0,-44.0
1776886820.5491028,7.0,-1.0,-41.0
1776886820.5591028,8.0,-1.0,-36.0
1776886820.5691028,0.0,-1.0,-37.0
1776886820.5791028,-1.0,-4.0,-42.0
1776886820.5891027,0.0,-3.0,-42.0
1776886820.5991027,0.0,-3.0,-42.0
1776886820.6091027,0.0,-1.0,-40.0
1776886820.6191027,-5.0,-3.0,-45.0
1776886820.6291027,-8.0,-4.0,-38.0
1776886820.6391027,-5.0,-6.0,-38.0
1776886820.6491027,0.0,-7.0,-38.0
1776886820.659103,2.0,-6.0,-39.0
1776886820.669103,5.0,-3.0,-42.0
1776886820.679103,6.0,-4.0,-47.0
1776886820.6891026,6.0,-5.0,-47.0
1776886820.6991026,9.0,-7.0,-42.0
1776886820.7091026,5.0,-7.0,-35.0
1776886820.7191026,0.0,-9.0,-38.0
1776886820.7291028,2.0,-8.0,-44.0
1776886820.7391028,4.0,-7.0,-47.0
1776886820.7491028,2.0,-5.0,-43.0
1776886820.7591028,0.0,-4.0,-46.0
1776886820.7691028,-5.0,-2.0,-43.0
1776886820.7791028,-7.0,-6.0,-40.0
1776886820.7891028,-3.0,-7.0,-34.0
1776886820.7991028,-5.0,-6.0,-30.0
1776886820.8091028,-5.0,-4.0,-28.0
1776886820.8191028,-3.0,-2.0,-35.0
1776886820.8291028,-3.0,-1.0,-35.0
1776886820.8391027,0.0,-3.0,-41.0
1776886820.8491027,5.0,-5.0,-35.0
1776886820.8591027,7.0,1.0,-37.0
1776886820.8691027,4.0,1.0,-42.0
1776886820.8791027,5.0,1.0,-42.0
1776886820.8891027,6.0,-5.0,-42.0
1776886820.8991027,9.0,-8.0,-46.0
1776886820.909103,15.0,-8.0,-42.0
1776886820.919103,11.0,-10.0,-46.0
1776886820.929103,11.0,-8.0,-37.0
1776886820.9391026,7.0,-7.0,-40.0
1776886820.9491026,8.0,-5.0,-39.0
1776886820.9591026,4.0,-2.0,-37.0
1776886820.9691026,5.0,-2.0,-32.0
1776886820.9791028,4.0,-4.0,-34.0
1776886820.9891028,-1.0,0.0,-34.0
1776886820.9991028,-4.0,2.0,-33.0
1776886821.0091028,-4.0,-2.0,-24.0
1776886821.0191028,-4.0,-2.0,-25.0
1776886821.0291028,-3.0,0.0,-28.0
1776886821.0391028,-2.0,0.0,-28.0
1776886821.0491028,-2.0,-4.0,-33.0
1776886821.0591028,0.0,-4.0,-34.0
1776886821.0691028,-1.0,-2.0,-32.0
1776886821.0791028,0.0,-1.0,-31.0
1776886821.0891027,-4.0,0.0,-32.0
1776886821.0991027,-6.0,0.0,-33.0
1776886821.1091027,-2.0,-3.0,-37.0
1776886821.1191027,-2.0,-2.0,-36.0
1776886821.1291027,-3.0,-2.0,-34.0
1776886821.1391027,-1.0,-4.0,-35.0
1776886821.1491027,0.0,-3.0,-37.0
1776886821.159103,2.0,-4.0,-37.0
1776886821.169103,2.0,-4.0,-40.0
1776886821.179103,1.0,-6.0,-38.0
1776886821.1891026,-6.0,-8.0,-38.0
1776886821.1991026,-4.0,-7.0,-34.0
1776886821.2091026,-6.0,0.0,-35.0
1776886821.2191026,-3.0,1.0,-42.0
1776886821.2291028,-4.0,0.0,-41.0
1776886821.2391028,-6.0,0.0,-36.0
1776886821.2491028,-4.0,0.0,-42.0
1776886821.2591028,-3.0,-1.0,-43.0
1776886821.2691028,0.0,-2.0,-43.0
1776886821.2791028,0.0,-1.0,-44.0
1776886821.2891028,-2.0,0.0,-45.0
1776886821.2991028,0.0,1.0,-48.0
1776886821.3091028,0.0,0.0,-40.0
1776886821.3191028,0.0,4.0,-36.0
1776886821.3291028,3.0,0.0,-35.0
1776886821.3391027,7.0,-3.0,-30.0
1776886821.3491027,7.0,2.0,-35.0
1776886821.3591027,4.0,5.0,-39.0
1776886821.3691027,2.0,5.0,-40.0
1776886821.3791027,-4.0,2.0,-41.0
1776886821.3891027,-5.0,-3.0,-37.0
1776886821.3991027,0.0,-3.0,-42.0
1776886821.409103,1.0,-5.0,-39.0
1776886821.419103,5.0,-6.0,-38.0
1776886821.429103,0.0,-4.0,-38.0
1776886821.4391026,0.0,-5.0,-35.0
1776886821.4491026,5.0,-4.0,-36.0
1776886821.4591026,6.0,-3.0,-38.0
1776886821.4691026,1.0,-3.0,-30.0
1776886821.4791028,2.0,-4.0,-31.0
1776886821.4891028,-1.0,2.0,-35.0
1776886821.4991028,-1.0,4.0,-32.0
1776886821.5091028,2.0,0.0,-25.0
1776886821.5191028,1.0,-5.0,-29.0
1776886821.5291028,0.0,-6.0,-35.0
1776886821.5391028,2.0,-4.0,-36.0
1776886821.5491028,6.0,0.0,-39.0
1776886821.5591028,6.0,2.0,-41.0
1776886821.5691028,3.0,-2.0,-41.0
1776886821.5791028,4.0,-4.0,-34.0
1776886821.5891027,3.0,0.0,-40.0
1776886821.5991027,2.0,1.0,-37.0
1776886821.6091027,0.0,1.0,-43.0
1776886821.6191027,3.0,-1.0,-41.0
1776886821.6291027,2.0,0.0,-40.0
1776886821.6391027,2.0,0.0,-36.0
1776886821.6491027,0.0,0.0,-32.0
1776886821.659103,-1.0,0.0,-30.0
1776886821.669103,-1.0,0.0,-30.0
1776886821.679103,-2.0,0.0,-30.0
1776886821.6891026,2.0,-3.0,-34.0
1776886821.6991026,4.0,-4.0,-39.0
1776886821.7091026,3.0,-5.0,-36.0
1776886821.7191026,5.0,-2.0,-35.0
1776886821.7291028,5.0,-2.0,-31.0
1776886821.7391028,3.0,0.0,-38.0
1776886821.7491028,0.0,0.0,-42.0
1776886821.7591028,-3.0,0.0,-39.0
1776886821.7691028,-2.0,-3.0,-39.0
1776886821.7791028,0.0,-6.0,-40.0
1776886821.7891028,1.0,-3.0,-38.0
1776886821.7991028,0.0,-1.0,-35.0
1776886821.8091028,-2.0,0.0,-36.0
1776886821.8191028,-4.0,-4.0,-36.0
1776886821.8291028,-3.0,-4.0,-38.0
1776886821.8391027,0.0,-2.0,-38.0
1776886821.8491027,-1.0,3.0,-38.0
1776886821.8591027,0.0,1.0,-41.0
1776886821.8691027,6.0,4.0,-43.0
1776886821.8791027,3.0,2.0,-43.0
1776886821.8891027,2.0,1.0,-46.0
1776886821.8991027,6.0,5.0,-40.0
1776886821.909103,4.0,6.0,-36.0
1776886821.919103,3.0,7.0,-37.0
1776886821.929103,0.0,5.0,-37.0
1776886821.9391026,-1.0,3.0,-40.0
1776886821.9491026,0.0,1.0,-39.0
1776886821.9591026,3.0,5.0,-40.0
1776886821.9691026,0.0,2.0,-38.0
1776886821.9791028,-1.0,-1.0,-41.0
1776886821.9891028,-3.0,-3.0,-35.0
1776886821.9991028,-4.0,-3.0,-33.0
1776886822.0091028,-2.0,-3.0,-34.0
1776886822.0191028,-1.0,-3.0,-35.0
1776886822.0291028,-3.0,-6.0,-41.0
1776886822.0391028,0.0,-6.0,-39.0
1776886822.0491028,2.0,-2.0,-42.0
1776886822.0591028,6.0,-3.0,-42.0
1776886822.0691028,6.0,-3.0,-47.0
1776886822.0791028,1.0,-4.0,-46.0
1776886822.0891027,-1.0,3.0,-41.0
1776886822.0991027,-2.0,4.0,-42.0
1776886822.1091027,0.0,4.0,-44.0
1776886822.1191027,0.0,8.0,-37.0
1776886822.1291027,5.0,0.0,-38.0
1776886822.1391027,4.0,-2.0,-35.0
1776886822.1491027,5.0,-6.0,-31.0
1776886822.159103,9.0,-2.0,-35.0
1776886822.169103,5.0,-4.0,-28.0
1776886822.179103,2.0,-7.0,-27.0
1776886822.1891026,0.0,-5.0,-29.0
1776886822.1991026,0.0,-5.0,-24.0
1776886822.2091026,5.0,-6.0,-23.0
1776886822.2191026,2.0,-6.0,-26.0
1776886822.2291028,1.0,-2.0,-25.0
1776886822.2391028,0.0,-3.0,-35.0
1776886822.2491028,2.0,0.0,-43.0
1776886822.2591028,0.0,2.0,-45.0
1776886822.2691028,0.0,0.0,-43.0
1776886822.2791028,4.0,0.0,-40.0
1776886822.2891028,3.0,-1.0,-41.0
1776886822.2991028,3.0,0.0,-40.0
1776886822.3101027,4.0,1.0,-48.0
1776886822.3201027,1.0,5.0,-53.0
1776886822.3301027,2.0,1.0,-42.0
1776886822.340103,2.0,-1.0,-35.0
1776886822.350103,3.0,0.0,-38.0
1776886822.360103,2.0,2.0,-33.0
1776886822.3701026,0.0,0.0,-38.0
1776886822.3801026,0.0,0.0,-37.0
1776886822.3901026,3.0,-1.0,-41.0
1776886822.4001029,2.0,-3.0,-35.0
1776886822.4101028,5.0,1.0,-36.0
1776886822.4201028,6.0,4.0,-31.0
1776886822.4301028,2.0,5.0,-26.0
1776886822.4401028,0.0,5.0,-25.0
1776886822.4501028,3.0,1.0,-26.0
1776886822.4601028,4.0,-3.0,-35.0
1776886822.4701028,6.0,-5.0,-40.0
1776886822.4801028,5.0,-3.0,-47.0
1776886822.4901028,1.0,0.0,-42.0
1776886822.5001028,3.0,0.0,-44.0
1776886822.5101027,-1.0,-7.0,-44.0
1776886822.5201027,-4.0,-5.0,-45.0
1776886822.5301027,1.0,-5.0,-46.0
1776886822.5401027,6.0,0.0,-50.0
1776886822.5501027,5.0,-1.0,-54.0
1776886822.5601027,0.0,0.0,-54.0
1776886822.5701027,3.0,0.0,-52.0
1776886822.5801027,4.0,2.0,-47.0
1776886822.590103,4.0,2.0,-44.0
1776886822.600103,6.0,1.0,-42.0
1776886822.610103,6.0,0.0,-34.0
1776886822.6201026,-3.0,1.0,-35.0
1776886822.6301026,-1.0,2.0,-41.0
1776886822.6401026,-1.0,0.0,-42.0
1776886822.6501029,-3.0,-2.0,-44.0
1776886822.6601028,-5.0,2.0,-46.0
1776886822.6701028,-4.0,4.0,-45.0
1776886822.6801028,-2.0,2.0,-42.0
1776886822.6901028,0.0,0.0,-40.0
1776886822.7001028,0.0,0.0,-42.0
1776886822.7101028,-5.0,0.0,-43.0
1776886822.7201028,-2.0,-4.0,-37.0
1776886822.7301028,2.0,-6.0,-33.0
1776886822.7401028,2.0,-9.0,-33.0
1776886822.7501028,1.0,-8.0,-32.0
1776886822.7601027,0.0,-6.0,-31.0
1776886822.7701027,1.0,-8.0,-30.0
1776886822.7801027,1.0,-1.0,-31.0
1776886822.7901027,0.0,0.0,-32.0
1776886822.8001027,0.0,-3.0,-40.0
1776886822.8101027,0.0,-5.0,-35.0
1776886822.8201027,0.0,-6.0,-30.0
1776886822.8301027,0.0,-6.0,-28.0
1776886822.840103,0.0,0.0,-27.0
1776886822.850103,5.0,0.0,-26.0
1776886822.860103,5.0,0.0,-30.0
1776886822.8701026,5.0,-3.0,-36.0
1776886822.8801026,1.0,0.0,-35.0
1776886822.8901026,1.0,0.0,-35.0
1776886822.9001029,5.0,1.0,-35.0
1776886822.9101028,6.0,0.0,-31.0
1776886822.9201028,2.0,0.0,-35.0
1776886822.9301028,1.0,2.0,-38.0
1776886822.9401028,4.0,-1.0,-44.0
1776886822.9501028,1.0,-5.0,-37.0
1776886822.9601028,-2.0,-3.0,-32.0
1776886822.9701028,-5.0,-2.0,-36.0
1776886822.9801028,-3.0,-4.0,-37.0
1776886822.9901028,-1.0,-1.0,-36.0
1776886823.0001028,-1.0,-1.0,-31.0
1776886823.0101027,1.0,-2.0,-30.0
1776886823.0201027,6.0,0.0,-28.0
1776886823.0301027,8.0,0.0,-28.0
1776886823.0401027,9.0,0.0,-25.0
1776886823.0501027,8.0,-6.0,-24.0
1776886823.0601027,5.0,-9.0,-29.0
1776886823.0701027,1.0,-13.0,-31.0
1776886823.0801027,-3.0,-10.0,-36.0
1776886823.090103,0.0,-8.0,-36.0
1776886823.100103,1.0,-7.0,-38.0
1776886823.110103,0.0,-4.0,-32.0
1776886823.1201026,0.0,-4.0,-31.0
1776886823.1301026,1.0,-8.0,-40.0
1776886823.1401026,2.0,-8.0,-44.0
1776886823.1501029,1.0,-4.0,-43.0
1776886823.1601028,0.0,-2.0,-42.0
1776886823.1701028,1.0,-5.0,-37.0
1776886823.1801028,3.0,-3.0,-34.0
1776886823.1901028,5.0,-5.0,-37.0
1776886823.2001028,4.0,-5.0,-36.0
1776886823.2101028,1.0,-6.0,-37.0
1776886823.2201028,2.0,-6.0,-41.0
1776886823.2301028,1.0,-4.0,-35.0
1776886823.2401028,-1.0,-5.0,-32.0
1776886823.2501028,0.0,-8.0,-33.0
1776886823.2601027,0.0,-5.0,-33.0
1776886823.2701027,1.0,-3.0,-33.0
1776886823.2801027,0.0,-1.0,-30.0
1776886823.2901027,3.0,-1.0,-38.0
1776886823.3001027,3.0,-1.0,-44.0
1776886823.3101027,8.0,-6.0,-42.0
1776886823.3201027,6.0,-4.0,-41.0
1776886823.3301027,6.0,-2.0,-43.0
1776886823.340103,8.0,2.0,-49.0
1776886823.350103,8.0,4.0,-47.0
1776886823.360103,5.0,0.0,-49.0
1776886823.3701026,8.0,0.0,-41.0
1776886823.3801026,5.0,0.0,-41.0
1776886823.3901026,7.0,0.0,-35.0
1776886823.4001029,7.0,-3.0,-35.0
1776886823.4101028,3.0,-2.0,-27.0
1776886823.4201028,5.0,1.0,-29.0
1776886823.4301028,0.0,0.0,-41.0
1776886823.4401028,-4.0,-2.0,-41.0
1776886823.4501028,-2.0,-3.0,-43.0
1776886823.4601028,0.0,2.0,-38.0
1776886823.4701028,0.0,0.0,-36.0
1776886823.4801028,0.0,0.0,-36.0
1776886823.4901028,0.0,0.0,-36.0
1776886823.5001028,-1.0,1.0,-27.0
1776886823.5101027,-5.0,-1.0,-34.0
1776886823.5201027,-8.0,-3.0,-41.0
1776886823.5301027,-3.0,4.0,-45.0
1776886823.5401027,1.0,6.0,-39.0
1776886823.5501027,0.0,6.0,-43.0
1776886823.5601027,1.0,2.0,-39.0
1776886823.5701027,-4.0,-1.0,-34.0
1776886823.5801027,-2.0,-1.0,-36.0
1776886823.590103,-3.0,-2.0,-33.0
1776886823.600103,-1.0,-3.0,-31.0
1776886823.610103,3.0,-7.0,-29.0
1776886823.6201026,6.0,-9.0,-30.0
1776886823.6301026,6.0,-10.0,-29.0
1776886823.6401026,2.0,-10.0,-34.0
1776886823.6501029,1.0,-7.0,-41.0
1776886823.6601028,5.0,-3.0,-39.0
1776886823.6701028,7.0,-7.0,-43.0
1776886823.6801028,8.0,-4.0,-40.0
1776886823.6901028,8.0,-4.0,-34.0
1776886823.7001028,9.0,-2.0,-35.0
1776886823.7101028,6.0,-2.0,-32.0
1776886823.7201028,0.0,-3.0,-32.0
1776886823.7301028,0.0,-5.0,-29.0
1776886823.7401028,-3.0,-2.0,-25.0
1776886823.7501028,1.0,-4.0,-31.0
1776886823.7601027,2.0,-5.0,-32.0
1776886823.7701027,-2.0,-6.0,-34.0
1776886823.7801027,0.0,-3.0,-33.0
1776886823.7901027,0.0,-5.0,-27.0
1776886823.8001027,0.0,-6.0,-32.0
1776886823.8101027,0.0,-3.0,-26.0
1776886823.8201027,4.0,-4.0,-33.0
1776886823.8301027,0.0,-5.0,-39.0
1776886823.840103,-2.0,-1.0,-39.0
1776886823.850103,-1.0,-2.0,-34.0
1776886823.860103,-4.0,0.0,-32.0
1776886823.8701026,-4.0,0.0,-29.0
1776886823.8801026,-5.0,0.0,-32.0
1776886823.8901026,-6.0,0.0,-31.0
1776886823.9001029,0.0,2.0,-28.0
1776886823.9101028,1.0,0.0,-31.0
1776886823.9201028,4.0,1.0,-37.0
1776886823.9301028,3.0,0.0,-39.0
1776886823.9401028,0.0,0.0,-37.0
1776886823.9501028,-2.0,2.0,-37.0
1776886823.9601028,0.0,1.0,-35.0
1776886823.9701028,0.0,2.0,-39.0
1776886823.9801028,-5.0,1.0,-41.0
1776886823.9901028,-3.0,0.0,-41.0
1776886824.0001028,-9.0,0.0,-41.0
1776886824.0101027,-8.0,-2.0,-40.0
1776886824.0201027,-7.0,-3.0,-51.0
1776886824.0301027,-7.0,-4.0,-55.0
1776886824.0401027,-8.0,-1.0,-52.0
1776886824.0501027,-5.0,-3.0,-57.0
1776886824.0601027,-2.0,-5.0,-54.0
1776886824.0701027,-1.0,-8.0,-43.0
1776886824.0801027,-2.0,-7.0,-41.0
1776886824.090103,0.0,-3.0,-31.0
1776886824.100103,2.0,-4.0,-30.0
1776886824.110103,0.0,-2.0,-34.0
1776886824.1201026,-2.0,-5.0,-37.0
1776886824.1301026,-3.0,-7.0,-37.0
1776886824.1401026,0.0,-9.0,-31.0
1776886824.1501029,-2.0,-5.0,-30.0
1776886824.1601028,-3.0,-4.0,-40.0
1776886824.1701028,-1.0,-3.0,-41.0
1776886824.1801028,-1.0,0.0,-47.0
1776886824.1901028,0.0,0.0,-45.0
1776886824.2001028,0.0,1.0,-48.0
1776886824.2101028,-4.0,0.0,-44.0
1776886824.2201028,-5.0,-2.0,-42.0
1776886824.2301028,-4.0,-2.0,-44.0
1776886824.2401028,0.0,-1.0,-44.0
1776886824.2501028,2.0,0.0,-36.0
1776886824.2601027,-1.0,-2.0,-36.0
1776886824.2701027,1.0,-1.0,-40.0
1776886824.2801027,2.0,-4.0,-42.0
1776886824.2911026,-1.0,-3.0,-37.0
1776886824.3001027,0.0,-5.0,-38.0
1776886824.3101027,2.0,-7.0,-32.0
1776886824.3211029,2.0,-7.0,-34.0
1776886824.3311028,4.0,-6.0,-37.0
1776886824.3411028,5.0,-2.0,-38.0
1776886824.3511028,0.0,-2.0,-35.0
1776886824.3611028,-3.0,-1.0,-35.0
1776886824.3711028,-2.0,1.0,-27.0
1776886824.3811028,-5.0,3.0,-34.0
1776886824.3911028,-5.0,2.0,-36.0
1776886824.4011028,-4.0,3.0,-30.0
1776886824.4111028,-3.0,3.0,-26.0
1776886824.4211028,-5.0,1.0,-30.0
1776886824.4311028,-6.0,1.0,-32.0
1776886824.4411027,-5.0,0.0,-32.0
1776886824.4511027,-3.0,1.0,-28.0
1776886824.4611027,1.0,3.0,-31.0
1776886824.4711027,4.0,0.0,-27.0
1776886824.4811027,4.0,1.0,-26.0
1776886824.4911027,4.0,0.0,-32.0
1776886824.5011027,0.0,0.0,-35.0
1776886824.511103,-4.0,1.0,-33.0
1776886824.521103,0.0,2.0,-30.0
1776886824.531103,6.0,3.0,-31.0
1776886824.5411026,6.0,4.0,-31.0
1776886824.5511026,3.0,0.0,-40.0
1776886824.5611026,8.0,-4.0,-49.0
1776886824.5711029,8.0,-3.0,-55.0
1776886824.5811028,2.0,-6.0,-56.0
1776886824.5911028,1.0,-11.0,-53.0
1776886824.6011028,-2.0,-6.0,-41.0
1776886824.6111028,-3.0,-8.0,-37.0
1776886824.6211028,-4.0,-7.0,-39.0
1776886824.6311028,-5.0,-2.0,-42.0
1776886824.6411028,-3.0,-3.0,-42.0
1776886824.6511028,-2.0,-6.0,-42.0
1776886824.6611028,3.0,-4.0,-44.0
1776886824.6711028,6.0,0.0,-47.0
1776886824.6811028,5.0,0.0,-42.0
1776886824.6911027,9.0,0.0,-41.0
1776886824.7011027,5.0,-3.0,-42.0
1776886824.7111027,3.0,-4.0,-34.0
1776886824.7211027,1.0,-2.0,-34.0
1776886824.7311027,0.0,-2.0,-33.0
1776886824.7411027,0.0,0.0,-34.0
1776886824.7511027,4.0,-1.0,-33.0
1776886824.761103,6.0,-6.0,-29.0
1776886824.771103,5.0,-6.0,-26.0
1776886824.781103,8.0,-5.0,-26.0
1776886824.7911026,10.0,-4.0,-30.0
1776886824.8011026,8.0,-4.0,-35.0
1776886824.8111026,11.0,-6.0,-34.0
1776886824.8211029,7.0,-6.0,-34.0
1776886824.8311028,6.0,-1.0,-31.0
1776886824.8411028,3.0,-1.0,-29.0
1776886824.8511028,-1.0,0.0,-39.0
1776886824.8611028,-3.0,1.0,-42.0
1776886824.8711028,0.0,4.0,-43.0
1776886824.8811028,0.0,2.0,-51.0
1776886824.8911028,-3.0,2.0,-48.0
1776886824.9011028,-2.0,6.0,-47.0
1776886824.9111028,-3.0,5.0,-50.0
1776886824.9211028,0.0,1.0,-48.0
1776886824.9311028,-4.0,0.0,-50.0
1776886824.9411027,-1.0,1.0,-48.0
1776886824.9511027,-6.0,0.0,-48.0
1776886824.9611027,-2.0,4.0,-39.0
1776886824.9711027,3.0,1.0,-39.0
1776886824.9811027,0.0,3.0,-40.0
1776886824.9911027,0.0,3.0,-37.0
1776886825.0011027,-2.0,4.0,-36.0
1776886825.011103,0.0,6.0,-40.0
1776886825.021103,-8.0,5.0,-41.0
1776886825.031103,-8.0,1.0,-41.0
1776886825.0411026,-2.0,0.0,-44.0
1776886825.0511026,-3.0,0.0,-42.0
1776886825.0611026,-3.0,-1.0,-40.0
1776886825.0711029,-3.0,-2.0,-38.0
1776886825.0811028,-2.0,-3.0,-42.0
1776886825.0911028,-1.0,-4.0,-47.0
1776886825.1011028,-2.0,-3.0,-41.0
1776886825.1111028,0.0,1.0,-41.0
1776886825.1211028,1.0,-2.0,-40.0
1776886825.1311028,4.0,-4.0,-41.0
1776886825.1411028,10.0,-2.0,-42.0
1776886825.1511028,5.0,-1.0,-37.0
1776886825.1611028,0.0,-2.0,-32.0
1776886825.1711028,1.0,-6.0,-29.0
1776886825.1811028,1.0,-3.0,-33.0
1776886825.1911027,1.0,-2.0,-31.0
1776886825.2011027,1.0,-5.0,-35.0
1776886825.2111027,-1.0,-5.0,-38.0
1776886825.2211027,2.0,-5.0,-35.0
1776886825.2311027,2.0,-4.0,-31.0
1776886825.2411027,5.0,-2.0,-35.0
1776886825.2511027,4.0,-2.0,-36.0
1776886825.261103,7.0,-4.0,-30.0
1776886825.271103,5.0,0.0,-31.0
1776886825.281103,4.0,2.0,-34.0
1776886825.2911026,6.0,2.0,-39.0
1776886825.3011026,4.0,4.0,-41.0
1776886825.3111026,6.0,2.0,-44.0
1776886825.3211029,8.0,-2.0,-43.0
1776886825.3311028,11.0,0.0,-45.0
1776886825.3411028,6.0,-1.0,-49.0
1776886825.3511028,4.0,-3.0,-47.0
1776886825.3611028,3.0,-4.0,-48.0
1776886825.3711028,4.0,1.0,-47.0
1776886825.3811028,0.0,2.0,-48.0
1776886825.3911028,1.0,1.0,-41.0
1776886825.4011028,2.0,-1.0,-44.0
1776886825.4111028,3.0,0.0,-46.0
1776886825.4211028,4.0,3.0,-43.0
1776886825.4311028,2.0,2.0,-47.0
1776886825.4411027,1.0,2.0,-44.0
1776886825.4511027,2.0,1.0,-42.0
1776886825.4611027,-2.0,-2.0,-47.0
1776886825.4711027,-6.0,-5.0,-47.0
1776886825.4811027,-6.0,-1.0,-38.0
1776886825.4911027,-6.0,0.0,-37.0
1776886825.5011027,-6.0,0.0,-35.0
1776886825.511103,0.0,0.0,-35.0
1776886825.521103,5.0,-4.0,-29.0
1776886825.531103,7.0,-7.0,-30.0
1776886825.5411026,5.0,-7.0,-32.0
1776886825.5511026,1.0,-5.0,-33.0
1776886825.5611026,-2.0,-4.0,-35.0
1776886825.5711029,-1.0,-1.0,-38.0
1776886825.5811028,-1.0,0.0,-48.0
1776886825.5911028,-4.0,1.0,-44.0
1776886825.6011028,-7.0,-1.0,-47.0
1776886825.6111028,-4.0,0.0,-39.0
1776886825.6211028,-1.0,-1.0,-45.0
1776886825.6311028,1.0,0.0,-44.0
1776886825.6411028,-1.0,-3.0,-38.0
1776886825.6511028,0.0,-6.0,-34.0
1776886825.6611028,0.0,-5.0,-30.0
1776886825.6711028,3.0,-6.0,-33.0
1776886825.6811028,1.0,-3.0,-34.0
1776886825.6911027,0.0,5.0,-31.0
1776886825.7011027,0.0,2.0,-34.0
1776886825.7111027,-1.0,1.0,-36.0
1776886825.7211027,-3.0,0.0,-32.0
1776886825.7311027,-4.0,1.0,-31.0
1776886825.7411027,-5.0,1.0,-35.0
1776886825.7511027,-3.0,2.0,-44.0
1776886825.761103,-1.0,2.0,-38.0
1776886825.771103,-1.0,1.0,-44.0
1776886825.781103,0.0,4.0,-46.0
1776886825.7911026,-1.0,2.0,-40.0
1776886825.8011026,0.0,0.0,-39.0
1776886825.8111026,3.0,0.0,-38.0
1776886825.8211029,3.0,-1.0,-39.0
1776886825.8311028,4.0,0.0,-38.0
1776886825.8411028,0.0,1.0,-39.0
1776886825.8511028,-1.0,1.0,-40.0
1776886825.8611028,-4.0,4.0,-47.0
1776886825.8711028,-1.0,6.0,-50.0
1776886825.8811028,-1.0,7.0,-47.0
1776886825.8911028,-4.0,2.0,-49.0
1776886825.9011028,-1.0,-4.0,-48.0
1776886825.9111028,0.0,-3.0,-46.0
1776886825.9211028,-2.0,-1.0,-48.0
1776886825.9311028,-6.0,0.0,-45.0
1776886825.9411027,-6.0,0.0,-38.0
1776886825.9511027,-4.0,-3.0,-49.0
1776886825.9611027,-1.0,-4.0,-36.0
1776886825.9711027,0.0,-6.0,-36.0
1776886825.9811027,2.0,-5.0,-39.0
1776886825.9911027,2.0,-5.0,-37.0
1776886826.0011027,10.0,-2.0,-39.0
1776886826.011103,10.0,-1.0,-36.0
1776886826.021103,8.0,-2.0,-34.0
1776886826.031103,8.0,-2.0,-30.0
1776886826.0411026,8.0,-1.0,-26.0
1776886826.0511026,6.0,1.0,-29.0
1776886826.0611026,0.0,3.0,-25.0
1776886826.0711029,0.0,-2.0,-24.0
1776886826.0811028,3.0,-5.0,-28.0
1776886826.0911028,4.0,-6.0,-30.0
1776886826.1011028,4.0,-6.0,-33.0
1776886826.1111028,0.0,-5.0,-36.0
1776886826.1211028,2.0,-5.0,-38.0
1776886826.1311028,2.0,-1.0,-37.0
1776886826.1411028,0.0,-3.0,-39.0
1776886826.1511028,0.0,-3.0,-36.0
1776886826.1611028,2.0,-1.0,-33.0
1776886826.1711028,4.0,-4.0,-34.0
1776886826.1811028,4.0,-1.0,-33.0
1776886826.1911027,2.0,0.0,-31.0
1776886826.2011027,2.0,-2.0,-41.0
1776886826.2111027,3.0,-1.0,-47.0
1776886826.2211027,5.0,1.0,-47.0
1776886826.2311027,5.0,-3.0,-41.0
1776886826.2411027,3.0,-2.0,-41.0
1776886826.2511027,5.0,-2.0,-44.0
1776886826.261103,2.0,-3.0,-49.0
1776886826.271103,-1.0,-2.0,-47.0
1776886826.281103,2.0,-3.0,-49.0
1776886826.2911026,5.0,-6.0,-50.0
1776886826.3021028,7.0,-3.0,-53.0
1776886826.3111026,5.0,-2.0,-51.0
1776886826.3211029,5.0,-1.0,-50.0
1776886826.3321028,0.0,-2.0,-44.0
1776886826.3421028,-1.0,0.0,-42.0
1776886826.3521028,0.0,0.0,-44.0
1776886826.3621027,1.0,4.0,-41.0
1776886826.3721027,2.0,6.0,-31.0
1776886826.3821027,2.0,3.0,-28.0
1776886826.3921027,6.0,0.0,-39.0
1776886826.4021027,2.0,-1.0,-35.0
1776886826.4121027,-1.0,-1.0,-31.0
1776886826.4221027,-2.0,-2.0,-26.0
1776886826.432103,3.0,-4.0,-24.0
1776886826.442103,2.0,-3.0,-28.0
1776886826.452103,-1.0,-1.0,-37.0
1776886826.462103,1.0,-4.0,-48.0
1776886826.4721026,1.0,-6.0,-47.0
1776886826.4821026,0.0,-3.0,-46.0
1776886826.4921026,0.0,-2.0,-49.0
1776886826.5021029,-7.0,0.0,-49.0
1776886826.5121028,-6.0,-2.0,-46.0
1776886826.5221028,-1.0,-6.0,-45.0
1776886826.5321028,2.0,-3.0,-38.0
1776886826.5421028,7.0,-6.0,-35.0
1776886826.5521028,9.0,-8.0,-37.0
1776886826.5621028,4.0,-9.0,-36.0
1776886826.5721028,3.0,-10.0,-31.0
1776886826.5821028,0.0,-6.0,-31.0
1776886826.5921028,3.0,-4.0,-28.0
1776886826.6021028,1.0,-3.0,-31.0
1776886826.6121027,1.0,-2.0,-33.0
1776886826.6221027,2.0,0.0,-38.0
1776886826.6321027,6.0,-4.0,-41.0
1776886826.6421027,8.0,-5.0,-39.0
1776886826.6521027,12.0,-1.0,-37.0
1776886826.6621027,13.0,-6.0,-34.0
1776886826.6721027,9.0,-5.0,-28.0
1776886826.682103,8.0,-5.0,-26.0
1776886826.692103,1.0,-3.0,-29.0
1776886826.702103,4.0,-1.0,-37.0
1776886826.712103,6.0,-7.0,-39.0
1776886826.7221026,8.0,-8.0,-40.0
1776886826.7321026,0.0,-5.0,-40.0
1776886826.7421026,5.0,-5.0,-46.0
1776886826.7521029,4.0,-2.0,-50.0
1776886826.7621028,7.0,-1.0,-43.0
1776886826.7721028,6.0,-4.0,-40.0
1776886826.7821028,6.0,-3.0,-36.0
1776886826.7921028,4.0,-4.0,-41.0
1776886826.8021028,4.0,-4.0,-41.0
1776886826.8121028,6.0,-4.0,-42.0
1776886826.8221028,3.0,-4.0,-45.0
1776886826.8321028,0.0,-5.0,-46.0
1776886826.8421028,3.0,-2.0,-41.0
1776886826.8521028,1.0,0.0,-38.0
1776886826.8621027,1.0,0.0,-45.0
1776886826.8721027,0.0,1.0,-47.0
1776886826.8821027,0.0,3.0,-45.0
1776886826.8921027,1.0,1.0,-46.0
1776886826.9021027,0.0,3.0,-49.0
1776886826.9121027,-1.0,4.0,-47.0
1776886826.9221027,0.0,1.0,-44.0
1776886826.932103,0.0,0.0,-43.0
1776886826.942103,-1.0,-2.0,-44.0
1776886826.952103,-2.0,0.0,-54.0
1776886826.962103,-4.0,1.0,-49.0
1776886826.9721026,0.0,5.0,-44.0
1776886826.9821026,1.0,2.0,-42.0
1776886826.9921026,1.0,5.0,-39.0
1776886827.0021029,0.0,4.0,-41.0
1776886827.0121028,1.0,3.0,-42.0
1776886827.0221028,5.0,0.0,-33.0
1776886827.0321028,4.0,0.0,-34.0
1776886827.0421028,5.0,1.0,-35.0
1776886827.0521028,7.0,-3.0,-44.0
1776886827.0621028,6.0,-6.0,-46.0
1776886827.0721028,5.0,-11.0,-45.0
1776886827.0821028,2.0,-9.0,-40.0
1776886827.0921028,3.0,-5.0,-40.0
1776886827.1021028,2.0,-7.0,-43.0
1776886827.1121027,0.0,-6.0,-43.0
1776886827.1221027,-2.0,-5.0,-38.0
1776886827.1321027,-2.0,-3.0,-42.0
1776886827.1421027,-2.0,-4.0,-45.0
1776886827.1521027,0.0,-5.0,-41.0
1776886827.1621027,1.0,-1.0,-42.0
1776886827.1721027,2.0,-2.0,-41.0
1776886827.182103,1.0,-4.0,-37.0
1776886827.192103,-1.0,-2.0,-41.0
1776886827.202103,1.0,-1.0,-47.0
1776886827.212103,2.0,-1.0,-38.0
1776886827.2221026,2.0,0.0,-35.0
1776886827.2321026,4.0,-1.0,-36.0
1776886827.2421026,4.0,-2.0,-33.0
1776886827.2521029,5.0,-1.0,-34.0
1776886827.2621028,2.0,-4.0,-38.0
1776886827.2721028,6.0,-3.0,-38.0
1776886827.2821028,3.0,-1.0,-44.0
1776886827.2921028,1.0,0.0,-43.0
1776886827.3021028,0.0,-1.0,-43.0
1776886827.3121028,0.0,-3.0,-41.0
1776886827.3221028,3.0,0.0,-44.0
1776886827.3321028,11.0,0.0,-47.0
1776886827.3421028,14.0,0.0,-43.0
1776886827.3521028,13.0,2.0,-37.0
1776886827.3621027,7.0,1.0,-40.0
1776886827.3721027,0.0,0.0,-35.0
1776886827.3821027,3.0,-1.0,-34.0
1776886827.3921027,4.0,0.0,-33.0
1776886827.4021027,3.0,1.0,-39.0
1776886827.4121027,5.0,2.0,-45.0
1776886827.4221027,5.0,-2.0,-43.0
1776886827.432103,3.0,-4.0,-39.0
1776886827.442103,2.0,-4.0,-42.0
1776886827.452103,1.0,-6.0,-47.0
1776886827.462103,2.0,-5.0,-38.0
1776886827.4721026,0.0,-6.0,-41.0
1776886827.4821026,2.0,0.0,-36.0
1776886827.4921026,2.0,-1.0,-30.0
1776886827.5021029,6.0,0.0,-33.0
1776886827.5121028,0.0,1.0,-38.0
1776886827.5221028,0.0,-1.0,-39.0
1776886827.5321028,0.0,0.0,-39.0
1776886827.5421028,-2.0,0.0,-39.0
1776886827.5521028,3.0,-2.0,-33.0
1776886827.5621028,2.0,0.0,-34.0
1776886827.5721028,2.0,-1.0,-35.0
1776886827.5821028,6.0,0.0,-36.0
1776886827.5921028,5.0,3.0,-36.0
1776886827.6021028,5.0,3.0,-44.0
1776886827.6121027,2.0,5.0,-48.0
1776886827.6221027,0.0,1.0,-43.0
1776886827.6321027,0.0,4.0,-48.0
1776886827.6421027,3.0,3.0,-48.0
1776886827.6521027,3.0,0.0,-47.0
1776886827.6621027,9.0,-1.0,-44.0
1776886827.6721027,11.0,1.0,-38.0
1776886827.682103,4.0,-1.0,-40.0
1776886827.692103,4.0,0.0,-40.0
1776886827.702103,8.0,-1.0,-41.0
1776886827.712103,5.0,-1.0,-44.0
1776886827.7221026,9.0,-4.0,-44.0
1776886827.7321026,9.0,-4.0,-40.0
1776886827.7421026,3.0,-4.0,-38.0
1776886827.7521029,0.0,-6.0,-37.0
1776886827.7621028,-2.0,-8.0,-38.0
1776886827.7721028,0.0,-8.0,-37.0
1776886827.7821028,0.0,-2.0,-39.0
1776886827.7921028,5.0,-2.0,-39.0
1776886827.8021028,5.0,1.0,-36.0
1776886827.8121028,4.0,5.0,-37.0
1776886827.8221028,0.0,2.0,-34.0
1776886827.8321028,3.0,1.0,-38.0
1776886827.8421028,4.0,4.0,-40.0
1776886827.8521028,4.0,3.0,-43.0
1776886827.8621027,0.0,0.0,-44.0
1776886827.8721027,0.0,-2.0,-39.0
1776886827.8821027,-4.0,-8.0,-46.0
1776886827.8921027,-7.0,-4.0,-42.0
1776886827.9021027,-5.0,-4.0,-44.0
1776886827.9121027,-4.0,-4.0,-39.0
1776886827.9221027,-2.0,-1.0,-40.0
1776886827.932103,-3.0,-2.0,-39.0
1776886827.942103,-4.0,1.0,-43.0
1776886827.952103,-8.0,-2.0,-40.0
1776886827.962103,-6.0,-3.0,-42.0
1776886827.9721026,-5.0,-1.0,-38.0
1776886827.9821026,-2.0,1.0,-38.0
1776886827.9921026,-3.0,-3.0,-36.0
1776886828.0021029,-5.0,0.0,-40.0
1776886828.0121028,-5.0,0.0,-40.0
1776886828.0221028,-7.0,3.0,-44.0
1776886828.0321028,-2.0,4.0,-41.0
1776886828.0421028,-5.0,4.0,-50.0
1776886828.0521028,-5.0,1.0,-49.0
1776886828.0621028,-6.0,1.0,-45.0
1776886828.0721028,-3.0,0.0,-51.0
1776886828.0821028,-4.0,0.0,-44.0
1776886828.0921028,-5.0,0.0,-43.0
1776886828.1021028,-2.0,0.0,-42.0
1776886828.1121027,1.0,0.0,-39.0
1776886828.1221027,6.0,-2.0,-45.0
1776886828.1321027,7.0,-3.0,-45.0
1776886828.1421027,0.0,-4.0,-43.0
1776886828.1521027,0.0,-3.0,-46.0
1776886828.1621027,-2.0,0.0,-41.0
1776886828.1721027,2.0,-2.0,-38.0
1776886828.182103,0.0,2.0,-40.0
1776886828.192103,-2.0,-1.0,-41.0
1776886828.202103,-7.0,5.0,-46.0
1776886828.212103,-6.0,5.0,-45.0
1776886828.2221026,-4.0,1.0,-45.0
1776886828.2321026,-2.0,5.0,-49.0
1776886828.2421026,-5.0,2.0,-46.0
1776886828.2521029,-8.0,0.0,-47.0
1776886828.2621028,-9.0,-3.0,-46.0
1776886828.2721028,-9.0,-5.0,-41.0
1776886828.2821028,-3.0,-4.0,-41.0
1776886828.2921028,-2.0,-4.0,-48.0
1776886828.3031027,-7.0,-3.0,-49.0
1776886828.3131027,-7.0,-3.0,-44.0
1776886828.3231027,-3.0,-2.0,-36.0
1776886828.3331027,-2.0,1.0,-36.0
1776886828.3431027,-1.0,1.0,-43.0
1776886828.3531027,2.0,5.0,-39.0
1776886828.363103,4.0,2.0,-39.0
1776886828.373103,-1.0,2.0,-29.0
1776886828.383103,-4.0,4.0,-25.0
1776886828.3931026,-1.0,5.0,-33.0
1776886828.4031026,1.0,3.0,-39.0
1776886828.4131026,1.0,1.0,-44.0
1776886828.4231029,0.0,4.0,-41.0
1776886828.4331028,1.0,5.0,-39.0
1776886828.4431028,-1.0,3.0,-36.0
1776886828.4531028,-6.0,4.0,-34.0
1776886828.4631028,-6.0,2.0,-33.0
1776886828.4731028,-4.0,-2.0,-31.0
1776886828.4831028,-1.0,-4.0,-30.0
1776886828.4931028,-1.0,-6.0,-36.0
1776886828.5031028,4.0,-5.0,-34.0
1776886828.5131028,2.0,-2.0,-39.0
1776886828.5231028,-1.0,-1.0,-46.0
1776886828.5331028,-3.0,0.0,-55.0
1776886828.5431027,-2.0,-1.0,-50.0
1776886828.5531027,-5.0,0.0,-55.0
1776886828.5631027,-5.0,2.0,-53.0
1776886828.5731027,-1.0,0.0,-51.0
1776886828.5831027,-3.0,-2.0,-45.0
1776886828.5931027,-5.0,-2.0,-45.0
1776886828.6031027,-8.0,-4.0,-45.0
1776886828.613103,-9.0,-1.0,-35.0
1776886828.623103,-7.0,1.0,-33.0
1776886828.633103,-8.0,1.0,-32.0
1776886828.6431026,-8.0,0.0,-34.0
1776886828.6531026,-7.0,-3.0,-29.0
1776886828.6631026,-5.0,-7.0,-25.0
1776886828.6731029,-3.0,-6.0,-25.0
1776886828.6841028,-10.0,2.0,-27.0
1776886828.6931028,-9.0,4.0,-30.0
1776886828.7031028,-7.0,0.0,-29.0
1776886828.7131028,-4.0,1.0,-38.0
1776886828.7231028,-1.0,0.0,-45.0
1776886828.7331028,0.0,-4.0,-41.0
1776886828.7431028,0.0,-7.0,-40.0
1776886828.7531028,-2.0,-9.0,-37.0
1776886828.7631028,-3.0,-9.0,-40.0
1776886828.7731028,-6.0,-6.0,-42.0
1776886828.7831028,-5.0,-4.0,-30.0
1776886828.7931027,-4.0,-1.0,-34.0
1776886828.8031027,1.0,0.0,-39.0
1776886828.8131027,0.0,0.0,-46.0
1776886828.8231027,-2.0,-4.0,-47.0
1776886828.8331027,2.0,-6.0,-49.0
1776886828.8431027,1.0,-6.0,-42.0
1776886828.8531027,0.0,-4.0,-48.0
1776886828.863103,2.0,-6.0,-49.0
1776886828.873103,6.0,-4.0,-47.0
1776886828.883103,6.0,-6.0,-49.0
1776886828.8931026,1.0,-4.0,-44.0
1776886828.9031026,0.0,-6.0,-42.0
1776886828.9131026,4.0,-4.0,-35.0
1776886828.9231029,6.0,1.0,-30.0
1776886828.9331028,5.0,-4.0,-31.0
1776886828.9431028,4.0,2.0,-38.0
1776886828.9531028,6.0,4.0,-35.0
1776886828.9631028,4.0,3.0,-32.0
1776886828.9731028,3.0,-2.0,-31.0
1776886828.9831028,5.0,-2.0,-31.0
1776886828.9931028,3.0,1.0,-30.0
1776886829.0031028,3.0,3.0,-34.0
1776886829.0131028,3.0,6.0,-43.0
1776886829.0231028,3.0,10.0,-40.0
1776886829.0331028,6.0,9.0,-40.0
1776886829.0431027,5.0,4.0,-40.0
1776886829.0531027,3.0,0.0,-38.0
1776886829.0631027,1.0,-2.0,-39.0
1776886829.0731027,0.0,-2.0,-41.0
1776886829.0831027,-5.0,-5.0,-44.0
1776886829.0931027,1.0,-3.0,-48.0
1776886829.1031027,0.0,-4.0,-54.0
1776886829.113103,4.0,-3.0,-51.0
1776886829.123103,4.0,-2.0,-45.0
1776886829.133103,1.0,2.0,-42.0
1776886829.1431026,1.0,2.0,-40.0
1776886829.1531026,0.0,3.0,-43.0
1776886829.1631026,-2.0,7.0,-39.0
1776886829.1731029,-5.0,8.0,-37.0
1776886829.1831028,-8.0,1.0,-39.0
1776886829.1931028,-11.0,0.0,-37.0
1776886829.2031028,-6.0,1.0,-37.0
1776886829.2131028,-8.0,4.0,-37.0
1776886829.2231028,-7.0,1.0,-46.0
1776886829.2331028,0.0,0.0,-49.0
1776886829.2431028,-5.0,1.0,-43.0
1776886829.2531028,-5.0,5.0,-38.0
1776886829.2631028,-3.0,6.0,-34.0
1776886829.2731028,3.0,3.0,-36.0
1776886829.2831028,0.0,1.0,-31.0
1776886829.2931027,0.0,0.0,-38.0
1776886829.3031027,-5.0,5.0,-40.0
1776886829.3131027,-5.0,3.0,-35.0
1776886829.3231027,-1.0,1.0,-35.0
1776886829.3331027,0.0,0.0,-33.0
1776886829.3431027,0.0,0.0,-33.0
1776886829.3531027,2.0,4.0,-37.0
1776886829.363103,2.0,1.0,-41.0
1776886829.373103,4.0,-3.0,-44.0
1776886829.383103,2.0,-7.0,-35.0
1776886829.3931026,3.0,-3.0,-37.0
1776886829.4031026,4.0,-4.0,-38.0
1776886829.4131026,2.0,-2.0,-39.0
1776886829.4231029,0.0,-1.0,-35.0
1776886829.4331028,0.0,1.0,-39.0
1776886829.4431028,2.0,0.0,-44.0
1776886829.4531028,0.0,0.0,-49.0
1776886829.4631028,-1.0,0.0,-54.0
1776886829.4731028,-1.0,-5.0,-49.0
1776886829.4831028,-4.0,-3.0,-54.0
1776886829.4931028,-4.0,0.0,-57.0
1776886829.5031028,0.0,3.0,-47.0
1776886829.5131028,5.0,2.0,-50.0
1776886829.5231028,4.0,0.0,-51.0
1776886829.5331028,4.0,-2.0,-54.0
1776886829.5431027,6.0,-1.0,-54.0
1776886829.5531027,8.0,-3.0,-46.0
1776886829.5631027,8.0,0.0,-45.0
1776886829.5731027,6.0,4.0,-41.0
1776886829.5831027,8.0,5.0,-38.0
1776886829.5931027,9.0,3.0,-40.0
1776886829.6031027,10.0,0.0,-41.0
1776886829.613103,8.0,1.0,-36.0
1776886829.623103,9.0,-1.0,-39.0
1776886829.633103,9.0,-2.0,-42.0
1776886829.6431026,7.0,-2.0,-37.0
1776886829.6531026,9.0,0.0,-35.0
1776886829.6631026,13.0,3.0,-33.0
1776886829.6731029,9.0,5.0,-30.0
1776886829.6831028,8.0,5.0,-38.0
1776886829.6931028,8.0,7.0,-36.0
1776886829.7031028,9.0,4.0,-35.0
1776886829.7131028,8.0,0.0,-40.0
1776886829.7231028,5.0,1.0,-36.0
1776886829.7331028,6.0,0.0,-35.0
1776886829.7431028,8.0,-3.0,-33.0
1776886829.7531028,9.0,-3.0,-34.0
1776886829.7631028,7.0,-1.0,-33.0
1776886829.7731028,1.0,1.0,-27.0
1776886829.7831028,-2.0,2.0,-26.0
1776886829.7931027,0.0,5.0,-27.0
1776886829.8031027,0.0,1.0,-37.0
1776886829.8131027,1.0,1.0,-33.0
1776886829.8231027,2.0,0.0,-33.0
1776886829.8331027,3.0,-1.0,-33.0
1776886829.8431027,4.0,-4.0,-35.0
1776886829.8531027,3.0,-5.0,-42.0
1776886829.863103,3.0,-3.0,-45.0
1776886829.873103,6.0,-3.0,-36.0
1776886829.883103,8.0,-3.0,-36.0
1776886829.8931026,7.0,-6.0,-36.0
1776886829.9031026,3.0,-1.0,-31.0
1776886829.9131026,1.0,0.0,-32.0
1776886829.9231029,2.0,0.0,-29.0
1776886829.9331028,3.0,0.0,-30.0
1776886829.9431028,3.0,0.0,-34.0
1776886829.9531028,5.0,2.0,-30.0
1776886829.9631028,2.0,1.0,-30.0
1776886829.9731028,-1.0,0.0,-31.0
1776886829.9831028,-1.0,-2.0,-42.0
1776886829.9931028,1.0,-1.0,-44.0
1776886830.0031028,1.0,-1.0,-41.0
1776886830.0131028,-2.0,0.0,-36.0
1776886830.0231028,-3.0,1.0,-39.0
1776886830.0331028,0.0,4.0,-44.0
1776886830.0431027,-1.0,0.0,-39.0
1776886830.0531027,-3.0,3.0,-37.0
1776886830.0631027,-2.0,5.0,-38.0
1776886830.0731027,-3.0,6.0,-38.0
1776886830.0831027,-7.0,5.0,-41.0
1776886830.0931027,-5.0,2.0,-43.0
1776886830.1031027,-1.0,3.0,-44.0
1776886830.113103,-1.0,3.0,-47.0
1776886830.123103,-1.0,7.0,-44.0
1776886830.133103,-4.0,7.0,-44.0
1776886830.1431026,-2.0,6.0,-41.0
1776886830.1531026,0.0,2.0,-38.0
1776886830.1631026,0.0,2.0,-37.0
1776886830.1731029,0.0,0.0,-41.0
1776886830.1831028,-3.0,-2.0,-41.0
1776886830.1931028,0.0,-3.0,-45.0
1776886830.2031028,0.0,0.0,-47.0
1776886830.2131028,-3.0,1.0,-46.0
1776886830.2231028,-2.0,1.0,-39.0
1776886830.2331028,-3.0,0.0,-38.0
1776886830.2431028,-1.0,0.0,-40.0
1776886830.2531028,-3.0,-2.0,-41.0
1776886830.2631028,-2.0,-5.0,-40.0
1776886830.2731028,0.0,-8.0,-39.0
1776886830.2831028,-2.0,-8.0,-38.0
1776886830.294103,0.0,-3.0,-33.0
1776886830.304103,0.0,-1.0,-39.0
1776886830.3131027,3.0,1.0,-34.0
1776886830.3231027,1.0,2.0,-36.0
1776886830.3341026,1.0,4.0,-31.0
1776886830.3441026,0.0,0.0,-28.0
1776886830.3541028,-3.0,0.0,-32.0
1776886830.3641028,-2.0,-2.0,-33.0
1776886830.3741028,0.0,-1.0,-38.0
1776886830.3841028,2.0,-1.0,-40.0
1776886830.3941028,1.0,0.0,-39.0
1776886830.4041028,0.0,2.0,-41.0
1776886830.4141028,4.0,-2.0,-40.0
1776886830.4241028,-1.0,-3.0,-40.0
1776886830.4341028,0.0,-1.0,-42.0
1776886830.4441028,-5.0,-2.0,-42.0
1776886830.4541028,1.0,0.0,-43.0
1776886830.4641027,0.0,-1.0,-42.0
1776886830.4741027,0.0,-3.0,-45.0
1776886830.4841027,0.0,-3.0,-39.0
1776886830.4941027,-3.0,-7.0,-41.0
1776886830.5041027,0.0,-5.0,-42.0
1776886830.5141027,-2.0,-5.0,-31.0
1776886830.5241027,-5.0,-5.0,-30.0
1776886830.534103,-7.0,-2.0,-28.0
1776886830.544103,-6.0,0.0,-31.0
1776886830.554103,-5.0,1.0,-33.0
1776886830.5641026,-1.0,0.0,-37.0
1776886830.5741026,0.0,0.0,-36.0
1776886830.5841026,-3.0,-1.0,-38.0
1776886830.5941026,-1.0,-4.0,-46.0
1776886830.6041028,0.0,-8.0,-51.0
1776886830.6141028,-2.0,-6.0,-55.0
1776886830.6241028,0.0,-2.0,-54.0
1776886830.6341028,-1.0,-3.0,-53.0
1776886830.6441028,1.0,-1.0,-51.0
1776886830.6541028,0.0,-1.0,-46.0
1776886830.6641028,0.0,1.0,-44.0
1776886830.6741028,1.0,2.0,-46.0
1776886830.6841028,4.0,-1.0,-40.0
1776886830.6941028,0.0,-3.0,-37.0
1776886830.7041028,0.0,-1.0,-38.0
1776886830.7141027,1.0,-3.0,-35.0
1776886830.7241027,0.0,-2.0,-29.0
1776886830.7341027,-1.0,-1.0,-27.0
1776886830.7441027,4.0,-3.0,-29.0
1776886830.7541027,6.0,0.0,-32.0
1776886830.7641027,7.0,-2.0,-35.0
1776886830.7741027,8.0,-7.0,-35.0
1776886830.784103,1.0,-6.0,-35.0
1776886830.794103,1.0,-4.0,-35.0
1776886830.804103,0.0,-3.0,-37.0
1776886830.8141026,-1.0,-4.0,-39.0
1776886830.8241026,0.0,-3.0,-40.0
1776886830.8341026,2.0,4.0,-42.0
1776886830.8441026,2.0,3.0,-38.0
1776886830.8541028,-3.0,0.0,-38.0
1776886830.8641028,0.0,-4.0,-37.0
1776886830.8741028,1.0,-2.0,-42.0
1776886830.8841028,1.0,-4.0,-46.0
1776886830.8941028,0.0,-1.0,-44.0
1776886830.9041028,-3.0,-1.0,-37.0
1776886830.9141028,-4.0,-2.0,-37.0
1776886830.9241028,-1.0,-4.0,-34.0
1776886830.9341028,-5.0,-4.0,-37.0
1776886830.9441028,0.0,-7.0,-43.0
1776886830.9541028,0.0,-6.0,-42.0
1776886830.9641027,1.0,-2.0,-40.0
1776886830.9741027,1.0,-1.0,-40.0
1776886830.9841027,0.0,-1.0,-34.0
1776886830.9941027,0.0,-2.0,-38.0
1776886831.0041027,3.0,-1.0,-38.0
1776886831.0141027,7.0,1.0,-44.0
1776886831.0241027,5.0,3.0,-44.0
1776886831.034103,6.0,3.0,-39.0
1776886831.044103,8.0,0.0,-44.0
1776886831.054103,7.0,1.0,-48.0
1776886831.0641026,7.0,1.0,-45.0
1776886831.0741026,3.0,-1.0,-42.0
1776886831.0841026,3.0,-2.0,-43.0
1776886831.0941026,0.0,-3.0,-41.0
1776886831.1041028,2.0,-7.0,-36.0
1776886831.1141028,3.0,-9.0,-30.0
1776886831.1241028,0.0,-7.0,-27.0
1776886831.1341028,-3.0,-5.0,-30.0
1776886831.1441028,0.0,-4.0,-40.0
1776886831.1541028,-1.0,-7.0,-44.0
1776886831.1641028,0.0,-6.0,-40.0
1776886831.1741028,-5.0,-3.0,-39.0
1776886831.1841028,-4.0,1.0,-40.0
1776886831.1941028,-2.0,7.0,-36.0
1776886831.2041028,-3.0,3.0,-28.0
1776886831.2141027,-2.0,1.0,-31.0
1776886831.2241027,0.0,0.0,-40.0
1776886831.2341027,-1.0,-4.0,-36.0
1776886831.2441027,1.0,-6.0,-42.0
1776886831.2541027,3.0,-10.0,-37.0
1776886831.2641027,2.0,-9.0,-36.0
1776886831.2741027,3.0,-9.0,-36.0
1776886831.284103,5.0,-6.0,-33.0
1776886831.294103,2.0,-4.0,-37.0
1776886831.304103,1.0,-2.0,-36.0
1776886831.3141026,0.0,0.0,-32.0
1776886831.3241026,0.0,4.0,-33.0
1776886831.3341026,3.0,3.0,-35.0
1776886831.3441026,4.0,0.0,-30.0
1776886831.3541028,4.0,1.0,-38.0
1776886831.3641028,4.0,-2.0,-39.0
1776886831.3741028,7.0,-1.0,-38.0
1776886831.3841028,5.0,0.0,-33.0
1776886831.3941028,3.0,2.0,-39.0
1776886831.4041028,1.0,0.0,-40.0
1776886831.4141028,1.0,0.0,-44.0
1776886831.4241028,0.0,1.0,-44.0
1776886831.4341028,1.0,0.0,-49.0
1776886831.4441028,1.0,-1.0,-44.0
1776886831.4541028,1.0,-1.0,-44.0
1776886831.4641027,-2.0,-1.0,-45.0
1776886831.4741027,0.0,-4.0,-49.0
1776886831.4841027,1.0,-9.0,-48.0
1776886831.4941027,-3.0,-7.0,-51.0
1776886831.5041027,-2.0,-9.0,-51.0
1776886831.5141027,0.0,-7.0,-51.0
1776886831.5241027,2.0,-6.0,-47.0
1776886831.534103,0.0,-5.0,-49.0
1776886831.544103,-1.0,-2.0,-47.0
1776886831.554103,1.0,-1.0,-43.0
1776886831.5641026,1.0,-1.0,-45.0
1776886831.5741026,0.0,0.0,-42.0
1776886831.5841026,-1.0,2.0,-47.0
1776886831.5941026,-2.0,2.0,-47.0
1776886831.6041028,-5.0,2.0,-42.0
1776886831.6141028,-4.0,3.0,-42.0
1776886831.6241028,-7.0,0.0,-41.0
1776886831.6341028,-2.0,-1.0,-43.0
1776886831.6441028,-3.0,0.0,-46.0
1776886831.6541028,-3.0,-2.0,-42.0
1776886831.6641028,-4.0,0.0,-44.0
1776886831.6741028,-2.0,-4.0,-49.0
1776886831.6841028,-4.0,-6.0,-44.0
1776886831.6941028,-3.0,-4.0,-46.0
1776886831.7041028,-6.0,1.0,-39.0
1776886831.7141027,-6.0,0.0,-33.0
1776886831.7241027,-1.0,0.0,-32.0
1776886831.7341027,4.0,0.0,-34.0
1776886831.7441027,3.0,-3.0,-34.0
1776886831.7541027,1.0,-4.0,-42.0
1776886831.7641027,2.0,-5.0,-40.0
1776886831.7741027,1.0,0.0,-36.0
1776886831.784103,3.0,-2.0,-39.0
1776886831.794103,3.0,-3.0,-33.0
1776886831.804103,6.0,0.0,-35.0
1776886831.8141026,7.0,4.0,-34.0
1776886831.8241026,4.0,4.0,-36.0
1776886831.8341026,3.0,3.0,-34.0
1776886831.8441026,-1.0,2.0,-37.0
1776886831.8541028,0.0,-2.0,-39.0
1776886831.8641028,-3.0,-2.0,-33.0
1776886831.8741028,-1.0,0.0,-34.0
1776886831.8841028,1.0,2.0,-38.0
1776886831.8941028,1.0,0.0,-41.0
1776886831.9041028,0.0,-1.0,-47.0
1776886831.9141028,-3.0,-1.0,-43.0
1776886831.9241028,0.0,-4.0,-46.0
1776886831.9341028,2.0,-3.0,-45.0
1776886831.9441028,0.0,-1.0,-47.0
1776886831.9541028,-5.0,1.0,-43.0
1776886831.9641027,-7.0,-3.0,-42.0
1776886831.9741027,-10.0,-3.0,-39.0
1776886831.9841027,-4.0,0.0,-40.0
1776886831.9941027,-4.0,-4.0,-37.0
1776886832.0041027,-6.0,-2.0,-35.0
1776886832.0141027,-1.0,-2.0,-34.0
1776886832.0241027,-3.0,-1.0,-39.0
1776886832.034103,-1.0,-3.0,-45.0
1776886832.044103,-5.0,-3.0,-48.0
1776886832.054103,0.0,-1.0,-44.0
1776886832.0641026,3.0,-3.0,-39.0
1776886832.0741026,0.0,-4.0,-39.0
1776886832.0841026,0.0,-8.0,-43.0
1776886832.0941026,0.0,-9.0,-38.0
1776886832.1041028,0.0,-8.0,-37.0
1776886832.1141028,-3.0,-9.0,-41.0
1776886832.1241028,-5.0,-7.0,-38.0
1776886832.1341028,-3.0,-4.0,-36.0
1776886832.1441028,3.0,0.0,-35.0
1776886832.1541028,3.0,-2.0,-38.0
1776886832.1641028,4.0,-5.0,-43.0
1776886832.1741028,5.0,-3.0,-45.0
1776886832.1841028,5.0,-1.0,-48.0
1776886832.1941028,7.0,-1.0,-44.0
1776886832.2041028,2.0,-3.0,-42.0
1776886832.2141027,1.0,-4.0,-40.0
1776886832.2241027,0.0,-3.0,-43.0
1776886832.2341027,9.0,-2.0,-37.0
1776886832.2441027,10.0,-4.0,-35.0
1776886832.2541027,8.0,-5.0,-30.0
1776886832.2641027,11.0,-3.0,-26.0
1776886832.2741027,10.0,-2.0,-26.0
1776886832.284103,9.0,0.0,-30.0
1776886832.2951028,8.0,0.0,-38.0
1776886832.3051028,6.0,-1.0,-41.0
1776886832.3151028,3.0,-2.0,-40.0
1776886832.3241026,6.0,-3.0,-43.0
1776886832.3351028,5.0,-2.0,-38.0
1776886832.3451028,6.0,-1.0,-34.0
1776886832.3551028,6.0,-4.0,-31.0
1776886832.3651028,2.0,-3.0,-25.0
1776886832.3751028,0.0,-6.0,-27.0
1776886832.3851027,-2.0,-4.0,-32.0
1776886832.3951027,-2.0,-6.0,-33.0
1776886832.4051027,-2.0,-6.0,-32.0
1776886832.4151027,-3.0,-2.0,-32.0
1776886832.4251027,-1.0,3.0,-34.0
1776886832.4351027,2.0,1.0,-33.0
1776886832.4451027,1.0,-3.0,-32.0
1776886832.4551027,6.0,-7.0,-27.0
1776886832.465103,7.0,-5.0,-26.0
1776886832.475103,3.0,-4.0,-30.0
1776886832.485103,2.0,-2.0,-27.0
1776886832.4951026,3.0,2.0,-29.0
1776886832.5051026,2.0,-1.0,-29.0
1776886832.5151026,2.0,-3.0,-30.0
1776886832.5251029,3.0,-6.0,-35.0
1776886832.5351028,3.0,-6.0,-37.0
1776886832.5451028,5.0,-2.0,-39.0
1776886832.5551028,1.0,0.0,-40.0
1776886832.5651028,0.0,0.0,-42.0
1776886832.5751028,0.0,2.0,-46.0
1776886832.5851028,1.0,-3.0,-49.0
1776886832.5951028,3.0,-5.0,-49.0
1776886832.6051028,0.0,-5.0,-44.0
1776886832.6151028,-4.0,-2.0,-47.0
1776886832.6251028,-7.0,1.0,-43.0
1776886832.6351027,-9.0,0.0,-41.0
1776886832.6451027,-6.0,0.0,-44.0
1776886832.6551027,0.0,0.0,-39.0
1776886832.6651027,3.0,-3.0,-43.0
1776886832.6751027,4.0,-4.0,-32.0
1776886832.6851027,2.0,0.0,-32.0
1776886832.6951027,1.0,3.0,-32.0
1776886832.7051027,0.0,-4.0,-32.0
1776886832.715103,0.0,-4.0,-38.0
1776886832.725103,0.0,-8.0,-37.0
1776886832.735103,0.0,-7.0,-37.0
1776886832.7451026,3.0,-5.0,-42.0
1776886832.7551026,1.0,-1.0,-45.0
1776886832.7651026,4.0,-1.0,-45.0
1776886832.7751029,0.0,1.0,-46.0
1776886832.7851028,0.0,6.0,-44.0
1776886832.7951028,5.0,3.0,-38.0
1776886832.8051028,3.0,2.0,-35.0
1776886832.8151028,2.0,0.0,-32.0
1776886832.8251028,1.0,-1.0,-36.0
1776886832.8351028,3.0,-1.0,-36.0
1776886832.8451028,7.0,-3.0,-36.0
1776886832.8551028,4.0,-4.0,-39.0
1776886832.8651028,1.0,-8.0,-39.0
1776886832.8751028,-1.0,-7.0,-43.0
1776886832.8851027,-3.0,-9.0,-41.0
1776886832.8951027,-5.0,-9.0,-38.0
1776886832.9051027,-4.0,-8.0,-42.0
1776886832.9151027,-3.0,-6.0,-47.0
1776886832.9251027,-1.0,-6.0,-41.0
1776886832.9351027,2.0,-3.0,-40.0
1776886832.9451027,5.0,-5.0,-44.0
1776886832.9551027,4.0,-6.0,-49.0
1776886832.965103,3.0,-4.0,-50.0
1776886832.975103,1.0,-7.0,-49.0
1776886832.985103,3.0,-4.0,-45.0
1776886832.9951026,4.0,-2.0,-45.0
1776886833.0051026,1.0,-3.0,-44.0
1776886833.0151026,2.0,1.0,-43.0
1776886833.0251029,1.0,3.0,-47.0
1776886833.0351028,0.0,1.0,-46.0
1776886833.0451028,2.0,0.0,-44.0
1776886833.0551028,3.0,0.0,-37.0
1776886833.0651028,3.0,0.0,-47.0
1776886833.0751028,3.0,1.0,-48.0
1776886833.0851028,1.0,3.0,-47.0
1776886833.0951028,0.0,3.0,-44.0
1776886833.1051028,0.0,-3.0,-43.0
1776886833.1151028,-1.0,-4.0,-42.0
1776886833.1251028,0.0,-4.0,-38.0
1776886833.1351027,-1.0,-6.0,-31.0
1776886833.1451027,0.0,-6.0,-35.0
1776886833.1551027,1.0,-4.0,-43.0
1776886833.1651027,-3.0,-1.0,-38.0
1776886833.1751027,-1.0,0.0,-41.0
1776886833.1851027,1.0,-1.0,-43.0
1776886833.1951027,0.0,1.0,-38.0
1776886833.2051027,1.0,0.0,-43.0
1776886833.215103,3.0,0.0,-39.0
1776886833.225103,1.0,1.0,-41.0
1776886833.235103,1.0,0.0,-41.0
1776886833.2451026,-1.0,2.0,-33.0
1776886833.2551026,-1.0,3.0,-36.0
1776886833.2651026,-6.0,5.0,-35.0
1776886833.2751029,-5.0,4.0,-34.0
1776886833.2851028,-7.0,0.0,-36.0
1776886833.2951028,-6.0,-3.0,-34.0
1776886833.3051028,-5.0,-1.0,-34.0
1776886833.3151028,-5.0,2.0,-38.0
1776886833.3251028,-6.0,5.0,-38.0
1776886833.3351028,-4.0,6.0,-48.0
1776886833.3451028,-2.0,5.0,-48.0
1776886833.3551028,-2.0,3.0,-41.0
1776886833.3651028,-4.0,3.0,-38.0
1776886833.3751028,0.0,4.0,-40.0
1776886833.3851027,1.0,1.0,-41.0
1776886833.3951027,1.0,-1.0,-33.0
1776886833.4051027,1.0,-1.0,-30.0
1776886833.4151027,0.0,-1.0,-30.0
1776886833.4251027,2.0,0.0,-28.0
1776886833.4351027,1.0,-3.0,-34.0
1776886833.4451027,-1.0,-5.0,-40.0
1776886833.4551027,1.0,-2.0,-39.0
1776886833.465103,4.0,-6.0,-32.0
1776886833.475103,6.0,-8.0,-33.0
1776886833.485103,5.0,-2.0,-35.0
1776886833.4951026,8.0,-1.0,-40.0
1776886833.5051026,8.0,-7.0,-33.0
1776886833.5151026,1.0,-7.0,-34.0
1776886833.5251029,2.0,-6.0,-31.0
1776886833.5351028,4.0,-4.0,-31.0
1776886833.5451028,4.0,-1.0,-32.0
1776886833.5551028,6.0,0.0,-36.0
1776886833.5651028,2.0,-3.0,-33.0
1776886833.5751028,2.0,-2.0,-40.0
1776886833.5851028,5.0,-2.0,-46.0
1776886833.5951028,-1.0,2.0,-51.0
1776886833.6051028,-8.0,0.0,-47.0
1776886833.6161027,-4.0,0.0,-50.0
1776886833.6251028,-2.0,0.0,-50.0
1776886833.6351027,-3.0,1.0,-41.0
1776886833.6451027,-2.0,4.0,-35.0
1776886833.6551027,3.0,1.0,-39.0
1776886833.6651027,1.0,3.0,-46.0
1776886833.6751027,2.0,0.0,-44.0
1776886833.6851027,0.0,-1.0,-44.0
1776886833.6951027,3.0,0.0,-37.0
1776886833.7051027,7.0,0.0,-34.0
1776886833.715103,5.0,0.0,-32.0
1776886833.725103,5.0,1.0,-38.0
1776886833.735103,0.0,-1.0,-35.0
1776886833.7451026,0.0,3.0,-28.0
1776886833.7551026,5.0,7.0,-23.0
1776886833.7651026,7.0,3.0,-24.0
1776886833.7751029,2.0,0.0,-29.0
1776886833.7851028,4.0,-4.0,-33.0
1776886833.7951028,3.0,-3.0,-34.0
1776886833.8051028,4.0,-5.0,-40.0
1776886833.8151028,5.0,-3.0,-45.0
1776886833.8251028,3.0,-3.0,-45.0
1776886833.8351028,0.0,-2.0,-45.0
1776886833.8451028,0.0,-2.0,-47.0
1776886833.8551028,-1.0,-2.0,-43.0
1776886833.8651028,-1.0,0.0,-44.0
1776886833.8751028,-4.0,1.0,-42.0
1776886833.8851027,-4.0,1.0,-44.0
1776886833.8951027,-4.0,3.0,-42.0
1776886833.9051027,-2.0,4.0,-40.0
1776886833.9151027,2.0,4.0,-42.0
1776886833.9251027,4.0,2.0,-44.0
1776886833.9351027,3.0,2.0,-38.0
1776886833.9451027,1.0,0.0,-39.0
1776886833.9551027,-7.0,0.0,-38.0
1776886833.965103,-6.0,1.0,-45.0
1776886833.975103,-3.0,-2.0,-42.0
1776886833.985103,-4.0,-7.0,-50.0
1776886833.9951026,0.0,-8.0,-40.0
1776886834.0051026,0.0,-4.0,-39.0
1776886834.0151026,2.0,-5.0,-39.0
1776886834.0251029,3.0,-3.0,-41.0
1776886834.0351028,3.0,-2.0,-41.0
1776886834.0451028,1.0,-4.0,-42.0
1776886834.0551028,1.0,-7.0,-40.0
1776886834.0651028,0.0,-7.0,-39.0
1776886834.0751028,-4.0,-4.0,-33.0
1776886834.0851028,-5.0,-1.0,-33.0
1776886834.0951028,-4.0,0.0,-31.0
1776886834.1051028,-1.0,-5.0,-34.0
1776886834.1151028,-3.0,-1.0,-39.0
1776886834.1251028,-2.0,1.0,-40.0
1776886834.1351027,0.0,1.0,-35.0
1776886834.1451027,0.0,-3.0,-34.0
1776886834.1551027,-1.0,-1.0,-36.0
1776886834.1651027,0.0,0.0,-36.0
1776886834.1751027,2.0,-2.0,-37.0
1776886834.1851027,3.0,-2.0,-36.0
1776886834.1951027,5.0,0.0,-37.0
1776886834.2051027,2.0,0.0,-41.0
1776886834.215103,1.0,0.0,-44.0
1776886834.225103,2.0,0.0,-52.0
1776886834.235103,5.0,1.0,-50.0
1776886834.2461028,10.0,1.0,-46.0
1776886834.2551026,8.0,0.0,-38.0
1776886834.2651026,5.0,-4.0,-37.0
1776886834.2751029,0.0,-5.0,-33.0
1776886834.2851028,-2.0,-5.0,-40.0
1776886834.2951028,0.0,-3.0,-40.0
1776886834.3051028,-6.0,0.0,-38.0
1776886834.3161027,-6.0,-2.0,-32.0
1776886834.3261027,-4.0,-3.0,-37.0
1776886834.3361027,-4.0,-3.0,-41.0
1776886834.3461027,-5.0,0.0,-40.0
1776886834.3561027,-3.0,-1.0,-37.0
1776886834.3661027,-2.0,-1.0,-41.0
1776886834.3761027,-3.0,-3.0,-39.0
1776886834.386103,-1.0,-6.0,-41.0
1776886834.396103,-4.0,-5.0,-41.0
1776886834.406103,-6.0,-4.0,-36.0
1776886834.4161026,-4.0,-5.0,-36.0
1776886834.4261026,-4.0,-4.0,-37.0
1776886834.4361026,-4.0,-3.0,-40.0
1776886834.4461029,-6.0,-6.0,-44.0
1776886834.4561028,-7.0,-1.0,-40.0
1776886834.4661028,-9.0,0.0,-39.0
1776886834.4761028,-9.0,2.0,-41.0
1776886834.4861028,-9.0,-2.0,-52.0
1776886834.4961028,-2.0,-6.0,-44.0
1776886834.5061028,1.0,-8.0,-43.0
1776886834.5161028,3.0,-7.0,-40.0
1776886834.5261028,0.0,-6.0,-46.0
1776886834.5361028,0.0,-5.0,-40.0
1776886834.5461028,2.0,-3.0,-41.0
1776886834.5561028,7.0,0.0,-38.0
1776886834.5661027,1.0,3.0,-40.0
1776886834.5761027,0.0,6.0,-40.0
1776886834.5861027,0.0,6.0,-39.0
1776886834.5961027,3.0,0.0,-40.0
1776886834.6061027,0.0,-4.0,-46.0
1776886834.6161027,-1.0,-3.0,-46.0
1776886834.6261027,-1.0,-2.0,-44.0
1776886834.636103,-1.0,0.0,-42.0
1776886834.646103,-1.0,0.0,-35.0
1776886834.656103,0.0,0.0,-34.0
1776886834.6661026,3.0,-1.0,-35.0
1776886834.6761026,2.0,-2.0,-32.0
1776886834.6861026,-4.0,-3.0,-37.0
1776886834.6961029,-11.0,0.0,-43.0
1776886834.7061028,-10.0,0.0,-37.0
1776886834.7161028,-4.0,0.0,-38.0
1776886834.7261028,-5.0,-1.0,-36.0
1776886834.7361028,0.0,1.0,-31.0
1776886834.7461028,0.0,2.0,-40.0
1776886834.7561028,4.0,0.0,-43.0
1776886834.7661028,3.0,-4.0,-46.0
1776886834.7761028,2.0,-5.0,-42.0
1776886834.7861028,0.0,-3.0,-40.0
1776886834.7961028,0.0,-3.0,-38.0
1776886834.8061028,3.0,-4.0,-47.0
1776886834.8161027,4.0,-1.0,-43.0
1776886834.8261027,1.0,1.0,-34.0
1776886834.8361027,3.0,2.0,-29.0
1776886834.8461027,3.0,3.0,-31.0
1776886834.8561027,3.0,2.0,-35.0
1776886834.8661027,2.0,0.0,-37.0
1776886834.8761027,6.0,0.0,-38.0
1776886834.886103,8.0,-3.0,-40.0
1776886834.896103,4.0,-5.0,-39.0
1776886834.906103,0.0,-4.0,-45.0
1776886834.9161026,0.0,-1.0,-37.0
1776886834.9261026,-3.0,3.0,-38.0
1776886834.9361026,-5.0,1.0,-50.0
1776886834.9461029,0.0,0.0,-48.0
1776886834.9561028,-1.0,0.0,-50.0
1776886834.9661028,-5.0,-2.0,-47.0
1776886834.9761028,-7.0,0.0,-46.0
1776886834.9861028,-6.0,-1.0,-49.0
1776886834.9961028,-6.0,0.0,-37.0
1776886835.0061028,-2.0,-4.0,-40.0
1776886835.0161028,-2.0,-5.0,-41.0
1776886835.0261028,0.0,-3.0,-40.0
1776886835.0361028,4.0,-6.0,-36.0
1776886835.0461028,1.0,-4.0,-36.0
1776886835.0561028,2.0,-1.0,-37.0
1776886835.0661027,3.0,2.0,-39.0
1776886835.0761027,5.0,3.0,-44.0
1776886835.0861027,5.0,1.0,-41.0
1776886835.0961027,5.0,0.0,-42.0
1776886835.1061027,3.0,0.0,-41.0
1776886835.1161027,4.0,2.0,-35.0
1776886835.1261027,2.0,0.0,-37.0
1776886835.136103,-1.0,1.0,-39.0
1776886835.146103,-5.0,0.0,-37.0
1776886835.156103,-4.0,-5.0,-35.0
1776886835.1661026,1.0,-6.0,-30.0
1776886835.1761026,4.0,-6.0,-28.0
1776886835.1861026,8.0,-3.0,-26.0
1776886835.1961029,3.0,-1.0,-24.0
1776886835.2061028,2.0,-3.0,-25.0
1776886835.2161028,2.0,-4.0,-37.0
1776886835.2261028,3.0,-2.0,-43.0
1776886835.2361028,9.0,-1.0,-46.0
1776886835.2461028,9.0,-7.0,-43.0
1776886835.2561028,7.0,-5.0,-49.0
1776886835.2661028,8.0,0.0,-54.0
1776886835.2761028,3.0,1.0,-54.0
1776886835.2861028,5.0,0.0,-50.0
1776886835.2961028,2.0,3.0,-50.0
1776886835.3061028,0.0,0.0,-45.0
1776886835.3161027,0.0,-4.0,-36.0
1776886835.3261027,0.0,-6.0,-32.0
1776886835.3361027,0.0,-9.0,-38.0
1776886835.3461027,3.0,-7.0,-39.0
1776886835.3561027,5.0,-6.0,-39.0
1776886835.3661027,1.0,-5.0,-39.0
1776886835.3761027,0.0,-3.0,-48.0
1776886835.386103,2.0,-2.0,-42.0
1776886835.396103,2.0,-2.0,-39.0
1776886835.406103,3.0,-2.0,-42.0
1776886835.4161026,-1.0,-4.0,-47.0
1776886835.4261026,0.0,-2.0,-44.0
1776886835.4361026,3.0,-1.0,-42.0
1776886835.4461029,0.0,0.0,-37.0
1776886835.4561028,-3.0,2.0,-42.0
1776886835.4661028,3.0,1.0,-37.0
1776886835.4761028,0.0,0.0,-40.0
1776886835.4861028,1.0,-1.0,-39.0
1776886835.4961028,0.0,-3.0,-38.0
1776886835.5061028,2.0,0.0,-37.0
1776886835.5161028,4.0,-1.0,-38.0
1776886835.5261028,1.0,-3.0,-43.0
1776886835.5361028,-4.0,-10.0,-45.0
1776886835.5461028,-8.0,-10.0,-36.0
1776886835.5561028,-6.0,-15.0,-45.0
1776886835.5661027,-3.0,-9.0,-41.0
1776886835.5761027,-3.0,-5.0,-33.0
1776886835.5861027,-5.0,-7.0,-31.0
1776886835.5961027,-8.0,-6.0,-34.0
1776886835.6061027,-5.0,-4.0,-39.0
1776886835.6161027,-6.0,-2.0,-38.0
1776886835.6261027,-1.0,-1.0,-38.0
1776886835.636103,0.0,-2.0,-38.0
1776886835.646103,-3.0,-3.0,-42.0
1776886835.656103,-2.0,-5.0,-47.0
1776886835.6661026,-2.0,-2.0,-50.0
1776886835.6761026,1.0,-2.0,-46.0
1776886835.6861026,1.0,-4.0,-48.0
1776886835.6961029,4.0,4.0,-48.0
1776886835.7061028,3.0,3.0,-46.0
1776886835.7161028,2.0,-2.0,-45.0
1776886835.7261028,2.0,-2.0,-47.0
1776886835.7361028,7.0,0.0,-45.0
1776886835.7461028,4.0,3.0,-42.0
1776886835.7561028,5.0,3.0,-43.0
1776886835.7661028,10.0,4.0,-42.0
1776886835.7761028,3.0,2.0,-46.0
1776886835.7861028,5.0,-4.0,-42.0
1776886835.7961028,3.0,-1.0,-46.0
1776886835.8061028,1.0,-3.0,-42.0
1776886835.8161027,0.0,-2.0,-38.0
1776886835.8261027,4.0,0.0,-34.0
1776886835.8361027,4.0,0.0,-28.0
1776886835.8461027,4.0,0.0,-26.0
1776886835.8561027,0.0,1.0,-30.0
1776886835.8661027,0.0,1.0,-34.0
1776886835.8761027,3.0,0.0,-35.0
1776886835.886103,0.0,-1.0,-29.0
1776886835.896103,3.0,0.0,-32.0
1776886835.906103,0.0,0.0,-34.0
1776886835.9161026,3.0,3.0,-40.0
1776886835.9261026,3.0,4.0,-48.0
1776886835.9361026,4.0,0.0,-44.0
1776886835.9461029,3.0,0.0,-46.0
1776886835.9561028,3.0,4.0,-44.0
1776886835.9661028,0.0,1.0,-43.0
1776886835.9761028,3.0,0.0,-43.0
1776886835.9861028,4.0,0.0,-43.0
1776886835.9961028,4.0,-1.0,-49.0
1776886836.0061028,8.0,-1.0,-48.0
1776886836.0161028,5.0,0.0,-52.0
1776886836.0261028,3.0,1.0,-43.0
1776886836.0361028,3.0,-1.0,-40.0
1776886836.0461028,0.0,0.0,-33.0
1776886836.0561028,2.0,0.0,-36.0
1776886836.0661027,4.0,0.0,-35.0
1776886836.0761027,6.0,-3.0,-41.0
1776886836.0861027,2.0,-2.0,-42.0
1776886836.0961027,-2.0,0.0,-41.0
1776886836.1061027,-3.0,1.0,-44.0
1776886836.1161027,-1.0,1.0,-47.0
1776886836.1261027,0.0,0.0,-39.0
1776886836.136103,1.0,1.0,-39.0
1776886836.146103,0.0,0.0,-37.0
1776886836.156103,0.0,1.0,-38.0
1776886836.1661026,3.0,0.0,-37.0
1776886836.1761026,3.0,2.0,-41.0
1776886836.1861026,3.0,4.0,-41.0
1776886836.1961029,5.0,0.0,-42.0
1776886836.2061028,3.0,1.0,-37.0
1776886836.2161028,2.0,2.0,-38.0
1776886836.2261028,0.0,4.0,-43.0
1776886836.2361028,-1.0,0.0,-43.0
1776886836.2461028,-1.0,-5.0,-42.0
1776886836.2561028,-2.0,-2.0,-44.0
1776886836.2661028,0.0,0.0,-42.0
1776886836.2761028,2.0,1.0,-44.0
1776886836.2861028,3.0,4.0,-46.0
1776886836.2961028,4.0,2.0,-45.0
1776886836.3061028,2.0,1.0,-48.0
1776886836.317103,2.0,2.0,-50.0
1776886836.327103,4.0,0.0,-47.0
1776886836.337103,3.0,2.0,-48.0
1776886836.3471026,5.0,0.0,-44.0
1776886836.3571026,2.0,-2.0,-49.0
1776886836.3671026,2.0,0.0,-44.0
1776886836.3771029,4.0,-3.0,-46.0
1776886836.3871028,6.0,-3.0,-52.0
1776886836.3971028,5.0,-7.0,-50.0
1776886836.4071028,5.0,-3.0,-59.0
1776886836.4171028,2.0,-4.0,-55.0
1776886836.4271028,3.0,-3.0,-50.0
1776886836.4371028,0.0,-3.0,-49.0
1776886836.4471028,2.0,0.0,-48.0
1776886836.4571028,0.0,0.0,-45.0
1776886836.4671028,0.0,-2.0,-48.0
1776886836.4771028,2.0,-2.0,-43.0
1776886836.4871027,0.0,1.0,-41.0
1776886836.4971027,2.0,0.0,-37.0
1776886836.5071027,1.0,-4.0,-32.0
1776886836.5171027,3.0,-6.0,-35.0
1776886836.5271027,-1.0,-2.0,-39.0
1776886836.5371027,-6.0,0.0,-39.0
1776886836.5471027,-6.0,0.0,-41.0
1776886836.557103,-2.0,1.0,-43.0
1776886836.567103,0.0,2.0,-44.0
1776886836.577103,3.0,5.0,-43.0
1776886836.587103,2.0,6.0,-44.0
1776886836.5971026,0.0,3.0,-33.0
1776886836.6071026,2.0,-4.0,-29.0
1776886836.6171026,6.0,-3.0,-25.0
1776886836.6271029,5.0,-1.0,-33.0
1776886836.6371028,3.0,1.0,-41.0
1776886836.6471028,3.0,2.0,-37.0
1776886836.6571028,4.0,2.0,-39.0
1776886836.6671028,0.0,1.0,-36.0
1776886836.6771028,4.0,4.0,-33.0
1776886836.6871028,6.0,4.0,-36.0
1776886836.6971028,8.0,2.0,-38.0
1776886836.7071028,4.0,1.0,-31.0
1776886836.7171028,7.0,3.0,-33.0
1776886836.7271028,7.0,4.0,-35.0
1776886836.7371027,8.0,0.0,-44.0
1776886836.7471027,13.0,-4.0,-41.0
1776886836.7571027,13.0,0.0,-40.0
1776886836.7671027,12.0,2.0,-39.0
1776886836.7771027,11.0,1.0,-34.0
1776886836.7871027,8.0,2.0,-38.0
1776886836.7971027,3.0,-3.0,-34.0
1776886836.807103,3.0,-3.0,-37.0
1776886836.817103,0.0,-7.0,-32.0
1776886836.827103,-1.0,-5.0,-39.0
1776886836.837103,-2.0,-2.0,-39.0
1776886836.8471026,-5.0,-1.0,-39.0
1776886836.8571026,-4.0,-1.0,-40.0
1776886836.8671026,-2.0,0.0,-36.0
1776886836.8771029,0.0,-2.0,-43.0
1776886836.8871028,1.0,0.0,-49.0
1776886836.8971028,1.0,-2.0,-46.0
1776886836.9071028,6.0,-3.0,-44.0
1776886836.9171028,8.0,-7.0,-42.0
1776886836.9271028,9.0,-4.0,-41.0
1776886836.9371028,13.0,-4.0,-40.0
1776886836.9471028,7.0,-2.0,-45.0
1776886836.9571028,9.0,-4.0,-42.0
1776886836.9671028,5.0,0.0,-38.0
1776886836.9771028,2.0,-1.0,-43.0
1776886836.9871027,1.0,-4.0,-43.0
1776886836.9971027,0.0,-6.0,-39.0
1776886837.0071027,0.0,-5.0,-43.0
1776886837.0171027,0.0,-6.0,-39.0
1776886837.0271027,-1.0,-1.0,-46.0
1776886837.0371027,3.0,0.0,-48.0
1776886837.0471027,8.0,1.0,-46.0
1776886837.057103,4.0,2.0,-49.0
1776886837.067103,3.0,2.0,-47.0
1776886837.077103,0.0,-2.0,-41.0
1776886837.087103,2.0,-1.0,-37.0
1776886837.0971026,4.0,-3.0,-42.0
1776886837.1071026,4.0,-6.0,-39.0
1776886837.1171026,0.0,-5.0,-40.0
1776886837.1271029,1.0,-5.0,-37.0
1776886837.1371028,0.0,-9.0,-37.0
1776886837.1471028,0.0,-9.0,-39.0
1776886837.1571028,-2.0,-5.0,-36.0
1776886837.1671028,0.0,-4.0,-32.0
1776886837.1771028,0.0,-3.0,-34.0
1776886837.1871028,-4.0,0.0,-37.0
1776886837.1971028,-3.0,6.0,-39.0
1776886837.2071028,-6.0,5.0,-37.0
1776886837.2171028,-6.0,5.0,-32.0
1776886837.2271028,-10.0,4.0,-36.0
1776886837.2371027,-8.0,2.0,-39.0
1776886837.2471027,-7.0,1.0,-34.0
1776886837.2571027,-6.0,2.0,-33.0
1776886837.2671027,-3.0,4.0,-33.0
1776886837.2771027,-3.0,0.0,-27.0
1776886837.2871027,-2.0,1.0,-24.0
1776886837.2971027,-3.0,3.0,-27.0
1776886837.307103,1.0,3.0,-26.0
1776886837.317103,0.0,4.0,-26.0
1776886837.327103,1.0,6.0,-25.0
1776886837.337103,2.0,4.0,-28.0
1776886837.3471026,2.0,0.0,-31.0
1776886837.3571026,6.0,0.0,-38.0
1776886837.3671026,5.0,0.0,-40.0
1776886837.3771029,4.0,1.0,-41.0
1776886837.3871028,6.0,2.0,-43.0
1776886837.3971028,5.0,4.0,-38.0
1776886837.4071028,5.0,6.0,-35.0
1776886837.4171028,7.0,1.0,-33.0
1776886837.4271028,6.0,0.0,-37.0
1776886837.4371028,10.0,1.0,-40.0
1776886837.4471028,9.0,0.0,-43.0
1776886837.4571028,3.0,3.0,-43.0
1776886837.4671028,3.0,2.0,-48.0
1776886837.4771028,3.0,-1.0,-47.0
1776886837.4871027,2.0,0.0,-41.0
1776886837.4971027,2.0,4.0,-36.0
1776886837.5071027,0.0,2.0,-38.0
1776886837.5171027,-2.0,4.0,-39.0
1776886837.5271027,0.0,-1.0,-31.0
1776886837.5371027,-1.0,0.0,-30.0
1776886837.5471027,-2.0,0.0,-32.0
1776886837.557103,1.0,0.0,-36.0
1776886837.567103,0.0,0.0,-39.0
1776886837.577103,0.0,0.0,-36.0
1776886837.587103,2.0,0.0,-39.0
1776886837.5971026,1.0,-2.0,-40.0
1776886837.6071026,3.0,2.0,-35.0
1776886837.6171026,3.0,5.0,-30.0
1776886837.6271029,3.0,7.0,-37.0
1776886837.6371028,4.0,6.0,-33.0
1776886837.6471028,-1.0,6.0,-35.0
1776886837.6571028,-1.0,0.0,-44.0
1776886837.6671028,0.0,1.0,-50.0
1776886837.6771028,0.0,0.0,-41.0
1776886837.6871028,6.0,0.0,-36.0
1776886837.6971028,5.0,2.0,-39.0
1776886837.7071028,6.0,2.0,-36.0
1776886837.7171028,7.0,2.0,-38.0
1776886837.7271028,10.0,1.0,-36.0
1776886837.7371027,4.0,0.0,-36.0
1776886837.7471027,5.0,0.0,-34.0
1776886837.7571027,3.0,0.0,-40.0
1776886837.7671027,7.0,-3.0,-34.0
1776886837.7771027,7.0,0.0,-28.0
1776886837.7871027,3.0,1.0,-25.0
1776886837.7981029,2.0,-2.0,-26.0
1776886837.807103,0.0,-1.0,-28.0
1776886837.817103,0.0,-1.0,-34.0
1776886837.827103,-4.0,-5.0,-42.0
1776886837.837103,-5.0,-6.0,-44.0
1776886837.8471026,-2.0,-5.0,-49.0
1776886837.8571026,-2.0,-7.0,-50.0
1776886837.8671026,1.0,-5.0,-47.0
1776886837.8771029,6.0,-3.0,-50.0
1776886837.8871028,4.0,-1.0,-49.0
1776886837.8971028,0.0,-1.0,-51.0
1776886837.9071028,3.0,-1.0,-54.0
1776886837.9171028,2.0,-2.0,-51.0
1776886837.9271028,0.0,-1.0,-49.0
1776886837.9371028,-3.0,-2.0,-40.0
1776886837.9471028,-2.0,-1.0,-45.0
1776886837.9571028,-3.0,-3.0,-50.0
1776886837.9671028,-5.0,-1.0,-40.0
1776886837.9771028,-7.0,0.0,-46.0
1776886837.9871027,-3.0,0.0,-51.0
1776886837.9971027,-4.0,2.0,-47.0
1776886838.0071027,-3.0,1.0,-49.0
1776886838.0171027,-5.0,0.0,-45.0
1776886838.0271027,-1.0,0.0,-39.0
1776886838.0371027,0.0,-2.0,-32.0
1776886838.0471027,-2.0,0.0,-33.0
1776886838.057103,-6.0,0.0,-32.0
1776886838.067103,-6.0,-1.0,-42.0
1776886838.077103,-4.0,-1.0,-37.0
1776886838.087103,-3.0,-3.0,-26.0
1776886838.0971026,-2.0,-3.0,-24.0
1776886838.1071026,-1.0,-3.0,-25.0
1776886838.1171026,0.0,-1.0,-32.0
1776886838.1271029,2.0,0.0,-40.0
1776886838.1371028,1.0,0.0,-39.0
1776886838.1471028,0.0,0.0,-38.0
1776886838.1571028,0.0,2.0,-45.0
1776886838.1671028,-2.0,4.0,-46.0
1776886838.1771028,0.0,3.0,-48.0
1776886838.1871028,1.0,2.0,-48.0
1776886838.1971028,0.0,0.0,-46.0
1776886838.2071028,4.0,3.0,-45.0
1776886838.2171028,6.0,4.0,-36.0
1776886838.2271028,6.0,4.0,-36.0
1776886838.2371027,7.0,-1.0,-29.0
1776886838.2471027,6.0,2.0,-30.0
1776886838.2571027,2.0,-1.0,-28.0
1776886838.2671027,1.0,-4.0,-29.0
1776886838.2771027,1.0,-3.0,-35.0
1776886838.2871027,-4.0,-4.0,-43.0
1776886838.2981029,-3.0,-4.0,-40.0
1776886838.3081028,-4.0,1.0,-38.0
1776886838.317103,-3.0,5.0,-41.0
1776886838.3281028,0.0,2.0,-42.0
1776886838.3381028,3.0,0.0,-39.0
1776886838.3481028,3.0,3.0,-39.0
1776886838.3581028,8.0,-2.0,-41.0
1776886838.3681028,9.0,-4.0,-40.0
1776886838.3781028,8.0,-2.0,-38.0
1776886838.3881028,6.0,-1.0,-34.0
1776886838.3981028,-1.0,-5.0,-30.0
1776886838.4081028,-4.0,-2.0,-37.0
1776886838.4181027,-5.0,-2.0,-34.0
1776886838.4281027,-5.0,2.0,-40.0
1776886838.4381027,-7.0,2.0,-39.0
1776886838.4481027,-3.0,1.0,-35.0
1776886838.4581027,-5.0,0.0,-37.0
1776886838.4681027,-1.0,1.0,-37.0
1776886838.4781027,1.0,0.0,-33.0
1776886838.488103,3.0,0.0,-32.0
1776886838.498103,2.0,-3.0,-30.0
1776886838.508103,3.0,-6.0,-30.0
1776886838.5181026,0.0,-8.0,-38.0
1776886838.5281026,0.0,-12.0,-39.0
1776886838.5381026,3.0,-6.0,-40.0
1776886838.5481029,-2.0,1.0,-37.0
1776886838.5581028,0.0,4.0,-43.0
1776886838.5681028,-1.0,1.0,-44.0
1776886838.5781028,1.0,-2.0,-38.0
1776886838.5881028,4.0,-4.0,-43.0
1776886838.5981028,7.0,-6.0,-43.0
1776886838.6081028,6.0,-2.0,-38.0
1776886838.6181028,7.0,-2.0,-42.0
1776886838.6281028,3.0,-2.0,-39.0
1776886838.6381028,0.0,-4.0,-42.0
1776886838.6481028,0.0,-4.0,-42.0
1776886838.6581028,5.0,-4.0,-36.0
1776886838.6681027,10.0,-2.0,-35.0
1776886838.6781027,9.0,-4.0,-27.0
1776886838.6881027,7.0,-4.0,-30.0
1776886838.6981027,8.0,-7.0,-24.0
1776886838.7081027,2.0,-3.0,-18.0
1776886838.7181027,3.0,-2.0,-25.0
1776886838.7281027,1.0,-5.0,-32.0
1776886838.738103,2.0,-5.0,-32.0
1776886838.748103,2.0,-4.0,-39.0
1776886838.758103,0.0,-5.0,-40.0
1776886838.7681026,-6.0,-7.0,-36.0
1776886838.7781026,0.0,-4.0,-33.0
1776886838.7881026,2.0,-7.0,-40.0
1776886838.7981029,4.0,-1.0,-43.0
1776886838.8081028,4.0,0.0,-47.0
1776886838.8181028,6.0,0.0,-51.0
1776886838.8281028,7.0,0.0,-45.0
1776886838.8381028,5.0,1.0,-42.0
1776886838.8481028,6.0,-1.0,-40.0
1776886838.8581028,7.0,-1.0,-32.0
1776886838.8681028,5.0,-1.0,-35.0
1776886838.8781028,4.0,0.0,-36.0
1776886838.8881028,1.0,0.0,-34.0
1776886838.8981028,2.0,0.0,-34.0
1776886838.9081028,1.0,4.0,-34.0
1776886838.9181027,4.0,3.0,-35.0
1776886838.9281027,1.0,0.0,-33.0
1776886838.9381027,4.0,1.0,-34.0
1776886838.9481027,4.0,1.0,-35.0
1776886838.9581027,7.0,3.0,-37.0
1776886838.9681027,6.0,5.0,-41.0
1776886838.9781027,7.0,4.0,-41.0
1776886838.988103,8.0,4.0,-42.0
1776886838.998103,4.0,6.0,-49.0
1776886839.008103,3.0,5.0,-40.0
1776886839.0181026,0.0,0.0,-36.0
1776886839.0281026,-2.0,-4.0,-31.0
1776886839.0381026,-1.0,-3.0,-27.0
1776886839.0481029,-1.0,0.0,-32.0
1776886839.0581028,-1.0,0.0,-38.0
1776886839.0681028,0.0,2.0,-38.0
1776886839.0781028,-1.0,2.0,-45.0
1776886839.0881028,0.0,3.0,-40.0
1776886839.0981028,0.0,4.0,-40.0
1776886839.1081028,-1.0,5.0,-47.0
1776886839.1181028,-1.0,6.0,-46.0
1776886839.1281028,1.0,5.0,-45.0
1776886839.1381028,1.0,4.0,-41.0
1776886839.1481028,-3.0,1.0,-45.0
1776886839.1581028,-4.0,0.0,-40.0
1776886839.1681027,-2.0,4.0,-44.0
1776886839.1781027,0.0,3.0,-49.0
1776886839.1881027,1.0,4.0,-42.0
1776886839.1981027,4.0,0.0,-45.0
1776886839.2081027,1.0,4.0,-45.0
1776886839.2181027,2.0,4.0,-47.0
1776886839.2281027,1.0,2.0,-45.0
1776886839.238103,0.0,0.0,-50.0
1776886839.248103,4.0,-2.0,-43.0
1776886839.258103,3.0,0.0,-42.0
1776886839.2681026,3.0,-3.0,-39.0
1776886839.2781026,0.0,-1.0,-45.0
1776886839.2881026,0.0,0.0,-51.0
1776886839.2981029,-4.0,0.0,-41.0
1776886839.3081028,-7.0,0.0,-41.0
1776886839.3181028,-2.0,2.0,-40.0
1776886839.3281028,3.0,1.0,-45.0
1776886839.3381028,1.0,-1.0,-44.0
1776886839.3481028,2.0,-1.0,-43.0
1776886839.3581028,2.0,1.0,-43.0
1776886839.3681028,1.0,-2.0,-42.0
1776886839.3781028,1.0,-2.0,-36.0
1776886839.3881028,1.0,-3.0,-38.0
1776886839.3981028,1.0,-7.0,-40.0
1776886839.4081028,2.0,-8.0,-35.0
1776886839.4181027,4.0,-8.0,-36.0
1776886839.4281027,0.0,-8.0,-43.0
1776886839.4381027,2.0,-5.0,-40.0
1776886839.4481027,2.0,-3.0,-44.0
1776886839.4581027,2.0,-4.0,-41.0
1776886839.4681027,5.0,0.0,-43.0
1776886839.4781027,9.0,2.0,-42.0
1776886839.488103,8.0,0.0,-39.0
1776886839.498103,10.0,1.0,-39.0
1776886839.508103,10.0,5.0,-40.0
1776886839.5181026,10.0,6.0,-47.0
1776886839.5281026,3.0,9.0,-41.0
1776886839.5381026,5.0,7.0,-38.0
1776886839.5481029,4.0,7.0,-36.0
1776886839.5581028,7.0,8.0,-35.0
1776886839.5681028,3.0,3.0,-32.0
1776886839.5781028,0.0,-1.0,-35.0
1776886839.5881028,-1.0,-5.0,-33.0
1776886839.5981028,-1.0,2.0,-28.0
1776886839.6081028,-1.0,7.0,-28.0
1776886839.6181028,-1.0,8.0,-38.0
1776886839.6281028,0.0,7.0,-39.0
1776886839.6381028,0.0,8.0,-39.0
1776886839.6481028,0.0,8.0,-35.0
1776886839.6581028,0.0,6.0,-37.0
1776886839.6681027,-5.0,6.0,-47.0
1776886839.6781027,-3.0,5.0,-51.0
1776886839.6881027,-1.0,10.0,-51.0
1776886839.6981027,0.0,7.0,-49.0
1776886839.7081027,-2.0,5.0,-43.0
1776886839.7181027,1.0,3.0,-45.0
1776886839.7281027,1.0,4.0,-37.0
1776886839.738103,0.0,3.0,-32.0
1776886839.748103,2.0,1.0,-37.0
1776886839.758103,-3.0,-1.0,-37.0
1776886839.7681026,-6.0,0.0,-41.0
1776886839.7781026,-4.0,0.0,-40.0
1776886839.7881026,0.0,1.0,-29.0
1776886839.7981029,0.0,-1.0,-31.0
1776886839.8081028,3.0,0.0,-31.0
1776886839.8181028,0.0,2.0,-37.0
1776886839.8281028,-5.0,3.0,-34.0
1776886839.8381028,0.0,0.0,-33.0
1776886839.8481028,0.0,-4.0,-33.0
1776886839.8581028,0.0,-4.0,-42.0
1776886839.8681028,-1.0,-5.0,-35.0
1776886839.8781028,0.0,-9.0,-37.0
1776886839.8881028,-1.0,-4.0,-37.0
1776886839.8981028,0.0,-4.0,-38.0
1776886839.9081028,0.0,-6.0,-38.0
1776886839.9181027,3.0,-7.0,-31.0
1776886839.9281027,6.0,-5.0,-31.0
1776886839.9381027,4.0,-5.0,-33.0
1776886839.9481027,3.0,-4.0,-40.0
1776886839.9581027,2.0,-2.0,-44.0
1776886839.9681027,-1.0,1.0,-39.0
1776886839.9781027,0.0,1.0,-37.0
1776886839.988103,1.0,-1.0,-41.0
1776886839.998103,-1.0,0.0,-42.0
1776886840.008103,-5.0,-2.0,-38.0
1776886840.0181026,-2.0,-1.0,-35.0
1776886840.0281026,2.0,-6.0,-36.0
1776886840.0381026,6.0,-5.0,-40.0
1776886840.0481029,6.0,-3.0,-38.0
1776886840.0581028,6.0,-6.0,-40.0
1776886840.0681028,6.0,-7.0,-44.0
1776886840.0781028,3.0,-7.0,-42.0
1776886840.0881028,-4.0,-4.0,-43.0
1776886840.0981028,-2.0,-6.0,-38.0
1776886840.1081028,-1.0,-2.0,-39.0
1776886840.1181028,1.0,-4.0,-40.0
1776886840.1281028,0.0,-6.0,-37.0
1776886840.1381028,0.0,2.0,-39.0
1776886840.1481028,0.0,0.0,-35.0
1776886840.1581028,1.0,-4.0,-33.0
1776886840.1681027,8.0,-4.0,-33.0
1776886840.1781027,4.0,1.0,-34.0
1776886840.1881027,1.0,3.0,-34.0
1776886840.1981027,1.0,0.0,-34.0
1776886840.2081027,0.0,-1.0,-35.0
1776886840.2181027,1.0,0.0,-41.0
1776886840.2281027,-1.0,0.0,-41.0
1776886840.238103,-3.0,-2.0,-40.0
1776886840.248103,-3.0,-1.0,-42.0
1776886840.258103,-2.0,-1.0,-35.0
1776886840.2681026,6.0,-2.0,-34.0
1776886840.2791028,8.0,-2.0,-31.0
1776886840.2881026,11.0,2.0,-32.0
1776886840.2991028,7.0,-2.0,-32.0
1776886840.3091028,8.0,-4.0,-32.0
1776886840.3191028,9.0,-3.0,-44.0
1776886840.3291028,4.0,1.0,-50.0
1776886840.3381028,2.0,0.0,-45.0
1776886840.3491027,3.0,-1.0,-43.0
1776886840.3591027,1.0,-3.0,-39.0
1776886840.3691027,3.0,-3.0,-38.0
1776886840.3791027,3.0,-1.0,-38.0
1776886840.3891027,0.0,-2.0,-36.0
1776886840.3991027,0.0,-2.0,-32.0
1776886840.409103,1.0,-1.0,-37.0
1776886840.419103,0.0,-4.0,-36.0
1776886840.429103,-3.0,-2.0,-33.0
1776886840.4391026,0.0,0.0,-38.0
1776886840.4491026,0.0,0.0,-35.0
1776886840.4591026,-2.0,-1.0,-30.0
1776886840.4691026,-2.0,0.0,-30.0
1776886840.4791028,-3.0,0.0,-37.0
1776886840.4891028,-3.0,-3.0,-39.0
1776886840.4991028,-6.0,-5.0,-44.0
1776886840.5091028,-8.0,-1.0,-52.0
1776886840.5191028,-6.0,0.0,-53.0
1776886840.5291028,-2.0,0.0,-47.0
1776886840.5391028,-2.0,0.0,-44.0
1776886840.5491028,2.0,0.0,-45.0
1776886840.5591028,8.0,-2.0,-41.0
1776886840.5691028,5.0,-1.0,-38.0
1776886840.5791028,6.0,0.0,-37.0
1776886840.5891027,6.0,2.0,-28.0
1776886840.5991027,4.0,3.0,-29.0
1776886840.6091027,3.0,5.0,-25.0
1776886840.6191027,2.0,3.0,-26.0
1776886840.6291027,2.0,1.0,-29.0
1776886840.6391027,0.0,-1.0,-43.0
1776886840.6491027,-1.0,-1.0,-42.0
1776886840.659103,-2.0,0.0,-44.0
1776886840.669103,-3.0,-2.0,-41.0
1776886840.679103,-5.0,-4.0,-41.0
1776886840.6891026,-5.0,-3.0,-43.0
1776886840.6991026,-3.0,0.0,-42.0
1776886840.7091026,-2.0,1.0,-40.0
1776886840.7191026,-4.0,1.0,-47.0
1776886840.7291028,0.0,1.0,-50.0
1776886840.7391028,0.0,-1.0,-53.0
1776886840.7491028,2.0,-3.0,-52.0
1776886840.7591028,0.0,-2.0,-51.0
1776886840.7691028,0.0,-3.0,-46.0
1776886840.7791028,0.0,0.0,-51.0
1776886840.7891028,5.0,-2.0,-40.0
1776886840.7991028,3.0,-2.0,-36.0
1776886840.8091028,7.0,0.0,-33.0
1776886840.8191028,9.0,-2.0,-31.0
1776886840.8291028,8.0,-5.0,-40.0
1776886840.8391027,7.0,-5.0,-46.0
1776886840.8491027,5.0,-6.0,-38.0
1776886840.8591027,3.0,-2.0,-40.0
1776886840.8691027,2.0,-1.0,-46.0
1776886840.8791027,4.0,0.0,-42.0
1776886840.8891027,3.0,-2.0,-44.0
1776886840.8991027,7.0,-3.0,-49.0
1776886840.909103,3.0,-1.0,-47.0
1776886840.919103,2.0,2.0,-44.0
1776886840.929103,0.0,0.0,-38.0
1776886840.9391026,0.0,-3.0,-36.0
1776886840.9491026,-4.0,-1.0,-31.0
1776886840.9591026,1.0,-6.0,-33.0
1776886840.9691026,4.0,-6.0,-37.0
1776886840.9791028,3.0,-2.0,-46.0
1776886840.9891028,2.0,-5.0,-47.0
1776886840.9991028,5.0,-4.0,-42.0
1776886841.0091028,7.0,-1.0,-45.0
1776886841.0191028,7.0,1.0,-44.0
1776886841.0291028,4.0,-1.0,-40.0
1776886841.0391028,3.0,-2.0,-45.0
1776886841.0491028,5.0,0.0,-44.0
1776886841.0591028,9.0,0.0,-50.0
1776886841.0691028,6.0,-3.0,-44.0
1776886841.0791028,4.0,-6.0,-38.0
1776886841.0891027,5.0,-5.0,-45.0
1776886841.0991027,4.0,-9.0,-41.0
1776886841.1091027,7.0,-9.0,-43.0
1776886841.1191027,9.0,-8.0,-45.0
1776886841.1291027,5.0,-7.0,-40.0
1776886841.1391027,3.0,-7.0,-39.0
1776886841.1491027,1.0,-4.0,-35.0
1776886841.159103,-2.0,-2.0,-31.0
1776886841.169103,1.0,-3.0,-33.0
1776886841.179103,0.0,-4.0,-34.0
1776886841.1891026,0.0,-8.0,-40.0
1776886841.1991026,0.0,-8.0,-38.0
1776886841.2091026,2.0,-2.0,-35.0
1776886841.2191026,1.0,1.0,-41.0
1776886841.2291028,6.0,-3.0,-34.0
1776886841.2391028,4.0,-2.0,-35.0
1776886841.2491028,3.0,-1.0,-34.0
1776886841.2591028,4.0,-4.0,-39.0
1776886841.2691028,2.0,0.0,-38.0
1776886841.2791028,2.0,0.0,-34.0
1776886841.2891028,5.0,1.0,-36.0
1776886841.2991028,4.0,-1.0,-37.0
1776886841.3091028,2.0,-3.0,-36.0
1776886841.3191028,2.0,-2.0,-41.0
1776886841.3291028,3.0,-4.0,-41.0
1776886841.3391027,-1.0,-4.0,-41.0
1776886841.3491027,3.0,-1.0,-40.0
1776886841.3591027,7.0,0.0,-43.0
1776886841.3691027,9.0,-1.0,-46.0
1776886841.3791027,5.0,-2.0,-43.0
1776886841.3891027,3.0,-2.0,-43.0
1776886841.3991027,3.0,-4.0,-43.0
1776886841.409103,1.0,-8.0,-40.0
1776886841.419103,-2.0,-9.0,-39.0
1776886841.429103,-2.0,-5.0,-41.0
1776886841.4391026,3.0,-5.0,-38.0
1776886841.4491026,0.0,-5.0,-37.0
1776886841.4591026,2.0,-2.0,-36.0
1776886841.4691026,0.0,0.0,-30.0
1776886841.4791028,0.0,-1.0,-36.0
1776886841.4891028,-2.0,-1.0,-29.0
1776886841.4991028,-6.0,1.0,-37.0
1776886841.5091028,-7.0,1.0,-43.0
1776886841.5191028,-8.0,0.0,-47.0
1776886841.5291028,-7.0,-2.0,-46.0
1776886841.5391028,-6.0,-2.0,-46.0
1776886841.5491028,-8.0,-4.0,-47.0
1776886841.5591028,-4.0,-7.0,-51.0
1776886841.5691028,1.0,-7.0,-49.0
1776886841.5791028,0.0,-5.0,-50.0
1776886841.5891027,3.0,-7.0,-44.0
1776886841.5991027,0.0,-8.0,-42.0
1776886841.6091027,-2.0,-3.0,-37.0
1776886841.6191027,-2.0,-9.0,-38.0
1776886841.6291027,-2.0,-10.0,-44.0
1776886841.6391027,-3.0,-4.0,-40.0
1776886841.6491027,1.0,0.0,-39.0
1776886841.659103,3.0,1.0,-38.0
1776886841.669103,0.0,0.0,-35.0
1776886841.679103,3.0,-2.0,-38.0
1776886841.6891026,4.0,0.0,-40.0
1776886841.6991026,6.0,0.0,-40.0
1776886841.7091026,7.0,0.0,-40.0
1776886841.7191026,5.0,1.0,-33.0
1776886841.7291028,4.0,3.0,-29.0
1776886841.7391028,2.0,0.0,-28.0
1776886841.7491028,1.0,-6.0,-24.0
1776886841.7591028,0.0,-4.0,-27.0
1776886841.7691028,-3.0,-3.0,-33.0
1776886841.7791028,-4.0,-3.0,-37.0
1776886841.7891028,-1.0,-1.0,-41.0
1776886841.7991028,0.0,-3.0,-47.0
1776886841.8091028,0.0,-4.0,-48.0
1776886841.8191028,-3.0,-6.0,-41.0
1776886841.8291028,1.0,-1.0,-43.0
1776886841.8391027,6.0,3.0,-42.0
1776886841.8491027,4.0,0.0,-47.0
1776886841.8591027,0.0,0.0,-43.0
1776886841.8691027,0.0,3.0,-47.0
1776886841.8791027,0.0,0.0,-39.0
1776886841.8891027,2.0,1.0,-44.0
1776886841.8991027,0.0,1.0,-39.0
1776886841.909103,0.0,1.0,-39.0
1776886841.919103,2.0,1.0,-43.0
1776886841.929103,0.0,-2.0,-41.0
1776886841.9391026,-1.0,-3.0,-39.0
1776886841.9491026,3.0,-5.0,-44.0
1776886841.9591026,4.0,-4.0,-38.0
1776886841.9691026,4.0,-5.0,-35.0
1776886841.9791028,0.0,-2.0,-31.0
1776886841.9891028,1.0,0.0,-31.0
1776886841.9991028,1.0,-3.0,-35.0
1776886842.0091028,2.0,1.0,-44.0
1776886842.0191028,0.0,-4.0,-48.0
1776886842.0291028,-2.0,-6.0,-48.0
1776886842.0391028,-4.0,-5.0,-46.0
1776886842.0491028,-3.0,-4.0,-46.0
1776886842.0591028,0.0,-2.0,-50.0
1776886842.0691028,1.0,0.0,-54.0
1776886842.0791028,0.0,1.0,-55.0
1776886842.0891027,-5.0,1.0,-49.0
1776886842.0991027,-5.0,4.0,-45.0
1776886842.1091027,-5.0,1.0,-46.0
1776886842.1191027,-4.0,4.0,-48.0
1776886842.1291027,-8.0,5.0,-46.0
1776886842.1391027,-12.0,5.0,-34.0
1776886842.1491027,-6.0,7.0,-34.0
1776886842.159103,-6.0,4.0,-34.0
1776886842.169103,-6.0,2.0,-38.0
1776886842.179103,-4.0,-2.0,-38.0
1776886842.1891026,-9.0,-1.0,-41.0
1776886842.1991026,-4.0,1.0,-37.0
1776886842.2091026,-5.0,0.0,-35.0
1776886842.2191026,-8.0,-2.0,-37.0
1776886842.2291028,-8.0,-1.0,-37.0
1776886842.2391028,-8.0,-1.0,-32.0
1776886842.2491028,-8.0,-2.0,-29.0
1776886842.2591028,-5.0,-3.0,-33.0
1776886842.2691028,-3.0,-4.0,-32.0
1776886842.2791028,-1.0,-4.0,-35.0
1776886842.2891028,-1.0,-7.0,-36.0
1776886842.3001027,-1.0,-7.0,-43.0
1776886842.3101027,0.0,-5.0,-45.0
1776886842.3201027,3.0,-6.0,-37.0
1776886842.3301027,2.0,-4.0,-45.0
1776886842.340103,-1.0,-3.0,-44.0
1776886842.350103,1.0,0.0,-47.0
1776886842.360103,3.0,-1.0,-47.0
1776886842.3701026,4.0,-1.0,-48.0
1776886842.3801026,6.0,0.0,-48.0
1776886842.3901026,4.0,1.0,-50.0
1776886842.4001029,7.0,2.0,-45.0
1776886842.4101028,6.0,2.0,-43.0
1776886842.4201028,3.0,4.0,-42.0
1776886842.4301028,0.0,3.0,-44.0
1776886842.4401028,1.0,0.0,-43.0
1776886842.4501028,4.0,5.0,-44.0
1776886842.4601028,1.0,5.0,-49.0
1776886842.4701028,0.0,4.0,-43.0
1776886842.4801028,-2.0,8.0,-36.0
1776886842.4901028,6.0,4.0,-39.0
1776886842.5001028,8.0,7.0,-35.0
1776886842.5101027,5.0,3.0,-34.0
1776886842.5201027,5.0,0.0,-33.0
1776886842.5301027,3.0,-2.0,-37.0
1776886842.5401027,1.0,-2.0,-41.0
1776886842.5501027,2.0,-4.0,-42.0
1776886842.5601027,3.0,-4.0,-42.0
1776886842.5701027,-4.0,-4.0,-47.0
1776886842.5801027,-2.0,-5.0,-44.0
1776886842.590103,0.0,-8.0,-49.0
1776886842.600103,-2.0,-7.0,-48.0
1776886842.6111028,-2.0,-7.0,-52.0
1776886842.6201026,-1.0,-4.0,-52.0
1776886842.6301026,-4.0,-4.0,-52.0
1776886842.6401026,-4.0,-7.0,-51.0
1776886842.6501029,-2.0,-3.0,-47.0
1776886842.6601028,-6.0,-5.0,-45.0
1776886842.6701028,-4.0,-2.0,-43.0
1776886842.6801028,0.0,2.0,-42.0
1776886842.6901028,-1.0,2.0,-46.0
1776886842.7001028,-4.0,0.0,-44.0
1776886842.7101028,-4.0,0.0,-39.0
1776886842.7201028,-2.0,2.0,-36.0
1776886842.7301028,0.0,2.0,-43.0
1776886842.7401028,-3.0,0.0,-46.0
1776886842.7501028,-1.0,3.0,-40.0
1776886842.7601027,0.0,1.0,-39.0
1776886842.7701027,2.0,1.0,-37.0
1776886842.7801027,2.0,1.0,-39.0
1776886842.7901027,1.0,1.0,-36.0
1776886842.8001027,4.0,3.0,-35.0
1776886842.8101027,1.0,-1.0,-38.0
1776886842.8201027,2.0,-2.0,-38.0
1776886842.8301027,2.0,2.0,-42.0
1776886842.840103,1.0,3.0,-45.0
1776886842.850103,3.0,5.0,-46.0
1776886842.860103,5.0,5.0,-46.0
1776886842.8701026,5.0,5.0,-46.0
1776886842.8801026,8.0,0.0,-38.0
1776886842.8901026,4.0,-1.0,-40.0
1776886842.9001029,2.0,2.0,-46.0
1776886842.9101028,4.0,2.0,-46.0
1776886842.9201028,3.0,0.0,-48.0
1776886842.9301028,6.0,-2.0,-46.0
1776886842.9401028,7.0,2.0,-42.0
1776886842.9501028,9.0,-3.0,-44.0
1776886842.9601028,6.0,-7.0,-44.0
1776886842.9701028,0.0,-7.0,-49.0
1776886842.9801028,-1.0,-6.0,-47.0
1776886842.9901028,-1.0,-3.0,-40.0
1776886843.0001028,0.0,-3.0,-48.0
1776886843.0101027,-6.0,-2.0,-50.0
1776886843.0201027,-7.0,-2.0,-47.0
1776886843.0301027,-7.0,-1.0,-46.0
1776886843.0401027,-5.0,-3.0,-39.0
1776886843.0501027,-4.0,0.0,-44.0
1776886843.0601027,0.0,-2.0,-49.0
1776886843.0701027,-1.0,-6.0,-47.0
1776886843.0801027,2.0,-2.0,-42.0
1776886843.090103,4.0,-2.0,-41.0
1776886843.100103,4.0,-2.0,-43.0
1776886843.110103,-2.0,-2.0,-41.0
1776886843.1201026,-2.0,-6.0,-44.0
1776886843.1301026,0.0,-3.0,-39.0
1776886843.1401026,0.0,-3.0,-34.0
1776886843.1501029,-2.0,-4.0,-42.0
1776886843.1601028,1.0,-5.0,-51.0
1776886843.1701028,1.0,-7.0,-58.0
1776886843.1801028,4.0,-6.0,-61.0
1776886843.1901028,5.0,-7.0,-61.0
1776886843.2001028,7.0,-6.0,-56.0
1776886843.2101028,5.0,-5.0,-56.0
1776886843.2201028,5.0,-5.0,-53.0
1776886843.2301028,4.0,-4.0,-50.0
1776886843.2401028,1.0,-2.0,-48.0
1776886843.2501028,0.0,-1.0,-45.0
1776886843.2601027,-6.0,-3.0,-45.0
1776886843.2701027,-4.0,-5.0,-43.0
1776886843.2801027,-2.0,-6.0,-44.0
1776886843.2901027,-1.0,-2.0,-44.0
1776886843.3001027,0.0,-3.0,-42.0
1776886843.3101027,0.0,-3.0,-44.0
1776886843.3201027,0.0,-1.0,-37.0
1776886843.3301027,4.0,0.0,-32.0
1776886843.340103,2.0,4.0,-35.0
1776886843.350103,1.0,6.0,-34.0
1776886843.360103,2.0,4.0,-32.0
1776886843.3701026,0.0,-2.0,-34.0
1776886843.3801026,0.0,-7.0,-40.0
1776886843.3901026,-2.0,-8.0,-41.0
1776886843.4001029,-3.0,-7.0,-42.0
1776886843.4101028,-1.0,-4.0,-39.0
1776886843.4201028,1.0,-5.0,-40.0
1776886843.4301028,2.0,-2.0,-33.0
1776886843.4401028,1.0,0.0,-37.0
1776886843.4501028,1.0,1.0,-42.0
1776886843.4601028,1.0,6.0,-43.0
1776886843.4701028,4.0,2.0,-46.0
1776886843.4801028,3.0,5.0,-41.0
1776886843.4901028,1.0,6.0,-43.0
1776886843.5001028,2.0,1.0,-43.0
1776886843.5101027,3.0,2.0,-44.0
1776886843.5201027,2.0,1.0,-40.0
1776886843.5301027,1.0,0.0,-41.0
1776886843.5401027,0.0,0.0,-41.0
1776886843.5501027,-1.0,-4.0,-37.0
1776886843.5601027,3.0,-5.0,-33.0
1776886843.5701027,8.0,-5.0,-29.0
1776886843.5801027,10.0,-4.0,-31.0
1776886843.590103,3.0,-5.0,-31.0
1776886843.600103,2.0,0.0,-27.0
1776886843.610103,1.0,-1.0,-25.0
1776886843.6201026,-3.0,0.0,-30.0
1776886843.6301026,-5.0,-3.0,-31.0
1776886843.6401026,-1.0,-3.0,-25.0
1776886843.6501029,-3.0,-5.0,-26.0
1776886843.6601028,-2.0,-3.0,-32.0
1776886843.6701028,1.0,-5.0,-39.0
1776886843.6801028,0.0,-3.0,-35.0
1776886843.6901028,0.0,-5.0,-34.0
1776886843.7001028,0.0,-2.0,-34.0
1776886843.7101028,-2.0,0.0,-34.0
1776886843.7201028,2.0,0.0,-40.0
1776886843.7301028,6.0,3.0,-42.0
1776886843.7401028,6.0,0.0,-41.0
1776886843.7501028,0.0,0.0,-37.0
1776886843.7601027,0.0,2.0,-38.0
1776886843.7701027,0.0,1.0,-43.0
1776886843.7801027,4.0,-1.0,-44.0
1776886843.7901027,2.0,0.0,-44.0
1776886843.8001027,1.0,-3.0,-40.0
1776886843.8101027,1.0,0.0,-40.0
1776886843.8201027,1.0,0.0,-43.0
1776886843.8301027,0.0,0.0,-44.0
1776886843.840103,-4.0,2.0,-41.0
1776886843.850103,-4.0,3.0,-38.0
1776886843.860103,0.0,4.0,-43.0
1776886843.8701026,-1.0,5.0,-46.0
1776886843.8801026,0.0,5.0,-38.0
1776886843.8901026,3.0,4.0,-45.0
1776886843.9001029,4.0,0.0,-44.0
1776886843.9101028,6.0,-1.0,-45.0
1776886843.9201028,0.0,-1.0,-43.0
1776886843.9301028,-1.0,-3.0,-42.0
1776886843.9401028,2.0,-3.0,-48.0
1776886843.9501028,3.0,-2.0,-40.0
1776886843.9601028,0.0,-1.0,-37.0
1776886843.9701028,3.0,-3.0,-31.0
1776886843.9801028,4.0,-2.0,-32.0
1776886843.9901028,-1.0,-4.0,-33.0
1776886844.0001028,-1.0,-5.0,-33.0
1776886844.0101027,-1.0,-3.0,-29.0
1776886844.0201027,2.0,-4.0,-22.0
1776886844.0301027,4.0,-4.0,-24.0
1776886844.0401027,5.0,0.0,-25.0
1776886844.0501027,8.0,-2.0,-28.0
1776886844.0601027,3.0,-4.0,-29.0
1776886844.0701027,0.0,-7.0,-27.0
1776886844.0801027,0.0,-8.0,-29.0
1776886844.090103,1.0,-5.0,-36.0
1776886844.100103,0.0,-8.0,-43.0
1776886844.110103,-1.0,-6.0,-43.0
1776886844.1201026,-1.0,-2.0,-43.0
1776886844.1301026,0.0,-3.0,-44.0
1776886844.1401026,-2.0,0.0,-48.0
1776886844.1501029,-2.0,1.0,-49.0
1776886844.1601028,0.0,1.0,-46.0
1776886844.1701028,2.0,1.0,-45.0
1776886844.1801028,2.0,-1.0,-43.0
1776886844.1901028,0.0,-4.0,-41.0
1776886844.2001028,-2.0,-6.0,-39.0
1776886844.2101028,-3.0,-8.0,-40.0
1776886844.2201028,-3.0,-6.0,-34.0
1776886844.2301028,-1.0,-2.0,-34.0
1776886844.2401028,0.0,-2.0,-33.0
1776886844.2501028,0.0,1.0,-38.0
1776886844.2601027,0.0,4.0,-44.0
1776886844.2701027,1.0,6.0,-49.0
1776886844.281103,0.0,2.0,-41.0
1776886844.2901027,-3.0,0.0,-39.0
1776886844.3011026,-6.0,3.0,-44.0
1776886844.3111026,-5.0,4.0,-39.0
1776886844.3201027,-4.0,1.0,-36.0
1776886844.3311028,-6.0,0.0,-34.0
1776886844.3411028,-1.0,-1.0,-30.0
1776886844.3511028,6.0,-3.0,-39.0
1776886844.3611028,2.0,-7.0,-39.0
1776886844.3711028,2.0,-2.0,-40.0
1776886844.3811028,4.0,-4.0,-38.0
1776886844.3911028,-1.0,-5.0,-41.0
1776886844.4011028,1.0,-4.0,-35.0
1776886844.4111028,5.0,-4.0,-39.0
1776886844.4211028,5.0,-6.0,-41.0
1776886844.4311028,5.0,-3.0,-39.0
1776886844.4411027,-1.0,-1.0,-38.0
1776886844.4511027,-3.0,0.0,-37.0
1776886844.4611027,-3.0,3.0,-38.0
1776886844.4711027,-7.0,1.0,-38.0
1776886844.4811027,-6.0,4.0,-41.0
1776886844.4911027,-4.0,3.0,-45.0
1776886844.5011027,-4.0,4.0,-45.0
1776886844.511103,1.0,1.0,-49.0
1776886844.521103,5.0,0.0,-52.0
1776886844.531103,6.0,-1.0,-55.0
1776886844.5411026,5.0,-2.0,-51.0
1776886844.5511026,2.0,-1.0,-46.0
1776886844.5611026,2.0,0.0,-40.0
1776886844.5711029,-1.0,-5.0,-33.0
1776886844.5811028,-1.0,-7.0,-36.0
1776886844.5911028,-1.0,-8.0,-37.0
1776886844.6011028,0.0,-5.0,-43.0
1776886844.6111028,1.0,-2.0,-44.0
1776886844.6211028,1.0,0.0,-39.0
1776886844.6311028,1.0,-2.0,-41.0
1776886844.6411028,2.0,0.0,-38.0
1776886844.6511028,2.0,-1.0,-36.0
1776886844.6611028,0.0,0.0,-31.0
1776886844.6711028,1.0,0.0,-30.0
1776886844.6811028,3.0,-3.0,-26.0
1776886844.6911027,2.0,-7.0,-25.0
1776886844.7011027,0.0,-9.0,-28.0
1776886844.7111027,1.0,-6.0,-32.0
1776886844.7211027,-4.0,-7.0,-35.0
1776886844.7311027,-2.0,-8.0,-39.0
1776886844.7411027,-3.0,-6.0,-34.0
1776886844.7511027,0.0,-8.0,-32.0
1776886844.761103,4.0,-6.0,-34.0
1776886844.771103,2.0,-1.0,-39.0
1776886844.781103,2.0,-2.0,-40.0
1776886844.7911026,0.0,-4.0,-39.0
1776886844.8011026,-1.0,-3.0,-38.0
1776886844.8111026,-5.0,0.0,-37.0
1776886844.8211029,-3.0,0.0,-31.0
1776886844.8311028,-4.0,0.0,-34.0
1776886844.8411028,-6.0,-1.0,-42.0
1776886844.8511028,-2.0,0.0,-39.0
1776886844.8611028,0.0,-1.0,-41.0
1776886844.8711028,1.0,-2.0,-38.0
1776886844.8811028,5.0,1.0,-31.0
1776886844.8911028,0.0,1.0,-27.0
1776886844.9011028,-1.0,0.0,-35.0
1776886844.9111028,-4.0,-2.0,-37.0
1776886844.9211028,-7.0,-2.0,-35.0
1776886844.9311028,-2.0,-5.0,-42.0
1776886844.9411027,2.0,-3.0,-44.0
1776886844.9511027,-1.0,-2.0,-41.0
1776886844.9611027,-3.0,0.0,-44.0
1776886844.9711027,0.0,-4.0,-48.0
1776886844.9811027,-3.0,-6.0,-51.0
1776886844.9911027,-6.0,-5.0,-48.0
1776886845.0011027,-7.0,-5.0,-45.0
1776886845.011103,-7.0,-6.0,-47.0
1776886845.021103,-3.0,-7.0,-43.0
1776886845.031103,0.0,-7.0,-40.0
1776886845.0411026,2.0,-5.0,-40.0
1776886845.0511026,0.0,-4.0,-35.0
1776886845.0611026,-1.0,-3.0,-37.0
1776886845.0711029,0.0,-4.0,-34.0
1776886845.0811028,0.0,-4.0,-36.0
1776886845.0911028,0.0,0.0,-36.0
1776886845.1011028,-1.0,1.0,-35.0
1776886845.1111028,-2.0,-1.0,-34.0
1776886845.1211028,-3.0,-1.0,-38.0
1776886845.1311028,-3.0,-1.0,-37.0
1776886845.1411028,-5.0,-3.0,-42.0
1776886845.1511028,-2.0,-1.0,-46.0
1776886845.1611028,3.0,-6.0,-49.0
1776886845.1711028,2.0,-9.0,-46.0
1776886845.1811028,3.0,-9.0,-41.0
1776886845.1911027,2.0,-5.0,-33.0
1776886845.2011027,1.0,-2.0,-35.0
1776886845.2111027,3.0,-1.0,-39.0
1776886845.2211027,8.0,0.0,-47.0
1776886845.2311027,10.0,0.0,-46.0
1776886845.2411027,5.0,1.0,-41.0
1776886845.2511027,7.0,3.0,-45.0
1776886845.261103,6.0,0.0,-45.0
1776886845.271103,4.0,-2.0,-42.0
1776886845.281103,0.0,-1.0,-46.0
1776886845.2911026,1.0,-3.0,-45.0
1776886845.3011026,1.0,-3.0,-45.0
1776886845.3111026,3.0,0.0,-44.0
1776886845.3211029,1.0,-6.0,-44.0
1776886845.3311028,4.0,-6.0,-44.0
1776886845.3411028,-1.0,-3.0,-41.0
1776886845.3511028,-2.0,-2.0,-36.0
1776886845.3611028,-2.0,0.0,-40.0
1776886845.3711028,-3.0,-2.0,-39.0
1776886845.3811028,-3.0,-1.0,-37.0
1776886845.3911028,0.0,0.0,-38.0
1776886845.4011028,-1.0,0.0,-35.0
1776886845.4111028,0.0,2.0,-39.0
1776886845.4211028,-1.0,1.0,-43.0
1776886845.4311028,-2.0,-5.0,-48.0
1776886845.4411027,-2.0,-3.0,-45.0
1776886845.4511027,2.0,-2.0,-52.0
1776886845.4611027,4.0,-4.0,-55.0
1776886845.4711027,1.0,-8.0,-44.0
1776886845.4811027,5.0,-3.0,-41.0
1776886845.4911027,4.0,-7.0,-43.0
1776886845.5011027,3.0,-6.0,-39.0
1776886845.511103,0.0,-4.0,-42.0
1776886845.521103,-1.0,-6.0,-40.0
1776886845.531103,0.0,-5.0,-38.0
1776886845.5411026,3.0,-2.0,-39.0
1776886845.5511026,0.0,-3.0,-42.0
1776886845.5611026,-5.0,-2.0,-40.0
1776886845.5711029,-6.0,0.0,-44.0
1776886845.5811028,0.0,1.0,-40.0
1776886845.5911028,2.0,4.0,-49.0
1776886845.6011028,0.0,3.0,-37.0
1776886845.6111028,-1.0,0.0,-32.0
1776886845.6211028,3.0,-6.0,-33.0
1776886845.6311028,3.0,-7.0,-35.0
1776886845.6411028,-2.0,0.0,-39.0
1776886845.6511028,0.0,3.0,-42.0
1776886845.6611028,3.0,2.0,-43.0
1776886845.6711028,5.0,-1.0,-54.0
1776886845.6811028,4.0,-4.0,-58.0
1776886845.6911027,3.0,0.0,-58.0
1776886845.7011027,4.0,-1.0,-50.0
1776886845.7111027,1.0,0.0,-42.0
1776886845.7211027,1.0,2.0,-44.0
1776886845.7311027,0.0,4.0,-46.0
1776886845.7411027,0.0,5.0,-43.0
1776886845.7511027,2.0,10.0,-36.0
1776886845.761103,4.0,9.0,-34.0
1776886845.771103,1.0,3.0,-37.0
1776886845.781103,5.0,2.0,-37.0
1776886845.7911026,2.0,1.0,-37.0
1776886845.8011026,3.0,-1.0,-38.0
1776886845.8111026,5.0,-1.0,-40.0
1776886845.8211029,9.0,0.0,-39.0
1776886845.8311028,8.0,0.0,-35.0
1776886845.8411028,7.0,-3.0,-44.0
1776886845.8511028,3.0,-4.0,-40.0
1776886845.8611028,0.0,-2.0,-43.0
1776886845.8711028,-2.0,-1.0,-48.0
1776886845.8811028,-4.0,-1.0,-48.0
1776886845.8911028,-7.0,0.0,-43.0
1776886845.9011028,-5.0,0.0,-42.0
1776886845.9111028,0.0,2.0,-41.0
1776886845.9211028,0.0,2.0,-40.0
1776886845.9311028,3.0,1.0,-42.0
1776886845.9411027,0.0,3.0,-38.0
1776886845.9511027,0.0,9.0,-41.0
1776886845.9611027,2.0,13.0,-43.0
1776886845.9711027,5.0,11.0,-45.0
1776886845.9811027,5.0,6.0,-47.0
1776886845.9911027,6.0,5.0,-48.0
1776886846.0011027,10.0,5.0,-40.0
1776886846.011103,5.0,4.0,-44.0
1776886846.021103,0.0,3.0,-43.0
1776886846.031103,-2.0,8.0,-45.0
1776886846.0411026,-3.0,5.0,-45.0
1776886846.0511026,0.0,0.0,-42.0
1776886846.0611026,2.0,-2.0,-42.0
1776886846.0711029,0.0,-3.0,-44.0
1776886846.0811028,-2.0,0.0,-34.0
1776886846.0911028,-1.0,-5.0,-34.0
1776886846.1011028,1.0,0.0,-36.0
1776886846.1111028,-3.0,0.0,-32.0
1776886846.1211028,0.0,2.0,-25.0
1776886846.1311028,0.0,-1.0,-30.0
1776886846.1411028,1.0,-3.0,-31.0
1776886846.1511028,0.0,-6.0,-33.0
1776886846.1611028,-3.0,-4.0,-36.0
1776886846.1711028,-3.0,-5.0,-34.0
1776886846.1811028,0.0,-3.0,-31.0
1776886846.1911027,0.0,-2.0,-24.0
1776886846.2011027,2.0,1.0,-25.0
1776886846.2111027,1.0,1.0,-24.0
1776886846.2211027,-3.0,-3.0,-21.0
1776886846.2311027,-5.0,-6.0,-27.0
1776886846.2411027,-2.0,-8.0,-27.0
1776886846.2511027,-1.0,-9.0,-30.0
1776886846.2621028,-1.0,-12.0,-23.0
1776886846.2721028,-2.0,-9.0,-22.0
1776886846.2821028,-4.0,-7.0,-25.0
1776886846.2921028,-1.0,-5.0,-31.0
1776886846.3021028,1.0,-2.0,-32.0
1776886846.3121028,2.0,0.0,-38.0
1776886846.3221028,3.0,-3.0,-37.0
1776886846.3321028,2.0,-4.0,-39.0
1776886846.3421028,3.0,-4.0,-40.0
1776886846.3521028,4.0,-6.0,-39.0
1776886846.3621027,0.0,-12.0,-36.0
1776886846.3721027,-5.0,-8.0,-36.0
1776886846.3821027,-6.0,-4.0,-38.0
1776886846.3921027,-5.0,0.0,-40.0
1776886846.4021027,-5.0,0.0,-40.0
1776886846.4121027,-4.0,-2.0,-43.0
1776886846.4221027,0.0,-1.0,-36.0
1776886846.432103,-3.0,1.0,-28.0
1776886846.442103,4.0,0.0,-32.0
1776886846.452103,4.0,-5.0,-33.0
1776886846.462103,7.0,-5.0,-31.0
1776886846.4721026,1.0,-7.0,-33.0
1776886846.4821026,0.0,-3.0,-36.0
1776886846.4921026,0.0,-4.0,-35.0
1776886846.5021029,0.0,-4.0,-37.0
1776886846.5121028,0.0,-6.0,-38.0
1776886846.5221028,0.0,-8.0,-34.0
1776886846.5321028,0.0,-1.0,-41.0
1776886846.5421028,2.0,-1.0,-38.0
1776886846.5521028,3.0,-2.0,-41.0
1776886846.5621028,0.0,-1.0,-37.0
1776886846.5721028,1.0,-4.0,-39.0
1776886846.5821028,6.0,-7.0,-44.0
1776886846.5921028,6.0,-6.0,-47.0
1776886846.6021028,6.0,-8.0,-41.0
1776886846.6121027,7.0,-5.0,-35.0
1776886846.6221027,10.0,-4.0,-35.0
1776886846.6321027,9.0,-4.0,-35.0
1776886846.6421027,9.0,-4.0,-36.0
1776886846.6521027,10.0,-2.0,-35.0
1776886846.6621027,5.0,0.0,-33.0
1776886846.6721027,2.0,2.0,-42.0
1776886846.682103,1.0,4.0,-39.0
1776886846.692103,2.0,3.0,-47.0
1776886846.702103,4.0,4.0,-45.0
1776886846.712103,1.0,1.0,-49.0
1776886846.7221026,3.0,0.0,-40.0
1776886846.7321026,0.0,0.0,-36.0
1776886846.7421026,1.0,-2.0,-34.0
1776886846.7521029,2.0,-3.0,-33.0
1776886846.7621028,0.0,2.0,-33.0
1776886846.7721028,0.0,0.0,-29.0
1776886846.7821028,2.0,1.0,-27.0
1776886846.7921028,2.0,-1.0,-25.0
1776886846.8021028,2.0,-1.0,-21.0
1776886846.8121028,3.0,-3.0,-31.0
1776886846.8221028,1.0,-5.0,-33.0
1776886846.8321028,0.0,-3.0,-31.0
1776886846.8421028,1.0,-2.0,-26.0
1776886846.8521028,0.0,-1.0,-33.0
1776886846.8621027,-2.0,0.0,-33.0
1776886846.8721027,-4.0,-4.0,-34.0
1776886846.8821027,-8.0,-2.0,-40.0
1776886846.8921027,-2.0,0.0,-41.0
1776886846.9021027,0.0,-2.0,-45.0
1776886846.9121027,-2.0,-5.0,-43.0
1776886846.9221027,-4.0,-6.0,-45.0
1776886846.932103,-4.0,-3.0,-40.0
1776886846.942103,0.0,1.0,-40.0
1776886846.952103,5.0,3.0,-43.0
1776886846.962103,6.0,1.0,-40.0
1776886846.9721026,6.0,1.0,-37.0
1776886846.9821026,5.0,1.0,-36.0
1776886846.9921026,4.0,-4.0,-42.0
1776886847.0021029,0.0,-4.0,-40.0
1776886847.0121028,3.0,-3.0,-40.0
1776886847.0221028,1.0,-7.0,-40.0
1776886847.0321028,-3.0,-7.0,-44.0
1776886847.0421028,-5.0,-8.0,-46.0
1776886847.0521028,-1.0,-10.0,-40.0
1776886847.0621028,-2.0,-11.0,-39.0
1776886847.0721028,0.0,-7.0,-45.0
1776886847.0821028,1.0,-8.0,-49.0
1776886847.0921028,-2.0,-6.0,-45.0
1776886847.1021028,-3.0,-2.0,-44.0
1776886847.1121027,-4.0,3.0,-43.0
1776886847.1221027,-3.0,2.0,-38.0
1776886847.1321027,2.0,4.0,-33.0
1776886847.1421027,3.0,4.0,-37.0
1776886847.1521027,0.0,3.0,-37.0
1776886847.1621027,0.0,4.0,-37.0
1776886847.1721027,-3.0,8.0,-37.0
1776886847.182103,1.0,5.0,-38.0
1776886847.192103,3.0,2.0,-33.0
1776886847.202103,3.0,3.0,-30.0
1776886847.212103,4.0,-3.0,-32.0
1776886847.2221026,5.0,-1.0,-35.0
1776886847.2321026,-1.0,-6.0,-27.0
1776886847.2421026,-7.0,-4.0,-31.0
1776886847.2521029,-6.0,-3.0,-33.0
1776886847.2621028,-2.0,-3.0,-37.0
1776886847.2721028,-4.0,-3.0,-43.0
1776886847.2821028,-7.0,-2.0,-42.0
1776886847.2921028,-6.0,0.0,-46.0
1776886847.3021028,-4.0,0.0,-46.0
1776886847.3121028,-1.0,-3.0,-47.0
1776886847.3221028,0.0,-2.0,-40.0
1776886847.3321028,4.0,-2.0,-37.0
1776886847.3421028,7.0,-2.0,-37.0
1776886847.3521028,3.0,-6.0,-36.0
1776886847.3621027,2.0,-6.0,-38.0
1776886847.3721027,-1.0,-1.0,-38.0
1776886847.3821027,-3.0,1.0,-37.0
1776886847.3921027,2.0,5.0,-41.0
1776886847.4021027,5.0,6.0,-41.0
1776886847.4121027,7.0,7.0,-37.0
1776886847.4221027,7.0,5.0,-41.0
1776886847.432103,8.0,2.0,-37.0
1776886847.442103,7.0,0.0,-42.0
1776886847.452103,6.0,-4.0,-41.0
1776886847.462103,6.0,-4.0,-37.0
1776886847.4721026,3.0,-5.0,-37.0
1776886847.4821026,0.0,-6.0,-36.0
1776886847.4921026,-3.0,-5.0,-40.0
1776886847.5021029,-3.0,-3.0,-37.0
1776886847.5121028,-6.0,0.0,-37.0
1776886847.5221028,0.0,1.0,-34.0
1776886847.5321028,3.0,0.0,-38.0
1776886847.5421028,4.0,-1.0,-40.0
1776886847.5521028,4.0,-1.0,-37.0
1776886847.5621028,6.0,-1.0,-39.0
1776886847.5721028,6.0,0.0,-37.0
1776886847.5821028,7.0,-3.0,-33.0
1776886847.5921028,6.0,0.0,-26.0
1776886847.6021028,6.0,1.0,-35.0
1776886847.6121027,6.0,2.0,-37.0
1776886847.6221027,6.0,3.0,-36.0
1776886847.6321027,1.0,0.0,-36.0
1776886847.6421027,3.0,-5.0,-30.0
1776886847.6521027,2.0,-5.0,-34.0
1776886847.6621027,3.0,-1.0,-36.0
1776886847.6721027,2.0,0.0,-41.0
1776886847.682103,-1.0,-1.0,-36.0
1776886847.692103,-3.0,0.0,-37.0
1776886847.702103,-4.0,2.0,-37.0
1776886847.712103,0.0,2.0,-38.0
1776886847.7221026,2.0,-2.0,-41.0
1776886847.7321026,4.0,0.0,-44.0
1776886847.7421026,3.0,1.0,-48.0
1776886847.7521029,3.0,2.0,-41.0
1776886847.7621028,2.0,1.0,-40.0
1776886847.7721028,4.0,0.0,-45.0
1776886847.7821028,2.0,-5.0,-42.0
1776886847.7921028,2.0,-8.0,-47.0
1776886847.8021028,5.0,-4.0,-44.0
1776886847.8121028,0.0,-3.0,-38.0
1776886847.8221028,2.0,-3.0,-44.0
1776886847.8321028,3.0,-2.0,-45.0
1776886847.8421028,4.0,-5.0,-54.0
1776886847.8521028,2.0,-6.0,-57.0
1776886847.8621027,0.0,-6.0,-47.0
1776886847.8721027,-2.0,-10.0,-41.0
1776886847.8821027,-2.0,-9.0,-35.0
1776886847.8921027,-2.0,-1.0,-29.0
1776886847.9021027,-5.0,-1.0,-35.0
1776886847.9121027,-3.0,-1.0,-37.0
1776886847.9221027,-2.0,0.0,-42.0
1776886847.932103,5.0,-2.0,-44.0
1776886847.942103,6.0,0.0,-45.0
1776886847.952103,3.0,0.0,-49.0
1776886847.962103,-2.0,0.0,-57.0
1776886847.9721026,-4.0,-1.0,-53.0
1776886847.9821026,-9.0,-1.0,-43.0
1776886847.9921026,-10.0,0.0,-37.0
1776886848.0021029,-1.0,-1.0,-39.0
1776886848.0121028,5.0,-3.0,-38.0
1776886848.0221028,7.0,-6.0,-38.0
1776886848.0321028,9.0,-1.0,-40.0
1776886848.0421028,9.0,-3.0,-34.0
1776886848.0521028,5.0,-4.0,-32.0
1776886848.0621028,2.0,-1.0,-27.0
1776886848.0721028,2.0,0.0,-30.0
1776886848.0821028,-5.0,0.0,-27.0
1776886848.0921028,-3.0,0.0,-28.0
1776886848.1021028,-3.0,1.0,-28.0
1776886848.1121027,1.0,0.0,-32.0
1776886848.1221027,0.0,-3.0,-32.0
1776886848.1321027,1.0,-8.0,-30.0
1776886848.1421027,-2.0,-10.0,-27.0
1776886848.1521027,2.0,-4.0,-29.0
1776886848.1621027,3.0,-6.0,-37.0
1776886848.1721027,2.0,-2.0,-37.0
1776886848.182103,0.0,0.0,-33.0
1776886848.192103,0.0,0.0,-32.0
1776886848.202103,2.0,0.0,-27.0
1776886848.212103,2.0,3.0,-28.0
1776886848.2221026,3.0,8.0,-30.0
1776886848.2321026,-1.0,4.0,-34.0
1776886848.2421026,0.0,0.0,-34.0
1776886848.2521029,2.0,0.0,-34.0
1776886848.2631028,2.0,0.0,-34.0
1776886848.2731028,6.0,2.0,-42.0
1776886848.2831028,5.0,5.0,-42.0
1776886848.2931027,4.0,4.0,-44.0
1776886848.3031027,2.0,0.0,-41.0
1776886848.3131027,0.0,0.0,-31.0
1776886848.3231027,1.0,2.0,-37.0
1776886848.3331027,2.0,2.0,-34.0
1776886848.3431027,3.0,0.0,-41.0
1776886848.3531027,-1.0,0.0,-44.0
1776886848.363103,-1.0,1.0,-41.0
1776886848.373103,-3.0,-3.0,-40.0
1776886848.383103,-2.0,-3.0,-33.0
1776886848.3931026,-4.0,-6.0,-38.0
1776886848.4031026,0.0,-1.0,-46.0
1776886848.4131026,-1.0,0.0,-43.0
1776886848.4231029,2.0,1.0,-45.0
1776886848.4331028,2.0,-1.0,-53.0
1776886848.4431028,0.0,-4.0,-42.0
1776886848.4531028,0.0,-6.0,-38.0
1776886848.4631028,0.0,-5.0,-31.0
1776886848.4731028,0.0,-8.0,-30.0
1776886848.4831028,3.0,-8.0,-28.0
1776886848.4931028,7.0,-4.0,-24.0
1776886848.5031028,6.0,-6.0,-23.0
1776886848.5131028,4.0,-5.0,-20.0
1776886848.5231028,2.0,-3.0,-24.0
1776886848.5331028,-3.0,-3.0,-28.0
1776886848.5431027,-2.0,-4.0,-30.0
1776886848.5531027,0.0,-6.0,-32.0
1776886848.5631027,0.0,-6.0,-28.0
1776886848.5731027,2.0,-6.0,-26.0
1776886848.5831027,1.0,-8.0,-25.0
1776886848.5931027,0.0,-7.0,-31.0
1776886848.6031027,0.0,-4.0,-38.0
1776886848.613103,0.0,-4.0,-38.0
1776886848.623103,0.0,0.0,-41.0
1776886848.633103,1.0,1.0,-36.0
1776886848.6431026,-2.0,2.0,-31.0
1776886848.6531026,-5.0,1.0,-37.0
1776886848.6631026,-8.0,-2.0,-34.0
1776886848.6731029,-7.0,0.0,-34.0
1776886848.6831028,-6.0,-2.0,-34.0
1776886848.6931028,-2.0,-2.0,-36.0
1776886848.7031028,-2.0,-6.0,-32.0
1776886848.7131028,-4.0,-4.0,-32.0
1776886848.7231028,-3.0,-3.0,-34.0
1776886848.7331028,-4.0,-1.0,-36.0
1776886848.7431028,-1.0,1.0,-33.0
1776886848.7531028,0.0,1.0,-38.0
1776886848.7631028,1.0,0.0,-35.0
1776886848.7731028,3.0,0.0,-33.0
1776886848.7831028,5.0,0.0,-35.0
1776886848.7931027,5.0,-1.0,-43.0
1776886848.8031027,6.0,0.0,-48.0
1776886848.8131027,4.0,-5.0,-50.0
1776886848.8231027,6.0,-5.0,-50.0
1776886848.8331027,10.0,-1.0,-45.0
1776886848.8431027,10.0,-2.0,-45.0
1776886848.8531027,6.0,-3.0,-43.0
1776886848.863103,5.0,-6.0,-33.0
1776886848.873103,4.0,-6.0,-23.0
1776886848.883103,0.0,0.0,-24.0
1776886848.8931026,0.0,0.0,-26.0
1776886848.9031026,0.0,1.0,-33.0
1776886848.9131026,-1.0,1.0,-33.0
1776886848.9231029,1.0,0.0,-33.0
1776886848.9331028,1.0,3.0,-35.0
1776886848.9431028,3.0,2.0,-32.0
1776886848.9531028,2.0,0.0,-35.0
1776886848.9631028,0.0,1.0,-37.0
1776886848.9731028,2.0,3.0,-36.0
1776886848.9831028,1.0,3.0,-30.0
1776886848.9931028,0.0,1.0,-28.0
1776886849.0031028,0.0,-2.0,-38.0
1776886849.0131028,0.0,0.0,-41.0
1776886849.0231028,-2.0,0.0,-36.0
1776886849.0331028,-6.0,3.0,-34.0
1776886849.0431027,-6.0,3.0,-42.0
1776886849.0531027,-3.0,1.0,-46.0
1776886849.0631027,-5.0,2.0,-43.0
1776886849.0731027,-6.0,1.0,-46.0
1776886849.0831027,-6.0,0.0,-46.0
1776886849.0931027,-5.0,0.0,-43.0
1776886849.1031027,-3.0,0.0,-41.0
1776886849.113103,-4.0,-2.0,-39.0
1776886849.123103,0.0,-2.0,-37.0
1776886849.133103,0.0,-2.0,-40.0
1776886849.1431026,0.0,-4.0,-40.0
1776886849.1531026,0.0,-1.0,-47.0
1776886849.1631026,2.0,1.0,-49.0
1776886849.1731029,1.0,1.0,-46.0
1776886849.1831028,2.0,5.0,-43.0
1776886849.1931028,3.0,2.0,-46.0
1776886849.2031028,7.0,-3.0,-40.0
1776886849.2131028,4.0,-2.0,-33.0
1776886849.2231028,4.0,0.0,-32.0
1776886849.2331028,0.0,6.0,-35.0
1776886849.2431028,-1.0,5.0,-39.0
1776886849.2531028,-3.0,4.0,-36.0
1776886849.2631028,-2.0,9.0,-38.0
1776886849.2731028,0.0,7.0,-43.0
1776886849.2831028,2.0,2.0,-46.0
1776886849.2931027,0.0,2.0,-46.0
1776886849.3031027,-1.0,2.0,-48.0
1776886849.3131027,2.0,2.0,-47.0
1776886849.3231027,2.0,0.0,-45.0
1776886849.3331027,0.0,-2.0,-43.0
1776886849.3431027,-5.0,1.0,-41.0
1776886849.3531027,-9.0,2.0,-46.0
1776886849.363103,-4.0,3.0,-43.0
1776886849.373103,-4.0,1.0,-43.0
1776886849.383103,-4.0,3.0,-40.0
1776886849.3931026,0.0,1.0,-44.0
1776886849.4031026,1.0,0.0,-48.0
1776886849.4131026,0.0,-1.0,-42.0
1776886849.4231029,0.0,-1.0,-38.0
1776886849.4331028,0.0,0.0,-38.0
1776886849.4431028,0.0,-1.0,-36.0
1776886849.4531028,-3.0,0.0,-32.0
1776886849.4631028,0.0,0.0,-33.0
1776886849.4731028,-3.0,-2.0,-42.0
1776886849.4831028,-3.0,-3.0,-45.0
1776886849.4931028,-3.0,-4.0,-40.0
1776886849.5031028,-4.0,-3.0,-36.0
1776886849.5131028,-2.0,-6.0,-32.0
1776886849.5231028,-1.0,-4.0,-33.0
1776886849.5331028,-2.0,-5.0,-37.0
1776886849.5431027,4.0,-6.0,-50.0
1776886849.5531027,5.0,-7.0,-53.0
1776886849.5631027,5.0,-4.0,-52.0
1776886849.5731027,5.0,-4.0,-43.0
1776886849.5831027,1.0,-5.0,-51.0
1776886849.5931027,4.0,-4.0,-48.0
1776886849.6031027,6.0,-4.0,-48.0
1776886849.613103,10.0,-5.0,-43.0
1776886849.623103,7.0,-4.0,-39.0
1776886849.633103,3.0,-5.0,-39.0
1776886849.6431026,1.0,-3.0,-35.0
1776886849.6531026,0.0,1.0,-37.0
1776886849.6631026,2.0,0.0,-37.0
1776886849.6731029,2.0,-1.0,-32.0
1776886849.6831028,4.0,-4.0,-29.0
1776886849.6931028,5.0,-3.0,-31.0
1776886849.7031028,4.0,-2.0,-33.0
1776886849.7131028,2.0,-3.0,-34.0
1776886849.7231028,2.0,-5.0,-41.0
1776886849.7331028,6.0,-3.0,-44.0
1776886849.7431028,1.0,-8.0,-43.0
1776886849.7531028,0.0,-9.0,-45.0
1776886849.7631028,1.0,-6.0,-43.0
1776886849.7731028,5.0,-5.0,-38.0
1776886849.7831028,5.0,-4.0,-39.0
1776886849.7931027,3.0,-3.0,-32.0
1776886849.8031027,4.0,-5.0,-34.0
1776886849.8131027,3.0,-6.0,-34.0
1776886849.8231027,0.0,-7.0,-35.0
1776886849.8331027,-1.0,-4.0,-36.0
1776886849.8431027,-2.0,0.0,-33.0
1776886849.8531027,-3.0,2.0,-30.0
1776886849.863103,-4.0,0.0,-35.0
1776886849.873103,-6.0,0.0,-35.0
1776886849.883103,-6.0,0.0,-46.0
1776886849.8931026,-10.0,2.0,-48.0
1776886849.9031026,-7.0,0.0,-54.0
1776886849.9131026,-3.0,-1.0,-46.0
1776886849.9231029,4.0,-2.0,-48.0
1776886849.9331028,5.0,-4.0,-41.0
1776886849.9431028,1.0,-5.0,-40.0
1776886849.9531028,6.0,-6.0,-39.0
1776886849.9631028,4.0,-5.0,-43.0
1776886849.9731028,4.0,-10.0,-43.0
1776886849.9831028,2.0,-3.0,-42.0
1776886849.9931028,6.0,-3.0,-39.0
1776886850.0031028,5.0,-8.0,-42.0
1776886850.0131028,2.0,-6.0,-42.0
1776886850.0231028,0.0,-4.0,-38.0
1776886850.0331028,-2.0,-11.0,-34.0
1776886850.0431027,-2.0,-11.0,-33.0
1776886850.0531027,0.0,-13.0,-31.0
1776886850.0631027,3.0,-7.0,-32.0
1776886850.0731027,10.0,-6.0,-30.0
1776886850.0831027,10.0,-5.0,-35.0
1776886850.0931027,4.0,-5.0,-34.0
1776886850.1031027,-1.0,-2.0,-33.0
1776886850.113103,1.0,-1.0,-34.0
1776886850.123103,5.0,-2.0,-32.0
1776886850.133103,7.0,-1.0,-32.0
1776886850.1431026,7.0,0.0,-34.0
1776886850.1531026,4.0,-4.0,-38.0
1776886850.1631026,4.0,-7.0,-34.0
1776886850.1731029,1.0,-3.0,-36.0
1776886850.1831028,0.0,0.0,-41.0
1776886850.1931028,0.0,-1.0,-44.0
1776886850.2031028,2.0,0.0,-39.0
1776886850.2141027,0.0,2.0,-32.0
1776886850.2231028,5.0,0.0,-27.0
1776886850.2341027,0.0,-5.0,-30.0
1776886850.2431028,0.0,-5.0,-36.0
1776886850.2531028,0.0,-6.0,-40.0
1776886850.2641027,0.0,-5.0,-39.0
1776886850.2741027,1.0,-3.0,-38.0
1776886850.284103,-4.0,-4.0,-42.0
1776886850.294103,-4.0,-2.0,-46.0
1776886850.304103,-4.0,3.0,-39.0
1776886850.3141026,0.0,2.0,-35.0
1776886850.3241026,1.0,5.0,-32.0
1776886850.3341026,1.0,2.0,-32.0
1776886850.3441026,2.0,0.0,-30.0
1776886850.3541028,0.0,-1.0,-24.0
1776886850.3641028,0.0,-5.0,-25.0
1776886850.3741028,1.0,-1.0,-28.0
1776886850.3841028,-2.0,0.0,-33.0
1776886850.3941028,-5.0,1.0,-29.0
1776886850.4041028,-4.0,0.0,-30.0
1776886850.4141028,-5.0,1.0,-34.0
1776886850.4241028,-2.0,2.0,-36.0
1776886850.4341028,-2.0,2.0,-42.0
1776886850.4441028,-8.0,-3.0,-45.0
1776886850.4541028,0.0,-3.0,-42.0
1776886850.4641027,6.0,-8.0,-40.0
1776886850.4741027,4.0,-6.0,-37.0
1776886850.4841027,2.0,-7.0,-36.0
1776886850.4941027,3.0,-8.0,-38.0
1776886850.5041027,4.0,-7.0,-40.0
1776886850.5141027,6.0,-8.0,-38.0
1776886850.5241027,3.0,-6.0,-36.0
1776886850.534103,3.0,1.0,-35.0
1776886850.544103,1.0,3.0,-33.0
1776886850.554103,-3.0,-2.0,-35.0
1776886850.5641026,-3.0,-5.0,-38.0
1776886850.5741026,-6.0,-7.0,-36.0
1776886850.5841026,-1.0,-6.0,-34.0
1776886850.5941026,3.0,-6.0,-38.0
1776886850.6041028,0.0,-9.0,-48.0
1776886850.6141028,1.0,-8.0,-42.0
1776886850.6241028,0.0,-9.0,-41.0
1776886850.6341028,0.0,-10.0,-42.0
1776886850.6441028,0.0,-11.0,-43.0
1776886850.6541028,-3.0,-6.0,-38.0
1776886850.6641028,0.0,-5.0,-36.0
1776886850.6741028,-1.0,-1.0,-39.0
1776886850.6841028,-2.0,-2.0,-33.0
1776886850.6941028,-3.0,-1.0,-34.0
1776886850.7041028,0.0,-3.0,-32.0
1776886850.7141027,0.0,-5.0,-32.0
1776886850.7241027,-1.0,-5.0,-33.0
1776886850.7341027,-3.0,-2.0,-33.0
1776886850.7441027,1.0,0.0,-29.0
1776886850.7541027,0.0,-2.0,-35.0
1776886850.7641027,-2.0,-1.0,-40.0
1776886850.7741027,-3.0,-1.0,-36.0
1776886850.784103,2.0,0.0,-32.0
1776886850.794103,1.0,-1.0,-32.0
1776886850.804103,3.0,0.0,-34.0
1776886850.8141026,2.0,0.0,-29.0
1776886850.8241026,0.0,-1.0,-33.0
1776886850.8341026,1.0,-3.0,-38.0
1776886850.8441026,1.0,-1.0,-43.0
1776886850.8541028,0.0,0.0,-47.0
1776886850.8641028,-4.0,2.0,-52.0
1776886850.8741028,-6.0,-1.0,-51.0
1776886850.8841028,-4.0,-1.0,-53.0
1776886850.8941028,-1.0,-5.0,-51.0
1776886850.9041028,-2.0,-7.0,-51.0
1776886850.9141028,-3.0,-3.0,-47.0
1776886850.9241028,2.0,-2.0,-48.0
1776886850.9341028,3.0,-4.0,-40.0
1776886850.9441028,8.0,-2.0,-40.0
1776886850.9541028,6.0,-2.0,-47.0
1776886850.9641027,3.0,-2.0,-50.0
1776886850.9741027,0.0,0.0,-40.0
1776886850.9841027,2.0,-1.0,-35.0
1776886850.9941027,5.0,-1.0,-37.0
1776886851.0041027,8.0,-1.0,-39.0
1776886851.0141027,6.0,-3.0,-40.0
1776886851.0241027,8.0,-1.0,-37.0
1776886851.034103,7.0,-3.0,-47.0
1776886851.044103,5.0,-6.0,-49.0
1776886851.054103,4.0,-2.0,-49.0
1776886851.0641026,5.0,-1.0,-42.0
1776886851.0741026,2.0,0.0,-36.0
1776886851.0841026,3.0,0.0,-41.0
1776886851.0941026,2.0,0.0,-34.0
1776886851.1041028,0.0,0.0,-31.0
1776886851.1141028,2.0,0.0,-34.0
1776886851.1241028,7.0,-3.0,-38.0
1776886851.1341028,4.0,-1.0,-31.0
1776886851.1441028,3.0,0.0,-29.0
1776886851.1541028,8.0,0.0,-33.0
1776886851.1641028,8.0,-4.0,-40.0
1776886851.1741028,5.0,-3.0,-34.0
1776886851.1841028,1.0,0.0,-39.0
1776886851.1941028,2.0,0.0,-39.0
1776886851.2041028,5.0,-2.0,-41.0
1776886851.2141027,3.0,-4.0,-41.0
1776886851.2241027,2.0,-5.0,-49.0
1776886851.2341027,2.0,-2.0,-55.0
1776886851.2441027,3.0,-3.0,-51.0
1776886851.2541027,5.0,-4.0,-49.0
1776886851.2641027,6.0,-5.0,-52.0
1776886851.2741027,7.0,-4.0,-53.0
1776886851.284103,9.0,-4.0,-50.0
1776886851.294103,8.0,0.0,-46.0
1776886851.304103,7.0,0.0,-45.0
1776886851.3141026,3.0,0.0,-39.0
1776886851.3241026,1.0,4.0,-34.0
1776886851.3341026,2.0,3.0,-34.0
1776886851.3441026,2.0,0.0,-39.0
1776886851.3541028,1.0,-1.0,-42.0
1776886851.3641028,0.0,-4.0,-43.0
1776886851.3741028,-3.0,-3.0,-43.0
1776886851.3841028,-1.0,-2.0,-36.0
1776886851.3941028,2.0,-3.0,-42.0
1776886851.4041028,5.0,-3.0,-41.0
1776886851.4141028,6.0,-6.0,-37.0
1776886851.4241028,4.0,-1.0,-35.0
1776886851.4341028,4.0,0.0,-39.0
1776886851.4441028,0.0,0.0,-46.0
1776886851.4541028,-2.0,0.0,-50.0
1776886851.4641027,-2.0,-4.0,-49.0
1776886851.4741027,-7.0,-4.0,-50.0
1776886851.4841027,-6.0,-5.0,-50.0
1776886851.4941027,-8.0,-6.0,-50.0
1776886851.5041027,-5.0,-2.0,-50.0
1776886851.5141027,-4.0,4.0,-49.0
1776886851.5241027,1.0,1.0,-50.0
1776886851.534103,4.0,-1.0,-45.0
1776886851.544103,3.0,0.0,-43.0
1776886851.554103,-2.0,-2.0,-44.0
1776886851.5641026,2.0,-3.0,-47.0
1776886851.5741026,0.0,1.0,-47.0
1776886851.5841026,3.0,1.0,-43.0
1776886851.5941026,2.0,0.0,-37.0
1776886851.6041028,3.0,0.0,-33.0
1776886851.6141028,4.0,-3.0,-34.0
1776886851.6241028,8.0,-7.0,-44.0
1776886851.6341028,9.0,-13.0,-36.0
1776886851.6441028,7.0,-10.0,-32.0
1776886851.6541028,2.0,-6.0,-27.0
1776886851.6641028,-1.0,-5.0,-30.0
1776886851.6741028,-3.0,-2.0,-37.0
1776886851.6841028,2.0,-1.0,-42.0
1776886851.6941028,0.0,0.0,-39.0
1776886851.7041028,-3.0,0.0,-34.0
1776886851.7141027,0.0,-1.0,-31.0
1776886851.7241027,4.0,0.0,-27.0
1776886851.7341027,7.0,-2.0,-33.0
1776886851.7441027,1.0,0.0,-34.0
1776886851.7541027,2.0,1.0,-35.0
1776886851.7641027,5.0,3.0,-35.0
1776886851.7741027,0.0,3.0,-36.0
1776886851.784103,3.0,0.0,-39.0
1776886851.794103,3.0,0.0,-40.0
1776886851.804103,2.0,-1.0,-36.0
1776886851.8141026,0.0,-2.0,-37.0
1776886851.8241026,3.0,-1.0,-32.0
1776886851.8341026,6.0,0.0,-36.0
1776886851.8441026,5.0,-2.0,-39.0
1776886851.8541028,1.0,0.0,-32.0
1776886851.8641028,4.0,-1.0,-33.0
1776886851.8741028,5.0,-4.0,-29.0
1776886851.8841028,2.0,-5.0,-33.0
1776886851.8941028,3.0,-2.0,-36.0
1776886851.9041028,6.0,-3.0,-38.0
1776886851.9141028,9.0,-3.0,-33.0
1776886851.9241028,7.0,-6.0,-32.0
1776886851.9341028,7.0,-5.0,-43.0
1776886851.9441028,1.0,1.0,-46.0
1776886851.9541028,0.0,2.0,-41.0
1776886851.9641027,0.0,3.0,-36.0
1776886851.9741027,-4.0,3.0,-37.0
1776886851.9841027,-4.0,4.0,-41.0
1776886851.9941027,-4.0,1.0,-44.0
1776886852.0041027,1.0,-1.0,-43.0
1776886852.0141027,-3.0,-2.0,-46.0
1776886852.0241027,-4.0,0.0,-59.0
1776886852.034103,-3.0,1.0,-63.0
1776886852.044103,-4.0,1.0,-53.0
1776886852.054103,-5.0,0.0,-50.0
1776886852.0641026,-1.0,0.0,-47.0
1776886852.0741026,-2.0,0.0,-47.0
1776886852.0841026,0.0,-2.0,-44.0
1776886852.0941026,2.0,-2.0,-45.0
1776886852.1041028,0.0,-2.0,-37.0
1776886852.1141028,-3.0,-1.0,-39.0
1776886852.1241028,-2.0,-1.0,-41.0
1776886852.1341028,0.0,0.0,-38.0
1776886852.1441028,3.0,-2.0,-31.0
1776886852.1541028,3.0,-1.0,-31.0
1776886852.1641028,0.0,-2.0,-34.0
1776886852.1741028,-5.0,-3.0,-31.0
1776886852.1841028,-4.0,-6.0,-33.0
1776886852.1941028,-5.0,-4.0,-32.0
1776886852.2041028,-6.0,-1.0,-32.0
1776886852.2141027,-5.0,-1.0,-31.0
1776886852.2241027,0.0,0.0,-27.0
1776886852.2341027,-6.0,3.0,-26.0
1776886852.2441027,-6.0,6.0,-29.0
1776886852.2541027,-1.0,7.0,-36.0
1776886852.2641027,-3.0,3.0,-41.0
1776886852.2741027,-8.0,5.0,-39.0
1776886852.2851028,-1.0,4.0,-44.0
1776886852.2951028,0.0,3.0,-43.0
1776886852.3051028,-7.0,-2.0,-41.0
1776886852.3151028,-8.0,0.0,-39.0
1776886852.3251028,-5.0,-1.0,-38.0
1776886852.3351028,-6.0,-1.0,-39.0
1776886852.3451028,-7.0,-5.0,-36.0
1776886852.3551028,-4.0,-5.0,-41.0
1776886852.3651028,-2.0,-3.0,-41.0
1776886852.3751028,-5.0,-4.0,-38.0
1776886852.3851027,-1.0,-5.0,-34.0
1776886852.3951027,-1.0,-7.0,-36.0
1776886852.4051027,-3.0,-6.0,-37.0
1776886852.4151027,-4.0,-8.0,-45.0
1776886852.4251027,0.0,-6.0,-42.0
1776886852.4351027,2.0,-5.0,-40.0
1776886852.4451027,4.0,-6.0,-39.0
1776886852.4551027,1.0,-5.0,-40.0
1776886852.465103,0.0,-5.0,-43.0
1776886852.475103,0.0,-3.0,-39.0
1776886852.485103,-1.0,-1.0,-35.0
1776886852.4951026,-2.0,0.0,-33.0
1776886852.5051026,-1.0,3.0,-34.0
1776886852.5151026,0.0,3.0,-35.0
1776886852.5251029,-2.0,3.0,-30.0
1776886852.5351028,0.0,2.0,-37.0
1776886852.5451028,4.0,4.0,-48.0
1776886852.5551028,2.0,5.0,-47.0
1776886852.5651028,2.0,5.0,-48.0
1776886852.5751028,4.0,3.0,-46.0
1776886852.5851028,4.0,1.0,-34.0
1776886852.5951028,2.0,2.0,-33.0
1776886852.6051028,4.0,0.0,-30.0
1776886852.6151028,2.0,-4.0,-31.0
1776886852.6251028,2.0,-2.0,-33.0
1776886852.6351027,3.0,-1.0,-36.0
1776886852.6451027,0.0,0.0,-34.0
1776886852.6551027,0.0,-3.0,-28.0
1776886852.6651027,1.0,0.0,-31.0
1776886852.6751027,5.0,-1.0,-31.0
1776886852.6851027,5.0,-3.0,-26.0
1776886852.6951027,0.0,-5.0,-29.0
1776886852.7051027,8.0,-1.0,-24.0
1776886852.715103,8.0,3.0,-27.0
1776886852.725103,7.0,6.0,-27.0
1776886852.735103,3.0,8.0,-35.0
1776886852.7451026,1.0,6.0,-39.0
1776886852.7551026,-1.0,5.0,-43.0
1776886852.7651026,-2.0,5.0,-39.0
1776886852.7751029,0.0,1.0,-40.0
1776886852.7851028,2.0,0.0,-40.0
1776886852.7951028,6.0,-5.0,-45.0
1776886852.8051028,9.0,-3.0,-44.0
1776886852.8151028,10.0,0.0,-43.0
1776886852.8251028,3.0,-2.0,-42.0
1776886852.8351028,0.0,0.0,-41.0
1776886852.8451028,0.0,3.0,-41.0
1776886852.8551028,1.0,2.0,-37.0
1776886852.8651028,4.0,-1.0,-41.0
1776886852.8751028,7.0,-1.0,-37.0
1776886852.8851027,10.0,-1.0,-35.0
1776886852.8951027,7.0,0.0,-40.0
1776886852.9051027,9.0,1.0,-40.0
1776886852.9151027,8.0,0.0,-41.0
1776886852.9251027,7.0,0.0,-42.0
1776886852.9351027,2.0,-5.0,-44.0
1776886852.9451027,-4.0,-5.0,-42.0
1776886852.9551027,-7.0,-5.0,-42.0
1776886852.965103,-6.0,0.0,-38.0
1776886852.975103,-5.0,-2.0,-45.0
1776886852.985103,-7.0,-7.0,-56.0
1776886852.9951026,-3.0,-8.0,-52.0
1776886853.0051026,2.0,-8.0,-53.0
1776886853.0151026,-1.0,-8.0,-55.0
1776886853.0251029,0.0,-5.0,-50.0
1776886853.0351028,-1.0,-4.0,-56.0
1776886853.0451028,0.0,-1.0,-50.0
1776886853.0551028,1.0,-5.0,-47.0
1776886853.0651028,1.0,-6.0,-47.0
1776886853.0751028,4.0,-2.0,-46.0
1776886853.0851028,6.0,-2.0,-52.0
1776886853.0951028,2.0,-2.0,-50.0
1776886853.1051028,1.0,0.0,-57.0
1776886853.1151028,2.0,1.0,-57.0
1776886853.1251028,0.0,1.0,-51.0
1776886853.1351027,3.0,-1.0,-50.0
1776886853.1451027,0.0,-1.0,-49.0
1776886853.1551027,-1.0,0.0,-45.0
1776886853.1651027,-2.0,0.0,-47.0
1776886853.1751027,0.0,5.0,-46.0
1776886853.1851027,-2.0,3.0,-48.0
1776886853.1951027,-2.0,3.0,-47.0
1776886853.2051027,-2.0,3.0,-43.0
1776886853.215103,0.0,1.0,-43.0
1776886853.225103,5.0,-1.0,-39.0
1776886853.235103,3.0,-2.0,-41.0
1776886853.2451026,1.0,2.0,-45.0
1776886853.2551026,1.0,0.0,-40.0
1776886853.2651026,2.0,-3.0,-42.0
1776886853.2751029,-1.0,-6.0,-41.0
1776886853.2851028,4.0,-4.0,-37.0
1776886853.2951028,-1.0,-3.0,-42.0
1776886853.3051028,-1.0,0.0,-44.0
1776886853.3151028,0.0,2.0,-45.0
1776886853.3251028,1.0,1.0,-44.0
1776886853.3351028,0.0,1.0,-42.0
1776886853.3451028,2.0,-2.0,-40.0
1776886853.3551028,0.0,-6.0,-39.0
1776886853.3651028,0.0,-5.0,-40.0
1776886853.3751028,-1.0,-8.0,-43.0
1776886853.3851027,-3.0,-7.0,-40.0
1776886853.3951027,-3.0,-6.0,-42.0
1776886853.4051027,1.0,-1.0,-39.0
1776886853.4151027,3.0,0.0,-40.0
1776886853.4251027,6.0,0.0,-37.0
1776886853.4351027,9.0,-3.0,-34.0
1776886853.4451027,5.0,-2.0,-39.0
1776886853.4551027,-2.0,-1.0,-38.0
1776886853.465103,-5.0,-2.0,-40.0
1776886853.475103,-7.0,-2.0,-39.0
1776886853.485103,-4.0,-4.0,-40.0
1776886853.4951026,-3.0,-6.0,-44.0
1776886853.5051026,1.0,-8.0,-46.0
1776886853.5151026,-1.0,-9.0,-46.0
1776886853.5251029,0.0,-6.0,-44.0
1776886853.5351028,4.0,-4.0,-44.0
1776886853.5451028,5.0,-4.0,-43.0
1776886853.5551028,10.0,-3.0,-47.0
1776886853.5651028,11.0,-1.0,-45.0
1776886853.5751028,11.0,3.0,-44.0
1776886853.5851028,8.0,4.0,-42.0
1776886853.5951028,5.0,2.0,-40.0
1776886853.6051028,5.0,3.0,-39.0
1776886853.6151028,2.0,4.0,-36.0
1776886853.6251028,5.0,1.0,-37.0
1776886853.6351027,5.0,0.0,-37.0
1776886853.6451027,1.0,-1.0,-37.0
1776886853.6551027,0.0,0.0,-39.0
1776886853.6651027,-4.0,0.0,-40.0
1776886853.6751027,-7.0,0.0,-39.0
1776886853.6851027,-2.0,5.0,-33.0
1776886853.6951027,1.0,8.0,-37.0
1776886853.7051027,6.0,2.0,-30.0
1776886853.715103,6.0,-1.0,-28.0
1776886853.725103,4.0,-1.0,-24.0
1776886853.735103,1.0,-2.0,-28.0
1776886853.7451026,1.0,-8.0,-30.0
1776886853.7551026,1.0,-11.0,-28.0
1776886853.7651026,0.0,-8.0,-36.0
1776886853.7751029,-4.0,-6.0,-43.0
1776886853.7851028,-2.0,-2.0,-42.0
1776886853.7951028,-3.0,0.0,-47.0
1776886853.8051028,-1.0,-2.0,-46.0
1776886853.8151028,-5.0,-4.0,-48.0
1776886853.8251028,-3.0,-3.0,-46.0
1776886853.8351028,-5.0,-5.0,-51.0
1776886853.8451028,-2.0,-5.0,-52.0
1776886853.8551028,-2.0,-2.0,-45.0
1776886853.8651028,-3.0,0.0,-42.0
1776886853.8751028,-1.0,-2.0,-35.0
1776886853.8851027,-5.0,-5.0,-33.0
1776886853.8951027,-4.0,-5.0,-34.0
1776886853.9051027,-1.0,-2.0,-41.0
1776886853.9151027,-2.0,-2.0,-41.0
1776886853.9251027,-1.0,-5.0,-41.0
1776886853.9351027,2.0,-5.0,-43.0
1776886853.9451027,3.0,-7.0,-48.0
1776886853.9551027,0.0,-7.0,-49.0
1776886853.965103,0.0,-4.0,-45.0
1776886853.975103,-1.0,-6.0,-43.0
1776886853.985103,-3.0,-8.0,-38.0
1776886853.9951026,-2.0,-7.0,-42.0
1776886854.0051026,-2.0,-3.0,-39.0
1776886854.0151026,1.0,-4.0,-40.0
1776886854.0251029,0.0,-4.0,-30.0
1776886854.0351028,0.0,0.0,-26.0
1776886854.0451028,1.0,-2.0,-24.0
1776886854.0551028,4.0,-3.0,-28.0
1776886854.0651028,0.0,0.0,-31.0
1776886854.0751028,0.0,-1.0,-33.0
1776886854.0851028,0.0,-2.0,-33.0
1776886854.0951028,4.0,0.0,-27.0
1776886854.1051028,9.0,1.0,-28.0
1776886854.1151028,8.0,0.0,-31.0
1776886854.1251028,2.0,3.0,-33.0
1776886854.1351027,-1.0,4.0,-34.0
1776886854.1451027,0.0,3.0,-42.0
1776886854.1551027,5.0,4.0,-42.0
1776886854.1651027,3.0,1.0,-47.0
1776886854.1751027,3.0,1.0,-49.0
1776886854.1851027,0.0,1.0,-47.0
1776886854.1951027,-2.0,0.0,-41.0
1776886854.2051027,-2.0,2.0,-44.0
1776886854.2161028,0.0,7.0,-41.0
1776886854.225103,0.0,6.0,-39.0
1776886854.2361028,4.0,8.0,-40.0
1776886854.2451026,5.0,6.0,-44.0
1776886854.2561028,3.0,1.0,-40.0
1776886854.2661028,5.0,0.0,-34.0
1776886854.2761028,6.0,0.0,-33.0
1776886854.2861028,9.0,-2.0,-26.0
1776886854.2961028,3.0,0.0,-20.0
1776886854.3061028,0.0,-3.0,-23.0
1776886854.3161027,3.0,-6.0,-28.0
1776886854.3261027,-1.0,-4.0,-38.0
1776886854.3361027,-3.0,-1.0,-35.0
1776886854.3461027,-2.0,0.0,-32.0
1776886854.3561027,-3.0,-2.0,-36.0
1776886854.3661027,-3.0,-1.0,-33.0
1776886854.3761027,1.0,-3.0,-32.0
1776886854.386103,4.0,0.0,-33.0
1776886854.396103,5.0,5.0,-36.0
1776886854.406103,6.0,6.0,-39.0
1776886854.4161026,3.0,7.0,-39.0
1776886854.4261026,3.0,3.0,-45.0
1776886854.4361026,9.0,-1.0,-42.0
1776886854.4461029,9.0,0.0,-44.0
1776886854.4561028,5.0,-1.0,-44.0
1776886854.4661028,6.0,-2.0,-39.0
1776886854.4761028,8.0,1.0,-33.0
1776886854.4861028,7.0,-1.0,-30.0
1776886854.4961028,7.0,-4.0,-30.0
1776886854.5061028,5.0,-3.0,-23.0
1776886854.5161028,0.0,-6.0,-31.0
1776886854.5261028,0.0,-9.0,-40.0
1776886854.5361028,0.0,-10.0,-38.0
1776886854.5461028,0.0,-5.0,-40.0
1776886854.5561028,-1.0,-6.0,-41.0
1776886854.5661027,1.0,-3.0,-37.0
1776886854.5761027,0.0,-2.0,-39.0
1776886854.5861027,-1.0,-1.0,-46.0
1776886854.5961027,1.0,0.0,-45.0
1776886854.6061027,1.0,1.0,-43.0
1776886854.6161027,4.0,-3.0,-45.0
1776886854.6261027,-2.0,-1.0,-47.0
1776886854.636103,-1.0,-3.0,-49.0
1776886854.646103,-4.0,-7.0,-51.0
1776886854.656103,-4.0,-5.0,-49.0
1776886854.6661026,-5.0,-3.0,-48.0
1776886854.6761026,-2.0,-4.0,-43.0
1776886854.6861026,-1.0,-5.0,-40.0
1776886854.6961029,1.0,0.0,-36.0
1776886854.7061028,0.0,0.0,-37.0
1776886854.7161028,0.0,-5.0,-36.0
1776886854.7261028,1.0,-4.0,-28.0
1776886854.7361028,-1.0,-2.0,-29.0
1776886854.7461028,-2.0,-6.0,-35.0
1776886854.7561028,-3.0,-3.0,-40.0
1776886854.7661028,-5.0,-4.0,-43.0
1776886854.7761028,-2.0,-5.0,-39.0
1776886854.7861028,-2.0,-5.0,-36.0
1776886854.7971027,-2.0,-7.0,-40.0
1776886854.8061028,-2.0,-7.0,-42.0
1776886854.8161027,-5.0,-7.0,-32.0
1776886854.8261027,-3.0,-6.0,-31.0
1776886854.8361027,-5.0,-6.0,-24.0
1776886854.8461027,-2.0,-6.0,-23.0
1776886854.8561027,1.0,-8.0,-31.0
1776886854.8661027,2.0,-8.0,-40.0
1776886854.8761027,2.0,-7.0,-42.0
1776886854.886103,1.0,-6.0,-46.0
1776886854.896103,0.0,-1.0,-45.0
1776886854.906103,0.0,1.0,-43.0
1776886854.9161026,0.0,-3.0,-39.0
1776886854.9261026,0.0,-3.0,-41.0
1776886854.9361026,0.0,-1.0,-38.0
1776886854.9461029,1.0,-4.0,-40.0
1776886854.9561028,0.0,-3.0,-46.0
1776886854.9661028,-3.0,-1.0,-37.0
1776886854.9761028,0.0,-3.0,-41.0
1776886854.9861028,1.0,-5.0,-37.0
1776886854.9961028,3.0,-7.0,-38.0
1776886855.0061028,3.0,-6.0,-41.0
1776886855.0161028,2.0,-2.0,-31.0
1776886855.0261028,-3.0,-3.0,-38.0
1776886855.0361028,-3.0,-3.0,-41.0
1776886855.0461028,-3.0,0.0,-50.0
1776886855.0561028,0.0,-2.0,-46.0
1776886855.0661027,0.0,-4.0,-43.0
1776886855.0761027,-1.0,-6.0,-40.0
1776886855.0861027,-2.0,-5.0,-41.0
1776886855.0961027,-3.0,-4.0,-42.0
1776886855.1061027,0.0,-2.0,-52.0
1776886855.1161027,0.0,-6.0,-58.0
1776886855.1261027,1.0,-4.0,-56.0
1776886855.136103,-4.0,-5.0,-62.0
1776886855.146103,-3.0,-5.0,-55.0
1776886855.156103,2.0,-8.0,-47.0
1776886855.1661026,3.0,-7.0,-43.0
1776886855.1761026,0.0,-9.0,-39.0
1776886855.1861026,1.0,-6.0,-38.0
1776886855.1961029,-3.0,-6.0,-38.0
1776886855.2061028,-5.0,-4.0,-42.0
1776886855.2161028,1.0,-4.0,-50.0
1776886855.2261028,2.0,2.0,-48.0
1776886855.2361028,0.0,0.0,-49.0
1776886855.2461028,1.0,0.0,-51.0
1776886855.2561028,3.0,0.0,-51.0
1776886855.2661028,-1.0,-2.0,-57.0
1776886855.2761028,-4.0,0.0,-53.0
1776886855.2861028,0.0,-1.0,-52.0
1776886855.2961028,6.0,-2.0,-48.0
1776886855.3061028,6.0,-8.0,-53.0
1776886855.3161027,4.0,-7.0,-47.0
1776886855.3261027,6.0,-4.0,-44.0
1776886855.3361027,1.0,-4.0,-43.0
1776886855.3461027,4.0,-6.0,-36.0
1776886855.3561027,7.0,-2.0,-41.0
1776886855.3661027,6.0,1.0,-43.0
1776886855.3761027,0.0,-1.0,-43.0
1776886855.386103,-3.0,5.0,-41.0
1776886855.396103,-2.0,1.0,-38.0
1776886855.406103,0.0,-1.0,-34.0
1776886855.4161026,-1.0,-2.0,-36.0
1776886855.4261026,0.0,-1.0,-36.0
1776886855.4361026,5.0,0.0,-38.0
1776886855.4461029,4.0,5.0,-31.0
1776886855.4561028,6.0,10.0,-29.0
1776886855.4661028,13.0,11.0,-37.0
1776886855.4761028,11.0,8.0,-37.0
1776886855.4861028,9.0,6.0,-34.0
1776886855.4961028,8.0,7.0,-34.0
1776886855.5061028,6.0,4.0,-33.0
1776886855.5161028,4.0,6.0,-30.0
1776886855.5261028,2.0,8.0,-31.0
1776886855.5361028,2.0,8.0,-33.0
1776886855.5461028,-2.0,11.0,-37.0
1776886855.5561028,-2.0,4.0,-43.0
1776886855.5661027,-5.0,6.0,-47.0
1776886855.5761027,-7.0,2.0,-39.0
1776886855.5861027,-5.0,0.0,-36.0
1776886855.5961027,-1.0,-3.0,-39.0
1776886855.6061027,-1.0,-4.0,-39.0
1776886855.6161027,4.0,-2.0,-42.0
1776886855.6261027,8.0,-3.0,-41.0
1776886855.636103,11.0,-1.0,-47.0
1776886855.646103,11.0,-2.0,-42.0
1776886855.656103,8.0,1.0,-39.0
1776886855.6661026,3.0,3.0,-37.0
1776886855.6761026,6.0,4.0,-33.0
1776886855.6861026,6.0,5.0,-31.0
1776886855.6961029,5.0,4.0,-28.0
1776886855.7061028,9.0,4.0,-25.0
1776886855.7161028,4.0,0.0,-26.0
1776886855.7261028,0.0,2.0,-25.0
1776886855.7361028,2.0,1.0,-26.0
1776886855.7461028,3.0,2.0,-29.0
1776886855.7561028,6.0,2.0,-28.0
1776886855.7661028,6.0,4.0,-32.0
1776886855.7761028,7.0,2.0,-34.0
1776886855.7861028,4.0,0.0,-37.0
1776886855.7961028,2.0,0.0,-37.0
1776886855.8061028,5.0,1.0,-27.0
1776886855.8161027,7.0,1.0,-27.0
1776886855.8261027,8.0,1.0,-36.0
1776886855.8361027,8.0,-2.0,-38.0
1776886855.8461027,5.0,-3.0,-44.0
1776886855.8561027,5.0,-6.0,-47.0
1776886855.8661027,7.0,1.0,-47.0
1776886855.8761027,5.0,2.0,-44.0
1776886855.886103,3.0,0.0,-44.0
1776886855.896103,0.0,1.0,-43.0
1776886855.906103,1.0,-1.0,-45.0
1776886855.9161026,0.0,-3.0,-44.0
1776886855.9261026,-2.0,-1.0,-39.0
1776886855.9361026,-2.0,0.0,-36.0
1776886855.9461029,-4.0,0.0,-37.0
1776886855.9561028,-3.0,-1.0,-39.0
1776886855.9661028,-2.0,-2.0,-42.0
1776886855.9761028,-5.0,0.0,-40.0
1776886855.9861028,-9.0,-3.0,-35.0
1776886855.9961028,-10.0,-5.0,-41.0
1776886856.0061028,-10.0,-3.0,-36.0
1776886856.0161028,-7.0,0.0,-38.0
1776886856.0261028,-12.0,1.0,-41.0
1776886856.0361028,-10.0,3.0,-41.0
1776886856.0461028,-8.0,1.0,-44.0
1776886856.0561028,-5.0,-1.0,-40.0
1776886856.0661027,-2.0,-4.0,-40.0
1776886856.0761027,-2.0,-2.0,-43.0
1776886856.0861027,-2.0,-3.0,-46.0
1776886856.0961027,-2.0,0.0,-33.0
1776886856.1061027,-5.0,-3.0,-30.0
1776886856.1161027,-6.0,2.0,-30.0
1776886856.1261027,-5.0,3.0,-36.0
1776886856.136103,2.0,4.0,-35.0
1776886856.146103,5.0,4.0,-41.0
1776886856.156103,8.0,0.0,-38.0
1776886856.1661026,5.0,-1.0,-40.0
1776886856.1761026,0.0,-4.0,-42.0
1776886856.1861026,-2.0,-3.0,-44.0
1776886856.1961029,-1.0,-2.0,-38.0
1776886856.2061028,0.0,2.0,-32.0
1776886856.2161028,0.0,3.0,-27.0
1776886856.2261028,-2.0,0.0,-28.0
1776886856.2361028,-1.0,1.0,-31.0
1776886856.2461028,-1.0,3.0,-35.0
1776886856.2561028,0.0,0.0,-35.0
1776886856.2671027,1.0,-3.0,-36.0
1776886856.2771027,0.0,-4.0,-37.0
1776886856.2871027,-3.0,-1.0,-42.0
1776886856.2971027,-1.0,-5.0,-36.0
1776886856.307103,1.0,-4.0,-25.0
1776886856.317103,0.0,-1.0,-26.0
1776886856.327103,-1.0,0.0,-33.0
1776886856.337103,-2.0,0.0,-29.0
1776886856.3471026,-2.0,-2.0,-29.0
1776886856.3571026,-3.0,-2.0,-31.0
1776886856.3671026,0.0,4.0,-31.0
1776886856.3771029,-3.0,8.0,-29.0
1776886856.3871028,-1.0,3.0,-23.0
1776886856.3971028,0.0,6.0,-25.0
1776886856.4071028,2.0,5.0,-29.0
1776886856.4171028,0.0,2.0,-31.0
1776886856.4271028,-3.0,3.0,-31.0
1776886856.4371028,-7.0,1.0,-26.0
1776886856.4471028,-2.0,3.0,-29.0
1776886856.4571028,1.0,3.0,-27.0
1776886856.4671028,0.0,3.0,-23.0
1776886856.4771028,-1.0,4.0,-29.0
1776886856.4871027,-2.0,3.0,-29.0
1776886856.4971027,-2.0,5.0,-33.0
1776886856.5071027,0.0,2.0,-31.0
1776886856.5171027,1.0,-3.0,-32.0
1776886856.5271027,0.0,-1.0,-31.0
1776886856.5371027,0.0,0.0,-31.0
1776886856.5471027,0.0,1.0,-34.0
1776886856.557103,0.0,1.0,-34.0
1776886856.567103,2.0,0.0,-38.0
1776886856.577103,3.0,-1.0,-40.0
1776886856.587103,7.0,-3.0,-37.0
1776886856.5971026,6.0,-3.0,-34.0
1776886856.6071026,8.0,-1.0,-39.0
1776886856.6171026,7.0,-1.0,-37.0
1776886856.6271029,3.0,1.0,-43.0
1776886856.6371028,0.0,3.0,-38.0
1776886856.6471028,-2.0,1.0,-33.0
1776886856.6571028,-3.0,-2.0,-31.0
1776886856.6671028,-5.0,-3.0,-31.0
1776886856.6771028,0.0,-6.0,-29.0
1776886856.6871028,-1.0,0.0,-29.0
1776886856.6971028,1.0,0.0,-29.0
1776886856.7071028,5.0,3.0,-29.0
1776886856.7171028,3.0,1.0,-28.0
1776886856.7271028,6.0,4.0,-37.0
1776886856.7371027,5.0,4.0,-37.0
1776886856.7471027,0.0,1.0,-34.0
1776886856.7571027,-1.0,0.0,-34.0
1776886856.7671027,-2.0,0.0,-42.0
1776886856.7771027,-2.0,0.0,-37.0
1776886856.7871027,-3.0,-1.0,-35.0
1776886856.7971027,-4.0,2.0,-36.0
1776886856.807103,-4.0,1.0,-42.0
1776886856.817103,-5.0,2.0,-33.0
1776886856.827103,-3.0,0.0,-33.0
1776886856.837103,-2.0,2.0,-38.0
1776886856.8471026,3.0,-3.0,-40.0
1776886856.8571026,4.0,-4.0,-37.0
1776886856.8671026,1.0,-1.0,-35.0
1776886856.8771029,-1.0,-2.0,-34.0
1776886856.8871028,0.0,-2.0,-37.0
1776886856.8971028,0.0,-6.0,-41.0
1776886856.9071028,-1.0,-7.0,-41.0
1776886856.9171028,2.0,-6.0,-38.0
1776886856.9271028,2.0,-1.0,-30.0
1776886856.9371028,0.0,-2.0,-28.0
1776886856.9471028,-3.0,-5.0,-29.0
1776886856.9571028,-4.0,0.0,-34.0
1776886856.9671028,-6.0,-3.0,-39.0
1776886856.9771028,-4.0,-5.0,-30.0
1776886856.9871027,-4.0,-5.0,-32.0
1776886856.9971027,-4.0,-6.0,-35.0
1776886857.0071027,-9.0,-5.0,-30.0
1776886857.0171027,-5.0,-3.0,-32.0
1776886857.0271027,-3.0,0.0,-38.0
1776886857.0371027,-3.0,-3.0,-40.0
1776886857.0471027,-1.0,2.0,-39.0
1776886857.057103,0.0,2.0,-43.0
1776886857.067103,-3.0,1.0,-47.0
1776886857.077103,-8.0,0.0,-48.0
1776886857.087103,-8.0,-2.0,-43.0
1776886857.0971026,-4.0,-3.0,-39.0
1776886857.1071026,0.0,-4.0,-37.0
1776886857.1171026,4.0,-4.0,-38.0
1776886857.1271029,4.0,0.0,-37.0
1776886857.1371028,1.0,1.0,-36.0
1776886857.1471028,0.0,-3.0,-36.0
1776886857.1571028,0.0,-5.0,-27.0
1776886857.1671028,3.0,1.0,-29.0
1776886857.1771028,6.0,0.0,-29.0
1776886857.1871028,5.0,1.0,-31.0
1776886857.1971028,2.0,1.0,-29.0
1776886857.2071028,4.0,-1.0,-33.0
1776886857.2171028,4.0,-2.0,-31.0
1776886857.2271028,6.0,-4.0,-33.0
1776886857.2371027,5.0,0.0,-35.0
1776886857.2471027,4.0,-2.0,-40.0
1776886857.2571027,3.0,-1.0,-42.0
1776886857.2671027,4.0,0.0,-41.0
1776886857.2771027,0.0,-5.0,-42.0
1776886857.2871027,-3.0,-6.0,-38.0
1776886857.2971027,0.0,-4.0,-37.0
1776886857.307103,-1.0,-3.0,-42.0
1776886857.317103,0.0,-7.0,-40.0
1776886857.327103,-3.0,-7.0,-37.0
1776886857.337103,-8.0,-5.0,-41.0
1776886857.3471026,-3.0,-2.0,-35.0
1776886857.3571026,-1.0,-2.0,-33.0
1776886857.3671026,-1.0,-2.0,-28.0
1776886857.3771029,-3.0,0.0,-34.0
1776886857.3871028,-1.0,1.0,-33.0
1776886857.3971028,1.0,0.0,-33.0
1776886857.4071028,0.0,-6.0,-34.0
1776886857.4171028,-3.0,-1.0,-34.0
1776886857.4271028,-5.0,-2.0,-38.0
1776886857.4371028,-7.0,-1.0,-41.0
1776886857.4471028,-7.0,-5.0,-39.0
1776886857.4571028,-4.0,-2.0,-40.0
1776886857.4671028,-1.0,-1.0,-41.0
1776886857.4771028,-2.0,-5.0,-44.0
1776886857.4871027,-4.0,-8.0,-42.0
1776886857.4971027,-2.0,-2.0,-36.0
1776886857.5071027,0.0,-4.0,-33.0
1776886857.5171027,2.0,-5.0,-31.0
1776886857.5271027,-1.0,-5.0,-28.0
1776886857.5371027,0.0,-3.0,-31.0
1776886857.5471027,1.0,-6.0,-29.0
1776886857.557103,0.0,-3.0,-27.0
1776886857.567103,-5.0,-3.0,-30.0
1776886857.577103,-6.0,-3.0,-28.0
1776886857.587103,-6.0,-3.0,-37.0
1776886857.5971026,-7.0,-2.0,-39.0
1776886857.6071026,-4.0,-5.0,-39.0
1776886857.6171026,-4.0,-4.0,-40.0
1776886857.6271029,-3.0,-6.0,-38.0
1776886857.6371028,-2.0,-3.0,-40.0
1776886857.6471028,0.0,-3.0,-36.0
1776886857.6571028,4.0,-5.0,-36.0
1776886857.6671028,4.0,-2.0,-34.0
1776886857.6771028,6.0,-2.0,-28.0
1776886857.6871028,6.0,-1.0,-27.0
1776886857.6971028,7.0,0.0,-34.0
1776886857.7071028,6.0,-2.0,-32.0
1776886857.7171028,3.0,-3.0,-33.0
1776886857.7271028,2.0,-3.0,-27.0
1776886857.7371027,2.0,-4.0,-25.0
1776886857.7471027,7.0,-4.0,-25.0
1776886857.7571027,8.0,-5.0,-30.0
1776886857.7671027,4.0,-3.0,-27.0
1776886857.7771027,0.0,-1.0,-26.0
1776886857.7871027,2.0,-3.0,-33.0
1776886857.7971027,0.0,-3.0,-37.0
1776886857.807103,0.0,-1.0,-35.0
1776886857.817103,-1.0,-3.0,-37.0
1776886857.827103,-2.0,0.0,-35.0
1776886857.837103,0.0,1.0,-41.0
1776886857.8471026,0.0,-1.0,-47.0
1776886857.8571026,2.0,-4.0,-44.0
1776886857.8671026,1.0,0.0,-44.0
1776886857.8771029,1.0,0.0,-42.0
1776886857.8871028,4.0,-1.0,-38.0
1776886857.8971028,-3.0,-3.0,-34.0
1776886857.9071028,-8.0,-4.0,-34.0
1776886857.9171028,-2.0,0.0,-38.0
1776886857.9271028,0.0,0.0,-38.0
1776886857.9371028,0.0,1.0,-37.0
1776886857.9471028,2.0,-2.0,-40.0
1776886857.9571028,3.0,0.0,-37.0
1776886857.9671028,3.0,-1.0,-41.0
1776886857.9771028,4.0,0.0,-42.0
1776886857.9871027,6.0,-1.0,-43.0
1776886857.9971027,4.0,-5.0,-45.0
1776886858.0071027,0.0,-4.0,-48.0
1776886858.0171027,0.0,-3.0,-42.0
1776886858.0271027,1.0,-1.0,-39.0
1776886858.0371027,-2.0,0.0,-45.0
1776886858.0471027,-3.0,0.0,-43.0
1776886858.057103,-3.0,2.0,-44.0
1776886858.067103,-1.0,5.0,-36.0
1776886858.077103,0.0,7.0,-28.0
1776886858.087103,0.0,5.0,-31.0
1776886858.0971026,-2.0,1.0,-35.0
1776886858.1071026,0.0,0.0,-35.0
1776886858.1171026,2.0,-1.0,-35.0
1776886858.1271029,3.0,-1.0,-35.0
1776886858.1371028,2.0,-3.0,-30.0
1776886858.1471028,1.0,1.0,-36.0
1776886858.1571028,2.0,0.0,-38.0
1776886858.1671028,0.0,5.0,-43.0
1776886858.1771028,-1.0,6.0,-43.0
1776886858.1871028,-2.0,1.0,-44.0
1776886858.1971028,-3.0,-3.0,-45.0
1776886858.2071028,-4.0,0.0,-40.0
1776886858.2171028,-3.0,0.0,-38.0
1776886858.2281027,1.0,-3.0,-39.0
1776886858.238103,5.0,-4.0,-36.0
1776886858.2471027,4.0,-4.0,-33.0
1776886858.258103,4.0,0.0,-33.0
1776886858.2681026,2.0,0.0,-32.0
1776886858.2781026,8.0,0.0,-29.0
1776886858.2881026,7.0,-1.0,-31.0
1776886858.2981029,6.0,-5.0,-34.0
1776886858.3081028,3.0,-4.0,-37.0
1776886858.3181028,4.0,-4.0,-33.0
1776886858.3281028,7.0,-5.0,-33.0
1776886858.3381028,11.0,-8.0,-33.0
1776886858.3481028,13.0,-9.0,-42.0
1776886858.3581028,13.0,-6.0,-38.0
1776886858.3681028,6.0,-7.0,-39.0
1776886858.3781028,1.0,-5.0,-37.0
1776886858.3881028,7.0,-3.0,-29.0
1776886858.3981028,8.0,-1.0,-36.0
1776886858.4081028,8.0,-4.0,-36.0
1776886858.4181027,6.0,-2.0,-32.0
1776886858.4281027,10.0,-3.0,-39.0
1776886858.4381027,4.0,-2.0,-37.0
1776886858.4481027,4.0,-1.0,-37.0
1776886858.4581027,5.0,0.0,-32.0
1776886858.4681027,3.0,-1.0,-32.0
1776886858.4781027,4.0,0.0,-37.0
1776886858.488103,5.0,-2.0,-41.0
1776886858.498103,0.0,-1.0,-42.0
1776886858.508103,2.0,-2.0,-42.0
1776886858.5181026,3.0,-2.0,-38.0
1776886858.5281026,6.0,0.0,-34.0
1776886858.5381026,4.0,-3.0,-43.0
1776886858.5481029,3.0,0.0,-41.0
1776886858.5581028,5.0,1.0,-48.0
1776886858.5681028,1.0,2.0,-52.0
1776886858.5781028,0.0,-1.0,-52.0
1776886858.5881028,3.0,-3.0,-38.0
1776886858.5981028,9.0,0.0,-36.0
1776886858.6081028,6.0,3.0,-29.0
1776886858.6181028,7.0,5.0,-30.0
1776886858.6281028,3.0,0.0,-31.0
1776886858.6381028,-1.0,0.0,-30.0
1776886858.6481028,-2.0,-1.0,-39.0
1776886858.6581028,-5.0,2.0,-41.0
1776886858.6681027,-1.0,2.0,-40.0
1776886858.6781027,-2.0,-1.0,-41.0
1776886858.6881027,0.0,-1.0,-43.0
1776886858.6981027,-2.0,0.0,-49.0
1776886858.7081027,0.0,1.0,-48.0
1776886858.7181027,-3.0,0.0,-42.0
1776886858.7281027,-6.0,-3.0,-39.0
1776886858.738103,-7.0,-7.0,-39.0
1776886858.748103,-4.0,-9.0,-43.0
1776886858.758103,0.0,-10.0,-44.0
1776886858.7681026,1.0,-8.0,-44.0
1776886858.7781026,-1.0,-5.0,-46.0
1776886858.7881026,0.0,0.0,-40.0
1776886858.7981029,-1.0,2.0,-38.0
1776886858.8081028,1.0,1.0,-34.0
1776886858.8181028,4.0,0.0,-39.0
1776886858.8281028,5.0,1.0,-38.0
1776886858.8381028,7.0,-1.0,-39.0
1776886858.8481028,12.0,0.0,-46.0
1776886858.8581028,12.0,0.0,-48.0
1776886858.8681028,12.0,-2.0,-44.0
1776886858.8781028,10.0,-2.0,-45.0
1776886858.8881028,7.0,-3.0,-48.0
1776886858.8981028,6.0,-3.0,-51.0
1776886858.9081028,3.0,-4.0,-49.0
1776886858.9181027,2.0,0.0,-43.0
1776886858.9281027,4.0,0.0,-47.0
1776886858.9381027,-1.0,-4.0,-42.0
1776886858.9481027,0.0,-2.0,-40.0
1776886858.9581027,4.0,2.0,-43.0
1776886858.9681027,0.0,7.0,-44.0
1776886858.9781027,-1.0,11.0,-42.0
1776886858.988103,-3.0,12.0,-45.0
1776886858.998103,-2.0,10.0,-39.0
1776886859.008103,-3.0,6.0,-35.0
1776886859.0181026,-1.0,1.0,-34.0
1776886859.0281026,1.0,2.0,-32.0
1776886859.0381026,0.0,3.0,-33.0
1776886859.0481029,0.0,0.0,-34.0
1776886859.0581028,2.0,-1.0,-28.0
1776886859.0681028,2.0,-2.0,-31.0
1776886859.0781028,5.0,0.0,-37.0
1776886859.0881028,6.0,-2.0,-38.0
1776886859.0981028,4.0,-5.0,-38.0
1776886859.1081028,0.0,-7.0,-33.0
1776886859.1181028,-1.0,-7.0,-29.0
1776886859.1281028,1.0,-7.0,-24.0
1776886859.1381028,0.0,-6.0,-29.0
1776886859.1481028,3.0,-5.0,-30.0
1776886859.1581028,0.0,-4.0,-34.0
1776886859.1681027,-2.0,-5.0,-38.0
1776886859.1781027,-7.0,0.0,-37.0
1776886859.1881027,-6.0,0.0,-40.0
1776886859.1981027,-9.0,0.0,-42.0
1776886859.2081027,-1.0,1.0,-39.0
1776886859.2181027,-1.0,-1.0,-35.0
1776886859.2281027,1.0,-2.0,-39.0
1776886859.238103,0.0,-2.0,-32.0
1776886859.248103,-2.0,-2.0,-32.0
1776886859.258103,0.0,3.0,-30.0
1776886859.2681026,0.0,2.0,-28.0
1776886859.2781026,3.0,5.0,-32.0
1776886859.2881026,5.0,4.0,-30.0
1776886859.2981029,4.0,1.0,-36.0
1776886859.3081028,5.0,1.0,-44.0
1776886859.3181028,0.0,-4.0,-38.0
1776886859.3281028,4.0,-4.0,-36.0
1776886859.3381028,0.0,-4.0,-37.0
1776886859.3481028,-1.0,-5.0,-33.0
1776886859.3581028,0.0,-5.0,-40.0
1776886859.3681028,-5.0,-6.0,-41.0
1776886859.3781028,-1.0,0.0,-42.0
1776886859.3881028,1.0,3.0,-39.0
1776886859.3981028,1.0,1.0,-43.0
1776886859.4081028,3.0,0.0,-41.0
1776886859.4181027,1.0,3.0,-47.0
1776886859.4281027,2.0,0.0,-45.0
1776886859.4381027,4.0,0.0,-39.0
1776886859.4481027,-5.0,0.0,-36.0
1776886859.4581027,-1.0,-3.0,-30.0
1776886859.4681027,-1.0,-4.0,-34.0
1776886859.4781027,-4.0,-4.0,-34.0
1776886859.488103,-2.0,-6.0,-40.0
1776886859.498103,-3.0,-4.0,-46.0
1776886859.508103,-6.0,-4.0,-42.0
1776886859.5181026,-6.0,-2.0,-37.0
1776886859.5281026,-5.0,-6.0,-35.0
1776886859.5381026,-2.0,-7.0,-46.0
1776886859.5481029,-3.0,-6.0,-45.0
1776886859.5581028,0.0,-7.0,-47.0
1776886859.5681028,5.0,-8.0,-44.0
1776886859.5781028,5.0,-3.0,-47.0
1776886859.5881028,6.0,0.0,-45.0
1776886859.5981028,1.0,0.0,-47.0
1776886859.6081028,4.0,-2.0,-44.0
1776886859.6181028,5.0,-1.0,-49.0
1776886859.6281028,2.0,0.0,-49.0
1776886859.6381028,0.0,0.0,-43.0
1776886859.6481028,-1.0,-2.0,-42.0
1776886859.6581028,0.0,0.0,-38.0
1776886859.6681027,3.0,0.0,-36.0
1776886859.6781027,4.0,6.0,-40.0
1776886859.6881027,3.0,2.0,-40.0
1776886859.6981027,3.0,1.0,-40.0
1776886859.7081027,2.0,-1.0,-33.0
1776886859.7181027,2.0,1.0,-33.0
1776886859.7281027,5.0,2.0,-33.0
1776886859.738103,3.0,2.0,-43.0
1776886859.748103,0.0,-1.0,-40.0
1776886859.758103,0.0,-4.0,-31.0
1776886859.7681026,2.0,-1.0,-29.0
1776886859.7781026,1.0,-2.0,-34.0
1776886859.7881026,4.0,-3.0,-36.0
1776886859.7981029,0.0,-1.0,-39.0
1776886859.8081028,1.0,-3.0,-31.0
1776886859.8181028,5.0,0.0,-33.0
1776886859.8281028,3.0,1.0,-37.0
1776886859.8381028,3.0,4.0,-38.0
1776886859.8481028,3.0,1.0,-42.0
1776886859.8581028,9.0,0.0,-43.0
1776886859.8681028,7.0,-1.0,-46.0
1776886859.8781028,7.0,2.0,-50.0
1776886859.8881028,7.0,2.0,-52.0
1776886859.8981028,7.0,4.0,-50.0
1776886859.9081028,6.0,5.0,-38.0
1776886859.9181027,6.0,2.0,-37.0
1776886859.9281027,3.0,-3.0,-36.0
1776886859.9381027,3.0,-3.0,-34.0
1776886859.9481027,5.0,2.0,-30.0
1776886859.9581027,6.0,3.0,-24.0
1776886859.9681027,3.0,2.0,-31.0
1776886859.9781027,1.0,4.0,-32.0
1776886859.988103,1.0,3.0,-31.0
1776886859.998103,1.0,1.0,-30.0
1776886860.008103,0.0,0.0,-32.0
1776886860.0181026,3.0,1.0,-30.0
1776886860.0281026,4.0,0.0,-38.0
1776886860.0381026,4.0,0.0,-38.0
1776886860.0481029,2.0,-2.0,-34.0
1776886860.0581028,3.0,-3.0,-45.0
1776886860.0681028,2.0,-7.0,-45.0
1776886860.0781028,2.0,-9.0,-44.0
1776886860.0881028,6.0,-7.0,-39.0
1776886860.0981028,4.0,-6.0,-35.0
1776886860.1081028,4.0,-4.0,-38.0
1776886860.1181028,0.0,-2.0,-38.0
1776886860.1281028,0.0,-6.0,-38.0
1776886860.1381028,-2.0,-5.0,-38.0
1776886860.1481028,-1.0,-3.0,-35.0
1776886860.1581028,4.0,-1.0,-31.0
1776886860.1681027,6.0,-1.0,-31.0
1776886860.1781027,6.0,0.0,-32.0
1776886860.1881027,6.0,-1.0,-27.0
1776886860.1981027,3.0,-3.0,-30.0
1776886860.2081027,2.0,-3.0,-30.0
1776886860.2181027,4.0,-2.0,-34.0
1776886860.2281027,3.0,2.0,-39.0
1776886860.238103,0.0,0.0,-39.0
1776886860.248103,3.0,-3.0,-35.0
1776886860.2591028,3.0,-3.0,-30.0
1776886860.2691028,8.0,0.0,-35.0
1776886860.2791028,7.0,-3.0,-38.0
1776886860.2891028,7.0,-2.0,-44.0
1776886860.2981029,2.0,-2.0,-45.0
1776886860.3091028,0.0,0.0,-47.0
1776886860.3191028,0.0,0.0,-39.0
1776886860.3291028,0.0,0.0,-33.0
1776886860.3391027,1.0,4.0,-32.0
1776886860.3481028,2.0,3.0,-35.0
1776886860.3591027,1.0,0.0,-34.0
1776886860.3691027,-1.0,-1.0,-31.0
1776886860.3791027,1.0,-1.0,-37.0
1776886860.3891027,0.0,-4.0,-43.0
1776886860.3991027,0.0,-4.0,-45.0
1776886860.409103,3.0,-3.0,-44.0
1776886860.419103,-2.0,0.0,-39.0
1776886860.429103,-3.0,-2.0,-29.0
1776886860.4391026,-1.0,-9.0,-29.0
1776886860.4491026,-4.0,-7.0,-40.0
1776886860.4591026,-3.0,-3.0,-42.0
1776886860.4691026,-5.0,-3.0,-40.0
1776886860.4791028,-3.0,0.0,-34.0
1776886860.4891028,-4.0,0.0,-32.0
1776886860.4991028,-5.0,2.0,-33.0
1776886860.5091028,1.0,5.0,-34.0
1776886860.5191028,2.0,2.0,-35.0
1776886860.5291028,6.0,-1.0,-45.0
1776886860.5391028,6.0,-1.0,-44.0
1776886860.5491028,5.0,0.0,-46.0
1776886860.5591028,2.0,-2.0,-47.0
1776886860.5691028,4.0,0.0,-48.0
1776886860.5791028,3.0,0.0,-47.0
1776886860.5891027,5.0,-4.0,-48.0
1776886860.5991027,8.0,-3.0,-40.0
1776886860.6091027,7.0,-2.0,-41.0
1776886860.6191027,2.0,-2.0,-41.0
1776886860.6291027,0.0,-4.0,-32.0
1776886860.6391027,1.0,-2.0,-30.0
1776886860.6491027,2.0,-4.0,-29.0
1776886860.659103,3.0,-5.0,-31.0
1776886860.669103,2.0,-5.0,-29.0
1776886860.679103,1.0,-4.0,-28.0
1776886860.6891026,-3.0,-8.0,-27.0
1776886860.6991026,-1.0,-7.0,-24.0
1776886860.7091026,0.0,-7.0,-28.0
1776886860.7191026,0.0,-2.0,-36.0
1776886860.7291028,4.0,-3.0,-36.0
1776886860.7391028,11.0,-3.0,-33.0
1776886860.7491028,5.0,-1.0,-30.0
1776886860.7591028,8.0,0.0,-29.0
1776886860.7691028,10.0,2.0,-28.0
1776886860.7791028,5.0,1.0,-32.0
1776886860.7891028,7.0,-3.0,-30.0
1776886860.7991028,1.0,-2.0,-33.0
1776886860.8091028,2.0,-2.0,-36.0
1776886860.8191028,3.0,0.0,-33.0
1776886860.8291028,-2.0,0.0,-32.0
1776886860.8391027,-5.0,0.0,-27.0
1776886860.8491027,1.0,-3.0,-34.0
1776886860.8591027,0.0,-5.0,-38.0
1776886860.8691027,3.0,-2.0,-34.0
1776886860.8791027,4.0,-4.0,-33.0
1776886860.8891027,6.0,-7.0,-31.0
1776886860.8991027,2.0,-6.0,-23.0
1776886860.909103,-1.0,-4.0,-27.0
1776886860.919103,-4.0,-4.0,-35.0
1776886860.929103,-2.0,-2.0,-44.0
1776886860.9391026,-2.0,-1.0,-43.0
1776886860.9491026,0.0,-1.0,-49.0
1776886860.9591026,1.0,1.0,-47.0
1776886860.9691026,-2.0,2.0,-44.0
1776886860.9791028,-3.0,0.0,-44.0
1776886860.9891028,-8.0,2.0,-37.0
1776886860.9991028,-7.0,0.0,-36.0
1776886861.0091028,-10.0,1.0,-35.0
1776886861.0191028,-7.0,1.0,-43.0
1776886861.0291028,-4.0,0.0,-40.0
1776886861.0391028,-5.0,-4.0,-45.0
1776886861.0491028,-1.0,-2.0,-40.0
1776886861.0591028,4.0,0.0,-39.0
1776886861.0691028,6.0,2.0,-39.0
1776886861.0791028,4.0,3.0,-45.0
1776886861.0891027,1.0,0.0,-44.0
1776886861.0991027,6.0,0.0,-41.0
1776886861.1091027,5.0,0.0,-39.0
1776886861.1191027,2.0,1.0,-36.0
1776886861.1291027,5.0,-1.0,-41.0
1776886861.1391027,4.0,0.0,-46.0
1776886861.1491027,5.0,-4.0,-47.0
1776886861.159103,6.0,-6.0,-47.0
1776886861.169103,6.0,-3.0,-44.0
1776886861.179103,2.0,-4.0,-45.0
1776886861.1891026,-2.0,-3.0,-50.0
1776886861.1991026,-1.0,-2.0,-50.0
1776886861.2091026,0.0,0.0,-45.0
1776886861.2191026,-1.0,1.0,-43.0
1776886861.2291028,0.0,5.0,-43.0
1776886861.2391028,1.0,3.0,-42.0
1776886861.2491028,1.0,-2.0,-46.0
1776886861.2591028,0.0,-7.0,-43.0
1776886861.2691028,0.0,-3.0,-36.0
1776886861.2791028,0.0,-7.0,-31.0
1776886861.2891028,3.0,-6.0,-30.0
1776886861.2991028,0.0,-2.0,-29.0
1776886861.3091028,0.0,-5.0,-34.0
1776886861.3191028,0.0,-7.0,-36.0
1776886861.3291028,1.0,-5.0,-33.0
1776886861.3391027,3.0,-1.0,-31.0
1776886861.3491027,-1.0,-1.0,-34.0
1776886861.3591027,0.0,-6.0,-33.0
1776886861.3691027,0.0,-7.0,-33.0
1776886861.3791027,1.0,-5.0,-38.0
1776886861.3891027,-2.0,-4.0,-40.0
1776886861.3991027,0.0,-2.0,-39.0
1776886861.409103,0.0,0.0,-38.0
1776886861.419103,1.0,-2.0,-37.0
1776886861.429103,-1.0,-3.0,-41.0
1776886861.4391026,1.0,-3.0,-44.0
1776886861.4491026,3.0,2.0,-40.0
1776886861.4591026,7.0,0.0,-41.0
1776886861.4691026,12.0,2.0,-39.0
1776886861.4791028,11.0,1.0,-35.0
1776886861.4891028,3.0,3.0,-35.0
1776886861.4991028,0.0,9.0,-36.0
1776886861.5091028,0.0,6.0,-36.0
1776886861.5191028,0.0,5.0,-36.0
1776886861.5291028,3.0,5.0,-41.0
1776886861.5391028,5.0,4.0,-39.0
1776886861.5491028,2.0,0.0,-37.0
1776886861.5591028,-1.0,-1.0,-42.0
1776886861.5691028,-2.0,0.0,-45.0
1776886861.5791028,-1.0,-3.0,-46.0
1776886861.5891027,1.0,-5.0,-45.0
1776886861.5991027,0.0,-2.0,-42.0
1776886861.6091027,-5.0,-3.0,-40.0
1776886861.6191027,-1.0,-4.0,-34.0
1776886861.6291027,-2.0,0.0,-33.0
1776886861.6391027,0.0,0.0,-33.0
1776886861.6491027,2.0,0.0,-40.0
1776886861.659103,-3.0,-2.0,-33.0
1776886861.669103,-2.0,-1.0,-31.0
1776886861.679103,-7.0,0.0,-34.0
1776886861.6891026,-3.0,-1.0,-38.0
1776886861.6991026,0.0,-4.0,-32.0
1776886861.7091026,0.0,-7.0,-43.0
1776886861.7191026,-1.0,-4.0,-48.0
1776886861.7291028,-1.0,-3.0,-46.0
1776886861.7391028,0.0,1.0,-55.0
1776886861.7491028,4.0,0.0,-50.0
1776886861.7591028,3.0,2.0,-44.0
1776886861.7691028,3.0,0.0,-43.0
1776886861.7791028,2.0,1.0,-45.0
1776886861.7891028,-4.0,3.0,-42.0
1776886861.7991028,-6.0,3.0,-40.0
1776886861.8091028,-4.0,1.0,-34.0
1776886861.8191028,-4.0,-2.0,-34.0
1776886861.8291028,-3.0,-3.0,-39.0
1776886861.8391027,-4.0,-6.0,-36.0
1776886861.8491027,-4.0,-9.0,-39.0
1776886861.8591027,-2.0,-4.0,-43.0
1776886861.8691027,-3.0,1.0,-43.0
1776886861.8791027,-5.0,1.0,-41.0
1776886861.8891027,0.0,4.0,-41.0
1776886861.8991027,0.0,5.0,-43.0
1776886861.909103,1.0,8.0,-41.0
1776886861.919103,3.0,8.0,-38.0
1776886861.929103,6.0,7.0,-40.0
1776886861.9391026,4.0,7.0,-32.0
1776886861.9491026,2.0,5.0,-33.0
1776886861.9591026,4.0,1.0,-35.0
1776886861.9691026,5.0,2.0,-42.0
1776886861.9791028,1.0,2.0,-45.0
1776886861.9891028,4.0,-1.0,-48.0
1776886861.9991028,2.0,-2.0,-48.0
1776886862.0091028,6.0,-2.0,-48.0
1776886862.0191028,5.0,0.0,-53.0
1776886862.0291028,0.0,5.0,-46.0
1776886862.0391028,-3.0,3.0,-47.0
1776886862.0491028,-3.0,4.0,-50.0
1776886862.0591028,-4.0,-2.0,-49.0
1776886862.0691028,-2.0,-2.0,-45.0
1776886862.0791028,-4.0,-1.0,-40.0
1776886862.0891027,-5.0,-2.0,-34.0
1776886862.0991027,-1.0,-2.0,-39.0
1776886862.1091027,5.0,-1.0,-41.0
1776886862.1191027,6.0,1.0,-43.0
1776886862.1291027,7.0,-4.0,-48.0
1776886862.1391027,9.0,-6.0,-44.0
1776886862.1491027,5.0,-5.0,-42.0
1776886862.159103,7.0,-2.0,-41.0
1776886862.169103,4.0,2.0,-36.0
1776886862.179103,2.0,2.0,-33.0
1776886862.1891026,-1.0,0.0,-30.0
1776886862.1991026,-4.0,-4.0,-37.0
1776886862.2091026,-8.0,-6.0,-43.0
1776886862.2191026,-5.0,-5.0,-42.0
1776886862.2291028,1.0,-3.0,-44.0
1776886862.2391028,0.0,-5.0,-47.0
1776886862.2491028,2.0,-4.0,-47.0
1776886862.2601027,5.0,-4.0,-43.0
1776886862.2701027,5.0,-10.0,-42.0
1776886862.2801027,3.0,-6.0,-41.0
1776886862.2901027,3.0,0.0,-43.0
1776886862.3001027,1.0,-1.0,-46.0
1776886862.3101027,1.0,2.0,-46.0
1776886862.3201027,0.0,4.0,-45.0
1776886862.3301027,1.0,1.0,-38.0
1776886862.340103,4.0,1.0,-35.0
1776886862.350103,5.0,3.0,-33.0
1776886862.360103,1.0,0.0,-28.0
1776886862.3701026,4.0,0.0,-30.0
1776886862.3801026,5.0,4.0,-28.0
1776886862.3901026,3.0,1.0,-33.0
1776886862.4001029,0.0,1.0,-29.0
1776886862.4101028,1.0,2.0,-31.0
1776886862.4201028,0.0,0.0,-31.0
1776886862.4301028,-3.0,-1.0,-32.0
1776886862.4401028,0.0,2.0,-29.0
1776886862.4501028,2.0,1.0,-29.0
1776886862.4601028,2.0,0.0,-33.0
1776886862.4701028,0.0,-4.0,-30.0
1776886862.4801028,3.0,-4.0,-32.0
1776886862.4901028,3.0,-2.0,-33.0
1776886862.5001028,9.0,-4.0,-31.0
1776886862.5101027,7.0,-1.0,-36.0
1776886862.5201027,7.0,0.0,-35.0
1776886862.5301027,4.0,3.0,-40.0
1776886862.5401027,4.0,0.0,-42.0
1776886862.5501027,3.0,0.0,-44.0
1776886862.5601027,0.0,0.0,-37.0
1776886862.5701027,-1.0,-1.0,-36.0
1776886862.5801027,-1.0,0.0,-35.0
1776886862.590103,1.0,0.0,-42.0
1776886862.600103,3.0,1.0,-37.0
1776886862.610103,6.0,-1.0,-33.0
1776886862.6201026,3.0,-4.0,-30.0
1776886862.6301026,3.0,-6.0,-27.0
1776886862.6401026,-2.0,-4.0,-26.0
1776886862.6501029,0.0,-5.0,-23.0
1776886862.6601028,0.0,-7.0,-21.0
1776886862.6701028,2.0,-7.0,-23.0
1776886862.6801028,4.0,-10.0,-24.0
1776886862.6901028,7.0,-11.0,-26.0
1776886862.7001028,4.0,-9.0,-21.0
1776886862.7101028,3.0,-11.0,-25.0
1776886862.7201028,5.0,-10.0,-27.0
1776886862.7301028,1.0,-8.0,-31.0
1776886862.7401028,0.0,-7.0,-32.0
1776886862.7501028,-3.0,-9.0,-33.0
1776886862.7601027,-3.0,-4.0,-37.0
1776886862.7701027,-2.0,-8.0,-32.0
1776886862.7801027,-1.0,-7.0,-31.0
1776886862.7901027,-1.0,-8.0,-37.0
1776886862.8001027,-1.0,-10.0,-39.0
1776886862.8101027,0.0,-8.0,-43.0
1776886862.8201027,2.0,-4.0,-44.0
1776886862.8301027,0.0,-6.0,-42.0
1776886862.840103,-1.0,-8.0,-30.0
1776886862.850103,-2.0,-4.0,-34.0
1776886862.860103,0.0,-4.0,-33.0
1776886862.8701026,-1.0,-3.0,-43.0
1776886862.8801026,-4.0,0.0,-41.0
1776886862.8901026,-2.0,0.0,-40.0
1776886862.9001029,-4.0,3.0,-44.0
1776886862.9101028,-4.0,1.0,-43.0
1776886862.9201028,-6.0,-2.0,-41.0
1776886862.9301028,-6.0,-1.0,-45.0
1776886862.9401028,-4.0,0.0,-44.0
1776886862.9501028,-7.0,-1.0,-38.0
1776886862.9601028,-4.0,-2.0,-32.0
1776886862.9701028,-6.0,-2.0,-31.0
1776886862.9801028,-3.0,-3.0,-31.0
1776886862.9901028,-1.0,-3.0,-33.0
1776886863.0001028,-4.0,-5.0,-31.0
1776886863.0101027,-4.0,-12.0,-36.0
1776886863.0201027,-4.0,-13.0,-33.0
1776886863.0301027,-2.0,-11.0,-33.0
1776886863.0401027,-6.0,-9.0,-38.0
1776886863.0501027,-3.0,-5.0,-41.0
1776886863.0601027,-6.0,0.0,-39.0
1776886863.0701027,-4.0,-2.0,-42.0
1776886863.0801027,-2.0,0.0,-37.0
1776886863.090103,2.0,0.0,-33.0
1776886863.100103,3.0,1.0,-35.0
1776886863.110103,0.0,1.0,-38.0
1776886863.1201026,1.0,2.0,-37.0
1776886863.1301026,0.0,0.0,-39.0
1776886863.1401026,0.0,-2.0,-35.0
1776886863.1501029,-2.0,-3.0,-32.0
1776886863.1601028,-4.0,0.0,-32.0
1776886863.1701028,0.0,1.0,-34.0
1776886863.1801028,4.0,6.0,-32.0
1776886863.1901028,4.0,3.0,-36.0
1776886863.2001028,3.0,3.0,-36.0
1776886863.2101028,7.0,0.0,-41.0
1776886863.2201028,8.0,2.0,-44.0
1776886863.2301028,1.0,1.0,-45.0
1776886863.2401028,1.0,-4.0,-45.0
1776886863.2501028,4.0,-3.0,-42.0
1776886863.2601027,4.0,-1.0,-42.0
1776886863.2701027,0.0,2.0,-39.0
1776886863.2801027,0.0,1.0,-39.0
1776886863.2901027,3.0,3.0,-35.0
1776886863.3001027,0.0,2.0,-33.0
1776886863.3101027,0.0,2.0,-35.0
1776886863.3201027,2.0,3.0,-41.0
1776886863.3301027,3.0,2.0,-43.0
1776886863.340103,4.0,4.0,-47.0
1776886863.350103,3.0,6.0,-52.0
1776886863.360103,5.0,4.0,-51.0
1776886863.3701026,4.0,7.0,-49.0
1776886863.3801026,7.0,5.0,-49.0
1776886863.3901026,7.0,0.0,-44.0
1776886863.4001029,4.0,0.0,-41.0
1776886863.4101028,2.0,0.0,-33.0
1776886863.4201028,-2.0,3.0,-33.0
1776886863.4301028,0.0,2.0,-35.0
1776886863.4401028,0.0,3.0,-36.0
1776886863.4501028,-4.0,0.0,-41.0
1776886863.4601028,-7.0,0.0,-43.0
1776886863.4701028,-11.0,-2.0,-42.0
1776886863.4801028,-8.0,-1.0,-39.0
1776886863.4901028,-5.0,-3.0,-41.0
1776886863.5001028,0.0,-2.0,-38.0
1776886863.5101027,1.0,0.0,-43.0
1776886863.5201027,3.0,2.0,-46.0
1776886863.5301027,3.0,3.0,-46.0
1776886863.5401027,0.0,2.0,-45.0
1776886863.5501027,3.0,-2.0,-40.0
1776886863.5601027,4.0,-2.0,-32.0
1776886863.5701027,4.0,-2.0,-35.0
1776886863.5801027,-2.0,-3.0,-39.0
1776886863.590103,-5.0,0.0,-38.0
1776886863.600103,-5.0,4.0,-33.0
1776886863.610103,-1.0,2.0,-31.0
1776886863.6201026,-2.0,3.0,-32.0
1776886863.6301026,-2.0,4.0,-32.0
1776886863.6401026,-3.0,0.0,-31.0
1776886863.6501029,-3.0,0.0,-39.0
1776886863.6601028,-2.0,0.0,-41.0
1776886863.6701028,1.0,4.0,-43.0
1776886863.6801028,0.0,1.0,-38.0
1776886863.6901028,-2.0,0.0,-37.0
1776886863.7001028,-3.0,-2.0,-34.0
1776886863.7101028,-2.0,3.0,-38.0
1776886863.7201028,-4.0,1.0,-36.0
1776886863.7301028,0.0,0.0,-30.0
1776886863.7401028,6.0,-4.0,-39.0
1776886863.7501028,6.0,-2.0,-40.0
1776886863.7601027,6.0,-1.0,-50.0
1776886863.7701027,3.0,-2.0,-46.0
1776886863.7801027,1.0,-2.0,-43.0
1776886863.7901027,-1.0,-5.0,-46.0
1776886863.8001027,-3.0,-7.0,-41.0
1776886863.8101027,-1.0,-6.0,-43.0
1776886863.8201027,0.0,-4.0,-46.0
1776886863.8301027,4.0,-1.0,-44.0
1776886863.840103,7.0,-4.0,-40.0
1776886863.850103,6.0,0.0,-47.0
1776886863.860103,9.0,0.0,-46.0
1776886863.8701026,6.0,0.0,-48.0
1776886863.8801026,3.0,-3.0,-46.0
1776886863.8901026,-1.0,-1.0,-40.0
1776886863.9001029,-2.0,0.0,-40.0
1776886863.9111028,-2.0,0.0,-40.0
1776886863.9201028,-7.0,3.0,-41.0
1776886863.9301028,0.0,1.0,-36.0
1776886863.9401028,1.0,-5.0,-35.0
1776886863.9501028,3.0,-6.0,-34.0
1776886863.9601028,6.0,-6.0,-28.0
1776886863.9701028,6.0,-5.0,-34.0
1776886863.9801028,9.0,-2.0,-34.0
1776886863.9901028,2.0,-3.0,-40.0
1776886864.0001028,1.0,-2.0,-41.0
1776886864.0101027,6.0,-3.0,-39.0
1776886864.0201027,7.0,-1.0,-36.0
1776886864.0301027,6.0,-2.0,-34.0
1776886864.0401027,5.0,-1.0,-37.0
1776886864.0501027,4.0,-3.0,-30.0
1776886864.0601027,1.0,0.0,-25.0
1776886864.0701027,1.0,3.0,-25.0
1776886864.0801027,8.0,1.0,-29.0
1776886864.090103,3.0,4.0,-31.0
1776886864.100103,-3.0,3.0,-34.0
1776886864.110103,-5.0,2.0,-35.0
1776886864.1201026,-5.0,0.0,-41.0
1776886864.1301026,-1.0,0.0,-44.0
1776886864.1401026,2.0,2.0,-44.0
1776886864.1501029,4.0,0.0,-39.0
1776886864.1601028,5.0,1.0,-33.0
1776886864.1701028,2.0,2.0,-29.0
1776886864.1801028,0.0,-1.0,-34.0
1776886864.1901028,0.0,0.0,-39.0
1776886864.2001028,-4.0,-2.0,-45.0
1776886864.2101028,-3.0,-2.0,-42.0
1776886864.2201028,-3.0,-2.0,-47.0
1776886864.2301028,-2.0,0.0,-49.0
1776886864.2401028,3.0,5.0,-45.0
1776886864.2511027,5.0,5.0,-40.0
1776886864.261103,7.0,3.0,-42.0
1776886864.271103,4.0,0.0,-34.0
1776886864.281103,0.0,2.0,-34.0
1776886864.2911026,0.0,-1.0,-38.0
1776886864.3011026,-2.0,-4.0,-38.0
1776886864.3111026,-3.0,-8.0,-31.0
1776886864.3211029,-2.0,-8.0,-34.0
1776886864.3311028,1.0,-10.0,-36.0
1776886864.3411028,2.0,-6.0,-38.0
1776886864.3511028,6.0,-2.0,-36.0
1776886864.3611028,3.0,0.0,-38.0
1776886864.3711028,5.0,0.0,-38.0
1776886864.3811028,3.0,-1.0,-38.0
1776886864.3911028,3.0,0.0,-32.0
1776886864.4011028,1.0,0.0,-33.0
1776886864.4111028,7.0,1.0,-35.0
1776886864.4211028,5.0,-2.0,-42.0
1776886864.4311028,6.0,-3.0,-39.0
1776886864.4411027,5.0,-4.0,-39.0
1776886864.4511027,2.0,-2.0,-32.0
1776886864.4611027,0.0,-3.0,-30.0
1776886864.4711027,-2.0,-3.0,-33.0
1776886864.4811027,-4.0,-2.0,-36.0
1776886864.4911027,-2.0,-5.0,-40.0
1776886864.5011027,1.0,-5.0,-37.0
1776886864.511103,2.0,-2.0,-43.0
1776886864.521103,0.0,0.0,-50.0
1776886864.531103,0.0,-2.0,-46.0
1776886864.5411026,-4.0,-5.0,-41.0
1776886864.5511026,-2.0,-6.0,-39.0
1776886864.5611026,0.0,-2.0,-34.0
1776886864.5711029,3.0,-7.0,-38.0
1776886864.5811028,0.0,-5.0,-36.0
1776886864.5911028,-1.0,-4.0,-37.0
1776886864.6011028,-2.0,-2.0,-40.0
1776886864.6111028,-1.0,-3.0,-41.0
1776886864.6211028,2.0,-2.0,-40.0
1776886864.6311028,5.0,-3.0,-37.0
1776886864.6411028,6.0,-2.0,-34.0
1776886864.6511028,9.0,-2.0,-40.0
1776886864.6611028,9.0,-2.0,-41.0
1776886864.6711028,6.0,0.0,-43.0
1776886864.6811028,8.0,0.0,-46.0
1776886864.6911027,3.0,-1.0,-45.0
1776886864.7011027,1.0,-5.0,-43.0
1776886864.7111027,3.0,-4.0,-41.0
1776886864.7211027,7.0,-1.0,-41.0
1776886864.7311027,7.0,2.0,-41.0
1776886864.7411027,8.0,1.0,-44.0
1776886864.7511027,7.0,-2.0,-44.0
1776886864.761103,6.0,-1.0,-38.0
1776886864.771103,7.0,-3.0,-35.0
1776886864.781103,4.0,0.0,-41.0
1776886864.7911026,6.0,2.0,-37.0
1776886864.8011026,6.0,-1.0,-31.0
1776886864.8111026,2.0,0.0,-31.0
1776886864.8211029,2.0,4.0,-36.0
1776886864.8311028,2.0,0.0,-37.0
1776886864.8411028,4.0,1.0,-44.0
1776886864.8511028,0.0,3.0,-46.0
1776886864.8611028,2.0,5.0,-43.0
1776886864.8711028,3.0,-1.0,-50.0
1776886864.8811028,2.0,0.0,-47.0
1776886864.8911028,4.0,1.0,-44.0
1776886864.9011028,3.0,2.0,-49.0
1776886864.9111028,6.0,1.0,-54.0
1776886864.9211028,4.0,1.0,-55.0
1776886864.9311028,1.0,-6.0,-55.0
1776886864.9411027,1.0,-7.0,-51.0
1776886864.9511027,1.0,-5.0,-45.0
1776886864.9611027,0.0,-7.0,-45.0
1776886864.9711027,-3.0,-6.0,-49.0
1776886864.9811027,-3.0,-7.0,-45.0
1776886864.9911027,0.0,-4.0,-42.0
1776886865.0011027,1.0,-4.0,-37.0
1776886865.011103,1.0,-7.0,-40.0
1776886865.021103,0.0,-6.0,-44.0
1776886865.031103,-3.0,-4.0,-47.0
1776886865.0411026,-8.0,-2.0,-46.0
1776886865.0511026,-7.0,-2.0,-39.0
1776886865.0611026,-9.0,0.0,-41.0
1776886865.0711029,-10.0,-2.0,-39.0
1776886865.0811028,-7.0,0.0,-43.0
1776886865.0911028,0.0,0.0,-42.0
1776886865.1011028,0.0,-3.0,-41.0
1776886865.1111028,0.0,-1.0,-40.0
1776886865.1211028,0.0,-1.0,-42.0
1776886865.1311028,-1.0,-5.0,-41.0
1776886865.1411028,-1.0,-5.0,-37.0
1776886865.1511028,0.0,-6.0,-37.0
1776886865.1611028,-1.0,-6.0,-42.0
1776886865.1711028,0.0,-7.0,-39.0
1776886865.1811028,2.0,-3.0,-42.0
1776886865.1911027,6.0,1.0,-48.0
1776886865.2011027,4.0,5.0,-44.0
1776886865.2111027,1.0,5.0,-45.0
1776886865.2211027,4.0,5.0,-44.0
1776886865.2311027,1.0,5.0,-40.0
1776886865.2411027,0.0,2.0,-45.0
1776886865.2511027,-3.0,0.0,-48.0
1776886865.261103,-3.0,-4.0,-47.0
1776886865.271103,-2.0,-4.0,-44.0
1776886865.281103,0.0,-2.0,-41.0
1776886865.2911026,-1.0,-1.0,-44.0
1776886865.3011026,-3.0,2.0,-46.0
1776886865.3111026,-5.0,1.0,-49.0
1776886865.3211029,-8.0,0.0,-47.0
1776886865.3311028,-9.0,4.0,-43.0
1776886865.3411028,-9.0,3.0,-40.0
1776886865.3511028,-9.0,3.0,-41.0
1776886865.3611028,-3.0,3.0,-35.0
1776886865.3711028,-4.0,2.0,-34.0
1776886865.3811028,-1.0,2.0,-39.0
1776886865.3911028,4.0,3.0,-45.0
1776886865.4011028,6.0,2.0,-41.0
1776886865.4111028,4.0,1.0,-31.0
1776886865.4211028,3.0,5.0,-22.0
1776886865.4311028,0.0,7.0,-24.0
1776886865.4411027,0.0,7.0,-28.0
1776886865.4511027,-1.0,10.0,-37.0
1776886865.4611027,-6.0,9.0,-36.0
1776886865.4711027,-1.0,6.0,-29.0
1776886865.4811027,0.0,8.0,-27.0
1776886865.4911027,0.0,3.0,-35.0
1776886865.5011027,1.0,0.0,-39.0
1776886865.511103,3.0,-1.0,-41.0
1776886865.521103,2.0,-2.0,-37.0
1776886865.531103,4.0,-2.0,-36.0
1776886865.5411026,7.0,0.0,-34.0
1776886865.5511026,7.0,-5.0,-40.0
1776886865.5611026,2.0,-6.0,-45.0
1776886865.5711029,1.0,-6.0,-47.0
1776886865.5811028,2.0,-6.0,-44.0
1776886865.5911028,3.0,-6.0,-42.0
1776886865.6011028,3.0,-3.0,-38.0
1776886865.6111028,0.0,-2.0,-33.0
1776886865.6211028,0.0,-3.0,-36.0
1776886865.6311028,0.0,0.0,-38.0
1776886865.6411028,-1.0,2.0,-43.0
1776886865.6511028,3.0,0.0,-41.0
1776886865.6611028,6.0,0.0,-36.0
1776886865.6711028,1.0,-2.0,-34.0
1776886865.6811028,1.0,-3.0,-35.0
1776886865.6911027,3.0,-3.0,-35.0
1776886865.7011027,5.0,-7.0,-34.0
1776886865.7111027,2.0,-3.0,-45.0
1776886865.7211027,4.0,-1.0,-36.0
1776886865.7311027,2.0,-5.0,-31.0
1776886865.7411027,6.0,-7.0,-33.0
1776886865.7511027,6.0,-5.0,-35.0
1776886865.761103,1.0,-8.0,-43.0
1776886865.771103,0.0,-5.0,-40.0
1776886865.781103,2.0,0.0,-38.0
1776886865.7911026,7.0,0.0,-35.0
1776886865.8011026,6.0,0.0,-30.0
1776886865.8111026,4.0,1.0,-37.0
1776886865.8211029,3.0,1.0,-43.0
1776886865.8311028,5.0,1.0,-44.0
1776886865.8411028,0.0,3.0,-41.0
1776886865.8511028,0.0,10.0,-40.0
1776886865.8611028,-3.0,9.0,-43.0
1776886865.8711028,0.0,8.0,-42.0
1776886865.8811028,-2.0,5.0,-45.0
1776886865.8911028,-3.0,5.0,-54.0
1776886865.9011028,-5.0,4.0,-46.0
1776886865.9111028,-1.0,1.0,-49.0
1776886865.9211028,-2.0,2.0,-49.0
1776886865.9311028,0.0,0.0,-46.0
1776886865.9411027,1.0,-4.0,-49.0
1776886865.9511027,-1.0,-6.0,-44.0
1776886865.9611027,-3.0,0.0,-40.0
1776886865.9711027,-1.0,0.0,-40.0
1776886865.9811027,-4.0,-1.0,-40.0
1776886865.9911027,3.0,0.0,-43.0
1776886866.0011027,3.0,0.0,-44.0
1776886866.011103,2.0,2.0,-42.0
1776886866.021103,1.0,2.0,-36.0
1776886866.031103,0.0,2.0,-33.0
1776886866.0411026,1.0,1.0,-36.0
1776886866.0511026,3.0,1.0,-42.0
1776886866.0611026,1.0,0.0,-45.0
1776886866.0711029,1.0,1.0,-40.0
1776886866.0811028,-1.0,0.0,-40.0
1776886866.0911028,0.0,1.0,-40.0
1776886866.1011028,0.0,2.0,-42.0
1776886866.1111028,3.0,-1.0,-40.0
1776886866.1211028,4.0,2.0,-41.0
1776886866.1311028,3.0,-1.0,-49.0
1776886866.1411028,3.0,-1.0,-54.0
1776886866.1511028,-1.0,0.0,-50.0
1776886866.1611028,-4.0,4.0,-47.0
1776886866.1711028,-1.0,2.0,-48.0
1776886866.1811028,-2.0,2.0,-52.0
1776886866.192103,-3.0,2.0,-45.0
1776886866.2011027,0.0,3.0,-43.0
1776886866.2111027,-3.0,3.0,-49.0
1776886866.2211027,0.0,4.0,-48.0
1776886866.2311027,1.0,2.0,-47.0
1776886866.2411027,3.0,-1.0,-46.0
1776886866.2521029,5.0,1.0,-45.0
1776886866.261103,1.0,3.0,-51.0
1776886866.2721028,2.0,3.0,-50.0
1776886866.2821028,5.0,3.0,-51.0
1776886866.2921028,7.0,4.0,-48.0
1776886866.3021028,6.0,0.0,-44.0
1776886866.3121028,4.0,0.0,-43.0
1776886866.3221028,3.0,2.0,-47.0
1776886866.3321028,4.0,2.0,-44.0
1776886866.3421028,3.0,3.0,-38.0
1776886866.3521028,5.0,4.0,-34.0
1776886866.3621027,0.0,5.0,-35.0
1776886866.3721027,-1.0,1.0,-37.0
1776886866.3821027,1.0,0.0,-32.0
1776886866.3921027,0.0,0.0,-38.0
1776886866.4021027,0.0,3.0,-41.0
1776886866.4121027,-3.0,1.0,-46.0
1776886866.4221027,-5.0,0.0,-44.0
1776886866.432103,-3.0,3.0,-43.0
1776886866.442103,4.0,1.0,-41.0
1776886866.452103,5.0,1.0,-37.0
1776886866.462103,-4.0,3.0,-38.0
1776886866.4721026,-3.0,6.0,-45.0
1776886866.4821026,2.0,10.0,-43.0
1776886866.4921026,-3.0,8.0,-40.0
1776886866.5021029,0.0,7.0,-44.0
1776886866.5121028,1.0,2.0,-38.0
1776886866.5221028,4.0,3.0,-37.0
1776886866.5321028,0.0,6.0,-32.0
1776886866.5421028,1.0,8.0,-36.0
1776886866.5521028,-1.0,7.0,-31.0
1776886866.5621028,-4.0,5.0,-33.0
1776886866.5721028,-3.0,2.0,-39.0
1776886866.5821028,-6.0,1.0,-36.0
1776886866.5921028,-8.0,-3.0,-38.0
1776886866.6021028,-7.0,-2.0,-41.0
1776886866.6121027,-8.0,-2.0,-31.0
1776886866.6221027,-3.0,0.0,-30.0
1776886866.6321027,2.0,2.0,-29.0
1776886866.6421027,4.0,4.0,-29.0
1776886866.6521027,5.0,3.0,-34.0
1776886866.6621027,4.0,4.0,-38.0
1776886866.6721027,0.0,2.0,-35.0
1776886866.682103,-4.0,2.0,-30.0
1776886866.692103,-5.0,1.0,-28.0
1776886866.702103,-5.0,0.0,-26.0
1776886866.712103,0.0,1.0,-34.0
1776886866.7221026,-1.0,-2.0,-43.0
1776886866.7321026,1.0,-5.0,-48.0
1776886866.7421026,0.0,-11.0,-42.0
1776886866.7521029,1.0,-7.0,-45.0
1776886866.7621028,2.0,-3.0,-47.0
1776886866.7721028,-1.0,-1.0,-50.0
1776886866.7821028,-4.0,1.0,-47.0
1776886866.7921028,-7.0,5.0,-44.0
1776886866.8021028,-9.0,2.0,-37.0
1776886866.8121028,-7.0,4.0,-38.0
1776886866.8221028,-1.0,1.0,-41.0
1776886866.8321028,-3.0,2.0,-47.0
1776886866.8421028,-6.0,7.0,-44.0
1776886866.8521028,-7.0,5.0,-40.0
1776886866.8621027,-5.0,5.0,-42.0
1776886866.8721027,-1.0,0.0,-42.0
1776886866.8821027,1.0,1.0,-38.0
1776886866.8921027,0.0,-1.0,-34.0
1776886866.9021027,0.0,-2.0,-31.0
1776886866.9121027,1.0,-5.0,-25.0
1776886866.9221027,5.0,-4.0,-32.0
1776886866.932103,5.0,-4.0,-35.0
1776886866.942103,5.0,-5.0,-36.0
1776886866.952103,3.0,-2.0,-36.0
1776886866.962103,6.0,0.0,-37.0
1776886866.9721026,7.0,-1.0,-35.0
1776886866.9821026,4.0,0.0,-39.0
1776886866.9921026,1.0,0.0,-33.0
1776886867.0021029,2.0,0.0,-29.0
1776886867.0121028,6.0,1.0,-27.0
1776886867.0221028,5.0,2.0,-27.0
1776886867.0321028,2.0,1.0,-29.0
1776886867.0421028,0.0,-3.0,-30.0
1776886867.0521028,0.0,-1.0,-28.0
1776886867.0621028,1.0,-1.0,-36.0
1776886867.0721028,4.0,-4.0,-39.0
1776886867.0821028,0.0,-4.0,-39.0
1776886867.0921028,-2.0,-2.0,-38.0
1776886867.1021028,-2.0,-1.0,-41.0
1776886867.1121027,-1.0,-4.0,-36.0
1776886867.1221027,0.0,-1.0,-30.0
1776886867.1321027,-3.0,0.0,-27.0
1776886867.1421027,-2.0,2.0,-28.0
1776886867.1521027,3.0,0.0,-33.0
1776886867.1621027,9.0,3.0,-27.0
1776886867.1721027,6.0,3.0,-25.0
1776886867.182103,3.0,2.0,-33.0
1776886867.192103,0.0,5.0,-40.0
1776886867.202103,-3.0,6.0,-42.0
1776886867.212103,-3.0,2.0,-37.0
1776886867.2221026,-4.0,4.0,-36.0
1776886867.2321026,-2.0,1.0,-34.0
1776886867.2421026,-7.0,0.0,-32.0
1776886867.2521029,-6.0,-5.0,-36.0
1776886867.2621028,-3.0,-7.0,-36.0
1776886867.2721028,-6.0,-2.0,-39.0
1776886867.2821028,-4.0,1.0,-38.0
1776886867.2921028,-3.0,-1.0,-41.0
1776886867.3021028,-5.0,0.0,-45.0
1776886867.3121028,-1.0,-1.0,-44.0
1776886867.3221028,0.0,-3.0,-43.0
1776886867.3321028,0.0,-1.0,-37.0
1776886867.3421028,0.0,-2.0,-38.0
1776886867.3521028,1.0,0.0,-40.0
1776886867.3621027,0.0,1.0,-40.0
1776886867.3721027,4.0,1.0,-44.0
1776886867.3821027,3.0,9.0,-40.0
1776886867.3921027,1.0,7.0,-39.0
1776886867.4021027,-1.0,8.0,-41.0
1776886867.4121027,-4.0,4.0,-38.0
1776886867.4221027,-2.0,0.0,-37.0
1776886867.432103,-1.0,3.0,-45.0
1776886867.442103,0.0,5.0,-46.0
1776886867.452103,1.0,1.0,-39.0
1776886867.462103,7.0,-1.0,-34.0
1776886867.4721026,1.0,-2.0,-35.0
1776886867.4821026,3.0,-2.0,-38.0
1776886867.4921026,1.0,-6.0,-42.0
1776886867.5021029,3.0,-12.0,-45.0
1776886867.5121028,2.0,-13.0,-48.0
1776886867.5221028,4.0,-10.0,-41.0
1776886867.5321028,1.0,-12.0,-37.0
1776886867.5421028,1.0,-7.0,-34.0
1776886867.5521028,3.0,-5.0,-37.0
1776886867.5621028,4.0,-2.0,-43.0
1776886867.5721028,3.0,-4.0,-49.0
1776886867.5821028,4.0,-6.0,-48.0
1776886867.5921028,4.0,-1.0,-47.0
1776886867.6021028,3.0,0.0,-44.0
1776886867.6121027,1.0,3.0,-37.0
1776886867.6221027,0.0,1.0,-31.0
1776886867.6321027,0.0,0.0,-20.0
1776886867.6421027,2.0,-1.0,-16.0
1776886867.6521027,8.0,1.0,-23.0
1776886867.6621027,9.0,1.0,-29.0
1776886867.6721027,4.0,-1.0,-29.0
1776886867.682103,6.0,-4.0,-31.0
1776886867.692103,3.0,-7.0,-31.0
1776886867.702103,1.0,-6.0,-33.0
1776886867.712103,0.0,-4.0,-39.0
1776886867.7221026,-1.0,0.0,-33.0
1776886867.7321026,0.0,0.0,-43.0
1776886867.7421026,-2.0,1.0,-44.0
1776886867.7521029,-2.0,2.0,-37.0
1776886867.7621028,-4.0,2.0,-36.0
1776886867.7721028,-5.0,3.0,-42.0
1776886867.7821028,-6.0,5.0,-45.0
1776886867.7921028,-2.0,1.0,-43.0
1776886867.8021028,-2.0,0.0,-47.0
1776886867.8121028,0.0,0.0,-50.0
1776886867.8221028,0.0,1.0,-51.0
1776886867.8321028,1.0,3.0,-46.0
1776886867.8421028,1.0,0.0,-40.0
1776886867.8521028,0.0,-1.0,-36.0
1776886867.8621027,0.0,0.0,-42.0
1776886867.8721027,0.0,-2.0,-37.0
1776886867.8821027,0.0,-1.0,-31.0
1776886867.8921027,0.0,-1.0,-29.0
1776886867.9021027,-2.0,-2.0,-30.0
1776886867.9121027,-2.0,-4.0,-26.0
1776886867.9221027,1.0,-3.0,-29.0
1776886867.932103,1.0,-2.0,-34.0
1776886867.942103,1.0,2.0,-35.0
1776886867.952103,0.0,2.0,-37.0
1776886867.962103,-2.0,-1.0,-38.0
1776886867.9721026,0.0,0.0,-39.0
1776886867.9821026,-3.0,2.0,-35.0
1776886867.9921026,-1.0,0.0,-33.0
1776886868.0021029,0.0,0.0,-28.0
1776886868.0121028,0.0,4.0,-29.0
1776886868.0221028,0.0,7.0,-34.0
1776886868.0321028,-3.0,7.0,-40.0
1776886868.0421028,0.0,10.0,-39.0
1776886868.0521028,0.0,8.0,-37.0
1776886868.0621028,0.0,4.0,-42.0
1776886868.0721028,1.0,0.0,-41.0
1776886868.0821028,1.0,5.0,-45.0
1776886868.0921028,3.0,7.0,-44.0
1776886868.1021028,2.0,3.0,-37.0
1776886868.1121027,2.0,2.0,-38.0
1776886868.1221027,-1.0,4.0,-31.0
1776886868.1321027,0.0,6.0,-34.0
1776886868.1421027,-1.0,6.0,-34.0
1776886868.1521027,2.0,6.0,-37.0
1776886868.1621027,2.0,7.0,-40.0
1776886868.1721027,1.0,7.0,-36.0
1776886868.182103,4.0,2.0,-44.0
1776886868.192103,2.0,0.0,-40.0
1776886868.202103,-1.0,2.0,-35.0
1776886868.212103,0.0,3.0,-35.0
1776886868.2221026,-2.0,6.0,-37.0
1776886868.2321026,0.0,7.0,-38.0
1776886868.2421026,0.0,4.0,-36.0
1776886868.2531028,0.0,4.0,-37.0
1776886868.2631028,4.0,0.0,-45.0
1776886868.2721028,6.0,-4.0,-49.0
1776886868.2831028,9.0,0.0,-52.0
1776886868.2931027,12.0,0.0,-49.0
1776886868.3031027,13.0,0.0,-42.0
1776886868.3131027,7.0,1.0,-43.0
1776886868.3231027,5.0,0.0,-44.0
1776886868.3331027,6.0,2.0,-44.0
1776886868.3431027,1.0,5.0,-44.0
1776886868.3531027,1.0,8.0,-39.0
1776886868.363103,0.0,4.0,-39.0
1776886868.373103,0.0,3.0,-38.0
1776886868.383103,-2.0,2.0,-45.0
1776886868.3931026,0.0,3.0,-44.0
1776886868.4031026,0.0,2.0,-43.0
1776886868.4131026,-2.0,2.0,-44.0
1776886868.4231029,0.0,1.0,-43.0
1776886868.4331028,3.0,2.0,-43.0
1776886868.4431028,0.0,0.0,-46.0
1776886868.4531028,1.0,0.0,-41.0
1776886868.4631028,3.0,-2.0,-39.0
1776886868.4731028,1.0,0.0,-38.0
1776886868.4831028,0.0,-2.0,-48.0
1776886868.4931028,0.0,-1.0,-49.0
1776886868.5031028,5.0,0.0,-44.0
1776886868.5131028,4.0,2.0,-41.0
1776886868.5231028,7.0,1.0,-39.0
1776886868.5331028,11.0,5.0,-41.0
1776886868.5431027,7.0,4.0,-38.0
1776886868.5531027,8.0,4.0,-39.0
1776886868.5631027,11.0,3.0,-32.0
1776886868.5731027,8.0,2.0,-26.0
1776886868.5831027,10.0,0.0,-29.0
1776886868.5931027,6.0,0.0,-34.0
1776886868.6031027,0.0,-1.0,-46.0
1776886868.613103,-3.0,-2.0,-44.0
1776886868.623103,-4.0,-4.0,-45.0
1776886868.633103,-2.0,-6.0,-43.0
1776886868.6431026,0.0,-5.0,-46.0
1776886868.6531026,0.0,-7.0,-45.0
1776886868.6631026,0.0,-9.0,-47.0
1776886868.6731029,0.0,-9.0,-37.0
1776886868.6831028,1.0,-10.0,-30.0
1776886868.6931028,4.0,-8.0,-35.0
1776886868.7031028,3.0,-6.0,-33.0
1776886868.7131028,-2.0,-8.0,-37.0
1776886868.7241027,2.0,-4.0,-31.0
1776886868.7331028,1.0,-9.0,-24.0
1776886868.7431028,2.0,-11.0,-24.0
1776886868.7531028,2.0,-8.0,-29.0
1776886868.7631028,-3.0,-4.0,-32.0
1776886868.7731028,1.0,0.0,-32.0
1776886868.7831028,0.0,-2.0,-38.0
1776886868.7931027,-2.0,-4.0,-42.0
1776886868.8031027,-1.0,3.0,-46.0
1776886868.8131027,-1.0,2.0,-46.0
1776886868.8231027,0.0,0.0,-38.0
1776886868.8331027,0.0,-1.0,-42.0
1776886868.8431027,-1.0,-5.0,-44.0
1776886868.8531027,-5.0,-2.0,-41.0
1776886868.863103,-5.0,-1.0,-37.0
1776886868.873103,0.0,0.0,-32.0
1776886868.883103,0.0,-1.0,-33.0
1776886868.8931026,-1.0,-1.0,-31.0
1776886868.9031026,0.0,-2.0,-32.0
1776886868.9131026,2.0,-3.0,-31.0
1776886868.9231029,4.0,-5.0,-23.0
1776886868.9331028,0.0,-3.0,-34.0
1776886868.9431028,-1.0,-1.0,-40.0
1776886868.9531028,-1.0,-2.0,-45.0
1776886868.9631028,-4.0,-3.0,-45.0
1776886868.9731028,-4.0,-4.0,-46.0
1776886868.9831028,-2.0,0.0,-43.0
1776886868.9931028,-4.0,0.0,-37.0
1776886869.0031028,-8.0,-1.0,-38.0
1776886869.0131028,-7.0,-6.0,-47.0
1776886869.0231028,-3.0,0.0,-43.0
1776886869.0331028,-4.0,0.0,-42.0
1776886869.0431027,-3.0,-3.0,-35.0
1776886869.0531027,-2.0,-3.0,-33.0
1776886869.0631027,0.0,-5.0,-40.0
1776886869.0731027,-1.0,-8.0,-43.0
1776886869.0831027,-1.0,-10.0,-44.0
1776886869.0931027,0.0,-4.0,-46.0
1776886869.1031027,-1.0,-4.0,-41.0
1776886869.113103,-1.0,-4.0,-38.0
1776886869.123103,2.0,-2.0,-33.0
1776886869.133103,0.0,-2.0,-35.0
1776886869.1431026,1.0,2.0,-41.0
1776886869.1531026,1.0,4.0,-51.0
1776886869.1631026,-2.0,3.0,-47.0
1776886869.1731029,-2.0,2.0,-42.0
1776886869.1831028,-2.0,-1.0,-43.0
1776886869.1931028,0.0,0.0,-40.0
1776886869.2031028,0.0,0.0,-41.0
1776886869.2131028,-3.0,0.0,-37.0
1776886869.2231028,0.0,0.0,-32.0
1776886869.2331028,-3.0,0.0,-38.0
1776886869.2431028,2.0,0.0,-42.0
1776886869.2531028,0.0,-1.0,-43.0
1776886869.2631028,0.0,-1.0,-33.0
1776886869.2731028,0.0,-2.0,-32.0
1776886869.2831028,0.0,-5.0,-34.0
1776886869.2931027,-7.0,-3.0,-38.0
1776886869.3031027,-11.0,-4.0,-39.0
1776886869.3131027,-7.0,-2.0,-52.0
1776886869.3231027,-7.0,-1.0,-53.0
1776886869.3331027,-7.0,-2.0,-52.0
1776886869.3431027,-5.0,-3.0,-46.0
1776886869.3531027,0.0,0.0,-46.0
1776886869.363103,-2.0,1.0,-51.0
1776886869.373103,0.0,0.0,-43.0
1776886869.383103,0.0,-2.0,-47.0
1776886869.3931026,0.0,-3.0,-43.0
1776886869.4031026,1.0,-1.0,-43.0
1776886869.4131026,3.0,-6.0,-42.0
1776886869.4231029,3.0,-5.0,-37.0
1776886869.4331028,2.0,-5.0,-32.0
1776886869.4431028,0.0,-7.0,-34.0
1776886869.4531028,-4.0,-7.0,-34.0
1776886869.4631028,-3.0,-7.0,-33.0
1776886869.4731028,-1.0,-2.0,-38.0
1776886869.4831028,4.0,0.0,-39.0
1776886869.4931028,1.0,0.0,-39.0
1776886869.5031028,0.0,1.0,-39.0
1776886869.5131028,0.0,2.0,-41.0
1776886869.5231028,0.0,0.0,-42.0
1776886869.5331028,-1.0,-2.0,-42.0
1776886869.5431027,-3.0,-2.0,-34.0
1776886869.5531027,-3.0,0.0,-33.0
1776886869.5631027,0.0,-1.0,-34.0
1776886869.5731027,1.0,1.0,-37.0
1776886869.5831027,0.0,3.0,-31.0
1776886869.5931027,0.0,1.0,-27.0
1776886869.6031027,1.0,0.0,-26.0
1776886869.613103,6.0,0.0,-21.0
1776886869.623103,7.0,0.0,-28.0
1776886869.633103,7.0,1.0,-34.0
1776886869.6431026,4.0,5.0,-34.0
1776886869.6531026,3.0,4.0,-37.0
1776886869.6631026,2.0,0.0,-35.0
1776886869.6731029,0.0,-4.0,-37.0
1776886869.6831028,-2.0,0.0,-44.0
1776886869.6931028,0.0,-1.0,-48.0
1776886869.7031028,0.0,-2.0,-45.0
1776886869.7131028,0.0,-2.0,-44.0
1776886869.7231028,1.0,-6.0,-41.0
1776886869.7331028,3.0,-4.0,-40.0
1776886869.7431028,8.0,-2.0,-34.0
1776886869.7531028,7.0,-3.0,-25.0
1776886869.7631028,7.0,-4.0,-26.0
1776886869.7731028,6.0,-1.0,-32.0
1776886869.7831028,2.0,-1.0,-29.0
1776886869.7931027,1.0,0.0,-27.0
1776886869.8031027,2.0,-5.0,-31.0
1776886869.8131027,1.0,-1.0,-34.0
1776886869.8231027,-5.0,0.0,-33.0
1776886869.8331027,-6.0,-1.0,-31.0
1776886869.8431027,-6.0,-2.0,-31.0
1776886869.8531027,-7.0,-3.0,-26.0
1776886869.863103,-10.0,-4.0,-31.0
1776886869.873103,-7.0,-4.0,-35.0
1776886869.883103,-1.0,-3.0,-44.0
1776886869.8931026,-3.0,4.0,-46.0
1776886869.9031026,1.0,9.0,-44.0
1776886869.9131026,2.0,6.0,-43.0
1776886869.9231029,-1.0,6.0,-48.0
1776886869.9331028,-3.0,9.0,-44.0
1776886869.9431028,-3.0,4.0,-41.0
1776886869.9531028,1.0,3.0,-41.0
1776886869.9631028,4.0,6.0,-39.0
1776886869.9731028,3.0,9.0,-34.0
1776886869.9831028,0.0,4.0,-38.0
1776886869.9931028,0.0,3.0,-40.0
1776886870.0031028,1.0,1.0,-41.0
1776886870.0131028,-1.0,1.0,-45.0
1776886870.0231028,2.0,1.0,-41.0
1776886870.0331028,3.0,-2.0,-38.0
1776886870.0431027,1.0,-4.0,-43.0
1776886870.0531027,0.0,-4.0,-38.0
1776886870.0631027,-2.0,0.0,-37.0
1776886870.0731027,-4.0,-1.0,-31.0
1776886870.0831027,-4.0,-2.0,-31.0
1776886870.0931027,-7.0,0.0,-36.0
1776886870.1031027,-6.0,-4.0,-38.0
1776886870.113103,-6.0,-4.0,-34.0
1776886870.123103,-1.0,-4.0,-38.0
1776886870.133103,0.0,-4.0,-34.0
1776886870.1431026,-1.0,-3.0,-36.0
1776886870.1531026,-3.0,-4.0,-33.0
1776886870.1631026,1.0,1.0,-37.0
1776886870.1731029,4.0,2.0,-39.0
1776886870.1831028,1.0,4.0,-38.0
1776886870.1931028,0.0,6.0,-36.0
1776886870.2031028,1.0,7.0,-45.0
1776886870.2141027,0.0,4.0,-35.0
1776886870.2231028,1.0,0.0,-33.0
1776886870.2341027,0.0,2.0,-33.0
1776886870.2441027,-1.0,3.0,-31.0
1776886870.2541027,-2.0,3.0,-39.0
1776886870.2641027,0.0,2.0,-40.0
1776886870.2741027,-1.0,2.0,-43.0
1776886870.284103,0.0,0.0,-41.0
1776886870.294103,0.0,0.0,-42.0
1776886870.304103,0.0,-3.0,-45.0
1776886870.3141026,0.0,-2.0,-46.0
1776886870.3241026,1.0,-2.0,-43.0
1776886870.3341026,0.0,-1.0,-43.0
1776886870.3441026,-1.0,-1.0,-43.0
1776886870.3541028,1.0,-5.0,-42.0
1776886870.3641028,-1.0,-2.0,-38.0
1776886870.3741028,0.0,0.0,-41.0
1776886870.3841028,-2.0,0.0,-44.0
1776886870.3941028,3.0,3.0,-44.0
1776886870.4041028,4.0,5.0,-47.0
1776886870.4141028,0.0,1.0,-49.0
1776886870.4241028,1.0,0.0,-47.0
1776886870.4341028,2.0,2.0,-38.0
1776886870.4441028,0.0,2.0,-37.0
1776886870.4541028,-1.0,-2.0,-36.0
1776886870.4641027,0.0,-7.0,-40.0
1776886870.4741027,2.0,0.0,-41.0
1776886870.4841027,1.0,0.0,-37.0
1776886870.4941027,0.0,0.0,-37.0
1776886870.5041027,1.0,0.0,-39.0
1776886870.5141027,9.0,-7.0,-36.0
1776886870.5241027,11.0,-6.0,-42.0
1776886870.534103,12.0,-2.0,-40.0
1776886870.544103,12.0,-1.0,-44.0
1776886870.554103,4.0,0.0,-45.0
1776886870.5641026,3.0,2.0,-40.0
1776886870.5741026,0.0,2.0,-37.0
1776886870.5841026,0.0,1.0,-38.0
1776886870.5941026,-3.0,1.0,-36.0
1776886870.6041028,-6.0,0.0,-34.0
1776886870.6141028,-3.0,0.0,-36.0
1776886870.6241028,0.0,0.0,-39.0
1776886870.6341028,-3.0,2.0,-36.0
1776886870.6441028,-1.0,-1.0,-34.0
1776886870.6541028,-5.0,-2.0,-34.0
1776886870.6641028,-1.0,-2.0,-28.0
1776886870.6741028,0.0,0.0,-30.0
1776886870.6841028,-2.0,0.0,-28.0
1776886870.6941028,-2.0,1.0,-27.0
1776886870.7041028,-9.0,-3.0,-31.0
1776886870.7141027,-9.0,-2.0,-29.0
1776886870.7241027,-7.0,1.0,-26.0
1776886870.7341027,-4.0,1.0,-25.0
1776886870.7441027,-5.0,1.0,-24.0
1776886870.7541027,-3.0,1.0,-30.0
1776886870.7641027,0.0,3.0,-39.0
1776886870.7741027,6.0,4.0,-42.0
1776886870.784103,8.0,3.0,-43.0
1776886870.794103,8.0,-1.0,-42.0
1776886870.804103,4.0,-3.0,-37.0
1776886870.8141026,2.0,0.0,-43.0
1776886870.8241026,0.0,1.0,-45.0
1776886870.8341026,-4.0,2.0,-45.0
1776886870.8441026,-4.0,0.0,-42.0
1776886870.8541028,-2.0,0.0,-40.0
1776886870.8641028,-2.0,0.0,-34.0
1776886870.8741028,-4.0,1.0,-33.0
1776886870.8841028,-1.0,2.0,-36.0
1776886870.8941028,1.0,0.0,-34.0
1776886870.9041028,-3.0,-2.0,-35.0
1776886870.9141028,-2.0,-1.0,-38.0
1776886870.9241028,-1.0,-4.0,-35.0
1776886870.9341028,0.0,0.0,-30.0
1776886870.9441028,2.0,-2.0,-37.0
1776886870.9541028,2.0,-5.0,-39.0
1776886870.9641027,3.0,-6.0,-44.0
1776886870.9741027,3.0,-3.0,-45.0
1776886870.9841027,3.0,-3.0,-45.0
1776886870.9941027,6.0,-4.0,-39.0
1776886871.0041027,2.0,-2.0,-39.0
1776886871.0141027,3.0,0.0,-35.0
1776886871.0241027,0.0,2.0,-35.0
1776886871.034103,-3.0,2.0,-38.0
1776886871.044103,0.0,1.0,-39.0
1776886871.054103,0.0,1.0,-41.0
1776886871.0641026,2.0,0.0,-45.0
1776886871.0741026,0.0,2.0,-41.0
1776886871.0841026,0.0,0.0,-37.0
1776886871.0941026,0.0,-1.0,-42.0
1776886871.1041028,1.0,-2.0,-47.0
1776886871.1141028,1.0,-5.0,-43.0
1776886871.1241028,0.0,-3.0,-38.0
1776886871.1341028,-1.0,-1.0,-33.0
1776886871.1441028,-2.0,-2.0,-24.0
1776886871.1541028,-3.0,-4.0,-24.0
1776886871.1641028,-4.0,-3.0,-24.0
1776886871.1741028,-1.0,0.0,-28.0
1776886871.1841028,-1.0,-3.0,-35.0
1776886871.1941028,-11.0,-2.0,-38.0
1776886871.2041028,-9.0,-3.0,-35.0
1776886871.2141027,-7.0,-2.0,-36.0
1776886871.2241027,-3.0,-2.0,-37.0
1776886871.2341027,0.0,-5.0,-44.0
1776886871.2441027,2.0,-2.0,-48.0
1776886871.2541027,3.0,-2.0,-49.0
1776886871.2641027,2.0,-3.0,-48.0
1776886871.2741027,3.0,-4.0,-46.0
1776886871.284103,0.0,-1.0,-45.0
1776886871.294103,0.0,0.0,-42.0
1776886871.304103,-2.0,0.0,-43.0
1776886871.3141026,-5.0,0.0,-41.0
1776886871.3241026,-5.0,1.0,-37.0
1776886871.3341026,-8.0,0.0,-32.0
1776886871.3441026,-6.0,-2.0,-33.0
1776886871.3541028,1.0,-1.0,-33.0
1776886871.3641028,2.0,-3.0,-38.0
1776886871.3741028,3.0,-1.0,-39.0
1776886871.3841028,6.0,-2.0,-40.0
1776886871.3941028,4.0,1.0,-41.0
1776886871.4041028,-1.0,0.0,-43.0
1776886871.4141028,-3.0,-1.0,-43.0
1776886871.4241028,-3.0,-2.0,-45.0
1776886871.4341028,-4.0,0.0,-43.0
1776886871.4441028,-3.0,-3.0,-45.0
1776886871.4541028,0.0,-6.0,-40.0
1776886871.4641027,2.0,-4.0,-32.0
1776886871.4741027,6.0,2.0,-34.0
1776886871.4841027,5.0,0.0,-36.0
1776886871.4941027,6.0,2.0,-32.0
1776886871.5041027,5.0,2.0,-36.0
1776886871.5141027,4.0,2.0,-40.0
1776886871.5241027,5.0,0.0,-35.0
1776886871.534103,4.0,0.0,-35.0
1776886871.544103,4.0,-1.0,-41.0
1776886871.554103,4.0,-1.0,-39.0
1776886871.5641026,1.0,0.0,-42.0
1776886871.5741026,0.0,1.0,-40.0
1776886871.5841026,2.0,2.0,-42.0
1776886871.5941026,1.0,0.0,-43.0
1776886871.6041028,-2.0,1.0,-43.0
1776886871.6141028,-6.0,3.0,-45.0
1776886871.6241028,-7.0,2.0,-46.0
1776886871.6341028,-5.0,2.0,-44.0
1776886871.6441028,-3.0,1.0,-40.0
1776886871.6541028,-5.0,1.0,-36.0
1776886871.6641028,0.0,0.0,-31.0
1776886871.6741028,0.0,0.0,-29.0
1776886871.6841028,1.0,0.0,-29.0
1776886871.6941028,0.0,2.0,-25.0
1776886871.7041028,0.0,5.0,-28.0
1776886871.7141027,0.0,1.0,-26.0
1776886871.7241027,3.0,-1.0,-21.0
1776886871.7341027,3.0,-2.0,-23.0
1776886871.7441027,4.0,-3.0,-28.0
1776886871.7541027,8.0,-1.0,-31.0
1776886871.7641027,3.0,0.0,-32.0
1776886871.7741027,4.0,-1.0,-30.0
1776886871.784103,4.0,-4.0,-30.0
1776886871.794103,4.0,-5.0,-32.0
1776886871.804103,0.0,-3.0,-37.0
1776886871.8141026,-1.0,0.0,-39.0
1776886871.8241026,6.0,-1.0,-38.0
1776886871.8341026,9.0,-4.0,-40.0
1776886871.8441026,9.0,-4.0,-39.0
1776886871.8541028,7.0,-2.0,-39.0
1776886871.8641028,4.0,-1.0,-40.0
1776886871.8741028,0.0,-2.0,-39.0
1776886871.8841028,0.0,-4.0,-36.0
1776886871.8941028,3.0,-7.0,-32.0
1776886871.9041028,4.0,-4.0,-31.0
1776886871.9141028,7.0,-2.0,-27.0
1776886871.9241028,6.0,-2.0,-30.0
1776886871.9341028,4.0,-4.0,-29.0
1776886871.9441028,1.0,-8.0,-24.0
1776886871.9541028,1.0,-7.0,-24.0
1776886871.9641027,2.0,-5.0,-34.0
1776886871.9741027,6.0,-5.0,-40.0
1776886871.9841027,3.0,-8.0,-39.0
1776886871.9941027,0.0,-11.0,-36.0
1776886872.0041027,1.0,-10.0,-37.0
1776886872.0141027,4.0,-10.0,-30.0
1776886872.0241027,7.0,-7.0,-29.0
1776886872.0351028,1.0,-6.0,-31.0
1776886872.044103,2.0,-2.0,-36.0
1776886872.054103,0.0,-1.0,-36.0
1776886872.0641026,-3.0,0.0,-35.0
1776886872.0741026,-4.0,2.0,-33.0
1776886872.0841026,-1.0,3.0,-41.0
1776886872.0941026,-1.0,0.0,-43.0
1776886872.1041028,4.0,-3.0,-47.0
1776886872.1141028,3.0,-1.0,-40.0
1776886872.1241028,1.0,-3.0,-40.0
1776886872.1341028,1.0,0.0,-43.0
1776886872.1441028,-2.0,-4.0,-45.0
1776886872.1541028,0.0,-6.0,-43.0
1776886872.1641028,3.0,-4.0,-44.0
1776886872.1741028,2.0,-1.0,-41.0
1776886872.1841028,-2.0,2.0,-32.0
1776886872.1941028,-1.0,0.0,-29.0
1776886872.2041028,0.0,2.0,-34.0
1776886872.2141027,0.0,2.0,-35.0
1776886872.2241027,8.0,1.0,-37.0
1776886872.235103,5.0,3.0,-42.0
1776886872.2451026,3.0,6.0,-41.0
1776886872.2551026,5.0,1.0,-33.0
1776886872.2651026,8.0,-1.0,-33.0
1776886872.2751029,7.0,-3.0,-26.0
1776886872.2851028,0.0,0.0,-31.0
1776886872.2951028,0.0,-1.0,-37.0
1776886872.3051028,-3.0,-2.0,-43.0
1776886872.3151028,-1.0,0.0,-39.0
1776886872.3251028,1.0,-2.0,-36.0
1776886872.3351028,-1.0,-6.0,-34.0
1776886872.3451028,-1.0,-3.0,-37.0
1776886872.3551028,1.0,0.0,-37.0
1776886872.3651028,-2.0,1.0,-33.0
1776886872.3751028,1.0,4.0,-31.0
1776886872.3851027,5.0,9.0,-30.0
1776886872.3951027,6.0,12.0,-31.0
1776886872.4051027,5.0,13.0,-32.0
1776886872.4151027,4.0,10.0,-34.0
1776886872.4251027,1.0,9.0,-36.0
1776886872.4351027,0.0,10.0,-32.0
1776886872.4451027,-7.0,6.0,-38.0
1776886872.4551027,-3.0,5.0,-35.0
1776886872.465103,-2.0,2.0,-30.0
1776886872.475103,-3.0,1.0,-26.0
1776886872.485103,-2.0,0.0,-28.0
1776886872.4951026,-1.0,0.0,-29.0
1776886872.5051026,-4.0,1.0,-32.0
1776886872.5151026,0.0,0.0,-33.0
1776886872.5251029,0.0,-1.0,-35.0
1776886872.5351028,4.0,-2.0,-41.0
1776886872.5451028,7.0,2.0,-42.0
1776886872.5551028,6.0,2.0,-47.0
1776886872.5651028,5.0,0.0,-48.0
1776886872.5751028,5.0,0.0,-45.0
1776886872.5851028,8.0,-2.0,-43.0
1776886872.5951028,1.0,-4.0,-44.0
1776886872.6051028,-1.0,-8.0,-37.0
1776886872.6151028,-2.0,-11.0,-35.0
1776886872.6251028,-3.0,-10.0,-35.0
1776886872.6351027,-9.0,-11.0,-41.0
1776886872.6451027,-5.0,-11.0,-34.0
1776886872.6551027,-4.0,-7.0,-35.0
1776886872.6651027,-1.0,-6.0,-34.0
1776886872.6751027,1.0,-3.0,-32.0
1776886872.6851027,4.0,-4.0,-23.0
1776886872.6951027,-1.0,-1.0,-19.0
1776886872.7051027,-4.0,-1.0,-20.0
1776886872.715103,-3.0,-2.0,-19.0
1776886872.725103,-2.0,0.0,-23.0
1776886872.735103,-5.0,-5.0,-24.0
1776886872.7451026,-4.0,-5.0,-22.0
1776886872.7551026,1.0,0.0,-27.0
1776886872.7651026,-2.0,1.0,-23.0
1776886872.7751029,-4.0,1.0,-24.0
1776886872.7851028,0.0,2.0,-21.0
1776886872.7951028,3.0,0.0,-26.0
1776886872.8051028,7.0,1.0,-27.0
1776886872.8151028,5.0,3.0,-36.0
1776886872.8251028,3.0,2.0,-39.0
1776886872.8351028,2.0,-1.0,-37.0
1776886872.8451028,-1.0,-2.0,-38.0
1776886872.8551028,2.0,-4.0,-36.0
1776886872.8651028,0.0,-3.0,-41.0
1776886872.8751028,3.0,-2.0,-39.0
1776886872.8851027,6.0,-1.0,-39.0
1776886872.8951027,7.0,-3.0,-32.0
1776886872.9051027,5.0,0.0,-35.0
1776886872.9151027,0.0,4.0,-41.0
1776886872.9251027,-1.0,0.0,-42.0
1776886872.9351027,0.0,-2.0,-38.0
1776886872.9451027,-1.0,-2.0,-30.0
1776886872.9551027,-2.0,-3.0,-37.0
1776886872.965103,-3.0,-6.0,-39.0
1776886872.975103,0.0,-1.0,-39.0
1776886872.985103,0.0,-2.0,-36.0
1776886872.9951026,1.0,0.0,-43.0
1776886873.0051026,3.0,0.0,-43.0
1776886873.0151026,1.0,-4.0,-38.0
1776886873.0251029,2.0,-3.0,-40.0
1776886873.0351028,0.0,-5.0,-41.0
1776886873.0451028,1.0,-1.0,-38.0
1776886873.0551028,1.0,-4.0,-40.0
1776886873.0651028,7.0,-4.0,-46.0
1776886873.0751028,5.0,-9.0,-49.0
1776886873.0851028,6.0,-9.0,-35.0
1776886873.0951028,8.0,-7.0,-34.0
1776886873.1051028,8.0,-6.0,-40.0
1776886873.1151028,6.0,-3.0,-35.0
1776886873.1251028,5.0,-3.0,-34.0
1776886873.1351027,4.0,-6.0,-36.0
1776886873.1451027,3.0,-9.0,-38.0
1776886873.1551027,10.0,-9.0,-39.0
1776886873.1651027,7.0,-8.0,-34.0
1776886873.1751027,4.0,-3.0,-36.0
1776886873.1851027,2.0,-3.0,-37.0
1776886873.1951027,0.0,-2.0,-42.0
1776886873.2051027,-1.0,0.0,-40.0
1776886873.215103,-1.0,-3.0,-38.0
1776886873.225103,-4.0,-3.0,-32.0
1776886873.235103,-1.0,-4.0,-36.0
1776886873.2451026,-4.0,-3.0,-37.0
1776886873.2551026,1.0,-2.0,-38.0
1776886873.2651026,2.0,-1.0,-45.0
1776886873.2751029,7.0,1.0,-41.0
1776886873.2851028,5.0,2.0,-43.0
1776886873.2951028,3.0,1.0,-41.0
1776886873.3051028,4.0,0.0,-41.0
1776886873.3151028,4.0,-4.0,-34.0
1776886873.3251028,1.0,-4.0,-38.0
1776886873.3351028,1.0,-1.0,-37.0
1776886873.3451028,4.0,0.0,-37.0
1776886873.3551028,2.0,-3.0,-37.0
1776886873.3651028,0.0,-3.0,-41.0
1776886873.3751028,-2.0,-3.0,-43.0
1776886873.3851027,-2.0,-4.0,-44.0
1776886873.3951027,0.0,-4.0,-37.0
1776886873.4051027,-2.0,-4.0,-29.0
1776886873.4151027,-1.0,-1.0,-28.0
1776886873.4251027,0.0,-3.0,-28.0
1776886873.4351027,-2.0,-1.0,-30.0
1776886873.4451027,-4.0,-3.0,-30.0
1776886873.4551027,-8.0,-3.0,-31.0
1776886873.465103,-3.0,-5.0,-21.0
1776886873.475103,-4.0,-6.0,-16.0
1776886873.485103,0.0,-2.0,-18.0
1776886873.4951026,-2.0,-1.0,-18.0
1776886873.5051026,2.0,-2.0,-22.0
1776886873.5151026,0.0,-4.0,-28.0
1776886873.5251029,3.0,-8.0,-32.0
1776886873.5351028,8.0,-6.0,-36.0
1776886873.5451028,8.0,-2.0,-36.0
1776886873.5551028,10.0,-1.0,-27.0
1776886873.5651028,5.0,-1.0,-30.0
1776886873.5751028,5.0,-3.0,-34.0
1776886873.5851028,-3.0,-7.0,-38.0
1776886873.5951028,-4.0,-6.0,-39.0
1776886873.6051028,-4.0,-6.0,-40.0
1776886873.6151028,-6.0,-6.0,-33.0
1776886873.6251028,-1.0,-3.0,-29.0
1776886873.6351027,-1.0,-6.0,-24.0
1776886873.6451027,1.0,-10.0,-24.0
1776886873.6551027,-2.0,-8.0,-18.0
1776886873.6651027,-4.0,-5.0,-21.0
1776886873.6751027,0.0,-4.0,-29.0
1776886873.6851027,4.0,-5.0,-31.0
1776886873.6951027,5.0,-8.0,-31.0
1776886873.7051027,7.0,-9.0,-34.0
1776886873.715103,5.0,-9.0,-33.0
1776886873.725103,2.0,-10.0,-41.0
1776886873.735103,-1.0,-6.0,-39.0
1776886873.7451026,-1.0,-4.0,-34.0
1776886873.7551026,-1.0,-4.0,-32.0
1776886873.7651026,0.0,-3.0,-30.0
1776886873.7751029,-2.0,-1.0,-42.0
1776886873.7851028,-4.0,-1.0,-41.0
1776886873.7951028,-1.0,0.0,-46.0
1776886873.8051028,-1.0,-1.0,-52.0
1776886873.8151028,-4.0,-2.0,-47.0
1776886873.8251028,-3.0,0.0,-45.0
1776886873.8351028,-1.0,-1.0,-47.0
1776886873.8451028,-3.0,0.0,-41.0
1776886873.8551028,-2.0,-2.0,-38.0
1776886873.8651028,-5.0,0.0,-32.0
1776886873.8751028,0.0,-1.0,-36.0
1776886873.8851027,0.0,0.0,-30.0
1776886873.8951027,0.0,-3.0,-39.0
1776886873.9051027,-1.0,-3.0,-37.0
1776886873.9151027,-1.0,-3.0,-40.0
1776886873.9251027,0.0,-1.0,-38.0
1776886873.9351027,0.0,-1.0,-37.0
1776886873.9451027,-2.0,0.0,-43.0
1776886873.9551027,-1.0,0.0,-40.0
1776886873.965103,0.0,-9.0,-37.0
1776886873.975103,-1.0,-14.0,-38.0
1776886873.985103,-4.0,-14.0,-37.0
1776886873.9951026,-5.0,-8.0,-38.0
1776886874.0051026,-2.0,-5.0,-38.0
1776886874.0151026,-8.0,-4.0,-41.0
1776886874.0251029,-2.0,-6.0,-40.0
1776886874.0351028,-1.0,-6.0,-44.0
1776886874.0451028,-1.0,-4.0,-46.0
1776886874.0551028,-1.0,-3.0,-49.0
1776886874.0651028,0.0,0.0,-50.0
1776886874.0751028,6.0,0.0,-45.0
1776886874.0851028,4.0,0.0,-44.0
1776886874.0951028,0.0,0.0,-47.0
1776886874.1051028,0.0,0.0,-44.0
1776886874.1151028,1.0,-3.0,-40.0
1776886874.1251028,1.0,-1.0,-36.0
1776886874.1351027,-5.0,0.0,-32.0
1776886874.1451027,-7.0,-1.0,-33.0
1776886874.1551027,-7.0,-1.0,-35.0
1776886874.1651027,-7.0,-2.0,-45.0
1776886874.1751027,-3.0,-6.0,-39.0
1776886874.1851027,-2.0,-5.0,-43.0
1776886874.1951027,-6.0,-5.0,-45.0
1776886874.2051027,-1.0,-7.0,-45.0
1776886874.215103,0.0,-2.0,-51.0
1776886874.225103,3.0,0.0,-52.0
1776886874.2361028,2.0,1.0,-46.0
1776886874.2461028,2.0,3.0,-43.0
1776886874.2561028,3.0,5.0,-43.0
1776886874.2661028,3.0,2.0,-45.0
1776886874.2761028,0.0,-1.0,-40.0
1776886874.2861028,0.0,2.0,-35.0
1776886874.2961028,0.0,0.0,-36.0
1776886874.3061028,-5.0,-1.0,-33.0
1776886874.3161027,-3.0,-2.0,-41.0
1776886874.3261027,1.0,0.0,-38.0
1776886874.3361027,3.0,0.0,-31.0
1776886874.3461027,1.0,0.0,-29.0
1776886874.3561027,0.0,2.0,-31.0
1776886874.3661027,4.0,0.0,-35.0
1776886874.3761027,3.0,-4.0,-34.0
1776886874.386103,7.0,-4.0,-35.0
1776886874.396103,7.0,-1.0,-39.0
1776886874.406103,6.0,-4.0,-41.0
1776886874.4161026,8.0,-3.0,-38.0
1776886874.4261026,7.0,-5.0,-37.0
1776886874.4361026,8.0,-4.0,-40.0
1776886874.4461029,4.0,-2.0,-40.0
1776886874.4561028,4.0,0.0,-40.0
1776886874.4661028,4.0,0.0,-42.0
1776886874.4761028,6.0,0.0,-42.0
1776886874.4861028,0.0,0.0,-43.0
1776886874.4961028,4.0,1.0,-39.0
1776886874.5061028,1.0,0.0,-37.0
1776886874.5161028,2.0,2.0,-36.0
1776886874.5261028,2.0,3.0,-28.0
1776886874.5361028,1.0,7.0,-33.0
1776886874.5461028,4.0,11.0,-33.0
1776886874.5561028,5.0,6.0,-30.0
1776886874.5661027,5.0,6.0,-31.0
1776886874.5761027,4.0,7.0,-35.0
1776886874.5861027,0.0,4.0,-33.0
1776886874.5961027,-1.0,3.0,-33.0
1776886874.6061027,2.0,1.0,-33.0
1776886874.6161027,4.0,-2.0,-38.0
1776886874.6261027,5.0,-3.0,-41.0
1776886874.636103,0.0,-3.0,-38.0
1776886874.646103,5.0,2.0,-40.0
1776886874.656103,0.0,2.0,-44.0
1776886874.6661026,-3.0,2.0,-45.0
1776886874.6761026,-3.0,-1.0,-49.0
1776886874.6861026,-3.0,-3.0,-47.0
1776886874.6961029,-5.0,1.0,-46.0
1776886874.7061028,0.0,-1.0,-46.0
1776886874.7161028,0.0,-3.0,-42.0
1776886874.7261028,1.0,2.0,-37.0
1776886874.7361028,3.0,0.0,-34.0
1776886874.7461028,2.0,0.0,-40.0
1776886874.7561028,0.0,7.0,-35.0
1776886874.7661028,1.0,4.0,-32.0
1776886874.7761028,-1.0,5.0,-36.0
1776886874.7861028,1.0,7.0,-35.0
1776886874.7961028,3.0,6.0,-30.0
1776886874.8061028,4.0,0.0,-25.0
1776886874.8161027,1.0,0.0,-31.0
1776886874.8261027,2.0,1.0,-35.0
1776886874.8361027,2.0,-3.0,-36.0
1776886874.8461027,3.0,-7.0,-35.0
1776886874.8561027,11.0,-6.0,-42.0
1776886874.8661027,5.0,-8.0,-40.0
1776886874.8761027,3.0,-2.0,-36.0
1776886874.886103,3.0,1.0,-40.0
1776886874.896103,1.0,1.0,-39.0
1776886874.906103,-2.0,0.0,-33.0
1776886874.9161026,0.0,-3.0,-28.0
1776886874.9261026,0.0,-5.0,-29.0
1776886874.9361026,-3.0,-7.0,-31.0
1776886874.9461029,-6.0,-1.0,-32.0
1776886874.9561028,0.0,-3.0,-26.0
1776886874.9661028,2.0,-5.0,-29.0
1776886874.9761028,2.0,-5.0,-32.0
1776886874.9861028,-1.0,-7.0,-29.0
1776886874.9961028,-1.0,-1.0,-34.0
1776886875.0061028,-2.0,0.0,-31.0
1776886875.0161028,-7.0,0.0,-32.0
1776886875.0261028,-4.0,0.0,-31.0
1776886875.0361028,-3.0,0.0,-33.0
1776886875.0461028,-2.0,-1.0,-39.0
1776886875.0561028,-2.0,-3.0,-37.0
1776886875.0661027,0.0,0.0,-38.0
1776886875.0761027,-1.0,0.0,-31.0
1776886875.0861027,-2.0,-3.0,-30.0
1776886875.0961027,-4.0,-3.0,-34.0
1776886875.1061027,-2.0,-2.0,-45.0
1776886875.1161027,1.0,-5.0,-49.0
1776886875.1261027,2.0,-4.0,-54.0
1776886875.136103,2.0,-5.0,-51.0
1776886875.146103,3.0,-4.0,-47.0
1776886875.156103,1.0,0.0,-47.0
1776886875.1661026,0.0,0.0,-49.0
1776886875.1761026,2.0,1.0,-47.0
1776886875.1861026,2.0,2.0,-45.0
1776886875.1961029,1.0,3.0,-47.0
1776886875.2061028,2.0,3.0,-44.0
1776886875.2161028,3.0,2.0,-41.0
1776886875.2261028,1.0,-1.0,-44.0
1776886875.2361028,1.0,1.0,-45.0
1776886875.2461028,3.0,0.0,-38.0
1776886875.2561028,4.0,4.0,-36.0
1776886875.2661028,2.0,0.0,-39.0
1776886875.2761028,0.0,0.0,-45.0
1776886875.2861028,0.0,-3.0,-42.0
1776886875.2961028,2.0,-3.0,-35.0
1776886875.3061028,-2.0,-3.0,-35.0
1776886875.3161027,-3.0,-3.0,-39.0
1776886875.3261027,-1.0,-2.0,-49.0
1776886875.3361027,-1.0,0.0,-46.0
1776886875.3461027,0.0,2.0,-45.0
1776886875.3561027,2.0,-1.0,-43.0
1776886875.3661027,2.0,-1.0,-47.0
1776886875.3761027,1.0,-6.0,-42.0
1776886875.386103,2.0,-5.0,-39.0
1776886875.396103,3.0,-8.0,-37.0
1776886875.406103,9.0,-7.0,-35.0
1776886875.4161026,9.0,-5.0,-31.0
1776886875.4261026,13.0,0.0,-32.0
1776886875.4361026,10.0,4.0,-37.0
1776886875.4461029,6.0,2.0,-33.0
1776886875.4561028,3.0,2.0,-38.0
1776886875.4661028,5.0,2.0,-34.0
1776886875.4761028,3.0,3.0,-35.0
1776886875.4861028,2.0,1.0,-36.0
1776886875.4961028,-2.0,2.0,-37.0
1776886875.5061028,-2.0,3.0,-30.0
1776886875.5161028,-4.0,0.0,-35.0
1776886875.5261028,-2.0,5.0,-36.0
1776886875.5361028,0.0,8.0,-35.0
1776886875.5461028,0.0,6.0,-35.0
1776886875.5561028,-2.0,3.0,-37.0
1776886875.5661027,-5.0,6.0,-34.0
1776886875.5761027,-5.0,3.0,-33.0
1776886875.5861027,0.0,0.0,-32.0
1776886875.5961027,0.0,-3.0,-36.0
1776886875.6061027,0.0,-7.0,-36.0
1776886875.6161027,-1.0,-10.0,-39.0
1776886875.6261027,-1.0,-10.0,-45.0
1776886875.636103,-2.0,-10.0,-44.0
1776886875.646103,0.0,-9.0,-42.0
1776886875.656103,0.0,-7.0,-43.0
1776886875.6661026,0.0,-6.0,-43.0
1776886875.6761026,5.0,-3.0,-46.0
1776886875.6861026,1.0,-2.0,-46.0
1776886875.6961029,2.0,-3.0,-46.0
1776886875.7061028,3.0,-4.0,-49.0
1776886875.7161028,3.0,-2.0,-51.0
1776886875.7261028,2.0,-1.0,-46.0
1776886875.7361028,-1.0,0.0,-51.0
1776886875.7461028,2.0,-3.0,-46.0
1776886875.7561028,5.0,2.0,-44.0
1776886875.7661028,6.0,4.0,-45.0
1776886875.7761028,13.0,2.0,-51.0
1776886875.7861028,15.0,1.0,-49.0
1776886875.7961028,10.0,2.0,-49.0
1776886875.8061028,9.0,3.0,-49.0
1776886875.8161027,3.0,4.0,-44.0
1776886875.8261027,0.0,3.0,-42.0
1776886875.8361027,3.0,4.0,-42.0
1776886875.8461027,-1.0,7.0,-35.0
1776886875.8561027,0.0,5.0,-30.0
1776886875.8661027,1.0,2.0,-35.0
1776886875.8761027,5.0,2.0,-33.0
1776886875.886103,8.0,0.0,-27.0
1776886875.896103,5.0,-3.0,-25.0
1776886875.906103,1.0,-1.0,-24.0
1776886875.9161026,-2.0,-1.0,-23.0
1776886875.9261026,-9.0,-4.0,-28.0
1776886875.9361026,-12.0,-4.0,-30.0
1776886875.9461029,-10.0,-2.0,-37.0
1776886875.9561028,-7.0,-2.0,-38.0
1776886875.9661028,-8.0,-1.0,-41.0
1776886875.9761028,-6.0,-1.0,-39.0
1776886875.9861028,-8.0,0.0,-38.0
1776886875.9961028,-6.0,1.0,-41.0
1776886876.0061028,-2.0,1.0,-42.0
1776886876.0161028,0.0,3.0,-34.0
1776886876.0261028,1.0,-1.0,-32.0
1776886876.0361028,1.0,-4.0,-32.0
1776886876.0461028,4.0,-5.0,-33.0
1776886876.0561028,3.0,-1.0,-36.0
1776886876.0661027,0.0,-3.0,-32.0
1776886876.0761027,-4.0,-4.0,-35.0
1776886876.0861027,-1.0,0.0,-38.0
1776886876.0961027,0.0,-2.0,-46.0
1776886876.1061027,1.0,-2.0,-40.0
1776886876.1161027,2.0,0.0,-43.0
1776886876.1261027,1.0,1.0,-40.0
1776886876.136103,-3.0,0.0,-38.0
1776886876.146103,-9.0,0.0,-32.0
1776886876.156103,-12.0,0.0,-33.0
1776886876.1661026,-8.0,-1.0,-31.0
1776886876.1761026,-3.0,-2.0,-32.0
1776886876.1861026,1.0,-3.0,-35.0
1776886876.1961029,0.0,-6.0,-34.0
1776886876.2071028,3.0,-5.0,-36.0
1776886876.2161028,0.0,-5.0,-39.0
1776886876.2271028,-3.0,-6.0,-37.0
1776886876.2371027,-1.0,-9.0,-38.0
1776886876.2471027,3.0,-8.0,-38.0
1776886876.2571027,-1.0,-3.0,-42.0
1776886876.2671027,2.0,-4.0,-39.0
1776886876.2771027,1.0,-2.0,-41.0
1776886876.2871027,3.0,-3.0,-44.0
1776886876.2971027,3.0,-3.0,-42.0
1776886876.307103,7.0,-4.0,-36.0
1776886876.317103,5.0,-4.0,-30.0
1776886876.327103,1.0,-5.0,-23.0
1776886876.337103,-3.0,-6.0,-25.0
1776886876.3471026,-5.0,-5.0,-28.0
1776886876.3571026,-6.0,-4.0,-30.0
1776886876.3671026,-6.0,-6.0,-34.0
1776886876.3771029,-5.0,-1.0,-33.0
1776886876.3871028,0.0,0.0,-37.0
1776886876.3971028,2.0,0.0,-35.0
1776886876.4071028,3.0,0.0,-36.0
1776886876.4171028,4.0,0.0,-37.0
1776886876.4271028,0.0,-3.0,-37.0
1776886876.4371028,-1.0,-1.0,-40.0
1776886876.4471028,3.0,1.0,-37.0
1776886876.4571028,1.0,0.0,-36.0
1776886876.4671028,-3.0,1.0,-35.0
1776886876.4771028,-2.0,-2.0,-42.0
1776886876.4871027,-1.0,-1.0,-41.0
1776886876.4971027,-2.0,-2.0,-43.0
1776886876.5071027,-1.0,-5.0,-43.0
1776886876.5171027,-3.0,-2.0,-48.0
1776886876.5271027,0.0,-3.0,-42.0
1776886876.5371027,0.0,-3.0,-44.0
1776886876.5471027,-1.0,-1.0,-37.0
1776886876.557103,0.0,0.0,-35.0
1776886876.567103,0.0,0.0,-37.0
1776886876.577103,0.0,3.0,-39.0
1776886876.587103,0.0,2.0,-37.0
1776886876.5971026,1.0,2.0,-32.0
1776886876.6071026,0.0,-1.0,-36.0
1776886876.6171026,0.0,0.0,-34.0
1776886876.6271029,0.0,3.0,-36.0
1776886876.6371028,2.0,0.0,-32.0
1776886876.6471028,-1.0,0.0,-33.0
1776886876.6571028,4.0,-2.0,-33.0
1776886876.6671028,2.0,-5.0,-44.0
1776886876.6771028,0.0,-8.0,-44.0
1776886876.6871028,0.0,-8.0,-38.0
1776886876.6971028,3.0,-6.0,-43.0
1776886876.7071028,4.0,-2.0,-50.0
1776886876.7171028,10.0,-6.0,-51.0
1776886876.7271028,7.0,-5.0,-53.0
1776886876.7371027,8.0,-6.0,-48.0
1776886876.7471027,6.0,-3.0,-46.0
1776886876.7571027,8.0,-3.0,-37.0
1776886876.7671027,7.0,-5.0,-35.0
1776886876.7771027,6.0,-1.0,-34.0
1776886876.7871027,0.0,3.0,-32.0
1776886876.7971027,0.0,6.0,-32.0
1776886876.807103,5.0,0.0,-32.0
1776886876.817103,6.0,0.0,-32.0
1776886876.827103,9.0,1.0,-31.0
1776886876.837103,4.0,0.0,-34.0
1776886876.8471026,5.0,1.0,-36.0
1776886876.8571026,8.0,3.0,-36.0
1776886876.8671026,5.0,1.0,-40.0
1776886876.8771029,6.0,-1.0,-36.0
1776886876.8871028,7.0,-6.0,-36.0
1776886876.8971028,6.0,-6.0,-33.0
1776886876.9071028,4.0,-6.0,-42.0
1776886876.9171028,2.0,-4.0,-40.0
1776886876.9271028,4.0,-2.0,-42.0
1776886876.9371028,1.0,0.0,-42.0
1776886876.9471028,2.0,-1.0,-40.0
1776886876.9571028,-1.0,-1.0,-34.0
1776886876.9671028,-4.0,-5.0,-35.0
1776886876.9771028,1.0,-4.0,-33.0
1776886876.9871027,1.0,-2.0,-31.0
1776886876.9971027,2.0,0.0,-33.0
1776886877.0071027,1.0,0.0,-34.0
1776886877.0171027,0.0,-4.0,-41.0
1776886877.0271027,0.0,-2.0,-35.0
1776886877.0371027,-1.0,-2.0,-28.0
1776886877.0471027,-1.0,-4.0,-28.0
1776886877.057103,-1.0,-2.0,-31.0
1776886877.067103,-3.0,-3.0,-38.0
1776886877.077103,-2.0,-4.0,-44.0
1776886877.087103,-1.0,-4.0,-47.0
1776886877.0971026,1.0,-1.0,-45.0
1776886877.1071026,0.0,-2.0,-43.0
1776886877.1171026,-1.0,-6.0,-39.0
1776886877.1271029,1.0,-6.0,-38.0
1776886877.1371028,2.0,-4.0,-37.0
1776886877.1471028,-3.0,-2.0,-40.0
1776886877.1571028,-3.0,-5.0,-40.0
1776886877.1671028,0.0,-2.0,-41.0
1776886877.1771028,0.0,0.0,-43.0
1776886877.1871028,-1.0,1.0,-43.0
1776886877.1971028,-1.0,2.0,-41.0
1776886877.2071028,0.0,1.0,-39.0
1776886877.2171028,1.0,0.0,-44.0
1776886877.2271028,1.0,3.0,-43.0
1776886877.2371027,0.0,3.0,-45.0
1776886877.2471027,2.0,-1.0,-41.0
1776886877.2571027,5.0,-5.0,-39.0
1776886877.2671027,7.0,-4.0,-38.0
1776886877.2771027,9.0,-1.0,-42.0
1776886877.2871027,10.0,-2.0,-39.0
1776886877.2971027,3.0,0.0,-36.0
1776886877.307103,3.0,-2.0,-35.0
1776886877.317103,1.0,-2.0,-36.0
1776886877.327103,0.0,0.0,-44.0
1776886877.337103,0.0,-3.0,-45.0
1776886877.3471026,0.0,0.0,-41.0
1776886877.3571026,-5.0,2.0,-46.0
1776886877.3671026,-1.0,-1.0,-42.0
1776886877.3771029,-1.0,-3.0,-41.0
1776886877.3871028,-4.0,-5.0,-38.0
1776886877.3971028,-3.0,-7.0,-36.0
1776886877.4071028,0.0,-7.0,-36.0
1776886877.4171028,2.0,-3.0,-38.0
1776886877.4271028,-2.0,-1.0,-38.0
1776886877.4371028,-2.0,0.0,-33.0
1776886877.4471028,0.0,0.0,-37.0
1776886877.4571028,-1.0,5.0,-32.0
1776886877.4671028,-2.0,4.0,-35.0
1776886877.4771028,0.0,5.0,-41.0
1776886877.4871027,-5.0,7.0,-40.0
1776886877.4971027,-6.0,1.0,-32.0
1776886877.5071027,0.0,-5.0,-32.0
1776886877.5171027,2.0,-5.0,-32.0
1776886877.5271027,0.0,-6.0,-35.0
1776886877.5371027,-2.0,-3.0,-38.0
1776886877.5471027,-1.0,-4.0,-38.0
1776886877.557103,-1.0,0.0,-37.0
1776886877.567103,0.0,0.0,-35.0
1776886877.577103,0.0,-3.0,-34.0
1776886877.587103,2.0,0.0,-33.0
1776886877.5971026,1.0,1.0,-34.0
1776886877.6071026,0.0,2.0,-34.0
1776886877.6171026,1.0,3.0,-38.0
1776886877.6271029,2.0,4.0,-39.0
1776886877.6371028,4.0,2.0,-35.0
1776886877.6471028,5.0,2.0,-40.0
1776886877.6571028,2.0,0.0,-38.0
1776886877.6671028,2.0,0.0,-41.0
1776886877.6771028,3.0,-1.0,-42.0
1776886877.6871028,1.0,-1.0,-40.0
1776886877.6971028,0.0,-3.0,-37.0
1776886877.7071028,-1.0,0.0,-33.0
1776886877.7171028,-3.0,0.0,-29.0
1776886877.7271028,-4.0,0.0,-34.0
1776886877.7371027,0.0,2.0,-40.0
1776886877.7471027,0.0,3.0,-43.0
1776886877.7571027,1.0,0.0,-41.0
1776886877.7671027,1.0,-2.0,-35.0
1776886877.7771027,-2.0,-4.0,-34.0
1776886877.7871027,-5.0,-4.0,-34.0
1776886877.7971027,-6.0,-4.0,-43.0
1776886877.807103,-9.0,-5.0,-42.0
1776886877.817103,-9.0,-4.0,-40.0
1776886877.827103,-7.0,-6.0,-45.0
1776886877.837103,-6.0,-7.0,-43.0
1776886877.8471026,0.0,-10.0,-45.0
1776886877.8571026,-3.0,-7.0,-39.0
1776886877.8671026,1.0,-4.0,-33.0
1776886877.8771029,4.0,-2.0,-32.0
1776886877.8871028,3.0,0.0,-34.0
1776886877.8971028,5.0,4.0,-32.0
1776886877.9071028,4.0,2.0,-34.0
1776886877.9171028,6.0,0.0,-32.0
1776886877.9271028,4.0,-5.0,-36.0
1776886877.9371028,5.0,-3.0,-36.0
1776886877.9471028,8.0,-5.0,-37.0
1776886877.9571028,12.0,-2.0,-32.0
1776886877.9671028,12.0,-2.0,-33.0
1776886877.9771028,11.0,1.0,-32.0
1776886877.9871027,10.0,4.0,-32.0
1776886877.9971027,7.0,1.0,-35.0
1776886878.0071027,2.0,-1.0,-35.0
1776886878.0171027,2.0,-1.0,-33.0
1776886878.0271027,1.0,2.0,-31.0
1776886878.0371027,1.0,1.0,-35.0
1776886878.0471027,0.0,-1.0,-37.0
1776886878.057103,-1.0,-3.0,-33.0
1776886878.067103,4.0,-6.0,-28.0
1776886878.077103,5.0,-8.0,-26.0
1776886878.087103,7.0,-5.0,-29.0
1776886878.0971026,2.0,-3.0,-30.0
1776886878.1071026,5.0,0.0,-31.0
1776886878.1171026,8.0,1.0,-33.0
1776886878.1271029,17.0,2.0,-33.0
1776886878.1371028,17.0,1.0,-32.0
1776886878.1471028,15.0,-2.0,-27.0
1776886878.1571028,9.0,-2.0,-32.0
1776886878.1671028,6.0,-5.0,-35.0
1776886878.1771028,8.0,-1.0,-39.0
1776886878.1871028,8.0,0.0,-42.0
1776886878.1971028,9.0,-3.0,-35.0
1776886878.2071028,8.0,-3.0,-39.0
1776886878.2181027,6.0,-3.0,-37.0
1776886878.2271028,5.0,-2.0,-36.0
1776886878.238103,6.0,-1.0,-33.0
1776886878.248103,5.0,-2.0,-38.0
1776886878.258103,5.0,0.0,-36.0
1776886878.2681026,9.0,0.0,-33.0
1776886878.2781026,9.0,-2.0,-33.0
1776886878.2881026,10.0,-2.0,-27.0
1776886878.2981029,6.0,-1.0,-28.0
1776886878.3081028,2.0,-1.0,-31.0
1776886878.3181028,-3.0,0.0,-37.0
1776886878.3281028,-6.0,1.0,-38.0
1776886878.3381028,-7.0,-1.0,-41.0
1776886878.3481028,-8.0,-2.0,-42.0
1776886878.3581028,-1.0,-1.0,-45.0
1776886878.3681028,0.0,-3.0,-44.0
1776886878.3781028,0.0,0.0,-42.0
1776886878.3881028,2.0,-7.0,-40.0
1776886878.3981028,2.0,1.0,-33.0
1776886878.4081028,0.0,6.0,-32.0
1776886878.4181027,-1.0,8.0,-31.0
1776886878.4281027,-5.0,6.0,-35.0
1776886878.4381027,-9.0,10.0,-32.0
1776886878.4481027,-6.0,4.0,-38.0
1776886878.4581027,-4.0,3.0,-37.0
1776886878.4681027,-5.0,-1.0,-39.0
1776886878.4781027,-6.0,-2.0,-41.0
1776886878.488103,-8.0,-5.0,-46.0
1776886878.498103,-9.0,-8.0,-44.0
1776886878.508103,-10.0,-12.0,-40.0
1776886878.5181026,-10.0,-11.0,-44.0
1776886878.5281026,-6.0,-8.0,-45.0
1776886878.5381026,-6.0,-6.0,-45.0
1776886878.5481029,-6.0,-3.0,-47.0
1776886878.5581028,-7.0,-5.0,-46.0
1776886878.5681028,-5.0,-8.0,-49.0
1776886878.5781028,0.0,-9.0,-52.0
1776886878.5881028,0.0,-7.0,-54.0
1776886878.5981028,-2.0,-6.0,-56.0
1776886878.6081028,-1.0,-3.0,-54.0
1776886878.6181028,-2.0,1.0,-53.0
1776886878.6281028,-4.0,1.0,-52.0
1776886878.6381028,-3.0,0.0,-42.0
1776886878.6481028,-7.0,0.0,-44.0
1776886878.6581028,-3.0,-4.0,-40.0
1776886878.6681027,-2.0,-3.0,-47.0
1776886878.6781027,-3.0,-8.0,-44.0
1776886878.6881027,-2.0,-5.0,-41.0
1776886878.6981027,0.0,-8.0,-37.0
1776886878.7081027,-1.0,-6.0,-35.0
1776886878.7181027,-4.0,-4.0,-38.0
1776886878.7281027,-5.0,-2.0,-34.0
1776886878.738103,-5.0,0.0,-34.0
1776886878.748103,-1.0,3.0,-35.0
1776886878.758103,-1.0,0.0,-35.0
1776886878.7681026,-2.0,2.0,-36.0
1776886878.7781026,-1.0,0.0,-44.0
1776886878.7881026,-1.0,0.0,-41.0
1776886878.7981029,0.0,1.0,-38.0
1776886878.8081028,3.0,0.0,-36.0
1776886878.8181028,6.0,-1.0,-40.0
1776886878.8281028,5.0,-2.0,-42.0
1776886878.8381028,2.0,2.0,-43.0
1776886878.8481028,5.0,3.0,-45.0
1776886878.8581028,3.0,2.0,-49.0
1776886878.8681028,2.0,5.0,-47.0
1776886878.8781028,0.0,2.0,-37.0
1776886878.8881028,-3.0,-1.0,-40.0
1776886878.8981028,1.0,0.0,-43.0
1776886878.9081028,5.0,-1.0,-44.0
1776886878.9181027,10.0,-5.0,-36.0
1776886878.9281027,12.0,-2.0,-38.0
1776886878.9381027,7.0,-1.0,-39.0
1776886878.9481027,0.0,-1.0,-41.0
1776886878.9581027,-3.0,-2.0,-40.0
1776886878.9681027,0.0,-2.0,-42.0
1776886878.9781027,0.0,-2.0,-34.0
1776886878.988103,0.0,-1.0,-28.0
1776886878.998103,0.0,0.0,-26.0
1776886879.008103,4.0,5.0,-38.0
1776886879.0181026,6.0,2.0,-38.0
1776886879.0281026,6.0,1.0,-41.0
1776886879.0381026,7.0,4.0,-41.0
1776886879.0481029,2.0,0.0,-41.0
1776886879.0581028,0.0,-5.0,-37.0
1776886879.0681028,-1.0,-3.0,-40.0
1776886879.0781028,1.0,-7.0,-37.0
1776886879.0881028,0.0,-5.0,-43.0
1776886879.0981028,0.0,-3.0,-50.0
1776886879.1081028,-3.0,-5.0,-49.0
1776886879.1181028,-1.0,-1.0,-41.0
1776886879.1281028,-1.0,0.0,-41.0
1776886879.1381028,0.0,-1.0,-44.0
1776886879.1481028,-8.0,0.0,-49.0
1776886879.1581028,-8.0,0.0,-52.0
1776886879.1681027,-1.0,2.0,-44.0
1776886879.1781027,1.0,3.0,-43.0
1776886879.1881027,-1.0,2.0,-45.0
1776886879.1981027,-2.0,-1.0,-44.0
1776886879.2081027,0.0,-4.0,-35.0
1776886879.2181027,0.0,-7.0,-39.0
1776886879.2281027,-2.0,-9.0,-36.0
1776886879.238103,-1.0,-8.0,-40.0
1776886879.248103,3.0,-6.0,-38.0
1776886879.258103,2.0,-6.0,-33.0
1776886879.2681026,0.0,-7.0,-28.0
1776886879.2781026,-4.0,-2.0,-30.0
1776886879.2881026,-3.0,-2.0,-37.0
1776886879.2981029,0.0,-1.0,-36.0
1776886879.3081028,1.0,1.0,-39.0
1776886879.3181028,3.0,1.0,-35.0
1776886879.3281028,-2.0,0.0,-30.0
1776886879.3381028,-4.0,5.0,-30.0
1776886879.3481028,-3.0,5.0,-29.0
1776886879.3581028,-4.0,0.0,-29.0
1776886879.3681028,-4.0,0.0,-32.0
1776886879.3781028,0.0,0.0,-35.0
1776886879.3881028,0.0,1.0,-37.0
1776886879.3981028,0.0,1.0,-41.0
1776886879.4081028,1.0,1.0,-41.0
1776886879.4181027,-1.0,1.0,-43.0
1776886879.4281027,0.0,2.0,-43.0
1776886879.4381027,-3.0,1.0,-48.0
1776886879.4481027,-4.0,1.0,-46.0
1776886879.4581027,-8.0,3.0,-44.0
1776886879.4681027,-10.0,4.0,-42.0
1776886879.4781027,-11.0,7.0,-50.0
1776886879.488103,-9.0,9.0,-48.0
1776886879.498103,-2.0,5.0,-50.0
1776886879.508103,2.0,3.0,-46.0
1776886879.5181026,1.0,0.0,-44.0
1776886879.5281026,1.0,0.0,-42.0
1776886879.5381026,4.0,-2.0,-42.0
1776886879.5481029,2.0,-3.0,-33.0
1776886879.5581028,0.0,-2.0,-29.0
1776886879.5681028,-2.0,-3.0,-32.0
1776886879.5781028,-4.0,-4.0,-27.0
1776886879.5881028,-7.0,-3.0,-37.0
1776886879.5981028,-6.0,-4.0,-37.0
1776886879.6081028,-4.0,-5.0,-42.0
1776886879.6181028,-4.0,-9.0,-41.0
1776886879.6281028,-1.0,-12.0,-40.0
1776886879.6381028,1.0,-8.0,-38.0
1776886879.6481028,0.0,-3.0,-37.0
1776886879.6581028,-1.0,-2.0,-40.0
1776886879.6681027,2.0,-2.0,-47.0
1776886879.6781027,1.0,-5.0,-43.0
1776886879.6881027,3.0,-4.0,-43.0
1776886879.6981027,0.0,-4.0,-42.0
1776886879.7081027,-5.0,-4.0,-41.0
1776886879.7181027,-2.0,-6.0,-38.0
1776886879.7281027,0.0,-2.0,-36.0
1776886879.738103,-2.0,-4.0,-35.0
1776886879.748103,1.0,-5.0,-39.0
1776886879.758103,2.0,-4.0,-39.0
1776886879.7681026,4.0,-4.0,-38.0
1776886879.7781026,9.0,-2.0,-36.0
1776886879.7881026,6.0,1.0,-33.0
1776886879.7981029,6.0,2.0,-37.0
1776886879.8081028,0.0,1.0,-44.0
1776886879.8181028,-3.0,-3.0,-41.0
1776886879.8281028,-4.0,-9.0,-38.0
1776886879.8381028,-5.0,-10.0,-45.0
1776886879.8481028,-3.0,-7.0,-45.0
1776886879.8581028,-2.0,-4.0,-42.0
1776886879.8681028,-3.0,-3.0,-43.0
1776886879.8781028,0.0,-5.0,-43.0
1776886879.8881028,-4.0,0.0,-32.0
1776886879.8981028,-5.0,0.0,-37.0
1776886879.9081028,0.0,0.0,-46.0
1776886879.9181027,-3.0,-3.0,-44.0
1776886879.9281027,2.0,0.0,-47.0
1776886879.9381027,0.0,-1.0,-51.0
1776886879.9481027,-3.0,-3.0,-52.0
1776886879.9581027,0.0,-6.0,-56.0
1776886879.9681027,0.0,-2.0,-52.0
1776886879.9781027,5.0,0.0,-51.0
1776886879.988103,2.0,-2.0,-39.0
1776886879.998103,3.0,2.0,-40.0
1776886880.008103,0.0,-3.0,-35.0
1776886880.0181026,-2.0,-4.0,-34.0
1776886880.0281026,-5.0,-4.0,-32.0
1776886880.0381026,-3.0,-4.0,-26.0
1776886880.0481029,-6.0,1.0,-33.0
1776886880.0581028,-9.0,3.0,-40.0
1776886880.0681028,-11.0,3.0,-41.0
1776886880.0781028,-5.0,8.0,-38.0
1776886880.0881028,-3.0,7.0,-35.0
1776886880.0981028,0.0,3.0,-38.0
1776886880.1081028,1.0,5.0,-40.0
1776886880.1181028,2.0,6.0,-45.0
1776886880.1281028,2.0,7.0,-49.0
1776886880.1381028,0.0,2.0,-47.0
1776886880.1481028,0.0,0.0,-42.0
1776886880.1581028,-1.0,0.0,-42.0
1776886880.1681027,2.0,1.0,-42.0
1776886880.1781027,5.0,-3.0,-39.0
1776886880.1881027,3.0,-4.0,-38.0
1776886880.1991026,2.0,-1.0,-33.0
1776886880.2081027,2.0,0.0,-35.0
1776886880.2191026,1.0,0.0,-37.0
1776886880.2291028,0.0,-1.0,-36.0
1776886880.2391028,-4.0,-3.0,-37.0
1776886880.2491028,-4.0,-4.0,-35.0
1776886880.2591028,1.0,-4.0,-37.0
1776886880.2691028,4.0,-6.0,-37.0
1776886880.2791028,6.0,-10.0,-38.0
1776886880.2891028,5.0,-10.0,-38.0
1776886880.2991028,6.0,-9.0,-47.0
1776886880.3091028,5.0,-6.0,-43.0
1776886880.3191028,6.0,-2.0,-46.0
1776886880.3291028,6.0,0.0,-52.0
1776886880.3391027,9.0,0.0,-52.0
1776886880.3491027,7.0,0.0,-47.0
1776886880.3591027,8.0,-3.0,-48.0
1776886880.3691027,7.0,-5.0,-42.0
1776886880.3791027,6.0,-3.0,-42.0
1776886880.3891027,2.0,-3.0,-41.0
1776886880.3991027,0.0,-2.0,-41.0
1776886880.409103,0.0,0.0,-41.0
1776886880.419103,0.0,0.0,-40.0
1776886880.429103,0.0,0.0,-40.0
1776886880.4391026,-1.0,-3.0,-44.0
1776886880.4491026,0.0,-4.0,-44.0
1776886880.4591026,1.0,-6.0,-44.0
1776886880.4691026,1.0,-1.0,-44.0
1776886880.4791028,0.0,-1.0,-47.0
1776886880.4891028,0.0,-4.0,-48.0
1776886880.4991028,2.0,-5.0,-47.0
1776886880.5091028,2.0,-10.0,-37.0
1776886880.5191028,-3.0,-8.0,-35.0
1776886880.5291028,-1.0,-6.0,-37.0
1776886880.5391028,-1.0,-5.0,-40.0
1776886880.5491028,0.0,-2.0,-36.0
1776886880.5591028,1.0,0.0,-29.0
1776886880.5691028,0.0,-2.0,-31.0
1776886880.5791028,2.0,-1.0,-33.0
1776886880.5891027,0.0,1.0,-36.0
1776886880.5991027,-1.0,1.0,-39.0
1776886880.6091027,-3.0,4.0,-43.0
1776886880.6191027,-3.0,0.0,-35.0
1776886880.6291027,0.0,-3.0,-28.0
1776886880.6391027,0.0,-4.0,-32.0
1776886880.6491027,-2.0,-5.0,-30.0
1776886880.659103,0.0,-4.0,-31.0
1776886880.669103,3.0,-7.0,-33.0
1776886880.679103,-1.0,1.0,-34.0
1776886880.6891026,-5.0,4.0,-37.0
1776886880.6991026,-2.0,4.0,-38.0
1776886880.7091026,5.0,4.0,-36.0
1776886880.7191026,8.0,4.0,-38.0
1776886880.7291028,4.0,6.0,-41.0
1776886880.7391028,3.0,2.0,-43.0
1776886880.7491028,0.0,0.0,-43.0
1776886880.7591028,-4.0,-1.0,-45.0
1776886880.7691028,-2.0,-1.0,-44.0
1776886880.7791028,2.0,3.0,-42.0
1776886880.7891028,0.0,2.0,-41.0
1776886880.7991028,2.0,0.0,-40.0
1776886880.8091028,1.0,-2.0,-42.0
1776886880.8191028,2.0,-3.0,-37.0
1776886880.8291028,2.0,-4.0,-31.0
1776886880.8391027,0.0,-6.0,-24.0
1776886880.8491027,-1.0,-7.0,-30.0
1776886880.8591027,3.0,-3.0,-35.0
1776886880.8691027,2.0,0.0,-40.0
1776886880.8791027,3.0,3.0,-43.0
1776886880.8891027,5.0,0.0,-40.0
1776886880.8991027,12.0,-1.0,-41.0
1776886880.9101028,6.0,-2.0,-35.0
1776886880.919103,4.0,-3.0,-33.0
1776886880.929103,1.0,-5.0,-34.0
1776886880.9391026,3.0,-5.0,-33.0
1776886880.9491026,3.0,-4.0,-33.0
1776886880.9591026,5.0,-4.0,-31.0
1776886880.9691026,7.0,-4.0,-29.0
1776886880.9791028,4.0,0.0,-25.0
1776886880.9891028,7.0,7.0,-24.0
1776886880.9991028,6.0,7.0,-27.0
1776886881.0091028,3.0,4.0,-33.0
1776886881.0191028,1.0,3.0,-39.0
1776886881.0291028,1.0,3.0,-39.0
1776886881.0391028,1.0,4.0,-32.0
1776886881.0491028,0.0,6.0,-30.0
1776886881.0591028,0.0,0.0,-32.0
1776886881.0691028,1.0,-2.0,-35.0
1776886881.0791028,0.0,-1.0,-32.0
1776886881.0891027,-1.0,-1.0,-32.0
1776886881.0991027,0.0,1.0,-35.0
1776886881.1091027,1.0,-1.0,-35.0
1776886881.1191027,0.0,1.0,-33.0
1776886881.1291027,0.0,0.0,-31.0
1776886881.1391027,-2.0,-2.0,-27.0
1776886881.1491027,1.0,-4.0,-30.0
1776886881.159103,6.0,1.0,-33.0
1776886881.169103,2.0,4.0,-35.0
1776886881.179103,2.0,2.0,-37.0
1776886881.1891026,1.0,2.0,-36.0
1776886881.1991026,-4.0,5.0,-39.0
1776886881.2091026,0.0,8.0,-38.0
1776886881.2191026,4.0,4.0,-32.0
1776886881.2291028,6.0,4.0,-38.0
1776886881.2391028,1.0,1.0,-37.0
1776886881.2491028,-2.0,1.0,-31.0
1776886881.2591028,-2.0,1.0,-34.0
1776886881.2691028,-1.0,3.0,-36.0
1776886881.2791028,0.0,5.0,-40.0
1776886881.2891028,0.0,4.0,-41.0
1776886881.2991028,0.0,-1.0,-39.0
1776886881.3091028,2.0,-3.0,-43.0
1776886881.3191028,-1.0,-2.0,-46.0
1776886881.3291028,-1.0,-2.0,-40.0
1776886881.3391027,-3.0,-2.0,-36.0
1776886881.3491027,-2.0,-2.0,-34.0
1776886881.3591027,0.0,-2.0,-44.0
1776886881.3691027,-4.0,0.0,-45.0
1776886881.3791027,-2.0,2.0,-42.0
1776886881.3891027,0.0,1.0,-38.0
1776886881.3991027,2.0,2.0,-40.0
1776886881.409103,5.0,0.0,-40.0
1776886881.419103,4.0,-3.0,-51.0
1776886881.429103,0.0,-3.0,-51.0
1776886881.4391026,-4.0,-2.0,-50.0
1776886881.4491026,-4.0,0.0,-44.0
1776886881.4591026,-4.0,0.0,-40.0
1776886881.4691026,0.0,0.0,-46.0
1776886881.4791028,5.0,-3.0,-42.0
1776886881.4891028,5.0,-4.0,-46.0
1776886881.4991028,2.0,0.0,-56.0
1776886881.5091028,2.0,1.0,-52.0
1776886881.5191028,0.0,2.0,-44.0
1776886881.5291028,-3.0,1.0,-47.0
1776886881.5391028,-7.0,2.0,-46.0
1776886881.5491028,-6.0,-2.0,-51.0
1776886881.5591028,-6.0,-4.0,-43.0
1776886881.5691028,-5.0,-5.0,-35.0
1776886881.5791028,-4.0,-2.0,-33.0
1776886881.5891027,-4.0,1.0,-30.0
1776886881.5991027,-5.0,2.0,-32.0
1776886881.6091027,-7.0,3.0,-34.0
1776886881.6191027,-5.0,4.0,-34.0
1776886881.6291027,-2.0,2.0,-37.0
1776886881.6391027,2.0,4.0,-36.0
1776886881.6491027,0.0,3.0,-38.0
1776886881.659103,0.0,0.0,-38.0
1776886881.669103,2.0,-2.0,-38.0
1776886881.679103,3.0,-4.0,-37.0
1776886881.6891026,2.0,0.0,-40.0
1776886881.6991026,0.0,0.0,-48.0
1776886881.7091026,-3.0,2.0,-49.0
1776886881.7191026,-2.0,4.0,-40.0
1776886881.7291028,-7.0,-2.0,-38.0
1776886881.7391028,-4.0,-4.0,-44.0
1776886881.7491028,-4.0,-5.0,-46.0
1776886881.7591028,0.0,-2.0,-45.0
1776886881.7691028,2.0,-1.0,-37.0
1776886881.7791028,0.0,2.0,-35.0
1776886881.7891028,0.0,2.0,-37.0
1776886881.7991028,-3.0,0.0,-44.0
1776886881.8091028,-10.0,3.0,-55.0
1776886881.8191028,-5.0,0.0,-53.0
1776886881.8291028,-6.0,-3.0,-48.0
1776886881.8391027,-4.0,-4.0,-49.0
1776886881.8491027,-3.0,-6.0,-45.0
1776886881.8591027,-3.0,-5.0,-39.0
1776886881.8691027,0.0,-3.0,-38.0
1776886881.8791027,-4.0,0.0,-36.0
1776886881.8891027,-2.0,0.0,-30.0
1776886881.8991027,-2.0,-3.0,-24.0
1776886881.909103,0.0,-2.0,-30.0
1776886881.919103,-1.0,1.0,-32.0
1776886881.929103,3.0,-1.0,-35.0
1776886881.9391026,4.0,0.0,-40.0
1776886881.9491026,0.0,0.0,-39.0
1776886881.9591026,0.0,-2.0,-42.0
1776886881.9691026,-3.0,0.0,-44.0
1776886881.9791028,1.0,1.0,-48.0
1776886881.9891028,2.0,2.0,-47.0
1776886881.9991028,3.0,4.0,-51.0
1776886882.0091028,2.0,5.0,-42.0
1776886882.0191028,2.0,7.0,-49.0
1776886882.0291028,2.0,4.0,-46.0
1776886882.0391028,0.0,0.0,-45.0
1776886882.0491028,2.0,-1.0,-42.0
1776886882.0591028,4.0,-1.0,-47.0
1776886882.0691028,3.0,-5.0,-42.0
1776886882.0791028,2.0,-4.0,-43.0
1776886882.0891027,0.0,-4.0,-41.0
1776886882.0991027,-5.0,-4.0,-32.0
1776886882.1091027,-5.0,-4.0,-32.0
1776886882.1191027,-3.0,-3.0,-31.0
1776886882.1291027,-5.0,-2.0,-33.0
1776886882.1391027,-7.0,0.0,-34.0
1776886882.1491027,-3.0,3.0,-28.0
1776886882.159103,-4.0,0.0,-28.0
1776886882.169103,0.0,0.0,-23.0
1776886882.179103,1.0,0.0,-33.0
1776886882.1891026,3.0,-1.0,-38.0
1776886882.1991026,6.0,-2.0,-38.0
1776886882.2091026,4.0,1.0,-37.0
1776886882.2201028,6.0,2.0,-38.0
1776886882.2301028,0.0,3.0,-39.0
1776886882.2401028,-3.0,2.0,-44.0
1776886882.2501028,0.0,0.0,-39.0
1776886882.2601027,-3.0,1.0,-36.0
1776886882.2701027,-3.0,2.0,-37.0
1776886882.2801027,-1.0,0.0,-41.0
1776886882.2901027,-2.0,-1.0,-44.0
1776886882.3001027,-2.0,-2.0,-48.0
1776886882.3101027,5.0,0.0,-45.0
1776886882.3201027,7.0,-1.0,-44.0
1776886882.3301027,7.0,0.0,-50.0
1776886882.340103,11.0,-3.0,-52.0
1776886882.350103,7.0,-1.0,-55.0
1776886882.360103,3.0,0.0,-50.0
1776886882.3701026,0.0,-3.0,-49.0
1776886882.3801026,0.0,-2.0,-54.0
1776886882.3901026,-3.0,-4.0,-52.0
1776886882.4001029,-4.0,-7.0,-50.0
1776886882.4101028,1.0,-6.0,-47.0
1776886882.4201028,3.0,-3.0,-53.0
1776886882.4301028,6.0,-1.0,-55.0
1776886882.4401028,9.0,-1.0,-49.0
1776886882.4501028,3.0,-1.0,-45.0
1776886882.4601028,0.0,1.0,-49.0
1776886882.4701028,0.0,4.0,-46.0
1776886882.4801028,3.0,3.0,-45.0
1776886882.4901028,1.0,4.0,-46.0
1776886882.5001028,0.0,2.0,-42.0
1776886882.5101027,1.0,1.0,-43.0
1776886882.5201027,1.0,1.0,-44.0
1776886882.5301027,3.0,2.0,-52.0
1776886882.5401027,1.0,1.0,-43.0
1776886882.5501027,0.0,1.0,-42.0
1776886882.5601027,-1.0,2.0,-40.0
1776886882.5701027,0.0,3.0,-40.0
1776886882.5801027,2.0,0.0,-30.0
1776886882.590103,7.0,-6.0,-36.0
1776886882.600103,9.0,-7.0,-30.0
1776886882.610103,9.0,-5.0,-28.0
1776886882.6201026,6.0,-4.0,-29.0
1776886882.6301026,5.0,-4.0,-27.0
1776886882.6401026,1.0,-3.0,-33.0
1776886882.6501029,-3.0,-1.0,-35.0
1776886882.6601028,-5.0,-2.0,-30.0
1776886882.6701028,0.0,-1.0,-38.0
1776886882.6801028,1.0,-3.0,-38.0
1776886882.6901028,4.0,-3.0,-38.0
1776886882.7001028,6.0,-3.0,-35.0
1776886882.7101028,8.0,-3.0,-31.0
1776886882.7201028,7.0,-1.0,-30.0
1776886882.7301028,5.0,0.0,-31.0
1776886882.7401028,6.0,-1.0,-33.0
1776886882.7501028,5.0,0.0,-31.0
1776886882.7601027,6.0,0.0,-32.0
1776886882.7701027,3.0,-4.0,-32.0
1776886882.7801027,2.0,-6.0,-28.0
1776886882.7901027,0.0,-7.0,-26.0
1776886882.8001027,0.0,-5.0,-30.0
1776886882.8101027,0.0,-6.0,-33.0
1776886882.8201027,0.0,-2.0,-35.0
1776886882.8301027,2.0,-2.0,-43.0
1776886882.840103,0.0,0.0,-37.0
1776886882.850103,1.0,2.0,-38.0
1776886882.860103,6.0,3.0,-44.0
1776886882.8701026,6.0,0.0,-38.0
1776886882.8801026,0.0,1.0,-34.0
1776886882.8901026,0.0,1.0,-32.0
1776886882.9001029,1.0,3.0,-32.0
1776886882.9101028,5.0,4.0,-42.0
1776886882.9201028,5.0,-3.0,-45.0
1776886882.9301028,5.0,-4.0,-41.0
1776886882.9401028,0.0,-6.0,-40.0
1776886882.9501028,-3.0,-4.0,-40.0
1776886882.9601028,-3.0,-2.0,-40.0
1776886882.9701028,-1.0,-2.0,-39.0
1776886882.9801028,-4.0,0.0,-41.0
1776886882.9901028,0.0,0.0,-38.0
1776886883.0001028,-2.0,-1.0,-35.0
1776886883.0101027,0.0,0.0,-38.0
1776886883.0201027,0.0,-1.0,-43.0
1776886883.0301027,2.0,-5.0,-34.0
1776886883.0401027,3.0,-3.0,-31.0
1776886883.0501027,3.0,5.0,-31.0
1776886883.0601027,-1.0,3.0,-31.0
1776886883.0701027,-3.0,4.0,-37.0
1776886883.0801027,-3.0,5.0,-38.0
1776886883.090103,-5.0,0.0,-33.0
1776886883.100103,-1.0,0.0,-44.0
1776886883.110103,-2.0,-3.0,-46.0
1776886883.1201026,-1.0,-5.0,-52.0
1776886883.1301026,-2.0,-2.0,-43.0
1776886883.1401026,0.0,-2.0,-42.0
1776886883.1501029,0.0,-1.0,-39.0
1776886883.1601028,1.0,0.0,-41.0
1776886883.1701028,1.0,0.0,-38.0
1776886883.1801028,1.0,-1.0,-38.0
1776886883.1901028,-1.0,1.0,-34.0
1776886883.2001028,0.0,4.0,-32.0
1776886883.2101028,2.0,5.0,-36.0
1776886883.2201028,1.0,4.0,-33.0
1776886883.2301028,1.0,3.0,-29.0
1776886883.2401028,-2.0,3.0,-36.0
1776886883.2501028,-2.0,3.0,-42.0
1776886883.2601027,-2.0,3.0,-35.0
1776886883.2701027,-2.0,5.0,-37.0
1776886883.2801027,0.0,3.0,-37.0
1776886883.2901027,0.0,1.0,-33.0
1776886883.3001027,0.0,2.0,-32.0
1776886883.3101027,0.0,0.0,-34.0
1776886883.3201027,-2.0,-1.0,-34.0
1776886883.3301027,2.0,0.0,-32.0
1776886883.340103,-1.0,-1.0,-32.0
1776886883.350103,-1.0,0.0,-34.0
1776886883.360103,0.0,0.0,-32.0
1776886883.3701026,-1.0,0.0,-32.0
1776886883.3801026,0.0,2.0,-35.0
1776886883.3901026,4.0,3.0,-35.0
1776886883.4001029,4.0,2.0,-33.0
1776886883.4101028,2.0,2.0,-38.0
1776886883.4201028,2.0,1.0,-35.0
1776886883.4301028,1.0,-1.0,-39.0
1776886883.4401028,0.0,-1.0,-40.0
1776886883.4501028,3.0,0.0,-39.0
1776886883.4601028,2.0,0.0,-43.0
1776886883.4701028,5.0,0.0,-46.0
1776886883.4801028,4.0,0.0,-38.0
1776886883.4901028,5.0,-1.0,-34.0
1776886883.5001028,1.0,-1.0,-25.0
1776886883.5101027,-3.0,-4.0,-33.0
1776886883.5201027,-4.0,-6.0,-38.0
1776886883.5301027,-5.0,-7.0,-38.0
1776886883.5401027,1.0,-7.0,-41.0
1776886883.5501027,2.0,-11.0,-45.0
1776886883.5601027,-2.0,-12.0,-41.0
1776886883.5701027,-5.0,-8.0,-42.0
1776886883.5801027,-3.0,-7.0,-39.0
1776886883.590103,-6.0,-5.0,-42.0
1776886883.600103,-3.0,-1.0,-32.0
1776886883.610103,-2.0,-1.0,-37.0
1776886883.6201026,0.0,0.0,-40.0
1776886883.6301026,4.0,0.0,-44.0
1776886883.6401026,3.0,-2.0,-46.0
1776886883.6501029,0.0,-2.0,-44.0
1776886883.6601028,5.0,-3.0,-45.0
1776886883.6701028,1.0,-2.0,-40.0
1776886883.6801028,3.0,0.0,-44.0
1776886883.6901028,0.0,0.0,-47.0
1776886883.7001028,0.0,2.0,-47.0
1776886883.7101028,-5.0,5.0,-44.0
1776886883.7201028,-6.0,0.0,-38.0
1776886883.7301028,-5.0,-1.0,-50.0
1776886883.7401028,-3.0,0.0,-51.0
1776886883.7501028,-2.0,0.0,-53.0
1776886883.7601027,-4.0,-1.0,-56.0
1776886883.7701027,-3.0,-2.0,-51.0
1776886883.7801027,0.0,-1.0,-49.0
1776886883.7901027,3.0,-4.0,-48.0
1776886883.8001027,-2.0,-6.0,-43.0
1776886883.8101027,0.0,-5.0,-36.0
1776886883.8201027,-1.0,-4.0,-36.0
1776886883.8301027,-1.0,-1.0,-35.0
1776886883.840103,-2.0,-1.0,-33.0
1776886883.850103,-7.0,0.0,-32.0
1776886883.860103,-2.0,1.0,-35.0
1776886883.8701026,0.0,-1.0,-41.0
1776886883.8801026,-1.0,-2.0,-47.0
1776886883.8901026,-4.0,0.0,-47.0
1776886883.9001029,-5.0,0.0,-47.0
1776886883.9101028,-3.0,5.0,-39.0
1776886883.9201028,-4.0,4.0,-39.0
1776886883.9301028,-3.0,2.0,-38.0
1776886883.9401028,0.0,0.0,-34.0
1776886883.9501028,0.0,-3.0,-32.0
1776886883.9601028,0.0,-4.0,-33.0
1776886883.9701028,0.0,-7.0,-34.0
1776886883.9801028,0.0,-10.0,-34.0
1776886883.9901028,-1.0,-8.0,-37.0
1776886884.0001028,-1.0,-4.0,-37.0
1776886884.0101027,1.0,0.0,-40.0
1776886884.0201027,4.0,0.0,-45.0
1776886884.0301027,0.0,0.0,-41.0
1776886884.0401027,0.0,4.0,-39.0
1776886884.0501027,-3.0,8.0,-44.0
1776886884.0601027,-1.0,6.0,-43.0
1776886884.0701027,-2.0,1.0,-41.0
1776886884.0801027,-3.0,-3.0,-48.0
1776886884.090103,0.0,-4.0,-52.0
1776886884.100103,0.0,-5.0,-47.0
1776886884.110103,3.0,-2.0,-48.0
1776886884.1201026,6.0,1.0,-43.0
1776886884.1301026,3.0,0.0,-36.0
1776886884.1401026,-4.0,5.0,-40.0
1776886884.1501029,0.0,4.0,-42.0
1776886884.1601028,-1.0,0.0,-39.0
1776886884.1701028,3.0,0.0,-42.0
1776886884.1801028,2.0,0.0,-45.0
1776886884.1901028,1.0,0.0,-38.0
1776886884.2011027,1.0,0.0,-39.0
1776886884.2111027,6.0,0.0,-37.0
1776886884.2201028,6.0,-2.0,-30.0
1776886884.2311027,5.0,-5.0,-28.0
1776886884.2411027,6.0,-2.0,-28.0
1776886884.2511027,4.0,-2.0,-31.0
1776886884.261103,2.0,-5.0,-38.0
1776886884.271103,2.0,-3.0,-36.0
1776886884.281103,4.0,-1.0,-37.0
1776886884.2911026,0.0,-4.0,-34.0
1776886884.3011026,1.0,0.0,-33.0
1776886884.3111026,3.0,0.0,-42.0
1776886884.3211029,5.0,1.0,-40.0
1776886884.3311028,5.0,3.0,-40.0
1776886884.3411028,8.0,3.0,-41.0
1776886884.3511028,6.0,0.0,-38.0
1776886884.3611028,4.0,-2.0,-42.0
1776886884.3711028,3.0,-1.0,-37.0
1776886884.3811028,1.0,-5.0,-37.0
1776886884.3911028,1.0,-2.0,-34.0
1776886884.4011028,-2.0,1.0,-39.0
1776886884.4111028,-1.0,3.0,-47.0
1776886884.4211028,-4.0,3.0,-42.0
1776886884.4311028,-1.0,0.0,-40.0
1776886884.4411027,-4.0,0.0,-40.0
1776886884.4511027,1.0,-1.0,-36.0
1776886884.4611027,1.0,0.0,-33.0
1776886884.4711027,4.0,0.0,-35.0
1776886884.4811027,0.0,2.0,-35.0
1776886884.4911027,-4.0,0.0,-34.0
1776886884.5011027,-6.0,0.0,-31.0
1776886884.511103,-7.0,2.0,-26.0
1776886884.521103,-4.0,6.0,-30.0
1776886884.531103,-4.0,7.0,-32.0
1776886884.5411026,-3.0,4.0,-37.0
1776886884.5511026,0.0,-1.0,-35.0
1776886884.5611026,1.0,-2.0,-36.0
1776886884.5711029,-4.0,-2.0,-31.0
1776886884.5811028,-3.0,-3.0,-27.0
1776886884.5911028,1.0,1.0,-31.0
1776886884.6011028,0.0,0.0,-33.0
1776886884.6111028,0.0,1.0,-33.0
1776886884.6211028,-4.0,-2.0,-32.0
1776886884.6311028,-4.0,-4.0,-35.0
1776886884.6411028,-5.0,-4.0,-36.0
1776886884.6511028,0.0,-3.0,-31.0
1776886884.6611028,2.0,-2.0,-28.0
1776886884.6711028,2.0,0.0,-28.0
1776886884.6811028,1.0,-1.0,-28.0
1776886884.6911027,1.0,-5.0,-29.0
1776886884.7011027,4.0,-6.0,-28.0
1776886884.7111027,0.0,-4.0,-36.0
1776886884.7211027,-1.0,-1.0,-41.0
1776886884.7311027,0.0,-1.0,-36.0
1776886884.7411027,1.0,0.0,-27.0
1776886884.7511027,1.0,-1.0,-29.0
1776886884.761103,0.0,0.0,-29.0
1776886884.771103,-1.0,-2.0,-31.0
1776886884.781103,-1.0,-3.0,-32.0
1776886884.7911026,0.0,-2.0,-30.0
1776886884.8011026,0.0,-5.0,-34.0
1776886884.8111026,-7.0,-6.0,-35.0
1776886884.8211029,-7.0,-8.0,-36.0
1776886884.8311028,-3.0,-3.0,-39.0
1776886884.8411028,0.0,0.0,-34.0
1776886884.8511028,0.0,-3.0,-38.0
1776886884.8611028,1.0,-3.0,-41.0
1776886884.8711028,-5.0,-5.0,-42.0
1776886884.8811028,-2.0,-5.0,-43.0
1776886884.8911028,2.0,-1.0,-43.0
1776886884.9011028,7.0,0.0,-40.0
1776886884.9111028,4.0,1.0,-41.0
1776886884.9211028,6.0,3.0,-37.0
1776886884.9311028,6.0,2.0,-38.0
1776886884.9411027,4.0,0.0,-36.0
1776886884.9511027,1.0,-1.0,-32.0
1776886884.9611027,-2.0,-2.0,-29.0
1776886884.9711027,-3.0,1.0,-35.0
1776886884.9811027,-1.0,5.0,-39.0
1776886884.9911027,-1.0,1.0,-41.0
1776886885.0011027,0.0,0.0,-36.0
1776886885.011103,3.0,0.0,-33.0
1776886885.021103,0.0,-3.0,-38.0
1776886885.031103,3.0,-5.0,-40.0
1776886885.0411026,1.0,-1.0,-42.0
1776886885.0511026,2.0,-2.0,-45.0
1776886885.0611026,3.0,0.0,-48.0
1776886885.0711029,4.0,0.0,-46.0
1776886885.0811028,-2.0,-1.0,-38.0
1776886885.0911028,1.0,-2.0,-38.0
1776886885.1011028,2.0,-3.0,-44.0
1776886885.1111028,-1.0,2.0,-41.0
1776886885.1211028,-4.0,-1.0,-37.0
1776886885.1311028,-6.0,-5.0,-39.0
1776886885.1411028,-2.0,-2.0,-38.0
1776886885.1511028,3.0,-2.0,-48.0
1776886885.1611028,3.0,-2.0,-47.0
1776886885.1711028,4.0,0.0,-47.0
1776886885.1811028,2.0,1.0,-41.0
1776886885.1911027,2.0,1.0,-37.0
1776886885.2011027,2.0,-1.0,-38.0
1776886885.2111027,1.0,-1.0,-42.0
1776886885.2211027,5.0,0.0,-51.0
1776886885.2311027,0.0,-1.0,-41.0
1776886885.2411027,-2.0,-1.0,-36.0
1776886885.2511027,-6.0,-2.0,-35.0
1776886885.261103,-5.0,-2.0,-37.0
1776886885.271103,-4.0,-1.0,-39.0
1776886885.281103,-5.0,-3.0,-38.0
1776886885.2911026,-4.0,-5.0,-42.0
1776886885.3011026,0.0,-8.0,-40.0
1776886885.3111026,0.0,-8.0,-41.0
1776886885.3211029,-1.0,-5.0,-43.0
1776886885.3311028,1.0,-4.0,-43.0
1776886885.3411028,2.0,-4.0,-47.0
1776886885.3511028,-1.0,-6.0,-45.0
1776886885.3611028,-6.0,-6.0,-43.0
1776886885.3711028,-6.0,-8.0,-42.0
1776886885.3811028,-4.0,-6.0,-39.0
1776886885.3911028,2.0,-3.0,-37.0
1776886885.4011028,0.0,-1.0,-31.0
1776886885.4111028,0.0,0.0,-28.0
1776886885.4211028,1.0,-2.0,-28.0
1776886885.4311028,6.0,-3.0,-25.0
1776886885.4411027,6.0,-4.0,-29.0
1776886885.4511027,3.0,-7.0,-35.0
1776886885.4611027,6.0,-2.0,-33.0
1776886885.4711027,10.0,2.0,-36.0
1776886885.4811027,8.0,1.0,-38.0
1776886885.4911027,9.0,0.0,-41.0
1776886885.5011027,5.0,2.0,-43.0
1776886885.511103,4.0,5.0,-38.0
1776886885.521103,2.0,3.0,-35.0
1776886885.531103,5.0,0.0,-34.0
1776886885.5411026,5.0,-1.0,-36.0
1776886885.5511026,4.0,3.0,-37.0
1776886885.5611026,2.0,3.0,-39.0
1776886885.5711029,-1.0,1.0,-40.0
1776886885.5811028,-3.0,1.0,-37.0
1776886885.5911028,-6.0,-2.0,-39.0
1776886885.6011028,-2.0,-3.0,-38.0
1776886885.6111028,-3.0,1.0,-32.0
1776886885.6211028,-4.0,0.0,-29.0
1776886885.6311028,-2.0,-2.0,-38.0
1776886885.6411028,-5.0,-5.0,-34.0
1776886885.6511028,-8.0,-4.0,-37.0
1776886885.6611028,-6.0,-5.0,-39.0
1776886885.6711028,1.0,-1.0,-43.0
1776886885.6811028,3.0,0.0,-41.0
1776886885.6911027,0.0,2.0,-42.0
1776886885.7011027,0.0,2.0,-39.0
1776886885.7111027,0.0,4.0,-42.0
1776886885.7211027,3.0,0.0,-42.0
1776886885.7311027,4.0,0.0,-48.0
1776886885.7411027,4.0,-8.0,-48.0
1776886885.7511027,7.0,-5.0,-37.0
1776886885.761103,5.0,-1.0,-36.0
1776886885.771103,2.0,0.0,-39.0
1776886885.781103,0.0,-1.0,-37.0
1776886885.7911026,-2.0,2.0,-36.0
1776886885.8011026,-6.0,2.0,-37.0
1776886885.8111026,-5.0,3.0,-38.0
1776886885.8211029,0.0,0.0,-33.0
1776886885.8311028,0.0,-1.0,-32.0
1776886885.8411028,-4.0,0.0,-30.0
1776886885.8511028,-3.0,0.0,-33.0
1776886885.8611028,-2.0,-1.0,-35.0
1776886885.8711028,-1.0,0.0,-40.0
1776886885.8811028,1.0,3.0,-44.0
1776886885.8911028,-4.0,0.0,-45.0
1776886885.9011028,-6.0,0.0,-44.0
1776886885.9111028,-5.0,1.0,-44.0
1776886885.9211028,-6.0,1.0,-43.0
1776886885.9311028,-1.0,3.0,-38.0
1776886885.9411027,0.0,2.0,-40.0
1776886885.9511027,3.0,1.0,-38.0
1776886885.9611027,3.0,-4.0,-38.0
1776886885.9711027,3.0,-4.0,-29.0
1776886885.9811027,-1.0,-6.0,-25.0
1776886885.9911027,-4.0,-5.0,-31.0
1776886886.0011027,-1.0,-4.0,-35.0
1776886886.011103,0.0,-5.0,-34.0
1776886886.021103,-3.0,-5.0,-37.0
1776886886.031103,0.0,-5.0,-38.0
1776886886.0411026,-1.0,-5.0,-41.0
1776886886.0511026,-7.0,-4.0,-39.0
1776886886.0611026,-6.0,-1.0,-45.0
1776886886.0711029,-5.0,-1.0,-47.0
1776886886.0811028,-8.0,-1.0,-51.0
1776886886.0911028,-2.0,-1.0,-44.0
1776886886.1011028,0.0,-2.0,-40.0
1776886886.1111028,0.0,1.0,-33.0
1776886886.1211028,4.0,2.0,-32.0
1776886886.1311028,2.0,-1.0,-35.0
1776886886.1411028,1.0,0.0,-40.0
1776886886.1511028,-1.0,-6.0,-45.0
1776886886.1611028,0.0,-9.0,-47.0
1776886886.1711028,-1.0,-9.0,-37.0
1776886886.182103,0.0,-2.0,-39.0
1776886886.1911027,3.0,-3.0,-36.0
1776886886.202103,0.0,0.0,-37.0
1776886886.212103,-1.0,3.0,-36.0
1776886886.2221026,-3.0,6.0,-39.0
1776886886.2321026,-3.0,4.0,-43.0
1776886886.2421026,-4.0,3.0,-40.0
1776886886.2521029,-4.0,0.0,-38.0
1776886886.2621028,-3.0,0.0,-38.0
1776886886.2721028,0.0,-3.0,-40.0
1776886886.2821028,0.0,-5.0,-41.0
1776886886.2921028,-1.0,-7.0,-39.0
1776886886.3021028,-1.0,-8.0,-38.0
1776886886.3121028,1.0,-2.0,-45.0
1776886886.3221028,0.0,0.0,-45.0
1776886886.3321028,0.0,-4.0,-40.0
1776886886.3421028,2.0,-6.0,-37.0
1776886886.3521028,0.0,-5.0,-41.0
1776886886.3621027,-1.0,-3.0,-41.0
1776886886.3721027,0.0,1.0,-41.0
1776886886.3821027,0.0,-1.0,-38.0
1776886886.3921027,-1.0,-1.0,-35.0
1776886886.4021027,0.0,0.0,-33.0
1776886886.4121027,-1.0,0.0,-37.0
1776886886.4221027,1.0,0.0,-35.0
1776886886.432103,-2.0,2.0,-32.0
1776886886.442103,0.0,2.0,-31.0
1776886886.452103,2.0,3.0,-31.0
1776886886.462103,8.0,5.0,-38.0
1776886886.4721026,8.0,1.0,-36.0
1776886886.4821026,9.0,-2.0,-37.0
1776886886.4921026,9.0,0.0,-36.0
1776886886.5021029,7.0,-3.0,-41.0
1776886886.5121028,7.0,-6.0,-48.0
1776886886.5221028,8.0,-9.0,-51.0
1776886886.5321028,7.0,-4.0,-53.0
1776886886.5421028,5.0,-3.0,-53.0
1776886886.5521028,2.0,1.0,-50.0
1776886886.5621028,3.0,-1.0,-45.0
1776886886.5721028,1.0,-2.0,-46.0
1776886886.5821028,0.0,-4.0,-44.0
1776886886.5921028,2.0,-5.0,-38.0
1776886886.6021028,7.0,-1.0,-35.0
1776886886.6121027,6.0,-2.0,-38.0
1776886886.6221027,8.0,-6.0,-40.0
1776886886.6321027,2.0,-9.0,-45.0
1776886886.6421027,6.0,-7.0,-44.0
1776886886.6521027,4.0,-6.0,-41.0
1776886886.6621027,6.0,-3.0,-41.0
1776886886.6721027,1.0,-7.0,-43.0
1776886886.682103,3.0,-7.0,-46.0
1776886886.692103,2.0,-4.0,-45.0
1776886886.702103,-1.0,-3.0,-41.0
1776886886.712103,-4.0,-5.0,-35.0
1776886886.7221026,-4.0,-4.0,-32.0
1776886886.7321026,-4.0,-5.0,-28.0
1776886886.7421026,-1.0,-5.0,-28.0
1776886886.7521029,1.0,-2.0,-31.0
1776886886.7621028,-1.0,-6.0,-38.0
1776886886.7721028,-2.0,-5.0,-33.0
1776886886.7821028,-2.0,-6.0,-35.0
1776886886.7921028,-6.0,-3.0,-39.0
1776886886.8021028,-3.0,2.0,-38.0
1776886886.8121028,-5.0,4.0,-39.0
1776886886.8221028,-6.0,5.0,-45.0
1776886886.8321028,-9.0,0.0,-45.0
1776886886.8421028,-4.0,4.0,-50.0
1776886886.8521028,-5.0,-2.0,-44.0
1776886886.8621027,-2.0,-6.0,-42.0
1776886886.8721027,1.0,-6.0,-39.0
1776886886.8821027,0.0,-5.0,-40.0
1776886886.8921027,5.0,-6.0,-46.0
1776886886.9021027,10.0,-9.0,-41.0
1776886886.9121027,12.0,-7.0,-34.0
1776886886.9221027,5.0,-6.0,-33.0
1776886886.932103,4.0,-6.0,-36.0
1776886886.942103,6.0,-5.0,-41.0
1776886886.952103,7.0,-4.0,-45.0
1776886886.962103,8.0,-2.0,-48.0
1776886886.9721026,3.0,-2.0,-40.0
1776886886.9821026,1.0,-5.0,-40.0
1776886886.9921026,3.0,-3.0,-42.0
1776886887.0021029,0.0,-3.0,-44.0
1776886887.0121028,6.0,0.0,-43.0
1776886887.0221028,8.0,4.0,-44.0
1776886887.0321028,7.0,3.0,-39.0
1776886887.0421028,7.0,3.0,-40.0
1776886887.0521028,8.0,5.0,-39.0
1776886887.0621028,6.0,7.0,-42.0
1776886887.0721028,5.0,6.0,-44.0
1776886887.0821028,7.0,6.0,-50.0
1776886887.0921028,3.0,5.0,-53.0
1776886887.1021028,2.0,3.0,-59.0
1776886887.1121027,0.0,4.0,-54.0
1776886887.1221027,0.0,2.0,-47.0
1776886887.1321027,0.0,1.0,-48.0
1776886887.1421027,1.0,4.0,-39.0
1776886887.1521027,2.0,2.0,-39.0
1776886887.1621027,-1.0,0.0,-46.0
1776886887.1721027,-2.0,0.0,-42.0
1776886887.182103,-6.0,0.0,-36.0
1776886887.192103,-6.0,-3.0,-34.0
1776886887.202103,-2.0,-6.0,-35.0
1776886887.212103,-3.0,-7.0,-37.0
1776886887.2221026,-4.0,-9.0,-40.0
1776886887.2321026,-3.0,-8.0,-38.0
1776886887.2421026,-6.0,-5.0,-40.0
1776886887.2521029,-9.0,0.0,-33.0
1776886887.2621028,-8.0,-1.0,-36.0
1776886887.2721028,-8.0,2.0,-35.0
1776886887.2821028,-5.0,6.0,-33.0
1776886887.2921028,-2.0,7.0,-35.0
1776886887.3021028,0.0,0.0,-33.0
1776886887.3121028,-4.0,-1.0,-38.0
1776886887.3221028,-1.0,1.0,-42.0
1776886887.3321028,1.0,-2.0,-37.0
1776886887.3421028,0.0,-5.0,-36.0
1776886887.3521028,5.0,-4.0,-36.0
1776886887.3621027,4.0,-3.0,-39.0
1776886887.3721027,2.0,-1.0,-36.0
1776886887.3821027,2.0,-5.0,-36.0
1776886887.3921027,-2.0,-5.0,-30.0
1776886887.4021027,-2.0,-3.0,-34.0
1776886887.4121027,-2.0,-3.0,-39.0
1776886887.4221027,0.0,3.0,-40.0
1776886887.432103,0.0,3.0,-41.0
1776886887.442103,1.0,0.0,-46.0
1776886887.452103,5.0,0.0,-48.0
1776886887.462103,5.0,-1.0,-45.0
1776886887.4721026,9.0,0.0,-41.0
1776886887.4821026,5.0,2.0,-34.0
1776886887.4921026,7.0,4.0,-33.0
1776886887.5021029,4.0,4.0,-28.0
1776886887.5121028,5.0,-1.0,-29.0
1776886887.5221028,4.0,-4.0,-29.0
1776886887.5321028,-1.0,-5.0,-29.0
1776886887.5421028,0.0,-4.0,-30.0
1776886887.5521028,-3.0,-5.0,-33.0
1776886887.5621028,-6.0,-5.0,-35.0
1776886887.5721028,-3.0,0.0,-40.0
1776886887.5821028,0.0,0.0,-41.0
1776886887.5921028,-3.0,2.0,-40.0
1776886887.6021028,-3.0,-2.0,-38.0
1776886887.6121027,-5.0,-3.0,-32.0
1776886887.6221027,-4.0,-4.0,-35.0
1776886887.6321027,-3.0,-4.0,-33.0
1776886887.6421027,-2.0,0.0,-36.0
1776886887.6521027,-6.0,0.0,-35.0
1776886887.6621027,-6.0,2.0,-37.0
1776886887.6721027,-5.0,3.0,-41.0
1776886887.682103,-1.0,2.0,-38.0
1776886887.692103,-2.0,2.0,-38.0
1776886887.702103,-6.0,1.0,-36.0
1776886887.712103,-6.0,-3.0,-40.0
1776886887.7221026,-3.0,-4.0,-39.0
1776886887.7321026,-3.0,-1.0,-35.0
1776886887.7421026,-3.0,0.0,-35.0
1776886887.7521029,-4.0,-1.0,-38.0
1776886887.7621028,-8.0,-2.0,-39.0
1776886887.7721028,-7.0,-5.0,-39.0
1776886887.7821028,-5.0,-6.0,-38.0
1776886887.7921028,-3.0,-5.0,-41.0
1776886887.8021028,0.0,-11.0,-38.0
1776886887.8121028,-2.0,-10.0,-39.0
1776886887.8221028,-3.0,-9.0,-34.0
1776886887.8321028,-7.0,-8.0,-34.0
1776886887.8421028,-2.0,-5.0,-30.0
1776886887.8521028,0.0,-5.0,-31.0
1776886887.8621027,1.0,-5.0,-36.0
1776886887.8721027,0.0,-4.0,-35.0
1776886887.8821027,0.0,-5.0,-37.0
1776886887.8921027,1.0,-4.0,-41.0
1776886887.9021027,5.0,-1.0,-44.0
1776886887.9121027,4.0,-1.0,-45.0
1776886887.9221027,-2.0,2.0,-38.0
1776886887.932103,-9.0,2.0,-33.0
1776886887.942103,-4.0,-1.0,-31.0
1776886887.952103,0.0,-7.0,-32.0
1776886887.962103,1.0,-4.0,-39.0
1776886887.9721026,0.0,-3.0,-32.0
1776886887.9821026,-3.0,0.0,-31.0
1776886887.9921026,-8.0,2.0,-31.0
1776886888.0021029,-6.0,0.0,-39.0
1776886888.0121028,-4.0,0.0,-35.0
1776886888.0221028,-6.0,3.0,-44.0
1776886888.0321028,-6.0,2.0,-39.0
1776886888.0421028,-3.0,2.0,-28.0
1776886888.0521028,-1.0,4.0,-29.0
1776886888.0621028,-2.0,5.0,-36.0
1776886888.0721028,-1.0,3.0,-41.0
1776886888.0821028,-2.0,7.0,-43.0
1776886888.0921028,-1.0,6.0,-45.0
1776886888.1021028,0.0,6.0,-41.0
1776886888.1121027,-1.0,2.0,-43.0
1776886888.1221027,-2.0,0.0,-43.0
1776886888.1321027,5.0,3.0,-46.0
1776886888.1421027,5.0,5.0,-42.0
1776886888.1521027,5.0,4.0,-40.0
1776886888.1621027,8.0,0.0,-41.0
1776886888.1721027,5.0,2.0,-44.0
1776886888.182103,5.0,2.0,-43.0
1776886888.192103,3.0,7.0,-41.0
1776886888.202103,1.0,1.0,-37.0
1776886888.2131028,2.0,1.0,-33.0
1776886888.2231028,5.0,2.0,-32.0
1776886888.2331028,0.0,4.0,-32.0
1776886888.2431028,3.0,3.0,-28.0
1776886888.2531028,5.0,0.0,-28.0
1776886888.2631028,7.0,2.0,-29.0
1776886888.2731028,9.0,0.0,-28.0
1776886888.2831028,5.0,-1.0,-31.0
1776886888.2931027,6.0,-4.0,-34.0
1776886888.3031027,9.0,-7.0,-35.0
1776886888.3131027,5.0,-5.0,-37.0
1776886888.3231027,3.0,-5.0,-33.0
1776886888.3331027,4.0,-2.0,-29.0
1776886888.3431027,1.0,1.0,-27.0
1776886888.3531027,0.0,-1.0,-26.0
1776886888.363103,1.0,-5.0,-30.0
1776886888.373103,1.0,-6.0,-34.0
1776886888.383103,-3.0,-6.0,-37.0
1776886888.3931026,-1.0,-2.0,-44.0
1776886888.4031026,0.0,-4.0,-44.0
1776886888.4131026,6.0,-4.0,-44.0
1776886888.4231029,7.0,-4.0,-52.0
1776886888.4331028,7.0,-4.0,-49.0
1776886888.4431028,8.0,-4.0,-43.0
1776886888.4531028,11.0,-1.0,-46.0
1776886888.4631028,10.0,1.0,-40.0
1776886888.4731028,6.0,1.0,-29.0
1776886888.4831028,6.0,-3.0,-34.0
1776886888.4931028,2.0,-4.0,-34.0
1776886888.5031028,3.0,-7.0,-37.0
1776886888.5131028,4.0,-8.0,-33.0
1776886888.5231028,2.0,-6.0,-34.0
1776886888.5331028,3.0,-6.0,-36.0
1776886888.5431027,3.0,-7.0,-40.0
1776886888.5531027,2.0,-4.0,-46.0
1776886888.5631027,1.0,1.0,-42.0
1776886888.5731027,0.0,0.0,-39.0
1776886888.5831027,-1.0,0.0,-35.0
1776886888.5931027,-2.0,-4.0,-31.0
1776886888.6031027,-3.0,-4.0,-30.0
1776886888.613103,-5.0,-1.0,-32.0
1776886888.623103,-6.0,-5.0,-34.0
1776886888.633103,-5.0,-3.0,-36.0
1776886888.6431026,-6.0,0.0,-40.0
1776886888.6531026,-4.0,-4.0,-41.0
1776886888.6631026,-3.0,-9.0,-38.0
1776886888.6731029,-3.0,-11.0,-42.0
1776886888.6831028,-2.0,-8.0,-41.0
1776886888.6931028,-1.0,-5.0,-36.0
1776886888.7031028,-1.0,-4.0,-37.0
1776886888.7131028,-1.0,-6.0,-39.0
1776886888.7231028,-2.0,-3.0,-36.0
1776886888.7331028,-3.0,-4.0,-37.0
1776886888.7431028,-2.0,0.0,-40.0
1776886888.7531028,-3.0,1.0,-38.0
1776886888.7631028,-1.0,-1.0,-40.0
1776886888.7731028,-2.0,-4.0,-37.0
1776886888.7831028,0.0,-3.0,-32.0
1776886888.7931027,2.0,-2.0,-30.0
1776886888.8031027,6.0,1.0,-28.0
1776886888.8131027,8.0,1.0,-30.0
1776886888.8231027,5.0,1.0,-37.0
1776886888.8331027,-1.0,1.0,-32.0
1776886888.8431027,-1.0,5.0,-31.0
1776886888.8531027,-1.0,4.0,-27.0
1776886888.863103,-1.0,1.0,-36.0
1776886888.873103,0.0,-1.0,-43.0
1776886888.883103,5.0,-1.0,-42.0
1776886888.8931026,8.0,-5.0,-37.0
1776886888.9031026,6.0,-5.0,-40.0
1776886888.9131026,7.0,-6.0,-43.0
1776886888.9231029,3.0,-7.0,-39.0
1776886888.9331028,1.0,-7.0,-42.0
1776886888.9431028,-2.0,-5.0,-48.0
1776886888.9531028,-5.0,-4.0,-45.0
1776886888.9631028,-6.0,-5.0,-49.0
1776886888.9731028,-6.0,0.0,-48.0
1776886888.9831028,0.0,1.0,-41.0
1776886888.9931028,2.0,5.0,-36.0
1776886889.0031028,1.0,3.0,-35.0
1776886889.0131028,6.0,1.0,-33.0
1776886889.0231028,6.0,2.0,-37.0
1776886889.0331028,4.0,0.0,-46.0
1776886889.0431027,2.0,0.0,-50.0
1776886889.0531027,1.0,3.0,-45.0
1776886889.0631027,2.0,5.0,-40.0
1776886889.0731027,6.0,6.0,-38.0
1776886889.0831027,2.0,9.0,-35.0
1776886889.0931027,0.0,8.0,-27.0
1776886889.1031027,1.0,3.0,-31.0
1776886889.113103,1.0,0.0,-36.0
1776886889.123103,2.0,0.0,-37.0
1776886889.133103,-2.0,1.0,-35.0
1776886889.1431026,2.0,1.0,-37.0
1776886889.1531026,0.0,-1.0,-33.0
1776886889.1631026,1.0,-4.0,-30.0
1776886889.1731029,1.0,-5.0,-31.0
1776886889.1831028,2.0,-5.0,-28.0
1776886889.1931028,0.0,-7.0,-29.0
1776886889.2031028,-3.0,-8.0,-28.0
1776886889.2131028,-2.0,-6.0,-36.0
1776886889.2231028,0.0,-4.0,-38.0
1776886889.2331028,1.0,-4.0,-41.0
1776886889.2431028,0.0,-2.0,-40.0
1776886889.2531028,6.0,-2.0,-40.0
1776886889.2631028,5.0,-4.0,-46.0
1776886889.2731028,7.0,-2.0,-41.0
1776886889.2831028,11.0,2.0,-38.0
1776886889.2931027,5.0,1.0,-38.0
1776886889.3031027,5.0,0.0,-34.0
1776886889.3131027,2.0,0.0,-39.0
1776886889.3231027,4.0,0.0,-38.0
1776886889.3331027,2.0,1.0,-37.0
1776886889.3431027,0.0,1.0,-34.0
1776886889.3531027,-3.0,1.0,-39.0
1776886889.363103,-3.0,0.0,-34.0
1776886889.373103,0.0,0.0,-30.0
1776886889.383103,0.0,0.0,-38.0
1776886889.3931026,0.0,0.0,-41.0
1776886889.4031026,1.0,0.0,-39.0
1776886889.4131026,1.0,0.0,-44.0
1776886889.4231029,2.0,0.0,-39.0
1776886889.4331028,5.0,1.0,-45.0
1776886889.4431028,6.0,0.0,-45.0
1776886889.4531028,1.0,-4.0,-44.0
1776886889.4631028,0.0,-3.0,-47.0
1776886889.4731028,-3.0,-2.0,-49.0
1776886889.4831028,-2.0,0.0,-47.0
1776886889.4931028,-2.0,1.0,-44.0
1776886889.5031028,0.0,0.0,-46.0
1776886889.5131028,2.0,2.0,-48.0
1776886889.5231028,-3.0,5.0,-49.0
1776886889.5331028,0.0,2.0,-41.0
1776886889.5431027,5.0,0.0,-32.0
1776886889.5531027,3.0,0.0,-29.0
1776886889.5631027,4.0,-4.0,-31.0
1776886889.5731027,1.0,-5.0,-33.0
1776886889.5831027,1.0,-9.0,-21.0
1776886889.5931027,-2.0,-11.0,-20.0
1776886889.6031027,-5.0,-8.0,-30.0
1776886889.613103,-5.0,-12.0,-34.0
1776886889.623103,-5.0,-10.0,-42.0
1776886889.633103,-5.0,-5.0,-40.0
1776886889.6431026,-1.0,-4.0,-40.0
1776886889.6531026,-1.0,-2.0,-40.0
1776886889.6631026,0.0,-4.0,-34.0
1776886889.6731029,-1.0,-3.0,-27.0
1776886889.6831028,0.0,0.0,-22.0
1776886889.6931028,1.0,3.0,-15.0
1776886889.7031028,0.0,4.0,-23.0
1776886889.7131028,-1.0,6.0,-24.0
1776886889.7231028,-2.0,7.0,-29.0
1776886889.7331028,2.0,7.0,-26.0
1776886889.7431028,-3.0,7.0,-28.0
1776886889.7531028,1.0,6.0,-30.0
1776886889.7631028,-2.0,6.0,-32.0
1776886889.7731028,0.0,3.0,-29.0
1776886889.7831028,0.0,3.0,-33.0
1776886889.7931027,0.0,5.0,-39.0
1776886889.8031027,4.0,8.0,-46.0
1776886889.8131027,3.0,4.0,-46.0
1776886889.8231027,2.0,0.0,-50.0
1776886889.8331027,2.0,-2.0,-44.0
1776886889.8431027,2.0,-3.0,-41.0
1776886889.8531027,4.0,-4.0,-36.0
1776886889.863103,1.0,-5.0,-36.0
1776886889.873103,1.0,-8.0,-33.0
1776886889.883103,0.0,-3.0,-39.0
1776886889.8931026,4.0,-4.0,-44.0
1776886889.9031026,9.0,-2.0,-47.0
1776886889.9131026,8.0,1.0,-42.0
1776886889.9231029,5.0,8.0,-42.0
1776886889.9331028,3.0,9.0,-42.0
1776886889.9431028,4.0,6.0,-41.0
1776886889.9531028,0.0,5.0,-45.0
1776886889.9631028,0.0,4.0,-43.0
1776886889.9731028,-3.0,3.0,-43.0
1776886889.9831028,1.0,3.0,-40.0
1776886889.9931028,4.0,-4.0,-40.0
1776886890.0031028,8.0,-2.0,-36.0
1776886890.0131028,12.0,-1.0,-39.0
1776886890.0241027,11.0,-2.0,-43.0
1776886890.0331028,14.0,-6.0,-51.0
1776886890.0431027,8.0,-7.0,-49.0
1776886890.0531027,8.0,-11.0,-46.0
1776886890.0631027,7.0,-10.0,-45.0
1776886890.0731027,7.0,-7.0,-46.0
1776886890.0831027,10.0,-5.0,-37.0
1776886890.0931027,6.0,-3.0,-37.0
1776886890.1031027,5.0,-5.0,-34.0
1776886890.113103,2.0,-6.0,-39.0
1776886890.123103,-1.0,-5.0,-44.0
1776886890.133103,-5.0,-7.0,-46.0
1776886890.1431026,-10.0,-5.0,-36.0
1776886890.1531026,-8.0,-10.0,-37.0
1776886890.1631026,-6.0,-12.0,-39.0
1776886890.1731029,-2.0,-8.0,-49.0
1776886890.1841028,0.0,-8.0,-47.0
1776886890.1931028,3.0,-9.0,-42.0
1776886890.2041028,5.0,-8.0,-41.0
1776886890.2141027,3.0,-8.0,-44.0
1776886890.2241027,1.0,-6.0,-45.0
1776886890.2341027,-1.0,-5.0,-49.0
1776886890.2431028,-3.0,-4.0,-46.0
1776886890.2541027,-5.0,-7.0,-43.0
1776886890.2641027,-3.0,-7.0,-42.0
1776886890.2741027,0.0,-7.0,-33.0
1776886890.284103,0.0,-1.0,-41.0
1776886890.294103,-1.0,-1.0,-40.0
1776886890.304103,-1.0,-3.0,-48.0
1776886890.3141026,-4.0,-6.0,-41.0
1776886890.3241026,-5.0,-6.0,-44.0
1776886890.3341026,0.0,-2.0,-40.0
1776886890.3441026,-1.0,0.0,-42.0
1776886890.3541028,1.0,-1.0,-44.0
1776886890.3641028,-1.0,-3.0,-48.0
1776886890.3741028,1.0,-2.0,-39.0
1776886890.3841028,-3.0,-1.0,-41.0
1776886890.3941028,-7.0,1.0,-38.0
1776886890.4041028,-6.0,-3.0,-37.0
1776886890.4141028,-7.0,-2.0,-36.0
1776886890.4241028,-8.0,0.0,-38.0
1776886890.4341028,-9.0,-2.0,-47.0
1776886890.4441028,-5.0,-4.0,-49.0
1776886890.4541028,-1.0,-1.0,-44.0
1776886890.4641027,1.0,0.0,-46.0
1776886890.4741027,-5.0,3.0,-41.0
1776886890.4841027,-3.0,1.0,-42.0
1776886890.4941027,0.0,1.0,-37.0
1776886890.5041027,0.0,-2.0,-39.0
1776886890.5141027,4.0,2.0,-38.0
1776886890.5241027,6.0,-1.0,-36.0
1776886890.534103,9.0,0.0,-37.0
1776886890.544103,5.0,-1.0,-39.0
1776886890.554103,4.0,-3.0,-31.0
1776886890.5641026,4.0,-1.0,-28.0
1776886890.5741026,1.0,-1.0,-33.0
1776886890.5841026,-3.0,-2.0,-33.0
1776886890.5941026,-2.0,0.0,-35.0
1776886890.6041028,-4.0,-1.0,-32.0
1776886890.6141028,-5.0,-3.0,-38.0
1776886890.6241028,-2.0,0.0,-39.0
1776886890.6341028,-1.0,1.0,-42.0
1776886890.6441028,0.0,1.0,-35.0
1776886890.6541028,0.0,0.0,-39.0
1776886890.6641028,2.0,1.0,-40.0
1776886890.6741028,4.0,-1.0,-41.0
1776886890.6841028,7.0,-6.0,-49.0
1776886890.6941028,2.0,-3.0,-53.0
1776886890.7041028,0.0,-5.0,-59.0
1776886890.7141027,-2.0,-3.0,-57.0
1776886890.7241027,-5.0,-3.0,-55.0
1776886890.7341027,-4.0,-9.0,-52.0
1776886890.7441027,-2.0,-11.0,-54.0
1776886890.7541027,1.0,-9.0,-53.0
1776886890.7641027,-1.0,-6.0,-53.0
1776886890.7741027,-6.0,-3.0,-56.0
1776886890.784103,-1.0,0.0,-48.0
1776886890.794103,2.0,2.0,-37.0
1776886890.804103,4.0,0.0,-32.0
1776886890.8141026,-1.0,0.0,-29.0
1776886890.8241026,3.0,0.0,-33.0
1776886890.8341026,2.0,-1.0,-38.0
1776886890.8441026,-1.0,1.0,-29.0
1776886890.8541028,-1.0,-1.0,-32.0
1776886890.8641028,1.0,1.0,-33.0
1776886890.8741028,-1.0,0.0,-31.0
1776886890.8841028,-4.0,2.0,-30.0
1776886890.8941028,-3.0,-1.0,-32.0
1776886890.9041028,-4.0,-1.0,-29.0
1776886890.9141028,-3.0,2.0,-30.0
1776886890.9241028,-1.0,2.0,-33.0
1776886890.9341028,0.0,-6.0,-39.0
1776886890.9441028,0.0,-6.0,-42.0
1776886890.9541028,1.0,-5.0,-44.0
1776886890.9641027,2.0,-4.0,-42.0
1776886890.9741027,4.0,-8.0,-43.0
1776886890.9841027,3.0,-10.0,-39.0
1776886890.9941027,2.0,-6.0,-37.0
1776886891.0041027,2.0,-2.0,-32.0
1776886891.0141027,2.0,0.0,-36.0
1776886891.0241027,2.0,-2.0,-30.0
1776886891.034103,3.0,-4.0,-33.0
1776886891.044103,2.0,0.0,-36.0
1776886891.054103,2.0,-1.0,-37.0
1776886891.0641026,0.0,-3.0,-38.0
1776886891.0741026,-3.0,0.0,-32.0
1776886891.0841026,-4.0,0.0,-30.0
1776886891.0941026,-4.0,0.0,-34.0
1776886891.1041028,2.0,1.0,-40.0
1776886891.1141028,1.0,-1.0,-40.0
1776886891.1241028,2.0,0.0,-37.0
1776886891.1341028,0.0,0.0,-33.0
1776886891.1441028,1.0,0.0,-32.0
1776886891.1541028,0.0,0.0,-36.0
1776886891.1641028,-2.0,2.0,-37.0
1776886891.1741028,-1.0,1.0,-37.0
1776886891.1841028,-2.0,3.0,-31.0
1776886891.1941028,-2.0,3.0,-34.0
1776886891.2041028,1.0,0.0,-42.0
1776886891.2141027,4.0,2.0,-38.0
1776886891.2241027,2.0,1.0,-38.0
1776886891.2341027,5.0,-3.0,-34.0
1776886891.2441027,3.0,-2.0,-34.0
1776886891.2541027,2.0,-3.0,-44.0
1776886891.2641027,2.0,-4.0,-46.0
1776886891.2741027,-1.0,-4.0,-42.0
1776886891.284103,-1.0,-1.0,-38.0
1776886891.294103,-3.0,3.0,-38.0
1776886891.304103,-1.0,-3.0,-39.0
1776886891.3141026,-6.0,-3.0,-43.0
1776886891.3241026,-6.0,-2.0,-43.0
1776886891.3341026,-5.0,-1.0,-41.0
1776886891.3441026,-4.0,0.0,-41.0
1776886891.3541028,-6.0,-1.0,-39.0
1776886891.3641028,-4.0,-3.0,-35.0
1776886891.3741028,-5.0,-4.0,-40.0
1776886891.3841028,-5.0,-3.0,-41.0
1776886891.3941028,-4.0,-5.0,-41.0
1776886891.4041028,-6.0,-6.0,-41.0
1776886891.4141028,-1.0,-1.0,-43.0
1776886891.4241028,4.0,-1.0,-44.0
1776886891.4341028,6.0,-5.0,-41.0
1776886891.4441028,5.0,-8.0,-45.0
1776886891.4541028,8.0,-7.0,-41.0
1776886891.4641027,8.0,-3.0,-36.0
1776886891.4741027,8.0,0.0,-38.0
1776886891.4841027,2.0,1.0,-32.0
1776886891.4941027,5.0,0.0,-31.0
1776886891.5041027,1.0,0.0,-30.0
1776886891.5141027,-2.0,1.0,-33.0
1776886891.5241027,1.0,1.0,-34.0
1776886891.534103,8.0,0.0,-28.0
1776886891.544103,5.0,-7.0,-31.0
1776886891.554103,4.0,-5.0,-33.0
1776886891.5641026,0.0,-6.0,-28.0
1776886891.5741026,2.0,-8.0,-30.0
1776886891.5841026,1.0,-4.0,-39.0
1776886891.5941026,2.0,1.0,-37.0
1776886891.6041028,0.0,4.0,-44.0
1776886891.6141028,1.0,0.0,-41.0
1776886891.6241028,2.0,0.0,-42.0
1776886891.6341028,1.0,0.0,-45.0
1776886891.6441028,4.0,2.0,-48.0
1776886891.6541028,6.0,1.0,-43.0
1776886891.6641028,5.0,3.0,-40.0
1776886891.6741028,0.0,6.0,-37.0
1776886891.6841028,-3.0,5.0,-38.0
1776886891.6941028,-1.0,1.0,-41.0
1776886891.7041028,3.0,0.0,-44.0
1776886891.7141027,5.0,-3.0,-42.0
1776886891.7241027,0.0,2.0,-35.0
1776886891.7341027,0.0,0.0,-32.0
1776886891.7441027,2.0,-2.0,-34.0
1776886891.7541027,0.0,-3.0,-32.0
1776886891.7641027,2.0,0.0,-31.0
1776886891.7741027,0.0,-4.0,-28.0
1776886891.784103,3.0,-2.0,-27.0
1776886891.794103,4.0,-4.0,-28.0
1776886891.804103,2.0,-2.0,-29.0
1776886891.8141026,-1.0,-3.0,-29.0
1776886891.8241026,-3.0,-4.0,-31.0
1776886891.8341026,-5.0,2.0,-34.0
1776886891.8441026,-6.0,5.0,-35.0
1776886891.8541028,-5.0,5.0,-36.0
1776886891.8641028,-4.0,2.0,-37.0
1776886891.8741028,-3.0,-1.0,-34.0
1776886891.8841028,-1.0,0.0,-36.0
1776886891.8941028,1.0,1.0,-34.0
1776886891.9041028,1.0,0.0,-35.0
1776886891.9141028,1.0,2.0,-32.0
1776886891.9241028,1.0,0.0,-33.0
1776886891.9341028,3.0,-3.0,-41.0
1776886891.9441028,2.0,1.0,-40.0
1776886891.9541028,5.0,3.0,-39.0
1776886891.9641027,1.0,2.0,-41.0
1776886891.9741027,2.0,3.0,-40.0
1776886891.9841027,4.0,3.0,-43.0
1776886891.9941027,3.0,1.0,-43.0
1776886892.0041027,1.0,-1.0,-44.0
1776886892.0141027,0.0,-2.0,-44.0
1776886892.0241027,1.0,-6.0,-35.0
1776886892.034103,2.0,-10.0,-35.0
1776886892.044103,0.0,-11.0,-28.0
1776886892.054103,-2.0,-7.0,-30.0
1776886892.0641026,2.0,-7.0,-30.0
1776886892.0741026,0.0,-6.0,-27.0
1776886892.0841026,1.0,-2.0,-26.0
1776886892.0941026,0.0,-1.0,-23.0
1776886892.1041028,5.0,-1.0,-30.0
1776886892.1141028,8.0,-2.0,-37.0
1776886892.1241028,7.0,-3.0,-37.0
1776886892.1341028,0.0,-2.0,-33.0
1776886892.1441028,0.0,1.0,-36.0
1776886892.1541028,0.0,0.0,-39.0
1776886892.1641028,0.0,-4.0,-46.0
1776886892.1741028,3.0,-4.0,-44.0
1776886892.1841028,2.0,0.0,-41.0
1776886892.1951027,4.0,-2.0,-43.0
1776886892.2051027,1.0,0.0,-46.0
1776886892.215103,1.0,7.0,-50.0
1776886892.225103,1.0,9.0,-48.0
1776886892.235103,1.0,6.0,-50.0
1776886892.2451026,1.0,5.0,-49.0
1776886892.2551026,2.0,4.0,-45.0
1776886892.2651026,2.0,1.0,-48.0
1776886892.2751029,4.0,-3.0,-46.0
1776886892.2851028,7.0,-1.0,-48.0
1776886892.2951028,11.0,0.0,-46.0
1776886892.3051028,6.0,-2.0,-36.0
1776886892.3151028,5.0,-1.0,-30.0
1776886892.3251028,6.0,-1.0,-28.0
1776886892.3351028,6.0,1.0,-30.0
1776886892.3451028,4.0,0.0,-38.0
1776886892.3551028,4.0,3.0,-35.0
1776886892.3651028,9.0,0.0,-43.0
1776886892.3751028,9.0,0.0,-40.0
1776886892.3851027,6.0,-1.0,-39.0
1776886892.3951027,2.0,-1.0,-40.0
1776886892.4051027,0.0,-1.0,-39.0
1776886892.4151027,0.0,0.0,-43.0
1776886892.4251027,-2.0,-4.0,-39.0
1776886892.4351027,3.0,-3.0,-36.0
1776886892.4451027,4.0,-4.0,-35.0
1776886892.4551027,2.0,-5.0,-43.0
1776886892.465103,0.0,-3.0,-37.0
1776886892.475103,1.0,-3.0,-35.0
1776886892.485103,0.0,0.0,-33.0
1776886892.4951026,4.0,-3.0,-29.0
1776886892.5051026,3.0,-6.0,-29.0
1776886892.5151026,0.0,-5.0,-31.0
1776886892.5251029,-1.0,-4.0,-32.0
1776886892.5351028,0.0,-3.0,-31.0
1776886892.5451028,2.0,-2.0,-33.0
1776886892.5551028,0.0,-4.0,-32.0
1776886892.5651028,-3.0,-3.0,-29.0
1776886892.5751028,-1.0,-1.0,-25.0
1776886892.5851028,1.0,-1.0,-25.0
1776886892.5951028,4.0,0.0,-30.0
1776886892.6051028,6.0,2.0,-29.0
1776886892.6151028,4.0,2.0,-35.0
1776886892.6251028,2.0,-1.0,-40.0
1776886892.6351027,-1.0,-1.0,-50.0
1776886892.6451027,0.0,-1.0,-44.0
1776886892.6551027,0.0,0.0,-39.0
1776886892.6651027,2.0,0.0,-38.0
1776886892.6751027,4.0,0.0,-38.0
1776886892.6851027,5.0,2.0,-32.0
1776886892.6951027,6.0,3.0,-25.0
1776886892.7051027,7.0,4.0,-26.0
1776886892.715103,4.0,4.0,-28.0
1776886892.725103,1.0,2.0,-30.0
1776886892.735103,5.0,2.0,-35.0
1776886892.7451026,0.0,0.0,-46.0
1776886892.7551026,-3.0,-2.0,-56.0
1776886892.7651026,-2.0,0.0,-48.0
1776886892.7751029,0.0,-3.0,-44.0
1776886892.7851028,0.0,-5.0,-40.0
1776886892.7951028,-4.0,-5.0,-35.0
1776886892.8051028,-5.0,-1.0,-39.0
1776886892.8151028,-10.0,-1.0,-38.0
1776886892.8251028,-6.0,0.0,-45.0
1776886892.8351028,-3.0,0.0,-49.0
1776886892.8451028,-4.0,-1.0,-50.0
1776886892.8551028,-2.0,-2.0,-43.0
1776886892.8651028,-1.0,-3.0,-42.0
1776886892.8751028,4.0,-3.0,-46.0
1776886892.8851027,6.0,-2.0,-44.0
1776886892.8951027,6.0,-2.0,-42.0
1776886892.9051027,1.0,-1.0,-44.0
1776886892.9151027,0.0,-2.0,-44.0
1776886892.9251027,2.0,0.0,-42.0
1776886892.9351027,0.0,0.0,-35.0
1776886892.9451027,0.0,0.0,-34.0
1776886892.9551027,-1.0,0.0,-31.0
1776886892.965103,0.0,0.0,-32.0
1776886892.975103,0.0,2.0,-38.0
1776886892.985103,1.0,2.0,-35.0
1776886892.9951026,0.0,0.0,-38.0
1776886893.0051026,3.0,-3.0,-39.0
1776886893.0151026,0.0,-5.0,-41.0
1776886893.0251029,-1.0,-3.0,-39.0
1776886893.0351028,1.0,-5.0,-36.0
1776886893.0451028,4.0,-6.0,-38.0
1776886893.0551028,4.0,-7.0,-38.0
1776886893.0651028,6.0,-9.0,-43.0
1776886893.0751028,0.0,-5.0,-50.0
1776886893.0851028,-1.0,-2.0,-44.0
1776886893.0951028,-3.0,0.0,-44.0
1776886893.1051028,-3.0,-4.0,-40.0
1776886893.1151028,-3.0,-2.0,-36.0
1776886893.1251028,-1.0,-1.0,-38.0
1776886893.1351027,0.0,-2.0,-38.0
1776886893.1451027,1.0,-7.0,-40.0
1776886893.1551027,-2.0,-10.0,-39.0
1776886893.1651027,-2.0,-14.0,-38.0
1776886893.1751027,-4.0,-10.0,-35.0
1776886893.1851027,-6.0,-7.0,-40.0
1776886893.1951027,-5.0,-6.0,-39.0
1776886893.2051027,-5.0,0.0,-36.0
1776886893.215103,0.0,0.0,-35.0
1776886893.225103,4.0,0.0,-38.0
1776886893.235103,6.0,1.0,-38.0
1776886893.2451026,4.0,0.0,-39.0
1776886893.2551026,2.0,-7.0,-39.0
1776886893.2651026,-3.0,-8.0,-39.0
1776886893.2751029,1.0,-5.0,-35.0
1776886893.2851028,0.0,-3.0,-36.0
1776886893.2951028,-4.0,0.0,-36.0
1776886893.3051028,0.0,0.0,-29.0
1776886893.3151028,-5.0,2.0,-29.0
1776886893.3251028,-6.0,2.0,-34.0
1776886893.3351028,0.0,4.0,-41.0
1776886893.3451028,3.0,3.0,-42.0
1776886893.3551028,2.0,1.0,-42.0
1776886893.3651028,-2.0,0.0,-40.0
1776886893.3751028,-3.0,-2.0,-37.0
1776886893.3851027,3.0,-2.0,-33.0
1776886893.3951027,3.0,-5.0,-31.0
1776886893.4051027,1.0,-5.0,-30.0
1776886893.4151027,4.0,0.0,-26.0
1776886893.4251027,-2.0,-1.0,-32.0
1776886893.4351027,-1.0,-1.0,-38.0
1776886893.4451027,0.0,0.0,-36.0
1776886893.4551027,-4.0,-5.0,-37.0
1776886893.465103,-4.0,-6.0,-35.0
1776886893.475103,-1.0,-5.0,-29.0
1776886893.485103,1.0,1.0,-25.0
1776886893.4951026,3.0,-1.0,-25.0
1776886893.5051026,0.0,-6.0,-23.0
1776886893.5151026,0.0,-4.0,-24.0
1776886893.5251029,0.0,-3.0,-21.0
1776886893.5351028,0.0,-1.0,-27.0
1776886893.5451028,0.0,-6.0,-29.0
1776886893.5551028,-1.0,-8.0,-32.0
1776886893.5651028,-1.0,-7.0,-34.0
1776886893.5751028,-1.0,-11.0,-35.0
1776886893.5851028,0.0,-7.0,-32.0
1776886893.5951028,3.0,-7.0,-31.0
1776886893.6051028,4.0,-8.0,-36.0
1776886893.6151028,1.0,-8.0,-38.0
1776886893.6251028,0.0,-8.0,-33.0
1776886893.6351027,-1.0,-1.0,-41.0
1776886893.6451027,-3.0,-3.0,-39.0
1776886893.6551027,-2.0,-3.0,-40.0
1776886893.6651027,-6.0,-4.0,-40.0
1776886893.6751027,-5.0,-4.0,-42.0
1776886893.6851027,-3.0,-2.0,-43.0
1776886893.6951027,3.0,-3.0,-44.0
1776886893.7051027,1.0,-3.0,-40.0
1776886893.715103,-2.0,-4.0,-48.0
1776886893.725103,-4.0,-7.0,-53.0
1776886893.735103,-3.0,-1.0,-48.0
1776886893.7451026,-1.0,0.0,-45.0
1776886893.7551026,-3.0,-2.0,-43.0
1776886893.7651026,-7.0,-3.0,-50.0
1776886893.7751029,-8.0,-3.0,-51.0
1776886893.7851028,-5.0,-2.0,-50.0
1776886893.7951028,-7.0,-1.0,-43.0
1776886893.8051028,-3.0,-2.0,-41.0
1776886893.8151028,-2.0,0.0,-35.0
1776886893.8251028,1.0,1.0,-39.0
1776886893.8351028,1.0,4.0,-44.0
1776886893.8451028,0.0,3.0,-38.0
1776886893.8551028,2.0,1.0,-37.0
1776886893.8651028,4.0,2.0,-33.0
1776886893.8751028,9.0,3.0,-34.0
1776886893.8851027,10.0,0.0,-39.0
1776886893.8951027,7.0,-2.0,-36.0
1776886893.9051027,4.0,-5.0,-41.0
1776886893.9151027,5.0,-5.0,-41.0
1776886893.9251027,6.0,-4.0,-39.0
1776886893.9351027,8.0,0.0,-35.0
1776886893.9451027,1.0,3.0,-27.0
1776886893.9551027,0.0,5.0,-27.0
1776886893.965103,1.0,1.0,-29.0
1776886893.975103,5.0,-3.0,-26.0
1776886893.985103,4.0,-5.0,-31.0
1776886893.9951026,1.0,-5.0,-33.0
1776886894.0051026,0.0,-3.0,-45.0
1776886894.0151026,-1.0,-5.0,-50.0
1776886894.0251029,-2.0,-2.0,-46.0
1776886894.0351028,-10.0,-3.0,-43.0
1776886894.0451028,-5.0,0.0,-45.0
1776886894.0551028,-2.0,0.0,-46.0
1776886894.0651028,1.0,-1.0,-44.0
1776886894.0751028,-4.0,0.0,-41.0
1776886894.0851028,-7.0,-1.0,-48.0
1776886894.0951028,-5.0,-5.0,-40.0
1776886894.1051028,-3.0,-3.0,-39.0
1776886894.1151028,-2.0,-2.0,-41.0
1776886894.1251028,-3.0,-1.0,-53.0
1776886894.1351027,-2.0,0.0,-47.0
1776886894.1451027,-3.0,-1.0,-46.0
1776886894.1551027,-4.0,3.0,-45.0
1776886894.1651027,-3.0,-1.0,-38.0
1776886894.1751027,0.0,-5.0,-37.0
1776886894.1851027,0.0,-3.0,-37.0
1776886894.1961029,-1.0,-3.0,-35.0
1776886894.2051027,0.0,-3.0,-35.0
1776886894.215103,-1.0,-4.0,-38.0
1776886894.2261028,-1.0,-1.0,-45.0
1776886894.2361028,0.0,4.0,-41.0
1776886894.2461028,-1.0,2.0,-36.0
1776886894.2561028,-6.0,0.0,-35.0
1776886894.2661028,-5.0,0.0,-37.0
1776886894.2761028,-6.0,2.0,-35.0
1776886894.2861028,0.0,-1.0,-27.0
1776886894.2961028,0.0,-1.0,-27.0
1776886894.3061028,2.0,1.0,-30.0
1776886894.3161027,2.0,-1.0,-34.0
1776886894.3261027,2.0,-2.0,-40.0
1776886894.3361027,1.0,-3.0,-44.0
1776886894.3461027,0.0,0.0,-48.0
1776886894.3561027,1.0,1.0,-47.0
1776886894.3661027,3.0,-2.0,-45.0
1776886894.3761027,4.0,-3.0,-43.0
1776886894.386103,4.0,-2.0,-40.0
1776886894.396103,2.0,-4.0,-39.0
1776886894.406103,0.0,-6.0,-32.0
1776886894.4161026,0.0,-6.0,-31.0
1776886894.4261026,-3.0,-7.0,-40.0
1776886894.4361026,-2.0,-4.0,-39.0
1776886894.4461029,0.0,-2.0,-36.0
1776886894.4561028,-4.0,0.0,-40.0
1776886894.4661028,0.0,-1.0,-39.0
1776886894.4761028,1.0,-3.0,-45.0
1776886894.4861028,0.0,-1.0,-48.0
1776886894.4961028,-3.0,-3.0,-45.0
1776886894.5061028,-3.0,-6.0,-42.0
1776886894.5161028,-7.0,-2.0,-37.0
1776886894.5261028,-5.0,-5.0,-38.0
1776886894.5361028,-5.0,-6.0,-41.0
1776886894.5461028,-7.0,-5.0,-52.0
1776886894.5561028,-5.0,-2.0,-53.0
1776886894.5661027,-2.0,-1.0,-44.0
1776886894.5761027,0.0,2.0,-41.0
1776886894.5861027,-1.0,0.0,-42.0
1776886894.5961027,-4.0,-2.0,-40.0
1776886894.6061027,-1.0,1.0,-38.0
1776886894.6161027,-2.0,-2.0,-42.0
1776886894.6261027,1.0,-3.0,-41.0
1776886894.636103,5.0,-3.0,-37.0
1776886894.646103,1.0,0.0,-44.0
1776886894.656103,0.0,1.0,-44.0
1776886894.6661026,-2.0,1.0,-42.0
1776886894.6761026,-2.0,0.0,-41.0
1776886894.6861026,-6.0,-2.0,-44.0
1776886894.6961029,-7.0,-2.0,-44.0
1776886894.7061028,-5.0,-2.0,-42.0
1776886894.7161028,-9.0,3.0,-29.0
1776886894.7261028,-8.0,0.0,-24.0
1776886894.7361028,-7.0,0.0,-25.0
1776886894.7461028,-2.0,-1.0,-35.0
1776886894.7561028,-2.0,2.0,-36.0
1776886894.7661028,0.0,2.0,-37.0
1776886894.7761028,2.0,0.0,-36.0
1776886894.7861028,2.0,-1.0,-30.0
1776886894.7961028,1.0,-3.0,-32.0
1776886894.8061028,0.0,-2.0,-31.0
1776886894.8161027,0.0,0.0,-34.0
1776886894.8261027,-1.0,1.0,-37.0
1776886894.8361027,-5.0,-2.0,-33.0
1776886894.8461027,-5.0,0.0,-29.0
1776886894.8561027,-7.0,1.0,-31.0
1776886894.8661027,-6.0,2.0,-36.0
1776886894.8761027,0.0,-5.0,-38.0
1776886894.886103,-1.0,-5.0,-37.0
1776886894.896103,-1.0,-3.0,-34.0
1776886894.906103,5.0,-5.0,-33.0
1776886894.9161026,10.0,-7.0,-46.0
1776886894.9261026,7.0,-9.0,-43.0
1776886894.9361026,3.0,-7.0,-36.0
1776886894.9461029,6.0,-3.0,-33.0
1776886894.9561028,2.0,0.0,-39.0
1776886894.9661028,1.0,-3.0,-40.0
1776886894.9761028,1.0,-5.0,-48.0
1776886894.9861028,1.0,-1.0,-48.0
1776886894.9961028,1.0,-1.0,-43.0
1776886895.0061028,0.0,0.0,-43.0
1776886895.0161028,0.0,0.0,-39.0
1776886895.0261028,0.0,2.0,-35.0
1776886895.0361028,1.0,0.0,-42.0
1776886895.0461028,-3.0,0.0,-49.0
1776886895.0561028,-1.0,-6.0,-50.0
1776886895.0661027,0.0,-6.0,-43.0
1776886895.0761027,0.0,-3.0,-48.0
1776886895.0861027,1.0,-3.0,-46.0
1776886895.0961027,-1.0,-1.0,-47.0
1776886895.1061027,3.0,1.0,-46.0
1776886895.1161027,5.0,3.0,-38.0
1776886895.1261027,3.0,0.0,-31.0
1776886895.136103,3.0,-2.0,-37.0
1776886895.146103,-1.0,1.0,-36.0
1776886895.156103,0.0,3.0,-43.0
1776886895.1661026,0.0,6.0,-34.0
1776886895.1761026,0.0,5.0,-33.0
1776886895.1861026,2.0,7.0,-35.0
1776886895.1961029,5.0,2.0,-38.0
1776886895.2061028,3.0,-1.0,-41.0
1776886895.2161028,2.0,-2.0,-37.0
1776886895.2261028,4.0,-5.0,-40.0
1776886895.2361028,2.0,-8.0,-43.0
1776886895.2461028,2.0,-3.0,-46.0
1776886895.2561028,2.0,-10.0,-51.0
1776886895.2661028,3.0,-7.0,-53.0
1776886895.2761028,1.0,-2.0,-45.0
1776886895.2861028,2.0,-3.0,-40.0
1776886895.2961028,3.0,-2.0,-48.0
1776886895.3061028,0.0,-4.0,-44.0
1776886895.3161027,0.0,-4.0,-42.0
1776886895.3261027,1.0,-3.0,-43.0
1776886895.3361027,1.0,-2.0,-35.0
1776886895.3461027,3.0,-1.0,-30.0
1776886895.3561027,5.0,-3.0,-25.0
1776886895.3661027,3.0,-3.0,-27.0
1776886895.3761027,3.0,-2.0,-33.0
1776886895.386103,8.0,0.0,-39.0
1776886895.396103,13.0,1.0,-38.0
1776886895.406103,12.0,3.0,-35.0
1776886895.4161026,9.0,3.0,-34.0
1776886895.4261026,7.0,6.0,-32.0
1776886895.4361026,6.0,6.0,-31.0
1776886895.4461029,4.0,5.0,-26.0
1776886895.4561028,-2.0,4.0,-29.0
1776886895.4661028,-5.0,1.0,-38.0
1776886895.4761028,0.0,0.0,-35.0
1776886895.4861028,2.0,0.0,-28.0
1776886895.4961028,4.0,0.0,-27.0
1776886895.5061028,6.0,0.0,-28.0
1776886895.5161028,7.0,2.0,-33.0
1776886895.5261028,9.0,0.0,-29.0
1776886895.5361028,10.0,2.0,-29.0
1776886895.5461028,5.0,1.0,-31.0
1776886895.5561028,4.0,0.0,-31.0
1776886895.5661027,2.0,-5.0,-36.0
1776886895.5761027,3.0,-2.0,-39.0
1776886895.5861027,5.0,0.0,-39.0
1776886895.5961027,5.0,-3.0,-38.0
1776886895.6061027,8.0,-4.0,-38.0
1776886895.6161027,6.0,-2.0,-36.0
1776886895.6261027,4.0,-1.0,-37.0
1776886895.636103,0.0,0.0,-32.0
1776886895.646103,0.0,0.0,-33.0
1776886895.656103,-2.0,-1.0,-32.0
1776886895.6661026,-2.0,-5.0,-37.0
1776886895.6761026,-2.0,-4.0,-28.0
1776886895.6861026,-3.0,-7.0,-29.0
1776886895.6961029,1.0,-9.0,-37.0
1776886895.7061028,0.0,-5.0,-46.0
1776886895.7161028,-2.0,-6.0,-45.0
1776886895.7261028,0.0,0.0,-46.0
1776886895.7361028,2.0,0.0,-48.0
1776886895.7461028,2.0,0.0,-45.0
1776886895.7561028,2.0,4.0,-44.0
1776886895.7661028,-2.0,3.0,-36.0
1776886895.7761028,-7.0,2.0,-36.0
1776886895.7861028,-1.0,1.0,-33.0
1776886895.7961028,5.0,1.0,-38.0
1776886895.8061028,5.0,4.0,-35.0
1776886895.8161027,-2.0,7.0,-37.0
1776886895.8261027,-1.0,1.0,-35.0
1776886895.8361027,-7.0,0.0,-36.0
1776886895.8461027,-8.0,-1.0,-37.0
1776886895.8561027,-5.0,0.0,-35.0
1776886895.8661027,-2.0,-1.0,-34.0
1776886895.8761027,1.0,3.0,-42.0
1776886895.886103,-2.0,5.0,-34.0
1776886895.896103,-3.0,2.0,-34.0
1776886895.906103,-2.0,5.0,-29.0
1776886895.9161026,0.0,0.0,-30.0
1776886895.9261026,-4.0,-3.0,-31.0
1776886895.9361026,-4.0,-1.0,-41.0
1776886895.9461029,-4.0,-3.0,-44.0
1776886895.9561028,-2.0,-5.0,-45.0
1776886895.9661028,-1.0,-3.0,-45.0
1776886895.9761028,-2.0,0.0,-43.0
1776886895.9861028,-2.0,4.0,-39.0
1776886895.9961028,-4.0,6.0,-43.0
1776886896.0061028,0.0,7.0,-37.0
1776886896.0161028,0.0,2.0,-37.0
1776886896.0261028,-3.0,-2.0,-38.0
1776886896.0361028,-6.0,-3.0,-32.0
1776886896.0461028,-5.0,0.0,-33.0
1776886896.0561028,0.0,0.0,-36.0
1776886896.0661027,0.0,1.0,-37.0
1776886896.0761027,-1.0,0.0,-37.0
1776886896.0861027,2.0,2.0,-39.0
1776886896.0961027,1.0,5.0,-36.0
1776886896.1061027,0.0,1.0,-42.0
1776886896.1161027,-3.0,-2.0,-40.0
1776886896.1261027,-3.0,-5.0,-42.0
1776886896.136103,-2.0,-2.0,-43.0
1776886896.146103,-2.0,1.0,-42.0
1776886896.156103,-1.0,3.0,-40.0
1776886896.1661026,-2.0,3.0,-37.0
1776886896.1761026,-1.0,-1.0,-35.0
1776886896.1871028,-6.0,-2.0,-35.0
1776886896.1961029,-7.0,-4.0,-38.0
1776886896.2071028,-2.0,-5.0,-42.0
1776886896.2171028,-3.0,-5.0,-45.0
1776886896.2271028,-1.0,-6.0,-37.0
1776886896.2371027,1.0,-1.0,-36.0
1776886896.2471027,3.0,0.0,-33.0
1776886896.2571027,6.0,1.0,-38.0
1776886896.2671027,10.0,2.0,-35.0
1776886896.2771027,12.0,0.0,-38.0
1776886896.2871027,9.0,-1.0,-39.0
1776886896.2971027,6.0,0.0,-37.0
1776886896.307103,6.0,0.0,-38.0
1776886896.317103,7.0,-1.0,-31.0
1776886896.327103,6.0,-4.0,-27.0
1776886896.337103,10.0,0.0,-29.0
1776886896.3471026,8.0,0.0,-33.0
1776886896.3571026,8.0,-4.0,-39.0
1776886896.3671026,6.0,-4.0,-41.0
1776886896.3771029,0.0,-4.0,-38.0
1776886896.3871028,4.0,-2.0,-41.0
1776886896.3971028,3.0,2.0,-31.0
1776886896.4071028,3.0,0.0,-24.0
1776886896.4171028,3.0,0.0,-30.0
1776886896.4271028,6.0,2.0,-31.0
1776886896.4371028,7.0,0.0,-31.0
1776886896.4471028,8.0,1.0,-37.0
1776886896.4571028,8.0,0.0,-34.0
1776886896.4671028,10.0,-1.0,-32.0
1776886896.4771028,8.0,0.0,-34.0
1776886896.4871027,3.0,0.0,-29.0
1776886896.4971027,3.0,0.0,-30.0
1776886896.5071027,5.0,1.0,-30.0
1776886896.5171027,3.0,2.0,-34.0
1776886896.5271027,2.0,0.0,-40.0
1776886896.5371027,6.0,-1.0,-47.0
1776886896.5471027,6.0,-1.0,-43.0
1776886896.557103,6.0,0.0,-37.0
1776886896.567103,6.0,1.0,-35.0
1776886896.577103,6.0,3.0,-31.0
1776886896.587103,3.0,0.0,-34.0
1776886896.5971026,5.0,-1.0,-34.0
1776886896.6071026,6.0,-1.0,-35.0
1776886896.6171026,6.0,-1.0,-37.0
1776886896.6271029,3.0,0.0,-42.0
1776886896.6371028,3.0,-2.0,-38.0
1776886896.6471028,0.0,0.0,-36.0
1776886896.6571028,3.0,5.0,-39.0
1776886896.6671028,5.0,6.0,-37.0
1776886896.6771028,6.0,2.0,-32.0
1776886896.6871028,6.0,3.0,-34.0
1776886896.6971028,5.0,2.0,-35.0
1776886896.7071028,2.0,-1.0,-34.0
1776886896.7171028,2.0,-10.0,-34.0
1776886896.7271028,-2.0,-9.0,-31.0
1776886896.7371027,-2.0,-8.0,-29.0
1776886896.7471027,0.0,-11.0,-32.0
1776886896.7571027,-3.0,-13.0,-29.0
1776886896.7671027,-7.0,-11.0,-33.0
1776886896.7771027,-2.0,-10.0,-36.0
1776886896.7871027,0.0,-6.0,-38.0
1776886896.7971027,-2.0,-7.0,-36.0
1776886896.807103,2.0,-7.0,-41.0
1776886896.817103,5.0,-3.0,-40.0
1776886896.827103,1.0,-3.0,-42.0
1776886896.837103,0.0,-3.0,-38.0
1776886896.8471026,2.0,-2.0,-42.0
1776886896.8571026,2.0,-2.0,-40.0
1776886896.8671026,7.0,-1.0,-38.0
1776886896.8771029,5.0,-2.0,-43.0
1776886896.8871028,5.0,-4.0,-44.0
1776886896.8971028,5.0,-2.0,-46.0
1776886896.9071028,1.0,-1.0,-46.0
1776886896.9171028,2.0,2.0,-47.0
1776886896.9271028,0.0,2.0,-44.0
1776886896.9371028,-4.0,0.0,-45.0
1776886896.9471028,-2.0,0.0,-44.0
1776886896.9571028,-4.0,-2.0,-37.0
1776886896.9671028,-3.0,-6.0,-42.0
1776886896.9771028,-3.0,-6.0,-35.0
1776886896.9871027,-1.0,-1.0,-36.0
1776886896.9971027,0.0,3.0,-35.0
1776886897.0071027,0.0,2.0,-39.0
1776886897.0171027,2.0,-1.0,-38.0
1776886897.0271027,1.0,-1.0,-46.0
1776886897.0371027,0.0,1.0,-43.0
1776886897.0471027,0.0,4.0,-42.0
1776886897.057103,-1.0,5.0,-41.0
1776886897.067103,0.0,2.0,-45.0
1776886897.077103,-4.0,1.0,-48.0
1776886897.087103,-6.0,0.0,-45.0
1776886897.0971026,-3.0,-6.0,-44.0
1776886897.1071026,0.0,-6.0,-45.0
1776886897.1171026,0.0,-8.0,-46.0
1776886897.1271029,-4.0,-2.0,-40.0
1776886897.1371028,-1.0,-1.0,-41.0
1776886897.1471028,3.0,-2.0,-50.0
1776886897.1571028,4.0,0.0,-47.0
1776886897.1671028,6.0,0.0,-40.0
1776886897.1771028,2.0,3.0,-42.0
1776886897.1871028,-2.0,0.0,-47.0
1776886897.1971028,-1.0,0.0,-46.0
1776886897.2071028,1.0,4.0,-47.0
1776886897.2171028,2.0,4.0,-42.0
1776886897.2271028,2.0,3.0,-41.0
1776886897.2371027,-1.0,0.0,-42.0
1776886897.2471027,-3.0,0.0,-40.0
1776886897.2571027,0.0,-1.0,-45.0
1776886897.2671027,0.0,-1.0,-42.0
1776886897.2771027,-3.0,-6.0,-45.0
1776886897.2871027,-3.0,-5.0,-40.0
1776886897.2971027,0.0,-2.0,-41.0
1776886897.307103,3.0,-1.0,-40.0
1776886897.317103,3.0,-3.0,-49.0
1776886897.327103,0.0,-2.0,-49.0
1776886897.337103,-2.0,0.0,-43.0
1776886897.3471026,0.0,-3.0,-42.0
1776886897.3571026,1.0,0.0,-46.0
1776886897.3671026,5.0,-3.0,-40.0
1776886897.3771029,4.0,-1.0,-41.0
1776886897.3871028,5.0,0.0,-40.0
1776886897.3971028,4.0,1.0,-41.0
1776886897.4071028,7.0,-1.0,-44.0
1776886897.4171028,10.0,0.0,-43.0
1776886897.4271028,9.0,0.0,-44.0
1776886897.4371028,1.0,0.0,-38.0
1776886897.4471028,-4.0,0.0,-36.0
1776886897.4571028,-4.0,-1.0,-33.0
1776886897.4671028,-4.0,3.0,-33.0
1776886897.4771028,1.0,2.0,-33.0
1776886897.4871027,-3.0,-4.0,-33.0
1776886897.4971027,-2.0,-7.0,-34.0
1776886897.5071027,1.0,-7.0,-38.0
1776886897.5171027,4.0,-7.0,-40.0
1776886897.5271027,5.0,-2.0,-37.0
1776886897.5371027,3.0,-1.0,-39.0
1776886897.5471027,3.0,-2.0,-43.0
1776886897.557103,5.0,-1.0,-39.0
1776886897.567103,3.0,-1.0,-35.0
1776886897.577103,1.0,0.0,-33.0
1776886897.587103,-3.0,4.0,-36.0
1776886897.5971026,-1.0,4.0,-41.0
1776886897.6071026,0.0,1.0,-41.0
1776886897.6171026,-4.0,4.0,-31.0
1776886897.6271029,0.0,3.0,-28.0
1776886897.6371028,4.0,0.0,-29.0
1776886897.6471028,0.0,-3.0,-34.0
1776886897.6571028,-2.0,-3.0,-34.0
1776886897.6671028,-2.0,-2.0,-33.0
1776886897.6771028,0.0,-2.0,-46.0
1776886897.6871028,3.0,-2.0,-45.0
1776886897.6971028,3.0,-6.0,-39.0
1776886897.7071028,1.0,-5.0,-43.0
1776886897.7171028,0.0,3.0,-43.0
1776886897.7271028,-3.0,0.0,-40.0
1776886897.7371027,-3.0,-4.0,-40.0
1776886897.7471027,1.0,-4.0,-44.0
1776886897.7571027,-3.0,-8.0,-36.0
1776886897.7671027,-3.0,-5.0,-38.0
1776886897.7771027,0.0,-4.0,-39.0
1776886897.7871027,0.0,-3.0,-36.0
1776886897.7971027,-1.0,0.0,-37.0
1776886897.807103,1.0,0.0,-33.0
1776886897.817103,2.0,-2.0,-34.0
1776886897.827103,0.0,-2.0,-34.0
1776886897.837103,0.0,0.0,-44.0
1776886897.8471026,1.0,4.0,-45.0
1776886897.8571026,2.0,6.0,-43.0
1776886897.8671026,2.0,0.0,-46.0
1776886897.8771029,1.0,2.0,-50.0
1776886897.8871028,-5.0,4.0,-49.0
1776886897.8971028,-6.0,2.0,-39.0
1776886897.9071028,-3.0,2.0,-42.0
1776886897.9171028,1.0,0.0,-43.0
1776886897.9271028,3.0,0.0,-46.0
1776886897.9371028,2.0,0.0,-43.0
1776886897.9471028,0.0,-1.0,-41.0
1776886897.9571028,1.0,4.0,-42.0
1776886897.9671028,3.0,4.0,-36.0
1776886897.9771028,1.0,2.0,-37.0
1776886897.9871027,-2.0,0.0,-33.0
1776886897.9971027,-1.0,0.0,-35.0
1776886898.0071027,-5.0,-2.0,-29.0
1776886898.0171027,0.0,1.0,-24.0
1776886898.0271027,0.0,0.0,-24.0
1776886898.0371027,0.0,0.0,-23.0
1776886898.0471027,-3.0,2.0,-24.0
1776886898.057103,1.0,5.0,-26.0
1776886898.067103,4.0,0.0,-29.0
1776886898.077103,5.0,-3.0,-37.0
1776886898.087103,10.0,-3.0,-36.0
1776886898.0971026,10.0,-5.0,-35.0
1776886898.1071026,7.0,-5.0,-38.0
1776886898.1171026,6.0,-6.0,-42.0
1776886898.1271029,5.0,-4.0,-38.0
1776886898.1371028,6.0,0.0,-31.0
1776886898.1471028,3.0,0.0,-34.0
1776886898.1571028,0.0,3.0,-37.0
1776886898.1671028,3.0,4.0,-37.0
1776886898.1771028,2.0,5.0,-41.0
1776886898.1871028,0.0,2.0,-43.0
1776886898.1971028,1.0,-1.0,-46.0
1776886898.2081027,0.0,-3.0,-47.0
1776886898.2181027,0.0,-3.0,-45.0
1776886898.2271028,1.0,-2.0,-39.0
1776886898.238103,-3.0,-3.0,-38.0
1776886898.248103,-2.0,-1.0,-41.0
1776886898.258103,2.0,-2.0,-46.0
1776886898.2681026,-2.0,-3.0,-46.0
1776886898.2781026,-1.0,-2.0,-45.0
1776886898.2881026,0.0,-2.0,-43.0
1776886898.2981029,2.0,-2.0,-38.0
1776886898.3081028,-3.0,-4.0,-41.0
1776886898.3181028,-1.0,-6.0,-40.0
1776886898.3281028,0.0,0.0,-45.0
1776886898.3381028,-3.0,-2.0,-47.0
1776886898.3481028,-7.0,-4.0,-54.0
1776886898.3581028,-9.0,0.0,-51.0
1776886898.3681028,-9.0,0.0,-47.0
1776886898.3781028,-6.0,3.0,-50.0
1776886898.3881028,1.0,1.0,-41.0
1776886898.3981028,3.0,1.0,-34.0
1776886898.4081028,4.0,0.0,-33.0
1776886898.4181027,3.0,1.0,-38.0
1776886898.4281027,-4.0,2.0,-32.0
1776886898.4381027,0.0,0.0,-31.0
1776886898.4481027,0.0,0.0,-35.0
1776886898.4581027,0.0,-3.0,-40.0
1776886898.4681027,6.0,-2.0,-47.0
1776886898.4781027,8.0,-4.0,-47.0
1776886898.488103,4.0,-5.0,-46.0
1776886898.498103,4.0,-6.0,-45.0
1776886898.508103,2.0,-4.0,-38.0
1776886898.5181026,5.0,-6.0,-35.0
1776886898.5281026,6.0,-8.0,-35.0
1776886898.5381026,6.0,-8.0,-37.0
1776886898.5481029,6.0,-6.0,-36.0
1776886898.5581028,4.0,-6.0,-30.0
1776886898.5681028,1.0,-5.0,-36.0
1776886898.5781028,0.0,-5.0,-36.0
1776886898.5881028,0.0,-2.0,-37.0
1776886898.5981028,-1.0,-4.0,-38.0
1776886898.6081028,0.0,-4.0,-33.0
1776886898.6181028,4.0,0.0,-33.0
1776886898.6281028,5.0,1.0,-35.0
1776886898.6381028,8.0,1.0,-37.0
1776886898.6481028,7.0,0.0,-38.0
1776886898.6581028,8.0,3.0,-39.0
1776886898.6681027,9.0,2.0,-44.0
1776886898.6781027,11.0,0.0,-36.0
1776886898.6881027,8.0,0.0,-41.0
1776886898.6981027,8.0,-2.0,-43.0
1776886898.7081027,5.0,-2.0,-39.0
1776886898.7181027,1.0,-2.0,-33.0
1776886898.7281027,-3.0,-3.0,-26.0
1776886898.738103,0.0,-2.0,-30.0
1776886898.748103,0.0,-1.0,-31.0
1776886898.758103,0.0,0.0,-33.0
1776886898.7681026,-1.0,0.0,-36.0
1776886898.7781026,-5.0,0.0,-34.0
1776886898.7881026,-5.0,2.0,-26.0
1776886898.7981029,-4.0,0.0,-29.0
1776886898.8081028,-5.0,1.0,-41.0
1776886898.8181028,-4.0,3.0,-44.0
1776886898.8281028,-5.0,1.0,-43.0
1776886898.8381028,-8.0,1.0,-34.0
1776886898.8481028,-8.0,1.0,-27.0
1776886898.8581028,-6.0,0.0,-33.0
1776886898.8681028,-4.0,-1.0,-40.0
1776886898.8781028,-6.0,1.0,-45.0
1776886898.8881028,-4.0,6.0,-50.0
1776886898.8981028,-5.0,3.0,-46.0
1776886898.9081028,-3.0,3.0,-41.0
1776886898.9181027,0.0,1.0,-42.0
1776886898.9281027,1.0,-3.0,-41.0
1776886898.9381027,2.0,0.0,-40.0
1776886898.9481027,1.0,-1.0,-39.0
1776886898.9581027,6.0,-5.0,-33.0
1776886898.9681027,8.0,-7.0,-28.0
1776886898.9781027,2.0,-6.0,-37.0
1776886898.988103,1.0,-3.0,-42.0
1776886898.998103,5.0,-4.0,-38.0
1776886899.008103,9.0,-8.0,-38.0
1776886899.0181026,7.0,-8.0,-42.0
1776886899.0281026,3.0,-10.0,-49.0
1776886899.0381026,0.0,-9.0,-47.0
1776886899.0481029,0.0,-4.0,-48.0
1776886899.0581028,1.0,-1.0,-48.0
1776886899.0681028,3.0,1.0,-42.0
1776886899.0781028,3.0,0.0,-31.0
1776886899.0881028,6.0,6.0,-35.0
1776886899.0981028,1.0,3.0,-33.0
1776886899.1081028,2.0,4.0,-39.0
1776886899.1181028,5.0,2.0,-41.0
1776886899.1281028,5.0,1.0,-40.0
1776886899.1381028,7.0,1.0,-39.0
1776886899.1481028,5.0,2.0,-41.0
1776886899.1581028,5.0,1.0,-45.0
1776886899.1681027,4.0,1.0,-48.0
1776886899.1781027,2.0,3.0,-45.0
1776886899.1881027,5.0,2.0,-51.0
1776886899.1981027,1.0,0.0,-46.0
1776886899.2081027,1.0,3.0,-43.0
1776886899.2181027,3.0,5.0,-43.0
1776886899.2281027,7.0,2.0,-41.0
1776886899.238103,9.0,-1.0,-36.0
1776886899.248103,5.0,-4.0,-33.0
1776886899.258103,3.0,-6.0,-39.0
1776886899.2681026,-1.0,-6.0,-39.0
1776886899.2781026,-1.0,-3.0,-37.0
1776886899.2881026,-3.0,-3.0,-32.0
1776886899.2981029,-1.0,-1.0,-31.0
1776886899.3081028,0.0,-2.0,-32.0
1776886899.3181028,0.0,-4.0,-31.0
1776886899.3281028,0.0,-7.0,-28.0
1776886899.3381028,6.0,-7.0,-35.0
1776886899.3481028,3.0,-4.0,-37.0
1776886899.3581028,1.0,-3.0,-34.0
1776886899.3681028,3.0,-3.0,-30.0
1776886899.3781028,5.0,-4.0,-30.0
1776886899.3881028,4.0,0.0,-32.0
1776886899.3981028,5.0,2.0,-28.0
1776886899.4081028,7.0,4.0,-32.0
1776886899.4181027,0.0,3.0,-44.0
1776886899.4281027,0.0,1.0,-44.0
1776886899.4381027,2.0,-1.0,-45.0
1776886899.4481027,-1.0,-1.0,-38.0
1776886899.4581027,-1.0,-2.0,-39.0
1776886899.4681027,2.0,0.0,-38.0
1776886899.4781027,3.0,2.0,-42.0
1776886899.488103,0.0,1.0,-44.0
1776886899.498103,2.0,3.0,-43.0
1776886899.508103,1.0,2.0,-42.0
1776886899.5181026,2.0,-1.0,-42.0
1776886899.5281026,-1.0,-1.0,-40.0
1776886899.5381026,0.0,-5.0,-46.0
1776886899.5481029,1.0,-2.0,-46.0
1776886899.5581028,5.0,-3.0,-39.0
1776886899.5681028,0.0,-4.0,-43.0
1776886899.5781028,-2.0,-2.0,-44.0
1776886899.5881028,-2.0,-1.0,-45.0
1776886899.5981028,-5.0,-1.0,-47.0
1776886899.6081028,-5.0,1.0,-47.0
1776886899.6181028,0.0,2.0,-49.0
1776886899.6281028,-5.0,5.0,-57.0
1776886899.6381028,-4.0,7.0,-59.0
1776886899.6481028,0.0,4.0,-54.0
1776886899.6581028,3.0,3.0,-49.0
1776886899.6681027,3.0,2.0,-41.0
1776886899.6781027,3.0,2.0,-40.0
1776886899.6881027,1.0,2.0,-35.0
1776886899.6981027,0.0,1.0,-34.0
1776886899.7081027,2.0,1.0,-36.0
1776886899.7181027,2.0,2.0,-40.0
1776886899.7281027,1.0,3.0,-38.0
1776886899.738103,-2.0,5.0,-38.0
1776886899.748103,-1.0,1.0,-32.0
1776886899.758103,3.0,-1.0,-27.0
1776886899.7681026,3.0,0.0,-27.0
1776886899.7781026,2.0,-1.0,-35.0
1776886899.7881026,0.0,-4.0,-40.0
1776886899.7981029,0.0,-5.0,-39.0
1776886899.8081028,2.0,-4.0,-40.0
1776886899.8181028,5.0,0.0,-39.0
1776886899.8281028,7.0,0.0,-38.0
1776886899.8381028,3.0,1.0,-37.0
1776886899.8481028,4.0,-5.0,-34.0
1776886899.8581028,2.0,-6.0,-35.0
1776886899.8681028,1.0,-8.0,-31.0
1776886899.8781028,0.0,0.0,-29.0
1776886899.8881028,-2.0,0.0,-34.0
1776886899.8981028,0.0,2.0,-43.0
1776886899.9081028,0.0,1.0,-44.0
1776886899.9181027,3.0,2.0,-37.0
1776886899.9281027,8.0,-1.0,-37.0
1776886899.9381027,8.0,-2.0,-37.0
1776886899.9481027,6.0,-2.0,-42.0
1776886899.9581027,4.0,0.0,-48.0
1776886899.9681027,3.0,3.0,-44.0
1776886899.9781027,-1.0,0.0,-40.0
1776886899.988103,-4.0,-1.0,-46.0
1776886899.998103,-5.0,-1.0,-47.0
1776886900.008103,-8.0,-1.0,-45.0
1776886900.0181026,-2.0,0.0,-46.0
1776886900.0281026,0.0,0.0,-43.0
1776886900.0381026,-3.0,-1.0,-39.0
1776886900.0481029,-8.0,0.0,-38.0
1776886900.0581028,-5.0,-3.0,-31.0
1776886900.0681028,-3.0,-4.0,-28.0
1776886900.0781028,1.0,-6.0,-35.0
1776886900.0881028,0.0,-3.0,-32.0
1776886900.0981028,5.0,-1.0,-34.0
1776886900.1081028,3.0,-2.0,-42.0
1776886900.1181028,8.0,-2.0,-42.0
1776886900.1281028,5.0,1.0,-40.0
1776886900.1381028,6.0,3.0,-40.0
1776886900.1491027,6.0,4.0,-42.0
1776886900.1581028,3.0,4.0,-40.0
1776886900.169103,1.0,0.0,-39.0
1776886900.1781027,0.0,0.0,-34.0
1776886900.1881027,0.0,1.0,-34.0
1776886900.1991026,0.0,4.0,-42.0
1776886900.2091026,-4.0,3.0,-41.0
1776886900.2191026,-4.0,0.0,-41.0
1776886900.2291028,-1.0,-2.0,-47.0
1776886900.2391028,-2.0,-5.0,-48.0
1776886900.2491028,0.0,-4.0,-48.0
1776886900.2591028,0.0,0.0,-43.0
1776886900.2691028,0.0,-3.0,-39.0
1776886900.2791028,-2.0,-9.0,-40.0
1776886900.2891028,-3.0,-8.0,-37.0
1776886900.2991028,1.0,-3.0,-33.0
1776886900.3091028,-1.0,2.0,-33.0
1776886900.3191028,-5.0,6.0,-31.0
1776886900.3291028,-5.0,5.0,-35.0
1776886900.3391027,-1.0,8.0,-40.0
1776886900.3491027,3.0,7.0,-37.0
1776886900.3591027,8.0,4.0,-35.0
1776886900.3691027,6.0,0.0,-34.0
1776886900.3791027,2.0,-5.0,-35.0
1776886900.3891027,2.0,-4.0,-36.0
1776886900.3991027,6.0,-5.0,-40.0
1776886900.409103,8.0,-4.0,-38.0
1776886900.419103,5.0,-2.0,-41.0
1776886900.429103,9.0,-2.0,-39.0
1776886900.4391026,3.0,-3.0,-43.0
1776886900.4491026,3.0,-1.0,-38.0
1776886900.4591026,3.0,-5.0,-39.0
1776886900.4691026,0.0,-3.0,-31.0
1776886900.4791028,-1.0,-4.0,-33.0
1776886900.4891028,0.0,-6.0,-33.0
1776886900.4991028,1.0,-4.0,-31.0
1776886900.5091028,-2.0,-2.0,-32.0
1776886900.5191028,2.0,-5.0,-39.0
1776886900.5291028,7.0,-6.0,-39.0
1776886900.5391028,9.0,-1.0,-44.0
1776886900.5491028,12.0,0.0,-37.0
1776886900.5591028,4.0,4.0,-35.0
1776886900.5691028,2.0,6.0,-39.0
1776886900.5791028,2.0,7.0,-43.0
1776886900.5891027,5.0,8.0,-40.0
1776886900.5991027,7.0,4.0,-36.0
1776886900.6091027,7.0,1.0,-42.0
1776886900.6191027,7.0,2.0,-38.0
1776886900.6291027,4.0,-1.0,-42.0
1776886900.6391027,4.0,1.0,-41.0
1776886900.6491027,7.0,3.0,-43.0
1776886900.659103,5.0,5.0,-37.0
1776886900.669103,6.0,6.0,-46.0
1776886900.679103,10.0,3.0,-53.0
1776886900.6891026,7.0,3.0,-49.0
1776886900.6991026,2.0,2.0,-45.0
1776886900.7091026,1.0,0.0,-39.0
1776886900.7191026,0.0,2.0,-41.0
1776886900.7291028,-1.0,1.0,-47.0
1776886900.7391028,-4.0,0.0,-38.0
1776886900.7491028,0.0,0.0,-41.0
1776886900.7591028,1.0,0.0,-40.0
1776886900.7691028,5.0,0.0,-34.0
1776886900.7791028,5.0,3.0,-35.0
1776886900.7891028,5.0,3.0,-35.0
1776886900.7991028,6.0,0.0,-35.0
1776886900.8091028,6.0,0.0,-38.0
1776886900.8191028,8.0,-2.0,-37.0
1776886900.8291028,6.0,0.0,-37.0
1776886900.8391027,5.0,2.0,-39.0
1776886900.8491027,3.0,0.0,-32.0
1776886900.8591027,0.0,-2.0,-36.0
1776886900.8691027,1.0,-3.0,-37.0
1776886900.8791027,1.0,-6.0,-45.0
1776886900.8891027,0.0,-5.0,-46.0
1776886900.8991027,0.0,-9.0,-49.0
1776886900.909103,-4.0,-4.0,-43.0
1776886900.919103,-3.0,-3.0,-50.0
1776886900.929103,0.0,-3.0,-53.0
1776886900.9391026,5.0,1.0,-44.0
1776886900.9491026,6.0,3.0,-40.0
1776886900.9591026,6.0,3.0,-40.0
1776886900.9691026,7.0,5.0,-39.0
1776886900.9791028,4.0,8.0,-45.0
1776886900.9891028,-1.0,5.0,-42.0
1776886900.9991028,0.0,3.0,-43.0
1776886901.0091028,4.0,0.0,-45.0
1776886901.0191028,5.0,-2.0,-44.0
1776886901.0291028,-4.0,-2.0,-29.0
1776886901.0391028,-7.0,-2.0,-32.0
1776886901.0491028,-8.0,-3.0,-34.0
1776886901.0591028,-5.0,-6.0,-30.0
1776886901.0691028,-5.0,-6.0,-27.0
1776886901.0791028,0.0,-4.0,-24.0
1776886901.0891027,3.0,-3.0,-28.0
1776886901.0991027,1.0,-2.0,-33.0
1776886901.1091027,-1.0,-1.0,-32.0
1776886901.1191027,-2.0,2.0,-42.0
1776886901.1291027,1.0,4.0,-44.0
1776886901.1391027,1.0,7.0,-36.0
1776886901.1491027,3.0,5.0,-34.0
1776886901.159103,0.0,2.0,-37.0
1776886901.169103,0.0,0.0,-39.0
1776886901.179103,0.0,-3.0,-43.0
1776886901.1891026,2.0,-4.0,-49.0
1776886901.1991026,0.0,-5.0,-44.0
1776886901.2091026,-2.0,-6.0,-43.0
1776886901.2191026,-2.0,-5.0,-43.0
1776886901.2291028,-1.0,-3.0,-45.0
1776886901.2391028,0.0,0.0,-48.0
1776886901.2491028,0.0,0.0,-50.0
1776886901.2591028,5.0,6.0,-45.0
1776886901.2691028,0.0,5.0,-48.0
1776886901.2791028,-2.0,4.0,-52.0
1776886901.2891028,-3.0,0.0,-44.0
1776886901.2991028,0.0,-3.0,-46.0
1776886901.3091028,0.0,-5.0,-49.0
1776886901.3191028,-1.0,-1.0,-46.0
1776886901.3291028,-3.0,0.0,-43.0
1776886901.3391027,-1.0,0.0,-44.0
1776886901.3491027,0.0,0.0,-42.0
1776886901.3591027,0.0,0.0,-45.0
1776886901.3691027,0.0,-3.0,-48.0
1776886901.3791027,-2.0,-2.0,-55.0
1776886901.3891027,-5.0,-2.0,-53.0
1776886901.3991027,-5.0,-6.0,-48.0
1776886901.409103,-6.0,-7.0,-44.0
1776886901.419103,-4.0,-1.0,-42.0
1776886901.429103,0.0,-2.0,-41.0
1776886901.4391026,-5.0,-3.0,-35.0
1776886901.4491026,-4.0,-3.0,-31.0
1776886901.4591026,-5.0,-2.0,-32.0
1776886901.4691026,0.0,-2.0,-36.0
1776886901.4791028,-1.0,0.0,-36.0
1776886901.4891028,-2.0,0.0,-40.0
1776886901.4991028,-4.0,-2.0,-42.0
1776886901.5091028,-6.0,-1.0,-39.0
1776886901.5191028,-2.0,0.0,-39.0
1776886901.5291028,0.0,0.0,-41.0
1776886901.5391028,1.0,5.0,-38.0
1776886901.5491028,7.0,3.0,-40.0
1776886901.5591028,8.0,-1.0,-38.0
1776886901.5691028,3.0,-6.0,-37.0
1776886901.5791028,3.0,-6.0,-35.0
1776886901.5891027,2.0,-5.0,-31.0
1776886901.5991027,2.0,-7.0,-35.0
1776886901.6091027,3.0,0.0,-37.0
1776886901.6191027,3.0,-1.0,-41.0
1776886901.6291027,2.0,-4.0,-48.0
1776886901.6391027,5.0,-6.0,-49.0
1776886901.6491027,2.0,-5.0,-47.0
1776886901.659103,2.0,-7.0,-34.0
1776886901.669103,4.0,-8.0,-30.0
1776886901.679103,0.0,-7.0,-32.0
1776886901.6891026,1.0,-4.0,-39.0
1776886901.6991026,0.0,-2.0,-37.0
1776886901.7091026,2.0,0.0,-35.0
1776886901.7191026,1.0,-4.0,-27.0
1776886901.7291028,0.0,-4.0,-27.0
1776886901.7391028,-2.0,2.0,-28.0
1776886901.7491028,-1.0,1.0,-33.0
1776886901.7591028,-1.0,1.0,-39.0
1776886901.7691028,-3.0,1.0,-36.0
1776886901.7791028,-1.0,0.0,-37.0
1776886901.7891028,-4.0,-3.0,-38.0
1776886901.7991028,-5.0,0.0,-39.0
1776886901.8091028,-5.0,0.0,-40.0
1776886901.8191028,-5.0,-2.0,-44.0
1776886901.8291028,-2.0,0.0,-35.0
1776886901.8391027,0.0,-2.0,-33.0
1776886901.8491027,-1.0,-4.0,-34.0
1776886901.8591027,-2.0,-3.0,-32.0
1776886901.8691027,-4.0,-4.0,-36.0
1776886901.8791027,-5.0,-4.0,-42.0
1776886901.8891027,-2.0,-4.0,-43.0
1776886901.8991027,-3.0,-1.0,-40.0
1776886901.909103,-3.0,2.0,-39.0
1776886901.919103,-2.0,0.0,-42.0
1776886901.929103,-3.0,3.0,-44.0
1776886901.9391026,-6.0,-1.0,-41.0
1776886901.9491026,-3.0,0.0,-49.0
1776886901.9591026,-1.0,1.0,-45.0
1776886901.9691026,-1.0,0.0,-31.0
1776886901.9791028,-1.0,-2.0,-29.0
1776886901.9891028,-1.0,-2.0,-31.0
1776886901.9991028,-1.0,-4.0,-31.0
1776886902.0091028,-3.0,-3.0,-33.0
1776886902.0191028,-8.0,-1.0,-39.0
1776886902.0291028,-2.0,-4.0,-40.0
1776886902.0391028,-1.0,-5.0,-41.0
1776886902.0491028,-1.0,-8.0,-48.0
1776886902.0591028,1.0,-7.0,-45.0
1776886902.0691028,3.0,-9.0,-38.0
1776886902.0791028,4.0,-7.0,-38.0
1776886902.0891027,7.0,-8.0,-36.0
1776886902.0991027,3.0,-5.0,-31.0
1776886902.1091027,1.0,-5.0,-31.0
1776886902.1191027,0.0,-7.0,-39.0
1776886902.1291027,0.0,-2.0,-46.0
1776886902.1391027,0.0,0.0,-40.0
1776886902.1491027,1.0,-2.0,-32.0
1776886902.159103,3.0,0.0,-29.0
1776886902.169103,0.0,1.0,-34.0
1776886902.1801028,0.0,1.0,-36.0
1776886902.1891026,0.0,-3.0,-43.0
1776886902.1991026,0.0,-2.0,-48.0
1776886902.2101028,0.0,1.0,-40.0
1776886902.2201028,-4.0,4.0,-33.0
1776886902.2301028,-1.0,1.0,-35.0
1776886902.2401028,0.0,0.0,-35.0
1776886902.2501028,0.0,0.0,-34.0
1776886902.2601027,-3.0,-3.0,-30.0
1776886902.2701027,-3.0,-1.0,-32.0
1776886902.2801027,-6.0,2.0,-32.0
1776886902.2901027,-4.0,1.0,-33.0
1776886902.3001027,-3.0,0.0,-33.0
1776886902.3101027,-4.0,-2.0,-27.0
1776886902.3201027,-3.0,1.0,-23.0
1776886902.3301027,0.0,3.0,-23.0
1776886902.340103,-2.0,3.0,-31.0
1776886902.350103,-4.0,3.0,-32.0
1776886902.360103,-3.0,3.0,-32.0
1776886902.3701026,-2.0,2.0,-36.0
1776886902.3801026,0.0,2.0,-40.0
1776886902.3901026,0.0,0.0,-36.0
1776886902.4001029,-3.0,-3.0,-33.0
1776886902.4101028,-3.0,-2.0,-31.0
1776886902.4201028,-7.0,0.0,-27.0
1776886902.4301028,-5.0,1.0,-27.0
1776886902.4401028,-3.0,0.0,-30.0
1776886902.4501028,-1.0,-1.0,-30.0
1776886902.4601028,2.0,-3.0,-26.0
1776886902.4701028,1.0,-7.0,-35.0
1776886902.4801028,4.0,-6.0,-34.0
1776886902.4901028,0.0,-8.0,-33.0
1776886902.5001028,-5.0,-8.0,-34.0
1776886902.5101027,-3.0,-8.0,-33.0
1776886902.5201027,-8.0,-8.0,-37.0
1776886902.5301027,-4.0,-5.0,-34.0
1776886902.5401027,-4.0,-5.0,-34.0
1776886902.5501027,-5.0,-6.0,-38.0
1776886902.5601027,-6.0,-9.0,-44.0
1776886902.5701027,-4.0,-10.0,-42.0
1776886902.5801027,2.0,-9.0,-40.0
1776886902.590103,0.0,-4.0,-40.0
1776886902.600103,0.0,-2.0,-37.0
1776886902.610103,0.0,-1.0,-37.0
1776886902.6201026,0.0,-3.0,-38.0
1776886902.6301026,0.0,-6.0,-42.0
1776886902.6401026,2.0,-9.0,-39.0
1776886902.6501029,1.0,-6.0,-35.0
1776886902.6601028,-3.0,-6.0,-39.0
1776886902.6701028,-4.0,-2.0,-36.0
1776886902.6801028,-5.0,-1.0,-32.0
1776886902.6901028,-3.0,0.0,-34.0
1776886902.7001028,-2.0,2.0,-37.0
1776886902.7101028,2.0,4.0,-44.0
1776886902.7201028,0.0,3.0,-42.0
1776886902.7301028,-5.0,0.0,-46.0
1776886902.7401028,0.0,4.0,-49.0
1776886902.7501028,-4.0,4.0,-47.0
1776886902.7601027,-5.0,5.0,-44.0
1776886902.7701027,-2.0,4.0,-44.0
1776886902.7801027,1.0,4.0,-36.0
1776886902.7901027,4.0,3.0,-34.0
1776886902.8001027,1.0,0.0,-42.0
1776886902.8101027,0.0,3.0,-46.0
1776886902.8201027,3.0,3.0,-42.0
1776886902.8301027,4.0,3.0,-36.0
1776886902.840103,-1.0,1.0,-38.0
1776886902.850103,0.0,-6.0,-36.0
1776886902.860103,0.0,-8.0,-39.0
1776886902.8701026,0.0,-7.0,-37.0
1776886902.8801026,-2.0,-4.0,-28.0
1776886902.8901026,-2.0,-3.0,-32.0
1776886902.9001029,0.0,-6.0,-35.0
1776886902.9101028,-1.0,-5.0,-38.0
1776886902.9201028,-7.0,-6.0,-41.0
1776886902.9301028,-6.0,-7.0,-42.0
1776886902.9401028,-6.0,-9.0,-41.0
1776886902.9501028,-8.0,-9.0,-36.0
1776886902.9601028,-6.0,-5.0,-36.0
1776886902.9701028,-4.0,-3.0,-36.0
1776886902.9801028,-6.0,0.0,-40.0
1776886902.9901028,-6.0,1.0,-41.0
1776886903.0001028,-8.0,1.0,-41.0
1776886903.0101027,-7.0,-2.0,-37.0
1776886903.0201027,-4.0,2.0,-41.0
1776886903.0301027,-7.0,4.0,-40.0
1776886903.0401027,-3.0,0.0,-42.0
1776886903.0501027,0.0,0.0,-43.0
1776886903.0601027,2.0,-2.0,-44.0
1776886903.0701027,1.0,0.0,-38.0
1776886903.0801027,-1.0,-1.0,-39.0
1776886903.090103,0.0,0.0,-38.0
1776886903.100103,3.0,1.0,-40.0
1776886903.110103,5.0,-1.0,-42.0
1776886903.1201026,8.0,-5.0,-37.0
1776886903.1301026,6.0,-6.0,-39.0
1776886903.1401026,5.0,-5.0,-37.0
1776886903.1501029,2.0,-8.0,-32.0
1776886903.1601028,0.0,-3.0,-29.0
1776886903.1701028,2.0,-2.0,-31.0
1776886903.1801028,1.0,-1.0,-38.0
1776886903.1901028,0.0,-3.0,-47.0
1776886903.2001028,7.0,-6.0,-47.0
1776886903.2101028,8.0,-2.0,-49.0
1776886903.2201028,6.0,0.0,-48.0
1776886903.2301028,10.0,1.0,-43.0
1776886903.2401028,5.0,-2.0,-44.0
1776886903.2501028,2.0,0.0,-41.0
1776886903.2601027,3.0,0.0,-38.0
1776886903.2701027,4.0,0.0,-37.0
1776886903.2801027,3.0,0.0,-30.0
1776886903.2901027,-1.0,1.0,-32.0
1776886903.3001027,-5.0,0.0,-37.0
1776886903.3101027,-5.0,0.0,-42.0
1776886903.3201027,-2.0,0.0,-39.0
1776886903.3301027,4.0,0.0,-35.0
1776886903.340103,5.0,-2.0,-34.0
1776886903.350103,9.0,0.0,-39.0
1776886903.360103,9.0,0.0,-37.0
1776886903.3701026,7.0,1.0,-34.0
1776886903.3801026,2.0,0.0,-41.0
1776886903.3901026,0.0,0.0,-49.0
1776886903.4001029,0.0,-1.0,-48.0
1776886903.4101028,-2.0,-7.0,-46.0
1776886903.4201028,-2.0,-6.0,-46.0
1776886903.4301028,-1.0,-4.0,-44.0
1776886903.4401028,-2.0,0.0,-38.0
1776886903.4501028,-5.0,-3.0,-39.0
1776886903.4601028,-3.0,-5.0,-40.0
1776886903.4701028,-2.0,-5.0,-35.0
1776886903.4801028,0.0,-2.0,-35.0
1776886903.4901028,0.0,-4.0,-35.0
1776886903.5001028,-3.0,-3.0,-36.0
1776886903.5101027,-3.0,-5.0,-33.0
1776886903.5201027,-2.0,-8.0,-38.0
1776886903.5301027,-4.0,-7.0,-35.0
1776886903.5401027,-3.0,-9.0,-36.0
1776886903.5501027,-6.0,-6.0,-37.0
1776886903.5601027,-3.0,-4.0,-42.0
1776886903.5701027,0.0,-3.0,-38.0
1776886903.5801027,-1.0,-3.0,-36.0
1776886903.590103,-4.0,0.0,-37.0
1776886903.600103,-6.0,-6.0,-37.0
1776886903.610103,-6.0,-4.0,-36.0
1776886903.6201026,-6.0,0.0,-36.0
1776886903.6301026,-3.0,-2.0,-32.0
1776886903.6401026,-1.0,-4.0,-29.0
1776886903.6501029,0.0,0.0,-32.0
1776886903.6601028,-2.0,2.0,-37.0
1776886903.6701028,-1.0,0.0,-41.0
1776886903.6801028,0.0,-2.0,-42.0
1776886903.6901028,-1.0,-3.0,-46.0
1776886903.7001028,0.0,-3.0,-50.0
1776886903.7101028,-3.0,-5.0,-49.0
1776886903.7201028,-3.0,1.0,-47.0
1776886903.7301028,-1.0,5.0,-40.0
1776886903.7401028,0.0,4.0,-43.0
1776886903.7501028,-3.0,3.0,-44.0
1776886903.7601027,-4.0,5.0,-48.0
1776886903.7701027,0.0,3.0,-44.0
1776886903.7801027,1.0,-3.0,-46.0
1776886903.7901027,5.0,-1.0,-50.0
1776886903.8001027,6.0,0.0,-50.0
1776886903.8101027,0.0,-1.0,-45.0
1776886903.8201027,-2.0,-4.0,-36.0
1776886903.8301027,-1.0,-5.0,-31.0
1776886903.840103,0.0,-8.0,-34.0
1776886903.850103,0.0,-8.0,-38.0
1776886903.860103,-3.0,-2.0,-38.0
1776886903.8701026,-2.0,-4.0,-33.0
1776886903.8801026,0.0,-6.0,-32.0
1776886903.8901026,2.0,-1.0,-33.0
1776886903.9001029,4.0,-2.0,-40.0
1776886903.9101028,1.0,-1.0,-44.0
1776886903.9201028,1.0,-1.0,-46.0
1776886903.9301028,1.0,-2.0,-41.0
1776886903.9401028,1.0,-1.0,-42.0
1776886903.9501028,0.0,-1.0,-45.0
1776886903.9601028,4.0,-3.0,-45.0
1776886903.9701028,7.0,-2.0,-46.0
1776886903.9801028,3.0,-4.0,-46.0
1776886903.9901028,1.0,-4.0,-38.0
1776886904.0001028,-4.0,-4.0,-38.0
1776886904.0101027,-5.0,0.0,-39.0
1776886904.0201027,-3.0,0.0,-42.0
1776886904.0301027,-5.0,-2.0,-39.0
1776886904.0401027,-5.0,-4.0,-39.0
1776886904.0501027,-8.0,-3.0,-39.0
1776886904.0601027,-4.0,-7.0,-37.0
1776886904.0701027,-1.0,-7.0,-37.0
1776886904.0801027,4.0,-8.0,-37.0
1776886904.090103,2.0,-5.0,-33.0
1776886904.100103,0.0,-3.0,-35.0
1776886904.110103,5.0,-4.0,-40.0
1776886904.1201026,6.0,-3.0,-45.0
1776886904.1301026,8.0,-4.0,-42.0
1776886904.1401026,0.0,-3.0,-49.0
1776886904.1501029,-4.0,-4.0,-45.0
1776886904.1601028,-5.0,-5.0,-47.0
1776886904.1701028,-7.0,-5.0,-52.0
1776886904.1801028,-6.0,-5.0,-52.0
1776886904.1901028,-2.0,-7.0,-48.0
1776886904.2011027,-1.0,-8.0,-43.0
1776886904.2101028,-5.0,-10.0,-46.0
1776886904.2211027,-7.0,-2.0,-48.0
1776886904.2311027,-8.0,-5.0,-40.0
1776886904.2411027,-8.0,-7.0,-38.0
1776886904.2511027,-6.0,-10.0,-39.0
1776886904.261103,-5.0,-9.0,-40.0
1776886904.271103,0.0,-3.0,-36.0
1776886904.281103,1.0,-1.0,-36.0
1776886904.2911026,1.0,-4.0,-25.0
1776886904.3011026,0.0,-4.0,-31.0
1776886904.3111026,5.0,-4.0,-32.0
1776886904.3211029,4.0,-3.0,-33.0
1776886904.3311028,2.0,-3.0,-31.0
1776886904.3411028,6.0,0.0,-41.0
1776886904.3511028,4.0,-1.0,-42.0
1776886904.3611028,4.0,-2.0,-43.0
1776886904.3711028,2.0,-3.0,-36.0
1776886904.3811028,0.0,-3.0,-33.0
1776886904.3911028,0.0,0.0,-34.0
1776886904.4011028,0.0,2.0,-32.0
1776886904.4111028,0.0,4.0,-34.0
1776886904.4211028,0.0,3.0,-40.0
1776886904.4311028,-2.0,3.0,-45.0
1776886904.4411027,-2.0,1.0,-47.0
1776886904.4511027,-4.0,0.0,-52.0
1776886904.4611027,-7.0,-2.0,-51.0
1776886904.4711027,-5.0,-3.0,-42.0
1776886904.4811027,-6.0,-1.0,-37.0
1776886904.4911027,-5.0,1.0,-36.0
1776886904.5011027,-6.0,4.0,-36.0
1776886904.511103,-6.0,2.0,-40.0
1776886904.521103,-2.0,2.0,-39.0
1776886904.531103,-2.0,0.0,-42.0
1776886904.5411026,1.0,0.0,-44.0
1776886904.5511026,7.0,0.0,-43.0
1776886904.5611026,7.0,-2.0,-38.0
1776886904.5711029,8.0,-3.0,-41.0
1776886904.5811028,6.0,-4.0,-43.0
1776886904.5911028,0.0,-3.0,-45.0
1776886904.6011028,0.0,0.0,-45.0
1776886904.6111028,-2.0,0.0,-47.0
1776886904.6211028,-2.0,1.0,-42.0
1776886904.6311028,0.0,-2.0,-38.0
1776886904.6411028,0.0,0.0,-39.0
1776886904.6511028,0.0,0.0,-36.0
1776886904.6611028,0.0,0.0,-36.0
1776886904.6711028,0.0,0.0,-32.0
1776886904.6811028,4.0,3.0,-30.0
1776886904.6911027,4.0,1.0,-27.0
1776886904.7011027,2.0,0.0,-28.0
1776886904.7111027,1.0,0.0,-31.0
1776886904.7211027,2.0,2.0,-28.0
1776886904.7311027,1.0,6.0,-28.0
1776886904.7411027,-1.0,6.0,-33.0
1776886904.7511027,3.0,0.0,-34.0
1776886904.761103,0.0,0.0,-36.0
1776886904.771103,-3.0,-3.0,-31.0
1776886904.781103,1.0,-1.0,-32.0
1776886904.7911026,0.0,-2.0,-30.0
1776886904.8011026,-2.0,-6.0,-35.0
1776886904.8111026,-6.0,-9.0,-33.0
1776886904.8211029,-7.0,-8.0,-33.0
1776886904.8311028,-3.0,-6.0,-37.0
1776886904.8411028,-2.0,0.0,-42.0
1776886904.8511028,-1.0,-2.0,-39.0
1776886904.8611028,0.0,-4.0,-35.0
1776886904.8711028,5.0,-3.0,-32.0
1776886904.8811028,2.0,-5.0,-38.0
1776886904.8911028,4.0,-10.0,-41.0
1776886904.9011028,5.0,-3.0,-37.0
1776886904.9111028,5.0,4.0,-37.0
1776886904.9211028,2.0,6.0,-33.0
1776886904.9311028,-3.0,6.0,-34.0
1776886904.9411027,-5.0,2.0,-36.0
1776886904.9511027,-2.0,1.0,-35.0
1776886904.9611027,-3.0,1.0,-34.0
1776886904.9711027,-2.0,3.0,-34.0
1776886904.9811027,0.0,1.0,-43.0
1776886904.9911027,2.0,1.0,-37.0
1776886905.0011027,3.0,1.0,-34.0
1776886905.011103,0.0,1.0,-38.0
1776886905.021103,1.0,4.0,-34.0
1776886905.031103,5.0,8.0,-45.0
1776886905.0411026,1.0,7.0,-41.0
1776886905.0511026,5.0,5.0,-42.0
1776886905.0611026,5.0,4.0,-40.0
1776886905.0711029,1.0,3.0,-39.0
1776886905.0811028,1.0,1.0,-41.0
1776886905.0911028,0.0,-2.0,-39.0
1776886905.1011028,-3.0,0.0,-40.0
1776886905.1111028,-1.0,-2.0,-39.0
1776886905.1211028,0.0,-2.0,-37.0
1776886905.1311028,0.0,0.0,-37.0
1776886905.1411028,1.0,-2.0,-36.0
1776886905.1511028,0.0,-3.0,-40.0
1776886905.1611028,1.0,-3.0,-34.0
1776886905.1711028,2.0,-2.0,-31.0
1776886905.1811028,0.0,-2.0,-29.0
1776886905.1911027,-4.0,-1.0,-27.0
1776886905.2011027,-3.0,1.0,-29.0
1776886905.2111027,-6.0,1.0,-33.0
1776886905.2211027,-2.0,0.0,-36.0
1776886905.2311027,-1.0,-1.0,-31.0
1776886905.2411027,-3.0,-4.0,-31.0
1776886905.2511027,2.0,-1.0,-34.0
1776886905.261103,2.0,0.0,-32.0
1776886905.271103,2.0,2.0,-36.0
1776886905.281103,0.0,1.0,-30.0
1776886905.2911026,-2.0,0.0,-27.0
1776886905.3011026,-2.0,0.0,-29.0
1776886905.3111026,-6.0,0.0,-31.0
1776886905.3211029,-5.0,1.0,-28.0
1776886905.3311028,-1.0,0.0,-29.0
1776886905.3411028,0.0,2.0,-33.0
1776886905.3511028,0.0,4.0,-33.0
1776886905.3621027,1.0,3.0,-33.0
1776886905.3711028,1.0,5.0,-39.0
1776886905.3811028,3.0,3.0,-45.0
1776886905.3911028,0.0,4.0,-53.0
1776886905.4011028,1.0,4.0,-54.0
1776886905.4111028,1.0,1.0,-55.0
1776886905.4211028,0.0,2.0,-50.0
1776886905.4311028,-2.0,4.0,-43.0
1776886905.4411027,0.0,-2.0,-44.0
1776886905.4511027,2.0,-1.0,-43.0
1776886905.4611027,5.0,-4.0,-44.0
1776886905.4711027,7.0,-5.0,-46.0
1776886905.4811027,4.0,-6.0,-41.0
1776886905.4911027,6.0,-6.0,-45.0
1776886905.5011027,4.0,-8.0,-43.0
1776886905.511103,0.0,-3.0,-39.0
1776886905.521103,0.0,-3.0,-38.0
1776886905.531103,0.0,0.0,-40.0
1776886905.5411026,0.0,-1.0,-38.0
1776886905.5511026,-1.0,-1.0,-44.0
1776886905.5611026,0.0,-3.0,-45.0
1776886905.5711029,-2.0,-7.0,-39.0
1776886905.5811028,-1.0,-6.0,-37.0
1776886905.5911028,-5.0,-3.0,-34.0
1776886905.6011028,-3.0,-4.0,-30.0
1776886905.6111028,-1.0,0.0,-31.0
1776886905.6211028,-3.0,0.0,-31.0
1776886905.6311028,1.0,0.0,-33.0
1776886905.6411028,0.0,-2.0,-35.0
1776886905.6511028,0.0,-5.0,-36.0
1776886905.6611028,1.0,-3.0,-37.0
1776886905.6711028,-1.0,0.0,-30.0
1776886905.6811028,-5.0,2.0,-29.0
1776886905.6911027,-3.0,0.0,-29.0
1776886905.7011027,-1.0,1.0,-29.0
1776886905.7111027,-2.0,5.0,-25.0
1776886905.7211027,-4.0,4.0,-28.0
1776886905.7311027,-6.0,3.0,-29.0
1776886905.7411027,-5.0,2.0,-28.0
1776886905.7511027,-1.0,-2.0,-35.0
1776886905.761103,-6.0,-6.0,-36.0
1776886905.771103,-5.0,-3.0,-41.0
1776886905.781103,-5.0,-4.0,-41.0
1776886905.7911026,-3.0,-3.0,-40.0
1776886905.8011026,-3.0,-7.0,-34.0
1776886905.8111026,0.0,-7.0,-31.0
1776886905.8211029,1.0,-5.0,-29.0
1776886905.8311028,2.0,-3.0,-29.0
1776886905.8411028,2.0,-6.0,-35.0
1776886905.8511028,3.0,-2.0,-37.0
1776886905.8611028,4.0,0.0,-37.0
1776886905.8711028,5.0,5.0,-34.0
1776886905.8811028,3.0,4.0,-29.0
1776886905.8911028,6.0,1.0,-27.0
1776886905.9011028,6.0,3.0,-33.0
1776886905.9111028,5.0,8.0,-31.0
1776886905.9211028,8.0,4.0,-26.0
1776886905.9311028,7.0,5.0,-27.0
1776886905.9411027,4.0,7.0,-33.0
1776886905.9511027,5.0,3.0,-31.0
1776886905.9611027,5.0,2.0,-29.0
1776886905.9711027,5.0,4.0,-29.0
1776886905.9811027,2.0,5.0,-29.0
1776886905.9911027,4.0,3.0,-29.0
1776886906.0011027,6.0,0.0,-36.0
1776886906.011103,1.0,0.0,-35.0
1776886906.021103,-5.0,0.0,-36.0
1776886906.031103,-2.0,0.0,-39.0
1776886906.0411026,-3.0,-3.0,-39.0
1776886906.0511026,-1.0,-1.0,-39.0
1776886906.0611026,3.0,-2.0,-37.0
1776886906.0711029,0.0,-5.0,-33.0
1776886906.0811028,1.0,-1.0,-31.0
1776886906.0911028,0.0,2.0,-38.0
1776886906.1011028,-1.0,1.0,-42.0
1776886906.1111028,0.0,0.0,-37.0
1776886906.1211028,-7.0,0.0,-31.0
1776886906.1311028,-3.0,1.0,-32.0
1776886906.1411028,-7.0,1.0,-30.0
1776886906.1511028,-1.0,2.0,-33.0
1776886906.1621027,-6.0,1.0,-29.0
1776886906.1721027,-8.0,-2.0,-29.0
1776886906.182103,-3.0,-3.0,-32.0
1776886906.192103,-4.0,-4.0,-32.0
1776886906.202103,-7.0,-6.0,-34.0
1776886906.212103,-4.0,-7.0,-33.0
1776886906.2221026,-2.0,-5.0,-36.0
1776886906.2321026,0.0,-9.0,-38.0
1776886906.2421026,3.0,-8.0,-39.0
1776886906.2521029,3.0,-5.0,-43.0
1776886906.2621028,-2.0,-2.0,-46.0
1776886906.2721028,-8.0,-3.0,-47.0
1776886906.2821028,-3.0,-5.0,-47.0
1776886906.2921028,-6.0,-7.0,-48.0
1776886906.3021028,-6.0,-5.0,-53.0
1776886906.3121028,-7.0,-3.0,-46.0
1776886906.3221028,-7.0,-6.0,-41.0
1776886906.3321028,-3.0,-6.0,-44.0
1776886906.3421028,0.0,-4.0,-44.0
1776886906.3521028,3.0,-4.0,-43.0
1776886906.3621027,3.0,0.0,-39.0
1776886906.3721027,2.0,-1.0,-31.0
1776886906.3821027,1.0,0.0,-32.0
1776886906.3921027,0.0,3.0,-31.0
1776886906.4021027,4.0,1.0,-39.0
1776886906.4121027,1.0,3.0,-35.0
1776886906.4221027,-3.0,4.0,-41.0
1776886906.432103,-4.0,5.0,-43.0
1776886906.442103,-2.0,1.0,-53.0
1776886906.452103,0.0,0.0,-55.0
1776886906.462103,-4.0,-1.0,-53.0
1776886906.4721026,-8.0,0.0,-51.0
1776886906.4821026,-5.0,1.0,-43.0
1776886906.4921026,-5.0,-2.0,-39.0
1776886906.5021029,2.0,-4.0,-37.0
1776886906.5121028,0.0,-5.0,-34.0
1776886906.5221028,-5.0,-4.0,-32.0
1776886906.5321028,-3.0,-3.0,-30.0
1776886906.5421028,-4.0,-3.0,-35.0
1776886906.5521028,1.0,-3.0,-40.0
1776886906.5621028,0.0,-1.0,-46.0
1776886906.5721028,0.0,-3.0,-48.0
1776886906.5821028,-1.0,-6.0,-38.0
1776886906.5921028,2.0,-3.0,-41.0
1776886906.6021028,8.0,-8.0,-44.0
1776886906.6121027,10.0,-7.0,-43.0
1776886906.6221027,12.0,-9.0,-44.0
1776886906.6321027,9.0,-6.0,-45.0
1776886906.6421027,3.0,-3.0,-35.0
1776886906.6521027,3.0,-4.0,-35.0
1776886906.6621027,2.0,-1.0,-44.0
1776886906.6721027,0.0,-1.0,-43.0
1776886906.682103,-2.0,0.0,-42.0
1776886906.692103,1.0,-1.0,-38.0
1776886906.702103,0.0,-2.0,-31.0
1776886906.712103,-3.0,-4.0,-34.0
1776886906.7221026,-2.0,-1.0,-26.0
1776886906.7321026,0.0,-1.0,-29.0
1776886906.7421026,-3.0,-3.0,-32.0
1776886906.7521029,-2.0,-2.0,-33.0
1776886906.7621028,-2.0,-3.0,-37.0
1776886906.7721028,-3.0,-6.0,-38.0
1776886906.7821028,0.0,-5.0,-34.0
1776886906.7921028,1.0,-1.0,-30.0
1776886906.8021028,0.0,-1.0,-31.0
1776886906.8121028,0.0,-3.0,-31.0
1776886906.8221028,0.0,-2.0,-30.0
1776886906.8321028,-2.0,-2.0,-31.0
1776886906.8421028,0.0,-2.0,-30.0
1776886906.8521028,1.0,-5.0,-34.0
1776886906.8621027,2.0,-7.0,-42.0
1776886906.8721027,0.0,-7.0,-38.0
1776886906.8821027,-6.0,-6.0,-41.0
1776886906.8921027,-6.0,-9.0,-35.0
1776886906.9021027,-4.0,-10.0,-35.0
1776886906.9121027,0.0,-10.0,-35.0
1776886906.9221027,2.0,-7.0,-31.0
1776886906.932103,8.0,-4.0,-32.0
1776886906.942103,4.0,-3.0,-40.0
1776886906.952103,3.0,0.0,-33.0
1776886906.962103,4.0,0.0,-30.0
1776886906.9721026,2.0,1.0,-35.0
1776886906.9821026,-1.0,1.0,-47.0
1776886906.9921026,0.0,1.0,-54.0
1776886907.0021029,3.0,2.0,-50.0
1776886907.0121028,4.0,1.0,-44.0
1776886907.0231028,2.0,2.0,-43.0
1776886907.0321028,1.0,-1.0,-38.0
1776886907.0421028,0.0,-4.0,-41.0
1776886907.0521028,2.0,-4.0,-43.0
1776886907.0621028,4.0,-3.0,-45.0
1776886907.0721028,3.0,-3.0,-44.0
1776886907.0821028,1.0,-2.0,-43.0
1776886907.0921028,1.0,-2.0,-41.0
1776886907.1021028,-1.0,-3.0,-35.0
1776886907.1121027,-2.0,-5.0,-32.0
1776886907.1221027,-6.0,-4.0,-40.0
1776886907.1321027,-2.0,-8.0,-40.0
1776886907.1421027,-3.0,-8.0,-43.0
1776886907.1521027,-2.0,-7.0,-39.0
1776886907.1621027,0.0,-3.0,-40.0
1776886907.1721027,0.0,-5.0,-42.0
1776886907.182103,0.0,-3.0,-43.0
1776886907.192103,-1.0,-2.0,-48.0
1776886907.202103,-4.0,-1.0,-39.0
1776886907.212103,-2.0,1.0,-34.0
1776886907.2221026,0.0,1.0,-34.0
1776886907.2321026,-1.0,-4.0,-35.0
1776886907.2421026,-2.0,-6.0,-32.0
1776886907.2521029,-4.0,-5.0,-31.0
1776886907.2621028,0.0,-2.0,-32.0
1776886907.2721028,1.0,0.0,-30.0
1776886907.2821028,2.0,0.0,-31.0
1776886907.2921028,0.0,-4.0,-31.0
1776886907.3021028,-4.0,-1.0,-28.0
1776886907.3121028,-1.0,0.0,-35.0
1776886907.3221028,-2.0,-3.0,-34.0
1776886907.3321028,-1.0,0.0,-32.0
1776886907.3421028,-3.0,0.0,-29.0
1776886907.3521028,0.0,0.0,-26.0
1776886907.3621027,-2.0,3.0,-30.0
1776886907.3721027,-2.0,3.0,-36.0
1776886907.3821027,-1.0,0.0,-34.0
1776886907.3921027,-4.0,-2.0,-40.0
1776886907.4021027,-7.0,-2.0,-43.0
1776886907.4121027,-8.0,-3.0,-43.0
1776886907.4221027,-10.0,-9.0,-46.0
1776886907.432103,-2.0,-8.0,-46.0
1776886907.442103,0.0,-8.0,-43.0
1776886907.452103,-2.0,-7.0,-46.0
1776886907.462103,-1.0,-6.0,-48.0
1776886907.4721026,1.0,-6.0,-44.0
1776886907.4821026,0.0,0.0,-41.0
1776886907.4921026,0.0,-1.0,-41.0
1776886907.5021029,0.0,0.0,-34.0
1776886907.5121028,3.0,-2.0,-31.0
1776886907.5221028,7.0,-6.0,-30.0
1776886907.5321028,5.0,-6.0,-38.0
1776886907.5421028,2.0,-4.0,-41.0
1776886907.5521028,0.0,0.0,-38.0
1776886907.5621028,-1.0,-2.0,-44.0
1776886907.5721028,-5.0,-3.0,-41.0
1776886907.5821028,-4.0,-4.0,-38.0
1776886907.5921028,-4.0,-5.0,-46.0
1776886907.6021028,-3.0,-2.0,-43.0
1776886907.6121027,-2.0,-3.0,-41.0
1776886907.6221027,-2.0,-3.0,-42.0
1776886907.6321027,-4.0,-4.0,-43.0
1776886907.6421027,-8.0,-2.0,-41.0
1776886907.6521027,-3.0,-4.0,-38.0
1776886907.6621027,3.0,-1.0,-33.0
1776886907.6721027,5.0,-3.0,-32.0
1776886907.682103,3.0,-3.0,-30.0
1776886907.692103,0.0,0.0,-33.0
1776886907.702103,0.0,-2.0,-44.0
1776886907.712103,1.0,-1.0,-43.0
1776886907.7221026,0.0,0.0,-45.0
1776886907.7321026,-3.0,-1.0,-38.0
1776886907.7421026,-2.0,0.0,-34.0
1776886907.7521029,-5.0,2.0,-32.0
1776886907.7621028,-7.0,0.0,-36.0
1776886907.7721028,-9.0,1.0,-36.0
1776886907.7821028,-1.0,3.0,-34.0
1776886907.7921028,3.0,1.0,-39.0
1776886907.8021028,7.0,0.0,-37.0
1776886907.8121028,9.0,-3.0,-35.0
1776886907.8221028,4.0,-4.0,-38.0
1776886907.8321028,-1.0,-1.0,-43.0
1776886907.8421028,-3.0,0.0,-45.0
1776886907.8521028,-4.0,-2.0,-45.0
1776886907.8621027,-6.0,-7.0,-42.0
1776886907.8721027,-4.0,-8.0,-40.0
1776886907.8821027,-6.0,-7.0,-36.0
1776886907.8921027,-2.0,-3.0,-35.0
1776886907.9021027,1.0,-2.0,-31.0
1776886907.9121027,1.0,-1.0,-36.0
1776886907.9221027,1.0,0.0,-32.0
1776886907.932103,4.0,0.0,-35.0
1776886907.942103,6.0,-1.0,-36.0
1776886907.952103,5.0,-1.0,-35.0
1776886907.962103,5.0,-2.0,-32.0
1776886907.9721026,0.0,-6.0,-36.0
1776886907.9821026,-2.0,-7.0,-41.0
1776886907.9921026,0.0,-5.0,-43.0
1776886908.0021029,3.0,-5.0,-38.0
1776886908.0121028,0.0,-7.0,-36.0
1776886908.0221028,-2.0,-8.0,-37.0
1776886908.0321028,-5.0,-2.0,-38.0
1776886908.0421028,-1.0,-4.0,-36.0
1776886908.0521028,-1.0,-7.0,-36.0
1776886908.0621028,1.0,-6.0,-42.0
1776886908.0721028,-1.0,-9.0,-44.0
1776886908.0821028,0.0,-5.0,-42.0
1776886908.0921028,-2.0,-4.0,-39.0
1776886908.1021028,-3.0,0.0,-40.0
1776886908.1121027,-7.0,0.0,-35.0
1776886908.1221027,-2.0,0.0,-40.0
1776886908.1321027,1.0,-1.0,-44.0
1776886908.1421027,4.0,-1.0,-43.0
1776886908.1521027,7.0,-1.0,-41.0
1776886908.1621027,8.0,1.0,-41.0
1776886908.1721027,8.0,1.0,-37.0
1776886908.1831028,3.0,4.0,-37.0
1776886908.1931028,1.0,7.0,-32.0
1776886908.2031028,3.0,7.0,-35.0
1776886908.2131028,6.0,6.0,-36.0
1776886908.2231028,5.0,2.0,-35.0
1776886908.2331028,4.0,1.0,-34.0
1776886908.2431028,5.0,1.0,-38.0
1776886908.2531028,5.0,0.0,-35.0
1776886908.2631028,4.0,1.0,-40.0
1776886908.2731028,1.0,-2.0,-46.0
1776886908.2831028,-1.0,-4.0,-48.0
1776886908.2931027,-5.0,-4.0,-50.0
1776886908.3031027,-7.0,-1.0,-45.0
1776886908.3131027,-2.0,-1.0,-44.0
1776886908.3231027,-4.0,0.0,-47.0
1776886908.3331027,-5.0,0.0,-46.0
1776886908.3431027,-3.0,-6.0,-44.0
1776886908.3531027,-4.0,-6.0,-46.0
1776886908.363103,-4.0,-3.0,-44.0
1776886908.373103,-6.0,0.0,-38.0
1776886908.383103,0.0,1.0,-37.0
1776886908.3931026,-4.0,-1.0,-41.0
1776886908.4031026,-5.0,0.0,-44.0
1776886908.4131026,0.0,1.0,-40.0
1776886908.4231029,0.0,2.0,-41.0
1776886908.4331028,1.0,0.0,-41.0
1776886908.4431028,1.0,-2.0,-43.0
1776886908.4531028,0.0,0.0,-42.0
1776886908.4631028,-6.0,2.0,-47.0
1776886908.4731028,-5.0,0.0,-46.0
1776886908.4831028,-3.0,1.0,-43.0
1776886908.4931028,-3.0,-1.0,-46.0
1776886908.5031028,-6.0,0.0,-38.0
1776886908.5131028,-6.0,3.0,-39.0
1776886908.5231028,-2.0,1.0,-38.0
1776886908.5331028,-2.0,-1.0,-45.0
1776886908.5431027,3.0,-2.0,-47.0
1776886908.5531027,0.0,0.0,-43.0
1776886908.5631027,1.0,-2.0,-43.0
1776886908.5731027,1.0,0.0,-39.0
1776886908.5831027,-2.0,0.0,-40.0
1776886908.5931027,4.0,-2.0,-38.0
1776886908.6031027,3.0,-5.0,-37.0
1776886908.613103,3.0,-4.0,-33.0
1776886908.623103,2.0,0.0,-28.0
1776886908.633103,4.0,3.0,-30.0
1776886908.6431026,4.0,3.0,-28.0
1776886908.6531026,3.0,3.0,-32.0
1776886908.6631026,1.0,5.0,-34.0
1776886908.6731029,1.0,-2.0,-32.0
1776886908.6831028,1.0,-2.0,-38.0
1776886908.6931028,-1.0,-2.0,-32.0
1776886908.7031028,-1.0,0.0,-33.0
1776886908.7131028,0.0,-2.0,-23.0
1776886908.7231028,3.0,-3.0,-17.0
1776886908.7331028,10.0,-1.0,-20.0
1776886908.7431028,12.0,-1.0,-30.0
1776886908.7531028,12.0,-2.0,-29.0
1776886908.7631028,14.0,-2.0,-40.0
1776886908.7731028,14.0,-3.0,-47.0
1776886908.7831028,13.0,-4.0,-45.0
1776886908.7931027,12.0,-3.0,-39.0
1776886908.8031027,7.0,-1.0,-38.0
1776886908.8131027,6.0,-2.0,-35.0
1776886908.8231027,9.0,-4.0,-32.0
1776886908.8331027,7.0,-1.0,-33.0
1776886908.8431027,0.0,-2.0,-39.0
1776886908.8531027,-1.0,0.0,-39.0
1776886908.863103,-2.0,4.0,-44.0
1776886908.873103,-1.0,3.0,-41.0
1776886908.883103,-2.0,5.0,-37.0
1776886908.8931026,0.0,5.0,-37.0
1776886908.9031026,0.0,0.0,-36.0
1776886908.9131026,-1.0,-2.0,-37.0
1776886908.9231029,0.0,0.0,-35.0
1776886908.9331028,0.0,-2.0,-36.0
1776886908.9431028,4.0,0.0,-32.0
1776886908.9531028,0.0,1.0,-29.0
1776886908.9631028,0.0,-1.0,-34.0
1776886908.9731028,2.0,-2.0,-37.0
1776886908.9831028,-1.0,-4.0,-37.0
1776886908.9931028,0.0,-4.0,-38.0
1776886909.0031028,1.0,-4.0,-36.0
1776886909.0131028,2.0,0.0,-36.0
1776886909.0231028,2.0,3.0,-35.0
1776886909.0331028,2.0,1.0,-30.0
1776886909.0431027,6.0,3.0,-32.0
1776886909.0531027,6.0,1.0,-33.0
1776886909.0631027,3.0,1.0,-35.0
1776886909.0731027,3.0,5.0,-32.0
1776886909.0831027,6.0,4.0,-42.0
1776886909.0931027,0.0,4.0,-44.0
1776886909.1031027,1.0,3.0,-39.0
1776886909.113103,3.0,0.0,-43.0
1776886909.123103,3.0,2.0,-51.0
1776886909.133103,0.0,0.0,-49.0
1776886909.1431026,0.0,0.0,-45.0
1776886909.1531026,-4.0,-1.0,-43.0
1776886909.1631026,-1.0,-1.0,-42.0
1776886909.1731029,-2.0,0.0,-45.0
1776886909.1831028,-3.0,0.0,-52.0
1776886909.1931028,-3.0,0.0,-52.0
1776886909.2031028,-1.0,2.0,-47.0
1776886909.2131028,0.0,0.0,-47.0
1776886909.2231028,0.0,3.0,-45.0
1776886909.2331028,2.0,1.0,-41.0
1776886909.2431028,0.0,2.0,-38.0
1776886909.2531028,0.0,5.0,-42.0
1776886909.2631028,0.0,0.0,-39.0
1776886909.2731028,1.0,0.0,-37.0
1776886909.2831028,2.0,1.0,-37.0
1776886909.2931027,0.0,0.0,-34.0
1776886909.3031027,2.0,2.0,-38.0
1776886909.3131027,1.0,-2.0,-40.0
1776886909.3231027,4.0,-2.0,-39.0
1776886909.3331027,6.0,-5.0,-40.0
1776886909.3431027,2.0,-2.0,-42.0
1776886909.3531027,4.0,2.0,-35.0
1776886909.363103,5.0,1.0,-28.0
1776886909.373103,9.0,2.0,-32.0
1776886909.383103,8.0,0.0,-32.0
1776886909.3931026,8.0,0.0,-42.0
1776886909.4031026,7.0,2.0,-46.0
1776886909.4131026,6.0,1.0,-49.0
1776886909.4231029,7.0,0.0,-43.0
1776886909.4331028,4.0,-1.0,-41.0
1776886909.4431028,7.0,-1.0,-43.0
1776886909.4531028,6.0,0.0,-46.0
1776886909.4631028,2.0,3.0,-42.0
1776886909.4731028,0.0,-3.0,-40.0
1776886909.4831028,0.0,-4.0,-37.0
1776886909.4931028,-3.0,0.0,-40.0
1776886909.5031028,-3.0,-1.0,-43.0
1776886909.5131028,-1.0,-4.0,-43.0
1776886909.5231028,-1.0,-6.0,-43.0
1776886909.5331028,0.0,-6.0,-43.0
1776886909.5431027,4.0,1.0,-34.0
1776886909.5531027,-1.0,5.0,-33.0
1776886909.5631027,-4.0,1.0,-39.0
1776886909.5731027,-4.0,0.0,-39.0
1776886909.5831027,-6.0,2.0,-38.0
1776886909.5931027,-1.0,2.0,-41.0
1776886909.6031027,-4.0,-2.0,-43.0
1776886909.613103,-6.0,-3.0,-34.0
1776886909.623103,-10.0,-2.0,-24.0
1776886909.633103,-11.0,-3.0,-24.0
1776886909.6431026,-12.0,-3.0,-24.0
1776886909.6531026,-10.0,-6.0,-29.0
1776886909.6631026,-7.0,-5.0,-31.0
1776886909.6731029,-5.0,-6.0,-34.0
1776886909.6831028,-3.0,-2.0,-33.0
1776886909.6931028,-1.0,-4.0,-36.0
1776886909.7031028,0.0,1.0,-34.0
1776886909.7131028,1.0,3.0,-37.0
1776886909.7231028,0.0,4.0,-36.0
1776886909.7331028,-2.0,2.0,-37.0
1776886909.7431028,0.0,0.0,-41.0
1776886909.7531028,0.0,1.0,-38.0
1776886909.7631028,0.0,2.0,-35.0
1776886909.7731028,-1.0,3.0,-33.0
1776886909.7831028,1.0,2.0,-38.0
1776886909.7931027,3.0,0.0,-40.0
1776886909.8031027,5.0,0.0,-41.0
1776886909.8131027,3.0,-2.0,-45.0
1776886909.8231027,6.0,-4.0,-45.0
1776886909.8331027,8.0,-5.0,-37.0
1776886909.8431027,8.0,-1.0,-37.0
1776886909.8531027,11.0,-4.0,-40.0
1776886909.863103,10.0,-5.0,-43.0
1776886909.873103,4.0,-2.0,-46.0
1776886909.883103,5.0,-1.0,-45.0
1776886909.8931026,5.0,-3.0,-44.0
1776886909.9031026,2.0,-3.0,-43.0
1776886909.9131026,2.0,-4.0,-40.0
1776886909.9231029,0.0,-4.0,-43.0
1776886909.9331028,0.0,1.0,-38.0
1776886909.9431028,1.0,5.0,-31.0
1776886909.9531028,0.0,0.0,-28.0
1776886909.9631028,-4.0,0.0,-29.0
1776886909.9731028,-4.0,-2.0,-34.0
1776886909.9831028,-2.0,-7.0,-33.0
1776886909.9931028,-2.0,-7.0,-37.0
1776886910.0031028,0.0,-3.0,-41.0
1776886910.0131028,0.0,-5.0,-38.0
1776886910.0231028,-2.0,-3.0,-35.0
1776886910.0331028,-2.0,-1.0,-38.0
1776886910.0431027,-1.0,0.0,-35.0
1776886910.0531027,3.0,0.0,-40.0
1776886910.0631027,-1.0,1.0,-38.0
1776886910.0731027,-3.0,3.0,-37.0
1776886910.0831027,-3.0,2.0,-40.0
1776886910.0931027,0.0,1.0,-43.0
1776886910.1031027,4.0,2.0,-44.0
1776886910.113103,-3.0,3.0,-44.0
1776886910.123103,0.0,3.0,-43.0
1776886910.133103,1.0,-1.0,-44.0
1776886910.1431026,0.0,-2.0,-42.0
1776886910.1541028,0.0,1.0,-40.0
1776886910.1631026,-1.0,1.0,-40.0
1776886910.1731029,-3.0,0.0,-39.0
1776886910.1841028,-5.0,2.0,-41.0
1776886910.1941028,-6.0,3.0,-39.0
1776886910.2041028,-2.0,-1.0,-34.0
1776886910.2141027,0.0,-2.0,-30.0
1776886910.2241027,0.0,3.0,-27.0
1776886910.2341027,0.0,0.0,-34.0
1776886910.2441027,1.0,0.0,-31.0
1776886910.2541027,0.0,0.0,-34.0
1776886910.2641027,-2.0,0.0,-41.0
1776886910.2741027,1.0,1.0,-38.0
1776886910.284103,-1.0,0.0,-40.0
1776886910.294103,-6.0,-1.0,-40.0
1776886910.304103,-6.0,1.0,-39.0
1776886910.3141026,-9.0,1.0,-38.0
1776886910.3241026,-7.0,4.0,-28.0
1776886910.3341026,-6.0,3.0,-24.0
1776886910.3441026,-7.0,1.0,-25.0
1776886910.3541028,2.0,-2.0,-31.0
1776886910.3641028,6.0,-1.0,-39.0
1776886910.3741028,6.0,-3.0,-36.0
1776886910.3841028,6.0,0.0,-31.0
1776886910.3941028,2.0,0.0,-36.0
1776886910.4041028,2.0,0.0,-37.0
1776886910.4141028,3.0,-4.0,-35.0
1776886910.4241028,4.0,-3.0,-40.0
1776886910.4341028,4.0,0.0,-35.0
1776886910.4441028,1.0,1.0,-34.0
1776886910.4541028,0.0,0.0,-38.0
1776886910.4641027,-1.0,-4.0,-42.0
1776886910.4741027,0.0,-2.0,-41.0
1776886910.4841027,1.0,-4.0,-48.0
1776886910.4941027,0.0,-3.0,-45.0
1776886910.5041027,-1.0,0.0,-38.0
1776886910.5141027,-2.0,-1.0,-43.0
1776886910.5241027,-8.0,-1.0,-38.0
1776886910.534103,-9.0,-3.0,-35.0
1776886910.544103,-5.0,-2.0,-38.0
1776886910.554103,-2.0,-3.0,-37.0
1776886910.5641026,0.0,-1.0,-40.0
1776886910.5741026,0.0,0.0,-42.0
1776886910.5841026,1.0,-2.0,-44.0
1776886910.5941026,2.0,-5.0,-51.0
1776886910.6041028,2.0,-3.0,-44.0
1776886910.6141028,-2.0,0.0,-51.0
1776886910.6241028,-3.0,-3.0,-53.0
1776886910.6341028,-2.0,-4.0,-46.0
1776886910.6441028,-5.0,-4.0,-46.0
1776886910.6541028,0.0,-2.0,-44.0
1776886910.6641028,3.0,-4.0,-35.0
1776886910.6741028,2.0,0.0,-31.0
1776886910.6841028,4.0,2.0,-33.0
1776886910.6941028,1.0,0.0,-36.0
1776886910.7041028,-1.0,0.0,-41.0
1776886910.7141027,1.0,-2.0,-38.0
1776886910.7241027,0.0,-2.0,-39.0
1776886910.7341027,2.0,-1.0,-36.0
1776886910.7441027,8.0,-2.0,-44.0
1776886910.7541027,8.0,-1.0,-42.0
1776886910.7641027,9.0,-2.0,-39.0
1776886910.7741027,9.0,-2.0,-37.0
1776886910.784103,7.0,0.0,-38.0
1776886910.794103,9.0,-2.0,-42.0
1776886910.804103,7.0,-2.0,-36.0
1776886910.8141026,6.0,-4.0,-37.0
1776886910.8241026,9.0,0.0,-43.0
1776886910.8341026,7.0,2.0,-42.0
1776886910.8441026,1.0,2.0,-39.0
1776886910.8541028,-1.0,1.0,-35.0
1776886910.8641028,-1.0,-1.0,-39.0
1776886910.8741028,-2.0,-4.0,-38.0
1776886910.8841028,-3.0,-4.0,-39.0
1776886910.8941028,-3.0,-5.0,-39.0
1776886910.9041028,-7.0,-8.0,-40.0
1776886910.9141028,-5.0,-9.0,-37.0
1776886910.9241028,-3.0,-8.0,-37.0
1776886910.9341028,0.0,-9.0,-37.0
1776886910.9441028,-3.0,-8.0,-38.0
1776886910.9541028,-4.0,-5.0,-34.0
1776886910.9641027,-3.0,-5.0,-36.0
1776886910.9741027,-2.0,0.0,-38.0
1776886910.9841027,-3.0,0.0,-31.0
1776886910.9941027,-4.0,-4.0,-29.0
1776886911.0041027,-4.0,-3.0,-35.0
1776886911.0141027,-2.0,0.0,-32.0
1776886911.0241027,-2.0,0.0,-28.0
1776886911.034103,-2.0,0.0,-29.0
1776886911.044103,-3.0,3.0,-27.0
1776886911.054103,-6.0,1.0,-22.0
1776886911.0641026,0.0,5.0,-23.0
1776886911.0741026,0.0,0.0,-32.0
1776886911.0841026,-2.0,0.0,-36.0
1776886911.0941026,-4.0,1.0,-35.0
1776886911.1041028,-2.0,3.0,-34.0
1776886911.1141028,0.0,5.0,-35.0
1776886911.1241028,-1.0,4.0,-39.0
1776886911.1341028,0.0,1.0,-39.0
1776886911.1441028,-1.0,-1.0,-43.0
1776886911.1541028,0.0,-2.0,-37.0
1776886911.1641028,3.0,0.0,-34.0
1776886911.1741028,1.0,-2.0,-36.0
1776886911.1841028,-2.0,-3.0,-31.0
1776886911.1941028,-1.0,-3.0,-36.0
1776886911.2041028,3.0,-6.0,-37.0
1776886911.2141027,2.0,-5.0,-39.0
1776886911.2241027,3.0,-5.0,-40.0
1776886911.2341027,1.0,-9.0,-42.0
1776886911.2441027,-2.0,-10.0,-32.0
1776886911.2541027,-5.0,-4.0,-32.0
1776886911.2641027,0.0,-2.0,-28.0
1776886911.2741027,5.0,-4.0,-35.0
1776886911.284103,5.0,-4.0,-43.0
1776886911.294103,5.0,-8.0,-42.0
1776886911.304103,4.0,-8.0,-41.0
1776886911.3141026,-3.0,-6.0,-43.0
1776886911.3241026,-3.0,-3.0,-45.0
1776886911.3341026,-1.0,-3.0,-43.0
1776886911.3441026,3.0,0.0,-49.0
1776886911.3541028,3.0,-1.0,-43.0
1776886911.3641028,1.0,-2.0,-42.0
1776886911.3741028,2.0,-3.0,-44.0
1776886911.3841028,5.0,0.0,-40.0
1776886911.3941028,6.0,-3.0,-36.0
1776886911.4041028,4.0,-2.0,-39.0
1776886911.4141028,-1.0,-2.0,-32.0
1776886911.4241028,0.0,-3.0,-38.0
1776886911.4341028,0.0,-5.0,-41.0
1776886911.4441028,0.0,-5.0,-41.0
1776886911.4541028,-3.0,-4.0,-44.0
1776886911.4641027,-3.0,-1.0,-41.0
1776886911.4741027,-5.0,-4.0,-39.0
1776886911.4841027,-4.0,-2.0,-43.0
1776886911.4941027,-1.0,0.0,-46.0
1776886911.5041027,-1.0,-3.0,-48.0
1776886911.5141027,0.0,-1.0,-43.0
1776886911.5241027,0.0,0.0,-41.0
1776886911.534103,1.0,2.0,-41.0
1776886911.544103,-2.0,2.0,-43.0
1776886911.554103,0.0,4.0,-44.0
1776886911.5641026,3.0,5.0,-43.0
1776886911.5741026,-1.0,3.0,-45.0
1776886911.5841026,-1.0,0.0,-37.0
1776886911.5941026,-2.0,0.0,-28.0
1776886911.6041028,1.0,0.0,-30.0
1776886911.6141028,4.0,0.0,-27.0
1776886911.6241028,4.0,1.0,-33.0
1776886911.6341028,0.0,0.0,-41.0
1776886911.6441028,0.0,-1.0,-41.0
1776886911.6541028,3.0,-4.0,-42.0
1776886911.6641028,-2.0,-5.0,-39.0
1776886911.6741028,0.0,-4.0,-46.0
1776886911.6841028,1.0,-5.0,-48.0
1776886911.6941028,6.0,-1.0,-46.0
1776886911.7041028,5.0,0.0,-38.0
1776886911.7141027,4.0,4.0,-40.0
1776886911.7241027,5.0,3.0,-38.0
1776886911.7341027,4.0,1.0,-34.0
1776886911.7441027,6.0,-2.0,-27.0
1776886911.7541027,4.0,-1.0,-30.0
1776886911.7641027,5.0,0.0,-32.0
1776886911.7741027,3.0,1.0,-31.0
1776886911.784103,4.0,0.0,-39.0
1776886911.794103,1.0,-1.0,-31.0
1776886911.804103,-2.0,-2.0,-27.0
1776886911.8141026,-3.0,0.0,-33.0
1776886911.8241026,-3.0,-1.0,-32.0
1776886911.8341026,0.0,-3.0,-28.0
1776886911.8441026,3.0,-2.0,-35.0
1776886911.8541028,6.0,1.0,-34.0
1776886911.8641028,0.0,0.0,-31.0
1776886911.8741028,2.0,0.0,-35.0
1776886911.8841028,0.0,1.0,-36.0
1776886911.8941028,0.0,3.0,-38.0
1776886911.9041028,3.0,1.0,-40.0
1776886911.9141028,-1.0,2.0,-34.0
1776886911.9241028,-5.0,2.0,-37.0
1776886911.9341028,-3.0,3.0,-39.0
1776886911.9441028,-2.0,3.0,-37.0
1776886911.9541028,0.0,7.0,-45.0
1776886911.9641027,2.0,0.0,-40.0
1776886911.9741027,2.0,1.0,-37.0
1776886911.9841027,2.0,-1.0,-36.0
1776886911.9941027,1.0,-1.0,-38.0
1776886912.0041027,4.0,-1.0,-43.0
1776886912.0141027,1.0,1.0,-40.0
1776886912.0241027,2.0,2.0,-43.0
1776886912.034103,0.0,0.0,-43.0
1776886912.044103,-3.0,0.0,-33.0
1776886912.054103,-3.0,2.0,-32.0
1776886912.0641026,-6.0,1.0,-41.0
1776886912.0741026,-3.0,4.0,-44.0
1776886912.0841026,-3.0,3.0,-50.0
1776886912.0941026,-7.0,4.0,-47.0
1776886912.1041028,-7.0,3.0,-43.0
1776886912.1141028,-6.0,3.0,-36.0
1776886912.1241028,-7.0,3.0,-36.0
1776886912.1341028,-8.0,3.0,-35.0
1776886912.1441028,-6.0,-2.0,-31.0
1776886912.1541028,-4.0,-1.0,-32.0
1776886912.1651027,0.0,2.0,-43.0
1776886912.1741028,0.0,3.0,-48.0
1776886912.1841028,0.0,1.0,-44.0
1776886912.1941028,1.0,0.0,-51.0
1776886912.2051027,0.0,-2.0,-45.0
1776886912.215103,-1.0,-4.0,-43.0
1776886912.225103,5.0,-8.0,-49.0
1776886912.235103,0.0,-5.0,-49.0
1776886912.2451026,1.0,-6.0,-49.0
1776886912.2551026,2.0,-7.0,-50.0
1776886912.2651026,0.0,-6.0,-46.0
1776886912.2751029,0.0,-6.0,-39.0
1776886912.2851028,0.0,-2.0,-36.0
1776886912.2951028,4.0,-2.0,-43.0
1776886912.3051028,3.0,-3.0,-48.0
1776886912.3151028,3.0,-3.0,-46.0
1776886912.3251028,3.0,-2.0,-45.0
1776886912.3351028,5.0,-1.0,-47.0
1776886912.3451028,1.0,-6.0,-45.0
1776886912.3551028,0.0,-7.0,-41.0
1776886912.3651028,-1.0,-9.0,-45.0
1776886912.3751028,-2.0,-9.0,-45.0
1776886912.3851027,-5.0,-7.0,-44.0
1776886912.3951027,0.0,-5.0,-45.0
1776886912.4051027,0.0,-5.0,-39.0
1776886912.4151027,0.0,-6.0,-37.0
1776886912.4251027,-6.0,-7.0,-37.0
1776886912.4351027,-6.0,-11.0,-38.0
1776886912.4451027,-1.0,-5.0,-38.0
1776886912.4551027,0.0,-2.0,-42.0
1776886912.465103,2.0,-3.0,-43.0
1776886912.475103,-2.0,-3.0,-40.0
1776886912.485103,-1.0,-5.0,-42.0
1776886912.4951026,-3.0,-2.0,-36.0
1776886912.5051026,-4.0,-2.0,-36.0
1776886912.5151026,-2.0,-5.0,-45.0
1776886912.5251029,-2.0,-1.0,-40.0
1776886912.5351028,-1.0,0.0,-34.0
1776886912.5451028,-3.0,2.0,-35.0
1776886912.5551028,-1.0,-1.0,-29.0
1776886912.5651028,1.0,1.0,-30.0
1776886912.5751028,-3.0,1.0,-29.0
1776886912.5851028,-2.0,-2.0,-36.0
1776886912.5951028,-2.0,0.0,-37.0
1776886912.6051028,-4.0,-2.0,-33.0
1776886912.6151028,2.0,-1.0,-29.0
1776886912.6251028,1.0,-1.0,-30.0
1776886912.6351027,0.0,-4.0,-34.0
1776886912.6451027,-2.0,-4.0,-38.0
1776886912.6551027,-3.0,-5.0,-41.0
1776886912.6651027,2.0,-6.0,-45.0
1776886912.6751027,4.0,-6.0,-37.0
1776886912.6851027,5.0,-3.0,-40.0
1776886912.6951027,8.0,-3.0,-35.0
1776886912.7051027,9.0,-6.0,-36.0
1776886912.715103,10.0,-1.0,-32.0
1776886912.725103,11.0,-2.0,-32.0
1776886912.735103,5.0,-3.0,-34.0
1776886912.7451026,5.0,-4.0,-37.0
1776886912.7551026,7.0,-9.0,-40.0
1776886912.7651026,7.0,-5.0,-38.0
1776886912.7751029,6.0,-7.0,-37.0
1776886912.7851028,3.0,-6.0,-38.0
1776886912.7951028,7.0,-3.0,-39.0
1776886912.8051028,5.0,-3.0,-41.0
1776886912.8151028,5.0,-2.0,-45.0
1776886912.8251028,2.0,-2.0,-40.0
1776886912.8351028,3.0,0.0,-43.0
1776886912.8451028,3.0,0.0,-43.0
1776886912.8551028,1.0,1.0,-44.0
1776886912.8651028,0.0,0.0,-40.0
1776886912.8751028,-2.0,2.0,-40.0
1776886912.8851027,-4.0,1.0,-36.0
1776886912.8951027,-9.0,-4.0,-36.0
1776886912.9051027,-9.0,-3.0,-39.0
1776886912.9151027,-7.0,-4.0,-35.0
1776886912.9251027,-6.0,-2.0,-36.0
1776886912.9351027,-4.0,1.0,-33.0
1776886912.9451027,-6.0,-2.0,-32.0
1776886912.9551027,-4.0,-1.0,-24.0
1776886912.965103,-3.0,-1.0,-25.0
1776886912.975103,-4.0,1.0,-27.0
1776886912.985103,0.0,3.0,-29.0
1776886912.9951026,4.0,0.0,-33.0
1776886913.0051026,6.0,1.0,-36.0
1776886913.0151026,5.0,5.0,-33.0
1776886913.0251029,-3.0,5.0,-35.0
1776886913.0351028,-4.0,6.0,-34.0
1776886913.0451028,-8.0,5.0,-40.0
1776886913.0551028,-11.0,-2.0,-39.0
1776886913.0651028,-9.0,-8.0,-32.0
1776886913.0751028,-8.0,-8.0,-30.0
1776886913.0851028,-12.0,-7.0,-34.0
1776886913.0951028,-10.0,-6.0,-32.0
1776886913.1051028,-2.0,-6.0,-37.0
1776886913.1151028,1.0,-6.0,-32.0
1776886913.1251028,0.0,-9.0,-31.0
1776886913.1351027,4.0,-8.0,-33.0
1776886913.1451027,3.0,-10.0,-37.0
1776886913.1551027,-2.0,-9.0,-30.0
1776886913.1651027,-1.0,-6.0,-41.0
1776886913.1751027,-3.0,-6.0,-45.0
1776886913.1851027,0.0,-3.0,-52.0
1776886913.1951027,1.0,-4.0,-49.0
1776886913.2051027,0.0,-5.0,-40.0
1776886913.215103,-1.0,-4.0,-38.0
1776886913.225103,0.0,-3.0,-46.0
1776886913.235103,0.0,0.0,-46.0
1776886913.2451026,0.0,1.0,-39.0
1776886913.2551026,-2.0,1.0,-40.0
1776886913.2651026,0.0,-1.0,-44.0
1776886913.2751029,0.0,-2.0,-51.0
1776886913.2851028,-4.0,-5.0,-48.0
1776886913.2951028,-5.0,-2.0,-42.0
1776886913.3051028,-3.0,-6.0,-37.0
1776886913.3151028,-4.0,-5.0,-40.0
1776886913.3251028,3.0,-3.0,-41.0
1776886913.3351028,7.0,-3.0,-41.0
1776886913.3451028,6.0,-5.0,-35.0
1776886913.3551028,3.0,-2.0,-36.0
1776886913.3651028,5.0,0.0,-33.0
1776886913.3751028,0.0,1.0,-38.0
1776886913.3851027,0.0,1.0,-39.0
1776886913.3951027,1.0,-1.0,-43.0
1776886913.4051027,-3.0,0.0,-42.0
1776886913.4151027,-4.0,-4.0,-45.0
1776886913.4251027,-7.0,-4.0,-39.0
1776886913.4351027,-5.0,-4.0,-42.0
1776886913.4451027,-1.0,-9.0,-38.0
1776886913.4551027,4.0,-9.0,-37.0
1776886913.465103,7.0,-7.0,-41.0
1776886913.475103,1.0,-4.0,-39.0
1776886913.485103,2.0,-6.0,-37.0
1776886913.4951026,-1.0,-1.0,-33.0
1776886913.5051026,2.0,-2.0,-35.0
1776886913.5151026,1.0,-2.0,-32.0
1776886913.5251029,-2.0,-2.0,-37.0
1776886913.5351028,-5.0,-3.0,-39.0
1776886913.5451028,0.0,1.0,-44.0
1776886913.5551028,2.0,-3.0,-44.0
1776886913.5651028,5.0,-5.0,-41.0
1776886913.5751028,6.0,-2.0,-48.0
1776886913.5851028,5.0,-2.0,-48.0
1776886913.5951028,6.0,-4.0,-45.0
1776886913.6051028,9.0,-6.0,-46.0
1776886913.6151028,6.0,-2.0,-46.0
1776886913.6251028,-1.0,-2.0,-37.0
1776886913.6351027,2.0,0.0,-35.0
1776886913.6451027,2.0,1.0,-44.0
1776886913.6551027,4.0,-2.0,-42.0
1776886913.6651027,2.0,-3.0,-40.0
1776886913.6751027,5.0,-1.0,-44.0
1776886913.6851027,8.0,2.0,-42.0
1776886913.6951027,5.0,1.0,-43.0
1776886913.7051027,5.0,-1.0,-38.0
1776886913.715103,3.0,-2.0,-37.0
1776886913.725103,6.0,-3.0,-39.0
1776886913.735103,6.0,-2.0,-43.0
1776886913.7451026,1.0,0.0,-39.0
1776886913.7551026,-3.0,1.0,-34.0
1776886913.7651026,-2.0,3.0,-36.0
1776886913.7751029,-4.0,4.0,-36.0
1776886913.7851028,-7.0,4.0,-33.0
1776886913.7951028,-7.0,6.0,-34.0
1776886913.8051028,-5.0,1.0,-35.0
1776886913.8151028,-2.0,0.0,-36.0
1776886913.8251028,1.0,-1.0,-35.0
1776886913.8351028,-3.0,-2.0,-40.0
1776886913.8451028,0.0,-4.0,-42.0
1776886913.8551028,0.0,0.0,-35.0
1776886913.8651028,-2.0,0.0,-30.0
1776886913.8751028,-1.0,0.0,-24.0
1776886913.8851027,-6.0,2.0,-25.0
1776886913.8951027,-5.0,4.0,-27.0
1776886913.9051027,-3.0,0.0,-34.0
1776886913.9151027,-3.0,2.0,-39.0
1776886913.9251027,-2.0,9.0,-43.0
1776886913.9351027,0.0,6.0,-49.0
1776886913.9451027,-2.0,5.0,-49.0
1776886913.9551027,-2.0,1.0,-47.0
1776886913.965103,-3.0,2.0,-43.0
1776886913.975103,-1.0,1.0,-40.0
1776886913.985103,4.0,0.0,-47.0
1776886913.9951026,5.0,-3.0,-44.0
1776886914.0051026,4.0,-4.0,-42.0
1776886914.0151026,5.0,-5.0,-41.0
1776886914.0251029,3.0,-3.0,-42.0
1776886914.0351028,1.0,-6.0,-36.0
1776886914.0451028,3.0,-5.0,-37.0
1776886914.0551028,5.0,-6.0,-37.0
1776886914.0651028,6.0,-7.0,-36.0
1776886914.0751028,8.0,-5.0,-41.0
1776886914.0851028,8.0,-6.0,-42.0
1776886914.0951028,9.0,-3.0,-42.0
1776886914.1051028,7.0,-5.0,-40.0
1776886914.1151028,4.0,-4.0,-40.0
1776886914.1251028,0.0,-4.0,-37.0
1776886914.1351027,-1.0,-3.0,-30.0
1776886914.1451027,-5.0,1.0,-33.0
1776886914.1551027,-4.0,2.0,-31.0
1776886914.1651027,-7.0,6.0,-29.0
1776886914.1751027,-7.0,2.0,-33.0
1776886914.1861026,-2.0,-1.0,-41.0
1776886914.1961029,0.0,-1.0,-42.0
1776886914.2061028,4.0,-1.0,-40.0
1776886914.2161028,4.0,-2.0,-37.0
1776886914.2261028,3.0,-4.0,-34.0
1776886914.2361028,3.0,-3.0,-38.0
1776886914.2461028,3.0,-7.0,-38.0
1776886914.2561028,1.0,-3.0,-38.0
1776886914.2661028,0.0,-5.0,-36.0
1776886914.2761028,-1.0,-3.0,-38.0
1776886914.2861028,0.0,-4.0,-41.0
1776886914.2961028,0.0,-6.0,-40.0
1776886914.3061028,-3.0,-7.0,-40.0
1776886914.3161027,-6.0,-4.0,-35.0
1776886914.3261027,-7.0,0.0,-33.0
1776886914.3361027,-6.0,0.0,-33.0
1776886914.3461027,-3.0,3.0,-37.0
1776886914.3561027,-1.0,3.0,-29.0
1776886914.3661027,2.0,-1.0,-28.0
1776886914.3761027,0.0,-6.0,-26.0
1776886914.386103,0.0,-4.0,-22.0
1776886914.396103,1.0,-6.0,-28.0
1776886914.406103,-3.0,-2.0,-37.0
1776886914.4161026,-4.0,0.0,-41.0
1776886914.4261026,-1.0,-1.0,-41.0
1776886914.4361026,-3.0,0.0,-36.0
1776886914.4461029,-1.0,2.0,-32.0
1776886914.4561028,0.0,2.0,-34.0
1776886914.4661028,0.0,-3.0,-28.0
1776886914.4761028,0.0,0.0,-23.0
1776886914.4861028,1.0,5.0,-29.0
1776886914.4961028,3.0,4.0,-32.0
1776886914.5061028,1.0,4.0,-37.0
1776886914.5161028,1.0,4.0,-34.0
1776886914.5261028,6.0,7.0,-33.0
1776886914.5361028,4.0,3.0,-33.0
1776886914.5461028,1.0,3.0,-27.0
1776886914.5561028,5.0,5.0,-21.0
1776886914.5661027,6.0,8.0,-20.0
1776886914.5761027,5.0,4.0,-25.0
1776886914.5861027,8.0,1.0,-29.0
1776886914.5961027,9.0,-1.0,-31.0
1776886914.6061027,5.0,-1.0,-31.0
1776886914.6161027,3.0,-1.0,-40.0
1776886914.6261027,4.0,-2.0,-42.0
1776886914.636103,1.0,-3.0,-37.0
1776886914.646103,-1.0,-1.0,-35.0
1776886914.656103,0.0,1.0,-38.0
1776886914.6661026,0.0,-2.0,-40.0
1776886914.6761026,-4.0,0.0,-37.0
1776886914.6861026,2.0,-2.0,-33.0
1776886914.6961029,4.0,-5.0,-31.0
1776886914.7061028,3.0,-6.0,-25.0
1776886914.7161028,1.0,-5.0,-30.0
1776886914.7261028,0.0,-8.0,-29.0
1776886914.7361028,5.0,-7.0,-31.0
1776886914.7461028,5.0,-6.0,-33.0
1776886914.7561028,5.0,-4.0,-29.0
1776886914.7661028,4.0,-2.0,-35.0
1776886914.7761028,7.0,-2.0,-40.0
1776886914.7861028,5.0,-3.0,-38.0
1776886914.7961028,3.0,-1.0,-39.0
1776886914.8061028,0.0,-1.0,-41.0
1776886914.8161027,1.0,-1.0,-39.0
1776886914.8261027,-5.0,1.0,-41.0
1776886914.8361027,-2.0,0.0,-36.0
1776886914.8461027,1.0,1.0,-34.0
1776886914.8561027,5.0,2.0,-33.0
1776886914.8661027,3.0,3.0,-32.0
1776886914.8761027,3.0,0.0,-37.0
1776886914.886103,4.0,1.0,-40.0
1776886914.896103,-1.0,3.0,-46.0
1776886914.906103,-3.0,0.0,-46.0
1776886914.9161026,-2.0,0.0,-46.0
1776886914.9261026,0.0,-2.0,-43.0
1776886914.9361026,-1.0,-6.0,-37.0
1776886914.9461029,-4.0,-4.0,-36.0
1776886914.9561028,-2.0,-4.0,-43.0
1776886914.9661028,0.0,-5.0,-37.0
1776886914.9761028,1.0,-5.0,-34.0
1776886914.9861028,3.0,-5.0,-38.0
1776886914.9961028,6.0,0.0,-36.0
1776886915.0061028,7.0,-3.0,-43.0
1776886915.0161028,10.0,-3.0,-44.0
1776886915.0261028,6.0,-3.0,-50.0
1776886915.0361028,9.0,-3.0,-45.0
1776886915.0461028,6.0,0.0,-38.0
1776886915.0561028,6.0,-2.0,-42.0
1776886915.0661027,4.0,-1.0,-42.0
1776886915.0761027,3.0,3.0,-36.0
1776886915.0861027,4.0,2.0,-33.0
1776886915.0961027,1.0,1.0,-37.0
1776886915.1061027,4.0,1.0,-37.0
1776886915.1161027,0.0,2.0,-39.0
1776886915.1261027,0.0,0.0,-39.0
1776886915.136103,0.0,-4.0,-39.0
1776886915.146103,0.0,-2.0,-44.0
1776886915.156103,-1.0,-2.0,-54.0
1776886915.1661026,0.0,-3.0,-51.0
1776886915.1761026,0.0,-3.0,-51.0
1776886915.1861026,2.0,0.0,-55.0
1776886915.1961029,1.0,0.0,-55.0
1776886915.2061028,3.0,-1.0,-51.0
1776886915.2161028,-2.0,1.0,-43.0
1776886915.2261028,0.0,-2.0,-38.0
1776886915.2361028,2.0,-4.0,-41.0
1776886915.2461028,4.0,-1.0,-40.0
1776886915.2561028,4.0,-1.0,-43.0
1776886915.2661028,4.0,-1.0,-47.0
1776886915.2761028,3.0,-1.0,-47.0
1776886915.2861028,4.0,-1.0,-40.0
1776886915.2961028,4.0,0.0,-36.0
1776886915.3061028,1.0,-3.0,-33.0
1776886915.3161027,-1.0,-1.0,-42.0
1776886915.3261027,-1.0,0.0,-47.0
1776886915.3361027,-6.0,0.0,-45.0
1776886915.3461027,-6.0,1.0,-50.0
1776886915.3561027,-3.0,0.0,-43.0
1776886915.3661027,-5.0,-1.0,-41.0
1776886915.3761027,-7.0,-4.0,-38.0
1776886915.386103,-8.0,0.0,-45.0
1776886915.396103,-7.0,2.0,-47.0
1776886915.406103,-4.0,2.0,-48.0
1776886915.4161026,-2.0,-2.0,-49.0
1776886915.4261026,-7.0,-4.0,-41.0
1776886915.4361026,-6.0,-4.0,-38.0
1776886915.4461029,-5.0,-3.0,-39.0
1776886915.4561028,-1.0,-1.0,-36.0
1776886915.4661028,1.0,0.0,-33.0
1776886915.4761028,0.0,1.0,-31.0
1776886915.4861028,5.0,4.0,-34.0
1776886915.4961028,1.0,2.0,-40.0
1776886915.5061028,-1.0,0.0,-43.0
1776886915.5161028,-3.0,2.0,-43.0
1776886915.5261028,-3.0,0.0,-45.0
1776886915.5361028,-3.0,-4.0,-46.0
1776886915.5461028,-4.0,-3.0,-44.0
1776886915.5561028,-2.0,-6.0,-44.0
1776886915.5661027,-1.0,-6.0,-47.0
1776886915.5761027,0.0,-7.0,-41.0
1776886915.5861027,4.0,-5.0,-38.0
1776886915.5961027,8.0,-5.0,-43.0
1776886915.6061027,5.0,-4.0,-48.0
1776886915.6161027,6.0,-4.0,-45.0
1776886915.6261027,9.0,-4.0,-42.0
1776886915.636103,6.0,-4.0,-35.0
1776886915.646103,0.0,-5.0,-32.0
1776886915.656103,1.0,-5.0,-33.0
1776886915.6661026,-3.0,-1.0,-35.0
1776886915.6761026,-3.0,-1.0,-36.0
1776886915.6861026,-3.0,-2.0,-38.0
1776886915.6961029,-6.0,0.0,-34.0
1776886915.7061028,-8.0,-2.0,-33.0
1776886915.7161028,-10.0,-1.0,-34.0
1776886915.7261028,-3.0,-2.0,-35.0
1776886915.7361028,0.0,-1.0,-33.0
1776886915.7461028,1.0,1.0,-35.0
1776886915.7561028,-1.0,1.0,-29.0
1776886915.7661028,-5.0,0.0,-30.0
1776886915.7761028,0.0,-2.0,-30.0
1776886915.7861028,-1.0,1.0,-34.0
1776886915.7961028,-4.0,3.0,-33.0
1776886915.8061028,-4.0,2.0,-37.0
1776886915.8161027,-6.0,1.0,-43.0
1776886915.8261027,-6.0,4.0,-46.0
1776886915.8361027,-3.0,2.0,-45.0
1776886915.8461027,-4.0,0.0,-38.0
1776886915.8561027,2.0,-3.0,-37.0
1776886915.8661027,7.0,-4.0,-36.0
1776886915.8761027,5.0,-2.0,-37.0
1776886915.886103,6.0,-2.0,-38.0
1776886915.896103,4.0,-1.0,-40.0
1776886915.906103,5.0,-2.0,-50.0
1776886915.9161026,8.0,-3.0,-56.0
1776886915.9261026,7.0,-5.0,-48.0
1776886915.9361026,9.0,-10.0,-39.0
1776886915.9461029,7.0,-8.0,-39.0
1776886915.9561028,2.0,-5.0,-41.0
1776886915.9661028,6.0,-7.0,-38.0
1776886915.9761028,6.0,-8.0,-36.0
1776886915.9861028,-1.0,-8.0,-31.0
1776886915.9961028,-4.0,-3.0,-39.0
1776886916.0061028,-5.0,-4.0,-47.0
1776886916.0161028,-2.0,-4.0,-49.0
1776886916.0261028,0.0,-2.0,-47.0
1776886916.0361028,0.0,-4.0,-41.0
1776886916.0461028,-1.0,-2.0,-48.0
1776886916.0561028,-1.0,-2.0,-44.0
1776886916.0661027,-1.0,-2.0,-49.0
1776886916.0761027,0.0,-5.0,-49.0
1776886916.0861027,-2.0,-3.0,-50.0
1776886916.0961027,0.0,0.0,-53.0
1776886916.1061027,0.0,4.0,-49.0
1776886916.1161027,0.0,4.0,-46.0
1776886916.1261027,0.0,3.0,-40.0
1776886916.1371028,0.0,2.0,-31.0
1776886916.146103,-3.0,1.0,-29.0
1776886916.1571028,0.0,0.0,-31.0
1776886916.1671028,3.0,-2.0,-24.0
1776886916.1761026,4.0,-3.0,-23.0
1776886916.1871028,3.0,-3.0,-29.0
1776886916.1971028,7.0,-2.0,-32.0
1776886916.2071028,6.0,-3.0,-40.0
1776886916.2171028,3.0,-4.0,-40.0
1776886916.2271028,3.0,0.0,-35.0
1776886916.2371027,1.0,2.0,-31.0
1776886916.2471027,-3.0,3.0,-27.0
1776886916.2571027,-6.0,2.0,-27.0
1776886916.2671027,-4.0,0.0,-25.0
1776886916.2771027,-4.0,-2.0,-26.0
1776886916.2871027,-4.0,-3.0,-27.0
1776886916.2971027,-3.0,0.0,-30.0
1776886916.307103,-3.0,0.0,-33.0
1776886916.317103,-6.0,0.0,-39.0
1776886916.327103,-5.0,-1.0,-34.0
1776886916.337103,-1.0,1.0,-37.0
1776886916.3471026,-4.0,0.0,-40.0
1776886916.3571026,-2.0,-4.0,-42.0
1776886916.3671026,0.0,-8.0,-46.0
1776886916.3771029,3.0,-8.0,-43.0
1776886916.3871028,2.0,-6.0,-41.0
1776886916.3971028,0.0,-1.0,-38.0
1776886916.4071028,1.0,-1.0,-46.0
1776886916.4171028,-4.0,-5.0,-48.0
1776886916.4271028,-1.0,-4.0,-45.0
1776886916.4371028,0.0,-6.0,-48.0
1776886916.4471028,1.0,-8.0,-44.0
1776886916.4571028,1.0,-8.0,-40.0
1776886916.4671028,2.0,-4.0,-43.0
1776886916.4771028,0.0,-2.0,-43.0
1776886916.4871027,1.0,0.0,-44.0
1776886916.4971027,-1.0,0.0,-47.0
1776886916.5071027,-3.0,0.0,-40.0
1776886916.5171027,-6.0,-4.0,-39.0
1776886916.5271027,0.0,-5.0,-41.0
1776886916.5371027,0.0,-2.0,-42.0
1776886916.5471027,0.0,0.0,-41.0
1776886916.557103,0.0,2.0,-37.0
1776886916.567103,-2.0,4.0,-36.0
1776886916.577103,0.0,4.0,-27.0
1776886916.587103,-1.0,0.0,-32.0
1776886916.5971026,-2.0,0.0,-29.0
1776886916.6071026,-3.0,0.0,-28.0
1776886916.6171026,-7.0,5.0,-35.0
1776886916.6271029,-2.0,5.0,-36.0
1776886916.6371028,0.0,8.0,-35.0
1776886916.6471028,2.0,8.0,-34.0
1776886916.6571028,2.0,6.0,-38.0
1776886916.6671028,1.0,3.0,-42.0
1776886916.6771028,-1.0,1.0,-42.0
1776886916.6871028,-5.0,2.0,-44.0
1776886916.6971028,-5.0,1.0,-48.0
1776886916.7071028,-3.0,0.0,-57.0
1776886916.7171028,1.0,0.0,-51.0
1776886916.7271028,8.0,1.0,-48.0
1776886916.7371027,12.0,1.0,-47.0
1776886916.7471027,9.0,1.0,-46.0
1776886916.7571027,7.0,-1.0,-40.0
1776886916.7671027,8.0,0.0,-33.0
1776886916.7771027,5.0,-2.0,-34.0
1776886916.7871027,3.0,-4.0,-43.0
1776886916.7971027,5.0,-6.0,-47.0
1776886916.807103,4.0,-6.0,-44.0
1776886916.817103,2.0,-5.0,-41.0
1776886916.827103,4.0,0.0,-39.0
1776886916.837103,5.0,3.0,-38.0
1776886916.8471026,0.0,0.0,-34.0
1776886916.8571026,2.0,-2.0,-34.0
1776886916.8671026,4.0,0.0,-34.0
1776886916.8771029,4.0,0.0,-36.0
1776886916.8871028,4.0,-1.0,-36.0
1776886916.8971028,3.0,-1.0,-40.0
1776886916.9071028,0.0,-1.0,-46.0
1776886916.9171028,0.0,-5.0,-53.0
1776886916.9271028,0.0,-3.0,-55.0
1776886916.9371028,-3.0,0.0,-51.0
1776886916.9471028,0.0,0.0,-51.0
1776886916.9571028,0.0,-4.0,-49.0
1776886916.9671028,0.0,-5.0,-46.0
1776886916.9771028,-1.0,-2.0,-41.0
1776886916.9871027,-4.0,-1.0,-38.0
1776886916.9971027,1.0,0.0,-32.0
1776886917.0071027,1.0,2.0,-34.0
1776886917.0171027,-1.0,0.0,-36.0
1776886917.0271027,-2.0,-3.0,-29.0
1776886917.0371027,2.0,-3.0,-24.0
1776886917.0471027,4.0,-2.0,-28.0
1776886917.057103,5.0,-3.0,-34.0
1776886917.067103,6.0,0.0,-32.0
1776886917.077103,7.0,-1.0,-32.0
1776886917.087103,11.0,0.0,-31.0
1776886917.0971026,9.0,-1.0,-32.0
1776886917.1071026,6.0,0.0,-31.0
1776886917.1171026,1.0,-3.0,-33.0
1776886917.1271029,-3.0,-2.0,-36.0
1776886917.1371028,-8.0,-2.0,-41.0
1776886917.1471028,-9.0,-2.0,-38.0
1776886917.1571028,-6.0,-3.0,-39.0
1776886917.1671028,-7.0,-6.0,-35.0
1776886917.1771028,-4.0,-8.0,-36.0
1776886917.1871028,-3.0,-5.0,-38.0
1776886917.1971028,-6.0,-1.0,-41.0
1776886917.2071028,-5.0,0.0,-29.0
1776886917.2171028,-2.0,0.0,-34.0
1776886917.2271028,0.0,7.0,-33.0
1776886917.2371027,-1.0,7.0,-38.0
1776886917.2471027,0.0,6.0,-44.0
1776886917.2571027,0.0,6.0,-43.0
1776886917.2671027,3.0,4.0,-44.0
1776886917.2771027,6.0,3.0,-48.0
1776886917.2871027,5.0,1.0,-49.0
1776886917.2971027,3.0,-2.0,-46.0
1776886917.307103,2.0,0.0,-41.0
1776886917.317103,-1.0,-6.0,-42.0
1776886917.327103,0.0,-9.0,-37.0
1776886917.337103,-4.0,-9.0,-37.0
1776886917.3471026,-8.0,-7.0,-41.0
1776886917.3571026,-7.0,-2.0,-34.0
1776886917.3671026,1.0,-1.0,-41.0
1776886917.3771029,0.0,-2.0,-40.0
1776886917.3871028,0.0,-2.0,-37.0
1776886917.3971028,0.0,-5.0,-33.0
1776886917.4071028,-1.0,-4.0,-32.0
1776886917.4171028,-2.0,-1.0,-35.0
1776886917.4271028,-1.0,-3.0,-34.0
1776886917.4371028,1.0,-5.0,-28.0
1776886917.4471028,2.0,-3.0,-28.0
1776886917.4571028,-2.0,-2.0,-29.0
1776886917.4671028,-4.0,-2.0,-39.0
1776886917.4771028,-4.0,3.0,-42.0
1776886917.4871027,1.0,6.0,-42.0
1776886917.4971027,4.0,6.0,-44.0
1776886917.5071027,4.0,4.0,-43.0
1776886917.5171027,1.0,2.0,-42.0
1776886917.5271027,-1.0,1.0,-44.0
1776886917.5371027,-4.0,4.0,-46.0
1776886917.5471027,-4.0,5.0,-36.0
1776886917.557103,-4.0,1.0,-36.0
1776886917.567103,-2.0,-1.0,-34.0
1776886917.577103,-1.0,-4.0,-32.0
1776886917.587103,1.0,-1.0,-31.0
1776886917.5971026,1.0,0.0,-33.0
1776886917.6071026,1.0,-2.0,-33.0
1776886917.6171026,0.0,0.0,-29.0
1776886917.6271029,-1.0,1.0,-29.0
1776886917.6371028,-3.0,2.0,-33.0
1776886917.6471028,1.0,2.0,-29.0
1776886917.6571028,2.0,5.0,-25.0
1776886917.6671028,-1.0,2.0,-31.0
1776886917.6771028,0.0,0.0,-32.0
1776886917.6871028,1.0,-2.0,-31.0
1776886917.6971028,-3.0,0.0,-34.0
1776886917.7071028,-5.0,-1.0,-34.0
1776886917.7171028,-7.0,-2.0,-38.0
1776886917.7271028,-7.0,-2.0,-41.0
1776886917.7371027,-2.0,-5.0,-40.0
1776886917.7471027,1.0,-7.0,-43.0
1776886917.7571027,1.0,-2.0,-42.0
1776886917.7671027,6.0,0.0,-35.0
1776886917.7771027,4.0,0.0,-36.0
1776886917.7871027,2.0,-8.0,-34.0
1776886917.7971027,0.0,-5.0,-31.0
1776886917.807103,-2.0,-4.0,-30.0
1776886917.817103,-1.0,-7.0,-28.0
1776886917.827103,1.0,-8.0,-30.0
1776886917.837103,0.0,-4.0,-28.0
1776886917.8471026,0.0,-8.0,-25.0
1776886917.8571026,2.0,-4.0,-25.0
1776886917.8671026,2.0,-9.0,-27.0
1776886917.8771029,0.0,-4.0,-31.0
1776886917.8871028,1.0,-5.0,-28.0
1776886917.8971028,1.0,-4.0,-22.0
1776886917.9071028,0.0,-4.0,-23.0
1776886917.9171028,1.0,-5.0,-29.0
1776886917.9271028,0.0,0.0,-33.0
1776886917.9371028,2.0,-1.0,-38.0
1776886917.9471028,4.0,-2.0,-40.0
1776886917.9571028,7.0,-1.0,-34.0
1776886917.9671028,10.0,0.0,-33.0
1776886917.9771028,7.0,3.0,-34.0
1776886917.9871027,5.0,7.0,-30.0
1776886917.9971027,2.0,7.0,-31.0
1776886918.0071027,-2.0,6.0,-33.0
1776886918.0171027,-6.0,2.0,-33.0
1776886918.0271027,-4.0,4.0,-34.0
1776886918.0371027,-4.0,4.0,-29.0
1776886918.0471027,-5.0,0.0,-36.0
1776886918.057103,-6.0,0.0,-35.0
1776886918.067103,-1.0,1.0,-40.0
1776886918.077103,2.0,-2.0,-36.0
1776886918.087103,2.0,-5.0,-37.0
1776886918.0971026,4.0,-8.0,-35.0
1776886918.1071026,6.0,-9.0,-37.0
1776886918.1171026,7.0,-8.0,-39.0
1776886918.1271029,4.0,-4.0,-43.0
1776886918.1371028,4.0,-4.0,-50.0
1776886918.1471028,3.0,-3.0,-50.0
1776886918.1571028,0.0,-4.0,-50.0
1776886918.1681027,0.0,0.0,-41.0
1776886918.1781027,0.0,-1.0,-37.0
1776886918.1881027,0.0,0.0,-36.0
1776886918.1981027,0.0,0.0,-33.0
1776886918.2081027,1.0,1.0,-32.0
1776886918.2181027,0.0,0.0,-32.0
1776886918.2281027,0.0,0.0,-39.0
1776886918.238103,4.0,1.0,-38.0
1776886918.248103,7.0,-2.0,-32.0
1776886918.258103,5.0,-3.0,-30.0
1776886918.2681026,4.0,1.0,-32.0
1776886918.2781026,2.0,0.0,-28.0
1776886918.2881026,0.0,3.0,-30.0
1776886918.2981029,-1.0,1.0,-41.0
1776886918.3081028,-1.0,2.0,-37.0
1776886918.3181028,-1.0,2.0,-37.0
1776886918.3281028,2.0,3.0,-43.0
1776886918.3381028,0.0,-1.0,-38.0
1776886918.3481028,0.0,-3.0,-30.0
1776886918.3581028,-1.0,-2.0,-28.0
1776886918.3681028,1.0,0.0,-32.0
1776886918.3781028,0.0,3.0,-38.0
1776886918.3881028,-1.0,1.0,-36.0
1776886918.3981028,-2.0,-6.0,-34.0
1776886918.4081028,-2.0,-4.0,-31.0
1776886918.4181027,0.0,-3.0,-36.0
1776886918.4281027,-2.0,-1.0,-33.0
1776886918.4381027,0.0,3.0,-34.0
1776886918.4481027,-1.0,0.0,-33.0
1776886918.4581027,0.0,-1.0,-34.0
1776886918.4681027,3.0,-2.0,-38.0
1776886918.4781027,0.0,-2.0,-33.0
1776886918.488103,0.0,-5.0,-34.0
1776886918.498103,0.0,-2.0,-39.0
1776886918.508103,-2.0,0.0,-34.0
1776886918.5181026,0.0,0.0,-37.0
1776886918.5281026,0.0,0.0,-38.0
1776886918.5381026,0.0,-2.0,-37.0
1776886918.5481029,2.0,-1.0,-39.0
1776886918.5581028,1.0,-1.0,-39.0
1776886918.5681028,6.0,-4.0,-33.0
1776886918.5781028,6.0,-3.0,-31.0
1776886918.5881028,4.0,0.0,-30.0
1776886918.5981028,5.0,1.0,-42.0
1776886918.6081028,5.0,-2.0,-37.0
1776886918.6181028,4.0,0.0,-45.0
1776886918.6281028,7.0,-2.0,-43.0
1776886918.6381028,8.0,0.0,-42.0
1776886918.6481028,3.0,-1.0,-39.0
1776886918.6581028,5.0,0.0,-37.0
1776886918.6681027,6.0,-4.0,-40.0
1776886918.6781027,2.0,-7.0,-35.0
1776886918.6881027,1.0,-6.0,-30.0
1776886918.6981027,1.0,-8.0,-26.0
1776886918.7081027,4.0,-6.0,-31.0
1776886918.7181027,-1.0,-1.0,-33.0
1776886918.7281027,-2.0,0.0,-37.0
1776886918.738103,-3.0,0.0,-40.0
1776886918.748103,-4.0,5.0,-42.0
1776886918.758103,-3.0,2.0,-43.0
1776886918.7681026,-4.0,0.0,-41.0
1776886918.7781026,-2.0,0.0,-40.0
1776886918.7881026,-1.0,1.0,-38.0
1776886918.7981029,3.0,2.0,-41.0
1776886918.8081028,0.0,1.0,-44.0
1776886918.8181028,-3.0,2.0,-43.0
1776886918.8281028,-4.0,8.0,-43.0
1776886918.8381028,-3.0,8.0,-41.0
1776886918.8481028,0.0,12.0,-42.0
1776886918.8581028,-2.0,4.0,-43.0
1776886918.8681028,-5.0,3.0,-42.0
1776886918.8781028,-4.0,4.0,-45.0
1776886918.8881028,-2.0,5.0,-44.0
1776886918.8981028,-2.0,3.0,-43.0
1776886918.9081028,-4.0,2.0,-40.0
1776886918.9181027,-4.0,0.0,-34.0
1776886918.9281027,1.0,3.0,-38.0
1776886918.9381027,4.0,3.0,-38.0
1776886918.9481027,6.0,1.0,-45.0
1776886918.9581027,6.0,4.0,-48.0
1776886918.9681027,5.0,0.0,-49.0
1776886918.9781027,5.0,-3.0,-47.0
1776886918.988103,4.0,-4.0,-50.0
1776886918.998103,5.0,-4.0,-52.0
1776886919.008103,2.0,-5.0,-50.0
1776886919.0181026,3.0,-2.0,-48.0
1776886919.0281026,1.0,-2.0,-44.0
1776886919.0381026,3.0,1.0,-40.0
1776886919.0481029,3.0,1.0,-41.0
1776886919.0581028,6.0,2.0,-40.0
1776886919.0681028,7.0,2.0,-41.0
1776886919.0781028,6.0,6.0,-36.0
1776886919.0881028,3.0,7.0,-32.0
1776886919.0981028,4.0,3.0,-29.0
1776886919.1081028,3.0,0.0,-36.0
1776886919.1181028,5.0,-3.0,-40.0
1776886919.1281028,4.0,0.0,-43.0
1776886919.1381028,0.0,1.0,-41.0
1776886919.1481028,-4.0,-3.0,-39.0
1776886919.1581028,0.0,-1.0,-33.0
1776886919.1681027,-1.0,1.0,-30.0
1776886919.1781027,1.0,0.0,-32.0
1776886919.1881027,2.0,-4.0,-27.0
1776886919.1981027,2.0,-3.0,-25.0
1776886919.2081027,3.0,-1.0,-30.0
1776886919.2181027,2.0,0.0,-31.0
1776886919.2281027,0.0,1.0,-36.0
1776886919.238103,5.0,1.0,-35.0
1776886919.248103,7.0,0.0,-29.0
1776886919.258103,7.0,-2.0,-28.0
1776886919.2681026,6.0,4.0,-30.0
1776886919.2781026,-1.0,0.0,-35.0
1776886919.2881026,-1.0,-5.0,-38.0
1776886919.2981029,0.0,-7.0,-34.0
1776886919.3081028,-1.0,-2.0,-36.0
1776886919.3181028,2.0,-3.0,-38.0
1776886919.3281028,0.0,-2.0,-39.0
1776886919.3381028,0.0,-1.0,-31.0
1776886919.3481028,0.0,-1.0,-30.0
1776886919.3581028,0.0,-3.0,-33.0
1776886919.3681028,0.0,-5.0,-35.0
1776886919.3781028,1.0,-4.0,-29.0
1776886919.3881028,1.0,-4.0,-24.0
1776886919.3981028,3.0,-9.0,-26.0
1776886919.4081028,-1.0,-7.0,-24.0
1776886919.4181027,-1.0,-5.0,-27.0
1776886919.4281027,-5.0,-3.0,-30.0
1776886919.4381027,-2.0,-5.0,-32.0
1776886919.4481027,-2.0,-8.0,-36.0
1776886919.4581027,0.0,-6.0,-45.0
1776886919.4681027,0.0,-6.0,-48.0
1776886919.4781027,-1.0,-6.0,-48.0
1776886919.488103,0.0,-4.0,-47.0
1776886919.498103,0.0,-6.0,-43.0
1776886919.508103,7.0,-6.0,-36.0
1776886919.5181026,12.0,-6.0,-37.0
1776886919.5281026,12.0,-5.0,-40.0
1776886919.5381026,9.0,-4.0,-39.0
1776886919.5481029,7.0,-2.0,-38.0
1776886919.5581028,5.0,-3.0,-36.0
1776886919.5681028,6.0,-1.0,-33.0
1776886919.5781028,6.0,1.0,-32.0
1776886919.5881028,3.0,8.0,-32.0
1776886919.5981028,1.0,2.0,-31.0
1776886919.6081028,3.0,-6.0,-31.0
1776886919.6181028,3.0,-8.0,-38.0
1776886919.6281028,-1.0,-4.0,-40.0
1776886919.6381028,-1.0,-3.0,-41.0
1776886919.6481028,-1.0,-5.0,-41.0
1776886919.6581028,0.0,-1.0,-45.0
1776886919.6681027,0.0,2.0,-44.0
1776886919.6781027,-1.0,0.0,-37.0
1776886919.6881027,-1.0,-5.0,-34.0
1776886919.6981027,0.0,-2.0,-30.0
1776886919.7081027,-1.0,-1.0,-32.0
1776886919.7181027,-1.0,1.0,-36.0
1776886919.7281027,-3.0,2.0,-32.0
1776886919.738103,-4.0,3.0,-27.0
1776886919.748103,0.0,0.0,-31.0
1776886919.758103,2.0,0.0,-27.0
1776886919.7681026,8.0,6.0,-24.0
1776886919.7781026,7.0,5.0,-26.0
1776886919.7881026,4.0,4.0,-31.0
1776886919.7981029,3.0,0.0,-34.0
1776886919.8081028,0.0,0.0,-38.0
1776886919.8181028,-3.0,-3.0,-42.0
1776886919.8281028,-4.0,-5.0,-45.0
1776886919.8381028,-8.0,-2.0,-39.0
1776886919.8481028,-7.0,-4.0,-37.0
1776886919.8581028,-3.0,-7.0,-40.0
1776886919.8681028,-2.0,-9.0,-42.0
1776886919.8781028,0.0,-11.0,-43.0
1776886919.8881028,1.0,-8.0,-46.0
1776886919.8981028,4.0,-8.0,-45.0
1776886919.9081028,8.0,-2.0,-38.0
1776886919.9181027,5.0,-2.0,-33.0
1776886919.9281027,7.0,-5.0,-38.0
1776886919.9381027,3.0,-3.0,-35.0
1776886919.9481027,5.0,0.0,-42.0
1776886919.9581027,1.0,2.0,-40.0
1776886919.9681027,2.0,3.0,-38.0
1776886919.9781027,-1.0,2.0,-37.0
1776886919.988103,0.0,-2.0,-37.0
1776886919.998103,-2.0,-1.0,-38.0
1776886920.008103,-2.0,-1.0,-39.0
1776886920.0181026,0.0,-3.0,-34.0
1776886920.0281026,3.0,-4.0,-34.0
1776886920.0381026,5.0,-3.0,-27.0
1776886920.0481029,9.0,-4.0,-31.0
1776886920.0581028,9.0,-3.0,-31.0
1776886920.0681028,8.0,0.0,-34.0
1776886920.0781028,11.0,-3.0,-34.0
1776886920.0881028,11.0,-10.0,-36.0
1776886920.0981028,5.0,-11.0,-43.0
1776886920.1081028,9.0,-9.0,-43.0
1776886920.1181028,8.0,-8.0,-41.0
1776886920.1281028,6.0,-5.0,-35.0
1776886920.1381028,3.0,-7.0,-30.0
1776886920.1481028,4.0,-7.0,-29.0
1776886920.159103,5.0,-9.0,-37.0
1776886920.169103,1.0,-8.0,-30.0
1776886920.179103,2.0,-3.0,-28.0
1776886920.1891026,0.0,0.0,-34.0
1776886920.1991026,0.0,2.0,-41.0
1776886920.2091026,3.0,2.0,-42.0
1776886920.2191026,0.0,3.0,-36.0
1776886920.2291028,-3.0,0.0,-32.0
1776886920.2391028,-2.0,-3.0,-33.0
1776886920.2491028,-1.0,0.0,-29.0
1776886920.2591028,0.0,3.0,-30.0
1776886920.2691028,-2.0,5.0,-39.0
1776886920.2791028,-3.0,7.0,-48.0
1776886920.2891028,-1.0,7.0,-55.0
1776886920.2991028,0.0,7.0,-47.0
1776886920.3091028,1.0,3.0,-47.0
1776886920.3191028,2.0,0.0,-47.0
1776886920.3291028,2.0,-6.0,-42.0
1776886920.3391027,0.0,-7.0,-52.0
1776886920.3491027,-7.0,-5.0,-51.0
1776886920.3591027,-7.0,-8.0,-56.0
1776886920.3691027,-4.0,-5.0,-45.0
1776886920.3791027,1.0,-2.0,-51.0
1776886920.3891027,0.0,-7.0,-44.0
1776886920.3991027,-1.0,-6.0,-44.0
1776886920.409103,0.0,-9.0,-43.0
1776886920.419103,5.0,-6.0,-43.0
1776886920.429103,8.0,-8.0,-34.0
1776886920.4391026,11.0,-7.0,-40.0
1776886920.4491026,10.0,-4.0,-44.0
1776886920.4591026,11.0,-5.0,-39.0
1776886920.4691026,5.0,-7.0,-37.0
1776886920.4791028,4.0,-6.0,-42.0
1776886920.4891028,8.0,-4.0,-34.0
1776886920.4991028,10.0,-1.0,-34.0
1776886920.5091028,8.0,0.0,-37.0
1776886920.5191028,5.0,-2.0,-36.0
1776886920.5291028,5.0,-4.0,-35.0
1776886920.5391028,0.0,-3.0,-40.0
1776886920.5491028,2.0,-5.0,-42.0
1776886920.5591028,4.0,-4.0,-41.0
1776886920.5691028,5.0,-2.0,-41.0
1776886920.5791028,0.0,-5.0,-42.0
1776886920.5891027,-1.0,-5.0,-38.0
1776886920.5991027,-2.0,-7.0,-35.0
1776886920.6091027,-6.0,-11.0,-42.0
1776886920.6191027,-7.0,-7.0,-45.0
1776886920.6291027,-6.0,-6.0,-47.0
1776886920.6391027,-7.0,-7.0,-43.0
1776886920.6491027,-9.0,-5.0,-42.0
1776886920.659103,-5.0,-1.0,-37.0
1776886920.669103,-5.0,-2.0,-27.0
1776886920.679103,-4.0,-2.0,-32.0
1776886920.6891026,-5.0,-3.0,-40.0
1776886920.6991026,-4.0,-2.0,-34.0
1776886920.7091026,-4.0,-6.0,-34.0
1776886920.7191026,-2.0,-3.0,-42.0
1776886920.7291028,0.0,-1.0,-42.0
1776886920.7391028,4.0,-5.0,-40.0
1776886920.7491028,3.0,-6.0,-36.0
1776886920.7591028,0.0,-4.0,-37.0
1776886920.7691028,-2.0,-3.0,-35.0
1776886920.7791028,-6.0,-2.0,-29.0
1776886920.7891028,-3.0,-1.0,-26.0
1776886920.7991028,-3.0,0.0,-24.0
1776886920.8091028,-3.0,-2.0,-26.0
1776886920.8191028,-3.0,-2.0,-30.0
1776886920.8291028,2.0,-2.0,-32.0
1776886920.8391027,5.0,-3.0,-38.0
1776886920.8491027,0.0,-6.0,-43.0
1776886920.8591027,2.0,-5.0,-43.0
1776886920.8691027,3.0,-4.0,-40.0
1776886920.8791027,0.0,-6.0,-43.0
1776886920.8891027,2.0,-3.0,-40.0
1776886920.8991027,-1.0,-5.0,-35.0
1776886920.909103,-1.0,-5.0,-38.0
1776886920.919103,1.0,-6.0,-44.0
1776886920.929103,0.0,-4.0,-35.0
1776886920.9391026,-4.0,-2.0,-29.0
1776886920.9491026,-4.0,-4.0,-30.0
1776886920.9591026,-2.0,-10.0,-31.0
1776886920.9691026,-2.0,-7.0,-28.0
1776886920.9791028,-3.0,-5.0,-29.0
1776886920.9891028,-1.0,-5.0,-28.0
1776886920.9991028,2.0,-4.0,-34.0
1776886921.0091028,1.0,-3.0,-39.0
1776886921.0191028,0.0,-3.0,-39.0
1776886921.0291028,-2.0,-3.0,-36.0
1776886921.0391028,-2.0,-5.0,-38.0
1776886921.0491028,-3.0,-5.0,-35.0
1776886921.0591028,-2.0,-5.0,-31.0
1776886921.0691028,-3.0,-5.0,-33.0
1776886921.0791028,-2.0,-2.0,-30.0
1776886921.0891027,-2.0,-1.0,-33.0
1776886921.0991027,0.0,-5.0,-32.0
1776886921.1091027,-3.0,-5.0,-33.0
1776886921.1191027,-3.0,-3.0,-35.0
1776886921.1291027,-3.0,-7.0,-44.0
1776886921.1391027,-1.0,-6.0,-47.0
1776886921.1491027,-3.0,-7.0,-47.0
1776886921.159103,3.0,-7.0,-46.0
1776886921.169103,2.0,-2.0,-45.0
1776886921.179103,7.0,-4.0,-38.0
1776886921.1891026,7.0,-5.0,-40.0
1776886921.1991026,7.0,-3.0,-44.0
1776886921.2091026,7.0,-3.0,-38.0
1776886921.2191026,8.0,-4.0,-45.0
1776886921.2291028,3.0,0.0,-43.0
1776886921.2391028,4.0,0.0,-34.0
1776886921.2491028,0.0,-4.0,-36.0
1776886921.2591028,0.0,-8.0,-41.0
1776886921.2691028,5.0,-6.0,-41.0
1776886921.2791028,0.0,-3.0,-40.0
1776886921.2891028,0.0,-3.0,-37.0
1776886921.2991028,-2.0,-1.0,-44.0
1776886921.3091028,-1.0,0.0,-41.0
1776886921.3191028,0.0,0.0,-38.0
1776886921.3291028,-2.0,5.0,-43.0
1776886921.3391027,-2.0,5.0,-41.0
1776886921.3491027,-3.0,9.0,-34.0
1776886921.3591027,-2.0,8.0,-37.0
1776886921.3691027,-4.0,5.0,-36.0
1776886921.3791027,1.0,1.0,-34.0
1776886921.3891027,-1.0,0.0,-29.0
1776886921.3991027,-2.0,-4.0,-33.0
1776886921.409103,-4.0,-5.0,-40.0
1776886921.419103,-2.0,-6.0,-42.0
1776886921.429103,-5.0,-1.0,-43.0
1776886921.4391026,-5.0,0.0,-41.0
1776886921.4491026,-1.0,2.0,-41.0
1776886921.4591026,0.0,3.0,-43.0
1776886921.4691026,0.0,2.0,-38.0
1776886921.4791028,2.0,-1.0,-38.0
1776886921.4891028,5.0,-2.0,-44.0
1776886921.4991028,1.0,-2.0,-38.0
1776886921.5091028,0.0,-5.0,-32.0
1776886921.5191028,-2.0,-7.0,-29.0
1776886921.5291028,3.0,-7.0,-30.0
1776886921.5391028,5.0,-4.0,-32.0
1776886921.5491028,6.0,-1.0,-36.0
1776886921.5591028,5.0,5.0,-42.0
1776886921.5691028,6.0,2.0,-44.0
1776886921.5791028,5.0,0.0,-47.0
1776886921.5891027,4.0,0.0,-45.0
1776886921.5991027,1.0,-2.0,-52.0
1776886921.6091027,0.0,-4.0,-52.0
1776886921.6191027,0.0,-2.0,-50.0
1776886921.6291027,0.0,3.0,-43.0
1776886921.6391027,4.0,3.0,-35.0
1776886921.6491027,2.0,0.0,-34.0
1776886921.659103,0.0,0.0,-35.0
1776886921.669103,0.0,0.0,-42.0
1776886921.679103,-2.0,0.0,-44.0
1776886921.6891026,-5.0,1.0,-36.0
1776886921.6991026,0.0,-2.0,-38.0
1776886921.7091026,0.0,-6.0,-40.0
1776886921.7191026,-5.0,-4.0,-42.0
1776886921.7291028,-8.0,0.0,-40.0
1776886921.7391028,-6.0,0.0,-45.0
1776886921.7491028,0.0,0.0,-44.0
1776886921.7591028,3.0,3.0,-38.0
1776886921.7691028,-1.0,0.0,-40.0
1776886921.7791028,-1.0,-4.0,-38.0
1776886921.7891028,0.0,-2.0,-39.0
1776886921.7991028,0.0,0.0,-29.0
1776886921.8091028,3.0,0.0,-32.0
1776886921.8191028,-1.0,-1.0,-30.0
1776886921.8291028,0.0,-1.0,-36.0
1776886921.8391027,2.0,-2.0,-26.0
1776886921.8491027,1.0,-2.0,-24.0
1776886921.8591027,2.0,0.0,-24.0
1776886921.8691027,0.0,-1.0,-33.0
1776886921.8791027,0.0,-2.0,-28.0
1776886921.8891027,4.0,-1.0,-27.0
1776886921.8991027,2.0,-3.0,-24.0
1776886921.909103,3.0,-7.0,-34.0
1776886921.919103,4.0,-9.0,-38.0
1776886921.929103,2.0,-6.0,-40.0
1776886921.9391026,2.0,-5.0,-43.0
1776886921.9491026,3.0,-3.0,-38.0
1776886921.9591026,3.0,-2.0,-36.0
1776886921.9691026,4.0,0.0,-37.0
1776886921.9791028,11.0,1.0,-41.0
1776886921.9891028,12.0,4.0,-40.0
1776886921.9991028,11.0,6.0,-36.0
1776886922.0091028,6.0,2.0,-42.0
1776886922.0191028,9.0,0.0,-42.0
1776886922.0291028,11.0,-1.0,-35.0
1776886922.0391028,7.0,0.0,-38.0
1776886922.0491028,0.0,-1.0,-43.0
1776886922.0591028,1.0,0.0,-41.0
1776886922.0691028,4.0,0.0,-46.0
1776886922.0791028,2.0,-3.0,-42.0
1776886922.0891027,1.0,-2.0,-47.0
1776886922.0991027,5.0,-2.0,-41.0
1776886922.1091027,5.0,-3.0,-44.0
1776886922.1191027,7.0,-1.0,-42.0
1776886922.1291027,3.0,0.0,-43.0
1776886922.1391027,4.0,3.0,-45.0
1776886922.1491027,6.0,6.0,-47.0
1776886922.1601028,5.0,5.0,-44.0
1776886922.169103,6.0,1.0,-44.0
1776886922.1801028,5.0,0.0,-42.0
1776886922.1901028,7.0,-3.0,-40.0
1776886922.2001028,5.0,-5.0,-34.0
1776886922.2101028,2.0,0.0,-35.0
1776886922.2201028,2.0,0.0,-33.0
1776886922.2301028,-2.0,0.0,-37.0
1776886922.2391028,0.0,0.0,-41.0
1776886922.2501028,4.0,0.0,-42.0
1776886922.2601027,4.0,0.0,-44.0
1776886922.2701027,5.0,2.0,-50.0
1776886922.2801027,8.0,0.0,-41.0
1776886922.2901027,7.0,0.0,-38.0
1776886922.3001027,8.0,6.0,-34.0
1776886922.3101027,7.0,6.0,-39.0
1776886922.3201027,8.0,3.0,-37.0
1776886922.3301027,3.0,-3.0,-34.0
1776886922.340103,7.0,0.0,-40.0
1776886922.350103,3.0,1.0,-44.0
1776886922.360103,1.0,-3.0,-38.0
1776886922.3701026,0.0,-4.0,-27.0
1776886922.3801026,2.0,-8.0,-24.0
1776886922.3901026,-2.0,-7.0,-26.0
1776886922.4001029,-4.0,-6.0,-37.0
1776886922.4101028,2.0,-4.0,-40.0
1776886922.4201028,3.0,-5.0,-35.0
1776886922.4301028,2.0,-9.0,-34.0
1776886922.4401028,0.0,-6.0,-36.0
1776886922.4501028,2.0,-2.0,-33.0
1776886922.4601028,5.0,-5.0,-28.0
1776886922.4701028,4.0,-5.0,-27.0
1776886922.4801028,6.0,-5.0,-34.0
1776886922.4901028,1.0,-3.0,-37.0
1776886922.5001028,-1.0,-4.0,-41.0
1776886922.5101027,2.0,0.0,-37.0
1776886922.5201027,4.0,2.0,-28.0
1776886922.5301027,2.0,3.0,-28.0
1776886922.5401027,1.0,3.0,-31.0
1776886922.5501027,0.0,2.0,-36.0
1776886922.5601027,0.0,2.0,-34.0
1776886922.5701027,-2.0,3.0,-30.0
1776886922.5801027,0.0,0.0,-33.0
1776886922.590103,0.0,-2.0,-42.0
1776886922.600103,3.0,-4.0,-43.0
1776886922.610103,3.0,-5.0,-44.0
1776886922.6201026,0.0,-4.0,-40.0
1776886922.6301026,0.0,-7.0,-37.0
1776886922.6401026,-1.0,-6.0,-39.0
1776886922.6501029,3.0,-5.0,-35.0
1776886922.6601028,-2.0,-4.0,-38.0
1776886922.6701028,-1.0,0.0,-39.0
1776886922.6801028,0.0,0.0,-35.0
1776886922.6901028,-1.0,2.0,-35.0
1776886922.7001028,1.0,0.0,-30.0
1776886922.7101028,0.0,-4.0,-29.0
1776886922.7201028,0.0,0.0,-27.0
1776886922.7301028,2.0,-2.0,-32.0
1776886922.7401028,-2.0,2.0,-42.0
1776886922.7501028,-2.0,0.0,-39.0
1776886922.7601027,-2.0,-2.0,-31.0
1776886922.7701027,5.0,0.0,-36.0
1776886922.7801027,8.0,-2.0,-38.0
1776886922.7901027,12.0,-6.0,-37.0
1776886922.8001027,11.0,-8.0,-34.0
1776886922.8101027,8.0,-9.0,-31.0
1776886922.8201027,8.0,-6.0,-29.0
1776886922.8301027,7.0,-2.0,-30.0
1776886922.840103,4.0,1.0,-31.0
1776886922.850103,0.0,0.0,-33.0
1776886922.860103,0.0,-3.0,-38.0
1776886922.8701026,-2.0,-6.0,-38.0
1776886922.8801026,-6.0,-6.0,-40.0
1776886922.8901026,-6.0,-6.0,-35.0
1776886922.9001029,-7.0,-6.0,-36.0
1776886922.9101028,-6.0,-9.0,-41.0
1776886922.9201028,-2.0,-9.0,-35.0
1776886922.9301028,-5.0,-8.0,-40.0
1776886922.9401028,-5.0,-6.0,-42.0
1776886922.9501028,-1.0,-1.0,-42.0
1776886922.9601028,5.0,3.0,-44.0
1776886922.9701028,7.0,2.0,-43.0
1776886922.9801028,8.0,2.0,-41.0
1776886922.9901028,3.0,0.0,-38.0
1776886923.0001028,0.0,-5.0,-48.0
1776886923.0101027,-6.0,-4.0,-45.0
1776886923.0201027,-9.0,-7.0,-44.0
1776886923.0301027,-8.0,-8.0,-48.0
1776886923.0401027,0.0,-7.0,-48.0
1776886923.0501027,1.0,-7.0,-47.0
1776886923.0601027,3.0,-6.0,-46.0
1776886923.0701027,2.0,-6.0,-44.0
1776886923.0801027,1.0,-8.0,-42.0
1776886923.090103,0.0,-9.0,-38.0
1776886923.100103,-3.0,-8.0,-36.0
1776886923.110103,0.0,-3.0,-34.0
1776886923.1201026,-1.0,-4.0,-33.0
1776886923.1301026,0.0,-3.0,-33.0
1776886923.1401026,1.0,-7.0,-27.0
1776886923.1501029,-2.0,-5.0,-28.0
1776886923.1601028,-1.0,-3.0,-35.0
1776886923.1701028,2.0,-4.0,-37.0
1776886923.1801028,0.0,-5.0,-31.0
1776886923.1901028,2.0,-4.0,-33.0
1776886923.2001028,2.0,-4.0,-36.0
1776886923.2101028,3.0,0.0,-32.0
1776886923.2201028,1.0,-2.0,-20.0
1776886923.2301028,4.0,-2.0,-32.0
1776886923.2401028,7.0,-1.0,-35.0
1776886923.2501028,4.0,-6.0,-35.0
1776886923.2601027,3.0,-7.0,-34.0
1776886923.2701027,1.0,-4.0,-34.0
1776886923.2801027,4.0,-5.0,-32.0
1776886923.2901027,6.0,-6.0,-22.0
1776886923.3001027,6.0,-7.0,-23.0
1776886923.3101027,5.0,-6.0,-26.0
1776886923.3201027,3.0,-4.0,-29.0
1776886923.3301027,8.0,-4.0,-34.0
1776886923.340103,11.0,-1.0,-34.0
1776886923.350103,10.0,-3.0,-25.0
1776886923.360103,7.0,-4.0,-31.0
1776886923.3701026,-1.0,-5.0,-34.0
1776886923.3801026,3.0,-8.0,-31.0
1776886923.3901026,3.0,-9.0,-33.0
1776886923.4001029,1.0,-8.0,-33.0
1776886923.4101028,1.0,-8.0,-36.0
1776886923.4201028,3.0,-6.0,-31.0
1776886923.4301028,2.0,-4.0,-39.0
1776886923.4401028,3.0,0.0,-40.0
1776886923.4501028,0.0,0.0,-41.0
1776886923.4601028,3.0,0.0,-40.0
1776886923.4701028,1.0,-4.0,-34.0
1776886923.4801028,2.0,-4.0,-39.0
1776886923.4901028,6.0,-8.0,-36.0
1776886923.5001028,8.0,-5.0,-36.0
1776886923.5101027,5.0,-4.0,-34.0
1776886923.5201027,2.0,-8.0,-37.0
1776886923.5301027,6.0,-7.0,-35.0
1776886923.5401027,4.0,-7.0,-38.0
1776886923.5501027,1.0,-5.0,-35.0
1776886923.5601027,3.0,-1.0,-34.0
1776886923.5701027,3.0,-3.0,-34.0
1776886923.5801027,1.0,-1.0,-38.0
1776886923.590103,2.0,-2.0,-39.0
1776886923.600103,4.0,-1.0,-38.0
1776886923.610103,5.0,-4.0,-37.0
1776886923.6201026,6.0,-4.0,-38.0
1776886923.6301026,3.0,-3.0,-30.0
1776886923.6401026,6.0,-1.0,-39.0
1776886923.6501029,9.0,-5.0,-31.0
1776886923.6601028,10.0,-2.0,-36.0
1776886923.6701028,7.0,-1.0,-38.0
1776886923.6801028,6.0,-4.0,-35.0
1776886923.6901028,3.0,-6.0,-31.0
1776886923.7001028,5.0,-5.0,-30.0
1776886923.7101028,1.0,0.0,-30.0
1776886923.7201028,1.0,0.0,-24.0
1776886923.7301028,3.0,0.0,-24.0
1776886923.7401028,0.0,-3.0,-24.0
1776886923.7501028,4.0,-2.0,-24.0
1776886923.7601027,4.0,-4.0,-31.0
1776886923.7701027,4.0,-6.0,-31.0
1776886923.7801027,6.0,-5.0,-38.0
1776886923.7901027,5.0,-3.0,-40.0
1776886923.8001027,0.0,-5.0,-43.0
1776886923.8101027,-3.0,-2.0,-45.0
1776886923.8201027,-4.0,-1.0,-41.0
1776886923.8301027,-8.0,-4.0,-40.0
1776886923.840103,-6.0,-6.0,-40.0
1776886923.850103,-5.0,-2.0,-44.0
1776886923.860103,0.0,4.0,-48.0
1776886923.8701026,3.0,4.0,-46.0
1776886923.8801026,3.0,0.0,-45.0
1776886923.8901026,2.0,0.0,-45.0
1776886923.9001029,0.0,-3.0,-50.0
1776886923.9101028,0.0,-3.0,-51.0
1776886923.9201028,0.0,-3.0,-54.0
1776886923.9301028,5.0,-8.0,-45.0
1776886923.9401028,7.0,-9.0,-43.0
1776886923.9501028,9.0,-7.0,-38.0
1776886923.9601028,6.0,-5.0,-34.0
1776886923.9701028,3.0,-8.0,-28.0
1776886923.9801028,2.0,-5.0,-29.0
1776886923.9901028,0.0,0.0,-30.0
1776886924.0001028,-1.0,-1.0,-36.0
1776886924.0101027,-3.0,0.0,-29.0
1776886924.0201027,-6.0,-4.0,-30.0
1776886924.0301027,-3.0,-4.0,-39.0
1776886924.0401027,-1.0,1.0,-42.0
1776886924.0501027,0.0,3.0,-35.0
1776886924.0601027,-3.0,4.0,-32.0
1776886924.0701027,0.0,1.0,-37.0
1776886924.0801027,-5.0,3.0,-40.0
1776886924.090103,-2.0,4.0,-39.0
1776886924.100103,-3.0,0.0,-42.0
1776886924.110103,-1.0,0.0,-46.0
1776886924.1201026,0.0,2.0,-47.0
1776886924.1301026,-2.0,2.0,-41.0
1776886924.1401026,4.0,3.0,-44.0
1776886924.1501029,3.0,0.0,-45.0
1776886924.1611028,3.0,-1.0,-45.0
1776886924.1711028,3.0,0.0,-43.0
1776886924.1811028,5.0,2.0,-36.0
1776886924.1911027,6.0,1.0,-38.0
1776886924.2011027,4.0,2.0,-44.0
1776886924.2111027,0.0,1.0,-39.0
1776886924.2211027,2.0,1.0,-36.0
1776886924.2311027,2.0,0.0,-36.0
1776886924.2411027,2.0,0.0,-37.0
1776886924.2511027,0.0,-3.0,-34.0
1776886924.261103,-6.0,-3.0,-29.0
1776886924.271103,0.0,-2.0,-33.0
1776886924.281103,1.0,-3.0,-35.0
1776886924.2911026,-4.0,-2.0,-35.0
1776886924.3011026,0.0,-6.0,-38.0
1776886924.3111026,0.0,-1.0,-39.0
1776886924.3211029,0.0,-4.0,-36.0
1776886924.3311028,0.0,-6.0,-40.0
1776886924.3411028,-1.0,-3.0,-43.0
1776886924.3511028,0.0,-5.0,-39.0
1776886924.3611028,0.0,-5.0,-42.0
1776886924.3711028,0.0,-8.0,-39.0
1776886924.3811028,-2.0,-6.0,-31.0
1776886924.3911028,0.0,-2.0,-34.0
1776886924.4011028,0.0,-6.0,-29.0
1776886924.4111028,1.0,-4.0,-32.0
1776886924.4211028,1.0,-5.0,-36.0
1776886924.4311028,0.0,-5.0,-44.0
1776886924.4411027,-1.0,-4.0,-50.0
1776886924.4511027,-2.0,-1.0,-44.0
1776886924.4611027,-2.0,-1.0,-43.0
1776886924.4711027,2.0,0.0,-43.0
1776886924.4811027,-1.0,-2.0,-43.0
1776886924.4911027,2.0,0.0,-37.0
1776886924.5011027,-2.0,2.0,-39.0
1776886924.511103,0.0,5.0,-41.0
1776886924.521103,0.0,4.0,-43.0
1776886924.531103,0.0,1.0,-47.0
1776886924.5411026,-3.0,3.0,-56.0
1776886924.5511026,-5.0,4.0,-54.0
1776886924.5611026,-2.0,4.0,-49.0
1776886924.5711029,0.0,0.0,-47.0
1776886924.5811028,2.0,-4.0,-49.0
1776886924.5911028,-3.0,-3.0,-55.0
1776886924.6011028,-3.0,-6.0,-52.0
1776886924.6111028,0.0,-5.0,-55.0
1776886924.6211028,4.0,-2.0,-49.0
1776886924.6311028,7.0,3.0,-47.0
1776886924.6411028,1.0,4.0,-44.0
1776886924.6511028,0.0,0.0,-36.0
1776886924.6611028,2.0,-7.0,-29.0
1776886924.6711028,1.0,-6.0,-25.0
1776886924.6811028,0.0,-3.0,-17.0
1776886924.6911027,0.0,-4.0,-25.0
1776886924.7011027,3.0,-3.0,-28.0
1776886924.7111027,6.0,0.0,-32.0
1776886924.7211027,1.0,4.0,-30.0
1776886924.7311027,-1.0,6.0,-31.0
1776886924.7411027,0.0,8.0,-30.0
1776886924.7511027,-1.0,7.0,-37.0
1776886924.761103,-2.0,6.0,-43.0
1776886924.771103,-2.0,4.0,-38.0
1776886924.781103,-1.0,1.0,-30.0
1776886924.7911026,0.0,-1.0,-33.0
1776886924.8011026,3.0,-3.0,-35.0
1776886924.8111026,8.0,-8.0,-40.0
1776886924.8211029,4.0,-5.0,-40.0
1776886924.8311028,2.0,-1.0,-36.0
1776886924.8411028,0.0,2.0,-26.0
1776886924.8511028,-2.0,0.0,-26.0
1776886924.8611028,-4.0,-1.0,-36.0
1776886924.8711028,-3.0,-1.0,-38.0
1776886924.8811028,-2.0,0.0,-37.0
1776886924.8911028,-3.0,0.0,-36.0
1776886924.9011028,-1.0,-1.0,-35.0
1776886924.9111028,2.0,-4.0,-40.0
1776886924.9211028,7.0,-6.0,-38.0
1776886924.9311028,6.0,-7.0,-35.0
1776886924.9411027,2.0,-5.0,-41.0
1776886924.9511027,0.0,-6.0,-44.0
1776886924.9611027,0.0,-8.0,-42.0
1776886924.9711027,-3.0,-8.0,-40.0
1776886924.9811027,-5.0,-11.0,-45.0
1776886924.9911027,-4.0,-12.0,-46.0
1776886925.0011027,-8.0,-12.0,-49.0
1776886925.011103,-6.0,-10.0,-47.0
1776886925.021103,-1.0,-11.0,-43.0
1776886925.031103,0.0,-8.0,-39.0
1776886925.0411026,-4.0,-5.0,-31.0
1776886925.0511026,0.0,-5.0,-32.0
1776886925.0611026,2.0,-4.0,-33.0
1776886925.0711029,3.0,-5.0,-34.0
1776886925.0811028,1.0,-4.0,-37.0
1776886925.0911028,0.0,0.0,-43.0
1776886925.1011028,2.0,2.0,-41.0
1776886925.1111028,0.0,0.0,-40.0
1776886925.1211028,3.0,0.0,-34.0
1776886925.1311028,3.0,6.0,-29.0
1776886925.1411028,0.0,6.0,-30.0
1776886925.1511028,1.0,2.0,-32.0
1776886925.1611028,0.0,4.0,-36.0
1776886925.1711028,3.0,2.0,-36.0
1776886925.1811028,2.0,-1.0,-42.0
1776886925.1911027,3.0,-1.0,-40.0
1776886925.2011027,0.0,0.0,-39.0
1776886925.2111027,5.0,0.0,-40.0
1776886925.2211027,8.0,0.0,-41.0
1776886925.2311027,6.0,3.0,-46.0
1776886925.2411027,2.0,0.0,-51.0
1776886925.2511027,3.0,-2.0,-46.0
1776886925.261103,0.0,-3.0,-44.0
1776886925.271103,0.0,-4.0,-37.0
1776886925.281103,0.0,-2.0,-39.0
1776886925.2911026,-1.0,-2.0,-40.0
1776886925.3011026,-1.0,-4.0,-40.0
1776886925.3111026,-1.0,0.0,-39.0
1776886925.3211029,-2.0,2.0,-38.0
1776886925.3311028,-9.0,0.0,-33.0
1776886925.3411028,-11.0,-4.0,-25.0
1776886925.3511028,-15.0,-1.0,-29.0
1776886925.3611028,-12.0,-1.0,-31.0
1776886925.3711028,-8.0,-3.0,-38.0
1776886925.3811028,-3.0,-7.0,-31.0
1776886925.3911028,-5.0,-9.0,-35.0
1776886925.4011028,-6.0,-6.0,-43.0
1776886925.4111028,-8.0,-4.0,-40.0
1776886925.4211028,-3.0,2.0,-40.0
1776886925.4311028,-5.0,0.0,-45.0
1776886925.4411027,-2.0,0.0,-40.0
1776886925.4511027,1.0,0.0,-39.0
1776886925.4611027,3.0,-2.0,-48.0
1776886925.4711027,0.0,-4.0,-44.0
1776886925.4811027,-3.0,-2.0,-38.0
1776886925.4911027,-2.0,-1.0,-34.0
1776886925.5011027,1.0,0.0,-36.0
1776886925.511103,1.0,-1.0,-39.0
1776886925.521103,2.0,-6.0,-39.0
1776886925.531103,-2.0,-3.0,-42.0
1776886925.5411026,-2.0,-1.0,-43.0
1776886925.5511026,1.0,0.0,-46.0
1776886925.5611026,0.0,1.0,-47.0
1776886925.5721028,-3.0,3.0,-46.0
1776886925.5811028,-6.0,5.0,-41.0
1776886925.5911028,-5.0,5.0,-42.0
1776886925.6011028,1.0,4.0,-35.0
1776886925.6111028,3.0,1.0,-36.0
1776886925.6211028,-1.0,5.0,-43.0
1776886925.6311028,0.0,2.0,-43.0
1776886925.6411028,2.0,5.0,-39.0
1776886925.6511028,6.0,3.0,-36.0
1776886925.6611028,4.0,4.0,-36.0
1776886925.6711028,0.0,3.0,-44.0
1776886925.6811028,-5.0,2.0,-46.0
1776886925.6911027,0.0,1.0,-36.0
1776886925.7011027,5.0,0.0,-36.0
1776886925.7111027,6.0,-2.0,-39.0
1776886925.7211027,4.0,-3.0,-41.0
1776886925.7311027,2.0,0.0,-41.0
1776886925.7411027,0.0,-1.0,-47.0
1776886925.7511027,0.0,-2.0,-43.0
1776886925.761103,0.0,-6.0,-40.0
1776886925.771103,0.0,-6.0,-37.0
1776886925.781103,3.0,-4.0,-35.0
1776886925.7911026,1.0,0.0,-33.0
1776886925.8011026,-1.0,3.0,-31.0
1776886925.8111026,1.0,3.0,-36.0
1776886925.8211029,0.0,0.0,-36.0
1776886925.8311028,2.0,-2.0,-37.0
1776886925.8411028,0.0,-4.0,-40.0
1776886925.8511028,1.0,-6.0,-41.0
1776886925.8611028,0.0,0.0,-44.0
1776886925.8711028,1.0,1.0,-38.0
1776886925.8811028,0.0,0.0,-40.0
1776886925.8911028,2.0,-2.0,-37.0
1776886925.9011028,1.0,-1.0,-37.0
1776886925.9111028,0.0,-1.0,-39.0
1776886925.9211028,0.0,-5.0,-39.0
1776886925.9311028,5.0,-4.0,-35.0
1776886925.9411027,8.0,-4.0,-33.0
1776886925.9511027,9.0,-2.0,-31.0
1776886925.9611027,6.0,2.0,-25.0
1776886925.9711027,2.0,2.0,-26.0
1776886925.9811027,2.0,0.0,-32.0
1776886925.9911027,6.0,0.0,-32.0
1776886926.0011027,7.0,0.0,-40.0
1776886926.011103,1.0,0.0,-34.0
1776886926.021103,0.0,0.0,-32.0
1776886926.031103,3.0,-2.0,-28.0
1776886926.0411026,7.0,-3.0,-28.0
1776886926.0511026,4.0,-7.0,-28.0
1776886926.0611026,2.0,-9.0,-34.0
1776886926.0711029,0.0,-12.0,-36.0
1776886926.0811028,-1.0,-8.0,-34.0
1776886926.0911028,0.0,-11.0,-32.0
1776886926.1011028,0.0,-8.0,-39.0
1776886926.1111028,1.0,-3.0,-42.0
1776886926.1211028,4.0,-2.0,-43.0
1776886926.1311028,1.0,-4.0,-49.0
1776886926.1411028,1.0,-2.0,-45.0
1776886926.1511028,2.0,-7.0,-42.0
1776886926.1621027,-2.0,-10.0,-39.0
1776886926.1721027,0.0,-8.0,-40.0
1776886926.182103,1.0,-7.0,-39.0
1776886926.192103,0.0,-4.0,-42.0
1776886926.202103,1.0,-4.0,-48.0
1776886926.212103,3.0,-4.0,-48.0
1776886926.2221026,4.0,-4.0,-47.0
1776886926.2321026,5.0,-8.0,-43.0
1776886926.2421026,3.0,-8.0,-41.0
1776886926.2521029,2.0,-7.0,-35.0
1776886926.2621028,0.0,-10.0,-35.0
1776886926.2721028,0.0,-4.0,-34.0
1776886926.2821028,-2.0,-3.0,-30.0
1776886926.2921028,-5.0,-3.0,-33.0
1776886926.3021028,-5.0,-6.0,-38.0
1776886926.3121028,-5.0,-6.0,-38.0
1776886926.3221028,-5.0,-5.0,-44.0
1776886926.3321028,-6.0,-4.0,-47.0
1776886926.3421028,-2.0,-7.0,-42.0
1776886926.3521028,-2.0,-2.0,-44.0
1776886926.3621027,-5.0,3.0,-39.0
1776886926.3721027,-4.0,6.0,-34.0
1776886926.3821027,1.0,7.0,-34.0
1776886926.3921027,-4.0,6.0,-35.0
1776886926.4021027,0.0,2.0,-38.0
1776886926.4121027,5.0,2.0,-45.0
1776886926.4221027,9.0,1.0,-46.0
1776886926.432103,7.0,0.0,-45.0
1776886926.442103,9.0,1.0,-39.0
1776886926.452103,8.0,2.0,-38.0
1776886926.462103,5.0,4.0,-36.0
1776886926.4721026,-1.0,4.0,-35.0
1776886926.4821026,-2.0,2.0,-34.0
1776886926.4921026,1.0,0.0,-34.0
1776886926.5021029,0.0,3.0,-33.0
1776886926.5121028,0.0,0.0,-35.0
1776886926.5221028,2.0,0.0,-38.0
1776886926.5321028,2.0,-1.0,-44.0
1776886926.5421028,-3.0,-1.0,-40.0
1776886926.5521028,0.0,1.0,-37.0
1776886926.5621028,0.0,0.0,-35.0
1776886926.5721028,6.0,0.0,-34.0
1776886926.5821028,8.0,0.0,-36.0
1776886926.5921028,4.0,-2.0,-30.0
1776886926.6021028,1.0,-1.0,-30.0
1776886926.6121027,-2.0,-1.0,-31.0
1776886926.6221027,-5.0,-2.0,-38.0
1776886926.6321027,-6.0,-3.0,-36.0
1776886926.6421027,-3.0,-2.0,-38.0
1776886926.6521027,-4.0,0.0,-36.0
1776886926.6621027,-1.0,0.0,-41.0
1776886926.6721027,-1.0,-3.0,-43.0
1776886926.682103,0.0,0.0,-37.0
1776886926.692103,3.0,0.0,-40.0
1776886926.702103,4.0,4.0,-47.0
1776886926.712103,8.0,3.0,-48.0
1776886926.7221026,8.0,6.0,-35.0
1776886926.7321026,4.0,4.0,-40.0
1776886926.7421026,2.0,0.0,-40.0
1776886926.7521029,0.0,0.0,-38.0
1776886926.7621028,0.0,0.0,-39.0
1776886926.7721028,1.0,1.0,-32.0
1776886926.7821028,3.0,-3.0,-31.0
1776886926.7921028,2.0,-3.0,-31.0
1776886926.8021028,5.0,-3.0,-34.0
1776886926.8121028,3.0,-3.0,-36.0
1776886926.8221028,3.0,-4.0,-41.0
1776886926.8321028,1.0,-3.0,-42.0
1776886926.8421028,-2.0,-5.0,-42.0
1776886926.8521028,-4.0,-3.0,-43.0
1776886926.8621027,-6.0,-4.0,-40.0
1776886926.8721027,-4.0,-3.0,-43.0
1776886926.8821027,-2.0,-2.0,-48.0
1776886926.8921027,-3.0,0.0,-46.0
1776886926.9021027,-3.0,2.0,-43.0
1776886926.9121027,-3.0,3.0,-40.0
1776886926.9221027,0.0,-1.0,-35.0
1776886926.932103,0.0,-2.0,-35.0
1776886926.942103,1.0,-4.0,-35.0
1776886926.952103,-4.0,0.0,-34.0
1776886926.962103,-6.0,0.0,-32.0
1776886926.9721026,-3.0,3.0,-37.0
1776886926.9821026,-2.0,2.0,-43.0
1776886926.9921026,-3.0,1.0,-41.0
1776886927.0021029,-2.0,-2.0,-36.0
1776886927.0121028,0.0,-1.0,-35.0
1776886927.0221028,-4.0,-6.0,-34.0
1776886927.0321028,-6.0,-6.0,-37.0
1776886927.0421028,-6.0,-3.0,-33.0
1776886927.0521028,-3.0,-1.0,-32.0
1776886927.0621028,0.0,-3.0,-37.0
1776886927.0721028,3.0,-2.0,-41.0
1776886927.0821028,4.0,1.0,-42.0
1776886927.0921028,3.0,3.0,-47.0
1776886927.1021028,3.0,2.0,-46.0
1776886927.1121027,0.0,3.0,-44.0
1776886927.1221027,1.0,8.0,-40.0
1776886927.1321027,-3.0,8.0,-35.0
1776886927.1421027,-2.0,3.0,-37.0
1776886927.1521027,-4.0,3.0,-46.0
1776886927.1621027,-3.0,2.0,-46.0
1776886927.1721027,2.0,0.0,-41.0
1776886927.182103,2.0,-2.0,-43.0
1776886927.192103,1.0,-3.0,-39.0
1776886927.202103,-1.0,-5.0,-39.0
1776886927.212103,0.0,0.0,-40.0
1776886927.2221026,-1.0,1.0,-44.0
1776886927.2321026,0.0,4.0,-39.0
1776886927.2421026,0.0,5.0,-46.0
1776886927.2521029,-7.0,5.0,-50.0
1776886927.2621028,-5.0,3.0,-50.0
1776886927.2721028,0.0,3.0,-43.0
1776886927.2821028,-1.0,4.0,-45.0
1776886927.2921028,0.0,2.0,-50.0
1776886927.3021028,0.0,0.0,-47.0
1776886927.3121028,2.0,-4.0,-45.0
1776886927.3221028,4.0,-2.0,-43.0
1776886927.3321028,5.0,-3.0,-43.0
1776886927.3421028,5.0,-5.0,-44.0
1776886927.3521028,4.0,-1.0,-44.0
1776886927.3621027,5.0,-2.0,-43.0
1776886927.3721027,5.0,1.0,-36.0
1776886927.3821027,2.0,3.0,-36.0
1776886927.3921027,0.0,-1.0,-33.0
1776886927.4021027,-3.0,-5.0,-39.0
1776886927.4121027,-1.0,-6.0,-36.0
1776886927.4221027,-1.0,-4.0,-31.0
1776886927.432103,0.0,-4.0,-34.0
1776886927.442103,0.0,0.0,-41.0
1776886927.452103,0.0,2.0,-47.0
1776886927.462103,-1.0,2.0,-47.0
1776886927.4721026,1.0,0.0,-47.0
1776886927.4821026,2.0,0.0,-51.0
1776886927.4921026,3.0,3.0,-43.0
1776886927.5021029,0.0,4.0,-37.0
1776886927.5121028,-1.0,2.0,-39.0
1776886927.5221028,-1.0,2.0,-36.0
1776886927.5321028,-2.0,0.0,-36.0
1776886927.5421028,-8.0,4.0,-40.0
1776886927.5521028,-5.0,7.0,-45.0
1776886927.5621028,-7.0,3.0,-44.0
1776886927.5721028,-5.0,0.0,-42.0
1776886927.5821028,-6.0,2.0,-37.0
1776886927.5921028,-6.0,4.0,-39.0
1776886927.6021028,-5.0,0.0,-39.0
1776886927.6121027,-2.0,-1.0,-40.0
1776886927.6221027,-8.0,0.0,-35.0
1776886927.6321027,-8.0,6.0,-33.0
1776886927.6421027,-12.0,7.0,-37.0
1776886927.6521027,-8.0,7.0,-46.0
1776886927.6621027,-4.0,7.0,-43.0
1776886927.6721027,-4.0,6.0,-48.0
1776886927.682103,-3.0,8.0,-53.0
1776886927.692103,3.0,2.0,-51.0
1776886927.702103,-2.0,0.0,-55.0
1776886927.712103,-2.0,0.0,-57.0
1776886927.7221026,-2.0,0.0,-52.0
1776886927.7321026,2.0,-1.0,-49.0
1776886927.7421026,-1.0,-4.0,-46.0
1776886927.7521029,0.0,-8.0,-39.0
1776886927.7621028,-4.0,-10.0,-37.0
1776886927.7721028,0.0,-4.0,-35.0
1776886927.7821028,-1.0,-5.0,-34.0
1776886927.7921028,-3.0,-3.0,-33.0
1776886927.8021028,-5.0,-1.0,-34.0
1776886927.8121028,-6.0,-7.0,-35.0
1776886927.8221028,-4.0,-6.0,-31.0
1776886927.8321028,1.0,-3.0,-33.0
1776886927.8421028,1.0,-3.0,-33.0
1776886927.8521028,2.0,-4.0,-34.0
1776886927.8621027,6.0,-3.0,-38.0
1776886927.8721027,6.0,-2.0,-42.0
1776886927.8821027,7.0,0.0,-38.0
1776886927.8921027,3.0,0.0,-36.0
1776886927.9021027,1.0,-2.0,-46.0
1776886927.9121027,3.0,-3.0,-54.0
1776886927.9221027,4.0,-1.0,-48.0
1776886927.932103,0.0,0.0,-49.0
1776886927.942103,0.0,-1.0,-46.0
1776886927.952103,-1.0,-1.0,-46.0
1776886927.962103,-2.0,-7.0,-50.0
1776886927.9721026,1.0,-6.0,-56.0
1776886927.9821026,0.0,-6.0,-51.0
1776886927.9921026,-6.0,-6.0,-40.0
1776886928.0021029,-6.0,-5.0,-34.0
1776886928.0121028,-5.0,-6.0,-30.0
1776886928.0221028,-5.0,-6.0,-28.0
1776886928.0321028,-2.0,-4.0,-27.0
1776886928.0421028,-3.0,-5.0,-39.0
1776886928.0521028,-4.0,-3.0,-45.0
1776886928.0621028,-6.0,-4.0,-44.0
1776886928.0721028,-9.0,-5.0,-39.0
1776886928.0821028,-8.0,-5.0,-42.0
1776886928.0921028,-10.0,-4.0,-39.0
1776886928.1021028,-3.0,-6.0,-37.0
1776886928.1121027,-3.0,-7.0,-36.0
1776886928.1221027,4.0,-7.0,-37.0
1776886928.1321027,3.0,-6.0,-40.0
1776886928.1431026,7.0,-4.0,-36.0
1776886928.1531026,3.0,-4.0,-31.0
1776886928.1631026,1.0,-4.0,-31.0
1776886928.1731029,0.0,-4.0,-29.0
1776886928.1831028,-1.0,-4.0,-30.0
1776886928.1931028,-2.0,-3.0,-30.0
1776886928.2031028,-6.0,-2.0,-38.0
1776886928.2131028,-4.0,-1.0,-39.0
1776886928.2231028,-5.0,0.0,-36.0
1776886928.2331028,-6.0,0.0,-33.0
1776886928.2431028,-4.0,-1.0,-33.0
1776886928.2531028,-7.0,0.0,-26.0
1776886928.2631028,-4.0,2.0,-25.0
1776886928.2731028,1.0,3.0,-25.0
1776886928.2831028,2.0,2.0,-26.0
1776886928.2931027,0.0,4.0,-35.0
1776886928.3031027,0.0,1.0,-30.0
1776886928.3131027,1.0,0.0,-28.0
1776886928.3231027,2.0,0.0,-40.0
1776886928.3331027,0.0,1.0,-48.0
1776886928.3431027,0.0,2.0,-41.0
1776886928.3531027,-1.0,1.0,-39.0
1776886928.363103,2.0,2.0,-37.0
1776886928.373103,1.0,0.0,-42.0
1776886928.383103,-1.0,-2.0,-44.0
1776886928.3931026,-2.0,-1.0,-40.0
1776886928.4031026,-1.0,-4.0,-43.0
1776886928.4131026,1.0,-2.0,-39.0
1776886928.4231029,1.0,-4.0,-45.0
1776886928.4331028,5.0,-2.0,-42.0
1776886928.4431028,4.0,0.0,-48.0
1776886928.4531028,4.0,-2.0,-49.0
1776886928.4631028,6.0,-4.0,-51.0
1776886928.4731028,10.0,-7.0,-53.0
1776886928.4831028,7.0,-7.0,-50.0
1776886928.4931028,1.0,-5.0,-49.0
1776886928.5031028,1.0,-1.0,-48.0
1776886928.5131028,4.0,-1.0,-47.0
1776886928.5231028,3.0,-3.0,-42.0
1776886928.5331028,-2.0,-1.0,-42.0
1776886928.5431027,0.0,-3.0,-46.0
1776886928.5531027,0.0,-2.0,-43.0
1776886928.5631027,0.0,0.0,-36.0
1776886928.5731027,0.0,-1.0,-36.0
1776886928.5831027,3.0,-4.0,-39.0
1776886928.5931027,0.0,-4.0,-42.0
1776886928.6031027,-1.0,-3.0,-41.0
1776886928.613103,0.0,-8.0,-36.0
1776886928.623103,0.0,-6.0,-35.0
1776886928.633103,-1.0,-2.0,-35.0
1776886928.6431026,-4.0,-1.0,-35.0
1776886928.6531026,1.0,-3.0,-38.0
1776886928.6631026,1.0,-5.0,-43.0
1776886928.6731029,3.0,-4.0,-44.0
1776886928.6831028,0.0,-6.0,-51.0
1776886928.6931028,0.0,-4.0,-49.0
1776886928.7031028,-4.0,-9.0,-43.0
1776886928.7131028,4.0,-11.0,-42.0
1776886928.7231028,2.0,-13.0,-45.0
1776886928.7331028,-1.0,-11.0,-46.0
1776886928.7431028,-1.0,-13.0,-46.0
1776886928.7531028,-3.0,-8.0,-45.0
1776886928.7631028,1.0,-5.0,-41.0
1776886928.7731028,0.0,-3.0,-41.0
1776886928.7831028,-3.0,-3.0,-43.0
1776886928.7931027,1.0,-2.0,-35.0
1776886928.8031027,0.0,-3.0,-36.0
1776886928.8131027,-2.0,-3.0,-38.0
1776886928.8231027,-3.0,-5.0,-41.0
1776886928.8331027,0.0,-5.0,-42.0
1776886928.8431027,0.0,-1.0,-46.0
1776886928.8531027,1.0,2.0,-44.0
1776886928.863103,0.0,4.0,-43.0
1776886928.873103,-3.0,2.0,-42.0
1776886928.883103,-5.0,0.0,-34.0
1776886928.8931026,0.0,1.0,-32.0
1776886928.9031026,4.0,1.0,-29.0
1776886928.9131026,3.0,0.0,-28.0
1776886928.9231029,1.0,-1.0,-26.0
1776886928.9331028,4.0,-4.0,-30.0
1776886928.9431028,7.0,-1.0,-36.0
1776886928.9531028,6.0,-5.0,-35.0
1776886928.9631028,7.0,-7.0,-34.0
1776886928.9731028,4.0,-4.0,-35.0
1776886928.9831028,-1.0,-5.0,-37.0
1776886928.9931028,-4.0,-7.0,-39.0
1776886929.0031028,-8.0,-6.0,-35.0
1776886929.0131028,-7.0,-5.0,-40.0
1776886929.0231028,-7.0,-4.0,-43.0
1776886929.0331028,-3.0,-5.0,-37.0
1776886929.0431027,0.0,-4.0,-33.0
1776886929.0531027,0.0,0.0,-33.0
1776886929.0631027,-2.0,-1.0,-36.0
1776886929.0731027,-2.0,0.0,-37.0
1776886929.0831027,0.0,0.0,-35.0
1776886929.0931027,-2.0,2.0,-31.0
1776886929.1031027,0.0,0.0,-38.0
1776886929.113103,0.0,0.0,-36.0
1776886929.123103,-3.0,-3.0,-37.0
1776886929.133103,-3.0,-4.0,-34.0
1776886929.1431026,-4.0,-8.0,-35.0
1776886929.1531026,-2.0,-5.0,-34.0
1776886929.1631026,3.0,-6.0,-34.0
1776886929.1731029,6.0,-1.0,-30.0
1776886929.1831028,6.0,-1.0,-30.0
1776886929.1931028,6.0,0.0,-28.0
1776886929.2031028,6.0,-3.0,-32.0
1776886929.2131028,4.0,-3.0,-36.0
1776886929.2231028,0.0,-1.0,-40.0
1776886929.2331028,4.0,-1.0,-42.0
1776886929.2431028,2.0,0.0,-44.0
1776886929.2531028,3.0,-1.0,-41.0
1776886929.2631028,4.0,-7.0,-39.0
1776886929.2731028,0.0,-6.0,-41.0
1776886929.2831028,-5.0,-2.0,-38.0
1776886929.2931027,-4.0,0.0,-41.0
1776886929.3031027,-6.0,1.0,-43.0
1776886929.3131027,-7.0,-3.0,-38.0
1776886929.3231027,-3.0,-4.0,-40.0
1776886929.3331027,1.0,-4.0,-42.0
1776886929.3431027,6.0,-1.0,-39.0
1776886929.3531027,5.0,0.0,-41.0
1776886929.363103,1.0,-1.0,-43.0
1776886929.373103,5.0,-3.0,-39.0
1776886929.383103,8.0,-3.0,-36.0
1776886929.3931026,10.0,-4.0,-30.0
1776886929.4031026,9.0,-5.0,-27.0
1776886929.4131026,5.0,-7.0,-29.0
1776886929.4231029,1.0,-6.0,-34.0
1776886929.4331028,-1.0,-7.0,-40.0
1776886929.4431028,0.0,-6.0,-43.0
1776886929.4531028,0.0,-6.0,-42.0
1776886929.4631028,0.0,-3.0,-42.0
1776886929.4731028,-2.0,-1.0,-46.0
1776886929.4831028,-3.0,0.0,-44.0
1776886929.4931028,-4.0,6.0,-45.0
1776886929.5031028,0.0,5.0,-47.0
1776886929.5131028,0.0,6.0,-41.0
1776886929.5231028,-3.0,1.0,-45.0
1776886929.5331028,-3.0,-3.0,-45.0
1776886929.5431027,-3.0,-4.0,-41.0
1776886929.5531027,0.0,0.0,-30.0
1776886929.5631027,1.0,2.0,-31.0
1776886929.5731027,3.0,2.0,-33.0
1776886929.5831027,0.0,2.0,-30.0
1776886929.5931027,-4.0,-2.0,-26.0
1776886929.6031027,-4.0,-2.0,-30.0
1776886929.613103,-3.0,-9.0,-31.0
1776886929.623103,-6.0,-6.0,-38.0
1776886929.633103,-6.0,-11.0,-34.0
1776886929.6431026,-4.0,-14.0,-33.0
1776886929.6531026,-3.0,-5.0,-29.0
1776886929.6631026,-4.0,-1.0,-28.0
1776886929.6731029,-2.0,-2.0,-30.0
1776886929.6831028,1.0,-3.0,-35.0
1776886929.6931028,4.0,1.0,-36.0
1776886929.7031028,0.0,2.0,-31.0
1776886929.7131028,-5.0,0.0,-29.0
1776886929.7231028,-1.0,-6.0,-25.0
1776886929.7331028,0.0,-10.0,-30.0
1776886929.7431028,0.0,-8.0,-28.0
1776886929.7531028,-1.0,-9.0,-30.0
1776886929.7631028,-7.0,-9.0,-28.0
1776886929.7731028,-6.0,-7.0,-27.0
1776886929.7831028,-4.0,-5.0,-20.0
1776886929.7931027,-3.0,-5.0,-17.0
1776886929.8031027,-1.0,-3.0,-22.0
1776886929.8131027,5.0,-1.0,-29.0
1776886929.8231027,4.0,-3.0,-34.0
1776886929.8331027,11.0,2.0,-36.0
1776886929.8431027,7.0,-1.0,-38.0
1776886929.8531027,6.0,-3.0,-42.0
1776886929.863103,3.0,-2.0,-41.0
1776886929.873103,0.0,-3.0,-43.0
1776886929.883103,-3.0,-2.0,-44.0
1776886929.8931026,0.0,0.0,-36.0
1776886929.9031026,-2.0,0.0,-33.0
1776886929.9131026,0.0,-3.0,-28.0
1776886929.9231029,0.0,-1.0,-28.0
1776886929.9331028,0.0,-1.0,-39.0
1776886929.9431028,6.0,-2.0,-44.0
1776886929.9531028,6.0,0.0,-40.0
1776886929.9631028,5.0,1.0,-37.0
1776886929.9731028,8.0,3.0,-34.0
1776886929.9831028,12.0,3.0,-30.0
1776886929.9931028,13.0,4.0,-36.0
1776886930.0031028,9.0,5.0,-31.0
1776886930.0131028,2.0,2.0,-33.0
1776886930.0231028,1.0,-1.0,-45.0
1776886930.0331028,0.0,-4.0,-46.0
1776886930.0431027,0.0,-4.0,-45.0
1776886930.0531027,-4.0,-3.0,-48.0
1776886930.0631027,-3.0,-4.0,-48.0
1776886930.0731027,-2.0,-4.0,-58.0
1776886930.0831027,-5.0,-1.0,-59.0
1776886930.0931027,-4.0,0.0,-54.0
1776886930.1031027,-2.0,0.0,-46.0
1776886930.113103,-1.0,0.0,-42.0
1776886930.123103,-1.0,0.0,-46.0
1776886930.133103,0.0,-3.0,-47.0
1776886930.1431026,0.0,-1.0,-45.0
1776886930.1541028,2.0,2.0,-48.0
1776886930.1641028,3.0,3.0,-53.0
1776886930.1741028,2.0,1.0,-49.0
1776886930.1841028,6.0,-4.0,-46.0
1776886930.1941028,9.0,-2.0,-45.0
1776886930.2041028,9.0,-3.0,-44.0
1776886930.2141027,7.0,-7.0,-41.0
1776886930.2241027,9.0,-6.0,-39.0
1776886930.2341027,6.0,-6.0,-37.0
1776886930.2441027,6.0,-5.0,-40.0
1776886930.2541027,2.0,-4.0,-40.0
1776886930.2641027,-3.0,-4.0,-39.0
1776886930.2741027,0.0,-4.0,-41.0
1776886930.284103,3.0,-2.0,-44.0
1776886930.294103,4.0,-1.0,-49.0
1776886930.304103,4.0,-1.0,-53.0
1776886930.3141026,8.0,0.0,-48.0
1776886930.3241026,10.0,-4.0,-49.0
1776886930.3341026,3.0,0.0,-46.0
1776886930.3441026,3.0,1.0,-43.0
1776886930.3541028,3.0,-4.0,-40.0
1776886930.3641028,4.0,-2.0,-40.0
1776886930.3741028,-1.0,-2.0,-33.0
1776886930.3841028,1.0,0.0,-33.0
1776886930.3941028,3.0,0.0,-31.0
1776886930.4041028,3.0,0.0,-32.0
1776886930.4141028,3.0,0.0,-34.0
1776886930.4241028,3.0,0.0,-28.0
1776886930.4341028,1.0,-2.0,-29.0
1776886930.4441028,3.0,-9.0,-32.0
1776886930.4541028,4.0,-7.0,-31.0
1776886930.4641027,3.0,-5.0,-32.0
1776886930.4741027,0.0,-4.0,-32.0
1776886930.4841027,0.0,-3.0,-36.0
1776886930.4941027,4.0,0.0,-33.0
1776886930.5041027,4.0,0.0,-34.0
1776886930.5141027,1.0,3.0,-34.0
1776886930.5241027,1.0,0.0,-39.0
1776886930.534103,0.0,-1.0,-39.0
1776886930.544103,-3.0,-5.0,-32.0
1776886930.554103,-4.0,-9.0,-39.0
1776886930.5641026,-1.0,-11.0,-45.0
1776886930.5741026,-2.0,-7.0,-40.0
1776886930.5841026,-2.0,-5.0,-38.0
1776886930.5941026,-5.0,-5.0,-38.0
1776886930.6041028,-3.0,-3.0,-42.0
1776886930.6141028,0.0,0.0,-41.0
1776886930.6241028,-1.0,-1.0,-34.0
1776886930.6341028,-2.0,1.0,-36.0
1776886930.6441028,5.0,0.0,-35.0
1776886930.6541028,4.0,0.0,-36.0
1776886930.6641028,0.0,-3.0,-32.0
1776886930.6741028,-3.0,-5.0,-32.0
1776886930.6841028,-7.0,-2.0,-34.0
1776886930.6941028,-9.0,0.0,-35.0
1776886930.7041028,-5.0,-6.0,-29.0
1776886930.7141027,-4.0,-7.0,-33.0
1776886930.7241027,-4.0,-7.0,-33.0
1776886930.7341027,-6.0,-6.0,-36.0
1776886930.7441027,-4.0,-4.0,-41.0
1776886930.7541027,-8.0,-4.0,-38.0
1776886930.7641027,-9.0,-3.0,-36.0
1776886930.7741027,-5.0,-1.0,-35.0
1776886930.784103,-5.0,-2.0,-33.0
1776886930.794103,-4.0,-3.0,-35.0
1776886930.804103,0.0,0.0,-37.0
1776886930.8141026,4.0,-3.0,-34.0
1776886930.8241026,2.0,-5.0,-32.0
1776886930.8341026,-1.0,0.0,-33.0
1776886930.8441026,0.0,4.0,-29.0
1776886930.8541028,-2.0,2.0,-28.0
1776886930.8641028,-3.0,1.0,-28.0
1776886930.8741028,-6.0,3.0,-28.0
1776886930.8841028,-6.0,2.0,-31.0
1776886930.8941028,-8.0,4.0,-31.0
1776886930.9041028,-4.0,1.0,-30.0
1776886930.9141028,-3.0,4.0,-33.0
1776886930.9241028,-2.0,4.0,-39.0
1776886930.9341028,0.0,2.0,-36.0
1776886930.9441028,-4.0,0.0,-36.0
1776886930.9541028,-8.0,-2.0,-35.0
1776886930.9641027,-9.0,-5.0,-38.0
1776886930.9741027,-5.0,-8.0,-39.0
1776886930.9841027,-3.0,-12.0,-41.0
1776886930.9941027,-4.0,-8.0,-39.0
1776886931.0041027,1.0,-6.0,-42.0
1776886931.0141027,5.0,-6.0,-50.0
1776886931.0241027,0.0,-6.0,-50.0
1776886931.034103,-1.0,-2.0,-45.0
1776886931.044103,-2.0,-1.0,-41.0
1776886931.054103,1.0,-2.0,-39.0
1776886931.0641026,-1.0,-6.0,-34.0
1776886931.0741026,-3.0,-7.0,-32.0
1776886931.0841026,-4.0,-7.0,-31.0
1776886931.0941026,-5.0,-5.0,-32.0
1776886931.1041028,-1.0,-3.0,-32.0
1776886931.1141028,-4.0,-5.0,-38.0
1776886931.1241028,-8.0,-7.0,-42.0
1776886931.1341028,-11.0,-3.0,-41.0
1776886931.1441028,-8.0,-3.0,-40.0
1776886931.1541028,-5.0,-4.0,-39.0
1776886931.1641028,-8.0,-2.0,-38.0
1776886931.1741028,-2.0,-5.0,-41.0
1776886931.1841028,-4.0,-5.0,-43.0
1776886931.1941028,-2.0,-5.0,-40.0
1776886931.2041028,-5.0,-4.0,-38.0
1776886931.2141027,-3.0,-2.0,-41.0
1776886931.2241027,0.0,-2.0,-43.0
1776886931.2341027,1.0,0.0,-40.0
1776886931.2441027,0.0,1.0,-37.0
1776886931.2541027,0.0,-1.0,-35.0
1776886931.2641027,1.0,-5.0,-32.0
1776886931.2741027,0.0,-8.0,-35.0
1776886931.284103,0.0,-9.0,-38.0
1776886931.294103,2.0,-6.0,-43.0
1776886931.304103,3.0,-6.0,-40.0
1776886931.3141026,-1.0,-4.0,-41.0
1776886931.3241026,0.0,-4.0,-39.0
1776886931.3341026,0.0,-1.0,-41.0
1776886931.3441026,1.0,0.0,-36.0
1776886931.3541028,6.0,3.0,-35.0
1776886931.3641028,8.0,5.0,-31.0
1776886931.3741028,8.0,6.0,-35.0
1776886931.3841028,5.0,5.0,-40.0
1776886931.3941028,7.0,9.0,-40.0
1776886931.4041028,8.0,4.0,-43.0
1776886931.4141028,8.0,0.0,-42.0
1776886931.4241028,7.0,-7.0,-39.0
1776886931.4341028,4.0,-9.0,-39.0
1776886931.4441028,3.0,-6.0,-35.0
1776886931.4541028,5.0,-4.0,-40.0
1776886931.4641027,1.0,-4.0,-37.0
1776886931.4741027,6.0,-7.0,-39.0
1776886931.4841027,4.0,-5.0,-44.0
1776886931.4941027,1.0,0.0,-44.0
1776886931.5041027,-2.0,-1.0,-39.0
1776886931.5141027,-3.0,-3.0,-34.0
1776886931.5241027,-4.0,-3.0,-34.0
1776886931.534103,-1.0,-2.0,-36.0
1776886931.544103,0.0,-1.0,-38.0
1776886931.554103,3.0,-3.0,-37.0
1776886931.5641026,3.0,-1.0,-35.0
1776886931.5741026,2.0,-2.0,-35.0
1776886931.5841026,5.0,0.0,-35.0
1776886931.5941026,3.0,0.0,-37.0
1776886931.6041028,-5.0,-1.0,-39.0
1776886931.6141028,-4.0,0.0,-38.0
1776886931.6241028,-5.0,1.0,-36.0
1776886931.6341028,3.0,0.0,-30.0
1776886931.6441028,5.0,-2.0,-29.0
1776886931.6541028,7.0,-4.0,-33.0
1776886931.6641028,4.0,-4.0,-35.0
1776886931.6741028,0.0,-3.0,-39.0
1776886931.6841028,-2.0,0.0,-36.0
1776886931.6941028,-1.0,4.0,-39.0
1776886931.7041028,0.0,3.0,-35.0
1776886931.7141027,0.0,0.0,-39.0
1776886931.7241027,-2.0,0.0,-37.0
1776886931.7341027,0.0,-1.0,-37.0
1776886931.7441027,0.0,-3.0,-33.0
1776886931.7541027,-6.0,-6.0,-34.0
1776886931.7641027,-4.0,-7.0,-33.0
1776886931.7741027,-4.0,-2.0,-35.0
1776886931.784103,-1.0,0.0,-39.0
1776886931.794103,0.0,0.0,-37.0
1776886931.804103,-1.0,0.0,-36.0
1776886931.8141026,1.0,-3.0,-37.0
1776886931.8241026,0.0,-7.0,-40.0
1776886931.8341026,1.0,-8.0,-38.0
1776886931.8441026,0.0,-7.0,-41.0
1776886931.8541028,-4.0,-6.0,-40.0
1776886931.8641028,-4.0,-6.0,-35.0
1776886931.8741028,-4.0,-5.0,-37.0
1776886931.8841028,-6.0,-6.0,-45.0
1776886931.8941028,0.0,-5.0,-45.0
1776886931.9041028,0.0,-6.0,-43.0
1776886931.9141028,5.0,-4.0,-43.0
1776886931.9241028,6.0,-6.0,-36.0
1776886931.9341028,2.0,-6.0,-33.0
1776886931.9441028,2.0,-9.0,-37.0
1776886931.9541028,1.0,-7.0,-39.0
1776886931.9641027,0.0,-2.0,-43.0
1776886931.9741027,2.0,-3.0,-41.0
1776886931.9841027,3.0,-5.0,-40.0
1776886931.9941027,0.0,-5.0,-35.0
1776886932.0041027,0.0,-7.0,-33.0
1776886932.0141027,0.0,-5.0,-34.0
1776886932.0241027,2.0,-2.0,-39.0
1776886932.034103,-1.0,0.0,-47.0
1776886932.044103,-6.0,0.0,-39.0
1776886932.054103,-5.0,0.0,-39.0
1776886932.0641026,-1.0,1.0,-41.0
1776886932.0741026,-4.0,-1.0,-40.0
1776886932.0841026,-9.0,-4.0,-41.0
1776886932.0941026,-5.0,-4.0,-39.0
1776886932.1041028,-6.0,-7.0,-40.0
1776886932.1141028,-3.0,-5.0,-37.0
1776886932.1241028,-6.0,-6.0,-37.0
1776886932.1341028,-1.0,-7.0,-37.0
1776886932.1441028,0.0,-6.0,-29.0
1776886932.1541028,0.0,-7.0,-36.0
1776886932.1651027,3.0,-4.0,-35.0
1776886932.1751027,7.0,-2.0,-36.0
1776886932.1851027,11.0,-3.0,-39.0
1776886932.1951027,8.0,-2.0,-48.0
1776886932.2051027,4.0,-5.0,-42.0
1776886932.215103,10.0,-2.0,-38.0
1776886932.225103,10.0,-2.0,-42.0
1776886932.235103,6.0,0.0,-46.0
1776886932.2451026,4.0,1.0,-43.0
1776886932.2551026,1.0,-6.0,-34.0
1776886932.2651026,-4.0,-3.0,-36.0
1776886932.2751029,0.0,-3.0,-34.0
1776886932.2851028,3.0,0.0,-44.0
1776886932.2951028,1.0,1.0,-42.0
1776886932.3051028,2.0,0.0,-39.0
1776886932.3151028,4.0,3.0,-41.0
1776886932.3251028,2.0,3.0,-35.0
1776886932.3351028,1.0,3.0,-34.0
1776886932.3451028,-1.0,4.0,-34.0
1776886932.3551028,0.0,7.0,-35.0
1776886932.3651028,4.0,5.0,-32.0
1776886932.3751028,4.0,1.0,-36.0
1776886932.3851027,6.0,-1.0,-40.0
1776886932.3951027,3.0,-3.0,-39.0
1776886932.4051027,3.0,-4.0,-43.0
1776886932.4151027,5.0,-4.0,-46.0
1776886932.4251027,3.0,-5.0,-47.0
1776886932.4351027,5.0,-2.0,-47.0
1776886932.4451027,5.0,-1.0,-46.0
1776886932.4551027,0.0,0.0,-38.0
1776886932.465103,-1.0,3.0,-34.0
1776886932.475103,2.0,1.0,-34.0
1776886932.485103,0.0,6.0,-40.0
1776886932.4951026,3.0,2.0,-39.0
1776886932.5051026,4.0,1.0,-37.0
1776886932.5151026,4.0,-1.0,-38.0
1776886932.5251029,5.0,-2.0,-36.0
1776886932.5351028,5.0,-2.0,-35.0
1776886932.5451028,5.0,-2.0,-36.0
1776886932.5551028,4.0,-4.0,-34.0
1776886932.5651028,4.0,-7.0,-32.0
1776886932.5751028,12.0,-7.0,-25.0
1776886932.5851028,11.0,-6.0,-27.0
1776886932.5951028,10.0,-7.0,-29.0
1776886932.6051028,12.0,-7.0,-31.0
1776886932.6151028,6.0,-9.0,-33.0
1776886932.6251028,4.0,-9.0,-35.0
1776886932.6351027,1.0,-11.0,-37.0
1776886932.6451027,0.0,-7.0,-37.0
1776886932.6551027,1.0,-3.0,-38.0
1776886932.6651027,0.0,-7.0,-43.0
1776886932.6751027,0.0,-8.0,-46.0
1776886932.6851027,-3.0,-6.0,-38.0
1776886932.6951027,-1.0,-7.0,-38.0
1776886932.7051027,-1.0,-10.0,-38.0
1776886932.715103,-6.0,-6.0,-43.0
1776886932.725103,-7.0,-4.0,-45.0
1776886932.735103,-6.0,-4.0,-48.0
1776886932.7451026,-4.0,-4.0,-54.0
1776886932.7551026,0.0,-2.0,-51.0
1776886932.7651026,-1.0,0.0,-52.0
1776886932.7751029,-1.0,2.0,-50.0
1776886932.7851028,2.0,0.0,-52.0
1776886932.7951028,3.0,-1.0,-44.0
1776886932.8051028,0.0,-5.0,-38.0
1776886932.8151028,0.0,-8.0,-36.0
1776886932.8251028,1.0,-4.0,-33.0
1776886932.8351028,-4.0,-2.0,-30.0
1776886932.8451028,-3.0,-3.0,-29.0
1776886932.8551028,-2.0,0.0,-31.0
1776886932.8651028,0.0,1.0,-35.0
1776886932.8751028,0.0,-2.0,-47.0
1776886932.8851027,-1.0,-5.0,-47.0
1776886932.8951027,-4.0,-5.0,-48.0
1776886932.9051027,-3.0,-8.0,-42.0
1776886932.9151027,-2.0,-9.0,-40.0
1776886932.9251027,-1.0,-10.0,-45.0
1776886932.9351027,0.0,-7.0,-42.0
1776886932.9451027,1.0,-5.0,-42.0
1776886932.9551027,3.0,-4.0,-43.0
1776886932.965103,11.0,-7.0,-40.0
1776886932.975103,10.0,-12.0,-38.0
1776886932.985103,4.0,-10.0,-39.0
1776886932.9951026,-3.0,-5.0,-36.0
1776886933.0051026,-3.0,-5.0,-38.0
1776886933.0151026,-3.0,0.0,-42.0
1776886933.0251029,0.0,1.0,-38.0
1776886933.0351028,-1.0,0.0,-42.0
1776886933.0451028,0.0,2.0,-45.0
1776886933.0551028,1.0,1.0,-42.0
1776886933.0651028,5.0,1.0,-30.0
1776886933.0751028,8.0,0.0,-33.0
1776886933.0851028,0.0,-4.0,-38.0
1776886933.0951028,-2.0,-2.0,-36.0
1776886933.1051028,1.0,-3.0,-37.0
1776886933.1151028,0.0,-6.0,-38.0
1776886933.1251028,1.0,-9.0,-40.0
1776886933.136103,0.0,-9.0,-38.0
1776886933.1451027,0.0,-5.0,-36.0
1776886933.1551027,-1.0,1.0,-32.0
1776886933.1651027,0.0,2.0,-35.0
1776886933.1751027,-2.0,1.0,-44.0
1776886933.1851027,-2.0,-1.0,-51.0
1776886933.1951027,0.0,-4.0,-45.0
1776886933.2051027,-2.0,-1.0,-44.0
1776886933.215103,-5.0,-5.0,-44.0
1776886933.225103,-5.0,-2.0,-37.0
1776886933.235103,0.0,-4.0,-41.0
1776886933.2451026,2.0,-4.0,-42.0
1776886933.2551026,4.0,-1.0,-37.0
1776886933.2651026,5.0,1.0,-42.0
1776886933.2751029,7.0,0.0,-42.0
1776886933.2851028,9.0,-1.0,-45.0
1776886933.2951028,9.0,-2.0,-42.0
1776886933.3051028,6.0,-6.0,-39.0
1776886933.3151028,1.0,-6.0,-41.0
1776886933.3251028,-1.0,-7.0,-37.0
1776886933.3351028,4.0,-4.0,-40.0
1776886933.3451028,1.0,-2.0,-38.0
1776886933.3551028,0.0,-4.0,-41.0
1776886933.3651028,4.0,-4.0,-44.0
1776886933.3751028,4.0,-4.0,-44.0
1776886933.3851027,2.0,-1.0,-46.0
1776886933.3951027,0.0,-4.0,-51.0
1776886933.4051027,-1.0,0.0,-44.0
1776886933.4151027,1.0,3.0,-40.0
1776886933.4251027,-2.0,4.0,-32.0
1776886933.4351027,-3.0,1.0,-33.0
1776886933.4451027,-4.0,-2.0,-32.0
1776886933.4551027,-7.0,-3.0,-35.0
1776886933.465103,-6.0,-4.0,-36.0
1776886933.475103,-3.0,-2.0,-37.0
1776886933.485103,-5.0,-2.0,-37.0
1776886933.4951026,-4.0,-1.0,-42.0
1776886933.5051026,-8.0,1.0,-36.0
1776886933.5151026,-11.0,3.0,-38.0
1776886933.5251029,-10.0,0.0,-38.0
1776886933.5351028,-11.0,2.0,-39.0
1776886933.5451028,-9.0,2.0,-40.0
1776886933.5551028,-12.0,-2.0,-36.0
1776886933.5651028,-15.0,-3.0,-42.0
1776886933.5751028,-9.0,-3.0,-40.0
1776886933.5851028,-12.0,-4.0,-39.0
1776886933.5951028,-7.0,-1.0,-41.0
1776886933.6051028,1.0,4.0,-36.0
1776886933.6151028,1.0,0.0,-36.0
1776886933.6251028,0.0,-3.0,-33.0
1776886933.6351027,-3.0,-1.0,-33.0
1776886933.6451027,0.0,-5.0,-37.0
1776886933.6551027,-2.0,-3.0,-37.0
1776886933.6651027,-4.0,0.0,-39.0
1776886933.6751027,2.0,0.0,-40.0
1776886933.6851027,2.0,-1.0,-41.0
1776886933.6951027,2.0,-2.0,-35.0
1776886933.7051027,2.0,-5.0,-38.0
1776886933.715103,0.0,-4.0,-40.0
1776886933.725103,1.0,-1.0,-42.0
1776886933.735103,-5.0,-5.0,-37.0
1776886933.7451026,-3.0,-7.0,-40.0
1776886933.7551026,0.0,-5.0,-35.0
1776886933.7651026,5.0,-4.0,-31.0
1776886933.7751029,7.0,-7.0,-30.0
1776886933.7851028,5.0,-8.0,-25.0
1776886933.7951028,3.0,-10.0,-25.0
1776886933.8051028,4.0,-8.0,-22.0
1776886933.8151028,0.0,-6.0,-24.0
1776886933.8251028,0.0,-3.0,-26.0
1776886933.8351028,-1.0,-3.0,-26.0
1776886933.8451028,-5.0,-2.0,-27.0
1776886933.8551028,-3.0,2.0,-23.0
1776886933.8651028,-1.0,0.0,-24.0
1776886933.8751028,-1.0,3.0,-26.0
1776886933.8851027,-3.0,2.0,-29.0
1776886933.8951027,-6.0,3.0,-32.0
1776886933.9051027,-9.0,4.0,-26.0
1776886933.9151027,-6.0,3.0,-20.0
1776886933.9251027,-2.0,2.0,-22.0
1776886933.9351027,0.0,4.0,-27.0
1776886933.9451027,0.0,2.0,-37.0
1776886933.9551027,-1.0,0.0,-39.0
1776886933.965103,-2.0,-3.0,-29.0
1776886933.975103,0.0,-4.0,-32.0
1776886933.985103,-1.0,-6.0,-34.0
1776886933.9951026,1.0,-8.0,-38.0
1776886934.0051026,4.0,-9.0,-38.0
1776886934.0151026,0.0,-10.0,-39.0
1776886934.0251029,2.0,-8.0,-35.0
1776886934.0351028,0.0,-4.0,-37.0
1776886934.0451028,0.0,-7.0,-33.0
1776886934.0551028,-4.0,-9.0,-38.0
1776886934.0651028,-1.0,-8.0,-39.0
1776886934.0751028,1.0,-5.0,-42.0
1776886934.0851028,3.0,-5.0,-40.0
1776886934.0951028,5.0,-9.0,-43.0
1776886934.1051028,3.0,-6.0,-37.0
1776886934.1161027,2.0,-8.0,-33.0
1776886934.1251028,0.0,-7.0,-33.0
1776886934.1351027,0.0,-5.0,-37.0
1776886934.146103,-1.0,-3.0,-37.0
1776886934.156103,-3.0,-2.0,-35.0
1776886934.1661026,-2.0,-3.0,-34.0
1776886934.1761026,-3.0,-3.0,-32.0
1776886934.1861026,-4.0,1.0,-32.0
1776886934.1961029,-1.0,1.0,-36.0
1776886934.2061028,1.0,0.0,-35.0
1776886934.2161028,3.0,-3.0,-40.0
1776886934.2261028,0.0,-4.0,-41.0
1776886934.2361028,2.0,-5.0,-46.0
1776886934.2461028,0.0,-5.0,-41.0
1776886934.2561028,2.0,-5.0,-40.0
1776886934.2661028,2.0,0.0,-45.0
1776886934.2761028,4.0,0.0,-40.0
1776886934.2861028,0.0,0.0,-41.0
1776886934.2961028,-1.0,-1.0,-43.0
1776886934.3061028,-2.0,-2.0,-35.0
1776886934.3161027,-2.0,-2.0,-34.0
1776886934.3261027,-1.0,-5.0,-32.0
1776886934.3361027,-4.0,-4.0,-29.0
1776886934.3461027,-4.0,-7.0,-27.0
1776886934.3561027,-2.0,-7.0,-30.0
1776886934.3661027,-7.0,-4.0,-32.0
1776886934.3761027,-7.0,-7.0,-33.0
1776886934.386103,-6.0,-5.0,-36.0
1776886934.396103,-5.0,-2.0,-33.0
1776886934.406103,-6.0,-2.0,-35.0
1776886934.4161026,-2.0,0.0,-30.0
1776886934.4261026,0.0,0.0,-35.0
1776886934.4361026,1.0,0.0,-35.0
1776886934.4461029,3.0,-2.0,-40.0
1776886934.4561028,5.0,-1.0,-43.0
1776886934.4661028,7.0,0.0,-48.0
1776886934.4761028,9.0,-2.0,-41.0
1776886934.4861028,7.0,-4.0,-41.0
1776886934.4961028,5.0,-7.0,-39.0
1776886934.5061028,-2.0,-9.0,-37.0
1776886934.5161028,-2.0,-6.0,-43.0
1776886934.5261028,-2.0,-1.0,-42.0
1776886934.5361028,1.0,-1.0,-42.0
1776886934.5461028,6.0,2.0,-33.0
1776886934.5561028,3.0,2.0,-32.0
1776886934.5661027,-1.0,1.0,-33.0
1776886934.5761027,-3.0,3.0,-41.0
1776886934.5861027,-2.0,5.0,-44.0
1776886934.5961027,-1.0,3.0,-38.0
1776886934.6061027,1.0,3.0,-35.0
1776886934.6161027,3.0,4.0,-37.0
1776886934.6261027,4.0,1.0,-32.0
1776886934.636103,2.0,2.0,-36.0
1776886934.646103,-1.0,5.0,-39.0
1776886934.656103,-1.0,0.0,-42.0
1776886934.6661026,-6.0,-1.0,-44.0
1776886934.6761026,-8.0,-4.0,-41.0
1776886934.6861026,-3.0,-4.0,-42.0
1776886934.6961029,1.0,-3.0,-38.0
1776886934.7061028,1.0,-2.0,-38.0
1776886934.7161028,1.0,-1.0,-36.0
1776886934.7261028,1.0,-2.0,-30.0
1776886934.7361028,1.0,-2.0,-39.0
1776886934.7461028,1.0,0.0,-38.0
1776886934.7561028,1.0,1.0,-33.0
1776886934.7661028,1.0,0.0,-21.0
1776886934.7761028,1.0,-3.0,-21.0
1776886934.7861028,-2.0,-7.0,-18.0
1776886934.7961028,-4.0,-4.0,-22.0
1776886934.8061028,-5.0,-2.0,-26.0
1776886934.8161027,-3.0,-3.0,-29.0
1776886934.8261027,1.0,-7.0,-30.0
1776886934.8361027,2.0,-4.0,-33.0
1776886934.8461027,0.0,-7.0,-30.0
1776886934.8561027,-1.0,-4.0,-30.0
1776886934.8661027,0.0,-4.0,-26.0
1776886934.8771029,3.0,-4.0,-30.0
1776886934.886103,10.0,-8.0,-33.0
1776886934.896103,8.0,-8.0,-32.0
1776886934.906103,10.0,-8.0,-32.0
1776886934.9161026,8.0,-10.0,-35.0
1776886934.9261026,3.0,-11.0,-32.0
1776886934.9361026,3.0,-12.0,-33.0
1776886934.9461029,2.0,-10.0,-34.0
1776886934.9561028,2.0,-4.0,-34.0
1776886934.9661028,1.0,0.0,-38.0
1776886934.9761028,0.0,0.0,-37.0
1776886934.9861028,-2.0,1.0,-35.0
1776886934.9961028,0.0,3.0,-40.0
1776886935.0061028,1.0,0.0,-45.0
1776886935.0161028,0.0,-1.0,-45.0
1776886935.0261028,-1.0,0.0,-37.0
1776886935.0361028,2.0,0.0,-38.0
1776886935.0461028,7.0,0.0,-45.0
1776886935.0561028,4.0,0.0,-49.0
1776886935.0661027,1.0,-1.0,-49.0
1776886935.0761027,4.0,0.0,-46.0
1776886935.0861027,6.0,1.0,-49.0
1776886935.0961027,8.0,-1.0,-45.0
1776886935.1061027,2.0,-1.0,-47.0
1776886935.1161027,3.0,0.0,-51.0
1776886935.1261027,-1.0,-2.0,-45.0
1776886935.136103,-1.0,-3.0,-48.0
1776886935.146103,-2.0,-3.0,-49.0
1776886935.156103,-2.0,-1.0,-48.0
1776886935.1661026,-5.0,-4.0,-46.0
1776886935.1761026,-7.0,-5.0,-48.0
1776886935.1861026,-6.0,-2.0,-44.0
1776886935.1961029,0.0,-5.0,-38.0
1776886935.2061028,0.0,-3.0,-34.0
1776886935.2161028,1.0,-1.0,-33.0
1776886935.2261028,1.0,2.0,-32.0
1776886935.2361028,-1.0,1.0,-36.0
1776886935.2461028,1.0,0.0,-39.0
1776886935.2561028,0.0,-3.0,-34.0
1776886935.2661028,0.0,0.0,-33.0
1776886935.2761028,-2.0,0.0,-29.0
1776886935.2861028,0.0,-1.0,-32.0
1776886935.2961028,0.0,-4.0,-34.0
1776886935.3061028,0.0,-3.0,-33.0
1776886935.3161027,0.0,-7.0,-30.0
1776886935.3261027,1.0,-8.0,-30.0
1776886935.3361027,0.0,-7.0,-26.0
1776886935.3461027,-1.0,-3.0,-25.0
1776886935.3561027,-1.0,0.0,-24.0
1776886935.3661027,-3.0,-2.0,-30.0
1776886935.3761027,-3.0,-1.0,-34.0
1776886935.386103,0.0,2.0,-37.0
1776886935.396103,-1.0,3.0,-37.0
1776886935.406103,0.0,3.0,-37.0
1776886935.4161026,4.0,0.0,-47.0
1776886935.4261026,9.0,-1.0,-47.0
1776886935.4361026,7.0,0.0,-48.0
1776886935.4461029,8.0,3.0,-47.0
1776886935.4561028,11.0,2.0,-39.0
1776886935.4661028,4.0,-1.0,-33.0
1776886935.4761028,4.0,-2.0,-39.0
1776886935.4861028,5.0,-5.0,-36.0
1776886935.4961028,7.0,-4.0,-40.0
1776886935.5061028,7.0,-3.0,-41.0
1776886935.5161028,2.0,0.0,-36.0
1776886935.5261028,0.0,-3.0,-32.0
1776886935.5361028,0.0,-7.0,-31.0
1776886935.5461028,2.0,-6.0,-30.0
1776886935.5561028,0.0,-4.0,-31.0
1776886935.5661027,2.0,-5.0,-38.0
1776886935.5761027,0.0,-4.0,-41.0
1776886935.5861027,4.0,-1.0,-33.0
1776886935.5961027,2.0,-1.0,-39.0
1776886935.6061027,-2.0,0.0,-41.0
1776886935.6161027,-2.0,-4.0,-43.0
1776886935.6261027,-3.0,0.0,-40.0
1776886935.636103,-2.0,-1.0,-42.0
1776886935.646103,-3.0,0.0,-47.0
1776886935.656103,-1.0,1.0,-44.0
1776886935.6661026,-4.0,0.0,-44.0
1776886935.6761026,-4.0,1.0,-48.0
1776886935.6861026,-3.0,-1.0,-46.0
1776886935.6961029,-2.0,0.0,-39.0
1776886935.7061028,0.0,0.0,-40.0
1776886935.7161028,0.0,0.0,-46.0
1776886935.7261028,1.0,-2.0,-52.0
1776886935.7361028,-1.0,-4.0,-47.0
1776886935.7461028,-2.0,-7.0,-43.0
1776886935.7561028,-2.0,-8.0,-36.0
1776886935.7661028,0.0,-5.0,-35.0
1776886935.7761028,0.0,-9.0,-37.0
1776886935.7861028,7.0,-10.0,-39.0
1776886935.7961028,4.0,-10.0,-36.0
1776886935.8061028,0.0,-10.0,-36.0
1776886935.8161027,-2.0,-6.0,-33.0
1776886935.8261027,-1.0,-8.0,-33.0
1776886935.8361027,-4.0,-5.0,-34.0
1776886935.8461027,-2.0,-4.0,-34.0
1776886935.8561027,1.0,-4.0,-41.0
1776886935.8661027,-1.0,-7.0,-43.0
1776886935.8761027,0.0,-4.0,-39.0
1776886935.886103,2.0,-1.0,-40.0
1776886935.896103,3.0,1.0,-42.0
1776886935.906103,2.0,1.0,-44.0
1776886935.9161026,2.0,5.0,-42.0
1776886935.9261026,3.0,7.0,-42.0
1776886935.9361026,5.0,6.0,-42.0
1776886935.9461029,5.0,3.0,-41.0
1776886935.9561028,4.0,2.0,-48.0
1776886935.9661028,7.0,2.0,-50.0
1776886935.9761028,9.0,0.0,-51.0
1776886935.9861028,12.0,-4.0,-41.0
1776886935.9961028,14.0,-2.0,-41.0
1776886936.0061028,9.0,-1.0,-37.0
1776886936.0161028,6.0,-4.0,-34.0
1776886936.0261028,8.0,-3.0,-41.0
1776886936.0361028,4.0,-3.0,-44.0
1776886936.0461028,1.0,-2.0,-40.0
1776886936.0561028,5.0,-3.0,-44.0
1776886936.0661027,9.0,-1.0,-49.0
1776886936.0761027,7.0,0.0,-45.0
1776886936.0861027,1.0,-3.0,-50.0
1776886936.0961027,1.0,-4.0,-46.0
1776886936.1061027,0.0,-2.0,-41.0
1776886936.1161027,4.0,-3.0,-37.0
1776886936.1261027,3.0,0.0,-39.0
1776886936.1371028,4.0,0.0,-38.0
1776886936.1471028,3.0,2.0,-42.0
1776886936.1571028,1.0,1.0,-42.0
1776886936.1671028,-1.0,-2.0,-38.0
1776886936.1771028,1.0,-2.0,-37.0
1776886936.1871028,0.0,-3.0,-33.0
1776886936.1971028,-1.0,-1.0,-38.0
1776886936.2071028,1.0,0.0,-39.0
1776886936.2171028,-1.0,0.0,-39.0
1776886936.2271028,1.0,1.0,-43.0
1776886936.2371027,4.0,-2.0,-41.0
1776886936.2471027,7.0,-3.0,-34.0
1776886936.2571027,11.0,-1.0,-40.0
1776886936.2671027,8.0,0.0,-46.0
1776886936.2771027,8.0,0.0,-47.0
1776886936.2871027,6.0,2.0,-42.0
1776886936.2971027,5.0,2.0,-41.0
1776886936.307103,2.0,4.0,-35.0
1776886936.317103,-3.0,0.0,-36.0
1776886936.327103,-6.0,0.0,-39.0
1776886936.337103,-4.0,-2.0,-36.0
1776886936.3471026,-4.0,0.0,-35.0
1776886936.3571026,-6.0,5.0,-42.0
1776886936.3671026,0.0,5.0,-34.0
1776886936.3771029,0.0,2.0,-29.0
1776886936.3871028,0.0,0.0,-26.0
1776886936.3971028,0.0,-3.0,-30.0
1776886936.4071028,-2.0,-7.0,-38.0
1776886936.4171028,-3.0,-12.0,-40.0
1776886936.4271028,1.0,-14.0,-32.0
1776886936.4371028,0.0,-13.0,-27.0
1776886936.4471028,-2.0,-10.0,-25.0
1776886936.4571028,-1.0,-8.0,-26.0
1776886936.4671028,0.0,-4.0,-21.0
1776886936.4771028,0.0,-3.0,-36.0
1776886936.4871027,0.0,-4.0,-39.0
1776886936.4971027,3.0,-5.0,-42.0
1776886936.5071027,2.0,-10.0,-43.0
1776886936.5171027,0.0,-7.0,-39.0
1776886936.5271027,0.0,-2.0,-42.0
1776886936.5371027,0.0,0.0,-48.0
1776886936.5471027,1.0,0.0,-42.0
1776886936.557103,0.0,2.0,-42.0
1776886936.567103,6.0,6.0,-48.0
1776886936.577103,8.0,4.0,-45.0
1776886936.587103,6.0,1.0,-42.0
1776886936.5971026,2.0,0.0,-35.0
1776886936.6071026,2.0,2.0,-34.0
1776886936.6171026,4.0,4.0,-43.0
1776886936.6271029,7.0,0.0,-43.0
1776886936.6371028,2.0,-5.0,-36.0
1776886936.6471028,5.0,-3.0,-34.0
1776886936.6571028,3.0,-2.0,-38.0
1776886936.6671028,3.0,-4.0,-39.0
1776886936.6771028,5.0,-8.0,-39.0
1776886936.6871028,3.0,-4.0,-39.0
1776886936.6971028,2.0,-1.0,-37.0
1776886936.7071028,7.0,0.0,-40.0
1776886936.7171028,5.0,-4.0,-44.0
1776886936.7271028,4.0,-6.0,-41.0
1776886936.7371027,7.0,-5.0,-39.0
1776886936.7471027,10.0,-3.0,-36.0
1776886936.7571027,7.0,-7.0,-38.0
1776886936.7671027,6.0,-5.0,-38.0
1776886936.7771027,4.0,-4.0,-34.0
1776886936.7871027,0.0,-2.0,-32.0
1776886936.7971027,1.0,-4.0,-32.0
1776886936.807103,2.0,-3.0,-32.0
1776886936.817103,0.0,-4.0,-37.0
1776886936.827103,-2.0,-3.0,-41.0
1776886936.837103,0.0,-6.0,-40.0
1776886936.8471026,0.0,0.0,-40.0
1776886936.8571026,2.0,-4.0,-37.0
1776886936.8671026,5.0,-7.0,-39.0
1776886936.8771029,5.0,-8.0,-38.0
1776886936.8871028,2.0,-5.0,-35.0
1776886936.8971028,0.0,0.0,-34.0
1776886936.9071028,2.0,0.0,-39.0
1776886936.9171028,0.0,-1.0,-33.0
1776886936.9271028,1.0,-2.0,-36.0
1776886936.9371028,3.0,0.0,-45.0
1776886936.9471028,3.0,-4.0,-52.0
1776886936.9571028,1.0,-1.0,-47.0
1776886936.9671028,-4.0,1.0,-45.0
1776886936.9771028,-5.0,-4.0,-41.0
1776886936.9871027,2.0,-2.0,-46.0
1776886936.9971027,3.0,-2.0,-46.0
1776886937.0071027,9.0,-3.0,-39.0
1776886937.0171027,7.0,-6.0,-37.0
1776886937.0271027,5.0,-7.0,-38.0
1776886937.0371027,4.0,-5.0,-41.0
1776886937.0471027,3.0,-7.0,-43.0
1776886937.057103,6.0,-8.0,-41.0
1776886937.067103,3.0,-6.0,-39.0
1776886937.077103,4.0,-3.0,-40.0
1776886937.087103,4.0,-4.0,-40.0
1776886937.0971026,3.0,-4.0,-32.0
1776886937.1071026,5.0,-8.0,-35.0
1776886937.1171026,4.0,-7.0,-35.0
1776886937.1271029,2.0,-8.0,-34.0
1776886937.1371028,-1.0,-9.0,-42.0
1776886937.1471028,-5.0,-7.0,-36.0
1776886937.1571028,-5.0,-7.0,-38.0
1776886937.1671028,-6.0,-2.0,-37.0
1776886937.1771028,-3.0,0.0,-35.0
1776886937.1871028,0.0,0.0,-32.0
1776886937.1971028,4.0,-2.0,-30.0
1776886937.2071028,2.0,-1.0,-25.0
1776886937.2171028,3.0,1.0,-25.0
1776886937.2271028,-2.0,1.0,-26.0
1776886937.2371027,0.0,-4.0,-25.0
1776886937.2471027,2.0,-6.0,-24.0
1776886937.2571027,6.0,-5.0,-27.0
1776886937.2671027,5.0,-2.0,-34.0
1776886937.2771027,1.0,0.0,-36.0
1776886937.2871027,-1.0,-2.0,-28.0
1776886937.2971027,-3.0,1.0,-27.0
1776886937.307103,-8.0,0.0,-31.0
1776886937.317103,-4.0,0.0,-32.0
1776886937.327103,-1.0,-1.0,-29.0
1776886937.337103,-4.0,-1.0,-25.0
1776886937.3471026,-2.0,0.0,-30.0
1776886937.3571026,-2.0,-2.0,-28.0
1776886937.3671026,-4.0,-1.0,-27.0
1776886937.3771029,-7.0,-2.0,-30.0
1776886937.3871028,-6.0,2.0,-34.0
1776886937.3971028,-6.0,2.0,-41.0
1776886937.4071028,-2.0,3.0,-46.0
1776886937.4171028,0.0,1.0,-46.0
1776886937.4271028,3.0,0.0,-43.0
1776886937.4371028,0.0,0.0,-48.0
1776886937.4471028,-3.0,-1.0,-47.0
1776886937.4571028,-3.0,0.0,-39.0
1776886937.4671028,-3.0,-1.0,-42.0
1776886937.4771028,4.0,-1.0,-43.0
1776886937.4871027,1.0,1.0,-41.0
1776886937.4971027,-1.0,1.0,-42.0
1776886937.5071027,-1.0,1.0,-35.0
1776886937.5171027,-7.0,0.0,-36.0
1776886937.5271027,-6.0,0.0,-38.0
1776886937.5371027,-8.0,4.0,-36.0
1776886937.5471027,-5.0,4.0,-36.0
1776886937.557103,-2.0,2.0,-36.0
1776886937.567103,3.0,2.0,-39.0
1776886937.577103,2.0,1.0,-34.0
1776886937.587103,-2.0,2.0,-33.0
1776886937.5971026,-3.0,2.0,-44.0
1776886937.6071026,-4.0,0.0,-43.0
1776886937.6171026,-1.0,0.0,-45.0
1776886937.6271029,-1.0,-5.0,-42.0
1776886937.6371028,0.0,-5.0,-45.0
1776886937.6471028,3.0,-5.0,-38.0
1776886937.6571028,1.0,-5.0,-40.0
1776886937.6671028,0.0,0.0,-42.0
1776886937.6771028,0.0,-1.0,-42.0
1776886937.6871028,-1.0,-4.0,-44.0
1776886937.6971028,-5.0,-4.0,-41.0
1776886937.7071028,-2.0,-6.0,-49.0
1776886937.7171028,0.0,-3.0,-53.0
1776886937.7271028,0.0,0.0,-53.0
1776886937.7371027,0.0,4.0,-47.0
1776886937.7471027,0.0,1.0,-43.0
1776886937.7571027,0.0,3.0,-41.0
1776886937.7671027,4.0,-4.0,-47.0
1776886937.7771027,5.0,-8.0,-53.0
1776886937.7871027,7.0,-12.0,-59.0
1776886937.7971027,7.0,-10.0,-56.0
1776886937.807103,1.0,-4.0,-51.0
1776886937.817103,-1.0,4.0,-50.0
1776886937.827103,0.0,3.0,-43.0
1776886937.837103,-1.0,3.0,-42.0
1776886937.8471026,-2.0,4.0,-39.0
1776886937.8571026,-6.0,3.0,-34.0
1776886937.8671026,-5.0,0.0,-33.0
1776886937.8771029,-2.0,-4.0,-32.0
1776886937.8871028,-4.0,-1.0,-34.0
1776886937.8971028,-6.0,-1.0,-30.0
1776886937.9071028,-3.0,-1.0,-30.0
1776886937.9171028,-6.0,-1.0,-29.0
1776886937.9271028,-7.0,1.0,-30.0
1776886937.9371028,-6.0,4.0,-32.0
1776886937.9471028,-3.0,2.0,-36.0
1776886937.9571028,-1.0,5.0,-40.0
1776886937.9671028,-4.0,5.0,-36.0
1776886937.9771028,-4.0,3.0,-38.0
1776886937.9871027,-7.0,2.0,-39.0
1776886937.9971027,-4.0,3.0,-42.0
1776886938.0071027,0.0,5.0,-45.0
1776886938.0171027,1.0,4.0,-42.0
1776886938.0271027,4.0,-2.0,-37.0
1776886938.0371027,3.0,-2.0,-29.0
1776886938.0471027,2.0,-1.0,-28.0
1776886938.057103,3.0,0.0,-29.0
1776886938.067103,-3.0,0.0,-33.0
1776886938.077103,-2.0,-2.0,-30.0
1776886938.087103,1.0,-3.0,-28.0
1776886938.0971026,1.0,-3.0,-29.0
1776886938.1071026,4.0,-5.0,-32.0
1776886938.1171026,-1.0,-8.0,-37.0
1776886938.1281028,1.0,-5.0,-41.0
1776886938.1371028,-1.0,-7.0,-43.0
1776886938.1471028,-2.0,-5.0,-48.0
1776886938.1581028,-4.0,-2.0,-41.0
1776886938.1681027,-4.0,-2.0,-35.0
1776886938.1781027,-6.0,0.0,-28.0
1776886938.1881027,-6.0,2.0,-32.0
1776886938.1981027,-10.0,4.0,-34.0
1776886938.2081027,-11.0,1.0,-34.0
1776886938.2181027,-2.0,0.0,-38.0
1776886938.2281027,-2.0,1.0,-32.0
1776886938.238103,-2.0,-2.0,-29.0
1776886938.248103,-4.0,-1.0,-33.0
1776886938.258103,-3.0,-1.0,-37.0
1776886938.2681026,-3.0,1.0,-33.0
1776886938.2781026,-5.0,4.0,-38.0
1776886938.2881026,0.0,4.0,-38.0
1776886938.2981029,-3.0,7.0,-38.0
1776886938.3081028,0.0,2.0,-29.0
1776886938.3181028,-1.0,0.0,-34.0
1776886938.3281028,-2.0,0.0,-30.0
1776886938.3381028,-2.0,0.0,-38.0
1776886938.3481028,-2.0,2.0,-32.0
1776886938.3581028,1.0,3.0,-36.0
1776886938.3681028,3.0,5.0,-38.0
1776886938.3781028,2.0,1.0,-37.0
1776886938.3881028,-1.0,0.0,-42.0
1776886938.3981028,-6.0,4.0,-39.0
1776886938.4081028,-5.0,0.0,-41.0
1776886938.4181027,-3.0,-7.0,-34.0
1776886938.4281027,-4.0,-1.0,-35.0
1776886938.4381027,0.0,0.0,-34.0
1776886938.4481027,-1.0,0.0,-41.0
1776886938.4581027,-3.0,2.0,-38.0
1776886938.4681027,0.0,0.0,-41.0
1776886938.4781027,-1.0,0.0,-42.0
1776886938.488103,-1.0,0.0,-40.0
1776886938.498103,0.0,1.0,-31.0
1776886938.508103,-2.0,0.0,-22.0
1776886938.5181026,-4.0,0.0,-22.0
1776886938.5281026,-6.0,-1.0,-22.0
1776886938.5381026,-2.0,-3.0,-29.0
1776886938.5481029,0.0,-1.0,-33.0
1776886938.5581028,2.0,-4.0,-30.0
1776886938.5681028,0.0,-8.0,-28.0
1776886938.5781028,3.0,-6.0,-33.0
1776886938.5881028,1.0,-10.0,-33.0
1776886938.5981028,-1.0,-11.0,-30.0
1776886938.6081028,0.0,-6.0,-32.0
1776886938.6181028,-3.0,-3.0,-36.0
1776886938.6281028,1.0,-3.0,-35.0
1776886938.6381028,0.0,-4.0,-38.0
1776886938.6481028,-4.0,-2.0,-40.0
1776886938.6581028,-2.0,-2.0,-41.0
1776886938.6681027,1.0,-3.0,-38.0
1776886938.6781027,1.0,-3.0,-39.0
1776886938.6881027,0.0,-6.0,-36.0
1776886938.6981027,0.0,-4.0,-39.0
1776886938.7081027,1.0,-3.0,-42.0
1776886938.7181027,-2.0,-3.0,-39.0
1776886938.7281027,-2.0,-4.0,-37.0
1776886938.738103,-2.0,-2.0,-31.0
1776886938.748103,-5.0,0.0,-30.0
1776886938.758103,-8.0,-2.0,-26.0
1776886938.7681026,-9.0,0.0,-26.0
1776886938.7781026,-12.0,0.0,-31.0
1776886938.7881026,-10.0,1.0,-37.0
1776886938.7981029,-7.0,0.0,-39.0
1776886938.8081028,-5.0,0.0,-43.0
1776886938.8181028,-6.0,1.0,-39.0
1776886938.8281028,-10.0,-3.0,-43.0
1776886938.8381028,-8.0,-3.0,-41.0
1776886938.8481028,-6.0,0.0,-41.0
1776886938.8581028,-6.0,-5.0,-40.0
1776886938.8681028,-3.0,-5.0,-43.0
1776886938.8781028,-6.0,-4.0,-41.0
1776886938.8881028,-4.0,-5.0,-33.0
1776886938.8981028,-3.0,-4.0,-39.0
1776886938.9081028,-2.0,-4.0,-39.0
1776886938.9181027,-2.0,-3.0,-37.0
1776886938.9281027,3.0,0.0,-36.0
1776886938.9381027,4.0,-1.0,-36.0
1776886938.9481027,6.0,-2.0,-39.0
1776886938.9581027,-1.0,-3.0,-31.0
1776886938.9681027,0.0,-2.0,-27.0
1776886938.9781027,0.0,-3.0,-28.0
1776886938.988103,1.0,-3.0,-36.0
1776886938.998103,1.0,-6.0,-42.0
1776886939.008103,1.0,-7.0,-43.0
1776886939.0181026,4.0,-3.0,-39.0
1776886939.0281026,5.0,-2.0,-36.0
1776886939.0381026,2.0,-1.0,-31.0
1776886939.0481029,-2.0,1.0,-31.0
1776886939.0581028,1.0,0.0,-39.0
1776886939.0681028,4.0,0.0,-41.0
1776886939.0781028,0.0,3.0,-42.0
1776886939.0881028,-3.0,-2.0,-39.0
1776886939.0981028,-2.0,-5.0,-43.0
1776886939.1081028,-2.0,-9.0,-43.0
1776886939.1181028,0.0,-6.0,-44.0
1776886939.1281028,0.0,-6.0,-43.0
1776886939.1381028,4.0,-4.0,-40.0
1776886939.1481028,5.0,3.0,-37.0
1776886939.1581028,0.0,0.0,-39.0
1776886939.1681027,2.0,-3.0,-37.0
1776886939.1781027,3.0,-3.0,-33.0
1776886939.1881027,6.0,-4.0,-34.0
1776886939.1981027,1.0,-4.0,-35.0
1776886939.2081027,3.0,-2.0,-32.0
1776886939.2181027,1.0,0.0,-38.0
1776886939.2281027,-3.0,1.0,-40.0
1776886939.238103,-1.0,-1.0,-43.0
1776886939.248103,2.0,0.0,-41.0
1776886939.258103,4.0,0.0,-41.0
1776886939.2681026,5.0,-1.0,-31.0
1776886939.2781026,5.0,-2.0,-34.0
1776886939.2881026,6.0,-2.0,-36.0
1776886939.2981029,3.0,-1.0,-45.0
1776886939.3081028,1.0,-2.0,-50.0
1776886939.3181028,1.0,-3.0,-53.0
1776886939.3281028,0.0,-7.0,-54.0
1776886939.3381028,0.0,-10.0,-55.0
1776886939.3481028,0.0,-9.0,-48.0
1776886939.3581028,0.0,-7.0,-46.0
1776886939.3681028,-5.0,-6.0,-42.0
1776886939.3781028,-3.0,-5.0,-43.0
1776886939.3881028,-2.0,-6.0,-42.0
1776886939.3981028,0.0,-6.0,-42.0
1776886939.4081028,-1.0,-1.0,-42.0
1776886939.4181027,2.0,2.0,-45.0
1776886939.4281027,-2.0,1.0,-42.0
1776886939.4381027,-4.0,5.0,-39.0
1776886939.4481027,-2.0,5.0,-42.0
1776886939.4581027,3.0,0.0,-43.0
1776886939.4681027,3.0,-2.0,-35.0
1776886939.4781027,-4.0,2.0,-42.0
1776886939.488103,-9.0,3.0,-47.0
1776886939.498103,-10.0,-1.0,-52.0
1776886939.508103,-2.0,-2.0,-50.0
1776886939.5181026,-1.0,-9.0,-53.0
1776886939.5281026,-1.0,-10.0,-51.0
1776886939.5381026,0.0,-8.0,-53.0
1776886939.5481029,4.0,-3.0,-51.0
1776886939.5581028,2.0,-3.0,-46.0
1776886939.5681028,4.0,-1.0,-44.0
1776886939.5781028,4.0,-4.0,-47.0
1776886939.5881028,6.0,-4.0,-51.0
1776886939.5981028,4.0,-1.0,-44.0
1776886939.6081028,2.0,4.0,-38.0
1776886939.6181028,2.0,4.0,-36.0
1776886939.6281028,1.0,1.0,-36.0
1776886939.6381028,1.0,-1.0,-31.0
1776886939.6481028,1.0,1.0,-35.0
1776886939.6581028,0.0,-3.0,-36.0
1776886939.6681027,2.0,-3.0,-34.0
1776886939.6781027,2.0,2.0,-35.0
1776886939.6881027,5.0,2.0,-27.0
1776886939.6981027,3.0,1.0,-28.0
1776886939.7081027,1.0,1.0,-30.0
1776886939.7181027,0.0,1.0,-34.0
1776886939.7281027,-2.0,-2.0,-42.0
1776886939.738103,0.0,-2.0,-38.0
1776886939.748103,-2.0,-4.0,-36.0
1776886939.758103,-1.0,-7.0,-37.0
1776886939.7681026,0.0,-4.0,-37.0
1776886939.7781026,0.0,-5.0,-34.0
1776886939.7881026,-1.0,-1.0,-37.0
1776886939.7981029,-4.0,0.0,-37.0
1776886939.8081028,-2.0,2.0,-44.0
1776886939.8181028,4.0,3.0,-48.0
1776886939.8281028,2.0,3.0,-45.0
1776886939.8381028,4.0,3.0,-51.0
1776886939.8481028,3.0,4.0,-51.0
1776886939.8581028,1.0,0.0,-57.0
1776886939.8681028,-2.0,0.0,-55.0
1776886939.8781028,2.0,-2.0,-49.0
1776886939.8881028,4.0,-3.0,-47.0
1776886939.8981028,3.0,-4.0,-42.0
1776886939.9081028,0.0,-4.0,-42.0
1776886939.9181027,-1.0,-1.0,-45.0
1776886939.9281027,0.0,-2.0,-40.0
1776886939.9381027,-1.0,-4.0,-38.0
1776886939.9481027,-2.0,-3.0,-34.0
1776886939.9581027,-1.0,-2.0,-38.0
1776886939.9681027,-2.0,-4.0,-29.0
1776886939.9781027,-6.0,-6.0,-42.0
1776886939.988103,-6.0,-3.0,-48.0
1776886939.998103,-2.0,-3.0,-42.0
1776886940.008103,0.0,-2.0,-39.0
1776886940.0181026,6.0,-2.0,-40.0
1776886940.0281026,4.0,-2.0,-38.0
1776886940.0381026,1.0,-1.0,-38.0
1776886940.0481029,2.0,-5.0,-44.0
1776886940.0581028,-2.0,-7.0,-46.0
1776886940.0681028,-4.0,-6.0,-43.0
1776886940.0781028,-9.0,-7.0,-43.0
1776886940.0881028,-8.0,-4.0,-46.0
1776886940.0981028,-3.0,-4.0,-44.0
1776886940.1081028,-1.0,-4.0,-40.0
1776886940.1181028,4.0,-6.0,-38.0
1776886940.1281028,5.0,-8.0,-36.0
1776886940.1381028,1.0,-9.0,-35.0
1776886940.1491027,0.0,-13.0,-31.0
1776886940.159103,1.0,-13.0,-36.0
1776886940.169103,2.0,-11.0,-35.0
1776886940.179103,4.0,-10.0,-33.0
1776886940.1891026,6.0,-6.0,-33.0
1776886940.1991026,7.0,-7.0,-31.0
1776886940.2091026,8.0,-7.0,-30.0
1776886940.2191026,6.0,-6.0,-31.0
1776886940.2291028,2.0,-6.0,-33.0
1776886940.2391028,-2.0,-4.0,-42.0
1776886940.2491028,1.0,-3.0,-44.0
1776886940.2591028,2.0,-2.0,-41.0
1776886940.2691028,0.0,-4.0,-42.0
1776886940.2791028,-1.0,-4.0,-46.0
1776886940.2891028,1.0,-4.0,-47.0
1776886940.2991028,-3.0,0.0,-47.0
1776886940.3091028,-1.0,2.0,-44.0
1776886940.3191028,0.0,4.0,-41.0
1776886940.3291028,0.0,1.0,-36.0
1776886940.3391027,0.0,2.0,-39.0
1776886940.3491027,0.0,0.0,-50.0
1776886940.3591027,2.0,0.0,-45.0
1776886940.3691027,4.0,0.0,-35.0
1776886940.3791027,3.0,-1.0,-36.0
1776886940.3891027,4.0,-5.0,-40.0
1776886940.3991027,5.0,-5.0,-39.0
1776886940.409103,4.0,-2.0,-43.0
1776886940.419103,4.0,1.0,-49.0
1776886940.429103,5.0,4.0,-51.0
1776886940.4391026,11.0,6.0,-41.0
1776886940.4491026,11.0,5.0,-43.0
1776886940.4591026,12.0,2.0,-40.0
1776886940.4691026,9.0,-2.0,-40.0
1776886940.4791028,7.0,-1.0,-40.0
1776886940.4891028,6.0,-3.0,-52.0
1776886940.4991028,7.0,-7.0,-45.0
1776886940.5091028,8.0,-2.0,-44.0
1776886940.5191028,5.0,1.0,-38.0
1776886940.5291028,1.0,1.0,-39.0
1776886940.5391028,0.0,0.0,-37.0
1776886940.5491028,3.0,0.0,-38.0
1776886940.5591028,8.0,2.0,-39.0
1776886940.5691028,6.0,2.0,-40.0
1776886940.5791028,7.0,4.0,-36.0
1776886940.5891027,7.0,2.0,-32.0
1776886940.5991027,8.0,2.0,-40.0
1776886940.6091027,7.0,-1.0,-41.0
1776886940.6191027,4.0,1.0,-48.0
1776886940.6291027,1.0,1.0,-51.0
1776886940.6391027,6.0,1.0,-47.0
1776886940.6491027,6.0,-1.0,-48.0
1776886940.659103,1.0,-4.0,-44.0
1776886940.669103,0.0,-2.0,-46.0
1776886940.679103,-3.0,-1.0,-45.0
1776886940.6891026,-4.0,0.0,-38.0
1776886940.6991026,4.0,1.0,-34.0
1776886940.7091026,4.0,1.0,-37.0
1776886940.7191026,2.0,2.0,-40.0
1776886940.7291028,2.0,0.0,-38.0
1776886940.7391028,0.0,-1.0,-44.0
1776886940.7491028,-1.0,-1.0,-39.0
1776886940.7591028,-3.0,-1.0,-32.0
1776886940.7691028,0.0,1.0,-35.0
1776886940.7791028,-2.0,0.0,-39.0
1776886940.7891028,0.0,0.0,-44.0
1776886940.7991028,0.0,-1.0,-48.0
1776886940.8091028,0.0,0.0,-44.0
1776886940.8191028,0.0,-3.0,-47.0
1776886940.8291028,-1.0,-2.0,-47.0
1776886940.8391027,1.0,-1.0,-47.0
1776886940.8491027,1.0,-4.0,-45.0
1776886940.8591027,-2.0,-3.0,-50.0
1776886940.8691027,-4.0,-3.0,-47.0
1776886940.8791027,-4.0,0.0,-47.0
1776886940.8891027,-7.0,-1.0,-45.0
1776886940.8991027,-7.0,-2.0,-45.0
1776886940.909103,-8.0,0.0,-44.0
1776886940.919103,-9.0,-1.0,-45.0
1776886940.929103,-5.0,-2.0,-51.0
1776886940.9391026,-2.0,-5.0,-52.0
1776886940.9491026,-4.0,-9.0,-52.0
1776886940.9591026,-2.0,-10.0,-55.0
1776886940.9691026,0.0,-12.0,-51.0
1776886940.9791028,1.0,-13.0,-50.0
1776886940.9891028,4.0,-8.0,-39.0
1776886940.9991028,8.0,-8.0,-39.0
1776886941.0091028,8.0,-9.0,-35.0
1776886941.0191028,3.0,-10.0,-38.0
1776886941.0291028,2.0,-8.0,-39.0
1776886941.0391028,-1.0,-5.0,-39.0
1776886941.0491028,0.0,-8.0,-35.0
1776886941.0591028,1.0,-9.0,-25.0
1776886941.0691028,3.0,-6.0,-21.0
1776886941.0791028,3.0,-5.0,-28.0
1776886941.0891027,0.0,-10.0,-30.0
1776886941.0991027,-5.0,-11.0,-32.0
1776886941.1091027,-6.0,-11.0,-32.0
1776886941.1191027,-4.0,-7.0,-34.0
1776886941.1291027,0.0,-4.0,-39.0
1776886941.1391027,-1.0,-4.0,-37.0
1776886941.1491027,-4.0,-4.0,-36.0
1776886941.159103,-5.0,-3.0,-46.0
1776886941.169103,-2.0,-6.0,-38.0
1776886941.179103,0.0,-3.0,-35.0
1776886941.1891026,3.0,-3.0,-36.0
1776886941.1991026,3.0,-4.0,-32.0
1776886941.2091026,4.0,-7.0,-31.0
1776886941.2191026,5.0,-8.0,-37.0
1776886941.2291028,4.0,-8.0,-38.0
1776886941.2391028,3.0,-7.0,-29.0
1776886941.2491028,5.0,-6.0,-33.0
1776886941.2591028,3.0,-6.0,-41.0
1776886941.2691028,5.0,-5.0,-44.0
1776886941.2791028,10.0,0.0,-46.0
1776886941.2891028,7.0,0.0,-42.0
1776886941.2991028,9.0,0.0,-42.0
1776886941.3091028,6.0,0.0,-35.0
1776886941.3191028,5.0,0.0,-27.0
1776886941.3291028,2.0,0.0,-24.0
1776886941.3391027,0.0,3.0,-21.0
1776886941.3491027,0.0,3.0,-21.0
1776886941.3591027,0.0,2.0,-19.0
1776886941.3691027,2.0,3.0,-23.0
1776886941.3791027,3.0,8.0,-34.0
1776886941.3891027,-1.0,7.0,-34.0
1776886941.3991027,0.0,5.0,-32.0
1776886941.409103,-2.0,4.0,-33.0
1776886941.419103,-1.0,5.0,-28.0
1776886941.429103,-1.0,4.0,-33.0
1776886941.4391026,1.0,-3.0,-31.0
1776886941.4491026,-3.0,-6.0,-30.0
1776886941.4591026,0.0,-1.0,-34.0
1776886941.4691026,0.0,6.0,-39.0
1776886941.4791028,0.0,7.0,-45.0
1776886941.4891028,0.0,4.0,-47.0
1776886941.4991028,-7.0,1.0,-50.0
1776886941.5091028,-7.0,1.0,-48.0
1776886941.5191028,-4.0,5.0,-46.0
1776886941.5291028,-5.0,2.0,-39.0
1776886941.5391028,-2.0,0.0,-39.0
1776886941.5491028,0.0,-1.0,-37.0
1776886941.5591028,0.0,-3.0,-37.0
1776886941.5691028,0.0,-2.0,-35.0
1776886941.5791028,1.0,-4.0,-39.0
1776886941.5891027,3.0,-2.0,-42.0
1776886941.5991027,2.0,-1.0,-41.0
1776886941.6091027,5.0,-2.0,-47.0
1776886941.6191027,4.0,-2.0,-44.0
1776886941.6291027,4.0,1.0,-37.0
1776886941.6391027,2.0,-2.0,-48.0
1776886941.6491027,1.0,-2.0,-51.0
1776886941.659103,0.0,-1.0,-58.0
1776886941.669103,1.0,-5.0,-58.0
1776886941.679103,2.0,-8.0,-56.0
1776886941.6891026,1.0,-4.0,-52.0
1776886941.6991026,0.0,0.0,-49.0
1776886941.7091026,0.0,-3.0,-38.0
1776886941.7191026,0.0,-3.0,-40.0
1776886941.7291028,-5.0,-4.0,-36.0
1776886941.7391028,0.0,-5.0,-38.0
1776886941.7491028,-1.0,-5.0,-39.0
1776886941.7591028,-4.0,-5.0,-46.0
1776886941.7691028,-1.0,-2.0,-42.0
1776886941.7791028,-2.0,0.0,-39.0
1776886941.7891028,-4.0,3.0,-39.0
1776886941.7991028,-8.0,5.0,-43.0
1776886941.8091028,-3.0,2.0,-40.0
1776886941.8191028,-6.0,0.0,-41.0
1776886941.8291028,-7.0,2.0,-44.0
1776886941.8391027,-2.0,1.0,-42.0
1776886941.8491027,0.0,1.0,-32.0
1776886941.8591027,0.0,0.0,-32.0
1776886941.8691027,-2.0,1.0,-36.0
1776886941.8791027,5.0,1.0,-41.0
1776886941.8891027,6.0,1.0,-41.0
1776886941.8991027,5.0,2.0,-39.0
1776886941.909103,4.0,0.0,-38.0
1776886941.919103,5.0,0.0,-34.0
1776886941.929103,-1.0,-1.0,-40.0
1776886941.9391026,-2.0,-1.0,-41.0
1776886941.9491026,-5.0,1.0,-36.0
1776886941.9591026,-4.0,3.0,-34.0
1776886941.9691026,-2.0,3.0,-35.0
1776886941.9791028,-5.0,0.0,-39.0
1776886941.9891028,-3.0,0.0,-41.0
1776886941.9991028,0.0,4.0,-38.0
1776886942.0091028,0.0,1.0,-37.0
1776886942.0191028,-1.0,0.0,-40.0
1776886942.0291028,-3.0,-3.0,-38.0
1776886942.0391028,0.0,-2.0,-36.0
1776886942.0491028,0.0,-3.0,-43.0
1776886942.0591028,0.0,-3.0,-41.0
1776886942.0691028,0.0,-4.0,-34.0
1776886942.0791028,1.0,-5.0,-35.0
1776886942.0891027,0.0,-4.0,-30.0
1776886942.0991027,-1.0,-3.0,-38.0
1776886942.1091027,-5.0,0.0,-39.0
1776886942.1201026,-2.0,1.0,-39.0
1776886942.1291027,1.0,-2.0,-47.0
1776886942.1391027,-2.0,-1.0,-45.0
1776886942.1491027,0.0,-2.0,-40.0
1776886942.1601028,0.0,0.0,-46.0
1776886942.169103,0.0,2.0,-43.0
1776886942.1801028,2.0,0.0,-37.0
1776886942.1901028,0.0,-3.0,-33.0
1776886942.2001028,1.0,-6.0,-24.0
1776886942.2101028,0.0,-4.0,-21.0
1776886942.2201028,0.0,1.0,-31.0
1776886942.2301028,1.0,-1.0,-38.0
1776886942.2401028,2.0,1.0,-39.0
1776886942.2501028,4.0,0.0,-40.0
1776886942.2601027,3.0,0.0,-36.0
1776886942.2701027,7.0,-2.0,-34.0
1776886942.2801027,5.0,-4.0,-38.0
1776886942.2901027,3.0,-4.0,-38.0
1776886942.3001027,3.0,-5.0,-37.0
1776886942.3101027,2.0,-6.0,-38.0
1776886942.3201027,4.0,-9.0,-41.0
1776886942.3301027,3.0,-6.0,-42.0
1776886942.340103,1.0,-7.0,-39.0
1776886942.350103,0.0,-4.0,-39.0
1776886942.360103,-1.0,-1.0,-39.0
1776886942.3701026,0.0,1.0,-40.0
1776886942.3801026,-3.0,0.0,-34.0
1776886942.3901026,0.0,2.0,-30.0
1776886942.4001029,4.0,0.0,-36.0
1776886942.4101028,3.0,-5.0,-40.0
1776886942.4201028,-2.0,-8.0,-38.0
1776886942.4301028,-5.0,-5.0,-37.0
1776886942.4401028,-5.0,-4.0,-38.0
1776886942.4501028,-5.0,-6.0,-42.0
1776886942.4601028,-2.0,-5.0,-41.0
1776886942.4701028,-4.0,0.0,-42.0
1776886942.4801028,-1.0,-1.0,-44.0
1776886942.4901028,-3.0,-4.0,-41.0
1776886942.5001028,1.0,-2.0,-42.0
1776886942.5101027,0.0,0.0,-41.0
1776886942.5201027,-1.0,-3.0,-42.0
1776886942.5301027,0.0,-3.0,-41.0
1776886942.5401027,0.0,-6.0,-36.0
1776886942.5501027,2.0,-3.0,-33.0
1776886942.5601027,0.0,-4.0,-35.0
1776886942.5701027,3.0,-3.0,-38.0
1776886942.5801027,3.0,1.0,-41.0
1776886942.590103,3.0,3.0,-40.0
1776886942.600103,0.0,0.0,-43.0
1776886942.610103,-1.0,0.0,-37.0
1776886942.6201026,0.0,-1.0,-36.0
1776886942.6301026,2.0,-2.0,-32.0
1776886942.6401026,0.0,-3.0,-32.0
1776886942.6501029,0.0,-1.0,-26.0
1776886942.6601028,0.0,-3.0,-26.0
1776886942.6701028,3.0,-1.0,-33.0
1776886942.6801028,8.0,-1.0,-39.0
1776886942.6901028,5.0,0.0,-36.0
1776886942.7001028,5.0,-1.0,-30.0
1776886942.7101028,4.0,-1.0,-32.0
1776886942.7201028,2.0,-3.0,-34.0
1776886942.7301028,5.0,-1.0,-29.0
1776886942.7401028,1.0,0.0,-32.0
1776886942.7501028,0.0,-3.0,-33.0
1776886942.7601027,1.0,-5.0,-38.0
1776886942.7701027,3.0,-5.0,-31.0
1776886942.7801027,0.0,-4.0,-33.0
1776886942.7901027,-1.0,-1.0,-37.0
1776886942.8001027,-2.0,-4.0,-41.0
1776886942.8101027,1.0,-9.0,-42.0
1776886942.8201027,4.0,-8.0,-46.0
1776886942.8301027,7.0,-9.0,-49.0
1776886942.840103,7.0,-7.0,-46.0
1776886942.850103,6.0,-4.0,-38.0
1776886942.860103,7.0,-6.0,-41.0
1776886942.8701026,1.0,-7.0,-42.0
1776886942.8801026,4.0,-9.0,-39.0
1776886942.8901026,3.0,-7.0,-42.0
1776886942.9001029,1.0,-7.0,-47.0
1776886942.9101028,2.0,-5.0,-43.0
1776886942.9201028,1.0,-5.0,-35.0
1776886942.9301028,3.0,-2.0,-35.0
1776886942.9401028,5.0,-3.0,-42.0
1776886942.9501028,4.0,-2.0,-47.0
1776886942.9601028,1.0,-2.0,-47.0
1776886942.9701028,2.0,-3.0,-46.0
1776886942.9801028,3.0,0.0,-48.0
1776886942.9901028,4.0,0.0,-42.0
1776886943.0001028,5.0,0.0,-41.0
1776886943.0101027,3.0,0.0,-42.0
1776886943.0201027,0.0,-2.0,-36.0
1776886943.0301027,2.0,-2.0,-33.0
1776886943.0401027,5.0,-1.0,-28.0
1776886943.0501027,4.0,-1.0,-24.0
1776886943.0601027,3.0,-2.0,-23.0
1776886943.0701027,0.0,0.0,-30.0
1776886943.0801027,3.0,1.0,-32.0
1776886943.090103,3.0,3.0,-39.0
1776886943.100103,4.0,0.0,-44.0
1776886943.110103,1.0,1.0,-41.0
1776886943.1201026,5.0,2.0,-37.0
1776886943.1301026,0.0,2.0,-41.0
1776886943.1401026,2.0,5.0,-40.0
1776886943.1501029,0.0,2.0,-45.0
1776886943.1601028,0.0,0.0,-45.0
1776886943.1701028,0.0,2.0,-41.0
1776886943.1801028,2.0,2.0,-40.0
1776886943.1901028,5.0,6.0,-41.0
1776886943.2001028,7.0,3.0,-37.0
1776886943.2101028,0.0,1.0,-34.0
1776886943.2201028,2.0,1.0,-47.0
1776886943.2301028,2.0,0.0,-48.0
1776886943.2401028,2.0,0.0,-47.0
1776886943.2501028,6.0,1.0,-38.0
1776886943.2601027,6.0,0.0,-36.0
1776886943.2701027,1.0,-2.0,-39.0
1776886943.2801027,4.0,-3.0,-44.0
1776886943.2901027,4.0,-7.0,-47.0
1776886943.3001027,11.0,-7.0,-48.0
1776886943.3101027,9.0,-3.0,-45.0
1776886943.3201027,5.0,2.0,-40.0
1776886943.3301027,0.0,2.0,-41.0
1776886943.340103,3.0,0.0,-37.0
1776886943.350103,3.0,1.0,-36.0
1776886943.360103,3.0,5.0,-35.0
1776886943.3701026,2.0,4.0,-34.0
1776886943.3801026,-2.0,-1.0,-35.0
1776886943.3901026,-2.0,-2.0,-34.0
1776886943.4001029,2.0,3.0,-38.0
1776886943.4101028,3.0,2.0,-43.0
1776886943.4201028,4.0,2.0,-49.0
1776886943.4301028,3.0,-1.0,-54.0
1776886943.4401028,4.0,-1.0,-51.0
1776886943.4501028,0.0,-2.0,-50.0
1776886943.4601028,0.0,-4.0,-50.0
1776886943.4701028,-2.0,0.0,-50.0
1776886943.4801028,-4.0,-2.0,-41.0
1776886943.4901028,-2.0,1.0,-41.0
1776886943.5001028,-1.0,0.0,-39.0
1776886943.5101027,-4.0,1.0,-36.0
1776886943.5201027,-1.0,4.0,-36.0
1776886943.5301027,0.0,1.0,-34.0
1776886943.5401027,0.0,0.0,-33.0
1776886943.5501027,-2.0,-4.0,-41.0
1776886943.5601027,-4.0,-7.0,-41.0
1776886943.5701027,-5.0,-6.0,-36.0
1776886943.5801027,-7.0,-4.0,-31.0
1776886943.590103,-6.0,0.0,-34.0
1776886943.600103,-5.0,0.0,-38.0
1776886943.610103,-3.0,2.0,-38.0
1776886943.6201026,-3.0,0.0,-37.0
1776886943.6301026,0.0,2.0,-36.0
1776886943.6401026,2.0,0.0,-37.0
1776886943.6501029,0.0,2.0,-35.0
1776886943.6601028,2.0,3.0,-30.0
1776886943.6701028,5.0,4.0,-37.0
1776886943.6801028,4.0,2.0,-47.0
1776886943.6901028,2.0,2.0,-49.0
1776886943.7001028,4.0,2.0,-46.0
1776886943.7101028,5.0,2.0,-38.0
1776886943.7201028,4.0,3.0,-38.0
1776886943.7301028,4.0,1.0,-34.0
1776886943.7401028,3.0,3.0,-40.0
1776886943.7501028,2.0,5.0,-39.0
1776886943.7601027,7.0,0.0,-33.0
1776886943.7701027,7.0,1.0,-30.0
1776886943.7801027,6.0,1.0,-32.0
1776886943.7901027,1.0,0.0,-37.0
1776886943.8001027,6.0,-4.0,-47.0
1776886943.8101027,11.0,-3.0,-48.0
1776886943.8201027,7.0,-5.0,-47.0
1776886943.8301027,4.0,-2.0,-46.0
1776886943.840103,2.0,0.0,-47.0
1776886943.850103,2.0,0.0,-52.0
1776886943.860103,4.0,1.0,-45.0
1776886943.8701026,0.0,-2.0,-39.0
1776886943.8801026,0.0,1.0,-30.0
1776886943.8901026,0.0,3.0,-25.0
1776886943.9001029,0.0,2.0,-29.0
1776886943.9101028,1.0,1.0,-33.0
1776886943.9201028,1.0,-3.0,-37.0
1776886943.9301028,-2.0,-5.0,-38.0
1776886943.9401028,0.0,-7.0,-35.0
1776886943.9501028,1.0,-4.0,-33.0
1776886943.9601028,6.0,-3.0,-31.0
1776886943.9701028,2.0,-4.0,-39.0
1776886943.9801028,0.0,-2.0,-34.0
1776886943.9901028,0.0,0.0,-38.0
1776886944.0001028,0.0,-3.0,-39.0
1776886944.0101027,1.0,-4.0,-34.0
1776886944.0201027,1.0,-7.0,-38.0
1776886944.0301027,2.0,-6.0,-36.0
1776886944.0401027,0.0,-5.0,-34.0
1776886944.0501027,-4.0,-5.0,-37.0
1776886944.0601027,0.0,-4.0,-37.0
1776886944.0701027,2.0,-7.0,-37.0
1776886944.0801027,0.0,-9.0,-40.0
1776886944.090103,0.0,-6.0,-36.0
1776886944.100103,1.0,-3.0,-39.0
1776886944.110103,2.0,0.0,-39.0
1776886944.1201026,2.0,-2.0,-38.0
1776886944.1301026,2.0,-1.0,-33.0
1776886944.1401026,2.0,0.0,-39.0
1776886944.1511028,-2.0,-1.0,-36.0
1776886944.1611028,-4.0,-1.0,-37.0
1776886944.1711028,-9.0,-3.0,-34.0
1776886944.1811028,-7.0,-2.0,-32.0
1776886944.1911027,-8.0,-4.0,-37.0
1776886944.2011027,-8.0,-3.0,-37.0
1776886944.2111027,-6.0,0.0,-34.0
1776886944.2211027,-2.0,0.0,-36.0
1776886944.2311027,1.0,-3.0,-40.0
1776886944.2411027,0.0,-5.0,-39.0
1776886944.2511027,0.0,0.0,-40.0
1776886944.261103,1.0,0.0,-32.0
1776886944.271103,3.0,0.0,-35.0
1776886944.281103,3.0,1.0,-38.0
1776886944.2911026,4.0,-1.0,-36.0
1776886944.3011026,2.0,1.0,-37.0
1776886944.3111026,0.0,-2.0,-37.0
1776886944.3211029,-1.0,-5.0,-42.0
1776886944.3311028,0.0,-3.0,-49.0
1776886944.3411028,2.0,-4.0,-53.0
1776886944.3511028,8.0,0.0,-50.0
1776886944.3611028,7.0,-1.0,-48.0
1776886944.3711028,4.0,-1.0,-43.0
1776886944.3811028,1.0,0.0,-42.0
1776886944.3911028,0.0,0.0,-46.0
1776886944.4011028,0.0,0.0,-46.0
1776886944.4111028,1.0,0.0,-42.0
1776886944.4211028,-3.0,5.0,-37.0
1776886944.4311028,-6.0,5.0,-45.0
1776886944.4411027,0.0,4.0,-48.0
1776886944.4511027,0.0,2.0,-45.0
1776886944.4611027,1.0,2.0,-47.0
1776886944.4711027,0.0,5.0,-45.0
1776886944.4811027,-4.0,5.0,-46.0
1776886944.4911027,0.0,6.0,-50.0
1776886944.5011027,2.0,0.0,-48.0
1776886944.511103,-1.0,-3.0,-46.0
1776886944.521103,0.0,-4.0,-45.0
1776886944.531103,3.0,-2.0,-42.0
1776886944.5411026,3.0,-4.0,-42.0
1776886944.5511026,3.0,-3.0,-42.0
1776886944.5611026,0.0,0.0,-47.0
1776886944.5711029,2.0,-5.0,-41.0
1776886944.5811028,3.0,-6.0,-40.0
1776886944.5911028,0.0,-4.0,-38.0
1776886944.6011028,0.0,-2.0,-39.0
1776886944.6111028,-5.0,0.0,-50.0
1776886944.6211028,-4.0,6.0,-48.0
1776886944.6311028,-2.0,6.0,-40.0
1776886944.6411028,-3.0,6.0,-43.0
1776886944.6511028,-4.0,3.0,-41.0
1776886944.6611028,-6.0,-3.0,-39.0
1776886944.6711028,0.0,-6.0,-43.0
1776886944.6811028,-2.0,-2.0,-38.0
1776886944.6911027,-2.0,-7.0,-32.0
1776886944.7011027,-2.0,-9.0,-41.0
1776886944.7111027,3.0,-7.0,-41.0
1776886944.7211027,7.0,-6.0,-46.0
1776886944.7311027,9.0,-3.0,-50.0
1776886944.7411027,7.0,0.0,-50.0
1776886944.7511027,7.0,0.0,-47.0
1776886944.761103,0.0,-6.0,-42.0
1776886944.771103,-4.0,0.0,-34.0
1776886944.781103,-3.0,3.0,-28.0
1776886944.7911026,0.0,6.0,-35.0
1776886944.8011026,3.0,4.0,-37.0
1776886944.8111026,0.0,1.0,-39.0
1776886944.8211029,3.0,-2.0,-45.0
1776886944.8311028,0.0,-5.0,-46.0
1776886944.8411028,-4.0,-4.0,-39.0
1776886944.8511028,-2.0,-5.0,-40.0
1776886944.8611028,-4.0,-5.0,-37.0
1776886944.8711028,0.0,-1.0,-32.0
1776886944.8811028,0.0,-3.0,-30.0
1776886944.8911028,-3.0,-1.0,-24.0
1776886944.9011028,1.0,-2.0,-30.0
1776886944.9111028,2.0,-1.0,-31.0
1776886944.9211028,4.0,-2.0,-31.0
1776886944.9311028,3.0,-2.0,-39.0
1776886944.9411027,2.0,0.0,-40.0
1776886944.9511027,0.0,3.0,-35.0
1776886944.9611027,0.0,3.0,-34.0
1776886944.9711027,-3.0,0.0,-32.0
1776886944.9811027,0.0,0.0,-33.0
1776886944.9911027,-3.0,0.0,-34.0
1776886945.0011027,-4.0,-1.0,-34.0
1776886945.011103,-5.0,-1.0,-30.0
1776886945.021103,-1.0,0.0,-29.0
1776886945.031103,-3.0,0.0,-27.0
1776886945.0411026,-2.0,-2.0,-34.0
1776886945.0511026,-2.0,-3.0,-34.0
1776886945.0611026,1.0,-1.0,-36.0
1776886945.0711029,0.0,-1.0,-35.0
1776886945.0811028,2.0,-2.0,-38.0
1776886945.0911028,5.0,-1.0,-34.0
1776886945.1011028,4.0,-3.0,-33.0
1776886945.1111028,6.0,-4.0,-38.0
1776886945.1211028,4.0,-4.0,-41.0
1776886945.1311028,4.0,-1.0,-42.0
1776886945.1411028,4.0,-2.0,-42.0
1776886945.1511028,6.0,0.0,-42.0
1776886945.1611028,10.0,1.0,-40.0
1776886945.1711028,8.0,0.0,-39.0
1776886945.1811028,3.0,0.0,-35.0
1776886945.1911027,-2.0,1.0,-35.0
1776886945.2011027,-6.0,-2.0,-41.0
1776886945.2111027,-6.0,-7.0,-41.0
1776886945.2211027,-4.0,-5.0,-30.0
1776886945.2311027,-7.0,-3.0,-25.0
1776886945.2411027,-7.0,-3.0,-26.0
1776886945.2511027,-5.0,-4.0,-28.0
1776886945.261103,-8.0,-2.0,-38.0
1776886945.271103,-9.0,-5.0,-41.0
1776886945.281103,-4.0,-3.0,-35.0
1776886945.2911026,-4.0,-3.0,-34.0
1776886945.3011026,1.0,-4.0,-34.0
1776886945.3111026,1.0,-7.0,-35.0
1776886945.3221028,3.0,-9.0,-37.0
1776886945.3311028,4.0,-3.0,-38.0
1776886945.3411028,4.0,-2.0,-37.0
1776886945.3511028,2.0,0.0,-32.0
1776886945.3611028,1.0,0.0,-26.0
1776886945.3711028,1.0,0.0,-23.0
1776886945.3811028,1.0,0.0,-28.0
1776886945.3911028,6.0,0.0,-32.0
1776886945.4011028,5.0,0.0,-37.0
1776886945.4111028,5.0,3.0,-41.0
1776886945.4211028,5.0,1.0,-45.0
1776886945.4311028,9.0,0.0,-45.0
1776886945.4411027,4.0,-3.0,-53.0
1776886945.4511027,3.0,-3.0,-46.0
1776886945.4611027,1.0,-1.0,-47.0
1776886945.4711027,-2.0,-4.0,-48.0
1776886945.4811027,2.0,-7.0,-40.0
1776886945.4911027,8.0,-6.0,-41.0
1776886945.5011027,6.0,-5.0,-46.0
1776886945.511103,1.0,1.0,-43.0
1776886945.521103,2.0,5.0,-36.0
1776886945.531103,0.0,7.0,-37.0
1776886945.5411026,-4.0,7.0,-35.0
1776886945.5511026,-3.0,5.0,-34.0
1776886945.5611026,0.0,1.0,-39.0
1776886945.5711029,3.0,-1.0,-30.0
1776886945.5811028,0.0,0.0,-29.0
1776886945.5911028,1.0,1.0,-36.0
1776886945.6011028,3.0,0.0,-40.0
1776886945.6111028,0.0,-1.0,-36.0
1776886945.6211028,6.0,2.0,-33.0
1776886945.6311028,2.0,3.0,-35.0
1776886945.6411028,0.0,4.0,-37.0
1776886945.6511028,-5.0,2.0,-40.0
1776886945.6611028,-7.0,5.0,-42.0
1776886945.6711028,-8.0,0.0,-44.0
1776886945.6811028,-5.0,0.0,-40.0
1776886945.6911027,-1.0,0.0,-30.0
1776886945.7011027,0.0,-2.0,-36.0
1776886945.7111027,1.0,-1.0,-38.0
1776886945.7211027,3.0,1.0,-33.0
1776886945.7311027,4.0,0.0,-35.0
1776886945.7411027,3.0,0.0,-37.0
1776886945.7511027,3.0,-6.0,-40.0
1776886945.761103,3.0,-6.0,-37.0
1776886945.771103,0.0,-6.0,-37.0
1776886945.781103,2.0,-5.0,-41.0
1776886945.7911026,1.0,-1.0,-45.0
1776886945.8011026,2.0,0.0,-44.0
1776886945.8111026,0.0,0.0,-45.0
1776886945.8211029,0.0,-1.0,-41.0
1776886945.8311028,-2.0,0.0,-43.0
1776886945.8411028,-2.0,-2.0,-41.0
1776886945.8511028,-3.0,-1.0,-41.0
1776886945.8611028,-1.0,-2.0,-47.0
1776886945.8711028,-3.0,0.0,-44.0
1776886945.8811028,0.0,-2.0,-40.0
1776886945.8911028,-2.0,-3.0,-41.0
1776886945.9011028,-3.0,-3.0,-42.0
1776886945.9111028,3.0,-6.0,-41.0
1776886945.9211028,4.0,-7.0,-46.0
1776886945.9311028,7.0,-6.0,-44.0
1776886945.9411027,5.0,-2.0,-44.0
1776886945.9511027,6.0,-2.0,-42.0
1776886945.9611027,4.0,-2.0,-44.0
1776886945.9711027,0.0,-2.0,-46.0
1776886945.9811027,3.0,-3.0,-45.0
1776886945.9911027,5.0,-3.0,-36.0
1776886946.0011027,2.0,-2.0,-36.0
1776886946.011103,1.0,1.0,-35.0
1776886946.021103,7.0,0.0,-34.0
1776886946.031103,5.0,0.0,-36.0
1776886946.0411026,6.0,3.0,-33.0
1776886946.0511026,6.0,2.0,-37.0
1776886946.0611026,6.0,5.0,-41.0
1776886946.0711029,3.0,10.0,-49.0
1776886946.0811028,3.0,6.0,-53.0
1776886946.0911028,2.0,7.0,-54.0
1776886946.1021028,1.0,9.0,-45.0
1776886946.1111028,6.0,6.0,-45.0
1776886946.1221027,6.0,4.0,-38.0
1776886946.1311028,6.0,-4.0,-29.0
1776886946.1411028,7.0,-6.0,-29.0
1776886946.1521027,6.0,-6.0,-35.0
1776886946.1621027,6.0,-5.0,-40.0
1776886946.1721027,5.0,-5.0,-45.0
1776886946.182103,3.0,-3.0,-49.0
1776886946.192103,2.0,-2.0,-45.0
1776886946.202103,3.0,-2.0,-38.0
1776886946.212103,0.0,0.0,-36.0
1776886946.2221026,0.0,-1.0,-40.0
1776886946.2321026,2.0,-3.0,-44.0
1776886946.2421026,1.0,-3.0,-45.0
1776886946.2521029,0.0,-2.0,-41.0
1776886946.2621028,-6.0,-2.0,-42.0
1776886946.2721028,-6.0,-4.0,-44.0
1776886946.2821028,-8.0,-5.0,-46.0
1776886946.2921028,-4.0,-2.0,-43.0
1776886946.3021028,-3.0,-1.0,-40.0
1776886946.3121028,-3.0,-2.0,-41.0
1776886946.3221028,-4.0,-2.0,-37.0
1776886946.3321028,-3.0,-3.0,-30.0
1776886946.3421028,-3.0,0.0,-29.0
1776886946.3521028,-2.0,6.0,-35.0
1776886946.3621027,-4.0,5.0,-30.0
1776886946.3721027,-5.0,4.0,-28.0
1776886946.3821027,0.0,0.0,-24.0
1776886946.3921027,2.0,0.0,-28.0
1776886946.4021027,-1.0,-1.0,-36.0
1776886946.4121027,3.0,-3.0,-37.0
1776886946.4221027,5.0,-3.0,-38.0
1776886946.432103,3.0,-4.0,-44.0
1776886946.442103,1.0,-7.0,-41.0
1776886946.452103,0.0,-4.0,-44.0
1776886946.462103,1.0,-1.0,-47.0
1776886946.4721026,1.0,-1.0,-46.0
1776886946.4821026,-4.0,-3.0,-43.0
1776886946.4921026,-1.0,-4.0,-40.0
1776886946.5021029,0.0,-3.0,-44.0
1776886946.5121028,1.0,-3.0,-43.0
1776886946.5221028,0.0,-4.0,-42.0
1776886946.5321028,2.0,1.0,-43.0
1776886946.5421028,2.0,4.0,-34.0
1776886946.5521028,2.0,5.0,-29.0
1776886946.5621028,1.0,1.0,-32.0
1776886946.5721028,0.0,-1.0,-34.0
1776886946.5821028,-1.0,1.0,-35.0
1776886946.5921028,-3.0,1.0,-37.0
1776886946.6021028,-1.0,-2.0,-38.0
1776886946.6121027,2.0,-3.0,-32.0
1776886946.6221027,0.0,-3.0,-34.0
1776886946.6321027,0.0,0.0,-41.0
1776886946.6421027,2.0,0.0,-42.0
1776886946.6521027,0.0,-3.0,-41.0
1776886946.6621027,-2.0,0.0,-42.0
1776886946.6721027,4.0,1.0,-40.0
1776886946.682103,6.0,2.0,-37.0
1776886946.692103,8.0,4.0,-38.0
1776886946.702103,9.0,3.0,-31.0
1776886946.712103,8.0,2.0,-24.0
1776886946.7221026,5.0,1.0,-30.0
1776886946.7321026,3.0,5.0,-34.0
1776886946.7421026,3.0,0.0,-41.0
1776886946.7521029,3.0,0.0,-44.0
1776886946.7621028,0.0,-3.0,-43.0
1776886946.7721028,2.0,-2.0,-41.0
1776886946.7821028,3.0,-3.0,-42.0
1776886946.7921028,5.0,-8.0,-48.0
1776886946.8021028,3.0,-7.0,-52.0
1776886946.8121028,1.0,-5.0,-59.0
1776886946.8221028,3.0,-9.0,-52.0
1776886946.8321028,1.0,-7.0,-47.0
1776886946.8421028,0.0,-3.0,-50.0
1776886946.8521028,0.0,-4.0,-40.0
1776886946.8621027,1.0,-6.0,-40.0
1776886946.8721027,3.0,-9.0,-36.0
1776886946.8821027,3.0,-5.0,-33.0
1776886946.8921027,2.0,-6.0,-34.0
1776886946.9021027,3.0,-2.0,-33.0
1776886946.9121027,0.0,-5.0,-29.0
1776886946.9221027,0.0,-5.0,-26.0
1776886946.932103,-1.0,-5.0,-24.0
1776886946.942103,-1.0,-6.0,-23.0
1776886946.952103,-3.0,-4.0,-32.0
1776886946.962103,-1.0,-4.0,-30.0
1776886946.9721026,-2.0,-5.0,-36.0
1776886946.9821026,0.0,-8.0,-40.0
1776886946.9921026,2.0,-2.0,-38.0
1776886947.0021029,7.0,2.0,-38.0
1776886947.0121028,2.0,3.0,-34.0
1776886947.0221028,0.0,1.0,-32.0
1776886947.0321028,-3.0,0.0,-32.0
1776886947.0421028,4.0,-2.0,-43.0
1776886947.0521028,5.0,-5.0,-46.0
1776886947.0621028,7.0,-2.0,-49.0
1776886947.0721028,4.0,2.0,-42.0
1776886947.0821028,6.0,0.0,-43.0
1776886947.0921028,7.0,-2.0,-36.0
1776886947.1021028,3.0,-2.0,-33.0
1776886947.1121027,0.0,-2.0,-38.0
1776886947.1221027,0.0,-4.0,-41.0
1776886947.1321027,3.0,-5.0,-37.0
1776886947.1421027,1.0,-1.0,-31.0
1776886947.1521027,0.0,6.0,-28.0
1776886947.1621027,-1.0,2.0,-27.0
1776886947.1721027,1.0,4.0,-35.0
1776886947.182103,4.0,1.0,-39.0
1776886947.192103,5.0,-3.0,-42.0
1776886947.202103,1.0,0.0,-36.0
1776886947.212103,6.0,0.0,-36.0
1776886947.2221026,2.0,-1.0,-39.0
1776886947.2321026,-2.0,0.0,-42.0
1776886947.2421026,-1.0,0.0,-39.0
1776886947.2521029,-4.0,-2.0,-47.0
1776886947.2621028,-6.0,0.0,-49.0
1776886947.2721028,-4.0,0.0,-44.0
1776886947.2821028,-8.0,-1.0,-47.0
1776886947.2921028,-6.0,-4.0,-44.0
1776886947.3021028,-7.0,-4.0,-42.0
1776886947.3121028,-1.0,0.0,-40.0
1776886947.3221028,2.0,0.0,-42.0
1776886947.3321028,4.0,2.0,-44.0
1776886947.3421028,0.0,1.0,-38.0
1776886947.3521028,-1.0,1.0,-41.0
1776886947.3621027,5.0,-4.0,-41.0
1776886947.3721027,2.0,-8.0,-39.0
1776886947.3821027,0.0,-7.0,-35.0
1776886947.3921027,3.0,-5.0,-36.0
1776886947.4021027,9.0,-8.0,-43.0
1776886947.4121027,10.0,-9.0,-45.0
1776886947.4221027,3.0,-7.0,-45.0
1776886947.432103,6.0,-5.0,-49.0
1776886947.442103,2.0,-6.0,-51.0
1776886947.452103,1.0,-6.0,-43.0
1776886947.462103,0.0,-6.0,-44.0
1776886947.4721026,0.0,-4.0,-42.0
1776886947.4821026,1.0,-2.0,-38.0
1776886947.4921026,0.0,0.0,-38.0
1776886947.5021029,-2.0,-1.0,-35.0
1776886947.5121028,0.0,-3.0,-32.0
1776886947.5221028,0.0,-3.0,-42.0
1776886947.5321028,-1.0,-7.0,-45.0
1776886947.5421028,2.0,-8.0,-38.0
1776886947.5521028,1.0,-11.0,-40.0
1776886947.5621028,-1.0,-12.0,-43.0
1776886947.5721028,0.0,-9.0,-49.0
1776886947.5821028,-3.0,-4.0,-47.0
1776886947.5921028,-5.0,-3.0,-46.0
1776886947.6021028,-2.0,-3.0,-48.0
1776886947.6121027,2.0,-3.0,-48.0
1776886947.6221027,4.0,-1.0,-50.0
1776886947.6321027,3.0,-3.0,-42.0
1776886947.6421027,4.0,-6.0,-39.0
1776886947.6521027,0.0,-7.0,-41.0
1776886947.6621027,0.0,-8.0,-36.0
1776886947.6721027,0.0,-7.0,-35.0
1776886947.682103,-2.0,-7.0,-37.0
1776886947.692103,1.0,-7.0,-37.0
1776886947.702103,3.0,-6.0,-48.0
1776886947.712103,5.0,-5.0,-44.0
1776886947.7221026,2.0,-2.0,-46.0
1776886947.7321026,4.0,0.0,-48.0
1776886947.7421026,2.0,3.0,-46.0
1776886947.7521029,0.0,5.0,-45.0
1776886947.7621028,1.0,7.0,-37.0
1776886947.7721028,0.0,5.0,-39.0
1776886947.7821028,1.0,5.0,-39.0
1776886947.7921028,2.0,3.0,-36.0
1776886947.8021028,0.0,2.0,-34.0
1776886947.8121028,0.0,0.0,-34.0
1776886947.8221028,-1.0,0.0,-40.0
1776886947.8321028,-2.0,0.0,-48.0
1776886947.8421028,-5.0,-1.0,-44.0
1776886947.8521028,-5.0,-3.0,-49.0
1776886947.8621027,-1.0,-1.0,-49.0
1776886947.8721027,0.0,0.0,-45.0
1776886947.8821027,3.0,-3.0,-47.0
1776886947.8921027,7.0,-3.0,-43.0
1776886947.9021027,5.0,-2.0,-43.0
1776886947.9121027,6.0,-2.0,-40.0
1776886947.9221027,5.0,-2.0,-41.0
1776886947.932103,10.0,-1.0,-32.0
1776886947.942103,11.0,-3.0,-29.0
1776886947.952103,6.0,-3.0,-34.0
1776886947.962103,0.0,-5.0,-38.0
1776886947.9721026,-2.0,-5.0,-36.0
1776886947.9821026,-1.0,-1.0,-39.0
1776886947.9921026,-4.0,0.0,-36.0
1776886948.0021029,-7.0,1.0,-31.0
1776886948.0121028,-8.0,1.0,-36.0
1776886948.0221028,-4.0,4.0,-40.0
1776886948.0321028,0.0,2.0,-35.0
1776886948.0421028,0.0,1.0,-35.0
1776886948.0521028,-4.0,-1.0,-36.0
1776886948.0621028,-3.0,3.0,-39.0
1776886948.0721028,0.0,0.0,-46.0
1776886948.0821028,-1.0,-1.0,-48.0
1776886948.0921028,1.0,-2.0,-50.0
1776886948.1021028,5.0,-3.0,-48.0
1776886948.1121027,7.0,-6.0,-51.0
1776886948.123103,4.0,-4.0,-52.0
1776886948.1321027,2.0,-2.0,-46.0
1776886948.1431026,4.0,-2.0,-52.0
1776886948.1531026,4.0,-3.0,-50.0
1776886948.1631026,5.0,-4.0,-41.0
1776886948.1731029,3.0,-1.0,-40.0
1776886948.1831028,0.0,2.0,-44.0
1776886948.1931028,1.0,3.0,-46.0
1776886948.2031028,2.0,4.0,-48.0
1776886948.2131028,2.0,5.0,-44.0
1776886948.2231028,2.0,1.0,-40.0
1776886948.2331028,2.0,-1.0,-43.0
1776886948.2431028,-2.0,0.0,-44.0
1776886948.2531028,-1.0,0.0,-40.0
1776886948.2631028,1.0,0.0,-40.0
1776886948.2731028,3.0,4.0,-31.0
1776886948.2831028,0.0,5.0,-27.0
1776886948.2931027,0.0,0.0,-34.0
1776886948.3031027,0.0,-3.0,-36.0
1776886948.3131027,1.0,-2.0,-39.0
1776886948.3231027,0.0,-2.0,-42.0
1776886948.3331027,-6.0,-3.0,-50.0
1776886948.3431027,-3.0,-1.0,-47.0
1776886948.3531027,0.0,0.0,-44.0
1776886948.363103,1.0,-2.0,-42.0
1776886948.373103,-1.0,-3.0,-42.0
1776886948.383103,2.0,-5.0,-50.0
1776886948.3931026,-5.0,-6.0,-46.0
1776886948.4031026,-1.0,-7.0,-41.0
1776886948.4131026,3.0,-6.0,-41.0
1776886948.4231029,0.0,-7.0,-39.0
1776886948.4331028,2.0,0.0,-44.0
1776886948.4431028,4.0,0.0,-39.0
1776886948.4531028,0.0,-2.0,-30.0
1776886948.4631028,0.0,1.0,-33.0
1776886948.4731028,-1.0,2.0,-30.0
1776886948.4831028,4.0,1.0,-30.0
1776886948.4931028,4.0,4.0,-29.0
1776886948.5031028,3.0,-1.0,-33.0
1776886948.5131028,7.0,-1.0,-32.0
1776886948.5231028,5.0,0.0,-34.0
1776886948.5331028,1.0,-2.0,-36.0
1776886948.5431027,0.0,0.0,-36.0
1776886948.5531027,3.0,0.0,-33.0
1776886948.5631027,2.0,0.0,-34.0
1776886948.5731027,2.0,1.0,-34.0
1776886948.5831027,1.0,3.0,-35.0
1776886948.5931027,3.0,2.0,-33.0
1776886948.6031027,9.0,-1.0,-27.0
1776886948.613103,8.0,-3.0,-30.0
1776886948.623103,7.0,-4.0,-36.0
1776886948.633103,7.0,-1.0,-37.0
1776886948.6431026,9.0,-5.0,-39.0
1776886948.6531026,9.0,-8.0,-42.0
1776886948.6631026,8.0,-7.0,-41.0
1776886948.6731029,6.0,-7.0,-41.0
1776886948.6831028,8.0,-6.0,-39.0
1776886948.6931028,2.0,-5.0,-35.0
1776886948.7031028,0.0,-2.0,-41.0
1776886948.7131028,-1.0,-7.0,-45.0
1776886948.7231028,5.0,-5.0,-42.0
1776886948.7331028,0.0,-2.0,-42.0
1776886948.7431028,1.0,0.0,-34.0
1776886948.7531028,1.0,-2.0,-34.0
1776886948.7631028,-1.0,-2.0,-36.0
1776886948.7731028,-1.0,0.0,-36.0
1776886948.7831028,-1.0,4.0,-45.0
1776886948.7931027,-3.0,3.0,-43.0
1776886948.8031027,-7.0,1.0,-39.0
1776886948.8131027,-1.0,0.0,-39.0
1776886948.8231027,0.0,-3.0,-35.0
1776886948.8331027,-2.0,-4.0,-42.0
1776886948.8431027,0.0,-7.0,-42.0
1776886948.8531027,0.0,-4.0,-36.0
1776886948.863103,1.0,-4.0,-39.0
1776886948.873103,2.0,-6.0,-45.0
1776886948.883103,4.0,-2.0,-43.0
1776886948.8931026,4.0,-3.0,-43.0
1776886948.9031026,5.0,-2.0,-41.0
1776886948.9131026,-1.0,-5.0,-38.0
1776886948.9231029,-3.0,1.0,-36.0
1776886948.9331028,-1.0,0.0,-36.0
1776886948.9431028,0.0,-3.0,-44.0
1776886948.9531028,1.0,0.0,-49.0
1776886948.9631028,5.0,0.0,-42.0
1776886948.9731028,4.0,3.0,-37.0
1776886948.9831028,2.0,0.0,-47.0
1776886948.9931028,-3.0,1.0,-49.0
1776886949.0031028,-6.0,0.0,-40.0
1776886949.0131028,-7.0,1.0,-38.0
1776886949.0231028,-2.0,1.0,-40.0
1776886949.0331028,0.0,0.0,-38.0
1776886949.0431027,0.0,0.0,-41.0
1776886949.0531027,-6.0,-4.0,-47.0
1776886949.0631027,-10.0,-8.0,-48.0
1776886949.0731027,-12.0,-8.0,-44.0
1776886949.0831027,-7.0,-2.0,-42.0
1776886949.0931027,-1.0,0.0,-48.0
1776886949.1031027,-4.0,0.0,-53.0
1776886949.113103,-3.0,-2.0,-53.0
1776886949.123103,-5.0,0.0,-51.0
1776886949.133103,-4.0,5.0,-44.0
1776886949.1431026,1.0,4.0,-45.0
1776886949.1531026,1.0,1.0,-42.0
1776886949.1631026,0.0,2.0,-34.0
1776886949.1731029,1.0,4.0,-35.0
1776886949.1831028,6.0,1.0,-36.0
1776886949.1931028,8.0,0.0,-31.0
1776886949.2031028,5.0,5.0,-30.0
1776886949.2131028,9.0,3.0,-28.0
1776886949.2231028,5.0,0.0,-31.0
1776886949.2331028,3.0,-2.0,-34.0
1776886949.2431028,1.0,-4.0,-35.0
1776886949.2531028,0.0,-2.0,-34.0
1776886949.2631028,-1.0,-1.0,-36.0
1776886949.2731028,0.0,-2.0,-38.0
1776886949.2831028,3.0,-2.0,-35.0
1776886949.2931027,3.0,-4.0,-30.0
1776886949.3031027,0.0,-2.0,-29.0
1776886949.3131027,-3.0,-1.0,-25.0
1776886949.3231027,-8.0,4.0,-28.0
1776886949.3331027,-8.0,6.0,-26.0
1776886949.3431027,-6.0,6.0,-36.0
1776886949.3531027,-5.0,7.0,-30.0
1776886949.363103,0.0,5.0,-41.0
1776886949.373103,0.0,0.0,-44.0
1776886949.383103,-3.0,-1.0,-46.0
1776886949.3931026,-2.0,-3.0,-36.0
1776886949.4031026,-2.0,-4.0,-44.0
1776886949.4131026,-2.0,-7.0,-44.0
1776886949.4231029,0.0,-8.0,-46.0
1776886949.4331028,6.0,-7.0,-45.0
1776886949.4431028,1.0,-2.0,-39.0
1776886949.4531028,2.0,0.0,-38.0
1776886949.4631028,2.0,-2.0,-37.0
1776886949.4731028,2.0,-7.0,-36.0
1776886949.4831028,6.0,-9.0,-36.0
1776886949.4931028,1.0,-7.0,-41.0
1776886949.5031028,2.0,-2.0,-39.0
1776886949.5131028,6.0,0.0,-36.0
1776886949.5231028,6.0,0.0,-33.0
1776886949.5331028,3.0,4.0,-35.0
1776886949.5431027,2.0,5.0,-35.0
1776886949.5531027,5.0,2.0,-34.0
1776886949.5631027,6.0,2.0,-23.0
1776886949.5731027,2.0,5.0,-24.0
1776886949.5831027,1.0,3.0,-25.0
1776886949.5931027,3.0,3.0,-25.0
1776886949.6031027,4.0,1.0,-33.0
1776886949.613103,0.0,2.0,-36.0
1776886949.623103,-2.0,-1.0,-40.0
1776886949.633103,-6.0,1.0,-37.0
1776886949.6431026,-6.0,-2.0,-31.0
1776886949.6531026,-4.0,-3.0,-35.0
1776886949.6631026,-4.0,-4.0,-35.0
1776886949.6731029,-4.0,-2.0,-40.0
1776886949.6831028,-8.0,-2.0,-40.0
1776886949.6931028,-6.0,0.0,-45.0
1776886949.7031028,-4.0,0.0,-42.0
1776886949.7131028,-4.0,-3.0,-41.0
1776886949.7231028,-1.0,-4.0,-44.0
1776886949.7331028,-2.0,-4.0,-46.0
1776886949.7431028,-6.0,-2.0,-45.0
1776886949.7531028,-5.0,0.0,-42.0
1776886949.7631028,-9.0,1.0,-42.0
1776886949.7731028,-7.0,1.0,-47.0
1776886949.7831028,-2.0,2.0,-42.0
1776886949.7931027,4.0,3.0,-40.0
1776886949.8031027,2.0,5.0,-43.0
1776886949.8131027,2.0,4.0,-46.0
1776886949.8231027,1.0,2.0,-42.0
1776886949.8331027,1.0,1.0,-35.0
1776886949.8431027,3.0,0.0,-38.0
1776886949.8531027,7.0,-3.0,-36.0
1776886949.863103,9.0,-3.0,-30.0
1776886949.873103,9.0,0.0,-23.0
1776886949.883103,3.0,-1.0,-27.0
1776886949.8931026,1.0,2.0,-23.0
1776886949.9031026,-1.0,4.0,-24.0
1776886949.9131026,-3.0,-2.0,-30.0
1776886949.9231029,-5.0,-1.0,-29.0
1776886949.9331028,-5.0,-2.0,-34.0
1776886949.9431028,-5.0,-3.0,-28.0
1776886949.9531028,-2.0,-1.0,-31.0
1776886949.9631028,-1.0,-2.0,-25.0
1776886949.9731028,-6.0,-1.0,-28.0
1776886949.9831028,-9.0,0.0,-26.0
1776886949.9931028,-1.0,0.0,-33.0
1776886950.0031028,0.0,-2.0,-36.0
1776886950.0131028,3.0,-2.0,-41.0
1776886950.0231028,2.0,2.0,-45.0
1776886950.0331028,3.0,-1.0,-46.0
1776886950.0431027,6.0,-1.0,-49.0
1776886950.0531027,7.0,0.0,-43.0
1776886950.0631027,5.0,-2.0,-43.0
1776886950.0731027,5.0,-9.0,-49.0
1776886950.0841026,5.0,-9.0,-47.0
1776886950.0931027,3.0,-4.0,-41.0
1776886950.1031027,0.0,-1.0,-39.0
1776886950.113103,2.0,-4.0,-45.0
1776886950.123103,1.0,-1.0,-43.0
1776886950.133103,-3.0,0.0,-43.0
1776886950.1441028,0.0,-2.0,-46.0
1776886950.1541028,-2.0,-2.0,-47.0
1776886950.1641028,-4.0,0.0,-50.0
1776886950.1741028,0.0,-1.0,-44.0
1776886950.1841028,0.0,-3.0,-44.0
1776886950.1941028,2.0,-3.0,-33.0
1776886950.2041028,-2.0,-1.0,-33.0
1776886950.2141027,-7.0,1.0,-32.0
1776886950.2241027,-8.0,2.0,-38.0
1776886950.2341027,-5.0,0.0,-40.0
1776886950.2441027,-4.0,-3.0,-39.0
1776886950.2541027,-7.0,-4.0,-40.0
1776886950.2641027,-4.0,-6.0,-40.0
1776886950.2741027,-6.0,-2.0,-35.0
1776886950.284103,-7.0,-1.0,-33.0
1776886950.294103,-9.0,-1.0,-34.0
1776886950.304103,-10.0,-1.0,-32.0
1776886950.3141026,-7.0,-2.0,-35.0
1776886950.3241026,-3.0,-3.0,-36.0
1776886950.3341026,-7.0,-5.0,-31.0
1776886950.3441026,-6.0,-6.0,-34.0
1776886950.3541028,-3.0,-5.0,-33.0
1776886950.3641028,-2.0,-1.0,-36.0
1776886950.3741028,-6.0,2.0,-31.0
1776886950.3841028,-5.0,5.0,-34.0
1776886950.3941028,-4.0,0.0,-42.0
1776886950.4041028,0.0,0.0,-42.0
1776886950.4141028,8.0,2.0,-46.0
1776886950.4241028,9.0,2.0,-44.0
1776886950.4341028,8.0,3.0,-44.0
1776886950.4441028,11.0,3.0,-39.0
1776886950.4541028,7.0,-2.0,-40.0
1776886950.4641027,2.0,-3.0,-40.0
1776886950.4741027,3.0,-6.0,-41.0
1776886950.4841027,7.0,-6.0,-33.0
1776886950.4941027,6.0,-7.0,-39.0
1776886950.5041027,6.0,-4.0,-42.0
1776886950.5141027,5.0,-6.0,-39.0
1776886950.5241027,3.0,-5.0,-39.0
1776886950.534103,4.0,-6.0,-41.0
1776886950.544103,0.0,-2.0,-39.0
1776886950.554103,-3.0,-4.0,-41.0
1776886950.5641026,-5.0,0.0,-44.0
1776886950.5741026,-3.0,3.0,-37.0
1776886950.5841026,1.0,0.0,-35.0
1776886950.5941026,0.0,-6.0,-39.0
1776886950.6041028,1.0,-2.0,-36.0
1776886950.6141028,2.0,-3.0,-34.0
1776886950.6241028,-2.0,-5.0,-32.0
1776886950.6341028,-4.0,-7.0,-28.0
1776886950.6441028,-8.0,-1.0,-28.0
1776886950.6541028,-10.0,-4.0,-29.0
1776886950.6641028,-10.0,0.0,-26.0
1776886950.6741028,-6.0,1.0,-31.0
1776886950.6841028,-1.0,5.0,-35.0
1776886950.6941028,1.0,3.0,-39.0
1776886950.7041028,0.0,0.0,-41.0
1776886950.7141027,2.0,-2.0,-45.0
1776886950.7241027,4.0,-4.0,-46.0
1776886950.7341027,9.0,-3.0,-42.0
1776886950.7441027,6.0,-3.0,-40.0
1776886950.7541027,2.0,-2.0,-32.0
1776886950.7641027,4.0,0.0,-31.0
1776886950.7741027,2.0,1.0,-38.0
1776886950.784103,0.0,1.0,-49.0
1776886950.794103,2.0,-4.0,-45.0
1776886950.804103,0.0,-4.0,-40.0
1776886950.8141026,0.0,-3.0,-34.0
1776886950.8241026,2.0,-4.0,-33.0
1776886950.8341026,3.0,-1.0,-39.0
1776886950.8441026,5.0,-2.0,-38.0
1776886950.8541028,2.0,-2.0,-37.0
1776886950.8641028,3.0,-4.0,-33.0
1776886950.8741028,1.0,-5.0,-32.0
1776886950.8841028,-1.0,-5.0,-32.0
1776886950.8941028,0.0,-5.0,-34.0
1776886950.9041028,5.0,-6.0,-24.0
1776886950.9141028,3.0,-7.0,-27.0
1776886950.9241028,1.0,-8.0,-26.0
1776886950.9341028,0.0,-5.0,-30.0
1776886950.9441028,1.0,-2.0,-32.0
1776886950.9541028,4.0,-3.0,-33.0
1776886950.9641027,4.0,0.0,-37.0
1776886950.9741027,2.0,0.0,-34.0
1776886950.9841027,0.0,0.0,-30.0
1776886950.9941027,1.0,5.0,-32.0
1776886951.0041027,0.0,5.0,-43.0
1776886951.0141027,1.0,1.0,-35.0
1776886951.0241027,1.0,0.0,-38.0
1776886951.034103,-6.0,-1.0,-40.0
1776886951.044103,-2.0,-1.0,-34.0
1776886951.054103,0.0,0.0,-31.0
1776886951.0641026,0.0,-3.0,-34.0
1776886951.0741026,0.0,-4.0,-40.0
1776886951.0841026,5.0,-7.0,-41.0
1776886951.0941026,5.0,-5.0,-41.0
1776886951.1041028,6.0,-4.0,-45.0
1776886951.1141028,6.0,-2.0,-40.0
1776886951.1241028,4.0,-3.0,-41.0
1776886951.1341028,1.0,-5.0,-45.0
1776886951.1441028,1.0,-3.0,-43.0
1776886951.1541028,2.0,-6.0,-43.0
1776886951.1641028,0.0,-4.0,-47.0
1776886951.1741028,-1.0,-2.0,-44.0
1776886951.1841028,-3.0,0.0,-38.0
1776886951.1941028,-10.0,3.0,-40.0
1776886951.2041028,-9.0,1.0,-43.0
1776886951.2141027,-3.0,0.0,-41.0
1776886951.2241027,-5.0,0.0,-41.0
1776886951.2341027,-3.0,0.0,-43.0
1776886951.2441027,-4.0,5.0,-40.0
1776886951.2541027,-5.0,5.0,-34.0
1776886951.2641027,-2.0,2.0,-36.0
1776886951.2741027,0.0,5.0,-36.0
1776886951.284103,0.0,5.0,-36.0
1776886951.294103,0.0,3.0,-34.0
1776886951.304103,2.0,1.0,-33.0
1776886951.3141026,0.0,3.0,-27.0
1776886951.3241026,3.0,5.0,-31.0
1776886951.3341026,1.0,6.0,-34.0
1776886951.3441026,-3.0,3.0,-40.0
1776886951.3541028,-5.0,1.0,-40.0
1776886951.3641028,-3.0,2.0,-40.0
1776886951.3741028,-2.0,5.0,-44.0
1776886951.3841028,-3.0,5.0,-41.0
1776886951.3941028,-2.0,2.0,-44.0
1776886951.4041028,0.0,2.0,-47.0
1776886951.4141028,-1.0,4.0,-47.0
1776886951.4241028,-7.0,2.0,-42.0
1776886951.4341028,-5.0,1.0,-40.0
1776886951.4441028,-4.0,0.0,-42.0
1776886951.4541028,-7.0,2.0,-35.0
1776886951.4641027,-3.0,2.0,-31.0
1776886951.4741027,3.0,9.0,-35.0
1776886951.4841027,4.0,10.0,-36.0
1776886951.4941027,6.0,8.0,-39.0
1776886951.5041027,4.0,5.0,-34.0
1776886951.5141027,5.0,2.0,-37.0
1776886951.5241027,4.0,4.0,-38.0
1776886951.534103,1.0,3.0,-36.0
1776886951.544103,0.0,4.0,-38.0
1776886951.554103,0.0,4.0,-39.0
1776886951.5641026,-1.0,6.0,-30.0
1776886951.5741026,0.0,4.0,-32.0
1776886951.5841026,6.0,1.0,-38.0
1776886951.5941026,9.0,1.0,-44.0
1776886951.6041028,11.0,-2.0,-40.0
1776886951.6141028,9.0,0.0,-32.0
1776886951.6241028,6.0,0.0,-33.0
1776886951.6341028,3.0,-1.0,-33.0
1776886951.6441028,1.0,0.0,-42.0
1776886951.6541028,0.0,0.0,-39.0
1776886951.6641028,0.0,-1.0,-40.0
1776886951.6741028,3.0,-2.0,-37.0
1776886951.6841028,7.0,-4.0,-38.0
1776886951.6941028,3.0,-9.0,-38.0
1776886951.7041028,2.0,-10.0,-36.0
1776886951.7141027,4.0,-6.0,-40.0
1776886951.7241027,6.0,-4.0,-41.0
1776886951.7341027,4.0,-1.0,-38.0
1776886951.7441027,2.0,-1.0,-40.0
1776886951.7541027,1.0,-2.0,-44.0
1776886951.7641027,2.0,0.0,-41.0
1776886951.7741027,0.0,5.0,-41.0
1776886951.784103,1.0,6.0,-37.0
1776886951.794103,1.0,4.0,-41.0
1776886951.804103,0.0,2.0,-38.0
1776886951.8141026,-3.0,2.0,-34.0
1776886951.8241026,-5.0,2.0,-36.0
1776886951.8341026,-11.0,-1.0,-29.0
1776886951.8441026,-7.0,-3.0,-27.0
1776886951.8541028,-2.0,0.0,-25.0
1776886951.8641028,0.0,0.0,-35.0
1776886951.8741028,1.0,1.0,-31.0
1776886951.8841028,1.0,0.0,-32.0
1776886951.8941028,1.0,2.0,-27.0
1776886951.9041028,-2.0,3.0,-19.0
1776886951.9141028,2.0,1.0,-20.0
1776886951.9241028,4.0,0.0,-32.0
1776886951.9341028,5.0,0.0,-35.0
1776886951.9441028,9.0,-5.0,-32.0
1776886951.9541028,13.0,-3.0,-42.0
1776886951.9641027,9.0,-1.0,-46.0
1776886951.9741027,6.0,-3.0,-48.0
1776886951.9841027,8.0,-1.0,-49.0
1776886951.9941027,3.0,-3.0,-44.0
1776886952.0041027,4.0,-4.0,-42.0
1776886952.0141027,3.0,-8.0,-41.0
1776886952.0241027,1.0,-10.0,-35.0
1776886952.034103,-2.0,-8.0,-35.0
1776886952.044103,-1.0,-7.0,-35.0
1776886952.054103,0.0,-5.0,-33.0
1776886952.0641026,0.0,-2.0,-37.0
1776886952.0741026,0.0,-1.0,-38.0
1776886952.0841026,-4.0,0.0,-36.0
1776886952.0941026,-4.0,0.0,-35.0
1776886952.1041028,-4.0,3.0,-38.0
1776886952.1151028,-2.0,6.0,-36.0
1776886952.1251028,0.0,3.0,-39.0
1776886952.1351027,1.0,1.0,-39.0
1776886952.1451027,-2.0,1.0,-37.0
1776886952.1551027,-6.0,3.0,-36.0
1776886952.1651027,-1.0,0.0,-39.0
1776886952.1751027,-2.0,-2.0,-38.0
1776886952.1851027,-3.0,-4.0,-41.0
1776886952.1951027,-3.0,-4.0,-45.0
1776886952.2051027,-5.0,-3.0,-44.0
1776886952.215103,0.0,-3.0,-43.0
1776886952.225103,0.0,0.0,-35.0
1776886952.235103,0.0,1.0,-33.0
1776886952.2451026,1.0,0.0,-26.0
1776886952.2551026,0.0,-1.0,-23.0
1776886952.2651026,-1.0,-3.0,-31.0
1776886952.2751029,-3.0,-5.0,-34.0
1776886952.2851028,-9.0,-1.0,-31.0
1776886952.2951028,-12.0,-1.0,-39.0
1776886952.3051028,-11.0,-1.0,-37.0
1776886952.3151028,-3.0,-5.0,-36.0
1776886952.3251028,1.0,-3.0,-33.0
1776886952.3351028,5.0,-4.0,-32.0
1776886952.3451028,6.0,0.0,-41.0
1776886952.3551028,9.0,-1.0,-50.0
1776886952.3651028,10.0,3.0,-42.0
1776886952.3751028,11.0,2.0,-35.0
1776886952.3851027,13.0,3.0,-30.0
1776886952.3951027,8.0,2.0,-31.0
1776886952.4051027,8.0,-3.0,-38.0
1776886952.4151027,8.0,-4.0,-35.0
1776886952.4251027,9.0,-5.0,-34.0
1776886952.4351027,5.0,-2.0,-40.0
1776886952.4451027,0.0,-5.0,-35.0
1776886952.4551027,2.0,-8.0,-30.0
1776886952.465103,1.0,-5.0,-36.0
1776886952.475103,-2.0,-2.0,-35.0
1776886952.485103,-3.0,-4.0,-40.0
1776886952.4951026,-4.0,0.0,-39.0
1776886952.5051026,-6.0,4.0,-39.0
1776886952.5151026,-4.0,3.0,-41.0
1776886952.5251029,-4.0,4.0,-44.0
1776886952.5351028,-2.0,3.0,-50.0
1776886952.5451028,-7.0,2.0,-45.0
1776886952.5551028,-4.0,1.0,-47.0
1776886952.5651028,-2.0,0.0,-40.0
1776886952.5751028,-5.0,0.0,-31.0
1776886952.5851028,-5.0,0.0,-30.0
1776886952.5951028,-4.0,1.0,-33.0
1776886952.6051028,-7.0,3.0,-34.0
1776886952.6151028,-4.0,4.0,-43.0
1776886952.6251028,-4.0,5.0,-37.0
1776886952.6351027,0.0,5.0,-38.0
1776886952.6451027,-2.0,2.0,-36.0
1776886952.6551027,-1.0,1.0,-34.0
1776886952.6651027,1.0,-3.0,-35.0
1776886952.6751027,2.0,-1.0,-38.0
1776886952.6851027,5.0,-5.0,-31.0
1776886952.6951027,5.0,-1.0,-42.0
1776886952.7051027,6.0,-2.0,-37.0
1776886952.715103,1.0,-3.0,-38.0
1776886952.725103,6.0,-4.0,-35.0
1776886952.735103,0.0,0.0,-30.0
1776886952.7451026,0.0,0.0,-34.0
1776886952.7551026,3.0,-1.0,-34.0
1776886952.7651026,5.0,-3.0,-37.0
1776886952.7751029,2.0,-6.0,-39.0
1776886952.7851028,0.0,-5.0,-43.0
1776886952.7951028,1.0,-5.0,-40.0
1776886952.8051028,-4.0,-3.0,-35.0
1776886952.8151028,-4.0,-1.0,-33.0
1776886952.8251028,-2.0,-1.0,-38.0
1776886952.8351028,0.0,0.0,-41.0
1776886952.8451028,0.0,-1.0,-45.0
1776886952.8551028,4.0,-4.0,-44.0
1776886952.8651028,0.0,2.0,-41.0
1776886952.8751028,0.0,3.0,-40.0
1776886952.8851027,1.0,-3.0,-44.0
1776886952.8951027,2.0,-5.0,-44.0
1776886952.9051027,0.0,-1.0,-40.0
1776886952.9151027,0.0,-1.0,-40.0
1776886952.9251027,-3.0,2.0,-37.0
1776886952.9351027,-4.0,1.0,-41.0
1776886952.9451027,-1.0,1.0,-36.0
1776886952.9551027,1.0,5.0,-41.0
1776886952.965103,1.0,5.0,-43.0
1776886952.975103,0.0,4.0,-45.0
1776886952.985103,-2.0,0.0,-45.0
1776886952.9951026,-4.0,3.0,-43.0
1776886953.0051026,-3.0,2.0,-45.0
1776886953.0151026,0.0,1.0,-36.0
1776886953.0251029,2.0,-3.0,-40.0
1776886953.0351028,3.0,-3.0,-31.0
1776886953.0451028,8.0,-4.0,-30.0
1776886953.0551028,5.0,-4.0,-28.0
1776886953.0651028,5.0,0.0,-28.0
1776886953.0751028,4.0,2.0,-28.0
1776886953.0851028,2.0,1.0,-32.0
1776886953.0951028,2.0,1.0,-36.0
1776886953.1051028,0.0,2.0,-34.0
1776886953.1151028,3.0,5.0,-37.0
1776886953.1251028,0.0,1.0,-41.0
1776886953.1351027,4.0,0.0,-40.0
1776886953.1451027,5.0,2.0,-40.0
1776886953.1551027,2.0,1.0,-42.0
1776886953.1651027,3.0,0.0,-37.0
1776886953.1751027,4.0,-4.0,-38.0
1776886953.1851027,6.0,-4.0,-33.0
1776886953.1951027,6.0,-5.0,-42.0
1776886953.2051027,9.0,-3.0,-50.0
1776886953.215103,8.0,-4.0,-46.0
1776886953.225103,5.0,-1.0,-47.0
1776886953.235103,4.0,-1.0,-46.0
1776886953.2451026,5.0,-2.0,-49.0
1776886953.2551026,3.0,-1.0,-48.0
1776886953.2651026,3.0,-2.0,-53.0
1776886953.2751029,2.0,1.0,-52.0
1776886953.2851028,-1.0,3.0,-46.0
1776886953.2951028,-4.0,3.0,-42.0
1776886953.3051028,-3.0,6.0,-40.0
1776886953.3151028,-5.0,9.0,-42.0
1776886953.3251028,-1.0,8.0,-43.0
1776886953.3351028,-2.0,6.0,-42.0
1776886953.3451028,-2.0,8.0,-36.0
1776886953.3551028,-1.0,4.0,-34.0
1776886953.3651028,-1.0,1.0,-37.0
1776886953.3751028,-2.0,0.0,-36.0
1776886953.3851027,2.0,2.0,-35.0
1776886953.3951027,0.0,3.0,-43.0
1776886953.4051027,0.0,4.0,-45.0
1776886953.4151027,0.0,0.0,-45.0
1776886953.4251027,2.0,0.0,-48.0
1776886953.4351027,0.0,-1.0,-47.0
1776886953.4451027,1.0,0.0,-45.0
1776886953.4551027,2.0,0.0,-39.0
1776886953.465103,-2.0,0.0,-43.0
1776886953.475103,-4.0,3.0,-39.0
1776886953.485103,-2.0,3.0,-35.0
1776886953.4951026,-4.0,5.0,-37.0
1776886953.5051026,-2.0,5.0,-34.0
1776886953.5151026,0.0,5.0,-32.0
1776886953.5251029,-5.0,4.0,-30.0
1776886953.5351028,-4.0,5.0,-39.0
1776886953.5451028,-2.0,6.0,-32.0
1776886953.5551028,2.0,2.0,-29.0
1776886953.5651028,6.0,-2.0,-28.0
1776886953.5751028,1.0,0.0,-34.0
1776886953.5851028,0.0,3.0,-31.0
1776886953.5951028,0.0,4.0,-34.0
1776886953.6051028,0.0,5.0,-29.0
1776886953.6151028,2.0,5.0,-23.0
1776886953.6251028,0.0,4.0,-27.0
1776886953.6351027,2.0,2.0,-37.0
1776886953.6451027,1.0,2.0,-36.0
1776886953.6551027,1.0,2.0,-37.0
1776886953.6651027,5.0,1.0,-37.0
1776886953.6751027,9.0,2.0,-31.0
1776886953.6851027,6.0,1.0,-33.0
1776886953.6951027,1.0,-1.0,-37.0
1776886953.7051027,1.0,-2.0,-36.0
1776886953.715103,5.0,-3.0,-38.0
1776886953.725103,8.0,3.0,-39.0
1776886953.735103,7.0,6.0,-44.0
1776886953.7451026,6.0,1.0,-45.0
1776886953.7551026,6.0,-2.0,-44.0
1776886953.7651026,5.0,-3.0,-38.0
1776886953.7751029,3.0,2.0,-37.0
1776886953.7851028,4.0,6.0,-37.0
1776886953.7951028,3.0,5.0,-44.0
1776886953.8051028,4.0,4.0,-41.0
1776886953.8151028,7.0,6.0,-38.0
1776886953.8251028,4.0,2.0,-35.0
1776886953.8351028,3.0,3.0,-36.0
1776886953.8451028,-3.0,6.0,-35.0
1776886953.8551028,-11.0,6.0,-31.0
1776886953.8651028,-12.0,3.0,-34.0
1776886953.8751028,-11.0,0.0,-38.0
1776886953.8851027,-12.0,1.0,-43.0
1776886953.8951027,-7.0,2.0,-44.0
1776886953.9051027,-7.0,0.0,-46.0
1776886953.9151027,-4.0,-5.0,-51.0
1776886953.9251027,-5.0,-7.0,-46.0
1776886953.9351027,-3.0,-6.0,-46.0
1776886953.9451027,-1.0,0.0,-47.0
1776886953.9551027,-8.0,1.0,-39.0
1776886953.965103,-7.0,-1.0,-36.0
1776886953.975103,-3.0,-4.0,-44.0
1776886953.985103,1.0,-4.0,-46.0
1776886953.9951026,1.0,1.0,-41.0
1776886954.0051026,-2.0,-2.0,-30.0
1776886954.0151026,-6.0,-5.0,-29.0
1776886954.0251029,-2.0,-4.0,-34.0
1776886954.0351028,0.0,-6.0,-34.0
1776886954.0451028,-3.0,-7.0,-30.0
1776886954.0551028,-3.0,-6.0,-39.0
1776886954.0651028,0.0,-5.0,-43.0
1776886954.0751028,-1.0,0.0,-51.0
1776886954.0851028,1.0,4.0,-53.0
1776886954.0961027,2.0,0.0,-51.0
1776886954.1061027,-1.0,0.0,-50.0
1776886954.1161027,0.0,1.0,-48.0
1776886954.1251028,-1.0,3.0,-43.0
1776886954.136103,3.0,3.0,-46.0
1776886954.146103,2.0,5.0,-42.0
1776886954.156103,4.0,0.0,-42.0
1776886954.1661026,0.0,-2.0,-44.0
1776886954.1761026,6.0,0.0,-46.0
1776886954.1861026,8.0,-3.0,-46.0
1776886954.1961029,4.0,-1.0,-41.0
1776886954.2061028,2.0,-1.0,-39.0
1776886954.2161028,0.0,0.0,-35.0
1776886954.2261028,0.0,0.0,-34.0
1776886954.2361028,-3.0,-2.0,-32.0
1776886954.2461028,-4.0,0.0,-34.0
1776886954.2561028,-1.0,3.0,-41.0
1776886954.2661028,1.0,2.0,-42.0
1776886954.2761028,3.0,-1.0,-39.0
1776886954.2861028,2.0,2.0,-39.0
1776886954.2961028,0.0,0.0,-44.0
1776886954.3061028,0.0,0.0,-49.0
1776886954.3161027,-2.0,2.0,-48.0
1776886954.3261027,0.0,-1.0,-42.0
1776886954.3361027,-4.0,-1.0,-39.0
1776886954.3461027,-3.0,-3.0,-42.0
1776886954.3561027,-3.0,0.0,-34.0
1776886954.3661027,0.0,-1.0,-37.0
1776886954.3761027,5.0,-2.0,-42.0
1776886954.386103,5.0,-3.0,-41.0
1776886954.396103,0.0,-8.0,-37.0
1776886954.406103,-2.0,-8.0,-39.0
1776886954.4161026,-2.0,-6.0,-36.0
1776886954.4261026,-3.0,-4.0,-31.0
1776886954.4361026,-4.0,-5.0,-30.0
1776886954.4461029,-7.0,-5.0,-38.0
1776886954.4561028,-9.0,-6.0,-44.0
1776886954.4661028,-8.0,0.0,-40.0
1776886954.4761028,-5.0,1.0,-38.0
1776886954.4861028,-3.0,5.0,-39.0
1776886954.4961028,-4.0,8.0,-36.0
1776886954.5061028,0.0,9.0,-35.0
1776886954.5161028,2.0,6.0,-30.0
1776886954.5261028,6.0,7.0,-27.0
1776886954.5361028,7.0,10.0,-24.0
1776886954.5461028,7.0,6.0,-29.0
1776886954.5561028,9.0,8.0,-38.0
1776886954.5661027,7.0,4.0,-35.0
1776886954.5761027,13.0,2.0,-39.0
1776886954.5861027,11.0,1.0,-41.0
1776886954.5961027,10.0,0.0,-44.0
1776886954.6061027,8.0,-1.0,-44.0
1776886954.6161027,4.0,-5.0,-44.0
1776886954.6261027,5.0,-5.0,-39.0
1776886954.636103,2.0,-3.0,-36.0
1776886954.646103,0.0,0.0,-34.0
1776886954.656103,3.0,0.0,-41.0
1776886954.6661026,3.0,-2.0,-39.0
1776886954.6761026,8.0,-3.0,-46.0
1776886954.6861026,8.0,-5.0,-47.0
1776886954.6961029,5.0,-4.0,-49.0
1776886954.7061028,1.0,0.0,-49.0
1776886954.7161028,6.0,0.0,-49.0
1776886954.7261028,4.0,-2.0,-45.0
1776886954.7361028,5.0,-5.0,-42.0
1776886954.7461028,6.0,-4.0,-39.0
1776886954.7561028,8.0,-3.0,-38.0
1776886954.7661028,4.0,-6.0,-39.0
1776886954.7761028,0.0,-4.0,-41.0
1776886954.7861028,-4.0,-4.0,-37.0
1776886954.7961028,-2.0,-3.0,-34.0
1776886954.8061028,-2.0,-3.0,-34.0
1776886954.8161027,4.0,-2.0,-31.0
1776886954.8261027,4.0,-4.0,-35.0
1776886954.8361027,3.0,-4.0,-32.0
1776886954.8461027,2.0,-6.0,-36.0
1776886954.8561027,2.0,-3.0,-43.0
1776886954.8661027,3.0,-1.0,-45.0
1776886954.8761027,3.0,1.0,-47.0
1776886954.886103,1.0,4.0,-44.0
1776886954.896103,-2.0,3.0,-41.0
1776886954.906103,0.0,1.0,-41.0
1776886954.9161026,-3.0,0.0,-40.0
1776886954.9261026,-4.0,0.0,-43.0
1776886954.9361026,-1.0,0.0,-35.0
1776886954.9461029,1.0,-4.0,-37.0
1776886954.9561028,3.0,-6.0,-39.0
1776886954.9661028,-1.0,-3.0,-43.0
1776886954.9761028,3.0,-5.0,-41.0
1776886954.9861028,2.0,0.0,-37.0
1776886954.9961028,0.0,0.0,-34.0
1776886955.0061028,0.0,0.0,-36.0
1776886955.0161028,4.0,0.0,-38.0
1776886955.0261028,3.0,-5.0,-43.0
1776886955.0361028,0.0,-5.0,-41.0
1776886955.0461028,4.0,-4.0,-40.0
1776886955.0561028,1.0,-8.0,-37.0
1776886955.0661027,0.0,-12.0,-41.0
1776886955.0761027,2.0,-10.0,-36.0
1776886955.0861027,3.0,-7.0,-38.0
1776886955.0961027,0.0,-5.0,-35.0
1776886955.1061027,0.0,-3.0,-33.0
1776886955.1161027,0.0,0.0,-33.0
1776886955.1261027,-2.0,1.0,-42.0
1776886955.136103,2.0,0.0,-42.0
1776886955.146103,1.0,-6.0,-37.0
1776886955.156103,6.0,-4.0,-43.0
1776886955.1661026,8.0,-7.0,-39.0
1776886955.1761026,5.0,-3.0,-42.0
1776886955.1861026,6.0,-4.0,-37.0
1776886955.1961029,3.0,0.0,-38.0
1776886955.2061028,1.0,1.0,-36.0
1776886955.2161028,6.0,2.0,-31.0
1776886955.2261028,8.0,1.0,-39.0
1776886955.2361028,10.0,0.0,-39.0
1776886955.2461028,8.0,0.0,-47.0
1776886955.2561028,8.0,0.0,-50.0
1776886955.2661028,1.0,0.0,-43.0
1776886955.2761028,-1.0,0.0,-51.0
1776886955.2861028,-1.0,-1.0,-50.0
1776886955.2961028,0.0,0.0,-50.0
1776886955.3061028,3.0,0.0,-42.0
1776886955.3161027,5.0,-3.0,-39.0
1776886955.3261027,7.0,-4.0,-41.0
1776886955.3361027,5.0,-3.0,-42.0
1776886955.3461027,10.0,0.0,-44.0
1776886955.3561027,13.0,0.0,-41.0
1776886955.3661027,9.0,0.0,-35.0
1776886955.3761027,7.0,-1.0,-36.0
1776886955.386103,8.0,-3.0,-38.0
1776886955.396103,9.0,-1.0,-36.0
1776886955.406103,9.0,-1.0,-30.0
1776886955.4161026,8.0,-5.0,-38.0
1776886955.4261026,1.0,-7.0,-37.0
1776886955.4361026,4.0,-7.0,-28.0
1776886955.4461029,6.0,-7.0,-26.0
1776886955.4561028,2.0,-9.0,-29.0
1776886955.4661028,0.0,-7.0,-29.0
1776886955.4761028,-3.0,-6.0,-26.0
1776886955.4861028,-1.0,-2.0,-29.0
1776886955.4961028,1.0,2.0,-31.0
1776886955.5061028,-2.0,3.0,-41.0
1776886955.5161028,-4.0,-1.0,-42.0
1776886955.5261028,-2.0,-5.0,-40.0
1776886955.5361028,-4.0,0.0,-38.0
1776886955.5461028,-1.0,-1.0,-33.0
1776886955.5561028,-1.0,-4.0,-42.0
1776886955.5661027,0.0,-4.0,-40.0
1776886955.5761027,-1.0,-5.0,-40.0
1776886955.5861027,-2.0,-4.0,-45.0
1776886955.5961027,-4.0,-6.0,-38.0
1776886955.6061027,-2.0,-5.0,-45.0
1776886955.6161027,0.0,-7.0,-47.0
1776886955.6261027,0.0,-7.0,-38.0
1776886955.636103,-2.0,-10.0,-39.0
1776886955.646103,0.0,-8.0,-39.0
1776886955.656103,0.0,-9.0,-36.0
1776886955.6661026,-2.0,-9.0,-30.0
1776886955.6761026,-4.0,-5.0,-26.0
1776886955.6861026,-6.0,-4.0,-26.0
1776886955.6961029,-11.0,-3.0,-27.0
1776886955.7061028,-9.0,1.0,-30.0
1776886955.7161028,-12.0,0.0,-31.0
1776886955.7261028,-8.0,-1.0,-32.0
1776886955.7361028,-8.0,-3.0,-33.0
1776886955.7461028,-10.0,-3.0,-32.0
1776886955.7561028,-3.0,-5.0,-33.0
1776886955.7661028,-1.0,-6.0,-40.0
1776886955.7761028,-2.0,-7.0,-40.0
1776886955.7861028,-4.0,-11.0,-45.0
1776886955.7961028,-5.0,-10.0,-49.0
1776886955.8061028,-4.0,-11.0,-40.0
1776886955.8161027,-2.0,-10.0,-42.0
1776886955.8261027,0.0,-8.0,-44.0
1776886955.8361027,0.0,-6.0,-41.0
1776886955.8461027,0.0,-2.0,-36.0
1776886955.8561027,2.0,-4.0,-38.0
1776886955.8661027,1.0,-3.0,-37.0
1776886955.8761027,7.0,-3.0,-34.0
1776886955.886103,4.0,0.0,-36.0
1776886955.896103,1.0,0.0,-36.0
1776886955.906103,-3.0,0.0,-39.0
1776886955.9161026,-1.0,-1.0,-33.0
1776886955.9261026,2.0,0.0,-36.0
1776886955.9361026,2.0,0.0,-38.0
1776886955.9461029,6.0,-5.0,-40.0
1776886955.9561028,3.0,-3.0,-38.0
1776886955.9661028,0.0,-1.0,-35.0
1776886955.9761028,-4.0,0.0,-41.0
1776886955.9861028,-4.0,-4.0,-38.0
1776886955.9961028,-7.0,-6.0,-39.0
1776886956.0061028,-6.0,-5.0,-46.0
1776886956.0161028,-4.0,-3.0,-46.0
1776886956.0261028,-4.0,-2.0,-43.0
1776886956.0361028,-2.0,0.0,-41.0
1776886956.0461028,-1.0,1.0,-40.0
1776886956.0561028,-4.0,4.0,-41.0
1776886956.0661027,-1.0,0.0,-41.0
1776886956.0761027,-3.0,-1.0,-37.0
1776886956.087103,-3.0,-4.0,-41.0
1776886956.0971026,-2.0,3.0,-44.0
1776886956.1071026,4.0,4.0,-42.0
1776886956.1161027,1.0,-1.0,-40.0
1776886956.1271029,-3.0,-2.0,-36.0
1776886956.1371028,-6.0,-1.0,-33.0
1776886956.1471028,-6.0,3.0,-30.0
1776886956.1571028,-5.0,4.0,-26.0
1776886956.1671028,-5.0,6.0,-30.0
1776886956.1771028,-2.0,6.0,-29.0
1776886956.1871028,2.0,3.0,-27.0
1776886956.1971028,5.0,0.0,-31.0
1776886956.2071028,3.0,1.0,-37.0
1776886956.2171028,3.0,-1.0,-40.0
1776886956.2271028,3.0,-1.0,-34.0
1776886956.2371027,2.0,0.0,-37.0
1776886956.2471027,1.0,2.0,-36.0
1776886956.2571027,0.0,2.0,-29.0
1776886956.2671027,-2.0,0.0,-33.0
1776886956.2771027,-4.0,-1.0,-36.0
1776886956.2871027,-6.0,0.0,-34.0
1776886956.2971027,1.0,0.0,-35.0
1776886956.307103,5.0,4.0,-38.0
1776886956.317103,7.0,3.0,-35.0
1776886956.327103,8.0,0.0,-39.0
1776886956.337103,4.0,-2.0,-36.0
1776886956.3471026,5.0,2.0,-37.0
1776886956.3571026,5.0,5.0,-40.0
1776886956.3671026,-1.0,4.0,-41.0
1776886956.3771029,-4.0,2.0,-37.0
1776886956.3871028,-2.0,1.0,-40.0
1776886956.3971028,1.0,0.0,-45.0
1776886956.4071028,1.0,0.0,-34.0
1776886956.4171028,0.0,-1.0,-33.0
1776886956.4271028,-1.0,0.0,-33.0
1776886956.4371028,-4.0,1.0,-33.0
1776886956.4471028,-2.0,0.0,-32.0
1776886956.4571028,0.0,1.0,-33.0
1776886956.4671028,0.0,1.0,-34.0
1776886956.4771028,0.0,1.0,-35.0
1776886956.4871027,0.0,0.0,-31.0
1776886956.4971027,1.0,-1.0,-28.0
1776886956.5071027,1.0,1.0,-33.0
1776886956.5171027,3.0,5.0,-31.0
1776886956.5271027,0.0,0.0,-34.0
1776886956.5371027,0.0,-2.0,-34.0
1776886956.5471027,-2.0,0.0,-33.0
1776886956.557103,2.0,0.0,-31.0
1776886956.567103,5.0,0.0,-31.0
1776886956.577103,9.0,3.0,-25.0
1776886956.587103,9.0,2.0,-33.0
1776886956.5971026,6.0,1.0,-38.0
1776886956.6071026,8.0,0.0,-45.0
1776886956.6171026,6.0,-2.0,-41.0
1776886956.6271029,3.0,0.0,-43.0
1776886956.6371028,2.0,-1.0,-39.0
1776886956.6471028,-1.0,2.0,-40.0
1776886956.6571028,0.0,2.0,-38.0
1776886956.6671028,2.0,0.0,-38.0
1776886956.6771028,-1.0,0.0,-37.0
1776886956.6871028,0.0,-1.0,-34.0
1776886956.6971028,0.0,-2.0,-36.0
1776886956.7071028,2.0,-3.0,-40.0
1776886956.7171028,7.0,0.0,-37.0
1776886956.7271028,7.0,0.0,-31.0
1776886956.7371027,5.0,0.0,-34.0
1776886956.7471027,2.0,-3.0,-39.0
1776886956.7571027,0.0,0.0,-33.0
1776886956.7671027,5.0,-1.0,-32.0
1776886956.7771027,4.0,-4.0,-40.0
1776886956.7871027,2.0,-2.0,-39.0
1776886956.7971027,5.0,0.0,-33.0
1776886956.807103,5.0,0.0,-29.0
1776886956.817103,4.0,0.0,-32.0
1776886956.827103,0.0,0.0,-32.0
1776886956.837103,0.0,0.0,-34.0
1776886956.8471026,2.0,1.0,-38.0
1776886956.8571026,4.0,0.0,-33.0
1776886956.8671026,2.0,2.0,-33.0
1776886956.8771029,5.0,0.0,-42.0
1776886956.8871028,4.0,0.0,-53.0
1776886956.8971028,4.0,-3.0,-53.0
1776886956.9071028,2.0,-1.0,-50.0
1776886956.9171028,2.0,0.0,-47.0
1776886956.9271028,-1.0,-1.0,-45.0
1776886956.9371028,2.0,-2.0,-40.0
1776886956.9471028,3.0,0.0,-38.0
1776886956.9571028,4.0,0.0,-37.0
1776886956.9671028,6.0,0.0,-35.0
1776886956.9771028,3.0,0.0,-40.0
1776886956.9871027,3.0,-1.0,-45.0
1776886956.9971027,1.0,0.0,-45.0
1776886957.0071027,0.0,-1.0,-44.0
1776886957.0171027,0.0,0.0,-43.0
1776886957.0271027,-1.0,1.0,-41.0
1776886957.0371027,0.0,2.0,-34.0
1776886957.0471027,0.0,3.0,-33.0
1776886957.057103,0.0,2.0,-31.0
1776886957.067103,6.0,0.0,-34.0
1776886957.077103,8.0,0.0,-43.0
1776886957.087103,10.0,2.0,-44.0
1776886957.0971026,11.0,2.0,-39.0
1776886957.1071026,13.0,0.0,-34.0
1776886957.1171026,10.0,3.0,-33.0
1776886957.1271029,9.0,0.0,-39.0
1776886957.1371028,8.0,0.0,-38.0
1776886957.1471028,5.0,2.0,-32.0
1776886957.1571028,3.0,-2.0,-31.0
1776886957.1671028,4.0,-10.0,-35.0
1776886957.1771028,5.0,-10.0,-34.0
1776886957.1871028,2.0,-13.0,-34.0
1776886957.1971028,-1.0,-14.0,-36.0
1776886957.2071028,4.0,-9.0,-43.0
1776886957.2171028,-1.0,-6.0,-40.0
1776886957.2271028,-6.0,-5.0,-35.0
1776886957.2371027,-3.0,-4.0,-36.0
1776886957.2471027,-6.0,-3.0,-36.0
1776886957.2571027,-5.0,1.0,-36.0
1776886957.2671027,-7.0,4.0,-38.0
1776886957.2771027,-12.0,3.0,-42.0
1776886957.2871027,-11.0,2.0,-47.0
1776886957.2971027,-5.0,0.0,-46.0
1776886957.307103,1.0,-1.0,-45.0
1776886957.317103,-2.0,1.0,-46.0
1776886957.327103,-3.0,0.0,-39.0
1776886957.337103,-4.0,1.0,-33.0
1776886957.3471026,-6.0,0.0,-32.0
1776886957.3571026,-6.0,-3.0,-34.0
1776886957.3671026,-5.0,-5.0,-32.0
1776886957.3771029,-4.0,-7.0,-34.0
1776886957.3871028,-3.0,-8.0,-28.0
1776886957.3971028,-4.0,-6.0,-26.0
1776886957.4071028,-4.0,0.0,-23.0
1776886957.4171028,-7.0,-1.0,-25.0
1776886957.4271028,-5.0,-3.0,-23.0
1776886957.4371028,-2.0,0.0,-31.0
1776886957.4471028,-5.0,0.0,-36.0
1776886957.4571028,-2.0,0.0,-36.0
1776886957.4671028,2.0,-1.0,-36.0
1776886957.4771028,1.0,0.0,-43.0
1776886957.4871027,2.0,-1.0,-42.0
1776886957.4971027,3.0,0.0,-48.0
1776886957.5071027,4.0,1.0,-46.0
1776886957.5171027,6.0,1.0,-40.0
1776886957.5271027,2.0,0.0,-40.0
1776886957.5371027,2.0,-5.0,-32.0
1776886957.5471027,5.0,-7.0,-32.0
1776886957.557103,5.0,-7.0,-29.0
1776886957.567103,5.0,-4.0,-32.0
1776886957.577103,2.0,-10.0,-38.0
1776886957.587103,3.0,-9.0,-45.0
1776886957.5971026,8.0,-5.0,-42.0
1776886957.6071026,7.0,-4.0,-45.0
1776886957.6171026,2.0,-1.0,-43.0
1776886957.6271029,2.0,-1.0,-47.0
1776886957.6371028,-1.0,-2.0,-44.0
1776886957.6471028,0.0,-5.0,-37.0
1776886957.6571028,-1.0,-2.0,-39.0
1776886957.6671028,0.0,-1.0,-43.0
1776886957.6771028,1.0,-1.0,-45.0
1776886957.6871028,0.0,-4.0,-46.0
1776886957.6971028,5.0,-3.0,-46.0
1776886957.7071028,7.0,-2.0,-40.0
1776886957.7171028,3.0,-3.0,-39.0
1776886957.7271028,0.0,0.0,-36.0
1776886957.7371027,-2.0,-3.0,-37.0
1776886957.7471027,-1.0,-4.0,-33.0
1776886957.7571027,-1.0,-3.0,-38.0
1776886957.7671027,0.0,-1.0,-40.0
1776886957.7771027,1.0,1.0,-41.0
1776886957.7871027,2.0,0.0,-46.0
1776886957.7971027,4.0,0.0,-51.0
1776886957.807103,7.0,0.0,-48.0
1776886957.817103,10.0,-2.0,-48.0
1776886957.827103,8.0,-4.0,-38.0
1776886957.837103,3.0,-3.0,-36.0
1776886957.8471026,2.0,-4.0,-33.0
1776886957.8571026,4.0,-5.0,-34.0
1776886957.8671026,0.0,-6.0,-38.0
1776886957.8771029,0.0,-6.0,-38.0
1776886957.8871028,2.0,-4.0,-34.0
1776886957.8971028,-1.0,-2.0,-28.0
1776886957.9071028,-1.0,2.0,-30.0
1776886957.9171028,-2.0,6.0,-28.0
1776886957.9271028,-3.0,6.0,-24.0
1776886957.9371028,1.0,4.0,-25.0
1776886957.9471028,5.0,0.0,-27.0
1776886957.9571028,9.0,0.0,-28.0
1776886957.9671028,6.0,-3.0,-32.0
1776886957.9771028,1.0,-4.0,-34.0
1776886957.9871027,-2.0,-7.0,-31.0
1776886957.9971027,-4.0,-7.0,-35.0
1776886958.0071027,-5.0,-3.0,-35.0
1776886958.0171027,-1.0,-1.0,-32.0
1776886958.0271027,-1.0,-1.0,-37.0
1776886958.0371027,1.0,0.0,-42.0
1776886958.0471027,0.0,0.0,-39.0
1776886958.057103,-2.0,1.0,-37.0
1776886958.067103,-2.0,-2.0,-29.0
1776886958.077103,-4.0,-4.0,-30.0
1776886958.087103,-4.0,-3.0,-29.0
1776886958.0971026,0.0,-4.0,-29.0
1776886958.1071026,-2.0,-1.0,-31.0
1776886958.1171026,-3.0,-2.0,-29.0
1776886958.1281028,-2.0,-1.0,-31.0
1776886958.1381028,0.0,1.0,-32.0
1776886958.1481028,3.0,0.0,-29.0
1776886958.1581028,5.0,1.0,-32.0
1776886958.1681027,8.0,4.0,-30.0
1776886958.1781027,5.0,6.0,-32.0
1776886958.1881027,7.0,2.0,-30.0
1776886958.1981027,8.0,0.0,-32.0
1776886958.2081027,4.0,-4.0,-35.0
1776886958.2181027,5.0,-4.0,-35.0
1776886958.2281027,5.0,-5.0,-39.0
1776886958.238103,1.0,-5.0,-41.0
1776886958.248103,0.0,-3.0,-45.0
1776886958.258103,3.0,-6.0,-47.0
1776886958.2681026,3.0,-5.0,-51.0
1776886958.2781026,2.0,-1.0,-48.0
1776886958.2881026,0.0,-4.0,-39.0
1776886958.2981029,0.0,-3.0,-38.0
1776886958.3081028,1.0,-6.0,-38.0
1776886958.3181028,3.0,-2.0,-33.0
1776886958.3281028,0.0,-3.0,-34.0
1776886958.3381028,1.0,-4.0,-29.0
1776886958.3481028,0.0,-7.0,-30.0
1776886958.3581028,-1.0,-6.0,-33.0
1776886958.3681028,0.0,-5.0,-35.0
1776886958.3781028,7.0,-2.0,-44.0
1776886958.3881028,3.0,2.0,-50.0
1776886958.3981028,0.0,4.0,-54.0
1776886958.4081028,0.0,3.0,-58.0
1776886958.4181027,1.0,1.0,-48.0
1776886958.4281027,-1.0,0.0,-48.0
1776886958.4381027,3.0,-1.0,-47.0
1776886958.4481027,7.0,0.0,-44.0
1776886958.4581027,3.0,0.0,-40.0
1776886958.4681027,6.0,1.0,-34.0
1776886958.4781027,5.0,0.0,-26.0
1776886958.488103,3.0,0.0,-23.0
1776886958.498103,4.0,0.0,-30.0
1776886958.508103,3.0,0.0,-30.0
1776886958.5181026,0.0,0.0,-27.0
1776886958.5281026,-3.0,0.0,-27.0
1776886958.5381026,1.0,-3.0,-29.0
1776886958.5481029,0.0,-2.0,-30.0
1776886958.5581028,0.0,-2.0,-31.0
1776886958.5681028,-3.0,0.0,-30.0
1776886958.5781028,-4.0,3.0,-31.0
1776886958.5881028,-4.0,2.0,-35.0
1776886958.5981028,-1.0,0.0,-36.0
1776886958.6081028,1.0,-3.0,-36.0
1776886958.6181028,-2.0,-8.0,-34.0
1776886958.6281028,-4.0,-2.0,-38.0
1776886958.6381028,-3.0,0.0,-39.0
1776886958.6481028,-5.0,0.0,-46.0
1776886958.6581028,-5.0,-1.0,-43.0
1776886958.6681027,0.0,-6.0,-42.0
1776886958.6781027,1.0,-8.0,-48.0
1776886958.6881027,6.0,-4.0,-54.0
1776886958.6981027,7.0,-3.0,-60.0
1776886958.7081027,8.0,-4.0,-52.0
1776886958.7181027,9.0,-6.0,-50.0
1776886958.7281027,7.0,-5.0,-41.0
1776886958.738103,0.0,-9.0,-40.0
1776886958.748103,0.0,-6.0,-34.0
1776886958.758103,0.0,-8.0,-35.0
1776886958.7681026,-2.0,-5.0,-38.0
1776886958.7781026,2.0,-3.0,-39.0
1776886958.7881026,0.0,-1.0,-42.0
1776886958.7981029,4.0,0.0,-45.0
1776886958.8081028,1.0,0.0,-40.0
1776886958.8181028,-1.0,0.0,-37.0
1776886958.8281028,-1.0,-2.0,-35.0
1776886958.8381028,-3.0,0.0,-37.0
1776886958.8481028,-2.0,1.0,-41.0
1776886958.8581028,3.0,2.0,-39.0
1776886958.8681028,4.0,0.0,-35.0
1776886958.8781028,8.0,4.0,-35.0
1776886958.8881028,7.0,3.0,-37.0
1776886958.8981028,8.0,2.0,-39.0
1776886958.9081028,4.0,3.0,-43.0
1776886958.9181027,3.0,3.0,-34.0
1776886958.9281027,4.0,3.0,-34.0
1776886958.9381027,3.0,4.0,-33.0
1776886958.9481027,4.0,7.0,-35.0
1776886958.9581027,6.0,4.0,-37.0
1776886958.9681027,8.0,0.0,-43.0
1776886958.9781027,9.0,-2.0,-40.0
1776886958.988103,5.0,-4.0,-43.0
1776886958.998103,6.0,-1.0,-41.0
1776886959.008103,4.0,2.0,-38.0
1776886959.0181026,0.0,3.0,-37.0
1776886959.0281026,3.0,3.0,-38.0
1776886959.0381026,2.0,5.0,-38.0
1776886959.0481029,0.0,1.0,-41.0
1776886959.0581028,1.0,0.0,-45.0
1776886959.0681028,0.0,-3.0,-47.0
1776886959.0781028,-3.0,-3.0,-44.0
1776886959.0881028,-3.0,-4.0,-40.0
1776886959.0981028,-2.0,-4.0,-40.0
1776886959.1081028,-5.0,-3.0,-36.0
1776886959.1181028,-5.0,-2.0,-39.0
1776886959.1281028,-2.0,-5.0,-36.0
1776886959.1381028,1.0,-4.0,-35.0
1776886959.1481028,1.0,-3.0,-35.0
1776886959.1581028,3.0,0.0,-35.0
1776886959.1681027,2.0,1.0,-37.0
1776886959.1781027,8.0,3.0,-43.0
1776886959.1881027,5.0,1.0,-46.0
1776886959.1981027,5.0,0.0,-52.0
1776886959.2081027,10.0,-2.0,-53.0
1776886959.2181027,7.0,-3.0,-47.0
1776886959.2281027,6.0,-3.0,-40.0
1776886959.238103,2.0,-3.0,-43.0
1776886959.2491028,-2.0,-5.0,-44.0
1776886959.258103,-7.0,-6.0,-40.0
1776886959.2681026,-6.0,-7.0,-43.0
1776886959.2781026,-8.0,-3.0,-43.0
1776886959.2881026,-6.0,-4.0,-39.0
1776886959.2981029,-11.0,-5.0,-33.0
1776886959.3081028,-13.0,-6.0,-35.0
1776886959.3181028,-8.0,-3.0,-33.0
1776886959.3281028,-9.0,-2.0,-30.0
1776886959.3381028,-4.0,-3.0,-35.0
1776886959.3481028,1.0,-1.0,-34.0
1776886959.3581028,0.0,-1.0,-33.0
1776886959.3681028,1.0,-2.0,-38.0
1776886959.3781028,2.0,-3.0,-46.0
1776886959.3881028,0.0,1.0,-51.0
1776886959.3981028,0.0,-1.0,-51.0
1776886959.4081028,1.0,-1.0,-47.0
1776886959.4181027,-4.0,-1.0,-42.0
1776886959.4281027,-3.0,-5.0,-41.0
1776886959.4381027,-2.0,-11.0,-41.0
1776886959.4481027,-1.0,-9.0,-42.0
1776886959.4581027,-4.0,-8.0,-40.0
1776886959.4681027,-5.0,-5.0,-36.0
1776886959.4781027,-3.0,-7.0,-38.0
1776886959.488103,3.0,-7.0,-47.0
1776886959.498103,4.0,-6.0,-48.0
1776886959.508103,10.0,-6.0,-50.0
1776886959.5181026,8.0,-5.0,-40.0
1776886959.5281026,8.0,-7.0,-34.0
1776886959.5381026,10.0,-8.0,-32.0
1776886959.5481029,6.0,-10.0,-34.0
1776886959.5581028,5.0,-10.0,-37.0
1776886959.5681028,4.0,-9.0,-39.0
1776886959.5781028,4.0,-7.0,-43.0
1776886959.5881028,5.0,-1.0,-40.0
1776886959.5981028,5.0,0.0,-39.0
1776886959.6081028,5.0,0.0,-38.0
1776886959.6181028,2.0,3.0,-31.0
1776886959.6281028,0.0,2.0,-30.0
1776886959.6381028,0.0,3.0,-31.0
1776886959.6481028,2.0,2.0,-34.0
1776886959.6581028,1.0,1.0,-38.0
1776886959.6681027,-1.0,1.0,-43.0
1776886959.6781027,0.0,0.0,-37.0
1776886959.6881027,1.0,-1.0,-32.0
1776886959.6981027,0.0,0.0,-37.0
1776886959.7081027,2.0,-3.0,-34.0
1776886959.7181027,7.0,-6.0,-38.0
1776886959.7281027,4.0,-7.0,-38.0
1776886959.738103,6.0,-7.0,-41.0
1776886959.748103,5.0,-6.0,-37.0
1776886959.758103,6.0,-5.0,-37.0
1776886959.7681026,5.0,-2.0,-36.0
1776886959.7781026,1.0,-4.0,-39.0
1776886959.7881026,2.0,-1.0,-38.0
1776886959.7981029,-1.0,-1.0,-40.0
1776886959.8081028,-5.0,-2.0,-38.0
1776886959.8181028,-5.0,-6.0,-35.0
1776886959.8281028,0.0,-4.0,-37.0
1776886959.8381028,1.0,-7.0,-46.0
1776886959.8481028,5.0,-3.0,-38.0
1776886959.8581028,5.0,0.0,-38.0
1776886959.8681028,4.0,-1.0,-32.0
1776886959.8781028,0.0,-3.0,-32.0
1776886959.8881028,-1.0,-4.0,-32.0
1776886959.8981028,-2.0,-3.0,-42.0
1776886959.9081028,-1.0,-1.0,-49.0
1776886959.9181027,1.0,0.0,-42.0
1776886959.9281027,3.0,0.0,-36.0
1776886959.9381027,-1.0,2.0,-32.0
1776886959.9481027,2.0,0.0,-30.0
1776886959.9581027,2.0,-5.0,-33.0
1776886959.9681027,4.0,-3.0,-33.0
1776886959.9781027,5.0,-2.0,-29.0
1776886959.988103,9.0,-2.0,-31.0
1776886959.998103,7.0,1.0,-32.0
1776886960.008103,9.0,4.0,-37.0
1776886960.0181026,12.0,-3.0,-40.0
1776886960.0281026,8.0,-6.0,-36.0
1776886960.0381026,10.0,-7.0,-33.0
1776886960.0481029,4.0,-4.0,-37.0
1776886960.0581028,6.0,-2.0,-39.0
1776886960.0681028,6.0,-3.0,-36.0
1776886960.0781028,2.0,-2.0,-42.0
1776886960.0881028,5.0,-6.0,-39.0
1776886960.0981028,3.0,-8.0,-34.0
1776886960.1081028,3.0,-9.0,-30.0
1776886960.1191027,2.0,-8.0,-37.0
1776886960.1291027,0.0,-5.0,-44.0
1776886960.1391027,0.0,-4.0,-46.0
1776886960.1491027,0.0,-4.0,-46.0
1776886960.159103,1.0,-3.0,-46.0
1776886960.169103,2.0,-1.0,-41.0
1776886960.179103,3.0,-3.0,-44.0
1776886960.1891026,6.0,-6.0,-40.0
1776886960.1991026,4.0,-2.0,-35.0
1776886960.2091026,0.0,2.0,-38.0
1776886960.2191026,-2.0,1.0,-44.0
1776886960.2291028,-3.0,3.0,-39.0
1776886960.2391028,0.0,0.0,-40.0
1776886960.2491028,2.0,0.0,-38.0
1776886960.2591028,2.0,0.0,-41.0
1776886960.2691028,-1.0,1.0,-36.0
1776886960.2791028,1.0,-1.0,-29.0
1776886960.2891028,-2.0,-2.0,-38.0
1776886960.2991028,3.0,0.0,-33.0
1776886960.3091028,7.0,-1.0,-33.0
1776886960.3191028,6.0,0.0,-32.0
1776886960.3291028,5.0,0.0,-37.0
1776886960.3391027,7.0,-3.0,-35.0
1776886960.3491027,7.0,-1.0,-34.0
1776886960.3591027,6.0,-1.0,-27.0
1776886960.3691027,0.0,-5.0,-25.0
1776886960.3791027,0.0,-6.0,-31.0
1776886960.3891027,-3.0,-5.0,-41.0
1776886960.3991027,-2.0,-8.0,-38.0
1776886960.409103,-2.0,-2.0,-41.0
1776886960.419103,0.0,-2.0,-37.0
1776886960.429103,2.0,-1.0,-39.0
1776886960.4391026,2.0,-3.0,-37.0
1776886960.4491026,0.0,-2.0,-33.0
1776886960.4591026,2.0,-3.0,-34.0
1776886960.4691026,-2.0,-3.0,-32.0
1776886960.4791028,-2.0,0.0,-36.0
1776886960.4891028,-1.0,0.0,-33.0
1776886960.4991028,-4.0,0.0,-26.0
1776886960.5091028,-6.0,3.0,-23.0
1776886960.5191028,-4.0,6.0,-26.0
1776886960.5291028,0.0,7.0,-30.0
1776886960.5391028,4.0,8.0,-36.0
1776886960.5491028,4.0,7.0,-33.0
1776886960.5591028,3.0,4.0,-36.0
1776886960.5691028,2.0,4.0,-35.0
1776886960.5791028,3.0,0.0,-29.0
1776886960.5891027,0.0,0.0,-34.0
1776886960.5991027,0.0,-3.0,-35.0
1776886960.6091027,1.0,-6.0,-31.0
1776886960.6191027,-1.0,-4.0,-27.0
1776886960.6291027,0.0,-5.0,-25.0
1776886960.6391027,2.0,-1.0,-34.0
1776886960.6491027,3.0,1.0,-30.0
1776886960.659103,0.0,0.0,-32.0
1776886960.669103,-3.0,-1.0,-31.0
1776886960.679103,0.0,-3.0,-33.0
1776886960.6891026,0.0,0.0,-30.0
1776886960.6991026,0.0,0.0,-35.0
1776886960.7091026,-1.0,-2.0,-25.0
1776886960.7191026,-4.0,0.0,-24.0
1776886960.7291028,-3.0,-1.0,-33.0
1776886960.7391028,-1.0,-2.0,-40.0
1776886960.7491028,1.0,-3.0,-38.0
1776886960.7591028,0.0,1.0,-40.0
1776886960.7691028,1.0,2.0,-37.0
1776886960.7791028,1.0,0.0,-35.0
1776886960.7891028,0.0,3.0,-34.0
1776886960.7991028,1.0,1.0,-34.0
1776886960.8091028,4.0,0.0,-39.0
1776886960.8191028,8.0,-4.0,-43.0
1776886960.8291028,4.0,-5.0,-42.0
1776886960.8391027,4.0,-6.0,-38.0
1776886960.8491027,2.0,-6.0,-34.0
1776886960.8591027,1.0,-2.0,-38.0
1776886960.8691027,5.0,-1.0,-36.0
1776886960.8791027,2.0,2.0,-34.0
1776886960.8891027,0.0,0.0,-33.0
1776886960.8991027,-1.0,1.0,-32.0
1776886960.909103,-3.0,1.0,-28.0
1776886960.919103,0.0,0.0,-34.0
1776886960.929103,0.0,5.0,-36.0
1776886960.9391026,0.0,6.0,-36.0
1776886960.9491026,-1.0,5.0,-33.0
1776886960.9591026,1.0,4.0,-34.0
1776886960.9691026,1.0,2.0,-25.0
1776886960.9791028,4.0,-1.0,-21.0
1776886960.9891028,3.0,0.0,-28.0
1776886960.9991028,1.0,0.0,-32.0
1776886961.0091028,3.0,0.0,-41.0
1776886961.0191028,4.0,1.0,-40.0
1776886961.0291028,4.0,0.0,-45.0
1776886961.0391028,0.0,-2.0,-45.0
1776886961.0491028,5.0,-2.0,-50.0
1776886961.0591028,4.0,-1.0,-50.0
1776886961.0691028,4.0,-3.0,-46.0
1776886961.0791028,3.0,-4.0,-41.0
1776886961.0891027,2.0,0.0,-38.0
1776886961.0991027,0.0,0.0,-34.0
1776886961.1091027,-1.0,5.0,-35.0
1776886961.1191027,-2.0,0.0,-32.0
1776886961.1291027,-1.0,-2.0,-38.0
1776886961.1391027,-2.0,-5.0,-34.0
1776886961.1491027,0.0,-4.0,-32.0
1776886961.159103,4.0,-6.0,-34.0
1776886961.169103,3.0,-6.0,-32.0
1776886961.179103,0.0,-7.0,-36.0
1776886961.1891026,0.0,-9.0,-34.0
1776886961.1991026,-3.0,-6.0,-36.0
1776886961.2091026,-5.0,-5.0,-33.0
1776886961.2191026,-2.0,2.0,-38.0
1776886961.2291028,2.0,3.0,-37.0
1776886961.2391028,0.0,5.0,-43.0
1776886961.2491028,1.0,2.0,-42.0
1776886961.2591028,0.0,4.0,-45.0
1776886961.2691028,-5.0,5.0,-39.0
1776886961.2791028,-2.0,4.0,-37.0
1776886961.2891028,0.0,1.0,-31.0
1776886961.2991028,1.0,0.0,-28.0
1776886961.3091028,0.0,-1.0,-23.0
1776886961.3191028,-2.0,1.0,-28.0
1776886961.3291028,-1.0,3.0,-24.0
1776886961.3391027,-3.0,2.0,-25.0
1776886961.3491027,-3.0,4.0,-29.0
1776886961.3591027,0.0,1.0,-31.0
1776886961.3691027,-1.0,-1.0,-39.0
1776886961.3791027,-2.0,-1.0,-44.0
1776886961.3891027,-3.0,-3.0,-43.0
1776886961.3991027,-1.0,-5.0,-47.0
1776886961.409103,1.0,-4.0,-46.0
1776886961.419103,-1.0,-1.0,-44.0
1776886961.429103,-1.0,-2.0,-49.0
1776886961.4391026,-3.0,-2.0,-45.0
1776886961.4491026,-8.0,-8.0,-42.0
1776886961.4591026,-4.0,-9.0,-38.0
1776886961.4691026,2.0,-7.0,-41.0
1776886961.4791028,1.0,-3.0,-45.0
1776886961.4891028,2.0,-3.0,-45.0
1776886961.4991028,1.0,-6.0,-43.0
1776886961.5091028,2.0,-6.0,-47.0
1776886961.5191028,3.0,-5.0,-44.0
1776886961.5291028,2.0,-4.0,-46.0
1776886961.5391028,12.0,-3.0,-47.0
1776886961.5491028,9.0,-4.0,-51.0
1776886961.5591028,8.0,-4.0,-50.0
1776886961.5691028,8.0,-8.0,-52.0
1776886961.5791028,7.0,-8.0,-52.0
1776886961.5891027,4.0,-8.0,-57.0
1776886961.5991027,6.0,-5.0,-55.0
1776886961.6091027,8.0,-3.0,-49.0
1776886961.6191027,10.0,-3.0,-51.0
1776886961.6291027,7.0,-5.0,-53.0
1776886961.6391027,8.0,-8.0,-56.0
1776886961.6491027,7.0,-9.0,-45.0
1776886961.659103,7.0,-7.0,-43.0
1776886961.669103,7.0,-5.0,-40.0
1776886961.679103,11.0,-7.0,-36.0
1776886961.6891026,11.0,-7.0,-36.0
1776886961.6991026,14.0,-4.0,-35.0
1776886961.7091026,9.0,-6.0,-34.0
1776886961.7191026,6.0,-6.0,-36.0
1776886961.7291028,3.0,-10.0,-35.0
1776886961.7391028,4.0,-11.0,-33.0
1776886961.7491028,5.0,-8.0,-30.0
1776886961.7591028,3.0,-8.0,-29.0
1776886961.7691028,0.0,-11.0,-36.0
1776886961.7791028,3.0,-9.0,-34.0
1776886961.7891028,5.0,-8.0,-39.0
1776886961.7991028,5.0,-8.0,-35.0
1776886961.8091028,5.0,-5.0,-35.0
1776886961.8191028,5.0,2.0,-38.0
1776886961.8291028,3.0,0.0,-44.0
1776886961.8391027,0.0,1.0,-39.0
1776886961.8491027,-1.0,-2.0,-41.0
1776886961.8591027,-3.0,-2.0,-44.0
1776886961.8691027,-8.0,-2.0,-41.0
1776886961.8791027,-4.0,-4.0,-42.0
1776886961.8891027,0.0,-2.0,-44.0
1776886961.8991027,-3.0,-1.0,-42.0
1776886961.909103,-3.0,-2.0,-40.0
1776886961.919103,-5.0,-2.0,-37.0
1776886961.929103,-2.0,-5.0,-33.0
1776886961.9391026,0.0,-4.0,-36.0
1776886961.9491026,2.0,-6.0,-35.0
1776886961.9591026,5.0,-4.0,-32.0
1776886961.9691026,5.0,-7.0,-35.0
1776886961.9791028,4.0,-12.0,-35.0
1776886961.9891028,1.0,-9.0,-37.0
1776886961.9991028,4.0,-6.0,-47.0
1776886962.0091028,5.0,-7.0,-42.0
1776886962.0191028,3.0,-9.0,-39.0
1776886962.0291028,1.0,-11.0,-40.0
1776886962.0391028,0.0,-8.0,-41.0
1776886962.0491028,-2.0,-8.0,-45.0
1776886962.0591028,0.0,-3.0,-42.0
1776886962.0691028,1.0,-3.0,-41.0
1776886962.0791028,-1.0,-6.0,-41.0
1776886962.0891027,0.0,-6.0,-49.0
1776886962.0991027,-3.0,-5.0,-43.0
1776886962.1091027,-4.0,0.0,-38.0
1776886962.1201026,-2.0,-2.0,-36.0
1776886962.1301026,4.0,-3.0,-34.0
1776886962.1401026,6.0,-3.0,-32.0
1776886962.1501029,6.0,-4.0,-39.0
1776886962.1601028,7.0,-4.0,-41.0
1776886962.1701028,5.0,-6.0,-39.0
1776886962.1801028,4.0,-8.0,-42.0
1776886962.1901028,4.0,-6.0,-50.0
1776886962.2001028,3.0,-4.0,-53.0
1776886962.2101028,4.0,0.0,-53.0
1776886962.2201028,3.0,3.0,-50.0
1776886962.2301028,-1.0,4.0,-48.0
1776886962.2401028,0.0,1.0,-46.0
1776886962.2501028,1.0,-1.0,-46.0
1776886962.2601027,2.0,1.0,-47.0
1776886962.2701027,-1.0,-1.0,-49.0
1776886962.2801027,-2.0,-6.0,-42.0
1776886962.2901027,-4.0,-2.0,-39.0
1776886962.3001027,-5.0,-2.0,-38.0
1776886962.3101027,-4.0,-3.0,-35.0
1776886962.3201027,-1.0,-1.0,-43.0
1776886962.3301027,0.0,1.0,-38.0
1776886962.340103,3.0,2.0,-39.0
1776886962.350103,5.0,3.0,-35.0
1776886962.360103,1.0,2.0,-31.0
1776886962.3701026,2.0,3.0,-28.0
1776886962.3801026,0.0,0.0,-29.0
1776886962.3901026,0.0,0.0,-30.0
1776886962.4001029,-2.0,-2.0,-33.0
1776886962.4101028,-1.0,-5.0,-38.0
1776886962.4201028,-6.0,-8.0,-37.0
1776886962.4301028,-5.0,-8.0,-45.0
1776886962.4401028,-5.0,-9.0,-49.0
1776886962.4501028,-9.0,-12.0,-49.0
1776886962.4601028,-4.0,-10.0,-47.0
1776886962.4701028,2.0,-9.0,-53.0
1776886962.4801028,1.0,-6.0,-58.0
1776886962.4901028,0.0,-1.0,-59.0
1776886962.5001028,1.0,-1.0,-55.0
1776886962.5101027,1.0,-1.0,-57.0
1776886962.5201027,-3.0,0.0,-59.0
1776886962.5301027,-3.0,0.0,-57.0
1776886962.5401027,-1.0,0.0,-50.0
1776886962.5501027,-4.0,0.0,-46.0
1776886962.5601027,-3.0,-2.0,-46.0
1776886962.5701027,1.0,0.0,-42.0
1776886962.5801027,0.0,4.0,-40.0
1776886962.590103,5.0,2.0,-41.0
1776886962.600103,9.0,3.0,-45.0
1776886962.610103,7.0,0.0,-47.0
1776886962.6201026,1.0,0.0,-51.0
1776886962.6301026,1.0,-3.0,-52.0
1776886962.6401026,3.0,-3.0,-50.0
1776886962.6501029,4.0,-1.0,-52.0
1776886962.6601028,1.0,-1.0,-58.0
1776886962.6701028,1.0,-2.0,-55.0
1776886962.6801028,-3.0,-8.0,-53.0
1776886962.6901028,-3.0,-10.0,-50.0
1776886962.7001028,0.0,-10.0,-50.0
1776886962.7101028,-1.0,-10.0,-36.0
1776886962.7201028,-2.0,-8.0,-38.0
1776886962.7301028,-1.0,-5.0,-35.0
1776886962.7401028,-6.0,-4.0,-34.0
1776886962.7501028,-8.0,-2.0,-36.0
1776886962.7601027,-9.0,-6.0,-30.0
1776886962.7701027,-7.0,-10.0,-29.0
1776886962.7801027,-8.0,-8.0,-39.0
1776886962.7901027,-8.0,-5.0,-41.0
1776886962.8001027,-4.0,-9.0,-40.0
1776886962.8101027,-1.0,-14.0,-41.0
1776886962.8201027,-1.0,-11.0,-45.0
1776886962.8301027,0.0,-6.0,-45.0
1776886962.840103,1.0,-3.0,-42.0
1776886962.850103,1.0,-2.0,-46.0
1776886962.860103,1.0,0.0,-41.0
1776886962.8701026,1.0,2.0,-38.0
1776886962.8801026,7.0,-1.0,-34.0
1776886962.8901026,6.0,-4.0,-35.0
1776886962.9001029,1.0,-2.0,-38.0
1776886962.9101028,4.0,-3.0,-41.0
1776886962.9201028,-2.0,-3.0,-39.0
1776886962.9301028,-4.0,-5.0,-37.0
1776886962.9401028,-5.0,-5.0,-31.0
1776886962.9501028,-3.0,-6.0,-30.0
1776886962.9601028,3.0,-5.0,-32.0
1776886962.9701028,2.0,-9.0,-31.0
1776886962.9801028,7.0,-7.0,-31.0
1776886962.9901028,5.0,-4.0,-31.0
1776886963.0001028,5.0,0.0,-31.0
1776886963.0101027,8.0,-2.0,-32.0
1776886963.0201027,5.0,-6.0,-30.0
1776886963.0301027,4.0,-5.0,-27.0
1776886963.0401027,2.0,-4.0,-28.0
1776886963.0501027,4.0,-2.0,-29.0
1776886963.0601027,7.0,-2.0,-33.0
1776886963.0701027,9.0,-2.0,-37.0
1776886963.0801027,11.0,-3.0,-33.0
1776886963.090103,10.0,-1.0,-36.0
1776886963.100103,10.0,0.0,-37.0
1776886963.110103,6.0,-3.0,-39.0
1776886963.1201026,4.0,0.0,-36.0
1776886963.1301026,2.0,2.0,-32.0
1776886963.1401026,-4.0,2.0,-25.0
1776886963.1501029,-3.0,4.0,-34.0
1776886963.1601028,-4.0,1.0,-34.0
1776886963.1701028,-3.0,0.0,-37.0
1776886963.1801028,-2.0,1.0,-39.0
1776886963.1901028,2.0,0.0,-46.0
1776886963.2001028,2.0,2.0,-45.0
1776886963.2101028,0.0,0.0,-43.0
1776886963.2201028,-3.0,-1.0,-45.0
1776886963.2301028,-2.0,-2.0,-41.0
1776886963.2401028,0.0,3.0,-46.0
1776886963.2501028,1.0,2.0,-39.0
1776886963.2601027,1.0,1.0,-34.0
1776886963.2701027,1.0,3.0,-28.0
1776886963.2801027,1.0,5.0,-28.0
1776886963.2901027,1.0,0.0,-25.0
1776886963.3001027,-1.0,0.0,-35.0
1776886963.3101027,0.0,0.0,-41.0
1776886963.3201027,-4.0,-3.0,-44.0
1776886963.3301027,0.0,-5.0,-45.0
1776886963.340103,-5.0,-6.0,-47.0
1776886963.350103,-6.0,-8.0,-44.0
1776886963.360103,-5.0,-7.0,-44.0
1776886963.3701026,-1.0,-4.0,-43.0
1776886963.3801026,1.0,-5.0,-47.0
1776886963.3901026,0.0,-5.0,-45.0
1776886963.4001029,-2.0,-4.0,-44.0
1776886963.4101028,-3.0,-5.0,-39.0
1776886963.4201028,0.0,-3.0,-44.0
1776886963.4301028,-4.0,-3.0,-42.0
1776886963.4401028,-4.0,-3.0,-41.0
1776886963.4501028,0.0,-3.0,-37.0
1776886963.4601028,0.0,0.0,-37.0
1776886963.4701028,2.0,3.0,-35.0
1776886963.4801028,1.0,3.0,-30.0
1776886963.4901028,2.0,1.0,-35.0
1776886963.5001028,2.0,1.0,-37.0
1776886963.5101027,5.0,2.0,-37.0
1776886963.5201027,8.0,-1.0,-35.0
1776886963.5301027,3.0,-1.0,-38.0
1776886963.5401027,-1.0,-1.0,-38.0
1776886963.5501027,-6.0,-4.0,-33.0
1776886963.5601027,-6.0,-5.0,-28.0
1776886963.5701027,-4.0,-5.0,-35.0
1776886963.5801027,-5.0,-4.0,-42.0
1776886963.590103,-10.0,1.0,-38.0
1776886963.600103,-12.0,3.0,-39.0
1776886963.610103,-9.0,2.0,-34.0
1776886963.6201026,-6.0,2.0,-37.0
1776886963.6301026,0.0,4.0,-38.0
1776886963.6401026,1.0,2.0,-37.0
1776886963.6501029,-2.0,0.0,-35.0
1776886963.6601028,-1.0,-3.0,-38.0
1776886963.6701028,0.0,-1.0,-40.0
1776886963.6801028,-1.0,-2.0,-34.0
1776886963.6901028,0.0,-5.0,-36.0
1776886963.7001028,0.0,-4.0,-35.0
1776886963.7101028,0.0,-2.0,-35.0
1776886963.7201028,-1.0,-6.0,-38.0
1776886963.7301028,-1.0,-7.0,-38.0
1776886963.7401028,-2.0,-10.0,-39.0
1776886963.7501028,-1.0,-7.0,-36.0
1776886963.7601027,2.0,-5.0,-37.0
1776886963.7701027,0.0,-4.0,-48.0
1776886963.7801027,-3.0,-8.0,-47.0
1776886963.7901027,0.0,-6.0,-39.0
1776886963.8001027,0.0,-4.0,-36.0
1776886963.8101027,0.0,-5.0,-36.0
1776886963.8201027,-2.0,-1.0,-34.0
1776886963.8301027,-2.0,0.0,-33.0
1776886963.840103,0.0,2.0,-32.0
1776886963.850103,0.0,3.0,-40.0
1776886963.860103,-3.0,1.0,-38.0
1776886963.8701026,-4.0,2.0,-36.0
1776886963.8801026,-5.0,-2.0,-28.0
1776886963.8901026,-2.0,-3.0,-26.0
1776886963.9001029,-1.0,-3.0,-25.0
1776886963.9101028,-4.0,-2.0,-26.0
1776886963.9201028,-2.0,0.0,-25.0
1776886963.9301028,0.0,-1.0,-26.0
1776886963.9401028,0.0,5.0,-30.0
1776886963.9501028,0.0,5.0,-37.0
1776886963.9601028,0.0,5.0,-35.0
1776886963.9701028,-1.0,7.0,-32.0
1776886963.9801028,1.0,8.0,-28.0
1776886963.9901028,2.0,10.0,-29.0
1776886964.0001028,1.0,5.0,-36.0
1776886964.0101027,3.0,6.0,-37.0
1776886964.0201027,7.0,4.0,-39.0
1776886964.0301027,2.0,-3.0,-44.0
1776886964.0401027,1.0,-6.0,-44.0
1776886964.0501027,0.0,-2.0,-47.0
1776886964.0601027,-1.0,-5.0,-49.0
1776886964.0701027,-3.0,-6.0,-52.0
1776886964.0801027,2.0,-6.0,-52.0
1776886964.090103,3.0,-6.0,-57.0
1776886964.1011028,2.0,-2.0,-46.0
1776886964.110103,5.0,0.0,-45.0
1776886964.1201026,3.0,2.0,-42.0
1776886964.1311028,3.0,2.0,-44.0
1776886964.1411028,1.0,1.0,-41.0
1776886964.1511028,4.0,2.0,-41.0
1776886964.1611028,1.0,0.0,-36.0
1776886964.1711028,1.0,-1.0,-38.0
1776886964.1811028,2.0,-1.0,-38.0
1776886964.1911027,2.0,0.0,-36.0
1776886964.2011027,-3.0,-2.0,-41.0
1776886964.2111027,-3.0,-1.0,-44.0
1776886964.2211027,-3.0,-1.0,-40.0
1776886964.2311027,-3.0,-1.0,-35.0
1776886964.2411027,2.0,0.0,-37.0
1776886964.2511027,5.0,1.0,-32.0
1776886964.261103,3.0,1.0,-27.0
1776886964.271103,3.0,5.0,-25.0
1776886964.281103,2.0,3.0,-29.0
1776886964.2911026,1.0,2.0,-35.0
1776886964.3011026,-2.0,1.0,-39.0
1776886964.3111026,-5.0,1.0,-34.0
1776886964.3211029,-4.0,1.0,-40.0
1776886964.3311028,-3.0,2.0,-39.0
1776886964.3411028,-4.0,0.0,-39.0
1776886964.3511028,0.0,2.0,-32.0
1776886964.3611028,5.0,0.0,-33.0
1776886964.3711028,6.0,-4.0,-28.0
1776886964.3811028,5.0,-3.0,-30.0
1776886964.3911028,4.0,-2.0,-34.0
1776886964.4011028,6.0,-2.0,-44.0
1776886964.4111028,6.0,-2.0,-54.0
1776886964.4211028,4.0,0.0,-51.0
1776886964.4311028,4.0,-2.0,-42.0
1776886964.4411027,5.0,1.0,-38.0
1776886964.4511027,0.0,5.0,-37.0
1776886964.4611027,0.0,6.0,-40.0
1776886964.4711027,1.0,9.0,-41.0
1776886964.4811027,3.0,7.0,-41.0
1776886964.4911027,1.0,1.0,-40.0
1776886964.5011027,0.0,-5.0,-45.0
1776886964.511103,2.0,-8.0,-42.0
1776886964.521103,-1.0,-7.0,-37.0
1776886964.531103,-1.0,-5.0,-34.0
1776886964.5411026,-2.0,-3.0,-38.0
1776886964.5511026,-1.0,-6.0,-41.0
1776886964.5611026,-1.0,-3.0,-44.0
1776886964.5711029,0.0,-3.0,-42.0
1776886964.5811028,0.0,-3.0,-34.0
1776886964.5911028,0.0,-4.0,-25.0
1776886964.6011028,5.0,-7.0,-26.0
1776886964.6111028,6.0,-6.0,-31.0
1776886964.6211028,3.0,0.0,-36.0
1776886964.6311028,1.0,-3.0,-36.0
1776886964.6411028,0.0,-4.0,-32.0
1776886964.6511028,-3.0,-6.0,-31.0
1776886964.6611028,-3.0,-5.0,-26.0
1776886964.6711028,-3.0,-3.0,-25.0
1776886964.6811028,-6.0,-3.0,-25.0
1776886964.6911027,-3.0,-4.0,-26.0
1776886964.7011027,-2.0,-3.0,-27.0
1776886964.7111027,1.0,-3.0,-28.0
1776886964.7211027,6.0,0.0,-32.0
1776886964.7311027,14.0,3.0,-30.0
1776886964.7411027,9.0,0.0,-35.0
1776886964.7511027,4.0,-1.0,-35.0
1776886964.761103,0.0,-5.0,-34.0
1776886964.771103,0.0,-8.0,-35.0
1776886964.781103,-6.0,-11.0,-37.0
1776886964.7911026,-4.0,-8.0,-36.0
1776886964.8011026,-2.0,-6.0,-28.0
1776886964.8111026,1.0,-7.0,-28.0
1776886964.8211029,2.0,-6.0,-34.0
1776886964.8311028,0.0,-7.0,-35.0
1776886964.8411028,-3.0,-5.0,-35.0
1776886964.8511028,-2.0,-2.0,-32.0
1776886964.8611028,-5.0,-5.0,-30.0
1776886964.8711028,-3.0,-3.0,-40.0
1776886964.8811028,-2.0,0.0,-37.0
1776886964.8911028,-6.0,-1.0,-31.0
1776886964.9011028,-6.0,-3.0,-29.0
1776886964.9111028,-3.0,-7.0,-23.0
1776886964.9211028,1.0,-6.0,-29.0
1776886964.9311028,2.0,-4.0,-34.0
1776886964.9411027,1.0,-4.0,-31.0
1776886964.9511027,3.0,-8.0,-39.0
1776886964.9611027,6.0,-8.0,-36.0
1776886964.9711027,7.0,-4.0,-36.0
1776886964.9811027,5.0,-2.0,-38.0
1776886964.9911027,9.0,-1.0,-37.0
1776886965.0011027,8.0,1.0,-30.0
1776886965.011103,4.0,2.0,-32.0
1776886965.021103,0.0,-1.0,-36.0
1776886965.031103,-1.0,-5.0,-38.0
1776886965.0411026,-1.0,-6.0,-35.0
1776886965.0511026,-4.0,-5.0,-33.0
1776886965.0611026,-3.0,-2.0,-34.0
1776886965.0711029,0.0,-1.0,-37.0
1776886965.0811028,-4.0,-4.0,-37.0
1776886965.0911028,-1.0,-2.0,-47.0
1776886965.1011028,-2.0,-2.0,-50.0
1776886965.1111028,-7.0,-6.0,-49.0
1776886965.1211028,-8.0,-7.0,-43.0
1776886965.1311028,-6.0,-7.0,-38.0
1776886965.1411028,-6.0,-10.0,-31.0
1776886965.1511028,-4.0,-13.0,-27.0
1776886965.1611028,-1.0,-7.0,-29.0
1776886965.1711028,0.0,-6.0,-31.0
1776886965.1811028,-4.0,-6.0,-30.0
1776886965.1911027,-2.0,1.0,-36.0
1776886965.2011027,-4.0,3.0,-37.0
1776886965.2111027,0.0,4.0,-37.0
1776886965.2211027,0.0,0.0,-38.0
1776886965.2311027,-4.0,0.0,-34.0
1776886965.2411027,-1.0,0.0,-36.0
1776886965.2511027,0.0,0.0,-40.0
1776886965.261103,-1.0,0.0,-43.0
1776886965.271103,-1.0,0.0,-44.0
1776886965.281103,0.0,1.0,-46.0
1776886965.2911026,-7.0,2.0,-43.0
1776886965.3011026,-6.0,1.0,-43.0
1776886965.3111026,-6.0,4.0,-40.0
1776886965.3211029,-2.0,2.0,-35.0
1776886965.3311028,0.0,-2.0,-22.0
1776886965.3411028,-1.0,0.0,-28.0
1776886965.3511028,-4.0,3.0,-35.0
1776886965.3611028,-4.0,3.0,-40.0
1776886965.3711028,-6.0,1.0,-38.0
1776886965.3811028,-4.0,0.0,-35.0
1776886965.3911028,-4.0,-3.0,-39.0
1776886965.4011028,-1.0,3.0,-42.0
1776886965.4111028,-2.0,0.0,-48.0
1776886965.4211028,1.0,0.0,-51.0
1776886965.4311028,1.0,2.0,-52.0
1776886965.4411027,1.0,1.0,-58.0
1776886965.4511027,1.0,0.0,-56.0
1776886965.4611027,1.0,0.0,-54.0
1776886965.4711027,0.0,0.0,-46.0
1776886965.4811027,2.0,2.0,-38.0
1776886965.4911027,4.0,1.0,-42.0
1776886965.5011027,1.0,-4.0,-42.0
1776886965.511103,-3.0,1.0,-38.0
1776886965.521103,-5.0,0.0,-39.0
1776886965.531103,-6.0,-4.0,-39.0
1776886965.5411026,-4.0,-4.0,-42.0
1776886965.5511026,-11.0,-3.0,-43.0
1776886965.5611026,-9.0,-4.0,-44.0
1776886965.5711029,-5.0,-3.0,-42.0
1776886965.5811028,-1.0,-2.0,-44.0
1776886965.5911028,0.0,-5.0,-47.0
1776886965.6011028,0.0,-5.0,-39.0
1776886965.6111028,0.0,-6.0,-31.0
1776886965.6211028,-2.0,-3.0,-33.0
1776886965.6311028,-1.0,-2.0,-31.0
1776886965.6411028,-2.0,-4.0,-33.0
1776886965.6511028,-2.0,-3.0,-38.0
1776886965.6611028,-4.0,-6.0,-33.0
1776886965.6711028,-2.0,-5.0,-29.0
1776886965.6811028,-2.0,-6.0,-24.0
1776886965.6911027,0.0,-3.0,-30.0
1776886965.7011027,2.0,-4.0,-32.0
1776886965.7111027,5.0,-4.0,-37.0
1776886965.7211027,3.0,-6.0,-43.0
1776886965.7311027,3.0,-8.0,-35.0
1776886965.7411027,2.0,-10.0,-31.0
1776886965.7511027,2.0,-9.0,-31.0
1776886965.761103,0.0,-8.0,-30.0
1776886965.771103,-5.0,-10.0,-25.0
1776886965.781103,-7.0,-8.0,-36.0
1776886965.7911026,-5.0,-9.0,-37.0
1776886965.8011026,0.0,-6.0,-35.0
1776886965.8111026,4.0,-4.0,-34.0
1776886965.8211029,4.0,-5.0,-38.0
1776886965.8311028,8.0,-6.0,-43.0
1776886965.8411028,6.0,-1.0,-45.0
1776886965.8511028,0.0,0.0,-41.0
1776886965.8611028,-3.0,0.0,-42.0
1776886965.8711028,0.0,0.0,-38.0
1776886965.8811028,0.0,1.0,-36.0
1776886965.8911028,3.0,0.0,-37.0
1776886965.9011028,3.0,0.0,-42.0
1776886965.9111028,5.0,-1.0,-36.0
1776886965.9211028,4.0,0.0,-33.0
1776886965.9311028,3.0,-3.0,-35.0
1776886965.9411027,4.0,-3.0,-38.0
1776886965.9511027,6.0,0.0,-40.0
1776886965.9611027,0.0,0.0,-44.0
1776886965.9711027,-1.0,0.0,-47.0
1776886965.9811027,-2.0,-2.0,-45.0
1776886965.9911027,-1.0,-1.0,-46.0
1776886966.0011027,0.0,0.0,-44.0
1776886966.011103,-3.0,-1.0,-39.0
1776886966.021103,0.0,0.0,-43.0
1776886966.031103,2.0,0.0,-38.0
1776886966.0411026,0.0,-1.0,-35.0
1776886966.0511026,0.0,-1.0,-37.0
1776886966.0611026,1.0,0.0,-30.0
1776886966.0711029,-1.0,0.0,-33.0
1776886966.0811028,-4.0,0.0,-35.0
1776886966.0921028,-1.0,-1.0,-39.0
1776886966.1011028,2.0,-2.0,-38.0
1776886966.1111028,3.0,-3.0,-43.0
1776886966.1211028,1.0,0.0,-43.0
1776886966.1321027,6.0,4.0,-42.0
1776886966.1421027,2.0,2.0,-47.0
1776886966.1521027,0.0,5.0,-46.0
1776886966.1621027,1.0,6.0,-46.0
1776886966.1721027,4.0,3.0,-39.0
1776886966.182103,4.0,7.0,-30.0
1776886966.192103,1.0,4.0,-32.0
1776886966.202103,-2.0,3.0,-35.0
1776886966.212103,-4.0,4.0,-37.0
1776886966.2221026,-2.0,2.0,-30.0
1776886966.2321026,1.0,1.0,-25.0
1776886966.2421026,3.0,2.0,-29.0
1776886966.2521029,3.0,2.0,-28.0
1776886966.2621028,3.0,1.0,-34.0
1776886966.2721028,0.0,1.0,-37.0
1776886966.2821028,0.0,-4.0,-30.0
1776886966.2921028,0.0,-6.0,-32.0
1776886966.3021028,1.0,-2.0,-36.0
1776886966.3121028,0.0,-4.0,-36.0
1776886966.3221028,-2.0,-7.0,-35.0
1776886966.3321028,-4.0,-4.0,-42.0
1776886966.3421028,-6.0,-5.0,-37.0
1776886966.3521028,-3.0,-6.0,-36.0
1776886966.3621027,-3.0,-10.0,-34.0
1776886966.3721027,-1.0,-9.0,-34.0
1776886966.3821027,-2.0,-5.0,-31.0
1776886966.3921027,-1.0,-6.0,-29.0
1776886966.4021027,0.0,-6.0,-31.0
1776886966.4121027,-1.0,-5.0,-34.0
1776886966.4221027,3.0,-9.0,-33.0
1776886966.432103,5.0,-3.0,-31.0
1776886966.442103,3.0,-1.0,-33.0
1776886966.452103,5.0,3.0,-24.0
1776886966.462103,6.0,3.0,-25.0
1776886966.4721026,5.0,6.0,-27.0
1776886966.4821026,5.0,3.0,-35.0
1776886966.4921026,3.0,-1.0,-36.0
1776886966.5021029,-2.0,-1.0,-39.0
1776886966.5121028,2.0,-5.0,-38.0
1776886966.5221028,0.0,-3.0,-40.0
1776886966.5321028,1.0,2.0,-41.0
1776886966.5421028,3.0,4.0,-39.0
1776886966.5521028,5.0,5.0,-29.0
1776886966.5621028,5.0,2.0,-37.0
1776886966.5721028,7.0,0.0,-46.0
1776886966.5821028,5.0,3.0,-47.0
1776886966.5921028,3.0,0.0,-43.0
1776886966.6021028,-1.0,-1.0,-38.0
1776886966.6121027,-2.0,-9.0,-43.0
1776886966.6221027,-1.0,-7.0,-43.0
1776886966.6321027,-3.0,-9.0,-39.0
1776886966.6421027,0.0,-4.0,-36.0
1776886966.6521027,0.0,-3.0,-40.0
1776886966.6621027,-2.0,-2.0,-42.0
1776886966.6721027,-7.0,-1.0,-48.0
1776886966.682103,-6.0,-4.0,-42.0
1776886966.692103,-1.0,-6.0,-36.0
1776886966.702103,0.0,-7.0,-32.0
1776886966.712103,-2.0,-3.0,-30.0
1776886966.7221026,-1.0,-5.0,-33.0
1776886966.7321026,0.0,-1.0,-32.0
1776886966.7421026,0.0,0.0,-29.0
1776886966.7521029,-1.0,0.0,-29.0
1776886966.7621028,1.0,-1.0,-30.0
1776886966.7721028,0.0,2.0,-32.0
1776886966.7821028,1.0,3.0,-35.0
1776886966.7921028,-1.0,3.0,-32.0
1776886966.8021028,3.0,2.0,-34.0
1776886966.8121028,1.0,6.0,-36.0
1776886966.8221028,0.0,4.0,-35.0
1776886966.8321028,1.0,6.0,-29.0
1776886966.8421028,5.0,4.0,-32.0
1776886966.8521028,3.0,5.0,-32.0
1776886966.8621027,3.0,1.0,-32.0
1776886966.8721027,2.0,2.0,-35.0
1776886966.8821027,2.0,-2.0,-30.0
1776886966.8921027,-1.0,0.0,-26.0
1776886966.9021027,-1.0,3.0,-29.0
1776886966.9121027,-3.0,0.0,-32.0
1776886966.9221027,0.0,-1.0,-32.0
1776886966.932103,-1.0,-2.0,-29.0
1776886966.942103,-1.0,-2.0,-35.0
1776886966.952103,-4.0,-3.0,-37.0
1776886966.962103,0.0,-2.0,-37.0
1776886966.9721026,-2.0,-4.0,-43.0
1776886966.9821026,-1.0,0.0,-49.0
1776886966.9921026,-2.0,1.0,-47.0
1776886967.0021029,-3.0,-2.0,-46.0
1776886967.0121028,-4.0,-6.0,-45.0
1776886967.0221028,-3.0,-9.0,-46.0
1776886967.0321028,-3.0,-9.0,-42.0
1776886967.0421028,-4.0,-11.0,-44.0
1776886967.0521028,-4.0,-7.0,-44.0
1776886967.0621028,-10.0,-6.0,-46.0
1776886967.0721028,-5.0,-4.0,-51.0
1776886967.0821028,-1.0,-3.0,-56.0
1776886967.0921028,1.0,-5.0,-56.0
1776886967.1021028,1.0,-3.0,-51.0
1776886967.1121027,3.0,-5.0,-55.0
1776886967.1221027,0.0,-3.0,-51.0
1776886967.1321027,0.0,1.0,-52.0
1776886967.1421027,-2.0,3.0,-52.0
1776886967.1521027,-7.0,3.0,-51.0
1776886967.1621027,-6.0,-4.0,-47.0
1776886967.1721027,-1.0,-5.0,-44.0
1776886967.182103,-3.0,-3.0,-44.0
1776886967.192103,0.0,-4.0,-48.0
1776886967.202103,-1.0,-4.0,-41.0
1776886967.212103,5.0,-4.0,-38.0
1776886967.2221026,2.0,-3.0,-37.0
1776886967.2321026,3.0,0.0,-31.0
1776886967.2421026,3.0,0.0,-33.0
1776886967.2521029,10.0,3.0,-36.0
1776886967.2621028,10.0,3.0,-36.0
1776886967.2721028,7.0,0.0,-39.0
1776886967.2821028,6.0,-5.0,-40.0
1776886967.2921028,4.0,-4.0,-39.0
1776886967.3021028,2.0,-2.0,-45.0
1776886967.3121028,3.0,-4.0,-52.0
1776886967.3221028,2.0,0.0,-55.0
1776886967.3321028,0.0,-1.0,-48.0
1776886967.3421028,-4.0,-3.0,-44.0
1776886967.3521028,-4.0,-2.0,-40.0
1776886967.3621027,-3.0,-2.0,-42.0
1776886967.3721027,0.0,0.0,-47.0
1776886967.3821027,-3.0,-1.0,-45.0
1776886967.3921027,-3.0,0.0,-38.0
1776886967.4021027,-3.0,0.0,-37.0
1776886967.4121027,-3.0,-1.0,-33.0
1776886967.4221027,-3.0,-2.0,-35.0
1776886967.432103,-2.0,-2.0,-33.0
1776886967.442103,-2.0,0.0,-35.0
1776886967.452103,0.0,0.0,-32.0
1776886967.462103,6.0,0.0,-34.0
1776886967.4721026,4.0,-1.0,-39.0
1776886967.4821026,6.0,-3.0,-45.0
1776886967.4921026,7.0,-8.0,-50.0
1776886967.5021029,9.0,-7.0,-48.0
1776886967.5121028,7.0,-8.0,-46.0
1776886967.5221028,4.0,-9.0,-43.0
1776886967.5321028,5.0,-10.0,-33.0
1776886967.5421028,5.0,-14.0,-27.0
1776886967.5521028,5.0,-11.0,-33.0
1776886967.5621028,5.0,-4.0,-30.0
1776886967.5721028,4.0,-2.0,-26.0
1776886967.5821028,0.0,-1.0,-33.0
1776886967.5921028,6.0,0.0,-36.0
1776886967.6021028,5.0,0.0,-40.0
1776886967.6121027,2.0,-1.0,-48.0
1776886967.6221027,-1.0,4.0,-46.0
1776886967.6321027,0.0,0.0,-45.0
1776886967.6421027,3.0,1.0,-46.0
1776886967.6521027,-1.0,-1.0,-48.0
1776886967.6621027,-3.0,-3.0,-46.0
1776886967.6721027,-3.0,-2.0,-45.0
1776886967.682103,0.0,-4.0,-48.0
1776886967.692103,-2.0,-2.0,-41.0
1776886967.702103,-2.0,-5.0,-39.0
1776886967.712103,0.0,-5.0,-33.0
1776886967.7221026,-1.0,-1.0,-29.0
1776886967.7321026,-2.0,-1.0,-32.0
1776886967.7421026,0.0,4.0,-37.0
1776886967.7521029,4.0,8.0,-35.0
1776886967.7621028,0.0,4.0,-36.0
1776886967.7721028,0.0,4.0,-38.0
1776886967.7821028,1.0,3.0,-38.0
1776886967.7921028,3.0,2.0,-36.0
1776886967.8021028,2.0,5.0,-36.0
1776886967.8121028,-2.0,4.0,-44.0
1776886967.8221028,-4.0,0.0,-45.0
1776886967.8321028,-3.0,-4.0,-42.0
1776886967.8421028,0.0,-4.0,-34.0
1776886967.8521028,-1.0,-8.0,-40.0
1776886967.8621027,1.0,-9.0,-40.0
1776886967.8721027,2.0,-4.0,-41.0
1776886967.8821027,-2.0,-3.0,-47.0
1776886967.8921027,0.0,-2.0,-47.0
1776886967.9021027,-1.0,0.0,-43.0
1776886967.9121027,0.0,-2.0,-42.0
1776886967.9221027,-1.0,0.0,-35.0
1776886967.932103,0.0,3.0,-34.0
1776886967.942103,4.0,-1.0,-31.0
1776886967.952103,6.0,-5.0,-33.0
1776886967.962103,5.0,-6.0,-35.0
1776886967.9721026,7.0,-5.0,-37.0
1776886967.9821026,9.0,-9.0,-34.0
1776886967.9921026,7.0,-7.0,-32.0
1776886968.0021029,6.0,-6.0,-34.0
1776886968.0121028,7.0,-10.0,-37.0
1776886968.0221028,7.0,-5.0,-43.0
1776886968.0321028,9.0,-2.0,-43.0
1776886968.0421028,5.0,-1.0,-42.0
1776886968.0521028,4.0,-2.0,-46.0
1776886968.0621028,0.0,0.0,-44.0
1776886968.0721028,2.0,-1.0,-34.0
1776886968.0821028,3.0,0.0,-40.0
1776886968.0931027,0.0,3.0,-39.0
1776886968.1031027,3.0,0.0,-46.0
1776886968.113103,2.0,2.0,-50.0
1776886968.123103,4.0,1.0,-51.0
1776886968.133103,1.0,-5.0,-44.0
1776886968.1431026,0.0,-4.0,-43.0
1776886968.1531026,-1.0,-2.0,-44.0
1776886968.1631026,0.0,0.0,-43.0
1776886968.1731029,-1.0,0.0,-46.0
1776886968.1831028,0.0,0.0,-39.0
1776886968.1931028,-1.0,1.0,-35.0
1776886968.2031028,-1.0,-1.0,-42.0
1776886968.2131028,-4.0,-4.0,-44.0
1776886968.2231028,-5.0,-4.0,-42.0
1776886968.2331028,-2.0,-2.0,-48.0
1776886968.2431028,1.0,-5.0,-43.0
1776886968.2531028,-6.0,-5.0,-36.0
1776886968.2631028,-5.0,-6.0,-36.0
1776886968.2731028,-3.0,-4.0,-32.0
1776886968.2831028,0.0,-4.0,-36.0
1776886968.2931027,-4.0,-5.0,-39.0
1776886968.3031027,-9.0,-2.0,-32.0
1776886968.3131027,-11.0,-4.0,-28.0
1776886968.3231027,-12.0,-3.0,-31.0
1776886968.3331027,-10.0,-5.0,-37.0
1776886968.3431027,-9.0,-3.0,-40.0
1776886968.3531027,-6.0,-3.0,-35.0
1776886968.363103,-3.0,-3.0,-36.0
1776886968.373103,0.0,-1.0,-39.0
1776886968.383103,0.0,1.0,-41.0
1776886968.3931026,4.0,0.0,-45.0
1776886968.4031026,0.0,-3.0,-48.0
1776886968.4131026,0.0,-5.0,-43.0
1776886968.4231029,-1.0,-5.0,-39.0
1776886968.4331028,3.0,-8.0,-35.0
1776886968.4431028,2.0,-8.0,-35.0
1776886968.4531028,0.0,-4.0,-31.0
1776886968.4631028,-3.0,-2.0,-36.0
1776886968.4731028,-5.0,-7.0,-46.0
1776886968.4831028,-4.0,-2.0,-47.0
1776886968.4931028,-5.0,-1.0,-40.0
1776886968.5031028,-1.0,0.0,-40.0
1776886968.5131028,0.0,0.0,-48.0
1776886968.5231028,-1.0,1.0,-44.0
1776886968.5331028,2.0,2.0,-43.0
1776886968.5431027,5.0,0.0,-42.0
1776886968.5531027,7.0,-1.0,-44.0
1776886968.5631027,8.0,-1.0,-43.0
1776886968.5731027,8.0,0.0,-36.0
1776886968.5831027,2.0,0.0,-30.0
1776886968.5931027,0.0,4.0,-30.0
1776886968.6031027,0.0,1.0,-34.0
1776886968.613103,-5.0,0.0,-34.0
1776886968.623103,-3.0,-1.0,-34.0
1776886968.633103,-4.0,-3.0,-33.0
1776886968.6431026,-8.0,-2.0,-31.0
1776886968.6531026,-4.0,-3.0,-25.0
1776886968.6631026,0.0,-5.0,-31.0
1776886968.6731029,0.0,-2.0,-31.0
1776886968.6831028,-3.0,0.0,-38.0
1776886968.6931028,-4.0,3.0,-36.0
1776886968.7031028,-4.0,5.0,-43.0
1776886968.7131028,-4.0,0.0,-35.0
1776886968.7231028,-6.0,2.0,-40.0
1776886968.7331028,-8.0,3.0,-41.0
1776886968.7431028,-10.0,0.0,-34.0
1776886968.7531028,-7.0,0.0,-32.0
1776886968.7631028,-1.0,1.0,-33.0
1776886968.7731028,0.0,0.0,-31.0
1776886968.7831028,2.0,-3.0,-36.0
1776886968.7931027,-2.0,-1.0,-40.0
1776886968.8031027,0.0,0.0,-39.0
1776886968.8131027,2.0,-6.0,-37.0
1776886968.8231027,0.0,-5.0,-36.0
1776886968.8331027,3.0,-2.0,-34.0
1776886968.8431027,3.0,0.0,-36.0
1776886968.8531027,-5.0,2.0,-40.0
1776886968.863103,-3.0,3.0,-42.0
1776886968.873103,-2.0,5.0,-38.0
1776886968.883103,-2.0,9.0,-34.0
1776886968.8931026,0.0,5.0,-35.0
1776886968.9031026,0.0,0.0,-36.0
1776886968.9131026,0.0,-1.0,-34.0
1776886968.9231029,-3.0,0.0,-36.0
1776886968.9331028,-3.0,2.0,-34.0
1776886968.9431028,-3.0,-1.0,-31.0
1776886968.9531028,-5.0,0.0,-35.0
1776886968.9631028,-6.0,0.0,-40.0
1776886968.9731028,-7.0,-4.0,-43.0
1776886968.9831028,-5.0,-4.0,-44.0
1776886968.9931028,-6.0,-1.0,-39.0
1776886969.0031028,-5.0,-1.0,-35.0
1776886969.0131028,-4.0,-2.0,-32.0
1776886969.0231028,1.0,-3.0,-34.0
1776886969.0331028,-2.0,-5.0,-32.0
1776886969.0431027,-8.0,-6.0,-37.0
1776886969.0531027,-4.0,-5.0,-35.0
1776886969.0631027,-6.0,-1.0,-39.0
1776886969.0731027,-8.0,-2.0,-40.0
1776886969.0831027,-4.0,-4.0,-41.0
1776886969.0931027,-5.0,0.0,-46.0
1776886969.1031027,-3.0,0.0,-47.0
1776886969.113103,0.0,2.0,-41.0
1776886969.123103,2.0,0.0,-38.0
1776886969.133103,3.0,0.0,-30.0
1776886969.1431026,2.0,-1.0,-30.0
1776886969.1531026,2.0,-1.0,-33.0
1776886969.1631026,1.0,2.0,-36.0
1776886969.1731029,5.0,0.0,-38.0
1776886969.1831028,2.0,-2.0,-35.0
1776886969.1931028,3.0,-2.0,-30.0
1776886969.2031028,6.0,-2.0,-34.0
1776886969.2131028,0.0,-1.0,-36.0
1776886969.2231028,4.0,-2.0,-38.0
1776886969.2331028,8.0,-3.0,-31.0
1776886969.2431028,5.0,0.0,-37.0
1776886969.2531028,6.0,0.0,-36.0
1776886969.2631028,3.0,0.0,-34.0
1776886969.2731028,8.0,-1.0,-33.0
1776886969.2831028,9.0,1.0,-27.0
1776886969.2931027,6.0,0.0,-28.0
1776886969.3031027,6.0,1.0,-27.0
1776886969.3131027,5.0,3.0,-30.0
1776886969.3231027,5.0,2.0,-34.0
1776886969.3331027,3.0,1.0,-31.0
1776886969.3431027,5.0,1.0,-33.0
1776886969.3531027,1.0,4.0,-41.0
1776886969.363103,1.0,3.0,-38.0
1776886969.373103,0.0,4.0,-38.0
1776886969.383103,-3.0,8.0,-33.0
1776886969.3931026,-4.0,3.0,-36.0
1776886969.4031026,-5.0,3.0,-33.0
1776886969.4131026,-4.0,0.0,-30.0
1776886969.4231029,0.0,-1.0,-31.0
1776886969.4331028,3.0,-1.0,-34.0
1776886969.4431028,1.0,-1.0,-38.0
1776886969.4531028,3.0,0.0,-39.0
1776886969.4631028,5.0,-1.0,-41.0
1776886969.4731028,5.0,-4.0,-40.0
1776886969.4831028,3.0,-4.0,-36.0
1776886969.4931028,5.0,-9.0,-34.0
1776886969.5031028,6.0,-10.0,-36.0
1776886969.5131028,2.0,-5.0,-45.0
1776886969.5231028,1.0,1.0,-48.0
1776886969.5331028,2.0,0.0,-45.0
1776886969.5431027,4.0,0.0,-40.0
1776886969.5531027,-1.0,0.0,-42.0
1776886969.5631027,-2.0,1.0,-43.0
1776886969.5731027,1.0,-1.0,-42.0
1776886969.5831027,3.0,-1.0,-42.0
1776886969.5931027,2.0,-2.0,-37.0
1776886969.6031027,3.0,-4.0,-32.0
1776886969.613103,3.0,-4.0,-30.0
1776886969.623103,4.0,-4.0,-31.0
1776886969.633103,2.0,-7.0,-29.0
1776886969.6431026,1.0,-4.0,-33.0
1776886969.6531026,0.0,-5.0,-37.0
1776886969.6631026,3.0,-2.0,-30.0
1776886969.6731029,5.0,-3.0,-33.0
1776886969.6831028,1.0,-3.0,-37.0
1776886969.6931028,-3.0,-3.0,-36.0
1776886969.7031028,-11.0,-7.0,-32.0
1776886969.7131028,-7.0,-6.0,-33.0
1776886969.7231028,-8.0,-5.0,-36.0
1776886969.7331028,-4.0,-2.0,-39.0
1776886969.7431028,-2.0,-3.0,-34.0
1776886969.7531028,1.0,-2.0,-30.0
1776886969.7631028,1.0,3.0,-28.0
1776886969.7731028,0.0,2.0,-33.0
1776886969.7831028,1.0,0.0,-30.0
1776886969.7931027,0.0,-2.0,-36.0
1776886969.8031027,0.0,0.0,-38.0
1776886969.8131027,0.0,0.0,-40.0
1776886969.8231027,0.0,-1.0,-46.0
1776886969.8331027,3.0,-3.0,-47.0
1776886969.8431027,2.0,0.0,-37.0
1776886969.8531027,2.0,0.0,-40.0
1776886969.863103,6.0,0.0,-40.0
1776886969.873103,1.0,0.0,-35.0
1776886969.883103,5.0,1.0,-37.0
1776886969.8931026,2.0,1.0,-42.0
1776886969.9031026,1.0,0.0,-40.0
1776886969.9131026,0.0,4.0,-31.0
1776886969.9231029,0.0,2.0,-31.0
1776886969.9331028,-2.0,0.0,-25.0
1776886969.9431028,0.0,0.0,-26.0
1776886969.9531028,0.0,1.0,-26.0
1776886969.9631028,-1.0,0.0,-37.0
1776886969.9731028,-3.0,0.0,-39.0
1776886969.9831028,0.0,-2.0,-28.0
1776886969.9931028,-1.0,0.0,-27.0
1776886970.0031028,-4.0,-3.0,-26.0
1776886970.0131028,3.0,-5.0,-34.0
1776886970.0231028,0.0,-8.0,-35.0
1776886970.0331028,1.0,-6.0,-37.0
1776886970.0431027,3.0,-5.0,-38.0
1776886970.0531027,1.0,-5.0,-34.0
1776886970.0631027,0.0,-7.0,-36.0
1776886970.0731027,-2.0,-3.0,-45.0
1776886970.0831027,-2.0,0.0,-41.0
1776886970.0941026,0.0,3.0,-39.0
1776886970.1041028,-1.0,6.0,-38.0
1776886970.1141028,-1.0,8.0,-41.0
1776886970.123103,-4.0,12.0,-47.0
1776886970.1341028,-8.0,10.0,-39.0
1776886970.1441028,-5.0,8.0,-39.0
1776886970.1541028,-1.0,6.0,-40.0
1776886970.1641028,-3.0,3.0,-45.0
1776886970.1741028,-3.0,0.0,-53.0
1776886970.1841028,0.0,0.0,-48.0
1776886970.1941028,-1.0,0.0,-51.0
1776886970.2041028,-4.0,0.0,-47.0
1776886970.2141027,-5.0,0.0,-45.0
1776886970.2241027,-5.0,2.0,-50.0
1776886970.2341027,-1.0,1.0,-45.0
1776886970.2441027,-2.0,0.0,-49.0
1776886970.2541027,0.0,-3.0,-49.0
1776886970.2641027,0.0,-4.0,-40.0
1776886970.2741027,0.0,-2.0,-43.0
1776886970.284103,0.0,-1.0,-42.0
1776886970.294103,1.0,0.0,-37.0
1776886970.304103,0.0,0.0,-35.0
1776886970.3141026,4.0,-1.0,-28.0
1776886970.3241026,0.0,-1.0,-35.0
1776886970.3341026,0.0,-1.0,-37.0
1776886970.3441026,-3.0,-2.0,-41.0
1776886970.3541028,-6.0,-5.0,-38.0
1776886970.3641028,-3.0,-4.0,-41.0
1776886970.3741028,-5.0,-5.0,-45.0
1776886970.3841028,-6.0,-5.0,-54.0
1776886970.3941028,-5.0,-4.0,-47.0
1776886970.4041028,-7.0,-8.0,-45.0
1776886970.4141028,-5.0,-7.0,-46.0
1776886970.4241028,-4.0,-7.0,-43.0
1776886970.4341028,-4.0,-8.0,-48.0
1776886970.4441028,-8.0,-2.0,-41.0
1776886970.4541028,-2.0,-4.0,-38.0
1776886970.4641027,3.0,-4.0,-35.0
1776886970.4741027,2.0,-4.0,-38.0
1776886970.4841027,5.0,-8.0,-36.0
1776886970.4941027,9.0,-6.0,-30.0
1776886970.5041027,6.0,-4.0,-31.0
1776886970.5141027,4.0,-6.0,-26.0
1776886970.5241027,6.0,-7.0,-32.0
1776886970.534103,5.0,-4.0,-34.0
1776886970.544103,0.0,-2.0,-33.0
1776886970.554103,-3.0,-1.0,-33.0
1776886970.5641026,-5.0,1.0,-42.0
1776886970.5741026,-6.0,0.0,-39.0
1776886970.5841026,0.0,0.0,-41.0
1776886970.5941026,1.0,3.0,-45.0
1776886970.6041028,0.0,2.0,-39.0
1776886970.6141028,1.0,3.0,-40.0
1776886970.6241028,0.0,1.0,-41.0
1776886970.6341028,-1.0,2.0,-48.0
1776886970.6441028,-2.0,1.0,-50.0
1776886970.6541028,-3.0,2.0,-51.0
1776886970.6641028,-3.0,1.0,-53.0
1776886970.6741028,-1.0,0.0,-51.0
1776886970.6841028,-2.0,-1.0,-47.0
1776886970.6941028,-5.0,0.0,-46.0
1776886970.7041028,-3.0,-2.0,-43.0
1776886970.7141027,-2.0,-1.0,-43.0
1776886970.7241027,-2.0,-3.0,-46.0
1776886970.7341027,-2.0,0.0,-48.0
1776886970.7441027,0.0,-1.0,-43.0
1776886970.7541027,-2.0,2.0,-43.0
1776886970.7641027,-4.0,2.0,-45.0
1776886970.7741027,0.0,3.0,-50.0
1776886970.784103,1.0,-3.0,-50.0
1776886970.794103,1.0,-6.0,-49.0
1776886970.804103,-3.0,-6.0,-42.0
1776886970.8141026,-4.0,-3.0,-40.0
1776886970.8241026,-6.0,0.0,-47.0
1776886970.8341026,-5.0,1.0,-39.0
1776886970.8441026,-2.0,2.0,-35.0
1776886970.8541028,2.0,2.0,-36.0
1776886970.8641028,0.0,2.0,-32.0
1776886970.8741028,3.0,2.0,-30.0
1776886970.8841028,2.0,-2.0,-36.0
1776886970.8941028,2.0,-2.0,-40.0
1776886970.9041028,4.0,-3.0,-40.0
1776886970.9141028,0.0,-2.0,-40.0
1776886970.9241028,-1.0,-4.0,-34.0
1776886970.9341028,3.0,-4.0,-28.0
1776886970.9441028,4.0,-4.0,-29.0
1776886970.9541028,8.0,-4.0,-28.0
1776886970.9641027,3.0,-4.0,-33.0
1776886970.9741027,2.0,-2.0,-26.0
1776886970.9841027,1.0,-4.0,-34.0
1776886970.9941027,1.0,-3.0,-32.0
1776886971.0041027,-2.0,0.0,-36.0
1776886971.0141027,-5.0,0.0,-37.0
1776886971.0241027,-7.0,2.0,-39.0
1776886971.034103,-5.0,-1.0,-39.0
1776886971.044103,-6.0,-1.0,-39.0
1776886971.054103,-7.0,-2.0,-41.0
1776886971.0641026,-2.0,-4.0,-40.0
1776886971.0741026,-1.0,-6.0,-43.0
1776886971.0841026,3.0,-8.0,-44.0
1776886971.0941026,5.0,-5.0,-43.0
1776886971.1041028,1.0,-4.0,-40.0
1776886971.1141028,3.0,-1.0,-36.0
1776886971.1241028,2.0,-2.0,-38.0
1776886971.1341028,0.0,0.0,-42.0
1776886971.1441028,-2.0,0.0,-42.0
1776886971.1541028,-1.0,-2.0,-37.0
1776886971.1641028,4.0,-7.0,-38.0
1776886971.1741028,5.0,-2.0,-33.0
1776886971.1841028,0.0,0.0,-35.0
1776886971.1941028,-3.0,5.0,-37.0
1776886971.2041028,-1.0,5.0,-39.0
1776886971.2141027,2.0,4.0,-42.0
1776886971.2241027,0.0,-2.0,-43.0
1776886971.2341027,6.0,-1.0,-39.0
1776886971.2441027,2.0,0.0,-39.0
1776886971.2541027,3.0,-3.0,-41.0
1776886971.2641027,7.0,1.0,-43.0
1776886971.2741027,11.0,-2.0,-40.0
1776886971.284103,6.0,1.0,-41.0
1776886971.294103,4.0,3.0,-36.0
1776886971.304103,2.0,5.0,-31.0
1776886971.3141026,6.0,1.0,-34.0
1776886971.3241026,10.0,0.0,-34.0
1776886971.3341026,11.0,1.0,-34.0
1776886971.3441026,10.0,-3.0,-35.0
1776886971.3541028,7.0,-2.0,-37.0
1776886971.3641028,7.0,-1.0,-43.0
1776886971.3741028,7.0,-3.0,-43.0
1776886971.3841028,9.0,-3.0,-43.0
1776886971.3941028,10.0,-3.0,-42.0
1776886971.4041028,8.0,-4.0,-41.0
1776886971.4141028,7.0,0.0,-41.0
1776886971.4241028,8.0,-3.0,-40.0
1776886971.4341028,9.0,-6.0,-33.0
1776886971.4441028,7.0,0.0,-30.0
1776886971.4541028,1.0,-1.0,-28.0
1776886971.4641027,2.0,0.0,-27.0
1776886971.4741027,6.0,-6.0,-26.0
1776886971.4841027,7.0,-9.0,-32.0
1776886971.4941027,5.0,-3.0,-38.0
1776886971.5041027,1.0,1.0,-40.0
1776886971.5141027,0.0,-2.0,-35.0
1776886971.5241027,3.0,-1.0,-41.0
1776886971.534103,0.0,0.0,-44.0
1776886971.544103,0.0,-2.0,-48.0
1776886971.554103,3.0,-5.0,-45.0
1776886971.5641026,0.0,0.0,-46.0
1776886971.5741026,-1.0,0.0,-48.0
1776886971.5841026,0.0,-5.0,-45.0
1776886971.5941026,-2.0,-9.0,-43.0
1776886971.6041028,-2.0,-11.0,-43.0
1776886971.6141028,0.0,-10.0,-42.0
1776886971.6241028,4.0,-9.0,-46.0
1776886971.6341028,-1.0,-8.0,-52.0
1776886971.6441028,-3.0,-7.0,-49.0
1776886971.6541028,2.0,-5.0,-41.0
1776886971.6641028,1.0,-3.0,-34.0
1776886971.6741028,-3.0,-2.0,-26.0
1776886971.6841028,-4.0,1.0,-36.0
1776886971.6941028,-8.0,1.0,-36.0
1776886971.7041028,-3.0,2.0,-35.0
1776886971.7141027,-2.0,3.0,-38.0
1776886971.7241027,0.0,1.0,-38.0
1776886971.7341027,-1.0,0.0,-42.0
1776886971.7441027,-2.0,-3.0,-45.0
1776886971.7541027,-2.0,-5.0,-43.0
1776886971.7641027,-2.0,-3.0,-37.0
1776886971.7741027,-7.0,-2.0,-34.0
1776886971.784103,-7.0,-3.0,-37.0
1776886971.794103,-4.0,-1.0,-38.0
1776886971.804103,0.0,-2.0,-41.0
1776886971.8141026,-4.0,-2.0,-42.0
1776886971.8241026,-3.0,-6.0,-40.0
1776886971.8341026,-3.0,-3.0,-33.0
1776886971.8441026,-6.0,1.0,-32.0
1776886971.8541028,-2.0,1.0,-34.0
1776886971.8641028,2.0,1.0,-32.0
1776886971.8741028,5.0,-2.0,-31.0
1776886971.8841028,-1.0,-5.0,-26.0
1776886971.8941028,0.0,-1.0,-27.0
1776886971.9041028,5.0,1.0,-23.0
1776886971.9141028,8.0,0.0,-28.0
1776886971.9241028,10.0,2.0,-35.0
1776886971.9341028,5.0,0.0,-37.0
1776886971.9441028,6.0,-1.0,-39.0
1776886971.9541028,3.0,3.0,-43.0
1776886971.9641027,3.0,2.0,-36.0
1776886971.9741027,6.0,3.0,-41.0
1776886971.9841027,4.0,2.0,-43.0
1776886971.9941027,3.0,3.0,-40.0
1776886972.0041027,0.0,1.0,-39.0
1776886972.0141027,4.0,5.0,-37.0
1776886972.0241027,6.0,7.0,-35.0
1776886972.034103,4.0,3.0,-32.0
1776886972.044103,-1.0,0.0,-26.0
1776886972.054103,-6.0,0.0,-30.0
1776886972.0641026,-7.0,0.0,-30.0
1776886972.0741026,-10.0,-1.0,-33.0
1776886972.0851028,-8.0,-1.0,-30.0
1776886972.0951028,-4.0,0.0,-34.0
1776886972.1051028,0.0,0.0,-37.0
1776886972.1151028,-1.0,0.0,-33.0
1776886972.1251028,-3.0,-1.0,-32.0
1776886972.1351027,-4.0,-3.0,-38.0
1776886972.1451027,-2.0,-6.0,-37.0
1776886972.1551027,-1.0,-5.0,-36.0
1776886972.1651027,4.0,-5.0,-30.0
1776886972.1751027,4.0,-1.0,-30.0
1776886972.1851027,4.0,-2.0,-32.0
1776886972.1951027,-1.0,-3.0,-40.0
1776886972.2051027,-3.0,-1.0,-43.0
1776886972.215103,-2.0,-3.0,-46.0
1776886972.225103,-1.0,-3.0,-47.0
1776886972.235103,-1.0,-4.0,-49.0
1776886972.2451026,0.0,-5.0,-41.0
1776886972.2551026,3.0,-2.0,-40.0
1776886972.2651026,1.0,-2.0,-39.0
1776886972.2751029,0.0,-1.0,-38.0
1776886972.2851028,1.0,-2.0,-34.0
1776886972.2951028,1.0,-5.0,-36.0
1776886972.3051028,-1.0,-2.0,-45.0
1776886972.3151028,-3.0,-2.0,-42.0
1776886972.3251028,-3.0,-2.0,-36.0
1776886972.3351028,0.0,-6.0,-29.0
1776886972.3451028,5.0,-12.0,-31.0
1776886972.3551028,5.0,-7.0,-37.0
1776886972.3651028,5.0,-7.0,-39.0
1776886972.3751028,4.0,-8.0,-38.0
1776886972.3851027,4.0,-8.0,-41.0
1776886972.3951027,7.0,-6.0,-39.0
1776886972.4051027,5.0,-5.0,-46.0
1776886972.4151027,3.0,-6.0,-48.0
1776886972.4251027,1.0,-6.0,-50.0
1776886972.4351027,3.0,-3.0,-46.0
1776886972.4451027,4.0,-4.0,-42.0
1776886972.4551027,2.0,-5.0,-40.0
1776886972.465103,1.0,-8.0,-38.0
1776886972.475103,-2.0,-5.0,-34.0
1776886972.485103,-7.0,-4.0,-35.0
1776886972.4951026,-5.0,-4.0,-40.0
1776886972.5051026,-4.0,-6.0,-36.0
1776886972.5151026,-1.0,-2.0,-42.0
1776886972.5251029,-1.0,-3.0,-45.0
1776886972.5351028,-1.0,-2.0,-46.0
1776886972.5451028,0.0,-2.0,-42.0
1776886972.5551028,2.0,2.0,-44.0
1776886972.5651028,1.0,3.0,-43.0
1776886972.5751028,2.0,3.0,-40.0
1776886972.5851028,0.0,0.0,-42.0
1776886972.5951028,-3.0,-3.0,-39.0
1776886972.6051028,-3.0,-4.0,-37.0
1776886972.6151028,-3.0,-4.0,-38.0
1776886972.6251028,-2.0,-2.0,-29.0
1776886972.6351027,-1.0,0.0,-31.0
1776886972.6451027,0.0,4.0,-34.0
1776886972.6551027,3.0,1.0,-37.0
1776886972.6651027,5.0,3.0,-35.0
1776886972.6751027,0.0,2.0,-38.0
1776886972.6851027,-1.0,-1.0,-38.0
1776886972.6951027,0.0,-1.0,-40.0
1776886972.7051027,-2.0,-1.0,-34.0
1776886972.715103,-4.0,-2.0,-37.0
1776886972.725103,-1.0,-2.0,-37.0
1776886972.735103,0.0,0.0,-33.0
1776886972.7451026,1.0,0.0,-31.0
1776886972.7551026,4.0,0.0,-34.0
1776886972.7651026,2.0,-5.0,-33.0
1776886972.7751029,-2.0,0.0,-21.0
1776886972.7851028,0.0,3.0,-26.0
1776886972.7951028,2.0,5.0,-32.0
1776886972.8051028,1.0,5.0,-42.0
1776886972.8151028,0.0,4.0,-51.0
1776886972.8251028,1.0,7.0,-55.0
1776886972.8351028,0.0,6.0,-51.0
1776886972.8451028,2.0,5.0,-55.0
1776886972.8551028,1.0,2.0,-53.0
1776886972.8651028,1.0,2.0,-55.0
1776886972.8751028,3.0,4.0,-56.0
1776886972.8851027,0.0,0.0,-54.0
1776886972.8951027,-1.0,-1.0,-46.0
1776886972.9051027,1.0,-3.0,-52.0
1776886972.9151027,0.0,-5.0,-55.0
1776886972.9251027,-3.0,-8.0,-49.0
1776886972.9351027,-5.0,-13.0,-55.0
1776886972.9451027,-8.0,-15.0,-51.0
1776886972.9551027,-4.0,-11.0,-54.0
1776886972.965103,-4.0,-6.0,-51.0
1776886972.975103,-4.0,-4.0,-49.0
1776886972.985103,-5.0,-7.0,-50.0
1776886972.9951026,-3.0,-8.0,-48.0
1776886973.0051026,0.0,-8.0,-43.0
1776886973.0151026,-1.0,-5.0,-45.0
1776886973.0251029,-6.0,-2.0,-44.0
1776886973.0351028,-3.0,-2.0,-49.0
1776886973.0451028,-9.0,-3.0,-48.0
1776886973.0551028,-4.0,-2.0,-43.0
1776886973.0651028,-4.0,-1.0,-42.0
1776886973.0751028,-3.0,-3.0,-36.0
1776886973.0851028,-2.0,-2.0,-35.0
1776886973.0951028,2.0,0.0,-36.0
1776886973.1051028,4.0,-4.0,-33.0
1776886973.1151028,4.0,-3.0,-33.0
1776886973.1251028,0.0,-4.0,-33.0
1776886973.1351027,3.0,-2.0,-30.0
1776886973.1451027,5.0,-4.0,-26.0
1776886973.1551027,2.0,-3.0,-31.0
1776886973.1651027,3.0,-3.0,-31.0
1776886973.1751027,0.0,-2.0,-27.0
1776886973.1851027,0.0,-2.0,-21.0
1776886973.1951027,4.0,-3.0,-24.0
1776886973.2051027,6.0,-4.0,-29.0
1776886973.215103,3.0,-3.0,-29.0
1776886973.225103,2.0,-6.0,-34.0
1776886973.235103,3.0,-10.0,-34.0
1776886973.2451026,5.0,-5.0,-37.0
1776886973.2551026,2.0,-5.0,-41.0
1776886973.2651026,3.0,-8.0,-38.0
1776886973.2751029,0.0,-5.0,-32.0
1776886973.2851028,0.0,-3.0,-34.0
1776886973.2951028,4.0,1.0,-38.0
1776886973.3051028,-1.0,-1.0,-46.0
1776886973.3151028,-7.0,0.0,-44.0
1776886973.3251028,-4.0,0.0,-43.0
1776886973.3351028,-1.0,0.0,-47.0
1776886973.3451028,-1.0,0.0,-41.0
1776886973.3551028,0.0,-2.0,-35.0
1776886973.3651028,2.0,-4.0,-31.0
1776886973.3751028,5.0,-4.0,-29.0
1776886973.3851027,7.0,-4.0,-30.0
1776886973.3951027,0.0,0.0,-32.0
1776886973.4051027,0.0,-2.0,-35.0
1776886973.4151027,1.0,-4.0,-35.0
1776886973.4251027,-4.0,-8.0,-36.0
1776886973.4351027,-3.0,-2.0,-39.0
1776886973.4451027,-1.0,-4.0,-33.0
1776886973.4551027,-2.0,2.0,-32.0
1776886973.465103,0.0,0.0,-30.0
1776886973.475103,0.0,1.0,-25.0
1776886973.485103,-1.0,-2.0,-32.0
1776886973.4951026,-5.0,-3.0,-33.0
1776886973.5051026,-5.0,-3.0,-37.0
1776886973.5151026,-6.0,0.0,-44.0
1776886973.5251029,-2.0,0.0,-42.0
1776886973.5351028,0.0,0.0,-42.0
1776886973.5451028,0.0,1.0,-41.0
1776886973.5551028,1.0,2.0,-41.0
1776886973.5651028,1.0,-1.0,-37.0
1776886973.5751028,0.0,0.0,-37.0
1776886973.5851028,0.0,4.0,-38.0
1776886973.5951028,3.0,-1.0,-44.0
1776886973.6051028,4.0,-4.0,-47.0
1776886973.6151028,7.0,-5.0,-44.0
1776886973.6251028,6.0,-2.0,-41.0
1776886973.6351027,7.0,-2.0,-36.0
1776886973.6451027,1.0,-2.0,-28.0
1776886973.6551027,-1.0,0.0,-33.0
1776886973.6651027,1.0,0.0,-33.0
1776886973.6751027,2.0,-5.0,-29.0
1776886973.6851027,2.0,-5.0,-30.0
1776886973.6951027,5.0,-5.0,-34.0
1776886973.7051027,4.0,-5.0,-42.0
1776886973.715103,5.0,-3.0,-48.0
1776886973.725103,4.0,-2.0,-40.0
1776886973.735103,8.0,-3.0,-41.0
1776886973.7451026,5.0,-6.0,-31.0
1776886973.7551026,3.0,-6.0,-42.0
1776886973.7651026,4.0,-4.0,-41.0
1776886973.7751029,1.0,-1.0,-37.0
1776886973.7851028,2.0,-1.0,-29.0
1776886973.7951028,3.0,-1.0,-38.0
1776886973.8051028,-1.0,-5.0,-40.0
1776886973.8151028,4.0,-5.0,-42.0
1776886973.8251028,7.0,-3.0,-43.0
1776886973.8351028,8.0,-5.0,-49.0
1776886973.8451028,10.0,-3.0,-45.0
1776886973.8551028,4.0,-2.0,-44.0
1776886973.8651028,0.0,-2.0,-36.0
1776886973.8751028,1.0,-1.0,-32.0
1776886973.8851027,0.0,-4.0,-29.0
1776886973.8951027,-3.0,-4.0,-32.0
1776886973.9051027,-5.0,-5.0,-37.0
1776886973.9151027,2.0,-5.0,-34.0
1776886973.9251027,1.0,0.0,-35.0
1776886973.9351027,2.0,-2.0,-34.0
1776886973.9451027,4.0,-6.0,-37.0
1776886973.9551027,5.0,-5.0,-29.0
1776886973.965103,9.0,-4.0,-25.0
1776886973.975103,7.0,-4.0,-26.0
1776886973.985103,5.0,-3.0,-35.0
1776886973.9951026,3.0,-4.0,-35.0
1776886974.0051026,0.0,-3.0,-38.0
1776886974.0151026,3.0,-1.0,-37.0
1776886974.0251029,3.0,-5.0,-43.0
1776886974.0351028,5.0,-6.0,-50.0
1776886974.0451028,4.0,-4.0,-51.0
1776886974.0551028,0.0,-5.0,-40.0
1776886974.0651028,-5.0,-3.0,-41.0
1776886974.0761027,-2.0,0.0,-39.0
1776886974.0851028,-3.0,-2.0,-35.0
1776886974.0951028,-5.0,-4.0,-44.0
1776886974.1061027,-4.0,-5.0,-39.0
1776886974.1161027,-2.0,-2.0,-33.0
1776886974.1261027,-2.0,0.0,-32.0
1776886974.136103,-4.0,-1.0,-35.0
1776886974.1451027,-2.0,-2.0,-36.0
1776886974.156103,0.0,-4.0,-30.0
1776886974.1661026,-4.0,-5.0,-36.0
1776886974.1761026,-7.0,-2.0,-36.0
1776886974.1861026,-2.0,0.0,-39.0
1776886974.1961029,0.0,1.0,-48.0
1776886974.2061028,0.0,1.0,-46.0
1776886974.2161028,-3.0,4.0,-42.0
1776886974.2261028,-1.0,4.0,-41.0
1776886974.2361028,-3.0,2.0,-40.0
1776886974.2461028,-4.0,0.0,-43.0
1776886974.2561028,0.0,0.0,-44.0
1776886974.2661028,6.0,-3.0,-48.0
1776886974.2761028,0.0,-4.0,-44.0
1776886974.2861028,1.0,-10.0,-45.0
1776886974.2961028,2.0,-7.0,-46.0
1776886974.3061028,0.0,-5.0,-53.0
1776886974.3161027,-4.0,0.0,-52.0
1776886974.3261027,-6.0,2.0,-48.0
1776886974.3361027,-4.0,0.0,-37.0
1776886974.3461027,-2.0,-3.0,-44.0
1776886974.3561027,0.0,-4.0,-45.0
1776886974.3661027,0.0,-7.0,-42.0
1776886974.3761027,-1.0,-5.0,-49.0
1776886974.386103,-4.0,-3.0,-51.0
1776886974.396103,-6.0,-2.0,-41.0
1776886974.406103,-9.0,-3.0,-44.0
1776886974.4161026,-10.0,-1.0,-50.0
1776886974.4261026,-8.0,-5.0,-47.0
1776886974.4361026,-4.0,-9.0,-38.0
1776886974.4461029,-3.0,-7.0,-32.0
1776886974.4561028,-2.0,-6.0,-35.0
1776886974.4661028,0.0,-4.0,-38.0
1776886974.4761028,-2.0,-1.0,-35.0
1776886974.4861028,0.0,-3.0,-34.0
1776886974.4961028,0.0,-2.0,-36.0
1776886974.5061028,-2.0,-3.0,-38.0
1776886974.5161028,0.0,-2.0,-29.0
1776886974.5261028,0.0,0.0,-28.0
1776886974.5361028,0.0,0.0,-35.0
1776886974.5461028,1.0,-3.0,-39.0
1776886974.5561028,3.0,-9.0,-37.0
1776886974.5661027,0.0,-9.0,-36.0
1776886974.5761027,2.0,-8.0,-35.0
1776886974.5861027,0.0,-4.0,-39.0
1776886974.5961027,-1.0,-1.0,-36.0
1776886974.6061027,0.0,0.0,-36.0
1776886974.6161027,-6.0,-1.0,-37.0
1776886974.6261027,-4.0,2.0,-36.0
1776886974.636103,-2.0,-2.0,-34.0
1776886974.646103,-1.0,-3.0,-30.0
1776886974.656103,0.0,-2.0,-23.0
1776886974.6661026,0.0,-1.0,-28.0
1776886974.6761026,-1.0,0.0,-37.0
1776886974.6861026,-1.0,-1.0,-34.0
1776886974.6961029,1.0,-4.0,-33.0
1776886974.7061028,-2.0,-5.0,-31.0
1776886974.7161028,0.0,-3.0,-34.0
1776886974.7261028,-4.0,-3.0,-38.0
1776886974.7361028,-4.0,-1.0,-40.0
1776886974.7461028,-2.0,-3.0,-37.0
1776886974.7561028,0.0,-2.0,-33.0
1776886974.7661028,-4.0,-1.0,-30.0
1776886974.7761028,-5.0,0.0,-32.0
1776886974.7861028,-8.0,0.0,-32.0
1776886974.7961028,-3.0,3.0,-30.0
1776886974.8061028,0.0,2.0,-34.0
1776886974.8161027,4.0,3.0,-32.0
1776886974.8261027,0.0,7.0,-33.0
1776886974.8361027,-1.0,6.0,-28.0
1776886974.8461027,-2.0,2.0,-31.0
1776886974.8561027,-1.0,4.0,-30.0
1776886974.8661027,1.0,4.0,-31.0
1776886974.8761027,0.0,4.0,-31.0
1776886974.886103,3.0,1.0,-33.0
1776886974.896103,6.0,-1.0,-32.0
1776886974.906103,2.0,-3.0,-30.0
1776886974.9161026,1.0,-2.0,-37.0
1776886974.9261026,3.0,-2.0,-35.0
1776886974.9361026,0.0,3.0,-31.0
1776886974.9461029,2.0,5.0,-37.0
1776886974.9561028,-2.0,3.0,-37.0
1776886974.9661028,-8.0,2.0,-36.0
1776886974.9761028,-7.0,0.0,-46.0
1776886974.9861028,-5.0,0.0,-42.0
1776886974.9961028,-6.0,1.0,-42.0
1776886975.0061028,-2.0,-1.0,-41.0
1776886975.0161028,-2.0,-2.0,-35.0
1776886975.0261028,0.0,0.0,-28.0
1776886975.0361028,-3.0,0.0,-30.0
1776886975.0461028,-11.0,-3.0,-30.0
1776886975.0561028,-4.0,-4.0,-26.0
1776886975.0661027,-2.0,-10.0,-32.0
1776886975.0761027,0.0,-4.0,-26.0
1776886975.0861027,-1.0,-2.0,-25.0
1776886975.0961027,0.0,-5.0,-19.0
1776886975.1061027,-4.0,-7.0,-21.0
1776886975.1161027,-4.0,-7.0,-18.0
1776886975.1261027,-7.0,-3.0,-16.0
1776886975.136103,-5.0,-1.0,-28.0
1776886975.146103,-3.0,-2.0,-31.0
1776886975.156103,-3.0,0.0,-33.0
1776886975.1661026,-2.0,2.0,-34.0
1776886975.1761026,0.0,1.0,-35.0
1776886975.1861026,-2.0,-1.0,-34.0
1776886975.1961029,2.0,-5.0,-35.0
1776886975.2061028,3.0,-2.0,-36.0
1776886975.2161028,0.0,0.0,-31.0
1776886975.2261028,-6.0,-1.0,-31.0
1776886975.2361028,-6.0,0.0,-36.0
1776886975.2461028,-6.0,2.0,-41.0
1776886975.2561028,-8.0,3.0,-33.0
1776886975.2661028,-3.0,2.0,-38.0
1776886975.2761028,-6.0,5.0,-38.0
1776886975.2861028,-4.0,6.0,-41.0
1776886975.2961028,-2.0,4.0,-38.0
1776886975.3061028,-1.0,1.0,-33.0
1776886975.3161027,0.0,-1.0,-27.0
1776886975.3261027,0.0,-2.0,-33.0
1776886975.3361027,1.0,-1.0,-28.0
1776886975.3461027,3.0,0.0,-33.0
1776886975.3561027,0.0,0.0,-29.0
1776886975.3661027,7.0,0.0,-26.0
1776886975.3761027,8.0,-3.0,-25.0
1776886975.386103,7.0,-3.0,-29.0
1776886975.396103,7.0,-3.0,-37.0
1776886975.406103,3.0,-2.0,-50.0
1776886975.4161026,-1.0,-3.0,-48.0
1776886975.4261026,-2.0,-4.0,-42.0
1776886975.4361026,1.0,0.0,-45.0
1776886975.4461029,-3.0,0.0,-43.0
1776886975.4561028,-1.0,0.0,-36.0
1776886975.4661028,-5.0,0.0,-33.0
1776886975.4761028,-3.0,0.0,-32.0
1776886975.4861028,-4.0,0.0,-38.0
1776886975.4961028,-4.0,0.0,-36.0
1776886975.5061028,-2.0,-2.0,-34.0
1776886975.5161028,0.0,-1.0,-42.0
1776886975.5261028,-1.0,1.0,-42.0
1776886975.5361028,-5.0,0.0,-38.0
1776886975.5461028,-6.0,-6.0,-36.0
1776886975.5561028,-3.0,-3.0,-37.0
1776886975.5661027,-1.0,-4.0,-37.0
1776886975.5761027,0.0,-1.0,-40.0
1776886975.5861027,2.0,-5.0,-45.0
1776886975.5961027,-1.0,-8.0,-45.0
1776886975.6061027,0.0,-5.0,-47.0
1776886975.6161027,-2.0,-2.0,-52.0
1776886975.6261027,0.0,0.0,-53.0
1776886975.636103,0.0,-2.0,-49.0
1776886975.646103,1.0,-7.0,-45.0
1776886975.656103,-1.0,-5.0,-43.0
1776886975.6661026,0.0,-4.0,-43.0
1776886975.6761026,0.0,1.0,-40.0
1776886975.6861026,0.0,-1.0,-37.0
1776886975.6961029,-5.0,-1.0,-37.0
1776886975.7061028,-7.0,0.0,-33.0
1776886975.7161028,0.0,3.0,-31.0
1776886975.7261028,1.0,4.0,-40.0
1776886975.7361028,3.0,4.0,-39.0
1776886975.7461028,5.0,3.0,-43.0
1776886975.7561028,5.0,4.0,-44.0
1776886975.7661028,8.0,2.0,-49.0
1776886975.7761028,6.0,-2.0,-48.0
1776886975.7861028,5.0,-3.0,-50.0
1776886975.7961028,1.0,-2.0,-48.0
1776886975.8061028,2.0,1.0,-48.0
1776886975.8161027,0.0,2.0,-48.0
1776886975.8261027,-1.0,-2.0,-50.0
1776886975.8361027,-5.0,-3.0,-48.0
1776886975.8461027,-4.0,-5.0,-42.0
1776886975.8561027,-3.0,-1.0,-37.0
1776886975.8661027,0.0,-2.0,-40.0
1776886975.8761027,3.0,-3.0,-43.0
1776886975.886103,0.0,-4.0,-39.0
1776886975.896103,1.0,-4.0,-37.0
1776886975.906103,0.0,0.0,-27.0
1776886975.9161026,-1.0,-3.0,-31.0
1776886975.9261026,-1.0,-1.0,-30.0
1776886975.9361026,0.0,0.0,-34.0
1776886975.9461029,0.0,3.0,-36.0
1776886975.9561028,-1.0,3.0,-33.0
1776886975.9661028,1.0,4.0,-26.0
1776886975.9761028,4.0,6.0,-26.0
1776886975.9861028,3.0,6.0,-28.0
1776886975.9961028,4.0,2.0,-40.0
1776886976.0061028,1.0,0.0,-39.0
1776886976.0161028,4.0,-5.0,-39.0
1776886976.0261028,-1.0,-3.0,-38.0
1776886976.0361028,-6.0,-1.0,-39.0
1776886976.0461028,0.0,-3.0,-35.0
1776886976.0561028,-1.0,-5.0,-39.0
1776886976.0661027,-1.0,-8.0,-39.0
1776886976.0761027,-2.0,-5.0,-32.0
1776886976.087103,1.0,-6.0,-28.0
1776886976.0971026,0.0,-7.0,-30.0
1776886976.1071026,2.0,-7.0,-29.0
1776886976.1161027,6.0,-5.0,-25.0
1776886976.1271029,10.0,-4.0,-26.0
1776886976.1371028,3.0,0.0,-27.0
1776886976.1471028,3.0,-2.0,-34.0
1776886976.1571028,2.0,-5.0,-31.0
1776886976.1671028,6.0,0.0,-26.0
1776886976.1771028,6.0,-3.0,-32.0
1776886976.1871028,1.0,-5.0,-32.0
1776886976.1971028,6.0,0.0,-32.0
1776886976.2071028,1.0,2.0,-35.0
1776886976.2171028,0.0,3.0,-37.0
1776886976.2271028,-3.0,3.0,-35.0
1776886976.2371027,-3.0,1.0,-36.0
1776886976.248103,-7.0,-1.0,-38.0
1776886976.2571027,0.0,-1.0,-37.0
1776886976.2671027,-1.0,0.0,-36.0
1776886976.2771027,-8.0,-2.0,-34.0
1776886976.2871027,-8.0,-5.0,-36.0
1776886976.2971027,-6.0,-5.0,-30.0
1776886976.307103,-8.0,0.0,-42.0
1776886976.317103,-7.0,1.0,-38.0
1776886976.327103,-5.0,0.0,-36.0
1776886976.337103,0.0,0.0,-34.0
1776886976.3471026,2.0,0.0,-20.0
1776886976.3571026,2.0,4.0,-20.0
1776886976.3671026,6.0,0.0,-25.0
1776886976.3771029,6.0,0.0,-22.0
1776886976.3871028,4.0,-1.0,-25.0
1776886976.3971028,5.0,-3.0,-28.0
1776886976.4071028,2.0,-1.0,-37.0
1776886976.4171028,1.0,-3.0,-43.0
1776886976.4271028,2.0,0.0,-45.0
1776886976.4371028,-3.0,3.0,-46.0
1776886976.4471028,-2.0,4.0,-36.0
1776886976.4571028,-1.0,5.0,-31.0
1776886976.4671028,2.0,3.0,-34.0
1776886976.4771028,0.0,0.0,-44.0
1776886976.4871027,2.0,1.0,-36.0
1776886976.4971027,4.0,1.0,-35.0
1776886976.5071027,2.0,-2.0,-31.0
1776886976.5171027,4.0,-5.0,-29.0
1776886976.5271027,5.0,-5.0,-28.0
1776886976.5371027,10.0,-3.0,-31.0
1776886976.5471027,11.0,-3.0,-28.0
1776886976.557103,7.0,-3.0,-25.0
1776886976.567103,0.0,-7.0,-29.0
1776886976.577103,0.0,-9.0,-36.0
1776886976.587103,1.0,-8.0,-39.0
1776886976.5971026,2.0,-5.0,-43.0
1776886976.6071026,3.0,-5.0,-40.0
1776886976.6171026,3.0,-7.0,-41.0
1776886976.6271029,0.0,-10.0,-42.0
1776886976.6371028,-4.0,-10.0,-42.0
1776886976.6471028,-2.0,-7.0,-41.0
1776886976.6571028,-5.0,-9.0,-42.0
1776886976.6671028,-3.0,-7.0,-43.0
1776886976.6771028,0.0,-4.0,-40.0
1776886976.6871028,1.0,-6.0,-42.0
1776886976.6971028,1.0,-5.0,-37.0
1776886976.7071028,0.0,-4.0,-36.0
1776886976.7171028,0.0,-4.0,-35.0
1776886976.7271028,-2.0,-4.0,-32.0
1776886976.7371027,-1.0,-6.0,-33.0
1776886976.7471027,1.0,-4.0,-37.0
1776886976.7571027,0.0,-6.0,-39.0
1776886976.7671027,0.0,-3.0,-42.0
1776886976.7771027,3.0,-3.0,-40.0
1776886976.7871027,2.0,-5.0,-41.0
1776886976.7971027,0.0,-1.0,-45.0
1776886976.807103,0.0,1.0,-47.0
1776886976.817103,0.0,4.0,-44.0
1776886976.827103,0.0,3.0,-43.0
1776886976.837103,3.0,1.0,-38.0
1776886976.8471026,-1.0,-3.0,-32.0
1776886976.8571026,-4.0,-2.0,-34.0
1776886976.8671026,-2.0,-4.0,-36.0
1776886976.8771029,-1.0,-2.0,-38.0
1776886976.8871028,2.0,0.0,-51.0
1776886976.8971028,0.0,0.0,-51.0
1776886976.9071028,6.0,4.0,-40.0
1776886976.9171028,4.0,4.0,-33.0
1776886976.9271028,-2.0,0.0,-31.0
1776886976.9371028,0.0,0.0,-39.0
1776886976.9471028,4.0,0.0,-36.0
1776886976.9571028,4.0,-1.0,-29.0
1776886976.9671028,2.0,-1.0,-30.0
1776886976.9771028,0.0,-3.0,-31.0
1776886976.9871027,1.0,-4.0,-29.0
1776886976.9971027,0.0,0.0,-30.0
1776886977.0071027,-4.0,1.0,-29.0
1776886977.0171027,-5.0,0.0,-33.0
1776886977.0271027,-4.0,1.0,-36.0
1776886977.0371027,-4.0,-2.0,-39.0
1776886977.0471027,-2.0,-1.0,-38.0
1776886977.057103,1.0,-4.0,-36.0
1776886977.067103,1.0,-4.0,-33.0
1776886977.077103,3.0,-3.0,-36.0
1776886977.087103,1.0,-2.0,-39.0
1776886977.0971026,1.0,-2.0,-36.0
1776886977.1071026,6.0,-6.0,-39.0
1776886977.1171026,7.0,-4.0,-32.0
1776886977.1271029,6.0,-4.0,-27.0
1776886977.1371028,4.0,-1.0,-23.0
1776886977.1471028,6.0,-4.0,-21.0
1776886977.1571028,4.0,-6.0,-24.0
1776886977.1671028,0.0,-5.0,-32.0
1776886977.1771028,3.0,-6.0,-37.0
1776886977.1871028,3.0,-6.0,-36.0
1776886977.1971028,4.0,-4.0,-38.0
1776886977.2071028,2.0,-5.0,-34.0
1776886977.2171028,5.0,-7.0,-31.0
1776886977.2271028,0.0,-3.0,-30.0
1776886977.2371027,6.0,-3.0,-30.0
1776886977.2471027,10.0,-3.0,-35.0
1776886977.2571027,10.0,0.0,-29.0
1776886977.2671027,9.0,-3.0,-33.0
1776886977.2771027,9.0,-5.0,-36.0
1776886977.2871027,3.0,-6.0,-34.0
1776886977.2971027,7.0,-4.0,-36.0
1776886977.307103,7.0,-3.0,-34.0
1776886977.317103,9.0,-3.0,-39.0
1776886977.327103,6.0,-4.0,-36.0
1776886977.337103,3.0,0.0,-37.0
1776886977.3471026,5.0,-1.0,-39.0
1776886977.3571026,2.0,0.0,-42.0
1776886977.3671026,0.0,-2.0,-42.0
1776886977.3771029,-4.0,-4.0,-40.0
1776886977.3871028,-4.0,-4.0,-41.0
1776886977.3971028,0.0,-4.0,-38.0
1776886977.4071028,-5.0,-4.0,-46.0
1776886977.4171028,-6.0,-4.0,-40.0
1776886977.4271028,-5.0,-5.0,-40.0
1776886977.4371028,0.0,-2.0,-42.0
1776886977.4471028,0.0,0.0,-38.0
1776886977.4571028,-4.0,-1.0,-40.0
1776886977.4671028,-7.0,-3.0,-42.0
1776886977.4771028,-3.0,0.0,-45.0
1776886977.4871027,-2.0,-4.0,-40.0
1776886977.4971027,-1.0,0.0,-40.0
1776886977.5071027,-3.0,1.0,-43.0
1776886977.5171027,-6.0,0.0,-44.0
1776886977.5271027,-9.0,0.0,-39.0
1776886977.5371027,-14.0,2.0,-35.0
1776886977.5471027,-10.0,5.0,-31.0
1776886977.557103,-9.0,3.0,-30.0
1776886977.567103,-7.0,4.0,-32.0
1776886977.577103,-6.0,3.0,-34.0
1776886977.587103,-3.0,5.0,-37.0
1776886977.5971026,-3.0,2.0,-31.0
1776886977.6071026,0.0,-3.0,-33.0
1776886977.6171026,0.0,-7.0,-35.0
1776886977.6271029,1.0,-6.0,-33.0
1776886977.6371028,1.0,-9.0,-30.0
1776886977.6471028,3.0,-8.0,-39.0
1776886977.6571028,4.0,-10.0,-37.0
1776886977.6671028,1.0,-9.0,-35.0
1776886977.6771028,-3.0,-3.0,-36.0
1776886977.6871028,0.0,-2.0,-41.0
1776886977.6971028,2.0,0.0,-38.0
1776886977.7071028,0.0,-3.0,-36.0
1776886977.7171028,0.0,0.0,-36.0
1776886977.7271028,-1.0,-1.0,-31.0
1776886977.7371027,-1.0,0.0,-33.0
1776886977.7471027,0.0,-1.0,-34.0
1776886977.7571027,-1.0,-3.0,-33.0
1776886977.7671027,0.0,-2.0,-26.0
1776886977.7771027,-2.0,-3.0,-33.0
1776886977.7871027,-2.0,-4.0,-36.0
1776886977.7971027,-1.0,-3.0,-38.0
1776886977.807103,-4.0,-2.0,-44.0
1776886977.817103,-3.0,-4.0,-43.0
1776886977.827103,-2.0,-2.0,-44.0
1776886977.837103,0.0,1.0,-39.0
1776886977.8471026,-1.0,3.0,-37.0
1776886977.8571026,-1.0,0.0,-35.0
1776886977.8671026,-2.0,-1.0,-40.0
1776886977.8771029,-1.0,-6.0,-48.0
1776886977.8871028,3.0,-7.0,-54.0
1776886977.8971028,9.0,-4.0,-50.0
1776886977.9071028,8.0,-7.0,-47.0
1776886977.9171028,4.0,-7.0,-45.0
1776886977.9271028,0.0,-6.0,-46.0
1776886977.9371028,5.0,-3.0,-46.0
1776886977.9471028,0.0,-1.0,-45.0
1776886977.9571028,-2.0,-1.0,-43.0
1776886977.9671028,-2.0,-1.0,-38.0
1776886977.9771028,-6.0,-1.0,-37.0
1776886977.9871027,-8.0,-5.0,-34.0
1776886977.9971027,-11.0,-9.0,-38.0
1776886978.0071027,-12.0,-7.0,-39.0
1776886978.0171027,-10.0,-8.0,-35.0
1776886978.0271027,-8.0,-8.0,-36.0
1776886978.0371027,-10.0,-6.0,-41.0
1776886978.0471027,-7.0,-5.0,-35.0
1776886978.057103,-4.0,-4.0,-42.0
1776886978.0681028,-2.0,0.0,-42.0
1776886978.077103,-2.0,2.0,-44.0
1776886978.0881028,-2.0,-3.0,-39.0
1776886978.0981028,0.0,-3.0,-39.0
1776886978.1081028,0.0,0.0,-38.0
1776886978.1181028,-1.0,2.0,-37.0
1776886978.1281028,0.0,4.0,-33.0
1776886978.1381028,1.0,0.0,-38.0
1776886978.1481028,2.0,-1.0,-39.0
1776886978.1581028,4.0,-2.0,-37.0
1776886978.1681027,1.0,-2.0,-40.0
1776886978.1781027,-1.0,-4.0,-41.0
1776886978.1881027,1.0,-4.0,-46.0
1776886978.1981027,0.0,-4.0,-42.0
1776886978.2081027,-1.0,-7.0,-49.0
1776886978.2181027,0.0,-7.0,-42.0
1776886978.2281027,0.0,-5.0,-44.0
1776886978.238103,-1.0,-1.0,-46.0
1776886978.248103,-1.0,2.0,-40.0
1776886978.258103,-3.0,-1.0,-37.0
1776886978.2681026,-4.0,-1.0,-33.0
1776886978.2781026,-1.0,0.0,-35.0
1776886978.2881026,0.0,4.0,-31.0
1776886978.2981029,3.0,6.0,-32.0
1776886978.3081028,8.0,5.0,-32.0
1776886978.3181028,2.0,3.0,-33.0
1776886978.3281028,3.0,2.0,-33.0
1776886978.3381028,4.0,-2.0,-29.0
1776886978.3481028,1.0,-3.0,-34.0
1776886978.3581028,1.0,0.0,-42.0
1776886978.3681028,0.0,-2.0,-41.0
1776886978.3781028,0.0,0.0,-37.0
1776886978.3881028,0.0,2.0,-31.0
1776886978.3981028,5.0,2.0,-30.0
1776886978.4081028,5.0,0.0,-29.0
1776886978.4181027,3.0,0.0,-31.0
1776886978.4281027,4.0,0.0,-33.0
1776886978.4381027,2.0,-2.0,-41.0
1776886978.4481027,3.0,-1.0,-40.0
1776886978.4581027,3.0,0.0,-38.0
1776886978.4681027,2.0,0.0,-39.0
1776886978.4781027,-1.0,-4.0,-44.0
1776886978.488103,0.0,-7.0,-47.0
1776886978.498103,0.0,-4.0,-46.0
1776886978.508103,4.0,-5.0,-53.0
1776886978.5181026,3.0,-1.0,-50.0
1776886978.5281026,4.0,0.0,-53.0
1776886978.5381026,1.0,-1.0,-49.0
1776886978.5481029,1.0,-1.0,-49.0
1776886978.5581028,5.0,-7.0,-49.0
1776886978.5681028,6.0,-7.0,-44.0
1776886978.5781028,5.0,-2.0,-46.0
1776886978.5881028,6.0,0.0,-44.0
1776886978.5981028,5.0,-1.0,-40.0
1776886978.6081028,0.0,-1.0,-34.0
1776886978.6181028,0.0,0.0,-36.0
1776886978.6281028,4.0,3.0,-41.0
1776886978.6381028,5.0,-1.0,-37.0
1776886978.6481028,-2.0,0.0,-38.0
1776886978.6581028,-3.0,-3.0,-40.0
1776886978.6681027,0.0,-11.0,-39.0
1776886978.6781027,0.0,-10.0,-41.0
1776886978.6881027,1.0,-5.0,-36.0
1776886978.6981027,2.0,-5.0,-41.0
1776886978.7081027,6.0,-5.0,-42.0
1776886978.7181027,2.0,-3.0,-40.0
1776886978.7281027,2.0,-5.0,-45.0
1776886978.738103,2.0,-6.0,-42.0
1776886978.748103,0.0,-11.0,-43.0
1776886978.758103,0.0,-12.0,-38.0
1776886978.7681026,-2.0,-12.0,-39.0
1776886978.7781026,0.0,-14.0,-40.0
1776886978.7881026,3.0,-8.0,-43.0
1776886978.7981029,4.0,-12.0,-39.0
1776886978.8081028,1.0,-8.0,-34.0
1776886978.8181028,4.0,-6.0,-36.0
1776886978.8281028,-1.0,-1.0,-34.0
1776886978.8381028,-4.0,0.0,-42.0
1776886978.8481028,-1.0,2.0,-40.0
1776886978.8581028,-2.0,-1.0,-35.0
1776886978.8681028,3.0,-1.0,-39.0
1776886978.8781028,7.0,2.0,-39.0
1776886978.8881028,5.0,4.0,-40.0
1776886978.8981028,2.0,1.0,-41.0
1776886978.9081028,3.0,3.0,-38.0
1776886978.9181027,0.0,2.0,-33.0
1776886978.9281027,-2.0,4.0,-30.0
1776886978.9381027,-3.0,3.0,-29.0
1776886978.9481027,-1.0,2.0,-31.0
1776886978.9581027,-3.0,5.0,-31.0
1776886978.9681027,0.0,7.0,-36.0
1776886978.9781027,-4.0,3.0,-34.0
1776886978.988103,-9.0,7.0,-35.0
1776886978.998103,-9.0,6.0,-34.0
1776886979.008103,-4.0,6.0,-42.0
1776886979.0181026,-3.0,4.0,-38.0
1776886979.0281026,-4.0,2.0,-33.0
1776886979.0381026,-2.0,1.0,-35.0
1776886979.0481029,0.0,-1.0,-41.0
1776886979.0581028,-1.0,0.0,-40.0
1776886979.0681028,0.0,0.0,-35.0
1776886979.0781028,1.0,-1.0,-40.0
1776886979.0881028,0.0,1.0,-39.0
1776886979.0981028,0.0,0.0,-37.0
1776886979.1081028,3.0,2.0,-41.0
1776886979.1181028,0.0,0.0,-42.0
1776886979.1281028,-2.0,1.0,-42.0
1776886979.1381028,-1.0,0.0,-37.0
1776886979.1481028,0.0,-4.0,-41.0
1776886979.1581028,2.0,-5.0,-37.0
1776886979.1681027,2.0,-6.0,-39.0
1776886979.1781027,2.0,-3.0,-41.0
1776886979.1881027,0.0,1.0,-38.0
1776886979.1981027,4.0,4.0,-35.0
1776886979.2081027,4.0,0.0,-35.0
1776886979.2181027,2.0,0.0,-44.0
1776886979.2281027,0.0,-1.0,-42.0
1776886979.238103,-2.0,1.0,-41.0
1776886979.248103,0.0,1.0,-40.0
1776886979.258103,3.0,1.0,-45.0
1776886979.2681026,4.0,0.0,-42.0
1776886979.2781026,5.0,0.0,-46.0
1776886979.2881026,4.0,-1.0,-47.0
1776886979.2981029,1.0,-3.0,-47.0
1776886979.3081028,5.0,-6.0,-45.0
1776886979.3181028,9.0,-7.0,-46.0
1776886979.3281028,11.0,-3.0,-45.0
1776886979.3381028,8.0,-3.0,-38.0
1776886979.3481028,5.0,-2.0,-37.0
1776886979.3581028,1.0,-1.0,-42.0
1776886979.3681028,0.0,1.0,-44.0
1776886979.3781028,-1.0,-1.0,-44.0
1776886979.3881028,-1.0,-1.0,-45.0
1776886979.3981028,3.0,1.0,-40.0
1776886979.4081028,0.0,3.0,-42.0
1776886979.4181027,0.0,4.0,-38.0
1776886979.4281027,2.0,-1.0,-42.0
1776886979.4381027,-1.0,0.0,-37.0
1776886979.4481027,-2.0,0.0,-38.0
1776886979.4581027,0.0,3.0,-37.0
1776886979.4681027,2.0,5.0,-39.0
1776886979.4781027,8.0,5.0,-35.0
1776886979.488103,6.0,4.0,-41.0
1776886979.498103,6.0,3.0,-40.0
1776886979.508103,2.0,-1.0,-40.0
1776886979.5181026,-2.0,-1.0,-36.0
1776886979.5281026,0.0,-1.0,-38.0
1776886979.5381026,0.0,-1.0,-38.0
1776886979.5481029,-5.0,0.0,-44.0
1776886979.5581028,-3.0,-1.0,-35.0
1776886979.5681028,-5.0,-1.0,-39.0
1776886979.5781028,-7.0,-2.0,-38.0
1776886979.5881028,-1.0,0.0,-37.0
1776886979.5981028,0.0,-2.0,-35.0
1776886979.6081028,7.0,-7.0,-31.0
1776886979.6181028,8.0,-6.0,-29.0
1776886979.6281028,12.0,-4.0,-30.0
1776886979.6381028,10.0,-3.0,-27.0
1776886979.6481028,9.0,-5.0,-34.0
1776886979.6581028,8.0,0.0,-34.0
1776886979.6681027,7.0,-1.0,-39.0
1776886979.6781027,8.0,-5.0,-38.0
1776886979.6881027,5.0,-5.0,-38.0
1776886979.6981027,3.0,-3.0,-40.0
1776886979.7081027,0.0,-4.0,-34.0
1776886979.7181027,0.0,-4.0,-38.0
1776886979.7281027,1.0,-3.0,-42.0
1776886979.738103,0.0,0.0,-38.0
1776886979.748103,4.0,0.0,-38.0
1776886979.758103,2.0,0.0,-41.0
1776886979.7681026,-3.0,1.0,-38.0
1776886979.7781026,0.0,0.0,-36.0
1776886979.7881026,0.0,1.0,-28.0
1776886979.7981029,-2.0,0.0,-22.0
1776886979.8081028,-1.0,0.0,-23.0
1776886979.8181028,-3.0,1.0,-28.0
1776886979.8281028,-3.0,6.0,-32.0
1776886979.8381028,-3.0,0.0,-31.0
1776886979.8481028,2.0,-2.0,-26.0
1776886979.8581028,4.0,-5.0,-28.0
1776886979.8681028,4.0,-4.0,-28.0
1776886979.8781028,4.0,-4.0,-29.0
1776886979.8881028,4.0,-3.0,-27.0
1776886979.8981028,5.0,-4.0,-28.0
1776886979.9081028,7.0,-1.0,-31.0
1776886979.9181027,8.0,2.0,-31.0
1776886979.9281027,4.0,6.0,-24.0
1776886979.9381027,0.0,4.0,-28.0
1776886979.9481027,2.0,1.0,-33.0
1776886979.9581027,1.0,0.0,-32.0
1776886979.9681027,2.0,2.0,-31.0
1776886979.9781027,1.0,2.0,-27.0
1776886979.988103,0.0,2.0,-25.0
1776886979.998103,3.0,1.0,-25.0
1776886980.008103,4.0,0.0,-24.0
1776886980.0181026,1.0,-2.0,-25.0
1776886980.0281026,0.0,-2.0,-28.0
1776886980.0381026,1.0,-5.0,-28.0
1776886980.0481029,0.0,-6.0,-30.0
1776886980.0591028,1.0,0.0,-32.0
1776886980.0681028,-3.0,1.0,-31.0
1776886980.0791028,-4.0,0.0,-36.0
1776886980.0891027,0.0,-2.0,-37.0
1776886980.0991027,0.0,0.0,-40.0
1776886980.1091027,2.0,-3.0,-40.0
1776886980.1191027,4.0,-2.0,-38.0
1776886980.1291027,4.0,-2.0,-39.0
1776886980.1391027,2.0,-3.0,-37.0
1776886980.1491027,6.0,-2.0,-33.0
1776886980.159103,5.0,-2.0,-29.0
1776886980.169103,1.0,0.0,-26.0
1776886980.179103,-1.0,-3.0,-30.0
1776886980.1891026,-10.0,0.0,-31.0
1776886980.1991026,-14.0,0.0,-29.0
1776886980.2091026,-10.0,-5.0,-27.0
1776886980.2191026,-6.0,-7.0,-36.0
1776886980.2291028,0.0,-5.0,-46.0
1776886980.2391028,1.0,-4.0,-52.0
1776886980.2491028,6.0,-5.0,-53.0
1776886980.2591028,6.0,-6.0,-49.0
1776886980.2691028,3.0,-1.0,-47.0
1776886980.2791028,4.0,1.0,-46.0
1776886980.2891028,1.0,-1.0,-43.0
1776886980.2991028,-2.0,-2.0,-44.0
1776886980.3091028,-4.0,-3.0,-43.0
1776886980.3191028,-5.0,-4.0,-38.0
1776886980.3291028,-3.0,-2.0,-34.0
1776886980.3391027,-2.0,-2.0,-40.0
1776886980.3491027,-1.0,-3.0,-38.0
1776886980.3591027,0.0,-3.0,-41.0
1776886980.3691027,3.0,-1.0,-41.0
1776886980.3791027,2.0,-2.0,-37.0
1776886980.3891027,5.0,-2.0,-37.0
1776886980.3991027,8.0,-4.0,-36.0
1776886980.409103,6.0,-3.0,-33.0
1776886980.419103,0.0,-4.0,-34.0
1776886980.429103,-2.0,-4.0,-41.0
1776886980.4391026,1.0,-1.0,-39.0
1776886980.4491026,2.0,0.0,-41.0
1776886980.4591026,1.0,1.0,-35.0
1776886980.4691026,-1.0,1.0,-33.0
1776886980.4791028,0.0,3.0,-33.0
1776886980.4891028,0.0,0.0,-31.0
1776886980.4991028,0.0,0.0,-36.0
1776886980.5091028,-2.0,1.0,-31.0
1776886980.5191028,-3.0,-2.0,-29.0
1776886980.5291028,-4.0,0.0,-36.0
1776886980.5391028,-5.0,-2.0,-36.0
1776886980.5491028,-2.0,0.0,-38.0
1776886980.5591028,-1.0,-1.0,-31.0
1776886980.5691028,1.0,-1.0,-32.0
1776886980.5791028,3.0,0.0,-30.0
1776886980.5891027,1.0,-2.0,-35.0
1776886980.5991027,1.0,-1.0,-37.0
1776886980.6091027,2.0,1.0,-35.0
1776886980.6191027,-2.0,-1.0,-33.0
1776886980.6291027,-5.0,-1.0,-33.0
1776886980.6391027,-6.0,-4.0,-36.0
1776886980.6491027,-4.0,-4.0,-40.0
1776886980.659103,-5.0,-2.0,-43.0
1776886980.669103,2.0,0.0,-43.0
1776886980.679103,4.0,0.0,-36.0
1776886980.6891026,7.0,-2.0,-35.0
1776886980.6991026,6.0,-3.0,-39.0
1776886980.7091026,9.0,0.0,-42.0
1776886980.7191026,7.0,0.0,-45.0
1776886980.7291028,0.0,0.0,-43.0
1776886980.7391028,0.0,1.0,-42.0
1776886980.7491028,-1.0,0.0,-36.0
1776886980.7591028,-5.0,2.0,-39.0
1776886980.7691028,-6.0,3.0,-42.0
1776886980.7791028,-2.0,-1.0,-41.0
1776886980.7891028,-3.0,-4.0,-40.0
1776886980.7991028,-1.0,-4.0,-44.0
1776886980.8091028,3.0,-4.0,-45.0
1776886980.8191028,3.0,-8.0,-41.0
1776886980.8291028,2.0,-6.0,-40.0
1776886980.8391027,2.0,-2.0,-44.0
1776886980.8491027,3.0,0.0,-40.0
1776886980.8591027,5.0,0.0,-45.0
1776886980.8691027,1.0,0.0,-44.0
1776886980.8791027,2.0,4.0,-41.0
1776886980.8891027,4.0,4.0,-33.0
1776886980.8991027,2.0,7.0,-38.0
1776886980.909103,1.0,0.0,-42.0
1776886980.919103,2.0,0.0,-41.0
1776886980.929103,-1.0,0.0,-41.0
1776886980.9391026,-2.0,2.0,-34.0
1776886980.9491026,0.0,3.0,-24.0
1776886980.9591026,2.0,0.0,-21.0
1776886980.9691026,3.0,2.0,-25.0
1776886980.9791028,7.0,-1.0,-27.0
1776886980.9891028,2.0,1.0,-32.0
1776886980.9991028,-3.0,0.0,-37.0
1776886981.0091028,-5.0,2.0,-33.0
1776886981.0191028,0.0,2.0,-33.0
1776886981.0291028,3.0,2.0,-39.0
1776886981.0391028,4.0,-3.0,-43.0
1776886981.0491028,3.0,0.0,-41.0
1776886981.0591028,1.0,3.0,-34.0
1776886981.0691028,1.0,6.0,-37.0
1776886981.0791028,0.0,7.0,-34.0
1776886981.0891027,1.0,6.0,-31.0
1776886981.0991027,-3.0,3.0,-37.0
1776886981.1091027,-5.0,0.0,-39.0
1776886981.1191027,-8.0,0.0,-36.0
1776886981.1291027,-6.0,-2.0,-44.0
1776886981.1391027,-2.0,-2.0,-39.0
1776886981.1491027,-3.0,-5.0,-33.0
1776886981.159103,0.0,-7.0,-31.0
1776886981.169103,1.0,-3.0,-32.0
1776886981.179103,0.0,-7.0,-31.0
1776886981.1891026,1.0,-14.0,-29.0
1776886981.1991026,5.0,-12.0,-25.0
1776886981.2091026,1.0,-11.0,-32.0
1776886981.2191026,-1.0,-9.0,-34.0
1776886981.2291028,-3.0,-7.0,-36.0
1776886981.2391028,-1.0,-6.0,-36.0
1776886981.2491028,2.0,-5.0,-38.0
1776886981.2591028,1.0,-4.0,-34.0
1776886981.2691028,0.0,-1.0,-31.0
1776886981.2791028,3.0,-3.0,-24.0
1776886981.2891028,2.0,0.0,-24.0
1776886981.2991028,1.0,5.0,-29.0
1776886981.3091028,0.0,3.0,-39.0
1776886981.3191028,6.0,2.0,-41.0
1776886981.3291028,6.0,2.0,-44.0
1776886981.3391027,0.0,3.0,-40.0
1776886981.3491027,0.0,0.0,-41.0
1776886981.3591027,0.0,1.0,-31.0
1776886981.3691027,-3.0,0.0,-37.0
1776886981.3791027,0.0,-1.0,-42.0
1776886981.3891027,-2.0,-2.0,-51.0
1776886981.3991027,3.0,-5.0,-45.0
1776886981.409103,7.0,-10.0,-41.0
1776886981.419103,1.0,-8.0,-36.0
1776886981.429103,0.0,-9.0,-38.0
1776886981.4391026,-1.0,-7.0,-43.0
1776886981.4491026,-1.0,-8.0,-46.0
1776886981.4591026,-5.0,-6.0,-45.0
1776886981.4691026,-2.0,-1.0,-43.0
1776886981.4791028,1.0,0.0,-44.0
1776886981.4891028,-2.0,-4.0,-47.0
1776886981.4991028,-9.0,-8.0,-42.0
1776886981.5091028,-9.0,-3.0,-35.0
1776886981.5191028,-6.0,1.0,-33.0
1776886981.5291028,-5.0,0.0,-30.0
1776886981.5391028,-3.0,-3.0,-34.0
1776886981.5491028,-1.0,-5.0,-38.0
1776886981.5591028,3.0,-7.0,-39.0
1776886981.5691028,6.0,-7.0,-44.0
1776886981.5791028,-2.0,-6.0,-48.0
1776886981.5891027,-2.0,-1.0,-44.0
1776886981.5991027,0.0,0.0,-39.0
1776886981.6091027,4.0,0.0,-32.0
1776886981.6191027,2.0,-4.0,-32.0
1776886981.6291027,1.0,0.0,-29.0
1776886981.6391027,1.0,1.0,-34.0
1776886981.6491027,6.0,-2.0,-45.0
1776886981.659103,3.0,-2.0,-45.0
1776886981.669103,3.0,-1.0,-40.0
1776886981.679103,6.0,-2.0,-42.0
1776886981.6891026,7.0,-2.0,-42.0
1776886981.6991026,7.0,-5.0,-42.0
1776886981.7091026,5.0,-3.0,-38.0
1776886981.7191026,7.0,-2.0,-34.0
1776886981.7291028,9.0,-1.0,-41.0
1776886981.7391028,7.0,0.0,-41.0
1776886981.7491028,2.0,0.0,-39.0
1776886981.7591028,1.0,-1.0,-33.0
1776886981.7691028,1.0,-2.0,-35.0
1776886981.7791028,1.0,-3.0,-36.0
1776886981.7891028,-1.0,-3.0,-36.0
1776886981.7991028,1.0,-1.0,-39.0
1776886981.8091028,-1.0,0.0,-42.0
1776886981.8191028,-4.0,2.0,-44.0
1776886981.8291028,-4.0,0.0,-43.0
1776886981.8391027,-6.0,0.0,-43.0
1776886981.8491027,-4.0,2.0,-40.0
1776886981.8591027,-3.0,0.0,-33.0
1776886981.8691027,-1.0,-5.0,-34.0
1776886981.8791027,-1.0,-4.0,-36.0
1776886981.8891027,-4.0,-7.0,-37.0
1776886981.8991027,-2.0,-10.0,-39.0
1776886981.909103,0.0,-8.0,-36.0
1776886981.919103,2.0,-4.0,-32.0
1776886981.929103,1.0,-5.0,-32.0
1776886981.9391026,-3.0,-10.0,-32.0
1776886981.9491026,-4.0,-9.0,-35.0
1776886981.9591026,-7.0,-7.0,-31.0
1776886981.9691026,-6.0,-5.0,-30.0
1776886981.9791028,-5.0,-1.0,-32.0
1776886981.9891028,-5.0,-4.0,-34.0
1776886981.9991028,-3.0,-6.0,-33.0
1776886982.0091028,0.0,-4.0,-35.0
1776886982.0191028,-2.0,0.0,-33.0
1776886982.0291028,-2.0,0.0,-34.0
1776886982.0391028,-1.0,-2.0,-34.0
1776886982.0491028,1.0,-3.0,-30.0
1776886982.0591028,2.0,-1.0,-32.0
1776886982.0691028,2.0,-1.0,-30.0
1776886982.0801027,2.0,-4.0,-29.0
1776886982.090103,2.0,-4.0,-26.0
1776886982.100103,-1.0,-5.0,-28.0
1776886982.110103,-4.0,-6.0,-33.0
1776886982.1201026,-8.0,-8.0,-45.0
1776886982.1301026,-7.0,-6.0,-42.0
1776886982.1401026,-6.0,-6.0,-40.0
1776886982.1501029,-3.0,-7.0,-40.0
1776886982.1601028,0.0,-6.0,-38.0
1776886982.1701028,1.0,-3.0,-41.0
1776886982.1801028,0.0,-3.0,-36.0
1776886982.1901028,2.0,-6.0,-33.0
1776886982.2001028,4.0,-1.0,-39.0
1776886982.2101028,7.0,-1.0,-34.0
1776886982.2201028,4.0,-1.0,-35.0
1776886982.2301028,0.0,-1.0,-35.0
1776886982.2401028,-2.0,-2.0,-34.0
1776886982.2501028,-2.0,-3.0,-39.0
1776886982.2601027,0.0,-5.0,-36.0
1776886982.2701027,-1.0,-5.0,-40.0
1776886982.2801027,0.0,-4.0,-37.0
1776886982.2901027,0.0,-5.0,-38.0
1776886982.3001027,-4.0,-6.0,-31.0
1776886982.3101027,-7.0,-6.0,-37.0
1776886982.3201027,-4.0,-7.0,-40.0
1776886982.3301027,0.0,-6.0,-41.0
1776886982.340103,1.0,-8.0,-46.0
1776886982.350103,2.0,-9.0,-44.0
1776886982.360103,3.0,-7.0,-47.0
1776886982.3701026,1.0,0.0,-46.0
1776886982.3801026,1.0,-2.0,-43.0
1776886982.3901026,3.0,-2.0,-42.0
1776886982.4001029,2.0,-3.0,-33.0
1776886982.4101028,3.0,-6.0,-38.0
1776886982.4201028,2.0,0.0,-40.0
1776886982.4301028,4.0,1.0,-40.0
1776886982.4401028,1.0,-1.0,-46.0
1776886982.4501028,0.0,-3.0,-45.0
1776886982.4601028,0.0,-5.0,-47.0
1776886982.4701028,2.0,-5.0,-47.0
1776886982.4801028,3.0,-7.0,-46.0
1776886982.4901028,2.0,-8.0,-46.0
1776886982.5001028,4.0,-7.0,-41.0
1776886982.5101027,2.0,-4.0,-38.0
1776886982.5201027,-2.0,-5.0,-41.0
1776886982.5301027,-3.0,-1.0,-42.0
1776886982.5401027,-1.0,0.0,-46.0
1776886982.5501027,-7.0,-4.0,-44.0
1776886982.5601027,-4.0,-4.0,-39.0
1776886982.5701027,0.0,-2.0,-36.0
1776886982.5801027,-3.0,1.0,-37.0
1776886982.590103,-3.0,2.0,-45.0
1776886982.600103,-5.0,-3.0,-46.0
1776886982.610103,-1.0,-6.0,-46.0
1776886982.6201026,1.0,-5.0,-50.0
1776886982.6301026,0.0,-9.0,-51.0
1776886982.6401026,-1.0,-13.0,-52.0
1776886982.6501029,-2.0,-12.0,-55.0
1776886982.6601028,-1.0,-9.0,-46.0
1776886982.6701028,1.0,-9.0,-38.0
1776886982.6801028,0.0,-8.0,-39.0
1776886982.6901028,0.0,-8.0,-38.0
1776886982.7001028,2.0,-6.0,-35.0
1776886982.7101028,2.0,-9.0,-43.0
1776886982.7201028,8.0,-8.0,-39.0
1776886982.7301028,6.0,-4.0,-41.0
1776886982.7401028,2.0,-4.0,-39.0
1776886982.7501028,1.0,-2.0,-44.0
1776886982.7601027,1.0,-7.0,-42.0
1776886982.7701027,2.0,-6.0,-40.0
1776886982.7801027,0.0,-3.0,-38.0
1776886982.7901027,0.0,-8.0,-35.0
1776886982.8001027,3.0,-6.0,-46.0
1776886982.8101027,4.0,-4.0,-40.0
1776886982.8201027,4.0,-2.0,-37.0
1776886982.8301027,3.0,-1.0,-36.0
1776886982.840103,5.0,0.0,-41.0
1776886982.850103,6.0,-1.0,-41.0
1776886982.860103,6.0,-4.0,-41.0
1776886982.8701026,5.0,-2.0,-45.0
1776886982.8801026,5.0,-2.0,-48.0
1776886982.8901026,4.0,-6.0,-49.0
1776886982.9001029,7.0,-4.0,-44.0
1776886982.9101028,11.0,-9.0,-39.0
1776886982.9201028,12.0,-4.0,-34.0
1776886982.9301028,9.0,-5.0,-35.0
1776886982.9401028,2.0,-3.0,-44.0
1776886982.9501028,1.0,-6.0,-46.0
1776886982.9601028,3.0,-10.0,-46.0
1776886982.9701028,-2.0,-10.0,-39.0
1776886982.9801028,-2.0,-9.0,-37.0
1776886982.9901028,3.0,-11.0,-37.0
1776886983.0001028,4.0,-8.0,-37.0
1776886983.0101027,5.0,-5.0,-39.0
1776886983.0201027,5.0,-8.0,-41.0
1776886983.0301027,6.0,-5.0,-47.0
1776886983.0401027,2.0,0.0,-46.0
1776886983.0501027,6.0,0.0,-40.0
1776886983.0601027,0.0,1.0,-44.0
1776886983.0701027,-1.0,1.0,-43.0
1776886983.0801027,-2.0,0.0,-45.0
1776886983.090103,-1.0,-8.0,-42.0
1776886983.100103,6.0,-5.0,-43.0
1776886983.110103,10.0,-3.0,-44.0
1776886983.1201026,10.0,-6.0,-45.0
1776886983.1301026,17.0,-4.0,-39.0
1776886983.1401026,12.0,-5.0,-43.0
1776886983.1501029,10.0,-5.0,-42.0
1776886983.1601028,9.0,-4.0,-47.0
1776886983.1701028,11.0,-1.0,-50.0
1776886983.1801028,9.0,-2.0,-53.0
1776886983.1901028,10.0,-2.0,-53.0
1776886983.2001028,10.0,-3.0,-51.0
1776886983.2101028,9.0,-4.0,-50.0
1776886983.2201028,7.0,-3.0,-48.0
1776886983.2301028,5.0,-4.0,-39.0
1776886983.2401028,4.0,-5.0,-31.0
1776886983.2501028,1.0,-6.0,-32.0
1776886983.2601027,6.0,-3.0,-29.0
1776886983.2701027,4.0,-3.0,-32.0
1776886983.2801027,7.0,-5.0,-38.0
1776886983.2901027,3.0,-2.0,-43.0
1776886983.3001027,0.0,1.0,-45.0
1776886983.3101027,-1.0,0.0,-46.0
1776886983.3201027,-2.0,4.0,-41.0
1776886983.3301027,-3.0,0.0,-40.0
1776886983.340103,0.0,0.0,-39.0
1776886983.350103,-1.0,-2.0,-41.0
1776886983.360103,0.0,-3.0,-48.0
1776886983.3701026,-5.0,-5.0,-41.0
1776886983.3801026,-6.0,-8.0,-33.0
1776886983.3901026,-3.0,-6.0,-38.0
1776886983.4001029,-1.0,-5.0,-35.0
1776886983.4101028,0.0,-2.0,-35.0
1776886983.4201028,5.0,3.0,-39.0
1776886983.4301028,5.0,5.0,-38.0
1776886983.4401028,5.0,0.0,-37.0
1776886983.4501028,8.0,-3.0,-36.0
1776886983.4601028,5.0,-8.0,-37.0
1776886983.4701028,1.0,-9.0,-35.0
1776886983.4801028,4.0,-9.0,-34.0
1776886983.4901028,5.0,-5.0,-33.0
1776886983.5001028,5.0,-3.0,-34.0
1776886983.5101027,6.0,-2.0,-33.0
1776886983.5201027,4.0,-3.0,-35.0
1776886983.5301027,4.0,0.0,-34.0
1776886983.5401027,4.0,0.0,-32.0
1776886983.5501027,5.0,-3.0,-33.0
1776886983.5601027,4.0,-1.0,-27.0
1776886983.5701027,4.0,-2.0,-28.0
1776886983.5801027,5.0,0.0,-36.0
1776886983.590103,4.0,-4.0,-39.0
1776886983.600103,-1.0,-5.0,-37.0
1776886983.610103,-5.0,-2.0,-29.0
1776886983.6201026,-3.0,-5.0,-29.0
1776886983.6301026,0.0,-1.0,-35.0
1776886983.6401026,-4.0,1.0,-32.0
1776886983.6501029,-3.0,0.0,-31.0
1776886983.6601028,-5.0,-2.0,-29.0
1776886983.6701028,0.0,-9.0,-25.0
1776886983.6801028,0.0,-6.0,-29.0
1776886983.6901028,0.0,-6.0,-35.0
1776886983.7001028,2.0,-4.0,-35.0
1776886983.7101028,2.0,-4.0,-37.0
1776886983.7201028,7.0,-3.0,-43.0
1776886983.7301028,7.0,-3.0,-42.0
1776886983.7401028,0.0,-4.0,-36.0
1776886983.7501028,0.0,-8.0,-36.0
1776886983.7601027,2.0,-9.0,-44.0
1776886983.7701027,0.0,-9.0,-48.0
1776886983.7801027,1.0,-10.0,-49.0
1776886983.7901027,1.0,-8.0,-42.0
1776886983.8001027,1.0,-8.0,-43.0
1776886983.8101027,3.0,-12.0,-37.0
1776886983.8201027,3.0,-9.0,-36.0
1776886983.8301027,2.0,-9.0,-40.0
1776886983.840103,1.0,-9.0,-41.0
1776886983.850103,5.0,-9.0,-37.0
1776886983.860103,2.0,-3.0,-33.0
1776886983.8701026,7.0,-1.0,-34.0
1776886983.8801026,6.0,0.0,-29.0
1776886983.8901026,0.0,0.0,-29.0
1776886983.9001029,1.0,0.0,-35.0
1776886983.9101028,2.0,-1.0,-41.0
1776886983.9201028,3.0,0.0,-33.0
1776886983.9301028,-1.0,0.0,-35.0
1776886983.9401028,2.0,0.0,-39.0
1776886983.9501028,0.0,0.0,-35.0
1776886983.9601028,-2.0,1.0,-41.0
1776886983.9701028,0.0,0.0,-39.0
1776886983.9801028,2.0,2.0,-36.0
1776886983.9901028,2.0,1.0,-29.0
1776886984.0001028,1.0,0.0,-23.0
1776886984.0101027,6.0,2.0,-25.0
1776886984.0201027,5.0,0.0,-33.0
1776886984.0301027,3.0,-3.0,-36.0
1776886984.0401027,2.0,-4.0,-32.0
1776886984.0501027,6.0,-3.0,-28.0
1776886984.0601027,6.0,0.0,-26.0
1776886984.0711029,4.0,0.0,-27.0
1776886984.0811028,1.0,-1.0,-34.0
1776886984.0911028,2.0,-3.0,-33.0
1776886984.1011028,3.0,-4.0,-32.0
1776886984.1111028,0.0,-6.0,-39.0
1776886984.1211028,3.0,-5.0,-46.0
1776886984.1311028,2.0,-2.0,-50.0
1776886984.1411028,1.0,0.0,-45.0
1776886984.1511028,-5.0,0.0,-43.0
1776886984.1611028,-2.0,1.0,-43.0
1776886984.1711028,0.0,4.0,-33.0
1776886984.1811028,0.0,0.0,-31.0
1776886984.1911027,3.0,-1.0,-33.0
1776886984.2011027,0.0,0.0,-32.0
1776886984.2111027,3.0,0.0,-33.0
1776886984.2211027,2.0,0.0,-31.0
1776886984.2311027,1.0,-2.0,-34.0
1776886984.2411027,1.0,-3.0,-27.0
1776886984.2511027,-2.0,-3.0,-25.0
1776886984.261103,-3.0,-2.0,-31.0
1776886984.271103,-6.0,-1.0,-35.0
1776886984.281103,-2.0,-5.0,-36.0
1776886984.2911026,1.0,0.0,-35.0
1776886984.3011026,-2.0,0.0,-41.0
1776886984.3111026,-3.0,4.0,-40.0
1776886984.3211029,-3.0,1.0,-40.0
1776886984.3311028,-2.0,0.0,-40.0
1776886984.3411028,2.0,-2.0,-44.0
1776886984.3511028,5.0,-3.0,-37.0
1776886984.3611028,6.0,-1.0,-34.0
1776886984.3711028,8.0,0.0,-35.0
1776886984.3811028,10.0,-6.0,-31.0
1776886984.3911028,7.0,-1.0,-32.0
1776886984.4011028,7.0,-1.0,-32.0
1776886984.4111028,3.0,-2.0,-34.0
1776886984.4211028,4.0,-6.0,-39.0
1776886984.4311028,3.0,-8.0,-35.0
1776886984.4411027,7.0,-7.0,-38.0
1776886984.4511027,9.0,-4.0,-35.0
1776886984.4611027,10.0,2.0,-33.0
1776886984.4711027,4.0,3.0,-37.0
1776886984.4811027,2.0,-1.0,-35.0
1776886984.4911027,5.0,-3.0,-38.0
1776886984.5011027,10.0,-2.0,-33.0
1776886984.511103,9.0,-4.0,-30.0
1776886984.521103,8.0,-1.0,-35.0
1776886984.531103,5.0,-3.0,-36.0
1776886984.5411026,6.0,0.0,-40.0
1776886984.5511026,5.0,0.0,-40.0
1776886984.5611026,3.0,1.0,-36.0
1776886984.5711029,1.0,0.0,-37.0
1776886984.5811028,0.0,1.0,-42.0
1776886984.5911028,3.0,5.0,-40.0
1776886984.6011028,5.0,5.0,-42.0
1776886984.6111028,4.0,3.0,-47.0
1776886984.6211028,1.0,1.0,-45.0
1776886984.6311028,3.0,0.0,-48.0
1776886984.6411028,3.0,-2.0,-48.0
1776886984.6511028,0.0,-1.0,-45.0
1776886984.6611028,0.0,-1.0,-45.0
1776886984.6711028,-1.0,-6.0,-43.0
1776886984.6811028,1.0,-6.0,-36.0
1776886984.6911027,0.0,-6.0,-38.0
1776886984.7011027,0.0,-7.0,-37.0
1776886984.7111027,2.0,-6.0,-30.0
1776886984.7211027,0.0,-8.0,-27.0
1776886984.7311027,-1.0,-4.0,-30.0
1776886984.7411027,-1.0,-4.0,-34.0
1776886984.7511027,-2.0,-8.0,-34.0
1776886984.761103,0.0,-12.0,-32.0
1776886984.771103,-1.0,-8.0,-32.0
1776886984.781103,-3.0,-10.0,-28.0
1776886984.7911026,-3.0,-6.0,-31.0
1776886984.8011026,0.0,-4.0,-34.0
1776886984.8111026,2.0,-2.0,-30.0
1776886984.8211029,5.0,-2.0,-33.0
1776886984.8311028,1.0,-1.0,-35.0
1776886984.8411028,-1.0,-3.0,-33.0
1776886984.8511028,1.0,-3.0,-39.0
1776886984.8611028,1.0,0.0,-40.0
1776886984.8711028,-1.0,-1.0,-44.0
1776886984.8811028,-1.0,-4.0,-43.0
1776886984.8911028,1.0,-2.0,-47.0
1776886984.9011028,0.0,-3.0,-35.0
1776886984.9111028,5.0,-4.0,-33.0
1776886984.9211028,10.0,-3.0,-38.0
1776886984.9311028,12.0,-3.0,-45.0
1776886984.9411027,10.0,-1.0,-41.0
1776886984.9511027,6.0,-3.0,-42.0
1776886984.9611027,9.0,-5.0,-43.0
1776886984.9711027,6.0,-1.0,-43.0
1776886984.9811027,2.0,0.0,-48.0
1776886984.9911027,3.0,3.0,-46.0
1776886985.0011027,-4.0,7.0,-44.0
1776886985.011103,1.0,2.0,-33.0
1776886985.021103,1.0,1.0,-39.0
1776886985.031103,0.0,0.0,-40.0
1776886985.0411026,-5.0,-2.0,-44.0
1776886985.0511026,-5.0,0.0,-41.0
1776886985.0611026,-2.0,0.0,-36.0
1776886985.0711029,-8.0,-1.0,-30.0
1776886985.0811028,-9.0,-2.0,-30.0
1776886985.0911028,0.0,0.0,-25.0
1776886985.1011028,4.0,-1.0,-29.0
1776886985.1111028,6.0,-3.0,-32.0
1776886985.1211028,3.0,-1.0,-34.0
1776886985.1311028,0.0,-3.0,-33.0
1776886985.1411028,-5.0,-1.0,-28.0
1776886985.1511028,-4.0,0.0,-36.0
1776886985.1611028,-5.0,3.0,-36.0
1776886985.1711028,-1.0,3.0,-33.0
1776886985.1811028,1.0,0.0,-42.0
1776886985.1911027,2.0,1.0,-52.0
1776886985.2011027,1.0,-2.0,-49.0
1776886985.2111027,0.0,-1.0,-48.0
1776886985.2221026,2.0,-4.0,-52.0
1776886985.2311027,2.0,-5.0,-44.0
1776886985.2411027,3.0,-3.0,-40.0
1776886985.2511027,-2.0,-1.0,-39.0
1776886985.261103,-3.0,-4.0,-33.0
1776886985.271103,0.0,1.0,-35.0
1776886985.281103,4.0,5.0,-35.0
1776886985.2911026,2.0,0.0,-30.0
1776886985.3011026,-1.0,-3.0,-32.0
1776886985.3111026,0.0,0.0,-32.0
1776886985.3211029,4.0,-2.0,-25.0
1776886985.3311028,0.0,-4.0,-23.0
1776886985.3411028,-2.0,-2.0,-25.0
1776886985.3511028,-4.0,0.0,-32.0
1776886985.3621027,4.0,0.0,-35.0
1776886985.3711028,9.0,1.0,-41.0
1776886985.3811028,6.0,1.0,-43.0
1776886985.3911028,1.0,-4.0,-39.0
1776886985.4011028,0.0,-5.0,-29.0
1776886985.4111028,0.0,-5.0,-30.0
1776886985.4211028,-1.0,-2.0,-31.0
1776886985.4311028,-3.0,-4.0,-31.0
1776886985.4411027,-3.0,-4.0,-32.0
1776886985.4511027,-1.0,-2.0,-25.0
1776886985.4611027,-1.0,-1.0,-30.0
1776886985.4711027,0.0,-3.0,-36.0
1776886985.4811027,-3.0,-2.0,-34.0
1776886985.4911027,-7.0,0.0,-32.0
1776886985.5011027,-4.0,2.0,-32.0
1776886985.511103,-2.0,4.0,-37.0
1776886985.521103,-3.0,7.0,-37.0
1776886985.531103,-6.0,10.0,-39.0
1776886985.5411026,-3.0,9.0,-43.0
1776886985.5511026,-5.0,14.0,-40.0
1776886985.5611026,-1.0,10.0,-37.0
1776886985.5711029,3.0,4.0,-41.0
1776886985.5811028,2.0,3.0,-38.0
1776886985.5911028,4.0,1.0,-37.0
1776886985.6011028,4.0,0.0,-32.0
1776886985.6111028,1.0,-1.0,-32.0
1776886985.6211028,1.0,-1.0,-44.0
1776886985.6311028,5.0,2.0,-51.0
1776886985.6411028,5.0,0.0,-56.0
1776886985.6511028,5.0,-1.0,-53.0
1776886985.6611028,7.0,0.0,-49.0
1776886985.6711028,4.0,1.0,-45.0
1776886985.6811028,3.0,0.0,-37.0
1776886985.6911027,1.0,0.0,-33.0
1776886985.7011027,1.0,-1.0,-33.0
1776886985.7111027,8.0,-3.0,-33.0
1776886985.7211027,8.0,-3.0,-33.0
1776886985.7311027,5.0,-6.0,-38.0
1776886985.7411027,4.0,-7.0,-36.0
1776886985.7511027,6.0,-9.0,-36.0
1776886985.761103,7.0,-8.0,-38.0
1776886985.771103,5.0,-6.0,-42.0
1776886985.781103,9.0,-3.0,-38.0
1776886985.7911026,10.0,-2.0,-34.0
1776886985.8011026,8.0,0.0,-29.0
1776886985.8111026,1.0,-4.0,-27.0
1776886985.8211029,-2.0,-2.0,-25.0
1776886985.8311028,-3.0,-5.0,-23.0
1776886985.8411028,-3.0,-4.0,-26.0
1776886985.8511028,-4.0,-2.0,-33.0
1776886985.8611028,-4.0,0.0,-32.0
1776886985.8711028,-8.0,0.0,-33.0
1776886985.8811028,-3.0,2.0,-32.0
1776886985.8911028,0.0,3.0,-35.0
1776886985.9011028,-1.0,2.0,-37.0
1776886985.9111028,-4.0,-1.0,-39.0
1776886985.9211028,-3.0,-2.0,-38.0
1776886985.9311028,0.0,-7.0,-43.0
1776886985.9411027,0.0,-6.0,-43.0
1776886985.9511027,-5.0,-5.0,-40.0
1776886985.9611027,-5.0,-2.0,-42.0
1776886985.9711027,-3.0,3.0,-48.0
1776886985.9811027,0.0,1.0,-47.0
1776886985.9911027,1.0,3.0,-46.0
1776886986.0011027,3.0,3.0,-50.0
1776886986.011103,5.0,4.0,-50.0
1776886986.021103,2.0,0.0,-51.0
1776886986.031103,0.0,0.0,-52.0
1776886986.0411026,1.0,0.0,-53.0
1776886986.0511026,1.0,-1.0,-51.0
1776886986.0611026,2.0,0.0,-45.0
1776886986.0721028,4.0,-1.0,-46.0
1776886986.0811028,1.0,-4.0,-50.0
1776886986.0921028,1.0,-7.0,-46.0
1776886986.1021028,1.0,-9.0,-40.0
1776886986.1121027,1.0,-7.0,-44.0
1776886986.1221027,2.0,-8.0,-41.0
1776886986.1321027,4.0,-6.0,-38.0
1776886986.1421027,8.0,-8.0,-39.0
1776886986.1521027,4.0,-1.0,-35.0
1776886986.1621027,8.0,0.0,-34.0
1776886986.1721027,12.0,0.0,-37.0
1776886986.182103,14.0,1.0,-39.0
1776886986.192103,15.0,-1.0,-41.0
1776886986.202103,10.0,-2.0,-39.0
1776886986.212103,7.0,-6.0,-45.0
1776886986.2221026,4.0,-6.0,-41.0
1776886986.2321026,3.0,-5.0,-45.0
1776886986.2421026,5.0,-5.0,-43.0
1776886986.2521029,3.0,-8.0,-44.0
1776886986.2621028,2.0,-10.0,-50.0
1776886986.2721028,3.0,-6.0,-54.0
1776886986.2821028,4.0,-1.0,-51.0
1776886986.2921028,7.0,1.0,-52.0
1776886986.3021028,4.0,1.0,-48.0
1776886986.3121028,2.0,-2.0,-44.0
1776886986.3221028,0.0,-2.0,-39.0
1776886986.3321028,2.0,-2.0,-42.0
1776886986.3421028,4.0,1.0,-39.0
1776886986.3521028,4.0,1.0,-34.0
1776886986.3621027,3.0,2.0,-33.0
1776886986.3721027,3.0,3.0,-31.0
1776886986.3821027,5.0,2.0,-35.0
1776886986.3921027,6.0,-1.0,-35.0
1776886986.4021027,4.0,-1.0,-41.0
1776886986.4121027,5.0,0.0,-35.0
1776886986.4221027,1.0,0.0,-36.0
1776886986.432103,1.0,0.0,-32.0
1776886986.442103,0.0,-2.0,-39.0
1776886986.452103,3.0,0.0,-39.0
1776886986.462103,2.0,-2.0,-36.0
1776886986.4721026,-3.0,-3.0,-45.0
1776886986.4821026,-8.0,0.0,-49.0
1776886986.4921026,-11.0,2.0,-52.0
1776886986.5021029,-12.0,0.0,-47.0
1776886986.5121028,-5.0,-3.0,-43.0
1776886986.5221028,-5.0,-4.0,-43.0
1776886986.5321028,-1.0,-5.0,-47.0
1776886986.5421028,1.0,-7.0,-47.0
1776886986.5521028,-2.0,-3.0,-44.0
1776886986.5621028,-3.0,-3.0,-41.0
1776886986.5721028,0.0,-3.0,-40.0
1776886986.5821028,0.0,0.0,-39.0
1776886986.5921028,2.0,1.0,-33.0
1776886986.6021028,-2.0,0.0,-35.0
1776886986.6121027,-5.0,0.0,-33.0
1776886986.6221027,-6.0,-2.0,-36.0
1776886986.6321027,-5.0,0.0,-31.0
1776886986.6421027,-6.0,1.0,-31.0
1776886986.6521027,0.0,-2.0,-30.0
1776886986.6621027,0.0,-3.0,-27.0
1776886986.6721027,2.0,-3.0,-31.0
1776886986.682103,0.0,-5.0,-35.0
1776886986.692103,0.0,-4.0,-43.0
1776886986.702103,0.0,-5.0,-47.0
1776886986.712103,0.0,-4.0,-39.0
1776886986.7221026,-1.0,-1.0,-33.0
1776886986.7321026,1.0,-2.0,-33.0
1776886986.7421026,3.0,-5.0,-33.0
1776886986.7521029,4.0,-6.0,-38.0
1776886986.7621028,10.0,-4.0,-33.0
1776886986.7721028,9.0,-2.0,-39.0
1776886986.7821028,10.0,-1.0,-37.0
1776886986.7921028,9.0,-2.0,-38.0
1776886986.8021028,3.0,0.0,-38.0
1776886986.8121028,-2.0,-2.0,-37.0
1776886986.8221028,-3.0,-2.0,-33.0
1776886986.8321028,0.0,0.0,-32.0
1776886986.8421028,3.0,-1.0,-31.0
1776886986.8521028,0.0,-2.0,-34.0
1776886986.8621027,0.0,-1.0,-35.0
1776886986.8721027,0.0,0.0,-34.0
1776886986.8821027,0.0,1.0,-32.0
1776886986.8921027,-1.0,-1.0,-40.0
1776886986.9021027,-6.0,-2.0,-40.0
1776886986.9121027,-4.0,-5.0,-38.0
1776886986.9221027,-1.0,-5.0,-38.0
1776886986.932103,0.0,-3.0,-37.0
1776886986.942103,5.0,-2.0,-33.0
1776886986.952103,7.0,-6.0,-32.0
1776886986.962103,9.0,-6.0,-33.0
1776886986.9721026,4.0,-6.0,-31.0
1776886986.9821026,0.0,-5.0,-28.0
1776886986.9921026,-1.0,-3.0,-32.0
1776886987.0021029,-1.0,-4.0,-28.0
1776886987.0121028,-2.0,-6.0,-22.0
1776886987.0221028,-6.0,-5.0,-20.0
1776886987.0321028,-13.0,-3.0,-22.0
1776886987.0421028,-12.0,-2.0,-26.0
1776886987.0521028,-6.0,1.0,-38.0
1776886987.0621028,-2.0,3.0,-41.0
1776886987.0721028,0.0,0.0,-46.0
1776886987.0821028,1.0,-3.0,-44.0
1776886987.0921028,-2.0,-3.0,-41.0
1776886987.1021028,-4.0,-2.0,-43.0
1776886987.1121027,-3.0,-2.0,-35.0
1776886987.1221027,-4.0,-5.0,-36.0
1776886987.1321027,0.0,-6.0,-42.0
1776886987.1421027,1.0,-1.0,-40.0
1776886987.1521027,0.0,0.0,-45.0
1776886987.1621027,-4.0,0.0,-50.0
1776886987.1721027,1.0,-2.0,-47.0
1776886987.182103,2.0,-6.0,-45.0
1776886987.192103,0.0,0.0,-44.0
1776886987.202103,-2.0,0.0,-43.0
1776886987.212103,-2.0,-1.0,-49.0
1776886987.2221026,0.0,-1.0,-49.0
1776886987.2321026,3.0,0.0,-46.0
1776886987.2421026,2.0,0.0,-44.0
1776886987.2521029,2.0,-2.0,-43.0
1776886987.2621028,2.0,0.0,-39.0
1776886987.2721028,3.0,-2.0,-34.0
1776886987.2821028,3.0,3.0,-33.0
1776886987.2921028,5.0,1.0,-37.0
1776886987.3021028,6.0,-6.0,-35.0
1776886987.3121028,5.0,-4.0,-35.0
1776886987.3221028,1.0,-1.0,-35.0
1776886987.3321028,3.0,4.0,-40.0
1776886987.3421028,5.0,3.0,-29.0
1776886987.3521028,5.0,2.0,-30.0
1776886987.3621027,3.0,0.0,-33.0
1776886987.3721027,3.0,-2.0,-35.0
1776886987.3821027,0.0,-4.0,-36.0
1776886987.3921027,0.0,-2.0,-32.0
1776886987.4021027,-4.0,-1.0,-32.0
1776886987.4121027,-1.0,1.0,-36.0
1776886987.4221027,-2.0,1.0,-36.0
1776886987.432103,-2.0,2.0,-38.0
1776886987.442103,-1.0,2.0,-37.0
1776886987.452103,-2.0,0.0,-39.0
1776886987.462103,-3.0,-4.0,-40.0
1776886987.4721026,-4.0,-7.0,-46.0
1776886987.4821026,-5.0,-8.0,-41.0
1776886987.4921026,-3.0,-4.0,-43.0
1776886987.5021029,-2.0,-3.0,-40.0
1776886987.5121028,-5.0,-1.0,-36.0
1776886987.5221028,-6.0,-3.0,-39.0
1776886987.5321028,-8.0,-1.0,-44.0
1776886987.5421028,-4.0,-2.0,-48.0
1776886987.5521028,-3.0,-3.0,-48.0
1776886987.5621028,-2.0,2.0,-48.0
1776886987.5721028,-3.0,0.0,-44.0
1776886987.5821028,-2.0,-1.0,-43.0
1776886987.5921028,-3.0,-1.0,-40.0
1776886987.6021028,-1.0,-5.0,-42.0
1776886987.6121027,0.0,-5.0,-46.0
1776886987.6221027,-4.0,-5.0,-45.0
1776886987.6321027,-2.0,-3.0,-37.0
1776886987.6421027,2.0,-1.0,-33.0
1776886987.6521027,3.0,1.0,-28.0
1776886987.6621027,1.0,1.0,-29.0
1776886987.6721027,1.0,0.0,-29.0
1776886987.682103,-3.0,4.0,-27.0
1776886987.692103,-2.0,5.0,-29.0
1776886987.702103,0.0,5.0,-32.0
1776886987.712103,3.0,6.0,-32.0
1776886987.7221026,0.0,1.0,-38.0
1776886987.7321026,-4.0,0.0,-36.0
1776886987.7421026,3.0,-2.0,-31.0
1776886987.7521029,-2.0,0.0,-28.0
1776886987.7621028,-2.0,0.0,-29.0
1776886987.7721028,0.0,1.0,-36.0
1776886987.7821028,-3.0,2.0,-47.0
1776886987.7921028,-1.0,1.0,-50.0
1776886987.8021028,-6.0,0.0,-45.0
1776886987.8121028,-1.0,0.0,-43.0
1776886987.8221028,5.0,0.0,-47.0
1776886987.8321028,5.0,-4.0,-46.0
1776886987.8421028,0.0,-4.0,-43.0
1776886987.8521028,1.0,-1.0,-32.0
1776886987.8621027,0.0,2.0,-35.0
1776886987.8721027,-4.0,-4.0,-38.0
1776886987.8821027,-3.0,-5.0,-37.0
1776886987.8921027,-2.0,-3.0,-35.0
1776886987.9021027,-6.0,-6.0,-33.0
1776886987.9121027,-7.0,-5.0,-28.0
1776886987.9221027,-6.0,-1.0,-27.0
1776886987.932103,-1.0,1.0,-31.0
1776886987.942103,0.0,1.0,-26.0
1776886987.952103,0.0,2.0,-26.0
1776886987.962103,-1.0,6.0,-40.0
1776886987.9721026,0.0,8.0,-35.0
1776886987.9821026,-3.0,5.0,-31.0
1776886987.9921026,-5.0,2.0,-31.0
1776886988.0021029,-5.0,0.0,-30.0
1776886988.0121028,-1.0,-2.0,-33.0
1776886988.0221028,0.0,-4.0,-33.0
1776886988.0321028,3.0,-7.0,-41.0
1776886988.0421028,0.0,-5.0,-46.0
1776886988.0521028,1.0,-4.0,-41.0
1776886988.0631027,0.0,-4.0,-41.0
1776886988.0731027,4.0,-5.0,-39.0
1776886988.0831027,8.0,-3.0,-41.0
1776886988.0931027,10.0,-1.0,-38.0
1776886988.1031027,5.0,-3.0,-38.0
1776886988.113103,5.0,-4.0,-44.0
1776886988.123103,3.0,-1.0,-49.0
1776886988.133103,1.0,0.0,-48.0
1776886988.1431026,4.0,-4.0,-42.0
1776886988.1531026,0.0,-2.0,-40.0
1776886988.1631026,0.0,-4.0,-41.0
1776886988.1731029,-2.0,-8.0,-35.0
1776886988.1831028,-6.0,-7.0,-36.0
1776886988.1931028,-4.0,-3.0,-32.0
1776886988.2031028,-1.0,-2.0,-33.0
1776886988.2131028,0.0,-4.0,-34.0
1776886988.2231028,1.0,-7.0,-29.0
1776886988.2331028,-1.0,-7.0,-25.0
1776886988.2421026,-6.0,-10.0,-23.0
1776886988.2531028,-7.0,-10.0,-28.0
1776886988.2631028,-9.0,-5.0,-28.0
1776886988.2731028,-7.0,0.0,-37.0
1776886988.2831028,-4.0,-2.0,-42.0
1776886988.2931027,-5.0,-4.0,-45.0
1776886988.3031027,-8.0,-2.0,-40.0
1776886988.3131027,-6.0,4.0,-45.0
1776886988.3231027,-2.0,4.0,-39.0
1776886988.3331027,-6.0,-1.0,-36.0
1776886988.3431027,-8.0,-2.0,-37.0
1776886988.3531027,-7.0,-2.0,-37.0
1776886988.363103,-3.0,-5.0,-39.0
1776886988.373103,0.0,-6.0,-25.0
1776886988.383103,0.0,-5.0,-28.0
1776886988.3931026,-2.0,-2.0,-27.0
1776886988.4031026,0.0,-4.0,-33.0
1776886988.4131026,1.0,-6.0,-37.0
1776886988.4231029,7.0,-7.0,-46.0
1776886988.4331028,3.0,-8.0,-48.0
1776886988.4431028,0.0,-10.0,-51.0
1776886988.4531028,0.0,-7.0,-48.0
1776886988.4631028,0.0,-8.0,-44.0
1776886988.4731028,-2.0,-10.0,-47.0
1776886988.4831028,-3.0,-6.0,-48.0
1776886988.4931028,-5.0,-6.0,-48.0
1776886988.5031028,-6.0,-10.0,-42.0
1776886988.5131028,-6.0,-13.0,-38.0
1776886988.5231028,-3.0,-9.0,-40.0
1776886988.5331028,-4.0,-3.0,-41.0
1776886988.5431027,-1.0,-4.0,-42.0
1776886988.5531027,-1.0,-2.0,-43.0
1776886988.5631027,-1.0,-2.0,-38.0
1776886988.5731027,0.0,-4.0,-40.0
1776886988.5831027,3.0,-3.0,-40.0
1776886988.5931027,0.0,0.0,-40.0
1776886988.6031027,0.0,3.0,-43.0
1776886988.613103,0.0,1.0,-38.0
1776886988.623103,3.0,-3.0,-42.0
1776886988.633103,9.0,-3.0,-39.0
1776886988.6431026,15.0,2.0,-33.0
1776886988.6531026,11.0,1.0,-28.0
1776886988.6631026,8.0,1.0,-33.0
1776886988.6731029,3.0,-4.0,-31.0
1776886988.6831028,1.0,-6.0,-35.0
1776886988.6931028,2.0,-6.0,-34.0
1776886988.7031028,-1.0,-2.0,-37.0
1776886988.7131028,-1.0,2.0,-44.0
1776886988.7231028,-2.0,2.0,-42.0
1776886988.7331028,-3.0,2.0,-38.0
1776886988.7431028,2.0,3.0,-36.0
1776886988.7531028,4.0,0.0,-31.0
1776886988.7631028,1.0,0.0,-31.0
1776886988.7731028,3.0,0.0,-36.0
1776886988.7831028,0.0,-3.0,-35.0
1776886988.7931027,1.0,-7.0,-34.0
1776886988.8031027,1.0,-6.0,-39.0
1776886988.8131027,7.0,-7.0,-35.0
1776886988.8231027,6.0,-8.0,-41.0
1776886988.8331027,4.0,-9.0,-45.0
1776886988.8431027,3.0,-4.0,-36.0
1776886988.8531027,2.0,-1.0,-31.0
1776886988.863103,1.0,0.0,-23.0
1776886988.873103,1.0,0.0,-23.0
1776886988.883103,2.0,-5.0,-26.0
1776886988.8931026,-3.0,-9.0,-27.0
1776886988.9031026,0.0,-9.0,-24.0
1776886988.9131026,-2.0,-8.0,-34.0
1776886988.9231029,-6.0,-6.0,-31.0
1776886988.9331028,-9.0,-1.0,-36.0
1776886988.9431028,-3.0,0.0,-40.0
1776886988.9531028,-2.0,-2.0,-34.0
1776886988.9631028,-2.0,-3.0,-32.0
1776886988.9731028,-2.0,0.0,-28.0
1776886988.9831028,-2.0,2.0,-31.0
1776886988.9931028,-1.0,3.0,-24.0
1776886989.0031028,0.0,8.0,-24.0
1776886989.0131028,1.0,7.0,-25.0
1776886989.0231028,0.0,5.0,-30.0
1776886989.0331028,0.0,7.0,-30.0
1776886989.0431027,-1.0,8.0,-31.0
1776886989.0531027,-5.0,6.0,-37.0
1776886989.0631027,-6.0,5.0,-40.0
1776886989.0731027,-7.0,3.0,-41.0
1776886989.0831027,-3.0,1.0,-43.0
1776886989.0931027,0.0,-4.0,-41.0
1776886989.1031027,0.0,-4.0,-40.0
1776886989.113103,0.0,-7.0,-34.0
1776886989.123103,0.0,-4.0,-30.0
1776886989.133103,0.0,-4.0,-28.0
1776886989.1431026,2.0,0.0,-33.0
1776886989.1531026,-1.0,-1.0,-41.0
1776886989.1631026,-3.0,-1.0,-48.0
1776886989.1731029,-2.0,-2.0,-41.0
1776886989.1831028,-2.0,2.0,-45.0
1776886989.1931028,1.0,4.0,-48.0
1776886989.2031028,3.0,0.0,-40.0
1776886989.2131028,4.0,-3.0,-38.0
1776886989.2231028,6.0,-2.0,-35.0
1776886989.2331028,8.0,-3.0,-32.0
1776886989.2431028,6.0,-5.0,-32.0
1776886989.2531028,0.0,-6.0,-35.0
1776886989.2631028,-6.0,-6.0,-30.0
1776886989.2731028,-7.0,-1.0,-26.0
1776886989.2831028,-1.0,0.0,-28.0
1776886989.2931027,-1.0,0.0,-30.0
1776886989.3031027,-1.0,-2.0,-33.0
1776886989.3131027,2.0,-2.0,-39.0
1776886989.3231027,-1.0,0.0,-41.0
1776886989.3331027,2.0,0.0,-32.0
1776886989.3431027,0.0,0.0,-29.0
1776886989.3531027,0.0,-3.0,-30.0
1776886989.363103,1.0,-2.0,-32.0
1776886989.373103,-2.0,-3.0,-28.0
1776886989.383103,1.0,-3.0,-28.0
1776886989.3931026,0.0,-2.0,-24.0
1776886989.4031026,1.0,2.0,-27.0
1776886989.4131026,3.0,0.0,-22.0
1776886989.4231029,3.0,1.0,-21.0
1776886989.4331028,4.0,-2.0,-26.0
1776886989.4431028,2.0,-4.0,-26.0
1776886989.4531028,1.0,-4.0,-25.0
1776886989.4631028,-1.0,-4.0,-25.0
1776886989.4731028,-1.0,-5.0,-25.0
1776886989.4831028,-1.0,-3.0,-21.0
1776886989.4931028,-1.0,-7.0,-30.0
1776886989.5031028,-6.0,-8.0,-39.0
1776886989.5131028,-7.0,-5.0,-39.0
1776886989.5231028,-3.0,-6.0,-40.0
1776886989.5331028,-3.0,-4.0,-37.0
1776886989.5431027,-2.0,-2.0,-39.0
1776886989.5531027,-4.0,0.0,-35.0
1776886989.5631027,-5.0,0.0,-38.0
1776886989.5731027,-6.0,4.0,-39.0
1776886989.5831027,-7.0,4.0,-35.0
1776886989.5931027,-4.0,-1.0,-37.0
1776886989.6031027,-2.0,-2.0,-37.0
1776886989.613103,0.0,-5.0,-34.0
1776886989.623103,-3.0,-4.0,-32.0
1776886989.633103,-6.0,0.0,-32.0
1776886989.6431026,-4.0,-1.0,-36.0
1776886989.6531026,-4.0,-1.0,-38.0
1776886989.6631026,-5.0,-2.0,-36.0
1776886989.6731029,-5.0,-3.0,-35.0
1776886989.6831028,-3.0,-3.0,-38.0
1776886989.6931028,-3.0,-5.0,-39.0
1776886989.7031028,0.0,-4.0,-38.0
1776886989.7131028,2.0,0.0,-37.0
1776886989.7231028,2.0,0.0,-39.0
1776886989.7331028,1.0,0.0,-43.0
1776886989.7431028,0.0,0.0,-43.0
1776886989.7531028,0.0,2.0,-46.0
1776886989.7631028,1.0,0.0,-45.0
1776886989.7731028,0.0,1.0,-43.0
1776886989.7831028,5.0,1.0,-47.0
1776886989.7931027,8.0,0.0,-49.0
1776886989.8031027,6.0,-5.0,-46.0
1776886989.8131027,2.0,-3.0,-43.0
1776886989.8231027,0.0,-3.0,-48.0
1776886989.8331027,0.0,-8.0,-46.0
1776886989.8431027,1.0,-9.0,-47.0
1776886989.8531027,3.0,-6.0,-42.0
1776886989.863103,6.0,-1.0,-40.0
1776886989.873103,1.0,-3.0,-43.0
1776886989.883103,0.0,-3.0,-39.0
1776886989.8931026,-2.0,-7.0,-31.0
1776886989.9031026,0.0,-3.0,-34.0
1776886989.9131026,2.0,-3.0,-37.0
1776886989.9231029,4.0,-5.0,-34.0
1776886989.9331028,0.0,-5.0,-37.0
1776886989.9431028,0.0,0.0,-31.0
1776886989.9531028,-2.0,-2.0,-38.0
1776886989.9631028,-6.0,-8.0,-42.0
1776886989.9731028,-5.0,-2.0,-43.0
1776886989.9831028,-1.0,-1.0,-40.0
1776886989.9931028,0.0,-3.0,-35.0
1776886990.0031028,2.0,0.0,-34.0
1776886990.0131028,4.0,0.0,-34.0
1776886990.0231028,6.0,-4.0,-33.0
1776886990.034103,6.0,0.0,-38.0
1776886990.044103,9.0,0.0,-33.0
1776886990.0531027,5.0,-1.0,-34.0
1776886990.0641026,8.0,-4.0,-40.0
1776886990.0741026,3.0,-1.0,-44.0
1776886990.0841026,4.0,0.0,-50.0
1776886990.0941026,7.0,2.0,-47.0
1776886990.1041028,10.0,7.0,-49.0
1776886990.1141028,8.0,6.0,-46.0
1776886990.1241028,2.0,3.0,-41.0
1776886990.1341028,2.0,2.0,-39.0
1776886990.1441028,1.0,2.0,-40.0
1776886990.1541028,2.0,1.0,-40.0
1776886990.1641028,3.0,1.0,-41.0
1776886990.1741028,6.0,-2.0,-41.0
1776886990.1841028,0.0,-4.0,-31.0
1776886990.1941028,0.0,-5.0,-25.0
1776886990.2041028,-1.0,-2.0,-27.0
1776886990.2141027,5.0,-3.0,-31.0
1776886990.2241027,4.0,-7.0,-25.0
1776886990.2341027,3.0,-7.0,-29.0
1776886990.2441027,6.0,-11.0,-32.0
1776886990.2541027,1.0,-8.0,-32.0
1776886990.2641027,-1.0,0.0,-35.0
1776886990.2741027,2.0,-1.0,-42.0
1776886990.284103,7.0,-5.0,-36.0
1776886990.294103,2.0,-5.0,-33.0
1776886990.304103,0.0,-3.0,-37.0
1776886990.3141026,3.0,1.0,-35.0
1776886990.3241026,5.0,2.0,-38.0
1776886990.3341026,1.0,-2.0,-37.0
1776886990.3441026,0.0,-2.0,-31.0
1776886990.3541028,-2.0,-3.0,-28.0
1776886990.3641028,0.0,-2.0,-29.0
1776886990.3741028,0.0,-6.0,-24.0
1776886990.3841028,-3.0,-6.0,-26.0
1776886990.3941028,0.0,-3.0,-31.0
1776886990.4041028,2.0,-5.0,-36.0
1776886990.4141028,1.0,-7.0,-45.0
1776886990.4241028,-1.0,-4.0,-43.0
1776886990.4341028,0.0,-4.0,-35.0
1776886990.4441028,-1.0,-5.0,-33.0
1776886990.4541028,-1.0,-9.0,-32.0
1776886990.4641027,-2.0,-11.0,-35.0
1776886990.4741027,1.0,-8.0,-35.0
1776886990.4841027,3.0,-9.0,-37.0
1776886990.4941027,1.0,-9.0,-44.0
1776886990.5041027,0.0,-6.0,-48.0
1776886990.5141027,0.0,-4.0,-49.0
1776886990.5241027,-2.0,-4.0,-51.0
1776886990.534103,-2.0,-4.0,-49.0
1776886990.544103,0.0,-3.0,-48.0
1776886990.554103,4.0,-4.0,-46.0
1776886990.5641026,2.0,-1.0,-48.0
1776886990.5741026,4.0,0.0,-50.0
1776886990.5841026,2.0,0.0,-51.0
1776886990.5941026,2.0,0.0,-51.0
1776886990.6041028,2.0,-1.0,-50.0
1776886990.6141028,4.0,-4.0,-49.0
1776886990.6241028,0.0,-7.0,-43.0
1776886990.6341028,5.0,-2.0,-39.0
1776886990.6441028,8.0,-5.0,-34.0
1776886990.6541028,2.0,-7.0,-34.0
1776886990.6641028,2.0,-5.0,-37.0
1776886990.6741028,3.0,-6.0,-39.0
1776886990.6841028,3.0,-5.0,-43.0
1776886990.6941028,-3.0,-3.0,-46.0
1776886990.7041028,-3.0,0.0,-47.0
1776886990.7141027,-2.0,0.0,-41.0
1776886990.7241027,-3.0,0.0,-43.0
1776886990.7341027,-3.0,-1.0,-44.0
1776886990.7441027,-3.0,-2.0,-46.0
1776886990.7541027,-2.0,-3.0,-43.0
1776886990.7641027,-2.0,-2.0,-43.0
1776886990.7741027,0.0,1.0,-45.0
1776886990.784103,2.0,3.0,-43.0
1776886990.794103,4.0,0.0,-41.0
1776886990.804103,3.0,2.0,-49.0
1776886990.8141026,-2.0,0.0,-46.0
1776886990.8241026,-5.0,-3.0,-39.0
1776886990.8341026,-3.0,-2.0,-33.0
1776886990.8441026,-2.0,0.0,-36.0
1776886990.8541028,-1.0,1.0,-42.0
1776886990.8641028,2.0,-2.0,-36.0
1776886990.8741028,3.0,-1.0,-43.0
1776886990.8841028,3.0,-4.0,-39.0
1776886990.8941028,4.0,-2.0,-40.0
1776886990.9041028,6.0,0.0,-38.0
1776886990.9141028,5.0,0.0,-37.0
1776886990.9241028,6.0,0.0,-33.0
1776886990.9341028,1.0,0.0,-33.0
1776886990.9441028,-3.0,0.0,-43.0
1776886990.9541028,1.0,0.0,-49.0
1776886990.9641027,4.0,0.0,-51.0
1776886990.9741027,1.0,0.0,-48.0
1776886990.9841027,2.0,0.0,-46.0
1776886990.9941027,5.0,-1.0,-39.0
1776886991.0041027,2.0,0.0,-37.0
1776886991.0141027,0.0,-1.0,-32.0
1776886991.0241027,0.0,-6.0,-30.0
1776886991.034103,-2.0,-9.0,-36.0
1776886991.044103,-5.0,-9.0,-35.0
1776886991.054103,-4.0,-9.0,-41.0
1776886991.0641026,-1.0,-9.0,-36.0
1776886991.0741026,2.0,-7.0,-35.0
1776886991.0841026,8.0,-7.0,-36.0
1776886991.0941026,7.0,-8.0,-38.0
1776886991.1041028,6.0,-5.0,-34.0
1776886991.1141028,8.0,-7.0,-38.0
1776886991.1241028,8.0,-7.0,-35.0
1776886991.1341028,8.0,-4.0,-42.0
1776886991.1441028,6.0,-3.0,-42.0
1776886991.1541028,5.0,1.0,-41.0
1776886991.1641028,6.0,4.0,-37.0
1776886991.1741028,4.0,2.0,-35.0
1776886991.1841028,3.0,1.0,-37.0
1776886991.1941028,4.0,0.0,-32.0
1776886991.2041028,0.0,0.0,-32.0
1776886991.2141027,0.0,-2.0,-31.0
1776886991.2241027,0.0,-3.0,-24.0
1776886991.2341027,0.0,-3.0,-29.0
1776886991.2441027,0.0,-3.0,-31.0
1776886991.2541027,3.0,0.0,-35.0
1776886991.2641027,0.0,-1.0,-40.0
1776886991.2741027,2.0,-3.0,-39.0
1776886991.284103,2.0,-5.0,-41.0
1776886991.294103,5.0,-1.0,-44.0
1776886991.304103,5.0,0.0,-41.0
1776886991.3141026,5.0,3.0,-36.0
1776886991.3241026,2.0,0.0,-42.0
1776886991.3341026,0.0,0.0,-44.0
1776886991.3441026,3.0,0.0,-46.0
1776886991.3541028,5.0,0.0,-51.0
1776886991.3641028,5.0,-3.0,-55.0
1776886991.3741028,2.0,-1.0,-50.0
1776886991.3841028,-4.0,-4.0,-38.0
1776886991.3941028,-4.0,-2.0,-39.0
1776886991.4041028,0.0,-5.0,-37.0
1776886991.4141028,0.0,-4.0,-44.0
1776886991.4241028,0.0,-6.0,-48.0
1776886991.4341028,1.0,-8.0,-47.0
1776886991.4441028,1.0,-12.0,-42.0
1776886991.4541028,-1.0,-13.0,-42.0
1776886991.4641027,-5.0,-11.0,-45.0
1776886991.4741027,-3.0,-10.0,-48.0
1776886991.4841027,-6.0,-5.0,-51.0
1776886991.4941027,-4.0,-5.0,-49.0
1776886991.5041027,-1.0,-5.0,-45.0
1776886991.5141027,1.0,-6.0,-47.0
1776886991.5241027,3.0,-6.0,-44.0
1776886991.534103,1.0,-3.0,-46.0
1776886991.544103,-2.0,-3.0,-41.0
1776886991.554103,-9.0,-2.0,-37.0
1776886991.5641026,-6.0,-8.0,-36.0
1776886991.5741026,-3.0,-6.0,-28.0
1776886991.5841026,-3.0,-7.0,-29.0
1776886991.5941026,-5.0,-9.0,-33.0
1776886991.6041028,-2.0,-7.0,-33.0
1776886991.6141028,-4.0,-3.0,-33.0
1776886991.6241028,0.0,-2.0,-39.0
1776886991.6341028,6.0,0.0,-35.0
1776886991.6441028,2.0,3.0,-31.0
1776886991.6541028,0.0,4.0,-47.0
1776886991.6641028,0.0,6.0,-47.0
1776886991.6741028,0.0,5.0,-49.0
1776886991.6841028,1.0,1.0,-52.0
1776886991.6941028,2.0,-1.0,-49.0
1776886991.7041028,0.0,0.0,-49.0
1776886991.7141027,6.0,0.0,-44.0
1776886991.7241027,0.0,0.0,-39.0
1776886991.7341027,1.0,-2.0,-38.0
1776886991.7441027,1.0,-7.0,-38.0
1776886991.7541027,0.0,-5.0,-40.0
1776886991.7641027,1.0,2.0,-38.0
1776886991.7741027,0.0,2.0,-33.0
1776886991.784103,-5.0,0.0,-35.0
1776886991.794103,-6.0,0.0,-35.0
1776886991.804103,-5.0,-1.0,-40.0
1776886991.8141026,-2.0,-3.0,-44.0
1776886991.8241026,-1.0,-1.0,-43.0
1776886991.8341026,1.0,-3.0,-47.0
1776886991.8441026,2.0,-1.0,-50.0
1776886991.8541028,7.0,-4.0,-44.0
1776886991.8641028,5.0,-5.0,-39.0
1776886991.8741028,1.0,-7.0,-38.0
1776886991.8841028,0.0,-5.0,-33.0
1776886991.8941028,0.0,-7.0,-35.0
1776886991.9041028,0.0,-9.0,-31.0
1776886991.9141028,3.0,-12.0,-36.0
1776886991.9241028,1.0,-12.0,-36.0
1776886991.9341028,-5.0,-9.0,-40.0
1776886991.9441028,-3.0,-9.0,-41.0
1776886991.9541028,-3.0,-6.0,-34.0
1776886991.9641027,-5.0,-5.0,-41.0
1776886991.9741027,-4.0,-4.0,-45.0
1776886991.9841027,-1.0,0.0,-43.0
1776886991.9941027,-1.0,-1.0,-45.0
1776886992.0041027,-3.0,-2.0,-42.0
1776886992.0141027,-5.0,-2.0,-48.0
1776886992.0241027,0.0,-6.0,-48.0
1776886992.0351028,-3.0,-10.0,-54.0
1776886992.044103,3.0,-8.0,-52.0
1776886992.054103,7.0,-6.0,-55.0
1776886992.0651028,3.0,-1.0,-55.0
1776886992.0751028,2.0,1.0,-52.0
1776886992.0851028,2.0,1.0,-44.0
1776886992.0951028,5.0,4.0,-46.0
1776886992.1051028,7.0,7.0,-51.0
1776886992.1151028,3.0,5.0,-41.0
1776886992.1251028,3.0,0.0,-46.0
1776886992.1351027,3.0,-2.0,-48.0
1776886992.1451027,0.0,0.0,-47.0
1776886992.1551027,0.0,2.0,-41.0
1776886992.1651027,-2.0,2.0,-42.0
1776886992.1751027,-3.0,0.0,-40.0
1776886992.1851027,0.0,-2.0,-39.0
1776886992.1951027,-3.0,0.0,-39.0
1776886992.2051027,-2.0,4.0,-37.0
1776886992.215103,-3.0,2.0,-31.0
1776886992.225103,-7.0,4.0,-29.0
1776886992.235103,-8.0,3.0,-32.0
1776886992.2451026,-8.0,0.0,-39.0
1776886992.2551026,-9.0,1.0,-36.0
1776886992.2651026,-8.0,3.0,-35.0
1776886992.2751029,-9.0,-1.0,-38.0
1776886992.2851028,-9.0,1.0,-40.0
1776886992.2951028,-11.0,3.0,-34.0
1776886992.3051028,-7.0,6.0,-36.0
1776886992.3151028,-4.0,6.0,-34.0
1776886992.3251028,0.0,4.0,-30.0
1776886992.3351028,1.0,2.0,-23.0
1776886992.3451028,1.0,-1.0,-18.0
1776886992.3551028,1.0,2.0,-25.0
1776886992.3651028,3.0,-1.0,-32.0
1776886992.3751028,0.0,-1.0,-32.0
1776886992.3851027,0.0,-3.0,-34.0
1776886992.3951027,2.0,-4.0,-35.0
1776886992.4051027,0.0,3.0,-31.0
1776886992.4151027,2.0,5.0,-31.0
1776886992.4251027,4.0,7.0,-29.0
1776886992.4351027,6.0,1.0,-33.0
1776886992.4451027,4.0,0.0,-34.0
1776886992.4551027,1.0,0.0,-34.0
1776886992.465103,-1.0,-1.0,-36.0
1776886992.475103,1.0,-1.0,-36.0
1776886992.485103,6.0,1.0,-39.0
1776886992.4951026,6.0,0.0,-32.0
1776886992.5051026,-1.0,0.0,-31.0
1776886992.5151026,-1.0,1.0,-33.0
1776886992.5251029,3.0,-2.0,-39.0
1776886992.5351028,7.0,2.0,-38.0
1776886992.5451028,6.0,2.0,-40.0
1776886992.5551028,5.0,1.0,-39.0
1776886992.5651028,3.0,-1.0,-41.0
1776886992.5751028,2.0,0.0,-49.0
1776886992.5851028,1.0,0.0,-47.0
1776886992.5951028,3.0,1.0,-41.0
1776886992.6051028,5.0,2.0,-37.0
1776886992.6151028,4.0,-3.0,-41.0
1776886992.6251028,1.0,-5.0,-47.0
1776886992.6351027,3.0,-6.0,-45.0
1776886992.6451027,5.0,-6.0,-37.0
1776886992.6551027,6.0,-9.0,-38.0
1776886992.6651027,0.0,-2.0,-36.0
1776886992.6751027,2.0,-2.0,-33.0
1776886992.6851027,5.0,-6.0,-30.0
1776886992.6951027,0.0,-3.0,-30.0
1776886992.7051027,-3.0,-2.0,-37.0
1776886992.715103,0.0,-4.0,-31.0
1776886992.725103,3.0,-6.0,-31.0
1776886992.735103,3.0,-8.0,-29.0
1776886992.7451026,8.0,-9.0,-32.0
1776886992.7551026,6.0,-9.0,-35.0
1776886992.7651026,3.0,-6.0,-35.0
1776886992.7751029,1.0,0.0,-35.0
1776886992.7851028,1.0,2.0,-36.0
1776886992.7951028,5.0,1.0,-39.0
1776886992.8051028,0.0,0.0,-39.0
1776886992.8151028,-3.0,-7.0,-35.0
1776886992.8251028,-2.0,-4.0,-36.0
1776886992.8351028,-1.0,0.0,-37.0
1776886992.8451028,-1.0,0.0,-37.0
1776886992.8551028,0.0,-1.0,-42.0
1776886992.8651028,-1.0,0.0,-43.0
1776886992.8751028,-3.0,0.0,-34.0
1776886992.8851027,-4.0,0.0,-32.0
1776886992.8951027,-6.0,0.0,-33.0
1776886992.9051027,-2.0,0.0,-30.0
1776886992.9151027,0.0,0.0,-31.0
1776886992.9251027,2.0,-1.0,-24.0
1776886992.9351027,1.0,0.0,-29.0
1776886992.9451027,-1.0,1.0,-29.0
1776886992.9551027,-5.0,0.0,-27.0
1776886992.965103,-7.0,-1.0,-23.0
1776886992.975103,-6.0,0.0,-23.0
1776886992.985103,-11.0,0.0,-27.0
1776886992.9951026,-9.0,-2.0,-32.0
1776886993.0051026,-12.0,-5.0,-33.0
1776886993.0151026,-7.0,-7.0,-30.0
1776886993.0251029,-6.0,-4.0,-36.0
1776886993.0351028,-2.0,-5.0,-40.0
1776886993.0451028,-2.0,-5.0,-38.0
1776886993.0551028,0.0,-6.0,-41.0
1776886993.0651028,0.0,-3.0,-40.0
1776886993.0751028,-4.0,0.0,-42.0
1776886993.0851028,-2.0,0.0,-48.0
1776886993.0951028,-6.0,1.0,-35.0
1776886993.1051028,-4.0,1.0,-38.0
1776886993.1151028,-4.0,1.0,-40.0
1776886993.1251028,3.0,-1.0,-44.0
1776886993.1351027,6.0,-3.0,-46.0
1776886993.1451027,2.0,-5.0,-43.0
1776886993.1551027,1.0,-8.0,-41.0
1776886993.1651027,1.0,-6.0,-45.0
1776886993.1751027,-1.0,-4.0,-47.0
1776886993.1851027,-1.0,-8.0,-41.0
1776886993.1951027,3.0,-9.0,-43.0
1776886993.2051027,1.0,-9.0,-43.0
1776886993.215103,-4.0,-6.0,-46.0
1776886993.225103,-5.0,-3.0,-49.0
1776886993.235103,-1.0,-2.0,-47.0
1776886993.2451026,-3.0,-1.0,-41.0
1776886993.2551026,-9.0,0.0,-40.0
1776886993.2651026,-8.0,-2.0,-36.0
1776886993.2751029,-8.0,0.0,-39.0
1776886993.2851028,-13.0,0.0,-45.0
1776886993.2951028,-11.0,0.0,-39.0
1776886993.3051028,-12.0,1.0,-35.0
1776886993.3151028,-11.0,3.0,-33.0
1776886993.3251028,-8.0,4.0,-30.0
1776886993.3351028,-2.0,4.0,-32.0
1776886993.3451028,-2.0,6.0,-44.0
1776886993.3551028,0.0,3.0,-49.0
1776886993.3651028,-1.0,0.0,-47.0
1776886993.3751028,-6.0,-4.0,-45.0
1776886993.3851027,-4.0,-6.0,-45.0
1776886993.3951027,-2.0,-6.0,-39.0
1776886993.4051027,-1.0,-4.0,-35.0
1776886993.4151027,1.0,-6.0,-30.0
1776886993.4251027,3.0,-7.0,-30.0
1776886993.4351027,4.0,-6.0,-30.0
1776886993.4451027,2.0,-2.0,-27.0
1776886993.4551027,5.0,-8.0,-26.0
1776886993.465103,6.0,-9.0,-29.0
1776886993.475103,3.0,-6.0,-31.0
1776886993.485103,0.0,-5.0,-30.0
1776886993.4951026,0.0,-4.0,-37.0
1776886993.5051026,-2.0,-5.0,-34.0
1776886993.5151026,4.0,-6.0,-37.0
1776886993.5251029,2.0,-4.0,-38.0
1776886993.5351028,0.0,-1.0,-43.0
1776886993.5451028,0.0,-3.0,-45.0
1776886993.5551028,0.0,-3.0,-38.0
1776886993.5651028,-5.0,1.0,-36.0
1776886993.5751028,-2.0,-1.0,-37.0
1776886993.5851028,-1.0,1.0,-38.0
1776886993.5951028,1.0,2.0,-37.0
1776886993.6051028,1.0,2.0,-38.0
1776886993.6151028,-2.0,3.0,-37.0
1776886993.6251028,3.0,2.0,-32.0
1776886993.6351027,4.0,3.0,-33.0
1776886993.6451027,5.0,0.0,-33.0
1776886993.6551027,4.0,-3.0,-34.0
1776886993.6651027,6.0,0.0,-35.0
1776886993.6751027,8.0,5.0,-35.0
1776886993.6851027,8.0,2.0,-40.0
1776886993.6951027,10.0,0.0,-43.0
1776886993.7051027,4.0,-5.0,-45.0
1776886993.715103,7.0,-1.0,-46.0
1776886993.725103,6.0,0.0,-47.0
1776886993.735103,4.0,-2.0,-43.0
1776886993.7451026,3.0,-1.0,-36.0
1776886993.7551026,5.0,-4.0,-32.0
1776886993.7651026,5.0,-4.0,-32.0
1776886993.7751029,4.0,-5.0,-31.0
1776886993.7851028,4.0,-4.0,-36.0
1776886993.7951028,5.0,-5.0,-41.0
1776886993.8051028,0.0,-4.0,-37.0
1776886993.8151028,4.0,-3.0,-38.0
1776886993.8251028,2.0,-4.0,-33.0
1776886993.8351028,0.0,-8.0,-37.0
1776886993.8451028,2.0,-10.0,-41.0
1776886993.8551028,1.0,-8.0,-37.0
1776886993.8651028,0.0,-7.0,-40.0
1776886993.8751028,2.0,-7.0,-40.0
1776886993.8851027,0.0,-5.0,-40.0
1776886993.8951027,1.0,-8.0,-34.0
1776886993.9051027,6.0,-9.0,-39.0
1776886993.9151027,6.0,-10.0,-40.0
1776886993.9251027,1.0,-11.0,-41.0
1776886993.9351027,1.0,-6.0,-37.0
1776886993.9451027,4.0,-2.0,-32.0
1776886993.9551027,6.0,-1.0,-30.0
1776886993.965103,5.0,0.0,-34.0
1776886993.975103,5.0,-1.0,-33.0
1776886993.985103,4.0,-6.0,-39.0
1776886993.9951026,0.0,-9.0,-41.0
1776886994.0051026,3.0,-5.0,-37.0
1776886994.0151026,2.0,-7.0,-36.0
1776886994.0251029,3.0,-10.0,-44.0
1776886994.0351028,0.0,-8.0,-38.0
1776886994.0451028,2.0,-6.0,-34.0
1776886994.0551028,1.0,-7.0,-40.0
1776886994.0651028,-5.0,-10.0,-41.0
1776886994.0751028,-6.0,-10.0,-38.0
1776886994.0851028,-5.0,-9.0,-30.0
1776886994.0961027,-3.0,-9.0,-38.0
1776886994.1051028,-3.0,-8.0,-36.0
1776886994.1161027,-1.0,-7.0,-42.0
1776886994.1261027,3.0,-4.0,-45.0
1776886994.136103,4.0,-3.0,-44.0
1776886994.146103,0.0,-4.0,-47.0
1776886994.156103,-3.0,-1.0,-54.0
1776886994.1661026,2.0,4.0,-50.0
1776886994.1761026,0.0,3.0,-47.0
1776886994.1861026,4.0,5.0,-48.0
1776886994.1961029,0.0,1.0,-46.0
1776886994.2061028,1.0,-1.0,-47.0
1776886994.2161028,1.0,1.0,-44.0
1776886994.2261028,3.0,3.0,-45.0
1776886994.2361028,7.0,9.0,-41.0
1776886994.2461028,1.0,6.0,-40.0
1776886994.2561028,3.0,5.0,-37.0
1776886994.2661028,0.0,-2.0,-35.0
1776886994.2761028,0.0,-5.0,-40.0
1776886994.2861028,-1.0,-5.0,-43.0
1776886994.2961028,-5.0,-7.0,-42.0
1776886994.307103,-2.0,-4.0,-42.0
1776886994.3161027,-6.0,0.0,-39.0
1776886994.3261027,0.0,2.0,-42.0
1776886994.3361027,1.0,2.0,-41.0
1776886994.3461027,3.0,3.0,-34.0
1776886994.3561027,3.0,2.0,-32.0
1776886994.3661027,-1.0,-2.0,-37.0
1776886994.3761027,-4.0,0.0,-37.0
1776886994.386103,-5.0,0.0,-38.0
1776886994.396103,-8.0,-2.0,-30.0
1776886994.406103,-5.0,-5.0,-27.0
1776886994.4161026,-4.0,0.0,-26.0
1776886994.4261026,-4.0,0.0,-22.0
1776886994.4361026,-4.0,-1.0,-22.0
1776886994.4461029,0.0,-1.0,-29.0
1776886994.4561028,0.0,0.0,-29.0
1776886994.4661028,4.0,-5.0,-30.0
1776886994.4761028,4.0,-3.0,-31.0
1776886994.4861028,2.0,0.0,-34.0
1776886994.4961028,0.0,0.0,-34.0
1776886994.5061028,-1.0,0.0,-33.0
1776886994.5161028,0.0,0.0,-28.0
1776886994.5261028,0.0,5.0,-31.0
1776886994.5361028,0.0,5.0,-35.0
1776886994.5461028,2.0,5.0,-31.0
1776886994.5561028,3.0,4.0,-36.0
1776886994.5661027,1.0,7.0,-41.0
1776886994.5761027,2.0,7.0,-40.0
1776886994.5861027,2.0,7.0,-36.0
1776886994.5961027,3.0,4.0,-32.0
1776886994.6061027,4.0,1.0,-34.0
1776886994.6161027,5.0,0.0,-33.0
1776886994.6261027,5.0,2.0,-31.0
1776886994.636103,0.0,0.0,-33.0
1776886994.646103,-1.0,-3.0,-31.0
1776886994.656103,-2.0,-3.0,-35.0
1776886994.6661026,2.0,-5.0,-44.0
1776886994.6761026,0.0,-7.0,-40.0
1776886994.6861026,3.0,-7.0,-36.0
1776886994.6961029,3.0,-5.0,-32.0
1776886994.7061028,6.0,-8.0,-28.0
1776886994.7161028,8.0,-10.0,-37.0
1776886994.7261028,7.0,-12.0,-35.0
1776886994.7361028,4.0,-7.0,-37.0
1776886994.7461028,4.0,-1.0,-27.0
1776886994.7561028,5.0,-5.0,-26.0
1776886994.7661028,3.0,0.0,-22.0
1776886994.7761028,-1.0,0.0,-22.0
1776886994.7861028,0.0,-1.0,-23.0
1776886994.7961028,-2.0,-2.0,-35.0
1776886994.8061028,-3.0,-5.0,-36.0
1776886994.8161027,-4.0,-7.0,-33.0
1776886994.8261027,-5.0,-5.0,-28.0
1776886994.8361027,-4.0,-6.0,-24.0
1776886994.8461027,-1.0,-2.0,-34.0
1776886994.8561027,0.0,-7.0,-35.0
1776886994.8661027,0.0,-9.0,-34.0
1776886994.8761027,3.0,-9.0,-36.0
1776886994.886103,0.0,-10.0,-42.0
1776886994.896103,-2.0,-9.0,-46.0
1776886994.906103,-3.0,-6.0,-43.0
1776886994.9161026,-2.0,-4.0,-47.0
1776886994.9261026,-3.0,-2.0,-49.0
1776886994.9361026,-1.0,3.0,-42.0
1776886994.9461029,-2.0,6.0,-51.0
1776886994.9561028,-3.0,3.0,-54.0
1776886994.9661028,-5.0,7.0,-51.0
1776886994.9761028,0.0,7.0,-46.0
1776886994.9861028,0.0,6.0,-38.0
1776886994.9961028,2.0,3.0,-37.0
1776886995.0061028,3.0,0.0,-36.0
1776886995.0161028,1.0,-4.0,-33.0
1776886995.0261028,0.0,-1.0,-25.0
1776886995.0361028,0.0,0.0,-23.0
1776886995.0461028,-4.0,-1.0,-28.0
1776886995.0561028,0.0,-1.0,-38.0
1776886995.0661027,-2.0,0.0,-38.0
1776886995.0761027,-3.0,3.0,-35.0
1776886995.0861027,-2.0,7.0,-40.0
1776886995.0961027,0.0,5.0,-41.0
1776886995.1061027,1.0,3.0,-40.0
1776886995.1161027,1.0,0.0,-33.0
1776886995.1261027,0.0,2.0,-38.0
1776886995.136103,0.0,3.0,-39.0
1776886995.146103,3.0,1.0,-42.0
1776886995.156103,2.0,-4.0,-43.0
1776886995.1661026,3.0,-3.0,-50.0
1776886995.1761026,0.0,-5.0,-51.0
1776886995.1861026,2.0,-8.0,-46.0
1776886995.1961029,6.0,-5.0,-52.0
1776886995.2061028,3.0,-4.0,-52.0
1776886995.2161028,0.0,-3.0,-56.0
1776886995.2261028,0.0,1.0,-54.0
1776886995.2361028,0.0,2.0,-53.0
1776886995.2461028,5.0,0.0,-51.0
1776886995.2561028,5.0,0.0,-48.0
1776886995.2661028,6.0,1.0,-46.0
1776886995.2761028,2.0,-4.0,-49.0
1776886995.2861028,0.0,-7.0,-43.0
1776886995.2961028,-1.0,-6.0,-42.0
1776886995.3061028,-6.0,-5.0,-38.0
1776886995.3161027,-4.0,-1.0,-37.0
1776886995.3261027,-2.0,-1.0,-32.0
1776886995.3361027,2.0,0.0,-34.0
1776886995.3461027,2.0,-6.0,-39.0
1776886995.3561027,4.0,-5.0,-40.0
1776886995.3661027,4.0,-9.0,-39.0
1776886995.3761027,1.0,-6.0,-37.0
1776886995.386103,6.0,-8.0,-37.0
1776886995.396103,3.0,-5.0,-35.0
1776886995.406103,0.0,-7.0,-35.0
1776886995.4161026,0.0,-7.0,-44.0
1776886995.4261026,-2.0,-6.0,-42.0
1776886995.4361026,0.0,-7.0,-42.0
1776886995.4461029,2.0,-6.0,-41.0
1776886995.4561028,0.0,-6.0,-45.0
1776886995.4661028,3.0,-1.0,-47.0
1776886995.4761028,0.0,-2.0,-44.0
1776886995.4861028,-6.0,-3.0,-46.0
1776886995.4961028,-5.0,0.0,-42.0
1776886995.5061028,-7.0,4.0,-43.0
1776886995.5161028,-7.0,1.0,-40.0
1776886995.5261028,-4.0,-1.0,-39.0
1776886995.5361028,-6.0,1.0,-38.0
1776886995.5461028,-3.0,-1.0,-32.0
1776886995.5561028,-3.0,2.0,-34.0
1776886995.5661027,-5.0,5.0,-35.0
1776886995.5761027,-4.0,3.0,-40.0
1776886995.5861027,-5.0,3.0,-41.0
1776886995.5961027,-5.0,-1.0,-42.0
1776886995.6061027,-6.0,-1.0,-40.0
1776886995.6161027,-6.0,1.0,-27.0
1776886995.6261027,-2.0,1.0,-28.0
1776886995.636103,-4.0,0.0,-34.0
1776886995.646103,-1.0,-2.0,-33.0
1776886995.656103,-1.0,0.0,-32.0
1776886995.6661026,2.0,0.0,-38.0
1776886995.6761026,2.0,-4.0,-44.0
1776886995.6861026,3.0,-5.0,-39.0
1776886995.6961029,4.0,-2.0,-39.0
1776886995.7061028,4.0,-2.0,-39.0
1776886995.7161028,0.0,-3.0,-39.0
1776886995.7261028,0.0,0.0,-39.0
1776886995.7361028,1.0,-2.0,-44.0
1776886995.7461028,-1.0,-3.0,-45.0
1776886995.7561028,-6.0,-3.0,-44.0
1776886995.7661028,-3.0,4.0,-43.0
1776886995.7761028,2.0,2.0,-47.0
1776886995.7861028,5.0,0.0,-46.0
1776886995.7961028,3.0,-6.0,-46.0
1776886995.8061028,4.0,-7.0,-41.0
1776886995.8161027,0.0,-6.0,-43.0
1776886995.8261027,2.0,-6.0,-43.0
1776886995.8361027,3.0,-8.0,-45.0
1776886995.8461027,6.0,-4.0,-49.0
1776886995.8561027,3.0,-9.0,-50.0
1776886995.8661027,-2.0,-6.0,-50.0
1776886995.8761027,-2.0,-4.0,-48.0
1776886995.886103,-2.0,-4.0,-48.0
1776886995.896103,-4.0,-5.0,-50.0
1776886995.906103,-3.0,-3.0,-40.0
1776886995.9161026,1.0,0.0,-35.0
1776886995.9261026,0.0,1.0,-32.0
1776886995.9361026,-2.0,0.0,-34.0
1776886995.9461029,1.0,0.0,-32.0
1776886995.9561028,4.0,-1.0,-28.0
1776886995.9661028,3.0,-2.0,-29.0
1776886995.9761028,2.0,-5.0,-37.0
1776886995.9861028,5.0,-1.0,-40.0
1776886995.9961028,1.0,-1.0,-41.0
1776886996.0061028,-1.0,0.0,-41.0
1776886996.0161028,-4.0,-2.0,-45.0
1776886996.0261028,2.0,-2.0,-47.0
1776886996.0361028,7.0,-4.0,-46.0
1776886996.0461028,8.0,-7.0,-40.0
1776886996.0561028,13.0,-9.0,-40.0
1776886996.067103,8.0,-6.0,-35.0
1776886996.077103,7.0,-6.0,-42.0
1776886996.087103,7.0,-4.0,-42.0
1776886996.0971026,2.0,3.0,-43.0
1776886996.1071026,-2.0,2.0,-40.0
1776886996.1171026,0.0,1.0,-37.0
1776886996.1271029,0.0,3.0,-37.0
1776886996.1371028,1.0,3.0,-35.0
1776886996.1471028,0.0,-1.0,-37.0
1776886996.1571028,3.0,-3.0,-44.0
1776886996.1671028,6.0,-4.0,-44.0
1776886996.1771028,2.0,-2.0,-38.0
1776886996.1871028,0.0,1.0,-35.0
1776886996.1971028,4.0,1.0,-35.0
1776886996.2071028,4.0,0.0,-36.0
1776886996.2171028,2.0,0.0,-32.0
1776886996.2271028,0.0,-1.0,-28.0
1776886996.2371027,1.0,-1.0,-34.0
1776886996.2471027,3.0,-1.0,-39.0
1776886996.2571027,4.0,0.0,-42.0
1776886996.2671027,4.0,2.0,-44.0
1776886996.2771027,1.0,1.0,-51.0
1776886996.2871027,-2.0,1.0,-50.0
1776886996.2971027,-3.0,4.0,-42.0
1776886996.307103,1.0,4.0,-38.0
1776886996.317103,3.0,7.0,-39.0
1776886996.327103,8.0,6.0,-37.0
1776886996.337103,11.0,5.0,-31.0
1776886996.3471026,10.0,4.0,-36.0
1776886996.3571026,9.0,1.0,-35.0
1776886996.3671026,4.0,2.0,-36.0
1776886996.3771029,2.0,0.0,-27.0
1776886996.3871028,3.0,1.0,-23.0
1776886996.3971028,7.0,0.0,-18.0
1776886996.4071028,11.0,-2.0,-30.0
1776886996.4171028,8.0,-4.0,-36.0
1776886996.4271028,7.0,-2.0,-35.0
1776886996.4371028,8.0,0.0,-35.0
1776886996.4471028,4.0,0.0,-40.0
1776886996.4571028,5.0,0.0,-31.0
1776886996.4671028,1.0,0.0,-28.0
1776886996.4771028,2.0,0.0,-29.0
1776886996.4871027,1.0,1.0,-29.0
1776886996.4971027,-1.0,0.0,-27.0
1776886996.5071027,0.0,-1.0,-29.0
1776886996.5171027,1.0,-2.0,-26.0
1776886996.5271027,3.0,0.0,-25.0
1776886996.5371027,6.0,1.0,-28.0
1776886996.5471027,4.0,-1.0,-26.0
1776886996.557103,6.0,-4.0,-23.0
1776886996.567103,6.0,-2.0,-28.0
1776886996.577103,7.0,-1.0,-26.0
1776886996.587103,10.0,0.0,-34.0
1776886996.5971026,10.0,-2.0,-39.0
1776886996.6071026,5.0,-3.0,-33.0
1776886996.6171026,2.0,-5.0,-36.0
1776886996.6271029,0.0,-8.0,-36.0
1776886996.6371028,-2.0,-5.0,-42.0
1776886996.6471028,-6.0,-3.0,-42.0
1776886996.6571028,-9.0,-1.0,-48.0
1776886996.6671028,-6.0,0.0,-47.0
1776886996.6771028,-3.0,2.0,-43.0
1776886996.6871028,-2.0,0.0,-37.0
1776886996.6971028,1.0,3.0,-38.0
1776886996.7071028,0.0,1.0,-38.0
1776886996.7171028,4.0,0.0,-39.0
1776886996.7271028,2.0,2.0,-40.0
1776886996.7371027,3.0,3.0,-36.0
1776886996.7471027,3.0,0.0,-30.0
1776886996.7571027,1.0,0.0,-28.0
1776886996.7671027,0.0,-1.0,-28.0
1776886996.7771027,2.0,-1.0,-21.0
1776886996.7871027,2.0,-2.0,-22.0
1776886996.7971027,1.0,-6.0,-28.0
1776886996.807103,6.0,-11.0,-23.0
1776886996.817103,7.0,-11.0,-22.0
1776886996.827103,7.0,-11.0,-26.0
1776886996.837103,9.0,-9.0,-26.0
1776886996.8471026,6.0,-6.0,-37.0
1776886996.8571026,8.0,-2.0,-35.0
1776886996.8671026,5.0,1.0,-39.0
1776886996.8771029,0.0,0.0,-48.0
1776886996.8871028,6.0,-1.0,-48.0
1776886996.8971028,4.0,0.0,-35.0
1776886996.9071028,7.0,-2.0,-31.0
1776886996.9171028,3.0,-1.0,-29.0
1776886996.9271028,4.0,3.0,-27.0
1776886996.9371028,2.0,1.0,-30.0
1776886996.9471028,0.0,4.0,-26.0
1776886996.9571028,1.0,4.0,-33.0
1776886996.9671028,2.0,4.0,-33.0
1776886996.9771028,0.0,2.0,-31.0
1776886996.9871027,-4.0,-2.0,-31.0
1776886996.9971027,-8.0,-8.0,-36.0
1776886997.0071027,-7.0,-8.0,-39.0
1776886997.0171027,-9.0,-1.0,-42.0
1776886997.0271027,-3.0,-6.0,-44.0
1776886997.0371027,-1.0,-5.0,-46.0
1776886997.0471027,-2.0,-1.0,-49.0
1776886997.057103,-4.0,-3.0,-49.0
1776886997.067103,-2.0,-6.0,-41.0
1776886997.077103,-2.0,-5.0,-40.0
1776886997.087103,-1.0,-4.0,-39.0
1776886997.0971026,-2.0,-6.0,-37.0
1776886997.1071026,-5.0,-4.0,-37.0
1776886997.1171026,-8.0,0.0,-40.0
1776886997.1271029,-8.0,0.0,-45.0
1776886997.1371028,-8.0,1.0,-48.0
1776886997.1471028,-6.0,0.0,-53.0
1776886997.1571028,-6.0,0.0,-50.0
1776886997.1671028,0.0,1.0,-43.0
1776886997.1771028,1.0,0.0,-44.0
1776886997.1871028,3.0,0.0,-45.0
1776886997.1971028,2.0,1.0,-40.0
1776886997.2071028,0.0,2.0,-39.0
1776886997.2171028,-5.0,1.0,-33.0
1776886997.2271028,1.0,4.0,-38.0
1776886997.2371027,-2.0,7.0,-39.0
1776886997.2471027,-7.0,4.0,-37.0
1776886997.2571027,-7.0,3.0,-36.0
1776886997.2671027,0.0,4.0,-44.0
1776886997.2771027,2.0,4.0,-43.0
1776886997.2871027,1.0,7.0,-41.0
1776886997.2971027,6.0,6.0,-38.0
1776886997.307103,6.0,3.0,-39.0
1776886997.317103,9.0,2.0,-46.0
1776886997.327103,13.0,2.0,-45.0
1776886997.337103,14.0,2.0,-47.0
1776886997.3471026,10.0,4.0,-49.0
1776886997.3571026,5.0,5.0,-48.0
1776886997.3671026,6.0,7.0,-44.0
1776886997.3771029,4.0,4.0,-43.0
1776886997.3871028,0.0,-2.0,-39.0
1776886997.3971028,-2.0,-5.0,-41.0
1776886997.4071028,0.0,0.0,-32.0
1776886997.4171028,1.0,0.0,-36.0
1776886997.4271028,1.0,-2.0,-43.0
1776886997.4371028,3.0,-5.0,-41.0
1776886997.4471028,2.0,-3.0,-36.0
1776886997.4571028,2.0,-1.0,-35.0
1776886997.4671028,-1.0,0.0,-36.0
1776886997.4771028,-1.0,2.0,-32.0
1776886997.4871027,-2.0,4.0,-32.0
1776886997.4971027,0.0,5.0,-38.0
1776886997.5071027,0.0,5.0,-37.0
1776886997.5171027,1.0,3.0,-38.0
1776886997.5271027,1.0,2.0,-41.0
1776886997.5371027,3.0,0.0,-42.0
1776886997.5481029,0.0,0.0,-40.0
1776886997.557103,-1.0,-5.0,-43.0
1776886997.567103,-1.0,-7.0,-42.0
1776886997.577103,4.0,-5.0,-38.0
1776886997.587103,6.0,-3.0,-39.0
1776886997.5971026,5.0,-4.0,-34.0
1776886997.6071026,8.0,-5.0,-32.0
1776886997.6171026,5.0,-3.0,-33.0
1776886997.6271029,2.0,-5.0,-36.0
1776886997.6371028,3.0,-7.0,-38.0
1776886997.6471028,3.0,-10.0,-41.0
1776886997.6571028,1.0,-7.0,-38.0
1776886997.6671028,1.0,-4.0,-34.0
1776886997.6771028,3.0,-4.0,-30.0
1776886997.6871028,2.0,-7.0,-29.0
1776886997.6971028,3.0,-6.0,-31.0
1776886997.7071028,-2.0,-3.0,-30.0
1776886997.7171028,0.0,-8.0,-35.0
1776886997.7271028,-1.0,-9.0,-39.0
1776886997.7371027,0.0,-7.0,-33.0
1776886997.7471027,2.0,-8.0,-36.0
1776886997.7571027,0.0,-7.0,-30.0
1776886997.7671027,-6.0,-3.0,-30.0
1776886997.7771027,-4.0,-4.0,-27.0
1776886997.7871027,-5.0,-5.0,-27.0
1776886997.7971027,-3.0,-4.0,-37.0
1776886997.807103,-2.0,-4.0,-37.0
1776886997.817103,-2.0,-4.0,-39.0
1776886997.827103,-7.0,-4.0,-43.0
1776886997.837103,-4.0,-8.0,-39.0
1776886997.8471026,0.0,-5.0,-41.0
1776886997.8571026,0.0,-6.0,-37.0
1776886997.8671026,7.0,-3.0,-35.0
1776886997.8771029,5.0,-3.0,-41.0
1776886997.8871028,2.0,-1.0,-39.0
1776886997.8971028,0.0,-2.0,-37.0
1776886997.9071028,2.0,-2.0,-33.0
1776886997.9171028,2.0,0.0,-26.0
1776886997.9271028,3.0,4.0,-34.0
1776886997.9371028,2.0,3.0,-35.0
1776886997.9471028,1.0,2.0,-40.0
1776886997.9571028,0.0,2.0,-40.0
1776886997.9671028,2.0,2.0,-46.0
1776886997.9771028,2.0,1.0,-42.0
1776886997.9871027,8.0,0.0,-40.0
1776886997.9971027,9.0,-2.0,-36.0
1776886998.0071027,9.0,0.0,-38.0
1776886998.0171027,8.0,1.0,-38.0
1776886998.0271027,9.0,3.0,-34.0
1776886998.0381026,7.0,3.0,-30.0
1776886998.0471027,4.0,0.0,-34.0
1776886998.057103,6.0,-1.0,-39.0
1776886998.067103,5.0,-1.0,-39.0
1776886998.0781028,-2.0,-4.0,-35.0
1776886998.087103,-1.0,-6.0,-35.0
1776886998.0981028,-1.0,-6.0,-47.0
1776886998.1081028,-3.0,-6.0,-47.0
1776886998.1181028,-1.0,-4.0,-43.0
1776886998.1281028,1.0,-5.0,-38.0
1776886998.1381028,4.0,-6.0,-39.0
1776886998.1481028,4.0,-6.0,-40.0
1776886998.1581028,0.0,-3.0,-45.0
1776886998.1681027,0.0,0.0,-45.0
1776886998.1781027,3.0,2.0,-48.0
1776886998.1881027,3.0,5.0,-48.0
1776886998.1981027,1.0,2.0,-41.0
1776886998.2081027,0.0,-3.0,-42.0
1776886998.2181027,0.0,0.0,-41.0
1776886998.2281027,1.0,0.0,-39.0
1776886998.238103,0.0,-1.0,-42.0
1776886998.248103,1.0,1.0,-45.0
1776886998.258103,3.0,-1.0,-44.0
1776886998.2681026,3.0,-4.0,-45.0
1776886998.2781026,2.0,-4.0,-44.0
1776886998.2881026,3.0,-7.0,-41.0
1776886998.2981029,0.0,-5.0,-35.0
1776886998.3081028,0.0,0.0,-29.0
1776886998.3181028,-3.0,0.0,-30.0
1776886998.3281028,0.0,1.0,-31.0
1776886998.3381028,2.0,0.0,-33.0
1776886998.3481028,0.0,0.0,-32.0
1776886998.3581028,0.0,-1.0,-35.0
1776886998.3681028,-2.0,-4.0,-34.0
1776886998.3781028,-2.0,-7.0,-41.0
1776886998.3881028,-1.0,-6.0,-43.0
1776886998.3981028,0.0,-5.0,-42.0
1776886998.4081028,1.0,-8.0,-42.0
1776886998.4181027,-1.0,-5.0,-38.0
1776886998.4281027,2.0,-6.0,-36.0
1776886998.4381027,0.0,-6.0,-36.0
1776886998.4481027,-2.0,-2.0,-41.0
1776886998.4581027,-3.0,-3.0,-39.0
1776886998.4681027,2.0,-8.0,-32.0
1776886998.4781027,1.0,-9.0,-29.0
1776886998.488103,0.0,-7.0,-29.0
1776886998.498103,0.0,-6.0,-31.0
1776886998.508103,3.0,-6.0,-28.0
1776886998.5181026,2.0,-5.0,-28.0
1776886998.5281026,0.0,0.0,-25.0
1776886998.5381026,-3.0,-4.0,-24.0
1776886998.5481029,-2.0,-4.0,-28.0
1776886998.5581028,-5.0,-7.0,-31.0
1776886998.5681028,-1.0,-10.0,-31.0
1776886998.5781028,-4.0,-9.0,-31.0
1776886998.5881028,-2.0,-6.0,-38.0
1776886998.5981028,-1.0,0.0,-47.0
1776886998.6081028,0.0,-3.0,-48.0
1776886998.6181028,-2.0,-4.0,-44.0
1776886998.6281028,-3.0,-5.0,-39.0
1776886998.6381028,-5.0,-1.0,-36.0
1776886998.6481028,-7.0,-1.0,-35.0
1776886998.6581028,-2.0,0.0,-33.0
1776886998.6681027,-2.0,-3.0,-33.0
1776886998.6781027,-3.0,-2.0,-27.0
1776886998.6881027,-1.0,-3.0,-32.0
1776886998.6981027,-1.0,-4.0,-35.0
1776886998.7081027,-2.0,-1.0,-35.0
1776886998.7181027,-1.0,0.0,-35.0
1776886998.7281027,3.0,-3.0,-30.0
1776886998.738103,1.0,-1.0,-25.0
1776886998.748103,-3.0,0.0,-24.0
1776886998.758103,-4.0,-2.0,-21.0
1776886998.7681026,-8.0,-1.0,-27.0
1776886998.7781026,-9.0,-1.0,-24.0
1776886998.7881026,-7.0,-3.0,-36.0
1776886998.7981029,-7.0,-1.0,-38.0
1776886998.8081028,-4.0,0.0,-39.0
1776886998.8181028,-2.0,-1.0,-46.0
1776886998.8281028,-2.0,-1.0,-42.0
1776886998.8381028,-1.0,3.0,-39.0
1776886998.8481028,0.0,2.0,-47.0
1776886998.8581028,3.0,1.0,-43.0
1776886998.8681028,8.0,-1.0,-37.0
1776886998.8781028,10.0,-2.0,-35.0
1776886998.8881028,6.0,-5.0,-34.0
1776886998.8981028,5.0,-2.0,-35.0
1776886998.9081028,7.0,-3.0,-33.0
1776886998.9181027,2.0,3.0,-30.0
1776886998.9281027,2.0,0.0,-36.0
1776886998.9381027,2.0,-3.0,-40.0
1776886998.9481027,-1.0,-4.0,-36.0
1776886998.9581027,0.0,-7.0,-31.0
1776886998.9681027,1.0,-5.0,-28.0
1776886998.9781027,3.0,-5.0,-31.0
1776886998.988103,0.0,-6.0,-30.0
1776886998.998103,0.0,-7.0,-37.0
1776886999.008103,-3.0,-5.0,-40.0
1776886999.0181026,0.0,-7.0,-40.0
1776886999.0281026,4.0,-7.0,-38.0
1776886999.0381026,4.0,-8.0,-38.0
1776886999.0481029,0.0,-9.0,-34.0
1776886999.0581028,0.0,-3.0,-36.0
1776886999.0681028,2.0,-2.0,-37.0
1776886999.0781028,0.0,-1.0,-38.0
1776886999.0881028,1.0,-1.0,-32.0
1776886999.0981028,4.0,0.0,-29.0
1776886999.1081028,1.0,-3.0,-32.0
1776886999.1181028,-3.0,-4.0,-27.0
1776886999.1281028,-5.0,-2.0,-27.0
1776886999.1381028,-1.0,1.0,-25.0
1776886999.1481028,0.0,0.0,-31.0
1776886999.1581028,0.0,1.0,-33.0
1776886999.1681027,0.0,5.0,-32.0
1776886999.1781027,0.0,0.0,-34.0
1776886999.1881027,2.0,-2.0,-40.0
1776886999.1981027,-1.0,-1.0,-35.0
1776886999.2081027,-2.0,0.0,-29.0
1776886999.2181027,-2.0,-4.0,-30.0
1776886999.2281027,-1.0,-5.0,-31.0
1776886999.238103,0.0,-4.0,-27.0
1776886999.248103,4.0,0.0,-33.0
1776886999.258103,0.0,3.0,-41.0
1776886999.2681026,1.0,4.0,-41.0
1776886999.2781026,-4.0,3.0,-44.0
1776886999.2881026,-3.0,3.0,-43.0
1776886999.2981029,-2.0,4.0,-46.0
1776886999.3081028,0.0,3.0,-46.0
1776886999.3181028,0.0,4.0,-39.0
1776886999.3281028,2.0,3.0,-43.0
1776886999.3381028,1.0,5.0,-46.0
1776886999.3481028,1.0,3.0,-45.0
1776886999.3581028,4.0,5.0,-46.0
1776886999.3681028,6.0,7.0,-45.0
1776886999.3781028,3.0,7.0,-38.0
1776886999.3881028,3.0,7.0,-36.0
1776886999.3981028,2.0,5.0,-37.0
1776886999.4081028,0.0,3.0,-39.0
1776886999.4181027,2.0,-2.0,-45.0
1776886999.4281027,8.0,-5.0,-44.0
1776886999.4381027,7.0,-4.0,-38.0
1776886999.4481027,6.0,-5.0,-39.0
1776886999.4581027,5.0,-5.0,-43.0
1776886999.4681027,8.0,-6.0,-42.0
1776886999.4781027,7.0,-1.0,-39.0
1776886999.488103,8.0,-1.0,-43.0
1776886999.498103,8.0,-3.0,-40.0
1776886999.508103,6.0,-4.0,-38.0
1776886999.5181026,0.0,-2.0,-40.0
1776886999.5281026,0.0,-4.0,-41.0
1776886999.5381026,0.0,0.0,-35.0
1776886999.5481029,3.0,3.0,-31.0
1776886999.5581028,0.0,4.0,-36.0
1776886999.5681028,0.0,6.0,-32.0
1776886999.5781028,0.0,8.0,-34.0
1776886999.5881028,-1.0,5.0,-33.0
1776886999.5981028,-1.0,3.0,-35.0
1776886999.6081028,2.0,1.0,-43.0
1776886999.6181028,0.0,0.0,-50.0
1776886999.6281028,3.0,3.0,-52.0
1776886999.6381028,4.0,-1.0,-55.0
1776886999.6481028,9.0,-4.0,-48.0
1776886999.6581028,5.0,-5.0,-46.0
1776886999.6681027,5.0,-4.0,-39.0
1776886999.6781027,0.0,-2.0,-41.0
1776886999.6881027,-2.0,3.0,-38.0
1776886999.6981027,-2.0,2.0,-34.0
1776886999.7081027,-5.0,2.0,-41.0
1776886999.7181027,-4.0,0.0,-45.0
1776886999.7281027,-2.0,2.0,-42.0
1776886999.738103,-2.0,3.0,-35.0
1776886999.748103,-2.0,-1.0,-29.0
1776886999.758103,1.0,-1.0,-28.0
1776886999.7681026,0.0,0.0,-30.0
1776886999.7781026,0.0,1.0,-34.0
1776886999.7881026,1.0,-6.0,-31.0
1776886999.7981029,2.0,-8.0,-33.0
1776886999.8081028,0.0,-6.0,-26.0
1776886999.8181028,0.0,-6.0,-37.0
1776886999.8281028,1.0,-4.0,-37.0
1776886999.8381028,1.0,-4.0,-38.0
1776886999.8481028,2.0,-3.0,-37.0
1776886999.8581028,6.0,-3.0,-36.0
1776886999.8681028,4.0,0.0,-38.0
1776886999.8781028,0.0,1.0,-38.0
1776886999.8881028,-1.0,0.0,-36.0
1776886999.8981028,-2.0,-1.0,-33.0
1776886999.9081028,-1.0,0.0,-28.0
1776886999.9181027,-2.0,1.0,-30.0
1776886999.9281027,0.0,1.0,-37.0
1776886999.9381027,-2.0,-1.0,-38.0
1776886999.9481027,-3.0,0.0,-40.0
1776886999.9581027,-7.0,-3.0,-39.0
1776886999.9681027,-6.0,-4.0,-36.0
1776886999.9781027,-4.0,-6.0,-44.0
1776886999.988103,-2.0,-2.0,-47.0
1776886999.998103,1.0,0.0,-42.0
1776887000.0091028,0.0,2.0,-39.0
1776887000.0181026,-3.0,2.0,-38.0
1776887000.0281026,-3.0,1.0,-41.0
1776887000.0381026,-3.0,1.0,-43.0
1776887000.0481029,-4.0,1.0,-48.0
1776887000.0581028,-5.0,6.0,-47.0
1776887000.0691028,-3.0,6.0,-45.0
1776887000.0791028,0.0,3.0,-40.0
1776887000.0891027,6.0,2.0,-39.0
1776887000.0981028,5.0,2.0,-41.0
1776887000.1091027,3.0,0.0,-41.0
1776887000.1191027,1.0,5.0,-35.0
1776887000.1291027,1.0,0.0,-36.0
1776887000.1391027,5.0,0.0,-31.0
1776887000.1491027,2.0,0.0,-31.0
1776887000.159103,1.0,-3.0,-34.0
1776887000.169103,0.0,-4.0,-43.0
1776887000.179103,-4.0,-4.0,-49.0
1776887000.1891026,-3.0,-5.0,-46.0
1776887000.1991026,-2.0,-2.0,-44.0
1776887000.2091026,-5.0,0.0,-36.0
1776887000.2191026,-1.0,0.0,-40.0
1776887000.2291028,1.0,1.0,-39.0
1776887000.2391028,0.0,1.0,-36.0
1776887000.2491028,1.0,3.0,-37.0
1776887000.2591028,-3.0,3.0,-27.0
1776887000.2691028,-8.0,4.0,-30.0
1776887000.2791028,-5.0,4.0,-34.0
1776887000.2891028,-4.0,3.0,-36.0
1776887000.2991028,-3.0,-1.0,-34.0
1776887000.3091028,-3.0,0.0,-31.0
1776887000.3191028,0.0,4.0,-35.0
1776887000.3291028,2.0,4.0,-30.0
1776887000.3391027,3.0,1.0,-34.0
1776887000.3491027,6.0,1.0,-38.0
1776887000.3591027,4.0,2.0,-38.0
1776887000.3691027,0.0,0.0,-36.0
1776887000.3791027,2.0,2.0,-37.0
1776887000.3891027,0.0,-2.0,-32.0
1776887000.3991027,-2.0,-3.0,-30.0
1776887000.409103,-2.0,-2.0,-34.0
1776887000.419103,-4.0,-1.0,-30.0
1776887000.429103,-5.0,1.0,-30.0
1776887000.4391026,0.0,1.0,-39.0
1776887000.4491026,2.0,1.0,-38.0
1776887000.4591026,4.0,2.0,-39.0
1776887000.4691026,3.0,0.0,-40.0
1776887000.4791028,0.0,1.0,-37.0
1776887000.4891028,1.0,2.0,-40.0
1776887000.4991028,0.0,2.0,-37.0
1776887000.5091028,2.0,4.0,-45.0
1776887000.5191028,0.0,2.0,-37.0
1776887000.5291028,0.0,-3.0,-35.0
1776887000.5391028,1.0,0.0,-35.0
1776887000.5491028,2.0,0.0,-28.0
1776887000.5591028,2.0,-1.0,-30.0
1776887000.5691028,1.0,-6.0,-30.0
1776887000.5791028,-1.0,-6.0,-35.0
1776887000.5891027,-1.0,-7.0,-43.0
1776887000.5991027,-2.0,-4.0,-44.0
1776887000.6091027,-4.0,-2.0,-47.0
1776887000.6191027,-1.0,0.0,-38.0
1776887000.6291027,1.0,0.0,-34.0
1776887000.6391027,7.0,1.0,-36.0
1776887000.6491027,4.0,3.0,-40.0
1776887000.659103,3.0,1.0,-43.0
1776887000.669103,4.0,-3.0,-51.0
1776887000.679103,1.0,-8.0,-44.0
1776887000.6891026,5.0,-6.0,-35.0
1776887000.6991026,2.0,-6.0,-30.0
1776887000.7091026,3.0,-3.0,-30.0
1776887000.7191026,0.0,0.0,-32.0
1776887000.7291028,4.0,2.0,-37.0
1776887000.7391028,6.0,4.0,-36.0
1776887000.7491028,4.0,0.0,-29.0
1776887000.7591028,0.0,4.0,-30.0
1776887000.7691028,-3.0,0.0,-37.0
1776887000.7791028,-4.0,0.0,-47.0
1776887000.7891028,0.0,0.0,-50.0
1776887000.7991028,3.0,2.0,-50.0
1776887000.8091028,3.0,4.0,-49.0
1776887000.8191028,3.0,3.0,-46.0
1776887000.8291028,0.0,1.0,-42.0
1776887000.8391027,-2.0,2.0,-41.0
1776887000.8491027,-3.0,3.0,-46.0
1776887000.8591027,-6.0,3.0,-46.0
1776887000.8691027,-4.0,2.0,-42.0
1776887000.8791027,-6.0,2.0,-38.0
1776887000.8891027,-2.0,0.0,-35.0
1776887000.8991027,0.0,-1.0,-35.0
1776887000.909103,3.0,-6.0,-38.0
1776887000.919103,1.0,-4.0,-39.0
1776887000.929103,0.0,-5.0,-39.0
1776887000.9391026,2.0,-4.0,-35.0
1776887000.9491026,-2.0,-3.0,-40.0
1776887000.9591026,-2.0,-5.0,-39.0
1776887000.9691026,4.0,-8.0,-44.0
1776887000.9791028,6.0,-4.0,-45.0
1776887000.9891028,5.0,-1.0,-46.0
1776887000.9991028,11.0,0.0,-40.0
1776887001.0091028,10.0,-2.0,-35.0
1776887001.0191028,10.0,-3.0,-36.0
1776887001.0291028,8.0,-3.0,-38.0
1776887001.0391028,5.0,-4.0,-39.0
1776887001.0491028,4.0,-6.0,-37.0
1776887001.0591028,6.0,-4.0,-33.0
1776887001.0691028,7.0,-6.0,-35.0
1776887001.0791028,7.0,-5.0,-32.0
1776887001.0891027,7.0,-5.0,-43.0
1776887001.0991027,2.0,-2.0,-44.0
1776887001.1091027,4.0,-1.0,-50.0
1776887001.1191027,-2.0,-4.0,-46.0
1776887001.1291027,-3.0,-4.0,-42.0
1776887001.1391027,-1.0,-1.0,-46.0
1776887001.1491027,-8.0,0.0,-43.0
1776887001.159103,-5.0,1.0,-44.0
1776887001.169103,-4.0,0.0,-46.0
1776887001.179103,-3.0,0.0,-44.0
1776887001.1891026,-4.0,5.0,-45.0
1776887001.1991026,-3.0,4.0,-40.0
1776887001.2091026,-1.0,6.0,-44.0
1776887001.2191026,6.0,2.0,-43.0
1776887001.2291028,4.0,0.0,-38.0
1776887001.2391028,-1.0,-1.0,-37.0
1776887001.2491028,2.0,0.0,-36.0
1776887001.2591028,-1.0,0.0,-34.0
1776887001.2691028,-2.0,-1.0,-28.0
1776887001.2791028,-4.0,-1.0,-24.0
1776887001.2891028,-5.0,-1.0,-27.0
1776887001.2991028,0.0,-2.0,-25.0
1776887001.3091028,3.0,-5.0,-27.0
1776887001.3191028,5.0,-2.0,-34.0
1776887001.3291028,0.0,0.0,-31.0
1776887001.3391027,-5.0,2.0,-28.0
1776887001.3491027,-1.0,2.0,-40.0
1776887001.3591027,0.0,0.0,-42.0
1776887001.3691027,0.0,-3.0,-42.0
1776887001.3791027,-2.0,0.0,-35.0
1776887001.3891027,0.0,-1.0,-31.0
1776887001.3991027,1.0,-2.0,-28.0
1776887001.409103,0.0,-5.0,-33.0
1776887001.419103,0.0,-5.0,-39.0
1776887001.429103,0.0,-3.0,-37.0
1776887001.4391026,2.0,0.0,-38.0
1776887001.4491026,5.0,0.0,-39.0
1776887001.4591026,7.0,0.0,-37.0
1776887001.4691026,5.0,0.0,-40.0
1776887001.4791028,2.0,-2.0,-36.0
1776887001.4891028,-4.0,-3.0,-32.0
1776887001.4991028,-5.0,-3.0,-32.0
1776887001.5091028,-6.0,-2.0,-23.0
1776887001.5191028,-1.0,-3.0,-19.0
1776887001.5291028,-1.0,-2.0,-25.0
1776887001.5391028,2.0,0.0,-29.0
1776887001.5491028,3.0,-2.0,-27.0
1776887001.5591028,0.0,-2.0,-25.0
1776887001.5691028,1.0,-3.0,-26.0
1776887001.5791028,0.0,-4.0,-30.0
1776887001.5891027,2.0,-4.0,-32.0
1776887001.5991027,6.0,-3.0,-38.0
1776887001.6091027,3.0,-4.0,-33.0
1776887001.6191027,4.0,-2.0,-34.0
1776887001.6291027,5.0,-7.0,-37.0
1776887001.6391027,2.0,-9.0,-41.0
1776887001.6491027,6.0,-8.0,-37.0
1776887001.659103,8.0,-6.0,-37.0
1776887001.669103,7.0,-3.0,-31.0
1776887001.679103,9.0,-1.0,-26.0
1776887001.6891026,9.0,-1.0,-24.0
1776887001.6991026,9.0,-7.0,-30.0
1776887001.7091026,3.0,-9.0,-26.0
1776887001.7191026,6.0,-10.0,-27.0
1776887001.7291028,6.0,-5.0,-26.0
1776887001.7391028,3.0,-3.0,-26.0
1776887001.7491028,5.0,-2.0,-32.0
1776887001.7591028,8.0,-2.0,-31.0
1776887001.7691028,4.0,-7.0,-35.0
1776887001.7791028,5.0,-6.0,-35.0
1776887001.7891028,2.0,-6.0,-33.0
1776887001.7991028,-1.0,-3.0,-28.0
1776887001.8091028,-2.0,-2.0,-22.0
1776887001.8191028,-2.0,-3.0,-23.0
1776887001.8291028,1.0,-1.0,-25.0
1776887001.8391027,9.0,2.0,-26.0
1776887001.8491027,9.0,-2.0,-26.0
1776887001.8591027,5.0,-3.0,-19.0
1776887001.8691027,0.0,-2.0,-27.0
1776887001.8791027,0.0,-1.0,-31.0
1776887001.8891027,3.0,0.0,-28.0
1776887001.8991027,1.0,1.0,-29.0
1776887001.909103,0.0,0.0,-32.0
1776887001.919103,-1.0,4.0,-32.0
1776887001.929103,1.0,8.0,-34.0
1776887001.9391026,-2.0,9.0,-36.0
1776887001.9491026,0.0,8.0,-37.0
1776887001.9591026,1.0,5.0,-38.0
1776887001.9691026,2.0,2.0,-35.0
1776887001.9791028,4.0,3.0,-31.0
1776887001.9891028,6.0,6.0,-32.0
1776887001.9991028,9.0,6.0,-28.0
1776887002.0091028,4.0,6.0,-37.0
1776887002.0191028,1.0,0.0,-34.0
1776887002.0301027,2.0,3.0,-34.0
1776887002.0391028,0.0,3.0,-40.0
1776887002.0491028,6.0,0.0,-37.0
1776887002.0601027,5.0,0.0,-35.0
1776887002.0701027,7.0,0.0,-39.0
1776887002.0801027,7.0,0.0,-32.0
1776887002.090103,7.0,-4.0,-36.0
1776887002.100103,4.0,-6.0,-38.0
1776887002.110103,4.0,-4.0,-33.0
1776887002.1201026,2.0,-1.0,-31.0
1776887002.1301026,5.0,0.0,-32.0
1776887002.1401026,4.0,-1.0,-36.0
1776887002.1501029,-1.0,0.0,-33.0
1776887002.1601028,0.0,-1.0,-34.0
1776887002.1701028,2.0,-1.0,-34.0
1776887002.1801028,1.0,-5.0,-37.0
1776887002.1901028,1.0,-9.0,-47.0
1776887002.2001028,-3.0,-7.0,-49.0
1776887002.2101028,0.0,-4.0,-48.0
1776887002.2201028,-2.0,-3.0,-46.0
1776887002.2301028,-8.0,1.0,-46.0
1776887002.2401028,-5.0,-3.0,-44.0
1776887002.2501028,-2.0,-4.0,-38.0
1776887002.2601027,1.0,-3.0,-41.0
1776887002.2701027,1.0,-1.0,-39.0
1776887002.2801027,2.0,-6.0,-33.0
1776887002.2901027,2.0,-7.0,-29.0
1776887002.3001027,0.0,-3.0,-28.0
1776887002.3101027,2.0,-3.0,-34.0
1776887002.3201027,0.0,-3.0,-37.0
1776887002.3301027,1.0,-1.0,-31.0
1776887002.340103,3.0,-4.0,-31.0
1776887002.350103,0.0,-2.0,-33.0
1776887002.3611028,-2.0,-3.0,-25.0
1776887002.3701026,-3.0,-1.0,-21.0
1776887002.3801026,2.0,-6.0,-23.0
1776887002.3901026,0.0,-5.0,-28.0
1776887002.4001029,-5.0,-5.0,-27.0
1776887002.4101028,-1.0,-8.0,-32.0
1776887002.4201028,0.0,-3.0,-27.0
1776887002.4301028,-3.0,-5.0,-25.0
1776887002.4401028,0.0,-4.0,-31.0
1776887002.4501028,0.0,-1.0,-31.0
1776887002.4601028,1.0,0.0,-39.0
1776887002.4701028,1.0,0.0,-39.0
1776887002.4801028,1.0,-1.0,-33.0
1776887002.4901028,0.0,-2.0,-33.0
1776887002.5001028,0.0,0.0,-30.0
1776887002.5101027,-2.0,-2.0,-35.0
1776887002.5201027,0.0,-4.0,-42.0
1776887002.5301027,-1.0,-4.0,-40.0
1776887002.5401027,-2.0,-6.0,-40.0
1776887002.5501027,-4.0,0.0,-39.0
1776887002.5601027,0.0,0.0,-39.0
1776887002.5701027,3.0,0.0,-34.0
1776887002.5801027,6.0,-2.0,-32.0
1776887002.590103,5.0,-2.0,-32.0
1776887002.600103,6.0,-5.0,-24.0
1776887002.610103,3.0,-5.0,-29.0
1776887002.6201026,0.0,-6.0,-36.0
1776887002.6301026,0.0,-5.0,-28.0
1776887002.6401026,2.0,-2.0,-34.0
1776887002.6501029,-2.0,0.0,-34.0
1776887002.6601028,-5.0,2.0,-39.0
1776887002.6701028,-4.0,0.0,-47.0
1776887002.6801028,0.0,-4.0,-42.0
1776887002.6901028,0.0,-3.0,-40.0
1776887002.7001028,4.0,-8.0,-37.0
1776887002.7101028,0.0,-10.0,-29.0
1776887002.7201028,3.0,-8.0,-29.0
1776887002.7301028,4.0,-7.0,-33.0
1776887002.7401028,6.0,-6.0,-32.0
1776887002.7501028,7.0,-6.0,-29.0
1776887002.7601027,8.0,-4.0,-33.0
1776887002.7701027,7.0,-1.0,-32.0
1776887002.7801027,2.0,-2.0,-32.0
1776887002.7901027,-3.0,-3.0,-30.0
1776887002.8001027,-4.0,-3.0,-29.0
1776887002.8101027,0.0,0.0,-33.0
1776887002.8201027,0.0,2.0,-34.0
1776887002.8301027,-1.0,1.0,-35.0
1776887002.840103,-4.0,1.0,-38.0
1776887002.850103,-5.0,-1.0,-44.0
1776887002.860103,-4.0,0.0,-43.0
1776887002.8701026,-4.0,-2.0,-38.0
1776887002.8801026,-4.0,-4.0,-34.0
1776887002.8901026,-1.0,-4.0,-32.0
1776887002.9001029,0.0,-5.0,-27.0
1776887002.9101028,-4.0,-5.0,-32.0
1776887002.9201028,-6.0,-5.0,-35.0
1776887002.9301028,-8.0,-2.0,-32.0
1776887002.9401028,-6.0,-2.0,-33.0
1776887002.9501028,-6.0,-1.0,-39.0
1776887002.9601028,-4.0,0.0,-40.0
1776887002.9701028,2.0,0.0,-42.0
1776887002.9801028,1.0,-5.0,-44.0
1776887002.9901028,4.0,-6.0,-49.0
1776887003.0001028,1.0,-5.0,-54.0
1776887003.0101027,5.0,-4.0,-52.0
1776887003.0201027,9.0,-4.0,-49.0
1776887003.0301027,5.0,0.0,-49.0
1776887003.0401027,7.0,-1.0,-46.0
1776887003.0501027,2.0,1.0,-45.0
1776887003.0601027,2.0,2.0,-44.0
1776887003.0701027,0.0,-1.0,-38.0
1776887003.0801027,0.0,-2.0,-36.0
1776887003.090103,-3.0,-4.0,-36.0
1776887003.100103,1.0,-5.0,-44.0
1776887003.110103,4.0,-6.0,-49.0
1776887003.1201026,5.0,-7.0,-47.0
1776887003.1301026,4.0,-5.0,-47.0
1776887003.1401026,3.0,-7.0,-46.0
1776887003.1501029,-1.0,-4.0,-49.0
1776887003.1601028,-4.0,-2.0,-42.0
1776887003.1701028,-1.0,-4.0,-40.0
1776887003.1801028,2.0,-7.0,-38.0
1776887003.1901028,0.0,-3.0,-31.0
1776887003.2001028,-1.0,-2.0,-31.0
1776887003.2101028,-1.0,0.0,-35.0
1776887003.2201028,-1.0,1.0,-32.0
1776887003.2301028,1.0,0.0,-33.0
1776887003.2401028,-2.0,-1.0,-33.0
1776887003.2501028,-5.0,4.0,-35.0
1776887003.2601027,-6.0,3.0,-38.0
1776887003.2701027,-2.0,5.0,-39.0
1776887003.2801027,1.0,0.0,-39.0
1776887003.2901027,-2.0,-1.0,-36.0
1776887003.3001027,0.0,-3.0,-37.0
1776887003.3101027,3.0,-4.0,-45.0
1776887003.3201027,0.0,-3.0,-46.0
1776887003.3301027,0.0,-1.0,-44.0
1776887003.340103,1.0,1.0,-38.0
1776887003.350103,4.0,2.0,-45.0
1776887003.360103,4.0,0.0,-43.0
1776887003.3701026,3.0,0.0,-40.0
1776887003.3801026,3.0,0.0,-39.0
1776887003.3901026,4.0,-3.0,-40.0
1776887003.4001029,8.0,-4.0,-34.0
1776887003.4101028,11.0,-4.0,-29.0
1776887003.4201028,6.0,-1.0,-32.0
1776887003.4301028,1.0,-1.0,-28.0
1776887003.4401028,-1.0,0.0,-34.0
1776887003.4501028,-1.0,2.0,-39.0
1776887003.4601028,-1.0,0.0,-46.0
1776887003.4701028,5.0,1.0,-45.0
1776887003.4801028,9.0,1.0,-45.0
1776887003.4901028,10.0,0.0,-38.0
1776887003.5001028,7.0,3.0,-36.0
1776887003.5101027,5.0,3.0,-38.0
1776887003.5201027,7.0,4.0,-33.0
1776887003.5301027,-1.0,2.0,-29.0
1776887003.5401027,2.0,5.0,-25.0
1776887003.5501027,2.0,6.0,-28.0
1776887003.5601027,2.0,9.0,-34.0
1776887003.5701027,3.0,7.0,-35.0
1776887003.5801027,2.0,6.0,-38.0
1776887003.590103,3.0,3.0,-41.0
1776887003.600103,0.0,3.0,-43.0
1776887003.610103,0.0,2.0,-37.0
1776887003.6201026,1.0,3.0,-27.0
1776887003.6301026,1.0,2.0,-32.0
1776887003.6401026,0.0,2.0,-36.0
1776887003.6501029,3.0,0.0,-44.0
1776887003.6601028,0.0,0.0,-45.0
1776887003.6701028,-4.0,-4.0,-41.0
1776887003.6801028,1.0,-1.0,-41.0
1776887003.6901028,-1.0,0.0,-45.0
1776887003.7001028,-1.0,2.0,-41.0
1776887003.7101028,-5.0,4.0,-36.0
1776887003.7201028,-1.0,2.0,-34.0
1776887003.7301028,-1.0,2.0,-33.0
1776887003.7401028,-1.0,1.0,-32.0
1776887003.7501028,0.0,0.0,-37.0
1776887003.7601027,0.0,-6.0,-34.0
1776887003.7701027,-3.0,-3.0,-31.0
1776887003.7801027,-2.0,-5.0,-32.0
1776887003.7901027,-2.0,-6.0,-34.0
1776887003.8001027,0.0,-5.0,-38.0
1776887003.8101027,1.0,-4.0,-38.0
1776887003.8201027,0.0,-1.0,-43.0
1776887003.8301027,-2.0,1.0,-44.0
1776887003.840103,0.0,0.0,-37.0
1776887003.850103,-4.0,-1.0,-34.0
1776887003.860103,-1.0,0.0,-34.0
1776887003.8701026,-2.0,2.0,-31.0
1776887003.8801026,-4.0,0.0,-32.0
1776887003.8901026,-1.0,0.0,-38.0
1776887003.9001029,0.0,-5.0,-45.0
1776887003.9101028,0.0,-4.0,-45.0
1776887003.9201028,-1.0,0.0,-44.0
1776887003.9301028,-1.0,2.0,-39.0
1776887003.9401028,-7.0,1.0,-37.0
1776887003.9501028,-3.0,0.0,-31.0
1776887003.9601028,-2.0,-2.0,-32.0
1776887003.9701028,-2.0,-3.0,-35.0
1776887003.9801028,-5.0,-1.0,-39.0
1776887003.9901028,-4.0,-5.0,-38.0
1776887004.0001028,-6.0,-3.0,-38.0
1776887004.0101027,-5.0,-1.0,-34.0
1776887004.0201027,2.0,-1.0,-37.0
1776887004.0301027,1.0,-4.0,-43.0
1776887004.0401027,0.0,-2.0,-45.0
1776887004.0511026,1.0,-1.0,-42.0
1776887004.0611026,3.0,0.0,-45.0
1776887004.0711029,1.0,0.0,-47.0
1776887004.0811028,0.0,3.0,-42.0
1776887004.0911028,1.0,1.0,-42.0
1776887004.1011028,-1.0,0.0,-41.0
1776887004.1111028,-2.0,0.0,-40.0
1776887004.1211028,-1.0,2.0,-38.0
1776887004.1311028,2.0,0.0,-41.0
1776887004.1411028,6.0,0.0,-41.0
1776887004.1511028,4.0,0.0,-43.0
1776887004.1611028,4.0,2.0,-40.0
1776887004.1711028,4.0,5.0,-40.0
1776887004.1811028,1.0,4.0,-42.0
1776887004.1911027,0.0,1.0,-46.0
1776887004.2011027,4.0,-2.0,-44.0
1776887004.2111027,9.0,-2.0,-45.0
1776887004.2211027,11.0,-1.0,-46.0
1776887004.2311027,4.0,2.0,-46.0
1776887004.2411027,1.0,4.0,-45.0
1776887004.2511027,5.0,0.0,-42.0
1776887004.261103,2.0,-1.0,-39.0
1776887004.271103,2.0,-1.0,-36.0
1776887004.281103,3.0,-4.0,-29.0
1776887004.2911026,0.0,-5.0,-25.0
1776887004.3011026,-1.0,-2.0,-30.0
1776887004.3111026,-2.0,-2.0,-37.0
1776887004.3211029,-3.0,-2.0,-44.0
1776887004.3311028,-7.0,1.0,-45.0
1776887004.3411028,-9.0,0.0,-41.0
1776887004.3511028,-9.0,1.0,-40.0
1776887004.3611028,-7.0,1.0,-36.0
1776887004.3711028,-8.0,-3.0,-42.0
1776887004.3811028,-8.0,-2.0,-41.0
1776887004.3911028,0.0,0.0,-35.0
1776887004.4011028,0.0,2.0,-42.0
1776887004.4111028,0.0,-1.0,-40.0
1776887004.4211028,2.0,-1.0,-36.0
1776887004.4311028,1.0,-3.0,-35.0
1776887004.4411027,3.0,-5.0,-45.0
1776887004.4511027,4.0,-6.0,-42.0
1776887004.4611027,2.0,-1.0,-39.0
1776887004.4711027,0.0,-2.0,-29.0
1776887004.4811027,1.0,-3.0,-32.0
1776887004.4911027,0.0,0.0,-30.0
1776887004.5011027,5.0,-2.0,-35.0
1776887004.511103,3.0,0.0,-38.0
1776887004.521103,9.0,1.0,-40.0
1776887004.531103,6.0,-3.0,-44.0
1776887004.5411026,2.0,1.0,-39.0
1776887004.5511026,-2.0,1.0,-39.0
1776887004.5611026,-3.0,1.0,-34.0
1776887004.5711029,-1.0,1.0,-30.0
1776887004.5811028,1.0,0.0,-36.0
1776887004.5911028,4.0,-2.0,-36.0
1776887004.6011028,4.0,-6.0,-37.0
1776887004.6111028,2.0,-3.0,-43.0
1776887004.6211028,3.0,-3.0,-48.0
1776887004.6311028,2.0,-1.0,-47.0
1776887004.6411028,1.0,0.0,-45.0
1776887004.6511028,1.0,1.0,-45.0
1776887004.6611028,1.0,0.0,-47.0
1776887004.6711028,-3.0,1.0,-46.0
1776887004.6811028,-1.0,-1.0,-34.0
1776887004.6911027,-2.0,-1.0,-30.0
1776887004.7011027,-2.0,-2.0,-28.0
1776887004.7111027,-5.0,0.0,-32.0
1776887004.7211027,-8.0,-1.0,-34.0
1776887004.7311027,-9.0,2.0,-30.0
1776887004.7411027,-14.0,1.0,-32.0
1776887004.7511027,-13.0,-1.0,-37.0
1776887004.761103,-4.0,-2.0,-34.0
1776887004.771103,-2.0,1.0,-35.0
1776887004.781103,-2.0,1.0,-37.0
1776887004.7911026,-3.0,0.0,-33.0
1776887004.8011026,0.0,-1.0,-29.0
1776887004.8111026,0.0,2.0,-34.0
1776887004.8211029,-3.0,1.0,-38.0
1776887004.8311028,-2.0,-1.0,-43.0
1776887004.8411028,-5.0,-3.0,-44.0
1776887004.8511028,-4.0,-4.0,-46.0
1776887004.8611028,1.0,0.0,-46.0
1776887004.8711028,3.0,0.0,-55.0
1776887004.8811028,0.0,0.0,-52.0
1776887004.8911028,0.0,-1.0,-47.0
1776887004.9011028,0.0,0.0,-46.0
1776887004.9111028,3.0,-1.0,-44.0
1776887004.9211028,-1.0,0.0,-44.0
1776887004.9311028,-1.0,0.0,-47.0
1776887004.9411027,-1.0,1.0,-42.0
1776887004.9511027,-3.0,-5.0,-46.0
1776887004.9611027,-5.0,-2.0,-43.0
1776887004.9711027,-7.0,-2.0,-41.0
1776887004.9811027,-4.0,-1.0,-41.0
1776887004.9911027,-5.0,-1.0,-43.0
1776887005.0011027,-3.0,0.0,-40.0
1776887005.011103,1.0,2.0,-37.0
1776887005.021103,0.0,2.0,-38.0
1776887005.031103,1.0,0.0,-42.0
1776887005.0411026,4.0,3.0,-40.0
1776887005.0511026,4.0,5.0,-41.0
1776887005.0611026,4.0,0.0,-38.0
1776887005.0711029,6.0,0.0,-41.0
1776887005.0811028,1.0,-1.0,-39.0
1776887005.0911028,1.0,-4.0,-40.0
1776887005.1011028,1.0,-4.0,-36.0
1776887005.1111028,3.0,-2.0,-35.0
1776887005.1211028,3.0,-2.0,-41.0
1776887005.1311028,1.0,0.0,-47.0
1776887005.1411028,3.0,-1.0,-48.0
1776887005.1511028,4.0,-3.0,-49.0
1776887005.1611028,0.0,-2.0,-52.0
1776887005.1711028,-1.0,-1.0,-47.0
1776887005.1811028,-1.0,-5.0,-47.0
1776887005.1911027,-1.0,-3.0,-46.0
1776887005.2011027,-1.0,-2.0,-43.0
1776887005.2111027,-4.0,-1.0,-40.0
1776887005.2211027,-4.0,0.0,-38.0
1776887005.2311027,-5.0,1.0,-40.0
1776887005.2411027,-2.0,6.0,-38.0
1776887005.2511027,1.0,2.0,-40.0
1776887005.261103,1.0,0.0,-42.0
1776887005.271103,2.0,1.0,-42.0
1776887005.281103,3.0,2.0,-38.0
1776887005.2911026,3.0,1.0,-40.0
1776887005.3011026,-1.0,1.0,-37.0
1776887005.3111026,1.0,0.0,-37.0
1776887005.3211029,-1.0,1.0,-38.0
1776887005.3311028,-1.0,4.0,-42.0
1776887005.3411028,-4.0,2.0,-42.0
1776887005.3511028,-4.0,4.0,-38.0
1776887005.3611028,-5.0,8.0,-44.0
1776887005.3711028,-6.0,6.0,-43.0
1776887005.3811028,-6.0,0.0,-44.0
1776887005.3911028,-8.0,0.0,-42.0
1776887005.4011028,-6.0,-1.0,-48.0
1776887005.4111028,-4.0,0.0,-49.0
1776887005.4211028,-6.0,2.0,-41.0
1776887005.4311028,-4.0,4.0,-41.0
1776887005.4411027,-2.0,5.0,-44.0
1776887005.4511027,-2.0,2.0,-43.0
1776887005.4611027,4.0,2.0,-38.0
1776887005.4711027,3.0,-1.0,-39.0
1776887005.4811027,0.0,-1.0,-42.0
1776887005.4911027,0.0,-3.0,-44.0
1776887005.5011027,-5.0,-6.0,-45.0
1776887005.511103,0.0,-6.0,-37.0
1776887005.521103,0.0,-5.0,-33.0
1776887005.531103,0.0,-1.0,-30.0
1776887005.5411026,1.0,0.0,-28.0
1776887005.5511026,4.0,4.0,-32.0
1776887005.5611026,2.0,0.0,-34.0
1776887005.5711029,0.0,1.0,-40.0
1776887005.5811028,-2.0,1.0,-32.0
1776887005.5911028,0.0,0.0,-33.0
1776887005.6011028,-3.0,1.0,-37.0
1776887005.6111028,1.0,2.0,-38.0
1776887005.6211028,0.0,0.0,-44.0
1776887005.6311028,0.0,-1.0,-42.0
1776887005.6411028,5.0,0.0,-41.0
1776887005.6511028,5.0,-1.0,-41.0
1776887005.6611028,4.0,-2.0,-47.0
1776887005.6711028,5.0,-3.0,-46.0
1776887005.6811028,3.0,-2.0,-48.0
1776887005.6911027,2.0,-3.0,-50.0
1776887005.7011027,0.0,-2.0,-45.0
1776887005.7111027,0.0,0.0,-48.0
1776887005.7211027,0.0,0.0,-49.0
1776887005.7311027,2.0,2.0,-41.0
1776887005.7411027,2.0,5.0,-41.0
1776887005.7511027,0.0,3.0,-43.0
1776887005.761103,-1.0,1.0,-40.0
1776887005.771103,1.0,1.0,-41.0
1776887005.781103,3.0,-2.0,-45.0
1776887005.7911026,2.0,-3.0,-44.0
1776887005.8011026,0.0,-3.0,-40.0
1776887005.8111026,1.0,-6.0,-39.0
1776887005.8211029,4.0,-11.0,-36.0
1776887005.8311028,6.0,-10.0,-31.0
1776887005.8411028,6.0,-6.0,-28.0
1776887005.8511028,9.0,-9.0,-24.0
1776887005.8611028,7.0,-7.0,-30.0
1776887005.8711028,7.0,-4.0,-26.0
1776887005.8811028,6.0,-2.0,-33.0
1776887005.8911028,8.0,-3.0,-28.0
1776887005.9011028,7.0,-3.0,-30.0
1776887005.9111028,10.0,-3.0,-32.0
1776887005.9211028,7.0,0.0,-31.0
1776887005.9311028,5.0,0.0,-31.0
1776887005.9411027,6.0,0.0,-29.0
1776887005.9511027,8.0,0.0,-37.0
1776887005.9611027,9.0,3.0,-41.0
1776887005.9711027,8.0,2.0,-42.0
1776887005.9811027,2.0,5.0,-48.0
1776887005.9911027,2.0,3.0,-43.0
1776887006.0011027,2.0,0.0,-41.0
1776887006.011103,0.0,2.0,-40.0
1776887006.021103,-3.0,0.0,-44.0
1776887006.031103,2.0,0.0,-53.0
1776887006.0411026,5.0,-2.0,-56.0
1776887006.0521028,5.0,-3.0,-52.0
1776887006.0621028,5.0,0.0,-49.0
1776887006.0721028,6.0,1.0,-43.0
1776887006.0821028,5.0,0.0,-41.0
1776887006.0921028,3.0,-1.0,-38.0
1776887006.1021028,3.0,2.0,-42.0
1776887006.1121027,0.0,5.0,-42.0
1776887006.1221027,-6.0,7.0,-44.0
1776887006.1321027,-2.0,5.0,-40.0
1776887006.1421027,-5.0,2.0,-38.0
1776887006.1521027,-3.0,4.0,-44.0
1776887006.1621027,0.0,2.0,-46.0
1776887006.1721027,-1.0,0.0,-40.0
1776887006.182103,0.0,5.0,-40.0
1776887006.192103,-3.0,1.0,-45.0
1776887006.202103,-2.0,1.0,-51.0
1776887006.212103,-4.0,4.0,-54.0
1776887006.2221026,-2.0,0.0,-48.0
1776887006.2321026,-1.0,0.0,-42.0
1776887006.2421026,-3.0,2.0,-39.0
1776887006.2521029,0.0,0.0,-40.0
1776887006.2621028,6.0,0.0,-44.0
1776887006.2721028,7.0,0.0,-48.0
1776887006.2821028,9.0,1.0,-50.0
1776887006.2921028,6.0,4.0,-44.0
1776887006.3021028,5.0,1.0,-39.0
1776887006.3121028,4.0,-3.0,-32.0
1776887006.3221028,1.0,-6.0,-38.0
1776887006.3321028,0.0,-1.0,-50.0
1776887006.3421028,3.0,-2.0,-50.0
1776887006.3521028,0.0,-5.0,-54.0
1776887006.3621027,-3.0,-6.0,-42.0
1776887006.3721027,-4.0,-3.0,-46.0
1776887006.3821027,-3.0,-3.0,-45.0
1776887006.3921027,-4.0,-2.0,-44.0
1776887006.4021027,0.0,0.0,-39.0
1776887006.4121027,-3.0,-4.0,-36.0
1776887006.4221027,-3.0,-1.0,-31.0
1776887006.432103,0.0,-3.0,-22.0
1776887006.442103,0.0,-5.0,-26.0
1776887006.452103,4.0,-5.0,-28.0
1776887006.462103,6.0,-2.0,-31.0
1776887006.4721026,0.0,1.0,-45.0
1776887006.4821026,0.0,2.0,-47.0
1776887006.4921026,-1.0,0.0,-47.0
1776887006.5021029,-2.0,-1.0,-49.0
1776887006.5121028,-1.0,0.0,-44.0
1776887006.5221028,3.0,0.0,-45.0
1776887006.5321028,4.0,1.0,-44.0
1776887006.5421028,1.0,3.0,-48.0
1776887006.5521028,-2.0,7.0,-39.0
1776887006.5621028,-2.0,5.0,-39.0
1776887006.5721028,0.0,0.0,-44.0
1776887006.5821028,1.0,0.0,-34.0
1776887006.5921028,0.0,-2.0,-31.0
1776887006.6021028,0.0,-3.0,-33.0
1776887006.6121027,1.0,-4.0,-39.0
1776887006.6221027,4.0,-4.0,-42.0
1776887006.6321027,5.0,-2.0,-40.0
1776887006.6421027,4.0,-2.0,-36.0
1776887006.6521027,0.0,-4.0,-37.0
1776887006.6621027,0.0,0.0,-40.0
1776887006.6721027,-1.0,-2.0,-42.0
1776887006.682103,-1.0,-2.0,-47.0
1776887006.692103,0.0,-1.0,-48.0
1776887006.702103,0.0,0.0,-40.0
1776887006.712103,2.0,-1.0,-35.0
1776887006.7221026,-5.0,1.0,-40.0
1776887006.7321026,-7.0,1.0,-46.0
1776887006.7421026,-6.0,6.0,-49.0
1776887006.7521029,-3.0,3.0,-45.0
1776887006.7621028,-1.0,5.0,-38.0
1776887006.7721028,-1.0,1.0,-42.0
1776887006.7821028,-2.0,1.0,-42.0
1776887006.7921028,2.0,1.0,-38.0
1776887006.8021028,4.0,4.0,-34.0
1776887006.8121028,0.0,3.0,-36.0
1776887006.8221028,0.0,1.0,-40.0
1776887006.8321028,1.0,2.0,-42.0
1776887006.8421028,2.0,2.0,-42.0
1776887006.8521028,5.0,3.0,-45.0
1776887006.8621027,5.0,4.0,-42.0
1776887006.8721027,3.0,2.0,-34.0
1776887006.8821027,0.0,1.0,-31.0
1776887006.8921027,-3.0,-2.0,-33.0
1776887006.9021027,-1.0,-1.0,-29.0
1776887006.9121027,1.0,2.0,-26.0
1776887006.9221027,0.0,3.0,-29.0
1776887006.932103,2.0,1.0,-29.0
1776887006.942103,0.0,0.0,-31.0
1776887006.952103,-4.0,2.0,-35.0
1776887006.962103,0.0,-1.0,-38.0
1776887006.9721026,1.0,-1.0,-38.0
1776887006.9821026,-1.0,0.0,-35.0
1776887006.9921026,0.0,0.0,-27.0
1776887007.0021029,0.0,0.0,-25.0
1776887007.0121028,0.0,0.0,-29.0
1776887007.0221028,0.0,0.0,-27.0
1776887007.0321028,-2.0,1.0,-27.0
1776887007.0421028,-1.0,3.0,-28.0
1776887007.0521028,1.0,-1.0,-27.0
1776887007.0621028,4.0,-4.0,-37.0
1776887007.0721028,3.0,-5.0,-41.0
1776887007.0821028,1.0,-6.0,-45.0
1776887007.0921028,2.0,-5.0,-42.0
1776887007.1021028,1.0,-2.0,-42.0
1776887007.1121027,6.0,-4.0,-35.0
1776887007.1221027,8.0,-1.0,-38.0
1776887007.1321027,2.0,-2.0,-40.0
1776887007.1421027,0.0,1.0,-37.0
1776887007.1521027,-5.0,-1.0,-37.0
1776887007.1621027,-8.0,-8.0,-33.0
1776887007.1721027,-7.0,-10.0,-34.0
1776887007.182103,-5.0,-10.0,-27.0
1776887007.192103,-5.0,-2.0,-27.0
1776887007.202103,-2.0,0.0,-24.0
1776887007.212103,-4.0,0.0,-27.0
1776887007.2221026,0.0,-1.0,-27.0
1776887007.2321026,-2.0,0.0,-30.0
1776887007.2421026,-3.0,1.0,-38.0
1776887007.2521029,0.0,2.0,-42.0
1776887007.2621028,-2.0,0.0,-46.0
1776887007.2721028,-4.0,-2.0,-44.0
1776887007.2821028,-6.0,-5.0,-46.0
1776887007.2921028,-4.0,-3.0,-43.0
1776887007.3021028,-4.0,-2.0,-47.0
1776887007.3121028,-6.0,-4.0,-45.0
1776887007.3221028,-1.0,-3.0,-41.0
1776887007.3321028,-1.0,-4.0,-37.0
1776887007.3421028,0.0,-5.0,-35.0
1776887007.3521028,0.0,-6.0,-41.0
1776887007.3621027,4.0,-5.0,-36.0
1776887007.3721027,6.0,-7.0,-35.0
1776887007.3821027,4.0,-8.0,-27.0
1776887007.3921027,5.0,-7.0,-26.0
1776887007.4021027,7.0,-6.0,-28.0
1776887007.4121027,6.0,-1.0,-26.0
1776887007.4221027,0.0,-2.0,-36.0
1776887007.432103,2.0,-1.0,-42.0
1776887007.442103,5.0,-3.0,-36.0
1776887007.452103,4.0,0.0,-37.0
1776887007.462103,7.0,3.0,-33.0
1776887007.4721026,5.0,2.0,-25.0
1776887007.4821026,0.0,3.0,-27.0
1776887007.4921026,3.0,0.0,-30.0
1776887007.5021029,-3.0,-1.0,-25.0
1776887007.5121028,-1.0,-5.0,-30.0
1776887007.5221028,0.0,-4.0,-26.0
1776887007.5321028,5.0,-4.0,-33.0
1776887007.5421028,9.0,-4.0,-37.0
1776887007.5521028,8.0,-2.0,-38.0
1776887007.5621028,6.0,0.0,-39.0
1776887007.5721028,1.0,-2.0,-38.0
1776887007.5821028,5.0,-4.0,-35.0
1776887007.5921028,0.0,-4.0,-38.0
1776887007.6021028,-2.0,-6.0,-38.0
1776887007.6121027,-5.0,-10.0,-45.0
1776887007.6221027,-2.0,-12.0,-41.0
1776887007.6321027,0.0,-12.0,-33.0
1776887007.6421027,-1.0,-12.0,-29.0
1776887007.6521027,-2.0,-8.0,-35.0
1776887007.6621027,4.0,-4.0,-40.0
1776887007.6721027,7.0,0.0,-43.0
1776887007.682103,11.0,4.0,-38.0
1776887007.692103,10.0,1.0,-32.0
1776887007.702103,7.0,2.0,-35.0
1776887007.712103,1.0,2.0,-29.0
1776887007.7221026,1.0,4.0,-23.0
1776887007.7321026,0.0,3.0,-25.0
1776887007.7421026,0.0,3.0,-26.0
1776887007.7521029,-2.0,4.0,-34.0
1776887007.7621028,-2.0,1.0,-37.0
1776887007.7721028,-7.0,3.0,-36.0
1776887007.7821028,-9.0,2.0,-41.0
1776887007.7921028,-9.0,4.0,-44.0
1776887007.8021028,-7.0,4.0,-44.0
1776887007.8121028,-2.0,0.0,-39.0
1776887007.8221028,0.0,-3.0,-40.0
1776887007.8321028,4.0,-4.0,-42.0
1776887007.8421028,3.0,5.0,-43.0
1776887007.8521028,2.0,1.0,-43.0
1776887007.8621027,0.0,-5.0,-42.0
1776887007.8721027,4.0,-1.0,-38.0
1776887007.8821027,9.0,-1.0,-39.0
1776887007.8921027,7.0,-2.0,-31.0
1776887007.9021027,7.0,-2.0,-30.0
1776887007.9121027,6.0,-3.0,-35.0
1776887007.9221027,5.0,-5.0,-37.0
1776887007.932103,8.0,-5.0,-34.0
1776887007.942103,8.0,-2.0,-36.0
1776887007.952103,5.0,-5.0,-38.0
1776887007.962103,0.0,-5.0,-38.0
1776887007.9721026,0.0,-3.0,-37.0
1776887007.9821026,4.0,-1.0,-36.0
1776887007.9921026,5.0,0.0,-34.0
1776887008.0021029,0.0,-3.0,-31.0
1776887008.0121028,-2.0,-8.0,-30.0
1776887008.0221028,3.0,-7.0,-31.0
1776887008.0321028,1.0,0.0,-41.0
1776887008.0421028,-2.0,2.0,-43.0
1776887008.0521028,-3.0,0.0,-49.0
1776887008.0631027,-7.0,3.0,-46.0
1776887008.0731027,-8.0,2.0,-44.0
1776887008.0831027,-6.0,1.0,-49.0
1776887008.0921028,-2.0,-1.0,-51.0
1776887008.1031027,2.0,0.0,-51.0
1776887008.113103,0.0,-2.0,-48.0
1776887008.123103,2.0,-4.0,-45.0
1776887008.133103,2.0,-3.0,-39.0
1776887008.1431026,3.0,-1.0,-32.0
1776887008.1531026,3.0,2.0,-27.0
1776887008.1631026,5.0,-3.0,-31.0
1776887008.1731029,11.0,-3.0,-31.0
1776887008.1831028,9.0,-4.0,-29.0
1776887008.1931028,7.0,-1.0,-33.0
1776887008.2031028,3.0,0.0,-31.0
1776887008.2131028,-1.0,0.0,-28.0
1776887008.2231028,0.0,-1.0,-31.0
1776887008.2331028,1.0,-1.0,-31.0
1776887008.2431028,5.0,0.0,-33.0
1776887008.2531028,5.0,0.0,-41.0
1776887008.2631028,1.0,0.0,-39.0
1776887008.2731028,4.0,0.0,-29.0
1776887008.2831028,5.0,3.0,-37.0
1776887008.2931027,7.0,5.0,-33.0
1776887008.3031027,9.0,6.0,-33.0
1776887008.3131027,11.0,5.0,-35.0
1776887008.3231027,12.0,5.0,-35.0
1776887008.3331027,9.0,0.0,-41.0
1776887008.3431027,8.0,-1.0,-41.0
1776887008.3531027,8.0,-3.0,-34.0
1776887008.363103,8.0,-6.0,-35.0
1776887008.373103,1.0,-4.0,-33.0
1776887008.383103,0.0,0.0,-36.0
1776887008.3931026,-5.0,-2.0,-39.0
1776887008.4031026,-8.0,-2.0,-44.0
1776887008.4131026,-7.0,0.0,-43.0
1776887008.4231029,-7.0,4.0,-43.0
1776887008.4331028,-5.0,5.0,-32.0
1776887008.4431028,-3.0,4.0,-28.0
1776887008.4531028,-4.0,2.0,-35.0
1776887008.4631028,-4.0,0.0,-42.0
1776887008.4731028,-3.0,0.0,-36.0
1776887008.4831028,-3.0,1.0,-42.0
1776887008.4931028,-3.0,0.0,-37.0
1776887008.5031028,-1.0,2.0,-40.0
1776887008.5131028,-8.0,0.0,-31.0
1776887008.5231028,-11.0,-1.0,-26.0
1776887008.5331028,-13.0,-1.0,-29.0
1776887008.5431027,-9.0,-2.0,-23.0
1776887008.5531027,-2.0,-3.0,-23.0
1776887008.5631027,-3.0,-2.0,-26.0
1776887008.5731027,-1.0,-2.0,-19.0
1776887008.5831027,0.0,-1.0,-28.0
1776887008.5931027,1.0,-5.0,-28.0
1776887008.6031027,0.0,0.0,-25.0
1776887008.613103,0.0,-1.0,-25.0
1776887008.623103,-2.0,-1.0,-35.0
1776887008.633103,-1.0,1.0,-50.0
1776887008.6431026,-3.0,0.0,-54.0
1776887008.6531026,-3.0,0.0,-53.0
1776887008.6631026,-2.0,4.0,-49.0
1776887008.6731029,-3.0,5.0,-51.0
1776887008.6831028,-3.0,3.0,-48.0
1776887008.6931028,2.0,0.0,-44.0
1776887008.7031028,5.0,-4.0,-48.0
1776887008.7131028,3.0,-5.0,-53.0
1776887008.7231028,3.0,-5.0,-57.0
1776887008.7331028,6.0,-1.0,-56.0
1776887008.7431028,9.0,0.0,-48.0
1776887008.7531028,7.0,0.0,-44.0
1776887008.7631028,6.0,2.0,-48.0
1776887008.7731028,7.0,0.0,-47.0
1776887008.7831028,5.0,-1.0,-38.0
1776887008.7931027,3.0,-4.0,-38.0
1776887008.8031027,5.0,-2.0,-43.0
1776887008.8131027,2.0,-4.0,-43.0
1776887008.8231027,4.0,-8.0,-42.0
1776887008.8331027,2.0,-7.0,-42.0
1776887008.8431027,0.0,-11.0,-38.0
1776887008.8531027,0.0,-9.0,-42.0
1776887008.863103,1.0,-8.0,-43.0
1776887008.873103,0.0,-7.0,-44.0
1776887008.883103,-1.0,-6.0,-44.0
1776887008.8931026,2.0,-7.0,-41.0
1776887008.9031026,1.0,-2.0,-36.0
1776887008.9131026,2.0,0.0,-35.0
1776887008.9231029,-1.0,4.0,-31.0
1776887008.9331028,-2.0,5.0,-27.0
1776887008.9431028,1.0,5.0,-20.0
1776887008.9531028,1.0,0.0,-19.0
1776887008.9631028,3.0,-2.0,-18.0
1776887008.9731028,4.0,-1.0,-10.0
1776887008.9831028,7.0,0.0,-20.0
1776887008.9931028,4.0,0.0,-29.0
1776887009.0031028,7.0,-2.0,-34.0
1776887009.0131028,5.0,-1.0,-37.0
1776887009.0231028,2.0,-1.0,-36.0
1776887009.0331028,4.0,0.0,-35.0
1776887009.0431027,3.0,-2.0,-36.0
1776887009.0531027,0.0,-2.0,-32.0
1776887009.0631027,-1.0,2.0,-33.0
1776887009.0731027,0.0,0.0,-36.0
1776887009.0831027,2.0,-4.0,-33.0
1776887009.0931027,1.0,-3.0,-36.0
1776887009.1031027,-1.0,-3.0,-34.0
1776887009.113103,0.0,-4.0,-39.0
1776887009.123103,0.0,-4.0,-40.0
1776887009.133103,0.0,-3.0,-29.0
1776887009.1431026,1.0,-3.0,-28.0
1776887009.1531026,4.0,0.0,-23.0
1776887009.1631026,7.0,-1.0,-26.0
1776887009.1731029,5.0,0.0,-24.0
1776887009.1831028,5.0,0.0,-22.0
1776887009.1931028,2.0,1.0,-24.0
1776887009.2031028,3.0,0.0,-25.0
1776887009.2131028,4.0,0.0,-34.0
1776887009.2231028,4.0,-3.0,-38.0
1776887009.2331028,4.0,-3.0,-41.0
1776887009.2431028,5.0,-7.0,-35.0
1776887009.2531028,1.0,-8.0,-34.0
1776887009.2631028,0.0,-5.0,-28.0
1776887009.2731028,3.0,-7.0,-32.0
1776887009.2831028,6.0,-9.0,-28.0
1776887009.2931027,3.0,-8.0,-29.0
1776887009.3031027,2.0,-4.0,-39.0
1776887009.3131027,-3.0,-2.0,-45.0
1776887009.3231027,-3.0,-5.0,-40.0
1776887009.3331027,-3.0,-6.0,-35.0
1776887009.3431027,-1.0,-6.0,-33.0
1776887009.3531027,0.0,-3.0,-40.0
1776887009.363103,1.0,-2.0,-40.0
1776887009.373103,0.0,-2.0,-39.0
1776887009.383103,-3.0,-3.0,-36.0
1776887009.3931026,-6.0,-5.0,-40.0
1776887009.4031026,-1.0,-8.0,-42.0
1776887009.4131026,1.0,-7.0,-43.0
1776887009.4231029,3.0,-6.0,-44.0
1776887009.4331028,-1.0,-8.0,-46.0
1776887009.4431028,-4.0,-8.0,-46.0
1776887009.4531028,-1.0,-7.0,-41.0
1776887009.4631028,0.0,-5.0,-42.0
1776887009.4731028,0.0,-2.0,-48.0
1776887009.4831028,-4.0,-5.0,-45.0
1776887009.4931028,-6.0,-6.0,-36.0
1776887009.5031028,-2.0,-7.0,-32.0
1776887009.5131028,-1.0,-1.0,-31.0
1776887009.5231028,-4.0,-1.0,-33.0
1776887009.5331028,2.0,1.0,-40.0
1776887009.5431027,-4.0,2.0,-42.0
1776887009.5531027,-3.0,3.0,-34.0
1776887009.5631027,-5.0,0.0,-35.0
1776887009.5731027,-8.0,-2.0,-39.0
1776887009.5831027,-3.0,0.0,-42.0
1776887009.5931027,-3.0,1.0,-37.0
1776887009.6031027,-7.0,0.0,-34.0
1776887009.613103,0.0,2.0,-36.0
1776887009.623103,-1.0,1.0,-38.0
1776887009.633103,-2.0,3.0,-36.0
1776887009.6431026,0.0,2.0,-40.0
1776887009.6531026,-3.0,-1.0,-41.0
1776887009.6631026,-2.0,-1.0,-41.0
1776887009.6731029,-2.0,-2.0,-37.0
1776887009.6831028,-5.0,-4.0,-43.0
1776887009.6931028,-8.0,-1.0,-44.0
1776887009.7031028,-6.0,2.0,-43.0
1776887009.7131028,-4.0,2.0,-44.0
1776887009.7231028,0.0,3.0,-45.0
1776887009.7331028,0.0,0.0,-44.0
1776887009.7431028,1.0,-1.0,-35.0
1776887009.7531028,-1.0,1.0,-39.0
1776887009.7631028,-1.0,3.0,-44.0
1776887009.7731028,0.0,1.0,-44.0
1776887009.7831028,-3.0,1.0,-45.0
1776887009.7931027,2.0,0.0,-47.0
1776887009.8031027,0.0,-4.0,-40.0
1776887009.8131027,-2.0,-5.0,-40.0
1776887009.8231027,-5.0,-3.0,-41.0
1776887009.8331027,-3.0,-5.0,-42.0
1776887009.8431027,-6.0,-6.0,-43.0
1776887009.8531027,-5.0,-2.0,-40.0
1776887009.863103,-2.0,-3.0,-35.0
1776887009.873103,-6.0,-5.0,-42.0
1776887009.883103,-6.0,-2.0,-49.0
1776887009.8931026,-3.0,0.0,-46.0
1776887009.9031026,-4.0,-2.0,-48.0
1776887009.9131026,-2.0,-3.0,-45.0
1776887009.9231029,-1.0,-4.0,-41.0
1776887009.9331028,0.0,-3.0,-39.0
1776887009.9431028,0.0,-3.0,-44.0
1776887009.9531028,-1.0,1.0,-44.0
1776887009.9631028,-1.0,2.0,-39.0
1776887009.9731028,0.0,0.0,-37.0
1776887009.9831028,1.0,-2.0,-35.0
1776887009.9931028,-1.0,-3.0,-33.0
1776887010.0031028,-5.0,-3.0,-34.0
1776887010.0131028,-7.0,-4.0,-31.0
1776887010.0231028,-1.0,-4.0,-28.0
1776887010.0331028,0.0,-3.0,-32.0
1776887010.044103,1.0,-2.0,-39.0
1776887010.0531027,-2.0,0.0,-44.0
1776887010.0641026,-6.0,-2.0,-45.0
1776887010.0741026,-6.0,0.0,-41.0
1776887010.0841026,-5.0,2.0,-35.0
1776887010.0941026,-1.0,5.0,-34.0
1776887010.1041028,-1.0,2.0,-37.0
1776887010.1141028,0.0,1.0,-37.0
1776887010.1241028,-1.0,0.0,-34.0
1776887010.1341028,4.0,0.0,-37.0
1776887010.1441028,5.0,0.0,-39.0
1776887010.1541028,6.0,-3.0,-40.0
1776887010.1641028,2.0,-4.0,-40.0
1776887010.1741028,0.0,-5.0,-37.0
1776887010.1841028,0.0,-7.0,-30.0
1776887010.1941028,2.0,-10.0,-34.0
1776887010.2041028,3.0,-10.0,-37.0
1776887010.2141027,2.0,-6.0,-39.0
1776887010.2241027,2.0,-3.0,-36.0
1776887010.2341027,0.0,0.0,-40.0
1776887010.2441027,1.0,-3.0,-44.0
1776887010.2541027,1.0,-3.0,-37.0
1776887010.2641027,0.0,0.0,-35.0
1776887010.2741027,2.0,0.0,-30.0
1776887010.284103,-1.0,0.0,-28.0
1776887010.294103,3.0,0.0,-27.0
1776887010.304103,3.0,3.0,-31.0
1776887010.3141026,1.0,0.0,-31.0
1776887010.3241026,7.0,-2.0,-24.0
1776887010.3341026,2.0,-3.0,-29.0
1776887010.3441026,2.0,-1.0,-30.0
1776887010.3541028,1.0,-1.0,-39.0
1776887010.3641028,0.0,-8.0,-42.0
1776887010.3741028,3.0,-6.0,-43.0
1776887010.3841028,0.0,-3.0,-40.0
1776887010.3941028,1.0,-4.0,-40.0
1776887010.4041028,0.0,-7.0,-43.0
1776887010.4141028,0.0,-6.0,-38.0
1776887010.4241028,1.0,0.0,-38.0
1776887010.4341028,3.0,2.0,-43.0
1776887010.4441028,-1.0,1.0,-40.0
1776887010.4541028,-4.0,1.0,-29.0
1776887010.4641027,-2.0,0.0,-28.0
1776887010.4741027,-2.0,-3.0,-21.0
1776887010.4841027,0.0,-2.0,-29.0
1776887010.4941027,0.0,-6.0,-40.0
1776887010.5041027,1.0,-5.0,-37.0
1776887010.5141027,0.0,-2.0,-37.0
1776887010.5241027,3.0,-4.0,-47.0
1776887010.534103,4.0,0.0,-49.0
1776887010.544103,-2.0,0.0,-46.0
1776887010.554103,-3.0,-5.0,-45.0
1776887010.5641026,-1.0,-2.0,-45.0
1776887010.5741026,3.0,-7.0,-44.0
1776887010.5841026,0.0,-5.0,-48.0
1776887010.5941026,-1.0,-6.0,-48.0
1776887010.6041028,-3.0,-1.0,-50.0
1776887010.6141028,2.0,1.0,-47.0
1776887010.6241028,4.0,1.0,-42.0
1776887010.6341028,7.0,-1.0,-41.0
1776887010.6441028,11.0,-1.0,-38.0
1776887010.6541028,9.0,0.0,-37.0
1776887010.6641028,9.0,-1.0,-36.0
1776887010.6741028,9.0,-4.0,-31.0
1776887010.6841028,3.0,-7.0,-31.0
1776887010.6941028,3.0,-5.0,-26.0
1776887010.7041028,7.0,-4.0,-33.0
1776887010.7141027,2.0,0.0,-37.0
1776887010.7241027,4.0,-1.0,-41.0
1776887010.7341027,8.0,0.0,-47.0
1776887010.7441027,8.0,-2.0,-46.0
1776887010.7541027,4.0,-2.0,-48.0
1776887010.7641027,-3.0,-1.0,-48.0
1776887010.7741027,-3.0,-2.0,-54.0
1776887010.784103,-8.0,-4.0,-53.0
1776887010.794103,-5.0,-3.0,-53.0
1776887010.804103,-5.0,0.0,-52.0
1776887010.8141026,-7.0,-1.0,-51.0
1776887010.8241026,-5.0,2.0,-48.0
1776887010.8341026,-3.0,3.0,-47.0
1776887010.8441026,-8.0,1.0,-41.0
1776887010.8541028,-9.0,2.0,-47.0
1776887010.8641028,-4.0,0.0,-47.0
1776887010.8741028,-1.0,-1.0,-47.0
1776887010.8841028,-1.0,-4.0,-48.0
1776887010.8941028,0.0,-5.0,-43.0
1776887010.9041028,0.0,-3.0,-40.0
1776887010.9141028,0.0,-1.0,-36.0
1776887010.9241028,2.0,2.0,-29.0
1776887010.9341028,0.0,2.0,-36.0
1776887010.9441028,0.0,1.0,-39.0
1776887010.9541028,0.0,4.0,-43.0
1776887010.9641027,0.0,4.0,-46.0
1776887010.9741027,0.0,1.0,-43.0
1776887010.9841027,1.0,5.0,-44.0
1776887010.9941027,-1.0,6.0,-47.0
1776887011.0041027,0.0,6.0,-45.0
1776887011.0141027,0.0,0.0,-36.0
1776887011.0241027,-1.0,-1.0,-36.0
1776887011.034103,0.0,-3.0,-36.0
1776887011.044103,0.0,0.0,-31.0
1776887011.054103,2.0,-2.0,-28.0
1776887011.0641026,2.0,-2.0,-33.0
1776887011.0741026,0.0,-4.0,-27.0
1776887011.0841026,4.0,-2.0,-26.0
1776887011.0941026,1.0,-1.0,-26.0
1776887011.1041028,0.0,2.0,-37.0
1776887011.1141028,0.0,1.0,-38.0
1776887011.1241028,-2.0,0.0,-29.0
1776887011.1341028,-1.0,0.0,-25.0
1776887011.1441028,0.0,3.0,-35.0
1776887011.1541028,-2.0,0.0,-45.0
1776887011.1641028,-5.0,-4.0,-40.0
1776887011.1741028,-5.0,-4.0,-41.0
1776887011.1841028,-3.0,-1.0,-42.0
1776887011.1941028,-1.0,-2.0,-42.0
1776887011.2041028,-5.0,1.0,-38.0
1776887011.2141027,-2.0,-2.0,-37.0
1776887011.2241027,0.0,0.0,-34.0
1776887011.2341027,4.0,-1.0,-32.0
1776887011.2441027,8.0,-1.0,-36.0
1776887011.2541027,6.0,-1.0,-40.0
1776887011.2641027,5.0,-3.0,-43.0
1776887011.2741027,2.0,-4.0,-44.0
1776887011.284103,-2.0,-6.0,-42.0
1776887011.294103,-1.0,-5.0,-38.0
1776887011.304103,-1.0,-7.0,-41.0
1776887011.3141026,-2.0,-2.0,-37.0
1776887011.3241026,-3.0,-5.0,-36.0
1776887011.3341026,-2.0,-4.0,-33.0
1776887011.3441026,-3.0,-2.0,-34.0
1776887011.3541028,-1.0,0.0,-37.0
1776887011.3641028,-2.0,2.0,-36.0
1776887011.3741028,-7.0,0.0,-33.0
1776887011.3841028,-13.0,-3.0,-33.0
1776887011.3941028,-8.0,-5.0,-31.0
1776887011.4041028,-7.0,-5.0,-34.0
1776887011.4141028,-9.0,-2.0,-37.0
1776887011.4241028,-3.0,-1.0,-37.0
1776887011.4341028,-6.0,-3.0,-42.0
1776887011.4441028,-9.0,-3.0,-48.0
1776887011.4541028,-3.0,-2.0,-43.0
1776887011.4641027,-4.0,0.0,-43.0
1776887011.475103,-4.0,-2.0,-45.0
1776887011.4841027,-3.0,-5.0,-46.0
1776887011.4941027,1.0,-6.0,-39.0
1776887011.5041027,-1.0,-5.0,-36.0
1776887011.5141027,-5.0,-3.0,-37.0
1776887011.5241027,-6.0,1.0,-39.0
1776887011.534103,-6.0,6.0,-43.0
1776887011.544103,-2.0,6.0,-44.0
1776887011.554103,0.0,0.0,-44.0
1776887011.5641026,-1.0,-1.0,-44.0
1776887011.5741026,2.0,1.0,-44.0
1776887011.5841026,5.0,-3.0,-55.0
1776887011.5941026,4.0,-4.0,-58.0
1776887011.6041028,1.0,-5.0,-51.0
1776887011.6141028,1.0,-6.0,-45.0
1776887011.6241028,2.0,-5.0,-43.0
1776887011.6341028,3.0,-8.0,-45.0
1776887011.6441028,9.0,-5.0,-48.0
1776887011.6541028,10.0,-4.0,-49.0
1776887011.6641028,7.0,-1.0,-54.0
1776887011.6741028,4.0,2.0,-53.0
1776887011.6841028,2.0,3.0,-51.0
1776887011.6941028,1.0,0.0,-50.0
1776887011.7041028,-1.0,3.0,-50.0
1776887011.7141027,-3.0,2.0,-48.0
1776887011.7241027,3.0,3.0,-44.0
1776887011.7341027,3.0,1.0,-50.0
1776887011.7441027,5.0,1.0,-47.0
1776887011.7541027,6.0,0.0,-45.0
1776887011.7641027,5.0,0.0,-48.0
1776887011.7741027,5.0,2.0,-51.0
1776887011.784103,6.0,-1.0,-50.0
1776887011.794103,8.0,-5.0,-44.0
1776887011.804103,7.0,-3.0,-40.0
1776887011.8141026,9.0,-1.0,-36.0
1776887011.8241026,5.0,0.0,-42.0
1776887011.8341026,4.0,-1.0,-44.0
1776887011.8441026,6.0,-2.0,-41.0
1776887011.8541028,6.0,-4.0,-42.0
1776887011.8641028,3.0,-3.0,-44.0
1776887011.8741028,2.0,-5.0,-43.0
1776887011.8841028,0.0,-6.0,-38.0
1776887011.8941028,-1.0,-9.0,-37.0
1776887011.9041028,-2.0,-11.0,-34.0
1776887011.9141028,-2.0,-10.0,-32.0
1776887011.9241028,0.0,-16.0,-30.0
1776887011.9341028,2.0,-15.0,-34.0
1776887011.9441028,1.0,-9.0,-32.0
1776887011.9541028,2.0,-9.0,-32.0
1776887011.9641027,2.0,-7.0,-32.0
1776887011.9741027,5.0,-4.0,-31.0
1776887011.9841027,6.0,-7.0,-29.0
1776887011.9941027,8.0,-5.0,-31.0
1776887012.0041027,7.0,-1.0,-31.0
1776887012.0141027,8.0,4.0,-28.0
1776887012.0241027,7.0,2.0,-28.0
1776887012.034103,7.0,0.0,-33.0
1776887012.0451028,6.0,-1.0,-41.0
1776887012.0551028,5.0,-3.0,-40.0
1776887012.0651028,-2.0,-5.0,-41.0
1776887012.0751028,-5.0,0.0,-39.0
1776887012.0851028,-3.0,0.0,-36.0
1776887012.0951028,1.0,0.0,-34.0
1776887012.1051028,1.0,0.0,-35.0
1776887012.1151028,0.0,8.0,-26.0
1776887012.1251028,4.0,8.0,-22.0
1776887012.1351027,5.0,8.0,-24.0
1776887012.1451027,5.0,10.0,-28.0
1776887012.1551027,3.0,7.0,-27.0
1776887012.1651027,0.0,4.0,-28.0
1776887012.1751027,-1.0,0.0,-27.0
1776887012.1851027,-2.0,-1.0,-26.0
1776887012.1951027,0.0,2.0,-30.0
1776887012.2051027,1.0,3.0,-33.0
1776887012.215103,0.0,2.0,-41.0
1776887012.225103,-1.0,0.0,-47.0
1776887012.235103,-2.0,-1.0,-42.0
1776887012.2451026,-4.0,-2.0,-37.0
1776887012.2551026,-6.0,-2.0,-32.0
1776887012.2651026,-5.0,1.0,-29.0
1776887012.2751029,-2.0,-1.0,-37.0
1776887012.2851028,1.0,-3.0,-39.0
1776887012.2951028,3.0,-1.0,-36.0
1776887012.3051028,4.0,2.0,-37.0
1776887012.3151028,3.0,2.0,-42.0
1776887012.3251028,-3.0,-1.0,-41.0
1776887012.3351028,-3.0,-1.0,-37.0
1776887012.3451028,-5.0,0.0,-39.0
1776887012.3551028,0.0,-1.0,-41.0
1776887012.3651028,-1.0,-2.0,-38.0
1776887012.3751028,-1.0,-3.0,-37.0
1776887012.3851027,0.0,-2.0,-32.0
1776887012.3951027,-6.0,-2.0,-35.0
1776887012.4051027,-7.0,-2.0,-35.0
1776887012.4151027,-5.0,-5.0,-32.0
1776887012.4251027,-5.0,-6.0,-29.0
1776887012.4351027,-4.0,-8.0,-30.0
1776887012.4451027,-3.0,-5.0,-33.0
1776887012.4551027,-4.0,-8.0,-33.0
1776887012.465103,-6.0,-6.0,-31.0
1776887012.475103,0.0,-5.0,-24.0
1776887012.485103,0.0,-3.0,-32.0
1776887012.4951026,3.0,3.0,-38.0
1776887012.5051026,0.0,3.0,-41.0
1776887012.5151026,0.0,1.0,-31.0
1776887012.5251029,0.0,-2.0,-29.0
1776887012.5351028,0.0,0.0,-36.0
1776887012.5451028,5.0,-3.0,-42.0
1776887012.5551028,4.0,-3.0,-45.0
1776887012.5651028,5.0,-5.0,-44.0
1776887012.5751028,8.0,-2.0,-38.0
1776887012.5851028,8.0,0.0,-35.0
1776887012.5951028,4.0,0.0,-41.0
1776887012.6051028,5.0,-7.0,-35.0
1776887012.6151028,4.0,-13.0,-40.0
1776887012.6251028,1.0,-13.0,-43.0
1776887012.6351027,0.0,-11.0,-37.0
1776887012.6451027,0.0,-4.0,-26.0
1776887012.6551027,-1.0,-1.0,-25.0
1776887012.6651027,-1.0,0.0,-27.0
1776887012.6751027,-6.0,0.0,-30.0
1776887012.6851027,-2.0,-6.0,-32.0
1776887012.6951027,0.0,-8.0,-34.0
1776887012.7051027,0.0,-4.0,-38.0
1776887012.715103,-1.0,0.0,-41.0
1776887012.725103,1.0,4.0,-41.0
1776887012.735103,0.0,2.0,-41.0
1776887012.7451026,1.0,3.0,-41.0
1776887012.7551026,4.0,4.0,-41.0
1776887012.7651026,0.0,3.0,-38.0
1776887012.7751029,-2.0,1.0,-37.0
1776887012.7851028,0.0,0.0,-44.0
1776887012.7951028,3.0,6.0,-42.0
1776887012.8051028,0.0,4.0,-43.0
1776887012.8151028,-1.0,4.0,-46.0
1776887012.8251028,4.0,2.0,-41.0
1776887012.8351028,0.0,1.0,-39.0
1776887012.8451028,1.0,1.0,-37.0
1776887012.8551028,2.0,-2.0,-38.0
1776887012.8651028,2.0,0.0,-40.0
1776887012.8751028,2.0,0.0,-44.0
1776887012.8851027,11.0,0.0,-43.0
1776887012.8951027,9.0,-2.0,-36.0
1776887012.9051027,6.0,-1.0,-30.0
1776887012.9151027,4.0,-3.0,-34.0
1776887012.9251027,2.0,-1.0,-41.0
1776887012.9351027,0.0,1.0,-39.0
1776887012.9451027,0.0,4.0,-39.0
1776887012.9551027,0.0,3.0,-44.0
1776887012.965103,-1.0,2.0,-44.0
1776887012.975103,-2.0,2.0,-41.0
1776887012.985103,-5.0,1.0,-44.0
1776887012.9951026,-3.0,7.0,-41.0
1776887013.0051026,2.0,2.0,-41.0
1776887013.0151026,6.0,4.0,-38.0
1776887013.0251029,9.0,3.0,-34.0
1776887013.0351028,12.0,3.0,-38.0
1776887013.0451028,7.0,1.0,-39.0
1776887013.0551028,2.0,4.0,-39.0
1776887013.0651028,-2.0,4.0,-42.0
1776887013.0751028,0.0,1.0,-41.0
1776887013.0851028,-4.0,5.0,-36.0
1776887013.0951028,-1.0,6.0,-37.0
1776887013.1051028,0.0,4.0,-46.0
1776887013.1151028,1.0,3.0,-45.0
1776887013.1251028,2.0,0.0,-51.0
1776887013.1351027,1.0,2.0,-51.0
1776887013.1451027,0.0,2.0,-52.0
1776887013.1551027,3.0,4.0,-52.0
1776887013.1651027,6.0,2.0,-44.0
1776887013.1751027,0.0,5.0,-39.0
1776887013.1851027,-3.0,3.0,-42.0
1776887013.1951027,0.0,1.0,-46.0
1776887013.2051027,0.0,0.0,-43.0
1776887013.215103,1.0,-2.0,-39.0
1776887013.225103,4.0,-4.0,-39.0
1776887013.235103,5.0,-1.0,-45.0
1776887013.2451026,3.0,-2.0,-45.0
1776887013.2551026,4.0,0.0,-41.0
1776887013.2651026,3.0,0.0,-35.0
1776887013.2751029,8.0,-3.0,-38.0
1776887013.2851028,8.0,-4.0,-33.0
1776887013.2951028,6.0,-2.0,-32.0
1776887013.3051028,6.0,0.0,-35.0
1776887013.3151028,5.0,1.0,-40.0
1776887013.3251028,0.0,0.0,-40.0
1776887013.3351028,0.0,0.0,-41.0
1776887013.3451028,-1.0,-3.0,-36.0
1776887013.3551028,-1.0,-6.0,-39.0
1776887013.3651028,3.0,-4.0,-43.0
1776887013.3751028,5.0,-6.0,-39.0
1776887013.3851027,7.0,-8.0,-36.0
1776887013.3951027,3.0,-4.0,-31.0
1776887013.4051027,2.0,-2.0,-33.0
1776887013.4151027,0.0,0.0,-33.0
1776887013.4251027,-2.0,0.0,-34.0
1776887013.4351027,-2.0,1.0,-39.0
1776887013.4451027,-2.0,1.0,-44.0
1776887013.4551027,-4.0,2.0,-54.0
1776887013.465103,-3.0,1.0,-52.0
1776887013.475103,-6.0,-2.0,-50.0
1776887013.485103,1.0,-1.0,-40.0
1776887013.4951026,-1.0,-4.0,-40.0
1776887013.5051026,2.0,-1.0,-40.0
1776887013.5151026,1.0,-1.0,-35.0
1776887013.5251029,4.0,3.0,-32.0
1776887013.5351028,2.0,2.0,-32.0
1776887013.5451028,5.0,1.0,-37.0
1776887013.5551028,-1.0,3.0,-39.0
1776887013.5651028,2.0,3.0,-38.0
1776887013.5751028,1.0,3.0,-43.0
1776887013.5851028,0.0,4.0,-43.0
1776887013.5951028,0.0,4.0,-46.0
1776887013.6051028,0.0,0.0,-42.0
1776887013.6151028,3.0,2.0,-40.0
1776887013.6251028,0.0,0.0,-33.0
1776887013.6351027,-1.0,-5.0,-34.0
1776887013.6451027,3.0,-1.0,-30.0
1776887013.6551027,5.0,1.0,-33.0
1776887013.6651027,8.0,0.0,-33.0
1776887013.6751027,8.0,3.0,-31.0
1776887013.6851027,5.0,0.0,-29.0
1776887013.6951027,4.0,0.0,-29.0
1776887013.7051027,7.0,2.0,-30.0
1776887013.715103,1.0,0.0,-33.0
1776887013.725103,2.0,0.0,-31.0
1776887013.735103,6.0,-4.0,-35.0
1776887013.7451026,10.0,-2.0,-34.0
1776887013.7551026,8.0,0.0,-32.0
1776887013.7651026,9.0,-2.0,-23.0
1776887013.7751029,7.0,-5.0,-23.0
1776887013.7851028,4.0,-8.0,-21.0
1776887013.7951028,1.0,-7.0,-26.0
1776887013.8051028,5.0,-7.0,-30.0
1776887013.8151028,4.0,-5.0,-25.0
1776887013.8251028,4.0,-7.0,-29.0
1776887013.8351028,9.0,-3.0,-30.0
1776887013.8451028,7.0,-2.0,-37.0
1776887013.8551028,4.0,-2.0,-32.0
1776887013.8651028,3.0,0.0,-27.0
1776887013.8751028,-1.0,3.0,-25.0
1776887013.8851027,-1.0,3.0,-26.0
1776887013.8951027,0.0,4.0,-27.0
1776887013.9051027,2.0,9.0,-32.0
1776887013.9151027,0.0,3.0,-41.0
1776887013.9251027,-4.0,1.0,-40.0
1776887013.9351027,-2.0,0.0,-39.0
1776887013.9451027,-7.0,-1.0,-35.0
1776887013.9551027,-3.0,-1.0,-33.0
1776887013.965103,-3.0,0.0,-33.0
1776887013.975103,-1.0,2.0,-37.0
1776887013.985103,-4.0,0.0,-39.0
1776887013.9951026,-5.0,0.0,-32.0
1776887014.0051026,1.0,-2.0,-31.0
1776887014.0151026,3.0,-4.0,-26.0
1776887014.0251029,2.0,-4.0,-24.0
1776887014.0351028,0.0,-2.0,-30.0
1776887014.0451028,-1.0,-3.0,-32.0
1776887014.0561028,0.0,3.0,-30.0
1776887014.0651028,0.0,2.0,-31.0
1776887014.0751028,1.0,-2.0,-33.0
1776887014.0861027,2.0,-1.0,-41.0
1776887014.0961027,7.0,3.0,-42.0
1776887014.1061027,5.0,4.0,-40.0
1776887014.1161027,1.0,1.0,-34.0
1776887014.1261027,7.0,3.0,-32.0
1776887014.136103,5.0,0.0,-38.0
1776887014.146103,-2.0,0.0,-37.0
1776887014.156103,-5.0,0.0,-37.0
1776887014.1661026,-8.0,2.0,-39.0
1776887014.1761026,-6.0,-2.0,-44.0
1776887014.1861026,-5.0,-4.0,-45.0
1776887014.1961029,-3.0,-2.0,-42.0
1776887014.2061028,0.0,-1.0,-41.0
1776887014.2161028,-2.0,-1.0,-43.0
1776887014.2261028,-3.0,-1.0,-45.0
1776887014.2361028,0.0,-3.0,-43.0
1776887014.2461028,2.0,-4.0,-43.0
1776887014.2561028,2.0,-4.0,-41.0
1776887014.2661028,1.0,-5.0,-37.0
1776887014.2761028,0.0,-6.0,-34.0
1776887014.2861028,2.0,-8.0,-36.0
1776887014.2961028,4.0,-6.0,-34.0
1776887014.3061028,1.0,-1.0,-38.0
1776887014.3161027,5.0,0.0,-40.0
1776887014.3261027,4.0,-2.0,-38.0
1776887014.3361027,5.0,-6.0,-34.0
1776887014.3461027,3.0,-8.0,-32.0
1776887014.3561027,-4.0,-7.0,-33.0
1776887014.3661027,0.0,-8.0,-38.0
1776887014.3761027,0.0,-4.0,-38.0
1776887014.386103,0.0,-3.0,-39.0
1776887014.396103,-2.0,-2.0,-39.0
1776887014.406103,0.0,0.0,-38.0
1776887014.4161026,-3.0,5.0,-29.0
1776887014.4261026,-2.0,-2.0,-27.0
1776887014.4361026,1.0,-3.0,-23.0
1776887014.4461029,1.0,-7.0,-22.0
1776887014.4561028,-4.0,-6.0,-27.0
1776887014.4661028,-3.0,-5.0,-31.0
1776887014.4761028,0.0,-6.0,-34.0
1776887014.4861028,-1.0,-9.0,-36.0
1776887014.4961028,-3.0,0.0,-39.0
1776887014.5061028,0.0,-3.0,-45.0
1776887014.5161028,-2.0,-2.0,-42.0
1776887014.5261028,-5.0,-1.0,-41.0
1776887014.5361028,-7.0,-3.0,-42.0
1776887014.5461028,-7.0,-3.0,-43.0
1776887014.5561028,-8.0,-5.0,-42.0
1776887014.5661027,-8.0,-3.0,-38.0
1776887014.5761027,-5.0,-5.0,-36.0
1776887014.5861027,-1.0,-5.0,-36.0
1776887014.5961027,3.0,-2.0,-34.0
1776887014.6061027,-1.0,-1.0,-36.0
1776887014.6161027,-3.0,-5.0,-38.0
1776887014.6261027,-4.0,-5.0,-38.0
1776887014.636103,-2.0,-2.0,-36.0
1776887014.646103,-2.0,-1.0,-26.0
1776887014.656103,-2.0,-1.0,-28.0
1776887014.6661026,3.0,-4.0,-27.0
1776887014.6761026,3.0,-6.0,-33.0
1776887014.6861026,3.0,-6.0,-32.0
1776887014.6961029,0.0,-6.0,-34.0
1776887014.7061028,0.0,-6.0,-29.0
1776887014.7161028,-1.0,-2.0,-26.0
1776887014.7261028,-4.0,-4.0,-28.0
1776887014.7361028,-6.0,0.0,-31.0
1776887014.7461028,0.0,0.0,-34.0
1776887014.7561028,3.0,1.0,-37.0
1776887014.7661028,0.0,0.0,-38.0
1776887014.7761028,-2.0,-1.0,-43.0
1776887014.7861028,5.0,-3.0,-39.0
1776887014.7961028,9.0,-3.0,-38.0
1776887014.8061028,7.0,-4.0,-45.0
1776887014.8161027,5.0,-8.0,-47.0
1776887014.8261027,8.0,-5.0,-46.0
1776887014.8361027,6.0,-6.0,-40.0
1776887014.8461027,3.0,-4.0,-38.0
1776887014.8561027,7.0,-5.0,-32.0
1776887014.8661027,2.0,-3.0,-27.0
1776887014.8761027,3.0,0.0,-23.0
1776887014.886103,-1.0,-3.0,-23.0
1776887014.896103,-5.0,-4.0,-26.0
1776887014.906103,-2.0,-7.0,-23.0
1776887014.9161026,0.0,-4.0,-24.0
1776887014.9261026,-2.0,0.0,-37.0
1776887014.9361026,0.0,2.0,-41.0
1776887014.9461029,2.0,-3.0,-42.0
1776887014.9561028,2.0,0.0,-44.0
1776887014.9661028,7.0,0.0,-49.0
1776887014.9761028,6.0,2.0,-48.0
1776887014.9861028,8.0,0.0,-45.0
1776887014.9961028,8.0,-1.0,-41.0
1776887015.0061028,5.0,-2.0,-39.0
1776887015.0161028,9.0,0.0,-39.0
1776887015.0261028,9.0,0.0,-41.0
1776887015.0361028,3.0,-3.0,-36.0
1776887015.0461028,1.0,-1.0,-37.0
1776887015.0561028,-2.0,0.0,-38.0
1776887015.0661027,-9.0,-1.0,-38.0
1776887015.0761027,-8.0,0.0,-34.0
1776887015.0861027,-5.0,1.0,-35.0
1776887015.0961027,-2.0,0.0,-32.0
1776887015.1061027,-2.0,1.0,-38.0
1776887015.1161027,0.0,0.0,-40.0
1776887015.1261027,4.0,-3.0,-39.0
1776887015.136103,4.0,-4.0,-39.0
1776887015.146103,2.0,-4.0,-44.0
1776887015.156103,5.0,-6.0,-45.0
1776887015.1661026,7.0,-2.0,-49.0
1776887015.1761026,7.0,-1.0,-48.0
1776887015.1861026,11.0,-5.0,-39.0
1776887015.1961029,16.0,-3.0,-33.0
1776887015.2061028,13.0,-3.0,-34.0
1776887015.2161028,11.0,-3.0,-43.0
1776887015.2261028,4.0,-3.0,-43.0
1776887015.2361028,3.0,-2.0,-36.0
1776887015.2461028,2.0,1.0,-33.0
1776887015.2561028,0.0,3.0,-40.0
1776887015.2661028,1.0,0.0,-36.0
1776887015.2761028,-1.0,3.0,-35.0
1776887015.2861028,-9.0,7.0,-48.0
1776887015.2961028,-3.0,5.0,-47.0
1776887015.3061028,-5.0,4.0,-47.0
1776887015.3161027,-3.0,5.0,-42.0
1776887015.3261027,-3.0,3.0,-36.0
1776887015.3361027,-4.0,2.0,-35.0
1776887015.3461027,-5.0,1.0,-33.0
1776887015.3561027,-5.0,-1.0,-39.0
1776887015.3661027,-4.0,-6.0,-44.0
1776887015.3761027,-2.0,-1.0,-45.0
1776887015.386103,-1.0,1.0,-44.0
1776887015.396103,-5.0,2.0,-42.0
1776887015.406103,-5.0,3.0,-36.0
1776887015.4161026,-10.0,2.0,-41.0
1776887015.4261026,-5.0,2.0,-42.0
1776887015.4361026,-6.0,0.0,-46.0
1776887015.4461029,-5.0,1.0,-43.0
1776887015.4561028,0.0,3.0,-41.0
1776887015.4661028,-2.0,-1.0,-43.0
1776887015.4761028,-1.0,0.0,-45.0
1776887015.4861028,0.0,2.0,-47.0
1776887015.4961028,3.0,3.0,-43.0
1776887015.5061028,5.0,1.0,-39.0
1776887015.5161028,11.0,-1.0,-49.0
1776887015.5261028,10.0,-4.0,-53.0
1776887015.5361028,4.0,-9.0,-48.0
1776887015.5461028,6.0,-6.0,-42.0
1776887015.5561028,4.0,-7.0,-41.0
1776887015.5661027,2.0,-5.0,-46.0
1776887015.5761027,2.0,-6.0,-41.0
1776887015.5861027,0.0,-7.0,-44.0
1776887015.5961027,2.0,-2.0,-47.0
1776887015.6061027,3.0,-6.0,-49.0
1776887015.6161027,-2.0,-6.0,-46.0
1776887015.6261027,0.0,-4.0,-40.0
1776887015.636103,0.0,-3.0,-41.0
1776887015.646103,3.0,-5.0,-40.0
1776887015.656103,5.0,-3.0,-35.0
1776887015.6661026,3.0,-3.0,-40.0
1776887015.6761026,3.0,-5.0,-42.0
1776887015.6861026,-2.0,-7.0,-34.0
1776887015.6961029,-4.0,-9.0,-29.0
1776887015.7061028,-5.0,-9.0,-29.0
1776887015.7161028,0.0,-7.0,-33.0
1776887015.7261028,0.0,-7.0,-39.0
1776887015.7361028,-1.0,-8.0,-34.0
1776887015.7461028,1.0,-10.0,-40.0
1776887015.7561028,0.0,-10.0,-40.0
1776887015.7661028,3.0,-9.0,-42.0
1776887015.7761028,2.0,-6.0,-38.0
1776887015.7861028,-1.0,-5.0,-32.0
1776887015.7961028,-2.0,-6.0,-26.0
1776887015.8061028,-4.0,-4.0,-27.0
1776887015.8161027,-1.0,-5.0,-33.0
1776887015.8261027,0.0,-7.0,-40.0
1776887015.8361027,0.0,-5.0,-41.0
1776887015.8461027,0.0,-10.0,-41.0
1776887015.8561027,3.0,-5.0,-38.0
1776887015.8661027,0.0,-6.0,-37.0
1776887015.8761027,-3.0,-4.0,-33.0
1776887015.886103,-6.0,-3.0,-28.0
1776887015.896103,0.0,0.0,-30.0
1776887015.906103,0.0,0.0,-33.0
1776887015.9161026,2.0,-4.0,-29.0
1776887015.9261026,5.0,-6.0,-28.0
1776887015.9361026,8.0,-7.0,-27.0
1776887015.9461029,7.0,-4.0,-25.0
1776887015.9561028,6.0,-1.0,-27.0
1776887015.9661028,4.0,-1.0,-29.0
1776887015.9761028,4.0,-1.0,-30.0
1776887015.9861028,5.0,0.0,-31.0
1776887015.9961028,1.0,-2.0,-29.0
1776887016.0061028,0.0,0.0,-24.0
1776887016.0161028,-1.0,0.0,-26.0
1776887016.0261028,-1.0,1.0,-30.0
1776887016.0371027,-1.0,-2.0,-38.0
1776887016.0471027,2.0,-2.0,-46.0
1776887016.057103,3.0,-3.0,-39.0
1776887016.067103,1.0,-4.0,-45.0
1776887016.077103,3.0,-4.0,-49.0
1776887016.087103,5.0,-2.0,-47.0
1776887016.0971026,7.0,-1.0,-47.0
1776887016.1071026,6.0,-2.0,-44.0
1776887016.1171026,0.0,-3.0,-43.0
1776887016.1271029,-1.0,-3.0,-46.0
1776887016.1371028,-1.0,-2.0,-49.0
1776887016.1471028,0.0,0.0,-45.0
1776887016.1571028,0.0,0.0,-46.0
1776887016.1671028,-3.0,4.0,-46.0
1776887016.1771028,-1.0,2.0,-43.0
1776887016.1871028,2.0,4.0,-38.0
1776887016.1971028,2.0,3.0,-41.0
1776887016.2071028,0.0,0.0,-38.0
1776887016.2171028,-4.0,-3.0,-42.0
1776887016.2271028,-3.0,0.0,-43.0
1776887016.2371027,1.0,0.0,-39.0
1776887016.2471027,-1.0,2.0,-34.0
1776887016.2571027,0.0,0.0,-32.0
1776887016.2671027,0.0,0.0,-36.0
1776887016.2771027,-3.0,1.0,-39.0
1776887016.2871027,-6.0,2.0,-37.0
1776887016.2971027,0.0,1.0,-32.0
1776887016.307103,2.0,3.0,-30.0
1776887016.317103,1.0,0.0,-35.0
1776887016.327103,3.0,0.0,-34.0
1776887016.337103,1.0,-3.0,-34.0
1776887016.3471026,0.0,-3.0,-34.0
1776887016.3571026,-2.0,-3.0,-32.0
1776887016.3671026,2.0,-4.0,-34.0
1776887016.3771029,-3.0,-2.0,-33.0
1776887016.3871028,-2.0,-2.0,-35.0
1776887016.3971028,-4.0,-3.0,-34.0
1776887016.4071028,0.0,-5.0,-29.0
1776887016.4171028,-2.0,-3.0,-32.0
1776887016.4271028,-3.0,-2.0,-37.0
1776887016.4371028,-8.0,-2.0,-37.0
1776887016.4471028,-9.0,-4.0,-39.0
1776887016.4571028,-7.0,-5.0,-34.0
1776887016.4671028,-6.0,-4.0,-40.0
1776887016.4771028,-4.0,-8.0,-40.0
1776887016.4871027,-4.0,-6.0,-38.0
1776887016.4971027,-6.0,-8.0,-39.0
1776887016.5071027,0.0,-7.0,-33.0
1776887016.5171027,-1.0,-7.0,-32.0
1776887016.5271027,0.0,-8.0,-36.0
1776887016.5371027,-2.0,-7.0,-35.0
1776887016.5471027,-3.0,-5.0,-35.0
1776887016.557103,0.0,-4.0,-34.0
1776887016.567103,-1.0,-6.0,-35.0
1776887016.577103,-1.0,-3.0,-36.0
1776887016.587103,1.0,2.0,-40.0
1776887016.5971026,0.0,5.0,-42.0
1776887016.6071026,-6.0,0.0,-43.0
1776887016.6171026,-7.0,0.0,-43.0
1776887016.6271029,-2.0,-5.0,-42.0
1776887016.6371028,-2.0,-5.0,-40.0
1776887016.6471028,-3.0,-4.0,-43.0
1776887016.6571028,-7.0,-9.0,-44.0
1776887016.6671028,-3.0,-8.0,-42.0
1776887016.6771028,-5.0,-4.0,-43.0
1776887016.6871028,-7.0,-5.0,-39.0
1776887016.6971028,-7.0,-9.0,-34.0
1776887016.7071028,-6.0,-11.0,-30.0
1776887016.7171028,-3.0,-4.0,-30.0
1776887016.7271028,-4.0,-3.0,-29.0
1776887016.7371027,-4.0,-2.0,-37.0
1776887016.7471027,0.0,-4.0,-44.0
1776887016.7571027,0.0,-1.0,-44.0
1776887016.7671027,-4.0,0.0,-43.0
1776887016.7771027,-3.0,-2.0,-39.0
1776887016.7871027,-3.0,0.0,-41.0
1776887016.7971027,0.0,5.0,-45.0
1776887016.807103,-2.0,4.0,-43.0
1776887016.817103,-2.0,3.0,-39.0
1776887016.827103,-1.0,-3.0,-38.0
1776887016.837103,3.0,1.0,-38.0
1776887016.8471026,3.0,1.0,-40.0
1776887016.8571026,3.0,-2.0,-40.0
1776887016.8671026,0.0,-2.0,-40.0
1776887016.8771029,3.0,0.0,-43.0
1776887016.8871028,3.0,-2.0,-47.0
1776887016.8971028,3.0,-5.0,-52.0
1776887016.9071028,3.0,-3.0,-56.0
1776887016.9171028,2.0,0.0,-48.0
1776887016.9271028,0.0,0.0,-38.0
1776887016.9371028,4.0,1.0,-39.0
1776887016.9471028,5.0,-2.0,-37.0
1776887016.9571028,8.0,-6.0,-43.0
1776887016.9671028,11.0,-6.0,-46.0
1776887016.9771028,10.0,-7.0,-45.0
1776887016.9871027,10.0,-8.0,-45.0
1776887016.9971027,5.0,-8.0,-46.0
1776887017.0071027,2.0,-10.0,-43.0
1776887017.0171027,0.0,-7.0,-38.0
1776887017.0271027,0.0,-3.0,-32.0
1776887017.0371027,5.0,-6.0,-28.0
1776887017.0471027,5.0,-5.0,-33.0
1776887017.057103,2.0,-4.0,-33.0
1776887017.067103,-1.0,-4.0,-36.0
1776887017.077103,-3.0,-4.0,-32.0
1776887017.087103,0.0,-8.0,-36.0
1776887017.0971026,2.0,-6.0,-39.0
1776887017.1071026,0.0,-5.0,-35.0
1776887017.1171026,-3.0,-6.0,-34.0
1776887017.1271029,3.0,-2.0,-34.0
1776887017.1371028,7.0,-3.0,-34.0
1776887017.1471028,6.0,-2.0,-32.0
1776887017.1571028,2.0,1.0,-39.0
1776887017.1671028,1.0,-2.0,-44.0
1776887017.1771028,6.0,-3.0,-40.0
1776887017.1871028,6.0,-3.0,-40.0
1776887017.1971028,4.0,-1.0,-36.0
1776887017.2071028,5.0,0.0,-44.0
1776887017.2171028,2.0,-2.0,-45.0
1776887017.2271028,3.0,-1.0,-43.0
1776887017.2371027,1.0,-4.0,-44.0
1776887017.2471027,1.0,-5.0,-40.0
1776887017.2571027,0.0,-7.0,-42.0
1776887017.2671027,-4.0,-4.0,-39.0
1776887017.2771027,-1.0,-4.0,-41.0
1776887017.2871027,2.0,-4.0,-39.0
1776887017.2971027,5.0,-6.0,-37.0
1776887017.307103,6.0,-7.0,-37.0
1776887017.317103,5.0,-3.0,-41.0
1776887017.327103,5.0,-12.0,-34.0
1776887017.337103,7.0,-11.0,-31.0
1776887017.3471026,9.0,-8.0,-32.0
1776887017.3571026,7.0,-9.0,-41.0
1776887017.3671026,3.0,-8.0,-45.0
1776887017.3771029,3.0,-8.0,-42.0
1776887017.3871028,3.0,-9.0,-39.0
1776887017.3971028,0.0,-12.0,-38.0
1776887017.4071028,0.0,-8.0,-38.0
1776887017.4171028,0.0,-4.0,-42.0
1776887017.4271028,0.0,-3.0,-46.0
1776887017.4371028,1.0,-3.0,-43.0
1776887017.4471028,1.0,-3.0,-39.0
1776887017.4571028,-1.0,-3.0,-40.0
1776887017.4671028,-4.0,-4.0,-37.0
1776887017.4771028,-5.0,-5.0,-35.0
1776887017.4871027,-7.0,-5.0,-40.0
1776887017.4971027,-8.0,-5.0,-37.0
1776887017.5071027,-3.0,-1.0,-45.0
1776887017.5171027,2.0,-6.0,-40.0
1776887017.5271027,5.0,-5.0,-42.0
1776887017.5371027,5.0,0.0,-42.0
1776887017.5471027,0.0,-1.0,-35.0
1776887017.557103,0.0,-2.0,-36.0
1776887017.567103,0.0,-2.0,-40.0
1776887017.577103,1.0,-1.0,-41.0
1776887017.587103,2.0,-2.0,-46.0
1776887017.5971026,3.0,-1.0,-39.0
1776887017.6071026,5.0,-3.0,-41.0
1776887017.6171026,2.0,-6.0,-46.0
1776887017.6271029,1.0,0.0,-54.0
1776887017.6371028,-6.0,-1.0,-51.0
1776887017.6471028,-5.0,-2.0,-44.0
1776887017.6571028,-2.0,-4.0,-44.0
1776887017.6671028,-1.0,-2.0,-49.0
1776887017.6771028,0.0,0.0,-50.0
1776887017.6871028,-5.0,0.0,-45.0
1776887017.6971028,-7.0,0.0,-44.0
1776887017.7071028,-1.0,0.0,-42.0
1776887017.7171028,1.0,-1.0,-45.0
1776887017.7271028,0.0,-4.0,-46.0
1776887017.7371027,0.0,-4.0,-46.0
1776887017.7471027,-1.0,-5.0,-49.0
1776887017.7571027,-2.0,0.0,-43.0
1776887017.7671027,0.0,-4.0,-40.0
1776887017.7771027,0.0,-3.0,-42.0
1776887017.7871027,-6.0,-5.0,-44.0
1776887017.7971027,-3.0,-2.0,-40.0
1776887017.807103,-2.0,0.0,-37.0
1776887017.817103,-9.0,0.0,-34.0
1776887017.827103,-9.0,-6.0,-33.0
1776887017.837103,-7.0,-5.0,-39.0
1776887017.8471026,-1.0,-6.0,-34.0
1776887017.8571026,2.0,-4.0,-32.0
1776887017.8671026,3.0,-5.0,-42.0
1776887017.8771029,3.0,-1.0,-46.0
1776887017.8871028,4.0,-3.0,-45.0
1776887017.8971028,1.0,-3.0,-34.0
1776887017.9071028,-1.0,-1.0,-36.0
1776887017.9171028,-2.0,-2.0,-34.0
1776887017.9271028,-1.0,-4.0,-36.0
1776887017.9371028,1.0,-1.0,-37.0
1776887017.9471028,7.0,1.0,-27.0
1776887017.9571028,6.0,1.0,-26.0
1776887017.9671028,2.0,0.0,-33.0
1776887017.9771028,-2.0,-1.0,-30.0
1776887017.9871027,1.0,0.0,-32.0
1776887017.9971027,1.0,-2.0,-27.0
1776887018.0071027,0.0,-1.0,-30.0
1776887018.0171027,-1.0,-2.0,-26.0
1776887018.0281026,1.0,-1.0,-29.0
1776887018.0381026,2.0,0.0,-36.0
1776887018.0471027,0.0,3.0,-35.0
1776887018.057103,0.0,3.0,-38.0
1776887018.0681028,-2.0,1.0,-36.0
1776887018.0781028,-2.0,-1.0,-36.0
1776887018.0881028,0.0,-2.0,-35.0
1776887018.0981028,-4.0,-6.0,-40.0
1776887018.1081028,-2.0,-2.0,-41.0
1776887018.1181028,0.0,-1.0,-41.0
1776887018.1281028,2.0,-2.0,-41.0
1776887018.1381028,-5.0,-1.0,-33.0
1776887018.1481028,-4.0,2.0,-32.0
1776887018.1581028,-4.0,2.0,-29.0
1776887018.1681027,0.0,4.0,-33.0
1776887018.1781027,2.0,0.0,-29.0
1776887018.1881027,2.0,0.0,-27.0
1776887018.1981027,3.0,2.0,-26.0
1776887018.2081027,3.0,3.0,-31.0
1776887018.2181027,1.0,1.0,-34.0
1776887018.2281027,0.0,4.0,-35.0
1776887018.238103,0.0,3.0,-36.0
1776887018.248103,2.0,-1.0,-43.0
1776887018.258103,4.0,-2.0,-46.0
1776887018.2681026,5.0,-1.0,-44.0
1776887018.2781026,3.0,0.0,-41.0
1776887018.2881026,0.0,0.0,-42.0
1776887018.2981029,-1.0,-1.0,-46.0
1776887018.3081028,0.0,-5.0,-48.0
1776887018.3181028,4.0,-5.0,-48.0
1776887018.3281028,0.0,-5.0,-42.0
1776887018.3381028,-2.0,-2.0,-44.0
1776887018.3481028,-1.0,-4.0,-45.0
1776887018.3581028,-2.0,-2.0,-43.0
1776887018.3681028,-5.0,1.0,-41.0
1776887018.3781028,-6.0,0.0,-42.0
1776887018.3881028,-2.0,0.0,-41.0
1776887018.3981028,0.0,0.0,-36.0
1776887018.4081028,2.0,-5.0,-36.0
1776887018.4181027,6.0,-4.0,-39.0
1776887018.4281027,3.0,-4.0,-33.0
1776887018.4381027,3.0,-6.0,-31.0
1776887018.4481027,10.0,-3.0,-29.0
1776887018.4581027,4.0,0.0,-38.0
1776887018.4681027,1.0,-1.0,-38.0
1776887018.4781027,5.0,-1.0,-35.0
1776887018.488103,3.0,2.0,-39.0
1776887018.498103,3.0,2.0,-42.0
1776887018.508103,0.0,1.0,-41.0
1776887018.5181026,-1.0,0.0,-35.0
1776887018.5281026,-2.0,2.0,-37.0
1776887018.5381026,-9.0,1.0,-36.0
1776887018.5481029,-8.0,0.0,-34.0
1776887018.5581028,-7.0,0.0,-36.0
1776887018.5681028,-8.0,4.0,-35.0
1776887018.5781028,-5.0,4.0,-33.0
1776887018.5881028,-1.0,0.0,-38.0
1776887018.5981028,2.0,0.0,-35.0
1776887018.6081028,0.0,2.0,-38.0
1776887018.6181028,-3.0,4.0,-39.0
1776887018.6281028,-10.0,0.0,-35.0
1776887018.6381028,-10.0,-3.0,-44.0
1776887018.6481028,-3.0,-8.0,-47.0
1776887018.6581028,-3.0,-11.0,-46.0
1776887018.6681027,-6.0,-11.0,-41.0
1776887018.6781027,-6.0,-5.0,-39.0
1776887018.6881027,-10.0,-6.0,-44.0
1776887018.6981027,-9.0,-4.0,-43.0
1776887018.7081027,-7.0,-6.0,-41.0
1776887018.7181027,-4.0,-6.0,-40.0
1776887018.7281027,-4.0,-2.0,-38.0
1776887018.738103,-1.0,-5.0,-37.0
1776887018.748103,-3.0,-4.0,-37.0
1776887018.758103,-1.0,-1.0,-32.0
1776887018.7681026,-3.0,0.0,-34.0
1776887018.7781026,0.0,1.0,-38.0
1776887018.7881026,3.0,1.0,-36.0
1776887018.7981029,3.0,-2.0,-42.0
1776887018.8081028,1.0,-4.0,-36.0
1776887018.8181028,2.0,-1.0,-28.0
1776887018.8281028,0.0,-1.0,-25.0
1776887018.8381028,0.0,-1.0,-31.0
1776887018.8481028,0.0,2.0,-27.0
1776887018.8581028,2.0,0.0,-19.0
1776887018.8681028,3.0,0.0,-24.0
1776887018.8781028,5.0,1.0,-25.0
1776887018.8881028,5.0,0.0,-27.0
1776887018.8981028,7.0,3.0,-27.0
1776887018.9081028,8.0,0.0,-31.0
1776887018.9181027,3.0,3.0,-34.0
1776887018.9281027,3.0,6.0,-35.0
1776887018.9381027,2.0,8.0,-37.0
1776887018.9481027,4.0,3.0,-42.0
1776887018.9581027,4.0,0.0,-41.0
1776887018.9681027,5.0,-2.0,-41.0
1776887018.9781027,3.0,0.0,-32.0
1776887018.988103,4.0,2.0,-31.0
1776887018.998103,3.0,0.0,-37.0
1776887019.008103,-1.0,0.0,-40.0
1776887019.0181026,-4.0,0.0,-39.0
1776887019.0281026,-4.0,0.0,-40.0
1776887019.0381026,0.0,-2.0,-42.0
1776887019.0481029,-2.0,-1.0,-43.0
1776887019.0581028,0.0,-2.0,-46.0
1776887019.0681028,2.0,-5.0,-47.0
1776887019.0781028,1.0,-6.0,-49.0
1776887019.0881028,6.0,-5.0,-49.0
1776887019.0981028,4.0,-6.0,-47.0
1776887019.1081028,0.0,-3.0,-44.0
1776887019.1181028,-2.0,-5.0,-41.0
1776887019.1281028,-6.0,-5.0,-38.0
1776887019.1381028,-3.0,-6.0,-35.0
1776887019.1481028,-1.0,-4.0,-33.0
1776887019.1581028,3.0,-5.0,-29.0
1776887019.1681027,4.0,-5.0,-31.0
1776887019.1781027,5.0,-5.0,-31.0
1776887019.1881027,0.0,-4.0,-32.0
1776887019.1981027,-3.0,-2.0,-27.0
1776887019.2081027,-1.0,0.0,-27.0
1776887019.2181027,-2.0,0.0,-26.0
1776887019.2281027,-1.0,1.0,-27.0
1776887019.238103,-3.0,-1.0,-26.0
1776887019.248103,-6.0,0.0,-38.0
1776887019.258103,0.0,-2.0,-39.0
1776887019.2681026,-1.0,0.0,-38.0
1776887019.2781026,-2.0,0.0,-42.0
1776887019.2881026,-1.0,0.0,-37.0
1776887019.2981029,2.0,2.0,-29.0
1776887019.3081028,-1.0,0.0,-34.0
1776887019.3181028,0.0,1.0,-35.0
1776887019.3281028,0.0,0.0,-37.0
1776887019.3381028,-1.0,0.0,-45.0
1776887019.3481028,0.0,-1.0,-33.0
1776887019.3581028,1.0,-1.0,-34.0
1776887019.3681028,0.0,0.0,-33.0
1776887019.3781028,0.0,-2.0,-37.0
1776887019.3881028,5.0,-5.0,-37.0
1776887019.3981028,7.0,-3.0,-35.0
1776887019.4081028,5.0,-2.0,-29.0
1776887019.4181027,0.0,-2.0,-30.0
1776887019.4281027,-1.0,-1.0,-37.0
1776887019.4381027,0.0,-4.0,-37.0
1776887019.4481027,-1.0,-5.0,-39.0
1776887019.4581027,5.0,-2.0,-41.0
1776887019.4681027,4.0,-2.0,-39.0
1776887019.4781027,1.0,-2.0,-42.0
1776887019.488103,1.0,-5.0,-34.0
1776887019.498103,-1.0,-4.0,-37.0
1776887019.508103,2.0,-5.0,-39.0
1776887019.5181026,1.0,-4.0,-41.0
1776887019.5281026,-3.0,-3.0,-40.0
1776887019.5381026,-3.0,-1.0,-45.0
1776887019.5481029,-3.0,-2.0,-42.0
1776887019.5581028,0.0,-6.0,-40.0
1776887019.5681028,3.0,-3.0,-44.0
1776887019.5781028,1.0,-1.0,-40.0
1776887019.5881028,2.0,-1.0,-39.0
1776887019.5981028,5.0,0.0,-37.0
1776887019.6081028,1.0,0.0,-37.0
1776887019.6181028,2.0,-2.0,-38.0
1776887019.6281028,5.0,0.0,-39.0
1776887019.6381028,3.0,1.0,-47.0
1776887019.6481028,1.0,1.0,-47.0
1776887019.6581028,5.0,0.0,-45.0
1776887019.6681027,3.0,0.0,-44.0
1776887019.6781027,0.0,-3.0,-45.0
1776887019.6881027,-4.0,-3.0,-39.0
1776887019.6981027,-4.0,-6.0,-40.0
1776887019.7081027,-1.0,-7.0,-37.0
1776887019.7181027,3.0,-8.0,-38.0
1776887019.7281027,0.0,-6.0,-47.0
1776887019.738103,-2.0,-6.0,-48.0
1776887019.748103,-2.0,-6.0,-45.0
1776887019.758103,-2.0,-4.0,-43.0
1776887019.7681026,-6.0,-6.0,-45.0
1776887019.7781026,-3.0,-7.0,-45.0
1776887019.7881026,4.0,-4.0,-50.0
1776887019.7981029,2.0,-3.0,-52.0
1776887019.8081028,0.0,-2.0,-50.0
1776887019.8181028,6.0,-2.0,-49.0
1776887019.8281028,8.0,0.0,-46.0
1776887019.8381028,8.0,1.0,-41.0
1776887019.8481028,7.0,0.0,-43.0
1776887019.8581028,10.0,0.0,-43.0
1776887019.8681028,13.0,0.0,-38.0
1776887019.8781028,10.0,-1.0,-39.0
1776887019.8881028,13.0,-1.0,-40.0
1776887019.8981028,13.0,-1.0,-35.0
1776887019.9081028,10.0,-1.0,-39.0
1776887019.9181027,12.0,-5.0,-42.0
1776887019.9281027,11.0,-4.0,-43.0
1776887019.9381027,7.0,-7.0,-46.0
1776887019.9481027,6.0,-3.0,-42.0
1776887019.9581027,4.0,-3.0,-38.0
1776887019.9681027,-1.0,-3.0,-42.0
1776887019.9781027,0.0,-4.0,-46.0
1776887019.988103,-2.0,-4.0,-40.0
1776887019.998103,-5.0,-4.0,-41.0
1776887020.008103,-3.0,-3.0,-42.0
1776887020.0191028,-6.0,-2.0,-43.0
1776887020.0281026,-7.0,-2.0,-36.0
1776887020.0391028,-1.0,-1.0,-37.0
1776887020.0491028,-4.0,1.0,-41.0
1776887020.0591028,-7.0,5.0,-48.0
1776887020.0691028,-5.0,4.0,-41.0
1776887020.0791028,-4.0,4.0,-43.0
1776887020.0891027,-5.0,6.0,-51.0
1776887020.0991027,0.0,3.0,-50.0
1776887020.1091027,1.0,1.0,-49.0
1776887020.1191027,1.0,1.0,-44.0
1776887020.1291027,4.0,-1.0,-45.0
1776887020.1391027,4.0,0.0,-42.0
1776887020.1491027,5.0,0.0,-46.0
1776887020.159103,5.0,2.0,-42.0
1776887020.169103,5.0,-6.0,-40.0
1776887020.179103,4.0,-10.0,-35.0
1776887020.1891026,-1.0,-8.0,-38.0
1776887020.1991026,-5.0,-5.0,-42.0
1776887020.2091026,-3.0,-3.0,-44.0
1776887020.2191026,0.0,-1.0,-42.0
1776887020.2291028,0.0,-4.0,-43.0
1776887020.2391028,3.0,-6.0,-40.0
1776887020.2491028,0.0,-4.0,-44.0
1776887020.2591028,2.0,-5.0,-42.0
1776887020.2691028,2.0,-3.0,-36.0
1776887020.2791028,2.0,0.0,-34.0
1776887020.2891028,-1.0,-4.0,-36.0
1776887020.2991028,1.0,-1.0,-39.0
1776887020.3091028,-2.0,1.0,-41.0
1776887020.3191028,-2.0,2.0,-42.0
1776887020.3291028,-5.0,5.0,-42.0
1776887020.3391027,-4.0,1.0,-43.0
1776887020.3491027,-2.0,3.0,-47.0
1776887020.3591027,4.0,1.0,-42.0
1776887020.3691027,1.0,-1.0,-43.0
1776887020.3791027,1.0,-1.0,-46.0
1776887020.3891027,2.0,0.0,-42.0
1776887020.3991027,-3.0,-1.0,-47.0
1776887020.409103,-6.0,-5.0,-39.0
1776887020.419103,-9.0,-4.0,-39.0
1776887020.429103,-12.0,0.0,-44.0
1776887020.4391026,-9.0,-1.0,-38.0
1776887020.4491026,-6.0,0.0,-36.0
1776887020.4591026,-5.0,0.0,-35.0
1776887020.4691026,-8.0,1.0,-39.0
1776887020.4791028,-8.0,1.0,-43.0
1776887020.4891028,-4.0,2.0,-48.0
1776887020.4991028,-1.0,0.0,-48.0
1776887020.5091028,-2.0,0.0,-45.0
1776887020.5191028,0.0,-2.0,-40.0
1776887020.5291028,4.0,-4.0,-37.0
1776887020.5391028,0.0,-10.0,-33.0
1776887020.5491028,0.0,-10.0,-42.0
1776887020.5591028,0.0,-7.0,-37.0
1776887020.5691028,4.0,-5.0,-42.0
1776887020.5791028,8.0,-5.0,-35.0
1776887020.5891027,8.0,-8.0,-43.0
1776887020.5991027,3.0,-7.0,-43.0
1776887020.6091027,1.0,-8.0,-45.0
1776887020.6191027,-1.0,-5.0,-45.0
1776887020.6291027,-3.0,-6.0,-45.0
1776887020.6391027,0.0,-3.0,-40.0
1776887020.6491027,1.0,-2.0,-36.0
1776887020.659103,0.0,-1.0,-29.0
1776887020.669103,-2.0,0.0,-29.0
1776887020.679103,-6.0,1.0,-33.0
1776887020.6891026,-2.0,2.0,-30.0
1776887020.6991026,0.0,-2.0,-32.0
1776887020.7091026,-2.0,0.0,-33.0
1776887020.7191026,-2.0,-1.0,-38.0
1776887020.7291028,-3.0,-4.0,-35.0
1776887020.7391028,-3.0,-4.0,-38.0
1776887020.7491028,-1.0,-5.0,-45.0
1776887020.7591028,0.0,2.0,-43.0
1776887020.7691028,0.0,0.0,-49.0
1776887020.7791028,-1.0,-3.0,-40.0
1776887020.7891028,-3.0,-3.0,-41.0
1776887020.7991028,-4.0,0.0,-41.0
1776887020.8091028,0.0,-1.0,-45.0
1776887020.8191028,0.0,0.0,-45.0
1776887020.8291028,0.0,-4.0,-44.0
1776887020.8391027,1.0,-5.0,-43.0
1776887020.8491027,1.0,0.0,-40.0
1776887020.8591027,0.0,-3.0,-37.0
1776887020.8691027,0.0,-1.0,-36.0
1776887020.8791027,-3.0,-4.0,-30.0
1776887020.8891027,-8.0,-5.0,-30.0
1776887020.8991027,-6.0,-3.0,-29.0
1776887020.909103,-1.0,-2.0,-34.0
1776887020.919103,1.0,-2.0,-39.0
1776887020.929103,3.0,-2.0,-40.0
1776887020.9391026,0.0,0.0,-38.0
1776887020.9491026,-8.0,0.0,-37.0
1776887020.9591026,-8.0,-1.0,-40.0
1776887020.9691026,-1.0,-1.0,-39.0
1776887020.9791028,0.0,0.0,-46.0
1776887020.9891028,1.0,-6.0,-46.0
1776887020.9991028,2.0,-3.0,-44.0
1776887021.0091028,1.0,-1.0,-40.0
1776887021.0191028,3.0,-3.0,-41.0
1776887021.0291028,6.0,-2.0,-48.0
1776887021.0391028,2.0,-5.0,-54.0
1776887021.0491028,3.0,-3.0,-53.0
1776887021.0591028,2.0,0.0,-53.0
1776887021.0691028,3.0,-5.0,-56.0
1776887021.0791028,5.0,-10.0,-48.0
1776887021.0891027,2.0,-8.0,-45.0
1776887021.0991027,-2.0,-5.0,-33.0
1776887021.1091027,-4.0,-5.0,-37.0
1776887021.1191027,-1.0,-5.0,-45.0
1776887021.1291027,0.0,-6.0,-42.0
1776887021.1391027,2.0,-2.0,-37.0
1776887021.1491027,1.0,1.0,-34.0
1776887021.159103,6.0,-1.0,-38.0
1776887021.169103,5.0,-2.0,-35.0
1776887021.179103,4.0,-6.0,-41.0
1776887021.1891026,0.0,-5.0,-35.0
1776887021.1991026,0.0,-5.0,-34.0
1776887021.2091026,5.0,-3.0,-32.0
1776887021.2191026,2.0,-5.0,-37.0
1776887021.2291028,4.0,-3.0,-40.0
1776887021.2391028,4.0,-1.0,-43.0
1776887021.2491028,8.0,0.0,-42.0
1776887021.2591028,7.0,2.0,-40.0
1776887021.2691028,10.0,-3.0,-48.0
1776887021.2791028,6.0,0.0,-42.0
1776887021.2891028,0.0,0.0,-46.0
1776887021.2991028,-1.0,-3.0,-49.0
1776887021.3091028,-6.0,-3.0,-46.0
1776887021.3191028,-4.0,-2.0,-41.0
1776887021.3291028,0.0,0.0,-43.0
1776887021.3391027,2.0,-1.0,-45.0
1776887021.3491027,5.0,-2.0,-44.0
1776887021.3591027,2.0,-3.0,-41.0
1776887021.3691027,1.0,-7.0,-35.0
1776887021.3791027,0.0,-7.0,-35.0
1776887021.3891027,-2.0,-11.0,-33.0
1776887021.3991027,-3.0,-5.0,-38.0
1776887021.409103,1.0,-4.0,-38.0
1776887021.419103,2.0,-3.0,-41.0
1776887021.429103,1.0,0.0,-45.0
1776887021.4391026,1.0,1.0,-45.0
1776887021.4491026,0.0,-1.0,-45.0
1776887021.4591026,3.0,-6.0,-43.0
1776887021.4691026,5.0,-5.0,-42.0
1776887021.4791028,3.0,-7.0,-44.0
1776887021.4891028,3.0,-3.0,-41.0
1776887021.4991028,4.0,-1.0,-37.0
1776887021.5091028,1.0,-2.0,-37.0
1776887021.5191028,2.0,-3.0,-41.0
1776887021.5291028,0.0,-4.0,-35.0
1776887021.5391028,-1.0,-5.0,-34.0
1776887021.5491028,2.0,-3.0,-29.0
1776887021.5591028,3.0,-1.0,-38.0
1776887021.5691028,2.0,-2.0,-36.0
1776887021.5791028,-1.0,-6.0,-40.0
1776887021.5891027,-2.0,-4.0,-38.0
1776887021.5991027,0.0,-3.0,-38.0
1776887021.6091027,0.0,-3.0,-40.0
1776887021.6191027,1.0,1.0,-42.0
1776887021.6291027,6.0,4.0,-37.0
1776887021.6391027,10.0,7.0,-37.0
1776887021.6491027,9.0,6.0,-33.0
1776887021.659103,7.0,3.0,-32.0
1776887021.669103,4.0,0.0,-30.0
1776887021.679103,5.0,-6.0,-34.0
1776887021.6891026,2.0,-3.0,-35.0
1776887021.6991026,-1.0,-2.0,-36.0
1776887021.7091026,-3.0,-5.0,-31.0
1776887021.7191026,-4.0,-6.0,-25.0
1776887021.7291028,-3.0,-1.0,-29.0
1776887021.7391028,1.0,0.0,-35.0
1776887021.7491028,0.0,3.0,-47.0
1776887021.7591028,-4.0,0.0,-45.0
1776887021.7691028,-8.0,-1.0,-40.0
1776887021.7791028,-4.0,1.0,-39.0
1776887021.7891028,-3.0,-3.0,-27.0
1776887021.7991028,4.0,1.0,-31.0
1776887021.8091028,7.0,2.0,-32.0
1776887021.8191028,5.0,0.0,-29.0
1776887021.8291028,5.0,2.0,-30.0
1776887021.8391027,3.0,1.0,-34.0
1776887021.8491027,8.0,2.0,-33.0
1776887021.8591027,8.0,-3.0,-30.0
1776887021.8691027,5.0,-6.0,-30.0
1776887021.8791027,0.0,-9.0,-29.0
1776887021.8891027,-1.0,-8.0,-32.0
1776887021.8991027,2.0,-2.0,-28.0
1776887021.909103,-1.0,-1.0,-30.0
1776887021.919103,-2.0,2.0,-35.0
1776887021.929103,0.0,3.0,-34.0
1776887021.9391026,3.0,0.0,-33.0
1776887021.9491026,1.0,0.0,-32.0
1776887021.9591026,2.0,3.0,-36.0
1776887021.9691026,-3.0,2.0,-33.0
1776887021.9791028,0.0,0.0,-32.0
1776887021.9891028,1.0,-3.0,-37.0
1776887021.9991028,-1.0,-7.0,-40.0
1776887022.0091028,-3.0,-7.0,-42.0
1776887022.0191028,0.0,-7.0,-42.0
1776887022.0291028,-1.0,-5.0,-41.0
1776887022.0401027,-1.0,-3.0,-34.0
1776887022.0491028,-3.0,-7.0,-37.0
1776887022.0591028,0.0,-4.0,-39.0
1776887022.0701027,6.0,-2.0,-37.0
1776887022.0801027,9.0,-8.0,-35.0
1776887022.090103,9.0,-8.0,-36.0
1776887022.100103,6.0,-7.0,-35.0
1776887022.110103,4.0,-1.0,-37.0
1776887022.1201026,5.0,1.0,-45.0
1776887022.1301026,0.0,5.0,-47.0
1776887022.1401026,-2.0,5.0,-48.0
1776887022.1501029,-6.0,9.0,-50.0
1776887022.1601028,-7.0,6.0,-45.0
1776887022.1701028,-5.0,4.0,-45.0
1776887022.1801028,-4.0,7.0,-45.0
1776887022.1901028,-2.0,5.0,-43.0
1776887022.2001028,0.0,5.0,-37.0
1776887022.2101028,3.0,6.0,-34.0
1776887022.2201028,3.0,1.0,-37.0
1776887022.2301028,4.0,4.0,-38.0
1776887022.2401028,6.0,4.0,-40.0
1776887022.2501028,5.0,2.0,-42.0
1776887022.2601027,8.0,0.0,-42.0
1776887022.2701027,6.0,0.0,-39.0
1776887022.2801027,6.0,-1.0,-41.0
1776887022.2901027,10.0,-2.0,-39.0
1776887022.3001027,9.0,-3.0,-41.0
1776887022.3101027,14.0,-4.0,-37.0
1776887022.3201027,11.0,-3.0,-35.0
1776887022.3301027,12.0,-2.0,-32.0
1776887022.340103,9.0,1.0,-28.0
1776887022.350103,8.0,2.0,-31.0
1776887022.360103,9.0,0.0,-32.0
1776887022.3701026,1.0,0.0,-33.0
1776887022.3801026,1.0,0.0,-35.0
1776887022.3901026,-3.0,2.0,-39.0
1776887022.4001029,-1.0,5.0,-33.0
1776887022.4101028,0.0,5.0,-35.0
1776887022.4201028,0.0,4.0,-41.0
1776887022.4301028,0.0,3.0,-46.0
1776887022.4401028,-2.0,8.0,-41.0
1776887022.4501028,-5.0,9.0,-43.0
1776887022.4601028,-7.0,9.0,-44.0
1776887022.4701028,-9.0,3.0,-46.0
1776887022.4801028,-4.0,1.0,-47.0
1776887022.4901028,-1.0,1.0,-47.0
1776887022.5001028,0.0,0.0,-42.0
1776887022.5101027,2.0,3.0,-44.0
1776887022.5201027,0.0,5.0,-41.0
1776887022.5301027,0.0,4.0,-45.0
1776887022.5401027,1.0,0.0,-44.0
1776887022.5501027,-3.0,-3.0,-42.0
1776887022.5601027,-6.0,0.0,-40.0
1776887022.5701027,-2.0,3.0,-31.0
1776887022.5801027,-2.0,1.0,-27.0
1776887022.590103,-1.0,3.0,-33.0
1776887022.600103,-2.0,5.0,-36.0
1776887022.610103,-3.0,3.0,-35.0
1776887022.6201026,0.0,0.0,-29.0
1776887022.6301026,3.0,0.0,-23.0
1776887022.6401026,2.0,0.0,-29.0
1776887022.6501029,3.0,0.0,-33.0
1776887022.6601028,5.0,-1.0,-32.0
1776887022.6701028,0.0,0.0,-33.0
1776887022.6801028,2.0,-1.0,-32.0
1776887022.6901028,6.0,-7.0,-25.0
1776887022.7001028,6.0,-5.0,-31.0
1776887022.7101028,4.0,-6.0,-37.0
1776887022.7201028,4.0,-4.0,-37.0
1776887022.7301028,6.0,-2.0,-42.0
1776887022.7401028,7.0,-1.0,-51.0
1776887022.7501028,9.0,-3.0,-46.0
1776887022.7601027,8.0,0.0,-41.0
1776887022.7701027,5.0,0.0,-42.0
1776887022.7801027,4.0,2.0,-36.0
1776887022.7901027,2.0,5.0,-30.0
1776887022.8001027,-1.0,3.0,-32.0
1776887022.8101027,0.0,3.0,-32.0
1776887022.8201027,-5.0,0.0,-39.0
1776887022.8301027,-3.0,0.0,-42.0
1776887022.840103,0.0,1.0,-37.0
1776887022.850103,1.0,3.0,-29.0
1776887022.860103,-4.0,-1.0,-31.0
1776887022.8701026,0.0,-4.0,-38.0
1776887022.8801026,0.0,-3.0,-36.0
1776887022.8901026,1.0,-4.0,-38.0
1776887022.9001029,4.0,0.0,-37.0
1776887022.9101028,2.0,1.0,-36.0
1776887022.9201028,2.0,-1.0,-35.0
1776887022.9301028,3.0,0.0,-44.0
1776887022.9401028,6.0,-3.0,-55.0
1776887022.9501028,4.0,-3.0,-55.0
1776887022.9601028,6.0,-5.0,-48.0
1776887022.9701028,9.0,-4.0,-42.0
1776887022.9801028,9.0,0.0,-41.0
1776887022.9901028,6.0,1.0,-43.0
1776887023.0001028,1.0,-4.0,-41.0
1776887023.0101027,-1.0,-5.0,-47.0
1776887023.0201027,-1.0,-3.0,-42.0
1776887023.0301027,-3.0,-6.0,-33.0
1776887023.0401027,-3.0,-8.0,-34.0
1776887023.0501027,-3.0,-5.0,-38.0
1776887023.0601027,-6.0,-3.0,-41.0
1776887023.0701027,-4.0,0.0,-44.0
1776887023.0801027,-7.0,0.0,-50.0
1776887023.090103,-8.0,-2.0,-50.0
1776887023.100103,-9.0,0.0,-51.0
1776887023.110103,0.0,-1.0,-45.0
1776887023.1201026,0.0,-3.0,-43.0
1776887023.1301026,-1.0,-1.0,-40.0
1776887023.1401026,-3.0,-2.0,-41.0
1776887023.1501029,-2.0,-1.0,-36.0
1776887023.1601028,0.0,-7.0,-37.0
1776887023.1701028,0.0,-5.0,-38.0
1776887023.1801028,1.0,-3.0,-41.0
1776887023.1901028,4.0,-3.0,-44.0
1776887023.2001028,1.0,-1.0,-48.0
1776887023.2101028,2.0,-7.0,-43.0
1776887023.2201028,1.0,-11.0,-43.0
1776887023.2301028,-1.0,-10.0,-48.0
1776887023.2401028,-2.0,-8.0,-42.0
1776887023.2501028,-1.0,-6.0,-34.0
1776887023.2601027,0.0,-4.0,-31.0
1776887023.2701027,-3.0,-1.0,-39.0
1776887023.2801027,-1.0,-4.0,-42.0
1776887023.2901027,-2.0,-2.0,-40.0
1776887023.3001027,-2.0,-1.0,-47.0
1776887023.3101027,0.0,0.0,-46.0
1776887023.3201027,-3.0,1.0,-44.0
1776887023.3301027,-4.0,0.0,-43.0
1776887023.340103,0.0,2.0,-48.0
1776887023.350103,3.0,-1.0,-48.0
1776887023.360103,-1.0,-1.0,-48.0
1776887023.3701026,-5.0,-5.0,-44.0
1776887023.3801026,-3.0,-1.0,-43.0
1776887023.3901026,1.0,-1.0,-40.0
1776887023.4001029,4.0,2.0,-38.0
1776887023.4101028,6.0,3.0,-38.0
1776887023.4201028,5.0,3.0,-38.0
1776887023.4301028,8.0,3.0,-38.0
1776887023.4401028,5.0,4.0,-35.0
1776887023.4501028,5.0,4.0,-36.0
1776887023.4601028,2.0,5.0,-36.0
1776887023.4701028,1.0,3.0,-36.0
1776887023.4801028,2.0,6.0,-30.0
1776887023.4901028,1.0,6.0,-37.0
1776887023.5001028,0.0,4.0,-39.0
1776887023.5101027,0.0,2.0,-37.0
1776887023.5201027,0.0,0.0,-33.0
1776887023.5301027,2.0,3.0,-29.0
1776887023.5401027,4.0,1.0,-31.0
1776887023.5501027,5.0,0.0,-37.0
1776887023.5601027,4.0,0.0,-38.0
1776887023.5701027,5.0,1.0,-40.0
1776887023.5801027,4.0,0.0,-35.0
1776887023.590103,6.0,0.0,-37.0
1776887023.600103,5.0,0.0,-30.0
1776887023.610103,6.0,-2.0,-29.0
1776887023.6201026,4.0,-4.0,-28.0
1776887023.6301026,6.0,-2.0,-29.0
1776887023.6401026,8.0,-5.0,-29.0
1776887023.6501029,9.0,-5.0,-28.0
1776887023.6601028,5.0,-8.0,-34.0
1776887023.6701028,6.0,-6.0,-34.0
1776887023.6801028,2.0,-9.0,-35.0
1776887023.6901028,0.0,-4.0,-28.0
1776887023.7001028,-1.0,-9.0,-32.0
1776887023.7101028,-1.0,-11.0,-32.0
1776887023.7201028,0.0,-4.0,-31.0
1776887023.7301028,5.0,-1.0,-26.0
1776887023.7401028,1.0,0.0,-29.0
1776887023.7501028,0.0,0.0,-27.0
1776887023.7601027,-1.0,-4.0,-25.0
1776887023.7701027,-3.0,-6.0,-27.0
1776887023.7801027,0.0,-3.0,-28.0
1776887023.7901027,-1.0,-4.0,-29.0
1776887023.8001027,-7.0,-2.0,-33.0
1776887023.8101027,-1.0,0.0,-30.0
1776887023.8201027,0.0,3.0,-29.0
1776887023.8301027,0.0,6.0,-29.0
1776887023.840103,-3.0,5.0,-31.0
1776887023.850103,-1.0,3.0,-36.0
1776887023.860103,-2.0,5.0,-37.0
1776887023.8701026,-3.0,1.0,-41.0
1776887023.8801026,0.0,5.0,-34.0
1776887023.8901026,-2.0,0.0,-32.0
1776887023.9001029,0.0,-5.0,-34.0
1776887023.9101028,2.0,-4.0,-35.0
1776887023.9201028,4.0,-3.0,-33.0
1776887023.9301028,3.0,-4.0,-33.0
1776887023.9401028,-3.0,-4.0,-31.0
1776887023.9501028,-6.0,-2.0,-29.0
1776887023.9601028,-10.0,0.0,-36.0
1776887023.9701028,-9.0,0.0,-42.0
1776887023.9801028,0.0,0.0,-46.0
1776887023.9901028,-4.0,0.0,-44.0
1776887024.0001028,-2.0,0.0,-41.0
1776887024.011103,3.0,0.0,-38.0
1776887024.0201027,7.0,-1.0,-33.0
1776887024.0301027,5.0,-1.0,-34.0
1776887024.0401027,5.0,-2.0,-42.0
1776887024.0501027,2.0,-1.0,-47.0
1776887024.0611026,0.0,-2.0,-43.0
1776887024.0711029,1.0,0.0,-44.0
1776887024.0811028,1.0,0.0,-44.0
1776887024.0911028,6.0,-2.0,-41.0
1776887024.1011028,6.0,-2.0,-38.0
1776887024.1111028,1.0,-3.0,-36.0
1776887024.1211028,1.0,-3.0,-32.0
1776887024.1311028,4.0,-4.0,-35.0
1776887024.1411028,4.0,-4.0,-36.0
1776887024.1511028,0.0,-4.0,-38.0
1776887024.1611028,0.0,-1.0,-38.0
1776887024.1711028,-1.0,0.0,-37.0
1776887024.1811028,-2.0,-2.0,-31.0
1776887024.1911027,-1.0,-1.0,-25.0
1776887024.2011027,0.0,-2.0,-16.0
1776887024.2111027,0.0,0.0,-20.0
1776887024.2211027,1.0,0.0,-22.0
1776887024.2311027,0.0,-1.0,-21.0
1776887024.2411027,0.0,-2.0,-25.0
1776887024.2511027,0.0,-3.0,-33.0
1776887024.261103,-1.0,-2.0,-33.0
1776887024.271103,-4.0,0.0,-37.0
1776887024.281103,3.0,2.0,-35.0
1776887024.2911026,4.0,3.0,-36.0
1776887024.3011026,5.0,4.0,-34.0
1776887024.3111026,7.0,4.0,-39.0
1776887024.3211029,7.0,1.0,-40.0
1776887024.3311028,3.0,-1.0,-38.0
1776887024.3411028,1.0,1.0,-38.0
1776887024.3511028,5.0,0.0,-40.0
1776887024.3611028,5.0,0.0,-38.0
1776887024.3711028,1.0,-7.0,-34.0
1776887024.3811028,-4.0,-8.0,-34.0
1776887024.3911028,0.0,-7.0,-33.0
1776887024.4011028,-1.0,-3.0,-33.0
1776887024.4111028,0.0,-4.0,-31.0
1776887024.4211028,0.0,-6.0,-38.0
1776887024.4311028,0.0,-2.0,-41.0
1776887024.4411027,-5.0,-2.0,-40.0
1776887024.4511027,-7.0,-2.0,-32.0
1776887024.4611027,-6.0,-1.0,-32.0
1776887024.4711027,-3.0,0.0,-28.0
1776887024.4811027,1.0,2.0,-38.0
1776887024.4911027,-2.0,0.0,-40.0
1776887024.5011027,-1.0,-1.0,-43.0
1776887024.511103,0.0,0.0,-44.0
1776887024.521103,0.0,0.0,-42.0
1776887024.531103,-2.0,-2.0,-40.0
1776887024.5411026,0.0,-6.0,-37.0
1776887024.5511026,-2.0,-4.0,-39.0
1776887024.5611026,-2.0,-3.0,-38.0
1776887024.5711029,-2.0,-1.0,-40.0
1776887024.5811028,2.0,-4.0,-45.0
1776887024.5911028,0.0,-1.0,-40.0
1776887024.6011028,-1.0,0.0,-37.0
1776887024.6111028,-2.0,0.0,-38.0
1776887024.6211028,0.0,4.0,-31.0
1776887024.6311028,2.0,3.0,-33.0
1776887024.6411028,0.0,5.0,-32.0
1776887024.6511028,-1.0,3.0,-36.0
1776887024.6611028,-4.0,2.0,-38.0
1776887024.6711028,-8.0,2.0,-38.0
1776887024.6811028,-3.0,1.0,-37.0
1776887024.6911027,-4.0,1.0,-33.0
1776887024.7011027,0.0,2.0,-30.0
1776887024.7111027,4.0,0.0,-38.0
1776887024.7211027,1.0,2.0,-42.0
1776887024.7311027,0.0,1.0,-36.0
1776887024.7411027,-2.0,4.0,-32.0
1776887024.7511027,2.0,2.0,-34.0
1776887024.761103,0.0,3.0,-40.0
1776887024.771103,1.0,4.0,-44.0
1776887024.781103,3.0,0.0,-41.0
1776887024.7911026,1.0,-4.0,-41.0
1776887024.8011026,-1.0,-5.0,-41.0
1776887024.8111026,-2.0,-7.0,-41.0
1776887024.8211029,-5.0,-6.0,-36.0
1776887024.8311028,-1.0,-5.0,-39.0
1776887024.8411028,0.0,-4.0,-37.0
1776887024.8511028,0.0,-2.0,-41.0
1776887024.8611028,2.0,-1.0,-39.0
1776887024.8711028,0.0,-4.0,-32.0
1776887024.8811028,5.0,-4.0,-35.0
1776887024.8911028,4.0,-4.0,-31.0
1776887024.9011028,1.0,-2.0,-27.0
1776887024.9111028,-2.0,-4.0,-28.0
1776887024.9211028,-5.0,-1.0,-26.0
1776887024.9311028,-3.0,-3.0,-27.0
1776887024.9411027,-3.0,-1.0,-31.0
1776887024.9511027,0.0,-1.0,-34.0
1776887024.9611027,0.0,-7.0,-31.0
1776887024.9711027,-2.0,-6.0,-35.0
1776887024.9811027,-5.0,-2.0,-33.0
1776887024.9911027,-6.0,-1.0,-34.0
1776887025.0011027,-2.0,0.0,-29.0
1776887025.011103,-3.0,0.0,-26.0
1776887025.021103,-1.0,0.0,-30.0
1776887025.031103,-1.0,-2.0,-36.0
1776887025.0411026,-2.0,0.0,-36.0
1776887025.0511026,0.0,-6.0,-37.0
1776887025.0611026,0.0,-6.0,-37.0
1776887025.0711029,5.0,-9.0,-33.0
1776887025.0811028,4.0,-5.0,-39.0
1776887025.0911028,-3.0,-4.0,-38.0
1776887025.1011028,-3.0,-1.0,-36.0
1776887025.1111028,-1.0,-1.0,-32.0
1776887025.1211028,-8.0,-1.0,-31.0
1776887025.1311028,-4.0,0.0,-38.0
1776887025.1411028,0.0,0.0,-41.0
1776887025.1511028,1.0,2.0,-49.0
1776887025.1611028,1.0,2.0,-51.0
1776887025.1711028,2.0,1.0,-47.0
1776887025.1811028,5.0,2.0,-40.0
1776887025.1911027,2.0,0.0,-39.0
1776887025.2011027,1.0,-1.0,-40.0
1776887025.2111027,4.0,0.0,-30.0
1776887025.2211027,5.0,-1.0,-30.0
1776887025.2311027,6.0,1.0,-37.0
1776887025.2411027,6.0,4.0,-42.0
1776887025.2511027,2.0,0.0,-44.0
1776887025.261103,1.0,2.0,-44.0
1776887025.271103,0.0,0.0,-40.0
1776887025.281103,-1.0,0.0,-35.0
1776887025.2911026,-2.0,-1.0,-36.0
1776887025.3011026,0.0,-3.0,-40.0
1776887025.3111026,2.0,-2.0,-40.0
1776887025.3211029,1.0,0.0,-47.0
1776887025.3311028,1.0,-1.0,-49.0
1776887025.3411028,3.0,0.0,-43.0
1776887025.3511028,3.0,2.0,-40.0
1776887025.3611028,1.0,1.0,-35.0
1776887025.3711028,1.0,2.0,-31.0
1776887025.3811028,4.0,0.0,-26.0
1776887025.3911028,5.0,1.0,-36.0
1776887025.4011028,1.0,4.0,-33.0
1776887025.4111028,0.0,6.0,-33.0
1776887025.4211028,0.0,4.0,-38.0
1776887025.4311028,0.0,1.0,-44.0
1776887025.4411027,1.0,3.0,-45.0
1776887025.4511027,1.0,3.0,-45.0
1776887025.4611027,4.0,2.0,-45.0
1776887025.4711027,4.0,0.0,-48.0
1776887025.4811027,5.0,-1.0,-47.0
1776887025.4911027,4.0,0.0,-47.0
1776887025.5011027,9.0,-2.0,-45.0
1776887025.511103,10.0,0.0,-48.0
1776887025.521103,7.0,-3.0,-52.0
1776887025.531103,7.0,-3.0,-41.0
1776887025.5411026,5.0,-3.0,-38.0
1776887025.5511026,9.0,-4.0,-41.0
1776887025.5611026,7.0,-4.0,-37.0
1776887025.5711029,5.0,-4.0,-35.0
1776887025.5811028,2.0,-4.0,-36.0
1776887025.5911028,3.0,-2.0,-39.0
1776887025.6011028,7.0,0.0,-40.0
1776887025.6111028,5.0,-3.0,-41.0
1776887025.6211028,5.0,-1.0,-38.0
1776887025.6311028,6.0,-4.0,-40.0
1776887025.6411028,6.0,-1.0,-39.0
1776887025.6511028,6.0,2.0,-36.0
1776887025.6611028,0.0,0.0,-31.0
1776887025.6711028,-1.0,0.0,-36.0
1776887025.6811028,-1.0,-1.0,-42.0
1776887025.6911027,4.0,-1.0,-39.0
1776887025.7011027,4.0,0.0,-33.0
1776887025.7111027,6.0,0.0,-33.0
1776887025.7211027,4.0,0.0,-30.0
1776887025.7311027,5.0,0.0,-25.0
1776887025.7411027,0.0,-5.0,-35.0
1776887025.7511027,-1.0,-5.0,-34.0
1776887025.761103,-1.0,-4.0,-35.0
1776887025.771103,-2.0,-3.0,-34.0
1776887025.781103,-7.0,-2.0,-32.0
1776887025.7911026,-4.0,-1.0,-27.0
1776887025.8011026,-2.0,-1.0,-22.0
1776887025.8111026,-6.0,0.0,-25.0
1776887025.8211029,-1.0,2.0,-30.0
1776887025.8311028,-5.0,5.0,-30.0
1776887025.8411028,-3.0,6.0,-35.0
1776887025.8511028,-2.0,3.0,-33.0
1776887025.8611028,-4.0,4.0,-33.0
1776887025.8711028,-5.0,2.0,-30.0
1776887025.8811028,-6.0,1.0,-35.0
1776887025.8911028,-3.0,1.0,-30.0
1776887025.9011028,-3.0,-1.0,-35.0
1776887025.9111028,-2.0,-2.0,-43.0
1776887025.9211028,2.0,-6.0,-47.0
1776887025.9311028,1.0,-7.0,-42.0
1776887025.9411027,0.0,-10.0,-45.0
1776887025.9511027,0.0,-8.0,-43.0
1776887025.9611027,-3.0,-6.0,-40.0
1776887025.9711027,-5.0,-8.0,-43.0
1776887025.9811027,-8.0,-9.0,-41.0
1776887025.9911027,-5.0,-9.0,-32.0
1776887026.0011027,-6.0,-6.0,-32.0
1776887026.011103,-2.0,-6.0,-32.0
1776887026.021103,-5.0,-6.0,-38.0
1776887026.0321028,-7.0,-4.0,-39.0
1776887026.0421028,-1.0,-1.0,-41.0
1776887026.0521028,0.0,1.0,-34.0
1776887026.0621028,1.0,4.0,-32.0
1776887026.0721028,1.0,4.0,-30.0
1776887026.0821028,5.0,2.0,-31.0
1776887026.0921028,5.0,5.0,-37.0
1776887026.1021028,3.0,-1.0,-39.0
1776887026.1121027,0.0,-1.0,-47.0
1776887026.1221027,1.0,-2.0,-45.0
1776887026.1321027,0.0,-3.0,-47.0
1776887026.1421027,2.0,-3.0,-51.0
1776887026.1521027,3.0,-5.0,-49.0
1776887026.1621027,8.0,-3.0,-46.0
1776887026.1721027,8.0,-7.0,-40.0
1776887026.182103,7.0,-6.0,-41.0
1776887026.192103,1.0,-4.0,-38.0
1776887026.202103,0.0,-2.0,-34.0
1776887026.212103,-5.0,-2.0,-37.0
1776887026.2221026,-3.0,-5.0,-41.0
1776887026.2321026,0.0,-5.0,-36.0
1776887026.2421026,-1.0,-4.0,-34.0
1776887026.2521029,-1.0,-2.0,-36.0
1776887026.2621028,2.0,-2.0,-39.0
1776887026.2721028,1.0,2.0,-38.0
1776887026.2821028,0.0,3.0,-36.0
1776887026.2921028,0.0,3.0,-36.0
1776887026.3021028,4.0,2.0,-37.0
1776887026.3121028,6.0,5.0,-38.0
1776887026.3221028,5.0,5.0,-46.0
1776887026.3321028,2.0,7.0,-46.0
1776887026.3421028,0.0,9.0,-51.0
1776887026.3521028,1.0,8.0,-46.0
1776887026.3621027,4.0,8.0,-33.0
1776887026.3721027,7.0,7.0,-36.0
1776887026.3821027,6.0,8.0,-28.0
1776887026.3921027,2.0,7.0,-23.0
1776887026.4021027,4.0,5.0,-22.0
1776887026.4121027,5.0,2.0,-29.0
1776887026.4221027,7.0,-3.0,-32.0
1776887026.432103,4.0,-1.0,-40.0
1776887026.442103,3.0,0.0,-36.0
1776887026.452103,2.0,-3.0,-34.0
1776887026.462103,0.0,-5.0,-41.0
1776887026.4721026,0.0,-2.0,-42.0
1776887026.4821026,5.0,-6.0,-46.0
1776887026.4921026,9.0,-7.0,-43.0
1776887026.5021029,8.0,-8.0,-38.0
1776887026.5121028,4.0,-5.0,-32.0
1776887026.5221028,3.0,-5.0,-34.0
1776887026.5321028,0.0,-3.0,-35.0
1776887026.5421028,2.0,-1.0,-36.0
1776887026.5521028,2.0,2.0,-34.0
1776887026.5621028,4.0,0.0,-34.0
1776887026.5721028,3.0,0.0,-34.0
1776887026.5821028,5.0,-4.0,-38.0
1776887026.5921028,5.0,-1.0,-39.0
1776887026.6021028,2.0,3.0,-34.0
1776887026.6121027,3.0,6.0,-30.0
1776887026.6221027,5.0,6.0,-29.0
1776887026.6321027,6.0,5.0,-29.0
1776887026.6421027,7.0,4.0,-36.0
1776887026.6521027,6.0,3.0,-38.0
1776887026.6621027,3.0,2.0,-41.0
1776887026.6721027,1.0,0.0,-38.0
1776887026.682103,-2.0,1.0,-36.0
1776887026.692103,-4.0,0.0,-37.0
1776887026.702103,-4.0,-1.0,-41.0
1776887026.712103,-4.0,0.0,-42.0
1776887026.7221026,-3.0,0.0,-37.0
1776887026.7321026,1.0,-2.0,-44.0
1776887026.7421026,0.0,0.0,-45.0
1776887026.7521029,0.0,1.0,-47.0
1776887026.7621028,1.0,-1.0,-46.0
1776887026.7721028,-5.0,0.0,-44.0
1776887026.7821028,-6.0,-1.0,-43.0
1776887026.7921028,-3.0,1.0,-43.0
1776887026.8021028,1.0,1.0,-37.0
1776887026.8121028,3.0,0.0,-40.0
1776887026.8221028,6.0,-1.0,-39.0
1776887026.8321028,7.0,-6.0,-36.0
1776887026.8421028,2.0,-4.0,-33.0
1776887026.8521028,3.0,-3.0,-31.0
1776887026.8621027,3.0,-1.0,-29.0
1776887026.8721027,-3.0,0.0,-35.0
1776887026.8821027,-6.0,1.0,-34.0
1776887026.8921027,-5.0,1.0,-38.0
1776887026.9021027,0.0,3.0,-40.0
1776887026.9121027,0.0,2.0,-38.0
1776887026.9221027,0.0,0.0,-41.0
1776887026.932103,0.0,-3.0,-36.0
1776887026.942103,2.0,-4.0,-31.0
1776887026.952103,4.0,-2.0,-28.0
1776887026.962103,3.0,-3.0,-31.0
1776887026.9721026,2.0,-3.0,-33.0
1776887026.9821026,2.0,-3.0,-40.0
1776887026.9921026,4.0,1.0,-43.0
1776887027.0021029,7.0,3.0,-43.0
1776887027.0121028,6.0,0.0,-36.0
1776887027.0221028,1.0,2.0,-39.0
1776887027.0321028,0.0,0.0,-36.0
1776887027.0421028,-2.0,-1.0,-37.0
1776887027.0521028,-4.0,-2.0,-37.0
1776887027.0621028,-2.0,-2.0,-40.0
1776887027.0721028,2.0,-3.0,-50.0
1776887027.0821028,3.0,-4.0,-52.0
1776887027.0921028,5.0,-1.0,-49.0
1776887027.1021028,8.0,0.0,-44.0
1776887027.1121027,7.0,-3.0,-35.0
1776887027.1221027,1.0,-5.0,-41.0
1776887027.1321027,2.0,0.0,-46.0
1776887027.1421027,1.0,5.0,-47.0
1776887027.1521027,0.0,4.0,-42.0
1776887027.1621027,0.0,3.0,-43.0
1776887027.1721027,2.0,3.0,-42.0
1776887027.182103,0.0,2.0,-38.0
1776887027.192103,0.0,1.0,-30.0
1776887027.202103,6.0,-3.0,-37.0
1776887027.212103,9.0,-3.0,-34.0
1776887027.2221026,8.0,-5.0,-38.0
1776887027.2321026,8.0,-3.0,-44.0
1776887027.2421026,4.0,0.0,-48.0
1776887027.2521029,6.0,2.0,-45.0
1776887027.2621028,9.0,3.0,-47.0
1776887027.2721028,6.0,-1.0,-45.0
1776887027.2821028,1.0,0.0,-45.0
1776887027.2921028,0.0,0.0,-53.0
1776887027.3021028,0.0,-1.0,-51.0
1776887027.3121028,1.0,-1.0,-48.0
1776887027.3221028,2.0,0.0,-45.0
1776887027.3321028,2.0,-1.0,-39.0
1776887027.3421028,-1.0,-4.0,-36.0
1776887027.3521028,-4.0,-5.0,-31.0
1776887027.3621027,-4.0,-5.0,-21.0
1776887027.3721027,-1.0,-5.0,-23.0
1776887027.3821027,-2.0,-9.0,-22.0
1776887027.3921027,-3.0,-6.0,-29.0
1776887027.4021027,-4.0,-8.0,-32.0
1776887027.4121027,-1.0,-4.0,-32.0
1776887027.4221027,-2.0,-3.0,-37.0
1776887027.432103,-3.0,0.0,-37.0
1776887027.442103,-3.0,2.0,-38.0
1776887027.452103,-4.0,1.0,-39.0
1776887027.462103,1.0,1.0,-42.0
1776887027.4721026,8.0,3.0,-45.0
1776887027.4821026,7.0,0.0,-41.0
1776887027.4921026,1.0,2.0,-35.0
1776887027.5021029,-2.0,-1.0,-31.0
1776887027.5121028,-3.0,-1.0,-30.0
1776887027.5221028,-6.0,-2.0,-31.0
1776887027.5321028,-4.0,-1.0,-42.0
1776887027.5421028,-4.0,1.0,-40.0
1776887027.5521028,-5.0,2.0,-43.0
1776887027.5621028,-1.0,2.0,-44.0
1776887027.5721028,-2.0,0.0,-44.0
1776887027.5821028,-2.0,1.0,-43.0
1776887027.5921028,-3.0,4.0,-41.0
1776887027.6021028,-4.0,0.0,-46.0
1776887027.6121027,-7.0,-2.0,-47.0
1776887027.6221027,-4.0,0.0,-51.0
1776887027.6321027,-5.0,-1.0,-44.0
1776887027.6421027,0.0,-1.0,-44.0
1776887027.6521027,2.0,-4.0,-40.0
1776887027.6621027,4.0,-5.0,-35.0
1776887027.6721027,2.0,-6.0,-41.0
1776887027.682103,5.0,-3.0,-41.0
1776887027.692103,5.0,1.0,-40.0
1776887027.702103,5.0,0.0,-35.0
1776887027.712103,2.0,-1.0,-35.0
1776887027.7221026,4.0,1.0,-32.0
1776887027.7321026,2.0,2.0,-35.0
1776887027.7421026,7.0,2.0,-40.0
1776887027.7521029,5.0,2.0,-37.0
1776887027.7621028,3.0,2.0,-36.0
1776887027.7721028,3.0,1.0,-41.0
1776887027.7821028,4.0,2.0,-45.0
1776887027.7921028,6.0,0.0,-40.0
1776887027.8021028,4.0,-1.0,-38.0
1776887027.8121028,3.0,-1.0,-32.0
1776887027.8221028,2.0,4.0,-33.0
1776887027.8321028,2.0,5.0,-38.0
1776887027.8421028,0.0,0.0,-38.0
1776887027.8521028,1.0,1.0,-38.0
1776887027.8621027,0.0,1.0,-34.0
1776887027.8721027,-3.0,0.0,-26.0
1776887027.8821027,0.0,2.0,-25.0
1776887027.8921027,0.0,6.0,-25.0
1776887027.9021027,0.0,4.0,-24.0
1776887027.9121027,4.0,3.0,-29.0
1776887027.9221027,7.0,1.0,-30.0
1776887027.932103,5.0,0.0,-34.0
1776887027.942103,0.0,-6.0,-39.0
1776887027.952103,-1.0,-5.0,-40.0
1776887027.962103,-1.0,-3.0,-38.0
1776887027.9721026,0.0,-2.0,-34.0
1776887027.9821026,0.0,0.0,-36.0
1776887027.9921026,3.0,2.0,-34.0
1776887028.0021029,4.0,4.0,-38.0
1776887028.0121028,3.0,8.0,-38.0
1776887028.0221028,6.0,7.0,-32.0
1776887028.0321028,5.0,3.0,-33.0
1776887028.0431027,4.0,0.0,-33.0
1776887028.0531027,4.0,1.0,-31.0
1776887028.0631027,3.0,3.0,-30.0
1776887028.0731027,0.0,0.0,-36.0
1776887028.0831027,-4.0,-3.0,-38.0
1776887028.0931027,-5.0,-1.0,-42.0
1776887028.1031027,-2.0,2.0,-41.0
1776887028.113103,-1.0,-1.0,-43.0
1776887028.123103,0.0,0.0,-36.0
1776887028.133103,0.0,2.0,-35.0
1776887028.1431026,0.0,-5.0,-36.0
1776887028.1531026,6.0,-6.0,-37.0
1776887028.1631026,1.0,-6.0,-39.0
1776887028.1731029,2.0,-1.0,-38.0
1776887028.1831028,-4.0,1.0,-40.0
1776887028.1931028,-1.0,4.0,-46.0
1776887028.2031028,0.0,1.0,-41.0
1776887028.2131028,-2.0,3.0,-34.0
1776887028.2231028,-1.0,1.0,-35.0
1776887028.2331028,0.0,4.0,-32.0
1776887028.2431028,-2.0,1.0,-37.0
1776887028.2531028,-2.0,3.0,-36.0
1776887028.2631028,0.0,4.0,-41.0
1776887028.2731028,-1.0,5.0,-42.0
1776887028.2831028,-1.0,4.0,-40.0
1776887028.2931027,-3.0,2.0,-34.0
1776887028.3031027,-2.0,-3.0,-40.0
1776887028.3131027,0.0,-2.0,-40.0
1776887028.3231027,1.0,2.0,-37.0
1776887028.3331027,3.0,3.0,-44.0
1776887028.3431027,0.0,5.0,-39.0
1776887028.3531027,-2.0,5.0,-38.0
1776887028.363103,0.0,4.0,-39.0
1776887028.373103,2.0,9.0,-39.0
1776887028.383103,0.0,4.0,-32.0
1776887028.3931026,0.0,-3.0,-31.0
1776887028.4031026,1.0,-6.0,-37.0
1776887028.4131026,2.0,-4.0,-44.0
1776887028.4231029,4.0,-4.0,-43.0
1776887028.4331028,3.0,-6.0,-45.0
1776887028.4431028,3.0,-7.0,-54.0
1776887028.4531028,1.0,-9.0,-51.0
1776887028.4631028,2.0,-12.0,-45.0
1776887028.4741027,1.0,-10.0,-42.0
1776887028.4831028,-2.0,-10.0,-42.0
1776887028.4931028,-2.0,-9.0,-42.0
1776887028.5031028,-2.0,-8.0,-46.0
1776887028.5131028,0.0,-7.0,-43.0
1776887028.5231028,2.0,-7.0,-40.0
1776887028.5331028,0.0,-5.0,-32.0
1776887028.5431027,-2.0,-4.0,-33.0
1776887028.5531027,-2.0,-4.0,-42.0
1776887028.5631027,2.0,-3.0,-44.0
1776887028.5731027,7.0,0.0,-43.0
1776887028.5831027,9.0,-3.0,-36.0
1776887028.5931027,2.0,-2.0,-30.0
1776887028.6031027,2.0,1.0,-29.0
1776887028.613103,0.0,0.0,-26.0
1776887028.623103,1.0,0.0,-29.0
1776887028.633103,2.0,-1.0,-33.0
1776887028.6431026,6.0,-3.0,-42.0
1776887028.6531026,7.0,-2.0,-38.0
1776887028.6631026,0.0,-1.0,-36.0
1776887028.6731029,0.0,-1.0,-41.0
1776887028.6831028,0.0,-2.0,-42.0
1776887028.6931028,2.0,-3.0,-38.0
1776887028.7031028,8.0,-1.0,-38.0
1776887028.7131028,10.0,0.0,-34.0
1776887028.7231028,10.0,-3.0,-30.0
1776887028.7331028,6.0,-5.0,-32.0
1776887028.7431028,3.0,-5.0,-35.0
1776887028.7531028,1.0,-5.0,-27.0
1776887028.7631028,6.0,-2.0,-31.0
1776887028.7731028,4.0,-6.0,-30.0
1776887028.7831028,2.0,-2.0,-30.0
1776887028.7931027,-2.0,0.0,-30.0
1776887028.8031027,-5.0,0.0,-24.0
1776887028.8131027,-2.0,3.0,-28.0
1776887028.8231027,-3.0,1.0,-25.0
1776887028.8331027,-1.0,5.0,-20.0
1776887028.8431027,1.0,7.0,-19.0
1776887028.8531027,2.0,3.0,-19.0
1776887028.863103,5.0,3.0,-28.0
1776887028.873103,5.0,1.0,-31.0
1776887028.883103,1.0,2.0,-26.0
1776887028.8931026,0.0,0.0,-30.0
1776887028.9031026,0.0,1.0,-32.0
1776887028.9131026,1.0,-3.0,-38.0
1776887028.9231029,0.0,-4.0,-45.0
1776887028.9331028,2.0,-4.0,-43.0
1776887028.9431028,0.0,-4.0,-41.0
1776887028.9531028,-1.0,-3.0,-35.0
1776887028.9631028,-8.0,-1.0,-32.0
1776887028.9731028,-10.0,3.0,-31.0
1776887028.9831028,-10.0,1.0,-37.0
1776887028.9931028,-4.0,3.0,-41.0
1776887029.0031028,0.0,-3.0,-35.0
1776887029.0131028,4.0,-1.0,-37.0
1776887029.0231028,5.0,5.0,-41.0
1776887029.0331028,4.0,4.0,-42.0
1776887029.0431027,4.0,6.0,-44.0
1776887029.0531027,4.0,2.0,-45.0
1776887029.0631027,4.0,0.0,-48.0
1776887029.0731027,3.0,1.0,-42.0
1776887029.0831027,3.0,0.0,-41.0
1776887029.0931027,8.0,1.0,-40.0
1776887029.1031027,2.0,1.0,-42.0
1776887029.113103,2.0,-2.0,-38.0
1776887029.123103,3.0,0.0,-42.0
1776887029.133103,4.0,4.0,-39.0
1776887029.1431026,7.0,1.0,-43.0
1776887029.1531026,7.0,2.0,-44.0
1776887029.1631026,6.0,6.0,-45.0
1776887029.1731029,2.0,8.0,-41.0
1776887029.1831028,-2.0,7.0,-39.0
1776887029.1931028,-2.0,6.0,-41.0
1776887029.2031028,-1.0,1.0,-42.0
1776887029.2131028,-3.0,-3.0,-41.0
1776887029.2231028,-4.0,-4.0,-39.0
1776887029.2331028,-1.0,-4.0,-39.0
1776887029.2431028,-1.0,-4.0,-41.0
1776887029.2531028,0.0,-5.0,-41.0
1776887029.2631028,2.0,-2.0,-37.0
1776887029.2731028,1.0,-3.0,-33.0
1776887029.2831028,1.0,0.0,-35.0
1776887029.2931027,0.0,4.0,-38.0
1776887029.3031027,0.0,0.0,-34.0
1776887029.3131027,0.0,-2.0,-37.0
1776887029.3231027,-3.0,-3.0,-34.0
1776887029.3331027,0.0,-3.0,-32.0
1776887029.3431027,0.0,-5.0,-33.0
1776887029.3531027,1.0,-2.0,-31.0
1776887029.363103,5.0,0.0,-34.0
1776887029.373103,6.0,0.0,-40.0
1776887029.383103,8.0,0.0,-42.0
1776887029.3931026,10.0,-2.0,-42.0
1776887029.4031026,8.0,-3.0,-42.0
1776887029.4131026,9.0,-5.0,-43.0
1776887029.4231029,2.0,-3.0,-38.0
1776887029.4331028,3.0,-5.0,-44.0
1776887029.4431028,6.0,-6.0,-52.0
1776887029.4531028,2.0,-8.0,-48.0
1776887029.4631028,3.0,-6.0,-41.0
1776887029.4731028,3.0,-8.0,-37.0
1776887029.4831028,1.0,-13.0,-34.0
1776887029.4931028,-3.0,-12.0,-34.0
1776887029.5031028,-3.0,-9.0,-40.0
1776887029.5131028,-1.0,-10.0,-40.0
1776887029.5231028,-2.0,-8.0,-43.0
1776887029.5331028,-5.0,-4.0,-40.0
1776887029.5431027,-5.0,-2.0,-36.0
1776887029.5531027,2.0,-3.0,-30.0
1776887029.5631027,2.0,-1.0,-31.0
1776887029.5731027,1.0,0.0,-38.0
1776887029.5831027,1.0,0.0,-40.0
1776887029.5931027,0.0,-4.0,-41.0
1776887029.6031027,1.0,-7.0,-41.0
1776887029.613103,5.0,-7.0,-43.0
1776887029.623103,3.0,-9.0,-44.0
1776887029.633103,0.0,-4.0,-34.0
1776887029.6431026,2.0,0.0,-33.0
1776887029.6531026,4.0,-5.0,-32.0
1776887029.6631026,2.0,-8.0,-37.0
1776887029.6731029,7.0,-4.0,-44.0
1776887029.6831028,5.0,0.0,-48.0
1776887029.6931028,0.0,-4.0,-48.0
1776887029.7031028,2.0,-4.0,-42.0
1776887029.7131028,0.0,-6.0,-45.0
1776887029.7231028,-4.0,-8.0,-43.0
1776887029.7331028,-6.0,-2.0,-44.0
1776887029.7431028,-7.0,-5.0,-46.0
1776887029.7531028,-8.0,0.0,-44.0
1776887029.7631028,-3.0,-2.0,-42.0
1776887029.7731028,1.0,-2.0,-43.0
1776887029.7831028,-2.0,-5.0,-44.0
1776887029.7931027,-2.0,-6.0,-42.0
1776887029.8031027,-1.0,-4.0,-35.0
1776887029.8131027,-4.0,-4.0,-40.0
1776887029.8231027,-5.0,-4.0,-37.0
1776887029.8331027,-9.0,-7.0,-38.0
1776887029.8431027,-6.0,-6.0,-41.0
1776887029.8531027,0.0,-1.0,-38.0
1776887029.863103,2.0,0.0,-40.0
1776887029.873103,0.0,0.0,-47.0
1776887029.883103,1.0,1.0,-46.0
1776887029.8931026,1.0,2.0,-38.0
1776887029.9031026,0.0,-2.0,-35.0
1776887029.9131026,5.0,-1.0,-34.0
1776887029.9231029,8.0,-6.0,-38.0
1776887029.9331028,6.0,-7.0,-36.0
1776887029.9431028,0.0,-8.0,-39.0
1776887029.9531028,0.0,-7.0,-46.0
1776887029.9631028,-2.0,-7.0,-45.0
1776887029.9731028,-8.0,-10.0,-41.0
1776887029.9831028,-7.0,-9.0,-38.0
1776887029.9931028,-2.0,-5.0,-37.0
1776887030.0031028,-4.0,-7.0,-40.0
1776887030.0131028,-1.0,-5.0,-39.0
1776887030.0231028,1.0,-1.0,-39.0
1776887030.034103,0.0,1.0,-36.0
1776887030.044103,0.0,2.0,-37.0
1776887030.054103,0.0,1.0,-36.0
1776887030.0641026,-2.0,-2.0,-35.0
1776887030.0741026,-6.0,-5.0,-34.0
1776887030.0841026,-5.0,-3.0,-36.0
1776887030.0941026,-2.0,-1.0,-39.0
1776887030.1041028,-2.0,0.0,-38.0
1776887030.1141028,-7.0,-1.0,-30.0
1776887030.1241028,-8.0,-2.0,-33.0
1776887030.1341028,-10.0,0.0,-37.0
1776887030.1441028,-6.0,2.0,-33.0
1776887030.1541028,-3.0,2.0,-29.0
1776887030.1641028,2.0,7.0,-33.0
1776887030.1741028,-2.0,4.0,-29.0
1776887030.1841028,0.0,7.0,-31.0
1776887030.1941028,2.0,4.0,-36.0
1776887030.2041028,6.0,3.0,-30.0
1776887030.2141027,5.0,5.0,-26.0
1776887030.2241027,3.0,9.0,-32.0
1776887030.2341027,1.0,11.0,-34.0
1776887030.2441027,3.0,5.0,-42.0
1776887030.2541027,3.0,1.0,-38.0
1776887030.2641027,1.0,3.0,-35.0
1776887030.2741027,-4.0,4.0,-37.0
1776887030.284103,-5.0,0.0,-36.0
1776887030.294103,1.0,0.0,-33.0
1776887030.304103,2.0,-1.0,-32.0
1776887030.3141026,6.0,-1.0,-32.0
1776887030.3241026,2.0,-1.0,-30.0
1776887030.3341026,1.0,0.0,-32.0
1776887030.3441026,4.0,-5.0,-34.0
1776887030.3541028,4.0,-8.0,-37.0
1776887030.3641028,6.0,-9.0,-41.0
1776887030.3741028,5.0,-5.0,-45.0
1776887030.3841028,6.0,-4.0,-41.0
1776887030.3941028,4.0,-1.0,-42.0
1776887030.4041028,4.0,-2.0,-40.0
1776887030.4141028,4.0,0.0,-35.0
1776887030.4241028,1.0,-1.0,-27.0
1776887030.4341028,0.0,0.0,-23.0
1776887030.4441028,0.0,0.0,-28.0
1776887030.4541028,1.0,0.0,-35.0
1776887030.4641027,3.0,0.0,-35.0
1776887030.4741027,1.0,-1.0,-33.0
1776887030.4841027,0.0,-7.0,-32.0
1776887030.4941027,2.0,-9.0,-28.0
1776887030.5041027,3.0,-4.0,-32.0
1776887030.5141027,7.0,0.0,-34.0
1776887030.5241027,8.0,5.0,-41.0
1776887030.534103,7.0,8.0,-39.0
1776887030.544103,4.0,4.0,-32.0
1776887030.554103,4.0,-2.0,-38.0
1776887030.5641026,3.0,-2.0,-33.0
1776887030.5741026,0.0,-3.0,-32.0
1776887030.5841026,4.0,-7.0,-29.0
1776887030.5941026,1.0,-10.0,-30.0
1776887030.6041028,-3.0,-6.0,-40.0
1776887030.6141028,-1.0,-2.0,-45.0
1776887030.6241028,0.0,-6.0,-44.0
1776887030.6341028,1.0,-2.0,-40.0
1776887030.6441028,3.0,-3.0,-44.0
1776887030.6541028,1.0,-3.0,-42.0
1776887030.6641028,0.0,-3.0,-33.0
1776887030.6741028,-1.0,-1.0,-32.0
1776887030.6841028,0.0,0.0,-29.0
1776887030.6941028,0.0,2.0,-32.0
1776887030.7041028,-3.0,2.0,-36.0
1776887030.7141027,2.0,2.0,-41.0
1776887030.7241027,1.0,0.0,-37.0
1776887030.7341027,2.0,-2.0,-34.0
1776887030.7441027,3.0,-4.0,-31.0
1776887030.7541027,6.0,-1.0,-28.0
1776887030.7641027,0.0,0.0,-28.0
1776887030.7741027,-1.0,-1.0,-30.0
1776887030.784103,0.0,-3.0,-36.0
1776887030.794103,3.0,-2.0,-36.0
1776887030.804103,1.0,-1.0,-45.0
1776887030.8141026,2.0,0.0,-47.0
1776887030.8241026,2.0,-3.0,-46.0
1776887030.8341026,4.0,-8.0,-44.0
1776887030.8441026,3.0,-11.0,-41.0
1776887030.8541028,1.0,-13.0,-38.0
1776887030.8641028,2.0,-5.0,-33.0
1776887030.8741028,1.0,1.0,-29.0
1776887030.8841028,1.0,-2.0,-28.0
1776887030.8941028,1.0,-3.0,-22.0
1776887030.9041028,-2.0,-2.0,-25.0
1776887030.9141028,-2.0,-2.0,-27.0
1776887030.9241028,0.0,-3.0,-32.0
1776887030.9341028,-1.0,-1.0,-34.0
1776887030.9441028,-1.0,0.0,-38.0
1776887030.9541028,0.0,1.0,-40.0
1776887030.9641027,-1.0,-1.0,-41.0
1776887030.9741027,2.0,-1.0,-45.0
1776887030.9841027,3.0,-2.0,-39.0
1776887030.9941027,0.0,-8.0,-37.0
1776887031.0041027,1.0,-1.0,-40.0
1776887031.0141027,2.0,1.0,-36.0
1776887031.0241027,0.0,5.0,-36.0
1776887031.034103,1.0,3.0,-42.0
1776887031.044103,4.0,5.0,-44.0
1776887031.054103,0.0,7.0,-43.0
1776887031.0641026,0.0,1.0,-43.0
1776887031.0741026,2.0,4.0,-41.0
1776887031.0841026,2.0,3.0,-38.0
1776887031.0941026,-6.0,8.0,-41.0
1776887031.1041028,-3.0,6.0,-45.0
1776887031.1141028,-1.0,3.0,-38.0
1776887031.1241028,5.0,1.0,-36.0
1776887031.1341028,5.0,-1.0,-35.0
1776887031.1441028,2.0,-3.0,-35.0
1776887031.1541028,1.0,-6.0,-34.0
1776887031.1641028,4.0,-4.0,-35.0
1776887031.1741028,9.0,-2.0,-37.0
1776887031.1841028,4.0,-2.0,-37.0
1776887031.1941028,4.0,-1.0,-35.0
1776887031.2041028,2.0,-3.0,-33.0
1776887031.2141027,-1.0,-1.0,-31.0
1776887031.2241027,-2.0,-2.0,-28.0
1776887031.2341027,-1.0,-1.0,-35.0
1776887031.2441027,0.0,0.0,-35.0
1776887031.2541027,0.0,-2.0,-40.0
1776887031.2641027,-2.0,-7.0,-44.0
1776887031.2741027,-4.0,-7.0,-48.0
1776887031.284103,-5.0,-10.0,-45.0
1776887031.294103,-3.0,-8.0,-50.0
1776887031.304103,-12.0,-10.0,-41.0
1776887031.3141026,-12.0,-10.0,-35.0
1776887031.3241026,-6.0,-9.0,-34.0
1776887031.3341026,-4.0,-7.0,-38.0
1776887031.3441026,-3.0,-8.0,-37.0
1776887031.3541028,-2.0,-10.0,-47.0
1776887031.3641028,-1.0,-5.0,-44.0
1776887031.3741028,0.0,-1.0,-47.0
1776887031.3841028,-3.0,1.0,-51.0
1776887031.3941028,-8.0,0.0,-45.0
1776887031.4041028,-7.0,-2.0,-47.0
1776887031.4141028,0.0,-2.0,-51.0
1776887031.4241028,1.0,2.0,-51.0
1776887031.4341028,0.0,4.0,-49.0
1776887031.4441028,4.0,2.0,-40.0
1776887031.4541028,5.0,2.0,-38.0
1776887031.4641027,5.0,1.0,-37.0
1776887031.4741027,4.0,0.0,-41.0
1776887031.4841027,6.0,0.0,-43.0
1776887031.4941027,10.0,-2.0,-48.0
1776887031.5041027,9.0,2.0,-45.0
1776887031.5141027,8.0,2.0,-48.0
1776887031.5241027,7.0,0.0,-42.0
1776887031.534103,3.0,-2.0,-37.0
1776887031.544103,3.0,0.0,-31.0
1776887031.554103,1.0,5.0,-33.0
1776887031.5641026,-5.0,5.0,-30.0
1776887031.5741026,-3.0,7.0,-39.0
1776887031.5841026,-6.0,8.0,-35.0
1776887031.5941026,-3.0,4.0,-38.0
1776887031.6041028,0.0,-5.0,-35.0
1776887031.6141028,2.0,-4.0,-33.0
1776887031.6241028,0.0,-2.0,-36.0
1776887031.6341028,-6.0,-2.0,-40.0
1776887031.6441028,-4.0,-5.0,-39.0
1776887031.6541028,-3.0,-5.0,-41.0
1776887031.6641028,-12.0,0.0,-42.0
1776887031.6741028,-10.0,1.0,-42.0
1776887031.6841028,-5.0,0.0,-37.0
1776887031.6941028,-5.0,-1.0,-38.0
1776887031.7041028,-4.0,-3.0,-36.0
1776887031.7141027,-3.0,-4.0,-38.0
1776887031.7241027,-3.0,-6.0,-40.0
1776887031.7341027,0.0,-4.0,-39.0
1776887031.7441027,1.0,-5.0,-39.0
1776887031.7541027,3.0,-8.0,-41.0
1776887031.7641027,5.0,-7.0,-41.0
1776887031.7741027,3.0,-6.0,-37.0
1776887031.784103,3.0,-2.0,-39.0
1776887031.794103,0.0,-3.0,-34.0
1776887031.804103,1.0,-4.0,-32.0
1776887031.8141026,3.0,-9.0,-34.0
1776887031.8241026,2.0,-9.0,-39.0
1776887031.8341026,0.0,-9.0,-37.0
1776887031.8441026,-1.0,-6.0,-27.0
1776887031.8541028,0.0,-2.0,-27.0
1776887031.8641028,0.0,0.0,-34.0
1776887031.8741028,0.0,2.0,-36.0
1776887031.8841028,3.0,6.0,-33.0
1776887031.8941028,0.0,4.0,-33.0
1776887031.9041028,1.0,5.0,-32.0
1776887031.9141028,3.0,5.0,-31.0
1776887031.9241028,4.0,1.0,-33.0
1776887031.9341028,3.0,1.0,-32.0
1776887031.9441028,0.0,-2.0,-34.0
1776887031.9541028,6.0,-4.0,-27.0
1776887031.9641027,6.0,-4.0,-29.0
1776887031.9741027,12.0,-6.0,-35.0
1776887031.9841027,8.0,-3.0,-38.0
1776887031.9951026,7.0,-3.0,-35.0
1776887032.0051026,2.0,-6.0,-36.0
1776887032.0141027,5.0,-3.0,-35.0
1776887032.0251029,4.0,-2.0,-32.0
1776887032.0351028,6.0,0.0,-29.0
1776887032.0451028,8.0,0.0,-29.0
1776887032.0551028,5.0,5.0,-28.0
1776887032.0651028,6.0,6.0,-32.0
1776887032.0751028,3.0,1.0,-35.0
1776887032.0851028,5.0,3.0,-33.0
1776887032.0951028,8.0,2.0,-34.0
1776887032.1051028,1.0,1.0,-35.0
1776887032.1151028,0.0,2.0,-31.0
1776887032.1251028,1.0,-2.0,-30.0
1776887032.1351027,1.0,-3.0,-35.0
1776887032.1451027,2.0,-1.0,-31.0
1776887032.1551027,4.0,3.0,-30.0
1776887032.1651027,7.0,4.0,-29.0
1776887032.1751027,12.0,4.0,-32.0
1776887032.1851027,12.0,0.0,-32.0
1776887032.1951027,11.0,0.0,-42.0
1776887032.2051027,8.0,-1.0,-45.0
1776887032.215103,2.0,-1.0,-47.0
1776887032.225103,-1.0,-3.0,-42.0
1776887032.235103,-1.0,-5.0,-34.0
1776887032.2451026,0.0,-6.0,-33.0
1776887032.2551026,0.0,-8.0,-35.0
1776887032.2651026,3.0,-9.0,-37.0
1776887032.2751029,2.0,-9.0,-35.0
1776887032.2851028,0.0,-7.0,-34.0
1776887032.2951028,0.0,-2.0,-34.0
1776887032.3051028,-2.0,-1.0,-31.0
1776887032.3151028,-2.0,-4.0,-31.0
1776887032.3251028,0.0,-1.0,-37.0
1776887032.3351028,-4.0,-5.0,-36.0
1776887032.3451028,-6.0,-10.0,-31.0
1776887032.3551028,-7.0,-6.0,-32.0
1776887032.3651028,-8.0,-3.0,-33.0
1776887032.3751028,-4.0,-1.0,-32.0
1776887032.3851027,-1.0,0.0,-33.0
1776887032.3951027,-3.0,-1.0,-29.0
1776887032.4051027,-4.0,0.0,-36.0
1776887032.4151027,0.0,0.0,-39.0
1776887032.4251027,2.0,-2.0,-38.0
1776887032.4351027,1.0,-2.0,-43.0
1776887032.4451027,0.0,-4.0,-44.0
1776887032.4551027,1.0,-5.0,-39.0
1776887032.465103,-4.0,-7.0,-35.0
1776887032.475103,-3.0,-6.0,-31.0
1776887032.485103,-2.0,-7.0,-29.0
1776887032.4951026,-2.0,-9.0,-32.0
1776887032.5051026,-3.0,-9.0,-39.0
1776887032.5151026,-4.0,-11.0,-35.0
1776887032.5251029,-4.0,-6.0,-37.0
1776887032.5351028,-3.0,-3.0,-38.0
1776887032.5451028,0.0,0.0,-43.0
1776887032.5551028,0.0,0.0,-45.0
1776887032.5651028,1.0,3.0,-47.0
1776887032.5751028,6.0,1.0,-46.0
1776887032.5851028,6.0,1.0,-48.0
1776887032.5951028,5.0,0.0,-43.0
1776887032.6051028,-2.0,-1.0,-35.0
1776887032.6151028,-6.0,-1.0,-39.0
1776887032.6251028,-5.0,1.0,-45.0
1776887032.6351027,-6.0,0.0,-47.0
1776887032.6451027,0.0,-1.0,-43.0
1776887032.6551027,1.0,-1.0,-36.0
1776887032.6651027,2.0,-5.0,-36.0
1776887032.6751027,4.0,-3.0,-39.0
1776887032.6851027,4.0,-1.0,-41.0
1776887032.6951027,3.0,-3.0,-41.0
1776887032.7051027,6.0,-2.0,-47.0
1776887032.715103,6.0,-6.0,-43.0
1776887032.725103,2.0,-7.0,-42.0
1776887032.735103,1.0,-4.0,-39.0
1776887032.7451026,0.0,-2.0,-34.0
1776887032.7551026,0.0,1.0,-30.0
1776887032.7651026,2.0,5.0,-32.0
1776887032.7751029,4.0,6.0,-37.0
1776887032.7851028,4.0,3.0,-39.0
1776887032.7951028,5.0,0.0,-43.0
1776887032.8051028,5.0,1.0,-48.0
1776887032.8151028,3.0,0.0,-48.0
1776887032.8251028,1.0,2.0,-48.0
1776887032.8351028,3.0,0.0,-45.0
1776887032.8451028,4.0,1.0,-36.0
1776887032.8551028,4.0,3.0,-35.0
1776887032.8651028,-3.0,2.0,-41.0
1776887032.8751028,0.0,1.0,-39.0
1776887032.8851027,1.0,1.0,-41.0
1776887032.8951027,0.0,0.0,-41.0
1776887032.9051027,0.0,0.0,-39.0
1776887032.9151027,1.0,-1.0,-44.0
1776887032.9251027,1.0,0.0,-40.0
1776887032.9351027,-2.0,0.0,-36.0
1776887032.9451027,-2.0,3.0,-39.0
1776887032.9551027,4.0,1.0,-36.0
1776887032.965103,5.0,5.0,-37.0
1776887032.975103,6.0,1.0,-34.0
1776887032.985103,4.0,0.0,-33.0
1776887032.9951026,1.0,0.0,-26.0
1776887033.0051026,0.0,-1.0,-23.0
1776887033.0151026,-2.0,0.0,-25.0
1776887033.0251029,-5.0,-3.0,-29.0
1776887033.0351028,-5.0,-2.0,-38.0
1776887033.0451028,-6.0,-4.0,-38.0
1776887033.0551028,-3.0,-5.0,-35.0
1776887033.0651028,-12.0,-7.0,-36.0
1776887033.0751028,-15.0,-10.0,-30.0
1776887033.0851028,-12.0,-9.0,-33.0
1776887033.0951028,-9.0,-9.0,-31.0
1776887033.1051028,-9.0,-9.0,-32.0
1776887033.1151028,-1.0,-11.0,-39.0
1776887033.1251028,2.0,-8.0,-42.0
1776887033.1351027,6.0,-7.0,-40.0
1776887033.1451027,2.0,-6.0,-45.0
1776887033.1551027,-1.0,-6.0,-42.0
1776887033.1651027,-2.0,-7.0,-39.0
1776887033.1751027,3.0,-5.0,-41.0
1776887033.1851027,6.0,-5.0,-46.0
1776887033.1951027,2.0,0.0,-43.0
1776887033.2051027,1.0,3.0,-38.0
1776887033.215103,-2.0,4.0,-35.0
1776887033.225103,-2.0,8.0,-35.0
1776887033.235103,0.0,5.0,-39.0
1776887033.2451026,0.0,-2.0,-39.0
1776887033.2551026,-4.0,-8.0,-42.0
1776887033.2651026,-6.0,-5.0,-41.0
1776887033.2751029,-5.0,-6.0,-46.0
1776887033.2851028,-2.0,-4.0,-42.0
1776887033.2951028,0.0,-2.0,-43.0
1776887033.3051028,2.0,0.0,-38.0
1776887033.3151028,0.0,0.0,-35.0
1776887033.3251028,-2.0,1.0,-25.0
1776887033.3351028,0.0,1.0,-22.0
1776887033.3451028,-5.0,2.0,-23.0
1776887033.3551028,-7.0,7.0,-27.0
1776887033.3651028,-7.0,6.0,-32.0
1776887033.3751028,-6.0,3.0,-36.0
1776887033.3851027,-8.0,2.0,-41.0
1776887033.3951027,-6.0,3.0,-33.0
1776887033.4051027,-8.0,6.0,-39.0
1776887033.4151027,-7.0,7.0,-38.0
1776887033.4251027,-10.0,8.0,-40.0
1776887033.4351027,-7.0,1.0,-42.0
1776887033.4451027,-5.0,0.0,-45.0
1776887033.4551027,-1.0,-3.0,-39.0
1776887033.465103,-1.0,-1.0,-34.0
1776887033.475103,0.0,0.0,-43.0
1776887033.485103,1.0,-2.0,-45.0
1776887033.4951026,0.0,-5.0,-46.0
1776887033.5051026,-4.0,-3.0,-49.0
1776887033.5151026,-2.0,-2.0,-50.0
1776887033.5251029,-2.0,0.0,-39.0
1776887033.5351028,1.0,1.0,-28.0
1776887033.5451028,3.0,0.0,-32.0
1776887033.5551028,1.0,-1.0,-34.0
1776887033.5651028,2.0,-3.0,-40.0
1776887033.5751028,3.0,-3.0,-42.0
1776887033.5851028,3.0,0.0,-42.0
1776887033.5951028,0.0,-5.0,-49.0
1776887033.6051028,3.0,-1.0,-48.0
1776887033.6151028,1.0,0.0,-45.0
1776887033.6251028,-2.0,2.0,-40.0
1776887033.6351027,-5.0,1.0,-38.0
1776887033.6451027,-1.0,2.0,-44.0
1776887033.6551027,-1.0,3.0,-41.0
1776887033.6651027,-1.0,4.0,-44.0
1776887033.6751027,-2.0,4.0,-38.0
1776887033.6851027,0.0,5.0,-34.0
1776887033.6951027,3.0,6.0,-29.0
1776887033.7051027,5.0,3.0,-32.0
1776887033.715103,6.0,2.0,-31.0
1776887033.725103,4.0,0.0,-25.0
1776887033.735103,7.0,-2.0,-29.0
1776887033.7451026,10.0,-2.0,-27.0
1776887033.7551026,9.0,-4.0,-26.0
1776887033.7651026,11.0,-3.0,-27.0
1776887033.7751029,10.0,-2.0,-29.0
1776887033.7851028,4.0,-2.0,-29.0
1776887033.7951028,5.0,-6.0,-32.0
1776887033.8051028,7.0,-2.0,-40.0
1776887033.8151028,4.0,0.0,-42.0
1776887033.8251028,4.0,2.0,-39.0
1776887033.8351028,5.0,1.0,-38.0
1776887033.8451028,8.0,2.0,-38.0
1776887033.8551028,8.0,4.0,-36.0
1776887033.8651028,6.0,6.0,-36.0
1776887033.8751028,3.0,2.0,-38.0
1776887033.8851027,4.0,3.0,-41.0
1776887033.8951027,5.0,1.0,-40.0
1776887033.9051027,4.0,3.0,-40.0
1776887033.9151027,0.0,0.0,-38.0
1776887033.9251027,0.0,-1.0,-37.0
1776887033.9351027,-4.0,-1.0,-38.0
1776887033.9451027,-4.0,0.0,-36.0
1776887033.9551027,-6.0,2.0,-38.0
1776887033.965103,-1.0,1.0,-41.0
1776887033.975103,0.0,1.0,-38.0
1776887033.985103,4.0,0.0,-35.0
1776887033.9951026,1.0,0.0,-39.0
1776887034.0051026,-3.0,1.0,-36.0
1776887034.0151026,-5.0,4.0,-34.0
1776887034.0261028,-7.0,6.0,-39.0
1776887034.0351028,-5.0,5.0,-39.0
1776887034.0461028,-3.0,1.0,-40.0
1776887034.0561028,0.0,1.0,-39.0
1776887034.0661027,-1.0,-5.0,-38.0
1776887034.0761027,0.0,-6.0,-37.0
1776887034.0861027,-1.0,-6.0,-39.0
1776887034.0961027,0.0,-4.0,-39.0
1776887034.1061027,-1.0,-2.0,-33.0
1776887034.1161027,-5.0,-6.0,-34.0
1776887034.1261027,-2.0,-4.0,-33.0
1776887034.136103,-5.0,-5.0,-34.0
1776887034.146103,-4.0,-7.0,-41.0
1776887034.156103,-1.0,-8.0,-46.0
1776887034.1661026,0.0,-6.0,-45.0
1776887034.1761026,0.0,-5.0,-43.0
1776887034.1861026,1.0,0.0,-44.0
1776887034.1961029,3.0,-1.0,-41.0
1776887034.2061028,6.0,1.0,-41.0
1776887034.2161028,3.0,-1.0,-39.0
1776887034.2261028,2.0,0.0,-38.0
1776887034.2361028,5.0,5.0,-38.0
1776887034.2461028,5.0,3.0,-42.0
1776887034.2561028,3.0,1.0,-47.0
1776887034.2661028,4.0,0.0,-47.0
1776887034.2761028,6.0,4.0,-50.0
1776887034.2861028,8.0,4.0,-49.0
1776887034.2961028,8.0,2.0,-49.0
1776887034.3061028,8.0,1.0,-45.0
1776887034.3161027,4.0,-1.0,-48.0
1776887034.3261027,1.0,-5.0,-45.0
1776887034.3361027,3.0,-7.0,-38.0
1776887034.3461027,4.0,-5.0,-29.0
1776887034.3561027,4.0,-6.0,-33.0
1776887034.3661027,3.0,-5.0,-26.0
1776887034.3761027,1.0,-6.0,-30.0
1776887034.386103,2.0,-7.0,-33.0
1776887034.396103,6.0,-6.0,-35.0
1776887034.406103,8.0,-4.0,-42.0
1776887034.4161026,4.0,-2.0,-42.0
1776887034.4261026,3.0,-5.0,-34.0
1776887034.4361026,3.0,-2.0,-32.0
1776887034.4461029,4.0,2.0,-31.0
1776887034.4561028,0.0,1.0,-34.0
1776887034.4661028,-1.0,0.0,-35.0
1776887034.4761028,-3.0,0.0,-33.0
1776887034.4861028,-4.0,3.0,-37.0
1776887034.4961028,-2.0,-2.0,-43.0
1776887034.5061028,-1.0,-4.0,-44.0
1776887034.5161028,-7.0,-6.0,-44.0
1776887034.5261028,-7.0,-5.0,-36.0
1776887034.5361028,0.0,0.0,-39.0
1776887034.5461028,6.0,-1.0,-40.0
1776887034.5561028,4.0,-4.0,-40.0
1776887034.5661027,4.0,-3.0,-45.0
1776887034.5761027,-1.0,-4.0,-47.0
1776887034.5861027,2.0,0.0,-53.0
1776887034.5961027,4.0,2.0,-54.0
1776887034.6061027,4.0,1.0,-50.0
1776887034.6161027,7.0,0.0,-38.0
1776887034.6261027,5.0,-1.0,-42.0
1776887034.636103,1.0,0.0,-44.0
1776887034.646103,2.0,0.0,-49.0
1776887034.656103,4.0,-6.0,-41.0
1776887034.6661026,2.0,-4.0,-34.0
1776887034.6761026,5.0,-5.0,-35.0
1776887034.6861026,8.0,-5.0,-35.0
1776887034.6961029,5.0,-3.0,-43.0
1776887034.7061028,5.0,-2.0,-42.0
1776887034.7161028,5.0,1.0,-44.0
1776887034.7261028,4.0,0.0,-47.0
1776887034.7361028,8.0,0.0,-45.0
1776887034.7461028,4.0,-2.0,-42.0
1776887034.7561028,3.0,-1.0,-42.0
1776887034.7661028,3.0,-2.0,-39.0
1776887034.7761028,1.0,-2.0,-36.0
1776887034.7861028,3.0,-1.0,-38.0
1776887034.7961028,1.0,-3.0,-40.0
1776887034.8061028,2.0,0.0,-39.0
1776887034.8161027,3.0,-2.0,-40.0
1776887034.8261027,2.0,-2.0,-42.0
1776887034.8361027,1.0,-4.0,-35.0
1776887034.8461027,0.0,-3.0,-31.0
1776887034.8561027,3.0,0.0,-33.0
1776887034.8661027,2.0,-1.0,-40.0
1776887034.8761027,-2.0,-2.0,-41.0
1776887034.886103,-3.0,-2.0,-39.0
1776887034.896103,-5.0,4.0,-39.0
1776887034.906103,0.0,4.0,-34.0
1776887034.9161026,-3.0,2.0,-33.0
1776887034.9261026,-5.0,0.0,-38.0
1776887034.9361026,-3.0,0.0,-42.0
1776887034.9461029,-4.0,-4.0,-39.0
1776887034.9561028,-8.0,-7.0,-46.0
1776887034.9661028,-3.0,-10.0,-44.0
1776887034.9761028,0.0,-7.0,-42.0
1776887034.9861028,-1.0,-3.0,-41.0
1776887034.9961028,-1.0,-1.0,-40.0
1776887035.0061028,-2.0,-3.0,-40.0
1776887035.0161028,-1.0,-1.0,-33.0
1776887035.0261028,-3.0,0.0,-32.0
1776887035.0361028,-2.0,2.0,-31.0
1776887035.0461028,-6.0,4.0,-34.0
1776887035.0561028,-6.0,4.0,-31.0
1776887035.0661027,-6.0,5.0,-36.0
1776887035.0761027,-2.0,4.0,-35.0
1776887035.0861027,0.0,1.0,-40.0
1776887035.0961027,3.0,0.0,-40.0
1776887035.1061027,5.0,-3.0,-43.0
1776887035.1161027,5.0,-7.0,-39.0
1776887035.1261027,5.0,-10.0,-35.0
1776887035.136103,5.0,-10.0,-36.0
1776887035.146103,4.0,-8.0,-43.0
1776887035.156103,2.0,-6.0,-40.0
1776887035.1661026,2.0,0.0,-38.0
1776887035.1761026,0.0,0.0,-34.0
1776887035.1861026,0.0,0.0,-35.0
1776887035.1961029,-2.0,0.0,-38.0
1776887035.2061028,2.0,0.0,-42.0
1776887035.2161028,-1.0,-1.0,-42.0
1776887035.2261028,-2.0,-4.0,-40.0
1776887035.2361028,0.0,-4.0,-44.0
1776887035.2461028,-1.0,-1.0,-47.0
1776887035.2561028,-1.0,2.0,-43.0
1776887035.2661028,-3.0,-2.0,-41.0
1776887035.2761028,-1.0,-6.0,-42.0
1776887035.2861028,-2.0,-8.0,-38.0
1776887035.2961028,-3.0,-3.0,-31.0
1776887035.3061028,-4.0,0.0,-27.0
1776887035.3161027,0.0,-2.0,-29.0
1776887035.3261027,2.0,-1.0,-36.0
1776887035.3361027,1.0,0.0,-34.0
1776887035.3461027,6.0,-7.0,-30.0
1776887035.3561027,4.0,-9.0,-34.0
1776887035.3661027,2.0,-9.0,-42.0
1776887035.3761027,1.0,-5.0,-39.0
1776887035.386103,-1.0,-6.0,-44.0
1776887035.396103,-1.0,-7.0,-47.0
1776887035.406103,0.0,-5.0,-44.0
1776887035.4161026,4.0,-7.0,-40.0
1776887035.4261026,5.0,-7.0,-36.0
1776887035.4361026,4.0,-5.0,-38.0
1776887035.4461029,3.0,-3.0,-36.0
1776887035.4561028,0.0,-3.0,-36.0
1776887035.4661028,2.0,-6.0,-34.0
1776887035.4761028,-5.0,-2.0,-39.0
1776887035.4861028,-2.0,-3.0,-39.0
1776887035.4961028,0.0,-1.0,-41.0
1776887035.5061028,2.0,0.0,-42.0
1776887035.5161028,5.0,-6.0,-46.0
1776887035.5261028,0.0,-6.0,-46.0
1776887035.5361028,3.0,-5.0,-44.0
1776887035.5461028,3.0,-5.0,-39.0
1776887035.5561028,0.0,-3.0,-34.0
1776887035.5661027,1.0,-1.0,-37.0
1776887035.5761027,1.0,-3.0,-40.0
1776887035.5861027,0.0,1.0,-44.0
1776887035.5961027,0.0,0.0,-44.0
1776887035.6061027,4.0,0.0,-44.0
1776887035.6161027,6.0,0.0,-41.0
1776887035.6261027,10.0,-1.0,-40.0
1776887035.636103,11.0,1.0,-39.0
1776887035.646103,13.0,-1.0,-35.0
1776887035.656103,12.0,-2.0,-35.0
1776887035.6661026,11.0,0.0,-32.0
1776887035.6761026,9.0,4.0,-31.0
1776887035.6861026,1.0,2.0,-33.0
1776887035.6961029,0.0,0.0,-32.0
1776887035.7061028,4.0,-1.0,-36.0
1776887035.7161028,4.0,-1.0,-41.0
1776887035.7261028,2.0,2.0,-42.0
1776887035.7361028,0.0,3.0,-47.0
1776887035.7461028,0.0,1.0,-48.0
1776887035.7561028,0.0,0.0,-50.0
1776887035.7661028,0.0,-4.0,-42.0
1776887035.7761028,-1.0,-3.0,-38.0
1776887035.7861028,0.0,-4.0,-42.0
1776887035.7961028,2.0,-5.0,-44.0
1776887035.8061028,0.0,-8.0,-41.0
1776887035.8161027,1.0,-6.0,-36.0
1776887035.8261027,4.0,-6.0,-41.0
1776887035.8361027,4.0,-4.0,-40.0
1776887035.8471026,1.0,-3.0,-37.0
1776887035.8561027,2.0,0.0,-40.0
1776887035.8661027,2.0,1.0,-44.0
1776887035.8761027,0.0,1.0,-43.0
1776887035.886103,0.0,-3.0,-38.0
1776887035.896103,-5.0,-3.0,-41.0
1776887035.906103,-3.0,-2.0,-38.0
1776887035.9161026,-4.0,-6.0,-35.0
1776887035.9261026,0.0,-7.0,-29.0
1776887035.9361026,2.0,-3.0,-35.0
1776887035.9461029,0.0,-4.0,-41.0
1776887035.9561028,-1.0,-5.0,-40.0
1776887035.9661028,4.0,-2.0,-37.0
1776887035.9761028,2.0,0.0,-40.0
1776887035.9861028,-1.0,2.0,-41.0
1776887035.9961028,0.0,2.0,-37.0
1776887036.0061028,0.0,0.0,-36.0
1776887036.0171027,0.0,-1.0,-33.0
1776887036.0261028,0.0,-3.0,-16.0
1776887036.0371027,-1.0,-4.0,-16.0
1776887036.0471027,0.0,-5.0,-23.0
1776887036.0561028,4.0,-1.0,-23.0
1776887036.067103,1.0,-2.0,-27.0
1776887036.077103,-1.0,-5.0,-28.0
1776887036.087103,-1.0,-5.0,-24.0
1776887036.0971026,-2.0,-7.0,-28.0
1776887036.1071026,-3.0,-9.0,-34.0
1776887036.1171026,-5.0,-6.0,-36.0
1776887036.1271029,-7.0,-3.0,-37.0
1776887036.1371028,-3.0,-4.0,-39.0
1776887036.1471028,-3.0,-2.0,-37.0
1776887036.1571028,-4.0,-1.0,-37.0
1776887036.1671028,-1.0,0.0,-43.0
1776887036.1771028,0.0,0.0,-43.0
1776887036.1871028,0.0,1.0,-43.0
1776887036.1971028,-2.0,-2.0,-42.0
1776887036.2071028,0.0,0.0,-40.0
1776887036.2171028,-3.0,-5.0,-40.0
1776887036.2271028,0.0,-6.0,-31.0
1776887036.2371027,2.0,-3.0,-35.0
1776887036.2471027,5.0,-2.0,-33.0
1776887036.2571027,3.0,-2.0,-29.0
1776887036.2671027,0.0,-6.0,-37.0
1776887036.2771027,-1.0,-7.0,-42.0
1776887036.2871027,3.0,-7.0,-43.0
1776887036.2971027,2.0,-7.0,-39.0
1776887036.307103,0.0,-9.0,-35.0
1776887036.317103,0.0,-5.0,-37.0
1776887036.327103,4.0,-4.0,-33.0
1776887036.337103,2.0,-7.0,-30.0
1776887036.3471026,6.0,-6.0,-34.0
1776887036.3571026,3.0,-9.0,-30.0
1776887036.3671026,5.0,-10.0,-31.0
1776887036.3771029,4.0,-8.0,-39.0
1776887036.3871028,6.0,-7.0,-36.0
1776887036.3971028,7.0,-3.0,-38.0
1776887036.4071028,6.0,-3.0,-35.0
1776887036.4171028,4.0,-5.0,-37.0
1776887036.4271028,0.0,-10.0,-41.0
1776887036.4371028,0.0,-12.0,-41.0
1776887036.4471028,0.0,-14.0,-37.0
1776887036.4571028,-1.0,-11.0,-34.0
1776887036.4671028,7.0,-4.0,-38.0
1776887036.4771028,6.0,-6.0,-46.0
1776887036.4871027,2.0,-8.0,-42.0
1776887036.4971027,-3.0,-9.0,-42.0
1776887036.5071027,-3.0,-7.0,-42.0
1776887036.5171027,-3.0,-9.0,-43.0
1776887036.5271027,-1.0,-6.0,-41.0
1776887036.5371027,0.0,-3.0,-38.0
1776887036.5471027,0.0,1.0,-36.0
1776887036.557103,1.0,1.0,-39.0
1776887036.567103,3.0,0.0,-39.0
1776887036.577103,8.0,-4.0,-42.0
1776887036.587103,9.0,-2.0,-38.0
1776887036.5971026,6.0,0.0,-41.0
1776887036.6071026,9.0,0.0,-45.0
1776887036.6171026,14.0,-2.0,-45.0
1776887036.6271029,10.0,-3.0,-45.0
1776887036.6371028,7.0,-1.0,-49.0
1776887036.6471028,7.0,-5.0,-49.0
1776887036.6571028,4.0,-3.0,-51.0
1776887036.6671028,4.0,-5.0,-47.0
1776887036.6771028,3.0,-7.0,-45.0
1776887036.6871028,3.0,-6.0,-42.0
1776887036.6971028,1.0,-8.0,-46.0
1776887036.7071028,1.0,-4.0,-46.0
1776887036.7171028,0.0,-2.0,-44.0
1776887036.7271028,1.0,-3.0,-47.0
1776887036.7371027,4.0,-3.0,-43.0
1776887036.7471027,5.0,-2.0,-39.0
1776887036.7571027,0.0,-4.0,-41.0
1776887036.7671027,2.0,-3.0,-50.0
1776887036.7771027,-2.0,-5.0,-47.0
1776887036.7871027,0.0,-4.0,-42.0
1776887036.7971027,-3.0,-3.0,-41.0
1776887036.807103,-4.0,-4.0,-34.0
1776887036.817103,-2.0,-6.0,-38.0
1776887036.827103,2.0,-5.0,-41.0
1776887036.837103,4.0,-5.0,-42.0
1776887036.8471026,2.0,-5.0,-37.0
1776887036.8571026,3.0,0.0,-42.0
1776887036.8671026,3.0,-1.0,-50.0
1776887036.8771029,2.0,-4.0,-44.0
1776887036.8871028,6.0,-3.0,-40.0
1776887036.8971028,10.0,-3.0,-37.0
1776887036.9071028,4.0,-1.0,-38.0
1776887036.9171028,3.0,3.0,-35.0
1776887036.9271028,1.0,0.0,-37.0
1776887036.9371028,2.0,0.0,-35.0
1776887036.9471028,1.0,-3.0,-33.0
1776887036.9571028,-2.0,-7.0,-31.0
1776887036.9671028,-1.0,-2.0,-39.0
1776887036.9771028,-1.0,0.0,-34.0
1776887036.9871027,-2.0,-3.0,-33.0
1776887036.9971027,4.0,-4.0,-33.0
1776887037.0071027,3.0,-2.0,-33.0
1776887037.0171027,4.0,-6.0,-31.0
1776887037.0271027,1.0,-1.0,-33.0
1776887037.0371027,4.0,1.0,-33.0
1776887037.0471027,6.0,-2.0,-37.0
1776887037.057103,5.0,-5.0,-37.0
1776887037.067103,0.0,-2.0,-35.0
1776887037.077103,1.0,-6.0,-33.0
1776887037.087103,2.0,-3.0,-29.0
1776887037.0971026,4.0,-4.0,-32.0
1776887037.1071026,7.0,-4.0,-42.0
1776887037.1171026,8.0,-5.0,-40.0
1776887037.1271029,9.0,-6.0,-44.0
1776887037.1371028,9.0,-2.0,-35.0
1776887037.1471028,12.0,-1.0,-35.0
1776887037.1571028,10.0,-1.0,-38.0
1776887037.1671028,9.0,-1.0,-34.0
1776887037.1771028,9.0,2.0,-33.0
1776887037.1871028,11.0,1.0,-34.0
1776887037.1971028,7.0,0.0,-40.0
1776887037.2071028,7.0,1.0,-44.0
1776887037.2171028,5.0,1.0,-43.0
1776887037.2271028,1.0,0.0,-40.0
1776887037.2371027,2.0,-2.0,-38.0
1776887037.2471027,3.0,0.0,-44.0
1776887037.2571027,5.0,-5.0,-45.0
1776887037.2671027,3.0,-5.0,-37.0
1776887037.2771027,7.0,-7.0,-34.0
1776887037.2871027,7.0,-3.0,-32.0
1776887037.2971027,4.0,-4.0,-36.0
1776887037.307103,3.0,-2.0,-39.0
1776887037.317103,5.0,0.0,-38.0
1776887037.327103,5.0,-2.0,-44.0
1776887037.337103,8.0,-3.0,-44.0
1776887037.3471026,10.0,-3.0,-42.0
1776887037.3571026,7.0,-1.0,-39.0
1776887037.3671026,2.0,-2.0,-41.0
1776887037.3771029,0.0,-3.0,-39.0
1776887037.3871028,-1.0,-4.0,-35.0
1776887037.3971028,2.0,-3.0,-31.0
1776887037.4071028,3.0,-1.0,-30.0
1776887037.4171028,2.0,0.0,-32.0
1776887037.4271028,1.0,0.0,-28.0
1776887037.4371028,0.0,2.0,-23.0
1776887037.4471028,4.0,2.0,-26.0
1776887037.4571028,0.0,0.0,-29.0
1776887037.4671028,1.0,3.0,-28.0
1776887037.4771028,3.0,3.0,-34.0
1776887037.4871027,5.0,0.0,-39.0
1776887037.4971027,10.0,-3.0,-35.0
1776887037.5071027,10.0,-2.0,-33.0
1776887037.5171027,7.0,-3.0,-28.0
1776887037.5271027,9.0,-2.0,-32.0
1776887037.5371027,7.0,-3.0,-32.0
1776887037.5471027,6.0,-5.0,-37.0
1776887037.557103,1.0,-5.0,-32.0
1776887037.567103,1.0,-5.0,-35.0
1776887037.577103,-2.0,-2.0,-26.0
1776887037.587103,-4.0,-3.0,-22.0
1776887037.5971026,-7.0,-8.0,-23.0
1776887037.6071026,-7.0,-7.0,-26.0
1776887037.6171026,-4.0,-6.0,-32.0
1776887037.6271029,0.0,-7.0,-29.0
1776887037.6371028,3.0,-1.0,-28.0
1776887037.6471028,-1.0,-2.0,-29.0
1776887037.6571028,0.0,-2.0,-24.0
1776887037.6671028,-4.0,-2.0,-21.0
1776887037.6771028,-4.0,-4.0,-21.0
1776887037.6871028,-6.0,-5.0,-24.0
1776887037.6971028,-4.0,-6.0,-28.0
1776887037.7071028,-7.0,-3.0,-34.0
1776887037.7171028,-3.0,-1.0,-35.0
1776887037.7271028,-6.0,1.0,-33.0
1776887037.7371027,-2.0,0.0,-38.0
1776887037.7471027,-1.0,0.0,-35.0
1776887037.7571027,3.0,0.0,-34.0
1776887037.7671027,6.0,-1.0,-34.0
1776887037.7771027,4.0,-1.0,-39.0
1776887037.7871027,0.0,-2.0,-38.0
1776887037.7971027,4.0,-1.0,-48.0
1776887037.807103,4.0,0.0,-50.0
1776887037.817103,6.0,0.0,-51.0
1776887037.827103,7.0,-4.0,-49.0
1776887037.837103,2.0,-1.0,-52.0
1776887037.8471026,5.0,0.0,-51.0
1776887037.8571026,3.0,0.0,-49.0
1776887037.8671026,4.0,2.0,-51.0
1776887037.8771029,1.0,2.0,-42.0
1776887037.8871028,0.0,2.0,-36.0
1776887037.8971028,1.0,0.0,-30.0
1776887037.9071028,1.0,3.0,-37.0
1776887037.9171028,3.0,4.0,-34.0
1776887037.9271028,2.0,2.0,-38.0
1776887037.9371028,0.0,-2.0,-33.0
1776887037.9471028,0.0,-4.0,-29.0
1776887037.9571028,2.0,-3.0,-33.0
1776887037.9671028,5.0,1.0,-35.0
1776887037.9771028,6.0,2.0,-35.0
1776887037.9871027,4.0,2.0,-34.0
1776887037.9971027,3.0,2.0,-39.0
1776887038.008103,7.0,2.0,-40.0
1776887038.0181026,10.0,1.0,-40.0
1776887038.0281026,5.0,0.0,-44.0
1776887038.0381026,3.0,0.0,-39.0
1776887038.0481029,2.0,0.0,-47.0
1776887038.0581028,0.0,1.0,-51.0
1776887038.0681028,0.0,0.0,-50.0
1776887038.0781028,1.0,2.0,-42.0
1776887038.0881028,1.0,2.0,-30.0
1776887038.0981028,3.0,0.0,-31.0
1776887038.1081028,6.0,-1.0,-29.0
1776887038.1181028,7.0,1.0,-26.0
1776887038.1281028,4.0,3.0,-30.0
1776887038.1381028,0.0,6.0,-31.0
1776887038.1481028,0.0,5.0,-30.0
1776887038.1581028,1.0,7.0,-31.0
1776887038.1681027,6.0,3.0,-33.0
1776887038.1781027,9.0,2.0,-32.0
1776887038.1881027,6.0,2.0,-36.0
1776887038.1981027,3.0,0.0,-35.0
1776887038.2081027,6.0,3.0,-32.0
1776887038.2181027,6.0,7.0,-32.0
1776887038.2281027,1.0,6.0,-33.0
1776887038.238103,1.0,2.0,-29.0
1776887038.248103,0.0,1.0,-32.0
1776887038.258103,-2.0,2.0,-37.0
1776887038.2681026,-2.0,1.0,-39.0
1776887038.2781026,0.0,0.0,-37.0
1776887038.2881026,-5.0,0.0,-37.0
1776887038.2981029,-3.0,-3.0,-37.0
1776887038.3081028,-5.0,-4.0,-39.0
1776887038.3181028,-7.0,0.0,-43.0
1776887038.3281028,-4.0,-1.0,-37.0
1776887038.3381028,1.0,-2.0,-32.0
1776887038.3481028,3.0,-2.0,-23.0
1776887038.3581028,1.0,1.0,-21.0
1776887038.3681028,5.0,-2.0,-23.0
1776887038.3781028,7.0,-3.0,-21.0
1776887038.3881028,6.0,-5.0,-25.0
1776887038.3981028,7.0,-6.0,-30.0
1776887038.4081028,4.0,-7.0,-37.0
1776887038.4181027,1.0,-6.0,-44.0
1776887038.4281027,3.0,-6.0,-43.0
1776887038.4381027,0.0,-8.0,-40.0
1776887038.4481027,1.0,-10.0,-38.0
1776887038.4581027,0.0,-9.0,-35.0
1776887038.4681027,-2.0,-7.0,-35.0
1776887038.4781027,2.0,-3.0,-39.0
1776887038.488103,0.0,5.0,-41.0
1776887038.498103,-2.0,4.0,-43.0
1776887038.508103,-1.0,0.0,-43.0
1776887038.5181026,1.0,-4.0,-38.0
1776887038.5281026,0.0,-4.0,-37.0
1776887038.5381026,-3.0,-2.0,-41.0
1776887038.5481029,0.0,2.0,-40.0
1776887038.5581028,3.0,7.0,-42.0
1776887038.5681028,2.0,7.0,-46.0
1776887038.5781028,-3.0,5.0,-48.0
1776887038.5881028,-1.0,3.0,-43.0
1776887038.5981028,0.0,8.0,-34.0
1776887038.6081028,0.0,7.0,-33.0
1776887038.6181028,0.0,6.0,-36.0
1776887038.6281028,0.0,3.0,-36.0
1776887038.6381028,3.0,4.0,-27.0
1776887038.6481028,3.0,3.0,-28.0
1776887038.6581028,0.0,2.0,-27.0
1776887038.6681027,-2.0,3.0,-28.0
1776887038.6781027,-3.0,-1.0,-30.0
1776887038.6881027,-3.0,-8.0,-27.0
1776887038.6981027,-6.0,-6.0,-33.0
1776887038.7081027,-4.0,-3.0,-40.0
1776887038.7181027,-1.0,-7.0,-39.0
1776887038.7281027,2.0,-3.0,-43.0
1776887038.738103,2.0,-3.0,-40.0
1776887038.748103,-2.0,0.0,-40.0
1776887038.758103,-3.0,-5.0,-38.0
1776887038.7681026,-2.0,-7.0,-36.0
1776887038.7781026,-1.0,-10.0,-35.0
1776887038.7881026,0.0,-4.0,-35.0
1776887038.7981029,-1.0,-1.0,-33.0
1776887038.8081028,0.0,-4.0,-39.0
1776887038.8181028,-1.0,-2.0,-33.0
1776887038.8281028,4.0,-10.0,-26.0
1776887038.8381028,6.0,-10.0,-28.0
1776887038.8481028,7.0,-11.0,-35.0
1776887038.8581028,4.0,-8.0,-44.0
1776887038.8681028,-1.0,-9.0,-41.0
1776887038.8781028,-2.0,-4.0,-38.0
1776887038.8881028,0.0,-1.0,-37.0
1776887038.8981028,2.0,-1.0,-37.0
1776887038.9081028,2.0,-3.0,-37.0
1776887038.9181027,3.0,-6.0,-39.0
1776887038.9281027,6.0,-4.0,-41.0
1776887038.9381027,3.0,-2.0,-40.0
1776887038.9481027,1.0,1.0,-41.0
1776887038.9581027,0.0,1.0,-46.0
1776887038.9681027,1.0,2.0,-46.0
1776887038.9781027,2.0,1.0,-42.0
1776887038.988103,1.0,1.0,-34.0
1776887038.998103,-4.0,0.0,-30.0
1776887039.008103,0.0,-3.0,-31.0
1776887039.0181026,1.0,-1.0,-34.0
1776887039.0281026,4.0,-2.0,-36.0
1776887039.0381026,2.0,0.0,-38.0
1776887039.0481029,6.0,-1.0,-36.0
1776887039.0581028,10.0,-1.0,-34.0
1776887039.0681028,8.0,-5.0,-34.0
1776887039.0781028,9.0,-4.0,-34.0
1776887039.0881028,7.0,-3.0,-32.0
1776887039.0981028,2.0,-5.0,-40.0
1776887039.1081028,1.0,-3.0,-37.0
1776887039.1181028,0.0,0.0,-34.0
1776887039.1281028,0.0,0.0,-35.0
1776887039.1381028,-1.0,6.0,-34.0
1776887039.1481028,4.0,7.0,-38.0
1776887039.1581028,7.0,1.0,-37.0
1776887039.1681027,9.0,-1.0,-44.0
1776887039.1781027,4.0,-1.0,-39.0
1776887039.1881027,1.0,0.0,-32.0
1776887039.1981027,1.0,5.0,-35.0
1776887039.2081027,4.0,3.0,-32.0
1776887039.2181027,5.0,4.0,-36.0
1776887039.2281027,0.0,4.0,-36.0
1776887039.238103,-3.0,4.0,-38.0
1776887039.248103,-2.0,0.0,-45.0
1776887039.258103,-3.0,0.0,-50.0
1776887039.2681026,0.0,3.0,-48.0
1776887039.2781026,-3.0,1.0,-45.0
1776887039.2881026,-8.0,1.0,-38.0
1776887039.2981029,-7.0,2.0,-38.0
1776887039.3081028,-5.0,-2.0,-36.0
1776887039.3181028,-6.0,-3.0,-31.0
1776887039.3281028,-7.0,-5.0,-28.0
1776887039.3381028,-6.0,-2.0,-27.0
1776887039.3481028,-8.0,-1.0,-39.0
1776887039.3581028,-8.0,3.0,-39.0
1776887039.3681028,-6.0,0.0,-36.0
1776887039.3781028,-4.0,2.0,-41.0
1776887039.3881028,-3.0,5.0,-41.0
1776887039.3981028,-1.0,7.0,-42.0
1776887039.4081028,4.0,10.0,-40.0
1776887039.4181027,2.0,7.0,-34.0
1776887039.4281027,3.0,4.0,-36.0
1776887039.4381027,-2.0,0.0,-32.0
1776887039.4481027,-9.0,0.0,-28.0
1776887039.4581027,-5.0,2.0,-28.0
1776887039.4681027,-2.0,0.0,-33.0
1776887039.4781027,-4.0,-1.0,-38.0
1776887039.488103,0.0,-3.0,-41.0
1776887039.498103,4.0,-4.0,-38.0
1776887039.508103,5.0,-4.0,-32.0
1776887039.5181026,3.0,-5.0,-30.0
1776887039.5281026,0.0,-5.0,-28.0
1776887039.5381026,0.0,-4.0,-32.0
1776887039.5481029,-3.0,0.0,-35.0
1776887039.5581028,0.0,1.0,-29.0
1776887039.5681028,4.0,0.0,-31.0
1776887039.5781028,0.0,3.0,-34.0
1776887039.5881028,0.0,4.0,-43.0
1776887039.5981028,0.0,5.0,-37.0
1776887039.6081028,3.0,0.0,-45.0
1776887039.6181028,0.0,5.0,-47.0
1776887039.6281028,0.0,7.0,-43.0
1776887039.6381028,0.0,4.0,-40.0
1776887039.6481028,0.0,4.0,-46.0
1776887039.6581028,0.0,1.0,-49.0
1776887039.6681027,0.0,-1.0,-45.0
1776887039.6781027,0.0,-1.0,-46.0
1776887039.6881027,0.0,-4.0,-43.0
1776887039.6981027,-5.0,-1.0,-52.0
1776887039.7081027,-5.0,0.0,-49.0
1776887039.7181027,-4.0,-1.0,-50.0
1776887039.7281027,-6.0,1.0,-51.0
1776887039.738103,-7.0,0.0,-46.0
1776887039.748103,-4.0,1.0,-46.0
1776887039.758103,-3.0,3.0,-44.0
1776887039.7681026,-3.0,5.0,-44.0
1776887039.7781026,-7.0,2.0,-46.0
1776887039.7891028,-11.0,3.0,-42.0
1776887039.7981029,-10.0,2.0,-36.0
1776887039.8081028,-6.0,0.0,-35.0
1776887039.8181028,-1.0,0.0,-35.0
1776887039.8281028,-2.0,-6.0,-40.0
1776887039.8381028,-2.0,-7.0,-42.0
1776887039.8481028,-2.0,-5.0,-44.0
1776887039.8581028,0.0,-6.0,-41.0
1776887039.8681028,1.0,-4.0,-42.0
1776887039.8781028,-3.0,-5.0,-40.0
1776887039.8881028,-3.0,-7.0,-42.0
1776887039.8981028,-3.0,-5.0,-37.0
1776887039.9081028,-2.0,-6.0,-36.0
1776887039.9181027,0.0,-5.0,-35.0
1776887039.9281027,-3.0,-1.0,-34.0
1776887039.9381027,0.0,0.0,-33.0
1776887039.9481027,5.0,2.0,-35.0
1776887039.9581027,7.0,-2.0,-38.0
1776887039.9681027,0.0,-2.0,-41.0
1776887039.9781027,0.0,-6.0,-45.0
1776887039.988103,0.0,-6.0,-42.0
1776887039.998103,2.0,-5.0,-38.0
1776887040.008103,-3.0,0.0,-40.0
1776887040.0181026,1.0,-2.0,-38.0
1776887040.0291028,-4.0,-4.0,-34.0
1776887040.0381026,-4.0,-7.0,-31.0
1776887040.0491028,-3.0,-4.0,-33.0
1776887040.0591028,-5.0,-3.0,-34.0
1776887040.0691028,0.0,-5.0,-37.0
1776887040.0791028,2.0,-2.0,-40.0
1776887040.0891027,0.0,1.0,-34.0
1776887040.0991027,-1.0,-3.0,-35.0
1776887040.1091027,-4.0,-2.0,-38.0
1776887040.1191027,-3.0,-3.0,-38.0
1776887040.1291027,0.0,-5.0,-41.0
1776887040.1391027,0.0,-2.0,-41.0
1776887040.1491027,2.0,-4.0,-40.0
1776887040.159103,-2.0,-2.0,-43.0
1776887040.169103,0.0,-3.0,-41.0
1776887040.179103,2.0,-4.0,-38.0
1776887040.1891026,7.0,-1.0,-36.0
1776887040.1991026,5.0,2.0,-37.0
1776887040.2091026,5.0,4.0,-39.0
1776887040.2191026,4.0,0.0,-38.0
1776887040.2291028,4.0,-2.0,-41.0
1776887040.2391028,9.0,-3.0,-43.0
1776887040.2491028,9.0,2.0,-35.0
1776887040.2591028,1.0,2.0,-26.0
1776887040.2691028,-2.0,1.0,-24.0
1776887040.2791028,-4.0,0.0,-29.0
1776887040.2891028,2.0,-2.0,-27.0
1776887040.2991028,3.0,0.0,-26.0
1776887040.3091028,1.0,1.0,-22.0
1776887040.3191028,1.0,0.0,-27.0
1776887040.3291028,0.0,1.0,-33.0
1776887040.3391027,0.0,0.0,-35.0
1776887040.3491027,0.0,-1.0,-37.0
1776887040.3591027,-2.0,-3.0,-35.0
1776887040.3691027,-2.0,-2.0,-35.0
1776887040.3791027,-2.0,0.0,-37.0
1776887040.3891027,-4.0,1.0,-36.0
1776887040.3991027,-1.0,-2.0,-37.0
1776887040.409103,-1.0,-3.0,-42.0
1776887040.419103,1.0,-4.0,-39.0
1776887040.429103,4.0,-3.0,-45.0
1776887040.4391026,2.0,0.0,-46.0
1776887040.4491026,0.0,2.0,-45.0
1776887040.4591026,0.0,3.0,-50.0
1776887040.4691026,-4.0,3.0,-47.0
1776887040.4791028,-1.0,1.0,-48.0
1776887040.4891028,2.0,1.0,-50.0
1776887040.4991028,3.0,2.0,-45.0
1776887040.5091028,4.0,3.0,-44.0
1776887040.5191028,4.0,2.0,-44.0
1776887040.5291028,1.0,0.0,-44.0
1776887040.5391028,-2.0,-3.0,-40.0
1776887040.5491028,0.0,-3.0,-40.0
1776887040.5591028,0.0,-3.0,-30.0
1776887040.5691028,2.0,0.0,-34.0
1776887040.5791028,-1.0,-2.0,-34.0
1776887040.5891027,1.0,0.0,-34.0
1776887040.5991027,2.0,1.0,-31.0
1776887040.6091027,3.0,0.0,-36.0
1776887040.6191027,5.0,3.0,-31.0
1776887040.6291027,2.0,0.0,-35.0
1776887040.6391027,0.0,2.0,-41.0
1776887040.6491027,-3.0,2.0,-45.0
1776887040.6601028,-3.0,4.0,-42.0
1776887040.669103,-2.0,5.0,-40.0
1776887040.679103,2.0,5.0,-37.0
1776887040.6891026,8.0,2.0,-39.0
1776887040.6991026,10.0,0.0,-42.0
1776887040.7091026,9.0,-2.0,-44.0
1776887040.7191026,6.0,-3.0,-46.0
1776887040.7291028,6.0,2.0,-43.0
1776887040.7391028,1.0,0.0,-37.0
1776887040.7491028,1.0,0.0,-37.0
1776887040.7591028,-1.0,0.0,-41.0
1776887040.7691028,-1.0,1.0,-39.0
1776887040.7791028,0.0,0.0,-34.0
1776887040.7891028,1.0,0.0,-36.0
1776887040.7991028,1.0,-1.0,-37.0
1776887040.8091028,7.0,-1.0,-39.0
1776887040.8191028,6.0,0.0,-40.0
1776887040.8291028,5.0,-1.0,-42.0
1776887040.8391027,6.0,0.0,-40.0
1776887040.8491027,3.0,0.0,-40.0
1776887040.8591027,2.0,-1.0,-44.0
1776887040.8691027,0.0,-2.0,-45.0
1776887040.8791027,1.0,-3.0,-46.0
1776887040.8891027,1.0,-4.0,-50.0
1776887040.8991027,-4.0,-4.0,-51.0
1776887040.909103,-7.0,-6.0,-45.0
1776887040.919103,-4.0,-1.0,-43.0
1776887040.929103,-1.0,0.0,-40.0
1776887040.9391026,1.0,-1.0,-34.0
1776887040.9491026,1.0,0.0,-33.0
1776887040.9591026,-2.0,0.0,-33.0
1776887040.9691026,0.0,0.0,-32.0
1776887040.9791028,-1.0,0.0,-36.0
1776887040.9891028,0.0,2.0,-40.0
1776887040.9991028,1.0,0.0,-45.0
1776887041.0091028,0.0,-2.0,-41.0
1776887041.0191028,2.0,-5.0,-36.0
1776887041.0291028,2.0,-7.0,-37.0
1776887041.0391028,0.0,-7.0,-34.0
1776887041.0491028,-2.0,-7.0,-39.0
1776887041.0591028,-3.0,-3.0,-42.0
1776887041.0691028,-2.0,0.0,-42.0
1776887041.0791028,-2.0,3.0,-44.0
1776887041.0891027,-1.0,3.0,-38.0
1776887041.0991027,0.0,1.0,-35.0
1776887041.1091027,4.0,0.0,-32.0
1776887041.1191027,8.0,-3.0,-29.0
1776887041.1291027,7.0,-2.0,-28.0
1776887041.1391027,6.0,0.0,-29.0
1776887041.1491027,10.0,0.0,-28.0
1776887041.159103,4.0,0.0,-31.0
1776887041.169103,5.0,-5.0,-34.0
1776887041.179103,6.0,-3.0,-38.0
1776887041.1891026,7.0,-1.0,-39.0
1776887041.1991026,5.0,-1.0,-38.0
1776887041.2091026,4.0,-5.0,-43.0
1776887041.2191026,6.0,-4.0,-49.0
1776887041.2291028,5.0,0.0,-46.0
1776887041.2391028,5.0,0.0,-43.0
1776887041.2491028,2.0,-2.0,-39.0
1776887041.2591028,2.0,-1.0,-33.0
1776887041.2691028,1.0,-6.0,-38.0
1776887041.2791028,0.0,-8.0,-42.0
1776887041.2891028,-1.0,-6.0,-39.0
1776887041.2991028,1.0,0.0,-33.0
1776887041.3091028,2.0,0.0,-35.0
1776887041.3191028,0.0,-1.0,-41.0
1776887041.3291028,3.0,0.0,-38.0
1776887041.3391027,8.0,4.0,-45.0
1776887041.3491027,8.0,5.0,-45.0
1776887041.3591027,7.0,4.0,-41.0
1776887041.3691027,6.0,2.0,-42.0
1776887041.3791027,6.0,-1.0,-44.0
1776887041.3891027,5.0,-1.0,-41.0
1776887041.3991027,3.0,-3.0,-34.0
1776887041.409103,0.0,-2.0,-39.0
1776887041.419103,-3.0,-3.0,-40.0
1776887041.429103,-6.0,-2.0,-35.0
1776887041.4391026,-5.0,-1.0,-40.0
1776887041.4491026,-4.0,2.0,-40.0
1776887041.4591026,-5.0,-2.0,-41.0
1776887041.4691026,-6.0,-3.0,-42.0
1776887041.4791028,-5.0,-4.0,-31.0
1776887041.4891028,-4.0,-3.0,-26.0
1776887041.4991028,-6.0,-3.0,-27.0
1776887041.5091028,-2.0,-5.0,-26.0
1776887041.5191028,3.0,-7.0,-25.0
1776887041.5291028,7.0,-7.0,-29.0
1776887041.5391028,0.0,-6.0,-36.0
1776887041.5491028,-5.0,0.0,-40.0
1776887041.5591028,-5.0,1.0,-39.0
1776887041.5691028,-5.0,-2.0,-36.0
1776887041.5791028,-5.0,-2.0,-33.0
1776887041.5891027,-1.0,0.0,-36.0
1776887041.5991027,-3.0,1.0,-39.0
1776887041.6091027,-3.0,0.0,-38.0
1776887041.6191027,4.0,1.0,-43.0
1776887041.6291027,5.0,8.0,-41.0
1776887041.6391027,1.0,8.0,-39.0
1776887041.6491027,-4.0,1.0,-40.0
1776887041.659103,-1.0,0.0,-43.0
1776887041.669103,0.0,-2.0,-41.0
1776887041.679103,-1.0,-2.0,-40.0
1776887041.6891026,3.0,1.0,-38.0
1776887041.6991026,3.0,0.0,-36.0
1776887041.7091026,3.0,3.0,-29.0
1776887041.7191026,5.0,3.0,-34.0
1776887041.7291028,5.0,1.0,-40.0
1776887041.7391028,5.0,3.0,-41.0
1776887041.7491028,8.0,5.0,-36.0
1776887041.7591028,9.0,8.0,-35.0
1776887041.7691028,10.0,7.0,-33.0
1776887041.7791028,14.0,6.0,-31.0
1776887041.7891028,10.0,3.0,-35.0
1776887041.7991028,8.0,2.0,-40.0
1776887041.8091028,9.0,5.0,-39.0
1776887041.8191028,13.0,1.0,-43.0
1776887041.8291028,9.0,2.0,-41.0
1776887041.8391027,7.0,1.0,-41.0
1776887041.8491027,7.0,5.0,-45.0
1776887041.8591027,8.0,4.0,-43.0
1776887041.8691027,7.0,4.0,-40.0
1776887041.8791027,6.0,8.0,-37.0
1776887041.8891027,6.0,7.0,-43.0
1776887041.8991027,4.0,1.0,-49.0
1776887041.909103,4.0,1.0,-52.0
1776887041.919103,1.0,0.0,-45.0
1776887041.929103,2.0,1.0,-44.0
1776887041.9391026,3.0,0.0,-37.0
1776887041.9491026,4.0,-5.0,-37.0
1776887041.9591026,5.0,-4.0,-34.0
1776887041.9691026,5.0,-4.0,-37.0
1776887041.9791028,6.0,-4.0,-34.0
1776887041.9891028,5.0,-6.0,-33.0
1776887041.9991028,4.0,-6.0,-32.0
1776887042.0101027,4.0,-3.0,-38.0
1776887042.0201027,3.0,-6.0,-39.0
1776887042.0301027,2.0,-7.0,-34.0
1776887042.0401027,0.0,-3.0,-34.0
1776887042.0501027,2.0,0.0,-40.0
1776887042.0601027,-2.0,0.0,-33.0
1776887042.0701027,0.0,0.0,-34.0
1776887042.0801027,0.0,-4.0,-33.0
1776887042.090103,1.0,-6.0,-36.0
1776887042.100103,0.0,-9.0,-26.0
1776887042.110103,-4.0,-12.0,-36.0
1776887042.1201026,-7.0,-11.0,-37.0
1776887042.1301026,-7.0,-9.0,-31.0
1776887042.1401026,-8.0,-9.0,-34.0
1776887042.1501029,-6.0,-6.0,-37.0
1776887042.1601028,-4.0,-3.0,-37.0
1776887042.1701028,0.0,-1.0,-42.0
1776887042.1801028,0.0,5.0,-45.0
1776887042.1901028,4.0,8.0,-43.0
1776887042.2001028,5.0,9.0,-35.0
1776887042.2101028,4.0,3.0,-38.0
1776887042.2201028,-1.0,-1.0,-40.0
1776887042.2301028,-2.0,0.0,-41.0
1776887042.2401028,-3.0,2.0,-41.0
1776887042.2501028,-3.0,0.0,-39.0
1776887042.2601027,-8.0,-2.0,-45.0
1776887042.2701027,-7.0,-2.0,-40.0
1776887042.2801027,0.0,-8.0,-31.0
1776887042.2901027,-2.0,-6.0,-32.0
1776887042.3001027,-2.0,-5.0,-31.0
1776887042.3101027,0.0,-2.0,-34.0
1776887042.3201027,1.0,-5.0,-37.0
1776887042.3301027,3.0,1.0,-39.0
1776887042.340103,-3.0,4.0,-35.0
1776887042.350103,-4.0,5.0,-36.0
1776887042.360103,0.0,7.0,-35.0
1776887042.3701026,0.0,8.0,-36.0
1776887042.3801026,0.0,6.0,-40.0
1776887042.3901026,0.0,8.0,-44.0
1776887042.4001029,0.0,10.0,-39.0
1776887042.4101028,1.0,8.0,-38.0
1776887042.4201028,2.0,6.0,-39.0
1776887042.4301028,3.0,2.0,-40.0
1776887042.4401028,3.0,-2.0,-35.0
1776887042.4501028,1.0,-2.0,-35.0
1776887042.4601028,-2.0,-2.0,-28.0
1776887042.4701028,0.0,0.0,-23.0
1776887042.4801028,-1.0,0.0,-14.0
1776887042.4901028,-2.0,0.0,-18.0
1776887042.5001028,-1.0,-1.0,-21.0
1776887042.5101027,-2.0,-3.0,-25.0
1776887042.5201027,-4.0,-6.0,-28.0
1776887042.5301027,0.0,-8.0,-35.0
1776887042.5401027,0.0,-8.0,-43.0
1776887042.5501027,-2.0,-8.0,-36.0
1776887042.5601027,-1.0,-9.0,-40.0
1776887042.5701027,1.0,-7.0,-33.0
1776887042.5801027,3.0,-7.0,-39.0
1776887042.590103,4.0,-9.0,-41.0
1776887042.600103,1.0,-6.0,-49.0
1776887042.610103,-1.0,-5.0,-41.0
1776887042.6201026,-5.0,-6.0,-37.0
1776887042.6301026,-4.0,-6.0,-34.0
1776887042.6401026,-1.0,-6.0,-37.0
1776887042.6501029,-2.0,-4.0,-38.0
1776887042.6601028,-4.0,-2.0,-40.0
1776887042.6701028,-5.0,0.0,-42.0
1776887042.6801028,-3.0,-1.0,-46.0
1776887042.6901028,-2.0,-1.0,-43.0
1776887042.7001028,0.0,-1.0,-42.0
1776887042.7101028,4.0,-6.0,-44.0
1776887042.7201028,3.0,-7.0,-38.0
1776887042.7301028,1.0,-7.0,-41.0
1776887042.7401028,0.0,-6.0,-43.0
1776887042.7501028,0.0,-5.0,-43.0
1776887042.7601027,0.0,-4.0,-42.0
1776887042.7701027,-3.0,-4.0,-40.0
1776887042.7801027,-3.0,-4.0,-47.0
1776887042.7901027,-5.0,-8.0,-44.0
1776887042.8001027,-2.0,-8.0,-39.0
1776887042.8101027,-3.0,-6.0,-39.0
1776887042.8201027,0.0,-5.0,-41.0
1776887042.8301027,0.0,-7.0,-33.0
1776887042.840103,-2.0,-8.0,-30.0
1776887042.850103,-2.0,-7.0,-30.0
1776887042.860103,-5.0,-3.0,-31.0
1776887042.8701026,-3.0,-1.0,-29.0
1776887042.8801026,0.0,-1.0,-29.0
1776887042.8901026,-2.0,-3.0,-31.0
1776887042.9001029,-1.0,0.0,-32.0
1776887042.9101028,-3.0,0.0,-31.0
1776887042.9201028,0.0,0.0,-32.0
1776887042.9301028,0.0,-3.0,-35.0
1776887042.9401028,0.0,0.0,-32.0
1776887042.9501028,1.0,-1.0,-36.0
1776887042.9601028,2.0,-2.0,-38.0
1776887042.9701028,5.0,-1.0,-38.0
1776887042.9801028,4.0,-1.0,-34.0
1776887042.9901028,1.0,-1.0,-36.0
1776887043.0001028,-1.0,-1.0,-37.0
1776887043.0101027,-3.0,-1.0,-37.0
1776887043.0201027,-4.0,-4.0,-42.0
1776887043.0301027,-3.0,0.0,-40.0
1776887043.0401027,0.0,0.0,-41.0
1776887043.0501027,-4.0,0.0,-42.0
1776887043.0601027,-1.0,-3.0,-40.0
1776887043.0701027,-7.0,-1.0,-41.0
1776887043.0801027,-10.0,0.0,-35.0
1776887043.090103,-11.0,-1.0,-33.0
1776887043.100103,-8.0,0.0,-33.0
1776887043.110103,-3.0,-1.0,-38.0
1776887043.1201026,-4.0,-2.0,-36.0
1776887043.1301026,1.0,-4.0,-35.0
1776887043.1401026,3.0,-3.0,-34.0
1776887043.1501029,2.0,-3.0,-30.0
1776887043.1601028,1.0,-2.0,-26.0
1776887043.1701028,1.0,2.0,-29.0
1776887043.1801028,-1.0,4.0,-28.0
1776887043.1901028,-3.0,6.0,-29.0
1776887043.2001028,0.0,3.0,-36.0
1776887043.2101028,2.0,6.0,-31.0
1776887043.2201028,4.0,1.0,-26.0
1776887043.2301028,4.0,-1.0,-25.0
1776887043.2401028,4.0,1.0,-26.0
1776887043.2501028,3.0,3.0,-30.0
1776887043.2601027,-2.0,5.0,-38.0
1776887043.2701027,0.0,3.0,-41.0
1776887043.2801027,0.0,3.0,-33.0
1776887043.2901027,1.0,2.0,-29.0
1776887043.3001027,0.0,4.0,-29.0
1776887043.3101027,-1.0,6.0,-35.0
1776887043.3201027,-1.0,4.0,-39.0
1776887043.3301027,-1.0,2.0,-40.0
1776887043.340103,-4.0,3.0,-35.0
1776887043.350103,-5.0,0.0,-32.0
1776887043.360103,-5.0,0.0,-31.0
1776887043.3701026,-3.0,0.0,-34.0
1776887043.3801026,-2.0,-2.0,-33.0
1776887043.3901026,-2.0,0.0,-41.0
1776887043.4001029,-1.0,3.0,-39.0
1776887043.4101028,2.0,1.0,-34.0
1776887043.4201028,4.0,-1.0,-30.0
1776887043.4301028,4.0,-2.0,-34.0
1776887043.4401028,5.0,-2.0,-41.0
1776887043.4501028,0.0,-3.0,-39.0
1776887043.4601028,3.0,2.0,-39.0
1776887043.4701028,2.0,-1.0,-42.0
1776887043.4801028,4.0,-5.0,-42.0
1776887043.4901028,0.0,-4.0,-40.0
1776887043.5001028,-6.0,0.0,-42.0
1776887043.5101027,-7.0,0.0,-38.0
1776887043.5201027,-4.0,0.0,-36.0
1776887043.5301027,0.0,0.0,-35.0
1776887043.5401027,7.0,0.0,-35.0
1776887043.5501027,3.0,0.0,-38.0
1776887043.5601027,1.0,-3.0,-41.0
1776887043.5701027,-1.0,-1.0,-49.0
1776887043.5801027,0.0,-3.0,-46.0
1776887043.590103,-1.0,-5.0,-42.0
1776887043.600103,-2.0,-1.0,-37.0
1776887043.610103,0.0,-1.0,-39.0
1776887043.6201026,4.0,0.0,-39.0
1776887043.6301026,0.0,3.0,-43.0
1776887043.6401026,3.0,0.0,-46.0
1776887043.6501029,2.0,0.0,-42.0
1776887043.6601028,0.0,-2.0,-40.0
1776887043.6701028,-5.0,-5.0,-43.0
1776887043.6801028,-7.0,-5.0,-48.0
1776887043.6901028,-7.0,-8.0,-51.0
1776887043.7001028,-7.0,-7.0,-48.0
1776887043.7101028,-4.0,-9.0,-49.0
1776887043.7201028,-2.0,-4.0,-47.0
1776887043.7301028,-1.0,-1.0,-45.0
1776887043.7401028,0.0,-5.0,-39.0
1776887043.7501028,1.0,-7.0,-34.0
1776887043.7601027,0.0,-8.0,-37.0
1776887043.7701027,-4.0,-6.0,-39.0
1776887043.7801027,-4.0,-7.0,-33.0
1776887043.7901027,-4.0,-3.0,-33.0
1776887043.8001027,-4.0,-2.0,-29.0
1776887043.8101027,-5.0,-1.0,-34.0
1776887043.8201027,-2.0,-2.0,-31.0
1776887043.8301027,-3.0,-4.0,-30.0
1776887043.840103,-3.0,-4.0,-35.0
1776887043.850103,-1.0,-4.0,-36.0
1776887043.860103,0.0,-2.0,-34.0
1776887043.8701026,1.0,-3.0,-32.0
1776887043.8801026,3.0,-1.0,-26.0
1776887043.8901026,0.0,0.0,-30.0
1776887043.9001029,4.0,0.0,-36.0
1776887043.9101028,1.0,-5.0,-39.0
1776887043.9201028,-3.0,-6.0,-37.0
1776887043.9301028,0.0,-7.0,-29.0
1776887043.9401028,2.0,-3.0,-34.0
1776887043.9501028,5.0,-2.0,-29.0
1776887043.9601028,5.0,-3.0,-30.0
1776887043.9701028,5.0,-2.0,-32.0
1776887043.9801028,1.0,0.0,-31.0
1776887043.9901028,0.0,-1.0,-29.0
1776887044.0001028,0.0,-3.0,-32.0
1776887044.011103,1.0,-4.0,-23.0
1776887044.0201027,2.0,-9.0,-30.0
1776887044.031103,4.0,-11.0,-40.0
1776887044.0411026,4.0,-5.0,-38.0
1776887044.0511026,2.0,-1.0,-37.0
1776887044.0611026,-2.0,-5.0,-35.0
1776887044.0711029,-1.0,-2.0,-39.0
1776887044.0811028,3.0,0.0,-41.0
1776887044.0911028,2.0,1.0,-45.0
1776887044.1011028,-2.0,0.0,-44.0
1776887044.1111028,-6.0,-1.0,-45.0
1776887044.1211028,-8.0,-1.0,-40.0
1776887044.1311028,-2.0,0.0,-37.0
1776887044.1411028,-1.0,-1.0,-40.0
1776887044.1511028,-3.0,3.0,-41.0
1776887044.1611028,-3.0,0.0,-44.0
1776887044.1711028,0.0,-2.0,-46.0
1776887044.1811028,0.0,-1.0,-43.0
1776887044.1911027,6.0,2.0,-49.0
1776887044.2011027,5.0,0.0,-47.0
1776887044.2111027,5.0,-2.0,-40.0
1776887044.2211027,8.0,0.0,-37.0
1776887044.2311027,2.0,-1.0,-35.0
1776887044.2411027,4.0,1.0,-33.0
1776887044.2511027,3.0,0.0,-36.0
1776887044.261103,0.0,2.0,-38.0
1776887044.271103,3.0,2.0,-41.0
1776887044.281103,5.0,-1.0,-39.0
1776887044.2911026,6.0,-2.0,-35.0
1776887044.3011026,2.0,-2.0,-34.0
1776887044.3111026,1.0,-3.0,-36.0
1776887044.3211029,0.0,0.0,-32.0
1776887044.3311028,1.0,-1.0,-30.0
1776887044.3411028,1.0,0.0,-32.0
1776887044.3511028,-4.0,0.0,-31.0
1776887044.3611028,-4.0,1.0,-41.0
1776887044.3711028,-5.0,0.0,-42.0
1776887044.3811028,-1.0,0.0,-40.0
1776887044.3911028,0.0,-5.0,-32.0
1776887044.4011028,2.0,-2.0,-28.0
1776887044.4111028,2.0,-1.0,-29.0
1776887044.4211028,1.0,-1.0,-23.0
1776887044.4311028,-1.0,-2.0,-29.0
1776887044.4411027,-3.0,-4.0,-25.0
1776887044.4511027,0.0,-5.0,-30.0
1776887044.4611027,2.0,-4.0,-38.0
1776887044.4711027,2.0,-4.0,-41.0
1776887044.4811027,6.0,-3.0,-42.0
1776887044.4911027,7.0,0.0,-42.0
1776887044.5011027,4.0,0.0,-40.0
1776887044.511103,3.0,0.0,-40.0
1776887044.521103,5.0,-5.0,-37.0
1776887044.531103,5.0,-5.0,-36.0
1776887044.5411026,2.0,-4.0,-27.0
1776887044.5511026,3.0,-4.0,-23.0
1776887044.5611026,6.0,-1.0,-29.0
1776887044.5711029,2.0,-4.0,-30.0
1776887044.5811028,0.0,-1.0,-29.0
1776887044.5911028,-2.0,-1.0,-33.0
1776887044.6011028,-1.0,-2.0,-37.0
1776887044.6111028,-5.0,-3.0,-35.0
1776887044.6211028,-8.0,-7.0,-28.0
1776887044.6311028,-7.0,-8.0,-31.0
1776887044.6411028,-4.0,-6.0,-29.0
1776887044.6511028,-3.0,-6.0,-30.0
1776887044.6611028,-1.0,-4.0,-29.0
1776887044.6711028,0.0,-5.0,-28.0
1776887044.6811028,1.0,-2.0,-35.0
1776887044.6911027,1.0,0.0,-33.0
1776887044.7011027,6.0,4.0,-32.0
1776887044.7111027,6.0,3.0,-35.0
1776887044.7211027,2.0,1.0,-29.0
1776887044.7311027,-3.0,-2.0,-28.0
1776887044.7411027,-5.0,-3.0,-31.0
1776887044.7511027,-6.0,-5.0,-34.0
1776887044.761103,-6.0,-5.0,-34.0
1776887044.771103,-4.0,-8.0,-41.0
1776887044.781103,-1.0,-8.0,-35.0
1776887044.7911026,0.0,-4.0,-36.0
1776887044.8011026,-3.0,-2.0,-34.0
1776887044.8111026,-3.0,0.0,-33.0
1776887044.8211029,0.0,-2.0,-32.0
1776887044.8311028,4.0,-2.0,-27.0
1776887044.8411028,0.0,-1.0,-26.0
1776887044.8511028,1.0,-2.0,-24.0
1776887044.8611028,3.0,-5.0,-26.0
1776887044.8711028,5.0,-5.0,-25.0
1776887044.8811028,3.0,-10.0,-22.0
1776887044.8911028,2.0,-15.0,-30.0
1776887044.9011028,-1.0,-12.0,-33.0
1776887044.9111028,0.0,-11.0,-37.0
1776887044.9211028,0.0,-9.0,-36.0
1776887044.9311028,0.0,-1.0,-33.0
1776887044.9411027,0.0,1.0,-32.0
1776887044.9511027,0.0,1.0,-36.0
1776887044.9611027,-2.0,0.0,-29.0
1776887044.9711027,0.0,-3.0,-28.0
1776887044.9811027,-2.0,-1.0,-28.0
1776887044.9911027,-5.0,0.0,-23.0
1776887045.0011027,-7.0,0.0,-23.0
1776887045.011103,-4.0,2.0,-30.0
1776887045.021103,-2.0,2.0,-31.0
1776887045.031103,-3.0,1.0,-38.0
1776887045.0411026,-5.0,-1.0,-45.0
1776887045.0511026,-9.0,-6.0,-37.0
1776887045.0611026,-8.0,-5.0,-36.0
1776887045.0711029,-5.0,-7.0,-31.0
1776887045.0811028,-1.0,-8.0,-38.0
1776887045.0911028,0.0,-6.0,-43.0
1776887045.1011028,-1.0,-6.0,-40.0
1776887045.1111028,1.0,-8.0,-39.0
1776887045.1211028,4.0,-8.0,-33.0
1776887045.1311028,5.0,-8.0,-32.0
1776887045.1411028,8.0,-5.0,-32.0
1776887045.1511028,6.0,-5.0,-39.0
1776887045.1611028,6.0,0.0,-49.0
1776887045.1711028,6.0,2.0,-45.0
1776887045.1811028,5.0,2.0,-47.0
1776887045.1911027,7.0,1.0,-41.0
1776887045.2011027,2.0,0.0,-37.0
1776887045.2111027,2.0,-1.0,-38.0
1776887045.2211027,2.0,-3.0,-40.0
1776887045.2311027,3.0,-2.0,-42.0
1776887045.2411027,3.0,0.0,-49.0
1776887045.2511027,-1.0,-1.0,-45.0
1776887045.261103,1.0,-1.0,-37.0
1776887045.271103,0.0,-3.0,-33.0
1776887045.281103,-2.0,-1.0,-32.0
1776887045.2911026,-4.0,-2.0,-31.0
1776887045.3011026,0.0,-4.0,-33.0
1776887045.3111026,2.0,-4.0,-36.0
1776887045.3211029,-1.0,-4.0,-44.0
1776887045.3311028,-4.0,-4.0,-40.0
1776887045.3411028,1.0,-3.0,-40.0
1776887045.3511028,5.0,0.0,-44.0
1776887045.3611028,8.0,-2.0,-42.0
1776887045.3711028,7.0,-6.0,-40.0
1776887045.3811028,9.0,-3.0,-35.0
1776887045.3911028,1.0,-3.0,-31.0
1776887045.4011028,0.0,-1.0,-28.0
1776887045.4111028,-1.0,-4.0,-31.0
1776887045.4211028,-2.0,-3.0,-39.0
1776887045.4311028,-3.0,-2.0,-44.0
1776887045.4411027,1.0,0.0,-38.0
1776887045.4511027,2.0,-1.0,-42.0
1776887045.4611027,3.0,-1.0,-41.0
1776887045.4711027,5.0,0.0,-37.0
1776887045.4811027,2.0,0.0,-34.0
1776887045.4911027,0.0,2.0,-34.0
1776887045.5011027,-4.0,3.0,-40.0
1776887045.511103,-5.0,5.0,-41.0
1776887045.521103,-3.0,4.0,-37.0
1776887045.531103,-4.0,7.0,-39.0
1776887045.5411026,-7.0,5.0,-41.0
1776887045.5511026,-6.0,5.0,-38.0
1776887045.5611026,-4.0,1.0,-31.0
1776887045.5711029,-2.0,-2.0,-32.0
1776887045.5811028,-2.0,-2.0,-35.0
1776887045.5911028,-7.0,-1.0,-37.0
1776887045.6011028,-7.0,0.0,-35.0
1776887045.6111028,-3.0,-1.0,-43.0
1776887045.6211028,2.0,-3.0,-42.0
1776887045.6311028,2.0,-4.0,-44.0
1776887045.6411028,0.0,-3.0,-41.0
1776887045.6511028,-3.0,0.0,-43.0
1776887045.6611028,-3.0,0.0,-54.0
1776887045.6711028,0.0,1.0,-51.0
1776887045.6811028,0.0,2.0,-48.0
1776887045.6911027,-1.0,2.0,-41.0
1776887045.7011027,-1.0,1.0,-41.0
1776887045.7111027,-2.0,1.0,-40.0
1776887045.7211027,4.0,-1.0,-36.0
1776887045.7311027,7.0,-2.0,-29.0
1776887045.7411027,6.0,0.0,-25.0
1776887045.7511027,8.0,-1.0,-31.0
1776887045.761103,7.0,-2.0,-31.0
1776887045.771103,0.0,-2.0,-27.0
1776887045.781103,-1.0,0.0,-31.0
1776887045.7911026,-4.0,0.0,-32.0
1776887045.8011026,-3.0,-4.0,-33.0
1776887045.8111026,-9.0,-6.0,-35.0
1776887045.8211029,-12.0,-5.0,-30.0
1776887045.8311028,-11.0,-4.0,-30.0
1776887045.8411028,-10.0,0.0,-32.0
1776887045.8511028,-10.0,-1.0,-32.0
1776887045.8611028,-4.0,-1.0,-31.0
1776887045.8711028,0.0,1.0,-36.0
1776887045.8811028,0.0,6.0,-41.0
1776887045.8911028,-1.0,8.0,-43.0
1776887045.9011028,-3.0,8.0,-40.0
1776887045.9111028,-5.0,8.0,-38.0
1776887045.9211028,-4.0,5.0,-37.0
1776887045.9311028,-5.0,4.0,-40.0
1776887045.9411027,-4.0,3.0,-40.0
1776887045.9511027,-2.0,1.0,-40.0
1776887045.9611027,0.0,2.0,-40.0
1776887045.9711027,-1.0,-1.0,-40.0
1776887045.9811027,2.0,-3.0,-43.0
1776887045.9911027,1.0,-5.0,-47.0
1776887046.0011027,0.0,-5.0,-48.0
1776887046.011103,-1.0,-5.0,-46.0
1776887046.021103,-2.0,-6.0,-46.0
1776887046.0321028,0.0,-6.0,-39.0
1776887046.0421028,3.0,-5.0,-29.0
1776887046.0521028,3.0,-7.0,-28.0
1776887046.0621028,6.0,-7.0,-31.0
1776887046.0721028,7.0,-5.0,-30.0
1776887046.0821028,6.0,-2.0,-33.0
1776887046.0921028,-3.0,3.0,-35.0
1776887046.1021028,-3.0,6.0,-38.0
1776887046.1121027,0.0,4.0,-43.0
1776887046.1221027,0.0,4.0,-40.0
1776887046.1321027,0.0,0.0,-40.0
1776887046.1421027,1.0,-2.0,-37.0
1776887046.1521027,1.0,-3.0,-34.0
1776887046.1621027,1.0,-3.0,-33.0
1776887046.1721027,-4.0,-3.0,-37.0
1776887046.182103,-7.0,1.0,-34.0
1776887046.192103,-9.0,2.0,-31.0
1776887046.202103,-8.0,3.0,-40.0
1776887046.212103,-7.0,5.0,-48.0
1776887046.2221026,-5.0,0.0,-53.0
1776887046.2321026,-6.0,1.0,-50.0
1776887046.2421026,-6.0,-1.0,-46.0
1776887046.2521029,-2.0,1.0,-43.0
1776887046.2621028,0.0,-1.0,-44.0
1776887046.2721028,1.0,-2.0,-41.0
1776887046.2821028,3.0,-3.0,-38.0
1776887046.2921028,5.0,-4.0,-37.0
1776887046.3021028,5.0,-1.0,-41.0
1776887046.3121028,0.0,-1.0,-37.0
1776887046.3221028,0.0,-1.0,-39.0
1776887046.3321028,-4.0,-1.0,-38.0
1776887046.3421028,-5.0,-1.0,-35.0
1776887046.3521028,-4.0,-1.0,-33.0
1776887046.3621027,-3.0,-4.0,-36.0
1776887046.3721027,1.0,0.0,-31.0
1776887046.3821027,6.0,-1.0,-28.0
1776887046.3921027,1.0,-2.0,-30.0
1776887046.4021027,-3.0,-2.0,-30.0
1776887046.4121027,0.0,-4.0,-27.0
1776887046.4221027,0.0,-4.0,-23.0
1776887046.432103,0.0,-10.0,-14.0
1776887046.442103,-5.0,-6.0,-22.0
1776887046.452103,-5.0,-4.0,-25.0
1776887046.462103,-5.0,-4.0,-28.0
1776887046.4721026,-2.0,-2.0,-27.0
1776887046.4821026,-3.0,2.0,-26.0
1776887046.4921026,-1.0,1.0,-32.0
1776887046.5021029,-1.0,-4.0,-38.0
1776887046.5121028,4.0,-3.0,-36.0
1776887046.5221028,4.0,-1.0,-36.0
1776887046.5321028,6.0,1.0,-39.0
1776887046.5421028,5.0,0.0,-41.0
1776887046.5521028,5.0,-2.0,-38.0
1776887046.5621028,3.0,0.0,-36.0
1776887046.5721028,4.0,-2.0,-34.0
1776887046.5821028,6.0,-3.0,-33.0
1776887046.5921028,4.0,-6.0,-38.0
1776887046.6021028,0.0,-6.0,-41.0
1776887046.6121027,0.0,-7.0,-42.0
1776887046.6221027,0.0,-5.0,-42.0
1776887046.6321027,0.0,-1.0,-31.0
1776887046.6421027,-2.0,-3.0,-31.0
1776887046.6521027,0.0,-1.0,-36.0
1776887046.6621027,0.0,0.0,-36.0
1776887046.6721027,3.0,2.0,-36.0
1776887046.682103,0.0,0.0,-29.0
1776887046.692103,-2.0,-3.0,-32.0
1776887046.702103,-4.0,-5.0,-27.0
1776887046.712103,-3.0,-9.0,-32.0
1776887046.7221026,0.0,-10.0,-35.0
1776887046.7321026,0.0,-9.0,-33.0
1776887046.7421026,0.0,-9.0,-34.0
1776887046.7521029,0.0,-7.0,-33.0
1776887046.7621028,0.0,-4.0,-36.0
1776887046.7721028,3.0,-2.0,-41.0
1776887046.7821028,2.0,-5.0,-35.0
1776887046.7921028,-2.0,-4.0,-35.0
1776887046.8021028,-2.0,-9.0,-37.0
1776887046.8121028,-1.0,-6.0,-35.0
1776887046.8221028,-4.0,-8.0,-39.0
1776887046.8321028,-7.0,-13.0,-37.0
1776887046.8421028,0.0,-11.0,-31.0
1776887046.8521028,-3.0,-7.0,-25.0
1776887046.8621027,-2.0,-2.0,-34.0
1776887046.8721027,-1.0,0.0,-33.0
1776887046.8821027,0.0,0.0,-28.0
1776887046.8921027,3.0,-1.0,-30.0
1776887046.9021027,2.0,-4.0,-34.0
1776887046.9121027,6.0,-4.0,-35.0
1776887046.9221027,4.0,-3.0,-32.0
1776887046.932103,1.0,-2.0,-31.0
1776887046.942103,2.0,-4.0,-31.0
1776887046.952103,6.0,-8.0,-31.0
1776887046.962103,5.0,-4.0,-31.0
1776887046.9721026,0.0,-6.0,-24.0
1776887046.9821026,-1.0,-4.0,-23.0
1776887046.9921026,-2.0,0.0,-21.0
1776887047.0021029,-4.0,1.0,-24.0
1776887047.0121028,0.0,-3.0,-31.0
1776887047.0221028,3.0,-1.0,-27.0
1776887047.0321028,5.0,-6.0,-29.0
1776887047.0421028,0.0,-10.0,-30.0
1776887047.0521028,-4.0,-8.0,-28.0
1776887047.0621028,-2.0,-4.0,-28.0
1776887047.0721028,4.0,-1.0,-28.0
1776887047.0821028,5.0,-3.0,-35.0
1776887047.0921028,4.0,0.0,-36.0
1776887047.1021028,5.0,0.0,-36.0
1776887047.1121027,1.0,-2.0,-37.0
1776887047.1221027,0.0,-4.0,-39.0
1776887047.1321027,-1.0,-2.0,-32.0
1776887047.1421027,4.0,-5.0,-30.0
1776887047.1521027,1.0,-4.0,-28.0
1776887047.1621027,0.0,-2.0,-26.0
1776887047.1721027,-3.0,2.0,-27.0
1776887047.182103,0.0,2.0,-25.0
1776887047.192103,5.0,3.0,-29.0
1776887047.202103,5.0,1.0,-33.0
1776887047.212103,1.0,-1.0,-32.0
1776887047.2221026,1.0,-2.0,-35.0
1776887047.2321026,5.0,0.0,-37.0
1776887047.2421026,0.0,4.0,-32.0
1776887047.2521029,3.0,3.0,-33.0
1776887047.2621028,1.0,3.0,-37.0
1776887047.2721028,-1.0,3.0,-45.0
1776887047.2821028,2.0,1.0,-45.0
1776887047.2921028,-1.0,-2.0,-33.0
1776887047.3021028,-4.0,-5.0,-33.0
1776887047.3121028,-6.0,-4.0,-33.0
1776887047.3221028,-4.0,-2.0,-31.0
1776887047.3321028,-4.0,0.0,-32.0
1776887047.3421028,-5.0,0.0,-31.0
1776887047.3521028,-4.0,0.0,-32.0
1776887047.3621027,1.0,5.0,-30.0
1776887047.3721027,4.0,6.0,-31.0
1776887047.3821027,5.0,3.0,-26.0
1776887047.3921027,5.0,-1.0,-35.0
1776887047.4021027,4.0,0.0,-40.0
1776887047.4121027,2.0,1.0,-39.0
1776887047.4221027,-3.0,2.0,-33.0
1776887047.432103,-2.0,2.0,-29.0
1776887047.442103,2.0,0.0,-35.0
1776887047.452103,3.0,1.0,-39.0
1776887047.462103,7.0,5.0,-36.0
1776887047.4721026,6.0,8.0,-40.0
1776887047.4821026,11.0,5.0,-37.0
1776887047.4921026,8.0,6.0,-37.0
1776887047.5021029,2.0,5.0,-34.0
1776887047.5121028,3.0,6.0,-30.0
1776887047.5221028,4.0,1.0,-39.0
1776887047.5321028,1.0,0.0,-45.0
1776887047.5421028,-2.0,-2.0,-43.0
1776887047.5521028,0.0,-4.0,-47.0
1776887047.5621028,0.0,-3.0,-46.0
1776887047.5721028,0.0,-8.0,-44.0
1776887047.5821028,-5.0,-10.0,-46.0
1776887047.5921028,-5.0,-12.0,-42.0
1776887047.6021028,-7.0,-9.0,-42.0
1776887047.6121027,-8.0,-6.0,-40.0
1776887047.6221027,-1.0,-3.0,-46.0
1776887047.6321027,0.0,-3.0,-46.0
1776887047.6421027,-1.0,-2.0,-44.0
1776887047.6521027,-3.0,0.0,-52.0
1776887047.6621027,-3.0,-1.0,-47.0
1776887047.6721027,-3.0,0.0,-46.0
1776887047.682103,-3.0,5.0,-45.0
1776887047.692103,0.0,4.0,-43.0
1776887047.702103,0.0,4.0,-45.0
1776887047.712103,0.0,3.0,-41.0
1776887047.7221026,0.0,5.0,-47.0
1776887047.7321026,0.0,9.0,-48.0
1776887047.7421026,0.0,5.0,-46.0
1776887047.7521029,-3.0,4.0,-36.0
1776887047.7621028,-2.0,3.0,-31.0
1776887047.7721028,-1.0,0.0,-28.0
1776887047.7821028,-4.0,4.0,-27.0
1776887047.7921028,-1.0,0.0,-28.0
1776887047.8021028,0.0,-2.0,-24.0
1776887047.8121028,0.0,0.0,-16.0
1776887047.8221028,-1.0,2.0,-22.0
1776887047.8321028,0.0,0.0,-18.0
1776887047.8421028,0.0,-1.0,-23.0
1776887047.8521028,2.0,0.0,-26.0
1776887047.8621027,2.0,0.0,-34.0
1776887047.8721027,1.0,0.0,-37.0
1776887047.8821027,-2.0,0.0,-38.0
1776887047.8921027,-3.0,0.0,-42.0
1776887047.9021027,-1.0,-1.0,-37.0
1776887047.9121027,-3.0,0.0,-39.0
1776887047.9221027,-2.0,-4.0,-38.0
1776887047.932103,-1.0,-10.0,-44.0
1776887047.942103,-4.0,-9.0,-45.0
1776887047.952103,-4.0,-6.0,-47.0
1776887047.962103,0.0,-5.0,-51.0
1776887047.9721026,1.0,-4.0,-47.0
1776887047.9821026,2.0,-3.0,-45.0
1776887047.9921026,3.0,-4.0,-51.0
1776887048.0031028,-3.0,-4.0,-54.0
1776887048.0131028,-2.0,-2.0,-44.0
1776887048.0231028,-1.0,-1.0,-38.0
1776887048.0321028,-1.0,-6.0,-36.0
1776887048.0431027,-2.0,-7.0,-37.0
1776887048.0531027,-6.0,-5.0,-36.0
1776887048.0631027,-1.0,-6.0,-43.0
1776887048.0731027,0.0,-5.0,-41.0
1776887048.0831027,4.0,-4.0,-40.0
1776887048.0931027,2.0,-2.0,-37.0
1776887048.1031027,6.0,-2.0,-36.0
1776887048.113103,7.0,-4.0,-40.0
1776887048.123103,1.0,-7.0,-36.0
1776887048.133103,1.0,-4.0,-40.0
1776887048.1431026,-1.0,-5.0,-37.0
1776887048.1531026,-1.0,-5.0,-32.0
1776887048.1631026,-2.0,-2.0,-34.0
1776887048.1731029,2.0,-3.0,-37.0
1776887048.1831028,2.0,-1.0,-33.0
1776887048.1931028,-1.0,0.0,-34.0
1776887048.2031028,-3.0,-3.0,-30.0
1776887048.2131028,-3.0,-5.0,-35.0
1776887048.2231028,0.0,-4.0,-39.0
1776887048.2331028,2.0,-3.0,-39.0
1776887048.2431028,0.0,-3.0,-34.0
1776887048.2531028,-1.0,-8.0,-37.0
1776887048.2631028,0.0,-1.0,-38.0
1776887048.2731028,-4.0,1.0,-35.0
1776887048.2831028,-1.0,3.0,-33.0
1776887048.2931027,0.0,3.0,-34.0
1776887048.3031027,2.0,3.0,-38.0
1776887048.3131027,-2.0,2.0,-33.0
1776887048.3231027,-2.0,1.0,-29.0
1776887048.3331027,-5.0,0.0,-39.0
1776887048.3431027,-7.0,2.0,-42.0
1776887048.3531027,-9.0,6.0,-42.0
1776887048.363103,-5.0,6.0,-34.0
1776887048.373103,-1.0,4.0,-39.0
1776887048.383103,-2.0,0.0,-46.0
1776887048.3931026,-2.0,-5.0,-49.0
1776887048.4031026,1.0,-8.0,-42.0
1776887048.4131026,-1.0,-11.0,-42.0
1776887048.4231029,-1.0,-7.0,-40.0
1776887048.4331028,0.0,-8.0,-34.0
1776887048.4431028,2.0,-7.0,-42.0
1776887048.4531028,-3.0,-8.0,-39.0
1776887048.4631028,-5.0,-5.0,-36.0
1776887048.4731028,-9.0,-3.0,-31.0
1776887048.4831028,-11.0,-2.0,-31.0
1776887048.4931028,-6.0,-4.0,-34.0
1776887048.5031028,-3.0,-1.0,-35.0
1776887048.5131028,0.0,-1.0,-31.0
1776887048.5231028,-1.0,-1.0,-32.0
1776887048.5331028,-1.0,-1.0,-25.0
1776887048.5431027,-3.0,0.0,-26.0
1776887048.5531027,-1.0,0.0,-31.0
1776887048.5631027,-3.0,3.0,-35.0
1776887048.5731027,-6.0,1.0,-37.0
1776887048.5831027,-6.0,4.0,-37.0
1776887048.5931027,-10.0,3.0,-41.0
1776887048.6031027,-10.0,4.0,-36.0
1776887048.613103,-3.0,0.0,-33.0
1776887048.623103,-2.0,-2.0,-31.0
1776887048.633103,-3.0,0.0,-24.0
1776887048.6431026,-7.0,-1.0,-20.0
1776887048.6531026,-8.0,-3.0,-24.0
1776887048.6631026,-12.0,-8.0,-24.0
1776887048.6731029,-7.0,-7.0,-30.0
1776887048.6831028,-1.0,-10.0,-44.0
1776887048.6931028,-1.0,-10.0,-41.0
1776887048.7031028,2.0,-7.0,-37.0
1776887048.7131028,3.0,-2.0,-33.0
1776887048.7231028,2.0,-2.0,-32.0
1776887048.7331028,-1.0,1.0,-27.0
1776887048.7431028,-2.0,2.0,-30.0
1776887048.7531028,1.0,0.0,-35.0
1776887048.7631028,0.0,-3.0,-41.0
1776887048.7731028,0.0,-8.0,-39.0
1776887048.7831028,0.0,-3.0,-41.0
1776887048.7931027,0.0,-3.0,-36.0
1776887048.8031027,0.0,0.0,-39.0
1776887048.8131027,3.0,-3.0,-44.0
1776887048.8231027,6.0,-2.0,-37.0
1776887048.8331027,5.0,-5.0,-33.0
1776887048.8431027,3.0,-3.0,-32.0
1776887048.8531027,0.0,-7.0,-35.0
1776887048.863103,3.0,-2.0,-36.0
1776887048.873103,5.0,0.0,-33.0
1776887048.883103,4.0,2.0,-28.0
1776887048.8931026,6.0,1.0,-28.0
1776887048.9031026,4.0,3.0,-30.0
1776887048.9131026,4.0,1.0,-24.0
1776887048.9231029,2.0,-1.0,-21.0
1776887048.9331028,3.0,0.0,-22.0
1776887048.9431028,3.0,-2.0,-25.0
1776887048.9531028,3.0,-1.0,-25.0
1776887048.9631028,0.0,-5.0,-31.0
1776887048.9731028,-1.0,-5.0,-35.0
1776887048.9831028,0.0,-4.0,-30.0
1776887048.9931028,0.0,-5.0,-34.0
1776887049.0031028,-2.0,-4.0,-42.0
1776887049.0131028,-8.0,-4.0,-46.0
1776887049.0231028,-5.0,-3.0,-53.0
1776887049.0331028,-3.0,-5.0,-55.0
1776887049.0431027,-4.0,-4.0,-54.0
1776887049.0531027,-2.0,-3.0,-52.0
1776887049.0631027,0.0,-3.0,-45.0
1776887049.0731027,1.0,-6.0,-52.0
1776887049.0831027,0.0,-4.0,-51.0
1776887049.0931027,-4.0,-6.0,-45.0
1776887049.1031027,-5.0,-5.0,-35.0
1776887049.113103,2.0,-5.0,-33.0
1776887049.123103,7.0,-3.0,-35.0
1776887049.133103,6.0,-4.0,-38.0
1776887049.1431026,8.0,-3.0,-37.0
1776887049.1531026,8.0,-6.0,-40.0
1776887049.1631026,7.0,-9.0,-40.0
1776887049.1731029,4.0,-8.0,-43.0
1776887049.1831028,2.0,-8.0,-42.0
1776887049.1931028,2.0,-10.0,-41.0
1776887049.2031028,4.0,-10.0,-40.0
1776887049.2131028,2.0,-11.0,-38.0
1776887049.2231028,1.0,-8.0,-35.0
1776887049.2331028,-2.0,-5.0,-26.0
1776887049.2431028,-2.0,-6.0,-28.0
1776887049.2531028,-1.0,-1.0,-31.0
1776887049.2631028,-1.0,-4.0,-40.0
1776887049.2731028,0.0,-6.0,-38.0
1776887049.2831028,-1.0,-6.0,-36.0
1776887049.2931027,0.0,-7.0,-35.0
1776887049.3031027,0.0,-7.0,-35.0
1776887049.3131027,-2.0,-2.0,-37.0
1776887049.3231027,-1.0,-1.0,-41.0
1776887049.3331027,-3.0,-1.0,-43.0
1776887049.3431027,-4.0,1.0,-42.0
1776887049.3531027,-3.0,0.0,-37.0
1776887049.363103,-5.0,-2.0,-41.0
1776887049.373103,-3.0,-3.0,-41.0
1776887049.383103,-3.0,0.0,-42.0
1776887049.3931026,-4.0,-1.0,-43.0
1776887049.4031026,-5.0,-5.0,-42.0
1776887049.4131026,-6.0,-6.0,-46.0
1776887049.4231029,-5.0,-3.0,-45.0
1776887049.4331028,-4.0,-1.0,-46.0
1776887049.4431028,-1.0,-2.0,-49.0
1776887049.4531028,0.0,0.0,-48.0
1776887049.4631028,-2.0,1.0,-39.0
1776887049.4731028,-3.0,0.0,-37.0
1776887049.4831028,-1.0,0.0,-38.0
1776887049.4931028,2.0,-1.0,-39.0
1776887049.5031028,6.0,-4.0,-43.0
1776887049.5131028,6.0,-5.0,-41.0
1776887049.5231028,3.0,-3.0,-39.0
1776887049.5331028,1.0,0.0,-35.0
1776887049.5431027,2.0,-1.0,-41.0
1776887049.5531027,2.0,-4.0,-38.0
1776887049.5631027,4.0,0.0,-36.0
1776887049.5731027,0.0,0.0,-37.0
1776887049.5831027,0.0,5.0,-34.0
1776887049.5931027,5.0,3.0,-31.0
1776887049.6031027,2.0,0.0,-32.0
1776887049.613103,1.0,-4.0,-35.0
1776887049.623103,5.0,-5.0,-33.0
1776887049.633103,2.0,-4.0,-36.0
1776887049.6431026,0.0,-4.0,-35.0
1776887049.6531026,2.0,-2.0,-37.0
1776887049.6631026,0.0,-5.0,-35.0
1776887049.6731029,-3.0,-2.0,-35.0
1776887049.6831028,0.0,-1.0,-41.0
1776887049.6931028,0.0,1.0,-43.0
1776887049.7031028,-2.0,-2.0,-40.0
1776887049.7131028,-4.0,-3.0,-41.0
1776887049.7231028,-7.0,-5.0,-36.0
1776887049.7331028,-5.0,-2.0,-41.0
1776887049.7431028,-4.0,-4.0,-35.0
1776887049.7531028,-2.0,-4.0,-36.0
1776887049.7631028,-1.0,-5.0,-36.0
1776887049.7741027,0.0,-2.0,-40.0
1776887049.7831028,-2.0,-3.0,-41.0
1776887049.7931027,1.0,-1.0,-41.0
1776887049.8031027,1.0,0.0,-41.0
1776887049.8131027,-1.0,3.0,-44.0
1776887049.8231027,-5.0,0.0,-39.0
1776887049.8331027,-5.0,0.0,-41.0
1776887049.8431027,-1.0,0.0,-44.0
1776887049.8531027,1.0,-1.0,-47.0
1776887049.863103,2.0,0.0,-42.0
1776887049.873103,0.0,2.0,-35.0
1776887049.883103,2.0,0.0,-32.0
1776887049.8931026,3.0,-3.0,-35.0
1776887049.9031026,1.0,0.0,-38.0
1776887049.9131026,3.0,0.0,-39.0
1776887049.9231029,1.0,-3.0,-42.0
1776887049.9331028,1.0,0.0,-47.0
1776887049.9431028,5.0,-1.0,-45.0
1776887049.9531028,8.0,-1.0,-40.0
1776887049.9631028,2.0,2.0,-45.0
1776887049.9741027,-1.0,1.0,-39.0
1776887049.9831028,-5.0,-1.0,-30.0
1776887049.9931028,-1.0,-6.0,-34.0
1776887050.0031028,2.0,-6.0,-42.0
1776887050.0141027,3.0,-5.0,-43.0
1776887050.0241027,6.0,1.0,-41.0
1776887050.0331028,2.0,2.0,-41.0
1776887050.0431027,0.0,1.0,-39.0
1776887050.054103,4.0,1.0,-40.0
1776887050.0641026,4.0,0.0,-33.0
1776887050.0741026,1.0,0.0,-35.0
1776887050.0841026,0.0,3.0,-32.0
1776887050.0941026,0.0,0.0,-34.0
1776887050.1041028,2.0,-1.0,-33.0
1776887050.1141028,1.0,-3.0,-39.0
1776887050.1241028,2.0,0.0,-36.0
1776887050.1341028,0.0,-2.0,-33.0
1776887050.1441028,0.0,2.0,-31.0
1776887050.1541028,-1.0,0.0,-36.0
1776887050.1641028,-3.0,2.0,-30.0
1776887050.1741028,-3.0,1.0,-34.0
1776887050.1841028,-4.0,0.0,-36.0
1776887050.1941028,-1.0,-2.0,-41.0
1776887050.2041028,-5.0,-3.0,-48.0
1776887050.2141027,-9.0,-4.0,-47.0
1776887050.2241027,-6.0,-1.0,-44.0
1776887050.2341027,-7.0,2.0,-46.0
1776887050.2441027,-7.0,1.0,-47.0
1776887050.2541027,-8.0,-2.0,-44.0
1776887050.2641027,-9.0,-3.0,-37.0
1776887050.2741027,-13.0,0.0,-36.0
1776887050.284103,-10.0,0.0,-37.0
1776887050.294103,-9.0,0.0,-36.0
1776887050.304103,-3.0,1.0,-39.0
1776887050.3141026,-5.0,2.0,-38.0
1776887050.3241026,-8.0,0.0,-39.0
1776887050.3341026,-11.0,0.0,-38.0
1776887050.3441026,-11.0,0.0,-37.0
1776887050.3541028,-11.0,4.0,-39.0
1776887050.3641028,-10.0,1.0,-42.0
1776887050.3741028,-11.0,-1.0,-42.0
1776887050.3841028,-11.0,0.0,-42.0
1776887050.3941028,-10.0,1.0,-40.0
1776887050.4041028,-14.0,-2.0,-38.0
1776887050.4141028,-19.0,-2.0,-44.0
1776887050.4241028,-17.0,-1.0,-40.0
1776887050.4341028,-14.0,-1.0,-38.0
1776887050.4441028,-17.0,-1.0,-42.0
1776887050.4541028,-14.0,3.0,-43.0
1776887050.4641027,-10.0,1.0,-43.0
1776887050.4741027,-6.0,0.0,-47.0
1776887050.4841027,-4.0,0.0,-48.0
1776887050.4941027,-3.0,-3.0,-44.0
1776887050.5041027,-3.0,-1.0,-45.0
1776887050.5141027,-8.0,-2.0,-42.0
1776887050.5241027,-7.0,-3.0,-48.0
1776887050.534103,-1.0,-5.0,-49.0
1776887050.544103,-6.0,-4.0,-40.0
1776887050.554103,-2.0,-2.0,-45.0
1776887050.5641026,3.0,-4.0,-51.0
1776887050.5741026,9.0,-1.0,-42.0
1776887050.5841026,4.0,2.0,-35.0
1776887050.5941026,3.0,1.0,-37.0
1776887050.6041028,3.0,-1.0,-40.0
1776887050.6141028,4.0,-3.0,-42.0
1776887050.6241028,1.0,-5.0,-40.0
1776887050.6341028,-1.0,-7.0,-36.0
1776887050.6441028,0.0,-9.0,-36.0
1776887050.6541028,-1.0,-4.0,-38.0
1776887050.6641028,0.0,-2.0,-34.0
1776887050.6741028,-2.0,0.0,-31.0
1776887050.6841028,-1.0,0.0,-31.0
1776887050.6941028,0.0,2.0,-32.0
1776887050.7041028,-2.0,2.0,-39.0
1776887050.7141027,1.0,0.0,-34.0
1776887050.7241027,-1.0,-1.0,-37.0
1776887050.7341027,0.0,-2.0,-36.0
1776887050.7441027,0.0,-1.0,-32.0
1776887050.7541027,2.0,1.0,-42.0
1776887050.7641027,2.0,0.0,-43.0
1776887050.7741027,0.0,-2.0,-40.0
1776887050.784103,1.0,0.0,-36.0
1776887050.794103,4.0,0.0,-41.0
1776887050.804103,3.0,-1.0,-54.0
1776887050.8141026,4.0,-2.0,-54.0
1776887050.8241026,4.0,-4.0,-45.0
1776887050.8341026,4.0,-3.0,-42.0
1776887050.8441026,0.0,-5.0,-42.0
1776887050.8541028,-4.0,-9.0,-34.0
1776887050.8641028,-3.0,-5.0,-36.0
1776887050.8741028,-5.0,-3.0,-39.0
1776887050.8841028,-4.0,-3.0,-38.0
1776887050.8941028,-5.0,-1.0,-46.0
1776887050.9041028,0.0,-1.0,-46.0
1776887050.9141028,1.0,0.0,-47.0
1776887050.9241028,1.0,0.0,-45.0
1776887050.9341028,-1.0,3.0,-38.0
1776887050.9441028,-1.0,9.0,-41.0
1776887050.9541028,-1.0,9.0,-40.0
1776887050.9641027,2.0,5.0,-27.0
1776887050.9741027,1.0,2.0,-24.0
1776887050.9841027,0.0,-1.0,-25.0
1776887050.9941027,-4.0,-1.0,-28.0
1776887051.0041027,-6.0,0.0,-31.0
1776887051.0141027,-5.0,-3.0,-37.0
1776887051.0241027,-6.0,-6.0,-33.0
1776887051.034103,-6.0,-10.0,-30.0
1776887051.044103,-4.0,-11.0,-35.0
1776887051.054103,0.0,-7.0,-32.0
1776887051.0641026,-3.0,-7.0,-37.0
1776887051.0741026,-6.0,-6.0,-38.0
1776887051.0841026,-4.0,-8.0,-33.0
1776887051.0941026,-4.0,-5.0,-34.0
1776887051.1041028,-4.0,-2.0,-25.0
1776887051.1141028,-1.0,-1.0,-26.0
1776887051.1241028,0.0,-1.0,-25.0
1776887051.1341028,-1.0,-1.0,-26.0
1776887051.1441028,2.0,-3.0,-31.0
1776887051.1541028,6.0,-1.0,-32.0
1776887051.1641028,9.0,-2.0,-39.0
1776887051.1741028,7.0,0.0,-35.0
1776887051.1841028,5.0,1.0,-39.0
1776887051.1941028,1.0,1.0,-43.0
1776887051.2041028,-4.0,1.0,-39.0
1776887051.2141027,-6.0,-1.0,-38.0
1776887051.2241027,-7.0,-1.0,-36.0
1776887051.2341027,-4.0,-4.0,-38.0
1776887051.2441027,-1.0,-1.0,-40.0
1776887051.2541027,0.0,0.0,-52.0
1776887051.2641027,0.0,2.0,-58.0
1776887051.2741027,-1.0,0.0,-61.0
1776887051.284103,0.0,2.0,-59.0
1776887051.294103,1.0,0.0,-54.0
1776887051.304103,1.0,-3.0,-51.0
1776887051.3141026,1.0,-1.0,-43.0
1776887051.3241026,3.0,0.0,-43.0
1776887051.3341026,4.0,1.0,-39.0
1776887051.3441026,2.0,4.0,-41.0
1776887051.3541028,6.0,1.0,-40.0
1776887051.3641028,4.0,1.0,-35.0
1776887051.3741028,0.0,1.0,-30.0
1776887051.3841028,1.0,2.0,-33.0
1776887051.3941028,5.0,2.0,-34.0
1776887051.4041028,5.0,1.0,-33.0
1776887051.4141028,5.0,0.0,-39.0
1776887051.4241028,6.0,-2.0,-38.0
1776887051.4341028,5.0,-10.0,-36.0
1776887051.4441028,4.0,-9.0,-45.0
1776887051.4541028,0.0,-3.0,-42.0
1776887051.4641027,0.0,-9.0,-43.0
1776887051.4741027,-5.0,-7.0,-37.0
1776887051.4841027,-1.0,-4.0,-34.0
1776887051.4941027,-1.0,-5.0,-33.0
1776887051.5041027,0.0,-5.0,-30.0
1776887051.5141027,-1.0,0.0,-33.0
1776887051.5241027,0.0,3.0,-34.0
1776887051.534103,0.0,4.0,-36.0
1776887051.544103,-3.0,1.0,-34.0
1776887051.554103,-3.0,1.0,-34.0
1776887051.5641026,-4.0,0.0,-35.0
1776887051.5741026,-1.0,3.0,-36.0
1776887051.5841026,-1.0,0.0,-27.0
1776887051.5941026,2.0,0.0,-26.0
1776887051.6041028,2.0,-4.0,-23.0
1776887051.6141028,2.0,-2.0,-26.0
1776887051.6241028,4.0,-1.0,-31.0
1776887051.6341028,5.0,-1.0,-34.0
1776887051.6441028,2.0,-1.0,-32.0
1776887051.6541028,1.0,-2.0,-29.0
1776887051.6641028,5.0,0.0,-34.0
1776887051.6741028,1.0,1.0,-35.0
1776887051.6841028,-1.0,3.0,-37.0
1776887051.6941028,2.0,6.0,-34.0
1776887051.7041028,3.0,8.0,-32.0
1776887051.7141027,2.0,5.0,-27.0
1776887051.7241027,3.0,5.0,-26.0
1776887051.7341027,3.0,4.0,-31.0
1776887051.7441027,3.0,2.0,-35.0
1776887051.7541027,1.0,0.0,-40.0
1776887051.7641027,5.0,-4.0,-42.0
1776887051.7741027,-1.0,-6.0,-39.0
1776887051.784103,0.0,-7.0,-36.0
1776887051.794103,-1.0,-5.0,-34.0
1776887051.804103,1.0,-1.0,-34.0
1776887051.8141026,3.0,2.0,-34.0
1776887051.8241026,2.0,2.0,-34.0
1776887051.8341026,1.0,2.0,-34.0
1776887051.8441026,1.0,0.0,-29.0
1776887051.8541028,0.0,-2.0,-24.0
1776887051.8641028,-2.0,-2.0,-30.0
1776887051.8741028,-1.0,-5.0,-31.0
1776887051.8841028,0.0,0.0,-35.0
1776887051.8941028,-5.0,2.0,-38.0
1776887051.9041028,-1.0,2.0,-33.0
1776887051.9141028,2.0,-1.0,-27.0
1776887051.9241028,2.0,-3.0,-28.0
1776887051.9341028,4.0,-3.0,-33.0
1776887051.9441028,2.0,-4.0,-38.0
1776887051.9541028,2.0,-6.0,-30.0
1776887051.9641027,1.0,-6.0,-31.0
1776887051.9741027,-1.0,-5.0,-34.0
1776887051.985103,-6.0,-2.0,-32.0
1776887051.9941027,-5.0,-3.0,-27.0
1776887052.0041027,-4.0,-3.0,-30.0
1776887052.0151026,-1.0,-8.0,-28.0
1776887052.0241027,0.0,-9.0,-29.0
1776887052.034103,0.0,-4.0,-32.0
1776887052.0451028,5.0,0.0,-34.0
1776887052.0551028,4.0,-5.0,-30.0
1776887052.0651028,3.0,-6.0,-32.0
1776887052.0751028,7.0,-3.0,-29.0
1776887052.0851028,6.0,-2.0,-25.0
1776887052.0951028,4.0,-4.0,-30.0
1776887052.1051028,5.0,0.0,-32.0
1776887052.1151028,2.0,-1.0,-30.0
1776887052.1251028,2.0,-1.0,-28.0
1776887052.1351027,-1.0,1.0,-31.0
1776887052.1451027,1.0,0.0,-27.0
1776887052.1551027,7.0,-1.0,-25.0
1776887052.1651027,5.0,0.0,-26.0
1776887052.1751027,2.0,0.0,-32.0
1776887052.1851027,-2.0,0.0,-32.0
1776887052.1951027,-7.0,-2.0,-31.0
1776887052.2051027,-5.0,0.0,-27.0
1776887052.215103,-1.0,3.0,-32.0
1776887052.225103,-2.0,0.0,-33.0
1776887052.235103,-5.0,0.0,-43.0
1776887052.2451026,-2.0,0.0,-40.0
1776887052.2551026,1.0,-3.0,-41.0
1776887052.2651026,0.0,-1.0,-43.0
1776887052.2751029,2.0,2.0,-43.0
1776887052.2851028,7.0,3.0,-35.0
1776887052.2951028,5.0,0.0,-30.0
1776887052.3051028,3.0,-1.0,-33.0
1776887052.3151028,-2.0,-3.0,-31.0
1776887052.3251028,-1.0,-4.0,-30.0
1776887052.3351028,-2.0,-4.0,-31.0
1776887052.3451028,-6.0,-7.0,-34.0
1776887052.3551028,-6.0,-3.0,-30.0
1776887052.3651028,-5.0,-1.0,-33.0
1776887052.3751028,-4.0,0.0,-36.0
1776887052.3851027,-2.0,-5.0,-33.0
1776887052.3951027,-2.0,-4.0,-29.0
1776887052.4051027,2.0,-5.0,-34.0
1776887052.4151027,3.0,-6.0,-37.0
1776887052.4251027,3.0,-5.0,-29.0
1776887052.4351027,1.0,-5.0,-34.0
1776887052.4451027,3.0,-8.0,-41.0
1776887052.4551027,0.0,-6.0,-39.0
1776887052.465103,1.0,-1.0,-37.0
1776887052.475103,5.0,-1.0,-29.0
1776887052.485103,3.0,0.0,-37.0
1776887052.4951026,2.0,-1.0,-37.0
1776887052.5051026,0.0,0.0,-41.0
1776887052.5151026,1.0,-1.0,-48.0
1776887052.5251029,0.0,-6.0,-46.0
1776887052.5351028,3.0,0.0,-37.0
1776887052.5451028,1.0,2.0,-40.0
1776887052.5551028,0.0,0.0,-41.0
1776887052.5651028,1.0,3.0,-34.0
1776887052.5751028,-1.0,2.0,-29.0
1776887052.5851028,-5.0,4.0,-30.0
1776887052.5951028,-3.0,1.0,-28.0
1776887052.6051028,-3.0,0.0,-26.0
1776887052.6151028,-1.0,-2.0,-27.0
1776887052.6251028,1.0,0.0,-31.0
1776887052.6351027,0.0,0.0,-37.0
1776887052.6451027,-2.0,0.0,-35.0
1776887052.6551027,-4.0,1.0,-37.0
1776887052.6651027,0.0,2.0,-34.0
1776887052.6751027,3.0,0.0,-31.0
1776887052.6851027,2.0,0.0,-34.0
1776887052.6951027,4.0,-2.0,-34.0
1776887052.7051027,2.0,-4.0,-33.0
1776887052.715103,4.0,-2.0,-32.0
1776887052.725103,6.0,-4.0,-39.0
1776887052.735103,1.0,-4.0,-43.0
1776887052.7451026,-3.0,-4.0,-44.0
1776887052.7551026,-1.0,-1.0,-47.0
1776887052.7651026,-4.0,0.0,-43.0
1776887052.7751029,-8.0,1.0,-43.0
1776887052.7851028,-7.0,0.0,-37.0
1776887052.7951028,-4.0,-3.0,-39.0
1776887052.8051028,-1.0,-4.0,-33.0
1776887052.8151028,0.0,-10.0,-35.0
1776887052.8251028,0.0,-8.0,-34.0
1776887052.8351028,-3.0,-7.0,-35.0
1776887052.8451028,0.0,-8.0,-36.0
1776887052.8551028,2.0,-9.0,-35.0
1776887052.8651028,1.0,-13.0,-41.0
1776887052.8751028,1.0,-7.0,-43.0
1776887052.8851027,0.0,-6.0,-48.0
1776887052.8951027,-1.0,-6.0,-50.0
1776887052.9051027,-1.0,-5.0,-39.0
1776887052.9151027,-6.0,-5.0,-42.0
1776887052.9251027,-2.0,-5.0,-38.0
1776887052.9351027,-2.0,-6.0,-36.0
1776887052.9451027,-5.0,-8.0,-39.0
1776887052.9551027,-4.0,-9.0,-41.0
1776887052.965103,-7.0,-6.0,-38.0
1776887052.975103,-8.0,-4.0,-41.0
1776887052.985103,-6.0,0.0,-43.0
1776887052.9951026,-6.0,0.0,-41.0
1776887053.0051026,1.0,-3.0,-38.0
1776887053.0151026,4.0,-4.0,-40.0
1776887053.0251029,8.0,-5.0,-38.0
1776887053.0351028,7.0,-9.0,-36.0
1776887053.0451028,9.0,-5.0,-34.0
1776887053.0551028,13.0,-2.0,-39.0
1776887053.0651028,6.0,0.0,-39.0
1776887053.0751028,3.0,-1.0,-41.0
1776887053.0851028,3.0,-2.0,-35.0
1776887053.0951028,5.0,-3.0,-28.0
1776887053.1051028,8.0,-3.0,-28.0
1776887053.1151028,7.0,-7.0,-22.0
1776887053.1251028,8.0,-5.0,-28.0
1776887053.1351027,4.0,-2.0,-30.0
1776887053.1451027,7.0,-1.0,-34.0
1776887053.1551027,10.0,-3.0,-34.0
1776887053.1651027,13.0,-3.0,-32.0
1776887053.1751027,13.0,-2.0,-38.0
1776887053.1851027,12.0,-5.0,-34.0
1776887053.1951027,5.0,-6.0,-26.0
1776887053.2051027,1.0,-5.0,-19.0
1776887053.215103,0.0,-4.0,-18.0
1776887053.225103,-1.0,-4.0,-20.0
1776887053.235103,-2.0,-2.0,-25.0
1776887053.2451026,-1.0,-4.0,-24.0
1776887053.2551026,0.0,-5.0,-28.0
1776887053.2651026,6.0,-6.0,-39.0
1776887053.2751029,4.0,-5.0,-40.0
1776887053.2851028,1.0,-3.0,-47.0
1776887053.2951028,4.0,-4.0,-44.0
1776887053.3051028,5.0,-3.0,-41.0
1776887053.3151028,2.0,-4.0,-39.0
1776887053.3251028,-2.0,-7.0,-39.0
1776887053.3351028,-4.0,-10.0,-32.0
1776887053.3451028,-1.0,-7.0,-31.0
1776887053.3551028,-5.0,-3.0,-26.0
1776887053.3651028,-4.0,-1.0,-35.0
1776887053.3751028,1.0,1.0,-35.0
1776887053.3851027,2.0,6.0,-36.0
1776887053.3951027,-1.0,3.0,-45.0
1776887053.4051027,-2.0,0.0,-40.0
1776887053.4151027,-2.0,2.0,-37.0
1776887053.4251027,-2.0,2.0,-37.0
1776887053.4351027,1.0,4.0,-39.0
1776887053.4451027,5.0,-1.0,-39.0
1776887053.4551027,7.0,-3.0,-40.0
1776887053.465103,3.0,0.0,-43.0
1776887053.475103,2.0,0.0,-44.0
1776887053.485103,3.0,-3.0,-38.0
1776887053.4951026,0.0,-2.0,-35.0
1776887053.5051026,-1.0,-1.0,-30.0
1776887053.5151026,-3.0,-1.0,-38.0
1776887053.5251029,-3.0,-7.0,-36.0
1776887053.5351028,-6.0,-6.0,-33.0
1776887053.5451028,-5.0,-7.0,-32.0
1776887053.5551028,-5.0,-7.0,-35.0
1776887053.5651028,0.0,-5.0,-31.0
1776887053.5751028,0.0,-4.0,-34.0
1776887053.5851028,0.0,-3.0,-38.0
1776887053.5951028,-1.0,-6.0,-45.0
1776887053.6051028,3.0,-6.0,-55.0
1776887053.6151028,0.0,-2.0,-49.0
1776887053.6251028,-3.0,-2.0,-43.0
1776887053.6351027,-3.0,0.0,-38.0
1776887053.6451027,-4.0,-1.0,-41.0
1776887053.6551027,-4.0,-2.0,-46.0
1776887053.6651027,-4.0,-1.0,-44.0
1776887053.6751027,-1.0,-5.0,-40.0
1776887053.6851027,0.0,-3.0,-38.0
1776887053.6951027,0.0,-3.0,-38.0
1776887053.7051027,3.0,-5.0,-30.0
1776887053.715103,0.0,-7.0,-41.0
1776887053.725103,1.0,-4.0,-48.0
1776887053.735103,2.0,-7.0,-43.0
1776887053.7451026,0.0,-12.0,-38.0
1776887053.7551026,-1.0,-13.0,-37.0
1776887053.7651026,0.0,-10.0,-41.0
1776887053.7751029,0.0,-7.0,-40.0
1776887053.7851028,1.0,-5.0,-36.0
1776887053.7951028,-1.0,-5.0,-33.0
1776887053.8051028,-3.0,-4.0,-33.0
1776887053.8151028,-3.0,0.0,-29.0
1776887053.8251028,-4.0,3.0,-36.0
1776887053.8351028,2.0,4.0,-50.0
1776887053.8451028,4.0,0.0,-52.0
1776887053.8551028,1.0,2.0,-46.0
1776887053.8651028,4.0,2.0,-44.0
1776887053.8751028,2.0,2.0,-41.0
1776887053.8851027,1.0,6.0,-42.0
1776887053.8951027,3.0,6.0,-41.0
1776887053.9051027,2.0,4.0,-41.0
1776887053.9151027,2.0,0.0,-40.0
1776887053.9251027,-1.0,2.0,-47.0
1776887053.9351027,-4.0,4.0,-45.0
1776887053.9451027,-4.0,2.0,-40.0
1776887053.9551027,0.0,-1.0,-40.0
1776887053.965103,1.0,-4.0,-38.0
1776887053.975103,0.0,-3.0,-40.0
1776887053.985103,-4.0,-1.0,-42.0
1776887053.9951026,-3.0,-4.0,-43.0
1776887054.0051026,4.0,-4.0,-40.0
1776887054.0151026,3.0,-3.0,-43.0
1776887054.0251029,3.0,-3.0,-34.0
1776887054.0351028,5.0,1.0,-34.0
1776887054.0461028,4.0,1.0,-36.0
1776887054.0551028,2.0,1.0,-35.0
1776887054.0661027,5.0,1.0,-36.0
1776887054.0761027,5.0,1.0,-38.0
1776887054.0861027,7.0,2.0,-36.0
1776887054.0961027,7.0,4.0,-32.0
1776887054.1061027,4.0,1.0,-39.0
1776887054.1161027,3.0,3.0,-35.0
1776887054.1261027,5.0,3.0,-36.0
1776887054.136103,4.0,-1.0,-38.0
1776887054.146103,4.0,-2.0,-40.0
1776887054.156103,1.0,-5.0,-44.0
1776887054.1661026,-1.0,-7.0,-45.0
1776887054.1761026,-3.0,-6.0,-39.0
1776887054.1861026,-3.0,-6.0,-41.0
1776887054.1961029,-5.0,-5.0,-32.0
1776887054.2061028,-2.0,-2.0,-29.0
1776887054.2161028,0.0,-2.0,-33.0
1776887054.2261028,-1.0,-1.0,-30.0
1776887054.2361028,-4.0,-2.0,-35.0
1776887054.2461028,-7.0,0.0,-43.0
1776887054.2561028,-6.0,1.0,-49.0
1776887054.2661028,-6.0,-3.0,-45.0
1776887054.2761028,-12.0,-5.0,-43.0
1776887054.2861028,-11.0,-6.0,-43.0
1776887054.2961028,-8.0,-8.0,-42.0
1776887054.3061028,-8.0,-10.0,-41.0
1776887054.3161027,-6.0,-12.0,-35.0
1776887054.3261027,-6.0,-10.0,-35.0
1776887054.3361027,-1.0,-4.0,-34.0
1776887054.3461027,-4.0,-9.0,-34.0
1776887054.3561027,-7.0,-10.0,-35.0
1776887054.3661027,-4.0,-9.0,-39.0
1776887054.3761027,-3.0,-1.0,-38.0
1776887054.386103,-5.0,6.0,-37.0
1776887054.396103,-2.0,6.0,-38.0
1776887054.406103,-8.0,3.0,-42.0
1776887054.4161026,-4.0,1.0,-32.0
1776887054.4261026,1.0,-7.0,-32.0
1776887054.4361026,0.0,-11.0,-41.0
1776887054.4461029,0.0,-11.0,-44.0
1776887054.4561028,1.0,-9.0,-43.0
1776887054.4661028,0.0,-8.0,-37.0
1776887054.4761028,3.0,-3.0,-37.0
1776887054.4861028,10.0,0.0,-36.0
1776887054.4961028,14.0,-1.0,-31.0
1776887054.5061028,13.0,-5.0,-31.0
1776887054.5161028,10.0,-7.0,-28.0
1776887054.5261028,6.0,-7.0,-34.0
1776887054.5361028,6.0,-4.0,-42.0
1776887054.5461028,5.0,-3.0,-45.0
1776887054.5561028,7.0,-4.0,-47.0
1776887054.5661027,2.0,-4.0,-42.0
1776887054.5761027,2.0,0.0,-40.0
1776887054.587103,4.0,-4.0,-37.0
1776887054.5961027,3.0,-3.0,-29.0
1776887054.6061027,2.0,-5.0,-33.0
1776887054.6161027,6.0,-2.0,-27.0
1776887054.6261027,5.0,0.0,-31.0
1776887054.636103,2.0,-2.0,-39.0
1776887054.646103,2.0,-3.0,-34.0
1776887054.656103,0.0,-4.0,-28.0
1776887054.6661026,3.0,-4.0,-24.0
1776887054.6761026,5.0,-8.0,-26.0
1776887054.6861026,3.0,-3.0,-28.0
1776887054.6961029,0.0,2.0,-30.0
1776887054.7061028,0.0,3.0,-34.0
1776887054.7161028,-4.0,5.0,-38.0
1776887054.7261028,-3.0,5.0,-34.0
1776887054.7361028,-4.0,6.0,-27.0
1776887054.7461028,-6.0,6.0,-28.0
1776887054.7561028,-3.0,2.0,-31.0
1776887054.7661028,-2.0,-2.0,-26.0
1776887054.7761028,0.0,-5.0,-26.0
1776887054.7861028,0.0,-7.0,-27.0
1776887054.7961028,0.0,-1.0,-28.0
1776887054.8061028,2.0,-2.0,-31.0
1776887054.8161027,0.0,-2.0,-32.0
1776887054.8261027,-3.0,-5.0,-36.0
1776887054.8361027,-2.0,-1.0,-37.0
1776887054.8461027,-4.0,-2.0,-32.0
1776887054.8561027,-3.0,-3.0,-39.0
1776887054.8661027,-3.0,-8.0,-41.0
1776887054.8761027,-3.0,-6.0,-40.0
1776887054.886103,-3.0,-6.0,-37.0
1776887054.896103,0.0,-4.0,-38.0
1776887054.906103,2.0,-4.0,-36.0
1776887054.9161026,2.0,-3.0,-34.0
1776887054.9261026,1.0,-2.0,-31.0
1776887054.9361026,4.0,1.0,-36.0
1776887054.9461029,3.0,-1.0,-38.0
1776887054.9561028,5.0,-3.0,-43.0
1776887054.9661028,8.0,-6.0,-39.0
1776887054.9761028,13.0,-1.0,-38.0
1776887054.9861028,16.0,-1.0,-42.0
1776887054.9961028,20.0,-2.0,-44.0
1776887055.0061028,14.0,-3.0,-38.0
1776887055.0161028,6.0,2.0,-38.0
1776887055.0261028,-2.0,1.0,-35.0
1776887055.0361028,-6.0,1.0,-27.0
1776887055.0461028,-4.0,1.0,-30.0
1776887055.0561028,-2.0,1.0,-33.0
1776887055.0661027,2.0,-1.0,-37.0
1776887055.0761027,-2.0,-5.0,-32.0
1776887055.0861027,-3.0,-5.0,-37.0
1776887055.0961027,-2.0,-5.0,-38.0
1776887055.1061027,-1.0,-5.0,-38.0
1776887055.1161027,-5.0,-5.0,-33.0
1776887055.1261027,-2.0,0.0,-34.0
1776887055.136103,-2.0,1.0,-33.0
1776887055.146103,-4.0,4.0,-39.0
1776887055.156103,0.0,3.0,-37.0
1776887055.1661026,0.0,1.0,-35.0
1776887055.1761026,-3.0,1.0,-33.0
1776887055.1861026,-3.0,2.0,-36.0
1776887055.1961029,-4.0,5.0,-40.0
1776887055.2061028,0.0,4.0,-45.0
1776887055.2161028,2.0,0.0,-41.0
1776887055.2261028,2.0,0.0,-38.0
1776887055.2361028,1.0,1.0,-38.0
1776887055.2461028,4.0,0.0,-41.0
1776887055.2561028,0.0,0.0,-41.0
1776887055.2661028,0.0,3.0,-34.0
1776887055.2761028,1.0,4.0,-34.0
1776887055.2861028,1.0,5.0,-35.0
1776887055.2961028,4.0,6.0,-33.0
1776887055.3061028,3.0,7.0,-39.0
1776887055.3161027,3.0,4.0,-41.0
1776887055.3261027,3.0,-2.0,-34.0
1776887055.3361027,4.0,-4.0,-35.0
1776887055.3461027,-1.0,-3.0,-42.0
1776887055.3561027,-4.0,-2.0,-41.0
1776887055.3661027,-5.0,-1.0,-37.0
1776887055.3761027,-5.0,-4.0,-39.0
1776887055.386103,1.0,-3.0,-34.0
1776887055.396103,0.0,-1.0,-38.0
1776887055.406103,0.0,1.0,-47.0
1776887055.4161026,0.0,0.0,-45.0
1776887055.4261026,-1.0,0.0,-42.0
1776887055.4361026,0.0,-4.0,-42.0
1776887055.4461029,0.0,-6.0,-39.0
1776887055.4561028,3.0,-3.0,-44.0
1776887055.4661028,3.0,-2.0,-45.0
1776887055.4761028,0.0,-1.0,-43.0
1776887055.4861028,0.0,1.0,-40.0
1776887055.4961028,0.0,3.0,-41.0
1776887055.5061028,3.0,4.0,-43.0
1776887055.5161028,6.0,1.0,-46.0
1776887055.5261028,3.0,1.0,-41.0
1776887055.5361028,6.0,1.0,-44.0
1776887055.5461028,3.0,-1.0,-42.0
1776887055.5561028,-1.0,0.0,-42.0
1776887055.5661027,0.0,-3.0,-37.0
1776887055.5761027,1.0,-6.0,-40.0
1776887055.5861027,6.0,-6.0,-44.0
1776887055.5961027,3.0,-1.0,-43.0
1776887055.6061027,-1.0,0.0,-35.0
1776887055.6161027,-2.0,-3.0,-35.0
1776887055.6261027,-4.0,-5.0,-37.0
1776887055.636103,-3.0,-6.0,-41.0
1776887055.646103,-3.0,-4.0,-42.0
1776887055.656103,0.0,-1.0,-43.0
1776887055.6661026,1.0,-1.0,-41.0
1776887055.6761026,-3.0,-3.0,-42.0
1776887055.6861026,-7.0,-2.0,-34.0
1776887055.6961029,-5.0,0.0,-35.0
1776887055.7061028,0.0,-6.0,-31.0
1776887055.7161028,1.0,-1.0,-39.0
1776887055.7261028,1.0,1.0,-42.0
1776887055.7361028,-1.0,0.0,-41.0
1776887055.7461028,0.0,0.0,-45.0
1776887055.7561028,1.0,1.0,-46.0
1776887055.7661028,0.0,-2.0,-41.0
1776887055.7761028,0.0,-3.0,-37.0
1776887055.7861028,2.0,-6.0,-44.0
1776887055.7961028,-1.0,-10.0,-38.0
1776887055.8061028,0.0,-8.0,-41.0
1776887055.8161027,-1.0,-5.0,-47.0
1776887055.8261027,-4.0,-3.0,-48.0
1776887055.8361027,0.0,-3.0,-41.0
1776887055.8461027,4.0,-3.0,-37.0
1776887055.8561027,8.0,-2.0,-32.0
1776887055.8661027,8.0,-1.0,-32.0
1776887055.8761027,4.0,0.0,-36.0
1776887055.886103,0.0,1.0,-40.0
1776887055.896103,2.0,3.0,-42.0
1776887055.906103,1.0,3.0,-39.0
1776887055.9161026,0.0,0.0,-40.0
1776887055.9261026,-1.0,-1.0,-37.0
1776887055.9361026,-4.0,0.0,-38.0
1776887055.9461029,-6.0,-1.0,-39.0
1776887055.9561028,-2.0,0.0,-42.0
1776887055.9661028,0.0,-2.0,-40.0
1776887055.9761028,3.0,-2.0,-43.0
1776887055.9871027,-3.0,-3.0,-40.0
1776887055.9961028,-4.0,-2.0,-36.0
1776887056.0061028,1.0,-1.0,-33.0
1776887056.0161028,0.0,-2.0,-38.0
1776887056.0261028,0.0,0.0,-43.0
1776887056.0371027,4.0,0.0,-37.0
1776887056.0471027,6.0,0.0,-35.0
1776887056.057103,4.0,-3.0,-39.0
1776887056.067103,0.0,-7.0,-34.0
1776887056.077103,-3.0,-5.0,-30.0
1776887056.087103,-4.0,-5.0,-33.0
1776887056.0971026,-4.0,-1.0,-30.0
1776887056.1071026,0.0,0.0,-24.0
1776887056.1171026,0.0,0.0,-29.0
1776887056.1271029,-1.0,3.0,-32.0
1776887056.1371028,-2.0,3.0,-41.0
1776887056.1471028,-4.0,2.0,-45.0
1776887056.1571028,-6.0,0.0,-42.0
1776887056.1671028,-6.0,2.0,-39.0
1776887056.1771028,-5.0,4.0,-37.0
1776887056.1871028,-1.0,8.0,-31.0
1776887056.1971028,-5.0,3.0,-26.0
1776887056.2071028,-5.0,2.0,-26.0
1776887056.2171028,-5.0,0.0,-28.0
1776887056.2271028,-7.0,-3.0,-34.0
1776887056.2371027,-4.0,-1.0,-32.0
1776887056.2471027,-4.0,4.0,-23.0
1776887056.2571027,1.0,7.0,-26.0
1776887056.2671027,7.0,7.0,-27.0
1776887056.2771027,5.0,2.0,-32.0
1776887056.2871027,7.0,2.0,-33.0
1776887056.2971027,11.0,1.0,-33.0
1776887056.307103,3.0,-4.0,-39.0
1776887056.317103,5.0,-5.0,-37.0
1776887056.327103,1.0,-5.0,-35.0
1776887056.337103,3.0,-6.0,-40.0
1776887056.3471026,1.0,-1.0,-42.0
1776887056.3571026,1.0,-1.0,-40.0
1776887056.3671026,1.0,-3.0,-31.0
1776887056.3771029,2.0,-4.0,-30.0
1776887056.3871028,2.0,-7.0,-31.0
1776887056.3971028,0.0,-6.0,-35.0
1776887056.4071028,-4.0,-8.0,-38.0
1776887056.4171028,0.0,-4.0,-39.0
1776887056.4271028,-2.0,-5.0,-42.0
1776887056.4371028,-5.0,-7.0,-42.0
1776887056.4471028,-4.0,-6.0,-36.0
1776887056.4571028,-2.0,-2.0,-36.0
1776887056.4671028,-2.0,0.0,-37.0
1776887056.4771028,1.0,-1.0,-37.0
1776887056.4871027,4.0,-1.0,-34.0
1776887056.4971027,4.0,-2.0,-35.0
1776887056.5071027,3.0,-3.0,-33.0
1776887056.5171027,3.0,-4.0,-33.0
1776887056.5271027,2.0,-3.0,-31.0
1776887056.5371027,4.0,-2.0,-36.0
1776887056.5471027,2.0,-3.0,-42.0
1776887056.557103,5.0,-3.0,-43.0
1776887056.567103,7.0,-2.0,-49.0
1776887056.577103,4.0,-2.0,-51.0
1776887056.587103,3.0,0.0,-48.0
1776887056.5971026,4.0,0.0,-43.0
1776887056.6071026,1.0,1.0,-49.0
1776887056.6171026,0.0,0.0,-50.0
1776887056.6271029,2.0,0.0,-47.0
1776887056.6371028,2.0,0.0,-43.0
1776887056.6471028,4.0,0.0,-44.0
1776887056.6571028,7.0,-2.0,-43.0
1776887056.6671028,8.0,-2.0,-47.0
1776887056.6771028,5.0,-3.0,-38.0
1776887056.6871028,5.0,-6.0,-40.0
1776887056.6971028,9.0,-5.0,-37.0
1776887056.7071028,7.0,-4.0,-37.0
1776887056.7171028,2.0,-3.0,-38.0
1776887056.7271028,1.0,-7.0,-32.0
1776887056.7371027,-4.0,-8.0,-28.0
1776887056.7471027,-5.0,-5.0,-25.0
1776887056.7571027,-6.0,-4.0,-26.0
1776887056.7671027,-7.0,-4.0,-33.0
1776887056.7771027,-7.0,-2.0,-33.0
1776887056.7871027,-5.0,1.0,-34.0
1776887056.7971027,1.0,2.0,-33.0
1776887056.807103,5.0,2.0,-33.0
1776887056.817103,5.0,2.0,-34.0
1776887056.827103,3.0,0.0,-33.0
1776887056.837103,3.0,-2.0,-33.0
1776887056.8471026,0.0,-3.0,-32.0
1776887056.8571026,-1.0,-2.0,-36.0
1776887056.8671026,-7.0,-5.0,-32.0
1776887056.8771029,-3.0,-2.0,-35.0
1776887056.8871028,-2.0,-3.0,-36.0
1776887056.8971028,-4.0,-4.0,-40.0
1776887056.9071028,-6.0,-6.0,-43.0
1776887056.9171028,-3.0,-10.0,-54.0
1776887056.9271028,0.0,-9.0,-56.0
1776887056.9371028,-4.0,-4.0,-50.0
1776887056.9471028,-5.0,-3.0,-53.0
1776887056.9571028,-1.0,-6.0,-54.0
1776887056.9671028,2.0,-5.0,-59.0
1776887056.9771028,0.0,-2.0,-57.0
1776887056.9871027,0.0,-1.0,-52.0
1776887056.9971027,-2.0,-3.0,-47.0
1776887057.0071027,0.0,-2.0,-54.0
1776887057.0171027,0.0,-4.0,-53.0
1776887057.0271027,1.0,-2.0,-53.0
1776887057.0371027,-3.0,0.0,-51.0
1776887057.0471027,-3.0,2.0,-42.0
1776887057.057103,-5.0,1.0,-36.0
1776887057.067103,-7.0,-1.0,-36.0
1776887057.077103,-4.0,-3.0,-39.0
1776887057.087103,-1.0,-3.0,-37.0
1776887057.0971026,0.0,-1.0,-31.0
1776887057.1071026,-4.0,2.0,-36.0
1776887057.1171026,-1.0,3.0,-28.0
1776887057.1271029,2.0,-3.0,-29.0
1776887057.1371028,1.0,-4.0,-27.0
1776887057.1471028,2.0,-3.0,-31.0
1776887057.1571028,0.0,-2.0,-34.0
1776887057.1671028,1.0,0.0,-41.0
1776887057.1771028,2.0,5.0,-41.0
1776887057.1871028,0.0,4.0,-36.0
1776887057.1971028,0.0,0.0,-36.0
1776887057.2071028,1.0,1.0,-37.0
1776887057.2171028,0.0,1.0,-35.0
1776887057.2271028,-4.0,1.0,-41.0
1776887057.2371027,-5.0,2.0,-47.0
1776887057.2471027,-1.0,3.0,-44.0
1776887057.2571027,3.0,3.0,-50.0
1776887057.2671027,3.0,0.0,-44.0
1776887057.2771027,-1.0,-1.0,-42.0
1776887057.2871027,-2.0,0.0,-42.0
1776887057.2971027,-3.0,-1.0,-35.0
1776887057.307103,-5.0,-6.0,-34.0
1776887057.317103,-4.0,-4.0,-41.0
1776887057.327103,-6.0,-10.0,-39.0
1776887057.337103,-6.0,-9.0,-33.0
1776887057.3471026,-3.0,-9.0,-31.0
1776887057.3571026,-2.0,-5.0,-30.0
1776887057.3671026,0.0,-4.0,-24.0
1776887057.3771029,1.0,-6.0,-21.0
1776887057.3871028,3.0,-9.0,-15.0
1776887057.3971028,0.0,-8.0,-21.0
1776887057.4071028,0.0,-6.0,-20.0
1776887057.4171028,2.0,-6.0,-25.0
1776887057.4271028,0.0,-7.0,-34.0
1776887057.4371028,0.0,-6.0,-31.0
1776887057.4471028,-2.0,-7.0,-29.0
1776887057.4571028,-5.0,-4.0,-30.0
1776887057.4671028,-3.0,-2.0,-27.0
1776887057.4771028,-2.0,0.0,-23.0
1776887057.4871027,0.0,-4.0,-27.0
1776887057.4971027,2.0,-3.0,-32.0
1776887057.5071027,2.0,1.0,-32.0
1776887057.5171027,2.0,3.0,-38.0
1776887057.5271027,1.0,1.0,-44.0
1776887057.5371027,-1.0,0.0,-47.0
1776887057.5471027,0.0,0.0,-50.0
1776887057.557103,-2.0,2.0,-43.0
1776887057.567103,1.0,-1.0,-40.0
1776887057.577103,0.0,-1.0,-36.0
1776887057.587103,-2.0,-1.0,-33.0
1776887057.5971026,-4.0,-4.0,-29.0
1776887057.6071026,-2.0,-5.0,-29.0
1776887057.6171026,-3.0,0.0,-36.0
1776887057.6271029,-5.0,0.0,-38.0
1776887057.6371028,-3.0,-3.0,-36.0
1776887057.6471028,-5.0,-4.0,-36.0
1776887057.6571028,-3.0,0.0,-39.0
1776887057.6671028,-4.0,0.0,-31.0
1776887057.6771028,-5.0,0.0,-28.0
1776887057.6871028,-1.0,1.0,-32.0
1776887057.6971028,-2.0,-2.0,-40.0
1776887057.7071028,0.0,-7.0,-44.0
1776887057.7171028,-2.0,-7.0,-45.0
1776887057.7271028,-2.0,-3.0,-40.0
1776887057.7371027,1.0,-1.0,-42.0
1776887057.7471027,1.0,0.0,-41.0
1776887057.7571027,-1.0,0.0,-37.0
1776887057.7671027,0.0,-3.0,-41.0
1776887057.7771027,0.0,-1.0,-42.0
1776887057.7871027,0.0,0.0,-33.0
1776887057.7971027,-4.0,0.0,-25.0
1776887057.807103,0.0,-4.0,-31.0
1776887057.817103,-1.0,-3.0,-34.0
1776887057.827103,-2.0,0.0,-32.0
1776887057.837103,-1.0,1.0,-40.0
1776887057.8471026,0.0,3.0,-40.0
1776887057.8571026,-3.0,2.0,-39.0
1776887057.8671026,0.0,2.0,-38.0
1776887057.8771029,0.0,0.0,-39.0
1776887057.8871028,0.0,3.0,-33.0
1776887057.8971028,2.0,0.0,-36.0
1776887057.9071028,0.0,1.0,-35.0
1776887057.9171028,-8.0,-3.0,-39.0
1776887057.9271028,-3.0,0.0,-44.0
1776887057.9371028,0.0,0.0,-39.0
1776887057.9471028,0.0,-2.0,-39.0
1776887057.9571028,0.0,0.0,-42.0
1776887057.9681027,-5.0,1.0,-43.0
1776887057.9771028,-6.0,1.0,-37.0
1776887057.9871027,-2.0,1.0,-36.0
1776887057.9971027,0.0,5.0,-39.0
1776887058.008103,2.0,2.0,-39.0
1776887058.0181026,2.0,-4.0,-38.0
1776887058.0281026,0.0,-3.0,-35.0
1776887058.0381026,2.0,-4.0,-40.0
1776887058.0481029,0.0,-3.0,-47.0
1776887058.0581028,2.0,-4.0,-54.0
1776887058.0681028,2.0,-6.0,-50.0
1776887058.0781028,3.0,-3.0,-45.0
1776887058.0881028,0.0,-2.0,-45.0
1776887058.0981028,-4.0,-3.0,-40.0
1776887058.1081028,-3.0,0.0,-41.0
1776887058.1181028,-1.0,-1.0,-43.0
1776887058.1281028,1.0,-1.0,-39.0
1776887058.1381028,4.0,0.0,-40.0
1776887058.1481028,2.0,-2.0,-35.0
1776887058.1581028,-2.0,0.0,-35.0
1776887058.1681027,-7.0,-1.0,-30.0
1776887058.1781027,-5.0,1.0,-27.0
1776887058.1881027,-8.0,3.0,-29.0
1776887058.1981027,-8.0,2.0,-37.0
1776887058.2081027,-10.0,4.0,-38.0
1776887058.2181027,-10.0,6.0,-38.0
1776887058.2281027,-4.0,5.0,-39.0
1776887058.238103,-6.0,0.0,-43.0
1776887058.248103,-3.0,0.0,-39.0
1776887058.258103,2.0,0.0,-39.0
1776887058.2681026,0.0,-5.0,-39.0
1776887058.2781026,2.0,-6.0,-40.0
1776887058.2881026,2.0,-4.0,-39.0
1776887058.2981029,2.0,-3.0,-34.0
1776887058.3081028,5.0,-2.0,-36.0
1776887058.3181028,7.0,-4.0,-35.0
1776887058.3281028,8.0,-4.0,-33.0
1776887058.3381028,5.0,-4.0,-30.0
1776887058.3481028,6.0,-2.0,-31.0
1776887058.3581028,5.0,-1.0,-28.0
1776887058.3681028,6.0,0.0,-32.0
1776887058.3781028,6.0,1.0,-35.0
1776887058.3881028,6.0,2.0,-32.0
1776887058.3981028,2.0,0.0,-32.0
1776887058.4081028,3.0,-2.0,-32.0
1776887058.4181027,4.0,-3.0,-29.0
1776887058.4281027,0.0,-13.0,-35.0
1776887058.4381027,2.0,-14.0,-33.0
1776887058.4481027,0.0,-9.0,-31.0
1776887058.4581027,4.0,-3.0,-29.0
1776887058.4681027,6.0,-3.0,-30.0
1776887058.4781027,5.0,-2.0,-33.0
1776887058.488103,1.0,-1.0,-35.0
1776887058.498103,0.0,-7.0,-41.0
1776887058.508103,0.0,-9.0,-38.0
1776887058.5181026,0.0,-6.0,-42.0
1776887058.5281026,0.0,-5.0,-40.0
1776887058.5381026,0.0,-5.0,-40.0
1776887058.5481029,-1.0,-2.0,-41.0
1776887058.5581028,-1.0,-4.0,-40.0
1776887058.5681028,-3.0,-10.0,-42.0
1776887058.5781028,-2.0,-9.0,-42.0
1776887058.5881028,-4.0,-6.0,-44.0
1776887058.5981028,-3.0,-3.0,-47.0
1776887058.6081028,0.0,0.0,-44.0
1776887058.6181028,1.0,1.0,-44.0
1776887058.6281028,0.0,4.0,-42.0
1776887058.6381028,4.0,4.0,-41.0
1776887058.6481028,5.0,4.0,-40.0
1776887058.6581028,3.0,-1.0,-42.0
1776887058.6681027,2.0,-1.0,-43.0
1776887058.6781027,2.0,-1.0,-32.0
1776887058.6881027,8.0,0.0,-32.0
1776887058.6981027,7.0,2.0,-37.0
1776887058.7081027,8.0,4.0,-36.0
1776887058.7181027,4.0,0.0,-29.0
1776887058.7281027,5.0,0.0,-32.0
1776887058.738103,2.0,0.0,-34.0
1776887058.748103,5.0,2.0,-30.0
1776887058.758103,6.0,2.0,-32.0
1776887058.7681026,11.0,1.0,-29.0
1776887058.7781026,5.0,0.0,-26.0
1776887058.7881026,4.0,-3.0,-29.0
1776887058.7981029,2.0,-3.0,-29.0
1776887058.8081028,0.0,-7.0,-29.0
1776887058.8181028,-2.0,-2.0,-30.0
1776887058.8281028,-1.0,-2.0,-34.0
1776887058.8381028,-4.0,-2.0,-34.0
1776887058.8481028,-1.0,-2.0,-29.0
1776887058.8581028,1.0,-4.0,-27.0
1776887058.8681028,3.0,-5.0,-25.0
1776887058.8781028,0.0,-3.0,-27.0
1776887058.8881028,-1.0,-3.0,-30.0
1776887058.8981028,0.0,-5.0,-30.0
1776887058.9081028,-2.0,-5.0,-31.0
1776887058.9181027,0.0,0.0,-37.0
1776887058.9281027,0.0,-1.0,-31.0
1776887058.9381027,4.0,0.0,-34.0
1776887058.9481027,5.0,4.0,-36.0
1776887058.9581027,0.0,7.0,-35.0
1776887058.9681027,-3.0,8.0,-34.0
1776887058.9781027,0.0,5.0,-27.0
1776887058.988103,0.0,5.0,-27.0
1776887058.998103,-1.0,1.0,-25.0
1776887059.008103,-4.0,2.0,-28.0
1776887059.0181026,-7.0,1.0,-30.0
1776887059.0281026,-5.0,0.0,-26.0
1776887059.0381026,-8.0,2.0,-31.0
1776887059.0481029,-9.0,0.0,-30.0
1776887059.0581028,-3.0,2.0,-41.0
1776887059.0681028,-2.0,1.0,-41.0
1776887059.0781028,-5.0,0.0,-37.0
1776887059.0881028,-3.0,-1.0,-42.0
1776887059.0981028,0.0,-2.0,-44.0
1776887059.1081028,-1.0,-4.0,-40.0
1776887059.1181028,-3.0,-1.0,-39.0
1776887059.1281028,-1.0,-1.0,-39.0
1776887059.1381028,-2.0,1.0,-44.0
1776887059.1481028,-1.0,-2.0,-47.0
1776887059.1581028,3.0,-7.0,-44.0
1776887059.1681027,7.0,-10.0,-44.0
1776887059.1781027,7.0,-10.0,-45.0
1776887059.1881027,9.0,-10.0,-40.0
1776887059.1981027,8.0,-13.0,-37.0
1776887059.2081027,8.0,-8.0,-37.0
1776887059.2181027,9.0,-6.0,-33.0
1776887059.2281027,11.0,-6.0,-35.0
1776887059.238103,13.0,-11.0,-36.0
1776887059.248103,11.0,-11.0,-41.0
1776887059.258103,11.0,-9.0,-47.0
1776887059.2681026,12.0,-9.0,-43.0
1776887059.2781026,10.0,-7.0,-40.0
1776887059.2881026,11.0,-3.0,-42.0
1776887059.2981029,8.0,0.0,-44.0
1776887059.3081028,7.0,-3.0,-45.0
1776887059.3181028,6.0,0.0,-44.0
1776887059.3281028,2.0,-6.0,-48.0
1776887059.3381028,5.0,-8.0,-44.0
1776887059.3481028,9.0,-6.0,-39.0
1776887059.3581028,10.0,-6.0,-36.0
1776887059.3681028,3.0,-2.0,-32.0
1776887059.3781028,2.0,-2.0,-39.0
1776887059.3881028,3.0,-1.0,-42.0
1776887059.3981028,1.0,-2.0,-42.0
1776887059.4081028,1.0,-6.0,-41.0
1776887059.4181027,2.0,-6.0,-37.0
1776887059.4281027,0.0,-7.0,-38.0
1776887059.4381027,-4.0,-7.0,-40.0
1776887059.4481027,-6.0,-6.0,-47.0
1776887059.4581027,-8.0,-10.0,-47.0
1776887059.4681027,-5.0,-7.0,-44.0
1776887059.4781027,-6.0,-7.0,-39.0
1776887059.488103,-8.0,-3.0,-32.0
1776887059.498103,-6.0,-4.0,-31.0
1776887059.508103,-6.0,0.0,-27.0
1776887059.5181026,-2.0,0.0,-28.0
1776887059.5281026,2.0,-3.0,-29.0
1776887059.5381026,3.0,-2.0,-28.0
1776887059.5481029,4.0,-3.0,-35.0
1776887059.5581028,2.0,-6.0,-34.0
1776887059.5681028,0.0,-6.0,-33.0
1776887059.5781028,1.0,-2.0,-33.0
1776887059.5881028,4.0,-6.0,-24.0
1776887059.5981028,9.0,-8.0,-21.0
1776887059.6081028,6.0,-6.0,-26.0
1776887059.6181028,6.0,-5.0,-31.0
1776887059.6281028,7.0,-5.0,-39.0
1776887059.6381028,3.0,-7.0,-40.0
1776887059.6481028,5.0,-6.0,-34.0
1776887059.6581028,3.0,-3.0,-37.0
1776887059.6681027,6.0,0.0,-31.0
1776887059.6781027,3.0,0.0,-39.0
1776887059.6881027,8.0,-1.0,-39.0
1776887059.6981027,10.0,0.0,-38.0
1776887059.7081027,9.0,2.0,-40.0
1776887059.7181027,4.0,2.0,-42.0
1776887059.7281027,3.0,3.0,-48.0
1776887059.738103,0.0,3.0,-53.0
1776887059.748103,-3.0,2.0,-50.0
1776887059.758103,-3.0,0.0,-41.0
1776887059.7681026,-3.0,1.0,-36.0
1776887059.7781026,1.0,-4.0,-31.0
1776887059.7881026,4.0,-5.0,-31.0
1776887059.7981029,5.0,-6.0,-34.0
1776887059.8081028,1.0,-5.0,-34.0
1776887059.8181028,0.0,0.0,-41.0
1776887059.8281028,0.0,-1.0,-41.0
1776887059.8381028,0.0,-4.0,-37.0
1776887059.8481028,2.0,-4.0,-40.0
1776887059.8581028,3.0,-2.0,-37.0
1776887059.8681028,0.0,0.0,-32.0
1776887059.8781028,1.0,0.0,-32.0
1776887059.8881028,2.0,-2.0,-34.0
1776887059.8981028,3.0,-4.0,-37.0
1776887059.9081028,2.0,-6.0,-39.0
1776887059.9181027,2.0,-8.0,-38.0
1776887059.9281027,3.0,-8.0,-39.0
1776887059.9381027,6.0,-13.0,-36.0
1776887059.9481027,4.0,-10.0,-34.0
1776887059.9581027,7.0,-10.0,-34.0
1776887059.9681027,5.0,-9.0,-32.0
1776887059.9781027,2.0,-7.0,-28.0
1776887059.988103,1.0,-5.0,-29.0
1776887059.998103,1.0,-7.0,-40.0
1776887060.008103,1.0,-4.0,-42.0
1776887060.0181026,0.0,-4.0,-35.0
1776887060.0281026,-6.0,-1.0,-32.0
1776887060.0391028,-3.0,-6.0,-34.0
1776887060.0491028,0.0,-7.0,-35.0
1776887060.0591028,2.0,-7.0,-41.0
1776887060.0691028,1.0,-4.0,-49.0
1776887060.0791028,0.0,0.0,-43.0
1776887060.0891027,3.0,-3.0,-38.0
1776887060.0991027,3.0,-2.0,-40.0
1776887060.1091027,2.0,0.0,-38.0
1776887060.1191027,6.0,-2.0,-33.0
1776887060.1291027,8.0,-5.0,-41.0
1776887060.1391027,7.0,-4.0,-41.0
1776887060.1491027,12.0,0.0,-37.0
1776887060.159103,7.0,-1.0,-37.0
1776887060.169103,1.0,-2.0,-40.0
1776887060.179103,3.0,-4.0,-36.0
1776887060.1891026,2.0,-3.0,-30.0
1776887060.1991026,-3.0,0.0,-37.0
1776887060.2091026,-7.0,1.0,-35.0
1776887060.2191026,-5.0,3.0,-28.0
1776887060.2291028,-4.0,2.0,-26.0
1776887060.2391028,-5.0,-6.0,-24.0
1776887060.2491028,-4.0,-10.0,-25.0
1776887060.2591028,-2.0,-6.0,-34.0
1776887060.2691028,-3.0,0.0,-40.0
1776887060.2791028,-1.0,3.0,-37.0
1776887060.2891028,-4.0,0.0,-43.0
1776887060.2991028,-4.0,-5.0,-46.0
1776887060.3091028,-2.0,-4.0,-43.0
1776887060.3191028,-5.0,-3.0,-44.0
1776887060.3291028,-4.0,-4.0,-43.0
1776887060.3391027,-2.0,-1.0,-39.0
1776887060.3491027,-5.0,0.0,-42.0
1776887060.3591027,-10.0,2.0,-45.0
1776887060.3691027,-10.0,3.0,-44.0
1776887060.3791027,-5.0,4.0,-44.0
1776887060.3891027,-4.0,1.0,-44.0
1776887060.3991027,-5.0,-2.0,-40.0
1776887060.409103,-2.0,0.0,-36.0
1776887060.419103,-1.0,1.0,-38.0
1776887060.429103,-2.0,0.0,-35.0
1776887060.4391026,0.0,-3.0,-34.0
1776887060.4491026,0.0,0.0,-35.0
1776887060.4591026,-2.0,-1.0,-36.0
1776887060.4691026,-2.0,0.0,-43.0
1776887060.4791028,-7.0,4.0,-45.0
1776887060.4891028,-5.0,4.0,-41.0
1776887060.4991028,-4.0,0.0,-46.0
1776887060.5091028,-6.0,0.0,-46.0
1776887060.5191028,-2.0,0.0,-40.0
1776887060.5291028,-1.0,1.0,-40.0
1776887060.5391028,-1.0,1.0,-39.0
1776887060.5491028,0.0,-2.0,-46.0
1776887060.5591028,4.0,-3.0,-43.0
1776887060.5691028,-1.0,-2.0,-38.0
1776887060.5791028,0.0,-5.0,-34.0
1776887060.5891027,0.0,-8.0,-31.0
1776887060.5991027,-3.0,-6.0,-25.0
1776887060.6091027,-5.0,-5.0,-24.0
1776887060.6191027,-3.0,-4.0,-27.0
1776887060.6291027,0.0,-5.0,-30.0
1776887060.6391027,0.0,-11.0,-25.0
1776887060.6491027,-2.0,-7.0,-24.0
1776887060.659103,-7.0,-6.0,-25.0
1776887060.669103,-9.0,-4.0,-25.0
1776887060.679103,-8.0,-1.0,-24.0
1776887060.6891026,-2.0,-3.0,-22.0
1776887060.6991026,2.0,-7.0,-28.0
1776887060.7091026,0.0,-8.0,-26.0
1776887060.7191026,0.0,-2.0,-18.0
1776887060.7291028,0.0,-2.0,-20.0
1776887060.7391028,2.0,-3.0,-23.0
1776887060.7491028,-1.0,-2.0,-25.0
1776887060.7591028,-3.0,-1.0,-28.0
1776887060.7691028,-2.0,0.0,-25.0
1776887060.7791028,-1.0,0.0,-28.0
1776887060.7891028,-2.0,-3.0,-29.0
1776887060.7991028,0.0,-5.0,-30.0
1776887060.8091028,-2.0,-4.0,-30.0
1776887060.8191028,0.0,-1.0,-35.0
1776887060.8291028,2.0,0.0,-34.0
1776887060.8391027,0.0,0.0,-35.0
1776887060.8491027,0.0,-2.0,-35.0
1776887060.8591027,3.0,-3.0,-33.0
1776887060.8691027,3.0,-2.0,-39.0
1776887060.8791027,7.0,-5.0,-40.0
1776887060.8891027,5.0,-4.0,-40.0
1776887060.8991027,2.0,-2.0,-42.0
1776887060.909103,3.0,2.0,-45.0
1776887060.919103,2.0,4.0,-47.0
1776887060.929103,4.0,1.0,-44.0
1776887060.9391026,4.0,5.0,-42.0
1776887060.9491026,8.0,2.0,-43.0
1776887060.9591026,5.0,3.0,-33.0
1776887060.9691026,5.0,1.0,-36.0
1776887060.9791028,5.0,0.0,-29.0
1776887060.9891028,5.0,-3.0,-32.0
1776887060.9991028,3.0,0.0,-34.0
1776887061.0091028,3.0,-3.0,-35.0
1776887061.0191028,4.0,-6.0,-37.0
1776887061.0291028,3.0,-4.0,-34.0
1776887061.0391028,5.0,-1.0,-35.0
1776887061.0491028,7.0,-4.0,-37.0
1776887061.0591028,6.0,-4.0,-40.0
1776887061.0691028,0.0,-5.0,-31.0
1776887061.0791028,3.0,-8.0,-35.0
1776887061.0891027,0.0,-6.0,-35.0
1776887061.0991027,0.0,-6.0,-39.0
1776887061.1091027,2.0,-5.0,-39.0
1776887061.1191027,3.0,-4.0,-39.0
1776887061.1291027,9.0,-5.0,-38.0
1776887061.1391027,7.0,-5.0,-37.0
1776887061.1491027,7.0,-3.0,-43.0
1776887061.159103,3.0,-2.0,-42.0
1776887061.169103,3.0,0.0,-48.0
1776887061.179103,1.0,-1.0,-49.0
1776887061.1891026,2.0,0.0,-50.0
1776887061.1991026,0.0,0.0,-48.0
1776887061.2091026,0.0,-2.0,-48.0
1776887061.2191026,1.0,-2.0,-47.0
1776887061.2291028,3.0,-1.0,-38.0
1776887061.2391028,1.0,1.0,-38.0
1776887061.2491028,1.0,3.0,-42.0
1776887061.2591028,4.0,1.0,-45.0
1776887061.2691028,5.0,1.0,-46.0
1776887061.2791028,3.0,1.0,-38.0
1776887061.2891028,3.0,-1.0,-33.0
1776887061.2991028,9.0,-3.0,-36.0
1776887061.3091028,10.0,-6.0,-30.0
1776887061.3191028,8.0,-7.0,-34.0
1776887061.3291028,5.0,-4.0,-34.0
1776887061.3391027,2.0,-2.0,-33.0
1776887061.3491027,2.0,-1.0,-30.0
1776887061.3591027,4.0,-3.0,-33.0
1776887061.3691027,4.0,0.0,-32.0
1776887061.3791027,0.0,-1.0,-41.0
1776887061.3891027,0.0,-3.0,-39.0
1776887061.3991027,-1.0,-1.0,-39.0
1776887061.409103,0.0,0.0,-39.0
1776887061.419103,0.0,-2.0,-42.0
1776887061.429103,-3.0,1.0,-43.0
1776887061.4391026,-6.0,1.0,-46.0
1776887061.4491026,-6.0,0.0,-38.0
1776887061.4591026,-7.0,0.0,-38.0
1776887061.4691026,-6.0,-1.0,-35.0
1776887061.4791028,-6.0,0.0,-35.0
1776887061.4891028,-1.0,0.0,-40.0
1776887061.4991028,-3.0,-1.0,-44.0
1776887061.5091028,-5.0,-3.0,-43.0
1776887061.5191028,-4.0,-6.0,-42.0
1776887061.5291028,-5.0,-2.0,-41.0
1776887061.5391028,-5.0,-3.0,-51.0
1776887061.5491028,-4.0,-5.0,-50.0
1776887061.5591028,-1.0,-8.0,-47.0
1776887061.5691028,-2.0,-9.0,-42.0
1776887061.5791028,-4.0,-6.0,-45.0
1776887061.5891027,1.0,0.0,-44.0
1776887061.5991027,10.0,-1.0,-44.0
1776887061.6091027,10.0,-1.0,-36.0
1776887061.6191027,10.0,0.0,-35.0
1776887061.6291027,4.0,-1.0,-30.0
1776887061.6391027,0.0,-2.0,-25.0
1776887061.6491027,0.0,-1.0,-25.0
1776887061.659103,-1.0,1.0,-26.0
1776887061.669103,0.0,-1.0,-38.0
1776887061.679103,0.0,-5.0,-44.0
1776887061.6891026,3.0,-6.0,-37.0
1776887061.6991026,0.0,-5.0,-37.0
1776887061.7091026,0.0,-3.0,-43.0
1776887061.7191026,4.0,-3.0,-44.0
1776887061.7291028,2.0,-2.0,-36.0
1776887061.7391028,2.0,-3.0,-39.0
1776887061.7491028,2.0,-9.0,-44.0
1776887061.7591028,-7.0,-8.0,-49.0
1776887061.7691028,-5.0,-5.0,-46.0
1776887061.7791028,-3.0,-2.0,-36.0
1776887061.7891028,-4.0,-3.0,-37.0
1776887061.7991028,-4.0,-7.0,-41.0
1776887061.8091028,-4.0,-3.0,-35.0
1776887061.8191028,-9.0,0.0,-26.0
1776887061.8291028,-8.0,-1.0,-25.0
1776887061.8391027,-2.0,-2.0,-23.0
1776887061.8491027,-1.0,-1.0,-24.0
1776887061.8591027,0.0,0.0,-24.0
1776887061.8691027,-2.0,0.0,-25.0
1776887061.8791027,0.0,-4.0,-17.0
1776887061.8891027,8.0,-5.0,-19.0
1776887061.8991027,5.0,-3.0,-29.0
1776887061.909103,2.0,-1.0,-41.0
1776887061.919103,0.0,-3.0,-49.0
1776887061.929103,3.0,0.0,-54.0
1776887061.9391026,2.0,0.0,-52.0
1776887061.9491026,3.0,-1.0,-48.0
1776887061.9591026,1.0,-1.0,-48.0
1776887061.9691026,-1.0,-2.0,-43.0
1776887061.9791028,0.0,-3.0,-40.0
1776887061.9891028,0.0,-1.0,-37.0
1776887062.0001028,-1.0,2.0,-38.0
1776887062.0101027,-1.0,0.0,-34.0
1776887062.0191028,0.0,0.0,-35.0
1776887062.0301027,2.0,-1.0,-37.0
1776887062.0401027,2.0,-2.0,-36.0
1776887062.0501027,2.0,0.0,-34.0
1776887062.0601027,2.0,2.0,-36.0
1776887062.0701027,3.0,2.0,-42.0
1776887062.0801027,7.0,3.0,-41.0
1776887062.090103,7.0,-2.0,-41.0
1776887062.100103,1.0,-4.0,-36.0
1776887062.110103,0.0,-4.0,-42.0
1776887062.1201026,1.0,0.0,-44.0
1776887062.1301026,4.0,0.0,-42.0
1776887062.1401026,1.0,-2.0,-40.0
1776887062.1501029,0.0,-5.0,-40.0
1776887062.1601028,-1.0,-5.0,-39.0
1776887062.1701028,0.0,-5.0,-33.0
1776887062.1801028,-3.0,-6.0,-36.0
1776887062.1901028,0.0,-5.0,-31.0
1776887062.2001028,2.0,-7.0,-32.0
1776887062.2101028,7.0,-6.0,-32.0
1776887062.2201028,7.0,-5.0,-33.0
1776887062.2301028,6.0,-5.0,-31.0
1776887062.2401028,7.0,-5.0,-35.0
1776887062.2501028,4.0,1.0,-36.0
1776887062.2601027,2.0,7.0,-42.0
1776887062.2701027,0.0,7.0,-48.0
1776887062.2801027,-3.0,4.0,-43.0
1776887062.2901027,-3.0,2.0,-45.0
1776887062.3001027,0.0,2.0,-39.0
1776887062.3101027,-1.0,2.0,-43.0
1776887062.3201027,-3.0,-1.0,-42.0
1776887062.3301027,-1.0,-2.0,-40.0
1776887062.340103,-4.0,2.0,-40.0
1776887062.350103,-1.0,3.0,-39.0
1776887062.360103,0.0,-2.0,-47.0
1776887062.3701026,2.0,-2.0,-51.0
1776887062.3801026,2.0,-3.0,-50.0
1776887062.3901026,1.0,0.0,-49.0
1776887062.4001029,6.0,5.0,-49.0
1776887062.4101028,6.0,3.0,-42.0
1776887062.4201028,5.0,1.0,-38.0
1776887062.4301028,7.0,-5.0,-38.0
1776887062.4401028,3.0,-6.0,-42.0
1776887062.4501028,5.0,-5.0,-41.0
1776887062.4601028,0.0,0.0,-34.0
1776887062.4701028,0.0,-1.0,-23.0
1776887062.4801028,0.0,0.0,-27.0
1776887062.4901028,-1.0,0.0,-34.0
1776887062.5001028,0.0,2.0,-38.0
1776887062.5101027,-2.0,0.0,-34.0
1776887062.5201027,0.0,-2.0,-29.0
1776887062.5301027,5.0,-5.0,-30.0
1776887062.5401027,7.0,-6.0,-28.0
1776887062.5501027,1.0,1.0,-37.0
1776887062.5601027,-1.0,-1.0,-40.0
1776887062.5701027,-1.0,0.0,-50.0
1776887062.5801027,-2.0,-1.0,-44.0
1776887062.590103,1.0,-4.0,-43.0
1776887062.600103,0.0,-7.0,-42.0
1776887062.610103,-1.0,-2.0,-42.0
1776887062.6201026,1.0,-4.0,-49.0
1776887062.6301026,1.0,0.0,-50.0
1776887062.6401026,2.0,1.0,-45.0
1776887062.6501029,5.0,-1.0,-35.0
1776887062.6601028,3.0,-4.0,-35.0
1776887062.6701028,5.0,-4.0,-36.0
1776887062.6801028,9.0,-3.0,-39.0
1776887062.6901028,6.0,-3.0,-33.0
1776887062.7001028,0.0,-3.0,-32.0
1776887062.7101028,0.0,-2.0,-38.0
1776887062.7201028,-1.0,0.0,-32.0
1776887062.7301028,-1.0,4.0,-36.0
1776887062.7401028,0.0,7.0,-31.0
1776887062.7501028,0.0,7.0,-38.0
1776887062.7601027,0.0,4.0,-33.0
1776887062.7701027,4.0,6.0,-37.0
1776887062.7801027,4.0,3.0,-34.0
1776887062.7901027,1.0,4.0,-43.0
1776887062.8001027,4.0,0.0,-44.0
1776887062.8101027,3.0,0.0,-40.0
1776887062.8201027,5.0,2.0,-34.0
1776887062.8301027,4.0,4.0,-29.0
1776887062.840103,1.0,1.0,-28.0
1776887062.850103,0.0,-1.0,-33.0
1776887062.860103,-1.0,1.0,-33.0
1776887062.8701026,-3.0,0.0,-33.0
1776887062.8801026,0.0,-3.0,-34.0
1776887062.8901026,2.0,-3.0,-32.0
1776887062.9001029,2.0,-2.0,-37.0
1776887062.9101028,2.0,-1.0,-43.0
1776887062.9201028,3.0,0.0,-46.0
1776887062.9301028,3.0,-3.0,-48.0
1776887062.9401028,2.0,-2.0,-50.0
1776887062.9501028,0.0,-1.0,-50.0
1776887062.9601028,-1.0,-2.0,-50.0
1776887062.9701028,-2.0,-2.0,-48.0
1776887062.9801028,-1.0,-4.0,-40.0
1776887062.9901028,0.0,-3.0,-37.0
1776887063.0001028,-1.0,-3.0,-31.0
1776887063.0101027,-3.0,-1.0,-31.0
1776887063.0201027,3.0,-3.0,-35.0
1776887063.0301027,4.0,-4.0,-37.0
1776887063.0401027,8.0,0.0,-36.0
1776887063.0501027,4.0,0.0,-42.0
1776887063.0601027,-2.0,-1.0,-38.0
1776887063.0701027,0.0,-3.0,-31.0
1776887063.0801027,3.0,-5.0,-32.0
1776887063.090103,6.0,-4.0,-32.0
1776887063.100103,3.0,-1.0,-36.0
1776887063.110103,3.0,0.0,-30.0
1776887063.1201026,3.0,1.0,-27.0
1776887063.1301026,6.0,3.0,-28.0
1776887063.1401026,4.0,2.0,-30.0
1776887063.1501029,6.0,4.0,-34.0
1776887063.1601028,6.0,3.0,-33.0
1776887063.1701028,5.0,0.0,-39.0
1776887063.1801028,6.0,-5.0,-38.0
1776887063.1901028,4.0,-6.0,-45.0
1776887063.2001028,4.0,-4.0,-45.0
1776887063.2101028,3.0,-5.0,-41.0
1776887063.2201028,1.0,-8.0,-41.0
1776887063.2301028,-2.0,-12.0,-33.0
1776887063.2401028,-2.0,-11.0,-28.0
1776887063.2501028,-2.0,-10.0,-26.0
1776887063.2601027,0.0,-10.0,-31.0
1776887063.2701027,0.0,-9.0,-29.0
1776887063.2801027,-1.0,-1.0,-31.0
1776887063.2901027,-1.0,0.0,-27.0
1776887063.3001027,-1.0,-1.0,-32.0
1776887063.3101027,0.0,0.0,-42.0
1776887063.3201027,-3.0,0.0,-42.0
1776887063.3301027,-6.0,-1.0,-41.0
1776887063.340103,-6.0,0.0,-33.0
1776887063.350103,0.0,-3.0,-38.0
1776887063.360103,-2.0,0.0,-33.0
1776887063.3701026,-1.0,-3.0,-40.0
1776887063.3801026,0.0,-5.0,-33.0
1776887063.3901026,0.0,-4.0,-32.0
1776887063.4001029,0.0,-7.0,-29.0
1776887063.4101028,-2.0,-5.0,-33.0
1776887063.4201028,1.0,-4.0,-34.0
1776887063.4301028,3.0,0.0,-34.0
1776887063.4401028,1.0,0.0,-34.0
1776887063.4501028,0.0,-2.0,-34.0
1776887063.4601028,2.0,-3.0,-31.0
1776887063.4701028,2.0,-5.0,-36.0
1776887063.4801028,-2.0,-5.0,-31.0
1776887063.4901028,-2.0,-5.0,-35.0
1776887063.5001028,-4.0,-9.0,-38.0
1776887063.5101027,-3.0,-8.0,-35.0
1776887063.5201027,0.0,-4.0,-32.0
1776887063.5301027,-1.0,0.0,-32.0
1776887063.5401027,-2.0,1.0,-26.0
1776887063.5501027,-4.0,1.0,-21.0
1776887063.5601027,-2.0,4.0,-27.0
1776887063.5701027,0.0,4.0,-28.0
1776887063.5801027,3.0,-1.0,-32.0
1776887063.590103,6.0,-1.0,-30.0
1776887063.600103,2.0,-3.0,-36.0
1776887063.610103,3.0,-2.0,-40.0
1776887063.6201026,-2.0,-3.0,-39.0
1776887063.6301026,-3.0,0.0,-40.0
1776887063.6401026,-6.0,-2.0,-42.0
1776887063.6501029,-6.0,-4.0,-42.0
1776887063.6601028,-4.0,-2.0,-48.0
1776887063.6701028,-4.0,1.0,-45.0
1776887063.6801028,-4.0,1.0,-45.0
1776887063.6901028,0.0,-6.0,-44.0
1776887063.7001028,2.0,-8.0,-38.0
1776887063.7101028,1.0,-5.0,-33.0
1776887063.7201028,6.0,-2.0,-37.0
1776887063.7301028,7.0,-3.0,-36.0
1776887063.7401028,4.0,-5.0,-35.0
1776887063.7501028,0.0,-2.0,-35.0
1776887063.7601027,-6.0,-3.0,-37.0
1776887063.7701027,-1.0,-6.0,-41.0
1776887063.7801027,-1.0,-8.0,-40.0
1776887063.7901027,-2.0,-6.0,-37.0
1776887063.8001027,1.0,-5.0,-35.0
1776887063.8101027,2.0,-5.0,-42.0
1776887063.8201027,3.0,-5.0,-41.0
1776887063.8301027,0.0,-2.0,-36.0
1776887063.840103,3.0,-3.0,-41.0
1776887063.850103,3.0,-4.0,-39.0
1776887063.860103,2.0,-5.0,-38.0
1776887063.8701026,4.0,-4.0,-43.0
1776887063.8801026,7.0,-3.0,-38.0
1776887063.8901026,6.0,-2.0,-34.0
1776887063.9001029,5.0,-5.0,-43.0
1776887063.9101028,2.0,-3.0,-41.0
1776887063.9201028,2.0,-2.0,-44.0
1776887063.9301028,3.0,-1.0,-41.0
1776887063.9401028,2.0,-1.0,-41.0
1776887063.9501028,3.0,-3.0,-42.0
1776887063.9601028,4.0,-3.0,-46.0
1776887063.9701028,3.0,-6.0,-46.0
1776887063.9801028,1.0,-4.0,-47.0
1776887063.9901028,0.0,-4.0,-45.0
1776887064.0011027,0.0,-2.0,-46.0
1776887064.0101027,3.0,-1.0,-45.0
1776887064.021103,5.0,0.0,-40.0
1776887064.0301027,3.0,0.0,-38.0
1776887064.0411026,6.0,-5.0,-33.0
1776887064.0511026,0.0,-9.0,-29.0
1776887064.0611026,0.0,-4.0,-25.0
1776887064.0711029,-4.0,-4.0,-24.0
1776887064.0811028,-5.0,-1.0,-26.0
1776887064.0911028,-6.0,0.0,-32.0
1776887064.1011028,-5.0,0.0,-30.0
1776887064.1111028,-7.0,-3.0,-30.0
1776887064.1211028,-3.0,-3.0,-31.0
1776887064.1311028,-3.0,-5.0,-36.0
1776887064.1411028,-3.0,-7.0,-37.0
1776887064.1511028,0.0,-7.0,-40.0
1776887064.1611028,5.0,-6.0,-42.0
1776887064.1711028,5.0,-5.0,-41.0
1776887064.1811028,1.0,-9.0,-39.0
1776887064.1911027,3.0,-11.0,-40.0
1776887064.2011027,-1.0,-11.0,-43.0
1776887064.2111027,2.0,-4.0,-42.0
1776887064.2211027,0.0,-4.0,-39.0
1776887064.2311027,-2.0,-6.0,-39.0
1776887064.2411027,-5.0,-7.0,-37.0
1776887064.2511027,-5.0,-3.0,-35.0
1776887064.261103,-1.0,0.0,-39.0
1776887064.271103,-6.0,2.0,-43.0
1776887064.281103,0.0,-2.0,-41.0
1776887064.2911026,3.0,-3.0,-48.0
1776887064.3011026,3.0,-1.0,-50.0
1776887064.3111026,0.0,-3.0,-51.0
1776887064.3211029,-2.0,-5.0,-50.0
1776887064.3311028,5.0,-2.0,-44.0
1776887064.3411028,4.0,-1.0,-38.0
1776887064.3511028,3.0,0.0,-43.0
1776887064.3611028,2.0,2.0,-36.0
1776887064.3711028,1.0,2.0,-33.0
1776887064.3811028,0.0,-3.0,-30.0
1776887064.3911028,-2.0,-5.0,-32.0
1776887064.4011028,-1.0,-5.0,-28.0
1776887064.4111028,-1.0,-4.0,-32.0
1776887064.4211028,-1.0,-4.0,-30.0
1776887064.4311028,1.0,0.0,-30.0
1776887064.4411027,6.0,1.0,-29.0
1776887064.4511027,7.0,-2.0,-31.0
1776887064.4611027,7.0,-1.0,-31.0
1776887064.4711027,4.0,0.0,-27.0
1776887064.4811027,1.0,1.0,-27.0
1776887064.4911027,0.0,1.0,-27.0
1776887064.5011027,0.0,7.0,-32.0
1776887064.511103,-3.0,5.0,-33.0
1776887064.521103,2.0,3.0,-36.0
1776887064.531103,4.0,1.0,-38.0
1776887064.5411026,1.0,0.0,-41.0
1776887064.5511026,-1.0,0.0,-35.0
1776887064.5611026,1.0,0.0,-33.0
1776887064.5711029,1.0,2.0,-33.0
1776887064.5811028,0.0,3.0,-29.0
1776887064.5911028,-4.0,4.0,-26.0
1776887064.6011028,-2.0,4.0,-26.0
1776887064.6111028,-4.0,4.0,-29.0
1776887064.6211028,-2.0,0.0,-36.0
1776887064.6311028,-1.0,0.0,-28.0
1776887064.6411028,-1.0,1.0,-31.0
1776887064.6511028,0.0,0.0,-30.0
1776887064.6611028,0.0,0.0,-32.0
1776887064.6711028,1.0,0.0,-30.0
1776887064.6811028,1.0,1.0,-32.0
1776887064.6911027,3.0,0.0,-37.0
1776887064.7011027,6.0,-2.0,-38.0
1776887064.7111027,5.0,0.0,-42.0
1776887064.7211027,7.0,0.0,-37.0
1776887064.7311027,4.0,-4.0,-34.0
1776887064.7411027,6.0,-8.0,-31.0
1776887064.7511027,6.0,-7.0,-33.0
1776887064.761103,6.0,-4.0,-27.0
1776887064.771103,7.0,-3.0,-31.0
1776887064.781103,3.0,-3.0,-43.0
1776887064.7911026,2.0,-6.0,-36.0
1776887064.8011026,4.0,-7.0,-32.0
1776887064.8111026,4.0,-6.0,-33.0
1776887064.8211029,8.0,-6.0,-31.0
1776887064.8311028,7.0,-3.0,-36.0
1776887064.8411028,3.0,-2.0,-40.0
1776887064.8511028,3.0,-1.0,-42.0
1776887064.8611028,0.0,1.0,-37.0
1776887064.8711028,1.0,2.0,-41.0
1776887064.8811028,4.0,3.0,-35.0
1776887064.8911028,5.0,1.0,-38.0
1776887064.9011028,1.0,5.0,-38.0
1776887064.9111028,0.0,3.0,-34.0
1776887064.9211028,-5.0,0.0,-36.0
1776887064.9311028,-6.0,-4.0,-39.0
1776887064.9411027,-6.0,-4.0,-39.0
1776887064.9511027,-7.0,-6.0,-35.0
1776887064.9611027,-7.0,-4.0,-37.0
1776887064.9711027,-1.0,2.0,-35.0
1776887064.9811027,-2.0,1.0,-32.0
1776887064.9911027,-3.0,2.0,-32.0
1776887065.0011027,-2.0,2.0,-36.0
1776887065.011103,0.0,-4.0,-42.0
1776887065.021103,0.0,0.0,-43.0
1776887065.031103,-1.0,2.0,-39.0
1776887065.0411026,-2.0,5.0,-37.0
1776887065.0511026,-4.0,6.0,-38.0
1776887065.0611026,-1.0,10.0,-37.0
1776887065.0711029,0.0,9.0,-35.0
1776887065.0811028,2.0,7.0,-37.0
1776887065.0911028,1.0,6.0,-35.0
1776887065.1011028,5.0,7.0,-37.0
1776887065.1111028,4.0,1.0,-35.0
1776887065.1211028,5.0,0.0,-39.0
1776887065.1311028,0.0,2.0,-42.0
1776887065.1411028,5.0,-1.0,-44.0
1776887065.1511028,7.0,0.0,-48.0
1776887065.1611028,9.0,2.0,-46.0
1776887065.1711028,9.0,4.0,-48.0
1776887065.1811028,4.0,0.0,-45.0
1776887065.1911027,1.0,1.0,-39.0
1776887065.2011027,-3.0,3.0,-38.0
1776887065.2111027,-2.0,0.0,-40.0
1776887065.2211027,0.0,2.0,-40.0
1776887065.2311027,0.0,2.0,-46.0
1776887065.2411027,-3.0,0.0,-45.0
1776887065.2511027,-3.0,2.0,-45.0
1776887065.261103,-3.0,2.0,-41.0
1776887065.271103,0.0,-2.0,-33.0
1776887065.281103,0.0,-2.0,-36.0
1776887065.2911026,-1.0,3.0,-36.0
1776887065.3011026,-3.0,6.0,-36.0
1776887065.3111026,-1.0,4.0,-39.0
1776887065.3211029,1.0,4.0,-42.0
1776887065.3311028,-2.0,2.0,-44.0
1776887065.3411028,-4.0,-1.0,-49.0
1776887065.3511028,-3.0,-3.0,-52.0
1776887065.3611028,-2.0,-4.0,-47.0
1776887065.3711028,-4.0,-4.0,-42.0
1776887065.3811028,-2.0,-3.0,-43.0
1776887065.3911028,-2.0,0.0,-34.0
1776887065.4011028,-4.0,-1.0,-31.0
1776887065.4111028,-2.0,0.0,-34.0
1776887065.4211028,-5.0,0.0,-39.0
1776887065.4311028,-1.0,0.0,-39.0
1776887065.4411027,1.0,-2.0,-32.0
1776887065.4511027,1.0,-3.0,-38.0
1776887065.4611027,0.0,3.0,-42.0
1776887065.4711027,-2.0,2.0,-44.0
1776887065.4811027,-1.0,1.0,-45.0
1776887065.4911027,-4.0,2.0,-49.0
1776887065.5011027,0.0,-1.0,-48.0
1776887065.511103,0.0,-1.0,-41.0
1776887065.521103,5.0,-4.0,-41.0
1776887065.531103,3.0,-2.0,-45.0
1776887065.5411026,6.0,0.0,-39.0
1776887065.5511026,0.0,2.0,-40.0
1776887065.5611026,-2.0,3.0,-40.0
1776887065.5711029,-4.0,0.0,-41.0
1776887065.5811028,0.0,0.0,-47.0
1776887065.5911028,-7.0,-2.0,-42.0
1776887065.6011028,-8.0,0.0,-26.0
1776887065.6111028,-6.0,1.0,-34.0
1776887065.6211028,-4.0,2.0,-43.0
1776887065.6311028,0.0,-1.0,-43.0
1776887065.6411028,0.0,0.0,-35.0
1776887065.6511028,1.0,3.0,-33.0
1776887065.6611028,0.0,5.0,-40.0
1776887065.6711028,-4.0,2.0,-34.0
1776887065.6811028,-6.0,0.0,-34.0
1776887065.6911027,-7.0,0.0,-35.0
1776887065.7011027,-5.0,-1.0,-37.0
1776887065.7111027,-7.0,-1.0,-40.0
1776887065.7211027,-10.0,-4.0,-38.0
1776887065.7311027,-6.0,0.0,-38.0
1776887065.7411027,-2.0,3.0,-33.0
1776887065.7511027,-2.0,1.0,-30.0
1776887065.761103,-1.0,0.0,-28.0
1776887065.771103,1.0,-1.0,-25.0
1776887065.781103,2.0,1.0,-27.0
1776887065.7911026,0.0,3.0,-32.0
1776887065.8011026,-1.0,2.0,-35.0
1776887065.8111026,-2.0,1.0,-36.0
1776887065.8211029,-1.0,0.0,-39.0
1776887065.8311028,-5.0,-1.0,-39.0
1776887065.8411028,-4.0,-2.0,-37.0
1776887065.8511028,-3.0,0.0,-35.0
1776887065.8611028,-3.0,-1.0,-37.0
1776887065.8711028,-1.0,-3.0,-34.0
1776887065.8811028,1.0,-2.0,-35.0
1776887065.8911028,2.0,-1.0,-37.0
1776887065.9011028,3.0,-5.0,-39.0
1776887065.9111028,1.0,-8.0,-44.0
1776887065.9211028,2.0,-6.0,-50.0
1776887065.9311028,1.0,-5.0,-43.0
1776887065.9411027,2.0,-4.0,-35.0
1776887065.9511027,4.0,-5.0,-31.0
1776887065.9611027,0.0,-4.0,-36.0
1776887065.9711027,1.0,-2.0,-39.0
1776887065.9811027,2.0,-4.0,-33.0
1776887065.9911027,3.0,-8.0,-38.0
1776887066.0011027,3.0,-8.0,-39.0
1776887066.011103,1.0,-10.0,-32.0
1776887066.0221028,3.0,-11.0,-28.0
1776887066.0321028,8.0,-8.0,-33.0
1776887066.0421028,9.0,-4.0,-35.0
1776887066.0521028,9.0,-1.0,-38.0
1776887066.0621028,8.0,-4.0,-42.0
1776887066.0721028,8.0,-4.0,-48.0
1776887066.0821028,7.0,-4.0,-41.0
1776887066.0921028,2.0,-7.0,-38.0
1776887066.1021028,1.0,-8.0,-34.0
1776887066.1121027,0.0,-11.0,-39.0
1776887066.1221027,6.0,-8.0,-39.0
1776887066.1321027,5.0,-5.0,-40.0
1776887066.1421027,7.0,-6.0,-32.0
1776887066.1521027,2.0,-10.0,-28.0
1776887066.1621027,0.0,-8.0,-33.0
1776887066.1721027,0.0,-7.0,-26.0
1776887066.182103,-1.0,-7.0,-30.0
1776887066.192103,-4.0,-3.0,-31.0
1776887066.202103,-2.0,-3.0,-33.0
1776887066.212103,-1.0,-3.0,-36.0
1776887066.2221026,1.0,-2.0,-37.0
1776887066.2321026,0.0,-1.0,-35.0
1776887066.2421026,1.0,1.0,-30.0
1776887066.2521029,0.0,2.0,-30.0
1776887066.2621028,0.0,2.0,-24.0
1776887066.2721028,-2.0,3.0,-28.0
1776887066.2821028,-2.0,2.0,-35.0
1776887066.2921028,2.0,5.0,-43.0
1776887066.3021028,-1.0,7.0,-50.0
1776887066.3121028,-5.0,7.0,-55.0
1776887066.3221028,-2.0,5.0,-52.0
1776887066.3321028,1.0,4.0,-42.0
1776887066.3421028,4.0,4.0,-41.0
1776887066.3521028,4.0,6.0,-46.0
1776887066.3621027,8.0,2.0,-49.0
1776887066.3721027,4.0,3.0,-48.0
1776887066.3821027,3.0,3.0,-44.0
1776887066.3921027,2.0,5.0,-41.0
1776887066.4021027,-2.0,7.0,-37.0
1776887066.4121027,-2.0,8.0,-33.0
1776887066.4221027,3.0,7.0,-45.0
1776887066.432103,0.0,5.0,-41.0
1776887066.442103,-1.0,3.0,-30.0
1776887066.452103,0.0,0.0,-26.0
1776887066.462103,6.0,-5.0,-30.0
1776887066.4721026,3.0,-1.0,-37.0
1776887066.4821026,-2.0,-7.0,-39.0
1776887066.4921026,-2.0,-5.0,-33.0
1776887066.5021029,0.0,-4.0,-36.0
1776887066.5121028,-2.0,0.0,-37.0
1776887066.5221028,-8.0,3.0,-42.0
1776887066.5321028,-8.0,1.0,-44.0
1776887066.5421028,-7.0,0.0,-43.0
1776887066.5521028,-1.0,-2.0,-36.0
1776887066.5621028,0.0,0.0,-39.0
1776887066.5721028,1.0,1.0,-38.0
1776887066.5821028,2.0,-3.0,-33.0
1776887066.5921028,1.0,-6.0,-29.0
1776887066.6021028,1.0,-2.0,-30.0
1776887066.6121027,2.0,0.0,-27.0
1776887066.6221027,3.0,-1.0,-28.0
1776887066.6321027,1.0,1.0,-31.0
1776887066.6421027,-1.0,0.0,-37.0
1776887066.6521027,0.0,1.0,-37.0
1776887066.6621027,-1.0,1.0,-35.0
1776887066.6721027,2.0,0.0,-40.0
1776887066.682103,2.0,0.0,-39.0
1776887066.692103,0.0,0.0,-37.0
1776887066.702103,4.0,0.0,-35.0
1776887066.712103,2.0,-1.0,-37.0
1776887066.7221026,-3.0,-2.0,-34.0
1776887066.7321026,-4.0,-1.0,-37.0
1776887066.7421026,-4.0,-2.0,-39.0
1776887066.7521029,-7.0,0.0,-38.0
1776887066.7621028,-2.0,0.0,-37.0
1776887066.7731028,-3.0,-2.0,-40.0
1776887066.7821028,-1.0,-2.0,-47.0
1776887066.7921028,1.0,-3.0,-47.0
1776887066.8021028,3.0,0.0,-46.0
1776887066.8121028,0.0,1.0,-49.0
1776887066.8221028,-2.0,-5.0,-49.0
1776887066.8321028,-6.0,-5.0,-55.0
1776887066.8421028,-3.0,-2.0,-58.0
1776887066.8521028,6.0,0.0,-62.0
1776887066.8621027,4.0,0.0,-68.0
1776887066.8721027,1.0,0.0,-66.0
1776887066.8821027,2.0,0.0,-63.0
1776887066.8921027,2.0,0.0,-54.0
1776887066.9021027,2.0,-1.0,-50.0
1776887066.9121027,4.0,-1.0,-39.0
1776887066.9221027,6.0,-2.0,-44.0
1776887066.932103,4.0,-3.0,-48.0
1776887066.942103,0.0,-1.0,-44.0
1776887066.952103,0.0,1.0,-48.0
1776887066.962103,0.0,1.0,-50.0
1776887066.9721026,-5.0,0.0,-53.0
1776887066.9821026,-2.0,-2.0,-47.0
1776887066.9921026,0.0,0.0,-41.0
1776887067.0021029,-1.0,0.0,-51.0
1776887067.0121028,-1.0,4.0,-44.0
1776887067.0221028,1.0,7.0,-48.0
1776887067.0321028,-2.0,4.0,-43.0
1776887067.0421028,-3.0,3.0,-33.0
1776887067.0521028,-2.0,6.0,-38.0
1776887067.0621028,0.0,0.0,-33.0
1776887067.0721028,0.0,0.0,-38.0
1776887067.0821028,-3.0,-1.0,-35.0
1776887067.0921028,-4.0,-1.0,-35.0
1776887067.1021028,-1.0,-2.0,-35.0
1776887067.1121027,0.0,-2.0,-36.0
1776887067.1221027,4.0,1.0,-35.0
1776887067.1321027,0.0,-2.0,-38.0
1776887067.1421027,-1.0,-3.0,-45.0
1776887067.1521027,0.0,-5.0,-44.0
1776887067.1621027,1.0,-7.0,-45.0
1776887067.1721027,2.0,-9.0,-41.0
1776887067.182103,1.0,-7.0,-42.0
1776887067.192103,1.0,-5.0,-43.0
1776887067.202103,0.0,-6.0,-42.0
1776887067.212103,-2.0,-4.0,-43.0
1776887067.2221026,-5.0,-1.0,-40.0
1776887067.2321026,-7.0,1.0,-38.0
1776887067.2421026,-6.0,-1.0,-33.0
1776887067.2521029,-3.0,-2.0,-37.0
1776887067.2621028,0.0,-2.0,-38.0
1776887067.2721028,0.0,-5.0,-43.0
1776887067.2821028,0.0,-4.0,-40.0
1776887067.2921028,2.0,-3.0,-47.0
1776887067.3021028,-1.0,-1.0,-44.0
1776887067.3121028,-2.0,0.0,-37.0
1776887067.3221028,-5.0,1.0,-37.0
1776887067.3321028,-2.0,-1.0,-40.0
1776887067.3421028,0.0,2.0,-44.0
1776887067.3521028,-1.0,0.0,-38.0
1776887067.3621027,3.0,-4.0,-30.0
1776887067.3721027,0.0,-1.0,-33.0
1776887067.3821027,-4.0,0.0,-32.0
1776887067.3921027,-8.0,-1.0,-37.0
1776887067.4021027,-8.0,0.0,-37.0
1776887067.4121027,-5.0,-1.0,-42.0
1776887067.4221027,-5.0,0.0,-40.0
1776887067.432103,-4.0,1.0,-41.0
1776887067.442103,-1.0,-2.0,-44.0
1776887067.452103,-2.0,-4.0,-45.0
1776887067.462103,0.0,-5.0,-39.0
1776887067.4721026,0.0,-7.0,-46.0
1776887067.4821026,3.0,-3.0,-47.0
1776887067.4921026,6.0,1.0,-42.0
1776887067.5021029,7.0,2.0,-39.0
1776887067.5121028,0.0,6.0,-36.0
1776887067.5221028,0.0,7.0,-38.0
1776887067.5321028,0.0,4.0,-38.0
1776887067.5421028,-3.0,0.0,-41.0
1776887067.5521028,0.0,0.0,-32.0
1776887067.5621028,-2.0,-3.0,-30.0
1776887067.5721028,3.0,-2.0,-34.0
1776887067.5821028,4.0,0.0,-34.0
1776887067.5921028,4.0,1.0,-31.0
1776887067.6021028,1.0,0.0,-28.0
1776887067.6121027,3.0,-1.0,-31.0
1776887067.6221027,9.0,-4.0,-32.0
1776887067.6321027,3.0,-3.0,-39.0
1776887067.6421027,0.0,-2.0,-37.0
1776887067.6521027,0.0,0.0,-38.0
1776887067.6621027,0.0,0.0,-44.0
1776887067.6721027,2.0,0.0,-42.0
1776887067.682103,1.0,0.0,-39.0
1776887067.692103,1.0,0.0,-35.0
1776887067.702103,1.0,6.0,-32.0
1776887067.712103,1.0,6.0,-28.0
1776887067.7221026,0.0,2.0,-32.0
1776887067.7321026,-4.0,0.0,-40.0
1776887067.7421026,-5.0,3.0,-42.0
1776887067.7521029,-1.0,0.0,-45.0
1776887067.7621028,-2.0,-3.0,-43.0
1776887067.7721028,-2.0,-4.0,-45.0
1776887067.7821028,-4.0,-4.0,-41.0
1776887067.7921028,0.0,-3.0,-37.0
1776887067.8021028,-3.0,-2.0,-38.0
1776887067.8121028,-6.0,-4.0,-48.0
1776887067.8221028,-10.0,-2.0,-45.0
1776887067.8321028,-5.0,1.0,-39.0
1776887067.8421028,-6.0,-1.0,-37.0
1776887067.8521028,-7.0,-6.0,-41.0
1776887067.8621027,-5.0,-4.0,-42.0
1776887067.8721027,-2.0,0.0,-41.0
1776887067.8821027,-2.0,1.0,-44.0
1776887067.8921027,0.0,-3.0,-44.0
1776887067.9021027,1.0,-1.0,-43.0
1776887067.9121027,3.0,-1.0,-40.0
1776887067.9221027,0.0,4.0,-42.0
1776887067.932103,0.0,4.0,-46.0
1776887067.942103,-1.0,2.0,-43.0
1776887067.952103,0.0,-1.0,-44.0
1776887067.962103,0.0,0.0,-41.0
1776887067.9721026,5.0,3.0,-43.0
1776887067.9831028,4.0,0.0,-45.0
1776887067.9931028,1.0,-1.0,-44.0
1776887068.0021029,1.0,-3.0,-47.0
1776887068.0121028,0.0,-3.0,-46.0
1776887068.0221028,-2.0,-2.0,-50.0
1776887068.0331028,-2.0,1.0,-42.0
1776887068.0431027,2.0,-3.0,-32.0
1776887068.0531027,1.0,0.0,-26.0
1776887068.0631027,-1.0,3.0,-27.0
1776887068.0731027,4.0,3.0,-29.0
1776887068.0831027,-5.0,-2.0,-30.0
1776887068.0931027,-9.0,0.0,-33.0
1776887068.1031027,-6.0,0.0,-38.0
1776887068.113103,-2.0,-2.0,-40.0
1776887068.123103,-3.0,-5.0,-47.0
1776887068.133103,-7.0,-5.0,-45.0
1776887068.1431026,-10.0,-9.0,-43.0
1776887068.1531026,-7.0,-9.0,-41.0
1776887068.1631026,-8.0,-8.0,-47.0
1776887068.1731029,-10.0,-8.0,-46.0
1776887068.1831028,-12.0,-3.0,-41.0
1776887068.1931028,-9.0,-5.0,-45.0
1776887068.2031028,-8.0,-1.0,-45.0
1776887068.2131028,-3.0,0.0,-45.0
1776887068.2231028,3.0,0.0,-43.0
1776887068.2331028,3.0,0.0,-37.0
1776887068.2431028,0.0,-1.0,-35.0
1776887068.2531028,3.0,0.0,-36.0
1776887068.2631028,3.0,-6.0,-27.0
1776887068.2731028,2.0,-7.0,-33.0
1776887068.2831028,0.0,-6.0,-33.0
1776887068.2931027,0.0,-1.0,-33.0
1776887068.3031027,4.0,1.0,-30.0
1776887068.3131027,4.0,1.0,-27.0
1776887068.3231027,2.0,4.0,-36.0
1776887068.3331027,2.0,-1.0,-36.0
1776887068.3431027,3.0,-2.0,-33.0
1776887068.3531027,2.0,-3.0,-26.0
1776887068.363103,-1.0,1.0,-28.0
1776887068.373103,-6.0,3.0,-32.0
1776887068.383103,-3.0,1.0,-37.0
1776887068.3931026,2.0,0.0,-36.0
1776887068.4031026,3.0,-2.0,-39.0
1776887068.4131026,1.0,-5.0,-43.0
1776887068.4231029,0.0,-4.0,-44.0
1776887068.4331028,0.0,-7.0,-38.0
1776887068.4431028,-1.0,-7.0,-34.0
1776887068.4531028,-2.0,-8.0,-30.0
1776887068.4631028,-3.0,-8.0,-40.0
1776887068.4731028,0.0,-5.0,-43.0
1776887068.4831028,-4.0,-1.0,-42.0
1776887068.4931028,0.0,-1.0,-46.0
1776887068.5031028,0.0,-1.0,-45.0
1776887068.5131028,1.0,-2.0,-43.0
1776887068.5231028,0.0,-3.0,-42.0
1776887068.5331028,0.0,-3.0,-43.0
1776887068.5431027,-1.0,-3.0,-40.0
1776887068.5531027,-4.0,1.0,-35.0
1776887068.5631027,-4.0,1.0,-31.0
1776887068.5731027,-5.0,2.0,-29.0
1776887068.5831027,-3.0,-3.0,-26.0
1776887068.5931027,-7.0,-1.0,-22.0
1776887068.6031027,-3.0,0.0,-22.0
1776887068.613103,1.0,0.0,-30.0
1776887068.623103,-1.0,-1.0,-28.0
1776887068.633103,-4.0,-3.0,-32.0
1776887068.6431026,-1.0,-1.0,-34.0
1776887068.6531026,-4.0,2.0,-39.0
1776887068.6631026,0.0,2.0,-34.0
1776887068.6731029,8.0,1.0,-32.0
1776887068.6831028,7.0,-1.0,-33.0
1776887068.6931028,5.0,-4.0,-30.0
1776887068.7031028,2.0,-3.0,-31.0
1776887068.7131028,2.0,-4.0,-35.0
1776887068.7231028,2.0,-7.0,-36.0
1776887068.7331028,3.0,-7.0,-42.0
1776887068.7431028,5.0,0.0,-34.0
1776887068.7531028,4.0,1.0,-34.0
1776887068.7631028,2.0,-1.0,-36.0
1776887068.7731028,0.0,0.0,-40.0
1776887068.7831028,1.0,4.0,-38.0
1776887068.7931027,3.0,1.0,-42.0
1776887068.8031027,5.0,0.0,-40.0
1776887068.8131027,6.0,2.0,-42.0
1776887068.8231027,4.0,2.0,-35.0
1776887068.8331027,0.0,-1.0,-31.0
1776887068.8431027,2.0,-4.0,-29.0
1776887068.8531027,-1.0,0.0,-32.0
1776887068.863103,0.0,1.0,-41.0
1776887068.873103,4.0,1.0,-35.0
1776887068.883103,6.0,0.0,-36.0
1776887068.8931026,6.0,3.0,-42.0
1776887068.9031026,7.0,6.0,-39.0
1776887068.9131026,2.0,6.0,-30.0
1776887068.9231029,0.0,2.0,-33.0
1776887068.9331028,4.0,5.0,-34.0
1776887068.9431028,1.0,3.0,-35.0
1776887068.9531028,1.0,2.0,-37.0
1776887068.9631028,2.0,2.0,-33.0
1776887068.9731028,3.0,0.0,-34.0
1776887068.9831028,2.0,0.0,-38.0
1776887068.9931028,4.0,4.0,-43.0
1776887069.0031028,0.0,4.0,-46.0
1776887069.0131028,-2.0,3.0,-44.0
1776887069.0231028,-6.0,8.0,-44.0
1776887069.0331028,-6.0,5.0,-45.0
1776887069.0431027,-5.0,3.0,-41.0
1776887069.0531027,-2.0,1.0,-40.0
1776887069.0631027,-2.0,2.0,-37.0
1776887069.0731027,0.0,7.0,-38.0
1776887069.0831027,3.0,11.0,-37.0
1776887069.0931027,3.0,7.0,-33.0
1776887069.1031027,-1.0,5.0,-33.0
1776887069.113103,-2.0,3.0,-39.0
1776887069.123103,-5.0,2.0,-40.0
1776887069.133103,-3.0,0.0,-37.0
1776887069.1431026,-2.0,1.0,-36.0
1776887069.1531026,0.0,-2.0,-36.0
1776887069.1631026,-1.0,-1.0,-34.0
1776887069.1731029,0.0,-2.0,-39.0
1776887069.1831028,5.0,1.0,-36.0
1776887069.1931028,4.0,4.0,-41.0
1776887069.2031028,0.0,5.0,-45.0
1776887069.2131028,3.0,6.0,-40.0
1776887069.2231028,4.0,7.0,-39.0
1776887069.2331028,3.0,5.0,-41.0
1776887069.2431028,0.0,3.0,-40.0
1776887069.2531028,4.0,1.0,-39.0
1776887069.2631028,2.0,0.0,-33.0
1776887069.2731028,2.0,-2.0,-33.0
1776887069.2831028,1.0,3.0,-31.0
1776887069.2931027,0.0,3.0,-30.0
1776887069.3031027,-3.0,1.0,-40.0
1776887069.3131027,-4.0,2.0,-38.0
1776887069.3231027,0.0,1.0,-34.0
1776887069.3331027,0.0,1.0,-31.0
1776887069.3431027,-7.0,3.0,-29.0
1776887069.3531027,-5.0,7.0,-33.0
1776887069.363103,-6.0,3.0,-33.0
1776887069.373103,-5.0,2.0,-33.0
1776887069.383103,-2.0,2.0,-31.0
1776887069.3931026,-4.0,5.0,-32.0
1776887069.4041028,-5.0,9.0,-30.0
1776887069.4131026,-5.0,9.0,-26.0
1776887069.4231029,-3.0,4.0,-32.0
1776887069.4331028,-5.0,7.0,-36.0
1776887069.4431028,-7.0,4.0,-30.0
1776887069.4531028,-5.0,0.0,-34.0
1776887069.4631028,-1.0,-4.0,-36.0
1776887069.4731028,0.0,-2.0,-39.0
1776887069.4831028,-2.0,-2.0,-39.0
1776887069.4931028,-2.0,-3.0,-40.0
1776887069.5031028,-5.0,-1.0,-49.0
1776887069.5131028,-3.0,0.0,-45.0
1776887069.5231028,1.0,-1.0,-40.0
1776887069.5331028,4.0,0.0,-38.0
1776887069.5431027,4.0,1.0,-40.0
1776887069.5531027,5.0,0.0,-42.0
1776887069.5631027,3.0,0.0,-44.0
1776887069.5731027,5.0,-3.0,-39.0
1776887069.5831027,6.0,-5.0,-40.0
1776887069.5931027,4.0,-3.0,-48.0
1776887069.6031027,4.0,-3.0,-46.0
1776887069.613103,3.0,-6.0,-45.0
1776887069.623103,3.0,-5.0,-39.0
1776887069.633103,-1.0,-4.0,-38.0
1776887069.6431026,-2.0,-2.0,-32.0
1776887069.6531026,0.0,3.0,-27.0
1776887069.6631026,0.0,1.0,-35.0
1776887069.6731029,-2.0,-1.0,-29.0
1776887069.6831028,-3.0,-3.0,-34.0
1776887069.6931028,0.0,-1.0,-39.0
1776887069.7031028,0.0,-4.0,-43.0
1776887069.7131028,-5.0,-2.0,-44.0
1776887069.7231028,-5.0,-1.0,-44.0
1776887069.7331028,-4.0,-5.0,-39.0
1776887069.7431028,0.0,-5.0,-37.0
1776887069.7531028,3.0,-2.0,-35.0
1776887069.7631028,1.0,-4.0,-34.0
1776887069.7731028,0.0,-2.0,-32.0
1776887069.7831028,1.0,-1.0,-34.0
1776887069.7931027,3.0,2.0,-30.0
1776887069.8031027,5.0,5.0,-32.0
1776887069.8131027,4.0,4.0,-32.0
1776887069.8231027,3.0,3.0,-32.0
1776887069.8331027,0.0,5.0,-35.0
1776887069.8431027,2.0,5.0,-42.0
1776887069.8531027,2.0,4.0,-41.0
1776887069.863103,0.0,1.0,-37.0
1776887069.873103,3.0,-3.0,-37.0
1776887069.883103,7.0,-5.0,-34.0
1776887069.8931026,4.0,-4.0,-40.0
1776887069.9031026,-2.0,-1.0,-35.0
1776887069.9131026,-2.0,-1.0,-32.0
1776887069.9231029,-7.0,-2.0,-25.0
1776887069.9331028,-10.0,-3.0,-24.0
1776887069.9431028,-11.0,0.0,-26.0
1776887069.9531028,-12.0,1.0,-30.0
1776887069.9631028,-11.0,-5.0,-40.0
1776887069.9731028,-5.0,-4.0,-42.0
1776887069.9831028,-7.0,-5.0,-43.0
1776887069.9931028,-5.0,-5.0,-47.0
1776887070.0041027,-8.0,-5.0,-52.0
1776887070.0131028,-6.0,-1.0,-54.0
1776887070.0241027,-10.0,2.0,-53.0
1776887070.034103,-12.0,3.0,-54.0
1776887070.044103,-8.0,4.0,-49.0
1776887070.054103,-4.0,3.0,-46.0
1776887070.0641026,0.0,1.0,-45.0
1776887070.0741026,-3.0,0.0,-42.0
1776887070.0841026,0.0,-3.0,-39.0
1776887070.0941026,1.0,-5.0,-37.0
1776887070.1041028,0.0,-2.0,-39.0
1776887070.1141028,1.0,-4.0,-37.0
1776887070.1241028,-3.0,-6.0,-37.0
1776887070.1341028,-5.0,-2.0,-32.0
1776887070.1441028,-7.0,-1.0,-29.0
1776887070.1541028,-6.0,-6.0,-37.0
1776887070.1641028,-2.0,-3.0,-44.0
1776887070.1741028,-3.0,0.0,-45.0
1776887070.1841028,-6.0,-3.0,-41.0
1776887070.1941028,-8.0,0.0,-39.0
1776887070.2041028,-6.0,0.0,-34.0
1776887070.2141027,-3.0,-3.0,-32.0
1776887070.2241027,-2.0,0.0,-30.0
1776887070.2341027,-3.0,-1.0,-34.0
1776887070.2441027,-2.0,1.0,-35.0
1776887070.2541027,-4.0,3.0,-33.0
1776887070.2641027,-2.0,0.0,-31.0
1776887070.2741027,-3.0,2.0,-30.0
1776887070.284103,-1.0,1.0,-26.0
1776887070.294103,-3.0,1.0,-29.0
1776887070.304103,-5.0,0.0,-30.0
1776887070.3141026,0.0,0.0,-29.0
1776887070.3241026,-1.0,1.0,-30.0
1776887070.3341026,0.0,2.0,-40.0
1776887070.3441026,1.0,1.0,-45.0
1776887070.3541028,-1.0,0.0,-47.0
1776887070.3641028,-3.0,-3.0,-44.0
1776887070.3741028,-2.0,-4.0,-34.0
1776887070.3841028,-1.0,-7.0,-26.0
1776887070.3941028,0.0,-4.0,-28.0
1776887070.4041028,-2.0,-2.0,-27.0
1776887070.4141028,0.0,-3.0,-29.0
1776887070.4241028,-2.0,-3.0,-33.0
1776887070.4341028,-4.0,0.0,-37.0
1776887070.4441028,-1.0,3.0,-31.0
1776887070.4541028,-5.0,3.0,-30.0
1776887070.4641027,-6.0,3.0,-34.0
1776887070.4741027,0.0,4.0,-32.0
1776887070.4841027,0.0,5.0,-31.0
1776887070.4941027,1.0,1.0,-32.0
1776887070.5041027,4.0,0.0,-39.0
1776887070.5141027,3.0,1.0,-33.0
1776887070.5241027,0.0,0.0,-31.0
1776887070.534103,3.0,-2.0,-25.0
1776887070.544103,4.0,-1.0,-22.0
1776887070.554103,3.0,-4.0,-31.0
1776887070.5641026,6.0,-2.0,-37.0
1776887070.5741026,8.0,-4.0,-37.0
1776887070.5841026,10.0,-3.0,-41.0
1776887070.5941026,7.0,0.0,-44.0
1776887070.6041028,8.0,-2.0,-44.0
1776887070.6141028,-1.0,-1.0,-45.0
1776887070.6241028,-3.0,-1.0,-42.0
1776887070.6341028,-2.0,0.0,-45.0
1776887070.6441028,2.0,2.0,-43.0
1776887070.6541028,4.0,4.0,-39.0
1776887070.6641028,-2.0,5.0,-40.0
1776887070.6741028,-4.0,2.0,-41.0
1776887070.6841028,-1.0,1.0,-40.0
1776887070.6941028,-2.0,-1.0,-42.0
1776887070.7041028,-4.0,0.0,-44.0
1776887070.7141027,-4.0,-1.0,-38.0
1776887070.7241027,-6.0,0.0,-33.0
1776887070.7341027,-2.0,-5.0,-32.0
1776887070.7441027,-2.0,-5.0,-29.0
1776887070.7541027,-2.0,-2.0,-30.0
1776887070.7641027,-3.0,-1.0,-31.0
1776887070.7741027,-3.0,-4.0,-39.0
1776887070.784103,-1.0,-8.0,-40.0
1776887070.794103,-1.0,-4.0,-35.0
1776887070.804103,0.0,-5.0,-34.0
1776887070.8141026,0.0,-6.0,-41.0
1776887070.8241026,7.0,0.0,-42.0
1776887070.8341026,7.0,3.0,-42.0
1776887070.8441026,5.0,1.0,-37.0
1776887070.8541028,7.0,-1.0,-36.0
1776887070.8641028,9.0,-4.0,-33.0
1776887070.8741028,6.0,-2.0,-29.0
1776887070.8841028,1.0,-2.0,-37.0
1776887070.8941028,1.0,-4.0,-43.0
1776887070.9041028,-2.0,-7.0,-36.0
1776887070.9141028,-2.0,-5.0,-36.0
1776887070.9241028,-3.0,-4.0,-43.0
1776887070.9341028,-2.0,-6.0,-50.0
1776887070.9441028,0.0,-6.0,-46.0
1776887070.9541028,1.0,-3.0,-47.0
1776887070.9641027,-2.0,3.0,-41.0
1776887070.9741027,-5.0,0.0,-38.0
1776887070.9841027,-1.0,1.0,-37.0
1776887070.9941027,2.0,-1.0,-34.0
1776887071.0041027,3.0,0.0,-35.0
1776887071.0141027,-1.0,-1.0,-33.0
1776887071.0241027,-8.0,-2.0,-32.0
1776887071.034103,-7.0,2.0,-34.0
1776887071.044103,-3.0,3.0,-36.0
1776887071.054103,-4.0,0.0,-38.0
1776887071.0641026,-5.0,0.0,-40.0
1776887071.0741026,-6.0,-1.0,-39.0
1776887071.0841026,-5.0,-1.0,-40.0
1776887071.0941026,0.0,-2.0,-46.0
1776887071.1041028,0.0,0.0,-39.0
1776887071.1141028,-1.0,0.0,-38.0
1776887071.1241028,0.0,3.0,-36.0
1776887071.1341028,6.0,3.0,-35.0
1776887071.1441028,4.0,1.0,-34.0
1776887071.1541028,0.0,0.0,-29.0
1776887071.1641028,-2.0,-2.0,-30.0
1776887071.1741028,-2.0,-1.0,-33.0
1776887071.1841028,1.0,-3.0,-29.0
1776887071.1941028,1.0,-2.0,-32.0
1776887071.2041028,0.0,0.0,-36.0
1776887071.2141027,-1.0,0.0,-41.0
1776887071.2241027,1.0,0.0,-45.0
1776887071.2341027,-1.0,0.0,-47.0
1776887071.2441027,0.0,-3.0,-42.0
1776887071.2541027,4.0,-5.0,-44.0
1776887071.2641027,2.0,-7.0,-40.0
1776887071.2741027,0.0,-5.0,-43.0
1776887071.284103,0.0,-3.0,-48.0
1776887071.294103,0.0,0.0,-42.0
1776887071.304103,-2.0,0.0,-41.0
1776887071.3141026,-3.0,-3.0,-39.0
1776887071.3241026,-2.0,-1.0,-32.0
1776887071.3341026,-1.0,-4.0,-27.0
1776887071.3441026,0.0,-1.0,-31.0
1776887071.3541028,5.0,0.0,-29.0
1776887071.3641028,4.0,-2.0,-39.0
1776887071.3741028,3.0,1.0,-37.0
1776887071.3841028,3.0,1.0,-36.0
1776887071.3941028,1.0,-5.0,-37.0
1776887071.4041028,4.0,-5.0,-39.0
1776887071.4141028,4.0,-7.0,-28.0
1776887071.4241028,1.0,-8.0,-27.0
1776887071.4341028,3.0,-4.0,-28.0
1776887071.4441028,3.0,-6.0,-39.0
1776887071.4541028,3.0,-4.0,-40.0
1776887071.4641027,0.0,0.0,-47.0
1776887071.4741027,-1.0,0.0,-43.0
1776887071.4841027,-2.0,-1.0,-41.0
1776887071.4941027,0.0,-1.0,-40.0
1776887071.5041027,1.0,0.0,-34.0
1776887071.5141027,2.0,-3.0,-35.0
1776887071.5241027,1.0,-5.0,-36.0
1776887071.534103,-1.0,0.0,-43.0
1776887071.544103,0.0,-1.0,-51.0
1776887071.554103,-2.0,-4.0,-53.0
1776887071.5641026,-4.0,0.0,-48.0
1776887071.5741026,-2.0,-1.0,-47.0
1776887071.5841026,-3.0,0.0,-44.0
1776887071.5941026,-4.0,-1.0,-38.0
1776887071.6041028,-6.0,-3.0,-29.0
1776887071.6141028,-2.0,0.0,-22.0
1776887071.6241028,2.0,0.0,-25.0
1776887071.6341028,4.0,-7.0,-32.0
1776887071.6441028,3.0,-8.0,-32.0
1776887071.6541028,2.0,-11.0,-33.0
1776887071.6641028,3.0,-10.0,-35.0
1776887071.6741028,-1.0,-9.0,-33.0
1776887071.6841028,0.0,-4.0,-39.0
1776887071.6941028,2.0,-2.0,-36.0
1776887071.7041028,0.0,-5.0,-38.0
1776887071.7141027,-3.0,-8.0,-42.0
1776887071.7241027,-6.0,-2.0,-41.0
1776887071.7341027,-5.0,-4.0,-46.0
1776887071.7441027,-3.0,-3.0,-43.0
1776887071.7541027,0.0,-1.0,-41.0
1776887071.7641027,4.0,-2.0,-34.0
1776887071.7741027,2.0,0.0,-34.0
1776887071.784103,3.0,-1.0,-39.0
1776887071.794103,6.0,-3.0,-33.0
1776887071.804103,4.0,-2.0,-34.0
1776887071.8141026,3.0,0.0,-28.0
1776887071.8241026,4.0,0.0,-26.0
1776887071.8341026,-1.0,-1.0,-32.0
1776887071.8441026,0.0,1.0,-40.0
1776887071.8541028,-1.0,1.0,-39.0
1776887071.8641028,-1.0,-3.0,-37.0
1776887071.8741028,0.0,-3.0,-41.0
1776887071.8841028,6.0,0.0,-36.0
1776887071.8941028,8.0,0.0,-25.0
1776887071.9041028,9.0,0.0,-33.0
1776887071.9141028,10.0,4.0,-41.0
1776887071.9241028,9.0,4.0,-45.0
1776887071.9341028,8.0,0.0,-41.0
1776887071.9441028,7.0,0.0,-39.0
1776887071.9541028,10.0,0.0,-39.0
1776887071.9641027,5.0,0.0,-43.0
1776887071.9741027,4.0,2.0,-41.0
1776887071.9841027,5.0,2.0,-39.0
1776887071.9941027,3.0,-3.0,-39.0
1776887072.0051026,3.0,0.0,-38.0
1776887072.0151026,3.0,-1.0,-41.0
1776887072.0241027,2.0,-5.0,-38.0
1776887072.0351028,3.0,-4.0,-38.0
1776887072.0451028,2.0,0.0,-40.0
1776887072.0551028,2.0,0.0,-39.0
1776887072.0651028,0.0,-2.0,-37.0
1776887072.0751028,-2.0,0.0,-47.0
1776887072.0851028,-1.0,1.0,-49.0
1776887072.0951028,0.0,-1.0,-42.0
1776887072.1051028,3.0,-1.0,-40.0
1776887072.1151028,0.0,0.0,-41.0
1776887072.1251028,-1.0,-3.0,-41.0
1776887072.1351027,-4.0,-3.0,-47.0
1776887072.1451027,-3.0,-2.0,-47.0
1776887072.1551027,0.0,-3.0,-40.0
1776887072.1651027,-2.0,-5.0,-35.0
1776887072.1751027,-2.0,-2.0,-33.0
1776887072.1851027,0.0,-1.0,-35.0
1776887072.1951027,4.0,-3.0,-32.0
1776887072.2051027,4.0,0.0,-44.0
1776887072.215103,0.0,-1.0,-44.0
1776887072.225103,1.0,-5.0,-42.0
1776887072.235103,1.0,-6.0,-42.0
1776887072.2451026,2.0,-5.0,-40.0
1776887072.2551026,7.0,-4.0,-38.0
1776887072.2651026,10.0,-8.0,-29.0
1776887072.2751029,7.0,-7.0,-31.0
1776887072.2851028,8.0,-4.0,-36.0
1776887072.2951028,7.0,-5.0,-36.0
1776887072.3051028,7.0,-5.0,-36.0
1776887072.3151028,3.0,-5.0,-28.0
1776887072.3251028,0.0,-2.0,-30.0
1776887072.3351028,-3.0,0.0,-28.0
1776887072.3451028,-3.0,0.0,-33.0
1776887072.3551028,-3.0,-3.0,-34.0
1776887072.3651028,-3.0,-5.0,-37.0
1776887072.3751028,1.0,-3.0,-35.0
1776887072.3851027,0.0,-5.0,-33.0
1776887072.3951027,-2.0,-3.0,-32.0
1776887072.4051027,-1.0,0.0,-33.0
1776887072.4151027,0.0,-5.0,-32.0
1776887072.4251027,-5.0,-6.0,-32.0
1776887072.4351027,-5.0,-8.0,-38.0
1776887072.4451027,-4.0,-7.0,-44.0
1776887072.4551027,-3.0,-4.0,-45.0
1776887072.465103,-2.0,-5.0,-46.0
1776887072.475103,-3.0,-2.0,-44.0
1776887072.485103,-10.0,0.0,-45.0
1776887072.4951026,-5.0,-2.0,-47.0
1776887072.5051026,-5.0,0.0,-39.0
1776887072.5151026,-3.0,0.0,-45.0
1776887072.5251029,-5.0,3.0,-43.0
1776887072.5351028,-6.0,0.0,-40.0
1776887072.5451028,-2.0,-1.0,-38.0
1776887072.5551028,0.0,-1.0,-34.0
1776887072.5651028,0.0,-5.0,-33.0
1776887072.5751028,2.0,-4.0,-29.0
1776887072.5851028,2.0,-6.0,-27.0
1776887072.5951028,-3.0,-7.0,-33.0
1776887072.6051028,0.0,-5.0,-32.0
1776887072.6151028,-5.0,-5.0,-29.0
1776887072.6251028,-3.0,-5.0,-24.0
1776887072.6351027,0.0,-3.0,-26.0
1776887072.6451027,2.0,1.0,-31.0
1776887072.6551027,5.0,-4.0,-29.0
1776887072.6651027,5.0,-10.0,-37.0
1776887072.6751027,3.0,-8.0,-41.0
1776887072.6851027,0.0,-4.0,-39.0
1776887072.6951027,0.0,0.0,-34.0
1776887072.7051027,0.0,-4.0,-40.0
1776887072.715103,0.0,-6.0,-43.0
1776887072.725103,-5.0,-3.0,-44.0
1776887072.735103,-2.0,-1.0,-38.0
1776887072.7451026,-3.0,0.0,-36.0
1776887072.7551026,-3.0,1.0,-34.0
1776887072.7651026,-4.0,1.0,-27.0
1776887072.7751029,-1.0,0.0,-35.0
1776887072.7851028,2.0,-1.0,-32.0
1776887072.7951028,-1.0,-3.0,-26.0
1776887072.8051028,-1.0,-3.0,-23.0
1776887072.8151028,-5.0,0.0,-28.0
1776887072.8251028,-7.0,-1.0,-32.0
1776887072.8351028,-3.0,-3.0,-31.0
1776887072.8451028,6.0,1.0,-39.0
1776887072.8551028,3.0,2.0,-42.0
1776887072.8651028,2.0,-2.0,-40.0
1776887072.8751028,2.0,-3.0,-42.0
1776887072.8851027,5.0,-6.0,-35.0
1776887072.8951027,5.0,-10.0,-36.0
1776887072.9051027,6.0,-7.0,-39.0
1776887072.9151027,3.0,-3.0,-41.0
1776887072.9251027,4.0,-3.0,-39.0
1776887072.9351027,3.0,-1.0,-45.0
1776887072.9451027,5.0,-5.0,-43.0
1776887072.9551027,3.0,-3.0,-36.0
1776887072.965103,3.0,-5.0,-38.0
1776887072.975103,0.0,-2.0,-42.0
1776887072.985103,1.0,-4.0,-38.0
1776887072.9951026,0.0,-5.0,-39.0
1776887073.0051026,0.0,-4.0,-31.0
1776887073.0151026,-3.0,-4.0,-28.0
1776887073.0251029,-3.0,0.0,-24.0
1776887073.0351028,-5.0,2.0,-26.0
1776887073.0451028,-7.0,0.0,-27.0
1776887073.0551028,-2.0,-3.0,-28.0
1776887073.0651028,0.0,-6.0,-28.0
1776887073.0751028,0.0,-9.0,-34.0
1776887073.0851028,0.0,-8.0,-27.0
1776887073.0951028,2.0,-5.0,-29.0
1776887073.1051028,2.0,-6.0,-34.0
1776887073.1151028,0.0,-5.0,-41.0
1776887073.1251028,2.0,-4.0,-41.0
1776887073.1351027,0.0,0.0,-34.0
1776887073.1451027,-4.0,-1.0,-34.0
1776887073.1551027,-4.0,2.0,-31.0
1776887073.1651027,-2.0,-2.0,-26.0
1776887073.1751027,-1.0,-1.0,-30.0
1776887073.1851027,-1.0,-3.0,-32.0
1776887073.1951027,-1.0,-3.0,-26.0
1776887073.2051027,2.0,-7.0,-26.0
1776887073.215103,1.0,-3.0,-20.0
1776887073.225103,0.0,-5.0,-26.0
1776887073.235103,0.0,-3.0,-24.0
1776887073.2451026,6.0,0.0,-23.0
1776887073.2551026,3.0,4.0,-29.0
1776887073.2651026,-4.0,4.0,-29.0
1776887073.2751029,-6.0,2.0,-32.0
1776887073.2851028,-7.0,0.0,-38.0
1776887073.2951028,-10.0,2.0,-38.0
1776887073.3051028,-8.0,0.0,-35.0
1776887073.3151028,-6.0,1.0,-35.0
1776887073.3251028,-2.0,0.0,-36.0
1776887073.3351028,-1.0,-1.0,-40.0
1776887073.3451028,-1.0,-4.0,-41.0
1776887073.3551028,-1.0,-4.0,-39.0
1776887073.3651028,-3.0,-3.0,-43.0
1776887073.3751028,-1.0,-3.0,-51.0
1776887073.3851027,4.0,-4.0,-48.0
1776887073.3951027,0.0,-5.0,-47.0
1776887073.4051027,-4.0,0.0,-38.0
1776887073.4151027,-3.0,-1.0,-35.0
1776887073.4251027,-4.0,-2.0,-34.0
1776887073.4351027,-2.0,-3.0,-31.0
1776887073.4451027,0.0,0.0,-29.0
1776887073.4551027,0.0,2.0,-25.0
1776887073.465103,3.0,0.0,-35.0
1776887073.475103,3.0,1.0,-36.0
1776887073.485103,6.0,-1.0,-33.0
1776887073.4951026,5.0,0.0,-37.0
1776887073.5051026,6.0,-1.0,-38.0
1776887073.5151026,6.0,-4.0,-38.0
1776887073.5251029,4.0,-4.0,-41.0
1776887073.5351028,0.0,-3.0,-38.0
1776887073.5451028,0.0,-1.0,-40.0
1776887073.5551028,4.0,-2.0,-35.0
1776887073.5651028,4.0,0.0,-38.0
1776887073.5751028,5.0,-2.0,-39.0
1776887073.5851028,2.0,-3.0,-34.0
1776887073.5951028,3.0,-6.0,-35.0
1776887073.6051028,5.0,-7.0,-36.0
1776887073.6151028,6.0,-3.0,-42.0
1776887073.6251028,0.0,-2.0,-42.0
1776887073.6351027,1.0,0.0,-43.0
1776887073.6451027,6.0,2.0,-39.0
1776887073.6551027,5.0,3.0,-38.0
1776887073.6651027,1.0,1.0,-38.0
1776887073.6751027,-1.0,2.0,-34.0
1776887073.6851027,-1.0,1.0,-35.0
1776887073.6951027,-5.0,0.0,-35.0
1776887073.7051027,-5.0,-2.0,-38.0
1776887073.715103,-7.0,0.0,-38.0
1776887073.725103,-2.0,-1.0,-25.0
1776887073.735103,-1.0,-4.0,-24.0
1776887073.7451026,0.0,-5.0,-31.0
1776887073.7551026,1.0,-5.0,-32.0
1776887073.7651026,0.0,-3.0,-29.0
1776887073.7751029,1.0,-4.0,-27.0
1776887073.7851028,-1.0,-8.0,-24.0
1776887073.7951028,0.0,-12.0,-24.0
1776887073.8051028,-2.0,-9.0,-26.0
1776887073.8151028,-3.0,-8.0,-26.0
1776887073.8251028,-1.0,-4.0,-22.0
1776887073.8351028,-5.0,-6.0,-25.0
1776887073.8451028,-7.0,-2.0,-26.0
1776887073.8551028,-5.0,-5.0,-32.0
1776887073.8651028,-5.0,-6.0,-32.0
1776887073.8751028,-6.0,-7.0,-39.0
1776887073.8851027,-3.0,-5.0,-37.0
1776887073.8951027,-4.0,-6.0,-37.0
1776887073.9051027,-1.0,-6.0,-36.0
1776887073.9151027,-1.0,-9.0,-34.0
1776887073.9251027,-2.0,-7.0,-33.0
1776887073.9351027,-1.0,-7.0,-26.0
1776887073.9451027,-3.0,-6.0,-18.0
1776887073.9551027,3.0,-3.0,-22.0
1776887073.965103,0.0,-6.0,-23.0
1776887073.975103,2.0,-4.0,-26.0
1776887073.985103,3.0,-5.0,-24.0
1776887073.9951026,3.0,-4.0,-25.0
1776887074.0051026,1.0,-5.0,-28.0
1776887074.0161028,1.0,-5.0,-25.0
1776887074.0261028,2.0,-1.0,-22.0
1776887074.0351028,-1.0,0.0,-20.0
1776887074.0461028,-6.0,0.0,-17.0
1776887074.0561028,-3.0,-1.0,-24.0
1776887074.0661027,-3.0,0.0,-29.0
1776887074.0761027,-2.0,0.0,-29.0
1776887074.0861027,-4.0,2.0,-31.0
1776887074.0961027,-5.0,2.0,-36.0
1776887074.1061027,-6.0,1.0,-41.0
1776887074.1161027,-6.0,1.0,-37.0
1776887074.1261027,-5.0,-4.0,-36.0
1776887074.136103,0.0,-9.0,-31.0
1776887074.146103,0.0,-2.0,-38.0
1776887074.156103,-3.0,0.0,-44.0
1776887074.1661026,-4.0,0.0,-41.0
1776887074.1761026,-2.0,-4.0,-43.0
1776887074.1861026,-5.0,0.0,-45.0
1776887074.1961029,-2.0,-3.0,-42.0
1776887074.2061028,0.0,-6.0,-40.0
1776887074.2161028,2.0,-3.0,-36.0
1776887074.2261028,-2.0,-1.0,-39.0
1776887074.2361028,-5.0,0.0,-39.0
1776887074.2461028,-5.0,2.0,-43.0
1776887074.2561028,-1.0,1.0,-43.0
1776887074.2661028,-2.0,-1.0,-44.0
1776887074.2761028,-3.0,0.0,-44.0
1776887074.2861028,-1.0,0.0,-39.0
1776887074.2961028,-2.0,3.0,-39.0
1776887074.3061028,-1.0,5.0,-33.0
1776887074.3161027,-1.0,4.0,-31.0
1776887074.3261027,-3.0,0.0,-30.0
1776887074.3361027,-1.0,-2.0,-36.0
1776887074.3461027,1.0,-3.0,-40.0
1776887074.3561027,0.0,-3.0,-42.0
1776887074.3661027,0.0,0.0,-46.0
1776887074.3761027,3.0,2.0,-49.0
1776887074.386103,8.0,2.0,-54.0
1776887074.396103,5.0,1.0,-49.0
1776887074.406103,2.0,2.0,-45.0
1776887074.4161026,0.0,6.0,-43.0
1776887074.4261026,0.0,6.0,-42.0
1776887074.4361026,2.0,6.0,-39.0
1776887074.4461029,3.0,2.0,-32.0
1776887074.4561028,4.0,2.0,-23.0
1776887074.4661028,4.0,3.0,-24.0
1776887074.4761028,1.0,2.0,-18.0
1776887074.4861028,1.0,5.0,-21.0
1776887074.4961028,0.0,3.0,-28.0
1776887074.5061028,0.0,4.0,-32.0
1776887074.5161028,4.0,3.0,-33.0
1776887074.5261028,7.0,4.0,-33.0
1776887074.5361028,5.0,3.0,-34.0
1776887074.5461028,3.0,2.0,-36.0
1776887074.5561028,0.0,0.0,-37.0
1776887074.5661027,-2.0,1.0,-29.0
1776887074.5761027,-1.0,2.0,-30.0
1776887074.5861027,-2.0,0.0,-29.0
1776887074.5961027,-1.0,-1.0,-27.0
1776887074.6061027,0.0,1.0,-27.0
1776887074.6161027,0.0,2.0,-37.0
1776887074.6261027,0.0,-1.0,-39.0
1776887074.636103,0.0,0.0,-29.0
1776887074.646103,2.0,1.0,-32.0
1776887074.656103,3.0,1.0,-39.0
1776887074.6661026,6.0,-1.0,-42.0
1776887074.6761026,7.0,-3.0,-39.0
1776887074.6861026,0.0,-3.0,-33.0
1776887074.6961029,-1.0,-4.0,-32.0
1776887074.7061028,0.0,0.0,-32.0
1776887074.7161028,2.0,-1.0,-37.0
1776887074.7261028,0.0,0.0,-35.0
1776887074.7361028,0.0,1.0,-34.0
1776887074.7461028,4.0,-2.0,-33.0
1776887074.7561028,5.0,-3.0,-33.0
1776887074.7661028,3.0,-1.0,-29.0
1776887074.7761028,0.0,-5.0,-26.0
1776887074.7861028,0.0,-7.0,-30.0
1776887074.7961028,-1.0,-7.0,-27.0
1776887074.8061028,-5.0,-9.0,-29.0
1776887074.8161027,-6.0,-12.0,-35.0
1776887074.8261027,-4.0,-10.0,-42.0
1776887074.8361027,-2.0,-12.0,-42.0
1776887074.8461027,-2.0,-14.0,-44.0
1776887074.8561027,-2.0,-11.0,-46.0
1776887074.8661027,-4.0,-10.0,-45.0
1776887074.8761027,-6.0,-11.0,-40.0
1776887074.886103,-6.0,-10.0,-35.0
1776887074.896103,-1.0,-7.0,-32.0
1776887074.906103,-1.0,-8.0,-30.0
1776887074.9161026,-4.0,-11.0,-36.0
1776887074.9261026,-5.0,-9.0,-37.0
1776887074.9361026,-5.0,-4.0,-33.0
1776887074.9461029,-9.0,-9.0,-36.0
1776887074.9561028,-10.0,-10.0,-35.0
1776887074.9661028,-5.0,-13.0,-30.0
1776887074.9761028,-3.0,-9.0,-32.0
1776887074.9861028,0.0,-8.0,-29.0
1776887074.9961028,2.0,-5.0,-38.0
1776887075.0061028,5.0,-1.0,-36.0
1776887075.0161028,5.0,-2.0,-28.0
1776887075.0261028,2.0,-2.0,-31.0
1776887075.0361028,0.0,-4.0,-33.0
1776887075.0461028,1.0,-6.0,-31.0
1776887075.0561028,4.0,-5.0,-30.0
1776887075.0661027,7.0,-6.0,-33.0
1776887075.0761027,5.0,-6.0,-41.0
1776887075.0861027,5.0,-2.0,-43.0
1776887075.0961027,3.0,0.0,-50.0
1776887075.1061027,2.0,3.0,-51.0
1776887075.1161027,0.0,2.0,-55.0
1776887075.1261027,6.0,4.0,-52.0
1776887075.136103,6.0,-1.0,-53.0
1776887075.146103,7.0,-3.0,-44.0
1776887075.156103,2.0,-3.0,-43.0
1776887075.1661026,0.0,-4.0,-35.0
1776887075.1761026,-2.0,-4.0,-30.0
1776887075.1861026,0.0,-5.0,-26.0
1776887075.1961029,0.0,-3.0,-31.0
1776887075.2061028,-1.0,-4.0,-35.0
1776887075.2161028,-1.0,-3.0,-35.0
1776887075.2261028,-2.0,0.0,-29.0
1776887075.2361028,0.0,0.0,-27.0
1776887075.2461028,1.0,3.0,-22.0
1776887075.2561028,1.0,1.0,-28.0
1776887075.2661028,3.0,0.0,-28.0
1776887075.2761028,2.0,0.0,-33.0
1776887075.2861028,2.0,-2.0,-40.0
1776887075.2961028,-2.0,-2.0,-42.0
1776887075.3061028,-3.0,-3.0,-40.0
1776887075.3161027,-3.0,-3.0,-30.0
1776887075.3261027,1.0,-2.0,-37.0
1776887075.3361027,6.0,0.0,-42.0
1776887075.3461027,10.0,1.0,-40.0
1776887075.3561027,7.0,-1.0,-43.0
1776887075.3661027,6.0,-2.0,-45.0
1776887075.3761027,5.0,-4.0,-44.0
1776887075.386103,4.0,-4.0,-43.0
1776887075.396103,4.0,-1.0,-38.0
1776887075.406103,6.0,-2.0,-34.0
1776887075.4161026,4.0,-1.0,-35.0
1776887075.4261026,4.0,5.0,-38.0
1776887075.4361026,8.0,8.0,-42.0
1776887075.4461029,7.0,6.0,-40.0
1776887075.4561028,5.0,5.0,-43.0
1776887075.4661028,1.0,5.0,-38.0
1776887075.4761028,0.0,1.0,-36.0
1776887075.4861028,-1.0,4.0,-39.0
1776887075.4961028,-1.0,4.0,-32.0
1776887075.5061028,-3.0,2.0,-31.0
1776887075.5161028,0.0,0.0,-34.0
1776887075.5261028,1.0,0.0,-34.0
1776887075.5361028,1.0,-2.0,-33.0
1776887075.5461028,0.0,-5.0,-31.0
1776887075.5561028,2.0,-4.0,-32.0
1776887075.5661027,4.0,-10.0,-36.0
1776887075.5761027,2.0,-4.0,-33.0
1776887075.5861027,0.0,-4.0,-38.0
1776887075.5961027,2.0,-4.0,-40.0
1776887075.6061027,3.0,-3.0,-44.0
1776887075.6161027,5.0,-4.0,-46.0
1776887075.6261027,5.0,-2.0,-43.0
1776887075.636103,12.0,0.0,-40.0
1776887075.646103,10.0,0.0,-36.0
1776887075.656103,5.0,-3.0,-35.0
1776887075.6661026,10.0,-1.0,-37.0
1776887075.6761026,11.0,0.0,-36.0
1776887075.6861026,8.0,1.0,-36.0
1776887075.6961029,7.0,1.0,-47.0
1776887075.7061028,2.0,-2.0,-44.0
1776887075.7161028,0.0,-6.0,-40.0
1776887075.7261028,0.0,-2.0,-45.0
1776887075.7361028,1.0,-3.0,-44.0
1776887075.7461028,0.0,-2.0,-43.0
1776887075.7561028,-3.0,-3.0,-34.0
1776887075.7661028,0.0,-1.0,-31.0
1776887075.7761028,-2.0,3.0,-38.0
1776887075.7861028,1.0,0.0,-34.0
1776887075.7961028,6.0,-3.0,-36.0
1776887075.8061028,9.0,0.0,-42.0
1776887075.8161027,5.0,-2.0,-43.0
1776887075.8261027,8.0,-2.0,-39.0
1776887075.8361027,11.0,-3.0,-34.0
1776887075.8461027,11.0,-1.0,-32.0
1776887075.8561027,8.0,-5.0,-37.0
1776887075.8661027,3.0,-7.0,-37.0
1776887075.8761027,-1.0,-5.0,-38.0
1776887075.8871028,-1.0,-5.0,-39.0
1776887075.896103,-2.0,-9.0,-49.0
1776887075.906103,-1.0,-7.0,-44.0
1776887075.9161026,4.0,-4.0,-40.0
1776887075.9261026,2.0,-6.0,-36.0
1776887075.9361026,0.0,-3.0,-36.0
1776887075.9461029,0.0,-1.0,-36.0
1776887075.9561028,0.0,0.0,-30.0
1776887075.9661028,-1.0,-1.0,-29.0
1776887075.9761028,0.0,2.0,-27.0
1776887075.9861028,0.0,2.0,-32.0
1776887075.9961028,6.0,2.0,-38.0
1776887076.0071027,3.0,-2.0,-39.0
1776887076.0171027,3.0,-1.0,-45.0
1776887076.0271027,-1.0,-1.0,-36.0
1776887076.0371027,1.0,-1.0,-33.0
1776887076.0471027,0.0,0.0,-35.0
1776887076.057103,-1.0,-3.0,-36.0
1776887076.067103,-4.0,-3.0,-39.0
1776887076.077103,-7.0,-6.0,-37.0
1776887076.087103,-5.0,-5.0,-41.0
1776887076.0971026,-3.0,-3.0,-41.0
1776887076.1071026,-1.0,-2.0,-38.0
1776887076.1171026,0.0,0.0,-38.0
1776887076.1271029,1.0,0.0,-38.0
1776887076.1371028,7.0,0.0,-37.0
1776887076.1471028,1.0,-1.0,-35.0
1776887076.1571028,0.0,-2.0,-39.0
1776887076.1671028,0.0,-2.0,-34.0
1776887076.1771028,-7.0,0.0,-34.0
1776887076.1871028,-7.0,-1.0,-33.0
1776887076.1971028,-5.0,-1.0,-30.0
1776887076.2071028,-3.0,-1.0,-34.0
1776887076.2171028,-2.0,-1.0,-36.0
1776887076.2271028,0.0,0.0,-33.0
1776887076.2371027,2.0,2.0,-33.0
1776887076.2471027,1.0,0.0,-32.0
1776887076.2571027,0.0,-7.0,-28.0
1776887076.2671027,0.0,-7.0,-31.0
1776887076.2771027,-1.0,-9.0,-34.0
1776887076.2871027,0.0,-7.0,-39.0
1776887076.2971027,0.0,-5.0,-40.0
1776887076.307103,1.0,-1.0,-34.0
1776887076.317103,-1.0,-4.0,-37.0
1776887076.327103,-3.0,-4.0,-42.0
1776887076.337103,-2.0,-1.0,-44.0
1776887076.3471026,-4.0,-2.0,-46.0
1776887076.3571026,-1.0,1.0,-41.0
1776887076.3671026,-2.0,0.0,-39.0
1776887076.3771029,0.0,1.0,-35.0
1776887076.3871028,-2.0,1.0,-34.0
1776887076.3971028,-4.0,0.0,-36.0
1776887076.4071028,-6.0,-2.0,-37.0
1776887076.4171028,-3.0,-2.0,-37.0
1776887076.4271028,-3.0,-6.0,-34.0
1776887076.4371028,0.0,-5.0,-32.0
1776887076.4471028,0.0,-2.0,-30.0
1776887076.4571028,0.0,-1.0,-37.0
1776887076.4671028,-2.0,0.0,-41.0
1776887076.4771028,-3.0,1.0,-40.0
1776887076.4871027,-2.0,2.0,-38.0
1776887076.4971027,-1.0,0.0,-38.0
1776887076.5071027,3.0,-2.0,-39.0
1776887076.5171027,4.0,2.0,-37.0
1776887076.5271027,3.0,4.0,-34.0
1776887076.5371027,3.0,4.0,-33.0
1776887076.5471027,9.0,5.0,-32.0
1776887076.557103,11.0,1.0,-33.0
1776887076.567103,5.0,-1.0,-35.0
1776887076.577103,5.0,0.0,-35.0
1776887076.587103,5.0,-2.0,-35.0
1776887076.5971026,7.0,0.0,-32.0
1776887076.6071026,2.0,0.0,-27.0
1776887076.6171026,2.0,2.0,-27.0
1776887076.6271029,0.0,2.0,-29.0
1776887076.6371028,2.0,-1.0,-36.0
1776887076.6471028,3.0,-2.0,-47.0
1776887076.6571028,6.0,-1.0,-43.0
1776887076.6671028,3.0,-3.0,-32.0
1776887076.6771028,4.0,-5.0,-35.0
1776887076.6871028,1.0,-5.0,-34.0
1776887076.6971028,1.0,-2.0,-32.0
1776887076.7071028,1.0,-3.0,-29.0
1776887076.7171028,4.0,-4.0,-33.0
1776887076.7271028,3.0,-7.0,-34.0
1776887076.7371027,-1.0,-10.0,-44.0
1776887076.7471027,-2.0,-9.0,-44.0
1776887076.7571027,-4.0,-3.0,-43.0
1776887076.7671027,-3.0,-1.0,-45.0
1776887076.7771027,-2.0,0.0,-44.0
1776887076.7871027,-7.0,0.0,-42.0
1776887076.7971027,-5.0,0.0,-39.0
1776887076.807103,0.0,-2.0,-37.0
1776887076.817103,-2.0,-1.0,-33.0
1776887076.827103,-3.0,-4.0,-36.0
1776887076.837103,-6.0,-5.0,-38.0
1776887076.8471026,-1.0,-7.0,-39.0
1776887076.8571026,0.0,-7.0,-45.0
1776887076.8671026,0.0,-4.0,-37.0
1776887076.8771029,0.0,-3.0,-41.0
1776887076.8871028,-2.0,-3.0,-36.0
1776887076.8971028,0.0,-2.0,-33.0
1776887076.9071028,0.0,-3.0,-33.0
1776887076.9171028,1.0,-4.0,-35.0
1776887076.9271028,-2.0,-2.0,-38.0
1776887076.9371028,-1.0,-4.0,-36.0
1776887076.9471028,-2.0,-9.0,-35.0
1776887076.9571028,0.0,-5.0,-37.0
1776887076.9671028,0.0,-4.0,-38.0
1776887076.9771028,0.0,-2.0,-40.0
1776887076.9871027,-5.0,-5.0,-39.0
1776887076.9971027,-2.0,-6.0,-43.0
1776887077.0071027,-2.0,-4.0,-48.0
1776887077.0171027,-1.0,-5.0,-49.0
1776887077.0271027,-2.0,-3.0,-48.0
1776887077.0371027,2.0,-1.0,-46.0
1776887077.0471027,3.0,0.0,-42.0
1776887077.057103,1.0,-1.0,-37.0
1776887077.067103,4.0,-5.0,-34.0
1776887077.077103,3.0,-7.0,-35.0
1776887077.087103,4.0,-7.0,-37.0
1776887077.0971026,4.0,-7.0,-27.0
1776887077.1071026,1.0,-4.0,-27.0
1776887077.1171026,0.0,-3.0,-33.0
1776887077.1271029,-1.0,-1.0,-27.0
1776887077.1371028,1.0,-3.0,-26.0
1776887077.1471028,4.0,-4.0,-17.0
1776887077.1571028,4.0,-5.0,-19.0
1776887077.1671028,0.0,-5.0,-24.0
1776887077.1771028,1.0,-5.0,-24.0
1776887077.1871028,0.0,-3.0,-28.0
1776887077.1971028,2.0,-1.0,-33.0
1776887077.2071028,-1.0,-2.0,-30.0
1776887077.2171028,1.0,-2.0,-24.0
1776887077.2271028,0.0,-2.0,-25.0
1776887077.2371027,4.0,-2.0,-29.0
1776887077.2471027,8.0,-1.0,-36.0
1776887077.2571027,6.0,-1.0,-32.0
1776887077.2671027,5.0,-6.0,-33.0
1776887077.2771027,4.0,-7.0,-35.0
1776887077.2871027,1.0,-8.0,-35.0
1776887077.2971027,0.0,-7.0,-38.0
1776887077.307103,0.0,-6.0,-35.0
1776887077.317103,2.0,-6.0,-29.0
1776887077.327103,0.0,-7.0,-25.0
1776887077.337103,-3.0,-3.0,-25.0
1776887077.3471026,-2.0,-2.0,-28.0
1776887077.3571026,0.0,-2.0,-33.0
1776887077.3671026,1.0,-4.0,-37.0
1776887077.3771029,2.0,-4.0,-39.0
1776887077.3871028,1.0,0.0,-41.0
1776887077.3971028,2.0,-1.0,-34.0
1776887077.4071028,2.0,-5.0,-36.0
1776887077.4171028,-1.0,-6.0,-36.0
1776887077.4271028,0.0,-1.0,-34.0
1776887077.4371028,-3.0,3.0,-35.0
1776887077.4471028,0.0,1.0,-35.0
1776887077.4571028,0.0,0.0,-31.0
1776887077.4671028,2.0,-3.0,-30.0
1776887077.4771028,1.0,-2.0,-32.0
1776887077.4871027,5.0,-2.0,-35.0
1776887077.4971027,3.0,-3.0,-29.0
1776887077.5071027,0.0,-4.0,-31.0
1776887077.5171027,1.0,-2.0,-29.0
1776887077.5271027,4.0,-2.0,-27.0
1776887077.5371027,0.0,-1.0,-33.0
1776887077.5471027,3.0,0.0,-32.0
1776887077.557103,3.0,-1.0,-32.0
1776887077.567103,3.0,-1.0,-29.0
1776887077.577103,0.0,0.0,-29.0
1776887077.587103,-1.0,1.0,-30.0
1776887077.5971026,-4.0,2.0,-33.0
1776887077.6071026,0.0,0.0,-29.0
1776887077.6171026,2.0,1.0,-37.0
1776887077.6271029,3.0,-1.0,-40.0
1776887077.6371028,2.0,0.0,-39.0
1776887077.6471028,0.0,-3.0,-34.0
1776887077.6571028,0.0,0.0,-33.0
1776887077.6671028,2.0,0.0,-39.0
1776887077.6771028,0.0,-1.0,-35.0
1776887077.6871028,-3.0,0.0,-41.0
1776887077.6971028,-3.0,0.0,-45.0
1776887077.7071028,-5.0,4.0,-54.0
1776887077.7171028,-6.0,2.0,-53.0
1776887077.7271028,-11.0,0.0,-42.0
1776887077.7371027,-8.0,0.0,-42.0
1776887077.7471027,-1.0,0.0,-42.0
1776887077.7571027,-2.0,6.0,-38.0
1776887077.7671027,0.0,6.0,-44.0
1776887077.7771027,0.0,2.0,-44.0
1776887077.7871027,1.0,1.0,-44.0
1776887077.7971027,0.0,4.0,-40.0
1776887077.807103,1.0,0.0,-37.0
1776887077.817103,6.0,0.0,-43.0
1776887077.827103,5.0,-4.0,-43.0
1776887077.837103,2.0,-4.0,-41.0
1776887077.8471026,2.0,-3.0,-37.0
1776887077.8571026,2.0,0.0,-39.0
1776887077.8671026,1.0,2.0,-39.0
1776887077.8771029,1.0,4.0,-37.0
1776887077.8871028,-1.0,1.0,-37.0
1776887077.8971028,-2.0,-4.0,-37.0
1776887077.9071028,-2.0,-5.0,-36.0
1776887077.9171028,-3.0,-5.0,-34.0
1776887077.9271028,-4.0,0.0,-30.0
1776887077.9371028,-2.0,0.0,-28.0
1776887077.9471028,-2.0,-2.0,-27.0
1776887077.9571028,2.0,-4.0,-27.0
1776887077.9671028,0.0,-3.0,-31.0
1776887077.9771028,2.0,-3.0,-30.0
1776887077.9871027,5.0,-6.0,-28.0
1776887077.9971027,1.0,-5.0,-25.0
1776887078.008103,2.0,-3.0,-27.0
1776887078.0181026,0.0,-2.0,-30.0
1776887078.0281026,0.0,0.0,-32.0
1776887078.0381026,2.0,-2.0,-35.0
1776887078.0481029,-1.0,-5.0,-33.0
1776887078.0581028,-6.0,-3.0,-36.0
1776887078.0681028,-4.0,-3.0,-31.0
1776887078.0781028,-4.0,0.0,-27.0
1776887078.0881028,-4.0,0.0,-36.0
1776887078.0981028,-3.0,-1.0,-32.0
1776887078.1081028,-1.0,-1.0,-29.0
1776887078.1181028,-3.0,-4.0,-28.0
1776887078.1281028,-8.0,-4.0,-28.0
1776887078.1381028,-8.0,-3.0,-32.0
1776887078.1481028,-6.0,-2.0,-38.0
1776887078.1581028,-6.0,-1.0,-39.0
1776887078.1681027,-5.0,0.0,-43.0
1776887078.1781027,-2.0,0.0,-40.0
1776887078.1881027,-6.0,-2.0,-42.0
1776887078.1981027,-3.0,-3.0,-42.0
1776887078.2081027,-1.0,0.0,-40.0
1776887078.2181027,1.0,0.0,-37.0
1776887078.2281027,-2.0,2.0,-39.0
1776887078.238103,0.0,1.0,-40.0
1776887078.248103,-5.0,0.0,-39.0
1776887078.258103,-5.0,-2.0,-36.0
1776887078.2681026,-4.0,-2.0,-39.0
1776887078.2781026,-3.0,-2.0,-37.0
1776887078.2881026,-1.0,-5.0,-36.0
1776887078.2981029,0.0,-7.0,-40.0
1776887078.3081028,1.0,-4.0,-41.0
1776887078.3181028,3.0,-1.0,-35.0
1776887078.3281028,6.0,-3.0,-30.0
1776887078.3381028,10.0,0.0,-31.0
1776887078.3481028,8.0,-2.0,-37.0
1776887078.3581028,5.0,-5.0,-42.0
1776887078.3681028,5.0,-3.0,-42.0
1776887078.3781028,6.0,-3.0,-38.0
1776887078.3881028,3.0,-6.0,-29.0
1776887078.3981028,-3.0,-5.0,-33.0
1776887078.4081028,-5.0,-2.0,-38.0
1776887078.4181027,-6.0,-5.0,-41.0
1776887078.4281027,-2.0,0.0,-44.0
1776887078.4381027,0.0,0.0,-42.0
1776887078.4481027,0.0,2.0,-38.0
1776887078.4581027,0.0,-1.0,-37.0
1776887078.4681027,0.0,-4.0,-42.0
1776887078.4781027,2.0,-4.0,-45.0
1776887078.488103,7.0,0.0,-45.0
1776887078.498103,11.0,-4.0,-47.0
1776887078.508103,7.0,-6.0,-48.0
1776887078.5181026,3.0,-8.0,-44.0
1776887078.5281026,3.0,-7.0,-35.0
1776887078.5381026,3.0,-8.0,-35.0
1776887078.5481029,4.0,-6.0,-35.0
1776887078.5581028,4.0,-5.0,-37.0
1776887078.5681028,1.0,-3.0,-36.0
1776887078.5781028,1.0,0.0,-33.0
1776887078.5881028,0.0,0.0,-25.0
1776887078.5981028,-3.0,0.0,-22.0
1776887078.6081028,-3.0,4.0,-26.0
1776887078.6181028,0.0,4.0,-28.0
1776887078.6281028,-1.0,6.0,-28.0
1776887078.6381028,0.0,8.0,-26.0
1776887078.6481028,0.0,3.0,-25.0
1776887078.6581028,-2.0,1.0,-27.0
1776887078.6681027,0.0,1.0,-30.0
1776887078.6781027,0.0,0.0,-34.0
1776887078.6881027,2.0,1.0,-36.0
1776887078.6981027,3.0,2.0,-25.0
1776887078.7081027,-4.0,3.0,-24.0
1776887078.7181027,-5.0,0.0,-28.0
1776887078.7281027,-2.0,2.0,-22.0
1776887078.738103,0.0,2.0,-21.0
1776887078.748103,-1.0,0.0,-22.0
1776887078.758103,0.0,2.0,-25.0
1776887078.7681026,-2.0,-1.0,-27.0
1776887078.7781026,1.0,0.0,-31.0
1776887078.7881026,4.0,0.0,-37.0
1776887078.7981029,0.0,0.0,-35.0
1776887078.8081028,-2.0,0.0,-32.0
1776887078.8181028,-3.0,0.0,-37.0
1776887078.8281028,-1.0,1.0,-36.0
1776887078.8381028,1.0,1.0,-35.0
1776887078.8481028,0.0,2.0,-41.0
1776887078.8581028,0.0,-1.0,-45.0
1776887078.8681028,-1.0,-6.0,-42.0
1776887078.8781028,0.0,-5.0,-41.0
1776887078.8881028,3.0,-5.0,-43.0
1776887078.8981028,3.0,-8.0,-40.0
1776887078.9081028,3.0,-5.0,-43.0
1776887078.9181027,0.0,-1.0,-39.0
1776887078.9281027,1.0,0.0,-37.0
1776887078.9381027,-2.0,3.0,-36.0
1776887078.9481027,-3.0,3.0,-33.0
1776887078.9581027,-3.0,-2.0,-36.0
1776887078.9681027,0.0,0.0,-33.0
1776887078.9781027,1.0,0.0,-31.0
1776887078.988103,2.0,-2.0,-30.0
1776887078.998103,5.0,-2.0,-39.0
1776887079.008103,4.0,-4.0,-46.0
1776887079.0181026,0.0,-7.0,-46.0
1776887079.0281026,-2.0,-9.0,-47.0
1776887079.0381026,-1.0,-12.0,-46.0
1776887079.0481029,-1.0,-16.0,-43.0
1776887079.0581028,3.0,-13.0,-42.0
1776887079.0681028,0.0,-10.0,-43.0
1776887079.0781028,-1.0,-6.0,-42.0
1776887079.0881028,1.0,-6.0,-37.0
1776887079.0981028,5.0,-6.0,-31.0
1776887079.1081028,3.0,-6.0,-32.0
1776887079.1181028,3.0,-2.0,-31.0
1776887079.1281028,5.0,0.0,-36.0
1776887079.1381028,3.0,-1.0,-33.0
1776887079.1481028,7.0,-5.0,-28.0
1776887079.1581028,4.0,-5.0,-20.0
1776887079.1681027,5.0,-3.0,-26.0
1776887079.1781027,3.0,-3.0,-33.0
1776887079.1881027,4.0,0.0,-32.0
1776887079.1981027,3.0,2.0,-37.0
1776887079.2081027,0.0,5.0,-33.0
1776887079.2181027,-3.0,3.0,-43.0
1776887079.2281027,-7.0,3.0,-41.0
1776887079.238103,-2.0,0.0,-41.0
1776887079.248103,-3.0,-4.0,-40.0
1776887079.258103,1.0,-4.0,-41.0
1776887079.2681026,0.0,0.0,-42.0
1776887079.2781026,0.0,2.0,-40.0
1776887079.2881026,0.0,1.0,-43.0
1776887079.2981029,-2.0,2.0,-39.0
1776887079.3081028,-4.0,0.0,-42.0
1776887079.3181028,-2.0,-6.0,-46.0
1776887079.3281028,-2.0,-5.0,-46.0
1776887079.3381028,3.0,-4.0,-42.0
1776887079.3481028,5.0,-6.0,-40.0
1776887079.3581028,5.0,-7.0,-42.0
1776887079.3681028,4.0,-5.0,-38.0
1776887079.3781028,2.0,-3.0,-36.0
1776887079.3881028,-6.0,-6.0,-30.0
1776887079.3981028,0.0,-8.0,-31.0
1776887079.4081028,-1.0,-5.0,-32.0
1776887079.4181027,5.0,-1.0,-33.0
1776887079.4281027,3.0,-5.0,-33.0
1776887079.4381027,3.0,-6.0,-35.0
1776887079.4481027,4.0,-2.0,-41.0
1776887079.4581027,3.0,-3.0,-54.0
1776887079.4681027,0.0,-4.0,-47.0
1776887079.4781027,1.0,-4.0,-42.0
1776887079.488103,6.0,-3.0,-49.0
1776887079.498103,8.0,-4.0,-47.0
1776887079.508103,8.0,-5.0,-42.0
1776887079.5181026,5.0,-4.0,-46.0
1776887079.5281026,3.0,-1.0,-48.0
1776887079.5381026,2.0,1.0,-46.0
1776887079.5481029,-1.0,0.0,-46.0
1776887079.5581028,0.0,0.0,-46.0
1776887079.5681028,0.0,1.0,-42.0
1776887079.5781028,0.0,-5.0,-47.0
1776887079.5881028,0.0,-6.0,-41.0
1776887079.5981028,-4.0,-8.0,-30.0
1776887079.6081028,-5.0,-7.0,-31.0
1776887079.6181028,0.0,-3.0,-33.0
1776887079.6281028,4.0,-5.0,-33.0
1776887079.6381028,3.0,-7.0,-39.0
1776887079.6481028,0.0,-8.0,-40.0
1776887079.6581028,-3.0,-7.0,-38.0
1776887079.6681027,-6.0,-5.0,-34.0
1776887079.6781027,-1.0,-2.0,-28.0
1776887079.6881027,-2.0,-1.0,-23.0
1776887079.6981027,0.0,0.0,-30.0
1776887079.7081027,-9.0,1.0,-29.0
1776887079.7181027,-9.0,3.0,-31.0
1776887079.7281027,-3.0,3.0,-35.0
1776887079.738103,-1.0,2.0,-39.0
1776887079.748103,-5.0,2.0,-39.0
1776887079.758103,-2.0,6.0,-41.0
1776887079.7681026,-1.0,4.0,-42.0
1776887079.7781026,6.0,4.0,-42.0
1776887079.7881026,8.0,2.0,-34.0
1776887079.7981029,5.0,2.0,-32.0
1776887079.8081028,1.0,0.0,-30.0
1776887079.8181028,3.0,0.0,-33.0
1776887079.8281028,1.0,2.0,-34.0
1776887079.8381028,2.0,2.0,-35.0
1776887079.8481028,4.0,0.0,-36.0
1776887079.8581028,7.0,3.0,-42.0
1776887079.8681028,3.0,5.0,-48.0
1776887079.8781028,-1.0,5.0,-44.0
1776887079.8881028,0.0,0.0,-40.0
1776887079.8981028,-2.0,1.0,-41.0
1776887079.9081028,0.0,3.0,-44.0
1776887079.9181027,1.0,0.0,-37.0
1776887079.9281027,1.0,2.0,-40.0
1776887079.9381027,2.0,-2.0,-42.0
1776887079.9481027,3.0,-4.0,-42.0
1776887079.9581027,9.0,-5.0,-45.0
1776887079.9691026,8.0,-1.0,-36.0
1776887079.9781027,7.0,-1.0,-31.0
1776887079.988103,7.0,0.0,-28.0
1776887079.9991028,8.0,1.0,-34.0
1776887080.008103,7.0,-2.0,-41.0
1776887080.0191028,7.0,-3.0,-43.0
1776887080.0291028,10.0,0.0,-39.0
1776887080.0391028,9.0,3.0,-41.0
1776887080.0491028,8.0,6.0,-37.0
1776887080.0591028,2.0,6.0,-34.0
1776887080.0691028,-4.0,6.0,-32.0
1776887080.0791028,-2.0,7.0,-32.0
1776887080.0891027,-1.0,9.0,-35.0
1776887080.0991027,0.0,3.0,-39.0
1776887080.1091027,0.0,4.0,-35.0
1776887080.1191027,4.0,0.0,-41.0
1776887080.1291027,1.0,-5.0,-42.0
1776887080.1391027,0.0,-8.0,-40.0
1776887080.1491027,-3.0,-9.0,-41.0
1776887080.159103,-1.0,-4.0,-37.0
1776887080.169103,0.0,0.0,-41.0
1776887080.179103,-1.0,0.0,-38.0
1776887080.1891026,-2.0,2.0,-41.0
1776887080.1991026,-1.0,2.0,-44.0
1776887080.2091026,3.0,0.0,-43.0
1776887080.2191026,8.0,2.0,-46.0
1776887080.2291028,6.0,2.0,-44.0
1776887080.2391028,0.0,1.0,-42.0
1776887080.2491028,1.0,-3.0,-40.0
1776887080.2591028,0.0,-4.0,-33.0
1776887080.2691028,-3.0,-6.0,-25.0
1776887080.2791028,0.0,-4.0,-24.0
1776887080.2891028,5.0,-1.0,-25.0
1776887080.2991028,4.0,2.0,-26.0
1776887080.3091028,1.0,2.0,-24.0
1776887080.3191028,0.0,1.0,-20.0
1776887080.3291028,0.0,1.0,-30.0
1776887080.3391027,2.0,1.0,-31.0
1776887080.3491027,5.0,0.0,-32.0
1776887080.3591027,1.0,-1.0,-30.0
1776887080.3691027,-1.0,0.0,-30.0
1776887080.3791027,1.0,-1.0,-30.0
1776887080.3891027,-2.0,0.0,-30.0
1776887080.3991027,0.0,2.0,-32.0
1776887080.409103,0.0,0.0,-32.0
1776887080.419103,2.0,0.0,-32.0
1776887080.429103,7.0,-2.0,-33.0
1776887080.4391026,9.0,-4.0,-42.0
1776887080.4491026,9.0,-3.0,-46.0
1776887080.4591026,5.0,-1.0,-47.0
1776887080.4691026,1.0,0.0,-53.0
1776887080.4791028,0.0,1.0,-50.0
1776887080.4891028,-2.0,0.0,-48.0
1776887080.4991028,0.0,-3.0,-40.0
1776887080.5091028,0.0,1.0,-30.0
1776887080.5191028,0.0,0.0,-37.0
1776887080.5291028,-2.0,-2.0,-37.0
1776887080.5391028,0.0,-1.0,-45.0
1776887080.5491028,2.0,-1.0,-48.0
1776887080.5591028,3.0,1.0,-49.0
1776887080.5691028,1.0,-3.0,-48.0
1776887080.5791028,3.0,-1.0,-48.0
1776887080.5891027,2.0,-1.0,-47.0
1776887080.5991027,3.0,-4.0,-48.0
1776887080.6091027,3.0,-7.0,-49.0
1776887080.6191027,0.0,-6.0,-49.0
1776887080.6291027,1.0,-5.0,-45.0
1776887080.6391027,0.0,-3.0,-40.0
1776887080.6491027,-1.0,-4.0,-34.0
1776887080.659103,-2.0,-1.0,-44.0
1776887080.669103,0.0,-3.0,-39.0
1776887080.679103,-1.0,-3.0,-34.0
1776887080.6891026,-5.0,-5.0,-30.0
1776887080.7001028,-5.0,-1.0,-28.0
1776887080.7091026,-10.0,0.0,-31.0
1776887080.7191026,-7.0,2.0,-37.0
1776887080.7291028,-6.0,2.0,-36.0
1776887080.7391028,-3.0,-1.0,-31.0
1776887080.7491028,-1.0,0.0,-33.0
1776887080.7591028,-6.0,-2.0,-37.0
1776887080.7691028,-8.0,-6.0,-34.0
1776887080.7791028,-9.0,-7.0,-28.0
1776887080.7891028,-6.0,-2.0,-32.0
1776887080.7991028,-2.0,6.0,-32.0
1776887080.8091028,-6.0,7.0,-33.0
1776887080.8191028,-4.0,3.0,-34.0
1776887080.8291028,-2.0,-4.0,-38.0
1776887080.8391027,0.0,-7.0,-38.0
1776887080.8491027,-4.0,-9.0,-35.0
1776887080.8591027,-5.0,-9.0,-34.0
1776887080.8691027,-4.0,-12.0,-31.0
1776887080.8791027,0.0,-10.0,-28.0
1776887080.8891027,-5.0,-3.0,-29.0
1776887080.8991027,-3.0,-3.0,-32.0
1776887080.909103,2.0,-5.0,-39.0
1776887080.919103,5.0,-7.0,-41.0
1776887080.929103,-3.0,-5.0,-51.0
1776887080.9391026,-3.0,-7.0,-44.0
1776887080.9491026,-3.0,-9.0,-38.0
1776887080.9591026,-2.0,-8.0,-36.0
1776887080.9691026,0.0,-10.0,-36.0
1776887080.9791028,2.0,-7.0,-34.0
1776887080.9891028,0.0,-5.0,-31.0
1776887080.9991028,2.0,-5.0,-30.0
1776887081.0091028,4.0,-6.0,-31.0
1776887081.0191028,3.0,-2.0,-31.0
1776887081.0291028,3.0,-2.0,-39.0
1776887081.0391028,0.0,-2.0,-31.0
1776887081.0491028,1.0,0.0,-32.0
1776887081.0591028,0.0,1.0,-34.0
1776887081.0691028,2.0,1.0,-27.0
1776887081.0791028,-1.0,0.0,-25.0
1776887081.0891027,0.0,-3.0,-32.0
1776887081.0991027,-2.0,-3.0,-36.0
1776887081.1091027,-1.0,-3.0,-37.0
1776887081.1191027,3.0,-1.0,-38.0
1776887081.1291027,5.0,-4.0,-40.0
1776887081.1391027,2.0,-5.0,-41.0
1776887081.1491027,-1.0,-6.0,-37.0
1776887081.159103,2.0,-7.0,-31.0
1776887081.169103,4.0,-2.0,-34.0
1776887081.179103,2.0,-2.0,-31.0
1776887081.1891026,0.0,-5.0,-28.0
1776887081.1991026,1.0,-4.0,-31.0
1776887081.2091026,1.0,-6.0,-30.0
1776887081.2191026,2.0,-2.0,-38.0
1776887081.2291028,6.0,-5.0,-39.0
1776887081.2391028,5.0,-6.0,-43.0
1776887081.2491028,6.0,-6.0,-39.0
1776887081.2591028,6.0,-3.0,-37.0
1776887081.2691028,1.0,0.0,-40.0
1776887081.2791028,0.0,-1.0,-46.0
1776887081.2891028,1.0,-4.0,-45.0
1776887081.2991028,1.0,0.0,-48.0
1776887081.3091028,1.0,2.0,-47.0
1776887081.3191028,5.0,0.0,-47.0
1776887081.3291028,10.0,0.0,-46.0
1776887081.3391027,10.0,0.0,-39.0
1776887081.3491027,10.0,2.0,-43.0
1776887081.3591027,4.0,2.0,-40.0
1776887081.3691027,-1.0,-1.0,-40.0
1776887081.3791027,0.0,-2.0,-48.0
1776887081.3891027,0.0,-3.0,-51.0
1776887081.3991027,-3.0,-2.0,-43.0
1776887081.409103,-1.0,-3.0,-40.0
1776887081.419103,0.0,-7.0,-43.0
1776887081.429103,-3.0,-6.0,-38.0
1776887081.4391026,0.0,-6.0,-38.0
1776887081.4491026,-3.0,-5.0,-38.0
1776887081.4591026,-4.0,-7.0,-29.0
1776887081.4691026,-3.0,-6.0,-33.0
1776887081.4791028,5.0,-5.0,-37.0
1776887081.4891028,4.0,1.0,-34.0
1776887081.4991028,0.0,0.0,-36.0
1776887081.5091028,-2.0,-4.0,-39.0
1776887081.5191028,-2.0,-5.0,-42.0
1776887081.5291028,-4.0,0.0,-39.0
1776887081.5391028,0.0,-1.0,-42.0
1776887081.5491028,0.0,-1.0,-41.0
1776887081.5591028,0.0,-2.0,-39.0
1776887081.5691028,-1.0,-3.0,-39.0
1776887081.5791028,0.0,0.0,-45.0
1776887081.5891027,1.0,-2.0,-55.0
1776887081.5991027,0.0,-3.0,-51.0
1776887081.6091027,-2.0,-4.0,-50.0
1776887081.6191027,-4.0,-3.0,-44.0
1776887081.6291027,-3.0,-1.0,-42.0
1776887081.6391027,-4.0,-3.0,-42.0
1776887081.6491027,-2.0,-3.0,-46.0
1776887081.659103,-4.0,-5.0,-43.0
1776887081.669103,-10.0,-6.0,-45.0
1776887081.679103,-10.0,-4.0,-40.0
1776887081.6891026,-13.0,0.0,-38.0
1776887081.6991026,-7.0,1.0,-40.0
1776887081.7091026,-4.0,2.0,-39.0
1776887081.7191026,-1.0,0.0,-35.0
1776887081.7291028,1.0,2.0,-30.0
1776887081.7391028,0.0,1.0,-30.0
1776887081.7491028,2.0,2.0,-28.0
1776887081.7591028,1.0,0.0,-29.0
1776887081.7691028,3.0,1.0,-28.0
1776887081.7791028,0.0,2.0,-34.0
1776887081.7891028,3.0,0.0,-36.0
1776887081.7991028,3.0,-4.0,-35.0
1776887081.8091028,2.0,0.0,-39.0
1776887081.8191028,1.0,0.0,-38.0
1776887081.8291028,7.0,3.0,-38.0
1776887081.8391027,3.0,1.0,-38.0
1776887081.8491027,-1.0,-1.0,-33.0
1776887081.8591027,-3.0,0.0,-29.0
1776887081.8691027,0.0,0.0,-29.0
1776887081.8791027,5.0,1.0,-36.0
1776887081.8891027,6.0,0.0,-33.0
1776887081.8991027,6.0,-2.0,-30.0
1776887081.909103,5.0,-6.0,-30.0
1776887081.919103,7.0,-9.0,-31.0
1776887081.929103,6.0,-8.0,-28.0
1776887081.9391026,4.0,-6.0,-30.0
1776887081.9491026,2.0,-5.0,-31.0
1776887081.9591026,4.0,-5.0,-29.0
1776887081.9691026,0.0,-2.0,-32.0
1776887081.9791028,-1.0,-3.0,-35.0
1776887081.9891028,0.0,-3.0,-29.0
1776887082.0001028,0.0,-8.0,-25.0
1776887082.0101027,1.0,-9.0,-23.0
1776887082.0201027,2.0,-7.0,-27.0
1776887082.0301027,0.0,-8.0,-27.0
1776887082.0401027,1.0,-6.0,-28.0
1776887082.0501027,1.0,-8.0,-31.0
1776887082.0601027,1.0,-3.0,-38.0
1776887082.0701027,0.0,0.0,-48.0
1776887082.0801027,-2.0,-5.0,-53.0
1776887082.090103,-3.0,-5.0,-48.0
1776887082.100103,0.0,-4.0,-46.0
1776887082.110103,0.0,-5.0,-41.0
1776887082.1201026,-3.0,-7.0,-41.0
1776887082.1301026,-1.0,-4.0,-44.0
1776887082.1401026,2.0,-10.0,-45.0
1776887082.1501029,5.0,-13.0,-42.0
1776887082.1601028,2.0,-10.0,-47.0
1776887082.1701028,-1.0,-7.0,-48.0
1776887082.1801028,-1.0,-6.0,-42.0
1776887082.1901028,-2.0,-6.0,-44.0
1776887082.2001028,-5.0,-6.0,-42.0
1776887082.2101028,-7.0,-8.0,-44.0
1776887082.2201028,-4.0,-3.0,-41.0
1776887082.2301028,-3.0,0.0,-40.0
1776887082.2401028,0.0,3.0,-42.0
1776887082.2501028,-1.0,1.0,-47.0
1776887082.2601027,-3.0,3.0,-46.0
1776887082.2701027,-6.0,4.0,-47.0
1776887082.2801027,-5.0,3.0,-45.0
1776887082.2901027,-6.0,0.0,-43.0
1776887082.3001027,-8.0,0.0,-39.0
1776887082.3101027,-5.0,-1.0,-38.0
1776887082.3201027,-4.0,-1.0,-40.0
1776887082.3301027,-1.0,-2.0,-43.0
1776887082.340103,-4.0,-1.0,-42.0
1776887082.350103,-1.0,-1.0,-45.0
1776887082.360103,-4.0,-4.0,-43.0
1776887082.3701026,-1.0,-2.0,-40.0
1776887082.3801026,-3.0,-4.0,-46.0
1776887082.3901026,-1.0,-6.0,-43.0
1776887082.4001029,0.0,-5.0,-41.0
1776887082.4101028,0.0,-4.0,-43.0
1776887082.4201028,0.0,-9.0,-38.0
1776887082.4301028,0.0,-9.0,-32.0
1776887082.4401028,-5.0,-9.0,-33.0
1776887082.4501028,-2.0,-4.0,-33.0
1776887082.4601028,2.0,0.0,-37.0
1776887082.4701028,0.0,0.0,-23.0
1776887082.4801028,3.0,1.0,-28.0
1776887082.4901028,2.0,-1.0,-27.0
1776887082.5001028,-4.0,0.0,-26.0
1776887082.5101027,-3.0,-4.0,-32.0
1776887082.5201027,-6.0,-3.0,-29.0
1776887082.5301027,-5.0,0.0,-29.0
1776887082.5401027,-5.0,1.0,-31.0
1776887082.5501027,-4.0,-1.0,-38.0
1776887082.5601027,-5.0,0.0,-37.0
1776887082.5701027,-2.0,1.0,-42.0
1776887082.5801027,0.0,0.0,-45.0
1776887082.590103,-4.0,2.0,-46.0
1776887082.600103,0.0,4.0,-40.0
1776887082.610103,-1.0,4.0,-34.0
1776887082.6201026,-2.0,6.0,-30.0
1776887082.6301026,-5.0,5.0,-33.0
1776887082.6401026,-5.0,4.0,-36.0
1776887082.6501029,-7.0,5.0,-39.0
1776887082.6601028,-7.0,1.0,-45.0
1776887082.6701028,-5.0,2.0,-45.0
1776887082.6801028,-3.0,4.0,-41.0
1776887082.6901028,-5.0,7.0,-39.0
1776887082.7001028,-4.0,5.0,-39.0
1776887082.7101028,1.0,6.0,-44.0
1776887082.7201028,-2.0,4.0,-50.0
1776887082.7301028,-3.0,2.0,-49.0
1776887082.7401028,-2.0,2.0,-41.0
1776887082.7501028,-2.0,1.0,-36.0
1776887082.7601027,0.0,-2.0,-33.0
1776887082.7701027,0.0,0.0,-27.0
1776887082.7801027,1.0,3.0,-25.0
1776887082.7901027,1.0,4.0,-33.0
1776887082.8001027,0.0,6.0,-37.0
1776887082.8101027,-5.0,2.0,-37.0
1776887082.8201027,0.0,1.0,-41.0
1776887082.8301027,3.0,-1.0,-41.0
1776887082.840103,4.0,-4.0,-41.0
1776887082.850103,4.0,-7.0,-41.0
1776887082.860103,0.0,-6.0,-38.0
1776887082.8701026,3.0,-5.0,-38.0
1776887082.8801026,2.0,-10.0,-38.0
1776887082.8901026,-1.0,-7.0,-39.0
1776887082.9001029,-2.0,-5.0,-40.0
1776887082.9101028,-2.0,-9.0,-39.0
1776887082.9201028,-4.0,-9.0,-37.0
1776887082.9301028,-2.0,-8.0,-36.0
1776887082.9401028,-4.0,-4.0,-42.0
1776887082.9501028,-2.0,-4.0,-43.0
1776887082.9601028,-3.0,-2.0,-40.0
1776887082.9701028,-4.0,0.0,-37.0
1776887082.9801028,-4.0,1.0,-30.0
1776887082.9901028,-2.0,-1.0,-27.0
1776887083.0001028,-4.0,1.0,-26.0
1776887083.0101027,-5.0,1.0,-28.0
1776887083.0201027,-3.0,2.0,-25.0
1776887083.0301027,0.0,-2.0,-26.0
1776887083.0401027,-1.0,-3.0,-30.0
1776887083.0501027,-3.0,-2.0,-38.0
1776887083.0601027,-1.0,-2.0,-36.0
1776887083.0701027,0.0,3.0,-33.0
1776887083.0801027,0.0,0.0,-35.0
1776887083.090103,-3.0,-2.0,-37.0
1776887083.100103,-1.0,-2.0,-36.0
1776887083.110103,1.0,-3.0,-33.0
1776887083.1201026,0.0,-5.0,-35.0
1776887083.1301026,-2.0,-5.0,-40.0
1776887083.1401026,-2.0,-4.0,-34.0
1776887083.1501029,-2.0,-1.0,-35.0
1776887083.1601028,-3.0,0.0,-34.0
1776887083.1701028,-7.0,0.0,-33.0
1776887083.1801028,-2.0,0.0,-31.0
1776887083.1901028,-5.0,-4.0,-28.0
1776887083.2001028,0.0,-3.0,-20.0
1776887083.2101028,0.0,-5.0,-25.0
1776887083.2201028,1.0,-3.0,-32.0
1776887083.2301028,6.0,-2.0,-32.0
1776887083.2401028,3.0,-8.0,-38.0
1776887083.2501028,-2.0,-7.0,-48.0
1776887083.2601027,-1.0,-11.0,-47.0
1776887083.2701027,0.0,-5.0,-45.0
1776887083.2801027,0.0,1.0,-40.0
1776887083.2901027,-3.0,0.0,-38.0
1776887083.3001027,0.0,0.0,-37.0
1776887083.3101027,1.0,-1.0,-39.0
1776887083.3201027,-4.0,0.0,-42.0
1776887083.3301027,-10.0,4.0,-40.0
1776887083.340103,-11.0,1.0,-39.0
1776887083.350103,-10.0,-1.0,-41.0
1776887083.360103,-4.0,4.0,-37.0
1776887083.3701026,0.0,3.0,-36.0
1776887083.3801026,5.0,3.0,-43.0
1776887083.3901026,7.0,4.0,-50.0
1776887083.4001029,4.0,8.0,-46.0
1776887083.4101028,1.0,10.0,-50.0
1776887083.4201028,0.0,8.0,-49.0
1776887083.4301028,5.0,5.0,-42.0
1776887083.4401028,7.0,5.0,-48.0
1776887083.4501028,3.0,4.0,-44.0
1776887083.4601028,2.0,2.0,-45.0
1776887083.4701028,1.0,1.0,-43.0
1776887083.4801028,0.0,2.0,-45.0
1776887083.4901028,-2.0,1.0,-48.0
1776887083.5001028,-2.0,-1.0,-50.0
1776887083.5101027,-3.0,4.0,-48.0
1776887083.5201027,-6.0,4.0,-43.0
1776887083.5301027,-6.0,7.0,-49.0
1776887083.5401027,-9.0,8.0,-53.0
1776887083.5501027,-5.0,8.0,-52.0
1776887083.5601027,-5.0,6.0,-55.0
1776887083.5701027,-1.0,3.0,-53.0
1776887083.5801027,-3.0,2.0,-48.0
1776887083.590103,-4.0,3.0,-43.0
1776887083.600103,-3.0,3.0,-38.0
1776887083.610103,0.0,6.0,-39.0
1776887083.6201026,2.0,9.0,-37.0
1776887083.6301026,6.0,6.0,-36.0
1776887083.6401026,4.0,-1.0,-38.0
1776887083.6501029,4.0,-5.0,-45.0
1776887083.6601028,-2.0,-3.0,-46.0
1776887083.6701028,-1.0,-5.0,-50.0
1776887083.6801028,0.0,1.0,-48.0
1776887083.6901028,0.0,1.0,-41.0
1776887083.7001028,0.0,-4.0,-43.0
1776887083.7101028,0.0,2.0,-46.0
1776887083.7201028,3.0,3.0,-44.0
1776887083.7301028,4.0,3.0,-39.0
1776887083.7401028,3.0,3.0,-40.0
1776887083.7501028,1.0,5.0,-36.0
1776887083.7601027,1.0,0.0,-37.0
1776887083.7701027,-3.0,-4.0,-39.0
1776887083.7801027,-3.0,-5.0,-37.0
1776887083.7901027,-5.0,-3.0,-30.0
1776887083.8001027,0.0,-1.0,-33.0
1776887083.8101027,3.0,-1.0,-35.0
1776887083.8201027,4.0,-2.0,-39.0
1776887083.8301027,7.0,-5.0,-42.0
1776887083.840103,8.0,-4.0,-45.0
1776887083.850103,-1.0,-3.0,-37.0
1776887083.860103,-4.0,-2.0,-35.0
1776887083.8701026,1.0,-4.0,-30.0
1776887083.8801026,4.0,-5.0,-32.0
1776887083.8901026,4.0,-9.0,-26.0
1776887083.9001029,5.0,-7.0,-37.0
1776887083.9101028,1.0,-9.0,-36.0
1776887083.9201028,-2.0,-13.0,-38.0
1776887083.9301028,-5.0,-9.0,-33.0
1776887083.9401028,-4.0,-2.0,-36.0
1776887083.9501028,-5.0,-2.0,-35.0
1776887083.9601028,-7.0,-1.0,-30.0
1776887083.9701028,-4.0,-1.0,-29.0
1776887083.9801028,0.0,1.0,-35.0
1776887083.9911027,-2.0,1.0,-34.0
1776887084.0001028,-4.0,-2.0,-40.0
1776887084.011103,-6.0,-2.0,-44.0
1776887084.021103,-5.0,0.0,-39.0
1776887084.031103,2.0,3.0,-32.0
1776887084.0411026,6.0,6.0,-36.0
1776887084.0511026,5.0,4.0,-38.0
1776887084.0611026,5.0,-1.0,-38.0
1776887084.0711029,6.0,-2.0,-40.0
1776887084.0811028,0.0,-1.0,-44.0
1776887084.0911028,3.0,3.0,-52.0
1776887084.1011028,3.0,0.0,-47.0
1776887084.1111028,4.0,0.0,-42.0
1776887084.1211028,4.0,-3.0,-42.0
1776887084.1311028,4.0,-9.0,-44.0
1776887084.1411028,1.0,-3.0,-43.0
1776887084.1511028,0.0,0.0,-44.0
1776887084.1611028,3.0,-1.0,-48.0
1776887084.1711028,1.0,-3.0,-49.0
1776887084.1811028,1.0,0.0,-48.0
1776887084.1911027,0.0,-2.0,-47.0
1776887084.2011027,2.0,-7.0,-51.0
1776887084.2111027,5.0,-7.0,-45.0
1776887084.2211027,4.0,-4.0,-39.0
1776887084.2311027,4.0,0.0,-33.0
1776887084.2411027,0.0,-1.0,-29.0
1776887084.2511027,0.0,0.0,-39.0
1776887084.261103,-3.0,0.0,-40.0
1776887084.271103,-5.0,-2.0,-42.0
1776887084.281103,-4.0,-3.0,-38.0
1776887084.2911026,1.0,-1.0,-37.0
1776887084.3011026,3.0,0.0,-37.0
1776887084.3111026,5.0,-2.0,-31.0
1776887084.3211029,0.0,-3.0,-27.0
1776887084.3311028,0.0,-1.0,-23.0
1776887084.3411028,1.0,0.0,-24.0
1776887084.3511028,1.0,2.0,-30.0
1776887084.3611028,4.0,2.0,-36.0
1776887084.3711028,3.0,0.0,-38.0
1776887084.3811028,1.0,4.0,-36.0
1776887084.3911028,1.0,2.0,-36.0
1776887084.4011028,3.0,-3.0,-35.0
1776887084.4111028,1.0,-6.0,-34.0
1776887084.4211028,-1.0,-11.0,-37.0
1776887084.4311028,0.0,-13.0,-33.0
1776887084.4411027,0.0,-10.0,-41.0
1776887084.4511027,3.0,-8.0,-42.0
1776887084.4611027,-3.0,-5.0,-44.0
1776887084.4711027,-1.0,-2.0,-50.0
1776887084.4811027,0.0,0.0,-53.0
1776887084.4911027,4.0,0.0,-51.0
1776887084.5011027,7.0,0.0,-40.0
1776887084.511103,4.0,0.0,-39.0
1776887084.521103,6.0,1.0,-38.0
1776887084.531103,3.0,-2.0,-35.0
1776887084.5411026,1.0,1.0,-38.0
1776887084.5511026,1.0,3.0,-37.0
1776887084.5611026,1.0,0.0,-44.0
1776887084.5711029,4.0,-4.0,-49.0
1776887084.5811028,4.0,-4.0,-47.0
1776887084.5911028,3.0,1.0,-49.0
1776887084.6011028,6.0,2.0,-44.0
1776887084.6111028,8.0,0.0,-41.0
1776887084.6211028,8.0,0.0,-35.0
1776887084.6311028,6.0,-5.0,-36.0
1776887084.6411028,6.0,-2.0,-35.0
1776887084.6511028,9.0,-2.0,-35.0
1776887084.6611028,11.0,0.0,-38.0
1776887084.6711028,8.0,2.0,-34.0
1776887084.6811028,5.0,-1.0,-29.0
1776887084.6911027,7.0,-4.0,-28.0
1776887084.7011027,8.0,-4.0,-28.0
1776887084.7111027,3.0,-5.0,-29.0
1776887084.7211027,2.0,-5.0,-26.0
1776887084.7311027,1.0,-7.0,-29.0
1776887084.7411027,3.0,-1.0,-28.0
1776887084.7511027,8.0,0.0,-29.0
1776887084.761103,7.0,0.0,-36.0
1776887084.771103,5.0,-1.0,-39.0
1776887084.781103,3.0,-3.0,-29.0
1776887084.7911026,3.0,-4.0,-32.0
1776887084.8011026,0.0,-6.0,-32.0
1776887084.8111026,0.0,-3.0,-34.0
1776887084.8211029,0.0,-11.0,-30.0
1776887084.8311028,0.0,-11.0,-32.0
1776887084.8411028,2.0,-6.0,-28.0
1776887084.8511028,0.0,-3.0,-32.0
1776887084.8611028,-3.0,-5.0,-37.0
1776887084.8711028,-2.0,-4.0,-37.0
1776887084.8811028,-2.0,-1.0,-37.0
1776887084.8911028,-5.0,-2.0,-32.0
1776887084.9011028,-6.0,0.0,-32.0
1776887084.9111028,-9.0,-4.0,-40.0
1776887084.9211028,-6.0,-3.0,-40.0
1776887084.9311028,-7.0,-4.0,-46.0
1776887084.9411027,-3.0,-4.0,-46.0
1776887084.9511027,0.0,0.0,-40.0
1776887084.9611027,0.0,-4.0,-39.0
1776887084.9711027,-2.0,-4.0,-42.0
1776887084.9811027,-3.0,-6.0,-40.0
1776887084.9911027,-6.0,-6.0,-41.0
1776887085.0011027,0.0,-7.0,-39.0
1776887085.011103,1.0,-8.0,-36.0
1776887085.021103,1.0,-7.0,-25.0
1776887085.031103,3.0,-6.0,-16.0
1776887085.0411026,-1.0,-7.0,-14.0
1776887085.0511026,-2.0,-6.0,-18.0
1776887085.0611026,1.0,-7.0,-23.0
1776887085.0711029,-1.0,-5.0,-27.0
1776887085.0811028,-7.0,-2.0,-29.0
1776887085.0911028,-5.0,0.0,-29.0
1776887085.1011028,-4.0,2.0,-31.0
1776887085.1111028,-4.0,1.0,-33.0
1776887085.1211028,-5.0,1.0,-35.0
1776887085.1311028,0.0,-2.0,-39.0
1776887085.1411028,-1.0,-5.0,-33.0
1776887085.1511028,0.0,-4.0,-38.0
1776887085.1611028,0.0,-2.0,-39.0
1776887085.1711028,0.0,-2.0,-37.0
1776887085.1811028,0.0,0.0,-40.0
1776887085.1911027,1.0,1.0,-35.0
1776887085.2011027,-2.0,3.0,-39.0
1776887085.2111027,-3.0,7.0,-34.0
1776887085.2211027,-1.0,1.0,-35.0
1776887085.2311027,4.0,4.0,-31.0
1776887085.2411027,6.0,3.0,-34.0
1776887085.2511027,3.0,5.0,-39.0
1776887085.261103,3.0,0.0,-40.0
1776887085.271103,0.0,2.0,-40.0
1776887085.281103,0.0,3.0,-49.0
1776887085.2911026,0.0,3.0,-48.0
1776887085.3011026,1.0,2.0,-51.0
1776887085.3111026,0.0,2.0,-53.0
1776887085.3211029,2.0,2.0,-46.0
1776887085.3311028,0.0,1.0,-48.0
1776887085.3411028,4.0,0.0,-47.0
1776887085.3511028,5.0,3.0,-46.0
1776887085.3611028,6.0,3.0,-46.0
1776887085.3711028,5.0,3.0,-45.0
1776887085.3811028,4.0,7.0,-45.0
1776887085.3911028,3.0,7.0,-46.0
1776887085.4011028,3.0,5.0,-36.0
1776887085.4111028,0.0,6.0,-35.0
1776887085.4211028,2.0,7.0,-36.0
1776887085.4311028,0.0,2.0,-33.0
1776887085.4411027,0.0,-2.0,-37.0
1776887085.4511027,0.0,-1.0,-40.0
1776887085.4611027,3.0,1.0,-40.0
1776887085.4711027,0.0,3.0,-37.0
1776887085.4811027,0.0,4.0,-33.0
1776887085.4911027,-2.0,5.0,-39.0
1776887085.5011027,-6.0,2.0,-43.0
1776887085.511103,-7.0,1.0,-39.0
1776887085.521103,-2.0,0.0,-38.0
1776887085.531103,0.0,-2.0,-30.0
1776887085.5411026,0.0,-3.0,-33.0
1776887085.5511026,0.0,-2.0,-35.0
1776887085.5611026,0.0,2.0,-34.0
1776887085.5711029,1.0,-2.0,-27.0
1776887085.5811028,5.0,-1.0,-30.0
1776887085.5911028,4.0,1.0,-41.0
1776887085.6011028,-1.0,0.0,-40.0
1776887085.6111028,-2.0,0.0,-38.0
1776887085.6211028,0.0,-4.0,-33.0
1776887085.6311028,0.0,-1.0,-38.0
1776887085.6411028,-3.0,1.0,-40.0
1776887085.6511028,-6.0,1.0,-41.0
1776887085.6611028,-5.0,0.0,-40.0
1776887085.6711028,-4.0,0.0,-37.0
1776887085.6811028,-4.0,-2.0,-31.0
1776887085.6911027,-4.0,-4.0,-30.0
1776887085.7011027,-6.0,-4.0,-32.0
1776887085.7111027,-4.0,-5.0,-35.0
1776887085.7211027,-4.0,-5.0,-33.0
1776887085.7311027,-2.0,-3.0,-33.0
1776887085.7411027,-7.0,-4.0,-39.0
1776887085.7511027,-4.0,0.0,-41.0
1776887085.761103,-6.0,-2.0,-40.0
1776887085.771103,-4.0,-2.0,-39.0
1776887085.781103,-4.0,-9.0,-38.0
1776887085.7911026,1.0,-8.0,-36.0
1776887085.8011026,-1.0,-8.0,-28.0
1776887085.8111026,1.0,-6.0,-34.0
1776887085.8211029,-1.0,-8.0,-35.0
1776887085.8311028,0.0,-7.0,-37.0
1776887085.8411028,2.0,-4.0,-36.0
1776887085.8511028,4.0,0.0,-37.0
1776887085.8611028,0.0,1.0,-36.0
1776887085.8711028,2.0,3.0,-34.0
1776887085.8811028,2.0,2.0,-35.0
1776887085.8911028,2.0,4.0,-36.0
1776887085.9011028,0.0,3.0,-42.0
1776887085.9111028,0.0,4.0,-50.0
1776887085.9211028,-4.0,3.0,-49.0
1776887085.9311028,2.0,-2.0,-45.0
1776887085.9411027,7.0,-2.0,-42.0
1776887085.9511027,3.0,-1.0,-34.0
1776887085.9611027,3.0,-2.0,-29.0
1776887085.9711027,4.0,-2.0,-29.0
1776887085.9811027,2.0,0.0,-28.0
1776887085.9911027,2.0,1.0,-26.0
1776887086.0011027,0.0,2.0,-31.0
1776887086.0121028,-1.0,2.0,-25.0
1776887086.0221028,1.0,-4.0,-21.0
1776887086.0321028,1.0,-7.0,-21.0
1776887086.0421028,4.0,-5.0,-26.0
1776887086.0521028,2.0,-4.0,-28.0
1776887086.0621028,3.0,-4.0,-36.0
1776887086.0721028,1.0,-2.0,-39.0
1776887086.0821028,-4.0,3.0,-37.0
1776887086.0921028,-3.0,3.0,-39.0
1776887086.1021028,2.0,0.0,-38.0
1776887086.1121027,5.0,-1.0,-38.0
1776887086.1221027,1.0,-2.0,-33.0
1776887086.1321027,-2.0,-1.0,-30.0
1776887086.1421027,-2.0,-2.0,-34.0
1776887086.1521027,-2.0,-2.0,-36.0
1776887086.1621027,1.0,-5.0,-40.0
1776887086.1721027,1.0,-3.0,-48.0
1776887086.182103,3.0,-2.0,-43.0
1776887086.192103,0.0,0.0,-41.0
1776887086.202103,0.0,2.0,-42.0
1776887086.212103,-1.0,5.0,-38.0
1776887086.2221026,-2.0,6.0,-38.0
1776887086.2321026,-4.0,6.0,-41.0
1776887086.2421026,-5.0,6.0,-48.0
1776887086.2521029,-3.0,5.0,-50.0
1776887086.2621028,-2.0,3.0,-48.0
1776887086.2721028,-1.0,-1.0,-47.0
1776887086.2821028,3.0,0.0,-41.0
1776887086.2921028,9.0,4.0,-37.0
1776887086.3021028,4.0,0.0,-39.0
1776887086.3121028,0.0,-2.0,-38.0
1776887086.3221028,0.0,0.0,-41.0
1776887086.3321028,0.0,-3.0,-44.0
1776887086.3421028,0.0,-6.0,-43.0
1776887086.3521028,2.0,-4.0,-44.0
1776887086.3621027,7.0,-4.0,-43.0
1776887086.3721027,2.0,-5.0,-37.0
1776887086.3821027,-1.0,-3.0,-29.0
1776887086.3921027,-2.0,0.0,-35.0
1776887086.4021027,0.0,-2.0,-50.0
1776887086.4121027,0.0,-5.0,-50.0
1776887086.4221027,1.0,-2.0,-48.0
1776887086.432103,-1.0,-3.0,-51.0
1776887086.442103,-1.0,-1.0,-46.0
1776887086.452103,-1.0,1.0,-46.0
1776887086.462103,-1.0,1.0,-50.0
1776887086.4721026,1.0,0.0,-47.0
1776887086.4821026,4.0,0.0,-48.0
1776887086.4921026,1.0,0.0,-46.0
1776887086.5021029,2.0,-2.0,-36.0
1776887086.5121028,1.0,0.0,-31.0
1776887086.5221028,0.0,3.0,-42.0
1776887086.5321028,2.0,4.0,-42.0
1776887086.5421028,7.0,2.0,-33.0
1776887086.5521028,4.0,1.0,-31.0
1776887086.5621028,4.0,3.0,-35.0
1776887086.5721028,2.0,3.0,-36.0
1776887086.5821028,1.0,4.0,-36.0
1776887086.5921028,-3.0,6.0,-40.0
1776887086.6021028,-2.0,4.0,-45.0
1776887086.6121027,-4.0,2.0,-40.0
1776887086.6221027,-6.0,0.0,-38.0
1776887086.6321027,-6.0,0.0,-40.0
1776887086.6421027,-3.0,-3.0,-42.0
1776887086.6521027,-5.0,0.0,-34.0
1776887086.6621027,0.0,-3.0,-33.0
1776887086.6721027,0.0,0.0,-36.0
1776887086.682103,0.0,0.0,-39.0
1776887086.692103,1.0,-1.0,-33.0
1776887086.702103,-3.0,-2.0,-36.0
1776887086.712103,-7.0,-1.0,-40.0
1776887086.7221026,-5.0,-2.0,-38.0
1776887086.7321026,-4.0,-3.0,-29.0
1776887086.7421026,-5.0,-7.0,-27.0
1776887086.7521029,-7.0,-4.0,-25.0
1776887086.7621028,-6.0,-3.0,-27.0
1776887086.7721028,-1.0,-4.0,-30.0
1776887086.7821028,-2.0,-5.0,-31.0
1776887086.7921028,-2.0,-7.0,-34.0
1776887086.8021028,0.0,-4.0,-29.0
1776887086.8121028,0.0,0.0,-34.0
1776887086.8221028,-2.0,3.0,-42.0
1776887086.8321028,-5.0,1.0,-42.0
1776887086.8421028,-7.0,-1.0,-38.0
1776887086.8521028,-3.0,-1.0,-41.0
1776887086.8621027,-6.0,1.0,-32.0
1776887086.8721027,-6.0,-1.0,-41.0
1776887086.8821027,-4.0,0.0,-41.0
1776887086.8921027,-3.0,3.0,-42.0
1776887086.9021027,-5.0,0.0,-43.0
1776887086.9121027,-7.0,-1.0,-32.0
1776887086.9221027,-2.0,0.0,-32.0
1776887086.932103,0.0,2.0,-33.0
1776887086.942103,0.0,3.0,-32.0
1776887086.952103,3.0,3.0,-27.0
1776887086.962103,4.0,5.0,-32.0
1776887086.9721026,-3.0,5.0,-32.0
1776887086.9821026,-9.0,4.0,-28.0
1776887086.9921026,-7.0,1.0,-33.0
1776887087.0021029,-7.0,0.0,-30.0
1776887087.0121028,-7.0,2.0,-34.0
1776887087.0221028,-4.0,4.0,-34.0
1776887087.0321028,-9.0,5.0,-34.0
1776887087.0421028,-6.0,2.0,-39.0
1776887087.0521028,-3.0,4.0,-36.0
1776887087.0621028,-3.0,2.0,-32.0
1776887087.0721028,0.0,1.0,-35.0
1776887087.0821028,1.0,-4.0,-36.0
1776887087.0921028,1.0,-3.0,-45.0
1776887087.1021028,3.0,-3.0,-44.0
1776887087.1121027,5.0,-4.0,-38.0
1776887087.1221027,2.0,-6.0,-36.0
1776887087.1321027,2.0,-9.0,-37.0
1776887087.1421027,0.0,-8.0,-40.0
1776887087.1521027,-3.0,-1.0,-38.0
1776887087.1621027,-6.0,2.0,-44.0
1776887087.1721027,-4.0,2.0,-40.0
1776887087.182103,-7.0,0.0,-40.0
1776887087.192103,-6.0,-3.0,-44.0
1776887087.202103,0.0,0.0,-44.0
1776887087.212103,2.0,1.0,-44.0
1776887087.2221026,2.0,0.0,-39.0
1776887087.2321026,2.0,0.0,-35.0
1776887087.2421026,4.0,-4.0,-33.0
1776887087.2521029,0.0,-11.0,-37.0
1776887087.2621028,0.0,-9.0,-37.0
1776887087.2721028,-1.0,-9.0,-36.0
1776887087.2821028,1.0,-7.0,-38.0
1776887087.2921028,-2.0,-7.0,-35.0
1776887087.3021028,-2.0,-2.0,-34.0
1776887087.3121028,0.0,0.0,-35.0
1776887087.3221028,3.0,-2.0,-36.0
1776887087.3321028,0.0,-3.0,-38.0
1776887087.3421028,1.0,-2.0,-31.0
1776887087.3521028,3.0,-4.0,-25.0
1776887087.3621027,5.0,-2.0,-28.0
1776887087.3721027,0.0,-5.0,-35.0
1776887087.3821027,2.0,-3.0,-37.0
1776887087.3921027,0.0,-1.0,-43.0
1776887087.4021027,0.0,0.0,-37.0
1776887087.4121027,2.0,0.0,-36.0
1776887087.4221027,2.0,-1.0,-38.0
1776887087.432103,1.0,-2.0,-35.0
1776887087.442103,1.0,0.0,-38.0
1776887087.452103,0.0,0.0,-43.0
1776887087.462103,-2.0,5.0,-41.0
1776887087.4721026,-2.0,6.0,-37.0
1776887087.4821026,0.0,3.0,-41.0
1776887087.4921026,-4.0,4.0,-41.0
1776887087.5021029,-4.0,0.0,-41.0
1776887087.5121028,-2.0,1.0,-39.0
1776887087.5221028,-2.0,0.0,-36.0
1776887087.5321028,-1.0,0.0,-43.0
1776887087.5421028,-3.0,0.0,-46.0
1776887087.5521028,-1.0,0.0,-43.0
1776887087.5621028,0.0,2.0,-43.0
1776887087.5721028,2.0,3.0,-37.0
1776887087.5821028,0.0,4.0,-34.0
1776887087.5921028,-3.0,4.0,-44.0
1776887087.6021028,-5.0,-1.0,-46.0
1776887087.6121027,-6.0,-6.0,-43.0
1776887087.6221027,-6.0,-7.0,-40.0
1776887087.6321027,-7.0,-8.0,-33.0
1776887087.6421027,-11.0,-11.0,-29.0
1776887087.6521027,-8.0,-14.0,-38.0
1776887087.6621027,-8.0,-9.0,-34.0
1776887087.6721027,-6.0,-10.0,-35.0
1776887087.682103,-4.0,-9.0,-39.0
1776887087.692103,0.0,-6.0,-40.0
1776887087.702103,1.0,-6.0,-39.0
1776887087.712103,3.0,-8.0,-35.0
1776887087.7221026,0.0,-6.0,-32.0
1776887087.7321026,0.0,-5.0,-30.0
1776887087.7421026,3.0,-8.0,-33.0
1776887087.7521029,2.0,-7.0,-35.0
1776887087.7621028,1.0,-7.0,-35.0
1776887087.7721028,3.0,-10.0,-35.0
1776887087.7821028,5.0,-6.0,-42.0
1776887087.7921028,5.0,-4.0,-44.0
1776887087.8021028,4.0,-4.0,-40.0
1776887087.8121028,9.0,-1.0,-41.0
1776887087.8221028,8.0,0.0,-38.0
1776887087.8321028,5.0,1.0,-40.0
1776887087.8421028,3.0,0.0,-42.0
1776887087.8521028,0.0,3.0,-48.0
1776887087.8621027,-1.0,5.0,-45.0
1776887087.8721027,2.0,5.0,-41.0
1776887087.8821027,2.0,0.0,-40.0
1776887087.8921027,-1.0,0.0,-36.0
1776887087.9021027,-1.0,-1.0,-44.0
1776887087.9121027,-1.0,-1.0,-43.0
1776887087.9221027,1.0,0.0,-41.0
1776887087.932103,-1.0,0.0,-47.0
1776887087.942103,-3.0,0.0,-49.0
1776887087.952103,0.0,3.0,-47.0
1776887087.9631028,1.0,4.0,-54.0
1776887087.9721026,-1.0,5.0,-49.0
1776887087.9821026,-2.0,1.0,-46.0
1776887087.9931028,2.0,1.0,-47.0
1776887088.0031028,3.0,3.0,-52.0
1776887088.0131028,7.0,-1.0,-45.0
1776887088.0231028,7.0,-2.0,-48.0
1776887088.0331028,8.0,0.0,-45.0
1776887088.0431027,6.0,-2.0,-36.0
1776887088.0531027,1.0,1.0,-34.0
1776887088.0631027,0.0,0.0,-33.0
1776887088.0731027,0.0,3.0,-38.0
1776887088.0831027,-3.0,4.0,-37.0
1776887088.0931027,-1.0,3.0,-38.0
1776887088.1031027,0.0,5.0,-38.0
1776887088.113103,-3.0,0.0,-38.0
1776887088.123103,-4.0,2.0,-41.0
1776887088.133103,-6.0,0.0,-39.0
1776887088.1431026,-7.0,0.0,-41.0
1776887088.1531026,-3.0,3.0,-35.0
1776887088.1631026,-7.0,3.0,-29.0
1776887088.1731029,-9.0,3.0,-24.0
1776887088.1831028,-4.0,5.0,-29.0
1776887088.1931028,-5.0,2.0,-30.0
1776887088.2031028,-5.0,0.0,-31.0
1776887088.2131028,-5.0,3.0,-36.0
1776887088.2231028,0.0,4.0,-35.0
1776887088.2331028,3.0,3.0,-36.0
1776887088.2431028,5.0,1.0,-39.0
1776887088.2531028,4.0,2.0,-40.0
1776887088.2631028,5.0,1.0,-39.0
1776887088.2731028,4.0,0.0,-44.0
1776887088.2831028,0.0,-3.0,-41.0
1776887088.2931027,0.0,-1.0,-39.0
1776887088.3031027,2.0,-1.0,-35.0
1776887088.3131027,0.0,0.0,-30.0
1776887088.3231027,-1.0,0.0,-32.0
1776887088.3331027,1.0,0.0,-33.0
1776887088.3431027,7.0,0.0,-34.0
1776887088.3531027,4.0,1.0,-35.0
1776887088.363103,2.0,0.0,-34.0
1776887088.373103,0.0,0.0,-37.0
1776887088.383103,-1.0,0.0,-37.0
1776887088.3931026,-2.0,-2.0,-40.0
1776887088.4031026,-1.0,-9.0,-41.0
1776887088.4131026,1.0,-12.0,-46.0
1776887088.4231029,1.0,-8.0,-48.0
1776887088.4331028,1.0,-4.0,-44.0
1776887088.4431028,0.0,-9.0,-41.0
1776887088.4531028,0.0,-4.0,-42.0
1776887088.4631028,0.0,1.0,-46.0
1776887088.4731028,-2.0,0.0,-50.0
1776887088.4831028,-7.0,0.0,-45.0
1776887088.4931028,-6.0,-1.0,-50.0
1776887088.5031028,-6.0,-2.0,-44.0
1776887088.5131028,-7.0,-1.0,-43.0
1776887088.5231028,-8.0,-1.0,-43.0
1776887088.5331028,-1.0,-1.0,-48.0
1776887088.5431027,0.0,-1.0,-51.0
1776887088.5531027,-2.0,-2.0,-42.0
1776887088.5631027,-1.0,-2.0,-45.0
1776887088.5731027,0.0,-3.0,-47.0
1776887088.5831027,2.0,-3.0,-42.0
1776887088.5931027,3.0,3.0,-43.0
1776887088.6031027,3.0,5.0,-35.0
1776887088.613103,5.0,4.0,-36.0
1776887088.623103,10.0,2.0,-32.0
1776887088.633103,10.0,2.0,-27.0
1776887088.6431026,10.0,0.0,-30.0
1776887088.6531026,10.0,1.0,-36.0
1776887088.6631026,3.0,2.0,-39.0
1776887088.6731029,3.0,1.0,-45.0
1776887088.6831028,4.0,-3.0,-44.0
1776887088.6931028,4.0,0.0,-48.0
1776887088.7031028,-2.0,2.0,-49.0
1776887088.7131028,-1.0,2.0,-45.0
1776887088.7231028,-2.0,2.0,-41.0
1776887088.7331028,-1.0,4.0,-40.0
1776887088.7431028,4.0,4.0,-37.0
1776887088.7531028,3.0,4.0,-39.0
1776887088.7631028,7.0,4.0,-34.0
1776887088.7731028,5.0,6.0,-36.0
1776887088.7831028,4.0,6.0,-31.0
1776887088.7931027,1.0,-1.0,-32.0
1776887088.8031027,0.0,0.0,-27.0
1776887088.8131027,0.0,0.0,-26.0
1776887088.8231027,4.0,2.0,-29.0
1776887088.8331027,1.0,0.0,-28.0
1776887088.8431027,4.0,1.0,-21.0
1776887088.8531027,5.0,6.0,-20.0
1776887088.863103,-2.0,2.0,-21.0
1776887088.873103,-2.0,4.0,-24.0
1776887088.883103,-2.0,6.0,-34.0
1776887088.8931026,-7.0,8.0,-34.0
1776887088.9031026,-7.0,8.0,-29.0
1776887088.9131026,-10.0,7.0,-33.0
1776887088.9231029,-15.0,3.0,-33.0
1776887088.9331028,-11.0,3.0,-30.0
1776887088.9431028,-8.0,0.0,-37.0
1776887088.9531028,-11.0,-2.0,-41.0
1776887088.9631028,-11.0,-6.0,-42.0
1776887088.9731028,-5.0,-5.0,-45.0
1776887088.9831028,-8.0,-3.0,-37.0
1776887088.9931028,-8.0,-3.0,-39.0
1776887089.0031028,-4.0,-2.0,-35.0
1776887089.0131028,-2.0,-2.0,-36.0
1776887089.0231028,0.0,0.0,-38.0
1776887089.0331028,0.0,1.0,-32.0
1776887089.0431027,-7.0,0.0,-33.0
1776887089.0531027,-4.0,-3.0,-33.0
1776887089.0631027,-3.0,-3.0,-32.0
1776887089.0731027,-2.0,-1.0,-36.0
1776887089.0831027,3.0,-1.0,-38.0
1776887089.0931027,4.0,-3.0,-35.0
1776887089.1031027,5.0,-5.0,-34.0
1776887089.113103,5.0,-4.0,-34.0
1776887089.123103,2.0,-5.0,-34.0
1776887089.133103,1.0,-6.0,-35.0
1776887089.1431026,-1.0,-6.0,-34.0
1776887089.1531026,-1.0,-3.0,-35.0
1776887089.1631026,3.0,-3.0,-40.0
1776887089.1731029,2.0,-3.0,-48.0
1776887089.1831028,0.0,-2.0,-51.0
1776887089.1931028,-1.0,-2.0,-38.0
1776887089.2031028,3.0,0.0,-43.0
1776887089.2131028,2.0,0.0,-47.0
1776887089.2231028,1.0,4.0,-41.0
1776887089.2331028,5.0,5.0,-42.0
1776887089.2431028,10.0,3.0,-41.0
1776887089.2531028,8.0,-1.0,-36.0
1776887089.2631028,2.0,-4.0,-35.0
1776887089.2731028,4.0,-7.0,-42.0
1776887089.2831028,0.0,-8.0,-48.0
1776887089.2931027,-3.0,-9.0,-51.0
1776887089.3031027,-1.0,-9.0,-48.0
1776887089.3131027,4.0,-4.0,-40.0
1776887089.3231027,2.0,-4.0,-37.0
1776887089.3331027,1.0,-4.0,-35.0
1776887089.3431027,3.0,-5.0,-42.0
1776887089.3531027,2.0,-5.0,-40.0
1776887089.363103,5.0,-5.0,-30.0
1776887089.373103,7.0,-6.0,-30.0
1776887089.383103,6.0,-5.0,-41.0
1776887089.3931026,4.0,-9.0,-34.0
1776887089.4031026,2.0,-6.0,-27.0
1776887089.4131026,3.0,-1.0,-25.0
1776887089.4231029,-3.0,0.0,-34.0
1776887089.4331028,-8.0,1.0,-34.0
1776887089.4431028,-10.0,-2.0,-33.0
1776887089.4531028,-6.0,-2.0,-38.0
1776887089.4631028,-5.0,-1.0,-36.0
1776887089.4731028,0.0,-1.0,-34.0
1776887089.4831028,1.0,-5.0,-38.0
1776887089.4931028,-2.0,-5.0,-43.0
1776887089.5031028,1.0,-3.0,-40.0
1776887089.5131028,1.0,-5.0,-41.0
1776887089.5231028,0.0,-6.0,-40.0
1776887089.5331028,1.0,-5.0,-43.0
1776887089.5431027,5.0,-4.0,-45.0
1776887089.5531027,4.0,-4.0,-49.0
1776887089.5631027,5.0,0.0,-49.0
1776887089.5731027,8.0,1.0,-47.0
1776887089.5831027,12.0,-3.0,-40.0
1776887089.5931027,8.0,-3.0,-37.0
1776887089.6031027,5.0,-4.0,-41.0
1776887089.613103,4.0,-9.0,-38.0
1776887089.623103,6.0,-5.0,-37.0
1776887089.633103,9.0,-7.0,-35.0
1776887089.6431026,3.0,-3.0,-39.0
1776887089.6531026,-2.0,-2.0,-37.0
1776887089.6631026,-2.0,-2.0,-36.0
1776887089.6731029,0.0,0.0,-31.0
1776887089.6831028,2.0,-1.0,-35.0
1776887089.6931028,2.0,-1.0,-39.0
1776887089.7031028,2.0,-2.0,-40.0
1776887089.7131028,5.0,0.0,-38.0
1776887089.7231028,4.0,0.0,-26.0
1776887089.7331028,2.0,-2.0,-20.0
1776887089.7431028,8.0,0.0,-21.0
1776887089.7531028,4.0,-2.0,-25.0
1776887089.7631028,6.0,-4.0,-23.0
1776887089.7731028,2.0,-5.0,-32.0
1776887089.7831028,4.0,-1.0,-30.0
1776887089.7931027,6.0,-2.0,-31.0
1776887089.8031027,4.0,-1.0,-30.0
1776887089.8141026,0.0,-2.0,-25.0
1776887089.8231027,-1.0,0.0,-33.0
1776887089.8331027,1.0,0.0,-33.0
1776887089.8431027,5.0,-2.0,-32.0
1776887089.8531027,6.0,1.0,-35.0
1776887089.863103,2.0,2.0,-39.0
1776887089.873103,0.0,1.0,-45.0
1776887089.883103,0.0,0.0,-52.0
1776887089.8931026,0.0,-3.0,-49.0
1776887089.9031026,0.0,-2.0,-45.0
1776887089.9131026,0.0,0.0,-46.0
1776887089.9231029,1.0,-3.0,-41.0
1776887089.9331028,-3.0,-8.0,-37.0
1776887089.9431028,-3.0,-5.0,-36.0
1776887089.9531028,-1.0,0.0,-41.0
1776887089.9641027,0.0,2.0,-39.0
1776887089.9731028,-2.0,0.0,-38.0
1776887089.9841027,0.0,-2.0,-38.0
1776887089.9941027,0.0,-3.0,-39.0
1776887090.0041027,0.0,-4.0,-37.0
1776887090.0141027,0.0,-1.0,-35.0
1776887090.0241027,1.0,-1.0,-34.0
1776887090.034103,3.0,-2.0,-31.0
1776887090.044103,0.0,0.0,-27.0
1776887090.054103,-1.0,0.0,-27.0
1776887090.0641026,1.0,1.0,-39.0
1776887090.0741026,2.0,3.0,-41.0
1776887090.0841026,0.0,5.0,-42.0
1776887090.0941026,3.0,4.0,-40.0
1776887090.1041028,3.0,2.0,-43.0
1776887090.1141028,3.0,4.0,-39.0
1776887090.1241028,3.0,3.0,-35.0
1776887090.1341028,3.0,2.0,-34.0
1776887090.1441028,1.0,3.0,-37.0
1776887090.1541028,6.0,3.0,-39.0
1776887090.1641028,7.0,7.0,-40.0
1776887090.1741028,6.0,8.0,-40.0
1776887090.1841028,6.0,4.0,-38.0
1776887090.1941028,2.0,0.0,-46.0
1776887090.2041028,-9.0,-2.0,-45.0
1776887090.2141027,-4.0,-3.0,-43.0
1776887090.2241027,0.0,-2.0,-42.0
1776887090.2341027,-2.0,-3.0,-40.0
1776887090.2441027,-3.0,-4.0,-38.0
1776887090.2541027,-3.0,-3.0,-34.0
1776887090.2641027,0.0,-1.0,-36.0
1776887090.2741027,3.0,-4.0,-35.0
1776887090.284103,6.0,-6.0,-37.0
1776887090.294103,7.0,-5.0,-30.0
1776887090.304103,5.0,-4.0,-31.0
1776887090.3141026,0.0,-5.0,-30.0
1776887090.3241026,-1.0,-4.0,-37.0
1776887090.3341026,-3.0,-7.0,-39.0
1776887090.3441026,-6.0,-5.0,-32.0
1776887090.3541028,-6.0,-4.0,-29.0
1776887090.3641028,-2.0,-1.0,-29.0
1776887090.3741028,-4.0,1.0,-32.0
1776887090.3841028,-6.0,2.0,-39.0
1776887090.3941028,-5.0,0.0,-36.0
1776887090.4041028,-7.0,0.0,-38.0
1776887090.4141028,-3.0,-1.0,-38.0
1776887090.4241028,2.0,0.0,-35.0
1776887090.4341028,4.0,2.0,-38.0
1776887090.4441028,0.0,2.0,-32.0
1776887090.4541028,0.0,4.0,-36.0
1776887090.4641027,-3.0,7.0,-33.0
1776887090.4741027,-3.0,0.0,-30.0
1776887090.4841027,1.0,0.0,-38.0
1776887090.4941027,2.0,0.0,-42.0
1776887090.5041027,-1.0,2.0,-41.0
1776887090.5141027,-5.0,4.0,-46.0
1776887090.5241027,0.0,4.0,-42.0
1776887090.534103,3.0,1.0,-43.0
1776887090.544103,4.0,4.0,-38.0
1776887090.554103,1.0,6.0,-35.0
1776887090.5641026,-1.0,4.0,-31.0
1776887090.5741026,0.0,3.0,-29.0
1776887090.5841026,0.0,3.0,-24.0
1776887090.5941026,-3.0,3.0,-26.0
1776887090.6041028,-3.0,1.0,-28.0
1776887090.6141028,0.0,-7.0,-31.0
1776887090.6241028,1.0,-15.0,-39.0
1776887090.6341028,1.0,-11.0,-30.0
1776887090.6441028,0.0,-10.0,-33.0
1776887090.6541028,4.0,-7.0,-36.0
1776887090.6641028,4.0,-4.0,-33.0
1776887090.6741028,7.0,-3.0,-30.0
1776887090.6841028,3.0,-2.0,-35.0
1776887090.6941028,-1.0,-7.0,-36.0
1776887090.7041028,0.0,-9.0,-40.0
1776887090.7141027,0.0,-9.0,-40.0
1776887090.7241027,0.0,-10.0,-37.0
1776887090.7341027,-3.0,-10.0,-29.0
1776887090.7441027,-3.0,-10.0,-32.0
1776887090.7541027,-3.0,-9.0,-34.0
1776887090.7641027,-3.0,-5.0,-37.0
1776887090.7741027,-1.0,-3.0,-43.0
1776887090.784103,0.0,0.0,-39.0
1776887090.794103,2.0,0.0,-41.0
1776887090.804103,4.0,-4.0,-36.0
1776887090.8141026,1.0,-2.0,-33.0
1776887090.8241026,4.0,-4.0,-34.0
1776887090.8341026,2.0,-2.0,-31.0
1776887090.8441026,2.0,0.0,-34.0
1776887090.8541028,-4.0,1.0,-41.0
1776887090.8641028,-1.0,3.0,-39.0
1776887090.8741028,0.0,3.0,-36.0
1776887090.8841028,-3.0,4.0,-36.0
1776887090.8941028,0.0,6.0,-36.0
1776887090.9041028,2.0,3.0,-32.0
1776887090.9141028,-1.0,-1.0,-34.0
1776887090.9241028,0.0,-1.0,-42.0
1776887090.9341028,2.0,1.0,-35.0
1776887090.9441028,4.0,4.0,-40.0
1776887090.9541028,4.0,3.0,-41.0
1776887090.9641027,3.0,1.0,-38.0
1776887090.9741027,0.0,0.0,-31.0
1776887090.9841027,1.0,0.0,-32.0
1776887090.9941027,-3.0,4.0,-35.0
1776887091.0041027,-4.0,1.0,-41.0
1776887091.0141027,0.0,0.0,-35.0
1776887091.0241027,0.0,-1.0,-29.0
1776887091.034103,0.0,0.0,-23.0
1776887091.044103,-3.0,-1.0,-27.0
1776887091.054103,0.0,-3.0,-27.0
1776887091.0641026,1.0,0.0,-28.0
1776887091.0741026,1.0,0.0,-40.0
1776887091.0841026,0.0,3.0,-46.0
1776887091.0941026,3.0,0.0,-38.0
1776887091.1041028,4.0,-1.0,-39.0
1776887091.1141028,6.0,-1.0,-27.0
1776887091.1241028,0.0,1.0,-27.0
1776887091.1341028,1.0,-1.0,-35.0
1776887091.1441028,-1.0,-5.0,-43.0
1776887091.1541028,0.0,-3.0,-40.0
1776887091.1641028,0.0,0.0,-41.0
1776887091.1741028,0.0,-1.0,-44.0
1776887091.1841028,-1.0,-5.0,-49.0
1776887091.1941028,-3.0,-7.0,-47.0
1776887091.2041028,1.0,-11.0,-45.0
1776887091.2141027,3.0,-3.0,-39.0
1776887091.2241027,0.0,2.0,-38.0
1776887091.2341027,6.0,1.0,-38.0
1776887091.2441027,4.0,0.0,-39.0
1776887091.2541027,0.0,0.0,-37.0
1776887091.2641027,-4.0,-4.0,-40.0
1776887091.2741027,-2.0,-9.0,-40.0
1776887091.284103,0.0,-7.0,-38.0
1776887091.294103,-5.0,-6.0,-36.0
1776887091.304103,-5.0,-5.0,-36.0
1776887091.3141026,-3.0,-6.0,-37.0
1776887091.3241026,-5.0,-2.0,-35.0
1776887091.3341026,-5.0,-1.0,-36.0
1776887091.3441026,-3.0,-3.0,-38.0
1776887091.3541028,-4.0,-5.0,-41.0
1776887091.3641028,-4.0,-7.0,-40.0
1776887091.3741028,-3.0,-8.0,-37.0
1776887091.3841028,-5.0,-5.0,-39.0
1776887091.3941028,-3.0,-3.0,-43.0
1776887091.4041028,-1.0,-4.0,-41.0
1776887091.4141028,0.0,-4.0,-41.0
1776887091.4241028,2.0,-3.0,-45.0
1776887091.4341028,7.0,-9.0,-44.0
1776887091.4441028,4.0,-6.0,-43.0
1776887091.4541028,3.0,-5.0,-40.0
1776887091.4641027,6.0,-8.0,-39.0
1776887091.4741027,10.0,-8.0,-38.0
1776887091.4841027,14.0,-13.0,-31.0
1776887091.4941027,9.0,-9.0,-30.0
1776887091.5041027,6.0,-8.0,-27.0
1776887091.5141027,6.0,-8.0,-29.0
1776887091.5241027,5.0,-4.0,-24.0
1776887091.534103,2.0,-3.0,-31.0
1776887091.544103,-1.0,-4.0,-34.0
1776887091.554103,-5.0,-3.0,-38.0
1776887091.5641026,-5.0,-1.0,-38.0
1776887091.5741026,-8.0,1.0,-38.0
1776887091.5841026,-2.0,2.0,-36.0
1776887091.5941026,-4.0,0.0,-42.0
1776887091.6041028,-4.0,-3.0,-38.0
1776887091.6141028,-3.0,-2.0,-38.0
1776887091.6241028,-5.0,0.0,-40.0
1776887091.6341028,-4.0,0.0,-44.0
1776887091.6441028,-5.0,-3.0,-47.0
1776887091.6541028,-3.0,-2.0,-54.0
1776887091.6641028,-5.0,-5.0,-52.0
1776887091.6741028,-2.0,-1.0,-48.0
1776887091.6841028,-3.0,-4.0,-41.0
1776887091.6941028,-2.0,-4.0,-42.0
1776887091.7041028,0.0,0.0,-40.0
1776887091.7141027,2.0,-2.0,-39.0
1776887091.7241027,3.0,1.0,-43.0
1776887091.7341027,4.0,2.0,-36.0
1776887091.7441027,1.0,4.0,-32.0
1776887091.7541027,-5.0,7.0,-29.0
1776887091.7641027,-5.0,7.0,-38.0
1776887091.7741027,-9.0,2.0,-36.0
1776887091.784103,-7.0,0.0,-32.0
1776887091.794103,-4.0,0.0,-32.0
1776887091.804103,-6.0,0.0,-30.0
1776887091.8141026,0.0,1.0,-27.0
1776887091.8241026,-5.0,0.0,-31.0
1776887091.8341026,0.0,0.0,-33.0
1776887091.8441026,2.0,0.0,-32.0
1776887091.8541028,-1.0,-2.0,-34.0
1776887091.8641028,2.0,-4.0,-24.0
1776887091.8741028,4.0,-5.0,-27.0
1776887091.8841028,4.0,-5.0,-29.0
1776887091.8941028,7.0,-5.0,-29.0
1776887091.9041028,10.0,-5.0,-29.0
1776887091.9141028,6.0,-5.0,-32.0
1776887091.9241028,2.0,-4.0,-36.0
1776887091.9341028,2.0,-8.0,-40.0
1776887091.9441028,-5.0,-7.0,-36.0
1776887091.9541028,-6.0,-2.0,-33.0
1776887091.965103,0.0,-3.0,-38.0
1776887091.975103,7.0,1.0,-40.0
1776887091.9841027,8.0,0.0,-43.0
1776887091.9941027,12.0,3.0,-45.0
1776887092.0041027,9.0,4.0,-47.0
1776887092.0151026,8.0,0.0,-54.0
1776887092.0251029,7.0,-4.0,-46.0
1776887092.0351028,3.0,1.0,-46.0
1776887092.0451028,1.0,1.0,-45.0
1776887092.0551028,5.0,0.0,-44.0
1776887092.0651028,7.0,2.0,-37.0
1776887092.0751028,1.0,5.0,-31.0
1776887092.0851028,0.0,3.0,-38.0
1776887092.0951028,0.0,1.0,-31.0
1776887092.1051028,-5.0,-1.0,-30.0
1776887092.1151028,-1.0,0.0,-35.0
1776887092.1251028,-2.0,1.0,-41.0
1776887092.1351027,-6.0,2.0,-39.0
1776887092.1451027,-3.0,1.0,-43.0
1776887092.1551027,4.0,2.0,-37.0
1776887092.1651027,5.0,1.0,-29.0
1776887092.1751027,0.0,0.0,-39.0
1776887092.1851027,0.0,0.0,-42.0
1776887092.1951027,2.0,0.0,-37.0
1776887092.2051027,0.0,-4.0,-40.0
1776887092.215103,0.0,-8.0,-34.0
1776887092.225103,0.0,-3.0,-38.0
1776887092.235103,-1.0,-1.0,-36.0
1776887092.2451026,0.0,2.0,-36.0
1776887092.2551026,-4.0,3.0,-37.0
1776887092.2651026,-5.0,4.0,-40.0
1776887092.2751029,-2.0,4.0,-41.0
1776887092.2851028,-6.0,3.0,-47.0
1776887092.2951028,-5.0,0.0,-42.0
1776887092.3051028,-2.0,-6.0,-45.0
1776887092.3151028,-1.0,-4.0,-42.0
1776887092.3251028,1.0,-4.0,-40.0
1776887092.3351028,3.0,-4.0,-40.0
1776887092.3451028,5.0,-4.0,-35.0
1776887092.3551028,0.0,-2.0,-33.0
1776887092.3651028,0.0,-2.0,-28.0
1776887092.3751028,1.0,-4.0,-28.0
1776887092.3851027,3.0,-6.0,-29.0
1776887092.3951027,3.0,-1.0,-32.0
1776887092.4051027,0.0,1.0,-36.0
1776887092.4151027,2.0,4.0,-32.0
1776887092.4251027,0.0,3.0,-34.0
1776887092.4351027,2.0,1.0,-37.0
1776887092.4451027,-1.0,-5.0,-31.0
1776887092.4551027,-3.0,-6.0,-36.0
1776887092.465103,2.0,-1.0,-35.0
1776887092.475103,-2.0,0.0,-35.0
1776887092.485103,3.0,-2.0,-40.0
1776887092.4951026,3.0,-3.0,-42.0
1776887092.5051026,-1.0,-1.0,-49.0
1776887092.5151026,-3.0,0.0,-50.0
1776887092.5251029,-4.0,0.0,-47.0
1776887092.5351028,-2.0,-2.0,-46.0
1776887092.5451028,-2.0,0.0,-50.0
1776887092.5551028,0.0,2.0,-47.0
1776887092.5651028,2.0,4.0,-43.0
1776887092.5751028,0.0,6.0,-47.0
1776887092.5851028,1.0,6.0,-47.0
1776887092.5951028,1.0,3.0,-46.0
1776887092.6051028,1.0,4.0,-46.0
1776887092.6151028,1.0,3.0,-48.0
1776887092.6251028,0.0,-1.0,-43.0
1776887092.6351027,1.0,1.0,-47.0
1776887092.6451027,0.0,1.0,-46.0
1776887092.6551027,1.0,1.0,-43.0
1776887092.6651027,0.0,2.0,-44.0
1776887092.6751027,1.0,4.0,-39.0
1776887092.6851027,2.0,2.0,-40.0
1776887092.6951027,0.0,2.0,-41.0
1776887092.7051027,2.0,-1.0,-40.0
1776887092.715103,2.0,-2.0,-29.0
1776887092.725103,3.0,-4.0,-31.0
1776887092.735103,7.0,-5.0,-34.0
1776887092.7451026,6.0,-3.0,-33.0
1776887092.7551026,6.0,-6.0,-27.0
1776887092.7651026,10.0,-5.0,-34.0
1776887092.7751029,5.0,-5.0,-34.0
1776887092.7851028,2.0,-4.0,-40.0
1776887092.7951028,1.0,-2.0,-42.0
1776887092.8051028,3.0,1.0,-38.0
1776887092.8151028,1.0,2.0,-39.0
1776887092.8251028,-1.0,5.0,-42.0
1776887092.8351028,0.0,5.0,-37.0
1776887092.8451028,3.0,1.0,-34.0
1776887092.8551028,2.0,-2.0,-30.0
1776887092.8651028,5.0,-1.0,-30.0
1776887092.8751028,6.0,-2.0,-29.0
1776887092.886103,5.0,-3.0,-30.0
1776887092.8951027,4.0,-8.0,-28.0
1776887092.9051027,7.0,-5.0,-31.0
1776887092.9151027,8.0,-7.0,-35.0
1776887092.9251027,6.0,-8.0,-36.0
1776887092.9351027,6.0,-7.0,-35.0
1776887092.9451027,3.0,-9.0,-30.0
1776887092.9551027,3.0,-11.0,-33.0
1776887092.965103,0.0,-9.0,-36.0
1776887092.975103,1.0,-8.0,-35.0
1776887092.985103,-3.0,-7.0,-33.0
1776887092.9951026,-1.0,-8.0,-29.0
1776887093.0051026,3.0,-4.0,-31.0
1776887093.0151026,6.0,-5.0,-29.0
1776887093.0251029,5.0,-7.0,-34.0
1776887093.0351028,2.0,-8.0,-35.0
1776887093.0451028,1.0,-5.0,-34.0
1776887093.0551028,-2.0,-1.0,-34.0
1776887093.0651028,-3.0,0.0,-39.0
1776887093.0751028,-3.0,-2.0,-34.0
1776887093.0851028,-1.0,0.0,-34.0
1776887093.0951028,-3.0,3.0,-35.0
1776887093.1051028,1.0,0.0,-35.0
1776887093.1151028,2.0,-2.0,-35.0
1776887093.1251028,3.0,-2.0,-38.0
1776887093.1351027,8.0,-1.0,-37.0
1776887093.1451027,7.0,-2.0,-44.0
1776887093.1551027,5.0,0.0,-43.0
1776887093.1651027,5.0,-4.0,-37.0
1776887093.1751027,6.0,-3.0,-36.0
1776887093.1851027,5.0,-5.0,-35.0
1776887093.1951027,0.0,-6.0,-43.0
1776887093.2051027,0.0,-10.0,-47.0
1776887093.215103,-1.0,-9.0,-45.0
1776887093.225103,1.0,-10.0,-39.0
1776887093.235103,-1.0,-12.0,-40.0
1776887093.2451026,0.0,-6.0,-33.0
1776887093.2551026,-3.0,-3.0,-34.0
1776887093.2651026,-3.0,-1.0,-36.0
1776887093.2751029,-1.0,-3.0,-36.0
1776887093.2851028,0.0,-1.0,-31.0
1776887093.2951028,-3.0,1.0,-34.0
1776887093.3051028,0.0,0.0,-31.0
1776887093.3151028,0.0,-1.0,-28.0
1776887093.3251028,2.0,-5.0,-27.0
1776887093.3351028,4.0,-6.0,-27.0
1776887093.3451028,5.0,-4.0,-31.0
1776887093.3551028,2.0,-4.0,-36.0
1776887093.3651028,0.0,0.0,-40.0
1776887093.3751028,2.0,-4.0,-48.0
1776887093.3851027,4.0,-5.0,-48.0
1776887093.3951027,5.0,-8.0,-41.0
1776887093.4051027,3.0,-5.0,-39.0
1776887093.4151027,-1.0,-3.0,-38.0
1776887093.4251027,0.0,-1.0,-32.0
1776887093.4351027,3.0,-4.0,-30.0
1776887093.4451027,6.0,-5.0,-33.0
1776887093.4551027,3.0,0.0,-31.0
1776887093.465103,5.0,0.0,-35.0
1776887093.475103,2.0,0.0,-35.0
1776887093.485103,3.0,0.0,-33.0
1776887093.4951026,0.0,-4.0,-30.0
1776887093.5051026,3.0,-3.0,-23.0
1776887093.5151026,4.0,1.0,-26.0
1776887093.5251029,2.0,1.0,-31.0
1776887093.5351028,4.0,0.0,-33.0
1776887093.5451028,3.0,1.0,-34.0
1776887093.5551028,1.0,-1.0,-32.0
1776887093.5651028,-4.0,-3.0,-33.0
1776887093.5751028,-1.0,0.0,-33.0
1776887093.5851028,-3.0,0.0,-33.0
1776887093.5951028,-3.0,0.0,-29.0
1776887093.6051028,-1.0,0.0,-28.0
1776887093.6151028,-4.0,1.0,-32.0
1776887093.6251028,-2.0,0.0,-24.0
1776887093.6351027,5.0,4.0,-22.0
1776887093.6451027,1.0,2.0,-24.0
1776887093.6551027,0.0,-1.0,-30.0
1776887093.6651027,2.0,0.0,-27.0
1776887093.6751027,5.0,-1.0,-35.0
1776887093.6851027,5.0,1.0,-40.0
1776887093.6951027,1.0,1.0,-42.0
1776887093.7051027,-2.0,3.0,-41.0
1776887093.715103,-1.0,2.0,-42.0
1776887093.725103,2.0,-2.0,-52.0
1776887093.735103,2.0,-3.0,-49.0
1776887093.7451026,5.0,-4.0,-53.0
1776887093.7551026,4.0,-4.0,-48.0
1776887093.7651026,2.0,-9.0,-45.0
1776887093.7751029,1.0,-13.0,-40.0
1776887093.7851028,2.0,-13.0,-43.0
1776887093.7951028,2.0,-9.0,-40.0
1776887093.8051028,5.0,-6.0,-38.0
1776887093.8151028,7.0,0.0,-41.0
1776887093.8251028,10.0,-4.0,-42.0
1776887093.8351028,6.0,-3.0,-40.0
1776887093.8451028,8.0,-1.0,-42.0
1776887093.8551028,8.0,-2.0,-42.0
1776887093.8651028,9.0,-4.0,-40.0
1776887093.8751028,8.0,-5.0,-42.0
1776887093.8851027,8.0,-5.0,-39.0
1776887093.8951027,2.0,-8.0,-38.0
1776887093.9051027,-7.0,-9.0,-39.0
1776887093.9151027,-5.0,-7.0,-40.0
1776887093.9251027,-3.0,-8.0,-42.0
1776887093.9351027,-4.0,-12.0,-41.0
1776887093.9451027,-3.0,-6.0,-37.0
1776887093.9561028,1.0,-5.0,-39.0
1776887093.965103,2.0,-6.0,-35.0
1776887093.9761028,5.0,-9.0,-35.0
1776887093.9861028,1.0,-10.0,-35.0
1776887093.9961028,0.0,-12.0,-37.0
1776887094.0061028,0.0,-13.0,-39.0
1776887094.0161028,-4.0,-12.0,-43.0
1776887094.0261028,-5.0,-8.0,-43.0
1776887094.0361028,-4.0,-4.0,-34.0
1776887094.0461028,0.0,0.0,-34.0
1776887094.0561028,-3.0,-2.0,-31.0
1776887094.0661027,-6.0,1.0,-34.0
1776887094.0761027,-6.0,5.0,-36.0
1776887094.0861027,-5.0,2.0,-38.0
1776887094.0961027,-7.0,4.0,-36.0
1776887094.1061027,-5.0,5.0,-31.0
1776887094.1161027,-4.0,7.0,-38.0
1776887094.1261027,0.0,6.0,-37.0
1776887094.136103,-2.0,4.0,-36.0
1776887094.146103,-6.0,4.0,-38.0
1776887094.156103,-5.0,3.0,-36.0
1776887094.1661026,-4.0,3.0,-37.0
1776887094.1761026,1.0,3.0,-37.0
1776887094.1861026,2.0,1.0,-40.0
1776887094.1961029,4.0,0.0,-42.0
1776887094.2061028,7.0,-7.0,-40.0
1776887094.2161028,5.0,-7.0,-40.0
1776887094.2261028,7.0,-2.0,-40.0
1776887094.2361028,11.0,1.0,-41.0
1776887094.2461028,14.0,0.0,-40.0
1776887094.2561028,6.0,-4.0,-32.0
1776887094.2661028,4.0,-2.0,-32.0
1776887094.2761028,0.0,-4.0,-41.0
1776887094.2861028,2.0,-8.0,-46.0
1776887094.2961028,3.0,-10.0,-47.0
1776887094.3061028,0.0,-7.0,-52.0
1776887094.3161027,-2.0,-4.0,-48.0
1776887094.3261027,1.0,-5.0,-44.0
1776887094.3361027,-1.0,-6.0,-39.0
1776887094.3461027,-5.0,-2.0,-39.0
1776887094.3561027,-1.0,0.0,-46.0
1776887094.3661027,-2.0,0.0,-47.0
1776887094.3761027,-5.0,-6.0,-43.0
1776887094.386103,-8.0,-4.0,-40.0
1776887094.396103,-5.0,-2.0,-38.0
1776887094.406103,-5.0,-3.0,-39.0
1776887094.4161026,-4.0,-5.0,-38.0
1776887094.4261026,-2.0,-2.0,-30.0
1776887094.4361026,0.0,0.0,-29.0
1776887094.4461029,0.0,0.0,-32.0
1776887094.4561028,0.0,-1.0,-36.0
1776887094.4661028,0.0,-3.0,-32.0
1776887094.4761028,-4.0,-7.0,-37.0
1776887094.4861028,-9.0,-8.0,-29.0
1776887094.4961028,-9.0,-11.0,-26.0
1776887094.5061028,-9.0,-4.0,-27.0
1776887094.5161028,-5.0,-4.0,-21.0
1776887094.5261028,-1.0,-6.0,-20.0
1776887094.5361028,-3.0,-9.0,-24.0
1776887094.5461028,1.0,-5.0,-28.0
1776887094.5561028,6.0,-5.0,-27.0
1776887094.5661027,10.0,-2.0,-33.0
1776887094.5761027,9.0,0.0,-28.0
1776887094.5861027,3.0,3.0,-25.0
1776887094.5961027,0.0,1.0,-27.0
1776887094.6061027,3.0,1.0,-27.0
1776887094.6161027,3.0,1.0,-33.0
1776887094.6261027,6.0,-4.0,-34.0
1776887094.636103,9.0,-8.0,-38.0
1776887094.646103,5.0,-8.0,-46.0
1776887094.656103,3.0,-7.0,-53.0
1776887094.6661026,-1.0,-10.0,-57.0
1776887094.6761026,0.0,-7.0,-49.0
1776887094.6861026,-1.0,-4.0,-44.0
1776887094.6961029,-2.0,-3.0,-47.0
1776887094.7061028,-6.0,-4.0,-44.0
1776887094.7161028,-6.0,-5.0,-42.0
1776887094.7261028,-1.0,-5.0,-39.0
1776887094.7361028,1.0,-2.0,-32.0
1776887094.7461028,4.0,-2.0,-34.0
1776887094.7561028,2.0,0.0,-41.0
1776887094.7661028,-1.0,1.0,-36.0
1776887094.7761028,-2.0,0.0,-38.0
1776887094.7861028,-1.0,-2.0,-40.0
1776887094.7961028,0.0,-4.0,-33.0
1776887094.8061028,4.0,-4.0,-27.0
1776887094.8161027,3.0,-1.0,-27.0
1776887094.8261027,4.0,4.0,-28.0
1776887094.8361027,1.0,5.0,-30.0
1776887094.8461027,-1.0,0.0,-36.0
1776887094.8561027,-1.0,0.0,-35.0
1776887094.8661027,-3.0,-5.0,-36.0
1776887094.8761027,-1.0,-6.0,-37.0
1776887094.886103,-2.0,-5.0,-29.0
1776887094.896103,1.0,-2.0,-23.0
1776887094.906103,3.0,0.0,-28.0
1776887094.9161026,0.0,0.0,-37.0
1776887094.9261026,0.0,-6.0,-39.0
1776887094.9361026,1.0,-5.0,-43.0
1776887094.9461029,0.0,-2.0,-47.0
1776887094.9561028,0.0,-5.0,-47.0
1776887094.9661028,-3.0,-5.0,-40.0
1776887094.9761028,-4.0,-3.0,-35.0
1776887094.9861028,-4.0,0.0,-32.0
1776887094.9961028,-5.0,3.0,-35.0
1776887095.0061028,0.0,1.0,-31.0
1776887095.0161028,2.0,0.0,-25.0
1776887095.0261028,0.0,1.0,-28.0
1776887095.0361028,1.0,1.0,-25.0
1776887095.0461028,0.0,0.0,-29.0
1776887095.0561028,2.0,-2.0,-31.0
1776887095.0661027,0.0,-1.0,-42.0
1776887095.0761027,-4.0,0.0,-45.0
1776887095.0861027,-3.0,0.0,-44.0
1776887095.0961027,-4.0,-1.0,-37.0
1776887095.1061027,0.0,-4.0,-35.0
1776887095.1161027,-1.0,-1.0,-33.0
1776887095.1261027,-4.0,0.0,-30.0
1776887095.136103,-6.0,-1.0,-33.0
1776887095.146103,-6.0,1.0,-38.0
1776887095.156103,-6.0,0.0,-39.0
1776887095.1661026,-7.0,5.0,-37.0
1776887095.1761026,-7.0,2.0,-42.0
1776887095.1861026,-11.0,1.0,-44.0
1776887095.1961029,-10.0,-2.0,-44.0
1776887095.2061028,-7.0,-2.0,-46.0
1776887095.2161028,-4.0,-4.0,-45.0
1776887095.2261028,-2.0,-6.0,-44.0
1776887095.2361028,-2.0,-7.0,-35.0
1776887095.2461028,2.0,-9.0,-35.0
1776887095.2561028,5.0,-9.0,-31.0
1776887095.2661028,0.0,-13.0,-26.0
1776887095.2761028,2.0,-9.0,-28.0
1776887095.2861028,4.0,-11.0,-36.0
1776887095.2961028,5.0,-8.0,-36.0
1776887095.3061028,4.0,-4.0,-37.0
1776887095.3161027,5.0,-2.0,-40.0
1776887095.3261027,4.0,-2.0,-42.0
1776887095.3361027,5.0,-6.0,-43.0
1776887095.3461027,7.0,-9.0,-45.0
1776887095.3561027,3.0,-11.0,-42.0
1776887095.3661027,1.0,-10.0,-41.0
1776887095.3761027,-1.0,-9.0,-40.0
1776887095.386103,-2.0,-8.0,-39.0
1776887095.396103,-2.0,-8.0,-33.0
1776887095.406103,-5.0,-7.0,-34.0
1776887095.4161026,-4.0,-4.0,-31.0
1776887095.4261026,-2.0,-5.0,-36.0
1776887095.4361026,-5.0,0.0,-41.0
1776887095.4461029,-2.0,0.0,-38.0
1776887095.4561028,-4.0,1.0,-42.0
1776887095.4661028,-4.0,1.0,-39.0
1776887095.4761028,4.0,0.0,-37.0
1776887095.4861028,-3.0,1.0,-32.0
1776887095.4961028,-5.0,0.0,-42.0
1776887095.5061028,-3.0,0.0,-42.0
1776887095.5161028,-1.0,0.0,-37.0
1776887095.5261028,4.0,0.0,-39.0
1776887095.5361028,1.0,-1.0,-37.0
1776887095.5461028,-1.0,-3.0,-35.0
1776887095.5561028,-1.0,-4.0,-31.0
1776887095.5661027,3.0,-3.0,-25.0
1776887095.5761027,1.0,-5.0,-28.0
1776887095.5861027,-1.0,-4.0,-34.0
1776887095.5961027,0.0,-3.0,-31.0
1776887095.6061027,0.0,-3.0,-34.0
1776887095.6161027,0.0,-3.0,-38.0
1776887095.6261027,0.0,0.0,-46.0
1776887095.636103,-4.0,1.0,-46.0
1776887095.646103,-1.0,-1.0,-42.0
1776887095.656103,-4.0,-3.0,-37.0
1776887095.6661026,-5.0,-3.0,-42.0
1776887095.6761026,-7.0,-4.0,-38.0
1776887095.6861026,-9.0,-3.0,-34.0
1776887095.6961029,-1.0,0.0,-36.0
1776887095.7061028,5.0,1.0,-37.0
1776887095.7161028,6.0,1.0,-35.0
1776887095.7261028,6.0,-3.0,-36.0
1776887095.7361028,3.0,-8.0,-37.0
1776887095.7461028,2.0,-8.0,-31.0
1776887095.7561028,0.0,-3.0,-31.0
1776887095.7661028,2.0,-4.0,-34.0
1776887095.7761028,0.0,-3.0,-36.0
1776887095.7861028,2.0,1.0,-32.0
1776887095.7961028,0.0,2.0,-29.0
1776887095.8061028,1.0,5.0,-25.0
1776887095.8161027,2.0,2.0,-25.0
1776887095.8261027,3.0,1.0,-22.0
1776887095.8361027,5.0,-4.0,-25.0
1776887095.8461027,-1.0,0.0,-30.0
1776887095.8561027,0.0,-1.0,-37.0
1776887095.8661027,7.0,-5.0,-34.0
1776887095.8761027,5.0,-4.0,-36.0
1776887095.886103,3.0,-5.0,-38.0
1776887095.896103,8.0,-8.0,-32.0
1776887095.906103,9.0,-7.0,-33.0
1776887095.9161026,7.0,-3.0,-33.0
1776887095.9261026,8.0,0.0,-33.0
1776887095.9361026,4.0,3.0,-39.0
1776887095.9461029,6.0,1.0,-36.0
1776887095.9571028,6.0,0.0,-38.0
1776887095.9661028,7.0,-1.0,-34.0
1776887095.9771028,9.0,3.0,-37.0
1776887095.9871027,10.0,2.0,-35.0
1776887095.9971027,12.0,0.0,-38.0
1776887096.0071027,6.0,-1.0,-40.0
1776887096.0171027,7.0,-4.0,-38.0
1776887096.0271027,6.0,-3.0,-38.0
1776887096.0371027,8.0,0.0,-36.0
1776887096.0471027,0.0,1.0,-34.0
1776887096.057103,-1.0,1.0,-33.0
1776887096.067103,-4.0,3.0,-38.0
1776887096.077103,-1.0,1.0,-44.0
1776887096.087103,-1.0,0.0,-52.0
1776887096.0971026,-1.0,0.0,-51.0
1776887096.1071026,-1.0,-3.0,-41.0
1776887096.1171026,0.0,-2.0,-44.0
1776887096.1271029,-2.0,-4.0,-39.0
1776887096.1371028,0.0,-3.0,-38.0
1776887096.1471028,0.0,0.0,-28.0
1776887096.1571028,0.0,0.0,-29.0
1776887096.1671028,-1.0,-1.0,-30.0
1776887096.1771028,0.0,0.0,-31.0
1776887096.1871028,-1.0,3.0,-30.0
1776887096.1971028,-4.0,4.0,-24.0
1776887096.2071028,-6.0,3.0,-28.0
1776887096.2171028,-9.0,0.0,-27.0
1776887096.2271028,-9.0,-1.0,-31.0
1776887096.2371027,-7.0,0.0,-36.0
1776887096.2471027,-3.0,2.0,-42.0
1776887096.2571027,-6.0,0.0,-43.0
1776887096.2671027,-10.0,-4.0,-37.0
1776887096.2771027,-10.0,-6.0,-40.0
1776887096.2871027,-9.0,-8.0,-36.0
1776887096.2971027,-7.0,-6.0,-31.0
1776887096.307103,-6.0,-3.0,-22.0
1776887096.317103,-5.0,-2.0,-25.0
1776887096.327103,-5.0,-1.0,-29.0
1776887096.337103,-4.0,0.0,-37.0
1776887096.3471026,-3.0,0.0,-44.0
1776887096.3571026,0.0,-2.0,-41.0
1776887096.3671026,0.0,0.0,-37.0
1776887096.3771029,0.0,1.0,-39.0
1776887096.3871028,2.0,0.0,-44.0
1776887096.3971028,7.0,3.0,-44.0
1776887096.4071028,3.0,3.0,-51.0
1776887096.4171028,1.0,4.0,-43.0
1776887096.4271028,0.0,2.0,-31.0
1776887096.4371028,2.0,0.0,-31.0
1776887096.4471028,1.0,-4.0,-33.0
1776887096.4571028,4.0,-1.0,-42.0
1776887096.4671028,2.0,1.0,-36.0
1776887096.4771028,2.0,0.0,-37.0
1776887096.4871027,-2.0,0.0,-36.0
1776887096.4971027,-2.0,-1.0,-36.0
1776887096.5071027,-3.0,-1.0,-40.0
1776887096.5171027,-3.0,-3.0,-43.0
1776887096.5271027,-2.0,-4.0,-45.0
1776887096.5371027,-4.0,-3.0,-40.0
1776887096.5471027,-4.0,0.0,-48.0
1776887096.557103,-2.0,5.0,-47.0
1776887096.567103,-1.0,1.0,-40.0
1776887096.577103,0.0,-2.0,-42.0
1776887096.587103,-2.0,-4.0,-45.0
1776887096.5971026,0.0,-6.0,-46.0
1776887096.6071026,0.0,-6.0,-41.0
1776887096.6171026,3.0,-7.0,-41.0
1776887096.6271029,3.0,-4.0,-38.0
1776887096.6371028,2.0,-4.0,-42.0
1776887096.6471028,1.0,-3.0,-33.0
1776887096.6571028,5.0,-6.0,-22.0
1776887096.6671028,4.0,-8.0,-32.0
1776887096.6771028,1.0,-6.0,-38.0
1776887096.6871028,-1.0,-6.0,-34.0
1776887096.6971028,-3.0,-8.0,-29.0
1776887096.7071028,-5.0,-5.0,-29.0
1776887096.7171028,-6.0,-5.0,-28.0
1776887096.7271028,-3.0,-5.0,-29.0
1776887096.7371027,0.0,-3.0,-21.0
1776887096.7471027,-3.0,-6.0,-25.0
1776887096.7571027,0.0,-4.0,-31.0
1776887096.7671027,0.0,-5.0,-31.0
1776887096.7771027,-2.0,-1.0,-30.0
1776887096.7871027,-4.0,-5.0,-30.0
1776887096.7971027,-2.0,-2.0,-28.0
1776887096.807103,-5.0,-2.0,-24.0
1776887096.817103,-6.0,0.0,-24.0
1776887096.827103,-4.0,0.0,-27.0
1776887096.837103,-4.0,-1.0,-24.0
1776887096.8471026,0.0,-2.0,-24.0
1776887096.8571026,0.0,0.0,-30.0
1776887096.8671026,0.0,2.0,-31.0
1776887096.8771029,1.0,-2.0,-32.0
1776887096.8871028,0.0,-1.0,-34.0
1776887096.8971028,0.0,-2.0,-39.0
1776887096.9071028,0.0,-4.0,-38.0
1776887096.9171028,1.0,-8.0,-41.0
1776887096.9271028,6.0,-9.0,-41.0
1776887096.9371028,7.0,-12.0,-43.0
1776887096.9471028,3.0,-8.0,-47.0
1776887096.9571028,0.0,-8.0,-42.0
1776887096.9671028,0.0,-7.0,-37.0
1776887096.9771028,0.0,-3.0,-36.0
1776887096.9871027,-1.0,-3.0,-35.0
1776887096.9971027,2.0,-3.0,-36.0
1776887097.0071027,0.0,-9.0,-31.0
1776887097.0171027,2.0,-9.0,-34.0
1776887097.0271027,5.0,-5.0,-34.0
1776887097.0371027,0.0,-1.0,-36.0
1776887097.0471027,-4.0,-3.0,-35.0
1776887097.057103,-2.0,-4.0,-36.0
1776887097.067103,-2.0,-2.0,-37.0
1776887097.077103,1.0,-1.0,-31.0
1776887097.087103,2.0,-3.0,-24.0
1776887097.0971026,2.0,-4.0,-22.0
1776887097.1071026,6.0,-6.0,-31.0
1776887097.1171026,1.0,0.0,-35.0
1776887097.1271029,0.0,-2.0,-37.0
1776887097.1371028,0.0,-1.0,-39.0
1776887097.1471028,-2.0,-3.0,-36.0
1776887097.1571028,2.0,-4.0,-43.0
1776887097.1671028,2.0,-3.0,-38.0
1776887097.1771028,4.0,-7.0,-42.0
1776887097.1871028,3.0,-6.0,-41.0
1776887097.1971028,3.0,-6.0,-43.0
1776887097.2071028,3.0,-7.0,-40.0
1776887097.2171028,0.0,-6.0,-38.0
1776887097.2271028,0.0,-8.0,-44.0
1776887097.2371027,0.0,-9.0,-42.0
1776887097.2471027,2.0,-6.0,-44.0
1776887097.2571027,0.0,-4.0,-50.0
1776887097.2671027,0.0,-1.0,-47.0
1776887097.2771027,0.0,2.0,-51.0
1776887097.2871027,-4.0,5.0,-39.0
1776887097.2971027,-2.0,3.0,-36.0
1776887097.307103,-3.0,-1.0,-37.0
1776887097.317103,0.0,-4.0,-35.0
1776887097.327103,11.0,-5.0,-33.0
1776887097.337103,10.0,-2.0,-36.0
1776887097.3471026,8.0,1.0,-36.0
1776887097.3571026,6.0,-5.0,-35.0
1776887097.3671026,5.0,-5.0,-30.0
1776887097.3781028,2.0,-6.0,-32.0
1776887097.3871028,5.0,-6.0,-38.0
1776887097.3971028,3.0,-4.0,-37.0
1776887097.4071028,7.0,-5.0,-38.0
1776887097.4171028,11.0,-3.0,-35.0
1776887097.4271028,4.0,-1.0,-39.0
1776887097.4371028,-1.0,-6.0,-36.0
1776887097.4471028,0.0,-6.0,-41.0
1776887097.4571028,0.0,-4.0,-39.0
1776887097.4671028,0.0,-1.0,-38.0
1776887097.4771028,0.0,0.0,-36.0
1776887097.4871027,0.0,-1.0,-33.0
1776887097.4971027,-1.0,-4.0,-41.0
1776887097.5071027,-4.0,-5.0,-42.0
1776887097.5171027,-6.0,-9.0,-44.0
1776887097.5271027,-4.0,-8.0,-36.0
1776887097.5371027,-3.0,-4.0,-42.0
1776887097.5471027,-3.0,-3.0,-38.0
1776887097.557103,-6.0,0.0,-33.0
1776887097.567103,-3.0,-1.0,-32.0
1776887097.577103,0.0,-6.0,-33.0
1776887097.587103,3.0,-5.0,-35.0
1776887097.5971026,4.0,-7.0,-39.0
1776887097.6071026,5.0,-7.0,-33.0
1776887097.6171026,9.0,-2.0,-34.0
1776887097.6271029,11.0,3.0,-35.0
1776887097.6371028,8.0,2.0,-39.0
1776887097.6471028,5.0,7.0,-43.0
1776887097.6571028,2.0,3.0,-32.0
1776887097.6671028,1.0,2.0,-25.0
1776887097.6771028,0.0,2.0,-22.0
1776887097.6871028,3.0,4.0,-25.0
1776887097.6971028,1.0,6.0,-31.0
1776887097.7071028,2.0,2.0,-34.0
1776887097.7171028,2.0,0.0,-35.0
1776887097.7271028,5.0,0.0,-34.0
1776887097.7371027,6.0,0.0,-38.0
1776887097.7471027,3.0,-1.0,-35.0
1776887097.7571027,2.0,-1.0,-32.0
1776887097.7671027,3.0,1.0,-32.0
1776887097.7771027,5.0,-1.0,-33.0
1776887097.7871027,11.0,-2.0,-27.0
1776887097.7971027,5.0,-5.0,-23.0
1776887097.807103,8.0,-5.0,-21.0
1776887097.817103,4.0,-5.0,-25.0
1776887097.827103,3.0,-9.0,-24.0
1776887097.837103,5.0,-6.0,-32.0
1776887097.8471026,2.0,-8.0,-31.0
1776887097.8571026,2.0,-10.0,-31.0
1776887097.8671026,1.0,-9.0,-34.0
1776887097.8771029,0.0,-4.0,-33.0
1776887097.8871028,0.0,-4.0,-39.0
1776887097.8971028,-2.0,-1.0,-42.0
1776887097.9071028,-2.0,-3.0,-45.0
1776887097.9171028,-3.0,-3.0,-41.0
1776887097.9271028,-1.0,-3.0,-35.0
1776887097.9371028,1.0,-1.0,-31.0
1776887097.9471028,6.0,-1.0,-29.0
1776887097.9571028,8.0,2.0,-26.0
1776887097.9671028,8.0,2.0,-28.0
1776887097.9781027,5.0,3.0,-39.0
1776887097.988103,-2.0,0.0,-41.0
1776887097.998103,-6.0,-4.0,-37.0
1776887098.008103,-6.0,-2.0,-37.0
1776887098.0181026,-4.0,0.0,-35.0
1776887098.0281026,0.0,0.0,-39.0
1776887098.0381026,0.0,-2.0,-37.0
1776887098.0481029,-3.0,0.0,-37.0
1776887098.0581028,0.0,0.0,-36.0
1776887098.0681028,1.0,1.0,-36.0
1776887098.0781028,-1.0,1.0,-38.0
1776887098.0881028,1.0,0.0,-45.0
1776887098.0981028,1.0,0.0,-49.0
1776887098.1081028,3.0,-3.0,-51.0
1776887098.1181028,2.0,-4.0,-48.0
1776887098.1281028,8.0,-3.0,-55.0
1776887098.1381028,8.0,-4.0,-52.0
1776887098.1481028,5.0,-2.0,-51.0
1776887098.1581028,8.0,0.0,-49.0
1776887098.1681027,6.0,-1.0,-50.0
1776887098.1781027,6.0,-2.0,-47.0
1776887098.1881027,9.0,-3.0,-43.0
1776887098.1981027,3.0,2.0,-38.0
1776887098.2081027,-2.0,2.0,-34.0
1776887098.2181027,-4.0,1.0,-38.0
1776887098.2281027,-2.0,-1.0,-46.0
1776887098.238103,-2.0,-2.0,-41.0
1776887098.248103,0.0,0.0,-43.0
1776887098.258103,1.0,1.0,-44.0
1776887098.2681026,4.0,3.0,-51.0
1776887098.2781026,8.0,2.0,-51.0
1776887098.2881026,14.0,0.0,-48.0
1776887098.2981029,6.0,-1.0,-43.0
1776887098.3081028,5.0,-1.0,-42.0
1776887098.3181028,6.0,-4.0,-39.0
1776887098.3281028,5.0,-1.0,-35.0
1776887098.3381028,3.0,-2.0,-28.0
1776887098.3481028,5.0,-5.0,-30.0
1776887098.3581028,3.0,-5.0,-30.0
1776887098.3681028,1.0,-4.0,-35.0
1776887098.3781028,1.0,-4.0,-32.0
1776887098.3881028,-3.0,-3.0,-30.0
1776887098.3981028,-4.0,0.0,-31.0
1776887098.4081028,0.0,-3.0,-31.0
1776887098.4181027,2.0,0.0,-31.0
1776887098.4281027,0.0,0.0,-33.0
1776887098.4381027,-3.0,0.0,-40.0
1776887098.4481027,-6.0,0.0,-41.0
1776887098.4581027,-4.0,-1.0,-37.0
1776887098.4681027,-1.0,1.0,-42.0
1776887098.4781027,-7.0,1.0,-48.0
1776887098.488103,-2.0,1.0,-46.0
1776887098.498103,-3.0,2.0,-45.0
1776887098.508103,-3.0,2.0,-42.0
1776887098.5181026,-7.0,2.0,-32.0
1776887098.5281026,0.0,0.0,-29.0
1776887098.5381026,-1.0,-1.0,-36.0
1776887098.5481029,1.0,-2.0,-39.0
1776887098.5581028,6.0,-1.0,-43.0
1776887098.5681028,7.0,1.0,-37.0
1776887098.5781028,3.0,2.0,-36.0
1776887098.5881028,4.0,5.0,-39.0
1776887098.5981028,0.0,4.0,-30.0
1776887098.6081028,0.0,-2.0,-30.0
1776887098.6181028,1.0,-6.0,-34.0
1776887098.6281028,1.0,-5.0,-42.0
1776887098.6381028,0.0,-8.0,-44.0
1776887098.6481028,-3.0,-6.0,-46.0
1776887098.6581028,-8.0,-6.0,-42.0
1776887098.6681027,-5.0,-4.0,-46.0
1776887098.6781027,-3.0,-3.0,-48.0
1776887098.6881027,-1.0,-3.0,-47.0
1776887098.6981027,-4.0,-6.0,-47.0
1776887098.7081027,0.0,-7.0,-42.0
1776887098.7181027,-1.0,0.0,-40.0
1776887098.7281027,-2.0,2.0,-40.0
1776887098.738103,-1.0,0.0,-42.0
1776887098.748103,-4.0,-2.0,-43.0
1776887098.758103,0.0,-2.0,-46.0
1776887098.7681026,2.0,0.0,-44.0
1776887098.7781026,0.0,1.0,-47.0
1776887098.7881026,1.0,-1.0,-47.0
1776887098.7981029,0.0,0.0,-46.0
1776887098.8081028,0.0,-1.0,-39.0
1776887098.8181028,-1.0,-3.0,-29.0
1776887098.8281028,-3.0,1.0,-29.0
1776887098.8381028,-6.0,2.0,-32.0
1776887098.8481028,-2.0,-2.0,-35.0
1776887098.8581028,0.0,-7.0,-33.0
1776887098.8681028,0.0,-2.0,-32.0
1776887098.8781028,-5.0,0.0,-32.0
1776887098.8881028,-5.0,0.0,-26.0
1776887098.8981028,0.0,-1.0,-23.0
1776887098.9081028,1.0,-3.0,-33.0
1776887098.9181027,0.0,-4.0,-29.0
1776887098.9281027,-1.0,0.0,-30.0
1776887098.9381027,2.0,-2.0,-29.0
1776887098.9481027,0.0,0.0,-38.0
1776887098.9581027,2.0,2.0,-43.0
1776887098.9681027,4.0,3.0,-48.0
1776887098.9781027,3.0,0.0,-41.0
1776887098.988103,1.0,1.0,-37.0
1776887098.998103,0.0,0.0,-38.0
1776887099.008103,6.0,-6.0,-36.0
1776887099.0181026,7.0,-4.0,-38.0
1776887099.0281026,3.0,0.0,-33.0
1776887099.0381026,5.0,0.0,-35.0
1776887099.0481029,3.0,0.0,-34.0
1776887099.0581028,4.0,-1.0,-34.0
1776887099.0681028,5.0,-5.0,-37.0
1776887099.0781028,1.0,-7.0,-39.0
1776887099.0881028,1.0,-5.0,-33.0
1776887099.0981028,6.0,-8.0,-38.0
1776887099.1081028,2.0,-4.0,-46.0
1776887099.1181028,3.0,-1.0,-48.0
1776887099.1281028,5.0,-1.0,-44.0
1776887099.1381028,7.0,-2.0,-38.0
1776887099.1481028,4.0,-1.0,-38.0
1776887099.1581028,2.0,2.0,-37.0
1776887099.1681027,-1.0,0.0,-41.0
1776887099.1781027,-3.0,-2.0,-33.0
1776887099.1881027,0.0,1.0,-34.0
1776887099.1981027,5.0,2.0,-36.0
1776887099.2081027,8.0,4.0,-37.0
1776887099.2181027,5.0,2.0,-36.0
1776887099.2281027,5.0,6.0,-37.0
1776887099.238103,3.0,8.0,-43.0
1776887099.248103,2.0,2.0,-42.0
1776887099.258103,2.0,1.0,-47.0
1776887099.2681026,2.0,0.0,-47.0
1776887099.2781026,0.0,0.0,-44.0
1776887099.2881026,0.0,1.0,-41.0
1776887099.2981029,2.0,1.0,-42.0
1776887099.3081028,2.0,-1.0,-38.0
1776887099.3181028,0.0,-4.0,-39.0
1776887099.3281028,-2.0,-6.0,-38.0
1776887099.3381028,-3.0,-10.0,-41.0
1776887099.3481028,1.0,-6.0,-44.0
1776887099.3581028,0.0,-3.0,-40.0
1776887099.3681028,2.0,-4.0,-42.0
1776887099.3781028,2.0,-4.0,-43.0
1776887099.3881028,4.0,-1.0,-49.0
1776887099.3981028,2.0,-3.0,-42.0
1776887099.4081028,4.0,0.0,-44.0
1776887099.4181027,0.0,-1.0,-49.0
1776887099.4281027,-5.0,-5.0,-53.0
1776887099.4381027,-5.0,-3.0,-50.0
1776887099.4481027,-6.0,-5.0,-48.0
1776887099.4581027,-3.0,-1.0,-50.0
1776887099.4681027,0.0,-1.0,-48.0
1776887099.4781027,-4.0,-1.0,-40.0
1776887099.488103,0.0,0.0,-44.0
1776887099.498103,0.0,3.0,-48.0
1776887099.508103,3.0,3.0,-44.0
1776887099.5181026,3.0,5.0,-37.0
1776887099.5281026,7.0,6.0,-40.0
1776887099.5381026,7.0,7.0,-43.0
1776887099.5481029,4.0,11.0,-37.0
1776887099.5581028,3.0,6.0,-36.0
1776887099.5681028,6.0,1.0,-35.0
1776887099.5781028,5.0,4.0,-31.0
1776887099.5881028,6.0,5.0,-31.0
1776887099.5981028,1.0,5.0,-31.0
1776887099.6081028,0.0,4.0,-22.0
1776887099.6181028,-1.0,3.0,-30.0
1776887099.6281028,0.0,0.0,-28.0
1776887099.6381028,0.0,0.0,-33.0
1776887099.6481028,0.0,-3.0,-37.0
1776887099.6581028,0.0,-6.0,-37.0
1776887099.6681027,-2.0,-7.0,-35.0
1776887099.6781027,1.0,-6.0,-37.0
1776887099.6881027,2.0,-8.0,-42.0
1776887099.6981027,5.0,-5.0,-39.0
1776887099.7081027,8.0,-3.0,-44.0
1776887099.7181027,9.0,-3.0,-45.0
1776887099.7281027,7.0,-2.0,-43.0
1776887099.738103,4.0,-6.0,-44.0
1776887099.748103,0.0,-9.0,-45.0
1776887099.758103,-1.0,-8.0,-47.0
1776887099.7681026,-4.0,-7.0,-39.0
1776887099.7781026,-5.0,-9.0,-38.0
1776887099.7881026,-3.0,-13.0,-39.0
1776887099.7981029,0.0,-12.0,-36.0
1776887099.8081028,1.0,-12.0,-39.0
1776887099.8181028,3.0,-8.0,-39.0
1776887099.8281028,3.0,-6.0,-43.0
1776887099.8381028,-3.0,-6.0,-36.0
1776887099.8481028,-4.0,-7.0,-39.0
1776887099.8581028,-1.0,-5.0,-35.0
1776887099.8681028,-3.0,-3.0,-41.0
1776887099.8781028,-4.0,0.0,-41.0
1776887099.8881028,-8.0,-2.0,-45.0
1776887099.8981028,-6.0,-4.0,-48.0
1776887099.9081028,-6.0,-6.0,-45.0
1776887099.9181027,-5.0,-6.0,-43.0
1776887099.9281027,-2.0,-4.0,-39.0
1776887099.9381027,1.0,-2.0,-35.0
1776887099.9481027,4.0,0.0,-44.0
1776887099.9581027,0.0,-1.0,-44.0
1776887099.9681027,6.0,-4.0,-47.0
1776887099.9781027,7.0,-5.0,-46.0
1776887099.988103,6.0,-7.0,-45.0
1776887099.9991028,5.0,-8.0,-41.0
1776887100.008103,5.0,-6.0,-43.0
1776887100.0191028,7.0,-7.0,-36.0
1776887100.0291028,4.0,-5.0,-39.0
1776887100.0391028,4.0,-5.0,-39.0
1776887100.0491028,8.0,-6.0,-29.0
1776887100.0591028,9.0,-4.0,-28.0
1776887100.0691028,10.0,-3.0,-30.0
1776887100.0791028,5.0,-5.0,-33.0
1776887100.0891027,1.0,-3.0,-40.0
1776887100.0991027,0.0,0.0,-37.0
1776887100.1091027,1.0,0.0,-32.0
1776887100.1191027,2.0,4.0,-29.0
1776887100.1291027,-2.0,0.0,-34.0
1776887100.1391027,-2.0,0.0,-34.0
1776887100.1491027,5.0,0.0,-33.0
1776887100.159103,2.0,1.0,-34.0
1776887100.169103,2.0,-2.0,-35.0
1776887100.179103,7.0,-1.0,-38.0
1776887100.1891026,4.0,2.0,-35.0
1776887100.1991026,1.0,0.0,-37.0
1776887100.2091026,1.0,0.0,-35.0
1776887100.2191026,3.0,0.0,-39.0
1776887100.2291028,-2.0,0.0,-45.0
1776887100.2391028,-3.0,-1.0,-40.0
1776887100.2491028,1.0,-3.0,-37.0
1776887100.2591028,4.0,-2.0,-39.0
1776887100.2691028,2.0,0.0,-42.0
1776887100.2791028,1.0,0.0,-46.0
1776887100.2891028,2.0,2.0,-48.0
1776887100.2991028,0.0,0.0,-49.0
1776887100.3091028,2.0,-3.0,-45.0
1776887100.3191028,4.0,-4.0,-49.0
1776887100.3291028,3.0,-8.0,-54.0
1776887100.3391027,1.0,-7.0,-51.0
1776887100.3491027,1.0,-5.0,-51.0
1776887100.3591027,-3.0,0.0,-48.0
1776887100.3691027,1.0,-1.0,-52.0
1776887100.3791027,-1.0,0.0,-43.0
1776887100.3891027,-5.0,-1.0,-38.0
1776887100.3991027,-6.0,0.0,-38.0
1776887100.409103,-6.0,0.0,-33.0
1776887100.419103,-4.0,-1.0,-33.0
1776887100.429103,0.0,-6.0,-30.0
1776887100.4391026,4.0,-4.0,-29.0
1776887100.4491026,6.0,-6.0,-35.0
1776887100.4591026,7.0,-5.0,-29.0
1776887100.4691026,5.0,-6.0,-22.0
1776887100.4791028,5.0,-2.0,-21.0
1776887100.4891028,0.0,0.0,-27.0
1776887100.4991028,-1.0,-4.0,-26.0
1776887100.5091028,0.0,-1.0,-32.0
1776887100.5191028,3.0,1.0,-33.0
1776887100.5291028,1.0,-1.0,-34.0
1776887100.5391028,0.0,-2.0,-37.0
1776887100.5491028,7.0,-4.0,-36.0
1776887100.5591028,3.0,-1.0,-31.0
1776887100.5691028,-1.0,-4.0,-30.0
1776887100.5791028,-2.0,-2.0,-38.0
1776887100.5891027,-2.0,-4.0,-34.0
1776887100.5991027,-3.0,-10.0,-34.0
1776887100.6091027,-2.0,-7.0,-32.0
1776887100.6191027,5.0,-7.0,-35.0
1776887100.6291027,7.0,-5.0,-32.0
1776887100.6391027,5.0,-3.0,-32.0
1776887100.6491027,6.0,-2.0,-31.0
1776887100.659103,1.0,-5.0,-34.0
1776887100.669103,2.0,-9.0,-38.0
1776887100.679103,7.0,-7.0,-41.0
1776887100.6891026,8.0,-6.0,-42.0
1776887100.6991026,5.0,-6.0,-39.0
1776887100.7091026,1.0,-5.0,-31.0
1776887100.7191026,1.0,-4.0,-31.0
1776887100.7291028,0.0,-6.0,-38.0
1776887100.7391028,0.0,-8.0,-36.0
1776887100.7491028,-1.0,-8.0,-40.0
1776887100.7591028,-1.0,-2.0,-48.0
1776887100.7691028,-8.0,-1.0,-41.0
1776887100.7791028,-11.0,3.0,-44.0
1776887100.7891028,-6.0,1.0,-49.0
1776887100.7991028,0.0,0.0,-47.0
1776887100.8091028,2.0,-7.0,-43.0
1776887100.8191028,1.0,-9.0,-45.0
1776887100.8291028,1.0,-10.0,-47.0
1776887100.8391027,-3.0,-10.0,-46.0
1776887100.8491027,-1.0,-11.0,-40.0
1776887100.8591027,0.0,-9.0,-33.0
1776887100.8691027,0.0,-9.0,-29.0
1776887100.8791027,4.0,-10.0,-30.0
1776887100.8891027,2.0,-12.0,-38.0
1776887100.8991027,0.0,-9.0,-44.0
1776887100.909103,-1.0,-9.0,-37.0
1776887100.919103,-1.0,-9.0,-40.0
1776887100.929103,-3.0,-6.0,-36.0
1776887100.9391026,-2.0,-7.0,-35.0
1776887100.9491026,-3.0,-8.0,-33.0
1776887100.9591026,-2.0,-7.0,-29.0
1776887100.9691026,-1.0,-5.0,-31.0
1776887100.9791028,0.0,-5.0,-38.0
1776887100.9891028,4.0,-4.0,-42.0
1776887100.9991028,1.0,-2.0,-41.0
1776887101.0091028,0.0,0.0,-49.0
1776887101.0191028,-1.0,0.0,-49.0
1776887101.0291028,5.0,2.0,-44.0
1776887101.0391028,9.0,0.0,-43.0
1776887101.0491028,9.0,-1.0,-43.0
1776887101.0591028,7.0,0.0,-41.0
1776887101.0691028,0.0,0.0,-41.0
1776887101.0791028,-1.0,2.0,-41.0
1776887101.0891027,0.0,4.0,-44.0
1776887101.0991027,-2.0,1.0,-42.0
1776887101.1091027,-4.0,1.0,-38.0
1776887101.1191027,-2.0,-1.0,-34.0
1776887101.1291027,-2.0,-4.0,-35.0
1776887101.1391027,-1.0,0.0,-38.0
1776887101.1491027,0.0,-2.0,-40.0
1776887101.159103,1.0,-1.0,-29.0
1776887101.169103,0.0,-3.0,-29.0
1776887101.179103,1.0,-2.0,-37.0
1776887101.1891026,2.0,1.0,-40.0
1776887101.1991026,-1.0,3.0,-39.0
1776887101.2091026,1.0,3.0,-41.0
1776887101.2191026,1.0,5.0,-38.0
1776887101.2291028,2.0,3.0,-39.0
1776887101.2391028,2.0,5.0,-38.0
1776887101.2491028,1.0,2.0,-38.0
1776887101.2591028,2.0,0.0,-36.0
1776887101.2691028,-1.0,-1.0,-38.0
1776887101.2791028,-5.0,2.0,-36.0
1776887101.2891028,-6.0,4.0,-43.0
1776887101.2991028,-7.0,3.0,-44.0
1776887101.3091028,-2.0,5.0,-47.0
1776887101.3191028,-2.0,4.0,-50.0
1776887101.3291028,-5.0,3.0,-46.0
1776887101.3391027,-2.0,4.0,-40.0
1776887101.3491027,1.0,4.0,-35.0
1776887101.3591027,0.0,4.0,-42.0
1776887101.3691027,-2.0,4.0,-41.0
1776887101.3791027,-1.0,4.0,-40.0
1776887101.3891027,4.0,0.0,-40.0
1776887101.3991027,5.0,2.0,-38.0
1776887101.409103,4.0,2.0,-40.0
1776887101.419103,0.0,0.0,-41.0
1776887101.429103,0.0,0.0,-44.0
1776887101.4391026,2.0,-2.0,-48.0
1776887101.4491026,-5.0,-3.0,-50.0
1776887101.4591026,-3.0,0.0,-54.0
1776887101.4691026,-1.0,-6.0,-56.0
1776887101.4791028,-1.0,-7.0,-51.0
1776887101.4891028,0.0,-6.0,-47.0
1776887101.4991028,-1.0,-3.0,-42.0
1776887101.5091028,-1.0,-2.0,-41.0
1776887101.5191028,0.0,-2.0,-36.0
1776887101.5291028,1.0,0.0,-34.0
1776887101.5391028,1.0,-1.0,-32.0
1776887101.5491028,0.0,0.0,-35.0
1776887101.5591028,-1.0,1.0,-40.0
1776887101.5691028,1.0,0.0,-39.0
1776887101.5791028,1.0,2.0,-35.0
1776887101.5891027,0.0,3.0,-36.0
1776887101.5991027,2.0,1.0,-30.0
1776887101.6091027,3.0,0.0,-30.0
1776887101.6191027,3.0,0.0,-30.0
1776887101.6291027,3.0,0.0,-34.0
1776887101.6391027,3.0,1.0,-37.0
1776887101.6491027,2.0,5.0,-31.0
1776887101.659103,-2.0,1.0,-31.0
1776887101.669103,4.0,3.0,-27.0
1776887101.679103,5.0,1.0,-30.0
1776887101.6891026,7.0,-1.0,-33.0
1776887101.6991026,7.0,-3.0,-35.0
1776887101.7091026,12.0,-6.0,-37.0
1776887101.7191026,10.0,-2.0,-37.0
1776887101.7291028,7.0,-5.0,-36.0
1776887101.7391028,5.0,-4.0,-38.0
1776887101.7491028,10.0,-9.0,-39.0
1776887101.7591028,10.0,-10.0,-40.0
1776887101.7691028,7.0,-10.0,-41.0
1776887101.7791028,8.0,-8.0,-38.0
1776887101.7891028,8.0,-6.0,-37.0
1776887101.7991028,2.0,-2.0,-39.0
1776887101.8091028,1.0,-2.0,-34.0
1776887101.8191028,-1.0,-2.0,-39.0
1776887101.8291028,-2.0,-1.0,-36.0
1776887101.8391027,0.0,0.0,-37.0
1776887101.8491027,-3.0,-3.0,-36.0
1776887101.8591027,-1.0,-1.0,-28.0
1776887101.8691027,3.0,1.0,-26.0
1776887101.8791027,0.0,0.0,-26.0
1776887101.8891027,-1.0,0.0,-31.0
1776887101.8991027,4.0,-2.0,-28.0
1776887101.909103,7.0,2.0,-35.0
1776887101.919103,5.0,1.0,-37.0
1776887101.929103,6.0,-1.0,-38.0
1776887101.9391026,3.0,0.0,-32.0
1776887101.9491026,3.0,0.0,-32.0
1776887101.9591026,-3.0,2.0,-34.0
1776887101.9691026,-3.0,1.0,-32.0
1776887101.9791028,1.0,-2.0,-28.0
1776887101.9891028,0.0,-5.0,-30.0
1776887102.0001028,-4.0,-3.0,-37.0
1776887102.0101027,-4.0,0.0,-37.0
1776887102.0201027,-4.0,0.0,-32.0
1776887102.0301027,-2.0,1.0,-36.0
1776887102.0401027,1.0,-1.0,-34.0
1776887102.0501027,0.0,-2.0,-40.0
1776887102.0601027,2.0,-6.0,-42.0
1776887102.0701027,4.0,-6.0,-40.0
1776887102.0801027,3.0,-5.0,-40.0
1776887102.090103,3.0,-8.0,-38.0
1776887102.100103,3.0,-10.0,-42.0
1776887102.110103,2.0,-10.0,-40.0
1776887102.1201026,0.0,-6.0,-41.0
1776887102.1301026,-2.0,-3.0,-32.0
1776887102.1401026,-2.0,-1.0,-36.0
1776887102.1501029,-3.0,0.0,-33.0
1776887102.1601028,-2.0,4.0,-39.0
1776887102.1701028,1.0,6.0,-46.0
1776887102.1801028,2.0,4.0,-45.0
1776887102.1901028,3.0,6.0,-43.0
1776887102.2001028,5.0,5.0,-36.0
1776887102.2101028,5.0,4.0,-41.0
1776887102.2201028,3.0,2.0,-38.0
1776887102.2301028,1.0,0.0,-35.0
1776887102.2401028,0.0,-5.0,-38.0
1776887102.2501028,-2.0,-3.0,-40.0
1776887102.2601027,-2.0,-5.0,-37.0
1776887102.2701027,2.0,-4.0,-33.0
1776887102.2801027,1.0,-4.0,-33.0
1776887102.2901027,3.0,-5.0,-36.0
1776887102.3001027,4.0,-4.0,-35.0
1776887102.3101027,6.0,-6.0,-35.0
1776887102.3201027,7.0,-6.0,-32.0
1776887102.3301027,2.0,-6.0,-28.0
1776887102.340103,0.0,-5.0,-32.0
1776887102.350103,-1.0,-5.0,-39.0
1776887102.360103,-3.0,-3.0,-40.0
1776887102.3701026,2.0,-3.0,-35.0
1776887102.3801026,7.0,-3.0,-34.0
1776887102.3901026,8.0,-1.0,-29.0
1776887102.4001029,9.0,0.0,-27.0
1776887102.4101028,5.0,1.0,-26.0
1776887102.4201028,3.0,2.0,-29.0
1776887102.4301028,0.0,0.0,-33.0
1776887102.4401028,-1.0,-5.0,-28.0
1776887102.4501028,3.0,0.0,-30.0
1776887102.4601028,3.0,1.0,-33.0
1776887102.4701028,4.0,2.0,-31.0
1776887102.4801028,2.0,2.0,-36.0
1776887102.4901028,4.0,0.0,-38.0
1776887102.5001028,8.0,0.0,-40.0
1776887102.5101027,10.0,-6.0,-40.0
1776887102.5201027,10.0,-4.0,-34.0
1776887102.5301027,16.0,-5.0,-39.0
1776887102.5401027,13.0,-5.0,-39.0
1776887102.5501027,13.0,-3.0,-44.0
1776887102.5601027,10.0,-5.0,-39.0
1776887102.5701027,12.0,-7.0,-39.0
1776887102.5801027,6.0,-6.0,-41.0
1776887102.590103,8.0,-3.0,-32.0
1776887102.600103,10.0,-2.0,-30.0
1776887102.610103,12.0,1.0,-35.0
1776887102.6201026,13.0,6.0,-34.0
1776887102.6301026,8.0,3.0,-35.0
1776887102.6401026,3.0,2.0,-33.0
1776887102.6501029,1.0,0.0,-34.0
1776887102.6601028,5.0,0.0,-38.0
1776887102.6701028,8.0,1.0,-42.0
1776887102.6801028,10.0,0.0,-42.0
1776887102.6901028,11.0,2.0,-43.0
1776887102.7001028,6.0,-1.0,-40.0
1776887102.7101028,1.0,0.0,-39.0
1776887102.7201028,-2.0,3.0,-43.0
1776887102.7301028,-4.0,2.0,-37.0
1776887102.7401028,-5.0,5.0,-40.0
1776887102.7501028,-4.0,1.0,-39.0
1776887102.7601027,0.0,-1.0,-33.0
1776887102.7701027,-1.0,0.0,-38.0
1776887102.7801027,-4.0,4.0,-40.0
1776887102.7901027,-2.0,3.0,-41.0
1776887102.8001027,-7.0,-3.0,-37.0
1776887102.8101027,-7.0,-4.0,-31.0
1776887102.8201027,-4.0,-7.0,-33.0
1776887102.8301027,-1.0,-7.0,-27.0
1776887102.840103,-2.0,-2.0,-29.0
1776887102.850103,0.0,0.0,-26.0
1776887102.860103,-1.0,-3.0,-22.0
1776887102.8701026,-4.0,-2.0,-23.0
1776887102.8801026,-6.0,0.0,-25.0
1776887102.8901026,-10.0,1.0,-27.0
1776887102.9001029,-12.0,3.0,-26.0
1776887102.9101028,-14.0,0.0,-24.0
1776887102.9201028,-10.0,-2.0,-20.0
1776887102.9301028,-7.0,-1.0,-23.0
1776887102.9401028,-4.0,2.0,-25.0
1776887102.9501028,-5.0,0.0,-29.0
1776887102.9601028,-2.0,-1.0,-29.0
1776887102.9701028,0.0,-4.0,-27.0
1776887102.9801028,0.0,-6.0,-34.0
1776887102.9901028,0.0,-7.0,-25.0
1776887103.0001028,1.0,-5.0,-24.0
1776887103.0101027,3.0,-1.0,-25.0
1776887103.0201027,1.0,0.0,-31.0
1776887103.0301027,0.0,-4.0,-34.0
1776887103.0401027,-1.0,-8.0,-45.0
1776887103.0501027,0.0,-3.0,-40.0
1776887103.0601027,-1.0,-7.0,-35.0
1776887103.0701027,0.0,-4.0,-36.0
1776887103.0801027,-1.0,-1.0,-40.0
1776887103.090103,-5.0,0.0,-40.0
1776887103.100103,-4.0,-3.0,-38.0
1776887103.110103,0.0,-1.0,-39.0
1776887103.1201026,0.0,-1.0,-47.0
1776887103.1301026,-2.0,2.0,-42.0
1776887103.1401026,-1.0,6.0,-43.0
1776887103.1501029,-1.0,6.0,-39.0
1776887103.1601028,-3.0,2.0,-36.0
1776887103.1701028,-2.0,4.0,-40.0
1776887103.1801028,1.0,4.0,-41.0
1776887103.1901028,3.0,0.0,-40.0
1776887103.2001028,2.0,-4.0,-39.0
1776887103.2101028,1.0,-5.0,-36.0
1776887103.2201028,3.0,-3.0,-38.0
1776887103.2301028,2.0,-3.0,-42.0
1776887103.2401028,6.0,-2.0,-47.0
1776887103.2501028,2.0,-4.0,-46.0
1776887103.2601027,-2.0,-8.0,-47.0
1776887103.2701027,0.0,-10.0,-46.0
1776887103.2801027,4.0,-10.0,-37.0
1776887103.2901027,6.0,-7.0,-37.0
1776887103.3001027,7.0,-5.0,-37.0
1776887103.3101027,6.0,-5.0,-37.0
1776887103.3201027,10.0,-6.0,-37.0
1776887103.3301027,10.0,-6.0,-37.0
1776887103.340103,8.0,-5.0,-39.0
1776887103.350103,7.0,-2.0,-44.0
1776887103.360103,8.0,0.0,-54.0
1776887103.3701026,8.0,2.0,-47.0
1776887103.3801026,12.0,1.0,-50.0
1776887103.3901026,9.0,-2.0,-51.0
1776887103.4001029,10.0,-4.0,-43.0
1776887103.4101028,4.0,0.0,-38.0
1776887103.4201028,0.0,2.0,-38.0
1776887103.4301028,-3.0,0.0,-33.0
1776887103.4401028,-5.0,2.0,-27.0
1776887103.4501028,-2.0,0.0,-28.0
1776887103.4611027,-1.0,1.0,-34.0
1776887103.4701028,0.0,-2.0,-37.0
1776887103.4801028,4.0,0.0,-29.0
1776887103.4901028,1.0,1.0,-26.0
1776887103.5001028,6.0,-2.0,-25.0
1776887103.5101027,5.0,-1.0,-21.0
1776887103.5201027,1.0,-2.0,-31.0
1776887103.5301027,1.0,0.0,-38.0
1776887103.5401027,0.0,-1.0,-47.0
1776887103.5501027,2.0,0.0,-46.0
1776887103.5601027,2.0,-3.0,-48.0
1776887103.5701027,-2.0,-2.0,-41.0
1776887103.5801027,-2.0,-6.0,-33.0
1776887103.590103,0.0,0.0,-31.0
1776887103.600103,2.0,1.0,-37.0
1776887103.610103,4.0,3.0,-37.0
1776887103.6201026,3.0,1.0,-34.0
1776887103.6301026,0.0,-5.0,-33.0
1776887103.6401026,0.0,-5.0,-34.0
1776887103.6501029,0.0,-6.0,-38.0
1776887103.6601028,-4.0,-4.0,-32.0
1776887103.6701028,-3.0,-4.0,-27.0
1776887103.6801028,4.0,-3.0,-29.0
1776887103.6901028,3.0,-2.0,-39.0
1776887103.7001028,1.0,-1.0,-37.0
1776887103.7101028,-1.0,2.0,-36.0
1776887103.7201028,3.0,-1.0,-41.0
1776887103.7301028,4.0,0.0,-35.0
1776887103.7401028,0.0,0.0,-34.0
1776887103.7501028,-5.0,-2.0,-34.0
1776887103.7601027,-5.0,0.0,-31.0
1776887103.7701027,-4.0,1.0,-35.0
1776887103.7801027,0.0,2.0,-42.0
1776887103.7901027,-2.0,4.0,-42.0
1776887103.8001027,-7.0,3.0,-38.0
1776887103.8101027,-7.0,5.0,-37.0
1776887103.8201027,-5.0,2.0,-42.0
1776887103.8301027,-9.0,0.0,-40.0
1776887103.840103,-10.0,-2.0,-35.0
1776887103.850103,-10.0,0.0,-34.0
1776887103.860103,-7.0,1.0,-32.0
1776887103.8701026,-8.0,5.0,-34.0
1776887103.8801026,-11.0,6.0,-30.0
1776887103.8901026,-6.0,6.0,-34.0
1776887103.9001029,-1.0,8.0,-40.0
1776887103.9101028,0.0,3.0,-37.0
1776887103.9201028,0.0,5.0,-43.0
1776887103.9301028,-3.0,3.0,-44.0
1776887103.9401028,-2.0,-2.0,-40.0
1776887103.9501028,-5.0,0.0,-39.0
1776887103.9601028,-2.0,0.0,-41.0
1776887103.9701028,1.0,0.0,-37.0
1776887103.9801028,-4.0,-2.0,-38.0
1776887103.9901028,-2.0,0.0,-38.0
1776887104.0001028,-1.0,1.0,-34.0
1776887104.011103,-1.0,-1.0,-30.0
1776887104.021103,0.0,0.0,-29.0
1776887104.031103,-1.0,-6.0,-35.0
1776887104.0411026,0.0,-6.0,-34.0
1776887104.0511026,4.0,-7.0,-30.0
1776887104.0611026,3.0,-5.0,-30.0
1776887104.0711029,2.0,-2.0,-31.0
1776887104.0811028,8.0,1.0,-28.0
1776887104.0911028,7.0,3.0,-27.0
1776887104.1011028,3.0,2.0,-29.0
1776887104.1111028,0.0,-3.0,-33.0
1776887104.1211028,0.0,-3.0,-35.0
1776887104.1311028,-2.0,-3.0,-31.0
1776887104.1411028,-4.0,-5.0,-26.0
1776887104.1511028,-1.0,-3.0,-29.0
1776887104.1611028,1.0,-1.0,-33.0
1776887104.1711028,0.0,0.0,-38.0
1776887104.1811028,1.0,-3.0,-41.0
1776887104.1911027,4.0,0.0,-45.0
1776887104.2011027,2.0,-1.0,-44.0
1776887104.2111027,4.0,0.0,-41.0
1776887104.2211027,-1.0,0.0,-40.0
1776887104.2311027,0.0,0.0,-45.0
1776887104.2411027,-3.0,1.0,-39.0
1776887104.2511027,0.0,1.0,-41.0
1776887104.261103,0.0,0.0,-41.0
1776887104.271103,3.0,0.0,-37.0
1776887104.281103,3.0,-3.0,-38.0
1776887104.2911026,7.0,-3.0,-41.0
1776887104.3011026,9.0,-4.0,-35.0
1776887104.3111026,8.0,-1.0,-33.0
1776887104.3211029,3.0,3.0,-31.0
1776887104.3311028,8.0,3.0,-33.0
1776887104.3411028,11.0,-1.0,-33.0
1776887104.3511028,8.0,0.0,-33.0
1776887104.3611028,7.0,0.0,-29.0
1776887104.3711028,11.0,0.0,-29.0
1776887104.3811028,6.0,2.0,-38.0
1776887104.3911028,3.0,4.0,-31.0
1776887104.4011028,2.0,3.0,-34.0
1776887104.4111028,2.0,6.0,-34.0
1776887104.4211028,2.0,3.0,-33.0
1776887104.4311028,0.0,2.0,-35.0
1776887104.4411027,1.0,4.0,-36.0
1776887104.4511027,4.0,2.0,-36.0
1776887104.4611027,7.0,2.0,-37.0
1776887104.4711027,7.0,4.0,-38.0
1776887104.4811027,4.0,2.0,-40.0
1776887104.4911027,3.0,9.0,-32.0
1776887104.5011027,6.0,11.0,-34.0
1776887104.511103,7.0,9.0,-40.0
1776887104.521103,7.0,9.0,-46.0
1776887104.531103,4.0,7.0,-50.0
1776887104.5411026,2.0,7.0,-47.0
1776887104.5511026,4.0,3.0,-44.0
1776887104.5611026,1.0,3.0,-39.0
1776887104.5711029,4.0,4.0,-42.0
1776887104.5811028,6.0,7.0,-43.0
1776887104.5911028,5.0,5.0,-46.0
1776887104.6011028,0.0,3.0,-44.0
1776887104.6111028,-2.0,4.0,-43.0
1776887104.6211028,0.0,1.0,-32.0
1776887104.6311028,0.0,-5.0,-28.0
1776887104.6411028,-1.0,-1.0,-33.0
1776887104.6511028,-4.0,-3.0,-35.0
1776887104.6611028,-1.0,-1.0,-32.0
1776887104.6711028,-2.0,-2.0,-33.0
1776887104.6811028,-2.0,-5.0,-35.0
1776887104.6911027,3.0,-6.0,-38.0
1776887104.7011027,4.0,-6.0,-38.0
1776887104.7111027,1.0,-4.0,-38.0
1776887104.7211027,5.0,-6.0,-40.0
1776887104.7311027,6.0,-4.0,-41.0
1776887104.7411027,5.0,-1.0,-39.0
1776887104.7511027,7.0,-1.0,-38.0
1776887104.761103,6.0,-4.0,-40.0
1776887104.771103,2.0,-5.0,-44.0
1776887104.781103,0.0,-2.0,-42.0
1776887104.7911026,0.0,-5.0,-39.0
1776887104.8011026,-2.0,-3.0,-37.0
1776887104.8111026,-1.0,-3.0,-33.0
1776887104.8211029,-1.0,0.0,-27.0
1776887104.8311028,-1.0,3.0,-28.0
1776887104.8411028,-7.0,3.0,-25.0
1776887104.8511028,-6.0,4.0,-26.0
1776887104.8611028,-6.0,1.0,-26.0
1776887104.8711028,-6.0,-2.0,-31.0
1776887104.8811028,-2.0,-5.0,-36.0
1776887104.8911028,3.0,-3.0,-42.0
1776887104.9011028,5.0,-1.0,-38.0
1776887104.9111028,5.0,0.0,-40.0
1776887104.9211028,3.0,-2.0,-37.0
1776887104.9311028,5.0,0.0,-37.0
1776887104.9411027,3.0,-1.0,-38.0
1776887104.9511027,0.0,-3.0,-41.0
1776887104.9611027,-2.0,-1.0,-38.0
1776887104.9711027,0.0,3.0,-40.0
1776887104.9811027,0.0,2.0,-41.0
1776887104.9911027,2.0,-3.0,-46.0
1776887105.0011027,2.0,-5.0,-49.0
1776887105.011103,9.0,0.0,-52.0
1776887105.021103,8.0,0.0,-46.0
1776887105.031103,10.0,2.0,-46.0
1776887105.0411026,9.0,2.0,-40.0
1776887105.0511026,5.0,4.0,-36.0
1776887105.0611026,2.0,0.0,-30.0
1776887105.0711029,0.0,1.0,-28.0
1776887105.0811028,-6.0,-1.0,-34.0
1776887105.0911028,-3.0,0.0,-38.0
1776887105.1011028,0.0,1.0,-36.0
1776887105.1111028,0.0,3.0,-36.0
1776887105.1211028,4.0,0.0,-35.0
1776887105.1311028,8.0,-2.0,-39.0
1776887105.1411028,7.0,-2.0,-42.0
1776887105.1511028,5.0,-3.0,-40.0
1776887105.1611028,4.0,-4.0,-36.0
1776887105.1711028,1.0,-6.0,-33.0
1776887105.1811028,0.0,-6.0,-34.0
1776887105.1911027,3.0,-3.0,-29.0
1776887105.2011027,2.0,-3.0,-33.0
1776887105.2111027,-1.0,-5.0,-34.0
1776887105.2211027,0.0,-8.0,-34.0
1776887105.2311027,0.0,-9.0,-28.0
1776887105.2411027,7.0,-6.0,-28.0
1776887105.2511027,7.0,-2.0,-29.0
1776887105.261103,1.0,-5.0,-29.0
1776887105.271103,-3.0,-7.0,-26.0
1776887105.281103,-4.0,-9.0,-23.0
1776887105.2911026,-1.0,-5.0,-22.0
1776887105.3011026,-1.0,-3.0,-17.0
1776887105.3111026,0.0,-2.0,-17.0
1776887105.3211029,3.0,-3.0,-19.0
1776887105.3311028,2.0,-2.0,-32.0
1776887105.3411028,0.0,0.0,-33.0
1776887105.3511028,0.0,-2.0,-29.0
1776887105.3611028,2.0,0.0,-25.0
1776887105.3711028,2.0,1.0,-29.0
1776887105.3811028,3.0,-4.0,-32.0
1776887105.3911028,3.0,0.0,-38.0
1776887105.4011028,2.0,1.0,-39.0
1776887105.4111028,4.0,1.0,-46.0
1776887105.4211028,2.0,0.0,-49.0
1776887105.4311028,0.0,0.0,-48.0
1776887105.4411027,-3.0,0.0,-51.0
1776887105.4511027,-3.0,0.0,-40.0
1776887105.4611027,-6.0,0.0,-33.0
1776887105.4711027,-6.0,0.0,-33.0
1776887105.4811027,-7.0,0.0,-36.0
1776887105.4911027,0.0,-1.0,-41.0
1776887105.5011027,1.0,-4.0,-36.0
1776887105.511103,2.0,-8.0,-39.0
1776887105.521103,0.0,-11.0,-36.0
1776887105.531103,-1.0,-7.0,-37.0
1776887105.5411026,0.0,-1.0,-35.0
1776887105.5511026,2.0,0.0,-35.0
1776887105.5611026,0.0,0.0,-36.0
1776887105.5711029,3.0,0.0,-43.0
1776887105.5811028,3.0,0.0,-45.0
1776887105.5911028,4.0,-2.0,-40.0
1776887105.6011028,7.0,-2.0,-38.0
1776887105.6111028,1.0,-1.0,-41.0
1776887105.6211028,2.0,-3.0,-46.0
1776887105.6311028,-4.0,-6.0,-44.0
1776887105.6411028,-4.0,-5.0,-46.0
1776887105.6511028,-4.0,-4.0,-46.0
1776887105.6611028,-2.0,-1.0,-43.0
1776887105.6711028,0.0,-4.0,-39.0
1776887105.6811028,0.0,-2.0,-34.0
1776887105.6911027,-3.0,-2.0,-36.0
1776887105.7011027,0.0,-2.0,-41.0
1776887105.7111027,0.0,-4.0,-40.0
1776887105.7211027,0.0,-4.0,-34.0
1776887105.7311027,-1.0,-3.0,-31.0
1776887105.7411027,1.0,-2.0,-34.0
1776887105.7511027,5.0,-1.0,-37.0
1776887105.761103,3.0,-6.0,-39.0
1776887105.771103,3.0,-7.0,-40.0
1776887105.781103,3.0,-6.0,-46.0
1776887105.7911026,0.0,-3.0,-41.0
1776887105.8011026,0.0,-2.0,-42.0
1776887105.8111026,0.0,-2.0,-36.0
1776887105.8211029,-2.0,-2.0,-32.0
1776887105.8311028,0.0,-2.0,-33.0
1776887105.8411028,-1.0,-2.0,-39.0
1776887105.8511028,2.0,-2.0,-36.0
1776887105.8611028,1.0,1.0,-46.0
1776887105.8711028,1.0,-2.0,-45.0
1776887105.8811028,4.0,-4.0,-49.0
1776887105.8911028,6.0,0.0,-41.0
1776887105.9011028,2.0,0.0,-38.0
1776887105.9111028,0.0,3.0,-29.0
1776887105.9211028,0.0,-1.0,-32.0
1776887105.9311028,4.0,-2.0,-30.0
1776887105.942103,0.0,-2.0,-31.0
1776887105.952103,1.0,0.0,-29.0
1776887105.9611027,1.0,2.0,-32.0
1776887105.9721026,0.0,0.0,-29.0
1776887105.9821026,-4.0,0.0,-31.0
1776887105.9921026,-2.0,-4.0,-35.0
1776887106.0021029,-2.0,-3.0,-40.0
1776887106.0121028,5.0,0.0,-43.0
1776887106.0221028,2.0,0.0,-41.0
1776887106.0321028,4.0,0.0,-36.0
1776887106.0421028,9.0,3.0,-31.0
1776887106.0521028,5.0,3.0,-37.0
1776887106.0621028,3.0,3.0,-38.0
1776887106.0721028,0.0,0.0,-39.0
1776887106.0821028,-1.0,-2.0,-35.0
1776887106.0921028,0.0,-1.0,-32.0
1776887106.1021028,-2.0,-3.0,-38.0
1776887106.1121027,-1.0,0.0,-41.0
1776887106.1221027,-2.0,2.0,-40.0
1776887106.1321027,0.0,-1.0,-45.0
1776887106.1421027,4.0,0.0,-45.0
1776887106.1521027,0.0,0.0,-42.0
1776887106.1621027,1.0,-1.0,-36.0
1776887106.1721027,0.0,-3.0,-29.0
1776887106.182103,0.0,-5.0,-30.0
1776887106.192103,0.0,-3.0,-26.0
1776887106.202103,0.0,2.0,-25.0
1776887106.212103,-3.0,0.0,-27.0
1776887106.2221026,-2.0,-4.0,-25.0
1776887106.2321026,-2.0,-3.0,-33.0
1776887106.2421026,2.0,0.0,-41.0
1776887106.2521029,0.0,2.0,-35.0
1776887106.2621028,0.0,2.0,-36.0
1776887106.2721028,0.0,0.0,-39.0
1776887106.2821028,-2.0,0.0,-39.0
1776887106.2921028,-1.0,1.0,-45.0
1776887106.3021028,2.0,0.0,-39.0
1776887106.3121028,2.0,-4.0,-39.0
1776887106.3221028,2.0,-1.0,-35.0
1776887106.3321028,4.0,0.0,-35.0
1776887106.3421028,1.0,-5.0,-37.0
1776887106.3521028,-1.0,-3.0,-39.0
1776887106.3621027,-1.0,0.0,-41.0
1776887106.3721027,2.0,1.0,-42.0
1776887106.3821027,3.0,0.0,-46.0
1776887106.3921027,1.0,7.0,-45.0
1776887106.4021027,-2.0,3.0,-41.0
1776887106.4121027,-2.0,2.0,-37.0
1776887106.4221027,0.0,3.0,-35.0
1776887106.432103,0.0,0.0,-41.0
1776887106.442103,0.0,-1.0,-42.0
1776887106.452103,-3.0,-2.0,-43.0
1776887106.462103,-3.0,0.0,-45.0
1776887106.4721026,-1.0,-4.0,-47.0
1776887106.4821026,-1.0,-4.0,-45.0
1776887106.4921026,0.0,-4.0,-45.0
1776887106.5021029,0.0,-8.0,-46.0
1776887106.5121028,0.0,-5.0,-41.0
1776887106.5221028,-1.0,-8.0,-38.0
1776887106.5321028,-3.0,-11.0,-34.0
1776887106.5421028,-3.0,-15.0,-33.0
1776887106.5521028,-3.0,-18.0,-42.0
1776887106.5621028,-2.0,-13.0,-41.0
1776887106.5721028,1.0,-6.0,-41.0
1776887106.5821028,6.0,-5.0,-44.0
1776887106.5921028,10.0,-4.0,-41.0
1776887106.6021028,14.0,-4.0,-42.0
1776887106.6121027,11.0,-1.0,-46.0
1776887106.6221027,9.0,-2.0,-49.0
1776887106.6321027,9.0,-2.0,-47.0
1776887106.6421027,7.0,1.0,-46.0
1776887106.6521027,3.0,4.0,-46.0
1776887106.6621027,3.0,4.0,-42.0
1776887106.6721027,2.0,3.0,-43.0
1776887106.682103,3.0,3.0,-39.0
1776887106.692103,2.0,3.0,-40.0
1776887106.702103,0.0,2.0,-43.0
1776887106.712103,-1.0,3.0,-40.0
1776887106.7221026,0.0,1.0,-39.0
1776887106.7321026,7.0,5.0,-38.0
1776887106.7421026,13.0,3.0,-40.0
1776887106.7521029,14.0,4.0,-40.0
1776887106.7621028,10.0,0.0,-38.0
1776887106.7721028,5.0,-2.0,-35.0
1776887106.7821028,1.0,-4.0,-35.0
1776887106.7921028,2.0,-4.0,-28.0
1776887106.8021028,2.0,0.0,-36.0
1776887106.8131027,-2.0,0.0,-39.0
1776887106.8221028,-4.0,0.0,-48.0
1776887106.8321028,-5.0,6.0,-49.0
1776887106.8421028,-5.0,6.0,-46.0
1776887106.8521028,-3.0,6.0,-43.0
1776887106.8621027,-4.0,8.0,-38.0
1776887106.8721027,-4.0,11.0,-41.0
1776887106.8821027,-4.0,13.0,-37.0
1776887106.8921027,-5.0,7.0,-36.0
1776887106.9021027,-1.0,7.0,-38.0
1776887106.9121027,0.0,4.0,-41.0
1776887106.9221027,-6.0,6.0,-40.0
1776887106.932103,-2.0,0.0,-31.0
1776887106.942103,-2.0,-1.0,-31.0
1776887106.952103,0.0,-1.0,-32.0
1776887106.962103,5.0,-2.0,-33.0
1776887106.9721026,2.0,1.0,-37.0
1776887106.9821026,3.0,3.0,-35.0
1776887106.9921026,0.0,0.0,-32.0
1776887107.0021029,-3.0,1.0,-30.0
1776887107.0121028,-1.0,1.0,-27.0
1776887107.0221028,-1.0,2.0,-27.0
1776887107.0321028,-1.0,0.0,-25.0
1776887107.0421028,0.0,-3.0,-28.0
1776887107.0521028,0.0,-3.0,-32.0
1776887107.0621028,0.0,-10.0,-39.0
1776887107.0721028,5.0,-8.0,-36.0
1776887107.0821028,8.0,-8.0,-40.0
1776887107.0921028,3.0,-6.0,-37.0
1776887107.1021028,1.0,-4.0,-36.0
1776887107.1121027,1.0,-2.0,-36.0
1776887107.1221027,2.0,-1.0,-31.0
1776887107.1321027,3.0,-6.0,-33.0
1776887107.1421027,1.0,-6.0,-38.0
1776887107.1521027,6.0,-4.0,-39.0
1776887107.1621027,3.0,0.0,-39.0
1776887107.1721027,2.0,-1.0,-38.0
1776887107.182103,-1.0,-4.0,-38.0
1776887107.192103,1.0,0.0,-45.0
1776887107.202103,-2.0,-1.0,-41.0
1776887107.212103,0.0,-1.0,-42.0
1776887107.2221026,1.0,-1.0,-39.0
1776887107.2321026,3.0,-4.0,-43.0
1776887107.2421026,-3.0,-3.0,-39.0
1776887107.2521029,-3.0,0.0,-43.0
1776887107.2621028,-3.0,2.0,-43.0
1776887107.2721028,-2.0,3.0,-40.0
1776887107.2821028,-2.0,2.0,-37.0
1776887107.2921028,-3.0,-3.0,-31.0
1776887107.3021028,-4.0,-5.0,-34.0
1776887107.3121028,-2.0,-4.0,-36.0
1776887107.3221028,0.0,-4.0,-39.0
1776887107.3321028,2.0,-1.0,-42.0
1776887107.3421028,5.0,0.0,-36.0
1776887107.3521028,3.0,2.0,-30.0
1776887107.3621027,0.0,2.0,-27.0
1776887107.3721027,0.0,4.0,-28.0
1776887107.3821027,-2.0,3.0,-29.0
1776887107.3921027,0.0,4.0,-29.0
1776887107.4021027,2.0,3.0,-29.0
1776887107.4121027,-3.0,6.0,-23.0
1776887107.4221027,-3.0,5.0,-26.0
1776887107.432103,-3.0,0.0,-32.0
1776887107.442103,-2.0,-3.0,-35.0
1776887107.452103,-1.0,-4.0,-33.0
1776887107.462103,-1.0,-4.0,-27.0
1776887107.4721026,-1.0,-5.0,-29.0
1776887107.4821026,1.0,-4.0,-34.0
1776887107.4921026,4.0,-5.0,-31.0
1776887107.5021029,5.0,-6.0,-29.0
1776887107.5121028,6.0,-4.0,-32.0
1776887107.5221028,5.0,-1.0,-30.0
1776887107.5321028,10.0,-4.0,-33.0
1776887107.5421028,16.0,-2.0,-33.0
1776887107.5521028,12.0,-5.0,-38.0
1776887107.5621028,8.0,-6.0,-28.0
1776887107.5721028,7.0,-5.0,-31.0
1776887107.5821028,4.0,-4.0,-34.0
1776887107.5921028,3.0,-2.0,-35.0
1776887107.6021028,0.0,-3.0,-38.0
1776887107.6121027,3.0,-3.0,-37.0
1776887107.6221027,4.0,-2.0,-38.0
1776887107.6321027,0.0,-2.0,-37.0
1776887107.6421027,2.0,-3.0,-38.0
1776887107.6521027,-1.0,-6.0,-42.0
1776887107.6621027,0.0,-5.0,-37.0
1776887107.6721027,-1.0,-3.0,-38.0
1776887107.682103,2.0,-4.0,-34.0
1776887107.692103,7.0,-5.0,-36.0
1776887107.702103,5.0,-11.0,-38.0
1776887107.712103,1.0,-11.0,-31.0
1776887107.7221026,-1.0,-8.0,-31.0
1776887107.7321026,-2.0,-5.0,-33.0
1776887107.7421026,-6.0,-4.0,-34.0
1776887107.7521029,-2.0,-3.0,-27.0
1776887107.7621028,0.0,0.0,-24.0
1776887107.7721028,1.0,3.0,-29.0
1776887107.7821028,2.0,3.0,-33.0
1776887107.7921028,4.0,1.0,-35.0
1776887107.8021028,4.0,0.0,-30.0
1776887107.8121028,2.0,1.0,-28.0
1776887107.8221028,3.0,-1.0,-29.0
1776887107.8321028,5.0,-4.0,-35.0
1776887107.8421028,4.0,-5.0,-31.0
1776887107.8521028,2.0,-6.0,-26.0
1776887107.8621027,2.0,-1.0,-26.0
1776887107.8721027,4.0,0.0,-27.0
1776887107.8821027,3.0,0.0,-25.0
1776887107.8921027,3.0,0.0,-24.0
1776887107.9021027,1.0,2.0,-22.0
1776887107.9121027,-1.0,1.0,-29.0
1776887107.9221027,-4.0,1.0,-34.0
1776887107.932103,0.0,0.0,-29.0
1776887107.942103,0.0,1.0,-28.0
1776887107.952103,0.0,-2.0,-31.0
1776887107.962103,-4.0,-3.0,-32.0
1776887107.9721026,-1.0,-5.0,-35.0
1776887107.9821026,-3.0,-2.0,-27.0
1776887107.9931028,-6.0,0.0,-25.0
1776887108.0031028,-5.0,0.0,-29.0
1776887108.0131028,-2.0,0.0,-37.0
1776887108.0231028,-2.0,-1.0,-35.0
1776887108.0331028,-3.0,-4.0,-35.0
1776887108.0431027,-2.0,-5.0,-33.0
1776887108.0531027,-4.0,-6.0,-30.0
1776887108.0631027,-6.0,-4.0,-30.0
1776887108.0731027,-3.0,-4.0,-31.0
1776887108.0831027,-1.0,-1.0,-37.0
1776887108.0931027,-3.0,-1.0,-34.0
1776887108.1031027,-2.0,-3.0,-37.0
1776887108.113103,-1.0,1.0,-32.0
1776887108.123103,2.0,0.0,-28.0
1776887108.133103,3.0,1.0,-36.0
1776887108.1431026,1.0,0.0,-42.0
1776887108.1531026,-3.0,1.0,-39.0
1776887108.1631026,-3.0,0.0,-36.0
1776887108.1731029,0.0,-4.0,-35.0
1776887108.1831028,-2.0,0.0,-45.0
1776887108.1931028,-3.0,0.0,-44.0
1776887108.2031028,2.0,0.0,-37.0
1776887108.2131028,1.0,3.0,-36.0
1776887108.2231028,-1.0,0.0,-35.0
1776887108.2331028,-1.0,-2.0,-33.0
1776887108.2431028,-1.0,-2.0,-39.0
1776887108.2531028,-2.0,0.0,-44.0
1776887108.2631028,-3.0,-2.0,-45.0
1776887108.2731028,-2.0,-3.0,-44.0
1776887108.2831028,5.0,-2.0,-39.0
1776887108.2931027,1.0,-4.0,-41.0
1776887108.3031027,2.0,-1.0,-36.0
1776887108.3131027,5.0,-5.0,-29.0
1776887108.3231027,4.0,-5.0,-32.0
1776887108.3331027,4.0,-4.0,-31.0
1776887108.3431027,5.0,-6.0,-33.0
1776887108.3531027,6.0,-5.0,-33.0
1776887108.363103,8.0,-2.0,-33.0
1776887108.373103,-1.0,-5.0,-38.0
1776887108.383103,-4.0,-6.0,-36.0
1776887108.3931026,-1.0,-2.0,-32.0
1776887108.4031026,-2.0,-4.0,-32.0
1776887108.4131026,-5.0,-1.0,-36.0
1776887108.4231029,-2.0,-5.0,-36.0
1776887108.4331028,-3.0,-8.0,-38.0
1776887108.4431028,-4.0,-8.0,-41.0
1776887108.4531028,-1.0,-5.0,-38.0
1776887108.4631028,0.0,-3.0,-45.0
1776887108.4731028,5.0,4.0,-43.0
1776887108.4831028,8.0,3.0,-39.0
1776887108.4931028,7.0,2.0,-40.0
1776887108.5031028,10.0,1.0,-37.0
1776887108.5131028,8.0,0.0,-41.0
1776887108.5231028,7.0,-3.0,-39.0
1776887108.5331028,0.0,-4.0,-33.0
1776887108.5431027,-4.0,-7.0,-36.0
1776887108.5531027,0.0,-5.0,-41.0
1776887108.5631027,1.0,-3.0,-40.0
1776887108.5731027,1.0,-1.0,-38.0
1776887108.5831027,-1.0,3.0,-40.0
1776887108.5931027,-3.0,3.0,-43.0
1776887108.6031027,-6.0,0.0,-54.0
1776887108.613103,-2.0,0.0,-54.0
1776887108.623103,-1.0,0.0,-47.0
1776887108.633103,-6.0,0.0,-43.0
1776887108.6431026,-7.0,-1.0,-40.0
1776887108.6531026,-1.0,-4.0,-39.0
1776887108.6631026,0.0,-6.0,-40.0
1776887108.6731029,-1.0,-8.0,-39.0
1776887108.6831028,-2.0,-7.0,-32.0
1776887108.6931028,-1.0,-7.0,-38.0
1776887108.7031028,0.0,-3.0,-39.0
1776887108.7131028,0.0,-6.0,-35.0
1776887108.7231028,1.0,-2.0,-30.0
1776887108.7331028,0.0,-1.0,-31.0
1776887108.7431028,-1.0,0.0,-27.0
1776887108.7531028,1.0,-4.0,-35.0
1776887108.7631028,0.0,-1.0,-34.0
1776887108.7731028,0.0,0.0,-33.0
1776887108.7831028,1.0,-1.0,-25.0
1776887108.7931027,4.0,-4.0,-26.0
1776887108.8031027,6.0,-7.0,-28.0
1776887108.8131027,2.0,-5.0,-31.0
1776887108.8231027,6.0,-2.0,-25.0
1776887108.8331027,6.0,1.0,-26.0
1776887108.8431027,7.0,0.0,-25.0
1776887108.8531027,8.0,0.0,-23.0
1776887108.863103,6.0,1.0,-24.0
1776887108.873103,4.0,3.0,-26.0
1776887108.883103,5.0,3.0,-28.0
1776887108.8931026,3.0,2.0,-34.0
1776887108.9031026,2.0,0.0,-44.0
1776887108.9131026,4.0,-2.0,-40.0
1776887108.9231029,2.0,-2.0,-39.0
1776887108.9331028,3.0,-4.0,-38.0
1776887108.9431028,1.0,-3.0,-36.0
1776887108.9531028,0.0,-6.0,-38.0
1776887108.9631028,5.0,-9.0,-43.0
1776887108.9731028,1.0,-5.0,-52.0
1776887108.9831028,2.0,-3.0,-53.0
1776887108.9931028,1.0,-3.0,-55.0
1776887109.0031028,4.0,-4.0,-54.0
1776887109.0131028,3.0,-2.0,-45.0
1776887109.0231028,-2.0,-2.0,-41.0
1776887109.0331028,-5.0,-4.0,-34.0
1776887109.0431027,-4.0,-5.0,-28.0
1776887109.0531027,-6.0,-5.0,-21.0
1776887109.0631027,-3.0,0.0,-14.0
1776887109.0731027,-6.0,0.0,-20.0
1776887109.0831027,-6.0,5.0,-31.0
1776887109.0931027,-1.0,6.0,-32.0
1776887109.1031027,-3.0,1.0,-35.0
1776887109.113103,-2.0,-3.0,-35.0
1776887109.123103,-4.0,-2.0,-33.0
1776887109.133103,-1.0,-3.0,-35.0
1776887109.1431026,0.0,-2.0,-38.0
1776887109.1531026,0.0,-1.0,-31.0
1776887109.1631026,-2.0,-2.0,-34.0
1776887109.1731029,-1.0,-5.0,-36.0
1776887109.1831028,0.0,-4.0,-42.0
1776887109.1931028,0.0,-2.0,-37.0
1776887109.2031028,0.0,-1.0,-31.0
1776887109.2131028,-1.0,-3.0,-33.0
1776887109.2231028,5.0,-3.0,-35.0
1776887109.2331028,3.0,0.0,-41.0
1776887109.2431028,5.0,2.0,-44.0
1776887109.2531028,5.0,1.0,-47.0
1776887109.2631028,2.0,0.0,-39.0
1776887109.2731028,0.0,-2.0,-39.0
1776887109.2831028,2.0,-2.0,-39.0
1776887109.2931027,1.0,-6.0,-43.0
1776887109.3031027,1.0,-6.0,-43.0
1776887109.3131027,0.0,-4.0,-45.0
1776887109.3231027,2.0,-10.0,-49.0
1776887109.3331027,0.0,-7.0,-40.0
1776887109.3431027,1.0,-4.0,-42.0
1776887109.3531027,0.0,-2.0,-44.0
1776887109.363103,0.0,-5.0,-47.0
1776887109.373103,-4.0,-3.0,-35.0
1776887109.383103,-4.0,-3.0,-29.0
1776887109.3931026,-3.0,-5.0,-29.0
1776887109.4031026,-4.0,-4.0,-38.0
1776887109.4131026,-3.0,-6.0,-37.0
1776887109.4231029,-3.0,-4.0,-34.0
1776887109.4331028,-2.0,-5.0,-32.0
1776887109.4431028,0.0,-5.0,-34.0
1776887109.4531028,0.0,-5.0,-30.0
1776887109.4631028,-5.0,-4.0,-31.0
1776887109.4731028,-4.0,-3.0,-34.0
1776887109.4831028,-7.0,-6.0,-33.0
1776887109.4931028,-3.0,-4.0,-39.0
1776887109.5031028,-2.0,-5.0,-41.0
1776887109.5131028,-1.0,-4.0,-39.0
1776887109.5231028,0.0,-1.0,-41.0
1776887109.5331028,0.0,-2.0,-32.0
1776887109.5431027,0.0,-2.0,-31.0
1776887109.5531027,0.0,-7.0,-25.0
1776887109.5631027,3.0,-9.0,-22.0
1776887109.5731027,4.0,-9.0,-28.0
1776887109.5831027,7.0,-6.0,-31.0
1776887109.5931027,6.0,-7.0,-34.0
1776887109.6031027,1.0,-4.0,-34.0
1776887109.613103,-5.0,-4.0,-30.0
1776887109.623103,-5.0,0.0,-31.0
1776887109.633103,-5.0,0.0,-37.0
1776887109.6431026,-5.0,-2.0,-38.0
1776887109.6531026,1.0,0.0,-34.0
1776887109.6631026,1.0,-1.0,-31.0
1776887109.6731029,-2.0,-7.0,-36.0
1776887109.6831028,-5.0,-3.0,-41.0
1776887109.6931028,-3.0,-4.0,-41.0
1776887109.7031028,-5.0,-4.0,-43.0
1776887109.7131028,-6.0,-5.0,-40.0
1776887109.7231028,-3.0,-3.0,-33.0
1776887109.7331028,0.0,0.0,-36.0
1776887109.7431028,2.0,2.0,-32.0
1776887109.7531028,5.0,1.0,-27.0
1776887109.7631028,5.0,1.0,-22.0
1776887109.7731028,2.0,0.0,-29.0
1776887109.7831028,5.0,2.0,-37.0
1776887109.7931027,6.0,-2.0,-47.0
1776887109.8031027,5.0,-4.0,-43.0
1776887109.8131027,2.0,-3.0,-38.0
1776887109.8231027,2.0,0.0,-34.0
1776887109.8331027,3.0,1.0,-27.0
1776887109.8431027,3.0,0.0,-32.0
1776887109.8531027,-1.0,0.0,-39.0
1776887109.863103,0.0,3.0,-46.0
1776887109.873103,1.0,3.0,-51.0
1776887109.883103,0.0,4.0,-48.0
1776887109.8931026,-3.0,2.0,-46.0
1776887109.9031026,-4.0,3.0,-40.0
1776887109.9131026,-2.0,0.0,-36.0
1776887109.9231029,2.0,0.0,-33.0
1776887109.9331028,2.0,-2.0,-28.0
1776887109.9431028,0.0,-3.0,-37.0
1776887109.9531028,0.0,-2.0,-39.0
1776887109.9641027,3.0,-1.0,-40.0
1776887109.9741027,1.0,0.0,-37.0
1776887109.9831028,7.0,-1.0,-39.0
1776887109.9941027,3.0,-2.0,-39.0
1776887110.0041027,6.0,-2.0,-37.0
1776887110.0141027,6.0,-2.0,-35.0
1776887110.0241027,5.0,-6.0,-32.0
1776887110.034103,4.0,-4.0,-33.0
1776887110.044103,4.0,-3.0,-28.0
1776887110.054103,3.0,-2.0,-28.0
1776887110.0641026,3.0,0.0,-29.0
1776887110.0741026,2.0,-1.0,-35.0
1776887110.0841026,-1.0,-6.0,-35.0
1776887110.0941026,0.0,-8.0,-34.0
1776887110.1041028,0.0,-9.0,-35.0
1776887110.1141028,2.0,-8.0,-36.0
1776887110.1241028,1.0,-5.0,-37.0
1776887110.1341028,0.0,-1.0,-39.0
1776887110.1441028,-1.0,-7.0,-37.0
1776887110.1541028,-4.0,-11.0,-39.0
1776887110.1641028,-5.0,-8.0,-38.0
1776887110.1741028,-7.0,-7.0,-40.0
1776887110.1841028,-7.0,-9.0,-43.0
1776887110.1941028,-9.0,-9.0,-41.0
1776887110.2041028,-8.0,-7.0,-45.0
1776887110.2141027,-2.0,-3.0,-47.0
1776887110.2241027,-2.0,-4.0,-47.0
1776887110.2341027,-8.0,-4.0,-48.0
1776887110.2441027,-5.0,-4.0,-42.0
1776887110.2541027,-6.0,-2.0,-41.0
1776887110.2641027,-6.0,-7.0,-49.0
1776887110.2741027,-3.0,-4.0,-43.0
1776887110.284103,-4.0,0.0,-38.0
1776887110.294103,-4.0,-1.0,-36.0
1776887110.304103,-1.0,-2.0,-35.0
1776887110.3141026,-1.0,-1.0,-40.0
1776887110.3241026,0.0,1.0,-39.0
1776887110.3341026,-3.0,2.0,-41.0
1776887110.3441026,-3.0,4.0,-44.0
1776887110.3541028,-4.0,0.0,-42.0
1776887110.3641028,-4.0,0.0,-30.0
1776887110.3741028,0.0,-1.0,-33.0
1776887110.3841028,0.0,-2.0,-37.0
1776887110.3941028,2.0,-4.0,-34.0
1776887110.4041028,9.0,-5.0,-32.0
1776887110.4141028,7.0,-7.0,-38.0
1776887110.4241028,3.0,-5.0,-34.0
1776887110.4341028,0.0,-5.0,-32.0
1776887110.4441028,-1.0,-6.0,-41.0
1776887110.4541028,-3.0,-5.0,-41.0
1776887110.4641027,-5.0,0.0,-42.0
1776887110.4741027,-3.0,0.0,-38.0
1776887110.4841027,-2.0,-1.0,-41.0
1776887110.4941027,-1.0,-1.0,-41.0
1776887110.5041027,1.0,-2.0,-44.0
1776887110.5141027,0.0,-5.0,-50.0
1776887110.5241027,-2.0,-1.0,-49.0
1776887110.534103,2.0,2.0,-44.0
1776887110.544103,2.0,3.0,-38.0
1776887110.554103,0.0,1.0,-35.0
1776887110.5641026,0.0,-1.0,-32.0
1776887110.5741026,5.0,0.0,-35.0
1776887110.5841026,4.0,5.0,-36.0
1776887110.5941026,0.0,4.0,-33.0
1776887110.6041028,0.0,3.0,-26.0
1776887110.6141028,1.0,3.0,-26.0
1776887110.6241028,3.0,-2.0,-29.0
1776887110.6341028,2.0,-3.0,-31.0
1776887110.6441028,3.0,-2.0,-37.0
1776887110.6541028,4.0,0.0,-43.0
1776887110.6641028,3.0,1.0,-44.0
1776887110.6741028,3.0,-1.0,-32.0
1776887110.6841028,4.0,-5.0,-33.0
1776887110.6941028,3.0,-6.0,-38.0
1776887110.7041028,1.0,-3.0,-40.0
1776887110.7141027,-2.0,-10.0,-43.0
1776887110.7241027,-4.0,-9.0,-40.0
1776887110.7341027,-5.0,-10.0,-39.0
1776887110.7441027,-1.0,-6.0,-37.0
1776887110.7541027,-1.0,-3.0,-37.0
1776887110.7641027,-3.0,0.0,-37.0
1776887110.7741027,-2.0,2.0,-40.0
1776887110.784103,-2.0,3.0,-36.0
1776887110.794103,-6.0,1.0,-32.0
1776887110.804103,-8.0,0.0,-32.0
1776887110.8141026,-3.0,-2.0,-39.0
1776887110.8241026,-1.0,-6.0,-37.0
1776887110.8341026,-3.0,-6.0,-42.0
1776887110.8441026,-4.0,-3.0,-42.0
1776887110.8541028,0.0,-3.0,-34.0
1776887110.8641028,-1.0,-5.0,-36.0
1776887110.8741028,0.0,-8.0,-45.0
1776887110.8841028,3.0,-6.0,-47.0
1776887110.8941028,1.0,-4.0,-49.0
1776887110.9041028,2.0,0.0,-44.0
1776887110.9141028,3.0,2.0,-39.0
1776887110.9241028,0.0,-1.0,-37.0
1776887110.9341028,4.0,-4.0,-38.0
1776887110.9441028,2.0,-5.0,-34.0
1776887110.9541028,5.0,-11.0,-35.0
1776887110.9641027,10.0,-11.0,-43.0
1776887110.9741027,7.0,-7.0,-44.0
1776887110.9841027,1.0,-9.0,-32.0
1776887110.9941027,0.0,-6.0,-30.0
1776887111.0041027,0.0,-8.0,-30.0
1776887111.0141027,0.0,-7.0,-33.0
1776887111.0241027,-2.0,-4.0,-30.0
1776887111.034103,0.0,-3.0,-29.0
1776887111.044103,-1.0,0.0,-34.0
1776887111.054103,0.0,-1.0,-34.0
1776887111.0641026,-2.0,-1.0,-37.0
1776887111.0741026,0.0,-1.0,-47.0
1776887111.0841026,-5.0,-1.0,-43.0
1776887111.0941026,-8.0,2.0,-43.0
1776887111.1041028,-7.0,0.0,-41.0
1776887111.1141028,-3.0,-1.0,-41.0
1776887111.1241028,-4.0,-4.0,-44.0
1776887111.1341028,-3.0,-5.0,-40.0
1776887111.1441028,-6.0,-7.0,-34.0
1776887111.1541028,-5.0,-5.0,-37.0
1776887111.1641028,-6.0,-4.0,-32.0
1776887111.1741028,-8.0,-4.0,-32.0
1776887111.1841028,-3.0,-2.0,-28.0
1776887111.1941028,0.0,-1.0,-20.0
1776887111.2041028,2.0,-4.0,-17.0
1776887111.2141027,-3.0,-5.0,-16.0
1776887111.2241027,0.0,-2.0,-20.0
1776887111.2341027,-3.0,-1.0,-29.0
1776887111.2441027,-7.0,0.0,-36.0
1776887111.2541027,-4.0,0.0,-36.0
1776887111.2641027,-1.0,3.0,-30.0
1776887111.2741027,0.0,4.0,-28.0
1776887111.284103,0.0,7.0,-32.0
1776887111.294103,2.0,4.0,-27.0
1776887111.304103,-5.0,0.0,-28.0
1776887111.3141026,-4.0,-2.0,-27.0
1776887111.3241026,-4.0,-1.0,-36.0
1776887111.3341026,0.0,-2.0,-37.0
1776887111.3441026,-4.0,-4.0,-35.0
1776887111.3541028,0.0,-2.0,-38.0
1776887111.3641028,1.0,-1.0,-40.0
1776887111.3741028,-1.0,1.0,-44.0
1776887111.3841028,-2.0,4.0,-45.0
1776887111.3941028,0.0,1.0,-53.0
1776887111.4041028,0.0,1.0,-46.0
1776887111.4141028,-2.0,2.0,-49.0
1776887111.4241028,0.0,3.0,-46.0
1776887111.4341028,4.0,0.0,-47.0
1776887111.4441028,7.0,-1.0,-42.0
1776887111.4541028,9.0,-4.0,-37.0
1776887111.4641027,7.0,-4.0,-36.0
1776887111.4741027,2.0,-9.0,-39.0
1776887111.4841027,5.0,-5.0,-39.0
1776887111.4941027,3.0,-6.0,-38.0
1776887111.5041027,4.0,-3.0,-49.0
1776887111.5151026,2.0,-1.0,-47.0
1776887111.5241027,0.0,-3.0,-52.0
1776887111.534103,0.0,0.0,-47.0
1776887111.544103,-1.0,1.0,-45.0
1776887111.554103,0.0,-1.0,-44.0
1776887111.5641026,-4.0,-1.0,-43.0
1776887111.5741026,-2.0,-5.0,-49.0
1776887111.5841026,-4.0,-1.0,-46.0
1776887111.5941026,-3.0,0.0,-48.0
1776887111.6041028,-1.0,-3.0,-45.0
1776887111.6141028,0.0,-5.0,-45.0
1776887111.6241028,7.0,-8.0,-41.0
1776887111.6341028,6.0,-8.0,-42.0
1776887111.6441028,8.0,-9.0,-40.0
1776887111.6541028,5.0,-7.0,-39.0
1776887111.6641028,12.0,-3.0,-47.0
1776887111.6741028,9.0,-2.0,-49.0
1776887111.6841028,10.0,-2.0,-46.0
1776887111.6941028,7.0,0.0,-46.0
1776887111.7041028,8.0,-4.0,-44.0
1776887111.7141027,5.0,-4.0,-42.0
1776887111.7241027,12.0,0.0,-42.0
1776887111.7341027,6.0,-1.0,-44.0
1776887111.7441027,5.0,0.0,-47.0
1776887111.7541027,5.0,1.0,-43.0
1776887111.7641027,5.0,0.0,-45.0
1776887111.7741027,2.0,2.0,-50.0
1776887111.784103,3.0,0.0,-50.0
1776887111.794103,3.0,0.0,-41.0
1776887111.804103,4.0,-1.0,-39.0
1776887111.8141026,2.0,-1.0,-45.0
1776887111.8241026,4.0,0.0,-37.0
1776887111.8341026,3.0,0.0,-39.0
1776887111.8441026,2.0,1.0,-40.0
1776887111.8541028,0.0,2.0,-35.0
1776887111.8641028,-1.0,5.0,-35.0
1776887111.8741028,-1.0,9.0,-42.0
1776887111.8841028,-3.0,7.0,-38.0
1776887111.8941028,-4.0,5.0,-46.0
1776887111.9041028,-7.0,7.0,-46.0
1776887111.9141028,-8.0,4.0,-44.0
1776887111.9241028,-14.0,5.0,-50.0
1776887111.9341028,-11.0,3.0,-55.0
1776887111.9441028,-9.0,1.0,-53.0
1776887111.9541028,-7.0,-2.0,-52.0
1776887111.965103,-3.0,-6.0,-49.0
1776887111.975103,-3.0,-2.0,-47.0
1776887111.985103,-3.0,-2.0,-47.0
1776887111.9951026,0.0,-4.0,-44.0
1776887112.0051026,-3.0,-1.0,-42.0
1776887112.0151026,-3.0,-2.0,-39.0
1776887112.0251029,-3.0,-2.0,-43.0
1776887112.0351028,1.0,-2.0,-45.0
1776887112.0451028,-1.0,-4.0,-43.0
1776887112.0551028,-3.0,-1.0,-48.0
1776887112.0651028,-5.0,-5.0,-53.0
1776887112.0751028,-2.0,-4.0,-49.0
1776887112.0851028,2.0,-6.0,-52.0
1776887112.0951028,5.0,-7.0,-48.0
1776887112.1051028,0.0,-4.0,-43.0
1776887112.1151028,-1.0,-3.0,-36.0
1776887112.1251028,-2.0,-2.0,-34.0
1776887112.1351027,3.0,0.0,-35.0
1776887112.1451027,5.0,3.0,-39.0
1776887112.1551027,6.0,3.0,-39.0
1776887112.1651027,2.0,0.0,-35.0
1776887112.1751027,5.0,-1.0,-42.0
1776887112.1851027,2.0,-1.0,-39.0
1776887112.1951027,0.0,-1.0,-36.0
1776887112.2051027,-4.0,-3.0,-33.0
1776887112.215103,-6.0,-5.0,-31.0
1776887112.225103,-2.0,-3.0,-41.0
1776887112.235103,-8.0,-4.0,-41.0
1776887112.2451026,-7.0,-4.0,-41.0
1776887112.2551026,-4.0,-5.0,-47.0
1776887112.2651026,0.0,-5.0,-43.0
1776887112.2751029,-2.0,-4.0,-32.0
1776887112.2851028,-2.0,-5.0,-29.0
1776887112.2951028,-2.0,-7.0,-33.0
1776887112.3051028,0.0,-6.0,-39.0
1776887112.3151028,-1.0,-4.0,-44.0
1776887112.3251028,-1.0,-4.0,-38.0
1776887112.3351028,3.0,-7.0,-38.0
1776887112.3451028,2.0,-8.0,-39.0
1776887112.3551028,2.0,-10.0,-40.0
1776887112.3651028,-3.0,-11.0,-43.0
1776887112.3751028,-7.0,-8.0,-37.0
1776887112.3851027,-3.0,-6.0,-35.0
1776887112.3951027,-3.0,-5.0,-32.0
1776887112.4051027,-4.0,0.0,-39.0
1776887112.4151027,-2.0,1.0,-40.0
1776887112.4251027,-4.0,2.0,-39.0
1776887112.4351027,0.0,0.0,-40.0
1776887112.4451027,-4.0,-4.0,-39.0
1776887112.4551027,0.0,-6.0,-35.0
1776887112.465103,-1.0,-5.0,-35.0
1776887112.475103,-5.0,-7.0,-37.0
1776887112.485103,-6.0,-4.0,-38.0
1776887112.4951026,-9.0,-1.0,-42.0
1776887112.5051026,-6.0,-1.0,-46.0
1776887112.5151026,-5.0,-2.0,-45.0
1776887112.5251029,-8.0,-4.0,-44.0
1776887112.5351028,-4.0,-3.0,-45.0
1776887112.5451028,2.0,-3.0,-34.0
1776887112.5551028,4.0,-2.0,-32.0
1776887112.5651028,-2.0,0.0,-29.0
1776887112.5751028,0.0,0.0,-32.0
1776887112.5851028,0.0,-1.0,-29.0
1776887112.5951028,0.0,0.0,-31.0
1776887112.6051028,-1.0,3.0,-34.0
1776887112.6151028,-1.0,7.0,-33.0
1776887112.6251028,-1.0,10.0,-28.0
1776887112.6351027,4.0,12.0,-28.0
1776887112.6451027,7.0,10.0,-20.0
1776887112.6551027,3.0,4.0,-30.0
1776887112.6651027,4.0,3.0,-32.0
1776887112.6751027,1.0,6.0,-37.0
1776887112.6851027,1.0,5.0,-36.0
1776887112.6951027,2.0,5.0,-35.0
1776887112.7051027,0.0,2.0,-37.0
1776887112.715103,0.0,0.0,-37.0
1776887112.725103,-2.0,-2.0,-39.0
1776887112.735103,-7.0,-2.0,-37.0
1776887112.7451026,-2.0,0.0,-34.0
1776887112.7551026,0.0,1.0,-39.0
1776887112.7651026,-4.0,-3.0,-37.0
1776887112.7751029,-5.0,-3.0,-34.0
1776887112.7851028,-3.0,-5.0,-39.0
1776887112.7951028,-6.0,-4.0,-40.0
1776887112.8051028,-1.0,0.0,-41.0
1776887112.8151028,-1.0,0.0,-44.0
1776887112.8251028,3.0,1.0,-47.0
1776887112.8351028,3.0,0.0,-41.0
1776887112.8451028,2.0,0.0,-38.0
1776887112.8551028,-1.0,0.0,-40.0
1776887112.8651028,-6.0,0.0,-48.0
1776887112.8751028,-2.0,2.0,-50.0
1776887112.8851027,-3.0,1.0,-48.0
1776887112.8951027,1.0,2.0,-44.0
1776887112.9051027,2.0,0.0,-37.0
1776887112.9151027,0.0,-1.0,-33.0
1776887112.9251027,0.0,-4.0,-32.0
1776887112.9351027,2.0,0.0,-34.0
1776887112.9451027,2.0,1.0,-30.0
1776887112.9551027,4.0,-3.0,-24.0
1776887112.965103,4.0,-6.0,-21.0
1776887112.975103,8.0,-5.0,-25.0
1776887112.985103,5.0,-7.0,-24.0
1776887112.9951026,2.0,-4.0,-26.0
1776887113.0051026,-1.0,-3.0,-26.0
1776887113.0151026,-3.0,-4.0,-30.0
1776887113.0251029,-2.0,-1.0,-28.0
1776887113.0351028,1.0,-3.0,-31.0
1776887113.0451028,0.0,-5.0,-35.0
1776887113.0551028,0.0,-5.0,-39.0
1776887113.0651028,-2.0,-4.0,-39.0
1776887113.0751028,0.0,-7.0,-39.0
1776887113.0851028,1.0,-5.0,-38.0
1776887113.0951028,0.0,-4.0,-32.0
1776887113.1051028,-3.0,0.0,-38.0
1776887113.1151028,-2.0,0.0,-38.0
1776887113.1251028,0.0,-3.0,-40.0
1776887113.1351027,-1.0,-4.0,-34.0
1776887113.1451027,-2.0,-4.0,-36.0
1776887113.1551027,-2.0,-4.0,-40.0
1776887113.1651027,-8.0,-7.0,-42.0
1776887113.1751027,-6.0,-6.0,-40.0
1776887113.1851027,-6.0,-6.0,-45.0
1776887113.1951027,-4.0,-1.0,-45.0
1776887113.2051027,-5.0,-3.0,-43.0
1776887113.215103,-5.0,-6.0,-44.0
1776887113.225103,-4.0,-6.0,-48.0
1776887113.235103,-4.0,-6.0,-50.0
1776887113.2451026,-1.0,-6.0,-44.0
1776887113.2551026,-2.0,-5.0,-44.0
1776887113.2651026,-4.0,-3.0,-41.0
1776887113.2751029,-2.0,-6.0,-41.0
1776887113.2851028,-3.0,-6.0,-40.0
1776887113.2951028,-4.0,-8.0,-43.0
1776887113.3051028,-3.0,-9.0,-42.0
1776887113.3151028,-2.0,-8.0,-41.0
1776887113.3251028,-6.0,-6.0,-37.0
1776887113.3351028,-9.0,-6.0,-43.0
1776887113.3451028,-8.0,-5.0,-41.0
1776887113.3551028,-6.0,-7.0,-47.0
1776887113.3651028,-7.0,-7.0,-49.0
1776887113.3751028,-4.0,-6.0,-45.0
1776887113.3851027,-2.0,-5.0,-44.0
1776887113.3951027,-3.0,1.0,-45.0
1776887113.4051027,-4.0,5.0,-37.0
1776887113.4151027,-6.0,4.0,-36.0
1776887113.4251027,-2.0,4.0,-33.0
1776887113.4351027,0.0,2.0,-30.0
1776887113.4451027,2.0,0.0,-26.0
1776887113.4551027,-2.0,0.0,-26.0
1776887113.465103,0.0,0.0,-29.0
1776887113.475103,0.0,-1.0,-27.0
1776887113.485103,0.0,-1.0,-28.0
1776887113.4951026,-1.0,-3.0,-32.0
1776887113.5051026,1.0,-5.0,-33.0
1776887113.5151026,-2.0,-8.0,-37.0
1776887113.5251029,-3.0,-9.0,-39.0
1776887113.5351028,-2.0,0.0,-40.0
1776887113.5451028,-2.0,1.0,-32.0
1776887113.5551028,2.0,0.0,-32.0
1776887113.5651028,2.0,-4.0,-34.0
1776887113.5751028,0.0,-2.0,-35.0
1776887113.5851028,-2.0,0.0,-32.0
1776887113.5951028,0.0,-1.0,-33.0
1776887113.6051028,8.0,-7.0,-29.0
1776887113.6151028,4.0,-2.0,-32.0
1776887113.6251028,4.0,0.0,-32.0
1776887113.6351027,1.0,-1.0,-34.0
1776887113.6451027,0.0,3.0,-44.0
1776887113.6551027,0.0,0.0,-43.0
1776887113.6651027,0.0,-2.0,-44.0
1776887113.6751027,-3.0,-1.0,-39.0
1776887113.6851027,-2.0,-4.0,-43.0
1776887113.6951027,0.0,-2.0,-49.0
1776887113.7051027,1.0,-4.0,-42.0
1776887113.715103,0.0,-5.0,-38.0
1776887113.725103,1.0,-3.0,-38.0
1776887113.735103,0.0,-5.0,-39.0
1776887113.7451026,1.0,-1.0,-39.0
1776887113.7551026,-3.0,0.0,-34.0
1776887113.7651026,-7.0,0.0,-32.0
1776887113.7751029,-6.0,1.0,-38.0
1776887113.7851028,-7.0,1.0,-37.0
1776887113.7951028,-6.0,-1.0,-36.0
1776887113.8051028,-6.0,-3.0,-28.0
1776887113.8151028,-2.0,-4.0,-27.0
1776887113.8251028,-1.0,-7.0,-31.0
1776887113.8351028,-1.0,-5.0,-35.0
1776887113.8451028,0.0,-5.0,-38.0
1776887113.8551028,1.0,-1.0,-34.0
1776887113.8651028,1.0,-2.0,-32.0
1776887113.8751028,3.0,-1.0,-34.0
1776887113.8851027,0.0,-6.0,-29.0
1776887113.8951027,1.0,-5.0,-27.0
1776887113.9051027,-1.0,-2.0,-30.0
1776887113.9151027,0.0,-1.0,-35.0
1776887113.9251027,-2.0,-3.0,-35.0
1776887113.9351027,0.0,-3.0,-35.0
1776887113.9451027,3.0,-4.0,-29.0
1776887113.9551027,0.0,-5.0,-24.0
1776887113.965103,0.0,-4.0,-28.0
1776887113.9761028,-1.0,-1.0,-23.0
1776887113.985103,-1.0,2.0,-22.0
1776887113.9961028,-5.0,2.0,-22.0
1776887114.0061028,-2.0,1.0,-29.0
1776887114.0161028,1.0,0.0,-30.0
1776887114.0261028,2.0,1.0,-36.0
1776887114.0361028,2.0,1.0,-37.0
1776887114.0461028,0.0,0.0,-36.0
1776887114.0561028,3.0,-3.0,-37.0
1776887114.0661027,0.0,-5.0,-43.0
1776887114.0761027,-2.0,-5.0,-44.0
1776887114.0861027,-1.0,-10.0,-47.0
1776887114.0961027,0.0,-6.0,-41.0
1776887114.1061027,0.0,-4.0,-42.0
1776887114.1161027,5.0,-6.0,-40.0
1776887114.1261027,3.0,-3.0,-49.0
1776887114.136103,4.0,-4.0,-50.0
1776887114.146103,6.0,-3.0,-42.0
1776887114.156103,8.0,-4.0,-37.0
1776887114.1661026,4.0,-3.0,-40.0
1776887114.1761026,2.0,-1.0,-47.0
1776887114.1861026,-2.0,-2.0,-43.0
1776887114.1961029,-5.0,-2.0,-37.0
1776887114.2061028,0.0,-5.0,-37.0
1776887114.2161028,-1.0,-3.0,-37.0
1776887114.2261028,-4.0,-5.0,-30.0
1776887114.2361028,-4.0,-2.0,-32.0
1776887114.2461028,-2.0,-1.0,-30.0
1776887114.2561028,-2.0,-3.0,-27.0
1776887114.2661028,2.0,-3.0,-33.0
1776887114.2761028,0.0,-1.0,-33.0
1776887114.2861028,0.0,-1.0,-39.0
1776887114.2961028,1.0,0.0,-36.0
1776887114.3061028,2.0,1.0,-28.0
1776887114.3161027,7.0,1.0,-28.0
1776887114.3261027,7.0,0.0,-33.0
1776887114.3361027,7.0,0.0,-35.0
1776887114.3461027,7.0,5.0,-33.0
1776887114.3561027,4.0,3.0,-29.0
1776887114.3661027,-1.0,3.0,-25.0
1776887114.3761027,-3.0,3.0,-35.0
1776887114.386103,0.0,0.0,-39.0
1776887114.396103,-2.0,-2.0,-44.0
1776887114.406103,-4.0,0.0,-49.0
1776887114.4161026,-3.0,-1.0,-48.0
1776887114.4261026,1.0,-2.0,-49.0
1776887114.4361026,1.0,-2.0,-42.0
1776887114.4461029,1.0,-1.0,-40.0
1776887114.4561028,-2.0,-3.0,-38.0
1776887114.4661028,-3.0,-1.0,-36.0
1776887114.4761028,2.0,0.0,-38.0
1776887114.4861028,0.0,-3.0,-38.0
1776887114.4961028,-1.0,-3.0,-38.0
1776887114.5061028,0.0,1.0,-29.0
1776887114.5161028,1.0,-1.0,-21.0
1776887114.5261028,1.0,-4.0,-22.0
1776887114.5361028,-1.0,-3.0,-20.0
1776887114.5461028,-1.0,-2.0,-28.0
1776887114.5561028,1.0,-3.0,-36.0
1776887114.5661027,1.0,-8.0,-35.0
1776887114.5761027,2.0,-6.0,-35.0
1776887114.5861027,1.0,-2.0,-34.0
1776887114.5961027,1.0,0.0,-27.0
1776887114.6061027,4.0,0.0,-24.0
1776887114.6161027,5.0,-3.0,-33.0
1776887114.6261027,3.0,-2.0,-33.0
1776887114.636103,1.0,-2.0,-35.0
1776887114.646103,3.0,-4.0,-43.0
1776887114.656103,5.0,-6.0,-43.0
1776887114.6661026,0.0,-10.0,-44.0
1776887114.6761026,-1.0,-8.0,-48.0
1776887114.6861026,0.0,-8.0,-41.0
1776887114.6961029,4.0,-9.0,-40.0
1776887114.7061028,5.0,-8.0,-34.0
1776887114.7161028,5.0,-8.0,-38.0
1776887114.7261028,4.0,-4.0,-31.0
1776887114.7361028,6.0,-2.0,-28.0
1776887114.7461028,3.0,-6.0,-29.0
1776887114.7561028,4.0,-7.0,-26.0
1776887114.7661028,6.0,-5.0,-23.0
1776887114.7761028,5.0,-5.0,-25.0
1776887114.7861028,5.0,-3.0,-27.0
1776887114.7961028,2.0,1.0,-29.0
1776887114.8061028,2.0,3.0,-32.0
1776887114.8161027,1.0,2.0,-35.0
1776887114.8261027,-4.0,3.0,-39.0
1776887114.8361027,-5.0,3.0,-36.0
1776887114.8461027,-1.0,0.0,-37.0
1776887114.8561027,6.0,0.0,-35.0
1776887114.8661027,4.0,-4.0,-35.0
1776887114.8761027,-1.0,-2.0,-32.0
1776887114.886103,-3.0,-3.0,-28.0
1776887114.896103,-1.0,-1.0,-33.0
1776887114.906103,-5.0,0.0,-34.0
1776887114.9161026,-3.0,0.0,-36.0
1776887114.9261026,-3.0,4.0,-29.0
1776887114.9361026,-2.0,3.0,-35.0
1776887114.9461029,0.0,2.0,-42.0
1776887114.9561028,1.0,3.0,-46.0
1776887114.9661028,0.0,0.0,-50.0
1776887114.9761028,1.0,-3.0,-48.0
1776887114.9861028,0.0,-5.0,-48.0
1776887114.9961028,3.0,-2.0,-50.0
1776887115.0061028,4.0,0.0,-42.0
1776887115.0161028,3.0,-1.0,-40.0
1776887115.0261028,1.0,1.0,-40.0
1776887115.0361028,3.0,5.0,-38.0
1776887115.0461028,0.0,5.0,-36.0
1776887115.0561028,-2.0,2.0,-36.0
1776887115.0661027,-2.0,2.0,-35.0
1776887115.0761027,1.0,1.0,-36.0
1776887115.0861027,3.0,1.0,-37.0
1776887115.0961027,4.0,-1.0,-34.0
1776887115.1061027,3.0,-7.0,-35.0
1776887115.1161027,4.0,-4.0,-39.0
1776887115.1261027,3.0,-4.0,-42.0
1776887115.136103,3.0,-5.0,-40.0
1776887115.146103,0.0,-3.0,-36.0
1776887115.156103,2.0,2.0,-30.0
1776887115.1661026,-3.0,0.0,-28.0
1776887115.1761026,-5.0,0.0,-30.0
1776887115.1861026,0.0,3.0,-35.0
1776887115.1961029,-4.0,0.0,-37.0
1776887115.2061028,-4.0,-1.0,-33.0
1776887115.2161028,-9.0,-2.0,-32.0
1776887115.2261028,-8.0,-5.0,-40.0
1776887115.2361028,-10.0,-3.0,-42.0
1776887115.2461028,-6.0,-4.0,-43.0
1776887115.2561028,-3.0,-6.0,-42.0
1776887115.2661028,3.0,-5.0,-37.0
1776887115.2761028,4.0,-2.0,-34.0
1776887115.2861028,5.0,-6.0,-33.0
1776887115.2961028,-1.0,-7.0,-38.0
1776887115.3061028,0.0,-12.0,-36.0
1776887115.3161027,-2.0,-6.0,-36.0
1776887115.3261027,-2.0,-7.0,-39.0
1776887115.3361027,0.0,-6.0,-35.0
1776887115.3461027,-1.0,-4.0,-33.0
1776887115.3561027,-5.0,2.0,-31.0
1776887115.3661027,-7.0,-3.0,-34.0
1776887115.3761027,-4.0,-8.0,-40.0
1776887115.386103,-1.0,-6.0,-30.0
1776887115.396103,0.0,-10.0,-23.0
1776887115.406103,3.0,-7.0,-23.0
1776887115.4161026,1.0,-11.0,-25.0
1776887115.4261026,4.0,-11.0,-30.0
1776887115.4361026,8.0,-11.0,-28.0
1776887115.4461029,2.0,-8.0,-35.0
1776887115.4561028,0.0,-4.0,-37.0
1776887115.4661028,1.0,-6.0,-37.0
1776887115.4761028,-2.0,-6.0,-34.0
1776887115.4861028,-3.0,-6.0,-28.0
1776887115.4961028,-1.0,-5.0,-31.0
1776887115.5061028,-3.0,-2.0,-31.0
1776887115.5161028,-1.0,-2.0,-30.0
1776887115.5261028,0.0,1.0,-32.0
1776887115.5361028,-2.0,0.0,-33.0
1776887115.5461028,-2.0,-1.0,-34.0
1776887115.5561028,4.0,0.0,-36.0
1776887115.5661027,6.0,3.0,-33.0
1776887115.5761027,6.0,2.0,-26.0
1776887115.5861027,0.0,0.0,-25.0
1776887115.5961027,0.0,-1.0,-26.0
1776887115.6061027,1.0,-2.0,-24.0
1776887115.6161027,0.0,-1.0,-29.0
1776887115.6261027,0.0,-2.0,-32.0
1776887115.636103,0.0,0.0,-31.0
1776887115.646103,0.0,0.0,-30.0
1776887115.656103,-3.0,0.0,-34.0
1776887115.6661026,-2.0,0.0,-36.0
1776887115.6761026,-1.0,0.0,-41.0
1776887115.6861026,-1.0,3.0,-35.0
1776887115.6961029,-4.0,-1.0,-34.0
1776887115.7061028,0.0,-1.0,-31.0
1776887115.7161028,0.0,-4.0,-36.0
1776887115.7261028,-3.0,-4.0,-34.0
1776887115.7361028,-8.0,-1.0,-30.0
1776887115.7461028,-13.0,-4.0,-29.0
1776887115.7561028,-10.0,-2.0,-33.0
1776887115.7661028,-8.0,-2.0,-34.0
1776887115.7761028,-8.0,-3.0,-38.0
1776887115.7861028,-8.0,-2.0,-37.0
1776887115.7961028,-5.0,-5.0,-34.0
1776887115.8061028,0.0,-5.0,-31.0
1776887115.8161027,0.0,-2.0,-39.0
1776887115.8261027,-4.0,-2.0,-34.0
1776887115.8361027,2.0,0.0,-32.0
1776887115.8461027,6.0,0.0,-33.0
1776887115.8561027,8.0,1.0,-35.0
1776887115.8661027,6.0,-5.0,-41.0
1776887115.8761027,1.0,-4.0,-41.0
1776887115.886103,-2.0,-2.0,-40.0
1776887115.896103,-2.0,-4.0,-40.0
1776887115.906103,4.0,0.0,-41.0
1776887115.9161026,3.0,-1.0,-39.0
1776887115.9261026,5.0,1.0,-35.0
1776887115.9361026,4.0,0.0,-28.0
1776887115.9471028,-1.0,0.0,-39.0
1776887115.9561028,0.0,2.0,-46.0
1776887115.9671028,2.0,2.0,-43.0
1776887115.9771028,0.0,0.0,-43.0
1776887115.9871027,0.0,0.0,-41.0
1776887115.9971027,1.0,1.0,-40.0
1776887116.0071027,0.0,1.0,-42.0
1776887116.0171027,-2.0,0.0,-43.0
1776887116.0271027,-1.0,0.0,-37.0
1776887116.0371027,-6.0,-2.0,-29.0
1776887116.0471027,-6.0,0.0,-31.0
1776887116.057103,-2.0,0.0,-31.0
1776887116.067103,-2.0,1.0,-36.0
1776887116.077103,0.0,0.0,-36.0
1776887116.087103,2.0,-1.0,-32.0
1776887116.0971026,6.0,-3.0,-33.0
1776887116.1071026,5.0,0.0,-36.0
1776887116.1171026,5.0,0.0,-33.0
1776887116.1271029,3.0,-1.0,-33.0
1776887116.1371028,3.0,1.0,-34.0
1776887116.1471028,5.0,4.0,-29.0
1776887116.1571028,4.0,3.0,-27.0
1776887116.1671028,1.0,2.0,-26.0
1776887116.1771028,1.0,8.0,-31.0
1776887116.1871028,0.0,5.0,-39.0
1776887116.1971028,1.0,3.0,-31.0
1776887116.2071028,7.0,4.0,-38.0
1776887116.2171028,8.0,4.0,-39.0
1776887116.2271028,5.0,3.0,-45.0
1776887116.2371027,3.0,2.0,-42.0
1776887116.2471027,1.0,-4.0,-39.0
1776887116.2571027,-1.0,-6.0,-43.0
1776887116.2671027,-3.0,-3.0,-51.0
1776887116.2771027,-2.0,-1.0,-46.0
1776887116.2871027,-3.0,0.0,-49.0
1776887116.2971027,-1.0,-1.0,-50.0
1776887116.307103,0.0,0.0,-49.0
1776887116.317103,0.0,-4.0,-51.0
1776887116.327103,-1.0,-6.0,-51.0
1776887116.337103,-1.0,-7.0,-51.0
1776887116.3471026,5.0,-6.0,-41.0
1776887116.3571026,0.0,-3.0,-38.0
1776887116.3671026,2.0,0.0,-42.0
1776887116.3771029,0.0,1.0,-50.0
1776887116.3871028,4.0,-3.0,-47.0
1776887116.3971028,2.0,-3.0,-45.0
1776887116.4071028,2.0,-5.0,-39.0
1776887116.4171028,3.0,-3.0,-31.0
1776887116.4271028,3.0,-1.0,-32.0
1776887116.4371028,4.0,0.0,-33.0
1776887116.4471028,3.0,0.0,-33.0
1776887116.4571028,-3.0,-1.0,-30.0
1776887116.4671028,-1.0,0.0,-30.0
1776887116.4771028,0.0,-2.0,-28.0
1776887116.4871027,-1.0,-4.0,-36.0
1776887116.4971027,2.0,0.0,-39.0
1776887116.5071027,0.0,1.0,-35.0
1776887116.5171027,-2.0,-2.0,-33.0
1776887116.5271027,2.0,0.0,-29.0
1776887116.5371027,3.0,-1.0,-33.0
1776887116.5471027,-1.0,-1.0,-32.0
1776887116.557103,0.0,0.0,-36.0
1776887116.567103,0.0,0.0,-37.0
1776887116.577103,0.0,0.0,-41.0
1776887116.587103,2.0,3.0,-35.0
1776887116.5971026,2.0,5.0,-40.0
1776887116.6071026,3.0,3.0,-41.0
1776887116.6171026,3.0,-1.0,-34.0
1776887116.6271029,5.0,0.0,-32.0
1776887116.6371028,7.0,-1.0,-29.0
1776887116.6471028,8.0,-1.0,-35.0
1776887116.6571028,7.0,-2.0,-39.0
1776887116.6671028,6.0,0.0,-38.0
1776887116.6771028,8.0,-3.0,-32.0
1776887116.6871028,5.0,-1.0,-37.0
1776887116.6971028,5.0,-5.0,-37.0
1776887116.7071028,5.0,-5.0,-40.0
1776887116.7171028,8.0,-1.0,-36.0
1776887116.7271028,5.0,1.0,-39.0
1776887116.7371027,4.0,0.0,-36.0
1776887116.7471027,2.0,-1.0,-40.0
1776887116.7571027,-3.0,-1.0,-39.0
1776887116.7671027,-2.0,-5.0,-40.0
1776887116.7771027,1.0,-10.0,-37.0
1776887116.7871027,5.0,-6.0,-41.0
1776887116.7971027,4.0,-7.0,-43.0
1776887116.807103,4.0,-8.0,-43.0
1776887116.817103,1.0,-5.0,-37.0
1776887116.827103,3.0,-2.0,-35.0
1776887116.837103,6.0,-1.0,-35.0
1776887116.8471026,1.0,0.0,-35.0
1776887116.8571026,1.0,2.0,-31.0
1776887116.8671026,4.0,1.0,-29.0
1776887116.8771029,7.0,-2.0,-31.0
1776887116.8871028,5.0,1.0,-26.0
1776887116.8971028,3.0,2.0,-26.0
1776887116.9071028,2.0,0.0,-27.0
1776887116.9171028,5.0,-4.0,-27.0
1776887116.9271028,3.0,-6.0,-30.0
1776887116.9371028,0.0,-5.0,-32.0
1776887116.9471028,2.0,-3.0,-34.0
1776887116.9571028,5.0,-1.0,-32.0
1776887116.9671028,4.0,0.0,-29.0
1776887116.9771028,4.0,0.0,-34.0
1776887116.9871027,4.0,-4.0,-43.0
1776887116.9971027,1.0,-4.0,-37.0
1776887117.0071027,0.0,-1.0,-35.0
1776887117.0171027,0.0,0.0,-38.0
1776887117.0271027,0.0,2.0,-36.0
1776887117.0371027,0.0,2.0,-37.0
1776887117.0471027,2.0,3.0,-44.0
1776887117.057103,1.0,3.0,-45.0
1776887117.067103,3.0,-2.0,-47.0
1776887117.077103,0.0,-2.0,-49.0
1776887117.087103,0.0,2.0,-42.0
1776887117.0971026,3.0,-2.0,-38.0
1776887117.1071026,3.0,-4.0,-39.0
1776887117.1171026,8.0,-7.0,-45.0
1776887117.1271029,4.0,-5.0,-47.0
1776887117.1371028,5.0,-9.0,-42.0
1776887117.1471028,10.0,-8.0,-45.0
1776887117.1571028,12.0,-4.0,-46.0
1776887117.1671028,16.0,-7.0,-53.0
1776887117.1771028,14.0,-9.0,-52.0
1776887117.1871028,12.0,-5.0,-46.0
1776887117.1971028,8.0,-1.0,-48.0
1776887117.2071028,4.0,-1.0,-51.0
1776887117.2171028,6.0,-2.0,-41.0
1776887117.2271028,7.0,-3.0,-43.0
1776887117.2371027,4.0,-2.0,-39.0
1776887117.2471027,3.0,-4.0,-36.0
1776887117.2571027,5.0,-4.0,-37.0
1776887117.2671027,3.0,-5.0,-40.0
1776887117.2771027,0.0,-5.0,-36.0
1776887117.2871027,1.0,-6.0,-35.0
1776887117.2971027,0.0,-6.0,-36.0
1776887117.307103,4.0,-5.0,-39.0
1776887117.317103,-2.0,-3.0,-39.0
1776887117.327103,-3.0,-3.0,-41.0
1776887117.337103,-2.0,-6.0,-40.0
1776887117.3471026,-2.0,-9.0,-44.0
1776887117.3571026,0.0,-8.0,-41.0
1776887117.3671026,2.0,-7.0,-41.0
1776887117.3771029,-3.0,-7.0,-33.0
1776887117.3871028,-4.0,-11.0,-30.0
1776887117.3971028,-6.0,-7.0,-27.0
1776887117.4071028,-7.0,-5.0,-17.0
1776887117.4171028,-9.0,-6.0,-20.0
1776887117.4271028,-7.0,-5.0,-22.0
1776887117.4371028,-8.0,-4.0,-23.0
1776887117.4471028,-9.0,-4.0,-23.0
1776887117.4571028,-6.0,-2.0,-25.0
1776887117.4671028,-8.0,-2.0,-30.0
1776887117.4771028,-7.0,0.0,-35.0
1776887117.4871027,-4.0,0.0,-38.0
1776887117.4971027,-7.0,-2.0,-49.0
1776887117.5071027,-10.0,-4.0,-49.0
1776887117.5171027,-8.0,-2.0,-49.0
1776887117.5271027,-3.0,-2.0,-45.0
1776887117.5371027,-3.0,3.0,-45.0
1776887117.5471027,-3.0,6.0,-43.0
1776887117.557103,0.0,2.0,-42.0
1776887117.567103,4.0,3.0,-41.0
1776887117.577103,5.0,2.0,-34.0
1776887117.587103,-1.0,3.0,-34.0
1776887117.5971026,-2.0,2.0,-26.0
1776887117.6071026,0.0,3.0,-32.0
1776887117.6171026,2.0,4.0,-35.0
1776887117.6271029,5.0,0.0,-33.0
1776887117.6371028,2.0,-3.0,-31.0
1776887117.6471028,6.0,-4.0,-31.0
1776887117.6571028,2.0,-6.0,-32.0
1776887117.6671028,5.0,-4.0,-29.0
1776887117.6771028,5.0,-4.0,-31.0
1776887117.6871028,1.0,0.0,-34.0
1776887117.6971028,0.0,0.0,-33.0
1776887117.7071028,2.0,1.0,-41.0
1776887117.7171028,-1.0,2.0,-37.0
1776887117.7271028,0.0,4.0,-36.0
1776887117.7371027,-1.0,4.0,-36.0
1776887117.7471027,0.0,3.0,-33.0
1776887117.7571027,0.0,0.0,-35.0
1776887117.7671027,-2.0,-4.0,-37.0
1776887117.7771027,-3.0,-1.0,-38.0
1776887117.7871027,-5.0,0.0,-39.0
1776887117.7971027,-5.0,-2.0,-38.0
1776887117.807103,-4.0,-4.0,-40.0
1776887117.817103,-3.0,-3.0,-44.0
1776887117.827103,0.0,1.0,-42.0
1776887117.837103,4.0,2.0,-39.0
1776887117.8471026,4.0,-3.0,-35.0
1776887117.8571026,0.0,-2.0,-39.0
1776887117.8671026,0.0,0.0,-39.0
1776887117.8771029,0.0,0.0,-43.0
1776887117.8871028,1.0,0.0,-49.0
1776887117.8971028,1.0,-2.0,-44.0
1776887117.9071028,3.0,0.0,-45.0
1776887117.9171028,1.0,0.0,-46.0
1776887117.9271028,-1.0,0.0,-45.0
1776887117.9371028,0.0,0.0,-45.0
1776887117.9471028,0.0,-1.0,-40.0
1776887117.9571028,1.0,5.0,-41.0
1776887117.9671028,1.0,3.0,-40.0
1776887117.9771028,0.0,2.0,-36.0
1776887117.988103,2.0,3.0,-38.0
1776887117.998103,6.0,2.0,-38.0
1776887118.008103,4.0,3.0,-47.0
1776887118.0181026,8.0,0.0,-45.0
1776887118.0281026,8.0,0.0,-39.0
1776887118.0381026,4.0,1.0,-40.0
1776887118.0481029,2.0,0.0,-38.0
1776887118.0581028,-3.0,0.0,-30.0
1776887118.0681028,-5.0,0.0,-30.0
1776887118.0781028,-4.0,0.0,-33.0
1776887118.0881028,-4.0,-1.0,-34.0
1776887118.0981028,-1.0,-4.0,-35.0
1776887118.1081028,0.0,-5.0,-30.0
1776887118.1181028,0.0,-4.0,-34.0
1776887118.1281028,-3.0,-3.0,-27.0
1776887118.1381028,-4.0,0.0,-27.0
1776887118.1481028,0.0,-2.0,-28.0
1776887118.1581028,-2.0,-2.0,-30.0
1776887118.1681027,-3.0,0.0,-28.0
1776887118.1781027,0.0,3.0,-27.0
1776887118.1881027,2.0,2.0,-31.0
1776887118.1981027,4.0,4.0,-36.0
1776887118.2081027,6.0,2.0,-34.0
1776887118.2181027,5.0,3.0,-30.0
1776887118.2281027,2.0,3.0,-35.0
1776887118.238103,4.0,1.0,-38.0
1776887118.248103,0.0,-1.0,-40.0
1776887118.258103,0.0,0.0,-43.0
1776887118.2681026,3.0,2.0,-43.0
1776887118.2781026,3.0,6.0,-44.0
1776887118.2881026,1.0,5.0,-43.0
1776887118.2981029,-2.0,4.0,-41.0
1776887118.3081028,1.0,4.0,-30.0
1776887118.3181028,2.0,3.0,-25.0
1776887118.3281028,4.0,3.0,-28.0
1776887118.3381028,9.0,0.0,-35.0
1776887118.3481028,5.0,0.0,-40.0
1776887118.3581028,5.0,0.0,-43.0
1776887118.3681028,9.0,-4.0,-44.0
1776887118.3781028,4.0,1.0,-39.0
1776887118.3881028,4.0,2.0,-33.0
1776887118.3981028,4.0,1.0,-32.0
1776887118.4081028,3.0,1.0,-33.0
1776887118.4181027,6.0,0.0,-38.0
1776887118.4281027,2.0,0.0,-35.0
1776887118.4381027,2.0,1.0,-41.0
1776887118.4481027,3.0,2.0,-42.0
1776887118.4581027,6.0,0.0,-40.0
1776887118.4681027,6.0,-3.0,-35.0
1776887118.4781027,5.0,-1.0,-37.0
1776887118.488103,2.0,-3.0,-35.0
1776887118.498103,4.0,-1.0,-38.0
1776887118.508103,3.0,-3.0,-34.0
1776887118.5181026,0.0,0.0,-41.0
1776887118.5281026,0.0,0.0,-46.0
1776887118.5381026,1.0,0.0,-44.0
1776887118.5481029,1.0,0.0,-42.0
1776887118.5581028,3.0,0.0,-39.0
1776887118.5681028,4.0,-2.0,-40.0
1776887118.5781028,5.0,-2.0,-39.0
1776887118.5881028,5.0,-3.0,-43.0
1776887118.5981028,9.0,-3.0,-38.0
1776887118.6081028,8.0,-3.0,-39.0
1776887118.6181028,10.0,-4.0,-32.0
1776887118.6281028,8.0,-6.0,-26.0
1776887118.6381028,8.0,-8.0,-25.0
1776887118.6481028,7.0,-7.0,-24.0
1776887118.6581028,0.0,-4.0,-22.0
1776887118.6681027,1.0,-4.0,-27.0
1776887118.6781027,-5.0,-1.0,-34.0
1776887118.6881027,-3.0,-1.0,-34.0
1776887118.6981027,-2.0,-1.0,-32.0
1776887118.7081027,-1.0,0.0,-33.0
1776887118.7181027,-4.0,0.0,-39.0
1776887118.7281027,-3.0,1.0,-39.0
1776887118.738103,-3.0,6.0,-37.0
1776887118.748103,1.0,4.0,-34.0
1776887118.758103,1.0,1.0,-31.0
1776887118.7681026,4.0,-3.0,-30.0
1776887118.7781026,0.0,-4.0,-28.0
1776887118.7881026,3.0,0.0,-26.0
1776887118.7981029,4.0,1.0,-35.0
1776887118.8081028,6.0,0.0,-29.0
1776887118.8181028,2.0,-1.0,-31.0
1776887118.8281028,1.0,2.0,-32.0
1776887118.8381028,1.0,0.0,-32.0
1776887118.8481028,4.0,0.0,-40.0
1776887118.8581028,5.0,2.0,-40.0
1776887118.8681028,5.0,3.0,-36.0
1776887118.8781028,5.0,3.0,-36.0
1776887118.8881028,0.0,6.0,-43.0
1776887118.8981028,2.0,7.0,-40.0
1776887118.9081028,5.0,10.0,-42.0
1776887118.9181027,6.0,9.0,-51.0
1776887118.9281027,4.0,3.0,-51.0
1776887118.9381027,5.0,3.0,-48.0
1776887118.9481027,2.0,3.0,-42.0
1776887118.9581027,1.0,3.0,-43.0
1776887118.9681027,5.0,2.0,-43.0
1776887118.9781027,4.0,4.0,-44.0
1776887118.988103,1.0,6.0,-41.0
1776887118.9991028,0.0,3.0,-37.0
1776887119.008103,-2.0,4.0,-43.0
1776887119.0181026,2.0,3.0,-41.0
1776887119.0281026,1.0,4.0,-45.0
1776887119.0381026,6.0,4.0,-37.0
1776887119.0481029,3.0,8.0,-36.0
1776887119.0581028,0.0,4.0,-40.0
1776887119.0681028,1.0,4.0,-40.0
1776887119.0781028,0.0,3.0,-39.0
1776887119.0881028,4.0,3.0,-39.0
1776887119.0981028,4.0,0.0,-42.0
1776887119.1081028,4.0,0.0,-44.0
1776887119.1181028,6.0,1.0,-41.0
1776887119.1281028,6.0,0.0,-38.0
1776887119.1381028,2.0,2.0,-38.0
1776887119.1481028,4.0,1.0,-39.0
1776887119.1581028,4.0,2.0,-38.0
1776887119.1681027,0.0,-3.0,-39.0
1776887119.1781027,7.0,-4.0,-40.0
1776887119.1881027,8.0,-3.0,-39.0
1776887119.1981027,7.0,0.0,-39.0
1776887119.2081027,9.0,0.0,-32.0
1776887119.2181027,10.0,-2.0,-30.0
1776887119.2281027,8.0,-1.0,-32.0
1776887119.238103,3.0,0.0,-37.0
1776887119.248103,-2.0,0.0,-40.0
1776887119.258103,0.0,-1.0,-49.0
1776887119.2681026,2.0,0.0,-45.0
1776887119.2781026,3.0,0.0,-47.0
1776887119.2881026,0.0,1.0,-51.0
1776887119.2981029,0.0,3.0,-51.0
1776887119.3081028,0.0,6.0,-50.0
1776887119.3181028,2.0,5.0,-49.0
1776887119.3281028,1.0,0.0,-35.0
1776887119.3381028,0.0,0.0,-29.0
1776887119.3481028,3.0,0.0,-39.0
1776887119.3581028,0.0,0.0,-42.0
1776887119.3681028,4.0,0.0,-33.0
1776887119.3781028,6.0,0.0,-32.0
1776887119.3881028,5.0,3.0,-33.0
1776887119.3981028,5.0,2.0,-38.0
1776887119.4081028,0.0,2.0,-36.0
1776887119.4181027,5.0,3.0,-38.0
1776887119.4281027,5.0,3.0,-39.0
1776887119.4381027,2.0,0.0,-40.0
1776887119.4481027,4.0,-3.0,-47.0
1776887119.4581027,3.0,-1.0,-46.0
1776887119.4681027,4.0,-2.0,-42.0
1776887119.4781027,6.0,-3.0,-41.0
1776887119.488103,0.0,0.0,-36.0
1776887119.498103,0.0,1.0,-36.0
1776887119.508103,4.0,1.0,-35.0
1776887119.5181026,5.0,0.0,-37.0
1776887119.5281026,5.0,-2.0,-30.0
1776887119.5381026,3.0,-1.0,-25.0
1776887119.5481029,2.0,0.0,-28.0
1776887119.5581028,0.0,0.0,-30.0
1776887119.5681028,-4.0,-1.0,-35.0
1776887119.5781028,-4.0,0.0,-41.0
1776887119.5881028,-5.0,0.0,-39.0
1776887119.5981028,0.0,0.0,-37.0
1776887119.6081028,0.0,1.0,-41.0
1776887119.6181028,-1.0,0.0,-36.0
1776887119.6281028,-8.0,0.0,-32.0
1776887119.6381028,-4.0,-1.0,-32.0
1776887119.6481028,-5.0,-1.0,-34.0
1776887119.6581028,-4.0,-2.0,-42.0
1776887119.6681027,-4.0,0.0,-50.0
1776887119.6781027,-3.0,4.0,-50.0
1776887119.6881027,0.0,6.0,-52.0
1776887119.6981027,1.0,3.0,-47.0
1776887119.7081027,0.0,0.0,-51.0
1776887119.7181027,2.0,-2.0,-50.0
1776887119.7281027,2.0,-5.0,-46.0
1776887119.738103,-1.0,-6.0,-45.0
1776887119.748103,1.0,-8.0,-44.0
1776887119.758103,-4.0,-9.0,-37.0
1776887119.7681026,-1.0,-10.0,-33.0
1776887119.7781026,-3.0,-9.0,-34.0
1776887119.7881026,0.0,-10.0,-40.0
1776887119.7981029,0.0,-9.0,-44.0
1776887119.8081028,2.0,-10.0,-41.0
1776887119.8181028,3.0,-7.0,-37.0
1776887119.8281028,7.0,-5.0,-38.0
1776887119.8381028,4.0,-7.0,-41.0
1776887119.8481028,2.0,-7.0,-43.0
1776887119.8581028,-1.0,-9.0,-46.0
1776887119.8681028,1.0,-8.0,-45.0
1776887119.8781028,3.0,-5.0,-36.0
1776887119.8881028,3.0,-4.0,-36.0
1776887119.8981028,1.0,-3.0,-39.0
1776887119.9081028,-1.0,-1.0,-44.0
1776887119.9181027,-4.0,-2.0,-51.0
1776887119.9281027,-4.0,-6.0,-47.0
1776887119.9381027,-4.0,-7.0,-45.0
1776887119.9481027,-1.0,-3.0,-40.0
1776887119.9581027,0.0,-3.0,-34.0
1776887119.9681027,0.0,-4.0,-35.0
1776887119.9791028,3.0,0.0,-41.0
1776887119.9891028,0.0,3.0,-48.0
1776887119.9991028,0.0,5.0,-45.0
1776887120.008103,-1.0,1.0,-44.0
1776887120.0191028,0.0,-2.0,-38.0
1776887120.0291028,2.0,-3.0,-38.0
1776887120.0391028,1.0,1.0,-29.0
1776887120.0491028,1.0,2.0,-32.0
1776887120.0591028,1.0,4.0,-31.0
1776887120.0691028,0.0,0.0,-35.0
1776887120.0791028,0.0,-4.0,-33.0
1776887120.0891027,6.0,-5.0,-26.0
1776887120.0991027,4.0,-2.0,-30.0
1776887120.1091027,3.0,-2.0,-34.0
1776887120.1191027,1.0,-2.0,-35.0
1776887120.1291027,4.0,-1.0,-29.0
1776887120.1391027,3.0,0.0,-30.0
1776887120.1491027,1.0,1.0,-38.0
1776887120.159103,3.0,-1.0,-39.0
1776887120.169103,0.0,0.0,-39.0
1776887120.179103,-1.0,-1.0,-31.0
1776887120.1891026,1.0,2.0,-31.0
1776887120.1991026,-2.0,1.0,-33.0
1776887120.2091026,-1.0,-1.0,-39.0
1776887120.2191026,0.0,-6.0,-37.0
1776887120.2291028,2.0,-5.0,-37.0
1776887120.2391028,2.0,-4.0,-31.0
1776887120.2491028,-2.0,-5.0,-36.0
1776887120.2591028,-5.0,-5.0,-43.0
1776887120.2691028,-3.0,-3.0,-44.0
1776887120.2791028,0.0,-3.0,-43.0
1776887120.2891028,2.0,1.0,-44.0
1776887120.2991028,0.0,4.0,-45.0
1776887120.3091028,3.0,2.0,-43.0
1776887120.3191028,7.0,0.0,-38.0
1776887120.3291028,8.0,1.0,-35.0
1776887120.3391027,4.0,2.0,-35.0
1776887120.3491027,0.0,1.0,-37.0
1776887120.3591027,0.0,4.0,-35.0
1776887120.3691027,-2.0,0.0,-37.0
1776887120.3791027,2.0,3.0,-37.0
1776887120.3891027,0.0,0.0,-35.0
1776887120.3991027,-3.0,-4.0,-37.0
1776887120.409103,-1.0,-3.0,-40.0
1776887120.419103,-1.0,-4.0,-42.0
1776887120.429103,0.0,-5.0,-44.0
1776887120.4391026,4.0,-7.0,-42.0
1776887120.4491026,4.0,-8.0,-41.0
1776887120.4591026,3.0,-4.0,-47.0
1776887120.4691026,8.0,-2.0,-49.0
1776887120.4791028,6.0,0.0,-47.0
1776887120.4891028,7.0,2.0,-48.0
1776887120.4991028,2.0,4.0,-45.0
1776887120.5091028,0.0,4.0,-42.0
1776887120.5191028,-2.0,2.0,-41.0
1776887120.5291028,-2.0,1.0,-36.0
1776887120.5391028,2.0,0.0,-40.0
1776887120.5491028,4.0,-2.0,-32.0
1776887120.5591028,3.0,-1.0,-38.0
1776887120.5691028,5.0,2.0,-40.0
1776887120.5791028,5.0,-2.0,-44.0
1776887120.5891027,1.0,-2.0,-43.0
1776887120.5991027,4.0,-4.0,-42.0
1776887120.6091027,6.0,-5.0,-37.0
1776887120.6191027,4.0,-4.0,-42.0
1776887120.6291027,-1.0,-5.0,-41.0
1776887120.6391027,0.0,-1.0,-34.0
1776887120.6491027,5.0,-3.0,-34.0
1776887120.659103,5.0,0.0,-36.0
1776887120.669103,5.0,2.0,-39.0
1776887120.679103,3.0,0.0,-31.0
1776887120.6891026,0.0,-2.0,-27.0
1776887120.6991026,-1.0,-1.0,-23.0
1776887120.7091026,2.0,0.0,-34.0
1776887120.7191026,3.0,0.0,-35.0
1776887120.7291028,6.0,3.0,-35.0
1776887120.7391028,6.0,4.0,-44.0
1776887120.7491028,10.0,4.0,-45.0
1776887120.7591028,7.0,3.0,-44.0
1776887120.7691028,4.0,8.0,-42.0
1776887120.7791028,3.0,5.0,-43.0
1776887120.7891028,3.0,0.0,-42.0
1776887120.7991028,1.0,1.0,-40.0
1776887120.8091028,3.0,2.0,-41.0
1776887120.8191028,3.0,0.0,-48.0
1776887120.8291028,6.0,2.0,-49.0
1776887120.8391027,6.0,4.0,-48.0
1776887120.8491027,7.0,6.0,-41.0
1776887120.8591027,6.0,7.0,-36.0
1776887120.8691027,1.0,7.0,-35.0
1776887120.8791027,1.0,7.0,-36.0
1776887120.8891027,3.0,6.0,-39.0
1776887120.8991027,5.0,4.0,-41.0
1776887120.909103,4.0,0.0,-41.0
1776887120.919103,4.0,-1.0,-41.0
1776887120.929103,0.0,-2.0,-38.0
1776887120.9391026,2.0,0.0,-41.0
1776887120.9491026,3.0,0.0,-38.0
1776887120.9591026,2.0,1.0,-38.0
1776887120.9691026,4.0,0.0,-35.0
1776887120.9791028,-1.0,1.0,-29.0
1776887120.9891028,-3.0,1.0,-32.0
1776887120.9991028,0.0,2.0,-31.0
1776887121.0091028,9.0,2.0,-31.0
1776887121.0191028,4.0,4.0,-31.0
1776887121.0291028,1.0,3.0,-28.0
1776887121.0391028,-1.0,4.0,-25.0
1776887121.0491028,-7.0,3.0,-27.0
1776887121.0591028,-7.0,-3.0,-25.0
1776887121.0691028,-2.0,-4.0,-24.0
1776887121.0791028,-2.0,-5.0,-31.0
1776887121.0891027,-4.0,-3.0,-34.0
1776887121.0991027,-6.0,-2.0,-34.0
1776887121.1091027,-4.0,0.0,-34.0
1776887121.1191027,-1.0,-4.0,-36.0
1776887121.1291027,0.0,-4.0,-37.0
1776887121.1391027,1.0,-5.0,-38.0
1776887121.1491027,3.0,-4.0,-34.0
1776887121.159103,0.0,-3.0,-32.0
1776887121.169103,-4.0,-2.0,-32.0
1776887121.179103,-2.0,4.0,-29.0
1776887121.1891026,-1.0,3.0,-30.0
1776887121.1991026,-1.0,-1.0,-30.0
1776887121.2091026,2.0,-5.0,-33.0
1776887121.2191026,5.0,-6.0,-32.0
1776887121.2291028,2.0,-7.0,-34.0
1776887121.2391028,0.0,-5.0,-38.0
1776887121.2491028,-2.0,-3.0,-33.0
1776887121.2591028,-1.0,0.0,-36.0
1776887121.2691028,-1.0,-1.0,-38.0
1776887121.2791028,0.0,-1.0,-32.0
1776887121.2891028,1.0,-1.0,-29.0
1776887121.2991028,0.0,-2.0,-27.0
1776887121.3091028,0.0,-5.0,-31.0
1776887121.3191028,2.0,-7.0,-30.0
1776887121.3291028,2.0,-7.0,-23.0
1776887121.3391027,2.0,-9.0,-28.0
1776887121.3491027,0.0,-3.0,-32.0
1776887121.3591027,1.0,0.0,-40.0
1776887121.3691027,0.0,0.0,-36.0
1776887121.3791027,-6.0,1.0,-34.0
1776887121.3891027,-6.0,1.0,-29.0
1776887121.3991027,-5.0,1.0,-27.0
1776887121.409103,-6.0,0.0,-28.0
1776887121.419103,-4.0,0.0,-21.0
1776887121.429103,0.0,0.0,-20.0
1776887121.4391026,1.0,0.0,-26.0
1776887121.4491026,0.0,0.0,-35.0
1776887121.4591026,5.0,0.0,-40.0
1776887121.4691026,8.0,0.0,-34.0
1776887121.4791028,3.0,1.0,-33.0
1776887121.4891028,3.0,6.0,-34.0
1776887121.4991028,4.0,7.0,-34.0
1776887121.5091028,1.0,7.0,-27.0
1776887121.5191028,2.0,9.0,-33.0
1776887121.5291028,1.0,3.0,-42.0
1776887121.5391028,0.0,1.0,-49.0
1776887121.5491028,-1.0,2.0,-48.0
1776887121.5591028,-1.0,-1.0,-43.0
1776887121.5691028,-4.0,-1.0,-40.0
1776887121.5791028,-1.0,0.0,-35.0
1776887121.5891027,2.0,2.0,-36.0
1776887121.5991027,2.0,1.0,-31.0
1776887121.6091027,3.0,-2.0,-26.0
1776887121.6191027,4.0,-2.0,-24.0
1776887121.6291027,8.0,-1.0,-26.0
1776887121.6391027,6.0,1.0,-30.0
1776887121.6491027,8.0,1.0,-31.0
1776887121.659103,6.0,0.0,-27.0
1776887121.669103,4.0,0.0,-29.0
1776887121.679103,1.0,4.0,-24.0
1776887121.6891026,0.0,0.0,-22.0
1776887121.6991026,-6.0,0.0,-24.0
1776887121.7091026,-6.0,-2.0,-31.0
1776887121.7191026,-7.0,-3.0,-30.0
1776887121.7291028,-4.0,-5.0,-28.0
1776887121.7391028,-1.0,-6.0,-28.0
1776887121.7491028,-4.0,-6.0,-23.0
1776887121.7591028,0.0,-4.0,-28.0
1776887121.7691028,-3.0,-3.0,-27.0
1776887121.7791028,-7.0,-4.0,-20.0
1776887121.7891028,-5.0,-4.0,-19.0
1776887121.7991028,-5.0,-1.0,-22.0
1776887121.8091028,-4.0,0.0,-23.0
1776887121.8191028,0.0,2.0,-31.0
1776887121.8291028,0.0,1.0,-32.0
1776887121.8391027,3.0,1.0,-33.0
1776887121.8491027,1.0,1.0,-40.0
1776887121.8591027,1.0,2.0,-38.0
1776887121.8691027,6.0,0.0,-39.0
1776887121.8791027,4.0,1.0,-37.0
1776887121.8891027,5.0,3.0,-39.0
1776887121.8991027,3.0,3.0,-36.0
1776887121.909103,4.0,4.0,-34.0
1776887121.919103,8.0,4.0,-27.0
1776887121.929103,8.0,3.0,-26.0
1776887121.9391026,8.0,5.0,-28.0
1776887121.9491026,10.0,5.0,-30.0
1776887121.9591026,7.0,1.0,-31.0
1776887121.9691026,4.0,1.0,-27.0
1776887121.9791028,1.0,0.0,-29.0
1776887121.9901028,1.0,-1.0,-26.0
1776887122.0001028,3.0,-1.0,-18.0
1776887122.0091028,4.0,-1.0,-17.0
1776887122.0201027,5.0,0.0,-19.0
1776887122.0301027,6.0,0.0,-21.0
1776887122.0401027,2.0,0.0,-29.0
1776887122.0501027,4.0,2.0,-34.0
1776887122.0601027,5.0,1.0,-31.0
1776887122.0701027,6.0,6.0,-29.0
1776887122.0801027,8.0,1.0,-34.0
1776887122.090103,7.0,1.0,-34.0
1776887122.100103,7.0,2.0,-27.0
1776887122.110103,8.0,1.0,-27.0
1776887122.1201026,5.0,0.0,-30.0
1776887122.1301026,3.0,0.0,-34.0
1776887122.1401026,1.0,-1.0,-31.0
1776887122.1501029,2.0,0.0,-33.0
1776887122.1601028,-1.0,0.0,-30.0
1776887122.1701028,-1.0,-2.0,-28.0
1776887122.1801028,2.0,1.0,-26.0
1776887122.1901028,5.0,0.0,-27.0
1776887122.2001028,7.0,3.0,-38.0
1776887122.2101028,6.0,3.0,-40.0
1776887122.2201028,2.0,-1.0,-40.0
1776887122.2301028,3.0,0.0,-35.0
1776887122.2401028,3.0,1.0,-35.0
1776887122.2501028,3.0,0.0,-39.0
1776887122.2601027,-2.0,5.0,-46.0
1776887122.2701027,2.0,4.0,-39.0
1776887122.2801027,4.0,1.0,-39.0
1776887122.2901027,3.0,0.0,-41.0
1776887122.3001027,2.0,-1.0,-43.0
1776887122.3101027,0.0,-1.0,-45.0
1776887122.3201027,-4.0,0.0,-39.0
1776887122.3301027,-1.0,-5.0,-38.0
1776887122.340103,-1.0,-7.0,-36.0
1776887122.350103,-3.0,-5.0,-38.0
1776887122.360103,-3.0,-4.0,-40.0
1776887122.3701026,0.0,-3.0,-46.0
1776887122.3801026,0.0,-1.0,-44.0
1776887122.3901026,-6.0,0.0,-41.0
1776887122.4001029,-1.0,-1.0,-41.0
1776887122.4101028,1.0,0.0,-36.0
1776887122.4201028,2.0,3.0,-40.0
1776887122.4301028,2.0,3.0,-34.0
1776887122.4401028,1.0,4.0,-28.0
1776887122.4501028,1.0,4.0,-39.0
1776887122.4601028,2.0,6.0,-41.0
1776887122.4701028,4.0,3.0,-41.0
1776887122.4801028,3.0,2.0,-40.0
1776887122.4901028,1.0,0.0,-37.0
1776887122.5001028,2.0,-3.0,-37.0
1776887122.5101027,7.0,-5.0,-34.0
1776887122.5201027,6.0,-1.0,-39.0
1776887122.5301027,2.0,0.0,-39.0
1776887122.5401027,0.0,0.0,-45.0
1776887122.5501027,-3.0,-2.0,-41.0
1776887122.5601027,0.0,-2.0,-37.0
1776887122.5701027,-3.0,-3.0,-47.0
1776887122.5801027,0.0,-4.0,-52.0
1776887122.590103,0.0,-6.0,-53.0
1776887122.600103,-2.0,-6.0,-49.0
1776887122.610103,3.0,-5.0,-43.0
1776887122.6201026,8.0,-6.0,-39.0
1776887122.6301026,6.0,-3.0,-40.0
1776887122.6401026,5.0,-3.0,-36.0
1776887122.6501029,3.0,0.0,-34.0
1776887122.6601028,8.0,0.0,-31.0
1776887122.6701028,4.0,-3.0,-28.0
1776887122.6801028,6.0,-1.0,-34.0
1776887122.6901028,8.0,0.0,-35.0
1776887122.7001028,9.0,-3.0,-35.0
1776887122.7101028,11.0,-2.0,-41.0
1776887122.7201028,7.0,-1.0,-41.0
1776887122.7301028,6.0,0.0,-45.0
1776887122.7401028,8.0,0.0,-39.0
1776887122.7501028,11.0,0.0,-34.0
1776887122.7601027,13.0,2.0,-27.0
1776887122.7701027,9.0,4.0,-31.0
1776887122.7801027,5.0,9.0,-29.0
1776887122.7901027,8.0,8.0,-30.0
1776887122.8001027,5.0,8.0,-33.0
1776887122.8101027,7.0,7.0,-35.0
1776887122.8201027,11.0,4.0,-35.0
1776887122.8301027,7.0,8.0,-25.0
1776887122.840103,8.0,3.0,-25.0
1776887122.850103,9.0,4.0,-26.0
1776887122.860103,0.0,2.0,-24.0
1776887122.8701026,-2.0,0.0,-32.0
1776887122.8801026,-1.0,0.0,-31.0
1776887122.8901026,-2.0,-1.0,-33.0
1776887122.9001029,-1.0,-2.0,-40.0
1776887122.9101028,3.0,-4.0,-45.0
1776887122.9201028,1.0,-3.0,-47.0
1776887122.9301028,2.0,-4.0,-48.0
1776887122.9401028,2.0,-7.0,-46.0
1776887122.9501028,2.0,-2.0,-42.0
1776887122.9601028,4.0,-1.0,-37.0
1776887122.9701028,3.0,0.0,-41.0
1776887122.9801028,6.0,-4.0,-37.0
1776887122.9901028,2.0,-4.0,-36.0
1776887123.0001028,1.0,-4.0,-38.0
1776887123.0101027,8.0,-2.0,-39.0
1776887123.0201027,6.0,-1.0,-40.0
1776887123.0301027,8.0,2.0,-36.0
1776887123.0401027,9.0,-2.0,-30.0
1776887123.0501027,7.0,-3.0,-30.0
1776887123.0601027,5.0,0.0,-24.0
1776887123.0701027,6.0,-3.0,-30.0
1776887123.0801027,3.0,-1.0,-29.0
1776887123.090103,3.0,0.0,-34.0
1776887123.100103,3.0,-3.0,-38.0
1776887123.110103,3.0,-6.0,-31.0
1776887123.1201026,0.0,-4.0,-28.0
1776887123.1301026,0.0,-4.0,-29.0
1776887123.1401026,-4.0,0.0,-28.0
1776887123.1501029,-2.0,0.0,-25.0
1776887123.1601028,0.0,-1.0,-35.0
1776887123.1701028,2.0,0.0,-29.0
1776887123.1801028,9.0,2.0,-34.0
1776887123.1901028,8.0,0.0,-38.0
1776887123.2001028,9.0,0.0,-41.0
1776887123.2101028,9.0,0.0,-47.0
1776887123.2201028,9.0,1.0,-42.0
1776887123.2301028,7.0,4.0,-42.0
1776887123.2401028,9.0,2.0,-45.0
1776887123.2501028,10.0,5.0,-38.0
1776887123.2601027,9.0,7.0,-37.0
1776887123.2701027,7.0,6.0,-47.0
1776887123.2801027,10.0,3.0,-45.0
1776887123.2901027,11.0,-1.0,-46.0
1776887123.3001027,6.0,0.0,-44.0
1776887123.3101027,9.0,-2.0,-42.0
1776887123.3201027,7.0,0.0,-42.0
1776887123.3301027,8.0,1.0,-43.0
1776887123.340103,5.0,0.0,-47.0
1776887123.350103,6.0,1.0,-43.0
1776887123.360103,2.0,2.0,-47.0
1776887123.3701026,0.0,3.0,-46.0
1776887123.3801026,-3.0,3.0,-48.0
1776887123.3901026,0.0,3.0,-54.0
1776887123.4001029,3.0,4.0,-52.0
1776887123.4101028,7.0,4.0,-41.0
1776887123.4201028,9.0,1.0,-35.0
1776887123.4301028,7.0,-2.0,-46.0
1776887123.4401028,7.0,-1.0,-43.0
1776887123.4501028,3.0,-4.0,-44.0
1776887123.4601028,5.0,-5.0,-39.0
1776887123.4701028,4.0,-6.0,-36.0
1776887123.4801028,7.0,-4.0,-34.0
1776887123.4901028,10.0,-8.0,-38.0
1776887123.5001028,9.0,-6.0,-41.0
1776887123.5101027,1.0,-7.0,-36.0
1776887123.5201027,5.0,-2.0,-41.0
1776887123.5301027,4.0,-4.0,-41.0
1776887123.5401027,1.0,-5.0,-38.0
1776887123.5501027,0.0,-4.0,-38.0
1776887123.5601027,-3.0,-3.0,-41.0
1776887123.5701027,-5.0,-2.0,-38.0
1776887123.5801027,-5.0,-5.0,-32.0
1776887123.590103,0.0,-1.0,-30.0
1776887123.600103,0.0,4.0,-29.0
1776887123.610103,1.0,3.0,-34.0
1776887123.6201026,0.0,5.0,-35.0
1776887123.6301026,-1.0,10.0,-32.0
1776887123.6401026,-2.0,5.0,-29.0
1776887123.6501029,-1.0,1.0,-38.0
1776887123.6601028,-2.0,0.0,-44.0
1776887123.6701028,2.0,0.0,-43.0
1776887123.6801028,1.0,3.0,-41.0
1776887123.6901028,-2.0,7.0,-43.0
1776887123.7001028,-1.0,9.0,-42.0
1776887123.7101028,0.0,7.0,-39.0
1776887123.7201028,-1.0,8.0,-37.0
1776887123.7301028,-1.0,10.0,-32.0
1776887123.7401028,-2.0,7.0,-36.0
1776887123.7501028,1.0,7.0,-39.0
1776887123.7601027,2.0,0.0,-29.0
1776887123.7701027,0.0,0.0,-36.0
1776887123.7801027,-6.0,-4.0,-32.0
1776887123.7901027,-1.0,-8.0,-32.0
1776887123.8001027,1.0,-7.0,-33.0
1776887123.8101027,0.0,-3.0,-35.0
1776887123.8201027,-1.0,-2.0,-37.0
1776887123.8301027,-6.0,-1.0,-37.0
1776887123.840103,-12.0,0.0,-31.0
1776887123.850103,-12.0,0.0,-36.0
1776887123.860103,-7.0,2.0,-41.0
1776887123.8701026,-4.0,6.0,-44.0
1776887123.8801026,0.0,5.0,-49.0
1776887123.8901026,0.0,4.0,-48.0
1776887123.9001029,2.0,0.0,-49.0
1776887123.9101028,0.0,4.0,-51.0
1776887123.9201028,-4.0,0.0,-52.0
1776887123.9301028,0.0,0.0,-44.0
1776887123.9401028,-1.0,0.0,-45.0
1776887123.9501028,-4.0,-2.0,-47.0
1776887123.9611027,0.0,0.0,-45.0
1776887123.9701028,1.0,0.0,-37.0
1776887123.9811027,0.0,1.0,-40.0
1776887123.9901028,3.0,0.0,-40.0
1776887124.0011027,4.0,0.0,-36.0
1776887124.011103,2.0,0.0,-36.0
1776887124.021103,0.0,1.0,-35.0
1776887124.031103,-2.0,4.0,-34.0
1776887124.0411026,-3.0,5.0,-35.0
1776887124.0511026,-7.0,7.0,-38.0
1776887124.0611026,-6.0,5.0,-36.0
1776887124.0711029,-2.0,2.0,-39.0
1776887124.0811028,1.0,2.0,-41.0
1776887124.0911028,0.0,2.0,-43.0
1776887124.1011028,-3.0,-2.0,-48.0
1776887124.1111028,0.0,-4.0,-40.0
1776887124.1211028,1.0,-2.0,-41.0
1776887124.1311028,2.0,-4.0,-42.0
1776887124.1411028,3.0,-3.0,-39.0
1776887124.1511028,4.0,-5.0,-41.0
1776887124.1611028,4.0,-5.0,-36.0
1776887124.1711028,7.0,-1.0,-42.0
1776887124.1811028,5.0,-4.0,-40.0
1776887124.1911027,2.0,-5.0,-40.0
1776887124.2011027,1.0,-3.0,-45.0
1776887124.2111027,-1.0,-5.0,-33.0
1776887124.2211027,-4.0,-6.0,-29.0
1776887124.2311027,-1.0,-5.0,-27.0
1776887124.2411027,0.0,-2.0,-31.0
1776887124.2511027,6.0,0.0,-30.0
1776887124.261103,11.0,-1.0,-30.0
1776887124.271103,13.0,-5.0,-30.0
1776887124.281103,9.0,-5.0,-31.0
1776887124.2911026,5.0,-4.0,-33.0
1776887124.3011026,6.0,-5.0,-35.0
1776887124.3111026,4.0,-5.0,-38.0
1776887124.3211029,2.0,-2.0,-40.0
1776887124.3311028,1.0,-1.0,-42.0
1776887124.3411028,4.0,-1.0,-43.0
1776887124.3511028,8.0,-3.0,-47.0
1776887124.3611028,7.0,-6.0,-52.0
1776887124.3711028,4.0,-2.0,-50.0
1776887124.3811028,5.0,1.0,-48.0
1776887124.3911028,2.0,0.0,-47.0
1776887124.4011028,3.0,1.0,-40.0
1776887124.4111028,6.0,0.0,-32.0
1776887124.4211028,4.0,1.0,-32.0
1776887124.4311028,3.0,3.0,-33.0
1776887124.4411027,3.0,5.0,-29.0
1776887124.4511027,7.0,6.0,-24.0
1776887124.4611027,8.0,0.0,-23.0
1776887124.4711027,11.0,0.0,-23.0
1776887124.4811027,6.0,0.0,-19.0
1776887124.4911027,-1.0,-6.0,-25.0
1776887124.5011027,-1.0,-8.0,-31.0
1776887124.511103,-2.0,-9.0,-35.0
1776887124.521103,-2.0,-4.0,-41.0
1776887124.531103,-7.0,-3.0,-41.0
1776887124.5411026,-4.0,-7.0,-44.0
1776887124.5511026,1.0,-5.0,-49.0
1776887124.5611026,0.0,-7.0,-47.0
1776887124.5711029,3.0,-4.0,-53.0
1776887124.5811028,3.0,-4.0,-47.0
1776887124.5911028,5.0,1.0,-42.0
1776887124.6011028,6.0,-3.0,-35.0
1776887124.6111028,2.0,-5.0,-35.0
1776887124.6211028,-1.0,-3.0,-34.0
1776887124.6311028,-3.0,1.0,-36.0
1776887124.6411028,0.0,0.0,-38.0
1776887124.6511028,-5.0,1.0,-39.0
1776887124.6611028,-6.0,-1.0,-34.0
1776887124.6711028,-7.0,0.0,-35.0
1776887124.6811028,-4.0,-1.0,-39.0
1776887124.6911027,-3.0,-5.0,-43.0
1776887124.7011027,-6.0,-8.0,-41.0
1776887124.7111027,-9.0,-4.0,-38.0
1776887124.7211027,-9.0,-3.0,-36.0
1776887124.7311027,-7.0,-1.0,-40.0
1776887124.7411027,0.0,-3.0,-43.0
1776887124.7511027,1.0,-6.0,-33.0
1776887124.761103,0.0,-3.0,-39.0
1776887124.771103,0.0,0.0,-40.0
1776887124.781103,0.0,0.0,-38.0
1776887124.7911026,0.0,1.0,-41.0
1776887124.8011026,1.0,-3.0,-41.0
1776887124.8111026,0.0,-1.0,-43.0
1776887124.8211029,-6.0,-2.0,-38.0
1776887124.8311028,-6.0,-2.0,-31.0
1776887124.8411028,-8.0,-4.0,-21.0
1776887124.8511028,-4.0,-1.0,-19.0
1776887124.8611028,-3.0,-1.0,-24.0
1776887124.8711028,-1.0,-1.0,-30.0
1776887124.8811028,-1.0,5.0,-24.0
1776887124.8911028,-6.0,7.0,-21.0
1776887124.9011028,-3.0,4.0,-30.0
1776887124.9111028,-5.0,2.0,-37.0
1776887124.9211028,-7.0,-3.0,-41.0
1776887124.9311028,-3.0,-5.0,-44.0
1776887124.9411027,-2.0,-6.0,-46.0
1776887124.9511027,-1.0,-1.0,-47.0
1776887124.9611027,-6.0,0.0,-48.0
1776887124.9711027,-8.0,0.0,-50.0
1776887124.9811027,-6.0,0.0,-48.0
1776887124.9911027,-6.0,-4.0,-45.0
1776887125.0011027,-6.0,-5.0,-43.0
1776887125.011103,-6.0,-1.0,-43.0
1776887125.021103,0.0,-1.0,-42.0
1776887125.031103,-2.0,1.0,-44.0
1776887125.0411026,-1.0,-2.0,-36.0
1776887125.0511026,-9.0,-3.0,-37.0
1776887125.0611026,-10.0,-5.0,-29.0
1776887125.0711029,-9.0,-3.0,-24.0
1776887125.0811028,-6.0,-2.0,-26.0
1776887125.0911028,-7.0,-3.0,-27.0
1776887125.1011028,-4.0,1.0,-24.0
1776887125.1111028,-1.0,0.0,-17.0
1776887125.1211028,1.0,-2.0,-25.0
1776887125.1311028,0.0,-2.0,-23.0
1776887125.1411028,2.0,0.0,-25.0
1776887125.1511028,3.0,0.0,-31.0
1776887125.1611028,0.0,1.0,-27.0
1776887125.1711028,0.0,2.0,-23.0
1776887125.1811028,0.0,0.0,-30.0
1776887125.1911027,1.0,-1.0,-32.0
1776887125.2011027,0.0,-5.0,-28.0
1776887125.2111027,3.0,-3.0,-30.0
1776887125.2211027,4.0,-6.0,-35.0
1776887125.2311027,3.0,-6.0,-41.0
1776887125.2411027,0.0,-8.0,-49.0
1776887125.2511027,1.0,-6.0,-55.0
1776887125.261103,-3.0,-3.0,-53.0
1776887125.271103,-4.0,1.0,-49.0
1776887125.281103,-2.0,2.0,-48.0
1776887125.2911026,-3.0,1.0,-45.0
1776887125.3011026,-4.0,0.0,-37.0
1776887125.3111026,-6.0,-1.0,-34.0
1776887125.3211029,-6.0,-1.0,-39.0
1776887125.3311028,-9.0,0.0,-41.0
1776887125.3411028,-6.0,3.0,-39.0
1776887125.3511028,-1.0,6.0,-40.0
1776887125.3611028,-2.0,2.0,-41.0
1776887125.3711028,0.0,6.0,-35.0
1776887125.3811028,0.0,7.0,-24.0
1776887125.3911028,1.0,7.0,-33.0
1776887125.4011028,-2.0,7.0,-38.0
1776887125.4111028,-3.0,3.0,-47.0
1776887125.4211028,0.0,4.0,-54.0
1776887125.4311028,0.0,0.0,-47.0
1776887125.4411027,-1.0,1.0,-37.0
1776887125.4511027,0.0,-4.0,-35.0
1776887125.4611027,0.0,-5.0,-36.0
1776887125.4711027,-1.0,-8.0,-40.0
1776887125.4811027,-2.0,-7.0,-42.0
1776887125.4911027,1.0,-7.0,-40.0
1776887125.5011027,0.0,-6.0,-36.0
1776887125.511103,0.0,-3.0,-29.0
1776887125.521103,1.0,-4.0,-35.0
1776887125.531103,0.0,-10.0,-34.0
1776887125.5411026,0.0,-9.0,-32.0
1776887125.5511026,3.0,-7.0,-25.0
1776887125.5611026,-4.0,-11.0,-26.0
1776887125.5711029,-6.0,-7.0,-29.0
1776887125.5811028,-3.0,-1.0,-26.0
1776887125.5911028,0.0,2.0,-32.0
1776887125.6011028,0.0,0.0,-37.0
1776887125.6111028,0.0,0.0,-34.0
1776887125.6211028,0.0,-1.0,-35.0
1776887125.6311028,-4.0,-4.0,-29.0
1776887125.6411028,-6.0,-2.0,-27.0
1776887125.6511028,-7.0,-1.0,-28.0
1776887125.6611028,-5.0,0.0,-27.0
1776887125.6711028,-2.0,0.0,-23.0
1776887125.6811028,0.0,-2.0,-22.0
1776887125.6911027,-1.0,-2.0,-23.0
1776887125.7011027,-2.0,-1.0,-30.0
1776887125.7111027,-1.0,-2.0,-37.0
1776887125.7211027,0.0,-7.0,-36.0
1776887125.7311027,6.0,-2.0,-33.0
1776887125.7411027,11.0,4.0,-39.0
1776887125.7511027,7.0,3.0,-43.0
1776887125.761103,4.0,2.0,-42.0
1776887125.771103,5.0,4.0,-47.0
1776887125.781103,2.0,2.0,-48.0
1776887125.7911026,0.0,0.0,-43.0
1776887125.8011026,2.0,0.0,-41.0
1776887125.8111026,0.0,0.0,-39.0
1776887125.8211029,-2.0,1.0,-33.0
1776887125.8311028,0.0,0.0,-36.0
1776887125.8411028,2.0,4.0,-38.0
1776887125.8511028,3.0,6.0,-38.0
1776887125.8611028,7.0,4.0,-38.0
1776887125.8711028,5.0,4.0,-38.0
1776887125.8811028,1.0,3.0,-33.0
1776887125.8911028,-3.0,0.0,-32.0
1776887125.9011028,-4.0,0.0,-33.0
1776887125.9111028,-6.0,1.0,-36.0
1776887125.9211028,-4.0,0.0,-40.0
1776887125.9311028,-1.0,-1.0,-39.0
1776887125.9411027,-3.0,0.0,-39.0
1776887125.9511027,0.0,-2.0,-39.0
1776887125.9611027,-4.0,0.0,-38.0
1776887125.9721026,-4.0,0.0,-39.0
1776887125.9821026,-8.0,-2.0,-38.0
1776887125.9921026,-7.0,-5.0,-36.0
1776887126.0021029,-4.0,-4.0,-33.0
1776887126.0121028,-5.0,-7.0,-34.0
1776887126.0221028,-5.0,-7.0,-33.0
1776887126.0321028,-6.0,-6.0,-34.0
1776887126.0421028,-5.0,-10.0,-38.0
1776887126.0521028,-1.0,-9.0,-39.0
1776887126.0621028,-6.0,-5.0,-38.0
1776887126.0721028,-6.0,-2.0,-33.0
1776887126.0821028,-5.0,-5.0,-31.0
1776887126.0921028,-1.0,-6.0,-35.0
1776887126.1021028,1.0,-3.0,-35.0
1776887126.1121027,1.0,-3.0,-37.0
1776887126.1221027,-5.0,-7.0,-37.0
1776887126.1321027,-5.0,-5.0,-43.0
1776887126.1421027,-3.0,-5.0,-39.0
1776887126.1521027,-4.0,-7.0,-42.0
1776887126.1621027,-2.0,-5.0,-44.0
1776887126.1721027,-4.0,-6.0,-40.0
1776887126.182103,0.0,-2.0,-44.0
1776887126.192103,5.0,-5.0,-42.0
1776887126.202103,4.0,-3.0,-42.0
1776887126.212103,-1.0,-8.0,-41.0
1776887126.2221026,-4.0,-9.0,-34.0
1776887126.2321026,-3.0,-6.0,-46.0
1776887126.2421026,-2.0,-7.0,-44.0
1776887126.2521029,-2.0,0.0,-36.0
1776887126.2621028,0.0,0.0,-40.0
1776887126.2721028,1.0,-2.0,-36.0
1776887126.2821028,0.0,-6.0,-34.0
1776887126.2921028,-1.0,-1.0,-30.0
1776887126.3021028,-3.0,2.0,-29.0
1776887126.3121028,-4.0,0.0,-29.0
1776887126.3221028,-4.0,0.0,-34.0
1776887126.3321028,-5.0,-5.0,-34.0
1776887126.3421028,-5.0,-1.0,-39.0
1776887126.3521028,-5.0,-3.0,-37.0
1776887126.3621027,-5.0,-4.0,-34.0
1776887126.3721027,-3.0,-6.0,-35.0
1776887126.3821027,-5.0,-3.0,-37.0
1776887126.3921027,-1.0,-3.0,-37.0
1776887126.4021027,-1.0,-4.0,-45.0
1776887126.4121027,0.0,-9.0,-41.0
1776887126.4221027,0.0,-3.0,-44.0
1776887126.432103,-2.0,-2.0,-43.0
1776887126.442103,-2.0,-3.0,-40.0
1776887126.452103,0.0,-4.0,-36.0
1776887126.462103,0.0,-7.0,-33.0
1776887126.4721026,1.0,-2.0,-32.0
1776887126.4821026,3.0,0.0,-36.0
1776887126.4921026,6.0,-1.0,-36.0
1776887126.5021029,6.0,-5.0,-40.0
1776887126.5121028,2.0,-7.0,-38.0
1776887126.5221028,3.0,-7.0,-39.0
1776887126.5321028,1.0,-5.0,-36.0
1776887126.5421028,3.0,-4.0,-35.0
1776887126.5521028,2.0,0.0,-35.0
1776887126.5621028,-2.0,-1.0,-34.0
1776887126.5721028,-5.0,-2.0,-34.0
1776887126.5821028,-4.0,-3.0,-29.0
1776887126.5921028,-7.0,-3.0,-26.0
1776887126.6021028,-10.0,-3.0,-32.0
1776887126.6121027,-6.0,-4.0,-29.0
1776887126.6221027,-4.0,-2.0,-33.0
1776887126.6321027,0.0,0.0,-31.0
1776887126.6421027,0.0,5.0,-32.0
1776887126.6521027,-2.0,2.0,-33.0
1776887126.6621027,0.0,-2.0,-38.0
1776887126.6721027,2.0,1.0,-39.0
1776887126.682103,7.0,1.0,-46.0
1776887126.692103,7.0,3.0,-36.0
1776887126.702103,2.0,5.0,-41.0
1776887126.712103,-1.0,4.0,-36.0
1776887126.7221026,-2.0,2.0,-39.0
1776887126.7321026,-2.0,1.0,-29.0
1776887126.7421026,-2.0,-2.0,-28.0
1776887126.7521029,2.0,-5.0,-31.0
1776887126.7621028,-3.0,-2.0,-29.0
1776887126.7721028,-3.0,-4.0,-29.0
1776887126.7821028,0.0,-8.0,-29.0
1776887126.7921028,2.0,-15.0,-24.0
1776887126.8021028,3.0,-18.0,-23.0
1776887126.8121028,4.0,-16.0,-27.0
1776887126.8221028,0.0,-12.0,-29.0
1776887126.8321028,-2.0,-8.0,-33.0
1776887126.8421028,-4.0,-10.0,-36.0
1776887126.8521028,-2.0,-8.0,-37.0
1776887126.8621027,0.0,-8.0,-32.0
1776887126.8721027,4.0,-8.0,-33.0
1776887126.8821027,2.0,-5.0,-31.0
1776887126.8921027,2.0,-3.0,-34.0
1776887126.9021027,1.0,0.0,-35.0
1776887126.9121027,5.0,1.0,-32.0
1776887126.9221027,5.0,1.0,-34.0
1776887126.932103,0.0,-1.0,-35.0
1776887126.942103,-4.0,-2.0,-35.0
1776887126.952103,-1.0,1.0,-34.0
1776887126.962103,-1.0,0.0,-39.0
1776887126.9721026,0.0,2.0,-34.0
1776887126.9821026,1.0,0.0,-34.0
1776887126.9921026,5.0,0.0,-32.0
1776887127.0021029,3.0,0.0,-34.0
1776887127.0121028,0.0,0.0,-43.0
1776887127.0221028,3.0,0.0,-41.0
1776887127.0321028,5.0,-1.0,-39.0
1776887127.0421028,7.0,4.0,-38.0
1776887127.0521028,0.0,2.0,-34.0
1776887127.0621028,-5.0,0.0,-32.0
1776887127.0721028,-4.0,1.0,-33.0
1776887127.0821028,-2.0,3.0,-32.0
1776887127.0921028,-2.0,1.0,-25.0
1776887127.1021028,0.0,4.0,-28.0
1776887127.1121027,0.0,1.0,-35.0
1776887127.1221027,-1.0,0.0,-37.0
1776887127.1321027,0.0,-2.0,-38.0
1776887127.1421027,0.0,-1.0,-37.0
1776887127.1521027,0.0,1.0,-38.0
1776887127.1621027,-5.0,1.0,-37.0
1776887127.1721027,-3.0,-3.0,-37.0
1776887127.182103,2.0,-4.0,-34.0
1776887127.192103,4.0,-6.0,-31.0
1776887127.202103,2.0,-4.0,-37.0
1776887127.212103,0.0,-2.0,-37.0
1776887127.2221026,0.0,0.0,-41.0
1776887127.2321026,1.0,-2.0,-38.0
1776887127.2421026,3.0,0.0,-41.0
1776887127.2521029,1.0,-4.0,-39.0
1776887127.2621028,0.0,-3.0,-32.0
1776887127.2721028,-5.0,-6.0,-33.0
1776887127.2821028,-3.0,-6.0,-28.0
1776887127.2921028,-1.0,-9.0,-24.0
1776887127.3021028,0.0,-3.0,-21.0
1776887127.3121028,2.0,-3.0,-20.0
1776887127.3221028,0.0,-4.0,-22.0
1776887127.3321028,-4.0,-1.0,-32.0
1776887127.3421028,-3.0,0.0,-43.0
1776887127.3521028,-1.0,-2.0,-42.0
1776887127.3621027,-3.0,-5.0,-39.0
1776887127.3721027,-1.0,-3.0,-39.0
1776887127.3821027,0.0,-2.0,-39.0
1776887127.3921027,-2.0,0.0,-37.0
1776887127.4021027,-3.0,0.0,-39.0
1776887127.4121027,-1.0,0.0,-44.0
1776887127.4221027,2.0,-3.0,-43.0
1776887127.432103,1.0,-3.0,-44.0
1776887127.442103,-4.0,-8.0,-50.0
1776887127.452103,-7.0,-10.0,-45.0
1776887127.462103,-7.0,-9.0,-44.0
1776887127.4721026,-6.0,-4.0,-43.0
1776887127.4821026,-2.0,-4.0,-43.0
1776887127.4921026,-1.0,-7.0,-41.0
1776887127.5021029,0.0,-8.0,-39.0
1776887127.5121028,4.0,-10.0,-37.0
1776887127.5221028,0.0,-9.0,-42.0
1776887127.5321028,-1.0,-5.0,-40.0
1776887127.5421028,0.0,-2.0,-41.0
1776887127.5521028,4.0,2.0,-43.0
1776887127.5621028,0.0,0.0,-39.0
1776887127.5721028,1.0,-3.0,-35.0
1776887127.5821028,0.0,-3.0,-43.0
1776887127.5921028,-1.0,-5.0,-47.0
1776887127.6021028,-3.0,-4.0,-48.0
1776887127.6121027,-1.0,-2.0,-37.0
1776887127.6221027,-2.0,-1.0,-35.0
1776887127.6321027,0.0,-4.0,-37.0
1776887127.6421027,3.0,-5.0,-39.0
1776887127.6521027,0.0,-4.0,-33.0
1776887127.6621027,-1.0,-9.0,-27.0
1776887127.6721027,2.0,-10.0,-28.0
1776887127.682103,6.0,-10.0,-25.0
1776887127.692103,8.0,-6.0,-30.0
1776887127.702103,7.0,-3.0,-25.0
1776887127.712103,6.0,0.0,-33.0
1776887127.7221026,7.0,0.0,-34.0
1776887127.7321026,8.0,-3.0,-35.0
1776887127.7421026,2.0,-5.0,-33.0
1776887127.7521029,-1.0,-8.0,-35.0
1776887127.7621028,-3.0,-10.0,-29.0
1776887127.7721028,-5.0,-6.0,-33.0
1776887127.7821028,-5.0,-3.0,-24.0
1776887127.7921028,-6.0,-2.0,-23.0
1776887127.8021028,-3.0,-4.0,-27.0
1776887127.8121028,0.0,-5.0,-35.0
1776887127.8221028,3.0,-4.0,-40.0
1776887127.8321028,4.0,-4.0,-40.0
1776887127.8421028,3.0,-6.0,-43.0
1776887127.8521028,1.0,-6.0,-42.0
1776887127.8621027,4.0,-4.0,-39.0
1776887127.8721027,3.0,-2.0,-36.0
1776887127.8821027,6.0,1.0,-27.0
1776887127.8921027,5.0,0.0,-26.0
1776887127.9021027,4.0,-1.0,-31.0
1776887127.9121027,8.0,-1.0,-31.0
1776887127.9221027,4.0,-1.0,-37.0
1776887127.932103,2.0,0.0,-37.0
1776887127.942103,0.0,0.0,-35.0
1776887127.952103,0.0,1.0,-30.0
1776887127.962103,3.0,-2.0,-38.0
1776887127.9731028,4.0,-2.0,-38.0
1776887127.9831028,5.0,-8.0,-28.0
1776887127.9931028,4.0,-7.0,-30.0
1776887128.0031028,2.0,-7.0,-34.0
1776887128.0131028,3.0,-2.0,-37.0
1776887128.0231028,4.0,0.0,-35.0
1776887128.0331028,4.0,2.0,-30.0
1776887128.0431027,3.0,2.0,-29.0
1776887128.0531027,1.0,3.0,-32.0
1776887128.0631027,3.0,0.0,-33.0
1776887128.0731027,1.0,0.0,-35.0
1776887128.0831027,0.0,-3.0,-43.0
1776887128.0931027,0.0,-3.0,-39.0
1776887128.1031027,3.0,-2.0,-33.0
1776887128.113103,5.0,-2.0,-41.0
1776887128.123103,8.0,-2.0,-40.0
1776887128.133103,5.0,-4.0,-47.0
1776887128.1431026,1.0,0.0,-53.0
1776887128.1531026,0.0,-1.0,-46.0
1776887128.1631026,5.0,-6.0,-46.0
1776887128.1731029,10.0,-2.0,-43.0
1776887128.1831028,8.0,0.0,-38.0
1776887128.1931028,6.0,2.0,-42.0
1776887128.2031028,5.0,1.0,-45.0
1776887128.2131028,-1.0,-2.0,-42.0
1776887128.2231028,-3.0,-4.0,-37.0
1776887128.2331028,-8.0,-5.0,-35.0
1776887128.2431028,-2.0,-6.0,-35.0
1776887128.2531028,1.0,-10.0,-39.0
1776887128.2631028,-1.0,-10.0,-37.0
1776887128.2731028,0.0,-11.0,-37.0
1776887128.2831028,4.0,-12.0,-32.0
1776887128.2931027,2.0,-10.0,-29.0
1776887128.3031027,3.0,-3.0,-31.0
1776887128.3131027,-3.0,-2.0,-39.0
1776887128.3231027,-2.0,-1.0,-37.0
1776887128.3331027,-2.0,-1.0,-41.0
1776887128.3431027,-5.0,-4.0,-39.0
1776887128.3531027,-7.0,-4.0,-43.0
1776887128.363103,-7.0,-2.0,-38.0
1776887128.373103,-5.0,0.0,-34.0
1776887128.383103,0.0,1.0,-31.0
1776887128.3931026,1.0,1.0,-30.0
1776887128.4031026,-5.0,-3.0,-30.0
1776887128.4131026,-7.0,-3.0,-26.0
1776887128.4231029,-5.0,-2.0,-29.0
1776887128.4331028,-3.0,-2.0,-27.0
1776887128.4431028,-4.0,0.0,-35.0
1776887128.4531028,-3.0,0.0,-38.0
1776887128.4631028,0.0,-3.0,-41.0
1776887128.4731028,-1.0,0.0,-36.0
1776887128.4831028,2.0,1.0,-36.0
1776887128.4931028,0.0,3.0,-35.0
1776887128.5031028,-2.0,3.0,-35.0
1776887128.5131028,-2.0,7.0,-40.0
1776887128.5231028,-4.0,4.0,-36.0
1776887128.5331028,0.0,4.0,-39.0
1776887128.5431027,1.0,1.0,-39.0
1776887128.5531027,0.0,-3.0,-34.0
1776887128.5631027,0.0,-5.0,-31.0
1776887128.5731027,-2.0,-5.0,-28.0
1776887128.5831027,0.0,-3.0,-30.0
1776887128.5931027,3.0,-2.0,-26.0
1776887128.6031027,2.0,-5.0,-29.0
1776887128.613103,3.0,-2.0,-25.0
1776887128.623103,4.0,-3.0,-28.0
1776887128.633103,6.0,0.0,-35.0
1776887128.6431026,1.0,0.0,-38.0
1776887128.6531026,0.0,1.0,-36.0
1776887128.6631026,-1.0,3.0,-39.0
1776887128.6731029,-4.0,4.0,-34.0
1776887128.6831028,1.0,5.0,-36.0
1776887128.6931028,1.0,3.0,-38.0
1776887128.7031028,0.0,4.0,-34.0
1776887128.7131028,-2.0,2.0,-40.0
1776887128.7231028,-4.0,3.0,-36.0
1776887128.7331028,-2.0,0.0,-33.0
1776887128.7431028,-4.0,0.0,-37.0
1776887128.7531028,-2.0,-1.0,-40.0
1776887128.7631028,0.0,-5.0,-40.0
1776887128.7731028,0.0,-4.0,-34.0
1776887128.7831028,-1.0,-6.0,-33.0
1776887128.7931027,-5.0,-7.0,-35.0
1776887128.8031027,-3.0,0.0,-39.0
1776887128.8131027,-4.0,0.0,-40.0
1776887128.8231027,0.0,-1.0,-47.0
1776887128.8331027,0.0,-2.0,-46.0
1776887128.8431027,1.0,-1.0,-49.0
1776887128.8531027,4.0,-4.0,-55.0
1776887128.863103,5.0,-1.0,-50.0
1776887128.873103,2.0,0.0,-43.0
1776887128.883103,5.0,-4.0,-39.0
1776887128.8931026,0.0,-6.0,-41.0
1776887128.9031026,1.0,-6.0,-42.0
1776887128.9131026,8.0,-6.0,-41.0
1776887128.9231029,9.0,-4.0,-35.0
1776887128.9331028,8.0,-7.0,-33.0
1776887128.9431028,11.0,-7.0,-32.0
1776887128.9531028,9.0,-8.0,-31.0
1776887128.9631028,8.0,-6.0,-37.0
1776887128.9731028,3.0,-3.0,-36.0
1776887128.9831028,0.0,-6.0,-40.0
1776887128.9931028,0.0,-2.0,-39.0
1776887129.0031028,-1.0,-2.0,-34.0
1776887129.0131028,1.0,-3.0,-32.0
1776887129.0231028,6.0,-5.0,-33.0
1776887129.0331028,4.0,-6.0,-30.0
1776887129.0431027,-2.0,-7.0,-24.0
1776887129.0531027,-7.0,-3.0,-29.0
1776887129.0631027,-9.0,-1.0,-34.0
1776887129.0731027,-6.0,-2.0,-40.0
1776887129.0831027,-1.0,-3.0,-45.0
1776887129.0931027,-1.0,-2.0,-45.0
1776887129.1031027,0.0,-2.0,-40.0
1776887129.113103,1.0,0.0,-32.0
1776887129.123103,-1.0,0.0,-28.0
1776887129.133103,-4.0,-5.0,-32.0
1776887129.1431026,-2.0,-9.0,-38.0
1776887129.1531026,2.0,-6.0,-35.0
1776887129.1631026,4.0,-5.0,-40.0
1776887129.1731029,3.0,-5.0,-45.0
1776887129.1831028,2.0,-3.0,-41.0
1776887129.1931028,6.0,-3.0,-40.0
1776887129.2031028,9.0,-5.0,-42.0
1776887129.2131028,9.0,-3.0,-41.0
1776887129.2231028,8.0,2.0,-39.0
1776887129.2331028,8.0,-1.0,-40.0
1776887129.2431028,8.0,-3.0,-39.0
1776887129.2531028,9.0,-4.0,-42.0
1776887129.2631028,7.0,0.0,-40.0
1776887129.2731028,2.0,-2.0,-38.0
1776887129.2831028,-1.0,-2.0,-29.0
1776887129.2931027,-5.0,-1.0,-35.0
1776887129.3031027,-9.0,-4.0,-39.0
1776887129.3131027,-8.0,-5.0,-35.0
1776887129.3231027,-4.0,-7.0,-30.0
1776887129.3331027,-6.0,-9.0,-27.0
1776887129.3431027,-5.0,-11.0,-35.0
1776887129.3531027,-8.0,-10.0,-36.0
1776887129.363103,-6.0,-8.0,-41.0
1776887129.373103,-7.0,-5.0,-40.0
1776887129.383103,-8.0,-6.0,-41.0
1776887129.3931026,-4.0,-7.0,-41.0
1776887129.4031026,-6.0,-2.0,-41.0
1776887129.4131026,-9.0,-4.0,-32.0
1776887129.4231029,-8.0,-3.0,-32.0
1776887129.4331028,-9.0,-2.0,-35.0
1776887129.4431028,-8.0,3.0,-40.0
1776887129.4531028,-4.0,2.0,-42.0
1776887129.4631028,0.0,2.0,-37.0
1776887129.4731028,-7.0,0.0,-38.0
1776887129.4831028,-4.0,-1.0,-40.0
1776887129.4931028,-2.0,0.0,-42.0
1776887129.5031028,0.0,2.0,-42.0
1776887129.5131028,1.0,0.0,-41.0
1776887129.5231028,0.0,-5.0,-45.0
1776887129.5331028,0.0,-5.0,-52.0
1776887129.5431027,0.0,-7.0,-51.0
1776887129.5531027,3.0,-4.0,-46.0
1776887129.5631027,5.0,-5.0,-45.0
1776887129.5731027,4.0,-4.0,-42.0
1776887129.5831027,7.0,-1.0,-41.0
1776887129.5931027,7.0,0.0,-42.0
1776887129.6031027,6.0,-5.0,-37.0
1776887129.613103,1.0,-6.0,-44.0
1776887129.623103,0.0,-2.0,-42.0
1776887129.633103,1.0,-1.0,-44.0
1776887129.6431026,0.0,0.0,-40.0
1776887129.6531026,-3.0,3.0,-36.0
1776887129.6631026,-5.0,2.0,-38.0
1776887129.6731029,-2.0,-2.0,-37.0
1776887129.6831028,-5.0,-5.0,-40.0
1776887129.6931028,-4.0,-5.0,-39.0
1776887129.7031028,-7.0,-4.0,-38.0
1776887129.7131028,-3.0,0.0,-36.0
1776887129.7231028,-5.0,4.0,-27.0
1776887129.7331028,-4.0,3.0,-33.0
1776887129.7431028,-1.0,1.0,-38.0
1776887129.7531028,-1.0,0.0,-37.0
1776887129.7631028,0.0,1.0,-37.0
1776887129.7731028,3.0,-3.0,-34.0
1776887129.7831028,7.0,-7.0,-42.0
1776887129.7931027,6.0,0.0,-39.0
1776887129.8031027,6.0,-6.0,-39.0
1776887129.8131027,0.0,-6.0,-27.0
1776887129.8231027,1.0,-7.0,-32.0
1776887129.8331027,1.0,-11.0,-36.0
1776887129.8431027,0.0,-13.0,-40.0
1776887129.8531027,2.0,-11.0,-35.0
1776887129.863103,4.0,-5.0,-37.0
1776887129.873103,5.0,-1.0,-38.0
1776887129.883103,7.0,0.0,-38.0
1776887129.8931026,5.0,0.0,-38.0
1776887129.9031026,5.0,-1.0,-30.0
1776887129.9131026,4.0,1.0,-27.0
1776887129.9231029,5.0,3.0,-27.0
1776887129.9331028,6.0,-1.0,-30.0
1776887129.9431028,2.0,-1.0,-27.0
1776887129.9531028,2.0,-3.0,-27.0
1776887129.9641027,4.0,-3.0,-29.0
1776887129.9741027,1.0,-3.0,-28.0
1776887129.9841027,0.0,-2.0,-31.0
1776887129.9941027,-4.0,-4.0,-32.0
1776887130.0041027,0.0,-3.0,-33.0
1776887130.0141027,1.0,-2.0,-36.0
1776887130.0241027,0.0,0.0,-35.0
1776887130.034103,0.0,0.0,-35.0
1776887130.044103,-1.0,0.0,-33.0
1776887130.054103,0.0,0.0,-31.0
1776887130.0641026,2.0,0.0,-30.0
1776887130.0741026,-2.0,0.0,-29.0
1776887130.0841026,-6.0,-1.0,-26.0
1776887130.0941026,-3.0,-3.0,-26.0
1776887130.1041028,-3.0,-4.0,-34.0
1776887130.1141028,-1.0,-1.0,-26.0
1776887130.1241028,-1.0,-3.0,-26.0
1776887130.1341028,0.0,-4.0,-32.0
1776887130.1441028,3.0,-5.0,-31.0
1776887130.1541028,4.0,-5.0,-37.0
1776887130.1641028,2.0,-5.0,-37.0
1776887130.1741028,3.0,-8.0,-35.0
1776887130.1841028,0.0,0.0,-32.0
1776887130.1941028,0.0,4.0,-27.0
1776887130.2041028,6.0,8.0,-27.0
1776887130.2141027,5.0,11.0,-32.0
1776887130.2241027,4.0,11.0,-35.0
1776887130.2341027,3.0,5.0,-40.0
1776887130.2441027,-1.0,5.0,-47.0
1776887130.2541027,-2.0,1.0,-46.0
1776887130.2641027,-5.0,0.0,-46.0
1776887130.2741027,-8.0,0.0,-37.0
1776887130.284103,-8.0,0.0,-40.0
1776887130.294103,-8.0,0.0,-43.0
1776887130.304103,-15.0,3.0,-47.0
1776887130.3141026,-11.0,1.0,-45.0
1776887130.3241026,-8.0,4.0,-43.0
1776887130.3341026,-2.0,2.0,-45.0
1776887130.3441026,-1.0,1.0,-43.0
1776887130.3541028,4.0,0.0,-46.0
1776887130.3641028,5.0,1.0,-44.0
1776887130.3741028,0.0,5.0,-38.0
1776887130.3841028,0.0,3.0,-43.0
1776887130.3941028,2.0,0.0,-38.0
1776887130.4041028,3.0,-3.0,-41.0
1776887130.4141028,1.0,-2.0,-42.0
1776887130.4241028,-1.0,0.0,-39.0
1776887130.4341028,-2.0,-1.0,-38.0
1776887130.4441028,0.0,-4.0,-39.0
1776887130.4541028,-3.0,-4.0,-34.0
1776887130.4641027,-6.0,-4.0,-36.0
1776887130.4741027,-5.0,0.0,-37.0
1776887130.4841027,-6.0,-2.0,-37.0
1776887130.4941027,-2.0,0.0,-37.0
1776887130.5041027,-1.0,-1.0,-37.0
1776887130.5141027,-3.0,-4.0,-37.0
1776887130.5241027,-6.0,-4.0,-37.0
1776887130.534103,-5.0,-2.0,-39.0
1776887130.544103,0.0,0.0,-39.0
1776887130.554103,1.0,-1.0,-33.0
1776887130.5641026,2.0,-4.0,-32.0
1776887130.5741026,3.0,-5.0,-42.0
1776887130.5841026,6.0,-2.0,-44.0
1776887130.5941026,5.0,-4.0,-38.0
1776887130.6041028,1.0,-6.0,-41.0
1776887130.6141028,0.0,-10.0,-39.0
1776887130.6241028,-1.0,-10.0,-45.0
1776887130.6341028,4.0,-13.0,-39.0
1776887130.6441028,6.0,-11.0,-35.0
1776887130.6541028,7.0,-8.0,-34.0
1776887130.6641028,11.0,-6.0,-40.0
1776887130.6741028,8.0,-7.0,-38.0
1776887130.6841028,7.0,-6.0,-36.0
1776887130.6941028,5.0,-5.0,-38.0
1776887130.7041028,-2.0,-5.0,-36.0
1776887130.7141027,-5.0,-4.0,-35.0
1776887130.7241027,-1.0,-2.0,-30.0
1776887130.7341027,2.0,-4.0,-31.0
1776887130.7441027,2.0,-3.0,-28.0
1776887130.7541027,7.0,-2.0,-27.0
1776887130.7641027,5.0,0.0,-25.0
1776887130.7741027,-2.0,0.0,-24.0
1776887130.784103,-2.0,0.0,-31.0
1776887130.794103,-8.0,-1.0,-38.0
1776887130.804103,-5.0,-3.0,-36.0
1776887130.8141026,0.0,-6.0,-41.0
1776887130.8241026,3.0,-5.0,-41.0
1776887130.8341026,0.0,-3.0,-40.0
1776887130.8441026,0.0,-4.0,-34.0
1776887130.8541028,3.0,-3.0,-25.0
1776887130.8641028,2.0,-3.0,-20.0
1776887130.8741028,3.0,-1.0,-22.0
1776887130.8841028,0.0,-2.0,-30.0
1776887130.8941028,1.0,-3.0,-33.0
1776887130.9041028,4.0,-5.0,-32.0
1776887130.9141028,2.0,-4.0,-32.0
1776887130.9241028,0.0,-3.0,-22.0
1776887130.9341028,0.0,-1.0,-23.0
1776887130.9441028,-1.0,-5.0,-22.0
1776887130.9541028,3.0,0.0,-28.0
1776887130.9641027,2.0,0.0,-33.0
1776887130.9741027,1.0,-3.0,-33.0
1776887130.9841027,-1.0,5.0,-36.0
1776887130.9941027,-2.0,3.0,-38.0
1776887131.0041027,-1.0,6.0,-37.0
1776887131.0141027,0.0,3.0,-37.0
1776887131.0241027,-1.0,2.0,-38.0
1776887131.034103,-4.0,1.0,-43.0
1776887131.044103,-1.0,0.0,-42.0
1776887131.054103,0.0,0.0,-40.0
1776887131.0641026,1.0,1.0,-43.0
1776887131.0741026,2.0,4.0,-46.0
1776887131.0841026,1.0,4.0,-43.0
1776887131.0941026,1.0,1.0,-45.0
1776887131.1041028,0.0,0.0,-41.0
1776887131.1141028,1.0,0.0,-39.0
1776887131.1241028,1.0,0.0,-32.0
1776887131.1341028,-2.0,-4.0,-31.0
1776887131.1441028,1.0,-7.0,-36.0
1776887131.1541028,1.0,-10.0,-46.0
1776887131.1641028,-2.0,-7.0,-45.0
1776887131.1741028,-3.0,-2.0,-40.0
1776887131.1841028,-4.0,-3.0,-37.0
1776887131.1941028,2.0,-1.0,-38.0
1776887131.2041028,5.0,0.0,-40.0
1776887131.2141027,3.0,0.0,-38.0
1776887131.2241027,0.0,0.0,-36.0
1776887131.2341027,-4.0,2.0,-27.0
1776887131.2441027,-2.0,0.0,-25.0
1776887131.2541027,-1.0,-6.0,-29.0
1776887131.2641027,0.0,-7.0,-30.0
1776887131.2741027,0.0,-8.0,-20.0
1776887131.284103,1.0,-7.0,-20.0
1776887131.294103,0.0,-4.0,-20.0
1776887131.304103,1.0,-5.0,-23.0
1776887131.3141026,0.0,-1.0,-27.0
1776887131.3241026,0.0,0.0,-26.0
1776887131.3341026,0.0,-1.0,-29.0
1776887131.3441026,1.0,-2.0,-37.0
1776887131.3541028,0.0,-1.0,-38.0
1776887131.3641028,-2.0,-1.0,-32.0
1776887131.3741028,-4.0,-3.0,-40.0
1776887131.3841028,0.0,0.0,-50.0
1776887131.3941028,3.0,-1.0,-55.0
1776887131.4041028,8.0,-1.0,-51.0
1776887131.4141028,11.0,-2.0,-47.0
1776887131.4241028,11.0,0.0,-50.0
1776887131.4341028,9.0,-2.0,-49.0
1776887131.4441028,9.0,-1.0,-44.0
1776887131.4541028,9.0,-3.0,-43.0
1776887131.4641027,8.0,-7.0,-41.0
1776887131.4741027,5.0,-9.0,-40.0
1776887131.4841027,5.0,-10.0,-47.0
1776887131.4941027,3.0,-10.0,-42.0
1776887131.5041027,4.0,-10.0,-34.0
1776887131.5141027,3.0,-6.0,-33.0
1776887131.5241027,5.0,-6.0,-40.0
1776887131.534103,-1.0,-8.0,-47.0
1776887131.544103,1.0,-5.0,-42.0
1776887131.554103,3.0,-5.0,-46.0
1776887131.5641026,7.0,-5.0,-40.0
1776887131.5741026,0.0,-4.0,-38.0
1776887131.5841026,-3.0,-4.0,-40.0
1776887131.5941026,-8.0,-1.0,-39.0
1776887131.6041028,-7.0,-3.0,-37.0
1776887131.6141028,-2.0,-2.0,-39.0
1776887131.6241028,-2.0,-2.0,-41.0
1776887131.6341028,-2.0,0.0,-43.0
1776887131.6441028,-7.0,2.0,-41.0
1776887131.6541028,-6.0,6.0,-38.0
1776887131.6641028,-5.0,2.0,-29.0
1776887131.6741028,-1.0,0.0,-23.0
1776887131.6841028,-4.0,0.0,-28.0
1776887131.6941028,-10.0,0.0,-25.0
1776887131.7041028,-7.0,0.0,-24.0
1776887131.7141027,-6.0,-4.0,-24.0
1776887131.7241027,-7.0,-4.0,-32.0
1776887131.7341027,-8.0,-4.0,-37.0
1776887131.7441027,-4.0,0.0,-33.0
1776887131.7541027,-4.0,1.0,-32.0
1776887131.7641027,-6.0,3.0,-29.0
1776887131.7741027,-7.0,1.0,-34.0
1776887131.784103,-4.0,1.0,-33.0
1776887131.794103,0.0,-4.0,-35.0
1776887131.804103,0.0,-1.0,-32.0
1776887131.8141026,-1.0,-1.0,-37.0
1776887131.8241026,0.0,-1.0,-43.0
1776887131.8341026,0.0,0.0,-31.0
1776887131.8441026,0.0,-1.0,-28.0
1776887131.8541028,-2.0,-4.0,-30.0
1776887131.8641028,1.0,0.0,-32.0
1776887131.8741028,0.0,-1.0,-37.0
1776887131.8841028,-1.0,-1.0,-43.0
1776887131.8941028,3.0,3.0,-46.0
1776887131.9041028,1.0,0.0,-39.0
1776887131.9141028,0.0,-1.0,-41.0
1776887131.9241028,-5.0,0.0,-39.0
1776887131.9341028,-5.0,-9.0,-40.0
1776887131.9441028,-5.0,-11.0,-37.0
1776887131.9541028,-4.0,-11.0,-37.0
1776887131.9641027,-3.0,-10.0,-29.0
1776887131.975103,-3.0,-10.0,-28.0
1776887131.985103,-8.0,-10.0,-29.0
1776887131.9951026,-4.0,-10.0,-31.0
1776887132.0051026,0.0,-5.0,-33.0
1776887132.0151026,3.0,-9.0,-32.0
1776887132.0251029,2.0,-8.0,-33.0
1776887132.0351028,3.0,-8.0,-33.0
1776887132.0451028,4.0,-6.0,-32.0
1776887132.0551028,2.0,-1.0,-29.0
1776887132.0651028,1.0,2.0,-27.0
1776887132.0751028,1.0,3.0,-32.0
1776887132.0851028,3.0,1.0,-35.0
1776887132.0951028,2.0,1.0,-38.0
1776887132.1051028,0.0,0.0,-36.0
1776887132.1151028,0.0,-2.0,-33.0
1776887132.1251028,-3.0,-3.0,-33.0
1776887132.1351027,-3.0,-3.0,-34.0
1776887132.1451027,-5.0,-1.0,-37.0
1776887132.1551027,-7.0,0.0,-40.0
1776887132.1651027,-4.0,0.0,-36.0
1776887132.1751027,0.0,0.0,-27.0
1776887132.1851027,-2.0,1.0,-31.0
1776887132.1951027,-5.0,0.0,-40.0
1776887132.2051027,-9.0,3.0,-49.0
1776887132.215103,-8.0,4.0,-44.0
1776887132.225103,-3.0,4.0,-39.0
1776887132.235103,0.0,2.0,-41.0
1776887132.2451026,-3.0,-2.0,-37.0
1776887132.2551026,-6.0,-5.0,-34.0
1776887132.2651026,-7.0,-3.0,-32.0
1776887132.2751029,-8.0,-2.0,-36.0
1776887132.2851028,-8.0,0.0,-35.0
1776887132.2951028,1.0,0.0,-28.0
1776887132.3051028,0.0,-2.0,-31.0
1776887132.3151028,0.0,-3.0,-30.0
1776887132.3251028,4.0,0.0,-37.0
1776887132.3351028,2.0,-2.0,-40.0
1776887132.3451028,5.0,-2.0,-42.0
1776887132.3551028,7.0,-2.0,-42.0
1776887132.3651028,7.0,-2.0,-39.0
1776887132.3751028,6.0,-4.0,-38.0
1776887132.3851027,4.0,-8.0,-37.0
1776887132.3951027,5.0,-8.0,-39.0
1776887132.4051027,5.0,-5.0,-41.0
1776887132.4151027,8.0,-1.0,-39.0
1776887132.4251027,4.0,0.0,-35.0
1776887132.4351027,1.0,0.0,-32.0
1776887132.4451027,6.0,0.0,-36.0
1776887132.4551027,7.0,-2.0,-31.0
1776887132.465103,10.0,-2.0,-39.0
1776887132.475103,11.0,-3.0,-40.0
1776887132.485103,10.0,0.0,-43.0
1776887132.4951026,6.0,0.0,-39.0
1776887132.5051026,0.0,0.0,-44.0
1776887132.5151026,0.0,-3.0,-42.0
1776887132.5251029,0.0,0.0,-33.0
1776887132.5351028,1.0,-2.0,-38.0
1776887132.5451028,0.0,-4.0,-37.0
1776887132.5551028,1.0,-3.0,-37.0
1776887132.5651028,0.0,-5.0,-33.0
1776887132.5751028,2.0,-3.0,-32.0
1776887132.5851028,4.0,-6.0,-35.0
1776887132.5951028,1.0,-7.0,-36.0
1776887132.6051028,-2.0,-4.0,-44.0
1776887132.6151028,-1.0,-4.0,-43.0
1776887132.6251028,0.0,-5.0,-40.0
1776887132.6351027,2.0,-4.0,-44.0
1776887132.6451027,3.0,-4.0,-41.0
1776887132.6551027,8.0,-2.0,-33.0
1776887132.6651027,7.0,-4.0,-32.0
1776887132.6751027,4.0,-10.0,-39.0
1776887132.6851027,3.0,-7.0,-42.0
1776887132.6951027,4.0,-10.0,-39.0
1776887132.7051027,4.0,-10.0,-37.0
1776887132.715103,0.0,-7.0,-34.0
1776887132.725103,0.0,-2.0,-27.0
1776887132.735103,-6.0,-2.0,-29.0
1776887132.7451026,-5.0,0.0,-37.0
1776887132.7551026,-1.0,0.0,-37.0
1776887132.7651026,0.0,-2.0,-36.0
1776887132.7751029,2.0,-3.0,-32.0
1776887132.7851028,4.0,-5.0,-36.0
1776887132.7951028,3.0,-3.0,-33.0
1776887132.8051028,3.0,-4.0,-32.0
1776887132.8151028,6.0,-7.0,-29.0
1776887132.8251028,5.0,-9.0,-32.0
1776887132.8351028,-4.0,-6.0,-31.0
1776887132.8451028,-4.0,0.0,-34.0
1776887132.8551028,0.0,0.0,-35.0
1776887132.8651028,2.0,0.0,-35.0
1776887132.8751028,2.0,-1.0,-36.0
1776887132.8851027,6.0,-1.0,-39.0
1776887132.8951027,2.0,1.0,-38.0
1776887132.9051027,-1.0,2.0,-42.0
1776887132.9151027,-2.0,0.0,-42.0
1776887132.9251027,-2.0,0.0,-43.0
1776887132.9351027,0.0,-4.0,-46.0
1776887132.9451027,-3.0,-3.0,-40.0
1776887132.9551027,-2.0,0.0,-38.0
1776887132.965103,-2.0,1.0,-34.0
1776887132.975103,-5.0,3.0,-37.0
1776887132.985103,-4.0,3.0,-39.0
1776887132.9951026,0.0,5.0,-39.0
1776887133.0051026,-1.0,3.0,-41.0
1776887133.0151026,-2.0,-1.0,-44.0
1776887133.0251029,-2.0,-5.0,-41.0
1776887133.0351028,1.0,-2.0,-38.0
1776887133.0451028,7.0,-1.0,-35.0
1776887133.0551028,8.0,0.0,-35.0
1776887133.0651028,5.0,0.0,-33.0
1776887133.0751028,6.0,-1.0,-37.0
1776887133.0851028,9.0,-4.0,-33.0
1776887133.0951028,10.0,0.0,-35.0
1776887133.1051028,9.0,3.0,-39.0
1776887133.1151028,0.0,4.0,-39.0
1776887133.1251028,0.0,1.0,-39.0
1776887133.1351027,0.0,3.0,-43.0
1776887133.1451027,-3.0,2.0,-36.0
1776887133.1551027,-3.0,3.0,-28.0
1776887133.1651027,-2.0,0.0,-32.0
1776887133.1751027,-3.0,-3.0,-31.0
1776887133.1851027,-1.0,-6.0,-35.0
1776887133.1951027,-2.0,-6.0,-38.0
1776887133.2051027,-1.0,-7.0,-35.0
1776887133.215103,-2.0,-6.0,-35.0
1776887133.225103,0.0,-5.0,-34.0
1776887133.235103,-1.0,-10.0,-36.0
1776887133.2451026,0.0,-10.0,-35.0
1776887133.2551026,-1.0,-10.0,-37.0
1776887133.2651026,0.0,-9.0,-33.0
1776887133.2751029,-3.0,-8.0,-29.0
1776887133.2851028,-2.0,-7.0,-26.0
1776887133.2951028,-2.0,0.0,-27.0
1776887133.3051028,2.0,0.0,-28.0
1776887133.3151028,5.0,1.0,-30.0
1776887133.3251028,2.0,2.0,-39.0
1776887133.3351028,0.0,-2.0,-44.0
1776887133.3451028,4.0,-4.0,-43.0
1776887133.3551028,8.0,-2.0,-39.0
1776887133.3651028,8.0,-3.0,-39.0
1776887133.3751028,2.0,-6.0,-39.0
1776887133.3851027,1.0,-4.0,-37.0
1776887133.3951027,-1.0,-3.0,-35.0
1776887133.4051027,-1.0,-5.0,-35.0
1776887133.4151027,-4.0,-4.0,-35.0
1776887133.4251027,-6.0,-4.0,-33.0
1776887133.4351027,-5.0,-10.0,-34.0
1776887133.4451027,0.0,-7.0,-35.0
1776887133.4551027,-5.0,-3.0,-34.0
1776887133.465103,-5.0,-5.0,-35.0
1776887133.475103,-6.0,-4.0,-32.0
1776887133.485103,0.0,0.0,-33.0
1776887133.4951026,-1.0,0.0,-37.0
1776887133.5051026,0.0,-1.0,-31.0
1776887133.5151026,1.0,-3.0,-31.0
1776887133.5251029,2.0,1.0,-35.0
1776887133.5351028,4.0,0.0,-30.0
1776887133.5451028,5.0,-1.0,-33.0
1776887133.5551028,3.0,-4.0,-38.0
1776887133.5651028,0.0,-9.0,-39.0
1776887133.5751028,0.0,-5.0,-34.0
1776887133.5851028,1.0,-4.0,-42.0
1776887133.5951028,3.0,-6.0,-44.0
1776887133.6051028,3.0,0.0,-47.0
1776887133.6151028,1.0,0.0,-48.0
1776887133.6251028,2.0,-3.0,-49.0
1776887133.6351027,0.0,-4.0,-45.0
1776887133.6451027,3.0,-2.0,-42.0
1776887133.6551027,-2.0,1.0,-42.0
1776887133.6651027,1.0,0.0,-45.0
1776887133.6751027,0.0,-2.0,-49.0
1776887133.6851027,2.0,0.0,-49.0
1776887133.6951027,3.0,0.0,-48.0
1776887133.7051027,0.0,-3.0,-54.0
1776887133.715103,4.0,-3.0,-46.0
1776887133.725103,2.0,-2.0,-44.0
1776887133.735103,2.0,-5.0,-43.0
1776887133.7451026,6.0,-7.0,-40.0
1776887133.7551026,10.0,-9.0,-42.0
1776887133.7651026,6.0,-10.0,-39.0
1776887133.7751029,4.0,-5.0,-36.0
1776887133.7851028,4.0,-6.0,-31.0
1776887133.7951028,5.0,-5.0,-28.0
1776887133.8051028,9.0,-2.0,-34.0
1776887133.8151028,8.0,0.0,-34.0
1776887133.8251028,3.0,-3.0,-36.0
1776887133.8351028,2.0,-5.0,-37.0
1776887133.8451028,0.0,-1.0,-33.0
1776887133.8551028,1.0,-1.0,-35.0
1776887133.8651028,0.0,-2.0,-39.0
1776887133.8751028,3.0,0.0,-41.0
1776887133.8851027,4.0,0.0,-41.0
1776887133.8951027,4.0,0.0,-40.0
1776887133.9051027,7.0,-5.0,-45.0
1776887133.9151027,8.0,-3.0,-45.0
1776887133.9251027,1.0,-5.0,-37.0
1776887133.9351027,-4.0,-8.0,-40.0
1776887133.9451027,-1.0,-7.0,-33.0
1776887133.9551027,2.0,-4.0,-38.0
1776887133.965103,-1.0,-3.0,-49.0
1776887133.9761028,-5.0,-8.0,-53.0
1776887133.9861028,-3.0,-7.0,-45.0
1776887133.9961028,0.0,-9.0,-38.0
1776887134.0061028,-3.0,-6.0,-34.0
1776887134.0161028,-4.0,-3.0,-29.0
1776887134.0261028,-8.0,-1.0,-30.0
1776887134.0361028,-5.0,-3.0,-34.0
1776887134.0461028,-6.0,-4.0,-32.0
1776887134.0561028,-5.0,-6.0,-36.0
1776887134.0661027,-5.0,-7.0,-35.0
1776887134.0761027,-1.0,-8.0,-37.0
1776887134.0861027,-2.0,-5.0,-34.0
1776887134.0961027,-1.0,0.0,-28.0
1776887134.1061027,5.0,0.0,-29.0
1776887134.1161027,5.0,3.0,-23.0
1776887134.1261027,5.0,2.0,-21.0
1776887134.136103,-1.0,0.0,-22.0
1776887134.146103,-2.0,-1.0,-26.0
1776887134.156103,0.0,1.0,-29.0
1776887134.1661026,0.0,-1.0,-35.0
1776887134.1761026,2.0,0.0,-34.0
1776887134.1861026,2.0,-2.0,-40.0
1776887134.1961029,4.0,-3.0,-39.0
1776887134.2061028,0.0,0.0,-37.0
1776887134.2161028,-1.0,-3.0,-40.0
1776887134.2261028,-1.0,-3.0,-46.0
1776887134.2361028,0.0,-2.0,-48.0
1776887134.2461028,-6.0,-1.0,-46.0
1776887134.2561028,-8.0,0.0,-42.0
1776887134.2661028,-4.0,0.0,-43.0
1776887134.2761028,0.0,-1.0,-44.0
1776887134.2861028,0.0,3.0,-40.0
1776887134.2961028,0.0,2.0,-32.0
1776887134.3061028,-1.0,1.0,-37.0
1776887134.3161027,-2.0,-4.0,-39.0
1776887134.3261027,-8.0,-1.0,-35.0
1776887134.3361027,-4.0,-1.0,-34.0
1776887134.3461027,-5.0,-4.0,-38.0
1776887134.3561027,1.0,0.0,-41.0
1776887134.3661027,3.0,1.0,-36.0
1776887134.3761027,1.0,0.0,-34.0
1776887134.386103,-2.0,0.0,-37.0
1776887134.396103,2.0,0.0,-31.0
1776887134.406103,1.0,-2.0,-34.0
1776887134.4161026,0.0,-2.0,-33.0
1776887134.4261026,0.0,1.0,-35.0
1776887134.4361026,0.0,0.0,-35.0
1776887134.4461029,-2.0,0.0,-44.0
1776887134.4561028,0.0,2.0,-46.0
1776887134.4661028,0.0,-4.0,-48.0
1776887134.4761028,2.0,-2.0,-50.0
1776887134.4861028,7.0,-2.0,-50.0
1776887134.4961028,9.0,-1.0,-48.0
1776887134.5061028,9.0,-1.0,-44.0
1776887134.5161028,8.0,-4.0,-41.0
1776887134.5261028,6.0,3.0,-36.0
1776887134.5361028,0.0,4.0,-36.0
1776887134.5461028,0.0,6.0,-37.0
1776887134.5561028,1.0,2.0,-38.0
1776887134.5661027,0.0,0.0,-35.0
1776887134.5761027,0.0,-3.0,-32.0
1776887134.5861027,-4.0,0.0,-36.0
1776887134.5961027,-2.0,1.0,-42.0
1776887134.6061027,0.0,-2.0,-44.0
1776887134.6161027,0.0,-1.0,-48.0
1776887134.6261027,-3.0,-4.0,-49.0
1776887134.636103,-4.0,-4.0,-48.0
1776887134.646103,-7.0,-4.0,-51.0
1776887134.656103,-2.0,-5.0,-50.0
1776887134.6661026,0.0,-1.0,-42.0
1776887134.6761026,0.0,-1.0,-39.0
1776887134.6861026,3.0,-4.0,-37.0
1776887134.6961029,5.0,-1.0,-37.0
1776887134.7061028,8.0,5.0,-43.0
1776887134.7161028,3.0,4.0,-49.0
1776887134.7261028,2.0,2.0,-51.0
1776887134.7361028,0.0,2.0,-43.0
1776887134.7461028,0.0,1.0,-41.0
1776887134.7561028,0.0,-3.0,-39.0
1776887134.7661028,-2.0,0.0,-33.0
1776887134.7761028,-3.0,1.0,-35.0
1776887134.7861028,0.0,-1.0,-31.0
1776887134.7961028,1.0,-4.0,-32.0
1776887134.8061028,4.0,-2.0,-26.0
1776887134.8161027,4.0,-2.0,-24.0
1776887134.8261027,5.0,0.0,-25.0
1776887134.8361027,1.0,4.0,-31.0
1776887134.8461027,5.0,1.0,-40.0
1776887134.8561027,4.0,2.0,-35.0
1776887134.8661027,6.0,1.0,-28.0
1776887134.8761027,4.0,1.0,-29.0
1776887134.886103,1.0,-3.0,-33.0
1776887134.896103,6.0,-4.0,-36.0
1776887134.906103,6.0,-10.0,-33.0
1776887134.9161026,6.0,-11.0,-34.0
1776887134.9261026,5.0,-10.0,-28.0
1776887134.9361026,1.0,-10.0,-37.0
1776887134.9461029,5.0,-9.0,-44.0
1776887134.9561028,6.0,-10.0,-39.0
1776887134.9661028,3.0,-6.0,-33.0
1776887134.9761028,3.0,-3.0,-31.0
1776887134.9861028,3.0,-3.0,-36.0
1776887134.9961028,3.0,-2.0,-38.0
1776887135.0061028,2.0,-7.0,-40.0
1776887135.0161028,-2.0,-4.0,-43.0
1776887135.0261028,0.0,-1.0,-33.0
1776887135.0361028,0.0,-3.0,-30.0
1776887135.0461028,2.0,-3.0,-31.0
1776887135.0561028,5.0,-6.0,-34.0
1776887135.0661027,5.0,-2.0,-32.0
1776887135.0761027,7.0,0.0,-34.0
1776887135.0861027,7.0,0.0,-33.0
1776887135.0961027,2.0,-3.0,-36.0
1776887135.1061027,2.0,-3.0,-35.0
1776887135.1161027,1.0,-3.0,-37.0
1776887135.1261027,5.0,-6.0,-34.0
1776887135.136103,1.0,-6.0,-33.0
1776887135.146103,0.0,-8.0,-25.0
1776887135.156103,0.0,-12.0,-28.0
1776887135.1661026,-1.0,-6.0,-31.0
1776887135.1761026,0.0,-2.0,-32.0
1776887135.1861026,0.0,-2.0,-37.0
1776887135.1961029,-3.0,1.0,-39.0
1776887135.2061028,-6.0,6.0,-42.0
1776887135.2161028,-7.0,2.0,-40.0
1776887135.2261028,-6.0,4.0,-42.0
1776887135.2361028,-3.0,-1.0,-44.0
1776887135.2461028,-7.0,-1.0,-41.0
1776887135.2561028,-4.0,-1.0,-35.0
1776887135.2661028,-5.0,0.0,-35.0
1776887135.2761028,-4.0,3.0,-31.0
1776887135.2861028,-6.0,2.0,-30.0
1776887135.2961028,-3.0,0.0,-30.0
1776887135.3061028,-6.0,1.0,-24.0
1776887135.3161027,0.0,2.0,-30.0
1776887135.3261027,1.0,0.0,-32.0
1776887135.3361027,2.0,-5.0,-41.0
1776887135.3461027,2.0,-8.0,-40.0
1776887135.3561027,0.0,-3.0,-43.0
1776887135.3661027,-1.0,0.0,-51.0
1776887135.3761027,-5.0,0.0,-47.0
1776887135.386103,-5.0,2.0,-50.0
1776887135.396103,-4.0,1.0,-47.0
1776887135.406103,-1.0,0.0,-48.0
1776887135.4161026,1.0,0.0,-53.0
1776887135.4261026,1.0,0.0,-51.0
1776887135.4361026,0.0,-4.0,-50.0
1776887135.4461029,0.0,-5.0,-49.0
1776887135.4561028,0.0,0.0,-45.0
1776887135.4661028,-2.0,2.0,-43.0
1776887135.4761028,-4.0,3.0,-43.0
1776887135.4861028,-2.0,-2.0,-46.0
1776887135.4961028,1.0,-3.0,-38.0
1776887135.5061028,1.0,-2.0,-30.0
1776887135.5161028,6.0,-3.0,-28.0
1776887135.5261028,2.0,-3.0,-40.0
1776887135.5361028,-2.0,-2.0,-42.0
1776887135.5461028,0.0,0.0,-40.0
1776887135.5561028,-1.0,1.0,-33.0
1776887135.5661027,1.0,2.0,-31.0
1776887135.5761027,4.0,2.0,-29.0
1776887135.5861027,13.0,3.0,-30.0
1776887135.5961027,11.0,1.0,-29.0
1776887135.6061027,5.0,4.0,-23.0
1776887135.6161027,4.0,4.0,-20.0
1776887135.6261027,8.0,1.0,-26.0
1776887135.636103,6.0,-1.0,-27.0
1776887135.646103,7.0,0.0,-37.0
1776887135.656103,6.0,0.0,-31.0
1776887135.6661026,5.0,-2.0,-31.0
1776887135.6761026,0.0,0.0,-28.0
1776887135.6861026,0.0,0.0,-26.0
1776887135.6961029,0.0,0.0,-29.0
1776887135.7061028,6.0,-3.0,-35.0
1776887135.7161028,4.0,-1.0,-36.0
1776887135.7261028,4.0,0.0,-37.0
1776887135.7361028,4.0,0.0,-34.0
1776887135.7461028,5.0,-1.0,-25.0
1776887135.7561028,1.0,-5.0,-18.0
1776887135.7661028,-4.0,-3.0,-26.0
1776887135.7761028,-3.0,-3.0,-23.0
1776887135.7861028,-4.0,-3.0,-29.0
1776887135.7961028,-1.0,-2.0,-33.0
1776887135.8061028,0.0,-3.0,-37.0
1776887135.8161027,-6.0,0.0,-37.0
1776887135.8261027,-1.0,-5.0,-35.0
1776887135.8361027,-2.0,-3.0,-41.0
1776887135.8461027,-2.0,-7.0,-40.0
1776887135.8561027,-3.0,-8.0,-32.0
1776887135.8661027,-2.0,0.0,-31.0
1776887135.8761027,1.0,-4.0,-25.0
1776887135.886103,4.0,-3.0,-28.0
1776887135.896103,-1.0,1.0,-37.0
1776887135.906103,-4.0,0.0,-35.0
1776887135.9161026,-3.0,-4.0,-34.0
1776887135.9261026,-2.0,-6.0,-25.0
1776887135.9361026,0.0,-4.0,-28.0
1776887135.9461029,1.0,-5.0,-24.0
1776887135.9571028,-3.0,-9.0,-25.0
1776887135.9671028,-4.0,-8.0,-21.0
1776887135.9771028,-3.0,-10.0,-25.0
1776887135.9871027,-4.0,-13.0,-26.0
1776887135.998103,-2.0,-10.0,-28.0
1776887136.0071027,-2.0,-8.0,-29.0
1776887136.0171027,-4.0,-3.0,-32.0
1776887136.0271027,-2.0,-3.0,-36.0
1776887136.0371027,-5.0,-5.0,-36.0
1776887136.0471027,-4.0,-10.0,-46.0
1776887136.057103,-4.0,-9.0,-47.0
1776887136.067103,-5.0,-7.0,-50.0
1776887136.077103,-6.0,-6.0,-44.0
1776887136.087103,-1.0,-7.0,-44.0
1776887136.0971026,0.0,-7.0,-48.0
1776887136.1071026,1.0,-5.0,-44.0
1776887136.1171026,2.0,-4.0,-47.0
1776887136.1271029,1.0,-3.0,-44.0
1776887136.1371028,1.0,0.0,-33.0
1776887136.1471028,3.0,2.0,-36.0
1776887136.1571028,3.0,4.0,-40.0
1776887136.1671028,3.0,1.0,-43.0
1776887136.1771028,3.0,-3.0,-38.0
1776887136.1871028,5.0,-3.0,-41.0
1776887136.1971028,6.0,-2.0,-48.0
1776887136.2071028,3.0,-1.0,-50.0
1776887136.2171028,1.0,-4.0,-49.0
1776887136.2271028,0.0,-9.0,-36.0
1776887136.2371027,-5.0,-6.0,-43.0
1776887136.2471027,-6.0,-6.0,-36.0
1776887136.2571027,-9.0,-2.0,-25.0
1776887136.2671027,-8.0,-1.0,-26.0
1776887136.2771027,-2.0,0.0,-29.0
1776887136.2871027,-4.0,1.0,-29.0
1776887136.2971027,0.0,1.0,-28.0
1776887136.307103,0.0,3.0,-41.0
1776887136.317103,1.0,2.0,-45.0
1776887136.327103,4.0,4.0,-46.0
1776887136.337103,6.0,6.0,-41.0
1776887136.3471026,2.0,4.0,-39.0
1776887136.3571026,1.0,1.0,-36.0
1776887136.3671026,4.0,-3.0,-25.0
1776887136.3771029,3.0,-3.0,-30.0
1776887136.3871028,2.0,-9.0,-32.0
1776887136.3971028,3.0,-10.0,-33.0
1776887136.4071028,0.0,-9.0,-27.0
1776887136.4171028,0.0,-2.0,-31.0
1776887136.4271028,0.0,-4.0,-30.0
1776887136.4371028,0.0,-4.0,-33.0
1776887136.4471028,4.0,0.0,-35.0
1776887136.4571028,1.0,2.0,-28.0
1776887136.4671028,1.0,1.0,-29.0
1776887136.4771028,0.0,2.0,-32.0
1776887136.4871027,0.0,3.0,-36.0
1776887136.4971027,0.0,0.0,-41.0
1776887136.5071027,0.0,0.0,-36.0
1776887136.5171027,2.0,-2.0,-35.0
1776887136.5271027,4.0,-4.0,-34.0
1776887136.5371027,2.0,0.0,-34.0
1776887136.5471027,6.0,0.0,-34.0
1776887136.557103,7.0,0.0,-34.0
1776887136.567103,8.0,-2.0,-29.0
1776887136.577103,8.0,-4.0,-30.0
1776887136.587103,7.0,-3.0,-25.0
1776887136.5971026,4.0,-3.0,-37.0
1776887136.6071026,3.0,-2.0,-36.0
1776887136.6171026,4.0,0.0,-41.0
1776887136.6271029,1.0,-2.0,-43.0
1776887136.6371028,3.0,-2.0,-45.0
1776887136.6471028,3.0,-3.0,-44.0
1776887136.6571028,2.0,-2.0,-42.0
1776887136.6671028,3.0,0.0,-44.0
1776887136.6771028,0.0,1.0,-46.0
1776887136.6871028,2.0,0.0,-44.0
1776887136.6971028,1.0,1.0,-47.0
1776887136.7071028,1.0,1.0,-48.0
1776887136.7171028,2.0,2.0,-52.0
1776887136.7271028,0.0,3.0,-49.0
1776887136.7371027,-1.0,2.0,-43.0
1776887136.7471027,-1.0,2.0,-45.0
1776887136.7571027,-3.0,1.0,-50.0
1776887136.7671027,1.0,0.0,-44.0
1776887136.7771027,2.0,0.0,-45.0
1776887136.7871027,2.0,0.0,-42.0
1776887136.7971027,2.0,4.0,-37.0
1776887136.807103,2.0,1.0,-36.0
1776887136.817103,2.0,0.0,-45.0
1776887136.827103,4.0,-1.0,-46.0
1776887136.837103,2.0,0.0,-43.0
1776887136.8471026,3.0,-5.0,-40.0
1776887136.8571026,1.0,-5.0,-39.0
1776887136.8671026,5.0,-1.0,-36.0
1776887136.8771029,2.0,0.0,-38.0
1776887136.8871028,4.0,4.0,-39.0
1776887136.8971028,0.0,-3.0,-39.0
1776887136.9071028,0.0,-5.0,-41.0
1776887136.9171028,0.0,-5.0,-39.0
1776887136.9271028,3.0,-7.0,-39.0
1776887136.9371028,3.0,-9.0,-40.0
1776887136.9471028,4.0,-9.0,-38.0
1776887136.9571028,1.0,-9.0,-46.0
1776887136.9671028,0.0,-7.0,-49.0
1776887136.9771028,5.0,-6.0,-46.0
1776887136.9871027,1.0,-3.0,-41.0
1776887136.9971027,3.0,-2.0,-40.0
1776887137.0071027,2.0,-6.0,-38.0
1776887137.0171027,2.0,-8.0,-35.0
1776887137.0271027,4.0,-8.0,-38.0
1776887137.0371027,2.0,-11.0,-35.0
1776887137.0471027,0.0,-9.0,-37.0
1776887137.057103,1.0,-5.0,-34.0
1776887137.067103,3.0,-4.0,-30.0
1776887137.077103,3.0,-4.0,-33.0
1776887137.087103,3.0,-4.0,-33.0
1776887137.0971026,2.0,-3.0,-37.0
1776887137.1071026,0.0,-3.0,-33.0
1776887137.1171026,2.0,-2.0,-30.0
1776887137.1271029,6.0,-4.0,-30.0
1776887137.1371028,5.0,-7.0,-31.0
1776887137.1471028,7.0,-7.0,-38.0
1776887137.1571028,7.0,-7.0,-32.0
1776887137.1671028,12.0,-4.0,-31.0
1776887137.1771028,10.0,-5.0,-27.0
1776887137.1871028,11.0,-5.0,-28.0
1776887137.1971028,11.0,-2.0,-33.0
1776887137.2071028,9.0,-4.0,-37.0
1776887137.2171028,3.0,-4.0,-39.0
1776887137.2271028,6.0,-6.0,-36.0
1776887137.2371027,5.0,-6.0,-39.0
1776887137.2471027,6.0,-9.0,-38.0
1776887137.2571027,3.0,-10.0,-32.0
1776887137.2671027,4.0,-7.0,-33.0
1776887137.2771027,2.0,-7.0,-27.0
1776887137.2871027,0.0,-4.0,-26.0
1776887137.2971027,-3.0,-5.0,-21.0
1776887137.307103,-2.0,-3.0,-29.0
1776887137.317103,1.0,0.0,-36.0
1776887137.327103,2.0,2.0,-40.0
1776887137.337103,4.0,-2.0,-37.0
1776887137.3471026,3.0,-6.0,-35.0
1776887137.3571026,4.0,-4.0,-42.0
1776887137.3671026,2.0,-5.0,-41.0
1776887137.3771029,5.0,-5.0,-45.0
1776887137.3871028,2.0,-3.0,-42.0
1776887137.3971028,1.0,0.0,-44.0
1776887137.4071028,1.0,-2.0,-39.0
1776887137.4171028,-1.0,-6.0,-36.0
1776887137.4271028,4.0,-7.0,-34.0
1776887137.4371028,10.0,-5.0,-29.0
1776887137.4471028,6.0,-3.0,-32.0
1776887137.4571028,6.0,-2.0,-41.0
1776887137.4671028,6.0,-2.0,-41.0
1776887137.4771028,4.0,-2.0,-37.0
1776887137.4871027,8.0,3.0,-34.0
1776887137.4971027,8.0,4.0,-37.0
1776887137.5071027,4.0,7.0,-46.0
1776887137.5171027,6.0,7.0,-44.0
1776887137.5271027,3.0,3.0,-37.0
1776887137.5371027,3.0,3.0,-34.0
1776887137.5471027,-3.0,3.0,-37.0
1776887137.557103,-6.0,1.0,-40.0
1776887137.567103,-6.0,1.0,-40.0
1776887137.577103,0.0,2.0,-38.0
1776887137.587103,1.0,1.0,-42.0
1776887137.5971026,1.0,1.0,-44.0
1776887137.6071026,3.0,0.0,-43.0
1776887137.6171026,-4.0,-2.0,-39.0
1776887137.6271029,-3.0,-4.0,-44.0
1776887137.6371028,-4.0,-6.0,-43.0
1776887137.6471028,-1.0,-4.0,-36.0
1776887137.6571028,2.0,0.0,-40.0
1776887137.6671028,2.0,0.0,-38.0
1776887137.6771028,2.0,-1.0,-42.0
1776887137.6871028,1.0,-5.0,-41.0
1776887137.6971028,-3.0,-6.0,-38.0
1776887137.7071028,-9.0,-2.0,-37.0
1776887137.7171028,-10.0,-3.0,-39.0
1776887137.7271028,-9.0,-3.0,-34.0
1776887137.7371027,-7.0,0.0,-38.0
1776887137.7471027,-11.0,0.0,-40.0
1776887137.7571027,-9.0,4.0,-41.0
1776887137.7671027,-7.0,-1.0,-43.0
1776887137.7771027,-6.0,0.0,-44.0
1776887137.7871027,-4.0,0.0,-43.0
1776887137.7971027,-5.0,0.0,-39.0
1776887137.807103,0.0,-1.0,-34.0
1776887137.817103,1.0,0.0,-36.0
1776887137.827103,1.0,-1.0,-37.0
1776887137.837103,1.0,-6.0,-41.0
1776887137.8471026,2.0,-6.0,-44.0
1776887137.8571026,0.0,-4.0,-41.0
1776887137.8671026,4.0,-10.0,-36.0
1776887137.8771029,2.0,-6.0,-34.0
1776887137.8871028,-2.0,-4.0,-35.0
1776887137.8971028,-1.0,-7.0,-38.0
1776887137.9071028,-5.0,-5.0,-37.0
1776887137.9171028,1.0,-2.0,-37.0
1776887137.9271028,3.0,-6.0,-40.0
1776887137.9371028,1.0,-11.0,-42.0
1776887137.9471028,5.0,-7.0,-43.0
1776887137.9581027,7.0,-1.0,-46.0
1776887137.9681027,3.0,2.0,-45.0
1776887137.9781027,5.0,2.0,-39.0
1776887137.988103,8.0,-2.0,-36.0
1776887137.998103,6.0,0.0,-30.0
1776887138.008103,7.0,0.0,-24.0
1776887138.0181026,1.0,1.0,-38.0
1776887138.0281026,0.0,2.0,-36.0
1776887138.0381026,0.0,-1.0,-31.0
1776887138.0481029,0.0,3.0,-36.0
1776887138.0581028,2.0,2.0,-45.0
1776887138.0681028,4.0,2.0,-49.0
1776887138.0781028,2.0,-3.0,-48.0
1776887138.0881028,0.0,-2.0,-43.0
1776887138.0981028,0.0,-1.0,-46.0
1776887138.1081028,3.0,-3.0,-45.0
1776887138.1181028,1.0,-2.0,-39.0
1776887138.1281028,-1.0,-3.0,-34.0
1776887138.1381028,-4.0,-1.0,-37.0
1776887138.1481028,-1.0,0.0,-38.0
1776887138.1581028,1.0,0.0,-40.0
1776887138.1681027,5.0,1.0,-38.0
1776887138.1781027,9.0,3.0,-35.0
1776887138.1881027,10.0,3.0,-37.0
1776887138.1981027,6.0,0.0,-40.0
1776887138.2081027,5.0,0.0,-38.0
1776887138.2181027,2.0,-2.0,-32.0
1776887138.2281027,4.0,-6.0,-40.0
1776887138.238103,5.0,-3.0,-42.0
1776887138.248103,5.0,-1.0,-36.0
1776887138.258103,3.0,-2.0,-36.0
1776887138.2681026,6.0,-5.0,-35.0
1776887138.2781026,4.0,0.0,-37.0
1776887138.2881026,1.0,-1.0,-40.0
1776887138.2981029,3.0,2.0,-44.0
1776887138.3081028,1.0,0.0,-50.0
1776887138.3181028,1.0,-3.0,-46.0
1776887138.3281028,4.0,-5.0,-39.0
1776887138.3381028,3.0,-7.0,-43.0
1776887138.3481028,5.0,-7.0,-41.0
1776887138.3581028,7.0,-7.0,-38.0
1776887138.3681028,2.0,-7.0,-31.0
1776887138.3781028,1.0,-2.0,-37.0
1776887138.3881028,0.0,0.0,-38.0
1776887138.3981028,-2.0,0.0,-33.0
1776887138.4081028,-1.0,0.0,-32.0
1776887138.4181027,0.0,0.0,-34.0
1776887138.4281027,0.0,0.0,-35.0
1776887138.4381027,-1.0,0.0,-37.0
1776887138.4481027,1.0,1.0,-35.0
1776887138.4581027,-4.0,0.0,-38.0
1776887138.4681027,-4.0,-4.0,-36.0
1776887138.4781027,-7.0,-7.0,-38.0
1776887138.488103,-5.0,-8.0,-42.0
1776887138.498103,-11.0,-2.0,-41.0
1776887138.508103,-4.0,0.0,-40.0
1776887138.5181026,-3.0,3.0,-42.0
1776887138.5281026,-9.0,4.0,-39.0
1776887138.5381026,-5.0,7.0,-43.0
1776887138.5481029,2.0,6.0,-42.0
1776887138.5581028,2.0,7.0,-34.0
1776887138.5681028,1.0,4.0,-37.0
1776887138.5781028,1.0,4.0,-37.0
1776887138.5881028,-1.0,0.0,-37.0
1776887138.5981028,-3.0,-3.0,-34.0
1776887138.6081028,0.0,-4.0,-31.0
1776887138.6181028,-3.0,-3.0,-36.0
1776887138.6281028,-2.0,-3.0,-44.0
1776887138.6381028,0.0,-4.0,-44.0
1776887138.6481028,1.0,-4.0,-41.0
1776887138.6581028,2.0,-2.0,-49.0
1776887138.6681027,3.0,-3.0,-50.0
1776887138.6781027,0.0,0.0,-50.0
1776887138.6881027,1.0,0.0,-49.0
1776887138.6981027,2.0,2.0,-46.0
1776887138.7081027,0.0,1.0,-41.0
1776887138.7181027,1.0,0.0,-35.0
1776887138.7281027,2.0,0.0,-37.0
1776887138.738103,3.0,0.0,-34.0
1776887138.748103,2.0,-2.0,-36.0
1776887138.758103,-2.0,1.0,-36.0
1776887138.7681026,-2.0,3.0,-38.0
1776887138.7781026,0.0,6.0,-42.0
1776887138.7881026,-1.0,6.0,-37.0
1776887138.7981029,-1.0,7.0,-38.0
1776887138.8081028,-7.0,7.0,-40.0
1776887138.8181028,-7.0,5.0,-41.0
1776887138.8281028,-10.0,2.0,-44.0
1776887138.8381028,-10.0,6.0,-46.0
1776887138.8481028,-7.0,1.0,-49.0
1776887138.8581028,-8.0,1.0,-44.0
1776887138.8681028,-3.0,0.0,-41.0
1776887138.8781028,-2.0,0.0,-49.0
1776887138.8881028,-1.0,2.0,-47.0
1776887138.8981028,0.0,5.0,-48.0
1776887138.9081028,-3.0,-2.0,-47.0
1776887138.9181027,0.0,1.0,-44.0
1776887138.9281027,4.0,3.0,-46.0
1776887138.9381027,5.0,0.0,-45.0
1776887138.9481027,8.0,1.0,-42.0
1776887138.9581027,11.0,-2.0,-46.0
1776887138.9681027,12.0,-6.0,-42.0
1776887138.9781027,6.0,-6.0,-40.0
1776887138.988103,5.0,-6.0,-46.0
1776887138.998103,2.0,-6.0,-38.0
1776887139.008103,0.0,-5.0,-41.0
1776887139.0181026,0.0,-5.0,-35.0
1776887139.0281026,-1.0,-4.0,-33.0
1776887139.0381026,-4.0,1.0,-38.0
1776887139.0481029,-7.0,1.0,-40.0
1776887139.0581028,-8.0,1.0,-41.0
1776887139.0681028,-10.0,1.0,-41.0
1776887139.0781028,-10.0,-1.0,-49.0
1776887139.0881028,-9.0,-2.0,-41.0
1776887139.0981028,-7.0,-4.0,-43.0
1776887139.1081028,-2.0,-7.0,-38.0
1776887139.1181028,-2.0,-7.0,-37.0
1776887139.1281028,0.0,-8.0,-38.0
1776887139.1381028,0.0,-3.0,-41.0
1776887139.1481028,1.0,1.0,-42.0
1776887139.1581028,2.0,0.0,-44.0
1776887139.1681027,0.0,0.0,-40.0
1776887139.1781027,-1.0,0.0,-40.0
1776887139.1881027,-3.0,1.0,-42.0
1776887139.1981027,-1.0,1.0,-39.0
1776887139.2081027,-1.0,0.0,-46.0
1776887139.2181027,-3.0,-2.0,-48.0
1776887139.2281027,-2.0,-2.0,-50.0
1776887139.238103,-2.0,0.0,-46.0
1776887139.248103,-4.0,1.0,-42.0
1776887139.258103,-8.0,5.0,-50.0
1776887139.2681026,-8.0,7.0,-43.0
1776887139.2781026,-2.0,2.0,-42.0
1776887139.2881026,2.0,0.0,-41.0
1776887139.2981029,-2.0,1.0,-44.0
1776887139.3081028,3.0,-2.0,-36.0
1776887139.3181028,6.0,0.0,-37.0
1776887139.3281028,0.0,0.0,-37.0
1776887139.3381028,0.0,1.0,-28.0
1776887139.3481028,3.0,0.0,-28.0
1776887139.3581028,0.0,-5.0,-32.0
1776887139.3681028,4.0,-3.0,-27.0
1776887139.3781028,7.0,1.0,-25.0
1776887139.3881028,8.0,0.0,-27.0
1776887139.3981028,3.0,-1.0,-31.0
1776887139.4081028,-1.0,-3.0,-29.0
1776887139.4181027,-1.0,-6.0,-31.0
1776887139.4281027,1.0,-2.0,-29.0
1776887139.4381027,0.0,0.0,-36.0
1776887139.4481027,1.0,1.0,-32.0
1776887139.4581027,0.0,2.0,-32.0
1776887139.4681027,1.0,3.0,-32.0
1776887139.4781027,3.0,0.0,-27.0
1776887139.488103,0.0,-1.0,-34.0
1776887139.498103,0.0,0.0,-29.0
1776887139.508103,2.0,0.0,-33.0
1776887139.5181026,0.0,0.0,-33.0
1776887139.5281026,0.0,-5.0,-36.0
1776887139.5381026,2.0,-6.0,-39.0
1776887139.5481029,-2.0,-4.0,-38.0
1776887139.5581028,-1.0,-1.0,-34.0
1776887139.5681028,-6.0,0.0,-34.0
1776887139.5781028,-2.0,-1.0,-41.0
1776887139.5881028,-8.0,0.0,-40.0
1776887139.5981028,-7.0,0.0,-37.0
1776887139.6081028,-7.0,-3.0,-34.0
1776887139.6181028,-8.0,-4.0,-32.0
1776887139.6281028,0.0,-4.0,-28.0
1776887139.6381028,-9.0,-2.0,-29.0
1776887139.6481028,-10.0,-2.0,-33.0
1776887139.6581028,-4.0,1.0,-39.0
1776887139.6681027,-4.0,6.0,-50.0
1776887139.6781027,-4.0,6.0,-55.0
1776887139.6881027,-2.0,8.0,-54.0
1776887139.6981027,-2.0,8.0,-48.0
1776887139.7081027,3.0,5.0,-56.0
1776887139.7181027,6.0,4.0,-56.0
1776887139.7281027,6.0,6.0,-42.0
1776887139.738103,1.0,4.0,-42.0
1776887139.748103,1.0,-2.0,-41.0
1776887139.758103,1.0,-4.0,-43.0
1776887139.7681026,5.0,-3.0,-42.0
1776887139.7781026,5.0,1.0,-44.0
1776887139.7881026,1.0,-2.0,-42.0
1776887139.7981029,2.0,-3.0,-43.0
1776887139.8081028,0.0,0.0,-42.0
1776887139.8181028,-1.0,-2.0,-42.0
1776887139.8281028,-3.0,0.0,-40.0
1776887139.8381028,-4.0,0.0,-42.0
1776887139.8481028,-3.0,-5.0,-40.0
1776887139.8581028,-2.0,-5.0,-39.0
1776887139.8681028,-3.0,-6.0,-38.0
1776887139.8781028,-3.0,-4.0,-33.0
1776887139.8881028,-4.0,0.0,-31.0
1776887139.8981028,-3.0,0.0,-32.0
1776887139.9081028,-4.0,-1.0,-36.0
1776887139.9181027,-3.0,-4.0,-39.0
1776887139.9281027,-6.0,-5.0,-36.0
1776887139.9381027,-5.0,-9.0,-41.0
1776887139.9491026,-3.0,-8.0,-41.0
1776887139.9581027,-2.0,-6.0,-32.0
1776887139.9691026,-2.0,-5.0,-31.0
1776887139.9791028,-1.0,-4.0,-29.0
1776887139.9891028,0.0,0.0,-31.0
1776887139.998103,0.0,1.0,-31.0
1776887140.0091028,2.0,-1.0,-33.0
1776887140.0191028,2.0,-5.0,-36.0
1776887140.0291028,4.0,-6.0,-34.0
1776887140.0391028,1.0,-3.0,-34.0
1776887140.0491028,1.0,-3.0,-36.0
1776887140.0591028,3.0,-5.0,-36.0
1776887140.0691028,5.0,-6.0,-30.0
1776887140.0791028,4.0,-5.0,-29.0
1776887140.0891027,4.0,-5.0,-31.0
1776887140.0991027,8.0,-4.0,-33.0
1776887140.1091027,5.0,-7.0,-35.0
1776887140.1191027,5.0,-6.0,-35.0
1776887140.1291027,2.0,-8.0,-34.0
1776887140.1391027,1.0,-4.0,-39.0
1776887140.1491027,-3.0,-5.0,-38.0
1776887140.159103,-2.0,0.0,-34.0
1776887140.169103,-5.0,0.0,-39.0
1776887140.179103,-3.0,0.0,-38.0
1776887140.1891026,0.0,0.0,-35.0
1776887140.1991026,0.0,0.0,-28.0
1776887140.2091026,-3.0,0.0,-29.0
1776887140.2191026,-5.0,-1.0,-35.0
1776887140.2291028,-5.0,-2.0,-41.0
1776887140.2391028,-2.0,-3.0,-42.0
1776887140.2491028,-6.0,0.0,-43.0
1776887140.2591028,-1.0,1.0,-42.0
1776887140.2691028,0.0,6.0,-39.0
1776887140.2791028,2.0,4.0,-36.0
1776887140.2891028,-1.0,1.0,-35.0
1776887140.2991028,-4.0,2.0,-36.0
1776887140.3091028,-6.0,3.0,-37.0
1776887140.3191028,-5.0,4.0,-31.0
1776887140.3291028,-2.0,3.0,-28.0
1776887140.3391027,3.0,2.0,-28.0
1776887140.3491027,0.0,0.0,-32.0
1776887140.3591027,-1.0,2.0,-35.0
1776887140.3691027,3.0,1.0,-33.0
1776887140.3791027,8.0,3.0,-32.0
1776887140.3891027,11.0,1.0,-38.0
1776887140.3991027,5.0,0.0,-39.0
1776887140.409103,3.0,-2.0,-40.0
1776887140.419103,6.0,-2.0,-40.0
1776887140.429103,3.0,0.0,-45.0
1776887140.4391026,1.0,-4.0,-43.0
1776887140.4491026,-2.0,-3.0,-33.0
1776887140.4591026,-3.0,-3.0,-30.0
1776887140.4691026,-5.0,-4.0,-23.0
1776887140.4791028,-8.0,-5.0,-22.0
1776887140.4891028,-9.0,0.0,-30.0
1776887140.4991028,-5.0,-1.0,-39.0
1776887140.5091028,-5.0,0.0,-42.0
1776887140.5191028,-1.0,-4.0,-36.0
1776887140.5291028,-2.0,-4.0,-35.0
1776887140.5391028,-1.0,-6.0,-41.0
1776887140.5491028,-1.0,-5.0,-44.0
1776887140.5591028,-1.0,-2.0,-44.0
1776887140.5691028,0.0,0.0,-45.0
1776887140.5791028,1.0,-1.0,-40.0
1776887140.5891027,1.0,-5.0,-39.0
1776887140.5991027,-1.0,-6.0,-46.0
1776887140.6091027,-2.0,-7.0,-44.0
1776887140.6191027,1.0,0.0,-38.0
1776887140.6291027,0.0,-2.0,-29.0
1776887140.6391027,-5.0,-2.0,-29.0
1776887140.6491027,-4.0,2.0,-30.0
1776887140.659103,-4.0,1.0,-35.0
1776887140.669103,-3.0,2.0,-41.0
1776887140.679103,-5.0,2.0,-37.0
1776887140.6891026,-8.0,-1.0,-38.0
1776887140.6991026,-11.0,-1.0,-38.0
1776887140.7091026,-11.0,-1.0,-46.0
1776887140.7191026,-6.0,-4.0,-49.0
1776887140.7291028,-3.0,0.0,-52.0
1776887140.7391028,1.0,-5.0,-52.0
1776887140.7491028,5.0,-6.0,-57.0
1776887140.7591028,4.0,-4.0,-55.0
1776887140.7691028,2.0,-3.0,-47.0
1776887140.7791028,1.0,-2.0,-47.0
1776887140.7891028,0.0,1.0,-44.0
1776887140.7991028,0.0,4.0,-47.0
1776887140.8091028,-4.0,1.0,-47.0
1776887140.8191028,0.0,-4.0,-43.0
1776887140.8291028,0.0,-3.0,-32.0
1776887140.8391027,0.0,1.0,-27.0
1776887140.8491027,1.0,5.0,-29.0
1776887140.8591027,-4.0,3.0,-30.0
1776887140.8691027,-3.0,6.0,-36.0
1776887140.8791027,-1.0,8.0,-37.0
1776887140.8891027,5.0,7.0,-35.0
1776887140.8991027,1.0,3.0,-33.0
1776887140.909103,3.0,3.0,-36.0
1776887140.919103,7.0,1.0,-34.0
1776887140.929103,12.0,1.0,-38.0
1776887140.9391026,12.0,2.0,-41.0
1776887140.9491026,11.0,1.0,-38.0
1776887140.9591026,4.0,2.0,-33.0
1776887140.9691026,-1.0,2.0,-34.0
1776887140.9791028,-1.0,3.0,-35.0
1776887140.9891028,0.0,3.0,-42.0
1776887140.9991028,2.0,2.0,-39.0
1776887141.0091028,0.0,1.0,-46.0
1776887141.0191028,4.0,0.0,-43.0
1776887141.0291028,6.0,4.0,-42.0
1776887141.0391028,7.0,0.0,-41.0
1776887141.0491028,4.0,0.0,-35.0
1776887141.0591028,0.0,-5.0,-34.0
1776887141.0691028,3.0,-4.0,-31.0
1776887141.0791028,0.0,-6.0,-27.0
1776887141.0891027,2.0,-9.0,-28.0
1776887141.0991027,6.0,-9.0,-29.0
1776887141.1091027,1.0,-9.0,-32.0
1776887141.1191027,-3.0,-10.0,-34.0
1776887141.1291027,-2.0,-9.0,-35.0
1776887141.1391027,-1.0,-6.0,-38.0
1776887141.1491027,0.0,2.0,-40.0
1776887141.159103,-2.0,5.0,-42.0
1776887141.169103,-4.0,5.0,-40.0
1776887141.179103,-5.0,3.0,-39.0
1776887141.1891026,-7.0,0.0,-43.0
1776887141.1991026,-5.0,2.0,-46.0
1776887141.2091026,-3.0,3.0,-45.0
1776887141.2191026,-4.0,5.0,-42.0
1776887141.2291028,-6.0,2.0,-41.0
1776887141.2391028,-2.0,5.0,-37.0
1776887141.2491028,2.0,3.0,-33.0
1776887141.2591028,1.0,3.0,-33.0
1776887141.2691028,3.0,2.0,-28.0
1776887141.2791028,1.0,-2.0,-29.0
1776887141.2891028,-2.0,-1.0,-31.0
1776887141.2991028,-2.0,-2.0,-39.0
1776887141.3091028,0.0,-1.0,-39.0
1776887141.3191028,0.0,2.0,-31.0
1776887141.3291028,0.0,-3.0,-31.0
1776887141.3391027,0.0,-6.0,-37.0
1776887141.3491027,-2.0,-5.0,-38.0
1776887141.3591027,-2.0,-6.0,-39.0
1776887141.3691027,-3.0,-4.0,-42.0
1776887141.3791027,-1.0,-2.0,-40.0
1776887141.3891027,0.0,0.0,-42.0
1776887141.3991027,0.0,0.0,-40.0
1776887141.409103,0.0,-4.0,-51.0
1776887141.419103,1.0,-4.0,-54.0
1776887141.429103,2.0,-5.0,-51.0
1776887141.4391026,5.0,-2.0,-50.0
1776887141.4491026,4.0,1.0,-51.0
1776887141.4591026,6.0,1.0,-46.0
1776887141.4691026,6.0,-3.0,-41.0
1776887141.4791028,5.0,-7.0,-45.0
1776887141.4891028,7.0,-6.0,-44.0
1776887141.4991028,10.0,-4.0,-44.0
1776887141.5091028,8.0,-2.0,-44.0
1776887141.5191028,5.0,0.0,-49.0
1776887141.5291028,-1.0,-2.0,-42.0
1776887141.5391028,2.0,2.0,-32.0
1776887141.5491028,3.0,-1.0,-34.0
1776887141.5591028,2.0,-3.0,-33.0
1776887141.5691028,3.0,0.0,-35.0
1776887141.5791028,-1.0,-2.0,-36.0
1776887141.5891027,0.0,0.0,-41.0
1776887141.5991027,-3.0,-1.0,-44.0
1776887141.6091027,-3.0,-5.0,-50.0
1776887141.6191027,-4.0,-5.0,-46.0
1776887141.6291027,-6.0,-3.0,-47.0
1776887141.6391027,-8.0,0.0,-42.0
1776887141.6491027,-5.0,1.0,-35.0
1776887141.659103,-3.0,0.0,-38.0
1776887141.669103,-3.0,-2.0,-35.0
1776887141.679103,-3.0,-2.0,-43.0
1776887141.6891026,1.0,-2.0,-40.0
1776887141.6991026,2.0,-1.0,-39.0
1776887141.7091026,4.0,0.0,-45.0
1776887141.7191026,3.0,0.0,-44.0
1776887141.7291028,2.0,0.0,-38.0
1776887141.7391028,3.0,-1.0,-38.0
1776887141.7491028,2.0,1.0,-39.0
1776887141.7591028,6.0,0.0,-37.0
1776887141.7691028,7.0,3.0,-40.0
1776887141.7791028,13.0,-1.0,-42.0
1776887141.7891028,12.0,-3.0,-43.0
1776887141.7991028,11.0,0.0,-43.0
1776887141.8091028,7.0,3.0,-48.0
1776887141.8191028,6.0,3.0,-41.0
1776887141.8291028,4.0,0.0,-38.0
1776887141.8391027,4.0,3.0,-39.0
1776887141.8491027,3.0,0.0,-38.0
1776887141.8591027,0.0,-3.0,-42.0
1776887141.8691027,0.0,-4.0,-44.0
1776887141.8791027,-1.0,-3.0,-37.0
1776887141.8891027,-4.0,-5.0,-42.0
1776887141.8991027,-7.0,-4.0,-42.0
1776887141.909103,-8.0,-1.0,-43.0
1776887141.919103,-7.0,0.0,-42.0
1776887141.929103,-4.0,0.0,-41.0
1776887141.9391026,-3.0,2.0,-39.0
1776887141.9501028,-5.0,3.0,-32.0
1776887141.9601028,0.0,4.0,-29.0
1776887141.9701028,0.0,2.0,-31.0
1776887141.9801028,-1.0,0.0,-35.0
1776887141.9901028,4.0,1.0,-39.0
1776887142.0001028,5.0,0.0,-41.0
1776887142.0101027,2.0,-1.0,-35.0
1776887142.0201027,1.0,-2.0,-33.0
1776887142.0301027,3.0,-3.0,-30.0
1776887142.0401027,7.0,-4.0,-30.0
1776887142.0501027,4.0,-6.0,-32.0
1776887142.0601027,1.0,-6.0,-38.0
1776887142.0701027,1.0,-4.0,-35.0
1776887142.0801027,1.0,-1.0,-34.0
1776887142.090103,0.0,0.0,-29.0
1776887142.100103,-1.0,-2.0,-37.0
1776887142.110103,-3.0,0.0,-34.0
1776887142.1201026,-1.0,0.0,-37.0
1776887142.1301026,3.0,-2.0,-41.0
1776887142.1401026,3.0,-1.0,-35.0
1776887142.1501029,0.0,0.0,-38.0
1776887142.1601028,8.0,-2.0,-42.0
1776887142.1701028,6.0,-3.0,-39.0
1776887142.1801028,2.0,-1.0,-38.0
1776887142.1901028,3.0,4.0,-32.0
1776887142.2001028,0.0,4.0,-31.0
1776887142.2101028,0.0,2.0,-31.0
1776887142.2201028,-2.0,4.0,-30.0
1776887142.2301028,1.0,4.0,-31.0
1776887142.2401028,3.0,2.0,-32.0
1776887142.2501028,-1.0,1.0,-35.0
1776887142.2601027,-3.0,3.0,-38.0
1776887142.2701027,0.0,0.0,-29.0
1776887142.2801027,2.0,-2.0,-32.0
1776887142.2901027,0.0,-1.0,-37.0
1776887142.3001027,-1.0,0.0,-36.0
1776887142.3101027,-4.0,0.0,-39.0
1776887142.3201027,-8.0,-1.0,-37.0
1776887142.3301027,-9.0,-1.0,-36.0
1776887142.340103,-6.0,0.0,-33.0
1776887142.350103,-1.0,0.0,-40.0
1776887142.360103,-4.0,1.0,-42.0
1776887142.3701026,-3.0,0.0,-44.0
1776887142.3801026,-1.0,0.0,-46.0
1776887142.3901026,2.0,2.0,-46.0
1776887142.4001029,3.0,2.0,-43.0
1776887142.4101028,5.0,4.0,-41.0
1776887142.4201028,8.0,0.0,-43.0
1776887142.4301028,8.0,-2.0,-34.0
1776887142.4401028,5.0,0.0,-29.0
1776887142.4501028,5.0,5.0,-32.0
1776887142.4601028,0.0,3.0,-30.0
1776887142.4701028,1.0,3.0,-27.0
1776887142.4801028,1.0,1.0,-32.0
1776887142.4901028,-2.0,-3.0,-34.0
1776887142.5001028,0.0,-4.0,-36.0
1776887142.5101027,3.0,-8.0,-33.0
1776887142.5201027,1.0,-10.0,-36.0
1776887142.5301027,-3.0,-8.0,-36.0
1776887142.5401027,0.0,-7.0,-36.0
1776887142.5501027,2.0,-3.0,-42.0
1776887142.5601027,5.0,-4.0,-46.0
1776887142.5701027,5.0,-7.0,-35.0
1776887142.5801027,2.0,-7.0,-33.0
1776887142.590103,-1.0,-7.0,-35.0
1776887142.600103,-1.0,0.0,-37.0
1776887142.610103,-3.0,0.0,-40.0
1776887142.6201026,-4.0,2.0,-38.0
1776887142.6301026,1.0,0.0,-36.0
1776887142.6401026,0.0,-6.0,-44.0
1776887142.6501029,2.0,-5.0,-42.0
1776887142.6601028,3.0,-2.0,-45.0
1776887142.6701028,7.0,0.0,-40.0
1776887142.6801028,2.0,-1.0,-40.0
1776887142.6901028,1.0,1.0,-36.0
1776887142.7001028,0.0,2.0,-42.0
1776887142.7101028,-4.0,0.0,-47.0
1776887142.7201028,0.0,0.0,-46.0
1776887142.7301028,3.0,-2.0,-45.0
1776887142.7401028,2.0,1.0,-41.0
1776887142.7501028,1.0,1.0,-43.0
1776887142.7601027,-1.0,1.0,-37.0
1776887142.7701027,4.0,0.0,-35.0
1776887142.7801027,4.0,-3.0,-34.0
1776887142.7901027,5.0,-2.0,-33.0
1776887142.8001027,7.0,-2.0,-32.0
1776887142.8101027,2.0,2.0,-34.0
1776887142.8201027,-4.0,-1.0,-30.0
1776887142.8301027,0.0,0.0,-31.0
1776887142.840103,0.0,1.0,-36.0
1776887142.850103,0.0,0.0,-34.0
1776887142.860103,0.0,0.0,-27.0
1776887142.8701026,0.0,0.0,-23.0
1776887142.8801026,1.0,-4.0,-29.0
1776887142.8901026,2.0,-7.0,-29.0
1776887142.9001029,0.0,-4.0,-28.0
1776887142.9101028,2.0,-7.0,-29.0
1776887142.9201028,2.0,-7.0,-33.0
1776887142.9301028,1.0,-6.0,-30.0
1776887142.9401028,0.0,-8.0,-33.0
1776887142.9501028,1.0,-10.0,-26.0
1776887142.9601028,-1.0,-11.0,-29.0
1776887142.9701028,2.0,-11.0,-33.0
1776887142.9801028,2.0,-9.0,-27.0
1776887142.9901028,4.0,-7.0,-25.0
1776887143.0001028,4.0,-11.0,-22.0
1776887143.0101027,3.0,-11.0,-28.0
1776887143.0201027,0.0,-7.0,-36.0
1776887143.0301027,2.0,-3.0,-38.0
1776887143.0401027,4.0,1.0,-44.0
1776887143.0501027,0.0,-1.0,-48.0
1776887143.0601027,1.0,-1.0,-44.0
1776887143.0701027,3.0,-3.0,-42.0
1776887143.0801027,0.0,-3.0,-39.0
1776887143.090103,-2.0,-5.0,-37.0
1776887143.100103,-3.0,-6.0,-40.0
1776887143.110103,-3.0,-7.0,-36.0
1776887143.1201026,-3.0,-11.0,-36.0
1776887143.1301026,-1.0,-12.0,-31.0
1776887143.1401026,-6.0,-13.0,-29.0
1776887143.1501029,-4.0,-12.0,-24.0
1776887143.1601028,-3.0,-12.0,-26.0
1776887143.1701028,-1.0,-8.0,-30.0
1776887143.1801028,0.0,-2.0,-44.0
1776887143.1901028,0.0,0.0,-44.0
1776887143.2001028,4.0,1.0,-41.0
1776887143.2101028,2.0,2.0,-37.0
1776887143.2201028,0.0,0.0,-37.0
1776887143.2301028,0.0,1.0,-35.0
1776887143.2401028,1.0,0.0,-36.0
1776887143.2501028,0.0,-3.0,-44.0
1776887143.2601027,0.0,-3.0,-36.0
1776887143.2701027,3.0,0.0,-34.0
1776887143.2801027,0.0,-2.0,-37.0
1776887143.2901027,0.0,-2.0,-36.0
1776887143.3001027,-2.0,2.0,-37.0
1776887143.3101027,-2.0,0.0,-35.0
1776887143.3201027,-2.0,4.0,-30.0
1776887143.3301027,-6.0,3.0,-35.0
1776887143.340103,-4.0,1.0,-33.0
1776887143.350103,-4.0,2.0,-37.0
1776887143.360103,-4.0,1.0,-37.0
1776887143.3701026,-6.0,0.0,-38.0
1776887143.3801026,-8.0,-2.0,-39.0
1776887143.3901026,-5.0,1.0,-37.0
1776887143.4001029,-2.0,2.0,-33.0
1776887143.4101028,0.0,2.0,-31.0
1776887143.4201028,2.0,0.0,-31.0
1776887143.4301028,0.0,-2.0,-31.0
1776887143.4401028,0.0,-4.0,-37.0
1776887143.4501028,1.0,-5.0,-36.0
1776887143.4601028,0.0,-5.0,-34.0
1776887143.4701028,-6.0,-2.0,-32.0
1776887143.4801028,0.0,-1.0,-37.0
1776887143.4901028,0.0,0.0,-35.0
1776887143.5001028,-1.0,0.0,-36.0
1776887143.5101027,0.0,0.0,-39.0
1776887143.5201027,0.0,3.0,-47.0
1776887143.5301027,0.0,4.0,-50.0
1776887143.5401027,0.0,5.0,-49.0
1776887143.5501027,4.0,1.0,-46.0
1776887143.5601027,4.0,-1.0,-43.0
1776887143.5701027,4.0,-2.0,-39.0
1776887143.5801027,2.0,-2.0,-40.0
1776887143.590103,3.0,-1.0,-33.0
1776887143.600103,7.0,0.0,-39.0
1776887143.610103,3.0,-1.0,-32.0
1776887143.6201026,-1.0,-3.0,-29.0
1776887143.6301026,0.0,-5.0,-35.0
1776887143.6401026,-1.0,-2.0,-43.0
1776887143.6501029,0.0,-3.0,-41.0
1776887143.6601028,-3.0,-1.0,-45.0
1776887143.6701028,-7.0,3.0,-44.0
1776887143.6801028,-2.0,4.0,-32.0
1776887143.6901028,-2.0,0.0,-31.0
1776887143.7001028,0.0,-1.0,-34.0
1776887143.7101028,0.0,-3.0,-37.0
1776887143.7201028,2.0,0.0,-34.0
1776887143.7301028,-1.0,-3.0,-39.0
1776887143.7401028,-3.0,-4.0,-39.0
1776887143.7501028,-6.0,-6.0,-43.0
1776887143.7601027,-9.0,-7.0,-44.0
1776887143.7701027,-14.0,-6.0,-45.0
1776887143.7801027,-11.0,-3.0,-42.0
1776887143.7901027,-6.0,-4.0,-45.0
1776887143.8001027,-5.0,-3.0,-50.0
1776887143.8101027,-3.0,-5.0,-48.0
1776887143.8201027,-5.0,-2.0,-43.0
1776887143.8301027,-4.0,-4.0,-38.0
1776887143.840103,-3.0,-3.0,-37.0
1776887143.850103,0.0,0.0,-38.0
1776887143.860103,3.0,-1.0,-37.0
1776887143.8701026,2.0,-2.0,-38.0
1776887143.8801026,3.0,-5.0,-42.0
1776887143.8901026,1.0,-1.0,-46.0
1776887143.9001029,-3.0,-2.0,-50.0
1776887143.9101028,-5.0,-6.0,-47.0
1776887143.9201028,-2.0,-4.0,-48.0
1776887143.9301028,-6.0,2.0,-37.0
1776887143.9411027,-2.0,4.0,-40.0
1776887143.9501028,0.0,2.0,-35.0
1776887143.9601028,-2.0,0.0,-32.0
1776887143.9711027,-6.0,1.0,-35.0
1776887143.9811027,-5.0,1.0,-37.0
1776887143.9911027,-2.0,-2.0,-37.0
1776887144.0011027,-4.0,3.0,-33.0
1776887144.011103,-5.0,7.0,-37.0
1776887144.021103,-4.0,6.0,-33.0
1776887144.031103,-3.0,1.0,-28.0
1776887144.0411026,-6.0,-1.0,-29.0
1776887144.0511026,-6.0,1.0,-34.0
1776887144.0611026,-6.0,4.0,-42.0
1776887144.0711029,-7.0,4.0,-36.0
1776887144.0811028,-9.0,0.0,-36.0
1776887144.0911028,-6.0,1.0,-35.0
1776887144.1011028,-5.0,0.0,-36.0
1776887144.1111028,-1.0,0.0,-34.0
1776887144.1211028,0.0,0.0,-37.0
1776887144.1311028,1.0,2.0,-36.0
1776887144.1411028,0.0,4.0,-39.0
1776887144.1511028,-1.0,3.0,-38.0
1776887144.1611028,2.0,0.0,-45.0
1776887144.1711028,0.0,-2.0,-42.0
1776887144.1811028,0.0,-4.0,-45.0
1776887144.1911027,4.0,-2.0,-39.0
1776887144.2011027,2.0,-3.0,-37.0
1776887144.2111027,-1.0,-4.0,-37.0
1776887144.2211027,-3.0,0.0,-42.0
1776887144.2311027,-4.0,0.0,-40.0
1776887144.2411027,-3.0,0.0,-37.0
1776887144.2511027,0.0,1.0,-36.0
1776887144.261103,2.0,-1.0,-38.0
1776887144.271103,1.0,-4.0,-36.0
1776887144.281103,0.0,-4.0,-38.0
1776887144.2911026,-1.0,-3.0,-33.0
1776887144.3011026,-2.0,-4.0,-31.0
1776887144.3111026,0.0,-4.0,-34.0
1776887144.3211029,1.0,-6.0,-34.0
1776887144.3311028,0.0,-8.0,-34.0
1776887144.3411028,3.0,-3.0,-33.0
1776887144.3511028,4.0,-2.0,-27.0
1776887144.3611028,4.0,-1.0,-27.0
1776887144.3711028,1.0,-1.0,-27.0
1776887144.3811028,0.0,-1.0,-29.0
1776887144.3911028,1.0,-6.0,-28.0
1776887144.4011028,0.0,-3.0,-27.0
1776887144.4111028,-2.0,0.0,-26.0
1776887144.4211028,0.0,-1.0,-30.0
1776887144.4311028,0.0,0.0,-31.0
1776887144.4411027,2.0,1.0,-35.0
1776887144.4511027,0.0,1.0,-34.0
1776887144.4611027,-2.0,-3.0,-32.0
1776887144.4711027,-3.0,-1.0,-30.0
1776887144.4811027,0.0,-4.0,-26.0
1776887144.4911027,2.0,-3.0,-28.0
1776887144.5011027,1.0,-2.0,-34.0
1776887144.511103,1.0,0.0,-36.0
1776887144.521103,0.0,6.0,-40.0
1776887144.531103,0.0,5.0,-38.0
1776887144.5411026,0.0,8.0,-29.0
1776887144.5511026,3.0,6.0,-27.0
1776887144.5611026,0.0,4.0,-32.0
1776887144.5711029,-1.0,9.0,-35.0
1776887144.5811028,-1.0,7.0,-33.0
1776887144.5911028,-4.0,8.0,-28.0
1776887144.6011028,-4.0,9.0,-31.0
1776887144.6111028,-5.0,4.0,-35.0
1776887144.6211028,-6.0,1.0,-36.0
1776887144.6311028,-9.0,1.0,-35.0
1776887144.6411028,-3.0,0.0,-32.0
1776887144.6511028,0.0,1.0,-29.0
1776887144.6611028,4.0,0.0,-36.0
1776887144.6711028,3.0,-2.0,-36.0
1776887144.6811028,4.0,2.0,-42.0
1776887144.6911027,9.0,2.0,-46.0
1776887144.7011027,5.0,-5.0,-47.0
1776887144.7111027,6.0,-3.0,-50.0
1776887144.7211027,4.0,-4.0,-54.0
1776887144.7311027,1.0,-6.0,-49.0
1776887144.7411027,0.0,-5.0,-41.0
1776887144.7511027,0.0,-4.0,-45.0
1776887144.761103,0.0,-4.0,-48.0
1776887144.771103,0.0,-1.0,-47.0
1776887144.781103,0.0,0.0,-44.0
1776887144.7911026,1.0,1.0,-42.0
1776887144.8011026,4.0,2.0,-39.0
1776887144.8111026,6.0,6.0,-35.0
1776887144.8211029,4.0,7.0,-30.0
1776887144.8311028,7.0,0.0,-36.0
1776887144.8411028,3.0,-3.0,-34.0
1776887144.8511028,4.0,-4.0,-35.0
1776887144.8611028,4.0,-3.0,-41.0
1776887144.8711028,6.0,-3.0,-41.0
1776887144.8811028,0.0,-3.0,-37.0
1776887144.8911028,-1.0,0.0,-31.0
1776887144.9011028,-2.0,0.0,-29.0
1776887144.9111028,-5.0,1.0,-36.0
1776887144.9211028,-4.0,0.0,-40.0
1776887144.9311028,-4.0,-1.0,-45.0
1776887144.9411027,-2.0,-4.0,-47.0
1776887144.9511027,-6.0,-5.0,-47.0
1776887144.9611027,0.0,-5.0,-51.0
1776887144.9711027,-1.0,-4.0,-43.0
1776887144.9811027,0.0,-4.0,-37.0
1776887144.9911027,0.0,-4.0,-37.0
1776887145.0011027,2.0,-1.0,-35.0
1776887145.011103,0.0,-3.0,-32.0
1776887145.021103,-2.0,-2.0,-30.0
1776887145.031103,-4.0,-2.0,-33.0
1776887145.0411026,-5.0,-3.0,-21.0
1776887145.0511026,-6.0,0.0,-18.0
1776887145.0611026,0.0,-1.0,-23.0
1776887145.0711029,2.0,-3.0,-21.0
1776887145.0811028,0.0,1.0,-24.0
1776887145.0911028,0.0,-2.0,-22.0
1776887145.1011028,0.0,-7.0,-32.0
1776887145.1121027,-1.0,-7.0,-33.0
1776887145.1211028,-5.0,-10.0,-41.0
1776887145.1311028,-2.0,-6.0,-40.0
1776887145.1411028,0.0,-6.0,-45.0
1776887145.1511028,-1.0,-10.0,-39.0
1776887145.1611028,-3.0,-13.0,-35.0
1776887145.1711028,0.0,-12.0,-36.0
1776887145.1811028,-3.0,-9.0,-36.0
1776887145.1911027,-5.0,-9.0,-27.0
1776887145.2011027,-5.0,-10.0,-28.0
1776887145.2111027,0.0,-8.0,-26.0
1776887145.2211027,2.0,-5.0,-28.0
1776887145.2311027,3.0,-1.0,-27.0
1776887145.2411027,2.0,-3.0,-29.0
1776887145.2511027,3.0,-1.0,-24.0
1776887145.261103,5.0,0.0,-27.0
1776887145.271103,3.0,0.0,-24.0
1776887145.281103,0.0,-1.0,-25.0
1776887145.2911026,0.0,0.0,-31.0
1776887145.3011026,4.0,-1.0,-36.0
1776887145.3111026,5.0,-1.0,-32.0
1776887145.3211029,4.0,-1.0,-30.0
1776887145.3311028,9.0,1.0,-32.0
1776887145.3411028,9.0,2.0,-33.0
1776887145.3511028,7.0,3.0,-28.0
1776887145.3611028,9.0,0.0,-24.0
1776887145.3711028,5.0,0.0,-31.0
1776887145.3811028,1.0,-3.0,-32.0
1776887145.3911028,1.0,-6.0,-28.0
1776887145.4011028,-1.0,-8.0,-31.0
1776887145.4111028,2.0,-7.0,-37.0
1776887145.4211028,5.0,-2.0,-39.0
1776887145.4311028,1.0,-4.0,-34.0
1776887145.4411027,0.0,-7.0,-36.0
1776887145.4511027,0.0,-5.0,-36.0
1776887145.4611027,0.0,-2.0,-25.0
1776887145.4711027,1.0,-4.0,-27.0
1776887145.4811027,0.0,-3.0,-22.0
1776887145.4911027,0.0,-3.0,-23.0
1776887145.5011027,2.0,-2.0,-21.0
1776887145.511103,-1.0,0.0,-23.0
1776887145.521103,-4.0,-5.0,-31.0
1776887145.531103,-6.0,-6.0,-32.0
1776887145.5411026,-5.0,-4.0,-24.0
1776887145.5511026,0.0,-4.0,-28.0
1776887145.5611026,-2.0,-1.0,-28.0
1776887145.5711029,0.0,-3.0,-29.0
1776887145.5811028,-2.0,0.0,-34.0
1776887145.5911028,0.0,0.0,-38.0
1776887145.6011028,0.0,-2.0,-41.0
1776887145.6111028,3.0,-3.0,-42.0
1776887145.6211028,2.0,0.0,-35.0
1776887145.6311028,2.0,1.0,-29.0
1776887145.6411028,3.0,0.0,-29.0
1776887145.6511028,3.0,0.0,-29.0
1776887145.6611028,1.0,0.0,-31.0
1776887145.6711028,4.0,-4.0,-34.0
1776887145.6811028,2.0,-5.0,-42.0
1776887145.6911027,0.0,-5.0,-43.0
1776887145.7011027,1.0,-5.0,-42.0
1776887145.7111027,0.0,-6.0,-37.0
1776887145.7211027,2.0,-2.0,-37.0
1776887145.7311027,-1.0,0.0,-36.0
1776887145.7411027,-1.0,-5.0,-27.0
1776887145.7511027,3.0,-4.0,-28.0
1776887145.761103,1.0,-4.0,-32.0
1776887145.771103,-2.0,0.0,-37.0
1776887145.781103,-3.0,-1.0,-37.0
1776887145.7911026,0.0,-1.0,-32.0
1776887145.8011026,0.0,-2.0,-27.0
1776887145.8111026,1.0,0.0,-29.0
1776887145.8211029,4.0,2.0,-31.0
1776887145.8311028,6.0,1.0,-38.0
1776887145.8411028,2.0,4.0,-41.0
1776887145.8511028,1.0,5.0,-46.0
1776887145.8611028,3.0,3.0,-44.0
1776887145.8711028,8.0,1.0,-44.0
1776887145.8811028,7.0,-1.0,-42.0
1776887145.8911028,9.0,-2.0,-31.0
1776887145.9011028,8.0,-2.0,-26.0
1776887145.9111028,10.0,0.0,-28.0
1776887145.9211028,7.0,2.0,-37.0
1776887145.9311028,5.0,0.0,-38.0
1776887145.9411027,7.0,5.0,-33.0
1776887145.952103,2.0,3.0,-36.0
1776887145.9611027,0.0,2.0,-42.0
1776887145.9721026,0.0,0.0,-40.0
1776887145.9821026,-2.0,0.0,-43.0
1776887145.9921026,1.0,2.0,-45.0
1776887146.0021029,4.0,-1.0,-47.0
1776887146.0121028,3.0,-2.0,-44.0
1776887146.0221028,2.0,-4.0,-39.0
1776887146.0321028,-1.0,-2.0,-39.0
1776887146.0421028,2.0,-3.0,-38.0
1776887146.0521028,1.0,-5.0,-38.0
1776887146.0621028,5.0,-6.0,-40.0
1776887146.0721028,6.0,-9.0,-34.0
1776887146.0821028,6.0,-7.0,-29.0
1776887146.0921028,3.0,-7.0,-29.0
1776887146.1021028,3.0,-8.0,-28.0
1776887146.1121027,2.0,-8.0,-28.0
1776887146.1221027,5.0,-7.0,-30.0
1776887146.1321027,5.0,-7.0,-33.0
1776887146.1421027,2.0,-6.0,-34.0
1776887146.1521027,2.0,-3.0,-33.0
1776887146.1621027,0.0,-3.0,-28.0
1776887146.1721027,-2.0,1.0,-29.0
1776887146.182103,-4.0,4.0,-35.0
1776887146.192103,1.0,6.0,-40.0
1776887146.202103,0.0,4.0,-42.0
1776887146.212103,0.0,0.0,-45.0
1776887146.2221026,1.0,0.0,-41.0
1776887146.2321026,1.0,-3.0,-34.0
1776887146.2421026,3.0,-5.0,-35.0
1776887146.2521029,1.0,-5.0,-38.0
1776887146.2621028,-3.0,-6.0,-40.0
1776887146.2721028,-2.0,-6.0,-40.0
1776887146.2821028,-1.0,0.0,-41.0
1776887146.2921028,-3.0,0.0,-44.0
1776887146.3021028,0.0,0.0,-43.0
1776887146.3121028,0.0,0.0,-41.0
1776887146.3221028,0.0,0.0,-35.0
1776887146.3321028,0.0,0.0,-39.0
1776887146.3421028,0.0,0.0,-43.0
1776887146.3521028,2.0,-3.0,-36.0
1776887146.3621027,6.0,-3.0,-42.0
1776887146.3721027,4.0,-2.0,-38.0
1776887146.3821027,4.0,-1.0,-43.0
1776887146.3921027,1.0,-1.0,-39.0
1776887146.4021027,0.0,-2.0,-37.0
1776887146.4121027,2.0,0.0,-38.0
1776887146.4221027,4.0,0.0,-42.0
1776887146.432103,0.0,-1.0,-40.0
1776887146.442103,2.0,-1.0,-39.0
1776887146.452103,3.0,-1.0,-42.0
1776887146.462103,1.0,-1.0,-40.0
1776887146.4721026,-4.0,0.0,-36.0
1776887146.4821026,-2.0,-4.0,-32.0
1776887146.4921026,-1.0,-4.0,-30.0
1776887146.5021029,0.0,-5.0,-28.0
1776887146.5121028,2.0,-6.0,-33.0
1776887146.5221028,1.0,-2.0,-31.0
1776887146.5321028,1.0,0.0,-24.0
1776887146.5421028,1.0,3.0,-22.0
1776887146.5521028,2.0,3.0,-26.0
1776887146.5621028,0.0,5.0,-19.0
1776887146.5721028,1.0,4.0,-17.0
1776887146.5821028,3.0,2.0,-22.0
1776887146.5921028,1.0,-1.0,-31.0
1776887146.6021028,-2.0,-5.0,-30.0
1776887146.6121027,1.0,-6.0,-27.0
1776887146.6221027,0.0,-5.0,-37.0
1776887146.6321027,-1.0,-5.0,-46.0
1776887146.6421027,-2.0,-2.0,-49.0
1776887146.6521027,-5.0,-7.0,-46.0
1776887146.6621027,0.0,-5.0,-41.0
1776887146.6721027,0.0,-1.0,-38.0
1776887146.682103,-3.0,1.0,-35.0
1776887146.692103,-6.0,0.0,-26.0
1776887146.702103,-5.0,0.0,-29.0
1776887146.712103,-7.0,3.0,-32.0
1776887146.7221026,-5.0,-1.0,-40.0
1776887146.7321026,-2.0,-4.0,-43.0
1776887146.7421026,0.0,-1.0,-49.0
1776887146.7521029,-2.0,-4.0,-46.0
1776887146.7621028,0.0,-1.0,-38.0
1776887146.7721028,-2.0,1.0,-46.0
1776887146.7821028,-1.0,-3.0,-50.0
1776887146.7921028,5.0,0.0,-48.0
1776887146.8021028,6.0,-1.0,-44.0
1776887146.8121028,5.0,0.0,-37.0
1776887146.8221028,6.0,-1.0,-41.0
1776887146.8321028,7.0,1.0,-42.0
1776887146.8421028,3.0,-1.0,-37.0
1776887146.8521028,2.0,1.0,-36.0
1776887146.8621027,1.0,0.0,-38.0
1776887146.8721027,-3.0,4.0,-40.0
1776887146.8821027,-2.0,0.0,-35.0
1776887146.8921027,4.0,0.0,-30.0
1776887146.9021027,1.0,2.0,-29.0
1776887146.9121027,3.0,0.0,-34.0
1776887146.9221027,4.0,-1.0,-36.0
1776887146.932103,3.0,-3.0,-35.0
1776887146.942103,2.0,-3.0,-35.0
1776887146.952103,-3.0,-2.0,-30.0
1776887146.962103,0.0,0.0,-33.0
1776887146.9721026,0.0,4.0,-39.0
1776887146.9821026,4.0,0.0,-39.0
1776887146.9921026,1.0,-1.0,-37.0
1776887147.0021029,2.0,0.0,-36.0
1776887147.0121028,2.0,0.0,-34.0
1776887147.0221028,1.0,0.0,-30.0
1776887147.0321028,1.0,0.0,-32.0
1776887147.0421028,0.0,2.0,-39.0
1776887147.0521028,0.0,0.0,-37.0
1776887147.0621028,-2.0,0.0,-41.0
1776887147.0721028,-2.0,0.0,-35.0
1776887147.0821028,-5.0,-2.0,-35.0
1776887147.0921028,-7.0,-2.0,-28.0
1776887147.1021028,-7.0,-1.0,-19.0
1776887147.1121027,-6.0,-3.0,-22.0
1776887147.1221027,-7.0,-6.0,-24.0
1776887147.1321027,-6.0,-7.0,-31.0
1776887147.1421027,-1.0,-9.0,-34.0
1776887147.1521027,1.0,-10.0,-36.0
1776887147.1621027,1.0,-8.0,-32.0
1776887147.1721027,1.0,-3.0,-30.0
1776887147.182103,1.0,-1.0,-31.0
1776887147.192103,3.0,-3.0,-35.0
1776887147.202103,3.0,-2.0,-36.0
1776887147.212103,7.0,-2.0,-41.0
1776887147.2221026,4.0,0.0,-37.0
1776887147.2321026,2.0,-2.0,-38.0
1776887147.2421026,0.0,-8.0,-39.0
1776887147.2521029,-4.0,-7.0,-42.0
1776887147.2621028,0.0,-6.0,-37.0
1776887147.2721028,-3.0,-4.0,-38.0
1776887147.2821028,-5.0,-3.0,-39.0
1776887147.2921028,-7.0,-4.0,-41.0
1776887147.3021028,-2.0,-6.0,-36.0
1776887147.3121028,0.0,-6.0,-37.0
1776887147.3221028,-2.0,-4.0,-38.0
1776887147.3321028,-3.0,-5.0,-36.0
1776887147.3421028,-2.0,-4.0,-34.0
1776887147.3521028,0.0,-4.0,-34.0
1776887147.3621027,0.0,-8.0,-36.0
1776887147.3721027,0.0,-7.0,-36.0
1776887147.3821027,3.0,-7.0,-32.0
1776887147.3921027,4.0,-5.0,-35.0
1776887147.4021027,5.0,-5.0,-36.0
1776887147.4121027,11.0,-6.0,-32.0
1776887147.4221027,8.0,-6.0,-30.0
1776887147.432103,6.0,-4.0,-27.0
1776887147.442103,6.0,-5.0,-29.0
1776887147.452103,7.0,0.0,-31.0
1776887147.462103,6.0,0.0,-40.0
1776887147.4721026,5.0,2.0,-40.0
1776887147.4821026,5.0,1.0,-42.0
1776887147.4921026,9.0,1.0,-44.0
1776887147.5021029,9.0,3.0,-45.0
1776887147.5121028,6.0,-1.0,-43.0
1776887147.5221028,4.0,-4.0,-35.0
1776887147.5321028,0.0,-7.0,-37.0
1776887147.5421028,-1.0,-7.0,-36.0
1776887147.5521028,-2.0,-8.0,-32.0
1776887147.5621028,-3.0,-7.0,-28.0
1776887147.5721028,-2.0,-10.0,-30.0
1776887147.5821028,-2.0,-6.0,-31.0
1776887147.5921028,-2.0,-6.0,-30.0
1776887147.6021028,1.0,-4.0,-38.0
1776887147.6121027,0.0,-7.0,-37.0
1776887147.6221027,2.0,-6.0,-36.0
1776887147.6321027,1.0,-3.0,-38.0
1776887147.6421027,-1.0,-4.0,-35.0
1776887147.6521027,1.0,0.0,-35.0
1776887147.6621027,0.0,7.0,-40.0
1776887147.6721027,0.0,5.0,-38.0
1776887147.682103,-2.0,0.0,-40.0
1776887147.692103,-3.0,0.0,-46.0
1776887147.702103,-5.0,-1.0,-42.0
1776887147.712103,-3.0,2.0,-34.0
1776887147.7221026,0.0,6.0,-28.0
1776887147.7321026,-3.0,6.0,-32.0
1776887147.7421026,-7.0,6.0,-35.0
1776887147.7521029,-7.0,1.0,-33.0
1776887147.7621028,-7.0,0.0,-37.0
1776887147.7721028,-1.0,-3.0,-37.0
1776887147.7821028,0.0,-4.0,-39.0
1776887147.7921028,0.0,-4.0,-41.0
1776887147.8021028,0.0,-4.0,-38.0
1776887147.8121028,0.0,-4.0,-37.0
1776887147.8221028,0.0,-4.0,-39.0
1776887147.8321028,3.0,-3.0,-36.0
1776887147.8421028,4.0,2.0,-31.0
1776887147.8521028,1.0,1.0,-34.0
1776887147.8621027,-1.0,0.0,-37.0
1776887147.8721027,-2.0,1.0,-37.0
1776887147.8821027,0.0,3.0,-45.0
1776887147.8921027,0.0,-1.0,-43.0
1776887147.9021027,0.0,-7.0,-43.0
1776887147.9121027,0.0,-9.0,-42.0
1776887147.9221027,1.0,-9.0,-40.0
1776887147.9331028,-2.0,-9.0,-39.0
1776887147.942103,-6.0,-6.0,-38.0
1776887147.952103,-7.0,-5.0,-41.0
1776887147.9631028,-11.0,-4.0,-47.0
1776887147.9731028,-5.0,-2.0,-50.0
1776887147.9831028,-4.0,0.0,-42.0
1776887147.9931028,-6.0,3.0,-41.0
1776887148.0021029,-3.0,2.0,-43.0
1776887148.0131028,-3.0,1.0,-38.0
1776887148.0231028,0.0,-2.0,-38.0
1776887148.0331028,-1.0,1.0,-37.0
1776887148.0431027,0.0,1.0,-41.0
1776887148.0531027,6.0,4.0,-35.0
1776887148.0631027,2.0,3.0,-30.0
1776887148.0731027,5.0,3.0,-32.0
1776887148.0831027,5.0,5.0,-34.0
1776887148.0931027,6.0,5.0,-30.0
1776887148.1031027,9.0,3.0,-28.0
1776887148.113103,8.0,3.0,-26.0
1776887148.123103,4.0,6.0,-28.0
1776887148.133103,5.0,7.0,-29.0
1776887148.1431026,10.0,0.0,-37.0
1776887148.1531026,9.0,2.0,-37.0
1776887148.1631026,8.0,0.0,-38.0
1776887148.1731029,7.0,-1.0,-38.0
1776887148.1831028,2.0,-2.0,-42.0
1776887148.1931028,0.0,-1.0,-35.0
1776887148.2031028,1.0,0.0,-30.0
1776887148.2131028,3.0,-1.0,-26.0
1776887148.2231028,0.0,-1.0,-29.0
1776887148.2331028,2.0,-1.0,-39.0
1776887148.2431028,1.0,0.0,-38.0
1776887148.2531028,4.0,1.0,-39.0
1776887148.2631028,5.0,1.0,-37.0
1776887148.2731028,0.0,1.0,-39.0
1776887148.2831028,-2.0,1.0,-35.0
1776887148.2931027,-1.0,-1.0,-26.0
1776887148.3031027,0.0,0.0,-24.0
1776887148.3131027,2.0,0.0,-27.0
1776887148.3231027,1.0,5.0,-30.0
1776887148.3331027,3.0,3.0,-38.0
1776887148.3431027,0.0,0.0,-40.0
1776887148.3531027,2.0,1.0,-47.0
1776887148.363103,5.0,0.0,-47.0
1776887148.373103,10.0,2.0,-46.0
1776887148.383103,10.0,3.0,-40.0
1776887148.3931026,9.0,4.0,-36.0
1776887148.4031026,7.0,1.0,-38.0
1776887148.4131026,3.0,-1.0,-30.0
1776887148.4231029,4.0,-5.0,-31.0
1776887148.4331028,8.0,-10.0,-32.0
1776887148.4431028,4.0,-12.0,-36.0
1776887148.4531028,0.0,-5.0,-35.0
1776887148.4631028,-1.0,-3.0,-31.0
1776887148.4731028,0.0,-2.0,-27.0
1776887148.4831028,-1.0,-1.0,-28.0
1776887148.4931028,0.0,-1.0,-22.0
1776887148.5031028,5.0,-1.0,-26.0
1776887148.5131028,7.0,-3.0,-27.0
1776887148.5231028,9.0,0.0,-21.0
1776887148.5331028,9.0,1.0,-21.0
1776887148.5431027,6.0,3.0,-23.0
1776887148.5531027,9.0,5.0,-28.0
1776887148.5631027,6.0,4.0,-24.0
1776887148.5731027,2.0,3.0,-24.0
1776887148.5831027,0.0,0.0,-23.0
1776887148.5931027,-1.0,-3.0,-25.0
1776887148.6031027,-1.0,-4.0,-27.0
1776887148.613103,2.0,-2.0,-23.0
1776887148.623103,6.0,-4.0,-27.0
1776887148.633103,8.0,-2.0,-29.0
1776887148.6431026,8.0,0.0,-34.0
1776887148.6531026,4.0,2.0,-28.0
1776887148.6631026,1.0,0.0,-33.0
1776887148.6731029,0.0,-1.0,-33.0
1776887148.6831028,0.0,0.0,-37.0
1776887148.6931028,-2.0,-5.0,-44.0
1776887148.7031028,-2.0,-3.0,-46.0
1776887148.7131028,-2.0,-4.0,-43.0
1776887148.7231028,1.0,-6.0,-53.0
1776887148.7331028,1.0,-6.0,-46.0
1776887148.7431028,-1.0,-8.0,-47.0
1776887148.7531028,0.0,-8.0,-40.0
1776887148.7631028,-3.0,-7.0,-44.0
1776887148.7731028,1.0,-6.0,-46.0
1776887148.7831028,0.0,-5.0,-43.0
1776887148.7931027,3.0,-2.0,-40.0
1776887148.8031027,3.0,-2.0,-43.0
1776887148.8131027,1.0,2.0,-46.0
1776887148.8231027,-2.0,3.0,-44.0
1776887148.8331027,0.0,5.0,-39.0
1776887148.8431027,0.0,6.0,-39.0
1776887148.8531027,4.0,4.0,-40.0
1776887148.863103,6.0,-1.0,-37.0
1776887148.873103,1.0,-1.0,-36.0
1776887148.883103,-1.0,-4.0,-32.0
1776887148.8931026,-1.0,-4.0,-37.0
1776887148.9031026,0.0,-2.0,-37.0
1776887148.9131026,3.0,-4.0,-38.0
1776887148.9231029,2.0,-3.0,-42.0
1776887148.9331028,5.0,0.0,-39.0
1776887148.9431028,5.0,-2.0,-36.0
1776887148.9531028,2.0,-2.0,-35.0
1776887148.9631028,0.0,-2.0,-35.0
1776887148.9731028,0.0,-2.0,-37.0
1776887148.9831028,2.0,1.0,-36.0
1776887148.9931028,3.0,2.0,-37.0
1776887149.0031028,0.0,6.0,-39.0
1776887149.0131028,-2.0,6.0,-44.0
1776887149.0231028,-4.0,5.0,-47.0
1776887149.0331028,-1.0,4.0,-44.0
1776887149.0431027,2.0,4.0,-38.0
1776887149.0531027,7.0,7.0,-39.0
1776887149.0631027,4.0,3.0,-44.0
1776887149.0731027,1.0,3.0,-46.0
1776887149.0831027,4.0,4.0,-37.0
1776887149.0931027,-2.0,0.0,-33.0
1776887149.1031027,-4.0,-3.0,-28.0
1776887149.113103,-2.0,-5.0,-26.0
1776887149.123103,-2.0,-6.0,-27.0
1776887149.133103,-2.0,-3.0,-24.0
1776887149.1431026,-1.0,-7.0,-30.0
1776887149.1531026,0.0,-6.0,-40.0
1776887149.1631026,5.0,-4.0,-38.0
1776887149.1731029,4.0,-3.0,-36.0
1776887149.1831028,-1.0,-2.0,-31.0
1776887149.1931028,2.0,-1.0,-37.0
1776887149.2031028,4.0,-4.0,-41.0
1776887149.2131028,0.0,-1.0,-39.0
1776887149.2231028,-3.0,-2.0,-47.0
1776887149.2331028,-1.0,-4.0,-45.0
1776887149.2431028,-5.0,-4.0,-40.0
1776887149.2531028,-3.0,-5.0,-44.0
1776887149.2631028,0.0,0.0,-48.0
1776887149.2731028,0.0,-2.0,-43.0
1776887149.2831028,-3.0,0.0,-35.0
1776887149.2931027,-6.0,-3.0,-36.0
1776887149.3031027,-8.0,-4.0,-35.0
1776887149.3131027,-5.0,-10.0,-33.0
1776887149.3231027,0.0,-11.0,-32.0
1776887149.3331027,0.0,-9.0,-36.0
1776887149.3431027,2.0,-9.0,-38.0
1776887149.3531027,0.0,-4.0,-38.0
1776887149.363103,-4.0,-3.0,-40.0
1776887149.373103,-7.0,-4.0,-36.0
1776887149.383103,-2.0,-5.0,-29.0
1776887149.3931026,0.0,-3.0,-34.0
1776887149.4031026,0.0,-1.0,-33.0
1776887149.4131026,0.0,-2.0,-37.0
1776887149.4231029,4.0,-5.0,-34.0
1776887149.4331028,1.0,-5.0,-38.0
1776887149.4431028,0.0,-7.0,-40.0
1776887149.4531028,-1.0,-6.0,-33.0
1776887149.4631028,-4.0,-5.0,-30.0
1776887149.4731028,-1.0,-4.0,-37.0
1776887149.4831028,1.0,-1.0,-41.0
1776887149.4931028,1.0,0.0,-41.0
1776887149.5031028,0.0,-1.0,-36.0
1776887149.5131028,-1.0,0.0,-43.0
1776887149.5231028,-1.0,1.0,-40.0
1776887149.5331028,0.0,-2.0,-39.0
1776887149.5431027,1.0,-3.0,-39.0
1776887149.5531027,2.0,-1.0,-34.0
1776887149.5631027,4.0,2.0,-31.0
1776887149.5731027,1.0,-4.0,-27.0
1776887149.5831027,-3.0,-3.0,-30.0
1776887149.5931027,-5.0,-2.0,-31.0
1776887149.6031027,-2.0,0.0,-36.0
1776887149.613103,-2.0,-3.0,-35.0
1776887149.623103,0.0,-6.0,-29.0
1776887149.633103,-1.0,-4.0,-34.0
1776887149.6431026,1.0,-3.0,-36.0
1776887149.6531026,2.0,0.0,-38.0
1776887149.6631026,3.0,0.0,-37.0
1776887149.6731029,2.0,-5.0,-35.0
1776887149.6831028,3.0,-5.0,-34.0
1776887149.6931028,1.0,-4.0,-26.0
1776887149.7031028,0.0,0.0,-25.0
1776887149.7131028,0.0,1.0,-29.0
1776887149.7231028,1.0,4.0,-31.0
1776887149.7331028,0.0,3.0,-32.0
1776887149.7431028,0.0,1.0,-37.0
1776887149.7531028,-2.0,2.0,-36.0
1776887149.7631028,0.0,1.0,-28.0
1776887149.7731028,4.0,2.0,-28.0
1776887149.7831028,2.0,3.0,-30.0
1776887149.7931027,1.0,0.0,-37.0
1776887149.8031027,2.0,-3.0,-42.0
1776887149.8131027,3.0,-7.0,-46.0
1776887149.8231027,3.0,-8.0,-43.0
1776887149.8331027,3.0,-10.0,-42.0
1776887149.8431027,4.0,-6.0,-42.0
1776887149.8531027,0.0,-1.0,-42.0
1776887149.863103,2.0,-2.0,-41.0
1776887149.873103,0.0,-2.0,-33.0
1776887149.883103,1.0,-1.0,-31.0
1776887149.8931026,2.0,-3.0,-31.0
1776887149.9031026,1.0,-2.0,-31.0
1776887149.9131026,0.0,-2.0,-41.0
1776887149.9231029,0.0,-2.0,-39.0
1776887149.9341028,-1.0,1.0,-38.0
1776887149.9431028,2.0,-3.0,-33.0
1776887149.9531028,5.0,0.0,-40.0
1776887149.9641027,5.0,2.0,-37.0
1776887149.9741027,4.0,0.0,-30.0
1776887149.9841027,1.0,1.0,-30.0
1776887149.9941027,2.0,0.0,-26.0
1776887150.0041027,3.0,2.0,-31.0
1776887150.0141027,-1.0,4.0,-36.0
1776887150.0241027,0.0,4.0,-39.0
1776887150.034103,0.0,8.0,-35.0
1776887150.044103,2.0,5.0,-28.0
1776887150.054103,1.0,0.0,-33.0
1776887150.0641026,1.0,-3.0,-37.0
1776887150.0741026,2.0,-2.0,-32.0
1776887150.0841026,4.0,-3.0,-35.0
1776887150.0941026,5.0,-6.0,-41.0
1776887150.1041028,5.0,-5.0,-47.0
1776887150.1141028,1.0,-5.0,-42.0
1776887150.1241028,1.0,-6.0,-48.0
1776887150.1341028,0.0,-1.0,-39.0
1776887150.1441028,-8.0,-2.0,-37.0
1776887150.1541028,-9.0,-1.0,-37.0
1776887150.1641028,-8.0,1.0,-32.0
1776887150.1741028,-7.0,1.0,-32.0
1776887150.1841028,-8.0,0.0,-36.0
1776887150.1941028,-3.0,1.0,-38.0
1776887150.2041028,0.0,-1.0,-44.0
1776887150.2141027,-1.0,-2.0,-47.0
1776887150.2241027,0.0,-2.0,-43.0
1776887150.2341027,-1.0,-5.0,-37.0
1776887150.2441027,-3.0,-3.0,-35.0
1776887150.2541027,-1.0,3.0,-34.0
1776887150.2641027,-6.0,5.0,-33.0
1776887150.2741027,0.0,3.0,-34.0
1776887150.284103,-5.0,0.0,-27.0
1776887150.294103,-7.0,-1.0,-32.0
1776887150.304103,-1.0,-2.0,-35.0
1776887150.3141026,2.0,-6.0,-39.0
1776887150.3241026,3.0,-4.0,-44.0
1776887150.3341026,1.0,-6.0,-45.0
1776887150.3441026,2.0,-2.0,-45.0
1776887150.3541028,4.0,0.0,-42.0
1776887150.3641028,1.0,3.0,-36.0
1776887150.3741028,-1.0,5.0,-39.0
1776887150.3841028,-2.0,6.0,-41.0
1776887150.3941028,-5.0,4.0,-37.0
1776887150.4041028,-2.0,4.0,-32.0
1776887150.4141028,0.0,0.0,-34.0
1776887150.4241028,0.0,-1.0,-31.0
1776887150.4341028,2.0,-1.0,-34.0
1776887150.4441028,4.0,0.0,-36.0
1776887150.4541028,3.0,0.0,-35.0
1776887150.4641027,2.0,2.0,-34.0
1776887150.4741027,1.0,2.0,-31.0
1776887150.4841027,0.0,1.0,-29.0
1776887150.4941027,2.0,0.0,-28.0
1776887150.5041027,1.0,-5.0,-34.0
1776887150.5141027,-2.0,-4.0,-36.0
1776887150.5241027,-2.0,-2.0,-32.0
1776887150.534103,-3.0,-2.0,-33.0
1776887150.544103,-2.0,-5.0,-35.0
1776887150.554103,0.0,-4.0,-36.0
1776887150.5641026,2.0,-2.0,-39.0
1776887150.5741026,3.0,0.0,-39.0
1776887150.5841026,0.0,3.0,-33.0
1776887150.5941026,-6.0,0.0,-33.0
1776887150.6041028,-6.0,-3.0,-31.0
1776887150.6141028,-1.0,-3.0,-31.0
1776887150.6241028,-1.0,0.0,-28.0
1776887150.6341028,-2.0,3.0,-28.0
1776887150.6441028,-2.0,0.0,-22.0
1776887150.6541028,-2.0,3.0,-29.0
1776887150.6641028,-1.0,0.0,-33.0
1776887150.6741028,0.0,-3.0,-33.0
1776887150.6841028,-1.0,-8.0,-31.0
1776887150.6941028,1.0,-8.0,-29.0
1776887150.7041028,0.0,-12.0,-36.0
1776887150.7141027,0.0,-11.0,-36.0
1776887150.7241027,-2.0,-5.0,-33.0
1776887150.7341027,-5.0,-4.0,-32.0
1776887150.7441027,-3.0,-6.0,-40.0
1776887150.7541027,2.0,-3.0,-43.0
1776887150.7641027,0.0,-2.0,-41.0
1776887150.7741027,3.0,-6.0,-36.0
1776887150.784103,4.0,0.0,-33.0
1776887150.794103,0.0,2.0,-35.0
1776887150.804103,-3.0,4.0,-36.0
1776887150.8141026,-4.0,7.0,-37.0
1776887150.8241026,-3.0,7.0,-37.0
1776887150.8341026,-5.0,7.0,-37.0
1776887150.8441026,-3.0,5.0,-41.0
1776887150.8541028,0.0,2.0,-42.0
1776887150.8641028,5.0,2.0,-44.0
1776887150.8741028,6.0,2.0,-38.0
1776887150.8841028,0.0,1.0,-39.0
1776887150.8941028,1.0,-1.0,-40.0
1776887150.9041028,5.0,-6.0,-41.0
1776887150.9141028,0.0,-3.0,-41.0
1776887150.9241028,0.0,0.0,-44.0
1776887150.9341028,-2.0,0.0,-43.0
1776887150.9441028,0.0,-1.0,-48.0
1776887150.9541028,0.0,2.0,-35.0
1776887150.9641027,1.0,2.0,-32.0
1776887150.9741027,5.0,3.0,-30.0
1776887150.9841027,8.0,6.0,-26.0
1776887150.9941027,10.0,3.0,-26.0
1776887151.0041027,3.0,3.0,-39.0
1776887151.0141027,7.0,2.0,-40.0
1776887151.0241027,8.0,-1.0,-39.0
1776887151.034103,7.0,0.0,-33.0
1776887151.044103,2.0,3.0,-28.0
1776887151.054103,-1.0,6.0,-31.0
1776887151.0641026,0.0,2.0,-38.0
1776887151.0741026,0.0,-3.0,-34.0
1776887151.0841026,-2.0,-1.0,-40.0
1776887151.0941026,-3.0,-2.0,-40.0
1776887151.1041028,0.0,-2.0,-40.0
1776887151.1141028,0.0,-4.0,-35.0
1776887151.1241028,0.0,-7.0,-39.0
1776887151.1341028,-1.0,-2.0,-41.0
1776887151.1441028,1.0,-2.0,-43.0
1776887151.1541028,0.0,0.0,-42.0
1776887151.1641028,1.0,2.0,-37.0
1776887151.1741028,2.0,0.0,-38.0
1776887151.1841028,3.0,-2.0,-40.0
1776887151.1941028,-3.0,-3.0,-36.0
1776887151.2041028,-4.0,-3.0,-31.0
1776887151.2141027,-3.0,0.0,-38.0
1776887151.2241027,-3.0,-3.0,-41.0
1776887151.2341027,-2.0,-5.0,-35.0
1776887151.2441027,-3.0,-8.0,-33.0
1776887151.2541027,-1.0,-8.0,-42.0
1776887151.2641027,-4.0,-3.0,-37.0
1776887151.2741027,-4.0,-5.0,-36.0
1776887151.284103,1.0,-5.0,-41.0
1776887151.294103,6.0,-4.0,-34.0
1776887151.304103,3.0,-2.0,-33.0
1776887151.3141026,-3.0,1.0,-35.0
1776887151.3241026,-9.0,3.0,-36.0
1776887151.3341026,-8.0,4.0,-35.0
1776887151.3441026,-5.0,1.0,-34.0
1776887151.3541028,0.0,2.0,-32.0
1776887151.3641028,2.0,0.0,-30.0
1776887151.3741028,1.0,-2.0,-30.0
1776887151.3841028,0.0,-2.0,-28.0
1776887151.3941028,-3.0,0.0,-24.0
1776887151.4041028,-5.0,1.0,-29.0
1776887151.4141028,-6.0,-5.0,-32.0
1776887151.4241028,2.0,-6.0,-35.0
1776887151.4341028,2.0,-7.0,-36.0
1776887151.4441028,4.0,-8.0,-44.0
1776887151.4541028,5.0,-7.0,-50.0
1776887151.4641027,4.0,-3.0,-45.0
1776887151.4741027,5.0,0.0,-49.0
1776887151.4841027,3.0,-1.0,-48.0
1776887151.4941027,0.0,-6.0,-43.0
1776887151.5041027,0.0,-4.0,-36.0
1776887151.5141027,-1.0,-7.0,-34.0
1776887151.5241027,-2.0,-6.0,-32.0
1776887151.534103,-5.0,-8.0,-30.0
1776887151.544103,-3.0,-4.0,-35.0
1776887151.554103,-1.0,-1.0,-34.0
1776887151.5641026,2.0,-3.0,-32.0
1776887151.5741026,1.0,-1.0,-32.0
1776887151.5841026,1.0,-1.0,-34.0
1776887151.5941026,5.0,-3.0,-36.0
1776887151.6041028,11.0,0.0,-35.0
1776887151.6141028,9.0,1.0,-36.0
1776887151.6241028,12.0,2.0,-40.0
1776887151.6341028,7.0,1.0,-32.0
1776887151.6441028,7.0,0.0,-28.0
1776887151.6541028,6.0,2.0,-20.0
1776887151.6641028,2.0,2.0,-26.0
1776887151.6741028,1.0,2.0,-31.0
1776887151.6841028,-2.0,2.0,-32.0
1776887151.6941028,-1.0,0.0,-25.0
1776887151.7041028,-3.0,-3.0,-32.0
1776887151.7141027,-2.0,-3.0,-38.0
1776887151.7241027,-3.0,0.0,-38.0
1776887151.7341027,-3.0,-1.0,-40.0
1776887151.7441027,-3.0,-1.0,-40.0
1776887151.7541027,0.0,-2.0,-36.0
1776887151.7641027,-4.0,0.0,-40.0
1776887151.7741027,-3.0,2.0,-36.0
1776887151.784103,0.0,3.0,-41.0
1776887151.794103,1.0,1.0,-42.0
1776887151.804103,6.0,-2.0,-42.0
1776887151.8141026,8.0,0.0,-37.0
1776887151.8241026,3.0,5.0,-32.0
1776887151.8341026,2.0,6.0,-32.0
1776887151.8441026,5.0,3.0,-32.0
1776887151.8541028,7.0,3.0,-33.0
1776887151.8641028,7.0,0.0,-29.0
1776887151.8741028,9.0,2.0,-33.0
1776887151.8841028,2.0,2.0,-44.0
1776887151.8941028,9.0,2.0,-39.0
1776887151.9041028,9.0,-3.0,-42.0
1776887151.9151027,10.0,-1.0,-38.0
1776887151.9241028,8.0,-4.0,-37.0
1776887151.9341028,3.0,1.0,-33.0
1776887151.9441028,0.0,6.0,-37.0
1776887151.9541028,0.0,8.0,-39.0
1776887151.9641027,-1.0,8.0,-40.0
1776887151.975103,-2.0,7.0,-37.0
1776887151.985103,0.0,10.0,-39.0
1776887151.9951026,-1.0,7.0,-34.0
1776887152.0051026,1.0,3.0,-36.0
1776887152.0151026,2.0,2.0,-33.0
1776887152.0251029,1.0,0.0,-27.0
1776887152.0351028,1.0,3.0,-23.0
1776887152.0451028,1.0,3.0,-25.0
1776887152.0551028,0.0,3.0,-26.0
1776887152.0651028,3.0,1.0,-28.0
1776887152.0751028,1.0,0.0,-32.0
1776887152.0851028,4.0,-4.0,-36.0
1776887152.0951028,3.0,-3.0,-38.0
1776887152.1051028,0.0,-4.0,-34.0
1776887152.1151028,-5.0,-4.0,-33.0
1776887152.1251028,-5.0,-6.0,-30.0
1776887152.1351027,-3.0,-4.0,-35.0
1776887152.1451027,-5.0,-4.0,-39.0
1776887152.1551027,-4.0,-1.0,-40.0
1776887152.1651027,0.0,0.0,-41.0
1776887152.1751027,-1.0,-1.0,-45.0
1776887152.1851027,1.0,-3.0,-40.0
1776887152.1951027,1.0,0.0,-35.0
1776887152.2051027,0.0,1.0,-39.0
1776887152.215103,1.0,-3.0,-39.0
1776887152.225103,0.0,-3.0,-42.0
1776887152.235103,-3.0,-4.0,-43.0
1776887152.2451026,-7.0,-4.0,-42.0
1776887152.2551026,0.0,-2.0,-46.0
1776887152.2651026,-2.0,-4.0,-46.0
1776887152.2751029,-2.0,-2.0,-49.0
1776887152.2851028,-7.0,-3.0,-53.0
1776887152.2951028,-7.0,-4.0,-56.0
1776887152.3051028,-3.0,-1.0,-59.0
1776887152.3151028,0.0,-5.0,-51.0
1776887152.3251028,1.0,-5.0,-45.0
1776887152.3351028,3.0,-7.0,-48.0
1776887152.3451028,1.0,-6.0,-49.0
1776887152.3551028,1.0,-8.0,-45.0
1776887152.3651028,1.0,-5.0,-42.0
1776887152.3751028,0.0,-3.0,-40.0
1776887152.3851027,7.0,-2.0,-34.0
1776887152.3951027,7.0,-4.0,-34.0
1776887152.4051027,3.0,-1.0,-32.0
1776887152.4151027,2.0,-6.0,-32.0
1776887152.4251027,4.0,-8.0,-36.0
1776887152.4351027,3.0,-4.0,-44.0
1776887152.4451027,3.0,-2.0,-42.0
1776887152.4551027,4.0,2.0,-35.0
1776887152.465103,0.0,5.0,-32.0
1776887152.475103,-2.0,7.0,-26.0
1776887152.485103,-4.0,0.0,-22.0
1776887152.4951026,-1.0,-4.0,-27.0
1776887152.5051026,0.0,-2.0,-32.0
1776887152.5151026,5.0,0.0,-33.0
1776887152.5251029,3.0,-4.0,-32.0
1776887152.5351028,0.0,0.0,-35.0
1776887152.5451028,0.0,0.0,-39.0
1776887152.5551028,0.0,-2.0,-39.0
1776887152.5651028,0.0,0.0,-39.0
1776887152.5751028,0.0,1.0,-37.0
1776887152.5851028,2.0,0.0,-34.0
1776887152.5951028,1.0,5.0,-37.0
1776887152.6051028,4.0,6.0,-39.0
1776887152.6151028,4.0,2.0,-35.0
1776887152.6251028,4.0,2.0,-31.0
1776887152.6351027,4.0,3.0,-29.0
1776887152.6451027,5.0,-1.0,-34.0
1776887152.6551027,8.0,-3.0,-37.0
1776887152.6651027,4.0,0.0,-35.0
1776887152.6751027,2.0,2.0,-31.0
1776887152.6851027,0.0,0.0,-31.0
1776887152.6951027,-1.0,-4.0,-37.0
1776887152.7051027,-1.0,-3.0,-43.0
1776887152.715103,-4.0,0.0,-40.0
1776887152.725103,-6.0,3.0,-39.0
1776887152.735103,-4.0,0.0,-42.0
1776887152.7451026,0.0,0.0,-34.0
1776887152.7551026,0.0,-2.0,-30.0
1776887152.7651026,6.0,-1.0,-28.0
1776887152.7751029,7.0,-4.0,-23.0
1776887152.7851028,8.0,-3.0,-27.0
1776887152.7951028,8.0,-4.0,-22.0
1776887152.8051028,6.0,1.0,-23.0
1776887152.8151028,2.0,0.0,-27.0
1776887152.8251028,0.0,0.0,-30.0
1776887152.8351028,-1.0,2.0,-27.0
1776887152.8451028,-1.0,6.0,-32.0
1776887152.8551028,-1.0,5.0,-40.0
1776887152.8651028,4.0,5.0,-34.0
1776887152.8751028,6.0,3.0,-40.0
1776887152.8851027,8.0,1.0,-41.0
1776887152.8951027,2.0,0.0,-39.0
1776887152.9051027,-1.0,1.0,-41.0
1776887152.9151027,2.0,2.0,-32.0
1776887152.9251027,1.0,0.0,-31.0
1776887152.9351027,-1.0,0.0,-35.0
1776887152.9451027,1.0,0.0,-34.0
1776887152.9551027,2.0,3.0,-33.0
1776887152.965103,6.0,5.0,-33.0
1776887152.975103,5.0,3.0,-32.0
1776887152.985103,8.0,-2.0,-32.0
1776887152.9951026,5.0,2.0,-33.0
1776887153.0051026,1.0,-2.0,-38.0
1776887153.0151026,1.0,-6.0,-44.0
1776887153.0251029,3.0,-5.0,-46.0
1776887153.0351028,1.0,-7.0,-40.0
1776887153.0451028,0.0,-6.0,-40.0
1776887153.0551028,0.0,-2.0,-34.0
1776887153.0651028,0.0,0.0,-37.0
1776887153.0751028,-4.0,-3.0,-34.0
1776887153.0851028,0.0,-2.0,-36.0
1776887153.0951028,2.0,-7.0,-38.0
1776887153.1051028,1.0,-7.0,-41.0
1776887153.1151028,0.0,-6.0,-44.0
1776887153.1251028,-1.0,-8.0,-42.0
1776887153.1351027,0.0,-7.0,-42.0
1776887153.1451027,2.0,-10.0,-40.0
1776887153.1551027,1.0,-6.0,-37.0
1776887153.1651027,-1.0,-5.0,-36.0
1776887153.1751027,0.0,-7.0,-35.0
1776887153.1851027,2.0,-3.0,-38.0
1776887153.1951027,1.0,-3.0,-47.0
1776887153.2051027,4.0,-5.0,-47.0
1776887153.215103,3.0,-5.0,-44.0
1776887153.225103,5.0,-6.0,-44.0
1776887153.235103,8.0,-6.0,-39.0
1776887153.2451026,7.0,-3.0,-39.0
1776887153.2551026,6.0,-3.0,-32.0
1776887153.2651026,8.0,-2.0,-39.0
1776887153.2751029,7.0,-2.0,-40.0
1776887153.2851028,7.0,-5.0,-42.0
1776887153.2951028,6.0,-6.0,-42.0
1776887153.3051028,7.0,-6.0,-44.0
1776887153.3151028,4.0,-7.0,-37.0
1776887153.3251028,3.0,-8.0,-36.0
1776887153.3351028,2.0,-4.0,-40.0
1776887153.3451028,2.0,-3.0,-47.0
1776887153.3551028,6.0,-2.0,-52.0
1776887153.3651028,2.0,-6.0,-54.0
1776887153.3751028,-1.0,-1.0,-46.0
1776887153.3851027,-5.0,-2.0,-37.0
1776887153.3951027,-9.0,-4.0,-33.0
1776887153.4051027,-10.0,-5.0,-30.0
1776887153.4151027,-9.0,-1.0,-31.0
1776887153.4251027,-14.0,-1.0,-30.0
1776887153.4351027,-11.0,-1.0,-32.0
1776887153.4451027,-9.0,0.0,-33.0
1776887153.4551027,-13.0,-1.0,-35.0
1776887153.465103,-6.0,-4.0,-36.0
1776887153.475103,-8.0,-7.0,-39.0
1776887153.485103,-6.0,-10.0,-42.0
1776887153.4951026,-3.0,-8.0,-39.0
1776887153.5051026,3.0,-6.0,-36.0
1776887153.5151026,0.0,-5.0,-35.0
1776887153.5251029,3.0,-6.0,-33.0
1776887153.5351028,7.0,-7.0,-33.0
1776887153.5451028,5.0,-7.0,-37.0
1776887153.5551028,3.0,-4.0,-36.0
1776887153.5651028,2.0,-6.0,-32.0
1776887153.5751028,6.0,-6.0,-34.0
1776887153.5851028,6.0,-6.0,-29.0
1776887153.5951028,0.0,-2.0,-28.0
1776887153.6051028,-5.0,-3.0,-28.0
1776887153.6151028,-8.0,-1.0,-29.0
1776887153.6251028,-9.0,-1.0,-25.0
1776887153.6351027,-7.0,0.0,-32.0
1776887153.6451027,-7.0,-3.0,-33.0
1776887153.6551027,0.0,-7.0,-36.0
1776887153.6651027,1.0,-8.0,-39.0
1776887153.6751027,-1.0,-8.0,-36.0
1776887153.6851027,-3.0,-3.0,-33.0
1776887153.6951027,-6.0,-3.0,-30.0
1776887153.7051027,-7.0,0.0,-20.0
1776887153.715103,-4.0,1.0,-20.0
1776887153.725103,-7.0,1.0,-25.0
1776887153.735103,-2.0,2.0,-27.0
1776887153.7451026,1.0,4.0,-29.0
1776887153.7551026,0.0,4.0,-33.0
1776887153.7651026,0.0,6.0,-36.0
1776887153.7751029,-4.0,4.0,-43.0
1776887153.7851028,-9.0,4.0,-41.0
1776887153.7951028,-7.0,4.0,-43.0
1776887153.8051028,-3.0,6.0,-38.0
1776887153.8151028,2.0,2.0,-30.0
1776887153.8251028,1.0,2.0,-37.0
1776887153.8351028,1.0,6.0,-38.0
1776887153.8451028,0.0,2.0,-40.0
1776887153.8551028,1.0,3.0,-39.0
1776887153.8651028,5.0,3.0,-32.0
1776887153.8751028,5.0,3.0,-21.0
1776887153.8851027,3.0,2.0,-22.0
1776887153.8951027,1.0,0.0,-35.0
1776887153.9051027,-3.0,-1.0,-30.0
1776887153.9151027,-5.0,0.0,-28.0
1776887153.9251027,-5.0,1.0,-29.0
1776887153.9351027,-5.0,3.0,-27.0
1776887153.9451027,0.0,6.0,-39.0
1776887153.9551027,2.0,3.0,-40.0
1776887153.965103,2.0,6.0,-41.0
1776887153.975103,1.0,7.0,-37.0
1776887153.9861028,0.0,0.0,-37.0
1776887153.9961028,0.0,1.0,-37.0
1776887154.0061028,2.0,-3.0,-40.0
1776887154.0161028,3.0,-1.0,-44.0
1776887154.0261028,5.0,0.0,-42.0
1776887154.0361028,2.0,4.0,-34.0
1776887154.0461028,-3.0,3.0,-33.0
1776887154.0561028,-1.0,6.0,-37.0
1776887154.0661027,0.0,3.0,-38.0
1776887154.0761027,-1.0,5.0,-39.0
1776887154.0861027,-4.0,3.0,-40.0
1776887154.0961027,0.0,0.0,-38.0
1776887154.1061027,0.0,-1.0,-34.0
1776887154.1161027,2.0,-6.0,-28.0
1776887154.1261027,2.0,-4.0,-32.0
1776887154.136103,4.0,-4.0,-35.0
1776887154.146103,4.0,-2.0,-40.0
1776887154.156103,-1.0,-5.0,-45.0
1776887154.1661026,-4.0,-4.0,-45.0
1776887154.1761026,-8.0,-9.0,-39.0
1776887154.1861026,-9.0,-7.0,-37.0
1776887154.1961029,-5.0,0.0,-43.0
1776887154.2061028,-4.0,1.0,-37.0
1776887154.2161028,-1.0,0.0,-38.0
1776887154.2261028,-2.0,2.0,-30.0
1776887154.2361028,0.0,6.0,-23.0
1776887154.2461028,2.0,3.0,-26.0
1776887154.2561028,-2.0,-1.0,-29.0
1776887154.2661028,-2.0,2.0,-32.0
1776887154.2761028,-3.0,0.0,-32.0
1776887154.2861028,-2.0,0.0,-33.0
1776887154.2961028,-3.0,-1.0,-26.0
1776887154.3061028,-1.0,-2.0,-26.0
1776887154.3161027,-2.0,-5.0,-37.0
1776887154.3261027,-5.0,0.0,-37.0
1776887154.3361027,-4.0,4.0,-37.0
1776887154.3461027,1.0,3.0,-37.0
1776887154.3561027,-4.0,4.0,-36.0
1776887154.3661027,-5.0,3.0,-41.0
1776887154.3761027,-2.0,1.0,-43.0
1776887154.386103,5.0,-3.0,-47.0
1776887154.396103,7.0,-1.0,-56.0
1776887154.406103,8.0,-2.0,-53.0
1776887154.4161026,16.0,0.0,-47.0
1776887154.4261026,12.0,0.0,-43.0
1776887154.4361026,9.0,-2.0,-40.0
1776887154.4461029,7.0,-2.0,-45.0
1776887154.4561028,8.0,-1.0,-45.0
1776887154.4661028,8.0,0.0,-40.0
1776887154.4761028,7.0,3.0,-40.0
1776887154.4861028,7.0,2.0,-42.0
1776887154.4961028,6.0,-1.0,-44.0
1776887154.5061028,5.0,-5.0,-44.0
1776887154.5161028,6.0,-6.0,-45.0
1776887154.5261028,5.0,-3.0,-40.0
1776887154.5361028,9.0,0.0,-34.0
1776887154.5461028,6.0,4.0,-35.0
1776887154.5561028,6.0,2.0,-39.0
1776887154.5661027,5.0,5.0,-32.0
1776887154.5761027,6.0,5.0,-35.0
1776887154.5861027,5.0,5.0,-36.0
1776887154.5961027,0.0,6.0,-41.0
1776887154.6061027,-3.0,4.0,-39.0
1776887154.6161027,-6.0,5.0,-43.0
1776887154.6261027,-7.0,1.0,-37.0
1776887154.636103,-3.0,0.0,-30.0
1776887154.646103,-1.0,0.0,-29.0
1776887154.656103,2.0,-1.0,-33.0
1776887154.6661026,5.0,2.0,-28.0
1776887154.6761026,4.0,1.0,-30.0
1776887154.6861026,-5.0,-2.0,-29.0
1776887154.6961029,-8.0,1.0,-27.0
1776887154.7061028,-6.0,2.0,-22.0
1776887154.7161028,-1.0,3.0,-25.0
1776887154.7261028,0.0,3.0,-23.0
1776887154.7361028,1.0,0.0,-34.0
1776887154.7461028,3.0,-3.0,-41.0
1776887154.7561028,0.0,-5.0,-37.0
1776887154.7661028,0.0,-5.0,-40.0
1776887154.7761028,3.0,-2.0,-38.0
1776887154.7861028,1.0,-2.0,-38.0
1776887154.7961028,1.0,1.0,-36.0
1776887154.8061028,-3.0,1.0,-40.0
1776887154.8161027,1.0,0.0,-35.0
1776887154.8261027,-1.0,0.0,-37.0
1776887154.8361027,-3.0,1.0,-36.0
1776887154.8461027,-3.0,-2.0,-38.0
1776887154.8561027,-2.0,-5.0,-42.0
1776887154.8661027,3.0,-3.0,-48.0
1776887154.8761027,0.0,0.0,-49.0
1776887154.886103,2.0,1.0,-42.0
1776887154.896103,1.0,3.0,-45.0
1776887154.906103,1.0,-1.0,-39.0
1776887154.9161026,-1.0,-1.0,-36.0
1776887154.9261026,2.0,1.0,-37.0
1776887154.9361026,0.0,0.0,-33.0
1776887154.9461029,0.0,-1.0,-34.0
1776887154.9561028,1.0,-3.0,-32.0
1776887154.9661028,-2.0,-4.0,-34.0
1776887154.9761028,5.0,-2.0,-34.0
1776887154.9861028,5.0,0.0,-36.0
1776887154.9961028,1.0,-2.0,-35.0
1776887155.0061028,0.0,-3.0,-29.0
1776887155.0161028,0.0,-3.0,-28.0
1776887155.0261028,0.0,-3.0,-27.0
1776887155.0361028,1.0,-3.0,-24.0
1776887155.0461028,0.0,-2.0,-33.0
1776887155.0561028,-1.0,-1.0,-37.0
1776887155.0661027,-3.0,-1.0,-39.0
1776887155.0761027,-1.0,1.0,-30.0
1776887155.0861027,1.0,-1.0,-33.0
1776887155.0961027,4.0,-2.0,-39.0
1776887155.1061027,6.0,-4.0,-39.0
1776887155.1161027,8.0,-5.0,-41.0
1776887155.1261027,6.0,-4.0,-39.0
1776887155.136103,6.0,-2.0,-35.0
1776887155.146103,7.0,-4.0,-39.0
1776887155.156103,4.0,-5.0,-31.0
1776887155.1661026,0.0,-6.0,-27.0
1776887155.1761026,-4.0,-6.0,-23.0
1776887155.1861026,-5.0,-5.0,-29.0
1776887155.1961029,-3.0,-3.0,-26.0
1776887155.2061028,-5.0,-2.0,-32.0
1776887155.2161028,-6.0,0.0,-38.0
1776887155.2261028,-5.0,0.0,-41.0
1776887155.2361028,0.0,3.0,-41.0
1776887155.2461028,0.0,-1.0,-44.0
1776887155.2561028,-3.0,-1.0,-39.0
1776887155.2661028,-4.0,0.0,-36.0
1776887155.2761028,-6.0,1.0,-33.0
1776887155.2861028,-5.0,1.0,-33.0
1776887155.2961028,-2.0,5.0,-37.0
1776887155.3061028,-1.0,7.0,-39.0
1776887155.3161027,0.0,7.0,-40.0
1776887155.3261027,0.0,5.0,-37.0
1776887155.3361027,3.0,4.0,-38.0
1776887155.3461027,3.0,3.0,-34.0
1776887155.3561027,3.0,-1.0,-24.0
1776887155.3661027,1.0,-2.0,-31.0
1776887155.3761027,3.0,0.0,-30.0
1776887155.386103,0.0,0.0,-29.0
1776887155.396103,-4.0,-4.0,-29.0
1776887155.406103,-10.0,-7.0,-35.0
1776887155.4161026,-3.0,-12.0,-31.0
1776887155.4261026,1.0,-9.0,-30.0
1776887155.4361026,0.0,-5.0,-28.0
1776887155.4461029,-5.0,-7.0,-33.0
1776887155.4561028,-7.0,-2.0,-31.0
1776887155.4661028,-6.0,-2.0,-29.0
1776887155.4761028,-6.0,-1.0,-30.0
1776887155.4861028,-2.0,-3.0,-33.0
1776887155.4961028,0.0,0.0,-38.0
1776887155.5061028,-1.0,-3.0,-48.0
1776887155.5161028,-2.0,-7.0,-47.0
1776887155.5261028,-1.0,-3.0,-47.0
1776887155.5361028,-3.0,0.0,-44.0
1776887155.5461028,4.0,2.0,-36.0
1776887155.5561028,2.0,1.0,-33.0
1776887155.5661027,-1.0,-3.0,-30.0
1776887155.5761027,0.0,-4.0,-30.0
1776887155.5861027,1.0,-3.0,-32.0
1776887155.5961027,2.0,-2.0,-30.0
1776887155.6061027,3.0,-1.0,-42.0
1776887155.6161027,4.0,-3.0,-51.0
1776887155.6261027,6.0,-1.0,-50.0
1776887155.636103,3.0,-1.0,-47.0
1776887155.646103,1.0,-4.0,-43.0
1776887155.656103,0.0,-6.0,-44.0
1776887155.6661026,-6.0,-5.0,-47.0
1776887155.6761026,-12.0,-4.0,-50.0
1776887155.6861026,-9.0,-3.0,-44.0
1776887155.6961029,-4.0,-1.0,-36.0
1776887155.7061028,-4.0,2.0,-34.0
1776887155.7161028,0.0,0.0,-37.0
1776887155.7261028,-4.0,-2.0,-39.0
1776887155.7361028,-4.0,1.0,-33.0
1776887155.7461028,0.0,-1.0,-27.0
1776887155.7561028,1.0,-3.0,-33.0
1776887155.7661028,2.0,-9.0,-32.0
1776887155.7761028,3.0,-9.0,-34.0
1776887155.7861028,-1.0,-10.0,-33.0
1776887155.7961028,1.0,-10.0,-32.0
1776887155.8061028,-1.0,-8.0,-34.0
1776887155.8161027,1.0,-5.0,-34.0
1776887155.8261027,0.0,-4.0,-43.0
1776887155.8361027,-2.0,-4.0,-46.0
1776887155.8461027,-1.0,-3.0,-45.0
1776887155.8561027,1.0,-5.0,-41.0
1776887155.8661027,4.0,-4.0,-36.0
1776887155.8761027,5.0,-4.0,-37.0
1776887155.886103,2.0,-3.0,-41.0
1776887155.896103,1.0,-4.0,-47.0
1776887155.906103,3.0,-6.0,-45.0
1776887155.9161026,4.0,-3.0,-45.0
1776887155.9261026,0.0,-2.0,-36.0
1776887155.9361026,0.0,1.0,-31.0
1776887155.9461029,0.0,-1.0,-29.0
1776887155.9561028,-4.0,-6.0,-27.0
1776887155.9661028,-2.0,-7.0,-27.0
1776887155.9771028,-3.0,-5.0,-26.0
1776887155.9871027,-4.0,-3.0,-23.0
1776887155.9971027,1.0,-3.0,-25.0
1776887156.0071027,5.0,-9.0,-20.0
1776887156.0171027,5.0,-11.0,-23.0
1776887156.0271027,2.0,-11.0,-32.0
1776887156.0371027,1.0,-10.0,-28.0
1776887156.0471027,0.0,-8.0,-28.0
1776887156.057103,0.0,-3.0,-31.0
1776887156.067103,-5.0,-4.0,-30.0
1776887156.077103,-5.0,-2.0,-38.0
1776887156.087103,2.0,0.0,-34.0
1776887156.0971026,6.0,-1.0,-27.0
1776887156.1071026,6.0,-3.0,-25.0
1776887156.1171026,5.0,-2.0,-21.0
1776887156.1271029,-1.0,-4.0,-20.0
1776887156.1371028,-3.0,-5.0,-21.0
1776887156.1471028,0.0,-8.0,-28.0
1776887156.1571028,4.0,-8.0,-33.0
1776887156.1671028,6.0,-5.0,-31.0
1776887156.1771028,2.0,-10.0,-31.0
1776887156.1871028,0.0,-12.0,-29.0
1776887156.1971028,-1.0,-15.0,-34.0
1776887156.2071028,-3.0,-12.0,-35.0
1776887156.2171028,-1.0,-10.0,-42.0
1776887156.2271028,0.0,-10.0,-41.0
1776887156.2371027,0.0,-7.0,-39.0
1776887156.2471027,-2.0,-3.0,-38.0
1776887156.2571027,-3.0,0.0,-33.0
1776887156.2671027,-2.0,-2.0,-31.0
1776887156.2771027,-2.0,-2.0,-34.0
1776887156.2871027,1.0,3.0,-33.0
1776887156.2971027,3.0,0.0,-36.0
1776887156.307103,1.0,-4.0,-39.0
1776887156.317103,-1.0,-2.0,-35.0
1776887156.327103,0.0,2.0,-36.0
1776887156.337103,-1.0,1.0,-33.0
1776887156.3471026,-5.0,3.0,-33.0
1776887156.3571026,0.0,1.0,-35.0
1776887156.3671026,0.0,-2.0,-35.0
1776887156.3771029,5.0,-2.0,-29.0
1776887156.3871028,6.0,-3.0,-23.0
1776887156.3971028,5.0,-2.0,-18.0
1776887156.4071028,4.0,1.0,-25.0
1776887156.4171028,4.0,-2.0,-31.0
1776887156.4271028,-1.0,-3.0,-33.0
1776887156.4371028,-6.0,-2.0,-25.0
1776887156.4471028,-7.0,-3.0,-19.0
1776887156.4571028,-7.0,-1.0,-23.0
1776887156.4671028,-7.0,-1.0,-26.0
1776887156.4771028,-6.0,-5.0,-31.0
1776887156.4871027,-6.0,-8.0,-34.0
1776887156.4971027,-6.0,-10.0,-36.0
1776887156.5071027,-4.0,-11.0,-39.0
1776887156.5171027,-1.0,-8.0,-44.0
1776887156.5271027,1.0,-3.0,-44.0
1776887156.5371027,1.0,-3.0,-37.0
1776887156.5471027,2.0,-3.0,-29.0
1776887156.557103,2.0,-5.0,-29.0
1776887156.567103,0.0,-6.0,-31.0
1776887156.577103,0.0,0.0,-40.0
1776887156.587103,0.0,0.0,-32.0
1776887156.5971026,1.0,-2.0,-34.0
1776887156.6071026,3.0,0.0,-34.0
1776887156.6171026,-1.0,3.0,-40.0
1776887156.6271029,-3.0,6.0,-41.0
1776887156.6371028,0.0,3.0,-38.0
1776887156.6471028,-3.0,3.0,-35.0
1776887156.6571028,0.0,4.0,-41.0
1776887156.6671028,0.0,1.0,-37.0
1776887156.6771028,0.0,0.0,-39.0
1776887156.6871028,-2.0,-1.0,-45.0
1776887156.6971028,-3.0,-1.0,-39.0
1776887156.7071028,-4.0,0.0,-40.0
1776887156.7171028,-2.0,1.0,-44.0
1776887156.7271028,-2.0,2.0,-41.0
1776887156.7371027,-3.0,5.0,-42.0
1776887156.7471027,0.0,1.0,-43.0
1776887156.7571027,-3.0,0.0,-36.0
1776887156.7671027,-6.0,1.0,-38.0
1776887156.7771027,-7.0,-7.0,-39.0
1776887156.7871027,-2.0,-7.0,-37.0
1776887156.7971027,0.0,-11.0,-36.0
1776887156.807103,3.0,-8.0,-34.0
1776887156.817103,2.0,-7.0,-36.0
1776887156.827103,0.0,-4.0,-37.0
1776887156.837103,0.0,-9.0,-42.0
1776887156.8471026,-1.0,-9.0,-42.0
1776887156.8571026,-1.0,-4.0,-48.0
1776887156.8671026,3.0,-6.0,-41.0
1776887156.8771029,5.0,-8.0,-40.0
1776887156.8871028,6.0,-8.0,-36.0
1776887156.8971028,7.0,-4.0,-35.0
1776887156.9071028,7.0,-2.0,-37.0
1776887156.9171028,4.0,-2.0,-38.0
1776887156.9271028,-1.0,-2.0,-41.0
1776887156.9371028,-3.0,-1.0,-39.0
1776887156.9471028,-3.0,0.0,-31.0
1776887156.9571028,-3.0,2.0,-33.0
1776887156.9671028,1.0,2.0,-38.0
1776887156.9771028,0.0,2.0,-41.0
1776887156.9871027,4.0,1.0,-44.0
1776887156.9971027,4.0,1.0,-39.0
1776887157.0071027,1.0,1.0,-40.0
1776887157.0171027,-1.0,0.0,-43.0
1776887157.0271027,0.0,0.0,-34.0
1776887157.0371027,0.0,-3.0,-38.0
1776887157.0471027,-1.0,-3.0,-32.0
1776887157.057103,3.0,0.0,-37.0
1776887157.067103,1.0,0.0,-37.0
1776887157.077103,2.0,0.0,-35.0
1776887157.087103,2.0,0.0,-36.0
1776887157.0971026,5.0,0.0,-40.0
1776887157.1071026,6.0,1.0,-40.0
1776887157.1171026,3.0,-2.0,-35.0
1776887157.1271029,0.0,0.0,-37.0
1776887157.1371028,6.0,3.0,-40.0
1776887157.1471028,11.0,1.0,-36.0
1776887157.1571028,10.0,0.0,-37.0
1776887157.1671028,3.0,1.0,-40.0
1776887157.1771028,0.0,0.0,-35.0
1776887157.1871028,-4.0,-1.0,-27.0
1776887157.1971028,-4.0,1.0,-29.0
1776887157.2071028,-4.0,3.0,-25.0
1776887157.2171028,-7.0,4.0,-20.0
1776887157.2271028,-2.0,0.0,-25.0
1776887157.2371027,0.0,-4.0,-24.0
1776887157.2471027,0.0,-5.0,-30.0
1776887157.2571027,2.0,-3.0,-32.0
1776887157.2671027,3.0,-1.0,-36.0
1776887157.2771027,4.0,-1.0,-38.0
1776887157.2871027,2.0,-2.0,-43.0
1776887157.2981029,1.0,-4.0,-37.0
1776887157.307103,-1.0,-5.0,-33.0
1776887157.317103,3.0,-2.0,-40.0
1776887157.327103,7.0,1.0,-40.0
1776887157.337103,4.0,2.0,-43.0
1776887157.3471026,4.0,3.0,-46.0
1776887157.3571026,2.0,2.0,-42.0
1776887157.3671026,1.0,0.0,-34.0
1776887157.3771029,4.0,0.0,-36.0
1776887157.3871028,3.0,-2.0,-33.0
1776887157.3971028,0.0,0.0,-35.0
1776887157.4071028,3.0,-3.0,-44.0
1776887157.4171028,1.0,-6.0,-44.0
1776887157.4271028,-1.0,-4.0,-41.0
1776887157.4371028,-6.0,-1.0,-39.0
1776887157.4471028,-11.0,-5.0,-33.0
1776887157.4571028,-8.0,-6.0,-32.0
1776887157.4671028,-6.0,-4.0,-31.0
1776887157.4771028,-3.0,-6.0,-28.0
1776887157.4871027,-3.0,-4.0,-29.0
1776887157.4971027,-4.0,2.0,-39.0
1776887157.5071027,-4.0,4.0,-51.0
1776887157.5171027,-1.0,9.0,-50.0
1776887157.5271027,0.0,4.0,-49.0
1776887157.5371027,2.0,0.0,-52.0
1776887157.5471027,0.0,-4.0,-43.0
1776887157.557103,-1.0,-3.0,-39.0
1776887157.567103,-1.0,0.0,-35.0
1776887157.577103,0.0,2.0,-37.0
1776887157.587103,5.0,3.0,-39.0
1776887157.5971026,2.0,3.0,-35.0
1776887157.6071026,1.0,5.0,-40.0
1776887157.6171026,0.0,3.0,-42.0
1776887157.6271029,1.0,4.0,-39.0
1776887157.6371028,1.0,3.0,-41.0
1776887157.6471028,-4.0,3.0,-35.0
1776887157.6571028,-3.0,2.0,-34.0
1776887157.6671028,-1.0,-1.0,-37.0
1776887157.6771028,0.0,0.0,-44.0
1776887157.6871028,0.0,-1.0,-44.0
1776887157.6971028,0.0,-2.0,-41.0
1776887157.7071028,0.0,-2.0,-42.0
1776887157.7171028,-3.0,-2.0,-43.0
1776887157.7271028,-3.0,-1.0,-44.0
1776887157.7371027,1.0,-1.0,-47.0
1776887157.7471027,3.0,-1.0,-42.0
1776887157.7571027,-2.0,0.0,-43.0
1776887157.7671027,-3.0,3.0,-43.0
1776887157.7771027,-3.0,1.0,-38.0
1776887157.7871027,0.0,0.0,-39.0
1776887157.7971027,0.0,-1.0,-39.0
1776887157.807103,0.0,-4.0,-37.0
1776887157.817103,1.0,-6.0,-42.0
1776887157.827103,-2.0,-8.0,-46.0
1776887157.837103,1.0,-4.0,-48.0
1776887157.8471026,0.0,-6.0,-43.0
1776887157.8571026,2.0,-4.0,-51.0
1776887157.8671026,7.0,-6.0,-48.0
1776887157.8771029,11.0,-2.0,-44.0
1776887157.8871028,11.0,-3.0,-42.0
1776887157.8971028,6.0,-5.0,-37.0
1776887157.9071028,5.0,-2.0,-37.0
1776887157.9171028,3.0,-6.0,-32.0
1776887157.9271028,4.0,-7.0,-27.0
1776887157.9371028,2.0,-4.0,-30.0
1776887157.9481027,0.0,-6.0,-32.0
1776887157.9571028,-1.0,-2.0,-36.0
1776887157.9681027,-3.0,0.0,-30.0
1776887157.9781027,-3.0,-2.0,-35.0
1776887157.988103,-5.0,1.0,-37.0
1776887157.998103,-4.0,1.0,-40.0
1776887158.008103,-2.0,-3.0,-39.0
1776887158.0181026,0.0,-5.0,-37.0
1776887158.0281026,1.0,0.0,-42.0
1776887158.0381026,5.0,1.0,-39.0
1776887158.0481029,7.0,1.0,-39.0
1776887158.0581028,8.0,-2.0,-44.0
1776887158.0681028,8.0,-4.0,-47.0
1776887158.0781028,8.0,-5.0,-47.0
1776887158.0881028,6.0,-6.0,-48.0
1776887158.0981028,2.0,-3.0,-42.0
1776887158.1081028,1.0,-3.0,-37.0
1776887158.1181028,2.0,-6.0,-36.0
1776887158.1281028,4.0,-3.0,-28.0
1776887158.1381028,2.0,-3.0,-22.0
1776887158.1481028,4.0,-4.0,-26.0
1776887158.1581028,5.0,-1.0,-29.0
1776887158.1681027,5.0,3.0,-31.0
1776887158.1781027,0.0,4.0,-32.0
1776887158.1881027,-4.0,2.0,-36.0
1776887158.1981027,-2.0,0.0,-36.0
1776887158.2081027,-3.0,1.0,-38.0
1776887158.2181027,1.0,7.0,-30.0
1776887158.2281027,-1.0,8.0,-33.0
1776887158.238103,4.0,0.0,-36.0
1776887158.248103,1.0,-4.0,-36.0
1776887158.258103,1.0,-3.0,-34.0
1776887158.2681026,0.0,-2.0,-34.0
1776887158.2781026,0.0,-2.0,-37.0
1776887158.2881026,-3.0,-4.0,-32.0
1776887158.2981029,-2.0,-5.0,-32.0
1776887158.3081028,-1.0,-7.0,-32.0
1776887158.3181028,0.0,-8.0,-38.0
1776887158.3281028,-1.0,-6.0,-39.0
1776887158.3381028,-5.0,-6.0,-39.0
1776887158.3481028,-5.0,-7.0,-40.0
1776887158.3581028,-5.0,-2.0,-39.0
1776887158.3681028,-3.0,-5.0,-39.0
1776887158.3781028,0.0,-8.0,-45.0
1776887158.3881028,0.0,-9.0,-46.0
1776887158.3981028,-3.0,-6.0,-46.0
1776887158.4081028,0.0,-4.0,-45.0
1776887158.4181027,4.0,-7.0,-45.0
1776887158.4281027,10.0,-7.0,-32.0
1776887158.4381027,12.0,-6.0,-32.0
1776887158.4481027,10.0,-11.0,-28.0
1776887158.4581027,6.0,-12.0,-27.0
1776887158.4681027,4.0,-10.0,-37.0
1776887158.4781027,2.0,-7.0,-40.0
1776887158.488103,-1.0,-3.0,-41.0
1776887158.498103,-5.0,-5.0,-42.0
1776887158.508103,-5.0,-4.0,-51.0
1776887158.5181026,-10.0,-4.0,-45.0
1776887158.5281026,-7.0,-3.0,-44.0
1776887158.5381026,-4.0,-3.0,-44.0
1776887158.5481029,-4.0,-3.0,-38.0
1776887158.5581028,-4.0,0.0,-38.0
1776887158.5681028,-6.0,1.0,-36.0
1776887158.5781028,-2.0,2.0,-30.0
1776887158.5881028,0.0,-1.0,-34.0
1776887158.5981028,0.0,0.0,-35.0
1776887158.6081028,0.0,4.0,-36.0
1776887158.6181028,0.0,2.0,-38.0
1776887158.6281028,0.0,-2.0,-39.0
1776887158.6381028,0.0,-3.0,-40.0
1776887158.6481028,-2.0,-1.0,-44.0
1776887158.6581028,0.0,-3.0,-45.0
1776887158.6681027,2.0,-3.0,-44.0
1776887158.6781027,5.0,-2.0,-37.0
1776887158.6881027,4.0,-1.0,-37.0
1776887158.6981027,7.0,-3.0,-39.0
1776887158.7081027,5.0,-3.0,-34.0
1776887158.7181027,4.0,-2.0,-31.0
1776887158.7281027,1.0,0.0,-27.0
1776887158.738103,-1.0,-1.0,-27.0
1776887158.748103,1.0,-4.0,-31.0
1776887158.758103,0.0,-4.0,-25.0
1776887158.7681026,1.0,-4.0,-23.0
1776887158.7781026,0.0,-5.0,-27.0
1776887158.7881026,0.0,-4.0,-23.0
1776887158.7981029,-5.0,-2.0,-23.0
1776887158.8081028,-2.0,-1.0,-28.0
1776887158.8181028,0.0,0.0,-30.0
1776887158.8281028,3.0,1.0,-36.0
1776887158.8381028,7.0,0.0,-32.0
1776887158.8481028,9.0,-2.0,-36.0
1776887158.8581028,3.0,-5.0,-43.0
1776887158.8681028,4.0,-6.0,-41.0
1776887158.8781028,2.0,-4.0,-33.0
1776887158.8881028,3.0,-3.0,-38.0
1776887158.8981028,5.0,-1.0,-39.0
1776887158.9081028,4.0,-2.0,-41.0
1776887158.9181027,3.0,-2.0,-39.0
1776887158.9281027,3.0,0.0,-39.0
1776887158.9381027,4.0,-3.0,-32.0
1776887158.9481027,1.0,-3.0,-30.0
1776887158.9581027,3.0,-2.0,-31.0
1776887158.9681027,6.0,-2.0,-37.0
1776887158.9781027,3.0,-3.0,-51.0
1776887158.988103,1.0,-4.0,-51.0
1776887158.998103,2.0,-3.0,-52.0
1776887159.008103,2.0,-9.0,-46.0
1776887159.0181026,1.0,-9.0,-40.0
1776887159.0281026,-1.0,-11.0,-41.0
1776887159.0381026,0.0,-7.0,-39.0
1776887159.0481029,0.0,-9.0,-37.0
1776887159.0581028,0.0,-5.0,-39.0
1776887159.0681028,4.0,-1.0,-35.0
1776887159.0781028,5.0,-8.0,-31.0
1776887159.0881028,10.0,-9.0,-31.0
1776887159.0981028,10.0,-6.0,-35.0
1776887159.1081028,6.0,-2.0,-34.0
1776887159.1181028,0.0,0.0,-40.0
1776887159.1281028,-2.0,0.0,-40.0
1776887159.1381028,0.0,-2.0,-38.0
1776887159.1481028,4.0,0.0,-36.0
1776887159.1581028,2.0,0.0,-39.0
1776887159.1681027,2.0,0.0,-35.0
1776887159.1781027,0.0,4.0,-36.0
1776887159.1881027,-3.0,5.0,-27.0
1776887159.1981027,-4.0,6.0,-29.0
1776887159.2081027,-3.0,3.0,-29.0
1776887159.2181027,-5.0,6.0,-36.0
1776887159.2281027,-7.0,2.0,-34.0
1776887159.238103,-2.0,0.0,-28.0
1776887159.248103,-1.0,0.0,-28.0
1776887159.258103,0.0,1.0,-30.0
1776887159.2681026,1.0,1.0,-34.0
1776887159.2781026,2.0,-1.0,-42.0
1776887159.2881026,3.0,0.0,-47.0
1776887159.2981029,1.0,-3.0,-47.0
1776887159.3081028,3.0,-3.0,-44.0
1776887159.3181028,-2.0,-2.0,-41.0
1776887159.3281028,0.0,-3.0,-43.0
1776887159.3381028,1.0,-2.0,-49.0
1776887159.3481028,1.0,-1.0,-40.0
1776887159.3581028,-1.0,0.0,-36.0
1776887159.3681028,0.0,-5.0,-35.0
1776887159.3781028,0.0,-8.0,-34.0
1776887159.3881028,0.0,-3.0,-37.0
1776887159.3981028,0.0,-2.0,-32.0
1776887159.4081028,1.0,-1.0,-33.0
1776887159.4181027,1.0,-2.0,-31.0
1776887159.4281027,-2.0,0.0,-37.0
1776887159.4381027,0.0,1.0,-43.0
1776887159.4481027,-3.0,5.0,-44.0
1776887159.4581027,-3.0,3.0,-45.0
1776887159.4681027,-4.0,0.0,-45.0
1776887159.4781027,0.0,-2.0,-48.0
1776887159.488103,0.0,-4.0,-45.0
1776887159.498103,4.0,-3.0,-40.0
1776887159.508103,5.0,-2.0,-35.0
1776887159.5181026,3.0,-3.0,-32.0
1776887159.5281026,2.0,0.0,-34.0
1776887159.5381026,3.0,3.0,-36.0
1776887159.5481029,1.0,4.0,-36.0
1776887159.5581028,4.0,3.0,-32.0
1776887159.5681028,5.0,-2.0,-34.0
1776887159.5781028,6.0,-6.0,-27.0
1776887159.5881028,3.0,-8.0,-32.0
1776887159.5981028,1.0,-6.0,-37.0
1776887159.6081028,0.0,-3.0,-41.0
1776887159.6181028,1.0,0.0,-35.0
1776887159.6281028,5.0,-2.0,-26.0
1776887159.6381028,2.0,-2.0,-23.0
1776887159.6481028,-1.0,-1.0,-22.0
1776887159.6581028,1.0,-3.0,-34.0
1776887159.6681027,4.0,-6.0,-36.0
1776887159.6781027,3.0,-4.0,-43.0
1776887159.6881027,4.0,-3.0,-45.0
1776887159.6981027,2.0,0.0,-48.0
1776887159.7081027,0.0,0.0,-45.0
1776887159.7181027,-3.0,0.0,-41.0
1776887159.7281027,-6.0,1.0,-40.0
1776887159.738103,-10.0,0.0,-39.0
1776887159.748103,-4.0,-2.0,-32.0
1776887159.758103,-6.0,-2.0,-33.0
1776887159.7681026,-3.0,1.0,-32.0
1776887159.7781026,-7.0,-2.0,-32.0
1776887159.7881026,-6.0,-4.0,-30.0
1776887159.7981029,-6.0,-1.0,-28.0
1776887159.8081028,-5.0,2.0,-25.0
1776887159.8181028,-2.0,-2.0,-21.0
1776887159.8281028,1.0,-4.0,-23.0
1776887159.8381028,3.0,-8.0,-21.0
1776887159.8481028,0.0,-6.0,-23.0
1776887159.8581028,3.0,-2.0,-20.0
1776887159.8681028,1.0,-3.0,-31.0
1776887159.8781028,-1.0,-7.0,-35.0
1776887159.8881028,-4.0,-9.0,-37.0
1776887159.8981028,-3.0,-3.0,-37.0
1776887159.9081028,-2.0,0.0,-37.0
1776887159.9181027,-5.0,0.0,-36.0
1776887159.9281027,-7.0,0.0,-41.0
1776887159.9381027,-6.0,0.0,-42.0
1776887159.9481027,-2.0,0.0,-39.0
1776887159.9591026,0.0,0.0,-41.0
1776887159.9691026,1.0,0.0,-36.0
1776887159.9791028,-1.0,0.0,-38.0
1776887159.9891028,-3.0,4.0,-37.0
1776887159.9991028,0.0,3.0,-31.0
1776887160.0091028,4.0,4.0,-31.0
1776887160.0191028,4.0,3.0,-31.0
1776887160.0291028,-2.0,1.0,-30.0
1776887160.0391028,-2.0,0.0,-24.0
1776887160.0491028,0.0,0.0,-22.0
1776887160.0591028,4.0,-1.0,-30.0
1776887160.0691028,3.0,-4.0,-32.0
1776887160.0791028,1.0,-7.0,-31.0
1776887160.0891027,0.0,-3.0,-29.0
1776887160.0991027,0.0,-2.0,-24.0
1776887160.1091027,0.0,-3.0,-29.0
1776887160.1191027,3.0,-1.0,-32.0
1776887160.1291027,1.0,1.0,-34.0
1776887160.1391027,4.0,0.0,-39.0
1776887160.1491027,6.0,0.0,-39.0
1776887160.159103,0.0,0.0,-37.0
1776887160.169103,0.0,3.0,-38.0
1776887160.179103,4.0,0.0,-45.0
1776887160.1891026,1.0,-1.0,-49.0
1776887160.1991026,6.0,0.0,-47.0
1776887160.2091026,6.0,0.0,-44.0
1776887160.2191026,3.0,0.0,-42.0
1776887160.2291028,1.0,-1.0,-39.0
1776887160.2391028,0.0,0.0,-39.0
1776887160.2491028,0.0,0.0,-36.0
1776887160.2591028,0.0,0.0,-30.0
1776887160.2691028,-3.0,-6.0,-29.0
1776887160.2791028,-5.0,-3.0,-30.0
1776887160.2891028,0.0,-4.0,-24.0
1776887160.2991028,3.0,-8.0,-30.0
1776887160.3091028,7.0,-10.0,-34.0
1776887160.3191028,2.0,-10.0,-38.0
1776887160.3291028,0.0,-10.0,-39.0
1776887160.3391027,0.0,-9.0,-37.0
1776887160.3491027,-1.0,-3.0,-33.0
1776887160.3591027,1.0,-6.0,-40.0
1776887160.3691027,8.0,-3.0,-45.0
1776887160.3791027,6.0,-6.0,-46.0
1776887160.3891027,4.0,-8.0,-37.0
1776887160.3991027,5.0,-10.0,-33.0
1776887160.409103,4.0,-7.0,-34.0
1776887160.419103,4.0,-2.0,-38.0
1776887160.429103,2.0,0.0,-41.0
1776887160.4391026,0.0,0.0,-29.0
1776887160.4491026,-2.0,-1.0,-29.0
1776887160.4591026,-1.0,0.0,-37.0
1776887160.4691026,3.0,-2.0,-40.0
1776887160.4791028,2.0,-6.0,-45.0
1776887160.4891028,0.0,-5.0,-44.0
1776887160.4991028,4.0,-7.0,-38.0
1776887160.5091028,8.0,-6.0,-32.0
1776887160.5191028,8.0,-4.0,-26.0
1776887160.5291028,4.0,-5.0,-26.0
1776887160.5391028,8.0,-5.0,-29.0
1776887160.5491028,1.0,-3.0,-31.0
1776887160.5591028,-1.0,-1.0,-26.0
1776887160.5691028,-1.0,0.0,-25.0
1776887160.5791028,0.0,3.0,-24.0
1776887160.5891027,1.0,5.0,-31.0
1776887160.5991027,-2.0,4.0,-38.0
1776887160.6091027,-1.0,4.0,-42.0
1776887160.6191027,0.0,3.0,-52.0
1776887160.6291027,6.0,2.0,-50.0
1776887160.6391027,6.0,4.0,-43.0
1776887160.6491027,8.0,1.0,-36.0
1776887160.659103,-1.0,0.0,-36.0
1776887160.669103,-2.0,-2.0,-38.0
1776887160.679103,1.0,-4.0,-36.0
1776887160.6891026,7.0,-1.0,-41.0
1776887160.6991026,5.0,1.0,-36.0
1776887160.7091026,1.0,0.0,-41.0
1776887160.7191026,3.0,0.0,-39.0
1776887160.7291028,4.0,0.0,-41.0
1776887160.7391028,6.0,0.0,-41.0
1776887160.7491028,4.0,0.0,-39.0
1776887160.7591028,2.0,1.0,-40.0
1776887160.7691028,0.0,1.0,-34.0
1776887160.7791028,2.0,-3.0,-29.0
1776887160.7891028,4.0,-3.0,-36.0
1776887160.7991028,5.0,-2.0,-43.0
1776887160.8091028,5.0,0.0,-43.0
1776887160.8191028,3.0,0.0,-34.0
1776887160.8291028,1.0,0.0,-37.0
1776887160.8391027,0.0,-5.0,-37.0
1776887160.8491027,-2.0,-4.0,-35.0
1776887160.8591027,-5.0,-8.0,-40.0
1776887160.8691027,-5.0,-7.0,-40.0
1776887160.8791027,-4.0,-7.0,-40.0
1776887160.8891027,-5.0,-2.0,-37.0
1776887160.8991027,-10.0,1.0,-39.0
1776887160.909103,-6.0,0.0,-38.0
1776887160.919103,-4.0,-5.0,-33.0
1776887160.929103,-2.0,-6.0,-34.0
1776887160.9391026,-2.0,-10.0,-34.0
1776887160.9491026,-2.0,-12.0,-39.0
1776887160.9591026,-5.0,-12.0,-34.0
1776887160.9691026,-2.0,-8.0,-32.0
1776887160.9791028,-2.0,-7.0,-34.0
1776887160.9891028,0.0,-3.0,-39.0
1776887160.9991028,-1.0,-1.0,-39.0
1776887161.0091028,-3.0,-1.0,-38.0
1776887161.0191028,-2.0,-1.0,-40.0
1776887161.0291028,4.0,-6.0,-39.0
1776887161.0391028,4.0,-7.0,-37.0
1776887161.0491028,-1.0,-10.0,-37.0
1776887161.0591028,-4.0,-8.0,-37.0
1776887161.0691028,-6.0,-2.0,-37.0
1776887161.0791028,-4.0,-1.0,-42.0
1776887161.0891027,-2.0,-1.0,-43.0
1776887161.0991027,-1.0,-1.0,-42.0
1776887161.1091027,0.0,-2.0,-42.0
1776887161.1191027,-3.0,-5.0,-34.0
1776887161.1291027,-3.0,-4.0,-35.0
1776887161.1391027,0.0,-4.0,-32.0
1776887161.1491027,-3.0,1.0,-37.0
1776887161.159103,-1.0,0.0,-36.0
1776887161.169103,-3.0,0.0,-33.0
1776887161.179103,-5.0,0.0,-30.0
1776887161.1891026,-3.0,-1.0,-35.0
1776887161.1991026,-5.0,-3.0,-33.0
1776887161.2091026,-5.0,-3.0,-30.0
1776887161.2191026,-5.0,-2.0,-22.0
1776887161.2291028,-5.0,-3.0,-27.0
1776887161.2391028,0.0,-3.0,-30.0
1776887161.2491028,0.0,-5.0,-35.0
1776887161.2591028,1.0,-7.0,-34.0
1776887161.2691028,0.0,-6.0,-32.0
1776887161.2791028,0.0,-9.0,-31.0
1776887161.2891028,2.0,-11.0,-30.0
1776887161.2991028,5.0,-8.0,-31.0
1776887161.3091028,2.0,-8.0,-35.0
1776887161.3191028,-1.0,-11.0,-39.0
1776887161.3291028,-3.0,-9.0,-39.0
1776887161.3391027,-1.0,-8.0,-39.0
1776887161.3491027,2.0,-10.0,-34.0
1776887161.3591027,1.0,-5.0,-37.0
1776887161.3691027,0.0,-6.0,-39.0
1776887161.3791027,3.0,-10.0,-39.0
1776887161.3891027,3.0,-11.0,-42.0
1776887161.3991027,1.0,-11.0,-38.0
1776887161.409103,3.0,-9.0,-43.0
1776887161.419103,4.0,-6.0,-43.0
1776887161.429103,6.0,-3.0,-35.0
1776887161.4391026,5.0,2.0,-35.0
1776887161.4491026,5.0,8.0,-36.0
1776887161.4591026,1.0,6.0,-31.0
1776887161.4691026,3.0,5.0,-41.0
1776887161.4791028,-2.0,-1.0,-36.0
1776887161.4891028,-5.0,-1.0,-32.0
1776887161.4991028,-7.0,3.0,-34.0
1776887161.5091028,-9.0,0.0,-34.0
1776887161.5191028,-5.0,-1.0,-43.0
1776887161.5291028,0.0,0.0,-51.0
1776887161.5391028,0.0,0.0,-45.0
1776887161.5491028,0.0,-3.0,-51.0
1776887161.5591028,0.0,-5.0,-47.0
1776887161.5691028,-2.0,-3.0,-51.0
1776887161.5791028,-3.0,-3.0,-53.0
1776887161.5891027,-1.0,0.0,-52.0
1776887161.5991027,0.0,0.0,-55.0
1776887161.6091027,2.0,1.0,-46.0
1776887161.6191027,3.0,3.0,-41.0
1776887161.6291027,8.0,-2.0,-40.0
1776887161.6391027,7.0,-1.0,-43.0
1776887161.6491027,4.0,-1.0,-41.0
1776887161.659103,3.0,0.0,-40.0
1776887161.669103,0.0,3.0,-33.0
1776887161.679103,-2.0,1.0,-34.0
1776887161.6891026,1.0,0.0,-33.0
1776887161.6991026,-4.0,1.0,-39.0
1776887161.7091026,-5.0,0.0,-35.0
1776887161.7191026,-7.0,0.0,-24.0
1776887161.7291028,-7.0,0.0,-24.0
1776887161.7391028,-7.0,-1.0,-27.0
1776887161.7491028,-9.0,0.0,-28.0
1776887161.7591028,-4.0,1.0,-34.0
1776887161.7691028,-2.0,0.0,-38.0
1776887161.7791028,4.0,0.0,-39.0
1776887161.7891028,0.0,-5.0,-36.0
1776887161.7991028,-1.0,-3.0,-36.0
1776887161.8091028,-2.0,-2.0,-34.0
1776887161.8191028,0.0,0.0,-30.0
1776887161.8291028,0.0,2.0,-27.0
1776887161.8391027,-1.0,-2.0,-27.0
1776887161.8491027,0.0,-4.0,-27.0
1776887161.8591027,-6.0,-4.0,-27.0
1776887161.8691027,-4.0,0.0,-33.0
1776887161.8791027,-6.0,-1.0,-26.0
1776887161.8891027,-5.0,-5.0,-33.0
1776887161.8991027,-5.0,-3.0,-40.0
1776887161.909103,-8.0,-3.0,-40.0
1776887161.919103,-6.0,0.0,-37.0
1776887161.929103,-3.0,1.0,-35.0
1776887161.9391026,-1.0,-1.0,-35.0
1776887161.9501028,-1.0,2.0,-28.0
1776887161.9601028,-1.0,5.0,-31.0
1776887161.9701028,1.0,5.0,-27.0
1776887161.9801028,1.0,7.0,-30.0
1776887161.9901028,1.0,5.0,-34.0
1776887162.0001028,1.0,4.0,-39.0
1776887162.0101027,1.0,2.0,-45.0
1776887162.0201027,-1.0,1.0,-43.0
1776887162.0301027,0.0,2.0,-42.0
1776887162.0401027,3.0,3.0,-38.0
1776887162.0501027,1.0,2.0,-38.0
1776887162.0601027,0.0,3.0,-40.0
1776887162.0701027,3.0,3.0,-38.0
1776887162.0801027,4.0,0.0,-31.0
1776887162.090103,1.0,-5.0,-35.0
1776887162.100103,2.0,-6.0,-34.0
1776887162.110103,1.0,-4.0,-36.0
1776887162.1201026,-2.0,-4.0,-35.0
1776887162.1301026,-2.0,0.0,-40.0
1776887162.1401026,-2.0,0.0,-38.0
1776887162.1501029,1.0,0.0,-40.0
1776887162.1601028,6.0,-6.0,-43.0
1776887162.1701028,4.0,-6.0,-45.0
1776887162.1801028,0.0,-4.0,-38.0
1776887162.1901028,2.0,-1.0,-28.0
1776887162.2001028,0.0,-2.0,-33.0
1776887162.2101028,-3.0,1.0,-40.0
1776887162.2201028,0.0,1.0,-36.0
1776887162.2301028,0.0,1.0,-38.0
1776887162.2401028,0.0,3.0,-36.0
1776887162.2501028,3.0,2.0,-42.0
1776887162.2601027,0.0,-2.0,-43.0
1776887162.2701027,0.0,2.0,-43.0
1776887162.2801027,-2.0,2.0,-44.0
1776887162.2901027,0.0,8.0,-43.0
1776887162.3001027,-4.0,9.0,-45.0
1776887162.3101027,-3.0,6.0,-50.0
1776887162.3201027,-4.0,1.0,-50.0
1776887162.3301027,2.0,-2.0,-46.0
1776887162.340103,2.0,-2.0,-45.0
1776887162.350103,4.0,-2.0,-43.0
1776887162.360103,2.0,-2.0,-46.0
1776887162.3701026,2.0,-5.0,-39.0
1776887162.3801026,1.0,-6.0,-37.0
1776887162.3901026,1.0,-2.0,-39.0
1776887162.4001029,3.0,-2.0,-30.0
1776887162.4101028,3.0,-2.0,-30.0
1776887162.4201028,6.0,0.0,-29.0
1776887162.4301028,6.0,5.0,-30.0
1776887162.4401028,6.0,12.0,-30.0
1776887162.4501028,5.0,10.0,-33.0
1776887162.4601028,7.0,7.0,-35.0
1776887162.4701028,6.0,9.0,-37.0
1776887162.4801028,0.0,6.0,-30.0
1776887162.4901028,2.0,5.0,-31.0
1776887162.5001028,2.0,2.0,-32.0
1776887162.5101027,5.0,0.0,-29.0
1776887162.5201027,7.0,-3.0,-30.0
1776887162.5301027,7.0,0.0,-37.0
1776887162.5401027,6.0,0.0,-43.0
1776887162.5501027,8.0,-4.0,-42.0
1776887162.5601027,7.0,0.0,-38.0
1776887162.5701027,2.0,5.0,-35.0
1776887162.5801027,4.0,3.0,-32.0
1776887162.590103,1.0,1.0,-29.0
1776887162.600103,-3.0,0.0,-22.0
1776887162.610103,-5.0,-1.0,-20.0
1776887162.6201026,-3.0,-1.0,-29.0
1776887162.6301026,-7.0,3.0,-34.0
1776887162.6401026,-6.0,0.0,-37.0
1776887162.6501029,-4.0,5.0,-36.0
1776887162.6601028,-2.0,0.0,-41.0
1776887162.6701028,-2.0,0.0,-36.0
1776887162.6801028,0.0,0.0,-38.0
1776887162.6901028,2.0,0.0,-39.0
1776887162.7001028,5.0,-1.0,-35.0
1776887162.7101028,4.0,-2.0,-31.0
1776887162.7201028,2.0,0.0,-29.0
1776887162.7301028,8.0,3.0,-27.0
1776887162.7401028,7.0,-2.0,-30.0
1776887162.7501028,8.0,-3.0,-33.0
1776887162.7601027,7.0,-1.0,-35.0
1776887162.7701027,7.0,-3.0,-32.0
1776887162.7801027,1.0,-3.0,-26.0
1776887162.7901027,-3.0,-4.0,-31.0
1776887162.8001027,0.0,-2.0,-35.0
1776887162.8101027,-4.0,-1.0,-38.0
1776887162.8201027,-5.0,0.0,-40.0
1776887162.8301027,-3.0,-3.0,-41.0
1776887162.840103,1.0,-3.0,-46.0
1776887162.850103,0.0,0.0,-51.0
1776887162.860103,0.0,2.0,-44.0
1776887162.8701026,5.0,4.0,-40.0
1776887162.8801026,4.0,0.0,-40.0
1776887162.8901026,4.0,0.0,-42.0
1776887162.9001029,9.0,-4.0,-40.0
1776887162.9101028,10.0,-2.0,-40.0
1776887162.9201028,3.0,0.0,-44.0
1776887162.9301028,0.0,2.0,-38.0
1776887162.9401028,-3.0,0.0,-43.0
1776887162.9501028,0.0,-4.0,-44.0
1776887162.9601028,4.0,-6.0,-38.0
1776887162.9701028,0.0,-2.0,-33.0
1776887162.9801028,0.0,-2.0,-32.0
1776887162.9901028,2.0,-6.0,-30.0
1776887163.0001028,1.0,-3.0,-32.0
1776887163.0101027,4.0,-5.0,-25.0
1776887163.0201027,4.0,-2.0,-29.0
1776887163.0301027,0.0,0.0,-39.0
1776887163.0401027,-1.0,0.0,-45.0
1776887163.0501027,-3.0,1.0,-50.0
1776887163.0601027,0.0,0.0,-45.0
1776887163.0701027,-3.0,4.0,-41.0
1776887163.0801027,-4.0,4.0,-39.0
1776887163.090103,-4.0,2.0,-47.0
1776887163.100103,-6.0,3.0,-44.0
1776887163.110103,-6.0,-1.0,-39.0
1776887163.1201026,-9.0,-2.0,-37.0
1776887163.1301026,-5.0,-3.0,-38.0
1776887163.1401026,-8.0,-2.0,-35.0
1776887163.1501029,-7.0,2.0,-39.0
1776887163.1601028,-10.0,6.0,-39.0
1776887163.1701028,-7.0,3.0,-31.0
1776887163.1801028,-8.0,4.0,-33.0
1776887163.1901028,-4.0,0.0,-40.0
1776887163.2001028,-1.0,1.0,-41.0
1776887163.2101028,-3.0,0.0,-39.0
1776887163.2201028,-1.0,0.0,-38.0
1776887163.2301028,3.0,0.0,-44.0
1776887163.2401028,6.0,1.0,-43.0
1776887163.2501028,5.0,2.0,-42.0
1776887163.2601027,3.0,4.0,-39.0
1776887163.2701027,2.0,5.0,-35.0
1776887163.2801027,0.0,6.0,-44.0
1776887163.2901027,0.0,4.0,-37.0
1776887163.3001027,1.0,7.0,-34.0
1776887163.3101027,2.0,5.0,-31.0
1776887163.3201027,3.0,2.0,-30.0
1776887163.3301027,2.0,2.0,-34.0
1776887163.340103,0.0,-1.0,-32.0
1776887163.350103,3.0,-1.0,-34.0
1776887163.360103,6.0,0.0,-41.0
1776887163.3701026,10.0,1.0,-54.0
1776887163.3801026,9.0,0.0,-47.0
1776887163.3901026,6.0,1.0,-44.0
1776887163.4001029,2.0,2.0,-36.0
1776887163.4101028,1.0,4.0,-33.0
1776887163.4201028,4.0,7.0,-37.0
1776887163.4301028,6.0,8.0,-33.0
1776887163.4401028,6.0,4.0,-25.0
1776887163.4501028,1.0,2.0,-30.0
1776887163.4601028,0.0,1.0,-34.0
1776887163.4701028,-2.0,-2.0,-37.0
1776887163.4801028,0.0,-2.0,-40.0
1776887163.4901028,1.0,0.0,-40.0
1776887163.5001028,0.0,-2.0,-38.0
1776887163.5101027,0.0,-2.0,-42.0
1776887163.5201027,-2.0,0.0,-42.0
1776887163.5301027,-2.0,4.0,-44.0
1776887163.5401027,1.0,4.0,-40.0
1776887163.5501027,4.0,3.0,-33.0
1776887163.5601027,0.0,2.0,-26.0
1776887163.5701027,1.0,1.0,-31.0
1776887163.5801027,3.0,3.0,-31.0
1776887163.590103,3.0,0.0,-28.0
1776887163.600103,0.0,-1.0,-27.0
1776887163.610103,0.0,-1.0,-26.0
1776887163.6201026,-1.0,-1.0,-24.0
1776887163.6301026,0.0,4.0,-27.0
1776887163.6401026,-2.0,4.0,-29.0
1776887163.6501029,0.0,3.0,-33.0
1776887163.6601028,2.0,1.0,-31.0
1776887163.6701028,0.0,2.0,-31.0
1776887163.6801028,0.0,2.0,-31.0
1776887163.6901028,1.0,2.0,-36.0
1776887163.7001028,2.0,3.0,-38.0
1776887163.7101028,0.0,1.0,-32.0
1776887163.7201028,1.0,-2.0,-32.0
1776887163.7301028,4.0,-3.0,-33.0
1776887163.7401028,7.0,-1.0,-38.0
1776887163.7501028,3.0,-4.0,-42.0
1776887163.7601027,0.0,-2.0,-47.0
1776887163.7701027,8.0,1.0,-44.0
1776887163.7801027,5.0,0.0,-42.0
1776887163.7901027,2.0,0.0,-39.0
1776887163.8001027,-4.0,-1.0,-47.0
1776887163.8101027,0.0,-2.0,-44.0
1776887163.8201027,0.0,-5.0,-42.0
1776887163.8301027,0.0,-2.0,-35.0
1776887163.840103,2.0,-2.0,-34.0
1776887163.850103,5.0,0.0,-38.0
1776887163.860103,6.0,2.0,-33.0
1776887163.8701026,5.0,0.0,-36.0
1776887163.8801026,4.0,-2.0,-36.0
1776887163.8901026,2.0,0.0,-34.0
1776887163.9011028,0.0,-1.0,-30.0
1776887163.9101028,-2.0,-1.0,-35.0
1776887163.9201028,-4.0,-4.0,-42.0
1776887163.9301028,-5.0,-6.0,-47.0
1776887163.9401028,-4.0,-4.0,-45.0
1776887163.9511027,-6.0,-4.0,-40.0
1776887163.9601028,-7.0,-1.0,-36.0
1776887163.9701028,-5.0,-7.0,-31.0
1776887163.9811027,-2.0,-6.0,-33.0
1776887163.9911027,-2.0,-1.0,-33.0
1776887164.0011027,-2.0,-1.0,-36.0
1776887164.011103,-1.0,-1.0,-37.0
1776887164.021103,-2.0,-2.0,-31.0
1776887164.031103,0.0,-2.0,-25.0
1776887164.0411026,4.0,1.0,-27.0
1776887164.0521028,3.0,1.0,-30.0
1776887164.0611026,4.0,-1.0,-33.0
1776887164.0711029,9.0,-1.0,-36.0
1776887164.0811028,10.0,1.0,-37.0
1776887164.0911028,9.0,2.0,-38.0
1776887164.1011028,12.0,2.0,-35.0
1776887164.1111028,9.0,2.0,-33.0
1776887164.1211028,9.0,3.0,-36.0
1776887164.1311028,5.0,2.0,-36.0
1776887164.1411028,3.0,1.0,-36.0
1776887164.1511028,4.0,0.0,-36.0
1776887164.1611028,4.0,-1.0,-39.0
1776887164.1711028,6.0,-2.0,-38.0
1776887164.1811028,9.0,-4.0,-38.0
1776887164.1911027,9.0,-3.0,-35.0
1776887164.2011027,10.0,-5.0,-24.0
1776887164.2111027,7.0,-3.0,-28.0
1776887164.2211027,6.0,-3.0,-34.0
1776887164.2311027,8.0,-6.0,-40.0
1776887164.2411027,10.0,-8.0,-41.0
1776887164.2511027,10.0,-6.0,-46.0
1776887164.261103,6.0,-5.0,-46.0
1776887164.271103,6.0,-2.0,-50.0
1776887164.281103,6.0,-1.0,-45.0
1776887164.2911026,5.0,2.0,-42.0
1776887164.3011026,1.0,1.0,-46.0
1776887164.3111026,0.0,2.0,-41.0
1776887164.3211029,-2.0,3.0,-43.0
1776887164.3311028,-3.0,1.0,-42.0
1776887164.3411028,0.0,-4.0,-42.0
1776887164.3511028,0.0,-4.0,-36.0
1776887164.3611028,3.0,-3.0,-33.0
1776887164.3711028,5.0,-3.0,-32.0
1776887164.3811028,6.0,-1.0,-32.0
1776887164.3911028,5.0,1.0,-35.0
1776887164.4011028,4.0,2.0,-39.0
1776887164.4111028,5.0,-1.0,-35.0
1776887164.4211028,1.0,-4.0,-35.0
1776887164.4311028,-2.0,-5.0,-38.0
1776887164.4411027,-3.0,-1.0,-41.0
1776887164.4511027,-2.0,-2.0,-38.0
1776887164.4611027,1.0,-3.0,-41.0
1776887164.4711027,4.0,-3.0,-39.0
1776887164.4811027,3.0,-5.0,-38.0
1776887164.4911027,-1.0,-8.0,-38.0
1776887164.5011027,0.0,-7.0,-36.0
1776887164.511103,-3.0,-3.0,-42.0
1776887164.521103,-7.0,-2.0,-48.0
1776887164.531103,-7.0,-1.0,-46.0
1776887164.5411026,-6.0,-4.0,-41.0
1776887164.5511026,-7.0,-6.0,-53.0
1776887164.5611026,-3.0,-3.0,-54.0
1776887164.5711029,0.0,0.0,-52.0
1776887164.5811028,1.0,-1.0,-50.0
1776887164.5911028,1.0,1.0,-47.0
1776887164.6011028,6.0,1.0,-41.0
1776887164.6111028,3.0,-1.0,-41.0
1776887164.6211028,1.0,-2.0,-35.0
1776887164.6311028,1.0,-1.0,-37.0
1776887164.6411028,0.0,0.0,-31.0
1776887164.6511028,-3.0,0.0,-30.0
1776887164.6611028,-2.0,-3.0,-28.0
1776887164.6711028,-4.0,-6.0,-30.0
1776887164.6811028,0.0,-8.0,-36.0
1776887164.6911027,3.0,-7.0,-40.0
1776887164.7011027,4.0,-7.0,-39.0
1776887164.7111027,4.0,-8.0,-37.0
1776887164.7211027,3.0,-5.0,-38.0
1776887164.7311027,1.0,-5.0,-37.0
1776887164.7411027,1.0,-7.0,-35.0
1776887164.7511027,3.0,-7.0,-38.0
1776887164.761103,-4.0,-6.0,-37.0
1776887164.771103,-1.0,-9.0,-38.0
1776887164.781103,0.0,-10.0,-34.0
1776887164.7911026,2.0,-9.0,-32.0
1776887164.8011026,7.0,-9.0,-32.0
1776887164.8111026,7.0,-10.0,-33.0
1776887164.8211029,5.0,-6.0,-33.0
1776887164.8311028,4.0,-6.0,-34.0
1776887164.8411028,4.0,-9.0,-39.0
1776887164.8511028,0.0,-9.0,-47.0
1776887164.8611028,-2.0,-5.0,-49.0
1776887164.8711028,1.0,-5.0,-51.0
1776887164.8811028,0.0,-6.0,-44.0
1776887164.8911028,-1.0,-4.0,-43.0
1776887164.9011028,-2.0,-3.0,-37.0
1776887164.9111028,-8.0,-6.0,-40.0
1776887164.9211028,-5.0,-2.0,-46.0
1776887164.9311028,-2.0,-3.0,-37.0
1776887164.9411027,-2.0,-3.0,-39.0
1776887164.9511027,1.0,-5.0,-44.0
1776887164.9611027,1.0,-6.0,-45.0
1776887164.9711027,3.0,-3.0,-43.0
1776887164.9811027,2.0,-3.0,-33.0
1776887164.9911027,1.0,-5.0,-31.0
1776887165.0011027,-1.0,-7.0,-32.0
1776887165.011103,0.0,-3.0,-31.0
1776887165.021103,0.0,-3.0,-24.0
1776887165.031103,-1.0,-6.0,-22.0
1776887165.0411026,-1.0,-3.0,-23.0
1776887165.0511026,-2.0,-2.0,-24.0
1776887165.0611026,-2.0,-4.0,-20.0
1776887165.0711029,0.0,-5.0,-23.0
1776887165.0811028,0.0,-4.0,-29.0
1776887165.0911028,3.0,-5.0,-31.0
1776887165.1011028,2.0,-5.0,-32.0
1776887165.1111028,0.0,-5.0,-34.0
1776887165.1211028,1.0,-2.0,-37.0
1776887165.1311028,1.0,0.0,-43.0
1776887165.1411028,0.0,0.0,-44.0
1776887165.1511028,3.0,0.0,-33.0
1776887165.1611028,-4.0,2.0,-27.0
1776887165.1711028,-6.0,7.0,-28.0
1776887165.1811028,-3.0,4.0,-32.0
1776887165.1911027,-4.0,4.0,-34.0
1776887165.2011027,-1.0,1.0,-41.0
1776887165.2111027,1.0,4.0,-42.0
1776887165.2211027,-1.0,6.0,-41.0
1776887165.2311027,-1.0,4.0,-45.0
1776887165.2411027,-3.0,5.0,-42.0
1776887165.2511027,-5.0,4.0,-42.0
1776887165.261103,1.0,2.0,-40.0
1776887165.271103,2.0,3.0,-33.0
1776887165.281103,1.0,1.0,-36.0
1776887165.2911026,0.0,2.0,-38.0
1776887165.3011026,-1.0,4.0,-39.0
1776887165.3111026,-2.0,5.0,-45.0
1776887165.3211029,0.0,4.0,-44.0
1776887165.3311028,-5.0,6.0,-42.0
1776887165.3411028,-2.0,3.0,-40.0
1776887165.3511028,-1.0,2.0,-30.0
1776887165.3611028,0.0,4.0,-36.0
1776887165.3711028,1.0,4.0,-41.0
1776887165.3811028,4.0,4.0,-40.0
1776887165.3911028,5.0,1.0,-39.0
1776887165.4011028,4.0,-2.0,-35.0
1776887165.4111028,2.0,-7.0,-37.0
1776887165.4211028,4.0,-9.0,-41.0
1776887165.4311028,3.0,-6.0,-39.0
1776887165.4411027,4.0,-3.0,-34.0
1776887165.4511027,3.0,-4.0,-33.0
1776887165.4611027,5.0,-5.0,-31.0
1776887165.4711027,5.0,-1.0,-28.0
1776887165.4811027,7.0,0.0,-33.0
1776887165.4911027,1.0,0.0,-36.0
1776887165.5011027,10.0,-5.0,-40.0
1776887165.511103,13.0,-3.0,-32.0
1776887165.521103,11.0,-1.0,-33.0
1776887165.531103,7.0,0.0,-35.0
1776887165.5411026,4.0,-4.0,-30.0
1776887165.5511026,0.0,-5.0,-25.0
1776887165.5611026,0.0,-7.0,-26.0
1776887165.5711029,2.0,-4.0,-27.0
1776887165.5811028,5.0,0.0,-25.0
1776887165.5911028,8.0,-3.0,-30.0
1776887165.6011028,8.0,-7.0,-30.0
1776887165.6111028,9.0,-4.0,-32.0
1776887165.6211028,6.0,-4.0,-29.0
1776887165.6311028,6.0,-2.0,-21.0
1776887165.6411028,3.0,-5.0,-18.0
1776887165.6511028,0.0,-5.0,-21.0
1776887165.6611028,1.0,-3.0,-25.0
1776887165.6711028,1.0,-2.0,-25.0
1776887165.6811028,3.0,-5.0,-24.0
1776887165.6911027,2.0,-7.0,-33.0
1776887165.7011027,0.0,-3.0,-35.0
1776887165.7111027,0.0,0.0,-35.0
1776887165.7211027,3.0,2.0,-31.0
1776887165.7311027,0.0,-1.0,-28.0
1776887165.7411027,-3.0,-5.0,-29.0
1776887165.7511027,-3.0,-2.0,-29.0
1776887165.761103,-5.0,-5.0,-35.0
1776887165.771103,-4.0,-5.0,-28.0
1776887165.781103,-5.0,-9.0,-40.0
1776887165.7911026,-5.0,-7.0,-40.0
1776887165.8011026,-3.0,-7.0,-38.0
1776887165.8111026,-2.0,-8.0,-40.0
1776887165.8211029,0.0,-6.0,-31.0
1776887165.8311028,1.0,-5.0,-34.0
1776887165.8411028,0.0,-2.0,-29.0
1776887165.8511028,0.0,-4.0,-26.0
1776887165.8611028,0.0,0.0,-32.0
1776887165.8711028,-4.0,-1.0,-32.0
1776887165.8811028,-6.0,0.0,-36.0
1776887165.8911028,-5.0,4.0,-38.0
1776887165.9011028,-6.0,2.0,-36.0
1776887165.9111028,-8.0,-1.0,-35.0
1776887165.9211028,-3.0,-3.0,-35.0
1776887165.9311028,-1.0,-1.0,-30.0
1776887165.9411027,-3.0,-7.0,-27.0
1776887165.9511027,-2.0,-6.0,-26.0
1776887165.962103,1.0,-7.0,-33.0
1776887165.9721026,3.0,-6.0,-30.0
1776887165.9821026,0.0,0.0,-29.0
1776887165.9921026,0.0,-1.0,-32.0
1776887166.0021029,-1.0,-1.0,-36.0
1776887166.0121028,0.0,-4.0,-34.0
1776887166.0221028,0.0,-4.0,-38.0
1776887166.0321028,0.0,-3.0,-37.0
1776887166.0421028,-6.0,0.0,-40.0
1776887166.0521028,-4.0,2.0,-41.0
1776887166.0621028,0.0,0.0,-41.0
1776887166.0721028,-1.0,0.0,-35.0
1776887166.0821028,-1.0,-1.0,-34.0
1776887166.0921028,-5.0,-1.0,-32.0
1776887166.1021028,-1.0,0.0,-35.0
1776887166.1121027,-4.0,-2.0,-31.0
1776887166.1221027,-4.0,-5.0,-34.0
1776887166.1321027,-1.0,-2.0,-39.0
1776887166.1421027,0.0,-2.0,-36.0
1776887166.1521027,3.0,-1.0,-37.0
1776887166.1621027,5.0,-3.0,-41.0
1776887166.1721027,10.0,-2.0,-37.0
1776887166.182103,9.0,-2.0,-37.0
1776887166.192103,8.0,0.0,-35.0
1776887166.202103,4.0,-2.0,-37.0
1776887166.212103,6.0,-1.0,-39.0
1776887166.2221026,1.0,1.0,-32.0
1776887166.2321026,0.0,1.0,-27.0
1776887166.2421026,-4.0,-1.0,-31.0
1776887166.2521029,-5.0,-2.0,-32.0
1776887166.2621028,-1.0,-1.0,-30.0
1776887166.2721028,-2.0,-4.0,-20.0
1776887166.2821028,0.0,-4.0,-20.0
1776887166.2921028,4.0,-4.0,-27.0
1776887166.3021028,0.0,-2.0,-32.0
1776887166.3121028,0.0,-6.0,-39.0
1776887166.3221028,-2.0,-7.0,-35.0
1776887166.3321028,-3.0,-8.0,-30.0
1776887166.3421028,3.0,-5.0,-21.0
1776887166.3521028,3.0,-3.0,-26.0
1776887166.3621027,1.0,-1.0,-22.0
1776887166.3721027,1.0,0.0,-27.0
1776887166.3821027,0.0,2.0,-32.0
1776887166.3921027,2.0,8.0,-37.0
1776887166.4021027,3.0,2.0,-39.0
1776887166.4121027,2.0,2.0,-38.0
1776887166.4221027,-1.0,1.0,-34.0
1776887166.432103,0.0,-3.0,-33.0
1776887166.442103,4.0,-1.0,-32.0
1776887166.452103,9.0,0.0,-34.0
1776887166.462103,11.0,2.0,-40.0
1776887166.4721026,7.0,3.0,-39.0
1776887166.4821026,0.0,1.0,-45.0
1776887166.4921026,-1.0,-2.0,-45.0
1776887166.5021029,0.0,-4.0,-45.0
1776887166.5121028,0.0,-3.0,-44.0
1776887166.5221028,2.0,-4.0,-43.0
1776887166.5321028,5.0,0.0,-41.0
1776887166.5421028,6.0,-1.0,-36.0
1776887166.5521028,7.0,-2.0,-38.0
1776887166.5621028,4.0,-6.0,-39.0
1776887166.5721028,-1.0,-5.0,-42.0
1776887166.5821028,-1.0,-8.0,-41.0
1776887166.5921028,-4.0,-7.0,-41.0
1776887166.6021028,3.0,-7.0,-40.0
1776887166.6121027,7.0,-2.0,-39.0
1776887166.6221027,4.0,-4.0,-43.0
1776887166.6321027,-1.0,-3.0,-46.0
1776887166.6421027,-5.0,1.0,-47.0
1776887166.6521027,-8.0,0.0,-48.0
1776887166.6621027,-9.0,-5.0,-43.0
1776887166.6721027,-5.0,-2.0,-40.0
1776887166.682103,-3.0,-3.0,-37.0
1776887166.692103,-6.0,-2.0,-31.0
1776887166.702103,-5.0,-1.0,-29.0
1776887166.712103,-5.0,0.0,-34.0
1776887166.7221026,-2.0,-1.0,-36.0
1776887166.7321026,0.0,4.0,-33.0
1776887166.7421026,-1.0,6.0,-35.0
1776887166.7521029,-1.0,3.0,-39.0
1776887166.7621028,-2.0,2.0,-36.0
1776887166.7721028,-3.0,-1.0,-40.0
1776887166.7821028,-4.0,-5.0,-43.0
1776887166.7921028,-3.0,-7.0,-46.0
1776887166.8021028,-6.0,-6.0,-42.0
1776887166.8121028,-5.0,-4.0,-43.0
1776887166.8221028,0.0,-6.0,-47.0
1776887166.8321028,-2.0,-5.0,-46.0
1776887166.8421028,-3.0,0.0,-39.0
1776887166.8521028,-5.0,1.0,-34.0
1776887166.8621027,0.0,2.0,-40.0
1776887166.8721027,-2.0,4.0,-40.0
1776887166.8821027,0.0,3.0,-40.0
1776887166.8921027,0.0,6.0,-34.0
1776887166.9021027,0.0,6.0,-33.0
1776887166.9121027,2.0,3.0,-33.0
1776887166.9221027,0.0,2.0,-39.0
1776887166.932103,-3.0,0.0,-33.0
1776887166.942103,0.0,-4.0,-33.0
1776887166.952103,1.0,-5.0,-30.0
1776887166.962103,-3.0,0.0,-28.0
1776887166.9721026,-2.0,0.0,-33.0
1776887166.9821026,0.0,0.0,-36.0
1776887166.9921026,3.0,-2.0,-39.0
1776887167.0021029,3.0,-5.0,-43.0
1776887167.0121028,1.0,-6.0,-39.0
1776887167.0221028,5.0,-5.0,-43.0
1776887167.0321028,6.0,-4.0,-45.0
1776887167.0421028,7.0,-2.0,-42.0
1776887167.0521028,6.0,-1.0,-38.0
1776887167.0621028,2.0,0.0,-43.0
1776887167.0721028,2.0,1.0,-37.0
1776887167.0821028,0.0,1.0,-44.0
1776887167.0921028,4.0,-1.0,-46.0
1776887167.1021028,6.0,-1.0,-46.0
1776887167.1121027,5.0,-1.0,-46.0
1776887167.1221027,8.0,-2.0,-44.0
1776887167.1321027,2.0,-6.0,-44.0
1776887167.1421027,1.0,0.0,-49.0
1776887167.1521027,-5.0,0.0,-43.0
1776887167.1621027,-6.0,1.0,-37.0
1776887167.1721027,-6.0,0.0,-41.0
1776887167.182103,-2.0,-1.0,-36.0
1776887167.192103,2.0,-1.0,-36.0
1776887167.202103,9.0,-2.0,-40.0
1776887167.212103,11.0,-1.0,-33.0
1776887167.2221026,6.0,-4.0,-29.0
1776887167.2321026,6.0,-1.0,-29.0
1776887167.2421026,4.0,4.0,-27.0
1776887167.2521029,-3.0,5.0,-33.0
1776887167.2621028,-1.0,3.0,-34.0
1776887167.2721028,0.0,1.0,-37.0
1776887167.2821028,1.0,0.0,-38.0
1776887167.2921028,2.0,3.0,-39.0
1776887167.3021028,5.0,-2.0,-36.0
1776887167.3121028,5.0,-9.0,-38.0
1776887167.3221028,1.0,-4.0,-39.0
1776887167.3321028,0.0,-3.0,-34.0
1776887167.3421028,-1.0,-6.0,-26.0
1776887167.3521028,0.0,-7.0,-29.0
1776887167.3621027,0.0,-1.0,-32.0
1776887167.3721027,0.0,-7.0,-30.0
1776887167.3821027,0.0,-9.0,-32.0
1776887167.3921027,1.0,-7.0,-33.0
1776887167.4021027,0.0,-5.0,-33.0
1776887167.4121027,0.0,-2.0,-34.0
1776887167.4221027,7.0,1.0,-33.0
1776887167.432103,0.0,-1.0,-31.0
1776887167.442103,0.0,-6.0,-35.0
1776887167.452103,1.0,-5.0,-31.0
1776887167.462103,0.0,0.0,-21.0
1776887167.4721026,0.0,-1.0,-29.0
1776887167.4821026,2.0,0.0,-34.0
1776887167.4921026,4.0,-3.0,-29.0
1776887167.5021029,4.0,-3.0,-28.0
1776887167.5121028,6.0,0.0,-37.0
1776887167.5221028,7.0,1.0,-36.0
1776887167.5321028,3.0,0.0,-38.0
1776887167.5421028,0.0,2.0,-39.0
1776887167.5521028,-3.0,2.0,-38.0
1776887167.5621028,-1.0,6.0,-40.0
1776887167.5721028,-1.0,4.0,-45.0
1776887167.5821028,0.0,7.0,-43.0
1776887167.5921028,0.0,9.0,-37.0
1776887167.6021028,3.0,8.0,-37.0
1776887167.6121027,7.0,5.0,-50.0
1776887167.6221027,2.0,6.0,-49.0
1776887167.6321027,-3.0,9.0,-50.0
1776887167.6421027,-6.0,4.0,-48.0
1776887167.6521027,0.0,3.0,-43.0
1776887167.6621027,0.0,5.0,-48.0
1776887167.6721027,1.0,6.0,-44.0
1776887167.682103,1.0,5.0,-41.0
1776887167.692103,2.0,4.0,-47.0
1776887167.702103,3.0,5.0,-33.0
1776887167.712103,2.0,5.0,-32.0
1776887167.7221026,2.0,4.0,-30.0
1776887167.7321026,-2.0,5.0,-27.0
1776887167.7421026,-2.0,0.0,-39.0
1776887167.7521029,2.0,-1.0,-44.0
1776887167.7621028,2.0,-3.0,-46.0
1776887167.7721028,0.0,-7.0,-48.0
1776887167.7821028,-2.0,-4.0,-48.0
1776887167.7921028,-3.0,-7.0,-50.0
1776887167.8021028,-9.0,-3.0,-49.0
1776887167.8121028,-9.0,0.0,-41.0
1776887167.8221028,-4.0,0.0,-39.0
1776887167.8321028,0.0,-4.0,-47.0
1776887167.8421028,-3.0,-6.0,-49.0
1776887167.8521028,-2.0,-3.0,-46.0
1776887167.8621027,-3.0,0.0,-45.0
1776887167.8721027,-5.0,0.0,-38.0
1776887167.8821027,-2.0,-2.0,-36.0
1776887167.8921027,-1.0,2.0,-38.0
1776887167.9021027,-4.0,1.0,-33.0
1776887167.9121027,-2.0,2.0,-28.0
1776887167.9221027,-5.0,3.0,-25.0
1776887167.9331028,-3.0,0.0,-28.0
1776887167.9431028,-5.0,-4.0,-35.0
1776887167.9531028,-3.0,-5.0,-31.0
1776887167.962103,-4.0,-8.0,-33.0
1776887167.9731028,-2.0,-8.0,-30.0
1776887167.9831028,0.0,-6.0,-28.0
1776887167.9931028,-4.0,-6.0,-31.0
1776887168.0031028,-4.0,-5.0,-30.0
1776887168.0131028,-2.0,-3.0,-30.0
1776887168.0231028,-1.0,1.0,-35.0
1776887168.0331028,3.0,0.0,-40.0
1776887168.0431027,1.0,0.0,-41.0
1776887168.0531027,-1.0,0.0,-35.0
1776887168.0631027,3.0,-2.0,-36.0
1776887168.0731027,5.0,-3.0,-41.0
1776887168.0831027,2.0,-2.0,-44.0
1776887168.0931027,1.0,-2.0,-45.0
1776887168.1031027,-1.0,-3.0,-50.0
1776887168.113103,4.0,-4.0,-52.0
1776887168.123103,2.0,-6.0,-43.0
1776887168.133103,4.0,-4.0,-35.0
1776887168.1431026,4.0,-7.0,-34.0
1776887168.1531026,5.0,-7.0,-37.0
1776887168.1631026,4.0,-4.0,-39.0
1776887168.1731029,5.0,-6.0,-29.0
1776887168.1831028,3.0,-6.0,-29.0
1776887168.1931028,3.0,-5.0,-31.0
1776887168.2031028,4.0,-1.0,-35.0
1776887168.2131028,2.0,-1.0,-32.0
1776887168.2231028,0.0,-2.0,-29.0
1776887168.2331028,-4.0,0.0,-32.0
1776887168.2431028,1.0,2.0,-37.0
1776887168.2531028,3.0,-1.0,-33.0
1776887168.2631028,0.0,-1.0,-29.0
1776887168.2731028,2.0,-2.0,-25.0
1776887168.2831028,2.0,0.0,-28.0
1776887168.2931027,5.0,1.0,-28.0
1776887168.3031027,3.0,2.0,-34.0
1776887168.3131027,0.0,-1.0,-41.0
1776887168.3231027,1.0,-1.0,-43.0
1776887168.3331027,4.0,-2.0,-40.0
1776887168.3431027,2.0,-7.0,-47.0
1776887168.3531027,4.0,-9.0,-43.0
1776887168.363103,3.0,-9.0,-42.0
1776887168.373103,2.0,-9.0,-44.0
1776887168.383103,4.0,-8.0,-40.0
1776887168.3931026,2.0,-8.0,-34.0
1776887168.4031026,1.0,-7.0,-28.0
1776887168.4131026,3.0,-4.0,-37.0
1776887168.4231029,4.0,-2.0,-36.0
1776887168.4331028,1.0,-4.0,-38.0
1776887168.4431028,1.0,2.0,-40.0
1776887168.4531028,0.0,3.0,-37.0
1776887168.4631028,-1.0,5.0,-42.0
1776887168.4731028,0.0,1.0,-38.0
1776887168.4831028,0.0,-5.0,-36.0
1776887168.4931028,1.0,-4.0,-40.0
1776887168.5031028,0.0,-3.0,-39.0
1776887168.5131028,-2.0,-6.0,-43.0
1776887168.5231028,0.0,-5.0,-46.0
1776887168.5331028,0.0,-7.0,-39.0
1776887168.5431027,0.0,-8.0,-39.0
1776887168.5531027,0.0,-2.0,-39.0
1776887168.5631027,0.0,-2.0,-37.0
1776887168.5731027,2.0,-1.0,-36.0
1776887168.5831027,0.0,-2.0,-36.0
1776887168.5931027,5.0,-3.0,-39.0
1776887168.6031027,0.0,-4.0,-46.0
1776887168.613103,-4.0,2.0,-44.0
1776887168.623103,-2.0,0.0,-37.0
1776887168.633103,-4.0,7.0,-39.0
1776887168.6431026,-2.0,0.0,-36.0
1776887168.6531026,2.0,-2.0,-33.0
1776887168.6631026,1.0,0.0,-30.0
1776887168.6731029,3.0,0.0,-38.0
1776887168.6831028,2.0,0.0,-43.0
1776887168.6931028,1.0,-1.0,-36.0
1776887168.7031028,0.0,-1.0,-35.0
1776887168.7131028,-1.0,-1.0,-37.0
1776887168.7231028,-1.0,2.0,-37.0
1776887168.7331028,-4.0,3.0,-38.0
1776887168.7431028,-1.0,1.0,-38.0
1776887168.7531028,0.0,1.0,-35.0
1776887168.7631028,2.0,-1.0,-32.0
1776887168.7731028,3.0,-2.0,-35.0
1776887168.7831028,0.0,-2.0,-37.0
1776887168.7931027,1.0,2.0,-35.0
1776887168.8031027,4.0,3.0,-30.0
1776887168.8131027,0.0,0.0,-27.0
1776887168.8231027,-2.0,2.0,-26.0
1776887168.8331027,-6.0,1.0,-29.0
1776887168.8431027,-1.0,1.0,-28.0
1776887168.8531027,5.0,5.0,-25.0
1776887168.863103,9.0,6.0,-28.0
1776887168.873103,7.0,7.0,-26.0
1776887168.883103,4.0,8.0,-29.0
1776887168.8931026,-3.0,8.0,-37.0
1776887168.9031026,-2.0,5.0,-39.0
1776887168.9131026,0.0,7.0,-36.0
1776887168.9231029,0.0,7.0,-37.0
1776887168.9331028,0.0,4.0,-35.0
1776887168.9431028,1.0,0.0,-28.0
1776887168.9531028,3.0,0.0,-29.0
1776887168.9631028,2.0,0.0,-32.0
1776887168.9731028,6.0,2.0,-37.0
1776887168.9831028,9.0,3.0,-36.0
1776887168.9931028,6.0,2.0,-45.0
1776887169.0031028,6.0,4.0,-45.0
1776887169.0131028,2.0,4.0,-39.0
1776887169.0231028,0.0,7.0,-33.0
1776887169.0331028,-1.0,3.0,-35.0
1776887169.0431027,-2.0,2.0,-35.0
1776887169.0531027,-2.0,2.0,-43.0
1776887169.0631027,-1.0,1.0,-43.0
1776887169.0731027,0.0,2.0,-47.0
1776887169.0831027,4.0,0.0,-49.0
1776887169.0931027,4.0,0.0,-37.0
1776887169.1031027,6.0,-2.0,-35.0
1776887169.113103,3.0,0.0,-35.0
1776887169.123103,-1.0,-4.0,-31.0
1776887169.133103,-1.0,-5.0,-34.0
1776887169.1431026,0.0,-1.0,-37.0
1776887169.1531026,0.0,1.0,-45.0
1776887169.1631026,2.0,0.0,-48.0
1776887169.1731029,1.0,1.0,-46.0
1776887169.1831028,0.0,2.0,-45.0
1776887169.1931028,3.0,3.0,-44.0
1776887169.2031028,3.0,-4.0,-40.0
1776887169.2131028,5.0,-2.0,-43.0
1776887169.2231028,1.0,-3.0,-40.0
1776887169.2331028,-2.0,0.0,-29.0
1776887169.2431028,1.0,0.0,-30.0
1776887169.2531028,2.0,0.0,-36.0
1776887169.2631028,3.0,-2.0,-37.0
1776887169.2731028,1.0,0.0,-44.0
1776887169.2831028,1.0,6.0,-45.0
1776887169.2931027,4.0,7.0,-43.0
1776887169.3031027,9.0,3.0,-41.0
1776887169.3131027,4.0,2.0,-39.0
1776887169.3231027,-1.0,1.0,-40.0
1776887169.3331027,-2.0,2.0,-36.0
1776887169.3431027,0.0,1.0,-32.0
1776887169.3531027,0.0,0.0,-33.0
1776887169.363103,1.0,1.0,-32.0
1776887169.373103,2.0,-2.0,-36.0
1776887169.383103,3.0,-4.0,-30.0
1776887169.3931026,1.0,-7.0,-27.0
1776887169.4031026,-3.0,-6.0,-27.0
1776887169.4131026,-4.0,-6.0,-25.0
1776887169.4231029,0.0,-2.0,-29.0
1776887169.4331028,1.0,-2.0,-30.0
1776887169.4431028,2.0,-3.0,-28.0
1776887169.4531028,2.0,-2.0,-37.0
1776887169.4631028,-1.0,-3.0,-33.0
1776887169.4731028,0.0,-6.0,-34.0
1776887169.4831028,-1.0,-4.0,-36.0
1776887169.4931028,0.0,-6.0,-37.0
1776887169.5031028,2.0,-6.0,-39.0
1776887169.5131028,2.0,-3.0,-41.0
1776887169.5231028,4.0,-4.0,-42.0
1776887169.5331028,1.0,-3.0,-38.0
1776887169.5431027,-2.0,-1.0,-42.0
1776887169.5531027,2.0,-2.0,-42.0
1776887169.5631027,2.0,1.0,-45.0
1776887169.5731027,3.0,0.0,-42.0
1776887169.5831027,8.0,-1.0,-44.0
1776887169.5931027,6.0,-1.0,-44.0
1776887169.6031027,6.0,-5.0,-41.0
1776887169.613103,6.0,-5.0,-37.0
1776887169.623103,7.0,-4.0,-38.0
1776887169.633103,2.0,-6.0,-44.0
1776887169.6431026,3.0,-5.0,-47.0
1776887169.6531026,5.0,-6.0,-45.0
1776887169.6631026,4.0,-5.0,-39.0
1776887169.6731029,2.0,-5.0,-38.0
1776887169.6831028,4.0,-4.0,-39.0
1776887169.6931028,6.0,0.0,-46.0
1776887169.7031028,3.0,-1.0,-46.0
1776887169.7131028,1.0,-4.0,-47.0
1776887169.7231028,1.0,-2.0,-47.0
1776887169.7331028,0.0,1.0,-55.0
1776887169.7431028,-4.0,-1.0,-47.0
1776887169.7531028,-3.0,-5.0,-36.0
1776887169.7631028,1.0,-8.0,-31.0
1776887169.7731028,-1.0,-5.0,-36.0
1776887169.7831028,-3.0,-5.0,-36.0
1776887169.7931027,-6.0,-4.0,-37.0
1776887169.8031027,-5.0,-5.0,-42.0
1776887169.8131027,-4.0,-3.0,-40.0
1776887169.8231027,-2.0,-4.0,-42.0
1776887169.8331027,-2.0,-2.0,-37.0
1776887169.8431027,3.0,-5.0,-38.0
1776887169.8531027,-1.0,-1.0,-36.0
1776887169.863103,0.0,1.0,-38.0
1776887169.873103,2.0,3.0,-34.0
1776887169.883103,1.0,0.0,-30.0
1776887169.8931026,-3.0,-3.0,-28.0
1776887169.9031026,-6.0,-2.0,-24.0
1776887169.9131026,-5.0,-1.0,-33.0
1776887169.9231029,-2.0,1.0,-31.0
1776887169.9331028,-4.0,2.0,-37.0
1776887169.9431028,-4.0,-1.0,-33.0
1776887169.9541028,-6.0,-6.0,-36.0
1776887169.9641027,-9.0,-3.0,-34.0
1776887169.9731028,-6.0,-3.0,-35.0
1776887169.9841027,-7.0,-6.0,-35.0
1776887169.9941027,-8.0,-7.0,-43.0
1776887170.0041027,-2.0,-3.0,-41.0
1776887170.0141027,-2.0,-3.0,-38.0
1776887170.0241027,-1.0,-4.0,-38.0
1776887170.034103,-2.0,-3.0,-33.0
1776887170.044103,-1.0,0.0,-32.0
1776887170.054103,0.0,0.0,-21.0
1776887170.0641026,-2.0,1.0,-25.0
1776887170.0741026,-4.0,2.0,-29.0
1776887170.0841026,-7.0,-1.0,-29.0
1776887170.0941026,-6.0,0.0,-30.0
1776887170.1041028,-4.0,0.0,-33.0
1776887170.1141028,-2.0,2.0,-33.0
1776887170.1241028,-1.0,0.0,-35.0
1776887170.1341028,-6.0,1.0,-40.0
1776887170.1441028,-1.0,2.0,-38.0
1776887170.1541028,3.0,3.0,-43.0
1776887170.1641028,2.0,2.0,-46.0
1776887170.1741028,5.0,1.0,-43.0
1776887170.1841028,2.0,1.0,-34.0
1776887170.1941028,3.0,0.0,-31.0
1776887170.2041028,4.0,0.0,-28.0
1776887170.2141027,4.0,-1.0,-21.0
1776887170.2241027,0.0,0.0,-25.0
1776887170.2341027,0.0,2.0,-32.0
1776887170.2441027,-5.0,1.0,-34.0
1776887170.2541027,-4.0,0.0,-38.0
1776887170.2641027,-5.0,-3.0,-35.0
1776887170.2741027,-6.0,-2.0,-36.0
1776887170.284103,-5.0,-2.0,-38.0
1776887170.294103,-5.0,0.0,-40.0
1776887170.304103,-6.0,1.0,-38.0
1776887170.3141026,-4.0,-2.0,-42.0
1776887170.3241026,-6.0,-5.0,-46.0
1776887170.3341026,-7.0,-5.0,-41.0
1776887170.3441026,-2.0,-6.0,-39.0
1776887170.3541028,-4.0,-1.0,-44.0
1776887170.3641028,-5.0,-4.0,-41.0
1776887170.3741028,-7.0,-4.0,-36.0
1776887170.3841028,-3.0,-2.0,-31.0
1776887170.3941028,-1.0,-3.0,-33.0
1776887170.4041028,-1.0,-3.0,-34.0
1776887170.4141028,2.0,-3.0,-37.0
1776887170.4241028,0.0,0.0,-47.0
1776887170.4341028,-2.0,4.0,-43.0
1776887170.4441028,0.0,3.0,-45.0
1776887170.4541028,0.0,2.0,-42.0
1776887170.4641027,0.0,6.0,-36.0
1776887170.4741027,-1.0,5.0,-31.0
1776887170.4841027,1.0,3.0,-24.0
1776887170.4941027,1.0,2.0,-27.0
1776887170.5041027,2.0,2.0,-32.0
1776887170.5141027,0.0,1.0,-39.0
1776887170.5241027,1.0,3.0,-37.0
1776887170.534103,3.0,5.0,-33.0
1776887170.544103,3.0,0.0,-39.0
1776887170.554103,0.0,-2.0,-38.0
1776887170.5641026,-1.0,-7.0,-37.0
1776887170.5741026,-3.0,-8.0,-39.0
1776887170.5841026,-3.0,-3.0,-34.0
1776887170.5941026,-1.0,-2.0,-31.0
1776887170.6041028,4.0,0.0,-36.0
1776887170.6141028,1.0,0.0,-36.0
1776887170.6241028,-6.0,2.0,-31.0
1776887170.6341028,-4.0,2.0,-37.0
1776887170.6441028,0.0,3.0,-38.0
1776887170.6541028,-2.0,2.0,-41.0
1776887170.6641028,-2.0,3.0,-34.0
1776887170.6741028,-1.0,8.0,-39.0
1776887170.6841028,0.0,6.0,-39.0
1776887170.6941028,4.0,4.0,-32.0
1776887170.7041028,3.0,7.0,-29.0
1776887170.7141027,4.0,4.0,-27.0
1776887170.7241027,6.0,0.0,-25.0
1776887170.7341027,2.0,-1.0,-28.0
1776887170.7441027,2.0,-3.0,-32.0
1776887170.7541027,0.0,-2.0,-39.0
1776887170.7641027,0.0,-1.0,-35.0
1776887170.7741027,0.0,-1.0,-35.0
1776887170.784103,-1.0,1.0,-34.0
1776887170.794103,-7.0,-2.0,-37.0
1776887170.804103,-1.0,-4.0,-30.0
1776887170.8141026,1.0,-2.0,-33.0
1776887170.8241026,-1.0,-2.0,-39.0
1776887170.8341026,0.0,-3.0,-42.0
1776887170.8441026,1.0,0.0,-41.0
1776887170.8541028,1.0,-1.0,-40.0
1776887170.8641028,5.0,-1.0,-34.0
1776887170.8741028,4.0,1.0,-34.0
1776887170.8841028,6.0,0.0,-28.0
1776887170.8941028,7.0,-1.0,-21.0
1776887170.9041028,4.0,-3.0,-20.0
1776887170.9141028,2.0,-6.0,-30.0
1776887170.9241028,1.0,-6.0,-37.0
1776887170.9341028,-1.0,-1.0,-41.0
1776887170.9441028,-2.0,-3.0,-44.0
1776887170.9541028,1.0,-4.0,-42.0
1776887170.9641027,3.0,-3.0,-35.0
1776887170.9741027,1.0,-3.0,-38.0
1776887170.9841027,4.0,0.0,-39.0
1776887170.9941027,3.0,-3.0,-35.0
1776887171.0041027,2.0,-6.0,-30.0
1776887171.0141027,2.0,-7.0,-33.0
1776887171.0241027,2.0,-8.0,-29.0
1776887171.034103,2.0,-7.0,-31.0
1776887171.044103,0.0,-6.0,-37.0
1776887171.054103,0.0,-5.0,-39.0
1776887171.0641026,0.0,-3.0,-41.0
1776887171.0741026,2.0,-1.0,-40.0
1776887171.0841026,0.0,-1.0,-35.0
1776887171.0941026,3.0,1.0,-32.0
1776887171.1041028,3.0,0.0,-33.0
1776887171.1141028,3.0,-1.0,-37.0
1776887171.1241028,3.0,-1.0,-38.0
1776887171.1341028,1.0,-4.0,-36.0
1776887171.1441028,-3.0,-4.0,-31.0
1776887171.1541028,-8.0,-4.0,-32.0
1776887171.1641028,-6.0,-1.0,-32.0
1776887171.1741028,-1.0,0.0,-33.0
1776887171.1841028,-3.0,2.0,-38.0
1776887171.1941028,-3.0,0.0,-39.0
1776887171.2041028,-1.0,-1.0,-36.0
1776887171.2141027,-1.0,0.0,-37.0
1776887171.2241027,0.0,-2.0,-39.0
1776887171.2341027,-1.0,-4.0,-36.0
1776887171.2441027,-5.0,-3.0,-37.0
1776887171.2541027,-3.0,-4.0,-38.0
1776887171.2641027,-4.0,-5.0,-42.0
1776887171.2741027,-5.0,-7.0,-40.0
1776887171.284103,-3.0,-7.0,-39.0
1776887171.294103,-4.0,-3.0,-37.0
1776887171.304103,-3.0,-5.0,-37.0
1776887171.3141026,0.0,-7.0,-32.0
1776887171.3241026,0.0,-4.0,-35.0
1776887171.3341026,3.0,0.0,-39.0
1776887171.3441026,6.0,0.0,-40.0
1776887171.3541028,4.0,0.0,-33.0
1776887171.3641028,1.0,2.0,-33.0
1776887171.3741028,1.0,3.0,-35.0
1776887171.3841028,2.0,2.0,-36.0
1776887171.3941028,0.0,0.0,-37.0
1776887171.4041028,1.0,-6.0,-33.0
1776887171.4141028,1.0,-6.0,-36.0
1776887171.4241028,6.0,-1.0,-35.0
1776887171.4341028,3.0,-2.0,-35.0
1776887171.4441028,2.0,-2.0,-37.0
1776887171.4541028,0.0,0.0,-42.0
1776887171.4641027,-2.0,0.0,-44.0
1776887171.4741027,-3.0,0.0,-40.0
1776887171.4841027,2.0,0.0,-33.0
1776887171.4941027,5.0,0.0,-35.0
1776887171.5041027,8.0,-5.0,-28.0
1776887171.5141027,9.0,-1.0,-25.0
1776887171.5241027,9.0,0.0,-25.0
1776887171.534103,8.0,-5.0,-27.0
1776887171.544103,7.0,-5.0,-28.0
1776887171.554103,8.0,-6.0,-29.0
1776887171.5641026,7.0,-1.0,-35.0
1776887171.5741026,3.0,1.0,-40.0
1776887171.5841026,4.0,0.0,-43.0
1776887171.5941026,2.0,0.0,-36.0
1776887171.6041028,0.0,-1.0,-36.0
1776887171.6141028,-3.0,3.0,-36.0
1776887171.6241028,2.0,6.0,-42.0
1776887171.6341028,4.0,7.0,-38.0
1776887171.6441028,3.0,6.0,-30.0
1776887171.6541028,2.0,7.0,-28.0
1776887171.6641028,-2.0,8.0,-36.0
1776887171.6741028,-1.0,12.0,-32.0
1776887171.6841028,2.0,13.0,-33.0
1776887171.6941028,5.0,13.0,-36.0
1776887171.7041028,6.0,6.0,-32.0
1776887171.7141027,1.0,6.0,-35.0
1776887171.7241027,-2.0,0.0,-38.0
1776887171.7341027,-2.0,-3.0,-35.0
1776887171.7441027,0.0,-4.0,-34.0
1776887171.7541027,0.0,-7.0,-29.0
1776887171.7641027,2.0,-6.0,-30.0
1776887171.7741027,-1.0,-7.0,-35.0
1776887171.784103,0.0,-4.0,-39.0
1776887171.794103,-2.0,-7.0,-44.0
1776887171.804103,0.0,-7.0,-51.0
1776887171.8141026,1.0,-6.0,-44.0
1776887171.8241026,1.0,-3.0,-38.0
1776887171.8341026,2.0,0.0,-39.0
1776887171.8441026,2.0,0.0,-38.0
1776887171.8541028,6.0,1.0,-39.0
1776887171.8641028,2.0,3.0,-37.0
1776887171.8741028,2.0,1.0,-40.0
1776887171.8841028,0.0,-1.0,-41.0
1776887171.8941028,-1.0,-2.0,-45.0
1776887171.9041028,1.0,1.0,-44.0
1776887171.9141028,-1.0,0.0,-46.0
1776887171.9241028,1.0,-4.0,-42.0
1776887171.9341028,0.0,-7.0,-45.0
1776887171.9451027,-1.0,-7.0,-43.0
1776887171.9551027,-2.0,-3.0,-45.0
1776887171.965103,-3.0,0.0,-40.0
1776887171.975103,-2.0,0.0,-37.0
1776887171.985103,-6.0,1.0,-43.0
1776887171.9951026,-2.0,2.0,-36.0
1776887172.0051026,-3.0,0.0,-34.0
1776887172.0151026,1.0,2.0,-31.0
1776887172.0251029,3.0,6.0,-35.0
1776887172.0351028,3.0,7.0,-42.0
1776887172.0451028,-1.0,1.0,-45.0
1776887172.0551028,-5.0,-3.0,-46.0
1776887172.0651028,-2.0,-2.0,-42.0
1776887172.0751028,-1.0,-1.0,-46.0
1776887172.0851028,-5.0,1.0,-47.0
1776887172.0951028,-1.0,0.0,-39.0
1776887172.1051028,1.0,3.0,-37.0
1776887172.1151028,-2.0,1.0,-36.0
1776887172.1251028,-1.0,4.0,-34.0
1776887172.1351027,1.0,2.0,-46.0
1776887172.1451027,2.0,1.0,-37.0
1776887172.1551027,5.0,6.0,-38.0
1776887172.1651027,6.0,5.0,-36.0
1776887172.1751027,7.0,5.0,-36.0
1776887172.1851027,7.0,4.0,-36.0
1776887172.1951027,8.0,0.0,-38.0
1776887172.2051027,6.0,0.0,-35.0
1776887172.215103,5.0,3.0,-38.0
1776887172.225103,6.0,4.0,-36.0
1776887172.235103,10.0,3.0,-32.0
1776887172.2451026,8.0,0.0,-36.0
1776887172.2551026,6.0,0.0,-38.0
1776887172.2651026,7.0,-1.0,-39.0
1776887172.2751029,7.0,0.0,-40.0
1776887172.2851028,6.0,-1.0,-39.0
1776887172.2951028,8.0,-2.0,-34.0
1776887172.3051028,7.0,-1.0,-33.0
1776887172.3151028,9.0,0.0,-32.0
1776887172.3251028,10.0,0.0,-33.0
1776887172.3351028,8.0,2.0,-35.0
1776887172.3451028,2.0,1.0,-37.0
1776887172.3551028,-1.0,3.0,-39.0
1776887172.3651028,-3.0,1.0,-33.0
1776887172.3751028,-4.0,2.0,-34.0
1776887172.3851027,-3.0,-1.0,-38.0
1776887172.3951027,2.0,1.0,-37.0
1776887172.4051027,0.0,-2.0,-42.0
1776887172.4151027,0.0,-3.0,-42.0
1776887172.4251027,0.0,-1.0,-41.0
1776887172.4351027,1.0,-1.0,-42.0
1776887172.4451027,5.0,3.0,-41.0
1776887172.4551027,8.0,2.0,-43.0
1776887172.465103,2.0,-2.0,-44.0
1776887172.475103,-1.0,-2.0,-41.0
1776887172.485103,-1.0,-4.0,-36.0
1776887172.4951026,-1.0,-2.0,-31.0
1776887172.5051026,-1.0,1.0,-31.0
1776887172.5151026,-1.0,1.0,-27.0
1776887172.5251029,0.0,3.0,-24.0
1776887172.5351028,0.0,5.0,-23.0
1776887172.5451028,-1.0,3.0,-24.0
1776887172.5551028,-1.0,3.0,-32.0
1776887172.5651028,2.0,7.0,-33.0
1776887172.5751028,0.0,3.0,-33.0
1776887172.5851028,0.0,1.0,-36.0
1776887172.5951028,3.0,1.0,-40.0
1776887172.6051028,4.0,2.0,-32.0
1776887172.6151028,5.0,-1.0,-34.0
1776887172.6251028,2.0,-1.0,-32.0
1776887172.6351027,-1.0,-4.0,-39.0
1776887172.6451027,-5.0,-3.0,-43.0
1776887172.6551027,-9.0,-3.0,-44.0
1776887172.6651027,-10.0,-2.0,-37.0
1776887172.6751027,-9.0,-1.0,-38.0
1776887172.6851027,-12.0,0.0,-42.0
1776887172.6951027,-8.0,-3.0,-42.0
1776887172.7051027,-10.0,1.0,-49.0
1776887172.715103,-6.0,3.0,-49.0
1776887172.725103,-3.0,0.0,-44.0
1776887172.735103,0.0,0.0,-45.0
1776887172.7451026,-1.0,-2.0,-52.0
1776887172.7551026,-5.0,-7.0,-52.0
1776887172.7651026,-2.0,-6.0,-50.0
1776887172.7751029,-2.0,-5.0,-46.0
1776887172.7851028,-1.0,-4.0,-46.0
1776887172.7951028,-3.0,-3.0,-46.0
1776887172.8051028,-2.0,-1.0,-41.0
1776887172.8151028,-3.0,-1.0,-38.0
1776887172.8251028,-4.0,-6.0,-33.0
1776887172.8351028,-8.0,-7.0,-40.0
1776887172.8451028,-2.0,-7.0,-42.0
1776887172.8551028,-3.0,-8.0,-41.0
1776887172.8651028,-5.0,-6.0,-37.0
1776887172.8751028,-3.0,-2.0,-38.0
1776887172.8851027,-4.0,-3.0,-39.0
1776887172.8951027,-4.0,-2.0,-37.0
1776887172.9051027,-5.0,-2.0,-36.0
1776887172.9151027,-1.0,-4.0,-38.0
1776887172.9251027,0.0,-4.0,-39.0
1776887172.9351027,-4.0,0.0,-35.0
1776887172.9451027,-2.0,5.0,-27.0
1776887172.9551027,-3.0,6.0,-31.0
1776887172.965103,0.0,5.0,-42.0
1776887172.975103,1.0,5.0,-44.0
1776887172.985103,3.0,5.0,-39.0
1776887172.9951026,4.0,0.0,-43.0
1776887173.0051026,4.0,1.0,-42.0
1776887173.0151026,4.0,6.0,-40.0
1776887173.0251029,0.0,4.0,-37.0
1776887173.0351028,3.0,6.0,-39.0
1776887173.0451028,4.0,6.0,-37.0
1776887173.0551028,0.0,6.0,-47.0
1776887173.0651028,-1.0,8.0,-46.0
1776887173.0751028,-4.0,6.0,-42.0
1776887173.0851028,-3.0,10.0,-40.0
1776887173.0951028,-7.0,5.0,-37.0
1776887173.1051028,-7.0,4.0,-40.0
1776887173.1151028,-5.0,2.0,-43.0
1776887173.1251028,-2.0,2.0,-47.0
1776887173.1351027,-4.0,0.0,-46.0
1776887173.1451027,-2.0,-1.0,-37.0
1776887173.1551027,-4.0,0.0,-39.0
1776887173.1651027,0.0,-1.0,-41.0
1776887173.1751027,1.0,-1.0,-36.0
1776887173.1851027,3.0,0.0,-35.0
1776887173.1951027,5.0,-1.0,-33.0
1776887173.2051027,3.0,-3.0,-29.0
1776887173.215103,1.0,-8.0,-35.0
1776887173.225103,1.0,-7.0,-41.0
1776887173.235103,-2.0,-9.0,-42.0
1776887173.2451026,-6.0,-6.0,-35.0
1776887173.2551026,-5.0,-3.0,-31.0
1776887173.2651026,0.0,1.0,-33.0
1776887173.2751029,-4.0,0.0,-28.0
1776887173.2851028,-3.0,0.0,-29.0
1776887173.2951028,-4.0,-3.0,-33.0
1776887173.3051028,-4.0,-4.0,-36.0
1776887173.3151028,1.0,-4.0,-37.0
1776887173.3251028,2.0,0.0,-38.0
1776887173.3351028,2.0,0.0,-34.0
1776887173.3451028,4.0,-5.0,-36.0
1776887173.3551028,4.0,-3.0,-39.0
1776887173.3651028,3.0,-2.0,-29.0
1776887173.3751028,3.0,-1.0,-25.0
1776887173.3851027,8.0,-3.0,-26.0
1776887173.3951027,4.0,0.0,-32.0
1776887173.4051027,3.0,-2.0,-30.0
1776887173.4151027,3.0,-5.0,-24.0
1776887173.4251027,5.0,-8.0,-30.0
1776887173.4351027,6.0,-8.0,-30.0
1776887173.4451027,4.0,-8.0,-31.0
1776887173.4551027,7.0,-2.0,-33.0
1776887173.465103,4.0,1.0,-30.0
1776887173.475103,2.0,-3.0,-31.0
1776887173.485103,1.0,-8.0,-26.0
1776887173.4951026,2.0,-7.0,-31.0
1776887173.5051026,0.0,-7.0,-37.0
1776887173.5151026,0.0,-3.0,-39.0
1776887173.5251029,1.0,-1.0,-38.0
1776887173.5351028,0.0,-1.0,-40.0
1776887173.5451028,0.0,0.0,-32.0
1776887173.5551028,0.0,5.0,-31.0
1776887173.5651028,2.0,3.0,-30.0
1776887173.5751028,3.0,0.0,-28.0
1776887173.5851028,2.0,-1.0,-26.0
1776887173.5951028,1.0,-7.0,-28.0
1776887173.6051028,-3.0,-3.0,-31.0
1776887173.6151028,-3.0,-5.0,-31.0
1776887173.6251028,1.0,-7.0,-33.0
1776887173.6351027,4.0,-2.0,-42.0
1776887173.6451027,4.0,0.0,-43.0
1776887173.6551027,2.0,-4.0,-50.0
1776887173.6651027,3.0,-8.0,-50.0
1776887173.6751027,5.0,-6.0,-45.0
1776887173.6851027,5.0,-5.0,-45.0
1776887173.6951027,1.0,-3.0,-44.0
1776887173.7051027,-3.0,0.0,-46.0
1776887173.715103,-5.0,4.0,-43.0
1776887173.725103,-7.0,1.0,-43.0
1776887173.735103,-7.0,0.0,-44.0
1776887173.7451026,-9.0,0.0,-38.0
1776887173.7551026,-10.0,-5.0,-40.0
1776887173.7651026,-8.0,-2.0,-42.0
1776887173.7751029,-3.0,-2.0,-40.0
1776887173.7851028,-2.0,-4.0,-45.0
1776887173.7951028,-2.0,-2.0,-50.0
1776887173.8051028,-7.0,0.0,-43.0
1776887173.8151028,-6.0,2.0,-44.0
1776887173.8251028,-2.0,1.0,-40.0
1776887173.8351028,-8.0,1.0,-35.0
1776887173.8451028,-5.0,3.0,-37.0
1776887173.8551028,0.0,3.0,-35.0
1776887173.8651028,0.0,0.0,-31.0
1776887173.8751028,-1.0,-1.0,-27.0
1776887173.8851027,6.0,-2.0,-30.0
1776887173.8951027,7.0,-3.0,-33.0
1776887173.9051027,4.0,-3.0,-41.0
1776887173.9151027,1.0,-4.0,-39.0
1776887173.9251027,0.0,-3.0,-37.0
1776887173.9351027,0.0,-4.0,-31.0
1776887173.9451027,1.0,0.0,-30.0
1776887173.9551027,2.0,2.0,-31.0
1776887173.9661028,1.0,0.0,-30.0
1776887173.9761028,-1.0,-1.0,-33.0
1776887173.9861028,0.0,-1.0,-33.0
1776887173.9961028,5.0,-1.0,-34.0
1776887174.0061028,7.0,-6.0,-31.0
1776887174.0161028,8.0,-7.0,-35.0
1776887174.0261028,7.0,-4.0,-35.0
1776887174.0361028,4.0,0.0,-34.0
1776887174.0461028,4.0,-1.0,-33.0
1776887174.0561028,1.0,1.0,-28.0
1776887174.0661027,5.0,-2.0,-28.0
1776887174.0761027,8.0,-5.0,-23.0
1776887174.0861027,6.0,-6.0,-30.0
1776887174.0961027,5.0,-8.0,-31.0
1776887174.1061027,5.0,-9.0,-33.0
1776887174.1161027,3.0,-6.0,-33.0
1776887174.1261027,4.0,-7.0,-38.0
1776887174.136103,0.0,-4.0,-37.0
1776887174.146103,-1.0,-1.0,-46.0
1776887174.156103,-5.0,0.0,-46.0
1776887174.1661026,-7.0,0.0,-44.0
1776887174.1761026,-4.0,-4.0,-45.0
1776887174.1861026,-4.0,-3.0,-45.0
1776887174.1961029,-2.0,-3.0,-43.0
1776887174.2061028,-2.0,-3.0,-45.0
1776887174.2161028,-1.0,1.0,-44.0
1776887174.2261028,0.0,1.0,-41.0
1776887174.2361028,0.0,-1.0,-41.0
1776887174.2461028,-1.0,-2.0,-40.0
1776887174.2561028,-2.0,-1.0,-39.0
1776887174.2661028,-2.0,0.0,-41.0
1776887174.2761028,3.0,-3.0,-41.0
1776887174.2861028,0.0,-6.0,-40.0
1776887174.2961028,4.0,-7.0,-36.0
1776887174.3061028,3.0,-4.0,-37.0
1776887174.3161027,2.0,-4.0,-39.0
1776887174.3261027,-3.0,-5.0,-44.0
1776887174.3361027,0.0,-5.0,-39.0
1776887174.3461027,0.0,-2.0,-41.0
1776887174.3561027,-1.0,-7.0,-43.0
1776887174.3661027,-3.0,-13.0,-41.0
1776887174.3761027,-3.0,-8.0,-40.0
1776887174.386103,-6.0,-7.0,-39.0
1776887174.396103,-10.0,-5.0,-40.0
1776887174.406103,-14.0,-5.0,-38.0
1776887174.4161026,-12.0,-3.0,-43.0
1776887174.4261026,-10.0,-4.0,-39.0
1776887174.4361026,-10.0,-5.0,-36.0
1776887174.4461029,-7.0,-4.0,-35.0
1776887174.4561028,-2.0,-2.0,-37.0
1776887174.4661028,1.0,0.0,-46.0
1776887174.4761028,0.0,0.0,-45.0
1776887174.4861028,-1.0,1.0,-37.0
1776887174.4961028,2.0,-2.0,-34.0
1776887174.5061028,3.0,-6.0,-34.0
1776887174.5161028,0.0,-8.0,-34.0
1776887174.5261028,7.0,-8.0,-39.0
1776887174.5361028,6.0,-5.0,-41.0
1776887174.5461028,8.0,-8.0,-44.0
1776887174.5561028,6.0,-5.0,-44.0
1776887174.5661027,5.0,-1.0,-43.0
1776887174.5761027,4.0,2.0,-35.0
1776887174.5861027,1.0,3.0,-35.0
1776887174.5961027,5.0,0.0,-38.0
1776887174.6061027,2.0,-4.0,-40.0
1776887174.6161027,-1.0,-6.0,-38.0
1776887174.6261027,-1.0,-5.0,-43.0
1776887174.636103,2.0,-3.0,-44.0
1776887174.646103,2.0,-4.0,-43.0
1776887174.656103,-1.0,-3.0,-42.0
1776887174.6661026,-1.0,-3.0,-39.0
1776887174.6761026,0.0,-1.0,-39.0
1776887174.6861026,0.0,-3.0,-34.0
1776887174.6961029,-1.0,3.0,-32.0
1776887174.7061028,-1.0,3.0,-37.0
1776887174.7161028,3.0,0.0,-29.0
1776887174.7261028,0.0,2.0,-33.0
1776887174.7361028,2.0,3.0,-33.0
1776887174.7461028,0.0,4.0,-38.0
1776887174.7561028,1.0,0.0,-40.0
1776887174.7661028,0.0,-3.0,-42.0
1776887174.7761028,0.0,-2.0,-36.0
1776887174.7861028,1.0,0.0,-35.0
1776887174.7961028,2.0,0.0,-32.0
1776887174.8061028,-1.0,-2.0,-36.0
1776887174.8161027,3.0,-3.0,-37.0
1776887174.8261027,6.0,-1.0,-34.0
1776887174.8361027,2.0,1.0,-36.0
1776887174.8461027,2.0,4.0,-41.0
1776887174.8561027,-1.0,3.0,-38.0
1776887174.8661027,0.0,-2.0,-36.0
1776887174.8761027,0.0,3.0,-38.0
1776887174.886103,-3.0,4.0,-42.0
1776887174.896103,-4.0,0.0,-47.0
1776887174.906103,-5.0,-5.0,-48.0
1776887174.9161026,-11.0,-8.0,-53.0
1776887174.9261026,-7.0,-7.0,-42.0
1776887174.9361026,-6.0,-1.0,-43.0
1776887174.9461029,0.0,-2.0,-41.0
1776887174.9561028,5.0,0.0,-38.0
1776887174.9661028,2.0,0.0,-34.0
1776887174.9761028,0.0,-3.0,-37.0
1776887174.9861028,-3.0,-5.0,-38.0
1776887174.9961028,-5.0,-3.0,-36.0
1776887175.0061028,-6.0,0.0,-35.0
1776887175.0161028,-4.0,4.0,-35.0
1776887175.0261028,3.0,6.0,-37.0
1776887175.0361028,9.0,4.0,-37.0
1776887175.0461028,8.0,4.0,-41.0
1776887175.0561028,2.0,3.0,-32.0
1776887175.0661027,-1.0,3.0,-32.0
1776887175.0761027,-2.0,5.0,-29.0
1776887175.0861027,1.0,10.0,-35.0
1776887175.0961027,4.0,6.0,-32.0
1776887175.1061027,0.0,5.0,-43.0
1776887175.1161027,-1.0,2.0,-44.0
1776887175.1261027,1.0,0.0,-43.0
1776887175.136103,0.0,-1.0,-41.0
1776887175.146103,-3.0,-8.0,-38.0
1776887175.156103,0.0,-9.0,-37.0
1776887175.1661026,1.0,-5.0,-42.0
1776887175.1761026,1.0,-6.0,-38.0
1776887175.1861026,0.0,-8.0,-31.0
1776887175.1961029,1.0,-5.0,-25.0
1776887175.2061028,-1.0,-3.0,-31.0
1776887175.2161028,-2.0,-1.0,-31.0
1776887175.2261028,-3.0,1.0,-28.0
1776887175.2361028,-1.0,1.0,-28.0
1776887175.2461028,1.0,2.0,-28.0
1776887175.2561028,1.0,3.0,-30.0
1776887175.2661028,2.0,4.0,-35.0
1776887175.2761028,2.0,0.0,-35.0
1776887175.2861028,-2.0,2.0,-41.0
1776887175.2961028,0.0,0.0,-44.0
1776887175.3061028,-2.0,2.0,-39.0
1776887175.3161027,-5.0,0.0,-45.0
1776887175.3261027,-6.0,0.0,-39.0
1776887175.3361027,-1.0,0.0,-38.0
1776887175.3461027,-3.0,0.0,-39.0
1776887175.3561027,0.0,3.0,-48.0
1776887175.3661027,0.0,2.0,-46.0
1776887175.3761027,0.0,0.0,-40.0
1776887175.386103,0.0,0.0,-42.0
1776887175.396103,-2.0,4.0,-42.0
1776887175.406103,-7.0,0.0,-40.0
1776887175.4161026,-5.0,0.0,-36.0
1776887175.4261026,-2.0,-1.0,-31.0
1776887175.4361026,0.0,0.0,-32.0
1776887175.4461029,2.0,0.0,-37.0
1776887175.4561028,1.0,-2.0,-42.0
1776887175.4661028,-1.0,-3.0,-37.0
1776887175.4761028,-7.0,-1.0,-31.0
1776887175.4861028,-7.0,2.0,-42.0
1776887175.4961028,-6.0,6.0,-43.0
1776887175.5061028,-4.0,4.0,-41.0
1776887175.5161028,-8.0,1.0,-40.0
1776887175.5261028,-3.0,1.0,-33.0
1776887175.5361028,-3.0,7.0,-37.0
1776887175.5461028,-2.0,6.0,-38.0
1776887175.5561028,-2.0,6.0,-39.0
1776887175.5661027,-2.0,8.0,-37.0
1776887175.5761027,0.0,10.0,-32.0
1776887175.5861027,0.0,6.0,-39.0
1776887175.5961027,1.0,2.0,-40.0
1776887175.6061027,4.0,1.0,-40.0
1776887175.6161027,2.0,2.0,-35.0
1776887175.6261027,1.0,1.0,-35.0
1776887175.636103,0.0,3.0,-38.0
1776887175.646103,0.0,2.0,-37.0
1776887175.656103,-2.0,-1.0,-36.0
1776887175.6661026,0.0,0.0,-36.0
1776887175.6761026,3.0,0.0,-33.0
1776887175.6861026,4.0,0.0,-35.0
1776887175.6961029,2.0,0.0,-35.0
1776887175.7061028,2.0,0.0,-41.0
1776887175.7161028,-3.0,0.0,-42.0
1776887175.7261028,-8.0,2.0,-50.0
1776887175.7361028,-9.0,0.0,-40.0
1776887175.7461028,-6.0,0.0,-42.0
1776887175.7561028,0.0,3.0,-36.0
1776887175.7661028,4.0,2.0,-35.0
1776887175.7761028,7.0,4.0,-35.0
1776887175.7861028,8.0,3.0,-32.0
1776887175.7961028,7.0,0.0,-39.0
1776887175.8061028,7.0,-2.0,-40.0
1776887175.8161027,6.0,2.0,-34.0
1776887175.8261027,5.0,8.0,-36.0
1776887175.8361027,0.0,8.0,-34.0
1776887175.8461027,2.0,5.0,-36.0
1776887175.8561027,0.0,3.0,-32.0
1776887175.8661027,1.0,4.0,-39.0
1776887175.8761027,-2.0,1.0,-36.0
1776887175.886103,-4.0,-2.0,-37.0
1776887175.896103,0.0,-3.0,-36.0
1776887175.906103,0.0,-6.0,-34.0
1776887175.9161026,-4.0,-5.0,-33.0
1776887175.9261026,-4.0,-9.0,-39.0
1776887175.9361026,-3.0,-10.0,-37.0
1776887175.9471028,-1.0,-11.0,-36.0
1776887175.9571028,0.0,-8.0,-41.0
1776887175.9671028,4.0,-9.0,-41.0
1776887175.9771028,2.0,-12.0,-47.0
1776887175.9871027,-1.0,-9.0,-49.0
1776887175.9971027,0.0,-10.0,-41.0
1776887176.0071027,1.0,-6.0,-39.0
1776887176.0171027,3.0,-5.0,-31.0
1776887176.0271027,4.0,-9.0,-37.0
1776887176.0381026,0.0,-7.0,-38.0
1776887176.0471027,1.0,-1.0,-37.0
1776887176.057103,0.0,0.0,-37.0
1776887176.067103,-2.0,-3.0,-39.0
1776887176.077103,-3.0,-3.0,-35.0
1776887176.087103,-3.0,1.0,-32.0
1776887176.0971026,-8.0,5.0,-37.0
1776887176.1071026,-6.0,3.0,-40.0
1776887176.1171026,-5.0,4.0,-35.0
1776887176.1271029,-10.0,3.0,-34.0
1776887176.1371028,-11.0,3.0,-30.0
1776887176.1471028,-12.0,0.0,-28.0
1776887176.1571028,-5.0,-1.0,-35.0
1776887176.1671028,-1.0,-2.0,-33.0
1776887176.1771028,1.0,1.0,-34.0
1776887176.1871028,1.0,3.0,-41.0
1776887176.1971028,1.0,1.0,-45.0
1776887176.2071028,3.0,2.0,-37.0
1776887176.2171028,3.0,3.0,-32.0
1776887176.2271028,6.0,5.0,-34.0
1776887176.2371027,2.0,4.0,-27.0
1776887176.2471027,5.0,1.0,-28.0
1776887176.2571027,3.0,0.0,-38.0
1776887176.2671027,3.0,1.0,-44.0
1776887176.2771027,0.0,-1.0,-44.0
1776887176.2871027,2.0,-5.0,-36.0
1776887176.2971027,3.0,-2.0,-31.0
1776887176.307103,3.0,-4.0,-38.0
1776887176.317103,0.0,0.0,-41.0
1776887176.327103,2.0,0.0,-44.0
1776887176.337103,3.0,0.0,-39.0
1776887176.3471026,6.0,2.0,-40.0
1776887176.3571026,4.0,6.0,-46.0
1776887176.3671026,6.0,6.0,-51.0
1776887176.3771029,4.0,5.0,-51.0
1776887176.3871028,4.0,7.0,-39.0
1776887176.3971028,2.0,11.0,-38.0
1776887176.4071028,5.0,10.0,-33.0
1776887176.4171028,3.0,7.0,-31.0
1776887176.4271028,1.0,4.0,-27.0
1776887176.4371028,1.0,5.0,-30.0
1776887176.4471028,0.0,3.0,-34.0
1776887176.4571028,1.0,1.0,-40.0
1776887176.4671028,-3.0,2.0,-40.0
1776887176.4771028,0.0,0.0,-37.0
1776887176.4871027,-3.0,-5.0,-34.0
1776887176.4971027,-2.0,-6.0,-33.0
1776887176.5071027,-2.0,-5.0,-36.0
1776887176.5171027,-5.0,-3.0,-36.0
1776887176.5271027,-4.0,-2.0,-39.0
1776887176.5371027,-4.0,-2.0,-39.0
1776887176.5471027,-4.0,-1.0,-36.0
1776887176.557103,0.0,-3.0,-35.0
1776887176.567103,-6.0,0.0,-32.0
1776887176.577103,-6.0,1.0,-27.0
1776887176.587103,-2.0,-7.0,-34.0
1776887176.5971026,0.0,-6.0,-32.0
1776887176.6071026,0.0,-3.0,-35.0
1776887176.6171026,0.0,0.0,-44.0
1776887176.6271029,0.0,1.0,-44.0
1776887176.6371028,3.0,1.0,-47.0
1776887176.6471028,3.0,0.0,-45.0
1776887176.6571028,4.0,3.0,-43.0
1776887176.6671028,6.0,0.0,-40.0
1776887176.6771028,6.0,-1.0,-45.0
1776887176.6871028,7.0,-4.0,-48.0
1776887176.6971028,4.0,-5.0,-47.0
1776887176.7071028,1.0,-5.0,-47.0
1776887176.7171028,1.0,-5.0,-60.0
1776887176.7271028,0.0,-4.0,-60.0
1776887176.7371027,1.0,-5.0,-58.0
1776887176.7471027,2.0,-4.0,-56.0
1776887176.7571027,1.0,-7.0,-54.0
1776887176.7671027,-1.0,-6.0,-47.0
1776887176.7771027,2.0,-2.0,-38.0
1776887176.7871027,0.0,-6.0,-38.0
1776887176.7971027,-4.0,-5.0,-41.0
1776887176.807103,-5.0,-7.0,-38.0
1776887176.817103,-4.0,-6.0,-35.0
1776887176.827103,-6.0,-5.0,-35.0
1776887176.837103,-5.0,-1.0,-40.0
1776887176.8471026,-3.0,-1.0,-35.0
1776887176.8571026,-2.0,0.0,-35.0
1776887176.8671026,2.0,0.0,-42.0
1776887176.8771029,2.0,-2.0,-40.0
1776887176.8871028,1.0,-5.0,-35.0
1776887176.8971028,5.0,-1.0,-33.0
1776887176.9071028,6.0,-5.0,-34.0
1776887176.9171028,4.0,-6.0,-33.0
1776887176.9271028,5.0,-3.0,-36.0
1776887176.9371028,7.0,-4.0,-35.0
1776887176.9471028,7.0,-2.0,-34.0
1776887176.9571028,-1.0,-1.0,-35.0
1776887176.9671028,0.0,0.0,-33.0
1776887176.9771028,-2.0,-2.0,-36.0
1776887176.9871027,-4.0,-3.0,-32.0
1776887176.9971027,-8.0,-1.0,-35.0
1776887177.0071027,-5.0,3.0,-38.0
1776887177.0171027,-4.0,3.0,-34.0
1776887177.0271027,-3.0,5.0,-38.0
1776887177.0371027,1.0,3.0,-40.0
1776887177.0471027,5.0,3.0,-46.0
1776887177.057103,1.0,6.0,-53.0
1776887177.067103,-6.0,0.0,-48.0
1776887177.077103,-7.0,-2.0,-41.0
1776887177.087103,-5.0,-2.0,-40.0
1776887177.0971026,-3.0,-2.0,-47.0
1776887177.1071026,-2.0,-2.0,-45.0
1776887177.1171026,0.0,-5.0,-45.0
1776887177.1271029,1.0,-6.0,-45.0
1776887177.1371028,0.0,-2.0,-44.0
1776887177.1471028,0.0,0.0,-42.0
1776887177.1571028,2.0,0.0,-33.0
1776887177.1671028,0.0,4.0,-32.0
1776887177.1771028,0.0,7.0,-35.0
1776887177.1871028,3.0,5.0,-38.0
1776887177.1971028,4.0,4.0,-35.0
1776887177.2071028,0.0,3.0,-39.0
1776887177.2171028,-1.0,-5.0,-43.0
1776887177.2271028,0.0,-5.0,-42.0
1776887177.2371027,0.0,-4.0,-44.0
1776887177.2471027,5.0,-7.0,-41.0
1776887177.2571027,3.0,-8.0,-46.0
1776887177.2671027,4.0,-2.0,-44.0
1776887177.2771027,4.0,-3.0,-38.0
1776887177.2871027,5.0,-5.0,-40.0
1776887177.2971027,4.0,-3.0,-40.0
1776887177.307103,3.0,0.0,-41.0
1776887177.317103,2.0,0.0,-42.0
1776887177.327103,4.0,-5.0,-39.0
1776887177.337103,3.0,-1.0,-43.0
1776887177.3471026,0.0,0.0,-45.0
1776887177.3571026,0.0,3.0,-35.0
1776887177.3671026,0.0,1.0,-39.0
1776887177.3771029,-1.0,0.0,-35.0
1776887177.3871028,-1.0,1.0,-40.0
1776887177.3971028,-7.0,2.0,-39.0
1776887177.4071028,-4.0,4.0,-36.0
1776887177.4171028,-3.0,4.0,-34.0
1776887177.4271028,-3.0,5.0,-35.0
1776887177.4371028,-2.0,-1.0,-46.0
1776887177.4471028,-5.0,-7.0,-39.0
1776887177.4571028,-2.0,-5.0,-34.0
1776887177.4671028,-3.0,-5.0,-35.0
1776887177.4771028,-1.0,-5.0,-42.0
1776887177.4871027,-2.0,-4.0,-41.0
1776887177.4971027,-6.0,-1.0,-35.0
1776887177.5071027,-7.0,0.0,-36.0
1776887177.5171027,0.0,0.0,-36.0
1776887177.5271027,-1.0,0.0,-37.0
1776887177.5371027,-2.0,2.0,-32.0
1776887177.5471027,-4.0,4.0,-32.0
1776887177.557103,-4.0,0.0,-36.0
1776887177.567103,-6.0,-1.0,-38.0
1776887177.577103,-7.0,-5.0,-38.0
1776887177.587103,0.0,-4.0,-36.0
1776887177.5971026,-4.0,-4.0,-32.0
1776887177.6071026,0.0,-4.0,-30.0
1776887177.6171026,-2.0,-3.0,-31.0
1776887177.6271029,-2.0,-3.0,-38.0
1776887177.6371028,-1.0,-2.0,-45.0
1776887177.6471028,0.0,-4.0,-50.0
1776887177.6571028,3.0,-4.0,-46.0
1776887177.6671028,7.0,-6.0,-42.0
1776887177.6771028,6.0,-2.0,-44.0
1776887177.6871028,0.0,-1.0,-45.0
1776887177.6971028,-1.0,-6.0,-43.0
1776887177.7071028,-2.0,-9.0,-41.0
1776887177.7171028,-1.0,-9.0,-42.0
1776887177.7271028,-6.0,-4.0,-47.0
1776887177.7371027,-5.0,0.0,-45.0
1776887177.7471027,-5.0,-2.0,-43.0
1776887177.7571027,-6.0,-1.0,-45.0
1776887177.7671027,0.0,-1.0,-46.0
1776887177.7771027,1.0,-2.0,-54.0
1776887177.7871027,5.0,2.0,-47.0
1776887177.7971027,7.0,-2.0,-46.0
1776887177.807103,0.0,0.0,-45.0
1776887177.817103,-2.0,-1.0,-46.0
1776887177.827103,-6.0,-4.0,-43.0
1776887177.837103,-4.0,-3.0,-41.0
1776887177.8471026,0.0,-3.0,-37.0
1776887177.8571026,0.0,-7.0,-31.0
1776887177.8671026,1.0,-5.0,-25.0
1776887177.8771029,0.0,-8.0,-19.0
1776887177.8871028,0.0,-7.0,-26.0
1776887177.8971028,3.0,-6.0,-30.0
1776887177.9071028,2.0,-5.0,-32.0
1776887177.9171028,1.0,-5.0,-35.0
1776887177.9271028,0.0,-7.0,-31.0
1776887177.9371028,0.0,-4.0,-33.0
1776887177.9481027,-2.0,-5.0,-29.0
1776887177.9581027,-5.0,-11.0,-34.0
1776887177.9681027,-2.0,-9.0,-38.0
1776887177.9781027,-2.0,-9.0,-34.0
1776887177.9871027,1.0,-5.0,-32.0
1776887177.998103,1.0,-3.0,-31.0
1776887178.008103,3.0,-2.0,-31.0
1776887178.0181026,2.0,-7.0,-39.0
1776887178.0281026,2.0,-8.0,-36.0
1776887178.0381026,2.0,-6.0,-36.0
1776887178.0481029,3.0,-4.0,-37.0
1776887178.0581028,3.0,-4.0,-29.0
1776887178.0681028,0.0,-1.0,-31.0
1776887178.0781028,-2.0,-3.0,-35.0
1776887178.0881028,0.0,-6.0,-38.0
1776887178.0981028,5.0,-8.0,-35.0
1776887178.1081028,8.0,-5.0,-35.0
1776887178.1181028,8.0,-7.0,-40.0
1776887178.1281028,12.0,-4.0,-41.0
1776887178.1381028,10.0,0.0,-42.0
1776887178.1481028,7.0,2.0,-39.0
1776887178.1581028,4.0,0.0,-34.0
1776887178.1681027,1.0,0.0,-39.0
1776887178.1781027,0.0,1.0,-38.0
1776887178.1881027,2.0,1.0,-40.0
1776887178.1981027,-1.0,5.0,-37.0
1776887178.2081027,-1.0,4.0,-36.0
1776887178.2181027,0.0,3.0,-36.0
1776887178.2281027,6.0,4.0,-37.0
1776887178.238103,2.0,3.0,-41.0
1776887178.248103,2.0,3.0,-31.0
1776887178.258103,3.0,3.0,-39.0
1776887178.2681026,1.0,1.0,-43.0
1776887178.2781026,1.0,2.0,-42.0
1776887178.2881026,2.0,1.0,-33.0
1776887178.2981029,0.0,0.0,-37.0
1776887178.3081028,0.0,-2.0,-44.0
1776887178.3181028,-5.0,-2.0,-42.0
1776887178.3281028,-7.0,-2.0,-41.0
1776887178.3381028,-6.0,0.0,-33.0
1776887178.3481028,0.0,-1.0,-31.0
1776887178.3581028,-1.0,-6.0,-32.0
1776887178.3681028,-1.0,-6.0,-29.0
1776887178.3781028,3.0,0.0,-30.0
1776887178.3881028,3.0,0.0,-28.0
1776887178.3981028,1.0,0.0,-26.0
1776887178.4081028,4.0,0.0,-27.0
1776887178.4181027,4.0,0.0,-31.0
1776887178.4281027,6.0,-1.0,-28.0
1776887178.4381027,3.0,1.0,-29.0
1776887178.4481027,0.0,0.0,-22.0
1776887178.4581027,-1.0,0.0,-27.0
1776887178.4681027,-4.0,-2.0,-30.0
1776887178.4781027,0.0,0.0,-29.0
1776887178.488103,3.0,0.0,-31.0
1776887178.498103,0.0,1.0,-34.0
1776887178.508103,0.0,0.0,-43.0
1776887178.5181026,-2.0,4.0,-46.0
1776887178.5281026,-8.0,0.0,-44.0
1776887178.5381026,-5.0,0.0,-47.0
1776887178.5481029,-6.0,3.0,-44.0
1776887178.5581028,-5.0,0.0,-39.0
1776887178.5681028,-5.0,0.0,-38.0
1776887178.5781028,-7.0,2.0,-38.0
1776887178.5881028,-8.0,-5.0,-36.0
1776887178.5981028,-3.0,-7.0,-36.0
1776887178.6081028,1.0,-7.0,-41.0
1776887178.6181028,3.0,-7.0,-39.0
1776887178.6281028,4.0,-7.0,-40.0
1776887178.6381028,4.0,-9.0,-37.0
1776887178.6481028,5.0,-8.0,-39.0
1776887178.6581028,2.0,-5.0,-33.0
1776887178.6681027,0.0,-2.0,-36.0
1776887178.6781027,5.0,-1.0,-37.0
1776887178.6881027,6.0,2.0,-35.0
1776887178.6981027,4.0,4.0,-28.0
1776887178.7081027,5.0,-1.0,-28.0
1776887178.7181027,1.0,-1.0,-37.0
1776887178.7281027,2.0,-5.0,-33.0
1776887178.738103,-2.0,-1.0,-29.0
1776887178.748103,-5.0,-2.0,-29.0
1776887178.758103,-1.0,0.0,-27.0
1776887178.7681026,-4.0,2.0,-29.0
1776887178.7781026,-4.0,5.0,-31.0
1776887178.7881026,-6.0,3.0,-34.0
1776887178.7981029,-1.0,6.0,-35.0
1776887178.8081028,5.0,7.0,-30.0
1776887178.8181028,7.0,3.0,-30.0
1776887178.8281028,8.0,1.0,-34.0
1776887178.8381028,5.0,0.0,-39.0
1776887178.8481028,5.0,0.0,-45.0
1776887178.8581028,2.0,-2.0,-51.0
1776887178.8681028,1.0,-4.0,-43.0
1776887178.8781028,4.0,-6.0,-38.0
1776887178.8881028,0.0,-4.0,-39.0
1776887178.8981028,-3.0,0.0,-41.0
1776887178.9081028,0.0,2.0,-46.0
1776887178.9181027,-2.0,1.0,-37.0
1776887178.9281027,-4.0,0.0,-36.0
1776887178.9381027,-10.0,-2.0,-37.0
1776887178.9481027,-6.0,-3.0,-41.0
1776887178.9581027,-4.0,-2.0,-46.0
1776887178.9681027,-3.0,1.0,-44.0
1776887178.9781027,1.0,3.0,-40.0
1776887178.988103,2.0,3.0,-38.0
1776887178.998103,0.0,4.0,-42.0
1776887179.008103,0.0,3.0,-37.0
1776887179.0181026,-1.0,0.0,-37.0
1776887179.0281026,-2.0,-3.0,-37.0
1776887179.0381026,-1.0,-4.0,-36.0
1776887179.0481029,0.0,-5.0,-36.0
1776887179.0581028,0.0,-3.0,-35.0
1776887179.0681028,-2.0,-5.0,-39.0
1776887179.0781028,-1.0,-4.0,-46.0
1776887179.0881028,0.0,-5.0,-45.0
1776887179.0981028,-2.0,-4.0,-45.0
1776887179.1081028,0.0,0.0,-40.0
1776887179.1181028,0.0,0.0,-44.0
1776887179.1281028,0.0,-1.0,-49.0
1776887179.1381028,0.0,0.0,-45.0
1776887179.1481028,1.0,2.0,-41.0
1776887179.1581028,1.0,1.0,-44.0
1776887179.1681027,-1.0,-2.0,-44.0
1776887179.1781027,1.0,-3.0,-41.0
1776887179.1881027,5.0,-5.0,-39.0
1776887179.1981027,3.0,0.0,-38.0
1776887179.2081027,1.0,0.0,-40.0
1776887179.2181027,-2.0,2.0,-34.0
1776887179.2281027,-4.0,3.0,-34.0
1776887179.238103,-5.0,-1.0,-32.0
1776887179.248103,-4.0,-3.0,-29.0
1776887179.258103,-1.0,-5.0,-29.0
1776887179.2681026,0.0,-5.0,-31.0
1776887179.2781026,1.0,-2.0,-31.0
1776887179.2881026,5.0,-1.0,-37.0
1776887179.2981029,5.0,-4.0,-41.0
1776887179.3081028,1.0,-6.0,-38.0
1776887179.3181028,-2.0,-6.0,-42.0
1776887179.3281028,-2.0,-7.0,-36.0
1776887179.3381028,-3.0,-6.0,-36.0
1776887179.3481028,-1.0,-5.0,-44.0
1776887179.3581028,-4.0,-2.0,-48.0
1776887179.3681028,-2.0,-2.0,-56.0
1776887179.3781028,0.0,0.0,-53.0
1776887179.3881028,1.0,3.0,-46.0
1776887179.3981028,0.0,2.0,-43.0
1776887179.4081028,0.0,2.0,-42.0
1776887179.4181027,0.0,0.0,-41.0
1776887179.4281027,0.0,-3.0,-45.0
1776887179.4381027,0.0,-3.0,-45.0
1776887179.4481027,2.0,-2.0,-47.0
1776887179.4581027,2.0,0.0,-45.0
1776887179.4681027,-1.0,0.0,-42.0
1776887179.4781027,-1.0,1.0,-43.0
1776887179.488103,-3.0,2.0,-40.0
1776887179.498103,0.0,2.0,-39.0
1776887179.508103,0.0,2.0,-45.0
1776887179.5181026,-3.0,0.0,-32.0
1776887179.5281026,-3.0,-2.0,-27.0
1776887179.5381026,-3.0,-1.0,-29.0
1776887179.5481029,-3.0,1.0,-32.0
1776887179.5581028,-3.0,1.0,-34.0
1776887179.5681028,-1.0,3.0,-35.0
1776887179.5781028,-2.0,3.0,-41.0
1776887179.5881028,3.0,4.0,-40.0
1776887179.5981028,3.0,3.0,-40.0
1776887179.6081028,2.0,-1.0,-35.0
1776887179.6181028,1.0,3.0,-35.0
1776887179.6281028,4.0,4.0,-35.0
1776887179.6381028,3.0,6.0,-32.0
1776887179.6481028,1.0,7.0,-30.0
1776887179.6581028,-4.0,9.0,-24.0
1776887179.6681027,0.0,3.0,-26.0
1776887179.6781027,3.0,5.0,-25.0
1776887179.6881027,4.0,2.0,-26.0
1776887179.6981027,7.0,1.0,-34.0
1776887179.7081027,10.0,2.0,-34.0
1776887179.7181027,13.0,2.0,-39.0
1776887179.7281027,12.0,2.0,-38.0
1776887179.738103,12.0,-2.0,-35.0
1776887179.748103,7.0,-2.0,-31.0
1776887179.758103,10.0,-4.0,-34.0
1776887179.7681026,8.0,-2.0,-33.0
1776887179.7781026,10.0,-3.0,-28.0
1776887179.7881026,4.0,-5.0,-23.0
1776887179.7981029,3.0,-8.0,-25.0
1776887179.8081028,4.0,-6.0,-27.0
1776887179.8181028,3.0,-6.0,-33.0
1776887179.8281028,2.0,-5.0,-36.0
1776887179.8381028,0.0,-5.0,-37.0
1776887179.8481028,2.0,-6.0,-37.0
1776887179.8581028,1.0,-4.0,-36.0
1776887179.8681028,0.0,-2.0,-37.0
1776887179.8781028,6.0,-1.0,-38.0
1776887179.8881028,6.0,0.0,-35.0
1776887179.8981028,-2.0,0.0,-38.0
1776887179.9081028,0.0,-2.0,-46.0
1776887179.9181027,2.0,0.0,-44.0
1776887179.9281027,-5.0,0.0,-43.0
1776887179.9391026,0.0,-4.0,-42.0
1776887179.9491026,-3.0,-9.0,-44.0
1776887179.9591026,-7.0,-5.0,-42.0
1776887179.9691026,-8.0,-3.0,-39.0
1776887179.9791028,-4.0,-6.0,-37.0
1776887179.9891028,-4.0,-4.0,-38.0
1776887179.9991028,-3.0,-2.0,-42.0
1776887180.0091028,-2.0,-5.0,-36.0
1776887180.0191028,-1.0,-3.0,-36.0
1776887180.0291028,4.0,-5.0,-39.0
1776887180.0391028,6.0,-3.0,-34.0
1776887180.0491028,4.0,-1.0,-31.0
1776887180.0591028,0.0,2.0,-28.0
1776887180.0691028,-1.0,0.0,-32.0
1776887180.0791028,-1.0,2.0,-45.0
1776887180.0891027,2.0,1.0,-44.0
1776887180.0991027,0.0,0.0,-47.0
1776887180.1091027,-2.0,3.0,-51.0
1776887180.1191027,-3.0,4.0,-41.0
1776887180.1291027,-2.0,1.0,-36.0
1776887180.1391027,-2.0,4.0,-36.0
1776887180.1491027,-2.0,5.0,-36.0
1776887180.159103,-5.0,2.0,-40.0
1776887180.169103,-2.0,-1.0,-34.0
1776887180.179103,1.0,-3.0,-30.0
1776887180.1891026,2.0,-3.0,-29.0
1776887180.1991026,3.0,-5.0,-31.0
1776887180.2091026,6.0,-8.0,-25.0
1776887180.2191026,5.0,-8.0,-27.0
1776887180.2291028,4.0,-6.0,-28.0
1776887180.2391028,6.0,-10.0,-29.0
1776887180.2491028,8.0,-13.0,-27.0
1776887180.2591028,12.0,-7.0,-30.0
1776887180.2691028,9.0,-6.0,-35.0
1776887180.2791028,5.0,-2.0,-41.0
1776887180.2891028,7.0,0.0,-42.0
1776887180.2991028,-1.0,-1.0,-36.0
1776887180.3091028,-1.0,-3.0,-37.0
1776887180.3191028,0.0,-1.0,-34.0
1776887180.3291028,1.0,3.0,-30.0
1776887180.3391027,-4.0,1.0,-30.0
1776887180.3491027,-10.0,4.0,-31.0
1776887180.3591027,-6.0,1.0,-31.0
1776887180.3691027,-7.0,0.0,-32.0
1776887180.3791027,-5.0,-1.0,-32.0
1776887180.3891027,-8.0,0.0,-31.0
1776887180.3991027,-5.0,-3.0,-43.0
1776887180.409103,-2.0,-3.0,-42.0
1776887180.419103,-2.0,-1.0,-39.0
1776887180.429103,0.0,-1.0,-47.0
1776887180.4391026,-1.0,0.0,-44.0
1776887180.4491026,0.0,3.0,-41.0
1776887180.4591026,-1.0,3.0,-35.0
1776887180.4691026,2.0,3.0,-40.0
1776887180.4791028,6.0,0.0,-36.0
1776887180.4891028,5.0,-3.0,-37.0
1776887180.4991028,3.0,-2.0,-43.0
1776887180.5091028,6.0,-4.0,-47.0
1776887180.5191028,8.0,-4.0,-47.0
1776887180.5291028,5.0,-1.0,-41.0
1776887180.5391028,2.0,-2.0,-45.0
1776887180.5491028,4.0,1.0,-43.0
1776887180.5591028,2.0,3.0,-39.0
1776887180.5691028,2.0,5.0,-34.0
1776887180.5791028,3.0,2.0,-36.0
1776887180.5891027,3.0,2.0,-36.0
1776887180.5991027,7.0,-1.0,-42.0
1776887180.6091027,5.0,0.0,-38.0
1776887180.6191027,2.0,5.0,-35.0
1776887180.6291027,9.0,5.0,-35.0
1776887180.6391027,8.0,4.0,-32.0
1776887180.6491027,6.0,1.0,-37.0
1776887180.659103,8.0,0.0,-36.0
1776887180.669103,8.0,2.0,-45.0
1776887180.679103,8.0,-2.0,-49.0
1776887180.6891026,2.0,-4.0,-46.0
1776887180.6991026,0.0,-4.0,-42.0
1776887180.7091026,2.0,-2.0,-46.0
1776887180.7191026,1.0,-2.0,-54.0
1776887180.7291028,2.0,-7.0,-48.0
1776887180.7391028,-1.0,-1.0,-43.0
1776887180.7491028,-1.0,-2.0,-39.0
1776887180.7591028,-4.0,0.0,-33.0
1776887180.7691028,-3.0,-1.0,-33.0
1776887180.7791028,-2.0,2.0,-39.0
1776887180.7891028,-4.0,5.0,-29.0
1776887180.7991028,-4.0,2.0,-32.0
1776887180.8091028,-5.0,4.0,-36.0
1776887180.8191028,-1.0,0.0,-28.0
1776887180.8291028,-2.0,6.0,-31.0
1776887180.8391027,-5.0,6.0,-38.0
1776887180.8491027,-8.0,1.0,-42.0
1776887180.8591027,-6.0,-2.0,-43.0
1776887180.8691027,-1.0,-5.0,-47.0
1776887180.8791027,1.0,-2.0,-51.0
1776887180.8891027,2.0,-1.0,-50.0
1776887180.8991027,2.0,-3.0,-47.0
1776887180.909103,4.0,-5.0,-49.0
1776887180.919103,0.0,-7.0,-51.0
1776887180.929103,0.0,-4.0,-49.0
1776887180.9391026,2.0,-5.0,-45.0
1776887180.9491026,2.0,-9.0,-39.0
1776887180.9591026,1.0,-8.0,-45.0
1776887180.9691026,-2.0,-3.0,-45.0
1776887180.9791028,-7.0,-1.0,-40.0
1776887180.9891028,-6.0,0.0,-41.0
1776887180.9991028,-6.0,0.0,-38.0
1776887181.0091028,-2.0,-1.0,-40.0
1776887181.0191028,-2.0,1.0,-37.0
1776887181.0291028,-6.0,2.0,-32.0
1776887181.0391028,-7.0,-1.0,-37.0
1776887181.0491028,0.0,-2.0,-37.0
1776887181.0591028,-1.0,0.0,-23.0
1776887181.0691028,0.0,2.0,-18.0
1776887181.0791028,-2.0,1.0,-20.0
1776887181.0891027,-4.0,0.0,-21.0
1776887181.0991027,-5.0,-1.0,-28.0
1776887181.1091027,-3.0,-2.0,-30.0
1776887181.1191027,1.0,4.0,-32.0
1776887181.1291027,3.0,5.0,-30.0
1776887181.1391027,0.0,5.0,-28.0
1776887181.1491027,1.0,1.0,-26.0
1776887181.159103,7.0,-2.0,-32.0
1776887181.169103,8.0,-1.0,-35.0
1776887181.179103,8.0,2.0,-40.0
1776887181.1891026,7.0,4.0,-46.0
1776887181.1991026,9.0,0.0,-48.0
1776887181.2091026,6.0,-1.0,-42.0
1776887181.2191026,3.0,-1.0,-43.0
1776887181.2291028,2.0,-2.0,-39.0
1776887181.2391028,3.0,-6.0,-42.0
1776887181.2491028,3.0,-4.0,-45.0
1776887181.2591028,3.0,0.0,-47.0
1776887181.2691028,4.0,-5.0,-43.0
1776887181.2791028,5.0,-4.0,-38.0
1776887181.2891028,5.0,-5.0,-35.0
1776887181.2991028,0.0,-3.0,-36.0
1776887181.3091028,0.0,0.0,-33.0
1776887181.3191028,0.0,2.0,-28.0
1776887181.3291028,3.0,4.0,-28.0
1776887181.3391027,6.0,3.0,-23.0
1776887181.3491027,3.0,0.0,-26.0
1776887181.3591027,1.0,-1.0,-30.0
1776887181.3691027,2.0,0.0,-34.0
1776887181.3791027,1.0,-3.0,-29.0
1776887181.3891027,2.0,-6.0,-30.0
1776887181.3991027,1.0,-2.0,-29.0
1776887181.409103,1.0,-1.0,-29.0
1776887181.419103,2.0,-1.0,-23.0
1776887181.429103,3.0,1.0,-23.0
1776887181.4391026,2.0,-3.0,-24.0
1776887181.4491026,5.0,-5.0,-31.0
1776887181.4591026,3.0,-6.0,-33.0
1776887181.4691026,7.0,-6.0,-38.0
1776887181.4791028,3.0,-3.0,-47.0
1776887181.4891028,-2.0,-4.0,-40.0
1776887181.4991028,-1.0,-8.0,-34.0
1776887181.5091028,-4.0,-3.0,-35.0
1776887181.5191028,2.0,5.0,-34.0
1776887181.5291028,4.0,6.0,-32.0
1776887181.5391028,3.0,6.0,-29.0
1776887181.5491028,1.0,6.0,-32.0
1776887181.5591028,6.0,4.0,-32.0
1776887181.5691028,11.0,5.0,-39.0
1776887181.5791028,11.0,2.0,-35.0
1776887181.5891027,7.0,3.0,-37.0
1776887181.5991027,5.0,4.0,-37.0
1776887181.6091027,2.0,4.0,-37.0
1776887181.6191027,2.0,1.0,-40.0
1776887181.6291027,3.0,-2.0,-48.0
1776887181.6391027,0.0,-3.0,-42.0
1776887181.6491027,-2.0,-1.0,-38.0
1776887181.659103,-4.0,-4.0,-34.0
1776887181.669103,-4.0,-4.0,-31.0
1776887181.679103,-7.0,-3.0,-32.0
1776887181.6891026,-5.0,-3.0,-29.0
1776887181.6991026,-5.0,-3.0,-31.0
1776887181.7091026,0.0,0.0,-32.0
1776887181.7191026,1.0,-4.0,-37.0
1776887181.7291028,0.0,-7.0,-36.0
1776887181.7391028,-7.0,-7.0,-37.0
1776887181.7491028,-4.0,-5.0,-38.0
1776887181.7591028,-3.0,-5.0,-38.0
1776887181.7691028,-1.0,-2.0,-36.0
1776887181.7791028,0.0,0.0,-34.0
1776887181.7891028,0.0,0.0,-35.0
1776887181.7991028,2.0,0.0,-37.0
1776887181.8091028,3.0,-4.0,-37.0
1776887181.8191028,6.0,-5.0,-39.0
1776887181.8291028,6.0,-3.0,-40.0
1776887181.8391027,5.0,-3.0,-38.0
1776887181.8491027,2.0,0.0,-37.0
1776887181.8591027,1.0,0.0,-45.0
1776887181.8691027,3.0,-1.0,-47.0
1776887181.8791027,1.0,0.0,-49.0
1776887181.8891027,4.0,-2.0,-45.0
1776887181.8991027,2.0,-3.0,-55.0
1776887181.9101028,0.0,-3.0,-50.0
1776887181.919103,-1.0,-1.0,-51.0
1776887181.929103,-4.0,0.0,-53.0
1776887181.9401028,-6.0,-2.0,-55.0
1776887181.9491026,-5.0,-8.0,-44.0
1776887181.9591026,-3.0,-5.0,-52.0
1776887181.9701028,-2.0,-7.0,-49.0
1776887181.9801028,-2.0,-7.0,-42.0
1776887181.9901028,0.0,-8.0,-38.0
1776887182.0001028,-3.0,-9.0,-34.0
1776887182.0101027,-3.0,-10.0,-35.0
1776887182.0201027,0.0,-5.0,-39.0
1776887182.0301027,-1.0,-6.0,-43.0
1776887182.0401027,1.0,-2.0,-37.0
1776887182.0501027,2.0,2.0,-43.0
1776887182.0601027,6.0,1.0,-43.0
1776887182.0701027,7.0,1.0,-43.0
1776887182.0801027,4.0,-1.0,-37.0
1776887182.090103,0.0,1.0,-42.0
1776887182.100103,0.0,1.0,-41.0
1776887182.110103,2.0,0.0,-41.0
1776887182.1201026,1.0,3.0,-37.0
1776887182.1301026,0.0,5.0,-34.0
1776887182.1401026,-3.0,3.0,-31.0
1776887182.1501029,0.0,-2.0,-34.0
1776887182.1601028,0.0,-5.0,-45.0
1776887182.1701028,2.0,-3.0,-52.0
1776887182.1801028,0.0,-4.0,-55.0
1776887182.1901028,0.0,-3.0,-56.0
1776887182.2001028,-3.0,-5.0,-48.0
1776887182.2101028,-5.0,-6.0,-41.0
1776887182.2201028,-1.0,-4.0,-47.0
1776887182.2301028,-1.0,-4.0,-53.0
1776887182.2401028,0.0,-2.0,-54.0
1776887182.2501028,-2.0,0.0,-54.0
1776887182.2601027,-1.0,0.0,-43.0
1776887182.2701027,0.0,-3.0,-39.0
1776887182.2801027,2.0,-4.0,-33.0
1776887182.2901027,2.0,-5.0,-34.0
1776887182.3001027,8.0,0.0,-32.0
1776887182.3101027,10.0,-1.0,-30.0
1776887182.3201027,6.0,-2.0,-39.0
1776887182.3301027,7.0,-5.0,-36.0
1776887182.340103,6.0,-3.0,-39.0
1776887182.350103,8.0,-3.0,-47.0
1776887182.360103,5.0,-3.0,-42.0
1776887182.3701026,8.0,-1.0,-43.0
1776887182.3801026,8.0,-3.0,-47.0
1776887182.3901026,8.0,-2.0,-41.0
1776887182.4001029,5.0,0.0,-38.0
1776887182.4101028,3.0,-2.0,-33.0
1776887182.4201028,4.0,-9.0,-33.0
1776887182.4301028,2.0,-11.0,-38.0
1776887182.4401028,1.0,-14.0,-41.0
1776887182.4501028,6.0,-14.0,-39.0
1776887182.4601028,8.0,-15.0,-44.0
1776887182.4701028,6.0,-15.0,-35.0
1776887182.4801028,1.0,-9.0,-28.0
1776887182.4901028,0.0,-3.0,-42.0
1776887182.5001028,2.0,0.0,-47.0
1776887182.5101027,0.0,-2.0,-44.0
1776887182.5201027,-1.0,-1.0,-41.0
1776887182.5301027,-1.0,0.0,-42.0
1776887182.5401027,3.0,-1.0,-40.0
1776887182.5501027,4.0,1.0,-40.0
1776887182.5601027,0.0,2.0,-39.0
1776887182.5701027,0.0,1.0,-43.0
1776887182.5801027,0.0,0.0,-36.0
1776887182.590103,-1.0,0.0,-32.0
1776887182.600103,0.0,0.0,-23.0
1776887182.610103,-2.0,0.0,-29.0
1776887182.6201026,0.0,4.0,-29.0
1776887182.6301026,0.0,3.0,-27.0
1776887182.6401026,2.0,0.0,-32.0
1776887182.6501029,3.0,-1.0,-32.0
1776887182.6601028,1.0,-4.0,-26.0
1776887182.6701028,0.0,-2.0,-24.0
1776887182.6801028,-1.0,-4.0,-22.0
1776887182.6901028,-3.0,-3.0,-27.0
1776887182.7001028,0.0,0.0,-22.0
1776887182.7101028,-2.0,1.0,-26.0
1776887182.7201028,-2.0,-2.0,-25.0
1776887182.7301028,-3.0,-4.0,-28.0
1776887182.7401028,-1.0,-3.0,-31.0
1776887182.7501028,0.0,-4.0,-30.0
1776887182.7601027,-2.0,1.0,-30.0
1776887182.7701027,1.0,0.0,-23.0
1776887182.7801027,0.0,-2.0,-20.0
1776887182.7901027,-2.0,1.0,-22.0
1776887182.8001027,1.0,2.0,-26.0
1776887182.8101027,2.0,0.0,-34.0
1776887182.8201027,2.0,-3.0,-32.0
1776887182.8301027,0.0,-6.0,-34.0
1776887182.840103,0.0,-7.0,-35.0
1776887182.850103,0.0,-7.0,-35.0
1776887182.860103,-2.0,-7.0,-37.0
1776887182.8701026,-5.0,-8.0,-43.0
1776887182.8801026,-3.0,-7.0,-45.0
1776887182.8901026,-1.0,-7.0,-42.0
1776887182.9001029,-1.0,-2.0,-41.0
1776887182.9101028,-2.0,-6.0,-37.0
1776887182.9201028,-2.0,-3.0,-27.0
1776887182.9301028,-1.0,-4.0,-33.0
1776887182.9401028,-2.0,-4.0,-37.0
1776887182.9501028,0.0,-2.0,-37.0
1776887182.9601028,0.0,-3.0,-40.0
1776887182.9701028,4.0,-6.0,-44.0
1776887182.9801028,4.0,-2.0,-41.0
1776887182.9901028,4.0,-3.0,-46.0
1776887183.0001028,1.0,-2.0,-43.0
1776887183.0101027,2.0,2.0,-39.0
1776887183.0201027,6.0,1.0,-43.0
1776887183.0301027,5.0,2.0,-45.0
1776887183.0401027,1.0,3.0,-41.0
1776887183.0501027,3.0,-2.0,-40.0
1776887183.0601027,-1.0,0.0,-40.0
1776887183.0701027,-1.0,2.0,-42.0
1776887183.0801027,3.0,3.0,-41.0
1776887183.090103,1.0,2.0,-38.0
1776887183.100103,2.0,-2.0,-35.0
1776887183.110103,3.0,0.0,-31.0
1776887183.1201026,5.0,-3.0,-39.0
1776887183.1301026,6.0,0.0,-36.0
1776887183.1401026,7.0,0.0,-33.0
1776887183.1501029,7.0,-2.0,-33.0
1776887183.1601028,6.0,-2.0,-42.0
1776887183.1701028,8.0,-2.0,-42.0
1776887183.1801028,4.0,-4.0,-48.0
1776887183.1901028,0.0,-4.0,-45.0
1776887183.2001028,0.0,-5.0,-42.0
1776887183.2101028,4.0,-2.0,-43.0
1776887183.2201028,6.0,-5.0,-43.0
1776887183.2301028,2.0,-6.0,-40.0
1776887183.2401028,0.0,-5.0,-41.0
1776887183.2501028,0.0,-3.0,-47.0
1776887183.2601027,1.0,-3.0,-44.0
1776887183.2701027,-2.0,0.0,-36.0
1776887183.2801027,0.0,0.0,-41.0
1776887183.2901027,-1.0,-2.0,-42.0
1776887183.3001027,-1.0,-3.0,-41.0
1776887183.3101027,0.0,-5.0,-41.0
1776887183.3201027,-1.0,-7.0,-42.0
1776887183.3301027,1.0,-5.0,-42.0
1776887183.340103,4.0,-5.0,-38.0
1776887183.350103,0.0,-11.0,-41.0
1776887183.360103,1.0,-14.0,-46.0
1776887183.3701026,8.0,-9.0,-39.0
1776887183.3801026,3.0,-7.0,-35.0
1776887183.3901026,7.0,-9.0,-38.0
1776887183.4001029,2.0,-6.0,-43.0
1776887183.4101028,1.0,-6.0,-44.0
1776887183.4201028,0.0,-4.0,-45.0
1776887183.4301028,0.0,-3.0,-39.0
1776887183.4401028,2.0,-5.0,-38.0
1776887183.4501028,3.0,-3.0,-34.0
1776887183.4601028,-1.0,-5.0,-40.0
1776887183.4701028,0.0,-1.0,-43.0
1776887183.4801028,1.0,0.0,-37.0
1776887183.4901028,-2.0,-1.0,-33.0
1776887183.5001028,-5.0,0.0,-29.0
1776887183.5101027,0.0,0.0,-26.0
1776887183.5201027,0.0,0.0,-35.0
1776887183.5301027,0.0,2.0,-35.0
1776887183.5401027,-3.0,-1.0,-39.0
1776887183.5501027,-8.0,0.0,-43.0
1776887183.5601027,-9.0,-2.0,-45.0
1776887183.5701027,-5.0,-2.0,-45.0
1776887183.5801027,-6.0,-2.0,-45.0
1776887183.590103,-2.0,-5.0,-49.0
1776887183.600103,0.0,-8.0,-41.0
1776887183.610103,6.0,-4.0,-44.0
1776887183.6201026,10.0,-5.0,-39.0
1776887183.6301026,12.0,-13.0,-35.0
1776887183.6401026,9.0,-9.0,-37.0
1776887183.6501029,5.0,-6.0,-27.0
1776887183.6601028,7.0,-5.0,-33.0
1776887183.6701028,4.0,-3.0,-36.0
1776887183.6801028,6.0,-1.0,-32.0
1776887183.6901028,2.0,-5.0,-30.0
1776887183.7001028,0.0,-4.0,-34.0
1776887183.7101028,0.0,-7.0,-39.0
1776887183.7201028,1.0,-10.0,-44.0
1776887183.7301028,1.0,-9.0,-34.0
1776887183.7401028,0.0,-6.0,-35.0
1776887183.7501028,-1.0,-6.0,-30.0
1776887183.7601027,1.0,-6.0,-31.0
1776887183.7701027,0.0,-1.0,-27.0
1776887183.7801027,2.0,-3.0,-33.0
1776887183.7901027,4.0,-1.0,-37.0
1776887183.8001027,3.0,-7.0,-36.0
1776887183.8101027,-1.0,-6.0,-34.0
1776887183.8201027,3.0,-4.0,-35.0
1776887183.8301027,6.0,-3.0,-34.0
1776887183.840103,10.0,-1.0,-42.0
1776887183.850103,8.0,-2.0,-38.0
1776887183.860103,4.0,-3.0,-41.0
1776887183.8701026,5.0,-4.0,-39.0
1776887183.8801026,6.0,-3.0,-40.0
1776887183.8901026,2.0,-2.0,-38.0
1776887183.9001029,2.0,0.0,-39.0
1776887183.9101028,3.0,1.0,-42.0
1776887183.9201028,0.0,2.0,-41.0
1776887183.9311028,0.0,3.0,-40.0
1776887183.9401028,-2.0,0.0,-34.0
1776887183.9511027,-3.0,0.0,-33.0
1776887183.9611027,-6.0,3.0,-33.0
1776887183.9711027,-1.0,0.0,-46.0
1776887183.9811027,-3.0,1.0,-46.0
1776887183.9911027,-8.0,1.0,-45.0
1776887184.0011027,-10.0,0.0,-40.0
1776887184.011103,-11.0,1.0,-34.0
1776887184.021103,-11.0,1.0,-36.0
1776887184.031103,-5.0,-1.0,-36.0
1776887184.0411026,0.0,-5.0,-38.0
1776887184.0511026,3.0,-5.0,-38.0
1776887184.0611026,1.0,-4.0,-45.0
1776887184.0711029,4.0,-4.0,-44.0
1776887184.0811028,2.0,-5.0,-47.0
1776887184.0911028,5.0,-6.0,-50.0
1776887184.1011028,0.0,-6.0,-47.0
1776887184.1111028,1.0,-3.0,-41.0
1776887184.1211028,6.0,-1.0,-44.0
1776887184.1311028,5.0,-3.0,-57.0
1776887184.1411028,4.0,-3.0,-55.0
1776887184.1511028,6.0,-3.0,-52.0
1776887184.1611028,8.0,-1.0,-50.0
1776887184.1711028,8.0,2.0,-46.0
1776887184.1811028,10.0,1.0,-45.0
1776887184.1911027,9.0,-1.0,-48.0
1776887184.2011027,8.0,0.0,-46.0
1776887184.2111027,7.0,-2.0,-49.0
1776887184.2211027,2.0,0.0,-48.0
1776887184.2311027,-2.0,0.0,-48.0
1776887184.2411027,-3.0,-4.0,-47.0
1776887184.2511027,-5.0,-6.0,-43.0
1776887184.261103,-4.0,-5.0,-43.0
1776887184.271103,-4.0,-6.0,-41.0
1776887184.281103,-4.0,-7.0,-44.0
1776887184.2911026,0.0,-5.0,-40.0
1776887184.3011026,0.0,-6.0,-43.0
1776887184.3111026,-1.0,-3.0,-39.0
1776887184.3211029,-2.0,-1.0,-41.0
1776887184.3311028,1.0,-4.0,-35.0
1776887184.3411028,3.0,-8.0,-37.0
1776887184.3511028,2.0,-10.0,-35.0
1776887184.3611028,-3.0,-11.0,-32.0
1776887184.3711028,-4.0,-6.0,-24.0
1776887184.3811028,-4.0,-1.0,-23.0
1776887184.3911028,-1.0,-1.0,-20.0
1776887184.4011028,0.0,1.0,-17.0
1776887184.4111028,6.0,3.0,-24.0
1776887184.4211028,6.0,3.0,-26.0
1776887184.4311028,4.0,0.0,-33.0
1776887184.4411027,2.0,-2.0,-33.0
1776887184.4511027,2.0,-2.0,-36.0
1776887184.4611027,4.0,-5.0,-35.0
1776887184.4711027,4.0,-6.0,-35.0
1776887184.4811027,6.0,-4.0,-36.0
1776887184.4911027,0.0,-6.0,-39.0
1776887184.5011027,0.0,-9.0,-35.0
1776887184.511103,-6.0,-9.0,-33.0
1776887184.521103,-2.0,-5.0,-33.0
1776887184.531103,2.0,-1.0,-35.0
1776887184.5411026,6.0,2.0,-30.0
1776887184.5511026,2.0,1.0,-30.0
1776887184.5611026,0.0,6.0,-28.0
1776887184.5711029,0.0,0.0,-28.0
1776887184.5811028,-1.0,0.0,-26.0
1776887184.5911028,-6.0,6.0,-21.0
1776887184.6011028,-8.0,6.0,-25.0
1776887184.6111028,-3.0,5.0,-36.0
1776887184.6211028,-4.0,6.0,-37.0
1776887184.6311028,-3.0,2.0,-39.0
1776887184.6411028,-3.0,-3.0,-41.0
1776887184.6511028,1.0,0.0,-46.0
1776887184.6611028,6.0,-3.0,-42.0
1776887184.6711028,10.0,0.0,-37.0
1776887184.6811028,6.0,-2.0,-28.0
1776887184.6911027,6.0,-3.0,-28.0
1776887184.7011027,5.0,-2.0,-33.0
1776887184.7111027,4.0,0.0,-33.0
1776887184.7211027,1.0,-2.0,-30.0
1776887184.7311027,5.0,1.0,-32.0
1776887184.7411027,3.0,0.0,-40.0
1776887184.7511027,4.0,-1.0,-37.0
1776887184.761103,4.0,0.0,-34.0
1776887184.771103,3.0,0.0,-27.0
1776887184.781103,6.0,0.0,-23.0
1776887184.7911026,5.0,-5.0,-31.0
1776887184.8011026,2.0,-4.0,-35.0
1776887184.8111026,2.0,-2.0,-38.0
1776887184.8211029,1.0,-1.0,-32.0
1776887184.8311028,0.0,-5.0,-27.0
1776887184.8411028,0.0,-4.0,-32.0
1776887184.8511028,-3.0,-4.0,-32.0
1776887184.8611028,-4.0,-4.0,-38.0
1776887184.8711028,-1.0,-1.0,-40.0
1776887184.8811028,1.0,0.0,-38.0
1776887184.8911028,2.0,1.0,-42.0
1776887184.9011028,0.0,1.0,-41.0
1776887184.9111028,0.0,0.0,-42.0
1776887184.9211028,2.0,2.0,-39.0
1776887184.9311028,6.0,0.0,-41.0
1776887184.9411027,1.0,-1.0,-46.0
1776887184.9511027,0.0,-1.0,-43.0
1776887184.9611027,4.0,0.0,-46.0
1776887184.9711027,6.0,3.0,-51.0
1776887184.9811027,1.0,6.0,-48.0
1776887184.9911027,3.0,7.0,-55.0
1776887185.0011027,0.0,5.0,-49.0
1776887185.011103,0.0,1.0,-45.0
1776887185.021103,4.0,0.0,-37.0
1776887185.031103,6.0,0.0,-42.0
1776887185.0411026,4.0,-5.0,-43.0
1776887185.0511026,7.0,-6.0,-45.0
1776887185.0611026,2.0,-7.0,-40.0
1776887185.0711029,1.0,-7.0,-45.0
1776887185.0811028,2.0,-4.0,-42.0
1776887185.0911028,1.0,-5.0,-40.0
1776887185.1011028,0.0,-2.0,-39.0
1776887185.1111028,-1.0,3.0,-36.0
1776887185.1211028,-3.0,4.0,-37.0
1776887185.1311028,-1.0,-2.0,-33.0
1776887185.1411028,-4.0,-1.0,-34.0
1776887185.1511028,-7.0,3.0,-37.0
1776887185.1611028,1.0,3.0,-44.0
1776887185.1711028,7.0,0.0,-50.0
1776887185.1811028,6.0,0.0,-50.0
1776887185.1911027,5.0,2.0,-51.0
1776887185.2011027,0.0,0.0,-45.0
1776887185.2111027,-2.0,-2.0,-47.0
1776887185.2211027,-1.0,-1.0,-46.0
1776887185.2311027,0.0,0.0,-45.0
1776887185.2411027,-5.0,-1.0,-41.0
1776887185.2511027,-4.0,-1.0,-46.0
1776887185.261103,-2.0,-1.0,-41.0
1776887185.271103,0.0,-4.0,-44.0
1776887185.281103,0.0,-4.0,-44.0
1776887185.2911026,-5.0,0.0,-40.0
1776887185.3011026,-10.0,-1.0,-37.0
1776887185.3111026,-7.0,0.0,-39.0
1776887185.3211029,-2.0,3.0,-40.0
1776887185.3311028,-2.0,5.0,-39.0
1776887185.3411028,-2.0,2.0,-42.0
1776887185.3511028,-6.0,-3.0,-41.0
1776887185.3611028,-2.0,-3.0,-34.0
1776887185.3711028,0.0,-7.0,-33.0
1776887185.3811028,-1.0,-2.0,-34.0
1776887185.3911028,1.0,-2.0,-36.0
1776887185.4011028,3.0,-3.0,-38.0
1776887185.4111028,6.0,-4.0,-41.0
1776887185.4211028,5.0,-5.0,-42.0
1776887185.4311028,7.0,-1.0,-42.0
1776887185.4411027,9.0,-3.0,-40.0
1776887185.4511027,8.0,-2.0,-46.0
1776887185.4611027,4.0,-4.0,-47.0
1776887185.4711027,2.0,-6.0,-51.0
1776887185.4811027,6.0,-5.0,-55.0
1776887185.4911027,8.0,-3.0,-58.0
1776887185.5011027,3.0,-5.0,-49.0
1776887185.511103,5.0,-3.0,-47.0
1776887185.521103,9.0,-4.0,-45.0
1776887185.531103,9.0,-1.0,-47.0
1776887185.5411026,8.0,-3.0,-45.0
1776887185.5511026,5.0,-2.0,-44.0
1776887185.5611026,3.0,1.0,-47.0
1776887185.5711029,3.0,0.0,-43.0
1776887185.5811028,-3.0,0.0,-45.0
1776887185.5911028,-6.0,0.0,-40.0
1776887185.6011028,-2.0,0.0,-42.0
1776887185.6111028,2.0,-2.0,-39.0
1776887185.6211028,5.0,1.0,-39.0
1776887185.6311028,6.0,0.0,-40.0
1776887185.6411028,-1.0,0.0,-41.0
1776887185.6511028,-2.0,1.0,-40.0
1776887185.6611028,-3.0,-4.0,-41.0
1776887185.6711028,-1.0,-6.0,-36.0
1776887185.6811028,-4.0,-3.0,-34.0
1776887185.6911027,-4.0,-3.0,-35.0
1776887185.7011027,-5.0,-5.0,-36.0
1776887185.7111027,-3.0,-10.0,-39.0
1776887185.7211027,-1.0,-11.0,-39.0
1776887185.7311027,0.0,-5.0,-39.0
1776887185.7411027,-3.0,-2.0,-31.0
1776887185.7511027,2.0,-5.0,-35.0
1776887185.761103,3.0,-5.0,-42.0
1776887185.771103,1.0,-2.0,-46.0
1776887185.781103,0.0,-3.0,-43.0
1776887185.7911026,0.0,0.0,-47.0
1776887185.8011026,-1.0,-1.0,-44.0
1776887185.8111026,0.0,-5.0,-37.0
1776887185.8211029,5.0,-5.0,-31.0
1776887185.8311028,4.0,-9.0,-29.0
1776887185.8411028,0.0,-9.0,-28.0
1776887185.8511028,2.0,-7.0,-25.0
1776887185.8611028,1.0,-7.0,-30.0
1776887185.8711028,1.0,-7.0,-34.0
1776887185.8811028,9.0,-5.0,-34.0
1776887185.8911028,8.0,-5.0,-33.0
1776887185.9011028,13.0,-7.0,-35.0
1776887185.9111028,14.0,-6.0,-33.0
1776887185.9211028,14.0,-7.0,-34.0
1776887185.9311028,11.0,-5.0,-34.0
1776887185.942103,10.0,-5.0,-27.0
1776887185.9511027,6.0,-1.0,-24.0
1776887185.962103,8.0,-4.0,-27.0
1776887185.9721026,7.0,-4.0,-28.0
1776887185.9821026,7.0,-1.0,-35.0
1776887185.9921026,3.0,-1.0,-28.0
1776887186.0021029,1.0,-1.0,-26.0
1776887186.0121028,-3.0,3.0,-25.0
1776887186.0221028,1.0,5.0,-28.0
1776887186.0321028,6.0,3.0,-40.0
1776887186.0421028,1.0,2.0,-38.0
1776887186.0521028,-1.0,-2.0,-36.0
1776887186.0621028,-1.0,-4.0,-41.0
1776887186.0721028,2.0,-5.0,-51.0
1776887186.0821028,2.0,-5.0,-51.0
1776887186.0921028,0.0,-2.0,-52.0
1776887186.1021028,-1.0,0.0,-53.0
1776887186.1121027,0.0,0.0,-57.0
1776887186.1221027,5.0,-2.0,-58.0
1776887186.1321027,6.0,0.0,-51.0
1776887186.1421027,8.0,-2.0,-45.0
1776887186.1521027,6.0,-2.0,-44.0
1776887186.1621027,2.0,-1.0,-51.0
1776887186.1721027,1.0,-2.0,-50.0
1776887186.182103,2.0,4.0,-45.0
1776887186.192103,5.0,3.0,-44.0
1776887186.202103,6.0,3.0,-42.0
1776887186.212103,4.0,1.0,-39.0
1776887186.2221026,0.0,0.0,-40.0
1776887186.2321026,-1.0,-4.0,-37.0
1776887186.2421026,0.0,-3.0,-32.0
1776887186.2521029,-1.0,-1.0,-35.0
1776887186.2621028,0.0,-2.0,-38.0
1776887186.2721028,-1.0,-6.0,-39.0
1776887186.2821028,0.0,-7.0,-38.0
1776887186.2921028,-1.0,-6.0,-40.0
1776887186.3021028,-5.0,-6.0,-42.0
1776887186.3121028,-3.0,-8.0,-42.0
1776887186.3221028,-1.0,-3.0,-37.0
1776887186.3321028,-2.0,-3.0,-37.0
1776887186.3421028,2.0,-2.0,-36.0
1776887186.3521028,1.0,0.0,-39.0
1776887186.3621027,0.0,-3.0,-46.0
1776887186.3721027,1.0,-4.0,-42.0
1776887186.3821027,1.0,-5.0,-45.0
1776887186.3921027,3.0,-2.0,-42.0
1776887186.4021027,1.0,0.0,-43.0
1776887186.4121027,-2.0,-4.0,-52.0
1776887186.4221027,-7.0,-3.0,-51.0
1776887186.432103,-4.0,-2.0,-46.0
1776887186.442103,-1.0,-7.0,-38.0
1776887186.452103,0.0,-9.0,-35.0
1776887186.462103,1.0,-5.0,-32.0
1776887186.4721026,1.0,-10.0,-32.0
1776887186.4821026,1.0,-6.0,-37.0
1776887186.4921026,0.0,-2.0,-39.0
1776887186.5021029,0.0,2.0,-41.0
1776887186.5121028,1.0,1.0,-48.0
1776887186.5221028,0.0,-1.0,-46.0
1776887186.5321028,0.0,-4.0,-45.0
1776887186.5421028,0.0,-1.0,-50.0
1776887186.5521028,1.0,0.0,-49.0
1776887186.5621028,5.0,-2.0,-38.0
1776887186.5721028,7.0,3.0,-35.0
1776887186.5821028,7.0,2.0,-38.0
1776887186.5921028,5.0,5.0,-40.0
1776887186.6021028,5.0,2.0,-41.0
1776887186.6121027,3.0,0.0,-47.0
1776887186.6221027,3.0,0.0,-46.0
1776887186.6321027,7.0,-1.0,-40.0
1776887186.6421027,8.0,-4.0,-33.0
1776887186.6521027,5.0,-1.0,-40.0
1776887186.6621027,1.0,0.0,-34.0
1776887186.6721027,0.0,0.0,-31.0
1776887186.682103,-4.0,2.0,-43.0
1776887186.692103,-3.0,0.0,-40.0
1776887186.702103,2.0,-3.0,-41.0
1776887186.712103,-2.0,-1.0,-44.0
1776887186.7221026,-3.0,0.0,-43.0
1776887186.7321026,-1.0,1.0,-41.0
1776887186.7421026,0.0,-1.0,-36.0
1776887186.7521029,3.0,3.0,-32.0
1776887186.7621028,4.0,0.0,-33.0
1776887186.7721028,1.0,-4.0,-40.0
1776887186.7821028,-1.0,-2.0,-39.0
1776887186.7921028,-3.0,2.0,-36.0
1776887186.8021028,-3.0,3.0,-37.0
1776887186.8121028,-1.0,1.0,-42.0
1776887186.8221028,0.0,0.0,-35.0
1776887186.8321028,1.0,0.0,-36.0
1776887186.8421028,-3.0,0.0,-40.0
1776887186.8521028,-3.0,1.0,-35.0
1776887186.8621027,-2.0,0.0,-37.0
1776887186.8721027,1.0,3.0,-38.0
1776887186.8821027,-1.0,4.0,-37.0
1776887186.8921027,1.0,-1.0,-34.0
1776887186.9021027,-1.0,-4.0,-37.0
1776887186.9121027,-1.0,-4.0,-34.0
1776887186.9221027,1.0,-2.0,-33.0
1776887186.932103,3.0,-1.0,-41.0
1776887186.942103,1.0,2.0,-43.0
1776887186.952103,-2.0,6.0,-35.0
1776887186.962103,-5.0,3.0,-34.0
1776887186.9721026,-6.0,0.0,-31.0
1776887186.9821026,-6.0,-1.0,-32.0
1776887186.9921026,-9.0,3.0,-32.0
1776887187.0021029,-3.0,0.0,-33.0
1776887187.0121028,-4.0,-2.0,-36.0
1776887187.0221028,0.0,-2.0,-27.0
1776887187.0321028,0.0,2.0,-32.0
1776887187.0421028,0.0,0.0,-38.0
1776887187.0521028,0.0,-3.0,-42.0
1776887187.0621028,0.0,-3.0,-42.0
1776887187.0721028,-2.0,-2.0,-39.0
1776887187.0821028,0.0,-4.0,-42.0
1776887187.0921028,0.0,-3.0,-44.0
1776887187.1021028,-2.0,-5.0,-41.0
1776887187.1121027,-4.0,1.0,-40.0
1776887187.1221027,-6.0,0.0,-41.0
1776887187.1321027,-2.0,-3.0,-48.0
1776887187.1421027,-2.0,0.0,-48.0
1776887187.1521027,1.0,1.0,-44.0
1776887187.1621027,-1.0,1.0,-47.0
1776887187.1721027,-5.0,-1.0,-44.0
1776887187.182103,0.0,-1.0,-44.0
1776887187.192103,0.0,3.0,-48.0
1776887187.202103,5.0,4.0,-47.0
1776887187.212103,7.0,0.0,-38.0
1776887187.2221026,3.0,0.0,-32.0
1776887187.2321026,1.0,-1.0,-34.0
1776887187.2421026,-1.0,-5.0,-37.0
1776887187.2521029,-5.0,-1.0,-45.0
1776887187.2621028,-5.0,0.0,-40.0
1776887187.2721028,-5.0,0.0,-40.0
1776887187.2821028,-8.0,2.0,-44.0
1776887187.2921028,-2.0,4.0,-45.0
1776887187.3021028,-1.0,10.0,-37.0
1776887187.3121028,-2.0,8.0,-37.0
1776887187.3221028,1.0,3.0,-39.0
1776887187.3321028,1.0,1.0,-37.0
1776887187.3421028,5.0,-1.0,-34.0
1776887187.3521028,2.0,-2.0,-33.0
1776887187.3621027,4.0,-4.0,-30.0
1776887187.3721027,0.0,-6.0,-27.0
1776887187.3821027,-2.0,-6.0,-32.0
1776887187.3921027,0.0,-5.0,-27.0
1776887187.4021027,-4.0,-4.0,-32.0
1776887187.4121027,-3.0,0.0,-36.0
1776887187.4221027,-3.0,-2.0,-43.0
1776887187.432103,1.0,-2.0,-44.0
1776887187.442103,0.0,-1.0,-41.0
1776887187.452103,3.0,1.0,-41.0
1776887187.462103,3.0,0.0,-32.0
1776887187.4721026,0.0,1.0,-28.0
1776887187.4821026,0.0,-1.0,-26.0
1776887187.4921026,-1.0,-1.0,-29.0
1776887187.5021029,2.0,-1.0,-35.0
1776887187.5121028,0.0,-4.0,-43.0
1776887187.5221028,0.0,-3.0,-44.0
1776887187.5321028,1.0,0.0,-45.0
1776887187.5421028,2.0,0.0,-39.0
1776887187.5521028,4.0,1.0,-39.0
1776887187.5621028,0.0,0.0,-43.0
1776887187.5721028,2.0,0.0,-41.0
1776887187.5821028,0.0,-3.0,-41.0
1776887187.5921028,-3.0,-5.0,-36.0
1776887187.6021028,-1.0,-5.0,-38.0
1776887187.6121027,1.0,-3.0,-36.0
1776887187.6221027,-2.0,-3.0,-34.0
1776887187.6321027,0.0,-1.0,-29.0
1776887187.6421027,-3.0,-3.0,-26.0
1776887187.6521027,-1.0,-2.0,-28.0
1776887187.6621027,0.0,-3.0,-33.0
1776887187.6721027,0.0,-4.0,-35.0
1776887187.682103,-2.0,-2.0,-38.0
1776887187.692103,-4.0,-4.0,-38.0
1776887187.702103,-7.0,-4.0,-34.0
1776887187.712103,-5.0,-3.0,-30.0
1776887187.7221026,-8.0,0.0,-27.0
1776887187.7321026,-10.0,-1.0,-34.0
1776887187.7421026,-4.0,3.0,-35.0
1776887187.7521029,-4.0,1.0,-37.0
1776887187.7621028,-2.0,2.0,-38.0
1776887187.7721028,-1.0,2.0,-33.0
1776887187.7821028,-3.0,0.0,-32.0
1776887187.7921028,0.0,1.0,-31.0
1776887187.8021028,0.0,4.0,-38.0
1776887187.8121028,0.0,6.0,-38.0
1776887187.8221028,3.0,2.0,-31.0
1776887187.8321028,4.0,1.0,-32.0
1776887187.8421028,5.0,0.0,-38.0
1776887187.8521028,8.0,-1.0,-32.0
1776887187.8621027,3.0,-3.0,-34.0
1776887187.8721027,2.0,-1.0,-43.0
1776887187.8821027,7.0,2.0,-47.0
1776887187.8921027,7.0,-1.0,-46.0
1776887187.9021027,4.0,-3.0,-39.0
1776887187.9121027,2.0,-3.0,-38.0
1776887187.9221027,5.0,-1.0,-32.0
1776887187.932103,2.0,-2.0,-30.0
1776887187.942103,1.0,-3.0,-30.0
1776887187.9531028,2.0,-2.0,-36.0
1776887187.9631028,-2.0,0.0,-38.0
1776887187.9731028,-2.0,-3.0,-31.0
1776887187.9831028,1.0,-4.0,-37.0
1776887187.9931028,2.0,-3.0,-35.0
1776887188.0031028,3.0,0.0,-36.0
1776887188.0131028,4.0,0.0,-37.0
1776887188.0231028,2.0,2.0,-43.0
1776887188.0331028,2.0,-2.0,-44.0
1776887188.0431027,0.0,-1.0,-43.0
1776887188.0531027,2.0,1.0,-41.0
1776887188.0631027,3.0,4.0,-36.0
1776887188.0731027,2.0,1.0,-36.0
1776887188.0831027,0.0,3.0,-39.0
1776887188.0931027,-1.0,2.0,-36.0
1776887188.1031027,5.0,3.0,-41.0
1776887188.113103,3.0,2.0,-35.0
1776887188.123103,-1.0,-3.0,-41.0
1776887188.133103,-4.0,-4.0,-49.0
1776887188.1431026,-4.0,-1.0,-49.0
1776887188.1531026,-5.0,-2.0,-43.0
1776887188.1631026,-4.0,-5.0,-43.0
1776887188.1731029,-2.0,-7.0,-41.0
1776887188.1831028,-3.0,-4.0,-34.0
1776887188.1931028,-1.0,-6.0,-33.0
1776887188.2031028,0.0,-5.0,-40.0
1776887188.2131028,0.0,-3.0,-35.0
1776887188.2241027,-6.0,-4.0,-33.0
1776887188.2331028,-4.0,-1.0,-35.0
1776887188.2431028,0.0,0.0,-35.0
1776887188.2531028,0.0,1.0,-37.0
1776887188.2631028,1.0,-1.0,-36.0
1776887188.2731028,5.0,-1.0,-37.0
1776887188.2831028,0.0,0.0,-38.0
1776887188.2931027,-4.0,3.0,-34.0
1776887188.3031027,-7.0,4.0,-32.0
1776887188.3131027,-8.0,4.0,-31.0
1776887188.3231027,-8.0,1.0,-44.0
1776887188.3331027,-5.0,5.0,-39.0
1776887188.3431027,-4.0,5.0,-37.0
1776887188.3531027,-1.0,4.0,-36.0
1776887188.363103,-7.0,4.0,-30.0
1776887188.373103,-6.0,2.0,-33.0
1776887188.383103,0.0,-1.0,-31.0
1776887188.3931026,0.0,-3.0,-34.0
1776887188.4031026,-2.0,0.0,-35.0
1776887188.4131026,0.0,1.0,-32.0
1776887188.4231029,0.0,-2.0,-38.0
1776887188.4331028,3.0,-3.0,-41.0
1776887188.4431028,1.0,0.0,-42.0
1776887188.4531028,1.0,0.0,-38.0
1776887188.4631028,1.0,0.0,-36.0
1776887188.4731028,-2.0,-2.0,-33.0
1776887188.4831028,0.0,-1.0,-32.0
1776887188.4931028,-1.0,0.0,-32.0
1776887188.5031028,-1.0,1.0,-31.0
1776887188.5131028,4.0,2.0,-28.0
1776887188.5231028,-1.0,1.0,-26.0
1776887188.5331028,0.0,0.0,-25.0
1776887188.5431027,-2.0,4.0,-17.0
1776887188.5531027,-3.0,6.0,-28.0
1776887188.5631027,-5.0,5.0,-33.0
1776887188.5731027,-5.0,4.0,-29.0
1776887188.5831027,-8.0,4.0,-34.0
1776887188.5931027,-8.0,0.0,-40.0
1776887188.6031027,-8.0,0.0,-40.0
1776887188.613103,-5.0,-3.0,-37.0
1776887188.623103,-2.0,0.0,-38.0
1776887188.633103,0.0,-3.0,-39.0
1776887188.6431026,3.0,-1.0,-39.0
1776887188.6531026,2.0,-4.0,-42.0
1776887188.6631026,0.0,-3.0,-46.0
1776887188.6731029,-5.0,-1.0,-48.0
1776887188.6831028,-4.0,-3.0,-46.0
1776887188.6931028,-4.0,-4.0,-43.0
1776887188.7031028,-8.0,-7.0,-41.0
1776887188.7131028,-6.0,-2.0,-42.0
1776887188.7231028,-6.0,-1.0,-39.0
1776887188.7331028,-4.0,0.0,-37.0
1776887188.7431028,-5.0,2.0,-41.0
1776887188.7531028,-9.0,2.0,-46.0
1776887188.7631028,-6.0,0.0,-52.0
1776887188.7731028,-2.0,-2.0,-49.0
1776887188.7831028,0.0,2.0,-49.0
1776887188.7931027,2.0,3.0,-42.0
1776887188.8031027,3.0,0.0,-45.0
1776887188.8131027,6.0,5.0,-38.0
1776887188.8231027,3.0,3.0,-39.0
1776887188.8331027,4.0,1.0,-40.0
1776887188.8431027,6.0,-5.0,-32.0
1776887188.8531027,7.0,-1.0,-33.0
1776887188.863103,4.0,-2.0,-36.0
1776887188.873103,5.0,0.0,-29.0
1776887188.883103,2.0,0.0,-33.0
1776887188.8931026,2.0,0.0,-38.0
1776887188.9031026,1.0,-3.0,-45.0
1776887188.9131026,1.0,-3.0,-35.0
1776887188.9231029,3.0,-2.0,-31.0
1776887188.9331028,0.0,0.0,-29.0
1776887188.9431028,-1.0,3.0,-33.0
1776887188.9531028,0.0,0.0,-40.0
1776887188.9631028,4.0,-3.0,-42.0
1776887188.9731028,1.0,-3.0,-38.0
1776887188.9831028,2.0,0.0,-39.0
1776887188.9931028,0.0,-2.0,-40.0
1776887189.0031028,-4.0,-3.0,-36.0
1776887189.0131028,-4.0,0.0,-35.0
1776887189.0231028,0.0,-5.0,-38.0
1776887189.0331028,1.0,-6.0,-37.0
1776887189.0431027,1.0,-8.0,-39.0
1776887189.0531027,-1.0,-5.0,-46.0
1776887189.0631027,2.0,-5.0,-44.0
1776887189.0731027,4.0,-7.0,-44.0
1776887189.0831027,1.0,-5.0,-41.0
1776887189.0931027,0.0,-6.0,-45.0
1776887189.1031027,3.0,-1.0,-39.0
1776887189.113103,-1.0,-3.0,-29.0
1776887189.123103,1.0,-3.0,-36.0
1776887189.133103,2.0,-2.0,-37.0
1776887189.1431026,0.0,-5.0,-34.0
1776887189.1531026,1.0,-8.0,-36.0
1776887189.1631026,3.0,-12.0,-38.0
1776887189.1731029,0.0,-10.0,-40.0
1776887189.1831028,2.0,-5.0,-41.0
1776887189.1931028,3.0,-3.0,-29.0
1776887189.2031028,4.0,0.0,-27.0
1776887189.2131028,4.0,6.0,-26.0
1776887189.2231028,1.0,5.0,-34.0
1776887189.2331028,0.0,5.0,-37.0
1776887189.2431028,0.0,4.0,-36.0
1776887189.2531028,-6.0,5.0,-36.0
1776887189.2631028,-6.0,7.0,-32.0
1776887189.2731028,-8.0,5.0,-32.0
1776887189.2831028,-4.0,4.0,-36.0
1776887189.2931027,-3.0,3.0,-36.0
1776887189.3031027,-5.0,6.0,-32.0
1776887189.3131027,-5.0,4.0,-36.0
1776887189.3231027,-1.0,1.0,-37.0
1776887189.3331027,-2.0,4.0,-41.0
1776887189.3431027,1.0,6.0,-46.0
1776887189.3531027,7.0,0.0,-47.0
1776887189.363103,5.0,-3.0,-46.0
1776887189.373103,1.0,-5.0,-37.0
1776887189.383103,-1.0,-7.0,-30.0
1776887189.3931026,0.0,-3.0,-29.0
1776887189.4031026,0.0,-3.0,-41.0
1776887189.4131026,0.0,-3.0,-37.0
1776887189.4231029,-1.0,-1.0,-34.0
1776887189.4331028,-2.0,2.0,-31.0
1776887189.4431028,-1.0,2.0,-36.0
1776887189.4531028,0.0,-2.0,-34.0
1776887189.4631028,0.0,0.0,-31.0
1776887189.4731028,-1.0,0.0,-40.0
1776887189.4831028,1.0,3.0,-34.0
1776887189.4931028,2.0,1.0,-36.0
1776887189.5031028,0.0,-3.0,-32.0
1776887189.5131028,-3.0,-1.0,-34.0
1776887189.5231028,-2.0,-6.0,-26.0
1776887189.5331028,-2.0,-3.0,-32.0
1776887189.5431027,-7.0,-2.0,-32.0
1776887189.5531027,-8.0,-6.0,-30.0
1776887189.5631027,-8.0,-7.0,-32.0
1776887189.5731027,-2.0,-4.0,-36.0
1776887189.5831027,-5.0,0.0,-37.0
1776887189.5931027,-2.0,-2.0,-35.0
1776887189.6031027,0.0,-2.0,-32.0
1776887189.613103,-3.0,1.0,-29.0
1776887189.623103,-1.0,2.0,-33.0
1776887189.633103,-1.0,2.0,-37.0
1776887189.6431026,-5.0,-3.0,-40.0
1776887189.6531026,-2.0,-5.0,-35.0
1776887189.6631026,1.0,-2.0,-29.0
1776887189.6731029,2.0,-3.0,-23.0
1776887189.6831028,1.0,0.0,-19.0
1776887189.6931028,3.0,1.0,-20.0
1776887189.7031028,6.0,2.0,-26.0
1776887189.7131028,7.0,3.0,-34.0
1776887189.7231028,4.0,1.0,-33.0
1776887189.7331028,3.0,2.0,-39.0
1776887189.7431028,6.0,0.0,-42.0
1776887189.7531028,6.0,0.0,-44.0
1776887189.7631028,4.0,1.0,-36.0
1776887189.7731028,10.0,2.0,-40.0
1776887189.7831028,6.0,5.0,-41.0
1776887189.7931027,6.0,2.0,-41.0
1776887189.8031027,5.0,5.0,-41.0
1776887189.8131027,1.0,6.0,-38.0
1776887189.8231027,0.0,5.0,-44.0
1776887189.8331027,0.0,-2.0,-49.0
1776887189.8431027,0.0,-6.0,-48.0
1776887189.8531027,-1.0,-5.0,-49.0
1776887189.863103,-3.0,-5.0,-42.0
1776887189.873103,-1.0,-5.0,-39.0
1776887189.883103,-6.0,-2.0,-39.0
1776887189.8931026,-4.0,-3.0,-35.0
1776887189.9031026,0.0,0.0,-37.0
1776887189.9131026,2.0,0.0,-44.0
1776887189.9231029,0.0,5.0,-44.0
1776887189.9331028,0.0,2.0,-41.0
1776887189.9441028,1.0,3.0,-36.0
1776887189.9531028,3.0,3.0,-36.0
1776887189.9631028,2.0,0.0,-41.0
1776887189.9741027,1.0,-2.0,-27.0
1776887189.9841027,6.0,-4.0,-27.0
1776887189.9941027,3.0,-4.0,-38.0
1776887190.0041027,5.0,-7.0,-44.0
1776887190.0141027,7.0,-1.0,-40.0
1776887190.0241027,7.0,5.0,-44.0
1776887190.034103,4.0,3.0,-43.0
1776887190.044103,4.0,2.0,-42.0
1776887190.054103,5.0,0.0,-38.0
1776887190.0641026,3.0,-3.0,-35.0
1776887190.0741026,0.0,-2.0,-41.0
1776887190.0841026,1.0,-2.0,-35.0
1776887190.0941026,2.0,-3.0,-45.0
1776887190.1041028,6.0,-7.0,-44.0
1776887190.1141028,2.0,-6.0,-39.0
1776887190.1241028,0.0,-6.0,-38.0
1776887190.1341028,-3.0,-3.0,-42.0
1776887190.1441028,-3.0,0.0,-41.0
1776887190.1541028,-2.0,-1.0,-35.0
1776887190.1641028,0.0,-5.0,-29.0
1776887190.1741028,-1.0,-8.0,-34.0
1776887190.1841028,-5.0,-11.0,-32.0
1776887190.1941028,-5.0,-6.0,-32.0
1776887190.2041028,-8.0,-3.0,-31.0
1776887190.2141027,-4.0,-2.0,-31.0
1776887190.2241027,-8.0,1.0,-31.0
1776887190.2341027,-8.0,2.0,-44.0
1776887190.2441027,-11.0,3.0,-39.0
1776887190.2541027,-8.0,2.0,-34.0
1776887190.2641027,-7.0,0.0,-37.0
1776887190.2741027,-5.0,0.0,-38.0
1776887190.284103,-7.0,1.0,-38.0
1776887190.294103,-7.0,6.0,-41.0
1776887190.304103,-5.0,5.0,-43.0
1776887190.3141026,-10.0,3.0,-45.0
1776887190.3241026,-6.0,4.0,-39.0
1776887190.3341026,-7.0,5.0,-39.0
1776887190.3441026,-6.0,0.0,-40.0
1776887190.3541028,-4.0,-1.0,-43.0
1776887190.3641028,-4.0,0.0,-38.0
1776887190.3741028,-3.0,3.0,-31.0
1776887190.3841028,-3.0,5.0,-27.0
1776887190.3941028,0.0,1.0,-30.0
1776887190.4041028,1.0,-1.0,-37.0
1776887190.4141028,0.0,1.0,-27.0
1776887190.4241028,0.0,2.0,-24.0
1776887190.4341028,2.0,3.0,-32.0
1776887190.4441028,3.0,3.0,-38.0
1776887190.4541028,6.0,1.0,-49.0
1776887190.4641027,3.0,0.0,-47.0
1776887190.4741027,2.0,-3.0,-43.0
1776887190.4841027,3.0,-2.0,-37.0
1776887190.4941027,2.0,-1.0,-37.0
1776887190.5041027,4.0,-1.0,-36.0
1776887190.5141027,1.0,0.0,-35.0
1776887190.5241027,0.0,-2.0,-36.0
1776887190.534103,0.0,-6.0,-38.0
1776887190.544103,0.0,-3.0,-32.0
1776887190.554103,0.0,-1.0,-41.0
1776887190.5641026,-1.0,-2.0,-44.0
1776887190.5741026,0.0,-1.0,-37.0
1776887190.5841026,-5.0,-1.0,-35.0
1776887190.5941026,-2.0,0.0,-37.0
1776887190.6041028,1.0,2.0,-40.0
1776887190.6141028,2.0,0.0,-40.0
1776887190.6241028,1.0,0.0,-36.0
1776887190.6341028,-5.0,0.0,-42.0
1776887190.6441028,-6.0,1.0,-44.0
1776887190.6541028,-3.0,4.0,-47.0
1776887190.6641028,-5.0,6.0,-44.0
1776887190.6741028,-3.0,1.0,-42.0
1776887190.6841028,-6.0,-4.0,-34.0
1776887190.6941028,1.0,-4.0,-36.0
1776887190.7041028,5.0,-5.0,-34.0
1776887190.7141027,4.0,-2.0,-33.0
1776887190.7241027,6.0,-4.0,-31.0
1776887190.7341027,6.0,-3.0,-34.0
1776887190.7441027,6.0,-1.0,-42.0
1776887190.7541027,2.0,0.0,-48.0
1776887190.7641027,0.0,1.0,-46.0
1776887190.7741027,-1.0,0.0,-44.0
1776887190.784103,-3.0,0.0,-44.0
1776887190.794103,-4.0,0.0,-39.0
1776887190.804103,-2.0,-4.0,-38.0
1776887190.8141026,0.0,-5.0,-38.0
1776887190.8241026,-1.0,-1.0,-37.0
1776887190.8341026,-1.0,1.0,-41.0
1776887190.8441026,-4.0,-1.0,-43.0
1776887190.8541028,-3.0,0.0,-46.0
1776887190.8641028,-1.0,0.0,-41.0
1776887190.8741028,-1.0,-2.0,-37.0
1776887190.8841028,-5.0,-1.0,-35.0
1776887190.8941028,-6.0,-3.0,-37.0
1776887190.9041028,-3.0,0.0,-40.0
1776887190.9141028,-2.0,-3.0,-37.0
1776887190.9241028,0.0,-5.0,-38.0
1776887190.9341028,-2.0,-1.0,-36.0
1776887190.9441028,-3.0,0.0,-37.0
1776887190.9541028,-6.0,3.0,-31.0
1776887190.9641027,-9.0,2.0,-30.0
1776887190.9741027,-5.0,-2.0,-26.0
1776887190.9841027,-1.0,-7.0,-22.0
1776887190.9941027,-1.0,-2.0,-29.0
1776887191.0041027,-1.0,-6.0,-33.0
1776887191.0141027,0.0,-7.0,-37.0
1776887191.0241027,1.0,-9.0,-40.0
1776887191.034103,0.0,-8.0,-39.0
1776887191.044103,-1.0,-11.0,-41.0
1776887191.054103,-3.0,-11.0,-37.0
1776887191.0641026,-3.0,-10.0,-35.0
1776887191.0741026,0.0,-7.0,-37.0
1776887191.0841026,0.0,-4.0,-42.0
1776887191.0941026,2.0,-6.0,-34.0
1776887191.1041028,0.0,-6.0,-33.0
1776887191.1141028,-1.0,-1.0,-35.0
1776887191.1241028,0.0,2.0,-35.0
1776887191.1341028,1.0,0.0,-43.0
1776887191.1441028,1.0,2.0,-42.0
1776887191.1541028,1.0,3.0,-41.0
1776887191.1641028,1.0,-1.0,-40.0
1776887191.1741028,0.0,0.0,-30.0
1776887191.1841028,-1.0,0.0,-33.0
1776887191.1941028,1.0,1.0,-40.0
1776887191.2041028,0.0,-3.0,-50.0
1776887191.2141027,1.0,-2.0,-41.0
1776887191.2241027,0.0,-4.0,-42.0
1776887191.2341027,0.0,-1.0,-42.0
1776887191.2441027,1.0,-4.0,-42.0
1776887191.2541027,2.0,-3.0,-41.0
1776887191.2641027,-2.0,-6.0,-38.0
1776887191.2741027,-2.0,-2.0,-38.0
1776887191.284103,-3.0,0.0,-42.0
1776887191.294103,3.0,-1.0,-36.0
1776887191.304103,0.0,-5.0,-37.0
1776887191.3141026,-1.0,-2.0,-35.0
1776887191.3241026,0.0,-3.0,-37.0
1776887191.3341026,2.0,-5.0,-43.0
1776887191.3441026,3.0,-3.0,-42.0
1776887191.3541028,3.0,-2.0,-44.0
1776887191.3641028,5.0,1.0,-46.0
1776887191.3741028,6.0,0.0,-43.0
1776887191.3841028,5.0,-4.0,-48.0
1776887191.3941028,0.0,-4.0,-35.0
1776887191.4041028,-1.0,-3.0,-37.0
1776887191.4141028,3.0,2.0,-35.0
1776887191.4241028,5.0,0.0,-37.0
1776887191.4341028,-4.0,0.0,-41.0
1776887191.4441028,0.0,-4.0,-42.0
1776887191.4541028,3.0,-1.0,-45.0
1776887191.4641027,4.0,-1.0,-46.0
1776887191.4741027,2.0,2.0,-40.0
1776887191.4841027,0.0,0.0,-44.0
1776887191.4941027,-3.0,-1.0,-42.0
1776887191.5041027,-3.0,0.0,-36.0
1776887191.5141027,1.0,-3.0,-34.0
1776887191.5241027,4.0,-2.0,-25.0
1776887191.534103,2.0,-3.0,-33.0
1776887191.544103,2.0,-2.0,-40.0
1776887191.554103,0.0,-3.0,-41.0
1776887191.5641026,0.0,-1.0,-43.0
1776887191.5741026,-2.0,0.0,-40.0
1776887191.5841026,0.0,1.0,-36.0
1776887191.5941026,3.0,0.0,-32.0
1776887191.6041028,1.0,2.0,-34.0
1776887191.6141028,0.0,2.0,-32.0
1776887191.6241028,1.0,4.0,-31.0
1776887191.6341028,-2.0,3.0,-35.0
1776887191.6441028,-4.0,1.0,-36.0
1776887191.6541028,0.0,0.0,-35.0
1776887191.6641028,4.0,3.0,-30.0
1776887191.6741028,7.0,5.0,-27.0
1776887191.6841028,9.0,4.0,-28.0
1776887191.6941028,9.0,0.0,-29.0
1776887191.7041028,10.0,0.0,-30.0
1776887191.7141027,9.0,3.0,-24.0
1776887191.7241027,13.0,4.0,-24.0
1776887191.7341027,7.0,3.0,-29.0
1776887191.7441027,2.0,1.0,-30.0
1776887191.7541027,1.0,2.0,-38.0
1776887191.7641027,0.0,2.0,-44.0
1776887191.7741027,2.0,3.0,-38.0
1776887191.784103,0.0,0.0,-33.0
1776887191.794103,1.0,5.0,-35.0
1776887191.804103,0.0,0.0,-32.0
1776887191.8141026,2.0,-3.0,-26.0
1776887191.8241026,0.0,-4.0,-33.0
1776887191.8341026,1.0,-2.0,-26.0
1776887191.8441026,2.0,1.0,-38.0
1776887191.8541028,5.0,1.0,-43.0
1776887191.8641028,7.0,1.0,-47.0
1776887191.8741028,3.0,3.0,-43.0
1776887191.8841028,5.0,2.0,-44.0
1776887191.8941028,4.0,-3.0,-41.0
1776887191.9041028,7.0,-5.0,-44.0
1776887191.9141028,0.0,-7.0,-40.0
1776887191.9241028,0.0,-12.0,-33.0
1776887191.9341028,1.0,-9.0,-42.0
1776887191.9441028,0.0,-6.0,-49.0
1776887191.9541028,2.0,-6.0,-49.0
1776887191.9641027,7.0,-5.0,-43.0
1776887191.975103,2.0,-2.0,-38.0
1776887191.985103,2.0,-2.0,-36.0
1776887191.9951026,1.0,0.0,-36.0
1776887192.0051026,1.0,-1.0,-36.0
1776887192.0151026,3.0,-5.0,-37.0
1776887192.0251029,5.0,-3.0,-39.0
1776887192.0351028,6.0,-3.0,-40.0
1776887192.0451028,7.0,-1.0,-42.0
1776887192.0551028,11.0,4.0,-44.0
1776887192.0651028,10.0,6.0,-39.0
1776887192.0751028,3.0,3.0,-39.0
1776887192.0851028,3.0,3.0,-37.0
1776887192.0951028,3.0,5.0,-41.0
1776887192.1051028,2.0,5.0,-46.0
1776887192.1151028,2.0,4.0,-36.0
1776887192.1251028,2.0,2.0,-38.0
1776887192.1351027,-1.0,3.0,-41.0
1776887192.1451027,0.0,3.0,-41.0
1776887192.1551027,-6.0,1.0,-42.0
1776887192.1651027,-8.0,-1.0,-42.0
1776887192.1751027,-7.0,-5.0,-40.0
1776887192.1851027,-7.0,-6.0,-36.0
1776887192.1951027,-8.0,-4.0,-31.0
1776887192.2051027,-5.0,0.0,-32.0
1776887192.215103,-2.0,0.0,-32.0
1776887192.225103,0.0,4.0,-37.0
1776887192.235103,0.0,6.0,-37.0
1776887192.2451026,-1.0,1.0,-43.0
1776887192.2551026,0.0,0.0,-40.0
1776887192.2651026,-5.0,0.0,-39.0
1776887192.2751029,-3.0,-1.0,-46.0
1776887192.2851028,1.0,-1.0,-46.0
1776887192.2951028,0.0,1.0,-41.0
1776887192.3051028,3.0,2.0,-38.0
1776887192.3151028,7.0,3.0,-41.0
1776887192.3251028,5.0,3.0,-38.0
1776887192.3351028,-2.0,0.0,-42.0
1776887192.3451028,0.0,1.0,-41.0
1776887192.3551028,1.0,-2.0,-40.0
1776887192.3651028,0.0,-1.0,-44.0
1776887192.3751028,2.0,-2.0,-46.0
1776887192.3851027,1.0,0.0,-44.0
1776887192.3951027,2.0,-2.0,-41.0
1776887192.4051027,4.0,0.0,-36.0
1776887192.4151027,3.0,0.0,-33.0
1776887192.4251027,6.0,0.0,-30.0
1776887192.4351027,5.0,4.0,-30.0
1776887192.4451027,5.0,3.0,-30.0
1776887192.4551027,1.0,1.0,-32.0
1776887192.465103,3.0,0.0,-35.0
1776887192.475103,5.0,4.0,-35.0
1776887192.485103,0.0,1.0,-34.0
1776887192.4951026,-1.0,0.0,-35.0
1776887192.5051026,3.0,0.0,-39.0
1776887192.5151026,1.0,0.0,-43.0
1776887192.5251029,0.0,1.0,-39.0
1776887192.5351028,-2.0,0.0,-44.0
1776887192.5451028,-2.0,-2.0,-44.0
1776887192.5551028,1.0,0.0,-40.0
1776887192.5651028,2.0,0.0,-39.0
1776887192.5751028,4.0,-1.0,-43.0
1776887192.5851028,5.0,0.0,-44.0
1776887192.5951028,6.0,-3.0,-47.0
1776887192.6051028,7.0,-2.0,-49.0
1776887192.6151028,0.0,-3.0,-46.0
1776887192.6251028,2.0,-1.0,-49.0
1776887192.6351027,4.0,-2.0,-41.0
1776887192.6451027,1.0,0.0,-43.0
1776887192.6551027,2.0,0.0,-48.0
1776887192.6651027,7.0,1.0,-45.0
1776887192.6751027,7.0,6.0,-45.0
1776887192.6851027,7.0,7.0,-49.0
1776887192.6951027,2.0,3.0,-44.0
1776887192.7051027,4.0,2.0,-40.0
1776887192.715103,0.0,-1.0,-40.0
1776887192.725103,0.0,-3.0,-38.0
1776887192.735103,4.0,-3.0,-40.0
1776887192.7451026,9.0,-4.0,-44.0
1776887192.7551026,10.0,-4.0,-42.0
1776887192.7651026,10.0,-3.0,-39.0
1776887192.7751029,9.0,-3.0,-42.0
1776887192.7851028,6.0,-2.0,-44.0
1776887192.7951028,2.0,-1.0,-36.0
1776887192.8051028,3.0,0.0,-38.0
1776887192.8151028,8.0,2.0,-39.0
1776887192.8251028,8.0,4.0,-35.0
1776887192.8351028,8.0,4.0,-37.0
1776887192.8451028,3.0,-3.0,-37.0
1776887192.8551028,5.0,-6.0,-40.0
1776887192.8651028,0.0,-8.0,-39.0
1776887192.8751028,4.0,-5.0,-32.0
1776887192.8851027,4.0,-6.0,-31.0
1776887192.8951027,1.0,-4.0,-30.0
1776887192.9051027,0.0,-1.0,-30.0
1776887192.9151027,3.0,0.0,-35.0
1776887192.9251027,3.0,0.0,-33.0
1776887192.9351027,4.0,-2.0,-24.0
1776887192.9451027,4.0,2.0,-25.0
1776887192.9551027,3.0,0.0,-30.0
1776887192.965103,0.0,0.0,-30.0
1776887192.975103,0.0,-2.0,-34.0
1776887192.985103,3.0,-2.0,-37.0
1776887192.9951026,3.0,0.0,-36.0
1776887193.0051026,2.0,0.0,-41.0
1776887193.0151026,0.0,-1.0,-36.0
1776887193.0251029,-1.0,-1.0,-37.0
1776887193.0351028,-1.0,-3.0,-41.0
1776887193.0451028,0.0,-3.0,-39.0
1776887193.0551028,0.0,-6.0,-39.0
1776887193.0651028,0.0,-3.0,-45.0
1776887193.0751028,-1.0,-4.0,-48.0
1776887193.0851028,-2.0,0.0,-45.0
1776887193.0951028,1.0,2.0,-40.0
1776887193.1051028,0.0,4.0,-41.0
1776887193.1151028,-2.0,8.0,-39.0
1776887193.1251028,3.0,3.0,-38.0
1776887193.1351027,7.0,3.0,-36.0
1776887193.1451027,4.0,4.0,-36.0
1776887193.1551027,2.0,3.0,-34.0
1776887193.1651027,0.0,0.0,-33.0
1776887193.1751027,0.0,0.0,-31.0
1776887193.1851027,-3.0,-3.0,-26.0
1776887193.1951027,0.0,-1.0,-26.0
1776887193.2051027,-3.0,0.0,-28.0
1776887193.215103,-1.0,-1.0,-33.0
1776887193.225103,-6.0,1.0,-31.0
1776887193.235103,0.0,-1.0,-29.0
1776887193.2451026,0.0,0.0,-41.0
1776887193.2551026,-2.0,1.0,-38.0
1776887193.2651026,-5.0,1.0,-44.0
1776887193.2751029,-4.0,4.0,-44.0
1776887193.2851028,0.0,3.0,-38.0
1776887193.2951028,1.0,0.0,-41.0
1776887193.3051028,2.0,-1.0,-41.0
1776887193.3151028,0.0,0.0,-44.0
1776887193.3251028,1.0,-2.0,-38.0
1776887193.3351028,-2.0,-4.0,-33.0
1776887193.3451028,-5.0,-1.0,-34.0
1776887193.3551028,-4.0,0.0,-33.0
1776887193.3651028,-1.0,-2.0,-35.0
1776887193.3751028,-2.0,-4.0,-38.0
1776887193.3851027,-3.0,-6.0,-38.0
1776887193.3951027,0.0,-6.0,-38.0
1776887193.4051027,0.0,-6.0,-38.0
1776887193.4151027,0.0,-3.0,-38.0
1776887193.4251027,3.0,0.0,-40.0
1776887193.4351027,3.0,3.0,-39.0
1776887193.4451027,2.0,5.0,-33.0
1776887193.4551027,0.0,3.0,-31.0
1776887193.465103,4.0,2.0,-34.0
1776887193.475103,0.0,-2.0,-35.0
1776887193.485103,-3.0,-2.0,-39.0
1776887193.4951026,-1.0,-2.0,-34.0
1776887193.5051026,-2.0,1.0,-32.0
1776887193.5151026,-5.0,5.0,-26.0
1776887193.5251029,-7.0,4.0,-29.0
1776887193.5351028,-6.0,1.0,-34.0
1776887193.5451028,-5.0,0.0,-39.0
1776887193.5551028,-6.0,-3.0,-32.0
1776887193.5651028,-4.0,-3.0,-37.0
1776887193.5751028,0.0,-2.0,-38.0
1776887193.5851028,-2.0,-5.0,-29.0
1776887193.5951028,-1.0,-2.0,-31.0
1776887193.6051028,3.0,-1.0,-38.0
1776887193.6151028,-1.0,0.0,-41.0
1776887193.6251028,-2.0,0.0,-36.0
1776887193.6351027,-4.0,0.0,-33.0
1776887193.6451027,-3.0,2.0,-35.0
1776887193.6551027,1.0,3.0,-33.0
1776887193.6651027,-1.0,0.0,-38.0
1776887193.6751027,-2.0,-1.0,-36.0
1776887193.6851027,-1.0,-1.0,-36.0
1776887193.6951027,3.0,0.0,-37.0
1776887193.7051027,5.0,0.0,-39.0
1776887193.715103,8.0,1.0,-43.0
1776887193.725103,7.0,-6.0,-37.0
1776887193.735103,6.0,-6.0,-30.0
1776887193.7451026,7.0,-2.0,-36.0
1776887193.7551026,5.0,-1.0,-42.0
1776887193.7651026,1.0,-1.0,-45.0
1776887193.7751029,-3.0,-3.0,-45.0
1776887193.7851028,-2.0,-5.0,-39.0
1776887193.7951028,-2.0,-5.0,-41.0
1776887193.8051028,1.0,-6.0,-36.0
1776887193.8151028,7.0,-2.0,-36.0
1776887193.8251028,7.0,-4.0,-39.0
1776887193.8351028,7.0,0.0,-43.0
1776887193.8451028,4.0,1.0,-46.0
1776887193.8551028,5.0,0.0,-52.0
1776887193.8651028,2.0,1.0,-54.0
1776887193.8751028,-3.0,2.0,-48.0
1776887193.8851027,-4.0,-1.0,-57.0
1776887193.8951027,-5.0,0.0,-51.0
1776887193.9051027,-2.0,-2.0,-44.0
1776887193.9151027,-1.0,-2.0,-41.0
1776887193.9251027,0.0,1.0,-37.0
1776887193.9361026,0.0,0.0,-41.0
1776887193.9451027,0.0,0.0,-48.0
1776887193.9551027,0.0,1.0,-50.0
1776887193.9661028,-1.0,0.0,-46.0
1776887193.9761028,-2.0,1.0,-45.0
1776887193.9861028,-2.0,1.0,-47.0
1776887193.9961028,3.0,3.0,-47.0
1776887194.0061028,3.0,0.0,-41.0
1776887194.0161028,3.0,-3.0,-43.0
1776887194.0261028,3.0,-1.0,-37.0
1776887194.0361028,2.0,0.0,-38.0
1776887194.0461028,0.0,0.0,-36.0
1776887194.0561028,2.0,-1.0,-40.0
1776887194.0661027,0.0,-2.0,-41.0
1776887194.0761027,6.0,-1.0,-34.0
1776887194.0861027,10.0,-3.0,-36.0
1776887194.0961027,7.0,0.0,-38.0
1776887194.1061027,2.0,0.0,-35.0
1776887194.1161027,6.0,-3.0,-32.0
1776887194.1261027,6.0,-8.0,-34.0
1776887194.136103,8.0,-10.0,-35.0
1776887194.146103,0.0,-5.0,-38.0
1776887194.156103,0.0,-4.0,-36.0
1776887194.1661026,1.0,-2.0,-39.0
1776887194.1761026,-1.0,3.0,-38.0
1776887194.1861026,-1.0,6.0,-39.0
1776887194.1961029,0.0,4.0,-40.0
1776887194.2061028,-2.0,9.0,-38.0
1776887194.2161028,-3.0,6.0,-41.0
1776887194.2261028,-2.0,3.0,-40.0
1776887194.2361028,-4.0,0.0,-42.0
1776887194.2461028,-2.0,0.0,-38.0
1776887194.2561028,1.0,-2.0,-36.0
1776887194.2661028,0.0,-5.0,-31.0
1776887194.2761028,2.0,-2.0,-36.0
1776887194.2861028,3.0,1.0,-32.0
1776887194.2961028,5.0,0.0,-31.0
1776887194.3061028,8.0,0.0,-34.0
1776887194.3161027,6.0,-3.0,-33.0
1776887194.3261027,8.0,-3.0,-36.0
1776887194.3361027,2.0,-9.0,-39.0
1776887194.3461027,-1.0,-6.0,-33.0
1776887194.3561027,0.0,-5.0,-35.0
1776887194.3661027,-3.0,-2.0,-34.0
1776887194.3761027,-2.0,-1.0,-30.0
1776887194.386103,0.0,-4.0,-29.0
1776887194.396103,-1.0,-7.0,-31.0
1776887194.406103,-1.0,-4.0,-38.0
1776887194.4161026,0.0,0.0,-38.0
1776887194.4261026,1.0,-3.0,-39.0
1776887194.4361026,0.0,-3.0,-36.0
1776887194.4461029,0.0,-4.0,-41.0
1776887194.4561028,0.0,0.0,-44.0
1776887194.4661028,-1.0,1.0,-43.0
1776887194.4761028,1.0,2.0,-36.0
1776887194.4861028,6.0,1.0,-26.0
1776887194.4961028,5.0,0.0,-25.0
1776887194.5061028,5.0,0.0,-26.0
1776887194.5161028,8.0,3.0,-26.0
1776887194.5261028,9.0,2.0,-28.0
1776887194.5361028,10.0,-3.0,-29.0
1776887194.5461028,7.0,-6.0,-32.0
1776887194.5561028,9.0,-6.0,-33.0
1776887194.5661027,6.0,-6.0,-29.0
1776887194.5761027,7.0,-7.0,-32.0
1776887194.5861027,6.0,-11.0,-29.0
1776887194.5961027,7.0,-8.0,-33.0
1776887194.6061027,10.0,-6.0,-37.0
1776887194.6161027,11.0,-3.0,-37.0
1776887194.6261027,6.0,-5.0,-33.0
1776887194.636103,0.0,-2.0,-36.0
1776887194.646103,2.0,0.0,-41.0
1776887194.656103,0.0,-5.0,-42.0
1776887194.6661026,0.0,-8.0,-49.0
1776887194.6761026,1.0,-10.0,-46.0
1776887194.6861026,-1.0,-5.0,-41.0
1776887194.6961029,-1.0,-4.0,-39.0
1776887194.7061028,-2.0,-2.0,-38.0
1776887194.7161028,-1.0,0.0,-46.0
1776887194.7261028,0.0,-5.0,-43.0
1776887194.7361028,3.0,-5.0,-32.0
1776887194.7461028,1.0,-4.0,-28.0
1776887194.7561028,1.0,-2.0,-27.0
1776887194.7661028,0.0,0.0,-32.0
1776887194.7761028,-4.0,0.0,-38.0
1776887194.7861028,-1.0,-2.0,-47.0
1776887194.7961028,0.0,-4.0,-47.0
1776887194.8061028,-3.0,-5.0,-39.0
1776887194.8161027,0.0,-2.0,-31.0
1776887194.8261027,2.0,-2.0,-34.0
1776887194.8361027,3.0,-2.0,-38.0
1776887194.8461027,0.0,-2.0,-42.0
1776887194.8561027,-1.0,-1.0,-43.0
1776887194.8661027,1.0,1.0,-46.0
1776887194.8761027,0.0,1.0,-46.0
1776887194.886103,2.0,-1.0,-50.0
1776887194.896103,2.0,-5.0,-51.0
1776887194.906103,4.0,-5.0,-54.0
1776887194.9161026,0.0,-6.0,-52.0
1776887194.9261026,-3.0,-6.0,-45.0
1776887194.9361026,-11.0,-4.0,-38.0
1776887194.9461029,-6.0,-7.0,-41.0
1776887194.9561028,-4.0,-5.0,-34.0
1776887194.9661028,1.0,-2.0,-34.0
1776887194.9761028,3.0,-4.0,-36.0
1776887194.9861028,4.0,-6.0,-41.0
1776887194.9961028,7.0,-5.0,-42.0
1776887195.0061028,5.0,-8.0,-40.0
1776887195.0161028,1.0,-4.0,-38.0
1776887195.0261028,0.0,-2.0,-36.0
1776887195.0361028,0.0,-2.0,-37.0
1776887195.0461028,0.0,-2.0,-36.0
1776887195.0561028,2.0,-1.0,-39.0
1776887195.0661027,5.0,-5.0,-37.0
1776887195.0761027,4.0,-3.0,-41.0
1776887195.0861027,5.0,-3.0,-37.0
1776887195.0961027,5.0,-3.0,-34.0
1776887195.1061027,3.0,-3.0,-30.0
1776887195.1161027,1.0,1.0,-31.0
1776887195.1261027,-1.0,0.0,-33.0
1776887195.136103,-1.0,0.0,-39.0
1776887195.146103,-1.0,0.0,-40.0
1776887195.156103,1.0,3.0,-43.0
1776887195.1661026,-2.0,3.0,-40.0
1776887195.1761026,-7.0,3.0,-36.0
1776887195.1861026,-6.0,6.0,-31.0
1776887195.1961029,-5.0,5.0,-37.0
1776887195.2061028,-5.0,2.0,-37.0
1776887195.2161028,-2.0,0.0,-38.0
1776887195.2261028,-6.0,-2.0,-34.0
1776887195.2361028,-5.0,-6.0,-33.0
1776887195.2461028,-2.0,-6.0,-31.0
1776887195.2561028,1.0,-6.0,-32.0
1776887195.2661028,2.0,-6.0,-30.0
1776887195.2761028,4.0,-7.0,-33.0
1776887195.2861028,0.0,-11.0,-40.0
1776887195.2961028,-2.0,-4.0,-36.0
1776887195.3061028,-3.0,-4.0,-38.0
1776887195.3161027,-2.0,-2.0,-38.0
1776887195.3261027,0.0,-3.0,-40.0
1776887195.3361027,0.0,-1.0,-44.0
1776887195.3461027,-3.0,-2.0,-39.0
1776887195.3561027,-3.0,-3.0,-40.0
1776887195.3661027,-2.0,-2.0,-38.0
1776887195.3761027,-6.0,-1.0,-39.0
1776887195.386103,-3.0,3.0,-33.0
1776887195.396103,-2.0,0.0,-38.0
1776887195.406103,-2.0,0.0,-42.0
1776887195.4161026,-3.0,0.0,-39.0
1776887195.4261026,-3.0,0.0,-36.0
1776887195.4361026,-1.0,0.0,-31.0
1776887195.4461029,0.0,0.0,-37.0
1776887195.4561028,0.0,0.0,-42.0
1776887195.4661028,2.0,0.0,-39.0
1776887195.4761028,4.0,-2.0,-41.0
1776887195.4861028,5.0,-5.0,-46.0
1776887195.4961028,7.0,1.0,-49.0
1776887195.5061028,3.0,0.0,-46.0
1776887195.5161028,2.0,-1.0,-43.0
1776887195.5261028,7.0,-5.0,-39.0
1776887195.5361028,7.0,-6.0,-37.0
1776887195.5461028,4.0,-5.0,-39.0
1776887195.5561028,1.0,-1.0,-48.0
1776887195.5661027,0.0,0.0,-45.0
1776887195.5761027,-6.0,2.0,-39.0
1776887195.5861027,-6.0,-1.0,-37.0
1776887195.5961027,-5.0,0.0,-43.0
1776887195.6061027,-4.0,4.0,-39.0
1776887195.6161027,-2.0,4.0,-47.0
1776887195.6261027,0.0,6.0,-39.0
1776887195.636103,4.0,3.0,-33.0
1776887195.646103,5.0,0.0,-29.0
1776887195.656103,3.0,-2.0,-28.0
1776887195.6661026,5.0,-5.0,-22.0
1776887195.6761026,5.0,-6.0,-32.0
1776887195.6861026,4.0,-4.0,-32.0
1776887195.6961029,4.0,-4.0,-31.0
1776887195.7061028,0.0,-7.0,-33.0
1776887195.7161028,0.0,-7.0,-34.0
1776887195.7261028,2.0,-5.0,-31.0
1776887195.7361028,2.0,-3.0,-26.0
1776887195.7461028,5.0,-4.0,-31.0
1776887195.7561028,4.0,-1.0,-33.0
1776887195.7661028,4.0,-3.0,-40.0
1776887195.7761028,5.0,0.0,-30.0
1776887195.7861028,3.0,-1.0,-26.0
1776887195.7961028,-1.0,-3.0,-33.0
1776887195.8061028,-1.0,-3.0,-32.0
1776887195.8161027,0.0,0.0,-30.0
1776887195.8261027,0.0,0.0,-34.0
1776887195.8361027,-1.0,-1.0,-33.0
1776887195.8461027,0.0,-5.0,-39.0
1776887195.8561027,0.0,-8.0,-40.0
1776887195.8661027,0.0,-4.0,-48.0
1776887195.8761027,-2.0,-7.0,-45.0
1776887195.886103,0.0,-9.0,-43.0
1776887195.896103,0.0,-8.0,-39.0
1776887195.906103,-3.0,-8.0,-38.0
1776887195.9161026,-5.0,-6.0,-37.0
1776887195.9261026,-1.0,-6.0,-38.0
1776887195.9361026,-2.0,-6.0,-38.0
1776887195.9471028,-2.0,-10.0,-39.0
1776887195.9571028,0.0,-9.0,-37.0
1776887195.9671028,1.0,-7.0,-41.0
1776887195.9771028,2.0,-4.0,-38.0
1776887195.9871027,1.0,-5.0,-36.0
1776887195.9971027,5.0,-3.0,-37.0
1776887196.0071027,4.0,-7.0,-38.0
1776887196.0171027,2.0,-6.0,-39.0
1776887196.0271027,0.0,-3.0,-41.0
1776887196.0371027,0.0,0.0,-47.0
1776887196.0471027,1.0,0.0,-42.0
1776887196.057103,2.0,0.0,-52.0
1776887196.067103,1.0,-1.0,-52.0
1776887196.077103,2.0,-1.0,-42.0
1776887196.087103,2.0,-1.0,-36.0
1776887196.0971026,0.0,0.0,-30.0
1776887196.1071026,0.0,2.0,-37.0
1776887196.1171026,5.0,1.0,-40.0
1776887196.1271029,0.0,1.0,-37.0
1776887196.1371028,0.0,0.0,-32.0
1776887196.1471028,-2.0,0.0,-32.0
1776887196.1571028,4.0,-4.0,-26.0
1776887196.1671028,4.0,-6.0,-33.0
1776887196.1771028,5.0,-7.0,-41.0
1776887196.1871028,3.0,-8.0,-40.0
1776887196.1971028,2.0,-2.0,-34.0
1776887196.2071028,0.0,-2.0,-31.0
1776887196.2171028,-1.0,-3.0,-27.0
1776887196.2271028,-1.0,-6.0,-30.0
1776887196.2371027,0.0,-7.0,-36.0
1776887196.2471027,-1.0,-4.0,-42.0
1776887196.2571027,-4.0,-3.0,-43.0
1776887196.2671027,-6.0,-7.0,-46.0
1776887196.2771027,-3.0,-7.0,-46.0
1776887196.2871027,0.0,-7.0,-40.0
1776887196.2971027,1.0,-6.0,-34.0
1776887196.307103,0.0,-4.0,-35.0
1776887196.317103,0.0,0.0,-37.0
1776887196.327103,1.0,3.0,-37.0
1776887196.337103,-3.0,4.0,-39.0
1776887196.3471026,0.0,3.0,-35.0
1776887196.3571026,0.0,2.0,-36.0
1776887196.3671026,-1.0,-2.0,-34.0
1776887196.3771029,3.0,-3.0,-39.0
1776887196.3871028,9.0,-5.0,-43.0
1776887196.3971028,11.0,-2.0,-47.0
1776887196.4071028,13.0,-3.0,-42.0
1776887196.4171028,10.0,-3.0,-39.0
1776887196.4271028,6.0,-3.0,-38.0
1776887196.4371028,1.0,-3.0,-38.0
1776887196.4471028,0.0,-3.0,-44.0
1776887196.4571028,-3.0,0.0,-43.0
1776887196.4671028,-4.0,0.0,-50.0
1776887196.4771028,-3.0,2.0,-54.0
1776887196.4871027,2.0,-5.0,-55.0
1776887196.4971027,-2.0,-6.0,-56.0
1776887196.5071027,4.0,-4.0,-45.0
1776887196.5171027,5.0,-4.0,-36.0
1776887196.5271027,1.0,-3.0,-40.0
1776887196.5371027,1.0,-4.0,-39.0
1776887196.5471027,0.0,-4.0,-37.0
1776887196.557103,0.0,-3.0,-37.0
1776887196.567103,-1.0,-1.0,-40.0
1776887196.577103,-1.0,1.0,-37.0
1776887196.587103,-2.0,3.0,-29.0
1776887196.5971026,-4.0,0.0,-30.0
1776887196.6071026,-2.0,0.0,-37.0
1776887196.6171026,-1.0,2.0,-39.0
1776887196.6271029,-1.0,3.0,-35.0
1776887196.6371028,-2.0,2.0,-34.0
1776887196.6471028,-5.0,0.0,-36.0
1776887196.6571028,-4.0,0.0,-44.0
1776887196.6671028,0.0,-2.0,-41.0
1776887196.6771028,6.0,-7.0,-47.0
1776887196.6871028,7.0,-7.0,-49.0
1776887196.6971028,1.0,-9.0,-55.0
1776887196.7071028,3.0,-6.0,-55.0
1776887196.7171028,4.0,-3.0,-51.0
1776887196.7271028,10.0,0.0,-47.0
1776887196.7371027,6.0,0.0,-47.0
1776887196.7471027,5.0,4.0,-50.0
1776887196.7571027,5.0,8.0,-48.0
1776887196.7671027,7.0,8.0,-41.0
1776887196.7771027,7.0,9.0,-44.0
1776887196.7871027,5.0,4.0,-44.0
1776887196.7971027,0.0,4.0,-46.0
1776887196.807103,-1.0,1.0,-44.0
1776887196.817103,1.0,-2.0,-39.0
1776887196.827103,1.0,-1.0,-41.0
1776887196.837103,-3.0,1.0,-50.0
1776887196.8471026,-4.0,4.0,-49.0
1776887196.8571026,-9.0,2.0,-42.0
1776887196.8671026,-13.0,1.0,-36.0
1776887196.8771029,-12.0,0.0,-42.0
1776887196.8871028,-9.0,5.0,-43.0
1776887196.8971028,-7.0,5.0,-40.0
1776887196.9071028,-2.0,4.0,-36.0
1776887196.9171028,3.0,5.0,-40.0
1776887196.9271028,1.0,7.0,-39.0
1776887196.9371028,3.0,6.0,-39.0
1776887196.9471028,2.0,8.0,-36.0
1776887196.9571028,0.0,8.0,-33.0
1776887196.9671028,1.0,4.0,-32.0
1776887196.9771028,0.0,0.0,-38.0
1776887196.9871027,-3.0,-1.0,-42.0
1776887196.9971027,-6.0,0.0,-42.0
1776887197.0071027,-3.0,-2.0,-43.0
1776887197.0171027,-3.0,0.0,-40.0
1776887197.0271027,2.0,-1.0,-35.0
1776887197.0371027,5.0,0.0,-40.0
1776887197.0471027,0.0,-1.0,-40.0
1776887197.057103,1.0,-3.0,-36.0
1776887197.067103,6.0,-3.0,-35.0
1776887197.077103,8.0,2.0,-41.0
1776887197.087103,11.0,-1.0,-38.0
1776887197.0971026,7.0,0.0,-40.0
1776887197.1071026,4.0,1.0,-41.0
1776887197.1171026,4.0,-1.0,-42.0
1776887197.1271029,6.0,0.0,-41.0
1776887197.1371028,4.0,0.0,-37.0
1776887197.1471028,11.0,1.0,-35.0
1776887197.1571028,9.0,-3.0,-43.0
1776887197.1671028,10.0,-5.0,-46.0
1776887197.1771028,7.0,-5.0,-45.0
1776887197.1871028,6.0,-3.0,-43.0
1776887197.1971028,4.0,0.0,-46.0
1776887197.2071028,3.0,-1.0,-43.0
1776887197.2171028,4.0,0.0,-38.0
1776887197.2271028,7.0,4.0,-31.0
1776887197.2371027,2.0,5.0,-34.0
1776887197.2471027,-2.0,0.0,-40.0
1776887197.2571027,-1.0,0.0,-40.0
1776887197.2671027,-1.0,-1.0,-38.0
1776887197.2771027,0.0,-1.0,-36.0
1776887197.2871027,0.0,-2.0,-33.0
1776887197.2971027,1.0,0.0,-35.0
1776887197.307103,-1.0,0.0,-38.0
1776887197.317103,0.0,-1.0,-37.0
1776887197.327103,1.0,-7.0,-43.0
1776887197.3381028,-2.0,-4.0,-41.0
1776887197.3471026,0.0,-4.0,-40.0
1776887197.3571026,0.0,-8.0,-47.0
1776887197.3671026,-1.0,-4.0,-47.0
1776887197.3771029,1.0,-2.0,-44.0
1776887197.3871028,0.0,-3.0,-35.0
1776887197.3971028,-2.0,-2.0,-33.0
1776887197.4071028,-1.0,0.0,-33.0
1776887197.4171028,0.0,0.0,-31.0
1776887197.4281027,1.0,0.0,-28.0
1776887197.4371028,0.0,-5.0,-30.0
1776887197.4471028,0.0,-7.0,-38.0
1776887197.4571028,-3.0,-6.0,-36.0
1776887197.4671028,1.0,-4.0,-41.0
1776887197.4771028,3.0,-3.0,-44.0
1776887197.4871027,4.0,-1.0,-41.0
1776887197.4971027,0.0,0.0,-42.0
1776887197.5071027,-2.0,0.0,-43.0
1776887197.5171027,-3.0,2.0,-37.0
1776887197.5271027,0.0,1.0,-27.0
1776887197.5371027,-1.0,0.0,-33.0
1776887197.5471027,-3.0,3.0,-41.0
1776887197.557103,-3.0,6.0,-46.0
1776887197.567103,-3.0,7.0,-47.0
1776887197.577103,-3.0,3.0,-48.0
1776887197.587103,-5.0,0.0,-39.0
1776887197.5971026,-5.0,2.0,-39.0
1776887197.6071026,-2.0,2.0,-40.0
1776887197.6171026,0.0,1.0,-45.0
1776887197.6271029,0.0,-1.0,-41.0
1776887197.6371028,2.0,0.0,-40.0
1776887197.6471028,0.0,2.0,-44.0
1776887197.6571028,2.0,0.0,-40.0
1776887197.6671028,-1.0,-2.0,-37.0
1776887197.6771028,-10.0,-4.0,-37.0
1776887197.6871028,-13.0,-3.0,-37.0
1776887197.6971028,-12.0,-1.0,-34.0
1776887197.7071028,-7.0,0.0,-34.0
1776887197.7171028,-8.0,3.0,-33.0
1776887197.7271028,-5.0,5.0,-28.0
1776887197.7371027,0.0,3.0,-33.0
1776887197.7471027,2.0,1.0,-38.0
1776887197.7571027,5.0,-2.0,-43.0
1776887197.7671027,4.0,-1.0,-43.0
1776887197.7771027,2.0,0.0,-49.0
1776887197.7871027,4.0,-2.0,-40.0
1776887197.7971027,1.0,-1.0,-40.0
1776887197.807103,0.0,0.0,-40.0
1776887197.817103,0.0,-2.0,-40.0
1776887197.827103,1.0,-4.0,-39.0
1776887197.837103,-3.0,-1.0,-37.0
1776887197.8471026,-9.0,2.0,-33.0
1776887197.8571026,-3.0,0.0,-37.0
1776887197.8671026,-6.0,0.0,-44.0
1776887197.8771029,-5.0,1.0,-42.0
1776887197.8871028,-1.0,-1.0,-40.0
1776887197.8971028,2.0,-2.0,-42.0
1776887197.9071028,3.0,-2.0,-45.0
1776887197.9171028,4.0,-4.0,-45.0
1776887197.9281027,5.0,-6.0,-44.0
1776887197.9371028,0.0,-7.0,-45.0
1776887197.9471028,2.0,-4.0,-43.0
1776887197.9581027,-2.0,-2.0,-36.0
1776887197.9681027,-6.0,-3.0,-35.0
1776887197.9781027,-1.0,0.0,-48.0
1776887197.988103,1.0,2.0,-51.0
1776887197.998103,-2.0,2.0,-45.0
1776887198.008103,-3.0,0.0,-38.0
1776887198.0181026,-2.0,-5.0,-35.0
1776887198.0281026,-5.0,-6.0,-39.0
1776887198.0381026,-1.0,-2.0,-38.0
1776887198.0481029,-2.0,-1.0,-39.0
1776887198.0581028,-1.0,1.0,-39.0
1776887198.0681028,-1.0,3.0,-37.0
1776887198.0781028,0.0,3.0,-35.0
1776887198.0881028,-1.0,1.0,-31.0
1776887198.0981028,0.0,0.0,-32.0
1776887198.1081028,0.0,-2.0,-35.0
1776887198.1181028,3.0,-3.0,-30.0
1776887198.1281028,0.0,-7.0,-30.0
1776887198.1381028,0.0,-7.0,-23.0
1776887198.1481028,-5.0,-5.0,-25.0
1776887198.1581028,-7.0,-6.0,-26.0
1776887198.1681027,-1.0,-7.0,-32.0
1776887198.1781027,-1.0,-9.0,-43.0
1776887198.1881027,-2.0,-12.0,-38.0
1776887198.1981027,-3.0,-13.0,-42.0
1776887198.2081027,0.0,-12.0,-37.0
1776887198.2181027,2.0,-11.0,-42.0
1776887198.2281027,0.0,-9.0,-46.0
1776887198.238103,0.0,-6.0,-42.0
1776887198.248103,0.0,-2.0,-42.0
1776887198.258103,4.0,1.0,-42.0
1776887198.2681026,1.0,1.0,-42.0
1776887198.2781026,6.0,-3.0,-42.0
1776887198.2881026,3.0,-3.0,-44.0
1776887198.2981029,1.0,-4.0,-35.0
1776887198.3081028,-2.0,-1.0,-34.0
1776887198.3181028,-5.0,-4.0,-32.0
1776887198.3281028,-6.0,-2.0,-38.0
1776887198.3381028,0.0,0.0,-45.0
1776887198.3481028,0.0,1.0,-44.0
1776887198.3581028,0.0,1.0,-33.0
1776887198.3681028,0.0,-3.0,-32.0
1776887198.3781028,-1.0,-2.0,-30.0
1776887198.3881028,-3.0,-2.0,-33.0
1776887198.3981028,-5.0,-3.0,-30.0
1776887198.4081028,-4.0,-4.0,-33.0
1776887198.4181027,-2.0,-6.0,-40.0
1776887198.4281027,0.0,0.0,-44.0
1776887198.4381027,-1.0,-3.0,-38.0
1776887198.4481027,-2.0,-4.0,-38.0
1776887198.4581027,0.0,-7.0,-40.0
1776887198.4681027,0.0,-7.0,-42.0
1776887198.4781027,2.0,-10.0,-35.0
1776887198.488103,1.0,-10.0,-32.0
1776887198.498103,0.0,-7.0,-32.0
1776887198.508103,1.0,-5.0,-37.0
1776887198.5181026,-2.0,-7.0,-38.0
1776887198.5281026,1.0,-5.0,-39.0
1776887198.5381026,0.0,-6.0,-39.0
1776887198.5481029,3.0,-8.0,-39.0
1776887198.5581028,2.0,-8.0,-36.0
1776887198.5681028,0.0,-7.0,-36.0
1776887198.5781028,-1.0,-9.0,-35.0
1776887198.5881028,-7.0,-13.0,-36.0
1776887198.5981028,-8.0,-11.0,-35.0
1776887198.6081028,-11.0,-8.0,-43.0
1776887198.6181028,-7.0,-7.0,-42.0
1776887198.6281028,-8.0,-6.0,-42.0
1776887198.6381028,-2.0,-6.0,-45.0
1776887198.6481028,0.0,-2.0,-48.0
1776887198.6581028,-2.0,-2.0,-48.0
1776887198.6681027,0.0,-3.0,-45.0
1776887198.6781027,1.0,-6.0,-50.0
1776887198.6881027,0.0,-5.0,-51.0
1776887198.6981027,-3.0,-6.0,-46.0
1776887198.7081027,1.0,-7.0,-42.0
1776887198.7181027,0.0,-10.0,-41.0
1776887198.7281027,0.0,-7.0,-40.0
1776887198.738103,2.0,-1.0,-39.0
1776887198.748103,1.0,-2.0,-38.0
1776887198.758103,1.0,-1.0,-38.0
1776887198.7681026,0.0,0.0,-43.0
1776887198.7781026,0.0,-3.0,-41.0
1776887198.7881026,-5.0,2.0,-45.0
1776887198.7981029,-4.0,1.0,-48.0
1776887198.8081028,-4.0,0.0,-44.0
1776887198.8181028,-1.0,2.0,-42.0
1776887198.8281028,-1.0,1.0,-37.0
1776887198.8381028,-3.0,1.0,-31.0
1776887198.8481028,-3.0,4.0,-30.0
1776887198.8581028,-3.0,0.0,-26.0
1776887198.8681028,-2.0,-3.0,-35.0
1776887198.8781028,-3.0,-4.0,-38.0
1776887198.8881028,-2.0,-6.0,-47.0
1776887198.8981028,-1.0,-5.0,-47.0
1776887198.9081028,0.0,0.0,-47.0
1776887198.9181027,-2.0,1.0,-48.0
1776887198.9281027,-3.0,1.0,-43.0
1776887198.9381027,-7.0,0.0,-37.0
1776887198.9481027,-6.0,-1.0,-38.0
1776887198.9581027,-5.0,-6.0,-37.0
1776887198.9681027,-6.0,-8.0,-34.0
1776887198.9781027,-9.0,-10.0,-41.0
1776887198.988103,-8.0,-6.0,-42.0
1776887198.998103,-5.0,-4.0,-43.0
1776887199.008103,-4.0,-1.0,-38.0
1776887199.0181026,-7.0,0.0,-38.0
1776887199.0281026,-7.0,0.0,-31.0
1776887199.0381026,-6.0,3.0,-35.0
1776887199.0481029,0.0,3.0,-31.0
1776887199.0581028,4.0,5.0,-25.0
1776887199.0681028,5.0,2.0,-30.0
1776887199.0781028,3.0,1.0,-32.0
1776887199.0881028,2.0,3.0,-30.0
1776887199.0981028,0.0,-1.0,-32.0
1776887199.1081028,0.0,-2.0,-30.0
1776887199.1181028,-1.0,-5.0,-40.0
1776887199.1281028,0.0,-3.0,-38.0
1776887199.1381028,0.0,-2.0,-34.0
1776887199.1481028,-3.0,0.0,-37.0
1776887199.1581028,-1.0,-1.0,-45.0
1776887199.1681027,0.0,-3.0,-44.0
1776887199.1781027,-4.0,-5.0,-42.0
1776887199.1881027,0.0,-8.0,-39.0
1776887199.1981027,-1.0,-7.0,-37.0
1776887199.2081027,-1.0,-5.0,-41.0
1776887199.2181027,0.0,-5.0,-38.0
1776887199.2281027,0.0,-5.0,-29.0
1776887199.238103,2.0,-9.0,-28.0
1776887199.248103,5.0,-6.0,-29.0
1776887199.258103,1.0,-3.0,-32.0
1776887199.2681026,2.0,-3.0,-32.0
1776887199.2781026,1.0,0.0,-32.0
1776887199.2881026,1.0,0.0,-34.0
1776887199.2981029,0.0,0.0,-38.0
1776887199.3081028,0.0,1.0,-37.0
1776887199.3181028,-4.0,0.0,-43.0
1776887199.3281028,-2.0,1.0,-38.0
1776887199.3381028,-5.0,0.0,-36.0
1776887199.3481028,0.0,0.0,-40.0
1776887199.3581028,3.0,-3.0,-45.0
1776887199.3681028,3.0,-6.0,-43.0
1776887199.3781028,6.0,-6.0,-43.0
1776887199.3881028,6.0,-2.0,-36.0
1776887199.3981028,0.0,0.0,-34.0
1776887199.4081028,2.0,0.0,-36.0
1776887199.4181027,1.0,-1.0,-38.0
1776887199.4281027,-1.0,-3.0,-36.0
1776887199.4381027,-2.0,-3.0,-40.0
1776887199.4481027,-2.0,-5.0,-40.0
1776887199.4581027,-5.0,-3.0,-35.0
1776887199.4681027,-5.0,-2.0,-35.0
1776887199.4781027,-7.0,-6.0,-38.0
1776887199.488103,-7.0,-8.0,-38.0
1776887199.498103,-6.0,-6.0,-37.0
1776887199.508103,-2.0,-3.0,-40.0
1776887199.5181026,-5.0,-1.0,-33.0
1776887199.5281026,-6.0,1.0,-28.0
1776887199.5381026,-4.0,0.0,-26.0
1776887199.5481029,0.0,1.0,-26.0
1776887199.5581028,2.0,1.0,-31.0
1776887199.5681028,3.0,2.0,-35.0
1776887199.5781028,1.0,1.0,-34.0
1776887199.5881028,6.0,5.0,-36.0
1776887199.5981028,7.0,7.0,-44.0
1776887199.6081028,4.0,6.0,-43.0
1776887199.6181028,-1.0,2.0,-42.0
1776887199.6281028,0.0,0.0,-42.0
1776887199.6381028,3.0,-2.0,-44.0
1776887199.6481028,5.0,-4.0,-39.0
1776887199.6581028,3.0,0.0,-36.0
1776887199.6681027,3.0,-2.0,-38.0
1776887199.6781027,2.0,-5.0,-45.0
1776887199.6881027,3.0,-9.0,-43.0
1776887199.6981027,3.0,-10.0,-42.0
1776887199.7081027,3.0,-7.0,-37.0
1776887199.7181027,4.0,-3.0,-39.0
1776887199.7281027,0.0,-5.0,-38.0
1776887199.738103,-5.0,-2.0,-37.0
1776887199.748103,1.0,0.0,-42.0
1776887199.758103,0.0,-1.0,-41.0
1776887199.7681026,-8.0,-2.0,-32.0
1776887199.7781026,-10.0,-1.0,-31.0
1776887199.7881026,-8.0,-1.0,-35.0
1776887199.7981029,-11.0,-4.0,-36.0
1776887199.8081028,-9.0,-7.0,-28.0
1776887199.8181028,-7.0,-3.0,-27.0
1776887199.8281028,-4.0,-1.0,-32.0
1776887199.8381028,-4.0,2.0,-32.0
1776887199.8481028,-3.0,0.0,-34.0
1776887199.8581028,-5.0,0.0,-34.0
1776887199.8681028,-8.0,-4.0,-34.0
1776887199.8781028,-4.0,-5.0,-37.0
1776887199.8881028,-2.0,-3.0,-39.0
1776887199.8981028,-1.0,-2.0,-45.0
1776887199.9081028,0.0,-2.0,-49.0
1776887199.9181027,-1.0,0.0,-49.0
1776887199.929103,0.0,0.0,-48.0
1776887199.9381027,0.0,-1.0,-44.0
1776887199.9481027,-1.0,0.0,-52.0
1776887199.9581027,0.0,-1.0,-44.0
1776887199.9681027,0.0,-4.0,-40.0
1776887199.9791028,2.0,0.0,-38.0
1776887199.9891028,-2.0,7.0,-32.0
1776887199.9991028,-2.0,6.0,-34.0
1776887200.0091028,0.0,3.0,-28.0
1776887200.0191028,1.0,-1.0,-23.0
1776887200.0291028,4.0,-3.0,-19.0
1776887200.0391028,6.0,-2.0,-20.0
1776887200.0491028,2.0,-1.0,-24.0
1776887200.0591028,-1.0,-1.0,-22.0
1776887200.0691028,-1.0,-1.0,-23.0
1776887200.0791028,0.0,0.0,-22.0
1776887200.0891027,-1.0,0.0,-25.0
1776887200.0991027,-3.0,0.0,-28.0
1776887200.1091027,-3.0,0.0,-32.0
1776887200.1191027,-3.0,0.0,-41.0
1776887200.1291027,-7.0,2.0,-42.0
1776887200.1391027,-7.0,3.0,-42.0
1776887200.1491027,-6.0,0.0,-47.0
1776887200.159103,-4.0,0.0,-48.0
1776887200.169103,0.0,1.0,-48.0
1776887200.179103,-3.0,0.0,-47.0
1776887200.1891026,-2.0,0.0,-47.0
1776887200.1991026,-4.0,0.0,-46.0
1776887200.2091026,-5.0,-2.0,-43.0
1776887200.2191026,-4.0,-2.0,-40.0
1776887200.2291028,-4.0,0.0,-35.0
1776887200.2391028,-2.0,0.0,-36.0
1776887200.2491028,2.0,-2.0,-35.0
1776887200.2591028,4.0,1.0,-39.0
1776887200.2691028,3.0,0.0,-39.0
1776887200.2791028,5.0,0.0,-35.0
1776887200.2891028,6.0,0.0,-31.0
1776887200.2991028,5.0,0.0,-26.0
1776887200.3091028,4.0,-3.0,-27.0
1776887200.3191028,4.0,-3.0,-25.0
1776887200.3291028,0.0,0.0,-32.0
1776887200.3391027,1.0,-1.0,-32.0
1776887200.3491027,4.0,-3.0,-31.0
1776887200.3591027,0.0,-3.0,-36.0
1776887200.3691027,-7.0,-3.0,-37.0
1776887200.3791027,-2.0,0.0,-42.0
1776887200.3891027,0.0,1.0,-45.0
1776887200.3991027,6.0,1.0,-47.0
1776887200.409103,9.0,1.0,-44.0
1776887200.419103,8.0,-2.0,-41.0
1776887200.429103,9.0,-3.0,-39.0
1776887200.4391026,5.0,0.0,-43.0
1776887200.4491026,0.0,0.0,-38.0
1776887200.4591026,2.0,3.0,-33.0
1776887200.4691026,7.0,2.0,-29.0
1776887200.4791028,11.0,3.0,-24.0
1776887200.4891028,10.0,3.0,-29.0
1776887200.4991028,3.0,3.0,-36.0
1776887200.5091028,1.0,0.0,-38.0
1776887200.5191028,5.0,-3.0,-43.0
1776887200.5291028,9.0,0.0,-40.0
1776887200.5391028,8.0,-1.0,-38.0
1776887200.5491028,1.0,-1.0,-36.0
1776887200.5591028,3.0,-1.0,-29.0
1776887200.5691028,0.0,-1.0,-32.0
1776887200.5791028,0.0,2.0,-33.0
1776887200.5891027,1.0,5.0,-47.0
1776887200.5991027,4.0,7.0,-52.0
1776887200.6091027,3.0,4.0,-46.0
1776887200.6191027,4.0,7.0,-39.0
1776887200.6291027,0.0,4.0,-43.0
1776887200.6391027,0.0,0.0,-44.0
1776887200.6491027,0.0,-2.0,-46.0
1776887200.659103,-1.0,-3.0,-43.0
1776887200.669103,2.0,-3.0,-43.0
1776887200.679103,2.0,-2.0,-49.0
1776887200.6891026,6.0,-6.0,-46.0
1776887200.6991026,3.0,-8.0,-45.0
1776887200.7091026,2.0,-5.0,-47.0
1776887200.7191026,0.0,-1.0,-39.0
1776887200.7291028,-4.0,0.0,-41.0
1776887200.7391028,-4.0,2.0,-43.0
1776887200.7491028,-3.0,4.0,-39.0
1776887200.7591028,-5.0,1.0,-42.0
1776887200.7691028,-4.0,-3.0,-44.0
1776887200.7791028,0.0,-3.0,-48.0
1776887200.7891028,0.0,-7.0,-42.0
1776887200.7991028,0.0,-5.0,-35.0
1776887200.8091028,0.0,-2.0,-36.0
1776887200.8191028,2.0,-3.0,-39.0
1776887200.8291028,2.0,0.0,-38.0
1776887200.8391027,0.0,-1.0,-34.0
1776887200.8491027,0.0,-2.0,-32.0
1776887200.8591027,-2.0,-5.0,-33.0
1776887200.8691027,-3.0,-4.0,-20.0
1776887200.8791027,1.0,-3.0,-19.0
1776887200.8891027,0.0,-5.0,-22.0
1776887200.8991027,-2.0,-7.0,-28.0
1776887200.909103,-2.0,-6.0,-26.0
1776887200.919103,1.0,-8.0,-36.0
1776887200.929103,5.0,-10.0,-36.0
1776887200.9391026,3.0,-5.0,-40.0
1776887200.9491026,-1.0,-4.0,-42.0
1776887200.9591026,-4.0,-3.0,-44.0
1776887200.9691026,-5.0,-3.0,-40.0
1776887200.9791028,-3.0,-4.0,-37.0
1776887200.9891028,-3.0,-1.0,-34.0
1776887200.9991028,-1.0,3.0,-34.0
1776887201.0091028,-1.0,8.0,-33.0
1776887201.0191028,-1.0,7.0,-39.0
1776887201.0291028,-2.0,4.0,-37.0
1776887201.0391028,-2.0,3.0,-41.0
1776887201.0491028,-2.0,2.0,-49.0
1776887201.0591028,0.0,1.0,-46.0
1776887201.0691028,3.0,0.0,-38.0
1776887201.0791028,1.0,-1.0,-39.0
1776887201.0891027,2.0,-3.0,-44.0
1776887201.0991027,3.0,-5.0,-37.0
1776887201.1091027,2.0,-3.0,-45.0
1776887201.1191027,3.0,0.0,-43.0
1776887201.1291027,3.0,-3.0,-41.0
1776887201.1391027,6.0,-4.0,-42.0
1776887201.1491027,2.0,0.0,-37.0
1776887201.159103,0.0,-2.0,-34.0
1776887201.169103,-3.0,-4.0,-28.0
1776887201.179103,-9.0,-3.0,-35.0
1776887201.1891026,-7.0,-4.0,-38.0
1776887201.1991026,-9.0,-3.0,-44.0
1776887201.2091026,-2.0,-2.0,-48.0
1776887201.2191026,-3.0,4.0,-46.0
1776887201.2291028,-4.0,6.0,-40.0
1776887201.2391028,-2.0,4.0,-36.0
1776887201.2491028,-3.0,3.0,-37.0
1776887201.2591028,-10.0,7.0,-36.0
1776887201.2691028,-5.0,3.0,-32.0
1776887201.2791028,0.0,1.0,-24.0
1776887201.2891028,0.0,3.0,-27.0
1776887201.2991028,5.0,3.0,-30.0
1776887201.3091028,6.0,3.0,-32.0
1776887201.3191028,3.0,4.0,-29.0
1776887201.3291028,0.0,-1.0,-36.0
1776887201.3391027,1.0,-3.0,-47.0
1776887201.3491027,2.0,-8.0,-51.0
1776887201.3591027,3.0,-7.0,-50.0
1776887201.3691027,4.0,-4.0,-43.0
1776887201.3791027,-1.0,-5.0,-42.0
1776887201.3891027,3.0,-3.0,-45.0
1776887201.3991027,7.0,0.0,-49.0
1776887201.409103,3.0,2.0,-49.0
1776887201.419103,1.0,2.0,-37.0
1776887201.429103,1.0,0.0,-39.0
1776887201.4391026,-2.0,-3.0,-42.0
1776887201.4491026,-2.0,-3.0,-44.0
1776887201.4591026,-1.0,-4.0,-40.0
1776887201.4691026,1.0,-4.0,-41.0
1776887201.4791028,0.0,-3.0,-43.0
1776887201.4891028,-4.0,-1.0,-47.0
1776887201.4991028,-3.0,3.0,-45.0
1776887201.5091028,-6.0,4.0,-42.0
1776887201.5191028,-4.0,1.0,-40.0
1776887201.5291028,-4.0,-3.0,-37.0
1776887201.5391028,-1.0,-5.0,-29.0
1776887201.5491028,0.0,-7.0,-30.0
1776887201.5591028,1.0,-9.0,-33.0
1776887201.5691028,-3.0,-3.0,-26.0
1776887201.5791028,1.0,0.0,-31.0
1776887201.5891027,-1.0,0.0,-38.0
1776887201.5991027,-1.0,1.0,-47.0
1776887201.6091027,-2.0,0.0,-51.0
1776887201.6191027,-1.0,-2.0,-52.0
1776887201.6291027,-2.0,-4.0,-53.0
1776887201.6391027,-2.0,-5.0,-54.0
1776887201.6491027,-4.0,-5.0,-46.0
1776887201.659103,-6.0,-5.0,-38.0
1776887201.669103,-4.0,-3.0,-40.0
1776887201.679103,-2.0,-1.0,-40.0
1776887201.6891026,-2.0,-4.0,-44.0
1776887201.6991026,-4.0,-5.0,-47.0
1776887201.7091026,-5.0,-4.0,-45.0
1776887201.7191026,0.0,-1.0,-40.0
1776887201.7291028,0.0,-5.0,-34.0
1776887201.7391028,0.0,-8.0,-32.0
1776887201.7491028,3.0,-6.0,-27.0
1776887201.7591028,1.0,-8.0,-34.0
1776887201.7691028,0.0,-10.0,-38.0
1776887201.7791028,-2.0,-13.0,-37.0
1776887201.7891028,1.0,-14.0,-38.0
1776887201.7991028,-1.0,-11.0,-44.0
1776887201.8091028,-6.0,-9.0,-40.0
1776887201.8191028,-3.0,-4.0,-38.0
1776887201.8291028,-2.0,-3.0,-36.0
1776887201.8391027,-9.0,-7.0,-43.0
1776887201.8491027,-9.0,-6.0,-44.0
1776887201.8591027,-6.0,-5.0,-49.0
1776887201.8691027,-4.0,-4.0,-47.0
1776887201.8791027,-7.0,-5.0,-41.0
1776887201.8891027,-1.0,-4.0,-43.0
1776887201.8991027,3.0,-3.0,-38.0
1776887201.9101028,0.0,-6.0,-31.0
1776887201.919103,0.0,-3.0,-32.0
1776887201.929103,5.0,-4.0,-38.0
1776887201.9401028,8.0,-3.0,-44.0
1776887201.9501028,4.0,-5.0,-42.0
1776887201.9601028,0.0,-4.0,-45.0
1776887201.9701028,-5.0,-4.0,-56.0
1776887201.9801028,-4.0,-3.0,-61.0
1776887201.9901028,-5.0,-5.0,-57.0
1776887202.0001028,-4.0,-5.0,-54.0
1776887202.0101027,-2.0,-7.0,-50.0
1776887202.0201027,0.0,-8.0,-56.0
1776887202.0301027,2.0,-7.0,-49.0
1776887202.0401027,3.0,-6.0,-43.0
1776887202.0501027,0.0,-6.0,-45.0
1776887202.0601027,3.0,-6.0,-49.0
1776887202.0701027,3.0,-5.0,-41.0
1776887202.0801027,8.0,-7.0,-43.0
1776887202.090103,5.0,-7.0,-44.0
1776887202.100103,2.0,-6.0,-39.0
1776887202.110103,-1.0,-3.0,-36.0
1776887202.1201026,-3.0,-2.0,-37.0
1776887202.1301026,-1.0,-3.0,-42.0
1776887202.1401026,-3.0,-6.0,-38.0
1776887202.1501029,-1.0,-9.0,-37.0
1776887202.1601028,-1.0,-3.0,-35.0
1776887202.1701028,-1.0,-1.0,-31.0
1776887202.1801028,0.0,-3.0,-26.0
1776887202.1901028,-1.0,-4.0,-26.0
1776887202.2001028,0.0,-5.0,-26.0
1776887202.2101028,1.0,-4.0,-33.0
1776887202.2201028,2.0,-3.0,-35.0
1776887202.2301028,0.0,-5.0,-30.0
1776887202.2401028,0.0,0.0,-36.0
1776887202.2501028,0.0,0.0,-38.0
1776887202.2601027,4.0,4.0,-44.0
1776887202.2701027,4.0,1.0,-36.0
1776887202.2801027,-2.0,3.0,-39.0
1776887202.2901027,0.0,0.0,-44.0
1776887202.3001027,0.0,1.0,-41.0
1776887202.3101027,-2.0,1.0,-44.0
1776887202.3201027,0.0,3.0,-47.0
1776887202.3301027,5.0,0.0,-46.0
1776887202.340103,7.0,-4.0,-46.0
1776887202.350103,9.0,-4.0,-43.0
1776887202.360103,6.0,-8.0,-38.0
1776887202.3701026,4.0,-10.0,-37.0
1776887202.3801026,5.0,-4.0,-37.0
1776887202.3901026,4.0,-3.0,-35.0
1776887202.4001029,0.0,-3.0,-34.0
1776887202.4101028,3.0,0.0,-34.0
1776887202.4201028,4.0,1.0,-31.0
1776887202.4301028,3.0,-3.0,-22.0
1776887202.4401028,1.0,-3.0,-25.0
1776887202.4501028,-2.0,-2.0,-33.0
1776887202.4601028,1.0,0.0,-34.0
1776887202.4701028,5.0,2.0,-34.0
1776887202.4801028,6.0,2.0,-32.0
1776887202.4901028,0.0,4.0,-29.0
1776887202.5001028,-1.0,7.0,-37.0
1776887202.5101027,0.0,4.0,-38.0
1776887202.5201027,0.0,1.0,-40.0
1776887202.5301027,0.0,2.0,-46.0
1776887202.5401027,2.0,-2.0,-45.0
1776887202.5501027,0.0,-6.0,-43.0
1776887202.5601027,-3.0,0.0,-44.0
1776887202.5701027,-5.0,-1.0,-43.0
1776887202.5801027,-2.0,-1.0,-46.0
1776887202.590103,-3.0,-1.0,-43.0
1776887202.600103,-3.0,4.0,-45.0
1776887202.610103,-1.0,0.0,-39.0
1776887202.6201026,4.0,0.0,-39.0
1776887202.6301026,3.0,3.0,-36.0
1776887202.6401026,-2.0,1.0,-39.0
1776887202.6501029,-2.0,-1.0,-35.0
1776887202.6601028,-2.0,-3.0,-30.0
1776887202.6701028,-4.0,-4.0,-33.0
1776887202.6801028,-4.0,-3.0,-33.0
1776887202.6901028,-4.0,-4.0,-35.0
1776887202.7001028,-1.0,0.0,-30.0
1776887202.7101028,-3.0,2.0,-28.0
1776887202.7201028,-5.0,2.0,-31.0
1776887202.7301028,-1.0,-3.0,-35.0
1776887202.7401028,-1.0,-3.0,-30.0
1776887202.7501028,-1.0,-1.0,-32.0
1776887202.7601027,0.0,0.0,-38.0
1776887202.7701027,2.0,1.0,-37.0
1776887202.7801027,0.0,0.0,-38.0
1776887202.7901027,4.0,0.0,-38.0
1776887202.8001027,3.0,0.0,-30.0
1776887202.8101027,4.0,-1.0,-29.0
1776887202.8201027,1.0,-1.0,-32.0
1776887202.8301027,1.0,0.0,-35.0
1776887202.840103,1.0,-4.0,-38.0
1776887202.850103,4.0,-4.0,-38.0
1776887202.860103,1.0,-4.0,-44.0
1776887202.8701026,2.0,-7.0,-47.0
1776887202.8801026,3.0,-6.0,-46.0
1776887202.8901026,2.0,-3.0,-49.0
1776887202.9001029,5.0,-3.0,-53.0
1776887202.9101028,4.0,-5.0,-39.0
1776887202.9201028,4.0,-5.0,-41.0
1776887202.9301028,7.0,-3.0,-34.0
1776887202.9401028,4.0,-2.0,-30.0
1776887202.9501028,0.0,0.0,-39.0
1776887202.9601028,0.0,3.0,-45.0
1776887202.9701028,-4.0,3.0,-47.0
1776887202.9801028,-1.0,4.0,-44.0
1776887202.9901028,-1.0,3.0,-42.0
1776887203.0001028,-3.0,2.0,-45.0
1776887203.0101027,-1.0,5.0,-47.0
1776887203.0201027,0.0,1.0,-41.0
1776887203.0301027,3.0,0.0,-42.0
1776887203.0401027,4.0,-2.0,-36.0
1776887203.0501027,5.0,-4.0,-34.0
1776887203.0601027,1.0,-5.0,-44.0
1776887203.0701027,5.0,-6.0,-49.0
1776887203.0801027,1.0,-3.0,-49.0
1776887203.090103,0.0,-2.0,-46.0
1776887203.100103,-1.0,0.0,-43.0
1776887203.110103,-4.0,-2.0,-38.0
1776887203.1201026,-1.0,-5.0,-36.0
1776887203.1301026,-2.0,-3.0,-39.0
1776887203.1401026,2.0,-1.0,-33.0
1776887203.1501029,5.0,0.0,-38.0
1776887203.1601028,3.0,2.0,-33.0
1776887203.1701028,6.0,3.0,-29.0
1776887203.1801028,6.0,5.0,-33.0
1776887203.1901028,7.0,1.0,-34.0
1776887203.2001028,7.0,4.0,-34.0
1776887203.2101028,8.0,3.0,-36.0
1776887203.2201028,10.0,2.0,-35.0
1776887203.2301028,7.0,-2.0,-35.0
1776887203.2401028,6.0,-4.0,-35.0
1776887203.2501028,3.0,-3.0,-36.0
1776887203.2601027,1.0,-6.0,-42.0
1776887203.2701027,-1.0,-4.0,-31.0
1776887203.2801027,-2.0,-4.0,-33.0
1776887203.2901027,0.0,0.0,-34.0
1776887203.3001027,0.0,0.0,-39.0
1776887203.3101027,0.0,1.0,-39.0
1776887203.3201027,1.0,7.0,-39.0
1776887203.3301027,0.0,8.0,-42.0
1776887203.340103,0.0,6.0,-38.0
1776887203.350103,0.0,5.0,-38.0
1776887203.360103,4.0,5.0,-35.0
1776887203.3701026,0.0,4.0,-41.0
1776887203.3801026,3.0,2.0,-45.0
1776887203.3901026,4.0,3.0,-47.0
1776887203.4001029,0.0,0.0,-47.0
1776887203.4101028,0.0,-2.0,-55.0
1776887203.4201028,-2.0,-3.0,-50.0
1776887203.4301028,3.0,-2.0,-45.0
1776887203.4401028,4.0,-6.0,-40.0
1776887203.4501028,0.0,-9.0,-34.0
1776887203.4601028,0.0,-5.0,-37.0
1776887203.4701028,0.0,-4.0,-33.0
1776887203.4801028,1.0,-4.0,-34.0
1776887203.4901028,2.0,0.0,-39.0
1776887203.5001028,2.0,-4.0,-39.0
1776887203.5101027,1.0,-6.0,-38.0
1776887203.5201027,0.0,-6.0,-39.0
1776887203.5301027,0.0,-13.0,-45.0
1776887203.5401027,4.0,-12.0,-43.0
1776887203.5501027,2.0,-15.0,-44.0
1776887203.5601027,1.0,-14.0,-40.0
1776887203.5701027,0.0,-9.0,-39.0
1776887203.5801027,2.0,-10.0,-33.0
1776887203.590103,4.0,-7.0,-36.0
1776887203.600103,5.0,-8.0,-33.0
1776887203.610103,3.0,-10.0,-29.0
1776887203.6201026,8.0,-10.0,-32.0
1776887203.6301026,10.0,-12.0,-33.0
1776887203.6401026,13.0,-11.0,-38.0
1776887203.6501029,7.0,-5.0,-34.0
1776887203.6601028,3.0,-6.0,-36.0
1776887203.6701028,0.0,-4.0,-43.0
1776887203.6801028,0.0,-4.0,-46.0
1776887203.6901028,0.0,0.0,-49.0
1776887203.7001028,1.0,1.0,-43.0
1776887203.7101028,6.0,1.0,-41.0
1776887203.7201028,6.0,-3.0,-35.0
1776887203.7301028,2.0,-4.0,-32.0
1776887203.7401028,2.0,-2.0,-40.0
1776887203.7501028,3.0,-2.0,-41.0
1776887203.7601027,5.0,-1.0,-44.0
1776887203.7701027,1.0,1.0,-45.0
1776887203.7801027,-1.0,-1.0,-49.0
1776887203.7901027,-1.0,1.0,-46.0
1776887203.8001027,1.0,1.0,-40.0
1776887203.8101027,4.0,2.0,-46.0
1776887203.8201027,3.0,1.0,-47.0
1776887203.8301027,4.0,-1.0,-36.0
1776887203.840103,2.0,0.0,-33.0
1776887203.850103,2.0,0.0,-41.0
1776887203.860103,-3.0,2.0,-39.0
1776887203.8701026,-1.0,4.0,-43.0
1776887203.8801026,0.0,2.0,-41.0
1776887203.8901026,1.0,0.0,-40.0
1776887203.9001029,2.0,0.0,-42.0
1776887203.9101028,4.0,0.0,-42.0
1776887203.9201028,3.0,-4.0,-41.0
1776887203.9311028,0.0,-3.0,-45.0
1776887203.9411027,3.0,-3.0,-47.0
1776887203.9511027,13.0,-3.0,-50.0
1776887203.9611027,11.0,-3.0,-51.0
1776887203.9711027,7.0,-3.0,-43.0
1776887203.9811027,4.0,0.0,-40.0
1776887203.9911027,4.0,0.0,-47.0
1776887204.0011027,1.0,-5.0,-47.0
1776887204.011103,-2.0,-7.0,-45.0
1776887204.021103,-3.0,-10.0,-40.0
1776887204.031103,0.0,-9.0,-38.0
1776887204.0411026,-2.0,-12.0,-42.0
1776887204.0511026,0.0,-12.0,-37.0
1776887204.0611026,1.0,-11.0,-44.0
1776887204.0711029,2.0,-8.0,-41.0
1776887204.0811028,0.0,-7.0,-39.0
1776887204.0911028,0.0,-8.0,-40.0
1776887204.1011028,-2.0,-7.0,-37.0
1776887204.1111028,-2.0,-9.0,-37.0
1776887204.1211028,3.0,-5.0,-43.0
1776887204.1311028,5.0,-6.0,-46.0
1776887204.1411028,7.0,-9.0,-47.0
1776887204.1511028,11.0,-5.0,-41.0
1776887204.1611028,9.0,-4.0,-35.0
1776887204.1711028,5.0,-2.0,-39.0
1776887204.1811028,1.0,-3.0,-36.0
1776887204.1911027,2.0,-4.0,-31.0
1776887204.2011027,0.0,-3.0,-31.0
1776887204.2111027,0.0,-5.0,-33.0
1776887204.2211027,-3.0,-6.0,-37.0
1776887204.2311027,0.0,-4.0,-37.0
1776887204.2411027,-2.0,0.0,-38.0
1776887204.2511027,-3.0,0.0,-31.0
1776887204.261103,0.0,1.0,-33.0
1776887204.271103,4.0,4.0,-33.0
1776887204.281103,2.0,0.0,-33.0
1776887204.2911026,2.0,0.0,-37.0
1776887204.3011026,-3.0,-2.0,-35.0
1776887204.3111026,0.0,-5.0,-37.0
1776887204.3211029,-4.0,-2.0,-31.0
1776887204.3311028,-6.0,2.0,-40.0
1776887204.3411028,-5.0,0.0,-40.0
1776887204.3511028,0.0,-2.0,-40.0
1776887204.3611028,-1.0,-3.0,-42.0
1776887204.3711028,0.0,-1.0,-49.0
1776887204.3811028,-1.0,-6.0,-51.0
1776887204.3911028,3.0,-6.0,-48.0
1776887204.4011028,2.0,-4.0,-42.0
1776887204.4111028,-1.0,-5.0,-39.0
1776887204.4211028,-1.0,-3.0,-36.0
1776887204.4311028,2.0,-8.0,-44.0
1776887204.4411027,3.0,-5.0,-36.0
1776887204.4511027,2.0,-5.0,-31.0
1776887204.4611027,2.0,-4.0,-35.0
1776887204.4711027,3.0,-4.0,-38.0
1776887204.4811027,10.0,-4.0,-43.0
1776887204.4911027,10.0,0.0,-35.0
1776887204.5011027,7.0,-1.0,-38.0
1776887204.511103,7.0,-3.0,-33.0
1776887204.521103,8.0,-2.0,-32.0
1776887204.531103,7.0,0.0,-24.0
1776887204.5411026,6.0,1.0,-25.0
1776887204.5511026,8.0,2.0,-36.0
1776887204.5611026,10.0,2.0,-38.0
1776887204.5711029,10.0,0.0,-34.0
1776887204.5811028,7.0,0.0,-35.0
1776887204.5911028,6.0,2.0,-34.0
1776887204.6011028,7.0,2.0,-34.0
1776887204.6111028,7.0,4.0,-40.0
1776887204.6211028,2.0,4.0,-39.0
1776887204.6311028,3.0,0.0,-42.0
1776887204.6411028,2.0,-1.0,-43.0
1776887204.6511028,1.0,-7.0,-44.0
1776887204.6611028,-2.0,-10.0,-45.0
1776887204.6711028,-5.0,-6.0,-38.0
1776887204.6811028,-7.0,-4.0,-42.0
1776887204.6911027,-7.0,-6.0,-32.0
1776887204.7011027,-5.0,-7.0,-29.0
1776887204.7111027,1.0,-3.0,-31.0
1776887204.7211027,1.0,-3.0,-30.0
1776887204.7311027,0.0,-3.0,-31.0
1776887204.7411027,2.0,-2.0,-27.0
1776887204.7511027,2.0,0.0,-29.0
1776887204.761103,1.0,1.0,-26.0
1776887204.771103,-4.0,2.0,-28.0
1776887204.781103,-2.0,0.0,-24.0
1776887204.7911026,-6.0,1.0,-26.0
1776887204.8011026,-6.0,-3.0,-22.0
1776887204.8111026,-3.0,-1.0,-32.0
1776887204.8211029,-2.0,-4.0,-38.0
1776887204.8311028,3.0,-3.0,-45.0
1776887204.8411028,3.0,0.0,-41.0
1776887204.8511028,4.0,0.0,-35.0
1776887204.8611028,3.0,-1.0,-40.0
1776887204.8711028,3.0,-5.0,-37.0
1776887204.8811028,2.0,-7.0,-39.0
1776887204.8911028,2.0,-5.0,-35.0
1776887204.9011028,0.0,-4.0,-34.0
1776887204.9111028,2.0,0.0,-37.0
1776887204.9211028,3.0,0.0,-33.0
1776887204.9311028,2.0,-3.0,-25.0
1776887204.9411027,3.0,-2.0,-31.0
1776887204.9511027,4.0,-1.0,-34.0
1776887204.9611027,3.0,0.0,-31.0
1776887204.9711027,1.0,3.0,-31.0
1776887204.9811027,2.0,3.0,-32.0
1776887204.9911027,-1.0,1.0,-32.0
1776887205.0011027,-1.0,4.0,-40.0
1776887205.011103,-2.0,3.0,-41.0
1776887205.021103,-5.0,2.0,-43.0
1776887205.031103,0.0,4.0,-42.0
1776887205.0411026,5.0,3.0,-42.0
1776887205.0511026,0.0,2.0,-45.0
1776887205.0611026,-2.0,5.0,-44.0
1776887205.0711029,-2.0,7.0,-40.0
1776887205.0811028,-2.0,4.0,-41.0
1776887205.0911028,-4.0,1.0,-43.0
1776887205.1011028,-3.0,1.0,-43.0
1776887205.1111028,-3.0,-1.0,-38.0
1776887205.1211028,0.0,-2.0,-39.0
1776887205.1311028,1.0,-3.0,-43.0
1776887205.1411028,-1.0,-3.0,-42.0
1776887205.1511028,0.0,-5.0,-35.0
1776887205.1611028,1.0,-3.0,-39.0
1776887205.1711028,0.0,-5.0,-44.0
1776887205.1811028,0.0,-4.0,-37.0
1776887205.1911027,-1.0,0.0,-33.0
1776887205.2011027,-1.0,-1.0,-31.0
1776887205.2111027,-1.0,0.0,-34.0
1776887205.2211027,0.0,4.0,-40.0
1776887205.2311027,2.0,5.0,-41.0
1776887205.2411027,0.0,6.0,-41.0
1776887205.2511027,0.0,6.0,-44.0
1776887205.261103,2.0,7.0,-43.0
1776887205.271103,2.0,4.0,-49.0
1776887205.281103,3.0,0.0,-55.0
1776887205.2911026,3.0,0.0,-56.0
1776887205.3011026,1.0,-4.0,-56.0
1776887205.3111026,5.0,-4.0,-55.0
1776887205.3211029,0.0,-7.0,-48.0
1776887205.3311028,1.0,-7.0,-43.0
1776887205.3411028,-1.0,-6.0,-41.0
1776887205.3511028,-2.0,-6.0,-40.0
1776887205.3611028,-1.0,-8.0,-37.0
1776887205.3711028,-4.0,-7.0,-37.0
1776887205.3811028,-6.0,-4.0,-44.0
1776887205.3911028,0.0,-1.0,-38.0
1776887205.4011028,0.0,-5.0,-35.0
1776887205.4111028,0.0,-10.0,-35.0
1776887205.4211028,-1.0,-8.0,-44.0
1776887205.4311028,0.0,-7.0,-45.0
1776887205.4411027,0.0,-5.0,-41.0
1776887205.4511027,1.0,-7.0,-42.0
1776887205.4611027,2.0,-9.0,-43.0
1776887205.4711027,0.0,-7.0,-38.0
1776887205.4811027,-1.0,-7.0,-37.0
1776887205.4911027,-1.0,-6.0,-31.0
1776887205.5011027,-2.0,-7.0,-34.0
1776887205.511103,2.0,-9.0,-36.0
1776887205.521103,8.0,-5.0,-34.0
1776887205.531103,8.0,-3.0,-43.0
1776887205.5411026,5.0,-2.0,-44.0
1776887205.5511026,-1.0,-3.0,-39.0
1776887205.5611026,0.0,-6.0,-41.0
1776887205.5711029,1.0,-9.0,-38.0
1776887205.5811028,3.0,-7.0,-34.0
1776887205.5911028,5.0,-7.0,-37.0
1776887205.6011028,6.0,-5.0,-42.0
1776887205.6111028,3.0,-6.0,-43.0
1776887205.6211028,3.0,-5.0,-42.0
1776887205.6311028,1.0,-6.0,-39.0
1776887205.6411028,3.0,-9.0,-42.0
1776887205.6511028,3.0,-8.0,-41.0
1776887205.6611028,5.0,-9.0,-46.0
1776887205.6711028,2.0,-6.0,-43.0
1776887205.6811028,2.0,-4.0,-36.0
1776887205.6911027,5.0,-9.0,-37.0
1776887205.7011027,4.0,-7.0,-36.0
1776887205.7111027,1.0,-2.0,-36.0
1776887205.7211027,0.0,0.0,-42.0
1776887205.7311027,0.0,3.0,-48.0
1776887205.7411027,3.0,6.0,-49.0
1776887205.7511027,4.0,9.0,-48.0
1776887205.761103,3.0,7.0,-46.0
1776887205.771103,6.0,6.0,-37.0
1776887205.781103,1.0,3.0,-39.0
1776887205.7911026,0.0,2.0,-46.0
1776887205.8011026,-5.0,1.0,-40.0
1776887205.8111026,-1.0,0.0,-37.0
1776887205.8211029,-3.0,-3.0,-38.0
1776887205.8311028,-4.0,-4.0,-38.0
1776887205.8411028,-3.0,-3.0,-39.0
1776887205.8511028,-1.0,-2.0,-40.0
1776887205.8611028,-4.0,0.0,-38.0
1776887205.8711028,0.0,0.0,-44.0
1776887205.8811028,5.0,-1.0,-42.0
1776887205.8911028,7.0,0.0,-36.0
1776887205.9011028,6.0,-3.0,-34.0
1776887205.9111028,7.0,-3.0,-34.0
1776887205.9211028,6.0,0.0,-35.0
1776887205.932103,8.0,-3.0,-35.0
1776887205.942103,6.0,-5.0,-40.0
1776887205.952103,5.0,-2.0,-44.0
1776887205.962103,2.0,0.0,-47.0
1776887205.9721026,-3.0,0.0,-54.0
1776887205.9821026,-1.0,0.0,-54.0
1776887205.9921026,-3.0,2.0,-54.0
1776887206.0021029,0.0,3.0,-49.0
1776887206.0121028,0.0,0.0,-47.0
1776887206.0221028,0.0,0.0,-44.0
1776887206.0321028,2.0,1.0,-45.0
1776887206.0421028,2.0,-2.0,-39.0
1776887206.0521028,2.0,-1.0,-37.0
1776887206.0621028,1.0,0.0,-45.0
1776887206.0721028,-2.0,0.0,-43.0
1776887206.0821028,-5.0,0.0,-39.0
1776887206.0921028,-2.0,0.0,-42.0
1776887206.1021028,-2.0,3.0,-44.0
1776887206.1121027,0.0,0.0,-39.0
1776887206.1221027,4.0,-3.0,-32.0
1776887206.1321027,-1.0,-1.0,-26.0
1776887206.1421027,4.0,0.0,-30.0
1776887206.1521027,4.0,-4.0,-28.0
1776887206.1621027,8.0,-7.0,-32.0
1776887206.1721027,3.0,-9.0,-30.0
1776887206.182103,3.0,-12.0,-25.0
1776887206.192103,4.0,-6.0,-29.0
1776887206.202103,2.0,-4.0,-29.0
1776887206.212103,1.0,-1.0,-33.0
1776887206.2221026,-3.0,0.0,-34.0
1776887206.2321026,1.0,-2.0,-33.0
1776887206.2421026,3.0,-2.0,-37.0
1776887206.2521029,4.0,0.0,-37.0
1776887206.2621028,2.0,-2.0,-39.0
1776887206.2721028,3.0,0.0,-40.0
1776887206.2821028,4.0,-4.0,-43.0
1776887206.2921028,2.0,-1.0,-37.0
1776887206.3021028,1.0,0.0,-38.0
1776887206.3121028,0.0,-1.0,-39.0
1776887206.3221028,-1.0,1.0,-43.0
1776887206.3321028,2.0,1.0,-46.0
1776887206.3421028,1.0,0.0,-40.0
1776887206.3521028,3.0,1.0,-36.0
1776887206.3621027,1.0,0.0,-32.0
1776887206.3721027,1.0,0.0,-31.0
1776887206.3821027,0.0,0.0,-31.0
1776887206.3921027,0.0,-1.0,-35.0
1776887206.4021027,2.0,-3.0,-30.0
1776887206.4121027,-2.0,-2.0,-35.0
1776887206.4221027,0.0,-2.0,-41.0
1776887206.432103,-2.0,2.0,-43.0
1776887206.442103,4.0,-2.0,-42.0
1776887206.452103,0.0,-3.0,-43.0
1776887206.462103,0.0,-5.0,-39.0
1776887206.4721026,0.0,-6.0,-35.0
1776887206.4821026,2.0,-7.0,-37.0
1776887206.4921026,0.0,-6.0,-39.0
1776887206.5021029,0.0,-3.0,-44.0
1776887206.5121028,0.0,-6.0,-48.0
1776887206.5221028,4.0,-6.0,-44.0
1776887206.5321028,1.0,-5.0,-36.0
1776887206.5421028,0.0,-3.0,-34.0
1776887206.5521028,0.0,-3.0,-30.0
1776887206.5621028,0.0,0.0,-24.0
1776887206.5721028,2.0,0.0,-35.0
1776887206.5821028,5.0,-1.0,-40.0
1776887206.5921028,4.0,-3.0,-38.0
1776887206.6021028,6.0,-5.0,-40.0
1776887206.6121027,8.0,-8.0,-42.0
1776887206.6221027,7.0,-5.0,-41.0
1776887206.6321027,6.0,-3.0,-37.0
1776887206.6421027,3.0,-3.0,-37.0
1776887206.6521027,4.0,-2.0,-40.0
1776887206.6621027,8.0,-4.0,-42.0
1776887206.6721027,6.0,-4.0,-45.0
1776887206.682103,0.0,-3.0,-45.0
1776887206.692103,0.0,-4.0,-38.0
1776887206.702103,-3.0,-2.0,-41.0
1776887206.712103,-4.0,0.0,-45.0
1776887206.7221026,0.0,2.0,-44.0
1776887206.7321026,5.0,0.0,-35.0
1776887206.7421026,4.0,0.0,-40.0
1776887206.7521029,5.0,0.0,-37.0
1776887206.7621028,0.0,1.0,-39.0
1776887206.7721028,1.0,-2.0,-32.0
1776887206.7821028,-2.0,-6.0,-36.0
1776887206.7921028,-4.0,-1.0,-36.0
1776887206.8021028,-5.0,0.0,-38.0
1776887206.8121028,-3.0,-2.0,-44.0
1776887206.8221028,0.0,-1.0,-43.0
1776887206.8321028,1.0,1.0,-43.0
1776887206.8421028,2.0,5.0,-34.0
1776887206.8521028,2.0,-2.0,-29.0
1776887206.8621027,11.0,-1.0,-35.0
1776887206.8721027,10.0,-1.0,-36.0
1776887206.8821027,10.0,-1.0,-36.0
1776887206.8921027,7.0,-1.0,-34.0
1776887206.9021027,3.0,-3.0,-35.0
1776887206.9121027,0.0,-3.0,-35.0
1776887206.9221027,2.0,-5.0,-29.0
1776887206.932103,-1.0,-7.0,-35.0
1776887206.942103,-3.0,-8.0,-36.0
1776887206.952103,-4.0,-7.0,-36.0
1776887206.962103,-8.0,-6.0,-31.0
1776887206.9721026,-11.0,-4.0,-27.0
1776887206.9821026,-7.0,-5.0,-23.0
1776887206.9921026,0.0,-4.0,-27.0
1776887207.0021029,1.0,-2.0,-38.0
1776887207.0121028,0.0,-8.0,-40.0
1776887207.0221028,-3.0,-8.0,-46.0
1776887207.0321028,-5.0,-6.0,-40.0
1776887207.0421028,-6.0,-9.0,-46.0
1776887207.0521028,-12.0,-7.0,-46.0
1776887207.0621028,-6.0,-5.0,-44.0
1776887207.0721028,-6.0,-4.0,-42.0
1776887207.0821028,-4.0,-4.0,-39.0
1776887207.0921028,0.0,0.0,-37.0
1776887207.1021028,1.0,1.0,-37.0
1776887207.1121027,2.0,0.0,-34.0
1776887207.1221027,-6.0,2.0,-30.0
1776887207.1321027,-1.0,0.0,-34.0
1776887207.1421027,0.0,-2.0,-33.0
1776887207.1521027,0.0,-3.0,-40.0
1776887207.1621027,-3.0,-3.0,-41.0
1776887207.1721027,-1.0,-2.0,-42.0
1776887207.182103,-6.0,-5.0,-36.0
1776887207.192103,-6.0,-6.0,-32.0
1776887207.202103,-4.0,-6.0,-29.0
1776887207.212103,-1.0,-8.0,-42.0
1776887207.2221026,-2.0,-7.0,-41.0
1776887207.2321026,5.0,-4.0,-47.0
1776887207.2421026,5.0,-3.0,-48.0
1776887207.2521029,0.0,-5.0,-46.0
1776887207.2621028,4.0,-4.0,-45.0
1776887207.2721028,1.0,-3.0,-46.0
1776887207.2821028,0.0,-10.0,-45.0
1776887207.2921028,-6.0,-11.0,-44.0
1776887207.3021028,0.0,-7.0,-40.0
1776887207.3121028,0.0,-7.0,-31.0
1776887207.3221028,0.0,-1.0,-31.0
1776887207.3321028,-5.0,0.0,-30.0
1776887207.3421028,-3.0,-4.0,-34.0
1776887207.3521028,2.0,-10.0,-33.0
1776887207.3621027,-1.0,-7.0,-35.0
1776887207.3721027,-2.0,-3.0,-32.0
1776887207.3821027,-5.0,-7.0,-36.0
1776887207.3921027,-4.0,-8.0,-38.0
1776887207.4021027,0.0,-7.0,-42.0
1776887207.4121027,-1.0,-4.0,-45.0
1776887207.4221027,0.0,-1.0,-45.0
1776887207.432103,-2.0,-1.0,-50.0
1776887207.442103,-1.0,-3.0,-51.0
1776887207.452103,0.0,0.0,-44.0
1776887207.462103,0.0,0.0,-43.0
1776887207.4721026,1.0,-2.0,-41.0
1776887207.4821026,3.0,-5.0,-38.0
1776887207.4921026,1.0,-3.0,-40.0
1776887207.5021029,-1.0,-3.0,-42.0
1776887207.5121028,0.0,-5.0,-40.0
1776887207.5221028,0.0,-4.0,-34.0
1776887207.5321028,0.0,-6.0,-32.0
1776887207.5421028,1.0,-7.0,-37.0
1776887207.5521028,3.0,-8.0,-38.0
1776887207.5621028,4.0,-7.0,-34.0
1776887207.5721028,2.0,-8.0,-27.0
1776887207.5821028,0.0,-10.0,-26.0
1776887207.5921028,-3.0,-8.0,-28.0
1776887207.6021028,0.0,-5.0,-24.0
1776887207.6121027,2.0,-7.0,-28.0
1776887207.6221027,1.0,-5.0,-31.0
1776887207.6321027,5.0,-1.0,-33.0
1776887207.6421027,3.0,-1.0,-38.0
1776887207.6521027,4.0,0.0,-42.0
1776887207.6621027,5.0,-8.0,-45.0
1776887207.6721027,6.0,-8.0,-46.0
1776887207.682103,8.0,-6.0,-47.0
1776887207.692103,3.0,-2.0,-44.0
1776887207.702103,2.0,2.0,-40.0
1776887207.712103,2.0,6.0,-39.0
1776887207.7221026,4.0,5.0,-41.0
1776887207.7321026,2.0,0.0,-37.0
1776887207.7421026,-3.0,-1.0,-34.0
1776887207.7521029,0.0,1.0,-30.0
1776887207.7621028,3.0,0.0,-30.0
1776887207.7721028,1.0,-2.0,-31.0
1776887207.7821028,0.0,-6.0,-40.0
1776887207.7921028,4.0,-6.0,-44.0
1776887207.8021028,1.0,-7.0,-43.0
1776887207.8121028,0.0,-9.0,-36.0
1776887207.8221028,0.0,-10.0,-41.0
1776887207.8321028,-1.0,-8.0,-44.0
1776887207.8421028,-2.0,-8.0,-53.0
1776887207.8521028,-1.0,-7.0,-51.0
1776887207.8621027,-5.0,-6.0,-48.0
1776887207.8721027,-4.0,-5.0,-44.0
1776887207.8821027,0.0,-1.0,-45.0
1776887207.8921027,0.0,0.0,-46.0
1776887207.9021027,4.0,-3.0,-39.0
1776887207.9121027,9.0,-5.0,-37.0
1776887207.9231029,8.0,-2.0,-39.0
1776887207.932103,4.0,0.0,-42.0
1776887207.942103,5.0,0.0,-41.0
1776887207.9531028,2.0,-2.0,-44.0
1776887207.9631028,3.0,-3.0,-37.0
1776887207.9731028,7.0,0.0,-36.0
1776887207.9831028,7.0,0.0,-37.0
1776887207.9931028,2.0,0.0,-37.0
1776887208.0031028,0.0,2.0,-34.0
1776887208.0131028,0.0,2.0,-32.0
1776887208.0231028,-3.0,-1.0,-37.0
1776887208.0331028,-7.0,-5.0,-33.0
1776887208.0431027,-7.0,-4.0,-32.0
1776887208.0531027,-5.0,-3.0,-32.0
1776887208.0631027,-7.0,-2.0,-37.0
1776887208.0731027,-8.0,-1.0,-35.0
1776887208.0831027,-3.0,-2.0,-33.0
1776887208.0931027,-3.0,0.0,-36.0
1776887208.1031027,-2.0,0.0,-39.0
1776887208.113103,-2.0,-2.0,-44.0
1776887208.123103,1.0,1.0,-45.0
1776887208.133103,8.0,1.0,-46.0
1776887208.1431026,6.0,1.0,-43.0
1776887208.1531026,2.0,3.0,-42.0
1776887208.1631026,5.0,3.0,-44.0
1776887208.1731029,5.0,3.0,-41.0
1776887208.1831028,3.0,6.0,-37.0
1776887208.1931028,4.0,2.0,-30.0
1776887208.2031028,2.0,1.0,-31.0
1776887208.2131028,0.0,0.0,-34.0
1776887208.2231028,-1.0,-5.0,-33.0
1776887208.2331028,1.0,-4.0,-32.0
1776887208.2431028,2.0,-8.0,-33.0
1776887208.2531028,-2.0,-7.0,-43.0
1776887208.2631028,-2.0,-3.0,-43.0
1776887208.2731028,-1.0,-2.0,-41.0
1776887208.2831028,-1.0,-3.0,-43.0
1776887208.2931027,-2.0,-3.0,-44.0
1776887208.3031027,-1.0,0.0,-42.0
1776887208.3131027,0.0,-3.0,-41.0
1776887208.3231027,2.0,-6.0,-43.0
1776887208.3331027,-1.0,-5.0,-41.0
1776887208.3431027,7.0,-5.0,-38.0
1776887208.3531027,12.0,-5.0,-38.0
1776887208.363103,11.0,-1.0,-34.0
1776887208.373103,5.0,0.0,-30.0
1776887208.383103,4.0,0.0,-32.0
1776887208.3931026,-1.0,0.0,-31.0
1776887208.4031026,-6.0,0.0,-27.0
1776887208.4131026,-12.0,0.0,-29.0
1776887208.4231029,-12.0,0.0,-26.0
1776887208.4331028,-9.0,1.0,-33.0
1776887208.4431028,-7.0,2.0,-36.0
1776887208.4531028,-2.0,1.0,-35.0
1776887208.4631028,0.0,4.0,-34.0
1776887208.4731028,-1.0,2.0,-37.0
1776887208.4831028,-2.0,0.0,-35.0
1776887208.4931028,-3.0,-1.0,-33.0
1776887208.5031028,-4.0,-3.0,-38.0
1776887208.5131028,-5.0,-1.0,-47.0
1776887208.5231028,-3.0,-3.0,-41.0
1776887208.5331028,0.0,-3.0,-35.0
1776887208.5431027,-1.0,-2.0,-42.0
1776887208.5531027,-2.0,-2.0,-45.0
1776887208.5631027,-2.0,-5.0,-39.0
1776887208.5731027,-1.0,-8.0,-40.0
1776887208.5831027,-2.0,-4.0,-41.0
1776887208.5931027,-1.0,-4.0,-35.0
1776887208.6031027,-3.0,-1.0,-31.0
1776887208.613103,-2.0,-3.0,-30.0
1776887208.623103,-1.0,-5.0,-33.0
1776887208.633103,-3.0,-7.0,-31.0
1776887208.6431026,-2.0,-12.0,-36.0
1776887208.6531026,-2.0,-11.0,-31.0
1776887208.6631026,1.0,-11.0,-32.0
1776887208.6731029,3.0,-9.0,-34.0
1776887208.6831028,3.0,-5.0,-40.0
1776887208.6931028,5.0,-2.0,-43.0
1776887208.7031028,4.0,-4.0,-49.0
1776887208.7131028,0.0,-3.0,-51.0
1776887208.7231028,-1.0,-2.0,-50.0
1776887208.7331028,-3.0,0.0,-43.0
1776887208.7431028,-1.0,3.0,-44.0
1776887208.7531028,0.0,3.0,-43.0
1776887208.7631028,-1.0,0.0,-51.0
1776887208.7731028,-4.0,-2.0,-41.0
1776887208.7831028,-2.0,-3.0,-44.0
1776887208.7931027,0.0,2.0,-45.0
1776887208.8031027,2.0,4.0,-47.0
1776887208.8131027,0.0,2.0,-38.0
1776887208.8231027,-6.0,0.0,-38.0
1776887208.8331027,-9.0,-3.0,-39.0
1776887208.8431027,-9.0,-8.0,-38.0
1776887208.8531027,-5.0,-11.0,-36.0
1776887208.863103,-3.0,-11.0,-37.0
1776887208.873103,0.0,-11.0,-37.0
1776887208.883103,-1.0,-11.0,-38.0
1776887208.8931026,0.0,-7.0,-32.0
1776887208.9031026,0.0,-5.0,-41.0
1776887208.9131026,1.0,-1.0,-42.0
1776887208.9231029,0.0,-3.0,-38.0
1776887208.9331028,1.0,-4.0,-36.0
1776887208.9431028,2.0,-2.0,-41.0
1776887208.9531028,0.0,-1.0,-36.0
1776887208.9631028,0.0,-2.0,-34.0
1776887208.9731028,4.0,-6.0,-33.0
1776887208.9831028,2.0,-3.0,-30.0
1776887208.9931028,1.0,0.0,-31.0
1776887209.0031028,0.0,2.0,-30.0
1776887209.0131028,2.0,3.0,-30.0
1776887209.0231028,0.0,5.0,-23.0
1776887209.0331028,0.0,4.0,-26.0
1776887209.0431027,-2.0,1.0,-34.0
1776887209.0531027,0.0,-3.0,-37.0
1776887209.0631027,-2.0,-4.0,-33.0
1776887209.0731027,-2.0,-6.0,-33.0
1776887209.0831027,-5.0,-2.0,-33.0
1776887209.0931027,-1.0,-3.0,-38.0
1776887209.1031027,2.0,-7.0,-40.0
1776887209.113103,7.0,-9.0,-37.0
1776887209.123103,3.0,-9.0,-33.0
1776887209.133103,1.0,-6.0,-26.0
1776887209.1431026,0.0,-5.0,-31.0
1776887209.1531026,-6.0,-4.0,-36.0
1776887209.1631026,-7.0,-9.0,-35.0
1776887209.1731029,-4.0,-8.0,-38.0
1776887209.1831028,-7.0,-6.0,-41.0
1776887209.1931028,-4.0,-9.0,-36.0
1776887209.2031028,-1.0,-7.0,-31.0
1776887209.2131028,4.0,-4.0,-32.0
1776887209.2231028,8.0,-4.0,-33.0
1776887209.2331028,8.0,-4.0,-39.0
1776887209.2431028,7.0,-3.0,-36.0
1776887209.2531028,2.0,-3.0,-35.0
1776887209.2631028,-2.0,-3.0,-29.0
1776887209.2731028,-2.0,-4.0,-24.0
1776887209.2831028,-8.0,-6.0,-31.0
1776887209.2931027,-1.0,-6.0,-30.0
1776887209.3031027,-1.0,-8.0,-33.0
1776887209.3131027,-3.0,-5.0,-43.0
1776887209.3231027,-6.0,-5.0,-39.0
1776887209.3331027,-7.0,-7.0,-40.0
1776887209.3431027,-3.0,-6.0,-44.0
1776887209.3531027,-5.0,-6.0,-42.0
1776887209.363103,-5.0,-8.0,-44.0
1776887209.373103,-2.0,-8.0,-41.0
1776887209.383103,-3.0,-10.0,-42.0
1776887209.3931026,-1.0,-8.0,-31.0
1776887209.4031026,-4.0,-9.0,-34.0
1776887209.4131026,-1.0,-9.0,-34.0
1776887209.4231029,0.0,-4.0,-41.0
1776887209.4331028,0.0,-4.0,-44.0
1776887209.4431028,3.0,0.0,-44.0
1776887209.4531028,0.0,3.0,-45.0
1776887209.4631028,2.0,2.0,-41.0
1776887209.4731028,4.0,2.0,-34.0
1776887209.4831028,2.0,0.0,-39.0
1776887209.4931028,5.0,-4.0,-39.0
1776887209.5031028,5.0,-2.0,-31.0
1776887209.5131028,0.0,0.0,-29.0
1776887209.5241027,-1.0,-4.0,-36.0
1776887209.5331028,0.0,-3.0,-38.0
1776887209.5431027,6.0,-4.0,-36.0
1776887209.5531027,1.0,-7.0,-37.0
1776887209.5631027,1.0,-4.0,-41.0
1776887209.5731027,0.0,-2.0,-43.0
1776887209.5831027,-2.0,0.0,-39.0
1776887209.5931027,-3.0,0.0,-44.0
1776887209.6031027,-3.0,-1.0,-43.0
1776887209.613103,-1.0,-4.0,-41.0
1776887209.623103,-1.0,-4.0,-38.0
1776887209.633103,-1.0,-3.0,-35.0
1776887209.6431026,-1.0,-4.0,-36.0
1776887209.6531026,0.0,-5.0,-36.0
1776887209.6631026,0.0,-5.0,-36.0
1776887209.6731029,-2.0,-8.0,-32.0
1776887209.6831028,-1.0,-9.0,-33.0
1776887209.6931028,-3.0,-7.0,-33.0
1776887209.7031028,0.0,-5.0,-33.0
1776887209.7131028,0.0,-5.0,-33.0
1776887209.7231028,-2.0,-2.0,-37.0
1776887209.7331028,-3.0,-5.0,-37.0
1776887209.7431028,-2.0,0.0,-26.0
1776887209.7531028,5.0,-1.0,-35.0
1776887209.7631028,8.0,-3.0,-36.0
1776887209.7731028,8.0,-2.0,-35.0
1776887209.7831028,11.0,-3.0,-37.0
1776887209.7931027,7.0,0.0,-31.0
1776887209.8031027,7.0,2.0,-35.0
1776887209.8131027,6.0,0.0,-32.0
1776887209.8231027,1.0,0.0,-34.0
1776887209.8331027,1.0,-1.0,-34.0
1776887209.8431027,1.0,1.0,-35.0
1776887209.8531027,3.0,0.0,-43.0
1776887209.863103,1.0,-1.0,-39.0
1776887209.873103,0.0,-2.0,-35.0
1776887209.883103,-2.0,0.0,-36.0
1776887209.8931026,0.0,3.0,-36.0
1776887209.9031026,3.0,0.0,-40.0
1776887209.9131026,1.0,-4.0,-43.0
1776887209.9231029,0.0,-7.0,-40.0
1776887209.9331028,0.0,-7.0,-51.0
1776887209.9431028,-4.0,-3.0,-47.0
1776887209.9541028,-6.0,-3.0,-43.0
1776887209.9631028,-5.0,-7.0,-49.0
1776887209.9741027,0.0,-9.0,-49.0
1776887209.9841027,3.0,-8.0,-51.0
1776887209.9941027,2.0,-8.0,-47.0
1776887210.0041027,4.0,-6.0,-45.0
1776887210.0141027,0.0,-2.0,-43.0
1776887210.0241027,0.0,0.0,-52.0
1776887210.034103,-2.0,-2.0,-46.0
1776887210.044103,-1.0,0.0,-36.0
1776887210.054103,0.0,-1.0,-33.0
1776887210.0641026,3.0,3.0,-33.0
1776887210.0741026,6.0,4.0,-34.0
1776887210.0841026,6.0,-1.0,-31.0
1776887210.0941026,3.0,-1.0,-37.0
1776887210.1041028,0.0,-1.0,-39.0
1776887210.1141028,0.0,-3.0,-40.0
1776887210.1241028,-1.0,-4.0,-42.0
1776887210.1341028,3.0,-1.0,-35.0
1776887210.1441028,2.0,1.0,-34.0
1776887210.1541028,-1.0,-2.0,-38.0
1776887210.1641028,-1.0,-1.0,-40.0
1776887210.1741028,2.0,-1.0,-44.0
1776887210.1841028,2.0,1.0,-40.0
1776887210.1941028,3.0,0.0,-40.0
1776887210.2041028,2.0,0.0,-36.0
1776887210.2141027,1.0,4.0,-42.0
1776887210.2241027,6.0,2.0,-35.0
1776887210.2341027,5.0,1.0,-34.0
1776887210.2441027,3.0,0.0,-26.0
1776887210.2541027,6.0,-2.0,-27.0
1776887210.2641027,7.0,-2.0,-30.0
1776887210.2741027,2.0,-5.0,-39.0
1776887210.284103,4.0,-5.0,-38.0
1776887210.294103,1.0,-4.0,-38.0
1776887210.304103,1.0,-4.0,-36.0
1776887210.3141026,0.0,-7.0,-36.0
1776887210.3241026,3.0,-5.0,-36.0
1776887210.3341026,4.0,-4.0,-36.0
1776887210.3441026,7.0,-4.0,-41.0
1776887210.3541028,8.0,0.0,-44.0
1776887210.3641028,4.0,-3.0,-44.0
1776887210.3741028,-2.0,-6.0,-48.0
1776887210.3841028,-3.0,-8.0,-49.0
1776887210.3941028,-2.0,-5.0,-47.0
1776887210.4041028,-3.0,0.0,-52.0
1776887210.4141028,-5.0,0.0,-49.0
1776887210.4241028,-7.0,0.0,-40.0
1776887210.4341028,-10.0,2.0,-39.0
1776887210.4441028,-12.0,3.0,-37.0
1776887210.4541028,-10.0,5.0,-40.0
1776887210.4641027,-5.0,0.0,-36.0
1776887210.4741027,0.0,2.0,-40.0
1776887210.4841027,1.0,7.0,-38.0
1776887210.4941027,0.0,5.0,-39.0
1776887210.5041027,0.0,4.0,-36.0
1776887210.5141027,1.0,-1.0,-35.0
1776887210.5241027,3.0,-3.0,-33.0
1776887210.534103,0.0,-5.0,-35.0
1776887210.544103,6.0,-4.0,-32.0
1776887210.554103,6.0,-5.0,-36.0
1776887210.5641026,4.0,-5.0,-38.0
1776887210.5741026,5.0,-2.0,-38.0
1776887210.5841026,6.0,-1.0,-39.0
1776887210.5941026,5.0,-2.0,-43.0
1776887210.6041028,5.0,-5.0,-49.0
1776887210.6141028,4.0,-2.0,-50.0
1776887210.6241028,4.0,-3.0,-51.0
1776887210.6341028,4.0,-4.0,-41.0
1776887210.6441028,7.0,-4.0,-42.0
1776887210.6541028,10.0,-5.0,-36.0
1776887210.6641028,5.0,-5.0,-48.0
1776887210.6741028,9.0,0.0,-50.0
1776887210.6841028,10.0,-1.0,-50.0
1776887210.6941028,10.0,0.0,-48.0
1776887210.7041028,10.0,5.0,-39.0
1776887210.7141027,13.0,7.0,-34.0
1776887210.7241027,8.0,9.0,-29.0
1776887210.7341027,9.0,6.0,-37.0
1776887210.7441027,9.0,8.0,-40.0
1776887210.7541027,12.0,6.0,-39.0
1776887210.7641027,13.0,6.0,-33.0
1776887210.7741027,15.0,6.0,-40.0
1776887210.784103,11.0,4.0,-37.0
1776887210.794103,7.0,6.0,-34.0
1776887210.804103,5.0,5.0,-44.0
1776887210.8141026,5.0,-1.0,-40.0
1776887210.8241026,7.0,-2.0,-44.0
1776887210.8341026,5.0,-4.0,-42.0
1776887210.8441026,5.0,-4.0,-37.0
1776887210.8541028,5.0,-3.0,-37.0
1776887210.8641028,1.0,-3.0,-34.0
1776887210.8741028,3.0,-5.0,-42.0
1776887210.8841028,2.0,-2.0,-45.0
1776887210.8941028,2.0,0.0,-44.0
1776887210.9041028,0.0,0.0,-43.0
1776887210.9141028,0.0,1.0,-33.0
1776887210.9241028,-5.0,-2.0,-34.0
1776887210.9341028,-5.0,0.0,-44.0
1776887210.9441028,-8.0,-3.0,-41.0
1776887210.9541028,-4.0,-4.0,-42.0
1776887210.9641027,4.0,-4.0,-46.0
1776887210.9741027,3.0,-2.0,-41.0
1776887210.9841027,0.0,-3.0,-40.0
1776887210.9941027,1.0,-4.0,-45.0
1776887211.0041027,0.0,0.0,-50.0
1776887211.0141027,2.0,-1.0,-50.0
1776887211.0241027,1.0,-3.0,-47.0
1776887211.034103,5.0,-4.0,-48.0
1776887211.044103,3.0,-5.0,-46.0
1776887211.054103,2.0,-4.0,-39.0
1776887211.0641026,-2.0,-4.0,-38.0
1776887211.0741026,0.0,-7.0,-38.0
1776887211.0841026,1.0,-5.0,-38.0
1776887211.0941026,2.0,-2.0,-37.0
1776887211.1041028,0.0,0.0,-29.0
1776887211.1141028,-4.0,-1.0,-27.0
1776887211.1241028,1.0,-3.0,-26.0
1776887211.1341028,-3.0,-2.0,-27.0
1776887211.1441028,-2.0,-4.0,-32.0
1776887211.1541028,-2.0,-4.0,-31.0
1776887211.1641028,1.0,-1.0,-30.0
1776887211.1741028,0.0,1.0,-27.0
1776887211.1841028,2.0,-3.0,-35.0
1776887211.1941028,0.0,0.0,-41.0
1776887211.2041028,0.0,-4.0,-40.0
1776887211.2141027,-3.0,-8.0,-36.0
1776887211.2241027,-1.0,-6.0,-27.0
1776887211.2341027,2.0,-3.0,-25.0
1776887211.2441027,4.0,-2.0,-34.0
1776887211.2541027,7.0,-3.0,-40.0
1776887211.2641027,10.0,-5.0,-46.0
1776887211.2741027,10.0,-4.0,-48.0
1776887211.284103,8.0,-6.0,-42.0
1776887211.294103,5.0,0.0,-39.0
1776887211.304103,4.0,0.0,-36.0
1776887211.3141026,0.0,-3.0,-33.0
1776887211.3241026,1.0,-4.0,-33.0
1776887211.3341026,0.0,-5.0,-36.0
1776887211.3441026,-3.0,-5.0,-41.0
1776887211.3541028,0.0,-6.0,-38.0
1776887211.3641028,2.0,-6.0,-38.0
1776887211.3741028,3.0,-1.0,-38.0
1776887211.3841028,2.0,2.0,-34.0
1776887211.3941028,2.0,0.0,-37.0
1776887211.4041028,0.0,-3.0,-32.0
1776887211.4141028,2.0,-4.0,-37.0
1776887211.4241028,-1.0,-1.0,-42.0
1776887211.4341028,-1.0,0.0,-39.0
1776887211.4441028,0.0,0.0,-38.0
1776887211.4541028,-1.0,2.0,-38.0
1776887211.4641027,0.0,0.0,-38.0
1776887211.4741027,-2.0,1.0,-36.0
1776887211.4841027,-2.0,-2.0,-40.0
1776887211.4941027,-2.0,-1.0,-40.0
1776887211.5041027,-2.0,3.0,-44.0
1776887211.5141027,-2.0,3.0,-38.0
1776887211.5241027,1.0,2.0,-35.0
1776887211.534103,5.0,3.0,-36.0
1776887211.544103,8.0,0.0,-34.0
1776887211.554103,9.0,-1.0,-31.0
1776887211.5641026,9.0,1.0,-33.0
1776887211.5741026,7.0,2.0,-36.0
1776887211.5841026,7.0,1.0,-38.0
1776887211.5941026,12.0,1.0,-42.0
1776887211.6041028,13.0,3.0,-44.0
1776887211.6141028,11.0,1.0,-43.0
1776887211.6241028,8.0,0.0,-36.0
1776887211.6341028,0.0,-2.0,-41.0
1776887211.6441028,0.0,-5.0,-44.0
1776887211.6541028,-3.0,-3.0,-39.0
1776887211.6641028,-1.0,-7.0,-34.0
1776887211.6741028,1.0,-5.0,-34.0
1776887211.6841028,-2.0,-6.0,-30.0
1776887211.6941028,-1.0,-5.0,-27.0
1776887211.7041028,-2.0,-3.0,-35.0
1776887211.7141027,0.0,-4.0,-40.0
1776887211.7241027,-1.0,0.0,-36.0
1776887211.7341027,0.0,0.0,-37.0
1776887211.7441027,3.0,1.0,-40.0
1776887211.7541027,6.0,0.0,-39.0
1776887211.7641027,0.0,1.0,-39.0
1776887211.7741027,1.0,1.0,-40.0
1776887211.784103,0.0,-1.0,-42.0
1776887211.794103,5.0,-1.0,-42.0
1776887211.804103,11.0,-4.0,-38.0
1776887211.8141026,8.0,-5.0,-36.0
1776887211.8241026,3.0,0.0,-37.0
1776887211.8341026,2.0,-3.0,-31.0
1776887211.8441026,2.0,-3.0,-41.0
1776887211.8541028,0.0,-3.0,-47.0
1776887211.8641028,1.0,-4.0,-48.0
1776887211.8741028,1.0,-6.0,-45.0
1776887211.8841028,0.0,-5.0,-46.0
1776887211.8941028,1.0,-3.0,-41.0
1776887211.9041028,-1.0,0.0,-42.0
1776887211.9141028,-2.0,1.0,-32.0
1776887211.9241028,0.0,1.0,-29.0
1776887211.9341028,3.0,0.0,-36.0
1776887211.9441028,4.0,-2.0,-36.0
1776887211.9551027,2.0,-3.0,-34.0
1776887211.965103,4.0,-1.0,-34.0
1776887211.975103,0.0,-1.0,-40.0
1776887211.985103,-3.0,-3.0,-37.0
1776887211.9951026,-6.0,-2.0,-34.0
1776887212.0051026,-1.0,0.0,-34.0
1776887212.0151026,-2.0,2.0,-36.0
1776887212.0251029,0.0,3.0,-30.0
1776887212.0351028,0.0,3.0,-34.0
1776887212.0451028,1.0,6.0,-30.0
1776887212.0551028,0.0,1.0,-36.0
1776887212.0651028,-3.0,1.0,-39.0
1776887212.0751028,-6.0,-2.0,-35.0
1776887212.0851028,-6.0,2.0,-33.0
1776887212.0951028,-3.0,3.0,-32.0
1776887212.1051028,-5.0,0.0,-33.0
1776887212.1151028,-4.0,3.0,-31.0
1776887212.1251028,-1.0,0.0,-26.0
1776887212.1351027,-2.0,-1.0,-30.0
1776887212.1451027,-2.0,5.0,-29.0
1776887212.1551027,1.0,4.0,-34.0
1776887212.1651027,0.0,0.0,-33.0
1776887212.1751027,1.0,0.0,-34.0
1776887212.1851027,-1.0,0.0,-32.0
1776887212.1951027,-6.0,0.0,-35.0
1776887212.2051027,-7.0,3.0,-30.0
1776887212.215103,-4.0,3.0,-31.0
1776887212.225103,-3.0,0.0,-33.0
1776887212.235103,-3.0,0.0,-33.0
1776887212.2451026,-5.0,-2.0,-33.0
1776887212.2551026,-3.0,-2.0,-40.0
1776887212.2651026,-1.0,0.0,-36.0
1776887212.2751029,-5.0,-5.0,-28.0
1776887212.2851028,-7.0,-7.0,-31.0
1776887212.2951028,-6.0,-6.0,-34.0
1776887212.3051028,-5.0,-6.0,-39.0
1776887212.3151028,2.0,-6.0,-38.0
1776887212.3251028,0.0,-8.0,-42.0
1776887212.3351028,-2.0,-4.0,-41.0
1776887212.3451028,0.0,0.0,-45.0
1776887212.3551028,0.0,-2.0,-42.0
1776887212.3651028,0.0,-5.0,-33.0
1776887212.3751028,3.0,-4.0,-30.0
1776887212.3851027,2.0,-4.0,-27.0
1776887212.3951027,4.0,-4.0,-26.0
1776887212.4051027,5.0,-7.0,-26.0
1776887212.4151027,2.0,-4.0,-32.0
1776887212.4251027,3.0,0.0,-38.0
1776887212.4351027,0.0,-1.0,-41.0
1776887212.4451027,3.0,-3.0,-38.0
1776887212.4551027,0.0,-1.0,-32.0
1776887212.465103,-4.0,0.0,-38.0
1776887212.475103,-6.0,1.0,-37.0
1776887212.485103,-6.0,0.0,-34.0
1776887212.4951026,-1.0,1.0,-42.0
1776887212.5051026,3.0,4.0,-43.0
1776887212.5151026,3.0,4.0,-43.0
1776887212.5251029,3.0,3.0,-49.0
1776887212.5351028,5.0,-1.0,-48.0
1776887212.5451028,2.0,-3.0,-45.0
1776887212.5551028,0.0,-6.0,-43.0
1776887212.5651028,-1.0,-7.0,-37.0
1776887212.5751028,-6.0,-7.0,-42.0
1776887212.5851028,-3.0,-9.0,-37.0
1776887212.5951028,-8.0,-4.0,-38.0
1776887212.6051028,-10.0,-6.0,-41.0
1776887212.6151028,-10.0,-10.0,-38.0
1776887212.6251028,-7.0,-5.0,-37.0
1776887212.6351027,0.0,-4.0,-38.0
1776887212.6451027,5.0,-4.0,-34.0
1776887212.6551027,5.0,-6.0,-37.0
1776887212.6651027,6.0,-6.0,-43.0
1776887212.6751027,8.0,-9.0,-49.0
1776887212.6851027,4.0,-9.0,-45.0
1776887212.6951027,7.0,-9.0,-41.0
1776887212.7051027,2.0,-7.0,-47.0
1776887212.715103,2.0,-5.0,-47.0
1776887212.725103,-1.0,-4.0,-52.0
1776887212.735103,0.0,-4.0,-50.0
1776887212.7451026,-1.0,-3.0,-51.0
1776887212.7551026,2.0,-3.0,-50.0
1776887212.7651026,3.0,-2.0,-46.0
1776887212.7751029,2.0,-2.0,-45.0
1776887212.7851028,0.0,-4.0,-45.0
1776887212.7951028,1.0,0.0,-44.0
1776887212.8051028,0.0,0.0,-47.0
1776887212.8151028,3.0,0.0,-45.0
1776887212.8251028,4.0,-4.0,-43.0
1776887212.8351028,6.0,-3.0,-41.0
1776887212.8451028,7.0,-3.0,-40.0
1776887212.8551028,7.0,-6.0,-43.0
1776887212.8651028,6.0,-5.0,-41.0
1776887212.8751028,10.0,-3.0,-37.0
1776887212.8851027,8.0,0.0,-34.0
1776887212.8951027,9.0,4.0,-28.0
1776887212.9051027,12.0,5.0,-26.0
1776887212.9151027,9.0,2.0,-26.0
1776887212.9251027,5.0,0.0,-26.0
1776887212.9351027,4.0,0.0,-25.0
1776887212.9451027,2.0,-3.0,-24.0
1776887212.9551027,-3.0,-5.0,-22.0
1776887212.965103,-5.0,-6.0,-23.0
1776887212.975103,-1.0,-8.0,-23.0
1776887212.985103,3.0,-11.0,-29.0
1776887212.9951026,3.0,-12.0,-31.0
1776887213.0051026,2.0,-9.0,-30.0
1776887213.0151026,5.0,-6.0,-29.0
1776887213.0251029,5.0,-10.0,-27.0
1776887213.0351028,8.0,-7.0,-30.0
1776887213.0451028,4.0,-3.0,-35.0
1776887213.0551028,3.0,0.0,-34.0
1776887213.0651028,4.0,-1.0,-34.0
1776887213.0751028,-1.0,-2.0,-37.0
1776887213.0851028,1.0,-3.0,-31.0
1776887213.0951028,5.0,-7.0,-30.0
1776887213.1051028,2.0,-13.0,-25.0
1776887213.1151028,0.0,-10.0,-26.0
1776887213.1251028,5.0,-6.0,-28.0
1776887213.1351027,0.0,0.0,-33.0
1776887213.1451027,3.0,0.0,-35.0
1776887213.1551027,5.0,0.0,-32.0
1776887213.1651027,5.0,0.0,-31.0
1776887213.1751027,2.0,-1.0,-24.0
1776887213.1851027,-3.0,0.0,-21.0
1776887213.1951027,0.0,-3.0,-17.0
1776887213.2051027,-4.0,-3.0,-16.0
1776887213.215103,-6.0,-3.0,-21.0
1776887213.225103,-3.0,-5.0,-20.0
1776887213.235103,0.0,-3.0,-26.0
1776887213.2451026,0.0,-1.0,-26.0
1776887213.2551026,-5.0,-4.0,-20.0
1776887213.2651026,-2.0,-5.0,-26.0
1776887213.2751029,-5.0,0.0,-27.0
1776887213.2851028,-5.0,3.0,-30.0
1776887213.2951028,1.0,1.0,-31.0
1776887213.3051028,0.0,0.0,-34.0
1776887213.3151028,2.0,2.0,-41.0
1776887213.3251028,1.0,4.0,-39.0
1776887213.3351028,-2.0,4.0,-41.0
1776887213.3451028,-1.0,3.0,-45.0
1776887213.3551028,-2.0,3.0,-53.0
1776887213.3651028,3.0,-2.0,-44.0
1776887213.3751028,4.0,-6.0,-42.0
1776887213.3851027,6.0,-7.0,-36.0
1776887213.3951027,12.0,-8.0,-41.0
1776887213.4051027,10.0,-6.0,-40.0
1776887213.4151027,8.0,-1.0,-30.0
1776887213.4251027,5.0,-1.0,-32.0
1776887213.4351027,4.0,-1.0,-30.0
1776887213.4451027,7.0,-4.0,-37.0
1776887213.4551027,7.0,-6.0,-34.0
1776887213.465103,9.0,-5.0,-33.0
1776887213.475103,10.0,-4.0,-33.0
1776887213.485103,8.0,-1.0,-30.0
1776887213.4951026,6.0,1.0,-34.0
1776887213.5051026,8.0,3.0,-40.0
1776887213.5151026,9.0,-1.0,-36.0
1776887213.5251029,5.0,-2.0,-40.0
1776887213.5351028,3.0,-2.0,-45.0
1776887213.5451028,3.0,-5.0,-43.0
1776887213.5551028,4.0,-1.0,-39.0
1776887213.5651028,1.0,-2.0,-39.0
1776887213.5751028,-2.0,-1.0,-41.0
1776887213.5851028,-6.0,-1.0,-43.0
1776887213.5951028,-4.0,-4.0,-42.0
1776887213.6051028,-3.0,-3.0,-50.0
1776887213.6151028,-3.0,-1.0,-44.0
1776887213.6251028,-4.0,1.0,-44.0
1776887213.6351027,-2.0,-1.0,-42.0
1776887213.6451027,-1.0,-2.0,-40.0
1776887213.6551027,-1.0,-3.0,-37.0
1776887213.6651027,0.0,-3.0,-40.0
1776887213.6751027,0.0,-6.0,-34.0
1776887213.6851027,-1.0,-3.0,-34.0
1776887213.6951027,-2.0,-1.0,-36.0
1776887213.7051027,-1.0,-1.0,-43.0
1776887213.715103,-2.0,-4.0,-46.0
1776887213.725103,-1.0,-3.0,-43.0
1776887213.735103,-1.0,-1.0,-44.0
1776887213.7451026,0.0,-3.0,-41.0
1776887213.7551026,3.0,-2.0,-40.0
1776887213.7651026,5.0,0.0,-41.0
1776887213.7751029,7.0,0.0,-45.0
1776887213.7851028,8.0,0.0,-42.0
1776887213.7951028,5.0,0.0,-42.0
1776887213.8051028,3.0,-2.0,-39.0
1776887213.8151028,7.0,-2.0,-39.0
1776887213.8251028,7.0,-3.0,-40.0
1776887213.8351028,5.0,-4.0,-36.0
1776887213.8451028,6.0,2.0,-41.0
1776887213.8551028,9.0,1.0,-40.0
1776887213.8651028,7.0,0.0,-43.0
1776887213.8751028,4.0,0.0,-36.0
1776887213.8851027,4.0,-1.0,-28.0
1776887213.8951027,3.0,2.0,-26.0
1776887213.906103,4.0,0.0,-29.0
1776887213.9151027,2.0,0.0,-33.0
1776887213.9251027,1.0,0.0,-39.0
1776887213.9361026,2.0,-1.0,-34.0
1776887213.9461029,5.0,-2.0,-36.0
1776887213.9561028,7.0,-3.0,-33.0
1776887213.9661028,6.0,0.0,-34.0
1776887213.9761028,1.0,0.0,-34.0
1776887213.9861028,4.0,0.0,-38.0
1776887213.9961028,8.0,-1.0,-35.0
1776887214.0061028,4.0,-2.0,-33.0
1776887214.0161028,3.0,0.0,-34.0
1776887214.0261028,0.0,1.0,-45.0
1776887214.0361028,0.0,2.0,-42.0
1776887214.0461028,1.0,0.0,-38.0
1776887214.0561028,1.0,-3.0,-40.0
1776887214.0661027,1.0,-4.0,-41.0
1776887214.0761027,5.0,-2.0,-41.0
1776887214.0861027,2.0,0.0,-38.0
1776887214.0961027,6.0,-1.0,-37.0
1776887214.1061027,5.0,-5.0,-35.0
1776887214.1161027,0.0,-7.0,-32.0
1776887214.1261027,1.0,-5.0,-40.0
1776887214.136103,2.0,2.0,-37.0
1776887214.146103,1.0,6.0,-37.0
1776887214.156103,1.0,9.0,-36.0
1776887214.1661026,3.0,9.0,-38.0
1776887214.1761026,7.0,6.0,-45.0
1776887214.1861026,8.0,6.0,-42.0
1776887214.1961029,4.0,5.0,-45.0
1776887214.2061028,2.0,3.0,-47.0
1776887214.2161028,2.0,0.0,-50.0
1776887214.2261028,0.0,-1.0,-48.0
1776887214.2361028,1.0,-3.0,-52.0
1776887214.2461028,6.0,-1.0,-47.0
1776887214.2561028,5.0,2.0,-46.0
1776887214.2661028,0.0,6.0,-49.0
1776887214.2761028,0.0,6.0,-42.0
1776887214.2861028,2.0,3.0,-46.0
1776887214.2961028,0.0,3.0,-44.0
1776887214.3061028,2.0,5.0,-44.0
1776887214.3161027,-3.0,5.0,-45.0
1776887214.3261027,0.0,5.0,-46.0
1776887214.337103,1.0,5.0,-43.0
1776887214.3461027,-5.0,1.0,-45.0
1776887214.3561027,-9.0,3.0,-40.0
1776887214.3661027,-10.0,0.0,-39.0
1776887214.3761027,-7.0,0.0,-34.0
1776887214.386103,-4.0,-6.0,-27.0
1776887214.396103,-4.0,-4.0,-26.0
1776887214.406103,-2.0,0.0,-28.0
1776887214.4161026,-1.0,-1.0,-27.0
1776887214.4261026,-3.0,-1.0,-30.0
1776887214.4361026,-8.0,1.0,-34.0
1776887214.4461029,-10.0,5.0,-29.0
1776887214.4561028,-6.0,4.0,-36.0
1776887214.4661028,-3.0,2.0,-36.0
1776887214.4761028,-1.0,2.0,-40.0
1776887214.4861028,2.0,0.0,-37.0
1776887214.4961028,4.0,1.0,-41.0
1776887214.5061028,2.0,3.0,-37.0
1776887214.5161028,3.0,0.0,-39.0
1776887214.5261028,5.0,-3.0,-36.0
1776887214.5361028,3.0,-5.0,-33.0
1776887214.5461028,1.0,-1.0,-38.0
1776887214.5561028,-3.0,-1.0,-45.0
1776887214.5661027,-1.0,-3.0,-46.0
1776887214.5761027,0.0,0.0,-46.0
1776887214.5861027,4.0,0.0,-50.0
1776887214.5961027,2.0,-1.0,-49.0
1776887214.6061027,8.0,-2.0,-47.0
1776887214.6161027,11.0,-6.0,-43.0
1776887214.6261027,8.0,-3.0,-42.0
1776887214.636103,7.0,-4.0,-41.0
1776887214.646103,7.0,-5.0,-39.0
1776887214.656103,5.0,-4.0,-37.0
1776887214.6661026,2.0,-6.0,-39.0
1776887214.6761026,2.0,-8.0,-40.0
1776887214.6861026,-3.0,-9.0,-39.0
1776887214.6961029,-3.0,-8.0,-45.0
1776887214.7061028,-3.0,-2.0,-42.0
1776887214.7161028,-1.0,-1.0,-41.0
1776887214.7261028,-1.0,-4.0,-35.0
1776887214.7361028,-1.0,-4.0,-30.0
1776887214.7461028,0.0,-2.0,-29.0
1776887214.7561028,-2.0,0.0,-25.0
1776887214.7661028,1.0,2.0,-26.0
1776887214.7761028,5.0,2.0,-21.0
1776887214.7861028,6.0,0.0,-19.0
1776887214.7961028,3.0,0.0,-25.0
1776887214.8061028,4.0,0.0,-26.0
1776887214.8161027,0.0,-1.0,-28.0
1776887214.8261027,-2.0,-5.0,-36.0
1776887214.8361027,0.0,-1.0,-39.0
1776887214.8461027,-1.0,0.0,-38.0
1776887214.8561027,0.0,-2.0,-39.0
1776887214.8661027,2.0,-2.0,-43.0
1776887214.8761027,4.0,-1.0,-39.0
1776887214.886103,1.0,-1.0,-28.0
1776887214.896103,0.0,-1.0,-36.0
1776887214.906103,0.0,-2.0,-41.0
1776887214.9161026,0.0,0.0,-41.0
1776887214.9261026,-2.0,0.0,-42.0
1776887214.9361026,-5.0,0.0,-45.0
1776887214.9461029,-5.0,1.0,-47.0
1776887214.9561028,-4.0,1.0,-37.0
1776887214.9661028,-4.0,-5.0,-36.0
1776887214.9761028,-4.0,0.0,-36.0
1776887214.9861028,-4.0,0.0,-37.0
1776887214.9961028,-2.0,3.0,-30.0
1776887215.0061028,-3.0,2.0,-31.0
1776887215.0161028,1.0,3.0,-26.0
1776887215.0261028,2.0,1.0,-26.0
1776887215.0361028,2.0,0.0,-24.0
1776887215.0461028,-1.0,0.0,-30.0
1776887215.0561028,-4.0,-3.0,-27.0
1776887215.0661027,-3.0,-7.0,-22.0
1776887215.0761027,-1.0,-4.0,-28.0
1776887215.0861027,-6.0,-3.0,-36.0
1776887215.0961027,-9.0,0.0,-42.0
1776887215.1061027,-1.0,-3.0,-44.0
1776887215.1161027,1.0,-5.0,-45.0
1776887215.1261027,3.0,-5.0,-42.0
1776887215.136103,8.0,-4.0,-41.0
1776887215.146103,7.0,-5.0,-35.0
1776887215.156103,5.0,-1.0,-39.0
1776887215.1661026,4.0,-1.0,-43.0
1776887215.1761026,1.0,-3.0,-44.0
1776887215.1861026,4.0,-4.0,-45.0
1776887215.1961029,7.0,-4.0,-47.0
1776887215.2061028,10.0,-5.0,-41.0
1776887215.2161028,4.0,-2.0,-47.0
1776887215.2261028,7.0,0.0,-45.0
1776887215.2361028,4.0,2.0,-41.0
1776887215.2461028,4.0,-2.0,-46.0
1776887215.2561028,6.0,-2.0,-46.0
1776887215.2661028,8.0,0.0,-40.0
1776887215.2761028,7.0,-1.0,-29.0
1776887215.2861028,5.0,3.0,-31.0
1776887215.2961028,1.0,1.0,-37.0
1776887215.3061028,2.0,6.0,-38.0
1776887215.3161027,4.0,7.0,-42.0
1776887215.3261027,3.0,3.0,-39.0
1776887215.3361027,4.0,1.0,-35.0
1776887215.3461027,3.0,0.0,-36.0
1776887215.3561027,1.0,0.0,-38.0
1776887215.3661027,-3.0,-1.0,-35.0
1776887215.3761027,-5.0,0.0,-31.0
1776887215.386103,1.0,2.0,-37.0
1776887215.396103,0.0,4.0,-38.0
1776887215.406103,1.0,8.0,-44.0
1776887215.4161026,0.0,8.0,-45.0
1776887215.4261026,1.0,6.0,-41.0
1776887215.4361026,2.0,0.0,-43.0
1776887215.4461029,-1.0,-4.0,-38.0
1776887215.4561028,-5.0,-3.0,-42.0
1776887215.4661028,-7.0,-5.0,-46.0
1776887215.4761028,-5.0,-5.0,-42.0
1776887215.4861028,-2.0,-4.0,-38.0
1776887215.4961028,2.0,-8.0,-27.0
1776887215.5061028,4.0,-8.0,-27.0
1776887215.5161028,3.0,-2.0,-35.0
1776887215.5261028,1.0,-3.0,-31.0
1776887215.5361028,2.0,-2.0,-28.0
1776887215.5461028,3.0,-1.0,-29.0
1776887215.5561028,3.0,-4.0,-28.0
1776887215.5661027,5.0,0.0,-26.0
1776887215.5761027,2.0,-1.0,-19.0
1776887215.5861027,4.0,-1.0,-18.0
1776887215.5961027,5.0,-3.0,-25.0
1776887215.6061027,3.0,-6.0,-21.0
1776887215.6161027,4.0,-6.0,-15.0
1776887215.6261027,5.0,-6.0,-19.0
1776887215.636103,-2.0,-6.0,-23.0
1776887215.646103,-2.0,-5.0,-25.0
1776887215.656103,-2.0,-5.0,-31.0
1776887215.6661026,2.0,-9.0,-36.0
1776887215.6761026,2.0,-9.0,-40.0
1776887215.6861026,2.0,-9.0,-43.0
1776887215.6961029,3.0,-4.0,-43.0
1776887215.7061028,6.0,-3.0,-43.0
1776887215.7161028,1.0,0.0,-42.0
1776887215.7261028,1.0,5.0,-40.0
1776887215.7361028,0.0,4.0,-38.0
1776887215.7461028,3.0,2.0,-37.0
1776887215.7561028,4.0,2.0,-44.0
1776887215.7661028,4.0,-2.0,-39.0
1776887215.7761028,7.0,1.0,-42.0
1776887215.7861028,10.0,4.0,-43.0
1776887215.7961028,4.0,2.0,-40.0
1776887215.8061028,4.0,-2.0,-41.0
1776887215.8161027,1.0,0.0,-40.0
1776887215.8261027,0.0,7.0,-39.0
1776887215.8361027,0.0,4.0,-38.0
1776887215.8461027,-3.0,-4.0,-33.0
1776887215.8561027,-9.0,0.0,-31.0
1776887215.8661027,-6.0,-1.0,-35.0
1776887215.8761027,-6.0,1.0,-38.0
1776887215.886103,-7.0,0.0,-35.0
1776887215.896103,-2.0,0.0,-34.0
1776887215.906103,-1.0,1.0,-33.0
1776887215.9161026,4.0,-1.0,-37.0
1776887215.9261026,8.0,-1.0,-34.0
1776887215.9361026,9.0,-3.0,-30.0
1776887215.9471028,6.0,-3.0,-27.0
1776887215.9571028,3.0,0.0,-35.0
1776887215.9671028,0.0,3.0,-36.0
1776887215.9771028,-6.0,7.0,-42.0
1776887215.9871027,-5.0,8.0,-47.0
1776887215.9971027,-1.0,5.0,-48.0
1776887216.0071027,-3.0,0.0,-50.0
1776887216.0171027,-6.0,0.0,-43.0
1776887216.0271027,-7.0,0.0,-43.0
1776887216.0371027,-5.0,0.0,-51.0
1776887216.0471027,0.0,0.0,-47.0
1776887216.057103,-1.0,-1.0,-41.0
1776887216.067103,-1.0,-3.0,-38.0
1776887216.077103,0.0,-2.0,-39.0
1776887216.087103,0.0,-1.0,-35.0
1776887216.0971026,-3.0,-3.0,-34.0
1776887216.1071026,-1.0,-1.0,-37.0
1776887216.1171026,0.0,-1.0,-39.0
1776887216.1271029,0.0,0.0,-34.0
1776887216.1371028,-1.0,2.0,-32.0
1776887216.1471028,-1.0,0.0,-35.0
1776887216.1571028,-7.0,2.0,-34.0
1776887216.1671028,-5.0,0.0,-29.0
1776887216.1771028,-7.0,-4.0,-23.0
1776887216.1871028,-9.0,-4.0,-25.0
1776887216.1971028,-7.0,-5.0,-33.0
1776887216.2071028,-1.0,-4.0,-35.0
1776887216.2171028,4.0,-2.0,-36.0
1776887216.2271028,2.0,-3.0,-36.0
1776887216.2371027,0.0,0.0,-41.0
1776887216.2471027,-5.0,-4.0,-42.0
1776887216.2571027,-7.0,-3.0,-38.0
1776887216.2671027,-2.0,-5.0,-37.0
1776887216.2771027,-2.0,-1.0,-37.0
1776887216.2871027,-3.0,0.0,-41.0
1776887216.2971027,-2.0,-1.0,-42.0
1776887216.307103,0.0,1.0,-40.0
1776887216.317103,4.0,-4.0,-47.0
1776887216.327103,3.0,-7.0,-46.0
1776887216.337103,-3.0,-5.0,-49.0
1776887216.3471026,-6.0,-2.0,-50.0
1776887216.3571026,0.0,-5.0,-46.0
1776887216.3671026,0.0,-7.0,-41.0
1776887216.3771029,-3.0,-13.0,-34.0
1776887216.3871028,-5.0,-8.0,-39.0
1776887216.3971028,-4.0,-7.0,-42.0
1776887216.4071028,-4.0,-8.0,-41.0
1776887216.4171028,-3.0,-11.0,-41.0
1776887216.4271028,0.0,-8.0,-38.0
1776887216.4371028,0.0,-10.0,-39.0
1776887216.4471028,-2.0,-8.0,-37.0
1776887216.4571028,4.0,-7.0,-40.0
1776887216.4671028,7.0,-5.0,-41.0
1776887216.4771028,1.0,-3.0,-37.0
1776887216.4871027,1.0,-1.0,-39.0
1776887216.4971027,-2.0,0.0,-39.0
1776887216.5071027,-1.0,-1.0,-47.0
1776887216.5171027,0.0,-3.0,-41.0
1776887216.5271027,1.0,-5.0,-40.0
1776887216.5371027,2.0,-2.0,-39.0
1776887216.5471027,0.0,-3.0,-44.0
1776887216.557103,-7.0,0.0,-44.0
1776887216.567103,-5.0,-5.0,-41.0
1776887216.577103,-4.0,-3.0,-39.0
1776887216.587103,-6.0,0.0,-29.0
1776887216.5971026,-5.0,1.0,-29.0
1776887216.6071026,-2.0,0.0,-28.0
1776887216.6171026,-5.0,3.0,-29.0
1776887216.6271029,-1.0,3.0,-32.0
1776887216.6371028,4.0,0.0,-36.0
1776887216.6471028,1.0,3.0,-35.0
1776887216.6571028,1.0,0.0,-44.0
1776887216.6671028,-1.0,0.0,-45.0
1776887216.6771028,4.0,0.0,-47.0
1776887216.6871028,6.0,-2.0,-41.0
1776887216.6971028,6.0,0.0,-43.0
1776887216.7071028,6.0,3.0,-43.0
1776887216.7171028,5.0,3.0,-37.0
1776887216.7271028,4.0,3.0,-36.0
1776887216.7371027,3.0,3.0,-36.0
1776887216.7471027,3.0,2.0,-38.0
1776887216.7571027,4.0,0.0,-40.0
1776887216.7671027,5.0,0.0,-44.0
1776887216.7771027,3.0,-1.0,-36.0
1776887216.7871027,4.0,1.0,-29.0
1776887216.7971027,1.0,0.0,-30.0
1776887216.807103,4.0,-3.0,-36.0
1776887216.817103,2.0,0.0,-42.0
1776887216.827103,1.0,2.0,-41.0
1776887216.837103,0.0,0.0,-43.0
1776887216.8471026,-2.0,2.0,-42.0
1776887216.8571026,-5.0,6.0,-37.0
1776887216.8671026,-4.0,6.0,-35.0
1776887216.8771029,-2.0,9.0,-42.0
1776887216.8871028,-4.0,6.0,-41.0
1776887216.8971028,-2.0,7.0,-38.0
1776887216.9071028,0.0,10.0,-34.0
1776887216.9171028,3.0,6.0,-32.0
1776887216.9271028,0.0,7.0,-28.0
1776887216.9371028,0.0,7.0,-31.0
1776887216.9471028,-1.0,5.0,-35.0
1776887216.9571028,-5.0,2.0,-43.0
1776887216.9671028,-7.0,3.0,-47.0
1776887216.9771028,0.0,1.0,-49.0
1776887216.9871027,-2.0,1.0,-48.0
1776887216.9971027,1.0,3.0,-43.0
1776887217.0071027,0.0,2.0,-42.0
1776887217.0171027,-2.0,4.0,-41.0
1776887217.0271027,-1.0,0.0,-38.0
1776887217.0371027,0.0,-6.0,-45.0
1776887217.0471027,2.0,-7.0,-51.0
1776887217.057103,3.0,-6.0,-45.0
1776887217.067103,-1.0,-8.0,-38.0
1776887217.077103,-3.0,-10.0,-34.0
1776887217.087103,-4.0,-7.0,-33.0
1776887217.0971026,-4.0,-1.0,-39.0
1776887217.1071026,-3.0,-1.0,-41.0
1776887217.1171026,-4.0,-6.0,-43.0
1776887217.1271029,-3.0,-6.0,-47.0
1776887217.1371028,-3.0,-1.0,-45.0
1776887217.1471028,0.0,0.0,-36.0
1776887217.1571028,-2.0,-3.0,-33.0
1776887217.1671028,0.0,-5.0,-29.0
1776887217.1771028,1.0,-3.0,-30.0
1776887217.1871028,3.0,0.0,-36.0
1776887217.1971028,3.0,-2.0,-32.0
1776887217.2071028,7.0,-1.0,-34.0
1776887217.2171028,7.0,-1.0,-34.0
1776887217.2271028,1.0,0.0,-37.0
1776887217.2371027,3.0,0.0,-37.0
1776887217.2471027,2.0,-1.0,-36.0
1776887217.2571027,0.0,-1.0,-33.0
1776887217.2671027,-1.0,1.0,-36.0
1776887217.2771027,1.0,-1.0,-35.0
1776887217.2871027,1.0,-4.0,-30.0
1776887217.2971027,3.0,-3.0,-32.0
1776887217.307103,2.0,-5.0,-37.0
1776887217.317103,0.0,-3.0,-44.0
1776887217.327103,-6.0,-6.0,-42.0
1776887217.337103,-7.0,-6.0,-42.0
1776887217.3471026,-3.0,-5.0,-42.0
1776887217.3571026,-4.0,-1.0,-48.0
1776887217.3671026,-2.0,1.0,-44.0
1776887217.3771029,-1.0,-2.0,-39.0
1776887217.3871028,0.0,-6.0,-36.0
1776887217.3971028,2.0,-6.0,-34.0
1776887217.4071028,5.0,-5.0,-34.0
1776887217.4171028,5.0,-4.0,-34.0
1776887217.4271028,3.0,-2.0,-30.0
1776887217.4371028,2.0,-5.0,-26.0
1776887217.4471028,0.0,-7.0,-33.0
1776887217.4571028,0.0,-3.0,-37.0
1776887217.4671028,0.0,-1.0,-40.0
1776887217.4771028,0.0,0.0,-41.0
1776887217.4871027,0.0,1.0,-38.0
1776887217.4971027,-2.0,3.0,-32.0
1776887217.5071027,-3.0,3.0,-34.0
1776887217.5171027,-7.0,2.0,-39.0
1776887217.5271027,-4.0,2.0,-36.0
1776887217.5371027,-2.0,3.0,-42.0
1776887217.5471027,3.0,0.0,-43.0
1776887217.557103,1.0,0.0,-45.0
1776887217.567103,3.0,1.0,-45.0
1776887217.577103,5.0,1.0,-43.0
1776887217.587103,2.0,1.0,-46.0
1776887217.5971026,4.0,0.0,-39.0
1776887217.6071026,1.0,-1.0,-41.0
1776887217.6171026,2.0,-2.0,-45.0
1776887217.6271029,-2.0,-3.0,-41.0
1776887217.6371028,-5.0,-2.0,-39.0
1776887217.6471028,-8.0,1.0,-40.0
1776887217.6571028,-4.0,3.0,-42.0
1776887217.6671028,-4.0,4.0,-45.0
1776887217.6771028,-8.0,6.0,-48.0
1776887217.6871028,-9.0,0.0,-49.0
1776887217.6971028,-5.0,0.0,-53.0
1776887217.7071028,0.0,-1.0,-48.0
1776887217.7171028,2.0,-4.0,-47.0
1776887217.7271028,0.0,-4.0,-42.0
1776887217.7371027,0.0,-1.0,-38.0
1776887217.7471027,-1.0,0.0,-36.0
1776887217.7571027,0.0,1.0,-44.0
1776887217.7671027,0.0,1.0,-39.0
1776887217.7771027,0.0,2.0,-36.0
1776887217.7871027,-1.0,-1.0,-44.0
1776887217.7971027,-2.0,-4.0,-39.0
1776887217.807103,-6.0,-4.0,-42.0
1776887217.817103,-9.0,-2.0,-38.0
1776887217.827103,-3.0,0.0,-39.0
1776887217.837103,1.0,0.0,-39.0
1776887217.8471026,0.0,-3.0,-39.0
1776887217.8571026,1.0,0.0,-37.0
1776887217.8671026,2.0,5.0,-36.0
1776887217.8771029,4.0,5.0,-39.0
1776887217.8871028,5.0,4.0,-34.0
1776887217.8971028,3.0,0.0,-31.0
1776887217.9071028,2.0,0.0,-37.0
1776887217.9171028,2.0,0.0,-38.0
1776887217.9271028,4.0,3.0,-39.0
1776887217.9381027,6.0,1.0,-37.0
1776887217.9481027,5.0,0.0,-40.0
1776887217.9581027,5.0,-1.0,-43.0
1776887217.9681027,0.0,0.0,-41.0
1776887217.9781027,3.0,-3.0,-37.0
1776887217.988103,5.0,-3.0,-36.0
1776887217.998103,1.0,-2.0,-34.0
1776887218.008103,3.0,0.0,-35.0
1776887218.0181026,4.0,-4.0,-38.0
1776887218.0281026,-1.0,-2.0,-43.0
1776887218.0381026,-1.0,-2.0,-45.0
1776887218.0481029,-2.0,0.0,-46.0
1776887218.0581028,-5.0,-3.0,-54.0
1776887218.0681028,-4.0,-3.0,-60.0
1776887218.0781028,1.0,-2.0,-60.0
1776887218.0881028,1.0,-3.0,-55.0
1776887218.0981028,1.0,-4.0,-55.0
1776887218.1081028,1.0,-2.0,-49.0
1776887218.1181028,5.0,-6.0,-43.0
1776887218.1281028,8.0,-2.0,-47.0
1776887218.1381028,4.0,2.0,-38.0
1776887218.1481028,3.0,-1.0,-28.0
1776887218.1581028,7.0,-5.0,-31.0
1776887218.1681027,5.0,-2.0,-36.0
1776887218.1781027,7.0,2.0,-32.0
1776887218.1881027,9.0,2.0,-29.0
1776887218.1981027,6.0,3.0,-27.0
1776887218.2081027,8.0,3.0,-30.0
1776887218.2181027,10.0,1.0,-37.0
1776887218.2281027,6.0,2.0,-40.0
1776887218.238103,0.0,4.0,-34.0
1776887218.248103,-7.0,2.0,-37.0
1776887218.258103,-10.0,-2.0,-39.0
1776887218.2681026,-10.0,-4.0,-42.0
1776887218.2781026,-8.0,-2.0,-38.0
1776887218.2881026,-4.0,-3.0,-41.0
1776887218.2981029,-4.0,0.0,-45.0
1776887218.3081028,-4.0,0.0,-42.0
1776887218.3181028,-5.0,0.0,-41.0
1776887218.3281028,-4.0,-5.0,-36.0
1776887218.3381028,-6.0,-2.0,-34.0
1776887218.3481028,-7.0,-3.0,-31.0
1776887218.3581028,-4.0,-4.0,-31.0
1776887218.3681028,-3.0,1.0,-35.0
1776887218.3781028,-3.0,3.0,-36.0
1776887218.3881028,-6.0,5.0,-36.0
1776887218.3981028,-1.0,5.0,-34.0
1776887218.4081028,-1.0,1.0,-33.0
1776887218.4181027,-2.0,2.0,-28.0
1776887218.4281027,-2.0,5.0,-29.0
1776887218.4381027,-1.0,4.0,-28.0
1776887218.4481027,1.0,2.0,-34.0
1776887218.4581027,2.0,2.0,-32.0
1776887218.4681027,1.0,4.0,-25.0
1776887218.4781027,2.0,1.0,-30.0
1776887218.488103,3.0,-2.0,-29.0
1776887218.498103,0.0,-2.0,-35.0
1776887218.508103,1.0,-2.0,-40.0
1776887218.5181026,2.0,-2.0,-43.0
1776887218.5281026,-3.0,2.0,-46.0
1776887218.5381026,-2.0,5.0,-45.0
1776887218.5481029,0.0,3.0,-42.0
1776887218.5581028,-3.0,5.0,-43.0
1776887218.5681028,0.0,4.0,-44.0
1776887218.5781028,0.0,2.0,-50.0
1776887218.5881028,1.0,5.0,-44.0
1776887218.5981028,3.0,4.0,-44.0
1776887218.6081028,2.0,2.0,-41.0
1776887218.6181028,1.0,-4.0,-38.0
1776887218.6281028,0.0,-1.0,-35.0
1776887218.6381028,0.0,-2.0,-37.0
1776887218.6481028,2.0,-2.0,-33.0
1776887218.6581028,3.0,-8.0,-29.0
1776887218.6681027,1.0,-8.0,-34.0
1776887218.6781027,-1.0,-7.0,-36.0
1776887218.6881027,0.0,-3.0,-44.0
1776887218.6981027,1.0,-3.0,-40.0
1776887218.7081027,0.0,-1.0,-38.0
1776887218.7181027,-5.0,1.0,-34.0
1776887218.7281027,-3.0,1.0,-32.0
1776887218.738103,-2.0,4.0,-32.0
1776887218.748103,-3.0,4.0,-29.0
1776887218.758103,1.0,1.0,-41.0
1776887218.7681026,1.0,1.0,-41.0
1776887218.7781026,1.0,2.0,-38.0
1776887218.7881026,-1.0,6.0,-42.0
1776887218.7981029,-2.0,3.0,-34.0
1776887218.8081028,0.0,5.0,-34.0
1776887218.8181028,1.0,4.0,-36.0
1776887218.8281028,1.0,2.0,-35.0
1776887218.8381028,0.0,3.0,-36.0
1776887218.8481028,-7.0,1.0,-39.0
1776887218.8581028,-2.0,0.0,-40.0
1776887218.8681028,0.0,0.0,-37.0
1776887218.8781028,0.0,-2.0,-40.0
1776887218.8881028,0.0,-3.0,-36.0
1776887218.8981028,-3.0,-2.0,-42.0
1776887218.9081028,-2.0,0.0,-41.0
1776887218.9181027,0.0,1.0,-46.0
1776887218.9281027,2.0,0.0,-42.0
1776887218.9381027,5.0,1.0,-43.0
1776887218.9481027,6.0,4.0,-42.0
1776887218.9581027,3.0,7.0,-38.0
1776887218.9681027,7.0,4.0,-32.0
1776887218.9781027,8.0,4.0,-32.0
1776887218.988103,4.0,3.0,-35.0
1776887218.998103,3.0,5.0,-35.0
1776887219.008103,1.0,3.0,-33.0
1776887219.0181026,1.0,0.0,-39.0
1776887219.0281026,0.0,0.0,-37.0
1776887219.0381026,1.0,-3.0,-36.0
1776887219.0481029,2.0,-2.0,-38.0
1776887219.0581028,0.0,1.0,-40.0
1776887219.0681028,-2.0,1.0,-42.0
1776887219.0781028,-4.0,-2.0,-43.0
1776887219.0881028,-3.0,-5.0,-43.0
1776887219.0981028,-4.0,-4.0,-38.0
1776887219.1081028,-2.0,-4.0,-37.0
1776887219.1181028,0.0,-3.0,-38.0
1776887219.1281028,0.0,-2.0,-37.0
1776887219.1381028,1.0,-3.0,-42.0
1776887219.1481028,5.0,-1.0,-40.0
1776887219.1581028,7.0,0.0,-42.0
1776887219.1681027,5.0,-1.0,-50.0
1776887219.1781027,9.0,-2.0,-49.0
1776887219.1881027,10.0,-1.0,-39.0
1776887219.1981027,6.0,0.0,-47.0
1776887219.2081027,1.0,0.0,-45.0
1776887219.2181027,0.0,3.0,-43.0
1776887219.2281027,1.0,1.0,-40.0
1776887219.238103,4.0,1.0,-39.0
1776887219.248103,3.0,1.0,-39.0
1776887219.258103,5.0,0.0,-41.0
1776887219.2681026,5.0,-3.0,-46.0
1776887219.2781026,3.0,-2.0,-47.0
1776887219.2881026,3.0,1.0,-40.0
1776887219.2981029,2.0,1.0,-41.0
1776887219.3081028,5.0,3.0,-32.0
1776887219.3181028,7.0,-2.0,-33.0
1776887219.3281028,13.0,-3.0,-39.0
1776887219.3381028,8.0,0.0,-39.0
1776887219.3481028,4.0,-2.0,-36.0
1776887219.3581028,2.0,0.0,-41.0
1776887219.3681028,5.0,-1.0,-37.0
1776887219.3781028,2.0,-1.0,-34.0
1776887219.3881028,2.0,0.0,-37.0
1776887219.3981028,2.0,2.0,-36.0
1776887219.4081028,-1.0,0.0,-38.0
1776887219.4181027,-3.0,-1.0,-39.0
1776887219.4281027,-3.0,-2.0,-37.0
1776887219.4381027,-7.0,-2.0,-35.0
1776887219.4481027,-9.0,0.0,-43.0
1776887219.4581027,-2.0,-5.0,-49.0
1776887219.4681027,1.0,-7.0,-48.0
1776887219.4781027,0.0,-6.0,-42.0
1776887219.488103,1.0,-2.0,-42.0
1776887219.498103,0.0,-2.0,-40.0
1776887219.508103,0.0,-4.0,-46.0
1776887219.5181026,3.0,-1.0,-39.0
1776887219.5281026,-1.0,-4.0,-40.0
1776887219.5381026,-2.0,-1.0,-40.0
1776887219.5481029,-5.0,-3.0,-46.0
1776887219.5581028,-1.0,0.0,-48.0
1776887219.5681028,1.0,0.0,-49.0
1776887219.5781028,3.0,-2.0,-40.0
1776887219.5881028,2.0,-5.0,-41.0
1776887219.5981028,7.0,-2.0,-47.0
1776887219.6081028,5.0,-5.0,-49.0
1776887219.6181028,4.0,-1.0,-48.0
1776887219.6281028,7.0,0.0,-46.0
1776887219.6381028,11.0,7.0,-38.0
1776887219.6481028,9.0,2.0,-34.0
1776887219.6581028,15.0,-2.0,-30.0
1776887219.6681027,13.0,-2.0,-39.0
1776887219.6781027,2.0,0.0,-41.0
1776887219.6881027,2.0,0.0,-39.0
1776887219.6981027,3.0,-2.0,-41.0
1776887219.7081027,5.0,-3.0,-43.0
1776887219.7181027,3.0,0.0,-45.0
1776887219.7281027,3.0,-1.0,-30.0
1776887219.738103,3.0,1.0,-25.0
1776887219.748103,0.0,0.0,-28.0
1776887219.758103,-3.0,-4.0,-31.0
1776887219.7681026,-4.0,-6.0,-43.0
1776887219.7781026,0.0,-3.0,-43.0
1776887219.7881026,2.0,0.0,-48.0
1776887219.7981029,5.0,0.0,-47.0
1776887219.8081028,7.0,-2.0,-41.0
1776887219.8181028,8.0,-2.0,-45.0
1776887219.8281028,6.0,2.0,-40.0
1776887219.8381028,7.0,3.0,-44.0
1776887219.8481028,6.0,2.0,-45.0
1776887219.8581028,7.0,1.0,-46.0
1776887219.8681028,5.0,-1.0,-38.0
1776887219.8781028,3.0,-4.0,-34.0
1776887219.8881028,4.0,0.0,-37.0
1776887219.8981028,6.0,3.0,-42.0
1776887219.9081028,4.0,0.0,-45.0
1776887219.9181027,3.0,-4.0,-44.0
1776887219.9281027,2.0,-5.0,-48.0
1776887219.9391026,0.0,-3.0,-57.0
1776887219.9491026,2.0,-6.0,-55.0
1776887219.9581027,2.0,-3.0,-55.0
1776887219.9681027,2.0,-1.0,-53.0
1776887219.9791028,3.0,4.0,-46.0
1776887219.9891028,3.0,3.0,-45.0
1776887219.9991028,2.0,0.0,-46.0
1776887220.0091028,-3.0,1.0,-45.0
1776887220.0191028,0.0,0.0,-34.0
1776887220.0291028,0.0,0.0,-38.0
1776887220.0391028,-3.0,-1.0,-38.0
1776887220.0491028,-1.0,0.0,-31.0
1776887220.0591028,-2.0,2.0,-32.0
1776887220.0691028,-4.0,4.0,-35.0
1776887220.0791028,-4.0,3.0,-36.0
1776887220.0891027,-3.0,3.0,-39.0
1776887220.0991027,-3.0,0.0,-34.0
1776887220.1091027,-5.0,-4.0,-31.0
1776887220.1191027,-2.0,-6.0,-32.0
1776887220.1291027,2.0,-4.0,-36.0
1776887220.1391027,1.0,-2.0,-40.0
1776887220.1491027,9.0,-1.0,-40.0
1776887220.159103,7.0,-1.0,-37.0
1776887220.169103,1.0,-2.0,-37.0
1776887220.179103,-2.0,-5.0,-36.0
1776887220.1891026,-4.0,-4.0,-42.0
1776887220.1991026,-3.0,-2.0,-41.0
1776887220.2091026,-3.0,0.0,-45.0
1776887220.2191026,-1.0,0.0,-37.0
1776887220.2291028,0.0,1.0,-42.0
1776887220.2391028,-1.0,-2.0,-47.0
1776887220.2491028,-3.0,-5.0,-48.0
1776887220.2591028,-3.0,-1.0,-42.0
1776887220.2691028,-3.0,-1.0,-42.0
1776887220.2791028,1.0,-3.0,-46.0
1776887220.2891028,0.0,-6.0,-49.0
1776887220.2991028,1.0,-6.0,-46.0
1776887220.3091028,1.0,-3.0,-46.0
1776887220.3191028,1.0,0.0,-42.0
1776887220.3291028,0.0,0.0,-38.0
1776887220.3391027,-2.0,1.0,-41.0
1776887220.3491027,-1.0,1.0,-35.0
1776887220.3591027,0.0,2.0,-33.0
1776887220.3691027,0.0,2.0,-33.0
1776887220.3791027,-4.0,-1.0,-29.0
1776887220.3891027,-7.0,-1.0,-27.0
1776887220.3991027,-4.0,-1.0,-26.0
1776887220.409103,-3.0,-2.0,-33.0
1776887220.419103,1.0,-1.0,-45.0
1776887220.429103,0.0,-3.0,-42.0
1776887220.4391026,-4.0,-6.0,-46.0
1776887220.4491026,-3.0,-6.0,-50.0
1776887220.4591026,0.0,-3.0,-52.0
1776887220.4691026,-4.0,-2.0,-45.0
1776887220.4791028,-5.0,-4.0,-38.0
1776887220.4891028,-6.0,-2.0,-40.0
1776887220.4991028,-4.0,-6.0,-43.0
1776887220.5091028,0.0,-3.0,-43.0
1776887220.5191028,0.0,-2.0,-44.0
1776887220.5291028,2.0,0.0,-45.0
1776887220.5391028,-4.0,0.0,-45.0
1776887220.5491028,-6.0,0.0,-43.0
1776887220.5591028,-6.0,0.0,-41.0
1776887220.5691028,-3.0,-4.0,-30.0
1776887220.5791028,-1.0,-4.0,-26.0
1776887220.5891027,-2.0,-2.0,-29.0
1776887220.5991027,-3.0,-1.0,-38.0
1776887220.6091027,-3.0,0.0,-33.0
1776887220.6191027,-1.0,-3.0,-29.0
1776887220.6291027,1.0,-3.0,-30.0
1776887220.6391027,2.0,-4.0,-34.0
1776887220.6491027,1.0,-3.0,-33.0
1776887220.659103,2.0,-5.0,-41.0
1776887220.669103,0.0,-9.0,-49.0
1776887220.679103,-1.0,-6.0,-48.0
1776887220.6891026,0.0,-3.0,-43.0
1776887220.6991026,0.0,-1.0,-40.0
1776887220.7091026,1.0,0.0,-38.0
1776887220.7191026,5.0,5.0,-40.0
1776887220.7291028,9.0,4.0,-42.0
1776887220.7391028,6.0,6.0,-44.0
1776887220.7491028,4.0,8.0,-45.0
1776887220.7591028,1.0,8.0,-47.0
1776887220.7691028,-2.0,8.0,-48.0
1776887220.7791028,-2.0,6.0,-44.0
1776887220.7891028,3.0,3.0,-43.0
1776887220.7991028,2.0,0.0,-44.0
1776887220.8091028,3.0,-3.0,-43.0
1776887220.8191028,-2.0,-3.0,-43.0
1776887220.8291028,-2.0,-2.0,-42.0
1776887220.8391027,-4.0,1.0,-40.0
1776887220.8491027,-6.0,3.0,-35.0
1776887220.8591027,0.0,3.0,-22.0
1776887220.8691027,1.0,5.0,-22.0
1776887220.8791027,2.0,5.0,-20.0
1776887220.8891027,6.0,5.0,-26.0
1776887220.8991027,5.0,5.0,-33.0
1776887220.909103,2.0,6.0,-32.0
1776887220.919103,1.0,6.0,-36.0
1776887220.929103,2.0,0.0,-42.0
1776887220.9391026,3.0,-1.0,-35.0
1776887220.9491026,3.0,-2.0,-32.0
1776887220.9591026,4.0,-5.0,-35.0
1776887220.9691026,5.0,-4.0,-34.0
1776887220.9791028,7.0,-4.0,-42.0
1776887220.9891028,2.0,-3.0,-40.0
1776887220.9991028,0.0,2.0,-35.0
1776887221.0091028,0.0,3.0,-34.0
1776887221.0191028,3.0,2.0,-33.0
1776887221.0291028,5.0,1.0,-31.0
1776887221.0391028,9.0,4.0,-32.0
1776887221.0491028,8.0,2.0,-37.0
1776887221.0591028,5.0,0.0,-41.0
1776887221.0691028,1.0,0.0,-45.0
1776887221.0791028,-3.0,0.0,-49.0
1776887221.0891027,-8.0,3.0,-45.0
1776887221.0991027,-6.0,3.0,-43.0
1776887221.1091027,-6.0,1.0,-39.0
1776887221.1191027,-3.0,-3.0,-39.0
1776887221.1291027,-3.0,-1.0,-42.0
1776887221.1391027,-6.0,-1.0,-43.0
1776887221.1491027,-5.0,-2.0,-41.0
1776887221.159103,-4.0,-2.0,-44.0
1776887221.169103,2.0,-4.0,-42.0
1776887221.179103,4.0,-1.0,-42.0
1776887221.1891026,3.0,-2.0,-39.0
1776887221.1991026,6.0,0.0,-36.0
1776887221.2091026,-1.0,-1.0,-38.0
1776887221.2191026,-2.0,-2.0,-36.0
1776887221.2291028,0.0,0.0,-39.0
1776887221.2391028,1.0,0.0,-28.0
1776887221.2491028,-1.0,3.0,-25.0
1776887221.2591028,-5.0,1.0,-24.0
1776887221.2691028,-4.0,7.0,-32.0
1776887221.2791028,0.0,5.0,-37.0
1776887221.2891028,0.0,3.0,-36.0
1776887221.2991028,0.0,1.0,-30.0
1776887221.3091028,-1.0,-2.0,-26.0
1776887221.3191028,1.0,-4.0,-29.0
1776887221.3291028,-3.0,-4.0,-40.0
1776887221.3391027,-6.0,-2.0,-44.0
1776887221.3491027,-6.0,-2.0,-38.0
1776887221.3591027,-8.0,0.0,-40.0
1776887221.3691027,-6.0,4.0,-41.0
1776887221.3791027,-5.0,4.0,-49.0
1776887221.3891027,-2.0,2.0,-46.0
1776887221.3991027,0.0,0.0,-43.0
1776887221.409103,0.0,-1.0,-40.0
1776887221.419103,-3.0,-3.0,-40.0
1776887221.429103,0.0,-4.0,-42.0
1776887221.4391026,3.0,-6.0,-42.0
1776887221.4491026,2.0,-7.0,-37.0
1776887221.4591026,1.0,-8.0,-38.0
1776887221.4691026,1.0,-8.0,-34.0
1776887221.4791028,2.0,-8.0,-33.0
1776887221.4891028,-2.0,-9.0,-34.0
1776887221.4991028,-5.0,-11.0,-35.0
1776887221.5091028,0.0,-10.0,-37.0
1776887221.5191028,2.0,-9.0,-31.0
1776887221.5291028,2.0,-12.0,-27.0
1776887221.5391028,-2.0,-8.0,-27.0
1776887221.5491028,-5.0,-6.0,-30.0
1776887221.5591028,-6.0,-5.0,-32.0
1776887221.5691028,-2.0,-4.0,-33.0
1776887221.5791028,-1.0,-2.0,-34.0
1776887221.5891027,-5.0,-5.0,-33.0
1776887221.5991027,-4.0,-1.0,-39.0
1776887221.6091027,-7.0,3.0,-41.0
1776887221.6191027,-4.0,6.0,-38.0
1776887221.6291027,-3.0,4.0,-43.0
1776887221.6391027,-7.0,3.0,-36.0
1776887221.6491027,-8.0,7.0,-37.0
1776887221.659103,-7.0,4.0,-44.0
1776887221.669103,-6.0,4.0,-40.0
1776887221.679103,-3.0,4.0,-42.0
1776887221.6891026,0.0,3.0,-42.0
1776887221.6991026,6.0,0.0,-43.0
1776887221.7091026,10.0,-1.0,-31.0
1776887221.7191026,10.0,-1.0,-32.0
1776887221.7291028,5.0,2.0,-28.0
1776887221.7391028,5.0,0.0,-31.0
1776887221.7491028,2.0,0.0,-36.0
1776887221.7591028,3.0,0.0,-32.0
1776887221.7691028,1.0,-2.0,-33.0
1776887221.7791028,0.0,0.0,-35.0
1776887221.7891028,-2.0,-6.0,-39.0
1776887221.7991028,1.0,-8.0,-45.0
1776887221.8091028,-2.0,-6.0,-44.0
1776887221.8191028,0.0,-5.0,-35.0
1776887221.8291028,5.0,-3.0,-38.0
1776887221.8391027,5.0,-1.0,-41.0
1776887221.8491027,4.0,-2.0,-45.0
1776887221.8591027,4.0,-6.0,-44.0
1776887221.8691027,5.0,-7.0,-37.0
1776887221.8791027,3.0,-5.0,-46.0
1776887221.8891027,0.0,-2.0,-46.0
1776887221.9001029,3.0,-5.0,-45.0
1776887221.909103,1.0,-3.0,-46.0
1776887221.919103,2.0,-2.0,-38.0
1776887221.9301028,3.0,-1.0,-31.0
1776887221.9401028,1.0,0.0,-31.0
1776887221.9501028,1.0,-4.0,-36.0
1776887221.9601028,3.0,-7.0,-33.0
1776887221.9701028,3.0,-10.0,-39.0
1776887221.9801028,3.0,-7.0,-47.0
1776887221.9901028,4.0,-6.0,-44.0
1776887222.0001028,3.0,-2.0,-42.0
1776887222.0101027,6.0,-2.0,-45.0
1776887222.0201027,5.0,-2.0,-36.0
1776887222.0301027,8.0,-2.0,-37.0
1776887222.0401027,5.0,-2.0,-39.0
1776887222.0501027,3.0,-4.0,-32.0
1776887222.0601027,3.0,-2.0,-32.0
1776887222.0701027,0.0,1.0,-25.0
1776887222.0801027,-2.0,-1.0,-19.0
1776887222.090103,-4.0,-6.0,-23.0
1776887222.100103,-2.0,-2.0,-27.0
1776887222.110103,0.0,0.0,-30.0
1776887222.1201026,-2.0,0.0,-33.0
1776887222.1301026,-1.0,-1.0,-33.0
1776887222.1401026,-3.0,-3.0,-36.0
1776887222.1501029,0.0,-3.0,-40.0
1776887222.1601028,3.0,-2.0,-39.0
1776887222.1701028,5.0,1.0,-40.0
1776887222.1801028,4.0,2.0,-36.0
1776887222.1901028,2.0,0.0,-33.0
1776887222.2001028,4.0,-1.0,-29.0
1776887222.2101028,5.0,-3.0,-31.0
1776887222.2201028,6.0,-3.0,-29.0
1776887222.2301028,5.0,-1.0,-32.0
1776887222.2401028,2.0,-5.0,-33.0
1776887222.2501028,-2.0,-1.0,-28.0
1776887222.2601027,-6.0,0.0,-34.0
1776887222.2701027,-7.0,0.0,-33.0
1776887222.2801027,-7.0,1.0,-32.0
1776887222.2901027,-4.0,1.0,-34.0
1776887222.3001027,-1.0,4.0,-38.0
1776887222.3101027,-1.0,2.0,-36.0
1776887222.3201027,-1.0,2.0,-30.0
1776887222.3301027,-5.0,-1.0,-33.0
1776887222.340103,-6.0,0.0,-31.0
1776887222.350103,-3.0,0.0,-33.0
1776887222.360103,-2.0,-2.0,-37.0
1776887222.3701026,-4.0,2.0,-37.0
1776887222.3801026,-1.0,4.0,-40.0
1776887222.3901026,0.0,0.0,-38.0
1776887222.4001029,8.0,-1.0,-37.0
1776887222.4101028,8.0,1.0,-36.0
1776887222.4201028,6.0,4.0,-34.0
1776887222.4301028,6.0,6.0,-35.0
1776887222.4401028,6.0,8.0,-35.0
1776887222.4501028,7.0,11.0,-36.0
1776887222.4601028,7.0,9.0,-36.0
1776887222.4701028,6.0,9.0,-38.0
1776887222.4801028,2.0,12.0,-30.0
1776887222.4901028,0.0,11.0,-30.0
1776887222.5001028,2.0,8.0,-38.0
1776887222.5101027,-3.0,2.0,-39.0
1776887222.5201027,0.0,0.0,-40.0
1776887222.5301027,3.0,-2.0,-39.0
1776887222.5401027,5.0,0.0,-44.0
1776887222.5501027,3.0,1.0,-45.0
1776887222.5601027,6.0,-3.0,-42.0
1776887222.5701027,6.0,-3.0,-34.0
1776887222.5801027,4.0,0.0,-28.0
1776887222.590103,4.0,0.0,-26.0
1776887222.600103,7.0,-4.0,-27.0
1776887222.610103,7.0,-1.0,-31.0
1776887222.6201026,7.0,-1.0,-31.0
1776887222.6301026,7.0,-6.0,-28.0
1776887222.6401026,6.0,-2.0,-25.0
1776887222.6501029,4.0,1.0,-33.0
1776887222.6601028,1.0,2.0,-31.0
1776887222.6701028,0.0,1.0,-26.0
1776887222.6801028,2.0,-1.0,-33.0
1776887222.6901028,3.0,-6.0,-35.0
1776887222.7001028,3.0,-7.0,-40.0
1776887222.7101028,3.0,-6.0,-36.0
1776887222.7201028,3.0,-8.0,-37.0
1776887222.7301028,0.0,-5.0,-35.0
1776887222.7401028,1.0,-5.0,-41.0
1776887222.7501028,2.0,-5.0,-44.0
1776887222.7601027,8.0,-6.0,-46.0
1776887222.7701027,8.0,-5.0,-43.0
1776887222.7801027,3.0,-2.0,-47.0
1776887222.7901027,4.0,-4.0,-42.0
1776887222.8001027,6.0,-4.0,-41.0
1776887222.8101027,8.0,-2.0,-45.0
1776887222.8201027,6.0,1.0,-44.0
1776887222.8301027,0.0,0.0,-35.0
1776887222.840103,-6.0,1.0,-35.0
1776887222.850103,-7.0,3.0,-38.0
1776887222.860103,-6.0,3.0,-37.0
1776887222.8701026,-7.0,5.0,-42.0
1776887222.8801026,-5.0,6.0,-45.0
1776887222.8901026,-3.0,5.0,-43.0
1776887222.9001029,-4.0,2.0,-47.0
1776887222.9101028,-3.0,1.0,-53.0
1776887222.9201028,-2.0,0.0,-47.0
1776887222.9301028,0.0,-2.0,-43.0
1776887222.9401028,0.0,0.0,-45.0
1776887222.9501028,0.0,4.0,-44.0
1776887222.9601028,0.0,4.0,-44.0
1776887222.9701028,4.0,0.0,-38.0
1776887222.9801028,4.0,-3.0,-34.0
1776887222.9901028,5.0,-4.0,-40.0
1776887223.0001028,3.0,-1.0,-41.0
1776887223.0101027,5.0,-3.0,-40.0
1776887223.0201027,5.0,-2.0,-41.0
1776887223.0301027,6.0,-7.0,-43.0
1776887223.0401027,4.0,-4.0,-36.0
1776887223.0501027,0.0,-2.0,-39.0
1776887223.0601027,0.0,-2.0,-39.0
1776887223.0701027,0.0,-1.0,-37.0
1776887223.0801027,0.0,-4.0,-32.0
1776887223.090103,0.0,-4.0,-34.0
1776887223.100103,2.0,0.0,-42.0
1776887223.110103,0.0,2.0,-42.0
1776887223.1201026,-2.0,2.0,-34.0
1776887223.1301026,5.0,2.0,-31.0
1776887223.1401026,9.0,0.0,-27.0
1776887223.1501029,11.0,1.0,-23.0
1776887223.1601028,11.0,0.0,-22.0
1776887223.1701028,12.0,2.0,-18.0
1776887223.1801028,8.0,2.0,-24.0
1776887223.1901028,10.0,-1.0,-31.0
1776887223.2001028,5.0,-2.0,-40.0
1776887223.2101028,5.0,-4.0,-38.0
1776887223.2201028,0.0,-3.0,-41.0
1776887223.2301028,-3.0,2.0,-40.0
1776887223.2401028,-3.0,-1.0,-38.0
1776887223.2501028,-4.0,3.0,-35.0
1776887223.2601027,-1.0,0.0,-39.0
1776887223.2701027,-1.0,-4.0,-37.0
1776887223.2801027,0.0,-1.0,-38.0
1776887223.2901027,7.0,-3.0,-30.0
1776887223.3001027,4.0,-2.0,-34.0
1776887223.3101027,4.0,-1.0,-38.0
1776887223.3201027,5.0,0.0,-44.0
1776887223.3301027,6.0,2.0,-43.0
1776887223.340103,1.0,0.0,-37.0
1776887223.350103,-2.0,1.0,-30.0
1776887223.360103,2.0,0.0,-30.0
1776887223.3701026,1.0,-4.0,-30.0
1776887223.3801026,4.0,-3.0,-32.0
1776887223.3901026,0.0,-5.0,-38.0
1776887223.4001029,2.0,-7.0,-32.0
1776887223.4101028,2.0,-2.0,-29.0
1776887223.4201028,1.0,-1.0,-35.0
1776887223.4301028,-2.0,0.0,-33.0
1776887223.4401028,-2.0,1.0,-38.0
1776887223.4511027,-5.0,0.0,-38.0
1776887223.4601028,-2.0,1.0,-32.0
1776887223.4701028,-2.0,4.0,-34.0
1776887223.4801028,0.0,0.0,-41.0
1776887223.4901028,-1.0,0.0,-44.0
1776887223.5001028,0.0,-1.0,-45.0
1776887223.5101027,-1.0,-6.0,-43.0
1776887223.5201027,-1.0,-1.0,-45.0
1776887223.5301027,0.0,-3.0,-52.0
1776887223.5401027,0.0,-2.0,-48.0
1776887223.5501027,1.0,1.0,-45.0
1776887223.5601027,3.0,-1.0,-37.0
1776887223.5701027,1.0,3.0,-35.0
1776887223.5801027,3.0,0.0,-32.0
1776887223.590103,0.0,-3.0,-33.0
1776887223.600103,3.0,-1.0,-38.0
1776887223.610103,5.0,-3.0,-38.0
1776887223.6201026,6.0,-2.0,-40.0
1776887223.6301026,4.0,0.0,-38.0
1776887223.6401026,2.0,0.0,-42.0
1776887223.6501029,0.0,-4.0,-39.0
1776887223.6601028,1.0,-4.0,-39.0
1776887223.6701028,-1.0,-6.0,-35.0
1776887223.6801028,0.0,-8.0,-35.0
1776887223.6901028,0.0,-5.0,-35.0
1776887223.7001028,1.0,-4.0,-35.0
1776887223.7101028,3.0,2.0,-41.0
1776887223.7201028,1.0,5.0,-34.0
1776887223.7301028,1.0,6.0,-37.0
1776887223.7401028,-5.0,5.0,-34.0
1776887223.7501028,-3.0,1.0,-33.0
1776887223.7601027,-1.0,0.0,-36.0
1776887223.7701027,0.0,-1.0,-40.0
1776887223.7801027,-2.0,-1.0,-37.0
1776887223.7901027,0.0,-6.0,-39.0
1776887223.8001027,-2.0,-7.0,-39.0
1776887223.8101027,-3.0,-6.0,-41.0
1776887223.8201027,-6.0,-4.0,-37.0
1776887223.8301027,-7.0,0.0,-40.0
1776887223.840103,-3.0,0.0,-45.0
1776887223.850103,-2.0,-4.0,-49.0
1776887223.860103,0.0,-5.0,-46.0
1776887223.8701026,0.0,-5.0,-46.0
1776887223.8801026,1.0,-6.0,-41.0
1776887223.8901026,-1.0,-4.0,-42.0
1776887223.9001029,-3.0,-7.0,-41.0
1776887223.9101028,-2.0,-2.0,-37.0
1776887223.9211028,-3.0,-6.0,-32.0
1776887223.9301028,-1.0,-8.0,-36.0
1776887223.9401028,-4.0,-6.0,-38.0
1776887223.9511027,-4.0,-7.0,-37.0
1776887223.9611027,-4.0,-4.0,-44.0
1776887223.9711027,-2.0,-1.0,-38.0
1776887223.9811027,0.0,0.0,-40.0
1776887223.9911027,0.0,0.0,-41.0
1776887224.0011027,1.0,-2.0,-45.0
1776887224.011103,-1.0,2.0,-45.0
1776887224.021103,-1.0,2.0,-49.0
1776887224.031103,3.0,2.0,-42.0
1776887224.0411026,2.0,1.0,-36.0
1776887224.0511026,4.0,3.0,-44.0
1776887224.0611026,3.0,0.0,-40.0
1776887224.0711029,3.0,-4.0,-39.0
1776887224.0811028,3.0,-4.0,-42.0
1776887224.0911028,8.0,-3.0,-43.0
1776887224.1011028,6.0,-2.0,-48.0
1776887224.1111028,1.0,-6.0,-49.0
1776887224.1211028,0.0,-5.0,-49.0
1776887224.1311028,0.0,-5.0,-45.0
1776887224.1411028,1.0,-2.0,-37.0
1776887224.1511028,4.0,-1.0,-33.0
1776887224.1611028,5.0,-3.0,-35.0
1776887224.1711028,3.0,-5.0,-31.0
1776887224.1811028,0.0,-5.0,-28.0
1776887224.1911027,0.0,-7.0,-36.0
1776887224.2011027,-5.0,-8.0,-36.0
1776887224.2111027,-7.0,-2.0,-40.0
1776887224.2211027,-6.0,0.0,-41.0
1776887224.2311027,0.0,1.0,-41.0
1776887224.2411027,-1.0,2.0,-45.0
1776887224.2511027,1.0,-1.0,-45.0
1776887224.261103,0.0,-3.0,-43.0
1776887224.271103,1.0,-4.0,-40.0
1776887224.281103,1.0,-8.0,-39.0
1776887224.2911026,1.0,-4.0,-45.0
1776887224.3011026,3.0,-3.0,-43.0
1776887224.3111026,2.0,-3.0,-39.0
1776887224.3211029,4.0,0.0,-39.0
1776887224.3311028,6.0,-1.0,-34.0
1776887224.3411028,7.0,-1.0,-41.0
1776887224.3511028,0.0,-2.0,-39.0
1776887224.3611028,-1.0,-2.0,-34.0
1776887224.3711028,-5.0,-2.0,-32.0
1776887224.3811028,0.0,0.0,-41.0
1776887224.3911028,5.0,-2.0,-44.0
1776887224.4011028,6.0,-1.0,-40.0
1776887224.4111028,1.0,-1.0,-29.0
1776887224.4211028,1.0,1.0,-34.0
1776887224.4311028,6.0,0.0,-42.0
1776887224.4411027,4.0,-2.0,-42.0
1776887224.4511027,0.0,-4.0,-38.0
1776887224.4611027,-3.0,-5.0,-41.0
1776887224.4711027,2.0,-2.0,-39.0
1776887224.4811027,5.0,1.0,-42.0
1776887224.4911027,0.0,0.0,-43.0
1776887224.5011027,5.0,-4.0,-43.0
1776887224.511103,6.0,-2.0,-40.0
1776887224.521103,5.0,-4.0,-34.0
1776887224.531103,7.0,-5.0,-34.0
1776887224.5411026,8.0,-7.0,-36.0
1776887224.5511026,4.0,-6.0,-34.0
1776887224.5611026,5.0,-1.0,-32.0
1776887224.5711029,5.0,4.0,-26.0
1776887224.5811028,2.0,6.0,-28.0
1776887224.5911028,5.0,1.0,-35.0
1776887224.6011028,5.0,1.0,-40.0
1776887224.6111028,2.0,-1.0,-40.0
1776887224.6211028,0.0,-3.0,-42.0
1776887224.6311028,3.0,-2.0,-34.0
1776887224.6411028,4.0,1.0,-32.0
1776887224.6511028,5.0,3.0,-27.0
1776887224.6611028,4.0,0.0,-24.0
1776887224.6711028,0.0,0.0,-26.0
1776887224.6811028,-1.0,-1.0,-31.0
1776887224.6911027,4.0,0.0,-38.0
1776887224.7011027,2.0,0.0,-43.0
1776887224.7111027,5.0,-3.0,-41.0
1776887224.7211027,0.0,-4.0,-41.0
1776887224.7311027,-3.0,-1.0,-39.0
1776887224.7411027,0.0,-4.0,-37.0
1776887224.7511027,-2.0,-3.0,-40.0
1776887224.761103,0.0,-4.0,-34.0
1776887224.771103,0.0,-4.0,-42.0
1776887224.781103,0.0,-6.0,-38.0
1776887224.7911026,0.0,-2.0,-42.0
1776887224.8011026,1.0,-2.0,-46.0
1776887224.8111026,5.0,-1.0,-37.0
1776887224.8211029,6.0,0.0,-31.0
1776887224.8311028,8.0,0.0,-29.0
1776887224.8411028,3.0,2.0,-30.0
1776887224.8511028,-2.0,5.0,-30.0
1776887224.8611028,0.0,3.0,-33.0
1776887224.8711028,2.0,5.0,-36.0
1776887224.8811028,3.0,6.0,-33.0
1776887224.8911028,0.0,4.0,-34.0
1776887224.9011028,-4.0,1.0,-38.0
1776887224.9111028,-5.0,3.0,-38.0
1776887224.9211028,-5.0,3.0,-45.0
1776887224.9311028,2.0,0.0,-50.0
1776887224.9411027,1.0,0.0,-42.0
1776887224.9511027,0.0,-2.0,-43.0
1776887224.9611027,-1.0,0.0,-40.0
1776887224.9711027,1.0,-4.0,-41.0
1776887224.9811027,0.0,0.0,-42.0
1776887224.9911027,-4.0,2.0,-37.0
1776887225.0011027,-4.0,0.0,-37.0
1776887225.011103,-3.0,-2.0,-34.0
1776887225.021103,-3.0,-1.0,-38.0
1776887225.031103,-1.0,-3.0,-35.0
1776887225.0411026,2.0,0.0,-39.0
1776887225.0511026,4.0,-2.0,-46.0
1776887225.0611026,6.0,-1.0,-43.0
1776887225.0711029,7.0,0.0,-42.0
1776887225.0811028,6.0,-3.0,-43.0
1776887225.0911028,5.0,-1.0,-45.0
1776887225.1011028,7.0,0.0,-45.0
1776887225.1111028,4.0,2.0,-45.0
1776887225.1211028,2.0,5.0,-39.0
1776887225.1311028,-2.0,4.0,-39.0
1776887225.1411028,-3.0,4.0,-40.0
1776887225.1511028,-2.0,0.0,-33.0
1776887225.1611028,-1.0,-1.0,-31.0
1776887225.1711028,-6.0,2.0,-31.0
1776887225.1811028,-4.0,0.0,-36.0
1776887225.1911027,-1.0,0.0,-37.0
1776887225.2011027,-2.0,-2.0,-38.0
1776887225.2111027,-7.0,-5.0,-40.0
1776887225.2211027,-5.0,-5.0,-39.0
1776887225.2311027,-7.0,-4.0,-38.0
1776887225.2411027,-6.0,-5.0,-41.0
1776887225.2511027,-6.0,-3.0,-38.0
1776887225.261103,-6.0,-2.0,-38.0
1776887225.271103,-5.0,-2.0,-34.0
1776887225.281103,-5.0,-2.0,-35.0
1776887225.2911026,-5.0,-3.0,-32.0
1776887225.3011026,-5.0,-3.0,-32.0
1776887225.3111026,-3.0,-4.0,-45.0
1776887225.3211029,-1.0,-8.0,-44.0
1776887225.3311028,0.0,-5.0,-42.0
1776887225.3411028,-1.0,-2.0,-44.0
1776887225.3511028,1.0,-4.0,-44.0
1776887225.3611028,-3.0,-5.0,-41.0
1776887225.3711028,-4.0,0.0,-48.0
1776887225.3811028,-4.0,-4.0,-44.0
1776887225.3911028,1.0,-5.0,-45.0
1776887225.4011028,-1.0,-3.0,-37.0
1776887225.4111028,-2.0,-1.0,-35.0
1776887225.4211028,-2.0,0.0,-46.0
1776887225.4311028,-1.0,0.0,-42.0
1776887225.4411027,-1.0,0.0,-46.0
1776887225.4511027,-5.0,0.0,-47.0
1776887225.4611027,0.0,2.0,-42.0
1776887225.4711027,2.0,2.0,-39.0
1776887225.4811027,2.0,-2.0,-41.0
1776887225.4911027,2.0,-1.0,-41.0
1776887225.5011027,2.0,0.0,-42.0
1776887225.511103,0.0,-1.0,-41.0
1776887225.521103,4.0,-1.0,-37.0
1776887225.531103,6.0,-2.0,-35.0
1776887225.5411026,1.0,0.0,-42.0
1776887225.5511026,0.0,0.0,-40.0
1776887225.5611026,0.0,-1.0,-39.0
1776887225.5711029,0.0,0.0,-36.0
1776887225.5811028,-3.0,-2.0,-29.0
1776887225.5911028,-2.0,3.0,-29.0
1776887225.6011028,3.0,4.0,-36.0
1776887225.6111028,4.0,0.0,-32.0
1776887225.6211028,8.0,-1.0,-36.0
1776887225.6311028,5.0,0.0,-39.0
1776887225.6411028,1.0,1.0,-41.0
1776887225.6511028,4.0,-2.0,-36.0
1776887225.6611028,6.0,-5.0,-34.0
1776887225.6711028,5.0,-7.0,-27.0
1776887225.6811028,1.0,-8.0,-28.0
1776887225.6911027,7.0,-7.0,-31.0
1776887225.7011027,11.0,0.0,-27.0
1776887225.7111027,6.0,-3.0,-28.0
1776887225.7211027,3.0,-2.0,-30.0
1776887225.7311027,-3.0,-1.0,-26.0
1776887225.7411027,1.0,0.0,-26.0
1776887225.7511027,3.0,-5.0,-28.0
1776887225.761103,5.0,-5.0,-29.0
1776887225.771103,4.0,-5.0,-32.0
1776887225.781103,2.0,-5.0,-33.0
1776887225.7911026,2.0,-4.0,-34.0
1776887225.8011026,3.0,-2.0,-35.0
1776887225.8111026,1.0,-1.0,-35.0
1776887225.8211029,-1.0,1.0,-31.0
1776887225.8311028,1.0,0.0,-29.0
1776887225.8411028,1.0,0.0,-20.0
1776887225.8511028,1.0,0.0,-24.0
1776887225.8611028,1.0,1.0,-24.0
1776887225.8711028,1.0,0.0,-28.0
1776887225.8811028,4.0,-3.0,-33.0
1776887225.8911028,1.0,0.0,-32.0
1776887225.9021027,0.0,2.0,-32.0
1776887225.9111028,0.0,-1.0,-28.0
1776887225.9211028,2.0,-3.0,-27.0
1776887225.932103,0.0,-3.0,-35.0
1776887225.9411027,-2.0,-2.0,-41.0
1776887225.952103,-2.0,-1.0,-49.0
1776887225.962103,0.0,-4.0,-48.0
1776887225.9721026,-5.0,0.0,-48.0
1776887225.9821026,-7.0,0.0,-52.0
1776887225.9921026,-2.0,-1.0,-55.0
1776887226.0021029,0.0,-3.0,-57.0
1776887226.0121028,0.0,-5.0,-51.0
1776887226.0221028,1.0,-3.0,-46.0
1776887226.0321028,-4.0,-1.0,-37.0
1776887226.0421028,0.0,1.0,-34.0
1776887226.0521028,-3.0,0.0,-29.0
1776887226.0621028,0.0,-5.0,-27.0
1776887226.0721028,2.0,-5.0,-28.0
1776887226.0821028,3.0,-4.0,-36.0
1776887226.0921028,3.0,0.0,-36.0
1776887226.1021028,5.0,1.0,-31.0
1776887226.1121027,6.0,3.0,-39.0
1776887226.1221027,7.0,0.0,-44.0
1776887226.1321027,6.0,0.0,-44.0
1776887226.1421027,3.0,-8.0,-37.0
1776887226.1521027,8.0,-4.0,-37.0
1776887226.1621027,10.0,2.0,-35.0
1776887226.1721027,11.0,7.0,-32.0
1776887226.182103,5.0,10.0,-28.0
1776887226.192103,2.0,7.0,-24.0
1776887226.202103,-3.0,4.0,-20.0
1776887226.212103,-2.0,0.0,-21.0
1776887226.2221026,-3.0,-3.0,-24.0
1776887226.2321026,0.0,0.0,-27.0
1776887226.2421026,4.0,2.0,-30.0
1776887226.2521029,0.0,2.0,-32.0
1776887226.2621028,-2.0,1.0,-31.0
1776887226.2721028,2.0,2.0,-28.0
1776887226.2821028,5.0,0.0,-25.0
1776887226.2921028,3.0,0.0,-32.0
1776887226.3021028,1.0,0.0,-38.0
1776887226.3121028,0.0,-5.0,-37.0
1776887226.3221028,2.0,-4.0,-36.0
1776887226.3321028,2.0,0.0,-33.0
1776887226.3421028,5.0,-2.0,-33.0
1776887226.3521028,6.0,2.0,-30.0
1776887226.3621027,6.0,2.0,-26.0
1776887226.3721027,-1.0,6.0,-26.0
1776887226.3821027,-7.0,2.0,-27.0
1776887226.3921027,-9.0,2.0,-23.0
1776887226.4021027,-11.0,4.0,-22.0
1776887226.4121027,-10.0,4.0,-22.0
1776887226.4221027,-10.0,3.0,-32.0
1776887226.432103,-10.0,2.0,-33.0
1776887226.442103,-7.0,1.0,-37.0
1776887226.452103,-9.0,4.0,-37.0
1776887226.462103,-11.0,4.0,-43.0
1776887226.4721026,-9.0,0.0,-39.0
1776887226.4821026,-5.0,0.0,-38.0
1776887226.4921026,-5.0,0.0,-39.0
1776887226.5021029,-5.0,0.0,-48.0
1776887226.5121028,0.0,0.0,-57.0
1776887226.5221028,-1.0,-3.0,-49.0
1776887226.5321028,2.0,-4.0,-41.0
1776887226.5421028,1.0,-2.0,-42.0
1776887226.5521028,-1.0,1.0,-39.0
1776887226.5621028,-3.0,2.0,-39.0
1776887226.5721028,-2.0,1.0,-42.0
1776887226.5821028,-3.0,0.0,-39.0
1776887226.5921028,-1.0,-1.0,-37.0
1776887226.6021028,-3.0,-5.0,-37.0
1776887226.6121027,-4.0,-5.0,-41.0
1776887226.6221027,-1.0,-6.0,-42.0
1776887226.6321027,-6.0,-5.0,-41.0
1776887226.6421027,-6.0,-6.0,-45.0
1776887226.6521027,-8.0,-5.0,-42.0
1776887226.6621027,-1.0,-5.0,-42.0
1776887226.6721027,1.0,-5.0,-36.0
1776887226.682103,1.0,-2.0,-32.0
1776887226.692103,6.0,3.0,-30.0
1776887226.702103,5.0,3.0,-33.0
1776887226.712103,4.0,2.0,-34.0
1776887226.7221026,2.0,0.0,-29.0
1776887226.7321026,0.0,-1.0,-35.0
1776887226.7421026,0.0,-3.0,-35.0
1776887226.7521029,-1.0,-3.0,-37.0
1776887226.7621028,-2.0,-4.0,-34.0
1776887226.7721028,0.0,-6.0,-36.0
1776887226.7821028,1.0,-3.0,-39.0
1776887226.7921028,-3.0,0.0,-42.0
1776887226.8021028,-1.0,2.0,-38.0
1776887226.8121028,-4.0,3.0,-42.0
1776887226.8221028,-1.0,4.0,-38.0
1776887226.8321028,-1.0,2.0,-35.0
1776887226.8421028,0.0,2.0,-32.0
1776887226.8521028,-4.0,0.0,-39.0
1776887226.8621027,-3.0,-4.0,-45.0
1776887226.8721027,0.0,-3.0,-44.0
1776887226.8821027,4.0,1.0,-35.0
1776887226.8921027,4.0,1.0,-35.0
1776887226.9021027,5.0,1.0,-38.0
1776887226.9121027,6.0,-1.0,-36.0
1776887226.9221027,0.0,-2.0,-30.0
1776887226.932103,-5.0,0.0,-34.0
1776887226.942103,-2.0,3.0,-42.0
1776887226.952103,-5.0,3.0,-41.0
1776887226.962103,-4.0,0.0,-43.0
1776887226.9721026,-3.0,2.0,-41.0
1776887226.9821026,1.0,1.0,-39.0
1776887226.9921026,-1.0,1.0,-41.0
1776887227.0021029,0.0,0.0,-38.0
1776887227.0121028,-2.0,3.0,-33.0
1776887227.0221028,0.0,4.0,-37.0
1776887227.0321028,-1.0,3.0,-43.0
1776887227.0421028,-2.0,3.0,-36.0
1776887227.0521028,-6.0,5.0,-29.0
1776887227.0621028,-10.0,0.0,-34.0
1776887227.0721028,-8.0,-1.0,-37.0
1776887227.0821028,-5.0,0.0,-35.0
1776887227.0921028,-2.0,4.0,-30.0
1776887227.1021028,-2.0,4.0,-34.0
1776887227.1121027,2.0,2.0,-35.0
1776887227.1221027,2.0,0.0,-35.0
1776887227.1321027,1.0,3.0,-37.0
1776887227.1421027,2.0,5.0,-38.0
1776887227.1521027,7.0,3.0,-40.0
1776887227.1621027,7.0,3.0,-38.0
1776887227.1721027,6.0,0.0,-42.0
1776887227.182103,5.0,4.0,-41.0
1776887227.192103,3.0,0.0,-37.0
1776887227.202103,5.0,0.0,-36.0
1776887227.212103,2.0,-3.0,-31.0
1776887227.2221026,2.0,0.0,-27.0
1776887227.2321026,0.0,0.0,-24.0
1776887227.2421026,3.0,0.0,-27.0
1776887227.2521029,2.0,0.0,-31.0
1776887227.2621028,3.0,0.0,-35.0
1776887227.2721028,0.0,1.0,-30.0
1776887227.2821028,1.0,2.0,-26.0
1776887227.2921028,2.0,3.0,-31.0
1776887227.3021028,0.0,7.0,-35.0
1776887227.3121028,5.0,3.0,-37.0
1776887227.3221028,10.0,1.0,-40.0
1776887227.3321028,10.0,4.0,-40.0
1776887227.3421028,8.0,3.0,-38.0
1776887227.3521028,6.0,1.0,-33.0
1776887227.3621027,6.0,-4.0,-34.0
1776887227.3721027,3.0,-6.0,-37.0
1776887227.3821027,4.0,-2.0,-43.0
1776887227.3921027,1.0,-1.0,-39.0
1776887227.4021027,-1.0,1.0,-43.0
1776887227.4121027,3.0,1.0,-38.0
1776887227.4221027,6.0,0.0,-38.0
1776887227.432103,4.0,-1.0,-38.0
1776887227.442103,4.0,-1.0,-34.0
1776887227.452103,4.0,0.0,-34.0
1776887227.462103,2.0,2.0,-39.0
1776887227.4721026,1.0,1.0,-39.0
1776887227.4821026,0.0,-3.0,-37.0
1776887227.4921026,1.0,0.0,-37.0
1776887227.5021029,1.0,-1.0,-34.0
1776887227.5121028,-1.0,0.0,-35.0
1776887227.5221028,-3.0,-3.0,-39.0
1776887227.5321028,-3.0,0.0,-44.0
1776887227.5421028,-5.0,-1.0,-42.0
1776887227.5521028,-5.0,0.0,-42.0
1776887227.5621028,-4.0,-2.0,-44.0
1776887227.5721028,0.0,-2.0,-44.0
1776887227.5821028,0.0,0.0,-38.0
1776887227.5921028,2.0,1.0,-34.0
1776887227.6021028,1.0,4.0,-34.0
1776887227.6121027,-2.0,1.0,-35.0
1776887227.6221027,-4.0,6.0,-37.0
1776887227.6321027,-1.0,2.0,-29.0
1776887227.6421027,0.0,1.0,-27.0
1776887227.6521027,3.0,0.0,-27.0
1776887227.6621027,7.0,1.0,-22.0
1776887227.6721027,10.0,3.0,-24.0
1776887227.682103,7.0,0.0,-34.0
1776887227.692103,3.0,0.0,-39.0
1776887227.702103,2.0,3.0,-44.0
1776887227.712103,2.0,2.0,-39.0
1776887227.7221026,1.0,2.0,-33.0
1776887227.7321026,-1.0,3.0,-37.0
1776887227.7421026,-3.0,3.0,-38.0
1776887227.7521029,-4.0,4.0,-41.0
1776887227.7621028,-5.0,2.0,-39.0
1776887227.7721028,0.0,-1.0,-39.0
1776887227.7821028,4.0,0.0,-44.0
1776887227.7921028,4.0,-1.0,-45.0
1776887227.8021028,8.0,0.0,-48.0
1776887227.8121028,2.0,0.0,-44.0
1776887227.8221028,3.0,0.0,-48.0
1776887227.8321028,2.0,0.0,-43.0
1776887227.8421028,5.0,0.0,-37.0
1776887227.8521028,7.0,0.0,-37.0
1776887227.8621027,4.0,0.0,-39.0
1776887227.8721027,3.0,2.0,-39.0
1776887227.8821027,1.0,1.0,-36.0
1776887227.8921027,-1.0,0.0,-32.0
1776887227.9021027,-1.0,-3.0,-26.0
1776887227.9121027,-2.0,-1.0,-30.0
1776887227.9221027,-4.0,0.0,-27.0
1776887227.932103,-3.0,0.0,-29.0
1776887227.942103,-6.0,-1.0,-32.0
1776887227.952103,-7.0,-5.0,-40.0
1776887227.9631028,-4.0,-2.0,-43.0
1776887227.9731028,0.0,0.0,-44.0
1776887227.9831028,7.0,1.0,-41.0
1776887227.9931028,4.0,0.0,-38.0
1776887228.0031028,1.0,0.0,-40.0
1776887228.0131028,-2.0,1.0,-43.0
1776887228.0231028,0.0,3.0,-37.0
1776887228.0331028,-1.0,0.0,-37.0
1776887228.0431027,-1.0,2.0,-40.0
1776887228.0531027,-2.0,0.0,-38.0
1776887228.0631027,-2.0,1.0,-38.0
1776887228.0731027,2.0,4.0,-40.0
1776887228.0831027,3.0,2.0,-37.0
1776887228.0931027,2.0,2.0,-37.0
1776887228.1031027,1.0,1.0,-35.0
1776887228.113103,4.0,0.0,-35.0
1776887228.123103,4.0,-1.0,-47.0
1776887228.133103,3.0,0.0,-43.0
1776887228.1431026,0.0,3.0,-44.0
1776887228.1531026,-7.0,4.0,-48.0
1776887228.1631026,-8.0,0.0,-45.0
1776887228.1731029,-6.0,3.0,-45.0
1776887228.1831028,-2.0,6.0,-43.0
1776887228.1931028,-1.0,2.0,-44.0
1776887228.2031028,1.0,-1.0,-43.0
1776887228.2131028,0.0,-4.0,-45.0
1776887228.2231028,2.0,-4.0,-44.0
1776887228.2331028,0.0,3.0,-43.0
1776887228.2431028,1.0,6.0,-39.0
1776887228.2531028,3.0,4.0,-28.0
1776887228.2631028,4.0,3.0,-30.0
1776887228.2731028,3.0,0.0,-35.0
1776887228.2831028,4.0,0.0,-40.0
1776887228.2931027,7.0,-4.0,-41.0
1776887228.3031027,6.0,-2.0,-41.0
1776887228.3131027,4.0,-1.0,-39.0
1776887228.3231027,3.0,-3.0,-36.0
1776887228.3331027,3.0,-5.0,-40.0
1776887228.3431027,6.0,-7.0,-41.0
1776887228.3531027,0.0,-7.0,-42.0
1776887228.363103,2.0,-4.0,-39.0
1776887228.373103,1.0,-5.0,-36.0
1776887228.383103,0.0,-6.0,-33.0
1776887228.3931026,-3.0,-1.0,-30.0
1776887228.4031026,-6.0,0.0,-34.0
1776887228.4131026,-2.0,-1.0,-39.0
1776887228.4231029,0.0,0.0,-39.0
1776887228.4331028,-2.0,5.0,-32.0
1776887228.4431028,-4.0,1.0,-29.0
1776887228.4531028,-5.0,-2.0,-25.0
1776887228.4631028,-2.0,-3.0,-30.0
1776887228.4731028,0.0,-2.0,-39.0
1776887228.4831028,-2.0,-4.0,-38.0
1776887228.4931028,0.0,-7.0,-41.0
1776887228.5031028,0.0,-2.0,-39.0
1776887228.5131028,-1.0,0.0,-35.0
1776887228.5231028,0.0,0.0,-35.0
1776887228.5331028,-8.0,-2.0,-34.0
1776887228.5431027,-13.0,-1.0,-31.0
1776887228.5531027,-9.0,1.0,-34.0
1776887228.5631027,-6.0,2.0,-33.0
1776887228.5731027,-2.0,0.0,-28.0
1776887228.5831027,1.0,1.0,-26.0
1776887228.5931027,2.0,1.0,-25.0
1776887228.6031027,-1.0,4.0,-28.0
1776887228.613103,-2.0,6.0,-29.0
1776887228.623103,-1.0,3.0,-27.0
1776887228.633103,0.0,6.0,-28.0
1776887228.6431026,0.0,5.0,-34.0
1776887228.6531026,-1.0,4.0,-42.0
1776887228.6631026,-2.0,8.0,-43.0
1776887228.6731029,-2.0,10.0,-40.0
1776887228.6831028,-3.0,9.0,-41.0
1776887228.6931028,0.0,2.0,-43.0
1776887228.7031028,0.0,3.0,-46.0
1776887228.7131028,1.0,4.0,-47.0
1776887228.7231028,1.0,2.0,-40.0
1776887228.7331028,1.0,0.0,-42.0
1776887228.7431028,-4.0,-4.0,-38.0
1776887228.7531028,-4.0,-4.0,-39.0
1776887228.7631028,0.0,-5.0,-44.0
1776887228.7731028,-3.0,-3.0,-44.0
1776887228.7831028,-1.0,-3.0,-44.0
1776887228.7931027,0.0,-2.0,-46.0
1776887228.8031027,0.0,-8.0,-47.0
1776887228.8131027,0.0,-4.0,-42.0
1776887228.8231027,-2.0,-2.0,-45.0
1776887228.8331027,0.0,-1.0,-48.0
1776887228.8431027,2.0,-4.0,-46.0
1776887228.8531027,1.0,-2.0,-38.0
1776887228.863103,4.0,-1.0,-40.0
1776887228.873103,4.0,0.0,-39.0
1776887228.883103,1.0,0.0,-32.0
1776887228.8931026,1.0,0.0,-31.0
1776887228.9031026,-1.0,-2.0,-35.0
1776887228.9131026,2.0,1.0,-39.0
1776887228.9231029,0.0,0.0,-40.0
1776887228.9331028,3.0,1.0,-50.0
1776887228.9431028,8.0,2.0,-55.0
1776887228.9531028,7.0,0.0,-55.0
1776887228.9631028,9.0,3.0,-56.0
1776887228.9731028,10.0,4.0,-50.0
1776887228.9831028,10.0,4.0,-47.0
1776887228.9931028,4.0,4.0,-45.0
1776887229.0031028,5.0,5.0,-47.0
1776887229.0131028,2.0,2.0,-44.0
1776887229.0231028,4.0,2.0,-40.0
1776887229.0331028,3.0,5.0,-42.0
1776887229.0431027,0.0,5.0,-45.0
1776887229.0531027,1.0,2.0,-47.0
1776887229.0631027,6.0,0.0,-51.0
1776887229.0731027,6.0,0.0,-49.0
1776887229.0831027,5.0,0.0,-50.0
1776887229.0931027,0.0,2.0,-52.0
1776887229.1031027,-6.0,0.0,-45.0
1776887229.113103,-1.0,-4.0,-45.0
1776887229.123103,0.0,-7.0,-46.0
1776887229.133103,2.0,-7.0,-43.0
1776887229.1431026,-2.0,-5.0,-44.0
1776887229.1531026,-5.0,-8.0,-47.0
1776887229.1631026,-2.0,-6.0,-50.0
1776887229.1731029,-2.0,-8.0,-57.0
1776887229.1831028,-2.0,-6.0,-54.0
1776887229.1931028,-3.0,-1.0,-53.0
1776887229.2031028,0.0,-1.0,-50.0
1776887229.2131028,-1.0,-2.0,-52.0
1776887229.2231028,-4.0,-3.0,-50.0
1776887229.2331028,-4.0,-4.0,-52.0
1776887229.2431028,-3.0,-4.0,-49.0
1776887229.2531028,-2.0,-2.0,-45.0
1776887229.2631028,0.0,1.0,-47.0
1776887229.2731028,1.0,1.0,-51.0
1776887229.2831028,0.0,1.0,-48.0
1776887229.2931027,-4.0,4.0,-48.0
1776887229.3031027,0.0,4.0,-40.0
1776887229.3131027,4.0,2.0,-33.0
1776887229.3231027,-1.0,0.0,-38.0
1776887229.3331027,-3.0,2.0,-40.0
1776887229.3431027,0.0,5.0,-39.0
1776887229.3531027,-2.0,4.0,-38.0
1776887229.363103,-3.0,4.0,-44.0
1776887229.373103,-6.0,3.0,-42.0
1776887229.383103,-9.0,0.0,-42.0
1776887229.3931026,-7.0,3.0,-42.0
1776887229.4031026,-6.0,5.0,-39.0
1776887229.4131026,-6.0,7.0,-41.0
1776887229.4231029,-2.0,6.0,-41.0
1776887229.4331028,-3.0,3.0,-45.0
1776887229.4431028,-1.0,5.0,-44.0
1776887229.4531028,-2.0,6.0,-48.0
1776887229.4631028,0.0,4.0,-50.0
1776887229.4731028,-1.0,0.0,-43.0
1776887229.4831028,-3.0,3.0,-35.0
1776887229.4931028,-3.0,4.0,-33.0
1776887229.5031028,-1.0,0.0,-32.0
1776887229.5131028,3.0,-2.0,-33.0
1776887229.5231028,7.0,-6.0,-30.0
1776887229.5331028,9.0,-5.0,-34.0
1776887229.5431027,7.0,-3.0,-29.0
1776887229.5531027,1.0,-5.0,-29.0
1776887229.5631027,2.0,-4.0,-37.0
1776887229.5731027,3.0,-5.0,-38.0
1776887229.5831027,2.0,-3.0,-43.0
1776887229.5931027,-3.0,0.0,-48.0
1776887229.6031027,3.0,-1.0,-47.0
1776887229.613103,5.0,2.0,-44.0
1776887229.623103,4.0,2.0,-36.0
1776887229.633103,0.0,2.0,-37.0
1776887229.6431026,1.0,2.0,-29.0
1776887229.6531026,3.0,5.0,-34.0
1776887229.6631026,4.0,-1.0,-37.0
1776887229.6731029,1.0,-3.0,-39.0
1776887229.6831028,0.0,-6.0,-38.0
1776887229.6931028,-5.0,-8.0,-38.0
1776887229.7031028,-3.0,-7.0,-41.0
1776887229.7131028,-1.0,0.0,-41.0
1776887229.7231028,0.0,-2.0,-43.0
1776887229.7331028,1.0,-6.0,-39.0
1776887229.7431028,4.0,-4.0,-43.0
1776887229.7531028,0.0,-1.0,-41.0
1776887229.7631028,-3.0,2.0,-37.0
1776887229.7731028,-6.0,6.0,-36.0
1776887229.7831028,-5.0,5.0,-38.0
1776887229.7931027,0.0,6.0,-44.0
1776887229.8031027,-1.0,4.0,-41.0
1776887229.8131027,1.0,5.0,-38.0
1776887229.8231027,4.0,3.0,-38.0
1776887229.8331027,0.0,0.0,-31.0
1776887229.8431027,5.0,-2.0,-32.0
1776887229.8531027,6.0,0.0,-34.0
1776887229.863103,6.0,1.0,-36.0
1776887229.873103,2.0,0.0,-35.0
1776887229.883103,1.0,-2.0,-36.0
1776887229.8931026,4.0,-5.0,-35.0
1776887229.9031026,1.0,-3.0,-33.0
1776887229.9131026,0.0,-2.0,-34.0
1776887229.9231029,0.0,2.0,-36.0
1776887229.9341028,-1.0,5.0,-33.0
1776887229.9441028,0.0,4.0,-40.0
1776887229.9541028,0.0,5.0,-37.0
1776887229.9641027,-2.0,3.0,-40.0
1776887229.9741027,-3.0,1.0,-40.0
1776887229.9841027,1.0,0.0,-33.0
1776887229.9941027,2.0,0.0,-36.0
1776887230.0041027,7.0,0.0,-34.0
1776887230.0141027,8.0,0.0,-29.0
1776887230.0241027,7.0,0.0,-41.0
1776887230.034103,7.0,0.0,-48.0
1776887230.044103,9.0,-1.0,-41.0
1776887230.054103,6.0,2.0,-39.0
1776887230.0641026,3.0,1.0,-40.0
1776887230.0741026,6.0,5.0,-37.0
1776887230.0841026,3.0,6.0,-39.0
1776887230.0941026,2.0,4.0,-39.0
1776887230.1041028,0.0,0.0,-34.0
1776887230.1141028,0.0,0.0,-40.0
1776887230.1241028,-2.0,1.0,-45.0
1776887230.1341028,-7.0,1.0,-40.0
1776887230.1441028,-7.0,6.0,-42.0
1776887230.1541028,-6.0,5.0,-42.0
1776887230.1641028,-2.0,1.0,-44.0
1776887230.1741028,1.0,-1.0,-50.0
1776887230.1841028,0.0,1.0,-49.0
1776887230.1941028,-1.0,0.0,-48.0
1776887230.2041028,-2.0,0.0,-39.0
1776887230.2141027,-1.0,-2.0,-44.0
1776887230.2241027,-2.0,-5.0,-45.0
1776887230.2341027,-6.0,-5.0,-47.0
1776887230.2441027,-1.0,-5.0,-45.0
1776887230.2541027,6.0,-3.0,-44.0
1776887230.2641027,4.0,0.0,-48.0
1776887230.2741027,4.0,1.0,-47.0
1776887230.284103,5.0,-1.0,-51.0
1776887230.294103,4.0,0.0,-45.0
1776887230.304103,3.0,0.0,-40.0
1776887230.3141026,4.0,3.0,-40.0
1776887230.3241026,4.0,3.0,-41.0
1776887230.3341026,3.0,6.0,-40.0
1776887230.3441026,3.0,7.0,-45.0
1776887230.3541028,-1.0,7.0,-42.0
1776887230.3641028,-2.0,6.0,-47.0
1776887230.3741028,-4.0,6.0,-57.0
1776887230.3841028,-3.0,5.0,-57.0
1776887230.3941028,0.0,2.0,-49.0
1776887230.4041028,-1.0,0.0,-43.0
1776887230.4141028,0.0,-1.0,-40.0
1776887230.4241028,1.0,0.0,-33.0
1776887230.4341028,4.0,0.0,-35.0
1776887230.4441028,5.0,1.0,-34.0
1776887230.4541028,6.0,-2.0,-34.0
1776887230.4641027,0.0,-1.0,-35.0
1776887230.4741027,-4.0,-4.0,-35.0
1776887230.4841027,-3.0,-5.0,-40.0
1776887230.4941027,1.0,-7.0,-48.0
1776887230.5041027,2.0,-5.0,-46.0
1776887230.5141027,-1.0,-4.0,-43.0
1776887230.5241027,-2.0,-2.0,-44.0
1776887230.534103,5.0,2.0,-43.0
1776887230.544103,5.0,0.0,-49.0
1776887230.554103,4.0,-1.0,-43.0
1776887230.5641026,3.0,0.0,-45.0
1776887230.5741026,6.0,3.0,-49.0
1776887230.5841026,6.0,3.0,-47.0
1776887230.5941026,8.0,1.0,-46.0
1776887230.6041028,2.0,1.0,-46.0
1776887230.6141028,0.0,6.0,-41.0
1776887230.6241028,2.0,5.0,-38.0
1776887230.6341028,3.0,3.0,-45.0
1776887230.6441028,4.0,0.0,-38.0
1776887230.6541028,1.0,1.0,-37.0
1776887230.6641028,4.0,3.0,-32.0
1776887230.6741028,6.0,4.0,-35.0
1776887230.6841028,7.0,0.0,-36.0
1776887230.6941028,5.0,-1.0,-41.0
1776887230.7041028,2.0,1.0,-46.0
1776887230.7141027,1.0,0.0,-49.0
1776887230.7241027,4.0,2.0,-46.0
1776887230.7341027,2.0,1.0,-42.0
1776887230.7441027,2.0,-1.0,-42.0
1776887230.7541027,4.0,-4.0,-42.0
1776887230.7641027,5.0,-3.0,-43.0
1776887230.7741027,4.0,-3.0,-48.0
1776887230.784103,3.0,1.0,-48.0
1776887230.794103,5.0,2.0,-52.0
1776887230.804103,4.0,2.0,-45.0
1776887230.8141026,3.0,1.0,-43.0
1776887230.8241026,1.0,1.0,-41.0
1776887230.8341026,-1.0,7.0,-43.0
1776887230.8441026,-3.0,6.0,-40.0
1776887230.8541028,0.0,9.0,-40.0
1776887230.8641028,-3.0,9.0,-41.0
1776887230.8741028,0.0,12.0,-37.0
1776887230.8841028,-4.0,13.0,-36.0
1776887230.8941028,-8.0,11.0,-36.0
1776887230.9041028,-8.0,7.0,-41.0
1776887230.9141028,-5.0,6.0,-46.0
1776887230.9241028,-2.0,5.0,-46.0
1776887230.9341028,-6.0,2.0,-46.0
1776887230.9441028,-4.0,2.0,-41.0
1776887230.9541028,-1.0,4.0,-44.0
1776887230.9641027,-2.0,3.0,-47.0
1776887230.9741027,-2.0,3.0,-50.0
1776887230.9841027,-3.0,2.0,-47.0
1776887230.9941027,0.0,-1.0,-44.0
1776887231.0041027,3.0,0.0,-45.0
1776887231.0141027,5.0,3.0,-41.0
1776887231.0241027,7.0,2.0,-35.0
1776887231.034103,3.0,2.0,-36.0
1776887231.044103,1.0,3.0,-42.0
1776887231.054103,-3.0,6.0,-45.0
1776887231.0641026,-5.0,2.0,-40.0
1776887231.0741026,-2.0,8.0,-36.0
1776887231.0841026,-6.0,7.0,-27.0
1776887231.0941026,-5.0,3.0,-30.0
1776887231.1041028,-4.0,0.0,-32.0
1776887231.1141028,-4.0,0.0,-36.0
1776887231.1241028,-4.0,0.0,-34.0
1776887231.1341028,-5.0,1.0,-27.0
1776887231.1441028,0.0,-5.0,-32.0
1776887231.1541028,-1.0,-5.0,-35.0
1776887231.1641028,-2.0,-4.0,-30.0
1776887231.1741028,0.0,-4.0,-30.0
1776887231.1841028,3.0,-1.0,-35.0
1776887231.1941028,-1.0,0.0,-35.0
1776887231.2041028,0.0,-5.0,-34.0
1776887231.2141027,1.0,1.0,-40.0
1776887231.2241027,2.0,4.0,-38.0
1776887231.2341027,0.0,0.0,-41.0
1776887231.2441027,-1.0,-1.0,-38.0
1776887231.2541027,-1.0,0.0,-38.0
1776887231.2641027,1.0,-1.0,-35.0
1776887231.2741027,3.0,-4.0,-34.0
1776887231.284103,2.0,-3.0,-33.0
1776887231.294103,4.0,1.0,-35.0
1776887231.304103,5.0,1.0,-36.0
1776887231.3141026,4.0,-3.0,-43.0
1776887231.3241026,2.0,0.0,-42.0
1776887231.3341026,0.0,-4.0,-42.0
1776887231.3441026,1.0,-3.0,-51.0
1776887231.3541028,4.0,-3.0,-49.0
1776887231.3641028,7.0,-5.0,-46.0
1776887231.3741028,2.0,-9.0,-46.0
1776887231.3841028,3.0,-4.0,-45.0
1776887231.3941028,1.0,-7.0,-43.0
1776887231.4041028,4.0,-6.0,-49.0
1776887231.4141028,6.0,-8.0,-53.0
1776887231.4241028,5.0,-6.0,-55.0
1776887231.4341028,6.0,-2.0,-53.0
1776887231.4441028,8.0,-4.0,-53.0
1776887231.4541028,4.0,-3.0,-44.0
1776887231.4641027,1.0,-3.0,-35.0
1776887231.4741027,1.0,-8.0,-34.0
1776887231.4841027,1.0,-4.0,-40.0
1776887231.4941027,-1.0,-1.0,-42.0
1776887231.5041027,-3.0,0.0,-48.0
1776887231.5141027,-4.0,-2.0,-52.0
1776887231.5241027,-5.0,-5.0,-49.0
1776887231.534103,0.0,-6.0,-43.0
1776887231.544103,0.0,-4.0,-38.0
1776887231.554103,1.0,-4.0,-37.0
1776887231.5641026,1.0,3.0,-40.0
1776887231.5741026,2.0,2.0,-41.0
1776887231.5841026,1.0,4.0,-42.0
1776887231.5941026,-5.0,6.0,-39.0
1776887231.6041028,-4.0,3.0,-35.0
1776887231.6141028,-3.0,0.0,-34.0
1776887231.6241028,-8.0,-4.0,-36.0
1776887231.6341028,-7.0,-1.0,-36.0
1776887231.6441028,-4.0,0.0,-41.0
1776887231.6541028,-5.0,3.0,-43.0
1776887231.6641028,-4.0,2.0,-40.0
1776887231.6741028,-3.0,4.0,-35.0
1776887231.6841028,0.0,3.0,-39.0
1776887231.6941028,1.0,0.0,-37.0
1776887231.7041028,0.0,-4.0,-34.0
1776887231.7141027,3.0,-7.0,-38.0
1776887231.7241027,0.0,-11.0,-37.0
1776887231.7341027,1.0,-14.0,-38.0
1776887231.7441027,-2.0,-11.0,-38.0
1776887231.7541027,-4.0,-8.0,-35.0
1776887231.7641027,-5.0,-4.0,-33.0
1776887231.7741027,-3.0,-3.0,-34.0
1776887231.784103,-4.0,-3.0,-30.0
1776887231.794103,-5.0,-2.0,-34.0
1776887231.804103,-7.0,-4.0,-35.0
1776887231.8141026,-9.0,-2.0,-31.0
1776887231.8241026,-10.0,0.0,-29.0
1776887231.8341026,-8.0,-1.0,-33.0
1776887231.8441026,-8.0,0.0,-38.0
1776887231.8541028,-7.0,0.0,-34.0
1776887231.8641028,-4.0,0.0,-40.0
1776887231.8741028,-4.0,1.0,-36.0
1776887231.8841028,-4.0,-1.0,-38.0
1776887231.8941028,-5.0,1.0,-44.0
1776887231.9041028,-7.0,0.0,-40.0
1776887231.9141028,-6.0,1.0,-43.0
1776887231.9241028,-3.0,3.0,-43.0
1776887231.9341028,0.0,3.0,-38.0
1776887231.9451027,3.0,0.0,-32.0
1776887231.9551027,0.0,-3.0,-22.0
1776887231.965103,-3.0,-3.0,-25.0
1776887231.975103,1.0,-1.0,-31.0
1776887231.985103,0.0,0.0,-29.0
1776887231.9951026,-2.0,2.0,-23.0
1776887232.0051026,0.0,1.0,-25.0
1776887232.0151026,1.0,-2.0,-20.0
1776887232.0251029,6.0,-1.0,-25.0
1776887232.0351028,3.0,-1.0,-28.0
1776887232.0451028,5.0,-3.0,-33.0
1776887232.0551028,5.0,-1.0,-27.0
1776887232.0651028,5.0,-2.0,-24.0
1776887232.0751028,4.0,-2.0,-26.0
1776887232.0851028,3.0,-3.0,-33.0
1776887232.0951028,2.0,-3.0,-39.0
1776887232.1051028,5.0,-4.0,-40.0
1776887232.1151028,1.0,-8.0,-36.0
1776887232.1251028,0.0,-8.0,-35.0
1776887232.1351027,5.0,-7.0,-40.0
1776887232.1451027,9.0,-8.0,-36.0
1776887232.1551027,8.0,-2.0,-30.0
1776887232.1651027,9.0,-2.0,-38.0
1776887232.1751027,13.0,-3.0,-40.0
1776887232.1851027,6.0,-4.0,-41.0
1776887232.1951027,-2.0,-7.0,-35.0
1776887232.2051027,-1.0,-6.0,-35.0
1776887232.215103,0.0,-7.0,-33.0
1776887232.225103,-1.0,-4.0,-31.0
1776887232.235103,0.0,-3.0,-29.0
1776887232.2451026,3.0,-3.0,-35.0
1776887232.2551026,0.0,-2.0,-37.0
1776887232.2651026,-1.0,1.0,-41.0
1776887232.2751029,2.0,1.0,-41.0
1776887232.2851028,3.0,0.0,-38.0
1776887232.2951028,5.0,-1.0,-38.0
1776887232.3051028,12.0,-3.0,-41.0
1776887232.3151028,8.0,-3.0,-37.0
1776887232.3251028,3.0,-6.0,-34.0
1776887232.3351028,2.0,-6.0,-42.0
1776887232.3451028,5.0,-5.0,-38.0
1776887232.3551028,2.0,-3.0,-38.0
1776887232.3651028,3.0,-4.0,-41.0
1776887232.3751028,4.0,-5.0,-41.0
1776887232.3851027,-1.0,-5.0,-46.0
1776887232.3951027,-1.0,-7.0,-43.0
1776887232.4051027,0.0,-3.0,-38.0
1776887232.4151027,3.0,-3.0,-41.0
1776887232.4251027,5.0,-1.0,-36.0
1776887232.4351027,2.0,-1.0,-32.0
1776887232.4451027,0.0,5.0,-36.0
1776887232.4551027,-2.0,3.0,-33.0
1776887232.465103,0.0,-1.0,-37.0
1776887232.475103,-3.0,-1.0,-34.0
1776887232.485103,-3.0,-2.0,-34.0
1776887232.4951026,1.0,-1.0,-40.0
1776887232.5051026,4.0,-1.0,-35.0
1776887232.5151026,3.0,-2.0,-32.0
1776887232.5251029,6.0,-2.0,-28.0
1776887232.5351028,6.0,-2.0,-23.0
1776887232.5451028,6.0,-2.0,-28.0
1776887232.5551028,5.0,0.0,-36.0
1776887232.5651028,3.0,1.0,-36.0
1776887232.5751028,1.0,5.0,-32.0
1776887232.5851028,1.0,2.0,-36.0
1776887232.5951028,0.0,0.0,-45.0
1776887232.6051028,4.0,-3.0,-48.0
1776887232.6151028,4.0,0.0,-44.0
1776887232.6251028,4.0,0.0,-43.0
1776887232.6351027,1.0,5.0,-47.0
1776887232.6451027,-4.0,6.0,-42.0
1776887232.6551027,-4.0,1.0,-43.0
1776887232.6651027,-1.0,0.0,-36.0
1776887232.6751027,0.0,0.0,-41.0
1776887232.6851027,3.0,-5.0,-41.0
1776887232.6951027,-2.0,-7.0,-36.0
1776887232.7051027,-6.0,-11.0,-35.0
1776887232.715103,-7.0,-7.0,-35.0
1776887232.725103,-1.0,-7.0,-34.0
1776887232.735103,0.0,-6.0,-34.0
1776887232.7451026,-3.0,-4.0,-42.0
1776887232.7551026,0.0,-1.0,-45.0
1776887232.7651026,1.0,-2.0,-46.0
1776887232.7751029,1.0,-1.0,-37.0
1776887232.7851028,4.0,-2.0,-32.0
1776887232.7951028,-1.0,-2.0,-39.0
1776887232.8051028,1.0,0.0,-41.0
1776887232.8151028,3.0,0.0,-40.0
1776887232.8251028,2.0,-2.0,-42.0
1776887232.8351028,-1.0,-4.0,-43.0
1776887232.8451028,-2.0,-3.0,-38.0
1776887232.8551028,-3.0,0.0,-44.0
1776887232.8651028,-3.0,7.0,-48.0
1776887232.8751028,-8.0,7.0,-48.0
1776887232.8851027,-4.0,8.0,-46.0
1776887232.8951027,2.0,9.0,-50.0
1776887232.9051027,2.0,8.0,-45.0
1776887232.9151027,6.0,4.0,-51.0
1776887232.9251027,4.0,0.0,-51.0
1776887232.9351027,2.0,-2.0,-40.0
1776887232.9451027,8.0,0.0,-36.0
1776887232.9551027,5.0,0.0,-34.0
1776887232.965103,2.0,-1.0,-29.0
1776887232.975103,4.0,0.0,-32.0
1776887232.985103,0.0,2.0,-38.0
1776887232.9951026,3.0,0.0,-39.0
1776887233.0051026,2.0,-3.0,-36.0
1776887233.0151026,-2.0,-6.0,-39.0
1776887233.0251029,-2.0,-5.0,-42.0
1776887233.0351028,-3.0,-3.0,-43.0
1776887233.0451028,-1.0,-1.0,-46.0
1776887233.0551028,1.0,0.0,-46.0
1776887233.0651028,5.0,-1.0,-42.0
1776887233.0751028,1.0,-2.0,-40.0
1776887233.0851028,1.0,-5.0,-40.0
1776887233.0951028,4.0,-7.0,-34.0
1776887233.1051028,0.0,-4.0,-36.0
1776887233.1151028,-1.0,-6.0,-38.0
1776887233.1251028,0.0,-5.0,-38.0
1776887233.1351027,-3.0,-3.0,-36.0
1776887233.1451027,-2.0,-7.0,-35.0
1776887233.1551027,0.0,-11.0,-41.0
1776887233.1651027,0.0,-7.0,-38.0
1776887233.1751027,0.0,-6.0,-42.0
1776887233.1851027,1.0,-3.0,-44.0
1776887233.1951027,6.0,0.0,-35.0
1776887233.2051027,10.0,0.0,-34.0
1776887233.215103,6.0,-3.0,-34.0
1776887233.225103,1.0,-2.0,-33.0
1776887233.235103,-4.0,1.0,-33.0
1776887233.2451026,-3.0,3.0,-36.0
1776887233.2551026,-4.0,4.0,-37.0
1776887233.2651026,-6.0,4.0,-38.0
1776887233.2751029,-9.0,0.0,-42.0
1776887233.2851028,-12.0,-3.0,-41.0
1776887233.2951028,-6.0,-3.0,-38.0
1776887233.3051028,-7.0,0.0,-40.0
1776887233.3151028,-12.0,0.0,-40.0
1776887233.3251028,-8.0,2.0,-37.0
1776887233.3351028,-5.0,0.0,-38.0
1776887233.3451028,-1.0,-3.0,-37.0
1776887233.3551028,0.0,-10.0,-33.0
1776887233.3651028,-1.0,-9.0,-36.0
1776887233.3751028,0.0,-8.0,-45.0
1776887233.3851027,-5.0,-8.0,-50.0
1776887233.3951027,-4.0,-8.0,-48.0
1776887233.4051027,-7.0,-4.0,-44.0
1776887233.4151027,-4.0,-6.0,-41.0
1776887233.4251027,-5.0,-7.0,-46.0
1776887233.4351027,-2.0,-9.0,-44.0
1776887233.4451027,0.0,-5.0,-37.0
1776887233.4551027,-2.0,0.0,-33.0
1776887233.465103,-3.0,-2.0,-32.0
1776887233.475103,0.0,-2.0,-34.0
1776887233.485103,0.0,-4.0,-32.0
1776887233.4951026,-3.0,-7.0,-37.0
1776887233.5051026,0.0,-6.0,-36.0
1776887233.5151026,0.0,-6.0,-40.0
1776887233.5251029,-2.0,-2.0,-38.0
1776887233.5351028,-5.0,-5.0,-39.0
1776887233.5451028,-2.0,-5.0,-32.0
1776887233.5551028,-5.0,-4.0,-31.0
1776887233.5651028,-1.0,-3.0,-34.0
1776887233.5751028,-3.0,0.0,-33.0
1776887233.5851028,0.0,-1.0,-31.0
1776887233.5951028,0.0,1.0,-30.0
1776887233.6051028,0.0,0.0,-33.0
1776887233.6151028,-2.0,0.0,-40.0
1776887233.6251028,0.0,0.0,-38.0
1776887233.6351027,3.0,-1.0,-42.0
1776887233.6451027,2.0,-3.0,-46.0
1776887233.6551027,0.0,0.0,-44.0
1776887233.6651027,-2.0,-1.0,-45.0
1776887233.6751027,-4.0,-2.0,-41.0
1776887233.6851027,-7.0,-4.0,-39.0
1776887233.6951027,-12.0,-4.0,-35.0
1776887233.7051027,-12.0,-3.0,-39.0
1776887233.715103,-12.0,-4.0,-39.0
1776887233.725103,-11.0,-4.0,-34.0
1776887233.735103,-8.0,-2.0,-26.0
1776887233.7451026,-1.0,0.0,-29.0
1776887233.7551026,-1.0,0.0,-26.0
1776887233.7651026,0.0,0.0,-29.0
1776887233.7751029,0.0,-2.0,-34.0
1776887233.7851028,4.0,-4.0,-36.0
1776887233.7951028,5.0,-3.0,-43.0
1776887233.8051028,-2.0,0.0,-48.0
1776887233.8151028,0.0,-2.0,-42.0
1776887233.8251028,0.0,0.0,-36.0
1776887233.8351028,4.0,-1.0,-34.0
1776887233.8451028,4.0,1.0,-33.0
1776887233.8551028,5.0,1.0,-30.0
1776887233.8651028,5.0,0.0,-38.0
1776887233.8751028,0.0,3.0,-33.0
1776887233.8851027,0.0,-1.0,-30.0
1776887233.8951027,2.0,-1.0,-33.0
1776887233.9051027,0.0,-3.0,-34.0
1776887233.9151027,-2.0,-4.0,-32.0
1776887233.9261026,-1.0,-4.0,-35.0
1776887233.9351027,1.0,-4.0,-40.0
1776887233.9451027,0.0,-2.0,-42.0
1776887233.9561028,3.0,-5.0,-37.0
1776887233.9661028,0.0,-5.0,-31.0
1776887233.9761028,-1.0,-9.0,-22.0
1776887233.9861028,0.0,-6.0,-25.0
1776887233.9961028,-1.0,-3.0,-32.0
1776887234.0061028,0.0,0.0,-41.0
1776887234.0161028,0.0,0.0,-34.0
1776887234.0261028,-4.0,0.0,-28.0
1776887234.0361028,-3.0,-2.0,-23.0
1776887234.0461028,-2.0,-1.0,-26.0
1776887234.0561028,-2.0,-6.0,-25.0
1776887234.0661027,-1.0,-6.0,-29.0
1776887234.0761027,0.0,-2.0,-29.0
1776887234.0861027,1.0,-1.0,-34.0
1776887234.0961027,-4.0,3.0,-36.0
1776887234.1061027,-4.0,3.0,-35.0
1776887234.1161027,-6.0,0.0,-36.0
1776887234.1261027,-1.0,0.0,-36.0
1776887234.136103,1.0,1.0,-31.0
1776887234.146103,1.0,2.0,-32.0
1776887234.156103,-1.0,2.0,-37.0
1776887234.1661026,0.0,4.0,-41.0
1776887234.1761026,3.0,0.0,-49.0
1776887234.1861026,-2.0,0.0,-53.0
1776887234.1961029,0.0,-2.0,-52.0
1776887234.2061028,0.0,-1.0,-48.0
1776887234.2161028,3.0,1.0,-44.0
1776887234.2261028,5.0,0.0,-44.0
1776887234.2361028,4.0,0.0,-41.0
1776887234.2461028,5.0,-6.0,-36.0
1776887234.2561028,9.0,-5.0,-28.0
1776887234.2661028,6.0,0.0,-29.0
1776887234.2761028,6.0,-1.0,-35.0
1776887234.2861028,6.0,-2.0,-42.0
1776887234.2961028,5.0,-4.0,-42.0
1776887234.3061028,4.0,-2.0,-42.0
1776887234.3161027,9.0,2.0,-40.0
1776887234.3261027,11.0,2.0,-42.0
1776887234.3361027,11.0,2.0,-45.0
1776887234.3461027,4.0,0.0,-41.0
1776887234.3561027,0.0,-2.0,-43.0
1776887234.3661027,-1.0,0.0,-43.0
1776887234.3761027,-3.0,0.0,-43.0
1776887234.386103,-7.0,-1.0,-41.0
1776887234.396103,-8.0,1.0,-40.0
1776887234.406103,-6.0,1.0,-39.0
1776887234.4161026,-4.0,-1.0,-37.0
1776887234.4261026,-1.0,-1.0,-40.0
1776887234.4361026,-1.0,-3.0,-48.0
1776887234.4461029,0.0,-8.0,-45.0
1776887234.4561028,2.0,-5.0,-48.0
1776887234.4661028,1.0,-1.0,-49.0
1776887234.4761028,4.0,-3.0,-47.0
1776887234.4861028,4.0,-3.0,-46.0
1776887234.4961028,4.0,-2.0,-45.0
1776887234.5061028,3.0,-1.0,-39.0
1776887234.5161028,1.0,-1.0,-37.0
1776887234.5261028,-7.0,-2.0,-32.0
1776887234.5361028,-5.0,-2.0,-33.0
1776887234.5461028,-1.0,0.0,-31.0
1776887234.5561028,-1.0,0.0,-35.0
1776887234.5661027,-2.0,0.0,-34.0
1776887234.5761027,-1.0,-5.0,-34.0
1776887234.5861027,-2.0,-9.0,-38.0
1776887234.5961027,-2.0,-8.0,-46.0
1776887234.6061027,0.0,-8.0,-52.0
1776887234.6161027,1.0,-4.0,-53.0
1776887234.6261027,0.0,-2.0,-48.0
1776887234.636103,0.0,-2.0,-51.0
1776887234.646103,-4.0,0.0,-48.0
1776887234.656103,-3.0,-1.0,-45.0
1776887234.6661026,-6.0,-2.0,-47.0
1776887234.6761026,-6.0,2.0,-51.0
1776887234.6861026,-1.0,1.0,-48.0
1776887234.6961029,1.0,-2.0,-47.0
1776887234.7061028,0.0,1.0,-46.0
1776887234.7161028,-1.0,1.0,-45.0
1776887234.7261028,3.0,0.0,-46.0
1776887234.7361028,3.0,0.0,-40.0
1776887234.7461028,1.0,2.0,-40.0
1776887234.7561028,-1.0,4.0,-46.0
1776887234.7661028,-2.0,5.0,-42.0
1776887234.7761028,0.0,2.0,-42.0
1776887234.7861028,1.0,3.0,-40.0
1776887234.7961028,-1.0,3.0,-42.0
1776887234.8061028,0.0,2.0,-39.0
1776887234.8161027,1.0,0.0,-40.0
1776887234.8261027,2.0,2.0,-43.0
1776887234.8361027,-1.0,0.0,-47.0
1776887234.8461027,-5.0,-3.0,-50.0
1776887234.8561027,-1.0,-3.0,-47.0
1776887234.8661027,0.0,-4.0,-51.0
1776887234.8761027,3.0,-4.0,-47.0
1776887234.886103,5.0,0.0,-44.0
1776887234.896103,8.0,2.0,-41.0
1776887234.906103,7.0,3.0,-36.0
1776887234.9161026,6.0,8.0,-29.0
1776887234.9261026,-2.0,3.0,-31.0
1776887234.9361026,0.0,-1.0,-33.0
1776887234.9461029,1.0,0.0,-43.0
1776887234.9561028,-3.0,2.0,-45.0
1776887234.9661028,2.0,0.0,-47.0
1776887234.9761028,6.0,-4.0,-42.0
1776887234.9861028,8.0,-3.0,-49.0
1776887234.9961028,6.0,0.0,-43.0
1776887235.0061028,9.0,-2.0,-38.0
1776887235.0161028,4.0,-4.0,-40.0
1776887235.0261028,0.0,-3.0,-41.0
1776887235.0361028,-5.0,-4.0,-42.0
1776887235.0461028,-6.0,-2.0,-41.0
1776887235.0561028,-9.0,0.0,-35.0
1776887235.0661027,-9.0,-4.0,-41.0
1776887235.0761027,-11.0,-2.0,-43.0
1776887235.0861027,-4.0,-4.0,-42.0
1776887235.0961027,-3.0,-1.0,-40.0
1776887235.1061027,1.0,-2.0,-43.0
1776887235.1161027,0.0,-4.0,-45.0
1776887235.1261027,-1.0,-2.0,-42.0
1776887235.136103,0.0,0.0,-44.0
1776887235.146103,0.0,1.0,-40.0
1776887235.156103,0.0,8.0,-43.0
1776887235.1661026,0.0,8.0,-44.0
1776887235.1761026,-1.0,4.0,-41.0
1776887235.1861026,-5.0,5.0,-39.0
1776887235.1961029,-8.0,4.0,-40.0
1776887235.2061028,-6.0,0.0,-41.0
1776887235.2161028,-9.0,0.0,-38.0
1776887235.2261028,-8.0,4.0,-38.0
1776887235.2361028,-6.0,4.0,-32.0
1776887235.2461028,-3.0,2.0,-30.0
1776887235.2561028,-1.0,0.0,-34.0
1776887235.2661028,2.0,1.0,-38.0
1776887235.2761028,3.0,0.0,-40.0
1776887235.2861028,2.0,-2.0,-42.0
1776887235.2961028,3.0,-2.0,-39.0
1776887235.3061028,5.0,-3.0,-38.0
1776887235.3161027,0.0,-1.0,-32.0
1776887235.3261027,-3.0,-3.0,-37.0
1776887235.3361027,-3.0,-2.0,-36.0
1776887235.3461027,-4.0,-4.0,-37.0
1776887235.3561027,-1.0,-3.0,-35.0
1776887235.3661027,0.0,1.0,-38.0
1776887235.3761027,0.0,0.0,-35.0
1776887235.386103,-3.0,3.0,-29.0
1776887235.396103,0.0,3.0,-34.0
1776887235.406103,0.0,3.0,-34.0
1776887235.4161026,2.0,-2.0,-36.0
1776887235.4261026,4.0,-4.0,-33.0
1776887235.4361026,4.0,-3.0,-30.0
1776887235.4461029,8.0,-3.0,-29.0
1776887235.4561028,6.0,-2.0,-34.0
1776887235.4661028,1.0,-5.0,-29.0
1776887235.4761028,1.0,-3.0,-27.0
1776887235.4861028,-1.0,-9.0,-29.0
1776887235.4961028,-1.0,-8.0,-35.0
1776887235.5061028,-7.0,-6.0,-34.0
1776887235.5161028,-4.0,-2.0,-31.0
1776887235.5261028,2.0,-3.0,-32.0
1776887235.5361028,2.0,-2.0,-36.0
1776887235.5461028,2.0,-4.0,-37.0
1776887235.5561028,-2.0,-2.0,-39.0
1776887235.5661027,-3.0,-1.0,-39.0
1776887235.5761027,-3.0,1.0,-30.0
1776887235.5861027,-1.0,7.0,-37.0
1776887235.5961027,-6.0,5.0,-41.0
1776887235.6061027,-6.0,2.0,-48.0
1776887235.6161027,-1.0,7.0,-50.0
1776887235.6261027,1.0,4.0,-45.0
1776887235.6371028,1.0,5.0,-47.0
1776887235.646103,0.0,6.0,-44.0
1776887235.656103,0.0,5.0,-38.0
1776887235.6661026,0.0,3.0,-38.0
1776887235.6761026,3.0,1.0,-36.0
1776887235.6861026,0.0,2.0,-39.0
1776887235.6961029,2.0,0.0,-42.0
1776887235.7061028,3.0,2.0,-43.0
1776887235.7161028,0.0,2.0,-46.0
1776887235.7261028,0.0,5.0,-50.0
1776887235.7361028,4.0,6.0,-50.0
1776887235.7461028,4.0,4.0,-47.0
1776887235.7561028,2.0,5.0,-47.0
1776887235.7661028,-2.0,3.0,-39.0
1776887235.7761028,-4.0,0.0,-36.0
1776887235.7861028,-2.0,-2.0,-36.0
1776887235.7961028,-2.0,0.0,-33.0
1776887235.8061028,-1.0,1.0,-33.0
1776887235.8161027,2.0,-6.0,-37.0
1776887235.8261027,6.0,-8.0,-42.0
1776887235.8361027,5.0,-8.0,-47.0
1776887235.8461027,0.0,-8.0,-46.0
1776887235.8561027,3.0,-4.0,-43.0
1776887235.8661027,3.0,-2.0,-43.0
1776887235.8761027,1.0,-5.0,-49.0
1776887235.886103,-6.0,-3.0,-55.0
1776887235.896103,-8.0,-2.0,-61.0
1776887235.906103,-5.0,-6.0,-55.0
1776887235.9171028,-6.0,-5.0,-47.0
1776887235.9271028,-4.0,-6.0,-49.0
1776887235.9371028,0.0,0.0,-48.0
1776887235.9471028,-1.0,-1.0,-46.0
1776887235.9571028,-3.0,-2.0,-50.0
1776887235.9671028,-2.0,-1.0,-53.0
1776887235.9771028,0.0,0.0,-45.0
1776887235.9871027,2.0,0.0,-42.0
1776887235.9971027,4.0,-2.0,-41.0
1776887236.0071027,2.0,-4.0,-42.0
1776887236.0171027,3.0,-3.0,-39.0
1776887236.0271027,-2.0,-2.0,-38.0
1776887236.0371027,-3.0,-3.0,-39.0
1776887236.0471027,-3.0,-4.0,-41.0
1776887236.057103,-4.0,-5.0,-43.0
1776887236.067103,-3.0,-6.0,-44.0
1776887236.077103,-3.0,-9.0,-43.0
1776887236.087103,0.0,-6.0,-45.0
1776887236.0971026,4.0,-2.0,-38.0
1776887236.1071026,0.0,0.0,-32.0
1776887236.1171026,3.0,-1.0,-40.0
1776887236.1271029,2.0,2.0,-42.0
1776887236.1371028,2.0,-2.0,-36.0
1776887236.1471028,3.0,-2.0,-38.0
1776887236.1571028,1.0,-2.0,-34.0
1776887236.1671028,1.0,0.0,-30.0
1776887236.1771028,1.0,1.0,-37.0
1776887236.1871028,5.0,0.0,-38.0
1776887236.1971028,6.0,-3.0,-35.0
1776887236.2071028,8.0,-2.0,-36.0
1776887236.2171028,7.0,-1.0,-36.0
1776887236.2271028,5.0,1.0,-36.0
1776887236.2371027,6.0,-2.0,-36.0
1776887236.2471027,6.0,-3.0,-33.0
1776887236.2571027,3.0,0.0,-29.0
1776887236.2671027,5.0,0.0,-32.0
1776887236.2771027,1.0,-1.0,-32.0
1776887236.2871027,-5.0,-3.0,-33.0
1776887236.2971027,-4.0,-5.0,-37.0
1776887236.307103,-7.0,-5.0,-35.0
1776887236.317103,-9.0,-7.0,-35.0
1776887236.327103,-8.0,-5.0,-41.0
1776887236.337103,-3.0,-3.0,-41.0
1776887236.3471026,-4.0,-7.0,-38.0
1776887236.3571026,-3.0,-7.0,-40.0
1776887236.3671026,1.0,-8.0,-41.0
1776887236.3771029,6.0,-8.0,-44.0
1776887236.3871028,5.0,-10.0,-39.0
1776887236.3971028,5.0,-4.0,-45.0
1776887236.4071028,1.0,0.0,-44.0
1776887236.4171028,-2.0,3.0,-44.0
1776887236.4271028,-2.0,4.0,-48.0
1776887236.4371028,-1.0,7.0,-47.0
1776887236.4471028,-4.0,2.0,-40.0
1776887236.4571028,-4.0,2.0,-39.0
1776887236.4671028,-5.0,1.0,-42.0
1776887236.4771028,-3.0,-1.0,-47.0
1776887236.4871027,0.0,0.0,-44.0
1776887236.4971027,-5.0,-2.0,-36.0
1776887236.5071027,-7.0,-2.0,-31.0
1776887236.5171027,-10.0,0.0,-29.0
1776887236.5271027,-6.0,0.0,-33.0
1776887236.5371027,-2.0,-1.0,-44.0
1776887236.5471027,0.0,-1.0,-46.0
1776887236.557103,-2.0,0.0,-39.0
1776887236.567103,-2.0,-1.0,-42.0
1776887236.577103,0.0,-1.0,-42.0
1776887236.587103,-2.0,-4.0,-41.0
1776887236.5971026,-1.0,-3.0,-44.0
1776887236.6071026,1.0,-4.0,-45.0
1776887236.6171026,4.0,-6.0,-47.0
1776887236.6271029,3.0,-6.0,-51.0
1776887236.6371028,2.0,-4.0,-49.0
1776887236.6471028,8.0,-7.0,-45.0
1776887236.6571028,7.0,-3.0,-40.0
1776887236.6671028,5.0,2.0,-39.0
1776887236.6771028,2.0,-2.0,-36.0
1776887236.6871028,0.0,-2.0,-35.0
1776887236.6971028,2.0,-5.0,-38.0
1776887236.7071028,4.0,-6.0,-32.0
1776887236.7171028,3.0,-4.0,-31.0
1776887236.7271028,0.0,-2.0,-25.0
1776887236.7371027,0.0,-1.0,-24.0
1776887236.7471027,1.0,1.0,-33.0
1776887236.7571027,1.0,-1.0,-34.0
1776887236.7671027,0.0,-1.0,-37.0
1776887236.7771027,-1.0,1.0,-43.0
1776887236.7871027,-3.0,0.0,-39.0
1776887236.7971027,-1.0,2.0,-32.0
1776887236.807103,0.0,0.0,-36.0
1776887236.817103,0.0,-2.0,-36.0
1776887236.827103,0.0,-4.0,-34.0
1776887236.837103,1.0,-2.0,-41.0
1776887236.8471026,4.0,2.0,-40.0
1776887236.8571026,4.0,0.0,-36.0
1776887236.8671026,1.0,-2.0,-37.0
1776887236.8771029,-3.0,0.0,-43.0
1776887236.8871028,-3.0,0.0,-45.0
1776887236.8971028,1.0,-1.0,-47.0
1776887236.9071028,0.0,-1.0,-47.0
1776887236.9171028,-4.0,-2.0,-51.0
1776887236.9271028,-7.0,-3.0,-49.0
1776887236.9371028,0.0,-1.0,-46.0
1776887236.9471028,-2.0,-5.0,-42.0
1776887236.9571028,-4.0,-5.0,-41.0
1776887236.9671028,-2.0,-8.0,-39.0
1776887236.9771028,0.0,-12.0,-34.0
1776887236.9871027,1.0,-9.0,-34.0
1776887236.9971027,2.0,-6.0,-32.0
1776887237.0071027,3.0,-9.0,-35.0
1776887237.0171027,6.0,-5.0,-40.0
1776887237.0271027,8.0,2.0,-30.0
1776887237.0371027,4.0,2.0,-29.0
1776887237.0471027,2.0,1.0,-31.0
1776887237.057103,-3.0,1.0,-32.0
1776887237.067103,-5.0,1.0,-38.0
1776887237.077103,-3.0,4.0,-41.0
1776887237.087103,-3.0,1.0,-41.0
1776887237.0971026,-2.0,1.0,-35.0
1776887237.1071026,-2.0,0.0,-31.0
1776887237.1171026,-2.0,-2.0,-27.0
1776887237.1271029,-2.0,-1.0,-37.0
1776887237.1371028,0.0,-4.0,-42.0
1776887237.1471028,0.0,-5.0,-42.0
1776887237.1571028,-2.0,-8.0,-37.0
1776887237.1671028,0.0,-7.0,-42.0
1776887237.1771028,1.0,-5.0,-41.0
1776887237.1871028,-1.0,-5.0,-40.0
1776887237.1971028,-3.0,-4.0,-47.0
1776887237.2071028,0.0,-4.0,-48.0
1776887237.2171028,-1.0,-7.0,-48.0
1776887237.2271028,2.0,-8.0,-48.0
1776887237.2371027,0.0,-10.0,-47.0
1776887237.2471027,1.0,-7.0,-50.0
1776887237.2571027,-1.0,-4.0,-56.0
1776887237.2671027,-1.0,-4.0,-55.0
1776887237.2771027,1.0,-4.0,-47.0
1776887237.2871027,-2.0,-2.0,-43.0
1776887237.2971027,1.0,-2.0,-40.0
1776887237.307103,0.0,-2.0,-30.0
1776887237.317103,0.0,-1.0,-26.0
1776887237.327103,1.0,-1.0,-28.0
1776887237.337103,3.0,-2.0,-31.0
1776887237.3471026,9.0,-3.0,-28.0
1776887237.3571026,9.0,0.0,-40.0
1776887237.3671026,5.0,4.0,-42.0
1776887237.3771029,3.0,2.0,-34.0
1776887237.3871028,2.0,4.0,-31.0
1776887237.3971028,3.0,7.0,-35.0
1776887237.4071028,3.0,3.0,-40.0
1776887237.4171028,3.0,0.0,-28.0
1776887237.4271028,1.0,2.0,-33.0
1776887237.4371028,4.0,1.0,-48.0
1776887237.4471028,3.0,0.0,-46.0
1776887237.4571028,-1.0,-4.0,-46.0
1776887237.4671028,0.0,-9.0,-47.0
1776887237.4771028,2.0,-7.0,-43.0
1776887237.4871027,-1.0,-4.0,-42.0
1776887237.4971027,-3.0,-3.0,-39.0
1776887237.5071027,-6.0,0.0,-38.0
1776887237.5171027,-2.0,0.0,-34.0
1776887237.5271027,3.0,0.0,-29.0
1776887237.5371027,2.0,-1.0,-26.0
1776887237.5471027,1.0,-5.0,-24.0
1776887237.557103,-2.0,-7.0,-30.0
1776887237.567103,0.0,-10.0,-33.0
1776887237.577103,2.0,-6.0,-31.0
1776887237.587103,2.0,-4.0,-23.0
1776887237.5971026,-2.0,-4.0,-29.0
1776887237.6071026,-1.0,-3.0,-28.0
1776887237.6171026,0.0,-3.0,-30.0
1776887237.6271029,1.0,-6.0,-27.0
1776887237.6371028,4.0,-4.0,-28.0
1776887237.6471028,1.0,-2.0,-27.0
1776887237.6571028,0.0,0.0,-38.0
1776887237.6671028,-1.0,0.0,-42.0
1776887237.6771028,-2.0,-3.0,-35.0
1776887237.6871028,-3.0,-5.0,-36.0
1776887237.6971028,1.0,-7.0,-34.0
1776887237.7071028,3.0,-7.0,-41.0
1776887237.7171028,5.0,-3.0,-41.0
1776887237.7271028,6.0,-3.0,-45.0
1776887237.7371027,5.0,2.0,-42.0
1776887237.7471027,2.0,1.0,-37.0
1776887237.7571027,5.0,0.0,-36.0
1776887237.7671027,0.0,0.0,-40.0
1776887237.7771027,-2.0,0.0,-43.0
1776887237.7871027,0.0,1.0,-37.0
1776887237.7971027,0.0,4.0,-35.0
1776887237.807103,-2.0,5.0,-33.0
1776887237.817103,0.0,3.0,-36.0
1776887237.827103,0.0,-1.0,-36.0
1776887237.837103,0.0,-1.0,-41.0
1776887237.8471026,-1.0,2.0,-33.0
1776887237.8571026,-4.0,4.0,-33.0
1776887237.8671026,-4.0,0.0,-33.0
1776887237.8771029,-1.0,2.0,-36.0
1776887237.8871028,-2.0,3.0,-34.0
1776887237.8971028,0.0,0.0,-31.0
1776887237.9081028,0.0,-4.0,-37.0
1776887237.9171028,1.0,-4.0,-39.0
1776887237.9281027,3.0,-4.0,-43.0
1776887237.9381027,0.0,-1.0,-42.0
1776887237.9481027,1.0,-1.0,-46.0
1776887237.9581027,6.0,-3.0,-44.0
1776887237.9681027,5.0,-3.0,-43.0
1776887237.9781027,2.0,-2.0,-48.0
1776887237.988103,0.0,0.0,-42.0
1776887237.998103,5.0,4.0,-50.0
1776887238.008103,4.0,2.0,-49.0
1776887238.0181026,0.0,0.0,-44.0
1776887238.0281026,-1.0,0.0,-42.0
1776887238.0381026,-4.0,-1.0,-39.0
1776887238.0481029,0.0,-2.0,-35.0
1776887238.0581028,0.0,-2.0,-33.0
1776887238.0681028,-3.0,-2.0,-36.0
1776887238.0781028,-2.0,-2.0,-34.0
1776887238.0881028,-1.0,0.0,-28.0
1776887238.0981028,0.0,2.0,-33.0
1776887238.1081028,-3.0,3.0,-39.0
1776887238.1181028,-6.0,4.0,-51.0
1776887238.1281028,-8.0,5.0,-52.0
1776887238.1381028,-8.0,3.0,-47.0
1776887238.1481028,-3.0,1.0,-47.0
1776887238.1581028,-1.0,0.0,-44.0
1776887238.1681027,0.0,-2.0,-40.0
1776887238.1781027,1.0,-2.0,-43.0
1776887238.1881027,-4.0,-4.0,-44.0
1776887238.1981027,-4.0,-4.0,-43.0
1776887238.2081027,-6.0,-4.0,-46.0
1776887238.2181027,-4.0,-3.0,-47.0
1776887238.2281027,0.0,-2.0,-43.0
1776887238.238103,-1.0,-3.0,-39.0
1776887238.248103,-5.0,-3.0,-44.0
1776887238.258103,-7.0,0.0,-42.0
1776887238.2681026,-13.0,0.0,-38.0
1776887238.2781026,-14.0,-2.0,-37.0
1776887238.2881026,-13.0,-3.0,-35.0
1776887238.2981029,-10.0,-8.0,-41.0
1776887238.3081028,-8.0,-9.0,-47.0
1776887238.3181028,-3.0,-4.0,-44.0
1776887238.3281028,-1.0,-3.0,-40.0
1776887238.3381028,0.0,1.0,-35.0
1776887238.3481028,0.0,-1.0,-41.0
1776887238.3581028,0.0,1.0,-43.0
1776887238.3681028,-5.0,-2.0,-44.0
1776887238.3781028,-2.0,-2.0,-41.0
1776887238.3881028,-1.0,-3.0,-44.0
1776887238.3981028,0.0,1.0,-38.0
1776887238.4081028,0.0,-1.0,-37.0
1776887238.4181027,1.0,-4.0,-33.0
1776887238.4281027,0.0,-2.0,-27.0
1776887238.4381027,1.0,0.0,-31.0
1776887238.4481027,-1.0,0.0,-34.0
1776887238.4581027,-1.0,0.0,-37.0
1776887238.4681027,1.0,0.0,-28.0
1776887238.4781027,0.0,-2.0,-31.0
1776887238.488103,0.0,-6.0,-31.0
1776887238.498103,0.0,-8.0,-27.0
1776887238.508103,0.0,-11.0,-32.0
1776887238.5181026,1.0,-7.0,-32.0
1776887238.5281026,-2.0,-5.0,-25.0
1776887238.5381026,1.0,-2.0,-26.0
1776887238.5481029,4.0,4.0,-30.0
1776887238.5581028,5.0,1.0,-36.0
1776887238.5681028,10.0,-1.0,-44.0
1776887238.5781028,11.0,-1.0,-43.0
1776887238.5881028,13.0,0.0,-37.0
1776887238.5981028,6.0,1.0,-37.0
1776887238.6081028,3.0,4.0,-40.0
1776887238.6181028,0.0,0.0,-39.0
1776887238.6281028,-1.0,-2.0,-36.0
1776887238.6381028,-1.0,-1.0,-32.0
1776887238.6481028,-5.0,-1.0,-34.0
1776887238.6581028,-10.0,-1.0,-31.0
1776887238.6681027,-8.0,0.0,-35.0
1776887238.6781027,-2.0,-3.0,-29.0
1776887238.6881027,0.0,-2.0,-34.0
1776887238.6981027,1.0,-2.0,-36.0
1776887238.7081027,4.0,-2.0,-32.0
1776887238.7181027,8.0,-4.0,-30.0
1776887238.7281027,3.0,-6.0,-27.0
1776887238.738103,0.0,-4.0,-27.0
1776887238.748103,0.0,-6.0,-26.0
1776887238.758103,0.0,-3.0,-24.0
1776887238.7681026,-4.0,-3.0,-24.0
1776887238.7781026,-4.0,-4.0,-29.0
1776887238.7881026,-3.0,1.0,-38.0
1776887238.7981029,-3.0,1.0,-37.0
1776887238.8081028,-1.0,3.0,-36.0
1776887238.8181028,2.0,4.0,-39.0
1776887238.8281028,8.0,3.0,-37.0
1776887238.8381028,8.0,3.0,-34.0
1776887238.8481028,5.0,4.0,-33.0
1776887238.8581028,7.0,3.0,-40.0
1776887238.8681028,8.0,2.0,-43.0
1776887238.8781028,6.0,-1.0,-41.0
1776887238.8881028,0.0,-7.0,-41.0
1776887238.8981028,0.0,-5.0,-44.0
1776887238.9081028,0.0,-4.0,-44.0
1776887238.9181027,2.0,-7.0,-37.0
1776887238.9281027,6.0,-8.0,-34.0
1776887238.9381027,7.0,-6.0,-30.0
1776887238.9481027,4.0,-7.0,-39.0
1776887238.9581027,6.0,-4.0,-45.0
1776887238.9681027,7.0,2.0,-42.0
1776887238.9781027,1.0,4.0,-40.0
1776887238.988103,-1.0,-2.0,-42.0
1776887238.998103,-5.0,-3.0,-36.0
1776887239.008103,-1.0,0.0,-34.0
1776887239.0181026,0.0,0.0,-36.0
1776887239.0281026,5.0,-3.0,-40.0
1776887239.0381026,3.0,-5.0,-38.0
1776887239.0481029,0.0,-3.0,-33.0
1776887239.0581028,-1.0,-1.0,-33.0
1776887239.0681028,0.0,0.0,-38.0
1776887239.0781028,3.0,0.0,-36.0
1776887239.0881028,1.0,-2.0,-30.0
1776887239.0981028,3.0,-3.0,-35.0
1776887239.1081028,4.0,-5.0,-42.0
1776887239.1181028,2.0,-5.0,-35.0
1776887239.1281028,4.0,-5.0,-33.0
1776887239.1381028,6.0,-5.0,-30.0
1776887239.1481028,4.0,-6.0,-31.0
1776887239.1581028,3.0,-2.0,-32.0
1776887239.1681027,3.0,-4.0,-37.0
1776887239.1781027,4.0,-2.0,-38.0
1776887239.1881027,5.0,-4.0,-40.0
1776887239.1981027,2.0,-5.0,-39.0
1776887239.2081027,4.0,-4.0,-42.0
1776887239.2181027,5.0,-8.0,-38.0
1776887239.2281027,5.0,-7.0,-34.0
1776887239.238103,5.0,-6.0,-31.0
1776887239.248103,5.0,-7.0,-34.0
1776887239.258103,5.0,-6.0,-38.0
1776887239.2681026,7.0,-2.0,-32.0
1776887239.2781026,7.0,-3.0,-32.0
1776887239.2881026,2.0,-3.0,-31.0
1776887239.2981029,2.0,-5.0,-31.0
1776887239.3081028,4.0,-7.0,-32.0
1776887239.3181028,-2.0,-6.0,-34.0
1776887239.3281028,-4.0,-5.0,-39.0
1776887239.3381028,0.0,-4.0,-37.0
1776887239.3481028,2.0,-8.0,-40.0
1776887239.3581028,4.0,-10.0,-46.0
1776887239.3681028,2.0,-6.0,-40.0
1776887239.3781028,2.0,-6.0,-42.0
1776887239.3881028,1.0,-10.0,-44.0
1776887239.3981028,1.0,-9.0,-48.0
1776887239.4081028,0.0,-5.0,-42.0
1776887239.4181027,2.0,-5.0,-46.0
1776887239.4281027,0.0,-2.0,-45.0
1776887239.4381027,1.0,0.0,-43.0
1776887239.4481027,4.0,-3.0,-39.0
1776887239.4581027,0.0,-3.0,-46.0
1776887239.4681027,-4.0,-1.0,-51.0
1776887239.4781027,-5.0,-1.0,-45.0
1776887239.488103,-6.0,0.0,-38.0
1776887239.498103,-3.0,-2.0,-34.0
1776887239.508103,-3.0,0.0,-36.0
1776887239.5181026,-2.0,2.0,-33.0
1776887239.5281026,5.0,3.0,-29.0
1776887239.5381026,9.0,-1.0,-33.0
1776887239.5481029,7.0,-4.0,-32.0
1776887239.5581028,6.0,-4.0,-34.0
1776887239.5681028,4.0,-2.0,-39.0
1776887239.5781028,5.0,-3.0,-40.0
1776887239.5881028,3.0,-1.0,-37.0
1776887239.5981028,5.0,-1.0,-42.0
1776887239.6081028,5.0,-1.0,-34.0
1776887239.6181028,6.0,0.0,-32.0
1776887239.6281028,0.0,0.0,-35.0
1776887239.6381028,1.0,1.0,-38.0
1776887239.6481028,3.0,-2.0,-38.0
1776887239.6581028,0.0,-1.0,-37.0
1776887239.6681027,-1.0,-1.0,-38.0
1776887239.6781027,-1.0,0.0,-40.0
1776887239.6881027,3.0,-1.0,-41.0
1776887239.6981027,0.0,-3.0,-36.0
1776887239.7081027,1.0,-2.0,-33.0
1776887239.7181027,0.0,-3.0,-35.0
1776887239.7281027,0.0,0.0,-34.0
1776887239.738103,1.0,-1.0,-34.0
1776887239.748103,-1.0,0.0,-33.0
1776887239.758103,0.0,-1.0,-36.0
1776887239.7681026,0.0,-3.0,-34.0
1776887239.7781026,2.0,3.0,-30.0
1776887239.7881026,-2.0,0.0,-33.0
1776887239.7981029,-2.0,1.0,-32.0
1776887239.8081028,0.0,3.0,-32.0
1776887239.8181028,3.0,2.0,-29.0
1776887239.8281028,1.0,-3.0,-33.0
1776887239.8381028,-1.0,-5.0,-34.0
1776887239.8481028,-5.0,-7.0,-27.0
1776887239.8581028,-4.0,-9.0,-23.0
1776887239.8681028,-2.0,-4.0,-26.0
1776887239.8781028,-1.0,-2.0,-25.0
1776887239.8881028,0.0,-2.0,-30.0
1776887239.8981028,0.0,-1.0,-33.0
1776887239.909103,2.0,-6.0,-35.0
1776887239.9181027,0.0,-4.0,-36.0
1776887239.9281027,0.0,-3.0,-39.0
1776887239.9381027,-2.0,-1.0,-40.0
1776887239.9491026,0.0,-2.0,-37.0
1776887239.9591026,9.0,-1.0,-38.0
1776887239.9691026,8.0,-2.0,-42.0
1776887239.9791028,6.0,-2.0,-46.0
1776887239.9891028,11.0,0.0,-51.0
1776887239.9991028,10.0,1.0,-49.0
1776887240.0091028,5.0,2.0,-38.0
1776887240.0191028,3.0,0.0,-35.0
1776887240.0291028,9.0,-1.0,-34.0
1776887240.0391028,1.0,0.0,-35.0
1776887240.0491028,4.0,0.0,-36.0
1776887240.0591028,2.0,-1.0,-40.0
1776887240.0691028,0.0,0.0,-36.0
1776887240.0791028,-2.0,-1.0,-36.0
1776887240.0891027,0.0,0.0,-36.0
1776887240.0991027,4.0,0.0,-34.0
1776887240.1091027,3.0,0.0,-40.0
1776887240.1191027,4.0,-1.0,-35.0
1776887240.1291027,5.0,-2.0,-35.0
1776887240.1391027,8.0,-3.0,-35.0
1776887240.1491027,8.0,0.0,-37.0
1776887240.159103,9.0,1.0,-41.0
1776887240.169103,3.0,0.0,-44.0
1776887240.179103,0.0,-4.0,-45.0
1776887240.1891026,-3.0,-6.0,-42.0
1776887240.1991026,-2.0,-2.0,-46.0
1776887240.2091026,-2.0,-6.0,-45.0
1776887240.2191026,3.0,-6.0,-39.0
1776887240.2291028,6.0,-3.0,-35.0
1776887240.2391028,5.0,-7.0,-44.0
1776887240.2491028,4.0,-1.0,-42.0
1776887240.2591028,1.0,0.0,-45.0
1776887240.2691028,0.0,-3.0,-43.0
1776887240.2791028,0.0,-4.0,-35.0
1776887240.2891028,3.0,-4.0,-39.0
1776887240.2991028,0.0,-8.0,-43.0
1776887240.3091028,0.0,-9.0,-39.0
1776887240.3191028,-4.0,-8.0,-41.0
1776887240.3291028,-2.0,-11.0,-44.0
1776887240.3391027,5.0,-7.0,-38.0
1776887240.3491027,0.0,-5.0,-33.0
1776887240.3591027,-1.0,-3.0,-38.0
1776887240.3691027,2.0,-2.0,-33.0
1776887240.3791027,0.0,-2.0,-36.0
1776887240.3891027,0.0,-3.0,-38.0
1776887240.3991027,0.0,-5.0,-40.0
1776887240.409103,2.0,0.0,-34.0
1776887240.419103,1.0,-2.0,-38.0
1776887240.429103,2.0,-2.0,-47.0
1776887240.4391026,1.0,-1.0,-53.0
1776887240.4501028,-1.0,5.0,-54.0
1776887240.4591026,0.0,3.0,-47.0
1776887240.4691026,2.0,-1.0,-39.0
1776887240.4791028,2.0,-6.0,-38.0
1776887240.4891028,0.0,-6.0,-38.0
1776887240.4991028,3.0,-6.0,-42.0
1776887240.5091028,8.0,-2.0,-44.0
1776887240.5191028,10.0,0.0,-47.0
1776887240.5291028,8.0,-4.0,-45.0
1776887240.5391028,3.0,-4.0,-43.0
1776887240.5491028,1.0,-3.0,-40.0
1776887240.5591028,0.0,-2.0,-42.0
1776887240.5691028,-3.0,0.0,-41.0
1776887240.5791028,-3.0,3.0,-36.0
1776887240.5891027,-3.0,2.0,-37.0
1776887240.5991027,0.0,-3.0,-30.0
1776887240.6091027,0.0,-3.0,-31.0
1776887240.6191027,2.0,0.0,-32.0
1776887240.6291027,0.0,-1.0,-34.0
1776887240.6391027,-4.0,4.0,-38.0
1776887240.6491027,-7.0,0.0,-32.0
1776887240.659103,-4.0,-3.0,-34.0
1776887240.669103,-4.0,-3.0,-38.0
1776887240.679103,-8.0,-3.0,-35.0
1776887240.6891026,-1.0,-5.0,-35.0
1776887240.6991026,-1.0,-5.0,-34.0
1776887240.7091026,-1.0,-3.0,-36.0
1776887240.7191026,-1.0,0.0,-36.0
1776887240.7291028,3.0,0.0,-39.0
1776887240.7391028,-1.0,0.0,-40.0
1776887240.7491028,-2.0,-5.0,-40.0
1776887240.7591028,-3.0,-4.0,-42.0
1776887240.7691028,-5.0,-4.0,-34.0
1776887240.7791028,-7.0,-4.0,-32.0
1776887240.7891028,-4.0,-4.0,-37.0
1776887240.7991028,-1.0,-2.0,-36.0
1776887240.8091028,-4.0,-1.0,-38.0
1776887240.8191028,-3.0,-7.0,-40.0
1776887240.8291028,-7.0,-10.0,-35.0
1776887240.8391027,-6.0,-5.0,-39.0
1776887240.8491027,-2.0,-5.0,-46.0
1776887240.8591027,-4.0,-3.0,-42.0
1776887240.8691027,-4.0,0.0,-44.0
1776887240.8791027,-4.0,-2.0,-42.0
1776887240.8891027,-5.0,-4.0,-41.0
1776887240.8991027,0.0,-4.0,-36.0
1776887240.909103,-2.0,0.0,-37.0
1776887240.919103,-3.0,2.0,-37.0
1776887240.929103,-4.0,6.0,-39.0
1776887240.9391026,-3.0,3.0,-45.0
1776887240.9491026,-1.0,-1.0,-42.0
1776887240.9591026,0.0,-1.0,-37.0
1776887240.9691026,3.0,0.0,-36.0
1776887240.9791028,0.0,4.0,-32.0
1776887240.9891028,3.0,0.0,-42.0
1776887240.9991028,8.0,-2.0,-38.0
1776887241.0091028,7.0,-1.0,-40.0
1776887241.0191028,3.0,-7.0,-41.0
1776887241.0291028,4.0,-3.0,-43.0
1776887241.0391028,5.0,-1.0,-41.0
1776887241.0491028,0.0,-2.0,-42.0
1776887241.0591028,-3.0,-2.0,-38.0
1776887241.0691028,-1.0,-3.0,-35.0
1776887241.0791028,0.0,0.0,-40.0
1776887241.0891027,1.0,1.0,-49.0
1776887241.0991027,4.0,-2.0,-51.0
1776887241.1091027,0.0,1.0,-52.0
1776887241.1191027,-1.0,2.0,-45.0
1776887241.1291027,-3.0,1.0,-41.0
1776887241.1391027,0.0,0.0,-42.0
1776887241.1491027,1.0,1.0,-36.0
1776887241.159103,2.0,-4.0,-42.0
1776887241.169103,2.0,-4.0,-43.0
1776887241.179103,-1.0,-4.0,-40.0
1776887241.1891026,-1.0,-6.0,-39.0
1776887241.1991026,-7.0,-6.0,-38.0
1776887241.2091026,-6.0,-5.0,-39.0
1776887241.2191026,-8.0,-8.0,-30.0
1776887241.2291028,-4.0,-8.0,-30.0
1776887241.2391028,-5.0,-9.0,-32.0
1776887241.2491028,-5.0,-9.0,-30.0
1776887241.2591028,-3.0,-2.0,-32.0
1776887241.2691028,-3.0,0.0,-30.0
1776887241.2791028,0.0,-2.0,-31.0
1776887241.2891028,1.0,-5.0,-29.0
1776887241.2991028,-1.0,-7.0,-27.0
1776887241.3091028,0.0,-4.0,-26.0
1776887241.3191028,5.0,-7.0,-31.0
1776887241.3291028,1.0,-6.0,-38.0
1776887241.3391027,0.0,-6.0,-41.0
1776887241.3491027,1.0,-9.0,-41.0
1776887241.3591027,2.0,-6.0,-38.0
1776887241.3691027,4.0,-5.0,-39.0
1776887241.3791027,3.0,-6.0,-34.0
1776887241.3891027,0.0,3.0,-30.0
1776887241.3991027,0.0,0.0,-36.0
1776887241.409103,-2.0,0.0,-38.0
1776887241.419103,1.0,0.0,-33.0
1776887241.429103,2.0,0.0,-30.0
1776887241.4391026,3.0,1.0,-30.0
1776887241.4491026,0.0,-3.0,-39.0
1776887241.4591026,-3.0,-6.0,-45.0
1776887241.4691026,-2.0,-4.0,-45.0
1776887241.4791028,0.0,2.0,-42.0
1776887241.4891028,-3.0,4.0,-43.0
1776887241.4991028,-2.0,7.0,-39.0
1776887241.5091028,-4.0,5.0,-39.0
1776887241.5191028,0.0,5.0,-39.0
1776887241.5291028,2.0,2.0,-42.0
1776887241.5391028,2.0,-3.0,-42.0
1776887241.5491028,2.0,-4.0,-43.0
1776887241.5591028,3.0,-4.0,-45.0
1776887241.5691028,1.0,-4.0,-38.0
1776887241.5791028,1.0,-4.0,-38.0
1776887241.5891027,2.0,-7.0,-38.0
1776887241.5991027,0.0,-8.0,-35.0
1776887241.6091027,0.0,-11.0,-35.0
1776887241.6191027,-4.0,-10.0,-39.0
1776887241.6291027,-4.0,-6.0,-38.0
1776887241.6391027,-9.0,-9.0,-43.0
1776887241.6491027,-9.0,-10.0,-44.0
1776887241.659103,-5.0,-6.0,-42.0
1776887241.669103,-5.0,-9.0,-45.0
1776887241.679103,-1.0,-10.0,-45.0
1776887241.6891026,-4.0,-8.0,-39.0
1776887241.6991026,-7.0,-8.0,-40.0
1776887241.7091026,-3.0,-8.0,-44.0
1776887241.7191026,-6.0,-7.0,-45.0
1776887241.7291028,-4.0,-11.0,-43.0
1776887241.7391028,-5.0,-13.0,-45.0
1776887241.7491028,-7.0,-11.0,-37.0
1776887241.7591028,-6.0,-9.0,-29.0
1776887241.7691028,-8.0,-7.0,-31.0
1776887241.7791028,-11.0,-7.0,-30.0
1776887241.7891028,-8.0,-7.0,-33.0
1776887241.7991028,-3.0,-6.0,-37.0
1776887241.8091028,-1.0,-6.0,-36.0
1776887241.8191028,1.0,-6.0,-41.0
1776887241.8291028,-1.0,-5.0,-39.0
1776887241.8391027,0.0,-6.0,-45.0
1776887241.8491027,1.0,-3.0,-51.0
1776887241.8591027,-2.0,-3.0,-46.0
1776887241.8691027,3.0,-4.0,-45.0
1776887241.8791027,2.0,-9.0,-44.0
1776887241.8891027,-3.0,-9.0,-42.0
1776887241.8991027,0.0,-7.0,-38.0
1776887241.9101028,-3.0,-5.0,-40.0
1776887241.9201028,-3.0,-5.0,-33.0
1776887241.929103,2.0,-6.0,-30.0
1776887241.9401028,1.0,0.0,-34.0
1776887241.9501028,1.0,-2.0,-34.0
1776887241.9591026,-2.0,-3.0,-33.0
1776887241.9701028,0.0,-3.0,-37.0
1776887241.9801028,-3.0,-5.0,-36.0
1776887241.9901028,0.0,-5.0,-35.0
1776887242.0001028,0.0,-8.0,-34.0
1776887242.0101027,1.0,-7.0,-32.0
1776887242.0201027,-1.0,-4.0,-28.0
1776887242.0301027,3.0,-1.0,-37.0
1776887242.0401027,3.0,1.0,-36.0
1776887242.0501027,3.0,0.0,-39.0
1776887242.0601027,0.0,1.0,-39.0
1776887242.0701027,-2.0,2.0,-44.0
1776887242.0801027,2.0,2.0,-48.0
1776887242.090103,4.0,0.0,-40.0
1776887242.100103,-1.0,0.0,-39.0
1776887242.110103,-4.0,0.0,-41.0
1776887242.1201026,-4.0,-1.0,-42.0
1776887242.1301026,-3.0,-5.0,-35.0
1776887242.1401026,-9.0,-6.0,-36.0
1776887242.1501029,-8.0,-1.0,-44.0
1776887242.1601028,-6.0,3.0,-46.0
1776887242.1701028,-6.0,6.0,-42.0
1776887242.1801028,-4.0,-1.0,-45.0
1776887242.1901028,1.0,-2.0,-33.0
1776887242.2001028,0.0,-2.0,-27.0
1776887242.2101028,2.0,-2.0,-26.0
1776887242.2201028,0.0,0.0,-25.0
1776887242.2301028,-6.0,0.0,-31.0
1776887242.2401028,-2.0,2.0,-34.0
1776887242.2501028,4.0,4.0,-31.0
1776887242.2601027,9.0,5.0,-28.0
1776887242.2701027,9.0,4.0,-28.0
1776887242.2801027,10.0,1.0,-26.0
1776887242.2901027,10.0,0.0,-28.0
1776887242.3001027,7.0,1.0,-23.0
1776887242.3101027,5.0,0.0,-22.0
1776887242.3201027,4.0,0.0,-18.0
1776887242.3301027,5.0,-1.0,-18.0
1776887242.340103,-1.0,-1.0,-24.0
1776887242.350103,0.0,-1.0,-30.0
1776887242.360103,3.0,0.0,-30.0
1776887242.3701026,3.0,3.0,-27.0
1776887242.3801026,1.0,3.0,-37.0
1776887242.3901026,0.0,0.0,-32.0
1776887242.4001029,-1.0,-4.0,-30.0
1776887242.4101028,2.0,-4.0,-24.0
1776887242.4201028,3.0,-3.0,-35.0
1776887242.4301028,2.0,0.0,-43.0
1776887242.4401028,5.0,-3.0,-50.0
1776887242.4501028,9.0,-5.0,-56.0
1776887242.4601028,5.0,-5.0,-57.0
1776887242.4701028,5.0,-8.0,-48.0
1776887242.4801028,1.0,-7.0,-46.0
1776887242.4901028,1.0,-5.0,-49.0
1776887242.5001028,2.0,-5.0,-46.0
1776887242.5101027,0.0,-2.0,-46.0
1776887242.5201027,-1.0,0.0,-43.0
1776887242.5301027,3.0,0.0,-43.0
1776887242.5401027,3.0,0.0,-39.0
1776887242.5501027,0.0,0.0,-42.0
1776887242.5601027,-4.0,1.0,-41.0
1776887242.5701027,-3.0,1.0,-42.0
1776887242.5801027,-2.0,0.0,-45.0
1776887242.590103,-3.0,2.0,-40.0
1776887242.600103,-7.0,2.0,-33.0
1776887242.610103,-6.0,0.0,-33.0
1776887242.6201026,0.0,0.0,-33.0
1776887242.6301026,1.0,2.0,-34.0
1776887242.6401026,1.0,4.0,-36.0
1776887242.6501029,0.0,5.0,-32.0
1776887242.6601028,0.0,4.0,-25.0
1776887242.6701028,0.0,2.0,-30.0
1776887242.6801028,-1.0,4.0,-24.0
1776887242.6901028,1.0,5.0,-30.0
1776887242.7001028,-4.0,0.0,-31.0
1776887242.7101028,-4.0,-2.0,-26.0
1776887242.7201028,-8.0,-2.0,-26.0
1776887242.7301028,-11.0,-6.0,-32.0
1776887242.7401028,-6.0,-10.0,-44.0
1776887242.7501028,-4.0,-4.0,-44.0
1776887242.7601027,0.0,-3.0,-45.0
1776887242.7701027,0.0,0.0,-40.0
1776887242.7801027,-2.0,0.0,-37.0
1776887242.7901027,0.0,-5.0,-38.0
1776887242.8001027,1.0,-8.0,-38.0
1776887242.8101027,-1.0,-7.0,-41.0
1776887242.8201027,2.0,-5.0,-37.0
1776887242.8301027,2.0,-3.0,-29.0
1776887242.840103,-2.0,-2.0,-32.0
1776887242.850103,-1.0,5.0,-28.0
1776887242.860103,-1.0,6.0,-27.0
1776887242.8701026,3.0,1.0,-30.0
1776887242.8801026,1.0,1.0,-26.0
1776887242.8901026,0.0,1.0,-23.0
1776887242.9001029,0.0,0.0,-19.0
1776887242.9101028,-2.0,3.0,-24.0
1776887242.9201028,-2.0,0.0,-31.0
1776887242.9301028,-1.0,0.0,-36.0
1776887242.9401028,-3.0,1.0,-28.0
1776887242.9501028,-4.0,0.0,-25.0
1776887242.9601028,-3.0,1.0,-32.0
1776887242.9701028,-2.0,1.0,-36.0
1776887242.9801028,-2.0,0.0,-44.0
1776887242.9901028,-3.0,-1.0,-40.0
1776887243.0001028,-1.0,-3.0,-39.0
1776887243.0101027,0.0,-2.0,-38.0
1776887243.0201027,4.0,-1.0,-32.0
1776887243.0301027,0.0,-4.0,-32.0
1776887243.0401027,-2.0,-3.0,-35.0
1776887243.0501027,2.0,-5.0,-36.0
1776887243.0601027,3.0,-5.0,-41.0
1776887243.0701027,3.0,-2.0,-40.0
1776887243.0801027,1.0,-4.0,-37.0
1776887243.090103,-2.0,-2.0,-36.0
1776887243.100103,1.0,0.0,-42.0
1776887243.110103,-6.0,-1.0,-39.0
1776887243.1201026,-7.0,-4.0,-36.0
1776887243.1301026,-7.0,-3.0,-44.0
1776887243.1401026,-5.0,-5.0,-39.0
1776887243.1501029,-3.0,-5.0,-33.0
1776887243.1601028,-5.0,-1.0,-35.0
1776887243.1701028,-8.0,0.0,-35.0
1776887243.1801028,-9.0,-1.0,-31.0
1776887243.1901028,-7.0,0.0,-31.0
1776887243.2001028,0.0,-2.0,-31.0
1776887243.2101028,4.0,0.0,-39.0
1776887243.2201028,2.0,0.0,-45.0
1776887243.2301028,-3.0,0.0,-40.0
1776887243.2401028,-4.0,5.0,-43.0
1776887243.2501028,-2.0,4.0,-44.0
1776887243.2601027,-3.0,1.0,-41.0
1776887243.2701027,-3.0,0.0,-44.0
1776887243.2801027,-2.0,0.0,-51.0
1776887243.2901027,-1.0,-4.0,-49.0
1776887243.3001027,0.0,-4.0,-44.0
1776887243.3101027,0.0,-3.0,-48.0
1776887243.3201027,2.0,0.0,-42.0
1776887243.3301027,0.0,-4.0,-42.0
1776887243.340103,0.0,-2.0,-39.0
1776887243.350103,-2.0,-4.0,-39.0
1776887243.360103,1.0,-5.0,-49.0
1776887243.3701026,2.0,-6.0,-53.0
1776887243.3801026,2.0,-5.0,-54.0
1776887243.3901026,5.0,-6.0,-56.0
1776887243.4001029,9.0,-3.0,-57.0
1776887243.4101028,5.0,2.0,-54.0
1776887243.4201028,3.0,0.0,-48.0
1776887243.4301028,6.0,-2.0,-42.0
1776887243.4401028,8.0,-4.0,-35.0
1776887243.4501028,3.0,-4.0,-36.0
1776887243.4601028,0.0,0.0,-39.0
1776887243.4701028,-1.0,0.0,-39.0
1776887243.4801028,-1.0,-3.0,-39.0
1776887243.4901028,0.0,-5.0,-34.0
1776887243.5001028,0.0,-8.0,-36.0
1776887243.5101027,4.0,-8.0,-38.0
1776887243.5201027,3.0,-7.0,-42.0
1776887243.5301027,5.0,-5.0,-42.0
1776887243.5401027,5.0,-4.0,-45.0
1776887243.5501027,4.0,-5.0,-48.0
1776887243.5601027,5.0,-7.0,-44.0
1776887243.5701027,4.0,-2.0,-44.0
1776887243.5801027,6.0,-2.0,-43.0
1776887243.590103,8.0,-1.0,-43.0
1776887243.600103,5.0,0.0,-37.0
1776887243.610103,2.0,0.0,-28.0
1776887243.6201026,2.0,1.0,-38.0
1776887243.6301026,7.0,3.0,-43.0
1776887243.6401026,10.0,0.0,-42.0
1776887243.6501029,6.0,-1.0,-38.0
1776887243.6601028,4.0,-5.0,-37.0
1776887243.6701028,6.0,-6.0,-34.0
1776887243.6801028,5.0,-4.0,-33.0
1776887243.6901028,1.0,-7.0,-39.0
1776887243.7001028,0.0,-9.0,-37.0
1776887243.7101028,0.0,-7.0,-39.0
1776887243.7201028,-1.0,-8.0,-40.0
1776887243.7301028,-2.0,-11.0,-35.0
1776887243.7401028,-1.0,-8.0,-34.0
1776887243.7501028,0.0,-5.0,-34.0
1776887243.7601027,4.0,-5.0,-31.0
1776887243.7701027,0.0,-6.0,-34.0
1776887243.7801027,-2.0,-6.0,-33.0
1776887243.7901027,-4.0,-8.0,-35.0
1776887243.8001027,-3.0,-6.0,-40.0
1776887243.8101027,-4.0,-4.0,-44.0
1776887243.8201027,0.0,0.0,-49.0
1776887243.8301027,3.0,0.0,-52.0
1776887243.840103,2.0,0.0,-51.0
1776887243.850103,1.0,0.0,-45.0
1776887243.860103,2.0,-3.0,-46.0
1776887243.8701026,4.0,-3.0,-45.0
1776887243.8801026,0.0,-3.0,-42.0
1776887243.8901026,2.0,0.0,-43.0
1776887243.9001029,3.0,2.0,-38.0
1776887243.9101028,6.0,2.0,-40.0
1776887243.9211028,4.0,2.0,-34.0
1776887243.9301028,4.0,0.0,-29.0
1776887243.9411027,3.0,-1.0,-38.0
1776887243.9511027,0.0,-1.0,-34.0
1776887243.9611027,-6.0,0.0,-23.0
1776887243.9711027,-8.0,-5.0,-31.0
1776887243.9811027,-7.0,1.0,-31.0
1776887243.9911027,-9.0,1.0,-31.0
1776887244.0011027,-10.0,0.0,-32.0
1776887244.011103,-7.0,1.0,-29.0
1776887244.021103,0.0,0.0,-35.0
1776887244.031103,2.0,1.0,-39.0
1776887244.0411026,-1.0,2.0,-39.0
1776887244.0511026,1.0,0.0,-41.0
1776887244.0611026,4.0,2.0,-42.0
1776887244.0711029,3.0,0.0,-45.0
1776887244.0811028,4.0,1.0,-46.0
1776887244.0911028,1.0,0.0,-42.0
1776887244.1011028,-2.0,0.0,-36.0
1776887244.1111028,-4.0,0.0,-41.0
1776887244.1211028,-6.0,0.0,-45.0
1776887244.1311028,-5.0,0.0,-51.0
1776887244.1411028,-3.0,-1.0,-42.0
1776887244.1511028,2.0,-1.0,-41.0
1776887244.1611028,2.0,4.0,-37.0
1776887244.1711028,2.0,3.0,-44.0
1776887244.1811028,4.0,1.0,-41.0
1776887244.1911027,1.0,2.0,-41.0
1776887244.2011027,-1.0,1.0,-39.0
1776887244.2111027,5.0,1.0,-35.0
1776887244.2211027,3.0,-3.0,-35.0
1776887244.2311027,0.0,-4.0,-35.0
1776887244.2411027,0.0,-8.0,-31.0
1776887244.2511027,0.0,-7.0,-28.0
1776887244.261103,3.0,-8.0,-28.0
1776887244.271103,4.0,-8.0,-27.0
1776887244.281103,2.0,-9.0,-31.0
1776887244.2911026,1.0,-5.0,-40.0
1776887244.3011026,-1.0,-2.0,-38.0
1776887244.3111026,-5.0,-5.0,-33.0
1776887244.3211029,-3.0,-8.0,-37.0
1776887244.3311028,-2.0,-7.0,-36.0
1776887244.3411028,-4.0,-4.0,-39.0
1776887244.3511028,-5.0,-2.0,-42.0
1776887244.3611028,0.0,-1.0,-37.0
1776887244.3711028,-1.0,1.0,-41.0
1776887244.3811028,-2.0,1.0,-37.0
1776887244.3911028,-1.0,0.0,-30.0
1776887244.4011028,-3.0,0.0,-32.0
1776887244.4111028,-5.0,1.0,-32.0
1776887244.4211028,-6.0,0.0,-38.0
1776887244.4311028,-4.0,0.0,-36.0
1776887244.4411027,-2.0,0.0,-36.0
1776887244.4511027,-3.0,0.0,-28.0
1776887244.4611027,-9.0,3.0,-26.0
1776887244.4711027,-5.0,3.0,-30.0
1776887244.4811027,0.0,6.0,-32.0
1776887244.4911027,0.0,1.0,-36.0
1776887244.5011027,1.0,0.0,-38.0
1776887244.511103,2.0,2.0,-41.0
1776887244.521103,0.0,6.0,-39.0
1776887244.531103,3.0,7.0,-33.0
1776887244.5411026,6.0,6.0,-38.0
1776887244.5511026,6.0,5.0,-37.0
1776887244.5611026,3.0,4.0,-35.0
1776887244.5711029,2.0,5.0,-34.0
1776887244.5811028,4.0,1.0,-39.0
1776887244.5911028,1.0,-3.0,-30.0
1776887244.6011028,-2.0,-4.0,-32.0
1776887244.6111028,-2.0,0.0,-35.0
1776887244.6211028,0.0,4.0,-36.0
1776887244.6311028,0.0,5.0,-32.0
1776887244.6411028,-1.0,3.0,-27.0
1776887244.6511028,0.0,2.0,-32.0
1776887244.6611028,1.0,3.0,-34.0
1776887244.6711028,5.0,0.0,-38.0
1776887244.6811028,3.0,-1.0,-33.0
1776887244.6911027,1.0,-6.0,-25.0
1776887244.7011027,2.0,-5.0,-26.0
1776887244.7111027,3.0,-6.0,-26.0
1776887244.7211027,1.0,0.0,-26.0
1776887244.7311027,5.0,-3.0,-31.0
1776887244.7411027,8.0,-2.0,-29.0
1776887244.7511027,10.0,-2.0,-31.0
1776887244.761103,9.0,0.0,-29.0
1776887244.771103,5.0,2.0,-31.0
1776887244.781103,7.0,5.0,-28.0
1776887244.7911026,5.0,1.0,-29.0
1776887244.8011026,5.0,-2.0,-32.0
1776887244.8111026,3.0,1.0,-37.0
1776887244.8211029,4.0,0.0,-35.0
1776887244.8311028,2.0,-5.0,-36.0
1776887244.8411028,0.0,0.0,-37.0
1776887244.8511028,4.0,0.0,-41.0
1776887244.8611028,5.0,-1.0,-38.0
1776887244.8711028,1.0,-2.0,-33.0
1776887244.8811028,0.0,-2.0,-30.0
1776887244.8911028,-1.0,-6.0,-32.0
1776887244.9011028,-2.0,-4.0,-31.0
1776887244.9111028,0.0,-5.0,-30.0
1776887244.9211028,3.0,-3.0,-29.0
1776887244.9311028,5.0,-1.0,-33.0
1776887244.9411027,4.0,0.0,-38.0
1776887244.9511027,9.0,-2.0,-42.0
1776887244.9611027,7.0,0.0,-41.0
1776887244.9711027,6.0,5.0,-42.0
1776887244.9811027,7.0,8.0,-43.0
1776887244.9911027,4.0,5.0,-47.0
1776887245.0011027,3.0,2.0,-44.0
1776887245.011103,-2.0,5.0,-40.0
1776887245.021103,-3.0,5.0,-43.0
1776887245.031103,-10.0,1.0,-45.0
1776887245.0411026,-9.0,-1.0,-43.0
1776887245.0511026,-1.0,-1.0,-45.0
1776887245.0611026,0.0,0.0,-44.0
1776887245.0711029,-7.0,-3.0,-47.0
1776887245.0811028,-8.0,-2.0,-41.0
1776887245.0911028,-4.0,-1.0,-38.0
1776887245.1011028,-4.0,-4.0,-36.0
1776887245.1111028,-1.0,-6.0,-30.0
1776887245.1211028,-6.0,-8.0,-26.0
1776887245.1311028,-5.0,-2.0,-28.0
1776887245.1411028,-4.0,-1.0,-37.0
1776887245.1511028,-6.0,-6.0,-42.0
1776887245.1611028,-7.0,-7.0,-40.0
1776887245.1711028,0.0,-4.0,-41.0
1776887245.1811028,0.0,-5.0,-46.0
1776887245.1911027,-1.0,-2.0,-50.0
1776887245.2011027,0.0,-3.0,-53.0
1776887245.2111027,1.0,-1.0,-49.0
1776887245.2211027,-3.0,-2.0,-45.0
1776887245.2311027,-2.0,-2.0,-44.0
1776887245.2411027,-5.0,-1.0,-43.0
1776887245.2511027,-4.0,-7.0,-42.0
1776887245.261103,-3.0,-5.0,-40.0
1776887245.271103,-8.0,-2.0,-39.0
1776887245.281103,-7.0,-5.0,-45.0
1776887245.2911026,-7.0,0.0,-45.0
1776887245.3011026,-2.0,0.0,-46.0
1776887245.3111026,1.0,0.0,-42.0
1776887245.3211029,4.0,-1.0,-34.0
1776887245.3311028,3.0,-4.0,-30.0
1776887245.3411028,0.0,-6.0,-28.0
1776887245.3511028,4.0,-5.0,-24.0
1776887245.3611028,4.0,-7.0,-32.0
1776887245.3711028,3.0,-6.0,-33.0
1776887245.3811028,2.0,-5.0,-33.0
1776887245.3911028,0.0,-4.0,-29.0
1776887245.4011028,-2.0,-4.0,-26.0
1776887245.4111028,0.0,-1.0,-28.0
1776887245.4211028,-3.0,0.0,-30.0
1776887245.4311028,-5.0,0.0,-32.0
1776887245.4411027,-4.0,-2.0,-31.0
1776887245.4511027,-4.0,-2.0,-33.0
1776887245.4611027,-3.0,-3.0,-26.0
1776887245.4711027,-2.0,-2.0,-28.0
1776887245.4811027,-4.0,-4.0,-34.0
1776887245.4911027,-10.0,-1.0,-35.0
1776887245.5011027,-6.0,-3.0,-39.0
1776887245.511103,-5.0,-2.0,-40.0
1776887245.521103,-3.0,-3.0,-37.0
1776887245.531103,2.0,-5.0,-35.0
1776887245.5411026,1.0,-1.0,-32.0
1776887245.5511026,1.0,1.0,-29.0
1776887245.5611026,0.0,4.0,-27.0
1776887245.5711029,0.0,0.0,-36.0
1776887245.5811028,0.0,-1.0,-33.0
1776887245.5911028,5.0,-1.0,-31.0
1776887245.6011028,2.0,0.0,-35.0
1776887245.6111028,3.0,1.0,-40.0
1776887245.6211028,4.0,-1.0,-36.0
1776887245.6311028,5.0,2.0,-41.0
1776887245.6411028,5.0,1.0,-41.0
1776887245.6511028,5.0,2.0,-41.0
1776887245.6611028,12.0,-3.0,-41.0
1776887245.6711028,6.0,-2.0,-38.0
1776887245.6811028,3.0,0.0,-33.0
1776887245.6911027,5.0,4.0,-35.0
1776887245.7011027,1.0,1.0,-34.0
1776887245.7111027,-2.0,0.0,-26.0
1776887245.7211027,0.0,3.0,-28.0
1776887245.7311027,2.0,0.0,-33.0
1776887245.7411027,3.0,-5.0,-43.0
1776887245.7511027,0.0,-6.0,-41.0
1776887245.761103,1.0,-7.0,-39.0
1776887245.771103,3.0,-4.0,-31.0
1776887245.781103,0.0,-6.0,-30.0
1776887245.7911026,1.0,-3.0,-44.0
1776887245.8011026,4.0,-5.0,-46.0
1776887245.8111026,4.0,-6.0,-43.0
1776887245.8211029,6.0,-9.0,-43.0
1776887245.8311028,3.0,-6.0,-45.0
1776887245.8411028,2.0,-7.0,-45.0
1776887245.8511028,2.0,-5.0,-47.0
1776887245.8611028,2.0,-3.0,-45.0
1776887245.8711028,-2.0,-4.0,-42.0
1776887245.8811028,-2.0,-4.0,-41.0
1776887245.8921027,0.0,0.0,-36.0
1776887245.9021027,5.0,3.0,-39.0
1776887245.9111028,6.0,4.0,-43.0
1776887245.9221027,7.0,1.0,-39.0
1776887245.932103,6.0,1.0,-38.0
1776887245.942103,3.0,2.0,-43.0
1776887245.952103,6.0,5.0,-37.0
1776887245.962103,3.0,6.0,-42.0
1776887245.9721026,3.0,5.0,-43.0
1776887245.9821026,1.0,4.0,-38.0
1776887245.9921026,-1.0,6.0,-33.0
1776887246.0021029,-8.0,4.0,-42.0
1776887246.0121028,-6.0,0.0,-42.0
1776887246.0221028,-4.0,1.0,-42.0
1776887246.0321028,-7.0,-3.0,-43.0
1776887246.0421028,-6.0,-3.0,-43.0
1776887246.0521028,-2.0,-5.0,-46.0
1776887246.0621028,-3.0,-7.0,-48.0
1776887246.0721028,0.0,-5.0,-46.0
1776887246.0821028,0.0,-9.0,-42.0
1776887246.0921028,-1.0,-2.0,-45.0
1776887246.1021028,-1.0,1.0,-44.0
1776887246.1121027,2.0,2.0,-40.0
1776887246.1221027,0.0,2.0,-38.0
1776887246.1321027,-4.0,4.0,-43.0
1776887246.1421027,0.0,3.0,-37.0
1776887246.1521027,0.0,5.0,-33.0
1776887246.1621027,7.0,2.0,-32.0
1776887246.1721027,2.0,-3.0,-33.0
1776887246.182103,1.0,-5.0,-34.0
1776887246.192103,2.0,-7.0,-41.0
1776887246.202103,2.0,-7.0,-46.0
1776887246.212103,5.0,-6.0,-44.0
1776887246.2221026,6.0,-5.0,-44.0
1776887246.2321026,2.0,-6.0,-40.0
1776887246.2421026,3.0,-7.0,-40.0
1776887246.2521029,3.0,-7.0,-34.0
1776887246.2621028,5.0,-6.0,-34.0
1776887246.2721028,2.0,-7.0,-28.0
1776887246.2821028,-4.0,-9.0,-23.0
1776887246.2921028,-2.0,-10.0,-27.0
1776887246.3021028,-1.0,-11.0,-24.0
1776887246.3121028,-1.0,-14.0,-21.0
1776887246.3221028,-5.0,-8.0,-26.0
1776887246.3321028,-2.0,-7.0,-20.0
1776887246.3421028,1.0,-4.0,-21.0
1776887246.3521028,2.0,-6.0,-30.0
1776887246.3621027,-1.0,-8.0,-36.0
1776887246.3721027,1.0,-7.0,-38.0
1776887246.3821027,2.0,-11.0,-30.0
1776887246.3921027,3.0,-7.0,-32.0
1776887246.4021027,0.0,-7.0,-30.0
1776887246.4121027,-2.0,-7.0,-30.0
1776887246.4221027,-2.0,-6.0,-29.0
1776887246.432103,3.0,-4.0,-30.0
1776887246.442103,5.0,-3.0,-32.0
1776887246.452103,1.0,-2.0,-35.0
1776887246.462103,1.0,-6.0,-36.0
1776887246.4721026,3.0,-7.0,-41.0
1776887246.4821026,7.0,-5.0,-37.0
1776887246.4921026,6.0,-6.0,-37.0
1776887246.5021029,0.0,-5.0,-35.0
1776887246.5121028,-2.0,0.0,-38.0
1776887246.5221028,-2.0,0.0,-34.0
1776887246.5321028,-3.0,-1.0,-31.0
1776887246.5421028,-2.0,-2.0,-32.0
1776887246.5521028,-1.0,-1.0,-37.0
1776887246.5621028,2.0,-1.0,-35.0
1776887246.5721028,3.0,0.0,-36.0
1776887246.5821028,-1.0,-4.0,-37.0
1776887246.5921028,-1.0,-5.0,-44.0
1776887246.6021028,-1.0,-8.0,-47.0
1776887246.6121027,-1.0,-4.0,-41.0
1776887246.6221027,0.0,0.0,-40.0
1776887246.6321027,2.0,2.0,-37.0
1776887246.6421027,3.0,0.0,-33.0
1776887246.6521027,0.0,-2.0,-29.0
1776887246.6621027,0.0,-1.0,-29.0
1776887246.6721027,-4.0,-3.0,-33.0
1776887246.682103,0.0,-3.0,-32.0
1776887246.692103,2.0,-2.0,-24.0
1776887246.702103,1.0,-4.0,-23.0
1776887246.712103,1.0,-1.0,-24.0
1776887246.7221026,1.0,0.0,-27.0
1776887246.7321026,0.0,1.0,-26.0
1776887246.7421026,0.0,-1.0,-31.0
1776887246.7521029,0.0,-3.0,-25.0
1776887246.7621028,3.0,-1.0,-20.0
1776887246.7721028,3.0,-3.0,-22.0
1776887246.7821028,0.0,-1.0,-20.0
1776887246.7921028,4.0,-2.0,-23.0
1776887246.8021028,1.0,0.0,-28.0
1776887246.8121028,0.0,-4.0,-29.0
1776887246.8221028,1.0,-4.0,-33.0
1776887246.8321028,0.0,-3.0,-35.0
1776887246.8421028,0.0,0.0,-36.0
1776887246.8521028,0.0,2.0,-39.0
1776887246.8621027,0.0,2.0,-33.0
1776887246.8721027,3.0,0.0,-31.0
1776887246.8821027,0.0,0.0,-32.0
1776887246.8921027,0.0,-1.0,-33.0
1776887246.9021027,3.0,0.0,-38.0
1776887246.9121027,2.0,2.0,-35.0
1776887246.9221027,1.0,-1.0,-33.0
1776887246.932103,-2.0,-2.0,-34.0
1776887246.942103,-6.0,-6.0,-40.0
1776887246.952103,-7.0,-7.0,-45.0
1776887246.962103,-3.0,-7.0,-43.0
1776887246.9721026,-2.0,-3.0,-40.0
1776887246.9821026,0.0,0.0,-33.0
1776887246.9921026,0.0,-2.0,-30.0
1776887247.0021029,2.0,-1.0,-30.0
1776887247.0121028,6.0,-3.0,-37.0
1776887247.0221028,8.0,-3.0,-31.0
1776887247.0321028,8.0,-3.0,-32.0
1776887247.0421028,5.0,-8.0,-36.0
1776887247.0521028,6.0,-6.0,-34.0
1776887247.0621028,3.0,-2.0,-32.0
1776887247.0721028,0.0,-2.0,-31.0
1776887247.0821028,-2.0,2.0,-29.0
1776887247.0921028,2.0,-1.0,-31.0
1776887247.1021028,3.0,-2.0,-30.0
1776887247.1121027,2.0,-1.0,-34.0
1776887247.1221027,-1.0,-2.0,-47.0
1776887247.1321027,-2.0,-5.0,-53.0
1776887247.1421027,-6.0,-4.0,-49.0
1776887247.1521027,-5.0,-3.0,-51.0
1776887247.1621027,-6.0,-1.0,-46.0
1776887247.1721027,-4.0,-5.0,-43.0
1776887247.182103,-3.0,-5.0,-39.0
1776887247.192103,-3.0,-4.0,-36.0
1776887247.202103,-4.0,-2.0,-35.0
1776887247.212103,-5.0,0.0,-36.0
1776887247.2221026,-5.0,3.0,-34.0
1776887247.2321026,1.0,5.0,-36.0
1776887247.2421026,5.0,5.0,-37.0
1776887247.2521029,4.0,2.0,-29.0
1776887247.2621028,2.0,5.0,-29.0
1776887247.2721028,4.0,7.0,-34.0
1776887247.2821028,2.0,4.0,-36.0
1776887247.2921028,0.0,0.0,-40.0
1776887247.3021028,0.0,0.0,-41.0
1776887247.3121028,0.0,3.0,-40.0
1776887247.3221028,-1.0,2.0,-45.0
1776887247.3321028,-1.0,-1.0,-43.0
1776887247.3421028,0.0,-5.0,-42.0
1776887247.3521028,-5.0,-1.0,-38.0
1776887247.3621027,-3.0,-3.0,-37.0
1776887247.3721027,3.0,-8.0,-37.0
1776887247.3821027,5.0,-11.0,-43.0
1776887247.3921027,4.0,-10.0,-41.0
1776887247.4021027,0.0,-8.0,-42.0
1776887247.4121027,2.0,-6.0,-38.0
1776887247.4221027,4.0,-3.0,-30.0
1776887247.432103,5.0,-5.0,-33.0
1776887247.442103,0.0,-5.0,-28.0
1776887247.452103,-1.0,0.0,-26.0
1776887247.462103,0.0,1.0,-23.0
1776887247.4721026,5.0,3.0,-20.0
1776887247.4821026,0.0,1.0,-26.0
1776887247.4921026,-2.0,-2.0,-25.0
1776887247.5021029,-2.0,-1.0,-23.0
1776887247.5121028,1.0,-1.0,-27.0
1776887247.5221028,-2.0,-1.0,-29.0
1776887247.5321028,1.0,2.0,-25.0
1776887247.5421028,4.0,0.0,-30.0
1776887247.5521028,5.0,-2.0,-31.0
1776887247.5621028,5.0,-5.0,-30.0
1776887247.5721028,2.0,-4.0,-32.0
1776887247.5821028,0.0,-5.0,-36.0
1776887247.5921028,-4.0,-1.0,-34.0
1776887247.6021028,-5.0,-2.0,-38.0
1776887247.6121027,-6.0,-6.0,-34.0
1776887247.6221027,-7.0,-9.0,-32.0
1776887247.6321027,-8.0,-11.0,-41.0
1776887247.6421027,-10.0,-10.0,-39.0
1776887247.6521027,-7.0,-5.0,-45.0
1776887247.6621027,-6.0,-4.0,-46.0
1776887247.6721027,-5.0,-10.0,-44.0
1776887247.682103,-2.0,-12.0,-37.0
1776887247.692103,-5.0,-10.0,-37.0
1776887247.702103,-6.0,-9.0,-42.0
1776887247.712103,-6.0,-4.0,-36.0
1776887247.7221026,-2.0,-4.0,-35.0
1776887247.7321026,2.0,-7.0,-36.0
1776887247.7421026,3.0,0.0,-38.0
1776887247.7521029,-3.0,0.0,-35.0
1776887247.7621028,-3.0,-2.0,-33.0
1776887247.7721028,-1.0,0.0,-29.0
1776887247.7821028,0.0,3.0,-32.0
1776887247.7921028,2.0,5.0,-35.0
1776887247.8021028,3.0,3.0,-38.0
1776887247.8121028,0.0,2.0,-42.0
1776887247.8221028,-3.0,1.0,-44.0
1776887247.8321028,-2.0,1.0,-39.0
1776887247.8421028,0.0,0.0,-37.0
1776887247.8521028,2.0,1.0,-34.0
1776887247.8621027,1.0,3.0,-34.0
1776887247.8721027,-3.0,2.0,-34.0
1776887247.8821027,-6.0,0.0,-31.0
1776887247.8921027,-3.0,-3.0,-31.0
1776887247.9021027,-6.0,-1.0,-24.0
1776887247.9121027,-3.0,0.0,-29.0
1776887247.9221027,-1.0,-4.0,-29.0
1776887247.932103,2.0,-5.0,-29.0
1776887247.9431028,6.0,-3.0,-32.0
1776887247.9531028,2.0,-3.0,-34.0
1776887247.9631028,-2.0,-5.0,-37.0
1776887247.9731028,-2.0,-3.0,-30.0
1776887247.9831028,-1.0,3.0,-32.0
1776887247.9931028,0.0,2.0,-36.0
1776887248.0031028,2.0,1.0,-37.0
1776887248.0131028,3.0,-1.0,-37.0
1776887248.0231028,0.0,0.0,-41.0
1776887248.0331028,1.0,2.0,-41.0
1776887248.0431027,-2.0,0.0,-37.0
1776887248.0531027,0.0,-1.0,-32.0
1776887248.0631027,3.0,0.0,-35.0
1776887248.0731027,10.0,0.0,-35.0
1776887248.0831027,8.0,1.0,-34.0
1776887248.0931027,8.0,0.0,-34.0
1776887248.1031027,7.0,-2.0,-29.0
1776887248.113103,5.0,-4.0,-32.0
1776887248.123103,6.0,-2.0,-36.0
1776887248.133103,8.0,-4.0,-32.0
1776887248.1431026,11.0,-2.0,-30.0
1776887248.1531026,8.0,-5.0,-33.0
1776887248.1631026,8.0,-4.0,-38.0
1776887248.1731029,8.0,-6.0,-36.0
1776887248.1831028,7.0,-5.0,-35.0
1776887248.1931028,6.0,-5.0,-42.0
1776887248.2031028,6.0,-5.0,-40.0
1776887248.2131028,0.0,-8.0,-36.0
1776887248.2231028,-5.0,-8.0,-41.0
1776887248.2331028,-7.0,-8.0,-34.0
1776887248.2431028,-7.0,-7.0,-29.0
1776887248.2531028,-5.0,-5.0,-32.0
1776887248.2631028,-2.0,-7.0,-34.0
1776887248.2731028,-7.0,-5.0,-29.0
1776887248.2831028,-2.0,-7.0,-36.0
1776887248.2931027,-4.0,-8.0,-38.0
1776887248.3031027,0.0,-6.0,-41.0
1776887248.3131027,1.0,-4.0,-43.0
1776887248.3231027,2.0,-6.0,-41.0
1776887248.3331027,3.0,-2.0,-40.0
1776887248.3431027,3.0,-1.0,-37.0
1776887248.3531027,4.0,-5.0,-43.0
1776887248.363103,5.0,-8.0,-42.0
1776887248.373103,4.0,-10.0,-43.0
1776887248.383103,5.0,-9.0,-38.0
1776887248.3931026,6.0,-9.0,-39.0
1776887248.4031026,6.0,-13.0,-33.0
1776887248.4131026,4.0,-10.0,-32.0
1776887248.4231029,1.0,-11.0,-31.0
1776887248.4331028,2.0,-9.0,-37.0
1776887248.4431028,5.0,-6.0,-36.0
1776887248.4531028,1.0,-6.0,-41.0
1776887248.4631028,3.0,-4.0,-39.0
1776887248.4731028,3.0,-4.0,-45.0
1776887248.4831028,3.0,-2.0,-46.0
1776887248.4931028,4.0,-3.0,-43.0
1776887248.5031028,6.0,-5.0,-35.0
1776887248.5131028,6.0,-1.0,-27.0
1776887248.5231028,4.0,-1.0,-26.0
1776887248.5331028,5.0,-3.0,-24.0
1776887248.5431027,6.0,0.0,-26.0
1776887248.5531027,5.0,-1.0,-22.0
1776887248.5631027,4.0,-6.0,-24.0
1776887248.5731027,5.0,-5.0,-33.0
1776887248.5831027,0.0,-9.0,-35.0
1776887248.5931027,2.0,-8.0,-38.0
1776887248.6031027,2.0,-6.0,-44.0
1776887248.613103,0.0,-2.0,-42.0
1776887248.623103,0.0,0.0,-42.0
1776887248.633103,3.0,0.0,-41.0
1776887248.6431026,1.0,2.0,-42.0
1776887248.6531026,1.0,1.0,-47.0
1776887248.6631026,0.0,-1.0,-48.0
1776887248.6731029,1.0,-6.0,-42.0
1776887248.6831028,3.0,-1.0,-39.0
1776887248.6931028,1.0,1.0,-37.0
1776887248.7031028,-2.0,2.0,-31.0
1776887248.7131028,-5.0,2.0,-27.0
1776887248.7231028,-4.0,3.0,-31.0
1776887248.7331028,-1.0,2.0,-31.0
1776887248.7431028,2.0,2.0,-41.0
1776887248.7531028,0.0,3.0,-36.0
1776887248.7631028,0.0,4.0,-43.0
1776887248.7731028,-1.0,1.0,-38.0
1776887248.7831028,1.0,-1.0,-37.0
1776887248.7931027,-5.0,-1.0,-44.0
1776887248.8031027,-7.0,-1.0,-46.0
1776887248.8131027,-2.0,-4.0,-44.0
1776887248.8231027,0.0,-4.0,-36.0
1776887248.8331027,0.0,-5.0,-30.0
1776887248.8431027,0.0,-8.0,-29.0
1776887248.8531027,1.0,-6.0,-34.0
1776887248.863103,2.0,-5.0,-31.0
1776887248.873103,4.0,-6.0,-36.0
1776887248.883103,4.0,-4.0,-37.0
1776887248.8931026,5.0,-1.0,-34.0
1776887248.9031026,0.0,-4.0,-29.0
1776887248.9131026,1.0,-4.0,-28.0
1776887248.9231029,5.0,-5.0,-25.0
1776887248.9331028,4.0,-2.0,-27.0
1776887248.9431028,0.0,0.0,-29.0
1776887248.9531028,2.0,-2.0,-27.0
1776887248.9631028,2.0,-1.0,-32.0
1776887248.9731028,1.0,0.0,-27.0
1776887248.9831028,1.0,-5.0,-27.0
1776887248.9931028,4.0,-8.0,-26.0
1776887249.0031028,6.0,-5.0,-30.0
1776887249.0131028,2.0,-5.0,-34.0
1776887249.0231028,5.0,-4.0,-32.0
1776887249.0331028,5.0,-3.0,-25.0
1776887249.0431027,5.0,-5.0,-26.0
1776887249.0531027,4.0,-4.0,-29.0
1776887249.0631027,3.0,0.0,-27.0
1776887249.0731027,3.0,0.0,-32.0
1776887249.0831027,2.0,0.0,-29.0
1776887249.0931027,2.0,-5.0,-36.0
1776887249.1031027,8.0,-5.0,-34.0
1776887249.113103,3.0,-3.0,-38.0
1776887249.123103,-2.0,-5.0,-35.0
1776887249.133103,-1.0,-4.0,-40.0
1776887249.1431026,-1.0,-2.0,-45.0
1776887249.1531026,-3.0,0.0,-43.0
1776887249.1631026,0.0,-1.0,-37.0
1776887249.1731029,-4.0,-2.0,-33.0
1776887249.1831028,-4.0,-2.0,-28.0
1776887249.1931028,-1.0,2.0,-27.0
1776887249.2031028,-1.0,7.0,-34.0
1776887249.2131028,0.0,8.0,-31.0
1776887249.2231028,-1.0,3.0,-30.0
1776887249.2331028,4.0,2.0,-33.0
1776887249.2431028,6.0,4.0,-35.0
1776887249.2531028,3.0,2.0,-32.0
1776887249.2631028,3.0,-2.0,-34.0
1776887249.2731028,1.0,-3.0,-35.0
1776887249.2831028,-5.0,-4.0,-34.0
1776887249.2931027,-10.0,-3.0,-32.0
1776887249.3031027,-8.0,0.0,-40.0
1776887249.3131027,-9.0,1.0,-40.0
1776887249.3231027,-7.0,5.0,-39.0
1776887249.3331027,-2.0,7.0,-37.0
1776887249.3431027,-2.0,0.0,-33.0
1776887249.3531027,-7.0,0.0,-38.0
1776887249.363103,-4.0,0.0,-30.0
1776887249.373103,-2.0,1.0,-40.0
1776887249.383103,0.0,-2.0,-43.0
1776887249.3931026,1.0,-3.0,-39.0
1776887249.4031026,2.0,-4.0,-39.0
1776887249.4131026,1.0,-4.0,-33.0
1776887249.4231029,1.0,-3.0,-32.0
1776887249.4331028,3.0,-3.0,-33.0
1776887249.4431028,-1.0,-3.0,-33.0
1776887249.4531028,1.0,-2.0,-37.0
1776887249.4631028,2.0,0.0,-40.0
1776887249.4731028,-1.0,-1.0,-38.0
1776887249.4831028,1.0,-5.0,-37.0
1776887249.4931028,-4.0,-5.0,-43.0
1776887249.5031028,-4.0,-6.0,-36.0
1776887249.5131028,2.0,-6.0,-35.0
1776887249.5231028,0.0,-6.0,-41.0
1776887249.5331028,0.0,-6.0,-34.0
1776887249.5431027,-1.0,-8.0,-28.0
1776887249.5531027,-1.0,-4.0,-32.0
1776887249.5641026,-3.0,-3.0,-24.0
1776887249.5731027,-4.0,-5.0,-21.0
1776887249.5831027,-1.0,0.0,-18.0
1776887249.5931027,-1.0,-5.0,-17.0
1776887249.6031027,1.0,-6.0,-23.0
1776887249.613103,-2.0,-3.0,-23.0
1776887249.623103,-7.0,-3.0,-31.0
1776887249.633103,-6.0,-2.0,-32.0
1776887249.6431026,-5.0,-1.0,-35.0
1776887249.6531026,4.0,-4.0,-30.0
1776887249.6631026,1.0,-6.0,-30.0
1776887249.6731029,1.0,0.0,-36.0
1776887249.6831028,1.0,3.0,-38.0
1776887249.6931028,-2.0,0.0,-42.0
1776887249.7031028,-2.0,-2.0,-41.0
1776887249.7131028,-2.0,-8.0,-44.0
1776887249.7231028,-6.0,-8.0,-38.0
1776887249.7331028,-5.0,-6.0,-31.0
1776887249.7431028,-4.0,-7.0,-29.0
1776887249.7531028,-7.0,-2.0,-27.0
1776887249.7631028,-3.0,-1.0,-27.0
1776887249.7731028,2.0,0.0,-27.0
1776887249.7831028,3.0,2.0,-28.0
1776887249.7931027,0.0,1.0,-28.0
1776887249.8031027,2.0,4.0,-33.0
1776887249.8131027,0.0,4.0,-32.0
1776887249.8231027,0.0,2.0,-35.0
1776887249.8331027,2.0,-1.0,-44.0
1776887249.8431027,-1.0,-4.0,-44.0
1776887249.8531027,1.0,-7.0,-36.0
1776887249.863103,0.0,-7.0,-35.0
1776887249.873103,-3.0,-5.0,-44.0
1776887249.883103,-9.0,-4.0,-47.0
1776887249.8931026,-13.0,-8.0,-40.0
1776887249.9031026,-10.0,-4.0,-44.0
1776887249.9131026,-6.0,-2.0,-50.0
1776887249.9241028,-2.0,-1.0,-49.0
1776887249.9331028,-1.0,1.0,-43.0
1776887249.9441028,-3.0,2.0,-51.0
1776887249.9541028,0.0,0.0,-55.0
1776887249.9641027,-2.0,-3.0,-46.0
1776887249.9741027,0.0,0.0,-44.0
1776887249.9841027,-4.0,0.0,-45.0
1776887249.9941027,-2.0,0.0,-45.0
1776887250.0041027,-1.0,-4.0,-46.0
1776887250.0141027,-3.0,-5.0,-38.0
1776887250.0241027,-3.0,-6.0,-38.0
1776887250.034103,-2.0,-5.0,-41.0
1776887250.044103,0.0,-6.0,-43.0
1776887250.054103,1.0,-6.0,-38.0
1776887250.0641026,-3.0,-6.0,-37.0
1776887250.0741026,-6.0,-7.0,-33.0
1776887250.0841026,0.0,-7.0,-29.0
1776887250.0941026,0.0,-7.0,-31.0
1776887250.1041028,-1.0,-9.0,-29.0
1776887250.1141028,-1.0,-7.0,-30.0
1776887250.1241028,-2.0,-6.0,-25.0
1776887250.1341028,0.0,-2.0,-28.0
1776887250.1441028,-1.0,-1.0,-32.0
1776887250.1541028,2.0,0.0,-26.0
1776887250.1641028,5.0,2.0,-29.0
1776887250.1741028,8.0,0.0,-35.0
1776887250.1841028,4.0,0.0,-31.0
1776887250.1941028,9.0,0.0,-35.0
1776887250.2041028,8.0,-2.0,-33.0
1776887250.2141027,4.0,-1.0,-33.0
1776887250.2241027,8.0,0.0,-36.0
1776887250.2341027,11.0,-1.0,-34.0
1776887250.2441027,4.0,0.0,-41.0
1776887250.2541027,6.0,3.0,-43.0
1776887250.2641027,8.0,1.0,-43.0
1776887250.2741027,9.0,2.0,-37.0
1776887250.284103,5.0,3.0,-32.0
1776887250.294103,1.0,0.0,-27.0
1776887250.304103,0.0,0.0,-29.0
1776887250.3141026,3.0,0.0,-38.0
1776887250.3241026,2.0,3.0,-36.0
1776887250.3341026,4.0,2.0,-36.0
1776887250.3441026,3.0,2.0,-38.0
1776887250.3541028,6.0,-1.0,-46.0
1776887250.3641028,8.0,-2.0,-41.0
1776887250.3741028,13.0,1.0,-37.0
1776887250.3841028,15.0,-5.0,-32.0
1776887250.3941028,10.0,-7.0,-31.0
1776887250.4041028,7.0,-7.0,-30.0
1776887250.4141028,9.0,-7.0,-33.0
1776887250.4241028,4.0,-2.0,-33.0
1776887250.4341028,3.0,2.0,-35.0
1776887250.4441028,2.0,-5.0,-33.0
1776887250.4541028,1.0,-1.0,-35.0
1776887250.4641027,2.0,0.0,-34.0
1776887250.4741027,0.0,1.0,-37.0
1776887250.4841027,-1.0,0.0,-41.0
1776887250.4941027,0.0,0.0,-41.0
1776887250.5041027,0.0,3.0,-46.0
1776887250.5141027,0.0,2.0,-46.0
1776887250.5241027,-3.0,0.0,-43.0
1776887250.534103,0.0,0.0,-40.0
1776887250.544103,7.0,3.0,-37.0
1776887250.554103,5.0,3.0,-44.0
1776887250.5641026,1.0,2.0,-45.0
1776887250.5741026,-1.0,0.0,-44.0
1776887250.5841026,-3.0,-2.0,-42.0
1776887250.5941026,0.0,2.0,-43.0
1776887250.6041028,0.0,4.0,-38.0
1776887250.6141028,2.0,7.0,-43.0
1776887250.6241028,1.0,8.0,-42.0
1776887250.6341028,2.0,9.0,-39.0
1776887250.6441028,1.0,7.0,-38.0
1776887250.6541028,0.0,3.0,-34.0
1776887250.6641028,-4.0,2.0,-39.0
1776887250.6741028,-4.0,-1.0,-36.0
1776887250.6841028,-1.0,2.0,-34.0
1776887250.6941028,-7.0,0.0,-35.0
1776887250.7041028,-4.0,0.0,-35.0
1776887250.7141027,-2.0,1.0,-36.0
1776887250.7241027,-3.0,-1.0,-42.0
1776887250.7341027,0.0,0.0,-33.0
1776887250.7441027,-3.0,-2.0,-34.0
1776887250.7541027,-7.0,0.0,-36.0
1776887250.7641027,-3.0,-3.0,-31.0
1776887250.7741027,-4.0,-6.0,-37.0
1776887250.784103,-2.0,-8.0,-40.0
1776887250.794103,-1.0,-5.0,-43.0
1776887250.804103,3.0,-6.0,-43.0
1776887250.8141026,5.0,-11.0,-39.0
1776887250.8241026,2.0,-10.0,-42.0
1776887250.8341026,1.0,-8.0,-42.0
1776887250.8441026,-1.0,-11.0,-43.0
1776887250.8541028,0.0,-13.0,-39.0
1776887250.8641028,-1.0,-7.0,-39.0
1776887250.8741028,3.0,-6.0,-42.0
1776887250.8841028,7.0,-6.0,-42.0
1776887250.8941028,3.0,-4.0,-43.0
1776887250.9041028,4.0,-2.0,-39.0
1776887250.9141028,0.0,-1.0,-39.0
1776887250.9241028,0.0,-4.0,-37.0
1776887250.9341028,3.0,-6.0,-37.0
1776887250.9441028,3.0,-9.0,-42.0
1776887250.9541028,4.0,-8.0,-42.0
1776887250.9641027,3.0,-5.0,-46.0
1776887250.9741027,4.0,-6.0,-47.0
1776887250.9841027,5.0,-8.0,-43.0
1776887250.9941027,1.0,-5.0,-39.0
1776887251.0041027,0.0,-6.0,-40.0
1776887251.0141027,-1.0,-4.0,-41.0
1776887251.0241027,0.0,-5.0,-40.0
1776887251.034103,-1.0,-6.0,-50.0
1776887251.044103,-1.0,-6.0,-50.0
1776887251.054103,-5.0,-5.0,-47.0
1776887251.0641026,-2.0,-4.0,-43.0
1776887251.0741026,0.0,-7.0,-36.0
1776887251.0841026,1.0,-5.0,-34.0
1776887251.0941026,-3.0,-4.0,-33.0
1776887251.1041028,-3.0,-1.0,-31.0
1776887251.1141028,-1.0,2.0,-33.0
1776887251.1241028,2.0,0.0,-34.0
1776887251.1341028,-2.0,1.0,-30.0
1776887251.1441028,0.0,-1.0,-26.0
1776887251.1541028,-3.0,-4.0,-29.0
1776887251.1641028,-1.0,-3.0,-25.0
1776887251.1741028,-1.0,0.0,-24.0
1776887251.1841028,-2.0,0.0,-25.0
1776887251.1941028,1.0,4.0,-20.0
1776887251.2041028,2.0,6.0,-25.0
1776887251.2141027,2.0,4.0,-27.0
1776887251.2241027,3.0,3.0,-31.0
1776887251.2341027,4.0,5.0,-35.0
1776887251.2441027,6.0,0.0,-40.0
1776887251.2541027,7.0,0.0,-43.0
1776887251.2641027,1.0,-2.0,-37.0
1776887251.2741027,-3.0,-1.0,-37.0
1776887251.284103,-1.0,-4.0,-33.0
1776887251.294103,0.0,-6.0,-36.0
1776887251.304103,-2.0,-3.0,-35.0
1776887251.3141026,-4.0,-2.0,-27.0
1776887251.3241026,-2.0,-6.0,-26.0
1776887251.3341026,0.0,-10.0,-25.0
1776887251.3441026,-1.0,-13.0,-27.0
1776887251.3541028,-2.0,-13.0,-32.0
1776887251.3641028,4.0,-11.0,-30.0
1776887251.3741028,5.0,-12.0,-32.0
1776887251.3841028,2.0,-11.0,-29.0
1776887251.3941028,2.0,-9.0,-32.0
1776887251.4041028,3.0,-5.0,-43.0
1776887251.4141028,3.0,-7.0,-38.0
1776887251.4241028,2.0,-8.0,-39.0
1776887251.4341028,3.0,-4.0,-37.0
1776887251.4441028,1.0,-3.0,-38.0
1776887251.4541028,1.0,-4.0,-33.0
1776887251.4641027,1.0,-3.0,-31.0
1776887251.4741027,0.0,0.0,-27.0
1776887251.4841027,0.0,0.0,-26.0
1776887251.4941027,-4.0,0.0,-33.0
1776887251.5041027,-5.0,3.0,-35.0
1776887251.5141027,-4.0,2.0,-39.0
1776887251.5241027,-2.0,1.0,-43.0
1776887251.534103,0.0,2.0,-43.0
1776887251.544103,1.0,3.0,-42.0
1776887251.554103,2.0,-1.0,-35.0
1776887251.5641026,-2.0,-4.0,-35.0
1776887251.5741026,-6.0,-7.0,-31.0
1776887251.5841026,-5.0,-9.0,-40.0
1776887251.5941026,-7.0,-9.0,-37.0
1776887251.6041028,-4.0,-5.0,-41.0
1776887251.6141028,-4.0,-3.0,-41.0
1776887251.6241028,-4.0,-1.0,-35.0
1776887251.6341028,0.0,-4.0,-32.0
1776887251.6441028,0.0,-2.0,-36.0
1776887251.6541028,3.0,-7.0,-39.0
1776887251.6641028,2.0,-8.0,-36.0
1776887251.6741028,2.0,-5.0,-40.0
1776887251.6841028,1.0,-4.0,-40.0
1776887251.6941028,-1.0,-6.0,-48.0
1776887251.7041028,-2.0,-8.0,-49.0
1776887251.7141027,-3.0,-9.0,-46.0
1776887251.7241027,-9.0,-8.0,-41.0
1776887251.7341027,-10.0,-6.0,-36.0
1776887251.7441027,-6.0,-6.0,-38.0
1776887251.7541027,1.0,-1.0,-45.0
1776887251.7641027,9.0,-5.0,-48.0
1776887251.7741027,10.0,-2.0,-43.0
1776887251.784103,10.0,-4.0,-41.0
1776887251.794103,11.0,-6.0,-42.0
1776887251.804103,12.0,-7.0,-42.0
1776887251.8141026,15.0,-6.0,-34.0
1776887251.8241026,12.0,-4.0,-32.0
1776887251.8341026,9.0,-2.0,-35.0
1776887251.8441026,5.0,1.0,-33.0
1776887251.8541028,1.0,2.0,-29.0
1776887251.8641028,-3.0,1.0,-24.0
1776887251.8741028,0.0,1.0,-26.0
1776887251.8841028,-3.0,3.0,-26.0
1776887251.8951027,-3.0,0.0,-31.0
1776887251.9041028,-2.0,0.0,-31.0
1776887251.9141028,-1.0,1.0,-22.0
1776887251.9251027,3.0,0.0,-25.0
1776887251.9351027,-2.0,0.0,-30.0
1776887251.9451027,-8.0,-1.0,-35.0
1776887251.9551027,-5.0,-4.0,-40.0
1776887251.965103,-6.0,-1.0,-37.0
1776887251.975103,-1.0,0.0,-40.0
1776887251.985103,1.0,-2.0,-34.0
1776887251.9951026,2.0,-2.0,-33.0
1776887252.0051026,-1.0,-8.0,-37.0
1776887252.0151026,0.0,-3.0,-34.0
1776887252.0251029,-1.0,-5.0,-31.0
1776887252.0351028,-1.0,-3.0,-36.0
1776887252.0451028,0.0,3.0,-43.0
1776887252.0551028,0.0,3.0,-44.0
1776887252.0651028,4.0,5.0,-40.0
1776887252.0751028,5.0,7.0,-45.0
1776887252.0851028,5.0,3.0,-48.0
1776887252.0951028,3.0,2.0,-42.0
1776887252.1051028,3.0,2.0,-39.0
1776887252.1151028,1.0,2.0,-38.0
1776887252.1251028,0.0,0.0,-37.0
1776887252.1351027,-3.0,-1.0,-32.0
1776887252.1451027,-8.0,0.0,-36.0
1776887252.1551027,0.0,-2.0,-34.0
1776887252.1651027,3.0,-1.0,-32.0
1776887252.1751027,0.0,-1.0,-35.0
1776887252.1851027,2.0,2.0,-32.0
1776887252.1951027,3.0,0.0,-31.0
1776887252.2051027,-1.0,-1.0,-39.0
1776887252.215103,0.0,0.0,-40.0
1776887252.225103,0.0,-1.0,-36.0
1776887252.235103,2.0,-2.0,-36.0
1776887252.2451026,10.0,-2.0,-36.0
1776887252.2551026,9.0,-2.0,-36.0
1776887252.2651026,7.0,-4.0,-38.0
1776887252.2751029,2.0,-7.0,-45.0
1776887252.2851028,-1.0,-3.0,-46.0
1776887252.2951028,-2.0,1.0,-43.0
1776887252.3051028,-7.0,0.0,-37.0
1776887252.3151028,-8.0,2.0,-31.0
1776887252.3251028,-4.0,0.0,-30.0
1776887252.3351028,-6.0,2.0,-31.0
1776887252.3451028,-6.0,0.0,-28.0
1776887252.3551028,-2.0,4.0,-31.0
1776887252.3651028,0.0,4.0,-31.0
1776887252.3751028,1.0,5.0,-25.0
1776887252.3851027,1.0,5.0,-22.0
1776887252.3951027,5.0,1.0,-25.0
1776887252.4051027,5.0,3.0,-22.0
1776887252.4151027,1.0,0.0,-25.0
1776887252.4251027,-3.0,0.0,-25.0
1776887252.4351027,4.0,3.0,-30.0
1776887252.4451027,6.0,0.0,-30.0
1776887252.4551027,2.0,-3.0,-25.0
1776887252.465103,-2.0,4.0,-32.0
1776887252.475103,-4.0,5.0,-34.0
1776887252.485103,-2.0,4.0,-38.0
1776887252.4951026,-2.0,2.0,-36.0
1776887252.5051026,2.0,0.0,-32.0
1776887252.5151026,2.0,-2.0,-33.0
1776887252.5251029,0.0,-5.0,-32.0
1776887252.5351028,-2.0,-1.0,-36.0
1776887252.5451028,0.0,-3.0,-34.0
1776887252.5551028,-1.0,1.0,-36.0
1776887252.5651028,1.0,0.0,-36.0
1776887252.5751028,3.0,3.0,-33.0
1776887252.5851028,5.0,0.0,-28.0
1776887252.5951028,5.0,-3.0,-28.0
1776887252.6051028,4.0,-2.0,-34.0
1776887252.6151028,8.0,0.0,-35.0
1776887252.6251028,4.0,0.0,-34.0
1776887252.636103,4.0,-6.0,-30.0
1776887252.6451027,5.0,-2.0,-29.0
1776887252.6551027,7.0,0.0,-29.0
1776887252.6651027,8.0,-4.0,-37.0
1776887252.6751027,5.0,-3.0,-44.0
1776887252.6851027,8.0,-3.0,-46.0
1776887252.6951027,5.0,-4.0,-45.0
1776887252.7051027,4.0,-1.0,-43.0
1776887252.715103,9.0,-5.0,-44.0
1776887252.725103,7.0,-4.0,-52.0
1776887252.735103,7.0,-4.0,-49.0
1776887252.7451026,5.0,-4.0,-49.0
1776887252.7551026,2.0,-2.0,-45.0
1776887252.7651026,1.0,-2.0,-48.0
1776887252.7751029,0.0,-5.0,-45.0
1776887252.7851028,2.0,-5.0,-41.0
1776887252.7951028,3.0,-7.0,-42.0
1776887252.8051028,2.0,-4.0,-46.0
1776887252.8151028,3.0,-5.0,-48.0
1776887252.8251028,2.0,-4.0,-48.0
1776887252.8351028,1.0,-1.0,-47.0
1776887252.8451028,3.0,0.0,-44.0
1776887252.8551028,7.0,0.0,-48.0
1776887252.8651028,6.0,0.0,-47.0
1776887252.8751028,4.0,0.0,-43.0
1776887252.8851027,0.0,2.0,-44.0
1776887252.8951027,-3.0,0.0,-44.0
1776887252.9051027,-2.0,0.0,-43.0
1776887252.9151027,-6.0,1.0,-40.0
1776887252.9251027,-5.0,0.0,-35.0
1776887252.9351027,-2.0,1.0,-29.0
1776887252.9451027,-1.0,2.0,-30.0
1776887252.9551027,-3.0,5.0,-37.0
1776887252.965103,3.0,8.0,-34.0
1776887252.975103,4.0,8.0,-34.0
1776887252.985103,5.0,4.0,-39.0
1776887252.9951026,4.0,2.0,-38.0
1776887253.0051026,-1.0,1.0,-43.0
1776887253.0151026,-1.0,-2.0,-39.0
1776887253.0251029,1.0,-1.0,-37.0
1776887253.0351028,4.0,0.0,-40.0
1776887253.0451028,6.0,0.0,-33.0
1776887253.0551028,4.0,-2.0,-34.0
1776887253.0651028,1.0,-3.0,-36.0
1776887253.0751028,-5.0,-4.0,-32.0
1776887253.0851028,-6.0,0.0,-25.0
1776887253.0951028,-2.0,-1.0,-20.0
1776887253.1051028,-7.0,-2.0,-25.0
1776887253.1151028,-3.0,-2.0,-30.0
1776887253.1251028,0.0,-2.0,-27.0
1776887253.1351027,-8.0,-2.0,-31.0
1776887253.1451027,-10.0,0.0,-37.0
1776887253.1551027,-7.0,0.0,-43.0
1776887253.1651027,-5.0,0.0,-44.0
1776887253.1751027,-3.0,0.0,-42.0
1776887253.1851027,-1.0,2.0,-37.0
1776887253.1951027,0.0,-1.0,-37.0
1776887253.2051027,5.0,-3.0,-41.0
1776887253.215103,5.0,0.0,-46.0
1776887253.225103,1.0,0.0,-38.0
1776887253.235103,5.0,-2.0,-36.0
1776887253.2451026,7.0,-1.0,-40.0
1776887253.2551026,0.0,0.0,-39.0
1776887253.2651026,0.0,-2.0,-42.0
1776887253.2751029,0.0,-6.0,-41.0
1776887253.2851028,0.0,-8.0,-39.0
1776887253.2951028,-1.0,-4.0,-35.0
1776887253.3051028,-2.0,-5.0,-33.0
1776887253.3151028,-1.0,0.0,-37.0
1776887253.3251028,-1.0,-3.0,-33.0
1776887253.3351028,-2.0,-1.0,-32.0
1776887253.3451028,1.0,-5.0,-40.0
1776887253.3551028,0.0,-6.0,-36.0
1776887253.3651028,0.0,-1.0,-32.0
1776887253.3751028,7.0,3.0,-31.0
1776887253.3851027,7.0,1.0,-31.0
1776887253.3951027,4.0,0.0,-26.0
1776887253.4051027,2.0,-1.0,-29.0
1776887253.4151027,-1.0,-9.0,-31.0
1776887253.4251027,-1.0,-7.0,-34.0
1776887253.4351027,0.0,-8.0,-38.0
1776887253.4451027,0.0,-1.0,-43.0
1776887253.4551027,4.0,4.0,-43.0
1776887253.465103,5.0,1.0,-40.0
1776887253.475103,2.0,0.0,-48.0
1776887253.485103,1.0,1.0,-46.0
1776887253.4951026,0.0,5.0,-50.0
1776887253.5051026,0.0,4.0,-47.0
1776887253.5151026,0.0,2.0,-44.0
1776887253.5251029,-1.0,3.0,-37.0
1776887253.5351028,-2.0,-1.0,-40.0
1776887253.5451028,-2.0,-2.0,-39.0
1776887253.5551028,-1.0,-5.0,-41.0
1776887253.5651028,0.0,-4.0,-37.0
1776887253.5751028,1.0,-5.0,-31.0
1776887253.5851028,3.0,-2.0,-33.0
1776887253.5951028,4.0,-6.0,-33.0
1776887253.6051028,7.0,-6.0,-35.0
1776887253.6151028,6.0,-5.0,-32.0
1776887253.6251028,3.0,-3.0,-36.0
1776887253.6351027,1.0,-4.0,-38.0
1776887253.6451027,4.0,-4.0,-35.0
1776887253.6551027,1.0,-4.0,-36.0
1776887253.6651027,2.0,0.0,-30.0
1776887253.6751027,2.0,1.0,-28.0
1776887253.6851027,0.0,0.0,-29.0
1776887253.6951027,-1.0,-3.0,-35.0
1776887253.7051027,-3.0,-1.0,-36.0
1776887253.715103,1.0,-5.0,-42.0
1776887253.725103,7.0,-4.0,-46.0
1776887253.735103,5.0,-3.0,-44.0
1776887253.7451026,3.0,-3.0,-45.0
1776887253.7551026,0.0,-4.0,-49.0
1776887253.7651026,-1.0,-5.0,-53.0
1776887253.7751029,-1.0,-4.0,-56.0
1776887253.7851028,0.0,-2.0,-50.0
1776887253.7951028,0.0,-4.0,-46.0
1776887253.8051028,0.0,-4.0,-44.0
1776887253.8151028,0.0,0.0,-44.0
1776887253.8251028,-6.0,-1.0,-37.0
1776887253.8351028,-13.0,-4.0,-40.0
1776887253.8451028,-7.0,-2.0,-40.0
1776887253.8551028,-5.0,0.0,-37.0
1776887253.8651028,-6.0,0.0,-35.0
1776887253.8751028,-3.0,-2.0,-33.0
1776887253.8851027,-3.0,-3.0,-37.0
1776887253.8951027,-5.0,-4.0,-42.0
1776887253.9051027,-5.0,-4.0,-43.0
1776887253.9161026,-4.0,-1.0,-41.0
1776887253.9261026,-2.0,-3.0,-41.0
1776887253.9361026,-4.0,-7.0,-41.0
1776887253.9461029,-1.0,-8.0,-42.0
1776887253.9561028,0.0,-9.0,-36.0
1776887253.9661028,3.0,-7.0,-39.0
1776887253.9761028,7.0,-4.0,-36.0
1776887253.9861028,8.0,-4.0,-38.0
1776887253.9961028,8.0,-2.0,-45.0
1776887254.0061028,6.0,0.0,-48.0
1776887254.0161028,7.0,3.0,-45.0
1776887254.0261028,1.0,0.0,-43.0
1776887254.0361028,0.0,-1.0,-40.0
1776887254.0461028,1.0,-1.0,-43.0
1776887254.0561028,2.0,-4.0,-40.0
1776887254.0661027,0.0,-1.0,-46.0
1776887254.0761027,-1.0,-5.0,-43.0
1776887254.0861027,-2.0,0.0,-44.0
1776887254.0961027,-1.0,0.0,-43.0
1776887254.1061027,0.0,0.0,-39.0
1776887254.1161027,0.0,-2.0,-38.0
1776887254.1261027,2.0,-3.0,-37.0
1776887254.136103,0.0,-3.0,-39.0
1776887254.146103,0.0,0.0,-43.0
1776887254.156103,3.0,0.0,-46.0
1776887254.1661026,5.0,-1.0,-52.0
1776887254.1761026,0.0,-1.0,-49.0
1776887254.1861026,-5.0,-2.0,-49.0
1776887254.1961029,-3.0,-8.0,-48.0
1776887254.2061028,-2.0,-8.0,-43.0
1776887254.2161028,-2.0,-7.0,-47.0
1776887254.2261028,-1.0,-7.0,-46.0
1776887254.2361028,0.0,-6.0,-44.0
1776887254.2461028,0.0,-3.0,-42.0
1776887254.2561028,1.0,0.0,-38.0
1776887254.2661028,0.0,0.0,-39.0
1776887254.2761028,1.0,1.0,-36.0
1776887254.2861028,3.0,0.0,-33.0
1776887254.2961028,5.0,-3.0,-36.0
1776887254.3061028,2.0,-6.0,-40.0
1776887254.3161027,0.0,-3.0,-41.0
1776887254.3261027,-2.0,-1.0,-40.0
1776887254.3361027,0.0,-3.0,-38.0
1776887254.3461027,3.0,-2.0,-38.0
1776887254.3561027,4.0,-6.0,-36.0
1776887254.3661027,4.0,0.0,-33.0
1776887254.3761027,2.0,-1.0,-34.0
1776887254.386103,5.0,-7.0,-37.0
1776887254.396103,9.0,-5.0,-39.0
1776887254.406103,9.0,-7.0,-33.0
1776887254.4161026,9.0,-7.0,-33.0
1776887254.4261026,8.0,-7.0,-36.0
1776887254.4361026,7.0,-10.0,-35.0
1776887254.4461029,5.0,-11.0,-39.0
1776887254.4561028,0.0,-9.0,-43.0
1776887254.4661028,0.0,-6.0,-33.0
1776887254.4761028,-2.0,-7.0,-25.0
1776887254.4861028,0.0,-8.0,-32.0
1776887254.4961028,0.0,-4.0,-36.0
1776887254.5061028,3.0,-4.0,-41.0
1776887254.5161028,5.0,-4.0,-34.0
1776887254.5261028,9.0,-5.0,-33.0
1776887254.5361028,7.0,-5.0,-36.0
1776887254.5461028,2.0,-1.0,-29.0
1776887254.5561028,0.0,-1.0,-33.0
1776887254.5661027,1.0,-2.0,-36.0
1776887254.5761027,5.0,2.0,-32.0
1776887254.5861027,4.0,1.0,-40.0
1776887254.5961027,0.0,1.0,-37.0
1776887254.6061027,0.0,-1.0,-32.0
1776887254.6161027,0.0,-4.0,-28.0
1776887254.6261027,1.0,-1.0,-32.0
1776887254.636103,2.0,0.0,-36.0
1776887254.646103,3.0,-1.0,-42.0
1776887254.656103,5.0,-6.0,-37.0
1776887254.6661026,3.0,-4.0,-39.0
1776887254.6761026,3.0,-3.0,-35.0
1776887254.6861026,0.0,-3.0,-37.0
1776887254.6961029,1.0,-4.0,-36.0
1776887254.7061028,0.0,-5.0,-39.0
1776887254.7161028,-1.0,-1.0,-40.0
1776887254.7261028,0.0,2.0,-43.0
1776887254.7361028,1.0,0.0,-41.0
1776887254.7461028,1.0,0.0,-41.0
1776887254.7561028,-1.0,1.0,-46.0
1776887254.7661028,1.0,0.0,-47.0
1776887254.7761028,1.0,0.0,-44.0
1776887254.7861028,4.0,0.0,-43.0
1776887254.7961028,3.0,0.0,-48.0
1776887254.8061028,3.0,0.0,-51.0
1776887254.8161027,1.0,1.0,-48.0
1776887254.8261027,-1.0,0.0,-45.0
1776887254.8361027,-8.0,-5.0,-45.0
1776887254.8461027,-7.0,-3.0,-48.0
1776887254.8561027,-2.0,-7.0,-44.0
1776887254.8661027,-3.0,-5.0,-39.0
1776887254.8761027,-5.0,-7.0,-39.0
1776887254.886103,-2.0,-9.0,-31.0
1776887254.896103,-3.0,-6.0,-35.0
1776887254.906103,-5.0,-5.0,-34.0
1776887254.9161026,-2.0,-5.0,-30.0
1776887254.9261026,1.0,-3.0,-31.0
1776887254.9361026,0.0,-4.0,-32.0
1776887254.9461029,0.0,0.0,-34.0
1776887254.9561028,4.0,1.0,-32.0
1776887254.9661028,5.0,0.0,-32.0
1776887254.9761028,4.0,0.0,-40.0
1776887254.9861028,-2.0,-2.0,-40.0
1776887254.9961028,-3.0,-5.0,-39.0
1776887255.0061028,-5.0,-4.0,-43.0
1776887255.0161028,-2.0,-4.0,-41.0
1776887255.0261028,0.0,0.0,-40.0
1776887255.0361028,3.0,0.0,-45.0
1776887255.0461028,2.0,2.0,-44.0
1776887255.0561028,0.0,3.0,-39.0
1776887255.0661027,0.0,4.0,-36.0
1776887255.0761027,0.0,0.0,-36.0
1776887255.0861027,0.0,0.0,-41.0
1776887255.0961027,0.0,-5.0,-40.0
1776887255.1061027,1.0,-6.0,-39.0
1776887255.1161027,4.0,-5.0,-44.0
1776887255.1261027,1.0,-4.0,-43.0
1776887255.136103,-2.0,-2.0,-34.0
1776887255.146103,1.0,-2.0,-31.0
1776887255.156103,5.0,-4.0,-27.0
1776887255.1661026,0.0,0.0,-29.0
1776887255.1761026,-3.0,0.0,-36.0
1776887255.1861026,-1.0,-2.0,-33.0
1776887255.1961029,0.0,-2.0,-40.0
1776887255.2061028,-2.0,-3.0,-49.0
1776887255.2161028,1.0,-4.0,-45.0
1776887255.2261028,3.0,-3.0,-47.0
1776887255.2361028,5.0,-4.0,-47.0
1776887255.2461028,2.0,0.0,-46.0
1776887255.2561028,-4.0,2.0,-45.0
1776887255.2661028,-4.0,1.0,-40.0
1776887255.2761028,-1.0,0.0,-37.0
1776887255.2861028,1.0,0.0,-34.0
1776887255.2961028,1.0,-1.0,-32.0
1776887255.3061028,5.0,-2.0,-40.0
1776887255.3161027,5.0,-6.0,-44.0
1776887255.3261027,4.0,-9.0,-37.0
1776887255.3361027,6.0,-11.0,-32.0
1776887255.3461027,6.0,-7.0,-33.0
1776887255.3561027,7.0,-6.0,-39.0
1776887255.3661027,4.0,-5.0,-38.0
1776887255.3761027,5.0,-3.0,-43.0
1776887255.386103,9.0,-3.0,-41.0
1776887255.396103,8.0,-6.0,-41.0
1776887255.406103,7.0,-6.0,-41.0
1776887255.4161026,0.0,-4.0,-39.0
1776887255.4261026,0.0,0.0,-39.0
1776887255.4361026,-2.0,5.0,-37.0
1776887255.4461029,2.0,3.0,-36.0
1776887255.4561028,2.0,4.0,-43.0
1776887255.4661028,0.0,0.0,-40.0
1776887255.4761028,2.0,-1.0,-38.0
1776887255.4861028,2.0,-2.0,-39.0
1776887255.4961028,3.0,-1.0,-38.0
1776887255.5061028,2.0,0.0,-46.0
1776887255.5161028,-1.0,0.0,-44.0
1776887255.5261028,-4.0,0.0,-39.0
1776887255.5361028,-4.0,-1.0,-35.0
1776887255.5461028,-5.0,-1.0,-32.0
1776887255.5561028,-6.0,0.0,-35.0
1776887255.5661027,-2.0,0.0,-44.0
1776887255.5761027,-4.0,4.0,-43.0
1776887255.5861027,-5.0,1.0,-39.0
1776887255.5961027,-2.0,-3.0,-33.0
1776887255.6061027,-1.0,-2.0,-28.0
1776887255.6161027,-2.0,0.0,-26.0
1776887255.6261027,-2.0,2.0,-25.0
1776887255.636103,-4.0,1.0,-30.0
1776887255.646103,-3.0,0.0,-33.0
1776887255.656103,1.0,1.0,-37.0
1776887255.6661026,-1.0,-2.0,-30.0
1776887255.6761026,-3.0,-2.0,-32.0
1776887255.6861026,-5.0,-1.0,-34.0
1776887255.6961029,-7.0,-2.0,-32.0
1776887255.7061028,-6.0,-5.0,-31.0
1776887255.7161028,-5.0,-7.0,-35.0
1776887255.7261028,-6.0,-2.0,-38.0
1776887255.7361028,-2.0,-6.0,-42.0
1776887255.7461028,1.0,-5.0,-37.0
1776887255.7561028,0.0,-3.0,-34.0
1776887255.7661028,-1.0,-4.0,-34.0
1776887255.7761028,0.0,-1.0,-32.0
1776887255.7861028,0.0,-1.0,-27.0
1776887255.7961028,-2.0,2.0,-25.0
1776887255.8061028,-3.0,5.0,-22.0
1776887255.8161027,-2.0,5.0,-22.0
1776887255.8261027,-3.0,0.0,-29.0
1776887255.8361027,0.0,3.0,-29.0
1776887255.8461027,5.0,8.0,-39.0
1776887255.8561027,6.0,6.0,-41.0
1776887255.8661027,0.0,0.0,-44.0
1776887255.8761027,0.0,2.0,-40.0
1776887255.886103,-3.0,0.0,-46.0
1776887255.896103,2.0,0.0,-45.0
1776887255.906103,0.0,-2.0,-47.0
1776887255.9171028,2.0,-5.0,-44.0
1776887255.9261026,5.0,-5.0,-45.0
1776887255.9371028,6.0,-4.0,-40.0
1776887255.9471028,6.0,-3.0,-41.0
1776887255.9571028,5.0,-3.0,-38.0
1776887255.9671028,8.0,-3.0,-34.0
1776887255.9771028,8.0,-1.0,-24.0
1776887255.9871027,6.0,-1.0,-20.0
1776887255.9971027,4.0,-2.0,-23.0
1776887256.0071027,2.0,0.0,-23.0
1776887256.0171027,0.0,0.0,-22.0
1776887256.0271027,0.0,0.0,-31.0
1776887256.0371027,-2.0,-1.0,-33.0
1776887256.0471027,0.0,1.0,-37.0
1776887256.057103,0.0,-1.0,-41.0
1776887256.067103,2.0,0.0,-38.0
1776887256.077103,1.0,0.0,-38.0
1776887256.087103,-4.0,-1.0,-34.0
1776887256.0971026,-1.0,4.0,-31.0
1776887256.1071026,3.0,2.0,-27.0
1776887256.1171026,4.0,4.0,-32.0
1776887256.1271029,5.0,7.0,-30.0
1776887256.1371028,3.0,7.0,-36.0
1776887256.1471028,3.0,3.0,-46.0
1776887256.1571028,5.0,4.0,-46.0
1776887256.1671028,4.0,2.0,-48.0
1776887256.1771028,5.0,-3.0,-50.0
1776887256.1871028,3.0,0.0,-54.0
1776887256.1971028,-3.0,4.0,-45.0
1776887256.2071028,-1.0,4.0,-41.0
1776887256.2171028,-1.0,3.0,-39.0
1776887256.2271028,-2.0,1.0,-34.0
1776887256.2371027,-1.0,-3.0,-29.0
1776887256.2471027,1.0,-7.0,-36.0
1776887256.2571027,2.0,-5.0,-35.0
1776887256.2671027,0.0,-3.0,-40.0
1776887256.2771027,0.0,-5.0,-38.0
1776887256.2871027,0.0,-8.0,-37.0
1776887256.2971027,1.0,-10.0,-40.0
1776887256.307103,0.0,-5.0,-37.0
1776887256.317103,-2.0,-4.0,-35.0
1776887256.327103,-6.0,-4.0,-37.0
1776887256.337103,0.0,0.0,-40.0
1776887256.3471026,4.0,0.0,-45.0
1776887256.3571026,4.0,-1.0,-51.0
1776887256.3671026,5.0,0.0,-47.0
1776887256.3771029,6.0,-2.0,-41.0
1776887256.3871028,3.0,-6.0,-32.0
1776887256.3971028,5.0,-1.0,-35.0
1776887256.4071028,5.0,-2.0,-35.0
1776887256.4171028,1.0,-4.0,-31.0
1776887256.4271028,0.0,-1.0,-26.0
1776887256.4371028,1.0,0.0,-29.0
1776887256.4471028,1.0,0.0,-33.0
1776887256.4571028,-2.0,-1.0,-34.0
1776887256.4671028,0.0,0.0,-34.0
1776887256.4771028,4.0,2.0,-37.0
1776887256.4871027,0.0,2.0,-36.0
1776887256.4971027,0.0,3.0,-32.0
1776887256.5071027,2.0,1.0,-31.0
1776887256.5171027,4.0,5.0,-26.0
1776887256.5271027,4.0,4.0,-26.0
1776887256.5371027,6.0,2.0,-28.0
1776887256.5471027,2.0,0.0,-24.0
1776887256.557103,2.0,-1.0,-26.0
1776887256.567103,3.0,-4.0,-30.0
1776887256.577103,7.0,-3.0,-33.0
1776887256.587103,3.0,-5.0,-34.0
1776887256.5971026,5.0,0.0,-35.0
1776887256.6071026,7.0,0.0,-35.0
1776887256.6171026,5.0,-1.0,-34.0
1776887256.6271029,1.0,-5.0,-35.0
1776887256.6371028,0.0,-7.0,-30.0
1776887256.6471028,-2.0,-4.0,-34.0
1776887256.6571028,0.0,-2.0,-32.0
1776887256.6671028,3.0,-1.0,-27.0
1776887256.6771028,-1.0,0.0,-29.0
1776887256.6871028,-6.0,0.0,-27.0
1776887256.6971028,-5.0,-5.0,-25.0
1776887256.7071028,-2.0,-1.0,-28.0
1776887256.7171028,0.0,-2.0,-30.0
1776887256.7271028,2.0,0.0,-32.0
1776887256.7371027,2.0,0.0,-27.0
1776887256.7471027,-3.0,3.0,-29.0
1776887256.7571027,-2.0,1.0,-30.0
1776887256.7671027,2.0,2.0,-31.0
1776887256.7771027,-3.0,3.0,-31.0
1776887256.7871027,-4.0,3.0,-35.0
1776887256.7971027,-1.0,2.0,-33.0
1776887256.807103,0.0,1.0,-35.0
1776887256.817103,5.0,0.0,-36.0
1776887256.827103,1.0,0.0,-37.0
1776887256.837103,1.0,-3.0,-36.0
1776887256.8471026,-2.0,-4.0,-37.0
1776887256.8571026,-5.0,-4.0,-37.0
1776887256.8671026,-2.0,-2.0,-39.0
1776887256.8771029,-2.0,-1.0,-34.0
1776887256.8871028,-1.0,0.0,-32.0
1776887256.8971028,-1.0,0.0,-32.0
1776887256.9071028,-1.0,2.0,-26.0
1776887256.9171028,-1.0,0.0,-34.0
1776887256.9271028,-2.0,-2.0,-37.0
1776887256.9371028,-4.0,-2.0,-32.0
1776887256.9471028,-1.0,-1.0,-27.0
1776887256.9571028,0.0,0.0,-25.0
1776887256.9671028,0.0,-1.0,-30.0
1776887256.9771028,-1.0,0.0,-30.0
1776887256.9871027,-5.0,0.0,-35.0
1776887256.9971027,-2.0,-5.0,-37.0
1776887257.0071027,0.0,-4.0,-40.0
1776887257.0171027,4.0,-5.0,-33.0
1776887257.0271027,1.0,-3.0,-31.0
1776887257.0371027,0.0,-4.0,-33.0
1776887257.0471027,2.0,-3.0,-32.0
1776887257.057103,2.0,-6.0,-33.0
1776887257.067103,4.0,-6.0,-32.0
1776887257.077103,3.0,-7.0,-28.0
1776887257.087103,2.0,-2.0,-28.0
1776887257.0971026,1.0,-5.0,-30.0
1776887257.1071026,0.0,-9.0,-33.0
1776887257.1171026,-6.0,-8.0,-32.0
1776887257.1271029,-2.0,-8.0,-27.0
1776887257.1371028,1.0,-5.0,-28.0
1776887257.1471028,-1.0,-5.0,-30.0
1776887257.1571028,0.0,-10.0,-29.0
1776887257.1671028,3.0,-11.0,-35.0
1776887257.1771028,0.0,-10.0,-41.0
1776887257.1871028,2.0,-8.0,-34.0
1776887257.1971028,5.0,-9.0,-30.0
1776887257.2071028,8.0,-3.0,-28.0
1776887257.2171028,10.0,-2.0,-31.0
1776887257.2271028,4.0,-1.0,-31.0
1776887257.2371027,-3.0,-1.0,-34.0
1776887257.2471027,-5.0,-2.0,-33.0
1776887257.2571027,-4.0,1.0,-37.0
1776887257.2671027,-5.0,2.0,-31.0
1776887257.2771027,-5.0,5.0,-38.0
1776887257.2871027,-6.0,2.0,-33.0
1776887257.2971027,-13.0,4.0,-31.0
1776887257.307103,-10.0,7.0,-35.0
1776887257.317103,-4.0,5.0,-30.0
1776887257.327103,-8.0,2.0,-27.0
1776887257.337103,-6.0,0.0,-27.0
1776887257.3471026,-5.0,0.0,-30.0
1776887257.3571026,0.0,1.0,-32.0
1776887257.3671026,-3.0,2.0,-38.0
1776887257.3771029,-3.0,3.0,-35.0
1776887257.3871028,-1.0,0.0,-31.0
1776887257.3971028,2.0,1.0,-31.0
1776887257.4071028,-2.0,5.0,-37.0
1776887257.4171028,0.0,7.0,-41.0
1776887257.4271028,0.0,8.0,-43.0
1776887257.4371028,-1.0,3.0,-42.0
1776887257.4471028,0.0,1.0,-36.0
1776887257.4571028,0.0,0.0,-34.0
1776887257.4671028,1.0,0.0,-35.0
1776887257.4771028,2.0,2.0,-39.0
1776887257.4871027,1.0,4.0,-41.0
1776887257.4971027,0.0,3.0,-43.0
1776887257.5071027,1.0,0.0,-42.0
1776887257.5171027,0.0,0.0,-44.0
1776887257.5271027,0.0,0.0,-39.0
1776887257.5371027,2.0,0.0,-41.0
1776887257.5471027,10.0,2.0,-39.0
1776887257.557103,4.0,3.0,-38.0
1776887257.567103,4.0,6.0,-38.0
1776887257.577103,3.0,2.0,-39.0
1776887257.587103,1.0,0.0,-33.0
1776887257.5971026,0.0,1.0,-34.0
1776887257.6071026,4.0,1.0,-33.0
1776887257.6171026,6.0,0.0,-41.0
1776887257.6271029,2.0,-5.0,-38.0
1776887257.6371028,1.0,-4.0,-34.0
1776887257.6471028,-2.0,-1.0,-33.0
1776887257.6571028,-2.0,-2.0,-39.0
1776887257.6671028,5.0,-5.0,-41.0
1776887257.6771028,4.0,-1.0,-44.0
1776887257.6871028,6.0,-4.0,-44.0
1776887257.6971028,2.0,-5.0,-41.0
1776887257.7071028,2.0,-3.0,-41.0
1776887257.7171028,3.0,-3.0,-43.0
1776887257.7271028,0.0,-1.0,-42.0
1776887257.7371027,0.0,-2.0,-39.0
1776887257.7471027,-2.0,-2.0,-42.0
1776887257.7571027,0.0,-4.0,-43.0
1776887257.7671027,1.0,-3.0,-38.0
1776887257.7771027,5.0,-5.0,-40.0
1776887257.7871027,3.0,-6.0,-40.0
1776887257.7971027,5.0,0.0,-39.0
1776887257.807103,3.0,3.0,-45.0
1776887257.817103,8.0,5.0,-38.0
1776887257.827103,0.0,5.0,-36.0
1776887257.837103,-4.0,3.0,-38.0
1776887257.8471026,-2.0,3.0,-41.0
1776887257.8571026,-6.0,3.0,-31.0
1776887257.8681028,-6.0,0.0,-30.0
1776887257.8771029,-7.0,0.0,-32.0
1776887257.8871028,-6.0,-5.0,-27.0
1776887257.8971028,0.0,-7.0,-28.0
1776887257.9071028,0.0,-7.0,-39.0
1776887257.9171028,0.0,-5.0,-40.0
1776887257.9281027,1.0,-8.0,-45.0
1776887257.9381027,-5.0,-8.0,-47.0
1776887257.9481027,-2.0,-5.0,-45.0
1776887257.9581027,3.0,-3.0,-37.0
1776887257.9681027,-1.0,-5.0,-32.0
1776887257.9781027,-2.0,-1.0,-34.0
1776887257.988103,-4.0,0.0,-40.0
1776887257.998103,-6.0,-2.0,-38.0
1776887258.008103,-4.0,-1.0,-31.0
1776887258.0181026,-1.0,0.0,-33.0
1776887258.0281026,0.0,4.0,-30.0
1776887258.0381026,2.0,1.0,-35.0
1776887258.0481029,1.0,-6.0,-31.0
1776887258.0581028,4.0,-5.0,-33.0
1776887258.0681028,2.0,-9.0,-32.0
1776887258.0781028,0.0,-9.0,-26.0
1776887258.0881028,1.0,-7.0,-28.0
1776887258.0981028,2.0,-4.0,-26.0
1776887258.1081028,2.0,-4.0,-27.0
1776887258.1181028,2.0,-2.0,-24.0
1776887258.1281028,2.0,0.0,-25.0
1776887258.1381028,5.0,0.0,-31.0
1776887258.1481028,1.0,0.0,-31.0
1776887258.1581028,3.0,-3.0,-28.0
1776887258.1681027,0.0,-2.0,-23.0
1776887258.1781027,-2.0,0.0,-24.0
1776887258.1881027,-2.0,4.0,-27.0
1776887258.1981027,-1.0,0.0,-29.0
1776887258.2081027,-3.0,-3.0,-30.0
1776887258.2181027,-1.0,-2.0,-29.0
1776887258.2281027,-4.0,0.0,-30.0
1776887258.238103,-1.0,0.0,-36.0
1776887258.248103,-1.0,0.0,-35.0
1776887258.258103,0.0,-1.0,-29.0
1776887258.2681026,1.0,-2.0,-29.0
1776887258.2781026,2.0,-1.0,-38.0
1776887258.2881026,1.0,-1.0,-47.0
1776887258.2981029,0.0,1.0,-47.0
1776887258.3081028,0.0,-1.0,-42.0
1776887258.3181028,0.0,-1.0,-41.0
1776887258.3281028,0.0,-5.0,-36.0
1776887258.3381028,-3.0,-2.0,-37.0
1776887258.3481028,-4.0,-1.0,-37.0
1776887258.3581028,-2.0,-1.0,-36.0
1776887258.3681028,-1.0,-1.0,-34.0
1776887258.3781028,-4.0,-3.0,-34.0
1776887258.3881028,-2.0,-2.0,-39.0
1776887258.3981028,-3.0,-4.0,-34.0
1776887258.4081028,-4.0,-3.0,-28.0
1776887258.4181027,-2.0,-1.0,-27.0
1776887258.4281027,-3.0,-3.0,-29.0
1776887258.4381027,-1.0,0.0,-31.0
1776887258.4481027,0.0,1.0,-33.0
1776887258.4581027,3.0,0.0,-36.0
1776887258.4681027,0.0,4.0,-35.0
1776887258.4781027,-3.0,-3.0,-30.0
1776887258.488103,-5.0,-6.0,-31.0
1776887258.498103,-2.0,-5.0,-25.0
1776887258.508103,-1.0,-8.0,-24.0
1776887258.5181026,4.0,-8.0,-29.0
1776887258.5281026,5.0,-6.0,-29.0
1776887258.5381026,6.0,-8.0,-33.0
1776887258.5481029,4.0,-5.0,-36.0
1776887258.5581028,4.0,-2.0,-34.0
1776887258.5681028,4.0,0.0,-40.0
1776887258.5781028,0.0,-2.0,-48.0
1776887258.5881028,-2.0,-2.0,-44.0
1776887258.5981028,-1.0,-4.0,-47.0
1776887258.6081028,0.0,-3.0,-47.0
1776887258.6181028,1.0,-3.0,-47.0
1776887258.6281028,0.0,-3.0,-37.0
1776887258.6381028,-8.0,-5.0,-35.0
1776887258.6481028,-12.0,-6.0,-37.0
1776887258.6581028,-11.0,-3.0,-33.0
1776887258.6681027,-6.0,-2.0,-28.0
1776887258.6781027,-3.0,-1.0,-30.0
1776887258.6881027,-2.0,-8.0,-35.0
1776887258.6981027,-1.0,-8.0,-37.0
1776887258.7081027,3.0,-8.0,-36.0
1776887258.7181027,5.0,-10.0,-44.0
1776887258.7281027,7.0,-6.0,-48.0
1776887258.738103,8.0,-3.0,-53.0
1776887258.748103,7.0,-6.0,-54.0
1776887258.758103,5.0,-7.0,-50.0
1776887258.7681026,-1.0,-3.0,-47.0
1776887258.7781026,-1.0,-3.0,-50.0
1776887258.7881026,2.0,-2.0,-46.0
1776887258.7981029,3.0,-2.0,-38.0
1776887258.8081028,2.0,-2.0,-35.0
1776887258.8181028,0.0,-2.0,-35.0
1776887258.8281028,0.0,-3.0,-38.0
1776887258.8381028,-2.0,-4.0,-39.0
1776887258.8481028,0.0,-3.0,-36.0
1776887258.8581028,0.0,-3.0,-38.0
1776887258.8681028,0.0,-4.0,-40.0
1776887258.8781028,0.0,-4.0,-37.0
1776887258.8881028,-1.0,-5.0,-35.0
1776887258.8981028,0.0,-8.0,-41.0
1776887258.9081028,-1.0,-4.0,-48.0
1776887258.9181027,-4.0,-4.0,-47.0
1776887258.9281027,-2.0,-2.0,-41.0
1776887258.9381027,-3.0,-5.0,-38.0
1776887258.9481027,-3.0,-2.0,-40.0
1776887258.9581027,-2.0,-5.0,-46.0
1776887258.9681027,0.0,-3.0,-46.0
1776887258.9781027,3.0,0.0,-44.0
1776887258.988103,5.0,2.0,-37.0
1776887258.998103,5.0,0.0,-38.0
1776887259.008103,5.0,-1.0,-45.0
1776887259.0181026,2.0,0.0,-50.0
1776887259.0281026,2.0,0.0,-48.0
1776887259.0381026,0.0,0.0,-41.0
1776887259.0481029,0.0,-1.0,-36.0
1776887259.0581028,0.0,-3.0,-42.0
1776887259.0681028,0.0,1.0,-37.0
1776887259.0781028,2.0,2.0,-41.0
1776887259.0881028,2.0,0.0,-31.0
1776887259.0981028,3.0,0.0,-34.0
1776887259.1081028,2.0,-3.0,-36.0
1776887259.1181028,0.0,-4.0,-34.0
1776887259.1281028,-3.0,-6.0,-27.0
1776887259.1381028,0.0,-5.0,-21.0
1776887259.1481028,-3.0,-5.0,-22.0
1776887259.1581028,-4.0,-3.0,-24.0
1776887259.1681027,-7.0,-4.0,-28.0
1776887259.1781027,-8.0,-4.0,-33.0
1776887259.1881027,-5.0,-1.0,-34.0
1776887259.1981027,-7.0,3.0,-30.0
1776887259.2081027,-2.0,8.0,-24.0
1776887259.2181027,-3.0,6.0,-27.0
1776887259.2281027,-8.0,5.0,-31.0
1776887259.238103,-7.0,2.0,-29.0
1776887259.248103,-4.0,2.0,-31.0
1776887259.258103,-1.0,4.0,-32.0
1776887259.2681026,-1.0,1.0,-30.0
1776887259.2781026,1.0,0.0,-35.0
1776887259.2881026,-1.0,0.0,-34.0
1776887259.2981029,-1.0,3.0,-27.0
1776887259.3081028,-3.0,2.0,-32.0
1776887259.3181028,1.0,0.0,-29.0
1776887259.3281028,2.0,2.0,-37.0
1776887259.3381028,0.0,-2.0,-42.0
1776887259.3481028,2.0,-5.0,-36.0
1776887259.3581028,2.0,-5.0,-40.0
1776887259.3681028,2.0,-4.0,-41.0
1776887259.3781028,1.0,0.0,-40.0
1776887259.3881028,0.0,1.0,-36.0
1776887259.3981028,0.0,1.0,-40.0
1776887259.4081028,-1.0,1.0,-42.0
1776887259.4181027,0.0,0.0,-36.0
1776887259.4281027,4.0,0.0,-35.0
1776887259.4381027,6.0,3.0,-39.0
1776887259.4481027,7.0,-2.0,-47.0
1776887259.4581027,7.0,-5.0,-45.0
1776887259.4681027,11.0,-6.0,-44.0
1776887259.4781027,8.0,-7.0,-45.0
1776887259.488103,9.0,-7.0,-43.0
1776887259.498103,10.0,-1.0,-47.0
1776887259.508103,7.0,2.0,-47.0
1776887259.5181026,7.0,2.0,-44.0
1776887259.5281026,0.0,2.0,-44.0
1776887259.5381026,0.0,0.0,-40.0
1776887259.5481029,0.0,-1.0,-41.0
1776887259.5581028,0.0,-1.0,-42.0
1776887259.5681028,1.0,-3.0,-40.0
1776887259.5781028,2.0,-2.0,-44.0
1776887259.5881028,6.0,1.0,-40.0
1776887259.5981028,0.0,0.0,-34.0
1776887259.6081028,1.0,1.0,-28.0
1776887259.6181028,1.0,1.0,-31.0
1776887259.6281028,0.0,4.0,-29.0
1776887259.6381028,3.0,0.0,-23.0
1776887259.6481028,3.0,-4.0,-28.0
1776887259.6581028,4.0,-6.0,-30.0
1776887259.6681027,5.0,-9.0,-25.0
1776887259.6781027,7.0,-11.0,-24.0
1776887259.6881027,4.0,-10.0,-20.0
1776887259.6981027,6.0,-7.0,-23.0
1776887259.7081027,6.0,-3.0,-31.0
1776887259.7181027,0.0,-4.0,-33.0
1776887259.7281027,1.0,-6.0,-34.0
1776887259.738103,-1.0,-3.0,-32.0
1776887259.748103,3.0,-4.0,-32.0
1776887259.758103,5.0,-5.0,-39.0
1776887259.7681026,3.0,-8.0,-29.0
1776887259.7781026,5.0,-10.0,-29.0
1776887259.7881026,5.0,-8.0,-35.0
1776887259.7981029,3.0,-5.0,-39.0
1776887259.8081028,1.0,0.0,-43.0
1776887259.8181028,0.0,2.0,-42.0
1776887259.8281028,-2.0,-2.0,-48.0
1776887259.8381028,0.0,-3.0,-46.0
1776887259.8481028,0.0,-2.0,-48.0
1776887259.8581028,0.0,0.0,-46.0
1776887259.8681028,-3.0,2.0,-50.0
1776887259.8781028,-2.0,2.0,-48.0
1776887259.8881028,-3.0,0.0,-48.0
1776887259.8981028,-3.0,-2.0,-56.0
1776887259.9081028,-4.0,2.0,-51.0
1776887259.919103,-4.0,0.0,-52.0
1776887259.929103,-6.0,0.0,-53.0
1776887259.9391026,-1.0,0.0,-56.0
1776887259.9491026,-3.0,2.0,-51.0
1776887259.9591026,-4.0,0.0,-49.0
1776887259.9691026,-1.0,0.0,-49.0
1776887259.9791028,0.0,4.0,-49.0
1776887259.9891028,5.0,5.0,-55.0
1776887259.9991028,4.0,2.0,-55.0
1776887260.0091028,6.0,1.0,-46.0
1776887260.0191028,7.0,-1.0,-40.0
1776887260.0291028,5.0,-5.0,-33.0
1776887260.0391028,7.0,-8.0,-30.0
1776887260.0491028,2.0,-6.0,-36.0
1776887260.0591028,5.0,0.0,-36.0
1776887260.0691028,5.0,-2.0,-36.0
1776887260.0791028,5.0,0.0,-28.0
1776887260.0891027,2.0,2.0,-29.0
1776887260.0991027,3.0,4.0,-26.0
1776887260.1091027,5.0,5.0,-27.0
1776887260.1191027,4.0,7.0,-29.0
1776887260.1291027,4.0,8.0,-28.0
1776887260.1391027,3.0,3.0,-32.0
1776887260.1491027,1.0,0.0,-30.0
1776887260.159103,5.0,0.0,-33.0
1776887260.169103,2.0,-3.0,-35.0
1776887260.179103,4.0,-1.0,-40.0
1776887260.1891026,0.0,-2.0,-36.0
1776887260.1991026,0.0,-3.0,-38.0
1776887260.2091026,0.0,-2.0,-33.0
1776887260.2191026,-2.0,-1.0,-40.0
1776887260.2291028,-1.0,-3.0,-42.0
1776887260.2391028,-6.0,-4.0,-40.0
1776887260.2491028,-6.0,0.0,-41.0
1776887260.2591028,-6.0,-2.0,-41.0
1776887260.2691028,-2.0,-6.0,-39.0
1776887260.2791028,0.0,-7.0,-41.0
1776887260.2891028,-1.0,-4.0,-42.0
1776887260.2991028,2.0,-4.0,-44.0
1776887260.3091028,2.0,0.0,-38.0
1776887260.3191028,4.0,2.0,-36.0
1776887260.3291028,2.0,0.0,-34.0
1776887260.3391027,2.0,3.0,-30.0
1776887260.3491027,1.0,5.0,-31.0
1776887260.3591027,1.0,3.0,-37.0
1776887260.3691027,1.0,5.0,-37.0
1776887260.3791027,1.0,6.0,-42.0
1776887260.3891027,3.0,6.0,-40.0
1776887260.3991027,0.0,5.0,-35.0
1776887260.409103,-3.0,5.0,-35.0
1776887260.419103,-6.0,1.0,-33.0
1776887260.429103,-6.0,3.0,-38.0
1776887260.4391026,-1.0,0.0,-43.0
1776887260.4491026,5.0,0.0,-41.0
1776887260.4591026,4.0,-3.0,-40.0
1776887260.4691026,6.0,0.0,-36.0
1776887260.4791028,6.0,1.0,-32.0
1776887260.4891028,3.0,1.0,-31.0
1776887260.4991028,8.0,0.0,-33.0
1776887260.5091028,8.0,2.0,-40.0
1776887260.5191028,5.0,2.0,-42.0
1776887260.5291028,4.0,5.0,-46.0
1776887260.5391028,6.0,1.0,-41.0
1776887260.5491028,1.0,2.0,-46.0
1776887260.5591028,-1.0,0.0,-43.0
1776887260.5691028,-1.0,-4.0,-40.0
1776887260.5791028,-1.0,-4.0,-44.0
1776887260.5891027,-2.0,-2.0,-43.0
1776887260.5991027,-2.0,0.0,-41.0
1776887260.6091027,-3.0,2.0,-46.0
1776887260.6191027,-6.0,3.0,-46.0
1776887260.6291027,-7.0,-1.0,-43.0
1776887260.6391027,-3.0,-2.0,-44.0
1776887260.6491027,-4.0,0.0,-47.0
1776887260.659103,-2.0,2.0,-44.0
1776887260.669103,-3.0,0.0,-44.0
1776887260.679103,-1.0,-1.0,-47.0
1776887260.6891026,0.0,-2.0,-50.0
1776887260.6991026,-3.0,3.0,-45.0
1776887260.7091026,-5.0,4.0,-42.0
1776887260.7191026,-7.0,6.0,-42.0
1776887260.7291028,-4.0,6.0,-46.0
1776887260.7391028,-1.0,1.0,-42.0
1776887260.7491028,-3.0,3.0,-41.0
1776887260.7591028,-2.0,4.0,-39.0
1776887260.7691028,5.0,7.0,-36.0
1776887260.7791028,7.0,6.0,-40.0
1776887260.7891028,4.0,3.0,-42.0
1776887260.7991028,9.0,-1.0,-42.0
1776887260.8091028,3.0,-5.0,-46.0
1776887260.8191028,1.0,-5.0,-43.0
1776887260.8291028,-3.0,-3.0,-44.0
1776887260.8391027,0.0,-1.0,-46.0
1776887260.8491027,3.0,0.0,-49.0
1776887260.8591027,2.0,2.0,-47.0
1776887260.8691027,0.0,0.0,-42.0
1776887260.8791027,-1.0,2.0,-39.0
1776887260.8891027,-1.0,-2.0,-41.0
1776887260.8991027,-1.0,-2.0,-43.0
1776887260.909103,0.0,-3.0,-44.0
1776887260.919103,0.0,-3.0,-45.0
1776887260.929103,-2.0,-5.0,-44.0
1776887260.9391026,-3.0,0.0,-44.0
1776887260.9491026,-6.0,0.0,-46.0
1776887260.9591026,-7.0,7.0,-47.0
1776887260.9691026,-3.0,5.0,-54.0
1776887260.9791028,-2.0,4.0,-50.0
1776887260.9891028,-1.0,5.0,-47.0
1776887260.9991028,0.0,4.0,-43.0
1776887261.0091028,1.0,2.0,-41.0
1776887261.0191028,3.0,2.0,-38.0
1776887261.0291028,2.0,-1.0,-39.0
1776887261.0391028,6.0,-3.0,-40.0
1776887261.0491028,0.0,-5.0,-33.0
1776887261.0591028,2.0,-5.0,-33.0
1776887261.0691028,-1.0,-2.0,-36.0
1776887261.0791028,0.0,-2.0,-37.0
1776887261.0891027,1.0,-1.0,-40.0
1776887261.0991027,0.0,-1.0,-37.0
1776887261.1091027,0.0,0.0,-31.0
1776887261.1191027,1.0,0.0,-34.0
1776887261.1291027,0.0,-3.0,-33.0
1776887261.1391027,3.0,0.0,-33.0
1776887261.1491027,1.0,0.0,-27.0
1776887261.159103,0.0,-1.0,-27.0
1776887261.169103,-3.0,1.0,-26.0
1776887261.179103,-1.0,-1.0,-31.0
1776887261.1891026,-1.0,0.0,-28.0
1776887261.1991026,-3.0,-1.0,-29.0
1776887261.2091026,-6.0,-5.0,-32.0
1776887261.2191026,-7.0,-11.0,-37.0
1776887261.2291028,-6.0,-9.0,-40.0
1776887261.2391028,-1.0,-9.0,-45.0
1776887261.2491028,5.0,-9.0,-48.0
1776887261.2591028,4.0,-3.0,-46.0
1776887261.2691028,0.0,-2.0,-45.0
1776887261.2791028,-2.0,-3.0,-37.0
1776887261.2891028,0.0,1.0,-47.0
1776887261.2991028,1.0,3.0,-44.0
1776887261.3091028,0.0,1.0,-46.0
1776887261.3191028,0.0,0.0,-47.0
1776887261.3291028,0.0,0.0,-48.0
1776887261.3391027,0.0,-2.0,-49.0
1776887261.3491027,1.0,-4.0,-53.0
1776887261.3591027,0.0,-3.0,-51.0
1776887261.3691027,0.0,-3.0,-46.0
1776887261.3791027,-2.0,-3.0,-49.0
1776887261.3891027,-5.0,1.0,-49.0
1776887261.3991027,-4.0,2.0,-46.0
1776887261.409103,5.0,1.0,-50.0
1776887261.419103,5.0,3.0,-51.0
1776887261.429103,2.0,1.0,-50.0
1776887261.4391026,0.0,-3.0,-43.0
1776887261.4491026,-2.0,-6.0,-40.0
1776887261.4591026,1.0,0.0,-37.0
1776887261.4691026,-1.0,0.0,-29.0
1776887261.4791028,-2.0,-1.0,-29.0
1776887261.4891028,-5.0,-1.0,-33.0
1776887261.4991028,-4.0,-2.0,-36.0
1776887261.5091028,-7.0,-4.0,-37.0
1776887261.5191028,-6.0,-8.0,-36.0
1776887261.5291028,-3.0,-9.0,-39.0
1776887261.5391028,0.0,-11.0,-45.0
1776887261.5491028,-4.0,-11.0,-41.0
1776887261.5591028,-9.0,-9.0,-34.0
1776887261.5691028,-11.0,-3.0,-34.0
1776887261.5791028,-7.0,-5.0,-27.0
1776887261.5891027,-2.0,0.0,-31.0
1776887261.5991027,4.0,0.0,-36.0
1776887261.6091027,3.0,0.0,-36.0
1776887261.6191027,4.0,0.0,-31.0
1776887261.6291027,0.0,1.0,-33.0
1776887261.6391027,0.0,5.0,-40.0
1776887261.6491027,1.0,7.0,-45.0
1776887261.659103,1.0,8.0,-42.0
1776887261.669103,0.0,4.0,-44.0
1776887261.679103,-4.0,1.0,-40.0
1776887261.6891026,-5.0,3.0,-38.0
1776887261.6991026,-4.0,0.0,-38.0
1776887261.7091026,-2.0,0.0,-40.0
1776887261.7191026,-5.0,-4.0,-34.0
1776887261.7291028,-4.0,-1.0,-37.0
1776887261.7391028,-3.0,0.0,-35.0
1776887261.7501028,0.0,1.0,-37.0
1776887261.7591028,-1.0,3.0,-40.0
1776887261.7691028,1.0,0.0,-44.0
1776887261.7791028,0.0,0.0,-36.0
1776887261.7891028,0.0,0.0,-31.0
1776887261.7991028,-1.0,-3.0,-35.0
1776887261.8091028,-1.0,-4.0,-41.0
1776887261.8191028,-2.0,-5.0,-39.0
1776887261.8291028,4.0,-7.0,-39.0
1776887261.8391027,0.0,-7.0,-38.0
1776887261.8491027,-9.0,-4.0,-39.0
1776887261.8591027,-8.0,-6.0,-32.0
1776887261.8691027,0.0,-5.0,-32.0
1776887261.8791027,3.0,-2.0,-37.0
1776887261.8901026,6.0,-1.0,-35.0
1776887261.8991027,9.0,0.0,-35.0
1776887261.909103,8.0,0.0,-36.0
1776887261.9201028,9.0,-1.0,-39.0
1776887261.929103,4.0,-2.0,-44.0
1776887261.9401028,9.0,-2.0,-47.0
1776887261.9501028,8.0,-4.0,-46.0
1776887261.9601028,3.0,-10.0,-42.0
1776887261.9701028,0.0,-5.0,-39.0
1776887261.9801028,4.0,-1.0,-42.0
1776887261.9901028,0.0,-2.0,-37.0
1776887262.0001028,-2.0,-1.0,-43.0
1776887262.0101027,2.0,-4.0,-39.0
1776887262.0201027,5.0,1.0,-38.0
1776887262.0301027,3.0,7.0,-41.0
1776887262.0401027,4.0,7.0,-44.0
1776887262.0501027,3.0,7.0,-39.0
1776887262.0601027,1.0,2.0,-40.0
1776887262.0701027,-1.0,1.0,-40.0
1776887262.0801027,-1.0,1.0,-38.0
1776887262.090103,0.0,1.0,-38.0
1776887262.100103,0.0,0.0,-35.0
1776887262.110103,4.0,1.0,-32.0
1776887262.1201026,5.0,0.0,-34.0
1776887262.1301026,2.0,1.0,-35.0
1776887262.1401026,3.0,6.0,-39.0
1776887262.1501029,3.0,10.0,-42.0
1776887262.1601028,8.0,7.0,-43.0
1776887262.1701028,9.0,-1.0,-41.0
1776887262.1801028,9.0,-3.0,-37.0
1776887262.1901028,5.0,-3.0,-33.0
1776887262.2001028,1.0,-5.0,-30.0
1776887262.2101028,0.0,-7.0,-33.0
1776887262.2201028,0.0,-8.0,-35.0
1776887262.2301028,-1.0,-11.0,-37.0
1776887262.2401028,-3.0,-9.0,-36.0
1776887262.2501028,-5.0,-10.0,-31.0
1776887262.2601027,-8.0,-8.0,-29.0
1776887262.2701027,-3.0,-6.0,-29.0
1776887262.2801027,-1.0,-2.0,-38.0
1776887262.2901027,-3.0,1.0,-47.0
1776887262.3001027,-6.0,1.0,-45.0
1776887262.3101027,-2.0,2.0,-48.0
1776887262.3201027,-1.0,4.0,-39.0
1776887262.3301027,0.0,4.0,-37.0
1776887262.340103,-2.0,0.0,-36.0
1776887262.350103,-4.0,2.0,-38.0
1776887262.360103,-1.0,2.0,-36.0
1776887262.3701026,2.0,2.0,-35.0
1776887262.3801026,2.0,0.0,-38.0
1776887262.3901026,5.0,-1.0,-34.0
1776887262.4001029,6.0,1.0,-32.0
1776887262.4101028,4.0,0.0,-31.0
1776887262.4201028,5.0,1.0,-33.0
1776887262.4301028,0.0,1.0,-39.0
1776887262.4401028,0.0,-2.0,-37.0
1776887262.4501028,3.0,0.0,-42.0
1776887262.4601028,1.0,0.0,-42.0
1776887262.4701028,1.0,0.0,-38.0
1776887262.4801028,1.0,-1.0,-31.0
1776887262.4901028,1.0,-1.0,-31.0
1776887262.5001028,2.0,-4.0,-35.0
1776887262.5101027,2.0,-6.0,-33.0
1776887262.5201027,0.0,-3.0,-36.0
1776887262.5301027,3.0,-3.0,-37.0
1776887262.5401027,7.0,-1.0,-38.0
1776887262.5501027,4.0,-2.0,-28.0
1776887262.5601027,2.0,2.0,-28.0
1776887262.5701027,-1.0,1.0,-26.0
1776887262.5801027,0.0,5.0,-30.0
1776887262.590103,2.0,3.0,-36.0
1776887262.600103,5.0,1.0,-37.0
1776887262.610103,5.0,1.0,-38.0
1776887262.6201026,4.0,1.0,-37.0
1776887262.6301026,3.0,3.0,-37.0
1776887262.6401026,1.0,0.0,-34.0
1776887262.6501029,-2.0,-2.0,-43.0
1776887262.6601028,-3.0,-3.0,-44.0
1776887262.6701028,-4.0,-4.0,-40.0
1776887262.6801028,-2.0,0.0,-37.0
1776887262.6901028,-2.0,-1.0,-29.0
1776887262.7001028,-1.0,-6.0,-29.0
1776887262.7101028,2.0,-5.0,-40.0
1776887262.7201028,-1.0,-1.0,-43.0
1776887262.7301028,-2.0,-1.0,-44.0
1776887262.7401028,-2.0,-2.0,-44.0
1776887262.7501028,-1.0,0.0,-37.0
1776887262.7601027,0.0,-2.0,-34.0
1776887262.7701027,0.0,0.0,-37.0
1776887262.7801027,7.0,-1.0,-39.0
1776887262.7901027,9.0,-4.0,-42.0
1776887262.8001027,8.0,0.0,-43.0
1776887262.8101027,3.0,0.0,-48.0
1776887262.8201027,0.0,0.0,-49.0
1776887262.8301027,0.0,0.0,-45.0
1776887262.840103,-5.0,1.0,-47.0
1776887262.850103,-2.0,-2.0,-50.0
1776887262.860103,-6.0,0.0,-48.0
1776887262.8701026,-5.0,2.0,-44.0
1776887262.8801026,-7.0,0.0,-47.0
1776887262.8901026,-3.0,-2.0,-50.0
1776887262.9001029,-5.0,-3.0,-47.0
1776887262.9101028,-4.0,-4.0,-44.0
1776887262.9201028,-3.0,-4.0,-46.0
1776887262.9301028,-2.0,-3.0,-45.0
1776887262.9401028,-1.0,-4.0,-51.0
1776887262.9501028,1.0,-3.0,-50.0
1776887262.9601028,4.0,-4.0,-55.0
1776887262.9701028,2.0,0.0,-57.0
1776887262.9801028,5.0,1.0,-57.0
1776887262.9901028,8.0,1.0,-53.0
1776887263.0001028,8.0,0.0,-48.0
1776887263.0101027,5.0,-2.0,-41.0
1776887263.0201027,4.0,0.0,-42.0
1776887263.0301027,4.0,-1.0,-45.0
1776887263.0401027,-1.0,-1.0,-40.0
1776887263.0501027,-2.0,0.0,-39.0
1776887263.0601027,0.0,-1.0,-37.0
1776887263.0701027,0.0,-3.0,-29.0
1776887263.0801027,-3.0,-2.0,-34.0
1776887263.090103,-1.0,-1.0,-29.0
1776887263.100103,0.0,1.0,-33.0
1776887263.110103,0.0,1.0,-36.0
1776887263.1201026,0.0,1.0,-39.0
1776887263.1301026,3.0,3.0,-41.0
1776887263.1401026,0.0,0.0,-40.0
1776887263.1501029,0.0,2.0,-40.0
1776887263.1601028,-1.0,0.0,-35.0
1776887263.1701028,-3.0,1.0,-30.0
1776887263.1801028,1.0,0.0,-34.0
1776887263.1901028,2.0,0.0,-35.0
1776887263.2001028,1.0,1.0,-34.0
1776887263.2101028,0.0,0.0,-35.0
1776887263.2201028,-5.0,-1.0,-39.0
1776887263.2301028,-4.0,0.0,-35.0
1776887263.2401028,-3.0,-1.0,-39.0
1776887263.2501028,0.0,-2.0,-34.0
1776887263.2601027,0.0,-2.0,-28.0
1776887263.2701027,0.0,-5.0,-31.0
1776887263.2801027,1.0,-5.0,-35.0
1776887263.2901027,-3.0,-5.0,-39.0
1776887263.3001027,-5.0,0.0,-40.0
1776887263.3101027,-2.0,2.0,-49.0
1776887263.3201027,-2.0,-1.0,-49.0
1776887263.3301027,-8.0,1.0,-51.0
1776887263.340103,-8.0,0.0,-51.0
1776887263.350103,-13.0,3.0,-47.0
1776887263.360103,-9.0,-7.0,-41.0
1776887263.3701026,-12.0,-9.0,-41.0
1776887263.3801026,-9.0,-8.0,-42.0
1776887263.3901026,-8.0,-8.0,-38.0
1776887263.4001029,-7.0,-6.0,-41.0
1776887263.4101028,-3.0,-13.0,-45.0
1776887263.4201028,0.0,-11.0,-42.0
1776887263.4301028,2.0,-9.0,-42.0
1776887263.4401028,8.0,-10.0,-48.0
1776887263.4501028,6.0,-4.0,-49.0
1776887263.4601028,1.0,-2.0,-43.0
1776887263.4701028,0.0,-2.0,-38.0
1776887263.4801028,-1.0,-5.0,-36.0
1776887263.4901028,0.0,0.0,-38.0
1776887263.5001028,1.0,-1.0,-44.0
1776887263.5101027,4.0,-3.0,-49.0
1776887263.5201027,5.0,-1.0,-48.0
1776887263.5301027,6.0,0.0,-48.0
1776887263.5401027,2.0,4.0,-47.0
1776887263.5501027,-1.0,6.0,-41.0
1776887263.5601027,1.0,4.0,-36.0
1776887263.5701027,3.0,1.0,-32.0
1776887263.5801027,-1.0,2.0,-36.0
1776887263.590103,-2.0,2.0,-35.0
1776887263.600103,-2.0,-3.0,-37.0
1776887263.610103,-6.0,0.0,-37.0
1776887263.6201026,-4.0,0.0,-36.0
1776887263.6301026,1.0,-3.0,-32.0
1776887263.6401026,3.0,-6.0,-29.0
1776887263.6501029,6.0,-7.0,-35.0
1776887263.6601028,6.0,-5.0,-37.0
1776887263.6701028,7.0,-5.0,-35.0
1776887263.6801028,9.0,-2.0,-36.0
1776887263.6901028,12.0,-1.0,-30.0
1776887263.7001028,8.0,-1.0,-33.0
1776887263.7101028,5.0,-1.0,-31.0
1776887263.7201028,-4.0,-1.0,-32.0
1776887263.7301028,-5.0,-1.0,-33.0
1776887263.7401028,-4.0,-3.0,-33.0
1776887263.7501028,-1.0,-6.0,-33.0
1776887263.7601027,0.0,-5.0,-31.0
1776887263.7701027,3.0,-3.0,-26.0
1776887263.7801027,3.0,-4.0,-21.0
1776887263.7901027,5.0,-4.0,-21.0
1776887263.8001027,5.0,-4.0,-22.0
1776887263.8101027,1.0,-3.0,-31.0
1776887263.8201027,0.0,-2.0,-34.0
1776887263.8301027,0.0,0.0,-34.0
1776887263.840103,-4.0,-2.0,-39.0
1776887263.850103,-4.0,-4.0,-37.0
1776887263.860103,1.0,-5.0,-33.0
1776887263.8701026,1.0,-3.0,-35.0
1776887263.8801026,1.0,-4.0,-36.0
1776887263.8901026,0.0,-5.0,-39.0
1776887263.9001029,2.0,-2.0,-40.0
1776887263.9101028,5.0,-3.0,-38.0
1776887263.9211028,4.0,0.0,-41.0
1776887263.9311028,3.0,0.0,-43.0
1776887263.9411027,3.0,3.0,-39.0
1776887263.9511027,2.0,1.0,-31.0
1776887263.9611027,2.0,1.0,-32.0
1776887263.9711027,3.0,1.0,-38.0
1776887263.9811027,3.0,0.0,-45.0
1776887263.9911027,3.0,1.0,-49.0
1776887264.0011027,3.0,-3.0,-46.0
1776887264.011103,3.0,-1.0,-44.0
1776887264.021103,-3.0,0.0,-33.0
1776887264.031103,-3.0,-4.0,-37.0
1776887264.0411026,0.0,-3.0,-32.0
1776887264.0511026,0.0,-1.0,-33.0
1776887264.0611026,0.0,2.0,-38.0
1776887264.0711029,-2.0,0.0,-35.0
1776887264.0811028,0.0,2.0,-40.0
1776887264.0911028,0.0,-3.0,-42.0
1776887264.1011028,-1.0,-1.0,-38.0
1776887264.1111028,1.0,0.0,-37.0
1776887264.1211028,5.0,0.0,-35.0
1776887264.1311028,5.0,-5.0,-35.0
1776887264.1411028,4.0,-1.0,-34.0
1776887264.1511028,3.0,-1.0,-28.0
1776887264.1611028,3.0,-1.0,-33.0
1776887264.1711028,3.0,-1.0,-40.0
1776887264.1811028,4.0,-2.0,-44.0
1776887264.1911027,0.0,0.0,-37.0
1776887264.2011027,0.0,-1.0,-33.0
1776887264.2111027,3.0,-2.0,-34.0
1776887264.2211027,7.0,-1.0,-37.0
1776887264.2311027,5.0,0.0,-38.0
1776887264.2411027,6.0,0.0,-40.0
1776887264.2511027,-1.0,3.0,-42.0
1776887264.261103,-3.0,3.0,-39.0
1776887264.271103,1.0,-1.0,-47.0
1776887264.281103,0.0,0.0,-48.0
1776887264.2911026,1.0,0.0,-46.0
1776887264.3011026,0.0,3.0,-42.0
1776887264.3111026,0.0,0.0,-41.0
1776887264.3211029,2.0,-6.0,-38.0
1776887264.3311028,1.0,-6.0,-37.0
1776887264.3411028,1.0,-6.0,-36.0
1776887264.3511028,-5.0,-3.0,-32.0
1776887264.3611028,-5.0,-3.0,-38.0
1776887264.3711028,-5.0,-3.0,-36.0
1776887264.3811028,-7.0,-5.0,-38.0
1776887264.3911028,-3.0,-5.0,-39.0
1776887264.4011028,-2.0,-3.0,-36.0
1776887264.4111028,5.0,-1.0,-38.0
1776887264.4211028,5.0,-3.0,-33.0
1776887264.4311028,4.0,-5.0,-30.0
1776887264.4411027,7.0,-9.0,-29.0
1776887264.4511027,6.0,-9.0,-28.0
1776887264.4611027,4.0,-8.0,-30.0
1776887264.4711027,2.0,-7.0,-33.0
1776887264.4811027,0.0,-6.0,-42.0
1776887264.4911027,3.0,-5.0,-51.0
1776887264.5011027,3.0,-6.0,-54.0
1776887264.511103,1.0,-2.0,-47.0
1776887264.521103,4.0,-3.0,-42.0
1776887264.531103,4.0,-2.0,-37.0
1776887264.5411026,2.0,1.0,-37.0
1776887264.5511026,3.0,0.0,-30.0
1776887264.5611026,6.0,2.0,-31.0
1776887264.5711029,5.0,2.0,-36.0
1776887264.5811028,9.0,1.0,-40.0
1776887264.5911028,8.0,1.0,-38.0
1776887264.6011028,7.0,0.0,-33.0
1776887264.6111028,6.0,0.0,-29.0
1776887264.6211028,3.0,0.0,-28.0
1776887264.6311028,0.0,-1.0,-30.0
1776887264.6411028,2.0,-1.0,-38.0
1776887264.6511028,1.0,0.0,-41.0
1776887264.6611028,0.0,-2.0,-43.0
1776887264.6711028,0.0,-1.0,-42.0
1776887264.6811028,-4.0,-2.0,-38.0
1776887264.6911027,-3.0,-3.0,-31.0
1776887264.7011027,-5.0,-3.0,-28.0
1776887264.7111027,-6.0,-4.0,-27.0
1776887264.7211027,-4.0,-4.0,-32.0
1776887264.7311027,-7.0,-3.0,-38.0
1776887264.7411027,-4.0,-8.0,-45.0
1776887264.7511027,-7.0,-8.0,-45.0
1776887264.761103,-7.0,-10.0,-44.0
1776887264.771103,-6.0,-8.0,-49.0
1776887264.781103,0.0,-6.0,-50.0
1776887264.7911026,3.0,-5.0,-45.0
1776887264.8011026,2.0,-6.0,-40.0
1776887264.8111026,2.0,-6.0,-42.0
1776887264.8211029,9.0,-5.0,-43.0
1776887264.8311028,12.0,-5.0,-44.0
1776887264.8411028,6.0,-7.0,-40.0
1776887264.8511028,5.0,-4.0,-40.0
1776887264.8611028,5.0,-3.0,-45.0
1776887264.8711028,0.0,-4.0,-43.0
1776887264.8811028,-1.0,0.0,-41.0
1776887264.8911028,-4.0,0.0,-42.0
1776887264.9011028,-7.0,-5.0,-45.0
1776887264.9111028,-7.0,-2.0,-44.0
1776887264.9211028,-5.0,-1.0,-46.0
1776887264.9311028,-3.0,-1.0,-49.0
1776887264.9411027,-1.0,-1.0,-43.0
1776887264.9511027,0.0,4.0,-41.0
1776887264.9611027,-1.0,4.0,-40.0
1776887264.9711027,-4.0,1.0,-39.0
1776887264.9811027,0.0,6.0,-33.0
1776887264.9911027,6.0,5.0,-32.0
1776887265.0011027,7.0,5.0,-30.0
1776887265.011103,7.0,3.0,-38.0
1776887265.021103,4.0,-3.0,-35.0
1776887265.031103,10.0,0.0,-32.0
1776887265.0411026,7.0,-3.0,-26.0
1776887265.0511026,3.0,-1.0,-26.0
1776887265.0611026,1.0,-2.0,-29.0
1776887265.0711029,4.0,-3.0,-25.0
1776887265.0811028,3.0,-5.0,-16.0
1776887265.0911028,0.0,-4.0,-21.0
1776887265.1021028,4.0,-3.0,-28.0
1776887265.1111028,7.0,-6.0,-30.0
1776887265.1211028,11.0,-6.0,-27.0
1776887265.1311028,14.0,-3.0,-26.0
1776887265.1411028,9.0,-4.0,-31.0
1776887265.1511028,8.0,0.0,-31.0
1776887265.1611028,10.0,0.0,-34.0
1776887265.1711028,10.0,1.0,-39.0
1776887265.1811028,4.0,3.0,-38.0
1776887265.1911027,-1.0,0.0,-39.0
1776887265.2011027,-3.0,0.0,-43.0
1776887265.2111027,2.0,2.0,-52.0
1776887265.2211027,6.0,1.0,-53.0
1776887265.2311027,10.0,3.0,-53.0
1776887265.2411027,8.0,1.0,-53.0
1776887265.2511027,8.0,2.0,-57.0
1776887265.261103,6.0,0.0,-59.0
1776887265.271103,2.0,2.0,-56.0
1776887265.281103,-1.0,0.0,-41.0
1776887265.2911026,-3.0,0.0,-39.0
1776887265.3011026,-5.0,1.0,-35.0
1776887265.3111026,-7.0,0.0,-31.0
1776887265.3211029,-5.0,0.0,-33.0
1776887265.3311028,-4.0,-1.0,-32.0
1776887265.3411028,0.0,0.0,-32.0
1776887265.3511028,0.0,0.0,-31.0
1776887265.3611028,0.0,0.0,-38.0
1776887265.3711028,-1.0,-1.0,-34.0
1776887265.3811028,-1.0,-2.0,-32.0
1776887265.3911028,-1.0,-2.0,-31.0
1776887265.4011028,-4.0,1.0,-41.0
1776887265.4111028,-5.0,-3.0,-37.0
1776887265.4211028,-4.0,-2.0,-40.0
1776887265.4311028,-4.0,-2.0,-44.0
1776887265.4411027,-6.0,-3.0,-37.0
1776887265.4511027,-8.0,0.0,-37.0
1776887265.4611027,-6.0,-1.0,-28.0
1776887265.4711027,-3.0,-4.0,-32.0
1776887265.4811027,-2.0,-5.0,-31.0
1776887265.4911027,0.0,0.0,-33.0
1776887265.5011027,-2.0,1.0,-31.0
1776887265.511103,2.0,0.0,-29.0
1776887265.521103,6.0,2.0,-34.0
1776887265.531103,8.0,-2.0,-35.0
1776887265.5411026,9.0,-2.0,-30.0
1776887265.5511026,5.0,-2.0,-37.0
1776887265.5611026,2.0,-4.0,-40.0
1776887265.5711029,-2.0,0.0,-41.0
1776887265.5811028,1.0,0.0,-41.0
1776887265.5911028,0.0,0.0,-40.0
1776887265.6011028,-2.0,0.0,-35.0
1776887265.6111028,0.0,0.0,-33.0
1776887265.6211028,4.0,0.0,-30.0
1776887265.6311028,4.0,-2.0,-28.0
1776887265.6411028,4.0,-3.0,-31.0
1776887265.6511028,5.0,-5.0,-33.0
1776887265.6611028,0.0,-1.0,-32.0
1776887265.6711028,2.0,-3.0,-31.0
1776887265.6811028,-1.0,-7.0,-28.0
1776887265.6911027,2.0,-6.0,-30.0
1776887265.7011027,6.0,-8.0,-35.0
1776887265.7111027,10.0,-12.0,-41.0
1776887265.7211027,9.0,-6.0,-44.0
1776887265.7311027,8.0,-1.0,-38.0
1776887265.7411027,5.0,-4.0,-29.0
1776887265.7511027,2.0,-2.0,-30.0
1776887265.761103,1.0,0.0,-34.0
1776887265.771103,0.0,-3.0,-34.0
1776887265.781103,1.0,-3.0,-39.0
1776887265.7911026,0.0,-4.0,-38.0
1776887265.8011026,0.0,-4.0,-32.0
1776887265.8111026,0.0,-7.0,-31.0
1776887265.8211029,4.0,-5.0,-39.0
1776887265.8311028,3.0,-3.0,-39.0
1776887265.8411028,4.0,-3.0,-37.0
1776887265.8511028,2.0,-2.0,-39.0
1776887265.8611028,0.0,0.0,-36.0
1776887265.8711028,-4.0,0.0,-36.0
1776887265.8811028,-4.0,0.0,-32.0
1776887265.8911028,-1.0,5.0,-32.0
1776887265.9021027,1.0,5.0,-37.0
1776887265.9111028,-3.0,6.0,-40.0
1776887265.9211028,-5.0,2.0,-38.0
1776887265.932103,-1.0,0.0,-29.0
1776887265.942103,0.0,2.0,-26.0
1776887265.952103,1.0,1.0,-27.0
1776887265.962103,-2.0,0.0,-22.0
1776887265.9721026,0.0,1.0,-25.0
1776887265.9821026,4.0,2.0,-28.0
1776887265.9921026,8.0,5.0,-26.0
1776887266.0021029,7.0,3.0,-31.0
1776887266.0121028,8.0,6.0,-41.0
1776887266.0221028,6.0,9.0,-47.0
1776887266.0321028,8.0,4.0,-44.0
1776887266.0421028,6.0,8.0,-43.0
1776887266.0521028,8.0,7.0,-37.0
1776887266.0621028,8.0,3.0,-36.0
1776887266.0721028,4.0,-2.0,-38.0
1776887266.0821028,2.0,-1.0,-40.0
1776887266.0921028,7.0,0.0,-40.0
1776887266.1021028,10.0,-3.0,-35.0
1776887266.1121027,10.0,-1.0,-35.0
1776887266.1221027,6.0,0.0,-36.0
1776887266.1321027,3.0,1.0,-38.0
1776887266.1421027,0.0,0.0,-38.0
1776887266.1521027,-2.0,-3.0,-35.0
1776887266.1621027,-2.0,-7.0,-38.0
1776887266.1721027,-3.0,-5.0,-42.0
1776887266.182103,-1.0,-6.0,-42.0
1776887266.192103,0.0,-5.0,-40.0
1776887266.202103,2.0,-5.0,-40.0
1776887266.212103,0.0,-6.0,-40.0
1776887266.2221026,1.0,-3.0,-36.0
1776887266.2321026,3.0,0.0,-35.0
1776887266.2421026,5.0,3.0,-38.0
1776887266.2521029,3.0,0.0,-40.0
1776887266.2621028,6.0,-3.0,-35.0
1776887266.2721028,1.0,-4.0,-34.0
1776887266.2821028,3.0,-3.0,-34.0
1776887266.2921028,4.0,0.0,-37.0
1776887266.3021028,3.0,2.0,-29.0
1776887266.3121028,9.0,2.0,-35.0
1776887266.3221028,14.0,2.0,-46.0
1776887266.3321028,18.0,2.0,-44.0
1776887266.3421028,9.0,7.0,-39.0
1776887266.3521028,7.0,7.0,-41.0
1776887266.3621027,5.0,6.0,-39.0
1776887266.3721027,3.0,1.0,-34.0
1776887266.3821027,2.0,0.0,-31.0
1776887266.3921027,5.0,-1.0,-29.0
1776887266.4021027,6.0,-1.0,-27.0
1776887266.4121027,5.0,1.0,-23.0
1776887266.4221027,-1.0,-1.0,-21.0
1776887266.432103,-2.0,-2.0,-25.0
1776887266.442103,-3.0,2.0,-26.0
1776887266.452103,-2.0,2.0,-27.0
1776887266.462103,-4.0,2.0,-29.0
1776887266.4721026,-1.0,5.0,-26.0
1776887266.4821026,-2.0,4.0,-31.0
1776887266.4921026,-5.0,4.0,-37.0
1776887266.5021029,-5.0,7.0,-45.0
1776887266.5121028,-9.0,9.0,-48.0
1776887266.5221028,-6.0,9.0,-44.0
1776887266.5321028,-5.0,8.0,-43.0
1776887266.5421028,-11.0,8.0,-41.0
1776887266.5521028,-12.0,7.0,-40.0
1776887266.5631027,-5.0,2.0,-39.0
1776887266.5721028,-1.0,0.0,-38.0
1776887266.5821028,-3.0,-3.0,-44.0
1776887266.5921028,-3.0,-4.0,-34.0
1776887266.6021028,0.0,0.0,-27.0
1776887266.6121027,-2.0,-2.0,-31.0
1776887266.6221027,-3.0,-4.0,-37.0
1776887266.6321027,0.0,-1.0,-31.0
1776887266.6421027,0.0,1.0,-29.0
1776887266.6521027,-4.0,1.0,-30.0
1776887266.6621027,-8.0,-3.0,-29.0
1776887266.6721027,-5.0,-4.0,-30.0
1776887266.682103,-6.0,-5.0,-36.0
1776887266.692103,-4.0,-6.0,-37.0
1776887266.702103,-5.0,-5.0,-36.0
1776887266.712103,-1.0,-4.0,-35.0
1776887266.7221026,0.0,-3.0,-37.0
1776887266.7321026,1.0,-1.0,-35.0
1776887266.7421026,-1.0,1.0,-28.0
1776887266.7521029,0.0,0.0,-25.0
1776887266.7621028,4.0,0.0,-24.0
1776887266.7721028,2.0,-3.0,-21.0
1776887266.7821028,4.0,-2.0,-24.0
1776887266.7921028,6.0,-4.0,-23.0
1776887266.8021028,5.0,-6.0,-23.0
1776887266.8121028,2.0,-6.0,-19.0
1776887266.8221028,1.0,-5.0,-22.0
1776887266.8321028,2.0,-5.0,-18.0
1776887266.8421028,2.0,-4.0,-26.0
1776887266.8521028,0.0,-7.0,-29.0
1776887266.8621027,-2.0,-8.0,-29.0
1776887266.8721027,1.0,-1.0,-29.0
1776887266.8821027,0.0,-1.0,-37.0
1776887266.8921027,0.0,-3.0,-39.0
1776887266.9021027,-2.0,-9.0,-40.0
1776887266.9121027,-1.0,-6.0,-38.0
1776887266.9221027,0.0,-7.0,-39.0
1776887266.932103,2.0,-5.0,-44.0
1776887266.942103,5.0,-2.0,-42.0
1776887266.952103,4.0,-5.0,-33.0
1776887266.962103,6.0,-6.0,-31.0
1776887266.9721026,6.0,-8.0,-37.0
1776887266.9821026,4.0,-3.0,-39.0
1776887266.9921026,5.0,-7.0,-47.0
1776887267.0021029,7.0,-6.0,-47.0
1776887267.0121028,6.0,-4.0,-49.0
1776887267.0221028,2.0,-4.0,-46.0
1776887267.0321028,3.0,-4.0,-47.0
1776887267.0421028,2.0,-5.0,-47.0
1776887267.0521028,0.0,-4.0,-48.0
1776887267.0621028,2.0,-2.0,-49.0
1776887267.0721028,1.0,-6.0,-48.0
1776887267.0821028,1.0,-6.0,-51.0
1776887267.0921028,0.0,-7.0,-50.0
1776887267.1021028,0.0,-5.0,-50.0
1776887267.1121027,1.0,-4.0,-44.0
1776887267.1221027,0.0,-4.0,-47.0
1776887267.1321027,0.0,-3.0,-57.0
1776887267.1421027,-6.0,0.0,-56.0
1776887267.1521027,-6.0,0.0,-52.0
1776887267.1621027,-3.0,-1.0,-52.0
1776887267.1721027,-5.0,0.0,-48.0
1776887267.182103,-3.0,-1.0,-53.0
1776887267.192103,2.0,-4.0,-49.0
1776887267.202103,3.0,-1.0,-51.0
1776887267.212103,-2.0,-1.0,-50.0
1776887267.2221026,0.0,-1.0,-46.0
1776887267.2321026,-2.0,-3.0,-43.0
1776887267.2421026,-1.0,-1.0,-46.0
1776887267.2521029,0.0,0.0,-44.0
1776887267.2621028,1.0,0.0,-46.0
1776887267.2721028,1.0,-1.0,-43.0
1776887267.2821028,3.0,-1.0,-35.0
1776887267.2921028,4.0,0.0,-36.0
1776887267.3021028,6.0,3.0,-37.0
1776887267.3121028,3.0,3.0,-40.0
1776887267.3221028,4.0,0.0,-37.0
1776887267.3321028,0.0,0.0,-36.0
1776887267.3421028,-2.0,3.0,-30.0
1776887267.3521028,-1.0,2.0,-40.0
1776887267.3621027,0.0,0.0,-42.0
1776887267.3721027,0.0,2.0,-39.0
1776887267.3821027,0.0,1.0,-37.0
1776887267.3921027,1.0,1.0,-41.0
1776887267.4021027,-1.0,2.0,-42.0
1776887267.4121027,0.0,0.0,-44.0
1776887267.4221027,-2.0,1.0,-43.0
1776887267.432103,1.0,0.0,-36.0
1776887267.442103,1.0,1.0,-37.0
1776887267.452103,5.0,0.0,-37.0
1776887267.462103,4.0,-1.0,-34.0
1776887267.4721026,0.0,-2.0,-27.0
1776887267.4821026,-2.0,0.0,-35.0
1776887267.4921026,-2.0,0.0,-31.0
1776887267.5021029,1.0,2.0,-29.0
1776887267.5121028,-2.0,4.0,-31.0
1776887267.5221028,-1.0,4.0,-35.0
1776887267.5321028,-2.0,2.0,-35.0
1776887267.5421028,2.0,3.0,-30.0
1776887267.5521028,3.0,6.0,-23.0
1776887267.5621028,0.0,3.0,-22.0
1776887267.5721028,3.0,0.0,-22.0
1776887267.5821028,1.0,0.0,-27.0
1776887267.5921028,-2.0,0.0,-28.0
1776887267.6021028,-5.0,1.0,-35.0
1776887267.6121027,-7.0,-1.0,-33.0
1776887267.6221027,-5.0,-2.0,-33.0
1776887267.6321027,0.0,-2.0,-35.0
1776887267.6421027,-3.0,-2.0,-31.0
1776887267.6521027,-4.0,-3.0,-38.0
1776887267.6621027,-6.0,1.0,-49.0
1776887267.6721027,-6.0,-2.0,-46.0
1776887267.682103,-1.0,-5.0,-45.0
1776887267.692103,-2.0,-10.0,-43.0
1776887267.702103,1.0,-10.0,-39.0
1776887267.712103,6.0,-6.0,-39.0
1776887267.7221026,5.0,-6.0,-43.0
1776887267.7321026,2.0,-6.0,-51.0
1776887267.7421026,-1.0,-4.0,-51.0
1776887267.7521029,-5.0,-7.0,-51.0
1776887267.7621028,-3.0,-4.0,-49.0
1776887267.7721028,-8.0,-3.0,-46.0
1776887267.7821028,-7.0,-2.0,-49.0
1776887267.7921028,-8.0,0.0,-49.0
1776887267.8021028,-8.0,4.0,-46.0
1776887267.8121028,-8.0,4.0,-50.0
1776887267.8221028,-6.0,0.0,-55.0
1776887267.8321028,0.0,0.0,-52.0
1776887267.8421028,0.0,2.0,-53.0
1776887267.8521028,2.0,2.0,-56.0
1776887267.8621027,3.0,0.0,-47.0
1776887267.8721027,0.0,-6.0,-41.0
1776887267.8821027,3.0,-6.0,-38.0
1776887267.8921027,7.0,-3.0,-41.0
1776887267.9021027,4.0,-2.0,-44.0
1776887267.9131026,2.0,-3.0,-43.0
1776887267.9231029,5.0,-4.0,-33.0
1776887267.9331028,3.0,-5.0,-32.0
1776887267.9431028,0.0,-4.0,-28.0
1776887267.9531028,-7.0,-1.0,-29.0
1776887267.9631028,-6.0,-1.0,-24.0
1776887267.9731028,0.0,0.0,-31.0
1776887267.9831028,-1.0,3.0,-33.0
1776887267.9931028,-1.0,4.0,-37.0
1776887268.0031028,-5.0,4.0,-31.0
1776887268.0131028,-10.0,3.0,-31.0
1776887268.0231028,-8.0,5.0,-37.0
1776887268.0331028,-2.0,4.0,-40.0
1776887268.0431027,-3.0,0.0,-39.0
1776887268.0531027,-4.0,0.0,-33.0
1776887268.0631027,-2.0,-2.0,-42.0
1776887268.0731027,5.0,-6.0,-39.0
1776887268.0831027,-2.0,-10.0,-38.0
1776887268.0931027,-3.0,-11.0,-36.0
1776887268.1031027,-4.0,-8.0,-40.0
1776887268.113103,-1.0,-7.0,-35.0
1776887268.123103,-2.0,-7.0,-26.0
1776887268.133103,0.0,-8.0,-31.0
1776887268.1431026,-1.0,-2.0,-36.0
1776887268.1531026,0.0,0.0,-39.0
1776887268.1631026,1.0,0.0,-34.0
1776887268.1731029,6.0,-1.0,-31.0
1776887268.1831028,11.0,-1.0,-34.0
1776887268.1931028,6.0,-3.0,-32.0
1776887268.2031028,3.0,-7.0,-35.0
1776887268.2131028,0.0,-6.0,-42.0
1776887268.2231028,-5.0,-9.0,-46.0
1776887268.2331028,-5.0,-10.0,-43.0
1776887268.2431028,0.0,-2.0,-37.0
1776887268.2531028,2.0,0.0,-42.0
1776887268.2631028,5.0,0.0,-42.0
1776887268.2731028,5.0,0.0,-43.0
1776887268.2831028,6.0,-2.0,-46.0
1776887268.2931027,2.0,0.0,-43.0
1776887268.304103,7.0,4.0,-43.0
1776887268.3131027,8.0,1.0,-46.0
1776887268.3231027,8.0,-4.0,-45.0
1776887268.3331027,8.0,-7.0,-41.0
1776887268.3431027,1.0,-5.0,-43.0
1776887268.3531027,1.0,-11.0,-42.0
1776887268.363103,0.0,-11.0,-39.0
1776887268.373103,1.0,-10.0,-34.0
1776887268.383103,-4.0,-4.0,-36.0
1776887268.3931026,-5.0,-7.0,-33.0
1776887268.4031026,-4.0,-8.0,-32.0
1776887268.4131026,-3.0,-5.0,-33.0
1776887268.4231029,-2.0,-3.0,-33.0
1776887268.4331028,1.0,-2.0,-30.0
1776887268.4431028,-4.0,-7.0,-31.0
1776887268.4531028,-4.0,-6.0,-32.0
1776887268.4631028,-5.0,-4.0,-35.0
1776887268.4731028,-3.0,-6.0,-36.0
1776887268.4831028,-2.0,-4.0,-42.0
1776887268.4931028,-1.0,-8.0,-48.0
1776887268.5031028,0.0,-5.0,-48.0
1776887268.5131028,-1.0,-3.0,-46.0
1776887268.5231028,1.0,-1.0,-45.0
1776887268.5331028,6.0,0.0,-39.0
1776887268.5431027,-1.0,-2.0,-40.0
1776887268.5531027,-3.0,-1.0,-46.0
1776887268.5631027,-4.0,-1.0,-43.0
1776887268.5731027,-5.0,-4.0,-38.0
1776887268.5831027,-6.0,-5.0,-42.0
1776887268.5931027,-1.0,-4.0,-40.0
1776887268.6031027,-3.0,0.0,-44.0
1776887268.613103,-1.0,-1.0,-44.0
1776887268.623103,2.0,-1.0,-45.0
1776887268.633103,4.0,-3.0,-47.0
1776887268.6431026,4.0,-1.0,-45.0
1776887268.6531026,5.0,1.0,-45.0
1776887268.6631026,6.0,4.0,-46.0
1776887268.6731029,7.0,-3.0,-45.0
1776887268.6831028,6.0,-2.0,-41.0
1776887268.6931028,7.0,-3.0,-39.0
1776887268.7031028,8.0,-3.0,-38.0
1776887268.7131028,4.0,-3.0,-43.0
1776887268.7231028,1.0,-2.0,-46.0
1776887268.7331028,2.0,-3.0,-48.0
1776887268.7431028,4.0,0.0,-50.0
1776887268.7531028,4.0,0.0,-53.0
1776887268.7631028,0.0,0.0,-49.0
1776887268.7731028,0.0,1.0,-39.0
1776887268.7831028,5.0,-2.0,-32.0
1776887268.7931027,7.0,-1.0,-41.0
1776887268.8031027,9.0,-2.0,-38.0
1776887268.8131027,6.0,-4.0,-35.0
1776887268.8231027,2.0,-4.0,-38.0
1776887268.8331027,0.0,-2.0,-36.0
1776887268.8431027,3.0,-4.0,-38.0
1776887268.8531027,1.0,-5.0,-40.0
1776887268.863103,2.0,-5.0,-40.0
1776887268.873103,1.0,-9.0,-35.0
1776887268.883103,3.0,-10.0,-35.0
1776887268.8931026,4.0,-10.0,-32.0
1776887268.9031026,7.0,-7.0,-33.0
1776887268.9131026,3.0,-6.0,-33.0
1776887268.9231029,5.0,-4.0,-41.0
1776887268.9331028,3.0,-1.0,-38.0
1776887268.9431028,0.0,-1.0,-39.0
1776887268.9531028,2.0,-4.0,-40.0
1776887268.9631028,2.0,-7.0,-43.0
1776887268.9731028,5.0,-7.0,-36.0
1776887268.9831028,3.0,-8.0,-32.0
1776887268.9931028,0.0,-6.0,-34.0
1776887269.0031028,1.0,-4.0,-38.0
1776887269.0131028,3.0,0.0,-38.0
1776887269.0231028,3.0,0.0,-40.0
1776887269.0331028,3.0,0.0,-38.0
1776887269.0431027,4.0,-3.0,-43.0
1776887269.0531027,5.0,-2.0,-42.0
1776887269.0631027,8.0,0.0,-39.0
1776887269.0731027,7.0,-2.0,-40.0
1776887269.0831027,5.0,-3.0,-42.0
1776887269.0931027,2.0,-6.0,-44.0
1776887269.1031027,0.0,-5.0,-41.0
1776887269.113103,0.0,-4.0,-43.0
1776887269.123103,-5.0,-6.0,-44.0
1776887269.133103,0.0,-7.0,-46.0
1776887269.1431026,3.0,-9.0,-43.0
1776887269.1531026,3.0,-8.0,-46.0
1776887269.1631026,1.0,-9.0,-43.0
1776887269.1731029,0.0,-6.0,-40.0
1776887269.1831028,-1.0,-1.0,-44.0
1776887269.1931028,0.0,0.0,-41.0
1776887269.2031028,0.0,0.0,-38.0
1776887269.2131028,1.0,3.0,-38.0
1776887269.2231028,-1.0,2.0,-30.0
1776887269.2331028,-2.0,0.0,-30.0
1776887269.2431028,0.0,0.0,-28.0
1776887269.2531028,2.0,-2.0,-28.0
1776887269.2631028,5.0,-2.0,-29.0
1776887269.2731028,7.0,-6.0,-33.0
1776887269.2831028,4.0,-5.0,-33.0
1776887269.2931027,5.0,-4.0,-36.0
1776887269.3031027,3.0,0.0,-38.0
1776887269.3131027,2.0,0.0,-34.0
1776887269.3231027,-2.0,5.0,-35.0
1776887269.3331027,0.0,3.0,-34.0
1776887269.3431027,6.0,3.0,-40.0
1776887269.3531027,1.0,5.0,-46.0
1776887269.363103,0.0,6.0,-39.0
1776887269.373103,3.0,2.0,-37.0
1776887269.383103,0.0,0.0,-36.0
1776887269.3931026,2.0,-1.0,-35.0
1776887269.4031026,2.0,0.0,-41.0
1776887269.4131026,0.0,0.0,-47.0
1776887269.4231029,2.0,0.0,-49.0
1776887269.4331028,3.0,0.0,-46.0
1776887269.4431028,3.0,0.0,-41.0
1776887269.4531028,3.0,1.0,-41.0
1776887269.4631028,2.0,1.0,-36.0
1776887269.4731028,1.0,4.0,-36.0
1776887269.4831028,0.0,6.0,-29.0
1776887269.4931028,2.0,4.0,-31.0
1776887269.5031028,1.0,5.0,-33.0
1776887269.5131028,-1.0,4.0,-34.0
1776887269.5231028,1.0,2.0,-39.0
1776887269.5331028,5.0,1.0,-40.0
1776887269.5431027,3.0,2.0,-36.0
1776887269.5531027,1.0,2.0,-38.0
1776887269.5631027,3.0,3.0,-42.0
1776887269.5731027,4.0,0.0,-40.0
1776887269.5831027,5.0,-1.0,-45.0
1776887269.5931027,1.0,-2.0,-48.0
1776887269.6031027,4.0,-3.0,-45.0
1776887269.613103,6.0,-5.0,-41.0
1776887269.623103,6.0,-2.0,-35.0
1776887269.633103,3.0,0.0,-26.0
1776887269.6431026,1.0,-1.0,-24.0
1776887269.6531026,0.0,-1.0,-26.0
1776887269.6631026,0.0,-2.0,-27.0
1776887269.6731029,1.0,2.0,-30.0
1776887269.6831028,0.0,4.0,-30.0
1776887269.6931028,0.0,10.0,-29.0
1776887269.7031028,-3.0,5.0,-32.0
1776887269.7131028,-4.0,6.0,-34.0
1776887269.7231028,-4.0,2.0,-35.0
1776887269.7331028,-8.0,0.0,-33.0
1776887269.7431028,-4.0,0.0,-34.0
1776887269.7531028,-7.0,-3.0,-38.0
1776887269.7631028,-7.0,-4.0,-31.0
1776887269.7731028,-6.0,-4.0,-26.0
1776887269.7831028,-1.0,-4.0,-27.0
1776887269.7931027,2.0,-1.0,-32.0
1776887269.8031027,6.0,-2.0,-35.0
1776887269.8131027,8.0,-5.0,-30.0
1776887269.8231027,9.0,-8.0,-36.0
1776887269.8331027,9.0,-7.0,-33.0
1776887269.8431027,10.0,-7.0,-35.0
1776887269.8531027,4.0,-4.0,-39.0
1776887269.863103,2.0,-5.0,-42.0
1776887269.873103,-4.0,-6.0,-36.0
1776887269.883103,-1.0,-4.0,-35.0
1776887269.8931026,-2.0,-1.0,-29.0
1776887269.9031026,-1.0,-4.0,-37.0
1776887269.9131026,4.0,-5.0,-37.0
1776887269.9241028,-1.0,-2.0,-42.0
1776887269.9341028,-1.0,-2.0,-36.0
1776887269.9441028,0.0,-1.0,-41.0
1776887269.9541028,-1.0,-1.0,-36.0
1776887269.9641027,-3.0,0.0,-30.0
1776887269.9741027,-5.0,0.0,-33.0
1776887269.9841027,-1.0,0.0,-31.0
1776887269.9941027,-5.0,0.0,-32.0
1776887270.0041027,-4.0,4.0,-27.0
1776887270.0141027,-2.0,6.0,-24.0
1776887270.0241027,-2.0,3.0,-28.0
1776887270.034103,-3.0,-1.0,-29.0
1776887270.044103,-3.0,-2.0,-24.0
1776887270.054103,-6.0,-7.0,-19.0
1776887270.0641026,-2.0,-5.0,-12.0
1776887270.0741026,-4.0,-2.0,-15.0
1776887270.0841026,-6.0,0.0,-21.0
1776887270.0941026,-6.0,2.0,-27.0
1776887270.1041028,-4.0,4.0,-34.0
1776887270.1141028,-3.0,2.0,-35.0
1776887270.1241028,-4.0,0.0,-37.0
1776887270.1341028,-7.0,3.0,-31.0
1776887270.1441028,-4.0,7.0,-28.0
1776887270.1541028,-6.0,5.0,-27.0
1776887270.1641028,-2.0,0.0,-25.0
1776887270.1741028,1.0,1.0,-30.0
1776887270.1841028,3.0,-1.0,-38.0
1776887270.1941028,3.0,0.0,-41.0
1776887270.2041028,0.0,0.0,-40.0
1776887270.2141027,0.0,-2.0,-32.0
1776887270.2241027,0.0,-2.0,-32.0
1776887270.2341027,4.0,0.0,-28.0
1776887270.2441027,2.0,5.0,-24.0
1776887270.2541027,2.0,2.0,-28.0
1776887270.2641027,3.0,0.0,-31.0
1776887270.2741027,0.0,5.0,-27.0
1776887270.284103,-1.0,3.0,-26.0
1776887270.294103,-4.0,0.0,-32.0
1776887270.304103,-1.0,3.0,-34.0
1776887270.3141026,-1.0,4.0,-27.0
1776887270.3241026,-2.0,4.0,-27.0
1776887270.3341026,-1.0,1.0,-32.0
1776887270.3441026,2.0,0.0,-41.0
1776887270.3541028,3.0,-2.0,-39.0
1776887270.3641028,5.0,0.0,-41.0
1776887270.3741028,6.0,2.0,-33.0
1776887270.3841028,6.0,-2.0,-38.0
1776887270.3941028,6.0,-2.0,-40.0
1776887270.4041028,5.0,0.0,-40.0
1776887270.4141028,0.0,0.0,-35.0
1776887270.4241028,3.0,1.0,-37.0
1776887270.4341028,4.0,1.0,-37.0
1776887270.4441028,5.0,5.0,-39.0
1776887270.4541028,2.0,3.0,-38.0
1776887270.4641027,5.0,4.0,-35.0
1776887270.4741027,6.0,5.0,-30.0
1776887270.4841027,5.0,3.0,-30.0
1776887270.4941027,3.0,0.0,-23.0
1776887270.5041027,0.0,0.0,-34.0
1776887270.5141027,-3.0,-2.0,-31.0
1776887270.5241027,-6.0,-2.0,-27.0
1776887270.534103,-7.0,-5.0,-26.0
1776887270.544103,-6.0,-6.0,-30.0
1776887270.554103,0.0,-8.0,-39.0
1776887270.5641026,0.0,-11.0,-34.0
1776887270.5741026,3.0,-12.0,-36.0
1776887270.5841026,10.0,-10.0,-32.0
1776887270.5941026,10.0,-10.0,-38.0
1776887270.6041028,12.0,-7.0,-33.0
1776887270.6141028,6.0,-3.0,-35.0
1776887270.6241028,5.0,-6.0,-34.0
1776887270.6341028,2.0,-5.0,-34.0
1776887270.6441028,1.0,-2.0,-43.0
1776887270.6541028,3.0,-2.0,-40.0
1776887270.6641028,4.0,-1.0,-39.0
1776887270.6741028,3.0,0.0,-33.0
1776887270.6841028,3.0,0.0,-35.0
1776887270.6941028,9.0,0.0,-40.0
1776887270.7041028,7.0,-3.0,-37.0
1776887270.7141027,6.0,-7.0,-37.0
1776887270.7241027,0.0,-6.0,-43.0
1776887270.7341027,-1.0,-1.0,-39.0
1776887270.7441027,-1.0,-5.0,-36.0
1776887270.7541027,0.0,-5.0,-43.0
1776887270.7641027,2.0,-3.0,-42.0
1776887270.7741027,-1.0,-3.0,-37.0
1776887270.784103,0.0,-2.0,-36.0
1776887270.794103,0.0,0.0,-35.0
1776887270.804103,0.0,0.0,-37.0
1776887270.8141026,-1.0,0.0,-43.0
1776887270.8241026,-1.0,-1.0,-38.0
1776887270.8341026,-1.0,-2.0,-38.0
1776887270.8441026,0.0,-2.0,-36.0
1776887270.8541028,-1.0,0.0,-35.0
1776887270.8641028,0.0,0.0,-36.0
1776887270.8741028,0.0,0.0,-31.0
1776887270.8841028,-1.0,2.0,-30.0
1776887270.8941028,-1.0,2.0,-35.0
1776887270.9041028,0.0,4.0,-35.0
1776887270.9141028,-1.0,4.0,-37.0
1776887270.9241028,-7.0,5.0,-46.0
1776887270.9341028,0.0,5.0,-44.0
1776887270.9441028,-1.0,2.0,-38.0
1776887270.9541028,-3.0,2.0,-33.0
1776887270.9641027,-1.0,3.0,-39.0
1776887270.9741027,1.0,2.0,-40.0
1776887270.9841027,-1.0,1.0,-42.0
1776887270.9941027,-4.0,0.0,-45.0
1776887271.0041027,-6.0,-3.0,-46.0
1776887271.0141027,-5.0,-5.0,-50.0
1776887271.0241027,0.0,-6.0,-46.0
1776887271.034103,3.0,-5.0,-42.0
1776887271.044103,1.0,-2.0,-42.0
1776887271.054103,3.0,0.0,-41.0
1776887271.0641026,1.0,-1.0,-37.0
1776887271.0741026,4.0,1.0,-36.0
1776887271.0841026,1.0,2.0,-32.0
1776887271.0941026,2.0,0.0,-31.0
1776887271.1041028,4.0,-2.0,-33.0
1776887271.1141028,-2.0,-2.0,-38.0
1776887271.1241028,-6.0,0.0,-41.0
1776887271.1341028,-6.0,-5.0,-37.0
1776887271.1441028,-5.0,-5.0,-34.0
1776887271.1541028,-6.0,-8.0,-37.0
1776887271.1641028,-4.0,-5.0,-41.0
1776887271.1741028,-2.0,-5.0,-44.0
1776887271.1841028,-1.0,-4.0,-39.0
1776887271.1951027,-4.0,-3.0,-38.0
1776887271.2041028,-7.0,0.0,-39.0
1776887271.2141027,-9.0,-4.0,-37.0
1776887271.2241027,-7.0,-5.0,-37.0
1776887271.2341027,-4.0,-2.0,-35.0
1776887271.2441027,-1.0,-1.0,-38.0
1776887271.2541027,-3.0,-1.0,-37.0
1776887271.2641027,-1.0,0.0,-44.0
1776887271.2741027,-2.0,1.0,-44.0
1776887271.284103,1.0,-2.0,-50.0
1776887271.294103,2.0,-6.0,-52.0
1776887271.304103,7.0,-7.0,-54.0
1776887271.3141026,3.0,-8.0,-53.0
1776887271.3241026,1.0,-7.0,-54.0
1776887271.3341026,-2.0,-3.0,-49.0
1776887271.3441026,-2.0,-2.0,-43.0
1776887271.3541028,-3.0,0.0,-35.0
1776887271.3641028,-1.0,-1.0,-31.0
1776887271.3741028,-5.0,-5.0,-35.0
1776887271.3841028,-5.0,-4.0,-34.0
1776887271.3941028,-8.0,-7.0,-31.0
1776887271.4041028,-2.0,-3.0,-32.0
1776887271.4141028,1.0,-3.0,-28.0
1776887271.4241028,3.0,-3.0,-33.0
1776887271.4341028,4.0,-3.0,-34.0
1776887271.4441028,6.0,0.0,-37.0
1776887271.4541028,0.0,0.0,-44.0
1776887271.4641027,2.0,-4.0,-44.0
1776887271.4741027,0.0,-3.0,-54.0
1776887271.4841027,0.0,-2.0,-53.0
1776887271.4941027,0.0,-4.0,-49.0
1776887271.5041027,-1.0,-7.0,-48.0
1776887271.5141027,1.0,-5.0,-42.0
1776887271.5241027,0.0,-6.0,-38.0
1776887271.534103,2.0,-11.0,-40.0
1776887271.544103,5.0,-12.0,-45.0
1776887271.554103,7.0,-15.0,-42.0
1776887271.5641026,6.0,-14.0,-38.0
1776887271.5741026,8.0,-13.0,-33.0
1776887271.5841026,6.0,-12.0,-28.0
1776887271.5941026,3.0,-10.0,-29.0
1776887271.6041028,2.0,-9.0,-24.0
1776887271.6141028,3.0,-9.0,-22.0
1776887271.6241028,6.0,-6.0,-18.0
1776887271.6341028,4.0,-4.0,-26.0
1776887271.6441028,0.0,-4.0,-25.0
1776887271.6541028,2.0,-6.0,-34.0
1776887271.6641028,4.0,-3.0,-38.0
1776887271.6741028,2.0,-2.0,-35.0
1776887271.6841028,0.0,0.0,-36.0
1776887271.6941028,0.0,-5.0,-35.0
1776887271.7041028,3.0,-5.0,-33.0
1776887271.7141027,3.0,-4.0,-40.0
1776887271.7241027,2.0,-1.0,-42.0
1776887271.7341027,0.0,-2.0,-42.0
1776887271.7441027,0.0,-1.0,-41.0
1776887271.7541027,0.0,2.0,-38.0
1776887271.7641027,-4.0,3.0,-39.0
1776887271.7741027,-6.0,0.0,-37.0
1776887271.784103,-4.0,0.0,-34.0
1776887271.794103,-5.0,-1.0,-35.0
1776887271.804103,-9.0,0.0,-38.0
1776887271.8141026,-4.0,1.0,-44.0
1776887271.8241026,-1.0,0.0,-45.0
1776887271.8341026,-3.0,-1.0,-45.0
1776887271.8441026,-2.0,-3.0,-40.0
1776887271.8541028,3.0,-1.0,-38.0
1776887271.8641028,8.0,-3.0,-34.0
1776887271.8741028,8.0,-4.0,-35.0
1776887271.8841028,5.0,0.0,-31.0
1776887271.8941028,5.0,-3.0,-34.0
1776887271.9041028,4.0,-2.0,-35.0
1776887271.9151027,1.0,0.0,-39.0
1776887271.9251027,1.0,1.0,-45.0
1776887271.9351027,1.0,-3.0,-44.0
1776887271.9451027,0.0,-1.0,-37.0
1776887271.9551027,0.0,1.0,-40.0
1776887271.965103,-3.0,-1.0,-41.0
1776887271.975103,-2.0,0.0,-41.0
1776887271.985103,0.0,0.0,-37.0
1776887271.9951026,2.0,0.0,-33.0
1776887272.0051026,4.0,0.0,-33.0
1776887272.0151026,0.0,1.0,-30.0
1776887272.0251029,2.0,0.0,-31.0
1776887272.0351028,0.0,0.0,-27.0
1776887272.0451028,0.0,1.0,-30.0
1776887272.0551028,0.0,-5.0,-32.0
1776887272.0651028,0.0,-5.0,-35.0
1776887272.0751028,-2.0,-2.0,-41.0
1776887272.0851028,-2.0,0.0,-42.0
1776887272.0951028,4.0,0.0,-43.0
1776887272.1051028,4.0,0.0,-38.0
1776887272.1151028,-2.0,1.0,-35.0
1776887272.1251028,-5.0,3.0,-34.0
1776887272.1351027,-5.0,1.0,-39.0
1776887272.1451027,-7.0,0.0,-44.0
1776887272.1551027,-3.0,0.0,-43.0
1776887272.1651027,0.0,-4.0,-45.0
1776887272.1751027,2.0,-2.0,-44.0
1776887272.1851027,2.0,1.0,-41.0
1776887272.1951027,0.0,5.0,-49.0
1776887272.2051027,0.0,5.0,-49.0
1776887272.215103,0.0,6.0,-48.0
1776887272.225103,3.0,5.0,-41.0
1776887272.235103,5.0,1.0,-33.0
1776887272.2451026,5.0,3.0,-33.0
1776887272.2551026,2.0,-1.0,-34.0
1776887272.2651026,2.0,-2.0,-35.0
1776887272.2751029,6.0,-3.0,-27.0
1776887272.2851028,3.0,-3.0,-26.0
1776887272.2951028,1.0,-1.0,-31.0
1776887272.3051028,0.0,0.0,-36.0
1776887272.3151028,2.0,2.0,-38.0
1776887272.3251028,3.0,1.0,-41.0
1776887272.3351028,1.0,-1.0,-37.0
1776887272.3451028,2.0,-2.0,-33.0
1776887272.3551028,0.0,-3.0,-38.0
1776887272.3651028,2.0,-4.0,-35.0
1776887272.3751028,5.0,-3.0,-35.0
1776887272.3851027,0.0,-3.0,-37.0
1776887272.3951027,-3.0,-2.0,-38.0
1776887272.4051027,0.0,0.0,-39.0
1776887272.4151027,0.0,2.0,-44.0
1776887272.4251027,0.0,0.0,-46.0
1776887272.4351027,-5.0,-4.0,-44.0
1776887272.4451027,-7.0,-4.0,-42.0
1776887272.4551027,-3.0,-4.0,-42.0
1776887272.465103,-1.0,-4.0,-49.0
1776887272.475103,-3.0,-2.0,-45.0
1776887272.485103,0.0,-4.0,-30.0
1776887272.4951026,-3.0,-5.0,-34.0
1776887272.5051026,-2.0,0.0,-40.0
1776887272.5151026,0.0,1.0,-35.0
1776887272.5251029,1.0,-3.0,-34.0
1776887272.5351028,0.0,-2.0,-28.0
1776887272.5451028,3.0,-1.0,-29.0
1776887272.5551028,4.0,0.0,-31.0
1776887272.5651028,0.0,-2.0,-32.0
1776887272.5751028,-1.0,-8.0,-30.0
1776887272.5851028,1.0,-5.0,-29.0
1776887272.5951028,5.0,-8.0,-24.0
1776887272.6051028,4.0,-9.0,-28.0
1776887272.6151028,5.0,-7.0,-31.0
1776887272.6251028,3.0,-4.0,-38.0
1776887272.6351027,4.0,-4.0,-41.0
1776887272.6451027,0.0,-4.0,-37.0
1776887272.6551027,2.0,-3.0,-39.0
1776887272.6651027,5.0,-2.0,-39.0
1776887272.6751027,3.0,1.0,-43.0
1776887272.6851027,4.0,0.0,-44.0
1776887272.6951027,6.0,2.0,-45.0
1776887272.7051027,2.0,0.0,-42.0
1776887272.715103,5.0,0.0,-39.0
1776887272.725103,0.0,2.0,-42.0
1776887272.735103,-3.0,3.0,-39.0
1776887272.7451026,0.0,0.0,-43.0
1776887272.7551026,1.0,-4.0,-37.0
1776887272.7651026,6.0,0.0,-39.0
1776887272.7751029,10.0,1.0,-46.0
1776887272.7851028,4.0,0.0,-45.0
1776887272.7951028,0.0,0.0,-38.0
1776887272.8051028,-1.0,1.0,-39.0
1776887272.8151028,-2.0,2.0,-36.0
1776887272.8251028,1.0,-1.0,-30.0
1776887272.8351028,1.0,-1.0,-36.0
1776887272.8451028,2.0,-2.0,-42.0
1776887272.8551028,-1.0,-3.0,-38.0
1776887272.8651028,3.0,-3.0,-38.0
1776887272.8751028,9.0,1.0,-40.0
1776887272.8851027,6.0,3.0,-43.0
1776887272.8951027,5.0,0.0,-44.0
1776887272.9051027,5.0,-1.0,-42.0
1776887272.9151027,1.0,0.0,-42.0
1776887272.9251027,3.0,0.0,-32.0
1776887272.9351027,0.0,-1.0,-32.0
1776887272.9451027,0.0,-4.0,-32.0
1776887272.9551027,3.0,-5.0,-36.0
1776887272.965103,5.0,-2.0,-33.0
1776887272.975103,3.0,-6.0,-29.0
1776887272.985103,3.0,-4.0,-28.0
1776887272.9951026,0.0,-5.0,-25.0
1776887273.0051026,1.0,-6.0,-23.0
1776887273.0151026,3.0,-5.0,-15.0
1776887273.0251029,5.0,-7.0,-24.0
1776887273.0351028,7.0,-5.0,-31.0
1776887273.0451028,10.0,-4.0,-35.0
1776887273.0551028,6.0,-3.0,-36.0
1776887273.0651028,0.0,-3.0,-38.0
1776887273.0751028,1.0,-2.0,-39.0
1776887273.0851028,1.0,-1.0,-40.0
1776887273.0951028,0.0,-1.0,-43.0
1776887273.1051028,-2.0,0.0,-39.0
1776887273.1151028,1.0,1.0,-34.0
1776887273.1251028,-2.0,0.0,-35.0
1776887273.1351027,0.0,-2.0,-36.0
1776887273.1451027,-6.0,-4.0,-31.0
1776887273.1551027,-9.0,-6.0,-32.0
1776887273.1651027,-7.0,-7.0,-31.0
1776887273.1751027,-6.0,-2.0,-33.0
1776887273.1851027,0.0,0.0,-40.0
1776887273.1951027,0.0,-2.0,-44.0
1776887273.2051027,0.0,-3.0,-49.0
1776887273.215103,-3.0,-2.0,-45.0
1776887273.225103,0.0,1.0,-46.0
1776887273.235103,2.0,-2.0,-40.0
1776887273.2451026,1.0,-4.0,-36.0
1776887273.2551026,2.0,-1.0,-35.0
1776887273.2651026,2.0,2.0,-36.0
1776887273.2751029,2.0,5.0,-31.0
1776887273.2851028,0.0,5.0,-31.0
1776887273.2951028,0.0,3.0,-32.0
1776887273.3051028,0.0,0.0,-37.0
1776887273.3151028,1.0,-2.0,-43.0
1776887273.3251028,3.0,-6.0,-44.0
1776887273.3351028,8.0,-6.0,-49.0
1776887273.3451028,5.0,-3.0,-52.0
1776887273.3551028,1.0,-3.0,-49.0
1776887273.3651028,-1.0,0.0,-45.0
1776887273.3751028,1.0,2.0,-41.0
1776887273.3851027,4.0,-1.0,-39.0
1776887273.3951027,3.0,-2.0,-36.0
1776887273.4051027,2.0,-6.0,-29.0
1776887273.4151027,1.0,-6.0,-26.0
1776887273.4251027,2.0,-3.0,-28.0
1776887273.4351027,6.0,-1.0,-32.0
1776887273.4451027,7.0,0.0,-32.0
1776887273.4551027,3.0,3.0,-27.0
1776887273.465103,2.0,3.0,-25.0
1776887273.475103,-2.0,2.0,-27.0
1776887273.485103,-1.0,5.0,-32.0
1776887273.4951026,0.0,4.0,-30.0
1776887273.5051026,0.0,5.0,-30.0
1776887273.5151026,3.0,0.0,-30.0
1776887273.5251029,1.0,-4.0,-28.0
1776887273.5351028,0.0,0.0,-24.0
1776887273.5451028,0.0,1.0,-26.0
1776887273.5551028,-3.0,1.0,-35.0
1776887273.5651028,-3.0,0.0,-38.0
1776887273.5751028,0.0,-4.0,-39.0
1776887273.5851028,2.0,-5.0,-37.0
1776887273.5951028,0.0,-5.0,-39.0
1776887273.6051028,-1.0,-6.0,-43.0
1776887273.6151028,0.0,-5.0,-39.0
1776887273.6251028,0.0,-4.0,-43.0
1776887273.6351027,-6.0,-1.0,-39.0
1776887273.6451027,-6.0,0.0,-38.0
1776887273.6551027,0.0,0.0,-40.0
1776887273.6651027,3.0,-1.0,-43.0
1776887273.6751027,1.0,-8.0,-37.0
1776887273.6851027,0.0,-7.0,-35.0
1776887273.6951027,-1.0,-3.0,-41.0
1776887273.7051027,-1.0,-4.0,-40.0
1776887273.715103,1.0,-5.0,-34.0
1776887273.725103,4.0,-4.0,-39.0
1776887273.735103,6.0,-4.0,-48.0
1776887273.7451026,4.0,-4.0,-50.0
1776887273.7551026,2.0,-3.0,-50.0
1776887273.7651026,-5.0,-3.0,-49.0
1776887273.7751029,-2.0,0.0,-47.0
1776887273.7851028,3.0,0.0,-44.0
1776887273.7951028,3.0,3.0,-41.0
1776887273.8051028,3.0,4.0,-44.0
1776887273.8151028,3.0,6.0,-42.0
1776887273.8251028,5.0,9.0,-44.0
1776887273.8351028,6.0,6.0,-39.0
1776887273.8451028,4.0,5.0,-42.0
1776887273.8551028,4.0,3.0,-44.0
1776887273.8651028,4.0,0.0,-41.0
1776887273.8751028,6.0,1.0,-35.0
1776887273.8851027,3.0,0.0,-38.0
1776887273.8951027,6.0,-3.0,-43.0
1776887273.9051027,3.0,-2.0,-50.0
1776887273.9161026,4.0,-1.0,-45.0
1776887273.9261026,5.0,-1.0,-45.0
1776887273.9361026,6.0,-1.0,-49.0
1776887273.9461029,4.0,-1.0,-48.0
1776887273.9561028,4.0,0.0,-39.0
1776887273.9661028,-2.0,0.0,-38.0
1776887273.9761028,0.0,0.0,-41.0
1776887273.9861028,0.0,-2.0,-38.0
1776887273.9961028,3.0,-3.0,-38.0
1776887274.0061028,5.0,-5.0,-36.0
1776887274.0161028,0.0,-4.0,-34.0
1776887274.0261028,-3.0,-2.0,-31.0
1776887274.0361028,-6.0,3.0,-41.0
1776887274.0461028,-4.0,3.0,-38.0
1776887274.0561028,-3.0,6.0,-38.0
1776887274.0661027,-1.0,5.0,-36.0
1776887274.0761027,-3.0,2.0,-42.0
1776887274.0861027,2.0,-3.0,-42.0
1776887274.0961027,5.0,1.0,-48.0
1776887274.1061027,7.0,0.0,-42.0
1776887274.1161027,5.0,0.0,-43.0
1776887274.1261027,4.0,-1.0,-43.0
1776887274.136103,4.0,3.0,-46.0
1776887274.146103,3.0,4.0,-47.0
1776887274.156103,2.0,4.0,-44.0
1776887274.1661026,6.0,6.0,-40.0
1776887274.1761026,6.0,4.0,-36.0
1776887274.1861026,5.0,-2.0,-36.0
1776887274.1961029,3.0,-5.0,-24.0
1776887274.2061028,-1.0,-3.0,-21.0
1776887274.2161028,0.0,-2.0,-17.0
1776887274.2261028,-2.0,5.0,-17.0
1776887274.2361028,-4.0,5.0,-28.0
1776887274.2461028,-6.0,3.0,-30.0
1776887274.2561028,-2.0,3.0,-30.0
1776887274.2661028,-1.0,1.0,-28.0
1776887274.2761028,4.0,2.0,-37.0
1776887274.2861028,0.0,3.0,-38.0
1776887274.2961028,0.0,5.0,-32.0
1776887274.3061028,2.0,3.0,-33.0
1776887274.3161027,0.0,0.0,-35.0
1776887274.3261027,3.0,-4.0,-37.0
1776887274.3361027,0.0,-2.0,-28.0
1776887274.3461027,0.0,-6.0,-23.0
1776887274.3561027,-2.0,-5.0,-35.0
1776887274.3661027,0.0,-5.0,-35.0
1776887274.3761027,0.0,-3.0,-35.0
1776887274.386103,-1.0,-2.0,-29.0
1776887274.396103,2.0,-2.0,-33.0
1776887274.406103,1.0,-3.0,-35.0
1776887274.4161026,4.0,-8.0,-27.0
1776887274.4261026,4.0,-6.0,-31.0
1776887274.4361026,2.0,-5.0,-36.0
1776887274.4461029,-3.0,-5.0,-36.0
1776887274.4561028,-5.0,-4.0,-32.0
1776887274.4661028,-2.0,-3.0,-34.0
1776887274.4761028,0.0,-2.0,-30.0
1776887274.4861028,5.0,-8.0,-33.0
1776887274.4961028,2.0,-5.0,-34.0
1776887274.5061028,2.0,-1.0,-37.0
1776887274.5161028,1.0,0.0,-31.0
1776887274.5261028,0.0,0.0,-32.0
1776887274.5361028,-1.0,1.0,-39.0
1776887274.5461028,2.0,1.0,-49.0
1776887274.5561028,2.0,-4.0,-50.0
1776887274.5661027,4.0,-10.0,-45.0
1776887274.5761027,1.0,-11.0,-48.0
1776887274.5861027,-3.0,-9.0,-45.0
1776887274.5961027,-8.0,-8.0,-43.0
1776887274.6061027,-3.0,-6.0,-36.0
1776887274.6161027,-4.0,0.0,-34.0
1776887274.6261027,-7.0,2.0,-34.0
1776887274.636103,0.0,2.0,-37.0
1776887274.646103,3.0,0.0,-43.0
1776887274.656103,6.0,-3.0,-43.0
1776887274.6661026,6.0,-3.0,-45.0
1776887274.6761026,4.0,-4.0,-37.0
1776887274.6861026,4.0,-3.0,-35.0
1776887274.6961029,2.0,-4.0,-44.0
1776887274.7061028,-4.0,0.0,-45.0
1776887274.7161028,-5.0,-1.0,-37.0
1776887274.7261028,-7.0,-3.0,-36.0
1776887274.7361028,-6.0,0.0,-34.0
1776887274.7461028,-4.0,-3.0,-35.0
1776887274.7561028,-6.0,-5.0,-37.0
1776887274.7661028,-4.0,0.0,-38.0
1776887274.7761028,0.0,1.0,-39.0
1776887274.7861028,7.0,1.0,-38.0
1776887274.7961028,8.0,0.0,-34.0
1776887274.8061028,7.0,-2.0,-34.0
1776887274.8161027,8.0,2.0,-35.0
1776887274.8261027,11.0,1.0,-39.0
1776887274.8361027,7.0,0.0,-37.0
1776887274.8461027,3.0,-3.0,-36.0
1776887274.8561027,0.0,-4.0,-36.0
1776887274.8661027,-1.0,-6.0,-36.0
1776887274.8761027,-1.0,-5.0,-42.0
1776887274.886103,0.0,-7.0,-46.0
1776887274.896103,1.0,-9.0,-45.0
1776887274.906103,0.0,-6.0,-43.0
1776887274.9161026,-1.0,-5.0,-43.0
1776887274.9261026,-7.0,-6.0,-48.0
1776887274.9361026,-7.0,-4.0,-44.0
1776887274.9461029,0.0,-5.0,-38.0
1776887274.9561028,4.0,-7.0,-34.0
1776887274.9661028,5.0,-4.0,-36.0
1776887274.9761028,6.0,0.0,-36.0
1776887274.9861028,9.0,-1.0,-38.0
1776887274.9961028,12.0,-5.0,-39.0
1776887275.0061028,5.0,-6.0,-30.0
1776887275.0161028,0.0,-1.0,-26.0
1776887275.0261028,-2.0,-2.0,-22.0
1776887275.0361028,1.0,-2.0,-32.0
1776887275.0461028,4.0,0.0,-32.0
1776887275.0561028,4.0,-3.0,-39.0
1776887275.0661027,3.0,-5.0,-42.0
1776887275.0761027,7.0,-3.0,-41.0
1776887275.0861027,8.0,-2.0,-42.0
1776887275.0961027,3.0,0.0,-41.0
1776887275.1061027,0.0,1.0,-41.0
1776887275.1161027,-2.0,3.0,-36.0
1776887275.1261027,1.0,0.0,-33.0
1776887275.136103,0.0,-1.0,-36.0
1776887275.146103,-2.0,-2.0,-35.0
1776887275.156103,-5.0,-3.0,-28.0
1776887275.1661026,-4.0,-5.0,-26.0
1776887275.1761026,6.0,-3.0,-34.0
1776887275.1861026,6.0,1.0,-30.0
1776887275.1961029,8.0,1.0,-30.0
1776887275.2061028,7.0,1.0,-29.0
1776887275.2161028,0.0,-1.0,-35.0
1776887275.2261028,1.0,-5.0,-39.0
1776887275.2361028,2.0,-3.0,-42.0
1776887275.2461028,-3.0,0.0,-38.0
1776887275.2561028,1.0,2.0,-31.0
1776887275.2661028,1.0,-2.0,-34.0
1776887275.2761028,0.0,-1.0,-33.0
1776887275.2861028,-2.0,-1.0,-30.0
1776887275.2961028,0.0,0.0,-32.0
1776887275.3061028,-2.0,-1.0,-32.0
1776887275.3161027,-2.0,-3.0,-43.0
1776887275.3261027,-5.0,-4.0,-44.0
1776887275.3361027,-3.0,-9.0,-44.0
1776887275.3461027,-2.0,-10.0,-46.0
1776887275.3561027,-3.0,-11.0,-48.0
1776887275.3661027,1.0,-11.0,-46.0
1776887275.3761027,4.0,-12.0,-43.0
1776887275.386103,5.0,-9.0,-40.0
1776887275.396103,1.0,-4.0,-35.0
1776887275.406103,1.0,-4.0,-36.0
1776887275.4161026,-1.0,-3.0,-40.0
1776887275.4261026,0.0,-3.0,-37.0
1776887275.4361026,0.0,2.0,-32.0
1776887275.4461029,6.0,5.0,-27.0
1776887275.4561028,3.0,6.0,-31.0
1776887275.4661028,0.0,1.0,-30.0
1776887275.4761028,0.0,-1.0,-35.0
1776887275.4861028,1.0,-2.0,-35.0
1776887275.4961028,0.0,0.0,-32.0
1776887275.5061028,0.0,0.0,-37.0
1776887275.5161028,-1.0,1.0,-37.0
1776887275.5261028,1.0,0.0,-39.0
1776887275.5361028,0.0,0.0,-42.0
1776887275.5461028,-2.0,0.0,-48.0
1776887275.5561028,-1.0,2.0,-48.0
1776887275.5661027,-1.0,1.0,-42.0
1776887275.5761027,-3.0,0.0,-43.0
1776887275.5861027,0.0,-2.0,-43.0
1776887275.5961027,6.0,1.0,-39.0
1776887275.6061027,4.0,4.0,-36.0
1776887275.6161027,0.0,3.0,-41.0
1776887275.6261027,0.0,0.0,-40.0
1776887275.636103,-2.0,0.0,-33.0
1776887275.646103,-4.0,0.0,-26.0
1776887275.656103,-2.0,-6.0,-25.0
1776887275.6661026,0.0,-4.0,-28.0
1776887275.6761026,-2.0,-6.0,-30.0
1776887275.6861026,0.0,-3.0,-27.0
1776887275.6961029,-4.0,-2.0,-28.0
1776887275.7061028,-10.0,0.0,-33.0
1776887275.7161028,-8.0,-6.0,-36.0
1776887275.7261028,-4.0,-4.0,-38.0
1776887275.7361028,-1.0,-2.0,-38.0
1776887275.7461028,0.0,2.0,-37.0
1776887275.7561028,-2.0,1.0,-33.0
1776887275.7661028,-4.0,7.0,-35.0
1776887275.7761028,-3.0,12.0,-35.0
1776887275.7861028,-4.0,9.0,-41.0
1776887275.7961028,-6.0,5.0,-35.0
1776887275.8061028,0.0,3.0,-26.0
1776887275.8161027,-3.0,4.0,-31.0
1776887275.8261027,-1.0,3.0,-43.0
1776887275.8361027,-4.0,4.0,-42.0
1776887275.8461027,-2.0,2.0,-36.0
1776887275.8561027,-3.0,2.0,-42.0
1776887275.8661027,-7.0,4.0,-42.0
1776887275.8761027,-5.0,1.0,-43.0
1776887275.886103,-1.0,-2.0,-35.0
1776887275.896103,5.0,-5.0,-32.0
1776887275.906103,6.0,-3.0,-27.0
1776887275.9161026,2.0,0.0,-29.0
1776887275.9261026,2.0,3.0,-34.0
1776887275.9371028,7.0,6.0,-35.0
1776887275.9471028,5.0,10.0,-37.0
1776887275.9571028,5.0,6.0,-38.0
1776887275.9671028,2.0,2.0,-36.0
1776887275.9771028,1.0,0.0,-37.0
1776887275.9871027,-1.0,-4.0,-36.0
1776887275.9971027,-3.0,-4.0,-35.0
1776887276.0071027,0.0,-2.0,-35.0
1776887276.0171027,0.0,1.0,-38.0
1776887276.0271027,-2.0,5.0,-41.0
1776887276.0371027,-2.0,3.0,-46.0
1776887276.0471027,0.0,1.0,-45.0
1776887276.057103,-2.0,-1.0,-45.0
1776887276.067103,3.0,-2.0,-43.0
1776887276.077103,7.0,-5.0,-43.0
1776887276.087103,4.0,-8.0,-38.0
1776887276.0971026,0.0,-4.0,-35.0
1776887276.1071026,0.0,-2.0,-39.0
1776887276.1171026,0.0,0.0,-38.0
1776887276.1271029,2.0,3.0,-37.0
1776887276.1371028,2.0,6.0,-39.0
1776887276.1471028,-1.0,9.0,-41.0
1776887276.1571028,0.0,3.0,-38.0
1776887276.1671028,-3.0,-3.0,-41.0
1776887276.1771028,-1.0,-3.0,-46.0
1776887276.1871028,2.0,-3.0,-42.0
1776887276.1971028,2.0,-3.0,-42.0
1776887276.2071028,0.0,-2.0,-40.0
1776887276.2171028,-4.0,-1.0,-41.0
1776887276.2271028,-5.0,-2.0,-41.0
1776887276.2371027,-7.0,2.0,-38.0
1776887276.2471027,-7.0,1.0,-41.0
1776887276.2571027,-4.0,2.0,-45.0
1776887276.2671027,-7.0,5.0,-49.0
1776887276.2771027,-7.0,4.0,-44.0
1776887276.2871027,-5.0,6.0,-40.0
1776887276.2971027,-5.0,2.0,-35.0
1776887276.307103,-4.0,0.0,-29.0
1776887276.317103,-7.0,-1.0,-28.0
1776887276.327103,-5.0,-2.0,-30.0
1776887276.337103,-1.0,-3.0,-24.0
1776887276.3471026,1.0,0.0,-30.0
1776887276.3571026,0.0,-2.0,-31.0
1776887276.3671026,3.0,-4.0,-38.0
1776887276.3771029,3.0,-5.0,-50.0
1776887276.3871028,0.0,-7.0,-60.0
1776887276.3971028,1.0,-2.0,-53.0
1776887276.4071028,3.0,-1.0,-48.0
1776887276.4171028,3.0,0.0,-46.0
1776887276.4271028,2.0,1.0,-42.0
1776887276.4371028,2.0,2.0,-44.0
1776887276.4471028,-3.0,1.0,-38.0
1776887276.4571028,-6.0,2.0,-40.0
1776887276.4671028,-5.0,2.0,-38.0
1776887276.4771028,-6.0,-1.0,-39.0
1776887276.4871027,0.0,-7.0,-45.0
1776887276.4971027,0.0,-5.0,-39.0
1776887276.5071027,3.0,-4.0,-33.0
1776887276.5171027,2.0,-6.0,-38.0
1776887276.5271027,-2.0,-6.0,-45.0
1776887276.5371027,2.0,-3.0,-43.0
1776887276.5471027,2.0,-5.0,-50.0
1776887276.557103,0.0,-3.0,-49.0
1776887276.567103,-1.0,-1.0,-48.0
1776887276.577103,0.0,-4.0,-43.0
1776887276.587103,2.0,-1.0,-40.0
1776887276.5971026,7.0,-3.0,-39.0
1776887276.6071026,8.0,-4.0,-37.0
1776887276.6171026,8.0,-2.0,-39.0
1776887276.6271029,5.0,0.0,-35.0
1776887276.6371028,6.0,0.0,-33.0
1776887276.6471028,4.0,0.0,-30.0
1776887276.6571028,6.0,-3.0,-27.0
1776887276.6671028,-1.0,-1.0,-30.0
1776887276.6771028,-2.0,0.0,-27.0
1776887276.6871028,0.0,2.0,-22.0
1776887276.6971028,3.0,6.0,-24.0
1776887276.7071028,7.0,9.0,-23.0
1776887276.7171028,4.0,4.0,-22.0
1776887276.7271028,3.0,2.0,-29.0
1776887276.7371027,0.0,2.0,-37.0
1776887276.7471027,0.0,1.0,-33.0
1776887276.7571027,0.0,4.0,-35.0
1776887276.7671027,0.0,2.0,-37.0
1776887276.7771027,2.0,1.0,-40.0
1776887276.7871027,6.0,-1.0,-37.0
1776887276.7971027,1.0,-1.0,-36.0
1776887276.807103,4.0,-3.0,-35.0
1776887276.817103,0.0,-5.0,-33.0
1776887276.827103,0.0,-4.0,-36.0
1776887276.837103,-1.0,-4.0,-35.0
1776887276.8471026,-1.0,-5.0,-38.0
1776887276.8571026,0.0,-4.0,-39.0
1776887276.8671026,0.0,-7.0,-41.0
1776887276.8771029,0.0,-5.0,-50.0
1776887276.8871028,0.0,-4.0,-47.0
1776887276.8971028,3.0,-1.0,-43.0
1776887276.9071028,4.0,0.0,-40.0
1776887276.9171028,4.0,0.0,-37.0
1776887276.9271028,3.0,-2.0,-39.0
1776887276.9371028,6.0,0.0,-39.0
1776887276.9471028,3.0,0.0,-40.0
1776887276.9571028,2.0,-1.0,-34.0
1776887276.9671028,1.0,-1.0,-24.0
1776887276.9771028,-2.0,0.0,-26.0
1776887276.9871027,-3.0,-2.0,-32.0
1776887276.9971027,-3.0,0.0,-32.0
1776887277.0071027,0.0,0.0,-37.0
1776887277.0171027,2.0,-3.0,-40.0
1776887277.0271027,1.0,-2.0,-41.0
1776887277.0371027,0.0,0.0,-36.0
1776887277.0471027,0.0,-5.0,-28.0
1776887277.057103,0.0,0.0,-28.0
1776887277.067103,0.0,-1.0,-31.0
1776887277.077103,0.0,-3.0,-36.0
1776887277.087103,5.0,-4.0,-31.0
1776887277.0971026,4.0,-4.0,-28.0
1776887277.1071026,6.0,-6.0,-27.0
1776887277.1171026,5.0,-6.0,-22.0
1776887277.1271029,0.0,-4.0,-27.0
1776887277.1371028,-1.0,-3.0,-30.0
1776887277.1471028,2.0,-2.0,-27.0
1776887277.1571028,-1.0,-5.0,-27.0
1776887277.1671028,0.0,-1.0,-26.0
1776887277.1771028,-3.0,-6.0,-28.0
1776887277.1871028,-3.0,-6.0,-30.0
1776887277.1971028,-6.0,-1.0,-35.0
1776887277.2071028,-5.0,-3.0,-33.0
1776887277.2171028,-5.0,-4.0,-26.0
1776887277.2271028,-5.0,-3.0,-28.0
1776887277.2371027,-2.0,-2.0,-30.0
1776887277.2471027,-3.0,-2.0,-30.0
1776887277.2571027,-4.0,-1.0,-31.0
1776887277.2671027,-2.0,-3.0,-33.0
1776887277.2771027,0.0,-2.0,-33.0
1776887277.2871027,3.0,-2.0,-37.0
1776887277.2971027,8.0,-3.0,-35.0
1776887277.307103,14.0,-2.0,-31.0
1776887277.317103,12.0,1.0,-27.0
1776887277.327103,9.0,1.0,-26.0
1776887277.337103,7.0,5.0,-30.0
1776887277.3471026,5.0,2.0,-34.0
1776887277.3571026,10.0,0.0,-37.0
1776887277.3671026,9.0,0.0,-40.0
1776887277.3771029,9.0,2.0,-43.0
1776887277.3871028,5.0,3.0,-47.0
1776887277.3971028,5.0,4.0,-41.0
1776887277.4071028,4.0,0.0,-40.0
1776887277.4171028,8.0,-1.0,-43.0
1776887277.4271028,3.0,0.0,-41.0
1776887277.4371028,3.0,2.0,-48.0
1776887277.4471028,3.0,2.0,-41.0
1776887277.4571028,4.0,4.0,-41.0
1776887277.4671028,0.0,0.0,-35.0
1776887277.4771028,0.0,-1.0,-34.0
1776887277.4871027,2.0,0.0,-31.0
1776887277.4971027,0.0,-3.0,-31.0
1776887277.5071027,-1.0,-2.0,-37.0
1776887277.5171027,-4.0,-5.0,-34.0
1776887277.5271027,-3.0,0.0,-36.0
1776887277.5371027,-3.0,0.0,-40.0
1776887277.5471027,-5.0,0.0,-45.0
1776887277.557103,0.0,0.0,-40.0
1776887277.567103,0.0,-3.0,-37.0
1776887277.577103,0.0,-4.0,-38.0
1776887277.587103,0.0,-8.0,-33.0
1776887277.5971026,4.0,-5.0,-33.0
1776887277.6071026,4.0,-3.0,-38.0
1776887277.6171026,3.0,0.0,-39.0
1776887277.6271029,2.0,0.0,-33.0
1776887277.6371028,0.0,-2.0,-34.0
1776887277.6471028,0.0,0.0,-33.0
1776887277.6571028,2.0,3.0,-43.0
1776887277.6671028,4.0,5.0,-42.0
1776887277.6771028,6.0,4.0,-38.0
1776887277.6871028,3.0,0.0,-47.0
1776887277.6971028,6.0,2.0,-45.0
1776887277.7071028,3.0,2.0,-43.0
1776887277.7171028,-1.0,4.0,-39.0
1776887277.7271028,-4.0,5.0,-39.0
1776887277.7371027,-4.0,4.0,-36.0
1776887277.7471027,-8.0,0.0,-40.0
1776887277.7571027,-1.0,-1.0,-38.0
1776887277.7671027,1.0,0.0,-40.0
1776887277.7771027,0.0,0.0,-38.0
1776887277.7871027,0.0,0.0,-37.0
1776887277.7971027,-1.0,1.0,-36.0
1776887277.807103,0.0,0.0,-42.0
1776887277.817103,2.0,1.0,-38.0
1776887277.827103,3.0,1.0,-43.0
1776887277.837103,4.0,2.0,-45.0
1776887277.8471026,4.0,2.0,-40.0
1776887277.8571026,4.0,-1.0,-43.0
1776887277.8671026,4.0,-1.0,-42.0
1776887277.8771029,5.0,-3.0,-44.0
1776887277.8871028,-1.0,-1.0,-44.0
1776887277.8971028,-3.0,-1.0,-42.0
1776887277.9071028,-2.0,-3.0,-30.0
1776887277.9171028,0.0,-2.0,-29.0
1776887277.9271028,1.0,-3.0,-28.0
1776887277.9381027,2.0,-5.0,-30.0
1776887277.9481027,1.0,-2.0,-27.0
1776887277.9581027,-1.0,1.0,-29.0
1776887277.9681027,0.0,0.0,-30.0
1776887277.9781027,-4.0,-1.0,-29.0
1776887277.988103,-5.0,0.0,-27.0
1776887277.998103,-3.0,0.0,-31.0
1776887278.008103,-2.0,2.0,-39.0
1776887278.0181026,-1.0,3.0,-49.0
1776887278.0281026,-1.0,3.0,-51.0
1776887278.0381026,-7.0,3.0,-47.0
1776887278.0481029,-6.0,4.0,-43.0
1776887278.0581028,-3.0,1.0,-33.0
1776887278.0681028,-4.0,-6.0,-38.0
1776887278.0781028,-5.0,-3.0,-33.0
1776887278.0881028,-10.0,0.0,-30.0
1776887278.0981028,-10.0,-2.0,-37.0
1776887278.1081028,-6.0,-2.0,-38.0
1776887278.1181028,-5.0,-1.0,-36.0
1776887278.1281028,-4.0,-2.0,-30.0
1776887278.1381028,-5.0,1.0,-28.0
1776887278.1481028,-4.0,5.0,-30.0
1776887278.1581028,-3.0,0.0,-31.0
1776887278.1681027,-5.0,0.0,-30.0
1776887278.1781027,-2.0,-2.0,-35.0
1776887278.1881027,0.0,-1.0,-34.0
1776887278.1981027,4.0,-2.0,-33.0
1776887278.2081027,8.0,0.0,-32.0
1776887278.2181027,11.0,1.0,-36.0
1776887278.2281027,10.0,1.0,-38.0
1776887278.238103,5.0,0.0,-33.0
1776887278.248103,4.0,-3.0,-30.0
1776887278.258103,4.0,2.0,-26.0
1776887278.2681026,6.0,1.0,-30.0
1776887278.2781026,2.0,1.0,-30.0
1776887278.2881026,3.0,0.0,-28.0
1776887278.2981029,3.0,-1.0,-33.0
1776887278.3081028,4.0,-2.0,-39.0
1776887278.3181028,2.0,1.0,-37.0
1776887278.3281028,5.0,5.0,-45.0
1776887278.3381028,7.0,7.0,-45.0
1776887278.3481028,6.0,10.0,-44.0
1776887278.3581028,10.0,7.0,-40.0
1776887278.3681028,10.0,5.0,-35.0
1776887278.3781028,9.0,3.0,-31.0
1776887278.3881028,3.0,3.0,-27.0
1776887278.3981028,1.0,3.0,-31.0
1776887278.4081028,1.0,0.0,-28.0
1776887278.4181027,3.0,0.0,-34.0
1776887278.4281027,6.0,-1.0,-30.0
1776887278.4381027,7.0,0.0,-30.0
1776887278.4481027,7.0,1.0,-33.0
1776887278.4581027,6.0,1.0,-31.0
1776887278.4681027,2.0,4.0,-40.0
1776887278.4781027,2.0,2.0,-44.0
1776887278.488103,2.0,1.0,-40.0
1776887278.498103,0.0,1.0,-47.0
1776887278.508103,1.0,0.0,-43.0
1776887278.5181026,1.0,-2.0,-43.0
1776887278.5281026,0.0,4.0,-41.0
1776887278.5381026,-1.0,6.0,-35.0
1776887278.5481029,-4.0,8.0,-45.0
1776887278.5581028,0.0,6.0,-42.0
1776887278.5681028,0.0,6.0,-33.0
1776887278.5781028,-2.0,6.0,-35.0
1776887278.5881028,-1.0,5.0,-36.0
1776887278.5981028,2.0,6.0,-37.0
1776887278.6081028,2.0,1.0,-36.0
1776887278.6181028,0.0,1.0,-38.0
1776887278.6281028,0.0,0.0,-39.0
1776887278.6381028,0.0,1.0,-36.0
1776887278.6481028,1.0,0.0,-37.0
1776887278.6581028,3.0,2.0,-38.0
1776887278.6681027,2.0,0.0,-32.0
1776887278.6781027,3.0,-3.0,-30.0
1776887278.6881027,2.0,0.0,-38.0
1776887278.6981027,3.0,0.0,-37.0
1776887278.7081027,7.0,2.0,-32.0
1776887278.7181027,9.0,0.0,-35.0
1776887278.7281027,9.0,-5.0,-33.0
1776887278.738103,6.0,-2.0,-29.0
1776887278.7491028,5.0,-1.0,-32.0
1776887278.758103,4.0,1.0,-33.0
1776887278.7681026,6.0,-1.0,-34.0
1776887278.7781026,4.0,-2.0,-39.0
1776887278.7881026,-1.0,-1.0,-39.0
1776887278.7981029,-1.0,-2.0,-34.0
1776887278.8081028,0.0,-1.0,-32.0
1776887278.8181028,-1.0,3.0,-30.0
1776887278.8281028,1.0,3.0,-31.0
1776887278.8381028,1.0,4.0,-29.0
1776887278.8481028,-2.0,-2.0,-26.0
1776887278.8581028,-5.0,-3.0,-28.0
1776887278.8681028,-5.0,-2.0,-33.0
1776887278.8781028,-7.0,-6.0,-40.0
1776887278.8881028,-7.0,-5.0,-38.0
1776887278.8981028,-4.0,0.0,-40.0
1776887278.9081028,-5.0,-3.0,-35.0
1776887278.9181027,-10.0,-7.0,-41.0
1776887278.9281027,-7.0,-4.0,-43.0
1776887278.9381027,-6.0,-4.0,-38.0
1776887278.9481027,-6.0,-1.0,-41.0
1776887278.9581027,-6.0,0.0,-45.0
1776887278.9681027,-3.0,-4.0,-41.0
1776887278.9781027,-2.0,-5.0,-39.0
1776887278.988103,4.0,-1.0,-34.0
1776887278.998103,2.0,-1.0,-31.0
1776887279.008103,1.0,0.0,-34.0
1776887279.0181026,0.0,-3.0,-32.0
1776887279.0281026,-3.0,-4.0,-29.0
1776887279.0381026,-1.0,-2.0,-34.0
1776887279.0481029,0.0,-4.0,-27.0
1776887279.0581028,2.0,-7.0,-34.0
1776887279.0681028,0.0,-8.0,-31.0
1776887279.0781028,-5.0,-6.0,-33.0
1776887279.0881028,-2.0,-3.0,-41.0
1776887279.0981028,-3.0,-2.0,-36.0
1776887279.1081028,-3.0,-1.0,-32.0
1776887279.1181028,-6.0,0.0,-36.0
1776887279.1281028,-4.0,1.0,-31.0
1776887279.1381028,0.0,0.0,-33.0
1776887279.1481028,6.0,0.0,-30.0
1776887279.1581028,6.0,0.0,-33.0
1776887279.1681027,3.0,0.0,-33.0
1776887279.1781027,3.0,-5.0,-38.0
1776887279.1881027,6.0,-3.0,-47.0
1776887279.1981027,6.0,-1.0,-44.0
1776887279.2081027,2.0,-2.0,-45.0
1776887279.2181027,-1.0,-4.0,-45.0
1776887279.2281027,-4.0,-3.0,-45.0
1776887279.238103,-1.0,-4.0,-39.0
1776887279.248103,1.0,-5.0,-37.0
1776887279.258103,2.0,-4.0,-38.0
1776887279.2681026,2.0,0.0,-38.0
1776887279.2781026,3.0,-4.0,-44.0
1776887279.2881026,0.0,-2.0,-46.0
1776887279.2981029,-5.0,-4.0,-44.0
1776887279.3081028,-6.0,-3.0,-38.0
1776887279.3181028,-5.0,0.0,-30.0
1776887279.3281028,-1.0,-1.0,-27.0
1776887279.3381028,0.0,-2.0,-31.0
1776887279.3481028,0.0,-3.0,-36.0
1776887279.3581028,1.0,-5.0,-37.0
1776887279.3681028,2.0,-8.0,-37.0
1776887279.3781028,5.0,-13.0,-34.0
1776887279.3881028,6.0,-10.0,-33.0
1776887279.3981028,9.0,-6.0,-37.0
1776887279.4081028,8.0,-2.0,-35.0
1776887279.4181027,4.0,0.0,-31.0
1776887279.4281027,4.0,-3.0,-27.0
1776887279.4381027,0.0,-3.0,-27.0
1776887279.4481027,1.0,-2.0,-30.0
1776887279.4581027,3.0,-1.0,-40.0
1776887279.4681027,0.0,1.0,-37.0
1776887279.4781027,-3.0,-2.0,-42.0
1776887279.488103,0.0,-4.0,-46.0
1776887279.498103,0.0,-3.0,-42.0
1776887279.508103,0.0,-5.0,-45.0
1776887279.5181026,0.0,-4.0,-35.0
1776887279.5281026,0.0,-4.0,-33.0
1776887279.5381026,2.0,0.0,-29.0
1776887279.5481029,1.0,1.0,-32.0
1776887279.5581028,-1.0,0.0,-36.0
1776887279.5681028,0.0,0.0,-38.0
1776887279.5781028,0.0,0.0,-38.0
1776887279.5881028,4.0,2.0,-34.0
1776887279.5981028,2.0,-2.0,-22.0
1776887279.6081028,0.0,0.0,-23.0
1776887279.6181028,0.0,-3.0,-29.0
1776887279.6281028,1.0,-1.0,-28.0
1776887279.6381028,-1.0,-2.0,-29.0
1776887279.6481028,-2.0,-1.0,-30.0
1776887279.6581028,-4.0,1.0,-33.0
1776887279.6681027,-3.0,0.0,-40.0
1776887279.6781027,-2.0,0.0,-43.0
1776887279.6881027,-2.0,-1.0,-49.0
1776887279.6981027,-1.0,2.0,-45.0
1776887279.7081027,0.0,4.0,-41.0
1776887279.7181027,1.0,2.0,-32.0
1776887279.7281027,5.0,1.0,-36.0
1776887279.738103,4.0,1.0,-37.0
1776887279.748103,0.0,0.0,-30.0
1776887279.758103,0.0,-4.0,-36.0
1776887279.7681026,-2.0,-3.0,-32.0
1776887279.7781026,-2.0,-2.0,-33.0
1776887279.7881026,-5.0,0.0,-38.0
1776887279.7981029,-1.0,3.0,-39.0
1776887279.8081028,5.0,0.0,-32.0
1776887279.8181028,3.0,-1.0,-35.0
1776887279.8281028,2.0,-3.0,-34.0
1776887279.8381028,0.0,-6.0,-32.0
1776887279.8481028,0.0,-6.0,-35.0
1776887279.8581028,0.0,-7.0,-34.0
1776887279.8681028,0.0,-3.0,-33.0
1776887279.8781028,-1.0,0.0,-34.0
1776887279.8881028,0.0,-3.0,-36.0
1776887279.8991027,5.0,-2.0,-34.0
1776887279.9081028,7.0,2.0,-35.0
1776887279.919103,5.0,1.0,-39.0
1776887279.929103,1.0,0.0,-41.0
1776887279.9391026,-2.0,1.0,-41.0
1776887279.9491026,-2.0,0.0,-42.0
1776887279.9591026,0.0,3.0,-46.0
1776887279.9691026,4.0,4.0,-46.0
1776887279.9791028,0.0,4.0,-46.0
1776887279.9891028,0.0,3.0,-44.0
1776887279.9991028,0.0,2.0,-38.0
1776887280.0091028,-2.0,0.0,-38.0
1776887280.0191028,-1.0,0.0,-38.0
1776887280.0291028,-5.0,-3.0,-39.0
1776887280.0391028,-4.0,-3.0,-38.0
1776887280.0491028,-3.0,-7.0,-44.0
1776887280.0591028,0.0,-6.0,-44.0
1776887280.0691028,-1.0,-4.0,-46.0
1776887280.0791028,-5.0,-4.0,-45.0
1776887280.0891027,-6.0,-4.0,-44.0
1776887280.0991027,-3.0,-1.0,-42.0
1776887280.1091027,-5.0,1.0,-37.0
1776887280.1191027,-2.0,1.0,-26.0
1776887280.1291027,2.0,0.0,-30.0
1776887280.1391027,2.0,0.0,-30.0
1776887280.1491027,1.0,-1.0,-33.0
1776887280.159103,5.0,-4.0,-34.0
1776887280.169103,4.0,-3.0,-28.0
1776887280.179103,0.0,-3.0,-29.0
1776887280.1891026,0.0,0.0,-27.0
1776887280.1991026,0.0,-3.0,-20.0
1776887280.2091026,4.0,-6.0,-25.0
1776887280.2191026,7.0,-4.0,-27.0
1776887280.2291028,0.0,-1.0,-32.0
1776887280.2391028,0.0,-2.0,-35.0
1776887280.2491028,0.0,-5.0,-24.0
1776887280.2591028,-4.0,-3.0,-20.0
1776887280.2691028,-3.0,-3.0,-16.0
1776887280.2791028,-4.0,-5.0,-21.0
1776887280.2891028,-1.0,-5.0,-27.0
1776887280.2991028,0.0,-4.0,-30.0
1776887280.3091028,0.0,-5.0,-36.0
1776887280.3191028,0.0,-1.0,-38.0
1776887280.3291028,0.0,0.0,-38.0
1776887280.3391027,-2.0,1.0,-32.0
1776887280.3491027,0.0,3.0,-29.0
1776887280.3591027,3.0,3.0,-26.0
1776887280.3691027,7.0,7.0,-16.0
1776887280.3791027,9.0,8.0,-26.0
1776887280.3891027,7.0,8.0,-28.0
1776887280.3991027,0.0,8.0,-30.0
1776887280.409103,0.0,6.0,-37.0
1776887280.419103,5.0,6.0,-37.0
1776887280.429103,7.0,3.0,-38.0
1776887280.4391026,4.0,0.0,-40.0
1776887280.4491026,4.0,-4.0,-42.0
1776887280.4591026,7.0,-2.0,-42.0
1776887280.4691026,5.0,0.0,-47.0
1776887280.4791028,4.0,0.0,-42.0
1776887280.4901028,0.0,-4.0,-42.0
1776887280.4991028,-2.0,-3.0,-48.0
1776887280.5091028,0.0,-3.0,-49.0
1776887280.5191028,3.0,0.0,-44.0
1776887280.5291028,5.0,-3.0,-40.0
1776887280.5391028,1.0,-4.0,-42.0
1776887280.5491028,-1.0,-5.0,-39.0
1776887280.5591028,-2.0,-4.0,-37.0
1776887280.5691028,-4.0,-7.0,-40.0
1776887280.5791028,-4.0,-5.0,-40.0
1776887280.5891027,-3.0,-1.0,-39.0
1776887280.5991027,-1.0,1.0,-43.0
1776887280.6091027,-4.0,1.0,-44.0
1776887280.6191027,0.0,-6.0,-41.0
1776887280.6291027,0.0,-7.0,-45.0
1776887280.6391027,-2.0,-3.0,-45.0
1776887280.6491027,0.0,-4.0,-41.0
1776887280.659103,-2.0,-2.0,-37.0
1776887280.669103,-5.0,0.0,-39.0
1776887280.679103,-7.0,2.0,-43.0
1776887280.6891026,-5.0,4.0,-44.0
1776887280.6991026,-3.0,0.0,-45.0
1776887280.7091026,-4.0,-4.0,-40.0
1776887280.7191026,0.0,-2.0,-41.0
1776887280.7291028,1.0,-3.0,-44.0
1776887280.7391028,0.0,-2.0,-39.0
1776887280.7491028,-1.0,-2.0,-38.0
1776887280.7591028,0.0,-3.0,-33.0
1776887280.7691028,1.0,0.0,-26.0
1776887280.7791028,3.0,0.0,-33.0
1776887280.7891028,3.0,0.0,-33.0
1776887280.7991028,5.0,2.0,-31.0
1776887280.8091028,2.0,5.0,-31.0
1776887280.8191028,6.0,4.0,-29.0
1776887280.8291028,9.0,4.0,-26.0
1776887280.8391027,8.0,3.0,-30.0
1776887280.8491027,7.0,0.0,-31.0
1776887280.8591027,7.0,0.0,-35.0
1776887280.8691027,6.0,-2.0,-35.0
1776887280.8791027,8.0,-3.0,-33.0
1776887280.8891027,8.0,0.0,-33.0
1776887280.8991027,4.0,-1.0,-40.0
1776887280.909103,4.0,-3.0,-44.0
1776887280.919103,0.0,-4.0,-43.0
1776887280.929103,0.0,-1.0,-41.0
1776887280.9391026,0.0,0.0,-39.0
1776887280.9491026,1.0,3.0,-36.0
1776887280.9591026,2.0,0.0,-31.0
1776887280.9691026,3.0,-1.0,-36.0
1776887280.9791028,6.0,-5.0,-39.0
1776887280.9891028,0.0,-6.0,-38.0
1776887280.9991028,3.0,-5.0,-42.0
1776887281.0091028,5.0,-5.0,-45.0
1776887281.0191028,6.0,-5.0,-45.0
1776887281.0291028,2.0,0.0,-49.0
1776887281.0391028,1.0,2.0,-44.0
1776887281.0491028,5.0,-2.0,-37.0
1776887281.0591028,0.0,0.0,-36.0
1776887281.0691028,-4.0,-3.0,-33.0
1776887281.0791028,-5.0,-7.0,-41.0
1776887281.0891027,-6.0,-3.0,-39.0
1776887281.0991027,-4.0,-2.0,-43.0
1776887281.1091027,1.0,-2.0,-48.0
1776887281.1191027,-3.0,-4.0,-38.0
1776887281.1291027,-3.0,-1.0,-33.0
1776887281.1391027,-2.0,0.0,-40.0
1776887281.1491027,-3.0,-1.0,-40.0
1776887281.159103,0.0,0.0,-43.0
1776887281.169103,0.0,0.0,-41.0
1776887281.179103,0.0,0.0,-39.0
1776887281.1891026,-4.0,0.0,-32.0
1776887281.1991026,-3.0,-2.0,-33.0
1776887281.2091026,-7.0,0.0,-38.0
1776887281.2191026,-7.0,-4.0,-35.0
1776887281.2291028,-10.0,-6.0,-32.0
1776887281.2391028,-8.0,-4.0,-30.0
1776887281.2491028,-11.0,-4.0,-31.0
1776887281.2591028,-7.0,-2.0,-31.0
1776887281.2691028,-2.0,-5.0,-33.0
1776887281.2791028,0.0,-6.0,-25.0
1776887281.2891028,0.0,-3.0,-27.0
1776887281.2991028,1.0,-3.0,-28.0
1776887281.3091028,0.0,-3.0,-34.0
1776887281.3191028,0.0,-7.0,-35.0
1776887281.3291028,0.0,-5.0,-35.0
1776887281.3391027,1.0,-3.0,-38.0
1776887281.3491027,2.0,-1.0,-40.0
1776887281.3591027,0.0,0.0,-42.0
1776887281.3691027,-2.0,-3.0,-45.0
1776887281.3791027,-2.0,0.0,-41.0
1776887281.3891027,0.0,0.0,-43.0
1776887281.3991027,0.0,-1.0,-38.0
1776887281.409103,0.0,-1.0,-33.0
1776887281.419103,0.0,-6.0,-42.0
1776887281.429103,0.0,-3.0,-42.0
1776887281.4391026,0.0,-4.0,-37.0
1776887281.4491026,0.0,-2.0,-40.0
1776887281.4591026,-1.0,-3.0,-43.0
1776887281.4691026,0.0,0.0,-47.0
1776887281.4791028,2.0,0.0,-43.0
1776887281.4891028,4.0,0.0,-44.0
1776887281.4991028,2.0,2.0,-38.0
1776887281.5091028,1.0,-1.0,-32.0
1776887281.5191028,1.0,-4.0,-28.0
1776887281.5291028,1.0,-7.0,-28.0
1776887281.5391028,3.0,-6.0,-24.0
1776887281.5491028,2.0,-4.0,-29.0
1776887281.5591028,-1.0,-2.0,-31.0
1776887281.5691028,0.0,-1.0,-30.0
1776887281.5791028,-2.0,0.0,-33.0
1776887281.5891027,-1.0,2.0,-35.0
1776887281.5991027,5.0,7.0,-39.0
1776887281.6091027,3.0,6.0,-38.0
1776887281.6191027,1.0,4.0,-36.0
1776887281.6291027,-1.0,2.0,-31.0
1776887281.6391027,-1.0,0.0,-34.0
1776887281.6491027,0.0,0.0,-36.0
1776887281.659103,-4.0,1.0,-40.0
1776887281.669103,-5.0,0.0,-41.0
1776887281.679103,-1.0,-1.0,-36.0
1776887281.6891026,0.0,1.0,-29.0
1776887281.6991026,-1.0,0.0,-32.0
1776887281.7091026,2.0,4.0,-32.0
1776887281.7191026,3.0,4.0,-28.0
1776887281.7291028,3.0,2.0,-28.0
1776887281.7391028,2.0,0.0,-30.0
1776887281.7491028,-2.0,2.0,-30.0
1776887281.7591028,-4.0,3.0,-31.0
1776887281.7691028,0.0,0.0,-26.0
1776887281.7791028,0.0,-3.0,-33.0
1776887281.7891028,4.0,-2.0,-35.0
1776887281.7991028,3.0,-1.0,-36.0
1776887281.8091028,4.0,0.0,-29.0
1776887281.8191028,2.0,1.0,-29.0
1776887281.8291028,1.0,1.0,-32.0
1776887281.8391027,-1.0,-2.0,-31.0
1776887281.8491027,0.0,-6.0,-35.0
1776887281.8591027,-1.0,-6.0,-36.0
1776887281.8691027,1.0,-2.0,-33.0
1776887281.8791027,2.0,-3.0,-31.0
1776887281.8891027,3.0,-4.0,-26.0
1776887281.8991027,0.0,0.0,-24.0
1776887281.9101028,-1.0,0.0,-32.0
1776887281.919103,-3.0,-3.0,-41.0
1776887281.9301028,-2.0,-2.0,-40.0
1776887281.9401028,0.0,-5.0,-36.0
1776887281.9501028,-3.0,-2.0,-38.0
1776887281.9601028,-3.0,-1.0,-45.0
1776887281.9701028,-3.0,-5.0,-45.0
1776887281.9801028,-2.0,-1.0,-48.0
1776887281.9901028,-1.0,-2.0,-45.0
1776887282.0001028,-4.0,-2.0,-43.0
1776887282.0101027,1.0,-7.0,-44.0
1776887282.0201027,1.0,-9.0,-48.0
1776887282.0301027,3.0,-6.0,-47.0
1776887282.0401027,3.0,-6.0,-42.0
1776887282.0501027,3.0,-4.0,-41.0
1776887282.0601027,4.0,-2.0,-36.0
1776887282.0701027,5.0,-2.0,-38.0
1776887282.0801027,5.0,-1.0,-33.0
1776887282.090103,2.0,-2.0,-29.0
1776887282.100103,0.0,1.0,-32.0
1776887282.110103,-1.0,2.0,-28.0
1776887282.1201026,0.0,0.0,-36.0
1776887282.1301026,0.0,0.0,-37.0
1776887282.1401026,5.0,-3.0,-41.0
1776887282.1501029,5.0,-5.0,-48.0
1776887282.1601028,4.0,-3.0,-43.0
1776887282.1701028,1.0,-2.0,-41.0
1776887282.1801028,4.0,-3.0,-39.0
1776887282.1901028,4.0,0.0,-40.0
1776887282.2001028,4.0,0.0,-40.0
1776887282.2101028,5.0,0.0,-37.0
1776887282.2201028,4.0,-1.0,-39.0
1776887282.2301028,4.0,-1.0,-34.0
1776887282.2401028,1.0,0.0,-32.0
1776887282.2501028,3.0,1.0,-37.0
1776887282.2601027,1.0,2.0,-31.0
1776887282.2701027,2.0,1.0,-28.0
1776887282.2801027,0.0,0.0,-27.0
1776887282.2901027,0.0,0.0,-29.0
1776887282.3001027,-2.0,4.0,-27.0
1776887282.3101027,-5.0,5.0,-22.0
1776887282.3201027,0.0,6.0,-30.0
1776887282.3301027,5.0,7.0,-34.0
1776887282.340103,6.0,7.0,-34.0
1776887282.350103,7.0,8.0,-33.0
1776887282.360103,6.0,7.0,-28.0
1776887282.3701026,2.0,4.0,-32.0
1776887282.3801026,3.0,4.0,-31.0
1776887282.3901026,8.0,-1.0,-31.0
1776887282.4001029,10.0,-5.0,-25.0
1776887282.4101028,8.0,-6.0,-27.0
1776887282.4201028,5.0,-2.0,-28.0
1776887282.4301028,0.0,-3.0,-30.0
1776887282.4401028,2.0,-3.0,-32.0
1776887282.4501028,1.0,0.0,-29.0
1776887282.4601028,0.0,2.0,-27.0
1776887282.4701028,4.0,2.0,-34.0
1776887282.4801028,7.0,0.0,-37.0
1776887282.4901028,9.0,0.0,-39.0
1776887282.5001028,2.0,3.0,-45.0
1776887282.5101027,4.0,2.0,-43.0
1776887282.5201027,2.0,-3.0,-44.0
1776887282.5301027,0.0,-2.0,-38.0
1776887282.5401027,0.0,-3.0,-39.0
1776887282.5501027,0.0,-4.0,-43.0
1776887282.5601027,-1.0,-7.0,-39.0
1776887282.5701027,-1.0,-4.0,-43.0
1776887282.5801027,1.0,0.0,-46.0
1776887282.590103,6.0,-4.0,-49.0
1776887282.600103,4.0,0.0,-42.0
1776887282.610103,-1.0,3.0,-41.0
1776887282.6201026,-1.0,0.0,-42.0
1776887282.6301026,0.0,-1.0,-40.0
1776887282.6401026,-1.0,-3.0,-34.0
1776887282.6501029,-4.0,-3.0,-39.0
1776887282.6601028,-1.0,-2.0,-35.0
1776887282.6701028,-2.0,-1.0,-36.0
1776887282.6801028,-2.0,-3.0,-39.0
1776887282.6901028,-5.0,-3.0,-39.0
1776887282.7001028,-7.0,-4.0,-39.0
1776887282.7101028,-2.0,-9.0,-37.0
1776887282.7201028,-3.0,-9.0,-41.0
1776887282.7301028,0.0,-10.0,-40.0
1776887282.7401028,-2.0,-9.0,-40.0
1776887282.7501028,-3.0,-8.0,-37.0
1776887282.7601027,0.0,-7.0,-37.0
1776887282.7701027,0.0,-5.0,-40.0
1776887282.7801027,2.0,-7.0,-33.0
1776887282.7901027,1.0,-7.0,-32.0
1776887282.8001027,1.0,-7.0,-33.0
1776887282.8101027,4.0,-5.0,-30.0
1776887282.8201027,5.0,-4.0,-28.0
1776887282.8301027,4.0,-5.0,-18.0
1776887282.840103,3.0,-5.0,-22.0
1776887282.850103,1.0,-4.0,-30.0
1776887282.860103,2.0,-3.0,-33.0
1776887282.8701026,-2.0,-1.0,-31.0
1776887282.8801026,1.0,3.0,-33.0
1776887282.8901026,0.0,4.0,-32.0
1776887282.9001029,-2.0,2.0,-35.0
1776887282.9101028,-5.0,3.0,-43.0
1776887282.9201028,-4.0,6.0,-38.0
1776887282.9301028,0.0,7.0,-35.0
1776887282.9401028,5.0,5.0,-32.0
1776887282.9501028,3.0,10.0,-39.0
1776887282.9601028,1.0,10.0,-40.0
1776887282.9701028,1.0,7.0,-35.0
1776887282.9801028,1.0,6.0,-38.0
1776887282.9901028,0.0,5.0,-46.0
1776887283.0001028,0.0,3.0,-46.0
1776887283.0101027,2.0,0.0,-50.0
1776887283.0201027,0.0,0.0,-46.0
1776887283.0301027,-1.0,-2.0,-42.0
1776887283.0401027,3.0,-7.0,-41.0
1776887283.0501027,1.0,-9.0,-39.0
1776887283.0601027,0.0,-10.0,-31.0
1776887283.0701027,2.0,-8.0,-37.0
1776887283.0801027,2.0,0.0,-36.0
1776887283.090103,4.0,0.0,-37.0
1776887283.100103,6.0,0.0,-31.0
1776887283.110103,4.0,-2.0,-29.0
1776887283.1201026,4.0,-5.0,-33.0
1776887283.1301026,2.0,-5.0,-36.0
1776887283.1401026,1.0,0.0,-38.0
1776887283.1501029,3.0,-4.0,-30.0
1776887283.1601028,1.0,-2.0,-31.0
1776887283.1701028,-2.0,-3.0,-28.0
1776887283.1801028,-2.0,-4.0,-30.0
1776887283.1901028,-1.0,-3.0,-31.0
1776887283.2001028,3.0,0.0,-37.0
1776887283.2101028,1.0,-2.0,-40.0
1776887283.2201028,2.0,-2.0,-37.0
1776887283.2301028,2.0,0.0,-42.0
1776887283.2401028,3.0,1.0,-39.0
1776887283.2501028,3.0,3.0,-46.0
1776887283.2601027,6.0,1.0,-43.0
1776887283.2701027,2.0,-2.0,-44.0
1776887283.2801027,-5.0,-3.0,-50.0
1776887283.2901027,-7.0,-6.0,-53.0
1776887283.3001027,-7.0,-7.0,-50.0
1776887283.3101027,-5.0,-4.0,-49.0
1776887283.3201027,-4.0,-7.0,-45.0
1776887283.3301027,-4.0,-6.0,-41.0
1776887283.340103,-6.0,-4.0,-37.0
1776887283.350103,-6.0,-7.0,-38.0
1776887283.360103,-4.0,-5.0,-42.0
1776887283.3701026,-2.0,-1.0,-44.0
1776887283.3801026,0.0,-6.0,-44.0
1776887283.3901026,2.0,-8.0,-46.0
1776887283.4001029,0.0,-8.0,-40.0
1776887283.4101028,0.0,-9.0,-39.0
1776887283.4201028,-1.0,-12.0,-38.0
1776887283.4301028,-1.0,-8.0,-38.0
1776887283.4401028,0.0,-4.0,-43.0
1776887283.4501028,-2.0,-1.0,-39.0
1776887283.4601028,-3.0,-6.0,-39.0
1776887283.4701028,-3.0,-4.0,-44.0
1776887283.4801028,-1.0,-6.0,-39.0
1776887283.4901028,-2.0,-8.0,-40.0
1776887283.5001028,-2.0,-5.0,-35.0
1776887283.5101027,-3.0,-7.0,-37.0
1776887283.5201027,-5.0,-3.0,-33.0
1776887283.5301027,-4.0,0.0,-32.0
1776887283.5401027,-6.0,2.0,-32.0
1776887283.5501027,-5.0,0.0,-33.0
1776887283.5601027,-2.0,-1.0,-35.0
1776887283.5701027,1.0,-2.0,-38.0
1776887283.5801027,0.0,-2.0,-38.0
1776887283.590103,0.0,-5.0,-36.0
1776887283.600103,0.0,-7.0,-35.0
1776887283.610103,2.0,-6.0,-39.0
1776887283.6201026,4.0,-2.0,-36.0
1776887283.6301026,5.0,-5.0,-36.0
1776887283.6401026,6.0,-6.0,-35.0
1776887283.6501029,6.0,-7.0,-36.0
1776887283.6601028,0.0,-9.0,-38.0
1776887283.6701028,0.0,-5.0,-47.0
1776887283.6801028,-1.0,-4.0,-47.0
1776887283.6901028,0.0,0.0,-48.0
1776887283.7001028,-1.0,5.0,-46.0
1776887283.7101028,-5.0,4.0,-45.0
1776887283.7201028,-4.0,4.0,-44.0
1776887283.7301028,-3.0,0.0,-45.0
1776887283.7401028,-2.0,0.0,-40.0
1776887283.7501028,-4.0,-3.0,-44.0
1776887283.7601027,-1.0,-2.0,-47.0
1776887283.7701027,-2.0,3.0,-45.0
1776887283.7801027,-1.0,4.0,-42.0
1776887283.7901027,-1.0,3.0,-36.0
1776887283.8001027,-1.0,0.0,-35.0
1776887283.8101027,-2.0,0.0,-41.0
1776887283.8201027,-1.0,0.0,-39.0
1776887283.8301027,0.0,-1.0,-40.0
1776887283.840103,0.0,-1.0,-28.0
1776887283.850103,1.0,-7.0,-28.0
1776887283.860103,0.0,-4.0,-32.0
1776887283.8701026,0.0,-4.0,-32.0
1776887283.8801026,3.0,0.0,-32.0
1776887283.8901026,6.0,3.0,-28.0
1776887283.9001029,6.0,4.0,-33.0
1776887283.9101028,4.0,6.0,-36.0
1776887283.9201028,9.0,7.0,-42.0
1776887283.9301028,8.0,4.0,-46.0
1776887283.9411027,6.0,3.0,-38.0
1776887283.9511027,6.0,1.0,-33.0
1776887283.9611027,6.0,3.0,-38.0
1776887283.9711027,6.0,0.0,-38.0
1776887283.9811027,9.0,0.0,-30.0
1776887283.9911027,6.0,0.0,-33.0
1776887284.0011027,4.0,0.0,-39.0
1776887284.011103,2.0,-2.0,-31.0
1776887284.021103,-1.0,-2.0,-30.0
1776887284.031103,0.0,-2.0,-28.0
1776887284.0411026,2.0,-2.0,-25.0
1776887284.0511026,6.0,-6.0,-31.0
1776887284.0611026,3.0,-10.0,-34.0
1776887284.0711029,2.0,-6.0,-37.0
1776887284.0811028,2.0,-6.0,-40.0
1776887284.0911028,-1.0,-5.0,-35.0
1776887284.1011028,1.0,-7.0,-32.0
1776887284.1111028,1.0,-7.0,-28.0
1776887284.1211028,0.0,-5.0,-28.0
1776887284.1311028,9.0,-4.0,-29.0
1776887284.1411028,7.0,-3.0,-28.0
1776887284.1511028,5.0,-1.0,-32.0
1776887284.1611028,2.0,-1.0,-27.0
1776887284.1711028,5.0,1.0,-30.0
1776887284.1811028,0.0,3.0,-32.0
1776887284.1911027,-3.0,3.0,-42.0
1776887284.2011027,-1.0,6.0,-32.0
1776887284.2111027,-2.0,3.0,-33.0
1776887284.2211027,-2.0,-3.0,-41.0
1776887284.2311027,0.0,-3.0,-38.0
1776887284.2411027,3.0,-1.0,-38.0
1776887284.2511027,0.0,-2.0,-40.0
1776887284.261103,3.0,-3.0,-35.0
1776887284.271103,1.0,-4.0,-34.0
1776887284.281103,1.0,-4.0,-32.0
1776887284.2911026,3.0,-3.0,-27.0
1776887284.3011026,6.0,-4.0,-29.0
1776887284.3111026,3.0,-7.0,-28.0
1776887284.3211029,3.0,-11.0,-36.0
1776887284.3311028,-1.0,-12.0,-38.0
1776887284.3411028,1.0,-7.0,-36.0
1776887284.3511028,2.0,-4.0,-38.0
1776887284.3611028,0.0,-6.0,-45.0
1776887284.3711028,-2.0,-6.0,-53.0
1776887284.3811028,-6.0,-5.0,-54.0
1776887284.3911028,-10.0,-2.0,-45.0
1776887284.4011028,-8.0,-3.0,-43.0
1776887284.4111028,-6.0,-4.0,-41.0
1776887284.4211028,-2.0,-6.0,-32.0
1776887284.4311028,0.0,-3.0,-27.0
1776887284.4411027,0.0,-3.0,-33.0
1776887284.4511027,-2.0,-4.0,-40.0
1776887284.4611027,-9.0,-1.0,-43.0
1776887284.4711027,-6.0,1.0,-45.0
1776887284.4811027,-1.0,0.0,-43.0
1776887284.4911027,0.0,0.0,-41.0
1776887284.5011027,2.0,0.0,-42.0
1776887284.511103,0.0,1.0,-40.0
1776887284.521103,-1.0,1.0,-40.0
1776887284.531103,0.0,6.0,-30.0
1776887284.5411026,-1.0,9.0,-35.0
1776887284.5511026,-1.0,10.0,-34.0
1776887284.5611026,0.0,5.0,-36.0
1776887284.5711029,0.0,3.0,-42.0
1776887284.5811028,0.0,4.0,-41.0
1776887284.5911028,6.0,4.0,-42.0
1776887284.6011028,7.0,5.0,-43.0
1776887284.6111028,2.0,7.0,-45.0
1776887284.6211028,4.0,4.0,-44.0
1776887284.6311028,-1.0,6.0,-39.0
1776887284.6411028,1.0,0.0,-36.0
1776887284.6511028,5.0,0.0,-37.0
1776887284.6611028,5.0,-2.0,-35.0
1776887284.6711028,3.0,0.0,-37.0
1776887284.6811028,0.0,-2.0,-41.0
1776887284.6911027,6.0,-4.0,-41.0
1776887284.7011027,9.0,-5.0,-43.0
1776887284.7111027,10.0,-5.0,-42.0
1776887284.7211027,13.0,-5.0,-36.0
1776887284.7311027,12.0,-6.0,-36.0
1776887284.7411027,11.0,-8.0,-36.0
1776887284.7511027,8.0,-6.0,-29.0
1776887284.761103,7.0,-3.0,-28.0
1776887284.771103,5.0,-3.0,-28.0
1776887284.781103,5.0,0.0,-21.0
1776887284.7911026,0.0,1.0,-21.0
1776887284.8011026,0.0,5.0,-29.0
1776887284.8111026,0.0,6.0,-29.0
1776887284.8211029,-3.0,4.0,-34.0
1776887284.8311028,-2.0,0.0,-38.0
1776887284.8411028,-4.0,-1.0,-36.0
1776887284.8511028,-5.0,-3.0,-40.0
1776887284.8611028,-6.0,-1.0,-40.0
1776887284.8711028,-5.0,-1.0,-41.0
1776887284.8811028,-4.0,0.0,-36.0
1776887284.8911028,-2.0,0.0,-34.0
1776887284.9011028,-2.0,-1.0,-32.0
1776887284.9111028,-2.0,-1.0,-40.0
1776887284.9211028,0.0,0.0,-35.0
1776887284.9311028,1.0,0.0,-34.0
1776887284.9411027,7.0,0.0,-35.0
1776887284.9511027,9.0,-2.0,-32.0
1776887284.9611027,5.0,-2.0,-31.0
1776887284.9711027,2.0,-4.0,-36.0
1776887284.9811027,0.0,-1.0,-36.0
1776887284.9911027,-4.0,-1.0,-33.0
1776887285.0011027,-2.0,0.0,-34.0
1776887285.011103,0.0,0.0,-35.0
1776887285.021103,0.0,0.0,-36.0
1776887285.031103,-1.0,-1.0,-39.0
1776887285.0411026,-4.0,-1.0,-40.0
1776887285.0511026,-10.0,1.0,-33.0
1776887285.0611026,-6.0,-4.0,-32.0
1776887285.0711029,-3.0,-3.0,-32.0
1776887285.0811028,-5.0,0.0,-33.0
1776887285.0911028,-3.0,0.0,-38.0
1776887285.1011028,1.0,0.0,-37.0
1776887285.1111028,1.0,0.0,-35.0
1776887285.1211028,-2.0,3.0,-35.0
1776887285.1311028,-1.0,3.0,-33.0
1776887285.1411028,0.0,-2.0,-40.0
1776887285.1511028,0.0,-6.0,-40.0
1776887285.1611028,-3.0,-5.0,-47.0
1776887285.1711028,1.0,-2.0,-44.0
1776887285.1811028,0.0,-2.0,-44.0
1776887285.1911027,1.0,-2.0,-46.0
1776887285.2011027,2.0,-1.0,-44.0
1776887285.2111027,0.0,-3.0,-43.0
1776887285.2211027,0.0,-1.0,-35.0
1776887285.2311027,-2.0,-2.0,-41.0
1776887285.2411027,0.0,0.0,-45.0
1776887285.2511027,1.0,0.0,-43.0
1776887285.261103,0.0,3.0,-39.0
1776887285.271103,2.0,1.0,-43.0
1776887285.281103,0.0,-2.0,-43.0
1776887285.2911026,0.0,-3.0,-38.0
1776887285.3011026,3.0,-6.0,-37.0
1776887285.3111026,3.0,-5.0,-32.0
1776887285.3211029,3.0,-5.0,-36.0
1776887285.3311028,0.0,-2.0,-32.0
1776887285.3411028,0.0,-6.0,-34.0
1776887285.3511028,3.0,-10.0,-37.0
1776887285.3611028,2.0,-6.0,-34.0
1776887285.3711028,2.0,-2.0,-29.0
1776887285.3811028,0.0,0.0,-29.0
1776887285.3911028,-2.0,0.0,-31.0
1776887285.4011028,-1.0,2.0,-28.0
1776887285.4111028,-2.0,4.0,-32.0
1776887285.4211028,-3.0,2.0,-41.0
1776887285.4311028,-10.0,5.0,-42.0
1776887285.4411027,-7.0,7.0,-40.0
1776887285.4511027,-5.0,6.0,-38.0
1776887285.4611027,-1.0,7.0,-36.0
1776887285.4711027,0.0,3.0,-34.0
1776887285.4811027,0.0,0.0,-42.0
1776887285.4911027,-1.0,-1.0,-40.0
1776887285.5011027,2.0,0.0,-38.0
1776887285.511103,2.0,0.0,-39.0
1776887285.521103,5.0,-2.0,-42.0
1776887285.531103,8.0,1.0,-50.0
1776887285.5411026,6.0,2.0,-43.0
1776887285.5511026,7.0,0.0,-34.0
1776887285.5611026,7.0,0.0,-36.0
1776887285.5711029,9.0,0.0,-37.0
1776887285.5811028,8.0,-1.0,-35.0
1776887285.5911028,5.0,-1.0,-41.0
1776887285.6011028,3.0,0.0,-39.0
1776887285.6111028,1.0,3.0,-42.0
1776887285.6211028,-3.0,3.0,-35.0
1776887285.6311028,-1.0,4.0,-35.0
1776887285.6411028,2.0,3.0,-31.0
1776887285.6511028,4.0,2.0,-34.0
1776887285.6611028,4.0,4.0,-36.0
1776887285.6711028,5.0,4.0,-35.0
1776887285.6811028,5.0,5.0,-34.0
1776887285.6911027,8.0,6.0,-36.0
1776887285.7011027,1.0,5.0,-36.0
1776887285.7111027,1.0,5.0,-39.0
1776887285.7211027,0.0,5.0,-35.0
1776887285.7311027,2.0,3.0,-31.0
1776887285.7411027,7.0,1.0,-36.0
1776887285.7511027,8.0,3.0,-37.0
1776887285.761103,6.0,-1.0,-34.0
1776887285.771103,3.0,0.0,-34.0
1776887285.781103,3.0,3.0,-30.0
1776887285.7911026,8.0,1.0,-33.0
1776887285.8011026,5.0,-1.0,-32.0
1776887285.8111026,6.0,2.0,-30.0
1776887285.8211029,4.0,0.0,-25.0
1776887285.8311028,2.0,1.0,-27.0
1776887285.8411028,6.0,0.0,-30.0
1776887285.8511028,-1.0,0.0,-36.0
1776887285.8611028,-3.0,1.0,-31.0
1776887285.8711028,-3.0,0.0,-28.0
1776887285.8811028,-5.0,-3.0,-29.0
1776887285.8921027,-2.0,-3.0,-31.0
1776887285.9021027,-5.0,-2.0,-37.0
1776887285.9111028,-6.0,1.0,-33.0
1776887285.9221027,-2.0,3.0,-33.0
1776887285.932103,0.0,3.0,-28.0
1776887285.942103,1.0,5.0,-26.0
1776887285.952103,0.0,3.0,-32.0
1776887285.962103,-1.0,1.0,-35.0
1776887285.9721026,0.0,6.0,-37.0
1776887285.9821026,0.0,4.0,-38.0
1776887285.9921026,0.0,3.0,-39.0
1776887286.0021029,-3.0,0.0,-42.0
1776887286.0121028,-3.0,0.0,-41.0
1776887286.0221028,-7.0,1.0,-39.0
1776887286.0321028,-8.0,1.0,-41.0
1776887286.0421028,-9.0,-1.0,-37.0
1776887286.0521028,-2.0,-4.0,-27.0
1776887286.0621028,-3.0,-7.0,-30.0
1776887286.0721028,-3.0,-7.0,-31.0
1776887286.0821028,4.0,-5.0,-31.0
1776887286.0921028,10.0,-4.0,-27.0
1776887286.1021028,6.0,-9.0,-22.0
1776887286.1121027,4.0,-6.0,-20.0
1776887286.1221027,0.0,-5.0,-22.0
1776887286.1321027,3.0,-4.0,-27.0
1776887286.1421027,4.0,0.0,-24.0
1776887286.1521027,6.0,0.0,-30.0
1776887286.1621027,4.0,2.0,-28.0
1776887286.1721027,0.0,1.0,-26.0
1776887286.182103,-1.0,1.0,-29.0
1776887286.192103,1.0,-1.0,-27.0
1776887286.202103,2.0,-3.0,-38.0
1776887286.212103,0.0,-4.0,-32.0
1776887286.2221026,-3.0,-1.0,-31.0
1776887286.2321026,-1.0,-2.0,-32.0
1776887286.2421026,-1.0,1.0,-33.0
1776887286.2521029,0.0,-1.0,-35.0
1776887286.2621028,-1.0,-1.0,-35.0
1776887286.2721028,-4.0,-1.0,-37.0
1776887286.2821028,-1.0,-4.0,-38.0
1776887286.2921028,1.0,-4.0,-42.0
1776887286.3021028,4.0,-6.0,-35.0
1776887286.3121028,5.0,-8.0,-35.0
1776887286.3231027,10.0,-1.0,-38.0
1776887286.3321028,9.0,-5.0,-33.0
1776887286.3421028,7.0,-6.0,-39.0
1776887286.3521028,4.0,-7.0,-40.0
1776887286.3621027,2.0,-5.0,-37.0
1776887286.3721027,1.0,-5.0,-33.0
1776887286.3821027,-3.0,-4.0,-36.0
1776887286.3921027,-5.0,-5.0,-36.0
1776887286.4021027,-8.0,-3.0,-35.0
1776887286.4121027,-7.0,-3.0,-31.0
1776887286.4221027,-3.0,-7.0,-31.0
1776887286.432103,-2.0,-5.0,-30.0
1776887286.442103,-1.0,-3.0,-32.0
1776887286.452103,1.0,-2.0,-43.0
1776887286.462103,6.0,-5.0,-36.0
1776887286.4721026,6.0,-4.0,-35.0
1776887286.4821026,4.0,-4.0,-38.0
1776887286.4921026,2.0,-4.0,-36.0
1776887286.5021029,3.0,-4.0,-30.0
1776887286.5121028,1.0,-4.0,-35.0
1776887286.5221028,-1.0,-3.0,-37.0
1776887286.5321028,0.0,-2.0,-37.0
1776887286.5421028,3.0,0.0,-41.0
1776887286.5521028,5.0,3.0,-40.0
1776887286.5621028,9.0,1.0,-42.0
1776887286.5721028,2.0,1.0,-37.0
1776887286.5821028,5.0,-1.0,-38.0
1776887286.5921028,7.0,-2.0,-42.0
1776887286.6021028,6.0,-5.0,-43.0
1776887286.6121027,12.0,-4.0,-42.0
1776887286.6221027,10.0,0.0,-41.0
1776887286.6321027,4.0,0.0,-36.0
1776887286.6421027,0.0,-4.0,-41.0
1776887286.6521027,0.0,-9.0,-45.0
1776887286.6621027,3.0,-8.0,-46.0
1776887286.6721027,1.0,-4.0,-49.0
1776887286.682103,-1.0,-6.0,-45.0
1776887286.692103,-5.0,-7.0,-38.0
1776887286.702103,-5.0,-8.0,-40.0
1776887286.712103,-3.0,-6.0,-40.0
1776887286.7221026,0.0,-4.0,-40.0
1776887286.7321026,4.0,-2.0,-44.0
1776887286.7421026,9.0,4.0,-48.0
1776887286.7521029,4.0,6.0,-45.0
1776887286.7621028,1.0,0.0,-43.0
1776887286.7721028,2.0,-4.0,-36.0
1776887286.7821028,3.0,-4.0,-38.0
1776887286.7921028,5.0,-2.0,-31.0
1776887286.8021028,5.0,-1.0,-29.0
1776887286.8121028,8.0,-5.0,-29.0
1776887286.8221028,3.0,-2.0,-32.0
1776887286.8321028,1.0,-1.0,-31.0
1776887286.8421028,2.0,-1.0,-36.0
1776887286.8521028,3.0,-1.0,-33.0
1776887286.8621027,4.0,-1.0,-31.0
1776887286.8721027,7.0,-7.0,-34.0
1776887286.8821027,6.0,-3.0,-28.0
1776887286.8921027,0.0,-3.0,-30.0
1776887286.9021027,-2.0,-1.0,-30.0
1776887286.9121027,-4.0,4.0,-36.0
1776887286.9221027,-3.0,1.0,-42.0
1776887286.932103,0.0,0.0,-44.0
1776887286.942103,8.0,0.0,-44.0
1776887286.952103,10.0,1.0,-42.0
1776887286.962103,7.0,1.0,-42.0
1776887286.9721026,8.0,0.0,-44.0
1776887286.9821026,6.0,0.0,-37.0
1776887286.9921026,0.0,0.0,-41.0
1776887287.0021029,3.0,-3.0,-45.0
1776887287.0121028,1.0,-7.0,-44.0
1776887287.0221028,1.0,-8.0,-43.0
1776887287.0321028,3.0,-9.0,-46.0
1776887287.0421028,6.0,-11.0,-47.0
1776887287.0521028,5.0,-9.0,-44.0
1776887287.0621028,5.0,-6.0,-47.0
1776887287.0721028,4.0,-4.0,-41.0
1776887287.0821028,2.0,-3.0,-40.0
1776887287.0921028,2.0,-6.0,-43.0
1776887287.1021028,5.0,-10.0,-41.0
1776887287.1121027,7.0,-4.0,-43.0
1776887287.1221027,3.0,-2.0,-46.0
1776887287.1321027,5.0,-3.0,-52.0
1776887287.1421027,6.0,-5.0,-52.0
1776887287.1521027,0.0,-5.0,-55.0
1776887287.1621027,-2.0,-7.0,-54.0
1776887287.1721027,1.0,-9.0,-50.0
1776887287.182103,-1.0,-10.0,-40.0
1776887287.192103,-3.0,-12.0,-36.0
1776887287.202103,-4.0,-13.0,-33.0
1776887287.212103,-5.0,-11.0,-32.0
1776887287.2221026,-7.0,-8.0,-30.0
1776887287.2321026,-8.0,-10.0,-32.0
1776887287.2421026,-6.0,-8.0,-36.0
1776887287.2521029,-9.0,-9.0,-41.0
1776887287.2621028,-9.0,-10.0,-32.0
1776887287.2721028,-12.0,-8.0,-30.0
1776887287.2821028,-14.0,-7.0,-44.0
1776887287.2921028,-9.0,-6.0,-41.0
1776887287.3021028,-7.0,-11.0,-44.0
1776887287.3121028,-1.0,-13.0,-44.0
1776887287.3221028,-4.0,-13.0,-42.0
1776887287.3321028,-5.0,-9.0,-47.0
1776887287.3421028,0.0,-1.0,-45.0
1776887287.3521028,-6.0,-2.0,-46.0
1776887287.3621027,-4.0,-3.0,-47.0
1776887287.3721027,-3.0,-3.0,-40.0
1776887287.3821027,-3.0,-4.0,-37.0
1776887287.3921027,0.0,0.0,-36.0
1776887287.4021027,-2.0,2.0,-38.0
1776887287.4121027,-1.0,2.0,-36.0
1776887287.4221027,0.0,0.0,-34.0
1776887287.432103,0.0,-3.0,-37.0
1776887287.442103,1.0,-1.0,-37.0
1776887287.452103,1.0,-3.0,-39.0
1776887287.462103,0.0,2.0,-38.0
1776887287.4721026,-1.0,1.0,-42.0
1776887287.4821026,1.0,5.0,-39.0
1776887287.4921026,0.0,5.0,-36.0
1776887287.5021029,4.0,8.0,-35.0
1776887287.5121028,0.0,2.0,-32.0
1776887287.5221028,2.0,2.0,-35.0
1776887287.5321028,0.0,4.0,-38.0
1776887287.5421028,0.0,3.0,-41.0
1776887287.5521028,3.0,0.0,-37.0
1776887287.5621028,5.0,0.0,-33.0
1776887287.5721028,9.0,0.0,-31.0
1776887287.5821028,3.0,0.0,-32.0
1776887287.5921028,-4.0,0.0,-32.0
1776887287.6021028,-7.0,0.0,-33.0
1776887287.6121027,-4.0,-5.0,-30.0
1776887287.6221027,-5.0,-4.0,-30.0
1776887287.6321027,-2.0,-1.0,-38.0
1776887287.6421027,0.0,1.0,-39.0
1776887287.6521027,3.0,3.0,-42.0
1776887287.6621027,0.0,2.0,-41.0
1776887287.6721027,0.0,1.0,-41.0
1776887287.682103,0.0,-1.0,-38.0
1776887287.692103,-6.0,-3.0,-29.0
1776887287.702103,-6.0,0.0,-33.0
1776887287.712103,1.0,-4.0,-28.0
1776887287.7221026,7.0,0.0,-31.0
1776887287.7321026,0.0,-3.0,-32.0
1776887287.7421026,0.0,-8.0,-28.0
1776887287.7521029,2.0,-9.0,-32.0
1776887287.7621028,4.0,-12.0,-36.0
1776887287.7721028,3.0,-8.0,-35.0
1776887287.7821028,3.0,-8.0,-39.0
1776887287.7921028,0.0,-14.0,-37.0
1776887287.8021028,2.0,-10.0,-38.0
1776887287.8121028,4.0,-6.0,-45.0
1776887287.8221028,1.0,-2.0,-45.0
1776887287.8321028,2.0,-2.0,-42.0
1776887287.8421028,4.0,0.0,-38.0
1776887287.8521028,4.0,0.0,-34.0
1776887287.863103,6.0,0.0,-36.0
1776887287.8721027,5.0,-1.0,-29.0
1776887287.8821027,0.0,-1.0,-26.0
1776887287.8921027,0.0,0.0,-31.0
1776887287.9021027,1.0,0.0,-40.0
1776887287.9121027,-2.0,1.0,-38.0
1776887287.9221027,-3.0,1.0,-35.0
1776887287.932103,-3.0,0.0,-31.0
1776887287.942103,0.0,0.0,-35.0
1776887287.952103,-2.0,2.0,-30.0
1776887287.9631028,-4.0,5.0,-37.0
1776887287.9731028,-2.0,8.0,-35.0
1776887287.9831028,-2.0,3.0,-34.0
1776887287.9931028,0.0,3.0,-38.0
1776887288.0031028,1.0,4.0,-40.0
1776887288.0131028,1.0,6.0,-38.0
1776887288.0231028,0.0,6.0,-36.0
1776887288.0331028,1.0,6.0,-32.0
1776887288.0431027,0.0,2.0,-29.0
1776887288.0531027,2.0,3.0,-25.0
1776887288.0631027,5.0,0.0,-25.0
1776887288.0731027,7.0,-3.0,-20.0
1776887288.0831027,1.0,-6.0,-18.0
1776887288.0931027,-1.0,-7.0,-21.0
1776887288.1031027,-1.0,-8.0,-27.0
1776887288.113103,0.0,-7.0,-28.0
1776887288.123103,0.0,-11.0,-31.0
1776887288.133103,1.0,-7.0,-29.0
1776887288.1431026,5.0,-5.0,-31.0
1776887288.1531026,4.0,-5.0,-31.0
1776887288.1631026,5.0,-2.0,-33.0
1776887288.1731029,2.0,-5.0,-40.0
1776887288.1831028,2.0,-7.0,-37.0
1776887288.1931028,0.0,-6.0,-38.0
1776887288.2031028,0.0,-9.0,-39.0
1776887288.2131028,0.0,-6.0,-35.0
1776887288.2231028,5.0,-4.0,-38.0
1776887288.2331028,5.0,-2.0,-34.0
1776887288.2431028,2.0,-1.0,-33.0
1776887288.2531028,0.0,-2.0,-38.0
1776887288.2631028,0.0,-2.0,-31.0
1776887288.2731028,-2.0,-3.0,-29.0
1776887288.2831028,-3.0,-2.0,-32.0
1776887288.2931027,-2.0,0.0,-30.0
1776887288.3031027,2.0,2.0,-33.0
1776887288.3131027,3.0,3.0,-37.0
1776887288.3231027,0.0,-2.0,-36.0
1776887288.3331027,0.0,-6.0,-37.0
1776887288.3431027,0.0,-10.0,-33.0
1776887288.3531027,1.0,-7.0,-28.0
1776887288.363103,0.0,-8.0,-33.0
1776887288.373103,0.0,-6.0,-36.0
1776887288.383103,2.0,-11.0,-35.0
1776887288.3931026,2.0,-8.0,-37.0
1776887288.4031026,-1.0,-7.0,-37.0
1776887288.4131026,-2.0,-8.0,-45.0
1776887288.4231029,-2.0,-2.0,-47.0
1776887288.4331028,-1.0,-3.0,-53.0
1776887288.4431028,2.0,-3.0,-48.0
1776887288.4531028,-1.0,-1.0,-44.0
1776887288.4631028,-4.0,2.0,-43.0
1776887288.4731028,-3.0,-2.0,-40.0
1776887288.4831028,-2.0,-1.0,-42.0
1776887288.4931028,1.0,-1.0,-46.0
1776887288.5031028,6.0,3.0,-40.0
1776887288.5131028,3.0,1.0,-39.0
1776887288.5231028,2.0,1.0,-36.0
1776887288.5331028,5.0,-2.0,-40.0
1776887288.5431027,4.0,-3.0,-38.0
1776887288.5531027,8.0,-2.0,-33.0
1776887288.5631027,6.0,-5.0,-34.0
1776887288.5731027,9.0,-3.0,-36.0
1776887288.5831027,9.0,0.0,-28.0
1776887288.5931027,3.0,-3.0,-31.0
1776887288.6031027,0.0,-2.0,-40.0
1776887288.613103,0.0,0.0,-39.0
1776887288.623103,0.0,0.0,-43.0
1776887288.633103,1.0,1.0,-47.0
1776887288.6431026,-1.0,1.0,-46.0
1776887288.6531026,1.0,-2.0,-46.0
1776887288.6631026,2.0,0.0,-41.0
1776887288.6731029,1.0,-3.0,-43.0
1776887288.6831028,2.0,-4.0,-43.0
1776887288.6931028,1.0,-4.0,-47.0
1776887288.7031028,6.0,-3.0,-46.0
1776887288.7131028,6.0,-1.0,-39.0
1776887288.7231028,8.0,-2.0,-34.0
1776887288.7331028,3.0,-1.0,-28.0
1776887288.7431028,3.0,-1.0,-31.0
1776887288.7531028,3.0,4.0,-33.0
1776887288.7631028,3.0,-1.0,-37.0
1776887288.7731028,4.0,-5.0,-43.0
1776887288.7831028,3.0,-4.0,-45.0
1776887288.7931027,4.0,0.0,-47.0
1776887288.8031027,4.0,0.0,-48.0
1776887288.8131027,7.0,0.0,-47.0
1776887288.8231027,7.0,0.0,-40.0
1776887288.8331027,6.0,0.0,-41.0
1776887288.8431027,7.0,-1.0,-45.0
1776887288.8531027,7.0,-2.0,-44.0
1776887288.863103,3.0,-3.0,-41.0
1776887288.873103,1.0,-4.0,-37.0
1776887288.883103,-1.0,0.0,-33.0
1776887288.8931026,-2.0,-3.0,-32.0
1776887288.9031026,-1.0,-5.0,-38.0
1776887288.9131026,-1.0,0.0,-39.0
1776887288.9231029,0.0,-1.0,-37.0
1776887288.9331028,0.0,-4.0,-37.0
1776887288.9431028,0.0,-1.0,-33.0
1776887288.9531028,3.0,-3.0,-33.0
1776887288.9631028,0.0,-4.0,-38.0
1776887288.9731028,-2.0,-2.0,-37.0
1776887288.9831028,-2.0,0.0,-38.0
1776887288.9931028,-4.0,-2.0,-28.0
1776887289.0031028,0.0,-5.0,-21.0
1776887289.0131028,4.0,-9.0,-22.0
1776887289.0231028,4.0,-10.0,-27.0
1776887289.0331028,3.0,-6.0,-27.0
1776887289.0431027,-1.0,-5.0,-30.0
1776887289.0531027,-5.0,-4.0,-29.0
1776887289.0631027,-10.0,-3.0,-31.0
1776887289.0731027,-5.0,0.0,-26.0
1776887289.0831027,-3.0,1.0,-27.0
1776887289.0931027,0.0,-1.0,-25.0
1776887289.1031027,-1.0,-4.0,-27.0
1776887289.113103,0.0,-5.0,-35.0
1776887289.123103,3.0,-6.0,-38.0
1776887289.133103,7.0,-7.0,-37.0
1776887289.1431026,8.0,-4.0,-34.0
1776887289.1531026,8.0,-5.0,-32.0
1776887289.1631026,7.0,-8.0,-38.0
1776887289.1731029,4.0,-6.0,-37.0
1776887289.1831028,7.0,-7.0,-41.0
1776887289.1931028,5.0,-12.0,-42.0
1776887289.2031028,5.0,-12.0,-41.0
1776887289.2131028,5.0,-9.0,-36.0
1776887289.2231028,7.0,-8.0,-34.0
1776887289.2331028,11.0,-9.0,-34.0
1776887289.2431028,13.0,-7.0,-43.0
1776887289.2531028,9.0,-9.0,-43.0
1776887289.2631028,5.0,-9.0,-40.0
1776887289.2731028,0.0,-6.0,-36.0
1776887289.2831028,-2.0,-3.0,-36.0
1776887289.2931027,3.0,-4.0,-26.0
1776887289.3031027,4.0,-3.0,-28.0
1776887289.3131027,9.0,-7.0,-29.0
1776887289.3231027,7.0,-5.0,-29.0
1776887289.3331027,7.0,-7.0,-28.0
1776887289.3431027,6.0,-5.0,-34.0
1776887289.3531027,7.0,-3.0,-44.0
1776887289.363103,6.0,-1.0,-39.0
1776887289.373103,5.0,-2.0,-46.0
1776887289.383103,6.0,0.0,-46.0
1776887289.3931026,7.0,4.0,-49.0
1776887289.4031026,6.0,2.0,-45.0
1776887289.4131026,1.0,1.0,-41.0
1776887289.4231029,0.0,3.0,-44.0
1776887289.4331028,-3.0,4.0,-47.0
1776887289.4431028,-5.0,0.0,-44.0
1776887289.4531028,-4.0,-2.0,-41.0
1776887289.4631028,-2.0,0.0,-37.0
1776887289.4731028,-4.0,-1.0,-32.0
1776887289.4831028,-6.0,0.0,-34.0
1776887289.4931028,-1.0,0.0,-37.0
1776887289.5031028,-2.0,-2.0,-36.0
1776887289.5131028,0.0,-3.0,-43.0
1776887289.5231028,2.0,-2.0,-46.0
1776887289.5331028,2.0,0.0,-43.0
1776887289.5431027,-1.0,-1.0,-44.0
1776887289.5531027,-2.0,0.0,-41.0
1776887289.5631027,1.0,0.0,-36.0
1776887289.5731027,0.0,-1.0,-30.0
1776887289.5831027,-6.0,0.0,-30.0
1776887289.5931027,-2.0,1.0,-34.0
1776887289.6031027,-2.0,0.0,-36.0
1776887289.613103,-6.0,-3.0,-33.0
1776887289.623103,-3.0,-2.0,-43.0
1776887289.633103,0.0,-4.0,-40.0
1776887289.6431026,3.0,-3.0,-41.0
1776887289.6531026,0.0,-5.0,-39.0
1776887289.6631026,3.0,-4.0,-39.0
1776887289.6731029,5.0,-6.0,-41.0
1776887289.6831028,4.0,-1.0,-37.0
1776887289.6931028,7.0,0.0,-37.0
1776887289.7031028,6.0,0.0,-42.0
1776887289.7131028,5.0,-1.0,-41.0
1776887289.7231028,1.0,-1.0,-45.0
1776887289.7331028,-2.0,0.0,-36.0
1776887289.7431028,0.0,0.0,-39.0
1776887289.7531028,-6.0,-2.0,-42.0
1776887289.7631028,-4.0,-6.0,-45.0
1776887289.7731028,-3.0,-6.0,-37.0
1776887289.7831028,-3.0,-3.0,-35.0
1776887289.7931027,-5.0,-1.0,-34.0
1776887289.8031027,-8.0,0.0,-35.0
1776887289.8131027,-4.0,0.0,-34.0
1776887289.8231027,-6.0,-1.0,-27.0
1776887289.8331027,-6.0,-2.0,-32.0
1776887289.8431027,-5.0,-2.0,-35.0
1776887289.8531027,-6.0,-5.0,-32.0
1776887289.863103,-6.0,-5.0,-39.0
1776887289.873103,-8.0,-2.0,-41.0
1776887289.883103,-8.0,-5.0,-39.0
1776887289.8931026,-4.0,-6.0,-33.0
1776887289.9031026,-2.0,-6.0,-36.0
1776887289.9131026,-7.0,-10.0,-38.0
1776887289.9241028,-9.0,-9.0,-40.0
1776887289.9341028,-14.0,-8.0,-37.0
1776887289.9441028,-7.0,-5.0,-34.0
1776887289.9541028,-4.0,-1.0,-35.0
1776887289.9641027,-3.0,2.0,-33.0
1776887289.9741027,0.0,3.0,-35.0
1776887289.9841027,0.0,3.0,-33.0
1776887289.9941027,-1.0,2.0,-36.0
1776887290.0041027,0.0,0.0,-33.0
1776887290.0141027,2.0,-4.0,-30.0
1776887290.0241027,0.0,-4.0,-30.0
1776887290.034103,0.0,0.0,-41.0
1776887290.044103,0.0,0.0,-47.0
1776887290.054103,0.0,-1.0,-49.0
1776887290.0641026,-1.0,-5.0,-47.0
1776887290.0741026,4.0,-4.0,-45.0
1776887290.0841026,1.0,0.0,-41.0
1776887290.0941026,-2.0,4.0,-37.0
1776887290.1041028,-2.0,7.0,-34.0
1776887290.1141028,3.0,1.0,-36.0
1776887290.1241028,1.0,0.0,-40.0
1776887290.1341028,0.0,-4.0,-35.0
1776887290.1441028,0.0,-7.0,-36.0
1776887290.1541028,1.0,-8.0,-35.0
1776887290.1641028,2.0,-3.0,-33.0
1776887290.1741028,2.0,-6.0,-31.0
1776887290.1841028,8.0,-8.0,-28.0
1776887290.1941028,5.0,-6.0,-27.0
1776887290.2041028,5.0,-6.0,-34.0
1776887290.2141027,1.0,-3.0,-31.0
1776887290.2241027,-3.0,-5.0,-31.0
1776887290.2341027,-3.0,-6.0,-34.0
1776887290.2441027,0.0,-7.0,-34.0
1776887290.2541027,-2.0,-12.0,-38.0
1776887290.2641027,0.0,-8.0,-29.0
1776887290.2741027,0.0,-4.0,-32.0
1776887290.284103,0.0,-1.0,-36.0
1776887290.294103,0.0,-4.0,-38.0
1776887290.304103,0.0,-3.0,-41.0
1776887290.3141026,-2.0,-3.0,-40.0
1776887290.3241026,-2.0,-2.0,-39.0
1776887290.3341026,0.0,2.0,-38.0
1776887290.3441026,0.0,0.0,-41.0
1776887290.3541028,-1.0,0.0,-37.0
1776887290.3641028,0.0,1.0,-31.0
1776887290.3741028,0.0,1.0,-28.0
1776887290.3841028,5.0,0.0,-29.0
1776887290.3941028,3.0,-2.0,-32.0
1776887290.4041028,0.0,-3.0,-33.0
1776887290.4141028,0.0,-10.0,-37.0
1776887290.4241028,0.0,-7.0,-37.0
1776887290.4341028,0.0,-9.0,-38.0
1776887290.4441028,-4.0,-8.0,-39.0
1776887290.4541028,-2.0,-7.0,-44.0
1776887290.4641027,0.0,-10.0,-46.0
1776887290.4741027,0.0,-10.0,-47.0
1776887290.4841027,1.0,-12.0,-41.0
1776887290.4941027,1.0,-10.0,-31.0
1776887290.5041027,0.0,-11.0,-32.0
1776887290.5141027,-1.0,-8.0,-33.0
1776887290.5241027,3.0,-6.0,-31.0
1776887290.534103,1.0,-9.0,-29.0
1776887290.544103,3.0,-9.0,-33.0
1776887290.554103,0.0,-9.0,-34.0
1776887290.5641026,-1.0,-5.0,-38.0
1776887290.5741026,0.0,-3.0,-37.0
1776887290.5841026,0.0,-4.0,-32.0
1776887290.5941026,-4.0,-4.0,-40.0
1776887290.6041028,4.0,-2.0,-51.0
1776887290.6141028,7.0,0.0,-50.0
1776887290.6241028,11.0,1.0,-42.0
1776887290.6341028,1.0,0.0,-32.0
1776887290.6441028,0.0,-2.0,-32.0
1776887290.6541028,-1.0,-5.0,-35.0
1776887290.6641028,-2.0,-3.0,-43.0
1776887290.6741028,-1.0,1.0,-43.0
1776887290.6841028,-4.0,-3.0,-43.0
1776887290.6941028,-2.0,-4.0,-47.0
1776887290.7041028,0.0,-5.0,-51.0
1776887290.7141027,2.0,-5.0,-51.0
1776887290.7241027,-2.0,-6.0,-44.0
1776887290.7341027,-3.0,-3.0,-44.0
1776887290.7441027,-5.0,-4.0,-49.0
1776887290.7541027,-5.0,-2.0,-46.0
1776887290.7641027,-2.0,1.0,-42.0
1776887290.7741027,0.0,2.0,-42.0
1776887290.784103,1.0,0.0,-39.0
1776887290.794103,-2.0,1.0,-43.0
1776887290.804103,-3.0,3.0,-44.0
1776887290.8141026,-2.0,-1.0,-43.0
1776887290.8241026,0.0,0.0,-36.0
1776887290.8341026,-1.0,-1.0,-36.0
1776887290.8441026,-2.0,-3.0,-36.0
1776887290.8541028,0.0,-1.0,-36.0
1776887290.8641028,3.0,-1.0,-39.0
1776887290.8741028,4.0,-2.0,-43.0
1776887290.8841028,2.0,-3.0,-41.0
1776887290.8941028,0.0,-6.0,-39.0
1776887290.9041028,-4.0,-4.0,-33.0
1776887290.9141028,-4.0,-5.0,-33.0
1776887290.9241028,1.0,-6.0,-29.0
1776887290.9341028,0.0,-4.0,-32.0
1776887290.9441028,-2.0,-3.0,-28.0
1776887290.9541028,-6.0,-2.0,-34.0
1776887290.9641027,-1.0,0.0,-34.0
1776887290.9741027,0.0,0.0,-38.0
1776887290.9841027,3.0,-1.0,-37.0
1776887290.9941027,5.0,0.0,-32.0
1776887291.0041027,3.0,-7.0,-34.0
1776887291.0141027,6.0,-7.0,-32.0
1776887291.0241027,7.0,-6.0,-26.0
1776887291.034103,7.0,-8.0,-29.0
1776887291.044103,9.0,-4.0,-28.0
1776887291.054103,5.0,-2.0,-31.0
1776887291.0641026,4.0,0.0,-35.0
1776887291.0741026,0.0,-7.0,-36.0
1776887291.0841026,0.0,-12.0,-34.0
1776887291.0941026,-1.0,-8.0,-32.0
1776887291.1041028,0.0,-6.0,-36.0
1776887291.1141028,0.0,-5.0,-32.0
1776887291.1241028,-2.0,-2.0,-33.0
1776887291.1341028,-4.0,-3.0,-35.0
1776887291.1441028,-2.0,-3.0,-36.0
1776887291.1541028,0.0,-2.0,-35.0
1776887291.1641028,1.0,-1.0,-30.0
1776887291.1741028,0.0,-1.0,-36.0
1776887291.1841028,0.0,0.0,-39.0
1776887291.1941028,1.0,-1.0,-42.0
1776887291.2041028,-3.0,1.0,-41.0
1776887291.2141027,-5.0,0.0,-41.0
1776887291.2241027,-6.0,-2.0,-44.0
1776887291.2341027,-3.0,-3.0,-43.0
1776887291.2441027,-5.0,-5.0,-43.0
1776887291.2541027,-5.0,-6.0,-42.0
1776887291.2641027,-1.0,-6.0,-44.0
1776887291.2741027,0.0,-3.0,-52.0
1776887291.284103,5.0,-2.0,-46.0
1776887291.294103,4.0,-2.0,-36.0
1776887291.304103,3.0,-1.0,-33.0
1776887291.3141026,0.0,-3.0,-33.0
1776887291.3241026,4.0,-5.0,-31.0
1776887291.3341026,3.0,-10.0,-29.0
1776887291.3441026,5.0,-8.0,-33.0
1776887291.3541028,4.0,-5.0,-32.0
1776887291.3641028,1.0,-8.0,-33.0
1776887291.3741028,1.0,-6.0,-32.0
1776887291.3841028,7.0,-2.0,-25.0
1776887291.3941028,5.0,-2.0,-28.0
1776887291.4041028,2.0,-5.0,-35.0
1776887291.4141028,3.0,-5.0,-34.0
1776887291.4241028,-1.0,-7.0,-41.0
1776887291.4341028,1.0,-5.0,-46.0
1776887291.4441028,3.0,-6.0,-50.0
1776887291.4541028,1.0,-8.0,-51.0
1776887291.4641027,-3.0,-5.0,-53.0
1776887291.4741027,-1.0,-1.0,-50.0
1776887291.4841027,0.0,1.0,-47.0
1776887291.4941027,2.0,0.0,-44.0
1776887291.5041027,0.0,-1.0,-43.0
1776887291.5141027,0.0,0.0,-40.0
1776887291.5241027,2.0,2.0,-38.0
1776887291.534103,-1.0,3.0,-37.0
1776887291.544103,3.0,0.0,-35.0
1776887291.554103,4.0,3.0,-30.0
1776887291.5641026,7.0,-1.0,-32.0
1776887291.5741026,9.0,-2.0,-34.0
1776887291.5841026,9.0,-1.0,-38.0
1776887291.5941026,12.0,1.0,-34.0
1776887291.6041028,15.0,0.0,-30.0
1776887291.6141028,11.0,5.0,-35.0
1776887291.6241028,9.0,6.0,-39.0
1776887291.6341028,7.0,3.0,-39.0
1776887291.6441028,5.0,1.0,-39.0
1776887291.6541028,0.0,0.0,-36.0
1776887291.6641028,-1.0,-1.0,-35.0
1776887291.6741028,-2.0,-2.0,-39.0
1776887291.6841028,1.0,0.0,-37.0
1776887291.6941028,6.0,0.0,-36.0
1776887291.7041028,2.0,0.0,-28.0
1776887291.7141027,4.0,-1.0,-30.0
1776887291.7241027,4.0,-3.0,-35.0
1776887291.7341027,6.0,-5.0,-40.0
1776887291.7441027,5.0,-1.0,-37.0
1776887291.7541027,9.0,2.0,-38.0
1776887291.7641027,5.0,0.0,-36.0
1776887291.7741027,6.0,0.0,-44.0
1776887291.784103,9.0,0.0,-44.0
1776887291.794103,11.0,1.0,-44.0
1776887291.804103,7.0,-3.0,-49.0
1776887291.8141026,0.0,-6.0,-47.0
1776887291.8241026,-3.0,-5.0,-41.0
1776887291.8341026,0.0,-5.0,-36.0
1776887291.8441026,-2.0,0.0,-38.0
1776887291.8541028,-1.0,2.0,-35.0
1776887291.8641028,-2.0,1.0,-37.0
1776887291.8741028,-6.0,2.0,-39.0
1776887291.8841028,-6.0,1.0,-29.0
1776887291.8941028,-4.0,3.0,-36.0
1776887291.9051027,0.0,4.0,-34.0
1776887291.9151027,1.0,1.0,-38.0
1776887291.9251027,0.0,0.0,-44.0
1776887291.9341028,-5.0,-3.0,-38.0
1776887291.9451027,-3.0,-2.0,-33.0
1776887291.9551027,-7.0,-3.0,-36.0
1776887291.965103,-5.0,-2.0,-37.0
1776887291.975103,1.0,-3.0,-34.0
1776887291.985103,1.0,-7.0,-40.0
1776887291.9951026,0.0,-6.0,-43.0
1776887292.0051026,-1.0,-6.0,-40.0
1776887292.0151026,-3.0,-7.0,-37.0
1776887292.0251029,1.0,-8.0,-40.0
1776887292.0351028,2.0,-7.0,-39.0
1776887292.0451028,-3.0,-7.0,-39.0
1776887292.0551028,0.0,-4.0,-45.0
1776887292.0651028,-2.0,0.0,-50.0
1776887292.0751028,-1.0,3.0,-43.0
1776887292.0851028,0.0,4.0,-41.0
1776887292.0951028,3.0,6.0,-38.0
1776887292.1051028,7.0,4.0,-38.0
1776887292.1151028,9.0,4.0,-35.0
1776887292.1251028,4.0,1.0,-25.0
1776887292.1351027,5.0,0.0,-31.0
1776887292.1451027,2.0,1.0,-29.0
1776887292.1551027,1.0,1.0,-33.0
1776887292.1651027,1.0,1.0,-39.0
1776887292.1751027,0.0,1.0,-41.0
1776887292.1851027,2.0,-3.0,-30.0
1776887292.1951027,-2.0,-7.0,-33.0
1776887292.2051027,-4.0,-4.0,-30.0
1776887292.215103,-5.0,-4.0,-32.0
1776887292.225103,-2.0,-4.0,-38.0
1776887292.235103,-3.0,-4.0,-35.0
1776887292.2451026,-2.0,-4.0,-36.0
1776887292.2551026,0.0,-9.0,-35.0
1776887292.2651026,0.0,-6.0,-37.0
1776887292.2751029,0.0,-2.0,-35.0
1776887292.2851028,4.0,-1.0,-29.0
1776887292.2951028,0.0,0.0,-37.0
1776887292.3051028,-4.0,-2.0,-38.0
1776887292.3151028,-4.0,-1.0,-43.0
1776887292.3251028,0.0,0.0,-39.0
1776887292.3351028,4.0,0.0,-37.0
1776887292.3451028,5.0,1.0,-30.0
1776887292.3551028,4.0,0.0,-25.0
1776887292.3651028,1.0,1.0,-24.0
1776887292.3751028,4.0,0.0,-21.0
1776887292.3851027,6.0,1.0,-23.0
1776887292.3951027,8.0,0.0,-29.0
1776887292.4051027,8.0,1.0,-31.0
1776887292.4151027,7.0,0.0,-31.0
1776887292.4251027,2.0,0.0,-26.0
1776887292.4351027,1.0,-7.0,-22.0
1776887292.4451027,2.0,-8.0,-28.0
1776887292.4551027,1.0,-7.0,-35.0
1776887292.465103,0.0,0.0,-41.0
1776887292.475103,3.0,0.0,-43.0
1776887292.485103,3.0,0.0,-36.0
1776887292.4951026,5.0,1.0,-39.0
1776887292.5051026,3.0,1.0,-43.0
1776887292.5151026,3.0,2.0,-38.0
1776887292.5251029,5.0,1.0,-39.0
1776887292.5351028,2.0,1.0,-39.0
1776887292.5451028,9.0,3.0,-43.0
1776887292.5551028,9.0,0.0,-43.0
1776887292.5651028,8.0,4.0,-45.0
1776887292.5751028,2.0,4.0,-42.0
1776887292.5851028,2.0,2.0,-40.0
1776887292.5951028,0.0,0.0,-41.0
1776887292.6051028,0.0,-3.0,-37.0
1776887292.6151028,0.0,-5.0,-37.0
1776887292.6251028,-1.0,-5.0,-38.0
1776887292.6351027,-1.0,-4.0,-42.0
1776887292.6451027,-1.0,-7.0,-46.0
1776887292.6551027,4.0,-12.0,-44.0
1776887292.6651027,2.0,-7.0,-44.0
1776887292.6761026,3.0,-6.0,-40.0
1776887292.6851027,0.0,-5.0,-36.0
1776887292.6951027,-5.0,-5.0,-34.0
1776887292.7051027,-8.0,-1.0,-32.0
1776887292.715103,-4.0,1.0,-32.0
1776887292.725103,-4.0,1.0,-33.0
1776887292.735103,-4.0,0.0,-42.0
1776887292.7451026,-2.0,0.0,-39.0
1776887292.7551026,0.0,0.0,-42.0
1776887292.7651026,4.0,3.0,-39.0
1776887292.7751029,5.0,0.0,-37.0
1776887292.7851028,2.0,0.0,-41.0
1776887292.7951028,1.0,-1.0,-43.0
1776887292.8051028,-1.0,0.0,-41.0
1776887292.8151028,2.0,0.0,-44.0
1776887292.8251028,6.0,-1.0,-45.0
1776887292.8351028,3.0,-5.0,-44.0
1776887292.8451028,5.0,-3.0,-48.0
1776887292.8551028,5.0,-3.0,-51.0
1776887292.8651028,4.0,-2.0,-48.0
1776887292.8751028,6.0,-1.0,-43.0
1776887292.8851027,1.0,-5.0,-35.0
1776887292.8951027,-2.0,-4.0,-34.0
1776887292.9051027,0.0,-4.0,-38.0
1776887292.9151027,0.0,-1.0,-35.0
1776887292.9251027,0.0,-3.0,-37.0
1776887292.9351027,0.0,0.0,-35.0
1776887292.9451027,0.0,-1.0,-35.0
1776887292.9551027,-1.0,4.0,-36.0
1776887292.965103,-4.0,4.0,-37.0
1776887292.975103,-7.0,-1.0,-31.0
1776887292.985103,-7.0,0.0,-35.0
1776887292.9951026,-5.0,2.0,-36.0
1776887293.0051026,-8.0,2.0,-40.0
1776887293.0151026,-8.0,1.0,-47.0
1776887293.0251029,-4.0,-1.0,-42.0
1776887293.0351028,-5.0,-3.0,-37.0
1776887293.0451028,-3.0,-9.0,-34.0
1776887293.0551028,-2.0,-6.0,-38.0
1776887293.0651028,-4.0,-3.0,-46.0
1776887293.0751028,-3.0,-1.0,-41.0
1776887293.0851028,-2.0,-2.0,-40.0
1776887293.0951028,1.0,3.0,-36.0
1776887293.1051028,0.0,0.0,-36.0
1776887293.1151028,0.0,-2.0,-34.0
1776887293.1251028,0.0,0.0,-31.0
1776887293.1351027,0.0,2.0,-33.0
1776887293.1451027,-1.0,2.0,-30.0
1776887293.1551027,-1.0,0.0,-28.0
1776887293.1651027,-1.0,0.0,-36.0
1776887293.1751027,-1.0,2.0,-42.0
1776887293.1851027,0.0,0.0,-38.0
1776887293.1951027,2.0,1.0,-36.0
1776887293.2051027,0.0,-1.0,-41.0
1776887293.215103,3.0,-2.0,-44.0
1776887293.225103,0.0,-4.0,-46.0
1776887293.235103,4.0,-2.0,-50.0
1776887293.2451026,1.0,0.0,-55.0
1776887293.2551026,2.0,-2.0,-50.0
1776887293.2651026,0.0,-1.0,-48.0
1776887293.2751029,0.0,0.0,-40.0
1776887293.2851028,-3.0,0.0,-44.0
1776887293.2951028,2.0,0.0,-42.0
1776887293.3051028,0.0,0.0,-42.0
1776887293.3151028,1.0,1.0,-36.0
1776887293.3251028,1.0,2.0,-35.0
1776887293.3351028,4.0,4.0,-33.0
1776887293.3451028,4.0,6.0,-32.0
1776887293.3551028,2.0,4.0,-35.0
1776887293.3651028,9.0,0.0,-37.0
1776887293.3751028,8.0,2.0,-34.0
1776887293.386103,10.0,1.0,-31.0
1776887293.3951027,11.0,1.0,-27.0
1776887293.4051027,11.0,0.0,-31.0
1776887293.4151027,8.0,-2.0,-39.0
1776887293.4251027,7.0,0.0,-38.0
1776887293.4351027,1.0,4.0,-36.0
1776887293.4451027,1.0,4.0,-31.0
1776887293.4551027,-1.0,3.0,-41.0
1776887293.465103,0.0,1.0,-36.0
1776887293.475103,-1.0,-5.0,-35.0
1776887293.485103,-4.0,-6.0,-34.0
1776887293.4951026,-2.0,-6.0,-34.0
1776887293.5051026,-2.0,-8.0,-38.0
1776887293.5151026,-2.0,-3.0,-39.0
1776887293.5251029,0.0,-2.0,-39.0
1776887293.5351028,-1.0,-3.0,-35.0
1776887293.5451028,-4.0,0.0,-30.0
1776887293.5551028,-4.0,1.0,-31.0
1776887293.5651028,-1.0,3.0,-27.0
1776887293.5751028,-1.0,3.0,-31.0
1776887293.5851028,0.0,7.0,-37.0
1776887293.5951028,-3.0,6.0,-39.0
1776887293.6051028,-3.0,1.0,-40.0
1776887293.6151028,2.0,0.0,-41.0
1776887293.6251028,2.0,-1.0,-40.0
1776887293.6351027,3.0,-3.0,-34.0
1776887293.6451027,2.0,-7.0,-31.0
1776887293.6551027,3.0,-5.0,-31.0
1776887293.6651027,3.0,0.0,-32.0
1776887293.6751027,5.0,-3.0,-39.0
1776887293.6851027,7.0,0.0,-53.0
1776887293.6951027,5.0,3.0,-53.0
1776887293.7051027,5.0,3.0,-49.0
1776887293.715103,6.0,2.0,-50.0
1776887293.725103,1.0,-2.0,-48.0
1776887293.735103,3.0,-4.0,-42.0
1776887293.7451026,2.0,-3.0,-36.0
1776887293.7551026,3.0,-3.0,-34.0
1776887293.7651026,3.0,-2.0,-38.0
1776887293.7751029,7.0,-4.0,-42.0
1776887293.7851028,10.0,-1.0,-38.0
1776887293.7951028,8.0,-2.0,-32.0
1776887293.8051028,4.0,-3.0,-33.0
1776887293.8151028,4.0,-1.0,-34.0
1776887293.8251028,7.0,0.0,-33.0
1776887293.8351028,7.0,1.0,-30.0
1776887293.8451028,2.0,-1.0,-25.0
1776887293.8551028,3.0,0.0,-20.0
1776887293.8651028,3.0,5.0,-23.0
1776887293.8751028,6.0,4.0,-32.0
1776887293.8851027,-2.0,0.0,-33.0
1776887293.8951027,-1.0,0.0,-37.0
1776887293.9051027,-4.0,4.0,-37.0
1776887293.9151027,-2.0,3.0,-42.0
1776887293.9261026,-3.0,5.0,-41.0
1776887293.9361026,-4.0,0.0,-35.0
1776887293.9461029,-1.0,1.0,-33.0
1776887293.9561028,-1.0,2.0,-29.0
1776887293.965103,-1.0,0.0,-30.0
1776887293.9761028,-2.0,-1.0,-33.0
1776887293.9861028,-1.0,1.0,-44.0
1776887293.9961028,-1.0,3.0,-46.0
1776887294.0061028,2.0,2.0,-45.0
1776887294.0161028,-1.0,6.0,-42.0
1776887294.0261028,-2.0,6.0,-41.0
1776887294.0361028,1.0,4.0,-43.0
1776887294.0461028,2.0,6.0,-39.0
1776887294.0561028,0.0,6.0,-38.0
1776887294.0661027,-1.0,1.0,-36.0
1776887294.0761027,-1.0,-1.0,-34.0
1776887294.0861027,0.0,0.0,-34.0
1776887294.0961027,0.0,3.0,-37.0
1776887294.1061027,-3.0,2.0,-33.0
1776887294.1161027,0.0,0.0,-37.0
1776887294.1261027,0.0,-1.0,-38.0
1776887294.136103,-2.0,-1.0,-28.0
1776887294.146103,1.0,-1.0,-24.0
1776887294.156103,1.0,-1.0,-33.0
1776887294.1661026,2.0,0.0,-35.0
1776887294.1761026,1.0,0.0,-30.0
1776887294.1861026,1.0,-3.0,-27.0
1776887294.1961029,1.0,-6.0,-38.0
1776887294.2061028,0.0,-6.0,-38.0
1776887294.2161028,2.0,-2.0,-31.0
1776887294.2261028,1.0,-3.0,-38.0
1776887294.2361028,2.0,0.0,-36.0
1776887294.2461028,5.0,-3.0,-35.0
1776887294.2561028,5.0,-2.0,-38.0
1776887294.2661028,7.0,-2.0,-38.0
1776887294.2761028,11.0,-5.0,-37.0
1776887294.2861028,11.0,-7.0,-46.0
1776887294.2961028,7.0,-4.0,-47.0
1776887294.3061028,8.0,0.0,-44.0
1776887294.3161027,7.0,-5.0,-36.0
1776887294.3261027,7.0,-4.0,-31.0
1776887294.3361027,5.0,-1.0,-30.0
1776887294.3461027,2.0,-2.0,-35.0
1776887294.3561027,-3.0,-3.0,-35.0
1776887294.3661027,-4.0,1.0,-39.0
1776887294.3761027,0.0,1.0,-37.0
1776887294.386103,1.0,0.0,-36.0
1776887294.396103,1.0,1.0,-36.0
1776887294.406103,-4.0,-2.0,-44.0
1776887294.4161026,-6.0,2.0,-38.0
1776887294.4261026,-10.0,0.0,-37.0
1776887294.4361026,-14.0,-3.0,-39.0
1776887294.4461029,-8.0,-4.0,-42.0
1776887294.4561028,-2.0,-4.0,-47.0
1776887294.4661028,0.0,-3.0,-43.0
1776887294.4761028,-1.0,-3.0,-36.0
1776887294.4861028,-3.0,0.0,-37.0
1776887294.4961028,-4.0,0.0,-38.0
1776887294.5061028,0.0,0.0,-41.0
1776887294.5161028,3.0,-1.0,-38.0
1776887294.5261028,3.0,-3.0,-35.0
1776887294.5361028,1.0,-8.0,-29.0
1776887294.5461028,2.0,-7.0,-23.0
1776887294.5561028,7.0,-4.0,-16.0
1776887294.5661027,9.0,-2.0,-15.0
1776887294.5761027,10.0,0.0,-24.0
1776887294.5861027,8.0,0.0,-32.0
1776887294.5961027,7.0,0.0,-32.0
1776887294.6061027,4.0,3.0,-32.0
1776887294.6161027,7.0,1.0,-30.0
1776887294.6261027,7.0,3.0,-24.0
1776887294.636103,3.0,0.0,-29.0
1776887294.646103,7.0,0.0,-23.0
1776887294.656103,9.0,1.0,-29.0
1776887294.6661026,7.0,3.0,-28.0
1776887294.6761026,0.0,4.0,-33.0
1776887294.6861026,0.0,2.0,-40.0
1776887294.6961029,4.0,1.0,-39.0
1776887294.7061028,-1.0,0.0,-40.0
1776887294.7161028,-4.0,0.0,-49.0
1776887294.7261028,-4.0,-1.0,-44.0
1776887294.7361028,-4.0,0.0,-39.0
1776887294.7461028,-3.0,0.0,-38.0
1776887294.7561028,0.0,0.0,-39.0
1776887294.7661028,1.0,0.0,-36.0
1776887294.7761028,-2.0,-2.0,-32.0
1776887294.7861028,-4.0,0.0,-29.0
1776887294.7961028,-3.0,4.0,-29.0
1776887294.8061028,0.0,3.0,-38.0
1776887294.8161027,0.0,0.0,-39.0
1776887294.8261027,1.0,1.0,-38.0
1776887294.8361027,6.0,2.0,-33.0
1776887294.8461027,7.0,5.0,-32.0
1776887294.8561027,8.0,0.0,-29.0
1776887294.8661027,8.0,0.0,-27.0
1776887294.8761027,7.0,-4.0,-31.0
1776887294.886103,8.0,-3.0,-34.0
1776887294.896103,9.0,-4.0,-37.0
1776887294.906103,8.0,-1.0,-36.0
1776887294.9161026,8.0,3.0,-41.0
1776887294.9261026,4.0,1.0,-36.0
1776887294.9361026,7.0,-3.0,-32.0
1776887294.9461029,8.0,-6.0,-28.0
1776887294.9561028,7.0,-4.0,-27.0
1776887294.9661028,8.0,-3.0,-24.0
1776887294.9761028,12.0,-4.0,-28.0
1776887294.9861028,8.0,-2.0,-30.0
1776887294.9961028,9.0,-2.0,-35.0
1776887295.0061028,8.0,-3.0,-35.0
1776887295.0161028,8.0,-1.0,-41.0
1776887295.0261028,5.0,-2.0,-43.0
1776887295.0361028,3.0,0.0,-40.0
1776887295.0461028,-1.0,-2.0,-40.0
1776887295.0561028,1.0,-2.0,-40.0
1776887295.0661027,3.0,0.0,-38.0
1776887295.0761027,3.0,-4.0,-42.0
1776887295.0861027,1.0,-4.0,-42.0
1776887295.0961027,0.0,-5.0,-40.0
1776887295.1061027,0.0,-2.0,-42.0
1776887295.1161027,0.0,-4.0,-38.0
1776887295.1261027,-1.0,-5.0,-35.0
1776887295.136103,3.0,-1.0,-32.0
1776887295.146103,3.0,-5.0,-34.0
1776887295.156103,0.0,0.0,-41.0
1776887295.1661026,2.0,-2.0,-42.0
1776887295.1761026,1.0,-3.0,-42.0
1776887295.1861026,0.0,-8.0,-39.0
1776887295.1961029,0.0,-7.0,-37.0
1776887295.2061028,0.0,-6.0,-37.0
1776887295.2161028,0.0,-3.0,-40.0
1776887295.2261028,1.0,-2.0,-39.0
1776887295.2361028,0.0,1.0,-36.0
1776887295.2461028,-1.0,0.0,-38.0
1776887295.2561028,-2.0,0.0,-35.0
1776887295.2661028,-5.0,4.0,-28.0
1776887295.2761028,-9.0,5.0,-28.0
1776887295.2861028,-7.0,1.0,-35.0
1776887295.2961028,-5.0,0.0,-41.0
1776887295.3061028,-7.0,-7.0,-38.0
1776887295.3161027,-6.0,-4.0,-39.0
1776887295.3261027,-2.0,-1.0,-33.0
1776887295.3361027,0.0,1.0,-31.0
1776887295.3461027,4.0,-2.0,-31.0
1776887295.3561027,4.0,-6.0,-34.0
1776887295.3661027,1.0,-4.0,-31.0
1776887295.3761027,0.0,-5.0,-34.0
1776887295.386103,0.0,-5.0,-31.0
1776887295.396103,1.0,-6.0,-34.0
1776887295.406103,3.0,-4.0,-34.0
1776887295.4161026,9.0,-2.0,-40.0
1776887295.4261026,11.0,-4.0,-41.0
1776887295.4361026,7.0,-5.0,-34.0
1776887295.4461029,7.0,-3.0,-29.0
1776887295.4561028,4.0,0.0,-35.0
1776887295.4661028,4.0,1.0,-37.0
1776887295.4761028,3.0,3.0,-38.0
1776887295.4861028,0.0,2.0,-43.0
1776887295.4961028,0.0,-2.0,-39.0
1776887295.5061028,0.0,0.0,-38.0
1776887295.5161028,0.0,2.0,-41.0
1776887295.5261028,0.0,0.0,-41.0
1776887295.5361028,2.0,-1.0,-35.0
1776887295.5461028,-1.0,-3.0,-38.0
1776887295.5561028,0.0,-4.0,-37.0
1776887295.5661027,1.0,-3.0,-36.0
1776887295.5761027,4.0,-2.0,-32.0
1776887295.5861027,3.0,-3.0,-28.0
1776887295.5961027,1.0,0.0,-35.0
1776887295.6061027,-2.0,2.0,-36.0
1776887295.6161027,-2.0,6.0,-43.0
1776887295.6261027,-6.0,10.0,-35.0
1776887295.636103,-3.0,8.0,-32.0
1776887295.646103,-3.0,7.0,-38.0
1776887295.656103,-4.0,6.0,-44.0
1776887295.6661026,-5.0,4.0,-38.0
1776887295.6761026,-5.0,0.0,-39.0
1776887295.6861026,-2.0,0.0,-33.0
1776887295.6961029,-2.0,1.0,-39.0
1776887295.7061028,2.0,-1.0,-37.0
1776887295.7161028,-2.0,-2.0,-38.0
1776887295.7261028,-2.0,-2.0,-42.0
1776887295.7361028,-7.0,-3.0,-44.0
1776887295.7461028,-3.0,-3.0,-43.0
1776887295.7561028,0.0,-2.0,-41.0
1776887295.7661028,1.0,-3.0,-45.0
1776887295.7761028,1.0,-3.0,-43.0
1776887295.7861028,0.0,-1.0,-42.0
1776887295.7961028,0.0,-1.0,-46.0
1776887295.8061028,2.0,-2.0,-41.0
1776887295.8161027,3.0,-2.0,-39.0
1776887295.8261027,0.0,-1.0,-40.0
1776887295.8361027,-4.0,-1.0,-44.0
1776887295.8461027,-1.0,-5.0,-39.0
1776887295.8561027,0.0,-6.0,-38.0
1776887295.8661027,2.0,-7.0,-36.0
1776887295.8761027,7.0,-5.0,-43.0
1776887295.886103,6.0,-3.0,-43.0
1776887295.896103,4.0,3.0,-36.0
1776887295.9071028,5.0,0.0,-31.0
1776887295.9171028,4.0,-1.0,-38.0
1776887295.9271028,0.0,0.0,-34.0
1776887295.9371028,0.0,-1.0,-38.0
1776887295.9471028,-3.0,-3.0,-29.0
1776887295.9571028,-5.0,-6.0,-29.0
1776887295.9671028,-7.0,-3.0,-29.0
1776887295.9771028,-2.0,-1.0,-36.0
1776887295.9871027,0.0,-1.0,-36.0
1776887295.9971027,-3.0,-3.0,-32.0
1776887296.0071027,-2.0,-4.0,-36.0
1776887296.0171027,-4.0,-8.0,-33.0
1776887296.0271027,-3.0,-8.0,-39.0
1776887296.0371027,0.0,-7.0,-44.0
1776887296.0471027,-1.0,-7.0,-43.0
1776887296.057103,0.0,-3.0,-34.0
1776887296.067103,3.0,0.0,-31.0
1776887296.077103,3.0,-2.0,-32.0
1776887296.087103,7.0,0.0,-28.0
1776887296.0971026,7.0,0.0,-26.0
1776887296.1071026,6.0,2.0,-23.0
1776887296.1171026,11.0,0.0,-21.0
1776887296.1271029,8.0,0.0,-19.0
1776887296.1371028,7.0,0.0,-20.0
1776887296.1471028,8.0,3.0,-26.0
1776887296.1571028,2.0,2.0,-19.0
1776887296.1671028,2.0,4.0,-25.0
1776887296.1771028,-1.0,10.0,-32.0
1776887296.1871028,-4.0,4.0,-40.0
1776887296.1971028,-6.0,0.0,-43.0
1776887296.2071028,-6.0,0.0,-35.0
1776887296.2171028,-2.0,-1.0,-36.0
1776887296.2271028,-2.0,0.0,-33.0
1776887296.2371027,0.0,-3.0,-37.0
1776887296.2471027,-2.0,-4.0,-42.0
1776887296.2571027,-4.0,-6.0,-35.0
1776887296.2671027,-1.0,-5.0,-30.0
1776887296.2771027,2.0,-6.0,-36.0
1776887296.2871027,0.0,-2.0,-31.0
1776887296.2971027,0.0,-4.0,-33.0
1776887296.307103,0.0,-4.0,-34.0
1776887296.317103,2.0,-4.0,-33.0
1776887296.327103,2.0,-1.0,-29.0
1776887296.337103,1.0,-3.0,-29.0
1776887296.3471026,2.0,-1.0,-34.0
1776887296.3571026,3.0,-1.0,-36.0
1776887296.3671026,0.0,-4.0,-35.0
1776887296.3771029,0.0,-5.0,-34.0
1776887296.3871028,4.0,-5.0,-30.0
1776887296.3971028,6.0,-5.0,-35.0
1776887296.4071028,7.0,-6.0,-30.0
1776887296.4171028,9.0,-7.0,-28.0
1776887296.4271028,9.0,-3.0,-32.0
1776887296.4371028,4.0,-1.0,-32.0
1776887296.4471028,-2.0,-3.0,-32.0
1776887296.4571028,-5.0,-6.0,-37.0
1776887296.4671028,-4.0,-9.0,-36.0
1776887296.4771028,-3.0,-9.0,-36.0
1776887296.4871027,-6.0,-4.0,-29.0
1776887296.4971027,-4.0,-2.0,-29.0
1776887296.5071027,-8.0,-3.0,-34.0
1776887296.5171027,-6.0,-3.0,-36.0
1776887296.5271027,-3.0,-8.0,-36.0
1776887296.5371027,-5.0,-3.0,-31.0
1776887296.5471027,-2.0,0.0,-30.0
1776887296.557103,2.0,-1.0,-31.0
1776887296.567103,0.0,-1.0,-34.0
1776887296.577103,2.0,3.0,-35.0
1776887296.587103,8.0,3.0,-34.0
1776887296.5971026,0.0,0.0,-38.0
1776887296.6071026,-2.0,0.0,-41.0
1776887296.6171026,2.0,-1.0,-44.0
1776887296.6271029,2.0,0.0,-40.0
1776887296.6371028,0.0,2.0,-31.0
1776887296.6471028,1.0,0.0,-34.0
1776887296.6571028,0.0,3.0,-39.0
1776887296.6671028,-1.0,0.0,-39.0
1776887296.6771028,3.0,-1.0,-39.0
1776887296.6871028,6.0,-2.0,-33.0
1776887296.6971028,5.0,-2.0,-39.0
1776887296.7071028,0.0,-1.0,-39.0
1776887296.7171028,0.0,-1.0,-39.0
1776887296.7271028,-4.0,0.0,-36.0
1776887296.7371027,0.0,0.0,-41.0
1776887296.7471027,0.0,0.0,-37.0
1776887296.7571027,-4.0,3.0,-36.0
1776887296.7671027,-4.0,3.0,-38.0
1776887296.7771027,0.0,0.0,-39.0
1776887296.7871027,-4.0,1.0,-44.0
1776887296.7971027,-1.0,0.0,-50.0
1776887296.807103,-2.0,1.0,-48.0
1776887296.817103,-5.0,4.0,-46.0
1776887296.827103,-1.0,3.0,-40.0
1776887296.837103,0.0,2.0,-41.0
1776887296.8471026,-1.0,0.0,-47.0
1776887296.8571026,1.0,-1.0,-40.0
1776887296.8671026,3.0,-4.0,-39.0
1776887296.8771029,4.0,-3.0,-38.0
1776887296.8871028,-2.0,-6.0,-44.0
1776887296.8971028,0.0,-6.0,-41.0
1776887296.9071028,6.0,0.0,-39.0
1776887296.9171028,7.0,0.0,-40.0
1776887296.9271028,4.0,-2.0,-38.0
1776887296.9371028,3.0,-4.0,-37.0
1776887296.9471028,5.0,-3.0,-36.0
1776887296.9571028,0.0,-3.0,-38.0
1776887296.9671028,-1.0,-1.0,-40.0
1776887296.9771028,-3.0,-3.0,-41.0
1776887296.9871027,-3.0,-1.0,-36.0
1776887296.9971027,-8.0,1.0,-34.0
1776887297.0071027,-4.0,1.0,-27.0
1776887297.0171027,-2.0,-3.0,-29.0
1776887297.0271027,0.0,-3.0,-36.0
1776887297.0371027,1.0,-6.0,-37.0
1776887297.0471027,0.0,-5.0,-36.0
1776887297.057103,-4.0,-5.0,-36.0
1776887297.067103,-4.0,-5.0,-39.0
1776887297.077103,-1.0,-6.0,-40.0
1776887297.087103,-1.0,-3.0,-38.0
1776887297.0971026,-1.0,0.0,-42.0
1776887297.1071026,-4.0,1.0,-40.0
1776887297.1171026,-3.0,2.0,-40.0
1776887297.1271029,-5.0,-2.0,-38.0
1776887297.1371028,-3.0,-1.0,-41.0
1776887297.1471028,-1.0,-5.0,-44.0
1776887297.1571028,-1.0,-6.0,-41.0
1776887297.1671028,0.0,-4.0,-36.0
1776887297.1771028,3.0,-1.0,-32.0
1776887297.1871028,6.0,5.0,-28.0
1776887297.1971028,1.0,0.0,-20.0
1776887297.2071028,1.0,3.0,-23.0
1776887297.2171028,0.0,0.0,-25.0
1776887297.2271028,0.0,2.0,-24.0
1776887297.2371027,4.0,3.0,-20.0
1776887297.2471027,1.0,0.0,-24.0
1776887297.2571027,0.0,-2.0,-34.0
1776887297.2671027,-6.0,0.0,-32.0
1776887297.2771027,-5.0,-4.0,-37.0
1776887297.2871027,-1.0,-1.0,-37.0
1776887297.2971027,1.0,1.0,-35.0
1776887297.307103,6.0,0.0,-36.0
1776887297.317103,5.0,-2.0,-41.0
1776887297.327103,2.0,-1.0,-40.0
1776887297.337103,0.0,-3.0,-40.0
1776887297.3471026,0.0,-3.0,-41.0
1776887297.3571026,0.0,0.0,-38.0
1776887297.3671026,2.0,-3.0,-41.0
1776887297.3771029,0.0,-4.0,-40.0
1776887297.3871028,-2.0,-4.0,-42.0
1776887297.3971028,-4.0,-6.0,-39.0
1776887297.4071028,-2.0,-4.0,-40.0
1776887297.4171028,-2.0,-3.0,-37.0
1776887297.4271028,0.0,-5.0,-39.0
1776887297.4371028,0.0,-6.0,-42.0
1776887297.4471028,1.0,-7.0,-40.0
1776887297.4571028,0.0,-6.0,-41.0
1776887297.4671028,1.0,-5.0,-42.0
1776887297.4771028,0.0,-4.0,-42.0
1776887297.4871027,0.0,-3.0,-44.0
1776887297.4971027,0.0,-1.0,-36.0
1776887297.5071027,-2.0,0.0,-29.0
1776887297.5171027,-2.0,1.0,-36.0
1776887297.5271027,0.0,-1.0,-39.0
1776887297.5371027,0.0,-3.0,-38.0
1776887297.5471027,0.0,-3.0,-43.0
1776887297.557103,-4.0,-3.0,-35.0
1776887297.567103,-3.0,-3.0,-38.0
1776887297.577103,-2.0,-4.0,-36.0
1776887297.587103,1.0,-5.0,-31.0
1776887297.5971026,1.0,-1.0,-31.0
1776887297.6071026,0.0,-2.0,-24.0
1776887297.6171026,2.0,-8.0,-26.0
1776887297.6271029,5.0,-5.0,-24.0
1776887297.6371028,6.0,-5.0,-30.0
1776887297.6471028,3.0,0.0,-29.0
1776887297.6571028,8.0,0.0,-33.0
1776887297.6671028,8.0,0.0,-32.0
1776887297.6771028,8.0,-1.0,-36.0
1776887297.6871028,8.0,-2.0,-42.0
1776887297.6971028,10.0,-1.0,-36.0
1776887297.7071028,5.0,3.0,-36.0
1776887297.7171028,5.0,2.0,-37.0
1776887297.7271028,6.0,5.0,-34.0
1776887297.7371027,4.0,0.0,-31.0
1776887297.7471027,2.0,0.0,-35.0
1776887297.7571027,0.0,0.0,-33.0
1776887297.7671027,0.0,-1.0,-34.0
1776887297.7771027,4.0,-3.0,-31.0
1776887297.7871027,2.0,0.0,-26.0
1776887297.7971027,1.0,-2.0,-37.0
1776887297.807103,0.0,-4.0,-37.0
1776887297.817103,-6.0,-7.0,-41.0
1776887297.827103,-8.0,-11.0,-44.0
1776887297.837103,-5.0,-13.0,-41.0
1776887297.8471026,-6.0,-10.0,-40.0
1776887297.8571026,-4.0,-8.0,-34.0
1776887297.8671026,-1.0,-5.0,-31.0
1776887297.8771029,-3.0,-2.0,-30.0
1776887297.8871028,-2.0,-3.0,-31.0
1776887297.8971028,-5.0,4.0,-29.0
1776887297.9071028,-3.0,3.0,-33.0
1776887297.9181027,-1.0,2.0,-29.0
1776887297.9281027,-1.0,0.0,-27.0
1776887297.9381027,-3.0,0.0,-27.0
1776887297.9481027,0.0,1.0,-23.0
1776887297.9581027,0.0,3.0,-30.0
1776887297.9681027,0.0,4.0,-41.0
1776887297.9781027,0.0,4.0,-35.0
1776887297.988103,2.0,3.0,-39.0
1776887297.998103,-2.0,5.0,-40.0
1776887298.008103,0.0,0.0,-39.0
1776887298.0181026,-1.0,-4.0,-46.0
1776887298.0281026,0.0,-5.0,-48.0
1776887298.0381026,0.0,-2.0,-46.0
1776887298.0481029,-1.0,1.0,-46.0
1776887298.0581028,0.0,8.0,-50.0
1776887298.0681028,0.0,9.0,-47.0
1776887298.0781028,3.0,8.0,-38.0
1776887298.0881028,2.0,6.0,-34.0
1776887298.0981028,2.0,3.0,-33.0
1776887298.1081028,2.0,4.0,-35.0
1776887298.1181028,0.0,-2.0,-31.0
1776887298.1281028,0.0,-3.0,-34.0
1776887298.1381028,0.0,-4.0,-36.0
1776887298.1481028,6.0,-2.0,-38.0
1776887298.1581028,4.0,-2.0,-37.0
1776887298.1681027,-1.0,-3.0,-31.0
1776887298.1781027,-2.0,-3.0,-32.0
1776887298.1881027,0.0,-6.0,-32.0
1776887298.1981027,2.0,-3.0,-33.0
1776887298.2081027,2.0,-3.0,-35.0
1776887298.2181027,-1.0,0.0,-36.0
1776887298.2281027,-3.0,-3.0,-39.0
1776887298.238103,-2.0,-1.0,-36.0
1776887298.248103,-1.0,0.0,-31.0
1776887298.258103,-3.0,0.0,-31.0
1776887298.2681026,-3.0,-3.0,-30.0
1776887298.2781026,-2.0,-3.0,-33.0
1776887298.2881026,4.0,-3.0,-34.0
1776887298.2981029,5.0,-1.0,-38.0
1776887298.3081028,2.0,-1.0,-41.0
1776887298.3181028,2.0,-2.0,-40.0
1776887298.3281028,5.0,-1.0,-39.0
1776887298.3381028,3.0,0.0,-39.0
1776887298.3481028,2.0,1.0,-41.0
1776887298.3581028,2.0,5.0,-43.0
1776887298.3681028,-1.0,2.0,-41.0
1776887298.3781028,2.0,0.0,-37.0
1776887298.3881028,0.0,-1.0,-40.0
1776887298.3981028,0.0,3.0,-45.0
1776887298.4081028,0.0,0.0,-48.0
1776887298.4181027,1.0,1.0,-49.0
1776887298.4281027,4.0,6.0,-44.0
1776887298.4381027,4.0,3.0,-46.0
1776887298.4481027,3.0,0.0,-40.0
1776887298.4581027,3.0,0.0,-47.0
1776887298.4681027,2.0,0.0,-45.0
1776887298.4781027,2.0,-3.0,-41.0
1776887298.488103,3.0,-2.0,-43.0
1776887298.498103,7.0,-2.0,-42.0
1776887298.508103,5.0,-1.0,-43.0
1776887298.5181026,3.0,0.0,-43.0
1776887298.5281026,0.0,0.0,-39.0
1776887298.5381026,-1.0,-2.0,-35.0
1776887298.5481029,0.0,1.0,-30.0
1776887298.5581028,-2.0,-2.0,-27.0
1776887298.5681028,-3.0,-1.0,-29.0
1776887298.5781028,1.0,1.0,-29.0
1776887298.5881028,-3.0,6.0,-32.0
1776887298.5981028,-4.0,3.0,-34.0
1776887298.6081028,-5.0,0.0,-39.0
1776887298.6181028,-4.0,0.0,-37.0
1776887298.6281028,-4.0,1.0,-37.0
1776887298.6381028,-9.0,0.0,-39.0
1776887298.6481028,-4.0,-1.0,-39.0
1776887298.6581028,-1.0,-1.0,-38.0
1776887298.6681027,1.0,0.0,-37.0
1776887298.6781027,1.0,-2.0,-37.0
1776887298.6881027,4.0,-1.0,-38.0
1776887298.6981027,3.0,-1.0,-33.0
1776887298.7081027,2.0,1.0,-38.0
1776887298.7181027,1.0,1.0,-37.0
1776887298.7281027,-1.0,1.0,-35.0
1776887298.738103,-2.0,-1.0,-31.0
1776887298.748103,0.0,0.0,-26.0
1776887298.758103,2.0,0.0,-30.0
1776887298.7681026,6.0,1.0,-35.0
1776887298.7781026,7.0,0.0,-40.0
1776887298.7881026,0.0,-1.0,-36.0
1776887298.7981029,-2.0,-3.0,-41.0
1776887298.8081028,-3.0,-2.0,-40.0
1776887298.8181028,0.0,0.0,-43.0
1776887298.8281028,0.0,0.0,-39.0
1776887298.8381028,0.0,0.0,-38.0
1776887298.8481028,1.0,1.0,-36.0
1776887298.8581028,1.0,1.0,-36.0
1776887298.8681028,0.0,-3.0,-39.0
1776887298.8781028,0.0,-2.0,-32.0
1776887298.8881028,-2.0,-1.0,-36.0
1776887298.8981028,-2.0,-1.0,-38.0
1776887298.9081028,0.0,-2.0,-37.0
1776887298.9181027,0.0,-3.0,-39.0
1776887298.9281027,2.0,-2.0,-39.0
1776887298.9381027,2.0,3.0,-40.0
1776887298.9481027,1.0,2.0,-38.0
1776887298.9581027,1.0,0.0,-36.0
1776887298.9681027,3.0,0.0,-40.0
1776887298.9781027,2.0,0.0,-43.0
1776887298.988103,4.0,2.0,-43.0
1776887298.998103,2.0,2.0,-42.0
1776887299.008103,4.0,-3.0,-45.0
1776887299.0181026,2.0,-6.0,-42.0
1776887299.0281026,4.0,-8.0,-40.0
1776887299.0381026,4.0,-3.0,-36.0
1776887299.0481029,2.0,-1.0,-37.0
1776887299.0581028,2.0,0.0,-36.0
1776887299.0681028,3.0,-2.0,-33.0
1776887299.0781028,5.0,-5.0,-31.0
1776887299.0881028,8.0,-4.0,-36.0
1776887299.0981028,9.0,-7.0,-36.0
1776887299.1081028,10.0,-7.0,-36.0
1776887299.1181028,10.0,-6.0,-29.0
1776887299.1281028,8.0,0.0,-33.0
1776887299.1381028,7.0,-1.0,-30.0
1776887299.1481028,4.0,-3.0,-34.0
1776887299.1581028,6.0,0.0,-40.0
1776887299.1681027,6.0,0.0,-38.0
1776887299.1781027,9.0,4.0,-39.0
1776887299.1881027,6.0,2.0,-35.0
1776887299.1981027,3.0,0.0,-32.0
1776887299.2081027,0.0,0.0,-30.0
1776887299.2181027,0.0,0.0,-32.0
1776887299.2281027,-1.0,2.0,-33.0
1776887299.238103,-3.0,6.0,-28.0
1776887299.248103,-2.0,3.0,-30.0
1776887299.258103,-1.0,-1.0,-34.0
1776887299.2681026,-7.0,0.0,-36.0
1776887299.2781026,-6.0,-5.0,-34.0
1776887299.2881026,-2.0,-5.0,-36.0
1776887299.2981029,-6.0,-4.0,-38.0
1776887299.3081028,-3.0,-5.0,-23.0
1776887299.3181028,0.0,-4.0,-30.0
1776887299.3281028,0.0,-7.0,-33.0
1776887299.3381028,0.0,-6.0,-35.0
1776887299.3481028,0.0,-5.0,-34.0
1776887299.3581028,2.0,-7.0,-33.0
1776887299.3681028,3.0,-6.0,-36.0
1776887299.3781028,3.0,0.0,-42.0
1776887299.3881028,7.0,0.0,-44.0
1776887299.3981028,9.0,0.0,-46.0
1776887299.4081028,9.0,1.0,-44.0
1776887299.4181027,5.0,0.0,-47.0
1776887299.4281027,4.0,3.0,-46.0
1776887299.4381027,1.0,4.0,-44.0
1776887299.4481027,2.0,1.0,-44.0
1776887299.4581027,0.0,2.0,-40.0
1776887299.4681027,0.0,5.0,-35.0
1776887299.4781027,-5.0,7.0,-36.0
1776887299.488103,-4.0,3.0,-35.0
1776887299.498103,1.0,-1.0,-38.0
1776887299.508103,2.0,1.0,-43.0
1776887299.5181026,3.0,0.0,-40.0
1776887299.5281026,2.0,-1.0,-35.0
1776887299.5381026,1.0,-1.0,-36.0
1776887299.5481029,0.0,1.0,-37.0
1776887299.5581028,0.0,0.0,-40.0
1776887299.5681028,3.0,-3.0,-36.0
1776887299.5781028,1.0,-2.0,-38.0
1776887299.5881028,0.0,-1.0,-35.0
1776887299.5981028,-4.0,0.0,-21.0
1776887299.6081028,-5.0,3.0,-28.0
1776887299.6181028,-8.0,1.0,-28.0
1776887299.6281028,-7.0,2.0,-29.0
1776887299.6381028,-3.0,0.0,-26.0
1776887299.6481028,-5.0,0.0,-25.0
1776887299.6581028,-2.0,-3.0,-23.0
1776887299.6681027,-2.0,-3.0,-30.0
1776887299.6781027,1.0,-2.0,-32.0
1776887299.6881027,2.0,-6.0,-29.0
1776887299.6981027,2.0,-5.0,-38.0
1776887299.7081027,0.0,-3.0,-42.0
1776887299.7181027,-4.0,-5.0,-40.0
1776887299.7281027,-2.0,-4.0,-35.0
1776887299.738103,0.0,-4.0,-32.0
1776887299.748103,0.0,-2.0,-30.0
1776887299.758103,0.0,-3.0,-27.0
1776887299.7681026,1.0,0.0,-24.0
1776887299.7781026,0.0,3.0,-21.0
1776887299.7881026,-1.0,0.0,-26.0
1776887299.7981029,-1.0,0.0,-26.0
1776887299.8081028,0.0,2.0,-35.0
1776887299.8181028,-3.0,1.0,-39.0
1776887299.8281028,-1.0,2.0,-34.0
1776887299.8381028,0.0,0.0,-36.0
1776887299.8481028,0.0,3.0,-40.0
1776887299.8581028,2.0,1.0,-38.0
1776887299.8681028,0.0,0.0,-37.0
1776887299.8781028,1.0,0.0,-41.0
1776887299.8881028,0.0,0.0,-42.0
1776887299.8981028,2.0,-2.0,-45.0
1776887299.9081028,0.0,-4.0,-38.0
1776887299.9181027,0.0,-5.0,-37.0
1776887299.929103,5.0,-6.0,-40.0
1776887299.9381027,3.0,-3.0,-40.0
1776887299.9491026,1.0,-5.0,-40.0
1776887299.9591026,4.0,-6.0,-40.0
1776887299.9691026,1.0,-1.0,-33.0
1776887299.9791028,-1.0,-2.0,-30.0
1776887299.9891028,1.0,-5.0,-30.0
1776887299.9991028,-1.0,0.0,-26.0
1776887300.0091028,0.0,-1.0,-25.0
1776887300.0191028,-1.0,-4.0,-36.0
1776887300.0291028,-1.0,-9.0,-40.0
1776887300.0391028,0.0,-6.0,-43.0
1776887300.0491028,0.0,-7.0,-48.0
1776887300.0591028,1.0,-6.0,-52.0
1776887300.0691028,6.0,-8.0,-50.0
1776887300.0791028,7.0,-7.0,-47.0
1776887300.0891027,7.0,-6.0,-44.0
1776887300.0991027,3.0,-5.0,-44.0
1776887300.1091027,5.0,-8.0,-48.0
1776887300.1191027,0.0,-9.0,-39.0
1776887300.1291027,-1.0,-6.0,-36.0
1776887300.1391027,-2.0,-2.0,-37.0
1776887300.1491027,-9.0,0.0,-38.0
1776887300.159103,-13.0,3.0,-27.0
1776887300.169103,-7.0,3.0,-34.0
1776887300.179103,-2.0,1.0,-29.0
1776887300.1891026,0.0,-1.0,-40.0
1776887300.1991026,2.0,-1.0,-38.0
1776887300.2091026,4.0,3.0,-33.0
1776887300.2191026,1.0,2.0,-33.0
1776887300.2291028,9.0,1.0,-33.0
1776887300.2391028,8.0,3.0,-29.0
1776887300.2491028,8.0,-1.0,-30.0
1776887300.2591028,7.0,0.0,-33.0
1776887300.2691028,0.0,-2.0,-42.0
1776887300.2791028,-3.0,0.0,-45.0
1776887300.2891028,-1.0,0.0,-42.0
1776887300.2991028,-6.0,0.0,-44.0
1776887300.3091028,-6.0,-2.0,-45.0
1776887300.3191028,-3.0,4.0,-46.0
1776887300.3291028,0.0,7.0,-39.0
1776887300.3391027,0.0,5.0,-32.0
1776887300.3491027,5.0,4.0,-32.0
1776887300.3591027,5.0,6.0,-30.0
1776887300.3691027,6.0,3.0,-31.0
1776887300.3791027,3.0,2.0,-34.0
1776887300.3891027,4.0,3.0,-33.0
1776887300.3991027,7.0,2.0,-34.0
1776887300.409103,10.0,2.0,-36.0
1776887300.419103,9.0,2.0,-38.0
1776887300.429103,3.0,-4.0,-42.0
1776887300.4391026,0.0,-7.0,-38.0
1776887300.4491026,0.0,-6.0,-38.0
1776887300.4591026,3.0,-5.0,-38.0
1776887300.4691026,1.0,-5.0,-36.0
1776887300.4791028,-1.0,-1.0,-33.0
1776887300.4891028,3.0,-3.0,-39.0
1776887300.4991028,-1.0,-6.0,-38.0
1776887300.5091028,-3.0,-7.0,-39.0
1776887300.5191028,-3.0,-5.0,-29.0
1776887300.5291028,-2.0,-3.0,-25.0
1776887300.5391028,0.0,-3.0,-37.0
1776887300.5491028,-1.0,-8.0,-38.0
1776887300.5591028,-1.0,-10.0,-39.0
1776887300.5691028,2.0,-5.0,-37.0
1776887300.5791028,2.0,-4.0,-42.0
1776887300.5891027,3.0,-5.0,-38.0
1776887300.5991027,-2.0,0.0,-37.0
1776887300.6091027,0.0,2.0,-38.0
1776887300.6191027,0.0,0.0,-41.0
1776887300.6291027,-4.0,1.0,-41.0
1776887300.6391027,-5.0,4.0,-41.0
1776887300.6491027,-2.0,0.0,-40.0
1776887300.659103,-3.0,0.0,-32.0
1776887300.669103,-5.0,-4.0,-36.0
1776887300.679103,-8.0,-3.0,-32.0
1776887300.6891026,-9.0,-2.0,-32.0
1776887300.6991026,-3.0,-4.0,-41.0
1776887300.7091026,-3.0,-5.0,-44.0
1776887300.7191026,-3.0,0.0,-47.0
1776887300.7291028,-6.0,2.0,-42.0
1776887300.7391028,-6.0,6.0,-44.0
1776887300.7491028,-6.0,5.0,-41.0
1776887300.7591028,-8.0,2.0,-39.0
1776887300.7691028,-9.0,0.0,-34.0
1776887300.7791028,-4.0,-3.0,-38.0
1776887300.7891028,-4.0,-3.0,-31.0
1776887300.7991028,0.0,-1.0,-37.0
1776887300.8091028,-1.0,1.0,-36.0
1776887300.8191028,-1.0,0.0,-29.0
1776887300.8291028,-1.0,1.0,-33.0
1776887300.8391027,1.0,0.0,-33.0
1776887300.8491027,2.0,-1.0,-36.0
1776887300.8591027,2.0,-2.0,-30.0
1776887300.8691027,2.0,-3.0,-41.0
1776887300.8791027,0.0,-1.0,-44.0
1776887300.8891027,0.0,2.0,-39.0
1776887300.8991027,0.0,1.0,-34.0
1776887300.909103,0.0,2.0,-28.0
1776887300.919103,-3.0,3.0,-33.0
1776887300.929103,-4.0,3.0,-37.0
1776887300.9391026,-4.0,1.0,-33.0
1776887300.9491026,-4.0,2.0,-31.0
1776887300.9591026,-4.0,4.0,-38.0
1776887300.9691026,-1.0,2.0,-38.0
1776887300.9791028,0.0,2.0,-33.0
1776887300.9891028,5.0,1.0,-34.0
1776887300.9991028,4.0,0.0,-34.0
1776887301.0091028,3.0,-2.0,-35.0
1776887301.0191028,2.0,-4.0,-32.0
1776887301.0291028,2.0,-6.0,-43.0
1776887301.0391028,0.0,-10.0,-42.0
1776887301.0491028,1.0,-4.0,-37.0
1776887301.0591028,0.0,-2.0,-42.0
1776887301.0691028,-3.0,-5.0,-39.0
1776887301.0791028,0.0,-3.0,-36.0
1776887301.0891027,2.0,-3.0,-33.0
1776887301.0991027,3.0,-2.0,-33.0
1776887301.1091027,10.0,0.0,-30.0
1776887301.1191027,4.0,2.0,-32.0
1776887301.1291027,3.0,4.0,-39.0
1776887301.1391027,4.0,1.0,-36.0
1776887301.1491027,5.0,6.0,-34.0
1776887301.159103,4.0,3.0,-36.0
1776887301.169103,1.0,6.0,-31.0
1776887301.179103,-1.0,2.0,-33.0
1776887301.1891026,-2.0,2.0,-37.0
1776887301.1991026,0.0,2.0,-40.0
1776887301.2091026,4.0,3.0,-39.0
1776887301.2191026,3.0,2.0,-37.0
1776887301.2291028,3.0,0.0,-39.0
1776887301.2391028,1.0,-3.0,-39.0
1776887301.2491028,0.0,-3.0,-39.0
1776887301.2591028,0.0,-3.0,-42.0
1776887301.2691028,-1.0,-3.0,-38.0
1776887301.2791028,0.0,-3.0,-39.0
1776887301.2891028,0.0,-7.0,-41.0
1776887301.2991028,0.0,-9.0,-42.0
1776887301.3091028,3.0,-7.0,-34.0
1776887301.3191028,-1.0,-7.0,-36.0
1776887301.3291028,-3.0,-3.0,-38.0
1776887301.3391027,-5.0,-3.0,-36.0
1776887301.3491027,-3.0,-6.0,-29.0
1776887301.3591027,-3.0,-10.0,-31.0
1776887301.3691027,-4.0,-8.0,-34.0
1776887301.3791027,-3.0,-9.0,-39.0
1776887301.3891027,-7.0,-10.0,-42.0
1776887301.3991027,-3.0,-4.0,-41.0
1776887301.409103,0.0,-7.0,-40.0
1776887301.419103,-2.0,-3.0,-34.0
1776887301.429103,0.0,0.0,-35.0
1776887301.4391026,-2.0,3.0,-35.0
1776887301.4491026,-3.0,1.0,-38.0
1776887301.4591026,0.0,2.0,-44.0
1776887301.4691026,-1.0,0.0,-40.0
1776887301.4791028,0.0,-3.0,-40.0
1776887301.4891028,0.0,-7.0,-41.0
1776887301.4991028,0.0,-8.0,-42.0
1776887301.5091028,0.0,-4.0,-42.0
1776887301.5191028,0.0,-4.0,-45.0
1776887301.5291028,4.0,-1.0,-46.0
1776887301.5391028,6.0,-4.0,-40.0
1776887301.5491028,5.0,-7.0,-39.0
1776887301.5591028,0.0,-5.0,-38.0
1776887301.5691028,0.0,-6.0,-34.0
1776887301.5791028,0.0,-5.0,-34.0
1776887301.5891027,1.0,-2.0,-25.0
1776887301.5991027,2.0,2.0,-21.0
1776887301.6091027,0.0,-1.0,-18.0
1776887301.6191027,-4.0,-2.0,-26.0
1776887301.6291027,0.0,0.0,-27.0
1776887301.6391027,2.0,-1.0,-31.0
1776887301.6491027,4.0,0.0,-32.0
1776887301.659103,6.0,-2.0,-35.0
1776887301.669103,4.0,-2.0,-38.0
1776887301.679103,0.0,-1.0,-42.0
1776887301.6891026,0.0,-1.0,-48.0
1776887301.6991026,0.0,0.0,-45.0
1776887301.7091026,0.0,-2.0,-43.0
1776887301.7191026,1.0,-2.0,-46.0
1776887301.7291028,3.0,0.0,-42.0
1776887301.7391028,2.0,1.0,-30.0
1776887301.7491028,0.0,4.0,-27.0
1776887301.7591028,-1.0,4.0,-23.0
1776887301.7691028,2.0,5.0,-28.0
1776887301.7791028,4.0,2.0,-36.0
1776887301.7891028,6.0,1.0,-39.0
1776887301.7991028,3.0,1.0,-38.0
1776887301.8091028,2.0,2.0,-44.0
1776887301.8191028,0.0,1.0,-44.0
1776887301.8291028,0.0,0.0,-41.0
1776887301.8391027,1.0,1.0,-37.0
1776887301.8491027,6.0,0.0,-39.0
1776887301.8591027,7.0,-2.0,-31.0
1776887301.8691027,3.0,-4.0,-28.0
1776887301.8791027,6.0,-2.0,-24.0
1776887301.8891027,6.0,-4.0,-36.0
1776887301.9001029,2.0,-2.0,-35.0
1776887301.909103,0.0,3.0,-36.0
1776887301.9201028,-3.0,3.0,-39.0
1776887301.929103,1.0,-3.0,-36.0
1776887301.9401028,2.0,-3.0,-35.0
1776887301.9501028,4.0,0.0,-33.0
1776887301.9601028,1.0,0.0,-30.0
1776887301.9701028,3.0,-4.0,-38.0
1776887301.9801028,7.0,-2.0,-38.0
1776887301.9901028,5.0,-2.0,-33.0
1776887302.0001028,1.0,-5.0,-32.0
1776887302.0101027,4.0,0.0,-39.0
1776887302.0201027,7.0,2.0,-43.0
1776887302.0301027,5.0,3.0,-42.0
1776887302.0401027,0.0,1.0,-34.0
1776887302.0501027,0.0,2.0,-32.0
1776887302.0601027,-2.0,0.0,-25.0
1776887302.0701027,-4.0,0.0,-25.0
1776887302.0801027,0.0,0.0,-24.0
1776887302.090103,-5.0,-1.0,-20.0
1776887302.100103,-7.0,-7.0,-29.0
1776887302.110103,-2.0,-8.0,-38.0
1776887302.1201026,-5.0,-7.0,-31.0
1776887302.1301026,-11.0,-7.0,-30.0
1776887302.1401026,-3.0,-10.0,-36.0
1776887302.1501029,0.0,-10.0,-32.0
1776887302.1601028,2.0,-4.0,-35.0
1776887302.1701028,3.0,-5.0,-38.0
1776887302.1801028,5.0,0.0,-44.0
1776887302.1901028,3.0,2.0,-39.0
1776887302.2001028,-2.0,3.0,-33.0
1776887302.2101028,-2.0,4.0,-35.0
1776887302.2201028,0.0,0.0,-37.0
1776887302.2301028,9.0,1.0,-38.0
1776887302.2401028,11.0,-2.0,-38.0
1776887302.2501028,8.0,-2.0,-35.0
1776887302.2601027,6.0,-4.0,-35.0
1776887302.2701027,8.0,-7.0,-42.0
1776887302.2801027,7.0,-7.0,-43.0
1776887302.2901027,4.0,-4.0,-43.0
1776887302.3001027,3.0,-3.0,-45.0
1776887302.3101027,4.0,-2.0,-48.0
1776887302.3201027,2.0,-4.0,-44.0
1776887302.3301027,3.0,-8.0,-42.0
1776887302.340103,3.0,-7.0,-40.0
1776887302.350103,4.0,-6.0,-39.0
1776887302.360103,6.0,-8.0,-37.0
1776887302.3701026,7.0,-11.0,-44.0
1776887302.3801026,5.0,-11.0,-40.0
1776887302.3901026,0.0,-9.0,-41.0
1776887302.4001029,-1.0,-7.0,-33.0
1776887302.4101028,-4.0,-6.0,-37.0
1776887302.4201028,-3.0,-3.0,-45.0
1776887302.4301028,0.0,-7.0,-48.0
1776887302.4401028,-2.0,-4.0,-46.0
1776887302.4501028,-1.0,-4.0,-42.0
1776887302.4601028,-3.0,-5.0,-43.0
1776887302.4701028,-3.0,-3.0,-42.0
1776887302.4801028,-8.0,-5.0,-37.0
1776887302.4901028,-9.0,-3.0,-37.0
1776887302.5001028,-5.0,-4.0,-34.0
1776887302.5101027,0.0,-1.0,-38.0
1776887302.5201027,5.0,-2.0,-38.0
1776887302.5301027,9.0,0.0,-37.0
1776887302.5401027,4.0,-2.0,-34.0
1776887302.5501027,0.0,2.0,-30.0
1776887302.5601027,3.0,1.0,-33.0
1776887302.5701027,6.0,0.0,-35.0
1776887302.5801027,5.0,1.0,-32.0
1776887302.590103,5.0,5.0,-22.0
1776887302.600103,5.0,2.0,-26.0
1776887302.610103,1.0,4.0,-29.0
1776887302.6201026,0.0,1.0,-28.0
1776887302.6301026,-4.0,0.0,-29.0
1776887302.6401026,-1.0,-3.0,-29.0
1776887302.6501029,-1.0,-3.0,-34.0
1776887302.6601028,-1.0,-1.0,-37.0
1776887302.6701028,0.0,-4.0,-30.0
1776887302.6801028,1.0,-5.0,-31.0
1776887302.6901028,0.0,-1.0,-36.0
1776887302.7001028,1.0,-1.0,-37.0
1776887302.7101028,-3.0,0.0,-39.0
1776887302.7201028,-1.0,4.0,-30.0
1776887302.7301028,-2.0,5.0,-30.0
1776887302.7401028,-2.0,1.0,-31.0
1776887302.7501028,-4.0,1.0,-28.0
1776887302.7601027,-1.0,0.0,-28.0
1776887302.7701027,-3.0,3.0,-30.0
1776887302.7801027,-4.0,2.0,-31.0
1776887302.7901027,-6.0,0.0,-33.0
1776887302.8001027,-2.0,0.0,-36.0
1776887302.8101027,-2.0,-5.0,-42.0
1776887302.8201027,0.0,-3.0,-43.0
1776887302.8301027,0.0,-1.0,-36.0
1776887302.840103,-1.0,-1.0,-35.0
1776887302.850103,-4.0,0.0,-36.0
1776887302.860103,0.0,1.0,-41.0
1776887302.8701026,4.0,1.0,-43.0
1776887302.8801026,4.0,2.0,-45.0
1776887302.8901026,3.0,0.0,-42.0
1776887302.9001029,1.0,0.0,-36.0
1776887302.9101028,1.0,0.0,-36.0
1776887302.9201028,3.0,0.0,-41.0
1776887302.9301028,5.0,-1.0,-42.0
1776887302.9401028,3.0,1.0,-43.0
1776887302.9501028,0.0,4.0,-41.0
1776887302.9601028,-1.0,0.0,-40.0
1776887302.9701028,-3.0,-1.0,-41.0
1776887302.9801028,0.0,0.0,-40.0
1776887302.9901028,0.0,-4.0,-38.0
1776887303.0001028,2.0,-6.0,-37.0
1776887303.0101027,0.0,-6.0,-45.0
1776887303.0201027,0.0,-9.0,-44.0
1776887303.0301027,1.0,-7.0,-45.0
1776887303.0401027,3.0,-3.0,-41.0
1776887303.0501027,6.0,-2.0,-40.0
1776887303.0601027,11.0,-5.0,-39.0
1776887303.0701027,10.0,-3.0,-36.0
1776887303.0801027,11.0,-2.0,-35.0
1776887303.090103,8.0,-2.0,-39.0
1776887303.100103,5.0,-6.0,-39.0
1776887303.110103,5.0,-3.0,-32.0
1776887303.1201026,4.0,0.0,-39.0
1776887303.1301026,8.0,-2.0,-42.0
1776887303.1401026,12.0,-6.0,-41.0
1776887303.1501029,14.0,-5.0,-40.0
1776887303.1601028,11.0,-3.0,-36.0
1776887303.1701028,12.0,-1.0,-41.0
1776887303.1801028,11.0,-6.0,-37.0
1776887303.1901028,8.0,-8.0,-37.0
1776887303.2001028,7.0,-9.0,-34.0
1776887303.2101028,5.0,-6.0,-33.0
1776887303.2201028,5.0,-10.0,-34.0
1776887303.2301028,1.0,-7.0,-35.0
1776887303.2401028,2.0,-4.0,-36.0
1776887303.2501028,-1.0,-1.0,-36.0
1776887303.2601027,-1.0,-1.0,-38.0
1776887303.2701027,2.0,-1.0,-33.0
1776887303.2801027,4.0,0.0,-34.0
1776887303.2901027,-3.0,0.0,-32.0
1776887303.3001027,1.0,0.0,-35.0
1776887303.3101027,1.0,-4.0,-37.0
1776887303.3201027,-1.0,-4.0,-42.0
1776887303.3301027,0.0,0.0,-37.0
1776887303.340103,1.0,4.0,-40.0
1776887303.350103,0.0,2.0,-41.0
1776887303.360103,2.0,2.0,-42.0
1776887303.3701026,1.0,2.0,-37.0
1776887303.3801026,1.0,2.0,-37.0
1776887303.3901026,3.0,-2.0,-35.0
1776887303.4001029,-2.0,-5.0,-34.0
1776887303.4101028,-6.0,-2.0,-32.0
1776887303.4201028,-4.0,0.0,-38.0
1776887303.4301028,-2.0,0.0,-38.0
1776887303.4401028,0.0,-4.0,-41.0
1776887303.4501028,1.0,-2.0,-36.0
1776887303.4601028,5.0,-1.0,-35.0
1776887303.4701028,2.0,-3.0,-34.0
1776887303.4801028,0.0,-1.0,-39.0
1776887303.4901028,0.0,1.0,-40.0
1776887303.5001028,1.0,-2.0,-39.0
1776887303.5101027,1.0,-5.0,-42.0
1776887303.5201027,4.0,-9.0,-37.0
1776887303.5301027,3.0,-7.0,-37.0
1776887303.5401027,4.0,-7.0,-36.0
1776887303.5501027,2.0,-6.0,-35.0
1776887303.5601027,-2.0,-1.0,-38.0
1776887303.5701027,-3.0,-1.0,-44.0
1776887303.5801027,-1.0,-9.0,-45.0
1776887303.590103,1.0,-6.0,-38.0
1776887303.600103,-1.0,-2.0,-38.0
1776887303.610103,-4.0,-2.0,-37.0
1776887303.6201026,-2.0,-3.0,-35.0
1776887303.6301026,0.0,-7.0,-36.0
1776887303.6401026,5.0,-2.0,-38.0
1776887303.6501029,5.0,-2.0,-37.0
1776887303.6601028,0.0,-6.0,-35.0
1776887303.6701028,2.0,-7.0,-34.0
1776887303.6801028,4.0,-5.0,-36.0
1776887303.6901028,1.0,-4.0,-42.0
1776887303.7001028,2.0,-6.0,-54.0
1776887303.7101028,2.0,-8.0,-45.0
1776887303.7201028,2.0,-6.0,-41.0
1776887303.7301028,1.0,-6.0,-39.0
1776887303.7401028,5.0,-7.0,-44.0
1776887303.7501028,2.0,-6.0,-38.0
1776887303.7601027,0.0,-8.0,-40.0
1776887303.7701027,1.0,-5.0,-41.0
1776887303.7801027,2.0,-4.0,-40.0
1776887303.7901027,0.0,-4.0,-40.0
1776887303.8001027,0.0,-4.0,-33.0
1776887303.8101027,1.0,0.0,-30.0
1776887303.8201027,-1.0,-1.0,-30.0
1776887303.8301027,3.0,-4.0,-37.0
1776887303.840103,4.0,-8.0,-32.0
1776887303.850103,5.0,-7.0,-30.0
1776887303.860103,6.0,-9.0,-30.0
1776887303.8701026,5.0,-7.0,-38.0
1776887303.8801026,3.0,-6.0,-37.0
1776887303.8901026,3.0,-8.0,-34.0
1776887303.9011028,6.0,-4.0,-39.0
1776887303.9111028,8.0,-2.0,-44.0
1776887303.9211028,9.0,-5.0,-47.0
1776887303.9301028,1.0,-5.0,-44.0
1776887303.9411027,0.0,0.0,-43.0
1776887303.9511027,-1.0,1.0,-44.0
1776887303.9611027,4.0,2.0,-39.0
1776887303.9711027,4.0,-1.0,-38.0
1776887303.9811027,5.0,-4.0,-40.0
1776887303.9911027,8.0,-1.0,-41.0
1776887304.0011027,8.0,0.0,-43.0
1776887304.011103,8.0,0.0,-45.0
1776887304.021103,6.0,3.0,-52.0
1776887304.031103,9.0,6.0,-43.0
1776887304.0411026,4.0,0.0,-50.0
1776887304.0511026,-3.0,-6.0,-48.0
1776887304.0611026,-1.0,-3.0,-47.0
1776887304.0711029,0.0,-3.0,-47.0
1776887304.0811028,0.0,-2.0,-42.0
1776887304.0911028,2.0,-2.0,-33.0
1776887304.1011028,4.0,-3.0,-32.0
1776887304.1111028,6.0,-4.0,-32.0
1776887304.1211028,3.0,-3.0,-29.0
1776887304.1311028,1.0,-2.0,-27.0
1776887304.1411028,1.0,-4.0,-27.0
1776887304.1511028,0.0,-2.0,-30.0
1776887304.1611028,-2.0,0.0,-30.0
1776887304.1711028,-2.0,0.0,-32.0
1776887304.1811028,1.0,-2.0,-37.0
1776887304.1911027,0.0,0.0,-42.0
1776887304.2011027,-2.0,3.0,-41.0
1776887304.2111027,-3.0,0.0,-37.0
1776887304.2211027,0.0,0.0,-34.0
1776887304.2311027,0.0,0.0,-39.0
1776887304.2411027,0.0,1.0,-35.0
1776887304.2511027,1.0,4.0,-37.0
1776887304.261103,-2.0,3.0,-27.0
1776887304.271103,-4.0,2.0,-25.0
1776887304.281103,-3.0,0.0,-24.0
1776887304.2911026,-2.0,1.0,-30.0
1776887304.3011026,1.0,2.0,-30.0
1776887304.3111026,4.0,0.0,-31.0
1776887304.3211029,0.0,-1.0,-29.0
1776887304.3311028,0.0,-2.0,-26.0
1776887304.3411028,0.0,-3.0,-33.0
1776887304.3511028,1.0,-3.0,-34.0
1776887304.3611028,2.0,-4.0,-32.0
1776887304.3711028,3.0,-2.0,-30.0
1776887304.3811028,-2.0,-2.0,-28.0
1776887304.3911028,2.0,-4.0,-30.0
1776887304.4011028,2.0,-4.0,-27.0
1776887304.4111028,3.0,-3.0,-36.0
1776887304.4211028,7.0,-2.0,-31.0
1776887304.4311028,12.0,-3.0,-29.0
1776887304.4411027,10.0,-2.0,-34.0
1776887304.4511027,9.0,1.0,-33.0
1776887304.4611027,9.0,0.0,-43.0
1776887304.4711027,5.0,-2.0,-42.0
1776887304.4811027,1.0,0.0,-40.0
1776887304.4911027,-3.0,0.0,-43.0
1776887304.5011027,2.0,-3.0,-43.0
1776887304.511103,5.0,-3.0,-43.0
1776887304.521103,6.0,-4.0,-44.0
1776887304.531103,6.0,-7.0,-42.0
1776887304.5411026,4.0,-10.0,-41.0
1776887304.5511026,1.0,-11.0,-44.0
1776887304.5611026,1.0,-12.0,-42.0
1776887304.5711029,3.0,-13.0,-45.0
1776887304.5811028,4.0,-5.0,-40.0
1776887304.5911028,7.0,0.0,-42.0
1776887304.6011028,4.0,0.0,-44.0
1776887304.6111028,2.0,0.0,-38.0
1776887304.6211028,-2.0,-2.0,-45.0
1776887304.6311028,-3.0,-3.0,-42.0
1776887304.6411028,0.0,0.0,-46.0
1776887304.6511028,4.0,2.0,-41.0
1776887304.6611028,2.0,4.0,-37.0
1776887304.6711028,1.0,2.0,-46.0
1776887304.6811028,0.0,1.0,-49.0
1776887304.6911027,0.0,0.0,-49.0
1776887304.7011027,2.0,-1.0,-43.0
1776887304.7111027,4.0,-1.0,-46.0
1776887304.7211027,6.0,-3.0,-47.0
1776887304.7311027,3.0,-3.0,-44.0
1776887304.7411027,5.0,-4.0,-35.0
1776887304.7511027,6.0,-5.0,-41.0
1776887304.761103,8.0,-3.0,-43.0
1776887304.771103,10.0,2.0,-45.0
1776887304.781103,5.0,0.0,-52.0
1776887304.7911026,4.0,-1.0,-49.0
1776887304.8011026,0.0,-2.0,-41.0
1776887304.8111026,-1.0,-3.0,-42.0
1776887304.8211029,-6.0,-5.0,-43.0
1776887304.8311028,-9.0,-2.0,-36.0
1776887304.8411028,-6.0,2.0,-35.0
1776887304.8511028,0.0,5.0,-36.0
1776887304.8621027,1.0,5.0,-40.0
1776887304.8711028,-2.0,3.0,-34.0
1776887304.8811028,-1.0,3.0,-40.0
1776887304.8911028,3.0,1.0,-35.0
1776887304.9011028,2.0,-1.0,-37.0
1776887304.9111028,4.0,1.0,-40.0
1776887304.9211028,2.0,4.0,-40.0
1776887304.9311028,0.0,5.0,-42.0
1776887304.9411027,4.0,5.0,-47.0
1776887304.9511027,1.0,2.0,-44.0
1776887304.9611027,2.0,0.0,-44.0
1776887304.9711027,0.0,-5.0,-42.0
1776887304.9811027,-1.0,-6.0,-39.0
1776887304.9911027,1.0,-8.0,-36.0
1776887305.0011027,0.0,-5.0,-40.0
1776887305.011103,2.0,-1.0,-40.0
1776887305.021103,0.0,0.0,-37.0
1776887305.031103,-1.0,2.0,-36.0
1776887305.0411026,0.0,-2.0,-38.0
1776887305.0511026,3.0,-2.0,-34.0
1776887305.0611026,3.0,-5.0,-36.0
1776887305.0711029,4.0,-2.0,-38.0
1776887305.0811028,7.0,0.0,-39.0
1776887305.0911028,7.0,1.0,-37.0
1776887305.1011028,3.0,-1.0,-35.0
1776887305.1111028,0.0,-4.0,-27.0
1776887305.1211028,-1.0,-5.0,-26.0
1776887305.1311028,0.0,-1.0,-28.0
1776887305.1411028,0.0,1.0,-23.0
1776887305.1511028,-4.0,2.0,-29.0
1776887305.1611028,-4.0,8.0,-30.0
1776887305.1711028,-6.0,8.0,-27.0
1776887305.1811028,-2.0,7.0,-31.0
1776887305.1911027,-1.0,5.0,-37.0
1776887305.2011027,0.0,3.0,-40.0
1776887305.2111027,1.0,3.0,-42.0
1776887305.2211027,0.0,0.0,-42.0
1776887305.2311027,1.0,-3.0,-44.0
1776887305.2411027,6.0,-4.0,-44.0
1776887305.2511027,6.0,-4.0,-40.0
1776887305.261103,4.0,-3.0,-44.0
1776887305.271103,3.0,-1.0,-45.0
1776887305.281103,-1.0,-3.0,-37.0
1776887305.2911026,-1.0,-5.0,-28.0
1776887305.3011026,-3.0,-3.0,-28.0
1776887305.3111026,-3.0,-5.0,-25.0
1776887305.3211029,-1.0,-4.0,-21.0
1776887305.3311028,2.0,-3.0,-26.0
1776887305.3411028,2.0,-3.0,-32.0
1776887305.3511028,0.0,-6.0,-31.0
1776887305.3611028,0.0,-9.0,-32.0
1776887305.3711028,2.0,-7.0,-27.0
1776887305.3811028,6.0,-9.0,-31.0
1776887305.3911028,3.0,-7.0,-38.0
1776887305.4011028,5.0,-4.0,-39.0
1776887305.4111028,4.0,-6.0,-38.0
1776887305.4211028,0.0,-6.0,-40.0
1776887305.4311028,0.0,-2.0,-44.0
1776887305.4411027,-3.0,0.0,-47.0
1776887305.4511027,-5.0,0.0,-41.0
1776887305.4611027,-5.0,-2.0,-40.0
1776887305.4711027,-2.0,-5.0,-38.0
1776887305.4811027,-5.0,-3.0,-34.0
1776887305.4911027,-5.0,-6.0,-34.0
1776887305.5011027,-1.0,-4.0,-37.0
1776887305.511103,-1.0,-3.0,-34.0
1776887305.521103,0.0,-5.0,-34.0
1776887305.531103,0.0,-2.0,-33.0
1776887305.5411026,0.0,0.0,-37.0
1776887305.5511026,-2.0,1.0,-40.0
1776887305.5611026,-4.0,2.0,-38.0
1776887305.5711029,0.0,4.0,-37.0
1776887305.5811028,2.0,3.0,-34.0
1776887305.5911028,0.0,0.0,-35.0
1776887305.6011028,0.0,0.0,-32.0
1776887305.6111028,0.0,0.0,-31.0
1776887305.6211028,1.0,2.0,-28.0
1776887305.6311028,3.0,3.0,-27.0
1776887305.6411028,4.0,2.0,-34.0
1776887305.6511028,3.0,0.0,-35.0
1776887305.6611028,9.0,-2.0,-39.0
1776887305.6711028,9.0,-2.0,-40.0
1776887305.6811028,11.0,-3.0,-37.0
1776887305.6911027,12.0,-4.0,-45.0
1776887305.7011027,15.0,-3.0,-43.0
1776887305.7111027,8.0,-1.0,-42.0
1776887305.7211027,8.0,-4.0,-43.0
1776887305.7311027,6.0,-4.0,-42.0
1776887305.7411027,3.0,-3.0,-41.0
1776887305.7511027,1.0,-5.0,-35.0
1776887305.761103,-3.0,-6.0,-40.0
1776887305.771103,-8.0,-3.0,-39.0
1776887305.781103,-5.0,-1.0,-45.0
1776887305.7911026,0.0,0.0,-39.0
1776887305.8011026,-1.0,-3.0,-36.0
1776887305.8111026,-3.0,-3.0,-38.0
1776887305.8211029,3.0,-4.0,-41.0
1776887305.8311028,9.0,-3.0,-31.0
1776887305.8411028,7.0,-2.0,-28.0
1776887305.8511028,10.0,-1.0,-25.0
1776887305.8611028,9.0,-3.0,-24.0
1776887305.8711028,7.0,-6.0,-23.0
1776887305.8811028,6.0,-4.0,-23.0
1776887305.8911028,6.0,0.0,-29.0
1776887305.9011028,3.0,0.0,-35.0
1776887305.9111028,3.0,-2.0,-36.0
1776887305.9221027,-2.0,-1.0,-37.0
1776887305.9311028,-3.0,1.0,-36.0
1776887305.942103,0.0,1.0,-32.0
1776887305.952103,-2.0,-6.0,-36.0
1776887305.962103,-2.0,-6.0,-38.0
1776887305.9721026,-6.0,-6.0,-41.0
1776887305.9821026,-3.0,-7.0,-41.0
1776887305.9921026,0.0,-2.0,-35.0
1776887306.0021029,0.0,0.0,-33.0
1776887306.0121028,-2.0,-1.0,-33.0
1776887306.0221028,-4.0,-1.0,-26.0
1776887306.0321028,-5.0,-2.0,-34.0
1776887306.0421028,-4.0,-3.0,-36.0
1776887306.0521028,-1.0,-3.0,-42.0
1776887306.0621028,-2.0,0.0,-40.0
1776887306.0721028,2.0,3.0,-39.0
1776887306.0821028,1.0,2.0,-41.0
1776887306.0921028,0.0,1.0,-36.0
1776887306.1021028,3.0,3.0,-30.0
1776887306.1121027,2.0,3.0,-29.0
1776887306.1221027,0.0,0.0,-30.0
1776887306.1321027,0.0,-2.0,-36.0
1776887306.1421027,0.0,-5.0,-37.0
1776887306.1521027,4.0,-4.0,-41.0
1776887306.1621027,7.0,-3.0,-45.0
1776887306.1721027,5.0,-3.0,-42.0
1776887306.182103,4.0,-3.0,-35.0
1776887306.192103,0.0,-4.0,-35.0
1776887306.202103,-1.0,-4.0,-33.0
1776887306.212103,-4.0,-6.0,-31.0
1776887306.2221026,-3.0,-3.0,-36.0
1776887306.2321026,-4.0,-2.0,-38.0
1776887306.2421026,-2.0,-2.0,-41.0
1776887306.2521029,-1.0,0.0,-42.0
1776887306.2621028,-1.0,3.0,-41.0
1776887306.2721028,-3.0,1.0,-39.0
1776887306.2821028,-4.0,-1.0,-34.0
1776887306.2921028,1.0,0.0,-34.0
1776887306.3021028,-4.0,-1.0,-42.0
1776887306.3121028,-1.0,0.0,-49.0
1776887306.3221028,3.0,0.0,-43.0
1776887306.3321028,3.0,0.0,-40.0
1776887306.3421028,3.0,2.0,-41.0
1776887306.3521028,-2.0,5.0,-38.0
1776887306.3621027,0.0,4.0,-35.0
1776887306.3721027,-1.0,1.0,-27.0
1776887306.3821027,-1.0,-1.0,-26.0
1776887306.3921027,-3.0,2.0,-34.0
1776887306.4021027,-3.0,1.0,-34.0
1776887306.4121027,0.0,-1.0,-23.0
1776887306.4221027,2.0,-2.0,-20.0
1776887306.432103,3.0,-2.0,-28.0
1776887306.442103,4.0,-1.0,-29.0
1776887306.452103,0.0,-1.0,-32.0
1776887306.462103,-3.0,-3.0,-33.0
1776887306.4721026,-3.0,-1.0,-40.0
1776887306.4821026,-1.0,-2.0,-43.0
1776887306.4921026,-4.0,3.0,-38.0
1776887306.5021029,2.0,3.0,-30.0
1776887306.5121028,3.0,1.0,-30.0
1776887306.5221028,2.0,1.0,-28.0
1776887306.5321028,4.0,4.0,-25.0
1776887306.5421028,1.0,4.0,-34.0
1776887306.5521028,2.0,4.0,-37.0
1776887306.5621028,5.0,1.0,-36.0
1776887306.5721028,5.0,1.0,-42.0
1776887306.5821028,6.0,1.0,-40.0
1776887306.5921028,3.0,0.0,-38.0
1776887306.6021028,2.0,0.0,-48.0
1776887306.6121027,-2.0,-3.0,-51.0
1776887306.6221027,1.0,0.0,-53.0
1776887306.6321027,0.0,0.0,-49.0
1776887306.6421027,2.0,0.0,-47.0
1776887306.6521027,5.0,0.0,-43.0
1776887306.6621027,1.0,0.0,-41.0
1776887306.6721027,0.0,-2.0,-37.0
1776887306.682103,1.0,-5.0,-32.0
1776887306.692103,0.0,-6.0,-37.0
1776887306.702103,-1.0,-4.0,-42.0
1776887306.712103,1.0,-3.0,-45.0
1776887306.7221026,-3.0,-3.0,-37.0
1776887306.7321026,-4.0,-3.0,-39.0
1776887306.7421026,-2.0,0.0,-38.0
1776887306.7521029,-4.0,0.0,-33.0
1776887306.7621028,-2.0,0.0,-39.0
1776887306.7721028,-1.0,1.0,-37.0
1776887306.7821028,5.0,2.0,-32.0
1776887306.7921028,2.0,3.0,-33.0
1776887306.8021028,0.0,7.0,-39.0
1776887306.8121028,1.0,8.0,-38.0
1776887306.8221028,0.0,5.0,-42.0
1776887306.8321028,-1.0,4.0,-39.0
1776887306.8421028,-1.0,3.0,-36.0
1776887306.8521028,5.0,2.0,-38.0
1776887306.8621027,5.0,2.0,-39.0
1776887306.8721027,5.0,1.0,-41.0
1776887306.8821027,2.0,-1.0,-37.0
1776887306.8921027,3.0,0.0,-39.0
1776887306.9021027,2.0,2.0,-42.0
1776887306.9121027,-1.0,0.0,-41.0
1776887306.9221027,0.0,1.0,-38.0
1776887306.932103,1.0,1.0,-34.0
1776887306.942103,2.0,3.0,-35.0
1776887306.952103,-1.0,4.0,-36.0
1776887306.962103,1.0,0.0,-31.0
1776887306.9721026,0.0,1.0,-31.0
1776887306.9821026,-3.0,1.0,-30.0
1776887306.9921026,-5.0,0.0,-37.0
1776887307.0021029,-6.0,0.0,-41.0
1776887307.0121028,-7.0,0.0,-35.0
1776887307.0221028,-2.0,2.0,-35.0
1776887307.0321028,-4.0,0.0,-31.0
1776887307.0421028,-4.0,0.0,-29.0
1776887307.0521028,-5.0,0.0,-36.0
1776887307.0621028,-3.0,0.0,-33.0
1776887307.0721028,-2.0,1.0,-47.0
1776887307.0821028,1.0,5.0,-51.0
1776887307.0921028,0.0,2.0,-45.0
1776887307.1021028,-2.0,1.0,-43.0
1776887307.1121027,0.0,4.0,-42.0
1776887307.1221027,-4.0,2.0,-34.0
1776887307.1321027,-6.0,1.0,-31.0
1776887307.1421027,-1.0,-3.0,-42.0
1776887307.1521027,2.0,0.0,-43.0
1776887307.1621027,3.0,-2.0,-43.0
1776887307.1721027,1.0,-3.0,-44.0
1776887307.182103,2.0,-9.0,-40.0
1776887307.192103,2.0,-7.0,-42.0
1776887307.202103,4.0,0.0,-40.0
1776887307.212103,5.0,2.0,-38.0
1776887307.2221026,1.0,6.0,-38.0
1776887307.2321026,1.0,10.0,-39.0
1776887307.2421026,0.0,4.0,-40.0
1776887307.2521029,2.0,1.0,-43.0
1776887307.2621028,9.0,0.0,-44.0
1776887307.2721028,13.0,-1.0,-37.0
1776887307.2821028,15.0,-2.0,-36.0
1776887307.2921028,10.0,-2.0,-34.0
1776887307.3021028,10.0,-2.0,-37.0
1776887307.3121028,8.0,-1.0,-37.0
1776887307.3221028,3.0,-4.0,-39.0
1776887307.3321028,3.0,-5.0,-42.0
1776887307.3421028,5.0,-8.0,-37.0
1776887307.3521028,6.0,-10.0,-35.0
1776887307.3621027,0.0,-11.0,-45.0
1776887307.3721027,-5.0,-6.0,-43.0
1776887307.3821027,-2.0,-5.0,-45.0
1776887307.3921027,-1.0,-1.0,-42.0
1776887307.4021027,-7.0,-2.0,-37.0
1776887307.4121027,-8.0,-4.0,-34.0
1776887307.4221027,-3.0,-8.0,-30.0
1776887307.432103,-3.0,-11.0,-30.0
1776887307.442103,0.0,-10.0,-27.0
1776887307.452103,2.0,-10.0,-29.0
1776887307.462103,3.0,-7.0,-31.0
1776887307.4721026,3.0,-6.0,-31.0
1776887307.4821026,2.0,-5.0,-33.0
1776887307.4921026,0.0,-4.0,-44.0
1776887307.5021029,-1.0,-5.0,-44.0
1776887307.5121028,-2.0,-10.0,-48.0
1776887307.5221028,-2.0,-6.0,-45.0
1776887307.5321028,0.0,-6.0,-41.0
1776887307.5421028,1.0,-1.0,-35.0
1776887307.5521028,8.0,0.0,-30.0
1776887307.5621028,11.0,-5.0,-26.0
1776887307.5721028,7.0,-7.0,-25.0
1776887307.5821028,3.0,-11.0,-30.0
1776887307.5921028,2.0,-6.0,-38.0
1776887307.6021028,-1.0,-4.0,-37.0
1776887307.6121027,-2.0,-4.0,-41.0
1776887307.6221027,-3.0,-6.0,-36.0
1776887307.6321027,0.0,-3.0,-37.0
1776887307.6421027,3.0,-4.0,-35.0
1776887307.6521027,4.0,-2.0,-33.0
1776887307.6621027,2.0,-4.0,-33.0
1776887307.6721027,3.0,-2.0,-29.0
1776887307.682103,1.0,-3.0,-30.0
1776887307.692103,0.0,-3.0,-27.0
1776887307.702103,4.0,-5.0,-26.0
1776887307.712103,14.0,-3.0,-33.0
1776887307.7221026,14.0,-6.0,-32.0
1776887307.7321026,14.0,-4.0,-28.0
1776887307.7421026,14.0,-3.0,-38.0
1776887307.7521029,13.0,-1.0,-40.0
1776887307.7621028,12.0,1.0,-40.0
1776887307.7721028,10.0,-3.0,-42.0
1776887307.7821028,10.0,-4.0,-36.0
1776887307.7921028,5.0,-1.0,-41.0
1776887307.8021028,2.0,-1.0,-47.0
1776887307.8121028,0.0,-2.0,-40.0
1776887307.8221028,-2.0,0.0,-37.0
1776887307.8321028,-8.0,-2.0,-28.0
1776887307.8421028,-7.0,-3.0,-30.0
1776887307.8521028,-3.0,-2.0,-29.0
1776887307.8621027,-2.0,-2.0,-32.0
1776887307.8721027,2.0,-2.0,-22.0
1776887307.8821027,5.0,-3.0,-24.0
1776887307.8931026,3.0,-2.0,-27.0
1776887307.9021027,4.0,-3.0,-39.0
1776887307.9121027,4.0,-1.0,-43.0
1776887307.9231029,7.0,-1.0,-40.0
1776887307.9331028,1.0,3.0,-39.0
1776887307.9431028,1.0,0.0,-34.0
1776887307.9531028,0.0,4.0,-30.0
1776887307.9631028,0.0,3.0,-34.0
1776887307.9731028,0.0,1.0,-36.0
1776887307.9831028,0.0,0.0,-37.0
1776887307.9931028,5.0,-4.0,-27.0
1776887308.0031028,2.0,-3.0,-26.0
1776887308.0131028,-2.0,-1.0,-31.0
1776887308.0231028,-1.0,-4.0,-28.0
1776887308.0331028,-3.0,-5.0,-32.0
1776887308.0431027,-5.0,-1.0,-35.0
1776887308.0531027,-5.0,-3.0,-37.0
1776887308.0631027,-1.0,-1.0,-31.0
1776887308.0731027,-3.0,-2.0,-21.0
1776887308.0831027,0.0,-4.0,-31.0
1776887308.0931027,0.0,-4.0,-38.0
1776887308.1031027,0.0,0.0,-41.0
1776887308.113103,0.0,0.0,-36.0
1776887308.123103,0.0,-1.0,-32.0
1776887308.133103,-3.0,1.0,-22.0
1776887308.1431026,-4.0,0.0,-23.0
1776887308.1531026,-1.0,2.0,-30.0
1776887308.1631026,0.0,1.0,-33.0
1776887308.1731029,1.0,5.0,-34.0
1776887308.1831028,0.0,0.0,-37.0
1776887308.1931028,-2.0,0.0,-39.0
1776887308.2031028,0.0,0.0,-33.0
1776887308.2131028,1.0,-1.0,-31.0
1776887308.2231028,0.0,3.0,-40.0
1776887308.2331028,-2.0,2.0,-38.0
1776887308.2431028,-5.0,-2.0,-33.0
1776887308.2531028,-2.0,1.0,-38.0
1776887308.2631028,-1.0,2.0,-41.0
1776887308.2731028,-4.0,3.0,-45.0
1776887308.2831028,-1.0,0.0,-36.0
1776887308.2931027,-3.0,-1.0,-25.0
1776887308.3031027,-4.0,-5.0,-25.0
1776887308.3131027,-2.0,-5.0,-26.0
1776887308.3231027,-1.0,-5.0,-28.0
1776887308.3331027,-3.0,-3.0,-27.0
1776887308.3431027,0.0,-2.0,-28.0
1776887308.3531027,0.0,-5.0,-29.0
1776887308.363103,0.0,-1.0,-27.0
1776887308.373103,0.0,-1.0,-30.0
1776887308.383103,0.0,-3.0,-31.0
1776887308.3931026,-2.0,-3.0,-34.0
1776887308.4031026,-2.0,-4.0,-38.0
1776887308.4131026,-3.0,0.0,-33.0
1776887308.4231029,-1.0,3.0,-27.0
1776887308.4331028,0.0,4.0,-32.0
1776887308.4431028,0.0,2.0,-31.0
1776887308.4531028,-4.0,2.0,-29.0
1776887308.4631028,-2.0,0.0,-31.0
1776887308.4731028,0.0,2.0,-30.0
1776887308.4831028,0.0,0.0,-32.0
1776887308.4931028,0.0,0.0,-27.0
1776887308.5031028,-1.0,-3.0,-27.0
1776887308.5131028,-1.0,1.0,-37.0
1776887308.5231028,0.0,1.0,-44.0
1776887308.5331028,-1.0,5.0,-46.0
1776887308.5431027,-2.0,2.0,-43.0
1776887308.5531027,1.0,2.0,-40.0
1776887308.5631027,5.0,5.0,-39.0
1776887308.5731027,6.0,5.0,-37.0
1776887308.5831027,1.0,3.0,-38.0
1776887308.5931027,1.0,4.0,-37.0
1776887308.6031027,4.0,2.0,-42.0
1776887308.613103,4.0,-1.0,-39.0
1776887308.623103,5.0,-2.0,-40.0
1776887308.633103,3.0,-1.0,-38.0
1776887308.6431026,0.0,0.0,-36.0
1776887308.6531026,0.0,2.0,-38.0
1776887308.6631026,-2.0,-3.0,-43.0
1776887308.6731029,-4.0,-7.0,-36.0
1776887308.6831028,-5.0,-4.0,-33.0
1776887308.6931028,-3.0,-2.0,-36.0
1776887308.7031028,-3.0,-2.0,-27.0
1776887308.7131028,1.0,2.0,-23.0
1776887308.7231028,0.0,-2.0,-35.0
1776887308.7331028,4.0,-4.0,-38.0
1776887308.7431028,3.0,-3.0,-46.0
1776887308.7531028,1.0,0.0,-47.0
1776887308.7631028,0.0,-1.0,-49.0
1776887308.7731028,1.0,0.0,-47.0
1776887308.7831028,-4.0,0.0,-42.0
1776887308.7931027,-9.0,1.0,-41.0
1776887308.8031027,-5.0,0.0,-41.0
1776887308.8131027,-1.0,1.0,-39.0
1776887308.8231027,0.0,1.0,-40.0
1776887308.8331027,1.0,2.0,-42.0
1776887308.8431027,0.0,-1.0,-44.0
1776887308.8531027,4.0,-4.0,-44.0
1776887308.863103,4.0,-4.0,-39.0
1776887308.873103,2.0,-7.0,-35.0
1776887308.883103,0.0,-8.0,-40.0
1776887308.8931026,-2.0,-3.0,-38.0
1776887308.9031026,-2.0,-1.0,-40.0
1776887308.9131026,1.0,-3.0,-41.0
1776887308.9231029,0.0,-4.0,-41.0
1776887308.9331028,-1.0,-2.0,-38.0
1776887308.9431028,2.0,-6.0,-40.0
1776887308.9531028,4.0,-6.0,-37.0
1776887308.9631028,-1.0,-2.0,-37.0
1776887308.9731028,-2.0,0.0,-39.0
1776887308.9831028,-4.0,2.0,-40.0
1776887308.9931028,-5.0,2.0,-37.0
1776887309.0031028,-4.0,3.0,-33.0
1776887309.0131028,-3.0,0.0,-31.0
1776887309.0231028,-6.0,-4.0,-28.0
1776887309.0331028,-1.0,-6.0,-28.0
1776887309.0431027,1.0,-2.0,-29.0
1776887309.0531027,5.0,1.0,-34.0
1776887309.0631027,10.0,1.0,-43.0
1776887309.0731027,10.0,-2.0,-42.0
1776887309.0831027,3.0,-1.0,-40.0
1776887309.0931027,5.0,-1.0,-45.0
1776887309.1031027,8.0,0.0,-43.0
1776887309.113103,6.0,0.0,-48.0
1776887309.123103,8.0,0.0,-48.0
1776887309.133103,8.0,5.0,-41.0
1776887309.1431026,9.0,4.0,-43.0
1776887309.1531026,11.0,2.0,-43.0
1776887309.1631026,9.0,0.0,-47.0
1776887309.1731029,8.0,0.0,-41.0
1776887309.1831028,5.0,1.0,-42.0
1776887309.1931028,7.0,3.0,-43.0
1776887309.2031028,7.0,3.0,-38.0
1776887309.2131028,5.0,2.0,-36.0
1776887309.2231028,0.0,2.0,-33.0
1776887309.2331028,0.0,3.0,-30.0
1776887309.2431028,1.0,1.0,-35.0
1776887309.2531028,-2.0,2.0,-37.0
1776887309.2631028,0.0,1.0,-29.0
1776887309.2731028,-2.0,2.0,-31.0
1776887309.2831028,-5.0,6.0,-36.0
1776887309.2931027,-3.0,6.0,-35.0
1776887309.3031027,-7.0,5.0,-37.0
1776887309.3131027,-5.0,5.0,-35.0
1776887309.3231027,-4.0,6.0,-39.0
1776887309.3331027,-3.0,4.0,-32.0
1776887309.3431027,-3.0,0.0,-32.0
1776887309.3531027,-4.0,1.0,-26.0
1776887309.363103,-5.0,1.0,-26.0
1776887309.373103,0.0,0.0,-38.0
1776887309.383103,4.0,2.0,-35.0
1776887309.3931026,5.0,0.0,-27.0
1776887309.4031026,8.0,-1.0,-33.0
1776887309.4131026,2.0,-3.0,-27.0
1776887309.4231029,3.0,-2.0,-33.0
1776887309.4331028,4.0,-3.0,-39.0
1776887309.4431028,4.0,-3.0,-36.0
1776887309.4531028,0.0,0.0,-26.0
1776887309.4631028,-1.0,4.0,-31.0
1776887309.4731028,2.0,2.0,-36.0
1776887309.4831028,-3.0,2.0,-40.0
1776887309.4931028,-3.0,2.0,-47.0
1776887309.5031028,-2.0,-1.0,-35.0
1776887309.5131028,0.0,0.0,-31.0
1776887309.5231028,3.0,1.0,-29.0
1776887309.5331028,8.0,-2.0,-33.0
1776887309.5431027,7.0,-3.0,-36.0
1776887309.5531027,6.0,-3.0,-40.0
1776887309.5631027,4.0,-6.0,-38.0
1776887309.5731027,6.0,-6.0,-34.0
1776887309.5831027,3.0,-10.0,-24.0
1776887309.5931027,3.0,-7.0,-29.0
1776887309.6031027,5.0,-5.0,-34.0
1776887309.613103,0.0,-4.0,-38.0
1776887309.623103,-1.0,-6.0,-40.0
1776887309.633103,-4.0,-12.0,-39.0
1776887309.6431026,-2.0,-13.0,-43.0
1776887309.6531026,-2.0,-13.0,-44.0
1776887309.6631026,1.0,-8.0,-47.0
1776887309.6731029,2.0,-7.0,-43.0
1776887309.6831028,0.0,-5.0,-42.0
1776887309.6931028,0.0,-4.0,-45.0
1776887309.7031028,-2.0,-3.0,-42.0
1776887309.7131028,0.0,-3.0,-44.0
1776887309.7231028,0.0,-4.0,-44.0
1776887309.7331028,-3.0,-3.0,-40.0
1776887309.7431028,-3.0,-4.0,-42.0
1776887309.7531028,-3.0,-4.0,-44.0
1776887309.7631028,0.0,-4.0,-47.0
1776887309.7731028,0.0,-7.0,-46.0
1776887309.7831028,-3.0,-6.0,-41.0
1776887309.7931027,-2.0,-5.0,-43.0
1776887309.8031027,0.0,-6.0,-44.0
1776887309.8131027,2.0,-2.0,-37.0
1776887309.8231027,2.0,0.0,-35.0
1776887309.8331027,3.0,1.0,-32.0
1776887309.8431027,0.0,0.0,-33.0
1776887309.8531027,-5.0,-3.0,-29.0
1776887309.863103,0.0,-2.0,-32.0
1776887309.8741028,0.0,-5.0,-39.0
1776887309.883103,0.0,-10.0,-36.0
1776887309.8931026,-4.0,-10.0,-37.0
1776887309.9041028,-5.0,-7.0,-39.0
1776887309.9141028,-3.0,-9.0,-40.0
1776887309.9241028,-1.0,-5.0,-40.0
1776887309.9341028,0.0,0.0,-35.0
1776887309.9441028,2.0,-2.0,-38.0
1776887309.9541028,2.0,-2.0,-39.0
1776887309.9641027,0.0,-2.0,-42.0
1776887309.9741027,1.0,0.0,-43.0
1776887309.9841027,1.0,3.0,-39.0
1776887309.9941027,0.0,3.0,-39.0
1776887310.0041027,2.0,6.0,-43.0
1776887310.0141027,4.0,5.0,-45.0
1776887310.0241027,5.0,7.0,-37.0
1776887310.034103,8.0,4.0,-32.0
1776887310.044103,6.0,0.0,-36.0
1776887310.054103,4.0,-3.0,-36.0
1776887310.0641026,2.0,-5.0,-34.0
1776887310.0741026,3.0,-8.0,-31.0
1776887310.0841026,4.0,-8.0,-32.0
1776887310.0941026,0.0,-7.0,-25.0
1776887310.1041028,-1.0,-5.0,-22.0
1776887310.1141028,2.0,-4.0,-21.0
1776887310.1241028,2.0,-4.0,-29.0
1776887310.1341028,1.0,-4.0,-39.0
1776887310.1441028,2.0,-3.0,-37.0
1776887310.1541028,2.0,-3.0,-34.0
1776887310.1641028,3.0,-1.0,-34.0
1776887310.1741028,2.0,0.0,-33.0
1776887310.1841028,4.0,-3.0,-33.0
1776887310.1941028,3.0,-2.0,-33.0
1776887310.2041028,1.0,-1.0,-37.0
1776887310.2141027,2.0,-2.0,-42.0
1776887310.2241027,1.0,-2.0,-41.0
1776887310.2341027,0.0,-1.0,-35.0
1776887310.2441027,-1.0,-1.0,-30.0
1776887310.2541027,-2.0,-3.0,-30.0
1776887310.2641027,-2.0,-1.0,-32.0
1776887310.2741027,-6.0,0.0,-35.0
1776887310.284103,-6.0,4.0,-35.0
1776887310.294103,-1.0,2.0,-34.0
1776887310.304103,0.0,3.0,-34.0
1776887310.3141026,2.0,2.0,-29.0
1776887310.3241026,3.0,3.0,-26.0
1776887310.3341026,2.0,3.0,-26.0
1776887310.3441026,3.0,0.0,-29.0
1776887310.3541028,2.0,0.0,-40.0
1776887310.3641028,-2.0,-3.0,-43.0
1776887310.3741028,0.0,-4.0,-39.0
1776887310.3841028,6.0,-6.0,-35.0
1776887310.3941028,5.0,-6.0,-29.0
1776887310.4041028,1.0,-2.0,-25.0
1776887310.4141028,0.0,-3.0,-38.0
1776887310.4241028,0.0,-6.0,-47.0
1776887310.4341028,0.0,-2.0,-45.0
1776887310.4441028,-2.0,-1.0,-37.0
1776887310.4541028,-1.0,-1.0,-42.0
1776887310.4641027,-4.0,-1.0,-41.0
1776887310.4741027,0.0,0.0,-39.0
1776887310.4841027,3.0,1.0,-44.0
1776887310.4941027,2.0,1.0,-45.0
1776887310.5041027,3.0,-1.0,-44.0
1776887310.5141027,8.0,-3.0,-41.0
1776887310.5241027,5.0,1.0,-41.0
1776887310.534103,1.0,0.0,-36.0
1776887310.544103,0.0,3.0,-29.0
1776887310.554103,2.0,2.0,-27.0
1776887310.5641026,5.0,2.0,-29.0
1776887310.5741026,3.0,0.0,-29.0
1776887310.5841026,2.0,-1.0,-35.0
1776887310.5941026,2.0,-6.0,-27.0
1776887310.6041028,8.0,-5.0,-23.0
1776887310.6141028,8.0,-1.0,-29.0
1776887310.6241028,10.0,-5.0,-29.0
1776887310.6341028,8.0,-6.0,-26.0
1776887310.6441028,5.0,-6.0,-27.0
1776887310.6541028,0.0,-8.0,-37.0
1776887310.6641028,0.0,-8.0,-35.0
1776887310.6741028,-1.0,-9.0,-39.0
1776887310.6841028,-5.0,-6.0,-41.0
1776887310.6941028,-1.0,-5.0,-40.0
1776887310.7041028,-5.0,-9.0,-40.0
1776887310.7141027,-7.0,-10.0,-35.0
1776887310.7241027,-7.0,-7.0,-40.0
1776887310.7341027,-6.0,-1.0,-39.0
1776887310.7441027,-8.0,0.0,-42.0
1776887310.7541027,-7.0,-2.0,-39.0
1776887310.7641027,-7.0,0.0,-43.0
1776887310.7741027,-8.0,0.0,-38.0
1776887310.784103,-4.0,3.0,-38.0
1776887310.794103,-2.0,3.0,-41.0
1776887310.804103,-3.0,1.0,-46.0
1776887310.8141026,-1.0,2.0,-39.0
1776887310.8241026,-1.0,4.0,-33.0
1776887310.8341026,0.0,4.0,-36.0
1776887310.8441026,-3.0,4.0,-34.0
1776887310.8541028,-2.0,3.0,-38.0
1776887310.8641028,-2.0,2.0,-40.0
1776887310.8741028,-1.0,3.0,-38.0
1776887310.8841028,0.0,6.0,-38.0
1776887310.8941028,1.0,2.0,-34.0
1776887310.9041028,0.0,1.0,-33.0
1776887310.9141028,2.0,0.0,-29.0
1776887310.9241028,4.0,-2.0,-27.0
1776887310.9341028,7.0,1.0,-24.0
1776887310.9441028,8.0,-2.0,-28.0
1776887310.9541028,3.0,-5.0,-27.0
1776887310.9641027,2.0,-5.0,-27.0
1776887310.9741027,3.0,-7.0,-23.0
1776887310.9841027,3.0,-9.0,-28.0
1776887310.9941027,0.0,-8.0,-37.0
1776887311.0041027,-4.0,-6.0,-36.0
1776887311.0141027,-2.0,-6.0,-39.0
1776887311.0241027,-3.0,-7.0,-40.0
1776887311.034103,-3.0,-6.0,-38.0
1776887311.044103,-3.0,-3.0,-40.0
1776887311.054103,-1.0,-4.0,-40.0
1776887311.0641026,-1.0,-1.0,-43.0
1776887311.0741026,0.0,-1.0,-43.0
1776887311.0841026,1.0,0.0,-39.0
1776887311.0941026,0.0,-1.0,-35.0
1776887311.1041028,-3.0,-1.0,-29.0
1776887311.1141028,-7.0,0.0,-27.0
1776887311.1241028,-4.0,-5.0,-20.0
1776887311.1341028,-2.0,-10.0,-24.0
1776887311.1441028,0.0,-8.0,-26.0
1776887311.1541028,4.0,-8.0,-26.0
1776887311.1641028,4.0,-4.0,-32.0
1776887311.1741028,2.0,-2.0,-37.0
1776887311.1841028,5.0,0.0,-37.0
1776887311.1941028,3.0,1.0,-36.0
1776887311.2041028,0.0,0.0,-34.0
1776887311.2141027,5.0,2.0,-28.0
1776887311.2241027,9.0,0.0,-28.0
1776887311.2341027,12.0,1.0,-32.0
1776887311.2441027,13.0,3.0,-39.0
1776887311.2541027,10.0,2.0,-29.0
1776887311.2641027,3.0,2.0,-31.0
1776887311.2741027,0.0,2.0,-34.0
1776887311.284103,5.0,2.0,-31.0
1776887311.294103,4.0,2.0,-33.0
1776887311.304103,7.0,1.0,-33.0
1776887311.3141026,7.0,2.0,-36.0
1776887311.3241026,8.0,-1.0,-31.0
1776887311.3341026,6.0,-4.0,-27.0
1776887311.3441026,0.0,-5.0,-28.0
1776887311.3541028,3.0,-5.0,-34.0
1776887311.3641028,2.0,0.0,-37.0
1776887311.3741028,0.0,0.0,-45.0
1776887311.3841028,0.0,1.0,-42.0
1776887311.3941028,0.0,0.0,-45.0
1776887311.4041028,0.0,-2.0,-47.0
1776887311.4141028,-2.0,-2.0,-40.0
1776887311.4241028,1.0,-2.0,-34.0
1776887311.4341028,5.0,-1.0,-32.0
1776887311.4441028,-3.0,1.0,-31.0
1776887311.4541028,-3.0,1.0,-36.0
1776887311.4641027,-4.0,0.0,-41.0
1776887311.4741027,-3.0,-1.0,-40.0
1776887311.4841027,0.0,-1.0,-41.0
1776887311.4941027,0.0,-4.0,-39.0
1776887311.5041027,1.0,-3.0,-46.0
1776887311.5141027,1.0,-3.0,-41.0
1776887311.5241027,0.0,0.0,-36.0
1776887311.534103,2.0,0.0,-35.0
1776887311.544103,0.0,2.0,-39.0
1776887311.554103,-5.0,-1.0,-40.0
1776887311.5641026,-9.0,-3.0,-31.0
1776887311.5741026,-7.0,-5.0,-35.0
1776887311.5841026,-2.0,-5.0,-33.0
1776887311.5941026,1.0,-7.0,-34.0
1776887311.6041028,3.0,-11.0,-46.0
1776887311.6141028,5.0,-7.0,-52.0
1776887311.6241028,1.0,-1.0,-55.0
1776887311.6341028,2.0,-2.0,-47.0
1776887311.6441028,0.0,-4.0,-44.0
1776887311.6541028,3.0,0.0,-41.0
1776887311.6641028,0.0,0.0,-48.0
1776887311.6741028,1.0,2.0,-45.0
1776887311.6841028,1.0,-2.0,-42.0
1776887311.6941028,0.0,-4.0,-41.0
1776887311.7041028,0.0,-3.0,-46.0
1776887311.7141027,2.0,-4.0,-46.0
1776887311.7241027,-1.0,-2.0,-39.0
1776887311.7341027,-2.0,-4.0,-33.0
1776887311.7441027,-2.0,-8.0,-30.0
1776887311.7541027,-2.0,-5.0,-30.0
1776887311.7641027,0.0,-4.0,-38.0
1776887311.7741027,-1.0,-4.0,-32.0
1776887311.784103,-3.0,-5.0,-24.0
1776887311.794103,0.0,-8.0,-26.0
1776887311.804103,3.0,-4.0,-30.0
1776887311.8141026,2.0,-3.0,-31.0
1776887311.8241026,3.0,-1.0,-31.0
1776887311.8341026,4.0,-4.0,-28.0
1776887311.8441026,5.0,-5.0,-33.0
1776887311.8541028,6.0,-4.0,-35.0
1776887311.8641028,5.0,-7.0,-33.0
1776887311.8741028,7.0,-5.0,-41.0
1776887311.8851027,8.0,-4.0,-42.0
1776887311.8941028,7.0,-2.0,-42.0
1776887311.9051027,3.0,-4.0,-45.0
1776887311.9151027,-4.0,-2.0,-46.0
1776887311.9251027,-9.0,0.0,-44.0
1776887311.9351027,-6.0,0.0,-43.0
1776887311.9451027,-2.0,-1.0,-36.0
1776887311.9551027,0.0,-5.0,-35.0
1776887311.965103,1.0,-5.0,-39.0
1776887311.975103,0.0,-4.0,-37.0
1776887311.985103,2.0,-1.0,-35.0
1776887311.9951026,3.0,-7.0,-40.0
1776887312.0051026,4.0,-9.0,-37.0
1776887312.0151026,7.0,-4.0,-35.0
1776887312.0251029,8.0,-6.0,-29.0
1776887312.0351028,6.0,-7.0,-36.0
1776887312.0451028,3.0,-7.0,-39.0
1776887312.0551028,2.0,-8.0,-37.0
1776887312.0651028,-1.0,-6.0,-44.0
1776887312.0751028,-4.0,-5.0,-51.0
1776887312.0851028,-4.0,-5.0,-45.0
1776887312.0951028,-5.0,-3.0,-46.0
1776887312.1051028,0.0,-5.0,-44.0
1776887312.1151028,0.0,-2.0,-38.0
1776887312.1251028,7.0,0.0,-39.0
1776887312.1351027,4.0,-1.0,-42.0
1776887312.1451027,3.0,0.0,-35.0
1776887312.1551027,1.0,0.0,-36.0
1776887312.1651027,-1.0,1.0,-36.0
1776887312.1751027,0.0,0.0,-39.0
1776887312.1851027,0.0,-1.0,-37.0
1776887312.1951027,-2.0,0.0,-34.0
1776887312.2051027,1.0,-4.0,-30.0
1776887312.215103,3.0,-6.0,-35.0
1776887312.225103,0.0,-5.0,-33.0
1776887312.235103,-3.0,-7.0,-38.0
1776887312.2451026,-1.0,-3.0,-38.0
1776887312.2551026,3.0,-2.0,-38.0
1776887312.2651026,0.0,0.0,-33.0
1776887312.2751029,1.0,-2.0,-33.0
1776887312.2851028,1.0,-4.0,-41.0
1776887312.2951028,7.0,-5.0,-45.0
1776887312.3051028,3.0,-5.0,-40.0
1776887312.3151028,2.0,-8.0,-43.0
1776887312.3251028,7.0,-8.0,-46.0
1776887312.3351028,7.0,-4.0,-39.0
1776887312.3451028,4.0,-5.0,-40.0
1776887312.3551028,7.0,-4.0,-47.0
1776887312.3651028,-1.0,-2.0,-43.0
1776887312.3751028,0.0,-1.0,-44.0
1776887312.3851027,0.0,-1.0,-38.0
1776887312.3951027,2.0,2.0,-36.0
1776887312.4051027,4.0,-4.0,-34.0
1776887312.4151027,3.0,-2.0,-31.0
1776887312.4251027,2.0,-2.0,-21.0
1776887312.4351027,1.0,-3.0,-27.0
1776887312.4451027,3.0,-3.0,-21.0
1776887312.4551027,0.0,-2.0,-25.0
1776887312.465103,4.0,0.0,-37.0
1776887312.475103,4.0,1.0,-42.0
1776887312.485103,3.0,2.0,-45.0
1776887312.4951026,4.0,1.0,-38.0
1776887312.5051026,7.0,0.0,-43.0
1776887312.5151026,6.0,0.0,-45.0
1776887312.5251029,3.0,-2.0,-46.0
1776887312.5351028,0.0,-2.0,-46.0
1776887312.5451028,0.0,-4.0,-37.0
1776887312.5551028,4.0,-3.0,-40.0
1776887312.5651028,1.0,-6.0,-36.0
1776887312.5751028,1.0,-3.0,-37.0
1776887312.5851028,0.0,0.0,-36.0
1776887312.5951028,0.0,-1.0,-43.0
1776887312.6051028,0.0,0.0,-41.0
1776887312.6151028,0.0,0.0,-37.0
1776887312.6251028,2.0,-3.0,-36.0
1776887312.6351027,-2.0,-4.0,-40.0
1776887312.6451027,0.0,-4.0,-37.0
1776887312.6551027,1.0,-5.0,-33.0
1776887312.6651027,0.0,-8.0,-34.0
1776887312.6751027,-2.0,-5.0,-28.0
1776887312.6851027,0.0,0.0,-34.0
1776887312.6951027,-3.0,-3.0,-36.0
1776887312.7051027,-4.0,-1.0,-31.0
1776887312.715103,1.0,1.0,-31.0
1776887312.725103,4.0,0.0,-33.0
1776887312.735103,7.0,1.0,-32.0
1776887312.7451026,6.0,1.0,-39.0
1776887312.7551026,11.0,4.0,-40.0
1776887312.7651026,11.0,2.0,-40.0
1776887312.7751029,3.0,2.0,-40.0
1776887312.7851028,2.0,2.0,-35.0
1776887312.7951028,3.0,2.0,-32.0
1776887312.8051028,5.0,2.0,-33.0
1776887312.8151028,3.0,7.0,-41.0
1776887312.8251028,1.0,4.0,-41.0
1776887312.8351028,4.0,4.0,-40.0
1776887312.8451028,2.0,4.0,-38.0
1776887312.8551028,3.0,0.0,-43.0
1776887312.8651028,2.0,0.0,-44.0
1776887312.8751028,3.0,-4.0,-42.0
1776887312.8851027,5.0,-3.0,-37.0
1776887312.8951027,0.0,-5.0,-44.0
1776887312.9051027,-1.0,-9.0,-46.0
1776887312.9151027,0.0,-8.0,-45.0
1776887312.9251027,-4.0,-8.0,-48.0
1776887312.9351027,-4.0,-6.0,-43.0
1776887312.9451027,-6.0,-4.0,-37.0
1776887312.9551027,-3.0,-6.0,-34.0
1776887312.965103,0.0,-2.0,-42.0
1776887312.975103,1.0,3.0,-47.0
1776887312.985103,5.0,4.0,-45.0
1776887312.9951026,7.0,0.0,-49.0
1776887313.0051026,9.0,0.0,-43.0
1776887313.0151026,4.0,3.0,-38.0
1776887313.0251029,8.0,8.0,-42.0
1776887313.0351028,5.0,3.0,-44.0
1776887313.0451028,6.0,1.0,-45.0
1776887313.0551028,0.0,0.0,-46.0
1776887313.0651028,3.0,-1.0,-39.0
1776887313.0751028,2.0,-2.0,-32.0
1776887313.0851028,0.0,-1.0,-29.0
1776887313.0951028,-2.0,-1.0,-30.0
1776887313.1051028,0.0,-2.0,-41.0
1776887313.1151028,-1.0,-3.0,-40.0
1776887313.1251028,-3.0,-2.0,-44.0
1776887313.1351027,-4.0,-1.0,-42.0
1776887313.1451027,-3.0,0.0,-38.0
1776887313.1551027,2.0,-1.0,-41.0
1776887313.1651027,4.0,-2.0,-42.0
1776887313.1751027,0.0,0.0,-43.0
1776887313.1851027,-4.0,0.0,-43.0
1776887313.1951027,2.0,0.0,-42.0
1776887313.2051027,5.0,-3.0,-42.0
1776887313.215103,8.0,-5.0,-44.0
1776887313.225103,9.0,-4.0,-49.0
1776887313.235103,4.0,-5.0,-50.0
1776887313.2451026,4.0,-4.0,-49.0
1776887313.2551026,3.0,-2.0,-52.0
1776887313.2651026,3.0,-5.0,-50.0
1776887313.2751029,0.0,-8.0,-46.0
1776887313.2851028,9.0,-7.0,-50.0
1776887313.2951028,9.0,-1.0,-48.0
1776887313.3051028,5.0,0.0,-47.0
1776887313.3151028,3.0,1.0,-45.0
1776887313.3251028,5.0,2.0,-39.0
1776887313.3351028,2.0,2.0,-35.0
1776887313.3451028,0.0,0.0,-32.0
1776887313.3551028,0.0,-3.0,-33.0
1776887313.3651028,4.0,-3.0,-31.0
1776887313.3751028,7.0,-4.0,-31.0
1776887313.3851027,11.0,-1.0,-30.0
1776887313.3951027,6.0,-2.0,-32.0
1776887313.4051027,0.0,-4.0,-33.0
1776887313.4151027,-2.0,-6.0,-36.0
1776887313.4251027,0.0,-5.0,-40.0
1776887313.4351027,0.0,-2.0,-35.0
1776887313.4451027,-5.0,0.0,-34.0
1776887313.4551027,-3.0,-3.0,-37.0
1776887313.465103,1.0,-5.0,-38.0
1776887313.475103,-1.0,-8.0,-39.0
1776887313.485103,-2.0,-9.0,-35.0
1776887313.4951026,-3.0,-10.0,-41.0
1776887313.5051026,-1.0,-6.0,-38.0
1776887313.5151026,0.0,-5.0,-45.0
1776887313.5251029,4.0,-5.0,-47.0
1776887313.5351028,6.0,-7.0,-40.0
1776887313.5451028,5.0,-5.0,-33.0
1776887313.5551028,1.0,-6.0,-31.0
1776887313.5651028,-1.0,-6.0,-30.0
1776887313.5751028,0.0,-8.0,-35.0
1776887313.5851028,1.0,-7.0,-36.0
1776887313.5951028,1.0,0.0,-36.0
1776887313.6051028,-1.0,2.0,-37.0
1776887313.6151028,-1.0,-1.0,-43.0
1776887313.6251028,1.0,0.0,-36.0
1776887313.6351027,0.0,2.0,-32.0
1776887313.6451027,-5.0,3.0,-29.0
1776887313.6551027,-5.0,2.0,-36.0
1776887313.6651027,-1.0,1.0,-36.0
1776887313.6751027,0.0,0.0,-38.0
1776887313.6851027,-1.0,-1.0,-43.0
1776887313.6951027,0.0,0.0,-35.0
1776887313.7051027,-1.0,0.0,-32.0
1776887313.715103,-5.0,0.0,-37.0
1776887313.725103,-3.0,-2.0,-44.0
1776887313.735103,6.0,0.0,-39.0
1776887313.7451026,3.0,0.0,-38.0
1776887313.7551026,4.0,3.0,-41.0
1776887313.7651026,0.0,0.0,-36.0
1776887313.7751029,-8.0,-2.0,-39.0
1776887313.7851028,-10.0,-1.0,-43.0
1776887313.7951028,-5.0,0.0,-43.0
1776887313.8051028,-3.0,-2.0,-41.0
1776887313.8151028,-1.0,-5.0,-32.0
1776887313.8251028,0.0,-8.0,-27.0
1776887313.8351028,3.0,-5.0,-23.0
1776887313.8451028,2.0,1.0,-30.0
1776887313.8551028,0.0,0.0,-34.0
1776887313.8651028,-3.0,-2.0,-35.0
1776887313.8751028,0.0,-1.0,-42.0
1776887313.886103,1.0,0.0,-39.0
1776887313.896103,1.0,0.0,-35.0
1776887313.9051027,-2.0,0.0,-39.0
1776887313.9151027,-3.0,-2.0,-35.0
1776887313.9261026,-3.0,-3.0,-33.0
1776887313.9361026,-2.0,-5.0,-36.0
1776887313.9461029,3.0,-7.0,-34.0
1776887313.9561028,8.0,-7.0,-35.0
1776887313.9661028,10.0,-4.0,-37.0
1776887313.9761028,13.0,-2.0,-42.0
1776887313.9861028,8.0,-3.0,-50.0
1776887313.9961028,7.0,-3.0,-52.0
1776887314.0061028,8.0,-2.0,-50.0
1776887314.0161028,3.0,-6.0,-48.0
1776887314.0261028,4.0,-4.0,-48.0
1776887314.0361028,10.0,-4.0,-45.0
1776887314.0461028,9.0,-6.0,-53.0
1776887314.0561028,5.0,-7.0,-50.0
1776887314.0661027,7.0,-9.0,-43.0
1776887314.0761027,4.0,-8.0,-41.0
1776887314.0861027,0.0,-8.0,-40.0
1776887314.0961027,2.0,-11.0,-40.0
1776887314.1061027,1.0,-11.0,-48.0
1776887314.1161027,2.0,-9.0,-44.0
1776887314.1261027,1.0,-7.0,-35.0
1776887314.136103,1.0,-5.0,-36.0
1776887314.146103,4.0,-4.0,-38.0
1776887314.156103,7.0,-2.0,-36.0
1776887314.1661026,4.0,0.0,-35.0
1776887314.1761026,2.0,0.0,-32.0
1776887314.1861026,1.0,-5.0,-35.0
1776887314.1961029,3.0,-7.0,-34.0
1776887314.2061028,1.0,-3.0,-36.0
1776887314.2161028,2.0,-5.0,-39.0
1776887314.2261028,7.0,-4.0,-37.0
1776887314.2361028,4.0,0.0,-36.0
1776887314.2461028,6.0,0.0,-35.0
1776887314.2561028,6.0,0.0,-41.0
1776887314.2661028,7.0,0.0,-39.0
1776887314.2761028,8.0,-1.0,-34.0
1776887314.2861028,0.0,-2.0,-34.0
1776887314.2961028,-7.0,0.0,-33.0
1776887314.3061028,-1.0,-4.0,-34.0
1776887314.3161027,0.0,-5.0,-33.0
1776887314.3261027,5.0,-3.0,-34.0
1776887314.3361027,3.0,-1.0,-31.0
1776887314.3461027,1.0,2.0,-32.0
1776887314.3561027,2.0,1.0,-37.0
1776887314.3661027,5.0,0.0,-48.0
1776887314.3761027,4.0,6.0,-44.0
1776887314.386103,6.0,4.0,-41.0
1776887314.396103,6.0,2.0,-46.0
1776887314.406103,10.0,-1.0,-45.0
1776887314.4161026,9.0,0.0,-52.0
1776887314.4261026,7.0,3.0,-53.0
1776887314.4361026,2.0,1.0,-55.0
1776887314.4461029,2.0,-2.0,-46.0
1776887314.4561028,7.0,-4.0,-49.0
1776887314.4661028,5.0,-5.0,-44.0
1776887314.4761028,3.0,-7.0,-44.0
1776887314.4861028,0.0,-4.0,-43.0
1776887314.4961028,1.0,-4.0,-34.0
1776887314.5061028,0.0,-5.0,-29.0
1776887314.5161028,-1.0,-5.0,-32.0
1776887314.5261028,2.0,-4.0,-29.0
1776887314.5361028,0.0,-3.0,-35.0
1776887314.5461028,4.0,-2.0,-41.0
1776887314.5561028,8.0,0.0,-44.0
1776887314.5661027,6.0,-2.0,-42.0
1776887314.5761027,7.0,-3.0,-37.0
1776887314.5861027,4.0,-4.0,-42.0
1776887314.5961027,0.0,-5.0,-43.0
1776887314.6061027,0.0,-3.0,-49.0
1776887314.6161027,1.0,0.0,-46.0
1776887314.6261027,0.0,3.0,-42.0
1776887314.636103,2.0,3.0,-42.0
1776887314.646103,0.0,5.0,-40.0
1776887314.656103,0.0,4.0,-38.0
1776887314.6661026,5.0,8.0,-39.0
1776887314.6761026,7.0,4.0,-35.0
1776887314.6861026,7.0,1.0,-34.0
1776887314.6961029,10.0,0.0,-35.0
1776887314.7061028,8.0,-3.0,-30.0
1776887314.7161028,4.0,-6.0,-36.0
1776887314.7261028,-2.0,-7.0,-36.0
1776887314.7361028,0.0,-4.0,-31.0
1776887314.7461028,1.0,-7.0,-23.0
1776887314.7561028,1.0,-10.0,-19.0
1776887314.7661028,-4.0,-8.0,-20.0
1776887314.7761028,-4.0,-6.0,-21.0
1776887314.7861028,-1.0,-3.0,-29.0
1776887314.7961028,0.0,-7.0,-35.0
1776887314.8061028,3.0,-10.0,-33.0
1776887314.8161027,9.0,-10.0,-31.0
1776887314.8261027,5.0,-10.0,-32.0
1776887314.8361027,4.0,-6.0,-34.0
1776887314.8461027,2.0,-4.0,-41.0
1776887314.8561027,2.0,2.0,-39.0
1776887314.8661027,4.0,-1.0,-36.0
1776887314.8761027,2.0,-2.0,-28.0
1776887314.886103,0.0,0.0,-32.0
1776887314.896103,1.0,3.0,-36.0
1776887314.906103,1.0,3.0,-43.0
1776887314.9161026,1.0,2.0,-48.0
1776887314.9261026,0.0,1.0,-53.0
1776887314.9361026,0.0,3.0,-49.0
1776887314.9461029,0.0,3.0,-41.0
1776887314.9561028,0.0,1.0,-40.0
1776887314.9661028,-1.0,0.0,-37.0
1776887314.9761028,-5.0,-3.0,-37.0
1776887314.9861028,-6.0,-4.0,-35.0
1776887314.9961028,-4.0,0.0,-33.0
1776887315.0061028,-3.0,2.0,-36.0
1776887315.0161028,0.0,0.0,-40.0
1776887315.0261028,-1.0,-2.0,-37.0
1776887315.0361028,-2.0,-2.0,-39.0
1776887315.0461028,0.0,-2.0,-35.0
1776887315.0561028,3.0,0.0,-42.0
1776887315.0661027,4.0,0.0,-30.0
1776887315.0761027,1.0,-2.0,-29.0
1776887315.0861027,-3.0,-3.0,-31.0
1776887315.0961027,-2.0,0.0,-30.0
1776887315.1061027,-2.0,-1.0,-32.0
1776887315.1161027,2.0,-1.0,-36.0
1776887315.1261027,7.0,1.0,-39.0
1776887315.136103,6.0,5.0,-34.0
1776887315.146103,1.0,5.0,-34.0
1776887315.156103,-4.0,4.0,-30.0
1776887315.1661026,-5.0,-1.0,-29.0
1776887315.1761026,0.0,0.0,-23.0
1776887315.1861026,1.0,-2.0,-24.0
1776887315.1961029,0.0,-1.0,-33.0
1776887315.2061028,1.0,-4.0,-37.0
1776887315.2161028,4.0,-9.0,-43.0
1776887315.2261028,8.0,-9.0,-43.0
1776887315.2361028,13.0,-9.0,-41.0
1776887315.2461028,10.0,-5.0,-34.0
1776887315.2561028,6.0,-2.0,-35.0
1776887315.2661028,6.0,-6.0,-35.0
1776887315.2761028,9.0,-6.0,-41.0
1776887315.2861028,6.0,-5.0,-42.0
1776887315.2961028,5.0,-5.0,-45.0
1776887315.3061028,6.0,0.0,-47.0
1776887315.3161027,9.0,0.0,-53.0
1776887315.3261027,8.0,-1.0,-57.0
1776887315.3361027,9.0,-2.0,-56.0
1776887315.3461027,8.0,-4.0,-57.0
1776887315.3561027,7.0,0.0,-48.0
1776887315.3661027,7.0,0.0,-47.0
1776887315.3761027,2.0,0.0,-41.0
1776887315.386103,3.0,1.0,-40.0
1776887315.396103,1.0,0.0,-37.0
1776887315.406103,-4.0,-1.0,-40.0
1776887315.4161026,-2.0,-2.0,-30.0
1776887315.4261026,-4.0,-4.0,-39.0
1776887315.4361026,-3.0,-4.0,-43.0
1776887315.4461029,0.0,-4.0,-39.0
1776887315.4561028,0.0,-2.0,-38.0
1776887315.4661028,-2.0,-3.0,-40.0
1776887315.4761028,-2.0,-3.0,-41.0
1776887315.4861028,-2.0,-4.0,-33.0
1776887315.4961028,-5.0,-5.0,-29.0
1776887315.5061028,-6.0,-1.0,-26.0
1776887315.5161028,-2.0,0.0,-24.0
1776887315.5261028,-7.0,1.0,-27.0
1776887315.5361028,-5.0,-1.0,-34.0
1776887315.5461028,-3.0,-3.0,-37.0
1776887315.5561028,-4.0,-3.0,-37.0
1776887315.5661027,-6.0,0.0,-30.0
1776887315.5761027,-8.0,-1.0,-30.0
1776887315.5861027,-7.0,-1.0,-32.0
1776887315.5961027,-4.0,-4.0,-42.0
1776887315.6061027,-1.0,-4.0,-40.0
1776887315.6161027,2.0,-8.0,-42.0
1776887315.6261027,3.0,-8.0,-41.0
1776887315.636103,2.0,-5.0,-33.0
1776887315.646103,1.0,1.0,-36.0
1776887315.656103,0.0,1.0,-33.0
1776887315.6661026,1.0,0.0,-36.0
1776887315.6761026,2.0,0.0,-30.0
1776887315.6861026,-1.0,-3.0,-29.0
1776887315.6961029,2.0,0.0,-25.0
1776887315.7061028,2.0,1.0,-26.0
1776887315.7161028,2.0,1.0,-30.0
1776887315.7261028,3.0,-2.0,-38.0
1776887315.7361028,0.0,-2.0,-40.0
1776887315.7461028,-3.0,-3.0,-45.0
1776887315.7561028,-1.0,-4.0,-39.0
1776887315.7661028,1.0,0.0,-42.0
1776887315.7761028,4.0,1.0,-41.0
1776887315.7861028,6.0,0.0,-46.0
1776887315.7961028,14.0,-4.0,-44.0
1776887315.8061028,15.0,-2.0,-46.0
1776887315.8161027,11.0,-3.0,-37.0
1776887315.8261027,9.0,-2.0,-33.0
1776887315.8361027,4.0,-3.0,-34.0
1776887315.8461027,0.0,-2.0,-39.0
1776887315.8561027,-2.0,-5.0,-42.0
1776887315.8661027,2.0,-5.0,-40.0
1776887315.8761027,-2.0,-3.0,-36.0
1776887315.886103,-4.0,-2.0,-37.0
1776887315.8971028,1.0,-1.0,-39.0
1776887315.9071028,2.0,1.0,-32.0
1776887315.9161026,1.0,-2.0,-28.0
1776887315.9261026,-3.0,-3.0,-32.0
1776887315.9371028,-3.0,-4.0,-38.0
1776887315.9471028,-3.0,-8.0,-42.0
1776887315.9571028,-2.0,-7.0,-41.0
1776887315.9671028,-3.0,-7.0,-37.0
1776887315.9771028,-3.0,-6.0,-39.0
1776887315.9871027,0.0,-5.0,-39.0
1776887315.9971027,0.0,-2.0,-35.0
1776887316.0071027,3.0,0.0,-38.0
1776887316.0171027,4.0,3.0,-38.0
1776887316.0271027,0.0,0.0,-41.0
1776887316.0371027,-2.0,-1.0,-46.0
1776887316.0471027,-1.0,1.0,-38.0
1776887316.057103,-3.0,4.0,-41.0
1776887316.067103,-2.0,5.0,-37.0
1776887316.077103,-1.0,6.0,-30.0
1776887316.087103,0.0,4.0,-36.0
1776887316.0971026,-6.0,-3.0,-38.0
1776887316.1071026,-4.0,-6.0,-37.0
1776887316.1171026,-4.0,-6.0,-40.0
1776887316.1271029,-5.0,1.0,-42.0
1776887316.1371028,0.0,-2.0,-35.0
1776887316.1471028,0.0,-2.0,-27.0
1776887316.1571028,3.0,-1.0,-30.0
1776887316.1671028,1.0,0.0,-34.0
1776887316.1771028,0.0,-2.0,-33.0
1776887316.1871028,2.0,-1.0,-27.0
1776887316.1971028,0.0,-4.0,-24.0
1776887316.2071028,2.0,-5.0,-26.0
1776887316.2171028,2.0,-5.0,-26.0
1776887316.2271028,0.0,-11.0,-25.0
1776887316.2371027,-6.0,-8.0,-23.0
1776887316.2471027,-4.0,-7.0,-21.0
1776887316.2571027,-6.0,-9.0,-31.0
1776887316.2671027,-3.0,-8.0,-31.0
1776887316.2771027,0.0,-6.0,-31.0
1776887316.2871027,2.0,-7.0,-31.0
1776887316.2971027,2.0,-6.0,-36.0
1776887316.307103,3.0,-3.0,-37.0
1776887316.317103,3.0,0.0,-37.0
1776887316.327103,0.0,0.0,-31.0
1776887316.337103,2.0,3.0,-29.0
1776887316.3471026,1.0,0.0,-35.0
1776887316.3571026,3.0,-7.0,-31.0
1776887316.3671026,3.0,-11.0,-32.0
1776887316.3771029,1.0,-10.0,-28.0
1776887316.3871028,2.0,-6.0,-31.0
1776887316.3971028,6.0,-4.0,-32.0
1776887316.4071028,7.0,-1.0,-33.0
1776887316.4171028,5.0,-3.0,-34.0
1776887316.4271028,1.0,-3.0,-29.0
1776887316.4371028,0.0,-1.0,-36.0
1776887316.4471028,-3.0,0.0,-34.0
1776887316.4571028,-3.0,-1.0,-39.0
1776887316.4671028,-6.0,0.0,-45.0
1776887316.4771028,-7.0,-1.0,-43.0
1776887316.4871027,-5.0,2.0,-42.0
1776887316.4971027,1.0,2.0,-39.0
1776887316.5071027,-1.0,0.0,-44.0
1776887316.5171027,-1.0,-1.0,-48.0
1776887316.5271027,-2.0,-4.0,-52.0
1776887316.5371027,0.0,-5.0,-52.0
1776887316.5471027,0.0,-1.0,-42.0
1776887316.557103,1.0,0.0,-43.0
1776887316.567103,0.0,0.0,-40.0
1776887316.577103,1.0,-4.0,-45.0
1776887316.587103,6.0,-4.0,-38.0
1776887316.5971026,4.0,-8.0,-40.0
1776887316.6071026,0.0,-7.0,-46.0
1776887316.6171026,0.0,-3.0,-43.0
1776887316.6271029,3.0,0.0,-44.0
1776887316.6371028,6.0,1.0,-43.0
1776887316.6471028,8.0,0.0,-47.0
1776887316.6571028,11.0,0.0,-48.0
1776887316.6671028,5.0,0.0,-48.0
1776887316.6771028,4.0,-4.0,-44.0
1776887316.6871028,0.0,-6.0,-36.0
1776887316.6971028,3.0,-4.0,-32.0
1776887316.7071028,1.0,-4.0,-39.0
1776887316.7171028,0.0,-2.0,-37.0
1776887316.7271028,-3.0,-4.0,-39.0
1776887316.7371027,0.0,-3.0,-46.0
1776887316.7471027,3.0,-3.0,-43.0
1776887316.7571027,7.0,0.0,-40.0
1776887316.7671027,5.0,-1.0,-36.0
1776887316.7771027,3.0,0.0,-36.0
1776887316.7871027,3.0,2.0,-33.0
1776887316.7971027,7.0,9.0,-34.0
1776887316.807103,4.0,10.0,-39.0
1776887316.817103,3.0,9.0,-43.0
1776887316.827103,4.0,3.0,-44.0
1776887316.837103,0.0,3.0,-43.0
1776887316.8471026,-1.0,1.0,-44.0
1776887316.8571026,3.0,0.0,-35.0
1776887316.8671026,0.0,0.0,-40.0
1776887316.8771029,0.0,0.0,-34.0
1776887316.8871028,1.0,-2.0,-33.0
1776887316.8971028,4.0,-5.0,-29.0
1776887316.9071028,0.0,-6.0,-30.0
1776887316.9171028,0.0,-6.0,-28.0
1776887316.9271028,0.0,-7.0,-32.0
1776887316.9371028,-2.0,-4.0,-38.0
1776887316.9471028,-2.0,-2.0,-37.0
1776887316.9571028,-6.0,-1.0,-41.0
1776887316.9671028,-6.0,1.0,-43.0
1776887316.9771028,-5.0,3.0,-39.0
1776887316.9871027,-1.0,4.0,-42.0
1776887316.9971027,1.0,3.0,-44.0
1776887317.0071027,0.0,2.0,-39.0
1776887317.0171027,1.0,2.0,-38.0
1776887317.0271027,-1.0,1.0,-41.0
1776887317.0371027,0.0,0.0,-41.0
1776887317.0471027,3.0,0.0,-35.0
1776887317.057103,4.0,-2.0,-35.0
1776887317.067103,3.0,-3.0,-38.0
1776887317.077103,6.0,-6.0,-32.0
1776887317.087103,7.0,-4.0,-34.0
1776887317.0971026,5.0,-3.0,-39.0
1776887317.1071026,-4.0,-3.0,-38.0
1776887317.1171026,2.0,0.0,-31.0
1776887317.1271029,4.0,0.0,-32.0
1776887317.1371028,1.0,1.0,-34.0
1776887317.1471028,-1.0,-5.0,-34.0
1776887317.1571028,-3.0,-9.0,-38.0
1776887317.1671028,0.0,-3.0,-44.0
1776887317.1771028,2.0,-4.0,-44.0
1776887317.1871028,4.0,-2.0,-45.0
1776887317.1971028,0.0,-1.0,-43.0
1776887317.2071028,-2.0,0.0,-41.0
1776887317.2171028,0.0,0.0,-46.0
1776887317.2271028,0.0,-3.0,-43.0
1776887317.2371027,-4.0,-4.0,-35.0
1776887317.2471027,0.0,-2.0,-33.0
1776887317.2571027,-5.0,-2.0,-30.0
1776887317.2671027,-6.0,-3.0,-31.0
1776887317.2771027,-1.0,-3.0,-35.0
1776887317.2871027,0.0,-4.0,-37.0
1776887317.2971027,2.0,-1.0,-39.0
1776887317.307103,2.0,0.0,-35.0
1776887317.317103,0.0,-4.0,-38.0
1776887317.327103,-5.0,-7.0,-36.0
1776887317.337103,-6.0,-4.0,-33.0
1776887317.3471026,-4.0,-2.0,-31.0
1776887317.3571026,-6.0,-2.0,-32.0
1776887317.3671026,-1.0,-2.0,-28.0
1776887317.3771029,0.0,-1.0,-27.0
1776887317.3871028,1.0,-2.0,-25.0
1776887317.3971028,1.0,-2.0,-25.0
1776887317.4071028,2.0,0.0,-24.0
1776887317.4171028,0.0,-1.0,-25.0
1776887317.4271028,-2.0,-5.0,-29.0
1776887317.4371028,0.0,-2.0,-30.0
1776887317.4471028,1.0,-2.0,-33.0
1776887317.4571028,0.0,-2.0,-37.0
1776887317.4671028,3.0,0.0,-35.0
1776887317.4771028,0.0,0.0,-40.0
1776887317.4871027,-3.0,-4.0,-45.0
1776887317.4971027,-4.0,-6.0,-46.0
1776887317.5071027,-5.0,-6.0,-48.0
1776887317.5171027,-5.0,-5.0,-47.0
1776887317.5271027,-4.0,-4.0,-45.0
1776887317.5371027,-1.0,-2.0,-43.0
1776887317.5471027,0.0,0.0,-43.0
1776887317.557103,1.0,0.0,-43.0
1776887317.567103,4.0,-1.0,-43.0
1776887317.577103,3.0,-3.0,-49.0
1776887317.587103,0.0,-3.0,-42.0
1776887317.5971026,0.0,-4.0,-35.0
1776887317.6071026,0.0,-2.0,-31.0
1776887317.6171026,-3.0,0.0,-32.0
1776887317.6271029,-6.0,-2.0,-39.0
1776887317.6371028,0.0,-2.0,-42.0
1776887317.6471028,-3.0,-5.0,-43.0
1776887317.6571028,-2.0,-8.0,-36.0
1776887317.6671028,-2.0,-8.0,-37.0
1776887317.6771028,0.0,-6.0,-38.0
1776887317.6871028,1.0,-1.0,-44.0
1776887317.6971028,-2.0,-2.0,-51.0
1776887317.7071028,0.0,-6.0,-52.0
1776887317.7171028,3.0,-3.0,-51.0
1776887317.7271028,-2.0,-3.0,-47.0
1776887317.7371027,-3.0,-7.0,-37.0
1776887317.7471027,2.0,-6.0,-49.0
1776887317.7571027,6.0,-6.0,-55.0
1776887317.7671027,4.0,-5.0,-47.0
1776887317.7771027,4.0,-7.0,-45.0
1776887317.7871027,6.0,-10.0,-43.0
1776887317.7971027,6.0,-4.0,-38.0
1776887317.807103,5.0,-4.0,-35.0
1776887317.817103,4.0,-4.0,-37.0
1776887317.827103,5.0,-2.0,-38.0
1776887317.837103,7.0,-2.0,-36.0
1776887317.8471026,4.0,-1.0,-29.0
1776887317.8571026,4.0,1.0,-32.0
1776887317.8671026,7.0,-1.0,-33.0
1776887317.8771029,2.0,-4.0,-38.0
1776887317.8871028,1.0,-1.0,-41.0
1776887317.8971028,0.0,-4.0,-43.0
1776887317.9071028,-1.0,-9.0,-45.0
1776887317.9171028,0.0,-10.0,-32.0
1776887317.9281027,3.0,-5.0,-29.0
1776887317.9381027,0.0,-7.0,-28.0
1776887317.9481027,0.0,-8.0,-34.0
1776887317.9581027,-1.0,-9.0,-36.0
1776887317.9681027,1.0,-5.0,-38.0
1776887317.9781027,7.0,-5.0,-29.0
1776887317.988103,7.0,-3.0,-34.0
1776887317.998103,7.0,-4.0,-34.0
1776887318.008103,6.0,-6.0,-39.0
1776887318.0181026,2.0,-5.0,-40.0
1776887318.0281026,2.0,-1.0,-40.0
1776887318.0381026,2.0,2.0,-40.0
1776887318.0481029,-1.0,-5.0,-44.0
1776887318.0581028,0.0,-7.0,-42.0
1776887318.0681028,0.0,-7.0,-44.0
1776887318.0781028,-3.0,-6.0,-49.0
1776887318.0881028,-11.0,-8.0,-52.0
1776887318.0981028,-12.0,-9.0,-49.0
1776887318.1081028,-9.0,-12.0,-46.0
1776887318.1181028,-15.0,-15.0,-37.0
1776887318.1281028,-12.0,-15.0,-37.0
1776887318.1381028,-8.0,-13.0,-37.0
1776887318.1481028,-2.0,-7.0,-32.0
1776887318.1581028,-1.0,-6.0,-40.0
1776887318.1681027,1.0,-9.0,-42.0
1776887318.1781027,0.0,-8.0,-41.0
1776887318.1881027,2.0,-9.0,-45.0
1776887318.1981027,0.0,-3.0,-45.0
1776887318.2081027,0.0,0.0,-45.0
1776887318.2181027,1.0,2.0,-48.0
1776887318.2281027,0.0,0.0,-50.0
1776887318.238103,1.0,-6.0,-51.0
1776887318.248103,0.0,-6.0,-50.0
1776887318.258103,-2.0,-7.0,-46.0
1776887318.2681026,-4.0,-5.0,-45.0
1776887318.2781026,-6.0,-2.0,-43.0
1776887318.2881026,-7.0,-5.0,-46.0
1776887318.2981029,-6.0,0.0,-51.0
1776887318.3081028,-7.0,-1.0,-48.0
1776887318.3181028,-8.0,1.0,-48.0
1776887318.3281028,-6.0,2.0,-40.0
1776887318.3381028,-4.0,0.0,-37.0
1776887318.3481028,-4.0,-3.0,-42.0
1776887318.3581028,-2.0,-1.0,-37.0
1776887318.3681028,-2.0,1.0,-33.0
1776887318.3781028,0.0,-1.0,-31.0
1776887318.3881028,0.0,0.0,-36.0
1776887318.3981028,3.0,-1.0,-39.0
1776887318.4081028,1.0,3.0,-40.0
1776887318.4181027,0.0,1.0,-43.0
1776887318.4281027,3.0,0.0,-42.0
1776887318.4381027,4.0,2.0,-45.0
1776887318.4481027,7.0,2.0,-37.0
1776887318.4581027,7.0,0.0,-41.0
1776887318.4681027,6.0,2.0,-38.0
1776887318.4781027,0.0,3.0,-39.0
1776887318.488103,1.0,4.0,-44.0
1776887318.498103,4.0,2.0,-42.0
1776887318.508103,4.0,1.0,-45.0
1776887318.5181026,2.0,0.0,-45.0
1776887318.5281026,0.0,-3.0,-48.0
1776887318.5381026,-4.0,-4.0,-47.0
1776887318.5481029,-6.0,-2.0,-45.0
1776887318.5581028,-2.0,-2.0,-40.0
1776887318.5681028,1.0,-1.0,-38.0
1776887318.5781028,3.0,-2.0,-39.0
1776887318.5881028,3.0,-8.0,-35.0
1776887318.5981028,0.0,-14.0,-37.0
1776887318.6081028,1.0,-11.0,-42.0
1776887318.6181028,1.0,-9.0,-40.0
1776887318.6281028,1.0,-9.0,-42.0
1776887318.6381028,2.0,-5.0,-42.0
1776887318.6481028,4.0,-8.0,-44.0
1776887318.6581028,2.0,-6.0,-34.0
1776887318.6681027,-1.0,-4.0,-33.0
1776887318.6781027,0.0,-5.0,-30.0
1776887318.6881027,0.0,-1.0,-35.0
1776887318.6981027,0.0,-2.0,-36.0
1776887318.7081027,1.0,-6.0,-39.0
1776887318.7181027,6.0,-9.0,-39.0
1776887318.7281027,7.0,-10.0,-38.0
1776887318.738103,8.0,-9.0,-38.0
1776887318.748103,8.0,-6.0,-43.0
1776887318.758103,8.0,-6.0,-37.0
1776887318.7681026,6.0,-6.0,-37.0
1776887318.7781026,4.0,-3.0,-31.0
1776887318.7881026,-1.0,-3.0,-32.0
1776887318.7981029,-1.0,-4.0,-33.0
1776887318.8081028,-2.0,-3.0,-35.0
1776887318.8181028,0.0,-5.0,-36.0
1776887318.8281028,1.0,-2.0,-35.0
1776887318.8381028,-1.0,1.0,-31.0
1776887318.8481028,-6.0,0.0,-25.0
1776887318.8581028,0.0,3.0,-25.0
1776887318.8681028,0.0,3.0,-33.0
1776887318.8781028,1.0,3.0,-31.0
1776887318.8881028,-1.0,4.0,-36.0
1776887318.8981028,0.0,7.0,-35.0
1776887318.9081028,2.0,2.0,-34.0
1776887318.9181027,3.0,1.0,-37.0
1776887318.9281027,6.0,0.0,-44.0
1776887318.9381027,6.0,-5.0,-39.0
1776887318.9481027,7.0,0.0,-37.0
1776887318.9581027,8.0,0.0,-32.0
1776887318.9681027,5.0,-3.0,-35.0
1776887318.9781027,4.0,-1.0,-37.0
1776887318.988103,0.0,1.0,-39.0
1776887318.998103,-4.0,0.0,-42.0
1776887319.008103,-3.0,-1.0,-30.0
1776887319.0181026,3.0,-2.0,-33.0
1776887319.0281026,4.0,-2.0,-32.0
1776887319.0381026,2.0,1.0,-30.0
1776887319.0481029,3.0,2.0,-34.0
1776887319.0581028,1.0,3.0,-32.0
1776887319.0681028,0.0,4.0,-36.0
1776887319.0781028,-2.0,0.0,-39.0
1776887319.0881028,0.0,3.0,-40.0
1776887319.0981028,-3.0,4.0,-40.0
1776887319.1081028,-2.0,2.0,-37.0
1776887319.1181028,0.0,0.0,-36.0
1776887319.1281028,2.0,0.0,-36.0
1776887319.1381028,2.0,0.0,-34.0
1776887319.1481028,1.0,-3.0,-33.0
1776887319.1581028,2.0,1.0,-36.0
1776887319.1681027,2.0,-3.0,-39.0
1776887319.1781027,0.0,-5.0,-45.0
1776887319.1881027,2.0,-4.0,-42.0
1776887319.1981027,5.0,-6.0,-38.0
1776887319.2081027,7.0,-1.0,-38.0
1776887319.2181027,6.0,-1.0,-39.0
1776887319.2281027,4.0,0.0,-44.0
1776887319.238103,2.0,0.0,-46.0
1776887319.248103,5.0,1.0,-45.0
1776887319.258103,5.0,7.0,-40.0
1776887319.2681026,4.0,10.0,-31.0
1776887319.2781026,1.0,4.0,-28.0
1776887319.2881026,1.0,6.0,-32.0
1776887319.2981029,0.0,6.0,-35.0
1776887319.3081028,0.0,4.0,-33.0
1776887319.3181028,4.0,0.0,-30.0
1776887319.3281028,5.0,-1.0,-31.0
1776887319.3381028,2.0,-3.0,-26.0
1776887319.3481028,2.0,-1.0,-25.0
1776887319.3581028,-1.0,0.0,-32.0
1776887319.3681028,-3.0,0.0,-34.0
1776887319.3781028,0.0,-3.0,-43.0
1776887319.3881028,-1.0,-5.0,-45.0
1776887319.3981028,1.0,-2.0,-55.0
1776887319.4081028,-2.0,-1.0,-54.0
1776887319.4181027,-3.0,-1.0,-53.0
1776887319.4281027,-5.0,1.0,-48.0
1776887319.4381027,-1.0,-1.0,-47.0
1776887319.4481027,4.0,-2.0,-43.0
1776887319.4581027,7.0,-6.0,-35.0
1776887319.4681027,7.0,-6.0,-38.0
1776887319.4781027,1.0,-8.0,-35.0
1776887319.488103,0.0,-7.0,-30.0
1776887319.498103,-1.0,-3.0,-41.0
1776887319.508103,-7.0,2.0,-38.0
1776887319.5181026,-5.0,-3.0,-39.0
1776887319.5281026,-3.0,-7.0,-34.0
1776887319.5381026,-1.0,-11.0,-34.0
1776887319.5481029,-2.0,-9.0,-31.0
1776887319.5581028,0.0,-9.0,-37.0
1776887319.5681028,7.0,-9.0,-38.0
1776887319.5781028,5.0,-6.0,-33.0
1776887319.5881028,3.0,-2.0,-32.0
1776887319.5981028,2.0,-1.0,-36.0
1776887319.6081028,3.0,-3.0,-36.0
1776887319.6181028,0.0,-5.0,-37.0
1776887319.6281028,3.0,-9.0,-44.0
1776887319.6381028,2.0,-5.0,-42.0
1776887319.6481028,0.0,-2.0,-40.0
1776887319.6581028,1.0,-2.0,-36.0
1776887319.6681027,-4.0,1.0,-31.0
1776887319.6781027,-5.0,0.0,-27.0
1776887319.6881027,-5.0,-2.0,-35.0
1776887319.6981027,0.0,-1.0,-39.0
1776887319.7081027,-2.0,0.0,-37.0
1776887319.7181027,-5.0,1.0,-38.0
1776887319.7281027,-2.0,1.0,-37.0
1776887319.738103,-2.0,-2.0,-44.0
1776887319.748103,-2.0,-1.0,-42.0
1776887319.758103,0.0,-3.0,-47.0
1776887319.7681026,-6.0,-1.0,-45.0
1776887319.7781026,-5.0,-2.0,-40.0
1776887319.7881026,-5.0,0.0,-39.0
1776887319.7981029,-4.0,2.0,-38.0
1776887319.8081028,-4.0,0.0,-40.0
1776887319.8181028,-8.0,-6.0,-37.0
1776887319.8281028,-7.0,-5.0,-39.0
1776887319.8381028,-8.0,-3.0,-30.0
1776887319.8481028,-7.0,-3.0,-32.0
1776887319.8581028,-7.0,-5.0,-35.0
1776887319.8681028,-6.0,-2.0,-34.0
1776887319.8781028,-6.0,-1.0,-36.0
1776887319.8881028,-6.0,-4.0,-42.0
1776887319.8981028,-5.0,-10.0,-39.0
1776887319.9081028,-2.0,-12.0,-30.0
1776887319.9181027,-3.0,-10.0,-30.0
1776887319.9281027,0.0,-10.0,-32.0
1776887319.9391026,0.0,-9.0,-34.0
1776887319.9491026,2.0,-10.0,-31.0
1776887319.9591026,3.0,-8.0,-24.0
1776887319.9691026,0.0,-7.0,-22.0
1776887319.9791028,1.0,-8.0,-29.0
1776887319.9891028,1.0,-6.0,-27.0
1776887319.9991028,-1.0,-6.0,-28.0
1776887320.0091028,0.0,-2.0,-24.0
1776887320.0191028,1.0,0.0,-22.0
1776887320.0291028,0.0,0.0,-22.0
1776887320.0391028,-4.0,0.0,-25.0
1776887320.0491028,-2.0,0.0,-30.0
1776887320.0591028,0.0,-3.0,-30.0
1776887320.0691028,1.0,0.0,-26.0
1776887320.0791028,0.0,-3.0,-36.0
1776887320.0891027,-1.0,-8.0,-39.0
1776887320.0991027,-4.0,-1.0,-40.0
1776887320.1091027,1.0,1.0,-43.0
1776887320.1191027,-1.0,4.0,-45.0
1776887320.1291027,-4.0,0.0,-41.0
1776887320.1391027,-3.0,-1.0,-40.0
1776887320.1491027,-5.0,1.0,-42.0
1776887320.159103,-4.0,7.0,-38.0
1776887320.169103,-4.0,6.0,-38.0
1776887320.179103,-6.0,4.0,-40.0
1776887320.1891026,-8.0,1.0,-44.0
1776887320.1991026,-10.0,0.0,-50.0
1776887320.2091026,-8.0,4.0,-42.0
1776887320.2191026,-3.0,3.0,-33.0
1776887320.2291028,-2.0,0.0,-27.0
1776887320.2391028,-6.0,-2.0,-33.0
1776887320.2491028,-3.0,-3.0,-38.0
1776887320.2591028,3.0,-3.0,-35.0
1776887320.2691028,1.0,-2.0,-35.0
1776887320.2791028,0.0,-6.0,-33.0
1776887320.2891028,3.0,-6.0,-33.0
1776887320.2991028,5.0,-9.0,-33.0
1776887320.3091028,10.0,-5.0,-34.0
1776887320.3191028,6.0,-6.0,-34.0
1776887320.3291028,6.0,-5.0,-33.0
1776887320.3391027,1.0,-6.0,-40.0
1776887320.3491027,-2.0,-4.0,-36.0
1776887320.3591027,0.0,-6.0,-35.0
1776887320.3691027,4.0,-4.0,-29.0
1776887320.3791027,3.0,-1.0,-31.0
1776887320.3891027,2.0,-1.0,-34.0
1776887320.3991027,-1.0,-1.0,-43.0
1776887320.409103,-4.0,-6.0,-48.0
1776887320.419103,-8.0,-7.0,-44.0
1776887320.429103,-7.0,-10.0,-37.0
1776887320.4391026,-3.0,-11.0,-37.0
1776887320.4491026,0.0,-13.0,-41.0
1776887320.4591026,-2.0,-12.0,-39.0
1776887320.4691026,0.0,-8.0,-33.0
1776887320.4791028,4.0,-8.0,-37.0
1776887320.4891028,4.0,-7.0,-39.0
1776887320.4991028,10.0,-5.0,-39.0
1776887320.5091028,8.0,-2.0,-38.0
1776887320.5191028,5.0,-3.0,-38.0
1776887320.5291028,8.0,-1.0,-31.0
1776887320.5391028,12.0,-1.0,-34.0
1776887320.5491028,6.0,-2.0,-42.0
1776887320.5591028,8.0,-1.0,-34.0
1776887320.5691028,6.0,0.0,-35.0
1776887320.5791028,3.0,-1.0,-37.0
1776887320.5891027,2.0,-4.0,-44.0
1776887320.5991027,0.0,-4.0,-45.0
1776887320.6091027,0.0,-6.0,-47.0
1776887320.6191027,-2.0,-6.0,-46.0
1776887320.6291027,0.0,-3.0,-42.0
1776887320.6391027,0.0,-4.0,-39.0
1776887320.6491027,-1.0,-3.0,-45.0
1776887320.659103,0.0,-6.0,-43.0
1776887320.669103,1.0,0.0,-45.0
1776887320.679103,4.0,-2.0,-37.0
1776887320.6891026,2.0,-6.0,-39.0
1776887320.6991026,0.0,-6.0,-37.0
1776887320.7091026,1.0,-5.0,-36.0
1776887320.7191026,0.0,0.0,-30.0
1776887320.7291028,-4.0,1.0,-31.0
1776887320.7391028,-4.0,-3.0,-30.0
1776887320.7491028,-1.0,-5.0,-34.0
1776887320.7591028,-4.0,-5.0,-32.0
1776887320.7691028,-2.0,-2.0,-27.0
1776887320.7791028,-3.0,-3.0,-22.0
1776887320.7891028,0.0,-2.0,-29.0
1776887320.7991028,-1.0,0.0,-33.0
1776887320.8091028,-3.0,0.0,-32.0
1776887320.8191028,0.0,-6.0,-32.0
1776887320.8291028,-1.0,-7.0,-32.0
1776887320.8391027,-1.0,-6.0,-39.0
1776887320.8491027,-2.0,-6.0,-43.0
1776887320.8591027,0.0,-6.0,-43.0
1776887320.8691027,-3.0,-3.0,-45.0
1776887320.8791027,-6.0,-4.0,-45.0
1776887320.8891027,-2.0,-3.0,-45.0
1776887320.8991027,-1.0,-1.0,-47.0
1776887320.909103,-2.0,-1.0,-44.0
1776887320.919103,0.0,2.0,-34.0
1776887320.929103,-1.0,4.0,-32.0
1776887320.9391026,-4.0,3.0,-30.0
1776887320.9491026,-6.0,1.0,-37.0
1776887320.9591026,-9.0,-3.0,-43.0
1776887320.9691026,-9.0,1.0,-40.0
1776887320.9791028,-13.0,0.0,-39.0
1776887320.9891028,-12.0,-4.0,-43.0
1776887320.9991028,-14.0,-6.0,-46.0
1776887321.0091028,-10.0,-6.0,-41.0
1776887321.0191028,-7.0,-2.0,-38.0
1776887321.0291028,-4.0,-2.0,-35.0
1776887321.0391028,-4.0,-2.0,-39.0
1776887321.0491028,-1.0,-1.0,-44.0
1776887321.0591028,2.0,-2.0,-43.0
1776887321.0691028,6.0,-3.0,-42.0
1776887321.0791028,5.0,-5.0,-34.0
1776887321.0891027,0.0,-4.0,-28.0
1776887321.0991027,4.0,-2.0,-35.0
1776887321.1091027,0.0,-3.0,-30.0
1776887321.1191027,0.0,-4.0,-32.0
1776887321.1291027,0.0,-1.0,-27.0
1776887321.1391027,0.0,0.0,-32.0
1776887321.1491027,0.0,0.0,-32.0
1776887321.159103,-3.0,-1.0,-33.0
1776887321.169103,-8.0,-1.0,-31.0
1776887321.179103,-6.0,-2.0,-33.0
1776887321.1891026,-5.0,-5.0,-27.0
1776887321.1991026,-3.0,-5.0,-29.0
1776887321.2091026,-1.0,-6.0,-26.0
1776887321.2191026,-4.0,-3.0,-32.0
1776887321.2291028,-3.0,-4.0,-31.0
1776887321.2391028,0.0,-3.0,-33.0
1776887321.2491028,1.0,0.0,-26.0
1776887321.2591028,2.0,-2.0,-27.0
1776887321.2691028,2.0,-3.0,-27.0
1776887321.2791028,-1.0,0.0,-27.0
1776887321.2891028,-3.0,-6.0,-35.0
1776887321.2991028,-6.0,-5.0,-34.0
1776887321.3091028,-7.0,-4.0,-35.0
1776887321.3191028,-8.0,-7.0,-38.0
1776887321.3291028,-9.0,-6.0,-36.0
1776887321.3391027,-7.0,-6.0,-36.0
1776887321.3491027,-2.0,-8.0,-37.0
1776887321.3591027,-2.0,-6.0,-35.0
1776887321.3691027,-2.0,-5.0,-35.0
1776887321.3791027,-3.0,0.0,-35.0
1776887321.3891027,-4.0,1.0,-41.0
1776887321.3991027,-6.0,3.0,-43.0
1776887321.409103,-7.0,6.0,-46.0
1776887321.419103,-8.0,4.0,-45.0
1776887321.429103,-6.0,3.0,-50.0
1776887321.4391026,-6.0,-2.0,-51.0
1776887321.4491026,-5.0,0.0,-50.0
1776887321.4591026,-1.0,-6.0,-52.0
1776887321.4691026,3.0,-7.0,-46.0
1776887321.4791028,3.0,-3.0,-43.0
1776887321.4891028,2.0,0.0,-43.0
1776887321.4991028,5.0,3.0,-39.0
1776887321.5091028,1.0,3.0,-38.0
1776887321.5191028,4.0,-2.0,-30.0
1776887321.5291028,-1.0,-6.0,-28.0
1776887321.5391028,0.0,-3.0,-34.0
1776887321.5491028,4.0,-1.0,-37.0
1776887321.5591028,8.0,1.0,-34.0
1776887321.5691028,8.0,0.0,-40.0
1776887321.5791028,6.0,-1.0,-35.0
1776887321.5891027,5.0,0.0,-35.0
1776887321.5991027,6.0,0.0,-38.0
1776887321.6091027,6.0,0.0,-34.0
1776887321.6191027,8.0,2.0,-31.0
1776887321.6291027,3.0,0.0,-26.0
1776887321.6391027,0.0,0.0,-27.0
1776887321.6491027,0.0,0.0,-27.0
1776887321.659103,-2.0,-4.0,-21.0
1776887321.669103,-3.0,-5.0,-26.0
1776887321.679103,-2.0,-2.0,-26.0
1776887321.6891026,-4.0,-2.0,-25.0
1776887321.6991026,-3.0,-2.0,-22.0
1776887321.7091026,-3.0,-3.0,-29.0
1776887321.7191026,-4.0,0.0,-37.0
1776887321.7291028,-3.0,3.0,-34.0
1776887321.7391028,-6.0,1.0,-36.0
1776887321.7491028,-6.0,1.0,-37.0
1776887321.7591028,-7.0,6.0,-37.0
1776887321.7691028,-6.0,1.0,-41.0
1776887321.7791028,-3.0,-2.0,-45.0
1776887321.7891028,0.0,-1.0,-43.0
1776887321.7991028,1.0,0.0,-44.0
1776887321.8091028,2.0,3.0,-43.0
1776887321.8191028,-1.0,0.0,-48.0
1776887321.8291028,-3.0,0.0,-50.0
1776887321.8391027,1.0,3.0,-42.0
1776887321.8491027,0.0,0.0,-40.0
1776887321.8591027,0.0,3.0,-37.0
1776887321.8691027,0.0,3.0,-32.0
1776887321.8801026,0.0,3.0,-40.0
1776887321.8891027,0.0,5.0,-38.0
1776887321.8991027,-2.0,4.0,-36.0
1776887321.9101028,0.0,3.0,-36.0
1776887321.9201028,2.0,-1.0,-39.0
1776887321.9301028,0.0,1.0,-36.0
1776887321.9401028,-1.0,-1.0,-36.0
1776887321.9501028,0.0,0.0,-36.0
1776887321.9601028,2.0,-3.0,-37.0
1776887321.9701028,6.0,-5.0,-34.0
1776887321.9801028,2.0,-6.0,-37.0
1776887321.9901028,4.0,-9.0,-37.0
1776887322.0001028,2.0,-9.0,-42.0
1776887322.0101027,0.0,-12.0,-41.0
1776887322.0201027,-1.0,-11.0,-44.0
1776887322.0301027,0.0,-10.0,-48.0
1776887322.0401027,2.0,-11.0,-45.0
1776887322.0501027,2.0,-6.0,-41.0
1776887322.0601027,2.0,-6.0,-41.0
1776887322.0701027,-1.0,-6.0,-42.0
1776887322.0801027,-6.0,-2.0,-41.0
1776887322.090103,-6.0,-4.0,-39.0
1776887322.100103,-5.0,-3.0,-35.0
1776887322.110103,-7.0,-4.0,-28.0
1776887322.1201026,-4.0,-8.0,-26.0
1776887322.1301026,-3.0,-9.0,-29.0
1776887322.1401026,-3.0,-8.0,-28.0
1776887322.1501029,-8.0,-5.0,-33.0
1776887322.1601028,-10.0,-3.0,-37.0
1776887322.1701028,-8.0,1.0,-41.0
1776887322.1801028,-3.0,1.0,-47.0
1776887322.1901028,1.0,0.0,-42.0
1776887322.2001028,0.0,1.0,-39.0
1776887322.2101028,0.0,1.0,-36.0
1776887322.2201028,-1.0,-1.0,-36.0
1776887322.2301028,-2.0,-4.0,-40.0
1776887322.2401028,-3.0,-2.0,-43.0
1776887322.2501028,-4.0,-1.0,-43.0
1776887322.2601027,-2.0,-3.0,-38.0
1776887322.2701027,0.0,-4.0,-38.0
1776887322.2801027,-3.0,-4.0,-30.0
1776887322.2901027,-5.0,-4.0,-34.0
1776887322.3001027,-2.0,-4.0,-37.0
1776887322.3101027,0.0,-2.0,-38.0
1776887322.3201027,5.0,-4.0,-40.0
1776887322.3301027,5.0,-5.0,-42.0
1776887322.340103,2.0,-4.0,-46.0
1776887322.350103,0.0,-4.0,-44.0
1776887322.360103,3.0,-10.0,-43.0
1776887322.3701026,3.0,-5.0,-41.0
1776887322.3801026,2.0,-5.0,-42.0
1776887322.3901026,3.0,-4.0,-42.0
1776887322.4001029,0.0,-1.0,-45.0
1776887322.4101028,0.0,-1.0,-44.0
1776887322.4201028,2.0,-1.0,-46.0
1776887322.4301028,4.0,-3.0,-47.0
1776887322.4401028,4.0,-3.0,-46.0
1776887322.4501028,0.0,-2.0,-47.0
1776887322.4601028,-4.0,0.0,-46.0
1776887322.4701028,-7.0,2.0,-39.0
1776887322.4801028,-8.0,1.0,-35.0
1776887322.4901028,-3.0,0.0,-37.0
1776887322.5001028,-1.0,0.0,-38.0
1776887322.5101027,-1.0,1.0,-40.0
1776887322.5201027,0.0,2.0,-41.0
1776887322.5301027,1.0,0.0,-50.0
1776887322.5401027,4.0,-1.0,-42.0
1776887322.5501027,8.0,-3.0,-42.0
1776887322.5601027,1.0,-5.0,-47.0
1776887322.5701027,0.0,-5.0,-46.0
1776887322.5801027,1.0,-4.0,-41.0
1776887322.590103,7.0,-3.0,-45.0
1776887322.600103,9.0,-2.0,-43.0
1776887322.610103,9.0,-2.0,-40.0
1776887322.6201026,3.0,-4.0,-34.0
1776887322.6301026,3.0,-7.0,-34.0
1776887322.6401026,2.0,-7.0,-33.0
1776887322.6501029,1.0,-6.0,-33.0
1776887322.6601028,8.0,-4.0,-27.0
1776887322.6701028,8.0,-2.0,-34.0
1776887322.6801028,1.0,-3.0,-32.0
1776887322.6901028,0.0,-2.0,-35.0
1776887322.7001028,4.0,-5.0,-35.0
1776887322.7101028,7.0,-3.0,-34.0
1776887322.7201028,8.0,-2.0,-40.0
1776887322.7301028,6.0,0.0,-44.0
1776887322.7401028,6.0,3.0,-53.0
1776887322.7501028,7.0,4.0,-50.0
1776887322.7601027,6.0,3.0,-52.0
1776887322.7701027,5.0,0.0,-46.0
1776887322.7801027,9.0,-5.0,-40.0
1776887322.7901027,8.0,-5.0,-37.0
1776887322.8001027,8.0,0.0,-40.0
1776887322.8101027,11.0,-2.0,-34.0
1776887322.8201027,9.0,-6.0,-29.0
1776887322.8301027,1.0,-6.0,-33.0
1776887322.840103,-1.0,0.0,-34.0
1776887322.850103,-6.0,0.0,-31.0
1776887322.860103,-8.0,-5.0,-39.0
1776887322.8701026,-9.0,-10.0,-44.0
1776887322.8801026,-4.0,-9.0,-46.0
1776887322.8901026,-3.0,-8.0,-41.0
1776887322.9001029,-5.0,-8.0,-37.0
1776887322.9101028,-6.0,-9.0,-41.0
1776887322.9201028,-4.0,-6.0,-35.0
1776887322.9301028,-3.0,-1.0,-35.0
1776887322.9401028,-3.0,-5.0,-37.0
1776887322.9501028,-1.0,-9.0,-40.0
1776887322.9601028,-1.0,-7.0,-34.0
1776887322.9701028,-1.0,-4.0,-33.0
1776887322.9801028,4.0,-5.0,-40.0
1776887322.9901028,3.0,-4.0,-38.0
1776887323.0001028,0.0,0.0,-32.0
1776887323.0101027,0.0,0.0,-35.0
1776887323.0201027,0.0,0.0,-34.0
1776887323.0301027,3.0,-1.0,-43.0
1776887323.0401027,1.0,-3.0,-41.0
1776887323.0501027,-1.0,0.0,-40.0
1776887323.0601027,-2.0,0.0,-37.0
1776887323.0701027,-1.0,-6.0,-36.0
1776887323.0801027,0.0,-3.0,-33.0
1776887323.090103,0.0,0.0,-35.0
1776887323.100103,-1.0,-2.0,-32.0
1776887323.110103,-4.0,0.0,-26.0
1776887323.1201026,-3.0,1.0,-24.0
1776887323.1301026,-3.0,0.0,-28.0
1776887323.1401026,-5.0,-1.0,-31.0
1776887323.1501029,-1.0,0.0,-34.0
1776887323.1601028,4.0,-2.0,-29.0
1776887323.1701028,0.0,-4.0,-29.0
1776887323.1801028,0.0,-3.0,-30.0
1776887323.1901028,7.0,-6.0,-32.0
1776887323.2001028,9.0,-6.0,-34.0
1776887323.2101028,9.0,-5.0,-35.0
1776887323.2201028,8.0,-5.0,-38.0
1776887323.2301028,8.0,-2.0,-42.0
1776887323.2401028,9.0,1.0,-43.0
1776887323.2501028,9.0,0.0,-41.0
1776887323.2601027,8.0,1.0,-38.0
1776887323.2701027,5.0,0.0,-41.0
1776887323.2801027,5.0,-1.0,-43.0
1776887323.2901027,8.0,1.0,-42.0
1776887323.3001027,2.0,1.0,-39.0
1776887323.3101027,3.0,1.0,-38.0
1776887323.3201027,6.0,-1.0,-38.0
1776887323.3301027,5.0,-5.0,-33.0
1776887323.340103,10.0,-7.0,-35.0
1776887323.350103,8.0,-7.0,-36.0
1776887323.360103,1.0,-5.0,-34.0
1776887323.3701026,1.0,-6.0,-31.0
1776887323.3801026,3.0,-6.0,-39.0
1776887323.3901026,1.0,-5.0,-31.0
1776887323.4001029,1.0,-1.0,-29.0
1776887323.4101028,0.0,-3.0,-33.0
1776887323.4201028,-1.0,-3.0,-39.0
1776887323.4301028,1.0,-3.0,-37.0
1776887323.4401028,0.0,-2.0,-40.0
1776887323.4501028,3.0,0.0,-35.0
1776887323.4601028,4.0,0.0,-39.0
1776887323.4701028,8.0,-6.0,-45.0
1776887323.4801028,9.0,-8.0,-37.0
1776887323.4901028,5.0,-6.0,-35.0
1776887323.5001028,6.0,-3.0,-31.0
1776887323.5101027,7.0,-3.0,-33.0
1776887323.5201027,4.0,-4.0,-34.0
1776887323.5301027,3.0,-5.0,-30.0
1776887323.5401027,1.0,-1.0,-35.0
1776887323.5501027,1.0,3.0,-46.0
1776887323.5601027,3.0,7.0,-49.0
1776887323.5701027,3.0,7.0,-48.0
1776887323.5801027,3.0,3.0,-48.0
1776887323.590103,3.0,4.0,-43.0
1776887323.600103,7.0,2.0,-44.0
1776887323.610103,3.0,1.0,-42.0
1776887323.6201026,3.0,-1.0,-39.0
1776887323.6301026,1.0,0.0,-37.0
1776887323.6401026,3.0,3.0,-34.0
1776887323.6501029,1.0,-1.0,-33.0
1776887323.6601028,-1.0,-1.0,-37.0
1776887323.6701028,0.0,0.0,-35.0
1776887323.6801028,0.0,0.0,-37.0
1776887323.6901028,-3.0,-3.0,-39.0
1776887323.7001028,-4.0,-5.0,-36.0
1776887323.7101028,-2.0,-2.0,-44.0
1776887323.7201028,-3.0,1.0,-42.0
1776887323.7301028,-3.0,0.0,-42.0
1776887323.7401028,-2.0,-4.0,-38.0
1776887323.7501028,4.0,-3.0,-31.0
1776887323.7601027,7.0,-2.0,-32.0
1776887323.7701027,2.0,0.0,-33.0
1776887323.7801027,0.0,0.0,-32.0
1776887323.7901027,0.0,-3.0,-31.0
1776887323.8001027,-1.0,-3.0,-36.0
1776887323.8101027,0.0,-5.0,-38.0
1776887323.8201027,0.0,-5.0,-35.0
1776887323.8301027,-5.0,-3.0,-32.0
1776887323.840103,-5.0,-3.0,-37.0
1776887323.850103,-6.0,-2.0,-37.0
1776887323.860103,2.0,-4.0,-34.0
1776887323.8701026,3.0,-10.0,-35.0
1776887323.8801026,3.0,-9.0,-34.0
1776887323.8901026,-3.0,-8.0,-38.0
1776887323.9001029,-3.0,-7.0,-38.0
1776887323.9111028,-2.0,-7.0,-42.0
1776887323.9211028,2.0,-6.0,-39.0
1776887323.9311028,-1.0,0.0,-40.0
1776887323.9411027,-6.0,-1.0,-45.0
1776887323.9511027,-7.0,-2.0,-43.0
1776887323.9611027,-4.0,-2.0,-35.0
1776887323.9711027,0.0,-3.0,-32.0
1776887323.9811027,0.0,-4.0,-32.0
1776887323.9911027,3.0,-4.0,-32.0
1776887324.0011027,4.0,-4.0,-35.0
1776887324.011103,2.0,-7.0,-39.0
1776887324.021103,5.0,-7.0,-45.0
1776887324.031103,1.0,-7.0,-43.0
1776887324.0411026,0.0,-3.0,-39.0
1776887324.0511026,-1.0,-3.0,-39.0
1776887324.0611026,1.0,-3.0,-28.0
1776887324.0711029,-3.0,-3.0,-25.0
1776887324.0811028,0.0,0.0,-30.0
1776887324.0911028,4.0,0.0,-28.0
1776887324.1011028,0.0,-1.0,-28.0
1776887324.1111028,-5.0,1.0,-37.0
1776887324.1211028,-8.0,0.0,-35.0
1776887324.1311028,-10.0,-3.0,-33.0
1776887324.1411028,-10.0,-5.0,-30.0
1776887324.1511028,-5.0,-3.0,-33.0
1776887324.1611028,-3.0,-5.0,-32.0
1776887324.1711028,-2.0,-6.0,-36.0
1776887324.1811028,-5.0,-4.0,-39.0
1776887324.1911027,-5.0,-7.0,-33.0
1776887324.2011027,0.0,-6.0,-38.0
1776887324.2111027,3.0,-5.0,-37.0
1776887324.2211027,4.0,-2.0,-39.0
1776887324.2311027,7.0,0.0,-36.0
1776887324.2411027,4.0,-2.0,-39.0
1776887324.2511027,-3.0,-2.0,-45.0
1776887324.261103,-2.0,-3.0,-46.0
1776887324.271103,-4.0,-5.0,-50.0
1776887324.281103,-5.0,-4.0,-51.0
1776887324.2911026,-2.0,-2.0,-48.0
1776887324.3011026,-3.0,-3.0,-47.0
1776887324.3111026,-6.0,-5.0,-39.0
1776887324.3211029,-3.0,-3.0,-45.0
1776887324.3311028,5.0,0.0,-46.0
1776887324.3411028,5.0,-2.0,-51.0
1776887324.3511028,5.0,0.0,-50.0
1776887324.3611028,5.0,0.0,-50.0
1776887324.3711028,1.0,-1.0,-39.0
1776887324.3811028,-2.0,0.0,-34.0
1776887324.3911028,-3.0,2.0,-27.0
1776887324.4011028,-1.0,3.0,-34.0
1776887324.4111028,-6.0,6.0,-34.0
1776887324.4211028,-3.0,3.0,-35.0
1776887324.4311028,4.0,-3.0,-39.0
1776887324.4411027,2.0,0.0,-38.0
1776887324.4511027,3.0,2.0,-39.0
1776887324.4611027,0.0,0.0,-42.0
1776887324.4711027,-2.0,-3.0,-41.0
1776887324.4811027,-3.0,-3.0,-40.0
1776887324.4911027,-2.0,-1.0,-42.0
1776887324.5011027,-2.0,0.0,-46.0
1776887324.511103,-8.0,-4.0,-45.0
1776887324.521103,-9.0,-6.0,-53.0
1776887324.531103,-7.0,-5.0,-48.0
1776887324.5411026,-3.0,-4.0,-49.0
1776887324.5511026,-3.0,-5.0,-45.0
1776887324.5611026,-2.0,-4.0,-43.0
1776887324.5711029,0.0,0.0,-37.0
1776887324.5811028,-1.0,-2.0,-41.0
1776887324.5911028,-5.0,-2.0,-45.0
1776887324.6011028,-4.0,-3.0,-47.0
1776887324.6111028,-8.0,-6.0,-43.0
1776887324.6211028,-1.0,-2.0,-41.0
1776887324.6311028,0.0,-3.0,-39.0
1776887324.6411028,-2.0,0.0,-43.0
1776887324.6511028,-3.0,1.0,-38.0
1776887324.6611028,-5.0,0.0,-37.0
1776887324.6711028,-4.0,-3.0,-35.0
1776887324.6811028,-3.0,0.0,-32.0
1776887324.6911027,-3.0,-2.0,-26.0
1776887324.7011027,0.0,-2.0,-25.0
1776887324.7111027,1.0,-3.0,-34.0
1776887324.7211027,3.0,-2.0,-35.0
1776887324.7311027,5.0,-4.0,-32.0
1776887324.7411027,2.0,-5.0,-38.0
1776887324.7511027,2.0,-12.0,-43.0
1776887324.761103,0.0,-6.0,-42.0
1776887324.771103,0.0,-1.0,-47.0
1776887324.781103,0.0,0.0,-39.0
1776887324.7911026,-4.0,-1.0,-37.0
1776887324.8011026,-7.0,-3.0,-35.0
1776887324.8111026,-3.0,-7.0,-34.0
1776887324.8211029,1.0,-11.0,-35.0
1776887324.8311028,1.0,-7.0,-34.0
1776887324.8411028,-5.0,-8.0,-29.0
1776887324.8511028,-8.0,-8.0,-35.0
1776887324.8611028,-3.0,-5.0,-33.0
1776887324.8711028,-6.0,-4.0,-32.0
1776887324.8811028,-1.0,-7.0,-32.0
1776887324.8911028,-5.0,-13.0,-29.0
1776887324.9011028,0.0,-7.0,-27.0
1776887324.9111028,-1.0,-10.0,-30.0
1776887324.9211028,-2.0,-10.0,-29.0
1776887324.9311028,-4.0,-13.0,-29.0
1776887324.9411027,-4.0,-9.0,-32.0
1776887324.9511027,1.0,-4.0,-36.0
1776887324.9611027,6.0,-3.0,-38.0
1776887324.9711027,0.0,0.0,-42.0
1776887324.9811027,-3.0,0.0,-45.0
1776887324.9911027,-6.0,2.0,-36.0
1776887325.0011027,-5.0,5.0,-44.0
1776887325.011103,-4.0,5.0,-43.0
1776887325.021103,-7.0,3.0,-42.0
1776887325.031103,-9.0,2.0,-40.0
1776887325.0411026,-5.0,-1.0,-37.0
1776887325.0511026,0.0,-2.0,-37.0
1776887325.0611026,5.0,2.0,-38.0
1776887325.0711029,2.0,5.0,-44.0
1776887325.0811028,2.0,5.0,-36.0
1776887325.0911028,1.0,3.0,-35.0
1776887325.1011028,5.0,0.0,-29.0
1776887325.1111028,5.0,-8.0,-28.0
1776887325.1211028,-1.0,-8.0,-27.0
1776887325.1311028,-3.0,-8.0,-32.0
1776887325.1411028,1.0,-4.0,-40.0
1776887325.1511028,0.0,0.0,-37.0
1776887325.1611028,0.0,-1.0,-42.0
1776887325.1711028,-1.0,-1.0,-46.0
1776887325.1811028,0.0,-3.0,-40.0
1776887325.1911027,1.0,-3.0,-47.0
1776887325.2011027,3.0,0.0,-47.0
1776887325.2111027,-2.0,2.0,-48.0
1776887325.2211027,-6.0,-3.0,-45.0
1776887325.2311027,-6.0,-5.0,-43.0
1776887325.2411027,1.0,-3.0,-48.0
1776887325.2511027,6.0,-1.0,-42.0
1776887325.261103,5.0,2.0,-38.0
1776887325.271103,0.0,0.0,-35.0
1776887325.281103,-1.0,1.0,-39.0
1776887325.2911026,-2.0,0.0,-36.0
1776887325.3011026,-5.0,-1.0,-30.0
1776887325.3111026,-6.0,-3.0,-39.0
1776887325.3211029,-1.0,-8.0,-44.0
1776887325.3311028,-2.0,-5.0,-40.0
1776887325.3411028,-1.0,-1.0,-38.0
1776887325.3511028,-3.0,2.0,-35.0
1776887325.3611028,0.0,1.0,-33.0
1776887325.3711028,-1.0,0.0,-33.0
1776887325.3811028,-3.0,-2.0,-35.0
1776887325.3911028,0.0,0.0,-38.0
1776887325.4011028,1.0,-3.0,-36.0
1776887325.4111028,3.0,-3.0,-31.0
1776887325.4211028,0.0,-2.0,-28.0
1776887325.4311028,-5.0,0.0,-30.0
1776887325.4411027,-1.0,2.0,-30.0
1776887325.4511027,0.0,6.0,-27.0
1776887325.4611027,2.0,7.0,-32.0
1776887325.4711027,0.0,9.0,-32.0
1776887325.4811027,-2.0,4.0,-33.0
1776887325.4911027,-5.0,3.0,-36.0
1776887325.5011027,-3.0,-2.0,-37.0
1776887325.511103,-2.0,-2.0,-39.0
1776887325.521103,-3.0,-5.0,-38.0
1776887325.531103,-4.0,-3.0,-33.0
1776887325.5411026,0.0,0.0,-30.0
1776887325.5511026,-3.0,0.0,-34.0
1776887325.5611026,-2.0,1.0,-33.0
1776887325.5711029,-5.0,1.0,-29.0
1776887325.5811028,-5.0,0.0,-33.0
1776887325.5911028,-3.0,-4.0,-32.0
1776887325.6011028,0.0,-3.0,-33.0
1776887325.6111028,0.0,0.0,-35.0
1776887325.6211028,3.0,1.0,-32.0
1776887325.6311028,3.0,4.0,-27.0
1776887325.6411028,4.0,9.0,-32.0
1776887325.6511028,0.0,6.0,-32.0
1776887325.6611028,-1.0,0.0,-29.0
1776887325.6711028,0.0,2.0,-26.0
1776887325.6811028,2.0,3.0,-31.0
1776887325.6911027,3.0,2.0,-35.0
1776887325.7011027,6.0,1.0,-31.0
1776887325.7111027,6.0,1.0,-31.0
1776887325.7211027,5.0,-1.0,-25.0
1776887325.7311027,5.0,0.0,-24.0
1776887325.7411027,6.0,2.0,-24.0
1776887325.7511027,2.0,0.0,-21.0
1776887325.761103,2.0,1.0,-17.0
1776887325.771103,8.0,0.0,-20.0
1776887325.781103,9.0,0.0,-22.0
1776887325.7911026,6.0,-1.0,-24.0
1776887325.8011026,9.0,-4.0,-27.0
1776887325.8111026,10.0,-7.0,-29.0
1776887325.8211029,6.0,-7.0,-40.0
1776887325.8311028,5.0,-6.0,-49.0
1776887325.8411028,2.0,-4.0,-45.0
1776887325.8511028,-1.0,-4.0,-44.0
1776887325.8611028,1.0,-3.0,-39.0
1776887325.8711028,-3.0,-1.0,-28.0
1776887325.8811028,-6.0,0.0,-30.0
1776887325.8921027,-5.0,-2.0,-33.0
1776887325.9021027,-8.0,-3.0,-37.0
1776887325.9111028,-5.0,-3.0,-40.0
1776887325.9221027,-3.0,-2.0,-43.0
1776887325.932103,-1.0,-4.0,-47.0
1776887325.942103,0.0,-4.0,-46.0
1776887325.952103,0.0,-3.0,-44.0
1776887325.9611027,-1.0,0.0,-43.0
1776887325.9721026,-2.0,1.0,-41.0
1776887325.9821026,-1.0,2.0,-42.0
1776887325.9921026,-1.0,1.0,-41.0
1776887326.0021029,-2.0,-2.0,-41.0
1776887326.0121028,-5.0,2.0,-43.0
1776887326.0221028,-1.0,2.0,-48.0
1776887326.0321028,0.0,2.0,-48.0
1776887326.0421028,0.0,0.0,-44.0
1776887326.0521028,2.0,0.0,-41.0
1776887326.0621028,1.0,2.0,-39.0
1776887326.0721028,-1.0,3.0,-42.0
1776887326.0821028,-5.0,0.0,-45.0
1776887326.0921028,-6.0,-1.0,-44.0
1776887326.1021028,-5.0,-6.0,-47.0
1776887326.1121027,-7.0,-6.0,-44.0
1776887326.1221027,-2.0,-7.0,-44.0
1776887326.1321027,-3.0,-7.0,-49.0
1776887326.1421027,-8.0,-8.0,-45.0
1776887326.1521027,-10.0,-6.0,-42.0
1776887326.1621027,-7.0,-8.0,-33.0
1776887326.1721027,-3.0,-4.0,-32.0
1776887326.182103,-4.0,-1.0,-33.0
1776887326.192103,0.0,-1.0,-35.0
1776887326.202103,3.0,-4.0,-35.0
1776887326.212103,0.0,0.0,-33.0
1776887326.2221026,0.0,-1.0,-34.0
1776887326.2321026,2.0,0.0,-34.0
1776887326.2421026,3.0,1.0,-40.0
1776887326.2521029,4.0,0.0,-40.0
1776887326.2621028,2.0,2.0,-41.0
1776887326.2721028,2.0,-2.0,-36.0
1776887326.2821028,4.0,-7.0,-40.0
1776887326.2921028,0.0,-6.0,-41.0
1776887326.3021028,0.0,-9.0,-42.0
1776887326.3121028,-4.0,-4.0,-38.0
1776887326.3221028,0.0,-2.0,-41.0
1776887326.3321028,0.0,-2.0,-39.0
1776887326.3421028,6.0,3.0,-35.0
1776887326.3521028,9.0,2.0,-35.0
1776887326.3621027,6.0,1.0,-35.0
1776887326.3721027,7.0,3.0,-39.0
1776887326.3821027,10.0,3.0,-41.0
1776887326.3921027,5.0,3.0,-42.0
1776887326.4021027,5.0,0.0,-46.0
1776887326.4121027,3.0,-3.0,-38.0
1776887326.4221027,2.0,-3.0,-40.0
1776887326.432103,2.0,-7.0,-36.0
1776887326.442103,4.0,-6.0,-35.0
1776887326.452103,0.0,-4.0,-34.0
1776887326.462103,-3.0,-3.0,-28.0
1776887326.4721026,0.0,-3.0,-28.0
1776887326.4821026,3.0,-5.0,-29.0
1776887326.4921026,7.0,-2.0,-35.0
1776887326.5021029,4.0,-1.0,-35.0
1776887326.5121028,5.0,-4.0,-35.0
1776887326.5221028,0.0,-4.0,-36.0
1776887326.5321028,-2.0,-6.0,-47.0
1776887326.5421028,-1.0,-4.0,-57.0
1776887326.5521028,-3.0,-3.0,-52.0
1776887326.5621028,0.0,-5.0,-50.0
1776887326.5721028,3.0,-4.0,-49.0
1776887326.5821028,5.0,-3.0,-45.0
1776887326.5921028,6.0,-1.0,-41.0
1776887326.6021028,3.0,-1.0,-50.0
1776887326.6121027,-1.0,-2.0,-53.0
1776887326.6221027,-1.0,-1.0,-43.0
1776887326.6321027,-1.0,3.0,-38.0
1776887326.6421027,-2.0,3.0,-36.0
1776887326.6521027,-7.0,0.0,-28.0
1776887326.6621027,-4.0,2.0,-33.0
1776887326.6721027,-4.0,2.0,-39.0
1776887326.682103,-1.0,1.0,-42.0
1776887326.692103,-1.0,-1.0,-42.0
1776887326.702103,0.0,0.0,-48.0
1776887326.712103,0.0,1.0,-49.0
1776887326.7221026,0.0,0.0,-40.0
1776887326.7321026,-2.0,0.0,-38.0
1776887326.7421026,-8.0,0.0,-38.0
1776887326.7521029,-8.0,3.0,-35.0
1776887326.7621028,-3.0,4.0,-42.0
1776887326.7721028,-4.0,2.0,-42.0
1776887326.7821028,-2.0,0.0,-36.0
1776887326.7921028,-1.0,-1.0,-37.0
1776887326.8021028,1.0,-5.0,-37.0
1776887326.8121028,1.0,-4.0,-41.0
1776887326.8221028,3.0,-3.0,-36.0
1776887326.8321028,1.0,-4.0,-36.0
1776887326.8421028,-2.0,-4.0,-44.0
1776887326.8521028,0.0,-5.0,-42.0
1776887326.8621027,1.0,-5.0,-43.0
1776887326.8721027,1.0,-4.0,-41.0
1776887326.8821027,2.0,0.0,-36.0
1776887326.8921027,5.0,0.0,-31.0
1776887326.9021027,9.0,-6.0,-34.0
1776887326.9121027,3.0,-1.0,-37.0
1776887326.9221027,7.0,-4.0,-42.0
1776887326.932103,1.0,-5.0,-36.0
1776887326.942103,1.0,-5.0,-31.0
1776887326.952103,1.0,-4.0,-25.0
1776887326.962103,-1.0,-2.0,-31.0
1776887326.9721026,-3.0,-4.0,-32.0
1776887326.9821026,1.0,0.0,-36.0
1776887326.9921026,3.0,2.0,-39.0
1776887327.0021029,1.0,-1.0,-38.0
1776887327.0121028,1.0,-5.0,-33.0
1776887327.0221028,0.0,-4.0,-45.0
1776887327.0321028,-4.0,-1.0,-45.0
1776887327.0421028,-2.0,-2.0,-42.0
1776887327.0521028,-3.0,-5.0,-36.0
1776887327.0621028,-6.0,-4.0,-36.0
1776887327.0721028,-4.0,0.0,-34.0
1776887327.0821028,0.0,2.0,-43.0
1776887327.0921028,0.0,-1.0,-40.0
1776887327.1021028,-2.0,-1.0,-39.0
1776887327.1121027,-5.0,3.0,-34.0
1776887327.1221027,-4.0,-3.0,-31.0
1776887327.1321027,-7.0,-6.0,-37.0
1776887327.1421027,-7.0,-2.0,-40.0
1776887327.1521027,-5.0,-6.0,-44.0
1776887327.1621027,-1.0,-6.0,-43.0
1776887327.1721027,0.0,-8.0,-40.0
1776887327.182103,0.0,-4.0,-39.0
1776887327.192103,-4.0,0.0,-37.0
1776887327.202103,0.0,0.0,-36.0
1776887327.212103,1.0,2.0,-37.0
1776887327.2221026,3.0,0.0,-41.0
1776887327.2321026,0.0,-3.0,-39.0
1776887327.2421026,0.0,0.0,-45.0
1776887327.2521029,-1.0,0.0,-45.0
1776887327.2621028,0.0,0.0,-47.0
1776887327.2721028,-1.0,3.0,-42.0
1776887327.2821028,-2.0,0.0,-39.0
1776887327.2921028,-1.0,0.0,-40.0
1776887327.3021028,-1.0,0.0,-37.0
1776887327.3121028,0.0,1.0,-36.0
1776887327.3221028,0.0,0.0,-40.0
1776887327.3321028,3.0,0.0,-44.0
1776887327.3421028,4.0,-4.0,-40.0
1776887327.3521028,0.0,-4.0,-37.0
1776887327.3621027,-1.0,0.0,-31.0
1776887327.3721027,-6.0,3.0,-41.0
1776887327.3821027,-5.0,-1.0,-42.0
1776887327.3921027,-1.0,-1.0,-37.0
1776887327.4021027,-1.0,2.0,-37.0
1776887327.4121027,-6.0,1.0,-41.0
1776887327.4221027,-8.0,1.0,-46.0
1776887327.432103,-7.0,-1.0,-41.0
1776887327.442103,-2.0,-1.0,-39.0
1776887327.452103,-3.0,2.0,-42.0
1776887327.462103,0.0,0.0,-43.0
1776887327.4721026,3.0,-1.0,-40.0
1776887327.4821026,5.0,2.0,-37.0
1776887327.4921026,9.0,0.0,-29.0
1776887327.5021029,5.0,0.0,-24.0
1776887327.5121028,3.0,-4.0,-22.0
1776887327.5221028,3.0,-2.0,-28.0
1776887327.5321028,3.0,-2.0,-33.0
1776887327.5421028,6.0,-3.0,-27.0
1776887327.5521028,6.0,-2.0,-28.0
1776887327.5621028,5.0,-1.0,-32.0
1776887327.5721028,3.0,-3.0,-34.0
1776887327.5821028,3.0,-1.0,-28.0
1776887327.5921028,4.0,-4.0,-27.0
1776887327.6021028,0.0,-4.0,-38.0
1776887327.6121027,1.0,-2.0,-40.0
1776887327.6221027,3.0,1.0,-35.0
1776887327.6321027,5.0,2.0,-34.0
1776887327.6421027,6.0,6.0,-39.0
1776887327.6521027,4.0,5.0,-41.0
1776887327.6621027,7.0,1.0,-43.0
1776887327.6721027,5.0,0.0,-48.0
1776887327.682103,7.0,2.0,-46.0
1776887327.692103,3.0,4.0,-41.0
1776887327.702103,4.0,0.0,-32.0
1776887327.712103,0.0,-6.0,-31.0
1776887327.7221026,-2.0,-9.0,-32.0
1776887327.7321026,-2.0,-13.0,-38.0
1776887327.7421026,-1.0,-11.0,-42.0
1776887327.7521029,0.0,-10.0,-34.0
1776887327.7621028,2.0,-6.0,-33.0
1776887327.7721028,4.0,-7.0,-38.0
1776887327.7821028,1.0,-4.0,-37.0
1776887327.7921028,2.0,-6.0,-37.0
1776887327.8021028,2.0,-6.0,-44.0
1776887327.8121028,0.0,-7.0,-46.0
1776887327.8221028,-1.0,-6.0,-44.0
1776887327.8321028,-3.0,-5.0,-40.0
1776887327.8421028,0.0,-4.0,-37.0
1776887327.8521028,-1.0,1.0,-35.0
1776887327.8621027,0.0,4.0,-43.0
1776887327.8721027,1.0,1.0,-50.0
1776887327.8821027,-2.0,2.0,-44.0
1776887327.8931026,0.0,-3.0,-41.0
1776887327.9031026,0.0,-4.0,-41.0
1776887327.9121027,2.0,-2.0,-47.0
1776887327.9231029,2.0,-2.0,-49.0
1776887327.9331028,4.0,-8.0,-41.0
1776887327.9431028,3.0,-6.0,-30.0
1776887327.9531028,3.0,-1.0,-27.0
1776887327.9631028,0.0,1.0,-36.0
1776887327.9731028,4.0,-2.0,-32.0
1776887327.9831028,6.0,-2.0,-30.0
1776887327.9931028,3.0,2.0,-37.0
1776887328.0031028,0.0,2.0,-33.0
1776887328.0131028,2.0,4.0,-31.0
1776887328.0231028,-3.0,2.0,-34.0
1776887328.0331028,-5.0,1.0,-30.0
1776887328.0431027,-7.0,0.0,-26.0
1776887328.0531027,-9.0,0.0,-26.0
1776887328.0631027,-6.0,-1.0,-26.0
1776887328.0731027,-3.0,-5.0,-34.0
1776887328.0831027,-2.0,-5.0,-27.0
1776887328.0931027,-1.0,-5.0,-30.0
1776887328.1031027,2.0,-7.0,-26.0
1776887328.113103,2.0,-6.0,-32.0
1776887328.123103,-1.0,-5.0,-38.0
1776887328.133103,0.0,-10.0,-30.0
1776887328.1431026,-2.0,-11.0,-23.0
1776887328.1531026,-4.0,-13.0,-28.0
1776887328.1631026,-1.0,-10.0,-33.0
1776887328.1731029,-3.0,-12.0,-37.0
1776887328.1831028,-3.0,-6.0,-39.0
1776887328.1931028,-1.0,-4.0,-39.0
1776887328.2031028,-3.0,-3.0,-37.0
1776887328.2131028,-2.0,-4.0,-34.0
1776887328.2231028,-5.0,-2.0,-29.0
1776887328.2331028,-4.0,-3.0,-31.0
1776887328.2431028,0.0,0.0,-26.0
1776887328.2531028,-3.0,2.0,-31.0
1776887328.2631028,-3.0,0.0,-32.0
1776887328.2731028,-1.0,0.0,-32.0
1776887328.2831028,1.0,-4.0,-30.0
1776887328.2931027,0.0,-2.0,-32.0
1776887328.3031027,-4.0,0.0,-39.0
1776887328.3131027,-2.0,0.0,-35.0
1776887328.3231027,2.0,1.0,-32.0
1776887328.3331027,3.0,2.0,-29.0
1776887328.3431027,0.0,-4.0,-33.0
1776887328.3531027,-1.0,0.0,-32.0
1776887328.363103,-3.0,-2.0,-31.0
1776887328.373103,-2.0,0.0,-42.0
1776887328.383103,-2.0,2.0,-38.0
1776887328.3931026,0.0,1.0,-29.0
1776887328.4031026,0.0,4.0,-26.0
1776887328.4131026,0.0,2.0,-33.0
1776887328.4231029,5.0,0.0,-37.0
1776887328.4331028,5.0,1.0,-38.0
1776887328.4431028,3.0,0.0,-39.0
1776887328.4531028,1.0,0.0,-42.0
1776887328.4631028,4.0,-3.0,-41.0
1776887328.4731028,2.0,-4.0,-43.0
1776887328.4831028,6.0,-2.0,-40.0
1776887328.4931028,6.0,-3.0,-35.0
1776887328.5031028,7.0,-3.0,-42.0
1776887328.5131028,9.0,-7.0,-37.0
1776887328.5231028,8.0,-5.0,-36.0
1776887328.5331028,6.0,-4.0,-48.0
1776887328.5431027,4.0,-4.0,-46.0
1776887328.5531027,2.0,0.0,-40.0
1776887328.5631027,0.0,0.0,-39.0
1776887328.5731027,0.0,5.0,-34.0
1776887328.5831027,1.0,3.0,-30.0
1776887328.5931027,1.0,0.0,-30.0
1776887328.6031027,-2.0,0.0,-26.0
1776887328.613103,0.0,2.0,-31.0
1776887328.623103,3.0,0.0,-34.0
1776887328.633103,-1.0,0.0,-34.0
1776887328.6431026,-8.0,-2.0,-32.0
1776887328.6531026,-6.0,-3.0,-31.0
1776887328.6631026,-2.0,-4.0,-40.0
1776887328.6731029,0.0,-2.0,-44.0
1776887328.6831028,4.0,-6.0,-47.0
1776887328.6931028,1.0,-6.0,-42.0
1776887328.7031028,0.0,-9.0,-43.0
1776887328.7131028,0.0,-9.0,-45.0
1776887328.7231028,-3.0,-5.0,-42.0
1776887328.7331028,1.0,-7.0,-42.0
1776887328.7431028,4.0,-10.0,-43.0
1776887328.7531028,3.0,-10.0,-40.0
1776887328.7631028,2.0,-11.0,-37.0
1776887328.7731028,0.0,-10.0,-37.0
1776887328.7831028,-2.0,-4.0,-32.0
1776887328.7931027,-5.0,-5.0,-29.0
1776887328.8031027,-7.0,-8.0,-31.0
1776887328.8131027,-5.0,-3.0,-34.0
1776887328.8231027,-7.0,-5.0,-38.0
1776887328.8331027,-6.0,-9.0,-38.0
1776887328.8431027,-4.0,-5.0,-32.0
1776887328.8531027,-2.0,-7.0,-39.0
1776887328.863103,-3.0,-8.0,-42.0
1776887328.873103,-2.0,-5.0,-40.0
1776887328.883103,0.0,-3.0,-42.0
1776887328.8931026,3.0,-3.0,-43.0
1776887328.9031026,8.0,-4.0,-47.0
1776887328.9131026,8.0,-1.0,-42.0
1776887328.9231029,5.0,1.0,-40.0
1776887328.9331028,1.0,3.0,-35.0
1776887328.9431028,0.0,4.0,-33.0
1776887328.9531028,0.0,3.0,-37.0
1776887328.9631028,0.0,3.0,-41.0
1776887328.9731028,-1.0,0.0,-48.0
1776887328.9831028,0.0,-3.0,-50.0
1776887328.9931028,-4.0,-4.0,-39.0
1776887329.0031028,-6.0,-4.0,-32.0
1776887329.0131028,-11.0,-4.0,-33.0
1776887329.0231028,-9.0,-5.0,-38.0
1776887329.0331028,-9.0,0.0,-37.0
1776887329.0431027,-9.0,0.0,-39.0
1776887329.0531027,-8.0,-1.0,-40.0
1776887329.0631027,-10.0,-3.0,-34.0
1776887329.0731027,-8.0,-3.0,-29.0
1776887329.0831027,-6.0,-6.0,-31.0
1776887329.0931027,-6.0,-7.0,-34.0
1776887329.1031027,-1.0,-7.0,-36.0
1776887329.113103,1.0,-9.0,-39.0
1776887329.123103,0.0,-7.0,-39.0
1776887329.133103,-2.0,-5.0,-37.0
1776887329.1431026,0.0,-6.0,-34.0
1776887329.1531026,0.0,-3.0,-30.0
1776887329.1631026,3.0,-1.0,-25.0
1776887329.1731029,7.0,0.0,-26.0
1776887329.1831028,6.0,-3.0,-31.0
1776887329.1931028,8.0,-3.0,-33.0
1776887329.2031028,4.0,0.0,-34.0
1776887329.2131028,0.0,1.0,-38.0
1776887329.2231028,2.0,-4.0,-43.0
1776887329.2331028,3.0,-3.0,-42.0
1776887329.2431028,2.0,-2.0,-39.0
1776887329.2531028,3.0,-2.0,-34.0
1776887329.2631028,3.0,-5.0,-33.0
1776887329.2731028,6.0,-6.0,-31.0
1776887329.2831028,3.0,-5.0,-32.0
1776887329.2931027,3.0,-2.0,-30.0
1776887329.3031027,5.0,-3.0,-30.0
1776887329.3131027,5.0,-6.0,-34.0
1776887329.3231027,1.0,-5.0,-37.0
1776887329.3331027,-2.0,-6.0,-31.0
1776887329.3431027,-1.0,-9.0,-23.0
1776887329.3531027,0.0,-9.0,-30.0
1776887329.363103,2.0,-6.0,-33.0
1776887329.373103,2.0,0.0,-28.0
1776887329.383103,-1.0,4.0,-30.0
1776887329.3931026,-2.0,5.0,-35.0
1776887329.4031026,0.0,0.0,-38.0
1776887329.4131026,3.0,0.0,-32.0
1776887329.4231029,7.0,0.0,-34.0
1776887329.4331028,9.0,3.0,-33.0
1776887329.4431028,4.0,3.0,-33.0
1776887329.4531028,4.0,2.0,-41.0
1776887329.4631028,0.0,1.0,-43.0
1776887329.4731028,1.0,0.0,-45.0
1776887329.4831028,0.0,0.0,-37.0
1776887329.4931028,2.0,0.0,-34.0
1776887329.5031028,0.0,-1.0,-36.0
1776887329.5131028,0.0,-6.0,-43.0
1776887329.5231028,0.0,-2.0,-44.0
1776887329.5331028,-1.0,-4.0,-41.0
1776887329.5431027,0.0,-4.0,-39.0
1776887329.5531027,0.0,-3.0,-42.0
1776887329.5631027,1.0,-5.0,-40.0
1776887329.5731027,-2.0,-7.0,-39.0
1776887329.5831027,2.0,0.0,-37.0
1776887329.5931027,4.0,-1.0,-32.0
1776887329.6031027,7.0,-3.0,-36.0
1776887329.613103,3.0,-2.0,-40.0
1776887329.623103,0.0,-4.0,-36.0
1776887329.633103,0.0,-4.0,-35.0
1776887329.6431026,-2.0,-3.0,-34.0
1776887329.6531026,-3.0,-4.0,-29.0
1776887329.6631026,0.0,-3.0,-24.0
1776887329.6731029,0.0,0.0,-32.0
1776887329.6831028,-1.0,0.0,-37.0
1776887329.6931028,2.0,0.0,-43.0
1776887329.7031028,4.0,0.0,-44.0
1776887329.7131028,6.0,4.0,-38.0
1776887329.7231028,8.0,2.0,-41.0
1776887329.7331028,11.0,-1.0,-40.0
1776887329.7431028,5.0,-4.0,-37.0
1776887329.7531028,6.0,-7.0,-35.0
1776887329.7631028,4.0,-2.0,-31.0
1776887329.7731028,3.0,-4.0,-37.0
1776887329.7831028,0.0,-3.0,-37.0
1776887329.7931027,0.0,-7.0,-45.0
1776887329.8031027,1.0,-4.0,-40.0
1776887329.8131027,3.0,0.0,-34.0
1776887329.8231027,4.0,-1.0,-31.0
1776887329.8331027,7.0,-1.0,-37.0
1776887329.8431027,2.0,-2.0,-41.0
1776887329.8531027,0.0,-5.0,-44.0
1776887329.863103,0.0,-5.0,-51.0
1776887329.873103,-4.0,1.0,-45.0
1776887329.883103,0.0,-1.0,-45.0
1776887329.8931026,3.0,-1.0,-39.0
1776887329.9041028,4.0,-3.0,-44.0
1776887329.9131026,4.0,-3.0,-48.0
1776887329.9241028,0.0,1.0,-49.0
1776887329.9341028,-1.0,0.0,-51.0
1776887329.9441028,0.0,-1.0,-47.0
1776887329.9541028,3.0,0.0,-36.0
1776887329.9641027,1.0,-2.0,-32.0
1776887329.9741027,0.0,-5.0,-34.0
1776887329.9841027,1.0,-3.0,-43.0
1776887329.9941027,2.0,-1.0,-50.0
1776887330.0041027,0.0,0.0,-42.0
1776887330.0141027,0.0,0.0,-32.0
1776887330.0241027,0.0,0.0,-31.0
1776887330.034103,0.0,0.0,-34.0
1776887330.044103,3.0,4.0,-36.0
1776887330.054103,2.0,0.0,-37.0
1776887330.0641026,1.0,-3.0,-35.0
1776887330.0741026,0.0,-4.0,-30.0
1776887330.0841026,0.0,-7.0,-30.0
1776887330.0941026,-2.0,-5.0,-30.0
1776887330.1041028,-4.0,-6.0,-24.0
1776887330.1141028,-6.0,-5.0,-26.0
1776887330.1241028,-5.0,-1.0,-30.0
1776887330.1341028,-2.0,-2.0,-34.0
1776887330.1441028,-3.0,0.0,-36.0
1776887330.1541028,1.0,2.0,-34.0
1776887330.1641028,9.0,2.0,-37.0
1776887330.1741028,5.0,1.0,-38.0
1776887330.1841028,3.0,4.0,-37.0
1776887330.1941028,4.0,3.0,-31.0
1776887330.2041028,5.0,0.0,-29.0
1776887330.2141027,6.0,-1.0,-28.0
1776887330.2241027,1.0,-1.0,-33.0
1776887330.2341027,-3.0,4.0,-36.0
1776887330.2441027,0.0,2.0,-34.0
1776887330.2541027,0.0,-2.0,-36.0
1776887330.2641027,-3.0,0.0,-34.0
1776887330.2741027,-1.0,0.0,-31.0
1776887330.284103,-2.0,3.0,-32.0
1776887330.294103,-1.0,3.0,-33.0
1776887330.304103,3.0,1.0,-31.0
1776887330.3141026,2.0,-1.0,-38.0
1776887330.3241026,1.0,-3.0,-38.0
1776887330.3341026,-3.0,-3.0,-35.0
1776887330.3441026,-8.0,-3.0,-29.0
1776887330.3541028,-4.0,-6.0,-23.0
1776887330.3641028,0.0,-4.0,-25.0
1776887330.3741028,0.0,-6.0,-23.0
1776887330.3841028,1.0,-8.0,-22.0
1776887330.3941028,2.0,-7.0,-32.0
1776887330.4041028,3.0,-3.0,-33.0
1776887330.4141028,1.0,0.0,-29.0
1776887330.4241028,-2.0,0.0,-33.0
1776887330.4341028,-6.0,3.0,-34.0
1776887330.4441028,-5.0,1.0,-33.0
1776887330.4541028,-2.0,-4.0,-34.0
1776887330.4641027,-2.0,-1.0,-36.0
1776887330.4741027,2.0,0.0,-40.0
1776887330.4841027,4.0,-2.0,-41.0
1776887330.4941027,3.0,0.0,-46.0
1776887330.5041027,0.0,1.0,-45.0
1776887330.5141027,-2.0,2.0,-37.0
1776887330.5241027,-1.0,3.0,-35.0
1776887330.534103,-5.0,0.0,-37.0
1776887330.544103,-6.0,3.0,-35.0
1776887330.554103,-2.0,2.0,-36.0
1776887330.5641026,-2.0,0.0,-35.0
1776887330.5741026,-1.0,1.0,-46.0
1776887330.5841026,-2.0,-4.0,-44.0
1776887330.5941026,-2.0,-3.0,-45.0
1776887330.6041028,-1.0,-2.0,-45.0
1776887330.6141028,-3.0,0.0,-38.0
1776887330.6241028,-1.0,0.0,-33.0
1776887330.6341028,-2.0,0.0,-35.0
1776887330.6441028,-7.0,2.0,-37.0
1776887330.6541028,-4.0,2.0,-41.0
1776887330.6641028,-3.0,2.0,-38.0
1776887330.6741028,0.0,0.0,-30.0
1776887330.6841028,2.0,2.0,-31.0
1776887330.6941028,6.0,1.0,-32.0
1776887330.7041028,6.0,0.0,-31.0
1776887330.7141027,3.0,1.0,-31.0
1776887330.7241027,3.0,1.0,-34.0
1776887330.7341027,1.0,5.0,-38.0
1776887330.7441027,1.0,7.0,-37.0
1776887330.7541027,0.0,9.0,-37.0
1776887330.7641027,-2.0,11.0,-33.0
1776887330.7741027,1.0,3.0,-37.0
1776887330.784103,0.0,2.0,-38.0
1776887330.794103,0.0,0.0,-32.0
1776887330.804103,1.0,0.0,-28.0
1776887330.8141026,2.0,0.0,-31.0
1776887330.8241026,0.0,3.0,-35.0
1776887330.8341026,-4.0,1.0,-34.0
1776887330.8441026,-12.0,0.0,-31.0
1776887330.8541028,-13.0,2.0,-30.0
1776887330.8641028,-8.0,0.0,-31.0
1776887330.8741028,-3.0,-2.0,-35.0
1776887330.8841028,2.0,-1.0,-37.0
1776887330.8941028,0.0,-4.0,-31.0
1776887330.9041028,0.0,-8.0,-33.0
1776887330.9141028,2.0,-9.0,-37.0
1776887330.9241028,1.0,-7.0,-35.0
1776887330.9341028,-4.0,0.0,-34.0
1776887330.9441028,-7.0,1.0,-27.0
1776887330.9541028,-3.0,0.0,-30.0
1776887330.9641027,-3.0,0.0,-32.0
1776887330.975103,-5.0,-1.0,-30.0
1776887330.9841027,-4.0,-5.0,-33.0
1776887330.9941027,-2.0,-3.0,-28.0
1776887331.0041027,-4.0,-5.0,-28.0
1776887331.0141027,-3.0,-3.0,-30.0
1776887331.0241027,0.0,-4.0,-30.0
1776887331.034103,-5.0,-10.0,-28.0
1776887331.044103,0.0,-8.0,-30.0
1776887331.054103,6.0,-4.0,-34.0
1776887331.0641026,7.0,-3.0,-31.0
1776887331.0741026,7.0,0.0,-28.0
1776887331.0841026,3.0,0.0,-26.0
1776887331.0941026,4.0,-2.0,-25.0
1776887331.1041028,6.0,-3.0,-29.0
1776887331.1141028,3.0,0.0,-30.0
1776887331.1241028,4.0,0.0,-36.0
1776887331.1341028,8.0,0.0,-41.0
1776887331.1441028,8.0,1.0,-46.0
1776887331.1541028,3.0,1.0,-40.0
1776887331.1641028,2.0,1.0,-33.0
1776887331.1741028,1.0,2.0,-33.0
1776887331.1841028,1.0,-3.0,-31.0
1776887331.1941028,1.0,-6.0,-29.0
1776887331.2041028,6.0,-4.0,-27.0
1776887331.2141027,6.0,-6.0,-34.0
1776887331.2241027,13.0,-3.0,-35.0
1776887331.2341027,8.0,-1.0,-36.0
1776887331.2441027,8.0,0.0,-32.0
1776887331.2541027,4.0,0.0,-33.0
1776887331.2641027,-1.0,0.0,-34.0
1776887331.2741027,-1.0,3.0,-33.0
1776887331.284103,-6.0,1.0,-40.0
1776887331.294103,-3.0,-2.0,-38.0
1776887331.304103,0.0,-2.0,-37.0
1776887331.3141026,0.0,0.0,-44.0
1776887331.3241026,-1.0,0.0,-42.0
1776887331.3341026,0.0,-2.0,-41.0
1776887331.3441026,1.0,-4.0,-39.0
1776887331.3541028,0.0,0.0,-36.0
1776887331.3641028,1.0,0.0,-29.0
1776887331.3741028,-1.0,0.0,-37.0
1776887331.3841028,1.0,0.0,-33.0
1776887331.3941028,6.0,0.0,-33.0
1776887331.4041028,3.0,5.0,-37.0
1776887331.4141028,3.0,3.0,-38.0
1776887331.4241028,8.0,3.0,-40.0
1776887331.4341028,7.0,3.0,-41.0
1776887331.4441028,3.0,0.0,-45.0
1776887331.4541028,0.0,0.0,-45.0
1776887331.4641027,-1.0,-4.0,-43.0
1776887331.4741027,1.0,-1.0,-42.0
1776887331.4841027,5.0,-5.0,-51.0
1776887331.4941027,2.0,-4.0,-43.0
1776887331.5041027,2.0,-4.0,-36.0
1776887331.5141027,2.0,1.0,-34.0
1776887331.5241027,7.0,3.0,-38.0
1776887331.534103,5.0,0.0,-37.0
1776887331.544103,6.0,0.0,-46.0
1776887331.554103,9.0,0.0,-41.0
1776887331.5641026,7.0,-4.0,-33.0
1776887331.5741026,7.0,-2.0,-32.0
1776887331.5841026,10.0,-1.0,-43.0
1776887331.5941026,9.0,0.0,-46.0
1776887331.6041028,6.0,0.0,-47.0
1776887331.6141028,2.0,-2.0,-52.0
1776887331.6241028,2.0,-1.0,-41.0
1776887331.6341028,3.0,0.0,-37.0
1776887331.6441028,4.0,3.0,-37.0
1776887331.6541028,0.0,5.0,-32.0
1776887331.6641028,0.0,4.0,-32.0
1776887331.6741028,0.0,5.0,-35.0
1776887331.6841028,2.0,3.0,-38.0
1776887331.6941028,2.0,3.0,-39.0
1776887331.7041028,1.0,6.0,-35.0
1776887331.7141027,1.0,0.0,-38.0
1776887331.7241027,4.0,-3.0,-42.0
1776887331.7341027,8.0,-6.0,-38.0
1776887331.7441027,12.0,-3.0,-35.0
1776887331.7541027,8.0,-6.0,-34.0
1776887331.7641027,8.0,-6.0,-34.0
1776887331.7741027,5.0,-10.0,-35.0
1776887331.784103,5.0,-11.0,-31.0
1776887331.794103,8.0,-7.0,-37.0
1776887331.804103,2.0,-10.0,-35.0
1776887331.8141026,4.0,-9.0,-34.0
1776887331.8241026,5.0,-5.0,-33.0
1776887331.8341026,1.0,-1.0,-33.0
1776887331.8441026,-1.0,-1.0,-23.0
1776887331.8541028,-3.0,-5.0,-24.0
1776887331.8641028,-5.0,-4.0,-29.0
1776887331.8741028,-4.0,-4.0,-39.0
1776887331.8841028,0.0,0.0,-37.0
1776887331.8941028,0.0,0.0,-40.0
1776887331.9051027,0.0,2.0,-44.0
1776887331.9141028,0.0,0.0,-46.0
1776887331.9251027,-4.0,-2.0,-45.0
1776887331.9351027,0.0,0.0,-41.0
1776887331.9441028,2.0,0.0,-45.0
1776887331.9551027,0.0,-2.0,-40.0
1776887331.965103,0.0,-3.0,-36.0
1776887331.975103,-2.0,-6.0,-38.0
1776887331.985103,-7.0,-6.0,-42.0
1776887331.9951026,-1.0,-8.0,-45.0
1776887332.0051026,0.0,-6.0,-43.0
1776887332.0141027,-4.0,-2.0,-39.0
1776887332.0251029,-1.0,0.0,-39.0
1776887332.0351028,0.0,-3.0,-39.0
1776887332.0451028,3.0,-5.0,-35.0
1776887332.0551028,1.0,-8.0,-40.0
1776887332.0651028,3.0,-6.0,-44.0
1776887332.0751028,1.0,-7.0,-39.0
1776887332.0851028,0.0,-7.0,-41.0
1776887332.0951028,0.0,-4.0,-36.0
1776887332.1051028,-1.0,-3.0,-40.0
1776887332.1151028,-2.0,-4.0,-45.0
1776887332.1251028,-4.0,-8.0,-45.0
1776887332.1351027,-7.0,-6.0,-40.0
1776887332.1451027,-5.0,-1.0,-42.0
1776887332.1551027,-7.0,-1.0,-39.0
1776887332.1651027,-8.0,0.0,-36.0
1776887332.1751027,-4.0,-2.0,-37.0
1776887332.1851027,1.0,-5.0,-43.0
1776887332.1951027,2.0,-3.0,-38.0
1776887332.2051027,3.0,-1.0,-30.0
1776887332.215103,5.0,-2.0,-28.0
1776887332.225103,8.0,-5.0,-32.0
1776887332.235103,5.0,-7.0,-28.0
1776887332.2451026,7.0,-9.0,-33.0
1776887332.2551026,5.0,-7.0,-32.0
1776887332.2651026,5.0,-4.0,-34.0
1776887332.2751029,2.0,-2.0,-32.0
1776887332.2851028,0.0,-6.0,-26.0
1776887332.2951028,0.0,-6.0,-32.0
1776887332.3051028,0.0,-11.0,-33.0
1776887332.3151028,-1.0,-14.0,-42.0
1776887332.3251028,-1.0,-13.0,-47.0
1776887332.3351028,5.0,-12.0,-52.0
1776887332.3451028,3.0,-10.0,-52.0
1776887332.3551028,4.0,-6.0,-48.0
1776887332.3651028,2.0,-4.0,-46.0
1776887332.3751028,3.0,-5.0,-44.0
1776887332.3851027,0.0,-6.0,-39.0
1776887332.3951027,1.0,-2.0,-42.0
1776887332.4051027,4.0,0.0,-41.0
1776887332.4151027,4.0,-1.0,-44.0
1776887332.4251027,3.0,3.0,-43.0
1776887332.4351027,0.0,4.0,-39.0
1776887332.4451027,1.0,2.0,-47.0
1776887332.4551027,0.0,3.0,-47.0
1776887332.465103,-3.0,-1.0,-46.0
1776887332.475103,-7.0,-3.0,-42.0
1776887332.485103,-7.0,-5.0,-38.0
1776887332.4951026,-6.0,-6.0,-31.0
1776887332.5051026,-3.0,-8.0,-31.0
1776887332.5151026,-7.0,-4.0,-27.0
1776887332.5251029,-4.0,-3.0,-25.0
1776887332.5351028,-5.0,-2.0,-25.0
1776887332.5451028,-1.0,-5.0,-30.0
1776887332.5551028,0.0,-1.0,-30.0
1776887332.5651028,1.0,0.0,-32.0
1776887332.5751028,-2.0,-1.0,-31.0
1776887332.5851028,0.0,0.0,-31.0
1776887332.5951028,-3.0,-4.0,-29.0
1776887332.6051028,0.0,-4.0,-32.0
1776887332.6151028,-2.0,-6.0,-34.0
1776887332.6251028,2.0,-2.0,-39.0
1776887332.6351027,0.0,0.0,-37.0
1776887332.6451027,-1.0,0.0,-40.0
1776887332.6551027,0.0,-1.0,-41.0
1776887332.6651027,-1.0,-1.0,-42.0
1776887332.6751027,0.0,-2.0,-40.0
1776887332.6851027,0.0,-4.0,-43.0
1776887332.6951027,-3.0,-5.0,-42.0
1776887332.7051027,-6.0,-5.0,-30.0
1776887332.715103,-5.0,0.0,-30.0
1776887332.725103,-2.0,0.0,-36.0
1776887332.735103,0.0,2.0,-34.0
1776887332.7451026,2.0,0.0,-34.0
1776887332.7551026,2.0,0.0,-37.0
1776887332.7651026,3.0,-5.0,-42.0
1776887332.7751029,0.0,-3.0,-44.0
1776887332.7851028,-2.0,-5.0,-44.0
1776887332.7951028,0.0,-3.0,-36.0
1776887332.8051028,0.0,-3.0,-30.0
1776887332.8151028,0.0,-3.0,-34.0
1776887332.8251028,4.0,-6.0,-41.0
1776887332.8351028,9.0,-6.0,-41.0
1776887332.8451028,7.0,-3.0,-37.0
1776887332.8551028,4.0,0.0,-39.0
1776887332.8651028,1.0,0.0,-46.0
1776887332.8751028,2.0,-1.0,-48.0
1776887332.8851027,0.0,-1.0,-42.0
1776887332.8951027,-1.0,-2.0,-42.0
1776887332.9051027,-3.0,-4.0,-33.0
1776887332.9151027,-5.0,-2.0,-37.0
1776887332.9251027,-8.0,-3.0,-36.0
1776887332.9351027,-5.0,0.0,-34.0
1776887332.9451027,0.0,0.0,-33.0
1776887332.9551027,1.0,-1.0,-31.0
1776887332.965103,1.0,-6.0,-37.0
1776887332.975103,4.0,-3.0,-33.0
1776887332.985103,8.0,-3.0,-36.0
1776887332.9951026,7.0,0.0,-33.0
1776887333.0051026,1.0,2.0,-35.0
1776887333.0151026,5.0,1.0,-40.0
1776887333.0251029,4.0,2.0,-43.0
1776887333.0351028,4.0,5.0,-43.0
1776887333.0451028,1.0,3.0,-42.0
1776887333.0551028,0.0,2.0,-47.0
1776887333.0651028,3.0,3.0,-49.0
1776887333.0751028,6.0,4.0,-46.0
1776887333.0851028,1.0,4.0,-39.0
1776887333.0951028,1.0,0.0,-35.0
1776887333.1051028,0.0,0.0,-34.0
1776887333.1151028,0.0,0.0,-42.0
1776887333.1251028,-4.0,2.0,-44.0
1776887333.1351027,-4.0,4.0,-41.0
1776887333.1451027,-2.0,0.0,-41.0
1776887333.1551027,-1.0,-4.0,-38.0
1776887333.1651027,2.0,-6.0,-39.0
1776887333.1751027,-1.0,-6.0,-38.0
1776887333.1851027,1.0,-3.0,-29.0
1776887333.1951027,0.0,-3.0,-29.0
1776887333.2051027,3.0,0.0,-33.0
1776887333.215103,1.0,1.0,-39.0
1776887333.225103,1.0,3.0,-39.0
1776887333.235103,5.0,1.0,-40.0
1776887333.2451026,3.0,0.0,-38.0
1776887333.2551026,1.0,0.0,-44.0
1776887333.2651026,3.0,-3.0,-40.0
1776887333.2751029,4.0,0.0,-41.0
1776887333.2851028,-2.0,3.0,-42.0
1776887333.2951028,-2.0,3.0,-43.0
1776887333.3051028,1.0,-1.0,-44.0
1776887333.3151028,1.0,1.0,-41.0
1776887333.3251028,3.0,-2.0,-46.0
1776887333.3351028,0.0,-6.0,-47.0
1776887333.3451028,1.0,-2.0,-38.0
1776887333.3551028,5.0,0.0,-31.0
1776887333.3651028,6.0,0.0,-36.0
1776887333.3751028,7.0,-2.0,-30.0
1776887333.3851027,7.0,-2.0,-21.0
1776887333.3951027,6.0,-3.0,-26.0
1776887333.4051027,6.0,2.0,-24.0
1776887333.4151027,12.0,1.0,-35.0
1776887333.4251027,9.0,4.0,-36.0
1776887333.4351027,7.0,6.0,-33.0
1776887333.4451027,9.0,3.0,-27.0
1776887333.4551027,6.0,1.0,-24.0
1776887333.465103,5.0,0.0,-19.0
1776887333.475103,3.0,-3.0,-21.0
1776887333.485103,0.0,-1.0,-27.0
1776887333.4951026,0.0,-2.0,-33.0
1776887333.5051026,0.0,0.0,-31.0
1776887333.5151026,0.0,0.0,-35.0
1776887333.5251029,0.0,-1.0,-37.0
1776887333.5351028,0.0,-1.0,-35.0
1776887333.5451028,1.0,-2.0,-36.0
1776887333.5551028,2.0,-4.0,-37.0
1776887333.5651028,2.0,-6.0,-31.0
1776887333.5751028,1.0,-7.0,-33.0
1776887333.5851028,-1.0,-4.0,-30.0
1776887333.5951028,-1.0,-1.0,-31.0
1776887333.6051028,0.0,-4.0,-32.0
1776887333.6151028,-1.0,-5.0,-33.0
1776887333.6251028,-4.0,-4.0,-33.0
1776887333.6351027,0.0,-6.0,-36.0
1776887333.6451027,0.0,-2.0,-29.0
1776887333.6551027,3.0,-2.0,-33.0
1776887333.6651027,4.0,0.0,-43.0
1776887333.6751027,5.0,1.0,-42.0
1776887333.6851027,3.0,2.0,-44.0
1776887333.6951027,2.0,0.0,-39.0
1776887333.7051027,-1.0,2.0,-35.0
1776887333.715103,-1.0,0.0,-35.0
1776887333.725103,-1.0,-2.0,-41.0
1776887333.735103,0.0,0.0,-44.0
1776887333.7451026,2.0,-1.0,-45.0
1776887333.7551026,0.0,-6.0,-35.0
1776887333.7651026,8.0,-1.0,-31.0
1776887333.7751029,7.0,-4.0,-30.0
1776887333.7851028,4.0,-5.0,-30.0
1776887333.7951028,4.0,-4.0,-26.0
1776887333.8051028,5.0,2.0,-26.0
1776887333.8151028,3.0,0.0,-24.0
1776887333.8251028,2.0,-2.0,-34.0
1776887333.8351028,0.0,-1.0,-28.0
1776887333.8451028,-2.0,0.0,-30.0
1776887333.8551028,1.0,-3.0,-28.0
1776887333.8651028,2.0,0.0,-27.0
1776887333.8751028,-1.0,-4.0,-24.0
1776887333.8851027,-5.0,-7.0,-24.0
1776887333.896103,-3.0,-4.0,-16.0
1776887333.906103,-3.0,-3.0,-18.0
1776887333.9151027,-3.0,-2.0,-23.0
1776887333.9261026,-2.0,-5.0,-28.0
1776887333.9361026,-2.0,-1.0,-30.0
1776887333.9461029,-2.0,0.0,-34.0
1776887333.9561028,-6.0,0.0,-31.0
1776887333.9661028,-6.0,0.0,-34.0
1776887333.9761028,-3.0,-4.0,-39.0
1776887333.9861028,-4.0,-6.0,-38.0
1776887333.9961028,-2.0,-7.0,-39.0
1776887334.0061028,-1.0,-4.0,-36.0
1776887334.0161028,-3.0,-4.0,-34.0
1776887334.0261028,-3.0,-4.0,-37.0
1776887334.0361028,-5.0,0.0,-42.0
1776887334.0461028,-4.0,0.0,-38.0
1776887334.0561028,-4.0,1.0,-38.0
1776887334.0661027,-9.0,1.0,-35.0
1776887334.0761027,-9.0,2.0,-34.0
1776887334.0861027,-11.0,0.0,-43.0
1776887334.0961027,-2.0,-2.0,-43.0
1776887334.1061027,0.0,-4.0,-39.0
1776887334.1161027,0.0,2.0,-38.0
1776887334.1261027,3.0,5.0,-36.0
1776887334.136103,-2.0,4.0,-33.0
1776887334.146103,0.0,5.0,-27.0
1776887334.156103,-1.0,2.0,-22.0
1776887334.1661026,0.0,1.0,-30.0
1776887334.1761026,0.0,-1.0,-27.0
1776887334.1861026,0.0,0.0,-25.0
1776887334.1961029,-1.0,-1.0,-25.0
1776887334.2061028,1.0,0.0,-27.0
1776887334.2161028,3.0,0.0,-31.0
1776887334.2261028,2.0,-1.0,-32.0
1776887334.2361028,1.0,0.0,-31.0
1776887334.2461028,2.0,-5.0,-30.0
1776887334.2561028,2.0,-6.0,-35.0
1776887334.2661028,4.0,-5.0,-34.0
1776887334.2761028,4.0,-3.0,-35.0
1776887334.2861028,-1.0,1.0,-43.0
1776887334.2961028,3.0,2.0,-42.0
1776887334.3061028,2.0,3.0,-36.0
1776887334.3161027,3.0,0.0,-37.0
1776887334.3261027,0.0,-3.0,-29.0
1776887334.3361027,-3.0,-1.0,-31.0
1776887334.3461027,-2.0,-2.0,-30.0
1776887334.3561027,-3.0,0.0,-30.0
1776887334.3661027,0.0,0.0,-29.0
1776887334.3761027,0.0,0.0,-32.0
1776887334.386103,2.0,0.0,-35.0
1776887334.396103,2.0,1.0,-38.0
1776887334.406103,0.0,1.0,-32.0
1776887334.4161026,0.0,1.0,-27.0
1776887334.4261026,-1.0,1.0,-28.0
1776887334.4361026,0.0,3.0,-28.0
1776887334.4461029,0.0,2.0,-30.0
1776887334.4561028,-3.0,4.0,-30.0
1776887334.4661028,-5.0,1.0,-30.0
1776887334.4761028,0.0,4.0,-28.0
1776887334.4861028,-1.0,1.0,-32.0
1776887334.4961028,2.0,0.0,-29.0
1776887334.5061028,0.0,8.0,-30.0
1776887334.5161028,6.0,10.0,-32.0
1776887334.5261028,8.0,7.0,-29.0
1776887334.5361028,4.0,6.0,-22.0
1776887334.5461028,4.0,7.0,-25.0
1776887334.5561028,1.0,7.0,-25.0
1776887334.5661027,0.0,7.0,-25.0
1776887334.5761027,2.0,6.0,-29.0
1776887334.5861027,2.0,5.0,-32.0
1776887334.5961027,0.0,6.0,-36.0
1776887334.6061027,-2.0,3.0,-24.0
1776887334.6161027,-5.0,-2.0,-29.0
1776887334.6261027,-3.0,-2.0,-29.0
1776887334.636103,-5.0,-2.0,-33.0
1776887334.646103,-3.0,1.0,-35.0
1776887334.656103,0.0,3.0,-41.0
1776887334.6661026,-3.0,1.0,-40.0
1776887334.6761026,-3.0,0.0,-37.0
1776887334.6861026,0.0,0.0,-42.0
1776887334.6961029,0.0,0.0,-39.0
1776887334.7061028,-3.0,-1.0,-37.0
1776887334.7161028,-4.0,-3.0,-29.0
1776887334.7261028,1.0,-4.0,-33.0
1776887334.7361028,2.0,-2.0,-36.0
1776887334.7461028,3.0,-1.0,-30.0
1776887334.7561028,4.0,2.0,-31.0
1776887334.7661028,1.0,0.0,-30.0
1776887334.7761028,0.0,-1.0,-36.0
1776887334.7861028,-2.0,-1.0,-42.0
1776887334.7961028,-1.0,-2.0,-41.0
1776887334.8061028,0.0,0.0,-39.0
1776887334.8161027,1.0,2.0,-33.0
1776887334.8261027,1.0,4.0,-32.0
1776887334.8361027,1.0,7.0,-32.0
1776887334.8461027,-1.0,9.0,-32.0
1776887334.8561027,0.0,7.0,-31.0
1776887334.8661027,3.0,4.0,-30.0
1776887334.8761027,1.0,0.0,-32.0
1776887334.886103,-1.0,-2.0,-28.0
1776887334.896103,-3.0,-4.0,-27.0
1776887334.906103,-2.0,-5.0,-29.0
1776887334.9161026,-1.0,-6.0,-36.0
1776887334.9261026,4.0,-3.0,-33.0
1776887334.9361026,4.0,-2.0,-38.0
1776887334.9461029,7.0,-5.0,-41.0
1776887334.9561028,2.0,-7.0,-34.0
1776887334.9661028,0.0,-2.0,-36.0
1776887334.9761028,1.0,-2.0,-37.0
1776887334.9861028,0.0,-5.0,-34.0
1776887334.9961028,7.0,-3.0,-32.0
1776887335.0061028,6.0,-3.0,-33.0
1776887335.0161028,4.0,-4.0,-28.0
1776887335.0261028,2.0,-1.0,-30.0
1776887335.0361028,-1.0,-3.0,-25.0
1776887335.0461028,-6.0,-1.0,-21.0
1776887335.0561028,-7.0,-2.0,-23.0
1776887335.0661027,-5.0,-2.0,-20.0
1776887335.0761027,-6.0,-2.0,-30.0
1776887335.0861027,-4.0,-1.0,-30.0
1776887335.0961027,-5.0,-5.0,-32.0
1776887335.1061027,-4.0,-3.0,-33.0
1776887335.1161027,-6.0,1.0,-32.0
1776887335.1261027,-9.0,6.0,-35.0
1776887335.136103,-7.0,7.0,-35.0
1776887335.146103,-2.0,7.0,-44.0
1776887335.156103,0.0,2.0,-48.0
1776887335.1661026,0.0,4.0,-44.0
1776887335.1761026,-1.0,6.0,-41.0
1776887335.1861026,-1.0,6.0,-37.0
1776887335.1961029,-4.0,6.0,-35.0
1776887335.2061028,-3.0,1.0,-42.0
1776887335.2161028,-1.0,0.0,-42.0
1776887335.2261028,2.0,0.0,-41.0
1776887335.2361028,1.0,-1.0,-39.0
1776887335.2461028,2.0,-2.0,-38.0
1776887335.2561028,3.0,-6.0,-34.0
1776887335.2661028,3.0,-4.0,-41.0
1776887335.2761028,1.0,-2.0,-42.0
1776887335.2861028,0.0,0.0,-35.0
1776887335.2961028,0.0,0.0,-33.0
1776887335.3061028,-1.0,-1.0,-31.0
1776887335.3161027,0.0,0.0,-31.0
1776887335.3261027,0.0,0.0,-32.0
1776887335.3361027,-3.0,-1.0,-31.0
1776887335.3461027,-2.0,-1.0,-39.0
1776887335.3561027,-3.0,0.0,-36.0
1776887335.3661027,-3.0,-2.0,-32.0
1776887335.3761027,-6.0,-4.0,-35.0
1776887335.386103,-6.0,-3.0,-39.0
1776887335.396103,-10.0,-4.0,-37.0
1776887335.406103,-5.0,-4.0,-41.0
1776887335.4161026,-4.0,-3.0,-41.0
1776887335.4261026,-2.0,-1.0,-40.0
1776887335.4361026,0.0,0.0,-33.0
1776887335.4461029,0.0,1.0,-35.0
1776887335.4561028,5.0,0.0,-41.0
1776887335.4661028,3.0,-3.0,-39.0
1776887335.4761028,1.0,-2.0,-38.0
1776887335.4861028,5.0,0.0,-39.0
1776887335.4961028,11.0,2.0,-38.0
1776887335.5061028,9.0,2.0,-39.0
1776887335.5161028,10.0,2.0,-33.0
1776887335.5261028,8.0,5.0,-29.0
1776887335.5361028,4.0,4.0,-35.0
1776887335.5461028,0.0,6.0,-35.0
1776887335.5561028,3.0,6.0,-32.0
1776887335.5661027,6.0,3.0,-39.0
1776887335.5761027,13.0,2.0,-37.0
1776887335.5861027,9.0,1.0,-37.0
1776887335.5961027,7.0,-2.0,-35.0
1776887335.6061027,6.0,1.0,-35.0
1776887335.6161027,7.0,0.0,-35.0
1776887335.6261027,0.0,-3.0,-38.0
1776887335.636103,0.0,-4.0,-39.0
1776887335.646103,3.0,-4.0,-34.0
1776887335.656103,4.0,-2.0,-32.0
1776887335.6661026,3.0,0.0,-33.0
1776887335.6761026,2.0,2.0,-36.0
1776887335.6861026,2.0,4.0,-32.0
1776887335.6961029,3.0,5.0,-37.0
1776887335.7061028,5.0,3.0,-37.0
1776887335.7161028,5.0,4.0,-38.0
1776887335.7261028,4.0,4.0,-33.0
1776887335.7361028,3.0,3.0,-32.0
1776887335.7461028,3.0,1.0,-31.0
1776887335.7561028,0.0,0.0,-30.0
1776887335.7661028,1.0,-1.0,-32.0
1776887335.7761028,2.0,0.0,-32.0
1776887335.7861028,0.0,0.0,-29.0
1776887335.7961028,-3.0,0.0,-28.0
1776887335.8061028,-2.0,1.0,-26.0
1776887335.8161027,-5.0,1.0,-29.0
1776887335.8261027,-7.0,-1.0,-33.0
1776887335.8361027,-2.0,0.0,-32.0
1776887335.8461027,-2.0,-3.0,-36.0
1776887335.8561027,1.0,0.0,-34.0
1776887335.8661027,0.0,1.0,-34.0
1776887335.8771029,1.0,4.0,-35.0
1776887335.886103,0.0,3.0,-35.0
1776887335.896103,2.0,-1.0,-33.0
1776887335.906103,4.0,-3.0,-26.0
1776887335.9161026,4.0,0.0,-26.0
1776887335.9271028,2.0,3.0,-30.0
1776887335.9371028,4.0,2.0,-27.0
1776887335.9471028,7.0,3.0,-30.0
1776887335.9571028,4.0,2.0,-34.0
1776887335.9671028,0.0,-2.0,-34.0
1776887335.9771028,0.0,-4.0,-27.0
1776887335.9871027,1.0,2.0,-26.0
1776887335.9971027,0.0,1.0,-29.0
1776887336.0071027,0.0,1.0,-34.0
1776887336.0171027,-3.0,0.0,-40.0
1776887336.0271027,-4.0,2.0,-40.0
1776887336.0371027,-5.0,0.0,-40.0
1776887336.0471027,-4.0,2.0,-35.0
1776887336.057103,-1.0,0.0,-31.0
1776887336.067103,-4.0,0.0,-34.0
1776887336.077103,-5.0,-1.0,-35.0
1776887336.087103,-6.0,2.0,-40.0
1776887336.0971026,-4.0,1.0,-41.0
1776887336.1071026,-5.0,3.0,-39.0
1776887336.1171026,-2.0,2.0,-32.0
1776887336.1271029,0.0,4.0,-34.0
1776887336.1371028,4.0,1.0,-33.0
1776887336.1471028,-1.0,-3.0,-30.0
1776887336.1571028,-5.0,-1.0,-34.0
1776887336.1671028,0.0,0.0,-31.0
1776887336.1771028,0.0,0.0,-29.0
1776887336.1871028,2.0,4.0,-33.0
1776887336.1971028,6.0,7.0,-32.0
1776887336.2071028,3.0,8.0,-32.0
1776887336.2171028,-1.0,6.0,-35.0
1776887336.2271028,0.0,2.0,-35.0
1776887336.2371027,1.0,-1.0,-35.0
1776887336.2471027,3.0,-1.0,-37.0
1776887336.2571027,2.0,-5.0,-37.0
1776887336.2671027,0.0,-4.0,-41.0
1776887336.2771027,0.0,-3.0,-43.0
1776887336.2871027,0.0,0.0,-43.0
1776887336.2971027,0.0,0.0,-38.0
1776887336.307103,-1.0,1.0,-44.0
1776887336.317103,-3.0,0.0,-51.0
1776887336.327103,-1.0,0.0,-43.0
1776887336.337103,3.0,0.0,-40.0
1776887336.3471026,7.0,-1.0,-39.0
1776887336.3571026,7.0,-3.0,-33.0
1776887336.3671026,4.0,-4.0,-40.0
1776887336.3771029,5.0,-6.0,-38.0
1776887336.3871028,5.0,-6.0,-38.0
1776887336.3971028,2.0,-4.0,-43.0
1776887336.4071028,4.0,-1.0,-44.0
1776887336.4171028,5.0,0.0,-42.0
1776887336.4271028,4.0,-3.0,-35.0
1776887336.4371028,3.0,-1.0,-31.0
1776887336.4471028,1.0,0.0,-29.0
1776887336.4571028,-3.0,-5.0,-27.0
1776887336.4671028,-1.0,-2.0,-29.0
1776887336.4771028,-3.0,-4.0,-23.0
1776887336.4871027,-1.0,0.0,-21.0
1776887336.4971027,5.0,-3.0,-19.0
1776887336.5071027,3.0,-1.0,-28.0
1776887336.5171027,4.0,-3.0,-35.0
1776887336.5271027,5.0,-5.0,-36.0
1776887336.5371027,6.0,-6.0,-31.0
1776887336.5471027,4.0,-6.0,-36.0
1776887336.557103,3.0,-9.0,-38.0
1776887336.567103,0.0,-3.0,-34.0
1776887336.577103,4.0,-6.0,-37.0
1776887336.587103,6.0,-2.0,-33.0
1776887336.5971026,12.0,-2.0,-29.0
1776887336.6071026,15.0,1.0,-32.0
1776887336.6171026,11.0,5.0,-33.0
1776887336.6271029,9.0,4.0,-34.0
1776887336.6371028,6.0,1.0,-36.0
1776887336.6471028,5.0,1.0,-37.0
1776887336.6571028,3.0,3.0,-35.0
1776887336.6671028,5.0,3.0,-34.0
1776887336.6771028,7.0,5.0,-44.0
1776887336.6871028,9.0,6.0,-45.0
1776887336.6971028,8.0,3.0,-48.0
1776887336.7071028,7.0,2.0,-44.0
1776887336.7171028,4.0,1.0,-49.0
1776887336.7271028,4.0,2.0,-48.0
1776887336.7371027,6.0,2.0,-52.0
1776887336.7471027,8.0,0.0,-49.0
1776887336.7571027,5.0,0.0,-44.0
1776887336.7671027,8.0,-1.0,-42.0
1776887336.7771027,7.0,-2.0,-40.0
1776887336.7871027,9.0,-2.0,-32.0
1776887336.7971027,7.0,-5.0,-29.0
1776887336.807103,5.0,0.0,-35.0
1776887336.817103,3.0,0.0,-41.0
1776887336.827103,0.0,0.0,-44.0
1776887336.837103,-1.0,3.0,-39.0
1776887336.8471026,-1.0,2.0,-35.0
1776887336.8571026,-2.0,0.0,-32.0
1776887336.8671026,-1.0,0.0,-30.0
1776887336.8771029,-1.0,3.0,-31.0
1776887336.8871028,-2.0,2.0,-32.0
1776887336.8971028,-1.0,0.0,-31.0
1776887336.9071028,2.0,0.0,-33.0
1776887336.9171028,6.0,-5.0,-39.0
1776887336.9271028,7.0,-7.0,-29.0
1776887336.9371028,10.0,-5.0,-24.0
1776887336.9471028,10.0,-7.0,-29.0
1776887336.9571028,10.0,-3.0,-35.0
1776887336.9671028,7.0,-1.0,-38.0
1776887336.9771028,4.0,-2.0,-39.0
1776887336.9871027,0.0,-1.0,-36.0
1776887336.9971027,2.0,-1.0,-36.0
1776887337.0071027,4.0,-1.0,-36.0
1776887337.0171027,3.0,1.0,-30.0
1776887337.0271027,4.0,1.0,-29.0
1776887337.0371027,2.0,-3.0,-33.0
1776887337.0471027,2.0,-3.0,-34.0
1776887337.057103,5.0,-3.0,-29.0
1776887337.067103,8.0,-3.0,-33.0
1776887337.077103,8.0,-7.0,-39.0
1776887337.087103,5.0,-3.0,-36.0
1776887337.0971026,0.0,-3.0,-29.0
1776887337.1071026,2.0,-1.0,-28.0
1776887337.1171026,4.0,-1.0,-25.0
1776887337.1271029,0.0,-1.0,-25.0
1776887337.1371028,1.0,3.0,-21.0
1776887337.1471028,-1.0,1.0,-17.0
1776887337.1571028,-6.0,2.0,-22.0
1776887337.1671028,-5.0,0.0,-26.0
1776887337.1771028,-2.0,0.0,-28.0
1776887337.1871028,-5.0,-1.0,-32.0
1776887337.1971028,-8.0,0.0,-36.0
1776887337.2071028,-7.0,4.0,-35.0
1776887337.2171028,-6.0,0.0,-35.0
1776887337.2271028,-6.0,0.0,-32.0
1776887337.2371027,-6.0,-1.0,-38.0
1776887337.2471027,-7.0,0.0,-34.0
1776887337.2571027,-3.0,-2.0,-35.0
1776887337.2671027,0.0,0.0,-41.0
1776887337.2771027,-3.0,0.0,-39.0
1776887337.2871027,-5.0,0.0,-37.0
1776887337.2971027,-3.0,-2.0,-34.0
1776887337.307103,1.0,0.0,-42.0
1776887337.317103,5.0,-1.0,-46.0
1776887337.327103,0.0,-3.0,-45.0
1776887337.337103,1.0,-1.0,-48.0
1776887337.3471026,4.0,0.0,-50.0
1776887337.3571026,2.0,1.0,-43.0
1776887337.3671026,3.0,-1.0,-46.0
1776887337.3771029,7.0,-1.0,-47.0
1776887337.3871028,2.0,-1.0,-46.0
1776887337.3971028,1.0,-1.0,-40.0
1776887337.4071028,3.0,0.0,-36.0
1776887337.4171028,2.0,-2.0,-33.0
1776887337.4271028,3.0,-2.0,-39.0
1776887337.4371028,2.0,2.0,-39.0
1776887337.4471028,6.0,1.0,-39.0
1776887337.4571028,6.0,-1.0,-41.0
1776887337.4671028,2.0,-4.0,-36.0
1776887337.4771028,1.0,-6.0,-36.0
1776887337.4871027,2.0,-6.0,-40.0
1776887337.4971027,8.0,-4.0,-38.0
1776887337.5071027,12.0,-2.0,-38.0
1776887337.5171027,9.0,0.0,-37.0
1776887337.5271027,6.0,0.0,-35.0
1776887337.5371027,5.0,0.0,-39.0
1776887337.5471027,4.0,-1.0,-35.0
1776887337.557103,5.0,-2.0,-31.0
1776887337.567103,4.0,-5.0,-36.0
1776887337.577103,5.0,-8.0,-32.0
1776887337.587103,5.0,-6.0,-28.0
1776887337.5971026,7.0,-3.0,-35.0
1776887337.6071026,2.0,-5.0,-44.0
1776887337.6171026,4.0,-2.0,-50.0
1776887337.6271029,1.0,-2.0,-48.0
1776887337.6371028,-1.0,-2.0,-45.0
1776887337.6471028,-1.0,-2.0,-42.0
1776887337.6571028,5.0,-2.0,-41.0
1776887337.6671028,8.0,-5.0,-38.0
1776887337.6771028,6.0,3.0,-39.0
1776887337.6871028,0.0,8.0,-39.0
1776887337.6971028,1.0,9.0,-39.0
1776887337.7071028,0.0,5.0,-38.0
1776887337.7171028,4.0,0.0,-42.0
1776887337.7271028,8.0,1.0,-41.0
1776887337.7371027,10.0,-4.0,-41.0
1776887337.7471027,10.0,-3.0,-45.0
1776887337.7571027,14.0,-5.0,-47.0
1776887337.7671027,11.0,-6.0,-40.0
1776887337.7771027,6.0,-7.0,-40.0
1776887337.7871027,5.0,-6.0,-38.0
1776887337.7971027,10.0,-7.0,-38.0
1776887337.807103,7.0,-6.0,-38.0
1776887337.817103,4.0,-4.0,-35.0
1776887337.827103,5.0,-2.0,-33.0
1776887337.837103,4.0,0.0,-29.0
1776887337.8471026,0.0,0.0,-37.0
1776887337.8571026,0.0,-1.0,-40.0
1776887337.8671026,-2.0,-4.0,-36.0
1776887337.8771029,0.0,-2.0,-40.0
1776887337.8871028,5.0,-1.0,-32.0
1776887337.8971028,8.0,-1.0,-26.0
1776887337.9071028,5.0,0.0,-29.0
1776887337.9181027,3.0,-1.0,-36.0
1776887337.9281027,5.0,-2.0,-41.0
1776887337.9381027,5.0,-1.0,-37.0
1776887337.9481027,4.0,-3.0,-43.0
1776887337.9581027,4.0,0.0,-46.0
1776887337.9671028,1.0,0.0,-44.0
1776887337.9781027,0.0,3.0,-45.0
1776887337.988103,0.0,2.0,-45.0
1776887337.998103,-5.0,0.0,-44.0
1776887338.008103,-5.0,0.0,-41.0
1776887338.0181026,-5.0,1.0,-35.0
1776887338.0281026,-3.0,1.0,-34.0
1776887338.0381026,-2.0,2.0,-28.0
1776887338.0481029,0.0,4.0,-26.0
1776887338.0581028,-3.0,4.0,-35.0
1776887338.0681028,-5.0,1.0,-34.0
1776887338.0781028,-6.0,-1.0,-40.0
1776887338.0881028,-2.0,1.0,-42.0
1776887338.0981028,1.0,0.0,-38.0
1776887338.1081028,1.0,0.0,-33.0
1776887338.1181028,2.0,0.0,-36.0
1776887338.1281028,8.0,-2.0,-40.0
1776887338.1381028,10.0,-3.0,-40.0
1776887338.1481028,11.0,-3.0,-38.0
1776887338.1581028,10.0,-3.0,-37.0
1776887338.1681027,10.0,-3.0,-36.0
1776887338.1781027,9.0,-5.0,-37.0
1776887338.1881027,9.0,-4.0,-37.0
1776887338.1981027,10.0,-7.0,-38.0
1776887338.2081027,9.0,-8.0,-35.0
1776887338.2181027,11.0,-7.0,-31.0
1776887338.2281027,10.0,-5.0,-26.0
1776887338.238103,10.0,-1.0,-30.0
1776887338.248103,8.0,0.0,-31.0
1776887338.258103,0.0,-3.0,-29.0
1776887338.2681026,1.0,-5.0,-31.0
1776887338.2781026,0.0,-5.0,-28.0
1776887338.2881026,0.0,-6.0,-34.0
1776887338.2981029,-4.0,-8.0,-30.0
1776887338.3081028,-1.0,-4.0,-32.0
1776887338.3181028,1.0,-3.0,-36.0
1776887338.3281028,2.0,-1.0,-38.0
1776887338.3381028,0.0,-1.0,-33.0
1776887338.3481028,1.0,-1.0,-28.0
1776887338.3581028,5.0,-1.0,-35.0
1776887338.3681028,3.0,-5.0,-37.0
1776887338.3781028,-1.0,-2.0,-40.0
1776887338.3881028,1.0,0.0,-41.0
1776887338.3981028,1.0,0.0,-37.0
1776887338.4081028,-3.0,5.0,-36.0
1776887338.4181027,-6.0,3.0,-39.0
1776887338.4281027,-6.0,5.0,-47.0
1776887338.4381027,-6.0,4.0,-42.0
1776887338.4481027,-1.0,3.0,-35.0
1776887338.4581027,-1.0,-1.0,-36.0
1776887338.4681027,-2.0,-2.0,-29.0
1776887338.4781027,0.0,0.0,-29.0
1776887338.488103,4.0,2.0,-33.0
1776887338.498103,4.0,3.0,-30.0
1776887338.508103,4.0,-1.0,-29.0
1776887338.5181026,7.0,-2.0,-39.0
1776887338.5281026,3.0,-2.0,-40.0
1776887338.5381026,2.0,-5.0,-37.0
1776887338.5481029,1.0,-5.0,-34.0
1776887338.5581028,1.0,-6.0,-32.0
1776887338.5681028,-1.0,0.0,-39.0
1776887338.5781028,1.0,1.0,-40.0
1776887338.5881028,-2.0,-1.0,-38.0
1776887338.5981028,4.0,-6.0,-41.0
1776887338.6081028,8.0,-8.0,-41.0
1776887338.6181028,6.0,-6.0,-43.0
1776887338.6281028,1.0,-3.0,-42.0
1776887338.6381028,6.0,-8.0,-49.0
1776887338.6481028,9.0,-5.0,-43.0
1776887338.6581028,5.0,-2.0,-43.0
1776887338.6681027,0.0,-5.0,-44.0
1776887338.6781027,0.0,-1.0,-44.0
1776887338.6881027,1.0,0.0,-41.0
1776887338.6981027,3.0,2.0,-36.0
1776887338.7081027,2.0,0.0,-30.0
1776887338.7181027,3.0,1.0,-30.0
1776887338.7281027,1.0,0.0,-32.0
1776887338.738103,-1.0,0.0,-29.0
1776887338.748103,0.0,2.0,-23.0
1776887338.758103,-1.0,5.0,-32.0
1776887338.7681026,0.0,6.0,-35.0
1776887338.7781026,2.0,5.0,-36.0
1776887338.7881026,0.0,2.0,-35.0
1776887338.7981029,-4.0,1.0,-31.0
1776887338.8081028,-2.0,2.0,-26.0
1776887338.8181028,-1.0,1.0,-31.0
1776887338.8281028,1.0,4.0,-31.0
1776887338.8381028,3.0,1.0,-36.0
1776887338.8481028,1.0,0.0,-30.0
1776887338.8581028,0.0,-4.0,-31.0
1776887338.8681028,5.0,-8.0,-37.0
1776887338.8781028,2.0,-11.0,-40.0
1776887338.8881028,8.0,-8.0,-42.0
1776887338.8981028,10.0,-5.0,-40.0
1776887338.9081028,5.0,-4.0,-39.0
1776887338.9181027,3.0,0.0,-33.0
1776887338.9281027,1.0,-1.0,-31.0
1776887338.9381027,3.0,-3.0,-29.0
1776887338.9481027,5.0,-6.0,-28.0
1776887338.9581027,4.0,0.0,-33.0
1776887338.9681027,1.0,2.0,-38.0
1776887338.9781027,3.0,4.0,-44.0
1776887338.988103,-1.0,5.0,-33.0
1776887338.998103,-2.0,6.0,-21.0
1776887339.008103,-2.0,2.0,-26.0
1776887339.0181026,0.0,4.0,-25.0
1776887339.0281026,2.0,-1.0,-29.0
1776887339.0381026,4.0,-7.0,-29.0
1776887339.0481029,0.0,-4.0,-29.0
1776887339.0581028,3.0,-5.0,-27.0
1776887339.0681028,4.0,-5.0,-26.0
1776887339.0781028,2.0,-4.0,-26.0
1776887339.0881028,0.0,0.0,-33.0
1776887339.0981028,-5.0,2.0,-31.0
1776887339.1081028,-7.0,-4.0,-36.0
1776887339.1181028,-1.0,-5.0,-38.0
1776887339.1281028,0.0,-5.0,-40.0
1776887339.1381028,-7.0,-6.0,-38.0
1776887339.1481028,-2.0,-6.0,-45.0
1776887339.1581028,1.0,-8.0,-50.0
1776887339.1681027,2.0,-6.0,-44.0
1776887339.1781027,0.0,-5.0,-42.0
1776887339.1881027,1.0,-4.0,-41.0
1776887339.1981027,7.0,-5.0,-36.0
1776887339.2081027,4.0,-5.0,-35.0
1776887339.2181027,0.0,-6.0,-32.0
1776887339.2281027,0.0,-4.0,-33.0
1776887339.238103,-4.0,1.0,-36.0
1776887339.248103,-7.0,7.0,-39.0
1776887339.258103,-4.0,6.0,-40.0
1776887339.2681026,-7.0,6.0,-44.0
1776887339.2781026,-3.0,2.0,-43.0
1776887339.2881026,-1.0,1.0,-43.0
1776887339.2981029,0.0,0.0,-41.0
1776887339.3081028,1.0,-1.0,-42.0
1776887339.3181028,0.0,-3.0,-40.0
1776887339.3281028,0.0,-3.0,-42.0
1776887339.3381028,-3.0,-7.0,-41.0
1776887339.3481028,-3.0,-7.0,-35.0
1776887339.3581028,-2.0,-5.0,-27.0
1776887339.3681028,-3.0,-8.0,-26.0
1776887339.3781028,-4.0,-6.0,-27.0
1776887339.3881028,-3.0,-5.0,-30.0
1776887339.3981028,-2.0,-4.0,-36.0
1776887339.4081028,-2.0,-2.0,-37.0
1776887339.4181027,2.0,-4.0,-36.0
1776887339.4281027,3.0,-4.0,-40.0
1776887339.4381027,4.0,-2.0,-50.0
1776887339.4481027,-2.0,-2.0,-54.0
1776887339.4581027,-1.0,-4.0,-50.0
1776887339.4681027,-4.0,-4.0,-42.0
1776887339.4781027,-8.0,-9.0,-38.0
1776887339.488103,-10.0,-7.0,-32.0
1776887339.498103,-11.0,-7.0,-32.0
1776887339.508103,-11.0,-9.0,-28.0
1776887339.5181026,-7.0,-10.0,-24.0
1776887339.5281026,-1.0,-9.0,-27.0
1776887339.5381026,0.0,-5.0,-25.0
1776887339.5481029,0.0,-2.0,-28.0
1776887339.5581028,0.0,-2.0,-28.0
1776887339.5681028,1.0,-1.0,-24.0
1776887339.5781028,1.0,-1.0,-30.0
1776887339.5881028,-3.0,-1.0,-35.0
1776887339.5981028,-4.0,0.0,-40.0
1776887339.6081028,0.0,0.0,-42.0
1776887339.6181028,-3.0,-2.0,-41.0
1776887339.6281028,-2.0,-1.0,-50.0
1776887339.6381028,-5.0,1.0,-43.0
1776887339.6481028,-4.0,1.0,-42.0
1776887339.6581028,0.0,-2.0,-44.0
1776887339.6681027,0.0,-3.0,-48.0
1776887339.6781027,-3.0,-5.0,-43.0
1776887339.6881027,-3.0,-2.0,-44.0
1776887339.6981027,-3.0,0.0,-46.0
1776887339.7081027,-2.0,-1.0,-44.0
1776887339.7181027,1.0,0.0,-40.0
1776887339.7281027,-1.0,0.0,-37.0
1776887339.738103,0.0,3.0,-33.0
1776887339.748103,4.0,3.0,-34.0
1776887339.758103,7.0,5.0,-38.0
1776887339.7681026,5.0,4.0,-37.0
1776887339.7781026,6.0,3.0,-33.0
1776887339.7881026,3.0,0.0,-37.0
1776887339.7981029,4.0,-2.0,-39.0
1776887339.8081028,1.0,0.0,-42.0
1776887339.8181028,4.0,-2.0,-41.0
1776887339.8281028,5.0,-3.0,-39.0
1776887339.8381028,6.0,-7.0,-32.0
1776887339.8481028,0.0,-5.0,-31.0
1776887339.8581028,-3.0,-6.0,-37.0
1776887339.8681028,-2.0,-3.0,-38.0
1776887339.8781028,0.0,-1.0,-37.0
1776887339.8881028,0.0,-1.0,-33.0
1776887339.8981028,0.0,2.0,-34.0
1776887339.9081028,2.0,0.0,-31.0
1776887339.9181027,0.0,-2.0,-35.0
1776887339.929103,0.0,0.0,-36.0
1776887339.9391026,0.0,-2.0,-39.0
1776887339.9491026,-2.0,0.0,-38.0
1776887339.9591026,-3.0,0.0,-35.0
1776887339.9691026,-2.0,-2.0,-36.0
1776887339.9791028,0.0,0.0,-38.0
1776887339.9891028,0.0,0.0,-37.0
1776887339.9991028,0.0,1.0,-34.0
1776887340.0091028,0.0,4.0,-35.0
1776887340.0191028,2.0,-2.0,-38.0
1776887340.0291028,3.0,-4.0,-30.0
1776887340.0391028,-1.0,-6.0,-30.0
1776887340.0491028,1.0,-6.0,-31.0
1776887340.0591028,-1.0,-9.0,-31.0
1776887340.0691028,0.0,-5.0,-39.0
1776887340.0791028,-3.0,-2.0,-40.0
1776887340.0891027,-2.0,3.0,-39.0
1776887340.0991027,-6.0,2.0,-41.0
1776887340.1091027,-3.0,-1.0,-42.0
1776887340.1191027,-7.0,-7.0,-39.0
1776887340.1291027,-5.0,-9.0,-48.0
1776887340.1391027,-5.0,-7.0,-45.0
1776887340.1491027,-4.0,-5.0,-46.0
1776887340.159103,-5.0,-2.0,-51.0
1776887340.169103,-4.0,1.0,-53.0
1776887340.179103,-1.0,0.0,-50.0
1776887340.1891026,-5.0,1.0,-45.0
1776887340.1991026,-6.0,-2.0,-43.0
1776887340.2091026,-4.0,-6.0,-55.0
1776887340.2191026,-5.0,-4.0,-54.0
1776887340.2291028,-4.0,-3.0,-53.0
1776887340.2391028,-5.0,-3.0,-54.0
1776887340.2491028,-4.0,-1.0,-49.0
1776887340.2591028,-4.0,0.0,-45.0
1776887340.2691028,-6.0,-2.0,-50.0
1776887340.2791028,-7.0,-2.0,-47.0
1776887340.2891028,-7.0,-4.0,-43.0
1776887340.2991028,-5.0,-4.0,-35.0
1776887340.3091028,-5.0,-5.0,-38.0
1776887340.3191028,-4.0,-8.0,-39.0
1776887340.3291028,-3.0,-8.0,-34.0
1776887340.3391027,0.0,-5.0,-35.0
1776887340.3491027,-1.0,0.0,-31.0
1776887340.3591027,-2.0,0.0,-30.0
1776887340.3691027,-5.0,-5.0,-26.0
1776887340.3791027,-1.0,-4.0,-27.0
1776887340.3891027,0.0,0.0,-32.0
1776887340.3991027,-3.0,3.0,-36.0
1776887340.409103,-1.0,-1.0,-38.0
1776887340.419103,0.0,-2.0,-42.0
1776887340.429103,-1.0,-3.0,-40.0
1776887340.4391026,1.0,-4.0,-37.0
1776887340.4491026,2.0,-1.0,-32.0
1776887340.4591026,2.0,-3.0,-36.0
1776887340.4691026,-3.0,-1.0,-35.0
1776887340.4791028,-2.0,-2.0,-39.0
1776887340.4891028,3.0,-4.0,-42.0
1776887340.4991028,0.0,-6.0,-40.0
1776887340.5091028,-2.0,-10.0,-39.0
1776887340.5191028,-3.0,-8.0,-44.0
1776887340.5291028,-1.0,-4.0,-40.0
1776887340.5391028,1.0,0.0,-38.0
1776887340.5491028,7.0,-2.0,-39.0
1776887340.5591028,9.0,-2.0,-39.0
1776887340.5691028,9.0,2.0,-40.0
1776887340.5791028,5.0,5.0,-39.0
1776887340.5891027,4.0,9.0,-34.0
1776887340.5991027,1.0,7.0,-30.0
1776887340.6091027,3.0,0.0,-37.0
1776887340.6191027,2.0,0.0,-27.0
1776887340.6291027,3.0,-1.0,-32.0
1776887340.6391027,4.0,-5.0,-34.0
1776887340.6491027,1.0,-6.0,-40.0
1776887340.659103,0.0,-8.0,-42.0
1776887340.669103,3.0,-11.0,-38.0
1776887340.679103,2.0,-7.0,-39.0
1776887340.6891026,0.0,-5.0,-36.0
1776887340.6991026,-2.0,-7.0,-35.0
1776887340.7091026,-3.0,-3.0,-36.0
1776887340.7191026,-1.0,-3.0,-34.0
1776887340.7291028,0.0,-3.0,-41.0
1776887340.7391028,0.0,-2.0,-36.0
1776887340.7491028,2.0,1.0,-31.0
1776887340.7591028,-1.0,-1.0,-31.0
1776887340.7691028,-5.0,0.0,-34.0
1776887340.7791028,-10.0,-1.0,-37.0
1776887340.7891028,-8.0,-4.0,-37.0
1776887340.7991028,-3.0,-8.0,-35.0
1776887340.8091028,-3.0,-8.0,-36.0
1776887340.8191028,0.0,-8.0,-36.0
1776887340.8291028,0.0,-5.0,-38.0
1776887340.8391027,5.0,-3.0,-35.0
1776887340.8491027,6.0,-4.0,-43.0
1776887340.8591027,2.0,-4.0,-53.0
1776887340.8691027,2.0,-4.0,-49.0
1776887340.8791027,5.0,-4.0,-42.0
1776887340.8891027,2.0,-3.0,-44.0
1776887340.8991027,3.0,-1.0,-40.0
1776887340.909103,0.0,2.0,-36.0
1776887340.919103,1.0,-2.0,-35.0
1776887340.929103,0.0,-8.0,-37.0
1776887340.9391026,0.0,-10.0,-38.0
1776887340.9491026,2.0,-8.0,-41.0
1776887340.9591026,3.0,-1.0,-39.0
1776887340.9691026,-2.0,0.0,-40.0
1776887340.9791028,0.0,-1.0,-40.0
1776887340.9891028,0.0,-2.0,-38.0
1776887340.9991028,-2.0,0.0,-37.0
1776887341.0091028,1.0,0.0,-43.0
1776887341.0191028,0.0,-1.0,-37.0
1776887341.0291028,2.0,-1.0,-42.0
1776887341.0391028,2.0,0.0,-32.0
1776887341.0491028,3.0,1.0,-21.0
1776887341.0591028,3.0,2.0,-24.0
1776887341.0691028,2.0,3.0,-29.0
1776887341.0791028,4.0,4.0,-37.0
1776887341.0891027,3.0,3.0,-38.0
1776887341.0991027,0.0,3.0,-45.0
1776887341.1091027,0.0,4.0,-36.0
1776887341.1191027,0.0,0.0,-38.0
1776887341.1291027,2.0,0.0,-39.0
1776887341.1391027,1.0,-5.0,-25.0
1776887341.1491027,0.0,-2.0,-28.0
1776887341.159103,0.0,-7.0,-32.0
1776887341.169103,2.0,-5.0,-33.0
1776887341.179103,2.0,-5.0,-31.0
1776887341.1891026,3.0,-4.0,-30.0
1776887341.1991026,4.0,-3.0,-36.0
1776887341.2091026,-1.0,-1.0,-32.0
1776887341.2191026,-1.0,-2.0,-33.0
1776887341.2291028,2.0,-5.0,-29.0
1776887341.2391028,8.0,-5.0,-28.0
1776887341.2491028,5.0,-6.0,-21.0
1776887341.2591028,3.0,-8.0,-24.0
1776887341.2691028,3.0,-4.0,-29.0
1776887341.2791028,1.0,-1.0,-39.0
1776887341.2891028,0.0,3.0,-42.0
1776887341.2991028,1.0,1.0,-43.0
1776887341.3091028,2.0,-2.0,-40.0
1776887341.3191028,-1.0,-2.0,-36.0
1776887341.3291028,-3.0,0.0,-36.0
1776887341.3391027,-4.0,1.0,-36.0
1776887341.3491027,-1.0,2.0,-36.0
1776887341.3591027,-5.0,5.0,-28.0
1776887341.3691027,-4.0,4.0,-28.0
1776887341.3791027,-3.0,2.0,-28.0
1776887341.3891027,1.0,0.0,-35.0
1776887341.3991027,4.0,0.0,-35.0
1776887341.409103,6.0,-3.0,-38.0
1776887341.419103,1.0,0.0,-40.0
1776887341.429103,-2.0,1.0,-35.0
1776887341.4391026,0.0,0.0,-38.0
1776887341.4491026,1.0,1.0,-39.0
1776887341.4591026,0.0,0.0,-36.0
1776887341.4691026,0.0,1.0,-38.0
1776887341.4791028,1.0,5.0,-40.0
1776887341.4891028,4.0,5.0,-39.0
1776887341.4991028,6.0,0.0,-42.0
1776887341.5091028,3.0,4.0,-37.0
1776887341.5191028,-1.0,1.0,-32.0
1776887341.5291028,-2.0,2.0,-35.0
1776887341.5391028,-4.0,4.0,-39.0
1776887341.5491028,-3.0,5.0,-38.0
1776887341.5591028,-3.0,6.0,-36.0
1776887341.5691028,-10.0,3.0,-30.0
1776887341.5791028,-5.0,0.0,-33.0
1776887341.5891027,-8.0,3.0,-33.0
1776887341.5991027,-8.0,9.0,-38.0
1776887341.6091027,0.0,9.0,-40.0
1776887341.6191027,0.0,7.0,-37.0
1776887341.6291027,0.0,4.0,-41.0
1776887341.6391027,0.0,7.0,-37.0
1776887341.6491027,1.0,5.0,-30.0
1776887341.659103,3.0,0.0,-22.0
1776887341.669103,5.0,0.0,-23.0
1776887341.679103,5.0,2.0,-25.0
1776887341.6891026,3.0,-1.0,-28.0
1776887341.6991026,1.0,-4.0,-33.0
1776887341.7091026,-3.0,-4.0,-30.0
1776887341.7191026,-2.0,-3.0,-31.0
1776887341.7291028,0.0,-3.0,-37.0
1776887341.7391028,5.0,-3.0,-38.0
1776887341.7491028,6.0,-7.0,-39.0
1776887341.7591028,2.0,-4.0,-37.0
1776887341.7691028,0.0,-1.0,-37.0
1776887341.7791028,-1.0,-3.0,-41.0
1776887341.7891028,0.0,-2.0,-35.0
1776887341.7991028,6.0,-4.0,-35.0
1776887341.8091028,4.0,0.0,-39.0
1776887341.8191028,3.0,-1.0,-33.0
1776887341.8291028,1.0,-1.0,-33.0
1776887341.8391027,-1.0,-1.0,-36.0
1776887341.8491027,2.0,0.0,-37.0
1776887341.8591027,4.0,-1.0,-39.0
1776887341.8691027,2.0,0.0,-42.0
1776887341.8791027,0.0,0.0,-39.0
1776887341.8891027,-4.0,-1.0,-41.0
1776887341.8991027,-5.0,-3.0,-38.0
1776887341.9101028,-3.0,-4.0,-41.0
1776887341.919103,-9.0,-6.0,-38.0
1776887341.9301028,-4.0,-3.0,-39.0
1776887341.9401028,0.0,-6.0,-36.0
1776887341.9501028,0.0,-2.0,-32.0
1776887341.9601028,1.0,3.0,-31.0
1776887341.9701028,1.0,-2.0,-31.0
1776887341.9801028,-3.0,-3.0,-24.0
1776887341.9901028,0.0,-3.0,-29.0
1776887342.0001028,-1.0,-6.0,-31.0
1776887342.0101027,-4.0,-2.0,-34.0
1776887342.0201027,-6.0,-2.0,-30.0
1776887342.0301027,-3.0,-3.0,-34.0
1776887342.0401027,-4.0,-3.0,-40.0
1776887342.0501027,-2.0,-1.0,-39.0
1776887342.0601027,-2.0,0.0,-36.0
1776887342.0701027,0.0,1.0,-39.0
1776887342.0801027,0.0,0.0,-35.0
1776887342.090103,4.0,-2.0,-37.0
1776887342.100103,3.0,0.0,-41.0
1776887342.110103,8.0,0.0,-35.0
1776887342.1201026,6.0,-3.0,-33.0
1776887342.1301026,6.0,-2.0,-31.0
1776887342.1401026,0.0,-2.0,-34.0
1776887342.1501029,-1.0,-2.0,-37.0
1776887342.1601028,-4.0,-4.0,-36.0
1776887342.1701028,-5.0,-5.0,-32.0
1776887342.1801028,-4.0,-7.0,-40.0
1776887342.1901028,-4.0,-5.0,-39.0
1776887342.2001028,-2.0,-3.0,-38.0
1776887342.2101028,-4.0,0.0,-38.0
1776887342.2201028,-7.0,1.0,-39.0
1776887342.2301028,-2.0,-1.0,-45.0
1776887342.2401028,-2.0,-1.0,-39.0
1776887342.2501028,-6.0,0.0,-41.0
1776887342.2601027,-9.0,1.0,-41.0
1776887342.2701027,-10.0,1.0,-34.0
1776887342.2801027,-5.0,2.0,-39.0
1776887342.2901027,-4.0,3.0,-38.0
1776887342.3001027,-3.0,4.0,-42.0
1776887342.3101027,-4.0,1.0,-43.0
1776887342.3201027,-2.0,1.0,-41.0
1776887342.3301027,-4.0,4.0,-44.0
1776887342.340103,-4.0,5.0,-43.0
1776887342.350103,-9.0,5.0,-43.0
1776887342.360103,-6.0,6.0,-41.0
1776887342.3701026,-3.0,2.0,-41.0
1776887342.3801026,-1.0,1.0,-47.0
1776887342.3901026,3.0,2.0,-50.0
1776887342.4001029,1.0,9.0,-49.0
1776887342.4101028,1.0,5.0,-38.0
1776887342.4201028,0.0,5.0,-33.0
1776887342.4301028,0.0,2.0,-29.0
1776887342.4401028,1.0,0.0,-36.0
1776887342.4501028,0.0,-2.0,-41.0
1776887342.4601028,-1.0,4.0,-48.0
1776887342.4701028,2.0,4.0,-45.0
1776887342.4801028,4.0,2.0,-44.0
1776887342.4901028,3.0,-2.0,-47.0
1776887342.5001028,3.0,0.0,-40.0
1776887342.5101027,3.0,-1.0,-36.0
1776887342.5201027,0.0,-6.0,-37.0
1776887342.5301027,0.0,-7.0,-30.0
1776887342.5401027,3.0,-5.0,-44.0
1776887342.5501027,-1.0,-1.0,-43.0
1776887342.5601027,0.0,-3.0,-44.0
1776887342.5701027,0.0,-2.0,-42.0
1776887342.5801027,0.0,0.0,-42.0
1776887342.590103,2.0,0.0,-41.0
1776887342.600103,-4.0,0.0,-38.0
1776887342.610103,-4.0,3.0,-34.0
1776887342.6201026,1.0,6.0,-35.0
1776887342.6301026,0.0,3.0,-33.0
1776887342.6401026,-2.0,0.0,-31.0
1776887342.6501029,-6.0,-5.0,-28.0
1776887342.6601028,-6.0,-6.0,-24.0
1776887342.6701028,-8.0,-8.0,-25.0
1776887342.6801028,-6.0,-8.0,-30.0
1776887342.6901028,-7.0,-10.0,-37.0
1776887342.7001028,-5.0,-9.0,-40.0
1776887342.7101028,0.0,-7.0,-42.0
1776887342.7201028,4.0,-1.0,-45.0
1776887342.7301028,6.0,-2.0,-50.0
1776887342.7401028,8.0,1.0,-45.0
1776887342.7501028,3.0,0.0,-34.0
1776887342.7601027,5.0,2.0,-38.0
1776887342.7701027,5.0,1.0,-42.0
1776887342.7801027,5.0,2.0,-43.0
1776887342.7901027,5.0,0.0,-40.0
1776887342.8001027,4.0,-2.0,-31.0
1776887342.8101027,4.0,-6.0,-30.0
1776887342.8201027,1.0,-6.0,-28.0
1776887342.8301027,2.0,-9.0,-31.0
1776887342.840103,-2.0,-4.0,-32.0
1776887342.850103,-5.0,-4.0,-35.0
1776887342.860103,-10.0,-2.0,-29.0
1776887342.8701026,-8.0,-5.0,-30.0
1776887342.8801026,-6.0,-4.0,-31.0
1776887342.8901026,-4.0,-1.0,-32.0
1776887342.9001029,0.0,0.0,-37.0
1776887342.9101028,1.0,-2.0,-37.0
1776887342.9201028,2.0,0.0,-35.0
1776887342.9301028,8.0,0.0,-46.0
1776887342.9401028,8.0,0.0,-37.0
1776887342.9501028,4.0,1.0,-35.0
1776887342.9601028,0.0,-3.0,-37.0
1776887342.9701028,-5.0,-4.0,-42.0
1776887342.9801028,-3.0,-2.0,-44.0
1776887342.9901028,-5.0,0.0,-48.0
1776887343.0001028,-4.0,2.0,-45.0
1776887343.0101027,-1.0,5.0,-46.0
1776887343.0201027,4.0,5.0,-47.0
1776887343.0301027,5.0,-2.0,-48.0
1776887343.0401027,7.0,-3.0,-45.0
1776887343.0501027,4.0,-2.0,-42.0
1776887343.0601027,0.0,-1.0,-40.0
1776887343.0701027,-2.0,-4.0,-28.0
1776887343.0801027,-4.0,-9.0,-25.0
1776887343.090103,-5.0,-6.0,-27.0
1776887343.100103,-2.0,-9.0,-30.0
1776887343.110103,2.0,-3.0,-27.0
1776887343.1201026,4.0,0.0,-31.0
1776887343.1301026,2.0,1.0,-29.0
1776887343.1401026,0.0,2.0,-26.0
1776887343.1501029,0.0,-1.0,-26.0
1776887343.1611028,0.0,-3.0,-33.0
1776887343.1701028,0.0,-4.0,-34.0
1776887343.1801028,0.0,-1.0,-33.0
1776887343.1901028,-2.0,-1.0,-38.0
1776887343.2001028,-6.0,-3.0,-37.0
1776887343.2101028,-6.0,-6.0,-35.0
1776887343.2201028,-4.0,-7.0,-34.0
1776887343.2301028,-2.0,-8.0,-35.0
1776887343.2401028,-1.0,-13.0,-33.0
1776887343.2501028,-1.0,-7.0,-31.0
1776887343.2601027,-2.0,-7.0,-25.0
1776887343.2701027,0.0,-4.0,-27.0
1776887343.2801027,3.0,-4.0,-30.0
1776887343.2901027,5.0,-4.0,-31.0
1776887343.3001027,4.0,-2.0,-36.0
1776887343.3101027,2.0,-3.0,-36.0
1776887343.3201027,0.0,-2.0,-32.0
1776887343.3301027,-1.0,0.0,-39.0
1776887343.340103,-1.0,-1.0,-41.0
1776887343.350103,-1.0,0.0,-44.0
1776887343.360103,-3.0,3.0,-43.0
1776887343.3701026,0.0,4.0,-41.0
1776887343.3801026,-2.0,2.0,-45.0
1776887343.3901026,1.0,3.0,-35.0
1776887343.4001029,1.0,-1.0,-39.0
1776887343.4101028,0.0,-1.0,-37.0
1776887343.4201028,0.0,-3.0,-37.0
1776887343.4301028,3.0,-2.0,-40.0
1776887343.4401028,3.0,-1.0,-40.0
1776887343.4501028,5.0,-4.0,-44.0
1776887343.4601028,8.0,-6.0,-40.0
1776887343.4701028,5.0,-7.0,-47.0
1776887343.4801028,0.0,-7.0,-41.0
1776887343.4901028,1.0,-7.0,-34.0
1776887343.5001028,0.0,-5.0,-37.0
1776887343.5101027,0.0,-6.0,-36.0
1776887343.5201027,-2.0,-5.0,-34.0
1776887343.5301027,-5.0,-11.0,-37.0
1776887343.5401027,-5.0,-10.0,-39.0
1776887343.5501027,-1.0,-7.0,-40.0
1776887343.5601027,-7.0,-3.0,-43.0
1776887343.5701027,-7.0,-7.0,-39.0
1776887343.5801027,-9.0,-5.0,-36.0
1776887343.590103,-6.0,-4.0,-40.0
1776887343.600103,-4.0,-2.0,-40.0
1776887343.610103,-2.0,-6.0,-27.0
1776887343.6201026,-3.0,-2.0,-28.0
1776887343.6301026,1.0,-3.0,-30.0
1776887343.6401026,-1.0,-5.0,-34.0
1776887343.6501029,0.0,-2.0,-35.0
1776887343.6601028,4.0,-4.0,-41.0
1776887343.6701028,3.0,-1.0,-43.0
1776887343.6801028,4.0,-1.0,-40.0
1776887343.6901028,6.0,-3.0,-42.0
1776887343.7001028,5.0,-3.0,-46.0
1776887343.7101028,4.0,0.0,-48.0
1776887343.7201028,3.0,-1.0,-50.0
1776887343.7301028,3.0,0.0,-53.0
1776887343.7401028,0.0,-1.0,-53.0
1776887343.7501028,-3.0,2.0,-57.0
1776887343.7601027,-1.0,1.0,-49.0
1776887343.7701027,0.0,5.0,-37.0
1776887343.7801027,0.0,3.0,-35.0
1776887343.7901027,2.0,0.0,-38.0
1776887343.8001027,2.0,-2.0,-41.0
1776887343.8101027,6.0,-1.0,-42.0
1776887343.8201027,5.0,0.0,-48.0
1776887343.8301027,0.0,0.0,-40.0
1776887343.840103,-1.0,0.0,-38.0
1776887343.850103,-1.0,0.0,-36.0
1776887343.860103,-5.0,-2.0,-30.0
1776887343.8701026,-7.0,-4.0,-30.0
1776887343.8801026,-8.0,-4.0,-30.0
1776887343.8901026,-6.0,-4.0,-28.0
1776887343.9011028,-3.0,-3.0,-29.0
1776887343.9101028,0.0,-3.0,-36.0
1776887343.9201028,-2.0,-6.0,-37.0
1776887343.9311028,-1.0,-5.0,-37.0
1776887343.9411027,0.0,-8.0,-35.0
1776887343.9511027,-3.0,-7.0,-37.0
1776887343.9601028,-5.0,-7.0,-44.0
1776887343.9711027,-3.0,-4.0,-46.0
1776887343.9811027,-4.0,0.0,-49.0
1776887343.9911027,-4.0,-2.0,-44.0
1776887344.0011027,-5.0,-2.0,-40.0
1776887344.011103,-7.0,-3.0,-41.0
1776887344.021103,-3.0,-4.0,-42.0
1776887344.031103,-1.0,-4.0,-36.0
1776887344.0411026,-1.0,-9.0,-34.0
1776887344.0511026,0.0,-6.0,-32.0
1776887344.0611026,2.0,-6.0,-34.0
1776887344.0711029,3.0,-8.0,-32.0
1776887344.0811028,2.0,-8.0,-36.0
1776887344.0911028,-1.0,-7.0,-37.0
1776887344.1011028,5.0,-3.0,-39.0
1776887344.1111028,4.0,-5.0,-47.0
1776887344.1211028,5.0,-5.0,-50.0
1776887344.1311028,4.0,-2.0,-48.0
1776887344.1411028,5.0,-2.0,-42.0
1776887344.1511028,5.0,-1.0,-36.0
1776887344.1611028,7.0,-3.0,-35.0
1776887344.1711028,5.0,0.0,-35.0
1776887344.1811028,3.0,2.0,-30.0
1776887344.1911027,0.0,6.0,-30.0
1776887344.2011027,-2.0,9.0,-28.0
1776887344.2111027,-4.0,7.0,-21.0
1776887344.2211027,-4.0,0.0,-29.0
1776887344.2311027,0.0,-1.0,-33.0
1776887344.2411027,0.0,0.0,-32.0
1776887344.2511027,0.0,5.0,-41.0
1776887344.261103,4.0,2.0,-37.0
1776887344.271103,2.0,-1.0,-41.0
1776887344.281103,2.0,-3.0,-38.0
1776887344.2911026,8.0,-1.0,-38.0
1776887344.3011026,8.0,-1.0,-43.0
1776887344.3111026,3.0,0.0,-45.0
1776887344.3211029,3.0,-1.0,-40.0
1776887344.3311028,2.0,-3.0,-37.0
1776887344.3411028,3.0,-5.0,-41.0
1776887344.3511028,2.0,-7.0,-44.0
1776887344.3611028,-1.0,-6.0,-45.0
1776887344.3711028,-10.0,-4.0,-34.0
1776887344.3811028,-11.0,-4.0,-36.0
1776887344.3911028,-4.0,-7.0,-35.0
1776887344.4011028,0.0,-7.0,-29.0
1776887344.4111028,0.0,-9.0,-28.0
1776887344.4211028,1.0,-4.0,-30.0
1776887344.4311028,0.0,0.0,-30.0
1776887344.4411027,5.0,1.0,-31.0
1776887344.4511027,3.0,2.0,-36.0
1776887344.4611027,1.0,3.0,-35.0
1776887344.4711027,-1.0,4.0,-38.0
1776887344.4811027,-3.0,2.0,-36.0
1776887344.4911027,-4.0,-2.0,-39.0
1776887344.5011027,-5.0,-5.0,-29.0
1776887344.511103,-2.0,0.0,-27.0
1776887344.521103,-4.0,-2.0,-23.0
1776887344.531103,-3.0,0.0,-25.0
1776887344.5411026,-4.0,-1.0,-25.0
1776887344.5511026,-4.0,-3.0,-32.0
1776887344.5611026,0.0,-5.0,-35.0
1776887344.5711029,0.0,-2.0,-35.0
1776887344.5811028,0.0,0.0,-35.0
1776887344.5911028,-1.0,2.0,-36.0
1776887344.6011028,-3.0,4.0,-34.0
1776887344.6111028,3.0,5.0,-30.0
1776887344.6211028,3.0,1.0,-36.0
1776887344.6311028,0.0,0.0,-30.0
1776887344.6411028,1.0,-2.0,-29.0
1776887344.6511028,0.0,0.0,-36.0
1776887344.6611028,-3.0,-1.0,-39.0
1776887344.6711028,-3.0,0.0,-42.0
1776887344.6811028,-4.0,4.0,-33.0
1776887344.6911027,-4.0,5.0,-31.0
1776887344.7011027,-6.0,7.0,-34.0
1776887344.7111027,-5.0,9.0,-36.0
1776887344.7211027,-4.0,7.0,-41.0
1776887344.7311027,-5.0,3.0,-42.0
1776887344.7411027,-3.0,1.0,-44.0
1776887344.7511027,-2.0,0.0,-45.0
1776887344.761103,-1.0,-1.0,-44.0
1776887344.771103,3.0,0.0,-37.0
1776887344.781103,3.0,-2.0,-38.0
1776887344.7911026,2.0,0.0,-39.0
1776887344.8011026,2.0,1.0,-37.0
1776887344.8111026,2.0,0.0,-39.0
1776887344.8211029,0.0,2.0,-42.0
1776887344.8311028,0.0,2.0,-42.0
1776887344.8411028,-2.0,4.0,-41.0
1776887344.8511028,-2.0,6.0,-37.0
1776887344.8611028,-1.0,3.0,-36.0
1776887344.8711028,0.0,4.0,-30.0
1776887344.8811028,0.0,3.0,-27.0
1776887344.8911028,-3.0,0.0,-32.0
1776887344.9011028,-5.0,1.0,-41.0
1776887344.9111028,1.0,-1.0,-32.0
1776887344.9211028,2.0,-5.0,-32.0
1776887344.9311028,4.0,-5.0,-26.0
1776887344.9411027,5.0,-4.0,-27.0
1776887344.9511027,6.0,-3.0,-30.0
1776887344.9611027,4.0,-1.0,-28.0
1776887344.9711027,6.0,-4.0,-34.0
1776887344.9811027,5.0,-3.0,-29.0
1776887344.9911027,0.0,-4.0,-33.0
1776887345.0011027,-1.0,-5.0,-35.0
1776887345.011103,-1.0,-8.0,-34.0
1776887345.021103,-3.0,-4.0,-32.0
1776887345.031103,-4.0,-3.0,-34.0
1776887345.0411026,-4.0,-3.0,-29.0
1776887345.0511026,0.0,-4.0,-26.0
1776887345.0611026,0.0,-1.0,-24.0
1776887345.0711029,5.0,-2.0,-30.0
1776887345.0811028,3.0,1.0,-30.0
1776887345.0911028,1.0,-1.0,-26.0
1776887345.1011028,2.0,-7.0,-26.0
1776887345.1111028,3.0,-4.0,-29.0
1776887345.1211028,3.0,-2.0,-30.0
1776887345.1311028,-3.0,-4.0,-33.0
1776887345.1411028,-3.0,-2.0,-29.0
1776887345.1511028,-5.0,-2.0,-30.0
1776887345.1611028,-5.0,-7.0,-31.0
1776887345.1711028,-7.0,-9.0,-30.0
1776887345.1811028,-4.0,-12.0,-32.0
1776887345.1911027,-1.0,-9.0,-33.0
1776887345.2011027,1.0,-7.0,-34.0
1776887345.2111027,0.0,-6.0,-29.0
1776887345.2211027,1.0,-3.0,-31.0
1776887345.2311027,-3.0,-4.0,-38.0
1776887345.2411027,-4.0,0.0,-38.0
1776887345.2511027,-3.0,0.0,-40.0
1776887345.261103,-7.0,-3.0,-43.0
1776887345.271103,-5.0,0.0,-42.0
1776887345.281103,-2.0,0.0,-37.0
1776887345.2911026,-6.0,-1.0,-30.0
1776887345.3011026,-8.0,-3.0,-34.0
1776887345.3111026,-5.0,-5.0,-37.0
1776887345.3211029,0.0,-5.0,-39.0
1776887345.3311028,-3.0,-6.0,-43.0
1776887345.3411028,-8.0,-8.0,-45.0
1776887345.3511028,-6.0,-3.0,-49.0
1776887345.3611028,-6.0,-4.0,-46.0
1776887345.3711028,-3.0,-4.0,-52.0
1776887345.3811028,1.0,-2.0,-50.0
1776887345.3911028,0.0,-4.0,-46.0
1776887345.4011028,-3.0,-3.0,-41.0
1776887345.4111028,-4.0,-7.0,-39.0
1776887345.4211028,-2.0,-6.0,-35.0
1776887345.4311028,-1.0,-1.0,-32.0
1776887345.4411027,-5.0,0.0,-30.0
1776887345.4511027,-6.0,-3.0,-28.0
1776887345.4611027,-10.0,-4.0,-38.0
1776887345.4711027,-9.0,-4.0,-31.0
1776887345.4811027,-9.0,-7.0,-30.0
1776887345.4911027,-8.0,-6.0,-29.0
1776887345.5011027,-7.0,-2.0,-30.0
1776887345.511103,-5.0,-4.0,-31.0
1776887345.521103,0.0,-1.0,-31.0
1776887345.531103,3.0,-2.0,-30.0
1776887345.5411026,0.0,-5.0,-36.0
1776887345.5511026,-1.0,-9.0,-37.0
1776887345.5611026,-3.0,-8.0,-36.0
1776887345.5711029,-4.0,-6.0,-25.0
1776887345.5811028,0.0,-5.0,-28.0
1776887345.5911028,2.0,0.0,-38.0
1776887345.6011028,2.0,-4.0,-38.0
1776887345.6111028,-1.0,-5.0,-38.0
1776887345.6211028,-4.0,-6.0,-42.0
1776887345.6311028,-9.0,-5.0,-35.0
1776887345.6411028,-5.0,-2.0,-32.0
1776887345.6511028,-5.0,-2.0,-27.0
1776887345.6611028,4.0,0.0,-30.0
1776887345.6711028,3.0,-1.0,-27.0
1776887345.6811028,0.0,1.0,-24.0
1776887345.6911027,3.0,0.0,-27.0
1776887345.7011027,5.0,2.0,-29.0
1776887345.7111027,0.0,0.0,-28.0
1776887345.7211027,0.0,0.0,-25.0
1776887345.7311027,0.0,0.0,-24.0
1776887345.7411027,-3.0,0.0,-26.0
1776887345.7511027,-1.0,0.0,-32.0
1776887345.761103,-3.0,-3.0,-31.0
1776887345.771103,0.0,-3.0,-35.0
1776887345.781103,-6.0,-3.0,-40.0
1776887345.7911026,-2.0,-2.0,-41.0
1776887345.8011026,-1.0,-3.0,-42.0
1776887345.8111026,-1.0,0.0,-40.0
1776887345.8211029,1.0,0.0,-41.0
1776887345.8311028,-1.0,-3.0,-39.0
1776887345.8421028,-2.0,-5.0,-41.0
1776887345.8511028,-4.0,-6.0,-40.0
1776887345.8621027,-3.0,-6.0,-37.0
1776887345.8711028,0.0,-6.0,-37.0
1776887345.8811028,6.0,-5.0,-38.0
1776887345.8911028,9.0,-1.0,-41.0
1776887345.9021027,8.0,-6.0,-44.0
1776887345.9121027,10.0,-8.0,-42.0
1776887345.9221027,9.0,-5.0,-37.0
1776887345.932103,6.0,-3.0,-34.0
1776887345.942103,6.0,-6.0,-33.0
1776887345.952103,3.0,-4.0,-34.0
1776887345.962103,3.0,-2.0,-36.0
1776887345.9721026,6.0,-2.0,-36.0
1776887345.9821026,5.0,-2.0,-38.0
1776887345.9921026,2.0,-1.0,-39.0
1776887346.0021029,3.0,-1.0,-33.0
1776887346.0121028,1.0,1.0,-28.0
1776887346.0221028,0.0,3.0,-28.0
1776887346.0321028,2.0,5.0,-35.0
1776887346.0421028,0.0,3.0,-39.0
1776887346.0521028,1.0,0.0,-42.0
1776887346.0621028,-1.0,-2.0,-44.0
1776887346.0721028,0.0,-6.0,-47.0
1776887346.0821028,0.0,-6.0,-41.0
1776887346.0921028,2.0,-8.0,-37.0
1776887346.1021028,3.0,-7.0,-40.0
1776887346.1121027,2.0,-6.0,-48.0
1776887346.1221027,0.0,-5.0,-47.0
1776887346.1321027,7.0,-2.0,-49.0
1776887346.1421027,6.0,0.0,-46.0
1776887346.1521027,5.0,2.0,-42.0
1776887346.1621027,1.0,1.0,-46.0
1776887346.1721027,2.0,2.0,-46.0
1776887346.182103,0.0,1.0,-41.0
1776887346.192103,-3.0,0.0,-44.0
1776887346.202103,-2.0,0.0,-39.0
1776887346.212103,-4.0,-1.0,-34.0
1776887346.2221026,-6.0,0.0,-44.0
1776887346.2321026,-4.0,0.0,-41.0
1776887346.2421026,-2.0,0.0,-43.0
1776887346.2521029,-1.0,1.0,-43.0
1776887346.2621028,0.0,1.0,-41.0
1776887346.2721028,0.0,-2.0,-36.0
1776887346.2821028,-2.0,-2.0,-32.0
1776887346.2921028,0.0,-2.0,-32.0
1776887346.3021028,-2.0,-3.0,-29.0
1776887346.3121028,-2.0,-3.0,-25.0
1776887346.3221028,-1.0,-2.0,-28.0
1776887346.3321028,-2.0,-1.0,-33.0
1776887346.3421028,0.0,0.0,-34.0
1776887346.3521028,-1.0,-3.0,-33.0
1776887346.3621027,0.0,-4.0,-36.0
1776887346.3721027,-2.0,-1.0,-34.0
1776887346.3821027,-2.0,-3.0,-36.0
1776887346.3921027,-3.0,-8.0,-41.0
1776887346.4021027,-4.0,-8.0,-38.0
1776887346.4121027,-3.0,-8.0,-34.0
1776887346.4221027,-1.0,-9.0,-29.0
1776887346.432103,0.0,-10.0,-35.0
1776887346.442103,0.0,-13.0,-36.0
1776887346.452103,0.0,-9.0,-37.0
1776887346.462103,1.0,-7.0,-40.0
1776887346.4721026,-1.0,-3.0,-36.0
1776887346.4821026,-6.0,-2.0,-30.0
1776887346.4921026,-6.0,0.0,-34.0
1776887346.5021029,-6.0,3.0,-34.0
1776887346.5121028,-6.0,1.0,-33.0
1776887346.5221028,0.0,1.0,-35.0
1776887346.5321028,4.0,-2.0,-36.0
1776887346.5421028,3.0,-6.0,-35.0
1776887346.5521028,4.0,-1.0,-37.0
1776887346.5621028,0.0,0.0,-39.0
1776887346.5721028,5.0,-5.0,-39.0
1776887346.5821028,2.0,-7.0,-34.0
1776887346.5921028,4.0,-5.0,-32.0
1776887346.6021028,-1.0,-8.0,-32.0
1776887346.6121027,-1.0,-10.0,-26.0
1776887346.6221027,0.0,-9.0,-28.0
1776887346.6321027,2.0,-7.0,-28.0
1776887346.6421027,4.0,-5.0,-31.0
1776887346.6521027,0.0,0.0,-38.0
1776887346.6621027,-3.0,-3.0,-34.0
1776887346.6721027,-6.0,0.0,-36.0
1776887346.682103,-3.0,0.0,-43.0
1776887346.692103,2.0,0.0,-35.0
1776887346.702103,4.0,0.0,-29.0
1776887346.712103,2.0,0.0,-31.0
1776887346.7221026,1.0,-1.0,-30.0
1776887346.7321026,4.0,0.0,-38.0
1776887346.7421026,7.0,-3.0,-39.0
1776887346.7521029,5.0,0.0,-37.0
1776887346.7621028,2.0,-1.0,-34.0
1776887346.7721028,2.0,-4.0,-36.0
1776887346.7821028,4.0,-4.0,-40.0
1776887346.7921028,5.0,-4.0,-36.0
1776887346.8021028,8.0,-5.0,-40.0
1776887346.8121028,2.0,-5.0,-38.0
1776887346.8221028,-2.0,-4.0,-41.0
1776887346.8321028,-3.0,-2.0,-38.0
1776887346.8421028,0.0,0.0,-32.0
1776887346.8521028,-1.0,1.0,-33.0
1776887346.8621027,0.0,0.0,-37.0
1776887346.8721027,4.0,0.0,-39.0
1776887346.8821027,5.0,-4.0,-35.0
1776887346.8921027,0.0,-1.0,-39.0
1776887346.9021027,-1.0,0.0,-38.0
1776887346.9121027,1.0,0.0,-39.0
1776887346.9221027,1.0,-3.0,-41.0
1776887346.932103,0.0,-5.0,-44.0
1776887346.942103,-2.0,-5.0,-43.0
1776887346.952103,-4.0,-6.0,-43.0
1776887346.962103,-1.0,-6.0,-45.0
1776887346.9721026,0.0,-6.0,-51.0
1776887346.9821026,0.0,-9.0,-44.0
1776887346.9921026,-3.0,-5.0,-40.0
1776887347.0021029,-7.0,-5.0,-39.0
1776887347.0121028,-5.0,-2.0,-30.0
1776887347.0221028,0.0,0.0,-33.0
1776887347.0321028,2.0,2.0,-40.0
1776887347.0421028,0.0,-2.0,-43.0
1776887347.0521028,2.0,0.0,-41.0
1776887347.0621028,4.0,0.0,-39.0
1776887347.0721028,0.0,5.0,-43.0
1776887347.0821028,4.0,0.0,-42.0
1776887347.0921028,4.0,0.0,-39.0
1776887347.1021028,1.0,0.0,-34.0
1776887347.1121027,-1.0,-2.0,-35.0
1776887347.1221027,-1.0,-2.0,-41.0
1776887347.1321027,0.0,-6.0,-35.0
1776887347.1421027,-3.0,-6.0,-41.0
1776887347.1521027,-2.0,-3.0,-41.0
1776887347.1621027,0.0,-3.0,-40.0
1776887347.1721027,0.0,0.0,-43.0
1776887347.182103,0.0,0.0,-38.0
1776887347.192103,-2.0,-2.0,-35.0
1776887347.202103,-4.0,-1.0,-38.0
1776887347.212103,-2.0,2.0,-35.0
1776887347.2221026,1.0,0.0,-44.0
1776887347.2321026,1.0,0.0,-44.0
1776887347.2421026,1.0,0.0,-39.0
1776887347.2521029,-1.0,-2.0,-45.0
1776887347.2621028,-2.0,-2.0,-47.0
1776887347.2721028,-2.0,-1.0,-47.0
1776887347.2821028,-1.0,2.0,-40.0
1776887347.2921028,-1.0,2.0,-35.0
1776887347.3021028,3.0,-1.0,-36.0
1776887347.3121028,2.0,-2.0,-32.0
1776887347.3221028,3.0,-4.0,-28.0
1776887347.3321028,7.0,0.0,-36.0
1776887347.3421028,7.0,-3.0,-36.0
1776887347.3521028,4.0,-3.0,-40.0
1776887347.3621027,4.0,-2.0,-35.0
1776887347.3721027,4.0,-3.0,-32.0
1776887347.3821027,4.0,-7.0,-27.0
1776887347.3921027,4.0,-5.0,-27.0
1776887347.4021027,9.0,-3.0,-29.0
1776887347.4121027,11.0,-4.0,-33.0
1776887347.4221027,10.0,0.0,-38.0
1776887347.432103,9.0,-1.0,-42.0
1776887347.442103,7.0,0.0,-34.0
1776887347.452103,7.0,0.0,-26.0
1776887347.462103,5.0,-2.0,-27.0
1776887347.4721026,4.0,-2.0,-34.0
1776887347.4821026,5.0,-4.0,-33.0
1776887347.4921026,5.0,-4.0,-33.0
1776887347.5021029,5.0,0.0,-35.0
1776887347.5121028,2.0,-2.0,-31.0
1776887347.5221028,1.0,-2.0,-37.0
1776887347.5321028,5.0,0.0,-37.0
1776887347.5421028,11.0,1.0,-42.0
1776887347.5521028,9.0,4.0,-39.0
1776887347.5621028,10.0,5.0,-33.0
1776887347.5721028,8.0,3.0,-33.0
1776887347.5821028,8.0,0.0,-33.0
1776887347.5921028,5.0,-1.0,-32.0
1776887347.6021028,6.0,-4.0,-29.0
1776887347.6121027,2.0,-4.0,-29.0
1776887347.6221027,7.0,-5.0,-29.0
1776887347.6321027,9.0,0.0,-27.0
1776887347.6421027,12.0,-1.0,-33.0
1776887347.6521027,10.0,-3.0,-42.0
1776887347.6621027,10.0,0.0,-43.0
1776887347.6721027,7.0,1.0,-46.0
1776887347.682103,7.0,2.0,-48.0
1776887347.692103,5.0,0.0,-46.0
1776887347.702103,5.0,0.0,-41.0
1776887347.712103,4.0,-1.0,-40.0
1776887347.7221026,1.0,0.0,-41.0
1776887347.7321026,-1.0,3.0,-41.0
1776887347.7421026,6.0,2.0,-40.0
1776887347.7521029,6.0,0.0,-38.0
1776887347.7621028,7.0,-3.0,-37.0
1776887347.7721028,7.0,0.0,-41.0
1776887347.7821028,11.0,0.0,-43.0
1776887347.7921028,10.0,-1.0,-38.0
1776887347.8021028,8.0,2.0,-37.0
1776887347.8121028,7.0,2.0,-37.0
1776887347.8221028,5.0,3.0,-30.0
1776887347.8321028,1.0,1.0,-27.0
1776887347.8431027,1.0,-2.0,-33.0
1776887347.8521028,2.0,-4.0,-42.0
1776887347.8621027,4.0,-5.0,-40.0
1776887347.8721027,2.0,-3.0,-40.0
1776887347.883103,2.0,-5.0,-41.0
1776887347.8921027,2.0,-2.0,-42.0
1776887347.9031026,5.0,0.0,-41.0
1776887347.9121027,4.0,-1.0,-35.0
1776887347.9231029,6.0,-5.0,-33.0
1776887347.932103,3.0,-8.0,-33.0
1776887347.9431028,6.0,-7.0,-30.0
1776887347.9531028,2.0,-6.0,-36.0
1776887347.9631028,4.0,-6.0,-38.0
1776887347.9741027,6.0,-7.0,-39.0
1776887347.9831028,6.0,-12.0,-28.0
1776887347.9931028,6.0,-10.0,-31.0
1776887348.0031028,7.0,-11.0,-31.0
1776887348.0131028,7.0,-9.0,-28.0
1776887348.0231028,3.0,-5.0,-32.0
1776887348.0331028,4.0,-4.0,-27.0
1776887348.0431027,6.0,-3.0,-27.0
1776887348.0531027,9.0,-4.0,-37.0
1776887348.0631027,7.0,-4.0,-36.0
1776887348.0731027,5.0,-2.0,-27.0
1776887348.0831027,5.0,-4.0,-31.0
1776887348.0931027,6.0,-6.0,-31.0
1776887348.1031027,0.0,-5.0,-37.0
1776887348.113103,0.0,-6.0,-40.0
1776887348.123103,0.0,-7.0,-39.0
1776887348.133103,0.0,-6.0,-45.0
1776887348.1431026,1.0,0.0,-46.0
1776887348.1531026,-2.0,-4.0,-45.0
1776887348.1631026,-2.0,-7.0,-49.0
1776887348.1731029,0.0,-7.0,-41.0
1776887348.1831028,0.0,-7.0,-38.0
1776887348.1931028,-1.0,-5.0,-40.0
1776887348.2031028,-2.0,0.0,-37.0
1776887348.2131028,0.0,0.0,-36.0
1776887348.2231028,-4.0,-1.0,-49.0
1776887348.2331028,-2.0,0.0,-50.0
1776887348.2431028,-5.0,0.0,-53.0
1776887348.2531028,-2.0,1.0,-51.0
1776887348.2631028,-3.0,6.0,-48.0
1776887348.2731028,-4.0,6.0,-33.0
1776887348.2831028,-3.0,4.0,-25.0
1776887348.2931027,-4.0,3.0,-29.0
1776887348.3031027,-3.0,-2.0,-40.0
1776887348.3131027,-3.0,-6.0,-50.0
1776887348.3231027,-1.0,-3.0,-50.0
1776887348.3331027,-2.0,-6.0,-40.0
1776887348.3431027,-4.0,-3.0,-31.0
1776887348.3531027,-8.0,-1.0,-31.0
1776887348.363103,-7.0,-1.0,-28.0
1776887348.373103,-9.0,-1.0,-25.0
1776887348.383103,-5.0,-3.0,-28.0
1776887348.3931026,-7.0,-3.0,-34.0
1776887348.4031026,-5.0,-3.0,-36.0
1776887348.4131026,-6.0,1.0,-33.0
1776887348.4231029,-5.0,1.0,-35.0
1776887348.4331028,-2.0,0.0,-43.0
1776887348.4431028,-4.0,-4.0,-45.0
1776887348.4531028,2.0,-2.0,-44.0
1776887348.4631028,3.0,0.0,-39.0
1776887348.4731028,3.0,5.0,-37.0
1776887348.4831028,2.0,4.0,-38.0
1776887348.4931028,0.0,2.0,-38.0
1776887348.5031028,-3.0,-1.0,-37.0
1776887348.5131028,2.0,2.0,-40.0
1776887348.5231028,1.0,-1.0,-44.0
1776887348.5331028,3.0,-5.0,-46.0
1776887348.5431027,1.0,-4.0,-43.0
1776887348.5531027,-4.0,-4.0,-35.0
1776887348.5631027,-6.0,-4.0,-33.0
1776887348.5731027,-6.0,-4.0,-29.0
1776887348.5831027,-6.0,-4.0,-28.0
1776887348.5931027,-6.0,0.0,-38.0
1776887348.6031027,-5.0,0.0,-36.0
1776887348.613103,0.0,0.0,-28.0
1776887348.623103,3.0,0.0,-33.0
1776887348.633103,5.0,-2.0,-36.0
1776887348.6431026,7.0,0.0,-37.0
1776887348.6531026,8.0,0.0,-35.0
1776887348.6631026,5.0,0.0,-32.0
1776887348.6731029,7.0,-1.0,-23.0
1776887348.6831028,7.0,-3.0,-27.0
1776887348.6931028,4.0,-2.0,-28.0
1776887348.7031028,2.0,1.0,-27.0
1776887348.7131028,4.0,5.0,-33.0
1776887348.7231028,3.0,6.0,-32.0
1776887348.7331028,1.0,4.0,-32.0
1776887348.7431028,4.0,0.0,-29.0
1776887348.7531028,3.0,1.0,-26.0
1776887348.7631028,0.0,0.0,-29.0
1776887348.7731028,-4.0,-3.0,-29.0
1776887348.7831028,-5.0,-9.0,-28.0
1776887348.7931027,-2.0,-9.0,-28.0
1776887348.8031027,-4.0,-13.0,-35.0
1776887348.8131027,-4.0,-12.0,-29.0
1776887348.8231027,0.0,-10.0,-22.0
1776887348.8331027,0.0,-7.0,-24.0
1776887348.8431027,1.0,-5.0,-22.0
1776887348.8531027,1.0,0.0,-23.0
1776887348.863103,2.0,3.0,-30.0
1776887348.873103,0.0,-1.0,-32.0
1776887348.883103,-1.0,-1.0,-28.0
1776887348.8931026,0.0,0.0,-28.0
1776887348.9031026,0.0,-4.0,-24.0
1776887348.9131026,1.0,-5.0,-20.0
1776887348.9231029,7.0,-5.0,-24.0
1776887348.9331028,8.0,-2.0,-23.0
1776887348.9431028,9.0,0.0,-31.0
1776887348.9531028,4.0,3.0,-28.0
1776887348.9631028,1.0,1.0,-33.0
1776887348.9731028,7.0,3.0,-33.0
1776887348.9831028,9.0,1.0,-31.0
1776887348.9931028,12.0,0.0,-32.0
1776887349.0031028,5.0,-2.0,-39.0
1776887349.0131028,5.0,-3.0,-40.0
1776887349.0231028,2.0,-1.0,-31.0
1776887349.0331028,2.0,-4.0,-34.0
1776887349.0431027,-4.0,-7.0,-33.0
1776887349.0531027,-6.0,-9.0,-32.0
1776887349.0631027,-4.0,-6.0,-32.0
1776887349.0731027,-6.0,-5.0,-33.0
1776887349.0831027,-2.0,-4.0,-30.0
1776887349.0931027,-1.0,-2.0,-30.0
1776887349.1031027,2.0,-1.0,-34.0
1776887349.113103,0.0,0.0,-28.0
1776887349.123103,1.0,0.0,-22.0
1776887349.133103,4.0,0.0,-28.0
1776887349.1431026,2.0,2.0,-32.0
1776887349.1531026,5.0,4.0,-34.0
1776887349.1631026,9.0,3.0,-25.0
1776887349.1731029,1.0,2.0,-23.0
1776887349.1831028,0.0,1.0,-24.0
1776887349.1931028,2.0,2.0,-28.0
1776887349.2031028,6.0,4.0,-32.0
1776887349.2131028,5.0,3.0,-29.0
1776887349.2231028,0.0,0.0,-27.0
1776887349.2331028,0.0,-1.0,-36.0
1776887349.2431028,-1.0,1.0,-40.0
1776887349.2531028,-4.0,3.0,-37.0
1776887349.2631028,-5.0,1.0,-39.0
1776887349.2731028,-1.0,0.0,-40.0
1776887349.2831028,-1.0,1.0,-47.0
1776887349.2931027,-2.0,-2.0,-41.0
1776887349.3031027,-6.0,0.0,-46.0
1776887349.3131027,-6.0,-3.0,-55.0
1776887349.3231027,-4.0,-3.0,-52.0
1776887349.3331027,-5.0,-4.0,-46.0
1776887349.3431027,-2.0,0.0,-39.0
1776887349.3531027,-3.0,-1.0,-35.0
1776887349.363103,-4.0,-2.0,-37.0
1776887349.373103,-4.0,-5.0,-39.0
1776887349.383103,-5.0,-6.0,-33.0
1776887349.3931026,-4.0,-9.0,-26.0
1776887349.4031026,1.0,-9.0,-23.0
1776887349.4131026,0.0,-5.0,-29.0
1776887349.4231029,-2.0,-5.0,-28.0
1776887349.4331028,-2.0,-7.0,-29.0
1776887349.4431028,-4.0,-8.0,-26.0
1776887349.4531028,-4.0,-10.0,-28.0
1776887349.4631028,2.0,-9.0,-32.0
1776887349.4731028,3.0,-10.0,-33.0
1776887349.4831028,8.0,-12.0,-36.0
1776887349.4931028,7.0,-10.0,-38.0
1776887349.5031028,4.0,-10.0,-42.0
1776887349.5131028,3.0,-10.0,-39.0
1776887349.5231028,2.0,-9.0,-36.0
1776887349.5331028,0.0,-9.0,-39.0
1776887349.5431027,-2.0,-8.0,-38.0
1776887349.5531027,0.0,-5.0,-35.0
1776887349.5631027,2.0,-4.0,-37.0
1776887349.5731027,1.0,-1.0,-32.0
1776887349.5831027,0.0,-2.0,-38.0
1776887349.5931027,-4.0,-4.0,-36.0
1776887349.6031027,-5.0,-6.0,-34.0
1776887349.613103,0.0,-6.0,-37.0
1776887349.623103,0.0,-4.0,-39.0
1776887349.633103,1.0,-4.0,-40.0
1776887349.6431026,2.0,-5.0,-34.0
1776887349.6531026,1.0,-4.0,-43.0
1776887349.6631026,0.0,-6.0,-49.0
1776887349.6731029,0.0,-4.0,-38.0
1776887349.6831028,0.0,-6.0,-35.0
1776887349.6931028,0.0,-3.0,-27.0
1776887349.7031028,1.0,-2.0,-30.0
1776887349.7131028,0.0,-1.0,-30.0
1776887349.7231028,0.0,0.0,-32.0
1776887349.7331028,-1.0,-3.0,-28.0
1776887349.7431028,-1.0,1.0,-30.0
1776887349.7531028,4.0,3.0,-30.0
1776887349.7631028,0.0,0.0,-23.0
1776887349.7731028,0.0,0.0,-28.0
1776887349.7831028,1.0,0.0,-30.0
1776887349.7931027,6.0,-2.0,-31.0
1776887349.8031027,8.0,0.0,-36.0
1776887349.8131027,4.0,-3.0,-35.0
1776887349.8231027,3.0,-6.0,-32.0
1776887349.8331027,0.0,-7.0,-27.0
1776887349.8431027,-5.0,-6.0,-32.0
1776887349.8531027,-3.0,-8.0,-37.0
1776887349.863103,-2.0,-6.0,-32.0
1776887349.873103,-3.0,-7.0,-34.0
1776887349.883103,-2.0,-9.0,-37.0
1776887349.8931026,-4.0,-10.0,-37.0
1776887349.9031026,-2.0,-7.0,-40.0
1776887349.9131026,0.0,-5.0,-45.0
1776887349.9231029,-5.0,-5.0,-43.0
1776887349.9341028,-1.0,-7.0,-42.0
1776887349.9441028,0.0,-5.0,-43.0
1776887349.9541028,6.0,-6.0,-46.0
1776887349.9641027,4.0,-3.0,-46.0
1776887349.9741027,3.0,-2.0,-41.0
1776887349.9841027,1.0,-4.0,-48.0
1776887349.9941027,4.0,-4.0,-46.0
1776887350.0041027,2.0,0.0,-43.0
1776887350.0141027,5.0,-3.0,-41.0
1776887350.0241027,1.0,-3.0,-45.0
1776887350.034103,-4.0,-1.0,-44.0
1776887350.044103,-4.0,-2.0,-42.0
1776887350.054103,-4.0,-7.0,-39.0
1776887350.0641026,-7.0,-2.0,-40.0
1776887350.0741026,-10.0,2.0,-40.0
1776887350.0841026,-8.0,1.0,-44.0
1776887350.0941026,-4.0,-1.0,-37.0
1776887350.1041028,0.0,-3.0,-31.0
1776887350.1141028,3.0,-2.0,-30.0
1776887350.1241028,3.0,-1.0,-32.0
1776887350.1341028,-2.0,-2.0,-37.0
1776887350.1441028,-4.0,-2.0,-37.0
1776887350.1541028,-7.0,0.0,-35.0
1776887350.1641028,-2.0,0.0,-34.0
1776887350.1741028,-4.0,1.0,-31.0
1776887350.1841028,-1.0,-1.0,-34.0
1776887350.1941028,3.0,2.0,-34.0
1776887350.2041028,3.0,3.0,-37.0
1776887350.2141027,0.0,4.0,-34.0
1776887350.2241027,-5.0,2.0,-37.0
1776887350.2341027,-3.0,0.0,-39.0
1776887350.2441027,-2.0,-4.0,-39.0
1776887350.2541027,-4.0,-5.0,-40.0
1776887350.2641027,0.0,-3.0,-39.0
1776887350.2741027,-6.0,2.0,-42.0
1776887350.284103,-6.0,-3.0,-46.0
1776887350.294103,-2.0,0.0,-41.0
1776887350.304103,0.0,0.0,-39.0
1776887350.3141026,-2.0,0.0,-47.0
1776887350.3241026,-1.0,0.0,-45.0
1776887350.3341026,-3.0,0.0,-44.0
1776887350.3441026,0.0,4.0,-39.0
1776887350.3541028,0.0,0.0,-39.0
1776887350.3641028,0.0,4.0,-39.0
1776887350.3741028,-2.0,0.0,-35.0
1776887350.3841028,-5.0,-3.0,-39.0
1776887350.3941028,-7.0,-5.0,-42.0
1776887350.4041028,-2.0,-5.0,-44.0
1776887350.4141028,-2.0,-3.0,-39.0
1776887350.4241028,-1.0,1.0,-40.0
1776887350.4341028,1.0,0.0,-46.0
1776887350.4441028,0.0,1.0,-40.0
1776887350.4541028,-4.0,0.0,-34.0
1776887350.4641027,-5.0,0.0,-33.0
1776887350.4741027,-5.0,0.0,-33.0
1776887350.4841027,-9.0,0.0,-39.0
1776887350.4941027,-6.0,0.0,-42.0
1776887350.5041027,-4.0,0.0,-39.0
1776887350.5141027,-6.0,0.0,-44.0
1776887350.5241027,-6.0,-1.0,-36.0
1776887350.534103,-5.0,-3.0,-38.0
1776887350.544103,-5.0,-5.0,-37.0
1776887350.554103,-2.0,-4.0,-36.0
1776887350.5641026,0.0,-2.0,-34.0
1776887350.5741026,-1.0,-4.0,-32.0
1776887350.5841026,-1.0,-3.0,-30.0
1776887350.5941026,-2.0,0.0,-31.0
1776887350.6041028,-1.0,6.0,-33.0
1776887350.6141028,-3.0,3.0,-40.0
1776887350.6241028,-1.0,0.0,-42.0
1776887350.6341028,2.0,0.0,-44.0
1776887350.6441028,1.0,0.0,-46.0
1776887350.6541028,0.0,-3.0,-41.0
1776887350.6641028,0.0,0.0,-40.0
1776887350.6741028,-1.0,0.0,-36.0
1776887350.6841028,0.0,-2.0,-35.0
1776887350.6941028,3.0,-6.0,-40.0
1776887350.7041028,0.0,-3.0,-38.0
1776887350.7141027,0.0,1.0,-34.0
1776887350.7241027,0.0,1.0,-45.0
1776887350.7341027,0.0,3.0,-40.0
1776887350.7441027,-4.0,-2.0,-37.0
1776887350.7541027,-8.0,-2.0,-38.0
1776887350.7641027,-3.0,-2.0,-41.0
1776887350.7741027,-2.0,-3.0,-35.0
1776887350.784103,-4.0,-4.0,-40.0
1776887350.794103,1.0,-4.0,-37.0
1776887350.804103,-2.0,-2.0,-33.0
1776887350.8141026,-3.0,0.0,-32.0
1776887350.8241026,-4.0,2.0,-34.0
1776887350.8341026,-2.0,0.0,-34.0
1776887350.8441026,2.0,1.0,-32.0
1776887350.8541028,1.0,2.0,-35.0
1776887350.8641028,3.0,0.0,-35.0
1776887350.8741028,4.0,-1.0,-41.0
1776887350.8841028,6.0,0.0,-42.0
1776887350.8941028,8.0,-1.0,-33.0
1776887350.9041028,9.0,0.0,-35.0
1776887350.9141028,1.0,2.0,-38.0
1776887350.9241028,0.0,3.0,-36.0
1776887350.9341028,3.0,2.0,-35.0
1776887350.9441028,-3.0,2.0,-41.0
1776887350.9541028,-4.0,4.0,-36.0
1776887350.9641027,-1.0,9.0,-39.0
1776887350.9741027,0.0,4.0,-41.0
1776887350.9841027,1.0,1.0,-39.0
1776887350.9941027,2.0,-1.0,-37.0
1776887351.0041027,5.0,1.0,-37.0
1776887351.0141027,5.0,2.0,-34.0
1776887351.0241027,6.0,0.0,-31.0
1776887351.034103,0.0,1.0,-28.0
1776887351.044103,1.0,2.0,-33.0
1776887351.054103,0.0,1.0,-34.0
1776887351.0641026,0.0,0.0,-38.0
1776887351.0741026,2.0,-2.0,-33.0
1776887351.0841026,3.0,0.0,-31.0
1776887351.0941026,4.0,-3.0,-33.0
1776887351.1041028,3.0,-2.0,-37.0
1776887351.1141028,5.0,-3.0,-36.0
1776887351.1241028,11.0,-2.0,-39.0
1776887351.1341028,10.0,-2.0,-39.0
1776887351.1441028,7.0,-1.0,-30.0
1776887351.1541028,7.0,1.0,-24.0
1776887351.1641028,6.0,2.0,-31.0
1776887351.1741028,4.0,4.0,-33.0
1776887351.1841028,5.0,5.0,-39.0
1776887351.1941028,4.0,9.0,-43.0
1776887351.2041028,4.0,6.0,-43.0
1776887351.2141027,0.0,1.0,-48.0
1776887351.2241027,1.0,0.0,-41.0
1776887351.2341027,0.0,0.0,-39.0
1776887351.2441027,0.0,0.0,-32.0
1776887351.2541027,5.0,0.0,-37.0
1776887351.2641027,4.0,1.0,-36.0
1776887351.2741027,0.0,-4.0,-42.0
1776887351.284103,0.0,-5.0,-44.0
1776887351.294103,0.0,-1.0,-45.0
1776887351.304103,-1.0,-2.0,-48.0
1776887351.3141026,-3.0,-6.0,-46.0
1776887351.3241026,-7.0,-8.0,-43.0
1776887351.3341026,-10.0,-6.0,-43.0
1776887351.3441026,-7.0,-2.0,-42.0
1776887351.3541028,-2.0,-1.0,-43.0
1776887351.3641028,0.0,-3.0,-43.0
1776887351.3741028,7.0,-6.0,-31.0
1776887351.3841028,6.0,-9.0,-23.0
1776887351.3941028,4.0,-9.0,-29.0
1776887351.4041028,1.0,-7.0,-29.0
1776887351.4141028,4.0,-3.0,-26.0
1776887351.4241028,5.0,-2.0,-37.0
1776887351.4341028,5.0,-2.0,-41.0
1776887351.4441028,0.0,0.0,-44.0
1776887351.4541028,-1.0,4.0,-37.0
1776887351.4641027,0.0,7.0,-33.0
1776887351.4741027,0.0,1.0,-31.0
1776887351.4841027,-1.0,3.0,-29.0
1776887351.4941027,0.0,2.0,-34.0
1776887351.5041027,4.0,2.0,-32.0
1776887351.5141027,5.0,-2.0,-24.0
1776887351.5241027,7.0,-4.0,-24.0
1776887351.534103,6.0,-3.0,-24.0
1776887351.544103,10.0,-2.0,-24.0
1776887351.554103,8.0,1.0,-27.0
1776887351.5641026,7.0,3.0,-27.0
1776887351.5741026,3.0,0.0,-30.0
1776887351.5841026,5.0,1.0,-38.0
1776887351.5941026,2.0,0.0,-41.0
1776887351.6041028,1.0,0.0,-37.0
1776887351.6141028,-1.0,0.0,-36.0
1776887351.6241028,-3.0,-2.0,-32.0
1776887351.6341028,-2.0,-3.0,-38.0
1776887351.6441028,-2.0,-2.0,-33.0
1776887351.6541028,0.0,-1.0,-32.0
1776887351.6641028,2.0,-1.0,-32.0
1776887351.6741028,1.0,-4.0,-31.0
1776887351.6841028,-1.0,-2.0,-28.0
1776887351.6941028,-5.0,-1.0,-29.0
1776887351.7041028,-4.0,0.0,-34.0
1776887351.7141027,-5.0,3.0,-35.0
1776887351.7241027,-4.0,0.0,-30.0
1776887351.7341027,1.0,-1.0,-28.0
1776887351.7441027,0.0,-4.0,-27.0
1776887351.7541027,-2.0,-5.0,-27.0
1776887351.7641027,-3.0,-9.0,-25.0
1776887351.7741027,-4.0,-11.0,-31.0
1776887351.784103,-8.0,-13.0,-35.0
1776887351.794103,-9.0,-9.0,-32.0
1776887351.804103,-8.0,-5.0,-33.0
1776887351.8141026,-5.0,-3.0,-34.0
1776887351.8241026,-5.0,-3.0,-36.0
1776887351.8341026,-4.0,-4.0,-36.0
1776887351.8441026,0.0,-7.0,-40.0
1776887351.8541028,-3.0,-9.0,-35.0
1776887351.8641028,-1.0,-7.0,-35.0
1776887351.8741028,2.0,-7.0,-29.0
1776887351.8841028,4.0,-5.0,-31.0
1776887351.8941028,5.0,-3.0,-30.0
1776887351.9051027,9.0,-1.0,-35.0
1776887351.9151027,9.0,-1.0,-36.0
1776887351.9251027,6.0,-4.0,-28.0
1776887351.9351027,5.0,-5.0,-26.0
1776887351.9451027,1.0,-7.0,-25.0
1776887351.9551027,-3.0,-6.0,-31.0
1776887351.965103,-6.0,-2.0,-30.0
1776887351.975103,0.0,-1.0,-31.0
1776887351.985103,-4.0,-2.0,-33.0
1776887351.9951026,-9.0,-4.0,-26.0
1776887352.0051026,-5.0,-6.0,-26.0
1776887352.0151026,0.0,-3.0,-27.0
1776887352.0251029,0.0,-3.0,-36.0
1776887352.0351028,1.0,-1.0,-35.0
1776887352.0451028,5.0,0.0,-38.0
1776887352.0551028,1.0,-2.0,-43.0
1776887352.0651028,9.0,0.0,-45.0
1776887352.0751028,7.0,0.0,-44.0
1776887352.0851028,9.0,0.0,-41.0
1776887352.0951028,10.0,-3.0,-41.0
1776887352.1051028,5.0,-1.0,-37.0
1776887352.1151028,5.0,0.0,-38.0
1776887352.1251028,2.0,-3.0,-37.0
1776887352.1351027,7.0,-1.0,-38.0
1776887352.1451027,5.0,-3.0,-39.0
1776887352.1551027,4.0,-6.0,-36.0
1776887352.1651027,10.0,-5.0,-37.0
1776887352.1751027,3.0,-3.0,-46.0
1776887352.1851027,0.0,-2.0,-42.0
1776887352.1951027,0.0,-2.0,-37.0
1776887352.2051027,4.0,-3.0,-43.0
1776887352.215103,2.0,-1.0,-38.0
1776887352.225103,1.0,-5.0,-50.0
1776887352.235103,0.0,-8.0,-49.0
1776887352.2451026,4.0,-7.0,-44.0
1776887352.2551026,5.0,-5.0,-38.0
1776887352.2651026,4.0,-4.0,-36.0
1776887352.2751029,2.0,-5.0,-39.0
1776887352.2851028,1.0,-3.0,-32.0
1776887352.2951028,-1.0,-4.0,-26.0
1776887352.3051028,-8.0,-2.0,-29.0
1776887352.3151028,-7.0,-2.0,-37.0
1776887352.3251028,-4.0,-4.0,-37.0
1776887352.3351028,0.0,-4.0,-37.0
1776887352.3451028,-4.0,-7.0,-40.0
1776887352.3551028,-5.0,-7.0,-41.0
1776887352.3651028,-2.0,-6.0,-47.0
1776887352.3751028,0.0,-7.0,-47.0
1776887352.3851027,-2.0,-6.0,-42.0
1776887352.3951027,0.0,-7.0,-35.0
1776887352.4051027,3.0,-5.0,-38.0
1776887352.4151027,4.0,-3.0,-39.0
1776887352.4251027,0.0,-3.0,-40.0
1776887352.4351027,-3.0,-3.0,-37.0
1776887352.4451027,0.0,-2.0,-36.0
1776887352.4551027,-4.0,-1.0,-35.0
1776887352.465103,-1.0,-2.0,-31.0
1776887352.475103,0.0,-2.0,-35.0
1776887352.485103,0.0,-3.0,-41.0
1776887352.4951026,0.0,-3.0,-42.0
1776887352.5051026,-1.0,-3.0,-46.0
1776887352.5151026,0.0,-4.0,-48.0
1776887352.5251029,2.0,-4.0,-42.0
1776887352.5351028,3.0,-3.0,-36.0
1776887352.5451028,5.0,0.0,-33.0
1776887352.5551028,2.0,-3.0,-34.0
1776887352.5651028,5.0,-10.0,-37.0
1776887352.5751028,4.0,-6.0,-40.0
1776887352.5851028,2.0,-7.0,-36.0
1776887352.5951028,1.0,-9.0,-30.0
1776887352.6051028,0.0,-11.0,-34.0
1776887352.6151028,0.0,-9.0,-29.0
1776887352.6251028,2.0,-5.0,-27.0
1776887352.6351027,4.0,-5.0,-30.0
1776887352.6451027,4.0,-6.0,-34.0
1776887352.6551027,8.0,-4.0,-28.0
1776887352.6651027,10.0,-4.0,-25.0
1776887352.6751027,6.0,-1.0,-25.0
1776887352.6851027,3.0,0.0,-29.0
1776887352.6951027,0.0,0.0,-30.0
1776887352.7051027,3.0,-1.0,-26.0
1776887352.715103,5.0,-4.0,-31.0
1776887352.725103,6.0,-1.0,-29.0
1776887352.735103,4.0,-2.0,-34.0
1776887352.7451026,3.0,-6.0,-34.0
1776887352.7551026,2.0,-10.0,-31.0
1776887352.7651026,4.0,-7.0,-33.0
1776887352.7751029,3.0,-6.0,-35.0
1776887352.7851028,7.0,-5.0,-28.0
1776887352.7951028,5.0,-4.0,-34.0
1776887352.8051028,3.0,-3.0,-42.0
1776887352.8151028,1.0,-4.0,-36.0
1776887352.8251028,0.0,-4.0,-35.0
1776887352.8351028,-1.0,-1.0,-33.0
1776887352.8451028,-3.0,0.0,-27.0
1776887352.8551028,-6.0,0.0,-28.0
1776887352.8651028,-8.0,0.0,-28.0
1776887352.8751028,-7.0,-3.0,-29.0
1776887352.8851027,-3.0,-7.0,-31.0
1776887352.8951027,-4.0,-4.0,-34.0
1776887352.9051027,1.0,-8.0,-42.0
1776887352.9151027,5.0,-6.0,-37.0
1776887352.9251027,4.0,-2.0,-39.0
1776887352.9351027,6.0,1.0,-46.0
1776887352.9451027,2.0,0.0,-49.0
1776887352.9551027,-1.0,0.0,-42.0
1776887352.965103,1.0,0.0,-42.0
1776887352.975103,0.0,0.0,-38.0
1776887352.985103,-2.0,1.0,-40.0
1776887352.9951026,0.0,-4.0,-34.0
1776887353.0051026,0.0,-8.0,-34.0
1776887353.0151026,0.0,-8.0,-35.0
1776887353.0251029,0.0,-6.0,-42.0
1776887353.0351028,-2.0,-5.0,-40.0
1776887353.0451028,-1.0,-4.0,-36.0
1776887353.0551028,-1.0,0.0,-40.0
1776887353.0651028,-3.0,0.0,-41.0
1776887353.0751028,-2.0,3.0,-45.0
1776887353.0851028,0.0,4.0,-45.0
1776887353.0951028,1.0,3.0,-42.0
1776887353.1051028,0.0,3.0,-34.0
1776887353.1151028,-2.0,2.0,-30.0
1776887353.1251028,-3.0,0.0,-24.0
1776887353.1351027,3.0,0.0,-31.0
1776887353.1451027,5.0,-2.0,-34.0
1776887353.1551027,7.0,0.0,-30.0
1776887353.1651027,10.0,0.0,-23.0
1776887353.1751027,6.0,1.0,-22.0
1776887353.1851027,3.0,-1.0,-29.0
1776887353.1951027,4.0,0.0,-32.0
1776887353.2051027,0.0,-1.0,-37.0
1776887353.215103,-3.0,1.0,-38.0
1776887353.225103,-7.0,1.0,-39.0
1776887353.235103,-3.0,-1.0,-39.0
1776887353.2451026,-1.0,1.0,-35.0
1776887353.2551026,0.0,-2.0,-31.0
1776887353.2651026,0.0,-1.0,-33.0
1776887353.2751029,3.0,3.0,-32.0
1776887353.2851028,-1.0,4.0,-32.0
1776887353.2951028,-1.0,4.0,-30.0
1776887353.3051028,-1.0,1.0,-34.0
1776887353.3151028,0.0,0.0,-33.0
1776887353.3251028,1.0,0.0,-38.0
1776887353.3351028,0.0,0.0,-39.0
1776887353.3451028,-2.0,0.0,-32.0
1776887353.3551028,-3.0,-3.0,-30.0
1776887353.3651028,-9.0,-6.0,-23.0
1776887353.3751028,-4.0,-8.0,-28.0
1776887353.3851027,0.0,-6.0,-28.0
1776887353.3951027,-5.0,-5.0,-31.0
1776887353.4051027,-4.0,0.0,-30.0
1776887353.4151027,-4.0,2.0,-33.0
1776887353.4251027,-3.0,6.0,-31.0
1776887353.4351027,-4.0,5.0,-30.0
1776887353.4451027,0.0,3.0,-30.0
1776887353.4551027,3.0,2.0,-29.0
1776887353.465103,2.0,4.0,-30.0
1776887353.475103,0.0,0.0,-30.0
1776887353.485103,1.0,-1.0,-32.0
1776887353.4951026,1.0,-2.0,-34.0
1776887353.5051026,1.0,-2.0,-37.0
1776887353.5151026,0.0,5.0,-41.0
1776887353.5251029,0.0,3.0,-44.0
1776887353.5351028,-1.0,5.0,-47.0
1776887353.5451028,0.0,7.0,-45.0
1776887353.5551028,4.0,2.0,-44.0
1776887353.5651028,4.0,1.0,-38.0
1776887353.5751028,2.0,3.0,-37.0
1776887353.5851028,3.0,2.0,-41.0
1776887353.5951028,-2.0,0.0,-32.0
1776887353.6051028,-3.0,0.0,-29.0
1776887353.6151028,-5.0,-3.0,-28.0
1776887353.6251028,-1.0,-1.0,-32.0
1776887353.6351027,-3.0,-1.0,-34.0
1776887353.6451027,-8.0,-2.0,-34.0
1776887353.6551027,-5.0,-2.0,-29.0
1776887353.6651027,-4.0,0.0,-29.0
1776887353.6751027,-3.0,-1.0,-29.0
1776887353.6851027,-5.0,-3.0,-32.0
1776887353.6951027,-10.0,-6.0,-34.0
1776887353.7051027,-4.0,-6.0,-25.0
1776887353.715103,-4.0,-5.0,-20.0
1776887353.725103,-1.0,-2.0,-27.0
1776887353.735103,-4.0,-5.0,-31.0
1776887353.7451026,-2.0,-6.0,-35.0
1776887353.7551026,0.0,-2.0,-35.0
1776887353.7651026,0.0,-2.0,-38.0
1776887353.7751029,-2.0,1.0,-51.0
1776887353.7851028,-1.0,2.0,-54.0
1776887353.7951028,-2.0,0.0,-46.0
1776887353.8051028,-1.0,1.0,-43.0
1776887353.8151028,0.0,3.0,-46.0
1776887353.8251028,7.0,2.0,-43.0
1776887353.8351028,7.0,2.0,-43.0
1776887353.8451028,6.0,2.0,-47.0
1776887353.8551028,2.0,1.0,-52.0
1776887353.8651028,2.0,4.0,-47.0
1776887353.8751028,2.0,3.0,-40.0
1776887353.8851027,5.0,2.0,-34.0
1776887353.8951027,2.0,4.0,-25.0
1776887353.906103,-4.0,2.0,-25.0
1776887353.9151027,-6.0,-2.0,-27.0
1776887353.9261026,-6.0,-3.0,-32.0
1776887353.9361026,-8.0,-4.0,-29.0
1776887353.9461029,-8.0,-4.0,-32.0
1776887353.9561028,-5.0,-3.0,-37.0
1776887353.9661028,-5.0,-6.0,-36.0
1776887353.9761028,-2.0,-3.0,-34.0
1776887353.9861028,-3.0,-3.0,-32.0
1776887353.9961028,-5.0,-2.0,-33.0
1776887354.0061028,-6.0,-5.0,-34.0
1776887354.0161028,0.0,-8.0,-34.0
1776887354.0261028,-1.0,-6.0,-33.0
1776887354.0361028,-1.0,-5.0,-33.0
1776887354.0451028,2.0,-3.0,-32.0
1776887354.0561028,4.0,-7.0,-32.0
1776887354.0661027,5.0,-6.0,-37.0
1776887354.0761027,3.0,-8.0,-42.0
1776887354.0861027,0.0,-9.0,-40.0
1776887354.0961027,-3.0,-4.0,-39.0
1776887354.1061027,-10.0,-5.0,-40.0
1776887354.1161027,-6.0,-6.0,-44.0
1776887354.1261027,-5.0,-7.0,-42.0
1776887354.136103,-7.0,-6.0,-34.0
1776887354.146103,-7.0,-6.0,-35.0
1776887354.156103,-6.0,-9.0,-30.0
1776887354.1661026,-4.0,-9.0,-30.0
1776887354.1761026,-3.0,-9.0,-36.0
1776887354.1861026,-5.0,-5.0,-36.0
1776887354.1961029,0.0,-2.0,-33.0
1776887354.2061028,5.0,-2.0,-30.0
1776887354.2161028,2.0,-2.0,-27.0
1776887354.2261028,3.0,-1.0,-22.0
1776887354.2361028,0.0,-4.0,-25.0
1776887354.2461028,3.0,-3.0,-27.0
1776887354.2561028,7.0,-5.0,-31.0
1776887354.2661028,9.0,-9.0,-31.0
1776887354.2761028,9.0,-6.0,-37.0
1776887354.2861028,8.0,-10.0,-42.0
1776887354.2961028,4.0,-12.0,-40.0
1776887354.3061028,0.0,-10.0,-36.0
1776887354.3161027,0.0,-9.0,-39.0
1776887354.3261027,1.0,-3.0,-37.0
1776887354.3361027,-3.0,-1.0,-37.0
1776887354.3461027,-4.0,0.0,-41.0
1776887354.3561027,-3.0,-3.0,-39.0
1776887354.3661027,-2.0,-2.0,-35.0
1776887354.3761027,0.0,2.0,-33.0
1776887354.386103,-4.0,2.0,-23.0
1776887354.396103,0.0,2.0,-21.0
1776887354.406103,2.0,1.0,-24.0
1776887354.4161026,0.0,3.0,-31.0
1776887354.4261026,0.0,1.0,-30.0
1776887354.4361026,-3.0,-2.0,-33.0
1776887354.4461029,-2.0,0.0,-35.0
1776887354.4561028,0.0,2.0,-33.0
1776887354.4661028,2.0,1.0,-34.0
1776887354.4761028,6.0,-1.0,-40.0
1776887354.4861028,2.0,-1.0,-32.0
1776887354.4961028,-2.0,0.0,-34.0
1776887354.5061028,0.0,-1.0,-38.0
1776887354.5161028,0.0,-2.0,-45.0
1776887354.5261028,-4.0,-6.0,-43.0
1776887354.5361028,-2.0,-2.0,-44.0
1776887354.5461028,4.0,-1.0,-43.0
1776887354.5561028,4.0,1.0,-52.0
1776887354.5661027,-3.0,1.0,-47.0
1776887354.5761027,-1.0,0.0,-46.0
1776887354.5861027,-6.0,-1.0,-45.0
1776887354.5961027,-6.0,-3.0,-40.0
1776887354.6061027,-11.0,-2.0,-25.0
1776887354.6161027,-8.0,-1.0,-28.0
1776887354.6261027,-7.0,-3.0,-28.0
1776887354.636103,-6.0,0.0,-33.0
1776887354.646103,-5.0,-2.0,-38.0
1776887354.656103,2.0,-4.0,-33.0
1776887354.6661026,5.0,-3.0,-28.0
1776887354.6761026,4.0,-2.0,-37.0
1776887354.6861026,1.0,0.0,-40.0
1776887354.6961029,1.0,0.0,-44.0
1776887354.7061028,-1.0,1.0,-46.0
1776887354.7161028,-1.0,0.0,-44.0
1776887354.7261028,1.0,-1.0,-39.0
1776887354.7361028,3.0,-2.0,-37.0
1776887354.7461028,5.0,0.0,-38.0
1776887354.7561028,6.0,-4.0,-45.0
1776887354.7661028,3.0,-2.0,-44.0
1776887354.7761028,8.0,-2.0,-43.0
1776887354.7861028,9.0,-3.0,-39.0
1776887354.7961028,9.0,0.0,-35.0
1776887354.8061028,3.0,0.0,-36.0
1776887354.8161027,7.0,-3.0,-33.0
1776887354.8261027,5.0,-6.0,-36.0
1776887354.8361027,0.0,-6.0,-33.0
1776887354.8461027,-1.0,-6.0,-38.0
1776887354.8561027,0.0,-8.0,-43.0
1776887354.8661027,1.0,-8.0,-43.0
1776887354.8761027,1.0,-4.0,-44.0
1776887354.886103,2.0,0.0,-38.0
1776887354.896103,3.0,1.0,-48.0
1776887354.906103,1.0,-1.0,-55.0
1776887354.9161026,3.0,0.0,-49.0
1776887354.9261026,5.0,-4.0,-45.0
1776887354.9361026,5.0,-4.0,-39.0
1776887354.9461029,4.0,-2.0,-37.0
1776887354.9561028,2.0,-3.0,-40.0
1776887354.9661028,3.0,-2.0,-42.0
1776887354.9761028,3.0,-9.0,-39.0
1776887354.9861028,0.0,-9.0,-35.0
1776887354.9961028,2.0,-10.0,-30.0
1776887355.0061028,3.0,-8.0,-29.0
1776887355.0161028,1.0,-8.0,-29.0
1776887355.0261028,-2.0,-6.0,-41.0
1776887355.0361028,-2.0,-1.0,-40.0
1776887355.0461028,0.0,-3.0,-40.0
1776887355.0561028,0.0,-7.0,-40.0
1776887355.0661027,0.0,-7.0,-37.0
1776887355.0761027,5.0,-8.0,-32.0
1776887355.0861027,4.0,-5.0,-28.0
1776887355.0961027,0.0,-3.0,-35.0
1776887355.1061027,-4.0,1.0,-40.0
1776887355.1161027,-1.0,0.0,-41.0
1776887355.1261027,0.0,-1.0,-37.0
1776887355.136103,1.0,0.0,-27.0
1776887355.146103,2.0,-4.0,-19.0
1776887355.156103,0.0,-5.0,-19.0
1776887355.1661026,2.0,-4.0,-19.0
1776887355.1761026,0.0,-1.0,-19.0
1776887355.1861026,0.0,-5.0,-24.0
1776887355.1961029,2.0,-7.0,-29.0
1776887355.2061028,4.0,-9.0,-33.0
1776887355.2161028,0.0,-11.0,-31.0
1776887355.2261028,0.0,-7.0,-31.0
1776887355.2361028,5.0,0.0,-35.0
1776887355.2461028,3.0,0.0,-37.0
1776887355.2561028,0.0,-4.0,-43.0
1776887355.2661028,0.0,-4.0,-44.0
1776887355.2761028,0.0,-3.0,-34.0
1776887355.2861028,3.0,-2.0,-32.0
1776887355.2961028,7.0,-1.0,-35.0
1776887355.3061028,4.0,-6.0,-25.0
1776887355.3161027,2.0,-5.0,-31.0
1776887355.3261027,4.0,-3.0,-29.0
1776887355.3361027,4.0,-5.0,-27.0
1776887355.3461027,0.0,-3.0,-28.0
1776887355.3561027,-1.0,0.0,-34.0
1776887355.3661027,-6.0,4.0,-36.0
1776887355.3761027,-7.0,3.0,-30.0
1776887355.386103,-6.0,0.0,-28.0
1776887355.396103,-5.0,-2.0,-35.0
1776887355.406103,-1.0,-1.0,-39.0
1776887355.4161026,1.0,-3.0,-39.0
1776887355.4261026,7.0,-1.0,-44.0
1776887355.4361026,7.0,0.0,-39.0
1776887355.4461029,5.0,-3.0,-37.0
1776887355.4561028,5.0,-4.0,-36.0
1776887355.4661028,5.0,-2.0,-30.0
1776887355.4761028,5.0,1.0,-28.0
1776887355.4861028,3.0,-2.0,-29.0
1776887355.4961028,2.0,-8.0,-27.0
1776887355.5061028,2.0,-5.0,-35.0
1776887355.5161028,1.0,-4.0,-31.0
1776887355.5261028,-3.0,-4.0,-30.0
1776887355.5361028,-5.0,-3.0,-28.0
1776887355.5461028,-2.0,-5.0,-36.0
1776887355.5561028,-3.0,-3.0,-41.0
1776887355.5661027,-3.0,-3.0,-43.0
1776887355.5761027,0.0,-6.0,-37.0
1776887355.5861027,1.0,-4.0,-41.0
1776887355.5961027,0.0,-4.0,-36.0
1776887355.6061027,-2.0,-1.0,-34.0
1776887355.6161027,1.0,2.0,-30.0
1776887355.6261027,1.0,3.0,-29.0
1776887355.636103,4.0,0.0,-28.0
1776887355.646103,5.0,-5.0,-29.0
1776887355.656103,0.0,-8.0,-32.0
1776887355.6661026,0.0,-7.0,-24.0
1776887355.6761026,-3.0,-11.0,-25.0
1776887355.6861026,-5.0,-9.0,-31.0
1776887355.6961029,-5.0,-5.0,-27.0
1776887355.7061028,-3.0,-6.0,-23.0
1776887355.7161028,-3.0,-6.0,-22.0
1776887355.7261028,-1.0,-3.0,-23.0
1776887355.7361028,-6.0,-5.0,-26.0
1776887355.7461028,-8.0,-1.0,-28.0
1776887355.7561028,-9.0,0.0,-30.0
1776887355.7661028,-8.0,-2.0,-31.0
1776887355.7761028,-5.0,0.0,-31.0
1776887355.7861028,-3.0,0.0,-34.0
1776887355.7961028,0.0,-1.0,-36.0
1776887355.8061028,1.0,0.0,-32.0
1776887355.8161027,0.0,0.0,-29.0
1776887355.8261027,0.0,-1.0,-29.0
1776887355.8361027,0.0,-2.0,-33.0
1776887355.8461027,0.0,-6.0,-33.0
1776887355.8561027,-2.0,-5.0,-32.0
1776887355.8661027,0.0,-1.0,-36.0
1776887355.8771029,0.0,-2.0,-37.0
1776887355.886103,-2.0,3.0,-41.0
1776887355.896103,-1.0,4.0,-46.0
1776887355.906103,0.0,4.0,-44.0
1776887355.9171028,2.0,3.0,-39.0
1776887355.9261026,4.0,5.0,-39.0
1776887355.9361026,3.0,3.0,-41.0
1776887355.9471028,1.0,0.0,-36.0
1776887355.9571028,0.0,0.0,-36.0
1776887355.9671028,1.0,-1.0,-42.0
1776887355.9771028,-1.0,-2.0,-40.0
1776887355.9871027,1.0,-3.0,-39.0
1776887355.9971027,1.0,0.0,-39.0
1776887356.0071027,0.0,4.0,-39.0
1776887356.0171027,1.0,3.0,-39.0
1776887356.0271027,0.0,7.0,-38.0
1776887356.0371027,-3.0,6.0,-37.0
1776887356.0471027,0.0,4.0,-41.0
1776887356.057103,0.0,5.0,-41.0
1776887356.067103,0.0,4.0,-40.0
1776887356.077103,1.0,1.0,-42.0
1776887356.087103,0.0,6.0,-36.0
1776887356.0971026,3.0,4.0,-39.0
1776887356.1071026,-2.0,-2.0,-34.0
1776887356.1171026,-4.0,0.0,-37.0
1776887356.1271029,-1.0,4.0,-36.0
1776887356.1371028,1.0,3.0,-39.0
1776887356.1471028,1.0,2.0,-40.0
1776887356.1571028,2.0,0.0,-35.0
1776887356.1671028,1.0,-1.0,-38.0
1776887356.1771028,0.0,-2.0,-38.0
1776887356.1871028,-5.0,-1.0,-34.0
1776887356.1971028,-3.0,4.0,-32.0
1776887356.2071028,-4.0,2.0,-31.0
1776887356.2171028,-8.0,3.0,-34.0
1776887356.2271028,-8.0,2.0,-39.0
1776887356.2371027,-7.0,1.0,-45.0
1776887356.2471027,-6.0,0.0,-41.0
1776887356.2571027,-4.0,-1.0,-41.0
1776887356.2671027,-3.0,-3.0,-44.0
1776887356.2771027,1.0,-3.0,-47.0
1776887356.2871027,-2.0,-4.0,-43.0
1776887356.2971027,-4.0,-5.0,-39.0
1776887356.307103,-3.0,-4.0,-35.0
1776887356.317103,0.0,-5.0,-32.0
1776887356.327103,1.0,-4.0,-38.0
1776887356.337103,5.0,-1.0,-37.0
1776887356.3471026,2.0,0.0,-35.0
1776887356.3571026,2.0,1.0,-39.0
1776887356.3671026,4.0,0.0,-39.0
1776887356.3771029,4.0,-2.0,-41.0
1776887356.3871028,0.0,-5.0,-44.0
1776887356.3971028,3.0,-9.0,-46.0
1776887356.4071028,9.0,-8.0,-41.0
1776887356.4171028,8.0,-6.0,-40.0
1776887356.4271028,7.0,-8.0,-36.0
1776887356.4371028,5.0,-12.0,-32.0
1776887356.4471028,5.0,-8.0,-28.0
1776887356.4571028,3.0,-6.0,-24.0
1776887356.4671028,0.0,-6.0,-26.0
1776887356.4771028,0.0,-7.0,-27.0
1776887356.4871027,-3.0,-4.0,-29.0
1776887356.4971027,0.0,-3.0,-32.0
1776887356.5071027,1.0,-4.0,-33.0
1776887356.5171027,0.0,-5.0,-38.0
1776887356.5271027,0.0,-4.0,-37.0
1776887356.5371027,-2.0,-5.0,-35.0
1776887356.5471027,0.0,-1.0,-41.0
1776887356.557103,0.0,-6.0,-36.0
1776887356.567103,1.0,-4.0,-39.0
1776887356.577103,1.0,0.0,-36.0
1776887356.587103,0.0,3.0,-32.0
1776887356.5971026,0.0,2.0,-31.0
1776887356.6071026,-1.0,0.0,-32.0
1776887356.6171026,-1.0,-1.0,-28.0
1776887356.6271029,-2.0,-1.0,-27.0
1776887356.6371028,-2.0,0.0,-34.0
1776887356.6471028,0.0,0.0,-34.0
1776887356.6571028,4.0,1.0,-34.0
1776887356.6671028,1.0,0.0,-33.0
1776887356.6771028,-2.0,0.0,-37.0
1776887356.6871028,0.0,2.0,-42.0
1776887356.6971028,5.0,3.0,-36.0
1776887356.7071028,0.0,3.0,-37.0
1776887356.7171028,1.0,2.0,-39.0
1776887356.7271028,3.0,2.0,-36.0
1776887356.7371027,1.0,0.0,-26.0
1776887356.7471027,2.0,0.0,-29.0
1776887356.7571027,3.0,1.0,-36.0
1776887356.7671027,2.0,-5.0,-36.0
1776887356.7771027,4.0,-6.0,-34.0
1776887356.7871027,5.0,-4.0,-35.0
1776887356.7971027,5.0,0.0,-38.0
1776887356.807103,3.0,0.0,-40.0
1776887356.817103,7.0,-4.0,-42.0
1776887356.827103,6.0,0.0,-34.0
1776887356.837103,5.0,1.0,-34.0
1776887356.8471026,4.0,2.0,-37.0
1776887356.8571026,6.0,5.0,-39.0
1776887356.8671026,5.0,6.0,-34.0
1776887356.8771029,0.0,5.0,-37.0
1776887356.8871028,-2.0,5.0,-44.0
1776887356.8971028,-4.0,7.0,-38.0
1776887356.9071028,-8.0,2.0,-38.0
1776887356.9171028,-8.0,0.0,-38.0
1776887356.9271028,-3.0,0.0,-36.0
1776887356.9371028,0.0,-5.0,-36.0
1776887356.9471028,1.0,-6.0,-41.0
1776887356.9571028,4.0,-3.0,-41.0
1776887356.9671028,3.0,-1.0,-45.0
1776887356.9771028,1.0,0.0,-38.0
1776887356.9871027,-3.0,-1.0,-34.0
1776887356.9971027,-1.0,-4.0,-28.0
1776887357.0071027,5.0,0.0,-29.0
1776887357.0171027,9.0,0.0,-29.0
1776887357.0271027,7.0,0.0,-26.0
1776887357.0371027,6.0,-5.0,-27.0
1776887357.0471027,7.0,-6.0,-36.0
1776887357.057103,9.0,-3.0,-41.0
1776887357.067103,10.0,-2.0,-34.0
1776887357.077103,11.0,-2.0,-40.0
1776887357.087103,6.0,0.0,-35.0
1776887357.0971026,0.0,1.0,-34.0
1776887357.1071026,-1.0,-3.0,-39.0
1776887357.1171026,-2.0,-2.0,-47.0
1776887357.1271029,0.0,-3.0,-43.0
1776887357.1371028,1.0,-1.0,-43.0
1776887357.1471028,0.0,-2.0,-41.0
1776887357.1571028,5.0,1.0,-31.0
1776887357.1671028,5.0,-1.0,-26.0
1776887357.1771028,8.0,-1.0,-29.0
1776887357.1871028,5.0,1.0,-30.0
1776887357.1971028,3.0,-1.0,-28.0
1776887357.2071028,-1.0,0.0,-31.0
1776887357.2171028,0.0,0.0,-29.0
1776887357.2271028,0.0,0.0,-31.0
1776887357.2371027,5.0,-1.0,-32.0
1776887357.2471027,5.0,1.0,-31.0
1776887357.2571027,8.0,0.0,-36.0
1776887357.2671027,8.0,-1.0,-37.0
1776887357.2771027,8.0,-1.0,-35.0
1776887357.2871027,2.0,-2.0,-32.0
1776887357.2971027,3.0,2.0,-33.0
1776887357.307103,0.0,2.0,-31.0
1776887357.317103,-1.0,11.0,-34.0
1776887357.327103,0.0,11.0,-35.0
1776887357.337103,-2.0,8.0,-33.0
1776887357.3471026,0.0,10.0,-39.0
1776887357.3571026,3.0,9.0,-32.0
1776887357.3671026,6.0,7.0,-37.0
1776887357.3771029,5.0,5.0,-35.0
1776887357.3871028,5.0,2.0,-28.0
1776887357.3971028,2.0,0.0,-29.0
1776887357.4071028,0.0,-2.0,-28.0
1776887357.4171028,-3.0,4.0,-29.0
1776887357.4271028,0.0,7.0,-32.0
1776887357.4371028,3.0,7.0,-36.0
1776887357.4471028,3.0,7.0,-36.0
1776887357.4571028,1.0,1.0,-35.0
1776887357.4671028,-3.0,0.0,-34.0
1776887357.4771028,0.0,-2.0,-40.0
1776887357.4871027,1.0,-3.0,-42.0
1776887357.4971027,6.0,-1.0,-37.0
1776887357.5071027,6.0,0.0,-29.0
1776887357.5171027,7.0,0.0,-29.0
1776887357.5271027,-2.0,0.0,-32.0
1776887357.5371027,-5.0,1.0,-35.0
1776887357.5471027,-4.0,0.0,-28.0
1776887357.557103,-2.0,-2.0,-31.0
1776887357.567103,-4.0,-1.0,-22.0
1776887357.577103,-2.0,1.0,-22.0
1776887357.587103,0.0,6.0,-29.0
1776887357.5971026,0.0,3.0,-27.0
1776887357.6071026,0.0,4.0,-26.0
1776887357.6171026,-1.0,3.0,-36.0
1776887357.6271029,0.0,2.0,-39.0
1776887357.6371028,3.0,-2.0,-34.0
1776887357.6471028,4.0,-2.0,-35.0
1776887357.6571028,3.0,0.0,-35.0
1776887357.6671028,3.0,1.0,-33.0
1776887357.6771028,3.0,3.0,-40.0
1776887357.6871028,1.0,2.0,-35.0
1776887357.6971028,1.0,-1.0,-41.0
1776887357.7071028,4.0,0.0,-44.0
1776887357.7171028,2.0,-3.0,-46.0
1776887357.7271028,4.0,-5.0,-44.0
1776887357.7371027,1.0,-5.0,-47.0
1776887357.7471027,0.0,-6.0,-47.0
1776887357.7571027,0.0,-8.0,-42.0
1776887357.7671027,4.0,-8.0,-38.0
1776887357.7771027,6.0,-5.0,-32.0
1776887357.7871027,5.0,-6.0,-29.0
1776887357.7971027,4.0,-7.0,-32.0
1776887357.807103,4.0,-8.0,-31.0
1776887357.817103,7.0,-6.0,-26.0
1776887357.827103,2.0,-4.0,-26.0
1776887357.837103,-1.0,-3.0,-25.0
1776887357.8471026,-7.0,-1.0,-27.0
1776887357.8571026,-2.0,-2.0,-34.0
1776887357.8681028,0.0,-1.0,-36.0
1776887357.8771029,1.0,1.0,-39.0
1776887357.8871028,0.0,2.0,-35.0
1776887357.8971028,-2.0,1.0,-35.0
1776887357.9071028,-2.0,0.0,-39.0
1776887357.9181027,-3.0,2.0,-38.0
1776887357.9271028,0.0,-2.0,-39.0
1776887357.9381027,0.0,-3.0,-39.0
1776887357.9481027,-2.0,-5.0,-42.0
1776887357.9581027,-4.0,-6.0,-38.0
1776887357.9681027,-2.0,-3.0,-37.0
1776887357.9781027,-6.0,-7.0,-38.0
1776887357.988103,-7.0,-5.0,-40.0
1776887357.998103,-6.0,-2.0,-42.0
1776887358.008103,-4.0,-2.0,-46.0
1776887358.0181026,-2.0,-2.0,-42.0
1776887358.0281026,5.0,0.0,-43.0
1776887358.0381026,8.0,0.0,-49.0
1776887358.0481029,7.0,0.0,-47.0
1776887358.0581028,4.0,-3.0,-44.0
1776887358.0681028,1.0,1.0,-51.0
1776887358.0781028,3.0,3.0,-50.0
1776887358.0881028,1.0,7.0,-47.0
1776887358.0981028,1.0,11.0,-49.0
1776887358.1081028,0.0,9.0,-41.0
1776887358.1181028,0.0,5.0,-40.0
1776887358.1281028,0.0,1.0,-37.0
1776887358.1381028,-1.0,0.0,-41.0
1776887358.1481028,0.0,1.0,-43.0
1776887358.1581028,2.0,3.0,-45.0
1776887358.1681027,3.0,2.0,-43.0
1776887358.1781027,2.0,0.0,-43.0
1776887358.1881027,0.0,-1.0,-38.0
1776887358.1981027,0.0,-4.0,-37.0
1776887358.2081027,0.0,-6.0,-35.0
1776887358.2181027,3.0,-7.0,-38.0
1776887358.2281027,4.0,-8.0,-38.0
1776887358.238103,1.0,-5.0,-32.0
1776887358.248103,-2.0,-5.0,-31.0
1776887358.258103,-2.0,-8.0,-35.0
1776887358.2681026,-4.0,-3.0,-33.0
1776887358.2781026,-4.0,-1.0,-31.0
1776887358.2881026,-3.0,1.0,-33.0
1776887358.2981029,-3.0,-2.0,-35.0
1776887358.3081028,-3.0,-5.0,-35.0
1776887358.3181028,-6.0,-4.0,-37.0
1776887358.3281028,-3.0,-1.0,-35.0
1776887358.3381028,0.0,-6.0,-34.0
1776887358.3481028,0.0,-7.0,-41.0
1776887358.3581028,3.0,-10.0,-42.0
1776887358.3681028,4.0,-11.0,-36.0
1776887358.3781028,3.0,-8.0,-35.0
1776887358.3881028,5.0,0.0,-28.0
1776887358.3981028,2.0,-4.0,-30.0
1776887358.4081028,6.0,-6.0,-31.0
1776887358.4181027,12.0,-4.0,-33.0
1776887358.4281027,10.0,-5.0,-29.0
1776887358.4381027,5.0,-4.0,-33.0
1776887358.4481027,4.0,-6.0,-34.0
1776887358.4581027,7.0,-2.0,-31.0
1776887358.4681027,5.0,-4.0,-30.0
1776887358.4781027,3.0,-5.0,-30.0
1776887358.488103,5.0,-8.0,-32.0
1776887358.498103,5.0,-6.0,-36.0
1776887358.508103,7.0,-6.0,-36.0
1776887358.5181026,3.0,-3.0,-42.0
1776887358.5281026,1.0,-2.0,-40.0
1776887358.5381026,4.0,-1.0,-37.0
1776887358.5481029,5.0,-5.0,-43.0
1776887358.5581028,9.0,-9.0,-48.0
1776887358.5681028,10.0,-10.0,-48.0
1776887358.5781028,7.0,-5.0,-43.0
1776887358.5881028,5.0,-1.0,-33.0
1776887358.5981028,4.0,0.0,-33.0
1776887358.6081028,5.0,-2.0,-32.0
1776887358.6181028,5.0,-1.0,-35.0
1776887358.6281028,4.0,-2.0,-35.0
1776887358.6381028,5.0,-1.0,-33.0
1776887358.6481028,8.0,-1.0,-33.0
1776887358.6581028,5.0,1.0,-36.0
1776887358.6681027,0.0,3.0,-31.0
1776887358.6781027,-1.0,0.0,-32.0
1776887358.6881027,-2.0,1.0,-36.0
1776887358.6981027,2.0,-4.0,-40.0
1776887358.7081027,3.0,0.0,-41.0
1776887358.7181027,-2.0,1.0,-42.0
1776887358.7281027,2.0,4.0,-49.0
1776887358.738103,0.0,3.0,-43.0
1776887358.748103,0.0,0.0,-39.0
1776887358.758103,2.0,-1.0,-44.0
1776887358.7681026,2.0,0.0,-37.0
1776887358.7781026,1.0,1.0,-39.0
1776887358.7881026,0.0,-2.0,-33.0
1776887358.7981029,-1.0,-2.0,-32.0
1776887358.8081028,0.0,-5.0,-32.0
1776887358.8181028,1.0,0.0,-33.0
1776887358.8281028,0.0,0.0,-35.0
1776887358.8381028,-1.0,-2.0,-33.0
1776887358.8481028,2.0,0.0,-28.0
1776887358.8581028,0.0,2.0,-27.0
1776887358.8681028,-3.0,0.0,-23.0
1776887358.8781028,0.0,0.0,-30.0
1776887358.8881028,0.0,1.0,-37.0
1776887358.8981028,-1.0,0.0,-37.0
1776887358.9081028,-1.0,2.0,-42.0
1776887358.9181027,0.0,4.0,-44.0
1776887358.9281027,0.0,7.0,-41.0
1776887358.9381027,1.0,4.0,-33.0
1776887358.9481027,1.0,0.0,-31.0
1776887358.9581027,0.0,1.0,-34.0
1776887358.9681027,0.0,1.0,-36.0
1776887358.9781027,0.0,1.0,-42.0
1776887358.988103,-1.0,-1.0,-48.0
1776887358.998103,0.0,0.0,-42.0
1776887359.008103,-2.0,-4.0,-45.0
1776887359.0181026,-5.0,-2.0,-50.0
1776887359.0281026,-3.0,-4.0,-49.0
1776887359.0381026,0.0,-3.0,-46.0
1776887359.0481029,-2.0,-1.0,-39.0
1776887359.0581028,0.0,0.0,-35.0
1776887359.0681028,2.0,-1.0,-30.0
1776887359.0781028,3.0,-1.0,-37.0
1776887359.0881028,5.0,-4.0,-45.0
1776887359.0981028,7.0,-2.0,-46.0
1776887359.1081028,7.0,-2.0,-42.0
1776887359.1181028,3.0,-2.0,-41.0
1776887359.1281028,-2.0,-4.0,-38.0
1776887359.1381028,0.0,-4.0,-40.0
1776887359.1481028,0.0,0.0,-41.0
1776887359.1581028,6.0,0.0,-39.0
1776887359.1681027,3.0,-2.0,-30.0
1776887359.1781027,0.0,0.0,-34.0
1776887359.1881027,-2.0,-2.0,-43.0
1776887359.1981027,1.0,-4.0,-37.0
1776887359.2081027,2.0,-5.0,-39.0
1776887359.2181027,6.0,-5.0,-37.0
1776887359.2281027,3.0,-8.0,-36.0
1776887359.238103,0.0,-8.0,-29.0
1776887359.248103,0.0,-5.0,-27.0
1776887359.258103,-1.0,-4.0,-35.0
1776887359.2681026,0.0,-1.0,-36.0
1776887359.2781026,5.0,-1.0,-36.0
1776887359.2881026,7.0,-4.0,-33.0
1776887359.2981029,5.0,-2.0,-34.0
1776887359.3081028,6.0,-2.0,-29.0
1776887359.3181028,4.0,-6.0,-31.0
1776887359.3281028,7.0,-10.0,-36.0
1776887359.3381028,8.0,-12.0,-35.0
1776887359.3481028,8.0,-10.0,-36.0
1776887359.3581028,2.0,-5.0,-39.0
1776887359.3681028,3.0,-2.0,-39.0
1776887359.3781028,5.0,-3.0,-38.0
1776887359.3881028,4.0,-6.0,-37.0
1776887359.3981028,3.0,-8.0,-36.0
1776887359.4081028,6.0,-5.0,-41.0
1776887359.4181027,6.0,-2.0,-42.0
1776887359.4281027,9.0,0.0,-39.0
1776887359.4381027,4.0,0.0,-40.0
1776887359.4481027,0.0,0.0,-41.0
1776887359.4581027,3.0,0.0,-42.0
1776887359.4681027,0.0,1.0,-35.0
1776887359.4781027,-2.0,0.0,-31.0
1776887359.488103,1.0,-2.0,-24.0
1776887359.498103,-2.0,-1.0,-21.0
1776887359.508103,-3.0,1.0,-19.0
1776887359.5181026,-2.0,0.0,-19.0
1776887359.5281026,0.0,-2.0,-22.0
1776887359.5381026,0.0,-2.0,-20.0
1776887359.5481029,0.0,-5.0,-21.0
1776887359.5581028,1.0,-2.0,-22.0
1776887359.5681028,4.0,0.0,-28.0
1776887359.5781028,6.0,-1.0,-22.0
1776887359.5881028,0.0,-3.0,-27.0
1776887359.5981028,0.0,-3.0,-29.0
1776887359.6081028,-1.0,-5.0,-30.0
1776887359.6181028,0.0,-5.0,-25.0
1776887359.6281028,6.0,-6.0,-25.0
1776887359.6381028,7.0,-9.0,-22.0
1776887359.6481028,8.0,-9.0,-26.0
1776887359.6581028,4.0,-2.0,-24.0
1776887359.6681027,4.0,-4.0,-24.0
1776887359.6781027,4.0,-5.0,-26.0
1776887359.6881027,3.0,-3.0,-29.0
1776887359.6981027,-1.0,-2.0,-28.0
1776887359.7081027,-6.0,-1.0,-30.0
1776887359.7181027,0.0,-3.0,-23.0
1776887359.7281027,3.0,-3.0,-18.0
1776887359.738103,0.0,-6.0,-21.0
1776887359.748103,-2.0,-6.0,-25.0
1776887359.758103,-4.0,-5.0,-22.0
1776887359.7681026,-4.0,-7.0,-27.0
1776887359.7781026,-4.0,0.0,-23.0
1776887359.7881026,0.0,-1.0,-23.0
1776887359.7981029,-1.0,-2.0,-25.0
1776887359.8081028,1.0,-2.0,-27.0
1776887359.8181028,3.0,0.0,-29.0
1776887359.8281028,6.0,0.0,-28.0
1776887359.8381028,4.0,-3.0,-32.0
1776887359.8481028,7.0,-7.0,-27.0
1776887359.8581028,10.0,-9.0,-37.0
1776887359.8681028,8.0,-8.0,-38.0
1776887359.8781028,3.0,-5.0,-44.0
1776887359.8881028,0.0,-8.0,-42.0
1776887359.8991027,0.0,-7.0,-41.0
1776887359.909103,-2.0,-5.0,-41.0
1776887359.919103,0.0,-2.0,-37.0
1776887359.929103,5.0,-1.0,-35.0
1776887359.9391026,-1.0,0.0,-39.0
1776887359.9491026,-5.0,0.0,-38.0
1776887359.9591026,0.0,2.0,-37.0
1776887359.9691026,2.0,0.0,-36.0
1776887359.9791028,3.0,-1.0,-34.0
1776887359.9891028,4.0,-5.0,-35.0
1776887359.9991028,5.0,-6.0,-38.0
1776887360.0091028,1.0,-3.0,-40.0
1776887360.0191028,4.0,-1.0,-29.0
1776887360.0291028,1.0,1.0,-25.0
1776887360.0391028,3.0,0.0,-24.0
1776887360.0491028,5.0,0.0,-31.0
1776887360.0591028,5.0,-2.0,-35.0
1776887360.0691028,5.0,-4.0,-34.0
1776887360.0791028,6.0,-4.0,-39.0
1776887360.0891027,3.0,-3.0,-34.0
1776887360.0991027,0.0,-2.0,-27.0
1776887360.1091027,0.0,0.0,-20.0
1776887360.1191027,0.0,-5.0,-27.0
1776887360.1291027,-3.0,-6.0,-25.0
1776887360.1391027,-5.0,-2.0,-29.0
1776887360.1491027,-3.0,0.0,-31.0
1776887360.159103,2.0,-2.0,-35.0
1776887360.169103,2.0,-5.0,-40.0
1776887360.179103,1.0,-5.0,-41.0
1776887360.1891026,3.0,-5.0,-34.0
1776887360.1991026,6.0,-6.0,-33.0
1776887360.2091026,9.0,-6.0,-45.0
1776887360.2191026,11.0,-5.0,-50.0
1776887360.2291028,11.0,-5.0,-43.0
1776887360.2391028,9.0,-3.0,-40.0
1776887360.2491028,8.0,-1.0,-29.0
1776887360.2591028,3.0,0.0,-33.0
1776887360.2691028,2.0,0.0,-41.0
1776887360.2791028,1.0,0.0,-44.0
1776887360.2891028,0.0,-5.0,-40.0
1776887360.2991028,2.0,-4.0,-34.0
1776887360.3091028,1.0,-2.0,-35.0
1776887360.3191028,0.0,-3.0,-36.0
1776887360.3291028,-1.0,-5.0,-35.0
1776887360.3391027,-1.0,-2.0,-35.0
1776887360.3491027,-5.0,-2.0,-41.0
1776887360.3591027,-6.0,-2.0,-36.0
1776887360.3691027,-5.0,-1.0,-33.0
1776887360.3791027,-7.0,-5.0,-39.0
1776887360.3891027,-8.0,-3.0,-38.0
1776887360.3991027,-12.0,-1.0,-32.0
1776887360.409103,-11.0,-3.0,-33.0
1776887360.419103,-5.0,-4.0,-28.0
1776887360.429103,-6.0,0.0,-28.0
1776887360.4391026,-2.0,-3.0,-29.0
1776887360.4491026,-3.0,-2.0,-29.0
1776887360.4591026,-5.0,-1.0,-31.0
1776887360.4691026,-1.0,-1.0,-24.0
1776887360.4791028,-2.0,2.0,-21.0
1776887360.4891028,-1.0,0.0,-25.0
1776887360.4991028,-4.0,-1.0,-22.0
1776887360.5091028,-5.0,-3.0,-23.0
1776887360.5191028,-4.0,-1.0,-29.0
1776887360.5291028,-1.0,0.0,-31.0
1776887360.5391028,4.0,0.0,-33.0
1776887360.5491028,2.0,0.0,-31.0
1776887360.5591028,1.0,-1.0,-32.0
1776887360.5691028,1.0,-3.0,-33.0
1776887360.5791028,0.0,0.0,-30.0
1776887360.5891027,0.0,0.0,-35.0
1776887360.5991027,1.0,-3.0,-31.0
1776887360.6091027,2.0,-8.0,-26.0
1776887360.6191027,4.0,-5.0,-27.0
1776887360.6291027,5.0,-5.0,-27.0
1776887360.6391027,5.0,-1.0,-25.0
1776887360.6491027,4.0,-3.0,-28.0
1776887360.659103,1.0,-3.0,-35.0
1776887360.669103,4.0,-5.0,-33.0
1776887360.679103,2.0,-3.0,-32.0
1776887360.6891026,5.0,-2.0,-36.0
1776887360.6991026,10.0,-3.0,-37.0
1776887360.7091026,10.0,-1.0,-35.0
1776887360.7191026,10.0,0.0,-38.0
1776887360.7291028,7.0,1.0,-36.0
1776887360.7391028,1.0,-1.0,-34.0
1776887360.7491028,1.0,-6.0,-36.0
1776887360.7591028,6.0,-8.0,-41.0
1776887360.7691028,7.0,-3.0,-45.0
1776887360.7791028,7.0,-3.0,-46.0
1776887360.7891028,6.0,-2.0,-40.0
1776887360.7991028,3.0,0.0,-31.0
1776887360.8091028,4.0,-2.0,-30.0
1776887360.8191028,0.0,0.0,-34.0
1776887360.8291028,-1.0,0.0,-34.0
1776887360.8391027,-6.0,0.0,-38.0
1776887360.8491027,-5.0,-1.0,-40.0
1776887360.8591027,0.0,2.0,-42.0
1776887360.8691027,-3.0,3.0,-42.0
1776887360.8791027,0.0,-1.0,-36.0
1776887360.8891027,3.0,-2.0,-40.0
1776887360.8991027,0.0,-1.0,-37.0
1776887360.909103,-2.0,-4.0,-33.0
1776887360.919103,-2.0,-5.0,-35.0
1776887360.929103,-2.0,-1.0,-37.0
1776887360.9391026,0.0,-1.0,-36.0
1776887360.9491026,0.0,-1.0,-42.0
1776887360.9591026,0.0,-5.0,-45.0
1776887360.9691026,-4.0,-3.0,-45.0
1776887360.9791028,-5.0,-2.0,-43.0
1776887360.9891028,-3.0,-2.0,-42.0
1776887360.9991028,-3.0,-3.0,-41.0
1776887361.0091028,-2.0,-9.0,-42.0
1776887361.0191028,-2.0,-11.0,-41.0
1776887361.0291028,-1.0,-13.0,-41.0
1776887361.0391028,1.0,-14.0,-44.0
1776887361.0491028,3.0,-13.0,-43.0
1776887361.0591028,4.0,-8.0,-34.0
1776887361.0691028,6.0,-7.0,-34.0
1776887361.0791028,1.0,-7.0,-43.0
1776887361.0891027,-2.0,-7.0,-40.0
1776887361.0991027,0.0,-4.0,-29.0
1776887361.1091027,0.0,-6.0,-27.0
1776887361.1191027,0.0,-7.0,-29.0
1776887361.1291027,-2.0,-4.0,-35.0
1776887361.1391027,0.0,-3.0,-39.0
1776887361.1491027,0.0,0.0,-38.0
1776887361.159103,0.0,-2.0,-33.0
1776887361.169103,0.0,-3.0,-27.0
1776887361.179103,0.0,0.0,-25.0
1776887361.1891026,0.0,3.0,-25.0
1776887361.1991026,-2.0,3.0,-26.0
1776887361.2091026,3.0,8.0,-34.0
1776887361.2191026,0.0,5.0,-39.0
1776887361.2291028,-1.0,5.0,-33.0
1776887361.2391028,0.0,3.0,-26.0
1776887361.2491028,-2.0,1.0,-23.0
1776887361.2591028,-2.0,5.0,-17.0
1776887361.2691028,0.0,6.0,-24.0
1776887361.2791028,-1.0,4.0,-22.0
1776887361.2891028,1.0,2.0,-25.0
1776887361.2991028,1.0,1.0,-28.0
1776887361.3091028,1.0,1.0,-25.0
1776887361.3191028,7.0,0.0,-34.0
1776887361.3291028,8.0,0.0,-40.0
1776887361.3391027,5.0,2.0,-33.0
1776887361.3491027,4.0,-1.0,-27.0
1776887361.3591027,3.0,-1.0,-31.0
1776887361.3691027,3.0,0.0,-36.0
1776887361.3791027,5.0,-4.0,-32.0
1776887361.3891027,1.0,-4.0,-28.0
1776887361.3991027,0.0,-3.0,-27.0
1776887361.409103,0.0,-1.0,-32.0
1776887361.419103,0.0,-3.0,-34.0
1776887361.429103,-1.0,0.0,-35.0
1776887361.4391026,-2.0,0.0,-32.0
1776887361.4491026,-3.0,0.0,-38.0
1776887361.4591026,-2.0,2.0,-35.0
1776887361.4691026,-4.0,-2.0,-39.0
1776887361.4791028,-3.0,-1.0,-39.0
1776887361.4891028,-5.0,-2.0,-37.0
1776887361.4991028,-2.0,2.0,-40.0
1776887361.5091028,-4.0,4.0,-38.0
1776887361.5191028,0.0,1.0,-39.0
1776887361.5291028,1.0,-2.0,-37.0
1776887361.5391028,5.0,-1.0,-42.0
1776887361.5491028,6.0,-1.0,-40.0
1776887361.5591028,3.0,0.0,-36.0
1776887361.5691028,7.0,0.0,-33.0
1776887361.5791028,6.0,-2.0,-37.0
1776887361.5891027,5.0,-4.0,-37.0
1776887361.5991027,7.0,-5.0,-37.0
1776887361.6091027,5.0,-3.0,-46.0
1776887361.6191027,5.0,0.0,-43.0
1776887361.6291027,2.0,2.0,-40.0
1776887361.6391027,1.0,2.0,-44.0
1776887361.6491027,0.0,3.0,-41.0
1776887361.659103,-2.0,1.0,-35.0
1776887361.669103,-1.0,0.0,-32.0
1776887361.679103,-6.0,1.0,-36.0
1776887361.6891026,-2.0,-1.0,-34.0
1776887361.6991026,0.0,-2.0,-29.0
1776887361.7091026,1.0,2.0,-23.0
1776887361.7191026,2.0,-1.0,-29.0
1776887361.7291028,1.0,-2.0,-34.0
1776887361.7391028,0.0,-4.0,-44.0
1776887361.7491028,-1.0,-6.0,-45.0
1776887361.7591028,2.0,-6.0,-40.0
1776887361.7691028,0.0,-4.0,-35.0
1776887361.7791028,1.0,-3.0,-33.0
1776887361.7891028,0.0,-2.0,-36.0
1776887361.7991028,1.0,-2.0,-41.0
1776887361.8091028,2.0,0.0,-40.0
1776887361.8191028,0.0,-1.0,-36.0
1776887361.8291028,3.0,-1.0,-36.0
1776887361.8391027,1.0,-6.0,-40.0
1776887361.8491027,1.0,-6.0,-41.0
1776887361.8591027,0.0,-3.0,-38.0
1776887361.8691027,0.0,0.0,-46.0
1776887361.8801026,-2.0,2.0,-47.0
1776887361.8891027,2.0,2.0,-40.0
1776887361.8991027,4.0,0.0,-43.0
1776887361.9101028,1.0,2.0,-45.0
1776887361.9201028,0.0,4.0,-42.0
1776887361.9301028,1.0,4.0,-39.0
1776887361.9401028,2.0,5.0,-40.0
1776887361.9501028,-2.0,5.0,-44.0
1776887361.9601028,-4.0,4.0,-47.0
1776887361.9701028,-1.0,2.0,-49.0
1776887361.9801028,-3.0,1.0,-48.0
1776887361.9901028,-5.0,0.0,-46.0
1776887362.0001028,-1.0,-2.0,-48.0
1776887362.0101027,3.0,0.0,-43.0
1776887362.0201027,7.0,4.0,-37.0
1776887362.0301027,4.0,8.0,-34.0
1776887362.0401027,1.0,3.0,-28.0
1776887362.0501027,5.0,6.0,-27.0
1776887362.0601027,0.0,8.0,-31.0
1776887362.0701027,0.0,6.0,-30.0
1776887362.0801027,-1.0,4.0,-30.0
1776887362.090103,0.0,6.0,-33.0
1776887362.100103,0.0,5.0,-28.0
1776887362.110103,6.0,2.0,-28.0
1776887362.1201026,5.0,2.0,-26.0
1776887362.1301026,4.0,2.0,-32.0
1776887362.1401026,5.0,-1.0,-33.0
1776887362.1501029,4.0,0.0,-30.0
1776887362.1601028,4.0,-1.0,-31.0
1776887362.1701028,3.0,0.0,-31.0
1776887362.1801028,3.0,2.0,-32.0
1776887362.1901028,2.0,6.0,-32.0
1776887362.2001028,3.0,7.0,-31.0
1776887362.2101028,2.0,6.0,-34.0
1776887362.2201028,2.0,6.0,-36.0
1776887362.2301028,6.0,3.0,-37.0
1776887362.2401028,5.0,0.0,-38.0
1776887362.2501028,7.0,-4.0,-37.0
1776887362.2601027,4.0,-6.0,-42.0
1776887362.2701027,3.0,-5.0,-43.0
1776887362.2801027,8.0,-2.0,-44.0
1776887362.2901027,5.0,-3.0,-44.0
1776887362.3001027,-2.0,0.0,-41.0
1776887362.3101027,-5.0,1.0,-38.0
1776887362.3201027,-3.0,0.0,-33.0
1776887362.3301027,0.0,-1.0,-31.0
1776887362.340103,4.0,-2.0,-39.0
1776887362.350103,2.0,-4.0,-39.0
1776887362.360103,1.0,-3.0,-37.0
1776887362.3701026,1.0,-2.0,-42.0
1776887362.3801026,2.0,-2.0,-52.0
1776887362.3901026,0.0,0.0,-53.0
1776887362.4001029,-2.0,2.0,-48.0
1776887362.4101028,-6.0,1.0,-39.0
1776887362.4201028,-4.0,0.0,-40.0
1776887362.4301028,0.0,-2.0,-48.0
1776887362.4401028,2.0,-6.0,-47.0
1776887362.4501028,0.0,-4.0,-41.0
1776887362.4601028,-2.0,0.0,-38.0
1776887362.4701028,-5.0,0.0,-32.0
1776887362.4801028,-6.0,2.0,-35.0
1776887362.4901028,-6.0,2.0,-35.0
1776887362.5001028,-6.0,3.0,-31.0
1776887362.5101027,-5.0,4.0,-26.0
1776887362.5201027,-4.0,5.0,-29.0
1776887362.5301027,-4.0,4.0,-38.0
1776887362.5401027,-5.0,4.0,-44.0
1776887362.5501027,-2.0,5.0,-50.0
1776887362.5601027,-2.0,1.0,-51.0
1776887362.5701027,0.0,-2.0,-49.0
1776887362.5801027,2.0,-1.0,-41.0
1776887362.590103,7.0,-2.0,-42.0
1776887362.600103,0.0,-3.0,-44.0
1776887362.610103,0.0,-4.0,-41.0
1776887362.6201026,1.0,-4.0,-36.0
1776887362.6301026,7.0,-4.0,-35.0
1776887362.6401026,3.0,-4.0,-39.0
1776887362.6501029,0.0,-3.0,-36.0
1776887362.6601028,3.0,-2.0,-33.0
1776887362.6701028,3.0,-5.0,-33.0
1776887362.6801028,2.0,-2.0,-34.0
1776887362.6901028,3.0,-3.0,-39.0
1776887362.7001028,8.0,0.0,-40.0
1776887362.7101028,9.0,1.0,-38.0
1776887362.7201028,14.0,0.0,-32.0
1776887362.7301028,12.0,-1.0,-29.0
1776887362.7401028,8.0,1.0,-30.0
1776887362.7501028,5.0,3.0,-25.0
1776887362.7601027,5.0,2.0,-23.0
1776887362.7701027,0.0,1.0,-18.0
1776887362.7801027,2.0,-2.0,-17.0
1776887362.7901027,1.0,0.0,-9.0
1776887362.8001027,0.0,0.0,-13.0
1776887362.8101027,2.0,0.0,-17.0
1776887362.8201027,-1.0,-1.0,-20.0
1776887362.8301027,-6.0,0.0,-21.0
1776887362.840103,-7.0,1.0,-25.0
1776887362.850103,-4.0,0.0,-30.0
1776887362.860103,-3.0,1.0,-36.0
1776887362.8701026,-1.0,0.0,-41.0
1776887362.8801026,0.0,-1.0,-40.0
1776887362.8901026,0.0,1.0,-48.0
1776887362.9001029,-6.0,7.0,-48.0
1776887362.9101028,-7.0,5.0,-45.0
1776887362.9201028,-4.0,0.0,-42.0
1776887362.9301028,0.0,0.0,-35.0
1776887362.9401028,3.0,0.0,-26.0
1776887362.9501028,3.0,0.0,-22.0
1776887362.9601028,5.0,1.0,-20.0
1776887362.9701028,6.0,-2.0,-26.0
1776887362.9801028,5.0,-3.0,-31.0
1776887362.9901028,5.0,-3.0,-36.0
1776887363.0001028,2.0,-1.0,-40.0
1776887363.0101027,0.0,0.0,-36.0
1776887363.0201027,5.0,0.0,-40.0
1776887363.0301027,5.0,-2.0,-39.0
1776887363.0401027,2.0,0.0,-32.0
1776887363.0501027,4.0,0.0,-34.0
1776887363.0601027,4.0,0.0,-35.0
1776887363.0701027,2.0,-2.0,-41.0
1776887363.0801027,0.0,-3.0,-37.0
1776887363.090103,-4.0,0.0,-36.0
1776887363.100103,-8.0,-2.0,-35.0
1776887363.110103,-6.0,-2.0,-35.0
1776887363.1201026,-4.0,1.0,-42.0
1776887363.1301026,-6.0,4.0,-43.0
1776887363.1401026,-7.0,4.0,-42.0
1776887363.1501029,-5.0,0.0,-42.0
1776887363.1601028,-7.0,1.0,-45.0
1776887363.1701028,-3.0,0.0,-39.0
1776887363.1801028,0.0,1.0,-31.0
1776887363.1901028,1.0,1.0,-34.0
1776887363.2001028,0.0,-1.0,-37.0
1776887363.2101028,1.0,0.0,-35.0
1776887363.2201028,0.0,1.0,-36.0
1776887363.2301028,2.0,-2.0,-34.0
1776887363.2401028,7.0,-4.0,-34.0
1776887363.2501028,9.0,-2.0,-42.0
1776887363.2601027,4.0,-2.0,-40.0
1776887363.2701027,3.0,0.0,-38.0
1776887363.2801027,0.0,2.0,-35.0
1776887363.2901027,3.0,2.0,-38.0
1776887363.3001027,7.0,1.0,-33.0
1776887363.3101027,11.0,0.0,-36.0
1776887363.3201027,15.0,0.0,-30.0
1776887363.3301027,12.0,-1.0,-34.0
1776887363.340103,8.0,0.0,-34.0
1776887363.350103,3.0,0.0,-34.0
1776887363.360103,2.0,4.0,-41.0
1776887363.3701026,3.0,2.0,-48.0
1776887363.3801026,7.0,2.0,-47.0
1776887363.3901026,6.0,1.0,-40.0
1776887363.4001029,5.0,2.0,-31.0
1776887363.4101028,4.0,5.0,-26.0
1776887363.4201028,1.0,0.0,-23.0
1776887363.4301028,4.0,0.0,-22.0
1776887363.4401028,3.0,-1.0,-26.0
1776887363.4501028,4.0,-6.0,-30.0
1776887363.4601028,6.0,-7.0,-25.0
1776887363.4701028,2.0,-5.0,-25.0
1776887363.4801028,4.0,-7.0,-25.0
1776887363.4901028,4.0,-5.0,-27.0
1776887363.5001028,2.0,-5.0,-27.0
1776887363.5101027,2.0,-2.0,-29.0
1776887363.5201027,4.0,-2.0,-28.0
1776887363.5301027,6.0,-3.0,-29.0
1776887363.5401027,4.0,-1.0,-30.0
1776887363.5501027,5.0,-3.0,-32.0
1776887363.5601027,6.0,-5.0,-32.0
1776887363.5701027,6.0,-7.0,-30.0
1776887363.5801027,7.0,-6.0,-34.0
1776887363.590103,6.0,-3.0,-36.0
1776887363.600103,2.0,-3.0,-38.0
1776887363.610103,1.0,-3.0,-39.0
1776887363.6201026,0.0,-2.0,-37.0
1776887363.6301026,0.0,-1.0,-41.0
1776887363.6401026,2.0,-3.0,-43.0
1776887363.6501029,-1.0,-3.0,-35.0
1776887363.6601028,-3.0,-1.0,-32.0
1776887363.6701028,-4.0,-2.0,-33.0
1776887363.6801028,-9.0,3.0,-30.0
1776887363.6901028,-7.0,2.0,-31.0
1776887363.7001028,-7.0,-2.0,-27.0
1776887363.7101028,-4.0,0.0,-30.0
1776887363.7201028,0.0,-2.0,-30.0
1776887363.7301028,0.0,-1.0,-33.0
1776887363.7401028,2.0,-4.0,-30.0
1776887363.7501028,1.0,-3.0,-26.0
1776887363.7601027,-3.0,-3.0,-26.0
1776887363.7701027,-2.0,-2.0,-31.0
1776887363.7801027,-5.0,-4.0,-30.0
1776887363.7901027,-10.0,-4.0,-28.0
1776887363.8001027,-9.0,-3.0,-26.0
1776887363.8101027,-8.0,-3.0,-28.0
1776887363.8201027,-8.0,-5.0,-30.0
1776887363.8301027,-8.0,-5.0,-35.0
1776887363.840103,-7.0,-2.0,-38.0
1776887363.850103,-4.0,-3.0,-35.0
1776887363.860103,-2.0,-4.0,-30.0
1776887363.8701026,-1.0,-5.0,-23.0
1776887363.8801026,2.0,-3.0,-30.0
1776887363.8901026,1.0,-2.0,-28.0
1776887363.9011028,1.0,1.0,-34.0
1776887363.9101028,-7.0,0.0,-33.0
1776887363.9211028,-6.0,0.0,-33.0
1776887363.9311028,-5.0,-3.0,-42.0
1776887363.9411027,-6.0,-6.0,-42.0
1776887363.9511027,-6.0,-8.0,-42.0
1776887363.9611027,-3.0,-6.0,-40.0
1776887363.9711027,-1.0,-3.0,-36.0
1776887363.9811027,-2.0,-7.0,-28.0
1776887363.9911027,-1.0,-1.0,-27.0
1776887364.0011027,0.0,-2.0,-27.0
1776887364.011103,-4.0,-5.0,-28.0
1776887364.021103,-5.0,-10.0,-32.0
1776887364.031103,-1.0,-8.0,-32.0
1776887364.0411026,-1.0,-3.0,-38.0
1776887364.0511026,-3.0,-2.0,-41.0
1776887364.0611026,-1.0,1.0,-47.0
1776887364.0711029,0.0,3.0,-47.0
1776887364.0811028,0.0,1.0,-42.0
1776887364.0911028,0.0,-1.0,-41.0
1776887364.1011028,2.0,-3.0,-46.0
1776887364.1111028,5.0,-4.0,-39.0
1776887364.1211028,3.0,-4.0,-42.0
1776887364.1311028,0.0,-4.0,-39.0
1776887364.1411028,0.0,0.0,-40.0
1776887364.1511028,-1.0,-1.0,-39.0
1776887364.1611028,-2.0,2.0,-40.0
1776887364.1711028,-1.0,-3.0,-35.0
1776887364.1811028,-5.0,-4.0,-32.0
1776887364.1911027,-3.0,-5.0,-28.0
1776887364.2011027,-2.0,-6.0,-25.0
1776887364.2111027,0.0,-8.0,-28.0
1776887364.2211027,-2.0,-8.0,-32.0
1776887364.2311027,-2.0,-7.0,-27.0
1776887364.2411027,0.0,-3.0,-22.0
1776887364.2511027,-4.0,0.0,-31.0
1776887364.261103,-1.0,-2.0,-34.0
1776887364.271103,2.0,0.0,-34.0
1776887364.281103,5.0,-3.0,-36.0
1776887364.2911026,7.0,-3.0,-35.0
1776887364.3011026,6.0,-3.0,-35.0
1776887364.3111026,5.0,-9.0,-42.0
1776887364.3211029,6.0,-10.0,-41.0
1776887364.3311028,6.0,-12.0,-44.0
1776887364.3411028,5.0,-8.0,-41.0
1776887364.3511028,2.0,-10.0,-34.0
1776887364.3611028,0.0,-11.0,-31.0
1776887364.3711028,2.0,-8.0,-31.0
1776887364.3811028,-1.0,-5.0,-33.0
1776887364.3911028,-2.0,-1.0,-38.0
1776887364.4011028,-3.0,0.0,-36.0
1776887364.4111028,-3.0,-4.0,-33.0
1776887364.4211028,-2.0,-3.0,-29.0
1776887364.4311028,0.0,-3.0,-31.0
1776887364.4411027,0.0,-4.0,-35.0
1776887364.4511027,-2.0,-5.0,-41.0
1776887364.4611027,-3.0,-3.0,-33.0
1776887364.4711027,-2.0,-5.0,-31.0
1776887364.4811027,-3.0,-7.0,-31.0
1776887364.4911027,0.0,-6.0,-28.0
1776887364.5011027,4.0,-5.0,-34.0
1776887364.511103,8.0,-5.0,-37.0
1776887364.521103,9.0,-3.0,-35.0
1776887364.531103,6.0,-4.0,-30.0
1776887364.5411026,5.0,-5.0,-31.0
1776887364.5511026,3.0,-2.0,-33.0
1776887364.5611026,4.0,-5.0,-41.0
1776887364.5711029,6.0,-2.0,-44.0
1776887364.5811028,0.0,-3.0,-42.0
1776887364.5911028,3.0,-5.0,-43.0
1776887364.6011028,4.0,0.0,-42.0
1776887364.6111028,1.0,0.0,-44.0
1776887364.6211028,0.0,-4.0,-41.0
1776887364.6311028,1.0,-5.0,-34.0
1776887364.6411028,0.0,-5.0,-35.0
1776887364.6511028,0.0,-6.0,-35.0
1776887364.6611028,4.0,-4.0,-36.0
1776887364.6711028,1.0,-3.0,-27.0
1776887364.6811028,1.0,-5.0,-27.0
1776887364.6911027,2.0,-1.0,-32.0
1776887364.7011027,0.0,2.0,-35.0
1776887364.7111027,-1.0,0.0,-33.0
1776887364.7211027,-4.0,3.0,-28.0
1776887364.7311027,2.0,4.0,-34.0
1776887364.7411027,-1.0,3.0,-37.0
1776887364.7511027,-6.0,3.0,-41.0
1776887364.761103,0.0,4.0,-45.0
1776887364.771103,5.0,6.0,-39.0
1776887364.781103,3.0,6.0,-34.0
1776887364.7911026,2.0,1.0,-31.0
1776887364.8011026,6.0,2.0,-31.0
1776887364.8111026,4.0,1.0,-34.0
1776887364.8211029,2.0,1.0,-36.0
1776887364.8311028,3.0,4.0,-29.0
1776887364.8411028,0.0,0.0,-36.0
1776887364.8511028,-2.0,1.0,-34.0
1776887364.8611028,-5.0,2.0,-33.0
1776887364.8711028,-8.0,1.0,-31.0
1776887364.8811028,-1.0,-1.0,-29.0
1776887364.8911028,1.0,1.0,-29.0
1776887364.9011028,7.0,2.0,-36.0
1776887364.9111028,4.0,-1.0,-39.0
1776887364.9211028,2.0,-2.0,-36.0
1776887364.9311028,4.0,0.0,-36.0
1776887364.9411027,6.0,4.0,-39.0
1776887364.9511027,3.0,2.0,-45.0
1776887364.9611027,0.0,1.0,-39.0
1776887364.9711027,0.0,0.0,-34.0
1776887364.9811027,1.0,5.0,-33.0
1776887364.9911027,0.0,7.0,-38.0
1776887365.0011027,-3.0,8.0,-31.0
1776887365.011103,-2.0,8.0,-30.0
1776887365.021103,2.0,2.0,-29.0
1776887365.031103,4.0,1.0,-34.0
1776887365.0411026,7.0,0.0,-31.0
1776887365.0511026,4.0,-2.0,-33.0
1776887365.0611026,6.0,-3.0,-37.0
1776887365.0711029,6.0,-4.0,-43.0
1776887365.0811028,6.0,-3.0,-37.0
1776887365.0911028,6.0,-3.0,-28.0
1776887365.1011028,4.0,0.0,-24.0
1776887365.1111028,2.0,-1.0,-24.0
1776887365.1211028,0.0,-2.0,-27.0
1776887365.1311028,-1.0,-5.0,-30.0
1776887365.1411028,3.0,-3.0,-33.0
1776887365.1511028,1.0,-1.0,-27.0
1776887365.1611028,0.0,2.0,-30.0
1776887365.1711028,0.0,4.0,-37.0
1776887365.1811028,0.0,4.0,-40.0
1776887365.1911027,3.0,4.0,-38.0
1776887365.2011027,4.0,4.0,-42.0
1776887365.2111027,7.0,2.0,-47.0
1776887365.2211027,5.0,2.0,-45.0
1776887365.2311027,3.0,0.0,-42.0
1776887365.2411027,5.0,0.0,-47.0
1776887365.2511027,0.0,4.0,-50.0
1776887365.261103,0.0,6.0,-44.0
1776887365.271103,-1.0,-1.0,-40.0
1776887365.281103,-3.0,-4.0,-44.0
1776887365.2911026,-3.0,-8.0,-47.0
1776887365.3011026,-5.0,-7.0,-47.0
1776887365.3111026,-8.0,-5.0,-42.0
1776887365.3211029,-6.0,1.0,-42.0
1776887365.3311028,-6.0,4.0,-43.0
1776887365.3411028,-7.0,5.0,-46.0
1776887365.3511028,-4.0,4.0,-45.0
1776887365.3611028,-3.0,6.0,-51.0
1776887365.3711028,-4.0,7.0,-48.0
1776887365.3811028,-2.0,3.0,-43.0
1776887365.3911028,-2.0,4.0,-35.0
1776887365.4011028,-1.0,2.0,-33.0
1776887365.4111028,0.0,0.0,-35.0
1776887365.4211028,1.0,0.0,-38.0
1776887365.4311028,0.0,3.0,-41.0
1776887365.4411027,-1.0,1.0,-37.0
1776887365.4511027,1.0,0.0,-33.0
1776887365.4611027,3.0,2.0,-29.0
1776887365.4711027,0.0,-4.0,-25.0
1776887365.4811027,0.0,-4.0,-27.0
1776887365.4911027,1.0,-5.0,-26.0
1776887365.5011027,-3.0,-3.0,-28.0
1776887365.511103,-5.0,-8.0,-30.0
1776887365.521103,-1.0,-13.0,-33.0
1776887365.531103,-1.0,-14.0,-31.0
1776887365.5411026,3.0,-9.0,-34.0
1776887365.5511026,6.0,-8.0,-37.0
1776887365.5611026,5.0,-7.0,-45.0
1776887365.5711029,0.0,-7.0,-40.0
1776887365.5811028,0.0,-10.0,-39.0
1776887365.5911028,-1.0,-11.0,-43.0
1776887365.6011028,-2.0,-8.0,-35.0
1776887365.6111028,-1.0,-8.0,-36.0
1776887365.6211028,0.0,-6.0,-38.0
1776887365.6311028,-1.0,-6.0,-38.0
1776887365.6411028,1.0,-5.0,-32.0
1776887365.6511028,3.0,-5.0,-31.0
1776887365.6611028,1.0,-4.0,-34.0
1776887365.6711028,-1.0,-3.0,-35.0
1776887365.6811028,2.0,-3.0,-40.0
1776887365.6911027,3.0,-7.0,-44.0
1776887365.7011027,3.0,-6.0,-46.0
1776887365.7111027,4.0,-6.0,-44.0
1776887365.7211027,-1.0,-5.0,-42.0
1776887365.7311027,-2.0,-5.0,-37.0
1776887365.7411027,-2.0,-2.0,-33.0
1776887365.7511027,-2.0,-1.0,-26.0
1776887365.761103,-1.0,2.0,-22.0
1776887365.771103,-5.0,3.0,-29.0
1776887365.781103,-8.0,-3.0,-25.0
1776887365.7911026,-4.0,-3.0,-27.0
1776887365.8011026,-3.0,-2.0,-28.0
1776887365.8111026,0.0,-2.0,-27.0
1776887365.8211029,-1.0,-2.0,-29.0
1776887365.8311028,-4.0,-2.0,-30.0
1776887365.8411028,-6.0,-3.0,-33.0
1776887365.8511028,-3.0,-2.0,-38.0
1776887365.8611028,-2.0,-5.0,-39.0
1776887365.8711028,-2.0,-5.0,-43.0
1776887365.8811028,-2.0,-5.0,-44.0
1776887365.8911028,-1.0,-5.0,-42.0
1776887365.9011028,-1.0,-5.0,-39.0
1776887365.9111028,-1.0,-5.0,-40.0
1776887365.9221027,2.0,-5.0,-39.0
1776887365.932103,2.0,-6.0,-44.0
1776887365.942103,4.0,-5.0,-44.0
1776887365.952103,2.0,-1.0,-42.0
1776887365.962103,3.0,-2.0,-40.0
1776887365.9721026,1.0,-5.0,-36.0
1776887365.9821026,0.0,-8.0,-40.0
1776887365.9921026,0.0,-8.0,-48.0
1776887366.0021029,-3.0,-8.0,-47.0
1776887366.0121028,-3.0,-3.0,-36.0
1776887366.0221028,0.0,-2.0,-38.0
1776887366.0321028,0.0,0.0,-33.0
1776887366.0421028,2.0,0.0,-27.0
1776887366.0521028,5.0,0.0,-28.0
1776887366.0621028,4.0,-2.0,-28.0
1776887366.0721028,-3.0,0.0,-28.0
1776887366.0821028,-4.0,-1.0,-29.0
1776887366.0921028,-3.0,0.0,-23.0
1776887366.1021028,0.0,2.0,-23.0
1776887366.1121027,3.0,3.0,-23.0
1776887366.1221027,-1.0,1.0,-22.0
1776887366.1321027,3.0,0.0,-23.0
1776887366.1421027,3.0,-2.0,-24.0
1776887366.1521027,3.0,0.0,-26.0
1776887366.1621027,3.0,-1.0,-27.0
1776887366.1721027,2.0,0.0,-35.0
1776887366.182103,0.0,-1.0,-36.0
1776887366.192103,1.0,-2.0,-31.0
1776887366.202103,1.0,-7.0,-33.0
1776887366.212103,-1.0,-4.0,-34.0
1776887366.2221026,-1.0,-2.0,-32.0
1776887366.2321026,1.0,-2.0,-37.0
1776887366.2421026,4.0,0.0,-38.0
1776887366.2521029,-2.0,1.0,-33.0
1776887366.2621028,-4.0,2.0,-26.0
1776887366.2721028,-3.0,0.0,-25.0
1776887366.2821028,-2.0,-2.0,-26.0
1776887366.2921028,-4.0,-6.0,-31.0
1776887366.3021028,-4.0,-6.0,-37.0
1776887366.3121028,-1.0,-4.0,-44.0
1776887366.3221028,0.0,-3.0,-45.0
1776887366.3321028,-3.0,-4.0,-45.0
1776887366.3421028,-7.0,-2.0,-47.0
1776887366.3521028,-2.0,-2.0,-46.0
1776887366.3621027,-2.0,-6.0,-41.0
1776887366.3721027,-2.0,-9.0,-38.0
1776887366.3821027,1.0,-4.0,-39.0
1776887366.3921027,-5.0,-3.0,-42.0
1776887366.4021027,-4.0,-5.0,-38.0
1776887366.4121027,-4.0,-6.0,-40.0
1776887366.4221027,-4.0,-3.0,-38.0
1776887366.432103,-4.0,-3.0,-40.0
1776887366.442103,-5.0,-2.0,-43.0
1776887366.452103,-4.0,-2.0,-48.0
1776887366.462103,-2.0,-3.0,-46.0
1776887366.4721026,-2.0,-3.0,-44.0
1776887366.4821026,1.0,-2.0,-46.0
1776887366.4921026,-1.0,1.0,-38.0
1776887366.5021029,-1.0,3.0,-35.0
1776887366.5121028,-1.0,1.0,-34.0
1776887366.5221028,-4.0,0.0,-27.0
1776887366.5321028,-3.0,1.0,-31.0
1776887366.5421028,-5.0,3.0,-28.0
1776887366.5521028,-5.0,2.0,-31.0
1776887366.5621028,-3.0,1.0,-30.0
1776887366.5721028,-1.0,1.0,-31.0
1776887366.5821028,0.0,2.0,-33.0
1776887366.5921028,0.0,0.0,-35.0
1776887366.6021028,1.0,1.0,-40.0
1776887366.6121027,-2.0,0.0,-41.0
1776887366.6221027,-3.0,0.0,-41.0
1776887366.6321027,-1.0,-1.0,-43.0
1776887366.6421027,0.0,-1.0,-45.0
1776887366.6521027,0.0,-4.0,-43.0
1776887366.6621027,0.0,-2.0,-37.0
1776887366.6721027,1.0,-1.0,-40.0
1776887366.682103,0.0,-1.0,-40.0
1776887366.692103,0.0,0.0,-37.0
1776887366.702103,-1.0,0.0,-41.0
1776887366.712103,-6.0,-4.0,-42.0
1776887366.7221026,-4.0,-5.0,-43.0
1776887366.7321026,-3.0,-5.0,-41.0
1776887366.7421026,-1.0,0.0,-39.0
1776887366.7521029,-1.0,0.0,-32.0
1776887366.7621028,-2.0,-3.0,-31.0
1776887366.7721028,-4.0,-5.0,-41.0
1776887366.7821028,0.0,-4.0,-45.0
1776887366.7921028,-3.0,-4.0,-41.0
1776887366.8021028,-3.0,-3.0,-40.0
1776887366.8121028,-2.0,1.0,-36.0
1776887366.8221028,-1.0,3.0,-36.0
1776887366.8321028,0.0,1.0,-42.0
1776887366.8421028,0.0,0.0,-42.0
1776887366.8521028,-6.0,-2.0,-38.0
1776887366.8621027,-9.0,0.0,-38.0
1776887366.8721027,-5.0,0.0,-37.0
1776887366.8821027,-5.0,-2.0,-38.0
1776887366.8921027,-8.0,-7.0,-35.0
1776887366.9021027,-6.0,-3.0,-37.0
1776887366.9121027,-1.0,-4.0,-35.0
1776887366.9221027,3.0,-4.0,-35.0
1776887366.932103,2.0,-7.0,-39.0
1776887366.942103,4.0,-6.0,-39.0
1776887366.952103,-1.0,-9.0,-37.0
1776887366.962103,0.0,-6.0,-34.0
1776887366.9721026,1.0,-5.0,-33.0
1776887366.9821026,1.0,-2.0,-36.0
1776887366.9921026,-3.0,-4.0,-41.0
1776887367.0021029,-5.0,-3.0,-39.0
1776887367.0121028,-5.0,-2.0,-38.0
1776887367.0221028,-6.0,1.0,-36.0
1776887367.0321028,0.0,0.0,-30.0
1776887367.0421028,0.0,-3.0,-30.0
1776887367.0521028,-1.0,-1.0,-29.0
1776887367.0621028,-3.0,0.0,-37.0
1776887367.0721028,-1.0,-1.0,-34.0
1776887367.0821028,0.0,-1.0,-34.0
1776887367.0921028,3.0,1.0,-33.0
1776887367.1021028,5.0,1.0,-31.0
1776887367.1121027,4.0,1.0,-28.0
1776887367.1221027,4.0,0.0,-25.0
1776887367.1321027,4.0,2.0,-30.0
1776887367.1421027,10.0,-1.0,-33.0
1776887367.1521027,12.0,-5.0,-33.0
1776887367.1621027,9.0,-4.0,-30.0
1776887367.1721027,7.0,-4.0,-33.0
1776887367.182103,2.0,-5.0,-38.0
1776887367.192103,2.0,-2.0,-32.0
1776887367.202103,2.0,-3.0,-30.0
1776887367.212103,0.0,-3.0,-30.0
1776887367.2221026,-1.0,-2.0,-30.0
1776887367.2321026,0.0,-1.0,-30.0
1776887367.2421026,0.0,0.0,-34.0
1776887367.2521029,0.0,0.0,-42.0
1776887367.2621028,0.0,0.0,-33.0
1776887367.2721028,2.0,-4.0,-35.0
1776887367.2821028,0.0,0.0,-40.0
1776887367.2921028,0.0,2.0,-41.0
1776887367.3021028,-2.0,0.0,-37.0
1776887367.3121028,0.0,-3.0,-38.0
1776887367.3221028,-3.0,-2.0,-44.0
1776887367.3321028,3.0,-1.0,-49.0
1776887367.3421028,2.0,-3.0,-41.0
1776887367.3521028,-1.0,0.0,-38.0
1776887367.3621027,-3.0,0.0,-30.0
1776887367.3721027,-1.0,0.0,-26.0
1776887367.3821027,0.0,0.0,-22.0
1776887367.3921027,1.0,0.0,-29.0
1776887367.4021027,5.0,6.0,-34.0
1776887367.4121027,5.0,2.0,-36.0
1776887367.4221027,3.0,3.0,-39.0
1776887367.432103,0.0,0.0,-27.0
1776887367.442103,1.0,-2.0,-21.0
1776887367.452103,0.0,-3.0,-24.0
1776887367.462103,3.0,-2.0,-29.0
1776887367.4721026,0.0,1.0,-34.0
1776887367.4821026,4.0,-1.0,-36.0
1776887367.4921026,3.0,0.0,-41.0
1776887367.5021029,4.0,1.0,-39.0
1776887367.5121028,1.0,0.0,-31.0
1776887367.5221028,0.0,0.0,-30.0
1776887367.5321028,-2.0,-5.0,-33.0
1776887367.5421028,-2.0,-1.0,-25.0
1776887367.5521028,-2.0,-3.0,-31.0
1776887367.5621028,-5.0,1.0,-32.0
1776887367.5721028,-6.0,0.0,-33.0
1776887367.5821028,-4.0,1.0,-42.0
1776887367.5921028,-5.0,-1.0,-49.0
1776887367.6021028,-5.0,-8.0,-47.0
1776887367.6121027,-3.0,-5.0,-47.0
1776887367.6221027,-3.0,-6.0,-46.0
1776887367.6321027,-1.0,-4.0,-46.0
1776887367.6421027,2.0,-2.0,-42.0
1776887367.6521027,3.0,-5.0,-39.0
1776887367.6621027,0.0,-1.0,-41.0
1776887367.6721027,-2.0,2.0,-40.0
1776887367.682103,0.0,0.0,-43.0
1776887367.692103,1.0,-2.0,-41.0
1776887367.702103,0.0,-4.0,-39.0
1776887367.712103,-1.0,-3.0,-41.0
1776887367.7221026,-5.0,-4.0,-46.0
1776887367.7321026,-1.0,0.0,-41.0
1776887367.7421026,3.0,-1.0,-37.0
1776887367.7521029,3.0,-2.0,-39.0
1776887367.7621028,1.0,1.0,-40.0
1776887367.7721028,0.0,2.0,-40.0
1776887367.7821028,3.0,-1.0,-31.0
1776887367.7921028,1.0,-1.0,-32.0
1776887367.8021028,0.0,0.0,-32.0
1776887367.8121028,1.0,0.0,-29.0
1776887367.8221028,0.0,-3.0,-27.0
1776887367.8321028,-2.0,-3.0,-35.0
1776887367.8421028,0.0,-4.0,-32.0
1776887367.8521028,0.0,-2.0,-36.0
1776887367.8621027,-5.0,0.0,-32.0
1776887367.8721027,-4.0,4.0,-41.0
1776887367.8821027,-5.0,4.0,-39.0
1776887367.8921027,-5.0,-1.0,-38.0
1776887367.9031026,-7.0,0.0,-40.0
1776887367.9131026,-6.0,-1.0,-41.0
1776887367.9231029,-6.0,0.0,-47.0
1776887367.9331028,-8.0,-1.0,-49.0
1776887367.9431028,-6.0,-2.0,-45.0
1776887367.9531028,-6.0,-2.0,-36.0
1776887367.9631028,-4.0,-4.0,-31.0
1776887367.9731028,-6.0,-3.0,-27.0
1776887367.9831028,-11.0,-5.0,-30.0
1776887367.9931028,-4.0,-1.0,-37.0
1776887368.0031028,-6.0,2.0,-38.0
1776887368.0131028,-7.0,2.0,-40.0
1776887368.0231028,-10.0,0.0,-43.0
1776887368.0331028,-11.0,0.0,-39.0
1776887368.0431027,-11.0,-1.0,-38.0
1776887368.0531027,-7.0,-2.0,-41.0
1776887368.0631027,-2.0,0.0,-37.0
1776887368.0731027,-4.0,0.0,-38.0
1776887368.0831027,0.0,-2.0,-41.0
1776887368.0931027,4.0,-1.0,-48.0
1776887368.1031027,2.0,2.0,-53.0
1776887368.113103,3.0,2.0,-56.0
1776887368.123103,0.0,2.0,-54.0
1776887368.133103,0.0,2.0,-52.0
1776887368.1431026,0.0,5.0,-50.0
1776887368.1531026,3.0,5.0,-47.0
1776887368.1631026,3.0,6.0,-43.0
1776887368.1731029,3.0,6.0,-37.0
1776887368.1831028,-2.0,4.0,-34.0
1776887368.1931028,-3.0,1.0,-39.0
1776887368.2031028,1.0,3.0,-37.0
1776887368.2131028,-1.0,1.0,-42.0
1776887368.2231028,-2.0,1.0,-39.0
1776887368.2331028,0.0,2.0,-34.0
1776887368.2431028,-1.0,1.0,-40.0
1776887368.2531028,0.0,2.0,-43.0
1776887368.2631028,-1.0,0.0,-47.0
1776887368.2731028,-6.0,-3.0,-51.0
1776887368.2831028,-3.0,-2.0,-50.0
1776887368.2931027,-1.0,0.0,-49.0
1776887368.3031027,-2.0,0.0,-52.0
1776887368.3131027,-3.0,3.0,-54.0
1776887368.3231027,-2.0,4.0,-52.0
1776887368.3331027,0.0,4.0,-48.0
1776887368.3431027,4.0,1.0,-46.0
1776887368.3531027,4.0,2.0,-49.0
1776887368.363103,2.0,-3.0,-43.0
1776887368.373103,0.0,-2.0,-43.0
1776887368.383103,0.0,-5.0,-40.0
1776887368.3931026,0.0,-3.0,-35.0
1776887368.4031026,-2.0,-1.0,-33.0
1776887368.4131026,-1.0,-1.0,-36.0
1776887368.4231029,0.0,-4.0,-34.0
1776887368.4331028,0.0,-2.0,-38.0
1776887368.4431028,0.0,-6.0,-34.0
1776887368.4531028,-4.0,-8.0,-42.0
1776887368.4631028,0.0,-5.0,-40.0
1776887368.4731028,-2.0,-3.0,-37.0
1776887368.4831028,0.0,-3.0,-43.0
1776887368.4931028,-2.0,-3.0,-40.0
1776887368.5031028,0.0,-3.0,-40.0
1776887368.5131028,0.0,-6.0,-41.0
1776887368.5231028,2.0,-5.0,-39.0
1776887368.5331028,3.0,0.0,-43.0
1776887368.5431027,1.0,-4.0,-39.0
1776887368.5531027,3.0,-2.0,-34.0
1776887368.5631027,6.0,-1.0,-36.0
1776887368.5731027,5.0,-2.0,-35.0
1776887368.5831027,6.0,-4.0,-38.0
1776887368.5931027,0.0,-4.0,-33.0
1776887368.6031027,2.0,-4.0,-39.0
1776887368.613103,6.0,-1.0,-35.0
1776887368.623103,10.0,0.0,-33.0
1776887368.633103,6.0,0.0,-39.0
1776887368.6431026,2.0,0.0,-37.0
1776887368.6531026,1.0,1.0,-37.0
1776887368.6631026,-3.0,2.0,-36.0
1776887368.6731029,-2.0,3.0,-41.0
1776887368.6831028,-1.0,3.0,-43.0
1776887368.6931028,0.0,0.0,-40.0
1776887368.7031028,-2.0,0.0,-35.0
1776887368.7131028,-3.0,0.0,-34.0
1776887368.7231028,-5.0,2.0,-35.0
1776887368.7331028,-5.0,3.0,-35.0
1776887368.7431028,-3.0,2.0,-34.0
1776887368.7531028,-6.0,0.0,-44.0
1776887368.7631028,-10.0,0.0,-40.0
1776887368.7731028,-4.0,0.0,-39.0
1776887368.7831028,-5.0,0.0,-39.0
1776887368.7931027,-3.0,2.0,-39.0
1776887368.8031027,-1.0,2.0,-43.0
1776887368.8131027,3.0,3.0,-44.0
1776887368.8231027,1.0,-1.0,-43.0
1776887368.8331027,1.0,2.0,-46.0
1776887368.8431027,-4.0,0.0,-38.0
1776887368.8531027,-3.0,2.0,-32.0
1776887368.863103,-3.0,1.0,-34.0
1776887368.873103,-1.0,1.0,-38.0
1776887368.883103,-2.0,3.0,-33.0
1776887368.8931026,4.0,7.0,-31.0
1776887368.9031026,6.0,3.0,-30.0
1776887368.9131026,4.0,-2.0,-35.0
1776887368.9231029,3.0,-2.0,-33.0
1776887368.9331028,4.0,-5.0,-40.0
1776887368.9431028,5.0,-5.0,-38.0
1776887368.9531028,1.0,-8.0,-39.0
1776887368.9631028,1.0,-9.0,-35.0
1776887368.9731028,3.0,-9.0,-34.0
1776887368.9831028,1.0,-5.0,-36.0
1776887368.9931028,3.0,-5.0,-42.0
1776887369.0031028,2.0,-2.0,-35.0
1776887369.0131028,0.0,2.0,-35.0
1776887369.0231028,-1.0,6.0,-30.0
1776887369.0331028,0.0,2.0,-27.0
1776887369.0431027,4.0,0.0,-29.0
1776887369.0531027,0.0,-4.0,-32.0
1776887369.0631027,-1.0,-2.0,-31.0
1776887369.0731027,2.0,-2.0,-29.0
1776887369.0831027,2.0,-6.0,-31.0
1776887369.0931027,2.0,-1.0,-38.0
1776887369.1031027,0.0,0.0,-36.0
1776887369.113103,-3.0,0.0,-27.0
1776887369.123103,-2.0,-1.0,-33.0
1776887369.133103,1.0,0.0,-38.0
1776887369.1431026,3.0,-2.0,-41.0
1776887369.1531026,3.0,0.0,-37.0
1776887369.1631026,5.0,1.0,-33.0
1776887369.1731029,1.0,2.0,-32.0
1776887369.1831028,2.0,6.0,-35.0
1776887369.1931028,-2.0,7.0,-35.0
1776887369.2031028,-5.0,7.0,-30.0
1776887369.2131028,0.0,5.0,-30.0
1776887369.2231028,2.0,3.0,-29.0
1776887369.2331028,1.0,0.0,-26.0
1776887369.2431028,0.0,-3.0,-25.0
1776887369.2531028,0.0,-4.0,-23.0
1776887369.2631028,0.0,0.0,-30.0
1776887369.2731028,0.0,-3.0,-34.0
1776887369.2831028,0.0,-2.0,-34.0
1776887369.2931027,-4.0,0.0,-35.0
1776887369.3031027,-3.0,1.0,-30.0
1776887369.3131027,-4.0,7.0,-24.0
1776887369.3231027,-5.0,5.0,-25.0
1776887369.3331027,-3.0,1.0,-29.0
1776887369.3431027,-2.0,-1.0,-30.0
1776887369.3531027,0.0,0.0,-37.0
1776887369.363103,2.0,2.0,-33.0
1776887369.373103,2.0,1.0,-38.0
1776887369.383103,-4.0,0.0,-40.0
1776887369.3931026,-3.0,-1.0,-38.0
1776887369.4031026,-1.0,-2.0,-39.0
1776887369.4131026,-6.0,-1.0,-41.0
1776887369.4231029,-10.0,-4.0,-38.0
1776887369.4331028,-7.0,-6.0,-29.0
1776887369.4431028,-8.0,-6.0,-29.0
1776887369.4531028,-9.0,-6.0,-31.0
1776887369.4631028,-6.0,-11.0,-32.0
1776887369.4731028,0.0,-10.0,-35.0
1776887369.4831028,4.0,-8.0,-31.0
1776887369.4931028,8.0,-4.0,-40.0
1776887369.5031028,7.0,0.0,-43.0
1776887369.5131028,4.0,1.0,-36.0
1776887369.5231028,3.0,1.0,-33.0
1776887369.5331028,4.0,3.0,-33.0
1776887369.5431027,9.0,4.0,-29.0
1776887369.5531027,5.0,2.0,-33.0
1776887369.5631027,1.0,0.0,-25.0
1776887369.5731027,2.0,2.0,-28.0
1776887369.5831027,4.0,4.0,-34.0
1776887369.5931027,1.0,4.0,-36.0
1776887369.6031027,4.0,1.0,-36.0
1776887369.613103,7.0,0.0,-38.0
1776887369.623103,6.0,-4.0,-41.0
1776887369.633103,4.0,1.0,-41.0
1776887369.6431026,0.0,2.0,-42.0
1776887369.6531026,3.0,2.0,-39.0
1776887369.6631026,1.0,1.0,-37.0
1776887369.6731029,1.0,4.0,-29.0
1776887369.6831028,1.0,5.0,-24.0
1776887369.6931028,0.0,10.0,-26.0
1776887369.7031028,2.0,10.0,-29.0
1776887369.7131028,3.0,2.0,-32.0
1776887369.7231028,5.0,2.0,-27.0
1776887369.7331028,7.0,0.0,-26.0
1776887369.7431028,7.0,-2.0,-33.0
1776887369.7531028,11.0,-6.0,-33.0
1776887369.7631028,11.0,-9.0,-33.0
1776887369.7731028,3.0,-9.0,-32.0
1776887369.7831028,3.0,-6.0,-40.0
1776887369.7931027,3.0,-6.0,-41.0
1776887369.8031027,4.0,-3.0,-38.0
1776887369.8131027,2.0,-7.0,-38.0
1776887369.8231027,-3.0,-8.0,-43.0
1776887369.8331027,-1.0,-4.0,-38.0
1776887369.8431027,1.0,-4.0,-44.0
1776887369.8531027,0.0,-1.0,-43.0
1776887369.863103,-1.0,0.0,-37.0
1776887369.873103,1.0,-1.0,-38.0
1776887369.883103,5.0,-1.0,-37.0
1776887369.8931026,6.0,0.0,-33.0
1776887369.9031026,3.0,-1.0,-31.0
1776887369.9131026,0.0,-5.0,-28.0
1776887369.9241028,-1.0,-6.0,-33.0
1776887369.9341028,2.0,-3.0,-35.0
1776887369.9441028,6.0,-2.0,-31.0
1776887369.9541028,6.0,2.0,-33.0
1776887369.9641027,5.0,2.0,-35.0
1776887369.9741027,-2.0,3.0,-31.0
1776887369.9841027,-5.0,-1.0,-38.0
1776887369.9941027,-4.0,-3.0,-35.0
1776887370.0041027,-2.0,-1.0,-37.0
1776887370.0141027,2.0,-7.0,-41.0
1776887370.0241027,1.0,-8.0,-42.0
1776887370.034103,-2.0,-10.0,-41.0
1776887370.044103,-2.0,-6.0,-41.0
1776887370.054103,-3.0,-2.0,-41.0
1776887370.0641026,-2.0,-2.0,-39.0
1776887370.0741026,-2.0,0.0,-42.0
1776887370.0841026,3.0,-5.0,-36.0
1776887370.0941026,-1.0,0.0,-37.0
1776887370.1041028,0.0,0.0,-30.0
1776887370.1141028,-4.0,-2.0,-30.0
1776887370.1241028,-3.0,-1.0,-32.0
1776887370.1341028,-2.0,0.0,-34.0
1776887370.1441028,2.0,0.0,-42.0
1776887370.1541028,2.0,4.0,-46.0
1776887370.1641028,3.0,6.0,-44.0
1776887370.1741028,1.0,1.0,-40.0
1776887370.1841028,-1.0,0.0,-41.0
1776887370.1941028,2.0,3.0,-36.0
1776887370.2041028,1.0,5.0,-34.0
1776887370.2141027,-4.0,5.0,-35.0
1776887370.2241027,-1.0,5.0,-43.0
1776887370.2341027,-4.0,0.0,-40.0
1776887370.2441027,-4.0,2.0,-45.0
1776887370.2541027,-6.0,2.0,-41.0
1776887370.2641027,-6.0,0.0,-35.0
1776887370.2741027,-1.0,-1.0,-35.0
1776887370.284103,1.0,-3.0,-36.0
1776887370.294103,0.0,0.0,-38.0
1776887370.304103,-1.0,-4.0,-42.0
1776887370.3141026,0.0,-4.0,-47.0
1776887370.3241026,2.0,-7.0,-51.0
1776887370.3341026,3.0,-10.0,-53.0
1776887370.3441026,3.0,-5.0,-50.0
1776887370.3541028,1.0,0.0,-50.0
1776887370.3641028,3.0,0.0,-48.0
1776887370.3741028,0.0,0.0,-49.0
1776887370.3841028,6.0,5.0,-46.0
1776887370.3941028,7.0,2.0,-43.0
1776887370.4041028,1.0,4.0,-37.0
1776887370.4141028,-1.0,6.0,-36.0
1776887370.4241028,-4.0,4.0,-34.0
1776887370.4341028,-6.0,0.0,-28.0
1776887370.4441028,0.0,0.0,-24.0
1776887370.4541028,0.0,0.0,-20.0
1776887370.4641027,0.0,2.0,-32.0
1776887370.4741027,0.0,-3.0,-33.0
1776887370.4841027,0.0,0.0,-36.0
1776887370.4941027,-2.0,-2.0,-35.0
1776887370.5041027,-3.0,-2.0,-33.0
1776887370.5141027,-4.0,-6.0,-25.0
1776887370.5241027,-10.0,-5.0,-22.0
1776887370.534103,-10.0,-3.0,-32.0
1776887370.544103,-7.0,1.0,-33.0
1776887370.554103,-1.0,1.0,-29.0
1776887370.5641026,0.0,-2.0,-30.0
1776887370.5741026,-3.0,-3.0,-35.0
1776887370.5841026,-1.0,-3.0,-37.0
1776887370.5941026,0.0,-6.0,-33.0
1776887370.6041028,0.0,-9.0,-32.0
1776887370.6141028,3.0,-12.0,-35.0
1776887370.6241028,7.0,-9.0,-35.0
1776887370.6341028,8.0,-8.0,-29.0
1776887370.6441028,7.0,-5.0,-30.0
1776887370.6541028,6.0,-3.0,-34.0
1776887370.6641028,6.0,-8.0,-34.0
1776887370.6741028,3.0,-7.0,-35.0
1776887370.6841028,2.0,-11.0,-39.0
1776887370.6941028,2.0,-10.0,-47.0
1776887370.7041028,1.0,-6.0,-46.0
1776887370.7141027,4.0,-6.0,-38.0
1776887370.7241027,6.0,-6.0,-31.0
1776887370.7341027,2.0,-4.0,-36.0
1776887370.7441027,4.0,-6.0,-43.0
1776887370.7541027,3.0,-3.0,-45.0
1776887370.7641027,0.0,-2.0,-41.0
1776887370.7741027,-1.0,-1.0,-43.0
1776887370.784103,0.0,0.0,-44.0
1776887370.794103,6.0,4.0,-41.0
1776887370.804103,7.0,5.0,-35.0
1776887370.8141026,7.0,3.0,-32.0
1776887370.8241026,9.0,1.0,-36.0
1776887370.8341026,5.0,0.0,-47.0
1776887370.8441026,6.0,0.0,-45.0
1776887370.8541028,7.0,2.0,-46.0
1776887370.8641028,3.0,-2.0,-45.0
1776887370.8741028,-1.0,0.0,-41.0
1776887370.8841028,-8.0,-1.0,-39.0
1776887370.8941028,-3.0,-2.0,-37.0
1776887370.9041028,-4.0,-6.0,-35.0
1776887370.9141028,0.0,-9.0,-28.0
1776887370.9241028,1.0,-9.0,-20.0
1776887370.9341028,0.0,-3.0,-16.0
1776887370.9441028,3.0,-2.0,-25.0
1776887370.9541028,4.0,-2.0,-30.0
1776887370.9641027,3.0,-4.0,-32.0
1776887370.9741027,4.0,-7.0,-30.0
1776887370.9841027,6.0,-5.0,-28.0
1776887370.9941027,8.0,-6.0,-30.0
1776887371.0041027,7.0,-5.0,-29.0
1776887371.0141027,8.0,-5.0,-34.0
1776887371.0241027,3.0,-2.0,-29.0
1776887371.034103,-1.0,-2.0,-26.0
1776887371.044103,-2.0,0.0,-28.0
1776887371.054103,1.0,0.0,-34.0
1776887371.0641026,1.0,2.0,-36.0
1776887371.0741026,-1.0,0.0,-32.0
1776887371.0841026,4.0,1.0,-39.0
1776887371.0941026,5.0,-2.0,-34.0
1776887371.1041028,6.0,3.0,-31.0
1776887371.1141028,6.0,2.0,-28.0
1776887371.1241028,2.0,2.0,-31.0
1776887371.1341028,0.0,0.0,-37.0
1776887371.1441028,2.0,2.0,-37.0
1776887371.1541028,3.0,5.0,-33.0
1776887371.1641028,2.0,1.0,-31.0
1776887371.1741028,-1.0,-5.0,-37.0
1776887371.1841028,-3.0,-6.0,-41.0
1776887371.1941028,-11.0,-7.0,-41.0
1776887371.2041028,-10.0,-4.0,-38.0
1776887371.2141027,-4.0,-5.0,-35.0
1776887371.2241027,-5.0,-5.0,-33.0
1776887371.2341027,-8.0,-6.0,-40.0
1776887371.2441027,-3.0,-4.0,-41.0
1776887371.2541027,-6.0,0.0,-38.0
1776887371.2641027,-5.0,-1.0,-41.0
1776887371.2741027,-1.0,0.0,-44.0
1776887371.284103,1.0,-1.0,-35.0
1776887371.294103,-3.0,-6.0,-35.0
1776887371.304103,0.0,-4.0,-34.0
1776887371.3141026,-3.0,-3.0,-31.0
1776887371.3241026,-2.0,-3.0,-25.0
1776887371.3341026,-4.0,0.0,-29.0
1776887371.3441026,-3.0,6.0,-32.0
1776887371.3541028,-4.0,3.0,-35.0
1776887371.3641028,-7.0,-1.0,-40.0
1776887371.3741028,-6.0,-1.0,-37.0
1776887371.3841028,-3.0,0.0,-38.0
1776887371.3941028,-5.0,-1.0,-44.0
1776887371.4041028,-3.0,-1.0,-42.0
1776887371.4141028,1.0,-2.0,-38.0
1776887371.4241028,0.0,0.0,-33.0
1776887371.4341028,-2.0,-2.0,-42.0
1776887371.4441028,-3.0,-5.0,-37.0
1776887371.4541028,0.0,-5.0,-30.0
1776887371.4641027,0.0,-4.0,-36.0
1776887371.4741027,2.0,0.0,-40.0
1776887371.4841027,2.0,-1.0,-41.0
1776887371.4941027,1.0,-2.0,-40.0
1776887371.5041027,3.0,-1.0,-43.0
1776887371.5141027,4.0,0.0,-40.0
1776887371.5241027,6.0,-2.0,-36.0
1776887371.534103,1.0,-2.0,-33.0
1776887371.544103,-3.0,-3.0,-35.0
1776887371.554103,-5.0,-1.0,-37.0
1776887371.5641026,-1.0,0.0,-42.0
1776887371.5741026,0.0,1.0,-44.0
1776887371.5841026,-6.0,0.0,-43.0
1776887371.5941026,-6.0,4.0,-42.0
1776887371.6041028,-6.0,-1.0,-35.0
1776887371.6141028,-1.0,-2.0,-36.0
1776887371.6241028,-2.0,1.0,-37.0
1776887371.6341028,3.0,4.0,-35.0
1776887371.6441028,2.0,4.0,-38.0
1776887371.6541028,4.0,3.0,-40.0
1776887371.6641028,4.0,4.0,-36.0
1776887371.6741028,6.0,3.0,-39.0
1776887371.6841028,4.0,1.0,-34.0
1776887371.6941028,7.0,1.0,-29.0
1776887371.7041028,6.0,2.0,-34.0
1776887371.7141027,6.0,3.0,-39.0
1776887371.7241027,5.0,3.0,-40.0
1776887371.7341027,7.0,3.0,-46.0
1776887371.7441027,1.0,2.0,-44.0
1776887371.7541027,0.0,1.0,-37.0
1776887371.7641027,-3.0,1.0,-37.0
1776887371.7741027,-1.0,-1.0,-38.0
1776887371.784103,-3.0,2.0,-38.0
1776887371.794103,0.0,1.0,-32.0
1776887371.804103,-1.0,4.0,-33.0
1776887371.8141026,0.0,2.0,-38.0
1776887371.8241026,0.0,2.0,-38.0
1776887371.8341026,3.0,2.0,-36.0
1776887371.8441026,2.0,1.0,-28.0
1776887371.8541028,0.0,-4.0,-31.0
1776887371.8641028,-4.0,-4.0,-39.0
1776887371.8741028,-4.0,0.0,-38.0
1776887371.8841028,-3.0,-5.0,-38.0
1776887371.8941028,-3.0,-5.0,-37.0
1776887371.9051027,-2.0,0.0,-37.0
1776887371.9141028,1.0,-2.0,-33.0
1776887371.9251027,1.0,0.0,-33.0
1776887371.9351027,0.0,-2.0,-28.0
1776887371.9451027,0.0,-2.0,-30.0
1776887371.9551027,-1.0,-2.0,-28.0
1776887371.965103,-2.0,0.0,-32.0
1776887371.975103,0.0,-1.0,-31.0
1776887371.985103,2.0,1.0,-38.0
1776887371.9951026,5.0,1.0,-44.0
1776887372.0051026,0.0,1.0,-42.0
1776887372.0151026,-2.0,0.0,-36.0
1776887372.0251029,-6.0,-2.0,-33.0
1776887372.0351028,-3.0,-1.0,-31.0
1776887372.0451028,-3.0,-2.0,-34.0
1776887372.0551028,-2.0,1.0,-41.0
1776887372.0651028,-4.0,0.0,-42.0
1776887372.0751028,-2.0,-2.0,-38.0
1776887372.0851028,2.0,-2.0,-39.0
1776887372.0951028,0.0,-1.0,-47.0
1776887372.1051028,1.0,-10.0,-50.0
1776887372.1151028,-1.0,-6.0,-48.0
1776887372.1251028,2.0,-1.0,-43.0
1776887372.1351027,2.0,-2.0,-45.0
1776887372.1451027,-1.0,-5.0,-43.0
1776887372.1551027,-3.0,-5.0,-38.0
1776887372.1651027,0.0,-3.0,-39.0
1776887372.1751027,1.0,-5.0,-35.0
1776887372.1851027,0.0,-5.0,-32.0
1776887372.1951027,4.0,-9.0,-25.0
1776887372.2051027,7.0,-9.0,-24.0
1776887372.215103,4.0,-9.0,-27.0
1776887372.225103,1.0,-9.0,-30.0
1776887372.235103,0.0,-5.0,-29.0
1776887372.2451026,-6.0,-4.0,-28.0
1776887372.2551026,-5.0,-9.0,-32.0
1776887372.2651026,-5.0,-6.0,-33.0
1776887372.2751029,-4.0,-3.0,-27.0
1776887372.2851028,-7.0,-2.0,-31.0
1776887372.2951028,-6.0,-5.0,-35.0
1776887372.3051028,-10.0,-6.0,-42.0
1776887372.3151028,-7.0,-4.0,-39.0
1776887372.3251028,-5.0,-1.0,-38.0
1776887372.3351028,-5.0,-2.0,-37.0
1776887372.3451028,-1.0,-1.0,-37.0
1776887372.3551028,0.0,0.0,-40.0
1776887372.3651028,-1.0,0.0,-40.0
1776887372.3751028,0.0,-2.0,-35.0
1776887372.3851027,3.0,0.0,-32.0
1776887372.3951027,3.0,2.0,-38.0
1776887372.4051027,2.0,0.0,-40.0
1776887372.4151027,1.0,0.0,-42.0
1776887372.4251027,-1.0,1.0,-38.0
1776887372.4351027,2.0,2.0,-34.0
1776887372.4451027,0.0,5.0,-32.0
1776887372.4551027,1.0,3.0,-35.0
1776887372.465103,-1.0,4.0,-36.0
1776887372.475103,-1.0,6.0,-30.0
1776887372.485103,-6.0,3.0,-33.0
1776887372.4951026,-4.0,0.0,-38.0
1776887372.5051026,-9.0,-5.0,-36.0
1776887372.5151026,-7.0,-10.0,-34.0
1776887372.5251029,-4.0,-5.0,-34.0
1776887372.5351028,-3.0,-5.0,-32.0
1776887372.5451028,-1.0,-2.0,-34.0
1776887372.5551028,-1.0,-1.0,-45.0
1776887372.5651028,-3.0,0.0,-43.0
1776887372.5751028,-1.0,-2.0,-41.0
1776887372.5851028,3.0,3.0,-38.0
1776887372.5951028,3.0,3.0,-34.0
1776887372.6051028,5.0,0.0,-34.0
1776887372.6151028,9.0,-1.0,-42.0
1776887372.6251028,10.0,2.0,-40.0
1776887372.6351027,8.0,2.0,-43.0
1776887372.6451027,10.0,3.0,-41.0
1776887372.6551027,9.0,0.0,-35.0
1776887372.6651027,5.0,1.0,-31.0
1776887372.6751027,7.0,2.0,-31.0
1776887372.6851027,10.0,0.0,-37.0
1776887372.6951027,11.0,3.0,-44.0
1776887372.7051027,7.0,-1.0,-45.0
1776887372.715103,4.0,-1.0,-35.0
1776887372.725103,7.0,1.0,-36.0
1776887372.735103,5.0,0.0,-34.0
1776887372.7451026,3.0,-4.0,-37.0
1776887372.7551026,0.0,-4.0,-35.0
1776887372.7651026,-2.0,-4.0,-28.0
1776887372.7751029,-1.0,-4.0,-32.0
1776887372.7851028,0.0,0.0,-38.0
1776887372.7951028,0.0,1.0,-42.0
1776887372.8051028,3.0,-3.0,-40.0
1776887372.8151028,5.0,-5.0,-42.0
1776887372.8251028,10.0,-2.0,-43.0
1776887372.8351028,8.0,-5.0,-44.0
1776887372.8451028,7.0,-3.0,-44.0
1776887372.8551028,4.0,0.0,-42.0
1776887372.8651028,-2.0,2.0,-36.0
1776887372.8751028,0.0,2.0,-35.0
1776887372.8851027,-1.0,3.0,-34.0
1776887372.8951027,-1.0,3.0,-31.0
1776887372.9051027,-3.0,1.0,-25.0
1776887372.9151027,-4.0,0.0,-24.0
1776887372.9251027,-2.0,3.0,-23.0
1776887372.9351027,-1.0,2.0,-25.0
1776887372.9451027,-3.0,0.0,-31.0
1776887372.9551027,1.0,-2.0,-31.0
1776887372.965103,-1.0,-5.0,-30.0
1776887372.975103,-3.0,-4.0,-36.0
1776887372.985103,-4.0,-3.0,-40.0
1776887372.9951026,-6.0,-1.0,-36.0
1776887373.0051026,-5.0,-2.0,-39.0
1776887373.0151026,-3.0,-2.0,-37.0
1776887373.0251029,-2.0,0.0,-31.0
1776887373.0351028,-1.0,0.0,-32.0
1776887373.0451028,-1.0,-1.0,-27.0
1776887373.0551028,0.0,0.0,-27.0
1776887373.0651028,2.0,4.0,-28.0
1776887373.0751028,0.0,0.0,-25.0
1776887373.0851028,-2.0,0.0,-28.0
1776887373.0951028,-12.0,-3.0,-29.0
1776887373.1051028,-12.0,-6.0,-30.0
1776887373.1151028,-7.0,-3.0,-30.0
1776887373.1251028,-4.0,-6.0,-42.0
1776887373.1351027,-5.0,-8.0,-43.0
1776887373.1451027,-4.0,-8.0,-43.0
1776887373.1551027,-2.0,-3.0,-42.0
1776887373.1651027,-1.0,-2.0,-39.0
1776887373.1751027,-5.0,-2.0,-44.0
1776887373.1851027,0.0,-1.0,-45.0
1776887373.1951027,2.0,-2.0,-44.0
1776887373.2051027,3.0,-1.0,-44.0
1776887373.215103,5.0,1.0,-40.0
1776887373.225103,5.0,0.0,-42.0
1776887373.235103,8.0,-4.0,-42.0
1776887373.2451026,3.0,-5.0,-47.0
1776887373.2551026,0.0,-4.0,-47.0
1776887373.2651026,0.0,-3.0,-47.0
1776887373.2751029,-2.0,-4.0,-46.0
1776887373.2851028,0.0,-5.0,-51.0
1776887373.2951028,-1.0,-6.0,-44.0
1776887373.3051028,-2.0,-3.0,-32.0
1776887373.3151028,-1.0,-5.0,-35.0
1776887373.3251028,-3.0,-7.0,-34.0
1776887373.3351028,-5.0,-2.0,-39.0
1776887373.3451028,-7.0,-3.0,-42.0
1776887373.3551028,-6.0,-4.0,-37.0
1776887373.3651028,0.0,-7.0,-32.0
1776887373.3751028,-1.0,-9.0,-38.0
1776887373.3851027,0.0,-5.0,-41.0
1776887373.3951027,-1.0,-6.0,-40.0
1776887373.4051027,-4.0,-7.0,-40.0
1776887373.4151027,-4.0,-5.0,-37.0
1776887373.4251027,-4.0,-4.0,-38.0
1776887373.4351027,-5.0,-8.0,-39.0
1776887373.4451027,-9.0,-7.0,-39.0
1776887373.4551027,-3.0,-3.0,-34.0
1776887373.465103,-1.0,-6.0,-36.0
1776887373.475103,-4.0,-8.0,-37.0
1776887373.485103,-2.0,-9.0,-34.0
1776887373.4951026,0.0,-8.0,-35.0
1776887373.5051026,0.0,-6.0,-37.0
1776887373.5151026,4.0,-6.0,-34.0
1776887373.5251029,1.0,-4.0,-36.0
1776887373.5351028,-1.0,1.0,-34.0
1776887373.5451028,-4.0,2.0,-32.0
1776887373.5551028,-1.0,0.0,-29.0
1776887373.5651028,-1.0,2.0,-27.0
1776887373.5751028,-5.0,1.0,-31.0
1776887373.5851028,-3.0,0.0,-31.0
1776887373.5951028,-5.0,0.0,-29.0
1776887373.6051028,-4.0,-2.0,-26.0
1776887373.6151028,0.0,-4.0,-35.0
1776887373.6251028,3.0,-5.0,-41.0
1776887373.6351027,0.0,-3.0,-42.0
1776887373.6451027,-5.0,-2.0,-45.0
1776887373.6551027,-4.0,-4.0,-42.0
1776887373.6651027,-6.0,-2.0,-37.0
1776887373.6751027,-8.0,-3.0,-35.0
1776887373.6851027,-8.0,-2.0,-32.0
1776887373.6951027,-8.0,-4.0,-34.0
1776887373.7051027,-14.0,-3.0,-41.0
1776887373.715103,-5.0,-4.0,-38.0
1776887373.725103,1.0,-2.0,-36.0
1776887373.735103,2.0,-4.0,-32.0
1776887373.7451026,5.0,-6.0,-36.0
1776887373.7551026,5.0,-6.0,-38.0
1776887373.7651026,1.0,-2.0,-37.0
1776887373.7751029,0.0,-1.0,-34.0
1776887373.7851028,-1.0,-3.0,-40.0
1776887373.7951028,-5.0,-1.0,-39.0
1776887373.8051028,-3.0,2.0,-36.0
1776887373.8151028,-6.0,0.0,-30.0
1776887373.8251028,-6.0,3.0,-29.0
1776887373.8351028,-2.0,4.0,-29.0
1776887373.8451028,-3.0,4.0,-27.0
1776887373.8551028,-7.0,3.0,-28.0
1776887373.8651028,-8.0,1.0,-31.0
1776887373.8751028,-6.0,0.0,-34.0
1776887373.886103,-4.0,-1.0,-39.0
1776887373.896103,2.0,-4.0,-39.0
1776887373.906103,3.0,-6.0,-41.0
1776887373.9151027,1.0,-7.0,-41.0
1776887373.9261026,0.0,-3.0,-35.0
1776887373.9361026,0.0,-7.0,-35.0
1776887373.9461029,-1.0,-2.0,-32.0
1776887373.9561028,3.0,-5.0,-32.0
1776887373.9661028,0.0,-6.0,-33.0
1776887373.9761028,-2.0,-4.0,-26.0
1776887373.9861028,0.0,-3.0,-26.0
1776887373.9961028,4.0,-3.0,-25.0
1776887374.0061028,2.0,-3.0,-32.0
1776887374.0161028,1.0,-1.0,-34.0
1776887374.0261028,0.0,-2.0,-32.0
1776887374.0361028,-3.0,-3.0,-38.0
1776887374.0461028,1.0,-5.0,-41.0
1776887374.0561028,0.0,-1.0,-44.0
1776887374.0661027,1.0,-1.0,-46.0
1776887374.0761027,0.0,3.0,-51.0
1776887374.087103,0.0,2.0,-44.0
1776887374.0961027,2.0,0.0,-46.0
1776887374.1061027,5.0,0.0,-40.0
1776887374.1161027,5.0,-3.0,-42.0
1776887374.1261027,8.0,-2.0,-36.0
1776887374.136103,3.0,-6.0,-38.0
1776887374.146103,-1.0,-4.0,-30.0
1776887374.156103,-3.0,0.0,-32.0
1776887374.1661026,0.0,-2.0,-30.0
1776887374.1761026,3.0,-1.0,-30.0
1776887374.1861026,4.0,-3.0,-29.0
1776887374.1961029,2.0,-2.0,-31.0
1776887374.2061028,4.0,-1.0,-34.0
1776887374.2161028,5.0,-2.0,-42.0
1776887374.2261028,3.0,-3.0,-39.0
1776887374.2361028,5.0,-2.0,-41.0
1776887374.2461028,1.0,-1.0,-41.0
1776887374.2561028,-3.0,1.0,-36.0
1776887374.2661028,-3.0,1.0,-36.0
1776887374.2761028,-5.0,4.0,-35.0
1776887374.2861028,-5.0,6.0,-38.0
1776887374.2961028,-7.0,5.0,-41.0
1776887374.3061028,-3.0,7.0,-40.0
1776887374.3161027,-6.0,4.0,-38.0
1776887374.3261027,-7.0,2.0,-34.0
1776887374.3361027,-4.0,-1.0,-32.0
1776887374.3461027,-2.0,-2.0,-30.0
1776887374.3561027,0.0,-3.0,-32.0
1776887374.3661027,0.0,-4.0,-37.0
1776887374.3761027,1.0,-6.0,-42.0
1776887374.386103,4.0,-4.0,-41.0
1776887374.396103,5.0,-5.0,-36.0
1776887374.406103,8.0,-1.0,-37.0
1776887374.4161026,8.0,2.0,-29.0
1776887374.4261026,2.0,0.0,-29.0
1776887374.4361026,-1.0,-3.0,-32.0
1776887374.4461029,-3.0,-1.0,-32.0
1776887374.4561028,-5.0,-4.0,-34.0
1776887374.4661028,-7.0,-2.0,-29.0
1776887374.4761028,-7.0,0.0,-37.0
1776887374.4861028,-7.0,-3.0,-39.0
1776887374.4961028,-3.0,-1.0,-37.0
1776887374.5061028,-4.0,-1.0,-29.0
1776887374.5161028,-9.0,-1.0,-31.0
1776887374.5261028,-11.0,-3.0,-36.0
1776887374.5361028,-12.0,-4.0,-37.0
1776887374.5461028,-13.0,-9.0,-36.0
1776887374.5561028,-11.0,-14.0,-38.0
1776887374.5661027,-2.0,-12.0,-28.0
1776887374.5761027,2.0,-7.0,-28.0
1776887374.5861027,0.0,-2.0,-31.0
1776887374.5961027,3.0,-1.0,-26.0
1776887374.6061027,1.0,0.0,-27.0
1776887374.6161027,-1.0,-1.0,-29.0
1776887374.6261027,2.0,-2.0,-34.0
1776887374.636103,2.0,-3.0,-31.0
1776887374.646103,1.0,-1.0,-32.0
1776887374.656103,-5.0,0.0,-32.0
1776887374.6661026,-3.0,0.0,-37.0
1776887374.6761026,3.0,1.0,-37.0
1776887374.6861026,0.0,-3.0,-37.0
1776887374.6961029,0.0,-1.0,-36.0
1776887374.7061028,1.0,0.0,-39.0
1776887374.7161028,2.0,-1.0,-36.0
1776887374.7261028,0.0,-4.0,-32.0
1776887374.7361028,0.0,-7.0,-29.0
1776887374.7461028,5.0,-7.0,-31.0
1776887374.7561028,7.0,-9.0,-28.0
1776887374.7661028,8.0,-10.0,-32.0
1776887374.7761028,6.0,-11.0,-35.0
1776887374.7861028,2.0,-8.0,-38.0
1776887374.7961028,1.0,-9.0,-29.0
1776887374.8061028,3.0,-10.0,-33.0
1776887374.8161027,8.0,-6.0,-39.0
1776887374.8261027,7.0,-7.0,-45.0
1776887374.8361027,6.0,-7.0,-44.0
1776887374.8461027,2.0,-9.0,-43.0
1776887374.8561027,2.0,-6.0,-46.0
1776887374.8661027,1.0,-2.0,-47.0
1776887374.8761027,4.0,0.0,-45.0
1776887374.886103,2.0,5.0,-53.0
1776887374.896103,0.0,1.0,-53.0
1776887374.906103,0.0,0.0,-56.0
1776887374.9161026,0.0,-1.0,-51.0
1776887374.9261026,0.0,-3.0,-48.0
1776887374.9361026,-3.0,-4.0,-48.0
1776887374.9461029,-2.0,-2.0,-44.0
1776887374.9561028,-2.0,0.0,-41.0
1776887374.9661028,0.0,-1.0,-39.0
1776887374.9761028,0.0,2.0,-41.0
1776887374.9861028,1.0,3.0,-36.0
1776887374.9961028,5.0,2.0,-35.0
1776887375.0061028,2.0,3.0,-34.0
1776887375.0161028,0.0,3.0,-35.0
1776887375.0261028,-1.0,5.0,-29.0
1776887375.0361028,1.0,0.0,-28.0
1776887375.0461028,0.0,0.0,-25.0
1776887375.0561028,0.0,-4.0,-32.0
1776887375.0661027,-3.0,-6.0,-27.0
1776887375.0761027,-3.0,-7.0,-30.0
1776887375.0861027,-3.0,-5.0,-32.0
1776887375.0961027,-3.0,-6.0,-27.0
1776887375.1061027,0.0,-3.0,-23.0
1776887375.1161027,-4.0,-4.0,-27.0
1776887375.1261027,-6.0,-4.0,-34.0
1776887375.136103,-3.0,-4.0,-37.0
1776887375.146103,-3.0,-5.0,-35.0
1776887375.156103,-2.0,-5.0,-40.0
1776887375.1661026,-1.0,-8.0,-35.0
1776887375.1761026,2.0,-3.0,-43.0
1776887375.1861026,3.0,-4.0,-37.0
1776887375.1961029,5.0,0.0,-36.0
1776887375.2061028,1.0,1.0,-33.0
1776887375.2161028,-1.0,1.0,-38.0
1776887375.2261028,1.0,0.0,-39.0
1776887375.2361028,1.0,0.0,-38.0
1776887375.2461028,1.0,-5.0,-45.0
1776887375.2561028,-1.0,-4.0,-41.0
1776887375.2661028,-1.0,-5.0,-44.0
1776887375.2761028,0.0,-5.0,-45.0
1776887375.2861028,0.0,-1.0,-45.0
1776887375.2961028,-1.0,-2.0,-46.0
1776887375.3061028,-1.0,-3.0,-45.0
1776887375.3161027,0.0,-4.0,-45.0
1776887375.3261027,0.0,-2.0,-48.0
1776887375.3361027,-1.0,-4.0,-47.0
1776887375.3461027,-1.0,-3.0,-45.0
1776887375.3561027,0.0,-1.0,-44.0
1776887375.3661027,1.0,3.0,-43.0
1776887375.3761027,0.0,4.0,-43.0
1776887375.386103,5.0,4.0,-40.0
1776887375.396103,2.0,3.0,-40.0
1776887375.406103,0.0,2.0,-41.0
1776887375.4161026,-3.0,0.0,-41.0
1776887375.4261026,-1.0,0.0,-46.0
1776887375.4361026,0.0,2.0,-46.0
1776887375.4461029,0.0,3.0,-50.0
1776887375.4561028,1.0,4.0,-47.0
1776887375.4661028,2.0,0.0,-41.0
1776887375.4761028,7.0,-2.0,-38.0
1776887375.4861028,7.0,-2.0,-31.0
1776887375.4961028,2.0,-2.0,-32.0
1776887375.5061028,0.0,-5.0,-34.0
1776887375.5161028,0.0,-5.0,-35.0
1776887375.5261028,1.0,-3.0,-30.0
1776887375.5361028,0.0,-4.0,-35.0
1776887375.5461028,4.0,0.0,-34.0
1776887375.5561028,5.0,-1.0,-30.0
1776887375.5661027,1.0,-3.0,-34.0
1776887375.5761027,1.0,-2.0,-36.0
1776887375.5861027,2.0,0.0,-41.0
1776887375.5961027,3.0,-5.0,-39.0
1776887375.6061027,-1.0,-2.0,-39.0
1776887375.6161027,-2.0,-4.0,-36.0
1776887375.6261027,1.0,-2.0,-32.0
1776887375.636103,5.0,-1.0,-34.0
1776887375.646103,5.0,-3.0,-39.0
1776887375.656103,3.0,-3.0,-38.0
1776887375.6661026,-3.0,-1.0,-33.0
1776887375.6761026,-3.0,0.0,-36.0
1776887375.6861026,0.0,-3.0,-39.0
1776887375.6961029,2.0,-2.0,-38.0
1776887375.7061028,8.0,-1.0,-30.0
1776887375.7161028,10.0,0.0,-31.0
1776887375.7261028,9.0,-2.0,-37.0
1776887375.7361028,6.0,-2.0,-38.0
1776887375.7461028,4.0,-4.0,-34.0
1776887375.7561028,3.0,-5.0,-38.0
1776887375.7661028,2.0,-7.0,-43.0
1776887375.7761028,2.0,-3.0,-36.0
1776887375.7861028,0.0,-5.0,-44.0
1776887375.7961028,2.0,-7.0,-41.0
1776887375.8061028,6.0,-5.0,-37.0
1776887375.8161027,2.0,-5.0,-34.0
1776887375.8261027,0.0,-1.0,-30.0
1776887375.8361027,1.0,0.0,-32.0
1776887375.8461027,1.0,-3.0,-27.0
1776887375.8561027,-1.0,-8.0,-17.0
1776887375.8661027,3.0,-9.0,-19.0
1776887375.8761027,5.0,-7.0,-26.0
1776887375.886103,7.0,-2.0,-30.0
1776887375.896103,3.0,-4.0,-36.0
1776887375.906103,0.0,-3.0,-36.0
1776887375.9171028,0.0,-5.0,-39.0
1776887375.9261026,-1.0,-5.0,-40.0
1776887375.9361026,2.0,-2.0,-44.0
1776887375.9471028,-1.0,-3.0,-41.0
1776887375.9571028,-2.0,-3.0,-41.0
1776887375.9671028,0.0,-6.0,-41.0
1776887375.9771028,0.0,-5.0,-43.0
1776887375.9871027,5.0,-5.0,-38.0
1776887375.9971027,7.0,-2.0,-39.0
1776887376.0071027,4.0,-2.0,-38.0
1776887376.0171027,6.0,-3.0,-38.0
1776887376.0271027,7.0,-3.0,-42.0
1776887376.0371027,7.0,-5.0,-40.0
1776887376.0471027,4.0,-4.0,-38.0
1776887376.057103,2.0,-5.0,-41.0
1776887376.067103,2.0,-2.0,-34.0
1776887376.077103,0.0,-8.0,-34.0
1776887376.087103,-3.0,-8.0,-36.0
1776887376.0971026,-2.0,-12.0,-34.0
1776887376.1071026,0.0,-7.0,-27.0
1776887376.1171026,-2.0,-9.0,-25.0
1776887376.1271029,-1.0,-6.0,-28.0
1776887376.1371028,0.0,-4.0,-25.0
1776887376.1471028,3.0,-3.0,-23.0
1776887376.1571028,-1.0,-2.0,-20.0
1776887376.1671028,0.0,-4.0,-27.0
1776887376.1771028,3.0,-2.0,-29.0
1776887376.1871028,6.0,0.0,-32.0
1776887376.1971028,3.0,1.0,-30.0
1776887376.2071028,-2.0,0.0,-37.0
1776887376.2171028,-5.0,-3.0,-39.0
1776887376.2271028,-6.0,-6.0,-39.0
1776887376.2371027,-6.0,-7.0,-47.0
1776887376.2471027,-6.0,-5.0,-48.0
1776887376.2571027,-6.0,-8.0,-44.0
1776887376.2671027,-4.0,-4.0,-42.0
1776887376.2771027,-6.0,-5.0,-39.0
1776887376.2871027,-4.0,-4.0,-32.0
1776887376.2971027,-5.0,-2.0,-29.0
1776887376.307103,0.0,0.0,-27.0
1776887376.317103,-3.0,1.0,-20.0
1776887376.327103,-4.0,0.0,-22.0
1776887376.337103,-2.0,0.0,-25.0
1776887376.3471026,1.0,6.0,-27.0
1776887376.3571026,-3.0,9.0,-32.0
1776887376.3671026,-1.0,6.0,-21.0
1776887376.3771029,0.0,3.0,-20.0
1776887376.3871028,4.0,4.0,-24.0
1776887376.3971028,1.0,0.0,-29.0
1776887376.4071028,3.0,0.0,-28.0
1776887376.4171028,6.0,2.0,-29.0
1776887376.4271028,5.0,0.0,-31.0
1776887376.4371028,1.0,-4.0,-36.0
1776887376.4471028,1.0,-4.0,-36.0
1776887376.4571028,0.0,-6.0,-36.0
1776887376.4671028,0.0,0.0,-35.0
1776887376.4771028,-2.0,2.0,-33.0
1776887376.4871027,-4.0,5.0,-34.0
1776887376.4971027,-7.0,1.0,-32.0
1776887376.5071027,-5.0,1.0,-33.0
1776887376.5171027,-6.0,-1.0,-42.0
1776887376.5271027,-6.0,-3.0,-38.0
1776887376.5371027,-6.0,-3.0,-40.0
1776887376.5471027,-2.0,-4.0,-34.0
1776887376.557103,-4.0,-4.0,-22.0
1776887376.567103,-1.0,-1.0,-26.0
1776887376.577103,1.0,-1.0,-35.0
1776887376.587103,-2.0,-3.0,-37.0
1776887376.5971026,-1.0,-2.0,-37.0
1776887376.6071026,-3.0,0.0,-38.0
1776887376.6171026,-6.0,1.0,-34.0
1776887376.6271029,-5.0,0.0,-32.0
1776887376.6371028,0.0,2.0,-35.0
1776887376.6471028,-1.0,3.0,-33.0
1776887376.6571028,2.0,2.0,-39.0
1776887376.6671028,0.0,0.0,-44.0
1776887376.6771028,3.0,-4.0,-42.0
1776887376.6871028,-1.0,-1.0,-43.0
1776887376.6971028,-3.0,0.0,-41.0
1776887376.7071028,0.0,3.0,-35.0
1776887376.7171028,5.0,6.0,-33.0
1776887376.7271028,4.0,8.0,-29.0
1776887376.7371027,-1.0,0.0,-26.0
1776887376.7471027,0.0,1.0,-26.0
1776887376.7571027,1.0,0.0,-30.0
1776887376.7671027,7.0,1.0,-32.0
1776887376.7771027,5.0,2.0,-35.0
1776887376.7871027,5.0,0.0,-37.0
1776887376.7971027,4.0,-2.0,-31.0
1776887376.807103,5.0,-2.0,-32.0
1776887376.817103,1.0,1.0,-38.0
1776887376.827103,0.0,1.0,-39.0
1776887376.837103,-1.0,2.0,-40.0
1776887376.8471026,0.0,0.0,-38.0
1776887376.8571026,-3.0,-5.0,-33.0
1776887376.8671026,2.0,-6.0,-34.0
1776887376.8771029,0.0,-5.0,-33.0
1776887376.8871028,2.0,-5.0,-38.0
1776887376.8971028,0.0,-2.0,-35.0
1776887376.9071028,-1.0,-5.0,-32.0
1776887376.9171028,3.0,-7.0,-33.0
1776887376.9271028,1.0,-6.0,-30.0
1776887376.9371028,2.0,-2.0,-33.0
1776887376.9471028,5.0,-1.0,-35.0
1776887376.9571028,7.0,3.0,-36.0
1776887376.9671028,5.0,6.0,-31.0
1776887376.9771028,3.0,2.0,-36.0
1776887376.9871027,1.0,1.0,-36.0
1776887376.9971027,0.0,-1.0,-37.0
1776887377.0071027,-3.0,-5.0,-35.0
1776887377.0171027,-5.0,-4.0,-34.0
1776887377.0271027,-3.0,-4.0,-35.0
1776887377.0371027,-4.0,-7.0,-34.0
1776887377.0471027,0.0,-8.0,-35.0
1776887377.057103,0.0,-6.0,-24.0
1776887377.067103,-2.0,-3.0,-27.0
1776887377.077103,1.0,-4.0,-28.0
1776887377.087103,1.0,0.0,-27.0
1776887377.0971026,2.0,0.0,-36.0
1776887377.1071026,1.0,1.0,-40.0
1776887377.1171026,3.0,4.0,-44.0
1776887377.1271029,1.0,4.0,-41.0
1776887377.1371028,0.0,4.0,-35.0
1776887377.1471028,-2.0,2.0,-38.0
1776887377.1571028,0.0,-1.0,-33.0
1776887377.1671028,2.0,-3.0,-36.0
1776887377.1771028,5.0,-4.0,-38.0
1776887377.1871028,3.0,-3.0,-36.0
1776887377.1971028,6.0,-5.0,-38.0
1776887377.2071028,4.0,-5.0,-30.0
1776887377.2171028,0.0,-9.0,-31.0
1776887377.2271028,-1.0,-6.0,-30.0
1776887377.2371027,1.0,-5.0,-30.0
1776887377.2471027,0.0,-1.0,-28.0
1776887377.2571027,-4.0,-1.0,-35.0
1776887377.2671027,-4.0,1.0,-35.0
1776887377.2771027,-1.0,-5.0,-37.0
1776887377.2871027,0.0,-8.0,-32.0
1776887377.2971027,5.0,-3.0,-28.0
1776887377.307103,4.0,-2.0,-30.0
1776887377.317103,7.0,-2.0,-32.0
1776887377.327103,7.0,-2.0,-32.0
1776887377.337103,3.0,-3.0,-32.0
1776887377.3471026,2.0,-3.0,-30.0
1776887377.3571026,4.0,0.0,-25.0
1776887377.3671026,4.0,-2.0,-24.0
1776887377.3771029,4.0,-2.0,-27.0
1776887377.3871028,7.0,-9.0,-27.0
1776887377.3971028,7.0,-7.0,-39.0
1776887377.4071028,7.0,-4.0,-39.0
1776887377.4171028,6.0,-7.0,-38.0
1776887377.4271028,6.0,-5.0,-37.0
1776887377.4371028,4.0,-5.0,-40.0
1776887377.4471028,1.0,-3.0,-40.0
1776887377.4571028,4.0,-6.0,-37.0
1776887377.4671028,2.0,-4.0,-35.0
1776887377.4771028,-2.0,-3.0,-40.0
1776887377.4871027,-3.0,-3.0,-43.0
1776887377.4971027,-1.0,-1.0,-39.0
1776887377.5071027,2.0,-2.0,-37.0
1776887377.5171027,-1.0,-2.0,-33.0
1776887377.5271027,-3.0,-1.0,-32.0
1776887377.5371027,1.0,-2.0,-34.0
1776887377.5471027,0.0,-5.0,-33.0
1776887377.557103,0.0,-5.0,-32.0
1776887377.567103,2.0,-2.0,-27.0
1776887377.577103,-2.0,-8.0,-29.0
1776887377.587103,-3.0,-9.0,-32.0
1776887377.5971026,-2.0,-6.0,-36.0
1776887377.6071026,-1.0,-6.0,-36.0
1776887377.6171026,-1.0,-3.0,-34.0
1776887377.6271029,-1.0,0.0,-30.0
1776887377.6371028,2.0,0.0,-28.0
1776887377.6471028,2.0,0.0,-24.0
1776887377.6571028,-1.0,-3.0,-33.0
1776887377.6671028,0.0,-7.0,-34.0
1776887377.6771028,5.0,-5.0,-34.0
1776887377.6871028,0.0,-2.0,-29.0
1776887377.6971028,1.0,-1.0,-23.0
1776887377.7071028,0.0,1.0,-19.0
1776887377.7171028,0.0,2.0,-20.0
1776887377.7271028,-6.0,3.0,-27.0
1776887377.7371027,-1.0,0.0,-27.0
1776887377.7471027,0.0,-1.0,-26.0
1776887377.7571027,5.0,-3.0,-29.0
1776887377.7671027,8.0,0.0,-34.0
1776887377.7771027,9.0,-3.0,-30.0
1776887377.7871027,5.0,-1.0,-32.0
1776887377.7971027,5.0,1.0,-32.0
1776887377.807103,3.0,3.0,-25.0
1776887377.817103,1.0,1.0,-31.0
1776887377.827103,0.0,1.0,-38.0
1776887377.837103,-1.0,0.0,-31.0
1776887377.8471026,-4.0,-2.0,-24.0
1776887377.8571026,0.0,0.0,-32.0
1776887377.8671026,2.0,1.0,-38.0
1776887377.8771029,4.0,2.0,-37.0
1776887377.8871028,2.0,2.0,-39.0
1776887377.8971028,0.0,0.0,-31.0
1776887377.9081028,4.0,3.0,-30.0
1776887377.9181027,11.0,0.0,-33.0
1776887377.9281027,7.0,-3.0,-38.0
1776887377.9381027,10.0,-1.0,-36.0
1776887377.9481027,8.0,0.0,-31.0
1776887377.9581027,4.0,-3.0,-41.0
1776887377.9681027,1.0,-1.0,-42.0
1776887377.9781027,4.0,-3.0,-45.0
1776887377.988103,5.0,-2.0,-47.0
1776887377.998103,4.0,-3.0,-44.0
1776887378.008103,0.0,-8.0,-42.0
1776887378.0181026,-2.0,-6.0,-37.0
1776887378.0281026,3.0,-3.0,-33.0
1776887378.0381026,3.0,-2.0,-31.0
1776887378.0481029,2.0,-5.0,-32.0
1776887378.0581028,2.0,-4.0,-36.0
1776887378.0681028,0.0,-1.0,-39.0
1776887378.0781028,-3.0,-1.0,-34.0
1776887378.0881028,-4.0,-4.0,-36.0
1776887378.0981028,3.0,-4.0,-35.0
1776887378.1081028,0.0,-7.0,-42.0
1776887378.1181028,0.0,-9.0,-47.0
1776887378.1281028,0.0,-7.0,-49.0
1776887378.1381028,0.0,-9.0,-38.0
1776887378.1481028,-2.0,-5.0,-36.0
1776887378.1581028,0.0,-5.0,-36.0
1776887378.1681027,-4.0,-3.0,-36.0
1776887378.1781027,-1.0,-1.0,-41.0
1776887378.1881027,0.0,-1.0,-42.0
1776887378.1981027,0.0,-2.0,-45.0
1776887378.2081027,3.0,-2.0,-43.0
1776887378.2181027,-1.0,-2.0,-39.0
1776887378.2281027,-5.0,0.0,-44.0
1776887378.238103,-2.0,0.0,-45.0
1776887378.248103,-1.0,-1.0,-43.0
1776887378.258103,1.0,1.0,-43.0
1776887378.2681026,1.0,3.0,-43.0
1776887378.2781026,2.0,4.0,-42.0
1776887378.2881026,0.0,2.0,-39.0
1776887378.2981029,0.0,2.0,-32.0
1776887378.3081028,0.0,4.0,-30.0
1776887378.3181028,0.0,3.0,-35.0
1776887378.3281028,4.0,2.0,-35.0
1776887378.3381028,4.0,0.0,-38.0
1776887378.3481028,7.0,0.0,-34.0
1776887378.3581028,7.0,0.0,-31.0
1776887378.3681028,7.0,-4.0,-34.0
1776887378.3781028,8.0,-2.0,-38.0
1776887378.3881028,8.0,-2.0,-45.0
1776887378.3981028,12.0,0.0,-43.0
1776887378.4081028,10.0,-2.0,-34.0
1776887378.4181027,12.0,-3.0,-29.0
1776887378.4281027,10.0,-2.0,-23.0
1776887378.4381027,5.0,-1.0,-26.0
1776887378.4481027,3.0,-6.0,-25.0
1776887378.4581027,2.0,-3.0,-29.0
1776887378.4681027,-1.0,-2.0,-34.0
1776887378.4781027,-1.0,-3.0,-37.0
1776887378.488103,-2.0,-2.0,-30.0
1776887378.498103,-2.0,-5.0,-37.0
1776887378.508103,-3.0,-7.0,-36.0
1776887378.5181026,0.0,-6.0,-34.0
1776887378.5281026,0.0,-4.0,-32.0
1776887378.5381026,-1.0,-5.0,-32.0
1776887378.5481029,0.0,-3.0,-30.0
1776887378.5581028,0.0,0.0,-35.0
1776887378.5681028,-4.0,4.0,-39.0
1776887378.5781028,-3.0,-1.0,-44.0
1776887378.5881028,0.0,-3.0,-36.0
1776887378.5981028,0.0,3.0,-30.0
1776887378.6081028,0.0,1.0,-27.0
1776887378.6181028,2.0,1.0,-30.0
1776887378.6281028,2.0,0.0,-33.0
1776887378.6381028,5.0,-3.0,-38.0
1776887378.6481028,9.0,-9.0,-42.0
1776887378.6581028,6.0,-10.0,-40.0
1776887378.6681027,8.0,-7.0,-35.0
1776887378.6781027,7.0,-6.0,-40.0
1776887378.6881027,9.0,-3.0,-41.0
1776887378.6981027,1.0,-5.0,-39.0
1776887378.7081027,0.0,-3.0,-36.0
1776887378.7181027,0.0,-5.0,-32.0
1776887378.7281027,0.0,-4.0,-30.0
1776887378.738103,-3.0,-2.0,-33.0
1776887378.748103,0.0,-2.0,-36.0
1776887378.758103,0.0,-5.0,-34.0
1776887378.7681026,-2.0,-5.0,-33.0
1776887378.7781026,-3.0,-5.0,-34.0
1776887378.7881026,1.0,-9.0,-38.0
1776887378.7981029,5.0,-7.0,-38.0
1776887378.8081028,2.0,-1.0,-43.0
1776887378.8181028,1.0,0.0,-39.0
1776887378.8281028,0.0,0.0,-36.0
1776887378.8381028,0.0,4.0,-31.0
1776887378.8481028,5.0,6.0,-31.0
1776887378.8581028,8.0,4.0,-35.0
1776887378.8681028,2.0,4.0,-37.0
1776887378.8781028,5.0,3.0,-40.0
1776887378.8881028,5.0,3.0,-34.0
1776887378.8981028,4.0,7.0,-33.0
1776887378.9081028,7.0,4.0,-33.0
1776887378.9181027,4.0,4.0,-29.0
1776887378.9281027,2.0,4.0,-30.0
1776887378.9381027,1.0,5.0,-31.0
1776887378.9481027,2.0,0.0,-37.0
1776887378.9581027,1.0,1.0,-44.0
1776887378.9681027,-1.0,2.0,-41.0
1776887378.9781027,0.0,3.0,-42.0
1776887378.988103,2.0,2.0,-47.0
1776887378.998103,1.0,2.0,-50.0
1776887379.008103,3.0,2.0,-51.0
1776887379.0181026,0.0,1.0,-43.0
1776887379.0281026,0.0,3.0,-40.0
1776887379.0381026,8.0,5.0,-35.0
1776887379.0481029,4.0,1.0,-33.0
1776887379.0581028,-4.0,-1.0,-32.0
1776887379.0681028,-5.0,-1.0,-24.0
1776887379.0781028,-1.0,-1.0,-25.0
1776887379.0881028,1.0,2.0,-28.0
1776887379.0981028,4.0,2.0,-30.0
1776887379.1081028,7.0,2.0,-31.0
1776887379.1181028,6.0,1.0,-36.0
1776887379.1281028,4.0,-3.0,-32.0
1776887379.1381028,10.0,-5.0,-33.0
1776887379.1481028,10.0,-3.0,-29.0
1776887379.1581028,11.0,-7.0,-36.0
1776887379.1681027,13.0,-5.0,-37.0
1776887379.1781027,10.0,-8.0,-37.0
1776887379.1881027,3.0,-8.0,-37.0
1776887379.1981027,2.0,-2.0,-40.0
1776887379.2081027,0.0,0.0,-38.0
1776887379.2181027,0.0,3.0,-42.0
1776887379.2281027,-3.0,4.0,-39.0
1776887379.238103,0.0,0.0,-43.0
1776887379.248103,0.0,0.0,-44.0
1776887379.258103,0.0,-5.0,-40.0
1776887379.2681026,-2.0,-5.0,-41.0
1776887379.2781026,0.0,-5.0,-38.0
1776887379.2881026,0.0,-6.0,-37.0
1776887379.2981029,0.0,-6.0,-39.0
1776887379.3081028,-4.0,-5.0,-43.0
1776887379.3181028,-4.0,-2.0,-45.0
1776887379.3281028,1.0,0.0,-48.0
1776887379.3381028,0.0,-1.0,-53.0
1776887379.3481028,1.0,3.0,-47.0
1776887379.3581028,0.0,4.0,-42.0
1776887379.3681028,1.0,2.0,-47.0
1776887379.3781028,0.0,2.0,-38.0
1776887379.3881028,-2.0,0.0,-38.0
1776887379.3981028,-4.0,-2.0,-39.0
1776887379.4081028,-3.0,-1.0,-36.0
1776887379.4181027,0.0,-2.0,-41.0
1776887379.4281027,-1.0,-2.0,-43.0
1776887379.4381027,-3.0,0.0,-47.0
1776887379.4481027,-8.0,-1.0,-40.0
1776887379.4581027,-8.0,0.0,-40.0
1776887379.4681027,-2.0,0.0,-48.0
1776887379.4781027,2.0,0.0,-49.0
1776887379.488103,3.0,0.0,-46.0
1776887379.498103,2.0,1.0,-42.0
1776887379.508103,7.0,3.0,-38.0
1776887379.5181026,5.0,6.0,-39.0
1776887379.5281026,3.0,3.0,-40.0
1776887379.5381026,0.0,0.0,-41.0
1776887379.5481029,0.0,-1.0,-38.0
1776887379.5581028,-1.0,-2.0,-49.0
1776887379.5681028,2.0,0.0,-48.0
1776887379.5781028,4.0,-2.0,-52.0
1776887379.5881028,1.0,0.0,-51.0
1776887379.5981028,5.0,1.0,-46.0
1776887379.6081028,0.0,3.0,-43.0
1776887379.6181028,1.0,2.0,-42.0
1776887379.6281028,1.0,0.0,-42.0
1776887379.6381028,3.0,0.0,-36.0
1776887379.6481028,2.0,-2.0,-34.0
1776887379.6581028,4.0,-4.0,-35.0
1776887379.6681027,4.0,-1.0,-40.0
1776887379.6781027,6.0,3.0,-36.0
1776887379.6881027,2.0,1.0,-33.0
1776887379.6981027,1.0,-3.0,-33.0
1776887379.7081027,0.0,0.0,-32.0
1776887379.7181027,0.0,0.0,-35.0
1776887379.7281027,5.0,0.0,-40.0
1776887379.738103,3.0,1.0,-44.0
1776887379.748103,1.0,0.0,-43.0
1776887379.758103,-1.0,0.0,-41.0
1776887379.7681026,0.0,-1.0,-38.0
1776887379.7781026,2.0,-1.0,-36.0
1776887379.7881026,3.0,-4.0,-34.0
1776887379.7981029,3.0,-4.0,-35.0
1776887379.8081028,5.0,-1.0,-37.0
1776887379.8181028,6.0,-1.0,-35.0
1776887379.8281028,2.0,-3.0,-39.0
1776887379.8381028,0.0,-2.0,-37.0
1776887379.8481028,4.0,0.0,-38.0
1776887379.8581028,0.0,3.0,-38.0
1776887379.8681028,-3.0,2.0,-44.0
1776887379.8781028,-4.0,3.0,-37.0
1776887379.8881028,-5.0,5.0,-38.0
1776887379.8991027,-4.0,4.0,-46.0
1776887379.909103,-3.0,2.0,-47.0
1776887379.9181027,-4.0,1.0,-40.0
1776887379.929103,1.0,1.0,-38.0
1776887379.9391026,4.0,1.0,-39.0
1776887379.9491026,2.0,-3.0,-43.0
1776887379.9591026,0.0,-1.0,-46.0
1776887379.9691026,0.0,-2.0,-46.0
1776887379.9791028,1.0,-3.0,-48.0
1776887379.9891028,1.0,-2.0,-47.0
1776887379.9991028,0.0,-4.0,-43.0
1776887380.0091028,0.0,-5.0,-42.0
1776887380.0191028,-3.0,-6.0,-34.0
1776887380.0291028,-2.0,-9.0,-32.0
1776887380.0391028,-3.0,-7.0,-33.0
1776887380.0491028,-3.0,-5.0,-38.0
1776887380.0591028,1.0,-5.0,-38.0
1776887380.0691028,2.0,-5.0,-35.0
1776887380.0791028,5.0,-7.0,-32.0
1776887380.0891027,7.0,-6.0,-39.0
1776887380.0991027,8.0,-4.0,-38.0
1776887380.1091027,9.0,0.0,-33.0
1776887380.1191027,5.0,-2.0,-32.0
1776887380.1291027,4.0,-5.0,-36.0
1776887380.1391027,3.0,-6.0,-33.0
1776887380.1491027,0.0,-1.0,-37.0
1776887380.159103,0.0,-2.0,-38.0
1776887380.169103,-1.0,-3.0,-35.0
1776887380.179103,1.0,-4.0,-37.0
1776887380.1891026,3.0,-4.0,-38.0
1776887380.1991026,0.0,0.0,-27.0
1776887380.2091026,4.0,0.0,-33.0
1776887380.2191026,2.0,0.0,-33.0
1776887380.2291028,1.0,-2.0,-34.0
1776887380.2391028,0.0,0.0,-32.0
1776887380.2491028,-2.0,-2.0,-33.0
1776887380.2591028,-2.0,-3.0,-43.0
1776887380.2691028,-3.0,-4.0,-41.0
1776887380.2791028,0.0,-6.0,-41.0
1776887380.2891028,1.0,-5.0,-38.0
1776887380.2991028,0.0,-2.0,-38.0
1776887380.3091028,0.0,-1.0,-43.0
1776887380.3191028,3.0,-1.0,-41.0
1776887380.3291028,0.0,1.0,-39.0
1776887380.3391027,-1.0,3.0,-40.0
1776887380.3491027,-2.0,2.0,-42.0
1776887380.3591027,-1.0,1.0,-45.0
1776887380.3691027,-1.0,2.0,-45.0
1776887380.3791027,1.0,0.0,-46.0
1776887380.3891027,3.0,0.0,-41.0
1776887380.3991027,4.0,0.0,-41.0
1776887380.409103,6.0,0.0,-41.0
1776887380.419103,6.0,-3.0,-41.0
1776887380.429103,4.0,-3.0,-36.0
1776887380.4391026,-3.0,-5.0,-34.0
1776887380.4491026,0.0,-4.0,-32.0
1776887380.4591026,-2.0,-2.0,-32.0
1776887380.4691026,0.0,-2.0,-30.0
1776887380.4791028,-2.0,-3.0,-29.0
1776887380.4891028,-8.0,-4.0,-33.0
1776887380.4991028,-5.0,-6.0,-35.0
1776887380.5091028,-5.0,-5.0,-34.0
1776887380.5191028,-4.0,-2.0,-26.0
1776887380.5291028,-6.0,-5.0,-28.0
1776887380.5391028,0.0,-5.0,-26.0
1776887380.5491028,2.0,-4.0,-26.0
1776887380.5591028,0.0,-2.0,-21.0
1776887380.5691028,0.0,0.0,-19.0
1776887380.5791028,-1.0,5.0,-26.0
1776887380.5891027,-1.0,4.0,-29.0
1776887380.5991027,0.0,-2.0,-35.0
1776887380.6091027,0.0,-3.0,-35.0
1776887380.6191027,1.0,0.0,-34.0
1776887380.6291027,3.0,1.0,-31.0
1776887380.6391027,4.0,0.0,-32.0
1776887380.6491027,2.0,0.0,-30.0
1776887380.659103,4.0,0.0,-30.0
1776887380.669103,4.0,1.0,-40.0
1776887380.679103,2.0,1.0,-48.0
1776887380.6891026,3.0,1.0,-43.0
1776887380.6991026,8.0,0.0,-46.0
1776887380.7091026,5.0,0.0,-47.0
1776887380.7191026,2.0,-4.0,-44.0
1776887380.7291028,0.0,-4.0,-42.0
1776887380.7391028,2.0,-1.0,-34.0
1776887380.7491028,2.0,-1.0,-41.0
1776887380.7591028,-1.0,-3.0,-44.0
1776887380.7691028,-1.0,0.0,-47.0
1776887380.7791028,3.0,1.0,-37.0
1776887380.7891028,4.0,1.0,-35.0
1776887380.7991028,8.0,2.0,-29.0
1776887380.8091028,8.0,0.0,-28.0
1776887380.8191028,2.0,-1.0,-38.0
1776887380.8291028,1.0,-3.0,-42.0
1776887380.8391027,3.0,0.0,-43.0
1776887380.8491027,3.0,-2.0,-41.0
1776887380.8591027,0.0,-2.0,-40.0
1776887380.8691027,0.0,-6.0,-43.0
1776887380.8791027,0.0,-10.0,-37.0
1776887380.8891027,-1.0,-10.0,-41.0
1776887380.8991027,-2.0,-5.0,-40.0
1776887380.909103,2.0,-7.0,-38.0
1776887380.919103,2.0,-7.0,-35.0
1776887380.929103,4.0,-6.0,-35.0
1776887380.9391026,8.0,-11.0,-37.0
1776887380.9491026,7.0,-17.0,-37.0
1776887380.9591026,0.0,-14.0,-42.0
1776887380.9691026,6.0,-9.0,-43.0
1776887380.9791028,1.0,-6.0,-35.0
1776887380.9891028,2.0,-3.0,-38.0
1776887380.9991028,1.0,-1.0,-43.0
1776887381.0091028,0.0,0.0,-44.0
1776887381.0191028,-2.0,1.0,-36.0
1776887381.0291028,0.0,3.0,-41.0
1776887381.0391028,-1.0,0.0,-37.0
1776887381.0491028,-3.0,0.0,-36.0
1776887381.0591028,-5.0,1.0,-29.0
1776887381.0691028,-7.0,1.0,-26.0
1776887381.0791028,-6.0,1.0,-22.0
1776887381.0891027,-2.0,1.0,-26.0
1776887381.0991027,0.0,0.0,-33.0
1776887381.1091027,-4.0,-3.0,-34.0
1776887381.1191027,-3.0,0.0,-31.0
1776887381.1291027,-5.0,0.0,-25.0
1776887381.1391027,-5.0,-5.0,-30.0
1776887381.1491027,-4.0,-3.0,-33.0
1776887381.159103,-5.0,-5.0,-34.0
1776887381.169103,-7.0,-3.0,-36.0
1776887381.179103,-6.0,-3.0,-39.0
1776887381.1891026,-3.0,-5.0,-40.0
1776887381.1991026,0.0,-5.0,-38.0
1776887381.2091026,0.0,-5.0,-35.0
1776887381.2191026,0.0,1.0,-32.0
1776887381.2291028,1.0,3.0,-29.0
1776887381.2391028,0.0,0.0,-31.0
1776887381.2491028,-2.0,-2.0,-31.0
1776887381.2591028,-2.0,-6.0,-37.0
1776887381.2691028,-1.0,0.0,-36.0
1776887381.2791028,0.0,-3.0,-38.0
1776887381.2891028,5.0,-3.0,-42.0
1776887381.2991028,3.0,-3.0,-34.0
1776887381.3091028,2.0,-3.0,-32.0
1776887381.3191028,1.0,-3.0,-35.0
1776887381.3291028,2.0,-6.0,-29.0
1776887381.3391027,-3.0,0.0,-26.0
1776887381.3491027,-2.0,1.0,-29.0
1776887381.3591027,-2.0,0.0,-35.0
1776887381.3691027,0.0,1.0,-32.0
1776887381.3791027,1.0,1.0,-24.0
1776887381.3891027,2.0,2.0,-23.0
1776887381.3991027,6.0,1.0,-28.0
1776887381.409103,-2.0,0.0,-30.0
1776887381.419103,-5.0,0.0,-32.0
1776887381.429103,0.0,0.0,-36.0
1776887381.4391026,3.0,0.0,-28.0
1776887381.4491026,4.0,0.0,-26.0
1776887381.4591026,0.0,-1.0,-28.0
1776887381.4691026,0.0,-5.0,-29.0
1776887381.4791028,-1.0,-9.0,-24.0
1776887381.4891028,-1.0,-9.0,-29.0
1776887381.4991028,-1.0,-10.0,-31.0
1776887381.5091028,-3.0,-6.0,-34.0
1776887381.5191028,-8.0,-2.0,-33.0
1776887381.5291028,-6.0,0.0,-29.0
1776887381.5391028,-5.0,4.0,-30.0
1776887381.5491028,-5.0,3.0,-31.0
1776887381.5591028,-7.0,0.0,-37.0
1776887381.5691028,-5.0,-3.0,-40.0
1776887381.5791028,-2.0,-2.0,-42.0
1776887381.5891027,0.0,-6.0,-41.0
1776887381.5991027,0.0,-6.0,-43.0
1776887381.6091027,-1.0,-9.0,-39.0
1776887381.6191027,0.0,-5.0,-36.0
1776887381.6291027,-2.0,-6.0,-37.0
1776887381.6391027,-5.0,-3.0,-42.0
1776887381.6491027,-3.0,-6.0,-38.0
1776887381.659103,-4.0,-5.0,-40.0
1776887381.669103,-3.0,-1.0,-46.0
1776887381.679103,-1.0,0.0,-51.0
1776887381.6891026,0.0,1.0,-46.0
1776887381.6991026,2.0,0.0,-48.0
1776887381.7091026,2.0,0.0,-42.0
1776887381.7191026,6.0,1.0,-37.0
1776887381.7291028,9.0,2.0,-35.0
1776887381.7391028,6.0,1.0,-34.0
1776887381.7491028,7.0,0.0,-30.0
1776887381.7591028,6.0,0.0,-32.0
1776887381.7691028,4.0,-2.0,-33.0
1776887381.7791028,1.0,-4.0,-35.0
1776887381.7891028,-2.0,1.0,-37.0
1776887381.7991028,0.0,1.0,-38.0
1776887381.8091028,3.0,4.0,-39.0
1776887381.8191028,1.0,4.0,-36.0
1776887381.8291028,1.0,1.0,-36.0
1776887381.8391027,3.0,0.0,-32.0
1776887381.8491027,1.0,-5.0,-31.0
1776887381.8591027,0.0,-6.0,-33.0
1776887381.8691027,0.0,-8.0,-35.0
1776887381.8791027,5.0,-4.0,-29.0
1776887381.8891027,8.0,-1.0,-33.0
1776887381.8991027,5.0,-2.0,-27.0
1776887381.909103,0.0,-1.0,-29.0
1776887381.9201028,0.0,-1.0,-27.0
1776887381.9301028,2.0,-2.0,-28.0
1776887381.9401028,5.0,-5.0,-29.0
1776887381.9501028,4.0,-7.0,-34.0
1776887381.9601028,7.0,-3.0,-29.0
1776887381.9701028,7.0,2.0,-31.0
1776887381.9801028,5.0,4.0,-28.0
1776887381.9901028,3.0,5.0,-27.0
1776887382.0001028,2.0,5.0,-25.0
1776887382.0101027,3.0,3.0,-26.0
1776887382.0201027,0.0,4.0,-32.0
1776887382.0301027,0.0,3.0,-34.0
1776887382.0401027,4.0,1.0,-32.0
1776887382.0501027,4.0,0.0,-25.0
1776887382.0601027,2.0,0.0,-29.0
1776887382.0701027,-3.0,3.0,-34.0
1776887382.0801027,-4.0,-2.0,-33.0
1776887382.090103,-1.0,-1.0,-26.0
1776887382.100103,2.0,-1.0,-30.0
1776887382.110103,3.0,-2.0,-31.0
1776887382.1201026,1.0,-2.0,-34.0
1776887382.1301026,0.0,0.0,-33.0
1776887382.1401026,-4.0,0.0,-34.0
1776887382.1501029,0.0,3.0,-36.0
1776887382.1601028,1.0,3.0,-33.0
1776887382.1701028,0.0,-2.0,-29.0
1776887382.1801028,5.0,0.0,-33.0
1776887382.1901028,5.0,-1.0,-26.0
1776887382.2001028,4.0,0.0,-25.0
1776887382.2101028,7.0,-4.0,-27.0
1776887382.2201028,4.0,-4.0,-31.0
1776887382.2301028,2.0,-7.0,-32.0
1776887382.2401028,2.0,-12.0,-39.0
1776887382.2501028,-3.0,-11.0,-38.0
1776887382.2601027,-1.0,-9.0,-33.0
1776887382.2701027,0.0,-9.0,-33.0
1776887382.2801027,1.0,-7.0,-33.0
1776887382.2901027,-3.0,-6.0,-35.0
1776887382.3001027,-5.0,-3.0,-29.0
1776887382.3101027,-1.0,-2.0,-29.0
1776887382.3201027,-2.0,-3.0,-40.0
1776887382.3301027,-4.0,-2.0,-36.0
1776887382.340103,-3.0,-1.0,-38.0
1776887382.350103,-3.0,0.0,-42.0
1776887382.360103,-3.0,-1.0,-41.0
1776887382.3701026,0.0,1.0,-42.0
1776887382.3801026,-1.0,0.0,-46.0
1776887382.3901026,0.0,3.0,-43.0
1776887382.4001029,0.0,0.0,-35.0
1776887382.4101028,2.0,-1.0,-35.0
1776887382.4201028,3.0,-5.0,-30.0
1776887382.4301028,1.0,-6.0,-26.0
1776887382.4401028,0.0,-3.0,-32.0
1776887382.4501028,2.0,1.0,-32.0
1776887382.4601028,3.0,6.0,-37.0
1776887382.4701028,0.0,2.0,-32.0
1776887382.4801028,0.0,1.0,-32.0
1776887382.4901028,1.0,1.0,-32.0
1776887382.5001028,0.0,0.0,-29.0
1776887382.5101027,0.0,-3.0,-32.0
1776887382.5201027,-3.0,0.0,-36.0
1776887382.5301027,0.0,2.0,-31.0
1776887382.5401027,-1.0,5.0,-26.0
1776887382.5501027,-2.0,4.0,-29.0
1776887382.5601027,0.0,3.0,-31.0
1776887382.5701027,4.0,4.0,-32.0
1776887382.5801027,4.0,4.0,-28.0
1776887382.590103,2.0,2.0,-32.0
1776887382.600103,0.0,0.0,-32.0
1776887382.610103,0.0,1.0,-36.0
1776887382.6201026,3.0,-1.0,-38.0
1776887382.6301026,4.0,-7.0,-35.0
1776887382.6401026,0.0,-5.0,-27.0
1776887382.6501029,0.0,-2.0,-30.0
1776887382.6601028,0.0,2.0,-34.0
1776887382.6701028,-2.0,4.0,-40.0
1776887382.6801028,1.0,0.0,-43.0
1776887382.6901028,3.0,-2.0,-45.0
1776887382.7001028,3.0,-7.0,-43.0
1776887382.7101028,6.0,-3.0,-45.0
1776887382.7201028,3.0,-1.0,-44.0
1776887382.7301028,6.0,-1.0,-44.0
1776887382.7401028,9.0,-4.0,-35.0
1776887382.7501028,12.0,-3.0,-36.0
1776887382.7601027,11.0,0.0,-42.0
1776887382.7701027,8.0,2.0,-43.0
1776887382.7801027,6.0,0.0,-50.0
1776887382.7901027,0.0,-4.0,-50.0
1776887382.8001027,-4.0,-4.0,-51.0
1776887382.8101027,-3.0,0.0,-49.0
1776887382.8201027,1.0,4.0,-48.0
1776887382.8301027,1.0,5.0,-43.0
1776887382.840103,-1.0,5.0,-43.0
1776887382.850103,-2.0,2.0,-36.0
1776887382.860103,-7.0,1.0,-32.0
1776887382.8701026,-4.0,-2.0,-34.0
1776887382.8801026,-3.0,-1.0,-35.0
1776887382.8901026,0.0,-6.0,-38.0
1776887382.9001029,0.0,-7.0,-43.0
1776887382.9101028,0.0,-6.0,-49.0
1776887382.9201028,1.0,-6.0,-46.0
1776887382.9301028,4.0,-3.0,-47.0
1776887382.9401028,2.0,-1.0,-40.0
1776887382.9501028,6.0,0.0,-40.0
1776887382.9601028,0.0,0.0,-41.0
1776887382.9701028,2.0,0.0,-39.0
1776887382.9801028,-3.0,0.0,-34.0
1776887382.9901028,-4.0,-1.0,-36.0
1776887383.0001028,-3.0,0.0,-37.0
1776887383.0101027,1.0,3.0,-38.0
1776887383.0201027,7.0,2.0,-36.0
1776887383.0301027,5.0,-1.0,-38.0
1776887383.0401027,10.0,-1.0,-32.0
1776887383.0501027,7.0,1.0,-28.0
1776887383.0601027,5.0,3.0,-29.0
1776887383.0701027,3.0,0.0,-33.0
1776887383.0801027,1.0,-2.0,-37.0
1776887383.090103,3.0,-2.0,-42.0
1776887383.100103,1.0,-2.0,-40.0
1776887383.110103,1.0,-2.0,-34.0
1776887383.1201026,0.0,-3.0,-36.0
1776887383.1301026,0.0,-1.0,-32.0
1776887383.1401026,-1.0,0.0,-35.0
1776887383.1501029,-4.0,2.0,-32.0
1776887383.1601028,-2.0,2.0,-26.0
1776887383.1701028,1.0,-1.0,-33.0
1776887383.1801028,-2.0,-3.0,-32.0
1776887383.1901028,-2.0,-2.0,-30.0
1776887383.2011027,-5.0,0.0,-27.0
1776887383.2101028,-4.0,0.0,-30.0
1776887383.2201028,-1.0,2.0,-34.0
1776887383.2301028,3.0,-8.0,-31.0
1776887383.2401028,0.0,-10.0,-30.0
1776887383.2501028,-1.0,-6.0,-31.0
1776887383.2601027,0.0,-5.0,-39.0
1776887383.2701027,3.0,-2.0,-37.0
1776887383.2801027,2.0,-7.0,-37.0
1776887383.2901027,3.0,-8.0,-41.0
1776887383.3001027,4.0,-2.0,-37.0
1776887383.3101027,5.0,-3.0,-41.0
1776887383.3201027,3.0,-3.0,-40.0
1776887383.3301027,7.0,-4.0,-39.0
1776887383.340103,6.0,-1.0,-47.0
1776887383.350103,9.0,-1.0,-42.0
1776887383.360103,5.0,1.0,-28.0
1776887383.3701026,2.0,0.0,-27.0
1776887383.3801026,2.0,0.0,-30.0
1776887383.3901026,3.0,0.0,-36.0
1776887383.4001029,6.0,-1.0,-37.0
1776887383.4101028,5.0,-2.0,-39.0
1776887383.4201028,6.0,-7.0,-36.0
1776887383.4301028,3.0,-8.0,-33.0
1776887383.4401028,1.0,-11.0,-28.0
1776887383.4501028,2.0,-6.0,-24.0
1776887383.4601028,1.0,-9.0,-26.0
1776887383.4701028,0.0,-3.0,-32.0
1776887383.4801028,-1.0,-5.0,-35.0
1776887383.4901028,3.0,-7.0,-35.0
1776887383.5001028,6.0,-5.0,-36.0
1776887383.5101027,8.0,-5.0,-32.0
1776887383.5201027,11.0,1.0,-31.0
1776887383.5301027,5.0,-4.0,-30.0
1776887383.5401027,7.0,-4.0,-34.0
1776887383.5501027,9.0,-5.0,-36.0
1776887383.5601027,5.0,-4.0,-35.0
1776887383.5701027,3.0,-3.0,-36.0
1776887383.5801027,3.0,-2.0,-32.0
1776887383.590103,3.0,-2.0,-29.0
1776887383.600103,5.0,0.0,-35.0
1776887383.610103,6.0,-4.0,-31.0
1776887383.6201026,3.0,-3.0,-29.0
1776887383.6301026,2.0,0.0,-34.0
1776887383.6401026,3.0,4.0,-38.0
1776887383.6501029,0.0,3.0,-40.0
1776887383.6601028,1.0,2.0,-37.0
1776887383.6701028,2.0,3.0,-38.0
1776887383.6801028,1.0,0.0,-39.0
1776887383.6901028,0.0,-5.0,-45.0
1776887383.7001028,-6.0,-4.0,-41.0
1776887383.7101028,-4.0,1.0,-43.0
1776887383.7201028,0.0,-2.0,-45.0
1776887383.7301028,3.0,0.0,-41.0
1776887383.7401028,9.0,2.0,-46.0
1776887383.7501028,3.0,2.0,-50.0
1776887383.7601027,-2.0,1.0,-49.0
1776887383.7701027,-8.0,0.0,-51.0
1776887383.7801027,-5.0,-3.0,-46.0
1776887383.7901027,-3.0,-6.0,-49.0
1776887383.8001027,0.0,-9.0,-37.0
1776887383.8101027,2.0,-12.0,-42.0
1776887383.8201027,7.0,-11.0,-40.0
1776887383.8301027,8.0,-8.0,-39.0
1776887383.840103,8.0,-10.0,-39.0
1776887383.850103,4.0,-10.0,-36.0
1776887383.860103,3.0,-8.0,-34.0
1776887383.8701026,-1.0,-5.0,-30.0
1776887383.8801026,-3.0,-1.0,-33.0
1776887383.8901026,0.0,2.0,-36.0
1776887383.9011028,0.0,3.0,-33.0
1776887383.9111028,0.0,2.0,-37.0
1776887383.9211028,1.0,4.0,-40.0
1776887383.9311028,2.0,6.0,-43.0
1776887383.9411027,4.0,5.0,-43.0
1776887383.9511027,3.0,0.0,-37.0
1776887383.9611027,1.0,-3.0,-32.0
1776887383.9711027,-2.0,-2.0,-32.0
1776887383.9811027,-2.0,0.0,-28.0
1776887383.9911027,-4.0,2.0,-31.0
1776887384.0011027,-2.0,1.0,-35.0
1776887384.011103,-1.0,1.0,-41.0
1776887384.021103,1.0,-1.0,-44.0
1776887384.031103,3.0,0.0,-44.0
1776887384.0411026,0.0,3.0,-36.0
1776887384.0511026,0.0,4.0,-37.0
1776887384.0611026,2.0,0.0,-36.0
1776887384.0711029,4.0,-2.0,-35.0
1776887384.0811028,0.0,-1.0,-41.0
1776887384.0911028,4.0,-4.0,-38.0
1776887384.1011028,1.0,-4.0,-39.0
1776887384.1111028,-2.0,-3.0,-39.0
1776887384.1211028,-8.0,-1.0,-40.0
1776887384.1311028,-7.0,-2.0,-37.0
1776887384.1411028,-5.0,-4.0,-30.0
1776887384.1511028,-3.0,-5.0,-35.0
1776887384.1611028,-1.0,-6.0,-33.0
1776887384.1711028,5.0,0.0,-27.0
1776887384.1811028,9.0,2.0,-27.0
1776887384.1911027,9.0,1.0,-30.0
1776887384.2011027,6.0,2.0,-26.0
1776887384.2111027,6.0,0.0,-28.0
1776887384.2211027,5.0,0.0,-24.0
1776887384.2311027,4.0,0.0,-29.0
1776887384.2411027,4.0,4.0,-26.0
1776887384.2511027,5.0,4.0,-25.0
1776887384.261103,2.0,3.0,-30.0
1776887384.271103,0.0,2.0,-37.0
1776887384.281103,5.0,1.0,-37.0
1776887384.2911026,7.0,2.0,-32.0
1776887384.3011026,5.0,3.0,-25.0
1776887384.3111026,5.0,2.0,-24.0
1776887384.3211029,1.0,2.0,-29.0
1776887384.3311028,1.0,1.0,-26.0
1776887384.3411028,1.0,2.0,-28.0
1776887384.3511028,4.0,2.0,-25.0
1776887384.3611028,5.0,0.0,-27.0
1776887384.3711028,1.0,-4.0,-33.0
1776887384.3811028,6.0,-2.0,-35.0
1776887384.3911028,8.0,-3.0,-33.0
1776887384.4011028,6.0,-7.0,-34.0
1776887384.4111028,9.0,-8.0,-36.0
1776887384.4211028,6.0,-7.0,-37.0
1776887384.4311028,3.0,-5.0,-38.0
1776887384.4411027,3.0,-4.0,-34.0
1776887384.4511027,1.0,-4.0,-39.0
1776887384.4611027,2.0,-7.0,-41.0
1776887384.4711027,3.0,-10.0,-46.0
1776887384.4811027,4.0,-3.0,-49.0
1776887384.4911027,7.0,-3.0,-47.0
1776887384.5011027,4.0,-4.0,-40.0
1776887384.511103,3.0,-7.0,-42.0
1776887384.521103,1.0,-6.0,-40.0
1776887384.531103,0.0,-5.0,-29.0
1776887384.5411026,-1.0,-3.0,-30.0
1776887384.5511026,0.0,-4.0,-31.0
1776887384.5611026,-1.0,-5.0,-31.0
1776887384.5711029,1.0,-5.0,-28.0
1776887384.5811028,0.0,-3.0,-30.0
1776887384.5911028,0.0,-3.0,-36.0
1776887384.6011028,1.0,-4.0,-37.0
1776887384.6111028,0.0,-1.0,-35.0
1776887384.6211028,0.0,-5.0,-32.0
1776887384.6311028,-1.0,-4.0,-37.0
1776887384.6411028,-5.0,-4.0,-40.0
1776887384.6511028,-6.0,-5.0,-47.0
1776887384.6611028,-6.0,-6.0,-49.0
1776887384.6711028,-3.0,-5.0,-47.0
1776887384.6811028,0.0,-4.0,-46.0
1776887384.6911027,3.0,-2.0,-45.0
1776887384.7011027,3.0,1.0,-36.0
1776887384.7111027,7.0,-3.0,-31.0
1776887384.7211027,5.0,-2.0,-29.0
1776887384.7311027,2.0,-3.0,-32.0
1776887384.7411027,1.0,-2.0,-30.0
1776887384.7511027,0.0,-3.0,-31.0
1776887384.761103,-4.0,-4.0,-35.0
1776887384.771103,-3.0,-3.0,-41.0
1776887384.781103,-5.0,-4.0,-44.0
1776887384.7911026,-3.0,-2.0,-43.0
1776887384.8011026,-2.0,-2.0,-47.0
1776887384.8111026,-4.0,-6.0,-48.0
1776887384.8211029,1.0,-7.0,-53.0
1776887384.8311028,1.0,-8.0,-47.0
1776887384.8411028,4.0,-6.0,-51.0
1776887384.8511028,4.0,-5.0,-50.0
1776887384.8611028,3.0,-2.0,-48.0
1776887384.8711028,2.0,0.0,-41.0
1776887384.8811028,4.0,-4.0,-43.0
1776887384.8911028,5.0,-3.0,-42.0
1776887384.9011028,1.0,-1.0,-43.0
1776887384.9111028,3.0,-5.0,-47.0
1776887384.9211028,0.0,-7.0,-47.0
1776887384.9311028,-1.0,-7.0,-46.0
1776887384.9411027,0.0,-6.0,-47.0
1776887384.9511027,0.0,-4.0,-51.0
1776887384.9611027,2.0,0.0,-40.0
1776887384.9711027,-1.0,1.0,-38.0
1776887384.9811027,-1.0,0.0,-35.0
1776887384.9911027,-7.0,0.0,-33.0
1776887385.0011027,-8.0,-5.0,-36.0
1776887385.011103,-11.0,-5.0,-33.0
1776887385.021103,-7.0,-4.0,-30.0
1776887385.031103,-1.0,-4.0,-23.0
1776887385.0411026,-5.0,-1.0,-27.0
1776887385.0511026,-3.0,-2.0,-33.0
1776887385.0611026,-1.0,2.0,-28.0
1776887385.0711029,0.0,0.0,-22.0
1776887385.0811028,3.0,-5.0,-26.0
1776887385.0911028,0.0,-3.0,-32.0
1776887385.1011028,0.0,-4.0,-38.0
1776887385.1111028,-3.0,-6.0,-37.0
1776887385.1211028,0.0,-6.0,-39.0
1776887385.1311028,0.0,-10.0,-41.0
1776887385.1411028,-4.0,-8.0,-37.0
1776887385.1511028,-5.0,-6.0,-37.0
1776887385.1611028,-5.0,-6.0,-38.0
1776887385.1711028,-2.0,-2.0,-42.0
1776887385.1811028,0.0,1.0,-38.0
1776887385.1911027,0.0,0.0,-37.0
1776887385.2011027,2.0,1.0,-33.0
1776887385.2111027,2.0,-2.0,-32.0
1776887385.2211027,6.0,0.0,-33.0
1776887385.2311027,5.0,0.0,-29.0
1776887385.2411027,0.0,1.0,-35.0
1776887385.2511027,0.0,2.0,-41.0
1776887385.261103,2.0,-4.0,-41.0
1776887385.271103,3.0,-3.0,-37.0
1776887385.281103,1.0,0.0,-35.0
1776887385.2911026,0.0,0.0,-44.0
1776887385.3011026,0.0,0.0,-43.0
1776887385.3111026,0.0,1.0,-47.0
1776887385.3211029,-2.0,0.0,-44.0
1776887385.3311028,-2.0,0.0,-46.0
1776887385.3411028,1.0,-4.0,-39.0
1776887385.3511028,3.0,-5.0,-40.0
1776887385.3611028,2.0,-4.0,-41.0
1776887385.3711028,6.0,-4.0,-42.0
1776887385.3811028,6.0,-4.0,-47.0
1776887385.3911028,5.0,-6.0,-47.0
1776887385.4011028,2.0,-3.0,-46.0
1776887385.4111028,1.0,-3.0,-47.0
1776887385.4211028,1.0,0.0,-44.0
1776887385.4311028,-2.0,2.0,-41.0
1776887385.4411027,0.0,1.0,-45.0
1776887385.4511027,-3.0,0.0,-38.0
1776887385.4611027,0.0,-2.0,-32.0
1776887385.4711027,2.0,1.0,-37.0
1776887385.4811027,0.0,-3.0,-33.0
1776887385.4911027,0.0,-3.0,-36.0
1776887385.5011027,0.0,2.0,-35.0
1776887385.511103,-2.0,1.0,-38.0
1776887385.521103,0.0,0.0,-40.0
1776887385.531103,0.0,-4.0,-41.0
1776887385.5411026,-1.0,0.0,-33.0
1776887385.5511026,-2.0,0.0,-33.0
1776887385.5611026,3.0,-2.0,-36.0
1776887385.5711029,0.0,0.0,-36.0
1776887385.5811028,-1.0,0.0,-35.0
1776887385.5911028,0.0,-1.0,-36.0
1776887385.6011028,-3.0,-2.0,-37.0
1776887385.6111028,-4.0,-6.0,-31.0
1776887385.6211028,-2.0,-3.0,-29.0
1776887385.6311028,-2.0,-9.0,-31.0
1776887385.6411028,-5.0,-6.0,-30.0
1776887385.6511028,-5.0,-1.0,-27.0
1776887385.6611028,-6.0,-2.0,-29.0
1776887385.6711028,-5.0,-1.0,-31.0
1776887385.6811028,0.0,-2.0,-36.0
1776887385.6911027,0.0,0.0,-32.0
1776887385.7011027,2.0,1.0,-33.0
1776887385.7111027,0.0,2.0,-40.0
1776887385.7211027,0.0,2.0,-41.0
1776887385.7311027,-2.0,0.0,-38.0
1776887385.7411027,-4.0,-1.0,-37.0
1776887385.7511027,-1.0,0.0,-39.0
1776887385.761103,-1.0,9.0,-38.0
1776887385.771103,0.0,6.0,-47.0
1776887385.781103,-5.0,7.0,-48.0
1776887385.7911026,-6.0,6.0,-42.0
1776887385.8011026,-3.0,3.0,-40.0
1776887385.8111026,0.0,3.0,-33.0
1776887385.8211029,1.0,2.0,-33.0
1776887385.8311028,2.0,4.0,-30.0
1776887385.8411028,3.0,2.0,-33.0
1776887385.8511028,3.0,3.0,-32.0
1776887385.8611028,0.0,1.0,-37.0
1776887385.8711028,2.0,0.0,-38.0
1776887385.8811028,4.0,0.0,-38.0
1776887385.8911028,1.0,1.0,-37.0
1776887385.9011028,2.0,-2.0,-33.0
1776887385.9121027,5.0,-4.0,-32.0
1776887385.9221027,6.0,-4.0,-33.0
1776887385.932103,7.0,-1.0,-38.0
1776887385.942103,5.0,-1.0,-36.0
1776887385.9511027,1.0,-2.0,-41.0
1776887385.962103,0.0,-3.0,-35.0
1776887385.9721026,1.0,0.0,-30.0
1776887385.9821026,-3.0,-2.0,-30.0
1776887385.9921026,-7.0,-2.0,-27.0
1776887386.0011027,-6.0,0.0,-30.0
1776887386.0121028,-6.0,0.0,-32.0
1776887386.0221028,-2.0,-1.0,-34.0
1776887386.0321028,0.0,-6.0,-44.0
1776887386.0421028,1.0,-7.0,-37.0
1776887386.0511026,-3.0,-9.0,-36.0
1776887386.0621028,-6.0,-7.0,-44.0
1776887386.0721028,-7.0,-7.0,-42.0
1776887386.0821028,-7.0,-2.0,-37.0
1776887386.0921028,-5.0,-3.0,-33.0
1776887386.1021028,-8.0,-1.0,-34.0
1776887386.1121027,-5.0,2.0,-26.0
1776887386.1221027,1.0,4.0,-21.0
1776887386.1321027,6.0,0.0,-22.0
1776887386.1421027,4.0,1.0,-26.0
1776887386.1521027,5.0,0.0,-25.0
1776887386.1621027,7.0,0.0,-24.0
1776887386.1721027,6.0,0.0,-33.0
1776887386.182103,1.0,0.0,-34.0
1776887386.192103,2.0,-2.0,-34.0
1776887386.202103,2.0,-3.0,-34.0
1776887386.212103,3.0,-10.0,-29.0
1776887386.2221026,5.0,-10.0,-38.0
1776887386.2321026,3.0,-8.0,-40.0
1776887386.2421026,0.0,-8.0,-34.0
1776887386.2521029,0.0,-5.0,-37.0
1776887386.2621028,3.0,-4.0,-44.0
1776887386.2721028,1.0,-8.0,-47.0
1776887386.2821028,-2.0,-7.0,-49.0
1776887386.2921028,-5.0,-5.0,-47.0
1776887386.3021028,-3.0,-3.0,-49.0
1776887386.3121028,-4.0,-3.0,-43.0
1776887386.3221028,2.0,-3.0,-39.0
1776887386.3321028,3.0,0.0,-33.0
1776887386.3421028,3.0,-2.0,-27.0
1776887386.3521028,1.0,-5.0,-29.0
1776887386.3621027,-1.0,-4.0,-28.0
1776887386.3721027,-2.0,1.0,-28.0
1776887386.3821027,0.0,2.0,-30.0
1776887386.3921027,1.0,2.0,-33.0
1776887386.4021027,-1.0,3.0,-34.0
1776887386.4121027,2.0,6.0,-35.0
1776887386.4221027,1.0,2.0,-31.0
1776887386.432103,3.0,0.0,-27.0
1776887386.442103,-1.0,0.0,-32.0
1776887386.452103,-5.0,-3.0,-39.0
1776887386.462103,-3.0,-2.0,-42.0
1776887386.4721026,-2.0,-2.0,-37.0
1776887386.4821026,0.0,-5.0,-35.0
1776887386.4921026,2.0,-3.0,-37.0
1776887386.5021029,-1.0,-1.0,-41.0
1776887386.5121028,0.0,-3.0,-31.0
1776887386.5221028,0.0,0.0,-28.0
1776887386.5321028,0.0,-1.0,-26.0
1776887386.5421028,2.0,-1.0,-32.0
1776887386.5521028,3.0,0.0,-34.0
1776887386.5621028,5.0,-2.0,-34.0
1776887386.5721028,3.0,0.0,-31.0
1776887386.5821028,1.0,5.0,-28.0
1776887386.5921028,3.0,7.0,-36.0
1776887386.6021028,4.0,2.0,-40.0
1776887386.6121027,6.0,0.0,-28.0
1776887386.6221027,11.0,2.0,-24.0
1776887386.6321027,8.0,0.0,-29.0
1776887386.6421027,2.0,-2.0,-34.0
1776887386.6521027,4.0,-5.0,-35.0
1776887386.6621027,7.0,-4.0,-41.0
1776887386.6721027,12.0,-4.0,-41.0
1776887386.682103,10.0,-3.0,-39.0
1776887386.692103,9.0,-6.0,-37.0
1776887386.702103,5.0,-7.0,-40.0
1776887386.712103,4.0,-9.0,-43.0
1776887386.7221026,2.0,-6.0,-39.0
1776887386.7321026,3.0,-6.0,-34.0
1776887386.7421026,7.0,-10.0,-36.0
1776887386.7521029,5.0,-14.0,-41.0
1776887386.7621028,5.0,-13.0,-41.0
1776887386.7721028,4.0,-13.0,-41.0
1776887386.7821028,3.0,-11.0,-39.0
1776887386.7921028,2.0,-8.0,-35.0
1776887386.8021028,2.0,-9.0,-35.0
1776887386.8121028,0.0,-5.0,-34.0
1776887386.8221028,-2.0,-4.0,-28.0
1776887386.8321028,-2.0,-5.0,-17.0
1776887386.8421028,-5.0,-5.0,-21.0
1776887386.8521028,-7.0,-1.0,-23.0
1776887386.8621027,-5.0,0.0,-21.0
1776887386.8721027,-2.0,-2.0,-21.0
1776887386.8821027,4.0,0.0,-22.0
1776887386.8921027,8.0,0.0,-35.0
1776887386.9021027,9.0,-2.0,-31.0
1776887386.9121027,2.0,-1.0,-23.0
1776887386.9221027,0.0,-3.0,-21.0
1776887386.932103,0.0,0.0,-31.0
1776887386.942103,0.0,0.0,-30.0
1776887386.952103,0.0,0.0,-32.0
1776887386.962103,-4.0,2.0,-31.0
1776887386.9721026,3.0,4.0,-32.0
1776887386.9821026,9.0,5.0,-31.0
1776887386.9921026,10.0,4.0,-30.0
1776887387.0021029,7.0,1.0,-33.0
1776887387.0121028,6.0,1.0,-29.0
1776887387.0221028,0.0,2.0,-24.0
1776887387.0321028,-1.0,0.0,-30.0
1776887387.0421028,-1.0,-1.0,-34.0
1776887387.0521028,-1.0,0.0,-38.0
1776887387.0621028,-1.0,-1.0,-41.0
1776887387.0721028,0.0,0.0,-45.0
1776887387.0821028,4.0,1.0,-45.0
1776887387.0921028,8.0,3.0,-43.0
1776887387.1021028,6.0,-1.0,-45.0
1776887387.1121027,5.0,-2.0,-46.0
1776887387.1221027,6.0,-6.0,-51.0
1776887387.1321027,4.0,-8.0,-46.0
1776887387.1421027,5.0,-8.0,-41.0
1776887387.1521027,5.0,-6.0,-41.0
1776887387.1621027,0.0,-8.0,-46.0
1776887387.1721027,-3.0,-10.0,-46.0
1776887387.182103,-1.0,-6.0,-43.0
1776887387.192103,-2.0,-3.0,-46.0
1776887387.202103,-1.0,-1.0,-42.0
1776887387.212103,-1.0,1.0,-40.0
1776887387.2221026,1.0,0.0,-35.0
1776887387.2321026,2.0,2.0,-31.0
1776887387.2421026,2.0,2.0,-34.0
1776887387.2521029,-1.0,2.0,-37.0
1776887387.2621028,-1.0,1.0,-31.0
1776887387.2721028,-4.0,-2.0,-31.0
1776887387.2821028,-5.0,-4.0,-33.0
1776887387.2921028,-3.0,-8.0,-35.0
1776887387.3021028,-2.0,-5.0,-35.0
1776887387.3121028,-3.0,-7.0,-32.0
1776887387.3221028,-5.0,-7.0,-39.0
1776887387.3321028,-1.0,-4.0,-36.0
1776887387.3421028,-1.0,-4.0,-39.0
1776887387.3521028,-1.0,-1.0,-40.0
1776887387.3621027,-1.0,-2.0,-42.0
1776887387.3721027,0.0,-5.0,-40.0
1776887387.3821027,4.0,-3.0,-32.0
1776887387.3921027,3.0,0.0,-27.0
1776887387.4021027,6.0,0.0,-35.0
1776887387.4121027,2.0,0.0,-35.0
1776887387.4221027,-1.0,0.0,-30.0
1776887387.432103,0.0,1.0,-30.0
1776887387.442103,6.0,1.0,-31.0
1776887387.452103,3.0,-3.0,-40.0
1776887387.462103,-1.0,-2.0,-38.0
1776887387.4721026,-6.0,-1.0,-39.0
1776887387.4821026,-2.0,-2.0,-37.0
1776887387.4921026,0.0,-2.0,-29.0
1776887387.5021029,0.0,-2.0,-28.0
1776887387.5121028,6.0,-4.0,-30.0
1776887387.5221028,5.0,-4.0,-30.0
1776887387.5321028,2.0,-5.0,-28.0
1776887387.5421028,1.0,-4.0,-33.0
1776887387.5521028,4.0,0.0,-34.0
1776887387.5621028,6.0,1.0,-37.0
1776887387.5721028,5.0,-1.0,-41.0
1776887387.5821028,7.0,-3.0,-36.0
1776887387.5921028,1.0,-7.0,-42.0
1776887387.6021028,0.0,-5.0,-40.0
1776887387.6121027,0.0,-5.0,-49.0
1776887387.6221027,6.0,-9.0,-49.0
1776887387.6321027,5.0,-10.0,-50.0
1776887387.6421027,5.0,-9.0,-48.0
1776887387.6521027,2.0,-4.0,-41.0
1776887387.6621027,2.0,2.0,-41.0
1776887387.6721027,5.0,1.0,-38.0
1776887387.682103,5.0,5.0,-38.0
1776887387.692103,5.0,1.0,-36.0
1776887387.702103,6.0,-1.0,-38.0
1776887387.712103,9.0,-2.0,-35.0
1776887387.7221026,6.0,0.0,-37.0
1776887387.7321026,7.0,-3.0,-27.0
1776887387.7421026,6.0,-5.0,-26.0
1776887387.7521029,9.0,-2.0,-31.0
1776887387.7621028,8.0,-2.0,-36.0
1776887387.7721028,2.0,-3.0,-36.0
1776887387.7821028,4.0,-5.0,-35.0
1776887387.7921028,3.0,-4.0,-38.0
1776887387.8021028,0.0,0.0,-38.0
1776887387.8121028,-1.0,-3.0,-38.0
1776887387.8221028,-1.0,0.0,-45.0
1776887387.8321028,-2.0,-1.0,-52.0
1776887387.8421028,-3.0,-3.0,-54.0
1776887387.8521028,-1.0,-2.0,-44.0
1776887387.8621027,0.0,-4.0,-41.0
1776887387.8721027,0.0,-1.0,-39.0
1776887387.8821027,0.0,2.0,-37.0
1776887387.8921027,-4.0,4.0,-40.0
1776887387.9021027,-2.0,2.0,-39.0
1776887387.9131026,0.0,0.0,-45.0
1776887387.9221027,5.0,-2.0,-39.0
1776887387.9331028,3.0,-5.0,-33.0
1776887387.9431028,2.0,-2.0,-32.0
1776887387.9531028,4.0,2.0,-35.0
1776887387.9631028,8.0,1.0,-29.0
1776887387.9731028,10.0,-5.0,-28.0
1776887387.9831028,8.0,-3.0,-30.0
1776887387.9931028,4.0,-4.0,-31.0
1776887388.0031028,2.0,0.0,-35.0
1776887388.0141027,3.0,1.0,-35.0
1776887388.0231028,6.0,-1.0,-32.0
1776887388.0331028,4.0,-5.0,-26.0
1776887388.0431027,4.0,-6.0,-34.0
1776887388.0531027,0.0,-4.0,-37.0
1776887388.0631027,1.0,-4.0,-38.0
1776887388.0731027,6.0,-6.0,-35.0
1776887388.0831027,4.0,-6.0,-43.0
1776887388.0931027,4.0,-1.0,-43.0
1776887388.1031027,4.0,0.0,-34.0
1776887388.113103,3.0,0.0,-33.0
1776887388.123103,-1.0,-4.0,-33.0
1776887388.133103,-7.0,-5.0,-34.0
1776887388.1431026,0.0,-7.0,-30.0
1776887388.1531026,2.0,-3.0,-28.0
1776887388.1631026,1.0,-5.0,-34.0
1776887388.1731029,-1.0,-6.0,-39.0
1776887388.1831028,-6.0,-4.0,-44.0
1776887388.1931028,-4.0,-5.0,-39.0
1776887388.2031028,-4.0,0.0,-36.0
1776887388.2131028,-2.0,0.0,-30.0
1776887388.2231028,-2.0,-2.0,-25.0
1776887388.2331028,-3.0,0.0,-24.0
1776887388.2431028,-1.0,4.0,-24.0
1776887388.2531028,2.0,3.0,-22.0
1776887388.2631028,5.0,2.0,-25.0
1776887388.2731028,10.0,0.0,-29.0
1776887388.2831028,5.0,2.0,-24.0
1776887388.2931027,5.0,0.0,-29.0
1776887388.3031027,3.0,0.0,-35.0
1776887388.3131027,0.0,1.0,-41.0
1776887388.3231027,0.0,1.0,-41.0
1776887388.3331027,0.0,1.0,-43.0
1776887388.3431027,1.0,0.0,-42.0
1776887388.3531027,1.0,-2.0,-44.0
1776887388.363103,2.0,2.0,-46.0
1776887388.373103,3.0,1.0,-49.0
1776887388.383103,2.0,0.0,-40.0
1776887388.3931026,3.0,0.0,-38.0
1776887388.4031026,10.0,0.0,-40.0
1776887388.4131026,4.0,0.0,-41.0
1776887388.4231029,5.0,-5.0,-39.0
1776887388.4331028,-2.0,-3.0,-33.0
1776887388.4431028,-2.0,-6.0,-33.0
1776887388.4531028,-2.0,-8.0,-37.0
1776887388.4631028,-2.0,-7.0,-37.0
1776887388.4731028,2.0,-5.0,-33.0
1776887388.4831028,6.0,-3.0,-37.0
1776887388.4931028,1.0,-1.0,-32.0
1776887388.5031028,2.0,-3.0,-34.0
1776887388.5131028,0.0,-1.0,-36.0
1776887388.5231028,1.0,1.0,-38.0
1776887388.5331028,-2.0,0.0,-41.0
1776887388.5431027,2.0,-3.0,-39.0
1776887388.5531027,3.0,-2.0,-37.0
1776887388.5631027,-3.0,0.0,-39.0
1776887388.5731027,-10.0,4.0,-40.0
1776887388.5831027,-10.0,3.0,-36.0
1776887388.5931027,-8.0,0.0,-38.0
1776887388.6031027,-9.0,0.0,-37.0
1776887388.613103,-12.0,0.0,-43.0
1776887388.623103,-10.0,3.0,-37.0
1776887388.633103,-8.0,4.0,-40.0
1776887388.6431026,-5.0,4.0,-38.0
1776887388.6531026,-5.0,1.0,-32.0
1776887388.6631026,-8.0,0.0,-29.0
1776887388.6731029,-3.0,0.0,-30.0
1776887388.6831028,-6.0,-2.0,-34.0
1776887388.6931028,-5.0,-2.0,-39.0
1776887388.7031028,-3.0,-1.0,-43.0
1776887388.7131028,-3.0,-5.0,-38.0
1776887388.7231028,-5.0,-4.0,-32.0
1776887388.7331028,-3.0,-2.0,-32.0
1776887388.7431028,-3.0,0.0,-32.0
1776887388.7531028,-5.0,1.0,-39.0
1776887388.7631028,-5.0,0.0,-42.0
1776887388.7731028,-3.0,0.0,-39.0
1776887388.7831028,-3.0,0.0,-39.0
1776887388.7931027,-3.0,5.0,-41.0
1776887388.8031027,-1.0,1.0,-39.0
1776887388.8131027,0.0,1.0,-42.0
1776887388.8231027,0.0,1.0,-45.0
1776887388.8331027,-2.0,0.0,-37.0
1776887388.8431027,-1.0,0.0,-30.0
1776887388.8531027,-2.0,1.0,-28.0
1776887388.863103,-2.0,0.0,-37.0
1776887388.873103,-6.0,1.0,-36.0
1776887388.883103,-8.0,0.0,-34.0
1776887388.8931026,-6.0,2.0,-32.0
1776887388.9031026,-2.0,0.0,-35.0
1776887388.9131026,-2.0,1.0,-34.0
1776887388.9231029,-4.0,1.0,-32.0
1776887388.9331028,-4.0,0.0,-35.0
1776887388.9431028,-10.0,-3.0,-32.0
1776887388.9531028,-12.0,-7.0,-28.0
1776887388.9631028,-6.0,-6.0,-35.0
1776887388.9731028,-1.0,-4.0,-40.0
1776887388.9831028,1.0,-6.0,-34.0
1776887388.9931028,3.0,-4.0,-31.0
1776887389.0031028,3.0,-8.0,-36.0
1776887389.0131028,7.0,-8.0,-35.0
1776887389.0231028,5.0,-5.0,-39.0
1776887389.0331028,3.0,-5.0,-36.0
1776887389.0431027,1.0,-5.0,-33.0
1776887389.0531027,2.0,-3.0,-35.0
1776887389.0631027,4.0,-1.0,-34.0
1776887389.0731027,3.0,-1.0,-38.0
1776887389.0831027,4.0,0.0,-30.0
1776887389.0931027,4.0,1.0,-35.0
1776887389.1031027,1.0,-3.0,-34.0
1776887389.113103,0.0,-5.0,-31.0
1776887389.123103,-1.0,-4.0,-33.0
1776887389.133103,-1.0,-2.0,-32.0
1776887389.1431026,-3.0,-5.0,-29.0
1776887389.1531026,0.0,-3.0,-28.0
1776887389.1631026,4.0,-5.0,-34.0
1776887389.1731029,5.0,-2.0,-37.0
1776887389.1831028,6.0,-2.0,-36.0
1776887389.1931028,4.0,-2.0,-43.0
1776887389.2031028,2.0,-1.0,-42.0
1776887389.2131028,-1.0,0.0,-37.0
1776887389.2231028,0.0,0.0,-39.0
1776887389.2331028,0.0,3.0,-43.0
1776887389.2431028,5.0,1.0,-40.0
1776887389.2531028,7.0,4.0,-35.0
1776887389.2631028,2.0,4.0,-36.0
1776887389.2731028,2.0,2.0,-39.0
1776887389.2831028,3.0,0.0,-47.0
1776887389.2931027,8.0,4.0,-45.0
1776887389.3031027,4.0,6.0,-44.0
1776887389.3131027,0.0,1.0,-42.0
1776887389.3231027,0.0,0.0,-47.0
1776887389.3331027,2.0,2.0,-50.0
1776887389.3431027,1.0,3.0,-50.0
1776887389.3531027,-1.0,5.0,-47.0
1776887389.363103,0.0,2.0,-44.0
1776887389.373103,1.0,1.0,-39.0
1776887389.383103,0.0,0.0,-40.0
1776887389.3931026,-3.0,3.0,-38.0
1776887389.4031026,-8.0,6.0,-38.0
1776887389.4131026,-11.0,1.0,-38.0
1776887389.4231029,-11.0,1.0,-35.0
1776887389.4331028,-8.0,0.0,-42.0
1776887389.4431028,-1.0,3.0,-39.0
1776887389.4531028,0.0,4.0,-35.0
1776887389.4631028,0.0,4.0,-30.0
1776887389.4731028,0.0,2.0,-30.0
1776887389.4831028,-8.0,0.0,-33.0
1776887389.4931028,-7.0,0.0,-30.0
1776887389.5031028,-2.0,0.0,-27.0
1776887389.5131028,-3.0,-1.0,-24.0
1776887389.5231028,-4.0,-1.0,-37.0
1776887389.5331028,-1.0,-4.0,-41.0
1776887389.5431027,0.0,-2.0,-37.0
1776887389.5531027,0.0,1.0,-34.0
1776887389.5631027,-1.0,4.0,-34.0
1776887389.5731027,-3.0,6.0,-37.0
1776887389.5831027,4.0,5.0,-37.0
1776887389.5931027,6.0,3.0,-31.0
1776887389.6031027,1.0,2.0,-26.0
1776887389.613103,5.0,1.0,-29.0
1776887389.623103,2.0,0.0,-34.0
1776887389.633103,2.0,0.0,-37.0
1776887389.6431026,3.0,0.0,-33.0
1776887389.6531026,0.0,-1.0,-34.0
1776887389.6631026,0.0,-2.0,-26.0
1776887389.6731029,0.0,-1.0,-28.0
1776887389.6831028,1.0,-2.0,-38.0
1776887389.6931028,7.0,-3.0,-40.0
1776887389.7031028,7.0,0.0,-45.0
1776887389.7131028,10.0,0.0,-39.0
1776887389.7231028,10.0,1.0,-43.0
1776887389.7331028,10.0,1.0,-42.0
1776887389.7431028,7.0,-3.0,-35.0
1776887389.7531028,4.0,-4.0,-33.0
1776887389.7631028,3.0,0.0,-36.0
1776887389.7731028,2.0,-1.0,-44.0
1776887389.7831028,4.0,-1.0,-53.0
1776887389.7931027,-2.0,-2.0,-50.0
1776887389.8031027,0.0,-1.0,-50.0
1776887389.8131027,-1.0,0.0,-53.0
1776887389.8231027,-4.0,3.0,-55.0
1776887389.8331027,-3.0,2.0,-52.0
1776887389.8431027,-2.0,3.0,-48.0
1776887389.8531027,0.0,1.0,-44.0
1776887389.863103,0.0,2.0,-40.0
1776887389.873103,-2.0,2.0,-40.0
1776887389.883103,-2.0,4.0,-37.0
1776887389.8931026,-2.0,2.0,-40.0
1776887389.9031026,2.0,-1.0,-38.0
1776887389.9141028,2.0,2.0,-36.0
1776887389.9231029,5.0,-1.0,-36.0
1776887389.9341028,0.0,-2.0,-33.0
1776887389.9441028,0.0,-3.0,-32.0
1776887389.9541028,0.0,-2.0,-34.0
1776887389.9641027,-1.0,-1.0,-39.0
1776887389.9741027,1.0,-1.0,-33.0
1776887389.9841027,3.0,-2.0,-35.0
1776887389.9941027,0.0,-2.0,-33.0
1776887390.0041027,-1.0,0.0,-29.0
1776887390.0141027,-2.0,-2.0,-34.0
1776887390.0241027,3.0,-3.0,-39.0
1776887390.034103,6.0,-8.0,-37.0
1776887390.044103,8.0,-5.0,-41.0
1776887390.054103,8.0,-5.0,-40.0
1776887390.0641026,7.0,-3.0,-32.0
1776887390.0741026,7.0,-2.0,-33.0
1776887390.0841026,3.0,0.0,-31.0
1776887390.0941026,5.0,0.0,-36.0
1776887390.1041028,5.0,-1.0,-36.0
1776887390.1141028,4.0,-1.0,-41.0
1776887390.1241028,1.0,-6.0,-42.0
1776887390.1341028,-6.0,-1.0,-38.0
1776887390.1441028,-2.0,-5.0,-35.0
1776887390.1541028,-5.0,-7.0,-33.0
1776887390.1641028,-2.0,-5.0,-31.0
1776887390.1741028,1.0,-5.0,-29.0
1776887390.1841028,0.0,-5.0,-34.0
1776887390.1941028,2.0,-1.0,-37.0
1776887390.2041028,1.0,1.0,-43.0
1776887390.2141027,2.0,1.0,-38.0
1776887390.2241027,0.0,2.0,-35.0
1776887390.2341027,-1.0,1.0,-32.0
1776887390.2441027,-2.0,2.0,-33.0
1776887390.2541027,-5.0,6.0,-36.0
1776887390.2641027,-6.0,4.0,-36.0
1776887390.2741027,-5.0,0.0,-32.0
1776887390.284103,-1.0,-2.0,-33.0
1776887390.294103,-1.0,-2.0,-39.0
1776887390.304103,-1.0,1.0,-41.0
1776887390.3141026,0.0,-3.0,-37.0
1776887390.3241026,0.0,-4.0,-34.0
1776887390.3341026,0.0,-2.0,-31.0
1776887390.3441026,-6.0,0.0,-29.0
1776887390.3541028,-4.0,0.0,-26.0
1776887390.3641028,-4.0,0.0,-28.0
1776887390.3741028,-6.0,1.0,-33.0
1776887390.3841028,-6.0,0.0,-34.0
1776887390.3941028,-3.0,-1.0,-36.0
1776887390.4041028,0.0,-1.0,-39.0
1776887390.4141028,-2.0,0.0,-41.0
1776887390.4241028,-6.0,1.0,-41.0
1776887390.4341028,-4.0,3.0,-42.0
1776887390.4441028,-3.0,5.0,-38.0
1776887390.4541028,-2.0,5.0,-36.0
1776887390.4641027,-3.0,2.0,-43.0
1776887390.4741027,1.0,0.0,-46.0
1776887390.4841027,0.0,-5.0,-51.0
1776887390.4941027,0.0,-6.0,-49.0
1776887390.5041027,-2.0,-3.0,-49.0
1776887390.5141027,-6.0,1.0,-47.0
1776887390.5241027,-7.0,1.0,-38.0
1776887390.534103,-4.0,3.0,-41.0
1776887390.544103,-4.0,-2.0,-31.0
1776887390.554103,-4.0,-3.0,-27.0
1776887390.5641026,-8.0,-2.0,-28.0
1776887390.5741026,-5.0,0.0,-32.0
1776887390.5841026,-4.0,1.0,-36.0
1776887390.5941026,-2.0,0.0,-41.0
1776887390.6041028,2.0,3.0,-44.0
1776887390.6141028,1.0,4.0,-38.0
1776887390.6241028,1.0,0.0,-37.0
1776887390.6341028,0.0,0.0,-38.0
1776887390.6441028,-5.0,1.0,-39.0
1776887390.6541028,0.0,-2.0,-43.0
1776887390.6641028,2.0,0.0,-48.0
1776887390.6741028,4.0,-2.0,-47.0
1776887390.6841028,3.0,-4.0,-38.0
1776887390.6941028,1.0,-3.0,-45.0
1776887390.7041028,1.0,-5.0,-42.0
1776887390.7141027,1.0,-2.0,-42.0
1776887390.7241027,-6.0,-4.0,-46.0
1776887390.7341027,-4.0,-4.0,-48.0
1776887390.7441027,0.0,-5.0,-42.0
1776887390.7541027,1.0,-6.0,-41.0
1776887390.7641027,1.0,-4.0,-40.0
1776887390.7741027,5.0,-4.0,-30.0
1776887390.784103,7.0,-4.0,-28.0
1776887390.794103,3.0,-8.0,-31.0
1776887390.804103,6.0,-6.0,-30.0
1776887390.8141026,5.0,-4.0,-27.0
1776887390.8241026,6.0,4.0,-32.0
1776887390.8341026,8.0,8.0,-43.0
1776887390.8441026,3.0,4.0,-46.0
1776887390.8541028,3.0,3.0,-53.0
1776887390.8641028,5.0,-3.0,-44.0
1776887390.8741028,2.0,-7.0,-43.0
1776887390.8841028,2.0,-8.0,-44.0
1776887390.8941028,0.0,-4.0,-36.0
1776887390.9041028,1.0,-3.0,-32.0
1776887390.9141028,4.0,-6.0,-33.0
1776887390.9241028,1.0,-7.0,-31.0
1776887390.9341028,-1.0,0.0,-29.0
1776887390.9441028,-3.0,0.0,-39.0
1776887390.9541028,-6.0,3.0,-42.0
1776887390.9641027,-11.0,4.0,-39.0
1776887390.9741027,-7.0,0.0,-40.0
1776887390.9841027,-6.0,0.0,-45.0
1776887390.9941027,-1.0,0.0,-44.0
1776887391.0041027,-9.0,-2.0,-42.0
1776887391.0141027,-7.0,-1.0,-43.0
1776887391.0241027,-6.0,0.0,-44.0
1776887391.034103,-6.0,-2.0,-48.0
1776887391.044103,-3.0,1.0,-41.0
1776887391.054103,-1.0,3.0,-37.0
1776887391.0641026,-2.0,3.0,-35.0
1776887391.0741026,0.0,10.0,-35.0
1776887391.0841026,0.0,5.0,-36.0
1776887391.0941026,0.0,10.0,-38.0
1776887391.1041028,3.0,7.0,-33.0
1776887391.1141028,3.0,2.0,-30.0
1776887391.1241028,4.0,3.0,-33.0
1776887391.1341028,9.0,0.0,-27.0
1776887391.1441028,7.0,-1.0,-30.0
1776887391.1541028,6.0,-3.0,-30.0
1776887391.1641028,0.0,-2.0,-28.0
1776887391.1741028,0.0,0.0,-31.0
1776887391.1841028,-3.0,5.0,-31.0
1776887391.1941028,-3.0,6.0,-29.0
1776887391.2041028,-5.0,6.0,-31.0
1776887391.2141027,-2.0,6.0,-27.0
1776887391.2241027,0.0,6.0,-30.0
1776887391.2341027,-2.0,10.0,-31.0
1776887391.2441027,-4.0,7.0,-33.0
1776887391.2541027,-3.0,8.0,-31.0
1776887391.2641027,-6.0,8.0,-27.0
1776887391.2741027,-5.0,5.0,-23.0
1776887391.284103,-3.0,2.0,-29.0
1776887391.294103,-7.0,2.0,-41.0
1776887391.304103,-6.0,3.0,-39.0
1776887391.3141026,-3.0,2.0,-42.0
1776887391.3241026,2.0,-4.0,-42.0
1776887391.3341026,4.0,-2.0,-37.0
1776887391.3441026,4.0,-3.0,-35.0
1776887391.3541028,1.0,-2.0,-38.0
1776887391.3641028,0.0,-1.0,-39.0
1776887391.3741028,3.0,-4.0,-42.0
1776887391.3841028,2.0,-7.0,-45.0
1776887391.3941028,2.0,-2.0,-45.0
1776887391.4041028,3.0,-1.0,-44.0
1776887391.4141028,0.0,1.0,-39.0
1776887391.4241028,-1.0,0.0,-40.0
1776887391.4341028,-4.0,0.0,-43.0
1776887391.4441028,-5.0,-1.0,-44.0
1776887391.4541028,-4.0,-1.0,-44.0
1776887391.4641027,0.0,-1.0,-49.0
1776887391.4741027,1.0,-2.0,-42.0
1776887391.4841027,-1.0,-3.0,-35.0
1776887391.4941027,-4.0,-4.0,-33.0
1776887391.5041027,-9.0,-4.0,-32.0
1776887391.5141027,-11.0,-6.0,-29.0
1776887391.5241027,-4.0,-9.0,-30.0
1776887391.534103,-4.0,-5.0,-30.0
1776887391.544103,-5.0,-3.0,-29.0
1776887391.554103,-1.0,-4.0,-26.0
1776887391.5641026,-6.0,-1.0,-28.0
1776887391.5741026,-2.0,0.0,-27.0
1776887391.5841026,-6.0,4.0,-22.0
1776887391.5941026,-8.0,2.0,-25.0
1776887391.6041028,-6.0,-2.0,-26.0
1776887391.6141028,-7.0,-4.0,-28.0
1776887391.6241028,0.0,-7.0,-28.0
1776887391.6341028,4.0,-3.0,-29.0
1776887391.6441028,4.0,-4.0,-31.0
1776887391.6541028,7.0,-9.0,-33.0
1776887391.6641028,7.0,-8.0,-36.0
1776887391.6741028,2.0,-3.0,-39.0
1776887391.6841028,-1.0,0.0,-32.0
1776887391.6941028,-1.0,0.0,-30.0
1776887391.7041028,2.0,0.0,-26.0
1776887391.7141027,1.0,-2.0,-32.0
1776887391.7241027,-3.0,0.0,-30.0
1776887391.7341027,-5.0,-1.0,-32.0
1776887391.7441027,-5.0,-4.0,-31.0
1776887391.7541027,-2.0,-3.0,-31.0
1776887391.7641027,0.0,-2.0,-35.0
1776887391.7741027,0.0,-7.0,-37.0
1776887391.784103,-2.0,-7.0,-41.0
1776887391.794103,-1.0,-2.0,-37.0
1776887391.804103,1.0,-2.0,-43.0
1776887391.8141026,5.0,-1.0,-41.0
1776887391.8241026,2.0,0.0,-34.0
1776887391.8341026,3.0,1.0,-33.0
1776887391.8441026,3.0,3.0,-33.0
1776887391.8541028,3.0,3.0,-31.0
1776887391.8641028,1.0,3.0,-33.0
1776887391.8751028,3.0,4.0,-32.0
1776887391.8841028,2.0,5.0,-38.0
1776887391.8941028,8.0,2.0,-47.0
1776887391.9041028,10.0,0.0,-46.0
1776887391.9141028,10.0,0.0,-50.0
1776887391.9251027,10.0,4.0,-55.0
1776887391.9351027,12.0,9.0,-45.0
1776887391.9451027,4.0,12.0,-43.0
1776887391.9551027,3.0,4.0,-35.0
1776887391.965103,0.0,0.0,-35.0
1776887391.975103,-1.0,-1.0,-38.0
1776887391.985103,1.0,-7.0,-33.0
1776887391.9951026,2.0,-1.0,-30.0
1776887392.0051026,5.0,1.0,-28.0
1776887392.0151026,7.0,0.0,-25.0
1776887392.0251029,8.0,0.0,-27.0
1776887392.0351028,4.0,2.0,-32.0
1776887392.0451028,-1.0,3.0,-32.0
1776887392.0551028,-2.0,0.0,-35.0
1776887392.0651028,0.0,-3.0,-39.0
1776887392.0751028,0.0,0.0,-45.0
1776887392.0851028,4.0,0.0,-43.0
1776887392.0951028,-1.0,0.0,-41.0
1776887392.1051028,-4.0,-1.0,-40.0
1776887392.1151028,-5.0,0.0,-44.0
1776887392.1251028,-3.0,-5.0,-46.0
1776887392.1351027,1.0,-9.0,-43.0
1776887392.1451027,1.0,-10.0,-50.0
1776887392.1551027,0.0,-7.0,-45.0
1776887392.1651027,0.0,-8.0,-40.0
1776887392.1751027,3.0,-6.0,-41.0
1776887392.1851027,-2.0,-1.0,-44.0
1776887392.1951027,-5.0,0.0,-42.0
1776887392.2051027,-7.0,0.0,-49.0
1776887392.215103,-4.0,-1.0,-50.0
1776887392.225103,0.0,-1.0,-51.0
1776887392.235103,0.0,-3.0,-54.0
1776887392.2451026,4.0,0.0,-51.0
1776887392.2551026,7.0,-2.0,-45.0
1776887392.2651026,4.0,-2.0,-43.0
1776887392.2751029,0.0,-1.0,-41.0
1776887392.2851028,1.0,0.0,-40.0
1776887392.2951028,2.0,2.0,-42.0
1776887392.3051028,2.0,0.0,-40.0
1776887392.3151028,-1.0,6.0,-46.0
1776887392.3251028,0.0,1.0,-38.0
1776887392.3351028,2.0,0.0,-35.0
1776887392.3451028,4.0,4.0,-38.0
1776887392.3551028,1.0,2.0,-39.0
1776887392.3651028,1.0,-3.0,-36.0
1776887392.3751028,0.0,-1.0,-40.0
1776887392.3851027,-2.0,-3.0,-40.0
1776887392.3951027,-1.0,0.0,-39.0
1776887392.4051027,-5.0,0.0,-34.0
1776887392.4151027,-1.0,-1.0,-33.0
1776887392.4251027,1.0,-4.0,-36.0
1776887392.4351027,3.0,-6.0,-36.0
1776887392.4451027,5.0,-5.0,-40.0
1776887392.4551027,5.0,-4.0,-43.0
1776887392.465103,3.0,-7.0,-46.0
1776887392.475103,2.0,-3.0,-41.0
1776887392.485103,4.0,-2.0,-40.0
1776887392.4951026,3.0,0.0,-36.0
1776887392.5051026,5.0,0.0,-33.0
1776887392.5151026,3.0,1.0,-34.0
1776887392.5251029,0.0,0.0,-42.0
1776887392.5351028,2.0,1.0,-41.0
1776887392.5451028,-8.0,4.0,-44.0
1776887392.5551028,-4.0,5.0,-43.0
1776887392.5651028,1.0,1.0,-40.0
1776887392.5751028,3.0,0.0,-45.0
1776887392.5851028,1.0,0.0,-51.0
1776887392.5951028,-2.0,-1.0,-50.0
1776887392.6051028,0.0,-1.0,-53.0
1776887392.6151028,1.0,-4.0,-46.0
1776887392.6251028,3.0,-5.0,-39.0
1776887392.6351027,2.0,-4.0,-39.0
1776887392.6451027,2.0,-3.0,-37.0
1776887392.6551027,4.0,-2.0,-42.0
1776887392.6651027,5.0,-1.0,-42.0
1776887392.6751027,1.0,-3.0,-45.0
1776887392.6851027,2.0,-2.0,-37.0
1776887392.6951027,3.0,-2.0,-32.0
1776887392.7051027,2.0,-3.0,-38.0
1776887392.715103,1.0,-3.0,-30.0
1776887392.725103,0.0,-3.0,-36.0
1776887392.735103,0.0,-8.0,-36.0
1776887392.7451026,0.0,-5.0,-38.0
1776887392.7551026,-4.0,-2.0,-37.0
1776887392.7651026,-9.0,-3.0,-36.0
1776887392.7751029,-3.0,-2.0,-33.0
1776887392.7851028,0.0,1.0,-32.0
1776887392.7951028,2.0,6.0,-34.0
1776887392.8051028,2.0,5.0,-39.0
1776887392.8151028,3.0,2.0,-36.0
1776887392.8251028,2.0,0.0,-36.0
1776887392.8351028,4.0,-4.0,-38.0
1776887392.8451028,4.0,-6.0,-39.0
1776887392.8551028,2.0,-3.0,-41.0
1776887392.8651028,1.0,0.0,-37.0
1776887392.8751028,4.0,-1.0,-38.0
1776887392.8851027,3.0,0.0,-35.0
1776887392.8951027,0.0,0.0,-35.0
1776887392.9051027,-3.0,0.0,-40.0
1776887392.9151027,-2.0,-1.0,-44.0
1776887392.9251027,0.0,-1.0,-46.0
1776887392.9351027,3.0,1.0,-47.0
1776887392.9451027,2.0,3.0,-43.0
1776887392.9551027,2.0,6.0,-44.0
1776887392.965103,0.0,5.0,-44.0
1776887392.975103,1.0,6.0,-44.0
1776887392.985103,-2.0,5.0,-46.0
1776887392.9951026,-3.0,3.0,-47.0
1776887393.0051026,0.0,2.0,-50.0
1776887393.0151026,0.0,3.0,-47.0
1776887393.0251029,-2.0,2.0,-40.0
1776887393.0351028,-2.0,0.0,-35.0
1776887393.0451028,-1.0,5.0,-34.0
1776887393.0551028,-1.0,5.0,-32.0
1776887393.0651028,1.0,3.0,-30.0
1776887393.0751028,2.0,3.0,-31.0
1776887393.0851028,0.0,0.0,-38.0
1776887393.0951028,-2.0,0.0,-34.0
1776887393.1051028,-1.0,0.0,-32.0
1776887393.1151028,0.0,2.0,-30.0
1776887393.1251028,3.0,3.0,-30.0
1776887393.1351027,8.0,1.0,-35.0
1776887393.1451027,8.0,-3.0,-36.0
1776887393.1551027,7.0,-4.0,-35.0
1776887393.1651027,9.0,-4.0,-28.0
1776887393.1751027,8.0,-1.0,-28.0
1776887393.1851027,7.0,-4.0,-31.0
1776887393.1951027,4.0,-3.0,-35.0
1776887393.2051027,10.0,-2.0,-38.0
1776887393.215103,10.0,0.0,-30.0
1776887393.225103,10.0,0.0,-33.0
1776887393.235103,6.0,-1.0,-35.0
1776887393.2451026,5.0,0.0,-40.0
1776887393.2551026,0.0,0.0,-43.0
1776887393.2651026,5.0,0.0,-38.0
1776887393.2751029,3.0,0.0,-30.0
1776887393.2851028,1.0,0.0,-28.0
1776887393.2951028,0.0,1.0,-31.0
1776887393.3051028,-1.0,-1.0,-33.0
1776887393.3151028,0.0,-3.0,-36.0
1776887393.3251028,2.0,-7.0,-32.0
1776887393.3351028,5.0,-7.0,-32.0
1776887393.3451028,0.0,-6.0,-38.0
1776887393.3551028,0.0,-4.0,-43.0
1776887393.3651028,-3.0,0.0,-40.0
1776887393.3751028,-6.0,3.0,-36.0
1776887393.3851027,-5.0,4.0,-30.0
1776887393.3951027,-5.0,2.0,-26.0
1776887393.4051027,-2.0,1.0,-28.0
1776887393.4151027,-2.0,2.0,-33.0
1776887393.4251027,1.0,3.0,-41.0
1776887393.4351027,0.0,1.0,-45.0
1776887393.4451027,-3.0,-1.0,-42.0
1776887393.4551027,-5.0,0.0,-36.0
1776887393.465103,-3.0,1.0,-39.0
1776887393.475103,0.0,0.0,-39.0
1776887393.485103,8.0,1.0,-39.0
1776887393.4951026,10.0,-1.0,-34.0
1776887393.5051026,7.0,-2.0,-31.0
1776887393.5151026,5.0,-4.0,-33.0
1776887393.5251029,4.0,-1.0,-34.0
1776887393.5351028,8.0,2.0,-30.0
1776887393.5451028,7.0,0.0,-30.0
1776887393.5551028,6.0,1.0,-32.0
1776887393.5651028,7.0,4.0,-33.0
1776887393.5751028,0.0,4.0,-39.0
1776887393.5851028,7.0,4.0,-42.0
1776887393.5951028,4.0,0.0,-39.0
1776887393.6051028,3.0,-5.0,-33.0
1776887393.6151028,2.0,-4.0,-30.0
1776887393.6251028,0.0,-4.0,-38.0
1776887393.6351027,1.0,-3.0,-40.0
1776887393.6451027,1.0,-1.0,-34.0
1776887393.6551027,0.0,3.0,-39.0
1776887393.6651027,2.0,1.0,-39.0
1776887393.6751027,1.0,1.0,-38.0
1776887393.6851027,0.0,-1.0,-36.0
1776887393.6951027,-2.0,-4.0,-40.0
1776887393.7051027,0.0,-6.0,-41.0
1776887393.715103,3.0,-8.0,-38.0
1776887393.725103,2.0,-7.0,-34.0
1776887393.735103,2.0,-9.0,-39.0
1776887393.7451026,2.0,-6.0,-38.0
1776887393.7551026,0.0,0.0,-43.0
1776887393.7651026,-2.0,3.0,-38.0
1776887393.7751029,2.0,3.0,-44.0
1776887393.7851028,5.0,3.0,-42.0
1776887393.7951028,5.0,1.0,-34.0
1776887393.8051028,9.0,0.0,-36.0
1776887393.8151028,9.0,0.0,-28.0
1776887393.8251028,7.0,0.0,-28.0
1776887393.8351028,3.0,-4.0,-26.0
1776887393.8451028,-1.0,0.0,-37.0
1776887393.8551028,-1.0,0.0,-42.0
1776887393.8651028,-4.0,0.0,-36.0
1776887393.8751028,-3.0,-4.0,-37.0
1776887393.8851027,-2.0,-6.0,-39.0
1776887393.8951027,1.0,-7.0,-38.0
1776887393.9051027,5.0,-6.0,-43.0
1776887393.9151027,5.0,-5.0,-41.0
1776887393.9261026,5.0,-4.0,-42.0
1776887393.9351027,2.0,0.0,-42.0
1776887393.9461029,-1.0,3.0,-43.0
1776887393.9561028,-2.0,3.0,-44.0
1776887393.9661028,3.0,1.0,-50.0
1776887393.9761028,3.0,4.0,-50.0
1776887393.9861028,0.0,3.0,-49.0
1776887393.9961028,5.0,-2.0,-55.0
1776887394.0051026,7.0,-3.0,-51.0
1776887394.0161028,6.0,1.0,-50.0
1776887394.0261028,3.0,3.0,-54.0
1776887394.0361028,2.0,2.0,-54.0
1776887394.0461028,2.0,1.0,-44.0
1776887394.0561028,-1.0,2.0,-41.0
1776887394.0661027,1.0,5.0,-38.0
1776887394.0761027,3.0,5.0,-34.0
1776887394.0861027,3.0,1.0,-40.0
1776887394.0961027,1.0,-2.0,-35.0
1776887394.1061027,1.0,-1.0,-42.0
1776887394.1161027,2.0,-2.0,-37.0
1776887394.1261027,-1.0,-5.0,-32.0
1776887394.136103,1.0,-7.0,-30.0
1776887394.146103,3.0,-8.0,-36.0
1776887394.156103,8.0,-6.0,-42.0
1776887394.1661026,9.0,-6.0,-37.0
1776887394.1761026,3.0,-2.0,-34.0
1776887394.1861026,1.0,-1.0,-32.0
1776887394.1961029,0.0,2.0,-27.0
1776887394.2061028,-3.0,1.0,-22.0
1776887394.2161028,0.0,0.0,-25.0
1776887394.2261028,3.0,1.0,-37.0
1776887394.2361028,1.0,-3.0,-35.0
1776887394.2461028,-1.0,-5.0,-36.0
1776887394.2561028,1.0,-8.0,-35.0
1776887394.2661028,2.0,-5.0,-35.0
1776887394.2761028,6.0,-1.0,-40.0
1776887394.2861028,8.0,0.0,-42.0
1776887394.2961028,4.0,0.0,-39.0
1776887394.3061028,5.0,-3.0,-38.0
1776887394.3161027,8.0,-3.0,-31.0
1776887394.3261027,5.0,2.0,-32.0
1776887394.3361027,3.0,0.0,-27.0
1776887394.3461027,7.0,0.0,-29.0
1776887394.3561027,2.0,0.0,-29.0
1776887394.3661027,-1.0,-3.0,-29.0
1776887394.3761027,-1.0,-6.0,-30.0
1776887394.386103,0.0,-6.0,-38.0
1776887394.396103,-1.0,-7.0,-35.0
1776887394.406103,2.0,-4.0,-31.0
1776887394.4161026,0.0,-3.0,-34.0
1776887394.4261026,0.0,-1.0,-30.0
1776887394.4361026,3.0,-1.0,-27.0
1776887394.4461029,2.0,0.0,-30.0
1776887394.4561028,-2.0,-1.0,-27.0
1776887394.4661028,0.0,-3.0,-25.0
1776887394.4761028,-5.0,-2.0,-27.0
1776887394.4861028,-3.0,-2.0,-28.0
1776887394.4961028,-1.0,0.0,-34.0
1776887394.5061028,-1.0,1.0,-31.0
1776887394.5161028,0.0,7.0,-39.0
1776887394.5261028,-1.0,3.0,-37.0
1776887394.5361028,1.0,6.0,-35.0
1776887394.5461028,4.0,4.0,-35.0
1776887394.5561028,4.0,2.0,-35.0
1776887394.5661027,7.0,-2.0,-41.0
1776887394.5761027,4.0,-2.0,-45.0
1776887394.5861027,5.0,-5.0,-41.0
1776887394.5961027,6.0,-3.0,-48.0
1776887394.6061027,-1.0,0.0,-45.0
1776887394.6161027,0.0,0.0,-39.0
1776887394.6261027,1.0,-2.0,-39.0
1776887394.636103,5.0,-2.0,-33.0
1776887394.646103,0.0,-5.0,-34.0
1776887394.656103,0.0,-9.0,-30.0
1776887394.6661026,-1.0,-9.0,-29.0
1776887394.6761026,-2.0,-7.0,-24.0
1776887394.6861026,-2.0,-8.0,-25.0
1776887394.6961029,-5.0,-10.0,-29.0
1776887394.7061028,-5.0,-7.0,-31.0
1776887394.7161028,-4.0,-8.0,-36.0
1776887394.7261028,-1.0,-7.0,-34.0
1776887394.7361028,0.0,-8.0,-30.0
1776887394.7461028,4.0,-3.0,-27.0
1776887394.7561028,5.0,-2.0,-29.0
1776887394.7661028,4.0,-2.0,-37.0
1776887394.7761028,0.0,-3.0,-35.0
1776887394.7861028,1.0,-5.0,-34.0
1776887394.7961028,2.0,-4.0,-33.0
1776887394.8061028,6.0,-3.0,-39.0
1776887394.8161027,3.0,-4.0,-40.0
1776887394.8261027,5.0,-2.0,-36.0
1776887394.8361027,4.0,-4.0,-37.0
1776887394.8461027,6.0,-1.0,-33.0
1776887394.8561027,10.0,-2.0,-30.0
1776887394.8661027,11.0,0.0,-31.0
1776887394.8761027,12.0,1.0,-32.0
1776887394.886103,11.0,1.0,-37.0
1776887394.896103,8.0,0.0,-35.0
1776887394.906103,4.0,2.0,-37.0
1776887394.9161026,3.0,3.0,-39.0
1776887394.9261026,6.0,5.0,-36.0
1776887394.9361026,8.0,2.0,-36.0
1776887394.9461029,9.0,-2.0,-39.0
1776887394.9561028,7.0,0.0,-38.0
1776887394.9661028,6.0,-2.0,-34.0
1776887394.9761028,1.0,-4.0,-38.0
1776887394.9861028,0.0,-6.0,-38.0
1776887394.9961028,0.0,-4.0,-38.0
1776887395.0061028,1.0,-1.0,-40.0
1776887395.0161028,2.0,-4.0,-39.0
1776887395.0261028,4.0,-6.0,-37.0
1776887395.0361028,4.0,-3.0,-40.0
1776887395.0461028,6.0,1.0,-42.0
1776887395.0561028,9.0,0.0,-45.0
1776887395.0661027,11.0,-1.0,-38.0
1776887395.0761027,8.0,0.0,-36.0
1776887395.0861027,7.0,-1.0,-41.0
1776887395.0961027,5.0,-2.0,-40.0
1776887395.1061027,5.0,-5.0,-37.0
1776887395.1161027,5.0,-8.0,-30.0
1776887395.1261027,4.0,-10.0,-32.0
1776887395.136103,0.0,-7.0,-32.0
1776887395.146103,0.0,-4.0,-32.0
1776887395.156103,0.0,-3.0,-33.0
1776887395.1661026,3.0,-2.0,-37.0
1776887395.1761026,3.0,-2.0,-29.0
1776887395.1861026,1.0,0.0,-36.0
1776887395.1961029,1.0,-1.0,-40.0
1776887395.2061028,4.0,-1.0,-43.0
1776887395.2161028,5.0,-1.0,-44.0
1776887395.2261028,3.0,0.0,-47.0
1776887395.2361028,5.0,0.0,-39.0
1776887395.2461028,2.0,-1.0,-34.0
1776887395.2561028,0.0,-1.0,-33.0
1776887395.2661028,-3.0,-4.0,-32.0
1776887395.2761028,-8.0,-1.0,-34.0
1776887395.2861028,-7.0,3.0,-37.0
1776887395.2961028,-11.0,0.0,-40.0
1776887395.3061028,-11.0,1.0,-42.0
1776887395.3161027,-10.0,-3.0,-44.0
1776887395.3261027,-5.0,-8.0,-43.0
1776887395.3361027,-7.0,-9.0,-41.0
1776887395.3461027,-7.0,-9.0,-38.0
1776887395.3561027,-2.0,-11.0,-37.0
1776887395.3661027,-3.0,-11.0,-35.0
1776887395.3761027,0.0,-7.0,-33.0
1776887395.3871028,0.0,-3.0,-34.0
1776887395.396103,1.0,2.0,-39.0
1776887395.406103,3.0,-2.0,-33.0
1776887395.4161026,1.0,0.0,-35.0
1776887395.4261026,2.0,-2.0,-42.0
1776887395.4361026,4.0,0.0,-39.0
1776887395.4461029,3.0,-4.0,-39.0
1776887395.4561028,2.0,-4.0,-40.0
1776887395.4661028,0.0,-3.0,-31.0
1776887395.4761028,1.0,-6.0,-29.0
1776887395.4861028,0.0,-7.0,-32.0
1776887395.4961028,-2.0,-7.0,-33.0
1776887395.5061028,2.0,-8.0,-35.0
1776887395.5161028,2.0,-4.0,-39.0
1776887395.5261028,1.0,-2.0,-51.0
1776887395.5361028,1.0,-9.0,-51.0
1776887395.5461028,0.0,-10.0,-48.0
1776887395.5561028,1.0,-8.0,-46.0
1776887395.5661027,5.0,-3.0,-44.0
1776887395.5761027,4.0,0.0,-45.0
1776887395.5861027,0.0,0.0,-48.0
1776887395.5961027,-2.0,2.0,-48.0
1776887395.6061027,-3.0,1.0,-44.0
1776887395.6161027,-1.0,3.0,-42.0
1776887395.6261027,-3.0,6.0,-37.0
1776887395.636103,-5.0,9.0,-37.0
1776887395.646103,0.0,2.0,-37.0
1776887395.656103,-1.0,-1.0,-35.0
1776887395.6661026,1.0,2.0,-38.0
1776887395.6761026,0.0,1.0,-41.0
1776887395.6861026,-4.0,0.0,-43.0
1776887395.6961029,-7.0,-1.0,-43.0
1776887395.7061028,-2.0,-3.0,-38.0
1776887395.7161028,3.0,-3.0,-38.0
1776887395.7261028,5.0,-5.0,-42.0
1776887395.7361028,5.0,-2.0,-44.0
1776887395.7461028,4.0,4.0,-42.0
1776887395.7561028,2.0,3.0,-43.0
1776887395.7661028,7.0,5.0,-43.0
1776887395.7761028,4.0,5.0,-43.0
1776887395.7861028,3.0,6.0,-36.0
1776887395.7961028,2.0,2.0,-37.0
1776887395.8061028,3.0,0.0,-40.0
1776887395.8161027,1.0,-2.0,-40.0
1776887395.8261027,3.0,-4.0,-43.0
1776887395.8361027,0.0,-4.0,-39.0
1776887395.8461027,1.0,-2.0,-45.0
1776887395.8561027,3.0,-2.0,-44.0
1776887395.8661027,4.0,-5.0,-43.0
1776887395.8771029,4.0,-5.0,-43.0
1776887395.8871028,3.0,-7.0,-31.0
1776887395.8971028,3.0,-8.0,-25.0
1776887395.9071028,8.0,-3.0,-24.0
1776887395.9161026,11.0,-1.0,-24.0
1776887395.9271028,9.0,-4.0,-28.0
1776887395.9371028,8.0,0.0,-30.0
1776887395.9471028,3.0,0.0,-29.0
1776887395.9571028,2.0,1.0,-37.0
1776887395.9671028,2.0,0.0,-44.0
1776887395.9771028,2.0,0.0,-38.0
1776887395.9871027,9.0,-1.0,-38.0
1776887395.9971027,11.0,-6.0,-41.0
1776887396.0071027,10.0,-8.0,-42.0
1776887396.0171027,9.0,-6.0,-42.0
1776887396.0271027,8.0,-7.0,-42.0
1776887396.0371027,6.0,-7.0,-44.0
1776887396.0471027,3.0,-2.0,-42.0
1776887396.057103,6.0,0.0,-36.0
1776887396.067103,5.0,-1.0,-31.0
1776887396.077103,0.0,0.0,-36.0
1776887396.087103,-1.0,2.0,-33.0
1776887396.0971026,0.0,1.0,-31.0
1776887396.1071026,3.0,2.0,-31.0
1776887396.1171026,2.0,1.0,-29.0
1776887396.1271029,2.0,-2.0,-29.0
1776887396.1371028,4.0,-2.0,-32.0
1776887396.1471028,1.0,0.0,-35.0
1776887396.1571028,-1.0,2.0,-26.0
1776887396.1671028,0.0,3.0,-34.0
1776887396.1771028,-3.0,2.0,-34.0
1776887396.1871028,-3.0,1.0,-36.0
1776887396.1971028,0.0,2.0,-29.0
1776887396.2071028,-3.0,-1.0,-30.0
1776887396.2171028,-7.0,-5.0,-33.0
1776887396.2271028,-6.0,-6.0,-29.0
1776887396.2371027,-1.0,-1.0,-20.0
1776887396.2471027,-3.0,0.0,-18.0
1776887396.2571027,0.0,0.0,-22.0
1776887396.2671027,-1.0,2.0,-30.0
1776887396.2771027,0.0,4.0,-27.0
1776887396.2871027,3.0,4.0,-31.0
1776887396.2971027,-2.0,2.0,-33.0
1776887396.307103,-5.0,3.0,-33.0
1776887396.317103,-5.0,1.0,-30.0
1776887396.327103,-5.0,4.0,-24.0
1776887396.337103,1.0,2.0,-28.0
1776887396.3471026,0.0,5.0,-32.0
1776887396.3571026,0.0,7.0,-32.0
1776887396.3671026,1.0,1.0,-31.0
1776887396.3771029,0.0,1.0,-30.0
1776887396.3871028,-4.0,2.0,-37.0
1776887396.3971028,-3.0,3.0,-31.0
1776887396.4071028,-3.0,3.0,-28.0
1776887396.4171028,-7.0,1.0,-32.0
1776887396.4271028,-7.0,-4.0,-33.0
1776887396.4371028,-7.0,-4.0,-31.0
1776887396.4471028,-7.0,-5.0,-31.0
1776887396.4571028,-3.0,-6.0,-31.0
1776887396.4671028,-6.0,-5.0,-30.0
1776887396.4771028,-4.0,-5.0,-33.0
1776887396.4871027,2.0,-4.0,-33.0
1776887396.4971027,4.0,0.0,-32.0
1776887396.5071027,8.0,-2.0,-35.0
1776887396.5171027,6.0,-6.0,-37.0
1776887396.5271027,5.0,-4.0,-33.0
1776887396.5371027,1.0,-1.0,-32.0
1776887396.5471027,0.0,1.0,-29.0
1776887396.557103,-4.0,2.0,-24.0
1776887396.567103,-1.0,1.0,-23.0
1776887396.577103,-3.0,1.0,-32.0
1776887396.587103,-3.0,0.0,-31.0
1776887396.5971026,1.0,0.0,-32.0
1776887396.6071026,1.0,-3.0,-31.0
1776887396.6171026,-2.0,0.0,-34.0
1776887396.6271029,-5.0,0.0,-35.0
1776887396.6371028,2.0,0.0,-39.0
1776887396.6471028,4.0,-1.0,-35.0
1776887396.6571028,0.0,-3.0,-33.0
1776887396.6671028,-2.0,-1.0,-39.0
1776887396.6771028,-5.0,-3.0,-43.0
1776887396.6871028,-7.0,-2.0,-37.0
1776887396.6971028,-6.0,-3.0,-33.0
1776887396.7071028,-4.0,-5.0,-29.0
1776887396.7171028,-4.0,0.0,-36.0
1776887396.7271028,-3.0,-3.0,-38.0
1776887396.7371027,0.0,-6.0,-42.0
1776887396.7471027,3.0,-5.0,-42.0
1776887396.7571027,5.0,-4.0,-40.0
1776887396.7671027,0.0,-1.0,-36.0
1776887396.7771027,4.0,-4.0,-39.0
1776887396.7871027,4.0,0.0,-49.0
1776887396.7971027,2.0,0.0,-50.0
1776887396.807103,0.0,0.0,-45.0
1776887396.817103,0.0,-5.0,-41.0
1776887396.827103,-2.0,-3.0,-49.0
1776887396.837103,0.0,-3.0,-49.0
1776887396.8471026,0.0,-1.0,-51.0
1776887396.8571026,3.0,0.0,-52.0
1776887396.8671026,8.0,-3.0,-56.0
1776887396.8771029,11.0,-4.0,-52.0
1776887396.8871028,8.0,-4.0,-48.0
1776887396.8971028,7.0,-9.0,-42.0
1776887396.9071028,7.0,-8.0,-39.0
1776887396.9171028,5.0,-5.0,-38.0
1776887396.9271028,4.0,-6.0,-45.0
1776887396.9371028,3.0,-6.0,-48.0
1776887396.9471028,3.0,-3.0,-44.0
1776887396.9571028,5.0,-5.0,-46.0
1776887396.9671028,5.0,-5.0,-45.0
1776887396.9771028,4.0,-4.0,-44.0
1776887396.9871027,9.0,-5.0,-34.0
1776887396.9971027,8.0,-4.0,-35.0
1776887397.0071027,5.0,-6.0,-38.0
1776887397.0171027,7.0,-3.0,-35.0
1776887397.0271027,7.0,-6.0,-34.0
1776887397.0371027,4.0,-8.0,-32.0
1776887397.0471027,4.0,-4.0,-30.0
1776887397.057103,6.0,-4.0,-32.0
1776887397.067103,5.0,-7.0,-34.0
1776887397.077103,2.0,-7.0,-33.0
1776887397.087103,-3.0,-7.0,-31.0
1776887397.0971026,-3.0,-6.0,-28.0
1776887397.1071026,-5.0,-4.0,-27.0
1776887397.1171026,-6.0,0.0,-28.0
1776887397.1271029,-5.0,4.0,-19.0
1776887397.1371028,-2.0,6.0,-20.0
1776887397.1471028,-3.0,7.0,-28.0
1776887397.1571028,-6.0,5.0,-32.0
1776887397.1671028,-1.0,3.0,-22.0
1776887397.1771028,-2.0,0.0,-30.0
1776887397.1871028,0.0,0.0,-33.0
1776887397.1971028,4.0,0.0,-40.0
1776887397.2071028,7.0,1.0,-39.0
1776887397.2171028,2.0,0.0,-31.0
1776887397.2271028,0.0,0.0,-35.0
1776887397.2371027,1.0,-3.0,-36.0
1776887397.2471027,4.0,-2.0,-31.0
1776887397.2571027,6.0,0.0,-28.0
1776887397.2671027,7.0,1.0,-31.0
1776887397.2771027,5.0,4.0,-32.0
1776887397.2871027,3.0,7.0,-29.0
1776887397.2971027,3.0,4.0,-33.0
1776887397.307103,0.0,0.0,-28.0
1776887397.317103,3.0,-4.0,-27.0
1776887397.327103,5.0,-2.0,-23.0
1776887397.337103,-1.0,-2.0,-24.0
1776887397.3471026,-2.0,1.0,-31.0
1776887397.3571026,-2.0,6.0,-35.0
1776887397.3671026,0.0,3.0,-32.0
1776887397.3771029,1.0,0.0,-40.0
1776887397.3871028,0.0,0.0,-41.0
1776887397.3971028,5.0,3.0,-40.0
1776887397.4071028,0.0,2.0,-41.0
1776887397.4171028,-3.0,5.0,-42.0
1776887397.4271028,0.0,3.0,-41.0
1776887397.4371028,1.0,3.0,-36.0
1776887397.4471028,5.0,5.0,-43.0
1776887397.4571028,11.0,2.0,-43.0
1776887397.4671028,10.0,2.0,-44.0
1776887397.4771028,5.0,3.0,-41.0
1776887397.4871027,7.0,2.0,-52.0
1776887397.4971027,4.0,0.0,-53.0
1776887397.5071027,4.0,2.0,-49.0
1776887397.5171027,0.0,1.0,-36.0
1776887397.5271027,2.0,0.0,-33.0
1776887397.5371027,2.0,-1.0,-37.0
1776887397.5471027,3.0,-2.0,-40.0
1776887397.557103,-1.0,-1.0,-38.0
1776887397.567103,-1.0,0.0,-30.0
1776887397.577103,0.0,-4.0,-33.0
1776887397.587103,1.0,-2.0,-24.0
1776887397.5971026,3.0,-1.0,-21.0
1776887397.6071026,5.0,0.0,-24.0
1776887397.6171026,3.0,-1.0,-20.0
1776887397.6271029,2.0,-4.0,-21.0
1776887397.6371028,0.0,-6.0,-26.0
1776887397.6471028,0.0,-6.0,-26.0
1776887397.6571028,-2.0,-6.0,-26.0
1776887397.6671028,0.0,-4.0,-33.0
1776887397.6771028,0.0,-4.0,-29.0
1776887397.6871028,1.0,-4.0,-32.0
1776887397.6971028,5.0,-3.0,-40.0
1776887397.7071028,2.0,-2.0,-44.0
1776887397.7171028,-1.0,0.0,-48.0
1776887397.7271028,-2.0,0.0,-44.0
1776887397.7371027,-5.0,-6.0,-45.0
1776887397.7471027,-3.0,-8.0,-41.0
1776887397.7571027,-7.0,-5.0,-39.0
1776887397.7671027,-5.0,-5.0,-41.0
1776887397.7771027,-3.0,-9.0,-43.0
1776887397.7871027,-1.0,-9.0,-34.0
1776887397.7971027,-7.0,-10.0,-33.0
1776887397.807103,-9.0,-9.0,-34.0
1776887397.817103,-4.0,-5.0,-33.0
1776887397.827103,0.0,-8.0,-31.0
1776887397.837103,2.0,-4.0,-36.0
1776887397.8471026,0.0,-3.0,-34.0
1776887397.8571026,0.0,-3.0,-34.0
1776887397.8671026,3.0,-5.0,-37.0
1776887397.8771029,3.0,-5.0,-35.0
1776887397.8871028,2.0,-4.0,-32.0
1776887397.8971028,0.0,-5.0,-37.0
1776887397.9081028,0.0,-7.0,-37.0
1776887397.9171028,1.0,-6.0,-39.0
1776887397.9281027,0.0,-7.0,-36.0
1776887397.9381027,0.0,-11.0,-27.0
1776887397.9481027,-4.0,-8.0,-31.0
1776887397.9581027,-7.0,-3.0,-32.0
1776887397.9681027,0.0,1.0,-27.0
1776887397.9781027,2.0,0.0,-33.0
1776887397.988103,2.0,-1.0,-36.0
1776887397.998103,1.0,0.0,-41.0
1776887398.008103,3.0,-1.0,-44.0
1776887398.0181026,3.0,-4.0,-49.0
1776887398.0281026,2.0,-4.0,-35.0
1776887398.0381026,6.0,0.0,-30.0
1776887398.0481029,6.0,2.0,-30.0
1776887398.0581028,0.0,-1.0,-28.0
1776887398.0681028,2.0,-3.0,-29.0
1776887398.0781028,5.0,-4.0,-29.0
1776887398.0881028,7.0,0.0,-33.0
1776887398.0981028,10.0,-3.0,-38.0
1776887398.1081028,7.0,-6.0,-39.0
1776887398.1181028,4.0,0.0,-30.0
1776887398.1281028,0.0,1.0,-32.0
1776887398.1381028,2.0,1.0,-35.0
1776887398.1481028,0.0,7.0,-36.0
1776887398.1581028,0.0,9.0,-41.0
1776887398.1681027,-4.0,7.0,-43.0
1776887398.1781027,-8.0,10.0,-35.0
1776887398.1881027,-6.0,10.0,-33.0
1776887398.1981027,-9.0,7.0,-34.0
1776887398.2081027,-6.0,7.0,-36.0
1776887398.2181027,-8.0,3.0,-38.0
1776887398.2281027,-2.0,1.0,-36.0
1776887398.238103,-1.0,3.0,-40.0
1776887398.248103,0.0,2.0,-31.0
1776887398.258103,1.0,0.0,-36.0
1776887398.2681026,5.0,0.0,-39.0
1776887398.2781026,5.0,-1.0,-37.0
1776887398.2881026,7.0,1.0,-33.0
1776887398.2981029,5.0,-2.0,-36.0
1776887398.3081028,2.0,-1.0,-36.0
1776887398.3181028,-1.0,-1.0,-35.0
1776887398.3281028,1.0,-4.0,-40.0
1776887398.3381028,1.0,-5.0,-42.0
1776887398.3481028,5.0,-6.0,-36.0
1776887398.3581028,10.0,-5.0,-29.0
1776887398.3681028,8.0,-7.0,-29.0
1776887398.3781028,2.0,-4.0,-36.0
1776887398.3881028,0.0,-2.0,-41.0
1776887398.3981028,0.0,0.0,-45.0
1776887398.4081028,-4.0,-3.0,-47.0
1776887398.4181027,-4.0,0.0,-52.0
1776887398.4281027,-1.0,0.0,-49.0
1776887398.4381027,-1.0,-1.0,-51.0
1776887398.4481027,-1.0,-1.0,-48.0
1776887398.4581027,1.0,0.0,-46.0
1776887398.4681027,0.0,-1.0,-44.0
1776887398.4781027,1.0,-1.0,-42.0
1776887398.488103,-3.0,-1.0,-40.0
1776887398.498103,-7.0,-3.0,-41.0
1776887398.508103,-3.0,-6.0,-39.0
1776887398.5181026,-5.0,-6.0,-34.0
1776887398.5281026,-2.0,-9.0,-30.0
1776887398.5381026,-1.0,-8.0,-31.0
1776887398.5481029,-3.0,-4.0,-31.0
1776887398.5581028,0.0,-2.0,-22.0
1776887398.5681028,0.0,-6.0,-18.0
1776887398.5781028,1.0,1.0,-24.0
1776887398.5881028,-1.0,0.0,-29.0
1776887398.5981028,0.0,-3.0,-33.0
1776887398.6081028,-2.0,0.0,-36.0
1776887398.6181028,-1.0,0.0,-43.0
1776887398.6281028,1.0,1.0,-39.0
1776887398.6381028,3.0,0.0,-39.0
1776887398.6481028,3.0,-1.0,-32.0
1776887398.6581028,0.0,1.0,-29.0
1776887398.6681027,-3.0,-3.0,-35.0
1776887398.6781027,-2.0,-4.0,-33.0
1776887398.6881027,2.0,-4.0,-37.0
1776887398.6981027,0.0,-4.0,-36.0
1776887398.7081027,0.0,-6.0,-31.0
1776887398.7181027,0.0,-2.0,-38.0
1776887398.7281027,2.0,-2.0,-39.0
1776887398.738103,7.0,-4.0,-39.0
1776887398.748103,8.0,0.0,-34.0
1776887398.758103,2.0,-6.0,-32.0
1776887398.7681026,4.0,-4.0,-26.0
1776887398.7781026,5.0,-2.0,-30.0
1776887398.7881026,0.0,-1.0,-32.0
1776887398.7981029,-3.0,-2.0,-33.0
1776887398.8081028,-5.0,0.0,-39.0
1776887398.8181028,-3.0,0.0,-41.0
1776887398.8281028,1.0,2.0,-43.0
1776887398.8381028,1.0,0.0,-44.0
1776887398.8481028,2.0,3.0,-40.0
1776887398.8581028,1.0,0.0,-36.0
1776887398.8681028,2.0,1.0,-32.0
1776887398.8781028,1.0,1.0,-32.0
1776887398.8881028,2.0,4.0,-37.0
1776887398.8981028,3.0,0.0,-33.0
1776887398.9081028,0.0,3.0,-37.0
1776887398.9181027,-1.0,-1.0,-38.0
1776887398.9281027,-2.0,3.0,-27.0
1776887398.9381027,0.0,4.0,-27.0
1776887398.9481027,0.0,2.0,-30.0
1776887398.9581027,1.0,0.0,-35.0
1776887398.9681027,1.0,-1.0,-35.0
1776887398.9781027,1.0,-1.0,-35.0
1776887398.988103,5.0,-1.0,-47.0
1776887398.998103,5.0,-1.0,-39.0
1776887399.008103,11.0,-3.0,-40.0
1776887399.0181026,11.0,-3.0,-38.0
1776887399.0281026,7.0,-2.0,-33.0
1776887399.0381026,9.0,0.0,-26.0
1776887399.0481029,11.0,3.0,-26.0
1776887399.0581028,9.0,1.0,-28.0
1776887399.0681028,13.0,-3.0,-30.0
1776887399.0781028,10.0,-6.0,-31.0
1776887399.0881028,2.0,-2.0,-31.0
1776887399.0981028,6.0,-5.0,-25.0
1776887399.1081028,5.0,-7.0,-22.0
1776887399.1181028,3.0,-8.0,-30.0
1776887399.1281028,0.0,-2.0,-29.0
1776887399.1381028,2.0,-1.0,-29.0
1776887399.1481028,0.0,-2.0,-30.0
1776887399.1581028,-5.0,-2.0,-34.0
1776887399.1681027,-6.0,0.0,-34.0
1776887399.1781027,-7.0,0.0,-39.0
1776887399.1881027,-2.0,-3.0,-35.0
1776887399.1981027,-1.0,-6.0,-34.0
1776887399.2081027,0.0,-6.0,-35.0
1776887399.2181027,0.0,-3.0,-38.0
1776887399.2281027,-1.0,-4.0,-40.0
1776887399.238103,-2.0,-2.0,-37.0
1776887399.248103,-2.0,-1.0,-36.0
1776887399.258103,-1.0,-2.0,-32.0
1776887399.2681026,6.0,-4.0,-31.0
1776887399.2781026,9.0,-4.0,-29.0
1776887399.2881026,6.0,-3.0,-31.0
1776887399.2981029,6.0,0.0,-28.0
1776887399.3081028,5.0,-1.0,-33.0
1776887399.3181028,4.0,2.0,-38.0
1776887399.3281028,4.0,1.0,-35.0
1776887399.3381028,3.0,1.0,-38.0
1776887399.3481028,3.0,-2.0,-44.0
1776887399.3581028,4.0,-4.0,-40.0
1776887399.3681028,3.0,-8.0,-40.0
1776887399.3781028,0.0,-6.0,-43.0
1776887399.3881028,-1.0,-6.0,-43.0
1776887399.3981028,-6.0,-5.0,-45.0
1776887399.4081028,-1.0,-1.0,-47.0
1776887399.4181027,0.0,0.0,-40.0
1776887399.4281027,0.0,-1.0,-34.0
1776887399.4381027,1.0,-3.0,-40.0
1776887399.4481027,2.0,-3.0,-42.0
1776887399.4581027,0.0,-1.0,-46.0
1776887399.4681027,0.0,-1.0,-42.0
1776887399.4781027,1.0,-3.0,-36.0
1776887399.488103,0.0,-5.0,-37.0
1776887399.498103,2.0,-1.0,-35.0
1776887399.508103,2.0,-4.0,-36.0
1776887399.5181026,3.0,-7.0,-41.0
1776887399.5281026,4.0,-3.0,-41.0
1776887399.5381026,2.0,-2.0,-37.0
1776887399.5481029,1.0,0.0,-30.0
1776887399.5581028,-2.0,-1.0,-37.0
1776887399.5681028,-1.0,-1.0,-37.0
1776887399.5781028,-1.0,-2.0,-44.0
1776887399.5881028,-3.0,0.0,-42.0
1776887399.5981028,-1.0,0.0,-40.0
1776887399.6081028,-3.0,0.0,-36.0
1776887399.6181028,2.0,-5.0,-41.0
1776887399.6281028,7.0,-2.0,-41.0
1776887399.6381028,9.0,0.0,-36.0
1776887399.6481028,3.0,0.0,-37.0
1776887399.6581028,-1.0,0.0,-43.0
1776887399.6681027,0.0,0.0,-46.0
1776887399.6781027,1.0,1.0,-42.0
1776887399.6881027,4.0,5.0,-45.0
1776887399.6981027,0.0,2.0,-40.0
1776887399.7081027,2.0,3.0,-33.0
1776887399.7181027,0.0,2.0,-33.0
1776887399.7281027,-1.0,0.0,-31.0
1776887399.738103,-3.0,0.0,-35.0
1776887399.748103,1.0,-1.0,-32.0
1776887399.758103,1.0,-3.0,-34.0
1776887399.7681026,-1.0,-5.0,-32.0
1776887399.7781026,0.0,-2.0,-36.0
1776887399.7881026,0.0,-1.0,-36.0
1776887399.7981029,-6.0,-2.0,-34.0
1776887399.8081028,-5.0,-2.0,-27.0
1776887399.8181028,-4.0,-3.0,-27.0
1776887399.8281028,-6.0,0.0,-29.0
1776887399.8381028,-4.0,-1.0,-29.0
1776887399.8481028,0.0,-1.0,-36.0
1776887399.8581028,2.0,0.0,-36.0
1776887399.8681028,5.0,0.0,-35.0
1776887399.8781028,4.0,0.0,-32.0
1776887399.8881028,8.0,-2.0,-28.0
1776887399.8981028,7.0,-5.0,-22.0
1776887399.9081028,6.0,-2.0,-19.0
1776887399.9181027,5.0,1.0,-28.0
1776887399.929103,6.0,1.0,-33.0
1776887399.9391026,8.0,-3.0,-30.0
1776887399.9491026,9.0,-6.0,-32.0
1776887399.9591026,8.0,-5.0,-35.0
1776887399.9691026,9.0,-4.0,-35.0
1776887399.9791028,10.0,-5.0,-40.0
1776887399.9891028,7.0,-3.0,-50.0
1776887399.9991028,1.0,0.0,-51.0
1776887400.0091028,1.0,-1.0,-42.0
1776887400.0191028,-1.0,-1.0,-41.0
1776887400.0291028,3.0,0.0,-38.0
1776887400.0391028,0.0,2.0,-39.0
1776887400.0491028,0.0,4.0,-34.0
1776887400.0591028,-1.0,2.0,-30.0
1776887400.0691028,-3.0,2.0,-31.0
1776887400.0791028,-2.0,0.0,-31.0
1776887400.0891027,-3.0,2.0,-34.0
1776887400.0991027,-5.0,1.0,-28.0
1776887400.1091027,-3.0,1.0,-28.0
1776887400.1191027,-4.0,0.0,-32.0
1776887400.1291027,0.0,2.0,-27.0
1776887400.1391027,2.0,2.0,-25.0
1776887400.1491027,0.0,0.0,-24.0
1776887400.159103,3.0,0.0,-31.0
1776887400.169103,10.0,1.0,-31.0
1776887400.179103,10.0,5.0,-28.0
1776887400.1891026,10.0,0.0,-33.0
1776887400.2001028,5.0,0.0,-34.0
1776887400.2091026,4.0,0.0,-39.0
1776887400.2191026,6.0,0.0,-42.0
1776887400.2291028,9.0,1.0,-37.0
1776887400.2391028,10.0,0.0,-32.0
1776887400.2491028,6.0,3.0,-33.0
1776887400.2591028,1.0,0.0,-32.0
1776887400.2691028,-2.0,1.0,-39.0
1776887400.2791028,0.0,0.0,-44.0
1776887400.2891028,1.0,-1.0,-46.0
1776887400.2991028,-2.0,0.0,-47.0
1776887400.3091028,-7.0,-2.0,-45.0
1776887400.3191028,-5.0,2.0,-46.0
1776887400.3291028,0.0,0.0,-41.0
1776887400.3391027,-2.0,-2.0,-42.0
1776887400.3491027,1.0,-1.0,-42.0
1776887400.3591027,3.0,-2.0,-42.0
1776887400.3691027,4.0,0.0,-48.0
1776887400.3791027,4.0,-2.0,-45.0
1776887400.3891027,5.0,-3.0,-41.0
1776887400.3991027,5.0,-5.0,-45.0
1776887400.409103,5.0,-7.0,-41.0
1776887400.419103,1.0,-4.0,-48.0
1776887400.429103,0.0,-1.0,-45.0
1776887400.4391026,-2.0,-6.0,-37.0
1776887400.4491026,-5.0,-9.0,-37.0
1776887400.4591026,-6.0,-5.0,-33.0
1776887400.4691026,-6.0,-4.0,-27.0
1776887400.4791028,-1.0,-5.0,-34.0
1776887400.4891028,-2.0,-3.0,-38.0
1776887400.4991028,-5.0,-8.0,-35.0
1776887400.5091028,-2.0,-7.0,-41.0
1776887400.5201027,-2.0,-7.0,-39.0
1776887400.5291028,0.0,-7.0,-44.0
1776887400.5391028,1.0,-8.0,-42.0
1776887400.5491028,2.0,-7.0,-45.0
1776887400.5591028,2.0,-5.0,-48.0
1776887400.5691028,2.0,-4.0,-42.0
1776887400.5791028,3.0,-4.0,-35.0
1776887400.5891027,2.0,1.0,-37.0
1776887400.5991027,5.0,2.0,-35.0
1776887400.6091027,2.0,-3.0,-36.0
1776887400.6191027,0.0,-5.0,-36.0
1776887400.6291027,2.0,-6.0,-33.0
1776887400.6391027,1.0,-2.0,-31.0
1776887400.6491027,-3.0,-1.0,-30.0
1776887400.659103,-9.0,1.0,-33.0
1776887400.669103,-12.0,0.0,-30.0
1776887400.679103,-7.0,0.0,-33.0
1776887400.6891026,-4.0,0.0,-39.0
1776887400.6991026,-3.0,0.0,-38.0
1776887400.7091026,0.0,0.0,-32.0
1776887400.7191026,0.0,-1.0,-33.0
1776887400.7291028,3.0,1.0,-32.0
1776887400.7391028,3.0,3.0,-33.0
1776887400.7491028,7.0,2.0,-33.0
1776887400.7591028,5.0,0.0,-42.0
1776887400.7691028,0.0,-1.0,-46.0
1776887400.7791028,1.0,-4.0,-38.0
1776887400.7891028,1.0,-6.0,-30.0
1776887400.7991028,7.0,-6.0,-34.0
1776887400.8091028,5.0,-2.0,-31.0
1776887400.8191028,0.0,-5.0,-27.0
1776887400.8291028,-2.0,-6.0,-26.0
1776887400.8391027,-6.0,-3.0,-27.0
1776887400.8491027,-13.0,-5.0,-29.0
1776887400.8591027,-5.0,-3.0,-24.0
1776887400.8691027,-3.0,-5.0,-35.0
1776887400.8791027,-1.0,-4.0,-38.0
1776887400.8891027,-4.0,0.0,-39.0
1776887400.8991027,0.0,1.0,-35.0
1776887400.909103,-3.0,-1.0,-35.0
1776887400.919103,-7.0,-1.0,-36.0
1776887400.929103,-4.0,-2.0,-37.0
1776887400.9391026,-4.0,-3.0,-33.0
1776887400.9491026,-1.0,0.0,-30.0
1776887400.9591026,-1.0,2.0,-36.0
1776887400.9691026,0.0,1.0,-31.0
1776887400.9791028,2.0,1.0,-27.0
1776887400.9891028,6.0,0.0,-26.0
1776887400.9991028,6.0,-4.0,-36.0
1776887401.0091028,6.0,-8.0,-34.0
1776887401.0191028,5.0,-9.0,-31.0
1776887401.0291028,7.0,-6.0,-37.0
1776887401.0391028,9.0,-4.0,-30.0
1776887401.0491028,7.0,-3.0,-30.0
1776887401.0591028,3.0,-1.0,-19.0
1776887401.0691028,2.0,0.0,-20.0
1776887401.0791028,5.0,0.0,-20.0
1776887401.0891027,3.0,0.0,-26.0
1776887401.0991027,1.0,2.0,-36.0
1776887401.1091027,3.0,4.0,-37.0
1776887401.1191027,4.0,1.0,-34.0
1776887401.1291027,5.0,1.0,-32.0
1776887401.1391027,-1.0,-1.0,-33.0
1776887401.1491027,0.0,-3.0,-34.0
1776887401.159103,-2.0,-3.0,-35.0
1776887401.169103,1.0,0.0,-41.0
1776887401.179103,0.0,0.0,-38.0
1776887401.1891026,-2.0,1.0,-36.0
1776887401.1991026,0.0,3.0,-42.0
1776887401.2091026,-3.0,4.0,-48.0
1776887401.2191026,0.0,3.0,-52.0
1776887401.2291028,0.0,3.0,-50.0
1776887401.2391028,-4.0,0.0,-49.0
1776887401.2491028,-2.0,0.0,-41.0
1776887401.2591028,0.0,0.0,-37.0
1776887401.2691028,-1.0,1.0,-38.0
1776887401.2791028,0.0,4.0,-44.0
1776887401.2891028,3.0,3.0,-43.0
1776887401.2991028,4.0,1.0,-41.0
1776887401.3091028,2.0,3.0,-40.0
1776887401.3191028,4.0,3.0,-40.0
1776887401.3291028,4.0,5.0,-38.0
1776887401.3391027,7.0,2.0,-39.0
1776887401.3491027,1.0,0.0,-37.0
1776887401.3591027,3.0,0.0,-40.0
1776887401.3691027,3.0,0.0,-31.0
1776887401.3791027,4.0,-1.0,-33.0
1776887401.3891027,4.0,0.0,-32.0
1776887401.3991027,6.0,-1.0,-33.0
1776887401.409103,3.0,2.0,-31.0
1776887401.419103,6.0,2.0,-35.0
1776887401.429103,6.0,0.0,-41.0
1776887401.4391026,8.0,1.0,-41.0
1776887401.4491026,4.0,1.0,-40.0
1776887401.4591026,2.0,0.0,-40.0
1776887401.4691026,4.0,-2.0,-37.0
1776887401.4791028,8.0,-1.0,-35.0
1776887401.4891028,4.0,-1.0,-33.0
1776887401.4991028,1.0,-3.0,-39.0
1776887401.5091028,2.0,-1.0,-37.0
1776887401.5191028,2.0,0.0,-40.0
1776887401.5291028,6.0,0.0,-43.0
1776887401.5391028,5.0,2.0,-37.0
1776887401.5491028,2.0,1.0,-32.0
1776887401.5591028,1.0,-1.0,-32.0
1776887401.5691028,2.0,-1.0,-36.0
1776887401.5791028,0.0,-2.0,-37.0
1776887401.5891027,1.0,-1.0,-39.0
1776887401.5991027,0.0,-1.0,-43.0
1776887401.6091027,-1.0,-1.0,-37.0
1776887401.6191027,5.0,-4.0,-41.0
1776887401.6291027,0.0,-1.0,-38.0
1776887401.6391027,1.0,0.0,-37.0
1776887401.6491027,4.0,0.0,-36.0
1776887401.659103,0.0,-2.0,-35.0
1776887401.669103,2.0,-5.0,-35.0
1776887401.679103,0.0,-6.0,-29.0
1776887401.6891026,-3.0,-7.0,-38.0
1776887401.6991026,-3.0,-4.0,-45.0
1776887401.7091026,-3.0,-3.0,-44.0
1776887401.7191026,-3.0,3.0,-49.0
1776887401.7291028,-2.0,1.0,-45.0
1776887401.7391028,-6.0,0.0,-46.0
1776887401.7491028,-9.0,-1.0,-47.0
1776887401.7591028,-6.0,-3.0,-46.0
1776887401.7691028,-6.0,-3.0,-49.0
1776887401.7791028,-3.0,-2.0,-48.0
1776887401.7891028,-5.0,-5.0,-46.0
1776887401.7991028,-5.0,-6.0,-49.0
1776887401.8091028,-5.0,-5.0,-43.0
1776887401.8191028,-3.0,-4.0,-40.0
1776887401.8291028,-6.0,-7.0,-31.0
1776887401.8391027,-5.0,-4.0,-29.0
1776887401.8491027,0.0,-2.0,-25.0
1776887401.8591027,-1.0,-1.0,-26.0
1776887401.8691027,-5.0,0.0,-27.0
1776887401.8791027,-4.0,-4.0,-31.0
1776887401.8901026,-5.0,-7.0,-32.0
1776887401.9001029,-4.0,-9.0,-33.0
1776887401.9101028,-7.0,-7.0,-29.0
1776887401.9201028,-8.0,-9.0,-30.0
1776887401.9301028,-7.0,-8.0,-35.0
1776887401.9401028,-4.0,-7.0,-34.0
1776887401.9501028,-1.0,-3.0,-34.0
1776887401.9601028,-2.0,-6.0,-33.0
1776887401.9701028,-5.0,-4.0,-38.0
1776887401.9801028,-2.0,-5.0,-39.0
1776887401.9901028,1.0,-7.0,-40.0
1776887402.0001028,-1.0,-2.0,-40.0
1776887402.0101027,-2.0,0.0,-41.0
1776887402.0201027,-2.0,0.0,-36.0
1776887402.0301027,1.0,2.0,-36.0
1776887402.0401027,4.0,0.0,-40.0
1776887402.0501027,3.0,-7.0,-38.0
1776887402.0601027,5.0,-8.0,-39.0
1776887402.0701027,2.0,-3.0,-33.0
1776887402.0801027,4.0,-2.0,-30.0
1776887402.090103,7.0,0.0,-32.0
1776887402.100103,5.0,4.0,-37.0
1776887402.110103,3.0,4.0,-38.0
1776887402.1201026,3.0,0.0,-38.0
1776887402.1301026,4.0,-2.0,-46.0
1776887402.1401026,8.0,-6.0,-47.0
1776887402.1501029,6.0,-9.0,-44.0
1776887402.1601028,5.0,-8.0,-38.0
1776887402.1701028,4.0,-3.0,-36.0
1776887402.1801028,8.0,-3.0,-39.0
1776887402.1901028,7.0,-5.0,-47.0
1776887402.2001028,9.0,-4.0,-46.0
1776887402.2101028,4.0,-3.0,-41.0
1776887402.2201028,5.0,-3.0,-38.0
1776887402.2301028,1.0,-7.0,-38.0
1776887402.2401028,0.0,-5.0,-45.0
1776887402.2501028,6.0,-1.0,-41.0
1776887402.2601027,6.0,0.0,-32.0
1776887402.2701027,5.0,-2.0,-29.0
1776887402.2801027,6.0,-2.0,-35.0
1776887402.2901027,7.0,-1.0,-35.0
1776887402.3001027,5.0,-2.0,-35.0
1776887402.3101027,-2.0,-1.0,-35.0
1776887402.3201027,-2.0,0.0,-32.0
1776887402.3301027,-4.0,-2.0,-31.0
1776887402.340103,0.0,0.0,-37.0
1776887402.350103,1.0,-2.0,-41.0
1776887402.360103,-2.0,0.0,-43.0
1776887402.3701026,-6.0,0.0,-50.0
1776887402.3801026,-4.0,0.0,-47.0
1776887402.3901026,-5.0,4.0,-40.0
1776887402.4001029,0.0,0.0,-38.0
1776887402.4101028,1.0,0.0,-44.0
1776887402.4201028,0.0,3.0,-49.0
1776887402.4301028,0.0,3.0,-43.0
1776887402.4401028,3.0,4.0,-44.0
1776887402.4501028,1.0,1.0,-48.0
1776887402.4601028,0.0,-4.0,-44.0
1776887402.4701028,2.0,-2.0,-41.0
1776887402.4801028,0.0,0.0,-41.0
1776887402.4901028,2.0,1.0,-46.0
1776887402.5001028,1.0,0.0,-44.0
1776887402.5101027,0.0,-2.0,-42.0
1776887402.5201027,-5.0,2.0,-47.0
1776887402.5301027,-1.0,0.0,-39.0
1776887402.5401027,-3.0,-4.0,-43.0
1776887402.5501027,-2.0,0.0,-50.0
1776887402.5601027,0.0,0.0,-47.0
1776887402.5701027,3.0,-2.0,-40.0
1776887402.5801027,1.0,0.0,-38.0
1776887402.590103,0.0,0.0,-36.0
1776887402.600103,1.0,1.0,-31.0
1776887402.610103,2.0,2.0,-29.0
1776887402.6201026,0.0,2.0,-30.0
1776887402.6301026,-1.0,0.0,-32.0
1776887402.6401026,-4.0,-5.0,-31.0
1776887402.6501029,0.0,-2.0,-34.0
1776887402.6601028,0.0,-2.0,-37.0
1776887402.6701028,-2.0,-2.0,-39.0
1776887402.6801028,4.0,-1.0,-39.0
1776887402.6901028,6.0,-4.0,-36.0
1776887402.7001028,4.0,-6.0,-37.0
1776887402.7101028,1.0,-7.0,-39.0
1776887402.7201028,2.0,-1.0,-40.0
1776887402.7301028,0.0,2.0,-46.0
1776887402.7401028,0.0,-3.0,-43.0
1776887402.7501028,4.0,-1.0,-44.0
1776887402.7601027,2.0,1.0,-45.0
1776887402.7701027,1.0,3.0,-40.0
1776887402.7801027,2.0,1.0,-37.0
1776887402.7901027,4.0,-2.0,-30.0
1776887402.8001027,5.0,-4.0,-30.0
1776887402.8101027,-2.0,-5.0,-32.0
1776887402.8201027,-1.0,-7.0,-34.0
1776887402.8301027,0.0,-7.0,-39.0
1776887402.840103,0.0,-5.0,-35.0
1776887402.850103,-2.0,-4.0,-37.0
1776887402.860103,-3.0,-1.0,-38.0
1776887402.8701026,-1.0,-3.0,-42.0
1776887402.8801026,-4.0,0.0,-43.0
1776887402.8901026,-5.0,-5.0,-46.0
1776887402.9001029,-5.0,-5.0,-39.0
1776887402.9101028,-7.0,-8.0,-36.0
1776887402.9201028,-3.0,-7.0,-40.0
1776887402.9301028,-4.0,-4.0,-39.0
1776887402.9401028,-5.0,-4.0,-40.0
1776887402.9501028,-2.0,-5.0,-38.0
1776887402.9601028,0.0,-7.0,-41.0
1776887402.9701028,-2.0,-8.0,-45.0
1776887402.9801028,-1.0,-7.0,-42.0
1776887402.9901028,-1.0,-4.0,-41.0
1776887403.0001028,0.0,-3.0,-49.0
1776887403.0101027,-6.0,0.0,-45.0
1776887403.0201027,-3.0,2.0,-46.0
1776887403.0301027,-4.0,5.0,-49.0
1776887403.0401027,1.0,7.0,-46.0
1776887403.0501027,1.0,2.0,-39.0
1776887403.0601027,7.0,0.0,-43.0
1776887403.0701027,6.0,-2.0,-40.0
1776887403.0801027,6.0,-5.0,-43.0
1776887403.090103,1.0,-2.0,-40.0
1776887403.100103,-1.0,-3.0,-43.0
1776887403.110103,0.0,0.0,-44.0
1776887403.1201026,0.0,0.0,-40.0
1776887403.1301026,2.0,1.0,-38.0
1776887403.1401026,4.0,0.0,-34.0
1776887403.1501029,6.0,0.0,-32.0
1776887403.1601028,5.0,-1.0,-30.0
1776887403.1701028,2.0,0.0,-33.0
1776887403.1801028,2.0,3.0,-37.0
1776887403.1901028,2.0,2.0,-34.0
1776887403.2001028,0.0,2.0,-32.0
1776887403.2101028,5.0,0.0,-41.0
1776887403.2201028,3.0,2.0,-40.0
1776887403.2301028,7.0,1.0,-39.0
1776887403.2401028,7.0,-2.0,-36.0
1776887403.2501028,5.0,-5.0,-36.0
1776887403.2601027,7.0,-2.0,-37.0
1776887403.2701027,9.0,-3.0,-42.0
1776887403.2801027,10.0,-4.0,-33.0
1776887403.2901027,10.0,-5.0,-33.0
1776887403.3001027,6.0,-4.0,-33.0
1776887403.3101027,-4.0,-4.0,-29.0
1776887403.3201027,-1.0,-9.0,-29.0
1776887403.3301027,4.0,-5.0,-31.0
1776887403.340103,0.0,-1.0,-30.0
1776887403.350103,-2.0,0.0,-26.0
1776887403.360103,-2.0,5.0,-31.0
1776887403.3701026,1.0,2.0,-39.0
1776887403.3801026,0.0,4.0,-44.0
1776887403.3901026,0.0,3.0,-48.0
1776887403.4001029,4.0,0.0,-49.0
1776887403.4101028,7.0,-4.0,-49.0
1776887403.4201028,3.0,-3.0,-40.0
1776887403.4301028,0.0,-2.0,-35.0
1776887403.4401028,2.0,-3.0,-32.0
1776887403.4501028,2.0,-8.0,-33.0
1776887403.4601028,2.0,-4.0,-37.0
1776887403.4701028,-1.0,-2.0,-42.0
1776887403.4801028,1.0,-2.0,-44.0
1776887403.4901028,6.0,0.0,-45.0
1776887403.5001028,5.0,2.0,-41.0
1776887403.5101027,4.0,0.0,-39.0
1776887403.5201027,2.0,2.0,-33.0
1776887403.5301027,2.0,2.0,-30.0
1776887403.5401027,-1.0,4.0,-37.0
1776887403.5501027,1.0,2.0,-42.0
1776887403.5601027,4.0,2.0,-46.0
1776887403.5701027,6.0,-4.0,-41.0
1776887403.5801027,0.0,0.0,-36.0
1776887403.590103,5.0,-4.0,-33.0
1776887403.600103,4.0,-1.0,-31.0
1776887403.610103,6.0,-1.0,-25.0
1776887403.6201026,6.0,-5.0,-27.0
1776887403.6301026,6.0,-4.0,-24.0
1776887403.6401026,7.0,-3.0,-29.0
1776887403.6501029,3.0,-4.0,-26.0
1776887403.6601028,-1.0,-7.0,-32.0
1776887403.6701028,-3.0,-5.0,-35.0
1776887403.6801028,-2.0,-4.0,-43.0
1776887403.6901028,-2.0,-3.0,-37.0
1776887403.7001028,-4.0,-6.0,-35.0
1776887403.7101028,-3.0,-8.0,-32.0
1776887403.7201028,-1.0,-7.0,-39.0
1776887403.7301028,-2.0,-3.0,-43.0
1776887403.7401028,0.0,-3.0,-50.0
1776887403.7501028,0.0,-2.0,-48.0
1776887403.7601027,-4.0,0.0,-46.0
1776887403.7701027,-4.0,-3.0,-39.0
1776887403.7801027,-7.0,-1.0,-39.0
1776887403.7901027,-8.0,-1.0,-38.0
1776887403.8001027,-9.0,-4.0,-37.0
1776887403.8101027,-9.0,-5.0,-34.0
1776887403.8201027,-8.0,-4.0,-33.0
1776887403.8301027,-4.0,-6.0,-33.0
1776887403.840103,0.0,-3.0,-33.0
1776887403.850103,1.0,-2.0,-33.0
1776887403.860103,-2.0,-4.0,-37.0
1776887403.8701026,-4.0,-7.0,-35.0
1776887403.8801026,-4.0,-8.0,-36.0
1776887403.8911028,-6.0,-3.0,-33.0
1776887403.9001029,-7.0,-3.0,-37.0
1776887403.9101028,-4.0,0.0,-41.0
1776887403.9201028,-4.0,-1.0,-38.0
1776887403.9311028,-1.0,-2.0,-34.0
1776887403.9411027,-2.0,0.0,-34.0
1776887403.9511027,-2.0,0.0,-36.0
1776887403.9611027,-3.0,-1.0,-35.0
1776887403.9711027,-3.0,-1.0,-28.0
1776887403.9811027,0.0,1.0,-22.0
1776887403.9911027,-2.0,1.0,-22.0
1776887404.0011027,-4.0,0.0,-22.0
1776887404.011103,-3.0,-2.0,-32.0
1776887404.021103,-1.0,-3.0,-31.0
1776887404.031103,2.0,-6.0,-31.0
1776887404.0411026,3.0,-3.0,-36.0
1776887404.0511026,4.0,-1.0,-33.0
1776887404.0611026,6.0,0.0,-36.0
1776887404.0711029,3.0,0.0,-36.0
1776887404.0811028,2.0,-1.0,-42.0
1776887404.0911028,0.0,-1.0,-43.0
1776887404.1011028,0.0,0.0,-44.0
1776887404.1111028,-2.0,3.0,-35.0
1776887404.1211028,-3.0,0.0,-39.0
1776887404.1311028,2.0,-2.0,-37.0
1776887404.1411028,-1.0,-1.0,-37.0
1776887404.1511028,-2.0,0.0,-38.0
1776887404.1611028,0.0,0.0,-40.0
1776887404.1711028,1.0,-2.0,-34.0
1776887404.1811028,-1.0,2.0,-33.0
1776887404.1911027,-3.0,0.0,-33.0
1776887404.2011027,-4.0,-2.0,-37.0
1776887404.2111027,-3.0,-5.0,-36.0
1776887404.2211027,-2.0,-3.0,-37.0
1776887404.2311027,-2.0,-5.0,-37.0
1776887404.2411027,-4.0,-7.0,-38.0
1776887404.2511027,-4.0,-7.0,-32.0
1776887404.261103,-1.0,-7.0,-34.0
1776887404.271103,-1.0,-6.0,-34.0
1776887404.281103,-5.0,-3.0,-37.0
1776887404.2911026,-5.0,-1.0,-36.0
1776887404.3011026,-4.0,-3.0,-40.0
1776887404.3111026,-4.0,-6.0,-37.0
1776887404.3211029,-1.0,-4.0,-35.0
1776887404.3311028,2.0,-7.0,-33.0
1776887404.3411028,5.0,-7.0,-30.0
1776887404.3511028,5.0,-4.0,-30.0
1776887404.3611028,4.0,-4.0,-26.0
1776887404.3711028,2.0,-2.0,-26.0
1776887404.3811028,2.0,-2.0,-28.0
1776887404.3911028,-2.0,-6.0,-33.0
1776887404.4011028,-2.0,0.0,-35.0
1776887404.4111028,-2.0,-2.0,-40.0
1776887404.4211028,-3.0,-5.0,-38.0
1776887404.4311028,0.0,-3.0,-34.0
1776887404.4411027,0.0,0.0,-35.0
1776887404.4511027,1.0,0.0,-37.0
1776887404.4611027,2.0,2.0,-34.0
1776887404.4711027,1.0,1.0,-36.0
1776887404.4811027,0.0,-2.0,-35.0
1776887404.4911027,0.0,-4.0,-41.0
1776887404.5011027,3.0,-3.0,-37.0
1776887404.511103,-1.0,-2.0,-37.0
1776887404.521103,-5.0,-5.0,-27.0
1776887404.531103,-4.0,-6.0,-29.0
1776887404.5411026,0.0,-1.0,-26.0
1776887404.5511026,0.0,-1.0,-30.0
1776887404.5611026,-4.0,-1.0,-28.0
1776887404.5711029,-6.0,-2.0,-24.0
1776887404.5811028,-6.0,-1.0,-27.0
1776887404.5921028,-3.0,-1.0,-28.0
1776887404.6011028,0.0,-2.0,-20.0
1776887404.6111028,0.0,-1.0,-24.0
1776887404.6211028,6.0,2.0,-29.0
1776887404.6311028,7.0,0.0,-23.0
1776887404.6411028,5.0,-2.0,-20.0
1776887404.6511028,1.0,0.0,-24.0
1776887404.6611028,0.0,0.0,-26.0
1776887404.6711028,-5.0,-1.0,-30.0
1776887404.6811028,-5.0,0.0,-36.0
1776887404.6911027,-3.0,0.0,-32.0
1776887404.7011027,0.0,0.0,-33.0
1776887404.7111027,1.0,-3.0,-36.0
1776887404.7211027,2.0,1.0,-33.0
1776887404.7311027,0.0,1.0,-25.0
1776887404.7411027,-3.0,4.0,-27.0
1776887404.7511027,-2.0,4.0,-24.0
1776887404.761103,0.0,-1.0,-24.0
1776887404.771103,0.0,-7.0,-24.0
1776887404.781103,-2.0,-7.0,-28.0
1776887404.7911026,-2.0,-4.0,-34.0
1776887404.8011026,-1.0,-7.0,-37.0
1776887404.8111026,0.0,-3.0,-35.0
1776887404.8211029,-1.0,-1.0,-37.0
1776887404.8311028,-6.0,2.0,-35.0
1776887404.8411028,-6.0,0.0,-39.0
1776887404.8511028,-11.0,-2.0,-39.0
1776887404.8611028,-9.0,0.0,-44.0
1776887404.8711028,-10.0,0.0,-45.0
1776887404.8811028,-8.0,0.0,-35.0
1776887404.8911028,-3.0,-3.0,-41.0
1776887404.9011028,-2.0,-4.0,-40.0
1776887404.9111028,-3.0,-4.0,-32.0
1776887404.9211028,-2.0,-3.0,-36.0
1776887404.9311028,-6.0,-1.0,-40.0
1776887404.9411027,-5.0,-2.0,-39.0
1776887404.9511027,-5.0,-1.0,-32.0
1776887404.9611027,-8.0,-2.0,-28.0
1776887404.9711027,-8.0,-2.0,-27.0
1776887404.9811027,-5.0,-4.0,-18.0
1776887404.9911027,-5.0,0.0,-17.0
1776887405.0011027,-5.0,-1.0,-19.0
1776887405.011103,-2.0,2.0,-21.0
1776887405.021103,1.0,0.0,-28.0
1776887405.031103,-1.0,3.0,-34.0
1776887405.0411026,-8.0,4.0,-35.0
1776887405.0511026,-8.0,4.0,-32.0
1776887405.0611026,-3.0,8.0,-41.0
1776887405.0711029,-2.0,6.0,-40.0
1776887405.0811028,-5.0,2.0,-38.0
1776887405.0911028,-4.0,2.0,-40.0
1776887405.1011028,0.0,0.0,-45.0
1776887405.1111028,2.0,-1.0,-38.0
1776887405.1211028,5.0,-3.0,-34.0
1776887405.1311028,6.0,-5.0,-35.0
1776887405.1411028,5.0,-3.0,-36.0
1776887405.1511028,7.0,-6.0,-33.0
1776887405.1611028,8.0,-5.0,-33.0
1776887405.1711028,6.0,-2.0,-37.0
1776887405.1811028,1.0,-4.0,-39.0
1776887405.1911027,2.0,0.0,-37.0
1776887405.2011027,1.0,-5.0,-39.0
1776887405.2111027,1.0,-3.0,-43.0
1776887405.2211027,4.0,-5.0,-44.0
1776887405.2311027,7.0,-5.0,-45.0
1776887405.2411027,12.0,-7.0,-41.0
1776887405.2511027,13.0,-6.0,-33.0
1776887405.261103,13.0,-5.0,-30.0
1776887405.271103,7.0,-2.0,-28.0
1776887405.281103,6.0,-3.0,-22.0
1776887405.2911026,1.0,-5.0,-27.0
1776887405.3011026,2.0,-5.0,-30.0
1776887405.3111026,0.0,-6.0,-30.0
1776887405.3211029,-2.0,-5.0,-32.0
1776887405.3311028,-1.0,-5.0,-42.0
1776887405.3411028,3.0,-4.0,-37.0
1776887405.3511028,3.0,-3.0,-34.0
1776887405.3611028,2.0,-4.0,-33.0
1776887405.3711028,3.0,0.0,-32.0
1776887405.3811028,6.0,0.0,-31.0
1776887405.3911028,5.0,2.0,-26.0
1776887405.4011028,4.0,0.0,-22.0
1776887405.4111028,1.0,0.0,-24.0
1776887405.4211028,3.0,0.0,-25.0
1776887405.4311028,1.0,3.0,-33.0
1776887405.4411027,0.0,0.0,-31.0
1776887405.4511027,1.0,-3.0,-31.0
1776887405.4611027,0.0,-3.0,-33.0
1776887405.4711027,3.0,-2.0,-34.0
1776887405.4811027,3.0,1.0,-41.0
1776887405.4911027,0.0,0.0,-39.0
1776887405.5011027,-3.0,3.0,-43.0
1776887405.511103,-7.0,1.0,-45.0
1776887405.521103,-7.0,0.0,-46.0
1776887405.531103,-3.0,0.0,-48.0
1776887405.5411026,-7.0,-5.0,-36.0
1776887405.5511026,-4.0,-4.0,-42.0
1776887405.5611026,-2.0,-2.0,-46.0
1776887405.5711029,0.0,-6.0,-50.0
1776887405.5811028,1.0,-9.0,-40.0
1776887405.5911028,4.0,-7.0,-44.0
1776887405.6011028,0.0,-6.0,-44.0
1776887405.6111028,0.0,-10.0,-41.0
1776887405.6211028,-2.0,-5.0,-43.0
1776887405.6311028,0.0,-3.0,-43.0
1776887405.6411028,0.0,3.0,-36.0
1776887405.6511028,0.0,0.0,-27.0
1776887405.6611028,2.0,-5.0,-32.0
1776887405.6711028,5.0,-6.0,-36.0
1776887405.6811028,4.0,-3.0,-31.0
1776887405.6911027,6.0,-1.0,-30.0
1776887405.7011027,4.0,-3.0,-33.0
1776887405.7111027,2.0,-7.0,-27.0
1776887405.7211027,0.0,-5.0,-29.0
1776887405.7311027,3.0,-6.0,-39.0
1776887405.7411027,2.0,-4.0,-45.0
1776887405.7511027,4.0,-2.0,-46.0
1776887405.761103,6.0,-8.0,-38.0
1776887405.771103,6.0,-9.0,-37.0
1776887405.781103,2.0,-7.0,-24.0
1776887405.7911026,0.0,-7.0,-20.0
1776887405.8011026,1.0,-5.0,-26.0
1776887405.8111026,2.0,-1.0,-29.0
1776887405.8211029,1.0,0.0,-36.0
1776887405.8311028,2.0,0.0,-34.0
1776887405.8411028,-3.0,-2.0,-41.0
1776887405.8511028,-4.0,-3.0,-41.0
1776887405.8611028,-5.0,-4.0,-37.0
1776887405.8711028,-4.0,-1.0,-42.0
1776887405.8811028,-4.0,-2.0,-43.0
1776887405.8911028,-7.0,-2.0,-52.0
1776887405.9011028,-2.0,-3.0,-49.0
1776887405.9121027,0.0,0.0,-36.0
1776887405.9221027,-1.0,0.0,-37.0
1776887405.932103,1.0,0.0,-32.0
1776887405.942103,1.0,1.0,-38.0
1776887405.952103,3.0,2.0,-40.0
1776887405.962103,2.0,-2.0,-38.0
1776887405.9721026,4.0,-6.0,-38.0
1776887405.9821026,1.0,-2.0,-39.0
1776887405.9921026,4.0,0.0,-48.0
1776887406.0021029,9.0,0.0,-50.0
1776887406.0121028,7.0,2.0,-41.0
1776887406.0221028,6.0,0.0,-38.0
1776887406.0321028,5.0,-2.0,-43.0
1776887406.0421028,6.0,-1.0,-43.0
1776887406.0521028,5.0,0.0,-40.0
1776887406.0621028,6.0,0.0,-44.0
1776887406.0721028,7.0,0.0,-42.0
1776887406.0821028,2.0,2.0,-38.0
1776887406.0921028,5.0,-1.0,-31.0
1776887406.1021028,6.0,-2.0,-32.0
1776887406.1121027,2.0,1.0,-42.0
1776887406.1221027,1.0,0.0,-41.0
1776887406.1321027,0.0,-2.0,-46.0
1776887406.1421027,-1.0,-4.0,-48.0
1776887406.1521027,-1.0,-1.0,-49.0
1776887406.1621027,-5.0,0.0,-50.0
1776887406.1721027,-3.0,-2.0,-51.0
1776887406.182103,-1.0,-3.0,-48.0
1776887406.192103,3.0,0.0,-46.0
1776887406.202103,-1.0,0.0,-52.0
1776887406.212103,-2.0,1.0,-51.0
1776887406.2221026,-6.0,-1.0,-43.0
1776887406.2321026,-5.0,0.0,-43.0
1776887406.2421026,0.0,0.0,-41.0
1776887406.2521029,1.0,0.0,-42.0
1776887406.2621028,0.0,-3.0,-35.0
1776887406.2721028,2.0,-4.0,-32.0
1776887406.2821028,7.0,-4.0,-38.0
1776887406.2921028,5.0,-7.0,-35.0
1776887406.3021028,6.0,-4.0,-38.0
1776887406.3121028,2.0,-7.0,-39.0
1776887406.3221028,-1.0,-5.0,-33.0
1776887406.3321028,1.0,-4.0,-30.0
1776887406.3421028,2.0,-4.0,-34.0
1776887406.3521028,0.0,-2.0,-35.0
1776887406.3621027,1.0,0.0,-42.0
1776887406.3721027,0.0,1.0,-42.0
1776887406.3821027,2.0,3.0,-42.0
1776887406.3921027,0.0,6.0,-43.0
1776887406.4021027,-4.0,-1.0,-34.0
1776887406.4121027,-5.0,0.0,-32.0
1776887406.4221027,-3.0,0.0,-27.0
1776887406.432103,-1.0,0.0,-35.0
1776887406.442103,-3.0,1.0,-38.0
1776887406.452103,-4.0,0.0,-38.0
1776887406.462103,-4.0,-1.0,-34.0
1776887406.4721026,0.0,0.0,-31.0
1776887406.4821026,-3.0,0.0,-32.0
1776887406.4921026,-3.0,2.0,-42.0
1776887406.5021029,-4.0,1.0,-45.0
1776887406.5121028,1.0,-1.0,-42.0
1776887406.5221028,0.0,-4.0,-43.0
1776887406.5321028,0.0,-3.0,-40.0
1776887406.5421028,0.0,-2.0,-36.0
1776887406.5521028,-2.0,0.0,-34.0
1776887406.5621028,-1.0,-1.0,-34.0
1776887406.5721028,-1.0,-1.0,-23.0
1776887406.5821028,1.0,-4.0,-27.0
1776887406.5921028,-5.0,-3.0,-27.0
1776887406.6021028,-5.0,0.0,-24.0
1776887406.6121027,-5.0,-3.0,-26.0
1776887406.6221027,0.0,-2.0,-31.0
1776887406.6321027,-2.0,0.0,-35.0
1776887406.6421027,1.0,0.0,-35.0
1776887406.6521027,-2.0,0.0,-41.0
1776887406.6621027,-3.0,1.0,-34.0
1776887406.6721027,-4.0,2.0,-34.0
1776887406.682103,-5.0,1.0,-37.0
1776887406.692103,-7.0,0.0,-38.0
1776887406.702103,-7.0,0.0,-29.0
1776887406.712103,-8.0,0.0,-33.0
1776887406.7221026,-3.0,2.0,-35.0
1776887406.7321026,-5.0,0.0,-39.0
1776887406.7421026,-2.0,-3.0,-34.0
1776887406.7521029,0.0,-5.0,-40.0
1776887406.7621028,-1.0,-8.0,-37.0
1776887406.7721028,-5.0,-6.0,-41.0
1776887406.7821028,-11.0,-2.0,-36.0
1776887406.7921028,-7.0,1.0,-40.0
1776887406.8021028,-1.0,2.0,-39.0
1776887406.8121028,2.0,1.0,-38.0
1776887406.8221028,6.0,-1.0,-39.0
1776887406.8321028,8.0,-2.0,-39.0
1776887406.8421028,6.0,-2.0,-37.0
1776887406.8521028,7.0,-1.0,-35.0
1776887406.8621027,4.0,0.0,-35.0
1776887406.8721027,0.0,0.0,-29.0
1776887406.8821027,1.0,0.0,-28.0
1776887406.8921027,5.0,0.0,-37.0
1776887406.9021027,5.0,-2.0,-37.0
1776887406.9121027,10.0,1.0,-45.0
1776887406.9221027,9.0,3.0,-43.0
1776887406.932103,5.0,4.0,-41.0
1776887406.942103,0.0,6.0,-41.0
1776887406.952103,-5.0,0.0,-39.0
1776887406.962103,-2.0,2.0,-38.0
1776887406.9721026,-4.0,-1.0,-39.0
1776887406.9821026,-4.0,-4.0,-38.0
1776887406.9921026,-5.0,-6.0,-39.0
1776887407.0021029,-3.0,-4.0,-33.0
1776887407.0121028,-5.0,-4.0,-32.0
1776887407.0221028,-6.0,-1.0,-31.0
1776887407.0321028,-7.0,0.0,-30.0
1776887407.0421028,-7.0,1.0,-29.0
1776887407.0521028,-2.0,3.0,-39.0
1776887407.0621028,0.0,0.0,-37.0
1776887407.0721028,-2.0,-4.0,-42.0
1776887407.0821028,-3.0,-6.0,-44.0
1776887407.0921028,1.0,-6.0,-43.0
1776887407.1021028,3.0,-3.0,-38.0
1776887407.1121027,4.0,-1.0,-39.0
1776887407.1221027,0.0,-2.0,-38.0
1776887407.1321027,1.0,-4.0,-35.0
1776887407.1421027,4.0,0.0,-35.0
1776887407.1521027,3.0,-3.0,-38.0
1776887407.1621027,1.0,-2.0,-39.0
1776887407.1721027,1.0,1.0,-40.0
1776887407.182103,-4.0,2.0,-36.0
1776887407.192103,-2.0,4.0,-34.0
1776887407.202103,0.0,0.0,-33.0
1776887407.212103,0.0,-1.0,-33.0
1776887407.2221026,0.0,-2.0,-33.0
1776887407.2321026,-2.0,-4.0,-33.0
1776887407.2421026,0.0,-5.0,-35.0
1776887407.2521029,0.0,-7.0,-30.0
1776887407.2621028,2.0,-5.0,-31.0
1776887407.2721028,0.0,-8.0,-30.0
1776887407.2821028,4.0,-2.0,-29.0
1776887407.2921028,3.0,1.0,-34.0
1776887407.3021028,-1.0,0.0,-27.0
1776887407.3121028,0.0,-1.0,-25.0
1776887407.3221028,1.0,-4.0,-23.0
1776887407.3321028,4.0,-3.0,-30.0
1776887407.3421028,7.0,-4.0,-30.0
1776887407.3521028,10.0,-5.0,-39.0
1776887407.3621027,5.0,-8.0,-40.0
1776887407.3721027,3.0,-6.0,-35.0
1776887407.3821027,2.0,-4.0,-38.0
1776887407.3921027,0.0,0.0,-36.0
1776887407.4021027,-1.0,0.0,-30.0
1776887407.4121027,0.0,0.0,-30.0
1776887407.4221027,0.0,0.0,-38.0
1776887407.432103,0.0,3.0,-45.0
1776887407.442103,3.0,0.0,-44.0
1776887407.452103,5.0,-2.0,-39.0
1776887407.462103,7.0,1.0,-43.0
1776887407.4721026,0.0,1.0,-32.0
1776887407.4821026,0.0,0.0,-32.0
1776887407.4921026,0.0,-1.0,-32.0
1776887407.5021029,-1.0,-4.0,-29.0
1776887407.5121028,-2.0,-7.0,-30.0
1776887407.5221028,-2.0,-7.0,-34.0
1776887407.5321028,-4.0,-3.0,-38.0
1776887407.5421028,-2.0,-7.0,-41.0
1776887407.5521028,0.0,-10.0,-42.0
1776887407.5621028,-3.0,-7.0,-40.0
1776887407.5721028,-2.0,-5.0,-38.0
1776887407.5821028,-2.0,-3.0,-37.0
1776887407.5921028,-2.0,-2.0,-36.0
1776887407.6021028,-4.0,-7.0,-33.0
1776887407.6121027,-5.0,-7.0,-32.0
1776887407.6221027,-5.0,-7.0,-30.0
1776887407.6321027,-3.0,-7.0,-36.0
1776887407.6421027,0.0,-3.0,-37.0
1776887407.6521027,1.0,-3.0,-38.0
1776887407.6621027,-4.0,-1.0,-45.0
1776887407.6721027,-6.0,-4.0,-45.0
1776887407.682103,-2.0,-4.0,-40.0
1776887407.692103,-1.0,-9.0,-33.0
1776887407.702103,-2.0,-12.0,-33.0
1776887407.712103,1.0,-13.0,-36.0
1776887407.7221026,2.0,-9.0,-37.0
1776887407.7321026,0.0,-6.0,-38.0
1776887407.7421026,0.0,0.0,-38.0
1776887407.7521029,-3.0,1.0,-36.0
1776887407.7621028,2.0,2.0,-36.0
1776887407.7721028,3.0,1.0,-39.0
1776887407.7821028,7.0,2.0,-41.0
1776887407.7921028,12.0,5.0,-42.0
1776887407.8021028,11.0,5.0,-40.0
1776887407.8121028,7.0,4.0,-45.0
1776887407.8221028,7.0,5.0,-44.0
1776887407.8321028,9.0,2.0,-41.0
1776887407.8421028,5.0,-1.0,-39.0
1776887407.8521028,6.0,-1.0,-38.0
1776887407.8621027,4.0,2.0,-40.0
1776887407.8721027,5.0,1.0,-37.0
1776887407.8821027,4.0,-1.0,-31.0
1776887407.8921027,7.0,-4.0,-30.0
1776887407.9021027,8.0,-2.0,-33.0
1776887407.9131026,5.0,0.0,-34.0
1776887407.9231029,1.0,3.0,-34.0
1776887407.9331028,6.0,4.0,-44.0
1776887407.9431028,4.0,5.0,-46.0
1776887407.9531028,5.0,1.0,-55.0
1776887407.9631028,0.0,-4.0,-51.0
1776887407.9731028,1.0,-4.0,-50.0
1776887407.9831028,0.0,-4.0,-47.0
1776887407.9931028,4.0,0.0,-44.0
1776887408.0031028,4.0,1.0,-35.0
1776887408.0131028,1.0,0.0,-39.0
1776887408.0231028,1.0,5.0,-39.0
1776887408.0331028,6.0,6.0,-40.0
1776887408.0431027,4.0,10.0,-45.0
1776887408.0531027,2.0,6.0,-42.0
1776887408.0631027,0.0,6.0,-43.0
1776887408.0731027,-1.0,2.0,-43.0
1776887408.0831027,-3.0,3.0,-46.0
1776887408.0931027,0.0,1.0,-41.0
1776887408.1031027,-1.0,0.0,-37.0
1776887408.113103,-2.0,-2.0,-39.0
1776887408.123103,0.0,-2.0,-32.0
1776887408.133103,1.0,-4.0,-32.0
1776887408.1431026,2.0,-4.0,-24.0
1776887408.1531026,-1.0,-2.0,-28.0
1776887408.1631026,0.0,0.0,-24.0
1776887408.1731029,0.0,0.0,-25.0
1776887408.1831028,0.0,0.0,-27.0
1776887408.1931028,-1.0,0.0,-30.0
1776887408.2031028,0.0,-3.0,-32.0
1776887408.2131028,-1.0,-6.0,-32.0
1776887408.2231028,2.0,-7.0,-31.0
1776887408.2331028,0.0,-2.0,-24.0
1776887408.2431028,0.0,-6.0,-26.0
1776887408.2531028,-2.0,-5.0,-33.0
1776887408.2631028,2.0,-9.0,-39.0
1776887408.2731028,5.0,-9.0,-35.0
1776887408.2831028,5.0,-4.0,-40.0
1776887408.2931027,0.0,-4.0,-40.0
1776887408.3031027,-2.0,-7.0,-46.0
1776887408.3131027,-4.0,-3.0,-41.0
1776887408.3231027,-3.0,0.0,-42.0
1776887408.3331027,2.0,0.0,-48.0
1776887408.3431027,2.0,0.0,-49.0
1776887408.3531027,1.0,-1.0,-48.0
1776887408.363103,2.0,0.0,-45.0
1776887408.373103,6.0,0.0,-41.0
1776887408.383103,4.0,-4.0,-40.0
1776887408.3931026,0.0,-4.0,-42.0
1776887408.4031026,-1.0,-1.0,-40.0
1776887408.4131026,0.0,-3.0,-40.0
1776887408.4231029,-8.0,-1.0,-44.0
1776887408.4331028,-10.0,0.0,-49.0
1776887408.4431028,-11.0,-3.0,-50.0
1776887408.4531028,-8.0,-4.0,-45.0
1776887408.4631028,-7.0,-6.0,-35.0
1776887408.4731028,-5.0,-5.0,-37.0
1776887408.4831028,-1.0,-7.0,-38.0
1776887408.4931028,3.0,-5.0,-39.0
1776887408.5031028,5.0,-5.0,-41.0
1776887408.5131028,4.0,-2.0,-39.0
1776887408.5231028,3.0,-3.0,-42.0
1776887408.5331028,6.0,-4.0,-38.0
1776887408.5431027,6.0,0.0,-34.0
1776887408.5531027,1.0,-3.0,-42.0
1776887408.5631027,0.0,-1.0,-45.0
1776887408.5731027,0.0,2.0,-38.0
1776887408.5831027,2.0,3.0,-40.0
1776887408.5931027,2.0,3.0,-32.0
1776887408.6031027,6.0,4.0,-29.0
1776887408.613103,6.0,2.0,-29.0
1776887408.623103,10.0,2.0,-36.0
1776887408.633103,12.0,1.0,-38.0
1776887408.6431026,14.0,0.0,-34.0
1776887408.6531026,11.0,1.0,-36.0
1776887408.6631026,5.0,0.0,-35.0
1776887408.6731029,1.0,0.0,-36.0
1776887408.6831028,4.0,0.0,-37.0
1776887408.6931028,4.0,0.0,-38.0
1776887408.7031028,4.0,-3.0,-37.0
1776887408.7131028,0.0,-1.0,-36.0
1776887408.7231028,-2.0,-3.0,-32.0
1776887408.7331028,-1.0,0.0,-27.0
1776887408.7431028,-6.0,0.0,-33.0
1776887408.7531028,-6.0,0.0,-34.0
1776887408.7631028,-5.0,-1.0,-39.0
1776887408.7731028,-4.0,-2.0,-32.0
1776887408.7831028,3.0,-2.0,-33.0
1776887408.7931027,3.0,-1.0,-38.0
1776887408.8031027,0.0,0.0,-45.0
1776887408.8131027,-1.0,-3.0,-47.0
1776887408.8231027,3.0,0.0,-44.0
1776887408.8331027,6.0,0.0,-38.0
1776887408.8431027,8.0,-3.0,-35.0
1776887408.8531027,7.0,-5.0,-38.0
1776887408.863103,4.0,-4.0,-38.0
1776887408.873103,3.0,-4.0,-35.0
1776887408.883103,0.0,-8.0,-37.0
1776887408.8931026,2.0,-5.0,-35.0
1776887408.9031026,1.0,-6.0,-39.0
1776887408.9131026,-1.0,-1.0,-43.0
1776887408.9231029,-6.0,2.0,-43.0
1776887408.9331028,-9.0,6.0,-46.0
1776887408.9431028,-12.0,2.0,-47.0
1776887408.9531028,-5.0,-2.0,-40.0
1776887408.9631028,-3.0,-4.0,-38.0
1776887408.9731028,-2.0,-5.0,-36.0
1776887408.9831028,0.0,0.0,-38.0
1776887408.9931028,0.0,3.0,-41.0
1776887409.0031028,0.0,3.0,-38.0
1776887409.0131028,-6.0,0.0,-27.0
1776887409.0231028,0.0,-1.0,-30.0
1776887409.0331028,7.0,-1.0,-37.0
1776887409.0431027,10.0,-4.0,-42.0
1776887409.0531027,8.0,-3.0,-43.0
1776887409.0631027,9.0,-2.0,-41.0
1776887409.0731027,9.0,-1.0,-38.0
1776887409.0831027,2.0,0.0,-37.0
1776887409.0931027,0.0,0.0,-35.0
1776887409.1031027,0.0,-2.0,-35.0
1776887409.113103,1.0,-2.0,-35.0
1776887409.123103,1.0,-2.0,-41.0
1776887409.133103,0.0,-1.0,-35.0
1776887409.1431026,7.0,-4.0,-37.0
1776887409.1531026,7.0,-5.0,-40.0
1776887409.1631026,3.0,-4.0,-44.0
1776887409.1731029,4.0,-2.0,-40.0
1776887409.1831028,4.0,-2.0,-37.0
1776887409.1931028,0.0,0.0,-32.0
1776887409.2031028,-1.0,-2.0,-28.0
1776887409.2131028,0.0,-3.0,-31.0
1776887409.2231028,1.0,-3.0,-26.0
1776887409.2331028,3.0,-2.0,-29.0
1776887409.2431028,4.0,-2.0,-31.0
1776887409.2531028,3.0,-5.0,-30.0
1776887409.2631028,1.0,-9.0,-28.0
1776887409.2731028,4.0,-9.0,-31.0
1776887409.2831028,3.0,-10.0,-35.0
1776887409.2931027,7.0,-6.0,-29.0
1776887409.3031027,6.0,-5.0,-36.0
1776887409.3141026,4.0,-10.0,-42.0
1776887409.3231027,4.0,-11.0,-47.0
1776887409.3331027,3.0,-11.0,-45.0
1776887409.3431027,4.0,-10.0,-46.0
1776887409.3531027,2.0,-4.0,-46.0
1776887409.363103,-2.0,-10.0,-36.0
1776887409.373103,-4.0,-10.0,-33.0
1776887409.383103,-3.0,-9.0,-39.0
1776887409.3931026,-2.0,-7.0,-39.0
1776887409.4031026,-6.0,-4.0,-34.0
1776887409.4131026,-4.0,-2.0,-40.0
1776887409.4231029,0.0,0.0,-38.0
1776887409.4331028,4.0,-4.0,-37.0
1776887409.4431028,8.0,-4.0,-33.0
1776887409.4531028,8.0,-1.0,-35.0
1776887409.4631028,5.0,-2.0,-35.0
1776887409.4731028,3.0,1.0,-41.0
1776887409.4831028,2.0,-1.0,-44.0
1776887409.4931028,4.0,2.0,-44.0
1776887409.5031028,3.0,0.0,-44.0
1776887409.5131028,0.0,0.0,-43.0
1776887409.5231028,2.0,0.0,-41.0
1776887409.5331028,2.0,0.0,-41.0
1776887409.5431027,-4.0,-4.0,-40.0
1776887409.5531027,-5.0,-1.0,-39.0
1776887409.5631027,-2.0,-1.0,-37.0
1776887409.5731027,0.0,-4.0,-34.0
1776887409.5831027,0.0,-2.0,-33.0
1776887409.5931027,1.0,-2.0,-37.0
1776887409.6031027,0.0,-1.0,-41.0
1776887409.613103,1.0,-1.0,-40.0
1776887409.623103,3.0,-2.0,-38.0
1776887409.633103,2.0,-1.0,-34.0
1776887409.6431026,3.0,-3.0,-43.0
1776887409.6531026,1.0,-2.0,-45.0
1776887409.6631026,1.0,-1.0,-48.0
1776887409.6731029,-2.0,-2.0,-50.0
1776887409.6831028,1.0,3.0,-50.0
1776887409.6931028,3.0,7.0,-61.0
1776887409.7031028,0.0,8.0,-60.0
1776887409.7131028,-4.0,8.0,-56.0
1776887409.7231028,-2.0,9.0,-51.0
1776887409.7331028,0.0,7.0,-47.0
1776887409.7431028,-1.0,2.0,-43.0
1776887409.7531028,0.0,2.0,-47.0
1776887409.7631028,0.0,-1.0,-51.0
1776887409.7731028,-2.0,-3.0,-48.0
1776887409.7831028,-3.0,-5.0,-47.0
1776887409.7931027,0.0,-9.0,-46.0
1776887409.8031027,-4.0,-5.0,-44.0
1776887409.8131027,-4.0,-2.0,-46.0
1776887409.8231027,-2.0,3.0,-43.0
1776887409.8331027,-2.0,2.0,-46.0
1776887409.8431027,-1.0,0.0,-44.0
1776887409.8531027,2.0,-2.0,-41.0
1776887409.863103,-3.0,0.0,-39.0
1776887409.873103,-1.0,2.0,-40.0
1776887409.883103,-4.0,2.0,-42.0
1776887409.8931026,-6.0,0.0,-43.0
1776887409.9041028,-6.0,1.0,-47.0
1776887409.9131026,-8.0,0.0,-45.0
1776887409.9241028,-7.0,-1.0,-39.0
1776887409.9341028,-6.0,-1.0,-37.0
1776887409.9441028,-8.0,1.0,-34.0
1776887409.9541028,-6.0,-4.0,-34.0
1776887409.9641027,-4.0,0.0,-35.0
1776887409.9741027,-6.0,-5.0,-32.0
1776887409.9841027,-3.0,-10.0,-30.0
1776887409.9941027,-4.0,-5.0,-30.0
1776887410.0041027,-5.0,-3.0,-18.0
1776887410.0141027,-8.0,-6.0,-19.0
1776887410.0241027,-3.0,-5.0,-22.0
1776887410.034103,-2.0,-6.0,-24.0
1776887410.044103,-4.0,-8.0,-29.0
1776887410.054103,-3.0,-7.0,-34.0
1776887410.0641026,0.0,-4.0,-34.0
1776887410.0741026,3.0,0.0,-43.0
1776887410.0841026,3.0,0.0,-36.0
1776887410.0941026,3.0,-1.0,-38.0
1776887410.1041028,6.0,0.0,-36.0
1776887410.1141028,5.0,1.0,-43.0
1776887410.1241028,1.0,0.0,-44.0
1776887410.1341028,0.0,-1.0,-40.0
1776887410.1441028,-2.0,0.0,-42.0
1776887410.1541028,-4.0,-1.0,-40.0
1776887410.1641028,-1.0,0.0,-45.0
1776887410.1741028,-3.0,1.0,-45.0
1776887410.1841028,-4.0,0.0,-44.0
1776887410.1941028,-3.0,-1.0,-41.0
1776887410.2041028,-2.0,0.0,-41.0
1776887410.2141027,-3.0,-1.0,-35.0
1776887410.2241027,-2.0,-1.0,-28.0
1776887410.2341027,-2.0,-2.0,-33.0
1776887410.2441027,-6.0,0.0,-30.0
1776887410.2541027,-3.0,0.0,-29.0
1776887410.2641027,-5.0,-1.0,-35.0
1776887410.2741027,-10.0,-2.0,-37.0
1776887410.284103,-7.0,-1.0,-33.0
1776887410.294103,-7.0,-1.0,-35.0
1776887410.304103,-7.0,-3.0,-37.0
1776887410.3141026,-5.0,-5.0,-33.0
1776887410.3241026,-3.0,-1.0,-32.0
1776887410.3341026,-2.0,0.0,-33.0
1776887410.3441026,-3.0,0.0,-33.0
1776887410.3541028,-4.0,2.0,-32.0
1776887410.3641028,-1.0,-4.0,-37.0
1776887410.3741028,4.0,-5.0,-41.0
1776887410.3841028,7.0,-4.0,-41.0
1776887410.3941028,7.0,-1.0,-48.0
1776887410.4041028,4.0,-1.0,-44.0
1776887410.4141028,6.0,1.0,-43.0
1776887410.4241028,3.0,3.0,-48.0
1776887410.4341028,2.0,-2.0,-38.0
1776887410.4441028,1.0,0.0,-37.0
1776887410.4541028,1.0,-4.0,-40.0
1776887410.4641027,3.0,0.0,-44.0
1776887410.4741027,3.0,-4.0,-44.0
1776887410.4841027,4.0,-2.0,-43.0
1776887410.4941027,1.0,0.0,-39.0
1776887410.5041027,2.0,0.0,-41.0
1776887410.5141027,3.0,-1.0,-40.0
1776887410.5241027,2.0,-1.0,-40.0
1776887410.534103,0.0,-6.0,-39.0
1776887410.544103,1.0,-3.0,-34.0
1776887410.554103,3.0,-4.0,-35.0
1776887410.5641026,3.0,-6.0,-34.0
1776887410.5741026,4.0,-4.0,-36.0
1776887410.5841026,4.0,-4.0,-45.0
1776887410.5941026,4.0,-7.0,-44.0
1776887410.6041028,5.0,-3.0,-46.0
1776887410.6141028,5.0,-6.0,-46.0
1776887410.6241028,-1.0,-6.0,-44.0
1776887410.6341028,-2.0,-3.0,-41.0
1776887410.6441028,-5.0,-4.0,-34.0
1776887410.6541028,0.0,-5.0,-28.0
1776887410.6641028,2.0,-2.0,-28.0
1776887410.6741028,1.0,-6.0,-34.0
1776887410.6841028,0.0,-6.0,-40.0
1776887410.6941028,0.0,-7.0,-36.0
1776887410.7041028,-2.0,-5.0,-37.0
1776887410.7141027,-7.0,0.0,-41.0
1776887410.7241027,-12.0,0.0,-38.0
1776887410.7341027,-12.0,-4.0,-34.0
1776887410.7441027,-13.0,-5.0,-31.0
1776887410.7541027,-7.0,-9.0,-28.0
1776887410.7641027,-3.0,-8.0,-21.0
1776887410.7741027,-5.0,-3.0,-25.0
1776887410.784103,-4.0,-3.0,-31.0
1776887410.794103,-1.0,-6.0,-30.0
1776887410.804103,0.0,-5.0,-26.0
1776887410.8141026,0.0,-3.0,-31.0
1776887410.8241026,-3.0,-2.0,-35.0
1776887410.8341026,-2.0,0.0,-35.0
1776887410.8441026,-6.0,0.0,-40.0
1776887410.8541028,-5.0,1.0,-41.0
1776887410.8641028,-2.0,5.0,-45.0
1776887410.8741028,0.0,6.0,-35.0
1776887410.8841028,-2.0,0.0,-34.0
1776887410.8941028,-1.0,-1.0,-32.0
1776887410.9041028,3.0,0.0,-39.0
1776887410.9141028,-2.0,2.0,-42.0
1776887410.9241028,-2.0,0.0,-47.0
1776887410.9341028,-4.0,0.0,-40.0
1776887410.9441028,-2.0,1.0,-37.0
1776887410.9541028,-3.0,2.0,-36.0
1776887410.9641027,0.0,3.0,-43.0
1776887410.9741027,0.0,4.0,-40.0
1776887410.9841027,0.0,2.0,-40.0
1776887410.9941027,1.0,0.0,-37.0
1776887411.0041027,-3.0,0.0,-31.0
1776887411.0141027,-5.0,0.0,-31.0
1776887411.0241027,-6.0,-1.0,-38.0
1776887411.034103,-2.0,0.0,-39.0
1776887411.044103,0.0,1.0,-40.0
1776887411.054103,1.0,1.0,-44.0
1776887411.0641026,4.0,-1.0,-40.0
1776887411.0741026,5.0,3.0,-43.0
1776887411.0841026,4.0,6.0,-46.0
1776887411.0941026,1.0,4.0,-45.0
1776887411.1041028,1.0,0.0,-48.0
1776887411.1141028,0.0,2.0,-50.0
1776887411.1241028,-1.0,4.0,-46.0
1776887411.1341028,2.0,7.0,-48.0
1776887411.1441028,-2.0,4.0,-46.0
1776887411.1541028,-2.0,5.0,-48.0
1776887411.1641028,-1.0,3.0,-45.0
1776887411.1741028,2.0,7.0,-39.0
1776887411.1841028,1.0,3.0,-41.0
1776887411.1941028,2.0,3.0,-44.0
1776887411.2041028,0.0,5.0,-37.0
1776887411.2141027,-1.0,8.0,-36.0
1776887411.2241027,2.0,7.0,-39.0
1776887411.2341027,3.0,4.0,-38.0
1776887411.2441027,1.0,2.0,-40.0
1776887411.2541027,-1.0,3.0,-37.0
1776887411.2641027,-1.0,5.0,-39.0
1776887411.2741027,-1.0,6.0,-42.0
1776887411.284103,-4.0,2.0,-42.0
1776887411.294103,0.0,-2.0,-45.0
1776887411.304103,4.0,-2.0,-45.0
1776887411.3141026,3.0,-1.0,-48.0
1776887411.3241026,4.0,0.0,-41.0
1776887411.3341026,5.0,-1.0,-35.0
1776887411.3441026,7.0,0.0,-35.0
1776887411.3541028,4.0,-5.0,-39.0
1776887411.3641028,3.0,-5.0,-42.0
1776887411.3741028,-2.0,-8.0,-37.0
1776887411.3841028,-6.0,-8.0,-37.0
1776887411.3941028,-2.0,-5.0,-42.0
1776887411.4041028,2.0,-4.0,-45.0
1776887411.4141028,-1.0,0.0,-45.0
1776887411.4241028,-2.0,-2.0,-48.0
1776887411.4341028,-1.0,-2.0,-44.0
1776887411.4441028,0.0,-2.0,-45.0
1776887411.4541028,0.0,0.0,-45.0
1776887411.4641027,3.0,-3.0,-46.0
1776887411.4741027,0.0,-3.0,-46.0
1776887411.4841027,0.0,-1.0,-48.0
1776887411.4941027,0.0,-2.0,-44.0
1776887411.5041027,2.0,-3.0,-39.0
1776887411.5141027,1.0,0.0,-36.0
1776887411.5241027,-5.0,1.0,-41.0
1776887411.534103,-4.0,-1.0,-42.0
1776887411.544103,-2.0,-3.0,-43.0
1776887411.554103,-1.0,-1.0,-42.0
1776887411.5641026,-3.0,-1.0,-37.0
1776887411.5741026,-2.0,-2.0,-34.0
1776887411.5841026,-2.0,-2.0,-42.0
1776887411.5941026,-2.0,-5.0,-45.0
1776887411.6041028,-9.0,-3.0,-46.0
1776887411.6141028,-9.0,1.0,-48.0
1776887411.6241028,-6.0,0.0,-41.0
1776887411.6341028,-1.0,0.0,-39.0
1776887411.6441028,0.0,0.0,-36.0
1776887411.6541028,6.0,-1.0,-37.0
1776887411.6641028,4.0,-5.0,-42.0
1776887411.6741028,3.0,-3.0,-42.0
1776887411.6841028,3.0,-3.0,-37.0
1776887411.6941028,4.0,-1.0,-38.0
1776887411.7041028,0.0,0.0,-44.0
1776887411.7141027,7.0,0.0,-44.0
1776887411.7241027,6.0,0.0,-52.0
1776887411.7341027,-2.0,-1.0,-48.0
1776887411.7441027,-4.0,-2.0,-45.0
1776887411.7541027,-2.0,-3.0,-42.0
1776887411.7641027,1.0,-1.0,-40.0
1776887411.7741027,-2.0,-2.0,-39.0
1776887411.784103,-2.0,0.0,-36.0
1776887411.794103,-4.0,1.0,-33.0
1776887411.804103,-2.0,0.0,-31.0
1776887411.8141026,-4.0,0.0,-32.0
1776887411.8241026,0.0,-3.0,-33.0
1776887411.8341026,-2.0,-6.0,-37.0
1776887411.8441026,-2.0,-5.0,-38.0
1776887411.8541028,0.0,-2.0,-40.0
1776887411.8641028,1.0,-2.0,-36.0
1776887411.8741028,4.0,-5.0,-35.0
1776887411.8841028,4.0,-2.0,-42.0
1776887411.8951027,5.0,-4.0,-38.0
1776887411.9041028,7.0,-8.0,-38.0
1776887411.9151027,5.0,-4.0,-40.0
1776887411.9251027,2.0,-3.0,-42.0
1776887411.9351027,1.0,-4.0,-42.0
1776887411.9451027,1.0,-2.0,-45.0
1776887411.9551027,-6.0,-1.0,-45.0
1776887411.965103,-1.0,0.0,-45.0
1776887411.975103,0.0,1.0,-43.0
1776887411.985103,0.0,3.0,-39.0
1776887411.9951026,1.0,1.0,-36.0
1776887412.0051026,2.0,0.0,-42.0
1776887412.0151026,6.0,1.0,-43.0
1776887412.0251029,2.0,0.0,-38.0
1776887412.0351028,1.0,0.0,-42.0
1776887412.0451028,2.0,-6.0,-39.0
1776887412.0551028,2.0,-4.0,-36.0
1776887412.0651028,1.0,-6.0,-37.0
1776887412.0751028,3.0,-5.0,-37.0
1776887412.0851028,-1.0,-5.0,-33.0
1776887412.0951028,0.0,-3.0,-36.0
1776887412.1051028,1.0,-2.0,-38.0
1776887412.1151028,3.0,-1.0,-43.0
1776887412.1251028,5.0,-1.0,-42.0
1776887412.1351027,8.0,-1.0,-40.0
1776887412.1451027,9.0,0.0,-42.0
1776887412.1551027,3.0,-1.0,-37.0
1776887412.1651027,0.0,0.0,-39.0
1776887412.1751027,3.0,0.0,-37.0
1776887412.1851027,5.0,2.0,-39.0
1776887412.1951027,3.0,3.0,-38.0
1776887412.2051027,1.0,2.0,-39.0
1776887412.215103,4.0,-1.0,-39.0
1776887412.225103,6.0,-3.0,-38.0
1776887412.235103,9.0,-5.0,-35.0
1776887412.2451026,5.0,-3.0,-36.0
1776887412.2551026,1.0,-3.0,-42.0
1776887412.2651026,5.0,-7.0,-43.0
1776887412.2751029,7.0,-8.0,-45.0
1776887412.2851028,4.0,-11.0,-46.0
1776887412.2951028,6.0,-11.0,-34.0
1776887412.3051028,6.0,-8.0,-36.0
1776887412.3151028,2.0,-8.0,-37.0
1776887412.3251028,-1.0,-3.0,-40.0
1776887412.3351028,0.0,-7.0,-42.0
1776887412.3451028,1.0,-3.0,-35.0
1776887412.3551028,2.0,-1.0,-36.0
1776887412.3651028,6.0,1.0,-42.0
1776887412.3751028,9.0,0.0,-39.0
1776887412.3851027,5.0,0.0,-35.0
1776887412.3951027,3.0,-1.0,-22.0
1776887412.4051027,2.0,-1.0,-21.0
1776887412.4151027,-3.0,0.0,-23.0
1776887412.4251027,-2.0,-3.0,-27.0
1776887412.4351027,0.0,-1.0,-32.0
1776887412.4451027,0.0,-2.0,-34.0
1776887412.4551027,0.0,-6.0,-39.0
1776887412.465103,1.0,-4.0,-48.0
1776887412.475103,2.0,-1.0,-46.0
1776887412.485103,0.0,2.0,-45.0
1776887412.4951026,-3.0,-1.0,-45.0
1776887412.5051026,-1.0,-1.0,-34.0
1776887412.5151026,1.0,1.0,-38.0
1776887412.5251029,3.0,4.0,-41.0
1776887412.5351028,0.0,4.0,-43.0
1776887412.5451028,0.0,2.0,-44.0
1776887412.5551028,1.0,0.0,-44.0
1776887412.5651028,-4.0,-1.0,-45.0
1776887412.5751028,-4.0,3.0,-40.0
1776887412.5851028,-1.0,5.0,-39.0
1776887412.5951028,0.0,5.0,-42.0
1776887412.6051028,2.0,1.0,-44.0
1776887412.6151028,3.0,0.0,-44.0
1776887412.6251028,3.0,1.0,-44.0
1776887412.6351027,3.0,0.0,-34.0
1776887412.6451027,4.0,-4.0,-31.0
1776887412.6551027,1.0,-4.0,-32.0
1776887412.6651027,1.0,-6.0,-28.0
1776887412.6751027,2.0,-6.0,-24.0
1776887412.6851027,3.0,-7.0,-26.0
1776887412.6951027,2.0,-6.0,-33.0
1776887412.7051027,1.0,-2.0,-38.0
1776887412.715103,7.0,-2.0,-43.0
1776887412.725103,6.0,-2.0,-46.0
1776887412.735103,1.0,-2.0,-50.0
1776887412.7451026,0.0,-5.0,-52.0
1776887412.7551026,6.0,-7.0,-44.0
1776887412.7651026,4.0,-11.0,-38.0
1776887412.7751029,0.0,-12.0,-42.0
1776887412.7851028,0.0,-7.0,-33.0
1776887412.7951028,-2.0,-5.0,-32.0
1776887412.8051028,-4.0,-3.0,-29.0
1776887412.8151028,-3.0,-1.0,-28.0
1776887412.8251028,1.0,-4.0,-30.0
1776887412.8351028,-1.0,-5.0,-31.0
1776887412.8451028,2.0,-5.0,-35.0
1776887412.8551028,2.0,-5.0,-36.0
1776887412.8651028,0.0,-2.0,-39.0
1776887412.8751028,-2.0,-3.0,-40.0
1776887412.8851027,0.0,-2.0,-39.0
1776887412.8951027,1.0,-2.0,-46.0
1776887412.9051027,3.0,0.0,-42.0
1776887412.9151027,5.0,1.0,-40.0
1776887412.9251027,8.0,2.0,-37.0
1776887412.9351027,4.0,1.0,-38.0
1776887412.9451027,3.0,3.0,-36.0
1776887412.9551027,1.0,2.0,-26.0
1776887412.965103,0.0,4.0,-25.0
1776887412.975103,0.0,3.0,-20.0
1776887412.985103,-2.0,2.0,-21.0
1776887412.9951026,-2.0,1.0,-26.0
1776887413.0051026,0.0,-1.0,-26.0
1776887413.0151026,-1.0,-3.0,-30.0
1776887413.0251029,0.0,-4.0,-36.0
1776887413.0351028,1.0,-4.0,-39.0
1776887413.0451028,1.0,-4.0,-36.0
1776887413.0551028,1.0,-1.0,-31.0
1776887413.0651028,0.0,0.0,-36.0
1776887413.0751028,1.0,-2.0,-38.0
1776887413.0851028,2.0,-2.0,-35.0
1776887413.0951028,5.0,-1.0,-27.0
1776887413.1051028,7.0,3.0,-25.0
1776887413.1151028,8.0,2.0,-27.0
1776887413.1251028,8.0,-1.0,-31.0
1776887413.1351027,11.0,-3.0,-35.0
1776887413.1451027,9.0,2.0,-33.0
1776887413.1551027,5.0,-1.0,-30.0
1776887413.1651027,5.0,0.0,-30.0
1776887413.1751027,2.0,2.0,-32.0
1776887413.1851027,1.0,2.0,-31.0
1776887413.1951027,0.0,1.0,-32.0
1776887413.2051027,2.0,0.0,-33.0
1776887413.215103,0.0,-2.0,-33.0
1776887413.225103,0.0,-2.0,-35.0
1776887413.235103,-5.0,-2.0,-31.0
1776887413.2451026,-1.0,1.0,-31.0
1776887413.2551026,2.0,5.0,-29.0
1776887413.2651026,0.0,5.0,-34.0
1776887413.2751029,0.0,5.0,-42.0
1776887413.2851028,2.0,11.0,-44.0
1776887413.2951028,7.0,10.0,-44.0
1776887413.3051028,5.0,10.0,-42.0
1776887413.3151028,4.0,3.0,-42.0
1776887413.3251028,0.0,0.0,-40.0
1776887413.3351028,0.0,0.0,-44.0
1776887413.3451028,-2.0,0.0,-43.0
1776887413.3551028,-5.0,2.0,-44.0
1776887413.3651028,-5.0,0.0,-41.0
1776887413.3751028,-6.0,-2.0,-40.0
1776887413.3851027,-1.0,-5.0,-37.0
1776887413.3951027,0.0,-1.0,-35.0
1776887413.4051027,-2.0,-2.0,-37.0
1776887413.4151027,0.0,-1.0,-35.0
1776887413.4251027,4.0,-1.0,-39.0
1776887413.4351027,6.0,0.0,-38.0
1776887413.4451027,9.0,-2.0,-40.0
1776887413.4551027,7.0,-6.0,-37.0
1776887413.465103,4.0,-8.0,-39.0
1776887413.475103,3.0,-5.0,-41.0
1776887413.485103,1.0,0.0,-43.0
1776887413.4951026,0.0,1.0,-38.0
1776887413.5051026,0.0,0.0,-40.0
1776887413.5151026,0.0,-1.0,-44.0
1776887413.5251029,3.0,-1.0,-42.0
1776887413.5351028,0.0,-3.0,-45.0
1776887413.5451028,1.0,-2.0,-39.0
1776887413.5551028,0.0,0.0,-34.0
1776887413.5651028,-2.0,-5.0,-27.0
1776887413.5751028,0.0,-2.0,-23.0
1776887413.5851028,0.0,3.0,-27.0
1776887413.5951028,4.0,1.0,-34.0
1776887413.6051028,0.0,0.0,-40.0
1776887413.6151028,0.0,0.0,-39.0
1776887413.6251028,0.0,1.0,-37.0
1776887413.6351027,1.0,-1.0,-38.0
1776887413.6451027,3.0,-1.0,-34.0
1776887413.6551027,5.0,2.0,-36.0
1776887413.6651027,6.0,0.0,-39.0
1776887413.6761026,4.0,3.0,-32.0
1776887413.6851027,6.0,1.0,-39.0
1776887413.6951027,3.0,3.0,-45.0
1776887413.7051027,4.0,4.0,-45.0
1776887413.715103,4.0,4.0,-48.0
1776887413.725103,3.0,6.0,-46.0
1776887413.735103,2.0,3.0,-46.0
1776887413.7451026,-2.0,0.0,-47.0
1776887413.7551026,-4.0,0.0,-42.0
1776887413.7651026,-3.0,1.0,-49.0
1776887413.7751029,-1.0,-2.0,-47.0
1776887413.7851028,0.0,-1.0,-42.0
1776887413.7951028,1.0,-2.0,-36.0
1776887413.8051028,3.0,0.0,-40.0
1776887413.8151028,2.0,2.0,-29.0
1776887413.8251028,4.0,1.0,-30.0
1776887413.8351028,4.0,3.0,-38.0
1776887413.8451028,7.0,0.0,-41.0
1776887413.8551028,7.0,2.0,-37.0
1776887413.8651028,3.0,2.0,-36.0
1776887413.8751028,2.0,1.0,-39.0
1776887413.8851027,2.0,2.0,-44.0
1776887413.8951027,3.0,3.0,-43.0
1776887413.9051027,0.0,3.0,-41.0
1776887413.9151027,0.0,1.0,-35.0
1776887413.9261026,1.0,2.0,-31.0
1776887413.9361026,-1.0,3.0,-30.0
1776887413.9461029,-1.0,0.0,-32.0
1776887413.9561028,-2.0,5.0,-23.0
1776887413.9661028,-3.0,4.0,-30.0
1776887413.9761028,0.0,6.0,-35.0
1776887413.9861028,2.0,6.0,-38.0
1776887413.9961028,4.0,2.0,-36.0
1776887414.0061028,6.0,0.0,-38.0
1776887414.0161028,6.0,-2.0,-40.0
1776887414.0261028,5.0,-12.0,-39.0
1776887414.0361028,1.0,-9.0,-40.0
1776887414.0461028,-4.0,-7.0,-31.0
1776887414.0561028,0.0,-3.0,-34.0
1776887414.0661027,0.0,0.0,-37.0
1776887414.0761027,3.0,0.0,-40.0
1776887414.0861027,-2.0,-1.0,-45.0
1776887414.0961027,-7.0,0.0,-44.0
1776887414.1061027,-5.0,0.0,-46.0
1776887414.1161027,-1.0,0.0,-45.0
1776887414.1271029,-1.0,-3.0,-43.0
1776887414.136103,0.0,-3.0,-45.0
1776887414.146103,2.0,-1.0,-43.0
1776887414.156103,4.0,0.0,-43.0
1776887414.1661026,3.0,1.0,-40.0
1776887414.1761026,4.0,-1.0,-36.0
1776887414.1861026,0.0,-5.0,-40.0
1776887414.1961029,-4.0,-6.0,-44.0
1776887414.2061028,-3.0,-3.0,-36.0
1776887414.2161028,-3.0,1.0,-39.0
1776887414.2261028,-3.0,0.0,-43.0
1776887414.2361028,-4.0,0.0,-48.0
1776887414.2461028,-4.0,0.0,-47.0
1776887414.2561028,-2.0,2.0,-34.0
1776887414.2661028,-5.0,0.0,-29.0
1776887414.2761028,-4.0,0.0,-33.0
1776887414.2861028,-9.0,-3.0,-34.0
1776887414.2961028,-11.0,-8.0,-41.0
1776887414.3061028,-11.0,-7.0,-41.0
1776887414.3161027,-7.0,-8.0,-49.0
1776887414.3261027,-2.0,-8.0,-47.0
1776887414.3361027,1.0,-6.0,-42.0
1776887414.3461027,2.0,-1.0,-42.0
1776887414.3561027,0.0,0.0,-41.0
1776887414.3661027,1.0,1.0,-38.0
1776887414.3761027,0.0,5.0,-36.0
1776887414.386103,0.0,-4.0,-39.0
1776887414.396103,-1.0,-6.0,-38.0
1776887414.406103,-3.0,-2.0,-36.0
1776887414.4161026,-3.0,-6.0,-39.0
1776887414.4261026,0.0,-7.0,-41.0
1776887414.4361026,0.0,-9.0,-38.0
1776887414.4461029,0.0,-10.0,-37.0
1776887414.4561028,-3.0,-7.0,-36.0
1776887414.4661028,0.0,-6.0,-33.0
1776887414.4761028,0.0,-7.0,-31.0
1776887414.4861028,0.0,-3.0,-27.0
1776887414.4961028,0.0,-4.0,-33.0
1776887414.5061028,0.0,-8.0,-33.0
1776887414.5161028,1.0,-9.0,-34.0
1776887414.5261028,2.0,-9.0,-35.0
1776887414.5361028,0.0,-2.0,-35.0
1776887414.5461028,-2.0,0.0,-36.0
1776887414.5561028,0.0,0.0,-33.0
1776887414.5661027,4.0,0.0,-32.0
1776887414.5761027,4.0,0.0,-42.0
1776887414.5861027,7.0,-3.0,-43.0
1776887414.5961027,0.0,-2.0,-39.0
1776887414.6061027,-3.0,0.0,-35.0
1776887414.6161027,-1.0,0.0,-36.0
1776887414.6261027,0.0,2.0,-38.0
1776887414.636103,0.0,4.0,-43.0
1776887414.646103,0.0,3.0,-46.0
1776887414.656103,1.0,3.0,-37.0
1776887414.6661026,2.0,2.0,-37.0
1776887414.6761026,4.0,5.0,-33.0
1776887414.6861026,7.0,7.0,-34.0
1776887414.6961029,10.0,6.0,-30.0
1776887414.7061028,12.0,4.0,-33.0
1776887414.7161028,12.0,4.0,-29.0
1776887414.7261028,10.0,2.0,-35.0
1776887414.7361028,8.0,-3.0,-36.0
1776887414.7461028,7.0,-1.0,-32.0
1776887414.7561028,4.0,0.0,-36.0
1776887414.7661028,-4.0,0.0,-36.0
1776887414.7761028,-6.0,0.0,-33.0
1776887414.7861028,-2.0,2.0,-34.0
1776887414.7961028,-5.0,-2.0,-32.0
1776887414.8061028,-8.0,-4.0,-33.0
1776887414.8161027,-12.0,-1.0,-38.0
1776887414.8261027,-13.0,-4.0,-38.0
1776887414.8361027,-6.0,-8.0,-35.0
1776887414.8461027,-6.0,-7.0,-22.0
1776887414.8561027,0.0,-6.0,-25.0
1776887414.8661027,0.0,-6.0,-30.0
1776887414.8761027,0.0,-11.0,-33.0
1776887414.886103,2.0,-12.0,-30.0
1776887414.896103,1.0,-8.0,-31.0
1776887414.906103,0.0,-5.0,-26.0
1776887414.9161026,3.0,-5.0,-25.0
1776887414.9261026,3.0,-1.0,-33.0
1776887414.9361026,5.0,-1.0,-38.0
1776887414.9461029,3.0,0.0,-34.0
1776887414.9561028,2.0,2.0,-31.0
1776887414.9661028,1.0,4.0,-33.0
1776887414.9761028,1.0,1.0,-29.0
1776887414.9861028,-5.0,3.0,-23.0
1776887414.9961028,-3.0,1.0,-24.0
1776887415.0061028,0.0,0.0,-29.0
1776887415.0161028,-2.0,2.0,-32.0
1776887415.0261028,0.0,1.0,-27.0
1776887415.0361028,0.0,-5.0,-24.0
1776887415.0461028,0.0,-7.0,-25.0
1776887415.0561028,0.0,-4.0,-34.0
1776887415.0661027,4.0,-1.0,-32.0
1776887415.0761027,2.0,0.0,-33.0
1776887415.0861027,2.0,2.0,-27.0
1776887415.0961027,3.0,-2.0,-20.0
1776887415.1061027,0.0,0.0,-28.0
1776887415.1161027,0.0,0.0,-27.0
1776887415.1261027,3.0,-3.0,-33.0
1776887415.136103,1.0,2.0,-38.0
1776887415.146103,1.0,7.0,-46.0
1776887415.156103,2.0,7.0,-54.0
1776887415.1661026,5.0,2.0,-51.0
1776887415.1761026,4.0,0.0,-50.0
1776887415.1861026,8.0,0.0,-47.0
1776887415.1961029,2.0,1.0,-42.0
1776887415.2061028,1.0,0.0,-46.0
1776887415.2161028,0.0,0.0,-42.0
1776887415.2261028,4.0,-3.0,-43.0
1776887415.2361028,1.0,-5.0,-46.0
1776887415.2461028,0.0,-4.0,-37.0
1776887415.2561028,-3.0,-10.0,-33.0
1776887415.2661028,0.0,-10.0,-34.0
1776887415.2761028,2.0,-10.0,-32.0
1776887415.2861028,6.0,-5.0,-38.0
1776887415.2961028,4.0,-6.0,-33.0
1776887415.3061028,1.0,-4.0,-34.0
1776887415.3161027,6.0,-9.0,-37.0
1776887415.3261027,3.0,-6.0,-39.0
1776887415.3361027,2.0,-9.0,-41.0
1776887415.3461027,4.0,-3.0,-41.0
1776887415.3561027,7.0,-2.0,-45.0
1776887415.3661027,2.0,0.0,-45.0
1776887415.3761027,7.0,-2.0,-49.0
1776887415.386103,4.0,-7.0,-46.0
1776887415.396103,0.0,-7.0,-44.0
1776887415.406103,1.0,-6.0,-44.0
1776887415.4161026,4.0,-4.0,-48.0
1776887415.4261026,4.0,0.0,-42.0
1776887415.4361026,0.0,2.0,-46.0
1776887415.4461029,-2.0,3.0,-49.0
1776887415.4561028,0.0,1.0,-42.0
1776887415.4661028,1.0,2.0,-40.0
1776887415.4761028,2.0,4.0,-31.0
1776887415.4861028,5.0,4.0,-28.0
1776887415.4961028,3.0,4.0,-30.0
1776887415.5061028,8.0,3.0,-36.0
1776887415.5161028,12.0,0.0,-41.0
1776887415.5261028,9.0,0.0,-40.0
1776887415.5361028,6.0,-3.0,-35.0
1776887415.5461028,9.0,-1.0,-38.0
1776887415.5561028,9.0,0.0,-33.0
1776887415.5661027,8.0,-2.0,-32.0
1776887415.5761027,9.0,0.0,-31.0
1776887415.5861027,7.0,0.0,-30.0
1776887415.5961027,9.0,2.0,-29.0
1776887415.6061027,10.0,-1.0,-31.0
1776887415.6161027,12.0,-2.0,-35.0
1776887415.6261027,8.0,-2.0,-37.0
1776887415.636103,12.0,-1.0,-33.0
1776887415.646103,10.0,0.0,-35.0
1776887415.656103,7.0,2.0,-32.0
1776887415.6661026,8.0,1.0,-39.0
1776887415.6761026,6.0,-2.0,-39.0
1776887415.6861026,3.0,-1.0,-33.0
1776887415.6961029,7.0,0.0,-34.0
1776887415.7061028,6.0,1.0,-32.0
1776887415.7161028,5.0,1.0,-33.0
1776887415.7261028,3.0,1.0,-32.0
1776887415.7361028,3.0,0.0,-28.0
1776887415.7461028,1.0,3.0,-32.0
1776887415.7561028,2.0,3.0,-38.0
1776887415.7661028,1.0,4.0,-36.0
1776887415.7761028,4.0,1.0,-36.0
1776887415.7861028,1.0,-1.0,-43.0
1776887415.7961028,3.0,0.0,-40.0
1776887415.8061028,1.0,2.0,-42.0
1776887415.8161027,1.0,5.0,-39.0
1776887415.8261027,4.0,5.0,-33.0
1776887415.8361027,7.0,0.0,-33.0
1776887415.8461027,7.0,1.0,-31.0
1776887415.8561027,8.0,3.0,-31.0
1776887415.8661027,8.0,0.0,-33.0
1776887415.8761027,9.0,0.0,-33.0
1776887415.8871028,3.0,-1.0,-44.0
1776887415.8971028,3.0,-2.0,-44.0
1776887415.9071028,4.0,0.0,-40.0
1776887415.9171028,3.0,2.0,-42.0
1776887415.9271028,2.0,2.0,-39.0
1776887415.9371028,5.0,1.0,-40.0
1776887415.9471028,1.0,0.0,-36.0
1776887415.9571028,-1.0,0.0,-37.0
1776887415.9671028,1.0,-1.0,-35.0
1776887415.9771028,1.0,0.0,-41.0
1776887415.9871027,-2.0,-1.0,-44.0
1776887415.9971027,0.0,-6.0,-41.0
1776887416.0071027,0.0,-8.0,-38.0
1776887416.0171027,-1.0,-8.0,-39.0
1776887416.0271027,-2.0,-7.0,-33.0
1776887416.0371027,0.0,-6.0,-24.0
1776887416.0471027,2.0,-2.0,-30.0
1776887416.057103,5.0,-1.0,-36.0
1776887416.067103,5.0,0.0,-32.0
1776887416.077103,5.0,0.0,-33.0
1776887416.087103,3.0,0.0,-35.0
1776887416.0971026,4.0,0.0,-33.0
1776887416.1071026,7.0,2.0,-34.0
1776887416.1171026,8.0,3.0,-27.0
1776887416.1271029,5.0,2.0,-27.0
1776887416.1371028,4.0,2.0,-36.0
1776887416.1471028,5.0,0.0,-44.0
1776887416.1571028,9.0,1.0,-39.0
1776887416.1671028,11.0,0.0,-29.0
1776887416.1771028,7.0,-2.0,-35.0
1776887416.1871028,5.0,0.0,-39.0
1776887416.1971028,10.0,0.0,-41.0
1776887416.2071028,9.0,-1.0,-39.0
1776887416.2171028,2.0,-1.0,-34.0
1776887416.2271028,1.0,3.0,-39.0
1776887416.2371027,6.0,5.0,-42.0
1776887416.2471027,7.0,1.0,-38.0
1776887416.2571027,4.0,1.0,-29.0
1776887416.2671027,3.0,5.0,-36.0
1776887416.2771027,0.0,3.0,-36.0
1776887416.2871027,2.0,-2.0,-38.0
1776887416.2971027,2.0,0.0,-41.0
1776887416.307103,1.0,-5.0,-33.0
1776887416.317103,0.0,-7.0,-32.0
1776887416.327103,0.0,-9.0,-34.0
1776887416.337103,-1.0,-6.0,-37.0
1776887416.3471026,-3.0,-9.0,-47.0
1776887416.3571026,-6.0,-4.0,-43.0
1776887416.3671026,-5.0,-5.0,-53.0
1776887416.3771029,-2.0,-4.0,-50.0
1776887416.3871028,-3.0,-5.0,-47.0
1776887416.3971028,1.0,-5.0,-44.0
1776887416.4071028,3.0,-5.0,-50.0
1776887416.4171028,6.0,-4.0,-48.0
1776887416.4271028,4.0,1.0,-43.0
1776887416.4371028,0.0,1.0,-47.0
1776887416.4471028,0.0,3.0,-47.0
1776887416.4571028,4.0,3.0,-41.0
1776887416.4671028,4.0,0.0,-43.0
1776887416.4771028,1.0,0.0,-46.0
1776887416.4871027,-2.0,-1.0,-41.0
1776887416.4971027,-1.0,-1.0,-37.0
1776887416.5071027,-1.0,-3.0,-38.0
1776887416.5171027,-4.0,-3.0,-40.0
1776887416.5271027,-4.0,-2.0,-40.0
1776887416.5371027,-6.0,-1.0,-35.0
1776887416.5471027,-4.0,1.0,-36.0
1776887416.557103,1.0,0.0,-39.0
1776887416.567103,5.0,0.0,-40.0
1776887416.577103,3.0,-6.0,-44.0
1776887416.587103,7.0,-8.0,-37.0
1776887416.5971026,6.0,-6.0,-35.0
1776887416.6071026,2.0,-6.0,-39.0
1776887416.6171026,0.0,-2.0,-30.0
1776887416.6271029,-3.0,-1.0,-28.0
1776887416.6371028,0.0,-3.0,-31.0
1776887416.6471028,2.0,-5.0,-29.0
1776887416.6571028,3.0,-7.0,-30.0
1776887416.6671028,3.0,-5.0,-31.0
1776887416.6771028,3.0,-5.0,-31.0
1776887416.6871028,2.0,0.0,-30.0
1776887416.6971028,0.0,-3.0,-29.0
1776887416.7071028,6.0,-3.0,-35.0
1776887416.7171028,7.0,-5.0,-33.0
1776887416.7271028,4.0,-5.0,-37.0
1776887416.7371027,4.0,-6.0,-38.0
1776887416.7471027,2.0,-7.0,-33.0
1776887416.7571027,7.0,-6.0,-36.0
1776887416.7671027,6.0,-4.0,-38.0
1776887416.7771027,6.0,-4.0,-37.0
1776887416.7871027,4.0,-4.0,-35.0
1776887416.7971027,5.0,-7.0,-37.0
1776887416.807103,3.0,-6.0,-34.0
1776887416.817103,5.0,-7.0,-27.0
1776887416.827103,2.0,-6.0,-28.0
1776887416.837103,0.0,-6.0,-31.0
1776887416.8471026,-1.0,-6.0,-34.0
1776887416.8571026,2.0,-9.0,-31.0
1776887416.8671026,0.0,-5.0,-30.0
1776887416.8771029,0.0,0.0,-31.0
1776887416.8871028,0.0,-1.0,-32.0
1776887416.8971028,-5.0,0.0,-34.0
1776887416.9071028,-6.0,3.0,-37.0
1776887416.9171028,-1.0,5.0,-29.0
1776887416.9271028,3.0,8.0,-27.0
1776887416.9371028,4.0,8.0,-31.0
1776887416.9471028,5.0,7.0,-32.0
1776887416.9571028,5.0,2.0,-34.0
1776887416.9671028,0.0,0.0,-33.0
1776887416.9771028,-2.0,-3.0,-35.0
1776887416.9871027,-1.0,-6.0,-35.0
1776887416.9971027,-4.0,-6.0,-31.0
1776887417.0071027,0.0,-7.0,-37.0
1776887417.0171027,-3.0,-9.0,-35.0
1776887417.0271027,-5.0,-9.0,-36.0
1776887417.0371027,-1.0,-5.0,-33.0
1776887417.0471027,-2.0,-3.0,-36.0
1776887417.057103,-5.0,-5.0,-35.0
1776887417.067103,-6.0,-7.0,-38.0
1776887417.077103,-5.0,-6.0,-35.0
1776887417.087103,-4.0,-6.0,-31.0
1776887417.0971026,-1.0,-3.0,-34.0
1776887417.1071026,-2.0,-3.0,-30.0
1776887417.1171026,-6.0,-3.0,-26.0
1776887417.1271029,-2.0,-1.0,-29.0
1776887417.1371028,-2.0,0.0,-24.0
1776887417.1471028,-1.0,3.0,-27.0
1776887417.1571028,-4.0,2.0,-26.0
1776887417.1671028,-1.0,-1.0,-28.0
1776887417.1771028,2.0,-2.0,-39.0
1776887417.1871028,6.0,-1.0,-37.0
1776887417.1971028,5.0,0.0,-38.0
1776887417.2071028,3.0,0.0,-40.0
1776887417.2171028,1.0,0.0,-35.0
1776887417.2271028,4.0,1.0,-38.0
1776887417.2371027,5.0,-1.0,-32.0
1776887417.2471027,0.0,-2.0,-33.0
1776887417.2571027,-1.0,0.0,-41.0
1776887417.2671027,1.0,0.0,-41.0
1776887417.2771027,5.0,-2.0,-42.0
1776887417.2871027,2.0,-1.0,-41.0
1776887417.2971027,0.0,-3.0,-34.0
1776887417.307103,2.0,-2.0,-30.0
1776887417.317103,1.0,-4.0,-29.0
1776887417.327103,0.0,-6.0,-29.0
1776887417.337103,1.0,-2.0,-32.0
1776887417.3471026,1.0,-1.0,-28.0
1776887417.3571026,2.0,-2.0,-27.0
1776887417.3671026,0.0,-2.0,-29.0
1776887417.3771029,1.0,1.0,-30.0
1776887417.3871028,0.0,0.0,-32.0
1776887417.3971028,-1.0,-3.0,-35.0
1776887417.4071028,-2.0,3.0,-35.0
1776887417.4171028,0.0,0.0,-38.0
1776887417.4271028,-3.0,1.0,-43.0
1776887417.4371028,-5.0,1.0,-34.0
1776887417.4471028,-3.0,0.0,-34.0
1776887417.4571028,1.0,3.0,-39.0
1776887417.4671028,5.0,9.0,-45.0
1776887417.4771028,3.0,8.0,-44.0
1776887417.4871027,3.0,7.0,-44.0
1776887417.4971027,1.0,3.0,-38.0
1776887417.5071027,1.0,0.0,-42.0
1776887417.5171027,-2.0,0.0,-44.0
1776887417.5271027,-3.0,4.0,-45.0
1776887417.5371027,-6.0,5.0,-40.0
1776887417.5471027,-5.0,3.0,-39.0
1776887417.557103,-2.0,2.0,-35.0
1776887417.567103,-4.0,0.0,-37.0
1776887417.577103,-4.0,0.0,-35.0
1776887417.587103,-5.0,-3.0,-31.0
1776887417.5971026,-7.0,-1.0,-37.0
1776887417.6071026,-7.0,-2.0,-28.0
1776887417.6171026,-1.0,1.0,-31.0
1776887417.6271029,-1.0,0.0,-35.0
1776887417.6371028,1.0,-1.0,-33.0
1776887417.6471028,5.0,-2.0,-37.0
1776887417.6571028,5.0,0.0,-41.0
1776887417.6671028,4.0,3.0,-35.0
1776887417.6771028,-1.0,3.0,-37.0
1776887417.6871028,0.0,1.0,-38.0
1776887417.6971028,0.0,4.0,-34.0
1776887417.7071028,0.0,0.0,-31.0
1776887417.7171028,0.0,0.0,-33.0
1776887417.7271028,0.0,0.0,-31.0
1776887417.7371027,4.0,-1.0,-30.0
1776887417.7471027,6.0,0.0,-36.0
1776887417.7571027,7.0,0.0,-38.0
1776887417.7671027,2.0,-1.0,-41.0
1776887417.7771027,3.0,0.0,-44.0
1776887417.7871027,0.0,-5.0,-41.0
1776887417.7971027,1.0,-6.0,-41.0
1776887417.807103,5.0,-7.0,-40.0
1776887417.817103,9.0,-5.0,-34.0
1776887417.827103,7.0,-3.0,-37.0
1776887417.837103,1.0,-7.0,-35.0
1776887417.8471026,4.0,-7.0,-33.0
1776887417.8571026,7.0,-8.0,-33.0
1776887417.8671026,6.0,-9.0,-36.0
1776887417.8771029,5.0,-8.0,-32.0
1776887417.8871028,2.0,-7.0,-38.0
1776887417.8971028,7.0,-6.0,-37.0
1776887417.9071028,8.0,-7.0,-37.0
1776887417.9171028,3.0,-3.0,-43.0
1776887417.9271028,4.0,-2.0,-37.0
1776887417.9381027,1.0,-1.0,-35.0
1776887417.9481027,0.0,-2.0,-33.0
1776887417.9581027,-1.0,-2.0,-34.0
1776887417.9681027,-4.0,-1.0,-34.0
1776887417.9781027,-7.0,-4.0,-34.0
1776887417.988103,-1.0,-1.0,-36.0
1776887417.998103,-5.0,-5.0,-32.0
1776887418.008103,-8.0,-11.0,-32.0
1776887418.0181026,-10.0,-8.0,-34.0
1776887418.0281026,-7.0,-9.0,-38.0
1776887418.0381026,-5.0,-2.0,-39.0
1776887418.0481029,-4.0,0.0,-42.0
1776887418.0581028,-3.0,2.0,-38.0
1776887418.0681028,-5.0,3.0,-34.0
1776887418.0781028,-5.0,2.0,-35.0
1776887418.0881028,-2.0,2.0,-34.0
1776887418.0981028,-4.0,2.0,-37.0
1776887418.1081028,0.0,0.0,-34.0
1776887418.1181028,-3.0,0.0,-35.0
1776887418.1281028,-4.0,-5.0,-42.0
1776887418.1381028,-3.0,-9.0,-39.0
1776887418.1481028,0.0,-9.0,-42.0
1776887418.1581028,-2.0,-6.0,-39.0
1776887418.1681027,3.0,-6.0,-39.0
1776887418.1781027,4.0,-4.0,-38.0
1776887418.1881027,4.0,-1.0,-36.0
1776887418.1981027,4.0,1.0,-40.0
1776887418.2081027,3.0,2.0,-37.0
1776887418.2181027,3.0,-1.0,-36.0
1776887418.2281027,6.0,-3.0,-34.0
1776887418.238103,7.0,-4.0,-39.0
1776887418.248103,6.0,-1.0,-42.0
1776887418.258103,-1.0,-4.0,-40.0
1776887418.2681026,-1.0,-8.0,-38.0
1776887418.2781026,0.0,-8.0,-38.0
1776887418.2881026,-3.0,-2.0,-37.0
1776887418.2981029,-3.0,-1.0,-35.0
1776887418.3081028,-1.0,-2.0,-32.0
1776887418.3181028,1.0,-4.0,-33.0
1776887418.3281028,0.0,-6.0,-29.0
1776887418.3381028,-1.0,-5.0,-32.0
1776887418.3481028,0.0,-8.0,-31.0
1776887418.3581028,-1.0,-12.0,-25.0
1776887418.3681028,1.0,-9.0,-24.0
1776887418.3781028,0.0,-5.0,-24.0
1776887418.3881028,-3.0,-7.0,-29.0
1776887418.3981028,-5.0,-5.0,-28.0
1776887418.4081028,-1.0,-6.0,-32.0
1776887418.4181027,-3.0,-6.0,-38.0
1776887418.4281027,-2.0,-4.0,-41.0
1776887418.4381027,-2.0,-5.0,-40.0
1776887418.4481027,-4.0,-1.0,-45.0
1776887418.4581027,1.0,0.0,-44.0
1776887418.4681027,1.0,0.0,-47.0
1776887418.4781027,3.0,-6.0,-44.0
1776887418.488103,6.0,-5.0,-42.0
1776887418.498103,0.0,-1.0,-40.0
1776887418.508103,-4.0,-7.0,-38.0
1776887418.5181026,-3.0,-8.0,-45.0
1776887418.5281026,-5.0,-6.0,-43.0
1776887418.5381026,-3.0,-2.0,-42.0
1776887418.5481029,0.0,-2.0,-41.0
1776887418.5581028,-2.0,0.0,-46.0
1776887418.5681028,-3.0,-2.0,-44.0
1776887418.5781028,-1.0,-4.0,-41.0
1776887418.5881028,-1.0,-4.0,-39.0
1776887418.5981028,0.0,0.0,-36.0
1776887418.6081028,-5.0,1.0,-39.0
1776887418.6181028,-2.0,4.0,-42.0
1776887418.6281028,-4.0,5.0,-36.0
1776887418.6381028,-2.0,-1.0,-26.0
1776887418.6481028,0.0,0.0,-25.0
1776887418.6581028,2.0,-3.0,-26.0
1776887418.6681027,3.0,0.0,-31.0
1776887418.6781027,4.0,0.0,-35.0
1776887418.6881027,0.0,-2.0,-33.0
1776887418.6981027,-4.0,-5.0,-36.0
1776887418.7081027,0.0,-4.0,-33.0
1776887418.7181027,0.0,-1.0,-34.0
1776887418.7281027,-1.0,0.0,-39.0
1776887418.738103,-4.0,0.0,-42.0
1776887418.748103,-4.0,-3.0,-36.0
1776887418.758103,-2.0,-2.0,-33.0
1776887418.7681026,-1.0,-6.0,-34.0
1776887418.7781026,0.0,-6.0,-34.0
1776887418.7881026,2.0,-1.0,-35.0
1776887418.7981029,0.0,0.0,-30.0
1776887418.8081028,1.0,0.0,-25.0
1776887418.8181028,-1.0,0.0,-25.0
1776887418.8281028,-1.0,0.0,-31.0
1776887418.8381028,1.0,3.0,-32.0
1776887418.8481028,0.0,1.0,-28.0
1776887418.8581028,4.0,-4.0,-31.0
1776887418.8681028,5.0,-3.0,-34.0
1776887418.8781028,5.0,1.0,-42.0
1776887418.8881028,3.0,-2.0,-40.0
1776887418.8981028,4.0,-5.0,-41.0
1776887418.9081028,0.0,-4.0,-47.0
1776887418.9181027,0.0,-5.0,-47.0
1776887418.9281027,0.0,-5.0,-43.0
1776887418.9381027,3.0,0.0,-45.0
1776887418.9481027,3.0,3.0,-48.0
1776887418.9581027,2.0,4.0,-45.0
1776887418.9681027,-2.0,0.0,-39.0
1776887418.9781027,-3.0,-4.0,-48.0
1776887418.988103,0.0,-8.0,-44.0
1776887418.998103,1.0,-7.0,-43.0
1776887419.008103,0.0,-4.0,-33.0
1776887419.0181026,1.0,-6.0,-29.0
1776887419.0281026,1.0,-4.0,-31.0
1776887419.0381026,3.0,1.0,-38.0
1776887419.0481029,1.0,-2.0,-34.0
1776887419.0581028,1.0,-2.0,-32.0
1776887419.0681028,1.0,-1.0,-33.0
1776887419.0781028,-4.0,-2.0,-27.0
1776887419.0881028,-3.0,1.0,-29.0
1776887419.0981028,-1.0,1.0,-31.0
1776887419.1081028,-1.0,0.0,-39.0
1776887419.1181028,0.0,-1.0,-39.0
1776887419.1281028,0.0,2.0,-40.0
1776887419.1381028,0.0,2.0,-40.0
1776887419.1481028,-2.0,-2.0,-39.0
1776887419.1581028,-1.0,0.0,-41.0
1776887419.1681027,-9.0,-2.0,-36.0
1776887419.1781027,-4.0,-5.0,-44.0
1776887419.1881027,-3.0,-3.0,-41.0
1776887419.1981027,-1.0,-6.0,-40.0
1776887419.2081027,2.0,-7.0,-37.0
1776887419.2181027,2.0,-9.0,-35.0
1776887419.2281027,0.0,-8.0,-34.0
1776887419.238103,0.0,-5.0,-37.0
1776887419.248103,7.0,-3.0,-39.0
1776887419.258103,10.0,0.0,-38.0
1776887419.2681026,14.0,0.0,-31.0
1776887419.2781026,11.0,2.0,-31.0
1776887419.2881026,5.0,0.0,-30.0
1776887419.2981029,0.0,-2.0,-32.0
1776887419.3081028,0.0,0.0,-39.0
1776887419.3181028,-5.0,0.0,-46.0
1776887419.3281028,-4.0,0.0,-43.0
1776887419.3381028,-3.0,-1.0,-42.0
1776887419.3481028,-5.0,-1.0,-37.0
1776887419.3581028,-5.0,2.0,-28.0
1776887419.3681028,-4.0,2.0,-29.0
1776887419.3781028,-4.0,-2.0,-28.0
1776887419.3881028,2.0,-7.0,-21.0
1776887419.3981028,4.0,-4.0,-23.0
1776887419.4081028,7.0,-4.0,-36.0
1776887419.4181027,5.0,-6.0,-40.0
1776887419.4281027,2.0,-9.0,-43.0
1776887419.4381027,-3.0,-11.0,-47.0
1776887419.4481027,0.0,-10.0,-46.0
1776887419.4581027,4.0,-7.0,-44.0
1776887419.4681027,1.0,-2.0,-42.0
1776887419.4781027,2.0,-1.0,-42.0
1776887419.488103,7.0,3.0,-46.0
1776887419.498103,6.0,1.0,-46.0
1776887419.508103,7.0,2.0,-48.0
1776887419.5181026,5.0,0.0,-38.0
1776887419.5281026,4.0,-2.0,-37.0
1776887419.5381026,2.0,-4.0,-34.0
1776887419.5481029,4.0,-4.0,-37.0
1776887419.5581028,4.0,-3.0,-38.0
1776887419.5681028,2.0,-4.0,-38.0
1776887419.5781028,-3.0,-5.0,-34.0
1776887419.5881028,-1.0,-5.0,-28.0
1776887419.5981028,-3.0,-3.0,-38.0
1776887419.6081028,0.0,0.0,-40.0
1776887419.6181028,0.0,1.0,-43.0
1776887419.6281028,1.0,0.0,-38.0
1776887419.6381028,0.0,0.0,-40.0
1776887419.6481028,0.0,0.0,-39.0
1776887419.6581028,1.0,-1.0,-37.0
1776887419.6681027,4.0,-2.0,-41.0
1776887419.6781027,4.0,-1.0,-43.0
1776887419.6881027,2.0,1.0,-41.0
1776887419.6981027,2.0,2.0,-42.0
1776887419.7081027,-1.0,1.0,-43.0
1776887419.7181027,-2.0,0.0,-42.0
1776887419.7281027,-4.0,0.0,-37.0
1776887419.738103,0.0,4.0,-35.0
1776887419.748103,0.0,7.0,-41.0
1776887419.758103,-1.0,4.0,-40.0
1776887419.7681026,-6.0,1.0,-42.0
1776887419.7781026,-4.0,1.0,-43.0
1776887419.7881026,-3.0,2.0,-40.0
1776887419.7981029,1.0,-1.0,-43.0
1776887419.8081028,0.0,-5.0,-41.0
1776887419.8181028,-3.0,-6.0,-43.0
1776887419.8281028,-3.0,-6.0,-41.0
1776887419.8381028,-1.0,-5.0,-39.0
1776887419.8481028,0.0,-8.0,-40.0
1776887419.8581028,-1.0,-6.0,-33.0
1776887419.8681028,-3.0,-8.0,-35.0
1776887419.8781028,-5.0,-10.0,-39.0
1776887419.8891027,-5.0,-13.0,-42.0
1776887419.8991027,-10.0,-14.0,-40.0
1776887419.9081028,-7.0,-13.0,-34.0
1776887419.9181027,-3.0,-7.0,-33.0
1776887419.9281027,-1.0,-4.0,-43.0
1776887419.9391026,-2.0,-7.0,-38.0
1776887419.9491026,0.0,-7.0,-32.0
1776887419.9591026,0.0,-3.0,-36.0
1776887419.9691026,-1.0,-6.0,-36.0
1776887419.9791028,0.0,-5.0,-30.0
1776887419.9891028,-2.0,-4.0,-25.0
1776887419.9991028,0.0,-2.0,-25.0
1776887420.0091028,0.0,0.0,-28.0
1776887420.0191028,0.0,0.0,-29.0
1776887420.0291028,4.0,1.0,-28.0
1776887420.0391028,5.0,0.0,-35.0
1776887420.0491028,8.0,3.0,-35.0
1776887420.0591028,5.0,0.0,-35.0
1776887420.0691028,3.0,0.0,-39.0
1776887420.0791028,0.0,0.0,-42.0
1776887420.0891027,2.0,0.0,-42.0
1776887420.0991027,3.0,0.0,-35.0
1776887420.1091027,2.0,-1.0,-41.0
1776887420.1191027,0.0,-4.0,-38.0
1776887420.1291027,-8.0,-5.0,-36.0
1776887420.1391027,-3.0,-4.0,-43.0
1776887420.1491027,-2.0,-6.0,-42.0
1776887420.159103,2.0,-4.0,-38.0
1776887420.169103,0.0,-4.0,-36.0
1776887420.179103,-1.0,-8.0,-31.0
1776887420.1891026,-2.0,-3.0,-30.0
1776887420.1991026,-6.0,0.0,-33.0
1776887420.2091026,-10.0,1.0,-29.0
1776887420.2191026,-11.0,-2.0,-24.0
1776887420.2291028,-11.0,0.0,-24.0
1776887420.2391028,-7.0,-5.0,-22.0
1776887420.2491028,-5.0,-7.0,-29.0
1776887420.2591028,-5.0,-4.0,-34.0
1776887420.2691028,-1.0,-2.0,-28.0
1776887420.2791028,-1.0,-2.0,-27.0
1776887420.2891028,1.0,0.0,-32.0
1776887420.2991028,4.0,1.0,-29.0
1776887420.3091028,0.0,0.0,-37.0
1776887420.3191028,1.0,1.0,-40.0
1776887420.3291028,2.0,1.0,-44.0
1776887420.3391027,-1.0,-1.0,-44.0
1776887420.3491027,-4.0,-4.0,-45.0
1776887420.3591027,-5.0,-2.0,-46.0
1776887420.3691027,-4.0,0.0,-39.0
1776887420.3791027,-3.0,0.0,-42.0
1776887420.3891027,-5.0,-2.0,-40.0
1776887420.3991027,2.0,0.0,-40.0
1776887420.409103,0.0,1.0,-43.0
1776887420.419103,1.0,3.0,-45.0
1776887420.429103,0.0,3.0,-46.0
1776887420.4391026,0.0,0.0,-45.0
1776887420.4491026,1.0,0.0,-39.0
1776887420.4591026,0.0,0.0,-42.0
1776887420.4691026,0.0,-2.0,-47.0
1776887420.4791028,1.0,-3.0,-42.0
1776887420.4891028,0.0,-6.0,-40.0
1776887420.4991028,4.0,-2.0,-39.0
1776887420.5091028,1.0,0.0,-39.0
1776887420.5191028,0.0,-3.0,-40.0
1776887420.5291028,6.0,-2.0,-39.0
1776887420.5391028,6.0,-7.0,-45.0
1776887420.5491028,5.0,-5.0,-38.0
1776887420.5591028,2.0,-1.0,-34.0
1776887420.5691028,2.0,-2.0,-36.0
1776887420.5791028,2.0,-4.0,-34.0
1776887420.5891027,0.0,-1.0,-36.0
1776887420.5991027,2.0,-1.0,-33.0
1776887420.6091027,2.0,1.0,-41.0
1776887420.6191027,0.0,-1.0,-41.0
1776887420.6291027,0.0,-1.0,-35.0
1776887420.6391027,0.0,1.0,-39.0
1776887420.6491027,-1.0,-1.0,-42.0
1776887420.659103,-1.0,0.0,-39.0
1776887420.669103,0.0,-3.0,-41.0
1776887420.679103,1.0,-3.0,-43.0
1776887420.6891026,4.0,2.0,-34.0
1776887420.6991026,3.0,-1.0,-24.0
1776887420.7091026,6.0,0.0,-31.0
1776887420.7191026,5.0,0.0,-29.0
1776887420.7291028,5.0,0.0,-32.0
1776887420.7391028,3.0,2.0,-37.0
1776887420.7491028,4.0,0.0,-35.0
1776887420.7591028,2.0,-1.0,-35.0
1776887420.7691028,0.0,-1.0,-36.0
1776887420.7791028,0.0,0.0,-32.0
1776887420.7891028,-1.0,-2.0,-36.0
1776887420.7991028,0.0,-1.0,-38.0
1776887420.8091028,-1.0,0.0,-36.0
1776887420.8191028,0.0,0.0,-30.0
1776887420.8291028,-1.0,-4.0,-32.0
1776887420.8391027,-5.0,2.0,-43.0
1776887420.8491027,-2.0,0.0,-46.0
1776887420.8591027,-4.0,-1.0,-39.0
1776887420.8691027,-2.0,-4.0,-34.0
1776887420.8791027,-3.0,-5.0,-31.0
1776887420.8891027,-5.0,-9.0,-33.0
1776887420.8991027,-8.0,-1.0,-34.0
1776887420.909103,-8.0,1.0,-31.0
1776887420.919103,-9.0,1.0,-28.0
1776887420.929103,-11.0,3.0,-34.0
1776887420.9391026,-8.0,5.0,-36.0
1776887420.9491026,-8.0,2.0,-39.0
1776887420.9591026,-7.0,0.0,-40.0
1776887420.9691026,-5.0,0.0,-35.0
1776887420.9791028,-1.0,-2.0,-31.0
1776887420.9891028,-2.0,-4.0,-38.0
1776887420.9991028,2.0,-1.0,-49.0
1776887421.0091028,0.0,-3.0,-50.0
1776887421.0191028,-1.0,-8.0,-46.0
1776887421.0291028,0.0,-6.0,-44.0
1776887421.0391028,1.0,-8.0,-42.0
1776887421.0491028,1.0,-1.0,-46.0
1776887421.0591028,1.0,0.0,-40.0
1776887421.0691028,0.0,-3.0,-42.0
1776887421.0791028,-1.0,-2.0,-35.0
1776887421.0891027,1.0,-5.0,-36.0
1776887421.0991027,-2.0,-6.0,-41.0
1776887421.1091027,0.0,-4.0,-36.0
1776887421.1191027,3.0,-5.0,-32.0
1776887421.1291027,-1.0,-9.0,-42.0
1776887421.1391027,-4.0,-6.0,-35.0
1776887421.1491027,-1.0,-5.0,-31.0
1776887421.159103,0.0,-4.0,-32.0
1776887421.169103,-1.0,-5.0,-35.0
1776887421.179103,1.0,-4.0,-35.0
1776887421.1891026,1.0,-4.0,-43.0
1776887421.1991026,0.0,-4.0,-42.0
1776887421.2091026,0.0,-2.0,-36.0
1776887421.2191026,1.0,-5.0,-41.0
1776887421.2291028,1.0,-4.0,-50.0
1776887421.2391028,0.0,-4.0,-54.0
1776887421.2491028,0.0,-5.0,-58.0
1776887421.2591028,2.0,-2.0,-57.0
1776887421.2691028,4.0,-1.0,-50.0
1776887421.2791028,4.0,0.0,-53.0
1776887421.2891028,3.0,2.0,-49.0
1776887421.2991028,1.0,5.0,-40.0
1776887421.3091028,0.0,1.0,-34.0
1776887421.3191028,0.0,-2.0,-33.0
1776887421.3291028,-1.0,-3.0,-33.0
1776887421.3391027,-2.0,0.0,-37.0
1776887421.3491027,-2.0,-2.0,-33.0
1776887421.3591027,0.0,-1.0,-38.0
1776887421.3691027,-5.0,1.0,-30.0
1776887421.3791027,-7.0,0.0,-31.0
1776887421.3891027,-6.0,1.0,-34.0
1776887421.3991027,-4.0,-1.0,-32.0
1776887421.409103,-2.0,-3.0,-38.0
1776887421.419103,-3.0,0.0,-41.0
1776887421.429103,-4.0,0.0,-44.0
1776887421.4391026,-2.0,-2.0,-46.0
1776887421.4491026,-6.0,2.0,-45.0
1776887421.4591026,-7.0,0.0,-45.0
1776887421.4691026,-3.0,-4.0,-45.0
1776887421.4791028,0.0,-3.0,-38.0
1776887421.4891028,-3.0,-2.0,-31.0
1776887421.5001028,-5.0,-7.0,-29.0
1776887421.5091028,-4.0,-6.0,-30.0
1776887421.5191028,-3.0,-6.0,-29.0
1776887421.5291028,0.0,-2.0,-29.0
1776887421.5391028,0.0,-2.0,-38.0
1776887421.5491028,2.0,-4.0,-38.0
1776887421.5591028,5.0,-3.0,-42.0
1776887421.5691028,0.0,-3.0,-42.0
1776887421.5791028,-2.0,-3.0,-44.0
1776887421.5891027,0.0,0.0,-42.0
1776887421.5991027,-2.0,-1.0,-42.0
1776887421.6091027,0.0,-1.0,-37.0
1776887421.6191027,0.0,-2.0,-36.0
1776887421.6291027,-3.0,-5.0,-38.0
1776887421.6391027,-2.0,-4.0,-39.0
1776887421.6491027,-4.0,-5.0,-40.0
1776887421.659103,-1.0,-2.0,-44.0
1776887421.669103,-2.0,0.0,-46.0
1776887421.679103,-2.0,5.0,-50.0
1776887421.6891026,0.0,6.0,-42.0
1776887421.6991026,0.0,8.0,-41.0
1776887421.7091026,-1.0,5.0,-38.0
1776887421.7191026,-2.0,2.0,-33.0
1776887421.7291028,-3.0,0.0,-39.0
1776887421.7391028,0.0,0.0,-41.0
1776887421.7491028,2.0,0.0,-44.0
1776887421.7591028,2.0,0.0,-40.0
1776887421.7691028,5.0,0.0,-40.0
1776887421.7791028,5.0,1.0,-36.0
1776887421.7891028,8.0,3.0,-35.0
1776887421.7991028,8.0,0.0,-37.0
1776887421.8091028,2.0,0.0,-32.0
1776887421.8191028,4.0,-2.0,-33.0
1776887421.8291028,-2.0,-3.0,-34.0
1776887421.8391027,-4.0,-2.0,-33.0
1776887421.8491027,-6.0,-1.0,-32.0
1776887421.8591027,-4.0,-7.0,-33.0
1776887421.8691027,0.0,-6.0,-32.0
1776887421.8791027,-6.0,-6.0,-33.0
1776887421.8891027,-4.0,-3.0,-27.0
1776887421.9001029,-5.0,-4.0,-25.0
1776887421.9101028,-8.0,-2.0,-30.0
1776887421.9201028,-4.0,-7.0,-34.0
1776887421.929103,-2.0,-5.0,-30.0
1776887421.9401028,-2.0,-4.0,-36.0
1776887421.9501028,-1.0,-6.0,-40.0
1776887421.9601028,-3.0,-4.0,-41.0
1776887421.9701028,0.0,-6.0,-40.0
1776887421.9801028,4.0,-2.0,-42.0
1776887421.9901028,2.0,-2.0,-44.0
1776887422.0001028,-1.0,-1.0,-40.0
1776887422.0101027,2.0,-4.0,-45.0
1776887422.0201027,3.0,-2.0,-43.0
1776887422.0301027,1.0,-5.0,-39.0
1776887422.0401027,2.0,-6.0,-33.0
1776887422.0501027,1.0,-5.0,-33.0
1776887422.0601027,-1.0,-7.0,-36.0
1776887422.0701027,0.0,-6.0,-37.0
1776887422.0801027,3.0,-5.0,-32.0
1776887422.090103,3.0,-7.0,-32.0
1776887422.100103,0.0,-1.0,-30.0
1776887422.110103,-3.0,-3.0,-32.0
1776887422.1201026,-5.0,-4.0,-36.0
1776887422.1301026,-3.0,-1.0,-37.0
1776887422.1401026,-6.0,0.0,-38.0
1776887422.1501029,-7.0,-4.0,-36.0
1776887422.1601028,-3.0,0.0,-32.0
1776887422.1701028,-4.0,-1.0,-32.0
1776887422.1801028,-3.0,-3.0,-34.0
1776887422.1901028,0.0,-7.0,-33.0
1776887422.2001028,3.0,-6.0,-36.0
1776887422.2101028,-3.0,-2.0,-33.0
1776887422.2201028,0.0,-6.0,-37.0
1776887422.2301028,3.0,-2.0,-43.0
1776887422.2401028,8.0,0.0,-47.0
1776887422.2501028,9.0,1.0,-48.0
1776887422.2601027,9.0,5.0,-52.0
1776887422.2701027,13.0,3.0,-46.0
1776887422.2801027,13.0,0.0,-37.0
1776887422.2901027,4.0,-1.0,-38.0
1776887422.3001027,4.0,-3.0,-41.0
1776887422.3101027,6.0,-1.0,-35.0
1776887422.3201027,4.0,-4.0,-39.0
1776887422.3301027,0.0,-4.0,-36.0
1776887422.340103,-3.0,-5.0,-43.0
1776887422.350103,-5.0,-10.0,-39.0
1776887422.360103,-3.0,-9.0,-33.0
1776887422.3701026,0.0,-5.0,-35.0
1776887422.3801026,0.0,-6.0,-38.0
1776887422.3901026,-2.0,-1.0,-42.0
1776887422.4001029,-1.0,0.0,-38.0
1776887422.4101028,3.0,0.0,-29.0
1776887422.4201028,1.0,1.0,-27.0
1776887422.4301028,-1.0,1.0,-24.0
1776887422.4401028,-3.0,0.0,-30.0
1776887422.4501028,0.0,-2.0,-37.0
1776887422.4601028,1.0,0.0,-41.0
1776887422.4701028,4.0,-3.0,-36.0
1776887422.4801028,1.0,-2.0,-39.0
1776887422.4901028,5.0,-8.0,-42.0
1776887422.5001028,3.0,-6.0,-43.0
1776887422.5101027,4.0,0.0,-40.0
1776887422.5201027,4.0,0.0,-37.0
1776887422.5301027,2.0,-3.0,-40.0
1776887422.5401027,0.0,-3.0,-34.0
1776887422.5501027,0.0,-7.0,-32.0
1776887422.5601027,5.0,-9.0,-36.0
1776887422.5701027,1.0,-4.0,-38.0
1776887422.5801027,1.0,-7.0,-37.0
1776887422.590103,2.0,-7.0,-38.0
1776887422.600103,5.0,-7.0,-34.0
1776887422.610103,1.0,-8.0,-36.0
1776887422.6201026,6.0,-7.0,-43.0
1776887422.6301026,4.0,-3.0,-40.0
1776887422.6401026,6.0,0.0,-27.0
1776887422.6501029,4.0,0.0,-32.0
1776887422.6601028,0.0,-3.0,-34.0
1776887422.6701028,6.0,-2.0,-44.0
1776887422.6801028,2.0,-6.0,-44.0
1776887422.6901028,-2.0,-7.0,-47.0
1776887422.7001028,-1.0,-8.0,-43.0
1776887422.7101028,0.0,-10.0,-45.0
1776887422.7201028,0.0,-7.0,-43.0
1776887422.7301028,0.0,-6.0,-49.0
1776887422.7401028,0.0,-6.0,-50.0
1776887422.7501028,2.0,-8.0,-55.0
1776887422.7601027,2.0,-10.0,-48.0
1776887422.7701027,2.0,-11.0,-41.0
1776887422.7801027,0.0,-7.0,-43.0
1776887422.7901027,2.0,-4.0,-49.0
1776887422.8001027,0.0,-7.0,-48.0
1776887422.8101027,2.0,-11.0,-41.0
1776887422.8201027,4.0,-14.0,-38.0
1776887422.8301027,1.0,-11.0,-31.0
1776887422.840103,-3.0,-9.0,-40.0
1776887422.850103,0.0,-10.0,-40.0
1776887422.860103,1.0,-5.0,-39.0
1776887422.8701026,3.0,-4.0,-44.0
1776887422.8801026,4.0,-6.0,-43.0
1776887422.8901026,0.0,-4.0,-48.0
1776887422.9001029,2.0,-3.0,-45.0
1776887422.9101028,1.0,-6.0,-43.0
1776887422.9201028,-1.0,-3.0,-44.0
1776887422.9301028,0.0,0.0,-37.0
1776887422.9401028,2.0,0.0,-36.0
1776887422.9501028,3.0,0.0,-36.0
1776887422.9601028,0.0,2.0,-35.0
1776887422.9701028,1.0,1.0,-29.0
1776887422.9801028,1.0,0.0,-30.0
1776887422.9901028,3.0,0.0,-29.0
1776887423.0001028,0.0,-1.0,-30.0
1776887423.0101027,0.0,-2.0,-29.0
1776887423.0201027,3.0,-2.0,-33.0
1776887423.0301027,0.0,-1.0,-39.0
1776887423.0401027,0.0,-4.0,-41.0
1776887423.0501027,0.0,-3.0,-33.0
1776887423.0601027,0.0,1.0,-34.0
1776887423.0701027,0.0,0.0,-30.0
1776887423.0801027,-3.0,-1.0,-27.0
1776887423.090103,-4.0,-5.0,-28.0
1776887423.100103,-1.0,-6.0,-30.0
1776887423.110103,-3.0,-6.0,-23.0
1776887423.1201026,-1.0,-1.0,-25.0
1776887423.1301026,-4.0,-1.0,-28.0
1776887423.1401026,-5.0,0.0,-36.0
1776887423.1501029,-5.0,3.0,-40.0
1776887423.1601028,-2.0,6.0,-40.0
1776887423.1701028,0.0,2.0,-39.0
1776887423.1801028,0.0,0.0,-41.0
1776887423.1901028,0.0,-1.0,-37.0
1776887423.2001028,0.0,-3.0,-35.0
1776887423.2101028,4.0,-4.0,-39.0
1776887423.2201028,7.0,-7.0,-35.0
1776887423.2301028,9.0,-6.0,-37.0
1776887423.2401028,9.0,-4.0,-37.0
1776887423.2501028,5.0,-1.0,-38.0
1776887423.2601027,6.0,-2.0,-41.0
1776887423.2701027,7.0,-5.0,-33.0
1776887423.2801027,8.0,-6.0,-29.0
1776887423.2901027,10.0,-2.0,-32.0
1776887423.3001027,10.0,-3.0,-35.0
1776887423.3101027,7.0,-6.0,-39.0
1776887423.3201027,6.0,-4.0,-33.0
1776887423.3301027,0.0,-5.0,-30.0
1776887423.340103,0.0,-2.0,-34.0
1776887423.350103,3.0,-4.0,-30.0
1776887423.360103,-1.0,-3.0,-27.0
1776887423.3701026,-4.0,-3.0,-32.0
1776887423.3801026,-10.0,-4.0,-36.0
1776887423.3901026,-6.0,-4.0,-38.0
1776887423.4001029,-1.0,-1.0,-41.0
1776887423.4101028,0.0,-2.0,-47.0
1776887423.4201028,5.0,-3.0,-50.0
1776887423.4301028,6.0,0.0,-40.0
1776887423.4401028,3.0,-1.0,-38.0
1776887423.4501028,0.0,-2.0,-39.0
1776887423.4601028,-1.0,-1.0,-39.0
1776887423.4701028,-2.0,-2.0,-45.0
1776887423.4801028,0.0,-7.0,-49.0
1776887423.4901028,0.0,-4.0,-53.0
1776887423.5001028,0.0,-7.0,-46.0
1776887423.5101027,2.0,-10.0,-45.0
1776887423.5201027,0.0,-10.0,-40.0
1776887423.5301027,0.0,-2.0,-43.0
1776887423.5401027,5.0,-6.0,-38.0
1776887423.5501027,5.0,-5.0,-30.0
1776887423.5601027,2.0,-4.0,-33.0
1776887423.5701027,4.0,-4.0,-40.0
1776887423.5801027,4.0,-1.0,-37.0
1776887423.590103,4.0,-3.0,-37.0
1776887423.600103,7.0,-3.0,-40.0
1776887423.610103,6.0,0.0,-37.0
1776887423.6201026,3.0,0.0,-32.0
1776887423.6301026,0.0,-1.0,-35.0
1776887423.6401026,-4.0,1.0,-33.0
1776887423.6501029,-2.0,2.0,-37.0
1776887423.6601028,0.0,-4.0,-41.0
1776887423.6701028,1.0,-5.0,-39.0
1776887423.6801028,2.0,-4.0,-41.0
1776887423.6901028,0.0,-5.0,-37.0
1776887423.7001028,4.0,-5.0,-38.0
1776887423.7101028,3.0,-11.0,-35.0
1776887423.7201028,3.0,-7.0,-32.0
1776887423.7301028,0.0,-1.0,-34.0
1776887423.7401028,0.0,-2.0,-36.0
1776887423.7501028,-2.0,-3.0,-33.0
1776887423.7601027,-2.0,-4.0,-35.0
1776887423.7701027,-3.0,-1.0,-43.0
1776887423.7801027,-3.0,-8.0,-43.0
1776887423.7901027,1.0,-5.0,-39.0
1776887423.8001027,2.0,-1.0,-36.0
1776887423.8101027,1.0,0.0,-35.0
1776887423.8201027,2.0,1.0,-33.0
1776887423.8301027,4.0,0.0,-38.0
1776887423.840103,2.0,0.0,-39.0
1776887423.850103,0.0,0.0,-36.0
1776887423.860103,-1.0,0.0,-31.0
1776887423.8701026,-6.0,4.0,-27.0
1776887423.8801026,-6.0,2.0,-25.0
1776887423.8911028,-5.0,4.0,-27.0
1776887423.9001029,1.0,-2.0,-22.0
1776887423.9101028,1.0,-1.0,-23.0
1776887423.9201028,5.0,-4.0,-25.0
1776887423.9301028,4.0,-4.0,-26.0
1776887423.9411027,2.0,5.0,-33.0
1776887423.9511027,6.0,6.0,-32.0
1776887423.9611027,4.0,1.0,-37.0
1776887423.9711027,1.0,-4.0,-37.0
1776887423.9811027,0.0,-11.0,-35.0
1776887423.9911027,2.0,-7.0,-32.0
1776887424.0011027,3.0,-6.0,-25.0
1776887424.011103,5.0,-5.0,-23.0
1776887424.021103,0.0,-4.0,-27.0
1776887424.031103,0.0,-8.0,-31.0
1776887424.0411026,0.0,-5.0,-25.0
1776887424.0511026,0.0,4.0,-27.0
1776887424.0611026,2.0,4.0,-31.0
1776887424.0711029,2.0,-2.0,-34.0
1776887424.0811028,0.0,-4.0,-34.0
1776887424.0911028,0.0,-2.0,-37.0
1776887424.1011028,-2.0,-2.0,-40.0
1776887424.1111028,-8.0,-3.0,-46.0
1776887424.1211028,-8.0,-4.0,-44.0
1776887424.1311028,-4.0,-7.0,-42.0
1776887424.1411028,-1.0,-6.0,-46.0
1776887424.1511028,-2.0,-2.0,-44.0
1776887424.1611028,-1.0,-3.0,-38.0
1776887424.1711028,-3.0,-3.0,-39.0
1776887424.1811028,-2.0,-2.0,-41.0
1776887424.1911027,-3.0,-4.0,-45.0
1776887424.2011027,0.0,-1.0,-50.0
1776887424.2111027,-1.0,-1.0,-46.0
1776887424.2211027,-7.0,-2.0,-46.0
1776887424.2311027,-3.0,-1.0,-46.0
1776887424.2411027,-2.0,1.0,-42.0
1776887424.2511027,-4.0,1.0,-37.0
1776887424.261103,-7.0,1.0,-37.0
1776887424.271103,-13.0,1.0,-39.0
1776887424.281103,-10.0,0.0,-37.0
1776887424.2911026,-6.0,0.0,-39.0
1776887424.3011026,-3.0,-3.0,-38.0
1776887424.3111026,-6.0,-5.0,-29.0
1776887424.3211029,-3.0,-6.0,-30.0
1776887424.3311028,-3.0,-2.0,-33.0
1776887424.3411028,-4.0,0.0,-39.0
1776887424.3511028,-8.0,-4.0,-31.0
1776887424.3611028,-4.0,-1.0,-32.0
1776887424.3711028,0.0,0.0,-39.0
1776887424.3811028,-4.0,-4.0,-42.0
1776887424.3911028,-1.0,-2.0,-43.0
1776887424.4011028,-2.0,0.0,-42.0
1776887424.4111028,-7.0,4.0,-42.0
1776887424.4211028,-3.0,1.0,-40.0
1776887424.4311028,-3.0,3.0,-41.0
1776887424.4411027,1.0,4.0,-39.0
1776887424.4511027,3.0,0.0,-33.0
1776887424.4611027,1.0,0.0,-34.0
1776887424.4711027,1.0,1.0,-33.0
1776887424.4811027,2.0,-4.0,-35.0
1776887424.4911027,3.0,0.0,-34.0
1776887424.5011027,6.0,1.0,-36.0
1776887424.511103,6.0,-1.0,-37.0
1776887424.521103,5.0,-2.0,-33.0
1776887424.531103,3.0,-8.0,-33.0
1776887424.5411026,0.0,-5.0,-32.0
1776887424.5511026,-2.0,-7.0,-29.0
1776887424.5611026,-2.0,-4.0,-30.0
1776887424.5711029,-1.0,-4.0,-31.0
1776887424.5811028,-4.0,-1.0,-29.0
1776887424.5911028,-2.0,1.0,-32.0
1776887424.6011028,-2.0,3.0,-30.0
1776887424.6111028,-4.0,4.0,-32.0
1776887424.6211028,-2.0,4.0,-37.0
1776887424.6311028,0.0,6.0,-37.0
1776887424.6411028,3.0,7.0,-40.0
1776887424.6511028,5.0,6.0,-45.0
1776887424.6611028,5.0,12.0,-46.0
1776887424.6711028,4.0,7.0,-49.0
1776887424.6811028,6.0,5.0,-46.0
1776887424.6911027,4.0,2.0,-42.0
1776887424.7011027,4.0,2.0,-45.0
1776887424.7111027,3.0,1.0,-43.0
1776887424.7211027,2.0,1.0,-42.0
1776887424.7311027,2.0,2.0,-38.0
1776887424.7411027,-1.0,3.0,-39.0
1776887424.7511027,3.0,2.0,-40.0
1776887424.761103,3.0,0.0,-34.0
1776887424.771103,5.0,-2.0,-33.0
1776887424.781103,7.0,-2.0,-39.0
1776887424.7911026,8.0,-3.0,-37.0
1776887424.8011026,8.0,-4.0,-39.0
1776887424.8111026,6.0,0.0,-37.0
1776887424.8211029,6.0,2.0,-29.0
1776887424.8311028,4.0,2.0,-31.0
1776887424.8411028,2.0,0.0,-36.0
1776887424.8511028,2.0,2.0,-35.0
1776887424.8611028,2.0,3.0,-35.0
1776887424.8711028,0.0,1.0,-32.0
1776887424.8811028,1.0,-1.0,-33.0
1776887424.8911028,3.0,-3.0,-37.0
1776887424.9011028,2.0,-2.0,-38.0
1776887424.9111028,-2.0,-1.0,-36.0
1776887424.9211028,-3.0,-1.0,-34.0
1776887424.9311028,-2.0,-1.0,-29.0
1776887424.9411027,-5.0,0.0,-32.0
1776887424.9511027,-5.0,2.0,-33.0
1776887424.9611027,-7.0,2.0,-28.0
1776887424.9711027,-4.0,1.0,-28.0
1776887424.9811027,-4.0,0.0,-28.0
1776887424.9911027,-7.0,-1.0,-31.0
1776887425.0011027,-4.0,2.0,-23.0
1776887425.011103,-3.0,4.0,-27.0
1776887425.021103,-5.0,2.0,-26.0
1776887425.031103,-7.0,2.0,-30.0
1776887425.0411026,-1.0,2.0,-31.0
1776887425.0511026,2.0,0.0,-29.0
1776887425.0611026,1.0,0.0,-32.0
1776887425.0711029,7.0,1.0,-33.0
1776887425.0811028,6.0,1.0,-32.0
1776887425.0911028,5.0,0.0,-34.0
1776887425.1011028,1.0,1.0,-38.0
1776887425.1111028,3.0,1.0,-43.0
1776887425.1211028,3.0,1.0,-41.0
1776887425.1311028,2.0,2.0,-37.0
1776887425.1411028,6.0,2.0,-36.0
1776887425.1511028,5.0,0.0,-31.0
1776887425.1611028,4.0,0.0,-33.0
1776887425.1711028,3.0,2.0,-32.0
1776887425.1811028,3.0,0.0,-32.0
1776887425.1911027,1.0,-2.0,-35.0
1776887425.2011027,0.0,-3.0,-29.0
1776887425.2111027,0.0,-4.0,-29.0
1776887425.2211027,-1.0,-3.0,-35.0
1776887425.2311027,0.0,0.0,-37.0
1776887425.2411027,0.0,1.0,-28.0
1776887425.2511027,3.0,1.0,-34.0
1776887425.261103,6.0,-3.0,-31.0
1776887425.271103,5.0,0.0,-29.0
1776887425.281103,3.0,1.0,-33.0
1776887425.2911026,0.0,0.0,-35.0
1776887425.3011026,4.0,-2.0,-38.0
1776887425.3111026,6.0,0.0,-37.0
1776887425.3211029,4.0,0.0,-38.0
1776887425.3311028,4.0,1.0,-40.0
1776887425.3411028,0.0,5.0,-41.0
1776887425.3511028,-2.0,7.0,-41.0
1776887425.3611028,-2.0,5.0,-45.0
1776887425.3711028,-1.0,4.0,-47.0
1776887425.3811028,0.0,4.0,-40.0
1776887425.3911028,-3.0,4.0,-42.0
1776887425.4011028,-3.0,4.0,-46.0
1776887425.4111028,1.0,2.0,-42.0
1776887425.4211028,4.0,2.0,-42.0
1776887425.4311028,7.0,0.0,-38.0
1776887425.4411027,6.0,-1.0,-36.0
1776887425.4511027,10.0,0.0,-35.0
1776887425.4611027,8.0,2.0,-29.0
1776887425.4711027,-1.0,4.0,-29.0
1776887425.4811027,-4.0,3.0,-36.0
1776887425.4911027,-3.0,-3.0,-33.0
1776887425.5011027,-3.0,-4.0,-33.0
1776887425.511103,-4.0,0.0,-33.0
1776887425.521103,-2.0,1.0,-34.0
1776887425.531103,-4.0,3.0,-33.0
1776887425.5411026,0.0,5.0,-27.0
1776887425.5511026,1.0,5.0,-30.0
1776887425.5611026,0.0,9.0,-29.0
1776887425.5711029,-2.0,10.0,-28.0
1776887425.5811028,-3.0,8.0,-36.0
1776887425.5911028,-3.0,8.0,-43.0
1776887425.6011028,-2.0,5.0,-43.0
1776887425.6111028,-1.0,1.0,-42.0
1776887425.6211028,3.0,1.0,-40.0
1776887425.6311028,7.0,2.0,-44.0
1776887425.6411028,4.0,3.0,-47.0
1776887425.6511028,3.0,4.0,-49.0
1776887425.6611028,1.0,7.0,-45.0
1776887425.6711028,3.0,4.0,-47.0
1776887425.6811028,0.0,8.0,-41.0
1776887425.6911027,1.0,6.0,-44.0
1776887425.7011027,2.0,6.0,-44.0
1776887425.7111027,1.0,2.0,-40.0
1776887425.7211027,0.0,5.0,-38.0
1776887425.7311027,-1.0,6.0,-31.0
1776887425.7411027,1.0,5.0,-33.0
1776887425.7511027,5.0,6.0,-28.0
1776887425.761103,6.0,4.0,-28.0
1776887425.771103,6.0,1.0,-22.0
1776887425.7821028,5.0,4.0,-22.0
1776887425.7911026,0.0,0.0,-24.0
1776887425.8011026,-5.0,0.0,-31.0
1776887425.8111026,0.0,-1.0,-34.0
1776887425.8211029,3.0,-2.0,-24.0
1776887425.8311028,3.0,2.0,-29.0
1776887425.8411028,5.0,3.0,-40.0
1776887425.8511028,6.0,2.0,-37.0
1776887425.8611028,3.0,1.0,-35.0
1776887425.8711028,-4.0,-1.0,-40.0
1776887425.8811028,-4.0,-5.0,-45.0
1776887425.8911028,-4.0,-4.0,-42.0
1776887425.9021027,-5.0,0.0,-40.0
1776887425.9121027,0.0,-1.0,-36.0
1776887425.9211028,-4.0,-3.0,-34.0
1776887425.932103,-7.0,-4.0,-25.0
1776887425.942103,0.0,-6.0,-30.0
1776887425.952103,-2.0,-3.0,-25.0
1776887425.962103,0.0,2.0,-28.0
1776887425.9721026,3.0,4.0,-20.0
1776887425.9821026,7.0,1.0,-19.0
1776887425.9921026,8.0,2.0,-24.0
1776887426.0021029,10.0,0.0,-39.0
1776887426.0121028,8.0,0.0,-43.0
1776887426.0221028,5.0,-3.0,-43.0
1776887426.0321028,3.0,-2.0,-41.0
1776887426.0421028,4.0,-3.0,-37.0
1776887426.0521028,4.0,-2.0,-36.0
1776887426.0621028,0.0,-4.0,-33.0
1776887426.0721028,0.0,-7.0,-34.0
1776887426.0821028,1.0,-5.0,-28.0
1776887426.0921028,-1.0,-3.0,-29.0
1776887426.1021028,3.0,-2.0,-25.0
1776887426.1121027,2.0,0.0,-19.0
1776887426.1221027,0.0,0.0,-25.0
1776887426.1321027,1.0,2.0,-31.0
1776887426.1421027,4.0,0.0,-32.0
1776887426.1521027,-2.0,0.0,-33.0
1776887426.1621027,1.0,0.0,-32.0
1776887426.1721027,1.0,2.0,-35.0
1776887426.182103,0.0,0.0,-36.0
1776887426.192103,0.0,3.0,-37.0
1776887426.202103,-1.0,3.0,-32.0
1776887426.212103,-1.0,1.0,-28.0
1776887426.2221026,-5.0,3.0,-24.0
1776887426.2321026,-5.0,0.0,-23.0
1776887426.2421026,-6.0,0.0,-26.0
1776887426.2521029,-2.0,3.0,-33.0
1776887426.2621028,-2.0,7.0,-37.0
1776887426.2721028,-2.0,2.0,-30.0
1776887426.2821028,-3.0,3.0,-33.0
1776887426.2921028,0.0,0.0,-35.0
1776887426.3021028,2.0,-4.0,-39.0
1776887426.3131027,1.0,-6.0,-37.0
1776887426.3221028,0.0,-5.0,-41.0
1776887426.3321028,-2.0,-4.0,-39.0
1776887426.3421028,0.0,-5.0,-38.0
1776887426.3521028,1.0,-4.0,-42.0
1776887426.3621027,4.0,-2.0,-42.0
1776887426.3721027,6.0,-2.0,-36.0
1776887426.3821027,1.0,1.0,-33.0
1776887426.3921027,0.0,0.0,-36.0
1776887426.4021027,-2.0,-3.0,-47.0
1776887426.4121027,-2.0,-5.0,-48.0
1776887426.4221027,1.0,-4.0,-52.0
1776887426.432103,3.0,-4.0,-50.0
1776887426.442103,-1.0,-5.0,-48.0
1776887426.452103,0.0,-7.0,-48.0
1776887426.462103,0.0,-3.0,-38.0
1776887426.4721026,3.0,-4.0,-42.0
1776887426.4821026,1.0,-5.0,-43.0
1776887426.4921026,-1.0,-5.0,-44.0
1776887426.5021029,0.0,-4.0,-32.0
1776887426.5121028,-1.0,-8.0,-38.0
1776887426.5221028,0.0,-8.0,-37.0
1776887426.5321028,-1.0,-4.0,-32.0
1776887426.5421028,2.0,-5.0,-31.0
1776887426.5521028,0.0,-6.0,-35.0
1776887426.5621028,3.0,-5.0,-40.0
1776887426.5721028,6.0,-4.0,-37.0
1776887426.5821028,2.0,-4.0,-30.0
1776887426.5921028,2.0,-1.0,-29.0
1776887426.6021028,3.0,3.0,-25.0
1776887426.6121027,4.0,2.0,-30.0
1776887426.6221027,3.0,0.0,-35.0
1776887426.6321027,7.0,2.0,-37.0
1776887426.6421027,7.0,0.0,-37.0
1776887426.6521027,1.0,0.0,-31.0
1776887426.6621027,0.0,-4.0,-33.0
1776887426.6721027,0.0,-4.0,-36.0
1776887426.682103,2.0,0.0,-41.0
1776887426.692103,1.0,-4.0,-43.0
1776887426.702103,-2.0,-5.0,-43.0
1776887426.712103,-3.0,-4.0,-39.0
1776887426.7221026,0.0,-3.0,-37.0
1776887426.7321026,-2.0,-3.0,-31.0
1776887426.7421026,-2.0,0.0,-35.0
1776887426.7521029,0.0,3.0,-32.0
1776887426.7621028,0.0,2.0,-32.0
1776887426.7721028,-2.0,0.0,-36.0
1776887426.7821028,0.0,-1.0,-36.0
1776887426.7921028,2.0,-5.0,-36.0
1776887426.8021028,0.0,-4.0,-32.0
1776887426.8121028,0.0,-3.0,-33.0
1776887426.8221028,0.0,-2.0,-38.0
1776887426.8321028,-1.0,0.0,-39.0
1776887426.8421028,-2.0,0.0,-41.0
1776887426.8521028,-2.0,2.0,-45.0
1776887426.8621027,0.0,0.0,-41.0
1776887426.8721027,-2.0,-3.0,-39.0
1776887426.8821027,-1.0,5.0,-36.0
1776887426.8921027,0.0,9.0,-37.0
1776887426.9021027,1.0,9.0,-31.0
1776887426.9121027,-1.0,8.0,-27.0
1776887426.9221027,4.0,6.0,-34.0
1776887426.932103,6.0,3.0,-27.0
1776887426.942103,7.0,2.0,-30.0
1776887426.952103,5.0,3.0,-35.0
1776887426.962103,3.0,1.0,-36.0
1776887426.9721026,1.0,4.0,-39.0
1776887426.9821026,0.0,3.0,-40.0
1776887426.9921026,-1.0,6.0,-32.0
1776887427.0021029,0.0,8.0,-30.0
1776887427.0121028,1.0,4.0,-31.0
1776887427.0221028,5.0,6.0,-31.0
1776887427.0321028,4.0,8.0,-37.0
1776887427.0421028,9.0,6.0,-37.0
1776887427.0521028,8.0,1.0,-38.0
1776887427.0621028,3.0,4.0,-39.0
1776887427.0721028,0.0,-1.0,-43.0
1776887427.0821028,2.0,1.0,-44.0
1776887427.0921028,1.0,2.0,-45.0
1776887427.1021028,0.0,0.0,-43.0
1776887427.1121027,-1.0,-3.0,-34.0
1776887427.1221027,-3.0,-1.0,-28.0
1776887427.1321027,0.0,3.0,-30.0
1776887427.1421027,-3.0,1.0,-26.0
1776887427.1521027,-4.0,5.0,-28.0
1776887427.1621027,0.0,8.0,-34.0
1776887427.1721027,1.0,5.0,-33.0
1776887427.182103,-2.0,1.0,-35.0
1776887427.192103,0.0,1.0,-35.0
1776887427.202103,3.0,0.0,-34.0
1776887427.212103,1.0,0.0,-40.0
1776887427.2221026,-3.0,1.0,-38.0
1776887427.2321026,-4.0,-4.0,-34.0
1776887427.2421026,1.0,-5.0,-27.0
1776887427.2521029,2.0,-2.0,-27.0
1776887427.2621028,0.0,-4.0,-36.0
1776887427.2721028,-1.0,-8.0,-39.0
1776887427.2821028,3.0,-7.0,-38.0
1776887427.2921028,6.0,-6.0,-46.0
1776887427.3021028,3.0,-3.0,-52.0
1776887427.3121028,5.0,-3.0,-48.0
1776887427.3221028,-1.0,-3.0,-41.0
1776887427.3321028,-4.0,-4.0,-39.0
1776887427.3421028,3.0,-5.0,-39.0
1776887427.3521028,6.0,-4.0,-43.0
1776887427.3621027,0.0,-6.0,-47.0
1776887427.3721027,0.0,-8.0,-46.0
1776887427.3821027,1.0,-4.0,-48.0
1776887427.3921027,3.0,-1.0,-44.0
1776887427.4021027,1.0,0.0,-46.0
1776887427.4121027,-5.0,0.0,-40.0
1776887427.4221027,-3.0,0.0,-40.0
1776887427.432103,0.0,-1.0,-34.0
1776887427.442103,0.0,1.0,-37.0
1776887427.452103,-2.0,5.0,-33.0
1776887427.462103,0.0,-1.0,-31.0
1776887427.4721026,0.0,0.0,-34.0
1776887427.4821026,-1.0,-1.0,-31.0
1776887427.4921026,-1.0,-2.0,-33.0
1776887427.5021029,-3.0,1.0,-28.0
1776887427.5121028,1.0,3.0,-30.0
1776887427.5221028,2.0,1.0,-32.0
1776887427.5321028,1.0,-5.0,-28.0
1776887427.5421028,-1.0,-11.0,-30.0
1776887427.5521028,-2.0,-10.0,-35.0
1776887427.5621028,-3.0,-7.0,-34.0
1776887427.5721028,0.0,-5.0,-37.0
1776887427.5821028,6.0,-3.0,-38.0
1776887427.5921028,8.0,1.0,-37.0
1776887427.6021028,11.0,5.0,-40.0
1776887427.6121027,15.0,7.0,-48.0
1776887427.6221027,13.0,8.0,-49.0
1776887427.6321027,8.0,9.0,-44.0
1776887427.6421027,4.0,11.0,-44.0
1776887427.6521027,3.0,4.0,-40.0
1776887427.6621027,2.0,1.0,-42.0
1776887427.6721027,5.0,0.0,-37.0
1776887427.682103,5.0,-2.0,-33.0
1776887427.692103,6.0,-5.0,-34.0
1776887427.702103,9.0,-4.0,-33.0
1776887427.712103,6.0,-4.0,-39.0
1776887427.7221026,4.0,-9.0,-42.0
1776887427.7321026,3.0,-10.0,-42.0
1776887427.7421026,0.0,-8.0,-45.0
1776887427.7521029,0.0,-6.0,-48.0
1776887427.7621028,-3.0,-4.0,-49.0
1776887427.7721028,-1.0,0.0,-46.0
1776887427.7821028,-9.0,-6.0,-43.0
1776887427.7921028,-9.0,-4.0,-33.0
1776887427.8021028,-9.0,-3.0,-26.0
1776887427.8121028,-10.0,-4.0,-23.0
1776887427.8221028,-8.0,-4.0,-26.0
1776887427.8321028,-6.0,-2.0,-33.0
1776887427.8421028,-5.0,0.0,-37.0
1776887427.8521028,-2.0,0.0,-35.0
1776887427.8621027,-3.0,2.0,-34.0
1776887427.8721027,-5.0,1.0,-30.0
1776887427.8821027,0.0,2.0,-27.0
1776887427.8921027,-6.0,2.0,-27.0
1776887427.9021027,-4.0,-2.0,-28.0
1776887427.9121027,-1.0,-5.0,-26.0
1776887427.9231029,0.0,-5.0,-25.0
1776887427.932103,1.0,-3.0,-29.0
1776887427.9431028,4.0,0.0,-27.0
1776887427.9531028,4.0,1.0,-32.0
1776887427.9631028,1.0,5.0,-34.0
1776887427.9731028,0.0,7.0,-27.0
1776887427.9831028,-1.0,3.0,-19.0
1776887427.9931028,0.0,1.0,-28.0
1776887428.0031028,-1.0,0.0,-26.0
1776887428.0131028,-3.0,0.0,-27.0
1776887428.0231028,-2.0,0.0,-23.0
1776887428.0331028,1.0,1.0,-25.0
1776887428.0431027,0.0,0.0,-27.0
1776887428.0531027,1.0,0.0,-23.0
1776887428.0631027,4.0,3.0,-21.0
1776887428.0731027,0.0,1.0,-25.0
1776887428.0831027,0.0,-2.0,-34.0
1776887428.0931027,0.0,-3.0,-28.0
1776887428.1031027,-1.0,-3.0,-27.0
1776887428.113103,0.0,-4.0,-39.0
1776887428.123103,-5.0,1.0,-42.0
1776887428.133103,-2.0,2.0,-40.0
1776887428.1431026,2.0,3.0,-43.0
1776887428.1531026,3.0,0.0,-45.0
1776887428.1631026,-3.0,-3.0,-40.0
1776887428.1731029,-2.0,-3.0,-38.0
1776887428.1831028,-3.0,-2.0,-41.0
1776887428.1931028,-1.0,0.0,-38.0
1776887428.2031028,-3.0,0.0,-41.0
1776887428.2131028,-3.0,2.0,-37.0
1776887428.2231028,-2.0,4.0,-42.0
1776887428.2331028,0.0,4.0,-43.0
1776887428.2431028,0.0,7.0,-38.0
1776887428.2531028,7.0,2.0,-36.0
1776887428.2631028,7.0,0.0,-35.0
1776887428.2731028,5.0,0.0,-31.0
1776887428.2831028,5.0,-1.0,-31.0
1776887428.2931027,0.0,1.0,-30.0
1776887428.3031027,-1.0,4.0,-32.0
1776887428.3131027,0.0,7.0,-38.0
1776887428.3231027,0.0,3.0,-37.0
1776887428.3331027,4.0,2.0,-42.0
1776887428.3431027,1.0,-3.0,-45.0
1776887428.3531027,-2.0,-2.0,-45.0
1776887428.363103,-1.0,-4.0,-41.0
1776887428.373103,2.0,-9.0,-37.0
1776887428.383103,1.0,-8.0,-38.0
1776887428.3931026,1.0,-6.0,-37.0
1776887428.4031026,0.0,-6.0,-40.0
1776887428.4131026,0.0,-6.0,-42.0
1776887428.4231029,-1.0,-3.0,-45.0
1776887428.4331028,0.0,-2.0,-46.0
1776887428.4431028,1.0,-1.0,-44.0
1776887428.4531028,1.0,0.0,-37.0
1776887428.4631028,6.0,-4.0,-35.0
1776887428.4731028,4.0,-2.0,-38.0
1776887428.4831028,0.0,0.0,-33.0
1776887428.4931028,1.0,-2.0,-35.0
1776887428.5031028,-4.0,-1.0,-41.0
1776887428.5131028,-4.0,-1.0,-40.0
1776887428.5231028,-4.0,-3.0,-35.0
1776887428.5331028,-4.0,-3.0,-39.0
1776887428.5431027,-3.0,1.0,-34.0
1776887428.5531027,0.0,1.0,-36.0
1776887428.5631027,2.0,-1.0,-34.0
1776887428.5731027,1.0,0.0,-28.0
1776887428.5831027,0.0,0.0,-31.0
1776887428.5931027,0.0,-3.0,-40.0
1776887428.6031027,1.0,-2.0,-37.0
1776887428.613103,-2.0,-5.0,-38.0
1776887428.623103,-3.0,-6.0,-33.0
1776887428.633103,0.0,0.0,-32.0
1776887428.6431026,5.0,2.0,-30.0
1776887428.6531026,15.0,3.0,-30.0
1776887428.6631026,17.0,5.0,-29.0
1776887428.6731029,13.0,4.0,-33.0
1776887428.6831028,8.0,6.0,-35.0
1776887428.6931028,3.0,5.0,-33.0
1776887428.7031028,0.0,0.0,-44.0
1776887428.7131028,-1.0,-1.0,-43.0
1776887428.7231028,-5.0,-3.0,-42.0
1776887428.7331028,-6.0,-2.0,-41.0
1776887428.7431028,3.0,-2.0,-45.0
1776887428.7531028,0.0,-3.0,-51.0
1776887428.7631028,0.0,-2.0,-47.0
1776887428.7731028,0.0,-2.0,-49.0
1776887428.7831028,0.0,-3.0,-40.0
1776887428.7931027,0.0,-3.0,-34.0
1776887428.8031027,-2.0,-3.0,-39.0
1776887428.8131027,-1.0,0.0,-37.0
1776887428.8231027,0.0,-4.0,-35.0
1776887428.8331027,1.0,-1.0,-38.0
1776887428.8431027,-4.0,-3.0,-38.0
1776887428.8531027,-1.0,-4.0,-34.0
1776887428.863103,-4.0,-2.0,-40.0
1776887428.873103,-4.0,-1.0,-39.0
1776887428.883103,-3.0,-4.0,-43.0
1776887428.8931026,-4.0,-2.0,-38.0
1776887428.9031026,-1.0,-3.0,-40.0
1776887428.9131026,4.0,-5.0,-36.0
1776887428.9231029,5.0,-2.0,-31.0
1776887428.9331028,1.0,-4.0,-24.0
1776887428.9431028,4.0,-1.0,-27.0
1776887428.9531028,2.0,-3.0,-32.0
1776887428.9631028,3.0,3.0,-31.0
1776887428.9731028,3.0,2.0,-42.0
1776887428.9831028,3.0,3.0,-39.0
1776887428.9931028,0.0,6.0,-46.0
1776887429.0031028,-4.0,2.0,-49.0
1776887429.0131028,0.0,2.0,-47.0
1776887429.0231028,-1.0,1.0,-47.0
1776887429.0331028,0.0,-1.0,-47.0
1776887429.0431027,2.0,-1.0,-40.0
1776887429.0531027,4.0,0.0,-36.0
1776887429.0631027,3.0,-2.0,-39.0
1776887429.0731027,3.0,-4.0,-45.0
1776887429.0831027,-4.0,-4.0,-53.0
1776887429.0931027,-7.0,0.0,-55.0
1776887429.1031027,-2.0,0.0,-49.0
1776887429.113103,-1.0,-2.0,-42.0
1776887429.123103,0.0,-6.0,-43.0
1776887429.133103,4.0,-6.0,-43.0
1776887429.1431026,5.0,-6.0,-40.0
1776887429.1531026,4.0,-6.0,-34.0
1776887429.1631026,-1.0,-9.0,-33.0
1776887429.1731029,-4.0,-11.0,-36.0
1776887429.1831028,-4.0,-7.0,-34.0
1776887429.1931028,-5.0,-1.0,-37.0
1776887429.2031028,-3.0,-2.0,-38.0
1776887429.2131028,-5.0,-1.0,-37.0
1776887429.2231028,0.0,-1.0,-35.0
1776887429.2331028,-6.0,2.0,-36.0
1776887429.2431028,-6.0,2.0,-33.0
1776887429.2531028,-3.0,2.0,-34.0
1776887429.2631028,-2.0,0.0,-36.0
1776887429.2731028,-1.0,0.0,-33.0
1776887429.2831028,1.0,9.0,-33.0
1776887429.2931027,1.0,7.0,-34.0
1776887429.3031027,1.0,7.0,-38.0
1776887429.3131027,3.0,5.0,-33.0
1776887429.3231027,2.0,1.0,-28.0
1776887429.3331027,4.0,0.0,-31.0
1776887429.3431027,0.0,-3.0,-28.0
1776887429.3531027,3.0,-4.0,-33.0
1776887429.363103,5.0,-1.0,-41.0
1776887429.373103,-3.0,1.0,-41.0
1776887429.383103,-5.0,1.0,-38.0
1776887429.3931026,-4.0,2.0,-35.0
1776887429.4031026,-3.0,-1.0,-36.0
1776887429.4131026,-5.0,0.0,-34.0
1776887429.4231029,-4.0,3.0,-30.0
1776887429.4331028,-1.0,0.0,-30.0
1776887429.4431028,0.0,0.0,-30.0
1776887429.4531028,0.0,-1.0,-32.0
1776887429.4631028,0.0,-1.0,-32.0
1776887429.4731028,3.0,-1.0,-37.0
1776887429.4831028,3.0,1.0,-39.0
1776887429.4931028,2.0,-1.0,-42.0
1776887429.5031028,4.0,-3.0,-41.0
1776887429.5131028,3.0,-7.0,-40.0
1776887429.5231028,1.0,-4.0,-34.0
1776887429.5331028,0.0,-1.0,-32.0
1776887429.5431027,-1.0,-2.0,-32.0
1776887429.5531027,1.0,-7.0,-37.0
1776887429.5631027,5.0,-9.0,-36.0
1776887429.5731027,5.0,-8.0,-39.0
1776887429.5831027,3.0,-6.0,-39.0
1776887429.5931027,2.0,-3.0,-38.0
1776887429.6031027,6.0,1.0,-40.0
1776887429.613103,8.0,0.0,-36.0
1776887429.623103,9.0,-1.0,-36.0
1776887429.633103,6.0,0.0,-34.0
1776887429.6431026,5.0,1.0,-37.0
1776887429.6531026,1.0,3.0,-38.0
1776887429.6631026,3.0,5.0,-36.0
1776887429.6731029,0.0,2.0,-35.0
1776887429.6831028,-1.0,0.0,-38.0
1776887429.6931028,0.0,0.0,-43.0
1776887429.7031028,5.0,0.0,-39.0
1776887429.7131028,3.0,0.0,-43.0
1776887429.7231028,1.0,2.0,-42.0
1776887429.7331028,1.0,5.0,-36.0
1776887429.7431028,2.0,4.0,-36.0
1776887429.7531028,5.0,2.0,-39.0
1776887429.7631028,0.0,7.0,-44.0
1776887429.7731028,-4.0,7.0,-37.0
1776887429.7831028,-3.0,8.0,-29.0
1776887429.7931027,-4.0,7.0,-33.0
1776887429.8031027,-7.0,1.0,-32.0
1776887429.8131027,-10.0,6.0,-36.0
1776887429.8231027,-9.0,4.0,-30.0
1776887429.8331027,-6.0,3.0,-30.0
1776887429.8431027,-2.0,4.0,-34.0
1776887429.8531027,0.0,3.0,-32.0
1776887429.863103,3.0,1.0,-37.0
1776887429.873103,0.0,-1.0,-32.0
1776887429.883103,0.0,-1.0,-35.0
1776887429.8931026,0.0,0.0,-29.0
1776887429.9031026,3.0,0.0,-29.0
1776887429.9141028,0.0,1.0,-27.0
1776887429.9241028,1.0,2.0,-28.0
1776887429.9341028,0.0,5.0,-35.0
1776887429.9441028,0.0,3.0,-34.0
1776887429.9541028,-6.0,4.0,-34.0
1776887429.9641027,-5.0,2.0,-27.0
1776887429.9741027,-7.0,2.0,-35.0
1776887429.9841027,-6.0,1.0,-38.0
1776887429.9941027,-5.0,-4.0,-41.0
1776887430.0041027,-1.0,-3.0,-52.0
1776887430.0141027,-1.0,-1.0,-47.0
1776887430.0241027,0.0,0.0,-41.0
1776887430.034103,1.0,1.0,-40.0
1776887430.044103,1.0,0.0,-41.0
1776887430.054103,1.0,3.0,-36.0
1776887430.0641026,1.0,6.0,-33.0
1776887430.0741026,0.0,3.0,-35.0
1776887430.0841026,1.0,2.0,-36.0
1776887430.0941026,0.0,4.0,-37.0
1776887430.1041028,0.0,1.0,-32.0
1776887430.1141028,-1.0,1.0,-28.0
1776887430.1241028,-2.0,1.0,-28.0
1776887430.1341028,-3.0,-2.0,-26.0
1776887430.1441028,0.0,-2.0,-24.0
1776887430.1541028,2.0,-6.0,-21.0
1776887430.1641028,0.0,-3.0,-26.0
1776887430.1741028,-3.0,-1.0,-27.0
1776887430.1841028,-1.0,0.0,-23.0
1776887430.1941028,4.0,-3.0,-26.0
1776887430.2041028,4.0,-2.0,-28.0
1776887430.2141027,4.0,0.0,-25.0
1776887430.2241027,3.0,-2.0,-30.0
1776887430.2341027,0.0,-5.0,-29.0
1776887430.2441027,0.0,-3.0,-24.0
1776887430.2541027,-2.0,-2.0,-26.0
1776887430.2641027,1.0,-2.0,-20.0
1776887430.2741027,-2.0,2.0,-22.0
1776887430.284103,0.0,4.0,-26.0
1776887430.294103,4.0,3.0,-31.0
1776887430.304103,-3.0,0.0,-34.0
1776887430.3141026,-3.0,-2.0,-38.0
1776887430.3241026,-6.0,0.0,-35.0
1776887430.3341026,-9.0,-3.0,-31.0
1776887430.3441026,-8.0,0.0,-33.0
1776887430.3541028,-4.0,1.0,-31.0
1776887430.3641028,-1.0,-1.0,-27.0
1776887430.3741028,1.0,0.0,-35.0
1776887430.3841028,4.0,-1.0,-43.0
1776887430.3941028,5.0,-1.0,-44.0
1776887430.4041028,6.0,-5.0,-49.0
1776887430.4141028,0.0,-5.0,-44.0
1776887430.4241028,0.0,-4.0,-39.0
1776887430.4341028,-1.0,-4.0,-38.0
1776887430.4441028,-1.0,-4.0,-35.0
1776887430.4541028,3.0,-2.0,-34.0
1776887430.4641027,2.0,0.0,-30.0
1776887430.4741027,2.0,-3.0,-31.0
1776887430.4841027,3.0,-3.0,-31.0
1776887430.4941027,3.0,-3.0,-35.0
1776887430.5041027,4.0,1.0,-38.0
1776887430.5141027,-2.0,2.0,-39.0
1776887430.5241027,-5.0,0.0,-44.0
1776887430.534103,-7.0,-1.0,-44.0
1776887430.544103,-2.0,-2.0,-51.0
1776887430.554103,-1.0,-5.0,-49.0
1776887430.5641026,3.0,-5.0,-48.0
1776887430.5741026,4.0,-7.0,-44.0
1776887430.5841026,5.0,-11.0,-43.0
1776887430.5941026,7.0,-8.0,-52.0
1776887430.6041028,0.0,-7.0,-41.0
1776887430.6141028,4.0,0.0,-41.0
1776887430.6241028,3.0,1.0,-46.0
1776887430.6341028,0.0,3.0,-42.0
1776887430.6441028,-3.0,0.0,-41.0
1776887430.6541028,-5.0,0.0,-43.0
1776887430.6641028,-7.0,-2.0,-42.0
1776887430.6741028,-4.0,-1.0,-34.0
1776887430.6841028,-1.0,-7.0,-33.0
1776887430.6941028,-1.0,-9.0,-33.0
1776887430.7041028,0.0,-7.0,-29.0
1776887430.7141027,6.0,-8.0,-25.0
1776887430.7241027,8.0,-5.0,-22.0
1776887430.7341027,5.0,-2.0,-27.0
1776887430.7441027,2.0,-3.0,-25.0
1776887430.7541027,0.0,0.0,-27.0
1776887430.7641027,-3.0,1.0,-28.0
1776887430.7741027,-3.0,-1.0,-28.0
1776887430.784103,0.0,0.0,-24.0
1776887430.794103,-4.0,0.0,-26.0
1776887430.804103,-2.0,-2.0,-31.0
1776887430.8141026,0.0,-4.0,-35.0
1776887430.8241026,0.0,-4.0,-34.0
1776887430.8341026,0.0,-3.0,-33.0
1776887430.8441026,0.0,-1.0,-37.0
1776887430.8541028,2.0,-6.0,-35.0
1776887430.8641028,9.0,-8.0,-29.0
1776887430.8741028,12.0,-7.0,-27.0
1776887430.8841028,8.0,-9.0,-25.0
1776887430.8941028,5.0,-11.0,-27.0
1776887430.9041028,2.0,-8.0,-29.0
1776887430.9141028,6.0,-5.0,-31.0
1776887430.9241028,4.0,-3.0,-33.0
1776887430.9341028,4.0,-2.0,-41.0
1776887430.9441028,3.0,0.0,-39.0
1776887430.9541028,5.0,-1.0,-35.0
1776887430.9641027,5.0,-2.0,-37.0
1776887430.9741027,4.0,-3.0,-37.0
1776887430.9841027,3.0,3.0,-38.0
1776887430.9941027,6.0,0.0,-38.0
1776887431.0041027,2.0,-1.0,-48.0
1776887431.0141027,5.0,0.0,-49.0
1776887431.0241027,4.0,0.0,-43.0
1776887431.034103,4.0,0.0,-40.0
1776887431.044103,6.0,0.0,-37.0
1776887431.054103,5.0,2.0,-40.0
1776887431.0641026,2.0,0.0,-40.0
1776887431.0741026,2.0,0.0,-33.0
1776887431.0841026,0.0,0.0,-35.0
1776887431.0941026,-6.0,2.0,-33.0
1776887431.1041028,-3.0,3.0,-31.0
1776887431.1141028,-1.0,4.0,-33.0
1776887431.1241028,-3.0,0.0,-38.0
1776887431.1341028,-1.0,0.0,-33.0
1776887431.1441028,-3.0,0.0,-32.0
1776887431.1541028,-5.0,0.0,-29.0
1776887431.1641028,-5.0,2.0,-39.0
1776887431.1741028,-11.0,1.0,-43.0
1776887431.1841028,-6.0,1.0,-44.0
1776887431.1941028,-2.0,5.0,-44.0
1776887431.2041028,0.0,3.0,-45.0
1776887431.2141027,3.0,3.0,-46.0
1776887431.2241027,4.0,0.0,-44.0
1776887431.2341027,4.0,-2.0,-45.0
1776887431.2441027,4.0,3.0,-41.0
1776887431.2541027,4.0,2.0,-47.0
1776887431.2641027,-2.0,2.0,-47.0
1776887431.2741027,0.0,1.0,-41.0
1776887431.284103,1.0,0.0,-44.0
1776887431.294103,2.0,-5.0,-45.0
1776887431.304103,6.0,-8.0,-48.0
1776887431.3141026,3.0,-2.0,-48.0
1776887431.3241026,4.0,0.0,-49.0
1776887431.3341026,5.0,0.0,-47.0
1776887431.3441026,3.0,0.0,-42.0
1776887431.3541028,4.0,3.0,-39.0
1776887431.3641028,4.0,3.0,-42.0
1776887431.3741028,2.0,3.0,-38.0
1776887431.3841028,-1.0,0.0,-37.0
1776887431.3941028,-4.0,0.0,-38.0
1776887431.4041028,-5.0,0.0,-37.0
1776887431.4141028,-7.0,0.0,-44.0
1776887431.4241028,-9.0,-1.0,-42.0
1776887431.4341028,-4.0,-2.0,-40.0
1776887431.4441028,-4.0,-1.0,-41.0
1776887431.4541028,-1.0,0.0,-32.0
1776887431.4641027,0.0,3.0,-32.0
1776887431.4741027,0.0,1.0,-33.0
1776887431.4841027,-1.0,-2.0,-33.0
1776887431.4941027,-4.0,0.0,-36.0
1776887431.5041027,-3.0,0.0,-35.0
1776887431.5141027,-3.0,0.0,-37.0
1776887431.5241027,-6.0,0.0,-31.0
1776887431.534103,-5.0,0.0,-33.0
1776887431.544103,-5.0,-1.0,-30.0
1776887431.554103,-6.0,0.0,-29.0
1776887431.5641026,-4.0,1.0,-36.0
1776887431.5741026,-1.0,-1.0,-37.0
1776887431.5841026,-6.0,2.0,-40.0
1776887431.5941026,-3.0,0.0,-33.0
1776887431.6041028,-1.0,-1.0,-32.0
1776887431.6141028,1.0,-2.0,-36.0
1776887431.6241028,2.0,-1.0,-33.0
1776887431.6341028,0.0,0.0,-36.0
1776887431.6441028,2.0,1.0,-33.0
1776887431.6541028,5.0,0.0,-36.0
1776887431.6641028,6.0,0.0,-33.0
1776887431.6741028,4.0,1.0,-35.0
1776887431.6841028,7.0,0.0,-38.0
1776887431.6941028,10.0,-2.0,-38.0
1776887431.7041028,9.0,0.0,-34.0
1776887431.7141027,9.0,-3.0,-44.0
1776887431.7241027,6.0,0.0,-44.0
1776887431.7341027,3.0,2.0,-48.0
1776887431.7441027,4.0,-2.0,-50.0
1776887431.7541027,0.0,0.0,-51.0
1776887431.7641027,1.0,2.0,-55.0
1776887431.7741027,2.0,3.0,-49.0
1776887431.784103,2.0,1.0,-45.0
1776887431.794103,4.0,0.0,-44.0
1776887431.804103,3.0,-2.0,-43.0
1776887431.8141026,1.0,-4.0,-39.0
1776887431.8241026,-1.0,-2.0,-33.0
1776887431.8341026,-4.0,-1.0,-28.0
1776887431.8441026,-6.0,-1.0,-24.0
1776887431.8541028,-5.0,-1.0,-27.0
1776887431.8641028,-1.0,-5.0,-34.0
1776887431.8741028,3.0,-8.0,-41.0
1776887431.8841028,6.0,-4.0,-40.0
1776887431.8941028,5.0,-4.0,-38.0
1776887431.9051027,6.0,-4.0,-38.0
1776887431.9141028,3.0,-5.0,-34.0
1776887431.9251027,0.0,-2.0,-32.0
1776887431.9351027,0.0,-4.0,-29.0
1776887431.9451027,0.0,-3.0,-36.0
1776887431.9551027,-1.0,-3.0,-40.0
1776887431.965103,-3.0,-3.0,-42.0
1776887431.975103,-2.0,-1.0,-38.0
1776887431.985103,-5.0,-3.0,-39.0
1776887431.9951026,-4.0,0.0,-38.0
1776887432.0051026,-2.0,3.0,-36.0
1776887432.0151026,-4.0,1.0,-31.0
1776887432.0251029,-4.0,-2.0,-36.0
1776887432.0351028,-3.0,-3.0,-37.0
1776887432.0451028,-5.0,-5.0,-34.0
1776887432.0551028,0.0,-2.0,-31.0
1776887432.0651028,-1.0,-3.0,-33.0
1776887432.0751028,0.0,0.0,-30.0
1776887432.0851028,1.0,0.0,-31.0
1776887432.0951028,1.0,-3.0,-33.0
1776887432.1051028,-1.0,-2.0,-35.0
1776887432.1151028,1.0,0.0,-36.0
1776887432.1251028,-3.0,-2.0,-39.0
1776887432.1351027,-5.0,0.0,-48.0
1776887432.1451027,-6.0,0.0,-43.0
1776887432.1551027,-6.0,-2.0,-39.0
1776887432.1651027,-10.0,1.0,-36.0
1776887432.1751027,-11.0,-1.0,-31.0
1776887432.1851027,-5.0,0.0,-38.0
1776887432.1951027,-4.0,-2.0,-46.0
1776887432.2051027,0.0,0.0,-48.0
1776887432.215103,0.0,1.0,-41.0
1776887432.225103,1.0,1.0,-38.0
1776887432.235103,3.0,0.0,-37.0
1776887432.2451026,3.0,1.0,-45.0
1776887432.2551026,0.0,1.0,-37.0
1776887432.2651026,1.0,-1.0,-41.0
1776887432.2751029,-1.0,-4.0,-40.0
1776887432.2851028,-1.0,-7.0,-35.0
1776887432.2951028,-3.0,-6.0,-34.0
1776887432.3051028,-2.0,-3.0,-36.0
1776887432.3151028,-4.0,-1.0,-35.0
1776887432.3251028,0.0,-3.0,-40.0
1776887432.3351028,0.0,1.0,-44.0
1776887432.3451028,-1.0,5.0,-41.0
1776887432.3551028,-1.0,6.0,-39.0
1776887432.3651028,-3.0,9.0,-39.0
1776887432.3751028,-4.0,4.0,-42.0
1776887432.3851027,-1.0,4.0,-44.0
1776887432.3951027,0.0,1.0,-44.0
1776887432.4051027,1.0,2.0,-45.0
1776887432.4151027,1.0,3.0,-41.0
1776887432.4251027,6.0,2.0,-44.0
1776887432.4351027,9.0,5.0,-42.0
1776887432.4451027,6.0,5.0,-44.0
1776887432.4551027,3.0,7.0,-46.0
1776887432.465103,3.0,5.0,-42.0
1776887432.475103,0.0,5.0,-43.0
1776887432.485103,0.0,0.0,-45.0
1776887432.4951026,2.0,1.0,-47.0
1776887432.5051026,0.0,0.0,-44.0
1776887432.5151026,0.0,0.0,-39.0
1776887432.5251029,-1.0,0.0,-41.0
1776887432.5351028,-2.0,0.0,-41.0
1776887432.5451028,0.0,-1.0,-39.0
1776887432.5551028,-1.0,-1.0,-36.0
1776887432.5651028,0.0,-6.0,-30.0
1776887432.5751028,0.0,-6.0,-31.0
1776887432.5851028,-3.0,-1.0,-31.0
1776887432.5951028,-2.0,-1.0,-34.0
1776887432.6051028,1.0,-3.0,-33.0
1776887432.6151028,0.0,-2.0,-27.0
1776887432.6251028,-2.0,-1.0,-27.0
1776887432.6351027,-2.0,0.0,-27.0
1776887432.6451027,-2.0,1.0,-31.0
1776887432.6551027,-3.0,3.0,-33.0
1776887432.6651027,-4.0,2.0,-36.0
1776887432.6751027,-4.0,-1.0,-46.0
1776887432.6851027,-5.0,0.0,-43.0
1776887432.6951027,-4.0,0.0,-40.0
1776887432.7051027,-6.0,1.0,-39.0
1776887432.715103,-2.0,5.0,-42.0
1776887432.725103,-3.0,6.0,-41.0
1776887432.735103,-2.0,4.0,-41.0
1776887432.7451026,-4.0,2.0,-39.0
1776887432.7551026,-6.0,0.0,-37.0
1776887432.7651026,-4.0,2.0,-40.0
1776887432.7751029,0.0,3.0,-36.0
1776887432.7851028,0.0,5.0,-39.0
1776887432.7951028,0.0,0.0,-34.0
1776887432.8051028,1.0,-2.0,-34.0
1776887432.8151028,2.0,-6.0,-37.0
1776887432.8251028,-1.0,-7.0,-41.0
1776887432.8351028,-7.0,-5.0,-45.0
1776887432.8451028,-5.0,-5.0,-45.0
1776887432.8551028,-6.0,-7.0,-44.0
1776887432.8651028,0.0,-1.0,-48.0
1776887432.8751028,-1.0,0.0,-46.0
1776887432.8851027,-1.0,-3.0,-50.0
1776887432.8951027,-1.0,0.0,-52.0
1776887432.9051027,2.0,3.0,-44.0
1776887432.9151027,1.0,1.0,-39.0
1776887432.9251027,3.0,-1.0,-31.0
1776887432.9351027,2.0,-2.0,-34.0
1776887432.9451027,9.0,-3.0,-39.0
1776887432.9551027,8.0,-7.0,-43.0
1776887432.965103,5.0,-5.0,-38.0
1776887432.975103,8.0,-6.0,-33.0
1776887432.985103,1.0,-7.0,-36.0
1776887432.9951026,4.0,0.0,-43.0
1776887433.0051026,4.0,-2.0,-38.0
1776887433.0151026,7.0,0.0,-43.0
1776887433.0251029,5.0,-1.0,-40.0
1776887433.0351028,5.0,-1.0,-39.0
1776887433.0451028,2.0,0.0,-41.0
1776887433.0551028,0.0,6.0,-44.0
1776887433.0651028,-2.0,4.0,-47.0
1776887433.0751028,-5.0,1.0,-46.0
1776887433.0851028,-2.0,2.0,-43.0
1776887433.0951028,-1.0,1.0,-45.0
1776887433.1051028,-1.0,0.0,-47.0
1776887433.1151028,0.0,7.0,-44.0
1776887433.1251028,2.0,3.0,-40.0
1776887433.1351027,3.0,0.0,-38.0
1776887433.1451027,4.0,2.0,-30.0
1776887433.1551027,4.0,1.0,-31.0
1776887433.1651027,7.0,2.0,-29.0
1776887433.1751027,6.0,5.0,-30.0
1776887433.1851027,6.0,6.0,-33.0
1776887433.1951027,6.0,6.0,-34.0
1776887433.2051027,3.0,8.0,-34.0
1776887433.215103,1.0,4.0,-28.0
1776887433.225103,0.0,0.0,-31.0
1776887433.235103,2.0,0.0,-29.0
1776887433.2451026,6.0,1.0,-30.0
1776887433.2551026,6.0,0.0,-31.0
1776887433.2651026,5.0,0.0,-31.0
1776887433.2751029,6.0,-4.0,-38.0
1776887433.2851028,8.0,-5.0,-33.0
1776887433.2951028,13.0,-9.0,-30.0
1776887433.3051028,12.0,-7.0,-28.0
1776887433.3151028,8.0,-3.0,-29.0
1776887433.3251028,6.0,-6.0,-30.0
1776887433.3351028,5.0,-8.0,-31.0
1776887433.3451028,2.0,-5.0,-39.0
1776887433.3551028,-2.0,-5.0,-42.0
1776887433.3651028,-3.0,-6.0,-44.0
1776887433.3751028,-1.0,-3.0,-45.0
1776887433.3851027,1.0,-4.0,-37.0
1776887433.3951027,3.0,-4.0,-36.0
1776887433.4051027,4.0,-2.0,-31.0
1776887433.4151027,4.0,-4.0,-27.0
1776887433.4251027,6.0,-1.0,-28.0
1776887433.4351027,1.0,0.0,-29.0
1776887433.4451027,-5.0,-3.0,-28.0
1776887433.4551027,-2.0,-4.0,-37.0
1776887433.465103,0.0,-5.0,-34.0
1776887433.475103,0.0,-1.0,-44.0
1776887433.485103,0.0,6.0,-49.0
1776887433.4951026,2.0,11.0,-35.0
1776887433.5051026,1.0,12.0,-42.0
1776887433.5151026,0.0,9.0,-39.0
1776887433.5251029,-3.0,9.0,-37.0
1776887433.5351028,-4.0,6.0,-36.0
1776887433.5451028,-1.0,1.0,-28.0
1776887433.5551028,-2.0,2.0,-27.0
1776887433.5651028,-4.0,-1.0,-33.0
1776887433.5751028,-5.0,-1.0,-29.0
1776887433.5851028,-6.0,-1.0,-33.0
1776887433.5951028,-6.0,-1.0,-33.0
1776887433.6051028,-6.0,-1.0,-26.0
1776887433.6151028,-4.0,0.0,-25.0
1776887433.6251028,-3.0,0.0,-27.0
1776887433.6351027,-2.0,0.0,-27.0
1776887433.6451027,-1.0,0.0,-32.0
1776887433.6551027,0.0,-3.0,-36.0
1776887433.6651027,0.0,-1.0,-34.0
1776887433.6751027,2.0,2.0,-37.0
1776887433.6851027,4.0,0.0,-36.0
1776887433.6951027,4.0,-3.0,-30.0
1776887433.7051027,6.0,-5.0,-28.0
1776887433.715103,2.0,-1.0,-36.0
1776887433.725103,0.0,-3.0,-37.0
1776887433.735103,2.0,-1.0,-37.0
1776887433.7451026,0.0,-1.0,-32.0
1776887433.7551026,-2.0,-5.0,-28.0
1776887433.7651026,2.0,-9.0,-25.0
1776887433.7751029,4.0,-9.0,-29.0
1776887433.7851028,0.0,-8.0,-26.0
1776887433.7951028,-2.0,-2.0,-24.0
1776887433.8051028,-4.0,-1.0,-27.0
1776887433.8151028,0.0,-4.0,-34.0
1776887433.8251028,4.0,1.0,-39.0
1776887433.8351028,2.0,2.0,-40.0
1776887433.8451028,2.0,-2.0,-44.0
1776887433.8551028,5.0,0.0,-48.0
1776887433.8651028,4.0,-3.0,-44.0
1776887433.8751028,0.0,-5.0,-35.0
1776887433.8851027,0.0,-7.0,-25.0
1776887433.8951027,0.0,-7.0,-29.0
1776887433.9051027,1.0,-5.0,-31.0
1776887433.9161026,1.0,-1.0,-31.0
1776887433.9251027,0.0,-2.0,-35.0
1776887433.9351027,4.0,4.0,-40.0
1776887433.9451027,7.0,6.0,-35.0
1776887433.9561028,8.0,0.0,-29.0
1776887433.9661028,10.0,4.0,-30.0
1776887433.9761028,0.0,4.0,-31.0
1776887433.9861028,-1.0,2.0,-32.0
1776887433.9961028,1.0,0.0,-37.0
1776887434.0061028,1.0,0.0,-40.0
1776887434.0161028,0.0,0.0,-41.0
1776887434.0261028,0.0,-1.0,-42.0
1776887434.0361028,7.0,-1.0,-40.0
1776887434.0461028,4.0,-1.0,-39.0
1776887434.0561028,2.0,1.0,-39.0
1776887434.0661027,5.0,5.0,-39.0
1776887434.0761027,5.0,2.0,-42.0
1776887434.0861027,2.0,4.0,-41.0
1776887434.0961027,1.0,8.0,-47.0
1776887434.1061027,0.0,5.0,-47.0
1776887434.1161027,3.0,5.0,-43.0
1776887434.1261027,0.0,-1.0,-36.0
1776887434.136103,5.0,0.0,-39.0
1776887434.146103,3.0,0.0,-31.0
1776887434.156103,1.0,2.0,-39.0
1776887434.1661026,3.0,3.0,-45.0
1776887434.1761026,2.0,4.0,-45.0
1776887434.1861026,1.0,4.0,-43.0
1776887434.1961029,7.0,1.0,-41.0
1776887434.2061028,3.0,-7.0,-43.0
1776887434.2161028,2.0,-7.0,-42.0
1776887434.2261028,1.0,-9.0,-45.0
1776887434.2361028,-4.0,-12.0,-44.0
1776887434.2461028,-5.0,-7.0,-47.0
1776887434.2561028,0.0,-5.0,-50.0
1776887434.2661028,-2.0,-3.0,-49.0
1776887434.2761028,0.0,-2.0,-47.0
1776887434.2861028,2.0,-1.0,-41.0
1776887434.2961028,0.0,-3.0,-43.0
1776887434.3061028,3.0,-7.0,-42.0
1776887434.3161027,5.0,-5.0,-41.0
1776887434.3261027,7.0,-2.0,-39.0
1776887434.3361027,2.0,-3.0,-36.0
1776887434.3461027,1.0,0.0,-35.0
1776887434.3561027,4.0,-3.0,-33.0
1776887434.3661027,4.0,0.0,-31.0
1776887434.3761027,4.0,0.0,-31.0
1776887434.386103,2.0,3.0,-37.0
1776887434.396103,1.0,-1.0,-38.0
1776887434.406103,1.0,-6.0,-33.0
1776887434.4161026,4.0,-1.0,-31.0
1776887434.4261026,5.0,0.0,-36.0
1776887434.4361026,3.0,4.0,-45.0
1776887434.4461029,3.0,5.0,-46.0
1776887434.4561028,5.0,5.0,-46.0
1776887434.4661028,7.0,11.0,-45.0
1776887434.4761028,4.0,13.0,-44.0
1776887434.4861028,0.0,14.0,-38.0
1776887434.4961028,-3.0,9.0,-38.0
1776887434.5061028,-3.0,6.0,-39.0
1776887434.5161028,-4.0,4.0,-40.0
1776887434.5261028,-4.0,-1.0,-37.0
1776887434.5361028,-4.0,-1.0,-37.0
1776887434.5461028,-4.0,0.0,-38.0
1776887434.5561028,-5.0,2.0,-40.0
1776887434.5661027,-2.0,1.0,-31.0
1776887434.5761027,-2.0,4.0,-32.0
1776887434.5861027,0.0,2.0,-32.0
1776887434.5961027,0.0,0.0,-38.0
1776887434.6061027,-5.0,-4.0,-42.0
1776887434.6161027,-3.0,-2.0,-38.0
1776887434.6261027,-3.0,-4.0,-44.0
1776887434.636103,-3.0,-3.0,-47.0
1776887434.646103,-1.0,-4.0,-47.0
1776887434.656103,2.0,-4.0,-43.0
1776887434.6661026,6.0,-4.0,-47.0
1776887434.6761026,4.0,-5.0,-37.0
1776887434.6861026,4.0,-3.0,-31.0
1776887434.6961029,5.0,-2.0,-38.0
1776887434.7061028,2.0,0.0,-42.0
1776887434.7161028,-6.0,0.0,-47.0
1776887434.7261028,0.0,-5.0,-50.0
1776887434.7361028,0.0,-5.0,-42.0
1776887434.7461028,0.0,-7.0,-40.0
1776887434.7561028,1.0,-6.0,-40.0
1776887434.7661028,3.0,-4.0,-37.0
1776887434.7761028,1.0,-5.0,-35.0
1776887434.7861028,1.0,-10.0,-34.0
1776887434.7961028,0.0,-11.0,-35.0
1776887434.8061028,0.0,-10.0,-34.0
1776887434.8161027,2.0,-9.0,-30.0
1776887434.8261027,5.0,-10.0,-30.0
1776887434.8361027,2.0,-9.0,-33.0
1776887434.8461027,1.0,-9.0,-35.0
1776887434.8561027,1.0,-9.0,-31.0
1776887434.8661027,-3.0,-11.0,-30.0
1776887434.8761027,-8.0,-6.0,-29.0
1776887434.886103,-4.0,-5.0,-34.0
1776887434.896103,-2.0,-1.0,-33.0
1776887434.906103,-5.0,0.0,-32.0
1776887434.9161026,-3.0,1.0,-30.0
1776887434.9261026,-5.0,-4.0,-32.0
1776887434.9361026,-6.0,-6.0,-34.0
1776887434.9461029,-5.0,-6.0,-29.0
1776887434.9561028,-4.0,-3.0,-33.0
1776887434.9661028,0.0,-4.0,-38.0
1776887434.9761028,2.0,-2.0,-38.0
1776887434.9861028,-1.0,-2.0,-46.0
1776887434.9961028,-6.0,0.0,-48.0
1776887435.0061028,-7.0,-3.0,-44.0
1776887435.0161028,-7.0,-6.0,-43.0
1776887435.0261028,-5.0,-4.0,-44.0
1776887435.0361028,-6.0,-3.0,-44.0
1776887435.0461028,-1.0,0.0,-38.0
1776887435.0561028,-5.0,1.0,-43.0
1776887435.0661027,-3.0,-2.0,-43.0
1776887435.0761027,1.0,-4.0,-43.0
1776887435.0861027,0.0,-4.0,-35.0
1776887435.0961027,-5.0,-1.0,-33.0
1776887435.1061027,-6.0,0.0,-32.0
1776887435.1161027,-7.0,-3.0,-29.0
1776887435.1261027,-8.0,-2.0,-28.0
1776887435.136103,-7.0,0.0,-33.0
1776887435.146103,-4.0,1.0,-30.0
1776887435.156103,-5.0,2.0,-31.0
1776887435.1661026,-3.0,-4.0,-32.0
1776887435.1761026,0.0,-4.0,-29.0
1776887435.1861026,3.0,-3.0,-31.0
1776887435.1961029,5.0,-4.0,-35.0
1776887435.2061028,6.0,-5.0,-36.0
1776887435.2161028,3.0,-2.0,-35.0
1776887435.2261028,0.0,-1.0,-37.0
1776887435.2361028,-6.0,1.0,-33.0
1776887435.2461028,-3.0,-1.0,-33.0
1776887435.2561028,-1.0,-3.0,-31.0
1776887435.2661028,-5.0,-2.0,-30.0
1776887435.2761028,-4.0,-6.0,-40.0
1776887435.2861028,-1.0,-2.0,-43.0
1776887435.2961028,4.0,1.0,-48.0
1776887435.3061028,6.0,-1.0,-53.0
1776887435.3161027,5.0,2.0,-46.0
1776887435.3261027,6.0,0.0,-46.0
1776887435.3361027,8.0,0.0,-45.0
1776887435.3461027,7.0,0.0,-41.0
1776887435.3561027,5.0,0.0,-38.0
1776887435.3661027,0.0,1.0,-37.0
1776887435.3761027,3.0,0.0,-36.0
1776887435.386103,3.0,-1.0,-32.0
1776887435.396103,1.0,-2.0,-34.0
1776887435.406103,7.0,-1.0,-38.0
1776887435.4161026,11.0,-3.0,-41.0
1776887435.4271028,13.0,-6.0,-42.0
1776887435.4361026,12.0,-5.0,-31.0
1776887435.4461029,10.0,-5.0,-24.0
1776887435.4561028,10.0,-2.0,-26.0
1776887435.4661028,8.0,0.0,-29.0
1776887435.4761028,8.0,0.0,-32.0
1776887435.4861028,8.0,-2.0,-38.0
1776887435.4961028,9.0,-7.0,-45.0
1776887435.5061028,15.0,-6.0,-42.0
1776887435.5161028,13.0,-4.0,-40.0
1776887435.5261028,7.0,-2.0,-33.0
1776887435.5361028,0.0,-4.0,-27.0
1776887435.5461028,-1.0,-4.0,-37.0
1776887435.5561028,0.0,-2.0,-39.0
1776887435.5661027,-1.0,0.0,-38.0
1776887435.5761027,-3.0,-2.0,-35.0
1776887435.5861027,-3.0,0.0,-36.0
1776887435.5961027,-2.0,1.0,-32.0
1776887435.6061027,0.0,4.0,-33.0
1776887435.6161027,2.0,1.0,-34.0
1776887435.6261027,0.0,-1.0,-38.0
1776887435.636103,-1.0,-3.0,-40.0
1776887435.646103,1.0,-2.0,-36.0
1776887435.656103,8.0,-1.0,-34.0
1776887435.6661026,8.0,4.0,-32.0
1776887435.6761026,7.0,5.0,-35.0
1776887435.6861026,7.0,4.0,-48.0
1776887435.6961029,2.0,1.0,-43.0
1776887435.7061028,5.0,1.0,-38.0
1776887435.7161028,5.0,5.0,-36.0
1776887435.7261028,1.0,2.0,-32.0
1776887435.7361028,2.0,0.0,-28.0
1776887435.7461028,1.0,0.0,-22.0
1776887435.7561028,2.0,2.0,-25.0
1776887435.7661028,-3.0,8.0,-25.0
1776887435.7761028,-7.0,5.0,-29.0
1776887435.7861028,-6.0,2.0,-28.0
1776887435.7961028,-7.0,5.0,-29.0
1776887435.8061028,-2.0,1.0,-31.0
1776887435.8161027,2.0,4.0,-34.0
1776887435.8261027,2.0,5.0,-34.0
1776887435.8361027,2.0,4.0,-27.0
1776887435.8461027,1.0,8.0,-32.0
1776887435.8561027,1.0,7.0,-33.0
1776887435.8661027,-3.0,4.0,-35.0
1776887435.8761027,-3.0,4.0,-34.0
1776887435.886103,-2.0,1.0,-31.0
1776887435.896103,2.0,0.0,-34.0
1776887435.906103,3.0,-6.0,-38.0
1776887435.9161026,5.0,-7.0,-44.0
1776887435.9271028,5.0,-11.0,-41.0
1776887435.9361026,2.0,-11.0,-43.0
1776887435.9471028,1.0,-9.0,-36.0
1776887435.9571028,-1.0,-5.0,-29.0
1776887435.9661028,-8.0,-6.0,-21.0
1776887435.9761028,-4.0,-1.0,-26.0
1776887435.9871027,-4.0,-1.0,-30.0
1776887435.9971027,-6.0,0.0,-36.0
1776887436.0071027,-3.0,1.0,-36.0
1776887436.0171027,0.0,2.0,-38.0
1776887436.0271027,0.0,3.0,-37.0
1776887436.0371027,0.0,2.0,-37.0
1776887436.0471027,0.0,4.0,-38.0
1776887436.057103,1.0,4.0,-33.0
1776887436.067103,1.0,1.0,-46.0
1776887436.077103,3.0,1.0,-48.0
1776887436.087103,4.0,4.0,-54.0
1776887436.0971026,7.0,5.0,-51.0
1776887436.1071026,9.0,7.0,-42.0
1776887436.1171026,6.0,8.0,-39.0
1776887436.1271029,1.0,10.0,-36.0
1776887436.1371028,0.0,6.0,-39.0
1776887436.1471028,2.0,7.0,-39.0
1776887436.1571028,2.0,6.0,-50.0
1776887436.1671028,0.0,4.0,-46.0
1776887436.1771028,2.0,0.0,-49.0
1776887436.1871028,-1.0,-1.0,-48.0
1776887436.1971028,-1.0,2.0,-48.0
1776887436.2071028,0.0,0.0,-47.0
1776887436.2171028,3.0,-5.0,-47.0
1776887436.2271028,-1.0,0.0,-43.0
1776887436.2371027,-3.0,-2.0,-38.0
1776887436.2471027,-4.0,-1.0,-32.0
1776887436.2571027,0.0,-1.0,-34.0
1776887436.2671027,3.0,0.0,-34.0
1776887436.2771027,1.0,3.0,-42.0
1776887436.2871027,2.0,3.0,-48.0
1776887436.2971027,6.0,3.0,-49.0
1776887436.307103,11.0,5.0,-51.0
1776887436.317103,8.0,5.0,-46.0
1776887436.327103,9.0,3.0,-46.0
1776887436.337103,7.0,5.0,-33.0
1776887436.3471026,5.0,5.0,-32.0
1776887436.3571026,6.0,3.0,-32.0
1776887436.3671026,5.0,1.0,-34.0
1776887436.3771029,4.0,0.0,-32.0
1776887436.3871028,1.0,0.0,-40.0
1776887436.3971028,0.0,0.0,-40.0
1776887436.4071028,-3.0,1.0,-42.0
1776887436.4171028,2.0,4.0,-42.0
1776887436.4271028,1.0,1.0,-35.0
1776887436.4371028,1.0,-1.0,-37.0
1776887436.4471028,7.0,-1.0,-38.0
1776887436.4571028,7.0,-4.0,-33.0
1776887436.4671028,1.0,-7.0,-37.0
1776887436.4771028,6.0,-5.0,-40.0
1776887436.4871027,3.0,-5.0,-43.0
1776887436.4971027,0.0,-3.0,-43.0
1776887436.5071027,0.0,1.0,-48.0
1776887436.5171027,0.0,0.0,-46.0
1776887436.5271027,3.0,0.0,-44.0
1776887436.5371027,4.0,-1.0,-38.0
1776887436.5471027,2.0,-4.0,-36.0
1776887436.557103,0.0,-2.0,-37.0
1776887436.567103,1.0,0.0,-36.0
1776887436.577103,2.0,1.0,-35.0
1776887436.587103,0.0,0.0,-37.0
1776887436.5971026,-2.0,0.0,-38.0
1776887436.6071026,-2.0,0.0,-42.0
1776887436.6171026,-4.0,-2.0,-43.0
1776887436.6271029,-5.0,0.0,-44.0
1776887436.6371028,0.0,3.0,-37.0
1776887436.6471028,0.0,5.0,-29.0
1776887436.6571028,3.0,0.0,-29.0
1776887436.6671028,2.0,-2.0,-31.0
1776887436.6771028,1.0,-2.0,-35.0
1776887436.6871028,2.0,0.0,-36.0
1776887436.6971028,-2.0,3.0,-38.0
1776887436.7071028,-3.0,1.0,-36.0
1776887436.7171028,0.0,2.0,-34.0
1776887436.7271028,0.0,4.0,-37.0
1776887436.7371027,-1.0,5.0,-38.0
1776887436.7471027,-3.0,3.0,-41.0
1776887436.7571027,0.0,0.0,-42.0
1776887436.7671027,-2.0,0.0,-34.0
1776887436.7771027,-4.0,3.0,-33.0
1776887436.7871027,-3.0,0.0,-34.0
1776887436.7971027,-1.0,-2.0,-32.0
1776887436.807103,2.0,-3.0,-36.0
1776887436.817103,6.0,0.0,-34.0
1776887436.827103,2.0,-2.0,-36.0
1776887436.837103,2.0,0.0,-42.0
1776887436.8471026,3.0,-1.0,-41.0
1776887436.8571026,6.0,-3.0,-45.0
1776887436.8671026,2.0,-4.0,-44.0
1776887436.8771029,-2.0,0.0,-47.0
1776887436.8871028,1.0,0.0,-47.0
1776887436.8971028,0.0,0.0,-40.0
1776887436.9071028,0.0,0.0,-46.0
1776887436.9171028,-1.0,-1.0,-48.0
1776887436.9271028,-2.0,-4.0,-44.0
1776887436.9371028,0.0,-3.0,-37.0
1776887436.9471028,2.0,-3.0,-35.0
1776887436.9571028,4.0,-6.0,-35.0
1776887436.9671028,-2.0,-4.0,-40.0
1776887436.9771028,-1.0,-3.0,-41.0
1776887436.9871027,1.0,-8.0,-38.0
1776887436.9971027,3.0,-7.0,-36.0
1776887437.0071027,3.0,-7.0,-34.0
1776887437.0171027,0.0,-3.0,-36.0
1776887437.0271027,0.0,-3.0,-36.0
1776887437.0371027,5.0,0.0,-36.0
1776887437.0471027,10.0,0.0,-36.0
1776887437.057103,3.0,-1.0,-40.0
1776887437.067103,5.0,-4.0,-37.0
1776887437.077103,8.0,-3.0,-33.0
1776887437.087103,7.0,-2.0,-34.0
1776887437.0971026,2.0,2.0,-38.0
1776887437.1071026,2.0,2.0,-44.0
1776887437.1171026,-2.0,0.0,-42.0
1776887437.1271029,-1.0,-2.0,-37.0
1776887437.1371028,1.0,-2.0,-32.0
1776887437.1471028,-2.0,0.0,-26.0
1776887437.1571028,1.0,-3.0,-23.0
1776887437.1671028,6.0,-3.0,-26.0
1776887437.1771028,1.0,0.0,-31.0
1776887437.1871028,-1.0,0.0,-38.0
1776887437.1971028,2.0,0.0,-41.0
1776887437.2071028,5.0,0.0,-41.0
1776887437.2171028,8.0,0.0,-41.0
1776887437.2271028,3.0,1.0,-43.0
1776887437.2371027,-2.0,6.0,-42.0
1776887437.2471027,0.0,3.0,-46.0
1776887437.2571027,4.0,-1.0,-38.0
1776887437.2671027,0.0,2.0,-34.0
1776887437.2771027,-2.0,6.0,-33.0
1776887437.2871027,0.0,4.0,-31.0
1776887437.2971027,0.0,-2.0,-30.0
1776887437.307103,0.0,1.0,-24.0
1776887437.317103,-4.0,0.0,-24.0
1776887437.327103,-1.0,2.0,-24.0
1776887437.337103,-3.0,3.0,-25.0
1776887437.3471026,-6.0,0.0,-24.0
1776887437.3571026,-8.0,-2.0,-33.0
1776887437.3671026,-6.0,-1.0,-37.0
1776887437.3771029,-7.0,2.0,-33.0
1776887437.3871028,-3.0,0.0,-30.0
1776887437.3971028,-3.0,-5.0,-36.0
1776887437.4071028,-1.0,-8.0,-37.0
1776887437.4171028,2.0,-10.0,-32.0
1776887437.4271028,-2.0,-7.0,-29.0
1776887437.4371028,-4.0,-6.0,-31.0
1776887437.4471028,-6.0,-6.0,-25.0
1776887437.4571028,-3.0,-3.0,-27.0
1776887437.4671028,-1.0,-4.0,-23.0
1776887437.4771028,-4.0,-8.0,-33.0
1776887437.4871027,-1.0,-6.0,-28.0
1776887437.4971027,-3.0,-1.0,-32.0
1776887437.5071027,-5.0,1.0,-37.0
1776887437.5171027,-2.0,1.0,-37.0
1776887437.5271027,0.0,0.0,-39.0
1776887437.5371027,-5.0,0.0,-43.0
1776887437.5471027,-3.0,5.0,-44.0
1776887437.557103,0.0,4.0,-44.0
1776887437.567103,0.0,0.0,-49.0
1776887437.577103,3.0,-2.0,-43.0
1776887437.587103,-2.0,-3.0,-43.0
1776887437.5971026,-4.0,-2.0,-42.0
1776887437.6071026,-4.0,-1.0,-40.0
1776887437.6171026,-5.0,-9.0,-36.0
1776887437.6271029,-4.0,-8.0,-40.0
1776887437.6371028,1.0,-7.0,-40.0
1776887437.6471028,0.0,-9.0,-38.0
1776887437.6571028,-3.0,-8.0,-45.0
1776887437.6671028,0.0,-8.0,-44.0
1776887437.6771028,3.0,-6.0,-44.0
1776887437.6871028,6.0,-2.0,-41.0
1776887437.6971028,8.0,-5.0,-38.0
1776887437.7071028,2.0,-6.0,-38.0
1776887437.7171028,-4.0,-8.0,-35.0
1776887437.7271028,-6.0,-7.0,-32.0
1776887437.7371027,-5.0,-6.0,-25.0
1776887437.7471027,-1.0,-8.0,-29.0
1776887437.7571027,3.0,-5.0,-33.0
1776887437.7671027,2.0,0.0,-41.0
1776887437.7771027,0.0,0.0,-36.0
1776887437.7871027,-5.0,1.0,-38.0
1776887437.7971027,-6.0,2.0,-35.0
1776887437.807103,-3.0,0.0,-32.0
1776887437.817103,-1.0,5.0,-31.0
1776887437.827103,3.0,0.0,-32.0
1776887437.837103,0.0,0.0,-35.0
1776887437.8471026,1.0,0.0,-33.0
1776887437.8571026,3.0,0.0,-35.0
1776887437.8671026,4.0,1.0,-35.0
1776887437.8771029,4.0,0.0,-37.0
1776887437.8871028,0.0,0.0,-34.0
1776887437.8981028,-4.0,0.0,-34.0
1776887437.9071028,-1.0,2.0,-25.0
1776887437.9171028,0.0,1.0,-29.0
1776887437.9281027,0.0,2.0,-28.0
1776887437.9381027,0.0,0.0,-29.0
1776887437.9481027,0.0,1.0,-33.0
1776887437.9581027,1.0,1.0,-34.0
1776887437.9681027,4.0,-1.0,-38.0
1776887437.9781027,0.0,0.0,-41.0
1776887437.988103,3.0,-1.0,-40.0
1776887437.998103,3.0,-3.0,-35.0
1776887438.008103,0.0,-3.0,-31.0
1776887438.0181026,0.0,-1.0,-32.0
1776887438.0281026,2.0,0.0,-37.0
1776887438.0381026,4.0,-3.0,-43.0
1776887438.0481029,0.0,-2.0,-46.0
1776887438.0581028,-1.0,0.0,-41.0
1776887438.0681028,1.0,-1.0,-36.0
1776887438.0781028,4.0,-2.0,-37.0
1776887438.0881028,3.0,-3.0,-33.0
1776887438.0981028,0.0,-4.0,-33.0
1776887438.1081028,0.0,-2.0,-34.0
1776887438.1181028,3.0,-4.0,-37.0
1776887438.1281028,4.0,-1.0,-33.0
1776887438.1381028,5.0,0.0,-32.0
1776887438.1481028,8.0,0.0,-38.0
1776887438.1581028,4.0,-2.0,-40.0
1776887438.1681027,7.0,1.0,-34.0
1776887438.1781027,8.0,-1.0,-30.0
1776887438.1881027,6.0,-4.0,-24.0
1776887438.1981027,1.0,-2.0,-23.0
1776887438.2081027,-2.0,-1.0,-30.0
1776887438.2181027,0.0,0.0,-31.0
1776887438.2281027,1.0,-2.0,-33.0
1776887438.238103,2.0,-1.0,-40.0
1776887438.248103,0.0,2.0,-42.0
1776887438.258103,0.0,0.0,-36.0
1776887438.2681026,-2.0,0.0,-34.0
1776887438.2781026,0.0,0.0,-33.0
1776887438.2881026,-2.0,-1.0,-28.0
1776887438.2981029,-1.0,-4.0,-21.0
1776887438.3081028,-2.0,-4.0,-23.0
1776887438.3181028,-2.0,-5.0,-31.0
1776887438.3281028,-2.0,-7.0,-30.0
1776887438.3381028,-2.0,-8.0,-31.0
1776887438.3481028,0.0,-5.0,-31.0
1776887438.3581028,-1.0,-1.0,-29.0
1776887438.3681028,0.0,-2.0,-30.0
1776887438.3781028,2.0,-1.0,-33.0
1776887438.3881028,6.0,-4.0,-31.0
1776887438.3981028,3.0,-4.0,-32.0
1776887438.4081028,4.0,-6.0,-34.0
1776887438.4181027,0.0,-3.0,-26.0
1776887438.4281027,1.0,-5.0,-24.0
1776887438.4381027,4.0,-11.0,-22.0
1776887438.4481027,6.0,-10.0,-24.0
1776887438.4581027,3.0,-6.0,-27.0
1776887438.4681027,4.0,1.0,-34.0
1776887438.4781027,9.0,2.0,-38.0
1776887438.488103,12.0,2.0,-38.0
1776887438.498103,14.0,4.0,-38.0
1776887438.508103,10.0,5.0,-42.0
1776887438.5181026,4.0,5.0,-45.0
1776887438.5281026,3.0,1.0,-40.0
1776887438.5381026,1.0,1.0,-38.0
1776887438.5481029,1.0,-3.0,-29.0
1776887438.5581028,3.0,-1.0,-28.0
1776887438.5681028,9.0,1.0,-34.0
1776887438.5781028,5.0,0.0,-39.0
1776887438.5881028,4.0,0.0,-41.0
1776887438.5981028,3.0,-1.0,-38.0
1776887438.6081028,3.0,-2.0,-37.0
1776887438.6181028,0.0,-2.0,-35.0
1776887438.6281028,0.0,-3.0,-34.0
1776887438.6381028,-2.0,0.0,-37.0
1776887438.6481028,0.0,-1.0,-36.0
1776887438.6581028,2.0,0.0,-43.0
1776887438.6681027,4.0,4.0,-40.0
1776887438.6781027,2.0,4.0,-41.0
1776887438.6881027,5.0,4.0,-45.0
1776887438.6981027,3.0,3.0,-41.0
1776887438.7081027,2.0,3.0,-43.0
1776887438.7181027,3.0,-1.0,-48.0
1776887438.7281027,-1.0,-2.0,-45.0
1776887438.738103,-3.0,-2.0,-42.0
1776887438.748103,0.0,-2.0,-40.0
1776887438.758103,3.0,0.0,-40.0
1776887438.7681026,2.0,-2.0,-39.0
1776887438.7781026,0.0,0.0,-40.0
1776887438.7881026,3.0,-2.0,-41.0
1776887438.7981029,1.0,1.0,-40.0
1776887438.8081028,1.0,0.0,-43.0
1776887438.8181028,-1.0,-2.0,-45.0
1776887438.8281028,-3.0,-4.0,-43.0
1776887438.8381028,-9.0,-4.0,-37.0
1776887438.8481028,-7.0,-3.0,-41.0
1776887438.8581028,-8.0,-3.0,-35.0
1776887438.8681028,-9.0,-6.0,-33.0
1776887438.8781028,-8.0,-7.0,-39.0
1776887438.8881028,-7.0,-6.0,-42.0
1776887438.8981028,-7.0,-4.0,-41.0
1776887438.9081028,-10.0,-3.0,-39.0
1776887438.9181027,-6.0,-5.0,-31.0
1776887438.9281027,-8.0,-5.0,-31.0
1776887438.9381027,0.0,-6.0,-31.0
1776887438.9481027,0.0,-5.0,-36.0
1776887438.9581027,3.0,-3.0,-36.0
1776887438.9681027,3.0,0.0,-38.0
1776887438.9781027,9.0,0.0,-34.0
1776887438.988103,10.0,0.0,-42.0
1776887438.998103,4.0,-2.0,-40.0
1776887439.008103,5.0,0.0,-41.0
1776887439.0181026,8.0,0.0,-42.0
1776887439.0281026,5.0,3.0,-46.0
1776887439.0381026,4.0,2.0,-36.0
1776887439.0481029,4.0,1.0,-34.0
1776887439.0581028,5.0,2.0,-28.0
1776887439.0681028,-1.0,0.0,-37.0
1776887439.0781028,-3.0,0.0,-36.0
1776887439.0881028,-4.0,0.0,-42.0
1776887439.0981028,-4.0,0.0,-40.0
1776887439.1081028,-3.0,0.0,-42.0
1776887439.1181028,-2.0,-4.0,-37.0
1776887439.1281028,-5.0,-7.0,-37.0
1776887439.1381028,-4.0,-4.0,-36.0
1776887439.1481028,-2.0,-5.0,-30.0
1776887439.1581028,-1.0,-4.0,-28.0
1776887439.1681027,-1.0,-4.0,-30.0
1776887439.1781027,-3.0,-6.0,-33.0
1776887439.1881027,2.0,-9.0,-35.0
1776887439.1981027,-1.0,-10.0,-35.0
1776887439.2081027,-1.0,-10.0,-36.0
1776887439.2181027,2.0,-4.0,-39.0
1776887439.2281027,2.0,0.0,-37.0
1776887439.238103,1.0,2.0,-35.0
1776887439.248103,3.0,3.0,-35.0
1776887439.258103,5.0,0.0,-43.0
1776887439.2681026,6.0,-1.0,-36.0
1776887439.2781026,4.0,0.0,-38.0
1776887439.2881026,4.0,1.0,-43.0
1776887439.2981029,0.0,-4.0,-41.0
1776887439.3081028,-3.0,-1.0,-35.0
1776887439.3181028,-7.0,-3.0,-33.0
1776887439.3281028,-4.0,-6.0,-31.0
1776887439.3381028,-2.0,-7.0,-30.0
1776887439.3481028,-3.0,-6.0,-35.0
1776887439.3581028,-4.0,-5.0,-40.0
1776887439.3681028,-2.0,-1.0,-42.0
1776887439.3781028,-4.0,-1.0,-36.0
1776887439.3881028,-4.0,-1.0,-29.0
1776887439.3981028,-8.0,0.0,-31.0
1776887439.4081028,-4.0,0.0,-35.0
1776887439.4181027,-4.0,3.0,-36.0
1776887439.4281027,-1.0,2.0,-40.0
1776887439.4381027,-1.0,2.0,-43.0
1776887439.4481027,-1.0,0.0,-45.0
1776887439.4581027,-2.0,0.0,-45.0
1776887439.4681027,-5.0,0.0,-45.0
1776887439.4781027,-2.0,0.0,-44.0
1776887439.488103,0.0,-1.0,-48.0
1776887439.498103,-2.0,0.0,-43.0
1776887439.508103,-3.0,0.0,-45.0
1776887439.5181026,-4.0,0.0,-45.0
1776887439.5281026,-6.0,-4.0,-47.0
1776887439.5381026,-6.0,-3.0,-48.0
1776887439.5481029,-6.0,-2.0,-45.0
1776887439.5581028,-3.0,0.0,-43.0
1776887439.5681028,0.0,0.0,-48.0
1776887439.5781028,1.0,2.0,-46.0
1776887439.5881028,1.0,2.0,-41.0
1776887439.5981028,-1.0,0.0,-38.0
1776887439.6081028,-2.0,1.0,-42.0
1776887439.6181028,-3.0,4.0,-42.0
1776887439.6281028,-3.0,6.0,-37.0
1776887439.6381028,-2.0,7.0,-30.0
1776887439.6481028,0.0,6.0,-30.0
1776887439.6581028,4.0,3.0,-36.0
1776887439.6681027,1.0,2.0,-40.0
1776887439.6781027,-2.0,0.0,-45.0
1776887439.6881027,-3.0,-2.0,-48.0
1776887439.6981027,3.0,0.0,-44.0
1776887439.7081027,4.0,0.0,-39.0
1776887439.7181027,5.0,2.0,-40.0
1776887439.7281027,8.0,3.0,-39.0
1776887439.738103,6.0,-1.0,-41.0
1776887439.748103,7.0,-3.0,-43.0
1776887439.758103,5.0,-2.0,-41.0
1776887439.7681026,5.0,-3.0,-45.0
1776887439.7781026,4.0,-1.0,-46.0
1776887439.7881026,4.0,0.0,-43.0
1776887439.7981029,2.0,0.0,-37.0
1776887439.8081028,2.0,-2.0,-36.0
1776887439.8181028,0.0,-1.0,-31.0
1776887439.8281028,-5.0,-2.0,-34.0
1776887439.8381028,0.0,-8.0,-40.0
1776887439.8481028,3.0,-7.0,-34.0
1776887439.8581028,0.0,-5.0,-28.0
1776887439.8681028,4.0,-3.0,-31.0
1776887439.8781028,2.0,-6.0,-31.0
1776887439.8881028,1.0,-11.0,-30.0
1776887439.8981028,-1.0,-9.0,-35.0
1776887439.9081028,-5.0,-6.0,-33.0
1776887439.9181027,0.0,-5.0,-34.0
1776887439.929103,-2.0,-7.0,-32.0
1776887439.9381027,-3.0,-3.0,-30.0
1776887439.9491026,3.0,-2.0,-31.0
1776887439.9591026,4.0,-1.0,-35.0
1776887439.9691026,5.0,0.0,-38.0
1776887439.9791028,3.0,4.0,-46.0
1776887439.9891028,0.0,4.0,-51.0
1776887439.9991028,0.0,3.0,-47.0
1776887440.0091028,-4.0,0.0,-45.0
1776887440.0191028,-5.0,-3.0,-41.0
1776887440.0291028,-5.0,-1.0,-40.0
1776887440.0391028,-5.0,-1.0,-37.0
1776887440.0491028,1.0,-4.0,-35.0
1776887440.0591028,2.0,-5.0,-31.0
1776887440.0691028,1.0,-2.0,-24.0
1776887440.0791028,2.0,-4.0,-23.0
1776887440.0891027,4.0,-5.0,-27.0
1776887440.0991027,3.0,-5.0,-27.0
1776887440.1091027,2.0,-5.0,-34.0
1776887440.1191027,0.0,-5.0,-39.0
1776887440.1291027,2.0,-6.0,-35.0
1776887440.1391027,0.0,-5.0,-34.0
1776887440.1491027,-1.0,-8.0,-31.0
1776887440.159103,-5.0,-8.0,-34.0
1776887440.169103,-2.0,-5.0,-44.0
1776887440.179103,-1.0,-3.0,-41.0
1776887440.1891026,0.0,0.0,-35.0
1776887440.1991026,0.0,0.0,-34.0
1776887440.2091026,5.0,-1.0,-39.0
1776887440.2191026,3.0,1.0,-32.0
1776887440.2291028,2.0,-2.0,-35.0
1776887440.2401028,1.0,-3.0,-29.0
1776887440.2491028,2.0,-3.0,-27.0
1776887440.2591028,1.0,-3.0,-32.0
1776887440.2691028,3.0,-3.0,-37.0
1776887440.2791028,5.0,0.0,-38.0
1776887440.2891028,12.0,5.0,-41.0
1776887440.2991028,11.0,6.0,-39.0
1776887440.3091028,7.0,3.0,-35.0
1776887440.3191028,10.0,0.0,-40.0
1776887440.3291028,7.0,1.0,-45.0
1776887440.3391027,7.0,2.0,-44.0
1776887440.3491027,7.0,3.0,-43.0
1776887440.3591027,7.0,0.0,-44.0
1776887440.3691027,6.0,-3.0,-46.0
1776887440.3791027,9.0,-3.0,-45.0
1776887440.3891027,9.0,-3.0,-36.0
1776887440.3991027,7.0,-2.0,-39.0
1776887440.409103,9.0,-3.0,-40.0
1776887440.419103,9.0,-4.0,-40.0
1776887440.429103,6.0,-3.0,-35.0
1776887440.4391026,5.0,-3.0,-33.0
1776887440.4491026,8.0,-2.0,-36.0
1776887440.4591026,4.0,-1.0,-34.0
1776887440.4691026,5.0,-7.0,-34.0
1776887440.4791028,5.0,-8.0,-33.0
1776887440.4891028,7.0,-4.0,-32.0
1776887440.4991028,5.0,-1.0,-33.0
1776887440.5091028,0.0,-2.0,-35.0
1776887440.5191028,-3.0,3.0,-37.0
1776887440.5291028,-5.0,1.0,-39.0
1776887440.5391028,-2.0,-1.0,-32.0
1776887440.5491028,-1.0,0.0,-30.0
1776887440.5591028,-2.0,-3.0,-31.0
1776887440.5691028,0.0,-5.0,-26.0
1776887440.5791028,-1.0,-5.0,-25.0
1776887440.5891027,1.0,-5.0,-33.0
1776887440.5991027,0.0,0.0,-30.0
1776887440.6091027,0.0,0.0,-25.0
1776887440.6191027,4.0,2.0,-21.0
1776887440.6291027,5.0,3.0,-21.0
1776887440.6391027,7.0,4.0,-21.0
1776887440.6491027,4.0,1.0,-26.0
1776887440.659103,2.0,-1.0,-30.0
1776887440.669103,2.0,-1.0,-32.0
1776887440.679103,2.0,-3.0,-38.0
1776887440.6891026,4.0,-4.0,-43.0
1776887440.6991026,2.0,-3.0,-50.0
1776887440.7091026,5.0,-5.0,-50.0
1776887440.7191026,2.0,-4.0,-44.0
1776887440.7291028,0.0,-6.0,-41.0
1776887440.7391028,-2.0,-7.0,-42.0
1776887440.7491028,-1.0,-6.0,-36.0
1776887440.7591028,0.0,-2.0,-35.0
1776887440.7691028,2.0,-2.0,-36.0
1776887440.7791028,4.0,-6.0,-34.0
1776887440.7891028,8.0,-1.0,-32.0
1776887440.7991028,4.0,1.0,-39.0
1776887440.8091028,8.0,1.0,-40.0
1776887440.8191028,8.0,0.0,-45.0
1776887440.8291028,3.0,0.0,-36.0
1776887440.8391027,0.0,-1.0,-34.0
1776887440.8491027,5.0,0.0,-31.0
1776887440.8591027,9.0,-2.0,-28.0
1776887440.8691027,8.0,-6.0,-28.0
1776887440.8791027,5.0,-6.0,-23.0
1776887440.8891027,7.0,-8.0,-21.0
1776887440.8991027,9.0,-7.0,-24.0
1776887440.909103,3.0,-9.0,-20.0
1776887440.919103,1.0,-5.0,-27.0
1776887440.929103,0.0,-5.0,-38.0
1776887440.9391026,5.0,-6.0,-39.0
1776887440.9491026,10.0,-8.0,-44.0
1776887440.9591026,8.0,-5.0,-52.0
1776887440.9691026,8.0,-5.0,-44.0
1776887440.9791028,4.0,-8.0,-34.0
1776887440.9891028,8.0,-9.0,-32.0
1776887440.9991028,10.0,-6.0,-36.0
1776887441.0091028,7.0,-5.0,-34.0
1776887441.0191028,6.0,-3.0,-39.0
1776887441.0291028,2.0,-1.0,-41.0
1776887441.0391028,4.0,1.0,-41.0
1776887441.0491028,1.0,0.0,-35.0
1776887441.0591028,3.0,1.0,-35.0
1776887441.0691028,1.0,4.0,-31.0
1776887441.0791028,0.0,6.0,-37.0
1776887441.0891027,-1.0,7.0,-42.0
1776887441.0991027,2.0,5.0,-47.0
1776887441.1091027,3.0,4.0,-46.0
1776887441.1191027,0.0,4.0,-44.0
1776887441.1291027,-2.0,3.0,-38.0
1776887441.1391027,1.0,2.0,-38.0
1776887441.1491027,6.0,-1.0,-43.0
1776887441.159103,10.0,4.0,-50.0
1776887441.169103,8.0,4.0,-48.0
1776887441.179103,11.0,5.0,-44.0
1776887441.1891026,8.0,2.0,-41.0
1776887441.1991026,6.0,0.0,-43.0
1776887441.2091026,6.0,3.0,-44.0
1776887441.2191026,1.0,2.0,-45.0
1776887441.2291028,-3.0,2.0,-39.0
1776887441.2391028,-5.0,4.0,-33.0
1776887441.2491028,-8.0,2.0,-36.0
1776887441.2591028,-5.0,4.0,-38.0
1776887441.2691028,0.0,4.0,-38.0
1776887441.2791028,1.0,4.0,-35.0
1776887441.2891028,-1.0,7.0,-32.0
1776887441.2991028,2.0,5.0,-37.0
1776887441.3091028,0.0,6.0,-38.0
1776887441.3191028,4.0,6.0,-38.0
1776887441.3291028,4.0,2.0,-37.0
1776887441.3391027,3.0,3.0,-32.0
1776887441.3491027,6.0,-3.0,-32.0
1776887441.3591027,10.0,-5.0,-37.0
1776887441.3691027,2.0,-6.0,-32.0
1776887441.3791027,-2.0,-4.0,-31.0
1776887441.3891027,0.0,-2.0,-38.0
1776887441.3991027,-1.0,-5.0,-29.0
1776887441.409103,-3.0,-3.0,-32.0
1776887441.419103,-3.0,-6.0,-35.0
1776887441.429103,-5.0,-6.0,-38.0
1776887441.4391026,-3.0,-5.0,-38.0
1776887441.4491026,-4.0,-3.0,-37.0
1776887441.4591026,-2.0,-2.0,-41.0
1776887441.4691026,0.0,-3.0,-39.0
1776887441.4791028,-2.0,0.0,-40.0
1776887441.4891028,-4.0,3.0,-32.0
1776887441.4991028,-6.0,4.0,-33.0
1776887441.5091028,-3.0,0.0,-38.0
1776887441.5191028,-7.0,0.0,-40.0
1776887441.5291028,-2.0,0.0,-42.0
1776887441.5391028,-5.0,0.0,-36.0
1776887441.5491028,-7.0,0.0,-28.0
1776887441.5591028,-4.0,4.0,-24.0
1776887441.5691028,0.0,6.0,-26.0
1776887441.5791028,3.0,6.0,-30.0
1776887441.5891027,3.0,3.0,-26.0
1776887441.5991027,1.0,1.0,-26.0
1776887441.6091027,0.0,0.0,-28.0
1776887441.6191027,-3.0,-2.0,-37.0
1776887441.6291027,-4.0,-1.0,-37.0
1776887441.6391027,-6.0,1.0,-37.0
1776887441.6491027,-1.0,1.0,-34.0
1776887441.659103,0.0,-3.0,-35.0
1776887441.669103,0.0,-3.0,-33.0
1776887441.679103,-4.0,-3.0,-28.0
1776887441.6891026,-6.0,-2.0,-28.0
1776887441.6991026,-7.0,1.0,-33.0
1776887441.7091026,-6.0,2.0,-27.0
1776887441.7191026,-1.0,-1.0,-36.0
1776887441.7291028,1.0,-3.0,-37.0
1776887441.7391028,1.0,-3.0,-36.0
1776887441.7491028,4.0,-3.0,-33.0
1776887441.7591028,1.0,1.0,-30.0
1776887441.7691028,-3.0,0.0,-29.0
1776887441.7791028,-3.0,0.0,-27.0
1776887441.7891028,-4.0,-3.0,-36.0
1776887441.7991028,-7.0,-4.0,-34.0
1776887441.8091028,-2.0,-3.0,-34.0
1776887441.8191028,-3.0,-2.0,-35.0
1776887441.8291028,-4.0,-1.0,-30.0
1776887441.8391027,-3.0,-2.0,-25.0
1776887441.8491027,-5.0,0.0,-26.0
1776887441.8591027,-7.0,0.0,-34.0
1776887441.8691027,-3.0,0.0,-33.0
1776887441.8791027,-1.0,1.0,-27.0
1776887441.8891027,0.0,0.0,-25.0
1776887441.9001029,3.0,-5.0,-27.0
1776887441.909103,2.0,-2.0,-33.0
1776887441.9201028,0.0,-3.0,-38.0
1776887441.9301028,-1.0,-6.0,-37.0
1776887441.9401028,-3.0,-6.0,-41.0
1776887441.9501028,-6.0,-6.0,-38.0
1776887441.9601028,-8.0,-6.0,-35.0
1776887441.9701028,-6.0,-4.0,-38.0
1776887441.9801028,-8.0,-4.0,-42.0
1776887441.9901028,-7.0,0.0,-41.0
1776887442.0001028,-5.0,1.0,-34.0
1776887442.0101027,0.0,0.0,-42.0
1776887442.0201027,1.0,-3.0,-41.0
1776887442.0301027,-7.0,-2.0,-43.0
1776887442.0401027,-6.0,-5.0,-41.0
1776887442.0501027,-4.0,-2.0,-36.0
1776887442.0601027,-6.0,0.0,-35.0
1776887442.0701027,-10.0,1.0,-32.0
1776887442.0801027,-11.0,1.0,-27.0
1776887442.090103,-9.0,3.0,-26.0
1776887442.100103,-5.0,0.0,-30.0
1776887442.110103,-3.0,0.0,-33.0
1776887442.1201026,-2.0,0.0,-38.0
1776887442.1301026,0.0,2.0,-37.0
1776887442.1401026,2.0,-1.0,-36.0
1776887442.1501029,1.0,0.0,-41.0
1776887442.1601028,3.0,-1.0,-39.0
1776887442.1701028,0.0,-1.0,-32.0
1776887442.1801028,1.0,1.0,-29.0
1776887442.1901028,2.0,-1.0,-27.0
1776887442.2001028,-1.0,0.0,-21.0
1776887442.2101028,-2.0,0.0,-23.0
1776887442.2201028,-3.0,-2.0,-29.0
1776887442.2301028,-1.0,-2.0,-27.0
1776887442.2401028,-5.0,-3.0,-28.0
1776887442.2501028,-1.0,0.0,-29.0
1776887442.2601027,-2.0,-1.0,-27.0
1776887442.2701027,-7.0,1.0,-28.0
1776887442.2801027,-7.0,-2.0,-31.0
1776887442.2901027,-10.0,-7.0,-26.0
1776887442.3001027,-5.0,-8.0,-25.0
1776887442.3101027,-4.0,-6.0,-24.0
1776887442.3201027,0.0,-4.0,-28.0
1776887442.3301027,-1.0,-3.0,-33.0
1776887442.340103,0.0,-1.0,-37.0
1776887442.350103,-1.0,0.0,-40.0
1776887442.360103,1.0,0.0,-38.0
1776887442.3701026,4.0,1.0,-39.0
1776887442.3801026,0.0,0.0,-32.0
1776887442.3901026,1.0,0.0,-32.0
1776887442.4001029,1.0,-2.0,-40.0
1776887442.4101028,0.0,-6.0,-38.0
1776887442.4201028,1.0,-8.0,-41.0
1776887442.4301028,2.0,-1.0,-39.0
1776887442.4401028,2.0,2.0,-36.0
1776887442.4501028,6.0,5.0,-41.0
1776887442.4601028,6.0,0.0,-41.0
1776887442.4701028,9.0,0.0,-38.0
1776887442.4801028,8.0,1.0,-38.0
1776887442.4901028,5.0,-1.0,-39.0
1776887442.5001028,4.0,0.0,-39.0
1776887442.5101027,-2.0,1.0,-38.0
1776887442.5201027,1.0,-2.0,-34.0
1776887442.5301027,-1.0,-5.0,-36.0
1776887442.5401027,0.0,-5.0,-28.0
1776887442.5501027,0.0,-4.0,-24.0
1776887442.5601027,0.0,-3.0,-28.0
1776887442.5701027,-4.0,-5.0,-34.0
1776887442.5801027,-6.0,-8.0,-39.0
1776887442.590103,-4.0,-10.0,-44.0
1776887442.600103,-1.0,-9.0,-44.0
1776887442.610103,-2.0,-6.0,-49.0
1776887442.6201026,2.0,-3.0,-50.0
1776887442.6301026,0.0,-2.0,-46.0
1776887442.6401026,-1.0,-1.0,-47.0
1776887442.6501029,0.0,-3.0,-43.0
1776887442.6601028,3.0,-6.0,-44.0
1776887442.6701028,5.0,-4.0,-44.0
1776887442.6801028,2.0,-4.0,-45.0
1776887442.6901028,4.0,-5.0,-46.0
1776887442.7001028,2.0,-5.0,-45.0
1776887442.7101028,3.0,0.0,-43.0
1776887442.7201028,4.0,-1.0,-32.0
1776887442.7301028,7.0,2.0,-31.0
1776887442.7401028,6.0,4.0,-32.0
1776887442.7501028,2.0,1.0,-32.0
1776887442.7601027,0.0,1.0,-41.0
1776887442.7701027,0.0,0.0,-39.0
1776887442.7801027,2.0,4.0,-34.0
1776887442.7901027,1.0,6.0,-36.0
1776887442.8001027,0.0,5.0,-35.0
1776887442.8101027,4.0,5.0,-35.0
1776887442.8201027,6.0,2.0,-34.0
1776887442.8301027,2.0,0.0,-36.0
1776887442.840103,0.0,3.0,-36.0
1776887442.850103,2.0,4.0,-41.0
1776887442.860103,0.0,5.0,-34.0
1776887442.8701026,1.0,4.0,-34.0
1776887442.8801026,-1.0,6.0,-29.0
1776887442.8901026,-2.0,10.0,-30.0
1776887442.9001029,0.0,9.0,-37.0
1776887442.9101028,0.0,9.0,-38.0
1776887442.9201028,0.0,5.0,-35.0
1776887442.9301028,-1.0,5.0,-35.0
1776887442.9401028,-1.0,5.0,-33.0
1776887442.9501028,-3.0,4.0,-35.0
1776887442.9601028,0.0,2.0,-34.0
1776887442.9701028,3.0,1.0,-31.0
1776887442.9801028,6.0,1.0,-34.0
1776887442.9901028,5.0,1.0,-34.0
1776887443.0001028,6.0,4.0,-40.0
1776887443.0101027,6.0,0.0,-41.0
1776887443.0201027,4.0,-4.0,-29.0
1776887443.0301027,3.0,-4.0,-36.0
1776887443.0401027,0.0,-5.0,-41.0
1776887443.0501027,0.0,-3.0,-44.0
1776887443.0601027,4.0,-1.0,-47.0
1776887443.0701027,5.0,0.0,-38.0
1776887443.0801027,9.0,-1.0,-33.0
1776887443.090103,8.0,-3.0,-35.0
1776887443.100103,3.0,-1.0,-33.0
1776887443.110103,4.0,-1.0,-32.0
1776887443.1201026,1.0,-1.0,-31.0
1776887443.1301026,-1.0,0.0,-34.0
1776887443.1401026,-1.0,1.0,-34.0
1776887443.1501029,0.0,2.0,-35.0
1776887443.1601028,0.0,-1.0,-42.0
1776887443.1701028,-5.0,0.0,-40.0
1776887443.1801028,-7.0,0.0,-35.0
1776887443.1901028,-5.0,1.0,-34.0
1776887443.2001028,-1.0,-1.0,-43.0
1776887443.2101028,1.0,-2.0,-41.0
1776887443.2201028,0.0,-9.0,-35.0
1776887443.2301028,1.0,-11.0,-32.0
1776887443.2401028,-1.0,-8.0,-37.0
1776887443.2501028,-2.0,-4.0,-34.0
1776887443.2601027,-1.0,-7.0,-35.0
1776887443.2701027,-1.0,-3.0,-35.0
1776887443.2801027,-1.0,1.0,-31.0
1776887443.2901027,-3.0,2.0,-31.0
1776887443.3001027,-4.0,2.0,-32.0
1776887443.3101027,-4.0,4.0,-35.0
1776887443.3201027,2.0,1.0,-36.0
1776887443.3301027,4.0,0.0,-39.0
1776887443.340103,7.0,-2.0,-41.0
1776887443.350103,3.0,-4.0,-43.0
1776887443.360103,0.0,-6.0,-40.0
1776887443.3701026,-6.0,-4.0,-35.0
1776887443.3801026,-5.0,-5.0,-29.0
1776887443.3901026,-2.0,0.0,-34.0
1776887443.4001029,-3.0,-1.0,-34.0
1776887443.4101028,-6.0,-4.0,-37.0
1776887443.4201028,-4.0,-6.0,-39.0
1776887443.4301028,0.0,-2.0,-36.0
1776887443.4401028,1.0,-3.0,-34.0
1776887443.4501028,2.0,-3.0,-36.0
1776887443.4601028,2.0,0.0,-48.0
1776887443.4701028,2.0,1.0,-54.0
1776887443.4801028,-1.0,2.0,-44.0
1776887443.4901028,-1.0,1.0,-48.0
1776887443.5001028,-1.0,1.0,-46.0
1776887443.5101027,0.0,0.0,-46.0
1776887443.5201027,0.0,3.0,-40.0
1776887443.5301027,0.0,0.0,-43.0
1776887443.5401027,1.0,-3.0,-49.0
1776887443.5501027,0.0,-5.0,-41.0
1776887443.5601027,4.0,-2.0,-45.0
1776887443.5701027,0.0,-2.0,-48.0
1776887443.5801027,1.0,-2.0,-44.0
1776887443.590103,-2.0,-1.0,-42.0
1776887443.600103,-2.0,-4.0,-36.0
1776887443.610103,-1.0,-2.0,-34.0
1776887443.6201026,1.0,-2.0,-35.0
1776887443.6301026,0.0,-6.0,-36.0
1776887443.6401026,0.0,-5.0,-37.0
1776887443.6501029,-2.0,-7.0,-34.0
1776887443.6601028,-5.0,-6.0,-32.0
1776887443.6701028,-1.0,-5.0,-35.0
1776887443.6801028,0.0,-6.0,-33.0
1776887443.6901028,1.0,-8.0,-36.0
1776887443.7001028,1.0,-4.0,-37.0
1776887443.7101028,1.0,-7.0,-38.0
1776887443.7201028,-1.0,-3.0,-36.0
1776887443.7301028,0.0,-6.0,-32.0
1776887443.7401028,1.0,-2.0,-35.0
1776887443.7501028,3.0,0.0,-41.0
1776887443.7601027,1.0,-1.0,-38.0
1776887443.7701027,3.0,0.0,-35.0
1776887443.7801027,1.0,0.0,-43.0
1776887443.7901027,2.0,-1.0,-50.0
1776887443.8001027,0.0,-2.0,-47.0
1776887443.8101027,2.0,-6.0,-49.0
1776887443.8201027,5.0,-6.0,-49.0
1776887443.8301027,1.0,-3.0,-36.0
1776887443.840103,-1.0,-1.0,-28.0
1776887443.850103,-3.0,-1.0,-31.0
1776887443.860103,-2.0,0.0,-26.0
1776887443.8701026,3.0,1.0,-25.0
1776887443.8801026,4.0,6.0,-25.0
1776887443.8901026,0.0,6.0,-25.0
1776887443.9011028,2.0,5.0,-29.0
1776887443.9101028,7.0,6.0,-30.0
1776887443.9201028,7.0,2.0,-32.0
1776887443.9301028,7.0,0.0,-25.0
1776887443.9411027,5.0,-1.0,-31.0
1776887443.9511027,4.0,3.0,-36.0
1776887443.9611027,2.0,6.0,-40.0
1776887443.9711027,1.0,5.0,-38.0
1776887443.9811027,3.0,7.0,-33.0
1776887443.9911027,0.0,6.0,-32.0
1776887444.0011027,-3.0,3.0,-29.0
1776887444.011103,0.0,0.0,-32.0
1776887444.021103,0.0,0.0,-40.0
1776887444.031103,-1.0,0.0,-36.0
1776887444.0411026,0.0,2.0,-31.0
1776887444.0511026,0.0,0.0,-31.0
1776887444.0611026,0.0,-4.0,-33.0
1776887444.0711029,-1.0,-4.0,-30.0
1776887444.0811028,-4.0,-4.0,-29.0
1776887444.0911028,-5.0,-2.0,-29.0
1776887444.1011028,-1.0,-5.0,-29.0
1776887444.1111028,0.0,-9.0,-37.0
1776887444.1211028,1.0,-5.0,-33.0
1776887444.1311028,2.0,-2.0,-37.0
1776887444.1411028,7.0,-1.0,-35.0
1776887444.1511028,7.0,-3.0,-36.0
1776887444.1611028,5.0,-5.0,-41.0
1776887444.1711028,6.0,-3.0,-38.0
1776887444.1811028,1.0,-2.0,-37.0
1776887444.1911027,1.0,2.0,-35.0
1776887444.2011027,2.0,4.0,-33.0
1776887444.2111027,-2.0,-1.0,-36.0
1776887444.2211027,0.0,0.0,-30.0
1776887444.2311027,1.0,0.0,-39.0
1776887444.2411027,0.0,2.0,-40.0
1776887444.2511027,0.0,3.0,-41.0
1776887444.261103,1.0,-1.0,-42.0
1776887444.271103,1.0,0.0,-42.0
1776887444.281103,2.0,1.0,-47.0
1776887444.2911026,-1.0,1.0,-41.0
1776887444.3011026,0.0,1.0,-41.0
1776887444.3111026,0.0,1.0,-48.0
1776887444.3211029,-5.0,3.0,-48.0
1776887444.3311028,-6.0,0.0,-38.0
1776887444.3411028,-5.0,3.0,-35.0
1776887444.3511028,-7.0,5.0,-34.0
1776887444.3611028,-2.0,11.0,-31.0
1776887444.3711028,-2.0,10.0,-31.0
1776887444.3811028,0.0,8.0,-26.0
1776887444.3911028,2.0,5.0,-28.0
1776887444.4011028,2.0,6.0,-28.0
1776887444.4111028,0.0,5.0,-30.0
1776887444.4211028,1.0,0.0,-41.0
1776887444.4311028,4.0,3.0,-42.0
1776887444.4411027,3.0,7.0,-34.0
1776887444.4511027,4.0,7.0,-31.0
1776887444.4611027,3.0,8.0,-29.0
1776887444.4711027,3.0,10.0,-36.0
1776887444.4811027,5.0,10.0,-41.0
1776887444.4911027,4.0,8.0,-39.0
1776887444.5011027,2.0,3.0,-42.0
1776887444.511103,4.0,-1.0,-43.0
1776887444.521103,9.0,2.0,-45.0
1776887444.531103,5.0,3.0,-42.0
1776887444.5411026,-1.0,2.0,-41.0
1776887444.5511026,-6.0,-1.0,-38.0
1776887444.5611026,-10.0,-2.0,-41.0
1776887444.5711029,-11.0,-3.0,-47.0
1776887444.5811028,-9.0,-3.0,-42.0
1776887444.5911028,-10.0,-4.0,-44.0
1776887444.6011028,-10.0,0.0,-52.0
1776887444.6111028,-5.0,0.0,-46.0
1776887444.6211028,-2.0,-2.0,-52.0
1776887444.6311028,0.0,-4.0,-47.0
1776887444.6411028,1.0,-6.0,-46.0
1776887444.6511028,-1.0,-8.0,-47.0
1776887444.6611028,3.0,-7.0,-46.0
1776887444.6711028,4.0,-4.0,-44.0
1776887444.6811028,2.0,-6.0,-42.0
1776887444.6911027,1.0,-6.0,-42.0
1776887444.7011027,4.0,-7.0,-52.0
1776887444.7111027,8.0,-9.0,-50.0
1776887444.7211027,9.0,-9.0,-42.0
1776887444.7311027,10.0,-7.0,-39.0
1776887444.7411027,4.0,-9.0,-33.0
1776887444.7511027,3.0,-5.0,-29.0
1776887444.761103,6.0,1.0,-25.0
1776887444.771103,7.0,-1.0,-26.0
1776887444.781103,4.0,1.0,-28.0
1776887444.7911026,4.0,4.0,-37.0
1776887444.8011026,1.0,7.0,-39.0
1776887444.8111026,-1.0,0.0,-42.0
1776887444.8211029,1.0,-2.0,-37.0
1776887444.8311028,6.0,-6.0,-33.0
1776887444.8411028,5.0,-7.0,-36.0
1776887444.8511028,0.0,-10.0,-40.0
1776887444.8611028,-1.0,-6.0,-37.0
1776887444.8711028,-1.0,-2.0,-35.0
1776887444.8811028,0.0,-2.0,-38.0
1776887444.8911028,0.0,0.0,-38.0
1776887444.9011028,-3.0,1.0,-36.0
1776887444.9111028,-3.0,0.0,-36.0
1776887444.9211028,0.0,-2.0,-35.0
1776887444.9311028,-4.0,-4.0,-42.0
1776887444.9411027,-10.0,-4.0,-43.0
1776887444.9511027,-9.0,-1.0,-44.0
1776887444.9611027,-1.0,1.0,-39.0
1776887444.9711027,0.0,-3.0,-41.0
1776887444.9811027,-2.0,-5.0,-44.0
1776887444.9911027,-2.0,-9.0,-43.0
1776887445.0011027,1.0,-8.0,-42.0
1776887445.011103,3.0,-7.0,-35.0
1776887445.021103,0.0,-4.0,-35.0
1776887445.031103,0.0,-1.0,-31.0
1776887445.0411026,2.0,2.0,-28.0
1776887445.0511026,3.0,2.0,-30.0
1776887445.0611026,0.0,2.0,-25.0
1776887445.0711029,1.0,7.0,-24.0
1776887445.0811028,1.0,12.0,-27.0
1776887445.0911028,2.0,9.0,-31.0
1776887445.1011028,5.0,5.0,-30.0
1776887445.1111028,6.0,-1.0,-36.0
1776887445.1211028,6.0,-7.0,-32.0
1776887445.1311028,4.0,-3.0,-26.0
1776887445.1411028,0.0,0.0,-26.0
1776887445.1511028,3.0,4.0,-32.0
1776887445.1611028,3.0,3.0,-41.0
1776887445.1711028,5.0,0.0,-43.0
1776887445.1811028,8.0,-2.0,-44.0
1776887445.1911027,5.0,-2.0,-38.0
1776887445.2011027,0.0,1.0,-37.0
1776887445.2111027,-3.0,0.0,-36.0
1776887445.2211027,-2.0,2.0,-31.0
1776887445.2311027,-1.0,1.0,-27.0
1776887445.2411027,-1.0,0.0,-28.0
1776887445.2511027,-2.0,-1.0,-29.0
1776887445.261103,-2.0,-3.0,-31.0
1776887445.271103,-1.0,-4.0,-31.0
1776887445.281103,0.0,-5.0,-32.0
1776887445.2911026,0.0,-3.0,-32.0
1776887445.3011026,2.0,-5.0,-34.0
1776887445.3111026,1.0,-7.0,-34.0
1776887445.3211029,-3.0,-6.0,-32.0
1776887445.3311028,-2.0,-7.0,-32.0
1776887445.3411028,-1.0,-7.0,-31.0
1776887445.3511028,1.0,-4.0,-32.0
1776887445.3611028,0.0,-6.0,-27.0
1776887445.3711028,0.0,-7.0,-25.0
1776887445.3811028,0.0,-5.0,-27.0
1776887445.3911028,1.0,-8.0,-27.0
1776887445.4011028,0.0,-6.0,-35.0
1776887445.4111028,4.0,-5.0,-36.0
1776887445.4211028,2.0,-8.0,-44.0
1776887445.4311028,-1.0,-7.0,-43.0
1776887445.4411027,-7.0,-9.0,-36.0
1776887445.4511027,-4.0,-8.0,-28.0
1776887445.4611027,-4.0,-8.0,-29.0
1776887445.4711027,-3.0,-2.0,-38.0
1776887445.4811027,-1.0,3.0,-41.0
1776887445.4911027,-1.0,5.0,-47.0
1776887445.5011027,-3.0,5.0,-42.0
1776887445.511103,-3.0,8.0,-45.0
1776887445.521103,-1.0,4.0,-41.0
1776887445.531103,-2.0,3.0,-43.0
1776887445.5411026,-1.0,0.0,-32.0
1776887445.5511026,2.0,0.0,-30.0
1776887445.5611026,1.0,0.0,-35.0
1776887445.5711029,2.0,-2.0,-39.0
1776887445.5811028,4.0,-2.0,-39.0
1776887445.5911028,2.0,-1.0,-36.0
1776887445.6011028,6.0,0.0,-32.0
1776887445.6111028,4.0,-2.0,-37.0
1776887445.6211028,0.0,-1.0,-30.0
1776887445.6311028,0.0,-4.0,-29.0
1776887445.6411028,-5.0,-7.0,-29.0
1776887445.6511028,-5.0,-6.0,-25.0
1776887445.6611028,-2.0,-5.0,-27.0
1776887445.6711028,0.0,-6.0,-31.0
1776887445.6811028,0.0,-7.0,-28.0
1776887445.6911027,0.0,-8.0,-27.0
1776887445.7011027,1.0,-7.0,-32.0
1776887445.7111027,4.0,-8.0,-38.0
1776887445.7211027,3.0,-6.0,-41.0
1776887445.7311027,-1.0,-3.0,-41.0
1776887445.7411027,0.0,-1.0,-43.0
1776887445.7511027,0.0,-5.0,-42.0
1776887445.761103,0.0,-6.0,-45.0
1776887445.771103,1.0,-8.0,-40.0
1776887445.781103,4.0,-9.0,-40.0
1776887445.7911026,0.0,-7.0,-36.0
1776887445.8011026,0.0,-10.0,-33.0
1776887445.8111026,-1.0,-13.0,-37.0
1776887445.8211029,5.0,-11.0,-38.0
1776887445.8311028,0.0,-8.0,-37.0
1776887445.8411028,0.0,-9.0,-31.0
1776887445.8511028,0.0,-4.0,-28.0
1776887445.8611028,-2.0,-11.0,-27.0
1776887445.8711028,-3.0,-10.0,-28.0
1776887445.8821027,-3.0,-5.0,-25.0
1776887445.8911028,-4.0,-5.0,-23.0
1776887445.9011028,-2.0,-5.0,-28.0
1776887445.9111028,1.0,-3.0,-28.0
1776887445.9211028,1.0,1.0,-33.0
1776887445.932103,0.0,2.0,-34.0
1776887445.942103,3.0,-3.0,-34.0
1776887445.952103,2.0,-2.0,-31.0
1776887445.962103,0.0,-4.0,-35.0
1776887445.9721026,0.0,-2.0,-34.0
1776887445.9821026,-5.0,-3.0,-38.0
1776887445.9921026,-3.0,-7.0,-31.0
1776887446.0021029,-1.0,-1.0,-26.0
1776887446.0121028,2.0,0.0,-28.0
1776887446.0221028,-2.0,3.0,-30.0
1776887446.0321028,0.0,0.0,-33.0
1776887446.0421028,-2.0,-5.0,-40.0
1776887446.0521028,-4.0,-8.0,-39.0
1776887446.0621028,-3.0,-6.0,-40.0
1776887446.0721028,1.0,-1.0,-44.0
1776887446.0821028,-1.0,-5.0,-44.0
1776887446.0921028,-4.0,-2.0,-46.0
1776887446.1021028,-4.0,-4.0,-43.0
1776887446.1121027,0.0,-5.0,-44.0
1776887446.1221027,-1.0,-6.0,-46.0
1776887446.1321027,-3.0,-7.0,-47.0
1776887446.1421027,-2.0,-8.0,-39.0
1776887446.1521027,0.0,-9.0,-39.0
1776887446.1621027,3.0,-4.0,-38.0
1776887446.1721027,1.0,-7.0,-44.0
1776887446.182103,1.0,-5.0,-42.0
1776887446.192103,1.0,-2.0,-41.0
1776887446.202103,-1.0,-2.0,-42.0
1776887446.212103,0.0,0.0,-39.0
1776887446.2221026,-3.0,0.0,-36.0
1776887446.2321026,-2.0,-4.0,-34.0
1776887446.2421026,2.0,-4.0,-39.0
1776887446.2521029,-2.0,-1.0,-37.0
1776887446.2621028,0.0,-2.0,-33.0
1776887446.2721028,5.0,-1.0,-31.0
1776887446.2821028,5.0,-4.0,-30.0
1776887446.2921028,3.0,-6.0,-34.0
1776887446.3021028,3.0,-4.0,-28.0
1776887446.3121028,0.0,-2.0,-28.0
1776887446.3221028,4.0,-3.0,-24.0
1776887446.3321028,0.0,-3.0,-25.0
1776887446.3421028,3.0,-3.0,-36.0
1776887446.3521028,2.0,0.0,-38.0
1776887446.3621027,0.0,0.0,-43.0
1776887446.3721027,4.0,3.0,-39.0
1776887446.3821027,0.0,4.0,-32.0
1776887446.3921027,2.0,1.0,-30.0
1776887446.4021027,1.0,2.0,-27.0
1776887446.4121027,2.0,-1.0,-27.0
1776887446.4221027,4.0,-2.0,-30.0
1776887446.432103,5.0,-4.0,-27.0
1776887446.442103,3.0,-4.0,-23.0
1776887446.452103,3.0,-3.0,-21.0
1776887446.462103,8.0,-2.0,-24.0
1776887446.4721026,2.0,-2.0,-32.0
1776887446.4821026,2.0,-1.0,-40.0
1776887446.4921026,-1.0,0.0,-38.0
1776887446.5021029,-3.0,1.0,-35.0
1776887446.5121028,-2.0,3.0,-31.0
1776887446.5221028,-3.0,4.0,-28.0
1776887446.5321028,-3.0,1.0,-25.0
1776887446.5421028,-4.0,1.0,-28.0
1776887446.5521028,-3.0,4.0,-32.0
1776887446.5621028,-7.0,4.0,-34.0
1776887446.5721028,-8.0,4.0,-34.0
1776887446.5821028,-5.0,7.0,-34.0
1776887446.5921028,-4.0,8.0,-38.0
1776887446.6021028,-4.0,6.0,-39.0
1776887446.6121027,0.0,1.0,-45.0
1776887446.6221027,0.0,0.0,-42.0
1776887446.6321027,0.0,-1.0,-41.0
1776887446.6421027,0.0,-2.0,-37.0
1776887446.6521027,3.0,-3.0,-27.0
1776887446.6621027,5.0,-9.0,-31.0
1776887446.6721027,7.0,-8.0,-34.0
1776887446.682103,11.0,-5.0,-39.0
1776887446.692103,8.0,0.0,-41.0
1776887446.702103,5.0,-1.0,-41.0
1776887446.712103,4.0,0.0,-31.0
1776887446.7221026,3.0,0.0,-30.0
1776887446.7321026,0.0,0.0,-39.0
1776887446.7421026,2.0,2.0,-38.0
1776887446.7521029,2.0,0.0,-35.0
1776887446.7621028,0.0,1.0,-37.0
1776887446.7721028,2.0,3.0,-38.0
1776887446.7821028,2.0,4.0,-32.0
1776887446.7921028,0.0,-1.0,-34.0
1776887446.8021028,-1.0,-2.0,-37.0
1776887446.8121028,0.0,0.0,-38.0
1776887446.8221028,1.0,0.0,-36.0
1776887446.8321028,-1.0,0.0,-37.0
1776887446.8421028,-3.0,1.0,-42.0
1776887446.8521028,-1.0,4.0,-39.0
1776887446.8621027,1.0,5.0,-31.0
1776887446.8721027,2.0,1.0,-36.0
1776887446.8821027,3.0,3.0,-37.0
1776887446.8921027,3.0,2.0,-35.0
1776887446.9021027,2.0,4.0,-29.0
1776887446.9121027,4.0,6.0,-29.0
1776887446.9221027,1.0,6.0,-31.0
1776887446.932103,2.0,5.0,-34.0
1776887446.942103,0.0,1.0,-34.0
1776887446.952103,0.0,0.0,-37.0
1776887446.962103,0.0,-3.0,-34.0
1776887446.9721026,0.0,-3.0,-33.0
1776887446.9821026,0.0,1.0,-36.0
1776887446.9921026,2.0,0.0,-33.0
1776887447.0021029,3.0,0.0,-33.0
1776887447.0121028,5.0,5.0,-36.0
1776887447.0221028,6.0,5.0,-40.0
1776887447.0321028,7.0,4.0,-42.0
1776887447.0421028,4.0,3.0,-45.0
1776887447.0521028,1.0,0.0,-40.0
1776887447.0621028,-1.0,-2.0,-39.0
1776887447.0721028,1.0,-6.0,-35.0
1776887447.0821028,0.0,-6.0,-37.0
1776887447.0921028,2.0,-7.0,-34.0
1776887447.1021028,1.0,-6.0,-32.0
1776887447.1121027,-1.0,-1.0,-33.0
1776887447.1221027,-5.0,-1.0,-28.0
1776887447.1321027,-6.0,-3.0,-29.0
1776887447.1421027,-5.0,-5.0,-31.0
1776887447.1521027,-1.0,-5.0,-36.0
1776887447.1621027,-1.0,-8.0,-32.0
1776887447.1721027,6.0,-4.0,-32.0
1776887447.182103,9.0,-2.0,-34.0
1776887447.192103,8.0,-4.0,-35.0
1776887447.202103,5.0,-3.0,-33.0
1776887447.212103,7.0,-5.0,-29.0
1776887447.2221026,4.0,-3.0,-27.0
1776887447.2321026,8.0,-3.0,-31.0
1776887447.2421026,7.0,0.0,-31.0
1776887447.2521029,1.0,2.0,-23.0
1776887447.2621028,-3.0,5.0,-26.0
1776887447.2721028,-9.0,8.0,-24.0
1776887447.2821028,-11.0,6.0,-25.0
1776887447.2921028,-5.0,6.0,-29.0
1776887447.3021028,-1.0,4.0,-36.0
1776887447.3121028,0.0,-2.0,-35.0
1776887447.3221028,4.0,0.0,-34.0
1776887447.3321028,4.0,-6.0,-43.0
1776887447.3421028,7.0,-3.0,-42.0
1776887447.3521028,7.0,-2.0,-45.0
1776887447.3621027,2.0,-3.0,-35.0
1776887447.3721027,0.0,-5.0,-34.0
1776887447.3821027,0.0,-10.0,-26.0
1776887447.3921027,-3.0,-7.0,-23.0
1776887447.4021027,-1.0,-5.0,-28.0
1776887447.4121027,-3.0,-5.0,-32.0
1776887447.4221027,-2.0,-4.0,-37.0
1776887447.432103,1.0,-2.0,-35.0
1776887447.442103,3.0,-3.0,-32.0
1776887447.452103,4.0,-4.0,-35.0
1776887447.462103,6.0,-1.0,-37.0
1776887447.4721026,5.0,-1.0,-35.0
1776887447.4821026,3.0,0.0,-36.0
1776887447.4921026,1.0,-1.0,-36.0
1776887447.5021029,0.0,0.0,-32.0
1776887447.5121028,0.0,-2.0,-25.0
1776887447.5221028,-2.0,-5.0,-37.0
1776887447.5321028,-2.0,-5.0,-41.0
1776887447.5421028,-3.0,-3.0,-41.0
1776887447.5521028,-3.0,-1.0,-44.0
1776887447.5621028,-4.0,-1.0,-44.0
1776887447.5721028,-1.0,-1.0,-35.0
1776887447.5821028,-2.0,-2.0,-33.0
1776887447.5921028,-1.0,-4.0,-35.0
1776887447.6021028,-1.0,-3.0,-38.0
1776887447.613103,-2.0,-7.0,-38.0
1776887447.6221027,0.0,-7.0,-38.0
1776887447.6321027,4.0,-5.0,-33.0
1776887447.6421027,0.0,-4.0,-33.0
1776887447.6521027,1.0,-4.0,-37.0
1776887447.6621027,-3.0,-5.0,-38.0
1776887447.6721027,-5.0,-2.0,-35.0
1776887447.682103,-4.0,-1.0,-38.0
1776887447.692103,-7.0,3.0,-43.0
1776887447.702103,-3.0,0.0,-41.0
1776887447.712103,0.0,0.0,-41.0
1776887447.7221026,-4.0,0.0,-41.0
1776887447.7321026,-6.0,0.0,-40.0
1776887447.7421026,-7.0,-1.0,-33.0
1776887447.7521029,-3.0,1.0,-36.0
1776887447.7621028,1.0,0.0,-36.0
1776887447.7721028,4.0,-2.0,-42.0
1776887447.7821028,3.0,-1.0,-35.0
1776887447.7921028,3.0,-1.0,-37.0
1776887447.8021028,4.0,-1.0,-33.0
1776887447.8121028,2.0,-2.0,-34.0
1776887447.8221028,0.0,-2.0,-32.0
1776887447.8321028,-2.0,-2.0,-28.0
1776887447.8421028,-1.0,-2.0,-21.0
1776887447.8521028,-1.0,-5.0,-25.0
1776887447.8621027,-4.0,-3.0,-32.0
1776887447.8721027,-6.0,0.0,-32.0
1776887447.883103,-5.0,-1.0,-25.0
1776887447.8921027,-5.0,0.0,-25.0
1776887447.9021027,-6.0,0.0,-31.0
1776887447.9121027,-4.0,4.0,-30.0
1776887447.9221027,-1.0,0.0,-40.0
1776887447.9331028,-4.0,-3.0,-44.0
1776887447.9431028,-5.0,-4.0,-49.0
1776887447.952103,-8.0,-4.0,-54.0
1776887447.9631028,-8.0,-6.0,-49.0
1776887447.9731028,-9.0,-5.0,-43.0
1776887447.9831028,-11.0,-6.0,-47.0
1776887447.9931028,-9.0,-6.0,-53.0
1776887448.0031028,-2.0,-3.0,-49.0
1776887448.0131028,-4.0,-1.0,-46.0
1776887448.0231028,-5.0,0.0,-43.0
1776887448.0331028,-4.0,1.0,-43.0
1776887448.0431027,-5.0,0.0,-44.0
1776887448.0531027,-5.0,0.0,-48.0
1776887448.0631027,-4.0,-1.0,-41.0
1776887448.0731027,0.0,-1.0,-38.0
1776887448.0831027,4.0,-1.0,-34.0
1776887448.0931027,0.0,-1.0,-38.0
1776887448.1031027,-1.0,-2.0,-43.0
1776887448.113103,0.0,-4.0,-49.0
1776887448.123103,-1.0,-5.0,-50.0
1776887448.133103,-7.0,-3.0,-43.0
1776887448.1431026,-4.0,-1.0,-40.0
1776887448.1531026,-1.0,0.0,-42.0
1776887448.1631026,-1.0,-2.0,-42.0
1776887448.1731029,-3.0,0.0,-36.0
1776887448.1831028,-4.0,-2.0,-40.0
1776887448.1931028,-1.0,-2.0,-47.0
1776887448.2031028,-2.0,0.0,-43.0
1776887448.2131028,-3.0,2.0,-41.0
1776887448.2231028,0.0,2.0,-34.0
1776887448.2331028,3.0,4.0,-28.0
1776887448.2431028,2.0,4.0,-28.0
1776887448.2531028,2.0,4.0,-30.0
1776887448.2631028,0.0,1.0,-27.0
1776887448.2731028,-7.0,4.0,-32.0
1776887448.2831028,-11.0,3.0,-35.0
1776887448.2931027,-10.0,-1.0,-35.0
1776887448.3031027,-10.0,0.0,-38.0
1776887448.3131027,-7.0,0.0,-40.0
1776887448.3231027,-7.0,0.0,-37.0
1776887448.3331027,-7.0,0.0,-35.0
1776887448.3431027,-5.0,-2.0,-36.0
1776887448.3531027,-2.0,-3.0,-39.0
1776887448.363103,-3.0,-2.0,-44.0
1776887448.373103,-5.0,0.0,-37.0
1776887448.383103,0.0,1.0,-29.0
1776887448.3931026,-2.0,-2.0,-23.0
1776887448.4031026,0.0,-1.0,-23.0
1776887448.4131026,0.0,0.0,-31.0
1776887448.4231029,-3.0,-3.0,-31.0
1776887448.4331028,-3.0,-6.0,-30.0
1776887448.4431028,-2.0,-7.0,-33.0
1776887448.4531028,-3.0,-6.0,-26.0
1776887448.4631028,0.0,-8.0,-23.0
1776887448.4731028,0.0,-3.0,-32.0
1776887448.4831028,-3.0,-2.0,-38.0
1776887448.4931028,-5.0,-4.0,-44.0
1776887448.5031028,-5.0,-6.0,-44.0
1776887448.5131028,-4.0,-2.0,-41.0
1776887448.5231028,-4.0,-1.0,-40.0
1776887448.5331028,-4.0,-1.0,-34.0
1776887448.5431027,0.0,-3.0,-34.0
1776887448.5531027,1.0,-1.0,-40.0
1776887448.5631027,1.0,0.0,-40.0
1776887448.5731027,0.0,0.0,-43.0
1776887448.5831027,2.0,-2.0,-36.0
1776887448.5931027,3.0,-5.0,-31.0
1776887448.6031027,4.0,-4.0,-33.0
1776887448.613103,6.0,-1.0,-32.0
1776887448.623103,3.0,-2.0,-32.0
1776887448.633103,5.0,-5.0,-32.0
1776887448.6431026,4.0,-1.0,-32.0
1776887448.6531026,5.0,-4.0,-23.0
1776887448.6631026,0.0,-5.0,-28.0
1776887448.6731029,4.0,-5.0,-22.0
1776887448.6831028,7.0,-4.0,-25.0
1776887448.6931028,4.0,-2.0,-28.0
1776887448.7031028,6.0,-1.0,-23.0
1776887448.7131028,2.0,-2.0,-23.0
1776887448.7231028,4.0,-5.0,-23.0
1776887448.7331028,3.0,-1.0,-25.0
1776887448.7431028,4.0,1.0,-26.0
1776887448.7531028,5.0,4.0,-27.0
1776887448.7631028,6.0,7.0,-31.0
1776887448.7731028,9.0,5.0,-30.0
1776887448.7831028,8.0,1.0,-31.0
1776887448.7931027,11.0,0.0,-34.0
1776887448.8031027,9.0,-1.0,-32.0
1776887448.8131027,9.0,-5.0,-25.0
1776887448.8231027,4.0,-1.0,-30.0
1776887448.8331027,6.0,-2.0,-25.0
1776887448.8431027,9.0,-2.0,-25.0
1776887448.8531027,12.0,-1.0,-28.0
1776887448.863103,8.0,2.0,-34.0
1776887448.873103,9.0,3.0,-30.0
1776887448.883103,9.0,2.0,-32.0
1776887448.8931026,5.0,6.0,-32.0
1776887448.9031026,5.0,7.0,-32.0
1776887448.9131026,4.0,2.0,-34.0
1776887448.9231029,3.0,0.0,-39.0
1776887448.9331028,0.0,0.0,-35.0
1776887448.9431028,-3.0,2.0,-36.0
1776887448.9531028,-2.0,1.0,-41.0
1776887448.9631028,1.0,4.0,-46.0
1776887448.9731028,2.0,2.0,-44.0
1776887448.9831028,1.0,2.0,-41.0
1776887448.9931028,0.0,3.0,-50.0
1776887449.0031028,0.0,2.0,-47.0
1776887449.0131028,0.0,2.0,-43.0
1776887449.0231028,0.0,1.0,-45.0
1776887449.0331028,0.0,1.0,-41.0
1776887449.0431027,3.0,0.0,-42.0
1776887449.0531027,-1.0,-2.0,-35.0
1776887449.0631027,-1.0,-5.0,-32.0
1776887449.0731027,-3.0,-1.0,-35.0
1776887449.0831027,-4.0,1.0,-41.0
1776887449.0931027,-6.0,-3.0,-37.0
1776887449.1031027,-7.0,-7.0,-38.0
1776887449.113103,-5.0,-7.0,-40.0
1776887449.123103,-1.0,-10.0,-41.0
1776887449.133103,-3.0,-9.0,-40.0
1776887449.1431026,0.0,-7.0,-44.0
1776887449.1531026,0.0,-7.0,-41.0
1776887449.1631026,3.0,-7.0,-36.0
1776887449.1731029,4.0,-3.0,-34.0
1776887449.1831028,3.0,-5.0,-38.0
1776887449.1931028,4.0,-1.0,-35.0
1776887449.2031028,6.0,-4.0,-41.0
1776887449.2131028,6.0,-5.0,-46.0
1776887449.2231028,4.0,-4.0,-39.0
1776887449.2331028,1.0,-1.0,-37.0
1776887449.2431028,1.0,-3.0,-34.0
1776887449.2531028,5.0,1.0,-32.0
1776887449.2631028,2.0,1.0,-31.0
1776887449.2731028,3.0,4.0,-37.0
1776887449.2831028,1.0,0.0,-38.0
1776887449.2931027,0.0,-1.0,-36.0
1776887449.3031027,-1.0,0.0,-38.0
1776887449.3131027,-1.0,0.0,-36.0
1776887449.3231027,-1.0,3.0,-45.0
1776887449.3331027,1.0,0.0,-47.0
1776887449.3431027,0.0,-1.0,-48.0
1776887449.3531027,-3.0,0.0,-41.0
1776887449.363103,-6.0,-2.0,-37.0
1776887449.373103,-1.0,0.0,-42.0
1776887449.383103,-2.0,0.0,-40.0
1776887449.3931026,-1.0,3.0,-47.0
1776887449.4031026,1.0,2.0,-49.0
1776887449.4131026,2.0,0.0,-45.0
1776887449.4231029,1.0,-6.0,-44.0
1776887449.4331028,0.0,-7.0,-46.0
1776887449.4431028,2.0,-9.0,-45.0
1776887449.4531028,5.0,-7.0,-38.0
1776887449.4631028,2.0,-6.0,-41.0
1776887449.4731028,3.0,-7.0,-39.0
1776887449.4831028,5.0,-10.0,-43.0
1776887449.4931028,1.0,-8.0,-40.0
1776887449.5031028,1.0,-9.0,-40.0
1776887449.5131028,3.0,-7.0,-37.0
1776887449.5231028,4.0,-6.0,-42.0
1776887449.5331028,1.0,-6.0,-44.0
1776887449.5431027,2.0,-8.0,-49.0
1776887449.5531027,-1.0,-8.0,-46.0
1776887449.5631027,0.0,-9.0,-49.0
1776887449.5731027,-1.0,-6.0,-41.0
1776887449.5831027,-2.0,-5.0,-34.0
1776887449.5931027,1.0,0.0,-36.0
1776887449.6031027,0.0,5.0,-32.0
1776887449.613103,-2.0,1.0,-38.0
1776887449.623103,-1.0,-2.0,-35.0
1776887449.633103,0.0,-4.0,-37.0
1776887449.6431026,5.0,-5.0,-32.0
1776887449.6531026,2.0,-7.0,-37.0
1776887449.6631026,5.0,-4.0,-40.0
1776887449.6731029,2.0,-3.0,-41.0
1776887449.6831028,-1.0,-6.0,-43.0
1776887449.6931028,-2.0,-7.0,-41.0
1776887449.7031028,-2.0,-2.0,-37.0
1776887449.7131028,-1.0,2.0,-36.0
1776887449.7231028,-2.0,0.0,-35.0
1776887449.7331028,0.0,-4.0,-37.0
1776887449.7431028,3.0,-5.0,-38.0
1776887449.7531028,4.0,-2.0,-39.0
1776887449.7631028,5.0,-5.0,-32.0
1776887449.7731028,2.0,-5.0,-33.0
1776887449.7831028,2.0,-4.0,-29.0
1776887449.7931027,2.0,-4.0,-35.0
1776887449.8031027,0.0,-4.0,-37.0
1776887449.8131027,4.0,-8.0,-36.0
1776887449.8231027,6.0,-7.0,-33.0
1776887449.8331027,7.0,-7.0,-31.0
1776887449.8431027,11.0,-4.0,-35.0
1776887449.8531027,9.0,-1.0,-36.0
1776887449.863103,11.0,-5.0,-34.0
1776887449.873103,9.0,-7.0,-36.0
1776887449.883103,7.0,-5.0,-36.0
1776887449.8931026,5.0,0.0,-41.0
1776887449.9031026,0.0,2.0,-44.0
1776887449.9141028,-1.0,0.0,-45.0
1776887449.9231029,4.0,1.0,-43.0
1776887449.9341028,5.0,4.0,-40.0
1776887449.9431028,3.0,1.0,-39.0
1776887449.9541028,3.0,3.0,-36.0
1776887449.9641027,1.0,2.0,-31.0
1776887449.9741027,4.0,3.0,-29.0
1776887449.9841027,3.0,3.0,-25.0
1776887449.9941027,0.0,-2.0,-31.0
1776887450.0041027,1.0,-2.0,-26.0
1776887450.0141027,0.0,-1.0,-33.0
1776887450.0241027,0.0,-1.0,-34.0
1776887450.034103,-2.0,0.0,-28.0
1776887450.044103,0.0,1.0,-26.0
1776887450.054103,2.0,0.0,-25.0
1776887450.0641026,1.0,1.0,-29.0
1776887450.0741026,-2.0,-4.0,-30.0
1776887450.0841026,0.0,-2.0,-33.0
1776887450.0941026,0.0,-3.0,-28.0
1776887450.1041028,-3.0,-2.0,-28.0
1776887450.1141028,-1.0,-3.0,-29.0
1776887450.1241028,0.0,-7.0,-35.0
1776887450.1341028,3.0,-5.0,-34.0
1776887450.1441028,2.0,-6.0,-35.0
1776887450.1541028,1.0,0.0,-41.0
1776887450.1641028,0.0,3.0,-46.0
1776887450.1741028,2.0,1.0,-49.0
1776887450.1841028,4.0,0.0,-47.0
1776887450.1941028,2.0,1.0,-43.0
1776887450.2041028,0.0,1.0,-45.0
1776887450.2141027,-4.0,1.0,-47.0
1776887450.2241027,-5.0,1.0,-40.0
1776887450.2341027,-7.0,1.0,-35.0
1776887450.2441027,-8.0,4.0,-31.0
1776887450.2541027,-5.0,4.0,-33.0
1776887450.2641027,-5.0,2.0,-37.0
1776887450.2741027,-8.0,1.0,-47.0
1776887450.284103,-4.0,0.0,-50.0
1776887450.294103,-2.0,-2.0,-49.0
1776887450.304103,-10.0,0.0,-48.0
1776887450.3141026,-5.0,-2.0,-44.0
1776887450.3241026,-4.0,-4.0,-46.0
1776887450.3341026,-6.0,-2.0,-42.0
1776887450.3441026,-2.0,-5.0,-41.0
1776887450.3541028,1.0,-4.0,-39.0
1776887450.3641028,-2.0,0.0,-41.0
1776887450.3741028,-5.0,0.0,-41.0
1776887450.3841028,-6.0,1.0,-42.0
1776887450.3941028,-4.0,1.0,-39.0
1776887450.4041028,-4.0,2.0,-41.0
1776887450.4141028,-4.0,0.0,-36.0
1776887450.4241028,-2.0,-2.0,-36.0
1776887450.4341028,0.0,-2.0,-31.0
1776887450.4441028,0.0,-4.0,-36.0
1776887450.4541028,-6.0,-3.0,-36.0
1776887450.4641027,-6.0,1.0,-34.0
1776887450.4741027,-6.0,2.0,-34.0
1776887450.4841027,-6.0,1.0,-32.0
1776887450.4941027,-9.0,3.0,-31.0
1776887450.5041027,-11.0,0.0,-33.0
1776887450.5141027,-6.0,0.0,-37.0
1776887450.5241027,-1.0,1.0,-40.0
1776887450.534103,0.0,2.0,-31.0
1776887450.544103,3.0,5.0,-36.0
1776887450.554103,3.0,7.0,-46.0
1776887450.5641026,2.0,9.0,-46.0
1776887450.5741026,6.0,4.0,-46.0
1776887450.5841026,4.0,2.0,-47.0
1776887450.5941026,7.0,1.0,-44.0
1776887450.6041028,10.0,0.0,-39.0
1776887450.6141028,7.0,-2.0,-33.0
1776887450.6241028,3.0,0.0,-35.0
1776887450.6341028,2.0,-1.0,-33.0
1776887450.6441028,0.0,-5.0,-37.0
1776887450.6541028,-4.0,-5.0,-37.0
1776887450.6641028,-1.0,-8.0,-36.0
1776887450.6741028,-6.0,-6.0,-33.0
1776887450.6841028,-5.0,-3.0,-31.0
1776887450.6941028,-8.0,-6.0,-29.0
1776887450.7041028,-5.0,-6.0,-31.0
1776887450.7141027,-3.0,-1.0,-34.0
1776887450.7241027,-2.0,0.0,-34.0
1776887450.7341027,1.0,1.0,-40.0
1776887450.7441027,1.0,0.0,-44.0
1776887450.7541027,0.0,1.0,-38.0
1776887450.7641027,-1.0,2.0,-40.0
1776887450.7741027,-4.0,0.0,-39.0
1776887450.784103,-4.0,3.0,-36.0
1776887450.794103,-3.0,0.0,-29.0
1776887450.804103,-3.0,-6.0,-31.0
1776887450.8141026,-3.0,-6.0,-33.0
1776887450.8241026,-5.0,-12.0,-34.0
1776887450.8341026,-7.0,-8.0,-31.0
1776887450.8441026,-5.0,-5.0,-34.0
1776887450.8541028,-5.0,-3.0,-35.0
1776887450.8641028,-4.0,-1.0,-39.0
1776887450.8741028,-4.0,2.0,-40.0
1776887450.8841028,-1.0,1.0,-45.0
1776887450.8941028,-1.0,1.0,-42.0
1776887450.9041028,0.0,3.0,-45.0
1776887450.9141028,-4.0,0.0,-50.0
1776887450.9241028,-3.0,-4.0,-44.0
1776887450.9341028,-1.0,-4.0,-44.0
1776887450.9441028,-1.0,-2.0,-42.0
1776887450.9541028,-1.0,0.0,-47.0
1776887450.9641027,-1.0,0.0,-45.0
1776887450.9741027,-2.0,-1.0,-44.0
1776887450.9841027,1.0,-3.0,-42.0
1776887450.9941027,2.0,-4.0,-47.0
1776887451.0041027,2.0,-5.0,-42.0
1776887451.0141027,2.0,-2.0,-39.0
1776887451.0241027,5.0,-4.0,-38.0
1776887451.034103,4.0,-4.0,-36.0
1776887451.044103,3.0,-4.0,-36.0
1776887451.054103,4.0,-2.0,-36.0
1776887451.0641026,3.0,-3.0,-38.0
1776887451.0741026,5.0,-3.0,-34.0
1776887451.0841026,5.0,-2.0,-35.0
1776887451.0941026,-1.0,-2.0,-32.0
1776887451.1041028,-1.0,-2.0,-31.0
1776887451.1141028,2.0,0.0,-32.0
1776887451.1241028,0.0,2.0,-33.0
1776887451.1341028,-3.0,1.0,-38.0
1776887451.1441028,-3.0,-2.0,-37.0
1776887451.1541028,-6.0,-2.0,-39.0
1776887451.1641028,-6.0,-2.0,-37.0
1776887451.1741028,-1.0,-5.0,-27.0
1776887451.1841028,1.0,-5.0,-27.0
1776887451.1941028,1.0,0.0,-36.0
1776887451.2041028,0.0,-2.0,-46.0
1776887451.2141027,-9.0,1.0,-48.0
1776887451.2241027,-12.0,0.0,-43.0
1776887451.2341027,-10.0,0.0,-42.0
1776887451.2441027,-9.0,-1.0,-40.0
1776887451.2541027,-12.0,3.0,-39.0
1776887451.2641027,-9.0,2.0,-35.0
1776887451.2741027,-4.0,1.0,-30.0
1776887451.284103,0.0,3.0,-32.0
1776887451.294103,-1.0,4.0,-30.0
1776887451.304103,0.0,0.0,-32.0
1776887451.3141026,2.0,1.0,-33.0
1776887451.3241026,1.0,2.0,-30.0
1776887451.3341026,-2.0,4.0,-36.0
1776887451.3441026,-3.0,6.0,-39.0
1776887451.3541028,-6.0,6.0,-41.0
1776887451.3641028,-2.0,3.0,-37.0
1776887451.3741028,1.0,0.0,-36.0
1776887451.3841028,4.0,1.0,-39.0
1776887451.3941028,3.0,-1.0,-39.0
1776887451.4041028,2.0,1.0,-38.0
1776887451.4141028,3.0,-1.0,-33.0
1776887451.4241028,7.0,0.0,-34.0
1776887451.4341028,10.0,3.0,-34.0
1776887451.4441028,7.0,0.0,-33.0
1776887451.4541028,4.0,0.0,-30.0
1776887451.4641027,2.0,0.0,-36.0
1776887451.4741027,1.0,-2.0,-33.0
1776887451.4841027,4.0,1.0,-26.0
1776887451.4941027,3.0,0.0,-27.0
1776887451.5041027,0.0,2.0,-28.0
1776887451.5141027,-2.0,3.0,-33.0
1776887451.5241027,-2.0,4.0,-30.0
1776887451.534103,0.0,2.0,-32.0
1776887451.544103,2.0,3.0,-32.0
1776887451.554103,1.0,3.0,-35.0
1776887451.5641026,-3.0,2.0,-38.0
1776887451.5741026,-2.0,1.0,-42.0
1776887451.5841026,2.0,0.0,-42.0
1776887451.5941026,-3.0,-2.0,-44.0
1776887451.6041028,-3.0,-2.0,-49.0
1776887451.6141028,-9.0,-1.0,-49.0
1776887451.6241028,-9.0,1.0,-46.0
1776887451.6341028,-8.0,-1.0,-49.0
1776887451.6441028,-3.0,1.0,-46.0
1776887451.6541028,0.0,0.0,-46.0
1776887451.6641028,2.0,-2.0,-50.0
1776887451.6741028,1.0,-5.0,-45.0
1776887451.6841028,0.0,-4.0,-39.0
1776887451.6941028,2.0,-6.0,-37.0
1776887451.7041028,0.0,-8.0,-38.0
1776887451.7141027,-1.0,-3.0,-37.0
1776887451.7241027,-3.0,-1.0,-36.0
1776887451.7341027,-2.0,0.0,-41.0
1776887451.7441027,-3.0,0.0,-49.0
1776887451.7541027,-4.0,0.0,-50.0
1776887451.7641027,-6.0,-1.0,-44.0
1776887451.7741027,-3.0,0.0,-45.0
1776887451.784103,1.0,0.0,-37.0
1776887451.794103,2.0,-3.0,-45.0
1776887451.804103,0.0,-5.0,-51.0
1776887451.8141026,0.0,-5.0,-55.0
1776887451.8241026,1.0,-2.0,-54.0
1776887451.8341026,3.0,0.0,-54.0
1776887451.8441026,2.0,-2.0,-53.0
1776887451.8541028,0.0,-5.0,-57.0
1776887451.8641028,0.0,-8.0,-53.0
1776887451.8741028,-7.0,-6.0,-47.0
1776887451.8841028,-9.0,0.0,-40.0
1776887451.8941028,-3.0,3.0,-35.0
1776887451.9051027,5.0,1.0,-33.0
1776887451.9151027,10.0,-2.0,-29.0
1776887451.9251027,8.0,-3.0,-30.0
1776887451.9351027,8.0,-2.0,-26.0
1776887451.9451027,5.0,-3.0,-31.0
1776887451.9551027,5.0,-2.0,-36.0
1776887451.965103,7.0,0.0,-35.0
1776887451.975103,10.0,-1.0,-31.0
1776887451.985103,9.0,-3.0,-36.0
1776887451.9951026,5.0,-5.0,-33.0
1776887452.0051026,7.0,-3.0,-34.0
1776887452.0151026,5.0,-3.0,-40.0
1776887452.0251029,4.0,-3.0,-39.0
1776887452.0351028,3.0,-2.0,-39.0
1776887452.0451028,-1.0,0.0,-47.0
1776887452.0551028,-1.0,-5.0,-39.0
1776887452.0651028,0.0,-6.0,-27.0
1776887452.0751028,4.0,-5.0,-30.0
1776887452.0851028,1.0,-3.0,-38.0
1776887452.0951028,3.0,3.0,-46.0
1776887452.1051028,1.0,5.0,-51.0
1776887452.1151028,0.0,3.0,-49.0
1776887452.1251028,2.0,5.0,-46.0
1776887452.1351027,-1.0,8.0,-42.0
1776887452.1451027,-3.0,6.0,-36.0
1776887452.1551027,-1.0,4.0,-35.0
1776887452.1651027,-4.0,5.0,-39.0
1776887452.1751027,-4.0,7.0,-46.0
1776887452.1851027,-4.0,8.0,-47.0
1776887452.1951027,-7.0,5.0,-41.0
1776887452.2051027,-4.0,7.0,-39.0
1776887452.215103,-2.0,7.0,-38.0
1776887452.225103,-5.0,10.0,-36.0
1776887452.235103,-3.0,9.0,-35.0
1776887452.2451026,1.0,2.0,-36.0
1776887452.2551026,3.0,-1.0,-34.0
1776887452.2651026,1.0,-4.0,-38.0
1776887452.2751029,2.0,-5.0,-38.0
1776887452.2851028,0.0,-1.0,-40.0
1776887452.2951028,-2.0,3.0,-32.0
1776887452.3051028,0.0,0.0,-34.0
1776887452.3151028,-6.0,-3.0,-37.0
1776887452.3251028,0.0,-4.0,-42.0
1776887452.3351028,-3.0,-5.0,-45.0
1776887452.3451028,-9.0,-9.0,-43.0
1776887452.3551028,-5.0,-11.0,-35.0
1776887452.3651028,-9.0,-7.0,-41.0
1776887452.3751028,-3.0,-6.0,-37.0
1776887452.3851027,-6.0,-4.0,-39.0
1776887452.3951027,-1.0,0.0,-42.0
1776887452.4051027,-4.0,1.0,-34.0
1776887452.4151027,-2.0,4.0,-34.0
1776887452.4261026,2.0,8.0,-39.0
1776887452.4351027,3.0,5.0,-43.0
1776887452.4451027,0.0,2.0,-37.0
1776887452.4551027,-1.0,3.0,-34.0
1776887452.465103,0.0,-1.0,-41.0
1776887452.475103,0.0,-2.0,-42.0
1776887452.485103,1.0,-2.0,-40.0
1776887452.4951026,0.0,-2.0,-43.0
1776887452.5051026,0.0,-2.0,-39.0
1776887452.5151026,-2.0,-1.0,-34.0
1776887452.5251029,-3.0,-1.0,-36.0
1776887452.5351028,-6.0,-2.0,-39.0
1776887452.5451028,1.0,-3.0,-45.0
1776887452.5551028,4.0,-3.0,-47.0
1776887452.5651028,0.0,-4.0,-45.0
1776887452.5751028,-1.0,-4.0,-45.0
1776887452.5851028,-1.0,-7.0,-39.0
1776887452.5951028,-1.0,-7.0,-40.0
1776887452.6051028,-3.0,-5.0,-34.0
1776887452.6151028,-2.0,-7.0,-29.0
1776887452.6251028,-3.0,-6.0,-30.0
1776887452.6351027,-3.0,-3.0,-33.0
1776887452.6451027,4.0,-5.0,-34.0
1776887452.6551027,7.0,-6.0,-32.0
1776887452.6651027,4.0,-8.0,-37.0
1776887452.6751027,6.0,-6.0,-38.0
1776887452.6851027,2.0,-2.0,-40.0
1776887452.6951027,-2.0,-3.0,-42.0
1776887452.7051027,0.0,-4.0,-44.0
1776887452.715103,-2.0,-4.0,-44.0
1776887452.725103,-2.0,-4.0,-35.0
1776887452.735103,-2.0,-1.0,-33.0
1776887452.7451026,-3.0,-4.0,-33.0
1776887452.7551026,2.0,0.0,-37.0
1776887452.7651026,2.0,0.0,-41.0
1776887452.7751029,1.0,0.0,-41.0
1776887452.7851028,2.0,-1.0,-40.0
1776887452.7951028,-1.0,0.0,-44.0
1776887452.8051028,-3.0,-3.0,-37.0
1776887452.8151028,-2.0,0.0,-35.0
1776887452.8251028,1.0,-2.0,-27.0
1776887452.8351028,2.0,-2.0,-29.0
1776887452.8451028,3.0,-2.0,-30.0
1776887452.8551028,2.0,0.0,-26.0
1776887452.8651028,0.0,-3.0,-23.0
1776887452.8751028,1.0,-7.0,-22.0
1776887452.8851027,5.0,-7.0,-27.0
1776887452.8951027,3.0,-9.0,-31.0
1776887452.9051027,3.0,-3.0,-32.0
1776887452.9151027,0.0,-1.0,-38.0
1776887452.9251027,-7.0,-2.0,-41.0
1776887452.9351027,-11.0,2.0,-38.0
1776887452.9451027,-11.0,3.0,-30.0
1776887452.9551027,-11.0,3.0,-20.0
1776887452.965103,-8.0,-4.0,-22.0
1776887452.975103,-5.0,-8.0,-20.0
1776887452.985103,-6.0,-7.0,-23.0
1776887452.9951026,-6.0,-4.0,-33.0
1776887453.0051026,-4.0,-6.0,-33.0
1776887453.0151026,-1.0,-5.0,-38.0
1776887453.0251029,-2.0,-4.0,-34.0
1776887453.0351028,-3.0,-2.0,-35.0
1776887453.0451028,-3.0,-4.0,-37.0
1776887453.0551028,0.0,-6.0,-37.0
1776887453.0651028,3.0,-3.0,-40.0
1776887453.0751028,7.0,-3.0,-38.0
1776887453.0851028,5.0,0.0,-37.0
1776887453.0951028,0.0,0.0,-37.0
1776887453.1051028,0.0,0.0,-34.0
1776887453.1151028,4.0,0.0,-34.0
1776887453.1251028,1.0,-2.0,-30.0
1776887453.1351027,2.0,0.0,-21.0
1776887453.1451027,1.0,-2.0,-26.0
1776887453.1551027,1.0,-5.0,-31.0
1776887453.1651027,1.0,-6.0,-34.0
1776887453.1751027,1.0,-4.0,-35.0
1776887453.1851027,2.0,-4.0,-35.0
1776887453.1951027,0.0,-3.0,-33.0
1776887453.2051027,0.0,-1.0,-28.0
1776887453.215103,-3.0,-5.0,-35.0
1776887453.225103,-4.0,-6.0,-35.0
1776887453.235103,-2.0,-2.0,-39.0
1776887453.2451026,0.0,1.0,-36.0
1776887453.2551026,5.0,1.0,-33.0
1776887453.2651026,5.0,-1.0,-31.0
1776887453.2751029,8.0,0.0,-33.0
1776887453.2851028,9.0,1.0,-30.0
1776887453.2951028,5.0,1.0,-31.0
1776887453.3051028,5.0,3.0,-26.0
1776887453.3151028,6.0,2.0,-30.0
1776887453.3251028,2.0,0.0,-34.0
1776887453.3351028,2.0,-4.0,-34.0
1776887453.3451028,3.0,-3.0,-38.0
1776887453.3551028,0.0,0.0,-41.0
1776887453.3651028,3.0,-3.0,-38.0
1776887453.3751028,1.0,-5.0,-32.0
1776887453.3851027,-4.0,-10.0,-33.0
1776887453.3951027,-2.0,-8.0,-30.0
1776887453.4051027,0.0,-4.0,-32.0
1776887453.4151027,0.0,-7.0,-27.0
1776887453.4251027,4.0,-5.0,-32.0
1776887453.4351027,6.0,-5.0,-37.0
1776887453.4451027,9.0,-6.0,-37.0
1776887453.4551027,6.0,-6.0,-30.0
1776887453.465103,4.0,-6.0,-34.0
1776887453.475103,1.0,-4.0,-30.0
1776887453.485103,-1.0,-1.0,-35.0
1776887453.4951026,4.0,4.0,-41.0
1776887453.5051026,5.0,8.0,-43.0
1776887453.5151026,1.0,6.0,-39.0
1776887453.5251029,-2.0,4.0,-36.0
1776887453.5351028,0.0,2.0,-39.0
1776887453.5451028,2.0,0.0,-38.0
1776887453.5551028,3.0,3.0,-36.0
1776887453.5651028,0.0,2.0,-34.0
1776887453.5751028,1.0,1.0,-29.0
1776887453.5851028,1.0,-4.0,-30.0
1776887453.5951028,4.0,-6.0,-30.0
1776887453.6051028,11.0,-11.0,-32.0
1776887453.6151028,9.0,-8.0,-37.0
1776887453.6251028,5.0,-3.0,-39.0
1776887453.6351027,6.0,-3.0,-37.0
1776887453.6451027,2.0,-6.0,-33.0
1776887453.6551027,1.0,-8.0,-32.0
1776887453.6651027,1.0,-11.0,-34.0
1776887453.6751027,0.0,-7.0,-26.0
1776887453.6851027,-2.0,-3.0,-34.0
1776887453.6951027,-8.0,-1.0,-36.0
1776887453.7051027,-4.0,-2.0,-38.0
1776887453.715103,0.0,-1.0,-31.0
1776887453.725103,0.0,0.0,-25.0
1776887453.735103,3.0,-3.0,-24.0
1776887453.7451026,4.0,-2.0,-26.0
1776887453.7551026,2.0,-2.0,-28.0
1776887453.7651026,0.0,0.0,-34.0
1776887453.7751029,-6.0,0.0,-35.0
1776887453.7851028,-9.0,-1.0,-38.0
1776887453.7951028,-6.0,-6.0,-43.0
1776887453.8051028,3.0,-4.0,-40.0
1776887453.8151028,4.0,-2.0,-33.0
1776887453.8251028,4.0,0.0,-31.0
1776887453.8351028,4.0,5.0,-33.0
1776887453.8451028,6.0,5.0,-28.0
1776887453.8551028,0.0,4.0,-32.0
1776887453.8651028,0.0,-2.0,-36.0
1776887453.8751028,-1.0,-3.0,-38.0
1776887453.8851027,-1.0,-3.0,-33.0
1776887453.8951027,-4.0,1.0,-29.0
1776887453.9051027,-6.0,-1.0,-24.0
1776887453.9151027,-8.0,-1.0,-32.0
1776887453.9261026,-2.0,0.0,-36.0
1776887453.9361026,-1.0,0.0,-35.0
1776887453.9461029,0.0,1.0,-33.0
1776887453.9561028,-1.0,1.0,-39.0
1776887453.9661028,4.0,2.0,-36.0
1776887453.9761028,3.0,0.0,-37.0
1776887453.9861028,3.0,-1.0,-38.0
1776887453.9961028,6.0,-6.0,-28.0
1776887454.0061028,6.0,-6.0,-33.0
1776887454.0161028,1.0,-3.0,-35.0
1776887454.0261028,0.0,-3.0,-35.0
1776887454.0361028,0.0,-8.0,-28.0
1776887454.0461028,2.0,-6.0,-27.0
1776887454.0561028,0.0,-6.0,-26.0
1776887454.0661027,-1.0,-7.0,-29.0
1776887454.0761027,3.0,-4.0,-28.0
1776887454.0861027,4.0,-1.0,-28.0
1776887454.0961027,0.0,-4.0,-30.0
1776887454.1061027,-4.0,-3.0,-33.0
1776887454.1161027,-4.0,1.0,-32.0
1776887454.1261027,-3.0,-1.0,-35.0
1776887454.136103,-3.0,-5.0,-29.0
1776887454.146103,-7.0,-5.0,-32.0
1776887454.156103,-3.0,-9.0,-36.0
1776887454.1661026,-2.0,-7.0,-41.0
1776887454.1761026,-1.0,-7.0,-32.0
1776887454.1861026,1.0,-5.0,-30.0
1776887454.1961029,2.0,0.0,-35.0
1776887454.2061028,9.0,2.0,-42.0
1776887454.2161028,8.0,0.0,-42.0
1776887454.2261028,5.0,1.0,-42.0
1776887454.2361028,4.0,4.0,-36.0
1776887454.2461028,0.0,4.0,-37.0
1776887454.2561028,-3.0,-1.0,-35.0
1776887454.2661028,0.0,-2.0,-34.0
1776887454.2761028,0.0,-2.0,-37.0
1776887454.2861028,-2.0,-5.0,-40.0
1776887454.2961028,-6.0,-6.0,-39.0
1776887454.3061028,-6.0,-7.0,-32.0
1776887454.3161027,-6.0,-4.0,-40.0
1776887454.3261027,-5.0,-7.0,-46.0
1776887454.3361027,-2.0,-7.0,-43.0
1776887454.3461027,-5.0,-8.0,-42.0
1776887454.3561027,-3.0,-10.0,-39.0
1776887454.3661027,-4.0,-10.0,-40.0
1776887454.3761027,0.0,-10.0,-36.0
1776887454.386103,0.0,-11.0,-32.0
1776887454.396103,-2.0,-7.0,-35.0
1776887454.406103,-1.0,-4.0,-35.0
1776887454.4161026,0.0,-5.0,-34.0
1776887454.4261026,-3.0,-1.0,-26.0
1776887454.4361026,-7.0,2.0,-21.0
1776887454.4461029,-3.0,0.0,-24.0
1776887454.4561028,0.0,1.0,-30.0
1776887454.4661028,0.0,6.0,-31.0
1776887454.4761028,1.0,5.0,-36.0
1776887454.4861028,1.0,6.0,-40.0
1776887454.4961028,1.0,6.0,-44.0
1776887454.5061028,2.0,7.0,-44.0
1776887454.5161028,1.0,6.0,-44.0
1776887454.5261028,-1.0,2.0,-45.0
1776887454.5361028,-2.0,4.0,-47.0
1776887454.5461028,0.0,2.0,-45.0
1776887454.5561028,1.0,2.0,-44.0
1776887454.5661027,1.0,2.0,-44.0
1776887454.5761027,-2.0,0.0,-47.0
1776887454.5861027,0.0,-1.0,-42.0
1776887454.5961027,-1.0,1.0,-41.0
1776887454.6061027,-1.0,2.0,-47.0
1776887454.6161027,0.0,2.0,-45.0
1776887454.6261027,-4.0,-2.0,-43.0
1776887454.636103,-4.0,-3.0,-41.0
1776887454.646103,0.0,-6.0,-38.0
1776887454.656103,-1.0,-4.0,-41.0
1776887454.6661026,-2.0,0.0,-43.0
1776887454.6761026,-1.0,-1.0,-44.0
1776887454.6861026,0.0,-2.0,-35.0
1776887454.6961029,0.0,-6.0,-35.0
1776887454.7061028,0.0,-1.0,-37.0
1776887454.7161028,3.0,-2.0,-32.0
1776887454.7261028,11.0,0.0,-30.0
1776887454.7361028,10.0,3.0,-33.0
1776887454.7461028,4.0,4.0,-36.0
1776887454.7561028,0.0,2.0,-40.0
1776887454.7661028,2.0,1.0,-39.0
1776887454.7761028,5.0,-1.0,-38.0
1776887454.7861028,4.0,-1.0,-34.0
1776887454.7961028,3.0,0.0,-35.0
1776887454.8061028,3.0,0.0,-32.0
1776887454.8161027,3.0,-1.0,-30.0
1776887454.8261027,1.0,-6.0,-29.0
1776887454.8361027,0.0,-2.0,-37.0
1776887454.8461027,0.0,1.0,-40.0
1776887454.8561027,-3.0,1.0,-36.0
1776887454.8661027,-3.0,0.0,-35.0
1776887454.8761027,0.0,-1.0,-37.0
1776887454.886103,-1.0,-1.0,-38.0
1776887454.896103,1.0,-3.0,-37.0
1776887454.906103,6.0,0.0,-35.0
1776887454.9161026,2.0,-3.0,-41.0
1776887454.9261026,0.0,-5.0,-41.0
1776887454.9361026,-5.0,-1.0,-46.0
1776887454.9461029,-2.0,0.0,-45.0
1776887454.9561028,2.0,1.0,-41.0
1776887454.9661028,3.0,-1.0,-35.0
1776887454.9761028,3.0,-4.0,-29.0
1776887454.9861028,-3.0,-5.0,-30.0
1776887454.9961028,-8.0,-5.0,-36.0
1776887455.0061028,-7.0,-4.0,-33.0
1776887455.0161028,-2.0,-4.0,-31.0
1776887455.0261028,-1.0,-6.0,-34.0
1776887455.0361028,0.0,-7.0,-35.0
1776887455.0461028,0.0,-5.0,-33.0
1776887455.0561028,-1.0,-7.0,-33.0
1776887455.0661027,-3.0,-4.0,-34.0
1776887455.0761027,-3.0,0.0,-32.0
1776887455.0861027,-1.0,2.0,-29.0
1776887455.0961027,-3.0,2.0,-35.0
1776887455.1061027,1.0,-4.0,-39.0
1776887455.1161027,-2.0,-2.0,-45.0
1776887455.1261027,0.0,-2.0,-47.0
1776887455.136103,3.0,-4.0,-42.0
1776887455.146103,4.0,-5.0,-33.0
1776887455.156103,1.0,-6.0,-36.0
1776887455.1661026,5.0,-2.0,-34.0
1776887455.1761026,4.0,-3.0,-29.0
1776887455.1861026,4.0,-3.0,-37.0
1776887455.1961029,6.0,-5.0,-31.0
1776887455.2061028,8.0,-6.0,-35.0
1776887455.2161028,7.0,-5.0,-44.0
1776887455.2261028,6.0,-3.0,-40.0
1776887455.2361028,3.0,-3.0,-38.0
1776887455.2461028,2.0,1.0,-39.0
1776887455.2561028,3.0,0.0,-43.0
1776887455.2661028,3.0,2.0,-40.0
1776887455.2761028,6.0,3.0,-39.0
1776887455.2861028,2.0,3.0,-38.0
1776887455.2961028,4.0,1.0,-35.0
1776887455.3061028,4.0,0.0,-36.0
1776887455.3161027,6.0,-1.0,-35.0
1776887455.3261027,3.0,-4.0,-33.0
1776887455.3361027,4.0,-4.0,-38.0
1776887455.3461027,1.0,-4.0,-40.0
1776887455.3561027,1.0,-2.0,-45.0
1776887455.3661027,-1.0,2.0,-48.0
1776887455.3761027,-5.0,1.0,-50.0
1776887455.386103,-7.0,4.0,-48.0
1776887455.396103,-5.0,4.0,-37.0
1776887455.406103,-1.0,3.0,-43.0
1776887455.4161026,5.0,3.0,-45.0
1776887455.4261026,0.0,6.0,-48.0
1776887455.4361026,2.0,6.0,-49.0
1776887455.4461029,-1.0,3.0,-44.0
1776887455.4561028,0.0,0.0,-37.0
1776887455.4661028,0.0,-2.0,-34.0
1776887455.4761028,0.0,0.0,-34.0
1776887455.4861028,5.0,-2.0,-41.0
1776887455.4961028,2.0,-10.0,-41.0
1776887455.5061028,0.0,-8.0,-40.0
1776887455.5161028,-3.0,-4.0,-45.0
1776887455.5261028,0.0,0.0,-37.0
1776887455.5361028,3.0,0.0,-36.0
1776887455.5461028,-1.0,2.0,-34.0
1776887455.5561028,0.0,1.0,-30.0
1776887455.5661027,5.0,-2.0,-33.0
1776887455.5761027,3.0,-4.0,-35.0
1776887455.5861027,3.0,0.0,-30.0
1776887455.5961027,5.0,7.0,-33.0
1776887455.6061027,5.0,0.0,-37.0
1776887455.6161027,2.0,-2.0,-29.0
1776887455.6261027,0.0,-7.0,-30.0
1776887455.636103,-2.0,-7.0,-35.0
1776887455.646103,-4.0,-3.0,-29.0
1776887455.656103,1.0,-1.0,-25.0
1776887455.6661026,-1.0,-5.0,-21.0
1776887455.6761026,-3.0,-8.0,-30.0
1776887455.6861026,0.0,-7.0,-26.0
1776887455.6961029,1.0,-3.0,-20.0
1776887455.7061028,2.0,0.0,-19.0
1776887455.7161028,2.0,0.0,-27.0
1776887455.7261028,2.0,0.0,-31.0
1776887455.7361028,0.0,-2.0,-34.0
1776887455.7461028,-1.0,-4.0,-30.0
1776887455.7561028,-1.0,-6.0,-29.0
1776887455.7661028,-4.0,-4.0,-36.0
1776887455.7761028,-2.0,-3.0,-35.0
1776887455.7861028,0.0,-7.0,-33.0
1776887455.7961028,0.0,-6.0,-30.0
1776887455.8061028,-3.0,-7.0,-29.0
1776887455.8161027,-1.0,-5.0,-27.0
1776887455.8261027,1.0,-6.0,-32.0
1776887455.8361027,-2.0,-6.0,-29.0
1776887455.8461027,1.0,-8.0,-29.0
1776887455.8561027,0.0,-1.0,-30.0
1776887455.8661027,1.0,0.0,-28.0
1776887455.8771029,0.0,3.0,-27.0
1776887455.886103,-1.0,1.0,-28.0
1776887455.896103,-4.0,0.0,-30.0
1776887455.906103,0.0,-1.0,-33.0
1776887455.9161026,-3.0,-1.0,-38.0
1776887455.9271028,-3.0,0.0,-41.0
1776887455.9371028,0.0,5.0,-36.0
1776887455.9471028,0.0,0.0,-35.0
1776887455.9571028,8.0,-1.0,-35.0
1776887455.9671028,10.0,-5.0,-36.0
1776887455.9771028,13.0,-7.0,-38.0
1776887455.9871027,9.0,-5.0,-35.0
1776887455.9971027,0.0,-3.0,-32.0
1776887456.0071027,-3.0,-1.0,-30.0
1776887456.0171027,-5.0,-4.0,-32.0
1776887456.0271027,-3.0,-3.0,-35.0
1776887456.0371027,-4.0,-3.0,-34.0
1776887456.0471027,-4.0,-5.0,-36.0
1776887456.057103,-5.0,-7.0,-41.0
1776887456.067103,-1.0,-8.0,-39.0
1776887456.077103,0.0,-9.0,-42.0
1776887456.087103,4.0,-4.0,-41.0
1776887456.0971026,-1.0,-5.0,-40.0
1776887456.1071026,0.0,-2.0,-46.0
1776887456.1171026,2.0,-4.0,-40.0
1776887456.1271029,6.0,1.0,-45.0
1776887456.1371028,7.0,2.0,-46.0
1776887456.1471028,3.0,3.0,-48.0
1776887456.1571028,1.0,4.0,-46.0
1776887456.1671028,3.0,2.0,-44.0
1776887456.1771028,1.0,0.0,-45.0
1776887456.1871028,-2.0,-4.0,-45.0
1776887456.1971028,-4.0,-6.0,-42.0
1776887456.2071028,-7.0,-8.0,-33.0
1776887456.2171028,-4.0,-3.0,-34.0
1776887456.2271028,-5.0,-1.0,-29.0
1776887456.2371027,-3.0,-5.0,-28.0
1776887456.2471027,-2.0,-3.0,-29.0
1776887456.2571027,0.0,-3.0,-30.0
1776887456.2671027,4.0,-7.0,-32.0
1776887456.2771027,0.0,-1.0,-31.0
1776887456.2871027,-1.0,0.0,-39.0
1776887456.2971027,-1.0,-1.0,-38.0
1776887456.307103,0.0,-5.0,-38.0
1776887456.317103,1.0,-4.0,-36.0
1776887456.327103,-3.0,-5.0,-40.0
1776887456.337103,-4.0,-4.0,-37.0
1776887456.3471026,-1.0,-3.0,-42.0
1776887456.3571026,0.0,-1.0,-43.0
1776887456.3671026,1.0,-1.0,-37.0
1776887456.3771029,0.0,0.0,-41.0
1776887456.3871028,0.0,-2.0,-43.0
1776887456.3971028,2.0,-1.0,-41.0
1776887456.4071028,2.0,0.0,-44.0
1776887456.4171028,5.0,-2.0,-44.0
1776887456.4271028,5.0,-1.0,-38.0
1776887456.4371028,5.0,-1.0,-37.0
1776887456.4471028,3.0,-5.0,-32.0
1776887456.4571028,0.0,0.0,-26.0
1776887456.4671028,-1.0,-2.0,-33.0
1776887456.4771028,-1.0,-5.0,-26.0
1776887456.4871027,0.0,-2.0,-30.0
1776887456.4971027,-1.0,-3.0,-31.0
1776887456.5071027,-8.0,-3.0,-30.0
1776887456.5171027,-5.0,-5.0,-32.0
1776887456.5271027,-4.0,-3.0,-33.0
1776887456.5371027,0.0,-2.0,-23.0
1776887456.5471027,1.0,0.0,-23.0
1776887456.557103,0.0,0.0,-30.0
1776887456.567103,0.0,-1.0,-30.0
1776887456.577103,2.0,-1.0,-34.0
1776887456.587103,2.0,3.0,-38.0
1776887456.5971026,0.0,0.0,-42.0
1776887456.6071026,1.0,0.0,-36.0
1776887456.6171026,6.0,-1.0,-33.0
1776887456.6271029,6.0,2.0,-30.0
1776887456.6371028,0.0,1.0,-35.0
1776887456.6471028,-1.0,1.0,-27.0
1776887456.6571028,-4.0,0.0,-29.0
1776887456.6671028,0.0,1.0,-28.0
1776887456.6771028,0.0,0.0,-24.0
1776887456.6871028,-1.0,2.0,-23.0
1776887456.6971028,-3.0,0.0,-32.0
1776887456.7071028,0.0,1.0,-37.0
1776887456.7171028,0.0,0.0,-41.0
1776887456.7271028,1.0,2.0,-48.0
1776887456.7371027,0.0,3.0,-51.0
1776887456.7471027,1.0,0.0,-44.0
1776887456.7571027,0.0,2.0,-42.0
1776887456.7671027,-2.0,1.0,-38.0
1776887456.7771027,-1.0,0.0,-34.0
1776887456.7871027,-4.0,4.0,-39.0
1776887456.7971027,-5.0,3.0,-40.0
1776887456.807103,-3.0,1.0,-36.0
1776887456.817103,-7.0,3.0,-31.0
1776887456.827103,-6.0,-2.0,-34.0
1776887456.837103,-2.0,-4.0,-40.0
1776887456.8471026,1.0,-3.0,-47.0
1776887456.8571026,3.0,-4.0,-39.0
1776887456.8671026,9.0,-3.0,-35.0
1776887456.8771029,9.0,-4.0,-36.0
1776887456.8871028,7.0,-6.0,-36.0
1776887456.8971028,5.0,-8.0,-34.0
1776887456.9071028,1.0,-5.0,-41.0
1776887456.9171028,0.0,-8.0,-39.0
1776887456.9271028,3.0,-10.0,-38.0
1776887456.9371028,1.0,-9.0,-42.0
1776887456.9471028,-1.0,-8.0,-41.0
1776887456.9571028,-3.0,-7.0,-40.0
1776887456.9671028,0.0,-2.0,-39.0
1776887456.9771028,-3.0,0.0,-44.0
1776887456.9871027,-1.0,-1.0,-40.0
1776887456.9971027,2.0,-2.0,-35.0
1776887457.0071027,5.0,-4.0,-32.0
1776887457.0171027,4.0,-4.0,-30.0
1776887457.0271027,3.0,-4.0,-33.0
1776887457.0371027,-1.0,-5.0,-42.0
1776887457.0471027,1.0,-5.0,-41.0
1776887457.057103,3.0,-6.0,-45.0
1776887457.067103,2.0,-4.0,-50.0
1776887457.077103,-4.0,-3.0,-49.0
1776887457.087103,-3.0,-2.0,-46.0
1776887457.0971026,0.0,-1.0,-38.0
1776887457.1071026,1.0,-1.0,-35.0
1776887457.1171026,1.0,-1.0,-28.0
1776887457.1271029,0.0,0.0,-34.0
1776887457.1371028,1.0,-1.0,-33.0
1776887457.1471028,-1.0,0.0,-37.0
1776887457.1571028,-1.0,0.0,-39.0
1776887457.1671028,2.0,-1.0,-38.0
1776887457.1771028,7.0,0.0,-35.0
1776887457.1871028,9.0,5.0,-36.0
1776887457.1971028,11.0,2.0,-42.0
1776887457.2071028,5.0,0.0,-41.0
1776887457.2171028,-1.0,0.0,-37.0
1776887457.2271028,-2.0,-1.0,-34.0
1776887457.2371027,1.0,-4.0,-39.0
1776887457.2471027,1.0,-3.0,-43.0
1776887457.2571027,5.0,-7.0,-41.0
1776887457.2671027,-1.0,-6.0,-38.0
1776887457.2771027,0.0,-4.0,-39.0
1776887457.2871027,0.0,-6.0,-41.0
1776887457.2971027,0.0,-5.0,-36.0
1776887457.307103,0.0,-1.0,-33.0
1776887457.317103,1.0,-2.0,-36.0
1776887457.327103,-1.0,-2.0,-37.0
1776887457.337103,-1.0,-3.0,-34.0
1776887457.3471026,-4.0,-7.0,-37.0
1776887457.3571026,-4.0,-4.0,-42.0
1776887457.3671026,-3.0,-5.0,-50.0
1776887457.3771029,0.0,-5.0,-48.0
1776887457.3871028,2.0,-2.0,-50.0
1776887457.3971028,6.0,-3.0,-46.0
1776887457.4071028,5.0,-5.0,-47.0
1776887457.4171028,5.0,-3.0,-43.0
1776887457.4271028,7.0,-2.0,-39.0
1776887457.4371028,7.0,0.0,-39.0
1776887457.4471028,9.0,3.0,-37.0
1776887457.4571028,6.0,4.0,-29.0
1776887457.4671028,6.0,2.0,-25.0
1776887457.4771028,11.0,2.0,-27.0
1776887457.4871027,5.0,0.0,-33.0
1776887457.4971027,2.0,0.0,-39.0
1776887457.5071027,6.0,-2.0,-38.0
1776887457.5171027,9.0,-1.0,-38.0
1776887457.5271027,6.0,0.0,-41.0
1776887457.5371027,7.0,-3.0,-41.0
1776887457.5471027,6.0,1.0,-32.0
1776887457.557103,3.0,0.0,-40.0
1776887457.567103,0.0,0.0,-39.0
1776887457.577103,2.0,3.0,-35.0
1776887457.587103,3.0,1.0,-32.0
1776887457.5971026,5.0,0.0,-36.0
1776887457.6071026,5.0,5.0,-28.0
1776887457.6171026,6.0,4.0,-30.0
1776887457.6271029,8.0,4.0,-27.0
1776887457.6371028,6.0,1.0,-29.0
1776887457.6471028,4.0,-1.0,-23.0
1776887457.6571028,3.0,-1.0,-26.0
1776887457.6671028,0.0,-6.0,-30.0
1776887457.6771028,-5.0,-9.0,-34.0
1776887457.6871028,-6.0,-5.0,-34.0
1776887457.6971028,-9.0,-7.0,-31.0
1776887457.7071028,-4.0,-3.0,-31.0
1776887457.7171028,-4.0,0.0,-38.0
1776887457.7271028,-8.0,1.0,-38.0
1776887457.7371027,-5.0,0.0,-32.0
1776887457.7471027,-2.0,-1.0,-32.0
1776887457.7571027,0.0,-3.0,-35.0
1776887457.7671027,2.0,-7.0,-38.0
1776887457.7771027,1.0,-4.0,-39.0
1776887457.7871027,3.0,-3.0,-35.0
1776887457.7971027,4.0,1.0,-34.0
1776887457.807103,5.0,0.0,-28.0
1776887457.817103,3.0,4.0,-31.0
1776887457.827103,2.0,5.0,-35.0
1776887457.837103,2.0,6.0,-44.0
1776887457.8471026,5.0,3.0,-44.0
1776887457.8571026,3.0,6.0,-35.0
1776887457.8671026,1.0,7.0,-27.0
1776887457.8771029,0.0,4.0,-28.0
1776887457.8871028,-1.0,1.0,-32.0
1776887457.8971028,3.0,-1.0,-35.0
1776887457.9071028,7.0,-1.0,-34.0
1776887457.9171028,10.0,0.0,-29.0
1776887457.9281027,2.0,2.0,-34.0
1776887457.9371028,1.0,0.0,-36.0
1776887457.9481027,3.0,-2.0,-33.0
1776887457.9581027,5.0,-5.0,-31.0
1776887457.9681027,0.0,-4.0,-30.0
1776887457.9781027,-3.0,0.0,-27.0
1776887457.988103,-3.0,-2.0,-27.0
1776887457.998103,0.0,-3.0,-19.0
1776887458.008103,1.0,-3.0,-24.0
1776887458.0181026,2.0,-7.0,-27.0
1776887458.0281026,1.0,-4.0,-27.0
1776887458.0381026,2.0,-2.0,-36.0
1776887458.0481029,0.0,0.0,-45.0
1776887458.0581028,0.0,2.0,-46.0
1776887458.0681028,0.0,0.0,-40.0
1776887458.0781028,1.0,-1.0,-37.0
1776887458.0881028,0.0,-5.0,-40.0
1776887458.0981028,-5.0,-6.0,-34.0
1776887458.1081028,-5.0,-8.0,-37.0
1776887458.1181028,-9.0,-9.0,-38.0
1776887458.1281028,-5.0,-7.0,-25.0
1776887458.1381028,-2.0,-9.0,-26.0
1776887458.1481028,3.0,-9.0,-33.0
1776887458.1581028,2.0,-7.0,-37.0
1776887458.1681027,-2.0,-9.0,-37.0
1776887458.1781027,-4.0,-3.0,-30.0
1776887458.1881027,-5.0,0.0,-32.0
1776887458.1981027,-2.0,2.0,-29.0
1776887458.2081027,4.0,1.0,-31.0
1776887458.2181027,5.0,-2.0,-34.0
1776887458.2281027,4.0,-5.0,-30.0
1776887458.238103,9.0,-6.0,-27.0
1776887458.248103,4.0,-3.0,-29.0
1776887458.258103,5.0,-3.0,-32.0
1776887458.2681026,4.0,0.0,-36.0
1776887458.2781026,3.0,0.0,-34.0
1776887458.2881026,0.0,-1.0,-39.0
1776887458.2981029,0.0,-3.0,-38.0
1776887458.3081028,5.0,-1.0,-30.0
1776887458.3181028,6.0,-1.0,-28.0
1776887458.3281028,5.0,3.0,-37.0
1776887458.3381028,4.0,2.0,-39.0
1776887458.3481028,6.0,0.0,-35.0
1776887458.3581028,3.0,4.0,-36.0
1776887458.3681028,0.0,5.0,-42.0
1776887458.3781028,-3.0,5.0,-44.0
1776887458.3881028,-3.0,2.0,-49.0
1776887458.3981028,0.0,5.0,-50.0
1776887458.4081028,0.0,7.0,-50.0
1776887458.4181027,1.0,2.0,-50.0
1776887458.4281027,5.0,3.0,-52.0
1776887458.4381027,2.0,-3.0,-41.0
1776887458.4481027,1.0,-6.0,-42.0
1776887458.4581027,3.0,-2.0,-43.0
1776887458.4681027,3.0,-3.0,-41.0
1776887458.4781027,0.0,-6.0,-36.0
1776887458.488103,1.0,-6.0,-36.0
1776887458.498103,0.0,-6.0,-30.0
1776887458.508103,2.0,-5.0,-25.0
1776887458.5181026,2.0,-2.0,-25.0
1776887458.5281026,3.0,0.0,-30.0
1776887458.5381026,2.0,-2.0,-28.0
1776887458.5481029,5.0,-2.0,-31.0
1776887458.5581028,11.0,-3.0,-30.0
1776887458.5681028,11.0,-1.0,-36.0
1776887458.5781028,7.0,1.0,-33.0
1776887458.5881028,2.0,0.0,-36.0
1776887458.5981028,7.0,-1.0,-37.0
1776887458.6081028,8.0,-4.0,-39.0
1776887458.6181028,8.0,-6.0,-39.0
1776887458.6281028,-1.0,-2.0,-39.0
1776887458.6381028,-3.0,4.0,-40.0
1776887458.6481028,-5.0,3.0,-31.0
1776887458.6581028,-6.0,5.0,-21.0
1776887458.6681027,-6.0,4.0,-15.0
1776887458.6781027,-1.0,0.0,-20.0
1776887458.6881027,-6.0,2.0,-25.0
1776887458.6981027,-7.0,1.0,-32.0
1776887458.7081027,-6.0,0.0,-40.0
1776887458.7181027,-6.0,0.0,-42.0
1776887458.7281027,-3.0,0.0,-37.0
1776887458.738103,0.0,1.0,-31.0
1776887458.748103,4.0,0.0,-38.0
1776887458.758103,6.0,2.0,-36.0
1776887458.7681026,4.0,6.0,-32.0
1776887458.7781026,1.0,6.0,-35.0
1776887458.7881026,0.0,6.0,-37.0
1776887458.7981029,-1.0,8.0,-32.0
1776887458.8081028,1.0,7.0,-31.0
1776887458.8181028,2.0,4.0,-34.0
1776887458.8281028,-2.0,6.0,-32.0
1776887458.8381028,0.0,6.0,-28.0
1776887458.8481028,0.0,1.0,-35.0
1776887458.8581028,5.0,2.0,-29.0
1776887458.8681028,11.0,-2.0,-36.0
1776887458.8781028,9.0,0.0,-37.0
1776887458.8881028,3.0,1.0,-38.0
1776887458.8981028,4.0,3.0,-39.0
1776887458.9081028,1.0,-1.0,-41.0
1776887458.9181027,6.0,-2.0,-41.0
1776887458.9281027,3.0,-2.0,-45.0
1776887458.9381027,1.0,-5.0,-48.0
1776887458.9481027,2.0,-3.0,-37.0
1776887458.9581027,4.0,-4.0,-40.0
1776887458.9681027,4.0,-5.0,-48.0
1776887458.9781027,0.0,-2.0,-46.0
1776887458.988103,2.0,0.0,-50.0
1776887458.998103,0.0,-2.0,-52.0
1776887459.008103,0.0,0.0,-41.0
1776887459.0181026,-3.0,-1.0,-40.0
1776887459.0281026,-3.0,-1.0,-45.0
1776887459.0381026,0.0,-2.0,-42.0
1776887459.0481029,-1.0,-3.0,-35.0
1776887459.0581028,1.0,-5.0,-34.0
1776887459.0681028,4.0,-7.0,-39.0
1776887459.0781028,3.0,-7.0,-39.0
1776887459.0881028,4.0,-3.0,-38.0
1776887459.0981028,8.0,-1.0,-40.0
1776887459.1081028,9.0,-3.0,-43.0
1776887459.1181028,7.0,1.0,-49.0
1776887459.1281028,4.0,0.0,-49.0
1776887459.1381028,6.0,-2.0,-48.0
1776887459.1481028,3.0,-3.0,-41.0
1776887459.1581028,-2.0,0.0,-40.0
1776887459.1681027,1.0,1.0,-27.0
1776887459.1781027,0.0,1.0,-24.0
1776887459.1881027,0.0,0.0,-24.0
1776887459.1981027,3.0,-3.0,-20.0
1776887459.2081027,8.0,-4.0,-20.0
1776887459.2181027,9.0,-7.0,-25.0
1776887459.2281027,6.0,-3.0,-27.0
1776887459.238103,2.0,-4.0,-29.0
1776887459.248103,4.0,-2.0,-34.0
1776887459.258103,0.0,-4.0,-34.0
1776887459.2681026,-1.0,-1.0,-37.0
1776887459.2781026,1.0,-1.0,-39.0
1776887459.2881026,0.0,-3.0,-37.0
1776887459.2981029,0.0,2.0,-40.0
1776887459.3081028,-2.0,9.0,-41.0
1776887459.3181028,-3.0,4.0,-42.0
1776887459.3281028,-1.0,1.0,-41.0
1776887459.3381028,-1.0,0.0,-41.0
1776887459.3481028,0.0,0.0,-41.0
1776887459.3581028,0.0,2.0,-40.0
1776887459.3681028,4.0,-2.0,-39.0
1776887459.3781028,5.0,-5.0,-41.0
1776887459.3881028,1.0,-7.0,-43.0
1776887459.3981028,4.0,-7.0,-41.0
1776887459.4081028,6.0,-11.0,-38.0
1776887459.4181027,7.0,-12.0,-41.0
1776887459.4281027,4.0,-7.0,-40.0
1776887459.4381027,5.0,-5.0,-43.0
1776887459.4481027,7.0,-5.0,-44.0
1776887459.4581027,8.0,-1.0,-40.0
1776887459.4681027,10.0,-5.0,-36.0
1776887459.4781027,10.0,-8.0,-33.0
1776887459.488103,7.0,-5.0,-33.0
1776887459.498103,6.0,-8.0,-33.0
1776887459.508103,3.0,-5.0,-32.0
1776887459.5181026,2.0,-4.0,-30.0
1776887459.5281026,2.0,0.0,-29.0
1776887459.5381026,0.0,-1.0,-30.0
1776887459.5481029,0.0,-4.0,-37.0
1776887459.5581028,3.0,-9.0,-36.0
1776887459.5681028,2.0,-9.0,-39.0
1776887459.5781028,0.0,-9.0,-37.0
1776887459.5881028,-1.0,-12.0,-37.0
1776887459.5981028,5.0,-10.0,-37.0
1776887459.6081028,9.0,-6.0,-38.0
1776887459.6181028,4.0,-4.0,-45.0
1776887459.6281028,4.0,-3.0,-47.0
1776887459.6381028,2.0,-3.0,-42.0
1776887459.6481028,4.0,-5.0,-38.0
1776887459.6581028,3.0,-6.0,-41.0
1776887459.6681027,1.0,-6.0,-39.0
1776887459.6781027,1.0,-4.0,-40.0
1776887459.6881027,0.0,-2.0,-30.0
1776887459.6981027,-2.0,-3.0,-29.0
1776887459.7081027,0.0,-6.0,-30.0
1776887459.7181027,5.0,-8.0,-32.0
1776887459.7281027,3.0,-4.0,-33.0
1776887459.738103,11.0,-6.0,-33.0
1776887459.748103,8.0,-5.0,-25.0
1776887459.758103,7.0,-7.0,-25.0
1776887459.7681026,7.0,-9.0,-30.0
1776887459.7781026,6.0,-5.0,-36.0
1776887459.7881026,3.0,-4.0,-35.0
1776887459.7981029,5.0,-4.0,-38.0
1776887459.8081028,2.0,-5.0,-43.0
1776887459.8181028,0.0,-2.0,-39.0
1776887459.8281028,0.0,-2.0,-41.0
1776887459.8381028,0.0,-2.0,-39.0
1776887459.8481028,-2.0,-2.0,-37.0
1776887459.8581028,-4.0,-2.0,-36.0
1776887459.8681028,-7.0,-1.0,-36.0
1776887459.8781028,-5.0,0.0,-39.0
1776887459.8881028,-1.0,-3.0,-32.0
1776887459.8981028,-3.0,-3.0,-31.0
1776887459.9081028,-3.0,-3.0,-30.0
1776887459.9181027,-5.0,-4.0,-33.0
1776887459.929103,-3.0,-5.0,-28.0
1776887459.9391026,-7.0,-5.0,-25.0
1776887459.9491026,-6.0,0.0,-23.0
1776887459.9591026,-7.0,-1.0,-24.0
1776887459.9691026,-10.0,0.0,-29.0
1776887459.9791028,-3.0,0.0,-30.0
1776887459.9891028,-1.0,-2.0,-27.0
1776887459.9991028,-5.0,-1.0,-23.0
1776887460.0091028,-5.0,-2.0,-25.0
1776887460.0191028,-4.0,-4.0,-26.0
1776887460.0291028,-4.0,-4.0,-25.0
1776887460.0391028,-3.0,-7.0,-31.0
1776887460.0491028,-3.0,-9.0,-30.0
1776887460.0591028,-3.0,-10.0,-30.0
1776887460.0691028,-1.0,-7.0,-40.0
1776887460.0791028,-1.0,-9.0,-41.0
1776887460.0891027,0.0,-8.0,-36.0
1776887460.0991027,1.0,-6.0,-30.0
1776887460.1091027,4.0,-6.0,-30.0
1776887460.1191027,1.0,-2.0,-30.0
1776887460.1291027,0.0,1.0,-36.0
1776887460.1391027,3.0,-2.0,-41.0
1776887460.1491027,4.0,-5.0,-37.0
1776887460.159103,6.0,-2.0,-35.0
1776887460.169103,10.0,0.0,-29.0
1776887460.179103,11.0,-2.0,-34.0
1776887460.1891026,8.0,-1.0,-36.0
1776887460.1991026,2.0,-1.0,-29.0
1776887460.2091026,3.0,-5.0,-34.0
1776887460.2191026,0.0,-7.0,-33.0
1776887460.2291028,3.0,0.0,-30.0
1776887460.2391028,2.0,2.0,-28.0
1776887460.2491028,5.0,3.0,-34.0
1776887460.2591028,7.0,2.0,-37.0
1776887460.2691028,10.0,4.0,-40.0
1776887460.2791028,10.0,4.0,-36.0
1776887460.2891028,7.0,0.0,-32.0
1776887460.2991028,6.0,-2.0,-24.0
1776887460.3091028,4.0,-1.0,-28.0
1776887460.3191028,5.0,-2.0,-22.0
1776887460.3291028,10.0,-3.0,-25.0
1776887460.3391027,8.0,-1.0,-26.0
1776887460.3491027,9.0,-3.0,-23.0
1776887460.3591027,9.0,-2.0,-19.0
1776887460.3691027,8.0,0.0,-23.0
1776887460.3791027,4.0,-4.0,-24.0
1776887460.3891027,3.0,-3.0,-27.0
1776887460.3991027,-1.0,0.0,-31.0
1776887460.409103,-2.0,0.0,-32.0
1776887460.419103,-3.0,-2.0,-35.0
1776887460.429103,-2.0,-4.0,-38.0
1776887460.4391026,-1.0,-1.0,-39.0
1776887460.4491026,-5.0,-3.0,-35.0
1776887460.4591026,-4.0,-1.0,-32.0
1776887460.4691026,-4.0,1.0,-30.0
1776887460.4791028,-1.0,0.0,-32.0
1776887460.4891028,0.0,-2.0,-27.0
1776887460.4991028,4.0,-4.0,-23.0
1776887460.5091028,3.0,-3.0,-24.0
1776887460.5191028,4.0,-6.0,-36.0
1776887460.5291028,6.0,-2.0,-42.0
1776887460.5391028,5.0,-4.0,-41.0
1776887460.5491028,3.0,-8.0,-36.0
1776887460.5591028,2.0,-11.0,-30.0
1776887460.5691028,0.0,-8.0,-24.0
1776887460.5791028,5.0,-5.0,-30.0
1776887460.5891027,0.0,-1.0,-33.0
1776887460.5991027,-1.0,-2.0,-36.0
1776887460.6091027,-5.0,0.0,-38.0
1776887460.6191027,-4.0,1.0,-36.0
1776887460.6291027,-1.0,0.0,-36.0
1776887460.6391027,2.0,-1.0,-37.0
1776887460.6491027,-2.0,0.0,-38.0
1776887460.659103,-2.0,-1.0,-34.0
1776887460.669103,0.0,1.0,-35.0
1776887460.679103,-1.0,0.0,-31.0
1776887460.6891026,1.0,-2.0,-32.0
1776887460.6991026,1.0,-1.0,-30.0
1776887460.7091026,0.0,0.0,-31.0
1776887460.7191026,-1.0,3.0,-38.0
1776887460.7291028,-3.0,8.0,-39.0
1776887460.7391028,-2.0,5.0,-40.0
1776887460.7491028,-1.0,3.0,-37.0
1776887460.7591028,-4.0,0.0,-38.0
1776887460.7691028,-6.0,4.0,-33.0
1776887460.7791028,-5.0,0.0,-28.0
1776887460.7891028,-3.0,0.0,-36.0
1776887460.7991028,0.0,0.0,-29.0
1776887460.8091028,0.0,-3.0,-27.0
1776887460.8191028,-1.0,-5.0,-34.0
1776887460.8291028,1.0,-4.0,-33.0
1776887460.8391027,0.0,-5.0,-36.0
1776887460.8491027,-2.0,-6.0,-38.0
1776887460.8591027,-4.0,-7.0,-41.0
1776887460.8691027,-7.0,-6.0,-38.0
1776887460.8791027,-9.0,-6.0,-41.0
1776887460.8891027,-6.0,-7.0,-45.0
1776887460.8991027,-3.0,-1.0,-43.0
1776887460.909103,-7.0,0.0,-35.0
1776887460.919103,-10.0,-2.0,-31.0
1776887460.929103,-5.0,-5.0,-29.0
1776887460.9391026,-5.0,-4.0,-29.0
1776887460.9491026,-3.0,-9.0,-32.0
1776887460.9591026,-4.0,-7.0,-38.0
1776887460.9691026,-4.0,-2.0,-35.0
1776887460.9791028,1.0,1.0,-31.0
1776887460.9891028,4.0,0.0,-29.0
1776887460.9991028,4.0,-1.0,-33.0
1776887461.0091028,3.0,-7.0,-31.0
1776887461.0191028,5.0,-9.0,-36.0
1776887461.0291028,9.0,-4.0,-34.0
1776887461.0391028,10.0,-2.0,-30.0
1776887461.0491028,13.0,-2.0,-39.0
1776887461.0591028,14.0,-6.0,-38.0
1776887461.0691028,12.0,-3.0,-37.0
1776887461.0791028,7.0,-2.0,-36.0
1776887461.0891027,6.0,-4.0,-40.0
1776887461.0991027,4.0,-6.0,-35.0
1776887461.1091027,4.0,-9.0,-38.0
1776887461.1191027,0.0,-11.0,-42.0
1776887461.1291027,0.0,-10.0,-35.0
1776887461.1391027,0.0,-5.0,-40.0
1776887461.1491027,0.0,-3.0,-40.0
1776887461.159103,1.0,0.0,-34.0
1776887461.169103,0.0,0.0,-35.0
1776887461.179103,1.0,-1.0,-32.0
1776887461.1891026,0.0,-1.0,-31.0
1776887461.1991026,-1.0,2.0,-25.0
1776887461.2091026,0.0,2.0,-23.0
1776887461.2191026,0.0,3.0,-24.0
1776887461.2291028,0.0,0.0,-18.0
1776887461.2391028,-1.0,0.0,-15.0
1776887461.2491028,5.0,4.0,-14.0
1776887461.2591028,6.0,4.0,-19.0
1776887461.2691028,0.0,3.0,-26.0
1776887461.2791028,-2.0,3.0,-27.0
1776887461.2891028,-1.0,-1.0,-34.0
1776887461.2991028,-5.0,3.0,-36.0
1776887461.3091028,0.0,2.0,-30.0
1776887461.3191028,-2.0,0.0,-32.0
1776887461.3291028,-4.0,0.0,-29.0
1776887461.3391027,-2.0,5.0,-26.0
1776887461.3491027,-5.0,5.0,-17.0
1776887461.3591027,-1.0,0.0,-22.0
1776887461.3691027,-1.0,1.0,-21.0
1776887461.3791027,0.0,4.0,-28.0
1776887461.3891027,-4.0,5.0,-28.0
1776887461.3991027,0.0,5.0,-30.0
1776887461.409103,-1.0,0.0,-29.0
1776887461.419103,-1.0,1.0,-28.0
1776887461.429103,0.0,3.0,-31.0
1776887461.4391026,2.0,5.0,-29.0
1776887461.4491026,6.0,0.0,-33.0
1776887461.4591026,6.0,0.0,-33.0
1776887461.4691026,6.0,-1.0,-36.0
1776887461.4791028,0.0,-3.0,-36.0
1776887461.4891028,3.0,0.0,-43.0
1776887461.4991028,1.0,0.0,-37.0
1776887461.5091028,0.0,-1.0,-39.0
1776887461.5191028,2.0,-2.0,-33.0
1776887461.5291028,0.0,-6.0,-27.0
1776887461.5401027,-1.0,-2.0,-29.0
1776887461.5491028,0.0,-1.0,-31.0
1776887461.5591028,2.0,0.0,-35.0
1776887461.5691028,0.0,-2.0,-31.0
1776887461.5791028,-5.0,-1.0,-35.0
1776887461.5891027,-3.0,-5.0,-41.0
1776887461.5991027,-5.0,-5.0,-39.0
1776887461.6091027,-2.0,-5.0,-39.0
1776887461.6191027,-1.0,-1.0,-31.0
1776887461.6291027,-1.0,1.0,-30.0
1776887461.6391027,-1.0,3.0,-35.0
1776887461.6491027,-1.0,0.0,-36.0
1776887461.659103,0.0,0.0,-37.0
1776887461.669103,-7.0,3.0,-28.0
1776887461.679103,-10.0,0.0,-31.0
1776887461.6891026,-13.0,-3.0,-32.0
1776887461.6991026,-9.0,-1.0,-34.0
1776887461.7091026,-7.0,2.0,-31.0
1776887461.7191026,-3.0,1.0,-33.0
1776887461.7291028,0.0,-1.0,-31.0
1776887461.7391028,2.0,-2.0,-35.0
1776887461.7491028,7.0,-4.0,-32.0
1776887461.7591028,7.0,-4.0,-33.0
1776887461.7691028,4.0,-4.0,-37.0
1776887461.7791028,-3.0,-7.0,-35.0
1776887461.7891028,-6.0,-7.0,-32.0
1776887461.7991028,-2.0,-7.0,-30.0
1776887461.8091028,0.0,-11.0,-33.0
1776887461.8191028,-1.0,-7.0,-31.0
1776887461.8291028,-2.0,-4.0,-36.0
1776887461.8391027,3.0,-2.0,-31.0
1776887461.8491027,5.0,-2.0,-30.0
1776887461.8591027,6.0,0.0,-25.0
1776887461.8691027,2.0,1.0,-30.0
1776887461.8791027,-1.0,0.0,-29.0
1776887461.8891027,-3.0,0.0,-27.0
1776887461.8991027,-3.0,-5.0,-32.0
1776887461.9101028,-3.0,-3.0,-37.0
1776887461.919103,-9.0,-7.0,-33.0
1776887461.9301028,-9.0,-8.0,-26.0
1776887461.9401028,-4.0,-5.0,-34.0
1776887461.9501028,-5.0,-7.0,-31.0
1776887461.9601028,-4.0,-6.0,-36.0
1776887461.9701028,4.0,-6.0,-40.0
1776887461.9801028,5.0,-5.0,-38.0
1776887461.9901028,4.0,-4.0,-41.0
1776887462.0001028,5.0,-1.0,-41.0
1776887462.0101027,0.0,0.0,-42.0
1776887462.0201027,-1.0,0.0,-43.0
1776887462.0301027,-3.0,-1.0,-46.0
1776887462.0401027,-1.0,0.0,-49.0
1776887462.0501027,-1.0,0.0,-48.0
1776887462.0601027,-7.0,-1.0,-48.0
1776887462.0701027,-5.0,-1.0,-50.0
1776887462.0801027,-4.0,-2.0,-44.0
1776887462.090103,1.0,3.0,-41.0
1776887462.100103,1.0,0.0,-37.0
1776887462.110103,1.0,-2.0,-36.0
1776887462.1201026,5.0,-4.0,-34.0
1776887462.1301026,0.0,-5.0,-37.0
1776887462.1401026,-2.0,-6.0,-38.0
1776887462.1501029,-2.0,-4.0,-42.0
1776887462.1601028,2.0,-2.0,-36.0
1776887462.1701028,1.0,-1.0,-35.0
1776887462.1801028,0.0,-1.0,-32.0
1776887462.1901028,-2.0,-1.0,-31.0
1776887462.2001028,-1.0,0.0,-34.0
1776887462.2101028,-3.0,5.0,-40.0
1776887462.2201028,0.0,3.0,-40.0
1776887462.2301028,-1.0,2.0,-40.0
1776887462.2401028,-2.0,1.0,-41.0
1776887462.2501028,-4.0,0.0,-37.0
1776887462.2601027,-5.0,0.0,-30.0
1776887462.2701027,-2.0,0.0,-25.0
1776887462.2801027,0.0,0.0,-29.0
1776887462.2901027,-3.0,0.0,-24.0
1776887462.3001027,-3.0,0.0,-26.0
1776887462.3101027,-4.0,-1.0,-27.0
1776887462.3201027,-5.0,0.0,-28.0
1776887462.3301027,-5.0,1.0,-24.0
1776887462.340103,-6.0,1.0,-28.0
1776887462.350103,-13.0,2.0,-32.0
1776887462.360103,-13.0,0.0,-31.0
1776887462.3701026,-13.0,0.0,-31.0
1776887462.3801026,-12.0,0.0,-27.0
1776887462.3901026,-5.0,1.0,-33.0
1776887462.4001029,0.0,2.0,-40.0
1776887462.4101028,-4.0,-1.0,-46.0
1776887462.4201028,-5.0,0.0,-40.0
1776887462.4301028,-2.0,1.0,-42.0
1776887462.4401028,-1.0,2.0,-36.0
1776887462.4501028,-2.0,3.0,-38.0
1776887462.4601028,-5.0,4.0,-41.0
1776887462.4701028,-8.0,4.0,-37.0
1776887462.4801028,-7.0,0.0,-36.0
1776887462.4901028,-7.0,2.0,-35.0
1776887462.5001028,-2.0,3.0,-35.0
1776887462.5101027,0.0,-2.0,-32.0
1776887462.5201027,-2.0,-1.0,-29.0
1776887462.5301027,1.0,-3.0,-24.0
1776887462.5401027,7.0,-4.0,-24.0
1776887462.5501027,6.0,-4.0,-32.0
1776887462.5601027,5.0,-4.0,-40.0
1776887462.5701027,6.0,-8.0,-40.0
1776887462.5801027,7.0,-7.0,-43.0
1776887462.590103,7.0,-6.0,-39.0
1776887462.600103,5.0,-3.0,-47.0
1776887462.610103,5.0,1.0,-45.0
1776887462.6201026,2.0,0.0,-48.0
1776887462.6301026,0.0,-2.0,-39.0
1776887462.6401026,-2.0,0.0,-40.0
1776887462.6501029,-2.0,1.0,-42.0
1776887462.6601028,-4.0,3.0,-39.0
1776887462.6701028,-6.0,1.0,-36.0
1776887462.6801028,-4.0,2.0,-35.0
1776887462.6901028,-5.0,1.0,-31.0
1776887462.7001028,-3.0,1.0,-31.0
1776887462.7101028,0.0,-1.0,-32.0
1776887462.7201028,1.0,1.0,-30.0
1776887462.7301028,0.0,1.0,-35.0
1776887462.7401028,1.0,5.0,-36.0
1776887462.7501028,5.0,1.0,-37.0
1776887462.7601027,0.0,3.0,-36.0
1776887462.7701027,-4.0,4.0,-35.0
1776887462.7801027,0.0,-2.0,-42.0
1776887462.7901027,-1.0,-4.0,-42.0
1776887462.8001027,0.0,-3.0,-42.0
1776887462.8101027,2.0,-1.0,-37.0
1776887462.8201027,6.0,4.0,-37.0
1776887462.8301027,6.0,7.0,-42.0
1776887462.840103,5.0,4.0,-47.0
1776887462.850103,3.0,6.0,-52.0
1776887462.860103,2.0,3.0,-45.0
1776887462.8701026,0.0,4.0,-39.0
1776887462.8801026,0.0,4.0,-38.0
1776887462.8901026,-1.0,6.0,-33.0
1776887462.9001029,0.0,1.0,-32.0
1776887462.9101028,1.0,0.0,-30.0
1776887462.9201028,3.0,-2.0,-24.0
1776887462.9301028,2.0,0.0,-23.0
1776887462.9401028,0.0,-1.0,-35.0
1776887462.9501028,-1.0,-2.0,-32.0
1776887462.9601028,-2.0,0.0,-34.0
1776887462.9701028,1.0,-2.0,-40.0
1776887462.9801028,0.0,-4.0,-39.0
1776887462.9901028,0.0,-1.0,-43.0
1776887463.0001028,-3.0,-2.0,-42.0
1776887463.0101027,-5.0,-2.0,-39.0
1776887463.0201027,-3.0,-3.0,-47.0
1776887463.0301027,2.0,-2.0,-41.0
1776887463.0401027,6.0,-2.0,-40.0
1776887463.0501027,7.0,0.0,-39.0
1776887463.0601027,4.0,0.0,-39.0
1776887463.0701027,7.0,1.0,-41.0
1776887463.0801027,6.0,0.0,-37.0
1776887463.090103,8.0,0.0,-29.0
1776887463.100103,8.0,2.0,-30.0
1776887463.110103,10.0,0.0,-37.0
1776887463.1201026,8.0,2.0,-39.0
1776887463.1301026,5.0,2.0,-36.0
1776887463.1401026,2.0,6.0,-33.0
1776887463.1501029,6.0,3.0,-32.0
1776887463.1601028,6.0,0.0,-37.0
1776887463.1701028,5.0,-2.0,-45.0
1776887463.1801028,4.0,-3.0,-41.0
1776887463.1901028,5.0,0.0,-43.0
1776887463.2001028,4.0,1.0,-40.0
1776887463.2101028,3.0,0.0,-36.0
1776887463.2201028,2.0,1.0,-36.0
1776887463.2301028,0.0,1.0,-36.0
1776887463.2401028,1.0,3.0,-35.0
1776887463.2501028,6.0,1.0,-38.0
1776887463.2601027,2.0,-5.0,-45.0
1776887463.2701027,4.0,-4.0,-40.0
1776887463.2801027,5.0,-3.0,-39.0
1776887463.2901027,5.0,-3.0,-41.0
1776887463.3001027,7.0,0.0,-43.0
1776887463.3101027,8.0,-2.0,-42.0
1776887463.3201027,4.0,0.0,-46.0
1776887463.3301027,2.0,-4.0,-43.0
1776887463.340103,0.0,0.0,-42.0
1776887463.350103,-1.0,0.0,-42.0
1776887463.360103,-2.0,2.0,-40.0
1776887463.3701026,-2.0,-1.0,-40.0
1776887463.3801026,2.0,-4.0,-42.0
1776887463.3901026,0.0,-3.0,-41.0
1776887463.4001029,4.0,-5.0,-37.0
1776887463.4101028,4.0,-8.0,-34.0
1776887463.4201028,1.0,-2.0,-39.0
1776887463.4301028,0.0,-3.0,-35.0
1776887463.4401028,0.0,-4.0,-30.0
1776887463.4501028,-2.0,-4.0,-36.0
1776887463.4601028,0.0,-1.0,-41.0
1776887463.4701028,0.0,-4.0,-38.0
1776887463.4801028,4.0,-5.0,-36.0
1776887463.4901028,3.0,-9.0,-38.0
1776887463.5001028,1.0,-8.0,-38.0
1776887463.5101027,-2.0,-7.0,-43.0
1776887463.5201027,2.0,-1.0,-43.0
1776887463.5301027,1.0,-4.0,-46.0
1776887463.5401027,5.0,-5.0,-42.0
1776887463.5501027,0.0,-7.0,-41.0
1776887463.5601027,2.0,-3.0,-36.0
1776887463.5701027,0.0,-3.0,-33.0
1776887463.5801027,0.0,-3.0,-30.0
1776887463.590103,0.0,-5.0,-26.0
1776887463.600103,-1.0,-1.0,-36.0
1776887463.610103,0.0,-2.0,-36.0
1776887463.6201026,1.0,-3.0,-37.0
1776887463.6301026,-2.0,-3.0,-37.0
1776887463.6401026,0.0,-4.0,-33.0
1776887463.6501029,0.0,-3.0,-35.0
1776887463.6601028,-1.0,-4.0,-30.0
1776887463.6701028,-4.0,0.0,-30.0
1776887463.6801028,-2.0,-2.0,-30.0
1776887463.6901028,1.0,-2.0,-29.0
1776887463.7001028,1.0,-2.0,-33.0
1776887463.7101028,4.0,0.0,-34.0
1776887463.7201028,6.0,0.0,-36.0
1776887463.7301028,9.0,-6.0,-44.0
1776887463.7401028,9.0,-8.0,-47.0
1776887463.7501028,8.0,-5.0,-39.0
1776887463.7601027,5.0,-3.0,-38.0
1776887463.7701027,1.0,-4.0,-34.0
1776887463.7801027,-1.0,-6.0,-31.0
1776887463.7901027,-3.0,-4.0,-35.0
1776887463.8001027,-3.0,-3.0,-47.0
1776887463.8101027,-6.0,-3.0,-50.0
1776887463.8201027,-6.0,-2.0,-50.0
1776887463.8301027,-4.0,-1.0,-50.0
1776887463.840103,-3.0,-5.0,-49.0
1776887463.850103,0.0,-4.0,-52.0
1776887463.860103,0.0,-2.0,-54.0
1776887463.8701026,4.0,-2.0,-48.0
1776887463.8801026,5.0,-1.0,-48.0
1776887463.8901026,0.0,0.0,-45.0
1776887463.9001029,0.0,-4.0,-46.0
1776887463.9101028,-1.0,-3.0,-40.0
1776887463.9211028,-2.0,-4.0,-41.0
1776887463.9301028,0.0,-3.0,-44.0
1776887463.9401028,0.0,1.0,-46.0
1776887463.9501028,1.0,2.0,-47.0
1776887463.9611027,-1.0,-2.0,-43.0
1776887463.9711027,-1.0,-1.0,-44.0
1776887463.9811027,-2.0,-4.0,-40.0
1776887463.9911027,-3.0,-4.0,-32.0
1776887464.0011027,-1.0,-1.0,-38.0
1776887464.011103,-2.0,-1.0,-39.0
1776887464.021103,-2.0,-2.0,-41.0
1776887464.031103,-4.0,-1.0,-41.0
1776887464.0411026,-4.0,-1.0,-46.0
1776887464.0511026,0.0,0.0,-45.0
1776887464.0611026,0.0,0.0,-49.0
1776887464.0711029,3.0,3.0,-47.0
1776887464.0811028,-1.0,5.0,-43.0
1776887464.0911028,-2.0,4.0,-37.0
1776887464.1011028,-1.0,2.0,-37.0
1776887464.1111028,-2.0,-4.0,-41.0
1776887464.1211028,1.0,-1.0,-41.0
1776887464.1311028,6.0,-2.0,-38.0
1776887464.1411028,7.0,-1.0,-39.0
1776887464.1511028,7.0,0.0,-38.0
1776887464.1611028,6.0,-4.0,-35.0
1776887464.1711028,5.0,-6.0,-41.0
1776887464.1811028,1.0,-2.0,-35.0
1776887464.1911027,1.0,-3.0,-35.0
1776887464.2011027,2.0,-5.0,-33.0
1776887464.2111027,-2.0,-6.0,-35.0
1776887464.2211027,0.0,-2.0,-40.0
1776887464.2311027,-4.0,0.0,-36.0
1776887464.2411027,-3.0,2.0,-34.0
1776887464.2511027,-6.0,0.0,-33.0
1776887464.261103,-6.0,0.0,-34.0
1776887464.271103,-4.0,-3.0,-35.0
1776887464.281103,-6.0,-4.0,-37.0
1776887464.2911026,0.0,0.0,-37.0
1776887464.3011026,1.0,0.0,-39.0
1776887464.3111026,2.0,-4.0,-39.0
1776887464.3211029,0.0,0.0,-37.0
1776887464.3311028,-1.0,-2.0,-35.0
1776887464.3411028,-1.0,-2.0,-32.0
1776887464.3511028,-3.0,-2.0,-40.0
1776887464.3611028,-3.0,-3.0,-42.0
1776887464.3711028,-3.0,-1.0,-39.0
1776887464.3811028,-6.0,0.0,-41.0
1776887464.3911028,-9.0,-5.0,-37.0
1776887464.4011028,-11.0,-5.0,-40.0
1776887464.4111028,-9.0,-2.0,-37.0
1776887464.4211028,-8.0,-3.0,-35.0
1776887464.4311028,-5.0,0.0,-36.0
1776887464.4411027,-1.0,0.0,-34.0
1776887464.4511027,-2.0,2.0,-31.0
1776887464.4611027,0.0,3.0,-34.0
1776887464.4711027,2.0,4.0,-29.0
1776887464.4811027,1.0,0.0,-27.0
1776887464.4911027,3.0,-1.0,-33.0
1776887464.5011027,3.0,-4.0,-40.0
1776887464.511103,6.0,-2.0,-39.0
1776887464.521103,8.0,0.0,-38.0
1776887464.531103,12.0,2.0,-41.0
1776887464.5411026,12.0,1.0,-46.0
1776887464.5511026,10.0,1.0,-48.0
1776887464.5611026,11.0,3.0,-45.0
1776887464.5711029,5.0,6.0,-39.0
1776887464.5811028,2.0,3.0,-40.0
1776887464.5911028,1.0,3.0,-36.0
1776887464.6011028,4.0,1.0,-33.0
1776887464.6121027,4.0,0.0,-36.0
1776887464.6211028,3.0,1.0,-36.0
1776887464.6311028,1.0,-1.0,-30.0
1776887464.6411028,2.0,-5.0,-28.0
1776887464.6511028,-2.0,-6.0,-30.0
1776887464.6611028,-3.0,-9.0,-34.0
1776887464.6711028,-7.0,-9.0,-33.0
1776887464.6811028,-7.0,-5.0,-29.0
1776887464.6911027,-3.0,-3.0,-35.0
1776887464.7011027,-7.0,0.0,-33.0
1776887464.7111027,-4.0,2.0,-36.0
1776887464.7211027,-1.0,1.0,-35.0
1776887464.7311027,0.0,-2.0,-36.0
1776887464.7411027,0.0,-3.0,-33.0
1776887464.7511027,-1.0,-8.0,-28.0
1776887464.761103,2.0,-10.0,-31.0
1776887464.771103,6.0,-5.0,-30.0
1776887464.781103,5.0,-4.0,-32.0
1776887464.7911026,0.0,0.0,-34.0
1776887464.8011026,-2.0,-1.0,-37.0
1776887464.8111026,-2.0,0.0,-33.0
1776887464.8211029,-3.0,-3.0,-36.0
1776887464.8311028,-2.0,-3.0,-37.0
1776887464.8411028,-4.0,-1.0,-36.0
1776887464.8511028,-4.0,-1.0,-34.0
1776887464.8611028,-2.0,-2.0,-35.0
1776887464.8711028,-2.0,-5.0,-33.0
1776887464.8811028,-7.0,-2.0,-31.0
1776887464.8911028,-6.0,-7.0,-27.0
1776887464.9011028,-8.0,-3.0,-35.0
1776887464.9111028,-8.0,0.0,-36.0
1776887464.9211028,-3.0,2.0,-41.0
1776887464.9311028,-5.0,3.0,-42.0
1776887464.9411027,2.0,1.0,-33.0
1776887464.9511027,1.0,-1.0,-35.0
1776887464.9611027,-1.0,1.0,-36.0
1776887464.9711027,0.0,-1.0,-41.0
1776887464.9811027,-8.0,-1.0,-38.0
1776887464.9911027,-9.0,-3.0,-37.0
1776887465.0011027,-9.0,-1.0,-34.0
1776887465.011103,-5.0,-3.0,-32.0
1776887465.021103,0.0,0.0,-31.0
1776887465.031103,2.0,0.0,-27.0
1776887465.0411026,1.0,0.0,-35.0
1776887465.0511026,0.0,0.0,-35.0
1776887465.0611026,6.0,0.0,-39.0
1776887465.0711029,3.0,2.0,-44.0
1776887465.0811028,6.0,0.0,-46.0
1776887465.0911028,8.0,0.0,-36.0
1776887465.1011028,10.0,5.0,-34.0
1776887465.1111028,5.0,5.0,-34.0
1776887465.1211028,2.0,1.0,-32.0
1776887465.1311028,-1.0,2.0,-27.0
1776887465.1411028,0.0,2.0,-30.0
1776887465.1511028,-2.0,7.0,-31.0
1776887465.1611028,1.0,7.0,-25.0
1776887465.1711028,4.0,2.0,-30.0
1776887465.1811028,0.0,4.0,-32.0
1776887465.1911027,-1.0,1.0,-33.0
1776887465.2011027,-4.0,-1.0,-29.0
1776887465.2111027,-5.0,-3.0,-30.0
1776887465.2211027,-1.0,0.0,-30.0
1776887465.2311027,4.0,0.0,-33.0
1776887465.2411027,4.0,0.0,-32.0
1776887465.2511027,2.0,3.0,-36.0
1776887465.261103,1.0,3.0,-30.0
1776887465.271103,1.0,0.0,-37.0
1776887465.281103,1.0,-3.0,-39.0
1776887465.2911026,-1.0,-2.0,-38.0
1776887465.3011026,-5.0,0.0,-34.0
1776887465.3111026,2.0,1.0,-37.0
1776887465.3211029,0.0,-1.0,-31.0
1776887465.3311028,0.0,0.0,-29.0
1776887465.3411028,1.0,2.0,-30.0
1776887465.3511028,4.0,0.0,-33.0
1776887465.3611028,3.0,0.0,-36.0
1776887465.3711028,-2.0,1.0,-38.0
1776887465.3811028,-5.0,0.0,-49.0
1776887465.3911028,-4.0,1.0,-56.0
1776887465.4011028,2.0,-1.0,-54.0
1776887465.4111028,3.0,0.0,-49.0
1776887465.4211028,0.0,4.0,-43.0
1776887465.4311028,0.0,3.0,-37.0
1776887465.4411027,-1.0,1.0,-28.0
1776887465.4511027,-3.0,0.0,-25.0
1776887465.4611027,-2.0,-2.0,-27.0
1776887465.4711027,1.0,-2.0,-37.0
1776887465.4811027,7.0,-2.0,-40.0
1776887465.4911027,3.0,-2.0,-37.0
1776887465.5011027,3.0,-7.0,-40.0
1776887465.511103,1.0,-6.0,-37.0
1776887465.521103,0.0,-2.0,-38.0
1776887465.531103,1.0,-2.0,-34.0
1776887465.5411026,0.0,1.0,-30.0
1776887465.5511026,0.0,-2.0,-34.0
1776887465.5611026,2.0,-1.0,-36.0
1776887465.5711029,1.0,-3.0,-30.0
1776887465.5811028,4.0,-5.0,-37.0
1776887465.5911028,1.0,-1.0,-37.0
1776887465.6011028,0.0,0.0,-36.0
1776887465.6111028,0.0,0.0,-29.0
1776887465.6211028,2.0,1.0,-27.0
1776887465.6311028,3.0,2.0,-22.0
1776887465.6411028,8.0,0.0,-26.0
1776887465.6511028,9.0,0.0,-28.0
1776887465.6611028,8.0,-2.0,-33.0
1776887465.6711028,6.0,0.0,-37.0
1776887465.6811028,6.0,2.0,-44.0
1776887465.6911027,6.0,3.0,-35.0
1776887465.7011027,7.0,-1.0,-29.0
1776887465.7111027,10.0,-4.0,-28.0
1776887465.7211027,10.0,-4.0,-27.0
1776887465.7311027,11.0,-3.0,-31.0
1776887465.7411027,11.0,-1.0,-33.0
1776887465.7511027,12.0,0.0,-32.0
1776887465.761103,13.0,-1.0,-26.0
1776887465.771103,10.0,-3.0,-32.0
1776887465.781103,6.0,-2.0,-26.0
1776887465.7911026,1.0,-2.0,-26.0
1776887465.8011026,5.0,2.0,-27.0
1776887465.8111026,1.0,0.0,-30.0
1776887465.8211029,-3.0,1.0,-34.0
1776887465.8311028,-6.0,-1.0,-33.0
1776887465.8411028,-6.0,0.0,-35.0
1776887465.8511028,-6.0,1.0,-29.0
1776887465.8611028,-5.0,5.0,-30.0
1776887465.8711028,-5.0,1.0,-36.0
1776887465.8811028,0.0,-1.0,-33.0
1776887465.8911028,6.0,0.0,-33.0
1776887465.9011028,6.0,0.0,-37.0
1776887465.9111028,4.0,-1.0,-35.0
1776887465.9211028,0.0,-2.0,-35.0
1776887465.9311028,0.0,-3.0,-35.0
1776887465.942103,0.0,-1.0,-32.0
1776887465.952103,-2.0,2.0,-32.0
1776887465.962103,0.0,6.0,-37.0
1776887465.9721026,2.0,1.0,-34.0
1776887465.9821026,3.0,-2.0,-31.0
1776887465.9921026,-3.0,-6.0,-29.0
1776887466.0021029,-1.0,-5.0,-26.0
1776887466.0121028,-1.0,0.0,-32.0
1776887466.0221028,0.0,1.0,-31.0
1776887466.0321028,2.0,0.0,-31.0
1776887466.0421028,5.0,-3.0,-28.0
1776887466.0521028,3.0,-5.0,-31.0
1776887466.0621028,2.0,-5.0,-26.0
1776887466.0721028,1.0,-8.0,-23.0
1776887466.0821028,0.0,-10.0,-26.0
1776887466.0921028,1.0,-8.0,-34.0
1776887466.1021028,4.0,-9.0,-32.0
1776887466.1121027,6.0,-6.0,-30.0
1776887466.1221027,9.0,-5.0,-29.0
1776887466.1321027,7.0,-2.0,-25.0
1776887466.1421027,4.0,-1.0,-32.0
1776887466.1521027,4.0,1.0,-33.0
1776887466.1621027,0.0,2.0,-31.0
1776887466.1721027,-1.0,8.0,-33.0
1776887466.182103,-5.0,3.0,-36.0
1776887466.192103,-5.0,2.0,-40.0
1776887466.202103,0.0,2.0,-34.0
1776887466.212103,0.0,0.0,-30.0
1776887466.2221026,2.0,-1.0,-27.0
1776887466.2321026,0.0,1.0,-24.0
1776887466.2421026,3.0,3.0,-27.0
1776887466.2521029,5.0,8.0,-32.0
1776887466.2621028,4.0,6.0,-34.0
1776887466.2721028,4.0,2.0,-40.0
1776887466.2821028,6.0,4.0,-47.0
1776887466.2921028,8.0,2.0,-45.0
1776887466.3021028,8.0,1.0,-45.0
1776887466.3121028,4.0,6.0,-38.0
1776887466.3221028,2.0,1.0,-32.0
1776887466.3321028,3.0,3.0,-36.0
1776887466.3421028,-1.0,0.0,-38.0
1776887466.3521028,-1.0,-2.0,-32.0
1776887466.3621027,-5.0,-4.0,-38.0
1776887466.3721027,-2.0,0.0,-44.0
1776887466.3821027,-3.0,0.0,-50.0
1776887466.3921027,-2.0,4.0,-50.0
1776887466.4021027,-4.0,-3.0,-52.0
1776887466.4121027,-5.0,-1.0,-44.0
1776887466.4221027,-6.0,1.0,-44.0
1776887466.432103,-4.0,5.0,-44.0
1776887466.442103,0.0,7.0,-45.0
1776887466.452103,3.0,8.0,-41.0
1776887466.462103,2.0,7.0,-40.0
1776887466.4721026,5.0,4.0,-41.0
1776887466.4821026,6.0,0.0,-41.0
1776887466.4921026,5.0,0.0,-40.0
1776887466.5021029,8.0,-2.0,-41.0
1776887466.5121028,6.0,-1.0,-42.0
1776887466.5221028,8.0,-2.0,-32.0
1776887466.5321028,1.0,-5.0,-33.0
1776887466.5421028,0.0,-5.0,-23.0
1776887466.5521028,0.0,-6.0,-29.0
1776887466.5621028,-2.0,-5.0,-26.0
1776887466.5721028,1.0,-2.0,-35.0
1776887466.5821028,0.0,-2.0,-37.0
1776887466.5921028,-4.0,-2.0,-32.0
1776887466.6021028,0.0,-3.0,-29.0
1776887466.6121027,5.0,-5.0,-24.0
1776887466.6221027,1.0,-3.0,-28.0
1776887466.6321027,5.0,-4.0,-29.0
1776887466.6421027,7.0,-4.0,-35.0
1776887466.6521027,7.0,-4.0,-37.0
1776887466.6621027,6.0,-3.0,-38.0
1776887466.6721027,3.0,-4.0,-32.0
1776887466.682103,-1.0,-3.0,-30.0
1776887466.692103,1.0,-1.0,-33.0
1776887466.702103,-4.0,-1.0,-26.0
1776887466.712103,-8.0,-2.0,-28.0
1776887466.7221026,-6.0,-1.0,-30.0
1776887466.7321026,0.0,0.0,-35.0
1776887466.7421026,0.0,-1.0,-37.0
1776887466.7521029,1.0,-1.0,-38.0
1776887466.7621028,0.0,-2.0,-42.0
1776887466.7721028,1.0,-1.0,-42.0
1776887466.7821028,0.0,-2.0,-42.0
1776887466.7921028,-1.0,-7.0,-40.0
1776887466.8021028,-5.0,-11.0,-39.0
1776887466.8121028,-5.0,-10.0,-34.0
1776887466.8221028,-4.0,-11.0,-36.0
1776887466.8321028,-7.0,-9.0,-39.0
1776887466.8421028,-7.0,-7.0,-41.0
1776887466.8521028,-3.0,-3.0,-38.0
1776887466.8621027,1.0,-2.0,-43.0
1776887466.8721027,2.0,-5.0,-48.0
1776887466.8821027,0.0,-6.0,-44.0
1776887466.8921027,0.0,-5.0,-52.0
1776887466.9021027,2.0,-5.0,-52.0
1776887466.9121027,0.0,-6.0,-48.0
1776887466.9221027,0.0,-7.0,-46.0
1776887466.932103,0.0,-7.0,-37.0
1776887466.942103,2.0,-7.0,-37.0
1776887466.952103,2.0,-5.0,-35.0
1776887466.962103,1.0,-5.0,-29.0
1776887466.9721026,2.0,-6.0,-33.0
1776887466.9821026,0.0,-8.0,-35.0
1776887466.9921026,-3.0,-6.0,-38.0
1776887467.0021029,-4.0,-5.0,-40.0
1776887467.0121028,0.0,-5.0,-41.0
1776887467.0221028,-2.0,-2.0,-38.0
1776887467.0321028,0.0,0.0,-32.0
1776887467.0421028,-1.0,-1.0,-40.0
1776887467.0521028,-1.0,0.0,-32.0
1776887467.0621028,-4.0,-2.0,-31.0
1776887467.0721028,-1.0,-5.0,-28.0
1776887467.0821028,0.0,-6.0,-30.0
1776887467.0921028,0.0,-4.0,-37.0
1776887467.1021028,-3.0,0.0,-40.0
1776887467.1121027,-2.0,0.0,-35.0
1776887467.1221027,0.0,2.0,-38.0
1776887467.1321027,2.0,0.0,-33.0
1776887467.1421027,0.0,-5.0,-35.0
1776887467.1521027,0.0,-3.0,-33.0
1776887467.1621027,0.0,-3.0,-33.0
1776887467.1721027,5.0,-1.0,-40.0
1776887467.182103,3.0,-6.0,-46.0
1776887467.192103,4.0,-5.0,-55.0
1776887467.202103,3.0,-5.0,-46.0
1776887467.212103,5.0,-3.0,-45.0
1776887467.2221026,5.0,-2.0,-46.0
1776887467.2321026,2.0,-2.0,-38.0
1776887467.2421026,6.0,-2.0,-42.0
1776887467.2521029,3.0,-6.0,-44.0
1776887467.2621028,3.0,-5.0,-45.0
1776887467.2721028,2.0,-4.0,-42.0
1776887467.2821028,5.0,-4.0,-38.0
1776887467.2921028,6.0,-1.0,-44.0
1776887467.3021028,5.0,1.0,-42.0
1776887467.3121028,2.0,0.0,-42.0
1776887467.3221028,2.0,0.0,-38.0
1776887467.3321028,1.0,1.0,-43.0
1776887467.3421028,2.0,0.0,-41.0
1776887467.3521028,1.0,-4.0,-39.0
1776887467.3621027,-2.0,-8.0,-34.0
1776887467.3721027,-7.0,-8.0,-26.0
1776887467.3821027,-3.0,-5.0,-31.0
1776887467.3921027,0.0,-4.0,-30.0
1776887467.4021027,-2.0,-2.0,-35.0
1776887467.4121027,0.0,-2.0,-35.0
1776887467.4221027,0.0,0.0,-42.0
1776887467.432103,1.0,0.0,-41.0
1776887467.442103,0.0,-2.0,-41.0
1776887467.452103,-1.0,-1.0,-35.0
1776887467.462103,0.0,-3.0,-28.0
1776887467.4721026,4.0,-4.0,-27.0
1776887467.4821026,1.0,-7.0,-30.0
1776887467.4921026,-1.0,-8.0,-33.0
1776887467.5021029,1.0,-10.0,-38.0
1776887467.5121028,1.0,-7.0,-24.0
1776887467.5221028,1.0,-7.0,-29.0
1776887467.5321028,1.0,-8.0,-27.0
1776887467.5421028,1.0,-9.0,-29.0
1776887467.5521028,0.0,-9.0,-25.0
1776887467.5621028,3.0,-11.0,-26.0
1776887467.5721028,2.0,-10.0,-33.0
1776887467.5821028,1.0,-10.0,-35.0
1776887467.5921028,-2.0,-8.0,-31.0
1776887467.6021028,5.0,-5.0,-27.0
1776887467.6121027,7.0,-9.0,-31.0
1776887467.6221027,7.0,-7.0,-29.0
1776887467.6321027,4.0,-2.0,-31.0
1776887467.6421027,4.0,3.0,-21.0
1776887467.6521027,4.0,0.0,-23.0
1776887467.6621027,-1.0,1.0,-27.0
1776887467.6721027,-1.0,3.0,-20.0
1776887467.682103,-1.0,6.0,-21.0
1776887467.692103,3.0,6.0,-23.0
1776887467.702103,2.0,4.0,-26.0
1776887467.712103,3.0,0.0,-33.0
1776887467.7221026,1.0,-2.0,-32.0
1776887467.7321026,0.0,-6.0,-34.0
1776887467.7421026,-1.0,-6.0,-37.0
1776887467.7521029,0.0,-7.0,-34.0
1776887467.7621028,1.0,-7.0,-31.0
1776887467.7721028,2.0,-7.0,-34.0
1776887467.7821028,0.0,-6.0,-31.0
1776887467.7921028,0.0,-6.0,-27.0
1776887467.8021028,-2.0,-9.0,-26.0
1776887467.8121028,-5.0,-6.0,-30.0
1776887467.8221028,-6.0,0.0,-35.0
1776887467.8321028,-4.0,0.0,-35.0
1776887467.8421028,-7.0,0.0,-43.0
1776887467.8521028,-7.0,-3.0,-39.0
1776887467.8621027,-8.0,-4.0,-34.0
1776887467.8721027,-6.0,-3.0,-34.0
1776887467.8821027,-5.0,0.0,-30.0
1776887467.8921027,-5.0,-1.0,-27.0
1776887467.9021027,-1.0,0.0,-30.0
1776887467.9121027,0.0,0.0,-37.0
1776887467.9221027,3.0,1.0,-35.0
1776887467.932103,5.0,1.0,-27.0
1776887467.942103,-2.0,0.0,-32.0
1776887467.952103,-7.0,2.0,-38.0
1776887467.9631028,-4.0,0.0,-33.0
1776887467.9731028,-4.0,-1.0,-32.0
1776887467.9831028,-2.0,-1.0,-33.0
1776887467.9931028,-3.0,2.0,-33.0
1776887468.0031028,-1.0,-1.0,-36.0
1776887468.0131028,-4.0,-1.0,-38.0
1776887468.0231028,-7.0,-1.0,-37.0
1776887468.0331028,2.0,0.0,-43.0
1776887468.0431027,5.0,0.0,-47.0
1776887468.0531027,2.0,-7.0,-43.0
1776887468.0631027,2.0,-6.0,-46.0
1776887468.0731027,1.0,-5.0,-43.0
1776887468.0831027,2.0,1.0,-42.0
1776887468.0931027,3.0,1.0,-37.0
1776887468.1031027,6.0,0.0,-35.0
1776887468.113103,5.0,0.0,-42.0
1776887468.123103,2.0,1.0,-38.0
1776887468.133103,-1.0,4.0,-38.0
1776887468.1431026,-3.0,4.0,-36.0
1776887468.1531026,-4.0,1.0,-40.0
1776887468.1631026,0.0,0.0,-36.0
1776887468.1731029,1.0,0.0,-39.0
1776887468.1831028,0.0,3.0,-36.0
1776887468.1931028,0.0,2.0,-35.0
1776887468.2031028,0.0,0.0,-39.0
1776887468.2131028,1.0,0.0,-41.0
1776887468.2231028,1.0,0.0,-47.0
1776887468.2331028,0.0,0.0,-45.0
1776887468.2431028,2.0,0.0,-43.0
1776887468.2531028,6.0,0.0,-47.0
1776887468.2631028,3.0,-2.0,-44.0
1776887468.2731028,5.0,-4.0,-45.0
1776887468.2831028,0.0,-2.0,-46.0
1776887468.2931027,-2.0,0.0,-45.0
1776887468.3031027,-3.0,1.0,-50.0
1776887468.3131027,0.0,2.0,-55.0
1776887468.3231027,1.0,0.0,-56.0
1776887468.3331027,-1.0,-1.0,-54.0
1776887468.3431027,-2.0,0.0,-52.0
1776887468.3531027,-2.0,0.0,-57.0
1776887468.363103,-1.0,-4.0,-50.0
1776887468.373103,-2.0,-5.0,-39.0
1776887468.383103,-4.0,-10.0,-34.0
1776887468.3931026,-5.0,-11.0,-36.0
1776887468.4031026,-2.0,-8.0,-40.0
1776887468.4131026,5.0,-4.0,-39.0
1776887468.4231029,4.0,-1.0,-42.0
1776887468.4331028,3.0,-3.0,-46.0
1776887468.4431028,3.0,-6.0,-46.0
1776887468.4531028,2.0,-5.0,-46.0
1776887468.4631028,3.0,-4.0,-48.0
1776887468.4731028,3.0,-4.0,-48.0
1776887468.4831028,0.0,-3.0,-44.0
1776887468.4931028,-2.0,-1.0,-40.0
1776887468.5031028,-2.0,-4.0,-48.0
1776887468.5131028,0.0,-4.0,-51.0
1776887468.5231028,0.0,-1.0,-41.0
1776887468.5331028,-1.0,-3.0,-42.0
1776887468.5431027,-3.0,0.0,-40.0
1776887468.5531027,-3.0,3.0,-36.0
1776887468.5631027,-3.0,1.0,-35.0
1776887468.5731027,-2.0,0.0,-42.0
1776887468.5831027,-7.0,0.0,-42.0
1776887468.5931027,-7.0,-2.0,-38.0
1776887468.6031027,-6.0,-3.0,-39.0
1776887468.613103,-5.0,-3.0,-42.0
1776887468.623103,-3.0,-2.0,-47.0
1776887468.633103,0.0,2.0,-44.0
1776887468.6431026,0.0,1.0,-47.0
1776887468.6531026,-1.0,3.0,-36.0
1776887468.6631026,-3.0,1.0,-33.0
1776887468.6731029,0.0,-2.0,-43.0
1776887468.6831028,4.0,0.0,-40.0
1776887468.6931028,7.0,0.0,-41.0
1776887468.7031028,7.0,-2.0,-43.0
1776887468.7131028,2.0,-6.0,-44.0
1776887468.7231028,2.0,-4.0,-46.0
1776887468.7331028,0.0,-1.0,-46.0
1776887468.7431028,-2.0,-4.0,-35.0
1776887468.7531028,0.0,0.0,-40.0
1776887468.7631028,-1.0,0.0,-45.0
1776887468.7731028,-1.0,-3.0,-42.0
1776887468.7831028,-4.0,-5.0,-38.0
1776887468.7931027,-2.0,-7.0,-37.0
1776887468.8031027,0.0,-9.0,-35.0
1776887468.8131027,2.0,-8.0,-41.0
1776887468.8231027,2.0,-7.0,-37.0
1776887468.8331027,3.0,-6.0,-33.0
1776887468.8431027,2.0,-2.0,-33.0
1776887468.8531027,7.0,-1.0,-35.0
1776887468.863103,8.0,-1.0,-32.0
1776887468.873103,4.0,1.0,-31.0
1776887468.883103,4.0,1.0,-35.0
1776887468.8931026,9.0,0.0,-39.0
1776887468.9031026,10.0,-3.0,-41.0
1776887468.9131026,10.0,0.0,-44.0
1776887468.9231029,10.0,-3.0,-48.0
1776887468.9331028,9.0,0.0,-44.0
1776887468.9431028,7.0,0.0,-47.0
1776887468.9531028,11.0,0.0,-42.0
1776887468.9631028,12.0,0.0,-32.0
1776887468.9731028,5.0,-1.0,-31.0
1776887468.9831028,2.0,-1.0,-30.0
1776887468.9931028,3.0,0.0,-34.0
1776887469.0031028,0.0,1.0,-28.0
1776887469.0131028,5.0,0.0,-27.0
1776887469.0231028,4.0,0.0,-38.0
1776887469.0331028,-1.0,-2.0,-33.0
1776887469.0431027,-1.0,-4.0,-36.0
1776887469.0531027,-5.0,-4.0,-34.0
1776887469.0631027,-2.0,-5.0,-35.0
1776887469.0731027,1.0,-2.0,-35.0
1776887469.0831027,-2.0,-3.0,-31.0
1776887469.0931027,-2.0,-2.0,-32.0
1776887469.1031027,0.0,-6.0,-40.0
1776887469.113103,-5.0,-6.0,-38.0
1776887469.123103,0.0,-7.0,-36.0
1776887469.133103,3.0,-6.0,-32.0
1776887469.1431026,2.0,-9.0,-33.0
1776887469.1531026,2.0,-8.0,-32.0
1776887469.1631026,0.0,-8.0,-28.0
1776887469.1731029,0.0,-3.0,-26.0
1776887469.1831028,0.0,-2.0,-30.0
1776887469.1931028,0.0,-5.0,-40.0
1776887469.2031028,2.0,-10.0,-39.0
1776887469.2131028,-1.0,-8.0,-45.0
1776887469.2231028,-2.0,-6.0,-44.0
1776887469.2331028,-3.0,-4.0,-39.0
1776887469.2431028,-5.0,-5.0,-37.0
1776887469.2531028,-4.0,0.0,-26.0
1776887469.2631028,-5.0,-2.0,-26.0
1776887469.2731028,-4.0,-1.0,-32.0
1776887469.2831028,-2.0,0.0,-28.0
1776887469.2931027,2.0,-1.0,-33.0
1776887469.3031027,-2.0,0.0,-37.0
1776887469.3131027,-4.0,0.0,-32.0
1776887469.3231027,0.0,-3.0,-31.0
1776887469.3331027,0.0,-8.0,-31.0
1776887469.3431027,-1.0,-5.0,-26.0
1776887469.3531027,6.0,-2.0,-25.0
1776887469.363103,7.0,-2.0,-29.0
1776887469.373103,3.0,-6.0,-28.0
1776887469.383103,-2.0,-3.0,-28.0
1776887469.3931026,0.0,-3.0,-32.0
1776887469.4031026,-1.0,0.0,-42.0
1776887469.4131026,3.0,4.0,-42.0
1776887469.4231029,5.0,2.0,-36.0
1776887469.4331028,4.0,0.0,-42.0
1776887469.4431028,6.0,2.0,-47.0
1776887469.4531028,5.0,-4.0,-46.0
1776887469.4631028,8.0,-8.0,-49.0
1776887469.4731028,6.0,-3.0,-50.0
1776887469.4831028,2.0,0.0,-42.0
1776887469.4931028,-3.0,0.0,-41.0
1776887469.5031028,-8.0,-2.0,-36.0
1776887469.5131028,-5.0,-4.0,-35.0
1776887469.5231028,-9.0,-2.0,-33.0
1776887469.5331028,-8.0,-3.0,-37.0
1776887469.5431027,-5.0,-3.0,-27.0
1776887469.5531027,-1.0,-2.0,-27.0
1776887469.5631027,-3.0,-2.0,-31.0
1776887469.5731027,-4.0,-4.0,-32.0
1776887469.5831027,-2.0,-6.0,-26.0
1776887469.5931027,-4.0,-2.0,-27.0
1776887469.6031027,-3.0,-2.0,-29.0
1776887469.613103,0.0,-2.0,-30.0
1776887469.623103,2.0,-1.0,-34.0
1776887469.633103,2.0,0.0,-29.0
1776887469.6431026,-1.0,3.0,-29.0
1776887469.6531026,0.0,0.0,-32.0
1776887469.6631026,3.0,-3.0,-39.0
1776887469.6731029,1.0,-2.0,-36.0
1776887469.6831028,4.0,0.0,-40.0
1776887469.6931028,0.0,-4.0,-44.0
1776887469.7031028,-2.0,-2.0,-47.0
1776887469.7131028,-6.0,-2.0,-41.0
1776887469.7231028,-4.0,-1.0,-42.0
1776887469.7331028,-6.0,-2.0,-41.0
1776887469.7431028,-2.0,-1.0,-34.0
1776887469.7531028,2.0,-5.0,-38.0
1776887469.7631028,0.0,-4.0,-36.0
1776887469.7731028,-2.0,-3.0,-34.0
1776887469.7831028,-4.0,-3.0,-35.0
1776887469.7931027,-6.0,-3.0,-37.0
1776887469.8031027,-1.0,-1.0,-35.0
1776887469.8131027,-3.0,0.0,-39.0
1776887469.8231027,-1.0,0.0,-42.0
1776887469.8331027,-3.0,4.0,-40.0
1776887469.8431027,-5.0,3.0,-41.0
1776887469.8531027,-8.0,0.0,-31.0
1776887469.863103,-6.0,-5.0,-34.0
1776887469.873103,-5.0,-6.0,-33.0
1776887469.883103,-3.0,-5.0,-32.0
1776887469.8931026,1.0,-4.0,-29.0
1776887469.9031026,0.0,-3.0,-39.0
1776887469.9131026,-5.0,-4.0,-40.0
1776887469.9231029,-4.0,0.0,-37.0
1776887469.9331028,-6.0,0.0,-30.0
1776887469.9441028,-5.0,-1.0,-30.0
1776887469.9541028,-3.0,5.0,-32.0
1776887469.9641027,-4.0,3.0,-32.0
1776887469.9741027,-3.0,2.0,-27.0
1776887469.9841027,-3.0,-1.0,-26.0
1776887469.9941027,2.0,-4.0,-23.0
1776887470.0041027,2.0,-1.0,-22.0
1776887470.0141027,-1.0,0.0,-21.0
1776887470.0241027,-4.0,-2.0,-23.0
1776887470.034103,0.0,0.0,-25.0
1776887470.044103,4.0,-1.0,-26.0
1776887470.054103,-2.0,-5.0,-31.0
1776887470.0641026,-3.0,-6.0,-31.0
1776887470.0741026,-3.0,-12.0,-31.0
1776887470.0841026,0.0,-7.0,-33.0
1776887470.0941026,0.0,-3.0,-32.0
1776887470.1041028,0.0,0.0,-38.0
1776887470.1141028,1.0,-2.0,-32.0
1776887470.1241028,2.0,-1.0,-33.0
1776887470.1341028,-2.0,-2.0,-37.0
1776887470.1441028,2.0,0.0,-41.0
1776887470.1541028,4.0,3.0,-43.0
1776887470.1641028,2.0,2.0,-46.0
1776887470.1741028,2.0,1.0,-47.0
1776887470.1841028,0.0,3.0,-46.0
1776887470.1941028,0.0,2.0,-43.0
1776887470.2041028,0.0,3.0,-44.0
1776887470.2141027,5.0,4.0,-44.0
1776887470.2241027,3.0,3.0,-43.0
1776887470.2341027,4.0,2.0,-45.0
1776887470.2441027,7.0,0.0,-47.0
1776887470.2541027,4.0,0.0,-45.0
1776887470.2641027,2.0,2.0,-43.0
1776887470.2741027,2.0,7.0,-32.0
1776887470.284103,-1.0,5.0,-24.0
1776887470.294103,-3.0,0.0,-29.0
1776887470.304103,0.0,-1.0,-32.0
1776887470.3141026,0.0,-4.0,-34.0
1776887470.3241026,2.0,-5.0,-36.0
1776887470.3341026,4.0,-3.0,-32.0
1776887470.3441026,3.0,-2.0,-33.0
1776887470.3541028,3.0,-4.0,-31.0
1776887470.3641028,-4.0,-4.0,-30.0
1776887470.3741028,-4.0,-1.0,-33.0
1776887470.3841028,-9.0,-7.0,-30.0
1776887470.3941028,-5.0,-4.0,-29.0
1776887470.4041028,-1.0,-2.0,-35.0
1776887470.4141028,-2.0,-1.0,-34.0
1776887470.4241028,-1.0,-3.0,-32.0
1776887470.4341028,2.0,-4.0,-32.0
1776887470.4441028,1.0,0.0,-31.0
1776887470.4541028,4.0,2.0,-32.0
1776887470.4641027,6.0,1.0,-37.0
1776887470.4741027,6.0,1.0,-35.0
1776887470.4841027,1.0,0.0,-32.0
1776887470.4941027,1.0,0.0,-34.0
1776887470.5041027,0.0,0.0,-35.0
1776887470.5141027,0.0,-3.0,-37.0
1776887470.5241027,0.0,-2.0,-34.0
1776887470.534103,-3.0,-1.0,-41.0
1776887470.544103,-2.0,0.0,-38.0
1776887470.554103,1.0,0.0,-42.0
1776887470.5641026,0.0,0.0,-40.0
1776887470.5741026,-3.0,0.0,-42.0
1776887470.5841026,-3.0,-1.0,-44.0
1776887470.5941026,-6.0,0.0,-46.0
1776887470.6041028,-7.0,0.0,-46.0
1776887470.6141028,-4.0,-1.0,-44.0
1776887470.6241028,0.0,-5.0,-37.0
1776887470.6341028,2.0,-4.0,-44.0
1776887470.6441028,-1.0,-1.0,-44.0
1776887470.6541028,3.0,-1.0,-47.0
1776887470.6641028,0.0,-2.0,-47.0
1776887470.6741028,-5.0,0.0,-36.0
1776887470.6841028,0.0,0.0,-33.0
1776887470.6941028,0.0,3.0,-36.0
1776887470.7041028,1.0,2.0,-31.0
1776887470.7141027,-4.0,2.0,-30.0
1776887470.7241027,-2.0,3.0,-34.0
1776887470.7341027,2.0,2.0,-38.0
1776887470.7441027,2.0,0.0,-35.0
1776887470.7541027,3.0,-2.0,-40.0
1776887470.7641027,4.0,-2.0,-45.0
1776887470.7741027,5.0,-4.0,-41.0
1776887470.784103,2.0,-3.0,-31.0
1776887470.794103,1.0,-3.0,-28.0
1776887470.804103,2.0,-2.0,-28.0
1776887470.8141026,0.0,0.0,-32.0
1776887470.8241026,0.0,0.0,-35.0
1776887470.8341026,-2.0,0.0,-32.0
1776887470.8441026,-3.0,-2.0,-37.0
1776887470.8541028,-3.0,-6.0,-38.0
1776887470.8641028,-3.0,-2.0,-41.0
1776887470.8741028,-2.0,3.0,-40.0
1776887470.8841028,-3.0,3.0,-37.0
1776887470.8941028,0.0,0.0,-36.0
1776887470.9041028,0.0,0.0,-35.0
1776887470.9141028,1.0,-2.0,-39.0
1776887470.9241028,0.0,0.0,-36.0
1776887470.9341028,0.0,-1.0,-37.0
1776887470.9441028,0.0,-5.0,-34.0
1776887470.9541028,2.0,-1.0,-34.0
1776887470.9641027,2.0,0.0,-37.0
1776887470.9741027,0.0,0.0,-32.0
1776887470.9841027,3.0,-4.0,-30.0
1776887470.9941027,1.0,-4.0,-35.0
1776887471.0041027,0.0,-2.0,-33.0
1776887471.0141027,0.0,-2.0,-29.0
1776887471.0241027,-1.0,-5.0,-28.0
1776887471.034103,-1.0,-7.0,-35.0
1776887471.044103,0.0,-6.0,-34.0
1776887471.054103,-5.0,-5.0,-34.0
1776887471.0641026,-7.0,-7.0,-33.0
1776887471.0741026,-6.0,-9.0,-29.0
1776887471.0841026,-5.0,-7.0,-36.0
1776887471.0941026,-2.0,-5.0,-38.0
1776887471.1041028,-1.0,-5.0,-33.0
1776887471.1141028,2.0,-8.0,-27.0
1776887471.1241028,6.0,-8.0,-25.0
1776887471.1341028,6.0,-8.0,-28.0
1776887471.1441028,9.0,-9.0,-34.0
1776887471.1541028,9.0,-7.0,-32.0
1776887471.1641028,9.0,-5.0,-32.0
1776887471.1741028,8.0,-3.0,-34.0
1776887471.1841028,8.0,-4.0,-32.0
1776887471.1941028,5.0,-4.0,-19.0
1776887471.2041028,3.0,-2.0,-21.0
1776887471.2141027,6.0,-6.0,-27.0
1776887471.2241027,8.0,-12.0,-27.0
1776887471.2341027,6.0,-6.0,-30.0
1776887471.2441027,6.0,-1.0,-31.0
1776887471.2541027,9.0,2.0,-30.0
1776887471.2641027,12.0,3.0,-31.0
1776887471.2741027,7.0,4.0,-37.0
1776887471.284103,3.0,0.0,-31.0
1776887471.294103,6.0,1.0,-29.0
1776887471.304103,7.0,1.0,-29.0
1776887471.3141026,4.0,0.0,-33.0
1776887471.3241026,4.0,-2.0,-38.0
1776887471.3341026,1.0,1.0,-43.0
1776887471.3441026,-1.0,-1.0,-41.0
1776887471.3541028,-2.0,-1.0,-39.0
1776887471.3641028,-3.0,-6.0,-31.0
1776887471.3741028,0.0,-9.0,-32.0
1776887471.3841028,4.0,-4.0,-31.0
1776887471.3941028,5.0,-4.0,-33.0
1776887471.4041028,7.0,-1.0,-33.0
1776887471.4141028,2.0,1.0,-34.0
1776887471.4241028,1.0,2.0,-29.0
1776887471.4341028,0.0,2.0,-30.0
1776887471.4441028,0.0,4.0,-26.0
1776887471.4541028,-3.0,0.0,-30.0
1776887471.4641027,-5.0,0.0,-33.0
1776887471.4741027,-2.0,-1.0,-32.0
1776887471.4841027,-6.0,-1.0,-32.0
1776887471.4941027,-6.0,0.0,-33.0
1776887471.5041027,-2.0,2.0,-32.0
1776887471.5141027,0.0,2.0,-31.0
1776887471.5241027,-1.0,1.0,-32.0
1776887471.534103,0.0,-1.0,-31.0
1776887471.544103,0.0,-2.0,-24.0
1776887471.554103,1.0,1.0,-32.0
1776887471.5641026,0.0,2.0,-34.0
1776887471.5741026,2.0,1.0,-42.0
1776887471.5841026,0.0,-1.0,-42.0
1776887471.5941026,3.0,-8.0,-45.0
1776887471.6041028,4.0,-10.0,-32.0
1776887471.6141028,3.0,-8.0,-30.0
1776887471.6241028,4.0,-5.0,-24.0
1776887471.6341028,2.0,-5.0,-27.0
1776887471.6441028,3.0,0.0,-33.0
1776887471.6541028,0.0,0.0,-35.0
1776887471.6641028,0.0,1.0,-32.0
1776887471.6741028,0.0,2.0,-27.0
1776887471.6841028,0.0,0.0,-31.0
1776887471.6941028,1.0,0.0,-33.0
1776887471.7041028,1.0,3.0,-30.0
1776887471.7141027,-2.0,1.0,-29.0
1776887471.7241027,-1.0,3.0,-27.0
1776887471.7341027,0.0,0.0,-26.0
1776887471.7441027,0.0,1.0,-28.0
1776887471.7541027,1.0,1.0,-33.0
1776887471.7641027,-5.0,1.0,-31.0
1776887471.7741027,-8.0,0.0,-29.0
1776887471.784103,-8.0,0.0,-30.0
1776887471.794103,-5.0,4.0,-35.0
1776887471.804103,-3.0,3.0,-32.0
1776887471.8141026,-3.0,4.0,-27.0
1776887471.8241026,-3.0,1.0,-32.0
1776887471.8341026,-1.0,-6.0,-34.0
1776887471.8441026,-1.0,-6.0,-39.0
1776887471.8541028,0.0,-4.0,-35.0
1776887471.8641028,0.0,-3.0,-37.0
1776887471.8741028,0.0,-4.0,-38.0
1776887471.8841028,1.0,-2.0,-35.0
1776887471.8941028,1.0,-4.0,-37.0
1776887471.9041028,7.0,0.0,-36.0
1776887471.9141028,11.0,-2.0,-39.0
1776887471.9251027,5.0,-4.0,-40.0
1776887471.9341028,4.0,-7.0,-44.0
1776887471.9451027,7.0,-4.0,-46.0
1776887471.9551027,6.0,-1.0,-39.0
1776887471.965103,7.0,-4.0,-33.0
1776887471.975103,0.0,-5.0,-30.0
1776887471.9841027,1.0,-8.0,-25.0
1776887471.9951026,5.0,-5.0,-22.0
1776887472.0051026,6.0,-2.0,-25.0
1776887472.0151026,8.0,-5.0,-31.0
1776887472.0251029,4.0,-8.0,-28.0
1776887472.0351028,9.0,-8.0,-29.0
1776887472.0451028,6.0,-2.0,-29.0
1776887472.0551028,3.0,0.0,-33.0
1776887472.0651028,2.0,2.0,-40.0
1776887472.0751028,0.0,2.0,-40.0
1776887472.0851028,1.0,2.0,-37.0
1776887472.0951028,2.0,-2.0,-35.0
1776887472.1051028,0.0,-5.0,-38.0
1776887472.1151028,0.0,-4.0,-36.0
1776887472.1251028,0.0,-2.0,-35.0
1776887472.1351027,3.0,-7.0,-38.0
1776887472.1451027,1.0,-3.0,-42.0
1776887472.1551027,1.0,-2.0,-49.0
1776887472.1651027,2.0,0.0,-41.0
1776887472.1751027,2.0,0.0,-38.0
1776887472.1851027,2.0,0.0,-37.0
1776887472.1951027,3.0,0.0,-37.0
1776887472.2051027,3.0,-2.0,-41.0
1776887472.215103,4.0,-5.0,-45.0
1776887472.225103,1.0,-2.0,-45.0
1776887472.235103,-4.0,1.0,-49.0
1776887472.2451026,-5.0,3.0,-42.0
1776887472.2551026,-4.0,3.0,-40.0
1776887472.2651026,-3.0,1.0,-36.0
1776887472.2751029,-1.0,4.0,-35.0
1776887472.2851028,2.0,3.0,-46.0
1776887472.2951028,4.0,0.0,-41.0
1776887472.3051028,0.0,2.0,-34.0
1776887472.3151028,-2.0,3.0,-30.0
1776887472.3251028,-4.0,2.0,-32.0
1776887472.3351028,-7.0,0.0,-37.0
1776887472.3451028,-7.0,-2.0,-36.0
1776887472.3551028,-8.0,-5.0,-29.0
1776887472.3651028,-3.0,-7.0,-26.0
1776887472.3751028,0.0,-9.0,-29.0
1776887472.3851027,0.0,-6.0,-30.0
1776887472.3951027,4.0,-9.0,-29.0
1776887472.4051027,4.0,-9.0,-31.0
1776887472.4151027,1.0,-7.0,-36.0
1776887472.4251027,6.0,-3.0,-39.0
1776887472.4351027,4.0,-3.0,-32.0
1776887472.4451027,6.0,-6.0,-28.0
1776887472.4551027,5.0,-3.0,-23.0
1776887472.465103,6.0,-1.0,-29.0
1776887472.475103,8.0,-2.0,-37.0
1776887472.485103,5.0,-1.0,-37.0
1776887472.4951026,3.0,-1.0,-34.0
1776887472.5051026,3.0,0.0,-34.0
1776887472.5151026,4.0,-3.0,-38.0
1776887472.5251029,5.0,-1.0,-47.0
1776887472.5351028,6.0,-6.0,-50.0
1776887472.5451028,9.0,-7.0,-44.0
1776887472.5551028,6.0,-5.0,-39.0
1776887472.5651028,2.0,-5.0,-37.0
1776887472.5751028,2.0,-2.0,-34.0
1776887472.5851028,-2.0,0.0,-32.0
1776887472.5951028,-2.0,-1.0,-29.0
1776887472.6051028,-4.0,0.0,-33.0
1776887472.6151028,-2.0,-3.0,-35.0
1776887472.6251028,0.0,-4.0,-34.0
1776887472.6351027,3.0,-4.0,-37.0
1776887472.6451027,0.0,0.0,-40.0
1776887472.6551027,0.0,-1.0,-42.0
1776887472.6651027,0.0,-4.0,-46.0
1776887472.6751027,3.0,-9.0,-45.0
1776887472.6851027,2.0,-6.0,-37.0
1776887472.6951027,0.0,-6.0,-32.0
1776887472.7051027,-4.0,-5.0,-33.0
1776887472.715103,-3.0,-6.0,-36.0
1776887472.725103,0.0,-7.0,-32.0
1776887472.735103,4.0,-4.0,-38.0
1776887472.7451026,6.0,-1.0,-36.0
1776887472.7551026,3.0,-3.0,-41.0
1776887472.7651026,1.0,-4.0,-44.0
1776887472.7751029,-1.0,-6.0,-49.0
1776887472.7851028,3.0,-3.0,-41.0
1776887472.7951028,0.0,-4.0,-37.0
1776887472.8051028,-1.0,-5.0,-37.0
1776887472.8151028,0.0,-3.0,-37.0
1776887472.8251028,-1.0,-5.0,-39.0
1776887472.8351028,0.0,-3.0,-35.0
1776887472.8451028,2.0,-5.0,-29.0
1776887472.8551028,0.0,-2.0,-24.0
1776887472.8651028,0.0,-3.0,-26.0
1776887472.8751028,0.0,-1.0,-27.0
1776887472.8851027,3.0,0.0,-20.0
1776887472.8951027,0.0,4.0,-24.0
1776887472.9051027,0.0,4.0,-30.0
1776887472.9151027,0.0,2.0,-37.0
1776887472.9251027,2.0,1.0,-36.0
1776887472.9351027,0.0,0.0,-40.0
1776887472.9451027,0.0,0.0,-39.0
1776887472.9551027,-3.0,0.0,-42.0
1776887472.965103,-1.0,1.0,-33.0
1776887472.975103,2.0,3.0,-35.0
1776887472.985103,2.0,1.0,-42.0
1776887472.9951026,3.0,0.0,-48.0
1776887473.0051026,1.0,3.0,-40.0
1776887473.0151026,0.0,7.0,-33.0
1776887473.0251029,-2.0,6.0,-29.0
1776887473.0351028,-5.0,1.0,-30.0
1776887473.0451028,-6.0,-1.0,-29.0
1776887473.0551028,-6.0,-2.0,-32.0
1776887473.0651028,-3.0,3.0,-38.0
1776887473.0751028,-6.0,2.0,-35.0
1776887473.0851028,-6.0,0.0,-35.0
1776887473.0951028,-4.0,0.0,-40.0
1776887473.1051028,-1.0,-1.0,-35.0
1776887473.1151028,-2.0,0.0,-31.0
1776887473.1251028,-3.0,1.0,-36.0
1776887473.1351027,-2.0,0.0,-33.0
1776887473.1451027,1.0,0.0,-35.0
1776887473.1551027,0.0,-1.0,-38.0
1776887473.1651027,0.0,-3.0,-41.0
1776887473.1751027,3.0,-3.0,-49.0
1776887473.1851027,4.0,-2.0,-49.0
1776887473.1951027,5.0,-1.0,-44.0
1776887473.2051027,3.0,1.0,-43.0
1776887473.215103,5.0,4.0,-42.0
1776887473.225103,8.0,7.0,-41.0
1776887473.235103,6.0,4.0,-47.0
1776887473.2451026,4.0,3.0,-46.0
1776887473.2551026,7.0,6.0,-42.0
1776887473.2651026,4.0,8.0,-39.0
1776887473.2751029,6.0,5.0,-41.0
1776887473.2851028,4.0,5.0,-33.0
1776887473.2951028,4.0,7.0,-30.0
1776887473.3051028,6.0,7.0,-31.0
1776887473.3151028,4.0,2.0,-32.0
1776887473.3251028,3.0,0.0,-39.0
1776887473.3351028,1.0,-4.0,-44.0
1776887473.3451028,1.0,-6.0,-38.0
1776887473.3551028,6.0,-6.0,-34.0
1776887473.3651028,3.0,-2.0,-32.0
1776887473.3751028,2.0,-1.0,-38.0
1776887473.3851027,0.0,-2.0,-39.0
1776887473.3951027,0.0,-1.0,-38.0
1776887473.4051027,5.0,0.0,-36.0
1776887473.4151027,6.0,2.0,-32.0
1776887473.4251027,4.0,1.0,-28.0
1776887473.4351027,1.0,-4.0,-21.0
1776887473.4451027,2.0,-5.0,-24.0
1776887473.4551027,2.0,-5.0,-27.0
1776887473.465103,0.0,-3.0,-32.0
1776887473.475103,0.0,-3.0,-29.0
1776887473.485103,3.0,-3.0,-30.0
1776887473.4951026,7.0,0.0,-30.0
1776887473.5051026,4.0,-1.0,-29.0
1776887473.5151026,-1.0,0.0,-33.0
1776887473.5251029,-2.0,2.0,-31.0
1776887473.5351028,-1.0,1.0,-35.0
1776887473.5451028,3.0,0.0,-41.0
1776887473.5551028,2.0,-2.0,-44.0
1776887473.5651028,0.0,0.0,-43.0
1776887473.5751028,1.0,-2.0,-45.0
1776887473.5851028,1.0,0.0,-43.0
1776887473.5951028,2.0,0.0,-40.0
1776887473.6051028,1.0,0.0,-39.0
1776887473.6151028,4.0,-1.0,-44.0
1776887473.6251028,1.0,0.0,-40.0
1776887473.6351027,2.0,0.0,-42.0
1776887473.6451027,5.0,0.0,-43.0
1776887473.6551027,0.0,-1.0,-41.0
1776887473.6651027,-1.0,-1.0,-42.0
1776887473.6751027,1.0,-3.0,-46.0
1776887473.6851027,1.0,-7.0,-42.0
1776887473.6951027,3.0,-6.0,-48.0
1776887473.7051027,0.0,-5.0,-45.0
1776887473.715103,3.0,-1.0,-36.0
1776887473.7261028,6.0,0.0,-34.0
1776887473.735103,1.0,-1.0,-37.0
1776887473.7451026,3.0,1.0,-37.0
1776887473.7551026,2.0,0.0,-43.0
1776887473.7651026,0.0,1.0,-41.0
1776887473.7751029,0.0,2.0,-38.0
1776887473.7851028,1.0,4.0,-40.0
1776887473.7951028,5.0,3.0,-39.0
1776887473.8051028,1.0,0.0,-42.0
1776887473.8151028,5.0,3.0,-43.0
1776887473.8251028,7.0,3.0,-37.0
1776887473.8351028,6.0,4.0,-39.0
1776887473.8451028,7.0,6.0,-38.0
1776887473.8551028,11.0,9.0,-41.0
1776887473.8651028,11.0,4.0,-46.0
1776887473.8751028,9.0,2.0,-45.0
1776887473.8851027,3.0,2.0,-44.0
1776887473.8951027,1.0,2.0,-47.0
1776887473.9051027,2.0,2.0,-47.0
1776887473.9151027,1.0,0.0,-42.0
1776887473.9251027,-1.0,-1.0,-43.0
1776887473.9351027,3.0,-3.0,-44.0
1776887473.9451027,5.0,-5.0,-39.0
1776887473.9561028,4.0,-8.0,-40.0
1776887473.9661028,0.0,-6.0,-42.0
1776887473.9761028,0.0,-5.0,-40.0
1776887473.9861028,2.0,-4.0,-42.0
1776887473.9961028,2.0,-5.0,-46.0
1776887474.0061028,1.0,-4.0,-43.0
1776887474.0161028,1.0,-5.0,-43.0
1776887474.0261028,2.0,-2.0,-45.0
1776887474.0361028,3.0,-1.0,-45.0
1776887474.0461028,-3.0,0.0,-43.0
1776887474.0561028,-6.0,1.0,-37.0
1776887474.0661027,-7.0,0.0,-35.0
1776887474.0761027,-5.0,-1.0,-37.0
1776887474.0861027,-1.0,-2.0,-37.0
1776887474.0961027,4.0,0.0,-35.0
1776887474.1061027,1.0,-3.0,-32.0
1776887474.1161027,2.0,-2.0,-35.0
1776887474.1261027,3.0,0.0,-33.0
1776887474.136103,1.0,0.0,-28.0
1776887474.146103,0.0,-1.0,-31.0
1776887474.156103,-1.0,-1.0,-32.0
1776887474.1661026,2.0,1.0,-30.0
1776887474.1761026,2.0,3.0,-32.0
1776887474.1861026,0.0,5.0,-35.0
1776887474.1961029,2.0,0.0,-34.0
1776887474.2061028,3.0,-2.0,-36.0
1776887474.2161028,1.0,0.0,-36.0
1776887474.2261028,4.0,0.0,-37.0
1776887474.2361028,0.0,0.0,-37.0
1776887474.2461028,-3.0,-5.0,-36.0
1776887474.2561028,-2.0,-2.0,-35.0
1776887474.2661028,-2.0,-4.0,-37.0
1776887474.2761028,-1.0,-4.0,-35.0
1776887474.2861028,2.0,-9.0,-35.0
1776887474.2961028,3.0,-9.0,-40.0
1776887474.3061028,0.0,-9.0,-48.0
1776887474.3161027,3.0,-8.0,-42.0
1776887474.3261027,6.0,-8.0,-40.0
1776887474.3361027,5.0,-4.0,-37.0
1776887474.3461027,3.0,0.0,-27.0
1776887474.3561027,-1.0,-1.0,-28.0
1776887474.3661027,-2.0,-2.0,-27.0
1776887474.3761027,-2.0,0.0,-23.0
1776887474.386103,-4.0,0.0,-20.0
1776887474.396103,-8.0,-3.0,-21.0
1776887474.406103,-2.0,-5.0,-29.0
1776887474.4161026,-1.0,-3.0,-32.0
1776887474.4261026,1.0,-4.0,-30.0
1776887474.4361026,2.0,-3.0,-46.0
1776887474.4461029,0.0,-4.0,-48.0
1776887474.4561028,0.0,-4.0,-44.0
1776887474.4661028,4.0,-3.0,-42.0
1776887474.4761028,5.0,-4.0,-40.0
1776887474.4861028,3.0,0.0,-45.0
1776887474.4961028,3.0,-2.0,-52.0
1776887474.5061028,4.0,-4.0,-40.0
1776887474.5161028,4.0,-6.0,-35.0
1776887474.5261028,0.0,-7.0,-37.0
1776887474.5361028,0.0,-5.0,-35.0
1776887474.5461028,3.0,-3.0,-33.0
1776887474.5561028,3.0,-3.0,-32.0
1776887474.5661027,6.0,-3.0,-36.0
1776887474.5761027,6.0,-2.0,-37.0
1776887474.5861027,4.0,-2.0,-33.0
1776887474.5961027,7.0,-6.0,-37.0
1776887474.6061027,8.0,0.0,-37.0
1776887474.6161027,7.0,0.0,-34.0
1776887474.6261027,6.0,0.0,-33.0
1776887474.636103,2.0,0.0,-27.0
1776887474.646103,-2.0,-2.0,-23.0
1776887474.656103,-3.0,-4.0,-25.0
1776887474.6661026,-4.0,-7.0,-29.0
1776887474.6761026,-3.0,-8.0,-33.0
1776887474.6861026,0.0,-6.0,-41.0
1776887474.6961029,3.0,-4.0,-44.0
1776887474.7061028,5.0,-8.0,-39.0
1776887474.7161028,4.0,-9.0,-35.0
1776887474.7261028,0.0,-5.0,-34.0
1776887474.7361028,0.0,-4.0,-33.0
1776887474.7461028,1.0,-1.0,-29.0
1776887474.7561028,0.0,1.0,-30.0
1776887474.7661028,0.0,-3.0,-31.0
1776887474.7761028,1.0,0.0,-29.0
1776887474.7861028,3.0,3.0,-29.0
1776887474.7961028,1.0,7.0,-32.0
1776887474.8061028,4.0,10.0,-36.0
1776887474.8161027,2.0,11.0,-40.0
1776887474.8261027,-1.0,10.0,-42.0
1776887474.8361027,0.0,7.0,-46.0
1776887474.8461027,-2.0,3.0,-42.0
1776887474.8561027,-2.0,2.0,-40.0
1776887474.8661027,-1.0,0.0,-37.0
1776887474.8761027,-5.0,0.0,-32.0
1776887474.886103,-6.0,1.0,-34.0
1776887474.896103,-9.0,1.0,-35.0
1776887474.906103,-6.0,-4.0,-43.0
1776887474.9161026,-7.0,-2.0,-39.0
1776887474.9261026,-10.0,0.0,-37.0
1776887474.9361026,-6.0,1.0,-38.0
1776887474.9461029,-4.0,2.0,-38.0
1776887474.9561028,-2.0,0.0,-33.0
1776887474.9661028,1.0,1.0,-32.0
1776887474.9761028,2.0,4.0,-33.0
1776887474.9861028,3.0,3.0,-38.0
1776887474.9961028,-2.0,3.0,-40.0
1776887475.0061028,-3.0,2.0,-46.0
1776887475.0161028,-1.0,1.0,-45.0
1776887475.0261028,-5.0,2.0,-38.0
1776887475.0361028,-6.0,1.0,-40.0
1776887475.0461028,-6.0,0.0,-42.0
1776887475.0561028,-4.0,-2.0,-41.0
1776887475.0661027,0.0,-2.0,-40.0
1776887475.0761027,4.0,-4.0,-42.0
1776887475.0861027,1.0,-5.0,-39.0
1776887475.0961027,4.0,-5.0,-39.0
1776887475.1061027,5.0,-4.0,-31.0
1776887475.1161027,2.0,-3.0,-35.0
1776887475.1261027,2.0,0.0,-38.0
1776887475.136103,2.0,-2.0,-25.0
1776887475.146103,2.0,-3.0,-25.0
1776887475.156103,5.0,-1.0,-34.0
1776887475.1661026,6.0,-1.0,-38.0
1776887475.1761026,5.0,-4.0,-33.0
1776887475.1861026,6.0,-5.0,-35.0
1776887475.1961029,4.0,-4.0,-33.0
1776887475.2061028,1.0,-2.0,-33.0
1776887475.2161028,0.0,-2.0,-38.0
1776887475.2261028,2.0,-6.0,-37.0
1776887475.2361028,0.0,-4.0,-35.0
1776887475.2461028,-3.0,-3.0,-33.0
1776887475.2561028,-2.0,-4.0,-37.0
1776887475.2661028,-1.0,-6.0,-38.0
1776887475.2761028,4.0,-2.0,-43.0
1776887475.2861028,3.0,2.0,-40.0
1776887475.2961028,1.0,1.0,-37.0
1776887475.3061028,0.0,4.0,-34.0
1776887475.3161027,4.0,3.0,-36.0
1776887475.3261027,5.0,1.0,-37.0
1776887475.3361027,8.0,-1.0,-31.0
1776887475.3461027,6.0,-2.0,-32.0
1776887475.3561027,4.0,-3.0,-33.0
1776887475.3661027,2.0,-1.0,-35.0
1776887475.3761027,4.0,0.0,-37.0
1776887475.386103,2.0,-5.0,-34.0
1776887475.396103,0.0,-10.0,-40.0
1776887475.406103,-1.0,-11.0,-35.0
1776887475.4161026,-2.0,-11.0,-39.0
1776887475.4261026,-4.0,-4.0,-39.0
1776887475.4361026,-5.0,-3.0,-37.0
1776887475.4461029,-1.0,-1.0,-34.0
1776887475.4561028,1.0,1.0,-31.0
1776887475.4671028,1.0,0.0,-31.0
1776887475.4761028,1.0,2.0,-29.0
1776887475.4861028,4.0,0.0,-28.0
1776887475.4961028,3.0,2.0,-23.0
1776887475.5061028,3.0,3.0,-30.0
1776887475.5161028,4.0,-2.0,-26.0
1776887475.5261028,3.0,-1.0,-28.0
1776887475.5361028,1.0,-3.0,-24.0
1776887475.5461028,5.0,-2.0,-19.0
1776887475.5561028,6.0,0.0,-23.0
1776887475.5661027,0.0,-4.0,-31.0
1776887475.5761027,-4.0,0.0,-29.0
1776887475.5861027,-4.0,-3.0,-29.0
1776887475.5961027,-1.0,-1.0,-32.0
1776887475.6061027,-2.0,-1.0,-36.0
1776887475.6161027,0.0,1.0,-39.0
1776887475.6261027,1.0,3.0,-43.0
1776887475.636103,1.0,4.0,-47.0
1776887475.646103,1.0,4.0,-58.0
1776887475.656103,2.0,3.0,-54.0
1776887475.6661026,1.0,4.0,-47.0
1776887475.6761026,4.0,6.0,-38.0
1776887475.6861026,3.0,5.0,-42.0
1776887475.6961029,-2.0,7.0,-44.0
1776887475.7061028,-2.0,6.0,-47.0
1776887475.7161028,-5.0,4.0,-40.0
1776887475.7261028,-6.0,2.0,-39.0
1776887475.7361028,-6.0,0.0,-39.0
1776887475.7461028,-2.0,2.0,-42.0
1776887475.7561028,-1.0,4.0,-37.0
1776887475.7661028,-1.0,2.0,-39.0
1776887475.7761028,-2.0,3.0,-40.0
1776887475.7861028,-3.0,0.0,-38.0
1776887475.7961028,-3.0,3.0,-38.0
1776887475.8061028,-7.0,5.0,-42.0
1776887475.8161027,-2.0,7.0,-35.0
1776887475.8261027,0.0,5.0,-37.0
1776887475.8361027,6.0,2.0,-36.0
1776887475.8461027,6.0,3.0,-29.0
1776887475.8561027,9.0,3.0,-28.0
1776887475.8661027,6.0,1.0,-35.0
1776887475.8761027,3.0,0.0,-37.0
1776887475.886103,-2.0,-2.0,-40.0
1776887475.896103,0.0,-4.0,-40.0
1776887475.906103,0.0,-4.0,-46.0
1776887475.9161026,1.0,-8.0,-45.0
1776887475.9261026,-1.0,-5.0,-48.0
1776887475.9361026,-3.0,0.0,-41.0
1776887475.9461029,-3.0,1.0,-36.0
1776887475.9571028,-8.0,1.0,-32.0
1776887475.9671028,-4.0,0.0,-37.0
1776887475.9771028,-5.0,3.0,-41.0
1776887475.9871027,-4.0,4.0,-36.0
1776887475.9961028,-3.0,3.0,-33.0
1776887476.0071027,-4.0,6.0,-33.0
1776887476.0171027,0.0,4.0,-27.0
1776887476.0271027,0.0,3.0,-25.0
1776887476.0371027,0.0,3.0,-27.0
1776887476.0471027,0.0,1.0,-28.0
1776887476.057103,1.0,-1.0,-27.0
1776887476.067103,2.0,-5.0,-31.0
1776887476.077103,1.0,-3.0,-31.0
1776887476.087103,-2.0,-1.0,-30.0
1776887476.0971026,-1.0,2.0,-28.0
1776887476.1071026,2.0,0.0,-29.0
1776887476.1171026,0.0,2.0,-33.0
1776887476.1271029,2.0,1.0,-34.0
1776887476.1371028,0.0,3.0,-31.0
1776887476.1471028,2.0,1.0,-32.0
1776887476.1571028,0.0,-1.0,-39.0
1776887476.1671028,-1.0,-4.0,-35.0
1776887476.1771028,-2.0,-7.0,-33.0
1776887476.1871028,-4.0,-12.0,-39.0
1776887476.1971028,-9.0,-10.0,-44.0
1776887476.2071028,-5.0,-8.0,-41.0
1776887476.2171028,0.0,-9.0,-39.0
1776887476.2271028,2.0,-7.0,-36.0
1776887476.2371027,7.0,-7.0,-32.0
1776887476.2471027,4.0,-4.0,-40.0
1776887476.2571027,2.0,0.0,-46.0
1776887476.2671027,7.0,4.0,-40.0
1776887476.2771027,2.0,3.0,-41.0
1776887476.2871027,1.0,2.0,-34.0
1776887476.2971027,0.0,0.0,-39.0
1776887476.307103,1.0,-1.0,-42.0
1776887476.317103,0.0,0.0,-40.0
1776887476.327103,2.0,-4.0,-41.0
1776887476.337103,2.0,0.0,-42.0
1776887476.3471026,0.0,0.0,-39.0
1776887476.3571026,2.0,0.0,-42.0
1776887476.3671026,2.0,3.0,-39.0
1776887476.3771029,-1.0,6.0,-39.0
1776887476.3871028,0.0,4.0,-45.0
1776887476.3971028,2.0,2.0,-49.0
1776887476.4071028,-2.0,2.0,-37.0
1776887476.4171028,-1.0,1.0,-40.0
1776887476.4271028,1.0,1.0,-38.0
1776887476.4371028,-1.0,0.0,-40.0
1776887476.4471028,-5.0,2.0,-41.0
1776887476.4571028,-5.0,5.0,-35.0
1776887476.4671028,-5.0,4.0,-33.0
1776887476.4771028,0.0,5.0,-32.0
1776887476.4871027,0.0,7.0,-32.0
1776887476.4971027,-2.0,4.0,-38.0
1776887476.5071027,-3.0,0.0,-41.0
1776887476.5171027,-2.0,-1.0,-36.0
1776887476.5271027,-4.0,0.0,-33.0
1776887476.5371027,-2.0,0.0,-35.0
1776887476.5471027,0.0,0.0,-36.0
1776887476.557103,0.0,0.0,-31.0
1776887476.567103,0.0,-3.0,-25.0
1776887476.577103,-1.0,-6.0,-27.0
1776887476.587103,-1.0,-1.0,-30.0
1776887476.5971026,0.0,2.0,-32.0
1776887476.6071026,0.0,1.0,-28.0
1776887476.6171026,5.0,0.0,-28.0
1776887476.6271029,1.0,0.0,-24.0
1776887476.6371028,0.0,0.0,-25.0
1776887476.6471028,2.0,0.0,-20.0
1776887476.6571028,8.0,0.0,-26.0
1776887476.6671028,12.0,0.0,-33.0
1776887476.6771028,11.0,1.0,-36.0
1776887476.6871028,7.0,-1.0,-32.0
1776887476.6971028,5.0,4.0,-35.0
1776887476.7071028,4.0,4.0,-41.0
1776887476.7171028,4.0,1.0,-43.0
1776887476.7271028,0.0,0.0,-36.0
1776887476.7371027,1.0,-4.0,-36.0
1776887476.7471027,0.0,-1.0,-33.0
1776887476.7571027,3.0,-1.0,-34.0
1776887476.7671027,4.0,-6.0,-29.0
1776887476.7771027,2.0,0.0,-35.0
1776887476.7871027,2.0,1.0,-38.0
1776887476.7971027,2.0,5.0,-31.0
1776887476.807103,-4.0,5.0,-29.0
1776887476.817103,-4.0,2.0,-30.0
1776887476.827103,-4.0,2.0,-29.0
1776887476.837103,-5.0,0.0,-22.0
1776887476.8471026,-4.0,-1.0,-23.0
1776887476.8571026,-8.0,0.0,-26.0
1776887476.8671026,-4.0,1.0,-29.0
1776887476.8771029,0.0,0.0,-33.0
1776887476.8871028,2.0,-1.0,-37.0
1776887476.8971028,5.0,1.0,-38.0
1776887476.9071028,1.0,1.0,-38.0
1776887476.9171028,1.0,-2.0,-37.0
1776887476.9271028,5.0,0.0,-36.0
1776887476.9371028,4.0,0.0,-36.0
1776887476.9471028,2.0,0.0,-32.0
1776887476.9571028,0.0,0.0,-35.0
1776887476.9671028,0.0,1.0,-33.0
1776887476.9771028,3.0,0.0,-28.0
1776887476.9871027,3.0,0.0,-29.0
1776887476.9971027,4.0,-2.0,-26.0
1776887477.0071027,2.0,-2.0,-26.0
1776887477.0171027,-3.0,-3.0,-33.0
1776887477.0271027,-2.0,-4.0,-29.0
1776887477.0371027,-3.0,-3.0,-36.0
1776887477.0471027,-5.0,-4.0,-41.0
1776887477.057103,-4.0,-4.0,-38.0
1776887477.067103,-6.0,-1.0,-40.0
1776887477.077103,-2.0,0.0,-41.0
1776887477.087103,-1.0,2.0,-50.0
1776887477.0971026,0.0,-1.0,-44.0
1776887477.1071026,3.0,-1.0,-36.0
1776887477.1171026,3.0,-3.0,-38.0
1776887477.1271029,0.0,-1.0,-45.0
1776887477.1371028,-1.0,1.0,-44.0
1776887477.1471028,0.0,0.0,-40.0
1776887477.1571028,0.0,1.0,-42.0
1776887477.1671028,0.0,2.0,-41.0
1776887477.1771028,-2.0,0.0,-39.0
1776887477.1871028,0.0,0.0,-35.0
1776887477.1971028,-3.0,-2.0,-36.0
1776887477.2071028,-8.0,-7.0,-36.0
1776887477.2171028,-7.0,-7.0,-32.0
1776887477.2271028,-2.0,-7.0,-38.0
1776887477.2371027,1.0,-8.0,-38.0
1776887477.2471027,8.0,-7.0,-38.0
1776887477.2571027,9.0,-6.0,-39.0
1776887477.2671027,6.0,-4.0,-41.0
1776887477.2771027,6.0,-8.0,-43.0
1776887477.2871027,4.0,-10.0,-37.0
1776887477.2971027,1.0,-4.0,-45.0
1776887477.307103,2.0,0.0,-42.0
1776887477.317103,0.0,2.0,-38.0
1776887477.327103,2.0,5.0,-39.0
1776887477.337103,-1.0,3.0,-39.0
1776887477.3471026,2.0,2.0,-40.0
1776887477.3571026,3.0,2.0,-40.0
1776887477.3671026,2.0,4.0,-39.0
1776887477.3771029,3.0,5.0,-40.0
1776887477.3871028,-2.0,1.0,-41.0
1776887477.3971028,-7.0,-1.0,-34.0
1776887477.4071028,-5.0,-1.0,-28.0
1776887477.4171028,0.0,-2.0,-31.0
1776887477.4271028,-2.0,-3.0,-37.0
1776887477.4371028,-3.0,-8.0,-33.0
1776887477.4471028,-1.0,-9.0,-34.0
1776887477.4571028,0.0,-10.0,-31.0
1776887477.4671028,-1.0,-10.0,-30.0
1776887477.4771028,-7.0,-7.0,-19.0
1776887477.4871027,-4.0,-9.0,-18.0
1776887477.4971027,-3.0,-7.0,-20.0
1776887477.5071027,0.0,-5.0,-23.0
1776887477.5171027,2.0,-6.0,-24.0
1776887477.5271027,4.0,-3.0,-31.0
1776887477.5371027,2.0,-2.0,-33.0
1776887477.5471027,-2.0,-4.0,-37.0
1776887477.557103,-2.0,-4.0,-33.0
1776887477.567103,-1.0,-1.0,-33.0
1776887477.577103,-2.0,-4.0,-29.0
1776887477.587103,3.0,-7.0,-22.0
1776887477.5971026,6.0,-4.0,-22.0
1776887477.6071026,8.0,-1.0,-31.0
1776887477.6171026,10.0,3.0,-32.0
1776887477.6271029,10.0,5.0,-33.0
1776887477.6371028,8.0,1.0,-31.0
1776887477.6471028,5.0,1.0,-30.0
1776887477.6571028,2.0,3.0,-29.0
1776887477.6671028,1.0,0.0,-31.0
1776887477.6771028,2.0,-1.0,-40.0
1776887477.6871028,5.0,-1.0,-42.0
1776887477.6971028,5.0,-3.0,-39.0
1776887477.7071028,6.0,-3.0,-42.0
1776887477.7171028,7.0,2.0,-39.0
1776887477.7271028,5.0,5.0,-37.0
1776887477.7371027,5.0,4.0,-41.0
1776887477.7471027,4.0,3.0,-33.0
1776887477.7571027,5.0,5.0,-38.0
1776887477.7671027,2.0,6.0,-32.0
1776887477.7771027,1.0,7.0,-32.0
1776887477.7871027,-3.0,5.0,-41.0
1776887477.7971027,-4.0,3.0,-42.0
1776887477.807103,1.0,3.0,-43.0
1776887477.817103,1.0,3.0,-40.0
1776887477.827103,0.0,2.0,-38.0
1776887477.837103,0.0,3.0,-34.0
1776887477.8471026,1.0,1.0,-39.0
1776887477.8571026,4.0,0.0,-38.0
1776887477.8671026,8.0,0.0,-39.0
1776887477.8771029,8.0,1.0,-37.0
1776887477.8871028,8.0,0.0,-36.0
1776887477.8971028,6.0,-1.0,-34.0
1776887477.9071028,6.0,-3.0,-39.0
1776887477.9171028,8.0,-6.0,-44.0
1776887477.9271028,9.0,-5.0,-39.0
1776887477.9371028,5.0,-6.0,-41.0
1776887477.9481027,3.0,1.0,-43.0
1776887477.9581027,0.0,2.0,-45.0
1776887477.9681027,-4.0,4.0,-47.0
1776887477.9781027,-5.0,3.0,-40.0
1776887477.988103,0.0,3.0,-40.0
1776887477.998103,3.0,0.0,-35.0
1776887478.008103,3.0,1.0,-31.0
1776887478.0181026,-2.0,0.0,-30.0
1776887478.0281026,-1.0,-1.0,-32.0
1776887478.0381026,-2.0,-5.0,-32.0
1776887478.0481029,-1.0,-1.0,-35.0
1776887478.0581028,-5.0,-2.0,-40.0
1776887478.0681028,-5.0,0.0,-43.0
1776887478.0781028,-4.0,0.0,-46.0
1776887478.0881028,0.0,0.0,-43.0
1776887478.0981028,-2.0,-5.0,-40.0
1776887478.1081028,-1.0,-3.0,-38.0
1776887478.1181028,1.0,-2.0,-35.0
1776887478.1281028,1.0,0.0,-35.0
1776887478.1381028,0.0,0.0,-37.0
1776887478.1481028,2.0,-1.0,-38.0
1776887478.1581028,0.0,-4.0,-45.0
1776887478.1681027,3.0,-7.0,-45.0
1776887478.1781027,1.0,-3.0,-50.0
1776887478.1881027,0.0,-4.0,-46.0
1776887478.1981027,0.0,-5.0,-43.0
1776887478.2081027,2.0,-1.0,-37.0
1776887478.2181027,0.0,-3.0,-29.0
1776887478.2281027,-2.0,-2.0,-35.0
1776887478.238103,-5.0,-8.0,-33.0
1776887478.248103,-6.0,-7.0,-32.0
1776887478.258103,-6.0,-6.0,-36.0
1776887478.2681026,-8.0,-4.0,-37.0
1776887478.2781026,-7.0,-1.0,-38.0
1776887478.2881026,0.0,-2.0,-30.0
1776887478.2981029,-3.0,-5.0,-30.0
1776887478.3081028,0.0,-10.0,-28.0
1776887478.3181028,0.0,-12.0,-26.0
1776887478.3281028,-1.0,-11.0,-24.0
1776887478.3381028,-2.0,-10.0,-25.0
1776887478.3481028,-4.0,-11.0,-24.0
1776887478.3581028,-6.0,-13.0,-29.0
1776887478.3681028,-7.0,-11.0,-31.0
1776887478.3781028,-2.0,-12.0,-28.0
1776887478.3881028,-5.0,-8.0,-22.0
1776887478.3981028,-8.0,-3.0,-27.0
1776887478.4081028,-7.0,-3.0,-25.0
1776887478.4181027,-8.0,-5.0,-27.0
1776887478.4281027,-8.0,-3.0,-31.0
1776887478.4381027,-5.0,-3.0,-35.0
1776887478.4481027,-1.0,-3.0,-39.0
1776887478.4581027,0.0,-7.0,-42.0
1776887478.4681027,0.0,-5.0,-42.0
1776887478.4781027,0.0,-3.0,-42.0
1776887478.488103,0.0,-4.0,-40.0
1776887478.498103,2.0,-3.0,-33.0
1776887478.508103,3.0,-4.0,-32.0
1776887478.5181026,6.0,0.0,-29.0
1776887478.5281026,5.0,0.0,-22.0
1776887478.5391028,4.0,-2.0,-21.0
1776887478.5481029,0.0,0.0,-27.0
1776887478.5581028,1.0,-1.0,-29.0
1776887478.5681028,0.0,0.0,-36.0
1776887478.5781028,-6.0,1.0,-34.0
1776887478.5881028,-6.0,-2.0,-33.0
1776887478.5981028,-4.0,-1.0,-34.0
1776887478.6081028,0.0,-2.0,-38.0
1776887478.6181028,2.0,-4.0,-40.0
1776887478.6281028,-2.0,-1.0,-36.0
1776887478.6381028,-2.0,0.0,-42.0
1776887478.6481028,-4.0,0.0,-42.0
1776887478.6581028,-1.0,0.0,-35.0
1776887478.6681027,0.0,0.0,-30.0
1776887478.6781027,1.0,0.0,-27.0
1776887478.6881027,-3.0,2.0,-36.0
1776887478.6981027,-6.0,6.0,-35.0
1776887478.7081027,-8.0,4.0,-28.0
1776887478.7181027,-6.0,-2.0,-29.0
1776887478.7281027,-2.0,-3.0,-30.0
1776887478.738103,-4.0,-7.0,-37.0
1776887478.748103,-6.0,-4.0,-36.0
1776887478.758103,-6.0,-2.0,-35.0
1776887478.7681026,-2.0,-4.0,-46.0
1776887478.7781026,0.0,-8.0,-45.0
1776887478.7881026,-1.0,-9.0,-50.0
1776887478.7981029,1.0,-6.0,-52.0
1776887478.8081028,4.0,-4.0,-48.0
1776887478.8181028,5.0,-5.0,-41.0
1776887478.8281028,5.0,-1.0,-36.0
1776887478.8381028,2.0,0.0,-41.0
1776887478.8481028,7.0,1.0,-45.0
1776887478.8581028,9.0,0.0,-44.0
1776887478.8681028,13.0,1.0,-42.0
1776887478.8781028,8.0,0.0,-41.0
1776887478.8881028,10.0,-3.0,-41.0
1776887478.8981028,5.0,-3.0,-49.0
1776887478.9081028,5.0,-6.0,-42.0
1776887478.9181027,5.0,-5.0,-37.0
1776887478.9281027,5.0,-4.0,-41.0
1776887478.9381027,3.0,-2.0,-36.0
1776887478.9481027,2.0,-3.0,-36.0
1776887478.9581027,5.0,-6.0,-33.0
1776887478.9681027,7.0,-7.0,-27.0
1776887478.9781027,6.0,-6.0,-32.0
1776887478.988103,6.0,-4.0,-31.0
1776887478.998103,4.0,1.0,-30.0
1776887479.008103,-2.0,1.0,-29.0
1776887479.0181026,-1.0,2.0,-27.0
1776887479.0281026,2.0,2.0,-29.0
1776887479.0381026,-2.0,0.0,-28.0
1776887479.0481029,-6.0,0.0,-34.0
1776887479.0581028,0.0,0.0,-36.0
1776887479.0681028,-3.0,0.0,-38.0
1776887479.0781028,-4.0,-2.0,-42.0
1776887479.0881028,-6.0,-1.0,-43.0
1776887479.0981028,-6.0,-1.0,-38.0
1776887479.1081028,-7.0,-1.0,-39.0
1776887479.1181028,-3.0,-2.0,-36.0
1776887479.1281028,-2.0,0.0,-37.0
1776887479.1381028,-6.0,0.0,-41.0
1776887479.1481028,-8.0,-4.0,-31.0
1776887479.1581028,-2.0,0.0,-29.0
1776887479.1681027,0.0,0.0,-33.0
1776887479.1781027,4.0,-4.0,-43.0
1776887479.1881027,3.0,0.0,-41.0
1776887479.1981027,-1.0,-4.0,-38.0
1776887479.2081027,0.0,-8.0,-45.0
1776887479.2181027,-2.0,-7.0,-45.0
1776887479.2281027,-3.0,-4.0,-42.0
1776887479.238103,-3.0,-4.0,-43.0
1776887479.248103,0.0,-5.0,-39.0
1776887479.258103,1.0,-2.0,-35.0
1776887479.2681026,6.0,0.0,-38.0
1776887479.2781026,3.0,5.0,-36.0
1776887479.2881026,0.0,6.0,-33.0
1776887479.2981029,-1.0,6.0,-31.0
1776887479.3081028,-2.0,8.0,-38.0
1776887479.3181028,-2.0,4.0,-35.0
1776887479.3281028,-5.0,-1.0,-32.0
1776887479.3381028,-5.0,0.0,-30.0
1776887479.3481028,-3.0,-2.0,-30.0
1776887479.3581028,0.0,-4.0,-28.0
1776887479.3681028,-1.0,-7.0,-31.0
1776887479.3781028,-2.0,-8.0,-32.0
1776887479.3881028,-4.0,-5.0,-36.0
1776887479.3981028,-6.0,-6.0,-39.0
1776887479.4081028,-9.0,-4.0,-45.0
1776887479.4181027,-6.0,-4.0,-45.0
1776887479.4281027,0.0,-2.0,-38.0
1776887479.4381027,1.0,-4.0,-37.0
1776887479.4481027,1.0,-4.0,-35.0
1776887479.4581027,1.0,-4.0,-32.0
1776887479.4681027,2.0,-5.0,-27.0
1776887479.4781027,1.0,-5.0,-24.0
1776887479.488103,4.0,-2.0,-23.0
1776887479.498103,4.0,-4.0,-21.0
1776887479.508103,1.0,-5.0,-20.0
1776887479.5181026,2.0,-5.0,-28.0
1776887479.5281026,0.0,0.0,-36.0
1776887479.5381026,0.0,-1.0,-43.0
1776887479.5481029,1.0,-5.0,-45.0
1776887479.5581028,2.0,-5.0,-42.0
1776887479.5681028,1.0,-2.0,-30.0
1776887479.5781028,2.0,-1.0,-29.0
1776887479.5881028,8.0,2.0,-37.0
1776887479.5981028,8.0,1.0,-38.0
1776887479.6081028,7.0,-3.0,-41.0
1776887479.6181028,1.0,-1.0,-41.0
1776887479.6281028,-1.0,0.0,-39.0
1776887479.6381028,0.0,1.0,-34.0
1776887479.6481028,-2.0,1.0,-37.0
1776887479.6581028,0.0,-1.0,-36.0
1776887479.6681027,-2.0,-3.0,-35.0
1776887479.6781027,0.0,0.0,-38.0
1776887479.6881027,0.0,1.0,-37.0
1776887479.6981027,-1.0,0.0,-38.0
1776887479.7081027,1.0,1.0,-33.0
1776887479.7181027,6.0,0.0,-33.0
1776887479.7281027,3.0,0.0,-29.0
1776887479.738103,6.0,-1.0,-35.0
1776887479.748103,-1.0,0.0,-49.0
1776887479.758103,0.0,-2.0,-49.0
1776887479.7681026,1.0,2.0,-43.0
1776887479.7781026,0.0,1.0,-41.0
1776887479.7881026,-2.0,0.0,-44.0
1776887479.7981029,-2.0,-2.0,-48.0
1776887479.8081028,-1.0,-1.0,-47.0
1776887479.8181028,-1.0,-3.0,-46.0
1776887479.8281028,-1.0,-3.0,-42.0
1776887479.8381028,-2.0,0.0,-42.0
1776887479.8481028,2.0,-3.0,-45.0
1776887479.8581028,2.0,-1.0,-45.0
1776887479.8681028,-2.0,-5.0,-38.0
1776887479.8781028,-2.0,-4.0,-38.0
1776887479.8881028,-5.0,-1.0,-34.0
1776887479.8981028,-2.0,1.0,-35.0
1776887479.9081028,-1.0,1.0,-40.0
1776887479.9181027,0.0,0.0,-41.0
1776887479.9281027,-1.0,2.0,-38.0
1776887479.9381027,0.0,3.0,-33.0
1776887479.9481027,0.0,-2.0,-39.0
1776887479.9591026,0.0,-3.0,-45.0
1776887479.9691026,0.0,-2.0,-39.0
1776887479.9791028,2.0,-1.0,-39.0
1776887479.9891028,1.0,0.0,-31.0
1776887479.9991028,1.0,1.0,-27.0
1776887480.0091028,0.0,4.0,-25.0
1776887480.0191028,5.0,2.0,-23.0
1776887480.0291028,10.0,1.0,-21.0
1776887480.0391028,7.0,3.0,-21.0
1776887480.0491028,3.0,0.0,-20.0
1776887480.0591028,3.0,-3.0,-27.0
1776887480.0691028,3.0,-3.0,-32.0
1776887480.0791028,4.0,-4.0,-30.0
1776887480.0891027,5.0,-2.0,-33.0
1776887480.0991027,3.0,-2.0,-35.0
1776887480.1091027,6.0,-5.0,-37.0
1776887480.1191027,6.0,-4.0,-36.0
1776887480.1291027,4.0,-6.0,-39.0
1776887480.1391027,2.0,-2.0,-36.0
1776887480.1491027,5.0,0.0,-35.0
1776887480.159103,4.0,0.0,-33.0
1776887480.169103,0.0,3.0,-41.0
1776887480.179103,-1.0,0.0,-39.0
1776887480.1891026,1.0,0.0,-37.0
1776887480.1991026,-3.0,0.0,-38.0
1776887480.2091026,-4.0,-4.0,-29.0
1776887480.2191026,-2.0,-5.0,-29.0
1776887480.2291028,-2.0,-5.0,-26.0
1776887480.2391028,-2.0,0.0,-29.0
1776887480.2491028,-2.0,-2.0,-35.0
1776887480.2591028,-2.0,-3.0,-36.0
1776887480.2691028,-3.0,-3.0,-34.0
1776887480.2791028,0.0,-6.0,-32.0
1776887480.2891028,2.0,-3.0,-30.0
1776887480.2991028,4.0,-1.0,-32.0
1776887480.3091028,2.0,-4.0,-35.0
1776887480.3191028,0.0,-1.0,-38.0
1776887480.3291028,-1.0,-2.0,-38.0
1776887480.3391027,1.0,-1.0,-38.0
1776887480.3491027,0.0,-4.0,-42.0
1776887480.3591027,0.0,-4.0,-41.0
1776887480.3691027,0.0,1.0,-41.0
1776887480.3791027,3.0,-1.0,-38.0
1776887480.3891027,6.0,-1.0,-42.0
1776887480.3991027,6.0,-4.0,-43.0
1776887480.409103,3.0,0.0,-40.0
1776887480.419103,6.0,-1.0,-43.0
1776887480.429103,5.0,-4.0,-38.0
1776887480.4391026,5.0,-4.0,-36.0
1776887480.4491026,2.0,-7.0,-28.0
1776887480.4591026,0.0,-5.0,-31.0
1776887480.4691026,0.0,-9.0,-32.0
1776887480.4791028,1.0,-7.0,-27.0
1776887480.4891028,-1.0,-7.0,-31.0
1776887480.4991028,-1.0,-8.0,-26.0
1776887480.5091028,-2.0,-6.0,-30.0
1776887480.5191028,-5.0,-5.0,-31.0
1776887480.5291028,-4.0,-5.0,-30.0
1776887480.5391028,-1.0,-5.0,-35.0
1776887480.5491028,-3.0,-3.0,-34.0
1776887480.5591028,-1.0,0.0,-28.0
1776887480.5691028,-1.0,-4.0,-33.0
1776887480.5791028,1.0,-6.0,-33.0
1776887480.5891027,1.0,0.0,-34.0
1776887480.5991027,1.0,-3.0,-37.0
1776887480.6091027,5.0,-2.0,-31.0
1776887480.6191027,7.0,1.0,-29.0
1776887480.6291027,6.0,0.0,-30.0
1776887480.6391027,3.0,0.0,-30.0
1776887480.6491027,3.0,-4.0,-34.0
1776887480.659103,1.0,-7.0,-31.0
1776887480.669103,1.0,-8.0,-38.0
1776887480.679103,1.0,-7.0,-43.0
1776887480.6891026,-1.0,-7.0,-47.0
1776887480.6991026,3.0,-5.0,-44.0
1776887480.7091026,4.0,-2.0,-40.0
1776887480.7191026,5.0,-2.0,-41.0
1776887480.7291028,4.0,-3.0,-38.0
1776887480.7391028,9.0,-4.0,-37.0
1776887480.7491028,8.0,-5.0,-35.0
1776887480.7591028,4.0,-3.0,-38.0
1776887480.7691028,3.0,-2.0,-39.0
1776887480.7791028,4.0,-1.0,-38.0
1776887480.7891028,3.0,0.0,-35.0
1776887480.7991028,1.0,0.0,-33.0
1776887480.8091028,2.0,0.0,-35.0
1776887480.8191028,-1.0,6.0,-35.0
1776887480.8291028,0.0,4.0,-35.0
1776887480.8391027,0.0,2.0,-31.0
1776887480.8491027,2.0,0.0,-32.0
1776887480.8591027,1.0,-3.0,-34.0
1776887480.8691027,1.0,-2.0,-34.0
1776887480.8791027,2.0,-5.0,-30.0
1776887480.8891027,1.0,-1.0,-28.0
1776887480.8991027,-1.0,-1.0,-33.0
1776887480.909103,-5.0,-1.0,-27.0
1776887480.919103,-7.0,0.0,-33.0
1776887480.929103,-4.0,-1.0,-34.0
1776887480.9391026,-5.0,3.0,-27.0
1776887480.9491026,-2.0,4.0,-24.0
1776887480.9591026,-3.0,3.0,-28.0
1776887480.9691026,-1.0,3.0,-28.0
1776887480.9791028,0.0,0.0,-35.0
1776887480.9891028,2.0,0.0,-37.0
1776887480.9991028,0.0,0.0,-36.0
1776887481.0091028,-1.0,0.0,-35.0
1776887481.0191028,-1.0,-1.0,-33.0
1776887481.0291028,-1.0,0.0,-30.0
1776887481.0391028,0.0,2.0,-33.0
1776887481.0491028,1.0,6.0,-32.0
1776887481.0591028,4.0,9.0,-34.0
1776887481.0691028,-1.0,8.0,-37.0
1776887481.0791028,2.0,7.0,-33.0
1776887481.0891027,3.0,7.0,-31.0
1776887481.0991027,2.0,8.0,-34.0
1776887481.1091027,-1.0,5.0,-39.0
1776887481.1191027,0.0,0.0,-36.0
1776887481.1291027,-2.0,2.0,-43.0
1776887481.1391027,0.0,4.0,-36.0
1776887481.1491027,0.0,3.0,-38.0
1776887481.159103,0.0,1.0,-42.0
1776887481.169103,0.0,1.0,-42.0
1776887481.179103,-5.0,-2.0,-40.0
1776887481.1891026,-4.0,0.0,-42.0
1776887481.1991026,-1.0,-3.0,-45.0
1776887481.2091026,-3.0,1.0,-44.0
1776887481.2191026,-2.0,0.0,-38.0
1776887481.2291028,1.0,0.0,-35.0
1776887481.2391028,-1.0,5.0,-34.0
1776887481.2491028,4.0,8.0,-35.0
1776887481.2591028,0.0,8.0,-38.0
1776887481.2691028,-1.0,5.0,-37.0
1776887481.2791028,0.0,5.0,-35.0
1776887481.2891028,-3.0,3.0,-36.0
1776887481.2991028,-1.0,5.0,-37.0
1776887481.3091028,1.0,0.0,-41.0
1776887481.3191028,3.0,-1.0,-35.0
1776887481.3291028,5.0,2.0,-30.0
1776887481.3391027,5.0,3.0,-31.0
1776887481.3491027,0.0,2.0,-40.0
1776887481.3591027,-3.0,1.0,-41.0
1776887481.3691027,0.0,0.0,-43.0
1776887481.3791027,4.0,-3.0,-34.0
1776887481.3891027,2.0,-3.0,-30.0
1776887481.3991027,-5.0,-4.0,-37.0
1776887481.409103,-7.0,-1.0,-40.0
1776887481.419103,-5.0,-1.0,-38.0
1776887481.429103,-3.0,1.0,-32.0
1776887481.4391026,-5.0,0.0,-35.0
1776887481.4491026,-3.0,-1.0,-38.0
1776887481.4591026,-2.0,-2.0,-35.0
1776887481.4691026,-3.0,-3.0,-41.0
1776887481.4791028,0.0,-2.0,-39.0
1776887481.4891028,2.0,-2.0,-34.0
1776887481.4991028,3.0,-3.0,-31.0
1776887481.5091028,3.0,-8.0,-33.0
1776887481.5191028,1.0,-6.0,-38.0
1776887481.5291028,0.0,-8.0,-37.0
1776887481.5391028,2.0,-6.0,-44.0
1776887481.5491028,0.0,-2.0,-40.0
1776887481.5591028,1.0,-1.0,-43.0
1776887481.5691028,-3.0,1.0,-44.0
1776887481.5791028,-3.0,0.0,-44.0
1776887481.5891027,-2.0,-3.0,-48.0
1776887481.5991027,-2.0,-8.0,-56.0
1776887481.6091027,-1.0,-5.0,-50.0
1776887481.6191027,2.0,1.0,-43.0
1776887481.6291027,0.0,0.0,-37.0
1776887481.6391027,1.0,-5.0,-32.0
1776887481.6491027,-1.0,-5.0,-33.0
1776887481.659103,-3.0,-4.0,-36.0
1776887481.669103,-3.0,-2.0,-39.0
1776887481.679103,-5.0,-2.0,-37.0
1776887481.6891026,-3.0,-4.0,-40.0
1776887481.6991026,-7.0,-2.0,-42.0
1776887481.7091026,-7.0,-3.0,-41.0
1776887481.7191026,0.0,-5.0,-45.0
1776887481.7291028,1.0,-8.0,-44.0
1776887481.7391028,-1.0,-4.0,-39.0
1776887481.7491028,0.0,-3.0,-39.0
1776887481.7591028,1.0,-2.0,-32.0
1776887481.7691028,0.0,-2.0,-38.0
1776887481.7791028,-1.0,-1.0,-40.0
1776887481.7891028,-1.0,-1.0,-39.0
1776887481.7991028,-1.0,-3.0,-35.0
1776887481.8091028,0.0,-5.0,-37.0
1776887481.8191028,-2.0,-2.0,-42.0
1776887481.8291028,-2.0,-2.0,-33.0
1776887481.8391027,0.0,0.0,-36.0
1776887481.8491027,0.0,1.0,-40.0
1776887481.8591027,-1.0,1.0,-41.0
1776887481.8691027,-1.0,5.0,-38.0
1776887481.8791027,0.0,2.0,-32.0
1776887481.8891027,-2.0,0.0,-26.0
1776887481.8991027,0.0,-2.0,-23.0
1776887481.9101028,1.0,-2.0,-24.0
1776887481.919103,-2.0,0.0,-30.0
1776887481.929103,-6.0,1.0,-34.0
1776887481.9401028,-4.0,3.0,-37.0
1776887481.9501028,-5.0,3.0,-43.0
1776887481.9601028,1.0,5.0,-44.0
1776887481.9701028,1.0,-1.0,-44.0
1776887481.9801028,0.0,1.0,-41.0
1776887481.9901028,-1.0,0.0,-37.0
1776887482.0001028,-1.0,0.0,-34.0
1776887482.0101027,-3.0,-2.0,-34.0
1776887482.0201027,-3.0,0.0,-33.0
1776887482.0301027,0.0,1.0,-32.0
1776887482.0401027,0.0,2.0,-33.0
1776887482.0501027,0.0,1.0,-32.0
1776887482.0601027,-1.0,3.0,-25.0
1776887482.0701027,0.0,1.0,-27.0
1776887482.0801027,-4.0,0.0,-34.0
1776887482.090103,-5.0,-3.0,-38.0
1776887482.100103,0.0,-3.0,-37.0
1776887482.110103,-2.0,-4.0,-39.0
1776887482.1201026,1.0,0.0,-38.0
1776887482.1301026,3.0,0.0,-34.0
1776887482.1401026,2.0,2.0,-29.0
1776887482.1501029,0.0,1.0,-31.0
1776887482.1601028,-6.0,2.0,-32.0
1776887482.1701028,-10.0,-2.0,-35.0
1776887482.1801028,-10.0,-2.0,-37.0
1776887482.1901028,-5.0,-4.0,-30.0
1776887482.2001028,-1.0,-4.0,-33.0
1776887482.2101028,0.0,0.0,-27.0
1776887482.2201028,-1.0,2.0,-24.0
1776887482.2301028,2.0,5.0,-21.0
1776887482.2401028,2.0,5.0,-26.0
1776887482.2501028,4.0,5.0,-29.0
1776887482.2601027,2.0,5.0,-33.0
1776887482.2701027,5.0,4.0,-28.0
1776887482.2801027,4.0,7.0,-35.0
1776887482.2901027,2.0,1.0,-42.0
1776887482.3001027,1.0,0.0,-44.0
1776887482.3101027,3.0,-3.0,-42.0
1776887482.3201027,7.0,-1.0,-39.0
1776887482.3301027,5.0,-3.0,-42.0
1776887482.340103,1.0,0.0,-38.0
1776887482.350103,0.0,-6.0,-33.0
1776887482.360103,-2.0,-7.0,-32.0
1776887482.3701026,-1.0,-5.0,-31.0
1776887482.3801026,-1.0,-3.0,-30.0
1776887482.3901026,1.0,0.0,-33.0
1776887482.4001029,3.0,3.0,-35.0
1776887482.4101028,5.0,3.0,-36.0
1776887482.4201028,5.0,2.0,-32.0
1776887482.4301028,3.0,3.0,-36.0
1776887482.4401028,3.0,7.0,-33.0
1776887482.4501028,0.0,7.0,-34.0
1776887482.4601028,-4.0,1.0,-34.0
1776887482.4701028,-1.0,2.0,-36.0
1776887482.4801028,0.0,-3.0,-30.0
1776887482.4901028,1.0,-7.0,-31.0
1776887482.5001028,-1.0,-8.0,-31.0
1776887482.5101027,-4.0,-1.0,-29.0
1776887482.5201027,-4.0,-1.0,-35.0
1776887482.5301027,-2.0,3.0,-38.0
1776887482.5401027,-1.0,0.0,-38.0
1776887482.5501027,-5.0,0.0,-42.0
1776887482.5601027,-5.0,-1.0,-37.0
1776887482.5701027,-6.0,0.0,-39.0
1776887482.5801027,-7.0,3.0,-37.0
1776887482.590103,-3.0,5.0,-36.0
1776887482.600103,-2.0,6.0,-34.0
1776887482.610103,-5.0,3.0,-30.0
1776887482.6201026,-7.0,2.0,-32.0
1776887482.6301026,-9.0,-1.0,-35.0
1776887482.6401026,-7.0,-6.0,-36.0
1776887482.6501029,-6.0,-8.0,-39.0
1776887482.6601028,-1.0,-4.0,-41.0
1776887482.6701028,-1.0,0.0,-42.0
1776887482.6801028,0.0,-1.0,-44.0
1776887482.6901028,0.0,-2.0,-42.0
1776887482.7001028,9.0,-7.0,-40.0
1776887482.7101028,5.0,-5.0,-32.0
1776887482.7201028,4.0,-2.0,-23.0
1776887482.7301028,3.0,0.0,-26.0
1776887482.7401028,1.0,0.0,-30.0
1776887482.7501028,7.0,0.0,-33.0
1776887482.7601027,3.0,-3.0,-36.0
1776887482.7701027,0.0,-4.0,-37.0
1776887482.7801027,-1.0,-2.0,-37.0
1776887482.7901027,-6.0,-1.0,-31.0
1776887482.8001027,-4.0,0.0,-33.0
1776887482.8101027,-8.0,1.0,-37.0
1776887482.8201027,-3.0,2.0,-36.0
1776887482.8301027,1.0,1.0,-29.0
1776887482.840103,4.0,1.0,-28.0
1776887482.850103,5.0,0.0,-30.0
1776887482.860103,5.0,-2.0,-26.0
1776887482.8701026,0.0,-3.0,-25.0
1776887482.8801026,3.0,0.0,-25.0
1776887482.8901026,3.0,0.0,-33.0
1776887482.9001029,6.0,0.0,-36.0
1776887482.9101028,5.0,-3.0,-37.0
1776887482.9201028,2.0,-6.0,-35.0
1776887482.9301028,2.0,-10.0,-34.0
1776887482.9401028,1.0,-11.0,-31.0
1776887482.9501028,0.0,-10.0,-30.0
1776887482.9601028,4.0,-7.0,-30.0
1776887482.9701028,-2.0,-7.0,-29.0
1776887482.9801028,-5.0,-8.0,-28.0
1776887482.9901028,-2.0,-8.0,-33.0
1776887483.0001028,1.0,-6.0,-33.0
1776887483.0101027,-3.0,-2.0,-32.0
1776887483.0201027,-5.0,-4.0,-31.0
1776887483.0301027,-4.0,-3.0,-33.0
1776887483.0401027,0.0,-1.0,-35.0
1776887483.0501027,-1.0,-5.0,-31.0
1776887483.0601027,2.0,-6.0,-29.0
1776887483.0701027,2.0,-4.0,-30.0
1776887483.0801027,3.0,-5.0,-33.0
1776887483.090103,0.0,-5.0,-33.0
1776887483.100103,3.0,-6.0,-27.0
1776887483.110103,2.0,-7.0,-30.0
1776887483.1201026,3.0,-5.0,-22.0
1776887483.1301026,1.0,-2.0,-21.0
1776887483.1401026,0.0,-2.0,-25.0
1776887483.1501029,0.0,-8.0,-30.0
1776887483.1601028,0.0,-7.0,-30.0
1776887483.1701028,1.0,-7.0,-27.0
1776887483.1801028,-1.0,-8.0,-33.0
1776887483.1901028,0.0,-10.0,-34.0
1776887483.2001028,-1.0,-8.0,-37.0
1776887483.2101028,-1.0,-7.0,-39.0
1776887483.2201028,-3.0,-11.0,-36.0
1776887483.2301028,-6.0,-15.0,-36.0
1776887483.2401028,-2.0,-9.0,-34.0
1776887483.2501028,-2.0,-8.0,-40.0
1776887483.2601027,2.0,-9.0,-38.0
1776887483.2701027,7.0,-11.0,-37.0
1776887483.2801027,8.0,-10.0,-39.0
1776887483.2901027,6.0,-8.0,-41.0
1776887483.3001027,3.0,-3.0,-40.0
1776887483.3101027,5.0,-2.0,-34.0
1776887483.3201027,3.0,-3.0,-33.0
1776887483.3301027,2.0,0.0,-37.0
1776887483.340103,1.0,-3.0,-36.0
1776887483.350103,-1.0,-4.0,-31.0
1776887483.360103,-1.0,-3.0,-22.0
1776887483.3701026,1.0,-2.0,-17.0
1776887483.3801026,1.0,-5.0,-22.0
1776887483.3901026,2.0,-6.0,-24.0
1776887483.4001029,2.0,-2.0,-27.0
1776887483.4101028,0.0,-1.0,-30.0
1776887483.4201028,2.0,-1.0,-32.0
1776887483.4301028,8.0,-5.0,-37.0
1776887483.4401028,9.0,-7.0,-40.0
1776887483.4501028,13.0,-12.0,-38.0
1776887483.4601028,9.0,-12.0,-39.0
1776887483.4701028,4.0,-9.0,-39.0
1776887483.4801028,0.0,-8.0,-34.0
1776887483.4901028,-1.0,-2.0,-35.0
1776887483.5001028,-2.0,-1.0,-33.0
1776887483.5101027,-2.0,-2.0,-35.0
1776887483.5201027,-6.0,-2.0,-43.0
1776887483.5301027,-3.0,-5.0,-48.0
1776887483.5401027,0.0,-6.0,-45.0
1776887483.5501027,1.0,-5.0,-45.0
1776887483.5601027,0.0,-6.0,-40.0
1776887483.5701027,0.0,-3.0,-38.0
1776887483.5801027,-1.0,-2.0,-38.0
1776887483.590103,-3.0,-6.0,-32.0
1776887483.600103,-2.0,-2.0,-31.0
1776887483.610103,-8.0,-2.0,-33.0
1776887483.6201026,-5.0,1.0,-39.0
1776887483.6301026,-1.0,5.0,-40.0
1776887483.6401026,0.0,7.0,-39.0
1776887483.6501029,3.0,4.0,-38.0
1776887483.6601028,6.0,4.0,-37.0
1776887483.6701028,1.0,5.0,-31.0
1776887483.6801028,0.0,7.0,-25.0
1776887483.6901028,0.0,5.0,-30.0
1776887483.7001028,1.0,1.0,-35.0
1776887483.7101028,0.0,0.0,-35.0
1776887483.7201028,1.0,2.0,-39.0
1776887483.7301028,4.0,1.0,-43.0
1776887483.7401028,5.0,2.0,-38.0
1776887483.7501028,3.0,3.0,-37.0
1776887483.7601027,0.0,1.0,-38.0
1776887483.7701027,0.0,-1.0,-43.0
1776887483.7801027,0.0,-1.0,-45.0
1776887483.7901027,-1.0,2.0,-40.0
1776887483.8001027,-1.0,2.0,-38.0
1776887483.8101027,-2.0,-1.0,-42.0
1776887483.8201027,0.0,-1.0,-39.0
1776887483.8301027,-4.0,0.0,-37.0
1776887483.840103,-4.0,0.0,-33.0
1776887483.850103,-2.0,0.0,-33.0
1776887483.860103,-3.0,-1.0,-35.0
1776887483.8701026,-1.0,-5.0,-30.0
1776887483.8801026,-2.0,-8.0,-24.0
1776887483.8901026,2.0,-7.0,-27.0
1776887483.9011028,0.0,-6.0,-30.0
1776887483.9101028,0.0,-8.0,-30.0
1776887483.9201028,0.0,-8.0,-29.0
1776887483.9301028,-1.0,-7.0,-31.0
1776887483.9411027,-3.0,-2.0,-31.0
1776887483.9501028,-2.0,-3.0,-29.0
1776887483.9611027,-4.0,-5.0,-32.0
1776887483.9711027,-1.0,-4.0,-36.0
1776887483.9811027,0.0,-4.0,-29.0
1776887483.9911027,1.0,-4.0,-26.0
1776887484.0011027,3.0,0.0,-24.0
1776887484.011103,3.0,-1.0,-28.0
1776887484.021103,2.0,0.0,-38.0
1776887484.031103,1.0,-1.0,-32.0
1776887484.0411026,-3.0,0.0,-29.0
1776887484.0511026,-6.0,0.0,-29.0
1776887484.0611026,-4.0,0.0,-33.0
1776887484.0711029,0.0,-1.0,-39.0
1776887484.0811028,2.0,2.0,-40.0
1776887484.0911028,6.0,0.0,-46.0
1776887484.1011028,2.0,0.0,-46.0
1776887484.1111028,3.0,1.0,-42.0
1776887484.1211028,4.0,-3.0,-36.0
1776887484.1311028,5.0,-4.0,-41.0
1776887484.1411028,8.0,-1.0,-35.0
1776887484.1511028,10.0,0.0,-27.0
1776887484.1611028,8.0,1.0,-27.0
1776887484.1711028,4.0,4.0,-31.0
1776887484.1811028,4.0,0.0,-34.0
1776887484.1911027,1.0,5.0,-31.0
1776887484.2011027,0.0,4.0,-29.0
1776887484.2111027,-4.0,4.0,-28.0
1776887484.2211027,-1.0,-1.0,-34.0
1776887484.2311027,0.0,-3.0,-34.0
1776887484.2411027,0.0,-6.0,-35.0
1776887484.2511027,1.0,-5.0,-35.0
1776887484.261103,0.0,-9.0,-33.0
1776887484.271103,0.0,-8.0,-36.0
1776887484.281103,-2.0,-4.0,-43.0
1776887484.2911026,-2.0,-5.0,-45.0
1776887484.3011026,-1.0,-7.0,-44.0
1776887484.3111026,0.0,-5.0,-40.0
1776887484.3211029,0.0,-2.0,-41.0
1776887484.3311028,-1.0,-3.0,-38.0
1776887484.3411028,-5.0,-8.0,-35.0
1776887484.3511028,-1.0,-9.0,-33.0
1776887484.3611028,1.0,-6.0,-38.0
1776887484.3711028,6.0,-1.0,-42.0
1776887484.3811028,7.0,3.0,-37.0
1776887484.3911028,9.0,7.0,-37.0
1776887484.4011028,3.0,5.0,-39.0
1776887484.4111028,0.0,1.0,-43.0
1776887484.4211028,3.0,-3.0,-51.0
1776887484.4311028,4.0,-4.0,-49.0
1776887484.4411027,5.0,-6.0,-43.0
1776887484.4511027,2.0,-2.0,-47.0
1776887484.4611027,0.0,-2.0,-39.0
1776887484.4711027,1.0,1.0,-43.0
1776887484.4811027,0.0,2.0,-46.0
1776887484.4911027,0.0,1.0,-43.0
1776887484.5011027,-1.0,0.0,-39.0
1776887484.511103,-1.0,0.0,-37.0
1776887484.521103,-2.0,-6.0,-39.0
1776887484.531103,0.0,-2.0,-38.0
1776887484.5411026,2.0,1.0,-39.0
1776887484.5511026,2.0,2.0,-44.0
1776887484.5611026,1.0,0.0,-42.0
1776887484.5711029,-7.0,-1.0,-43.0
1776887484.5811028,-7.0,0.0,-37.0
1776887484.5911028,-6.0,0.0,-35.0
1776887484.6011028,-6.0,4.0,-39.0
1776887484.6111028,-5.0,2.0,-41.0
1776887484.6211028,-2.0,-1.0,-40.0
1776887484.6311028,-1.0,-4.0,-36.0
1776887484.6411028,0.0,-4.0,-36.0
1776887484.6511028,3.0,-4.0,-32.0
1776887484.6611028,2.0,-3.0,-29.0
1776887484.6711028,3.0,-3.0,-32.0
1776887484.6811028,-2.0,-3.0,-31.0
1776887484.6911027,0.0,-11.0,-37.0
1776887484.7011027,1.0,-10.0,-37.0
1776887484.7111027,1.0,-5.0,-31.0
1776887484.7211027,0.0,-3.0,-29.0
1776887484.7311027,1.0,-4.0,-33.0
1776887484.7411027,0.0,-7.0,-38.0
1776887484.7511027,-1.0,-8.0,-37.0
1776887484.761103,0.0,-7.0,-38.0
1776887484.771103,2.0,-5.0,-33.0
1776887484.781103,3.0,-7.0,-37.0
1776887484.7911026,6.0,-8.0,-37.0
1776887484.8011026,4.0,-8.0,-22.0
1776887484.8111026,2.0,-11.0,-20.0
1776887484.8211029,1.0,-8.0,-28.0
1776887484.8311028,0.0,-8.0,-28.0
1776887484.8411028,-5.0,-7.0,-31.0
1776887484.8511028,-6.0,-5.0,-31.0
1776887484.8611028,-3.0,-7.0,-27.0
1776887484.8711028,-4.0,-6.0,-31.0
1776887484.8811028,-2.0,-10.0,-35.0
1776887484.8911028,0.0,-5.0,-35.0
1776887484.9011028,0.0,-3.0,-39.0
1776887484.9111028,1.0,-2.0,-47.0
1776887484.9211028,1.0,-5.0,-50.0
1776887484.9311028,-3.0,-10.0,-49.0
1776887484.9411027,-4.0,-7.0,-37.0
1776887484.9511027,-2.0,-5.0,-41.0
1776887484.9611027,-2.0,-1.0,-37.0
1776887484.9711027,-3.0,-3.0,-32.0
1776887484.9811027,-2.0,-4.0,-35.0
1776887484.9911027,-1.0,-6.0,-43.0
1776887485.0011027,1.0,-5.0,-41.0
1776887485.011103,-2.0,-4.0,-38.0
1776887485.021103,-7.0,-3.0,-40.0
1776887485.031103,-5.0,-3.0,-36.0
1776887485.0411026,-6.0,-5.0,-40.0
1776887485.0511026,-3.0,-4.0,-40.0
1776887485.0611026,-5.0,0.0,-45.0
1776887485.0711029,-6.0,-5.0,-51.0
1776887485.0811028,-6.0,-9.0,-47.0
1776887485.0911028,0.0,-8.0,-43.0
1776887485.1011028,1.0,-5.0,-41.0
1776887485.1111028,2.0,-3.0,-45.0
1776887485.1211028,4.0,-3.0,-41.0
1776887485.1311028,1.0,-4.0,-38.0
1776887485.1411028,1.0,-3.0,-37.0
1776887485.1511028,5.0,-5.0,-38.0
1776887485.1611028,4.0,-4.0,-36.0
1776887485.1711028,0.0,-6.0,-28.0
1776887485.1811028,0.0,-4.0,-28.0
1776887485.1911027,1.0,-2.0,-24.0
1776887485.2011027,1.0,-2.0,-30.0
1776887485.2111027,0.0,-2.0,-35.0
1776887485.2211027,0.0,-1.0,-40.0
1776887485.2311027,4.0,0.0,-41.0
1776887485.2411027,3.0,1.0,-39.0
1776887485.2511027,0.0,2.0,-36.0
1776887485.261103,3.0,-1.0,-36.0
1776887485.271103,1.0,-1.0,-33.0
1776887485.281103,1.0,-1.0,-37.0
1776887485.2911026,0.0,-1.0,-30.0
1776887485.3011026,2.0,-4.0,-32.0
1776887485.3111026,0.0,-9.0,-44.0
1776887485.3211029,-6.0,-10.0,-41.0
1776887485.3311028,-4.0,-6.0,-36.0
1776887485.3411028,-1.0,-7.0,-36.0
1776887485.3511028,-4.0,-8.0,-39.0
1776887485.3611028,-2.0,-7.0,-43.0
1776887485.3711028,0.0,-4.0,-45.0
1776887485.3811028,-3.0,-5.0,-44.0
1776887485.3921027,-3.0,-4.0,-45.0
1776887485.4011028,-2.0,0.0,-50.0
1776887485.4111028,-2.0,3.0,-48.0
1776887485.4211028,-2.0,4.0,-47.0
1776887485.4311028,-1.0,1.0,-47.0
1776887485.4411027,0.0,0.0,-43.0
1776887485.4511027,-1.0,-2.0,-43.0
1776887485.4611027,-1.0,-2.0,-43.0
1776887485.4711027,3.0,-1.0,-33.0
1776887485.4811027,8.0,-5.0,-32.0
1776887485.4911027,8.0,-6.0,-35.0
1776887485.5011027,2.0,-4.0,-37.0
1776887485.511103,0.0,-4.0,-38.0
1776887485.521103,-1.0,-5.0,-46.0
1776887485.531103,-6.0,-7.0,-46.0
1776887485.5411026,-2.0,-6.0,-47.0
1776887485.5511026,0.0,-8.0,-39.0
1776887485.5611026,-1.0,-6.0,-40.0
1776887485.5711029,-1.0,0.0,-50.0
1776887485.5811028,0.0,-3.0,-46.0
1776887485.5911028,1.0,-5.0,-37.0
1776887485.6011028,8.0,-2.0,-30.0
1776887485.6111028,6.0,-4.0,-34.0
1776887485.6211028,3.0,-4.0,-32.0
1776887485.6311028,-1.0,-9.0,-31.0
1776887485.6411028,0.0,-10.0,-34.0
1776887485.6511028,1.0,-14.0,-37.0
1776887485.6611028,2.0,-12.0,-41.0
1776887485.6711028,-3.0,-12.0,-36.0
1776887485.6811028,-1.0,-13.0,-35.0
1776887485.6911027,-1.0,-11.0,-47.0
1776887485.7011027,0.0,-9.0,-47.0
1776887485.7111027,-1.0,-9.0,-44.0
1776887485.7211027,1.0,-4.0,-40.0
1776887485.7311027,2.0,-8.0,-34.0
1776887485.7411027,3.0,-2.0,-33.0
1776887485.7511027,5.0,-3.0,-31.0
1776887485.761103,3.0,-6.0,-34.0
1776887485.771103,6.0,-2.0,-30.0
1776887485.781103,9.0,0.0,-29.0
1776887485.7911026,6.0,-2.0,-31.0
1776887485.8011026,4.0,-3.0,-24.0
1776887485.8111026,4.0,-7.0,-29.0
1776887485.8211029,3.0,-7.0,-35.0
1776887485.8311028,2.0,-6.0,-30.0
1776887485.8411028,4.0,-8.0,-30.0
1776887485.8511028,2.0,-7.0,-31.0
1776887485.8611028,2.0,-4.0,-27.0
1776887485.8711028,1.0,0.0,-25.0
1776887485.8811028,0.0,3.0,-23.0
1776887485.8911028,-2.0,4.0,-25.0
1776887485.9011028,-5.0,0.0,-33.0
1776887485.9121027,1.0,-1.0,-33.0
1776887485.9211028,7.0,-2.0,-28.0
1776887485.932103,5.0,-2.0,-31.0
1776887485.942103,3.0,0.0,-34.0
1776887485.952103,3.0,-1.0,-33.0
1776887485.962103,6.0,0.0,-31.0
1776887485.9721026,7.0,4.0,-36.0
1776887485.9821026,11.0,7.0,-43.0
1776887485.9921026,5.0,3.0,-39.0
1776887486.0021029,0.0,0.0,-34.0
1776887486.0121028,0.0,1.0,-32.0
1776887486.0221028,0.0,0.0,-31.0
1776887486.0321028,-1.0,-4.0,-34.0
1776887486.0421028,-1.0,-1.0,-37.0
1776887486.0521028,-2.0,0.0,-41.0
1776887486.0621028,-4.0,-2.0,-42.0
1776887486.0721028,-4.0,-3.0,-41.0
1776887486.0821028,-2.0,-4.0,-42.0
1776887486.0921028,0.0,-1.0,-45.0
1776887486.1021028,-1.0,-6.0,-47.0
1776887486.1121027,5.0,-6.0,-41.0
1776887486.1221027,3.0,-4.0,-41.0
1776887486.1321027,3.0,-1.0,-37.0
1776887486.1421027,3.0,-4.0,-45.0
1776887486.1521027,0.0,-2.0,-52.0
1776887486.1621027,1.0,-3.0,-52.0
1776887486.1721027,-2.0,1.0,-47.0
1776887486.182103,-2.0,-1.0,-40.0
1776887486.192103,-5.0,0.0,-37.0
1776887486.202103,-5.0,-2.0,-40.0
1776887486.212103,-3.0,-2.0,-43.0
1776887486.2221026,-4.0,-5.0,-46.0
1776887486.2321026,-3.0,-4.0,-44.0
1776887486.2421026,-1.0,-3.0,-36.0
1776887486.2521029,-1.0,-6.0,-38.0
1776887486.2621028,-4.0,-2.0,-36.0
1776887486.2721028,-6.0,-3.0,-37.0
1776887486.2821028,-7.0,-8.0,-33.0
1776887486.2921028,-6.0,-3.0,-38.0
1776887486.3021028,-5.0,-7.0,-38.0
1776887486.3121028,-5.0,-10.0,-41.0
1776887486.3221028,-3.0,-11.0,-38.0
1776887486.3321028,-7.0,-9.0,-38.0
1776887486.3421028,-8.0,-8.0,-40.0
1776887486.3521028,-7.0,-5.0,-39.0
1776887486.3621027,-5.0,-3.0,-31.0
1776887486.3721027,-7.0,-2.0,-35.0
1776887486.3821027,-3.0,0.0,-46.0
1776887486.3921027,-1.0,-1.0,-42.0
1776887486.4021027,-1.0,-2.0,-40.0
1776887486.4121027,-2.0,-3.0,-45.0
1776887486.4221027,-4.0,-2.0,-47.0
1776887486.432103,-1.0,-4.0,-45.0
1776887486.442103,3.0,-4.0,-47.0
1776887486.452103,6.0,-6.0,-39.0
1776887486.462103,4.0,-6.0,-40.0
1776887486.4721026,0.0,-7.0,-39.0
1776887486.4821026,-1.0,-6.0,-38.0
1776887486.4921026,-2.0,-3.0,-41.0
1776887486.5021029,1.0,1.0,-40.0
1776887486.5121028,4.0,-4.0,-28.0
1776887486.5221028,4.0,-5.0,-26.0
1776887486.5321028,3.0,-5.0,-30.0
1776887486.5421028,0.0,-2.0,-35.0
1776887486.5521028,-2.0,-3.0,-37.0
1776887486.5621028,-4.0,-1.0,-38.0
1776887486.5721028,-3.0,0.0,-39.0
1776887486.5821028,-1.0,1.0,-36.0
1776887486.5921028,-1.0,-1.0,-35.0
1776887486.6021028,-2.0,0.0,-38.0
1776887486.6121027,1.0,0.0,-45.0
1776887486.6221027,0.0,0.0,-39.0
1776887486.6321027,-5.0,0.0,-37.0
1776887486.6421027,-3.0,1.0,-31.0
1776887486.6521027,0.0,4.0,-31.0
1776887486.6621027,2.0,1.0,-34.0
1776887486.6721027,3.0,0.0,-34.0
1776887486.682103,3.0,0.0,-37.0
1776887486.692103,5.0,0.0,-37.0
1776887486.702103,3.0,-2.0,-34.0
1776887486.712103,2.0,0.0,-33.0
1776887486.7221026,1.0,1.0,-36.0
1776887486.7321026,2.0,-2.0,-24.0
1776887486.7421026,5.0,-5.0,-26.0
1776887486.7521029,0.0,-6.0,-26.0
1776887486.7621028,2.0,-5.0,-30.0
1776887486.7721028,1.0,-5.0,-39.0
1776887486.7821028,2.0,-3.0,-43.0
1776887486.7921028,5.0,1.0,-44.0
1776887486.8021028,3.0,-2.0,-42.0
1776887486.8121028,7.0,-2.0,-40.0
1776887486.8221028,7.0,-5.0,-35.0
1776887486.8321028,9.0,-3.0,-36.0
1776887486.8421028,7.0,-4.0,-32.0
1776887486.8521028,4.0,-6.0,-38.0
1776887486.8621027,1.0,-4.0,-38.0
1776887486.8721027,0.0,-3.0,-38.0
1776887486.8821027,7.0,-6.0,-43.0
1776887486.8921027,5.0,-8.0,-46.0
1776887486.9021027,7.0,-12.0,-42.0
1776887486.9121027,5.0,-12.0,-38.0
1776887486.9221027,3.0,-8.0,-40.0
1776887486.932103,9.0,-5.0,-29.0
1776887486.942103,6.0,-7.0,-22.0
1776887486.952103,4.0,-5.0,-28.0
1776887486.962103,6.0,-3.0,-32.0
1776887486.9721026,2.0,-7.0,-29.0
1776887486.9821026,1.0,-3.0,-29.0
1776887486.9921026,5.0,-3.0,-26.0
1776887487.0021029,4.0,-6.0,-29.0
1776887487.0121028,1.0,-6.0,-31.0
1776887487.0221028,0.0,-2.0,-34.0
1776887487.0321028,0.0,-2.0,-36.0
1776887487.0421028,2.0,-3.0,-44.0
1776887487.0521028,-1.0,-3.0,-43.0
1776887487.0621028,0.0,-2.0,-47.0
1776887487.0721028,0.0,-5.0,-44.0
1776887487.0821028,5.0,-3.0,-40.0
1776887487.0921028,2.0,-4.0,-41.0
1776887487.1021028,8.0,-3.0,-42.0
1776887487.1121027,8.0,-9.0,-42.0
1776887487.1221027,8.0,-12.0,-37.0
1776887487.1321027,9.0,-11.0,-33.0
1776887487.1421027,5.0,-7.0,-39.0
1776887487.1521027,2.0,-6.0,-45.0
1776887487.1621027,3.0,-7.0,-45.0
1776887487.1721027,0.0,-2.0,-41.0
1776887487.182103,-2.0,-2.0,-42.0
1776887487.192103,-6.0,0.0,-39.0
1776887487.202103,-4.0,-2.0,-38.0
1776887487.212103,-7.0,-6.0,-33.0
1776887487.2221026,-6.0,-4.0,-34.0
1776887487.2321026,-6.0,-6.0,-31.0
1776887487.2421026,-2.0,-6.0,-31.0
1776887487.2521029,-1.0,-7.0,-28.0
1776887487.2621028,0.0,-3.0,-28.0
1776887487.2721028,-2.0,0.0,-31.0
1776887487.2821028,-2.0,5.0,-34.0
1776887487.2921028,-3.0,0.0,-33.0
1776887487.3021028,-2.0,-2.0,-43.0
1776887487.3121028,0.0,-4.0,-46.0
1776887487.3221028,5.0,-3.0,-39.0
1776887487.3321028,4.0,0.0,-40.0
1776887487.3421028,9.0,0.0,-31.0
1776887487.3521028,10.0,4.0,-27.0
1776887487.3621027,9.0,3.0,-23.0
1776887487.3721027,4.0,0.0,-27.0
1776887487.3821027,1.0,0.0,-35.0
1776887487.3921027,6.0,0.0,-39.0
1776887487.4021027,8.0,1.0,-42.0
1776887487.4121027,6.0,4.0,-42.0
1776887487.4221027,3.0,1.0,-46.0
1776887487.432103,1.0,3.0,-42.0
1776887487.442103,-1.0,4.0,-34.0
1776887487.452103,1.0,6.0,-35.0
1776887487.462103,5.0,4.0,-38.0
1776887487.4721026,6.0,1.0,-43.0
1776887487.4821026,6.0,-1.0,-45.0
1776887487.4921026,7.0,-5.0,-41.0
1776887487.5021029,6.0,-8.0,-41.0
1776887487.5121028,9.0,-5.0,-26.0
1776887487.5221028,8.0,-4.0,-29.0
1776887487.5321028,4.0,0.0,-36.0
1776887487.5421028,2.0,0.0,-37.0
1776887487.5521028,4.0,-2.0,-36.0
1776887487.5621028,0.0,-3.0,-36.0
1776887487.5721028,5.0,-5.0,-33.0
1776887487.5821028,6.0,-1.0,-39.0
1776887487.5921028,8.0,-3.0,-37.0
1776887487.6021028,4.0,-3.0,-36.0
1776887487.6121027,1.0,-2.0,-43.0
1776887487.6221027,4.0,-1.0,-42.0
1776887487.6321027,2.0,-1.0,-43.0
1776887487.6421027,6.0,-2.0,-51.0
1776887487.6531026,5.0,-2.0,-45.0
1776887487.6621027,1.0,-3.0,-44.0
1776887487.6721027,1.0,-2.0,-49.0
1776887487.682103,3.0,0.0,-56.0
1776887487.692103,6.0,-5.0,-47.0
1776887487.702103,6.0,-1.0,-48.0
1776887487.712103,4.0,-1.0,-43.0
1776887487.7221026,0.0,-2.0,-46.0
1776887487.7321026,2.0,-2.0,-46.0
1776887487.7421026,3.0,-1.0,-39.0
1776887487.7521029,1.0,1.0,-37.0
1776887487.7621028,2.0,-2.0,-40.0
1776887487.7721028,4.0,-3.0,-42.0
1776887487.7821028,1.0,-1.0,-44.0
1776887487.7921028,-1.0,-5.0,-50.0
1776887487.8021028,0.0,-2.0,-42.0
1776887487.8121028,-2.0,4.0,-39.0
1776887487.8221028,-5.0,3.0,-34.0
1776887487.8321028,0.0,3.0,-42.0
1776887487.8421028,0.0,-1.0,-38.0
1776887487.8521028,1.0,-1.0,-39.0
1776887487.8621027,0.0,-2.0,-46.0
1776887487.8721027,1.0,-4.0,-50.0
1776887487.8821027,0.0,-2.0,-49.0
1776887487.8921027,-1.0,-2.0,-43.0
1776887487.9021027,0.0,0.0,-48.0
1776887487.9121027,-1.0,-1.0,-46.0
1776887487.9221027,-4.0,1.0,-44.0
1776887487.932103,0.0,0.0,-43.0
1776887487.942103,5.0,0.0,-39.0
1776887487.952103,5.0,0.0,-39.0
1776887487.9631028,6.0,0.0,-45.0
1776887487.9731028,2.0,-2.0,-46.0
1776887487.9831028,0.0,-3.0,-45.0
1776887487.9931028,0.0,2.0,-48.0
1776887488.0031028,-3.0,0.0,-48.0
1776887488.0131028,-3.0,-3.0,-41.0
1776887488.0231028,-5.0,-4.0,-42.0
1776887488.0331028,-1.0,-2.0,-41.0
1776887488.0431027,3.0,1.0,-45.0
1776887488.0531027,6.0,1.0,-45.0
1776887488.0631027,5.0,1.0,-37.0
1776887488.0731027,4.0,-3.0,-36.0
1776887488.0831027,5.0,-5.0,-28.0
1776887488.0931027,3.0,-4.0,-33.0
1776887488.1031027,0.0,-3.0,-36.0
1776887488.113103,5.0,-3.0,-32.0
1776887488.123103,5.0,-3.0,-37.0
1776887488.133103,5.0,-4.0,-39.0
1776887488.1431026,1.0,-3.0,-38.0
1776887488.1531026,0.0,-7.0,-34.0
1776887488.1631026,1.0,-7.0,-36.0
1776887488.1731029,2.0,-6.0,-38.0
1776887488.1831028,1.0,-7.0,-36.0
1776887488.1931028,3.0,-8.0,-38.0
1776887488.2031028,1.0,-4.0,-40.0
1776887488.2131028,2.0,0.0,-41.0
1776887488.2231028,0.0,0.0,-45.0
1776887488.2331028,2.0,2.0,-41.0
1776887488.2431028,-2.0,5.0,-34.0
1776887488.2531028,0.0,2.0,-35.0
1776887488.2631028,2.0,2.0,-31.0
1776887488.2731028,5.0,1.0,-29.0
1776887488.2831028,2.0,-2.0,-31.0
1776887488.2931027,0.0,-5.0,-30.0
1776887488.3031027,1.0,-5.0,-34.0
1776887488.3131027,-1.0,-1.0,-34.0
1776887488.3231027,-6.0,0.0,-28.0
1776887488.3331027,0.0,1.0,-34.0
1776887488.3431027,-2.0,2.0,-37.0
1776887488.3531027,-4.0,1.0,-37.0
1776887488.363103,-6.0,1.0,-38.0
1776887488.373103,-10.0,-3.0,-38.0
1776887488.383103,-6.0,-6.0,-37.0
1776887488.3931026,0.0,-5.0,-38.0
1776887488.4031026,2.0,-4.0,-40.0
1776887488.4131026,0.0,-6.0,-42.0
1776887488.4231029,3.0,-9.0,-43.0
1776887488.4331028,4.0,-7.0,-43.0
1776887488.4431028,7.0,-4.0,-39.0
1776887488.4531028,5.0,0.0,-41.0
1776887488.4631028,0.0,3.0,-38.0
1776887488.4731028,-2.0,1.0,-39.0
1776887488.4831028,-2.0,4.0,-39.0
1776887488.4931028,-4.0,5.0,-44.0
1776887488.5031028,-5.0,3.0,-42.0
1776887488.5131028,0.0,4.0,-41.0
1776887488.5231028,-2.0,1.0,-37.0
1776887488.5331028,2.0,-3.0,-26.0
1776887488.5431027,5.0,-5.0,-17.0
1776887488.5531027,5.0,-6.0,-17.0
1776887488.5631027,7.0,-7.0,-23.0
1776887488.5731027,7.0,-2.0,-27.0
1776887488.5831027,8.0,-2.0,-26.0
1776887488.5931027,8.0,-1.0,-28.0
1776887488.6031027,12.0,-3.0,-31.0
1776887488.613103,10.0,-2.0,-40.0
1776887488.623103,7.0,-6.0,-41.0
1776887488.633103,-1.0,-6.0,-40.0
1776887488.6431026,1.0,-4.0,-34.0
1776887488.6531026,0.0,0.0,-31.0
1776887488.6631026,-1.0,0.0,-26.0
1776887488.6731029,-4.0,1.0,-26.0
1776887488.6831028,0.0,0.0,-30.0
1776887488.6931028,4.0,-4.0,-37.0
1776887488.7031028,0.0,-2.0,-39.0
1776887488.7131028,1.0,0.0,-47.0
1776887488.7231028,2.0,3.0,-42.0
1776887488.7331028,0.0,3.0,-48.0
1776887488.7431028,0.0,0.0,-52.0
1776887488.7531028,0.0,-2.0,-48.0
1776887488.7631028,0.0,0.0,-53.0
1776887488.7731028,-3.0,0.0,-54.0
1776887488.7831028,-3.0,-2.0,-48.0
1776887488.7931027,-3.0,-3.0,-45.0
1776887488.8031027,-2.0,-1.0,-42.0
1776887488.8131027,0.0,-3.0,-37.0
1776887488.8231027,0.0,-6.0,-38.0
1776887488.8331027,1.0,-9.0,-37.0
1776887488.8431027,-3.0,-7.0,-39.0
1776887488.8531027,-1.0,-4.0,-37.0
1776887488.863103,0.0,-3.0,-43.0
1776887488.873103,-1.0,-5.0,-46.0
1776887488.883103,-2.0,-5.0,-42.0
1776887488.8931026,1.0,-3.0,-42.0
1776887488.9031026,1.0,-2.0,-41.0
1776887488.9131026,0.0,0.0,-39.0
1776887488.9231029,0.0,5.0,-29.0
1776887488.9331028,2.0,5.0,-31.0
1776887488.9431028,-2.0,1.0,-34.0
1776887488.9531028,-3.0,1.0,-33.0
1776887488.9631028,-3.0,0.0,-34.0
1776887488.9731028,-4.0,0.0,-31.0
1776887488.9831028,-7.0,2.0,-32.0
1776887488.9931028,-3.0,4.0,-31.0
1776887489.0031028,1.0,0.0,-36.0
1776887489.0131028,4.0,-3.0,-41.0
1776887489.0231028,7.0,-1.0,-41.0
1776887489.0331028,6.0,-3.0,-33.0
1776887489.0431027,6.0,-1.0,-33.0
1776887489.0531027,1.0,0.0,-35.0
1776887489.0631027,2.0,1.0,-39.0
1776887489.0731027,2.0,-1.0,-44.0
1776887489.0831027,0.0,0.0,-46.0
1776887489.0931027,-4.0,-1.0,-44.0
1776887489.1031027,-7.0,-2.0,-44.0
1776887489.113103,-8.0,0.0,-51.0
1776887489.123103,-2.0,2.0,-46.0
1776887489.133103,-2.0,0.0,-38.0
1776887489.1431026,-1.0,-3.0,-37.0
1776887489.1531026,1.0,-3.0,-36.0
1776887489.1631026,7.0,-4.0,-35.0
1776887489.1731029,5.0,-4.0,-35.0
1776887489.1831028,3.0,-4.0,-32.0
1776887489.1931028,5.0,0.0,-39.0
1776887489.2031028,4.0,1.0,-43.0
1776887489.2131028,2.0,1.0,-40.0
1776887489.2231028,3.0,0.0,-41.0
1776887489.2331028,4.0,-1.0,-38.0
1776887489.2431028,4.0,-3.0,-42.0
1776887489.2531028,1.0,0.0,-44.0
1776887489.2631028,0.0,0.0,-41.0
1776887489.2731028,0.0,0.0,-35.0
1776887489.2831028,0.0,0.0,-38.0
1776887489.2931027,2.0,2.0,-34.0
1776887489.3031027,4.0,0.0,-38.0
1776887489.3131027,4.0,0.0,-35.0
1776887489.3231027,1.0,-2.0,-28.0
1776887489.3331027,0.0,-8.0,-22.0
1776887489.3431027,-2.0,-6.0,-27.0
1776887489.3531027,-2.0,-5.0,-22.0
1776887489.363103,-2.0,-1.0,-22.0
1776887489.373103,-4.0,3.0,-30.0
1776887489.383103,-4.0,2.0,-30.0
1776887489.3931026,-1.0,0.0,-26.0
1776887489.4031026,-2.0,0.0,-26.0
1776887489.4131026,-5.0,3.0,-28.0
1776887489.4231029,-7.0,0.0,-38.0
1776887489.4331028,-8.0,1.0,-42.0
1776887489.4431028,-5.0,2.0,-39.0
1776887489.4531028,0.0,2.0,-41.0
1776887489.4631028,0.0,0.0,-39.0
1776887489.4731028,2.0,-1.0,-35.0
1776887489.4831028,0.0,0.0,-39.0
1776887489.4931028,0.0,-3.0,-40.0
1776887489.5031028,-5.0,-4.0,-40.0
1776887489.5131028,-6.0,-7.0,-40.0
1776887489.5231028,-3.0,-9.0,-41.0
1776887489.5331028,-4.0,-11.0,-32.0
1776887489.5431027,-5.0,-11.0,-35.0
1776887489.5531027,-2.0,-13.0,-35.0
1776887489.5631027,-7.0,-15.0,-41.0
1776887489.5731027,-10.0,-9.0,-40.0
1776887489.5831027,-8.0,-9.0,-41.0
1776887489.5931027,-7.0,-6.0,-44.0
1776887489.6031027,-4.0,-7.0,-47.0
1776887489.613103,0.0,-7.0,-46.0
1776887489.623103,0.0,-6.0,-46.0
1776887489.633103,0.0,-10.0,-46.0
1776887489.6431026,1.0,-11.0,-46.0
1776887489.6531026,-1.0,-8.0,-44.0
1776887489.6631026,1.0,-2.0,-41.0
1776887489.6731029,2.0,-4.0,-30.0
1776887489.6831028,2.0,-4.0,-29.0
1776887489.6931028,4.0,-6.0,-34.0
1776887489.7031028,6.0,-2.0,-39.0
1776887489.7131028,2.0,-1.0,-37.0
1776887489.7231028,2.0,1.0,-40.0
1776887489.7331028,0.0,0.0,-42.0
1776887489.7431028,0.0,-4.0,-42.0
1776887489.7531028,-1.0,-5.0,-43.0
1776887489.7631028,-3.0,-5.0,-33.0
1776887489.7731028,-8.0,-2.0,-30.0
1776887489.7831028,-7.0,0.0,-33.0
1776887489.7931027,-7.0,3.0,-29.0
1776887489.8031027,-3.0,6.0,-30.0
1776887489.8131027,0.0,4.0,-31.0
1776887489.8231027,0.0,0.0,-33.0
1776887489.8331027,4.0,6.0,-31.0
1776887489.8431027,0.0,5.0,-34.0
1776887489.8531027,2.0,1.0,-40.0
1776887489.863103,3.0,4.0,-39.0
1776887489.873103,2.0,4.0,-37.0
1776887489.883103,1.0,3.0,-35.0
1776887489.8931026,-4.0,0.0,-39.0
1776887489.9031026,-2.0,2.0,-43.0
1776887489.9131026,2.0,2.0,-37.0
1776887489.9231029,0.0,-1.0,-39.0
1776887489.9331028,-1.0,2.0,-43.0
1776887489.9431028,-1.0,6.0,-42.0
1776887489.9541028,-2.0,4.0,-41.0
1776887489.9631028,0.0,0.0,-43.0
1776887489.9741027,0.0,-1.0,-38.0
1776887489.9841027,0.0,-2.0,-37.0
1776887489.9941027,1.0,0.0,-33.0
1776887490.0041027,1.0,0.0,-38.0
1776887490.0131028,6.0,-4.0,-28.0
1776887490.0241027,2.0,-5.0,-33.0
1776887490.034103,3.0,-11.0,-32.0
1776887490.044103,-1.0,-11.0,-33.0
1776887490.054103,2.0,-9.0,-32.0
1776887490.0641026,4.0,-6.0,-37.0
1776887490.0741026,10.0,-2.0,-41.0
1776887490.0841026,9.0,-4.0,-39.0
1776887490.0941026,3.0,-6.0,-40.0
1776887490.1041028,0.0,-10.0,-45.0
1776887490.1141028,-2.0,-8.0,-37.0
1776887490.1241028,2.0,-5.0,-32.0
1776887490.1341028,4.0,-3.0,-34.0
1776887490.1441028,2.0,-3.0,-39.0
1776887490.1541028,0.0,-3.0,-38.0
1776887490.1641028,0.0,-5.0,-36.0
1776887490.1741028,0.0,-4.0,-26.0
1776887490.1841028,5.0,-5.0,-19.0
1776887490.1941028,5.0,-3.0,-27.0
1776887490.2041028,7.0,-5.0,-29.0
1776887490.2141027,5.0,-5.0,-25.0
1776887490.2241027,3.0,-7.0,-29.0
1776887490.2341027,3.0,-3.0,-34.0
1776887490.2441027,9.0,-1.0,-39.0
1776887490.2541027,10.0,-5.0,-27.0
1776887490.2641027,8.0,-4.0,-29.0
1776887490.2741027,5.0,-4.0,-25.0
1776887490.284103,3.0,-3.0,-27.0
1776887490.294103,1.0,-7.0,-29.0
1776887490.304103,0.0,-6.0,-31.0
1776887490.3141026,0.0,-6.0,-38.0
1776887490.3241026,4.0,-9.0,-43.0
1776887490.3341026,2.0,-7.0,-44.0
1776887490.3441026,3.0,-4.0,-41.0
1776887490.3541028,4.0,0.0,-44.0
1776887490.3641028,6.0,0.0,-41.0
1776887490.3741028,4.0,0.0,-42.0
1776887490.3841028,5.0,-3.0,-37.0
1776887490.3941028,0.0,0.0,-23.0
1776887490.4041028,3.0,-2.0,-20.0
1776887490.4141028,4.0,-1.0,-21.0
1776887490.4241028,1.0,-4.0,-23.0
1776887490.4341028,-1.0,-3.0,-22.0
1776887490.4441028,-3.0,-4.0,-25.0
1776887490.4541028,-5.0,-5.0,-27.0
1776887490.4641027,-4.0,-5.0,-24.0
1776887490.4741027,-2.0,-1.0,-21.0
1776887490.4841027,-3.0,0.0,-22.0
1776887490.4941027,-4.0,0.0,-26.0
1776887490.5041027,-2.0,0.0,-28.0
1776887490.5141027,-1.0,-3.0,-29.0
1776887490.5241027,-1.0,-8.0,-35.0
1776887490.534103,-2.0,-9.0,-39.0
1776887490.544103,0.0,-6.0,-40.0
1776887490.554103,1.0,-2.0,-40.0
1776887490.5641026,0.0,-2.0,-39.0
1776887490.5741026,0.0,-4.0,-35.0
1776887490.5841026,4.0,-2.0,-36.0
1776887490.5941026,4.0,0.0,-43.0
1776887490.6041028,0.0,2.0,-44.0
1776887490.6141028,-3.0,2.0,-39.0
1776887490.6241028,0.0,3.0,-37.0
1776887490.6341028,2.0,1.0,-30.0
1776887490.6441028,1.0,0.0,-24.0
1776887490.6541028,2.0,-2.0,-20.0
1776887490.6641028,7.0,-1.0,-25.0
1776887490.6741028,1.0,-4.0,-29.0
1776887490.6841028,6.0,-4.0,-36.0
1776887490.6941028,8.0,-4.0,-30.0
1776887490.7041028,4.0,-7.0,-29.0
1776887490.7141027,2.0,-13.0,-29.0
1776887490.725103,7.0,-12.0,-25.0
1776887490.7341027,7.0,-7.0,-23.0
1776887490.7441027,6.0,-2.0,-25.0
1776887490.7541027,6.0,-6.0,-29.0
1776887490.7641027,-2.0,-6.0,-25.0
1776887490.7741027,-4.0,-8.0,-31.0
1776887490.784103,-6.0,-7.0,-32.0
1776887490.794103,-5.0,-10.0,-33.0
1776887490.804103,-5.0,-5.0,-33.0
1776887490.8141026,-4.0,-3.0,-32.0
1776887490.8241026,0.0,0.0,-34.0
1776887490.8341026,0.0,-1.0,-35.0
1776887490.8441026,-2.0,0.0,-41.0
1776887490.8541028,-4.0,0.0,-40.0
1776887490.8641028,-2.0,1.0,-32.0
1776887490.8741028,-3.0,-1.0,-30.0
1776887490.8841028,-1.0,0.0,-32.0
1776887490.8941028,0.0,-1.0,-27.0
1776887490.9041028,0.0,-2.0,-30.0
1776887490.9141028,-2.0,-5.0,-30.0
1776887490.9241028,0.0,-2.0,-28.0
1776887490.9341028,0.0,-3.0,-30.0
1776887490.9441028,-3.0,-5.0,-24.0
1776887490.9541028,-3.0,-4.0,-27.0
1776887490.9641027,0.0,-4.0,-31.0
1776887490.9741027,1.0,-3.0,-29.0
1776887490.9841027,3.0,0.0,-29.0
1776887490.9941027,3.0,1.0,-34.0
1776887491.0041027,5.0,0.0,-37.0
1776887491.0141027,3.0,-3.0,-38.0
1776887491.0241027,2.0,-2.0,-38.0
1776887491.034103,1.0,-1.0,-42.0
1776887491.044103,0.0,1.0,-44.0
1776887491.054103,4.0,1.0,-51.0
1776887491.0641026,5.0,-1.0,-50.0
1776887491.0741026,1.0,-1.0,-45.0
1776887491.0841026,2.0,-5.0,-48.0
1776887491.0941026,2.0,1.0,-41.0
1776887491.1041028,2.0,0.0,-36.0
1776887491.1141028,-2.0,2.0,-38.0
1776887491.1241028,0.0,2.0,-38.0
1776887491.1341028,3.0,3.0,-33.0
1776887491.1441028,3.0,-1.0,-32.0
1776887491.1541028,3.0,-3.0,-34.0
1776887491.1641028,7.0,-4.0,-39.0
1776887491.1741028,7.0,-5.0,-43.0
1776887491.1841028,1.0,-5.0,-42.0
1776887491.1941028,2.0,-6.0,-44.0
1776887491.2041028,2.0,-5.0,-47.0
1776887491.2141027,-5.0,-3.0,-47.0
1776887491.2241027,-6.0,-4.0,-38.0
1776887491.2341027,-2.0,-3.0,-37.0
1776887491.2441027,-7.0,-1.0,-36.0
1776887491.2541027,-7.0,-3.0,-36.0
1776887491.2641027,-10.0,-4.0,-35.0
1776887491.2741027,-7.0,-8.0,-36.0
1776887491.284103,-3.0,-6.0,-34.0
1776887491.294103,-4.0,-6.0,-35.0
1776887491.304103,-3.0,-10.0,-38.0
1776887491.3141026,-7.0,-9.0,-39.0
1776887491.3241026,-6.0,-4.0,-39.0
1776887491.3341026,-5.0,-5.0,-34.0
1776887491.3441026,-5.0,-5.0,-34.0
1776887491.3541028,-5.0,-6.0,-32.0
1776887491.3641028,-10.0,-5.0,-38.0
1776887491.3741028,-10.0,-1.0,-34.0
1776887491.3841028,-6.0,-4.0,-33.0
1776887491.3941028,-5.0,-7.0,-40.0
1776887491.4041028,3.0,-5.0,-37.0
1776887491.4141028,8.0,-7.0,-36.0
1776887491.4241028,9.0,-5.0,-33.0
1776887491.4341028,9.0,-5.0,-29.0
1776887491.4441028,7.0,0.0,-24.0
1776887491.4541028,1.0,0.0,-29.0
1776887491.4641027,1.0,-2.0,-33.0
1776887491.4741027,0.0,-1.0,-26.0
1776887491.4841027,1.0,0.0,-30.0
1776887491.4941027,3.0,-2.0,-29.0
1776887491.5041027,1.0,-6.0,-28.0
1776887491.5141027,-1.0,-3.0,-33.0
1776887491.5241027,-7.0,-4.0,-30.0
1776887491.534103,-3.0,-3.0,-33.0
1776887491.544103,-2.0,-1.0,-31.0
1776887491.554103,2.0,-3.0,-36.0
1776887491.5641026,1.0,-3.0,-38.0
1776887491.5741026,4.0,-3.0,-36.0
1776887491.5841026,6.0,-2.0,-36.0
1776887491.5941026,9.0,-4.0,-41.0
1776887491.6041028,11.0,-5.0,-44.0
1776887491.6141028,12.0,-1.0,-35.0
1776887491.6241028,4.0,-4.0,-39.0
1776887491.6341028,1.0,-7.0,-42.0
1776887491.6441028,-4.0,-9.0,-45.0
1776887491.6541028,-4.0,-6.0,-40.0
1776887491.6641028,-3.0,-3.0,-42.0
1776887491.6741028,-4.0,-6.0,-43.0
1776887491.6841028,0.0,-3.0,-35.0
1776887491.6941028,0.0,0.0,-36.0
1776887491.7041028,3.0,-1.0,-38.0
1776887491.7141027,2.0,-3.0,-33.0
1776887491.7241027,0.0,-3.0,-28.0
1776887491.7341027,0.0,-2.0,-33.0
1776887491.7441027,1.0,0.0,-35.0
1776887491.7541027,1.0,1.0,-36.0
1776887491.7641027,1.0,0.0,-32.0
1776887491.7741027,3.0,0.0,-34.0
1776887491.784103,2.0,-3.0,-29.0
1776887491.794103,0.0,-4.0,-34.0
1776887491.804103,-2.0,-3.0,-28.0
1776887491.8141026,0.0,-5.0,-25.0
1776887491.8241026,1.0,-9.0,-34.0
1776887491.8341026,2.0,-5.0,-36.0
1776887491.8441026,1.0,-3.0,-30.0
1776887491.8541028,1.0,1.0,-34.0
1776887491.8641028,-1.0,0.0,-37.0
1776887491.8741028,-1.0,2.0,-41.0
1776887491.8841028,-2.0,0.0,-37.0
1776887491.8941028,-5.0,0.0,-37.0
1776887491.9041028,-1.0,-3.0,-35.0
1776887491.9141028,-2.0,-4.0,-32.0
1776887491.9241028,0.0,-6.0,-26.0
1776887491.9351027,0.0,-6.0,-28.0
1776887491.9441028,0.0,-2.0,-29.0
1776887491.9551027,4.0,-3.0,-29.0
1776887491.965103,7.0,-4.0,-33.0
1776887491.975103,4.0,-6.0,-33.0
1776887491.985103,2.0,-4.0,-37.0
1776887491.9951026,0.0,0.0,-34.0
1776887492.0051026,-2.0,2.0,-31.0
1776887492.0151026,-3.0,4.0,-34.0
1776887492.0251029,-6.0,0.0,-35.0
1776887492.0351028,-2.0,-2.0,-35.0
1776887492.0451028,3.0,-5.0,-34.0
1776887492.0551028,8.0,-4.0,-35.0
1776887492.0651028,7.0,-2.0,-37.0
1776887492.0751028,10.0,0.0,-45.0
1776887492.0851028,11.0,0.0,-46.0
1776887492.0951028,10.0,4.0,-41.0
1776887492.1051028,4.0,7.0,-34.0
1776887492.1151028,6.0,4.0,-38.0
1776887492.1251028,3.0,5.0,-39.0
1776887492.1351027,-2.0,1.0,-35.0
1776887492.1451027,-2.0,0.0,-36.0
1776887492.1551027,1.0,-2.0,-33.0
1776887492.1651027,4.0,0.0,-34.0
1776887492.1751027,8.0,1.0,-37.0
1776887492.1851027,6.0,-3.0,-31.0
1776887492.1951027,7.0,-9.0,-32.0
1776887492.2051027,6.0,-7.0,-33.0
1776887492.215103,5.0,-7.0,-29.0
1776887492.225103,3.0,-5.0,-36.0
1776887492.235103,-1.0,-2.0,-37.0
1776887492.2451026,-3.0,-1.0,-40.0
1776887492.2551026,-3.0,-2.0,-35.0
1776887492.2651026,0.0,2.0,-28.0
1776887492.2751029,2.0,2.0,-29.0
1776887492.2851028,-1.0,4.0,-28.0
1776887492.2951028,-2.0,5.0,-33.0
1776887492.3051028,-1.0,6.0,-36.0
1776887492.3151028,2.0,4.0,-44.0
1776887492.3251028,3.0,7.0,-40.0
1776887492.3351028,3.0,6.0,-32.0
1776887492.3451028,5.0,5.0,-36.0
1776887492.3551028,5.0,4.0,-34.0
1776887492.3651028,4.0,11.0,-37.0
1776887492.3751028,7.0,12.0,-42.0
1776887492.3851027,0.0,11.0,-42.0
1776887492.3951027,-2.0,6.0,-33.0
1776887492.4051027,-1.0,11.0,-34.0
1776887492.4151027,-1.0,6.0,-32.0
1776887492.4251027,0.0,4.0,-31.0
1776887492.4351027,0.0,0.0,-37.0
1776887492.4451027,0.0,2.0,-44.0
1776887492.4551027,6.0,4.0,-45.0
1776887492.465103,9.0,2.0,-36.0
1776887492.475103,8.0,1.0,-35.0
1776887492.485103,3.0,3.0,-37.0
1776887492.4951026,5.0,1.0,-39.0
1776887492.5051026,4.0,-1.0,-40.0
1776887492.5151026,4.0,-1.0,-41.0
1776887492.5251029,8.0,0.0,-46.0
1776887492.5351028,2.0,0.0,-43.0
1776887492.5451028,4.0,-2.0,-42.0
1776887492.5551028,0.0,-5.0,-44.0
1776887492.5651028,-1.0,-10.0,-46.0
1776887492.5751028,-3.0,-9.0,-44.0
1776887492.5851028,0.0,-6.0,-46.0
1776887492.5951028,-3.0,-7.0,-45.0
1776887492.6051028,-1.0,-6.0,-43.0
1776887492.6151028,0.0,-6.0,-39.0
1776887492.6251028,4.0,-5.0,-40.0
1776887492.6351027,5.0,-6.0,-43.0
1776887492.6451027,4.0,-3.0,-46.0
1776887492.6551027,3.0,0.0,-39.0
1776887492.6651027,0.0,2.0,-38.0
1776887492.6751027,2.0,3.0,-42.0
1776887492.6851027,2.0,0.0,-41.0
1776887492.6951027,1.0,-6.0,-36.0
1776887492.7051027,-2.0,-5.0,-33.0
1776887492.715103,2.0,-5.0,-33.0
1776887492.725103,4.0,-1.0,-38.0
1776887492.735103,3.0,0.0,-35.0
1776887492.7451026,0.0,0.0,-43.0
1776887492.7551026,-2.0,1.0,-40.0
1776887492.7651026,-3.0,1.0,-38.0
1776887492.7751029,0.0,-1.0,-39.0
1776887492.7851028,0.0,-2.0,-37.0
1776887492.7951028,-2.0,-3.0,-37.0
1776887492.8051028,1.0,0.0,-36.0
1776887492.8151028,-2.0,-1.0,-33.0
1776887492.8251028,2.0,-3.0,-28.0
1776887492.8351028,0.0,0.0,-28.0
1776887492.8451028,1.0,0.0,-32.0
1776887492.8551028,2.0,0.0,-36.0
1776887492.8651028,2.0,-1.0,-41.0
1776887492.8751028,4.0,2.0,-44.0
1776887492.8851027,2.0,5.0,-45.0
1776887492.8951027,2.0,2.0,-42.0
1776887492.9051027,0.0,0.0,-38.0
1776887492.9151027,5.0,2.0,-40.0
1776887492.9251027,3.0,2.0,-37.0
1776887492.9351027,0.0,1.0,-34.0
1776887492.9451027,-2.0,0.0,-32.0
1776887492.9551027,0.0,0.0,-32.0
1776887492.965103,0.0,-1.0,-32.0
1776887492.975103,2.0,-4.0,-40.0
1776887492.985103,0.0,-2.0,-32.0
1776887492.9951026,3.0,-5.0,-38.0
1776887493.0051026,5.0,-3.0,-35.0
1776887493.0151026,0.0,0.0,-42.0
1776887493.0251029,2.0,0.0,-46.0
1776887493.0351028,-2.0,-2.0,-46.0
1776887493.0451028,-1.0,-3.0,-43.0
1776887493.0551028,0.0,-7.0,-44.0
1776887493.0651028,0.0,-6.0,-38.0
1776887493.0751028,-1.0,-2.0,-33.0
1776887493.0851028,0.0,2.0,-34.0
1776887493.0951028,0.0,1.0,-37.0
1776887493.1051028,1.0,-2.0,-39.0
1776887493.1151028,0.0,0.0,-42.0
1776887493.1251028,0.0,0.0,-36.0
1776887493.1351027,1.0,-1.0,-31.0
1776887493.1451027,2.0,-3.0,-30.0
1776887493.1551027,3.0,-3.0,-32.0
1776887493.1651027,4.0,-5.0,-35.0
1776887493.1751027,3.0,-2.0,-34.0
1776887493.1851027,3.0,-3.0,-34.0
1776887493.1951027,4.0,-6.0,-33.0
1776887493.2051027,8.0,-6.0,-33.0
1776887493.215103,9.0,-3.0,-36.0
1776887493.225103,6.0,1.0,-41.0
1776887493.235103,4.0,1.0,-37.0
1776887493.2451026,1.0,0.0,-29.0
1776887493.2551026,1.0,1.0,-27.0
1776887493.2651026,2.0,-2.0,-23.0
1776887493.2751029,0.0,0.0,-24.0
1776887493.2851028,4.0,0.0,-25.0
1776887493.2951028,0.0,2.0,-25.0
1776887493.3051028,-3.0,0.0,-27.0
1776887493.3151028,0.0,0.0,-32.0
1776887493.3251028,1.0,0.0,-35.0
1776887493.3351028,0.0,1.0,-30.0
1776887493.3451028,-3.0,1.0,-29.0
1776887493.3551028,-5.0,0.0,-28.0
1776887493.3651028,-2.0,0.0,-29.0
1776887493.3751028,-2.0,0.0,-30.0
1776887493.3851027,1.0,-5.0,-38.0
1776887493.3951027,5.0,1.0,-41.0
1776887493.4051027,6.0,-2.0,-42.0
1776887493.4151027,8.0,-3.0,-46.0
1776887493.4251027,4.0,-3.0,-52.0
1776887493.4351027,3.0,-3.0,-45.0
1776887493.4451027,5.0,-3.0,-41.0
1776887493.4551027,3.0,-3.0,-43.0
1776887493.465103,-3.0,0.0,-43.0
1776887493.475103,-1.0,3.0,-43.0
1776887493.485103,0.0,1.0,-39.0
1776887493.4951026,0.0,1.0,-42.0
1776887493.5051026,0.0,2.0,-43.0
1776887493.5161028,-1.0,3.0,-38.0
1776887493.5251029,-1.0,5.0,-37.0
1776887493.5351028,-1.0,8.0,-29.0
1776887493.5451028,9.0,5.0,-33.0
1776887493.5551028,6.0,0.0,-38.0
1776887493.5651028,4.0,2.0,-42.0
1776887493.5751028,5.0,5.0,-45.0
1776887493.5851028,4.0,3.0,-45.0
1776887493.5951028,1.0,1.0,-47.0
1776887493.6051028,2.0,5.0,-38.0
1776887493.6151028,0.0,5.0,-40.0
1776887493.6251028,0.0,2.0,-33.0
1776887493.6351027,3.0,2.0,-35.0
1776887493.6451027,0.0,4.0,-38.0
1776887493.6551027,-3.0,2.0,-44.0
1776887493.6651027,-2.0,4.0,-45.0
1776887493.6751027,1.0,2.0,-41.0
1776887493.6851027,3.0,-1.0,-44.0
1776887493.6951027,7.0,-1.0,-47.0
1776887493.7051027,7.0,1.0,-47.0
1776887493.715103,3.0,3.0,-49.0
1776887493.725103,1.0,2.0,-47.0
1776887493.735103,-2.0,1.0,-47.0
1776887493.7451026,0.0,-2.0,-44.0
1776887493.7551026,-1.0,-2.0,-37.0
1776887493.7651026,0.0,-4.0,-39.0
1776887493.7751029,0.0,-4.0,-36.0
1776887493.7851028,0.0,-5.0,-38.0
1776887493.7951028,3.0,-1.0,-38.0
1776887493.8051028,2.0,-4.0,-33.0
1776887493.8151028,5.0,-6.0,-31.0
1776887493.8251028,3.0,-7.0,-31.0
1776887493.8351028,1.0,-4.0,-41.0
1776887493.8451028,1.0,-6.0,-44.0
1776887493.8551028,0.0,-2.0,-38.0
1776887493.8651028,0.0,-1.0,-33.0
1776887493.8751028,0.0,0.0,-30.0
1776887493.8851027,0.0,4.0,-27.0
1776887493.8951027,-1.0,5.0,-21.0
1776887493.9051027,-4.0,1.0,-20.0
1776887493.9151027,-1.0,0.0,-24.0
1776887493.9251027,6.0,-5.0,-26.0
1776887493.9361026,6.0,-2.0,-31.0
1776887493.9461029,3.0,0.0,-26.0
1776887493.9561028,2.0,0.0,-32.0
1776887493.9661028,2.0,0.0,-30.0
1776887493.9761028,0.0,-1.0,-31.0
1776887493.9861028,-2.0,0.0,-35.0
1776887493.9961028,0.0,0.0,-32.0
1776887494.0061028,0.0,0.0,-26.0
1776887494.0161028,1.0,0.0,-32.0
1776887494.0261028,0.0,0.0,-28.0
1776887494.0361028,2.0,0.0,-26.0
1776887494.0461028,1.0,0.0,-29.0
1776887494.0561028,2.0,-2.0,-35.0
1776887494.0661027,6.0,-3.0,-29.0
1776887494.0761027,3.0,-4.0,-29.0
1776887494.0861027,4.0,-8.0,-27.0
1776887494.0961027,7.0,-5.0,-28.0
1776887494.1061027,5.0,-7.0,-26.0
1776887494.1161027,6.0,-6.0,-22.0
1776887494.1261027,1.0,-2.0,-29.0
1776887494.136103,0.0,-6.0,-27.0
1776887494.146103,4.0,-10.0,-28.0
1776887494.156103,4.0,-9.0,-24.0
1776887494.1661026,2.0,-4.0,-22.0
1776887494.1761026,0.0,-5.0,-25.0
1776887494.1861026,-1.0,-11.0,-28.0
1776887494.1961029,-6.0,-10.0,-24.0
1776887494.2061028,-4.0,-3.0,-22.0
1776887494.2161028,-1.0,1.0,-27.0
1776887494.2261028,-1.0,3.0,-28.0
1776887494.2361028,0.0,4.0,-24.0
1776887494.2461028,0.0,0.0,-23.0
1776887494.2561028,2.0,-3.0,-18.0
1776887494.2661028,9.0,-3.0,-11.0
1776887494.2761028,7.0,-5.0,-22.0
1776887494.2861028,6.0,-7.0,-27.0
1776887494.2961028,5.0,-3.0,-33.0
1776887494.3061028,4.0,-5.0,-34.0
1776887494.3161027,3.0,-7.0,-30.0
1776887494.3261027,2.0,-7.0,-32.0
1776887494.3361027,0.0,-9.0,-36.0
1776887494.3461027,3.0,-10.0,-41.0
1776887494.3561027,6.0,-10.0,-39.0
1776887494.3661027,3.0,-8.0,-36.0
1776887494.3761027,2.0,-6.0,-38.0
1776887494.386103,4.0,-4.0,-41.0
1776887494.396103,8.0,-5.0,-35.0
1776887494.406103,8.0,-5.0,-38.0
1776887494.4161026,9.0,-3.0,-40.0
1776887494.4261026,11.0,-1.0,-43.0
1776887494.4361026,9.0,-1.0,-44.0
1776887494.4461029,3.0,-2.0,-31.0
1776887494.4561028,2.0,-1.0,-30.0
1776887494.4661028,6.0,-1.0,-28.0
1776887494.4761028,7.0,-1.0,-39.0
1776887494.4861028,2.0,-1.0,-47.0
1776887494.4961028,3.0,-3.0,-40.0
1776887494.5061028,0.0,-1.0,-43.0
1776887494.5161028,-1.0,-3.0,-50.0
1776887494.5261028,-4.0,-1.0,-49.0
1776887494.5361028,-2.0,-1.0,-51.0
1776887494.5461028,1.0,0.0,-43.0
1776887494.5561028,0.0,1.0,-37.0
1776887494.5661027,0.0,0.0,-38.0
1776887494.5761027,-2.0,2.0,-39.0
1776887494.5861027,0.0,4.0,-32.0
1776887494.5961027,0.0,5.0,-29.0
1776887494.6061027,0.0,4.0,-28.0
1776887494.6161027,3.0,-2.0,-20.0
1776887494.6261027,6.0,-2.0,-26.0
1776887494.636103,7.0,-2.0,-35.0
1776887494.646103,7.0,-4.0,-43.0
1776887494.656103,6.0,-6.0,-40.0
1776887494.6661026,1.0,-5.0,-41.0
1776887494.6761026,1.0,0.0,-42.0
1776887494.6861026,0.0,-3.0,-39.0
1776887494.6961029,2.0,-3.0,-37.0
1776887494.7061028,0.0,-5.0,-35.0
1776887494.7161028,0.0,-4.0,-35.0
1776887494.7261028,1.0,-4.0,-37.0
1776887494.7361028,2.0,0.0,-40.0
1776887494.7461028,0.0,0.0,-38.0
1776887494.7561028,0.0,0.0,-38.0
1776887494.7661028,0.0,-4.0,-36.0
1776887494.7761028,1.0,-3.0,-29.0
1776887494.7861028,0.0,-1.0,-34.0
1776887494.7961028,1.0,-4.0,-29.0
1776887494.8061028,3.0,-4.0,-29.0
1776887494.8161027,4.0,-1.0,-34.0
1776887494.8261027,6.0,-1.0,-38.0
1776887494.8361027,2.0,2.0,-40.0
1776887494.8461027,2.0,2.0,-35.0
1776887494.8561027,-3.0,4.0,-39.0
1776887494.8661027,-3.0,2.0,-37.0
1776887494.8761027,-2.0,0.0,-34.0
1776887494.886103,-3.0,1.0,-36.0
1776887494.896103,-2.0,2.0,-34.0
1776887494.906103,-5.0,1.0,-37.0
1776887494.9161026,-3.0,1.0,-38.0
1776887494.9261026,-1.0,-2.0,-34.0
1776887494.9361026,-2.0,-4.0,-37.0
1776887494.9461029,-5.0,-4.0,-34.0
1776887494.9561028,-3.0,-4.0,-36.0
1776887494.9661028,1.0,-3.0,-37.0
1776887494.9761028,0.0,0.0,-36.0
1776887494.9861028,2.0,0.0,-35.0
1776887494.9961028,6.0,-3.0,-37.0
1776887495.0061028,4.0,-4.0,-43.0
1776887495.0161028,3.0,-4.0,-43.0
1776887495.0261028,1.0,-5.0,-49.0
1776887495.0361028,0.0,-8.0,-42.0
1776887495.0461028,-1.0,-7.0,-38.0
1776887495.0561028,-6.0,-5.0,-36.0
1776887495.0661027,-3.0,-1.0,-30.0
1776887495.0761027,-4.0,-3.0,-27.0
1776887495.0861027,-3.0,-5.0,-26.0
1776887495.0961027,-2.0,-3.0,-31.0
1776887495.1061027,-2.0,-2.0,-29.0
1776887495.1161027,1.0,-1.0,-18.0
1776887495.1261027,-1.0,0.0,-22.0
1776887495.136103,0.0,0.0,-31.0
1776887495.146103,1.0,0.0,-38.0
1776887495.156103,3.0,1.0,-42.0
1776887495.1661026,4.0,0.0,-37.0
1776887495.1761026,2.0,0.0,-36.0
1776887495.1861026,2.0,-2.0,-37.0
1776887495.1961029,2.0,-4.0,-33.0
1776887495.2061028,5.0,-6.0,-37.0
1776887495.2161028,6.0,-3.0,-34.0
1776887495.2261028,7.0,-4.0,-38.0
1776887495.2361028,2.0,-4.0,-39.0
1776887495.2461028,3.0,-3.0,-41.0
1776887495.2561028,2.0,-5.0,-41.0
1776887495.2661028,6.0,-1.0,-40.0
1776887495.2761028,6.0,0.0,-36.0
1776887495.2861028,2.0,1.0,-39.0
1776887495.2961028,1.0,0.0,-44.0
1776887495.3061028,1.0,-1.0,-47.0
1776887495.3161027,4.0,1.0,-50.0
1776887495.3261027,5.0,-1.0,-48.0
1776887495.3361027,4.0,0.0,-43.0
1776887495.3461027,3.0,2.0,-33.0
1776887495.3561027,2.0,4.0,-26.0
1776887495.3661027,0.0,3.0,-29.0
1776887495.3761027,-2.0,0.0,-34.0
1776887495.386103,-2.0,-2.0,-39.0
1776887495.396103,4.0,1.0,-40.0
1776887495.406103,3.0,3.0,-35.0
1776887495.4161026,0.0,2.0,-32.0
1776887495.4261026,0.0,1.0,-32.0
1776887495.4361026,-2.0,0.0,-38.0
1776887495.4461029,-3.0,2.0,-40.0
1776887495.4561028,-4.0,0.0,-45.0
1776887495.4661028,-7.0,1.0,-45.0
1776887495.4761028,-9.0,0.0,-48.0
1776887495.4861028,-5.0,-3.0,-53.0
1776887495.4961028,-5.0,0.0,-47.0
1776887495.5061028,-4.0,-2.0,-47.0
1776887495.5161028,-2.0,-1.0,-38.0
1776887495.5261028,3.0,-1.0,-39.0
1776887495.5361028,0.0,-2.0,-33.0
1776887495.5461028,0.0,-1.0,-34.0
1776887495.5561028,0.0,0.0,-32.0
1776887495.5661027,-4.0,2.0,-31.0
1776887495.5761027,-6.0,0.0,-36.0
1776887495.5861027,-3.0,0.0,-38.0
1776887495.5961027,1.0,0.0,-34.0
1776887495.6061027,4.0,-3.0,-38.0
1776887495.6161027,2.0,0.0,-38.0
1776887495.6261027,1.0,-1.0,-31.0
1776887495.636103,1.0,-3.0,-34.0
1776887495.646103,0.0,-7.0,-39.0
1776887495.656103,-2.0,-7.0,-38.0
1776887495.6661026,0.0,-8.0,-31.0
1776887495.6761026,3.0,-6.0,-30.0
1776887495.6861026,3.0,-5.0,-36.0
1776887495.6961029,6.0,-4.0,-40.0
1776887495.7061028,6.0,-7.0,-47.0
1776887495.7161028,5.0,-5.0,-47.0
1776887495.7261028,1.0,-6.0,-50.0
1776887495.7361028,4.0,-4.0,-43.0
1776887495.7461028,6.0,-4.0,-41.0
1776887495.7561028,1.0,-4.0,-45.0
1776887495.7661028,3.0,-2.0,-44.0
1776887495.7761028,5.0,-3.0,-39.0
1776887495.7861028,5.0,-4.0,-33.0
1776887495.7961028,1.0,-1.0,-33.0
1776887495.8061028,3.0,-2.0,-35.0
1776887495.8161027,3.0,-1.0,-34.0
1776887495.8261027,5.0,0.0,-35.0
1776887495.8361027,1.0,0.0,-34.0
1776887495.8461027,-4.0,-2.0,-41.0
1776887495.8561027,-5.0,0.0,-36.0
1776887495.8661027,-5.0,3.0,-40.0
1776887495.8761027,-4.0,0.0,-38.0
1776887495.886103,-6.0,-1.0,-31.0
1776887495.896103,-4.0,0.0,-29.0
1776887495.906103,-4.0,-5.0,-25.0
1776887495.9161026,0.0,-6.0,-30.0
1776887495.9261026,0.0,-7.0,-36.0
1776887495.9361026,2.0,-10.0,-41.0
1776887495.9461029,8.0,-4.0,-41.0
1776887495.9571028,6.0,-4.0,-45.0
1776887495.9671028,6.0,-7.0,-45.0
1776887495.9771028,8.0,-5.0,-44.0
1776887495.9871027,6.0,-7.0,-37.0
1776887495.9971027,6.0,-5.0,-35.0
1776887496.0071027,4.0,-3.0,-34.0
1776887496.0171027,2.0,-1.0,-32.0
1776887496.0271027,4.0,-1.0,-31.0
1776887496.0371027,0.0,0.0,-37.0
1776887496.0471027,4.0,-2.0,-34.0
1776887496.057103,2.0,-9.0,-27.0
1776887496.067103,0.0,-9.0,-31.0
1776887496.077103,1.0,-8.0,-27.0
1776887496.087103,5.0,-10.0,-33.0
1776887496.0971026,6.0,-9.0,-30.0
1776887496.1071026,4.0,-6.0,-34.0
1776887496.1171026,10.0,-2.0,-38.0
1776887496.1271029,6.0,-2.0,-40.0
1776887496.1371028,5.0,-2.0,-40.0
1776887496.1471028,0.0,0.0,-38.0
1776887496.1571028,1.0,0.0,-32.0
1776887496.1671028,2.0,1.0,-30.0
1776887496.1771028,3.0,-2.0,-37.0
1776887496.1871028,2.0,-3.0,-32.0
1776887496.1971028,-2.0,1.0,-35.0
1776887496.2071028,0.0,4.0,-39.0
1776887496.2171028,5.0,1.0,-41.0
1776887496.2271028,7.0,0.0,-41.0
1776887496.2371027,3.0,-1.0,-36.0
1776887496.2471027,1.0,-2.0,-35.0
1776887496.2571027,4.0,-3.0,-28.0
1776887496.2671027,3.0,-1.0,-33.0
1776887496.2771027,0.0,-3.0,-32.0
1776887496.2871027,1.0,-1.0,-29.0
1776887496.2971027,-1.0,2.0,-30.0
1776887496.307103,0.0,1.0,-34.0
1776887496.317103,2.0,-1.0,-37.0
1776887496.327103,1.0,0.0,-42.0
1776887496.337103,-4.0,-3.0,-46.0
1776887496.3471026,-6.0,0.0,-41.0
1776887496.3571026,-8.0,0.0,-37.0
1776887496.3671026,-6.0,0.0,-33.0
1776887496.3771029,-3.0,-6.0,-33.0
1776887496.3871028,-1.0,-5.0,-30.0
1776887496.3971028,-2.0,-9.0,-28.0
1776887496.4071028,-2.0,-7.0,-31.0
1776887496.4171028,-7.0,-7.0,-26.0
1776887496.4271028,-7.0,-5.0,-23.0
1776887496.4371028,-8.0,-3.0,-22.0
1776887496.4471028,-2.0,-4.0,-22.0
1776887496.4571028,3.0,-2.0,-24.0
1776887496.4671028,5.0,0.0,-28.0
1776887496.4771028,6.0,0.0,-26.0
1776887496.4871027,6.0,-3.0,-29.0
1776887496.4971027,7.0,-3.0,-32.0
1776887496.5071027,1.0,-4.0,-28.0
1776887496.5171027,3.0,0.0,-28.0
1776887496.5271027,1.0,2.0,-28.0
1776887496.5371027,0.0,0.0,-27.0
1776887496.5471027,1.0,0.0,-31.0
1776887496.557103,1.0,0.0,-36.0
1776887496.567103,3.0,-1.0,-31.0
1776887496.577103,7.0,0.0,-34.0
1776887496.587103,9.0,-2.0,-38.0
1776887496.5971026,4.0,-2.0,-40.0
1776887496.6071026,2.0,-5.0,-45.0
1776887496.6171026,2.0,0.0,-47.0
1776887496.6271029,2.0,-2.0,-48.0
1776887496.6371028,3.0,-2.0,-43.0
1776887496.6471028,2.0,-6.0,-41.0
1776887496.6571028,0.0,-9.0,-40.0
1776887496.6671028,0.0,-7.0,-39.0
1776887496.6771028,-1.0,-5.0,-44.0
1776887496.6871028,-3.0,-1.0,-43.0
1776887496.6971028,-2.0,1.0,-44.0
1776887496.7071028,-4.0,3.0,-45.0
1776887496.7171028,-3.0,0.0,-42.0
1776887496.7271028,-1.0,1.0,-40.0
1776887496.7371027,-2.0,1.0,-36.0
1776887496.7471027,2.0,0.0,-34.0
1776887496.7571027,3.0,1.0,-33.0
1776887496.7671027,2.0,-1.0,-38.0
1776887496.7771027,2.0,-1.0,-36.0
1776887496.7871027,2.0,3.0,-37.0
1776887496.7971027,5.0,-1.0,-42.0
1776887496.807103,2.0,0.0,-42.0
1776887496.817103,1.0,0.0,-43.0
1776887496.827103,-1.0,-2.0,-46.0
1776887496.837103,0.0,3.0,-44.0
1776887496.8471026,0.0,0.0,-45.0
1776887496.8571026,0.0,-3.0,-47.0
1776887496.8671026,1.0,-3.0,-51.0
1776887496.8771029,2.0,-5.0,-56.0
1776887496.8871028,3.0,-4.0,-52.0
1776887496.8971028,0.0,-7.0,-42.0
1776887496.9071028,0.0,-7.0,-35.0
1776887496.9171028,3.0,-4.0,-35.0
1776887496.9271028,3.0,-5.0,-34.0
1776887496.9371028,4.0,-6.0,-32.0
1776887496.9471028,7.0,-6.0,-37.0
1776887496.9571028,4.0,-4.0,-32.0
1776887496.9671028,3.0,-1.0,-27.0
1776887496.9771028,3.0,0.0,-33.0
1776887496.9871027,4.0,-3.0,-30.0
1776887496.9971027,1.0,-4.0,-26.0
1776887497.0071027,2.0,-1.0,-26.0
1776887497.0171027,3.0,-1.0,-26.0
1776887497.0271027,5.0,3.0,-28.0
1776887497.0371027,1.0,6.0,-38.0
1776887497.0471027,-4.0,1.0,-41.0
1776887497.057103,-2.0,-1.0,-43.0
1776887497.067103,-1.0,0.0,-37.0
1776887497.077103,0.0,1.0,-37.0
1776887497.087103,0.0,-1.0,-38.0
1776887497.0971026,-2.0,-2.0,-39.0
1776887497.1071026,-2.0,-4.0,-31.0
1776887497.1171026,2.0,-3.0,-34.0
1776887497.1271029,-1.0,-2.0,-28.0
1776887497.1371028,-1.0,-5.0,-30.0
1776887497.1471028,-4.0,-2.0,-37.0
1776887497.1571028,-4.0,-7.0,-32.0
1776887497.1671028,-2.0,-6.0,-39.0
1776887497.1771028,-2.0,-3.0,-33.0
1776887497.1871028,-2.0,-6.0,-39.0
1776887497.1971028,0.0,-4.0,-39.0
1776887497.2071028,2.0,-4.0,-43.0
1776887497.2171028,-1.0,-7.0,-44.0
1776887497.2271028,3.0,-6.0,-49.0
1776887497.2371027,0.0,-4.0,-53.0
1776887497.2471027,0.0,-6.0,-50.0
1776887497.2571027,-2.0,-7.0,-46.0
1776887497.2671027,3.0,-14.0,-43.0
1776887497.2771027,-1.0,-16.0,-40.0
1776887497.2871027,-5.0,-20.0,-39.0
1776887497.2971027,-5.0,-16.0,-32.0
1776887497.307103,0.0,-14.0,-34.0
1776887497.317103,-2.0,-11.0,-34.0
1776887497.327103,0.0,-9.0,-38.0
1776887497.337103,4.0,-6.0,-40.0
1776887497.3471026,3.0,-3.0,-36.0
1776887497.3571026,0.0,4.0,-34.0
1776887497.3671026,0.0,5.0,-29.0
1776887497.3771029,-1.0,5.0,-30.0
1776887497.3871028,-3.0,5.0,-32.0
1776887497.3971028,-5.0,0.0,-33.0
1776887497.4071028,-6.0,0.0,-34.0
1776887497.4171028,-1.0,0.0,-37.0
1776887497.4271028,2.0,-2.0,-42.0
1776887497.4371028,2.0,-2.0,-46.0
1776887497.4471028,2.0,-5.0,-37.0
1776887497.4571028,0.0,-5.0,-34.0
1776887497.4671028,4.0,-4.0,-31.0
1776887497.4771028,3.0,-6.0,-33.0
1776887497.4871027,1.0,-5.0,-29.0
1776887497.4971027,-1.0,-5.0,-31.0
1776887497.5071027,-2.0,-1.0,-29.0
1776887497.5171027,3.0,-5.0,-36.0
1776887497.5271027,3.0,-5.0,-38.0
1776887497.5371027,1.0,-7.0,-30.0
1776887497.5471027,2.0,-6.0,-32.0
1776887497.557103,1.0,-9.0,-36.0
1776887497.567103,0.0,-8.0,-35.0
1776887497.577103,0.0,-7.0,-36.0
1776887497.587103,-3.0,-4.0,-38.0
1776887497.5971026,0.0,-4.0,-37.0
1776887497.6071026,-5.0,-5.0,-40.0
1776887497.6171026,-7.0,-4.0,-40.0
1776887497.6271029,-3.0,-2.0,-36.0
1776887497.6371028,-2.0,-3.0,-36.0
1776887497.6471028,1.0,-7.0,-29.0
1776887497.6571028,1.0,-9.0,-33.0
1776887497.6671028,-1.0,-9.0,-36.0
1776887497.6771028,-3.0,-10.0,-37.0
1776887497.6871028,-3.0,-8.0,-34.0
1776887497.6971028,0.0,-3.0,-36.0
1776887497.7071028,1.0,0.0,-31.0
1776887497.7171028,3.0,3.0,-31.0
1776887497.7271028,2.0,2.0,-36.0
1776887497.7371027,3.0,3.0,-36.0
1776887497.7471027,8.0,1.0,-42.0
1776887497.7571027,9.0,1.0,-40.0
1776887497.7671027,10.0,4.0,-39.0
1776887497.7771027,11.0,3.0,-36.0
1776887497.7871027,4.0,5.0,-40.0
1776887497.7971027,0.0,1.0,-32.0
1776887497.807103,0.0,-1.0,-25.0
1776887497.817103,-5.0,-1.0,-24.0
1776887497.827103,-3.0,-2.0,-27.0
1776887497.837103,-2.0,-2.0,-32.0
1776887497.8471026,4.0,-3.0,-23.0
1776887497.8571026,2.0,0.0,-25.0
1776887497.8671026,4.0,1.0,-27.0
1776887497.8771029,-1.0,0.0,-29.0
1776887497.8871028,-2.0,1.0,-25.0
1776887497.8971028,-5.0,0.0,-18.0
1776887497.9071028,-3.0,0.0,-23.0
1776887497.9171028,-3.0,2.0,-25.0
1776887497.9271028,-1.0,2.0,-30.0
1776887497.9371028,1.0,0.0,-28.0
1776887497.9481027,0.0,-4.0,-31.0
1776887497.9571028,0.0,-4.0,-27.0
1776887497.9681027,0.0,-5.0,-28.0
1776887497.9781027,5.0,-9.0,-37.0
1776887497.988103,3.0,-12.0,-49.0
1776887497.998103,-2.0,-11.0,-48.0
1776887498.008103,2.0,-6.0,-46.0
1776887498.0181026,4.0,-4.0,-46.0
1776887498.0281026,2.0,-6.0,-42.0
1776887498.0381026,0.0,-4.0,-40.0
1776887498.0481029,-1.0,-4.0,-40.0
1776887498.0581028,0.0,-3.0,-41.0
1776887498.0681028,-4.0,-4.0,-42.0
1776887498.0781028,-4.0,-5.0,-44.0
1776887498.0881028,-1.0,-2.0,-44.0
1776887498.0981028,1.0,-2.0,-47.0
1776887498.1081028,4.0,-3.0,-47.0
1776887498.1181028,2.0,-3.0,-41.0
1776887498.1281028,3.0,-5.0,-36.0
1776887498.1381028,4.0,-5.0,-41.0
1776887498.1481028,2.0,-4.0,-42.0
1776887498.1581028,3.0,-1.0,-45.0
1776887498.1681027,1.0,-4.0,-46.0
1776887498.1781027,1.0,-3.0,-43.0
1776887498.1881027,4.0,-4.0,-37.0
1776887498.1981027,7.0,-2.0,-33.0
1776887498.2081027,11.0,-3.0,-40.0
1776887498.2181027,7.0,-4.0,-41.0
1776887498.2281027,6.0,-6.0,-36.0
1776887498.238103,5.0,-7.0,-37.0
1776887498.248103,7.0,-5.0,-36.0
1776887498.258103,7.0,-4.0,-34.0
1776887498.2681026,6.0,-4.0,-37.0
1776887498.2781026,7.0,-4.0,-42.0
1776887498.2881026,7.0,-4.0,-37.0
1776887498.2981029,7.0,-2.0,-33.0
1776887498.3081028,8.0,-1.0,-33.0
1776887498.3181028,2.0,-3.0,-36.0
1776887498.3281028,0.0,-5.0,-32.0
1776887498.3381028,0.0,-4.0,-32.0
1776887498.3481028,-2.0,-5.0,-40.0
1776887498.3581028,0.0,-7.0,-35.0
1776887498.3681028,4.0,-8.0,-35.0
1776887498.3781028,2.0,-7.0,-36.0
1776887498.3881028,3.0,-2.0,-37.0
1776887498.3981028,2.0,2.0,-32.0
1776887498.4081028,2.0,0.0,-28.0
1776887498.4181027,3.0,0.0,-33.0
1776887498.4281027,1.0,0.0,-36.0
1776887498.4381027,4.0,0.0,-33.0
1776887498.4481027,6.0,0.0,-38.0
1776887498.4581027,4.0,-1.0,-40.0
1776887498.4681027,1.0,-3.0,-42.0
1776887498.4781027,0.0,-2.0,-45.0
1776887498.488103,0.0,-2.0,-39.0
1776887498.498103,0.0,-3.0,-34.0
1776887498.508103,-3.0,-4.0,-36.0
1776887498.5181026,-7.0,-6.0,-33.0
1776887498.5281026,-1.0,-4.0,-33.0
1776887498.5381026,0.0,-3.0,-34.0
1776887498.5481029,0.0,1.0,-27.0
1776887498.5581028,0.0,0.0,-28.0
1776887498.5681028,-1.0,0.0,-36.0
1776887498.5781028,0.0,-3.0,-40.0
1776887498.5881028,0.0,-4.0,-43.0
1776887498.5981028,-2.0,-3.0,-45.0
1776887498.6081028,2.0,0.0,-37.0
1776887498.6181028,2.0,-1.0,-39.0
1776887498.6281028,3.0,-3.0,-35.0
1776887498.6381028,2.0,-2.0,-32.0
1776887498.6481028,0.0,-3.0,-35.0
1776887498.6581028,3.0,-4.0,-36.0
1776887498.6681027,5.0,-4.0,-33.0
1776887498.6781027,8.0,-2.0,-37.0
1776887498.6881027,8.0,-1.0,-43.0
1776887498.6981027,10.0,1.0,-35.0
1776887498.7081027,9.0,0.0,-31.0
1776887498.7181027,1.0,-3.0,-33.0
1776887498.7281027,0.0,-5.0,-34.0
1776887498.738103,-1.0,-2.0,-32.0
1776887498.748103,-3.0,-3.0,-28.0
1776887498.758103,-3.0,-5.0,-33.0
1776887498.7681026,-1.0,-5.0,-38.0
1776887498.7781026,3.0,-2.0,-43.0
1776887498.7881026,5.0,0.0,-39.0
1776887498.7981029,1.0,-1.0,-36.0
1776887498.8081028,0.0,0.0,-36.0
1776887498.8181028,0.0,-5.0,-36.0
1776887498.8281028,-3.0,-5.0,-36.0
1776887498.8381028,-2.0,-4.0,-42.0
1776887498.8481028,-4.0,0.0,-39.0
1776887498.8581028,-3.0,-3.0,-41.0
1776887498.8681028,-6.0,-3.0,-46.0
1776887498.8781028,-5.0,-6.0,-48.0
1776887498.8881028,-6.0,-8.0,-46.0
1776887498.8981028,-3.0,-5.0,-41.0
1776887498.9081028,-8.0,-2.0,-44.0
1776887498.9181027,-6.0,-3.0,-41.0
1776887498.9281027,-5.0,-1.0,-38.0
1776887498.9381027,-6.0,-1.0,-40.0
1776887498.9481027,-3.0,-2.0,-45.0
1776887498.9581027,-2.0,-2.0,-43.0
1776887498.9681027,1.0,0.0,-42.0
1776887498.9781027,2.0,-2.0,-36.0
1776887498.988103,6.0,-5.0,-40.0
1776887498.998103,0.0,-9.0,-41.0
1776887499.008103,-3.0,-9.0,-38.0
1776887499.0181026,-9.0,-7.0,-38.0
1776887499.0281026,-5.0,-6.0,-39.0
1776887499.0381026,0.0,-5.0,-47.0
1776887499.0481029,1.0,-7.0,-46.0
1776887499.0581028,8.0,-8.0,-41.0
1776887499.0681028,4.0,-7.0,-42.0
1776887499.0781028,0.0,-2.0,-41.0
1776887499.0881028,0.0,-4.0,-36.0
1776887499.0981028,-1.0,-3.0,-35.0
1776887499.1081028,2.0,-7.0,-44.0
1776887499.1181028,0.0,-7.0,-37.0
1776887499.1281028,-1.0,-9.0,-38.0
1776887499.1381028,1.0,-6.0,-44.0
1776887499.1481028,3.0,-4.0,-46.0
1776887499.1581028,5.0,-7.0,-47.0
1776887499.1681027,5.0,-4.0,-50.0
1776887499.1781027,1.0,-6.0,-54.0
1776887499.1881027,3.0,-3.0,-49.0
1776887499.1981027,1.0,1.0,-43.0
1776887499.2081027,2.0,3.0,-34.0
1776887499.2181027,4.0,0.0,-30.0
1776887499.2281027,1.0,0.0,-33.0
1776887499.238103,7.0,-1.0,-29.0
1776887499.248103,5.0,-2.0,-31.0
1776887499.258103,5.0,-1.0,-38.0
1776887499.2681026,1.0,-2.0,-38.0
1776887499.2781026,3.0,-3.0,-33.0
1776887499.2881026,2.0,-2.0,-31.0
1776887499.2981029,-2.0,-2.0,-30.0
1776887499.3081028,1.0,-2.0,-30.0
1776887499.3181028,3.0,0.0,-35.0
1776887499.3281028,6.0,3.0,-30.0
1776887499.3381028,5.0,5.0,-28.0
1776887499.3481028,2.0,4.0,-31.0
1776887499.3581028,4.0,2.0,-31.0
1776887499.3681028,4.0,1.0,-37.0
1776887499.3781028,1.0,1.0,-36.0
1776887499.3881028,0.0,3.0,-30.0
1776887499.3981028,-3.0,1.0,-32.0
1776887499.4081028,-3.0,0.0,-28.0
1776887499.4181027,-3.0,-4.0,-29.0
1776887499.4281027,-3.0,-11.0,-26.0
1776887499.4381027,0.0,-4.0,-29.0
1776887499.4481027,-1.0,-3.0,-42.0
1776887499.4581027,0.0,0.0,-38.0
1776887499.4681027,0.0,-3.0,-44.0
1776887499.4781027,0.0,-1.0,-43.0
1776887499.488103,-4.0,2.0,-42.0
1776887499.498103,-6.0,1.0,-43.0
1776887499.508103,-5.0,-1.0,-43.0
1776887499.5181026,1.0,0.0,-46.0
1776887499.5281026,4.0,-2.0,-48.0
1776887499.5381026,4.0,-5.0,-42.0
1776887499.5481029,4.0,-5.0,-38.0
1776887499.5581028,2.0,-8.0,-39.0
1776887499.5681028,0.0,-7.0,-41.0
1776887499.5781028,4.0,-5.0,-44.0
1776887499.5881028,6.0,-5.0,-41.0
1776887499.5981028,8.0,-6.0,-33.0
1776887499.6081028,7.0,-7.0,-29.0
1776887499.6181028,4.0,-8.0,-28.0
1776887499.6281028,1.0,-5.0,-28.0
1776887499.6381028,0.0,-6.0,-29.0
1776887499.6481028,0.0,-4.0,-29.0
1776887499.6581028,1.0,-4.0,-30.0
1776887499.6681027,-2.0,-3.0,-30.0
1776887499.6781027,-4.0,-3.0,-29.0
1776887499.6881027,0.0,-4.0,-32.0
1776887499.6981027,0.0,-5.0,-32.0
1776887499.7081027,-3.0,-9.0,-32.0
1776887499.7181027,-3.0,-7.0,-36.0
1776887499.7281027,-6.0,-2.0,-39.0
1776887499.738103,-2.0,1.0,-41.0
1776887499.748103,0.0,3.0,-40.0
1776887499.758103,0.0,0.0,-39.0
1776887499.7681026,-1.0,-2.0,-41.0
1776887499.7781026,3.0,0.0,-32.0
1776887499.7881026,2.0,-2.0,-30.0
1776887499.7981029,3.0,-2.0,-31.0
1776887499.8081028,2.0,-1.0,-30.0
1776887499.8181028,0.0,1.0,-34.0
1776887499.8281028,0.0,0.0,-37.0
1776887499.8381028,0.0,0.0,-36.0
1776887499.8481028,3.0,-2.0,-37.0
1776887499.8581028,6.0,0.0,-33.0
1776887499.8681028,7.0,1.0,-32.0
1776887499.8781028,1.0,4.0,-34.0
1776887499.8881028,6.0,2.0,-37.0
1776887499.8981028,6.0,0.0,-35.0
1776887499.9081028,4.0,0.0,-35.0
1776887499.9181027,-3.0,-4.0,-34.0
1776887499.9281027,-6.0,-3.0,-30.0
1776887499.9391026,-7.0,-2.0,-35.0
1776887499.9481027,-5.0,1.0,-34.0
1776887499.9591026,-1.0,3.0,-35.0
1776887499.9691026,1.0,-1.0,-34.0
1776887499.9791028,5.0,1.0,-31.0
1776887499.9891028,4.0,0.0,-33.0
1776887499.9991028,5.0,0.0,-33.0
1776887500.0091028,4.0,-1.0,-28.0
1776887500.0191028,10.0,-7.0,-27.0
1776887500.0291028,5.0,-6.0,-31.0
1776887500.0391028,1.0,-5.0,-37.0
1776887500.0491028,0.0,-1.0,-40.0
1776887500.0591028,0.0,-7.0,-39.0
1776887500.0691028,4.0,-8.0,-39.0
1776887500.0791028,0.0,-7.0,-35.0
1776887500.0891027,-1.0,-2.0,-33.0
1776887500.0991027,-3.0,-4.0,-32.0
1776887500.1091027,-2.0,-7.0,-35.0
1776887500.1191027,4.0,-4.0,-32.0
1776887500.1291027,2.0,-11.0,-31.0
1776887500.1391027,1.0,-10.0,-30.0
1776887500.1491027,-1.0,-13.0,-29.0
1776887500.159103,-2.0,-11.0,-31.0
1776887500.169103,0.0,-8.0,-33.0
1776887500.179103,-1.0,0.0,-36.0
1776887500.1891026,0.0,3.0,-35.0
1776887500.1991026,5.0,3.0,-27.0
1776887500.2091026,1.0,1.0,-31.0
1776887500.2191026,0.0,1.0,-33.0
1776887500.2291028,0.0,1.0,-30.0
1776887500.2391028,0.0,1.0,-29.0
1776887500.2491028,2.0,-2.0,-28.0
1776887500.2591028,4.0,-4.0,-28.0
1776887500.2691028,2.0,-2.0,-25.0
1776887500.2791028,7.0,1.0,-23.0
1776887500.2891028,7.0,0.0,-23.0
1776887500.2991028,2.0,1.0,-26.0
1776887500.3091028,8.0,0.0,-30.0
1776887500.3191028,6.0,-4.0,-30.0
1776887500.3291028,10.0,0.0,-28.0
1776887500.3391027,12.0,2.0,-28.0
1776887500.3491027,12.0,3.0,-41.0
1776887500.3591027,12.0,3.0,-47.0
1776887500.3691027,10.0,0.0,-50.0
1776887500.3791027,10.0,0.0,-52.0
1776887500.3891027,6.0,-1.0,-45.0
1776887500.3991027,4.0,-4.0,-49.0
1776887500.409103,0.0,-2.0,-49.0
1776887500.419103,3.0,-3.0,-47.0
1776887500.429103,2.0,-5.0,-45.0
1776887500.4391026,0.0,-4.0,-44.0
1776887500.4491026,1.0,-9.0,-36.0
1776887500.4591026,4.0,-9.0,-30.0
1776887500.4691026,3.0,-4.0,-28.0
1776887500.4791028,4.0,-8.0,-28.0
1776887500.4891028,4.0,-8.0,-30.0
1776887500.4991028,2.0,-6.0,-36.0
1776887500.5091028,0.0,-6.0,-33.0
1776887500.5191028,1.0,-3.0,-25.0
1776887500.5291028,2.0,0.0,-18.0
1776887500.5391028,-2.0,-5.0,-25.0
1776887500.5491028,-2.0,-6.0,-25.0
1776887500.5591028,-1.0,-8.0,-24.0
1776887500.5691028,1.0,-9.0,-24.0
1776887500.5791028,5.0,-8.0,-26.0
1776887500.5891027,8.0,-4.0,-31.0
1776887500.5991027,5.0,-3.0,-33.0
1776887500.6091027,0.0,-5.0,-39.0
1776887500.6191027,-1.0,-5.0,-38.0
1776887500.6291027,-3.0,-7.0,-39.0
1776887500.6391027,-4.0,-5.0,-38.0
1776887500.6491027,-8.0,-2.0,-42.0
1776887500.659103,-2.0,0.0,-38.0
1776887500.669103,-2.0,2.0,-31.0
1776887500.679103,0.0,-1.0,-24.0
1776887500.6891026,-2.0,0.0,-30.0
1776887500.6991026,-2.0,0.0,-39.0
1776887500.7091026,0.0,0.0,-39.0
1776887500.7191026,2.0,1.0,-33.0
1776887500.7291028,5.0,6.0,-36.0
1776887500.7391028,1.0,5.0,-43.0
1776887500.7491028,-5.0,0.0,-44.0
1776887500.7591028,-7.0,-5.0,-40.0
1776887500.7691028,-2.0,-2.0,-40.0
1776887500.7791028,1.0,2.0,-38.0
1776887500.7891028,-2.0,1.0,-39.0
1776887500.7991028,-5.0,0.0,-41.0
1776887500.8091028,-3.0,-2.0,-43.0
1776887500.8191028,1.0,0.0,-35.0
1776887500.8291028,3.0,-1.0,-33.0
1776887500.8391027,0.0,0.0,-27.0
1776887500.8491027,1.0,4.0,-28.0
1776887500.8591027,0.0,7.0,-21.0
1776887500.8691027,0.0,5.0,-19.0
1776887500.8791027,0.0,8.0,-24.0
1776887500.8891027,0.0,4.0,-31.0
1776887500.8991027,1.0,1.0,-31.0
1776887500.909103,0.0,-1.0,-32.0
1776887500.919103,-3.0,0.0,-35.0
1776887500.929103,2.0,-3.0,-38.0
1776887500.9391026,6.0,-2.0,-37.0
1776887500.9491026,5.0,-1.0,-44.0
1776887500.9591026,3.0,-2.0,-48.0
1776887500.9691026,3.0,0.0,-46.0
1776887500.9791028,1.0,-4.0,-35.0
1776887500.9891028,0.0,-1.0,-36.0
1776887500.9991028,-1.0,-2.0,-43.0
1776887501.0091028,1.0,0.0,-39.0
1776887501.0191028,-2.0,-1.0,-38.0
1776887501.0291028,3.0,-4.0,-34.0
1776887501.0391028,2.0,-4.0,-41.0
1776887501.0491028,1.0,-4.0,-40.0
1776887501.0591028,0.0,-2.0,-35.0
1776887501.0691028,1.0,0.0,-30.0
1776887501.0791028,0.0,0.0,-36.0
1776887501.0891027,-1.0,-1.0,-39.0
1776887501.0991027,1.0,-1.0,-35.0
1776887501.1091027,1.0,-4.0,-34.0
1776887501.1191027,1.0,-8.0,-30.0
1776887501.1291027,-1.0,-7.0,-33.0
1776887501.1391027,2.0,-4.0,-37.0
1776887501.1491027,0.0,0.0,-34.0
1776887501.159103,3.0,6.0,-34.0
1776887501.169103,0.0,1.0,-32.0
1776887501.179103,-1.0,-2.0,-32.0
1776887501.1891026,0.0,0.0,-33.0
1776887501.1991026,0.0,-4.0,-38.0
1776887501.2091026,-4.0,-5.0,-42.0
1776887501.2191026,-6.0,-7.0,-39.0
1776887501.2291028,-7.0,-2.0,-37.0
1776887501.2391028,-5.0,0.0,-35.0
1776887501.2491028,-4.0,1.0,-31.0
1776887501.2591028,-4.0,-1.0,-27.0
1776887501.2691028,-1.0,3.0,-27.0
1776887501.2791028,0.0,0.0,-32.0
1776887501.2891028,2.0,-1.0,-36.0
1776887501.2991028,0.0,-4.0,-40.0
1776887501.3091028,1.0,-4.0,-43.0
1776887501.3191028,2.0,-5.0,-35.0
1776887501.3291028,3.0,-5.0,-32.0
1776887501.3391027,7.0,-4.0,-34.0
1776887501.3491027,10.0,-3.0,-34.0
1776887501.3591027,8.0,-6.0,-35.0
1776887501.3691027,9.0,-6.0,-36.0
1776887501.3791027,9.0,-8.0,-35.0
1776887501.3891027,7.0,-6.0,-40.0
1776887501.3991027,4.0,-6.0,-40.0
1776887501.409103,1.0,-7.0,-44.0
1776887501.419103,0.0,-9.0,-50.0
1776887501.429103,3.0,-15.0,-42.0
1776887501.4391026,2.0,-10.0,-39.0
1776887501.4491026,1.0,-7.0,-34.0
1776887501.4591026,1.0,-5.0,-38.0
1776887501.4691026,-4.0,-6.0,-37.0
1776887501.4791028,-5.0,-6.0,-35.0
1776887501.4891028,-8.0,-2.0,-39.0
1776887501.4991028,-10.0,0.0,-40.0
1776887501.5091028,-4.0,1.0,-40.0
1776887501.5191028,0.0,0.0,-38.0
1776887501.5291028,7.0,-5.0,-37.0
1776887501.5391028,7.0,2.0,-35.0
1776887501.5491028,3.0,7.0,-38.0
1776887501.5591028,4.0,5.0,-40.0
1776887501.5691028,0.0,1.0,-43.0
1776887501.5791028,1.0,2.0,-46.0
1776887501.5891027,4.0,-2.0,-43.0
1776887501.5991027,2.0,-3.0,-45.0
1776887501.6091027,3.0,-2.0,-43.0
1776887501.6191027,-1.0,0.0,-41.0
1776887501.6291027,-3.0,-1.0,-49.0
1776887501.6391027,-1.0,-5.0,-45.0
1776887501.6491027,-3.0,-7.0,-46.0
1776887501.659103,-4.0,-5.0,-45.0
1776887501.669103,-3.0,-2.0,-39.0
1776887501.679103,-5.0,-1.0,-33.0
1776887501.6891026,-6.0,-1.0,-30.0
1776887501.6991026,-6.0,-5.0,-32.0
1776887501.7091026,-6.0,-7.0,-35.0
1776887501.7191026,-5.0,-7.0,-40.0
1776887501.7291028,-4.0,-6.0,-41.0
1776887501.7391028,-5.0,-3.0,-43.0
1776887501.7491028,-4.0,-4.0,-39.0
1776887501.7591028,-7.0,-4.0,-37.0
1776887501.7691028,-7.0,-6.0,-34.0
1776887501.7791028,-6.0,-6.0,-28.0
1776887501.7891028,-3.0,-6.0,-34.0
1776887501.7991028,-5.0,-6.0,-37.0
1776887501.8091028,-5.0,-7.0,-35.0
1776887501.8191028,-2.0,-4.0,-34.0
1776887501.8291028,-3.0,-2.0,-37.0
1776887501.8391027,-4.0,-1.0,-39.0
1776887501.8491027,-5.0,-2.0,-41.0
1776887501.8591027,0.0,-4.0,-36.0
1776887501.8691027,2.0,-7.0,-37.0
1776887501.8791027,0.0,-6.0,-37.0
1776887501.8891027,2.0,-3.0,-36.0
1776887501.8991027,2.0,-2.0,-37.0
1776887501.909103,2.0,-2.0,-42.0
1776887501.919103,2.0,-4.0,-45.0
1776887501.9301028,0.0,-6.0,-39.0
1776887501.9401028,-1.0,-6.0,-39.0
1776887501.9501028,-2.0,-12.0,-33.0
1776887501.9601028,-3.0,-9.0,-33.0
1776887501.9701028,-1.0,-10.0,-35.0
1776887501.9801028,0.0,-8.0,-34.0
1776887501.9901028,2.0,-8.0,-36.0
1776887502.0001028,-1.0,-5.0,-31.0
1776887502.0101027,-1.0,-7.0,-38.0
1776887502.0201027,3.0,-1.0,-35.0
1776887502.0301027,2.0,-3.0,-31.0
1776887502.0401027,-1.0,-6.0,-32.0
1776887502.0501027,1.0,0.0,-31.0
1776887502.0601027,0.0,-2.0,-30.0
1776887502.0701027,3.0,-1.0,-30.0
1776887502.0801027,2.0,1.0,-29.0
1776887502.090103,4.0,1.0,-35.0
1776887502.100103,0.0,0.0,-32.0
1776887502.110103,2.0,5.0,-34.0
1776887502.1201026,5.0,7.0,-29.0
1776887502.1301026,1.0,1.0,-32.0
1776887502.1401026,5.0,1.0,-34.0
1776887502.1501029,1.0,2.0,-36.0
1776887502.1601028,3.0,3.0,-37.0
1776887502.1701028,1.0,3.0,-43.0
1776887502.1801028,0.0,-4.0,-38.0
1776887502.1901028,0.0,-4.0,-38.0
1776887502.2001028,-3.0,-3.0,-43.0
1776887502.2101028,-2.0,-2.0,-42.0
1776887502.2201028,0.0,-3.0,-44.0
1776887502.2301028,1.0,-1.0,-44.0
1776887502.2401028,5.0,0.0,-46.0
1776887502.2501028,2.0,0.0,-49.0
1776887502.2601027,0.0,2.0,-45.0
1776887502.2701027,-3.0,0.0,-38.0
1776887502.2801027,-5.0,0.0,-38.0
1776887502.2901027,-5.0,-3.0,-34.0
1776887502.3001027,-4.0,-3.0,-33.0
1776887502.3101027,-2.0,0.0,-39.0
1776887502.3201027,-1.0,-3.0,-44.0
1776887502.3301027,-1.0,-3.0,-43.0
1776887502.340103,0.0,-1.0,-40.0
1776887502.350103,5.0,2.0,-47.0
1776887502.360103,6.0,4.0,-50.0
1776887502.3701026,8.0,3.0,-55.0
1776887502.3801026,1.0,0.0,-58.0
1776887502.3901026,5.0,-5.0,-49.0
1776887502.4001029,3.0,-4.0,-47.0
1776887502.4101028,0.0,-3.0,-40.0
1776887502.4201028,0.0,0.0,-39.0
1776887502.4301028,0.0,0.0,-38.0
1776887502.4401028,-2.0,-1.0,-36.0
1776887502.4501028,-2.0,2.0,-36.0
1776887502.4601028,0.0,3.0,-34.0
1776887502.4701028,-1.0,7.0,-35.0
1776887502.4801028,1.0,5.0,-33.0
1776887502.4901028,-2.0,3.0,-38.0
1776887502.5001028,-5.0,1.0,-32.0
1776887502.5101027,-6.0,4.0,-31.0
1776887502.5201027,-7.0,4.0,-33.0
1776887502.5301027,-7.0,1.0,-29.0
1776887502.5401027,-9.0,0.0,-33.0
1776887502.5501027,-8.0,-1.0,-40.0
1776887502.5601027,-6.0,-2.0,-42.0
1776887502.5701027,-2.0,-4.0,-34.0
1776887502.5801027,-3.0,-6.0,-37.0
1776887502.590103,-4.0,-7.0,-38.0
1776887502.600103,-1.0,-5.0,-36.0
1776887502.610103,1.0,-1.0,-38.0
1776887502.6201026,6.0,-7.0,-35.0
1776887502.6301026,4.0,-7.0,-37.0
1776887502.6401026,0.0,-6.0,-31.0
1776887502.6501029,-4.0,-5.0,-37.0
1776887502.6601028,-4.0,-1.0,-44.0
1776887502.6701028,-3.0,-1.0,-47.0
1776887502.6801028,-3.0,0.0,-41.0
1776887502.6901028,0.0,-4.0,-43.0
1776887502.7001028,-2.0,-4.0,-35.0
1776887502.7101028,-2.0,-3.0,-39.0
1776887502.7201028,0.0,0.0,-38.0
1776887502.7301028,-2.0,0.0,-39.0
1776887502.7401028,-2.0,0.0,-38.0
1776887502.7501028,-3.0,-6.0,-42.0
1776887502.7601027,-3.0,-3.0,-42.0
1776887502.7701027,-1.0,0.0,-39.0
1776887502.7801027,1.0,-2.0,-44.0
1776887502.7901027,-2.0,-4.0,-40.0
1776887502.8001027,-2.0,-4.0,-41.0
1776887502.8101027,0.0,0.0,-36.0
1776887502.8201027,0.0,-1.0,-37.0
1776887502.8301027,0.0,0.0,-34.0
1776887502.840103,0.0,0.0,-37.0
1776887502.850103,1.0,-3.0,-42.0
1776887502.860103,3.0,-5.0,-40.0
1776887502.8701026,0.0,-2.0,-39.0
1776887502.8801026,-5.0,0.0,-39.0
1776887502.8901026,-2.0,0.0,-39.0
1776887502.9001029,0.0,0.0,-42.0
1776887502.9101028,1.0,0.0,-35.0
1776887502.9201028,2.0,-1.0,-36.0
1776887502.9301028,1.0,-6.0,-35.0
1776887502.9401028,2.0,-6.0,-36.0
1776887502.9501028,0.0,-8.0,-34.0
1776887502.9601028,-1.0,-12.0,-38.0
1776887502.9701028,0.0,-13.0,-44.0
1776887502.9801028,0.0,-10.0,-40.0
1776887502.9901028,0.0,-3.0,-36.0
1776887503.0001028,-2.0,2.0,-32.0
1776887503.0101027,-4.0,5.0,-32.0
1776887503.0201027,4.0,2.0,-33.0
1776887503.0301027,3.0,1.0,-34.0
1776887503.0401027,1.0,0.0,-35.0
1776887503.0501027,3.0,0.0,-34.0
1776887503.0601027,5.0,0.0,-30.0
1776887503.0701027,3.0,0.0,-33.0
1776887503.0801027,1.0,1.0,-33.0
1776887503.090103,-2.0,-1.0,-33.0
1776887503.100103,-4.0,0.0,-31.0
1776887503.110103,-3.0,-5.0,-26.0
1776887503.1201026,0.0,-7.0,-28.0
1776887503.1301026,1.0,-6.0,-29.0
1776887503.1401026,5.0,-3.0,-29.0
1776887503.1501029,5.0,-4.0,-36.0
1776887503.1601028,7.0,-1.0,-39.0
1776887503.1701028,6.0,-6.0,-44.0
1776887503.1801028,1.0,-6.0,-40.0
1776887503.1901028,1.0,-2.0,-38.0
1776887503.2001028,2.0,2.0,-40.0
1776887503.2101028,1.0,4.0,-47.0
1776887503.2201028,0.0,5.0,-47.0
1776887503.2301028,0.0,4.0,-42.0
1776887503.2401028,-1.0,0.0,-38.0
1776887503.2501028,0.0,1.0,-39.0
1776887503.2601027,0.0,1.0,-46.0
1776887503.2701027,-1.0,1.0,-45.0
1776887503.2801027,-1.0,0.0,-45.0
1776887503.2901027,1.0,-2.0,-40.0
1776887503.3001027,3.0,-5.0,-44.0
1776887503.3101027,1.0,-6.0,-39.0
1776887503.3201027,2.0,-6.0,-37.0
1776887503.3301027,0.0,-3.0,-40.0
1776887503.340103,2.0,0.0,-43.0
1776887503.350103,4.0,0.0,-47.0
1776887503.360103,1.0,0.0,-45.0
1776887503.3701026,6.0,-2.0,-44.0
1776887503.3801026,6.0,1.0,-41.0
1776887503.3901026,7.0,1.0,-32.0
1776887503.4001029,4.0,0.0,-28.0
1776887503.4101028,4.0,2.0,-29.0
1776887503.4201028,0.0,3.0,-36.0
1776887503.4301028,-7.0,-1.0,-40.0
1776887503.4401028,-5.0,-6.0,-34.0
1776887503.4501028,-6.0,-4.0,-35.0
1776887503.4601028,-6.0,-2.0,-36.0
1776887503.4701028,-3.0,0.0,-31.0
1776887503.4801028,-5.0,0.0,-35.0
1776887503.4901028,-4.0,0.0,-37.0
1776887503.5001028,-5.0,0.0,-37.0
1776887503.5101027,-6.0,2.0,-32.0
1776887503.5201027,-5.0,-1.0,-30.0
1776887503.5301027,-5.0,0.0,-29.0
1776887503.5401027,-3.0,-1.0,-29.0
1776887503.5501027,0.0,-4.0,-26.0
1776887503.5601027,2.0,-4.0,-28.0
1776887503.5701027,7.0,-7.0,-28.0
1776887503.5801027,6.0,-7.0,-28.0
1776887503.590103,0.0,-8.0,-33.0
1776887503.600103,0.0,-6.0,-36.0
1776887503.610103,-1.0,-6.0,-38.0
1776887503.6201026,0.0,-6.0,-37.0
1776887503.6301026,-1.0,-9.0,-36.0
1776887503.6401026,-3.0,-7.0,-44.0
1776887503.6501029,-4.0,-5.0,-41.0
1776887503.6601028,-6.0,-3.0,-37.0
1776887503.6701028,-2.0,-4.0,-35.0
1776887503.6801028,1.0,-1.0,-32.0
1776887503.6901028,0.0,1.0,-36.0
1776887503.7001028,-1.0,-3.0,-36.0
1776887503.7101028,-6.0,-7.0,-46.0
1776887503.7201028,-7.0,-6.0,-46.0
1776887503.7301028,-2.0,-5.0,-44.0
1776887503.7401028,-1.0,-3.0,-43.0
1776887503.7501028,-1.0,-2.0,-44.0
1776887503.7601027,2.0,0.0,-44.0
1776887503.7701027,1.0,0.0,-41.0
1776887503.7801027,0.0,1.0,-39.0
1776887503.7901027,2.0,0.0,-37.0
1776887503.8001027,2.0,0.0,-32.0
1776887503.8101027,2.0,4.0,-34.0
1776887503.8201027,4.0,5.0,-38.0
1776887503.8301027,4.0,6.0,-31.0
1776887503.840103,5.0,9.0,-28.0
1776887503.850103,7.0,8.0,-20.0
1776887503.860103,4.0,2.0,-21.0
1776887503.8701026,2.0,3.0,-31.0
1776887503.8801026,0.0,1.0,-34.0
1776887503.8901026,-1.0,3.0,-36.0
1776887503.9001029,0.0,5.0,-25.0
1776887503.9101028,-1.0,6.0,-27.0
1776887503.9201028,1.0,3.0,-32.0
1776887503.9311028,3.0,2.0,-40.0
1776887503.9411027,3.0,3.0,-42.0
1776887503.9501028,0.0,2.0,-46.0
1776887503.9611027,0.0,0.0,-41.0
1776887503.9711027,4.0,-1.0,-36.0
1776887503.9811027,6.0,0.0,-35.0
1776887503.9911027,3.0,-1.0,-40.0
1776887504.0011027,2.0,0.0,-45.0
1776887504.011103,7.0,0.0,-41.0
1776887504.021103,7.0,0.0,-39.0
1776887504.031103,5.0,0.0,-29.0
1776887504.0411026,0.0,-2.0,-27.0
1776887504.0511026,0.0,-4.0,-32.0
1776887504.0611026,-1.0,-3.0,-36.0
1776887504.0711029,0.0,-7.0,-43.0
1776887504.0811028,-2.0,-6.0,-45.0
1776887504.0911028,-5.0,-7.0,-45.0
1776887504.1011028,-3.0,-6.0,-42.0
1776887504.1111028,-4.0,-7.0,-41.0
1776887504.1211028,0.0,-6.0,-41.0
1776887504.1311028,-2.0,0.0,-42.0
1776887504.1411028,-5.0,0.0,-41.0
1776887504.1511028,-4.0,1.0,-44.0
1776887504.1611028,-4.0,0.0,-46.0
1776887504.1711028,-2.0,-3.0,-45.0
1776887504.1811028,-1.0,-2.0,-43.0
1776887504.1911027,-2.0,0.0,-46.0
1776887504.2011027,1.0,-4.0,-45.0
1776887504.2111027,3.0,-2.0,-40.0
1776887504.2211027,0.0,-6.0,-45.0
1776887504.2311027,-1.0,-8.0,-40.0
1776887504.2411027,-4.0,-9.0,-42.0
1776887504.2511027,-11.0,-11.0,-34.0
1776887504.261103,-8.0,-6.0,-31.0
1776887504.271103,0.0,-9.0,-41.0
1776887504.281103,1.0,-8.0,-42.0
1776887504.2911026,2.0,-5.0,-40.0
1776887504.3011026,5.0,-4.0,-34.0
1776887504.3111026,7.0,-5.0,-32.0
1776887504.3211029,11.0,-6.0,-29.0
1776887504.3311028,11.0,-5.0,-26.0
1776887504.3411028,10.0,-5.0,-23.0
1776887504.3511028,13.0,-3.0,-18.0
1776887504.3611028,8.0,0.0,-21.0
1776887504.3711028,5.0,0.0,-30.0
1776887504.3811028,5.0,0.0,-36.0
1776887504.3911028,2.0,0.0,-38.0
1776887504.4011028,3.0,0.0,-41.0
1776887504.4111028,5.0,-3.0,-42.0
1776887504.4211028,5.0,-4.0,-44.0
1776887504.4311028,6.0,-1.0,-39.0
1776887504.4411027,11.0,-1.0,-40.0
1776887504.4511027,8.0,-3.0,-32.0
1776887504.4611027,7.0,-3.0,-36.0
1776887504.4711027,2.0,-4.0,-35.0
1776887504.4811027,4.0,-3.0,-37.0
1776887504.4911027,2.0,-2.0,-33.0
1776887504.5011027,4.0,-1.0,-29.0
1776887504.511103,2.0,1.0,-26.0
1776887504.521103,1.0,4.0,-30.0
1776887504.531103,0.0,3.0,-36.0
1776887504.5411026,-4.0,0.0,-38.0
1776887504.5511026,-4.0,1.0,-33.0
1776887504.5611026,-4.0,0.0,-31.0
1776887504.5711029,-1.0,4.0,-37.0
1776887504.5811028,1.0,0.0,-35.0
1776887504.5911028,1.0,0.0,-22.0
1776887504.6011028,1.0,-1.0,-25.0
1776887504.6111028,2.0,0.0,-26.0
1776887504.6211028,0.0,2.0,-34.0
1776887504.6311028,0.0,1.0,-38.0
1776887504.6411028,0.0,1.0,-35.0
1776887504.6511028,0.0,2.0,-33.0
1776887504.6611028,2.0,0.0,-40.0
1776887504.6711028,2.0,-1.0,-46.0
1776887504.6811028,0.0,-3.0,-40.0
1776887504.6911027,5.0,-3.0,-39.0
1776887504.7011027,2.0,-3.0,-30.0
1776887504.7111027,0.0,-1.0,-28.0
1776887504.7211027,0.0,-1.0,-30.0
1776887504.7311027,0.0,0.0,-35.0
1776887504.7411027,3.0,0.0,-43.0
1776887504.7511027,1.0,0.0,-44.0
1776887504.761103,3.0,0.0,-42.0
1776887504.771103,4.0,-1.0,-38.0
1776887504.781103,3.0,-7.0,-37.0
1776887504.7911026,3.0,-5.0,-37.0
1776887504.8011026,-1.0,-1.0,-43.0
1776887504.8111026,-2.0,2.0,-43.0
1776887504.8211029,0.0,3.0,-41.0
1776887504.8311028,0.0,2.0,-43.0
1776887504.8411028,-2.0,-2.0,-38.0
1776887504.8511028,-2.0,2.0,-42.0
1776887504.8611028,1.0,-1.0,-45.0
1776887504.8711028,0.0,1.0,-48.0
1776887504.8811028,0.0,2.0,-47.0
1776887504.8911028,0.0,0.0,-40.0
1776887504.9011028,0.0,1.0,-43.0
1776887504.9111028,-4.0,4.0,-42.0
1776887504.9211028,-4.0,2.0,-42.0
1776887504.9311028,-4.0,0.0,-38.0
1776887504.9411027,-1.0,-4.0,-40.0
1776887504.9511027,-3.0,-3.0,-39.0
1776887504.9611027,-1.0,-5.0,-29.0
1776887504.9711027,5.0,-9.0,-24.0
1776887504.9811027,3.0,-9.0,-17.0
1776887504.9911027,3.0,-10.0,-20.0
1776887505.0011027,6.0,-11.0,-27.0
1776887505.011103,6.0,-10.0,-33.0
1776887505.021103,4.0,-1.0,-37.0
1776887505.031103,3.0,-2.0,-36.0
1776887505.0411026,4.0,1.0,-37.0
1776887505.0511026,2.0,2.0,-34.0
1776887505.0611026,3.0,-1.0,-38.0
1776887505.0711029,7.0,0.0,-39.0
1776887505.0811028,8.0,0.0,-36.0
1776887505.0911028,7.0,0.0,-37.0
1776887505.1011028,4.0,-4.0,-34.0
1776887505.1111028,2.0,-5.0,-35.0
1776887505.1211028,5.0,-4.0,-39.0
1776887505.1311028,1.0,-6.0,-35.0
1776887505.1411028,1.0,-4.0,-35.0
1776887505.1511028,4.0,-3.0,-33.0
1776887505.1611028,4.0,-1.0,-41.0
1776887505.1711028,7.0,-8.0,-41.0
1776887505.1811028,5.0,-7.0,-38.0
1776887505.1911027,2.0,-10.0,-32.0
1776887505.2011027,3.0,-5.0,-29.0
1776887505.2111027,1.0,-6.0,-31.0
1776887505.2211027,0.0,-6.0,-27.0
1776887505.2311027,1.0,-3.0,-29.0
1776887505.2411027,0.0,0.0,-32.0
1776887505.2511027,2.0,-4.0,-38.0
1776887505.261103,7.0,-5.0,-45.0
1776887505.271103,7.0,-2.0,-42.0
1776887505.281103,3.0,2.0,-44.0
1776887505.2911026,0.0,-1.0,-38.0
1776887505.3011026,0.0,-3.0,-35.0
1776887505.3111026,-1.0,0.0,-33.0
1776887505.3211029,-2.0,0.0,-35.0
1776887505.3311028,-5.0,0.0,-30.0
1776887505.3411028,-6.0,3.0,-31.0
1776887505.3511028,-7.0,5.0,-31.0
1776887505.3611028,0.0,2.0,-29.0
1776887505.3711028,0.0,2.0,-35.0
1776887505.3811028,5.0,2.0,-40.0
1776887505.3911028,9.0,4.0,-45.0
1776887505.4011028,6.0,3.0,-44.0
1776887505.4111028,5.0,1.0,-47.0
1776887505.4211028,2.0,-3.0,-44.0
1776887505.4311028,2.0,-8.0,-43.0
1776887505.4411027,4.0,-9.0,-32.0
1776887505.4511027,2.0,-7.0,-37.0
1776887505.4611027,8.0,-5.0,-45.0
1776887505.4711027,7.0,-3.0,-50.0
1776887505.4811027,6.0,-2.0,-48.0
1776887505.4911027,5.0,-2.0,-39.0
1776887505.5011027,3.0,-2.0,-35.0
1776887505.511103,4.0,-3.0,-36.0
1776887505.521103,0.0,-2.0,-33.0
1776887505.531103,-1.0,0.0,-30.0
1776887505.5411026,-2.0,-3.0,-30.0
1776887505.5511026,-4.0,-4.0,-30.0
1776887505.5611026,-2.0,-7.0,-38.0
1776887505.5711029,-5.0,-9.0,-38.0
1776887505.5811028,-4.0,-5.0,-37.0
1776887505.5911028,-5.0,-5.0,-29.0
1776887505.6011028,-3.0,-3.0,-32.0
1776887505.6111028,0.0,-6.0,-30.0
1776887505.6211028,3.0,-4.0,-28.0
1776887505.6311028,3.0,-4.0,-21.0
1776887505.6411028,2.0,-3.0,-26.0
1776887505.6511028,3.0,0.0,-31.0
1776887505.6611028,1.0,0.0,-40.0
1776887505.6711028,0.0,1.0,-39.0
1776887505.6811028,5.0,1.0,-37.0
1776887505.6911027,4.0,2.0,-33.0
1776887505.7011027,1.0,5.0,-34.0
1776887505.7111027,-2.0,5.0,-31.0
1776887505.7211027,-5.0,1.0,-33.0
1776887505.7311027,-7.0,0.0,-32.0
1776887505.7411027,-3.0,0.0,-32.0
1776887505.7511027,-3.0,-3.0,-33.0
1776887505.761103,-5.0,-4.0,-35.0
1776887505.771103,-4.0,-3.0,-42.0
1776887505.781103,2.0,-6.0,-42.0
1776887505.7911026,2.0,-2.0,-45.0
1776887505.8011026,0.0,-3.0,-43.0
1776887505.8111026,-2.0,-2.0,-35.0
1776887505.8211029,-4.0,0.0,-38.0
1776887505.8311028,-4.0,-2.0,-32.0
1776887505.8411028,-2.0,-2.0,-35.0
1776887505.8511028,0.0,0.0,-37.0
1776887505.8611028,2.0,0.0,-41.0
1776887505.8711028,5.0,0.0,-35.0
1776887505.8811028,6.0,-4.0,-36.0
1776887505.8911028,6.0,-4.0,-42.0
1776887505.9011028,4.0,-4.0,-39.0
1776887505.9111028,4.0,-4.0,-38.0
1776887505.9211028,2.0,1.0,-43.0
1776887505.932103,0.0,-5.0,-46.0
1776887505.9411027,-3.0,-5.0,-48.0
1776887505.952103,-2.0,-4.0,-40.0
1776887505.962103,2.0,-2.0,-36.0
1776887505.9721026,1.0,-3.0,-28.0
1776887505.9821026,-1.0,0.0,-31.0
1776887505.9921026,0.0,-2.0,-29.0
1776887506.0021029,1.0,-3.0,-29.0
1776887506.0121028,3.0,-8.0,-28.0
1776887506.0221028,3.0,-11.0,-28.0
1776887506.0321028,4.0,-11.0,-27.0
1776887506.0421028,8.0,-7.0,-31.0
1776887506.0521028,7.0,-7.0,-31.0
1776887506.0621028,3.0,-4.0,-28.0
1776887506.0721028,3.0,-4.0,-27.0
1776887506.0821028,1.0,-3.0,-27.0
1776887506.0911028,2.0,-5.0,-26.0
1776887506.1021028,2.0,-4.0,-27.0
1776887506.1121027,2.0,-7.0,-26.0
1776887506.1221027,3.0,-7.0,-29.0
1776887506.1321027,1.0,-11.0,-35.0
1776887506.1421027,2.0,-11.0,-34.0
1776887506.1521027,2.0,-12.0,-39.0
1776887506.1621027,0.0,-8.0,-40.0
1776887506.1721027,1.0,-8.0,-35.0
1776887506.182103,3.0,-6.0,-30.0
1776887506.192103,8.0,-6.0,-32.0
1776887506.202103,5.0,-5.0,-38.0
1776887506.212103,6.0,-6.0,-40.0
1776887506.2221026,5.0,-5.0,-44.0
1776887506.2321026,1.0,-1.0,-39.0
1776887506.2421026,4.0,0.0,-36.0
1776887506.2521029,3.0,-4.0,-34.0
1776887506.2621028,2.0,-8.0,-37.0
1776887506.2721028,0.0,-11.0,-41.0
1776887506.2821028,0.0,-10.0,-43.0
1776887506.2921028,0.0,-7.0,-40.0
1776887506.3021028,2.0,-9.0,-38.0
1776887506.3121028,1.0,-5.0,-41.0
1776887506.3221028,3.0,-8.0,-40.0
1776887506.3321028,6.0,-7.0,-42.0
1776887506.3421028,6.0,-2.0,-37.0
1776887506.3521028,7.0,-4.0,-38.0
1776887506.3621027,3.0,-3.0,-39.0
1776887506.3721027,4.0,0.0,-39.0
1776887506.3821027,5.0,0.0,-33.0
1776887506.3921027,1.0,-3.0,-35.0
1776887506.4021027,1.0,-4.0,-34.0
1776887506.4121027,0.0,-9.0,-39.0
1776887506.4221027,-5.0,-6.0,-47.0
1776887506.432103,-7.0,-7.0,-48.0
1776887506.442103,-4.0,-5.0,-47.0
1776887506.452103,-5.0,-4.0,-41.0
1776887506.462103,-5.0,0.0,-38.0
1776887506.4721026,-4.0,2.0,-42.0
1776887506.4821026,-4.0,-1.0,-41.0
1776887506.4921026,-1.0,0.0,-45.0
1776887506.5021029,1.0,-4.0,-44.0
1776887506.5121028,4.0,0.0,-48.0
1776887506.5221028,0.0,3.0,-48.0
1776887506.5321028,2.0,0.0,-46.0
1776887506.5421028,2.0,0.0,-43.0
1776887506.5521028,3.0,0.0,-41.0
1776887506.5621028,3.0,-1.0,-39.0
1776887506.5721028,-1.0,0.0,-35.0
1776887506.5821028,-2.0,1.0,-34.0
1776887506.5921028,-1.0,1.0,-38.0
1776887506.6021028,-1.0,1.0,-37.0
1776887506.6121027,-7.0,2.0,-38.0
1776887506.623103,-1.0,-2.0,-40.0
1776887506.6321027,2.0,0.0,-31.0
1776887506.6421027,1.0,-1.0,-27.0
1776887506.6521027,0.0,-2.0,-34.0
1776887506.6621027,6.0,0.0,-34.0
1776887506.6721027,13.0,-2.0,-45.0
1776887506.682103,12.0,-1.0,-44.0
1776887506.692103,10.0,0.0,-42.0
1776887506.702103,8.0,2.0,-40.0
1776887506.712103,5.0,-2.0,-41.0
1776887506.7221026,3.0,0.0,-46.0
1776887506.7321026,6.0,0.0,-45.0
1776887506.7421026,4.0,-5.0,-47.0
1776887506.7521029,0.0,-4.0,-41.0
1776887506.7621028,4.0,-5.0,-37.0
1776887506.7721028,5.0,-5.0,-38.0
1776887506.7821028,4.0,-10.0,-41.0
1776887506.7921028,5.0,-8.0,-45.0
1776887506.8021028,5.0,-5.0,-41.0
1776887506.8121028,5.0,-1.0,-45.0
1776887506.8221028,3.0,-4.0,-48.0
1776887506.8321028,3.0,-1.0,-55.0
1776887506.8421028,1.0,-3.0,-55.0
1776887506.8521028,3.0,-7.0,-54.0
1776887506.8621027,2.0,-6.0,-51.0
1776887506.8721027,6.0,-5.0,-41.0
1776887506.8821027,5.0,-6.0,-39.0
1776887506.8921027,2.0,-5.0,-31.0
1776887506.9021027,3.0,-1.0,-29.0
1776887506.9121027,3.0,-2.0,-34.0
1776887506.9221027,2.0,-4.0,-39.0
1776887506.932103,3.0,-2.0,-38.0
1776887506.942103,3.0,2.0,-39.0
1776887506.952103,5.0,0.0,-40.0
1776887506.962103,5.0,-3.0,-39.0
1776887506.9721026,-1.0,-4.0,-40.0
1776887506.9821026,0.0,-3.0,-43.0
1776887506.9921026,0.0,-3.0,-44.0
1776887507.0021029,6.0,-7.0,-46.0
1776887507.0121028,4.0,-4.0,-40.0
1776887507.0221028,0.0,-4.0,-41.0
1776887507.0321028,-2.0,-5.0,-40.0
1776887507.0421028,0.0,-8.0,-39.0
1776887507.0521028,1.0,-5.0,-35.0
1776887507.0621028,0.0,-4.0,-38.0
1776887507.0721028,-2.0,-2.0,-36.0
1776887507.0821028,-8.0,-1.0,-35.0
1776887507.0921028,-5.0,-2.0,-36.0
1776887507.1021028,-1.0,-3.0,-34.0
1776887507.1121027,4.0,-5.0,-38.0
1776887507.1221027,1.0,-5.0,-39.0
1776887507.1321027,-2.0,-2.0,-42.0
1776887507.1421027,-2.0,-2.0,-44.0
1776887507.1521027,-3.0,-2.0,-38.0
1776887507.1621027,-7.0,-1.0,-47.0
1776887507.1721027,-8.0,0.0,-50.0
1776887507.182103,-8.0,2.0,-49.0
1776887507.192103,-4.0,5.0,-36.0
1776887507.202103,-2.0,5.0,-30.0
1776887507.212103,-1.0,3.0,-31.0
1776887507.2221026,-5.0,-2.0,-26.0
1776887507.2321026,-6.0,-5.0,-26.0
1776887507.2421026,-3.0,-8.0,-24.0
1776887507.2521029,-6.0,-4.0,-25.0
1776887507.2621028,-1.0,0.0,-29.0
1776887507.2721028,0.0,2.0,-27.0
1776887507.2821028,3.0,3.0,-31.0
1776887507.2921028,5.0,0.0,-34.0
1776887507.3021028,0.0,-3.0,-31.0
1776887507.3121028,0.0,-3.0,-27.0
1776887507.3221028,-3.0,-2.0,-25.0
1776887507.3321028,-2.0,-5.0,-28.0
1776887507.3421028,-9.0,-6.0,-29.0
1776887507.3521028,-8.0,-6.0,-33.0
1776887507.3621027,-3.0,-5.0,-35.0
1776887507.3721027,-1.0,-2.0,-43.0
1776887507.3821027,-3.0,-1.0,-41.0
1776887507.3921027,-4.0,-3.0,-43.0
1776887507.4021027,-1.0,-4.0,-42.0
1776887507.4121027,1.0,-3.0,-42.0
1776887507.4221027,-2.0,-2.0,-40.0
1776887507.432103,-2.0,-2.0,-37.0
1776887507.442103,-1.0,3.0,-41.0
1776887507.452103,-4.0,2.0,-43.0
1776887507.462103,-2.0,0.0,-45.0
1776887507.4721026,-5.0,-3.0,-43.0
1776887507.4821026,-6.0,-3.0,-36.0
1776887507.4921026,-4.0,-4.0,-33.0
1776887507.5021029,0.0,-2.0,-33.0
1776887507.5121028,-2.0,0.0,-31.0
1776887507.5221028,0.0,1.0,-20.0
1776887507.5321028,0.0,5.0,-23.0
1776887507.5421028,0.0,4.0,-26.0
1776887507.5521028,-4.0,1.0,-30.0
1776887507.5621028,-4.0,-2.0,-32.0
1776887507.5721028,-2.0,-1.0,-34.0
1776887507.5821028,-3.0,-3.0,-32.0
1776887507.5921028,-2.0,-3.0,-36.0
1776887507.6021028,0.0,-2.0,-38.0
1776887507.6121027,-2.0,-2.0,-39.0
1776887507.6221027,0.0,-3.0,-41.0
1776887507.6321027,0.0,0.0,-31.0
1776887507.6421027,0.0,-2.0,-30.0
1776887507.6521027,0.0,-4.0,-34.0
1776887507.6621027,3.0,-3.0,-33.0
1776887507.6721027,4.0,0.0,-28.0
1776887507.682103,0.0,-1.0,-38.0
1776887507.692103,3.0,-1.0,-50.0
1776887507.702103,5.0,0.0,-54.0
1776887507.712103,3.0,-2.0,-48.0
1776887507.7221026,1.0,-4.0,-50.0
1776887507.7321026,-1.0,-8.0,-43.0
1776887507.7421026,2.0,-7.0,-34.0
1776887507.7521029,1.0,-6.0,-30.0
1776887507.7621028,3.0,-8.0,-36.0
1776887507.7721028,1.0,-6.0,-31.0
1776887507.7821028,-5.0,-5.0,-36.0
1776887507.7921028,-6.0,-6.0,-38.0
1776887507.8021028,-8.0,-7.0,-34.0
1776887507.8121028,-4.0,0.0,-35.0
1776887507.8221028,0.0,-3.0,-28.0
1776887507.8321028,1.0,-6.0,-34.0
1776887507.8421028,0.0,-3.0,-36.0
1776887507.8521028,4.0,-2.0,-36.0
1776887507.8621027,3.0,3.0,-40.0
1776887507.8721027,5.0,-1.0,-36.0
1776887507.8821027,3.0,-7.0,-32.0
1776887507.8921027,1.0,-7.0,-35.0
1776887507.9021027,-3.0,-6.0,-34.0
1776887507.9121027,-2.0,-8.0,-29.0
1776887507.9221027,1.0,-5.0,-31.0
1776887507.932103,1.0,-3.0,-33.0
1776887507.9431028,-2.0,0.0,-27.0
1776887507.952103,-3.0,-5.0,-35.0
1776887507.9631028,-4.0,-2.0,-37.0
1776887507.9731028,-3.0,0.0,-43.0
1776887507.9831028,-3.0,-1.0,-39.0
1776887507.9931028,0.0,-6.0,-39.0
1776887508.0031028,0.0,-6.0,-41.0
1776887508.0131028,0.0,-4.0,-36.0
1776887508.0231028,0.0,-8.0,-35.0
1776887508.0331028,2.0,-8.0,-37.0
1776887508.0431027,3.0,-2.0,-38.0
1776887508.0531027,0.0,0.0,-37.0
1776887508.0631027,-3.0,-1.0,-35.0
1776887508.0731027,-1.0,0.0,-35.0
1776887508.0831027,3.0,-1.0,-37.0
1776887508.0931027,0.0,-4.0,-37.0
1776887508.1031027,-3.0,-2.0,-34.0
1776887508.113103,-6.0,1.0,-36.0
1776887508.123103,-4.0,1.0,-38.0
1776887508.133103,-1.0,0.0,-30.0
1776887508.1431026,1.0,-3.0,-32.0
1776887508.1531026,3.0,-3.0,-37.0
1776887508.1631026,3.0,-8.0,-39.0
1776887508.1731029,0.0,-5.0,-36.0
1776887508.1831028,2.0,-4.0,-41.0
1776887508.1931028,5.0,0.0,-45.0
1776887508.2031028,4.0,-2.0,-45.0
1776887508.2131028,4.0,0.0,-37.0
1776887508.2231028,2.0,2.0,-35.0
1776887508.2331028,-3.0,0.0,-42.0
1776887508.2431028,-6.0,-2.0,-39.0
1776887508.2531028,-3.0,-2.0,-41.0
1776887508.2631028,-1.0,2.0,-47.0
1776887508.2731028,-3.0,3.0,-45.0
1776887508.2831028,0.0,4.0,-46.0
1776887508.2931027,0.0,2.0,-42.0
1776887508.3031027,-1.0,2.0,-40.0
1776887508.3131027,-1.0,3.0,-32.0
1776887508.3231027,-5.0,2.0,-33.0
1776887508.3331027,-6.0,0.0,-35.0
1776887508.3431027,-7.0,0.0,-37.0
1776887508.3531027,-1.0,2.0,-34.0
1776887508.363103,-2.0,0.0,-31.0
1776887508.373103,-2.0,-6.0,-28.0
1776887508.383103,0.0,-3.0,-31.0
1776887508.3931026,0.0,-8.0,-30.0
1776887508.4031026,0.0,-7.0,-31.0
1776887508.4131026,0.0,-3.0,-40.0
1776887508.4231029,3.0,1.0,-40.0
1776887508.4331028,2.0,2.0,-33.0
1776887508.4431028,5.0,0.0,-27.0
1776887508.4531028,2.0,0.0,-24.0
1776887508.4631028,2.0,0.0,-24.0
1776887508.4731028,2.0,-2.0,-22.0
1776887508.4831028,0.0,-5.0,-28.0
1776887508.4931028,0.0,-4.0,-33.0
1776887508.5031028,-2.0,-3.0,-35.0
1776887508.5131028,2.0,-1.0,-33.0
1776887508.5231028,1.0,2.0,-38.0
1776887508.5331028,1.0,2.0,-43.0
1776887508.5431027,6.0,-1.0,-44.0
1776887508.5531027,4.0,0.0,-41.0
1776887508.5631027,5.0,-1.0,-41.0
1776887508.5731027,4.0,-1.0,-38.0
1776887508.5831027,3.0,-3.0,-37.0
1776887508.5931027,6.0,-2.0,-34.0
1776887508.6031027,10.0,0.0,-30.0
1776887508.613103,8.0,0.0,-29.0
1776887508.623103,10.0,-6.0,-32.0
1776887508.633103,7.0,-8.0,-36.0
1776887508.6431026,3.0,-7.0,-35.0
1776887508.6531026,0.0,-4.0,-33.0
1776887508.6631026,0.0,-1.0,-34.0
1776887508.6731029,0.0,0.0,-34.0
1776887508.6831028,2.0,-2.0,-37.0
1776887508.6931028,3.0,-3.0,-43.0
1776887508.7031028,4.0,0.0,-41.0
1776887508.7131028,5.0,-8.0,-37.0
1776887508.7231028,0.0,-9.0,-39.0
1776887508.7331028,2.0,-8.0,-42.0
1776887508.7431028,2.0,-10.0,-37.0
1776887508.7531028,6.0,-10.0,-32.0
1776887508.7631028,3.0,-4.0,-36.0
1776887508.7731028,1.0,-1.0,-31.0
1776887508.7831028,1.0,-2.0,-35.0
1776887508.7931027,0.0,-3.0,-39.0
1776887508.8031027,3.0,1.0,-34.0
1776887508.8131027,2.0,1.0,-40.0
1776887508.8231027,0.0,6.0,-40.0
1776887508.8331027,0.0,1.0,-37.0
1776887508.8431027,0.0,0.0,-31.0
1776887508.8531027,-1.0,-2.0,-28.0
1776887508.863103,-1.0,-2.0,-26.0
1776887508.873103,-3.0,-6.0,-27.0
1776887508.883103,-5.0,-3.0,-29.0
1776887508.8931026,-3.0,-1.0,-31.0
1776887508.9031026,-7.0,0.0,-26.0
1776887508.9131026,-7.0,0.0,-27.0
1776887508.9231029,-5.0,-2.0,-31.0
1776887508.9331028,-2.0,-2.0,-32.0
1776887508.9431028,-3.0,-1.0,-32.0
1776887508.9531028,0.0,-3.0,-39.0
1776887508.9631028,0.0,0.0,-45.0
1776887508.9731028,0.0,2.0,-40.0
1776887508.9831028,-1.0,0.0,-40.0
1776887508.9931028,1.0,0.0,-36.0
1776887509.0031028,8.0,0.0,-40.0
1776887509.0131028,7.0,0.0,-37.0
1776887509.0231028,4.0,-1.0,-39.0
1776887509.0331028,4.0,-4.0,-39.0
1776887509.0431027,4.0,-7.0,-36.0
1776887509.0531027,4.0,-7.0,-36.0
1776887509.0631027,2.0,-10.0,-32.0
1776887509.0731027,1.0,-7.0,-33.0
1776887509.0831027,3.0,-5.0,-29.0
1776887509.0931027,1.0,-1.0,-28.0
1776887509.1031027,1.0,0.0,-30.0
1776887509.113103,0.0,1.0,-39.0
1776887509.123103,-1.0,0.0,-35.0
1776887509.133103,-2.0,2.0,-32.0
1776887509.1431026,-4.0,3.0,-30.0
1776887509.1531026,-2.0,0.0,-35.0
1776887509.1631026,1.0,-1.0,-34.0
1776887509.1731029,4.0,-3.0,-40.0
1776887509.1831028,-1.0,-6.0,-36.0
1776887509.1931028,0.0,-5.0,-33.0
1776887509.2031028,-3.0,-5.0,-37.0
1776887509.2131028,-3.0,0.0,-37.0
1776887509.2231028,-5.0,2.0,-34.0
1776887509.2331028,-9.0,4.0,-36.0
1776887509.2431028,-3.0,0.0,-39.0
1776887509.2531028,-2.0,0.0,-36.0
1776887509.2631028,-2.0,1.0,-41.0
1776887509.2731028,-1.0,-2.0,-40.0
1776887509.2831028,0.0,0.0,-32.0
1776887509.2931027,2.0,0.0,-27.0
1776887509.3031027,3.0,0.0,-24.0
1776887509.3131027,3.0,0.0,-25.0
1776887509.3231027,0.0,-2.0,-28.0
1776887509.3331027,-3.0,-1.0,-29.0
1776887509.3431027,-6.0,-1.0,-37.0
1776887509.3531027,-8.0,-4.0,-37.0
1776887509.363103,-4.0,-3.0,-28.0
1776887509.373103,-1.0,-2.0,-24.0
1776887509.383103,2.0,-3.0,-29.0
1776887509.3931026,-1.0,-1.0,-29.0
1776887509.4031026,-3.0,-3.0,-29.0
1776887509.4131026,-5.0,-5.0,-29.0
1776887509.4231029,-1.0,-2.0,-27.0
1776887509.4331028,0.0,-2.0,-30.0
1776887509.4431028,1.0,-1.0,-32.0
1776887509.4531028,0.0,-1.0,-36.0
1776887509.4631028,2.0,-2.0,-40.0
1776887509.4731028,1.0,-2.0,-38.0
1776887509.4831028,-2.0,2.0,-39.0
1776887509.4931028,-1.0,2.0,-35.0
1776887509.5031028,-4.0,3.0,-38.0
1776887509.5131028,-1.0,2.0,-35.0
1776887509.5231028,5.0,3.0,-35.0
1776887509.5331028,1.0,-2.0,-33.0
1776887509.5431027,4.0,-6.0,-34.0
1776887509.5531027,0.0,-2.0,-42.0
1776887509.5631027,2.0,1.0,-42.0
1776887509.5731027,3.0,2.0,-42.0
1776887509.5831027,5.0,2.0,-40.0
1776887509.5931027,5.0,5.0,-44.0
1776887509.6031027,2.0,8.0,-38.0
1776887509.613103,1.0,5.0,-31.0
1776887509.623103,2.0,1.0,-30.0
1776887509.633103,-2.0,0.0,-32.0
1776887509.6431026,0.0,-3.0,-34.0
1776887509.6531026,3.0,-2.0,-35.0
1776887509.6631026,2.0,-4.0,-34.0
1776887509.6731029,3.0,-7.0,-33.0
1776887509.6831028,2.0,-4.0,-37.0
1776887509.6931028,0.0,-1.0,-36.0
1776887509.7031028,0.0,-1.0,-32.0
1776887509.7131028,2.0,-2.0,-34.0
1776887509.7231028,2.0,-1.0,-39.0
1776887509.7331028,5.0,0.0,-35.0
1776887509.7431028,6.0,0.0,-39.0
1776887509.7531028,0.0,2.0,-40.0
1776887509.7631028,-4.0,0.0,-37.0
1776887509.7731028,-2.0,0.0,-34.0
1776887509.7831028,-4.0,-1.0,-34.0
1776887509.7931027,-4.0,-2.0,-35.0
1776887509.8031027,-1.0,0.0,-31.0
1776887509.8131027,-3.0,-2.0,-30.0
1776887509.8231027,-7.0,-2.0,-30.0
1776887509.8331027,-8.0,1.0,-35.0
1776887509.8431027,-1.0,2.0,-39.0
1776887509.8531027,0.0,2.0,-37.0
1776887509.863103,0.0,2.0,-40.0
1776887509.873103,-1.0,3.0,-35.0
1776887509.883103,-6.0,0.0,-35.0
1776887509.8931026,-8.0,2.0,-36.0
1776887509.9031026,-9.0,1.0,-35.0
1776887509.9131026,-7.0,0.0,-31.0
1776887509.9231029,-5.0,0.0,-31.0
1776887509.9331028,-4.0,0.0,-33.0
1776887509.9441028,-5.0,-1.0,-35.0
1776887509.9541028,-1.0,0.0,-39.0
1776887509.9641027,0.0,0.0,-38.0
1776887509.9741027,-4.0,1.0,-30.0
1776887509.9841027,-3.0,-1.0,-32.0
1776887509.9941027,-4.0,0.0,-34.0
1776887510.0041027,-4.0,1.0,-31.0
1776887510.0141027,-4.0,0.0,-34.0
1776887510.0231028,-7.0,0.0,-32.0
1776887510.034103,-4.0,0.0,-31.0
1776887510.044103,-1.0,-1.0,-27.0
1776887510.054103,1.0,-1.0,-31.0
1776887510.0641026,0.0,-5.0,-34.0
1776887510.0731027,2.0,-3.0,-32.0
1776887510.0841026,0.0,0.0,-31.0
1776887510.0941026,0.0,0.0,-29.0
1776887510.1041028,-2.0,-2.0,-29.0
1776887510.1141028,-4.0,1.0,-25.0
1776887510.1241028,-4.0,0.0,-28.0
1776887510.1341028,-6.0,-1.0,-26.0
1776887510.1441028,0.0,-3.0,-32.0
1776887510.1541028,1.0,0.0,-36.0
1776887510.1641028,-1.0,0.0,-42.0
1776887510.1741028,-1.0,-2.0,-40.0
1776887510.1841028,-3.0,-2.0,-38.0
1776887510.1941028,2.0,-2.0,-41.0
1776887510.2041028,6.0,-4.0,-37.0
1776887510.2141027,6.0,-2.0,-44.0
1776887510.2241027,3.0,0.0,-47.0
1776887510.2341027,5.0,-1.0,-47.0
1776887510.2441027,8.0,-3.0,-48.0
1776887510.2541027,2.0,-6.0,-42.0
1776887510.2641027,2.0,-1.0,-38.0
1776887510.2741027,0.0,-3.0,-33.0
1776887510.284103,3.0,-2.0,-32.0
1776887510.294103,1.0,3.0,-36.0
1776887510.304103,4.0,2.0,-40.0
1776887510.3141026,2.0,0.0,-44.0
1776887510.3241026,4.0,1.0,-47.0
1776887510.3341026,3.0,0.0,-47.0
1776887510.3441026,6.0,-3.0,-46.0
1776887510.3541028,1.0,-3.0,-40.0
1776887510.3641028,-3.0,-8.0,-38.0
1776887510.3741028,-8.0,-13.0,-40.0
1776887510.3841028,-4.0,-11.0,-35.0
1776887510.3941028,-6.0,-8.0,-27.0
1776887510.4041028,-10.0,-8.0,-25.0
1776887510.4141028,-9.0,-8.0,-32.0
1776887510.4241028,-5.0,-5.0,-40.0
1776887510.4341028,-7.0,-5.0,-37.0
1776887510.4441028,-5.0,-3.0,-40.0
1776887510.4541028,-3.0,-2.0,-38.0
1776887510.4641027,-5.0,-1.0,-37.0
1776887510.4741027,-1.0,-4.0,-35.0
1776887510.4841027,0.0,-3.0,-31.0
1776887510.4941027,1.0,-2.0,-32.0
1776887510.5041027,-2.0,-5.0,-38.0
1776887510.5141027,-1.0,-8.0,-40.0
1776887510.5241027,-2.0,-9.0,-38.0
1776887510.534103,-5.0,-4.0,-34.0
1776887510.544103,-2.0,1.0,-35.0
1776887510.554103,-4.0,4.0,-36.0
1776887510.5641026,-9.0,3.0,-36.0
1776887510.5741026,-11.0,0.0,-36.0
1776887510.5841026,-5.0,0.0,-38.0
1776887510.5941026,-2.0,3.0,-39.0
1776887510.6041028,0.0,4.0,-38.0
1776887510.6141028,0.0,1.0,-33.0
1776887510.6241028,0.0,0.0,-32.0
1776887510.6341028,4.0,0.0,-34.0
1776887510.6441028,10.0,2.0,-36.0
1776887510.6541028,9.0,-3.0,-37.0
1776887510.6641028,6.0,-2.0,-37.0
1776887510.6741028,3.0,-4.0,-34.0
1776887510.6841028,4.0,0.0,-34.0
1776887510.6941028,3.0,3.0,-32.0
1776887510.7041028,6.0,5.0,-36.0
1776887510.7141027,1.0,3.0,-42.0
1776887510.7241027,1.0,0.0,-42.0
1776887510.7341027,0.0,-3.0,-41.0
1776887510.7441027,-3.0,0.0,-41.0
1776887510.7541027,-5.0,-1.0,-35.0
1776887510.7641027,-8.0,-2.0,-41.0
1776887510.7741027,-10.0,-7.0,-39.0
1776887510.784103,-14.0,-7.0,-36.0
1776887510.794103,-12.0,-1.0,-31.0
1776887510.804103,-6.0,-2.0,-26.0
1776887510.8141026,-3.0,-2.0,-28.0
1776887510.8241026,-7.0,-5.0,-31.0
1776887510.8341026,-5.0,-8.0,-33.0
1776887510.8441026,-9.0,-9.0,-27.0
1776887510.8541028,0.0,-10.0,-17.0
1776887510.8641028,0.0,-4.0,-16.0
1776887510.8741028,-1.0,0.0,-17.0
1776887510.8841028,1.0,0.0,-21.0
1776887510.8941028,1.0,-1.0,-22.0
1776887510.9041028,0.0,-5.0,-26.0
1776887510.9141028,-2.0,-10.0,-28.0
1776887510.9241028,1.0,-8.0,-19.0
1776887510.9341028,0.0,-4.0,-19.0
1776887510.9441028,-1.0,0.0,-20.0
1776887510.9541028,-1.0,0.0,-26.0
1776887510.9641027,1.0,1.0,-30.0
1776887510.9741027,0.0,0.0,-28.0
1776887510.9841027,1.0,0.0,-31.0
1776887510.9941027,0.0,0.0,-32.0
1776887511.0041027,0.0,1.0,-35.0
1776887511.0141027,4.0,0.0,-34.0
1776887511.0241027,2.0,0.0,-32.0
1776887511.034103,-1.0,2.0,-30.0
1776887511.044103,-1.0,3.0,-30.0
1776887511.054103,-3.0,2.0,-25.0
1776887511.0641026,-3.0,5.0,-26.0
1776887511.0741026,-1.0,4.0,-33.0
1776887511.0841026,-2.0,4.0,-37.0
1776887511.0941026,-5.0,2.0,-36.0
1776887511.1041028,-3.0,4.0,-36.0
1776887511.1141028,-4.0,1.0,-32.0
1776887511.1241028,-2.0,1.0,-38.0
1776887511.1341028,3.0,2.0,-40.0
1776887511.1441028,0.0,0.0,-36.0
1776887511.1541028,0.0,-4.0,-39.0
1776887511.1641028,0.0,-2.0,-38.0
1776887511.1741028,-2.0,-3.0,-43.0
1776887511.1841028,-3.0,0.0,-37.0
1776887511.1941028,-1.0,3.0,-33.0
1776887511.2041028,0.0,6.0,-38.0
1776887511.2141027,-2.0,3.0,-42.0
1776887511.2241027,-4.0,0.0,-41.0
1776887511.2341027,-3.0,0.0,-37.0
1776887511.2441027,-2.0,2.0,-33.0
1776887511.2541027,-1.0,0.0,-38.0
1776887511.2641027,0.0,-1.0,-32.0
1776887511.2741027,2.0,-8.0,-36.0
1776887511.284103,0.0,-10.0,-34.0
1776887511.294103,1.0,-8.0,-42.0
1776887511.304103,-1.0,-9.0,-44.0
1776887511.3141026,-4.0,-1.0,-43.0
1776887511.3241026,-4.0,0.0,-32.0
1776887511.3341026,-4.0,0.0,-33.0
1776887511.3441026,-4.0,-1.0,-39.0
1776887511.3541028,-6.0,0.0,-36.0
1776887511.3641028,-7.0,0.0,-40.0
1776887511.3741028,-2.0,-2.0,-43.0
1776887511.3841028,0.0,0.0,-38.0
1776887511.3941028,0.0,-2.0,-32.0
1776887511.4041028,0.0,-3.0,-41.0
1776887511.4141028,0.0,-4.0,-41.0
1776887511.4241028,0.0,-2.0,-40.0
1776887511.4341028,-1.0,1.0,-44.0
1776887511.4441028,-4.0,0.0,-38.0
1776887511.4541028,-1.0,-1.0,-43.0
1776887511.4641027,3.0,0.0,-37.0
1776887511.4741027,10.0,3.0,-40.0
1776887511.4841027,11.0,9.0,-38.0
1776887511.4941027,15.0,8.0,-34.0
1776887511.5041027,14.0,9.0,-36.0
1776887511.5141027,8.0,5.0,-36.0
1776887511.5241027,3.0,6.0,-34.0
1776887511.534103,-3.0,0.0,-31.0
1776887511.544103,-9.0,-1.0,-27.0
1776887511.554103,-13.0,-5.0,-29.0
1776887511.5641026,-12.0,-9.0,-28.0
1776887511.5741026,-6.0,-9.0,-34.0
1776887511.5841026,0.0,-9.0,-33.0
1776887511.5941026,0.0,-8.0,-30.0
1776887511.6041028,3.0,-7.0,-36.0
1776887511.6141028,4.0,-1.0,-35.0
1776887511.6241028,5.0,0.0,-39.0
1776887511.6341028,3.0,3.0,-37.0
1776887511.6441028,4.0,4.0,-43.0
1776887511.6541028,11.0,2.0,-37.0
1776887511.6641028,6.0,2.0,-31.0
1776887511.6741028,1.0,0.0,-33.0
1776887511.6841028,0.0,-3.0,-38.0
1776887511.6941028,-1.0,0.0,-35.0
1776887511.7041028,-4.0,-3.0,-30.0
1776887511.7141027,-3.0,-7.0,-36.0
1776887511.7241027,-2.0,-9.0,-39.0
1776887511.7341027,-5.0,-8.0,-38.0
1776887511.7441027,-3.0,-5.0,-35.0
1776887511.7541027,0.0,-4.0,-34.0
1776887511.7641027,-1.0,0.0,-43.0
1776887511.7741027,1.0,-3.0,-41.0
1776887511.784103,5.0,-6.0,-37.0
1776887511.794103,3.0,-5.0,-40.0
1776887511.804103,-1.0,-5.0,-44.0
1776887511.8141026,-1.0,-6.0,-42.0
1776887511.8241026,0.0,-3.0,-40.0
1776887511.8341026,0.0,-2.0,-42.0
1776887511.8441026,0.0,-3.0,-40.0
1776887511.8541028,-1.0,-4.0,-32.0
1776887511.8641028,2.0,-5.0,-32.0
1776887511.8741028,1.0,-4.0,-30.0
1776887511.8841028,3.0,-4.0,-33.0
1776887511.8941028,3.0,-4.0,-34.0
1776887511.9041028,0.0,1.0,-30.0
1776887511.9141028,0.0,0.0,-35.0
1776887511.9241028,2.0,-2.0,-35.0
1776887511.9341028,1.0,-4.0,-29.0
1776887511.9441028,-1.0,-8.0,-32.0
1776887511.9551027,-2.0,-8.0,-33.0
1776887511.965103,0.0,-8.0,-40.0
1776887511.975103,5.0,-4.0,-41.0
1776887511.985103,7.0,0.0,-33.0
1776887511.9951026,4.0,1.0,-40.0
1776887512.0051026,1.0,1.0,-47.0
1776887512.0151026,0.0,0.0,-45.0
1776887512.0251029,1.0,-2.0,-47.0
1776887512.0351028,3.0,-5.0,-44.0
1776887512.0451028,5.0,-6.0,-40.0
1776887512.0551028,2.0,-4.0,-36.0
1776887512.0651028,0.0,-4.0,-38.0
1776887512.0751028,-4.0,-5.0,-39.0
1776887512.0851028,-6.0,-4.0,-34.0
1776887512.0951028,0.0,1.0,-31.0
1776887512.1051028,1.0,2.0,-26.0
1776887512.1151028,3.0,1.0,-32.0
1776887512.1251028,1.0,-4.0,-34.0
1776887512.1351027,2.0,-2.0,-32.0
1776887512.1451027,0.0,-2.0,-33.0
1776887512.1551027,0.0,-1.0,-36.0
1776887512.1651027,0.0,-1.0,-36.0
1776887512.1751027,-1.0,2.0,-38.0
1776887512.1851027,-4.0,0.0,-34.0
1776887512.1951027,-4.0,-3.0,-36.0
1776887512.2051027,-2.0,-4.0,-34.0
1776887512.215103,0.0,-3.0,-32.0
1776887512.225103,-2.0,-3.0,-38.0
1776887512.235103,0.0,3.0,-44.0
1776887512.2451026,5.0,5.0,-46.0
1776887512.2551026,7.0,5.0,-48.0
1776887512.2651026,8.0,6.0,-40.0
1776887512.2751029,2.0,7.0,-42.0
1776887512.2851028,0.0,6.0,-43.0
1776887512.2951028,6.0,6.0,-36.0
1776887512.3051028,4.0,6.0,-35.0
1776887512.3151028,4.0,4.0,-35.0
1776887512.3251028,6.0,0.0,-38.0
1776887512.3351028,7.0,0.0,-36.0
1776887512.3451028,9.0,-1.0,-32.0
1776887512.3551028,7.0,-4.0,-36.0
1776887512.3651028,8.0,-3.0,-38.0
1776887512.3751028,7.0,0.0,-37.0
1776887512.3851027,3.0,0.0,-45.0
1776887512.3951027,0.0,0.0,-41.0
1776887512.4051027,0.0,-1.0,-35.0
1776887512.4151027,-2.0,-3.0,-34.0
1776887512.4251027,-1.0,-1.0,-36.0
1776887512.4351027,0.0,-1.0,-36.0
1776887512.4451027,2.0,-1.0,-40.0
1776887512.4551027,0.0,2.0,-41.0
1776887512.465103,-4.0,0.0,-34.0
1776887512.475103,-2.0,3.0,-32.0
1776887512.485103,2.0,4.0,-31.0
1776887512.4951026,4.0,6.0,-24.0
1776887512.5051026,0.0,2.0,-32.0
1776887512.5151026,-2.0,1.0,-30.0
1776887512.5251029,-1.0,0.0,-30.0
1776887512.5351028,-2.0,-2.0,-31.0
1776887512.5451028,2.0,-2.0,-38.0
1776887512.5551028,0.0,0.0,-39.0
1776887512.5651028,-3.0,-2.0,-48.0
1776887512.5751028,1.0,-1.0,-45.0
1776887512.5851028,2.0,0.0,-43.0
1776887512.5951028,7.0,3.0,-40.0
1776887512.6051028,3.0,2.0,-44.0
1776887512.6151028,0.0,1.0,-45.0
1776887512.6251028,2.0,2.0,-48.0
1776887512.6351027,2.0,4.0,-43.0
1776887512.6451027,-3.0,3.0,-35.0
1776887512.6551027,-6.0,-1.0,-34.0
1776887512.6651027,-8.0,-2.0,-37.0
1776887512.6751027,-9.0,-1.0,-44.0
1776887512.6851027,-3.0,-3.0,-51.0
1776887512.6951027,-4.0,0.0,-52.0
1776887512.7051027,-5.0,0.0,-42.0
1776887512.715103,-2.0,0.0,-36.0
1776887512.725103,0.0,0.0,-27.0
1776887512.735103,0.0,-2.0,-30.0
1776887512.7451026,0.0,-4.0,-33.0
1776887512.7551026,1.0,-3.0,-35.0
1776887512.7651026,-2.0,-1.0,-28.0
1776887512.7751029,-2.0,2.0,-30.0
1776887512.7851028,-3.0,0.0,-32.0
1776887512.7951028,-1.0,1.0,-30.0
1776887512.8051028,-1.0,1.0,-30.0
1776887512.8151028,-7.0,0.0,-35.0
1776887512.8251028,-7.0,1.0,-35.0
1776887512.8351028,-2.0,0.0,-33.0
1776887512.8451028,1.0,-2.0,-31.0
1776887512.8551028,3.0,0.0,-30.0
1776887512.8651028,1.0,0.0,-28.0
1776887512.8751028,-5.0,1.0,-37.0
1776887512.8851027,-2.0,1.0,-42.0
1776887512.8951027,-1.0,2.0,-41.0
1776887512.9051027,-2.0,3.0,-41.0
1776887512.9151027,-2.0,3.0,-38.0
1776887512.9251027,-2.0,4.0,-34.0
1776887512.9351027,-2.0,0.0,-36.0
1776887512.9451027,-1.0,2.0,-38.0
1776887512.9551027,-3.0,2.0,-39.0
1776887512.965103,-1.0,2.0,-47.0
1776887512.975103,-3.0,0.0,-45.0
1776887512.985103,-7.0,-1.0,-41.0
1776887512.9951026,-6.0,-2.0,-40.0
1776887513.0051026,-5.0,0.0,-38.0
1776887513.0151026,-4.0,-1.0,-38.0
1776887513.0251029,0.0,-3.0,-33.0
1776887513.0351028,-1.0,-5.0,-26.0
1776887513.0451028,-5.0,-4.0,-30.0
1776887513.0551028,-8.0,-4.0,-29.0
1776887513.0651028,-1.0,-5.0,-34.0
1776887513.0751028,4.0,-2.0,-37.0
1776887513.0851028,2.0,0.0,-34.0
1776887513.0951028,0.0,1.0,-33.0
1776887513.1051028,4.0,0.0,-31.0
1776887513.1151028,6.0,0.0,-29.0
1776887513.1251028,4.0,-1.0,-27.0
1776887513.1351027,1.0,-2.0,-25.0
1776887513.1451027,0.0,0.0,-25.0
1776887513.1551027,2.0,-4.0,-24.0
1776887513.1651027,4.0,-4.0,-30.0
1776887513.1751027,1.0,-5.0,-37.0
1776887513.1851027,2.0,-6.0,-31.0
1776887513.1951027,5.0,-6.0,-27.0
1776887513.2051027,7.0,-4.0,-21.0
1776887513.215103,6.0,-5.0,-19.0
1776887513.225103,2.0,-6.0,-21.0
1776887513.235103,5.0,-7.0,-26.0
1776887513.2451026,0.0,-6.0,-31.0
1776887513.2551026,3.0,-6.0,-29.0
1776887513.2651026,10.0,-1.0,-31.0
1776887513.2751029,8.0,-2.0,-31.0
1776887513.2851028,8.0,-1.0,-30.0
1776887513.2951028,4.0,0.0,-34.0
1776887513.3051028,1.0,0.0,-35.0
1776887513.3151028,3.0,0.0,-36.0
1776887513.3251028,5.0,-1.0,-38.0
1776887513.3351028,3.0,-1.0,-38.0
1776887513.3451028,-1.0,0.0,-34.0
1776887513.3551028,2.0,0.0,-38.0
1776887513.3651028,3.0,-1.0,-38.0
1776887513.3751028,0.0,-5.0,-47.0
1776887513.3851027,4.0,-6.0,-46.0
1776887513.3951027,2.0,-9.0,-44.0
1776887513.4051027,1.0,-9.0,-43.0
1776887513.4151027,0.0,-9.0,-38.0
1776887513.4251027,0.0,-6.0,-40.0
1776887513.4351027,-3.0,-1.0,-40.0
1776887513.4451027,0.0,-4.0,-40.0
1776887513.4551027,3.0,-5.0,-36.0
1776887513.465103,0.0,-6.0,-34.0
1776887513.475103,-6.0,-5.0,-25.0
1776887513.485103,-1.0,-2.0,-30.0
1776887513.4951026,-1.0,-6.0,-34.0
1776887513.5051026,-3.0,-3.0,-31.0
1776887513.5151026,-3.0,-1.0,-30.0
1776887513.5251029,-4.0,-7.0,-32.0
1776887513.5351028,-5.0,-6.0,-38.0
1776887513.5451028,-1.0,-4.0,-36.0
1776887513.5551028,3.0,-4.0,-38.0
1776887513.5651028,3.0,-4.0,-38.0
1776887513.5751028,3.0,-2.0,-34.0
1776887513.5851028,3.0,-2.0,-37.0
1776887513.5951028,4.0,0.0,-41.0
1776887513.6051028,6.0,-1.0,-34.0
1776887513.6151028,3.0,0.0,-35.0
1776887513.6251028,1.0,2.0,-41.0
1776887513.6351027,2.0,2.0,-43.0
1776887513.6451027,3.0,8.0,-41.0
1776887513.6551027,5.0,10.0,-37.0
1776887513.6651027,9.0,8.0,-36.0
1776887513.6751027,8.0,6.0,-40.0
1776887513.6851027,5.0,8.0,-39.0
1776887513.6951027,1.0,7.0,-34.0
1776887513.7051027,4.0,8.0,-31.0
1776887513.715103,2.0,6.0,-34.0
1776887513.725103,-2.0,3.0,-35.0
1776887513.735103,-6.0,1.0,-33.0
1776887513.7451026,-5.0,0.0,-39.0
1776887513.7551026,-1.0,-3.0,-36.0
1776887513.7651026,0.0,-4.0,-29.0
1776887513.7751029,-3.0,-2.0,-31.0
1776887513.7851028,-2.0,-2.0,-38.0
1776887513.7951028,-3.0,-2.0,-33.0
1776887513.8051028,-6.0,-2.0,-30.0
1776887513.8151028,-6.0,3.0,-34.0
1776887513.8251028,-4.0,1.0,-34.0
1776887513.8351028,-7.0,-1.0,-39.0
1776887513.8451028,-3.0,-1.0,-38.0
1776887513.8551028,-3.0,-1.0,-37.0
1776887513.8651028,-5.0,-3.0,-39.0
1776887513.8751028,-1.0,-1.0,-36.0
1776887513.8851027,-1.0,2.0,-37.0
1776887513.8951027,0.0,0.0,-40.0
1776887513.9051027,1.0,6.0,-41.0
1776887513.9151027,1.0,4.0,-35.0
1776887513.9251027,4.0,0.0,-34.0
1776887513.9351027,4.0,-1.0,-29.0
1776887513.9451027,5.0,-1.0,-30.0
1776887513.9561028,0.0,-3.0,-33.0
1776887513.9661028,-4.0,-4.0,-41.0
1776887513.9761028,-2.0,-2.0,-42.0
1776887513.9861028,2.0,-2.0,-35.0
1776887513.9961028,1.0,2.0,-37.0
1776887514.0051026,5.0,0.0,-32.0
1776887514.0161028,2.0,0.0,-32.0
1776887514.0261028,2.0,-3.0,-29.0
1776887514.0361028,3.0,-5.0,-34.0
1776887514.0461028,3.0,-4.0,-35.0
1776887514.0561028,0.0,-5.0,-38.0
1776887514.0661027,3.0,-4.0,-41.0
1776887514.0761027,4.0,-3.0,-42.0
1776887514.0861027,4.0,-4.0,-37.0
1776887514.0961027,0.0,0.0,-32.0
1776887514.1061027,-2.0,2.0,-36.0
1776887514.1161027,-3.0,0.0,-36.0
1776887514.1261027,-4.0,-3.0,-39.0
1776887514.136103,-4.0,-1.0,-52.0
1776887514.146103,-3.0,-3.0,-50.0
1776887514.156103,-3.0,-3.0,-49.0
1776887514.1661026,-3.0,0.0,-49.0
1776887514.1761026,-2.0,1.0,-39.0
1776887514.1861026,3.0,-4.0,-36.0
1776887514.1961029,1.0,-4.0,-33.0
1776887514.2061028,1.0,-3.0,-40.0
1776887514.2161028,0.0,-7.0,-40.0
1776887514.2261028,4.0,-7.0,-41.0
1776887514.2361028,2.0,-1.0,-44.0
1776887514.2461028,0.0,0.0,-37.0
1776887514.2561028,0.0,1.0,-31.0
1776887514.2661028,-4.0,-2.0,-31.0
1776887514.2761028,-5.0,-2.0,-39.0
1776887514.2861028,-5.0,-5.0,-42.0
1776887514.2961028,-8.0,0.0,-42.0
1776887514.3061028,-3.0,-1.0,-39.0
1776887514.3161027,-1.0,-1.0,-38.0
1776887514.3261027,1.0,0.0,-33.0
1776887514.3361027,4.0,-4.0,-33.0
1776887514.3461027,0.0,-2.0,-38.0
1776887514.3561027,0.0,-4.0,-34.0
1776887514.3661027,2.0,-2.0,-31.0
1776887514.3761027,2.0,-5.0,-31.0
1776887514.386103,-1.0,-6.0,-31.0
1776887514.396103,2.0,-5.0,-29.0
1776887514.406103,5.0,-5.0,-28.0
1776887514.4161026,1.0,-2.0,-29.0
1776887514.4261026,0.0,0.0,-28.0
1776887514.4361026,-1.0,-3.0,-20.0
1776887514.4461029,-4.0,-1.0,-17.0
1776887514.4561028,-3.0,1.0,-27.0
1776887514.4661028,0.0,0.0,-35.0
1776887514.4761028,2.0,1.0,-33.0
1776887514.4861028,1.0,7.0,-28.0
1776887514.4961028,0.0,4.0,-29.0
1776887514.5061028,0.0,5.0,-30.0
1776887514.5161028,2.0,4.0,-30.0
1776887514.5261028,0.0,3.0,-30.0
1776887514.5361028,-2.0,-2.0,-30.0
1776887514.5461028,-8.0,-2.0,-28.0
1776887514.5561028,-6.0,-1.0,-30.0
1776887514.5661027,0.0,-1.0,-33.0
1776887514.5761027,2.0,0.0,-36.0
1776887514.5861027,0.0,-4.0,-36.0
1776887514.5961027,2.0,-3.0,-35.0
1776887514.6061027,1.0,0.0,-34.0
1776887514.6161027,0.0,4.0,-29.0
1776887514.6261027,4.0,8.0,-33.0
1776887514.636103,7.0,4.0,-31.0
1776887514.646103,7.0,0.0,-32.0
1776887514.656103,8.0,1.0,-30.0
1776887514.6661026,4.0,0.0,-32.0
1776887514.6761026,0.0,-4.0,-32.0
1776887514.6861026,-2.0,-3.0,-29.0
1776887514.6961029,-3.0,-5.0,-31.0
1776887514.7061028,0.0,0.0,-34.0
1776887514.7161028,3.0,-2.0,-38.0
1776887514.7261028,3.0,-5.0,-34.0
1776887514.7361028,1.0,-3.0,-38.0
1776887514.7461028,0.0,-1.0,-35.0
1776887514.7561028,2.0,1.0,-40.0
1776887514.7661028,7.0,-2.0,-47.0
1776887514.7761028,3.0,-3.0,-42.0
1776887514.7861028,6.0,-3.0,-39.0
1776887514.7961028,2.0,-2.0,-43.0
1776887514.8061028,0.0,-1.0,-43.0
1776887514.8161027,0.0,-3.0,-43.0
1776887514.8261027,-5.0,0.0,-38.0
1776887514.8361027,-1.0,0.0,-35.0
1776887514.8461027,0.0,-3.0,-35.0
1776887514.8561027,-3.0,-4.0,-42.0
1776887514.8661027,-6.0,-6.0,-44.0
1776887514.8761027,-3.0,-4.0,-34.0
1776887514.886103,-4.0,-3.0,-27.0
1776887514.896103,-6.0,-1.0,-29.0
1776887514.906103,-8.0,-2.0,-33.0
1776887514.9161026,-5.0,-5.0,-33.0
1776887514.9261026,-6.0,-6.0,-41.0
1776887514.9361026,-4.0,-9.0,-34.0
1776887514.9461029,-3.0,-8.0,-31.0
1776887514.9561028,-1.0,-10.0,-36.0
1776887514.9661028,-7.0,-9.0,-41.0
1776887514.9761028,-7.0,-5.0,-50.0
1776887514.9861028,-2.0,-2.0,-46.0
1776887514.9961028,0.0,0.0,-40.0
1776887515.0061028,3.0,0.0,-37.0
1776887515.0161028,5.0,2.0,-35.0
1776887515.0261028,5.0,0.0,-34.0
1776887515.0361028,9.0,-3.0,-30.0
1776887515.0461028,3.0,-3.0,-29.0
1776887515.0561028,-1.0,-3.0,-26.0
1776887515.0661027,-3.0,-2.0,-29.0
1776887515.0761027,-3.0,-3.0,-33.0
1776887515.0861027,-2.0,1.0,-29.0
1776887515.0961027,-1.0,-2.0,-30.0
1776887515.1061027,4.0,-3.0,-36.0
1776887515.1161027,5.0,-9.0,-36.0
1776887515.1261027,8.0,-10.0,-35.0
1776887515.136103,2.0,-9.0,-35.0
1776887515.146103,0.0,-7.0,-39.0
1776887515.156103,-1.0,-4.0,-37.0
1776887515.1661026,-3.0,-4.0,-37.0
1776887515.1761026,-7.0,-8.0,-36.0
1776887515.1861026,-3.0,-6.0,-33.0
1776887515.1961029,0.0,-3.0,-31.0
1776887515.2061028,-2.0,-3.0,-27.0
1776887515.2161028,0.0,-1.0,-24.0
1776887515.2261028,-2.0,-1.0,-30.0
1776887515.2361028,0.0,0.0,-33.0
1776887515.2461028,-1.0,1.0,-30.0
1776887515.2561028,-3.0,0.0,-28.0
1776887515.2661028,-3.0,-1.0,-31.0
1776887515.2761028,0.0,1.0,-36.0
1776887515.2861028,11.0,0.0,-34.0
1776887515.2961028,10.0,-2.0,-29.0
1776887515.3061028,8.0,-3.0,-35.0
1776887515.3161027,2.0,-6.0,-33.0
1776887515.3261027,4.0,-3.0,-40.0
1776887515.3361027,6.0,-4.0,-41.0
1776887515.3461027,4.0,-1.0,-38.0
1776887515.3561027,3.0,-4.0,-35.0
1776887515.3661027,2.0,-1.0,-39.0
1776887515.3761027,1.0,-3.0,-43.0
1776887515.386103,0.0,-2.0,-41.0
1776887515.396103,1.0,-5.0,-36.0
1776887515.406103,1.0,-6.0,-34.0
1776887515.4161026,2.0,-4.0,-37.0
1776887515.4261026,0.0,-2.0,-38.0
1776887515.4361026,2.0,0.0,-37.0
1776887515.4461029,-1.0,0.0,-39.0
1776887515.4561028,0.0,1.0,-46.0
1776887515.4661028,0.0,0.0,-44.0
1776887515.4761028,0.0,-1.0,-44.0
1776887515.4861028,0.0,-1.0,-42.0
1776887515.4961028,0.0,0.0,-42.0
1776887515.5061028,1.0,0.0,-41.0
1776887515.5161028,0.0,-1.0,-38.0
1776887515.5261028,2.0,0.0,-45.0
1776887515.5361028,-2.0,0.0,-42.0
1776887515.5461028,-3.0,0.0,-38.0
1776887515.5561028,-5.0,-4.0,-32.0
1776887515.5661027,0.0,-5.0,-37.0
1776887515.5761027,-1.0,-7.0,-36.0
1776887515.5861027,-2.0,-7.0,-33.0
1776887515.5961027,0.0,-5.0,-33.0
1776887515.6061027,0.0,-3.0,-35.0
1776887515.6161027,1.0,-2.0,-36.0
1776887515.6261027,5.0,0.0,-46.0
1776887515.636103,4.0,2.0,-48.0
1776887515.646103,6.0,4.0,-53.0
1776887515.656103,5.0,2.0,-53.0
1776887515.6661026,7.0,-2.0,-47.0
1776887515.6761026,5.0,-4.0,-42.0
1776887515.6861026,3.0,-6.0,-42.0
1776887515.6961029,2.0,-6.0,-45.0
1776887515.7061028,3.0,-2.0,-44.0
1776887515.7161028,0.0,3.0,-40.0
1776887515.7261028,0.0,2.0,-41.0
1776887515.7361028,-2.0,0.0,-48.0
1776887515.7461028,-2.0,5.0,-48.0
1776887515.7561028,2.0,4.0,-50.0
1776887515.7661028,3.0,5.0,-49.0
1776887515.7761028,6.0,3.0,-46.0
1776887515.7861028,6.0,2.0,-41.0
1776887515.7961028,5.0,1.0,-46.0
1776887515.8061028,0.0,1.0,-49.0
1776887515.8161027,4.0,4.0,-41.0
1776887515.8261027,9.0,0.0,-41.0
1776887515.8361027,3.0,0.0,-42.0
1776887515.8461027,2.0,4.0,-45.0
1776887515.8561027,0.0,2.0,-43.0
1776887515.8661027,-1.0,0.0,-38.0
1776887515.8761027,1.0,-2.0,-35.0
1776887515.886103,6.0,-1.0,-35.0
1776887515.896103,-1.0,-1.0,-32.0
1776887515.906103,0.0,-3.0,-29.0
1776887515.9161026,0.0,-3.0,-33.0
1776887515.9261026,-3.0,-2.0,-32.0
1776887515.9361026,-4.0,-2.0,-30.0
1776887515.9471028,0.0,0.0,-30.0
1776887515.9571028,2.0,1.0,-30.0
1776887515.9661028,3.0,0.0,-21.0
1776887515.9771028,1.0,1.0,-22.0
1776887515.9871027,0.0,1.0,-30.0
1776887515.9971027,1.0,0.0,-32.0
1776887516.0071027,7.0,0.0,-32.0
1776887516.0171027,6.0,4.0,-31.0
1776887516.0271027,2.0,1.0,-27.0
1776887516.0371027,3.0,-2.0,-32.0
1776887516.0471027,2.0,-3.0,-34.0
1776887516.057103,0.0,-2.0,-41.0
1776887516.067103,1.0,-2.0,-41.0
1776887516.077103,2.0,-1.0,-38.0
1776887516.087103,4.0,2.0,-31.0
1776887516.0971026,4.0,3.0,-38.0
1776887516.1071026,0.0,0.0,-41.0
1776887516.1171026,0.0,-5.0,-36.0
1776887516.1271029,0.0,-7.0,-33.0
1776887516.1371028,2.0,-5.0,-37.0
1776887516.1471028,0.0,-5.0,-34.0
1776887516.1571028,0.0,-5.0,-34.0
1776887516.1671028,1.0,-6.0,-32.0
1776887516.1771028,1.0,-4.0,-31.0
1776887516.1871028,0.0,-7.0,-33.0
1776887516.1971028,0.0,-6.0,-39.0
1776887516.2071028,2.0,-8.0,-40.0
1776887516.2171028,2.0,-7.0,-38.0
1776887516.2271028,3.0,-6.0,-38.0
1776887516.2371027,4.0,-6.0,-42.0
1776887516.2471027,5.0,-4.0,-45.0
1776887516.2571027,2.0,-3.0,-39.0
1776887516.2671027,0.0,-8.0,-35.0
1776887516.2771027,2.0,-6.0,-33.0
1776887516.2871027,3.0,-5.0,-38.0
1776887516.2971027,0.0,-7.0,-41.0
1776887516.307103,0.0,-4.0,-34.0
1776887516.317103,0.0,-5.0,-35.0
1776887516.327103,0.0,-4.0,-32.0
1776887516.337103,2.0,-6.0,-33.0
1776887516.3471026,0.0,-5.0,-33.0
1776887516.3571026,0.0,-9.0,-32.0
1776887516.3671026,0.0,-10.0,-34.0
1776887516.3771029,2.0,-13.0,-33.0
1776887516.3871028,4.0,-13.0,-33.0
1776887516.3971028,2.0,-9.0,-33.0
1776887516.4071028,2.0,-6.0,-34.0
1776887516.4171028,0.0,-4.0,-32.0
1776887516.4271028,1.0,-2.0,-39.0
1776887516.4371028,2.0,-1.0,-43.0
1776887516.4471028,0.0,-1.0,-42.0
1776887516.4571028,1.0,-5.0,-45.0
1776887516.4671028,0.0,-9.0,-49.0
1776887516.4771028,0.0,-7.0,-42.0
1776887516.4871027,-1.0,-8.0,-34.0
1776887516.4971027,-1.0,-5.0,-18.0
1776887516.5071027,-1.0,-7.0,-17.0
1776887516.5171027,1.0,-10.0,-29.0
1776887516.5271027,-1.0,-8.0,-33.0
1776887516.5371027,0.0,-8.0,-33.0
1776887516.5471027,0.0,-6.0,-35.0
1776887516.557103,0.0,-3.0,-39.0
1776887516.567103,1.0,-6.0,-40.0
1776887516.577103,3.0,-5.0,-39.0
1776887516.587103,6.0,-3.0,-42.0
1776887516.5971026,6.0,-4.0,-49.0
1776887516.6071026,3.0,-1.0,-47.0
1776887516.6171026,0.0,-1.0,-42.0
1776887516.6271029,0.0,2.0,-38.0
1776887516.6371028,-2.0,-3.0,-33.0
1776887516.6471028,-5.0,-7.0,-32.0
1776887516.6571028,-4.0,-7.0,-33.0
1776887516.6671028,-4.0,-6.0,-34.0
1776887516.6771028,-4.0,-6.0,-32.0
1776887516.6871028,-10.0,-4.0,-33.0
1776887516.6971028,-10.0,-3.0,-31.0
1776887516.7071028,-11.0,-3.0,-28.0
1776887516.7171028,-6.0,-3.0,-27.0
1776887516.7271028,0.0,-2.0,-28.0
1776887516.7371027,-1.0,0.0,-33.0
1776887516.7471027,0.0,5.0,-34.0
1776887516.7571027,0.0,6.0,-34.0
1776887516.7671027,3.0,3.0,-39.0
1776887516.7771027,1.0,2.0,-37.0
1776887516.7871027,3.0,-1.0,-35.0
1776887516.7971027,1.0,0.0,-31.0
1776887516.807103,0.0,0.0,-35.0
1776887516.817103,1.0,4.0,-38.0
1776887516.827103,1.0,5.0,-47.0
1776887516.837103,4.0,4.0,-50.0
1776887516.8471026,1.0,3.0,-55.0
1776887516.8571026,0.0,-1.0,-48.0
1776887516.8671026,0.0,-4.0,-45.0
1776887516.8771029,5.0,-4.0,-43.0
1776887516.8871028,9.0,-5.0,-42.0
1776887516.8971028,5.0,-4.0,-37.0
1776887516.9071028,0.0,-3.0,-33.0
1776887516.9171028,1.0,-2.0,-31.0
1776887516.9271028,1.0,-4.0,-30.0
1776887516.9371028,0.0,-4.0,-26.0
1776887516.9471028,-2.0,-6.0,-31.0
1776887516.9571028,0.0,-8.0,-29.0
1776887516.9671028,1.0,-7.0,-31.0
1776887516.9771028,-1.0,-7.0,-27.0
1776887516.9871027,0.0,-7.0,-23.0
1776887516.9971027,0.0,-5.0,-26.0
1776887517.0071027,-2.0,-3.0,-37.0
1776887517.0171027,-2.0,-2.0,-38.0
1776887517.0271027,-2.0,0.0,-35.0
1776887517.0371027,-3.0,0.0,-38.0
1776887517.0471027,-1.0,-1.0,-46.0
1776887517.057103,-1.0,1.0,-47.0
1776887517.067103,2.0,0.0,-45.0
1776887517.077103,1.0,0.0,-39.0
1776887517.087103,1.0,1.0,-39.0
1776887517.0971026,1.0,-1.0,-38.0
1776887517.1071026,-2.0,1.0,-35.0
1776887517.1171026,-2.0,1.0,-39.0
1776887517.1271029,-4.0,1.0,-38.0
1776887517.1371028,2.0,2.0,-35.0
1776887517.1471028,2.0,2.0,-37.0
1776887517.1571028,4.0,0.0,-43.0
1776887517.1671028,5.0,2.0,-40.0
1776887517.1771028,4.0,2.0,-34.0
1776887517.1871028,5.0,0.0,-40.0
1776887517.1971028,6.0,0.0,-45.0
1776887517.2071028,6.0,0.0,-45.0
1776887517.2171028,3.0,-2.0,-48.0
1776887517.2271028,0.0,-5.0,-48.0
1776887517.2371027,-2.0,-6.0,-47.0
1776887517.2471027,-2.0,-8.0,-45.0
1776887517.2571027,0.0,-8.0,-49.0
1776887517.2671027,0.0,-7.0,-53.0
1776887517.2771027,3.0,-8.0,-55.0
1776887517.2871027,2.0,-5.0,-49.0
1776887517.2971027,6.0,0.0,-46.0
1776887517.307103,4.0,0.0,-45.0
1776887517.317103,0.0,0.0,-49.0
1776887517.327103,2.0,0.0,-44.0
1776887517.337103,-3.0,0.0,-47.0
1776887517.3471026,-6.0,6.0,-45.0
1776887517.3571026,-6.0,6.0,-45.0
1776887517.3671026,-5.0,8.0,-47.0
1776887517.3771029,-3.0,6.0,-47.0
1776887517.3871028,-2.0,5.0,-48.0
1776887517.3971028,0.0,4.0,-45.0
1776887517.4071028,-3.0,3.0,-39.0
1776887517.4171028,-10.0,4.0,-36.0
1776887517.4271028,-8.0,2.0,-33.0
1776887517.4371028,-8.0,2.0,-32.0
1776887517.4471028,-8.0,0.0,-27.0
1776887517.4571028,-8.0,0.0,-24.0
1776887517.4671028,-9.0,1.0,-18.0
1776887517.4771028,-9.0,2.0,-23.0
1776887517.4871027,-7.0,-2.0,-33.0
1776887517.4971027,-1.0,-2.0,-34.0
1776887517.5071027,0.0,-6.0,-33.0
1776887517.5171027,3.0,-5.0,-35.0
1776887517.5271027,7.0,-1.0,-33.0
1776887517.5371027,6.0,-4.0,-31.0
1776887517.5471027,0.0,-5.0,-29.0
1776887517.557103,-2.0,-4.0,-28.0
1776887517.567103,-2.0,0.0,-30.0
1776887517.577103,0.0,0.0,-32.0
1776887517.587103,-1.0,2.0,-29.0
1776887517.5971026,0.0,-1.0,-33.0
1776887517.6071026,-4.0,-3.0,-36.0
1776887517.6171026,-4.0,-5.0,-34.0
1776887517.6271029,-5.0,-2.0,-38.0
1776887517.6371028,-1.0,-1.0,-40.0
1776887517.6471028,0.0,0.0,-38.0
1776887517.6571028,1.0,0.0,-32.0
1776887517.6671028,4.0,-2.0,-31.0
1776887517.6771028,5.0,0.0,-36.0
1776887517.6871028,10.0,-2.0,-43.0
1776887517.6971028,9.0,0.0,-45.0
1776887517.7071028,3.0,1.0,-40.0
1776887517.7171028,0.0,0.0,-37.0
1776887517.7271028,0.0,0.0,-36.0
1776887517.7371027,1.0,-1.0,-36.0
1776887517.7471027,4.0,0.0,-34.0
1776887517.7571027,1.0,1.0,-34.0
1776887517.7671027,3.0,0.0,-31.0
1776887517.7771027,4.0,0.0,-34.0
1776887517.7871027,4.0,0.0,-38.0
1776887517.7971027,3.0,-3.0,-42.0
1776887517.807103,3.0,0.0,-40.0
1776887517.817103,2.0,-2.0,-46.0
1776887517.827103,5.0,-1.0,-43.0
1776887517.837103,3.0,-1.0,-44.0
1776887517.8471026,3.0,0.0,-47.0
1776887517.8571026,0.0,-1.0,-41.0
1776887517.8671026,4.0,1.0,-44.0
1776887517.8771029,2.0,3.0,-46.0
1776887517.8871028,0.0,0.0,-55.0
1776887517.8971028,0.0,3.0,-50.0
1776887517.9071028,0.0,4.0,-51.0
1776887517.9171028,2.0,2.0,-50.0
1776887517.9271028,0.0,0.0,-51.0
1776887517.9371028,4.0,-3.0,-49.0
1776887517.9471028,8.0,-2.0,-40.0
1776887517.9581027,9.0,-6.0,-33.0
1776887517.9681027,7.0,-5.0,-39.0
1776887517.9781027,3.0,-2.0,-35.0
1776887517.988103,1.0,-2.0,-30.0
1776887517.998103,3.0,-3.0,-32.0
1776887518.008103,0.0,-4.0,-35.0
1776887518.0181026,0.0,-1.0,-30.0
1776887518.0281026,-2.0,-2.0,-35.0
1776887518.0381026,-1.0,-5.0,-38.0
1776887518.0481029,6.0,-9.0,-38.0
1776887518.0581028,7.0,-6.0,-40.0
1776887518.0681028,6.0,-4.0,-37.0
1776887518.0781028,7.0,-4.0,-37.0
1776887518.0881028,0.0,-2.0,-44.0
1776887518.0981028,3.0,0.0,-38.0
1776887518.1081028,0.0,-1.0,-39.0
1776887518.1181028,1.0,0.0,-35.0
1776887518.1281028,3.0,0.0,-36.0
1776887518.1381028,3.0,-1.0,-38.0
1776887518.1481028,0.0,-6.0,-45.0
1776887518.1581028,0.0,-6.0,-41.0
1776887518.1681027,2.0,-1.0,-41.0
1776887518.1781027,0.0,0.0,-45.0
1776887518.1881027,5.0,0.0,-48.0
1776887518.1981027,2.0,1.0,-48.0
1776887518.2081027,0.0,3.0,-38.0
1776887518.2181027,1.0,2.0,-37.0
1776887518.2281027,-1.0,1.0,-39.0
1776887518.238103,-2.0,0.0,-39.0
1776887518.248103,2.0,-1.0,-35.0
1776887518.258103,2.0,-2.0,-31.0
1776887518.2681026,3.0,1.0,-31.0
1776887518.2781026,6.0,1.0,-30.0
1776887518.2881026,10.0,4.0,-32.0
1776887518.2981029,7.0,5.0,-31.0
1776887518.3081028,8.0,4.0,-36.0
1776887518.3181028,13.0,2.0,-45.0
1776887518.3281028,13.0,0.0,-47.0
1776887518.3381028,10.0,-3.0,-42.0
1776887518.3481028,8.0,-10.0,-39.0
1776887518.3581028,3.0,-8.0,-35.0
1776887518.3681028,7.0,-8.0,-37.0
1776887518.3781028,7.0,-6.0,-36.0
1776887518.3881028,5.0,-3.0,-43.0
1776887518.3981028,0.0,-3.0,-49.0
1776887518.4081028,1.0,-4.0,-41.0
1776887518.4181027,1.0,-4.0,-40.0
1776887518.4281027,3.0,-2.0,-39.0
1776887518.4381027,5.0,0.0,-43.0
1776887518.4481027,5.0,0.0,-42.0
1776887518.4581027,5.0,-2.0,-38.0
1776887518.4681027,4.0,0.0,-38.0
1776887518.4781027,1.0,-2.0,-35.0
1776887518.488103,4.0,0.0,-40.0
1776887518.498103,4.0,3.0,-40.0
1776887518.508103,5.0,0.0,-40.0
1776887518.5181026,0.0,1.0,-47.0
1776887518.5281026,0.0,0.0,-50.0
1776887518.5381026,1.0,-2.0,-44.0
1776887518.5481029,3.0,-4.0,-38.0
1776887518.5581028,1.0,-3.0,-35.0
1776887518.5681028,0.0,-4.0,-31.0
1776887518.5781028,-7.0,-7.0,-31.0
1776887518.5881028,-10.0,-7.0,-31.0
1776887518.5981028,-6.0,-6.0,-28.0
1776887518.6081028,0.0,-4.0,-35.0
1776887518.6181028,-1.0,-6.0,-41.0
1776887518.6281028,0.0,-5.0,-43.0
1776887518.6381028,3.0,-4.0,-39.0
1776887518.6481028,1.0,-3.0,-26.0
1776887518.6581028,2.0,-4.0,-19.0
1776887518.6681027,0.0,-1.0,-27.0
1776887518.6781027,-2.0,0.0,-31.0
1776887518.6881027,-3.0,-1.0,-33.0
1776887518.6981027,0.0,-2.0,-44.0
1776887518.7081027,-1.0,0.0,-47.0
1776887518.7181027,-1.0,1.0,-47.0
1776887518.7281027,0.0,-1.0,-43.0
1776887518.738103,0.0,-2.0,-35.0
1776887518.748103,-4.0,-3.0,-36.0
1776887518.758103,-2.0,-2.0,-36.0
1776887518.7681026,-1.0,-5.0,-38.0
1776887518.7781026,-2.0,-7.0,-39.0
1776887518.7881026,0.0,-6.0,-41.0
1776887518.7981029,-2.0,-6.0,-47.0
1776887518.8081028,-1.0,-3.0,-48.0
1776887518.8181028,2.0,-2.0,-44.0
1776887518.8281028,2.0,-2.0,-45.0
1776887518.8381028,5.0,-1.0,-37.0
1776887518.8481028,8.0,-3.0,-40.0
1776887518.8581028,13.0,-1.0,-42.0
1776887518.8681028,9.0,-2.0,-37.0
1776887518.8781028,7.0,-6.0,-36.0
1776887518.8881028,1.0,-5.0,-38.0
1776887518.8981028,-3.0,-5.0,-37.0
1776887518.9081028,0.0,-8.0,-40.0
1776887518.9181027,-4.0,-9.0,-39.0
1776887518.9281027,-2.0,-7.0,-42.0
1776887518.9381027,1.0,-6.0,-49.0
1776887518.9481027,-1.0,-3.0,-45.0
1776887518.9581027,-5.0,-4.0,-39.0
1776887518.9681027,-4.0,-4.0,-26.0
1776887518.9781027,-7.0,-4.0,-26.0
1776887518.988103,-7.0,-5.0,-34.0
1776887518.998103,-1.0,-10.0,-38.0
1776887519.008103,2.0,-10.0,-40.0
1776887519.0181026,3.0,-10.0,-40.0
1776887519.0281026,4.0,-10.0,-36.0
1776887519.0381026,6.0,-6.0,-38.0
1776887519.0481029,6.0,-3.0,-44.0
1776887519.0581028,1.0,-4.0,-47.0
1776887519.0681028,-1.0,0.0,-43.0
1776887519.0781028,0.0,0.0,-40.0
1776887519.0881028,3.0,0.0,-31.0
1776887519.0981028,7.0,0.0,-28.0
1776887519.1081028,3.0,-1.0,-33.0
1776887519.1181028,0.0,-6.0,-34.0
1776887519.1281028,0.0,-16.0,-32.0
1776887519.1381028,0.0,-11.0,-34.0
1776887519.1481028,3.0,-9.0,-39.0
1776887519.1581028,5.0,-11.0,-42.0
1776887519.1681027,4.0,-8.0,-46.0
1776887519.1781027,3.0,-7.0,-43.0
1776887519.1881027,3.0,-6.0,-43.0
1776887519.1981027,5.0,-2.0,-40.0
1776887519.2081027,5.0,-5.0,-38.0
1776887519.2181027,6.0,-7.0,-32.0
1776887519.2281027,0.0,-2.0,-35.0
1776887519.238103,-3.0,-3.0,-41.0
1776887519.248103,0.0,-5.0,-44.0
1776887519.258103,-2.0,-2.0,-43.0
1776887519.2681026,-3.0,-3.0,-45.0
1776887519.2781026,-1.0,-5.0,-39.0
1776887519.2881026,0.0,-2.0,-34.0
1776887519.2981029,1.0,6.0,-36.0
1776887519.3081028,0.0,5.0,-32.0
1776887519.3181028,0.0,3.0,-31.0
1776887519.3281028,-1.0,1.0,-35.0
1776887519.3381028,-1.0,1.0,-41.0
1776887519.3481028,-3.0,0.0,-39.0
1776887519.3581028,0.0,0.0,-34.0
1776887519.3681028,-1.0,-1.0,-35.0
1776887519.3781028,1.0,-3.0,-39.0
1776887519.3881028,6.0,-3.0,-44.0
1776887519.3981028,1.0,-1.0,-49.0
1776887519.4081028,1.0,-2.0,-47.0
1776887519.4181027,-3.0,-4.0,-50.0
1776887519.4281027,0.0,-6.0,-48.0
1776887519.4381027,0.0,-5.0,-43.0
1776887519.4481027,0.0,-8.0,-40.0
1776887519.4581027,-2.0,-6.0,-34.0
1776887519.4681027,-4.0,-6.0,-32.0
1776887519.4781027,-3.0,-6.0,-30.0
1776887519.488103,-3.0,-5.0,-26.0
1776887519.498103,2.0,-5.0,-30.0
1776887519.508103,4.0,-4.0,-31.0
1776887519.5181026,2.0,-4.0,-28.0
1776887519.5281026,0.0,-2.0,-28.0
1776887519.5381026,1.0,0.0,-33.0
1776887519.5481029,1.0,2.0,-35.0
1776887519.5581028,1.0,4.0,-38.0
1776887519.5681028,3.0,6.0,-35.0
1776887519.5781028,4.0,4.0,-31.0
1776887519.5881028,2.0,2.0,-27.0
1776887519.5981028,0.0,1.0,-26.0
1776887519.6081028,0.0,0.0,-31.0
1776887519.6181028,2.0,4.0,-33.0
1776887519.6281028,5.0,5.0,-38.0
1776887519.6381028,0.0,3.0,-40.0
1776887519.6481028,0.0,4.0,-42.0
1776887519.6581028,1.0,0.0,-45.0
1776887519.6681027,0.0,0.0,-45.0
1776887519.6781027,2.0,-5.0,-46.0
1776887519.6881027,1.0,-4.0,-39.0
1776887519.6981027,3.0,-4.0,-35.0
1776887519.7081027,7.0,-9.0,-39.0
1776887519.7181027,3.0,-8.0,-37.0
1776887519.7281027,4.0,-5.0,-36.0
1776887519.738103,1.0,-2.0,-32.0
1776887519.748103,2.0,-4.0,-33.0
1776887519.758103,2.0,-5.0,-35.0
1776887519.7681026,3.0,-4.0,-33.0
1776887519.7781026,4.0,-1.0,-35.0
1776887519.7881026,3.0,1.0,-34.0
1776887519.7981029,4.0,1.0,-35.0
1776887519.8081028,2.0,0.0,-32.0
1776887519.8181028,0.0,0.0,-33.0
1776887519.8281028,0.0,4.0,-38.0
1776887519.8381028,-1.0,3.0,-38.0
1776887519.8481028,2.0,2.0,-33.0
1776887519.8581028,-1.0,-1.0,-31.0
1776887519.8681028,-4.0,-1.0,-35.0
1776887519.8781028,-7.0,-2.0,-40.0
1776887519.8881028,-6.0,0.0,-42.0
1776887519.8981028,0.0,0.0,-37.0
1776887519.9081028,1.0,2.0,-37.0
1776887519.9181027,3.0,-2.0,-34.0
1776887519.9281027,3.0,-2.0,-29.0
1776887519.9381027,4.0,-5.0,-30.0
1776887519.9491026,8.0,-6.0,-27.0
1776887519.9581027,9.0,-8.0,-31.0
1776887519.9691026,9.0,-4.0,-37.0
1776887519.9781027,7.0,-3.0,-37.0
1776887519.9891028,6.0,-3.0,-33.0
1776887519.9991028,6.0,-3.0,-29.0
1776887520.0091028,6.0,-2.0,-29.0
1776887520.0191028,3.0,2.0,-30.0
1776887520.0291028,4.0,0.0,-29.0
1776887520.0391028,5.0,0.0,-25.0
1776887520.0491028,8.0,0.0,-25.0
1776887520.0591028,8.0,-2.0,-40.0
1776887520.0691028,4.0,-1.0,-42.0
1776887520.0781028,0.0,0.0,-43.0
1776887520.0891027,-1.0,0.0,-38.0
1776887520.0991027,0.0,-2.0,-35.0
1776887520.1091027,-2.0,-2.0,-31.0
1776887520.1191027,0.0,-3.0,-34.0
1776887520.1291027,1.0,-2.0,-27.0
1776887520.1391027,3.0,-4.0,-18.0
1776887520.1491027,4.0,-5.0,-25.0
1776887520.159103,6.0,-2.0,-32.0
1776887520.169103,6.0,-5.0,-37.0
1776887520.179103,5.0,-6.0,-41.0
1776887520.1891026,0.0,-6.0,-46.0
1776887520.1991026,0.0,-9.0,-45.0
1776887520.2091026,0.0,-5.0,-37.0
1776887520.2191026,0.0,-7.0,-31.0
1776887520.2291028,0.0,-7.0,-37.0
1776887520.2391028,0.0,-4.0,-41.0
1776887520.2491028,3.0,-5.0,-46.0
1776887520.2591028,4.0,-7.0,-50.0
1776887520.2691028,3.0,-7.0,-48.0
1776887520.2791028,3.0,-3.0,-35.0
1776887520.2891028,-1.0,-1.0,-34.0
1776887520.2991028,0.0,-2.0,-33.0
1776887520.3091028,3.0,-1.0,-32.0
1776887520.3191028,0.0,-4.0,-28.0
1776887520.3291028,0.0,-1.0,-31.0
1776887520.3391027,0.0,0.0,-32.0
1776887520.3491027,2.0,0.0,-35.0
1776887520.3591027,1.0,-1.0,-37.0
1776887520.3691027,0.0,-2.0,-39.0
1776887520.3791027,-1.0,0.0,-38.0
1776887520.3891027,-2.0,1.0,-35.0
1776887520.3991027,-5.0,0.0,-34.0
1776887520.409103,-6.0,2.0,-30.0
1776887520.419103,-3.0,2.0,-28.0
1776887520.429103,-7.0,0.0,-32.0
1776887520.4391026,-4.0,1.0,-36.0
1776887520.4491026,-6.0,2.0,-34.0
1776887520.4591026,-7.0,2.0,-32.0
1776887520.4691026,-5.0,2.0,-33.0
1776887520.4791028,-3.0,-2.0,-33.0
1776887520.4891028,-1.0,-3.0,-32.0
1776887520.4991028,-2.0,-2.0,-34.0
1776887520.5091028,-1.0,-3.0,-41.0
1776887520.5191028,4.0,-2.0,-39.0
1776887520.5291028,1.0,-2.0,-46.0
1776887520.5391028,0.0,-4.0,-44.0
1776887520.5491028,0.0,-6.0,-37.0
1776887520.5591028,0.0,-6.0,-38.0
1776887520.5691028,1.0,-6.0,-44.0
1776887520.5791028,3.0,-3.0,-46.0
1776887520.5891027,0.0,-5.0,-47.0
1776887520.5991027,0.0,-3.0,-50.0
1776887520.6091027,-2.0,-5.0,-45.0
1776887520.6191027,-4.0,-6.0,-44.0
1776887520.6291027,-3.0,-7.0,-46.0
1776887520.6391027,1.0,-9.0,-46.0
1776887520.6491027,1.0,-6.0,-45.0
1776887520.659103,5.0,-8.0,-46.0
1776887520.669103,3.0,-10.0,-48.0
1776887520.679103,-1.0,-11.0,-46.0
1776887520.6891026,0.0,-6.0,-45.0
1776887520.6991026,-3.0,-3.0,-50.0
1776887520.7091026,4.0,-5.0,-46.0
1776887520.7191026,6.0,-4.0,-42.0
1776887520.7291028,-1.0,-5.0,-45.0
1776887520.7391028,-4.0,-4.0,-49.0
1776887520.7491028,-1.0,-5.0,-43.0
1776887520.7591028,0.0,-5.0,-42.0
1776887520.7691028,-2.0,-5.0,-42.0
1776887520.7791028,-8.0,-4.0,-45.0
1776887520.7891028,-4.0,-4.0,-44.0
1776887520.7991028,-4.0,-1.0,-47.0
1776887520.8091028,-1.0,-4.0,-43.0
1776887520.8191028,1.0,-6.0,-43.0
1776887520.8291028,-1.0,-9.0,-42.0
1776887520.8391027,-4.0,-8.0,-39.0
1776887520.8491027,2.0,-9.0,-35.0
1776887520.8591027,0.0,-1.0,-37.0
1776887520.8691027,-2.0,-3.0,-37.0
1776887520.8791027,-3.0,-4.0,-27.0
1776887520.8891027,0.0,-6.0,-28.0
1776887520.8991027,1.0,-4.0,-35.0
1776887520.909103,0.0,-1.0,-33.0
1776887520.919103,-1.0,-4.0,-42.0
1776887520.929103,-4.0,0.0,-41.0
1776887520.9391026,-4.0,-3.0,-41.0
1776887520.9491026,-1.0,-2.0,-36.0
1776887520.9591026,1.0,1.0,-35.0
1776887520.9691026,1.0,4.0,-35.0
1776887520.9791028,-3.0,4.0,-36.0
1776887520.9891028,-6.0,5.0,-34.0
1776887520.9991028,-6.0,1.0,-31.0
1776887521.0091028,-4.0,-2.0,-33.0
1776887521.0191028,-1.0,-5.0,-41.0
1776887521.0291028,1.0,-2.0,-42.0
1776887521.0391028,0.0,0.0,-36.0
1776887521.0491028,-4.0,0.0,-29.0
1776887521.0591028,-3.0,0.0,-27.0
1776887521.0691028,-4.0,1.0,-25.0
1776887521.0791028,-2.0,2.0,-29.0
1776887521.0891027,-1.0,2.0,-31.0
1776887521.0991027,0.0,-1.0,-27.0
1776887521.1091027,-1.0,-2.0,-26.0
1776887521.1191027,1.0,-1.0,-31.0
1776887521.1291027,5.0,0.0,-36.0
1776887521.1391027,1.0,0.0,-35.0
1776887521.1491027,0.0,2.0,-35.0
1776887521.159103,0.0,2.0,-35.0
1776887521.169103,-2.0,2.0,-31.0
1776887521.179103,4.0,-3.0,-32.0
1776887521.1891026,6.0,-6.0,-33.0
1776887521.1991026,4.0,-6.0,-30.0
1776887521.2091026,1.0,-7.0,-28.0
1776887521.2191026,2.0,-2.0,-31.0
1776887521.2291028,2.0,-4.0,-30.0
1776887521.2391028,0.0,-1.0,-29.0
1776887521.2491028,3.0,-9.0,-37.0
1776887521.2591028,2.0,-7.0,-38.0
1776887521.2691028,1.0,-8.0,-37.0
1776887521.2791028,-3.0,-6.0,-36.0
1776887521.2891028,-5.0,-8.0,-34.0
1776887521.2991028,-4.0,-3.0,-36.0
1776887521.3091028,-7.0,0.0,-29.0
1776887521.3191028,-1.0,2.0,-39.0
1776887521.3291028,-2.0,-2.0,-43.0
1776887521.3391027,-2.0,0.0,-43.0
1776887521.3491027,-5.0,-2.0,-45.0
1776887521.3591027,-4.0,-4.0,-48.0
1776887521.3691027,0.0,-3.0,-44.0
1776887521.3791027,0.0,-1.0,-42.0
1776887521.3891027,0.0,0.0,-38.0
1776887521.3991027,-1.0,-3.0,-33.0
1776887521.409103,1.0,-1.0,-40.0
1776887521.419103,0.0,-1.0,-40.0
1776887521.429103,3.0,-3.0,-39.0
1776887521.4391026,5.0,2.0,-35.0
1776887521.4491026,6.0,-1.0,-35.0
1776887521.4591026,5.0,-4.0,-27.0
1776887521.4691026,1.0,-5.0,-30.0
1776887521.4791028,0.0,-7.0,-35.0
1776887521.4891028,0.0,-4.0,-32.0
1776887521.4991028,-2.0,-8.0,-36.0
1776887521.5091028,-3.0,-9.0,-41.0
1776887521.5191028,-2.0,-7.0,-45.0
1776887521.5291028,1.0,-5.0,-48.0
1776887521.5391028,1.0,-4.0,-51.0
1776887521.5491028,2.0,-1.0,-51.0
1776887521.5591028,3.0,-4.0,-49.0
1776887521.5691028,4.0,-5.0,-48.0
1776887521.5791028,1.0,-4.0,-45.0
1776887521.5891027,3.0,-6.0,-43.0
1776887521.5991027,1.0,-3.0,-40.0
1776887521.6091027,1.0,-3.0,-34.0
1776887521.6191027,-3.0,0.0,-30.0
1776887521.6291027,-4.0,0.0,-32.0
1776887521.6391027,-3.0,0.0,-33.0
1776887521.6491027,-2.0,-1.0,-35.0
1776887521.659103,2.0,-1.0,-35.0
1776887521.669103,1.0,-2.0,-31.0
1776887521.679103,0.0,-5.0,-27.0
1776887521.6891026,0.0,-4.0,-28.0
1776887521.6991026,0.0,-6.0,-37.0
1776887521.7091026,2.0,-3.0,-41.0
1776887521.7191026,0.0,-1.0,-48.0
1776887521.7291028,-2.0,0.0,-51.0
1776887521.7391028,0.0,-1.0,-48.0
1776887521.7491028,3.0,-1.0,-50.0
1776887521.7591028,2.0,-3.0,-45.0
1776887521.7691028,5.0,-2.0,-39.0
1776887521.7791028,4.0,0.0,-41.0
1776887521.7891028,-6.0,-1.0,-43.0
1776887521.7991028,-4.0,-5.0,-43.0
1776887521.8091028,-2.0,0.0,-45.0
1776887521.8191028,3.0,-2.0,-35.0
1776887521.8291028,5.0,-1.0,-35.0
1776887521.8391027,9.0,2.0,-33.0
1776887521.8491027,2.0,-2.0,-31.0
1776887521.8591027,1.0,-7.0,-33.0
1776887521.8691027,-4.0,-10.0,-34.0
1776887521.8791027,0.0,-7.0,-37.0
1776887521.8891027,-2.0,-6.0,-33.0
1776887521.8991027,-2.0,-11.0,-34.0
1776887521.909103,-6.0,-8.0,-39.0
1776887521.919103,-11.0,-10.0,-42.0
1776887521.929103,-5.0,-8.0,-41.0
1776887521.9391026,-3.0,-7.0,-38.0
1776887521.9491026,-1.0,-8.0,-37.0
1776887521.9601028,-2.0,-7.0,-37.0
1776887521.9701028,0.0,-4.0,-38.0
1776887521.9801028,0.0,-1.0,-28.0
1776887521.9901028,-1.0,1.0,-27.0
1776887522.0001028,3.0,3.0,-26.0
1776887522.0101027,0.0,0.0,-32.0
1776887522.0201027,-2.0,0.0,-35.0
1776887522.0301027,-1.0,2.0,-40.0
1776887522.0401027,-2.0,0.0,-37.0
1776887522.0501027,-1.0,-1.0,-40.0
1776887522.0601027,0.0,0.0,-38.0
1776887522.0701027,0.0,3.0,-40.0
1776887522.0801027,-1.0,3.0,-42.0
1776887522.090103,-4.0,2.0,-40.0
1776887522.100103,-7.0,-1.0,-38.0
1776887522.110103,-10.0,-2.0,-40.0
1776887522.1201026,-7.0,-2.0,-36.0
1776887522.1301026,-9.0,0.0,-43.0
1776887522.1401026,-7.0,0.0,-43.0
1776887522.1501029,-5.0,0.0,-49.0
1776887522.1601028,-7.0,3.0,-48.0
1776887522.1701028,-3.0,2.0,-48.0
1776887522.1801028,0.0,4.0,-41.0
1776887522.1901028,1.0,6.0,-46.0
1776887522.2001028,3.0,6.0,-48.0
1776887522.2101028,8.0,8.0,-47.0
1776887522.2201028,9.0,5.0,-43.0
1776887522.2301028,11.0,0.0,-46.0
1776887522.2401028,7.0,0.0,-44.0
1776887522.2501028,5.0,-1.0,-40.0
1776887522.2601027,1.0,-1.0,-41.0
1776887522.2701027,-2.0,-4.0,-42.0
1776887522.2801027,1.0,-8.0,-44.0
1776887522.2901027,2.0,-8.0,-46.0
1776887522.3001027,1.0,-10.0,-46.0
1776887522.3101027,0.0,-9.0,-37.0
1776887522.3201027,3.0,-6.0,-32.0
1776887522.3301027,3.0,-3.0,-31.0
1776887522.340103,0.0,-5.0,-30.0
1776887522.350103,0.0,-7.0,-33.0
1776887522.360103,2.0,-7.0,-31.0
1776887522.3701026,3.0,-10.0,-24.0
1776887522.3801026,1.0,-4.0,-30.0
1776887522.3901026,2.0,-2.0,-37.0
1776887522.4001029,4.0,-5.0,-36.0
1776887522.4101028,3.0,-4.0,-33.0
1776887522.4201028,0.0,-6.0,-36.0
1776887522.4301028,0.0,-7.0,-36.0
1776887522.4401028,-1.0,-8.0,-37.0
1776887522.4501028,4.0,-5.0,-40.0
1776887522.4601028,1.0,-5.0,-36.0
1776887522.4701028,0.0,-5.0,-35.0
1776887522.4801028,1.0,-1.0,-41.0
1776887522.4901028,3.0,-5.0,-41.0
1776887522.5001028,-3.0,-6.0,-36.0
1776887522.5101027,-2.0,-7.0,-34.0
1776887522.5201027,-3.0,-5.0,-32.0
1776887522.5301027,0.0,-1.0,-25.0
1776887522.5401027,-1.0,-1.0,-30.0
1776887522.5501027,0.0,-5.0,-27.0
1776887522.5601027,1.0,-6.0,-30.0
1776887522.5701027,5.0,-6.0,-31.0
1776887522.5801027,8.0,-5.0,-31.0
1776887522.590103,6.0,-5.0,-31.0
1776887522.600103,0.0,0.0,-29.0
1776887522.610103,2.0,1.0,-33.0
1776887522.6201026,2.0,3.0,-34.0
1776887522.6301026,1.0,0.0,-39.0
1776887522.6401026,1.0,1.0,-43.0
1776887522.6501029,-2.0,0.0,-38.0
1776887522.6601028,4.0,2.0,-34.0
1776887522.6701028,9.0,2.0,-34.0
1776887522.6801028,9.0,-1.0,-30.0
1776887522.6901028,4.0,-5.0,-29.0
1776887522.7001028,1.0,-5.0,-27.0
1776887522.7101028,4.0,-4.0,-30.0
1776887522.7201028,4.0,-4.0,-36.0
1776887522.7301028,7.0,-3.0,-34.0
1776887522.7401028,8.0,-1.0,-33.0
1776887522.7501028,10.0,0.0,-32.0
1776887522.7601027,9.0,-2.0,-37.0
1776887522.7701027,4.0,-1.0,-42.0
1776887522.7801027,5.0,-1.0,-40.0
1776887522.7901027,3.0,1.0,-46.0
1776887522.8001027,4.0,0.0,-48.0
1776887522.8101027,5.0,-2.0,-53.0
1776887522.8201027,10.0,-1.0,-53.0
1776887522.8301027,2.0,-1.0,-49.0
1776887522.840103,2.0,-7.0,-49.0
1776887522.850103,1.0,-7.0,-45.0
1776887522.860103,5.0,-8.0,-36.0
1776887522.8701026,3.0,-9.0,-37.0
1776887522.8801026,0.0,-11.0,-34.0
1776887522.8901026,-2.0,-12.0,-35.0
1776887522.9001029,-2.0,-7.0,-33.0
1776887522.9101028,-5.0,-4.0,-33.0
1776887522.9201028,-4.0,-2.0,-35.0
1776887522.9301028,-5.0,-2.0,-31.0
1776887522.9401028,-1.0,-3.0,-25.0
1776887522.9501028,0.0,-2.0,-25.0
1776887522.9601028,-1.0,-3.0,-29.0
1776887522.9701028,-2.0,0.0,-30.0
1776887522.9801028,0.0,-1.0,-29.0
1776887522.9901028,1.0,2.0,-32.0
1776887523.0001028,3.0,0.0,-35.0
1776887523.0101027,3.0,-2.0,-37.0
1776887523.0201027,2.0,-1.0,-39.0
1776887523.0301027,1.0,-2.0,-35.0
1776887523.0401027,-2.0,-5.0,-33.0
1776887523.0501027,-4.0,-3.0,-32.0
1776887523.0601027,-5.0,-7.0,-36.0
1776887523.0701027,-4.0,-7.0,-35.0
1776887523.0801027,-5.0,-6.0,-34.0
1776887523.090103,-3.0,-1.0,-39.0
1776887523.100103,-1.0,0.0,-44.0
1776887523.110103,-2.0,1.0,-44.0
1776887523.1201026,-5.0,1.0,-37.0
1776887523.1301026,-8.0,0.0,-34.0
1776887523.1401026,-11.0,-2.0,-36.0
1776887523.1501029,-7.0,-4.0,-32.0
1776887523.1601028,1.0,-4.0,-22.0
1776887523.1701028,4.0,-6.0,-25.0
1776887523.1801028,4.0,-7.0,-29.0
1776887523.1901028,9.0,-9.0,-33.0
1776887523.2001028,6.0,-8.0,-34.0
1776887523.2101028,2.0,-10.0,-30.0
1776887523.2201028,1.0,-10.0,-31.0
1776887523.2301028,0.0,-4.0,-36.0
1776887523.2401028,-2.0,-5.0,-35.0
1776887523.2501028,0.0,-9.0,-31.0
1776887523.2601027,-1.0,-8.0,-35.0
1776887523.2701027,-6.0,-5.0,-33.0
1776887523.2801027,-6.0,-7.0,-36.0
1776887523.2901027,-6.0,-10.0,-34.0
1776887523.3001027,-2.0,-5.0,-33.0
1776887523.3101027,0.0,-6.0,-31.0
1776887523.3201027,2.0,-5.0,-37.0
1776887523.3301027,0.0,-8.0,-33.0
1776887523.340103,-2.0,-10.0,-35.0
1776887523.350103,-6.0,-9.0,-41.0
1776887523.360103,-5.0,-8.0,-39.0
1776887523.3701026,-5.0,-10.0,-38.0
1776887523.3801026,-5.0,-10.0,-43.0
1776887523.3901026,-1.0,-8.0,-41.0
1776887523.4001029,2.0,-6.0,-40.0
1776887523.4101028,0.0,0.0,-37.0
1776887523.4201028,-6.0,-1.0,-40.0
1776887523.4301028,-2.0,-1.0,-39.0
1776887523.4401028,-7.0,0.0,-40.0
1776887523.4501028,-10.0,-1.0,-31.0
1776887523.4601028,-8.0,-3.0,-34.0
1776887523.4701028,-7.0,-7.0,-37.0
1776887523.4801028,-3.0,-6.0,-38.0
1776887523.4901028,-4.0,-2.0,-37.0
1776887523.5001028,0.0,0.0,-36.0
1776887523.5101027,0.0,0.0,-38.0
1776887523.5201027,4.0,-2.0,-36.0
1776887523.5301027,3.0,-3.0,-34.0
1776887523.5401027,3.0,-4.0,-35.0
1776887523.5501027,6.0,-5.0,-33.0
1776887523.5601027,0.0,-12.0,-37.0
1776887523.5701027,-2.0,-11.0,-35.0
1776887523.5801027,0.0,-7.0,-33.0
1776887523.590103,1.0,-4.0,-35.0
1776887523.600103,1.0,-3.0,-33.0
1776887523.610103,7.0,-5.0,-33.0
1776887523.6201026,7.0,-1.0,-38.0
1776887523.6301026,3.0,-4.0,-38.0
1776887523.6401026,6.0,-5.0,-37.0
1776887523.6501029,5.0,-2.0,-42.0
1776887523.6601028,9.0,0.0,-38.0
1776887523.6701028,14.0,-2.0,-37.0
1776887523.6801028,13.0,-2.0,-36.0
1776887523.6901028,7.0,-5.0,-34.0
1776887523.7001028,3.0,-6.0,-30.0
1776887523.7101028,7.0,-6.0,-32.0
1776887523.7201028,3.0,-5.0,-29.0
1776887523.7301028,3.0,-1.0,-32.0
1776887523.7401028,1.0,-3.0,-38.0
1776887523.7501028,0.0,-9.0,-34.0
1776887523.7601027,2.0,-9.0,-31.0
1776887523.7701027,5.0,-8.0,-27.0
1776887523.7801027,4.0,-13.0,-28.0
1776887523.7901027,1.0,-10.0,-32.0
1776887523.8001027,-2.0,-10.0,-27.0
1776887523.8101027,-4.0,-7.0,-25.0
1776887523.8201027,-5.0,-7.0,-24.0
1776887523.8301027,-4.0,-10.0,-27.0
1776887523.840103,-1.0,-6.0,-25.0
1776887523.850103,0.0,-3.0,-24.0
1776887523.860103,2.0,-2.0,-28.0
1776887523.8701026,-2.0,-1.0,-32.0
1776887523.8801026,-1.0,0.0,-33.0
1776887523.8901026,0.0,-2.0,-35.0
1776887523.9001029,0.0,-1.0,-34.0
1776887523.9101028,0.0,3.0,-30.0
1776887523.9201028,0.0,2.0,-31.0
1776887523.9301028,-1.0,1.0,-31.0
1776887523.9401028,1.0,-2.0,-30.0
1776887523.9501028,1.0,-4.0,-33.0
1776887523.9601028,2.0,0.0,-38.0
1776887523.9701028,6.0,0.0,-34.0
1776887523.9801028,4.0,0.0,-28.0
1776887523.9911027,5.0,-2.0,-33.0
1776887524.0011027,0.0,-1.0,-37.0
1776887524.011103,1.0,-6.0,-37.0
1776887524.021103,0.0,-6.0,-29.0
1776887524.031103,-3.0,-5.0,-26.0
1776887524.0411026,-2.0,-1.0,-30.0
1776887524.0511026,-2.0,-3.0,-37.0
1776887524.0611026,0.0,0.0,-34.0
1776887524.0711029,0.0,2.0,-40.0
1776887524.0811028,-5.0,-3.0,-37.0
1776887524.0911028,-2.0,-3.0,-36.0
1776887524.1011028,2.0,-2.0,-35.0
1776887524.1111028,0.0,-1.0,-34.0
1776887524.1211028,4.0,-4.0,-37.0
1776887524.1311028,3.0,-5.0,-39.0
1776887524.1411028,4.0,-2.0,-37.0
1776887524.1511028,4.0,0.0,-37.0
1776887524.1611028,-3.0,0.0,-32.0
1776887524.1711028,-1.0,0.0,-27.0
1776887524.1811028,-1.0,3.0,-27.0
1776887524.1911027,-2.0,4.0,-33.0
1776887524.2011027,-7.0,1.0,-37.0
1776887524.2111027,-6.0,2.0,-42.0
1776887524.2211027,-5.0,3.0,-45.0
1776887524.2311027,-1.0,1.0,-38.0
1776887524.2411027,-1.0,0.0,-35.0
1776887524.2511027,0.0,3.0,-37.0
1776887524.261103,3.0,2.0,-43.0
1776887524.271103,1.0,0.0,-43.0
1776887524.281103,1.0,0.0,-41.0
1776887524.2911026,5.0,-4.0,-43.0
1776887524.3011026,5.0,-1.0,-40.0
1776887524.3111026,4.0,0.0,-40.0
1776887524.3211029,1.0,1.0,-42.0
1776887524.3311028,0.0,-6.0,-45.0
1776887524.3411028,0.0,-7.0,-38.0
1776887524.3511028,-5.0,-5.0,-43.0
1776887524.3611028,-4.0,-8.0,-39.0
1776887524.3711028,2.0,-7.0,-38.0
1776887524.3811028,7.0,-5.0,-39.0
1776887524.3911028,6.0,-5.0,-41.0
1776887524.4011028,5.0,-2.0,-38.0
1776887524.4111028,4.0,1.0,-39.0
1776887524.4211028,4.0,0.0,-35.0
1776887524.4311028,5.0,-1.0,-37.0
1776887524.4411027,3.0,0.0,-42.0
1776887524.4511027,6.0,-2.0,-40.0
1776887524.4611027,3.0,0.0,-43.0
1776887524.4711027,7.0,6.0,-47.0
1776887524.4811027,6.0,7.0,-43.0
1776887524.4911027,7.0,6.0,-43.0
1776887524.5011027,9.0,2.0,-44.0
1776887524.511103,7.0,4.0,-45.0
1776887524.521103,0.0,1.0,-44.0
1776887524.531103,-1.0,-2.0,-43.0
1776887524.5411026,-1.0,0.0,-43.0
1776887524.5511026,1.0,-2.0,-44.0
1776887524.5611026,3.0,2.0,-44.0
1776887524.5711029,5.0,2.0,-34.0
1776887524.5811028,2.0,0.0,-35.0
1776887524.5911028,1.0,4.0,-39.0
1776887524.6011028,1.0,4.0,-44.0
1776887524.6111028,1.0,5.0,-44.0
1776887524.6211028,0.0,7.0,-42.0
1776887524.6311028,-4.0,8.0,-43.0
1776887524.6411028,-4.0,11.0,-50.0
1776887524.6511028,-5.0,13.0,-44.0
1776887524.6611028,0.0,8.0,-48.0
1776887524.6711028,0.0,9.0,-45.0
1776887524.6811028,2.0,8.0,-43.0
1776887524.6911027,4.0,3.0,-43.0
1776887524.7011027,1.0,0.0,-40.0
1776887524.7111027,2.0,0.0,-39.0
1776887524.7211027,4.0,0.0,-37.0
1776887524.7311027,10.0,0.0,-39.0
1776887524.7411027,9.0,-1.0,-38.0
1776887524.7511027,7.0,0.0,-39.0
1776887524.761103,8.0,-2.0,-37.0
1776887524.771103,7.0,-5.0,-33.0
1776887524.781103,3.0,-6.0,-35.0
1776887524.7911026,-1.0,-7.0,-39.0
1776887524.8021028,-1.0,-5.0,-44.0
1776887524.8111026,2.0,-3.0,-42.0
1776887524.8211029,4.0,-3.0,-37.0
1776887524.8311028,2.0,0.0,-37.0
1776887524.8411028,6.0,5.0,-40.0
1776887524.8511028,9.0,0.0,-33.0
1776887524.8611028,5.0,-4.0,-31.0
1776887524.8711028,5.0,-5.0,-25.0
1776887524.8811028,0.0,1.0,-27.0
1776887524.8911028,-2.0,3.0,-32.0
1776887524.9011028,-1.0,4.0,-28.0
1776887524.9111028,-2.0,6.0,-32.0
1776887524.9211028,-2.0,5.0,-33.0
1776887524.9311028,-1.0,6.0,-36.0
1776887524.9411027,0.0,2.0,-42.0
1776887524.9511027,0.0,1.0,-48.0
1776887524.9611027,2.0,2.0,-43.0
1776887524.9711027,4.0,5.0,-40.0
1776887524.9811027,1.0,3.0,-44.0
1776887524.9911027,-4.0,-1.0,-36.0
1776887525.0011027,-6.0,-1.0,-30.0
1776887525.011103,-2.0,-2.0,-27.0
1776887525.021103,-4.0,-4.0,-26.0
1776887525.031103,-7.0,0.0,-30.0
1776887525.0411026,-4.0,0.0,-35.0
1776887525.0511026,-4.0,2.0,-28.0
1776887525.0611026,-2.0,2.0,-21.0
1776887525.0711029,0.0,5.0,-24.0
1776887525.0811028,-10.0,6.0,-25.0
1776887525.0911028,-5.0,0.0,-27.0
1776887525.1011028,1.0,1.0,-25.0
1776887525.1111028,4.0,5.0,-25.0
1776887525.1211028,8.0,3.0,-34.0
1776887525.1311028,7.0,3.0,-30.0
1776887525.1411028,3.0,7.0,-27.0
1776887525.1511028,-2.0,5.0,-26.0
1776887525.1611028,-4.0,2.0,-30.0
1776887525.1711028,-3.0,0.0,-28.0
1776887525.1811028,-3.0,2.0,-35.0
1776887525.1911027,-2.0,5.0,-38.0
1776887525.2011027,0.0,3.0,-37.0
1776887525.2111027,0.0,2.0,-39.0
1776887525.2211027,3.0,6.0,-46.0
1776887525.2311027,2.0,2.0,-44.0
1776887525.2411027,0.0,3.0,-40.0
1776887525.2511027,0.0,0.0,-42.0
1776887525.261103,4.0,1.0,-47.0
1776887525.271103,5.0,2.0,-49.0
1776887525.281103,2.0,0.0,-45.0
1776887525.2911026,2.0,-6.0,-40.0
1776887525.3011026,2.0,-10.0,-29.0
1776887525.3111026,5.0,-8.0,-22.0
1776887525.3211029,6.0,-6.0,-23.0
1776887525.3311028,2.0,-6.0,-27.0
1776887525.3411028,0.0,-2.0,-31.0
1776887525.3511028,1.0,0.0,-40.0
1776887525.3611028,4.0,-2.0,-37.0
1776887525.3711028,4.0,0.0,-40.0
1776887525.3811028,3.0,-1.0,-42.0
1776887525.3911028,4.0,-3.0,-42.0
1776887525.4011028,3.0,-3.0,-45.0
1776887525.4111028,2.0,0.0,-42.0
1776887525.4211028,1.0,2.0,-35.0
1776887525.4311028,-1.0,0.0,-36.0
1776887525.4411027,0.0,2.0,-40.0
1776887525.4511027,3.0,-3.0,-38.0
1776887525.4611027,4.0,-3.0,-31.0
1776887525.4711027,3.0,-4.0,-36.0
1776887525.4811027,1.0,-2.0,-38.0
1776887525.4911027,2.0,-2.0,-37.0
1776887525.5011027,-1.0,-3.0,-41.0
1776887525.511103,-4.0,-4.0,-45.0
1776887525.521103,-7.0,-5.0,-49.0
1776887525.531103,-9.0,-6.0,-47.0
1776887525.5411026,-4.0,-4.0,-39.0
1776887525.5511026,-6.0,0.0,-37.0
1776887525.5611026,-7.0,0.0,-39.0
1776887525.5711029,-6.0,1.0,-39.0
1776887525.5811028,-2.0,-1.0,-39.0
1776887525.5911028,-2.0,-3.0,-36.0
1776887525.6011028,-1.0,0.0,-40.0
1776887525.6111028,3.0,0.0,-38.0
1776887525.6211028,1.0,0.0,-46.0
1776887525.6311028,0.0,0.0,-44.0
1776887525.6411028,0.0,3.0,-43.0
1776887525.6511028,0.0,2.0,-42.0
1776887525.6611028,0.0,-1.0,-39.0
1776887525.6711028,-4.0,-3.0,-37.0
1776887525.6811028,0.0,-4.0,-39.0
1776887525.6911027,0.0,-2.0,-42.0
1776887525.7011027,6.0,-4.0,-40.0
1776887525.7111027,7.0,-4.0,-42.0
1776887525.7211027,5.0,-1.0,-41.0
1776887525.7311027,1.0,0.0,-43.0
1776887525.7411027,2.0,1.0,-44.0
1776887525.7511027,-4.0,0.0,-40.0
1776887525.761103,-7.0,0.0,-40.0
1776887525.771103,-8.0,-2.0,-41.0
1776887525.781103,-11.0,-3.0,-43.0
1776887525.7911026,-9.0,0.0,-38.0
1776887525.8011026,-6.0,-2.0,-37.0
1776887525.8111026,2.0,0.0,-40.0
1776887525.8211029,2.0,-1.0,-40.0
1776887525.8311028,3.0,-3.0,-35.0
1776887525.8411028,1.0,-5.0,-36.0
1776887525.8511028,1.0,-3.0,-41.0
1776887525.8611028,0.0,0.0,-35.0
1776887525.8711028,4.0,-4.0,-35.0
1776887525.8811028,5.0,-6.0,-35.0
1776887525.8911028,7.0,-7.0,-36.0
1776887525.9011028,7.0,-3.0,-33.0
1776887525.9111028,5.0,0.0,-36.0
1776887525.9211028,5.0,1.0,-36.0
1776887525.9311028,4.0,0.0,-33.0
1776887525.9411027,4.0,3.0,-40.0
1776887525.952103,2.0,1.0,-38.0
1776887525.962103,0.0,-1.0,-40.0
1776887525.9721026,0.0,-3.0,-41.0
1776887525.9821026,0.0,-1.0,-45.0
1776887525.9921026,-1.0,-3.0,-47.0
1776887526.0021029,-3.0,-3.0,-50.0
1776887526.0121028,-5.0,-7.0,-47.0
1776887526.0221028,-2.0,-4.0,-44.0
1776887526.0321028,-3.0,-3.0,-43.0
1776887526.0421028,-5.0,1.0,-41.0
1776887526.0521028,-4.0,0.0,-40.0
1776887526.0621028,2.0,2.0,-35.0
1776887526.0721028,-1.0,4.0,-38.0
1776887526.0821028,-3.0,2.0,-43.0
1776887526.0921028,0.0,3.0,-47.0
1776887526.1021028,0.0,1.0,-48.0
1776887526.1121027,-2.0,0.0,-46.0
1776887526.1221027,0.0,0.0,-35.0
1776887526.1321027,5.0,-4.0,-36.0
1776887526.1421027,5.0,-5.0,-40.0
1776887526.1521027,3.0,-6.0,-31.0
1776887526.1621027,-1.0,-6.0,-37.0
1776887526.1721027,0.0,0.0,-36.0
1776887526.182103,1.0,0.0,-43.0
1776887526.192103,0.0,0.0,-42.0
1776887526.202103,4.0,2.0,-41.0
1776887526.212103,3.0,3.0,-40.0
1776887526.2221026,3.0,0.0,-35.0
1776887526.2321026,7.0,2.0,-38.0
1776887526.2421026,10.0,3.0,-36.0
1776887526.2521029,7.0,1.0,-39.0
1776887526.2621028,1.0,-2.0,-38.0
1776887526.2721028,6.0,-2.0,-39.0
1776887526.2821028,6.0,-1.0,-39.0
1776887526.2921028,7.0,0.0,-40.0
1776887526.3021028,4.0,4.0,-40.0
1776887526.3121028,7.0,6.0,-43.0
1776887526.3221028,8.0,2.0,-38.0
1776887526.3321028,4.0,0.0,-38.0
1776887526.3421028,2.0,0.0,-41.0
1776887526.3521028,1.0,0.0,-45.0
1776887526.3621027,2.0,1.0,-38.0
1776887526.3721027,2.0,3.0,-30.0
1776887526.3821027,1.0,7.0,-30.0
1776887526.3921027,1.0,8.0,-31.0
1776887526.4021027,0.0,1.0,-33.0
1776887526.4121027,1.0,1.0,-35.0
1776887526.4221027,0.0,-1.0,-24.0
1776887526.432103,0.0,0.0,-24.0
1776887526.442103,0.0,0.0,-35.0
1776887526.452103,1.0,2.0,-32.0
1776887526.462103,-2.0,1.0,-34.0
1776887526.4721026,2.0,1.0,-41.0
1776887526.4821026,5.0,-1.0,-42.0
1776887526.4921026,6.0,-4.0,-35.0
1776887526.5021029,3.0,-6.0,-31.0
1776887526.5121028,4.0,-6.0,-32.0
1776887526.5221028,0.0,-4.0,-33.0
1776887526.5321028,1.0,-8.0,-36.0
1776887526.5421028,9.0,-7.0,-39.0
1776887526.5521028,9.0,-5.0,-39.0
1776887526.5621028,10.0,-3.0,-37.0
1776887526.5721028,5.0,-1.0,-45.0
1776887526.5821028,5.0,-7.0,-49.0
1776887526.5921028,6.0,-10.0,-45.0
1776887526.6021028,9.0,-3.0,-48.0
1776887526.6121027,11.0,0.0,-38.0
1776887526.6221027,16.0,-2.0,-41.0
1776887526.6321027,13.0,-2.0,-33.0
1776887526.6421027,9.0,0.0,-30.0
1776887526.6521027,6.0,0.0,-34.0
1776887526.6621027,9.0,0.0,-36.0
1776887526.6721027,13.0,0.0,-34.0
1776887526.682103,11.0,-3.0,-34.0
1776887526.692103,5.0,-2.0,-32.0
1776887526.702103,4.0,-1.0,-30.0
1776887526.712103,4.0,-2.0,-32.0
1776887526.7221026,5.0,-1.0,-30.0
1776887526.7321026,7.0,-2.0,-29.0
1776887526.7421026,6.0,0.0,-33.0
1776887526.7521029,3.0,1.0,-32.0
1776887526.7621028,3.0,1.0,-36.0
1776887526.7721028,-1.0,0.0,-39.0
1776887526.7821028,-4.0,-2.0,-37.0
1776887526.7921028,-3.0,-3.0,-37.0
1776887526.8021028,-2.0,0.0,-41.0
1776887526.8121028,-2.0,0.0,-43.0
1776887526.8221028,-6.0,1.0,-44.0
1776887526.8321028,-6.0,4.0,-43.0
1776887526.8421028,-6.0,7.0,-41.0
1776887526.8521028,-2.0,6.0,-34.0
1776887526.8621027,0.0,5.0,-36.0
1776887526.8721027,4.0,2.0,-42.0
1776887526.8821027,1.0,0.0,-38.0
1776887526.8921027,3.0,0.0,-31.0
1776887526.9021027,3.0,-3.0,-27.0
1776887526.9121027,-1.0,-4.0,-28.0
1776887526.9221027,2.0,0.0,-33.0
1776887526.932103,2.0,-4.0,-37.0
1776887526.942103,7.0,-6.0,-40.0
1776887526.952103,3.0,-5.0,-35.0
1776887526.962103,3.0,-4.0,-34.0
1776887526.9721026,0.0,-1.0,-37.0
1776887526.9821026,0.0,1.0,-37.0
1776887526.9921026,2.0,0.0,-36.0
1776887527.0021029,4.0,1.0,-38.0
1776887527.0121028,1.0,-1.0,-37.0
1776887527.0221028,0.0,-3.0,-37.0
1776887527.0321028,-2.0,-1.0,-39.0
1776887527.0421028,0.0,-2.0,-44.0
1776887527.0521028,-3.0,-2.0,-34.0
1776887527.0621028,-1.0,-3.0,-29.0
1776887527.0721028,-3.0,-5.0,-32.0
1776887527.0821028,1.0,-2.0,-27.0
1776887527.0921028,3.0,-1.0,-24.0
1776887527.1021028,6.0,0.0,-25.0
1776887527.1121027,7.0,0.0,-28.0
1776887527.1221027,6.0,-3.0,-28.0
1776887527.1321027,1.0,-2.0,-25.0
1776887527.1421027,1.0,0.0,-28.0
1776887527.1521027,0.0,2.0,-30.0
1776887527.1621027,0.0,0.0,-29.0
1776887527.1721027,-2.0,0.0,-29.0
1776887527.182103,0.0,-3.0,-31.0
1776887527.192103,0.0,0.0,-31.0
1776887527.202103,1.0,1.0,-31.0
1776887527.212103,-1.0,0.0,-31.0
1776887527.2221026,-3.0,-2.0,-36.0
1776887527.2321026,-2.0,3.0,-41.0
1776887527.2421026,0.0,5.0,-40.0
1776887527.2521029,0.0,5.0,-35.0
1776887527.2621028,0.0,3.0,-40.0
1776887527.2721028,-1.0,0.0,-38.0
1776887527.2821028,1.0,1.0,-32.0
1776887527.2921028,1.0,3.0,-33.0
1776887527.3021028,0.0,0.0,-41.0
1776887527.3121028,-4.0,-1.0,-40.0
1776887527.3221028,-4.0,0.0,-41.0
1776887527.3321028,-2.0,-2.0,-33.0
1776887527.3421028,0.0,0.0,-34.0
1776887527.3521028,5.0,-1.0,-41.0
1776887527.3621027,4.0,0.0,-40.0
1776887527.3721027,0.0,-2.0,-35.0
1776887527.3821027,0.0,0.0,-36.0
1776887527.3921027,-1.0,-1.0,-43.0
1776887527.4021027,-1.0,0.0,-42.0
1776887527.4121027,-4.0,0.0,-40.0
1776887527.4221027,-7.0,-1.0,-42.0
1776887527.432103,-3.0,2.0,-39.0
1776887527.442103,-1.0,0.0,-46.0
1776887527.452103,-2.0,4.0,-47.0
1776887527.462103,-2.0,5.0,-41.0
1776887527.4721026,0.0,2.0,-40.0
1776887527.4821026,0.0,0.0,-42.0
1776887527.4921026,0.0,1.0,-35.0
1776887527.5021029,-1.0,0.0,-29.0
1776887527.5121028,-1.0,0.0,-32.0
1776887527.5221028,1.0,0.0,-33.0
1776887527.5321028,0.0,-4.0,-44.0
1776887527.5421028,0.0,-5.0,-48.0
1776887527.5521028,-4.0,-5.0,-49.0
1776887527.5621028,-8.0,-4.0,-50.0
1776887527.5721028,-9.0,-5.0,-45.0
1776887527.5821028,-4.0,-7.0,-38.0
1776887527.5921028,-4.0,-6.0,-33.0
1776887527.6021028,-10.0,-7.0,-35.0
1776887527.6121027,-6.0,-3.0,-37.0
1776887527.6221027,0.0,-3.0,-39.0
1776887527.6321027,4.0,-4.0,-38.0
1776887527.6421027,1.0,-4.0,-36.0
1776887527.6521027,0.0,-2.0,-32.0
1776887527.6621027,0.0,0.0,-33.0
1776887527.6721027,1.0,-1.0,-37.0
1776887527.682103,-2.0,-3.0,-38.0
1776887527.692103,-4.0,-5.0,-33.0
1776887527.702103,-2.0,-3.0,-30.0
1776887527.712103,-2.0,-4.0,-33.0
1776887527.7221026,4.0,-6.0,-37.0
1776887527.7321026,0.0,-3.0,-40.0
1776887527.7421026,0.0,-3.0,-29.0
1776887527.7521029,-1.0,-3.0,-21.0
1776887527.7621028,-3.0,-1.0,-21.0
1776887527.7721028,-1.0,0.0,-23.0
1776887527.7821028,-3.0,-2.0,-26.0
1776887527.7921028,-4.0,-4.0,-22.0
1776887527.8021028,-6.0,-2.0,-26.0
1776887527.8121028,0.0,-4.0,-24.0
1776887527.8221028,-1.0,-4.0,-30.0
1776887527.8321028,-1.0,-2.0,-35.0
1776887527.8421028,0.0,-2.0,-30.0
1776887527.8521028,0.0,-6.0,-31.0
1776887527.8621027,2.0,-2.0,-29.0
1776887527.8721027,3.0,0.0,-28.0
1776887527.8821027,9.0,1.0,-25.0
1776887527.8921027,8.0,-2.0,-32.0
1776887527.9021027,4.0,-2.0,-27.0
1776887527.9121027,1.0,-1.0,-32.0
1776887527.9221027,1.0,-4.0,-39.0
1776887527.932103,0.0,2.0,-42.0
1776887527.942103,0.0,4.0,-34.0
1776887527.9531028,3.0,5.0,-33.0
1776887527.9631028,0.0,4.0,-41.0
1776887527.9721026,-1.0,1.0,-45.0
1776887527.9831028,3.0,0.0,-45.0
1776887527.9931028,5.0,-3.0,-37.0
1776887528.0031028,7.0,-5.0,-35.0
1776887528.0131028,6.0,0.0,-37.0
1776887528.0231028,6.0,2.0,-34.0
1776887528.0331028,4.0,3.0,-34.0
1776887528.0431027,5.0,4.0,-35.0
1776887528.0531027,2.0,2.0,-44.0
1776887528.0631027,7.0,0.0,-42.0
1776887528.0731027,5.0,0.0,-46.0
1776887528.0831027,5.0,6.0,-44.0
1776887528.0931027,7.0,6.0,-39.0
1776887528.1031027,4.0,4.0,-44.0
1776887528.113103,7.0,3.0,-46.0
1776887528.123103,4.0,2.0,-46.0
1776887528.133103,1.0,2.0,-43.0
1776887528.1431026,-1.0,0.0,-43.0
1776887528.1531026,-2.0,-2.0,-39.0
1776887528.1631026,0.0,1.0,-33.0
1776887528.1731029,0.0,0.0,-35.0
1776887528.1831028,0.0,2.0,-30.0
1776887528.1931028,0.0,2.0,-35.0
1776887528.2031028,4.0,1.0,-36.0
1776887528.2131028,3.0,1.0,-35.0
1776887528.2231028,1.0,-2.0,-30.0
1776887528.2331028,0.0,-1.0,-36.0
1776887528.2431028,0.0,-1.0,-41.0
1776887528.2531028,-4.0,-5.0,-46.0
1776887528.2631028,-7.0,-1.0,-44.0
1776887528.2731028,-5.0,1.0,-44.0
1776887528.2831028,-8.0,-1.0,-48.0
1776887528.2931027,-8.0,-1.0,-40.0
1776887528.3031027,-7.0,5.0,-42.0
1776887528.3131027,-6.0,5.0,-40.0
1776887528.3231027,-6.0,8.0,-31.0
1776887528.3331027,-1.0,5.0,-33.0
1776887528.3431027,0.0,2.0,-29.0
1776887528.3531027,1.0,0.0,-32.0
1776887528.363103,-3.0,0.0,-41.0
1776887528.373103,0.0,0.0,-38.0
1776887528.383103,3.0,0.0,-33.0
1776887528.3931026,5.0,0.0,-28.0
1776887528.4031026,3.0,-2.0,-32.0
1776887528.4131026,0.0,1.0,-30.0
1776887528.4231029,-3.0,0.0,-31.0
1776887528.4331028,-4.0,1.0,-34.0
1776887528.4431028,-8.0,4.0,-36.0
1776887528.4531028,-5.0,2.0,-34.0
1776887528.4631028,-5.0,3.0,-37.0
1776887528.4731028,-3.0,0.0,-40.0
1776887528.4831028,0.0,2.0,-43.0
1776887528.4931028,-1.0,2.0,-36.0
1776887528.5031028,-7.0,5.0,-32.0
1776887528.5131028,-2.0,4.0,-34.0
1776887528.5231028,0.0,0.0,-33.0
1776887528.5331028,1.0,-4.0,-26.0
1776887528.5431027,-2.0,-8.0,-27.0
1776887528.5531027,-6.0,-4.0,-23.0
1776887528.5631027,0.0,0.0,-27.0
1776887528.5731027,4.0,1.0,-31.0
1776887528.5831027,6.0,0.0,-31.0
1776887528.5931027,2.0,0.0,-31.0
1776887528.6031027,6.0,1.0,-29.0
1776887528.613103,9.0,-1.0,-26.0
1776887528.623103,7.0,-5.0,-24.0
1776887528.633103,5.0,-2.0,-23.0
1776887528.6431026,1.0,-3.0,-25.0
1776887528.6531026,4.0,-4.0,-26.0
1776887528.6631026,2.0,-4.0,-30.0
1776887528.6731029,0.0,-6.0,-30.0
1776887528.6831028,-2.0,-4.0,-36.0
1776887528.6931028,-2.0,-4.0,-34.0
1776887528.7031028,0.0,-5.0,-38.0
1776887528.7131028,3.0,-5.0,-37.0
1776887528.7231028,3.0,-1.0,-35.0
1776887528.7331028,0.0,-4.0,-42.0
1776887528.7431028,-2.0,-6.0,-48.0
1776887528.7531028,-3.0,-1.0,-46.0
1776887528.7631028,-3.0,-3.0,-51.0
1776887528.7731028,-1.0,-3.0,-49.0
1776887528.7831028,-1.0,-4.0,-47.0
1776887528.7931027,-1.0,-6.0,-51.0
1776887528.8031027,1.0,-10.0,-49.0
1776887528.8131027,-1.0,-7.0,-48.0
1776887528.8231027,0.0,-3.0,-41.0
1776887528.8331027,4.0,-4.0,-44.0
1776887528.8431027,5.0,-6.0,-42.0
1776887528.8531027,1.0,-4.0,-39.0
1776887528.863103,-2.0,-5.0,-36.0
1776887528.873103,-4.0,-3.0,-29.0
1776887528.883103,-3.0,-1.0,-27.0
1776887528.8931026,0.0,-3.0,-31.0
1776887528.9031026,3.0,-3.0,-37.0
1776887528.9131026,0.0,-2.0,-39.0
1776887528.9231029,0.0,0.0,-40.0
1776887528.9331028,-2.0,0.0,-39.0
1776887528.9431028,-4.0,-2.0,-38.0
1776887528.9531028,-4.0,-3.0,-42.0
1776887528.9631028,-6.0,-3.0,-43.0
1776887528.9731028,-4.0,-2.0,-44.0
1776887528.9831028,1.0,0.0,-44.0
1776887528.9931028,1.0,-5.0,-42.0
1776887529.0031028,-1.0,-8.0,-36.0
1776887529.0131028,-4.0,-7.0,-43.0
1776887529.0231028,-3.0,-2.0,-46.0
1776887529.0331028,-2.0,-7.0,-43.0
1776887529.0431027,-2.0,-5.0,-39.0
1776887529.0531027,-1.0,0.0,-42.0
1776887529.0631027,0.0,3.0,-43.0
1776887529.0731027,3.0,3.0,-45.0
1776887529.0831027,6.0,3.0,-45.0
1776887529.0931027,4.0,4.0,-42.0
1776887529.1031027,2.0,0.0,-40.0
1776887529.113103,3.0,0.0,-36.0
1776887529.123103,3.0,0.0,-35.0
1776887529.133103,1.0,-1.0,-42.0
1776887529.1431026,-1.0,-3.0,-38.0
1776887529.1531026,-3.0,-4.0,-39.0
1776887529.1631026,-1.0,-1.0,-34.0
1776887529.1731029,0.0,0.0,-32.0
1776887529.1831028,3.0,0.0,-32.0
1776887529.1931028,1.0,2.0,-31.0
1776887529.2031028,-2.0,0.0,-30.0
1776887529.2131028,-1.0,0.0,-32.0
1776887529.2231028,1.0,4.0,-27.0
1776887529.2331028,2.0,1.0,-25.0
1776887529.2431028,0.0,1.0,-25.0
1776887529.2531028,3.0,0.0,-26.0
1776887529.2631028,2.0,-1.0,-28.0
1776887529.2731028,3.0,2.0,-30.0
1776887529.2831028,0.0,4.0,-34.0
1776887529.2931027,5.0,7.0,-32.0
1776887529.3031027,5.0,7.0,-32.0
1776887529.3131027,2.0,5.0,-35.0
1776887529.3231027,2.0,4.0,-37.0
1776887529.3331027,-4.0,4.0,-29.0
1776887529.3431027,-4.0,5.0,-25.0
1776887529.3531027,-3.0,3.0,-26.0
1776887529.363103,0.0,5.0,-21.0
1776887529.373103,5.0,5.0,-27.0
1776887529.383103,4.0,2.0,-34.0
1776887529.3931026,3.0,3.0,-37.0
1776887529.4031026,2.0,0.0,-43.0
1776887529.4131026,2.0,1.0,-45.0
1776887529.4231029,2.0,0.0,-38.0
1776887529.4331028,0.0,-4.0,-41.0
1776887529.4431028,2.0,-8.0,-43.0
1776887529.4531028,2.0,-1.0,-44.0
1776887529.4631028,2.0,1.0,-51.0
1776887529.4731028,6.0,1.0,-59.0
1776887529.4831028,3.0,6.0,-55.0
1776887529.4931028,0.0,3.0,-52.0
1776887529.5031028,0.0,0.0,-52.0
1776887529.5131028,0.0,0.0,-50.0
1776887529.5231028,-3.0,1.0,-44.0
1776887529.5331028,0.0,1.0,-47.0
1776887529.5431027,-2.0,0.0,-46.0
1776887529.5531027,-1.0,3.0,-39.0
1776887529.5631027,-1.0,0.0,-45.0
1776887529.5731027,2.0,0.0,-45.0
1776887529.5831027,0.0,-2.0,-40.0
1776887529.5931027,3.0,-3.0,-42.0
1776887529.6031027,10.0,-5.0,-42.0
1776887529.613103,9.0,-2.0,-43.0
1776887529.623103,0.0,-3.0,-44.0
1776887529.633103,1.0,0.0,-41.0
1776887529.6431026,2.0,3.0,-44.0
1776887529.6531026,3.0,4.0,-47.0
1776887529.6631026,3.0,2.0,-44.0
1776887529.6731029,4.0,1.0,-40.0
1776887529.6831028,2.0,2.0,-42.0
1776887529.6931028,3.0,4.0,-41.0
1776887529.7031028,4.0,6.0,-34.0
1776887529.7131028,5.0,7.0,-41.0
1776887529.7231028,3.0,2.0,-40.0
1776887529.7331028,-1.0,2.0,-34.0
1776887529.7431028,-2.0,1.0,-36.0
1776887529.7531028,-2.0,-1.0,-34.0
1776887529.7631028,3.0,-3.0,-35.0
1776887529.7731028,4.0,-6.0,-42.0
1776887529.7831028,2.0,-2.0,-44.0
1776887529.7931027,2.0,-2.0,-38.0
1776887529.8031027,7.0,0.0,-35.0
1776887529.8131027,10.0,0.0,-38.0
1776887529.8231027,8.0,0.0,-35.0
1776887529.8331027,7.0,3.0,-35.0
1776887529.8431027,5.0,5.0,-39.0
1776887529.8531027,3.0,5.0,-39.0
1776887529.8641028,1.0,7.0,-38.0
1776887529.873103,0.0,4.0,-33.0
1776887529.883103,4.0,0.0,-32.0
1776887529.8931026,6.0,0.0,-31.0
1776887529.9031026,10.0,-1.0,-34.0
1776887529.9131026,9.0,0.0,-38.0
1776887529.9231029,8.0,3.0,-38.0
1776887529.9331028,4.0,3.0,-34.0
1776887529.9431028,5.0,1.0,-30.0
1776887529.9531028,6.0,2.0,-33.0
1776887529.9641027,10.0,6.0,-32.0
1776887529.9731028,11.0,4.0,-39.0
1776887529.9841027,9.0,4.0,-40.0
1776887529.9941027,5.0,0.0,-38.0
1776887530.0041027,0.0,1.0,-44.0
1776887530.0141027,2.0,0.0,-40.0
1776887530.0241027,1.0,3.0,-43.0
1776887530.034103,3.0,4.0,-35.0
1776887530.044103,0.0,1.0,-37.0
1776887530.054103,0.0,1.0,-37.0
1776887530.0641026,0.0,4.0,-41.0
1776887530.0741026,1.0,2.0,-45.0
1776887530.0841026,-1.0,4.0,-41.0
1776887530.0941026,-1.0,7.0,-39.0
1776887530.1041028,0.0,9.0,-44.0
1776887530.1141028,2.0,11.0,-45.0
1776887530.1241028,5.0,15.0,-49.0
1776887530.1341028,7.0,11.0,-39.0
1776887530.1441028,8.0,9.0,-42.0
1776887530.1541028,9.0,6.0,-42.0
1776887530.1641028,8.0,0.0,-39.0
1776887530.1741028,7.0,-2.0,-39.0
1776887530.1841028,3.0,-1.0,-35.0
1776887530.1941028,6.0,0.0,-37.0
1776887530.2041028,6.0,-1.0,-41.0
1776887530.2141027,4.0,3.0,-42.0
1776887530.2241027,3.0,-2.0,-45.0
1776887530.2341027,3.0,0.0,-45.0
1776887530.2441027,1.0,3.0,-40.0
1776887530.2541027,-1.0,-1.0,-34.0
1776887530.2641027,-3.0,0.0,-33.0
1776887530.2741027,-5.0,-4.0,-42.0
1776887530.284103,-5.0,-1.0,-44.0
1776887530.294103,0.0,-1.0,-51.0
1776887530.304103,5.0,-2.0,-49.0
1776887530.3141026,5.0,-4.0,-40.0
1776887530.3241026,2.0,-3.0,-35.0
1776887530.3341026,4.0,-4.0,-30.0
1776887530.3441026,5.0,-4.0,-31.0
1776887530.3541028,3.0,-6.0,-29.0
1776887530.3641028,0.0,-5.0,-35.0
1776887530.3741028,0.0,0.0,-34.0
1776887530.3841028,0.0,0.0,-28.0
1776887530.3941028,3.0,0.0,-28.0
1776887530.4041028,-4.0,-2.0,-25.0
1776887530.4141028,-6.0,-4.0,-28.0
1776887530.4241028,-5.0,-5.0,-32.0
1776887530.4341028,0.0,-3.0,-38.0
1776887530.4441028,-1.0,-2.0,-42.0
1776887530.4541028,2.0,-3.0,-32.0
1776887530.4641027,3.0,-2.0,-30.0
1776887530.4741027,-2.0,-4.0,-29.0
1776887530.4841027,1.0,-1.0,-36.0
1776887530.4941027,1.0,2.0,-39.0
1776887530.5041027,3.0,-1.0,-38.0
1776887530.5141027,-2.0,0.0,-38.0
1776887530.5241027,0.0,1.0,-32.0
1776887530.534103,-1.0,2.0,-32.0
1776887530.544103,2.0,2.0,-34.0
1776887530.554103,-1.0,3.0,-34.0
1776887530.5641026,0.0,5.0,-42.0
1776887530.5741026,0.0,5.0,-37.0
1776887530.5841026,-4.0,3.0,-48.0
1776887530.5941026,-7.0,2.0,-51.0
1776887530.6041028,-6.0,1.0,-45.0
1776887530.6141028,0.0,4.0,-44.0
1776887530.6241028,-1.0,3.0,-41.0
1776887530.6341028,-2.0,1.0,-44.0
1776887530.6441028,-2.0,-2.0,-37.0
1776887530.6541028,-1.0,0.0,-41.0
1776887530.6641028,0.0,2.0,-39.0
1776887530.6741028,0.0,0.0,-32.0
1776887530.6841028,-1.0,0.0,-32.0
1776887530.6941028,-3.0,0.0,-27.0
1776887530.7041028,0.0,-1.0,-28.0
1776887530.7141027,4.0,-5.0,-27.0
1776887530.7241027,0.0,-4.0,-34.0
1776887530.7341027,-3.0,-4.0,-35.0
1776887530.7441027,-4.0,-2.0,-37.0
1776887530.7541027,-3.0,0.0,-30.0
1776887530.7651026,-2.0,-1.0,-34.0
1776887530.7741027,1.0,-1.0,-43.0
1776887530.784103,2.0,-1.0,-39.0
1776887530.794103,3.0,0.0,-41.0
1776887530.804103,3.0,-2.0,-42.0
1776887530.8141026,1.0,-1.0,-34.0
1776887530.8241026,-2.0,-2.0,-33.0
1776887530.8341026,-1.0,-2.0,-36.0
1776887530.8441026,-1.0,-1.0,-42.0
1776887530.8541028,-1.0,1.0,-36.0
1776887530.8641028,-3.0,3.0,-38.0
1776887530.8741028,1.0,5.0,-34.0
1776887530.8841028,4.0,2.0,-24.0
1776887530.8941028,4.0,-2.0,-27.0
1776887530.9041028,5.0,-3.0,-32.0
1776887530.9141028,3.0,-5.0,-41.0
1776887530.9241028,1.0,-2.0,-46.0
1776887530.9341028,4.0,0.0,-50.0
1776887530.9441028,3.0,-4.0,-53.0
1776887530.9541028,2.0,-3.0,-43.0
1776887530.9641027,0.0,-4.0,-41.0
1776887530.9741027,1.0,-6.0,-44.0
1776887530.9841027,2.0,-2.0,-42.0
1776887530.9941027,1.0,-3.0,-36.0
1776887531.0041027,0.0,-4.0,-37.0
1776887531.0141027,-3.0,-10.0,-38.0
1776887531.0241027,-1.0,-8.0,-42.0
1776887531.034103,0.0,-5.0,-39.0
1776887531.044103,-3.0,-6.0,-40.0
1776887531.054103,-3.0,-2.0,-45.0
1776887531.0641026,0.0,1.0,-43.0
1776887531.0741026,4.0,1.0,-49.0
1776887531.0841026,5.0,0.0,-44.0
1776887531.0941026,3.0,0.0,-42.0
1776887531.1041028,1.0,1.0,-36.0
1776887531.1141028,0.0,1.0,-41.0
1776887531.1241028,-1.0,3.0,-45.0
1776887531.1341028,-2.0,3.0,-41.0
1776887531.1441028,3.0,3.0,-48.0
1776887531.1541028,1.0,-5.0,-36.0
1776887531.1641028,0.0,-4.0,-30.0
1776887531.1741028,-4.0,-4.0,-28.0
1776887531.1841028,-4.0,-2.0,-38.0
1776887531.1941028,0.0,0.0,-41.0
1776887531.2041028,-4.0,-4.0,-40.0
1776887531.2141027,-5.0,-6.0,-39.0
1776887531.2241027,-5.0,-6.0,-44.0
1776887531.2341027,-7.0,-5.0,-39.0
1776887531.2441027,-4.0,-3.0,-34.0
1776887531.2541027,-8.0,-2.0,-37.0
1776887531.2641027,-4.0,2.0,-35.0
1776887531.2741027,-2.0,2.0,-37.0
1776887531.284103,-2.0,0.0,-40.0
1776887531.294103,1.0,-1.0,-41.0
1776887531.304103,6.0,-4.0,-39.0
1776887531.3141026,6.0,-2.0,-40.0
1776887531.3241026,4.0,0.0,-38.0
1776887531.3341026,3.0,0.0,-38.0
1776887531.3441026,2.0,-1.0,-41.0
1776887531.3541028,2.0,2.0,-31.0
1776887531.3641028,0.0,2.0,-30.0
1776887531.3741028,1.0,1.0,-30.0
1776887531.3841028,2.0,2.0,-29.0
1776887531.3941028,1.0,1.0,-23.0
1776887531.4041028,2.0,0.0,-25.0
1776887531.4141028,7.0,0.0,-30.0
1776887531.4241028,5.0,0.0,-27.0
1776887531.4341028,0.0,0.0,-34.0
1776887531.4441028,-2.0,0.0,-40.0
1776887531.4541028,-2.0,-2.0,-37.0
1776887531.4641027,1.0,-4.0,-39.0
1776887531.4741027,0.0,-7.0,-38.0
1776887531.4841027,-9.0,-9.0,-40.0
1776887531.4941027,-3.0,-7.0,-43.0
1776887531.5041027,-4.0,-9.0,-37.0
1776887531.5141027,2.0,-8.0,-33.0
1776887531.5241027,0.0,-5.0,-37.0
1776887531.534103,1.0,-2.0,-38.0
1776887531.544103,0.0,-1.0,-38.0
1776887531.554103,0.0,0.0,-36.0
1776887531.5641026,3.0,-3.0,-33.0
1776887531.5741026,5.0,-8.0,-32.0
1776887531.5841026,2.0,-9.0,-31.0
1776887531.5941026,-3.0,-9.0,-33.0
1776887531.6041028,-4.0,-7.0,-33.0
1776887531.6141028,-1.0,-10.0,-32.0
1776887531.6241028,0.0,-10.0,-29.0
1776887531.6341028,-2.0,-9.0,-29.0
1776887531.6441028,0.0,-2.0,-30.0
1776887531.6541028,2.0,0.0,-28.0
1776887531.6641028,3.0,0.0,-26.0
1776887531.6741028,1.0,-1.0,-33.0
1776887531.6841028,0.0,3.0,-38.0
1776887531.6941028,1.0,1.0,-38.0
1776887531.7041028,0.0,0.0,-40.0
1776887531.7141027,0.0,0.0,-34.0
1776887531.7241027,1.0,1.0,-27.0
1776887531.7341027,-3.0,-1.0,-29.0
1776887531.7441027,-4.0,1.0,-27.0
1776887531.7541027,-4.0,3.0,-29.0
1776887531.7641027,-7.0,3.0,-32.0
1776887531.7741027,-7.0,5.0,-34.0
1776887531.784103,-3.0,0.0,-33.0
1776887531.794103,-3.0,-1.0,-31.0
1776887531.804103,-1.0,1.0,-31.0
1776887531.8141026,-1.0,1.0,-31.0
1776887531.8241026,1.0,0.0,-34.0
1776887531.8341026,-5.0,0.0,-38.0
1776887531.8441026,-2.0,-2.0,-44.0
1776887531.8541028,1.0,-2.0,-39.0
1776887531.8641028,0.0,-1.0,-32.0
1776887531.8741028,-1.0,0.0,-30.0
1776887531.8841028,3.0,1.0,-27.0
1776887531.8941028,2.0,-2.0,-20.0
1776887531.9041028,7.0,-2.0,-22.0
1776887531.9141028,7.0,0.0,-18.0
1776887531.9241028,7.0,0.0,-28.0
1776887531.9341028,5.0,0.0,-30.0
1776887531.9441028,6.0,0.0,-42.0
1776887531.9541028,5.0,2.0,-46.0
1776887531.965103,1.0,-1.0,-40.0
1776887531.9741027,5.0,-1.0,-39.0
1776887531.985103,4.0,0.0,-35.0
1776887531.9951026,6.0,-1.0,-33.0
1776887532.0051026,9.0,0.0,-35.0
1776887532.0151026,8.0,2.0,-35.0
1776887532.0251029,5.0,1.0,-33.0
1776887532.0351028,0.0,2.0,-37.0
1776887532.0451028,0.0,4.0,-32.0
1776887532.0551028,0.0,3.0,-36.0
1776887532.0651028,-6.0,1.0,-38.0
1776887532.0751028,-2.0,0.0,-38.0
1776887532.0851028,0.0,0.0,-41.0
1776887532.0951028,0.0,0.0,-43.0
1776887532.1051028,0.0,-2.0,-39.0
1776887532.1151028,3.0,-3.0,-39.0
1776887532.1251028,2.0,-6.0,-36.0
1776887532.1351027,2.0,-7.0,-32.0
1776887532.1451027,0.0,-8.0,-33.0
1776887532.1551027,0.0,-8.0,-28.0
1776887532.1651027,-2.0,-4.0,-27.0
1776887532.1751027,-4.0,-2.0,-30.0
1776887532.1851027,0.0,-7.0,-36.0
1776887532.1951027,-1.0,-8.0,-38.0
1776887532.2051027,1.0,-9.0,-36.0
1776887532.215103,6.0,-5.0,-32.0
1776887532.225103,8.0,-5.0,-34.0
1776887532.235103,7.0,-6.0,-32.0
1776887532.2451026,9.0,-9.0,-31.0
1776887532.2551026,8.0,-9.0,-33.0
1776887532.2651026,5.0,-9.0,-34.0
1776887532.2751029,7.0,-6.0,-34.0
1776887532.2851028,2.0,-6.0,-31.0
1776887532.2951028,2.0,-3.0,-39.0
1776887532.3051028,4.0,-4.0,-38.0
1776887532.3151028,8.0,0.0,-36.0
1776887532.3251028,3.0,0.0,-31.0
1776887532.3351028,1.0,0.0,-32.0
1776887532.3451028,4.0,1.0,-33.0
1776887532.3551028,2.0,0.0,-32.0
1776887532.3651028,-2.0,-2.0,-33.0
1776887532.3751028,-6.0,-2.0,-40.0
1776887532.3851027,-8.0,3.0,-33.0
1776887532.3951027,-3.0,0.0,-30.0
1776887532.4051027,0.0,0.0,-26.0
1776887532.4151027,-3.0,-4.0,-27.0
1776887532.4251027,-4.0,0.0,-26.0
1776887532.4351027,-6.0,2.0,-30.0
1776887532.4451027,-4.0,-2.0,-34.0
1776887532.4551027,-1.0,-4.0,-36.0
1776887532.465103,1.0,-4.0,-37.0
1776887532.475103,3.0,-6.0,-40.0
1776887532.485103,2.0,-6.0,-37.0
1776887532.4951026,1.0,-2.0,-32.0
1776887532.5051026,0.0,-1.0,-29.0
1776887532.5151026,-4.0,-1.0,-27.0
1776887532.5251029,-4.0,-2.0,-30.0
1776887532.5351028,-5.0,-2.0,-24.0
1776887532.5451028,-8.0,-5.0,-26.0
1776887532.5551028,-8.0,-3.0,-26.0
1776887532.5651028,-4.0,-3.0,-23.0
1776887532.5751028,-3.0,0.0,-30.0
1776887532.5851028,-2.0,-2.0,-31.0
1776887532.5951028,0.0,-2.0,-34.0
1776887532.6051028,-1.0,-3.0,-31.0
1776887532.6151028,-1.0,-2.0,-29.0
1776887532.6251028,1.0,-5.0,-26.0
1776887532.6351027,-1.0,-6.0,-28.0
1776887532.6451027,-1.0,-7.0,-26.0
1776887532.6551027,0.0,-3.0,-27.0
1776887532.6651027,-1.0,-1.0,-28.0
1776887532.6751027,-2.0,-3.0,-22.0
1776887532.6851027,2.0,-1.0,-27.0
1776887532.6951027,4.0,0.0,-25.0
1776887532.7051027,1.0,0.0,-27.0
1776887532.715103,0.0,-5.0,-30.0
1776887532.725103,3.0,-2.0,-27.0
1776887532.735103,3.0,1.0,-30.0
1776887532.7451026,1.0,1.0,-28.0
1776887532.7551026,6.0,0.0,-28.0
1776887532.7651026,11.0,-5.0,-37.0
1776887532.7751029,6.0,-2.0,-38.0
1776887532.7851028,1.0,-1.0,-39.0
1776887532.7951028,5.0,0.0,-42.0
1776887532.8051028,3.0,-1.0,-36.0
1776887532.8151028,1.0,-1.0,-35.0
1776887532.8251028,0.0,0.0,-41.0
1776887532.8351028,2.0,-1.0,-42.0
1776887532.8451028,4.0,-4.0,-37.0
1776887532.8551028,6.0,-3.0,-42.0
1776887532.8651028,1.0,-4.0,-45.0
1776887532.8751028,-2.0,-5.0,-49.0
1776887532.8851027,-2.0,0.0,-51.0
1776887532.8951027,0.0,4.0,-41.0
1776887532.9051027,0.0,4.0,-42.0
1776887532.9151027,3.0,4.0,-44.0
1776887532.9251027,-1.0,4.0,-45.0
1776887532.9351027,-5.0,0.0,-50.0
1776887532.9451027,-1.0,-1.0,-53.0
1776887532.9551027,1.0,0.0,-55.0
1776887532.965103,0.0,-5.0,-53.0
1776887532.975103,-1.0,-9.0,-49.0
1776887532.985103,0.0,-11.0,-44.0
1776887532.9951026,-4.0,-11.0,-42.0
1776887533.0051026,-4.0,-9.0,-38.0
1776887533.0151026,-5.0,-7.0,-38.0
1776887533.0251029,-4.0,-4.0,-42.0
1776887533.0351028,0.0,-4.0,-42.0
1776887533.0451028,0.0,-6.0,-42.0
1776887533.0551028,-3.0,-7.0,-37.0
1776887533.0651028,0.0,-4.0,-38.0
1776887533.0751028,-2.0,-5.0,-35.0
1776887533.0851028,-3.0,-7.0,-32.0
1776887533.0951028,0.0,-4.0,-30.0
1776887533.1051028,5.0,-4.0,-37.0
1776887533.1151028,1.0,-8.0,-40.0
1776887533.1251028,0.0,-10.0,-36.0
1776887533.1351027,0.0,-8.0,-28.0
1776887533.1451027,4.0,-6.0,-24.0
1776887533.1551027,6.0,0.0,-21.0
1776887533.1651027,9.0,0.0,-20.0
1776887533.1751027,6.0,1.0,-26.0
1776887533.1851027,5.0,1.0,-26.0
1776887533.1951027,7.0,-1.0,-28.0
1776887533.2051027,3.0,-3.0,-26.0
1776887533.215103,0.0,-6.0,-29.0
1776887533.225103,0.0,-4.0,-29.0
1776887533.235103,4.0,-4.0,-33.0
1776887533.2451026,5.0,0.0,-36.0
1776887533.2551026,9.0,1.0,-42.0
1776887533.2651026,8.0,2.0,-39.0
1776887533.2751029,7.0,0.0,-43.0
1776887533.2851028,2.0,-2.0,-41.0
1776887533.2951028,-1.0,0.0,-42.0
1776887533.3051028,0.0,1.0,-45.0
1776887533.3151028,-2.0,-2.0,-37.0
1776887533.3251028,-4.0,-3.0,-35.0
1776887533.3351028,-5.0,-2.0,-41.0
1776887533.3451028,-5.0,2.0,-41.0
1776887533.3551028,-6.0,-1.0,-37.0
1776887533.3651028,-5.0,0.0,-36.0
1776887533.3751028,-3.0,0.0,-36.0
1776887533.3851027,-3.0,-2.0,-40.0
1776887533.3951027,-3.0,0.0,-40.0
1776887533.4051027,2.0,-1.0,-34.0
1776887533.4151027,6.0,-1.0,-35.0
1776887533.4251027,3.0,-4.0,-31.0
1776887533.4351027,0.0,-2.0,-31.0
1776887533.4451027,1.0,-1.0,-37.0
1776887533.4551027,4.0,-3.0,-39.0
1776887533.465103,5.0,0.0,-49.0
1776887533.475103,7.0,-2.0,-39.0
1776887533.485103,3.0,2.0,-35.0
1776887533.4951026,4.0,2.0,-34.0
1776887533.5051026,4.0,4.0,-36.0
1776887533.5151026,3.0,2.0,-36.0
1776887533.5251029,-1.0,0.0,-39.0
1776887533.5351028,-1.0,0.0,-37.0
1776887533.5451028,0.0,-1.0,-39.0
1776887533.5551028,0.0,-1.0,-43.0
1776887533.5651028,0.0,0.0,-42.0
1776887533.5751028,0.0,2.0,-47.0
1776887533.5851028,0.0,3.0,-41.0
1776887533.5951028,-3.0,-2.0,-40.0
1776887533.6051028,-3.0,0.0,-39.0
1776887533.6151028,0.0,-2.0,-39.0
1776887533.6251028,-1.0,-5.0,-43.0
1776887533.6351027,0.0,-1.0,-41.0
1776887533.6451027,1.0,1.0,-45.0
1776887533.6551027,1.0,0.0,-50.0
1776887533.6651027,3.0,0.0,-52.0
1776887533.6751027,1.0,3.0,-54.0
1776887533.6851027,-1.0,3.0,-54.0
1776887533.6951027,0.0,3.0,-55.0
1776887533.7051027,-3.0,1.0,-47.0
1776887533.715103,-5.0,3.0,-40.0
1776887533.725103,-3.0,0.0,-35.0
1776887533.735103,-5.0,0.0,-32.0
1776887533.7451026,-7.0,-2.0,-33.0
1776887533.7551026,-7.0,-4.0,-32.0
1776887533.7651026,-6.0,-4.0,-31.0
1776887533.7751029,-8.0,0.0,-31.0
1776887533.7851028,-3.0,-3.0,-38.0
1776887533.7951028,-1.0,-5.0,-26.0
1776887533.8051028,-2.0,-3.0,-22.0
1776887533.8151028,-1.0,-2.0,-25.0
1776887533.8251028,0.0,-5.0,-35.0
1776887533.8351028,0.0,-9.0,-42.0
1776887533.8451028,-2.0,-6.0,-44.0
1776887533.8551028,0.0,-5.0,-43.0
1776887533.8651028,3.0,-4.0,-38.0
1776887533.8751028,0.0,-1.0,-33.0
1776887533.8851027,0.0,2.0,-29.0
1776887533.8951027,2.0,4.0,-32.0
1776887533.9051027,1.0,0.0,-30.0
1776887533.9151027,2.0,-2.0,-29.0
1776887533.9251027,3.0,0.0,-36.0
1776887533.9351027,3.0,-3.0,-39.0
1776887533.9451027,1.0,-4.0,-39.0
1776887533.9551027,4.0,3.0,-40.0
1776887533.9661028,0.0,3.0,-33.0
1776887533.9761028,4.0,0.0,-29.0
1776887533.9861028,5.0,-6.0,-27.0
1776887533.9961028,5.0,-4.0,-28.0
1776887534.0061028,7.0,-4.0,-34.0
1776887534.0161028,6.0,-1.0,-38.0
1776887534.0261028,4.0,0.0,-39.0
1776887534.0361028,0.0,0.0,-38.0
1776887534.0461028,-2.0,0.0,-48.0
1776887534.0561028,-6.0,3.0,-59.0
1776887534.0661027,-3.0,4.0,-55.0
1776887534.0761027,-7.0,0.0,-56.0
1776887534.0861027,-9.0,0.0,-58.0
1776887534.0961027,-8.0,1.0,-55.0
1776887534.1061027,-2.0,1.0,-47.0
1776887534.1161027,-2.0,1.0,-39.0
1776887534.1261027,-2.0,0.0,-40.0
1776887534.136103,-1.0,0.0,-39.0
1776887534.146103,-3.0,-1.0,-40.0
1776887534.156103,0.0,-1.0,-42.0
1776887534.1661026,0.0,2.0,-37.0
1776887534.1761026,3.0,1.0,-32.0
1776887534.1861026,3.0,4.0,-33.0
1776887534.1961029,0.0,-3.0,-22.0
1776887534.2061028,3.0,-4.0,-24.0
1776887534.2161028,2.0,-6.0,-26.0
1776887534.2261028,0.0,-6.0,-26.0
1776887534.2361028,-4.0,-5.0,-26.0
1776887534.2461028,-4.0,-2.0,-21.0
1776887534.2561028,-4.0,-3.0,-23.0
1776887534.2661028,-2.0,-5.0,-26.0
1776887534.2761028,2.0,-7.0,-25.0
1776887534.2861028,1.0,-9.0,-27.0
1776887534.2961028,4.0,-11.0,-27.0
1776887534.3061028,6.0,-9.0,-38.0
1776887534.3161027,3.0,-5.0,-32.0
1776887534.3261027,1.0,-5.0,-33.0
1776887534.3361027,-2.0,-4.0,-38.0
1776887534.3461027,1.0,-1.0,-41.0
1776887534.3561027,8.0,-3.0,-42.0
1776887534.3661027,11.0,0.0,-45.0
1776887534.3761027,7.0,0.0,-49.0
1776887534.386103,6.0,0.0,-46.0
1776887534.396103,2.0,0.0,-44.0
1776887534.406103,2.0,0.0,-47.0
1776887534.4161026,6.0,-4.0,-45.0
1776887534.4261026,1.0,-4.0,-44.0
1776887534.4361026,-6.0,-5.0,-40.0
1776887534.4461029,-7.0,-4.0,-47.0
1776887534.4561028,-3.0,0.0,-43.0
1776887534.4661028,-4.0,-1.0,-45.0
1776887534.4761028,-3.0,-3.0,-43.0
1776887534.4861028,-5.0,0.0,-40.0
1776887534.4961028,-5.0,-1.0,-34.0
1776887534.5061028,-3.0,0.0,-38.0
1776887534.5161028,-2.0,5.0,-41.0
1776887534.5261028,-4.0,3.0,-47.0
1776887534.5361028,-2.0,2.0,-54.0
1776887534.5461028,-1.0,1.0,-52.0
1776887534.5561028,1.0,5.0,-49.0
1776887534.5661027,4.0,4.0,-42.0
1776887534.5761027,3.0,3.0,-40.0
1776887534.5861027,4.0,4.0,-38.0
1776887534.5961027,0.0,1.0,-31.0
1776887534.6061027,-2.0,1.0,-25.0
1776887534.6161027,-1.0,2.0,-25.0
1776887534.6261027,0.0,2.0,-28.0
1776887534.636103,0.0,1.0,-33.0
1776887534.646103,1.0,-1.0,-35.0
1776887534.656103,2.0,-5.0,-38.0
1776887534.6661026,0.0,-5.0,-36.0
1776887534.6761026,-1.0,-2.0,-37.0
1776887534.6861026,-1.0,-4.0,-34.0
1776887534.6961029,0.0,-8.0,-37.0
1776887534.7061028,0.0,-9.0,-37.0
1776887534.7161028,1.0,-3.0,-35.0
1776887534.7261028,1.0,-1.0,-35.0
1776887534.7361028,1.0,0.0,-39.0
1776887534.7461028,1.0,1.0,-39.0
1776887534.7561028,-2.0,3.0,-38.0
1776887534.7661028,3.0,3.0,-28.0
1776887534.7761028,5.0,0.0,-25.0
1776887534.7861028,3.0,-2.0,-25.0
1776887534.7961028,4.0,-1.0,-23.0
1776887534.8061028,0.0,2.0,-22.0
1776887534.8161027,3.0,0.0,-23.0
1776887534.8261027,1.0,3.0,-18.0
1776887534.8361027,3.0,2.0,-21.0
1776887534.8461027,0.0,0.0,-19.0
1776887534.8561027,-2.0,-1.0,-24.0
1776887534.8661027,-3.0,-7.0,-30.0
1776887534.8761027,0.0,-8.0,-35.0
1776887534.886103,1.0,-9.0,-30.0
1776887534.896103,5.0,-9.0,-35.0
1776887534.906103,4.0,-12.0,-32.0
1776887534.9161026,4.0,-12.0,-33.0
1776887534.9261026,5.0,-12.0,-38.0
1776887534.9361026,3.0,-11.0,-38.0
1776887534.9461029,1.0,-10.0,-31.0
1776887534.9561028,-3.0,-10.0,-31.0
1776887534.9661028,-5.0,-8.0,-37.0
1776887534.9761028,-5.0,-10.0,-42.0
1776887534.9861028,-6.0,-10.0,-44.0
1776887534.9961028,-5.0,-9.0,-44.0
1776887535.0061028,-4.0,-4.0,-38.0
1776887535.0161028,-3.0,3.0,-34.0
1776887535.0261028,-6.0,5.0,-31.0
1776887535.0361028,-3.0,0.0,-33.0
1776887535.0461028,-2.0,0.0,-37.0
1776887535.0561028,0.0,-4.0,-31.0
1776887535.0661027,1.0,-1.0,-35.0
1776887535.0761027,2.0,1.0,-29.0
1776887535.0861027,1.0,0.0,-30.0
1776887535.0961027,0.0,2.0,-33.0
1776887535.1061027,-1.0,0.0,-31.0
1776887535.1161027,-1.0,-3.0,-34.0
1776887535.1261027,0.0,0.0,-44.0
1776887535.136103,1.0,0.0,-49.0
1776887535.146103,0.0,0.0,-50.0
1776887535.156103,-2.0,2.0,-49.0
1776887535.1661026,4.0,0.0,-47.0
1776887535.1761026,3.0,4.0,-40.0
1776887535.1861026,1.0,4.0,-34.0
1776887535.1961029,0.0,4.0,-36.0
1776887535.2061028,2.0,2.0,-35.0
1776887535.2161028,2.0,1.0,-34.0
1776887535.2261028,7.0,6.0,-36.0
1776887535.2361028,3.0,9.0,-35.0
1776887535.2461028,5.0,5.0,-30.0
1776887535.2561028,4.0,5.0,-34.0
1776887535.2661028,1.0,4.0,-32.0
1776887535.2761028,0.0,4.0,-33.0
1776887535.2861028,-2.0,5.0,-37.0
1776887535.2961028,-1.0,5.0,-44.0
1776887535.3061028,3.0,4.0,-52.0
1776887535.3161027,0.0,2.0,-51.0
1776887535.3261027,2.0,-1.0,-48.0
1776887535.3361027,0.0,-3.0,-48.0
1776887535.3461027,-1.0,-4.0,-44.0
1776887535.3561027,-1.0,-8.0,-40.0
1776887535.3661027,0.0,-9.0,-40.0
1776887535.3761027,0.0,-4.0,-37.0
1776887535.386103,-1.0,-6.0,-39.0
1776887535.396103,0.0,-6.0,-38.0
1776887535.406103,0.0,-4.0,-40.0
1776887535.4161026,2.0,-5.0,-41.0
1776887535.4261026,2.0,-4.0,-38.0
1776887535.4361026,1.0,0.0,-34.0
1776887535.4461029,1.0,0.0,-34.0
1776887535.4561028,4.0,2.0,-31.0
1776887535.4661028,5.0,5.0,-30.0
1776887535.4761028,2.0,0.0,-29.0
1776887535.4861028,4.0,1.0,-36.0
1776887535.4961028,6.0,2.0,-34.0
1776887535.5061028,2.0,0.0,-36.0
1776887535.5161028,3.0,-1.0,-37.0
1776887535.5261028,5.0,-1.0,-38.0
1776887535.5361028,9.0,-1.0,-40.0
1776887535.5461028,6.0,-4.0,-38.0
1776887535.5561028,4.0,-2.0,-40.0
1776887535.5661027,3.0,-2.0,-41.0
1776887535.5761027,0.0,-4.0,-41.0
1776887535.5861027,0.0,-4.0,-35.0
1776887535.5961027,0.0,-1.0,-36.0
1776887535.6061027,-2.0,-1.0,-33.0
1776887535.6161027,-2.0,-6.0,-33.0
1776887535.6261027,-5.0,-4.0,-29.0
1776887535.636103,0.0,-2.0,-31.0
1776887535.646103,3.0,-1.0,-31.0
1776887535.656103,6.0,-2.0,-30.0
1776887535.6661026,4.0,-2.0,-35.0
1776887535.6761026,4.0,-3.0,-36.0
1776887535.6861026,11.0,-5.0,-34.0
1776887535.6961029,9.0,-5.0,-30.0
1776887535.7061028,10.0,-6.0,-31.0
1776887535.7161028,8.0,-2.0,-31.0
1776887535.7261028,8.0,-3.0,-33.0
1776887535.7361028,7.0,-7.0,-35.0
1776887535.7461028,4.0,-7.0,-39.0
1776887535.7561028,5.0,-3.0,-40.0
1776887535.7661028,11.0,-3.0,-35.0
1776887535.7761028,10.0,-1.0,-38.0
1776887535.7861028,9.0,0.0,-40.0
1776887535.7961028,4.0,-1.0,-31.0
1776887535.8061028,1.0,0.0,-29.0
1776887535.8161027,0.0,0.0,-28.0
1776887535.8261027,4.0,0.0,-28.0
1776887535.8361027,4.0,-3.0,-39.0
1776887535.8461027,1.0,-1.0,-39.0
1776887535.8561027,1.0,-1.0,-42.0
1776887535.8661027,5.0,-1.0,-41.0
1776887535.8761027,11.0,-1.0,-45.0
1776887535.886103,7.0,-4.0,-42.0
1776887535.896103,5.0,-6.0,-40.0
1776887535.906103,2.0,-5.0,-38.0
1776887535.9161026,4.0,-2.0,-39.0
1776887535.9261026,6.0,0.0,-40.0
1776887535.9361026,5.0,2.0,-39.0
1776887535.9461029,3.0,5.0,-41.0
1776887535.9561028,4.0,2.0,-30.0
1776887535.9661028,6.0,-1.0,-35.0
1776887535.9771028,3.0,-1.0,-36.0
1776887535.9871027,3.0,-1.0,-25.0
1776887535.9971027,7.0,-2.0,-23.0
1776887536.0061028,4.0,-3.0,-32.0
1776887536.0171027,4.0,-2.0,-41.0
1776887536.0271027,2.0,-1.0,-43.0
1776887536.0371027,3.0,-3.0,-38.0
1776887536.0471027,3.0,-5.0,-42.0
1776887536.057103,2.0,-4.0,-40.0
1776887536.067103,6.0,-4.0,-41.0
1776887536.077103,3.0,-5.0,-43.0
1776887536.087103,0.0,-5.0,-41.0
1776887536.0971026,1.0,-8.0,-43.0
1776887536.1071026,0.0,-6.0,-37.0
1776887536.1171026,-3.0,-5.0,-39.0
1776887536.1271029,-7.0,-1.0,-43.0
1776887536.1371028,-6.0,0.0,-42.0
1776887536.1471028,-5.0,1.0,-47.0
1776887536.1571028,-1.0,-1.0,-48.0
1776887536.1671028,0.0,5.0,-41.0
1776887536.1771028,2.0,2.0,-37.0
1776887536.1871028,1.0,-1.0,-37.0
1776887536.1971028,0.0,-3.0,-42.0
1776887536.2071028,0.0,-5.0,-45.0
1776887536.2171028,1.0,-6.0,-48.0
1776887536.2271028,1.0,-5.0,-50.0
1776887536.2371027,4.0,-1.0,-52.0
1776887536.2471027,5.0,2.0,-45.0
1776887536.2571027,3.0,-1.0,-41.0
1776887536.2671027,5.0,0.0,-36.0
1776887536.2771027,7.0,-2.0,-37.0
1776887536.2871027,10.0,-2.0,-32.0
1776887536.2971027,6.0,-6.0,-31.0
1776887536.307103,3.0,-1.0,-29.0
1776887536.317103,0.0,-4.0,-30.0
1776887536.327103,-1.0,-3.0,-31.0
1776887536.337103,1.0,-4.0,-33.0
1776887536.3471026,2.0,-1.0,-39.0
1776887536.3571026,0.0,1.0,-40.0
1776887536.3671026,-2.0,-1.0,-40.0
1776887536.3771029,-3.0,-3.0,-43.0
1776887536.3871028,3.0,-3.0,-35.0
1776887536.3971028,1.0,-7.0,-32.0
1776887536.4071028,6.0,-6.0,-27.0
1776887536.4171028,7.0,-2.0,-29.0
1776887536.4271028,4.0,0.0,-33.0
1776887536.4371028,2.0,0.0,-39.0
1776887536.4471028,1.0,0.0,-45.0
1776887536.4571028,1.0,-2.0,-42.0
1776887536.4671028,1.0,-5.0,-44.0
1776887536.4771028,-1.0,-4.0,-42.0
1776887536.4871027,0.0,0.0,-40.0
1776887536.4971027,0.0,0.0,-35.0
1776887536.5071027,-5.0,-1.0,-40.0
1776887536.5171027,-2.0,0.0,-38.0
1776887536.5271027,0.0,2.0,-42.0
1776887536.5371027,0.0,0.0,-41.0
1776887536.5471027,0.0,-3.0,-36.0
1776887536.557103,0.0,0.0,-34.0
1776887536.567103,0.0,0.0,-32.0
1776887536.577103,-3.0,0.0,-31.0
1776887536.587103,0.0,-1.0,-29.0
1776887536.5971026,2.0,-4.0,-31.0
1776887536.6071026,0.0,-5.0,-37.0
1776887536.6171026,0.0,-4.0,-35.0
1776887536.6271029,4.0,-2.0,-34.0
1776887536.6371028,6.0,0.0,-39.0
1776887536.6471028,4.0,-5.0,-34.0
1776887536.6571028,1.0,-5.0,-30.0
1776887536.6671028,4.0,-3.0,-32.0
1776887536.6771028,2.0,3.0,-37.0
1776887536.6871028,1.0,3.0,-37.0
1776887536.6971028,1.0,0.0,-38.0
1776887536.7071028,0.0,2.0,-42.0
1776887536.7171028,0.0,1.0,-42.0
1776887536.7271028,3.0,-4.0,-40.0
1776887536.7371027,1.0,-3.0,-36.0
1776887536.7471027,-2.0,-2.0,-37.0
1776887536.7571027,-4.0,-1.0,-40.0
1776887536.7671027,0.0,0.0,-38.0
1776887536.7771027,-5.0,2.0,-42.0
1776887536.7871027,-1.0,3.0,-46.0
1776887536.7971027,4.0,2.0,-49.0
1776887536.807103,8.0,0.0,-51.0
1776887536.817103,8.0,0.0,-49.0
1776887536.827103,4.0,0.0,-40.0
1776887536.837103,-1.0,0.0,-39.0
1776887536.8471026,-3.0,-2.0,-39.0
1776887536.8571026,-1.0,-1.0,-39.0
1776887536.8671026,-1.0,-3.0,-36.0
1776887536.8771029,0.0,0.0,-42.0
1776887536.8871028,0.0,-3.0,-45.0
1776887536.8971028,0.0,-4.0,-46.0
1776887536.9071028,2.0,-2.0,-48.0
1776887536.9171028,-1.0,-4.0,-47.0
1776887536.9271028,0.0,-6.0,-45.0
1776887536.9371028,0.0,-6.0,-42.0
1776887536.9471028,-3.0,-6.0,-44.0
1776887536.9571028,1.0,-5.0,-47.0
1776887536.9671028,0.0,-5.0,-40.0
1776887536.9771028,2.0,-1.0,-34.0
1776887536.9871027,0.0,-2.0,-25.0
1776887536.9971027,0.0,-1.0,-32.0
1776887537.0071027,0.0,-2.0,-31.0
1776887537.0171027,1.0,0.0,-26.0
1776887537.0271027,0.0,0.0,-34.0
1776887537.0371027,-3.0,2.0,-33.0
1776887537.0471027,-2.0,0.0,-33.0
1776887537.057103,-4.0,2.0,-33.0
1776887537.067103,-2.0,4.0,-35.0
1776887537.077103,-2.0,1.0,-34.0
1776887537.087103,2.0,-2.0,-30.0
1776887537.0971026,3.0,-2.0,-32.0
1776887537.1071026,1.0,-3.0,-28.0
1776887537.1171026,1.0,-1.0,-31.0
1776887537.1271029,0.0,-2.0,-36.0
1776887537.1371028,2.0,-3.0,-36.0
1776887537.1471028,6.0,-8.0,-37.0
1776887537.1571028,10.0,-8.0,-38.0
1776887537.1671028,13.0,-5.0,-41.0
1776887537.1771028,11.0,-3.0,-35.0
1776887537.1871028,4.0,-2.0,-31.0
1776887537.1971028,0.0,-2.0,-32.0
1776887537.2071028,2.0,-1.0,-38.0
1776887537.2171028,4.0,-1.0,-34.0
1776887537.2271028,0.0,0.0,-35.0
1776887537.2371027,1.0,2.0,-36.0
1776887537.2471027,3.0,1.0,-32.0
1776887537.2571027,4.0,0.0,-37.0
1776887537.2671027,0.0,-2.0,-40.0
1776887537.2771027,1.0,0.0,-38.0
1776887537.2871027,0.0,0.0,-33.0
1776887537.2971027,5.0,3.0,-34.0
1776887537.307103,8.0,1.0,-36.0
1776887537.317103,6.0,-4.0,-34.0
1776887537.327103,3.0,-3.0,-35.0
1776887537.337103,1.0,0.0,-38.0
1776887537.3471026,-2.0,2.0,-36.0
1776887537.3571026,-6.0,-2.0,-31.0
1776887537.3671026,-5.0,-4.0,-31.0
1776887537.3771029,-4.0,-6.0,-33.0
1776887537.3871028,-2.0,-6.0,-38.0
1776887537.3971028,-2.0,-5.0,-38.0
1776887537.4071028,1.0,-2.0,-42.0
1776887537.4171028,0.0,-1.0,-42.0
1776887537.4271028,-1.0,-3.0,-43.0
1776887537.4371028,-1.0,-3.0,-48.0
1776887537.4471028,4.0,-5.0,-32.0
1776887537.4571028,3.0,-3.0,-28.0
1776887537.4671028,1.0,-1.0,-28.0
1776887537.4771028,-1.0,0.0,-25.0
1776887537.4871027,-2.0,0.0,-31.0
1776887537.4971027,-1.0,2.0,-33.0
1776887537.5071027,0.0,0.0,-33.0
1776887537.5171027,4.0,0.0,-31.0
1776887537.5271027,2.0,0.0,-30.0
1776887537.5371027,3.0,0.0,-35.0
1776887537.5471027,7.0,-4.0,-35.0
1776887537.557103,6.0,-4.0,-31.0
1776887537.567103,8.0,-5.0,-29.0
1776887537.577103,2.0,-2.0,-32.0
1776887537.587103,0.0,-7.0,-34.0
1776887537.5971026,3.0,-6.0,-36.0
1776887537.6071026,4.0,-4.0,-35.0
1776887537.6171026,5.0,-1.0,-39.0
1776887537.6271029,2.0,3.0,-43.0
1776887537.6371028,0.0,1.0,-44.0
1776887537.6471028,-1.0,0.0,-43.0
1776887537.6571028,-2.0,1.0,-45.0
1776887537.6671028,-3.0,-3.0,-45.0
1776887537.6771028,-2.0,-5.0,-46.0
1776887537.6871028,-5.0,-2.0,-37.0
1776887537.6971028,-10.0,-3.0,-41.0
1776887537.7071028,-10.0,0.0,-36.0
1776887537.7171028,-6.0,-4.0,-39.0
1776887537.7271028,-6.0,-3.0,-37.0
1776887537.7371027,-3.0,-4.0,-40.0
1776887537.7471027,-3.0,-5.0,-42.0
1776887537.7571027,-3.0,-7.0,-44.0
1776887537.7671027,-3.0,-9.0,-46.0
1776887537.7771027,-5.0,-7.0,-44.0
1776887537.7871027,-8.0,-5.0,-42.0
1776887537.7971027,-4.0,0.0,-39.0
1776887537.807103,0.0,2.0,-43.0
1776887537.817103,2.0,5.0,-50.0
1776887537.827103,1.0,5.0,-55.0
1776887537.837103,0.0,3.0,-51.0
1776887537.8471026,1.0,1.0,-46.0
1776887537.8571026,1.0,0.0,-46.0
1776887537.8671026,4.0,4.0,-43.0
1776887537.8771029,-2.0,7.0,-43.0
1776887537.8871028,-1.0,6.0,-46.0
1776887537.8971028,-3.0,2.0,-44.0
1776887537.9071028,-5.0,0.0,-44.0
1776887537.9171028,-3.0,-3.0,-46.0
1776887537.9271028,0.0,-3.0,-49.0
1776887537.9371028,0.0,-1.0,-48.0
1776887537.9471028,-1.0,-2.0,-51.0
1776887537.9571028,-5.0,-1.0,-46.0
1776887537.9681027,2.0,1.0,-46.0
1776887537.9781027,4.0,0.0,-41.0
1776887537.988103,2.0,0.0,-42.0
1776887537.998103,0.0,1.0,-40.0
1776887538.008103,-1.0,0.0,-35.0
1776887538.0181026,-2.0,-2.0,-39.0
1776887538.0281026,0.0,-1.0,-36.0
1776887538.0381026,-1.0,-1.0,-42.0
1776887538.0481029,0.0,0.0,-42.0
1776887538.0581028,0.0,0.0,-40.0
1776887538.0681028,-5.0,7.0,-33.0
1776887538.0781028,-6.0,5.0,-36.0
1776887538.0881028,-1.0,5.0,-40.0
1776887538.0981028,0.0,3.0,-37.0
1776887538.1081028,-1.0,0.0,-32.0
1776887538.1181028,-1.0,0.0,-38.0
1776887538.1281028,3.0,-4.0,-44.0
1776887538.1381028,7.0,-2.0,-41.0
1776887538.1481028,2.0,-6.0,-40.0
1776887538.1581028,-1.0,-3.0,-37.0
1776887538.1681027,0.0,-5.0,-39.0
1776887538.1781027,-4.0,-6.0,-36.0
1776887538.1881027,-9.0,-8.0,-35.0
1776887538.1981027,-6.0,-5.0,-38.0
1776887538.2081027,-4.0,-4.0,-37.0
1776887538.2181027,-5.0,-5.0,-43.0
1776887538.2281027,-9.0,-3.0,-41.0
1776887538.238103,-5.0,0.0,-40.0
1776887538.248103,-7.0,1.0,-41.0
1776887538.258103,-6.0,1.0,-38.0
1776887538.2681026,-3.0,1.0,-34.0
1776887538.2781026,1.0,1.0,-38.0
1776887538.2881026,7.0,5.0,-32.0
1776887538.2981029,8.0,6.0,-33.0
1776887538.3081028,3.0,0.0,-31.0
1776887538.3181028,1.0,-1.0,-35.0
1776887538.3281028,0.0,1.0,-32.0
1776887538.3381028,2.0,1.0,-29.0
1776887538.3481028,-3.0,2.0,-35.0
1776887538.3581028,-1.0,0.0,-41.0
1776887538.3681028,-1.0,0.0,-42.0
1776887538.3781028,-1.0,1.0,-41.0
1776887538.3881028,0.0,1.0,-40.0
1776887538.3981028,-3.0,-2.0,-43.0
1776887538.4081028,-1.0,-1.0,-42.0
1776887538.4181027,1.0,-2.0,-39.0
1776887538.4281027,2.0,-2.0,-46.0
1776887538.4381027,-1.0,-3.0,-36.0
1776887538.4481027,-4.0,-6.0,-33.0
1776887538.4581027,-4.0,-8.0,-35.0
1776887538.4681027,0.0,-2.0,-34.0
1776887538.4781027,1.0,-5.0,-36.0
1776887538.488103,-1.0,-2.0,-34.0
1776887538.498103,1.0,-6.0,-37.0
1776887538.508103,3.0,-3.0,-43.0
1776887538.5181026,7.0,-7.0,-42.0
1776887538.5281026,8.0,-4.0,-40.0
1776887538.5381026,8.0,-5.0,-39.0
1776887538.5481029,5.0,-3.0,-33.0
1776887538.5581028,0.0,-6.0,-35.0
1776887538.5681028,-2.0,-7.0,-37.0
1776887538.5781028,-3.0,-11.0,-39.0
1776887538.5881028,-1.0,-10.0,-43.0
1776887538.5981028,0.0,-11.0,-47.0
1776887538.6081028,-4.0,-11.0,-42.0
1776887538.6181028,-3.0,-10.0,-34.0
1776887538.6281028,-4.0,-7.0,-36.0
1776887538.6381028,-5.0,-3.0,-40.0
1776887538.6481028,-1.0,-11.0,-37.0
1776887538.6581028,0.0,-8.0,-37.0
1776887538.6681027,-2.0,-10.0,-42.0
1776887538.6781027,-3.0,-9.0,-36.0
1776887538.6881027,-5.0,-6.0,-28.0
1776887538.6981027,-1.0,-3.0,-26.0
1776887538.7081027,1.0,-2.0,-25.0
1776887538.7181027,2.0,-5.0,-26.0
1776887538.7281027,4.0,-2.0,-30.0
1776887538.738103,2.0,-5.0,-29.0
1776887538.748103,3.0,-3.0,-32.0
1776887538.758103,4.0,-6.0,-29.0
1776887538.7681026,5.0,-6.0,-28.0
1776887538.7781026,2.0,-5.0,-32.0
1776887538.7881026,3.0,-6.0,-36.0
1776887538.7981029,4.0,-5.0,-39.0
1776887538.8081028,4.0,-4.0,-38.0
1776887538.8181028,1.0,-3.0,-41.0
1776887538.8281028,0.0,-3.0,-40.0
1776887538.8381028,-3.0,2.0,-39.0
1776887538.8481028,1.0,-2.0,-34.0
1776887538.8581028,6.0,0.0,-38.0
1776887538.8681028,7.0,-1.0,-39.0
1776887538.8781028,1.0,2.0,-39.0
1776887538.8881028,6.0,3.0,-38.0
1776887538.8981028,3.0,0.0,-33.0
1776887538.9081028,-5.0,-2.0,-34.0
1776887538.9181027,-9.0,-4.0,-37.0
1776887538.9281027,-14.0,-6.0,-41.0
1776887538.9381027,-10.0,-6.0,-50.0
1776887538.9481027,-6.0,-5.0,-49.0
1776887538.9581027,-5.0,-3.0,-41.0
1776887538.9681027,-4.0,-4.0,-39.0
1776887538.9781027,-6.0,-4.0,-44.0
1776887538.988103,-2.0,-7.0,-37.0
1776887538.998103,-4.0,-6.0,-32.0
1776887539.008103,-5.0,-5.0,-34.0
1776887539.0181026,-7.0,-7.0,-35.0
1776887539.0281026,-2.0,-4.0,-42.0
1776887539.0381026,-3.0,-1.0,-43.0
1776887539.0481029,-3.0,-1.0,-41.0
1776887539.0581028,-5.0,-1.0,-41.0
1776887539.0681028,-4.0,0.0,-40.0
1776887539.0781028,-1.0,-3.0,-34.0
1776887539.0881028,3.0,-3.0,-39.0
1776887539.0981028,3.0,-2.0,-45.0
1776887539.1081028,3.0,-7.0,-37.0
1776887539.1181028,0.0,-9.0,-35.0
1776887539.1281028,-6.0,-5.0,-44.0
1776887539.1381028,-5.0,-7.0,-49.0
1776887539.1481028,-2.0,-5.0,-54.0
1776887539.1581028,-4.0,-9.0,-52.0
1776887539.1681027,-4.0,-8.0,-50.0
1776887539.1781027,-4.0,-12.0,-42.0
1776887539.1881027,-1.0,-13.0,-42.0
1776887539.1981027,0.0,-11.0,-40.0
1776887539.2081027,0.0,-6.0,-42.0
1776887539.2181027,-2.0,-5.0,-40.0
1776887539.2281027,0.0,-5.0,-37.0
1776887539.238103,0.0,-3.0,-40.0
1776887539.248103,-1.0,-2.0,-38.0
1776887539.258103,-4.0,4.0,-37.0
1776887539.2681026,-1.0,0.0,-39.0
1776887539.2781026,0.0,-1.0,-40.0
1776887539.2881026,0.0,-2.0,-40.0
1776887539.2981029,1.0,-1.0,-41.0
1776887539.3081028,-1.0,-4.0,-35.0
1776887539.3181028,1.0,-1.0,-38.0
1776887539.3281028,3.0,-1.0,-33.0
1776887539.3381028,5.0,-4.0,-35.0
1776887539.3481028,4.0,-3.0,-36.0
1776887539.3581028,1.0,0.0,-36.0
1776887539.3681028,-1.0,0.0,-30.0
1776887539.3781028,3.0,-2.0,-35.0
1776887539.3881028,4.0,-3.0,-43.0
1776887539.3981028,3.0,-3.0,-35.0
1776887539.4081028,4.0,-5.0,-33.0
1776887539.4181027,-1.0,-4.0,-35.0
1776887539.4281027,1.0,-3.0,-37.0
1776887539.4381027,1.0,-4.0,-35.0
1776887539.4481027,-2.0,-5.0,-31.0
1776887539.4581027,-3.0,-6.0,-38.0
1776887539.4681027,-1.0,-5.0,-35.0
1776887539.4781027,0.0,-2.0,-29.0
1776887539.488103,0.0,0.0,-30.0
1776887539.498103,2.0,-1.0,-33.0
1776887539.508103,1.0,1.0,-33.0
1776887539.5181026,2.0,3.0,-33.0
1776887539.5281026,2.0,3.0,-34.0
1776887539.5381026,5.0,0.0,-38.0
1776887539.5481029,3.0,0.0,-37.0
1776887539.5581028,3.0,1.0,-35.0
1776887539.5681028,4.0,1.0,-35.0
1776887539.5781028,10.0,-1.0,-36.0
1776887539.5881028,6.0,-4.0,-36.0
1776887539.5981028,3.0,-6.0,-33.0
1776887539.6081028,3.0,-2.0,-29.0
1776887539.6181028,6.0,0.0,-19.0
1776887539.6281028,5.0,-1.0,-26.0
1776887539.6381028,11.0,0.0,-33.0
1776887539.6481028,10.0,3.0,-38.0
1776887539.6581028,9.0,0.0,-34.0
1776887539.6681027,5.0,2.0,-35.0
1776887539.6781027,6.0,2.0,-37.0
1776887539.6881027,7.0,0.0,-38.0
1776887539.6981027,2.0,0.0,-38.0
1776887539.7081027,1.0,0.0,-43.0
1776887539.7181027,0.0,-1.0,-46.0
1776887539.7281027,-3.0,6.0,-47.0
1776887539.738103,-3.0,5.0,-47.0
1776887539.748103,-1.0,3.0,-46.0
1776887539.758103,0.0,3.0,-46.0
1776887539.7681026,0.0,3.0,-41.0
1776887539.7781026,1.0,0.0,-35.0
1776887539.7881026,5.0,1.0,-41.0
1776887539.7981029,6.0,2.0,-41.0
1776887539.8081028,7.0,-1.0,-32.0
1776887539.8181028,7.0,-2.0,-27.0
1776887539.8281028,3.0,-2.0,-28.0
1776887539.8381028,3.0,0.0,-23.0
1776887539.8481028,7.0,-1.0,-28.0
1776887539.8581028,5.0,-4.0,-32.0
1776887539.8681028,5.0,-6.0,-39.0
1776887539.8781028,6.0,-2.0,-34.0
1776887539.8881028,6.0,-4.0,-35.0
1776887539.8981028,6.0,-7.0,-36.0
1776887539.9081028,0.0,-8.0,-37.0
1776887539.9181027,1.0,-12.0,-43.0
1776887539.9281027,2.0,-12.0,-41.0
1776887539.9381027,-1.0,-5.0,-45.0
1776887539.9481027,-5.0,-2.0,-51.0
1776887539.9581027,-4.0,-1.0,-50.0
1776887539.9691026,-1.0,-1.0,-42.0
1776887539.9791028,0.0,-1.0,-45.0
1776887539.9891028,0.0,0.0,-46.0
1776887539.9991028,2.0,-2.0,-47.0
1776887540.0091028,6.0,-6.0,-45.0
1776887540.0191028,7.0,-5.0,-46.0
1776887540.0281026,6.0,-4.0,-45.0
1776887540.0391028,3.0,-2.0,-44.0
1776887540.0491028,3.0,-2.0,-43.0
1776887540.0591028,3.0,0.0,-48.0
1776887540.0691028,2.0,-1.0,-53.0
1776887540.0781028,5.0,-3.0,-57.0
1776887540.0891027,4.0,-2.0,-50.0
1776887540.0991027,0.0,-1.0,-48.0
1776887540.1091027,2.0,-5.0,-49.0
1776887540.1191027,2.0,-3.0,-44.0
1776887540.1291027,4.0,0.0,-43.0
1776887540.1391027,4.0,0.0,-43.0
1776887540.1491027,0.0,0.0,-46.0
1776887540.159103,-2.0,-5.0,-39.0
1776887540.169103,0.0,-3.0,-30.0
1776887540.179103,2.0,0.0,-39.0
1776887540.1891026,5.0,0.0,-38.0
1776887540.1991026,4.0,0.0,-36.0
1776887540.2091026,4.0,-1.0,-32.0
1776887540.2191026,5.0,1.0,-33.0
1776887540.2291028,5.0,0.0,-32.0
1776887540.2391028,2.0,4.0,-33.0
1776887540.2491028,-3.0,0.0,-28.0
1776887540.2591028,-6.0,1.0,-25.0
1776887540.2691028,0.0,2.0,-27.0
1776887540.2791028,4.0,2.0,-31.0
1776887540.2891028,-1.0,6.0,-37.0
1776887540.2991028,0.0,5.0,-41.0
1776887540.3091028,-2.0,10.0,-41.0
1776887540.3191028,-4.0,7.0,-39.0
1776887540.3291028,0.0,3.0,-45.0
1776887540.3391027,0.0,5.0,-50.0
1776887540.3491027,-3.0,5.0,-45.0
1776887540.3591027,-6.0,0.0,-46.0
1776887540.3691027,-6.0,3.0,-48.0
1776887540.3791027,-2.0,1.0,-44.0
1776887540.3891027,2.0,1.0,-42.0
1776887540.3991027,4.0,0.0,-41.0
1776887540.409103,10.0,0.0,-43.0
1776887540.419103,7.0,7.0,-43.0
1776887540.429103,4.0,6.0,-38.0
1776887540.4391026,7.0,4.0,-41.0
1776887540.4491026,11.0,0.0,-36.0
1776887540.4591026,9.0,-4.0,-29.0
1776887540.4691026,10.0,0.0,-32.0
1776887540.4791028,9.0,0.0,-34.0
1776887540.4891028,7.0,2.0,-36.0
1776887540.4991028,1.0,0.0,-36.0
1776887540.5091028,-1.0,1.0,-33.0
1776887540.5191028,-2.0,0.0,-35.0
1776887540.5291028,-2.0,0.0,-49.0
1776887540.5391028,-3.0,4.0,-47.0
1776887540.5491028,-4.0,5.0,-37.0
1776887540.5591028,-2.0,5.0,-31.0
1776887540.5691028,-4.0,4.0,-33.0
1776887540.5791028,-5.0,6.0,-35.0
1776887540.5891027,-3.0,1.0,-34.0
1776887540.5991027,-4.0,2.0,-30.0
1776887540.6091027,-3.0,-1.0,-32.0
1776887540.6191027,-3.0,-4.0,-41.0
1776887540.6291027,-1.0,-5.0,-43.0
1776887540.6391027,-2.0,-5.0,-40.0
1776887540.6491027,0.0,-1.0,-36.0
1776887540.659103,8.0,-4.0,-40.0
1776887540.669103,6.0,-1.0,-36.0
1776887540.679103,6.0,0.0,-35.0
1776887540.6891026,4.0,-1.0,-38.0
1776887540.6991026,6.0,-1.0,-39.0
1776887540.7091026,2.0,-5.0,-32.0
1776887540.7191026,0.0,-4.0,-34.0
1776887540.7291028,3.0,-5.0,-30.0
1776887540.7391028,8.0,-3.0,-35.0
1776887540.7491028,8.0,-6.0,-34.0
1776887540.7591028,8.0,-7.0,-40.0
1776887540.7691028,7.0,-6.0,-41.0
1776887540.7791028,7.0,-4.0,-38.0
1776887540.7891028,4.0,-5.0,-34.0
1776887540.7991028,3.0,-3.0,-31.0
1776887540.8091028,3.0,-3.0,-33.0
1776887540.8191028,7.0,-2.0,-33.0
1776887540.8291028,7.0,0.0,-30.0
1776887540.8391027,8.0,0.0,-32.0
1776887540.8491027,6.0,0.0,-42.0
1776887540.8591027,2.0,0.0,-43.0
1776887540.8691027,1.0,-6.0,-38.0
1776887540.8791027,2.0,-6.0,-36.0
1776887540.8891027,4.0,-4.0,-34.0
1776887540.8991027,0.0,-5.0,-30.0
1776887540.909103,1.0,-9.0,-35.0
1776887540.919103,3.0,-9.0,-27.0
1776887540.929103,1.0,-11.0,-22.0
1776887540.9391026,0.0,-9.0,-28.0
1776887540.9491026,4.0,-6.0,-34.0
1776887540.9591026,4.0,-5.0,-35.0
1776887540.9691026,0.0,-5.0,-34.0
1776887540.9791028,0.0,-6.0,-34.0
1776887540.9901028,6.0,-7.0,-35.0
1776887540.9991028,5.0,-7.0,-38.0
1776887541.0091028,2.0,-5.0,-33.0
1776887541.0191028,3.0,0.0,-44.0
1776887541.0291028,0.0,0.0,-50.0
1776887541.0391028,0.0,0.0,-49.0
1776887541.0491028,-2.0,0.0,-40.0
1776887541.0591028,0.0,0.0,-31.0
1776887541.0691028,2.0,0.0,-35.0
1776887541.0791028,1.0,1.0,-35.0
1776887541.0891027,1.0,4.0,-34.0
1776887541.0991027,2.0,7.0,-31.0
1776887541.1091027,1.0,5.0,-30.0
1776887541.1191027,3.0,3.0,-33.0
1776887541.1291027,4.0,2.0,-30.0
1776887541.1391027,1.0,2.0,-34.0
1776887541.1491027,3.0,3.0,-35.0
1776887541.159103,2.0,0.0,-36.0
1776887541.169103,-3.0,-7.0,-35.0
1776887541.179103,-7.0,-9.0,-29.0
1776887541.1891026,-6.0,-6.0,-25.0
1776887541.1991026,-6.0,-5.0,-31.0
1776887541.2091026,-2.0,-6.0,-34.0
1776887541.2191026,-3.0,-6.0,-30.0
1776887541.2291028,-1.0,-3.0,-27.0
1776887541.2391028,-1.0,-2.0,-21.0
1776887541.2491028,-3.0,1.0,-21.0
1776887541.2591028,-7.0,-1.0,-28.0
1776887541.2691028,-10.0,-1.0,-26.0
1776887541.2791028,-5.0,0.0,-24.0
1776887541.2891028,2.0,1.0,-32.0
1776887541.2991028,7.0,3.0,-34.0
1776887541.3091028,6.0,0.0,-38.0
1776887541.3191028,3.0,-1.0,-47.0
1776887541.3291028,1.0,-1.0,-47.0
1776887541.3391027,1.0,1.0,-50.0
1776887541.3491027,6.0,0.0,-51.0
1776887541.3591027,5.0,-2.0,-44.0
1776887541.3691027,7.0,-5.0,-39.0
1776887541.3791027,5.0,-2.0,-32.0
1776887541.3891027,7.0,-2.0,-40.0
1776887541.3991027,4.0,-2.0,-40.0
1776887541.409103,3.0,2.0,-39.0
1776887541.419103,8.0,4.0,-35.0
1776887541.429103,5.0,3.0,-38.0
1776887541.4391026,2.0,1.0,-35.0
1776887541.4491026,2.0,2.0,-33.0
1776887541.4591026,0.0,4.0,-31.0
1776887541.4691026,3.0,3.0,-33.0
1776887541.4791028,0.0,1.0,-37.0
1776887541.4891028,-3.0,-2.0,-38.0
1776887541.4991028,-5.0,1.0,-35.0
1776887541.5091028,-4.0,-1.0,-39.0
1776887541.5191028,-3.0,-1.0,-39.0
1776887541.5291028,-2.0,-3.0,-39.0
1776887541.5391028,-1.0,-2.0,-44.0
1776887541.5491028,-3.0,3.0,-39.0
1776887541.5591028,-6.0,-1.0,-39.0
1776887541.5691028,-2.0,-2.0,-44.0
1776887541.5791028,0.0,0.0,-45.0
1776887541.5891027,0.0,-1.0,-41.0
1776887541.5991027,-2.0,-4.0,-43.0
1776887541.6091027,0.0,-7.0,-49.0
1776887541.6191027,-1.0,-7.0,-44.0
1776887541.6291027,-2.0,-5.0,-40.0
1776887541.6391027,0.0,-2.0,-44.0
1776887541.6491027,-2.0,-2.0,-42.0
1776887541.659103,-2.0,-2.0,-38.0
1776887541.669103,5.0,-5.0,-33.0
1776887541.679103,5.0,-3.0,-36.0
1776887541.6891026,2.0,0.0,-29.0
1776887541.6991026,4.0,1.0,-32.0
1776887541.7091026,0.0,1.0,-32.0
1776887541.7191026,-2.0,4.0,-32.0
1776887541.7291028,1.0,-2.0,-40.0
1776887541.7391028,2.0,-4.0,-42.0
1776887541.7491028,1.0,-7.0,-38.0
1776887541.7591028,0.0,-9.0,-40.0
1776887541.7691028,-2.0,-9.0,-32.0
1776887541.7791028,0.0,-8.0,-29.0
1776887541.7891028,-2.0,-7.0,-28.0
1776887541.7991028,-2.0,-9.0,-30.0
1776887541.8091028,0.0,-6.0,-42.0
1776887541.8191028,-2.0,-3.0,-45.0
1776887541.8291028,5.0,-6.0,-48.0
1776887541.8391027,5.0,-4.0,-45.0
1776887541.8491027,-1.0,-3.0,-48.0
1776887541.8591027,-4.0,0.0,-47.0
1776887541.8691027,-2.0,-3.0,-44.0
1776887541.8791027,1.0,-5.0,-44.0
1776887541.8891027,6.0,-5.0,-38.0
1776887541.8991027,1.0,-6.0,-37.0
1776887541.909103,2.0,-5.0,-38.0
1776887541.919103,2.0,-6.0,-35.0
1776887541.929103,4.0,-4.0,-37.0
1776887541.9391026,3.0,-6.0,-37.0
1776887541.9491026,1.0,-6.0,-33.0
1776887541.9601028,1.0,-7.0,-30.0
1776887541.9691026,3.0,-5.0,-29.0
1776887541.9801028,6.0,-4.0,-33.0
1776887541.9901028,7.0,-2.0,-40.0
1776887542.0001028,4.0,0.0,-36.0
1776887542.0101027,3.0,3.0,-34.0
1776887542.0201027,6.0,0.0,-39.0
1776887542.0301027,8.0,-1.0,-41.0
1776887542.0401027,10.0,0.0,-41.0
1776887542.0501027,9.0,0.0,-46.0
1776887542.0601027,5.0,2.0,-47.0
1776887542.0701027,6.0,2.0,-41.0
1776887542.0801027,9.0,4.0,-36.0
1776887542.090103,5.0,8.0,-34.0
1776887542.100103,6.0,5.0,-39.0
1776887542.110103,1.0,4.0,-40.0
1776887542.1201026,0.0,4.0,-32.0
1776887542.1301026,5.0,3.0,-32.0
1776887542.1401026,2.0,2.0,-33.0
1776887542.1501029,1.0,0.0,-33.0
1776887542.1601028,2.0,0.0,-29.0
1776887542.1701028,0.0,6.0,-25.0
1776887542.1801028,2.0,6.0,-29.0
1776887542.1901028,1.0,7.0,-27.0
1776887542.2001028,-2.0,4.0,-34.0
1776887542.2101028,0.0,5.0,-38.0
1776887542.2201028,5.0,5.0,-35.0
1776887542.2301028,3.0,0.0,-31.0
1776887542.2401028,-1.0,3.0,-31.0
1776887542.2501028,-1.0,6.0,-30.0
1776887542.2601027,-2.0,5.0,-29.0
1776887542.2701027,-2.0,6.0,-28.0
1776887542.2801027,0.0,5.0,-32.0
1776887542.2901027,5.0,4.0,-29.0
1776887542.3001027,5.0,0.0,-30.0
1776887542.3101027,4.0,-2.0,-35.0
1776887542.3201027,3.0,-5.0,-37.0
1776887542.3301027,4.0,-1.0,-35.0
1776887542.340103,2.0,0.0,-39.0
1776887542.350103,0.0,-4.0,-39.0
1776887542.360103,0.0,-5.0,-41.0
1776887542.3701026,-3.0,-2.0,-36.0
1776887542.3801026,-3.0,0.0,-39.0
1776887542.3901026,-2.0,1.0,-36.0
1776887542.4001029,-3.0,1.0,-30.0
1776887542.4101028,0.0,0.0,-29.0
1776887542.4201028,2.0,0.0,-29.0
1776887542.4301028,1.0,-5.0,-34.0
1776887542.4401028,-2.0,-3.0,-38.0
1776887542.4501028,-2.0,-2.0,-32.0
1776887542.4601028,-1.0,-2.0,-29.0
1776887542.4701028,0.0,-3.0,-34.0
1776887542.4801028,1.0,-5.0,-35.0
1776887542.4901028,0.0,-5.0,-37.0
1776887542.5001028,0.0,-2.0,-40.0
1776887542.5101027,4.0,0.0,-40.0
1776887542.5201027,4.0,1.0,-39.0
1776887542.5301027,7.0,4.0,-34.0
1776887542.5401027,2.0,0.0,-35.0
1776887542.5501027,2.0,-2.0,-34.0
1776887542.5601027,3.0,-6.0,-38.0
1776887542.5701027,4.0,-5.0,-43.0
1776887542.5801027,5.0,0.0,-40.0
1776887542.590103,5.0,0.0,-36.0
1776887542.600103,5.0,0.0,-35.0
1776887542.610103,5.0,-2.0,-32.0
1776887542.6201026,7.0,-2.0,-34.0
1776887542.6301026,5.0,-6.0,-31.0
1776887542.6401026,5.0,-5.0,-29.0
1776887542.6501029,5.0,-6.0,-26.0
1776887542.6601028,2.0,-5.0,-29.0
1776887542.6701028,-1.0,-6.0,-29.0
1776887542.6801028,0.0,-8.0,-37.0
1776887542.6901028,-1.0,-4.0,-38.0
1776887542.7001028,-2.0,-1.0,-37.0
1776887542.7101028,-5.0,-3.0,-33.0
1776887542.7201028,-4.0,-1.0,-32.0
1776887542.7301028,-4.0,1.0,-44.0
1776887542.7401028,-8.0,-1.0,-45.0
1776887542.7501028,-15.0,-4.0,-45.0
1776887542.7601027,-8.0,-6.0,-40.0
1776887542.7701027,-7.0,-6.0,-38.0
1776887542.7801027,-6.0,-1.0,-36.0
1776887542.7901027,-2.0,-1.0,-36.0
1776887542.8001027,0.0,-1.0,-32.0
1776887542.8101027,0.0,-1.0,-33.0
1776887542.8201027,-2.0,0.0,-41.0
1776887542.8301027,-5.0,-2.0,-39.0
1776887542.840103,-3.0,-2.0,-39.0
1776887542.850103,-1.0,1.0,-39.0
1776887542.860103,-2.0,0.0,-48.0
1776887542.8701026,-1.0,-1.0,-41.0
1776887542.8801026,-4.0,-8.0,-39.0
1776887542.8901026,-4.0,-7.0,-46.0
1776887542.9001029,-6.0,-7.0,-52.0
1776887542.9101028,-4.0,-6.0,-50.0
1776887542.9201028,-4.0,-3.0,-49.0
1776887542.9301028,-7.0,-8.0,-46.0
1776887542.9401028,-2.0,-8.0,-48.0
1776887542.9511027,3.0,-3.0,-48.0
1776887542.9601028,4.0,-2.0,-42.0
1776887542.9701028,8.0,-3.0,-44.0
1776887542.9801028,10.0,-1.0,-42.0
1776887542.9901028,9.0,0.0,-38.0
1776887543.0001028,3.0,0.0,-46.0
1776887543.0101027,4.0,0.0,-43.0
1776887543.0201027,4.0,0.0,-42.0
1776887543.0301027,5.0,1.0,-44.0
1776887543.0401027,4.0,1.0,-44.0
1776887543.0501027,3.0,0.0,-47.0
1776887543.0601027,-3.0,-1.0,-50.0
1776887543.0701027,-2.0,4.0,-54.0
1776887543.0801027,-2.0,5.0,-55.0
1776887543.090103,-1.0,3.0,-56.0
1776887543.100103,1.0,-1.0,-47.0
1776887543.110103,-1.0,0.0,-42.0
1776887543.1201026,-1.0,1.0,-43.0
1776887543.1301026,-2.0,0.0,-44.0
1776887543.1401026,-6.0,-2.0,-49.0
1776887543.1501029,-8.0,-4.0,-45.0
1776887543.1601028,-4.0,-2.0,-45.0
1776887543.1701028,-3.0,0.0,-46.0
1776887543.1801028,-3.0,-1.0,-50.0
1776887543.1901028,-5.0,-8.0,-54.0
1776887543.2001028,-6.0,-6.0,-47.0
1776887543.2101028,-2.0,-3.0,-44.0
1776887543.2201028,0.0,-1.0,-45.0
1776887543.2301028,1.0,0.0,-38.0
1776887543.2401028,1.0,-2.0,-36.0
1776887543.2501028,5.0,0.0,-38.0
1776887543.2601027,4.0,0.0,-37.0
1776887543.2701027,6.0,0.0,-36.0
1776887543.2801027,7.0,0.0,-37.0
1776887543.2901027,-1.0,-1.0,-39.0
1776887543.3001027,-1.0,-1.0,-42.0
1776887543.3101027,2.0,0.0,-39.0
1776887543.3201027,4.0,-5.0,-40.0
1776887543.3301027,2.0,-6.0,-37.0
1776887543.340103,0.0,-7.0,-29.0
1776887543.350103,0.0,-7.0,-31.0
1776887543.360103,0.0,-9.0,-28.0
1776887543.3701026,-1.0,-6.0,-34.0
1776887543.3801026,-4.0,-6.0,-40.0
1776887543.3901026,-5.0,-4.0,-39.0
1776887543.4001029,0.0,-2.0,-31.0
1776887543.4101028,4.0,-4.0,-27.0
1776887543.4201028,6.0,0.0,-33.0
1776887543.4301028,1.0,-3.0,-33.0
1776887543.4401028,0.0,-4.0,-33.0
1776887543.4501028,2.0,-4.0,-34.0
1776887543.4601028,4.0,0.0,-31.0
1776887543.4701028,9.0,-2.0,-34.0
1776887543.4801028,7.0,-2.0,-32.0
1776887543.4901028,5.0,-1.0,-33.0
1776887543.5001028,5.0,-1.0,-34.0
1776887543.5101027,8.0,-2.0,-35.0
1776887543.5201027,8.0,-2.0,-31.0
1776887543.5301027,6.0,-1.0,-35.0
1776887543.5401027,8.0,0.0,-40.0
1776887543.5501027,8.0,-4.0,-44.0
1776887543.5601027,7.0,0.0,-43.0
1776887543.5701027,2.0,2.0,-44.0
1776887543.5801027,4.0,3.0,-44.0
1776887543.590103,7.0,0.0,-40.0
1776887543.600103,3.0,-4.0,-34.0
1776887543.610103,0.0,-6.0,-37.0
1776887543.6201026,-1.0,-5.0,-35.0
1776887543.6301026,2.0,-2.0,-43.0
1776887543.6401026,3.0,0.0,-40.0
1776887543.6501029,4.0,-1.0,-30.0
1776887543.6601028,1.0,-1.0,-30.0
1776887543.6701028,-3.0,-3.0,-37.0
1776887543.6801028,2.0,-2.0,-40.0
1776887543.6901028,2.0,1.0,-41.0
1776887543.7001028,3.0,4.0,-41.0
1776887543.7101028,1.0,4.0,-42.0
1776887543.7201028,1.0,6.0,-36.0
1776887543.7301028,3.0,4.0,-33.0
1776887543.7401028,6.0,0.0,-33.0
1776887543.7501028,6.0,0.0,-37.0
1776887543.7601027,4.0,-2.0,-41.0
1776887543.7701027,9.0,-3.0,-40.0
1776887543.7801027,3.0,-1.0,-44.0
1776887543.7901027,9.0,1.0,-44.0
1776887543.8001027,8.0,5.0,-46.0
1776887543.8101027,8.0,5.0,-40.0
1776887543.8201027,6.0,2.0,-38.0
1776887543.8301027,2.0,1.0,-37.0
1776887543.840103,4.0,0.0,-34.0
1776887543.850103,2.0,0.0,-35.0
1776887543.860103,2.0,-7.0,-37.0
1776887543.8701026,0.0,-9.0,-38.0
1776887543.8801026,-3.0,-5.0,-34.0
1776887543.8901026,-2.0,-3.0,-35.0
1776887543.9001029,0.0,-1.0,-36.0
1776887543.9101028,0.0,-6.0,-33.0
1776887543.9201028,3.0,-7.0,-37.0
1776887543.9301028,6.0,-7.0,-36.0
1776887543.9401028,1.0,-1.0,-33.0
1776887543.9501028,0.0,-1.0,-34.0
1776887543.9601028,1.0,-2.0,-38.0
1776887543.9711027,0.0,-1.0,-38.0
1776887543.9801028,1.0,-2.0,-38.0
1776887543.9901028,-2.0,1.0,-42.0
1776887544.0011027,-3.0,-1.0,-36.0
1776887544.011103,-2.0,-1.0,-34.0
1776887544.021103,-2.0,-1.0,-40.0
1776887544.031103,1.0,-3.0,-37.0
1776887544.0411026,9.0,-5.0,-34.0
1776887544.0511026,9.0,-3.0,-37.0
1776887544.0611026,8.0,-1.0,-43.0
1776887544.0711029,3.0,1.0,-47.0
1776887544.0811028,8.0,4.0,-46.0
1776887544.0911028,7.0,1.0,-37.0
1776887544.1011028,7.0,-1.0,-29.0
1776887544.1111028,6.0,-3.0,-27.0
1776887544.1211028,4.0,-3.0,-28.0
1776887544.1311028,0.0,0.0,-32.0
1776887544.1411028,5.0,0.0,-35.0
1776887544.1511028,4.0,-3.0,-37.0
1776887544.1611028,2.0,-6.0,-38.0
1776887544.1711028,-1.0,-5.0,-38.0
1776887544.1811028,-4.0,-7.0,-40.0
1776887544.1911027,-5.0,-4.0,-35.0
1776887544.2011027,-7.0,-3.0,-31.0
1776887544.2111027,-4.0,-4.0,-32.0
1776887544.2211027,0.0,-5.0,-37.0
1776887544.2311027,0.0,-4.0,-32.0
1776887544.2411027,2.0,-9.0,-35.0
1776887544.2511027,0.0,-10.0,-31.0
1776887544.261103,0.0,-9.0,-37.0
1776887544.271103,1.0,-6.0,-38.0
1776887544.281103,1.0,-5.0,-35.0
1776887544.2911026,-1.0,-4.0,-30.0
1776887544.3011026,-2.0,-3.0,-32.0
1776887544.3111026,-1.0,-4.0,-36.0
1776887544.3211029,-2.0,-6.0,-38.0
1776887544.3311028,-2.0,-1.0,-33.0
1776887544.3411028,2.0,-1.0,-39.0
1776887544.3511028,6.0,-1.0,-36.0
1776887544.3611028,5.0,-1.0,-37.0
1776887544.3711028,6.0,1.0,-33.0
1776887544.3811028,10.0,6.0,-33.0
1776887544.3911028,10.0,3.0,-37.0
1776887544.4011028,4.0,3.0,-41.0
1776887544.4111028,7.0,0.0,-43.0
1776887544.4211028,10.0,0.0,-46.0
1776887544.4311028,7.0,-3.0,-45.0
1776887544.4411027,2.0,-3.0,-40.0
1776887544.4511027,4.0,0.0,-35.0
1776887544.4611027,3.0,1.0,-32.0
1776887544.4711027,-2.0,-3.0,-33.0
1776887544.4811027,0.0,-5.0,-32.0
1776887544.4911027,0.0,-1.0,-36.0
1776887544.5011027,-1.0,-1.0,-38.0
1776887544.511103,0.0,-3.0,-33.0
1776887544.521103,0.0,-6.0,-34.0
1776887544.531103,3.0,-8.0,-39.0
1776887544.5411026,2.0,-7.0,-37.0
1776887544.5511026,2.0,-4.0,-35.0
1776887544.5611026,1.0,-5.0,-35.0
1776887544.5711029,2.0,-8.0,-36.0
1776887544.5811028,4.0,-7.0,-26.0
1776887544.5911028,7.0,-7.0,-27.0
1776887544.6011028,3.0,-5.0,-29.0
1776887544.6111028,0.0,-3.0,-24.0
1776887544.6211028,0.0,-2.0,-26.0
1776887544.6311028,0.0,-2.0,-31.0
1776887544.6411028,-3.0,0.0,-37.0
1776887544.6511028,-3.0,-1.0,-39.0
1776887544.6611028,0.0,-6.0,-39.0
1776887544.6711028,-2.0,-7.0,-41.0
1776887544.6811028,0.0,-4.0,-38.0
1776887544.6911027,2.0,-5.0,-33.0
1776887544.7011027,2.0,-4.0,-34.0
1776887544.7111027,1.0,-4.0,-38.0
1776887544.7211027,0.0,-2.0,-42.0
1776887544.7311027,0.0,-2.0,-39.0
1776887544.7411027,-2.0,-1.0,-38.0
1776887544.7511027,1.0,-2.0,-41.0
1776887544.761103,0.0,-3.0,-44.0
1776887544.771103,0.0,-5.0,-40.0
1776887544.781103,1.0,-3.0,-36.0
1776887544.7911026,0.0,-1.0,-36.0
1776887544.8011026,-2.0,-1.0,-32.0
1776887544.8111026,-3.0,-3.0,-32.0
1776887544.8211029,-6.0,-2.0,-30.0
1776887544.8311028,-5.0,1.0,-32.0
1776887544.8411028,-1.0,0.0,-48.0
1776887544.8511028,0.0,2.0,-47.0
1776887544.8611028,3.0,3.0,-44.0
1776887544.8711028,7.0,2.0,-39.0
1776887544.8811028,6.0,4.0,-35.0
1776887544.8911028,6.0,0.0,-41.0
1776887544.9011028,6.0,0.0,-36.0
1776887544.9111028,7.0,-2.0,-35.0
1776887544.9211028,9.0,0.0,-37.0
1776887544.9311028,10.0,2.0,-37.0
1776887544.9411027,9.0,4.0,-33.0
1776887544.9511027,12.0,-4.0,-36.0
1776887544.9611027,9.0,-8.0,-40.0
1776887544.9711027,4.0,-7.0,-37.0
1776887544.9811027,0.0,-4.0,-34.0
1776887544.9911027,4.0,-6.0,-34.0
1776887545.0011027,7.0,-3.0,-40.0
1776887545.011103,6.0,-7.0,-39.0
1776887545.021103,6.0,-10.0,-41.0
1776887545.031103,6.0,-8.0,-42.0
1776887545.0411026,3.0,-8.0,-41.0
1776887545.0511026,1.0,-7.0,-37.0
1776887545.0611026,0.0,-3.0,-42.0
1776887545.0711029,2.0,-3.0,-40.0
1776887545.0811028,1.0,-5.0,-43.0
1776887545.0911028,2.0,-5.0,-41.0
1776887545.1011028,6.0,-4.0,-39.0
1776887545.1111028,4.0,-7.0,-30.0
1776887545.1211028,0.0,-6.0,-33.0
1776887545.1311028,-2.0,-6.0,-32.0
1776887545.1411028,-1.0,-6.0,-37.0
1776887545.1511028,-2.0,-5.0,-44.0
1776887545.1611028,-1.0,0.0,-48.0
1776887545.1711028,0.0,1.0,-57.0
1776887545.1811028,0.0,0.0,-56.0
1776887545.1911027,-2.0,-4.0,-47.0
1776887545.2011027,-6.0,-4.0,-40.0
1776887545.2111027,-7.0,-8.0,-42.0
1776887545.2211027,-4.0,-6.0,-50.0
1776887545.2311027,-6.0,-4.0,-48.0
1776887545.2411027,-6.0,-3.0,-39.0
1776887545.2511027,-1.0,0.0,-39.0
1776887545.261103,0.0,0.0,-38.0
1776887545.271103,-1.0,0.0,-47.0
1776887545.281103,-1.0,0.0,-47.0
1776887545.2911026,-1.0,-5.0,-43.0
1776887545.3011026,-2.0,-6.0,-40.0
1776887545.3111026,-1.0,-6.0,-41.0
1776887545.3211029,-1.0,-6.0,-42.0
1776887545.3311028,1.0,-3.0,-46.0
1776887545.3411028,7.0,1.0,-40.0
1776887545.3511028,7.0,0.0,-43.0
1776887545.3611028,4.0,-1.0,-45.0
1776887545.3711028,3.0,-1.0,-46.0
1776887545.3811028,0.0,3.0,-46.0
1776887545.3911028,3.0,2.0,-45.0
1776887545.4011028,4.0,0.0,-42.0
1776887545.4111028,2.0,-3.0,-32.0
1776887545.4211028,1.0,0.0,-32.0
1776887545.4311028,1.0,-3.0,-34.0
1776887545.4411027,-2.0,-2.0,-36.0
1776887545.4511027,-1.0,-7.0,-31.0
1776887545.4611027,4.0,-5.0,-27.0
1776887545.4711027,5.0,-3.0,-27.0
1776887545.4811027,1.0,1.0,-31.0
1776887545.4911027,0.0,0.0,-24.0
1776887545.5011027,5.0,-2.0,-32.0
1776887545.511103,7.0,-2.0,-35.0
1776887545.521103,8.0,-2.0,-31.0
1776887545.531103,9.0,0.0,-31.0
1776887545.5411026,7.0,0.0,-27.0
1776887545.5511026,2.0,0.0,-28.0
1776887545.5611026,3.0,0.0,-33.0
1776887545.5711029,3.0,0.0,-37.0
1776887545.5811028,1.0,0.0,-34.0
1776887545.5911028,2.0,0.0,-34.0
1776887545.6011028,0.0,0.0,-33.0
1776887545.6111028,0.0,0.0,-31.0
1776887545.6211028,0.0,0.0,-35.0
1776887545.6311028,1.0,-2.0,-42.0
1776887545.6411028,-2.0,-4.0,-44.0
1776887545.6511028,-1.0,2.0,-40.0
1776887545.6611028,-1.0,0.0,-28.0
1776887545.6711028,0.0,-2.0,-34.0
1776887545.6811028,0.0,0.0,-42.0
1776887545.6911027,1.0,-1.0,-33.0
1776887545.7011027,1.0,0.0,-29.0
1776887545.7111027,7.0,-1.0,-28.0
1776887545.7211027,5.0,-2.0,-28.0
1776887545.7311027,3.0,-3.0,-36.0
1776887545.7411027,5.0,-4.0,-32.0
1776887545.7511027,7.0,0.0,-34.0
1776887545.761103,6.0,-3.0,-37.0
1776887545.771103,7.0,-1.0,-39.0
1776887545.781103,6.0,-1.0,-41.0
1776887545.7911026,8.0,-3.0,-38.0
1776887545.8011026,5.0,0.0,-38.0
1776887545.8111026,0.0,-1.0,-36.0
1776887545.8211029,0.0,0.0,-39.0
1776887545.8311028,3.0,-4.0,-40.0
1776887545.8411028,1.0,-1.0,-40.0
1776887545.8511028,0.0,-4.0,-41.0
1776887545.8611028,-2.0,-4.0,-40.0
1776887545.8711028,3.0,-2.0,-36.0
1776887545.8811028,2.0,-6.0,-33.0
1776887545.8911028,2.0,-8.0,-39.0
1776887545.9011028,0.0,-4.0,-35.0
1776887545.9111028,1.0,-1.0,-39.0
1776887545.9211028,0.0,-5.0,-43.0
1776887545.9311028,-1.0,-5.0,-44.0
1776887545.9411027,-2.0,-10.0,-34.0
1776887545.9511027,-3.0,-7.0,-28.0
1776887545.9611027,-3.0,-3.0,-23.0
1776887545.9711027,-6.0,-2.0,-29.0
1776887545.9821026,-7.0,-2.0,-34.0
1776887545.9921026,-11.0,-4.0,-37.0
1776887546.0021029,-8.0,-4.0,-39.0
1776887546.0121028,-4.0,-2.0,-37.0
1776887546.0221028,-5.0,0.0,-30.0
1776887546.0321028,-6.0,-1.0,-35.0
1776887546.0421028,-4.0,-5.0,-35.0
1776887546.0521028,-3.0,-4.0,-32.0
1776887546.0621028,0.0,0.0,-26.0
1776887546.0721028,6.0,-2.0,-21.0
1776887546.0821028,3.0,-1.0,-22.0
1776887546.0921028,-1.0,0.0,-29.0
1776887546.1021028,-6.0,-2.0,-31.0
1776887546.1121027,-8.0,-1.0,-32.0
1776887546.1221027,-11.0,0.0,-30.0
1776887546.1321027,-13.0,-3.0,-27.0
1776887546.1421027,-7.0,-2.0,-34.0
1776887546.1521027,-4.0,-7.0,-32.0
1776887546.1621027,-7.0,-6.0,-29.0
1776887546.1721027,-3.0,-7.0,-28.0
1776887546.182103,1.0,-8.0,-26.0
1776887546.192103,2.0,-5.0,-30.0
1776887546.202103,0.0,-8.0,-35.0
1776887546.212103,1.0,-7.0,-35.0
1776887546.2221026,0.0,-2.0,-36.0
1776887546.2321026,1.0,-2.0,-46.0
1776887546.2421026,-2.0,-1.0,-42.0
1776887546.2521029,-3.0,-6.0,-42.0
1776887546.2621028,1.0,-2.0,-37.0
1776887546.2721028,1.0,0.0,-32.0
1776887546.2821028,0.0,3.0,-31.0
1776887546.2921028,0.0,2.0,-34.0
1776887546.3021028,-3.0,2.0,-34.0
1776887546.3121028,-4.0,2.0,-28.0
1776887546.3221028,0.0,5.0,-31.0
1776887546.3321028,4.0,3.0,-37.0
1776887546.3421028,4.0,4.0,-48.0
1776887546.3521028,3.0,2.0,-51.0
1776887546.3621027,3.0,3.0,-51.0
1776887546.3721027,5.0,3.0,-50.0
1776887546.3821027,0.0,5.0,-46.0
1776887546.3921027,0.0,3.0,-39.0
1776887546.4021027,-3.0,4.0,-38.0
1776887546.4121027,-3.0,2.0,-34.0
1776887546.4221027,-4.0,1.0,-39.0
1776887546.432103,-4.0,0.0,-36.0
1776887546.442103,-4.0,-1.0,-37.0
1776887546.452103,-3.0,-6.0,-38.0
1776887546.462103,-2.0,-3.0,-34.0
1776887546.4721026,-6.0,1.0,-32.0
1776887546.4821026,-6.0,0.0,-21.0
1776887546.4921026,-1.0,-1.0,-22.0
1776887546.5021029,0.0,0.0,-20.0
1776887546.5121028,1.0,2.0,-20.0
1776887546.5221028,0.0,0.0,-19.0
1776887546.5321028,1.0,1.0,-19.0
1776887546.5421028,0.0,0.0,-24.0
1776887546.5521028,0.0,2.0,-29.0
1776887546.5621028,2.0,4.0,-30.0
1776887546.5721028,2.0,7.0,-35.0
1776887546.5821028,8.0,3.0,-39.0
1776887546.5921028,6.0,1.0,-37.0
1776887546.6021028,2.0,-2.0,-34.0
1776887546.6121027,0.0,-3.0,-33.0
1776887546.6221027,5.0,-1.0,-31.0
1776887546.6321027,6.0,-3.0,-29.0
1776887546.6421027,1.0,-2.0,-35.0
1776887546.6521027,1.0,-3.0,-33.0
1776887546.6621027,2.0,-3.0,-37.0
1776887546.6721027,4.0,-4.0,-35.0
1776887546.682103,8.0,-6.0,-33.0
1776887546.692103,6.0,-1.0,-36.0
1776887546.702103,7.0,0.0,-35.0
1776887546.712103,4.0,-5.0,-36.0
1776887546.7221026,2.0,-8.0,-36.0
1776887546.7321026,-1.0,-8.0,-40.0
1776887546.7421026,-2.0,-5.0,-41.0
1776887546.7521029,-3.0,-1.0,-43.0
1776887546.7621028,-4.0,-1.0,-47.0
1776887546.7721028,-7.0,3.0,-40.0
1776887546.7821028,-3.0,6.0,-31.0
1776887546.7921028,-7.0,4.0,-33.0
1776887546.8021028,-8.0,7.0,-38.0
1776887546.8121028,-11.0,6.0,-37.0
1776887546.8221028,-9.0,6.0,-37.0
1776887546.8321028,-3.0,7.0,-40.0
1776887546.8421028,-1.0,0.0,-37.0
1776887546.8521028,1.0,-4.0,-33.0
1776887546.8621027,0.0,-4.0,-34.0
1776887546.8721027,-4.0,-1.0,-35.0
1776887546.8821027,-4.0,-4.0,-41.0
1776887546.8921027,-5.0,-7.0,-37.0
1776887546.9021027,-5.0,-5.0,-30.0
1776887546.9121027,-3.0,-1.0,-28.0
1776887546.9221027,-6.0,2.0,-32.0
1776887546.932103,-5.0,8.0,-36.0
1776887546.942103,-8.0,9.0,-36.0
1776887546.952103,-3.0,7.0,-29.0
1776887546.962103,0.0,0.0,-26.0
1776887546.9721026,-5.0,1.0,-24.0
1776887546.9821026,0.0,6.0,-28.0
1776887546.9921026,0.0,5.0,-27.0
1776887547.0021029,2.0,1.0,-25.0
1776887547.0121028,4.0,0.0,-32.0
1776887547.0221028,1.0,0.0,-34.0
1776887547.0321028,-1.0,0.0,-36.0
1776887547.0421028,1.0,-1.0,-38.0
1776887547.0521028,0.0,-5.0,-34.0
1776887547.0621028,-1.0,-3.0,-32.0
1776887547.0721028,0.0,-1.0,-34.0
1776887547.0821028,-1.0,3.0,-40.0
1776887547.0921028,3.0,7.0,-37.0
1776887547.1021028,4.0,4.0,-38.0
1776887547.1121027,4.0,5.0,-36.0
1776887547.1221027,4.0,5.0,-31.0
1776887547.1321027,1.0,1.0,-26.0
1776887547.1421027,5.0,-3.0,-27.0
1776887547.1521027,6.0,-2.0,-29.0
1776887547.1621027,8.0,-6.0,-22.0
1776887547.1721027,5.0,-7.0,-15.0
1776887547.182103,1.0,-6.0,-23.0
1776887547.192103,1.0,-4.0,-30.0
1776887547.202103,0.0,-4.0,-33.0
1776887547.212103,-1.0,-4.0,-36.0
1776887547.2221026,-3.0,-3.0,-33.0
1776887547.2321026,-3.0,-5.0,-35.0
1776887547.2421026,-2.0,-1.0,-36.0
1776887547.2521029,1.0,-3.0,-36.0
1776887547.2621028,6.0,-3.0,-31.0
1776887547.2721028,3.0,1.0,-33.0
1776887547.2821028,-1.0,3.0,-36.0
1776887547.2921028,-3.0,-2.0,-38.0
1776887547.3021028,0.0,-4.0,-32.0
1776887547.3121028,-2.0,-3.0,-30.0
1776887547.3221028,0.0,-4.0,-24.0
1776887547.3321028,0.0,-1.0,-28.0
1776887547.3421028,3.0,-2.0,-29.0
1776887547.3521028,-1.0,-3.0,-30.0
1776887547.3621027,-5.0,-1.0,-33.0
1776887547.3721027,-8.0,-4.0,-33.0
1776887547.3821027,-8.0,-3.0,-32.0
1776887547.3921027,-9.0,-6.0,-35.0
1776887547.4021027,-4.0,-3.0,-30.0
1776887547.4121027,0.0,-4.0,-36.0
1776887547.4221027,-4.0,-2.0,-40.0
1776887547.432103,0.0,-5.0,-34.0
1776887547.442103,1.0,-4.0,-35.0
1776887547.452103,2.0,-2.0,-34.0
1776887547.462103,3.0,-1.0,-26.0
1776887547.4721026,4.0,-1.0,-24.0
1776887547.4821026,7.0,-1.0,-26.0
1776887547.4921026,8.0,-1.0,-31.0
1776887547.5021029,11.0,-2.0,-29.0
1776887547.5121028,7.0,-2.0,-27.0
1776887547.5221028,6.0,-2.0,-35.0
1776887547.5321028,9.0,-4.0,-37.0
1776887547.5421028,4.0,0.0,-36.0
1776887547.5521028,0.0,2.0,-40.0
1776887547.5621028,3.0,2.0,-40.0
1776887547.5721028,1.0,2.0,-41.0
1776887547.5821028,2.0,0.0,-38.0
1776887547.5921028,0.0,1.0,-46.0
1776887547.6021028,-1.0,3.0,-44.0
1776887547.6121027,0.0,1.0,-39.0
1776887547.6221027,-1.0,0.0,-31.0
1776887547.6321027,-4.0,-3.0,-29.0
1776887547.6421027,0.0,-4.0,-31.0
1776887547.6521027,3.0,-3.0,-31.0
1776887547.6621027,3.0,0.0,-32.0
1776887547.6721027,3.0,0.0,-36.0
1776887547.682103,6.0,-1.0,-39.0
1776887547.692103,10.0,-6.0,-45.0
1776887547.702103,10.0,-7.0,-45.0
1776887547.712103,6.0,-8.0,-42.0
1776887547.7221026,3.0,-11.0,-35.0
1776887547.7321026,3.0,-6.0,-34.0
1776887547.7421026,0.0,-3.0,-37.0
1776887547.7521029,-1.0,-5.0,-39.0
1776887547.7621028,0.0,-3.0,-39.0
1776887547.7721028,-3.0,-2.0,-36.0
1776887547.7821028,-3.0,0.0,-30.0
1776887547.7921028,-5.0,0.0,-29.0
1776887547.8021028,-2.0,0.0,-31.0
1776887547.8121028,-4.0,-2.0,-36.0
1776887547.8221028,-4.0,-1.0,-36.0
1776887547.8321028,-6.0,-1.0,-32.0
1776887547.8421028,-9.0,0.0,-29.0
1776887547.8521028,-7.0,1.0,-22.0
1776887547.8621027,-10.0,0.0,-19.0
1776887547.8721027,-12.0,2.0,-15.0
1776887547.8821027,-10.0,0.0,-18.0
1776887547.8921027,-7.0,0.0,-24.0
1776887547.9021027,-1.0,-1.0,-20.0
1776887547.9121027,0.0,0.0,-23.0
1776887547.9221027,2.0,0.0,-18.0
1776887547.932103,0.0,-5.0,-24.0
1776887547.942103,2.0,-3.0,-34.0
1776887547.952103,9.0,-2.0,-34.0
1776887547.9631028,8.0,-1.0,-38.0
1776887547.9721026,6.0,1.0,-37.0
1776887547.9831028,6.0,-1.0,-41.0
1776887547.9921026,2.0,2.0,-43.0
1776887548.0031028,3.0,0.0,-47.0
1776887548.0131028,6.0,1.0,-47.0
1776887548.0231028,5.0,2.0,-45.0
1776887548.0331028,4.0,-1.0,-35.0
1776887548.0431027,0.0,0.0,-34.0
1776887548.0531027,-2.0,0.0,-40.0
1776887548.0631027,-1.0,0.0,-36.0
1776887548.0731027,-3.0,0.0,-38.0
1776887548.0821028,-4.0,1.0,-39.0
1776887548.0931027,0.0,6.0,-38.0
1776887548.1031027,2.0,5.0,-32.0
1776887548.113103,1.0,8.0,-28.0
1776887548.123103,3.0,9.0,-28.0
1776887548.133103,3.0,5.0,-28.0
1776887548.1431026,1.0,3.0,-37.0
1776887548.1531026,0.0,3.0,-35.0
1776887548.1631026,0.0,0.0,-35.0
1776887548.1731029,0.0,0.0,-42.0
1776887548.1831028,6.0,-1.0,-32.0
1776887548.1931028,7.0,-1.0,-30.0
1776887548.2031028,8.0,-5.0,-29.0
1776887548.2131028,12.0,-5.0,-32.0
1776887548.2231028,7.0,-3.0,-28.0
1776887548.2331028,5.0,0.0,-23.0
1776887548.2431028,0.0,0.0,-27.0
1776887548.2531028,-3.0,-3.0,-27.0
1776887548.2631028,3.0,-2.0,-30.0
1776887548.2731028,1.0,0.0,-29.0
1776887548.2831028,2.0,-1.0,-33.0
1776887548.2931027,3.0,0.0,-31.0
1776887548.3031027,2.0,0.0,-28.0
1776887548.3131027,-5.0,-1.0,-25.0
1776887548.3231027,0.0,0.0,-24.0
1776887548.3331027,1.0,2.0,-28.0
1776887548.3431027,-6.0,0.0,-34.0
1776887548.3531027,-3.0,0.0,-36.0
1776887548.363103,0.0,2.0,-36.0
1776887548.373103,0.0,6.0,-35.0
1776887548.383103,2.0,4.0,-38.0
1776887548.3931026,9.0,0.0,-35.0
1776887548.4031026,10.0,-2.0,-35.0
1776887548.4131026,7.0,-5.0,-36.0
1776887548.4231029,5.0,-6.0,-35.0
1776887548.4331028,6.0,-4.0,-34.0
1776887548.4431028,4.0,-5.0,-37.0
1776887548.4531028,1.0,-5.0,-40.0
1776887548.4631028,-3.0,-3.0,-46.0
1776887548.4731028,-4.0,0.0,-45.0
1776887548.4831028,-5.0,-1.0,-41.0
1776887548.4931028,-3.0,-2.0,-49.0
1776887548.5031028,1.0,-1.0,-52.0
1776887548.5131028,0.0,0.0,-55.0
1776887548.5231028,1.0,2.0,-50.0
1776887548.5331028,2.0,5.0,-41.0
1776887548.5431027,6.0,2.0,-37.0
1776887548.5531027,5.0,5.0,-26.0
1776887548.5631027,4.0,2.0,-25.0
1776887548.5731027,6.0,0.0,-30.0
1776887548.5831027,5.0,0.0,-30.0
1776887548.5931027,7.0,-3.0,-33.0
1776887548.6031027,5.0,-1.0,-40.0
1776887548.613103,6.0,-3.0,-34.0
1776887548.623103,8.0,1.0,-28.0
1776887548.633103,5.0,-1.0,-28.0
1776887548.6431026,4.0,-4.0,-36.0
1776887548.6531026,5.0,-3.0,-32.0
1776887548.6631026,6.0,-3.0,-32.0
1776887548.6731029,7.0,-1.0,-38.0
1776887548.6831028,10.0,1.0,-39.0
1776887548.6931028,10.0,3.0,-36.0
1776887548.7031028,12.0,4.0,-33.0
1776887548.7131028,8.0,0.0,-34.0
1776887548.7231028,6.0,-1.0,-43.0
1776887548.7331028,4.0,0.0,-52.0
1776887548.7431028,5.0,-5.0,-48.0
1776887548.7531028,7.0,-4.0,-40.0
1776887548.7631028,5.0,-8.0,-36.0
1776887548.7731028,0.0,-7.0,-36.0
1776887548.7831028,6.0,-8.0,-41.0
1776887548.7931027,3.0,-7.0,-43.0
1776887548.8031027,2.0,-5.0,-41.0
1776887548.8131027,3.0,-1.0,-41.0
1776887548.8231027,5.0,-3.0,-43.0
1776887548.8331027,4.0,0.0,-43.0
1776887548.8431027,5.0,-4.0,-44.0
1776887548.8531027,5.0,0.0,-45.0
1776887548.863103,4.0,-4.0,-39.0
1776887548.873103,0.0,-1.0,-33.0
1776887548.883103,0.0,-1.0,-33.0
1776887548.8931026,5.0,-6.0,-33.0
1776887548.9031026,3.0,-4.0,-30.0
1776887548.9131026,-2.0,2.0,-31.0
1776887548.9231029,-5.0,2.0,-28.0
1776887548.9331028,-1.0,-1.0,-33.0
1776887548.9431028,-1.0,-2.0,-34.0
1776887548.9531028,0.0,-2.0,-33.0
1776887548.9631028,0.0,-2.0,-29.0
1776887548.9731028,-1.0,-4.0,-29.0
1776887548.9831028,-1.0,-3.0,-32.0
1776887548.9931028,0.0,-3.0,-33.0
1776887549.0031028,0.0,-3.0,-38.0
1776887549.0131028,-3.0,-3.0,-34.0
1776887549.0231028,-2.0,-6.0,-34.0
1776887549.0331028,-2.0,-9.0,-29.0
1776887549.0431027,-3.0,-7.0,-35.0
1776887549.0531027,3.0,-6.0,-36.0
1776887549.0631027,4.0,-5.0,-39.0
1776887549.0731027,0.0,-7.0,-37.0
1776887549.0831027,1.0,-4.0,-41.0
1776887549.0931027,3.0,-2.0,-40.0
1776887549.1031027,3.0,0.0,-39.0
1776887549.113103,-1.0,-6.0,-40.0
1776887549.123103,3.0,-4.0,-36.0
1776887549.133103,2.0,-1.0,-26.0
1776887549.1431026,0.0,0.0,-26.0
1776887549.1531026,-1.0,-1.0,-38.0
1776887549.1631026,0.0,-1.0,-39.0
1776887549.1731029,2.0,-2.0,-37.0
1776887549.1831028,0.0,-2.0,-42.0
1776887549.1931028,-2.0,-5.0,-39.0
1776887549.2031028,-3.0,-2.0,-40.0
1776887549.2131028,0.0,-1.0,-40.0
1776887549.2231028,2.0,2.0,-37.0
1776887549.2331028,-3.0,1.0,-45.0
1776887549.2431028,-5.0,-1.0,-46.0
1776887549.2531028,0.0,-3.0,-41.0
1776887549.2631028,1.0,-4.0,-39.0
1776887549.2731028,0.0,-3.0,-40.0
1776887549.2831028,-3.0,-2.0,-40.0
1776887549.2931027,-2.0,-3.0,-43.0
1776887549.3031027,-4.0,-4.0,-44.0
1776887549.3131027,0.0,-4.0,-41.0
1776887549.3231027,-1.0,-2.0,-43.0
1776887549.3331027,1.0,-3.0,-42.0
1776887549.3431027,2.0,-5.0,-42.0
1776887549.3531027,3.0,-5.0,-42.0
1776887549.363103,6.0,-5.0,-43.0
1776887549.373103,8.0,-1.0,-40.0
1776887549.383103,6.0,2.0,-30.0
1776887549.3931026,5.0,0.0,-30.0
1776887549.4031026,-2.0,0.0,-27.0
1776887549.4131026,-1.0,0.0,-24.0
1776887549.4231029,-4.0,-5.0,-26.0
1776887549.4331028,-11.0,-3.0,-30.0
1776887549.4431028,-3.0,-7.0,-35.0
1776887549.4531028,-5.0,-10.0,-27.0
1776887549.4631028,-5.0,-8.0,-26.0
1776887549.4731028,-1.0,-2.0,-29.0
1776887549.4831028,2.0,-1.0,-28.0
1776887549.4931028,0.0,-5.0,-29.0
1776887549.5031028,1.0,-2.0,-31.0
1776887549.5131028,4.0,4.0,-29.0
1776887549.5231028,4.0,3.0,-33.0
1776887549.5331028,2.0,5.0,-30.0
1776887549.5431027,-2.0,2.0,-32.0
1776887549.5531027,-4.0,4.0,-29.0
1776887549.5631027,-1.0,3.0,-39.0
1776887549.5731027,2.0,3.0,-43.0
1776887549.5831027,0.0,2.0,-37.0
1776887549.5931027,0.0,2.0,-33.0
1776887549.6031027,0.0,0.0,-29.0
1776887549.613103,-5.0,0.0,-36.0
1776887549.623103,-6.0,0.0,-42.0
1776887549.633103,-8.0,0.0,-42.0
1776887549.6431026,-9.0,-3.0,-46.0
1776887549.6531026,-10.0,-4.0,-46.0
1776887549.6631026,-15.0,-4.0,-37.0
1776887549.6731029,-13.0,-5.0,-39.0
1776887549.6831028,-13.0,-8.0,-43.0
1776887549.6931028,-14.0,-2.0,-45.0
1776887549.7031028,-10.0,-6.0,-47.0
1776887549.7131028,-2.0,-3.0,-49.0
1776887549.7231028,-2.0,-2.0,-51.0
1776887549.7331028,1.0,0.0,-52.0
1776887549.7431028,2.0,-1.0,-50.0
1776887549.7531028,3.0,-6.0,-42.0
1776887549.7631028,4.0,-3.0,-42.0
1776887549.7731028,2.0,-3.0,-43.0
1776887549.7831028,1.0,0.0,-42.0
1776887549.7931027,4.0,-1.0,-42.0
1776887549.8031027,2.0,-1.0,-39.0
1776887549.8131027,5.0,3.0,-44.0
1776887549.8231027,3.0,2.0,-47.0
1776887549.8331027,0.0,1.0,-39.0
1776887549.8431027,1.0,0.0,-42.0
1776887549.8531027,3.0,1.0,-39.0
1776887549.863103,1.0,1.0,-41.0
1776887549.873103,-2.0,0.0,-37.0
1776887549.883103,3.0,0.0,-29.0
1776887549.8931026,5.0,-2.0,-30.0
1776887549.9031026,5.0,-2.0,-32.0
1776887549.9131026,4.0,-4.0,-35.0
1776887549.9231029,2.0,-2.0,-36.0
1776887549.9331028,1.0,-5.0,-34.0
1776887549.9431028,2.0,0.0,-29.0
1776887549.9531028,2.0,0.0,-25.0
1776887549.9631028,0.0,-2.0,-29.0
1776887549.9731028,3.0,0.0,-29.0
1776887549.9841027,4.0,0.0,-31.0
1776887549.9941027,1.0,2.0,-37.0
1776887550.0041027,-2.0,2.0,-35.0
1776887550.0141027,-4.0,-1.0,-30.0
1776887550.0241027,-5.0,-1.0,-33.0
1776887550.034103,-8.0,-1.0,-34.0
1776887550.044103,-11.0,-3.0,-35.0
1776887550.054103,-9.0,0.0,-33.0
1776887550.0641026,-9.0,1.0,-37.0
1776887550.0741026,-6.0,-2.0,-40.0
1776887550.0841026,0.0,-1.0,-44.0
1776887550.0941026,3.0,1.0,-37.0
1776887550.1041028,3.0,0.0,-31.0
1776887550.1141028,1.0,2.0,-33.0
1776887550.1241028,2.0,1.0,-34.0
1776887550.1341028,-4.0,1.0,-38.0
1776887550.1441028,-2.0,1.0,-46.0
1776887550.1541028,-1.0,0.0,-49.0
1776887550.1641028,-4.0,-1.0,-41.0
1776887550.1741028,3.0,-6.0,-46.0
1776887550.1841028,6.0,-5.0,-44.0
1776887550.1941028,5.0,-4.0,-37.0
1776887550.2041028,6.0,-6.0,-37.0
1776887550.2141027,5.0,-5.0,-40.0
1776887550.2241027,4.0,-4.0,-37.0
1776887550.2341027,0.0,-1.0,-35.0
1776887550.2441027,1.0,0.0,-36.0
1776887550.2541027,3.0,-1.0,-31.0
1776887550.2641027,1.0,1.0,-30.0
1776887550.2741027,-1.0,2.0,-32.0
1776887550.284103,1.0,2.0,-36.0
1776887550.294103,3.0,0.0,-36.0
1776887550.304103,5.0,0.0,-40.0
1776887550.3141026,4.0,0.0,-36.0
1776887550.3241026,1.0,0.0,-39.0
1776887550.3341026,0.0,0.0,-36.0
1776887550.3441026,-5.0,-3.0,-36.0
1776887550.3541028,-3.0,-2.0,-36.0
1776887550.3641028,-4.0,1.0,-39.0
1776887550.3741028,-5.0,0.0,-35.0
1776887550.3841028,0.0,3.0,-40.0
1776887550.3941028,3.0,9.0,-39.0
1776887550.4041028,4.0,11.0,-41.0
1776887550.4141028,3.0,7.0,-41.0
1776887550.4241028,0.0,1.0,-48.0
1776887550.4341028,2.0,1.0,-39.0
1776887550.4441028,2.0,-2.0,-43.0
1776887550.4541028,3.0,-1.0,-42.0
1776887550.4641027,0.0,-3.0,-37.0
1776887550.4741027,-3.0,-1.0,-38.0
1776887550.4841027,2.0,-4.0,-49.0
1776887550.4941027,0.0,0.0,-49.0
1776887550.5041027,3.0,4.0,-45.0
1776887550.5141027,2.0,0.0,-45.0
1776887550.5241027,-1.0,0.0,-48.0
1776887550.534103,1.0,1.0,-47.0
1776887550.544103,0.0,4.0,-49.0
1776887550.554103,0.0,2.0,-47.0
1776887550.5641026,0.0,1.0,-40.0
1776887550.5741026,-2.0,0.0,-34.0
1776887550.5841026,3.0,-5.0,-33.0
1776887550.5941026,5.0,-9.0,-38.0
1776887550.6041028,0.0,-5.0,-37.0
1776887550.6141028,0.0,-1.0,-36.0
1776887550.6241028,2.0,-1.0,-33.0
1776887550.6341028,0.0,2.0,-37.0
1776887550.6441028,1.0,0.0,-41.0
1776887550.6541028,1.0,-2.0,-37.0
1776887550.6641028,4.0,-1.0,-37.0
1776887550.6741028,5.0,-5.0,-34.0
1776887550.6841028,5.0,-5.0,-43.0
1776887550.6941028,4.0,-3.0,-38.0
1776887550.7041028,3.0,-3.0,-38.0
1776887550.7141027,4.0,-3.0,-38.0
1776887550.7241027,6.0,-1.0,-35.0
1776887550.7341027,0.0,-3.0,-36.0
1776887550.7441027,2.0,-6.0,-31.0
1776887550.7541027,4.0,-7.0,-36.0
1776887550.7641027,5.0,-1.0,-36.0
1776887550.7741027,5.0,7.0,-33.0
1776887550.784103,1.0,7.0,-38.0
1776887550.794103,0.0,8.0,-48.0
1776887550.804103,-2.0,7.0,-45.0
1776887550.8141026,0.0,5.0,-41.0
1776887550.8241026,0.0,2.0,-41.0
1776887550.8341026,-1.0,5.0,-42.0
1776887550.8441026,-1.0,5.0,-48.0
1776887550.8541028,0.0,5.0,-44.0
1776887550.8641028,1.0,6.0,-43.0
1776887550.8741028,0.0,7.0,-40.0
1776887550.8841028,0.0,5.0,-34.0
1776887550.8941028,-4.0,0.0,-33.0
1776887550.9041028,-9.0,-1.0,-30.0
1776887550.9141028,-12.0,1.0,-28.0
1776887550.9241028,-5.0,1.0,-28.0
1776887550.9341028,-1.0,2.0,-28.0
1776887550.9441028,-3.0,0.0,-27.0
1776887550.9541028,-3.0,-1.0,-30.0
1776887550.9641027,0.0,-1.0,-34.0
1776887550.9741027,2.0,-3.0,-35.0
1776887550.9841027,2.0,-4.0,-33.0
1776887550.9941027,-3.0,-5.0,-31.0
1776887551.0041027,-2.0,0.0,-37.0
1776887551.0141027,0.0,4.0,-39.0
1776887551.0241027,-3.0,5.0,-36.0
1776887551.034103,-4.0,6.0,-29.0
1776887551.044103,-3.0,1.0,-28.0
1776887551.054103,-4.0,0.0,-27.0
1776887551.0641026,0.0,2.0,-28.0
1776887551.0741026,2.0,2.0,-33.0
1776887551.0841026,0.0,0.0,-37.0
1776887551.0941026,0.0,0.0,-39.0
1776887551.1041028,0.0,-3.0,-38.0
1776887551.1141028,1.0,-4.0,-39.0
1776887551.1241028,1.0,-2.0,-39.0
1776887551.1341028,3.0,-3.0,-43.0
1776887551.1441028,1.0,-1.0,-37.0
1776887551.1541028,-1.0,2.0,-37.0
1776887551.1641028,0.0,3.0,-41.0
1776887551.1741028,4.0,4.0,-39.0
1776887551.1841028,5.0,5.0,-41.0
1776887551.1941028,0.0,7.0,-38.0
1776887551.2041028,-2.0,8.0,-37.0
1776887551.2141027,-4.0,4.0,-40.0
1776887551.2241027,-2.0,4.0,-41.0
1776887551.2341027,-1.0,0.0,-36.0
1776887551.2441027,-3.0,1.0,-41.0
1776887551.2541027,-2.0,-1.0,-41.0
1776887551.2641027,-3.0,-1.0,-38.0
1776887551.2741027,-2.0,2.0,-35.0
1776887551.284103,-3.0,3.0,-38.0
1776887551.294103,-1.0,3.0,-36.0
1776887551.304103,1.0,2.0,-43.0
1776887551.3141026,3.0,0.0,-46.0
1776887551.3241026,3.0,-3.0,-45.0
1776887551.3341026,3.0,-8.0,-44.0
1776887551.3441026,1.0,-4.0,-38.0
1776887551.3541028,1.0,-4.0,-41.0
1776887551.3641028,0.0,-2.0,-37.0
1776887551.3741028,3.0,-1.0,-35.0
1776887551.3841028,0.0,-2.0,-35.0
1776887551.3941028,-4.0,-1.0,-39.0
1776887551.4041028,-5.0,-1.0,-43.0
1776887551.4141028,-2.0,0.0,-44.0
1776887551.4241028,-5.0,-1.0,-44.0
1776887551.4341028,-5.0,0.0,-45.0
1776887551.4441028,-5.0,-1.0,-41.0
1776887551.4541028,-6.0,0.0,-40.0
1776887551.4641027,-3.0,0.0,-38.0
1776887551.4741027,-1.0,1.0,-40.0
1776887551.4841027,0.0,1.0,-42.0
1776887551.4941027,-4.0,-2.0,-45.0
1776887551.5041027,-6.0,0.0,-43.0
1776887551.5141027,-7.0,0.0,-38.0
1776887551.5241027,-3.0,2.0,-35.0
1776887551.534103,1.0,0.0,-39.0
1776887551.544103,0.0,1.0,-43.0
1776887551.554103,5.0,0.0,-41.0
1776887551.5641026,6.0,1.0,-38.0
1776887551.5741026,5.0,-1.0,-36.0
1776887551.5841026,4.0,-3.0,-35.0
1776887551.5941026,5.0,-3.0,-33.0
1776887551.6041028,4.0,-2.0,-35.0
1776887551.6141028,3.0,0.0,-33.0
1776887551.6241028,4.0,0.0,-33.0
1776887551.6341028,4.0,-2.0,-38.0
1776887551.6441028,1.0,1.0,-31.0
1776887551.6541028,5.0,3.0,-30.0
1776887551.6641028,9.0,2.0,-31.0
1776887551.6741028,14.0,2.0,-29.0
1776887551.6841028,7.0,0.0,-35.0
1776887551.6941028,7.0,-3.0,-36.0
1776887551.7041028,6.0,-1.0,-38.0
1776887551.7141027,4.0,-2.0,-31.0
1776887551.7241027,3.0,-3.0,-33.0
1776887551.7341027,0.0,-3.0,-36.0
1776887551.7441027,-5.0,-1.0,-38.0
1776887551.7541027,-9.0,-2.0,-39.0
1776887551.7641027,-10.0,0.0,-39.0
1776887551.7741027,-10.0,-3.0,-36.0
1776887551.784103,-10.0,-4.0,-33.0
1776887551.794103,-7.0,-5.0,-39.0
1776887551.804103,-5.0,-4.0,-37.0
1776887551.8141026,0.0,0.0,-39.0
1776887551.8241026,0.0,-1.0,-44.0
1776887551.8341026,-1.0,6.0,-41.0
1776887551.8441026,-4.0,5.0,-36.0
1776887551.8541028,-3.0,4.0,-32.0
1776887551.8641028,-2.0,2.0,-36.0
1776887551.8741028,0.0,-2.0,-37.0
1776887551.8841028,0.0,-2.0,-42.0
1776887551.8941028,0.0,2.0,-48.0
1776887551.9041028,3.0,5.0,-49.0
1776887551.9141028,1.0,2.0,-44.0
1776887551.9241028,1.0,3.0,-49.0
1776887551.9341028,4.0,3.0,-56.0
1776887551.9441028,5.0,2.0,-54.0
1776887551.9541028,2.0,1.0,-46.0
1776887551.965103,4.0,0.0,-42.0
1776887551.975103,4.0,-2.0,-44.0
1776887551.9841027,9.0,-1.0,-45.0
1776887551.9951026,5.0,-4.0,-46.0
1776887552.0051026,5.0,-5.0,-41.0
1776887552.0151026,5.0,-5.0,-35.0
1776887552.0251029,6.0,-2.0,-34.0
1776887552.0351028,5.0,-3.0,-27.0
1776887552.0451028,1.0,-4.0,-28.0
1776887552.0551028,0.0,0.0,-32.0
1776887552.0651028,3.0,2.0,-35.0
1776887552.0751028,7.0,4.0,-35.0
1776887552.0851028,4.0,2.0,-31.0
1776887552.0951028,7.0,0.0,-25.0
1776887552.1051028,8.0,-3.0,-31.0
1776887552.1151028,8.0,-4.0,-33.0
1776887552.1251028,4.0,-6.0,-40.0
1776887552.1351027,3.0,-7.0,-38.0
1776887552.1451027,2.0,-3.0,-33.0
1776887552.1551027,1.0,-2.0,-29.0
1776887552.1651027,4.0,-2.0,-33.0
1776887552.1751027,4.0,-2.0,-33.0
1776887552.1851027,3.0,0.0,-34.0
1776887552.1951027,2.0,1.0,-33.0
1776887552.2051027,-3.0,1.0,-24.0
1776887552.215103,0.0,1.0,-24.0
1776887552.225103,2.0,0.0,-29.0
1776887552.235103,0.0,0.0,-42.0
1776887552.2451026,-2.0,-1.0,-31.0
1776887552.2551026,0.0,-3.0,-30.0
1776887552.2651026,0.0,-5.0,-34.0
1776887552.2751029,1.0,-9.0,-34.0
1776887552.2851028,4.0,-11.0,-36.0
1776887552.2951028,6.0,-11.0,-41.0
1776887552.3051028,9.0,-11.0,-37.0
1776887552.3151028,14.0,-11.0,-44.0
1776887552.3251028,12.0,-7.0,-44.0
1776887552.3351028,5.0,-6.0,-44.0
1776887552.3451028,4.0,0.0,-46.0
1776887552.3551028,4.0,0.0,-49.0
1776887552.3651028,3.0,0.0,-48.0
1776887552.3751028,-2.0,-2.0,-47.0
1776887552.3851027,-2.0,0.0,-47.0
1776887552.3951027,-2.0,0.0,-38.0
1776887552.4051027,-1.0,2.0,-35.0
1776887552.4151027,-1.0,0.0,-36.0
1776887552.4251027,0.0,0.0,-38.0
1776887552.4351027,2.0,-2.0,-41.0
1776887552.4451027,4.0,-5.0,-38.0
1776887552.4551027,6.0,-2.0,-39.0
1776887552.465103,4.0,1.0,-38.0
1776887552.475103,7.0,-2.0,-39.0
1776887552.485103,3.0,-3.0,-38.0
1776887552.4951026,0.0,-6.0,-36.0
1776887552.5051026,-3.0,-6.0,-39.0
1776887552.5151026,-4.0,-3.0,-51.0
1776887552.5251029,-6.0,-4.0,-48.0
1776887552.5351028,-3.0,-4.0,-37.0
1776887552.5451028,-4.0,-2.0,-35.0
1776887552.5551028,0.0,0.0,-25.0
1776887552.5651028,-1.0,0.0,-25.0
1776887552.5751028,1.0,3.0,-29.0
1776887552.5851028,0.0,0.0,-38.0
1776887552.5951028,4.0,-3.0,-40.0
1776887552.6051028,2.0,-1.0,-41.0
1776887552.6151028,-1.0,0.0,-30.0
1776887552.6251028,-1.0,-2.0,-19.0
1776887552.6351027,0.0,1.0,-25.0
1776887552.6451027,2.0,0.0,-33.0
1776887552.6551027,3.0,-2.0,-40.0
1776887552.6651027,4.0,-3.0,-43.0
1776887552.6751027,0.0,-3.0,-40.0
1776887552.6851027,-4.0,-2.0,-39.0
1776887552.6951027,-5.0,0.0,-44.0
1776887552.7051027,-1.0,1.0,-39.0
1776887552.715103,1.0,-6.0,-39.0
1776887552.725103,0.0,-1.0,-36.0
1776887552.735103,1.0,-2.0,-31.0
1776887552.7451026,4.0,-5.0,-25.0
1776887552.7551026,3.0,-1.0,-31.0
1776887552.7651026,2.0,0.0,-36.0
1776887552.7751029,5.0,0.0,-32.0
1776887552.7851028,4.0,-1.0,-40.0
1776887552.7951028,4.0,1.0,-39.0
1776887552.8051028,7.0,7.0,-39.0
1776887552.8151028,3.0,7.0,-38.0
1776887552.8251028,1.0,3.0,-42.0
1776887552.8351028,-3.0,3.0,-41.0
1776887552.8451028,-3.0,3.0,-32.0
1776887552.8551028,-2.0,0.0,-24.0
1776887552.8651028,-2.0,-5.0,-27.0
1776887552.8751028,-9.0,-9.0,-33.0
1776887552.8851027,-10.0,-7.0,-35.0
1776887552.8951027,-7.0,-5.0,-34.0
1776887552.9051027,-5.0,-4.0,-36.0
1776887552.9151027,-4.0,-1.0,-31.0
1776887552.9251027,0.0,0.0,-34.0
1776887552.9351027,0.0,-2.0,-33.0
1776887552.9451027,-1.0,-5.0,-38.0
1776887552.9551027,1.0,-1.0,-41.0
1776887552.965103,4.0,4.0,-42.0
1776887552.975103,5.0,0.0,-44.0
1776887552.985103,3.0,0.0,-38.0
1776887552.9951026,4.0,3.0,-38.0
1776887553.0051026,-1.0,3.0,-37.0
1776887553.0151026,0.0,3.0,-34.0
1776887553.0251029,7.0,5.0,-30.0
1776887553.0351028,5.0,2.0,-23.0
1776887553.0451028,9.0,2.0,-23.0
1776887553.0551028,12.0,2.0,-24.0
1776887553.0651028,14.0,1.0,-20.0
1776887553.0751028,11.0,0.0,-25.0
1776887553.0851028,9.0,0.0,-32.0
1776887553.0951028,9.0,0.0,-36.0
1776887553.1051028,6.0,1.0,-39.0
1776887553.1151028,4.0,3.0,-42.0
1776887553.1251028,5.0,1.0,-40.0
1776887553.1351027,3.0,0.0,-34.0
1776887553.1451027,0.0,-2.0,-28.0
1776887553.1551027,1.0,0.0,-27.0
1776887553.1651027,1.0,2.0,-30.0
1776887553.1751027,5.0,1.0,-29.0
1776887553.1851027,4.0,1.0,-35.0
1776887553.1951027,-1.0,0.0,-38.0
1776887553.2051027,1.0,-2.0,-34.0
1776887553.215103,2.0,0.0,-36.0
1776887553.225103,-2.0,2.0,-36.0
1776887553.235103,2.0,1.0,-36.0
1776887553.2451026,1.0,-1.0,-35.0
1776887553.2551026,0.0,0.0,-38.0
1776887553.2651026,5.0,-2.0,-31.0
1776887553.2751029,1.0,-3.0,-31.0
1776887553.2851028,2.0,-3.0,-25.0
1776887553.2951028,3.0,-2.0,-23.0
1776887553.3051028,3.0,-2.0,-25.0
1776887553.3151028,1.0,-3.0,-27.0
1776887553.3251028,4.0,-3.0,-22.0
1776887553.3351028,5.0,-3.0,-26.0
1776887553.3451028,3.0,-1.0,-33.0
1776887553.3551028,0.0,-2.0,-36.0
1776887553.3651028,-7.0,2.0,-37.0
1776887553.3751028,-7.0,0.0,-35.0
1776887553.3851027,1.0,0.0,-32.0
1776887553.3951027,3.0,-1.0,-34.0
1776887553.4051027,3.0,-2.0,-34.0
1776887553.4151027,6.0,-5.0,-38.0
1776887553.4251027,5.0,-5.0,-36.0
1776887553.4351027,5.0,0.0,-35.0
1776887553.4451027,1.0,2.0,-32.0
1776887553.4551027,5.0,1.0,-33.0
1776887553.465103,6.0,1.0,-41.0
1776887553.475103,6.0,0.0,-33.0
1776887553.485103,2.0,0.0,-28.0
1776887553.4951026,1.0,-2.0,-33.0
1776887553.5051026,0.0,1.0,-34.0
1776887553.5151026,1.0,-2.0,-37.0
1776887553.5251029,2.0,2.0,-38.0
1776887553.5351028,6.0,1.0,-43.0
1776887553.5451028,7.0,-2.0,-40.0
1776887553.5551028,2.0,0.0,-30.0
1776887553.5651028,-1.0,-1.0,-32.0
1776887553.5751028,-7.0,0.0,-34.0
1776887553.5851028,-6.0,-2.0,-32.0
1776887553.5951028,-3.0,-3.0,-36.0
1776887553.6051028,-2.0,-1.0,-32.0
1776887553.6151028,-3.0,0.0,-37.0
1776887553.6251028,-5.0,0.0,-41.0
1776887553.6351027,-6.0,1.0,-38.0
1776887553.6451027,-10.0,-1.0,-37.0
1776887553.6551027,-8.0,0.0,-34.0
1776887553.6651027,-2.0,-1.0,-39.0
1776887553.6751027,-2.0,-2.0,-38.0
1776887553.6851027,0.0,-4.0,-37.0
1776887553.6951027,3.0,-6.0,-37.0
1776887553.7051027,2.0,-4.0,-31.0
1776887553.715103,0.0,-2.0,-29.0
1776887553.725103,-1.0,1.0,-26.0
1776887553.735103,-4.0,4.0,-36.0
1776887553.7451026,-5.0,4.0,-38.0
1776887553.7551026,-6.0,3.0,-35.0
1776887553.7651026,-5.0,3.0,-32.0
1776887553.7751029,-5.0,0.0,-39.0
1776887553.7851028,-3.0,-1.0,-39.0
1776887553.7951028,0.0,-5.0,-43.0
1776887553.8051028,0.0,-6.0,-42.0
1776887553.8151028,5.0,-2.0,-39.0
1776887553.8251028,5.0,-1.0,-34.0
1776887553.8351028,6.0,2.0,-39.0
1776887553.8451028,5.0,-1.0,-38.0
1776887553.8551028,2.0,-3.0,-39.0
1776887553.8651028,-2.0,-3.0,-38.0
1776887553.8751028,-2.0,-4.0,-35.0
1776887553.8851027,0.0,-5.0,-32.0
1776887553.8951027,0.0,-4.0,-33.0
1776887553.9051027,0.0,-6.0,-34.0
1776887553.9151027,4.0,-3.0,-35.0
1776887553.9251027,3.0,0.0,-34.0
1776887553.9351027,0.0,5.0,-36.0
1776887553.9451027,-1.0,10.0,-40.0
1776887553.9551027,2.0,7.0,-42.0
1776887553.965103,3.0,5.0,-43.0
1776887553.975103,0.0,5.0,-35.0
1776887553.9861028,-2.0,3.0,-32.0
1776887553.9961028,0.0,1.0,-30.0
1776887554.0061028,0.0,5.0,-27.0
1776887554.0161028,2.0,1.0,-24.0
1776887554.0261028,3.0,1.0,-29.0
1776887554.0361028,6.0,0.0,-37.0
1776887554.0461028,3.0,-3.0,-38.0
1776887554.0561028,1.0,-3.0,-34.0
1776887554.0661027,-2.0,0.0,-36.0
1776887554.0761027,-1.0,-4.0,-34.0
1776887554.0861027,-4.0,-6.0,-32.0
1776887554.0961027,-1.0,-3.0,-32.0
1776887554.1061027,-1.0,-4.0,-37.0
1776887554.1161027,-4.0,-4.0,-43.0
1776887554.1261027,0.0,0.0,-47.0
1776887554.136103,-2.0,0.0,-51.0
1776887554.146103,-2.0,0.0,-49.0
1776887554.156103,1.0,0.0,-41.0
1776887554.1661026,2.0,-2.0,-36.0
1776887554.1761026,0.0,0.0,-43.0
1776887554.1861026,0.0,0.0,-45.0
1776887554.1961029,0.0,-3.0,-39.0
1776887554.2061028,-1.0,-7.0,-36.0
1776887554.2161028,-3.0,-7.0,-30.0
1776887554.2261028,1.0,-6.0,-32.0
1776887554.2361028,0.0,-7.0,-33.0
1776887554.2461028,-3.0,-6.0,-33.0
1776887554.2561028,-1.0,-5.0,-37.0
1776887554.2661028,-2.0,-5.0,-39.0
1776887554.2761028,-3.0,-6.0,-44.0
1776887554.2861028,0.0,-6.0,-49.0
1776887554.2961028,0.0,-3.0,-47.0
1776887554.3061028,1.0,2.0,-47.0
1776887554.3161027,0.0,2.0,-47.0
1776887554.3261027,0.0,-4.0,-46.0
1776887554.3361027,-2.0,-5.0,-44.0
1776887554.3461027,-6.0,-2.0,-39.0
1776887554.3561027,-6.0,0.0,-33.0
1776887554.3661027,-6.0,1.0,-34.0
1776887554.3761027,-6.0,1.0,-40.0
1776887554.386103,-5.0,3.0,-39.0
1776887554.396103,-8.0,0.0,-41.0
1776887554.406103,-4.0,0.0,-40.0
1776887554.4161026,-2.0,-1.0,-41.0
1776887554.4261026,0.0,0.0,-42.0
1776887554.4361026,-1.0,-1.0,-39.0
1776887554.4461029,0.0,1.0,-39.0
1776887554.4561028,1.0,0.0,-31.0
1776887554.4661028,7.0,0.0,-32.0
1776887554.4761028,6.0,-1.0,-34.0
1776887554.4861028,5.0,-2.0,-38.0
1776887554.4961028,5.0,-1.0,-40.0
1776887554.5061028,5.0,-7.0,-48.0
1776887554.5161028,0.0,-6.0,-52.0
1776887554.5261028,-1.0,-7.0,-58.0
1776887554.5361028,0.0,-3.0,-56.0
1776887554.5461028,3.0,0.0,-48.0
1776887554.5561028,4.0,-1.0,-44.0
1776887554.5661027,9.0,-3.0,-38.0
1776887554.5761027,10.0,-4.0,-36.0
1776887554.5861027,7.0,-3.0,-37.0
1776887554.5961027,3.0,1.0,-42.0
1776887554.6061027,3.0,2.0,-45.0
1776887554.6161027,7.0,5.0,-41.0
1776887554.6261027,10.0,3.0,-39.0
1776887554.636103,5.0,0.0,-40.0
1776887554.646103,4.0,1.0,-39.0
1776887554.656103,6.0,0.0,-38.0
1776887554.6661026,7.0,-3.0,-39.0
1776887554.6761026,3.0,-5.0,-41.0
1776887554.6861026,0.0,-3.0,-44.0
1776887554.6961029,4.0,-3.0,-48.0
1776887554.7061028,2.0,-3.0,-46.0
1776887554.7161028,4.0,-6.0,-46.0
1776887554.7261028,7.0,-5.0,-46.0
1776887554.7361028,4.0,-8.0,-49.0
1776887554.7461028,3.0,-10.0,-47.0
1776887554.7561028,2.0,-7.0,-45.0
1776887554.7661028,4.0,-4.0,-37.0
1776887554.7761028,3.0,-2.0,-32.0
1776887554.7861028,4.0,-3.0,-36.0
1776887554.7961028,5.0,-6.0,-41.0
1776887554.8061028,3.0,-1.0,-47.0
1776887554.8161027,-1.0,2.0,-44.0
1776887554.8261027,-1.0,2.0,-40.0
1776887554.8361027,-1.0,0.0,-48.0
1776887554.8461027,1.0,0.0,-43.0
1776887554.8561027,0.0,-1.0,-36.0
1776887554.8661027,1.0,-2.0,-38.0
1776887554.8761027,5.0,-2.0,-38.0
1776887554.886103,8.0,-2.0,-31.0
1776887554.896103,8.0,-5.0,-27.0
1776887554.906103,7.0,-6.0,-24.0
1776887554.9161026,7.0,-8.0,-30.0
1776887554.9261026,7.0,-6.0,-36.0
1776887554.9361026,6.0,-9.0,-35.0
1776887554.9461029,5.0,-3.0,-37.0
1776887554.9561028,3.0,-3.0,-38.0
1776887554.9661028,2.0,-2.0,-34.0
1776887554.9761028,2.0,0.0,-37.0
1776887554.9861028,2.0,0.0,-34.0
1776887554.9961028,0.0,0.0,-41.0
1776887555.0061028,-1.0,1.0,-45.0
1776887555.0161028,-3.0,0.0,-42.0
1776887555.0261028,0.0,-3.0,-43.0
1776887555.0361028,2.0,-4.0,-39.0
1776887555.0461028,0.0,-3.0,-39.0
1776887555.0561028,-3.0,-2.0,-34.0
1776887555.0661027,2.0,-3.0,-35.0
1776887555.0761027,0.0,-1.0,-35.0
1776887555.0861027,2.0,-2.0,-38.0
1776887555.0961027,2.0,-4.0,-38.0
1776887555.1061027,2.0,-1.0,-40.0
1776887555.1161027,3.0,0.0,-35.0
1776887555.1261027,2.0,3.0,-39.0
1776887555.136103,3.0,0.0,-35.0
1776887555.146103,1.0,-2.0,-36.0
1776887555.156103,0.0,-5.0,-39.0
1776887555.1661026,0.0,-4.0,-39.0
1776887555.1761026,2.0,-3.0,-37.0
1776887555.1861026,-3.0,-8.0,-35.0
1776887555.1961029,-3.0,-6.0,-36.0
1776887555.2061028,-1.0,-7.0,-37.0
1776887555.2161028,0.0,-2.0,-38.0
1776887555.2261028,0.0,-1.0,-41.0
1776887555.2361028,-5.0,-2.0,-37.0
1776887555.2461028,-1.0,-2.0,-39.0
1776887555.2561028,1.0,0.0,-39.0
1776887555.2661028,3.0,0.0,-36.0
1776887555.2761028,4.0,0.0,-43.0
1776887555.2861028,4.0,0.0,-43.0
1776887555.2961028,7.0,0.0,-45.0
1776887555.3061028,6.0,-1.0,-41.0
1776887555.3161027,4.0,-1.0,-33.0
1776887555.3261027,7.0,1.0,-31.0
1776887555.3361027,6.0,-2.0,-32.0
1776887555.3461027,3.0,4.0,-30.0
1776887555.3561027,2.0,6.0,-28.0
1776887555.3661027,0.0,6.0,-27.0
1776887555.3761027,4.0,3.0,-24.0
1776887555.386103,4.0,4.0,-16.0
1776887555.396103,2.0,4.0,-18.0
1776887555.406103,4.0,3.0,-23.0
1776887555.4161026,4.0,-1.0,-27.0
1776887555.4261026,0.0,-1.0,-31.0
1776887555.4361026,-1.0,-1.0,-25.0
1776887555.4461029,1.0,-3.0,-30.0
1776887555.4561028,-1.0,-2.0,-33.0
1776887555.4661028,-2.0,-5.0,-28.0
1776887555.4761028,-2.0,-2.0,-26.0
1776887555.4861028,-2.0,-2.0,-30.0
1776887555.4961028,-3.0,-3.0,-35.0
1776887555.5061028,-4.0,-4.0,-40.0
1776887555.5161028,0.0,-8.0,-39.0
1776887555.5261028,1.0,-8.0,-40.0
1776887555.5361028,3.0,-3.0,-38.0
1776887555.5461028,3.0,-3.0,-39.0
1776887555.5561028,0.0,-3.0,-38.0
1776887555.5661027,-1.0,-7.0,-35.0
1776887555.5761027,1.0,-7.0,-38.0
1776887555.5861027,0.0,-8.0,-42.0
1776887555.5961027,-3.0,-11.0,-41.0
1776887555.6061027,1.0,-10.0,-42.0
1776887555.6161027,3.0,-7.0,-39.0
1776887555.6261027,6.0,-4.0,-38.0
1776887555.636103,5.0,-5.0,-36.0
1776887555.646103,4.0,-8.0,-30.0
1776887555.656103,3.0,-10.0,-29.0
1776887555.6661026,7.0,-9.0,-31.0
1776887555.6761026,4.0,-6.0,-32.0
1776887555.6861026,2.0,-3.0,-30.0
1776887555.6961029,2.0,-5.0,-34.0
1776887555.7061028,0.0,-4.0,-37.0
1776887555.7161028,0.0,-6.0,-38.0
1776887555.7261028,-1.0,0.0,-38.0
1776887555.7361028,-1.0,-1.0,-40.0
1776887555.7461028,3.0,-1.0,-35.0
1776887555.7561028,4.0,0.0,-30.0
1776887555.7661028,4.0,0.0,-38.0
1776887555.7761028,3.0,-1.0,-41.0
1776887555.7861028,1.0,1.0,-34.0
1776887555.7961028,-1.0,0.0,-37.0
1776887555.8061028,0.0,0.0,-45.0
1776887555.8161027,1.0,1.0,-40.0
1776887555.8261027,0.0,0.0,-35.0
1776887555.8361027,0.0,-4.0,-36.0
1776887555.8461027,0.0,-6.0,-41.0
1776887555.8561027,-1.0,-7.0,-41.0
1776887555.8661027,0.0,-7.0,-33.0
1776887555.8761027,-3.0,-9.0,-27.0
1776887555.886103,-4.0,-4.0,-34.0
1776887555.896103,-5.0,1.0,-34.0
1776887555.906103,-7.0,0.0,-35.0
1776887555.9161026,-6.0,6.0,-39.0
1776887555.9261026,-1.0,5.0,-42.0
1776887555.9361026,0.0,0.0,-38.0
1776887555.9461029,2.0,3.0,-40.0
1776887555.9561028,0.0,1.0,-44.0
1776887555.9661028,2.0,0.0,-42.0
1776887555.9771028,3.0,1.0,-38.0
1776887555.9871027,4.0,4.0,-29.0
1776887555.9971027,5.0,4.0,-24.0
1776887556.0071027,1.0,3.0,-20.0
1776887556.0171027,1.0,3.0,-24.0
1776887556.0271027,1.0,4.0,-26.0
1776887556.0371027,5.0,6.0,-32.0
1776887556.0471027,5.0,3.0,-35.0
1776887556.057103,4.0,2.0,-37.0
1776887556.067103,8.0,2.0,-38.0
1776887556.077103,3.0,1.0,-38.0
1776887556.087103,0.0,-2.0,-42.0
1776887556.0971026,0.0,-6.0,-36.0
1776887556.1071026,3.0,-8.0,-29.0
1776887556.1171026,5.0,-2.0,-33.0
1776887556.1271029,4.0,0.0,-36.0
1776887556.1371028,0.0,2.0,-37.0
1776887556.1471028,0.0,2.0,-38.0
1776887556.1571028,0.0,2.0,-37.0
1776887556.1671028,0.0,3.0,-38.0
1776887556.1771028,-2.0,3.0,-36.0
1776887556.1871028,-4.0,0.0,-37.0
1776887556.1971028,-5.0,1.0,-37.0
1776887556.2071028,-5.0,1.0,-31.0
1776887556.2171028,-5.0,0.0,-31.0
1776887556.2271028,-4.0,0.0,-33.0
1776887556.2371027,-3.0,4.0,-41.0
1776887556.2471027,0.0,6.0,-42.0
1776887556.2571027,0.0,3.0,-44.0
1776887556.2671027,-1.0,3.0,-35.0
1776887556.2771027,-1.0,4.0,-34.0
1776887556.2871027,0.0,1.0,-32.0
1776887556.2971027,0.0,1.0,-36.0
1776887556.307103,2.0,0.0,-43.0
1776887556.317103,2.0,0.0,-42.0
1776887556.327103,4.0,-2.0,-46.0
1776887556.337103,1.0,-1.0,-57.0
1776887556.3471026,2.0,-2.0,-54.0
1776887556.3571026,0.0,-2.0,-57.0
1776887556.3671026,4.0,-6.0,-57.0
1776887556.3771029,3.0,-6.0,-59.0
1776887556.3871028,1.0,-12.0,-52.0
1776887556.3971028,1.0,-9.0,-44.0
1776887556.4071028,3.0,-5.0,-41.0
1776887556.4171028,1.0,-2.0,-33.0
1776887556.4271028,0.0,-4.0,-32.0
1776887556.4371028,-4.0,-4.0,-31.0
1776887556.4471028,-4.0,-2.0,-30.0
1776887556.4571028,-2.0,0.0,-32.0
1776887556.4671028,-3.0,-3.0,-31.0
1776887556.4771028,-8.0,-4.0,-26.0
1776887556.4871027,-5.0,-3.0,-29.0
1776887556.4971027,-2.0,-4.0,-30.0
1776887556.5071027,-3.0,-5.0,-33.0
1776887556.5171027,-5.0,-3.0,-40.0
1776887556.5271027,-8.0,0.0,-37.0
1776887556.5371027,-7.0,0.0,-43.0
1776887556.5471027,-11.0,3.0,-42.0
1776887556.557103,-8.0,3.0,-45.0
1776887556.567103,-3.0,5.0,-42.0
1776887556.577103,-1.0,0.0,-44.0
1776887556.587103,-1.0,1.0,-46.0
1776887556.5971026,-2.0,3.0,-44.0
1776887556.6071026,1.0,3.0,-39.0
1776887556.6171026,2.0,3.0,-34.0
1776887556.6271029,4.0,3.0,-36.0
1776887556.6371028,5.0,5.0,-31.0
1776887556.6471028,4.0,5.0,-34.0
1776887556.6571028,2.0,1.0,-37.0
1776887556.6671028,4.0,3.0,-35.0
1776887556.6771028,3.0,3.0,-35.0
1776887556.6871028,10.0,4.0,-31.0
1776887556.6971028,11.0,8.0,-28.0
1776887556.7071028,10.0,7.0,-23.0
1776887556.7171028,7.0,7.0,-26.0
1776887556.7271028,3.0,2.0,-28.0
1776887556.7371027,2.0,0.0,-34.0
1776887556.7471027,0.0,-1.0,-36.0
1776887556.7571027,1.0,-2.0,-41.0
1776887556.7671027,0.0,-6.0,-40.0
1776887556.7771027,1.0,-7.0,-35.0
1776887556.7871027,0.0,-2.0,-32.0
1776887556.7971027,1.0,-3.0,-33.0
1776887556.807103,-1.0,-2.0,-27.0
1776887556.817103,2.0,-3.0,-32.0
1776887556.827103,0.0,0.0,-34.0
1776887556.837103,3.0,-1.0,-32.0
1776887556.8471026,2.0,0.0,-36.0
1776887556.8571026,2.0,0.0,-42.0
1776887556.8671026,5.0,0.0,-41.0
1776887556.8781028,4.0,-1.0,-44.0
1776887556.8871028,1.0,-2.0,-45.0
1776887556.8971028,-4.0,-2.0,-49.0
1776887556.9071028,0.0,1.0,-47.0
1776887556.9171028,-2.0,0.0,-44.0
1776887556.9271028,-3.0,0.0,-47.0
1776887556.9371028,-5.0,0.0,-49.0
1776887556.9471028,-4.0,1.0,-41.0
1776887556.9571028,0.0,-3.0,-39.0
1776887556.9671028,0.0,-4.0,-41.0
1776887556.9771028,0.0,-2.0,-52.0
1776887556.9871027,-1.0,-2.0,-42.0
1776887556.9971027,-1.0,-5.0,-40.0
1776887557.0071027,-3.0,-5.0,-48.0
1776887557.0171027,-5.0,-7.0,-51.0
1776887557.0271027,-7.0,-3.0,-51.0
1776887557.0371027,-7.0,-1.0,-44.0
1776887557.0471027,-6.0,1.0,-40.0
1776887557.057103,-5.0,3.0,-38.0
1776887557.067103,-4.0,0.0,-35.0
1776887557.077103,1.0,-1.0,-36.0
1776887557.087103,2.0,1.0,-29.0
1776887557.0971026,1.0,6.0,-23.0
1776887557.1071026,-2.0,2.0,-28.0
1776887557.1171026,-3.0,1.0,-34.0
1776887557.1271029,-4.0,2.0,-35.0
1776887557.1371028,-5.0,0.0,-38.0
1776887557.1471028,-5.0,-1.0,-40.0
1776887557.1571028,-4.0,2.0,-43.0
1776887557.1671028,-3.0,4.0,-34.0
1776887557.1771028,-2.0,0.0,-36.0
1776887557.1871028,-3.0,2.0,-43.0
1776887557.1971028,0.0,-1.0,-39.0
1776887557.2071028,0.0,0.0,-36.0
1776887557.2171028,0.0,2.0,-34.0
1776887557.2271028,1.0,5.0,-41.0
1776887557.2371027,1.0,0.0,-48.0
1776887557.2471027,3.0,-3.0,-48.0
1776887557.2571027,-1.0,0.0,-52.0
1776887557.2671027,-3.0,-2.0,-53.0
1776887557.2771027,-1.0,-4.0,-52.0
1776887557.2871027,5.0,-4.0,-56.0
1776887557.2971027,5.0,-6.0,-60.0
1776887557.307103,0.0,-6.0,-54.0
1776887557.317103,2.0,-3.0,-51.0
1776887557.327103,-1.0,1.0,-49.0
1776887557.337103,0.0,0.0,-55.0
1776887557.3471026,-1.0,-2.0,-55.0
1776887557.3571026,-6.0,-6.0,-53.0
1776887557.3671026,-5.0,-10.0,-46.0
1776887557.3771029,-4.0,-5.0,-44.0
1776887557.3871028,-2.0,-4.0,-44.0
1776887557.3971028,-5.0,-6.0,-36.0
1776887557.4071028,-4.0,-3.0,-32.0
1776887557.4171028,-5.0,-3.0,-32.0
1776887557.4271028,0.0,-1.0,-27.0
1776887557.4371028,0.0,-3.0,-28.0
1776887557.4471028,0.0,0.0,-27.0
1776887557.4571028,2.0,0.0,-25.0
1776887557.4671028,7.0,-1.0,-33.0
1776887557.4771028,6.0,-4.0,-36.0
1776887557.4871027,3.0,0.0,-35.0
1776887557.4971027,2.0,1.0,-34.0
1776887557.5071027,1.0,2.0,-37.0
1776887557.5171027,-1.0,0.0,-33.0
1776887557.5271027,-8.0,0.0,-35.0
1776887557.5371027,-10.0,-4.0,-40.0
1776887557.5471027,-7.0,-4.0,-42.0
1776887557.557103,0.0,0.0,-41.0
1776887557.567103,0.0,-2.0,-34.0
1776887557.577103,0.0,-4.0,-37.0
1776887557.587103,0.0,-5.0,-34.0
1776887557.5971026,-1.0,-7.0,-37.0
1776887557.6071026,-1.0,-8.0,-40.0
1776887557.6171026,0.0,-5.0,-43.0
1776887557.6271029,3.0,-1.0,-41.0
1776887557.6371028,8.0,-3.0,-39.0
1776887557.6471028,4.0,-5.0,-39.0
1776887557.6571028,3.0,-8.0,-36.0
1776887557.6671028,-1.0,-5.0,-38.0
1776887557.6771028,2.0,-6.0,-38.0
1776887557.6871028,3.0,-8.0,-34.0
1776887557.6971028,3.0,-6.0,-32.0
1776887557.7071028,0.0,-7.0,-33.0
1776887557.7171028,-1.0,-4.0,-29.0
1776887557.7271028,-4.0,-2.0,-29.0
1776887557.7371027,-4.0,-5.0,-33.0
1776887557.7471027,-7.0,-6.0,-29.0
1776887557.7571027,-5.0,-5.0,-29.0
1776887557.7671027,-3.0,-4.0,-34.0
1776887557.7771027,1.0,-2.0,-37.0
1776887557.7871027,4.0,-5.0,-39.0
1776887557.7971027,-2.0,-3.0,-36.0
1776887557.807103,-2.0,-1.0,-35.0
1776887557.817103,-2.0,-4.0,-36.0
1776887557.827103,-5.0,-3.0,-43.0
1776887557.837103,-5.0,0.0,-48.0
1776887557.8471026,-2.0,0.0,-37.0
1776887557.8571026,-3.0,1.0,-45.0
1776887557.8671026,2.0,4.0,-48.0
1776887557.8771029,3.0,1.0,-42.0
1776887557.8871028,0.0,1.0,-49.0
1776887557.8971028,-1.0,0.0,-48.0
1776887557.9071028,-2.0,0.0,-41.0
1776887557.9171028,-2.0,0.0,-39.0
1776887557.9271028,1.0,1.0,-31.0
1776887557.9371028,1.0,3.0,-27.0
1776887557.9471028,2.0,3.0,-26.0
1776887557.9581027,5.0,5.0,-35.0
1776887557.9671028,3.0,1.0,-30.0
1776887557.9771028,1.0,-1.0,-30.0
1776887557.988103,1.0,0.0,-33.0
1776887557.998103,0.0,-4.0,-39.0
1776887558.008103,0.0,-3.0,-44.0
1776887558.0181026,-1.0,-4.0,-39.0
1776887558.0281026,-1.0,-6.0,-32.0
1776887558.0381026,0.0,-4.0,-33.0
1776887558.0481029,-3.0,-9.0,-26.0
1776887558.0581028,-2.0,-5.0,-27.0
1776887558.0681028,-2.0,-2.0,-25.0
1776887558.0781028,-5.0,-4.0,-34.0
1776887558.0881028,-3.0,-2.0,-38.0
1776887558.0981028,-7.0,-4.0,-36.0
1776887558.1081028,-6.0,-6.0,-35.0
1776887558.1181028,-6.0,-10.0,-37.0
1776887558.1281028,-6.0,-9.0,-32.0
1776887558.1381028,-6.0,-6.0,-29.0
1776887558.1481028,-4.0,-3.0,-28.0
1776887558.1581028,-6.0,-2.0,-31.0
1776887558.1681027,-3.0,-3.0,-26.0
1776887558.1781027,-1.0,-3.0,-27.0
1776887558.1881027,2.0,-2.0,-31.0
1776887558.1981027,0.0,-3.0,-37.0
1776887558.2081027,-1.0,-1.0,-40.0
1776887558.2181027,-4.0,1.0,-40.0
1776887558.2281027,0.0,0.0,-34.0
1776887558.238103,1.0,-1.0,-31.0
1776887558.248103,-2.0,0.0,-38.0
1776887558.258103,-7.0,0.0,-39.0
1776887558.2681026,-6.0,0.0,-39.0
1776887558.2781026,-4.0,5.0,-37.0
1776887558.2881026,-2.0,7.0,-38.0
1776887558.2981029,0.0,1.0,-39.0
1776887558.3081028,-1.0,5.0,-36.0
1776887558.3181028,-4.0,6.0,-35.0
1776887558.3281028,-6.0,0.0,-27.0
1776887558.3381028,-8.0,1.0,-22.0
1776887558.3481028,-6.0,0.0,-26.0
1776887558.3581028,-9.0,-1.0,-27.0
1776887558.3681028,-9.0,0.0,-26.0
1776887558.3781028,-7.0,-1.0,-22.0
1776887558.3881028,-3.0,2.0,-31.0
1776887558.3981028,-3.0,5.0,-31.0
1776887558.4081028,0.0,9.0,-26.0
1776887558.4181027,-4.0,6.0,-24.0
1776887558.4281027,-7.0,8.0,-23.0
1776887558.4381027,-2.0,5.0,-32.0
1776887558.4481027,-3.0,3.0,-42.0
1776887558.4581027,-2.0,0.0,-49.0
1776887558.4681027,1.0,-2.0,-45.0
1776887558.4781027,-1.0,0.0,-42.0
1776887558.488103,-2.0,-3.0,-48.0
1776887558.498103,-1.0,-2.0,-45.0
1776887558.508103,-2.0,-2.0,-46.0
1776887558.5181026,-1.0,-1.0,-46.0
1776887558.5281026,0.0,0.0,-44.0
1776887558.5381026,0.0,0.0,-44.0
1776887558.5481029,0.0,-4.0,-41.0
1776887558.5581028,2.0,-5.0,-43.0
1776887558.5681028,1.0,-7.0,-41.0
1776887558.5781028,0.0,-7.0,-36.0
1776887558.5881028,0.0,-7.0,-32.0
1776887558.5981028,0.0,-8.0,-34.0
1776887558.6081028,0.0,-6.0,-35.0
1776887558.6181028,4.0,-2.0,-33.0
1776887558.6281028,6.0,-1.0,-36.0
1776887558.6381028,4.0,-1.0,-30.0
1776887558.6481028,1.0,2.0,-31.0
1776887558.6581028,0.0,1.0,-29.0
1776887558.6681027,-1.0,4.0,-29.0
1776887558.6781027,-2.0,5.0,-25.0
1776887558.6881027,-3.0,4.0,-25.0
1776887558.6981027,-3.0,4.0,-27.0
1776887558.7081027,1.0,4.0,-32.0
1776887558.7181027,0.0,0.0,-33.0
1776887558.7281027,0.0,0.0,-38.0
1776887558.738103,-7.0,0.0,-40.0
1776887558.748103,-6.0,-5.0,-42.0
1776887558.758103,-2.0,-7.0,-38.0
1776887558.7681026,0.0,-4.0,-33.0
1776887558.7781026,-4.0,-4.0,-35.0
1776887558.7881026,-2.0,-1.0,-39.0
1776887558.7981029,0.0,4.0,-35.0
1776887558.8081028,4.0,2.0,-31.0
1776887558.8181028,3.0,3.0,-33.0
1776887558.8281028,0.0,1.0,-29.0
1776887558.8381028,0.0,1.0,-29.0
1776887558.8481028,-1.0,4.0,-32.0
1776887558.8581028,0.0,7.0,-27.0
1776887558.8681028,2.0,4.0,-27.0
1776887558.8781028,2.0,3.0,-24.0
1776887558.8881028,2.0,-1.0,-34.0
1776887558.8981028,1.0,-2.0,-29.0
1776887558.9081028,0.0,-2.0,-29.0
1776887558.9181027,0.0,-1.0,-30.0
1776887558.9281027,1.0,4.0,-32.0
1776887558.9381027,9.0,4.0,-29.0
1776887558.9481027,7.0,-2.0,-25.0
1776887558.9581027,0.0,-3.0,-29.0
1776887558.9681027,0.0,-3.0,-38.0
1776887558.9781027,0.0,-2.0,-40.0
1776887558.988103,-1.0,-3.0,-37.0
1776887558.998103,1.0,-4.0,-37.0
1776887559.008103,2.0,-2.0,-40.0
1776887559.0181026,-1.0,-3.0,-45.0
1776887559.0281026,-2.0,-1.0,-40.0
1776887559.0381026,6.0,0.0,-39.0
1776887559.0481029,7.0,0.0,-41.0
1776887559.0581028,6.0,-2.0,-39.0
1776887559.0681028,4.0,-2.0,-40.0
1776887559.0781028,0.0,-3.0,-46.0
1776887559.0881028,-1.0,-3.0,-46.0
1776887559.0981028,-4.0,-1.0,-54.0
1776887559.1081028,-1.0,-2.0,-53.0
1776887559.1181028,-1.0,-5.0,-47.0
1776887559.1281028,-1.0,-8.0,-46.0
1776887559.1381028,-1.0,-5.0,-44.0
1776887559.1481028,0.0,-6.0,-49.0
1776887559.1581028,-1.0,-6.0,-47.0
1776887559.1681027,0.0,-9.0,-47.0
1776887559.1781027,-1.0,-11.0,-46.0
1776887559.1881027,0.0,-10.0,-40.0
1776887559.1981027,1.0,-8.0,-30.0
1776887559.2081027,-1.0,-8.0,-30.0
1776887559.2181027,0.0,-6.0,-29.0
1776887559.2281027,7.0,-2.0,-35.0
1776887559.238103,2.0,-5.0,-31.0
1776887559.248103,4.0,-2.0,-37.0
1776887559.258103,4.0,-2.0,-42.0
1776887559.2681026,5.0,1.0,-38.0
1776887559.2781026,5.0,1.0,-30.0
1776887559.2881026,6.0,0.0,-33.0
1776887559.2981029,5.0,0.0,-30.0
1776887559.3081028,4.0,0.0,-32.0
1776887559.3181028,4.0,4.0,-39.0
1776887559.3281028,1.0,5.0,-40.0
1776887559.3381028,0.0,3.0,-36.0
1776887559.3481028,0.0,4.0,-42.0
1776887559.3581028,0.0,3.0,-48.0
1776887559.3681028,3.0,0.0,-49.0
1776887559.3781028,4.0,-3.0,-47.0
1776887559.3881028,2.0,-2.0,-38.0
1776887559.3981028,8.0,-4.0,-33.0
1776887559.4081028,8.0,-8.0,-33.0
1776887559.4181027,6.0,-10.0,-34.0
1776887559.4281027,10.0,-11.0,-31.0
1776887559.4381027,11.0,-10.0,-32.0
1776887559.4481027,10.0,-8.0,-42.0
1776887559.4581027,8.0,-8.0,-41.0
1776887559.4681027,0.0,-10.0,-43.0
1776887559.4781027,-1.0,-6.0,-38.0
1776887559.488103,-1.0,-5.0,-39.0
1776887559.498103,3.0,-6.0,-37.0
1776887559.508103,1.0,-4.0,-34.0
1776887559.5181026,5.0,1.0,-41.0
1776887559.5281026,2.0,1.0,-40.0
1776887559.5381026,1.0,1.0,-40.0
1776887559.5481029,1.0,3.0,-39.0
1776887559.5581028,0.0,2.0,-34.0
1776887559.5681028,-1.0,5.0,-30.0
1776887559.5781028,-1.0,3.0,-34.0
1776887559.5881028,-6.0,0.0,-30.0
1776887559.5981028,-7.0,-4.0,-30.0
1776887559.6081028,-4.0,1.0,-26.0
1776887559.6181028,-4.0,0.0,-30.0
1776887559.6281028,-5.0,-1.0,-31.0
1776887559.6381028,-4.0,-3.0,-36.0
1776887559.6481028,-2.0,-5.0,-37.0
1776887559.6581028,-3.0,-7.0,-33.0
1776887559.6681027,2.0,-9.0,-27.0
1776887559.6781027,1.0,-7.0,-21.0
1776887559.6881027,-1.0,-5.0,-28.0
1776887559.6981027,4.0,-9.0,-35.0
1776887559.7081027,5.0,-8.0,-41.0
1776887559.7181027,3.0,-9.0,-45.0
1776887559.7281027,-2.0,-10.0,-48.0
1776887559.738103,-3.0,-6.0,-44.0
1776887559.748103,0.0,-4.0,-43.0
1776887559.758103,3.0,-5.0,-45.0
1776887559.7681026,3.0,0.0,-42.0
1776887559.7781026,-1.0,0.0,-41.0
1776887559.7881026,2.0,0.0,-45.0
1776887559.7981029,7.0,0.0,-44.0
1776887559.8081028,8.0,2.0,-49.0
1776887559.8181028,7.0,2.0,-42.0
1776887559.8281028,6.0,1.0,-33.0
1776887559.8381028,0.0,-4.0,-33.0
1776887559.8481028,1.0,-6.0,-41.0
1776887559.8581028,3.0,-6.0,-38.0
1776887559.8681028,-2.0,-7.0,-35.0
1776887559.8781028,-7.0,-7.0,-30.0
1776887559.8881028,0.0,-6.0,-30.0
1776887559.8981028,-4.0,-6.0,-36.0
1776887559.9081028,-4.0,-3.0,-41.0
1776887559.9181027,-5.0,-1.0,-40.0
1776887559.9281027,-5.0,-3.0,-35.0
1776887559.9381027,-2.0,-2.0,-36.0
1776887559.9481027,0.0,-4.0,-32.0
1776887559.9581027,0.0,-7.0,-30.0
1776887559.9681027,1.0,-4.0,-35.0
1776887559.9781027,2.0,-7.0,-33.0
1776887559.9891028,-1.0,-8.0,-30.0
1776887559.9991028,-3.0,-6.0,-32.0
1776887560.0091028,-3.0,-5.0,-29.0
1776887560.0191028,-4.0,-2.0,-31.0
1776887560.0291028,-2.0,-4.0,-32.0
1776887560.0391028,-2.0,-4.0,-29.0
1776887560.0491028,-8.0,-2.0,-31.0
1776887560.0591028,-3.0,-1.0,-37.0
1776887560.0691028,-8.0,0.0,-34.0
1776887560.0791028,-6.0,-3.0,-30.0
1776887560.0891027,-4.0,-2.0,-32.0
1776887560.0991027,-5.0,-2.0,-30.0
1776887560.1091027,-3.0,0.0,-27.0
1776887560.1191027,-4.0,-1.0,-31.0
1776887560.1291027,-2.0,-3.0,-36.0
1776887560.1391027,0.0,-5.0,-33.0
1776887560.1491027,3.0,-7.0,-32.0
1776887560.159103,2.0,-8.0,-36.0
1776887560.169103,0.0,-5.0,-38.0
1776887560.179103,-1.0,-9.0,-43.0
1776887560.1891026,-6.0,-9.0,-46.0
1776887560.1991026,-8.0,-9.0,-48.0
1776887560.2091026,-3.0,-9.0,-43.0
1776887560.2191026,-7.0,-6.0,-50.0
1776887560.2291028,-3.0,-12.0,-47.0
1776887560.2391028,-3.0,-11.0,-48.0
1776887560.2491028,-7.0,-8.0,-50.0
1776887560.2591028,-2.0,1.0,-51.0
1776887560.2691028,-1.0,1.0,-53.0
1776887560.2791028,0.0,0.0,-49.0
1776887560.2891028,0.0,-1.0,-50.0
1776887560.2991028,-1.0,1.0,-44.0
1776887560.3091028,0.0,1.0,-43.0
1776887560.3191028,2.0,0.0,-45.0
1776887560.3291028,0.0,-1.0,-38.0
1776887560.3391027,-3.0,-4.0,-29.0
1776887560.3491027,-4.0,-4.0,-30.0
1776887560.3591027,0.0,0.0,-34.0
1776887560.3691027,0.0,1.0,-36.0
1776887560.3791027,3.0,4.0,-33.0
1776887560.3891027,6.0,4.0,-28.0
1776887560.3991027,3.0,5.0,-25.0
1776887560.409103,0.0,3.0,-25.0
1776887560.419103,-2.0,1.0,-36.0
1776887560.429103,-6.0,-4.0,-38.0
1776887560.4391026,-9.0,-7.0,-33.0
1776887560.4491026,-4.0,0.0,-33.0
1776887560.4591026,-5.0,0.0,-31.0
1776887560.4691026,-3.0,2.0,-26.0
1776887560.4791028,-2.0,1.0,-38.0
1776887560.4891028,-2.0,-3.0,-41.0
1776887560.4991028,-5.0,0.0,-46.0
1776887560.5091028,-4.0,3.0,-48.0
1776887560.5191028,-1.0,3.0,-39.0
1776887560.5291028,0.0,0.0,-38.0
1776887560.5391028,1.0,1.0,-35.0
1776887560.5491028,4.0,3.0,-40.0
1776887560.5591028,3.0,3.0,-48.0
1776887560.5691028,3.0,4.0,-53.0
1776887560.5791028,0.0,2.0,-55.0
1776887560.5891027,2.0,3.0,-48.0
1776887560.5991027,0.0,5.0,-42.0
1776887560.6091027,-2.0,1.0,-39.0
1776887560.6191027,-4.0,-1.0,-30.0
1776887560.6291027,0.0,0.0,-36.0
1776887560.6391027,-2.0,-3.0,-39.0
1776887560.6491027,-1.0,-4.0,-45.0
1776887560.659103,0.0,-4.0,-44.0
1776887560.669103,0.0,-4.0,-39.0
1776887560.679103,-2.0,-8.0,-38.0
1776887560.6891026,-2.0,-5.0,-39.0
1776887560.6991026,-1.0,-7.0,-41.0
1776887560.7091026,-2.0,-8.0,-44.0
1776887560.7191026,0.0,-7.0,-42.0
1776887560.7291028,-3.0,-7.0,-45.0
1776887560.7391028,-4.0,-4.0,-37.0
1776887560.7491028,-2.0,-7.0,-34.0
1776887560.7591028,-4.0,-3.0,-33.0
1776887560.7691028,-1.0,-7.0,-32.0
1776887560.7791028,0.0,-5.0,-37.0
1776887560.7891028,0.0,-4.0,-40.0
1776887560.7991028,-3.0,-5.0,-41.0
1776887560.8091028,-6.0,-6.0,-45.0
1776887560.8191028,-7.0,-4.0,-48.0
1776887560.8291028,-6.0,-1.0,-49.0
1776887560.8391027,-1.0,-1.0,-42.0
1776887560.8491027,0.0,-1.0,-41.0
1776887560.8591027,0.0,1.0,-45.0
1776887560.8691027,-1.0,1.0,-41.0
1776887560.8791027,3.0,0.0,-42.0
1776887560.8891027,4.0,0.0,-46.0
1776887560.8991027,0.0,2.0,-47.0
1776887560.909103,0.0,1.0,-43.0
1776887560.919103,-1.0,-2.0,-47.0
1776887560.929103,-1.0,-2.0,-40.0
1776887560.9391026,-4.0,-3.0,-37.0
1776887560.9491026,-1.0,-2.0,-39.0
1776887560.9591026,-2.0,-2.0,-42.0
1776887560.9691026,-4.0,-5.0,-40.0
1776887560.9791028,-1.0,-4.0,-33.0
1776887560.9891028,-2.0,-4.0,-27.0
1776887560.9991028,-6.0,-1.0,-26.0
1776887561.0091028,-4.0,0.0,-24.0
1776887561.0191028,-3.0,1.0,-33.0
1776887561.0291028,-1.0,2.0,-37.0
1776887561.0391028,2.0,2.0,-34.0
1776887561.0491028,1.0,1.0,-37.0
1776887561.0591028,-3.0,3.0,-41.0
1776887561.0691028,-4.0,4.0,-41.0
1776887561.0791028,-7.0,5.0,-43.0
1776887561.0891027,-2.0,7.0,-41.0
1776887561.0991027,2.0,12.0,-43.0
1776887561.1091027,3.0,7.0,-49.0
1776887561.1191027,0.0,3.0,-43.0
1776887561.1291027,2.0,7.0,-36.0
1776887561.1391027,0.0,8.0,-40.0
1776887561.1491027,-2.0,4.0,-43.0
1776887561.159103,-6.0,0.0,-45.0
1776887561.169103,-4.0,1.0,-42.0
1776887561.179103,-7.0,0.0,-40.0
1776887561.1891026,-3.0,0.0,-33.0
1776887561.1991026,0.0,-2.0,-30.0
1776887561.2091026,-1.0,-3.0,-28.0
1776887561.2191026,1.0,-2.0,-27.0
1776887561.2291028,-2.0,-2.0,-31.0
1776887561.2391028,1.0,0.0,-30.0
1776887561.2491028,-1.0,5.0,-27.0
1776887561.2591028,-1.0,6.0,-34.0
1776887561.2691028,-1.0,6.0,-32.0
1776887561.2791028,-2.0,7.0,-31.0
1776887561.2891028,0.0,6.0,-32.0
1776887561.2991028,0.0,0.0,-37.0
1776887561.3091028,-1.0,0.0,-35.0
1776887561.3191028,-1.0,-2.0,-37.0
1776887561.3291028,-2.0,3.0,-34.0
1776887561.3391027,0.0,2.0,-27.0
1776887561.3491027,0.0,3.0,-29.0
1776887561.3591027,3.0,0.0,-31.0
1776887561.3691027,5.0,-3.0,-31.0
1776887561.3791027,9.0,0.0,-34.0
1776887561.3891027,4.0,3.0,-32.0
1776887561.3991027,8.0,6.0,-32.0
1776887561.409103,7.0,9.0,-33.0
1776887561.419103,6.0,5.0,-33.0
1776887561.429103,1.0,7.0,-36.0
1776887561.4391026,-1.0,6.0,-41.0
1776887561.4491026,-2.0,1.0,-33.0
1776887561.4591026,-1.0,1.0,-37.0
1776887561.4691026,0.0,-1.0,-38.0
1776887561.4791028,-1.0,1.0,-42.0
1776887561.4891028,3.0,-1.0,-42.0
1776887561.4991028,1.0,0.0,-43.0
1776887561.5091028,4.0,-1.0,-38.0
1776887561.5191028,7.0,1.0,-36.0
1776887561.5291028,2.0,1.0,-42.0
1776887561.5391028,3.0,0.0,-39.0
1776887561.5491028,0.0,3.0,-36.0
1776887561.5591028,-1.0,1.0,-37.0
1776887561.5691028,0.0,3.0,-36.0
1776887561.5791028,0.0,1.0,-46.0
1776887561.5891027,2.0,1.0,-49.0
1776887561.5991027,0.0,0.0,-35.0
1776887561.6091027,0.0,0.0,-31.0
1776887561.6191027,-4.0,1.0,-31.0
1776887561.6291027,-4.0,1.0,-30.0
1776887561.6391027,-4.0,2.0,-31.0
1776887561.6491027,0.0,-1.0,-33.0
1776887561.659103,-3.0,2.0,-37.0
1776887561.669103,2.0,-2.0,-30.0
1776887561.679103,5.0,-1.0,-31.0
1776887561.6891026,5.0,1.0,-34.0
1776887561.6991026,7.0,1.0,-33.0
1776887561.7091026,5.0,2.0,-33.0
1776887561.7191026,4.0,2.0,-32.0
1776887561.7291028,4.0,0.0,-32.0
1776887561.7391028,4.0,-2.0,-25.0
1776887561.7491028,0.0,-3.0,-23.0
1776887561.7591028,-2.0,-1.0,-32.0
1776887561.7691028,-3.0,1.0,-30.0
1776887561.7791028,-1.0,2.0,-36.0
1776887561.7891028,0.0,3.0,-35.0
1776887561.7991028,0.0,4.0,-34.0
1776887561.8091028,-4.0,2.0,-41.0
1776887561.8191028,-2.0,3.0,-42.0
1776887561.8291028,0.0,0.0,-40.0
1776887561.8391027,0.0,0.0,-39.0
1776887561.8491027,2.0,0.0,-34.0
1776887561.8591027,-1.0,1.0,-35.0
1776887561.8691027,-4.0,1.0,-30.0
1776887561.8791027,-4.0,-2.0,-32.0
1776887561.8891027,-5.0,0.0,-30.0
1776887561.8991027,-2.0,0.0,-29.0
1776887561.909103,5.0,-1.0,-35.0
1776887561.919103,12.0,0.0,-36.0
1776887561.929103,12.0,-1.0,-36.0
1776887561.9401028,9.0,-4.0,-42.0
1776887561.9491026,2.0,-3.0,-43.0
1776887561.9591026,0.0,-5.0,-43.0
1776887561.9691026,-1.0,-4.0,-40.0
1776887561.9801028,0.0,-4.0,-45.0
1776887561.9891028,2.0,-3.0,-43.0
1776887562.0001028,2.0,0.0,-46.0
1776887562.0101027,2.0,0.0,-45.0
1776887562.0201027,2.0,0.0,-49.0
1776887562.0301027,-1.0,0.0,-43.0
1776887562.0401027,-3.0,2.0,-45.0
1776887562.0501027,-4.0,1.0,-42.0
1776887562.0601027,-3.0,2.0,-40.0
1776887562.0701027,-1.0,3.0,-44.0
1776887562.0801027,-3.0,5.0,-44.0
1776887562.090103,-2.0,5.0,-46.0
1776887562.100103,0.0,2.0,-44.0
1776887562.110103,1.0,-2.0,-39.0
1776887562.1201026,-2.0,-4.0,-39.0
1776887562.1301026,-3.0,-4.0,-42.0
1776887562.1401026,-6.0,-5.0,-47.0
1776887562.1501029,-5.0,-3.0,-49.0
1776887562.1601028,-7.0,-3.0,-49.0
1776887562.1701028,-5.0,-2.0,-46.0
1776887562.1801028,-5.0,-3.0,-46.0
1776887562.1901028,0.0,-3.0,-43.0
1776887562.2001028,-1.0,-4.0,-35.0
1776887562.2101028,0.0,-8.0,-41.0
1776887562.2201028,0.0,-6.0,-34.0
1776887562.2301028,0.0,-7.0,-32.0
1776887562.2401028,0.0,-6.0,-31.0
1776887562.2501028,2.0,0.0,-34.0
1776887562.2601027,4.0,-2.0,-31.0
1776887562.2701027,2.0,-2.0,-31.0
1776887562.2801027,3.0,0.0,-34.0
1776887562.2901027,1.0,3.0,-38.0
1776887562.3001027,-2.0,1.0,-38.0
1776887562.3101027,0.0,0.0,-40.0
1776887562.3201027,0.0,0.0,-30.0
1776887562.3301027,0.0,0.0,-31.0
1776887562.340103,1.0,2.0,-34.0
1776887562.350103,-3.0,-2.0,-43.0
1776887562.360103,-3.0,-2.0,-47.0
1776887562.3701026,-5.0,-3.0,-47.0
1776887562.3801026,0.0,0.0,-50.0
1776887562.3901026,-1.0,0.0,-48.0
1776887562.4001029,-1.0,4.0,-43.0
1776887562.4101028,-2.0,1.0,-39.0
1776887562.4201028,-1.0,0.0,-30.0
1776887562.4301028,-1.0,-2.0,-32.0
1776887562.4401028,-7.0,-3.0,-33.0
1776887562.4501028,-4.0,-2.0,-32.0
1776887562.4601028,0.0,0.0,-30.0
1776887562.4701028,1.0,3.0,-33.0
1776887562.4801028,4.0,0.0,-31.0
1776887562.4901028,1.0,2.0,-35.0
1776887562.5001028,4.0,2.0,-36.0
1776887562.5101027,4.0,2.0,-39.0
1776887562.5201027,1.0,2.0,-40.0
1776887562.5301027,3.0,1.0,-44.0
1776887562.5401027,3.0,2.0,-36.0
1776887562.5501027,2.0,0.0,-44.0
1776887562.5601027,-2.0,-4.0,-51.0
1776887562.5701027,-4.0,-4.0,-50.0
1776887562.5801027,-7.0,-5.0,-40.0
1776887562.590103,-2.0,-6.0,-34.0
1776887562.600103,0.0,-6.0,-36.0
1776887562.610103,0.0,-1.0,-33.0
1776887562.6201026,1.0,-2.0,-31.0
1776887562.6301026,0.0,-2.0,-35.0
1776887562.6401026,-1.0,-4.0,-27.0
1776887562.6501029,0.0,-1.0,-34.0
1776887562.6601028,-2.0,-1.0,-35.0
1776887562.6701028,-1.0,0.0,-38.0
1776887562.6801028,0.0,-1.0,-38.0
1776887562.6901028,4.0,-2.0,-38.0
1776887562.7001028,5.0,-4.0,-30.0
1776887562.7101028,4.0,-1.0,-35.0
1776887562.7201028,4.0,0.0,-38.0
1776887562.7301028,0.0,3.0,-38.0
1776887562.7401028,3.0,2.0,-40.0
1776887562.7501028,4.0,4.0,-36.0
1776887562.7601027,7.0,0.0,-40.0
1776887562.7701027,7.0,-2.0,-38.0
1776887562.7801027,8.0,-2.0,-38.0
1776887562.7901027,3.0,-1.0,-38.0
1776887562.8001027,3.0,-1.0,-36.0
1776887562.8101027,6.0,0.0,-39.0
1776887562.8201027,2.0,-1.0,-40.0
1776887562.8301027,1.0,1.0,-37.0
1776887562.840103,0.0,0.0,-41.0
1776887562.850103,-3.0,0.0,-48.0
1776887562.860103,-3.0,2.0,-48.0
1776887562.8701026,-6.0,6.0,-50.0
1776887562.8801026,-7.0,4.0,-45.0
1776887562.8901026,-3.0,0.0,-43.0
1776887562.9001029,1.0,-1.0,-39.0
1776887562.9101028,2.0,-1.0,-29.0
1776887562.9201028,4.0,2.0,-20.0
1776887562.9301028,11.0,0.0,-25.0
1776887562.9401028,12.0,0.0,-29.0
1776887562.9501028,12.0,0.0,-30.0
1776887562.9601028,6.0,1.0,-30.0
1776887562.9701028,1.0,0.0,-33.0
1776887562.9801028,0.0,-2.0,-32.0
1776887562.9901028,0.0,-5.0,-33.0
1776887563.0001028,0.0,-8.0,-37.0
1776887563.0101027,-3.0,-4.0,-41.0
1776887563.0201027,-5.0,-4.0,-43.0
1776887563.0301027,-3.0,-5.0,-43.0
1776887563.0401027,1.0,-7.0,-41.0
1776887563.0501027,0.0,-6.0,-45.0
1776887563.0601027,3.0,-5.0,-45.0
1776887563.0701027,5.0,-2.0,-41.0
1776887563.0801027,10.0,0.0,-42.0
1776887563.090103,4.0,-1.0,-45.0
1776887563.100103,1.0,0.0,-44.0
1776887563.110103,-2.0,1.0,-41.0
1776887563.1201026,-9.0,2.0,-38.0
1776887563.1301026,-10.0,1.0,-38.0
1776887563.1401026,-8.0,0.0,-43.0
1776887563.1501029,-3.0,-6.0,-44.0
1776887563.1601028,2.0,-3.0,-39.0
1776887563.1701028,-1.0,-6.0,-24.0
1776887563.1801028,-1.0,-4.0,-23.0
1776887563.1901028,0.0,-5.0,-23.0
1776887563.2001028,3.0,-5.0,-36.0
1776887563.2111027,3.0,-3.0,-35.0
1776887563.2201028,2.0,-9.0,-30.0
1776887563.2301028,4.0,-8.0,-36.0
1776887563.2401028,5.0,-2.0,-36.0
1776887563.2501028,11.0,0.0,-31.0
1776887563.2601027,6.0,-3.0,-31.0
1776887563.2701027,6.0,-5.0,-32.0
1776887563.2801027,4.0,-4.0,-32.0
1776887563.2901027,-4.0,-5.0,-38.0
1776887563.3001027,-7.0,-9.0,-35.0
1776887563.3101027,-3.0,-11.0,-35.0
1776887563.3201027,3.0,-5.0,-39.0
1776887563.3301027,3.0,-1.0,-39.0
1776887563.340103,6.0,-1.0,-37.0
1776887563.350103,5.0,-2.0,-33.0
1776887563.360103,2.0,-2.0,-34.0
1776887563.3701026,0.0,-4.0,-31.0
1776887563.3801026,2.0,2.0,-38.0
1776887563.3901026,4.0,0.0,-39.0
1776887563.4001029,3.0,0.0,-39.0
1776887563.4101028,3.0,0.0,-39.0
1776887563.4201028,1.0,-2.0,-41.0
1776887563.4301028,1.0,-3.0,-41.0
1776887563.4401028,-1.0,-4.0,-41.0
1776887563.4501028,2.0,-8.0,-38.0
1776887563.4601028,7.0,-6.0,-35.0
1776887563.4701028,7.0,-8.0,-36.0
1776887563.4801028,4.0,-4.0,-42.0
1776887563.4901028,0.0,-5.0,-40.0
1776887563.5001028,-2.0,-8.0,-39.0
1776887563.5101027,-5.0,-5.0,-37.0
1776887563.5201027,-11.0,-3.0,-35.0
1776887563.5301027,-9.0,-2.0,-39.0
1776887563.5401027,-12.0,0.0,-38.0
1776887563.5501027,-11.0,-4.0,-36.0
1776887563.5601027,-5.0,-4.0,-32.0
1776887563.5701027,-1.0,-3.0,-34.0
1776887563.5801027,0.0,-2.0,-31.0
1776887563.590103,0.0,-2.0,-30.0
1776887563.600103,-2.0,0.0,-33.0
1776887563.610103,-6.0,2.0,-30.0
1776887563.6201026,-8.0,3.0,-31.0
1776887563.6301026,-5.0,2.0,-29.0
1776887563.6401026,1.0,-1.0,-40.0
1776887563.6501029,5.0,-5.0,-41.0
1776887563.6601028,5.0,-3.0,-37.0
1776887563.6701028,5.0,-3.0,-40.0
1776887563.6801028,0.0,-2.0,-41.0
1776887563.6901028,-1.0,0.0,-34.0
1776887563.7001028,0.0,-2.0,-34.0
1776887563.7101028,-2.0,-5.0,-35.0
1776887563.7201028,-1.0,-2.0,-37.0
1776887563.7301028,-2.0,-1.0,-39.0
1776887563.7401028,-2.0,0.0,-38.0
1776887563.7501028,-4.0,-2.0,-34.0
1776887563.7601027,-7.0,-3.0,-34.0
1776887563.7701027,-8.0,-1.0,-38.0
1776887563.7801027,-8.0,2.0,-41.0
1776887563.7901027,-5.0,5.0,-43.0
1776887563.8001027,-1.0,3.0,-41.0
1776887563.8101027,2.0,-1.0,-44.0
1776887563.8201027,-1.0,-3.0,-42.0
1776887563.8301027,1.0,-4.0,-47.0
1776887563.840103,2.0,-3.0,-50.0
1776887563.850103,4.0,-5.0,-47.0
1776887563.860103,2.0,-4.0,-40.0
1776887563.8701026,0.0,-3.0,-43.0
1776887563.8801026,6.0,-1.0,-40.0
1776887563.8901026,6.0,0.0,-39.0
1776887563.9001029,5.0,0.0,-40.0
1776887563.9101028,5.0,-5.0,-35.0
1776887563.9201028,10.0,-3.0,-33.0
1776887563.9301028,4.0,-5.0,-29.0
1776887563.9401028,5.0,0.0,-34.0
1776887563.9501028,5.0,0.0,-40.0
1776887563.9601028,7.0,2.0,-43.0
1776887563.9701028,2.0,3.0,-40.0
1776887563.9811027,0.0,0.0,-37.0
1776887563.9911027,-1.0,0.0,-40.0
1776887564.0011027,3.0,-6.0,-39.0
1776887564.011103,3.0,-4.0,-34.0
1776887564.021103,2.0,-2.0,-36.0
1776887564.031103,1.0,-1.0,-37.0
1776887564.0411026,2.0,-6.0,-41.0
1776887564.0511026,6.0,-6.0,-39.0
1776887564.0611026,5.0,-7.0,-41.0
1776887564.0711029,4.0,-6.0,-37.0
1776887564.0811028,2.0,-5.0,-29.0
1776887564.0911028,0.0,-7.0,-26.0
1776887564.1011028,-4.0,-3.0,-36.0
1776887564.1111028,-8.0,0.0,-45.0
1776887564.1211028,-10.0,-3.0,-48.0
1776887564.1311028,-11.0,-4.0,-50.0
1776887564.1411028,-5.0,-5.0,-54.0
1776887564.1511028,-1.0,-4.0,-55.0
1776887564.1611028,0.0,-5.0,-51.0
1776887564.1711028,1.0,-2.0,-49.0
1776887564.1811028,1.0,-2.0,-44.0
1776887564.1911027,-1.0,-2.0,-37.0
1776887564.2011027,-2.0,-3.0,-36.0
1776887564.2111027,-2.0,-10.0,-41.0
1776887564.2211027,-2.0,-8.0,-42.0
1776887564.2311027,0.0,-6.0,-45.0
1776887564.2411027,0.0,-7.0,-48.0
1776887564.2511027,-1.0,-6.0,-45.0
1776887564.261103,-4.0,-3.0,-44.0
1776887564.271103,-4.0,-3.0,-39.0
1776887564.281103,0.0,-2.0,-39.0
1776887564.2911026,0.0,0.0,-36.0
1776887564.3011026,3.0,-4.0,-38.0
1776887564.3111026,4.0,-5.0,-34.0
1776887564.3211029,1.0,1.0,-37.0
1776887564.3311028,-1.0,0.0,-42.0
1776887564.3411028,-2.0,-3.0,-39.0
1776887564.3511028,-2.0,-5.0,-35.0
1776887564.3611028,0.0,-5.0,-36.0
1776887564.3711028,1.0,-7.0,-36.0
1776887564.3811028,3.0,-6.0,-34.0
1776887564.3911028,3.0,-4.0,-31.0
1776887564.4011028,2.0,0.0,-34.0
1776887564.4111028,4.0,1.0,-36.0
1776887564.4211028,3.0,1.0,-36.0
1776887564.4311028,3.0,3.0,-35.0
1776887564.4411027,6.0,1.0,-41.0
1776887564.4511027,4.0,-4.0,-32.0
1776887564.4611027,5.0,-6.0,-33.0
1776887564.4711027,7.0,-6.0,-31.0
1776887564.4811027,4.0,-2.0,-35.0
1776887564.4911027,1.0,-1.0,-32.0
1776887564.5011027,0.0,-1.0,-29.0
1776887564.511103,1.0,-2.0,-33.0
1776887564.521103,1.0,-3.0,-41.0
1776887564.531103,0.0,-1.0,-41.0
1776887564.5411026,0.0,0.0,-42.0
1776887564.5511026,1.0,2.0,-43.0
1776887564.5611026,1.0,6.0,-42.0
1776887564.5711029,2.0,11.0,-42.0
1776887564.5811028,4.0,11.0,-43.0
1776887564.5911028,3.0,5.0,-36.0
1776887564.6011028,0.0,6.0,-32.0
1776887564.6111028,-2.0,1.0,-32.0
1776887564.6211028,0.0,0.0,-27.0
1776887564.6311028,0.0,0.0,-34.0
1776887564.6411028,-1.0,0.0,-31.0
1776887564.6511028,-5.0,-1.0,-36.0
1776887564.6611028,-3.0,-1.0,-38.0
1776887564.6711028,-4.0,-1.0,-35.0
1776887564.6811028,-3.0,-4.0,-32.0
1776887564.6911027,-2.0,-4.0,-35.0
1776887564.7011027,-3.0,-5.0,-37.0
1776887564.7111027,-2.0,-5.0,-38.0
1776887564.7211027,-3.0,-4.0,-39.0
1776887564.7311027,-1.0,-6.0,-36.0
1776887564.7411027,-2.0,-5.0,-43.0
1776887564.7511027,0.0,-5.0,-45.0
1776887564.761103,2.0,-5.0,-38.0
1776887564.771103,1.0,-9.0,-31.0
1776887564.781103,4.0,-7.0,-37.0
1776887564.7911026,3.0,-8.0,-42.0
1776887564.8011026,7.0,-6.0,-46.0
1776887564.8111026,10.0,-5.0,-41.0
1776887564.8211029,6.0,0.0,-32.0
1776887564.8311028,7.0,-2.0,-33.0
1776887564.8411028,5.0,-3.0,-27.0
1776887564.8511028,2.0,-3.0,-24.0
1776887564.8611028,1.0,-1.0,-23.0
1776887564.8711028,0.0,3.0,-21.0
1776887564.8811028,2.0,2.0,-19.0
1776887564.8911028,6.0,0.0,-15.0
1776887564.9011028,3.0,0.0,-21.0
1776887564.9111028,3.0,-5.0,-27.0
1776887564.9211028,5.0,-5.0,-33.0
1776887564.9311028,6.0,-1.0,-38.0
1776887564.9411027,7.0,0.0,-39.0
1776887564.9511027,7.0,0.0,-40.0
1776887564.9611027,7.0,-7.0,-34.0
1776887564.9711027,2.0,-7.0,-32.0
1776887564.9811027,0.0,-6.0,-30.0
1776887564.9911027,0.0,-6.0,-37.0
1776887565.0011027,2.0,-4.0,-35.0
1776887565.011103,3.0,-4.0,-37.0
1776887565.021103,1.0,-3.0,-34.0
1776887565.031103,1.0,-1.0,-40.0
1776887565.0411026,-1.0,-1.0,-40.0
1776887565.0511026,1.0,-1.0,-43.0
1776887565.0611026,2.0,2.0,-46.0
1776887565.0711029,2.0,-1.0,-44.0
1776887565.0811028,0.0,1.0,-38.0
1776887565.0911028,3.0,1.0,-42.0
1776887565.1011028,2.0,-1.0,-40.0
1776887565.1111028,3.0,2.0,-34.0
1776887565.1211028,2.0,2.0,-35.0
1776887565.1311028,-3.0,0.0,-35.0
1776887565.1411028,-5.0,0.0,-36.0
1776887565.1511028,-1.0,0.0,-35.0
1776887565.1611028,4.0,0.0,-42.0
1776887565.1711028,7.0,0.0,-46.0
1776887565.1811028,4.0,-4.0,-46.0
1776887565.1911027,2.0,-5.0,-45.0
1776887565.2011027,-1.0,-8.0,-39.0
1776887565.2111027,-9.0,-8.0,-36.0
1776887565.2211027,-9.0,-4.0,-35.0
1776887565.2311027,-13.0,-1.0,-28.0
1776887565.2411027,-11.0,-2.0,-27.0
1776887565.2511027,-8.0,-2.0,-25.0
1776887565.261103,-6.0,0.0,-27.0
1776887565.271103,-5.0,0.0,-25.0
1776887565.281103,-4.0,-4.0,-35.0
1776887565.2911026,-6.0,-4.0,-36.0
1776887565.3011026,-3.0,-5.0,-32.0
1776887565.3111026,-7.0,-5.0,-38.0
1776887565.3211029,-5.0,-5.0,-46.0
1776887565.3311028,-3.0,-3.0,-48.0
1776887565.3411028,1.0,-1.0,-39.0
1776887565.3511028,3.0,-3.0,-39.0
1776887565.3611028,0.0,-5.0,-34.0
1776887565.3711028,-2.0,-4.0,-34.0
1776887565.3811028,-4.0,-3.0,-38.0
1776887565.3911028,-4.0,-6.0,-42.0
1776887565.4011028,-3.0,-5.0,-41.0
1776887565.4111028,-3.0,-4.0,-41.0
1776887565.4211028,0.0,-2.0,-40.0
1776887565.4311028,2.0,-1.0,-36.0
1776887565.4411027,1.0,-4.0,-40.0
1776887565.4511027,-3.0,-4.0,-42.0
1776887565.4611027,-1.0,-5.0,-44.0
1776887565.4711027,-5.0,-7.0,-44.0
1776887565.4811027,0.0,-7.0,-41.0
1776887565.4911027,2.0,-8.0,-36.0
1776887565.5011027,8.0,-7.0,-34.0
1776887565.511103,7.0,-3.0,-36.0
1776887565.521103,5.0,-1.0,-33.0
1776887565.531103,4.0,-5.0,-31.0
1776887565.5411026,4.0,-6.0,-28.0
1776887565.5511026,3.0,-5.0,-30.0
1776887565.5611026,0.0,-2.0,-36.0
1776887565.5711029,-1.0,-5.0,-38.0
1776887565.5811028,0.0,0.0,-40.0
1776887565.5911028,-1.0,1.0,-40.0
1776887565.6011028,0.0,5.0,-41.0
1776887565.6111028,0.0,3.0,-33.0
1776887565.6211028,2.0,0.0,-34.0
1776887565.6311028,-1.0,-1.0,-36.0
1776887565.6411028,-3.0,-1.0,-37.0
1776887565.6511028,-1.0,0.0,-36.0
1776887565.6611028,-3.0,-1.0,-35.0
1776887565.6711028,-3.0,-3.0,-42.0
1776887565.6811028,-3.0,-5.0,-39.0
1776887565.6911027,3.0,-5.0,-41.0
1776887565.7011027,1.0,-3.0,-40.0
1776887565.7111027,5.0,-5.0,-44.0
1776887565.7211027,7.0,-1.0,-42.0
1776887565.7311027,8.0,-2.0,-44.0
1776887565.7411027,6.0,-4.0,-45.0
1776887565.7511027,5.0,-7.0,-40.0
1776887565.761103,1.0,-6.0,-34.0
1776887565.771103,5.0,-10.0,-32.0
1776887565.781103,3.0,-11.0,-29.0
1776887565.7911026,1.0,-10.0,-23.0
1776887565.8011026,1.0,-10.0,-30.0
1776887565.8111026,0.0,-6.0,-37.0
1776887565.8211029,-1.0,-5.0,-40.0
1776887565.8311028,-2.0,-4.0,-48.0
1776887565.8411028,0.0,-2.0,-48.0
1776887565.8511028,0.0,0.0,-44.0
1776887565.8611028,-8.0,2.0,-46.0
1776887565.8711028,-9.0,4.0,-39.0
1776887565.8811028,-6.0,2.0,-41.0
1776887565.8911028,-5.0,2.0,-39.0
1776887565.9011028,-7.0,2.0,-42.0
1776887565.9111028,-6.0,0.0,-38.0
1776887565.9211028,-3.0,-1.0,-37.0
1776887565.9311028,-4.0,-5.0,-37.0
1776887565.9411027,-4.0,-6.0,-44.0
1776887565.9511027,0.0,-6.0,-41.0
1776887565.9611027,0.0,-8.0,-33.0
1776887565.9711027,-2.0,-7.0,-37.0
1776887565.9811027,-1.0,-5.0,-38.0
1776887565.9921026,-1.0,-4.0,-37.0
1776887566.0021029,0.0,-3.0,-37.0
1776887566.011103,3.0,-1.0,-32.0
1776887566.0221028,-2.0,0.0,-35.0
1776887566.0321028,-1.0,0.0,-32.0
1776887566.0421028,0.0,0.0,-35.0
1776887566.0521028,1.0,0.0,-36.0
1776887566.0621028,3.0,0.0,-36.0
1776887566.0721028,4.0,-2.0,-35.0
1776887566.0821028,-1.0,1.0,-37.0
1776887566.0921028,0.0,-1.0,-39.0
1776887566.1021028,2.0,1.0,-36.0
1776887566.1121027,-1.0,0.0,-38.0
1776887566.1221027,-5.0,-3.0,-36.0
1776887566.1321027,-4.0,-4.0,-37.0
1776887566.1421027,-7.0,0.0,-39.0
1776887566.1521027,-4.0,0.0,-41.0
1776887566.1621027,-2.0,-3.0,-32.0
1776887566.1721027,0.0,-8.0,-32.0
1776887566.182103,0.0,-5.0,-37.0
1776887566.192103,-1.0,-5.0,-42.0
1776887566.202103,4.0,-4.0,-39.0
1776887566.212103,8.0,-2.0,-36.0
1776887566.2221026,1.0,0.0,-32.0
1776887566.2321026,-2.0,0.0,-30.0
1776887566.2421026,-6.0,-1.0,-33.0
1776887566.2521029,0.0,-6.0,-38.0
1776887566.2621028,1.0,-3.0,-47.0
1776887566.2721028,0.0,-4.0,-51.0
1776887566.2821028,-5.0,-2.0,-44.0
1776887566.2921028,-3.0,0.0,-40.0
1776887566.3021028,-3.0,-1.0,-38.0
1776887566.3121028,0.0,-1.0,-48.0
1776887566.3221028,0.0,-1.0,-54.0
1776887566.3321028,0.0,-3.0,-55.0
1776887566.3421028,-3.0,-1.0,-52.0
1776887566.3521028,-3.0,0.0,-53.0
1776887566.3621027,-3.0,0.0,-44.0
1776887566.3721027,-4.0,1.0,-36.0
1776887566.3821027,-5.0,-1.0,-40.0
1776887566.3921027,-2.0,-3.0,-37.0
1776887566.4021027,2.0,0.0,-34.0
1776887566.4121027,4.0,0.0,-35.0
1776887566.4221027,4.0,1.0,-33.0
1776887566.432103,2.0,-3.0,-29.0
1776887566.442103,0.0,-2.0,-27.0
1776887566.452103,2.0,0.0,-27.0
1776887566.462103,8.0,0.0,-24.0
1776887566.4721026,13.0,0.0,-26.0
1776887566.4821026,9.0,0.0,-30.0
1776887566.4921026,3.0,-3.0,-31.0
1776887566.5021029,3.0,-6.0,-35.0
1776887566.5121028,3.0,-6.0,-38.0
1776887566.5221028,6.0,-2.0,-46.0
1776887566.5321028,5.0,-3.0,-44.0
1776887566.5421028,5.0,-3.0,-45.0
1776887566.5521028,8.0,-4.0,-44.0
1776887566.5621028,4.0,-3.0,-39.0
1776887566.5721028,5.0,-5.0,-42.0
1776887566.5821028,0.0,-2.0,-40.0
1776887566.5921028,-3.0,-2.0,-41.0
1776887566.6021028,0.0,-1.0,-39.0
1776887566.6121027,-4.0,-2.0,-32.0
1776887566.6221027,0.0,-2.0,-31.0
1776887566.6321027,3.0,-2.0,-35.0
1776887566.6421027,0.0,-1.0,-38.0
1776887566.6521027,2.0,-1.0,-32.0
1776887566.6621027,4.0,-1.0,-27.0
1776887566.6721027,2.0,-2.0,-29.0
1776887566.682103,3.0,0.0,-35.0
1776887566.692103,6.0,-2.0,-37.0
1776887566.702103,4.0,0.0,-39.0
1776887566.712103,6.0,3.0,-35.0
1776887566.7221026,6.0,2.0,-34.0
1776887566.7321026,1.0,1.0,-35.0
1776887566.7421026,0.0,0.0,-30.0
1776887566.7521029,-2.0,-1.0,-24.0
1776887566.7621028,-3.0,0.0,-27.0
1776887566.7721028,-2.0,0.0,-34.0
1776887566.7821028,2.0,-1.0,-39.0
1776887566.7921028,3.0,-1.0,-47.0
1776887566.8021028,1.0,-2.0,-43.0
1776887566.8121028,6.0,-5.0,-41.0
1776887566.8221028,9.0,-4.0,-32.0
1776887566.8321028,6.0,-4.0,-30.0
1776887566.8421028,4.0,-3.0,-32.0
1776887566.8521028,5.0,-2.0,-34.0
1776887566.8621027,-1.0,-4.0,-29.0
1776887566.8721027,1.0,-4.0,-32.0
1776887566.8821027,4.0,-2.0,-34.0
1776887566.8921027,2.0,-4.0,-41.0
1776887566.9021027,3.0,-4.0,-41.0
1776887566.9121027,0.0,-4.0,-40.0
1776887566.9221027,0.0,-5.0,-35.0
1776887566.932103,1.0,-6.0,-40.0
1776887566.942103,-1.0,-5.0,-42.0
1776887566.952103,-9.0,-4.0,-48.0
1776887566.962103,-9.0,-5.0,-46.0
1776887566.9721026,-5.0,-3.0,-37.0
1776887566.9821026,-4.0,0.0,-32.0
1776887566.9921026,-1.0,1.0,-27.0
1776887567.0021029,-3.0,4.0,-22.0
1776887567.0121028,-4.0,4.0,-24.0
1776887567.0221028,-6.0,1.0,-30.0
1776887567.0321028,-4.0,1.0,-30.0
1776887567.0421028,-3.0,0.0,-37.0
1776887567.0521028,-1.0,2.0,-43.0
1776887567.0621028,-5.0,4.0,-47.0
1776887567.0721028,-4.0,4.0,-43.0
1776887567.0821028,-6.0,0.0,-35.0
1776887567.0921028,-4.0,1.0,-33.0
1776887567.1021028,-5.0,1.0,-30.0
1776887567.1121027,-7.0,2.0,-31.0
1776887567.1221027,-5.0,3.0,-38.0
1776887567.1321027,-4.0,0.0,-37.0
1776887567.1421027,0.0,2.0,-36.0
1776887567.1521027,1.0,0.0,-44.0
1776887567.1621027,-3.0,0.0,-43.0
1776887567.1721027,-3.0,-3.0,-39.0
1776887567.182103,-1.0,-3.0,-32.0
1776887567.192103,1.0,-2.0,-31.0
1776887567.202103,0.0,-6.0,-27.0
1776887567.212103,4.0,-9.0,-24.0
1776887567.2221026,5.0,-9.0,-20.0
1776887567.2321026,4.0,-7.0,-28.0
1776887567.2421026,5.0,-8.0,-31.0
1776887567.2521029,1.0,-3.0,-30.0
1776887567.2621028,0.0,-5.0,-38.0
1776887567.2721028,1.0,-2.0,-43.0
1776887567.2821028,-3.0,-2.0,-42.0
1776887567.2921028,-4.0,-1.0,-40.0
1776887567.3021028,-2.0,0.0,-37.0
1776887567.3121028,-4.0,0.0,-36.0
1776887567.3221028,-4.0,-5.0,-33.0
1776887567.3321028,-4.0,-5.0,-45.0
1776887567.3421028,-5.0,-3.0,-44.0
1776887567.3521028,-2.0,-5.0,-37.0
1776887567.3621027,0.0,-1.0,-35.0
1776887567.3721027,0.0,-2.0,-34.0
1776887567.3821027,4.0,-3.0,-35.0
1776887567.3921027,4.0,-3.0,-35.0
1776887567.4021027,-2.0,-1.0,-41.0
1776887567.4121027,1.0,-3.0,-45.0
1776887567.4221027,1.0,-3.0,-48.0
1776887567.432103,0.0,-3.0,-46.0
1776887567.442103,-2.0,-4.0,-49.0
1776887567.452103,0.0,-2.0,-49.0
1776887567.462103,0.0,-2.0,-48.0
1776887567.4721026,2.0,-2.0,-44.0
1776887567.4821026,0.0,-4.0,-44.0
1776887567.4921026,0.0,-5.0,-46.0
1776887567.5021029,2.0,-7.0,-42.0
1776887567.5121028,0.0,-4.0,-36.0
1776887567.5221028,0.0,-4.0,-37.0
1776887567.5321028,-1.0,-5.0,-40.0
1776887567.5421028,-1.0,-5.0,-39.0
1776887567.5521028,-3.0,-4.0,-40.0
1776887567.5621028,-2.0,-4.0,-39.0
1776887567.5721028,0.0,-3.0,-43.0
1776887567.5821028,0.0,-11.0,-45.0
1776887567.5921028,-3.0,-11.0,-41.0
1776887567.6021028,-5.0,-9.0,-47.0
1776887567.6121027,-3.0,-3.0,-40.0
1776887567.6221027,-2.0,-2.0,-44.0
1776887567.6321027,-3.0,0.0,-42.0
1776887567.6421027,0.0,0.0,-35.0
1776887567.6521027,-1.0,5.0,-31.0
1776887567.6621027,-4.0,0.0,-28.0
1776887567.6721027,-3.0,-1.0,-30.0
1776887567.682103,-2.0,-3.0,-31.0
1776887567.692103,-2.0,-4.0,-39.0
1776887567.702103,-1.0,-3.0,-39.0
1776887567.712103,1.0,-3.0,-36.0
1776887567.7221026,2.0,0.0,-37.0
1776887567.7321026,2.0,1.0,-37.0
1776887567.7421026,1.0,4.0,-35.0
1776887567.7521029,-3.0,7.0,-40.0
1776887567.7621028,-4.0,4.0,-36.0
1776887567.7721028,-2.0,5.0,-33.0
1776887567.7821028,0.0,2.0,-37.0
1776887567.7921028,0.0,6.0,-32.0
1776887567.8021028,0.0,4.0,-32.0
1776887567.8121028,-4.0,1.0,-38.0
1776887567.8221028,-1.0,4.0,-35.0
1776887567.8321028,1.0,3.0,-36.0
1776887567.8421028,3.0,0.0,-30.0
1776887567.8521028,4.0,2.0,-34.0
1776887567.8621027,4.0,-1.0,-38.0
1776887567.8721027,3.0,-1.0,-38.0
1776887567.8821027,5.0,-3.0,-44.0
1776887567.8921027,5.0,-4.0,-40.0
1776887567.9021027,2.0,-7.0,-41.0
1776887567.9121027,1.0,-3.0,-39.0
1776887567.9221027,1.0,0.0,-29.0
1776887567.932103,0.0,1.0,-20.0
1776887567.942103,-2.0,4.0,-26.0
1776887567.952103,0.0,0.0,-30.0
1776887567.962103,-1.0,-4.0,-29.0
1776887567.9721026,-3.0,-7.0,-34.0
1776887567.9821026,-2.0,-5.0,-32.0
1776887567.9921026,-3.0,-3.0,-37.0
1776887568.0021029,-4.0,-2.0,-36.0
1776887568.0121028,0.0,-1.0,-38.0
1776887568.0231028,-2.0,-1.0,-36.0
1776887568.0321028,-1.0,2.0,-30.0
1776887568.0431027,-4.0,0.0,-26.0
1776887568.0531027,-6.0,-4.0,-28.0
1776887568.0631027,-3.0,-7.0,-29.0
1776887568.0731027,-3.0,-7.0,-31.0
1776887568.0831027,-1.0,-4.0,-37.0
1776887568.0931027,-4.0,-2.0,-34.0
1776887568.1031027,-4.0,-1.0,-30.0
1776887568.113103,-5.0,0.0,-36.0
1776887568.123103,-7.0,-1.0,-35.0
1776887568.133103,-7.0,-4.0,-39.0
1776887568.1431026,-5.0,0.0,-38.0
1776887568.1531026,0.0,0.0,-43.0
1776887568.1631026,-1.0,2.0,-45.0
1776887568.1731029,0.0,1.0,-47.0
1776887568.1831028,0.0,0.0,-39.0
1776887568.1931028,-2.0,-3.0,-41.0
1776887568.2031028,-3.0,-4.0,-43.0
1776887568.2131028,-2.0,-4.0,-46.0
1776887568.2231028,-3.0,-4.0,-43.0
1776887568.2331028,-3.0,1.0,-41.0
1776887568.2431028,-5.0,0.0,-40.0
1776887568.2541027,-5.0,-1.0,-47.0
1776887568.2631028,-5.0,3.0,-50.0
1776887568.2731028,-7.0,5.0,-48.0
1776887568.2831028,-5.0,7.0,-42.0
1776887568.2931027,-3.0,6.0,-40.0
1776887568.3031027,1.0,0.0,-36.0
1776887568.3131027,0.0,1.0,-32.0
1776887568.3231027,0.0,4.0,-37.0
1776887568.3331027,0.0,0.0,-32.0
1776887568.3431027,0.0,1.0,-31.0
1776887568.3531027,1.0,0.0,-32.0
1776887568.363103,0.0,0.0,-36.0
1776887568.373103,-2.0,4.0,-40.0
1776887568.383103,0.0,6.0,-44.0
1776887568.3931026,0.0,6.0,-42.0
1776887568.4031026,-3.0,6.0,-43.0
1776887568.4131026,-1.0,4.0,-47.0
1776887568.4231029,-2.0,8.0,-45.0
1776887568.4331028,0.0,3.0,-37.0
1776887568.4431028,1.0,0.0,-28.0
1776887568.4531028,-1.0,3.0,-29.0
1776887568.4631028,-4.0,6.0,-36.0
1776887568.4731028,-7.0,4.0,-40.0
1776887568.4831028,-11.0,-1.0,-46.0
1776887568.4931028,-6.0,-2.0,-45.0
1776887568.5031028,-3.0,-2.0,-42.0
1776887568.5131028,4.0,-2.0,-30.0
1776887568.5231028,9.0,-2.0,-34.0
1776887568.5331028,11.0,-5.0,-37.0
1776887568.5431027,6.0,-2.0,-46.0
1776887568.5531027,3.0,-1.0,-40.0
1776887568.5631027,-2.0,0.0,-46.0
1776887568.5731027,3.0,0.0,-50.0
1776887568.5831027,3.0,-1.0,-45.0
1776887568.5931027,1.0,-3.0,-39.0
1776887568.6031027,-1.0,-2.0,-37.0
1776887568.613103,-1.0,-1.0,-41.0
1776887568.623103,1.0,-2.0,-43.0
1776887568.633103,4.0,-2.0,-47.0
1776887568.6431026,3.0,0.0,-44.0
1776887568.6531026,2.0,0.0,-55.0
1776887568.6631026,1.0,-1.0,-62.0
1776887568.6731029,0.0,2.0,-58.0
1776887568.6831028,-1.0,-1.0,-55.0
1776887568.6931028,-3.0,-4.0,-47.0
1776887568.7031028,-6.0,-3.0,-51.0
1776887568.7131028,-4.0,-1.0,-53.0
1776887568.7231028,-5.0,-1.0,-53.0
1776887568.7331028,-3.0,-1.0,-46.0
1776887568.7431028,-3.0,-2.0,-46.0
1776887568.7531028,-4.0,-2.0,-43.0
1776887568.7631028,-4.0,-1.0,-41.0
1776887568.7731028,-3.0,1.0,-32.0
1776887568.7831028,-1.0,0.0,-35.0
1776887568.7931027,1.0,3.0,-36.0
1776887568.8031027,0.0,6.0,-30.0
1776887568.8131027,-1.0,5.0,-26.0
1776887568.8231027,0.0,3.0,-28.0
1776887568.8331027,5.0,0.0,-39.0
1776887568.8431027,2.0,0.0,-41.0
1776887568.8531027,1.0,-3.0,-39.0
1776887568.863103,3.0,1.0,-38.0
1776887568.873103,2.0,1.0,-36.0
1776887568.883103,2.0,2.0,-35.0
1776887568.8931026,0.0,4.0,-28.0
1776887568.9031026,0.0,6.0,-34.0
1776887568.9131026,-1.0,2.0,-34.0
1776887568.9231029,-5.0,0.0,-36.0
1776887568.9331028,-2.0,0.0,-34.0
1776887568.9431028,2.0,-3.0,-34.0
1776887568.9531028,3.0,-4.0,-41.0
1776887568.9631028,0.0,-6.0,-48.0
1776887568.9731028,0.0,-4.0,-47.0
1776887568.9831028,1.0,-4.0,-46.0
1776887568.9931028,1.0,-6.0,-48.0
1776887569.0031028,1.0,-4.0,-45.0
1776887569.0131028,8.0,0.0,-52.0
1776887569.0231028,8.0,-3.0,-52.0
1776887569.0331028,10.0,-5.0,-51.0
1776887569.0431027,8.0,-4.0,-47.0
1776887569.0531027,7.0,-2.0,-45.0
1776887569.0641026,6.0,-5.0,-46.0
1776887569.0731027,0.0,-3.0,-47.0
1776887569.0831027,0.0,-1.0,-44.0
1776887569.0931027,3.0,0.0,-42.0
1776887569.1031027,0.0,0.0,-47.0
1776887569.113103,-2.0,2.0,-44.0
1776887569.123103,1.0,-1.0,-43.0
1776887569.133103,-3.0,-8.0,-47.0
1776887569.1431026,-9.0,-8.0,-46.0
1776887569.1531026,-7.0,-9.0,-48.0
1776887569.1631026,-2.0,-6.0,-50.0
1776887569.1731029,-2.0,-2.0,-49.0
1776887569.1831028,-1.0,0.0,-45.0
1776887569.1931028,0.0,2.0,-45.0
1776887569.2031028,0.0,1.0,-43.0
1776887569.2131028,-2.0,-6.0,-37.0
1776887569.2231028,-11.0,-3.0,-43.0
1776887569.2331028,-9.0,-9.0,-42.0
1776887569.2431028,-2.0,-7.0,-38.0
1776887569.2531028,-2.0,-6.0,-35.0
1776887569.2631028,-1.0,-3.0,-31.0
1776887569.2731028,0.0,0.0,-31.0
1776887569.2831028,0.0,-1.0,-30.0
1776887569.2931027,-1.0,-6.0,-28.0
1776887569.3031027,-1.0,-5.0,-33.0
1776887569.3131027,-3.0,-3.0,-33.0
1776887569.3231027,-8.0,0.0,-39.0
1776887569.3331027,-9.0,-3.0,-43.0
1776887569.3431027,-5.0,-2.0,-42.0
1776887569.3531027,0.0,-3.0,-42.0
1776887569.363103,2.0,-4.0,-42.0
1776887569.373103,-3.0,-1.0,-38.0
1776887569.383103,0.0,-1.0,-32.0
1776887569.3931026,0.0,-5.0,-34.0
1776887569.4031026,-2.0,-7.0,-35.0
1776887569.4131026,-3.0,-7.0,-38.0
1776887569.4231029,2.0,-8.0,-39.0
1776887569.4331028,1.0,-6.0,-40.0
1776887569.4431028,0.0,-3.0,-31.0
1776887569.4531028,0.0,-4.0,-37.0
1776887569.4631028,-1.0,-3.0,-40.0
1776887569.4731028,-1.0,-4.0,-36.0
1776887569.4831028,-1.0,-3.0,-35.0
1776887569.4931028,-6.0,-1.0,-37.0
1776887569.5031028,-9.0,-1.0,-39.0
1776887569.5131028,-7.0,-2.0,-37.0
1776887569.5231028,-3.0,-2.0,-43.0
1776887569.5331028,0.0,0.0,-40.0
1776887569.5431027,0.0,1.0,-38.0
1776887569.5531027,2.0,0.0,-42.0
1776887569.5631027,1.0,0.0,-44.0
1776887569.5731027,8.0,0.0,-41.0
1776887569.5831027,9.0,1.0,-39.0
1776887569.5931027,7.0,0.0,-37.0
1776887569.6031027,7.0,-2.0,-39.0
1776887569.613103,10.0,-5.0,-42.0
1776887569.623103,9.0,-2.0,-40.0
1776887569.633103,9.0,-1.0,-37.0
1776887569.6431026,3.0,0.0,-38.0
1776887569.6531026,2.0,-3.0,-40.0
1776887569.6631026,-2.0,-5.0,-43.0
1776887569.6731029,-1.0,-1.0,-51.0
1776887569.6831028,-3.0,0.0,-52.0
1776887569.6931028,2.0,0.0,-52.0
1776887569.7031028,-2.0,-3.0,-52.0
1776887569.7131028,-4.0,-3.0,-50.0
1776887569.7231028,-9.0,-2.0,-48.0
1776887569.7331028,-7.0,0.0,-43.0
1776887569.7431028,-6.0,-3.0,-44.0
1776887569.7531028,-3.0,-7.0,-42.0
1776887569.7631028,-4.0,-3.0,-45.0
1776887569.7731028,-3.0,-4.0,-43.0
1776887569.7831028,-1.0,-1.0,-36.0
1776887569.7931027,-3.0,-4.0,-37.0
1776887569.8031027,0.0,-3.0,-41.0
1776887569.8131027,-2.0,-4.0,-46.0
1776887569.8231027,-3.0,-7.0,-48.0
1776887569.8331027,2.0,-8.0,-48.0
1776887569.8431027,2.0,-6.0,-45.0
1776887569.8531027,4.0,-6.0,-47.0
1776887569.863103,1.0,-6.0,-43.0
1776887569.873103,0.0,-6.0,-42.0
1776887569.883103,3.0,0.0,-39.0
1776887569.8931026,5.0,5.0,-48.0
1776887569.9031026,7.0,6.0,-53.0
1776887569.9131026,6.0,5.0,-58.0
1776887569.9231029,5.0,1.0,-49.0
1776887569.9331028,6.0,0.0,-47.0
1776887569.9431028,10.0,-1.0,-41.0
1776887569.9531028,8.0,-4.0,-35.0
1776887569.9631028,9.0,-3.0,-35.0
1776887569.9731028,9.0,-5.0,-33.0
1776887569.9831028,6.0,-4.0,-30.0
1776887569.9931028,7.0,-3.0,-38.0
1776887570.0031028,4.0,1.0,-36.0
1776887570.0141027,7.0,5.0,-40.0
1776887570.0231028,7.0,5.0,-38.0
1776887570.034103,1.0,3.0,-34.0
1776887570.044103,8.0,2.0,-35.0
1776887570.054103,7.0,2.0,-40.0
1776887570.0641026,6.0,-1.0,-37.0
1776887570.0741026,6.0,2.0,-36.0
1776887570.0841026,3.0,5.0,-31.0
1776887570.0941026,7.0,7.0,-33.0
1776887570.1041028,3.0,9.0,-39.0
1776887570.1141028,1.0,4.0,-37.0
1776887570.1241028,2.0,7.0,-40.0
1776887570.1341028,3.0,5.0,-38.0
1776887570.1441028,5.0,5.0,-37.0
1776887570.1541028,9.0,8.0,-38.0
1776887570.1641028,4.0,3.0,-38.0
1776887570.1741028,3.0,0.0,-41.0
1776887570.1841028,1.0,0.0,-38.0
1776887570.1941028,0.0,0.0,-31.0
1776887570.2041028,4.0,0.0,-27.0
1776887570.2141027,0.0,3.0,-37.0
1776887570.2241027,0.0,6.0,-37.0
1776887570.2341027,-2.0,3.0,-33.0
1776887570.2441027,0.0,2.0,-30.0
1776887570.2541027,3.0,-1.0,-30.0
1776887570.2641027,3.0,0.0,-25.0
1776887570.2741027,3.0,-1.0,-30.0
1776887570.284103,3.0,0.0,-32.0
1776887570.294103,1.0,1.0,-36.0
1776887570.304103,8.0,0.0,-34.0
1776887570.3141026,3.0,0.0,-34.0
1776887570.3241026,4.0,-1.0,-36.0
1776887570.3341026,3.0,0.0,-38.0
1776887570.3441026,1.0,1.0,-36.0
1776887570.3541028,1.0,-1.0,-35.0
1776887570.3641028,0.0,-2.0,-36.0
1776887570.3741028,0.0,2.0,-33.0
1776887570.3841028,2.0,0.0,-32.0
1776887570.3941028,3.0,0.0,-37.0
1776887570.4041028,5.0,-2.0,-33.0
1776887570.4141028,4.0,-1.0,-29.0
1776887570.4241028,3.0,0.0,-29.0
1776887570.4341028,2.0,0.0,-33.0
1776887570.4441028,4.0,0.0,-35.0
1776887570.4541028,1.0,1.0,-41.0
1776887570.4641027,3.0,0.0,-44.0
1776887570.4741027,4.0,0.0,-48.0
1776887570.4841027,6.0,1.0,-51.0
1776887570.4941027,4.0,-1.0,-47.0
1776887570.5041027,2.0,0.0,-36.0
1776887570.5141027,2.0,-2.0,-29.0
1776887570.5241027,2.0,-3.0,-32.0
1776887570.534103,1.0,-8.0,-30.0
1776887570.544103,1.0,-5.0,-31.0
1776887570.554103,0.0,-9.0,-30.0
1776887570.5641026,-2.0,-12.0,-32.0
1776887570.5741026,-1.0,-12.0,-29.0
1776887570.5841026,0.0,-9.0,-28.0
1776887570.5941026,-3.0,-9.0,-27.0
1776887570.6041028,-5.0,-6.0,-31.0
1776887570.6141028,-2.0,-3.0,-31.0
1776887570.6241028,0.0,-1.0,-38.0
1776887570.6341028,2.0,3.0,-34.0
1776887570.6441028,7.0,1.0,-29.0
1776887570.6541028,7.0,0.0,-30.0
1776887570.6641028,5.0,-2.0,-28.0
1776887570.6741028,4.0,-7.0,-34.0
1776887570.6841028,2.0,-6.0,-32.0
1776887570.6941028,0.0,-2.0,-38.0
1776887570.7041028,4.0,-3.0,-35.0
1776887570.7141027,4.0,-3.0,-35.0
1776887570.7241027,4.0,-1.0,-34.0
1776887570.7341027,1.0,0.0,-38.0
1776887570.7441027,4.0,6.0,-34.0
1776887570.7541027,2.0,3.0,-32.0
1776887570.7641027,2.0,0.0,-28.0
1776887570.7741027,3.0,-6.0,-23.0
1776887570.784103,0.0,-4.0,-24.0
1776887570.794103,0.0,-2.0,-22.0
1776887570.804103,1.0,0.0,-28.0
1776887570.8141026,-1.0,-1.0,-35.0
1776887570.8241026,2.0,-2.0,-40.0
1776887570.8341026,2.0,-2.0,-42.0
1776887570.8441026,0.0,-2.0,-41.0
1776887570.8541028,1.0,-4.0,-39.0
1776887570.8641028,2.0,-6.0,-34.0
1776887570.8741028,3.0,-7.0,-29.0
1776887570.8841028,2.0,-6.0,-36.0
1776887570.8941028,4.0,-3.0,-38.0
1776887570.9041028,7.0,0.0,-40.0
1776887570.9141028,5.0,0.0,-40.0
1776887570.9241028,3.0,0.0,-37.0
1776887570.9341028,3.0,0.0,-34.0
1776887570.9441028,1.0,0.0,-27.0
1776887570.9541028,3.0,2.0,-27.0
1776887570.9641027,4.0,-3.0,-23.0
1776887570.9741027,1.0,-8.0,-26.0
1776887570.9841027,-2.0,-5.0,-28.0
1776887570.9941027,-1.0,-4.0,-26.0
1776887571.0041027,-4.0,-7.0,-25.0
1776887571.0141027,-4.0,-8.0,-28.0
1776887571.0241027,-5.0,-9.0,-32.0
1776887571.034103,-5.0,-2.0,-33.0
1776887571.044103,-6.0,2.0,-31.0
1776887571.054103,-5.0,1.0,-28.0
1776887571.0641026,-4.0,0.0,-28.0
1776887571.0741026,-5.0,1.0,-29.0
1776887571.0841026,-1.0,4.0,-34.0
1776887571.0941026,0.0,1.0,-36.0
1776887571.1041028,-1.0,2.0,-32.0
1776887571.1141028,3.0,2.0,-30.0
1776887571.1241028,6.0,-1.0,-33.0
1776887571.1341028,7.0,2.0,-32.0
1776887571.1441028,11.0,-2.0,-32.0
1776887571.1541028,5.0,-2.0,-27.0
1776887571.1641028,1.0,-5.0,-31.0
1776887571.1741028,2.0,-4.0,-40.0
1776887571.1841028,2.0,-4.0,-48.0
1776887571.1941028,4.0,-3.0,-49.0
1776887571.2041028,7.0,-5.0,-46.0
1776887571.2141027,12.0,-5.0,-40.0
1776887571.2241027,12.0,-7.0,-37.0
1776887571.2341027,10.0,-5.0,-43.0
1776887571.2441027,5.0,-5.0,-39.0
1776887571.2541027,4.0,-3.0,-34.0
1776887571.2641027,7.0,-4.0,-39.0
1776887571.2741027,3.0,-4.0,-36.0
1776887571.284103,5.0,-1.0,-42.0
1776887571.294103,5.0,3.0,-40.0
1776887571.304103,1.0,5.0,-41.0
1776887571.3141026,0.0,2.0,-44.0
1776887571.3241026,0.0,-1.0,-38.0
1776887571.3341026,0.0,-3.0,-39.0
1776887571.3441026,-4.0,-4.0,-37.0
1776887571.3541028,-1.0,0.0,-44.0
1776887571.3641028,-4.0,1.0,-40.0
1776887571.3741028,-5.0,2.0,-44.0
1776887571.3841028,-3.0,2.0,-46.0
1776887571.3941028,-7.0,4.0,-43.0
1776887571.4041028,-8.0,3.0,-35.0
1776887571.4141028,-3.0,5.0,-38.0
1776887571.4241028,1.0,0.0,-42.0
1776887571.4341028,-1.0,1.0,-37.0
1776887571.4441028,0.0,8.0,-34.0
1776887571.4541028,0.0,8.0,-37.0
1776887571.4641027,2.0,7.0,-37.0
1776887571.4741027,4.0,9.0,-38.0
1776887571.4841027,4.0,6.0,-36.0
1776887571.4941027,5.0,2.0,-41.0
1776887571.5041027,5.0,-6.0,-33.0
1776887571.5141027,4.0,-4.0,-34.0
1776887571.5241027,9.0,-3.0,-30.0
1776887571.534103,9.0,-2.0,-30.0
1776887571.544103,7.0,-4.0,-32.0
1776887571.554103,2.0,-3.0,-29.0
1776887571.5641026,-3.0,-3.0,-30.0
1776887571.5741026,-5.0,-2.0,-38.0
1776887571.5841026,-3.0,-2.0,-37.0
1776887571.5941026,-1.0,-2.0,-38.0
1776887571.6041028,-1.0,0.0,-38.0
1776887571.6141028,-7.0,1.0,-44.0
1776887571.6241028,-8.0,2.0,-41.0
1776887571.6341028,-6.0,1.0,-42.0
1776887571.6441028,-5.0,2.0,-46.0
1776887571.6541028,-5.0,0.0,-39.0
1776887571.6641028,0.0,-4.0,-46.0
1776887571.6741028,0.0,0.0,-44.0
1776887571.6841028,-1.0,0.0,-43.0
1776887571.6941028,2.0,0.0,-36.0
1776887571.7041028,1.0,0.0,-36.0
1776887571.7141027,-1.0,0.0,-38.0
1776887571.7241027,2.0,-1.0,-37.0
1776887571.7341027,0.0,0.0,-42.0
1776887571.7441027,-1.0,-1.0,-43.0
1776887571.7541027,-3.0,-1.0,-39.0
1776887571.7641027,1.0,0.0,-35.0
1776887571.7741027,0.0,2.0,-34.0
1776887571.784103,-2.0,3.0,-37.0
1776887571.794103,-1.0,3.0,-35.0
1776887571.804103,-1.0,1.0,-27.0
1776887571.8141026,-2.0,1.0,-24.0
1776887571.8241026,1.0,0.0,-19.0
1776887571.8341026,0.0,1.0,-12.0
1776887571.8441026,0.0,0.0,-21.0
1776887571.8541028,-1.0,0.0,-24.0
1776887571.8641028,0.0,0.0,-27.0
1776887571.8741028,0.0,-1.0,-29.0
1776887571.8841028,1.0,-3.0,-30.0
1776887571.8941028,3.0,-3.0,-28.0
1776887571.9041028,4.0,0.0,-25.0
1776887571.9141028,3.0,4.0,-30.0
1776887571.9241028,3.0,3.0,-29.0
1776887571.9341028,1.0,0.0,-23.0
1776887571.9441028,0.0,1.0,-24.0
1776887571.9541028,0.0,4.0,-29.0
1776887571.9641027,-3.0,2.0,-33.0
1776887571.9741027,-8.0,0.0,-39.0
1776887571.9841027,-2.0,0.0,-42.0
1776887571.9941027,-1.0,2.0,-39.0
1776887572.0051026,-1.0,0.0,-44.0
1776887572.0151026,-1.0,1.0,-52.0
1776887572.0251029,0.0,2.0,-46.0
1776887572.0351028,1.0,3.0,-44.0
1776887572.0451028,0.0,4.0,-44.0
1776887572.0551028,1.0,-2.0,-41.0
1776887572.0651028,2.0,-1.0,-43.0
1776887572.0751028,2.0,-6.0,-41.0
1776887572.0851028,3.0,-7.0,-44.0
1776887572.0951028,0.0,-3.0,-44.0
1776887572.1051028,3.0,-1.0,-49.0
1776887572.1151028,3.0,0.0,-48.0
1776887572.1251028,3.0,0.0,-44.0
1776887572.1351027,3.0,-3.0,-41.0
1776887572.1451027,-3.0,-4.0,-33.0
1776887572.1551027,0.0,0.0,-33.0
1776887572.1651027,3.0,-3.0,-34.0
1776887572.1751027,8.0,-1.0,-41.0
1776887572.1851027,8.0,0.0,-41.0
1776887572.1951027,4.0,-2.0,-41.0
1776887572.2051027,-1.0,-5.0,-39.0
1776887572.215103,-6.0,-6.0,-42.0
1776887572.225103,-13.0,-7.0,-42.0
1776887572.235103,-12.0,-9.0,-40.0
1776887572.2451026,-5.0,-9.0,-36.0
1776887572.2551026,-5.0,-9.0,-37.0
1776887572.2651026,-2.0,-9.0,-33.0
1776887572.2751029,-1.0,-3.0,-25.0
1776887572.2851028,-1.0,-4.0,-33.0
1776887572.2951028,-3.0,-5.0,-34.0
1776887572.3051028,-6.0,-8.0,-32.0
1776887572.3151028,-1.0,-6.0,-33.0
1776887572.3251028,-1.0,-6.0,-37.0
1776887572.3351028,-1.0,-6.0,-40.0
1776887572.3451028,4.0,-6.0,-39.0
1776887572.3551028,6.0,-4.0,-38.0
1776887572.3651028,4.0,-4.0,-36.0
1776887572.3751028,3.0,-4.0,-33.0
1776887572.3851027,3.0,-2.0,-33.0
1776887572.3951027,0.0,-2.0,-34.0
1776887572.4051027,0.0,-4.0,-32.0
1776887572.4151027,-4.0,-2.0,-26.0
1776887572.4251027,-7.0,-3.0,-25.0
1776887572.4351027,-3.0,-3.0,-26.0
1776887572.4451027,-4.0,-2.0,-28.0
1776887572.4551027,0.0,-6.0,-25.0
1776887572.465103,-1.0,-6.0,-27.0
1776887572.475103,0.0,-4.0,-26.0
1776887572.485103,0.0,-5.0,-27.0
1776887572.4951026,3.0,-2.0,-34.0
1776887572.5051026,7.0,-2.0,-35.0
1776887572.5151026,9.0,-2.0,-38.0
1776887572.5251029,5.0,-6.0,-34.0
1776887572.5351028,-1.0,-5.0,-28.0
1776887572.5451028,0.0,-5.0,-30.0
1776887572.5551028,0.0,-5.0,-22.0
1776887572.5651028,-4.0,-1.0,-29.0
1776887572.5751028,-4.0,0.0,-31.0
1776887572.5851028,-7.0,3.0,-30.0
1776887572.5951028,-4.0,3.0,-34.0
1776887572.6051028,-4.0,8.0,-37.0
1776887572.6151028,-1.0,9.0,-34.0
1776887572.6251028,1.0,8.0,-40.0
1776887572.6351027,-2.0,4.0,-36.0
1776887572.6451027,0.0,2.0,-32.0
1776887572.6551027,4.0,0.0,-30.0
1776887572.6651027,5.0,2.0,-37.0
1776887572.6751027,4.0,0.0,-36.0
1776887572.6851027,5.0,0.0,-25.0
1776887572.6951027,4.0,0.0,-27.0
1776887572.7051027,2.0,0.0,-31.0
1776887572.715103,-2.0,-4.0,-37.0
1776887572.725103,-3.0,-5.0,-41.0
1776887572.735103,-2.0,-2.0,-40.0
1776887572.7451026,0.0,-5.0,-33.0
1776887572.7551026,2.0,-3.0,-36.0
1776887572.7651026,4.0,-1.0,-27.0
1776887572.7751029,5.0,0.0,-24.0
1776887572.7851028,5.0,-4.0,-26.0
1776887572.7951028,0.0,-3.0,-30.0
1776887572.8051028,4.0,-1.0,-31.0
1776887572.8151028,0.0,-3.0,-33.0
1776887572.8251028,-7.0,-7.0,-38.0
1776887572.8351028,-4.0,-6.0,-41.0
1776887572.8451028,-3.0,-7.0,-35.0
1776887572.8551028,-5.0,-4.0,-31.0
1776887572.8651028,-6.0,-4.0,-33.0
1776887572.8751028,-5.0,0.0,-36.0
1776887572.8851027,-5.0,0.0,-27.0
1776887572.8951027,-7.0,3.0,-31.0
1776887572.9051027,-7.0,3.0,-33.0
1776887572.9151027,-4.0,2.0,-32.0
1776887572.9251027,-9.0,0.0,-37.0
1776887572.9351027,-12.0,-3.0,-35.0
1776887572.9451027,-8.0,-4.0,-31.0
1776887572.9551027,-6.0,-4.0,-29.0
1776887572.965103,-4.0,2.0,-29.0
1776887572.975103,-4.0,3.0,-37.0
1776887572.985103,-1.0,1.0,-41.0
1776887572.9951026,1.0,-2.0,-45.0
1776887573.0051026,3.0,-3.0,-45.0
1776887573.0151026,0.0,-4.0,-46.0
1776887573.0251029,0.0,-2.0,-40.0
1776887573.0351028,-1.0,2.0,-46.0
1776887573.0451028,0.0,3.0,-42.0
1776887573.0551028,0.0,7.0,-37.0
1776887573.0651028,0.0,6.0,-37.0
1776887573.0751028,0.0,10.0,-41.0
1776887573.0851028,3.0,8.0,-36.0
1776887573.0951028,6.0,8.0,-41.0
1776887573.1051028,8.0,3.0,-42.0
1776887573.1151028,3.0,-2.0,-45.0
1776887573.1251028,0.0,-3.0,-40.0
1776887573.1351027,0.0,0.0,-37.0
1776887573.1451027,2.0,0.0,-38.0
1776887573.1551027,0.0,-2.0,-38.0
1776887573.1651027,0.0,-6.0,-37.0
1776887573.1751027,1.0,-6.0,-36.0
1776887573.1851027,5.0,-4.0,-32.0
1776887573.1951027,1.0,-3.0,-32.0
1776887573.2051027,1.0,2.0,-35.0
1776887573.215103,0.0,4.0,-34.0
1776887573.225103,1.0,1.0,-36.0
1776887573.235103,1.0,-1.0,-29.0
1776887573.2451026,4.0,0.0,-27.0
1776887573.2551026,4.0,2.0,-34.0
1776887573.2651026,3.0,0.0,-38.0
1776887573.2751029,3.0,0.0,-36.0
1776887573.2851028,1.0,-1.0,-39.0
1776887573.2951028,-1.0,-1.0,-37.0
1776887573.3051028,-1.0,0.0,-37.0
1776887573.3151028,0.0,0.0,-33.0
1776887573.3251028,0.0,-3.0,-31.0
1776887573.3351028,2.0,-4.0,-31.0
1776887573.3451028,1.0,-2.0,-31.0
1776887573.3551028,2.0,-6.0,-31.0
1776887573.3651028,6.0,-6.0,-36.0
1776887573.3751028,6.0,-5.0,-36.0
1776887573.3851027,6.0,-3.0,-29.0
1776887573.3951027,11.0,-3.0,-31.0
1776887573.4051027,13.0,-5.0,-36.0
1776887573.4151027,9.0,-5.0,-32.0
1776887573.4251027,4.0,-4.0,-28.0
1776887573.4351027,6.0,0.0,-22.0
1776887573.4451027,3.0,0.0,-29.0
1776887573.4551027,2.0,0.0,-28.0
1776887573.465103,-1.0,0.0,-25.0
1776887573.475103,-2.0,1.0,-20.0
1776887573.485103,-4.0,-5.0,-22.0
1776887573.4951026,-4.0,-5.0,-29.0
1776887573.5051026,-3.0,-6.0,-28.0
1776887573.5151026,-5.0,-4.0,-33.0
1776887573.5251029,-3.0,-6.0,-38.0
1776887573.5351028,-1.0,-6.0,-32.0
1776887573.5451028,0.0,-9.0,-34.0
1776887573.5551028,5.0,-5.0,-37.0
1776887573.5651028,2.0,-6.0,-34.0
1776887573.5751028,0.0,-2.0,-29.0
1776887573.5851028,-3.0,-4.0,-29.0
1776887573.5951028,-3.0,-5.0,-26.0
1776887573.6051028,-5.0,-6.0,-19.0
1776887573.6151028,-5.0,-4.0,-18.0
1776887573.6251028,0.0,-4.0,-20.0
1776887573.6351027,4.0,-10.0,-28.0
1776887573.6451027,-1.0,-7.0,-33.0
1776887573.6551027,0.0,-5.0,-35.0
1776887573.6651027,2.0,0.0,-38.0
1776887573.6751027,3.0,-2.0,-37.0
1776887573.6851027,1.0,0.0,-31.0
1776887573.6951027,-2.0,-2.0,-39.0
1776887573.7051027,-3.0,-1.0,-36.0
1776887573.715103,-2.0,0.0,-35.0
1776887573.725103,-4.0,1.0,-33.0
1776887573.735103,-2.0,4.0,-30.0
1776887573.7451026,-2.0,4.0,-29.0
1776887573.7551026,0.0,1.0,-31.0
1776887573.7651026,4.0,-1.0,-30.0
1776887573.7751029,7.0,-2.0,-28.0
1776887573.7851028,10.0,-3.0,-37.0
1776887573.7951028,8.0,-6.0,-36.0
1776887573.8051028,8.0,-3.0,-37.0
1776887573.8151028,11.0,-2.0,-36.0
1776887573.8251028,1.0,0.0,-41.0
1776887573.8351028,-2.0,-1.0,-45.0
1776887573.8451028,-1.0,0.0,-39.0
1776887573.8551028,0.0,-5.0,-36.0
1776887573.8651028,0.0,-5.0,-32.0
1776887573.8751028,2.0,-6.0,-40.0
1776887573.8851027,3.0,-3.0,-43.0
1776887573.8951027,5.0,-4.0,-37.0
1776887573.9051027,6.0,-7.0,-43.0
1776887573.9151027,6.0,-3.0,-47.0
1776887573.9251027,7.0,-4.0,-49.0
1776887573.9351027,7.0,-1.0,-45.0
1776887573.9451027,7.0,2.0,-45.0
1776887573.9551027,5.0,2.0,-45.0
1776887573.965103,0.0,0.0,-42.0
1776887573.975103,0.0,-3.0,-43.0
1776887573.985103,5.0,-2.0,-40.0
1776887573.9961028,3.0,0.0,-42.0
1776887574.0061028,0.0,0.0,-42.0
1776887574.0161028,-6.0,-3.0,-40.0
1776887574.0261028,-3.0,-2.0,-39.0
1776887574.0361028,0.0,-1.0,-39.0
1776887574.0461028,-1.0,-4.0,-43.0
1776887574.0561028,-2.0,-5.0,-42.0
1776887574.0661027,-1.0,-5.0,-35.0
1776887574.0761027,-4.0,-8.0,-38.0
1776887574.0861027,-4.0,-10.0,-43.0
1776887574.0961027,-5.0,-8.0,-45.0
1776887574.1061027,-4.0,-8.0,-44.0
1776887574.1161027,6.0,-6.0,-43.0
1776887574.1261027,8.0,-6.0,-40.0
1776887574.136103,10.0,-9.0,-40.0
1776887574.146103,12.0,-6.0,-37.0
1776887574.156103,9.0,-5.0,-41.0
1776887574.1661026,5.0,-5.0,-42.0
1776887574.1761026,4.0,-1.0,-39.0
1776887574.1861026,8.0,0.0,-33.0
1776887574.1961029,7.0,0.0,-34.0
1776887574.2061028,4.0,0.0,-37.0
1776887574.2161028,6.0,0.0,-40.0
1776887574.2261028,2.0,0.0,-37.0
1776887574.2361028,0.0,-2.0,-38.0
1776887574.2461028,4.0,-1.0,-36.0
1776887574.2561028,3.0,-2.0,-33.0
1776887574.2661028,0.0,-4.0,-41.0
1776887574.2761028,0.0,-6.0,-40.0
1776887574.2861028,-2.0,-5.0,-36.0
1776887574.2961028,-2.0,-6.0,-30.0
1776887574.3061028,-2.0,-4.0,-33.0
1776887574.3161027,-2.0,-4.0,-37.0
1776887574.3261027,0.0,-7.0,-36.0
1776887574.3361027,-1.0,-4.0,-41.0
1776887574.3461027,-3.0,-5.0,-46.0
1776887574.3561027,-1.0,-2.0,-50.0
1776887574.3661027,0.0,-1.0,-45.0
1776887574.3761027,-2.0,3.0,-39.0
1776887574.386103,-1.0,4.0,-40.0
1776887574.396103,-3.0,1.0,-44.0
1776887574.406103,-4.0,3.0,-44.0
1776887574.4161026,-1.0,3.0,-41.0
1776887574.4261026,-4.0,5.0,-40.0
1776887574.4361026,-6.0,2.0,-36.0
1776887574.4461029,-5.0,1.0,-39.0
1776887574.4561028,-3.0,0.0,-35.0
1776887574.4661028,0.0,0.0,-36.0
1776887574.4761028,0.0,-3.0,-36.0
1776887574.4861028,-2.0,1.0,-33.0
1776887574.4961028,-6.0,-3.0,-39.0
1776887574.5061028,-9.0,-3.0,-44.0
1776887574.5161028,-6.0,-4.0,-40.0
1776887574.5261028,0.0,-3.0,-38.0
1776887574.5361028,1.0,-1.0,-38.0
1776887574.5461028,3.0,-3.0,-43.0
1776887574.5561028,0.0,-5.0,-29.0
1776887574.5661027,0.0,-2.0,-28.0
1776887574.5761027,1.0,0.0,-36.0
1776887574.5861027,-1.0,-3.0,-45.0
1776887574.5961027,2.0,-4.0,-42.0
1776887574.6061027,2.0,-6.0,-40.0
1776887574.6161027,3.0,-5.0,-36.0
1776887574.6261027,2.0,-2.0,-30.0
1776887574.636103,5.0,1.0,-20.0
1776887574.646103,8.0,0.0,-25.0
1776887574.656103,1.0,-2.0,-27.0
1776887574.6661026,5.0,-1.0,-25.0
1776887574.6761026,6.0,-2.0,-31.0
1776887574.6861026,6.0,-6.0,-38.0
1776887574.6961029,2.0,-8.0,-40.0
1776887574.7061028,-2.0,-7.0,-41.0
1776887574.7161028,-1.0,-2.0,-40.0
1776887574.7261028,1.0,0.0,-43.0
1776887574.7361028,0.0,4.0,-46.0
1776887574.7461028,0.0,0.0,-44.0
1776887574.7561028,3.0,0.0,-36.0
1776887574.7661028,0.0,0.0,-31.0
1776887574.7761028,2.0,-4.0,-29.0
1776887574.7861028,-2.0,-2.0,-31.0
1776887574.7961028,-2.0,-2.0,-30.0
1776887574.8061028,-3.0,2.0,-35.0
1776887574.8161027,1.0,1.0,-32.0
1776887574.8261027,0.0,0.0,-27.0
1776887574.8361027,-1.0,-1.0,-25.0
1776887574.8461027,2.0,-2.0,-24.0
1776887574.8561027,2.0,-5.0,-19.0
1776887574.8661027,5.0,-5.0,-14.0
1776887574.8761027,0.0,-4.0,-13.0
1776887574.886103,1.0,-1.0,-19.0
1776887574.896103,0.0,-2.0,-24.0
1776887574.906103,1.0,1.0,-23.0
1776887574.9161026,-1.0,2.0,-22.0
1776887574.9261026,0.0,0.0,-32.0
1776887574.9361026,6.0,0.0,-32.0
1776887574.9461029,3.0,0.0,-31.0
1776887574.9561028,1.0,-2.0,-26.0
1776887574.9661028,2.0,0.0,-30.0
1776887574.9761028,-2.0,4.0,-37.0
1776887574.9861028,-4.0,-1.0,-39.0
1776887574.9961028,-2.0,-4.0,-45.0
1776887575.0061028,-3.0,-5.0,-44.0
1776887575.0161028,-6.0,-2.0,-46.0
1776887575.0261028,-3.0,0.0,-43.0
1776887575.0361028,0.0,1.0,-43.0
1776887575.0461028,1.0,2.0,-46.0
1776887575.0561028,-1.0,0.0,-44.0
1776887575.0661027,-1.0,0.0,-45.0
1776887575.0761027,-3.0,0.0,-39.0
1776887575.0861027,-3.0,1.0,-34.0
1776887575.0961027,-1.0,0.0,-34.0
1776887575.1061027,0.0,3.0,-33.0
1776887575.1161027,2.0,4.0,-36.0
1776887575.1261027,4.0,0.0,-32.0
1776887575.136103,4.0,-1.0,-24.0
1776887575.146103,2.0,-2.0,-27.0
1776887575.156103,-1.0,0.0,-33.0
1776887575.1661026,-5.0,0.0,-34.0
1776887575.1761026,-3.0,-3.0,-39.0
1776887575.1861026,0.0,-6.0,-40.0
1776887575.1961029,0.0,-4.0,-31.0
1776887575.2061028,2.0,-6.0,-33.0
1776887575.2161028,1.0,-6.0,-43.0
1776887575.2261028,1.0,-9.0,-47.0
1776887575.2361028,4.0,-6.0,-48.0
1776887575.2461028,6.0,-4.0,-50.0
1776887575.2561028,3.0,-6.0,-47.0
1776887575.2661028,1.0,-2.0,-46.0
1776887575.2761028,0.0,-3.0,-42.0
1776887575.2861028,0.0,0.0,-44.0
1776887575.2961028,1.0,0.0,-46.0
1776887575.3061028,1.0,-2.0,-40.0
1776887575.3161027,0.0,-6.0,-32.0
1776887575.3261027,-1.0,-2.0,-42.0
1776887575.3361027,-1.0,-1.0,-45.0
1776887575.3461027,1.0,-5.0,-43.0
1776887575.3561027,-1.0,-2.0,-40.0
1776887575.3661027,2.0,-2.0,-44.0
1776887575.3761027,3.0,-2.0,-47.0
1776887575.386103,8.0,1.0,-41.0
1776887575.396103,2.0,0.0,-31.0
1776887575.406103,5.0,0.0,-28.0
1776887575.4161026,6.0,0.0,-30.0
1776887575.4261026,8.0,0.0,-39.0
1776887575.4361026,6.0,2.0,-42.0
1776887575.4461029,2.0,3.0,-36.0
1776887575.4561028,3.0,1.0,-39.0
1776887575.4661028,3.0,2.0,-32.0
1776887575.4761028,5.0,1.0,-32.0
1776887575.4861028,4.0,1.0,-26.0
1776887575.4961028,2.0,2.0,-29.0
1776887575.5061028,0.0,1.0,-26.0
1776887575.5161028,4.0,-3.0,-25.0
1776887575.5261028,0.0,-1.0,-30.0
1776887575.5361028,-1.0,-1.0,-31.0
1776887575.5461028,0.0,1.0,-27.0
1776887575.5561028,-3.0,0.0,-30.0
1776887575.5661027,-4.0,-3.0,-25.0
1776887575.5761027,-2.0,-3.0,-28.0
1776887575.5861027,-2.0,-5.0,-38.0
1776887575.5961027,-5.0,-4.0,-39.0
1776887575.6061027,-6.0,-5.0,-31.0
1776887575.6161027,-1.0,-6.0,-31.0
1776887575.6261027,0.0,-4.0,-31.0
1776887575.636103,0.0,-3.0,-25.0
1776887575.646103,0.0,-8.0,-33.0
1776887575.656103,2.0,-6.0,-42.0
1776887575.6661026,0.0,-1.0,-45.0
1776887575.6761026,-1.0,2.0,-48.0
1776887575.6861026,-1.0,2.0,-45.0
1776887575.6961029,-5.0,0.0,-49.0
1776887575.7061028,-2.0,-5.0,-44.0
1776887575.7161028,-2.0,0.0,-43.0
1776887575.7261028,-1.0,0.0,-45.0
1776887575.7361028,0.0,2.0,-37.0
1776887575.7461028,-1.0,4.0,-28.0
1776887575.7561028,-2.0,2.0,-31.0
1776887575.7661028,-2.0,2.0,-26.0
1776887575.7761028,-2.0,7.0,-30.0
1776887575.7861028,-2.0,6.0,-26.0
1776887575.7961028,-2.0,2.0,-23.0
1776887575.8061028,-1.0,0.0,-29.0
1776887575.8161027,3.0,1.0,-30.0
1776887575.8261027,3.0,2.0,-33.0
1776887575.8361027,3.0,-2.0,-38.0
1776887575.8461027,3.0,-6.0,-41.0
1776887575.8561027,1.0,-7.0,-36.0
1776887575.8661027,-1.0,-4.0,-37.0
1776887575.8761027,-2.0,-2.0,-37.0
1776887575.886103,-5.0,-3.0,-36.0
1776887575.896103,-6.0,-3.0,-36.0
1776887575.906103,-6.0,-6.0,-40.0
1776887575.9161026,-3.0,-5.0,-38.0
1776887575.9261026,-2.0,-7.0,-43.0
1776887575.9361026,-2.0,-6.0,-35.0
1776887575.9461029,0.0,-8.0,-33.0
1776887575.9561028,0.0,-9.0,-29.0
1776887575.9661028,-2.0,-6.0,-26.0
1776887575.9761028,0.0,-3.0,-26.0
1776887575.9861028,3.0,0.0,-28.0
1776887575.9971027,3.0,0.0,-22.0
1776887576.0061028,2.0,-1.0,-24.0
1776887576.0171027,4.0,0.0,-26.0
1776887576.0271027,4.0,-1.0,-28.0
1776887576.0371027,3.0,-1.0,-33.0
1776887576.0471027,3.0,-1.0,-40.0
1776887576.057103,5.0,-4.0,-51.0
1776887576.067103,5.0,0.0,-51.0
1776887576.077103,1.0,4.0,-50.0
1776887576.087103,0.0,4.0,-47.0
1776887576.0971026,5.0,4.0,-43.0
1776887576.1071026,6.0,4.0,-42.0
1776887576.1171026,7.0,1.0,-38.0
1776887576.1271029,6.0,-1.0,-37.0
1776887576.1371028,1.0,3.0,-36.0
1776887576.1471028,3.0,2.0,-33.0
1776887576.1571028,0.0,4.0,-25.0
1776887576.1671028,0.0,2.0,-20.0
1776887576.1771028,0.0,0.0,-27.0
1776887576.1871028,1.0,0.0,-31.0
1776887576.1971028,3.0,2.0,-37.0
1776887576.2071028,1.0,1.0,-40.0
1776887576.2171028,-1.0,8.0,-42.0
1776887576.2271028,-3.0,5.0,-39.0
1776887576.2371027,-1.0,2.0,-36.0
1776887576.2471027,-3.0,3.0,-32.0
1776887576.2571027,0.0,0.0,-34.0
1776887576.2671027,4.0,1.0,-35.0
1776887576.2771027,5.0,0.0,-33.0
1776887576.2871027,5.0,2.0,-32.0
1776887576.2971027,3.0,2.0,-40.0
1776887576.307103,4.0,1.0,-43.0
1776887576.317103,3.0,4.0,-38.0
1776887576.327103,2.0,3.0,-34.0
1776887576.337103,2.0,3.0,-25.0
1776887576.3471026,0.0,2.0,-31.0
1776887576.3571026,2.0,0.0,-39.0
1776887576.3671026,9.0,1.0,-39.0
1776887576.3771029,7.0,0.0,-36.0
1776887576.3871028,0.0,0.0,-38.0
1776887576.3971028,-1.0,-5.0,-38.0
1776887576.4071028,-2.0,-5.0,-39.0
1776887576.4171028,-4.0,-8.0,-44.0
1776887576.4271028,-1.0,-5.0,-47.0
1776887576.4371028,0.0,-3.0,-53.0
1776887576.4471028,2.0,-4.0,-49.0
1776887576.4571028,0.0,-3.0,-40.0
1776887576.4671028,4.0,-5.0,-38.0
1776887576.4771028,-3.0,-6.0,-41.0
1776887576.4871027,-5.0,-7.0,-41.0
1776887576.4971027,-2.0,-5.0,-38.0
1776887576.5071027,0.0,-5.0,-32.0
1776887576.5171027,-2.0,-8.0,-32.0
1776887576.5271027,-1.0,-4.0,-35.0
1776887576.5371027,-1.0,-1.0,-34.0
1776887576.5471027,-1.0,-1.0,-34.0
1776887576.557103,-4.0,-2.0,-36.0
1776887576.567103,3.0,-4.0,-36.0
1776887576.577103,3.0,-6.0,-29.0
1776887576.587103,-1.0,-4.0,-31.0
1776887576.5971026,-9.0,-8.0,-35.0
1776887576.6071026,-7.0,-3.0,-38.0
1776887576.6171026,-3.0,-2.0,-33.0
1776887576.6271029,-4.0,0.0,-35.0
1776887576.6371028,0.0,0.0,-38.0
1776887576.6471028,-3.0,0.0,-40.0
1776887576.6571028,-3.0,1.0,-43.0
1776887576.6671028,-2.0,-1.0,-46.0
1776887576.6771028,-6.0,-4.0,-49.0
1776887576.6871028,-8.0,-1.0,-48.0
1776887576.6971028,-8.0,0.0,-44.0
1776887576.7071028,-4.0,-1.0,-45.0
1776887576.7171028,-6.0,-4.0,-46.0
1776887576.7271028,-4.0,-3.0,-46.0
1776887576.7371027,-5.0,-2.0,-47.0
1776887576.7471027,-11.0,-2.0,-42.0
1776887576.7571027,-7.0,-3.0,-43.0
1776887576.7671027,-8.0,-2.0,-47.0
1776887576.7771027,-10.0,0.0,-42.0
1776887576.7871027,-7.0,5.0,-39.0
1776887576.7971027,-2.0,5.0,-37.0
1776887576.807103,-4.0,7.0,-35.0
1776887576.817103,-3.0,4.0,-35.0
1776887576.827103,2.0,4.0,-37.0
1776887576.837103,-2.0,0.0,-37.0
1776887576.8471026,-6.0,-3.0,-40.0
1776887576.8571026,-3.0,0.0,-41.0
1776887576.8671026,-5.0,0.0,-41.0
1776887576.8771029,-7.0,1.0,-37.0
1776887576.8871028,-5.0,1.0,-37.0
1776887576.8971028,-5.0,0.0,-34.0
1776887576.9071028,-4.0,0.0,-33.0
1776887576.9171028,-4.0,-1.0,-36.0
1776887576.9271028,-4.0,-3.0,-37.0
1776887576.9371028,-6.0,-6.0,-41.0
1776887576.9471028,-4.0,-2.0,-45.0
1776887576.9571028,-4.0,-4.0,-46.0
1776887576.9671028,-2.0,-5.0,-51.0
1776887576.9771028,-3.0,-5.0,-46.0
1776887576.9871027,-5.0,-2.0,-47.0
1776887576.9971027,-6.0,1.0,-45.0
1776887577.0071027,-8.0,3.0,-40.0
1776887577.0171027,-4.0,0.0,-41.0
1776887577.0271027,0.0,4.0,-42.0
1776887577.0371027,-1.0,3.0,-35.0
1776887577.0471027,2.0,1.0,-39.0
1776887577.057103,0.0,0.0,-37.0
1776887577.067103,-2.0,0.0,-43.0
1776887577.077103,1.0,0.0,-42.0
1776887577.087103,4.0,1.0,-41.0
1776887577.0971026,2.0,2.0,-37.0
1776887577.1071026,5.0,3.0,-35.0
1776887577.1171026,-1.0,3.0,-37.0
1776887577.1271029,-1.0,0.0,-36.0
1776887577.1371028,-2.0,-3.0,-36.0
1776887577.1471028,-1.0,-3.0,-39.0
1776887577.1571028,-2.0,-2.0,-45.0
1776887577.1671028,-2.0,-3.0,-45.0
1776887577.1771028,-2.0,-6.0,-43.0
1776887577.1871028,-2.0,-3.0,-41.0
1776887577.1971028,0.0,-4.0,-38.0
1776887577.2071028,0.0,-6.0,-38.0
1776887577.2171028,2.0,-5.0,-37.0
1776887577.2271028,1.0,0.0,-35.0
1776887577.2371027,2.0,0.0,-36.0
1776887577.2471027,6.0,-2.0,-41.0
1776887577.2571027,0.0,-5.0,-40.0
1776887577.2671027,-1.0,-4.0,-39.0
1776887577.2771027,1.0,-5.0,-41.0
1776887577.2871027,2.0,-8.0,-44.0
1776887577.2971027,2.0,-12.0,-43.0
1776887577.307103,3.0,-8.0,-40.0
1776887577.317103,1.0,-7.0,-38.0
1776887577.327103,0.0,-8.0,-37.0
1776887577.337103,1.0,-8.0,-37.0
1776887577.3471026,1.0,-5.0,-38.0
1776887577.3571026,2.0,-8.0,-39.0
1776887577.3671026,0.0,-4.0,-37.0
1776887577.3771029,2.0,-4.0,-35.0
1776887577.3871028,1.0,-2.0,-37.0
1776887577.3971028,1.0,-2.0,-37.0
1776887577.4071028,2.0,0.0,-34.0
1776887577.4171028,0.0,1.0,-28.0
1776887577.4271028,0.0,5.0,-28.0
1776887577.4371028,1.0,1.0,-28.0
1776887577.4471028,3.0,1.0,-31.0
1776887577.4571028,3.0,1.0,-26.0
1776887577.4671028,5.0,0.0,-30.0
1776887577.4771028,4.0,1.0,-30.0
1776887577.4871027,1.0,6.0,-32.0
1776887577.4971027,2.0,3.0,-35.0
1776887577.5071027,3.0,2.0,-43.0
1776887577.5171027,2.0,2.0,-44.0
1776887577.5271027,6.0,0.0,-40.0
1776887577.5371027,9.0,-1.0,-39.0
1776887577.5471027,9.0,-1.0,-38.0
1776887577.557103,6.0,4.0,-37.0
1776887577.567103,4.0,8.0,-46.0
1776887577.577103,0.0,2.0,-49.0
1776887577.587103,-4.0,2.0,-38.0
1776887577.5971026,0.0,3.0,-35.0
1776887577.6071026,1.0,3.0,-32.0
1776887577.6171026,-3.0,6.0,-30.0
1776887577.6271029,-6.0,4.0,-32.0
1776887577.6371028,-5.0,0.0,-31.0
1776887577.6471028,-2.0,-1.0,-32.0
1776887577.6571028,-2.0,-1.0,-33.0
1776887577.6671028,3.0,-2.0,-42.0
1776887577.6771028,1.0,-4.0,-45.0
1776887577.6871028,2.0,-3.0,-43.0
1776887577.6971028,5.0,-2.0,-44.0
1776887577.7071028,4.0,-3.0,-39.0
1776887577.7171028,3.0,-3.0,-35.0
1776887577.7271028,2.0,-4.0,-38.0
1776887577.7371027,4.0,-4.0,-37.0
1776887577.7471027,3.0,-1.0,-30.0
1776887577.7571027,4.0,-5.0,-32.0
1776887577.7671027,4.0,-5.0,-34.0
1776887577.7771027,5.0,-3.0,-34.0
1776887577.7871027,0.0,-1.0,-38.0
1776887577.7971027,5.0,-2.0,-41.0
1776887577.807103,3.0,2.0,-44.0
1776887577.817103,5.0,7.0,-44.0
1776887577.827103,3.0,3.0,-41.0
1776887577.837103,1.0,1.0,-40.0
1776887577.8471026,-2.0,0.0,-52.0
1776887577.8571026,-3.0,-1.0,-55.0
1776887577.8671026,-2.0,0.0,-53.0
1776887577.8771029,2.0,-2.0,-51.0
1776887577.8871028,0.0,-4.0,-50.0
1776887577.8971028,0.0,-8.0,-44.0
1776887577.9071028,-3.0,-8.0,-43.0
1776887577.9171028,-4.0,-10.0,-53.0
1776887577.9271028,0.0,-10.0,-57.0
1776887577.9371028,2.0,-5.0,-56.0
1776887577.9471028,0.0,-2.0,-46.0
1776887577.9571028,0.0,0.0,-45.0
1776887577.9671028,0.0,2.0,-33.0
1776887577.9781027,-4.0,3.0,-33.0
1776887577.9871027,-4.0,1.0,-30.0
1776887577.9971027,-2.0,-6.0,-32.0
1776887578.008103,0.0,-10.0,-27.0
1776887578.0181026,2.0,-8.0,-26.0
1776887578.0271027,-1.0,-11.0,-30.0
1776887578.0381026,1.0,-12.0,-27.0
1776887578.0481029,3.0,-8.0,-26.0
1776887578.0581028,1.0,-8.0,-32.0
1776887578.0681028,0.0,-9.0,-28.0
1776887578.0781028,-7.0,-6.0,-29.0
1776887578.0881028,-4.0,-1.0,-36.0
1776887578.0981028,-2.0,0.0,-43.0
1776887578.1081028,3.0,1.0,-41.0
1776887578.1181028,-1.0,0.0,-39.0
1776887578.1281028,0.0,-4.0,-42.0
1776887578.1381028,1.0,-5.0,-41.0
1776887578.1481028,-1.0,-4.0,-35.0
1776887578.1581028,-2.0,-3.0,-31.0
1776887578.1681027,-3.0,-3.0,-32.0
1776887578.1781027,-5.0,-4.0,-32.0
1776887578.1881027,-2.0,0.0,-38.0
1776887578.1981027,3.0,3.0,-35.0
1776887578.2081027,5.0,0.0,-28.0
1776887578.2181027,5.0,0.0,-35.0
1776887578.2281027,2.0,-1.0,-40.0
1776887578.238103,-1.0,0.0,-40.0
1776887578.248103,-1.0,0.0,-36.0
1776887578.258103,-4.0,0.0,-32.0
1776887578.2681026,-6.0,-2.0,-41.0
1776887578.2781026,-10.0,-2.0,-41.0
1776887578.2881026,-7.0,-3.0,-41.0
1776887578.2981029,-8.0,-5.0,-40.0
1776887578.3081028,-5.0,-2.0,-39.0
1776887578.3181028,-6.0,-2.0,-38.0
1776887578.3281028,-3.0,-5.0,-29.0
1776887578.3381028,-4.0,-3.0,-31.0
1776887578.3481028,-6.0,-3.0,-34.0
1776887578.3581028,-11.0,-3.0,-40.0
1776887578.3681028,-13.0,-4.0,-47.0
1776887578.3781028,-10.0,0.0,-40.0
1776887578.3881028,-9.0,0.0,-38.0
1776887578.3981028,-4.0,3.0,-34.0
1776887578.4081028,-5.0,0.0,-29.0
1776887578.4181027,-1.0,-2.0,-29.0
1776887578.4281027,-1.0,-6.0,-34.0
1776887578.4381027,-2.0,-7.0,-33.0
1776887578.4481027,1.0,-4.0,-32.0
1776887578.4581027,0.0,-1.0,-30.0
1776887578.4681027,2.0,0.0,-33.0
1776887578.4781027,3.0,-5.0,-34.0
1776887578.488103,0.0,-5.0,-24.0
1776887578.498103,4.0,-2.0,-29.0
1776887578.508103,2.0,0.0,-30.0
1776887578.5181026,0.0,1.0,-29.0
1776887578.5281026,1.0,2.0,-33.0
1776887578.5381026,1.0,4.0,-36.0
1776887578.5481029,1.0,5.0,-37.0
1776887578.5581028,0.0,2.0,-34.0
1776887578.5681028,-3.0,0.0,-32.0
1776887578.5781028,0.0,1.0,-39.0
1776887578.5881028,-2.0,-1.0,-36.0
1776887578.5981028,1.0,-2.0,-31.0
1776887578.6081028,5.0,-4.0,-34.0
1776887578.6181028,4.0,-3.0,-32.0
1776887578.6281028,7.0,-2.0,-39.0
1776887578.6381028,4.0,-3.0,-42.0
1776887578.6481028,5.0,-4.0,-47.0
1776887578.6581028,3.0,-1.0,-49.0
1776887578.6681027,6.0,0.0,-45.0
1776887578.6781027,2.0,-2.0,-47.0
1776887578.6881027,0.0,-4.0,-39.0
1776887578.6981027,7.0,-7.0,-38.0
1776887578.7081027,5.0,-9.0,-34.0
1776887578.7181027,5.0,-9.0,-31.0
1776887578.7281027,4.0,-5.0,-34.0
1776887578.738103,3.0,-1.0,-35.0
1776887578.748103,0.0,0.0,-35.0
1776887578.758103,-3.0,0.0,-36.0
1776887578.7681026,-4.0,-2.0,-36.0
1776887578.7781026,0.0,-7.0,-38.0
1776887578.7881026,0.0,-8.0,-35.0
1776887578.7981029,-1.0,-9.0,-30.0
1776887578.8081028,0.0,-7.0,-32.0
1776887578.8181028,0.0,-6.0,-33.0
1776887578.8281028,3.0,-3.0,-33.0
1776887578.8381028,2.0,-1.0,-38.0
1776887578.8481028,2.0,-3.0,-40.0
1776887578.8581028,-5.0,0.0,-35.0
1776887578.8681028,-4.0,2.0,-32.0
1776887578.8781028,-1.0,-1.0,-38.0
1776887578.8881028,-3.0,-1.0,-42.0
1776887578.8981028,-2.0,-2.0,-50.0
1776887578.9081028,-5.0,-3.0,-49.0
1776887578.9181027,-10.0,-4.0,-43.0
1776887578.9281027,-5.0,-5.0,-39.0
1776887578.9381027,-4.0,-3.0,-41.0
1776887578.9481027,-1.0,-4.0,-41.0
1776887578.9581027,1.0,-1.0,-39.0
1776887578.9681027,0.0,-2.0,-44.0
1776887578.9781027,3.0,1.0,-44.0
1776887578.988103,5.0,0.0,-41.0
1776887578.998103,4.0,-4.0,-40.0
1776887579.008103,7.0,-6.0,-33.0
1776887579.0181026,3.0,-5.0,-35.0
1776887579.0281026,4.0,-1.0,-38.0
1776887579.0381026,5.0,0.0,-40.0
1776887579.0481029,4.0,3.0,-38.0
1776887579.0581028,6.0,3.0,-42.0
1776887579.0681028,4.0,-1.0,-39.0
1776887579.0781028,4.0,0.0,-40.0
1776887579.0881028,9.0,1.0,-43.0
1776887579.0981028,9.0,0.0,-38.0
1776887579.1081028,4.0,-3.0,-39.0
1776887579.1181028,0.0,-2.0,-39.0
1776887579.1281028,-3.0,-1.0,-43.0
1776887579.1381028,-2.0,0.0,-44.0
1776887579.1481028,-4.0,-1.0,-48.0
1776887579.1581028,-4.0,0.0,-41.0
1776887579.1681027,0.0,0.0,-43.0
1776887579.1781027,-2.0,0.0,-42.0
1776887579.1881027,0.0,1.0,-40.0
1776887579.1981027,-3.0,1.0,-45.0
1776887579.2081027,-6.0,1.0,-47.0
1776887579.2181027,-3.0,0.0,-44.0
1776887579.2281027,-4.0,1.0,-40.0
1776887579.238103,1.0,4.0,-40.0
1776887579.248103,6.0,2.0,-41.0
1776887579.258103,4.0,1.0,-42.0
1776887579.2681026,1.0,0.0,-39.0
1776887579.2781026,0.0,-4.0,-35.0
1776887579.2881026,-1.0,-5.0,-42.0
1776887579.2981029,1.0,-6.0,-41.0
1776887579.3081028,-4.0,-3.0,-29.0
1776887579.3181028,-2.0,0.0,-29.0
1776887579.3281028,0.0,1.0,-34.0
1776887579.3381028,-3.0,-3.0,-35.0
1776887579.3481028,-4.0,-2.0,-38.0
1776887579.3581028,-3.0,-1.0,-33.0
1776887579.3681028,1.0,0.0,-36.0
1776887579.3781028,1.0,0.0,-33.0
1776887579.3881028,2.0,-3.0,-31.0
1776887579.3981028,-3.0,-3.0,-31.0
1776887579.4081028,-6.0,-3.0,-31.0
1776887579.4181027,-2.0,-3.0,-27.0
1776887579.4281027,-1.0,-5.0,-30.0
1776887579.4381027,1.0,-1.0,-30.0
1776887579.4481027,3.0,0.0,-30.0
1776887579.4581027,2.0,2.0,-34.0
1776887579.4681027,2.0,0.0,-37.0
1776887579.4781027,0.0,-3.0,-40.0
1776887579.488103,-5.0,-3.0,-38.0
1776887579.498103,0.0,-7.0,-37.0
1776887579.508103,-1.0,-9.0,-39.0
1776887579.5181026,-1.0,-6.0,-34.0
1776887579.5281026,2.0,-5.0,-31.0
1776887579.5381026,2.0,-4.0,-31.0
1776887579.5481029,2.0,-2.0,-39.0
1776887579.5581028,2.0,-1.0,-47.0
1776887579.5681028,2.0,-4.0,-45.0
1776887579.5781028,2.0,-3.0,-44.0
1776887579.5881028,1.0,-3.0,-42.0
1776887579.5981028,0.0,-4.0,-38.0
1776887579.6081028,0.0,-3.0,-36.0
1776887579.6181028,4.0,-2.0,-36.0
1776887579.6281028,4.0,-4.0,-30.0
1776887579.6381028,3.0,-1.0,-35.0
1776887579.6481028,5.0,-2.0,-38.0
1776887579.6581028,2.0,0.0,-42.0
1776887579.6681027,2.0,-2.0,-41.0
1776887579.6781027,7.0,-2.0,-39.0
1776887579.6881027,8.0,-2.0,-34.0
1776887579.6981027,7.0,0.0,-39.0
1776887579.7081027,8.0,-3.0,-43.0
1776887579.7181027,5.0,-1.0,-43.0
1776887579.7281027,2.0,-2.0,-42.0
1776887579.738103,3.0,-9.0,-34.0
1776887579.748103,4.0,-6.0,-31.0
1776887579.758103,2.0,-3.0,-30.0
1776887579.7681026,0.0,-8.0,-38.0
1776887579.7781026,-1.0,-2.0,-35.0
1776887579.7881026,-2.0,-2.0,-42.0
1776887579.7981029,-2.0,-3.0,-39.0
1776887579.8081028,-2.0,0.0,-36.0
1776887579.8181028,-3.0,-2.0,-44.0
1776887579.8281028,-6.0,-2.0,-38.0
1776887579.8381028,-2.0,-2.0,-38.0
1776887579.8481028,-2.0,0.0,-34.0
1776887579.8581028,-3.0,-1.0,-33.0
1776887579.8681028,-5.0,-2.0,-34.0
1776887579.8781028,0.0,-7.0,-33.0
1776887579.8881028,-4.0,-11.0,-32.0
1776887579.8981028,-5.0,-7.0,-28.0
1776887579.9081028,-6.0,-5.0,-32.0
1776887579.9181027,-3.0,-10.0,-28.0
1776887579.9281027,0.0,-7.0,-23.0
1776887579.9381027,0.0,-7.0,-25.0
1776887579.9481027,0.0,-7.0,-30.0
1776887579.9581027,5.0,-8.0,-43.0
1776887579.9681027,3.0,-8.0,-47.0
1776887579.9781027,3.0,-6.0,-45.0
1776887579.9891028,0.0,-9.0,-40.0
1776887579.998103,1.0,-10.0,-37.0
1776887580.0091028,3.0,-10.0,-40.0
1776887580.0181026,2.0,-11.0,-34.0
1776887580.0291028,2.0,-8.0,-32.0
1776887580.0391028,4.0,-5.0,-27.0
1776887580.0491028,3.0,-5.0,-24.0
1776887580.0591028,2.0,-3.0,-27.0
1776887580.0691028,0.0,-1.0,-35.0
1776887580.0791028,2.0,-1.0,-38.0
1776887580.0891027,1.0,-2.0,-38.0
1776887580.0991027,0.0,-2.0,-47.0
1776887580.1091027,0.0,-4.0,-43.0
1776887580.1191027,0.0,-1.0,-36.0
1776887580.1291027,1.0,3.0,-36.0
1776887580.1391027,-1.0,3.0,-35.0
1776887580.1491027,-1.0,0.0,-36.0
1776887580.159103,-1.0,0.0,-42.0
1776887580.169103,1.0,0.0,-34.0
1776887580.179103,3.0,0.0,-32.0
1776887580.1891026,2.0,-1.0,-37.0
1776887580.1991026,7.0,-4.0,-33.0
1776887580.2091026,9.0,-6.0,-32.0
1776887580.2191026,12.0,-6.0,-33.0
1776887580.2291028,12.0,-5.0,-35.0
1776887580.2391028,11.0,-5.0,-37.0
1776887580.2491028,10.0,-5.0,-36.0
1776887580.2591028,3.0,-3.0,-39.0
1776887580.2691028,1.0,-2.0,-39.0
1776887580.2791028,2.0,-2.0,-40.0
1776887580.2891028,3.0,-1.0,-36.0
1776887580.2991028,6.0,-2.0,-38.0
1776887580.3091028,8.0,-2.0,-36.0
1776887580.3191028,4.0,-4.0,-34.0
1776887580.3291028,5.0,-5.0,-32.0
1776887580.3391027,3.0,0.0,-32.0
1776887580.3491027,8.0,-2.0,-36.0
1776887580.3591027,4.0,-2.0,-32.0
1776887580.3691027,4.0,-1.0,-36.0
1776887580.3791027,0.0,1.0,-33.0
1776887580.3891027,0.0,0.0,-32.0
1776887580.3991027,-5.0,-5.0,-36.0
1776887580.409103,-5.0,-6.0,-38.0
1776887580.419103,-5.0,-4.0,-35.0
1776887580.429103,-1.0,-3.0,-31.0
1776887580.4391026,-2.0,-1.0,-31.0
1776887580.4491026,2.0,0.0,-27.0
1776887580.4591026,2.0,-2.0,-35.0
1776887580.4691026,9.0,-6.0,-37.0
1776887580.4791028,10.0,-4.0,-41.0
1776887580.4891028,8.0,-6.0,-38.0
1776887580.4991028,4.0,-3.0,-36.0
1776887580.5091028,0.0,-4.0,-37.0
1776887580.5191028,-2.0,-4.0,-38.0
1776887580.5291028,0.0,0.0,-43.0
1776887580.5391028,-4.0,0.0,-45.0
1776887580.5491028,-6.0,0.0,-44.0
1776887580.5591028,-2.0,-1.0,-40.0
1776887580.5691028,-2.0,-1.0,-36.0
1776887580.5791028,-1.0,-2.0,-36.0
1776887580.5891027,-6.0,-4.0,-32.0
1776887580.5991027,-2.0,-8.0,-40.0
1776887580.6091027,2.0,-6.0,-39.0
1776887580.6191027,3.0,0.0,-39.0
1776887580.6291027,2.0,3.0,-43.0
1776887580.6391027,4.0,0.0,-39.0
1776887580.6491027,4.0,-3.0,-42.0
1776887580.659103,3.0,-2.0,-47.0
1776887580.669103,0.0,-3.0,-52.0
1776887580.679103,2.0,-5.0,-47.0
1776887580.6891026,1.0,0.0,-40.0
1776887580.6991026,1.0,0.0,-43.0
1776887580.7091026,0.0,-1.0,-39.0
1776887580.7191026,0.0,0.0,-38.0
1776887580.7291028,0.0,-1.0,-41.0
1776887580.7391028,0.0,0.0,-41.0
1776887580.7491028,-1.0,0.0,-41.0
1776887580.7591028,-2.0,-4.0,-38.0
1776887580.7691028,-4.0,-5.0,-38.0
1776887580.7791028,-5.0,-5.0,-42.0
1776887580.7891028,-1.0,-4.0,-40.0
1776887580.7991028,-2.0,-1.0,-43.0
1776887580.8091028,-2.0,0.0,-37.0
1776887580.8191028,-1.0,-1.0,-42.0
1776887580.8291028,0.0,-5.0,-42.0
1776887580.8391027,-2.0,-5.0,-44.0
1776887580.8491027,-3.0,-3.0,-42.0
1776887580.8591027,-1.0,0.0,-42.0
1776887580.8691027,1.0,-1.0,-37.0
1776887580.8791027,1.0,0.0,-37.0
1776887580.8891027,6.0,-2.0,-37.0
1776887580.8991027,4.0,-4.0,-34.0
1776887580.909103,3.0,0.0,-37.0
1776887580.919103,-1.0,-1.0,-38.0
1776887580.929103,0.0,-1.0,-36.0
1776887580.9391026,0.0,2.0,-39.0
1776887580.9491026,3.0,-2.0,-35.0
1776887580.9591026,7.0,-2.0,-41.0
1776887580.9691026,7.0,0.0,-41.0
1776887580.9791028,3.0,-1.0,-48.0
1776887580.9891028,1.0,2.0,-46.0
1776887580.9991028,3.0,2.0,-44.0
1776887581.0091028,7.0,0.0,-45.0
1776887581.0191028,1.0,0.0,-47.0
1776887581.0291028,1.0,-2.0,-49.0
1776887581.0391028,0.0,-1.0,-49.0
1776887581.0491028,0.0,-1.0,-45.0
1776887581.0591028,-5.0,-2.0,-41.0
1776887581.0691028,-8.0,-3.0,-38.0
1776887581.0791028,-3.0,-5.0,-42.0
1776887581.0891027,-4.0,-1.0,-41.0
1776887581.0991027,-5.0,1.0,-44.0
1776887581.1091027,-3.0,-1.0,-43.0
1776887581.1191027,-1.0,-2.0,-43.0
1776887581.1291027,-1.0,0.0,-42.0
1776887581.1391027,2.0,0.0,-42.0
1776887581.1491027,3.0,5.0,-43.0
1776887581.159103,3.0,7.0,-44.0
1776887581.169103,0.0,9.0,-40.0
1776887581.179103,0.0,12.0,-36.0
1776887581.1891026,-1.0,13.0,-35.0
1776887581.1991026,0.0,8.0,-39.0
1776887581.2091026,-1.0,5.0,-37.0
1776887581.2191026,-2.0,1.0,-35.0
1776887581.2291028,-2.0,-2.0,-31.0
1776887581.2391028,-2.0,-2.0,-41.0
1776887581.2491028,-2.0,-2.0,-44.0
1776887581.2591028,0.0,-3.0,-41.0
1776887581.2691028,1.0,-5.0,-41.0
1776887581.2791028,0.0,-6.0,-40.0
1776887581.2891028,0.0,-7.0,-34.0
1776887581.2991028,0.0,-4.0,-27.0
1776887581.3091028,-2.0,-3.0,-36.0
1776887581.3191028,0.0,0.0,-33.0
1776887581.3291028,-4.0,-3.0,-34.0
1776887581.3391027,-4.0,-2.0,-36.0
1776887581.3491027,-1.0,-6.0,-35.0
1776887581.3591027,-4.0,-5.0,-27.0
1776887581.3691027,-3.0,-2.0,-28.0
1776887581.3791027,-5.0,1.0,-27.0
1776887581.3891027,-5.0,0.0,-34.0
1776887581.3991027,-5.0,4.0,-44.0
1776887581.409103,-3.0,4.0,-46.0
1776887581.419103,2.0,2.0,-45.0
1776887581.429103,8.0,2.0,-46.0
1776887581.4391026,4.0,0.0,-50.0
1776887581.4491026,0.0,1.0,-48.0
1776887581.4591026,0.0,-1.0,-46.0
1776887581.4691026,1.0,-4.0,-42.0
1776887581.4791028,3.0,-1.0,-39.0
1776887581.4891028,1.0,-5.0,-45.0
1776887581.4991028,0.0,-7.0,-39.0
1776887581.5091028,0.0,-5.0,-33.0
1776887581.5191028,0.0,-2.0,-29.0
1776887581.5291028,1.0,0.0,-35.0
1776887581.5391028,3.0,0.0,-36.0
1776887581.5491028,4.0,-2.0,-33.0
1776887581.5591028,2.0,-2.0,-32.0
1776887581.5691028,6.0,-1.0,-34.0
1776887581.5791028,4.0,-3.0,-33.0
1776887581.5891027,2.0,-3.0,-34.0
1776887581.5991027,5.0,-6.0,-44.0
1776887581.6091027,4.0,-6.0,-44.0
1776887581.6191027,9.0,-7.0,-43.0
1776887581.6291027,9.0,-8.0,-42.0
1776887581.6391027,10.0,-10.0,-44.0
1776887581.6491027,12.0,-8.0,-45.0
1776887581.659103,7.0,-3.0,-42.0
1776887581.669103,3.0,-2.0,-39.0
1776887581.679103,2.0,-4.0,-32.0
1776887581.6891026,1.0,-4.0,-32.0
1776887581.6991026,1.0,1.0,-35.0
1776887581.7091026,3.0,6.0,-31.0
1776887581.7191026,5.0,3.0,-24.0
1776887581.7291028,2.0,-2.0,-27.0
1776887581.7391028,8.0,-3.0,-30.0
1776887581.7491028,10.0,-5.0,-33.0
1776887581.7591028,9.0,-7.0,-33.0
1776887581.7691028,5.0,-2.0,-37.0
1776887581.7791028,0.0,1.0,-32.0
1776887581.7891028,0.0,2.0,-37.0
1776887581.7991028,0.0,4.0,-37.0
1776887581.8091028,3.0,4.0,-41.0
1776887581.8191028,4.0,0.0,-40.0
1776887581.8291028,3.0,1.0,-42.0
1776887581.8391027,5.0,4.0,-40.0
1776887581.8491027,4.0,2.0,-35.0
1776887581.8591027,2.0,1.0,-34.0
1776887581.8691027,0.0,0.0,-38.0
1776887581.8791027,-3.0,1.0,-38.0
1776887581.8891027,1.0,0.0,-41.0
1776887581.8991027,-1.0,0.0,-37.0
1776887581.909103,1.0,-3.0,-40.0
1776887581.919103,3.0,-1.0,-42.0
1776887581.929103,0.0,-3.0,-41.0
1776887581.9391026,-4.0,-2.0,-39.0
1776887581.9491026,-4.0,-1.0,-38.0
1776887581.9591026,-7.0,0.0,-29.0
1776887581.9691026,-7.0,-2.0,-28.0
1776887581.9791028,-6.0,-2.0,-31.0
1776887581.9891028,-6.0,-5.0,-39.0
1776887581.9991028,-6.0,-4.0,-45.0
1776887582.0091028,-6.0,-4.0,-43.0
1776887582.0201027,-2.0,-6.0,-38.0
1776887582.0291028,-1.0,-6.0,-35.0
1776887582.0401027,0.0,-10.0,-35.0
1776887582.0501027,-2.0,-11.0,-33.0
1776887582.0601027,-2.0,-5.0,-35.0
1776887582.0701027,-5.0,-6.0,-31.0
1776887582.0801027,-6.0,-7.0,-38.0
1776887582.090103,-2.0,-7.0,-37.0
1776887582.100103,-1.0,-1.0,-33.0
1776887582.110103,-1.0,-3.0,-43.0
1776887582.1201026,-2.0,1.0,-37.0
1776887582.1301026,0.0,1.0,-32.0
1776887582.1401026,0.0,0.0,-33.0
1776887582.1501029,-2.0,-1.0,-35.0
1776887582.1601028,-3.0,-1.0,-35.0
1776887582.1701028,-3.0,-1.0,-32.0
1776887582.1801028,-9.0,-5.0,-34.0
1776887582.1901028,-8.0,-5.0,-37.0
1776887582.2001028,-7.0,-2.0,-35.0
1776887582.2101028,-3.0,-3.0,-31.0
1776887582.2201028,-7.0,-2.0,-33.0
1776887582.2301028,-5.0,-3.0,-29.0
1776887582.2401028,-6.0,0.0,-28.0
1776887582.2501028,-4.0,-1.0,-29.0
1776887582.2601027,-5.0,-3.0,-35.0
1776887582.2701027,-5.0,-1.0,-37.0
1776887582.2801027,-2.0,1.0,-38.0
1776887582.2901027,-4.0,1.0,-37.0
1776887582.3001027,-2.0,0.0,-36.0
1776887582.3101027,-4.0,2.0,-35.0
1776887582.3201027,-1.0,6.0,-33.0
1776887582.3301027,3.0,5.0,-35.0
1776887582.340103,5.0,0.0,-43.0
1776887582.350103,6.0,-2.0,-44.0
1776887582.360103,6.0,-4.0,-42.0
1776887582.3701026,5.0,-4.0,-39.0
1776887582.3801026,4.0,-5.0,-34.0
1776887582.3901026,3.0,-7.0,-38.0
1776887582.4001029,3.0,-7.0,-39.0
1776887582.4101028,-2.0,-5.0,-40.0
1776887582.4201028,0.0,0.0,-41.0
1776887582.4301028,0.0,2.0,-35.0
1776887582.4401028,0.0,-1.0,-37.0
1776887582.4501028,-2.0,0.0,-35.0
1776887582.4601028,0.0,-3.0,-39.0
1776887582.4701028,3.0,-1.0,-35.0
1776887582.4801028,5.0,-4.0,-39.0
1776887582.4901028,4.0,-2.0,-40.0
1776887582.5001028,3.0,-1.0,-39.0
1776887582.5101027,-1.0,0.0,-37.0
1776887582.5201027,2.0,-2.0,-36.0
1776887582.5301027,3.0,-1.0,-29.0
1776887582.5401027,1.0,0.0,-27.0
1776887582.5501027,-1.0,1.0,-35.0
1776887582.5601027,2.0,2.0,-39.0
1776887582.5701027,0.0,6.0,-36.0
1776887582.5801027,-2.0,1.0,-32.0
1776887582.590103,-3.0,2.0,-34.0
1776887582.600103,-2.0,0.0,-31.0
1776887582.610103,-5.0,1.0,-32.0
1776887582.6201026,-4.0,3.0,-35.0
1776887582.6301026,-4.0,5.0,-44.0
1776887582.6401026,-4.0,3.0,-52.0
1776887582.6501029,1.0,3.0,-46.0
1776887582.6601028,-3.0,0.0,-48.0
1776887582.6701028,-1.0,-1.0,-41.0
1776887582.6801028,5.0,0.0,-35.0
1776887582.6901028,0.0,-2.0,-29.0
1776887582.7001028,4.0,-1.0,-29.0
1776887582.7101028,2.0,-1.0,-30.0
1776887582.7201028,3.0,2.0,-33.0
1776887582.7301028,-1.0,2.0,-32.0
1776887582.7401028,0.0,4.0,-31.0
1776887582.7501028,-1.0,-1.0,-34.0
1776887582.7601027,-2.0,-1.0,-31.0
1776887582.7701027,-1.0,-6.0,-33.0
1776887582.7801027,0.0,-3.0,-32.0
1776887582.7901027,5.0,-5.0,-39.0
1776887582.8001027,3.0,-4.0,-42.0
1776887582.8101027,-1.0,-1.0,-36.0
1776887582.8201027,-2.0,-4.0,-36.0
1776887582.8301027,-1.0,-1.0,-31.0
1776887582.840103,-4.0,0.0,-37.0
1776887582.850103,-3.0,2.0,-44.0
1776887582.860103,-4.0,2.0,-45.0
1776887582.8701026,-7.0,0.0,-45.0
1776887582.8801026,-5.0,0.0,-47.0
1776887582.8901026,-1.0,0.0,-46.0
1776887582.9001029,0.0,-6.0,-46.0
1776887582.9101028,2.0,-6.0,-40.0
1776887582.9201028,1.0,-7.0,-36.0
1776887582.9301028,-2.0,-7.0,-36.0
1776887582.9401028,-2.0,-7.0,-39.0
1776887582.9501028,-4.0,-2.0,-38.0
1776887582.9601028,-4.0,-4.0,-32.0
1776887582.9701028,0.0,-3.0,-35.0
1776887582.9801028,-3.0,-3.0,-39.0
1776887582.9901028,1.0,0.0,-43.0
1776887583.0001028,0.0,-1.0,-41.0
1776887583.0101027,0.0,0.0,-39.0
1776887583.0201027,0.0,5.0,-37.0
1776887583.0301027,1.0,8.0,-42.0
1776887583.0401027,-2.0,6.0,-42.0
1776887583.0501027,0.0,2.0,-43.0
1776887583.0601027,-2.0,-2.0,-48.0
1776887583.0701027,3.0,0.0,-44.0
1776887583.0801027,6.0,0.0,-42.0
1776887583.090103,4.0,3.0,-34.0
1776887583.100103,5.0,4.0,-38.0
1776887583.110103,4.0,0.0,-43.0
1776887583.1201026,3.0,0.0,-42.0
1776887583.1301026,9.0,-2.0,-38.0
1776887583.1401026,3.0,1.0,-33.0
1776887583.1501029,0.0,0.0,-39.0
1776887583.1601028,0.0,0.0,-38.0
1776887583.1701028,2.0,-2.0,-33.0
1776887583.1801028,2.0,-1.0,-25.0
1776887583.1901028,1.0,0.0,-19.0
1776887583.2001028,1.0,-4.0,-22.0
1776887583.2101028,-1.0,-2.0,-28.0
1776887583.2201028,-2.0,0.0,-30.0
1776887583.2301028,0.0,3.0,-35.0
1776887583.2401028,2.0,0.0,-38.0
1776887583.2501028,3.0,0.0,-44.0
1776887583.2601027,4.0,0.0,-37.0
1776887583.2701027,7.0,0.0,-37.0
1776887583.2801027,0.0,-3.0,-40.0
1776887583.2901027,1.0,0.0,-42.0
1776887583.3001027,2.0,2.0,-40.0
1776887583.3101027,-2.0,8.0,-40.0
1776887583.3201027,0.0,8.0,-42.0
1776887583.3301027,0.0,4.0,-50.0
1776887583.340103,3.0,2.0,-57.0
1776887583.350103,2.0,0.0,-51.0
1776887583.360103,1.0,-2.0,-49.0
1776887583.3701026,0.0,-1.0,-45.0
1776887583.3801026,-3.0,-4.0,-42.0
1776887583.3901026,-2.0,-4.0,-40.0
1776887583.4001029,4.0,-4.0,-36.0
1776887583.4101028,0.0,-4.0,-37.0
1776887583.4201028,-1.0,-5.0,-38.0
1776887583.4301028,0.0,-7.0,-42.0
1776887583.4401028,2.0,-2.0,-39.0
1776887583.4501028,1.0,-1.0,-37.0
1776887583.4601028,0.0,-3.0,-45.0
1776887583.4701028,-1.0,-3.0,-39.0
1776887583.4801028,-5.0,-2.0,-39.0
1776887583.4901028,-1.0,-1.0,-34.0
1776887583.5001028,1.0,-1.0,-40.0
1776887583.5101027,0.0,-2.0,-46.0
1776887583.5201027,0.0,-3.0,-41.0
1776887583.5301027,-1.0,0.0,-43.0
1776887583.5401027,4.0,0.0,-42.0
1776887583.5501027,4.0,-1.0,-44.0
1776887583.5601027,3.0,-1.0,-42.0
1776887583.5701027,-2.0,0.0,-45.0
1776887583.5801027,-3.0,0.0,-38.0
1776887583.590103,-2.0,-1.0,-40.0
1776887583.600103,0.0,0.0,-36.0
1776887583.610103,-1.0,3.0,-42.0
1776887583.6201026,-5.0,0.0,-36.0
1776887583.6301026,-7.0,-1.0,-34.0
1776887583.6401026,-5.0,0.0,-34.0
1776887583.6501029,-3.0,2.0,-36.0
1776887583.6601028,0.0,-1.0,-33.0
1776887583.6701028,0.0,-4.0,-41.0
1776887583.6801028,2.0,-5.0,-45.0
1776887583.6901028,2.0,-5.0,-46.0
1776887583.7001028,5.0,-6.0,-37.0
1776887583.7101028,4.0,-5.0,-35.0
1776887583.7201028,8.0,-5.0,-35.0
1776887583.7301028,11.0,-3.0,-30.0
1776887583.7401028,11.0,-5.0,-36.0
1776887583.7501028,9.0,-3.0,-30.0
1776887583.7601027,12.0,-4.0,-27.0
1776887583.7701027,8.0,-7.0,-32.0
1776887583.7801027,4.0,-5.0,-36.0
1776887583.7901027,-1.0,-3.0,-32.0
1776887583.8001027,0.0,-5.0,-36.0
1776887583.8101027,1.0,-9.0,-41.0
1776887583.8201027,-1.0,-8.0,-38.0
1776887583.8301027,-4.0,-5.0,-36.0
1776887583.840103,0.0,-1.0,-40.0
1776887583.850103,0.0,0.0,-39.0
1776887583.860103,-3.0,0.0,-44.0
1776887583.8701026,1.0,1.0,-37.0
1776887583.8801026,-2.0,3.0,-39.0
1776887583.8901026,0.0,0.0,-36.0
1776887583.9001029,1.0,-2.0,-34.0
1776887583.9101028,8.0,-5.0,-37.0
1776887583.9201028,0.0,-4.0,-48.0
1776887583.9301028,0.0,-2.0,-45.0
1776887583.9401028,4.0,0.0,-44.0
1776887583.9501028,4.0,5.0,-40.0
1776887583.9601028,1.0,6.0,-37.0
1776887583.9701028,0.0,5.0,-40.0
1776887583.9811027,3.0,3.0,-38.0
1776887583.9901028,3.0,2.0,-35.0
1776887584.0001028,9.0,0.0,-35.0
1776887584.011103,11.0,-1.0,-34.0
1776887584.0201027,10.0,-2.0,-31.0
1776887584.031103,11.0,-1.0,-30.0
1776887584.0411026,11.0,-1.0,-27.0
1776887584.0511026,7.0,-2.0,-31.0
1776887584.0611026,6.0,-7.0,-34.0
1776887584.0711029,1.0,-7.0,-31.0
1776887584.0811028,0.0,-4.0,-31.0
1776887584.0911028,1.0,0.0,-34.0
1776887584.1011028,0.0,1.0,-38.0
1776887584.1111028,-3.0,-3.0,-42.0
1776887584.1211028,-7.0,-3.0,-40.0
1776887584.1311028,-6.0,-6.0,-40.0
1776887584.1411028,-6.0,-5.0,-29.0
1776887584.1511028,-6.0,-4.0,-28.0
1776887584.1611028,-7.0,0.0,-25.0
1776887584.1711028,-10.0,0.0,-29.0
1776887584.1811028,-8.0,0.0,-31.0
1776887584.1911027,-2.0,-1.0,-34.0
1776887584.2011027,-1.0,-3.0,-35.0
1776887584.2111027,0.0,-5.0,-35.0
1776887584.2211027,-3.0,0.0,-41.0
1776887584.2311027,-5.0,0.0,-39.0
1776887584.2411027,2.0,1.0,-36.0
1776887584.2511027,0.0,-5.0,-43.0
1776887584.261103,0.0,-6.0,-49.0
1776887584.271103,-2.0,-7.0,-40.0
1776887584.281103,0.0,-4.0,-35.0
1776887584.2911026,1.0,-7.0,-31.0
1776887584.3011026,2.0,-9.0,-27.0
1776887584.3111026,-3.0,-7.0,-27.0
1776887584.3211029,-1.0,-5.0,-34.0
1776887584.3311028,-4.0,-4.0,-35.0
1776887584.3411028,0.0,-4.0,-37.0
1776887584.3511028,6.0,-4.0,-36.0
1776887584.3611028,1.0,-4.0,-38.0
1776887584.3711028,2.0,0.0,-34.0
1776887584.3811028,4.0,1.0,-32.0
1776887584.3911028,5.0,4.0,-31.0
1776887584.4011028,8.0,9.0,-40.0
1776887584.4111028,6.0,8.0,-43.0
1776887584.4211028,3.0,6.0,-34.0
1776887584.4311028,4.0,5.0,-36.0
1776887584.4411027,5.0,6.0,-40.0
1776887584.4511027,4.0,2.0,-41.0
1776887584.4611027,-1.0,1.0,-38.0
1776887584.4711027,1.0,3.0,-43.0
1776887584.4811027,0.0,8.0,-41.0
1776887584.4911027,-3.0,3.0,-49.0
1776887584.5011027,0.0,6.0,-54.0
1776887584.511103,-3.0,6.0,-48.0
1776887584.521103,-4.0,3.0,-38.0
1776887584.531103,-6.0,2.0,-34.0
1776887584.5411026,-7.0,0.0,-31.0
1776887584.5511026,-3.0,0.0,-33.0
1776887584.5611026,-3.0,0.0,-35.0
1776887584.5711029,-3.0,0.0,-37.0
1776887584.5811028,-2.0,1.0,-34.0
1776887584.5911028,-3.0,4.0,-38.0
1776887584.6011028,-1.0,4.0,-35.0
1776887584.6111028,-1.0,7.0,-34.0
1776887584.6211028,-2.0,11.0,-30.0
1776887584.6311028,-1.0,16.0,-32.0
1776887584.6411028,-3.0,14.0,-35.0
1776887584.6511028,-1.0,9.0,-43.0
1776887584.6611028,2.0,3.0,-50.0
1776887584.6711028,4.0,0.0,-40.0
1776887584.6811028,-2.0,-4.0,-31.0
1776887584.6911027,-5.0,-5.0,-33.0
1776887584.7011027,-3.0,-4.0,-34.0
1776887584.7111027,-6.0,-5.0,-32.0
1776887584.7211027,-2.0,-7.0,-36.0
1776887584.7311027,4.0,-10.0,-35.0
1776887584.7411027,0.0,-10.0,-33.0
1776887584.7511027,0.0,-7.0,-38.0
1776887584.761103,2.0,-5.0,-37.0
1776887584.771103,4.0,-4.0,-39.0
1776887584.781103,8.0,-2.0,-31.0
1776887584.7911026,4.0,-4.0,-30.0
1776887584.8011026,4.0,-4.0,-34.0
1776887584.8111026,2.0,-3.0,-37.0
1776887584.8211029,0.0,-4.0,-39.0
1776887584.8311028,0.0,-4.0,-43.0
1776887584.8411028,-2.0,-2.0,-42.0
1776887584.8511028,-3.0,-4.0,-42.0
1776887584.8611028,0.0,-6.0,-49.0
1776887584.8711028,2.0,-6.0,-48.0
1776887584.8811028,2.0,-5.0,-46.0
1776887584.8911028,3.0,-4.0,-41.0
1776887584.9011028,1.0,-4.0,-36.0
1776887584.9111028,2.0,-3.0,-39.0
1776887584.9211028,-1.0,-1.0,-40.0
1776887584.9311028,0.0,-3.0,-35.0
1776887584.9411027,-2.0,0.0,-33.0
1776887584.9511027,-1.0,-1.0,-31.0
1776887584.9611027,-1.0,0.0,-31.0
1776887584.9711027,-1.0,-2.0,-38.0
1776887584.9811027,-3.0,-1.0,-34.0
1776887584.9911027,-5.0,1.0,-35.0
1776887585.0011027,-5.0,2.0,-27.0
1776887585.011103,-7.0,1.0,-26.0
1776887585.021103,-9.0,1.0,-28.0
1776887585.031103,-13.0,3.0,-34.0
1776887585.0411026,-9.0,4.0,-33.0
1776887585.0511026,-6.0,2.0,-33.0
1776887585.0611026,-7.0,1.0,-34.0
1776887585.0711029,-1.0,-1.0,-35.0
1776887585.0811028,-1.0,-4.0,-35.0
1776887585.0911028,0.0,-7.0,-36.0
1776887585.1011028,-1.0,-5.0,-40.0
1776887585.1111028,0.0,-6.0,-36.0
1776887585.1211028,1.0,-3.0,-34.0
1776887585.1311028,2.0,-4.0,-30.0
1776887585.1411028,0.0,-1.0,-30.0
1776887585.1511028,2.0,-1.0,-23.0
1776887585.1611028,2.0,-7.0,-27.0
1776887585.1711028,3.0,-8.0,-27.0
1776887585.1811028,0.0,-7.0,-35.0
1776887585.1911027,-3.0,-4.0,-32.0
1776887585.2011027,-2.0,-2.0,-36.0
1776887585.2111027,0.0,-5.0,-35.0
1776887585.2211027,1.0,-6.0,-37.0
1776887585.2311027,-1.0,-8.0,-41.0
1776887585.2411027,0.0,-7.0,-43.0
1776887585.2511027,-1.0,-9.0,-44.0
1776887585.261103,-2.0,-4.0,-36.0
1776887585.271103,-1.0,-4.0,-36.0
1776887585.281103,-1.0,-6.0,-44.0
1776887585.2911026,0.0,-10.0,-44.0
1776887585.3011026,-5.0,-10.0,-41.0
1776887585.3111026,-6.0,-8.0,-42.0
1776887585.3211029,-5.0,-4.0,-46.0
1776887585.3311028,-2.0,-2.0,-49.0
1776887585.3411028,0.0,0.0,-51.0
1776887585.3511028,5.0,-4.0,-51.0
1776887585.3611028,4.0,-6.0,-49.0
1776887585.3711028,0.0,-8.0,-47.0
1776887585.3811028,3.0,-11.0,-42.0
1776887585.3911028,4.0,-8.0,-36.0
1776887585.4011028,-1.0,-8.0,-31.0
1776887585.4111028,1.0,-8.0,-29.0
1776887585.4211028,0.0,-8.0,-27.0
1776887585.4311028,2.0,-9.0,-28.0
1776887585.4411027,0.0,-6.0,-25.0
1776887585.4511027,0.0,-4.0,-23.0
1776887585.4611027,4.0,-4.0,-25.0
1776887585.4711027,1.0,-6.0,-25.0
1776887585.4811027,0.0,-3.0,-28.0
1776887585.4911027,-2.0,0.0,-30.0
1776887585.5011027,-1.0,-3.0,-40.0
1776887585.511103,-2.0,0.0,-35.0
1776887585.521103,0.0,3.0,-40.0
1776887585.531103,-3.0,4.0,-41.0
1776887585.5411026,-4.0,4.0,-40.0
1776887585.5511026,-5.0,3.0,-46.0
1776887585.5611026,1.0,2.0,-43.0
1776887585.5711029,5.0,-2.0,-40.0
1776887585.5811028,6.0,-4.0,-39.0
1776887585.5911028,6.0,-5.0,-39.0
1776887585.6011028,4.0,-8.0,-39.0
1776887585.6111028,3.0,-10.0,-45.0
1776887585.6211028,4.0,-6.0,-42.0
1776887585.6311028,4.0,-2.0,-43.0
1776887585.6411028,3.0,0.0,-38.0
1776887585.6511028,2.0,1.0,-43.0
1776887585.6611028,2.0,2.0,-48.0
1776887585.6711028,1.0,2.0,-46.0
1776887585.6811028,0.0,-2.0,-42.0
1776887585.6911027,-2.0,-2.0,-42.0
1776887585.7011027,-3.0,-4.0,-41.0
1776887585.7111027,-4.0,-4.0,-37.0
1776887585.7211027,-3.0,-3.0,-36.0
1776887585.7311027,-5.0,-6.0,-42.0
1776887585.7411027,-2.0,-6.0,-46.0
1776887585.7511027,3.0,-4.0,-44.0
1776887585.761103,0.0,-2.0,-37.0
1776887585.771103,2.0,-3.0,-40.0
1776887585.781103,2.0,-1.0,-36.0
1776887585.7911026,4.0,-1.0,-35.0
1776887585.8011026,0.0,-4.0,-33.0
1776887585.8111026,-5.0,-6.0,-36.0
1776887585.8211029,0.0,-3.0,-37.0
1776887585.8311028,5.0,-4.0,-37.0
1776887585.8411028,5.0,-5.0,-45.0
1776887585.8511028,2.0,-4.0,-44.0
1776887585.8611028,5.0,-4.0,-45.0
1776887585.8711028,-1.0,-3.0,-42.0
1776887585.8811028,2.0,0.0,-39.0
1776887585.8911028,4.0,1.0,-42.0
1776887585.9011028,8.0,1.0,-39.0
1776887585.9111028,11.0,0.0,-36.0
1776887585.9211028,8.0,3.0,-43.0
1776887585.9311028,4.0,5.0,-36.0
1776887585.9411027,8.0,6.0,-38.0
1776887585.9511027,7.0,7.0,-34.0
1776887585.9611027,4.0,3.0,-37.0
1776887585.9711027,7.0,-1.0,-35.0
1776887585.9811027,7.0,-1.0,-34.0
1776887585.9911027,7.0,0.0,-36.0
1776887586.0021029,4.0,-2.0,-35.0
1776887586.011103,2.0,-1.0,-35.0
1776887586.021103,0.0,0.0,-38.0
1776887586.0321028,-1.0,-3.0,-33.0
1776887586.0421028,-1.0,-3.0,-34.0
1776887586.0521028,1.0,-2.0,-34.0
1776887586.0631027,0.0,-1.0,-32.0
1776887586.0721028,5.0,-4.0,-34.0
1776887586.0821028,1.0,0.0,-35.0
1776887586.0921028,0.0,3.0,-36.0
1776887586.1021028,-2.0,0.0,-44.0
1776887586.1121027,-2.0,0.0,-41.0
1776887586.1221027,-4.0,1.0,-38.0
1776887586.1321027,-4.0,4.0,-32.0
1776887586.1421027,1.0,2.0,-27.0
1776887586.1521027,1.0,0.0,-28.0
1776887586.1621027,6.0,-3.0,-26.0
1776887586.1721027,9.0,-6.0,-26.0
1776887586.182103,7.0,-6.0,-34.0
1776887586.192103,2.0,-4.0,-33.0
1776887586.202103,-2.0,-1.0,-33.0
1776887586.212103,0.0,-3.0,-39.0
1776887586.2221026,0.0,-1.0,-42.0
1776887586.2321026,1.0,-1.0,-38.0
1776887586.2421026,1.0,0.0,-31.0
1776887586.2521029,1.0,-2.0,-25.0
1776887586.2621028,2.0,-5.0,-18.0
1776887586.2721028,-1.0,-2.0,-18.0
1776887586.2821028,-2.0,-6.0,-21.0
1776887586.2921028,-4.0,-7.0,-18.0
1776887586.3021028,-5.0,-5.0,-24.0
1776887586.3121028,-3.0,-7.0,-26.0
1776887586.3221028,-2.0,-13.0,-30.0
1776887586.3321028,2.0,-13.0,-31.0
1776887586.3421028,1.0,-7.0,-29.0
1776887586.3521028,1.0,-8.0,-29.0
1776887586.3621027,1.0,-9.0,-25.0
1776887586.3721027,2.0,-5.0,-24.0
1776887586.3821027,2.0,-5.0,-21.0
1776887586.3921027,0.0,-2.0,-27.0
1776887586.4021027,0.0,2.0,-28.0
1776887586.4121027,0.0,0.0,-34.0
1776887586.4221027,0.0,0.0,-38.0
1776887586.432103,4.0,1.0,-34.0
1776887586.442103,3.0,-1.0,-36.0
1776887586.452103,2.0,-4.0,-35.0
1776887586.462103,-1.0,-2.0,-37.0
1776887586.4721026,-3.0,-4.0,-36.0
1776887586.4821026,-6.0,-2.0,-34.0
1776887586.4921026,-5.0,-1.0,-39.0
1776887586.5021029,-1.0,0.0,-46.0
1776887586.5121028,0.0,3.0,-43.0
1776887586.5221028,0.0,-4.0,-44.0
1776887586.5321028,-7.0,-7.0,-44.0
1776887586.5421028,-9.0,-5.0,-45.0
1776887586.5521028,-5.0,-2.0,-41.0
1776887586.5621028,-4.0,-7.0,-38.0
1776887586.5721028,-3.0,-3.0,-37.0
1776887586.5821028,0.0,-1.0,-35.0
1776887586.5921028,0.0,-1.0,-34.0
1776887586.6021028,-1.0,1.0,-32.0
1776887586.6121027,0.0,0.0,-31.0
1776887586.6221027,1.0,-5.0,-31.0
1776887586.6321027,-3.0,-7.0,-31.0
1776887586.6421027,-2.0,-5.0,-40.0
1776887586.6521027,-1.0,-6.0,-42.0
1776887586.6621027,0.0,0.0,-38.0
1776887586.6721027,-3.0,0.0,-33.0
1776887586.682103,-4.0,1.0,-36.0
1776887586.692103,-1.0,-1.0,-33.0
1776887586.702103,2.0,-3.0,-34.0
1776887586.712103,0.0,-1.0,-32.0
1776887586.7221026,5.0,2.0,-36.0
1776887586.7321026,3.0,0.0,-36.0
1776887586.7421026,5.0,-1.0,-43.0
1776887586.7521029,1.0,0.0,-43.0
1776887586.7621028,-2.0,0.0,-46.0
1776887586.7721028,1.0,-3.0,-47.0
1776887586.7821028,-2.0,-2.0,-44.0
1776887586.7921028,-1.0,-5.0,-46.0
1776887586.8021028,3.0,-9.0,-41.0
1776887586.8121028,3.0,-6.0,-42.0
1776887586.8221028,4.0,-1.0,-40.0
1776887586.8321028,9.0,0.0,-41.0
1776887586.8421028,6.0,0.0,-43.0
1776887586.8521028,6.0,-1.0,-42.0
1776887586.8621027,6.0,1.0,-45.0
1776887586.8721027,3.0,-3.0,-39.0
1776887586.8821027,7.0,-5.0,-38.0
1776887586.8921027,5.0,-2.0,-37.0
1776887586.9021027,6.0,-2.0,-37.0
1776887586.9121027,2.0,-4.0,-39.0
1776887586.9221027,3.0,-3.0,-35.0
1776887586.932103,1.0,-2.0,-40.0
1776887586.942103,0.0,-1.0,-42.0
1776887586.952103,1.0,0.0,-40.0
1776887586.962103,0.0,1.0,-39.0
1776887586.9721026,3.0,-4.0,-38.0
1776887586.9821026,6.0,-4.0,-39.0
1776887586.9921026,2.0,-1.0,-38.0
1776887587.0021029,4.0,0.0,-31.0
1776887587.0121028,1.0,0.0,-29.0
1776887587.0221028,-3.0,-3.0,-27.0
1776887587.0321028,-4.0,-5.0,-27.0
1776887587.0421028,-1.0,-8.0,-26.0
1776887587.0521028,-1.0,-7.0,-26.0
1776887587.0621028,0.0,-5.0,-36.0
1776887587.0721028,6.0,-8.0,-37.0
1776887587.0821028,10.0,-8.0,-41.0
1776887587.0921028,13.0,-6.0,-41.0
1776887587.1021028,12.0,-3.0,-35.0
1776887587.1121027,13.0,-1.0,-41.0
1776887587.1221027,12.0,0.0,-35.0
1776887587.1321027,10.0,-3.0,-35.0
1776887587.1421027,5.0,-1.0,-33.0
1776887587.1521027,5.0,0.0,-34.0
1776887587.1621027,3.0,1.0,-40.0
1776887587.1721027,1.0,0.0,-37.0
1776887587.182103,0.0,0.0,-40.0
1776887587.192103,1.0,0.0,-45.0
1776887587.202103,4.0,-3.0,-42.0
1776887587.212103,3.0,-2.0,-34.0
1776887587.2221026,-2.0,-1.0,-31.0
1776887587.2321026,-1.0,-1.0,-30.0
1776887587.2421026,0.0,1.0,-25.0
1776887587.2521029,3.0,-2.0,-31.0
1776887587.2621028,0.0,-2.0,-37.0
1776887587.2721028,-2.0,0.0,-33.0
1776887587.2821028,-4.0,3.0,-31.0
1776887587.2921028,-6.0,0.0,-41.0
1776887587.3021028,-3.0,-4.0,-35.0
1776887587.3121028,-1.0,-5.0,-37.0
1776887587.3221028,-3.0,-5.0,-31.0
1776887587.3321028,-2.0,-6.0,-36.0
1776887587.3421028,0.0,-1.0,-33.0
1776887587.3521028,-1.0,-2.0,-31.0
1776887587.3621027,-4.0,-3.0,-31.0
1776887587.3721027,-5.0,-4.0,-31.0
1776887587.3821027,-4.0,0.0,-34.0
1776887587.3921027,-5.0,1.0,-39.0
1776887587.4021027,-2.0,-1.0,-35.0
1776887587.4121027,3.0,0.0,-28.0
1776887587.4221027,0.0,0.0,-25.0
1776887587.432103,0.0,-1.0,-32.0
1776887587.442103,3.0,-2.0,-34.0
1776887587.452103,8.0,-2.0,-40.0
1776887587.462103,8.0,0.0,-45.0
1776887587.4721026,6.0,3.0,-49.0
1776887587.4821026,8.0,3.0,-47.0
1776887587.4921026,8.0,2.0,-43.0
1776887587.5021029,6.0,1.0,-38.0
1776887587.5121028,2.0,0.0,-39.0
1776887587.5221028,3.0,-4.0,-38.0
1776887587.5321028,0.0,-6.0,-35.0
1776887587.5421028,0.0,-4.0,-37.0
1776887587.5521028,-1.0,-4.0,-41.0
1776887587.5621028,0.0,-7.0,-42.0
1776887587.5721028,-2.0,-5.0,-38.0
1776887587.5821028,-4.0,-6.0,-33.0
1776887587.5921028,2.0,-6.0,-35.0
1776887587.6021028,4.0,-5.0,-39.0
1776887587.6121027,4.0,-9.0,-42.0
1776887587.6221027,6.0,-8.0,-43.0
1776887587.6321027,8.0,-5.0,-46.0
1776887587.6421027,8.0,-9.0,-47.0
1776887587.6521027,8.0,-11.0,-48.0
1776887587.6621027,8.0,-12.0,-35.0
1776887587.6721027,3.0,-9.0,-33.0
1776887587.682103,4.0,-9.0,-31.0
1776887587.692103,6.0,-7.0,-38.0
1776887587.702103,3.0,-8.0,-35.0
1776887587.712103,3.0,-11.0,-34.0
1776887587.7221026,-2.0,-8.0,-40.0
1776887587.7321026,-6.0,-2.0,-39.0
1776887587.7421026,-4.0,1.0,-32.0
1776887587.7521029,-3.0,-3.0,-38.0
1776887587.7621028,-2.0,-5.0,-39.0
1776887587.7721028,-1.0,-9.0,-38.0
1776887587.7821028,4.0,-6.0,-36.0
1776887587.7921028,5.0,-1.0,-30.0
1776887587.8021028,4.0,3.0,-29.0
1776887587.8121028,6.0,9.0,-31.0
1776887587.8221028,4.0,7.0,-42.0
1776887587.8321028,1.0,6.0,-37.0
1776887587.8421028,-3.0,4.0,-38.0
1776887587.8521028,-3.0,0.0,-40.0
1776887587.8621027,-4.0,-2.0,-48.0
1776887587.8721027,-8.0,-3.0,-42.0
1776887587.8821027,-6.0,-5.0,-42.0
1776887587.8921027,-1.0,-6.0,-44.0
1776887587.9021027,2.0,-2.0,-44.0
1776887587.9121027,3.0,-2.0,-37.0
1776887587.9221027,2.0,0.0,-28.0
1776887587.932103,2.0,-2.0,-34.0
1776887587.942103,-1.0,-1.0,-37.0
1776887587.952103,1.0,-6.0,-29.0
1776887587.962103,4.0,-2.0,-35.0
1776887587.9721026,5.0,-2.0,-33.0
1776887587.9821026,5.0,-2.0,-36.0
1776887587.9921026,9.0,-1.0,-36.0
1776887588.0021029,7.0,0.0,-29.0
1776887588.0131028,6.0,-1.0,-31.0
1776887588.0221028,5.0,-5.0,-40.0
1776887588.0331028,3.0,-2.0,-38.0
1776887588.0431027,0.0,-5.0,-42.0
1776887588.0531027,2.0,-2.0,-41.0
1776887588.0631027,5.0,-1.0,-44.0
1776887588.0731027,2.0,-1.0,-47.0
1776887588.0831027,3.0,0.0,-47.0
1776887588.0931027,-2.0,0.0,-42.0
1776887588.1031027,-3.0,2.0,-40.0
1776887588.113103,-4.0,4.0,-42.0
1776887588.123103,-7.0,1.0,-36.0
1776887588.133103,-5.0,-1.0,-34.0
1776887588.1431026,-6.0,-1.0,-36.0
1776887588.1531026,-3.0,0.0,-40.0
1776887588.1631026,-3.0,0.0,-41.0
1776887588.1731029,-2.0,0.0,-44.0
1776887588.1831028,-1.0,-2.0,-41.0
1776887588.1931028,-1.0,-2.0,-35.0
1776887588.2031028,-2.0,-3.0,-38.0
1776887588.2131028,-4.0,-3.0,-32.0
1776887588.2231028,-4.0,-5.0,-29.0
1776887588.2331028,-4.0,-6.0,-32.0
1776887588.2431028,-1.0,-6.0,-38.0
1776887588.2531028,-3.0,-5.0,-43.0
1776887588.2631028,0.0,-5.0,-44.0
1776887588.2731028,-1.0,-3.0,-47.0
1776887588.2831028,-3.0,-1.0,-52.0
1776887588.2931027,-5.0,1.0,-46.0
1776887588.3031027,-12.0,-2.0,-41.0
1776887588.3131027,-7.0,-1.0,-45.0
1776887588.3231027,-8.0,-4.0,-46.0
1776887588.3331027,-3.0,-2.0,-41.0
1776887588.3431027,0.0,-3.0,-39.0
1776887588.3531027,3.0,-1.0,-39.0
1776887588.363103,5.0,0.0,-38.0
1776887588.373103,4.0,1.0,-38.0
1776887588.383103,2.0,1.0,-41.0
1776887588.3931026,3.0,0.0,-33.0
1776887588.4031026,2.0,0.0,-31.0
1776887588.4131026,0.0,-5.0,-35.0
1776887588.4231029,-4.0,-5.0,-35.0
1776887588.4331028,-1.0,-5.0,-22.0
1776887588.4431028,-4.0,-4.0,-20.0
1776887588.4531028,-4.0,-4.0,-19.0
1776887588.4631028,-3.0,-7.0,-23.0
1776887588.4731028,-2.0,-10.0,-20.0
1776887588.4831028,0.0,-10.0,-20.0
1776887588.4931028,0.0,-6.0,-20.0
1776887588.5031028,-2.0,-1.0,-26.0
1776887588.5131028,6.0,0.0,-37.0
1776887588.5231028,4.0,0.0,-37.0
1776887588.5331028,3.0,2.0,-41.0
1776887588.5431027,2.0,0.0,-36.0
1776887588.5531027,-1.0,-5.0,-37.0
1776887588.5631027,-1.0,-7.0,-35.0
1776887588.5731027,1.0,-5.0,-34.0
1776887588.5831027,1.0,-1.0,-30.0
1776887588.5931027,3.0,0.0,-33.0
1776887588.6031027,2.0,2.0,-31.0
1776887588.613103,5.0,1.0,-26.0
1776887588.623103,11.0,2.0,-26.0
1776887588.633103,6.0,3.0,-33.0
1776887588.6431026,5.0,-1.0,-36.0
1776887588.6531026,3.0,-1.0,-32.0
1776887588.6631026,0.0,0.0,-34.0
1776887588.6731029,-4.0,-1.0,-32.0
1776887588.6831028,-4.0,0.0,-32.0
1776887588.6931028,-3.0,0.0,-34.0
1776887588.7031028,-2.0,-4.0,-37.0
1776887588.7131028,3.0,-1.0,-40.0
1776887588.7231028,7.0,0.0,-39.0
1776887588.7331028,6.0,1.0,-41.0
1776887588.7431028,2.0,6.0,-42.0
1776887588.7531028,-2.0,3.0,-41.0
1776887588.7631028,-2.0,0.0,-36.0
1776887588.7731028,0.0,2.0,-33.0
1776887588.7831028,-2.0,0.0,-27.0
1776887588.7931027,0.0,-4.0,-27.0
1776887588.8031027,2.0,-3.0,-28.0
1776887588.8131027,0.0,-1.0,-31.0
1776887588.8231027,1.0,0.0,-34.0
1776887588.8331027,1.0,0.0,-35.0
1776887588.8431027,-2.0,0.0,-48.0
1776887588.8531027,-2.0,0.0,-44.0
1776887588.863103,-5.0,-3.0,-46.0
1776887588.873103,-5.0,-1.0,-49.0
1776887588.883103,-6.0,0.0,-46.0
1776887588.8931026,-5.0,2.0,-51.0
1776887588.9031026,-7.0,1.0,-54.0
1776887588.9131026,-11.0,4.0,-46.0
1776887588.9231029,-8.0,3.0,-37.0
1776887588.9331028,-9.0,-3.0,-37.0
1776887588.9431028,-8.0,-5.0,-43.0
1776887588.9531028,-6.0,-9.0,-41.0
1776887588.9631028,-5.0,-6.0,-42.0
1776887588.9731028,-1.0,-7.0,-37.0
1776887588.9831028,1.0,-2.0,-38.0
1776887588.9931028,0.0,-3.0,-38.0
1776887589.0031028,0.0,-1.0,-42.0
1776887589.0131028,2.0,-4.0,-42.0
1776887589.0231028,0.0,-6.0,-37.0
1776887589.0331028,2.0,-4.0,-35.0
1776887589.0431027,2.0,-1.0,-38.0
1776887589.0531027,5.0,-1.0,-37.0
1776887589.0631027,4.0,-4.0,-38.0
1776887589.0731027,4.0,-1.0,-31.0
1776887589.0831027,1.0,0.0,-25.0
1776887589.0931027,7.0,-3.0,-33.0
1776887589.1031027,8.0,-2.0,-40.0
1776887589.113103,8.0,0.0,-43.0
1776887589.123103,6.0,0.0,-39.0
1776887589.133103,7.0,-4.0,-33.0
1776887589.1431026,2.0,-4.0,-32.0
1776887589.1531026,1.0,-5.0,-29.0
1776887589.1631026,2.0,-2.0,-32.0
1776887589.1731029,-2.0,1.0,-36.0
1776887589.1831028,-3.0,1.0,-27.0
1776887589.1931028,-1.0,1.0,-24.0
1776887589.2031028,2.0,0.0,-25.0
1776887589.2131028,-3.0,1.0,-25.0
1776887589.2231028,-3.0,-4.0,-29.0
1776887589.2331028,-2.0,-4.0,-32.0
1776887589.2431028,-2.0,-2.0,-30.0
1776887589.2531028,-1.0,-3.0,-26.0
1776887589.2631028,-6.0,-5.0,-28.0
1776887589.2731028,-10.0,-5.0,-29.0
1776887589.2831028,-7.0,-3.0,-33.0
1776887589.2931027,-8.0,-3.0,-37.0
1776887589.3031027,-4.0,-3.0,-37.0
1776887589.3131027,1.0,-5.0,-34.0
1776887589.3231027,5.0,-4.0,-31.0
1776887589.3331027,3.0,-5.0,-26.0
1776887589.3431027,0.0,-2.0,-34.0
1776887589.3531027,1.0,-1.0,-40.0
1776887589.363103,-1.0,-3.0,-39.0
1776887589.373103,0.0,0.0,-37.0
1776887589.383103,0.0,-4.0,-34.0
1776887589.3931026,0.0,-5.0,-32.0
1776887589.4031026,-3.0,-4.0,-30.0
1776887589.4131026,-3.0,-5.0,-34.0
1776887589.4231029,-2.0,-4.0,-39.0
1776887589.4331028,-1.0,-2.0,-40.0
1776887589.4431028,-3.0,-3.0,-44.0
1776887589.4531028,-3.0,0.0,-49.0
1776887589.4631028,-1.0,1.0,-44.0
1776887589.4731028,-3.0,0.0,-42.0
1776887589.4831028,-5.0,-2.0,-51.0
1776887589.4941027,-8.0,0.0,-48.0
1776887589.5031028,-5.0,-1.0,-41.0
1776887589.5131028,-3.0,0.0,-44.0
1776887589.5231028,0.0,-3.0,-43.0
1776887589.5331028,5.0,-5.0,-44.0
1776887589.5431027,6.0,-5.0,-42.0
1776887589.5531027,7.0,-3.0,-41.0
1776887589.5631027,6.0,-1.0,-45.0
1776887589.5731027,4.0,-2.0,-46.0
1776887589.5831027,2.0,-4.0,-39.0
1776887589.5931027,3.0,-7.0,-30.0
1776887589.6031027,6.0,-5.0,-32.0
1776887589.613103,7.0,-4.0,-32.0
1776887589.623103,5.0,-2.0,-34.0
1776887589.633103,4.0,-1.0,-31.0
1776887589.6431026,1.0,-2.0,-34.0
1776887589.6531026,-1.0,-4.0,-38.0
1776887589.6631026,-3.0,-1.0,-37.0
1776887589.6731029,-6.0,-1.0,-33.0
1776887589.6831028,-6.0,1.0,-37.0
1776887589.6931028,-3.0,0.0,-40.0
1776887589.7031028,-3.0,2.0,-41.0
1776887589.7131028,-2.0,0.0,-33.0
1776887589.7231028,-2.0,0.0,-30.0
1776887589.7331028,-1.0,-1.0,-29.0
1776887589.7431028,2.0,1.0,-29.0
1776887589.7531028,10.0,-2.0,-36.0
1776887589.7631028,9.0,-3.0,-37.0
1776887589.7731028,4.0,-4.0,-38.0
1776887589.7831028,2.0,-6.0,-35.0
1776887589.7931027,5.0,-10.0,-38.0
1776887589.8031027,0.0,-10.0,-47.0
1776887589.8131027,1.0,-5.0,-53.0
1776887589.8231027,4.0,-3.0,-53.0
1776887589.8331027,5.0,-2.0,-54.0
1776887589.8431027,0.0,0.0,-47.0
1776887589.8531027,-1.0,-1.0,-43.0
1776887589.863103,-1.0,0.0,-45.0
1776887589.873103,-1.0,-3.0,-47.0
1776887589.883103,-1.0,-7.0,-48.0
1776887589.8931026,2.0,-7.0,-51.0
1776887589.9031026,1.0,-6.0,-51.0
1776887589.9131026,8.0,-4.0,-48.0
1776887589.9231029,10.0,-1.0,-46.0
1776887589.9331028,9.0,0.0,-43.0
1776887589.9431028,3.0,0.0,-42.0
1776887589.9531028,-1.0,2.0,-41.0
1776887589.9631028,0.0,3.0,-35.0
1776887589.9731028,1.0,0.0,-34.0
1776887589.9831028,6.0,-3.0,-34.0
1776887589.9931028,3.0,-7.0,-30.0
1776887590.0031028,0.0,-4.0,-32.0
1776887590.0141027,0.0,-1.0,-33.0
1776887590.0241027,-2.0,-1.0,-32.0
1776887590.0331028,-3.0,1.0,-29.0
1776887590.044103,-3.0,1.0,-33.0
1776887590.054103,-2.0,0.0,-29.0
1776887590.0641026,-7.0,-1.0,-29.0
1776887590.0741026,-9.0,-1.0,-24.0
1776887590.0841026,-9.0,2.0,-21.0
1776887590.0941026,-4.0,2.0,-22.0
1776887590.1041028,-7.0,1.0,-25.0
1776887590.1141028,-6.0,0.0,-21.0
1776887590.1241028,-6.0,-1.0,-20.0
1776887590.1341028,-1.0,1.0,-22.0
1776887590.1441028,2.0,5.0,-24.0
1776887590.1541028,6.0,0.0,-28.0
1776887590.1641028,5.0,0.0,-30.0
1776887590.1741028,3.0,0.0,-35.0
1776887590.1841028,-1.0,0.0,-40.0
1776887590.1941028,-2.0,-2.0,-35.0
1776887590.2041028,0.0,0.0,-35.0
1776887590.2141027,3.0,2.0,-34.0
1776887590.2241027,4.0,3.0,-37.0
1776887590.2341027,6.0,4.0,-37.0
1776887590.2441027,3.0,2.0,-38.0
1776887590.2541027,2.0,3.0,-29.0
1776887590.2641027,1.0,0.0,-30.0
1776887590.2741027,-1.0,3.0,-30.0
1776887590.284103,-5.0,5.0,-32.0
1776887590.294103,0.0,0.0,-40.0
1776887590.304103,3.0,-1.0,-40.0
1776887590.3141026,5.0,1.0,-42.0
1776887590.3241026,3.0,1.0,-39.0
1776887590.3341026,1.0,-3.0,-46.0
1776887590.3441026,-3.0,3.0,-49.0
1776887590.3541028,0.0,-1.0,-43.0
1776887590.3641028,0.0,0.0,-43.0
1776887590.3741028,0.0,3.0,-39.0
1776887590.3841028,-1.0,0.0,-39.0
1776887590.3941028,-2.0,0.0,-37.0
1776887590.4041028,0.0,-2.0,-36.0
1776887590.4141028,1.0,0.0,-36.0
1776887590.4241028,4.0,-5.0,-36.0
1776887590.4341028,6.0,-5.0,-37.0
1776887590.4441028,4.0,-5.0,-38.0
1776887590.4541028,3.0,-9.0,-41.0
1776887590.4641027,2.0,-7.0,-42.0
1776887590.4741027,3.0,-8.0,-36.0
1776887590.4841027,5.0,-6.0,-36.0
1776887590.4941027,3.0,-5.0,-37.0
1776887590.5041027,2.0,-3.0,-35.0
1776887590.5141027,-1.0,-4.0,-36.0
1776887590.5241027,1.0,-6.0,-36.0
1776887590.534103,-1.0,-7.0,-37.0
1776887590.544103,2.0,-2.0,-33.0
1776887590.554103,6.0,-5.0,-38.0
1776887590.5641026,3.0,-7.0,-40.0
1776887590.5741026,7.0,-12.0,-38.0
1776887590.5841026,10.0,-11.0,-34.0
1776887590.5941026,7.0,-10.0,-31.0
1776887590.6041028,9.0,-6.0,-36.0
1776887590.6141028,4.0,-1.0,-20.0
1776887590.6241028,1.0,-4.0,-25.0
1776887590.6341028,-1.0,-4.0,-25.0
1776887590.6441028,-4.0,-7.0,-17.0
1776887590.6541028,-1.0,-11.0,-23.0
1776887590.6641028,-2.0,-10.0,-26.0
1776887590.6741028,-4.0,-7.0,-25.0
1776887590.6841028,-3.0,-4.0,-19.0
1776887590.6941028,-3.0,-5.0,-21.0
1776887590.7041028,0.0,-3.0,-25.0
1776887590.7141027,-5.0,-3.0,-27.0
1776887590.7241027,-7.0,-4.0,-28.0
1776887590.7341027,-7.0,-1.0,-25.0
1776887590.7441027,-8.0,0.0,-24.0
1776887590.7541027,-2.0,-1.0,-26.0
1776887590.7641027,-1.0,0.0,-35.0
1776887590.7741027,-3.0,-2.0,-39.0
1776887590.784103,-3.0,-3.0,-45.0
1776887590.794103,-7.0,-6.0,-45.0
1776887590.804103,-5.0,0.0,-39.0
1776887590.8141026,-6.0,-2.0,-38.0
1776887590.8241026,-8.0,-2.0,-33.0
1776887590.8341026,-7.0,-3.0,-34.0
1776887590.8441026,-3.0,-1.0,-42.0
1776887590.8541028,-4.0,0.0,-44.0
1776887590.8641028,-2.0,-3.0,-40.0
1776887590.8741028,0.0,-4.0,-45.0
1776887590.8841028,5.0,-4.0,-39.0
1776887590.8941028,4.0,-4.0,-35.0
1776887590.9041028,1.0,-3.0,-34.0
1776887590.9141028,6.0,-4.0,-31.0
1776887590.9241028,6.0,-5.0,-29.0
1776887590.9341028,6.0,-4.0,-25.0
1776887590.9441028,5.0,-3.0,-34.0
1776887590.9541028,7.0,0.0,-28.0
1776887590.9641027,7.0,2.0,-30.0
1776887590.9741027,8.0,5.0,-24.0
1776887590.9841027,11.0,2.0,-32.0
1776887590.9941027,8.0,4.0,-34.0
1776887591.0041027,6.0,6.0,-34.0
1776887591.0141027,0.0,2.0,-30.0
1776887591.0241027,-3.0,0.0,-34.0
1776887591.034103,1.0,-1.0,-42.0
1776887591.044103,-2.0,-1.0,-39.0
1776887591.054103,-7.0,0.0,-40.0
1776887591.0641026,-1.0,0.0,-39.0
1776887591.0741026,0.0,0.0,-42.0
1776887591.0841026,-5.0,2.0,-41.0
1776887591.0941026,-5.0,0.0,-43.0
1776887591.1041028,-4.0,0.0,-43.0
1776887591.1141028,-2.0,0.0,-40.0
1776887591.1241028,0.0,-2.0,-37.0
1776887591.1341028,0.0,-4.0,-31.0
1776887591.1441028,1.0,-2.0,-32.0
1776887591.1541028,0.0,-5.0,-30.0
1776887591.1641028,5.0,-2.0,-28.0
1776887591.1741028,10.0,-2.0,-33.0
1776887591.1841028,8.0,-1.0,-33.0
1776887591.1941028,3.0,0.0,-38.0
1776887591.2041028,-1.0,1.0,-40.0
1776887591.2141027,-2.0,0.0,-41.0
1776887591.2241027,-2.0,-2.0,-41.0
1776887591.2341027,-5.0,-5.0,-42.0
1776887591.2441027,-5.0,1.0,-36.0
1776887591.2541027,-3.0,5.0,-35.0
1776887591.2641027,-5.0,5.0,-33.0
1776887591.2741027,-4.0,4.0,-31.0
1776887591.284103,-6.0,3.0,-36.0
1776887591.294103,-3.0,4.0,-32.0
1776887591.304103,-1.0,1.0,-32.0
1776887591.3141026,0.0,-3.0,-32.0
1776887591.3241026,1.0,1.0,-37.0
1776887591.3341026,-4.0,2.0,-43.0
1776887591.3441026,-4.0,5.0,-42.0
1776887591.3541028,-5.0,4.0,-35.0
1776887591.3641028,1.0,4.0,-29.0
1776887591.3741028,0.0,0.0,-33.0
1776887591.3841028,-4.0,-1.0,-32.0
1776887591.3941028,-8.0,-2.0,-30.0
1776887591.4041028,-1.0,-1.0,-32.0
1776887591.4141028,5.0,-2.0,-36.0
1776887591.4241028,9.0,-1.0,-37.0
1776887591.4341028,8.0,-4.0,-40.0
1776887591.4441028,2.0,-4.0,-42.0
1776887591.4541028,3.0,-3.0,-38.0
1776887591.4641027,6.0,-1.0,-37.0
1776887591.4741027,0.0,-5.0,-40.0
1776887591.4841027,-1.0,-7.0,-41.0
1776887591.4941027,5.0,-5.0,-38.0
1776887591.5041027,6.0,-4.0,-43.0
1776887591.5141027,5.0,-5.0,-43.0
1776887591.5241027,1.0,-2.0,-45.0
1776887591.534103,2.0,-1.0,-50.0
1776887591.544103,3.0,0.0,-50.0
1776887591.554103,2.0,-1.0,-43.0
1776887591.5641026,4.0,0.0,-45.0
1776887591.5741026,3.0,0.0,-47.0
1776887591.5841026,2.0,2.0,-40.0
1776887591.5941026,4.0,3.0,-36.0
1776887591.6041028,5.0,0.0,-27.0
1776887591.6141028,4.0,-1.0,-32.0
1776887591.6241028,5.0,-2.0,-33.0
1776887591.6341028,1.0,-4.0,-38.0
1776887591.6441028,1.0,-4.0,-40.0
1776887591.6541028,0.0,-6.0,-42.0
1776887591.6641028,0.0,-6.0,-36.0
1776887591.6741028,3.0,-5.0,-41.0
1776887591.6841028,0.0,-4.0,-45.0
1776887591.6941028,0.0,-5.0,-45.0
1776887591.7041028,-2.0,-4.0,-38.0
1776887591.7141027,-2.0,-2.0,-34.0
1776887591.7241027,-5.0,-1.0,-36.0
1776887591.7341027,0.0,1.0,-32.0
1776887591.7441027,-2.0,0.0,-33.0
1776887591.7541027,3.0,3.0,-30.0
1776887591.7641027,6.0,6.0,-25.0
1776887591.7741027,6.0,2.0,-31.0
1776887591.784103,3.0,1.0,-32.0
1776887591.794103,-2.0,0.0,-31.0
1776887591.804103,1.0,-3.0,-39.0
1776887591.8141026,0.0,-3.0,-45.0
1776887591.8241026,0.0,-5.0,-39.0
1776887591.8341026,0.0,-7.0,-41.0
1776887591.8441026,-4.0,-6.0,-34.0
1776887591.8541028,-3.0,-4.0,-33.0
1776887591.8641028,1.0,-2.0,-39.0
1776887591.8741028,0.0,0.0,-35.0
1776887591.8841028,1.0,-3.0,-33.0
1776887591.8941028,1.0,-3.0,-30.0
1776887591.9041028,1.0,-2.0,-29.0
1776887591.9141028,0.0,-4.0,-33.0
1776887591.9241028,1.0,3.0,-35.0
1776887591.9341028,1.0,0.0,-34.0
1776887591.9441028,0.0,0.0,-36.0
1776887591.9541028,4.0,0.0,-35.0
1776887591.9641027,4.0,-1.0,-37.0
1776887591.9741027,1.0,-2.0,-32.0
1776887591.985103,3.0,-1.0,-37.0
1776887591.9941027,0.0,-2.0,-37.0
1776887592.0051026,-4.0,0.0,-32.0
1776887592.0151026,0.0,2.0,-34.0
1776887592.0251029,0.0,4.0,-36.0
1776887592.0351028,0.0,2.0,-32.0
1776887592.044103,0.0,4.0,-37.0
1776887592.0551028,-1.0,2.0,-43.0
1776887592.0651028,-1.0,0.0,-43.0
1776887592.0751028,0.0,8.0,-46.0
1776887592.0851028,-2.0,5.0,-45.0
1776887592.0951028,2.0,1.0,-40.0
1776887592.1051028,3.0,1.0,-39.0
1776887592.1151028,0.0,0.0,-34.0
1776887592.1251028,0.0,-2.0,-35.0
1776887592.1351027,0.0,1.0,-33.0
1776887592.1451027,3.0,1.0,-34.0
1776887592.1551027,2.0,0.0,-32.0
1776887592.1651027,1.0,0.0,-42.0
1776887592.1751027,3.0,3.0,-41.0
1776887592.1851027,4.0,-4.0,-41.0
1776887592.1951027,3.0,-3.0,-43.0
1776887592.2051027,4.0,0.0,-41.0
1776887592.215103,-2.0,0.0,-35.0
1776887592.225103,-4.0,0.0,-31.0
1776887592.235103,-3.0,-3.0,-31.0
1776887592.2451026,-1.0,-5.0,-33.0
1776887592.2551026,3.0,-6.0,-40.0
1776887592.2651026,5.0,-7.0,-40.0
1776887592.2751029,2.0,-6.0,-36.0
1776887592.2851028,1.0,-6.0,-42.0
1776887592.2951028,2.0,-9.0,-41.0
1776887592.3051028,0.0,-7.0,-39.0
1776887592.3151028,1.0,-6.0,-32.0
1776887592.3251028,0.0,-8.0,-35.0
1776887592.3351028,1.0,-7.0,-36.0
1776887592.3451028,-1.0,-6.0,-42.0
1776887592.3551028,4.0,-3.0,-39.0
1776887592.3651028,0.0,-4.0,-35.0
1776887592.3751028,5.0,-2.0,-38.0
1776887592.3851027,1.0,0.0,-43.0
1776887592.3951027,3.0,-1.0,-39.0
1776887592.4051027,0.0,1.0,-41.0
1776887592.4151027,-4.0,1.0,-40.0
1776887592.4251027,-2.0,1.0,-39.0
1776887592.4351027,1.0,1.0,-40.0
1776887592.4451027,1.0,1.0,-34.0
1776887592.4551027,1.0,1.0,-31.0
1776887592.465103,4.0,2.0,-43.0
1776887592.475103,2.0,1.0,-42.0
1776887592.485103,4.0,-2.0,-42.0
1776887592.4951026,1.0,-3.0,-40.0
1776887592.5051026,0.0,-3.0,-43.0
1776887592.5151026,4.0,-2.0,-43.0
1776887592.5251029,4.0,0.0,-44.0
1776887592.5351028,6.0,-1.0,-48.0
1776887592.5451028,7.0,0.0,-44.0
1776887592.5551028,7.0,0.0,-44.0
1776887592.5651028,1.0,-2.0,-41.0
1776887592.5751028,0.0,-1.0,-41.0
1776887592.5851028,5.0,-3.0,-44.0
1776887592.5951028,3.0,0.0,-47.0
1776887592.6051028,-2.0,-3.0,-46.0
1776887592.6151028,-2.0,-4.0,-49.0
1776887592.6251028,2.0,-5.0,-52.0
1776887592.6351027,1.0,-2.0,-51.0
1776887592.6451027,-1.0,-3.0,-49.0
1776887592.6551027,-1.0,-2.0,-42.0
1776887592.6651027,1.0,-2.0,-43.0
1776887592.6751027,3.0,-2.0,-47.0
1776887592.6851027,2.0,-1.0,-48.0
1776887592.6951027,2.0,0.0,-42.0
1776887592.7051027,0.0,4.0,-34.0
1776887592.715103,6.0,9.0,-38.0
1776887592.725103,4.0,5.0,-42.0
1776887592.735103,4.0,3.0,-36.0
1776887592.7451026,4.0,0.0,-36.0
1776887592.7551026,2.0,-2.0,-44.0
1776887592.7651026,3.0,-1.0,-48.0
1776887592.7751029,3.0,-3.0,-44.0
1776887592.7851028,4.0,-4.0,-38.0
1776887592.7951028,2.0,-1.0,-29.0
1776887592.8051028,0.0,-1.0,-28.0
1776887592.8151028,0.0,-6.0,-29.0
1776887592.8251028,0.0,-6.0,-34.0
1776887592.8351028,-3.0,-5.0,-34.0
1776887592.8451028,-3.0,-7.0,-41.0
1776887592.8551028,1.0,-4.0,-42.0
1776887592.8651028,0.0,-4.0,-46.0
1776887592.8751028,-2.0,-6.0,-48.0
1776887592.8851027,0.0,-5.0,-51.0
1776887592.8951027,0.0,-7.0,-47.0
1776887592.9051027,-1.0,-2.0,-47.0
1776887592.9151027,0.0,-1.0,-48.0
1776887592.9251027,0.0,-1.0,-46.0
1776887592.9351027,-1.0,-9.0,-44.0
1776887592.9451027,0.0,-1.0,-39.0
1776887592.9551027,2.0,2.0,-33.0
1776887592.965103,3.0,0.0,-31.0
1776887592.975103,2.0,-2.0,-33.0
1776887592.985103,6.0,0.0,-34.0
1776887592.9951026,4.0,0.0,-30.0
1776887593.0051026,3.0,-1.0,-33.0
1776887593.0151026,4.0,-5.0,-39.0
1776887593.0251029,7.0,-3.0,-43.0
1776887593.0351028,3.0,0.0,-41.0
1776887593.0451028,-1.0,-3.0,-35.0
1776887593.0551028,0.0,-1.0,-37.0
1776887593.0651028,0.0,-1.0,-37.0
1776887593.0751028,0.0,-1.0,-39.0
1776887593.0851028,-1.0,-1.0,-42.0
1776887593.0951028,2.0,2.0,-43.0
1776887593.1051028,3.0,1.0,-44.0
1776887593.1151028,-2.0,5.0,-41.0
1776887593.1251028,-3.0,6.0,-42.0
1776887593.1351027,-5.0,7.0,-45.0
1776887593.1451027,-7.0,4.0,-42.0
1776887593.1551027,-4.0,3.0,-41.0
1776887593.1651027,-3.0,1.0,-43.0
1776887593.1751027,-2.0,0.0,-46.0
1776887593.1851027,-1.0,0.0,-50.0
1776887593.1951027,0.0,0.0,-49.0
1776887593.2051027,0.0,-2.0,-45.0
1776887593.215103,3.0,-5.0,-50.0
1776887593.225103,1.0,-4.0,-53.0
1776887593.235103,2.0,-1.0,-48.0
1776887593.2451026,5.0,0.0,-45.0
1776887593.2551026,3.0,2.0,-40.0
1776887593.2651026,6.0,0.0,-40.0
1776887593.2751029,10.0,-2.0,-41.0
1776887593.2851028,11.0,-2.0,-40.0
1776887593.2951028,6.0,-2.0,-37.0
1776887593.3051028,3.0,-1.0,-30.0
1776887593.3151028,6.0,-2.0,-33.0
1776887593.3251028,4.0,-2.0,-37.0
1776887593.3351028,-2.0,-1.0,-41.0
1776887593.3451028,-1.0,-4.0,-41.0
1776887593.3551028,0.0,-5.0,-36.0
1776887593.3651028,0.0,-3.0,-36.0
1776887593.3751028,-3.0,-5.0,-42.0
1776887593.3851027,-2.0,-4.0,-36.0
1776887593.3951027,0.0,-2.0,-33.0
1776887593.4051027,1.0,-4.0,-34.0
1776887593.4151027,-1.0,-7.0,-35.0
1776887593.4251027,0.0,-4.0,-26.0
1776887593.4351027,-2.0,-1.0,-29.0
1776887593.4451027,-2.0,0.0,-26.0
1776887593.4551027,-1.0,0.0,-28.0
1776887593.465103,-3.0,-5.0,-30.0
1776887593.475103,-5.0,0.0,-34.0
1776887593.485103,-8.0,-3.0,-35.0
1776887593.4951026,-2.0,-3.0,-34.0
1776887593.5051026,-3.0,2.0,-38.0
1776887593.5151026,-4.0,0.0,-34.0
1776887593.5251029,0.0,0.0,-33.0
1776887593.5351028,2.0,1.0,-35.0
1776887593.5451028,0.0,0.0,-29.0
1776887593.5551028,0.0,2.0,-31.0
1776887593.5651028,-1.0,0.0,-32.0
1776887593.5751028,-1.0,-1.0,-36.0
1776887593.5851028,1.0,-3.0,-33.0
1776887593.5951028,2.0,0.0,-33.0
1776887593.6051028,6.0,3.0,-31.0
1776887593.6151028,2.0,-1.0,-33.0
1776887593.6251028,3.0,-2.0,-39.0
1776887593.6351027,3.0,-2.0,-46.0
1776887593.6451027,7.0,2.0,-39.0
1776887593.6551027,7.0,1.0,-31.0
1776887593.6651027,5.0,1.0,-36.0
1776887593.6751027,9.0,0.0,-30.0
1776887593.6851027,10.0,-3.0,-33.0
1776887593.6951027,6.0,-4.0,-35.0
1776887593.7051027,4.0,-2.0,-31.0
1776887593.715103,1.0,-1.0,-29.0
1776887593.725103,0.0,-3.0,-26.0
1776887593.735103,-3.0,0.0,-26.0
1776887593.7451026,0.0,2.0,-24.0
1776887593.7551026,0.0,3.0,-30.0
1776887593.7651026,-3.0,2.0,-30.0
1776887593.7751029,-3.0,4.0,-39.0
1776887593.7851028,-4.0,5.0,-39.0
1776887593.7951028,-1.0,5.0,-41.0
1776887593.8051028,-1.0,2.0,-38.0
1776887593.8151028,0.0,1.0,-37.0
1776887593.8251028,1.0,1.0,-32.0
1776887593.8351028,-1.0,2.0,-30.0
1776887593.8451028,-4.0,-1.0,-25.0
1776887593.8551028,-4.0,0.0,-32.0
1776887593.8651028,-2.0,0.0,-31.0
1776887593.8751028,0.0,0.0,-32.0
1776887593.8851027,-3.0,3.0,-35.0
1776887593.8951027,-2.0,5.0,-40.0
1776887593.9051027,0.0,5.0,-47.0
1776887593.9151027,0.0,3.0,-49.0
1776887593.9251027,0.0,-1.0,-50.0
1776887593.9351027,2.0,-1.0,-40.0
1776887593.9451027,1.0,-3.0,-29.0
1776887593.9551027,0.0,0.0,-27.0
1776887593.965103,0.0,-1.0,-26.0
1776887593.975103,4.0,-2.0,-27.0
1776887593.985103,5.0,-1.0,-28.0
1776887593.9951026,4.0,3.0,-33.0
1776887594.0051026,2.0,-2.0,-27.0
1776887594.0161028,6.0,-1.0,-18.0
1776887594.0261028,6.0,-1.0,-23.0
1776887594.0361028,2.0,-5.0,-29.0
1776887594.0461028,0.0,-4.0,-33.0
1776887594.0561028,0.0,-1.0,-38.0
1776887594.0661027,-6.0,-1.0,-39.0
1776887594.0761027,-5.0,-1.0,-34.0
1776887594.0861027,-2.0,0.0,-32.0
1776887594.0961027,0.0,0.0,-34.0
1776887594.1061027,-2.0,-2.0,-37.0
1776887594.1161027,-1.0,0.0,-34.0
1776887594.1261027,0.0,-2.0,-35.0
1776887594.136103,2.0,-1.0,-38.0
1776887594.146103,0.0,-1.0,-40.0
1776887594.156103,-1.0,-1.0,-37.0
1776887594.1661026,2.0,0.0,-40.0
1776887594.1761026,0.0,0.0,-38.0
1776887594.1861026,1.0,2.0,-38.0
1776887594.1961029,3.0,1.0,-41.0
1776887594.2061028,4.0,3.0,-40.0
1776887594.2161028,5.0,6.0,-39.0
1776887594.2261028,1.0,7.0,-40.0
1776887594.2361028,2.0,6.0,-42.0
1776887594.2461028,8.0,2.0,-41.0
1776887594.2561028,6.0,0.0,-42.0
1776887594.2661028,7.0,0.0,-47.0
1776887594.2761028,12.0,0.0,-46.0
1776887594.2861028,11.0,2.0,-41.0
1776887594.2961028,11.0,6.0,-33.0
1776887594.3061028,7.0,4.0,-28.0
1776887594.3161027,9.0,-2.0,-32.0
1776887594.3261027,9.0,-5.0,-33.0
1776887594.3361027,8.0,-5.0,-36.0
1776887594.3461027,5.0,-3.0,-41.0
1776887594.3561027,4.0,-4.0,-43.0
1776887594.3661027,1.0,-4.0,-44.0
1776887594.3761027,-1.0,-3.0,-43.0
1776887594.386103,0.0,-5.0,-39.0
1776887594.396103,-2.0,-2.0,-37.0
1776887594.406103,-1.0,-2.0,-31.0
1776887594.4161026,0.0,-2.0,-35.0
1776887594.4261026,-2.0,-5.0,-31.0
1776887594.4361026,-3.0,-1.0,-31.0
1776887594.4461029,-6.0,-1.0,-30.0
1776887594.4561028,0.0,-2.0,-23.0
1776887594.4661028,4.0,-2.0,-30.0
1776887594.4761028,4.0,-4.0,-24.0
1776887594.4861028,3.0,-4.0,-15.0
1776887594.4961028,3.0,-5.0,-25.0
1776887594.5061028,2.0,-6.0,-27.0
1776887594.5161028,2.0,-4.0,-36.0
1776887594.5261028,0.0,-4.0,-39.0
1776887594.5361028,1.0,-3.0,-47.0
1776887594.5461028,3.0,0.0,-49.0
1776887594.5561028,7.0,-3.0,-50.0
1776887594.5661027,3.0,0.0,-52.0
1776887594.5761027,0.0,1.0,-50.0
1776887594.5861027,0.0,1.0,-50.0
1776887594.5961027,0.0,-1.0,-53.0
1776887594.6061027,0.0,-2.0,-52.0
1776887594.6161027,3.0,0.0,-51.0
1776887594.6261027,-2.0,5.0,-46.0
1776887594.636103,-3.0,2.0,-40.0
1776887594.646103,-2.0,1.0,-39.0
1776887594.656103,-3.0,-1.0,-37.0
1776887594.6661026,-2.0,-5.0,-34.0
1776887594.6761026,-1.0,-5.0,-29.0
1776887594.6861026,-1.0,-5.0,-25.0
1776887594.6961029,2.0,-1.0,-27.0
1776887594.7061028,2.0,-1.0,-27.0
1776887594.7161028,1.0,-1.0,-28.0
1776887594.7261028,-3.0,-2.0,-29.0
1776887594.7361028,0.0,-2.0,-31.0
1776887594.7461028,-1.0,-3.0,-39.0
1776887594.7561028,0.0,-4.0,-43.0
1776887594.7661028,0.0,-3.0,-43.0
1776887594.7761028,0.0,0.0,-50.0
1776887594.7861028,-1.0,0.0,-52.0
1776887594.7961028,-4.0,-5.0,-45.0
1776887594.8061028,-2.0,-9.0,-43.0
1776887594.8161027,-1.0,-11.0,-36.0
1776887594.8261027,1.0,-8.0,-36.0
1776887594.8361027,-4.0,-4.0,-38.0
1776887594.8461027,-2.0,-1.0,-42.0
1776887594.8561027,1.0,-6.0,-42.0
1776887594.8661027,1.0,-5.0,-34.0
1776887594.8761027,-1.0,-4.0,-32.0
1776887594.886103,-3.0,-5.0,-30.0
1776887594.896103,-5.0,-6.0,-31.0
1776887594.906103,-1.0,-7.0,-33.0
1776887594.9161026,-1.0,-4.0,-41.0
1776887594.9261026,0.0,-2.0,-42.0
1776887594.9361026,4.0,0.0,-45.0
1776887594.9461029,1.0,4.0,-41.0
1776887594.9561028,0.0,5.0,-37.0
1776887594.9661028,-1.0,6.0,-43.0
1776887594.9761028,0.0,7.0,-40.0
1776887594.9861028,-1.0,6.0,-39.0
1776887594.9961028,-1.0,7.0,-39.0
1776887595.0061028,3.0,3.0,-36.0
1776887595.0161028,2.0,0.0,-37.0
1776887595.0261028,-1.0,1.0,-40.0
1776887595.0361028,0.0,0.0,-43.0
1776887595.0461028,0.0,-1.0,-53.0
1776887595.0561028,1.0,-4.0,-55.0
1776887595.0661027,3.0,0.0,-52.0
1776887595.0761027,4.0,0.0,-45.0
1776887595.0861027,6.0,-1.0,-40.0
1776887595.0961027,4.0,-2.0,-36.0
1776887595.1061027,0.0,0.0,-39.0
1776887595.1161027,0.0,1.0,-42.0
1776887595.1261027,0.0,6.0,-35.0
1776887595.136103,0.0,7.0,-33.0
1776887595.146103,3.0,5.0,-40.0
1776887595.156103,-3.0,1.0,-41.0
1776887595.1661026,-1.0,1.0,-41.0
1776887595.1771028,0.0,0.0,-44.0
1776887595.1861026,2.0,3.0,-36.0
1776887595.1961029,1.0,6.0,-31.0
1776887595.2061028,7.0,7.0,-33.0
1776887595.2161028,8.0,4.0,-31.0
1776887595.2261028,3.0,3.0,-35.0
1776887595.2361028,9.0,5.0,-35.0
1776887595.2461028,7.0,4.0,-35.0
1776887595.2561028,2.0,0.0,-41.0
1776887595.2661028,2.0,3.0,-45.0
1776887595.2761028,4.0,0.0,-41.0
1776887595.2861028,7.0,-1.0,-33.0
1776887595.2961028,2.0,0.0,-28.0
1776887595.3061028,3.0,0.0,-28.0
1776887595.3161027,3.0,0.0,-24.0
1776887595.3261027,3.0,-1.0,-25.0
1776887595.3361027,9.0,-2.0,-28.0
1776887595.3461027,6.0,0.0,-29.0
1776887595.3561027,8.0,0.0,-29.0
1776887595.3661027,4.0,1.0,-28.0
1776887595.3761027,6.0,0.0,-37.0
1776887595.386103,8.0,-1.0,-38.0
1776887595.396103,6.0,-3.0,-37.0
1776887595.406103,6.0,-5.0,-43.0
1776887595.4161026,0.0,-6.0,-41.0
1776887595.4261026,-2.0,-8.0,-37.0
1776887595.4361026,-4.0,-9.0,-37.0
1776887595.4461029,-3.0,-5.0,-35.0
1776887595.4561028,-7.0,-5.0,-36.0
1776887595.4661028,-7.0,-4.0,-40.0
1776887595.4761028,-5.0,-5.0,-39.0
1776887595.4861028,-8.0,-6.0,-33.0
1776887595.4961028,-4.0,-6.0,-30.0
1776887595.5061028,0.0,0.0,-25.0
1776887595.5161028,0.0,0.0,-34.0
1776887595.5261028,3.0,-2.0,-28.0
1776887595.5371027,6.0,-5.0,-30.0
1776887595.5461028,0.0,-5.0,-28.0
1776887595.5561028,3.0,-3.0,-29.0
1776887595.5661027,0.0,-5.0,-33.0
1776887595.5761027,5.0,-4.0,-35.0
1776887595.5861027,0.0,0.0,-36.0
1776887595.5961027,-2.0,1.0,-33.0
1776887595.6061027,-4.0,-1.0,-33.0
1776887595.6161027,-4.0,-1.0,-35.0
1776887595.6261027,0.0,-3.0,-36.0
1776887595.636103,-1.0,-2.0,-36.0
1776887595.646103,-2.0,0.0,-46.0
1776887595.656103,0.0,-1.0,-47.0
1776887595.6661026,-1.0,1.0,-43.0
1776887595.6761026,-1.0,0.0,-35.0
1776887595.6861026,-3.0,-3.0,-30.0
1776887595.6961029,-8.0,-6.0,-31.0
1776887595.7061028,-9.0,-4.0,-34.0
1776887595.7161028,-8.0,-4.0,-35.0
1776887595.7261028,-8.0,-4.0,-36.0
1776887595.7361028,-9.0,-5.0,-35.0
1776887595.7461028,-9.0,-3.0,-34.0
1776887595.7561028,-5.0,-6.0,-31.0
1776887595.7661028,-3.0,-7.0,-35.0
1776887595.7761028,0.0,-6.0,-37.0
1776887595.7861028,0.0,-4.0,-32.0
1776887595.7961028,0.0,-3.0,-31.0
1776887595.8061028,-5.0,-6.0,-20.0
1776887595.8161027,-3.0,0.0,-24.0
1776887595.8261027,-2.0,3.0,-27.0
1776887595.8361027,0.0,1.0,-33.0
1776887595.8461027,4.0,-2.0,-37.0
1776887595.8561027,8.0,-2.0,-38.0
1776887595.8661027,6.0,-1.0,-34.0
1776887595.8761027,4.0,0.0,-32.0
1776887595.886103,4.0,-1.0,-38.0
1776887595.896103,7.0,-2.0,-39.0
1776887595.906103,8.0,-2.0,-40.0
1776887595.9161026,6.0,2.0,-41.0
1776887595.9261026,6.0,1.0,-51.0
1776887595.9361026,2.0,1.0,-52.0
1776887595.9461029,3.0,0.0,-47.0
1776887595.9561028,0.0,-1.0,-40.0
1776887595.9661028,2.0,-1.0,-39.0
1776887595.9761028,1.0,1.0,-39.0
1776887595.9861028,3.0,-3.0,-46.0
1776887595.9961028,0.0,-5.0,-47.0
1776887596.0071027,0.0,-8.0,-47.0
1776887596.0161028,-3.0,-8.0,-44.0
1776887596.0271027,-3.0,-2.0,-41.0
1776887596.0371027,-5.0,-2.0,-41.0
1776887596.0461028,-8.0,-3.0,-43.0
1776887596.057103,-7.0,-3.0,-44.0
1776887596.067103,-6.0,-2.0,-44.0
1776887596.077103,-5.0,0.0,-41.0
1776887596.087103,-1.0,-2.0,-46.0
1776887596.0961027,0.0,-3.0,-47.0
1776887596.1071026,-3.0,0.0,-45.0
1776887596.1171026,0.0,-3.0,-43.0
1776887596.1271029,0.0,-6.0,-42.0
1776887596.1371028,4.0,-8.0,-36.0
1776887596.1471028,5.0,-9.0,-35.0
1776887596.1571028,7.0,-8.0,-35.0
1776887596.1671028,14.0,-7.0,-34.0
1776887596.1771028,7.0,-3.0,-31.0
1776887596.1871028,3.0,-3.0,-28.0
1776887596.1971028,0.0,-2.0,-34.0
1776887596.2071028,3.0,-3.0,-29.0
1776887596.2171028,7.0,-4.0,-26.0
1776887596.2271028,7.0,-4.0,-26.0
1776887596.2371027,4.0,-4.0,-27.0
1776887596.2471027,1.0,-5.0,-27.0
1776887596.2571027,1.0,-5.0,-29.0
1776887596.2671027,5.0,-3.0,-26.0
1776887596.2771027,5.0,0.0,-20.0
1776887596.2871027,2.0,-2.0,-24.0
1776887596.2971027,0.0,-2.0,-25.0
1776887596.307103,6.0,-6.0,-26.0
1776887596.317103,4.0,-8.0,-35.0
1776887596.327103,0.0,-8.0,-36.0
1776887596.337103,-1.0,-9.0,-37.0
1776887596.3471026,0.0,-12.0,-35.0
1776887596.3571026,2.0,-8.0,-40.0
1776887596.3671026,6.0,-9.0,-41.0
1776887596.3771029,3.0,-7.0,-39.0
1776887596.3871028,6.0,-3.0,-31.0
1776887596.3971028,4.0,0.0,-35.0
1776887596.4071028,6.0,0.0,-42.0
1776887596.4171028,3.0,-2.0,-40.0
1776887596.4271028,0.0,-2.0,-41.0
1776887596.4371028,-1.0,-3.0,-39.0
1776887596.4471028,1.0,-3.0,-39.0
1776887596.4571028,3.0,-2.0,-41.0
1776887596.4671028,9.0,1.0,-46.0
1776887596.4771028,8.0,-1.0,-44.0
1776887596.4871027,6.0,0.0,-42.0
1776887596.4971027,5.0,-1.0,-47.0
1776887596.5071027,3.0,-2.0,-49.0
1776887596.5171027,0.0,0.0,-55.0
1776887596.5271027,-7.0,2.0,-55.0
1776887596.5371027,-6.0,0.0,-42.0
1776887596.5471027,-6.0,2.0,-44.0
1776887596.557103,-4.0,4.0,-48.0
1776887596.567103,-5.0,2.0,-44.0
1776887596.577103,-5.0,3.0,-43.0
1776887596.587103,-2.0,-4.0,-38.0
1776887596.5971026,-5.0,-6.0,-42.0
1776887596.6071026,-8.0,-5.0,-33.0
1776887596.6171026,-10.0,-3.0,-31.0
1776887596.6271029,-10.0,-1.0,-31.0
1776887596.6371028,-6.0,1.0,-32.0
1776887596.6471028,-3.0,6.0,-33.0
1776887596.6571028,1.0,2.0,-29.0
1776887596.6671028,1.0,-2.0,-29.0
1776887596.6771028,0.0,-4.0,-30.0
1776887596.6871028,-1.0,-5.0,-33.0
1776887596.6971028,0.0,-5.0,-30.0
1776887596.7071028,-4.0,-1.0,-37.0
1776887596.7171028,-8.0,-1.0,-38.0
1776887596.7271028,-4.0,1.0,-43.0
1776887596.7371027,-2.0,3.0,-46.0
1776887596.7471027,-4.0,4.0,-46.0
1776887596.7571027,-2.0,3.0,-47.0
1776887596.7671027,0.0,3.0,-46.0
1776887596.7771027,2.0,2.0,-45.0
1776887596.7871027,4.0,3.0,-44.0
1776887596.7971027,12.0,0.0,-46.0
1776887596.807103,4.0,-1.0,-38.0
1776887596.817103,7.0,-2.0,-37.0
1776887596.827103,4.0,-3.0,-46.0
1776887596.837103,-1.0,-3.0,-41.0
1776887596.8471026,0.0,-1.0,-38.0
1776887596.8571026,1.0,0.0,-42.0
1776887596.8671026,0.0,2.0,-45.0
1776887596.8771029,-3.0,5.0,-48.0
1776887596.8871028,0.0,4.0,-48.0
1776887596.8971028,-3.0,1.0,-42.0
1776887596.9071028,0.0,-4.0,-29.0
1776887596.9171028,0.0,-1.0,-31.0
1776887596.9271028,0.0,-1.0,-27.0
1776887596.9371028,0.0,-1.0,-32.0
1776887596.9471028,0.0,0.0,-30.0
1776887596.9571028,-2.0,-1.0,-34.0
1776887596.9671028,-5.0,1.0,-35.0
1776887596.9771028,-7.0,4.0,-35.0
1776887596.9871027,-7.0,4.0,-41.0
1776887596.9971027,-10.0,0.0,-42.0
1776887597.0071027,-10.0,0.0,-42.0
1776887597.0171027,-11.0,2.0,-39.0
1776887597.0271027,-7.0,2.0,-40.0
1776887597.0371027,-9.0,2.0,-49.0
1776887597.0471027,-11.0,-1.0,-48.0
1776887597.057103,-7.0,0.0,-44.0
1776887597.067103,-4.0,-2.0,-42.0
1776887597.077103,-5.0,-5.0,-35.0
1776887597.087103,-5.0,-4.0,-37.0
1776887597.0971026,-1.0,-7.0,-38.0
1776887597.1071026,-1.0,-7.0,-39.0
1776887597.1171026,0.0,-8.0,-38.0
1776887597.1271029,-3.0,-5.0,-40.0
1776887597.1371028,-1.0,-6.0,-39.0
1776887597.1471028,0.0,-8.0,-39.0
1776887597.1571028,1.0,-4.0,-33.0
1776887597.1671028,0.0,-2.0,-32.0
1776887597.1771028,1.0,-6.0,-38.0
1776887597.1871028,3.0,-5.0,-39.0
1776887597.1971028,2.0,-2.0,-38.0
1776887597.2071028,6.0,-4.0,-42.0
1776887597.2171028,5.0,-1.0,-39.0
1776887597.2271028,0.0,-1.0,-38.0
1776887597.2371027,0.0,0.0,-43.0
1776887597.2471027,-1.0,3.0,-40.0
1776887597.2571027,0.0,3.0,-39.0
1776887597.2671027,0.0,1.0,-38.0
1776887597.2771027,-1.0,0.0,-31.0
1776887597.2871027,2.0,-2.0,-35.0
1776887597.2971027,1.0,0.0,-36.0
1776887597.307103,2.0,-1.0,-32.0
1776887597.317103,1.0,0.0,-32.0
1776887597.327103,4.0,0.0,-37.0
1776887597.337103,9.0,-4.0,-36.0
1776887597.3471026,6.0,-6.0,-39.0
1776887597.3571026,2.0,-7.0,-44.0
1776887597.3671026,1.0,-10.0,-39.0
1776887597.3771029,4.0,-11.0,-35.0
1776887597.3871028,2.0,-5.0,-38.0
1776887597.3971028,4.0,-4.0,-37.0
1776887597.4071028,3.0,-7.0,-32.0
1776887597.4171028,5.0,-7.0,-34.0
1776887597.4271028,6.0,-1.0,-38.0
1776887597.4371028,2.0,0.0,-36.0
1776887597.4471028,4.0,-2.0,-34.0
1776887597.4571028,5.0,-2.0,-34.0
1776887597.4671028,4.0,-3.0,-36.0
1776887597.4771028,2.0,-6.0,-33.0
1776887597.4871027,3.0,-6.0,-36.0
1776887597.4971027,2.0,-7.0,-38.0
1776887597.5071027,-1.0,-9.0,-33.0
1776887597.5171027,-2.0,-6.0,-32.0
1776887597.5271027,-3.0,-6.0,-44.0
1776887597.5371027,-8.0,-1.0,-44.0
1776887597.5471027,-10.0,0.0,-44.0
1776887597.557103,-5.0,-3.0,-40.0
1776887597.567103,3.0,-2.0,-40.0
1776887597.577103,3.0,0.0,-36.0
1776887597.587103,4.0,0.0,-29.0
1776887597.5971026,3.0,0.0,-37.0
1776887597.6071026,1.0,-1.0,-33.0
1776887597.6171026,1.0,-1.0,-27.0
1776887597.6271029,8.0,-3.0,-27.0
1776887597.6371028,5.0,-5.0,-20.0
1776887597.6471028,1.0,-3.0,-20.0
1776887597.6571028,3.0,-2.0,-21.0
1776887597.6671028,1.0,0.0,-26.0
1776887597.6771028,1.0,3.0,-29.0
1776887597.6871028,3.0,1.0,-35.0
1776887597.6971028,3.0,0.0,-34.0
1776887597.7071028,4.0,-2.0,-34.0
1776887597.7171028,2.0,-2.0,-28.0
1776887597.7271028,0.0,-3.0,-26.0
1776887597.7371027,0.0,-1.0,-31.0
1776887597.7471027,-1.0,-1.0,-29.0
1776887597.7571027,0.0,0.0,-29.0
1776887597.7671027,0.0,0.0,-23.0
1776887597.7771027,5.0,0.0,-22.0
1776887597.7871027,5.0,1.0,-18.0
1776887597.7971027,3.0,0.0,-21.0
1776887597.807103,4.0,0.0,-26.0
1776887597.817103,5.0,0.0,-28.0
1776887597.827103,2.0,-3.0,-22.0
1776887597.837103,3.0,-5.0,-30.0
1776887597.8471026,3.0,-6.0,-33.0
1776887597.8571026,1.0,-8.0,-39.0
1776887597.8671026,5.0,-10.0,-42.0
1776887597.8771029,6.0,-10.0,-46.0
1776887597.8871028,3.0,-10.0,-49.0
1776887597.8971028,4.0,-11.0,-47.0
1776887597.9071028,2.0,-9.0,-36.0
1776887597.9171028,6.0,-8.0,-38.0
1776887597.9271028,8.0,-8.0,-35.0
1776887597.9371028,7.0,-5.0,-28.0
1776887597.9471028,5.0,-1.0,-31.0
1776887597.9571028,5.0,3.0,-34.0
1776887597.9671028,12.0,0.0,-30.0
1776887597.9771028,10.0,-1.0,-30.0
1776887597.9871027,10.0,0.0,-29.0
1776887597.9971027,8.0,-3.0,-27.0
1776887598.0071027,5.0,-5.0,-32.0
1776887598.0181026,3.0,-3.0,-29.0
1776887598.0281026,7.0,-5.0,-36.0
1776887598.0381026,2.0,-8.0,-43.0
1776887598.0471027,-3.0,-6.0,-42.0
1776887598.0581028,-3.0,-6.0,-37.0
1776887598.0681028,-6.0,-4.0,-39.0
1776887598.0781028,-2.0,-5.0,-43.0
1776887598.0881028,0.0,-7.0,-43.0
1776887598.0981028,0.0,-7.0,-39.0
1776887598.1081028,-3.0,-6.0,-34.0
1776887598.1181028,-2.0,-6.0,-33.0
1776887598.1281028,-1.0,-6.0,-41.0
1776887598.1381028,-3.0,-5.0,-40.0
1776887598.1481028,-3.0,-1.0,-44.0
1776887598.1581028,-4.0,1.0,-42.0
1776887598.1681027,-5.0,0.0,-40.0
1776887598.1781027,-4.0,0.0,-39.0
1776887598.1881027,-5.0,-3.0,-41.0
1776887598.1981027,-3.0,-6.0,-38.0
1776887598.2081027,-3.0,-6.0,-46.0
1776887598.2181027,-3.0,-8.0,-44.0
1776887598.2281027,0.0,-11.0,-43.0
1776887598.238103,-3.0,-6.0,-42.0
1776887598.248103,-2.0,-5.0,-37.0
1776887598.258103,-4.0,-2.0,-40.0
1776887598.2681026,-6.0,-1.0,-39.0
1776887598.2781026,-4.0,-2.0,-42.0
1776887598.2881026,-4.0,0.0,-43.0
1776887598.2981029,-5.0,-3.0,-38.0
1776887598.3081028,-4.0,-6.0,-34.0
1776887598.3181028,-5.0,-2.0,-39.0
1776887598.3281028,-3.0,0.0,-45.0
1776887598.3381028,-3.0,1.0,-44.0
1776887598.3481028,-3.0,3.0,-45.0
1776887598.3581028,0.0,0.0,-53.0
1776887598.3681028,0.0,-1.0,-44.0
1776887598.3781028,-2.0,-4.0,-40.0
1776887598.3881028,-4.0,-4.0,-40.0
1776887598.3981028,-5.0,-3.0,-37.0
1776887598.4081028,-1.0,-1.0,-40.0
1776887598.4181027,0.0,-1.0,-39.0
1776887598.4281027,-3.0,0.0,-42.0
1776887598.4381027,-9.0,2.0,-38.0
1776887598.4481027,-4.0,6.0,-40.0
1776887598.4581027,-2.0,1.0,-39.0
1776887598.4681027,1.0,-2.0,-36.0
1776887598.4781027,7.0,0.0,-41.0
1776887598.488103,4.0,5.0,-44.0
1776887598.498103,6.0,3.0,-41.0
1776887598.508103,2.0,7.0,-43.0
1776887598.5181026,0.0,8.0,-43.0
1776887598.5281026,0.0,10.0,-39.0
1776887598.5381026,-1.0,9.0,-33.0
1776887598.5481029,-4.0,4.0,-36.0
1776887598.5581028,-3.0,2.0,-44.0
1776887598.5681028,-3.0,1.0,-43.0
1776887598.5781028,0.0,3.0,-41.0
1776887598.5881028,-1.0,6.0,-42.0
1776887598.5981028,-3.0,2.0,-44.0
1776887598.6081028,-5.0,-1.0,-42.0
1776887598.6181028,-4.0,-2.0,-34.0
1776887598.6281028,-1.0,0.0,-37.0
1776887598.6381028,-2.0,-3.0,-32.0
1776887598.6481028,2.0,-8.0,-34.0
1776887598.6581028,0.0,-5.0,-37.0
1776887598.6681027,-2.0,-3.0,-38.0
1776887598.6781027,2.0,-2.0,-39.0
1776887598.6881027,-1.0,0.0,-48.0
1776887598.6981027,-4.0,-1.0,-47.0
1776887598.7081027,-3.0,-1.0,-40.0
1776887598.7181027,-3.0,2.0,-39.0
1776887598.7281027,-2.0,0.0,-37.0
1776887598.738103,0.0,2.0,-34.0
1776887598.748103,5.0,0.0,-37.0
1776887598.758103,10.0,-3.0,-32.0
1776887598.7681026,12.0,-6.0,-32.0
1776887598.7781026,13.0,-6.0,-33.0
1776887598.7881026,11.0,-4.0,-28.0
1776887598.7981029,11.0,-3.0,-33.0
1776887598.8081028,8.0,-4.0,-32.0
1776887598.8181028,8.0,-1.0,-31.0
1776887598.8281028,6.0,2.0,-28.0
1776887598.8381028,4.0,5.0,-29.0
1776887598.8481028,2.0,3.0,-28.0
1776887598.8581028,3.0,3.0,-30.0
1776887598.8681028,3.0,2.0,-31.0
1776887598.8781028,3.0,0.0,-37.0
1776887598.8881028,5.0,-2.0,-35.0
1776887598.8981028,4.0,-3.0,-36.0
1776887598.9081028,3.0,-3.0,-41.0
1776887598.9181027,2.0,-3.0,-42.0
1776887598.9281027,2.0,-2.0,-42.0
1776887598.9381027,-1.0,-2.0,-35.0
1776887598.9481027,-2.0,-1.0,-38.0
1776887598.9581027,0.0,-1.0,-44.0
1776887598.9681027,4.0,-3.0,-40.0
1776887598.9781027,4.0,-2.0,-37.0
1776887598.988103,11.0,-3.0,-40.0
1776887598.998103,13.0,-5.0,-38.0
1776887599.008103,9.0,-8.0,-40.0
1776887599.0181026,8.0,-5.0,-45.0
1776887599.0281026,7.0,-7.0,-48.0
1776887599.0381026,2.0,-4.0,-55.0
1776887599.0481029,1.0,-4.0,-59.0
1776887599.0581028,5.0,-6.0,-44.0
1776887599.0681028,8.0,-6.0,-39.0
1776887599.0781028,10.0,-7.0,-41.0
1776887599.0881028,5.0,-8.0,-42.0
1776887599.0981028,1.0,-4.0,-42.0
1776887599.1081028,4.0,-10.0,-41.0
1776887599.1181028,2.0,-9.0,-43.0
1776887599.1281028,2.0,-7.0,-48.0
1776887599.1381028,3.0,-6.0,-49.0
1776887599.1481028,3.0,-6.0,-45.0
1776887599.1581028,9.0,-6.0,-42.0
1776887599.1681027,9.0,-5.0,-42.0
1776887599.1781027,4.0,-5.0,-38.0
1776887599.1881027,2.0,-2.0,-35.0
1776887599.1981027,0.0,0.0,-35.0
1776887599.2081027,1.0,2.0,-30.0
1776887599.2181027,0.0,0.0,-25.0
1776887599.2281027,2.0,-2.0,-28.0
1776887599.238103,3.0,-2.0,-31.0
1776887599.248103,9.0,-5.0,-34.0
1776887599.258103,7.0,-3.0,-36.0
1776887599.2681026,5.0,-4.0,-32.0
1776887599.2781026,5.0,-3.0,-32.0
1776887599.2881026,0.0,-4.0,-37.0
1776887599.2981029,0.0,-3.0,-33.0
1776887599.3081028,0.0,-2.0,-40.0
1776887599.3181028,1.0,-3.0,-49.0
1776887599.3281028,2.0,-3.0,-46.0
1776887599.3381028,2.0,-2.0,-44.0
1776887599.3481028,0.0,3.0,-42.0
1776887599.3581028,0.0,2.0,-39.0
1776887599.3681028,-2.0,1.0,-32.0
1776887599.3781028,-1.0,0.0,-36.0
1776887599.3881028,1.0,-4.0,-37.0
1776887599.3981028,3.0,-1.0,-38.0
1776887599.4081028,6.0,0.0,-32.0
1776887599.4181027,8.0,0.0,-31.0
1776887599.4281027,9.0,0.0,-29.0
1776887599.4381027,10.0,-4.0,-37.0
1776887599.4481027,9.0,-2.0,-37.0
1776887599.4581027,9.0,-4.0,-33.0
1776887599.4681027,8.0,-1.0,-36.0
1776887599.4781027,6.0,0.0,-34.0
1776887599.488103,2.0,0.0,-40.0
1776887599.498103,0.0,0.0,-36.0
1776887599.508103,-4.0,4.0,-29.0
1776887599.5181026,-5.0,-1.0,-26.0
1776887599.5281026,-2.0,0.0,-26.0
1776887599.5381026,-1.0,-5.0,-23.0
1776887599.5481029,-7.0,-4.0,-28.0
1776887599.5581028,-6.0,-5.0,-33.0
1776887599.5681028,-5.0,-4.0,-41.0
1776887599.5781028,-6.0,-5.0,-48.0
1776887599.5881028,-5.0,-6.0,-41.0
1776887599.5981028,-1.0,-5.0,-37.0
1776887599.6081028,5.0,0.0,-36.0
1776887599.6181028,2.0,1.0,-42.0
1776887599.6281028,2.0,2.0,-36.0
1776887599.6381028,2.0,3.0,-33.0
1776887599.6481028,6.0,3.0,-37.0
1776887599.6581028,5.0,1.0,-43.0
1776887599.6681027,3.0,5.0,-45.0
1776887599.6781027,-1.0,0.0,-45.0
1776887599.6881027,-1.0,2.0,-44.0
1776887599.6981027,-1.0,0.0,-35.0
1776887599.7081027,1.0,1.0,-33.0
1776887599.7181027,4.0,0.0,-34.0
1776887599.7281027,1.0,0.0,-34.0
1776887599.738103,1.0,0.0,-26.0
1776887599.748103,2.0,-2.0,-24.0
1776887599.758103,-2.0,-6.0,-27.0
1776887599.7681026,-4.0,-5.0,-22.0
1776887599.7781026,-1.0,-1.0,-21.0
1776887599.7881026,-4.0,2.0,-25.0
1776887599.7981029,-7.0,2.0,-28.0
1776887599.8081028,-6.0,2.0,-31.0
1776887599.8181028,-8.0,1.0,-33.0
1776887599.8281028,-7.0,-2.0,-32.0
1776887599.8381028,-5.0,-2.0,-31.0
1776887599.8481028,0.0,-2.0,-33.0
1776887599.8581028,-1.0,-5.0,-36.0
1776887599.8681028,-1.0,-2.0,-33.0
1776887599.8781028,2.0,2.0,-36.0
1776887599.8881028,4.0,1.0,-33.0
1776887599.8981028,3.0,0.0,-30.0
1776887599.9081028,0.0,-4.0,-36.0
1776887599.9181027,0.0,-7.0,-37.0
1776887599.9281027,1.0,-6.0,-36.0
1776887599.9381027,1.0,-7.0,-33.0
1776887599.9481027,4.0,-9.0,-34.0
1776887599.9581027,4.0,-8.0,-34.0
1776887599.9681027,2.0,-7.0,-31.0
1776887599.9781027,3.0,-12.0,-28.0
1776887599.988103,2.0,-9.0,-31.0
1776887599.998103,0.0,-5.0,-29.0
1776887600.008103,1.0,-2.0,-33.0
1776887600.0181026,1.0,0.0,-30.0
1776887600.0281026,1.0,3.0,-33.0
1776887600.0381026,6.0,2.0,-33.0
1776887600.0481029,2.0,0.0,-32.0
1776887600.0591028,1.0,-4.0,-31.0
1776887600.0691028,1.0,-3.0,-31.0
1776887600.0791028,-1.0,-4.0,-38.0
1776887600.0891027,2.0,-3.0,-40.0
1776887600.0991027,2.0,-1.0,-41.0
1776887600.1091027,-2.0,-1.0,-44.0
1776887600.1191027,-2.0,-2.0,-41.0
1776887600.1291027,-8.0,-2.0,-37.0
1776887600.1391027,-6.0,0.0,-36.0
1776887600.1491027,-3.0,3.0,-38.0
1776887600.159103,-8.0,1.0,-35.0
1776887600.169103,-13.0,1.0,-29.0
1776887600.179103,-12.0,1.0,-23.0
1776887600.1891026,-11.0,0.0,-28.0
1776887600.1991026,-9.0,2.0,-43.0
1776887600.2091026,-5.0,4.0,-42.0
1776887600.2191026,0.0,3.0,-40.0
1776887600.2291028,2.0,3.0,-38.0
1776887600.2391028,5.0,-1.0,-43.0
1776887600.2491028,10.0,-1.0,-48.0
1776887600.2591028,10.0,-1.0,-48.0
1776887600.2691028,3.0,3.0,-48.0
1776887600.2791028,0.0,0.0,-44.0
1776887600.2891028,-5.0,-2.0,-42.0
1776887600.2991028,-9.0,0.0,-40.0
1776887600.3091028,-9.0,0.0,-33.0
1776887600.3191028,-7.0,-5.0,-31.0
1776887600.3291028,-5.0,-4.0,-31.0
1776887600.3391027,-3.0,-8.0,-32.0
1776887600.3491027,0.0,-5.0,-33.0
1776887600.3591027,-2.0,-2.0,-28.0
1776887600.3691027,-1.0,-1.0,-25.0
1776887600.3791027,0.0,2.0,-30.0
1776887600.3891027,0.0,1.0,-31.0
1776887600.3991027,-1.0,0.0,-29.0
1776887600.409103,-2.0,0.0,-33.0
1776887600.419103,-4.0,2.0,-35.0
1776887600.429103,-1.0,4.0,-43.0
1776887600.4391026,-3.0,1.0,-37.0
1776887600.4491026,-6.0,0.0,-36.0
1776887600.4591026,-7.0,0.0,-40.0
1776887600.4691026,-3.0,0.0,-38.0
1776887600.4791028,-2.0,4.0,-35.0
1776887600.4891028,0.0,3.0,-34.0
1776887600.4991028,-3.0,0.0,-30.0
1776887600.5091028,-1.0,0.0,-35.0
1776887600.5191028,1.0,1.0,-34.0
1776887600.5291028,1.0,0.0,-30.0
1776887600.5391028,0.0,-2.0,-32.0
1776887600.5491028,2.0,-2.0,-35.0
1776887600.5591028,0.0,0.0,-30.0
1776887600.5691028,0.0,0.0,-33.0
1776887600.5791028,7.0,6.0,-30.0
1776887600.5891027,5.0,6.0,-30.0
1776887600.5991027,4.0,6.0,-32.0
1776887600.6091027,1.0,7.0,-32.0
1776887600.6191027,1.0,3.0,-31.0
1776887600.6291027,0.0,2.0,-29.0
1776887600.6391027,0.0,1.0,-34.0
1776887600.6491027,-2.0,2.0,-30.0
1776887600.659103,-3.0,2.0,-31.0
1776887600.669103,-4.0,2.0,-36.0
1776887600.679103,-8.0,1.0,-33.0
1776887600.6891026,-8.0,2.0,-36.0
1776887600.6991026,-4.0,2.0,-39.0
1776887600.7091026,0.0,0.0,-44.0
1776887600.7191026,2.0,3.0,-44.0
1776887600.7291028,3.0,0.0,-42.0
1776887600.7391028,0.0,-3.0,-41.0
1776887600.7491028,-1.0,-3.0,-41.0
1776887600.7591028,0.0,-5.0,-39.0
1776887600.7691028,1.0,0.0,-35.0
1776887600.7791028,1.0,-1.0,-38.0
1776887600.7891028,4.0,-2.0,-40.0
1776887600.7991028,7.0,-1.0,-38.0
1776887600.8091028,9.0,-4.0,-37.0
1776887600.8191028,7.0,-2.0,-34.0
1776887600.8291028,6.0,-5.0,-35.0
1776887600.8391027,3.0,-3.0,-38.0
1776887600.8491027,-2.0,1.0,-39.0
1776887600.8591027,-3.0,3.0,-30.0
1776887600.8691027,-6.0,2.0,-31.0
1776887600.8791027,-4.0,4.0,-31.0
1776887600.8891027,-4.0,7.0,-32.0
1776887600.8991027,-1.0,2.0,-33.0
1776887600.909103,0.0,-1.0,-34.0
1776887600.919103,-5.0,0.0,-32.0
1776887600.929103,-1.0,-3.0,-37.0
1776887600.9391026,-4.0,-4.0,-35.0
1776887600.9491026,-8.0,-6.0,-32.0
1776887600.9591026,-7.0,-9.0,-40.0
1776887600.9691026,-2.0,-7.0,-41.0
1776887600.9791028,-5.0,-1.0,-39.0
1776887600.9891028,-5.0,-4.0,-39.0
1776887600.9991028,-4.0,0.0,-39.0
1776887601.0091028,-7.0,-5.0,-41.0
1776887601.0191028,-7.0,-4.0,-45.0
1776887601.0291028,-8.0,-6.0,-50.0
1776887601.0391028,-5.0,-1.0,-42.0
1776887601.0491028,-6.0,1.0,-32.0
1776887601.0591028,-2.0,-2.0,-33.0
1776887601.0691028,1.0,-3.0,-33.0
1776887601.0791028,-1.0,-3.0,-31.0
1776887601.0891027,-2.0,3.0,-36.0
1776887601.0991027,-3.0,-1.0,-41.0
1776887601.1091027,-1.0,-4.0,-43.0
1776887601.1191027,0.0,-2.0,-41.0
1776887601.1291027,1.0,-5.0,-41.0
1776887601.1391027,1.0,-3.0,-39.0
1776887601.1491027,0.0,-5.0,-38.0
1776887601.159103,3.0,-3.0,-36.0
1776887601.169103,0.0,-2.0,-38.0
1776887601.179103,0.0,-1.0,-41.0
1776887601.1891026,0.0,0.0,-43.0
1776887601.1991026,0.0,2.0,-49.0
1776887601.2091026,1.0,3.0,-45.0
1776887601.2191026,-4.0,1.0,-39.0
1776887601.2291028,-6.0,1.0,-32.0
1776887601.2391028,-2.0,-1.0,-37.0
1776887601.2491028,-2.0,0.0,-38.0
1776887601.2591028,0.0,-2.0,-34.0
1776887601.2691028,0.0,-3.0,-31.0
1776887601.2791028,-2.0,0.0,-31.0
1776887601.2891028,-1.0,0.0,-35.0
1776887601.2991028,0.0,-2.0,-34.0
1776887601.3091028,0.0,-5.0,-38.0
1776887601.3191028,0.0,-4.0,-39.0
1776887601.3291028,1.0,-3.0,-36.0
1776887601.3391027,4.0,-2.0,-39.0
1776887601.3491027,4.0,0.0,-42.0
1776887601.3591027,4.0,-5.0,-40.0
1776887601.3691027,8.0,-6.0,-37.0
1776887601.3791027,4.0,-7.0,-39.0
1776887601.3891027,2.0,-6.0,-38.0
1776887601.3991027,2.0,-6.0,-37.0
1776887601.409103,1.0,-8.0,-39.0
1776887601.419103,3.0,-1.0,-44.0
1776887601.429103,0.0,-4.0,-48.0
1776887601.4391026,-2.0,-5.0,-51.0
1776887601.4491026,-2.0,-7.0,-43.0
1776887601.4591026,0.0,-2.0,-38.0
1776887601.4691026,-1.0,-5.0,-38.0
1776887601.4791028,-3.0,-2.0,-27.0
1776887601.4891028,-2.0,0.0,-27.0
1776887601.4991028,0.0,-1.0,-32.0
1776887601.5091028,1.0,-2.0,-37.0
1776887601.5191028,3.0,0.0,-35.0
1776887601.5291028,4.0,-1.0,-38.0
1776887601.5391028,3.0,-5.0,-36.0
1776887601.5491028,0.0,-7.0,-41.0
1776887601.5591028,0.0,-3.0,-36.0
1776887601.5691028,0.0,-2.0,-43.0
1776887601.5791028,-3.0,-2.0,-43.0
1776887601.5891027,-5.0,1.0,-43.0
1776887601.5991027,-5.0,2.0,-48.0
1776887601.6091027,-4.0,3.0,-49.0
1776887601.6191027,-1.0,2.0,-48.0
1776887601.6291027,-3.0,5.0,-41.0
1776887601.6391027,2.0,5.0,-41.0
1776887601.6491027,3.0,1.0,-41.0
1776887601.659103,4.0,-1.0,-34.0
1776887601.669103,6.0,-3.0,-28.0
1776887601.679103,7.0,-5.0,-28.0
1776887601.6891026,6.0,-4.0,-29.0
1776887601.6991026,9.0,-1.0,-40.0
1776887601.7091026,6.0,-2.0,-44.0
1776887601.7191026,4.0,-2.0,-42.0
1776887601.7291028,-2.0,-2.0,-44.0
1776887601.7391028,0.0,0.0,-40.0
1776887601.7491028,3.0,0.0,-40.0
1776887601.7591028,0.0,2.0,-37.0
1776887601.7691028,-2.0,0.0,-35.0
1776887601.7791028,-4.0,0.0,-35.0
1776887601.7891028,-3.0,2.0,-34.0
1776887601.7991028,-4.0,3.0,-33.0
1776887601.8091028,-4.0,2.0,-31.0
1776887601.8191028,-2.0,1.0,-32.0
1776887601.8291028,-5.0,3.0,-40.0
1776887601.8391027,-3.0,1.0,-40.0
1776887601.8491027,-4.0,3.0,-43.0
1776887601.8591027,-3.0,0.0,-39.0
1776887601.8691027,-1.0,-2.0,-38.0
1776887601.8791027,-1.0,0.0,-39.0
1776887601.8891027,0.0,1.0,-39.0
1776887601.8991027,-4.0,0.0,-39.0
1776887601.909103,-2.0,1.0,-36.0
1776887601.919103,0.0,0.0,-36.0
1776887601.929103,-2.0,-3.0,-33.0
1776887601.9391026,-3.0,-4.0,-35.0
1776887601.9491026,-3.0,-5.0,-42.0
1776887601.9591026,-1.0,-3.0,-36.0
1776887601.9691026,-1.0,-2.0,-33.0
1776887601.9791028,-3.0,-1.0,-33.0
1776887601.9891028,-7.0,0.0,-35.0
1776887601.9991028,-2.0,0.0,-37.0
1776887602.0091028,0.0,3.0,-43.0
1776887602.0201027,2.0,4.0,-38.0
1776887602.0301027,1.0,2.0,-37.0
1776887602.0401027,1.0,3.0,-37.0
1776887602.0501027,1.0,2.0,-40.0
1776887602.0601027,0.0,-1.0,-43.0
1776887602.0701027,-1.0,-6.0,-39.0
1776887602.0801027,-1.0,-4.0,-36.0
1776887602.090103,0.0,-6.0,-30.0
1776887602.100103,3.0,2.0,-25.0
1776887602.110103,4.0,2.0,-31.0
1776887602.1201026,2.0,0.0,-34.0
1776887602.1301026,0.0,3.0,-30.0
1776887602.1401026,0.0,3.0,-33.0
1776887602.1501029,0.0,4.0,-35.0
1776887602.1601028,2.0,-3.0,-35.0
1776887602.1701028,5.0,-5.0,-38.0
1776887602.1801028,0.0,-1.0,-39.0
1776887602.1901028,0.0,-1.0,-37.0
1776887602.2001028,0.0,-3.0,-39.0
1776887602.2101028,1.0,0.0,-43.0
1776887602.2201028,3.0,1.0,-41.0
1776887602.2301028,3.0,0.0,-47.0
1776887602.2401028,5.0,1.0,-45.0
1776887602.2501028,4.0,1.0,-41.0
1776887602.2601027,1.0,-3.0,-37.0
1776887602.2701027,2.0,-2.0,-35.0
1776887602.2801027,-1.0,-2.0,-34.0
1776887602.2901027,1.0,-1.0,-37.0
1776887602.3001027,4.0,2.0,-36.0
1776887602.3101027,7.0,-2.0,-43.0
1776887602.3201027,8.0,-6.0,-42.0
1776887602.3301027,9.0,-7.0,-35.0
1776887602.340103,6.0,-3.0,-37.0
1776887602.350103,9.0,-3.0,-42.0
1776887602.360103,5.0,0.0,-51.0
1776887602.3701026,2.0,0.0,-51.0
1776887602.3801026,3.0,-2.0,-51.0
1776887602.3901026,6.0,-5.0,-46.0
1776887602.4001029,4.0,-1.0,-39.0
1776887602.4101028,1.0,1.0,-41.0
1776887602.4201028,2.0,5.0,-38.0
1776887602.4301028,0.0,7.0,-33.0
1776887602.4401028,-6.0,5.0,-32.0
1776887602.4501028,-4.0,9.0,-39.0
1776887602.4601028,0.0,9.0,-40.0
1776887602.4701028,2.0,10.0,-44.0
1776887602.4801028,3.0,6.0,-38.0
1776887602.4901028,1.0,3.0,-35.0
1776887602.5001028,-2.0,1.0,-40.0
1776887602.5101027,-2.0,3.0,-39.0
1776887602.5201027,-1.0,3.0,-34.0
1776887602.5301027,-4.0,0.0,-30.0
1776887602.5401027,-7.0,0.0,-30.0
1776887602.5501027,-7.0,0.0,-32.0
1776887602.5601027,-7.0,0.0,-28.0
1776887602.5701027,-4.0,1.0,-30.0
1776887602.5801027,-4.0,0.0,-28.0
1776887602.590103,-3.0,-1.0,-29.0
1776887602.600103,1.0,-2.0,-25.0
1776887602.610103,-1.0,0.0,-21.0
1776887602.6201026,-4.0,2.0,-15.0
1776887602.6301026,-8.0,0.0,-20.0
1776887602.6401026,-9.0,-4.0,-25.0
1776887602.6501029,-10.0,-6.0,-30.0
1776887602.6601028,-7.0,-4.0,-28.0
1776887602.6701028,-4.0,0.0,-27.0
1776887602.6801028,0.0,0.0,-36.0
1776887602.6901028,-1.0,-2.0,-40.0
1776887602.7001028,0.0,-5.0,-38.0
1776887602.7101028,0.0,-6.0,-30.0
1776887602.7201028,0.0,-4.0,-34.0
1776887602.7301028,-2.0,-2.0,-38.0
1776887602.7401028,0.0,-3.0,-35.0
1776887602.7501028,1.0,-2.0,-38.0
1776887602.7601027,5.0,-2.0,-37.0
1776887602.7701027,4.0,-4.0,-39.0
1776887602.7801027,2.0,-6.0,-38.0
1776887602.7901027,8.0,0.0,-33.0
1776887602.8001027,7.0,5.0,-31.0
1776887602.8101027,1.0,-1.0,-36.0
1776887602.8201027,0.0,-3.0,-35.0
1776887602.8301027,0.0,-7.0,-32.0
1776887602.840103,3.0,-3.0,-34.0
1776887602.850103,3.0,-1.0,-37.0
1776887602.860103,0.0,-3.0,-34.0
1776887602.8701026,-1.0,-3.0,-38.0
1776887602.8801026,0.0,-8.0,-39.0
1776887602.8901026,-3.0,-7.0,-36.0
1776887602.9001029,-7.0,-8.0,-38.0
1776887602.9101028,-9.0,-4.0,-39.0
1776887602.9201028,-4.0,-3.0,-41.0
1776887602.9301028,0.0,0.0,-34.0
1776887602.9401028,1.0,-4.0,-34.0
1776887602.9501028,0.0,-5.0,-36.0
1776887602.9601028,4.0,-1.0,-35.0
1776887602.9701028,6.0,-3.0,-38.0
1776887602.9801028,7.0,-2.0,-42.0
1776887602.9901028,10.0,-7.0,-41.0
1776887603.0001028,6.0,-6.0,-36.0
1776887603.0101027,4.0,-4.0,-33.0
1776887603.0201027,6.0,-1.0,-33.0
1776887603.0301027,1.0,-2.0,-34.0
1776887603.0401027,4.0,-4.0,-28.0
1776887603.0501027,8.0,-2.0,-19.0
1776887603.0601027,7.0,-8.0,-22.0
1776887603.0701027,3.0,-9.0,-28.0
1776887603.0801027,0.0,-10.0,-31.0
1776887603.090103,5.0,-12.0,-31.0
1776887603.100103,4.0,-10.0,-35.0
1776887603.110103,1.0,-6.0,-35.0
1776887603.1201026,0.0,-8.0,-39.0
1776887603.1301026,-1.0,-6.0,-43.0
1776887603.1401026,-2.0,-10.0,-45.0
1776887603.1501029,2.0,-10.0,-41.0
1776887603.1601028,2.0,-7.0,-39.0
1776887603.1701028,1.0,-6.0,-34.0
1776887603.1801028,2.0,-4.0,-32.0
1776887603.1901028,0.0,-2.0,-34.0
1776887603.2001028,0.0,1.0,-34.0
1776887603.2101028,0.0,1.0,-36.0
1776887603.2201028,0.0,1.0,-35.0
1776887603.2301028,0.0,-1.0,-37.0
1776887603.2401028,0.0,0.0,-41.0
1776887603.2501028,2.0,-2.0,-40.0
1776887603.2601027,-1.0,1.0,-41.0
1776887603.2701027,1.0,0.0,-45.0
1776887603.2801027,4.0,0.0,-42.0
1776887603.2901027,2.0,0.0,-43.0
1776887603.3001027,0.0,-1.0,-40.0
1776887603.3101027,1.0,1.0,-40.0
1776887603.3201027,5.0,-1.0,-36.0
1776887603.3301027,5.0,-3.0,-35.0
1776887603.340103,1.0,-4.0,-40.0
1776887603.350103,0.0,-4.0,-39.0
1776887603.360103,1.0,-4.0,-36.0
1776887603.3701026,5.0,-2.0,-40.0
1776887603.3801026,4.0,-5.0,-47.0
1776887603.3901026,2.0,-1.0,-39.0
1776887603.4001029,-1.0,-3.0,-40.0
1776887603.4101028,-5.0,-2.0,-38.0
1776887603.4201028,-5.0,-3.0,-38.0
1776887603.4301028,-1.0,-6.0,-38.0
1776887603.4401028,-3.0,-7.0,-31.0
1776887603.4501028,-6.0,-7.0,-37.0
1776887603.4601028,-6.0,-6.0,-33.0
1776887603.4701028,-1.0,-4.0,-27.0
1776887603.4801028,0.0,-6.0,-24.0
1776887603.4901028,-2.0,-5.0,-29.0
1776887603.5001028,-1.0,-3.0,-30.0
1776887603.5101027,0.0,-7.0,-27.0
1776887603.5201027,1.0,-9.0,-25.0
1776887603.5301027,0.0,-9.0,-27.0
1776887603.5401027,3.0,-3.0,-35.0
1776887603.5501027,5.0,-1.0,-38.0
1776887603.5601027,0.0,1.0,-32.0
1776887603.5701027,0.0,2.0,-34.0
1776887603.5801027,-1.0,0.0,-31.0
1776887603.590103,-4.0,-1.0,-38.0
1776887603.600103,-4.0,-3.0,-35.0
1776887603.610103,-1.0,-4.0,-31.0
1776887603.6201026,-2.0,-3.0,-32.0
1776887603.6301026,-3.0,2.0,-31.0
1776887603.6401026,-1.0,-1.0,-32.0
1776887603.6501029,3.0,0.0,-37.0
1776887603.6601028,5.0,-1.0,-34.0
1776887603.6701028,0.0,0.0,-43.0
1776887603.6801028,0.0,-3.0,-43.0
1776887603.6901028,0.0,-6.0,-37.0
1776887603.7001028,1.0,0.0,-33.0
1776887603.7101028,0.0,2.0,-36.0
1776887603.7201028,1.0,0.0,-38.0
1776887603.7301028,1.0,0.0,-34.0
1776887603.7401028,3.0,0.0,-33.0
1776887603.7501028,7.0,-6.0,-38.0
1776887603.7601027,2.0,-5.0,-37.0
1776887603.7701027,0.0,0.0,-37.0
1776887603.7801027,1.0,0.0,-44.0
1776887603.7901027,-3.0,0.0,-45.0
1776887603.8001027,-9.0,1.0,-40.0
1776887603.8101027,-12.0,0.0,-37.0
1776887603.8201027,-10.0,1.0,-34.0
1776887603.8301027,-6.0,0.0,-28.0
1776887603.840103,-1.0,0.0,-33.0
1776887603.850103,-1.0,2.0,-33.0
1776887603.860103,0.0,2.0,-39.0
1776887603.8701026,3.0,7.0,-42.0
1776887603.8801026,1.0,2.0,-39.0
1776887603.8901026,0.0,5.0,-45.0
1776887603.9001029,2.0,3.0,-35.0
1776887603.9101028,0.0,-1.0,-31.0
1776887603.9201028,-1.0,1.0,-32.0
1776887603.9301028,0.0,0.0,-33.0
1776887603.9401028,0.0,0.0,-32.0
1776887603.9501028,1.0,3.0,-31.0
1776887603.9601028,0.0,3.0,-33.0
1776887603.9701028,-3.0,1.0,-38.0
1776887603.9801028,-4.0,2.0,-43.0
1776887603.9911027,-5.0,2.0,-44.0
1776887604.0001028,0.0,2.0,-38.0
1776887604.011103,-5.0,2.0,-42.0
1776887604.0201027,-3.0,4.0,-45.0
1776887604.031103,-4.0,2.0,-40.0
1776887604.0401027,-2.0,2.0,-34.0
1776887604.0501027,-3.0,3.0,-37.0
1776887604.0611026,-2.0,6.0,-44.0
1776887604.0711029,0.0,6.0,-35.0
1776887604.0811028,-2.0,6.0,-35.0
1776887604.0911028,1.0,4.0,-34.0
1776887604.1011028,1.0,2.0,-34.0
1776887604.1111028,0.0,-2.0,-34.0
1776887604.1211028,-4.0,-5.0,-37.0
1776887604.1311028,-1.0,-6.0,-39.0
1776887604.1411028,3.0,-5.0,-37.0
1776887604.1511028,-1.0,-6.0,-38.0
1776887604.1611028,-1.0,-6.0,-41.0
1776887604.1711028,4.0,-5.0,-41.0
1776887604.1811028,6.0,-3.0,-41.0
1776887604.1911027,6.0,-1.0,-37.0
1776887604.2011027,4.0,3.0,-40.0
1776887604.2111027,5.0,0.0,-49.0
1776887604.2211027,11.0,0.0,-43.0
1776887604.2311027,11.0,-2.0,-41.0
1776887604.2411027,11.0,0.0,-40.0
1776887604.2511027,9.0,0.0,-38.0
1776887604.261103,6.0,-1.0,-38.0
1776887604.271103,8.0,-1.0,-42.0
1776887604.281103,2.0,-3.0,-47.0
1776887604.2911026,0.0,-1.0,-48.0
1776887604.3011026,3.0,-2.0,-47.0
1776887604.3111026,-4.0,-1.0,-42.0
1776887604.3211029,-5.0,-1.0,-35.0
1776887604.3311028,-4.0,0.0,-31.0
1776887604.3411028,1.0,0.0,-31.0
1776887604.3511028,-3.0,-4.0,-29.0
1776887604.3611028,-6.0,-4.0,-23.0
1776887604.3711028,-6.0,-7.0,-25.0
1776887604.3811028,-7.0,-4.0,-33.0
1776887604.3911028,-4.0,0.0,-39.0
1776887604.4011028,0.0,1.0,-41.0
1776887604.4111028,0.0,2.0,-41.0
1776887604.4211028,0.0,3.0,-39.0
1776887604.4311028,-1.0,-1.0,-40.0
1776887604.4411027,-1.0,-2.0,-36.0
1776887604.4511027,-1.0,0.0,-37.0
1776887604.4611027,-2.0,4.0,-39.0
1776887604.4711027,0.0,2.0,-36.0
1776887604.4811027,0.0,2.0,-32.0
1776887604.4911027,0.0,0.0,-32.0
1776887604.5011027,0.0,0.0,-37.0
1776887604.511103,3.0,0.0,-31.0
1776887604.521103,2.0,-4.0,-30.0
1776887604.531103,4.0,-7.0,-31.0
1776887604.5411026,2.0,-6.0,-28.0
1776887604.5511026,5.0,-8.0,-28.0
1776887604.5611026,6.0,-7.0,-28.0
1776887604.5711029,9.0,-5.0,-29.0
1776887604.5811028,5.0,-4.0,-38.0
1776887604.5911028,7.0,-4.0,-43.0
1776887604.6011028,-1.0,-7.0,-36.0
1776887604.6111028,-2.0,-9.0,-34.0
1776887604.6211028,1.0,-6.0,-35.0
1776887604.6311028,5.0,-4.0,-36.0
1776887604.6411028,2.0,-5.0,-37.0
1776887604.6511028,4.0,-1.0,-42.0
1776887604.6611028,3.0,0.0,-43.0
1776887604.6711028,4.0,0.0,-47.0
1776887604.6811028,3.0,0.0,-42.0
1776887604.6911027,3.0,1.0,-39.0
1776887604.7011027,5.0,1.0,-43.0
1776887604.7111027,6.0,2.0,-46.0
1776887604.7211027,5.0,6.0,-49.0
1776887604.7311027,10.0,3.0,-48.0
1776887604.7411027,7.0,4.0,-47.0
1776887604.7511027,1.0,1.0,-42.0
1776887604.761103,4.0,1.0,-44.0
1776887604.771103,3.0,0.0,-41.0
1776887604.781103,1.0,0.0,-38.0
1776887604.7911026,-2.0,-1.0,-39.0
1776887604.8011026,0.0,-3.0,-33.0
1776887604.8111026,3.0,-4.0,-28.0
1776887604.8211029,7.0,0.0,-27.0
1776887604.8311028,8.0,-1.0,-33.0
1776887604.8411028,4.0,-3.0,-27.0
1776887604.8511028,0.0,-3.0,-32.0
1776887604.8611028,-3.0,0.0,-39.0
1776887604.8711028,-7.0,0.0,-31.0
1776887604.8811028,-6.0,1.0,-27.0
1776887604.8911028,-6.0,1.0,-30.0
1776887604.9011028,-5.0,2.0,-31.0
1776887604.9111028,-5.0,4.0,-29.0
1776887604.9211028,0.0,3.0,-28.0
1776887604.9311028,0.0,0.0,-33.0
1776887604.9411027,0.0,1.0,-34.0
1776887604.9511027,1.0,2.0,-37.0
1776887604.9611027,2.0,3.0,-34.0
1776887604.9711027,3.0,3.0,-35.0
1776887604.9811027,4.0,3.0,-29.0
1776887604.9911027,0.0,2.0,-26.0
1776887605.0011027,-1.0,1.0,-27.0
1776887605.011103,-2.0,6.0,-32.0
1776887605.021103,-2.0,7.0,-30.0
1776887605.031103,-2.0,3.0,-26.0
1776887605.0411026,-4.0,1.0,-29.0
1776887605.0511026,0.0,1.0,-34.0
1776887605.0611026,-3.0,3.0,-38.0
1776887605.0711029,-5.0,2.0,-50.0
1776887605.0811028,-2.0,1.0,-48.0
1776887605.0911028,-4.0,-2.0,-52.0
1776887605.1011028,-3.0,-3.0,-53.0
1776887605.1111028,-3.0,0.0,-52.0
1776887605.1211028,-4.0,-4.0,-55.0
1776887605.1311028,-2.0,-6.0,-56.0
1776887605.1411028,-7.0,-4.0,-49.0
1776887605.1511028,-11.0,-2.0,-47.0
1776887605.1611028,-6.0,-1.0,-41.0
1776887605.1711028,-1.0,-4.0,-43.0
1776887605.1811028,6.0,-5.0,-39.0
1776887605.1911027,9.0,-5.0,-32.0
1776887605.2011027,3.0,-4.0,-32.0
1776887605.2111027,3.0,-5.0,-35.0
1776887605.2211027,2.0,-7.0,-34.0
1776887605.2311027,0.0,-5.0,-29.0
1776887605.2411027,0.0,-1.0,-30.0
1776887605.2511027,2.0,0.0,-35.0
1776887605.261103,1.0,0.0,-38.0
1776887605.271103,0.0,4.0,-39.0
1776887605.281103,0.0,2.0,-38.0
1776887605.2911026,0.0,2.0,-38.0
1776887605.3011026,2.0,3.0,-40.0
1776887605.3111026,2.0,1.0,-40.0
1776887605.3211029,3.0,0.0,-35.0
1776887605.3311028,4.0,0.0,-33.0
1776887605.3411028,2.0,5.0,-32.0
1776887605.3511028,2.0,6.0,-35.0
1776887605.3611028,4.0,7.0,-37.0
1776887605.3711028,8.0,1.0,-29.0
1776887605.3811028,7.0,0.0,-26.0
1776887605.3911028,8.0,0.0,-33.0
1776887605.4011028,2.0,0.0,-28.0
1776887605.4111028,2.0,-1.0,-28.0
1776887605.4211028,2.0,-3.0,-26.0
1776887605.4311028,4.0,-2.0,-32.0
1776887605.4411027,8.0,-3.0,-29.0
1776887605.4511027,7.0,-3.0,-34.0
1776887605.4611027,2.0,-6.0,-28.0
1776887605.4711027,1.0,-5.0,-28.0
1776887605.4811027,0.0,-2.0,-28.0
1776887605.4911027,2.0,-1.0,-36.0
1776887605.5011027,2.0,-2.0,-41.0
1776887605.511103,0.0,-2.0,-38.0
1776887605.521103,0.0,-1.0,-38.0
1776887605.531103,0.0,1.0,-38.0
1776887605.5411026,-5.0,6.0,-31.0
1776887605.5511026,-8.0,9.0,-31.0
1776887605.5611026,-15.0,7.0,-30.0
1776887605.5711029,-7.0,7.0,-30.0
1776887605.5811028,-4.0,6.0,-23.0
1776887605.5911028,-4.0,3.0,-23.0
1776887605.6011028,-5.0,2.0,-25.0
1776887605.6111028,-6.0,3.0,-22.0
1776887605.6211028,-4.0,2.0,-23.0
1776887605.6311028,-6.0,1.0,-23.0
1776887605.6411028,-5.0,-4.0,-19.0
1776887605.6511028,-2.0,-5.0,-25.0
1776887605.6611028,-1.0,-4.0,-26.0
1776887605.6711028,0.0,-1.0,-28.0
1776887605.6811028,0.0,0.0,-32.0
1776887605.6911027,-1.0,-2.0,-34.0
1776887605.7011027,0.0,0.0,-33.0
1776887605.7111027,0.0,-4.0,-30.0
1776887605.7211027,1.0,-2.0,-29.0
1776887605.7311027,3.0,0.0,-28.0
1776887605.7411027,5.0,2.0,-25.0
1776887605.7511027,0.0,1.0,-23.0
1776887605.761103,4.0,4.0,-23.0
1776887605.771103,5.0,4.0,-22.0
1776887605.781103,1.0,3.0,-31.0
1776887605.7911026,1.0,2.0,-30.0
1776887605.8011026,3.0,0.0,-32.0
1776887605.8111026,2.0,-3.0,-34.0
1776887605.8211029,1.0,-3.0,-37.0
1776887605.8311028,0.0,-1.0,-34.0
1776887605.8411028,1.0,0.0,-30.0
1776887605.8511028,0.0,-1.0,-40.0
1776887605.8611028,0.0,-4.0,-43.0
1776887605.8711028,2.0,0.0,-38.0
1776887605.8811028,1.0,0.0,-37.0
1776887605.8911028,-2.0,2.0,-38.0
1776887605.9011028,0.0,0.0,-45.0
1776887605.9111028,0.0,0.0,-52.0
1776887605.9211028,1.0,0.0,-48.0
1776887605.9311028,-1.0,0.0,-42.0
1776887605.9411027,-2.0,2.0,-41.0
1776887605.9511027,1.0,5.0,-36.0
1776887605.9611027,0.0,4.0,-34.0
1776887605.9711027,1.0,1.0,-35.0
1776887605.9811027,0.0,2.0,-40.0
1776887605.9911027,1.0,0.0,-39.0
1776887606.0011027,3.0,-2.0,-33.0
1776887606.011103,5.0,1.0,-37.0
1776887606.021103,7.0,-3.0,-33.0
1776887606.031103,5.0,-7.0,-33.0
1776887606.0421028,5.0,-6.0,-39.0
1776887606.0521028,11.0,-4.0,-46.0
1776887606.0621028,12.0,-3.0,-51.0
1776887606.0721028,13.0,2.0,-48.0
1776887606.0821028,13.0,5.0,-42.0
1776887606.0921028,8.0,6.0,-36.0
1776887606.1021028,8.0,9.0,-34.0
1776887606.1121027,11.0,8.0,-35.0
1776887606.1221027,8.0,7.0,-35.0
1776887606.1321027,10.0,6.0,-33.0
1776887606.1421027,7.0,7.0,-34.0
1776887606.1521027,6.0,9.0,-32.0
1776887606.1621027,1.0,3.0,-25.0
1776887606.1721027,3.0,2.0,-29.0
1776887606.182103,4.0,4.0,-38.0
1776887606.192103,7.0,-1.0,-30.0
1776887606.202103,8.0,-1.0,-30.0
1776887606.212103,4.0,-1.0,-30.0
1776887606.2221026,3.0,0.0,-29.0
1776887606.2321026,0.0,1.0,-29.0
1776887606.2421026,0.0,0.0,-30.0
1776887606.2521029,-2.0,1.0,-34.0
1776887606.2621028,2.0,0.0,-31.0
1776887606.2721028,4.0,0.0,-35.0
1776887606.2821028,0.0,0.0,-35.0
1776887606.2921028,0.0,0.0,-37.0
1776887606.3021028,0.0,1.0,-37.0
1776887606.3121028,-3.0,3.0,-40.0
1776887606.3221028,-3.0,3.0,-44.0
1776887606.3321028,-2.0,0.0,-47.0
1776887606.3421028,0.0,0.0,-42.0
1776887606.3521028,0.0,0.0,-41.0
1776887606.3621027,4.0,-1.0,-40.0
1776887606.3721027,1.0,0.0,-34.0
1776887606.3821027,2.0,1.0,-30.0
1776887606.3921027,2.0,0.0,-30.0
1776887606.4021027,6.0,-2.0,-33.0
1776887606.4121027,5.0,-2.0,-41.0
1776887606.4221027,3.0,-4.0,-35.0
1776887606.432103,0.0,-4.0,-31.0
1776887606.442103,-2.0,-4.0,-27.0
1776887606.452103,3.0,-5.0,-23.0
1776887606.462103,2.0,-4.0,-25.0
1776887606.4721026,-3.0,4.0,-22.0
1776887606.4821026,0.0,1.0,-31.0
1776887606.4921026,4.0,2.0,-32.0
1776887606.5021029,6.0,2.0,-29.0
1776887606.5121028,4.0,-1.0,-37.0
1776887606.5221028,0.0,1.0,-37.0
1776887606.5321028,-3.0,3.0,-38.0
1776887606.5421028,-2.0,-2.0,-29.0
1776887606.5521028,2.0,-2.0,-27.0
1776887606.5621028,2.0,-2.0,-21.0
1776887606.5721028,8.0,-1.0,-25.0
1776887606.5821028,9.0,-3.0,-25.0
1776887606.5921028,11.0,0.0,-26.0
1776887606.6021028,8.0,-3.0,-27.0
1776887606.6121027,3.0,-4.0,-32.0
1776887606.6221027,3.0,-1.0,-42.0
1776887606.6321027,5.0,0.0,-43.0
1776887606.6421027,6.0,0.0,-37.0
1776887606.6521027,5.0,0.0,-35.0
1776887606.6621027,4.0,0.0,-36.0
1776887606.6721027,4.0,0.0,-38.0
1776887606.682103,3.0,2.0,-37.0
1776887606.692103,-2.0,6.0,-28.0
1776887606.702103,0.0,0.0,-29.0
1776887606.712103,0.0,-2.0,-35.0
1776887606.7221026,2.0,-1.0,-35.0
1776887606.7321026,2.0,0.0,-35.0
1776887606.7421026,0.0,0.0,-34.0
1776887606.7521029,0.0,2.0,-31.0
1776887606.7621028,4.0,3.0,-30.0
1776887606.7721028,4.0,1.0,-24.0
1776887606.7821028,2.0,6.0,-22.0
1776887606.7921028,0.0,7.0,-28.0
1776887606.8021028,-1.0,4.0,-31.0
1776887606.8121028,-3.0,5.0,-32.0
1776887606.8221028,-5.0,2.0,-36.0
1776887606.8321028,-5.0,1.0,-40.0
1776887606.8421028,-1.0,0.0,-37.0
1776887606.8521028,1.0,1.0,-38.0
1776887606.8621027,3.0,2.0,-37.0
1776887606.8721027,5.0,2.0,-38.0
1776887606.8821027,0.0,2.0,-43.0
1776887606.8921027,-6.0,2.0,-45.0
1776887606.9021027,-8.0,4.0,-43.0
1776887606.9121027,-6.0,3.0,-38.0
1776887606.9221027,-7.0,-1.0,-39.0
1776887606.932103,-6.0,-5.0,-35.0
1776887606.942103,-9.0,-4.0,-34.0
1776887606.952103,-8.0,-4.0,-31.0
1776887606.962103,-4.0,-3.0,-36.0
1776887606.9721026,-2.0,2.0,-37.0
1776887606.9821026,-5.0,6.0,-35.0
1776887606.9921026,0.0,5.0,-32.0
1776887607.0021029,0.0,8.0,-26.0
1776887607.0121028,-2.0,8.0,-24.0
1776887607.0221028,-2.0,5.0,-23.0
1776887607.0321028,-1.0,3.0,-21.0
1776887607.0421028,0.0,3.0,-19.0
1776887607.0521028,-1.0,0.0,-22.0
1776887607.0621028,-6.0,0.0,-25.0
1776887607.0721028,-5.0,-1.0,-27.0
1776887607.0821028,-5.0,0.0,-29.0
1776887607.0921028,0.0,-3.0,-28.0
1776887607.1021028,0.0,-5.0,-33.0
1776887607.1121027,0.0,-5.0,-31.0
1776887607.1221027,-3.0,-7.0,-29.0
1776887607.1321027,-2.0,-10.0,-22.0
1776887607.1421027,-2.0,-7.0,-29.0
1776887607.1521027,-5.0,-6.0,-31.0
1776887607.1621027,-3.0,-3.0,-33.0
1776887607.1721027,-4.0,-3.0,-40.0
1776887607.182103,-1.0,-4.0,-39.0
1776887607.192103,-2.0,-2.0,-33.0
1776887607.202103,2.0,-6.0,-31.0
1776887607.212103,3.0,-4.0,-25.0
1776887607.2221026,3.0,-2.0,-26.0
1776887607.2321026,4.0,-1.0,-24.0
1776887607.2421026,2.0,0.0,-28.0
1776887607.2521029,4.0,-1.0,-29.0
1776887607.2621028,4.0,-2.0,-40.0
1776887607.2721028,2.0,-3.0,-40.0
1776887607.2821028,4.0,-4.0,-44.0
1776887607.2921028,6.0,-4.0,-49.0
1776887607.3021028,2.0,0.0,-48.0
1776887607.3121028,0.0,0.0,-43.0
1776887607.3221028,3.0,-1.0,-40.0
1776887607.3321028,3.0,-1.0,-43.0
1776887607.3421028,5.0,-3.0,-42.0
1776887607.3521028,3.0,-8.0,-45.0
1776887607.363103,0.0,-9.0,-43.0
1776887607.3721027,1.0,-3.0,-37.0
1776887607.3821027,1.0,-2.0,-35.0
1776887607.3921027,1.0,-2.0,-39.0
1776887607.4021027,0.0,-2.0,-39.0
1776887607.4121027,3.0,-1.0,-35.0
1776887607.4221027,4.0,-7.0,-35.0
1776887607.432103,5.0,-6.0,-36.0
1776887607.442103,3.0,-2.0,-45.0
1776887607.452103,1.0,-3.0,-41.0
1776887607.462103,0.0,-3.0,-41.0
1776887607.4721026,-1.0,-2.0,-39.0
1776887607.4821026,0.0,-3.0,-41.0
1776887607.4921026,7.0,-2.0,-40.0
1776887607.5021029,13.0,0.0,-42.0
1776887607.5121028,14.0,-4.0,-43.0
1776887607.5221028,14.0,-3.0,-39.0
1776887607.5321028,14.0,-3.0,-41.0
1776887607.5421028,11.0,-3.0,-41.0
1776887607.5521028,8.0,-3.0,-39.0
1776887607.5621028,1.0,3.0,-39.0
1776887607.5721028,4.0,2.0,-39.0
1776887607.5821028,5.0,2.0,-34.0
1776887607.5921028,2.0,0.0,-28.0
1776887607.6021028,0.0,0.0,-31.0
1776887607.6121027,1.0,0.0,-27.0
1776887607.6221027,0.0,0.0,-28.0
1776887607.6321027,0.0,-1.0,-29.0
1776887607.6421027,4.0,-3.0,-28.0
1776887607.6521027,4.0,1.0,-29.0
1776887607.6621027,5.0,3.0,-34.0
1776887607.6721027,3.0,1.0,-36.0
1776887607.682103,3.0,0.0,-39.0
1776887607.692103,0.0,-2.0,-40.0
1776887607.702103,1.0,-4.0,-50.0
1776887607.712103,-1.0,-4.0,-48.0
1776887607.7221026,0.0,-6.0,-45.0
1776887607.7321026,5.0,-4.0,-49.0
1776887607.7421026,2.0,-2.0,-44.0
1776887607.7521029,0.0,2.0,-40.0
1776887607.7621028,3.0,3.0,-42.0
1776887607.7721028,1.0,0.0,-44.0
1776887607.7821028,0.0,1.0,-39.0
1776887607.7921028,0.0,0.0,-34.0
1776887607.8021028,2.0,-1.0,-34.0
1776887607.8121028,2.0,-1.0,-32.0
1776887607.8221028,1.0,1.0,-31.0
1776887607.8321028,2.0,2.0,-31.0
1776887607.8421028,3.0,2.0,-28.0
1776887607.8521028,1.0,2.0,-24.0
1776887607.8621027,2.0,0.0,-22.0
1776887607.8721027,3.0,1.0,-28.0
1776887607.8821027,0.0,2.0,-33.0
1776887607.8921027,0.0,0.0,-30.0
1776887607.9021027,-1.0,-4.0,-37.0
1776887607.9121027,0.0,-3.0,-30.0
1776887607.9221027,1.0,-2.0,-30.0
1776887607.932103,0.0,-3.0,-33.0
1776887607.942103,6.0,0.0,-28.0
1776887607.952103,11.0,4.0,-29.0
1776887607.962103,3.0,4.0,-38.0
1776887607.9721026,-3.0,2.0,-44.0
1776887607.9821026,-1.0,2.0,-38.0
1776887607.9921026,-1.0,1.0,-33.0
1776887608.0021029,1.0,0.0,-44.0
1776887608.0121028,3.0,3.0,-45.0
1776887608.0221028,2.0,4.0,-45.0
1776887608.0321028,-2.0,3.0,-48.0
1776887608.0431027,0.0,3.0,-45.0
1776887608.0531027,0.0,1.0,-41.0
1776887608.0631027,-2.0,-2.0,-37.0
1776887608.0731027,-1.0,0.0,-37.0
1776887608.0831027,1.0,3.0,-45.0
1776887608.0931027,3.0,1.0,-42.0
1776887608.1031027,8.0,1.0,-37.0
1776887608.113103,8.0,-1.0,-34.0
1776887608.123103,5.0,0.0,-40.0
1776887608.133103,6.0,0.0,-45.0
1776887608.1431026,7.0,-2.0,-45.0
1776887608.1531026,5.0,-4.0,-36.0
1776887608.1631026,0.0,-4.0,-28.0
1776887608.1731029,-1.0,0.0,-24.0
1776887608.1831028,0.0,0.0,-27.0
1776887608.1931028,0.0,-2.0,-25.0
1776887608.2031028,0.0,-2.0,-24.0
1776887608.2131028,1.0,0.0,-20.0
1776887608.2231028,0.0,0.0,-25.0
1776887608.2331028,3.0,-1.0,-23.0
1776887608.2431028,0.0,0.0,-27.0
1776887608.2531028,3.0,-4.0,-34.0
1776887608.2631028,4.0,-3.0,-39.0
1776887608.2731028,0.0,-4.0,-38.0
1776887608.2831028,-2.0,-6.0,-35.0
1776887608.2931027,-4.0,-1.0,-38.0
1776887608.3031027,-8.0,-4.0,-44.0
1776887608.3131027,-4.0,-2.0,-44.0
1776887608.3231027,-4.0,-2.0,-35.0
1776887608.3331027,-7.0,-1.0,-33.0
1776887608.3431027,-7.0,-1.0,-31.0
1776887608.3531027,-4.0,-2.0,-30.0
1776887608.363103,-2.0,-1.0,-31.0
1776887608.373103,0.0,-3.0,-30.0
1776887608.383103,0.0,-5.0,-29.0
1776887608.3931026,-2.0,-6.0,-32.0
1776887608.4031026,0.0,-9.0,-30.0
1776887608.4131026,-1.0,-7.0,-28.0
1776887608.4231029,0.0,-7.0,-31.0
1776887608.4331028,1.0,-3.0,-30.0
1776887608.4431028,3.0,-4.0,-31.0
1776887608.4531028,4.0,-2.0,-27.0
1776887608.4631028,0.0,-4.0,-34.0
1776887608.4731028,-4.0,-2.0,-43.0
1776887608.4831028,-5.0,-1.0,-42.0
1776887608.4931028,-4.0,-1.0,-35.0
1776887608.5031028,-1.0,0.0,-35.0
1776887608.5131028,-1.0,1.0,-39.0
1776887608.5231028,0.0,3.0,-36.0
1776887608.5331028,4.0,1.0,-35.0
1776887608.5431027,3.0,1.0,-31.0
1776887608.5531027,3.0,0.0,-40.0
1776887608.5631027,3.0,0.0,-39.0
1776887608.5731027,3.0,0.0,-39.0
1776887608.5831027,9.0,-2.0,-34.0
1776887608.5931027,4.0,-1.0,-33.0
1776887608.6031027,4.0,0.0,-33.0
1776887608.613103,2.0,-7.0,-42.0
1776887608.623103,8.0,-6.0,-40.0
1776887608.633103,7.0,-4.0,-38.0
1776887608.6431026,5.0,-1.0,-36.0
1776887608.6531026,2.0,-2.0,-41.0
1776887608.6631026,-4.0,-3.0,-38.0
1776887608.6731029,-1.0,-2.0,-47.0
1776887608.6831028,0.0,-4.0,-44.0
1776887608.6931028,0.0,-2.0,-51.0
1776887608.7031028,1.0,-4.0,-49.0
1776887608.7131028,1.0,-3.0,-44.0
1776887608.7231028,3.0,0.0,-44.0
1776887608.7331028,7.0,2.0,-43.0
1776887608.7431028,3.0,6.0,-47.0
1776887608.7531028,2.0,5.0,-42.0
1776887608.7631028,0.0,4.0,-48.0
1776887608.7731028,3.0,4.0,-45.0
1776887608.7831028,3.0,2.0,-46.0
1776887608.7931027,2.0,4.0,-45.0
1776887608.8031027,0.0,1.0,-43.0
1776887608.8131027,5.0,0.0,-39.0
1776887608.8231027,2.0,2.0,-37.0
1776887608.8331027,0.0,-3.0,-37.0
1776887608.8431027,1.0,-4.0,-31.0
1776887608.8531027,2.0,-2.0,-33.0
1776887608.863103,-1.0,1.0,-36.0
1776887608.873103,-2.0,1.0,-38.0
1776887608.883103,-3.0,-2.0,-37.0
1776887608.8931026,0.0,-3.0,-30.0
1776887608.9031026,-1.0,-4.0,-31.0
1776887608.9131026,0.0,-1.0,-31.0
1776887608.9231029,-2.0,0.0,-31.0
1776887608.9331028,-1.0,0.0,-31.0
1776887608.9431028,0.0,-2.0,-34.0
1776887608.9531028,4.0,-1.0,-38.0
1776887608.9631028,0.0,-3.0,-39.0
1776887608.9731028,0.0,-4.0,-34.0
1776887608.9831028,1.0,-7.0,-37.0
1776887608.9931028,3.0,-5.0,-36.0
1776887609.0031028,7.0,-4.0,-39.0
1776887609.0131028,7.0,-5.0,-40.0
1776887609.0231028,6.0,-7.0,-39.0
1776887609.0331028,3.0,-4.0,-44.0
1776887609.0431027,4.0,-4.0,-44.0
1776887609.0531027,4.0,-5.0,-41.0
1776887609.0631027,8.0,-3.0,-42.0
1776887609.0731027,5.0,-1.0,-38.0
1776887609.0831027,2.0,-3.0,-40.0
1776887609.0931027,3.0,-3.0,-43.0
1776887609.1031027,4.0,-2.0,-42.0
1776887609.113103,8.0,-2.0,-39.0
1776887609.123103,11.0,-1.0,-39.0
1776887609.133103,7.0,-2.0,-43.0
1776887609.1431026,6.0,-4.0,-43.0
1776887609.1531026,8.0,-6.0,-36.0
1776887609.1631026,8.0,-5.0,-41.0
1776887609.1731029,4.0,2.0,-44.0
1776887609.1831028,-1.0,0.0,-32.0
1776887609.1931028,-8.0,-2.0,-35.0
1776887609.2031028,-10.0,0.0,-35.0
1776887609.2131028,-11.0,1.0,-39.0
1776887609.2231028,-11.0,3.0,-37.0
1776887609.2331028,-10.0,9.0,-38.0
1776887609.2431028,-7.0,5.0,-41.0
1776887609.2531028,-2.0,3.0,-39.0
1776887609.2631028,2.0,5.0,-39.0
1776887609.2731028,3.0,1.0,-45.0
1776887609.2831028,2.0,0.0,-47.0
1776887609.2931027,6.0,0.0,-39.0
1776887609.3031027,4.0,3.0,-39.0
1776887609.3131027,1.0,3.0,-39.0
1776887609.3231027,0.0,0.0,-38.0
1776887609.3331027,-1.0,-1.0,-39.0
1776887609.3431027,-1.0,-3.0,-38.0
1776887609.3531027,-4.0,0.0,-37.0
1776887609.363103,-6.0,-1.0,-32.0
1776887609.373103,-3.0,-2.0,-28.0
1776887609.383103,-4.0,2.0,-27.0
1776887609.3931026,-2.0,3.0,-33.0
1776887609.4031026,2.0,3.0,-35.0
1776887609.4131026,3.0,1.0,-42.0
1776887609.4231029,6.0,1.0,-43.0
1776887609.4331028,3.0,1.0,-46.0
1776887609.4431028,3.0,0.0,-52.0
1776887609.4531028,5.0,3.0,-53.0
1776887609.4631028,8.0,2.0,-51.0
1776887609.4731028,11.0,-2.0,-50.0
1776887609.4831028,7.0,-1.0,-44.0
1776887609.4931028,-2.0,-3.0,-43.0
1776887609.5031028,-4.0,0.0,-47.0
1776887609.5131028,-5.0,1.0,-43.0
1776887609.5231028,-6.0,1.0,-41.0
1776887609.5331028,-10.0,4.0,-35.0
1776887609.5431027,-10.0,4.0,-36.0
1776887609.5531027,-10.0,-1.0,-36.0
1776887609.5631027,-1.0,-3.0,-35.0
1776887609.5731027,1.0,-4.0,-32.0
1776887609.5831027,5.0,-5.0,-33.0
1776887609.5931027,0.0,0.0,-32.0
1776887609.6031027,-1.0,0.0,-38.0
1776887609.613103,0.0,-2.0,-37.0
1776887609.623103,0.0,-1.0,-33.0
1776887609.633103,0.0,0.0,-30.0
1776887609.6431026,-3.0,-1.0,-32.0
1776887609.6531026,1.0,3.0,-34.0
1776887609.6631026,-1.0,0.0,-35.0
1776887609.6731029,-4.0,-2.0,-38.0
1776887609.6831028,-3.0,-4.0,-34.0
1776887609.6931028,-3.0,-5.0,-35.0
1776887609.7031028,-4.0,-2.0,-42.0
1776887609.7131028,-6.0,-1.0,-45.0
1776887609.7231028,-6.0,-2.0,-42.0
1776887609.7331028,-2.0,-7.0,-37.0
1776887609.7431028,0.0,-6.0,-37.0
1776887609.7531028,0.0,-5.0,-39.0
1776887609.7631028,1.0,-3.0,-40.0
1776887609.7731028,1.0,1.0,-44.0
1776887609.7831028,0.0,1.0,-38.0
1776887609.7931027,-4.0,2.0,-40.0
1776887609.8031027,-2.0,-3.0,-48.0
1776887609.8131027,2.0,-3.0,-43.0
1776887609.8231027,6.0,-4.0,-40.0
1776887609.8331027,3.0,-4.0,-38.0
1776887609.8431027,5.0,-3.0,-37.0
1776887609.8531027,1.0,-1.0,-36.0
1776887609.863103,-1.0,0.0,-37.0
1776887609.873103,0.0,-4.0,-40.0
1776887609.883103,-3.0,-4.0,-31.0
1776887609.8931026,0.0,-6.0,-29.0
1776887609.9031026,1.0,-2.0,-28.0
1776887609.9131026,0.0,-1.0,-31.0
1776887609.9231029,3.0,-6.0,-29.0
1776887609.9331028,3.0,0.0,-26.0
1776887609.9431028,3.0,-3.0,-29.0
1776887609.9531028,4.0,-6.0,-29.0
1776887609.9631028,1.0,-11.0,-33.0
1776887609.9731028,5.0,-12.0,-40.0
1776887609.9831028,6.0,-8.0,-42.0
1776887609.9931028,7.0,-5.0,-47.0
1776887610.0031028,7.0,-3.0,-45.0
1776887610.0131028,3.0,-5.0,-38.0
1776887610.0231028,4.0,-1.0,-41.0
1776887610.034103,1.0,-1.0,-42.0
1776887610.0431027,3.0,0.0,-41.0
1776887610.054103,10.0,3.0,-44.0
1776887610.0641026,8.0,0.0,-40.0
1776887610.0741026,11.0,1.0,-35.0
1776887610.0841026,12.0,0.0,-37.0
1776887610.0941026,9.0,-1.0,-35.0
1776887610.1041028,5.0,-2.0,-27.0
1776887610.1141028,5.0,-3.0,-21.0
1776887610.1241028,9.0,-3.0,-29.0
1776887610.1341028,6.0,-5.0,-30.0
1776887610.1441028,5.0,-4.0,-37.0
1776887610.1541028,2.0,-1.0,-42.0
1776887610.1641028,0.0,-2.0,-46.0
1776887610.1741028,0.0,-1.0,-40.0
1776887610.1841028,-2.0,-5.0,-35.0
1776887610.1941028,-1.0,-3.0,-37.0
1776887610.2041028,-2.0,-1.0,-41.0
1776887610.2141027,-3.0,-3.0,-42.0
1776887610.2241027,0.0,0.0,-42.0
1776887610.2341027,5.0,0.0,-36.0
1776887610.2441027,3.0,1.0,-36.0
1776887610.2541027,1.0,-2.0,-41.0
1776887610.2641027,0.0,-1.0,-46.0
1776887610.2741027,0.0,1.0,-48.0
1776887610.284103,0.0,0.0,-44.0
1776887610.294103,-2.0,-2.0,-37.0
1776887610.304103,-2.0,-4.0,-31.0
1776887610.3141026,-5.0,-5.0,-42.0
1776887610.3241026,-1.0,-7.0,-45.0
1776887610.3341026,-3.0,-5.0,-43.0
1776887610.3441026,0.0,-4.0,-46.0
1776887610.3541028,2.0,-6.0,-41.0
1776887610.3641028,4.0,-8.0,-39.0
1776887610.3741028,0.0,-3.0,-46.0
1776887610.3841028,-1.0,0.0,-41.0
1776887610.3941028,3.0,2.0,-39.0
1776887610.4041028,2.0,5.0,-38.0
1776887610.4141028,6.0,7.0,-47.0
1776887610.4241028,4.0,0.0,-52.0
1776887610.4341028,7.0,1.0,-49.0
1776887610.4441028,5.0,4.0,-47.0
1776887610.4541028,5.0,1.0,-42.0
1776887610.4641027,4.0,-2.0,-42.0
1776887610.4741027,1.0,-1.0,-37.0
1776887610.4841027,0.0,-1.0,-33.0
1776887610.4941027,3.0,-3.0,-35.0
1776887610.5041027,3.0,-2.0,-37.0
1776887610.5141027,2.0,-4.0,-36.0
1776887610.5241027,1.0,-5.0,-40.0
1776887610.534103,2.0,-7.0,-48.0
1776887610.544103,4.0,-4.0,-43.0
1776887610.554103,3.0,-3.0,-40.0
1776887610.5641026,2.0,-4.0,-42.0
1776887610.5741026,3.0,0.0,-41.0
1776887610.5841026,4.0,0.0,-38.0
1776887610.5941026,3.0,-7.0,-38.0
1776887610.6041028,8.0,-2.0,-46.0
1776887610.6141028,3.0,-1.0,-39.0
1776887610.6241028,-3.0,0.0,-35.0
1776887610.6341028,-4.0,1.0,-40.0
1776887610.6441028,-4.0,1.0,-38.0
1776887610.6541028,-4.0,3.0,-31.0
1776887610.6641028,-7.0,2.0,-27.0
1776887610.6741028,-4.0,1.0,-26.0
1776887610.6841028,0.0,1.0,-24.0
1776887610.6941028,3.0,4.0,-25.0
1776887610.7041028,9.0,2.0,-23.0
1776887610.7141027,9.0,0.0,-23.0
1776887610.7241027,8.0,2.0,-25.0
1776887610.7341027,7.0,5.0,-31.0
1776887610.7441027,7.0,2.0,-33.0
1776887610.7541027,4.0,0.0,-36.0
1776887610.7641027,1.0,3.0,-37.0
1776887610.7741027,0.0,-1.0,-32.0
1776887610.784103,-1.0,0.0,-37.0
1776887610.794103,0.0,-4.0,-37.0
1776887610.804103,-7.0,-3.0,-32.0
1776887610.8141026,-4.0,-4.0,-29.0
1776887610.8241026,-1.0,-4.0,-29.0
1776887610.8341026,-3.0,-3.0,-33.0
1776887610.8441026,-2.0,0.0,-24.0
1776887610.8541028,1.0,0.0,-31.0
1776887610.8641028,0.0,5.0,-30.0
1776887610.8741028,0.0,5.0,-32.0
1776887610.8841028,0.0,2.0,-31.0
1776887610.8941028,2.0,5.0,-37.0
1776887610.9041028,1.0,6.0,-33.0
1776887610.9141028,2.0,4.0,-26.0
1776887610.9241028,3.0,1.0,-29.0
1776887610.9341028,0.0,-4.0,-31.0
1776887610.9441028,4.0,-5.0,-31.0
1776887610.9541028,7.0,-8.0,-29.0
1776887610.9641027,4.0,-8.0,-32.0
1776887610.9741027,3.0,-5.0,-33.0
1776887610.9841027,1.0,-3.0,-34.0
1776887610.9941027,3.0,-4.0,-35.0
1776887611.0041027,0.0,0.0,-31.0
1776887611.0141027,1.0,0.0,-36.0
1776887611.0241027,1.0,-7.0,-38.0
1776887611.034103,3.0,-10.0,-41.0
1776887611.044103,1.0,-5.0,-37.0
1776887611.054103,0.0,-4.0,-34.0
1776887611.0641026,1.0,-6.0,-42.0
1776887611.0741026,5.0,-5.0,-42.0
1776887611.0841026,8.0,-3.0,-44.0
1776887611.0941026,4.0,-4.0,-46.0
1776887611.1041028,2.0,-2.0,-44.0
1776887611.1141028,0.0,-2.0,-50.0
1776887611.1241028,1.0,-3.0,-46.0
1776887611.1341028,0.0,-2.0,-37.0
1776887611.1441028,0.0,-5.0,-36.0
1776887611.1541028,4.0,-6.0,-39.0
1776887611.1641028,7.0,-6.0,-39.0
1776887611.1741028,9.0,-5.0,-36.0
1776887611.1841028,7.0,-5.0,-40.0
1776887611.1941028,6.0,-4.0,-37.0
1776887611.2041028,2.0,-3.0,-30.0
1776887611.2141027,0.0,-3.0,-32.0
1776887611.2241027,4.0,-5.0,-42.0
1776887611.2341027,1.0,-5.0,-46.0
1776887611.2441027,0.0,-3.0,-42.0
1776887611.2541027,-1.0,-5.0,-36.0
1776887611.2641027,-4.0,-2.0,-34.0
1776887611.2741027,-2.0,-2.0,-34.0
1776887611.284103,-3.0,-7.0,-37.0
1776887611.294103,0.0,-7.0,-40.0
1776887611.304103,1.0,-7.0,-38.0
1776887611.3141026,-1.0,-8.0,-31.0
1776887611.3241026,0.0,-6.0,-36.0
1776887611.3341026,0.0,-11.0,-38.0
1776887611.3441026,0.0,-9.0,-38.0
1776887611.3541028,2.0,-9.0,-40.0
1776887611.3641028,3.0,-3.0,-39.0
1776887611.3741028,4.0,-6.0,-40.0
1776887611.3841028,3.0,-4.0,-38.0
1776887611.3941028,3.0,-1.0,-38.0
1776887611.4041028,3.0,-2.0,-42.0
1776887611.4141028,4.0,-1.0,-44.0
1776887611.4241028,4.0,-2.0,-42.0
1776887611.4341028,2.0,-3.0,-44.0
1776887611.4441028,3.0,0.0,-43.0
1776887611.4541028,4.0,-1.0,-41.0
1776887611.4641027,4.0,-2.0,-38.0
1776887611.4741027,2.0,-1.0,-38.0
1776887611.4841027,0.0,-1.0,-43.0
1776887611.4941027,-2.0,-3.0,-44.0
1776887611.5041027,0.0,-7.0,-38.0
1776887611.5141027,-1.0,-9.0,-37.0
1776887611.5241027,-2.0,-9.0,-38.0
1776887611.534103,2.0,-9.0,-36.0
1776887611.544103,0.0,-11.0,-32.0
1776887611.554103,1.0,-7.0,-31.0
1776887611.5641026,1.0,-6.0,-31.0
1776887611.5741026,1.0,-7.0,-30.0
1776887611.5841026,0.0,-7.0,-32.0
1776887611.5941026,2.0,-7.0,-39.0
1776887611.6041028,5.0,-4.0,-41.0
1776887611.6141028,4.0,-2.0,-40.0
1776887611.6241028,2.0,0.0,-38.0
1776887611.6341028,3.0,0.0,-37.0
1776887611.6441028,1.0,-1.0,-40.0
1776887611.6541028,2.0,0.0,-43.0
1776887611.6641028,-2.0,-4.0,-39.0
1776887611.6741028,-5.0,-5.0,-35.0
1776887611.6841028,-8.0,-2.0,-32.0
1776887611.6941028,-7.0,0.0,-33.0
1776887611.7041028,-7.0,-2.0,-37.0
1776887611.7141027,-9.0,-1.0,-36.0
1776887611.7241027,-9.0,-2.0,-39.0
1776887611.7341027,-5.0,-2.0,-43.0
1776887611.7441027,-7.0,-3.0,-37.0
1776887611.7541027,-5.0,-5.0,-40.0
1776887611.7641027,-3.0,-5.0,-40.0
1776887611.7741027,-3.0,-2.0,-33.0
1776887611.784103,-6.0,-4.0,-33.0
1776887611.794103,4.0,-4.0,-37.0
1776887611.804103,2.0,-5.0,-34.0
1776887611.8141026,0.0,-4.0,-31.0
1776887611.8241026,0.0,0.0,-33.0
1776887611.8341026,3.0,1.0,-32.0
1776887611.8441026,5.0,0.0,-33.0
1776887611.8541028,3.0,-2.0,-33.0
1776887611.8641028,1.0,-4.0,-34.0
1776887611.8741028,1.0,0.0,-39.0
1776887611.8841028,-2.0,0.0,-41.0
1776887611.8941028,0.0,-5.0,-44.0
1776887611.9041028,2.0,-3.0,-43.0
1776887611.9141028,4.0,-2.0,-42.0
1776887611.9241028,5.0,0.0,-47.0
1776887611.9341028,7.0,2.0,-45.0
1776887611.9441028,10.0,0.0,-42.0
1776887611.9541028,7.0,0.0,-45.0
1776887611.9641027,8.0,0.0,-46.0
1776887611.9741027,7.0,1.0,-44.0
1776887611.9841027,6.0,-1.0,-41.0
1776887611.9941027,5.0,-4.0,-38.0
1776887612.0041027,3.0,-7.0,-45.0
1776887612.0151026,5.0,-2.0,-43.0
1776887612.0241027,5.0,-6.0,-42.0
1776887612.034103,2.0,-7.0,-38.0
1776887612.0451028,5.0,-5.0,-42.0
1776887612.0551028,4.0,-5.0,-45.0
1776887612.0651028,-1.0,-3.0,-49.0
1776887612.0751028,0.0,-1.0,-45.0
1776887612.0851028,4.0,0.0,-39.0
1776887612.0951028,5.0,0.0,-35.0
1776887612.1051028,4.0,1.0,-32.0
1776887612.1151028,0.0,0.0,-32.0
1776887612.1251028,0.0,-1.0,-33.0
1776887612.1351027,-3.0,-2.0,-33.0
1776887612.1451027,0.0,1.0,-37.0
1776887612.1551027,-2.0,-1.0,-38.0
1776887612.1651027,-3.0,-2.0,-37.0
1776887612.1761026,-1.0,0.0,-35.0
1776887612.1851027,-1.0,-2.0,-35.0
1776887612.1951027,0.0,-5.0,-38.0
1776887612.2051027,0.0,-7.0,-40.0
1776887612.215103,0.0,-3.0,-42.0
1776887612.225103,0.0,0.0,-40.0
1776887612.235103,0.0,-4.0,-46.0
1776887612.2451026,-2.0,-9.0,-39.0
1776887612.2551026,0.0,-11.0,-42.0
1776887612.2651026,5.0,-13.0,-43.0
1776887612.2751029,3.0,-13.0,-46.0
1776887612.2851028,4.0,-9.0,-43.0
1776887612.2951028,3.0,-11.0,-40.0
1776887612.3051028,2.0,-10.0,-39.0
1776887612.3151028,2.0,-4.0,-43.0
1776887612.3251028,1.0,-4.0,-39.0
1776887612.3351028,-1.0,1.0,-34.0
1776887612.3451028,-2.0,0.0,-34.0
1776887612.3551028,-1.0,1.0,-38.0
1776887612.3651028,4.0,1.0,-32.0
1776887612.3751028,1.0,2.0,-36.0
1776887612.3851027,0.0,2.0,-37.0
1776887612.3951027,1.0,0.0,-39.0
1776887612.4051027,-1.0,3.0,-41.0
1776887612.4151027,-3.0,-2.0,-43.0
1776887612.4251027,-4.0,-5.0,-48.0
1776887612.4351027,-5.0,-3.0,-51.0
1776887612.4451027,-3.0,-3.0,-48.0
1776887612.4551027,-7.0,-3.0,-42.0
1776887612.465103,-4.0,-6.0,-38.0
1776887612.475103,0.0,-6.0,-32.0
1776887612.485103,-1.0,-7.0,-33.0
1776887612.4951026,-6.0,-3.0,-32.0
1776887612.5051026,-9.0,-1.0,-36.0
1776887612.5151026,-10.0,-5.0,-34.0
1776887612.5251029,-5.0,-5.0,-33.0
1776887612.5351028,1.0,-5.0,-31.0
1776887612.5451028,4.0,-5.0,-34.0
1776887612.5551028,2.0,-3.0,-36.0
1776887612.5651028,0.0,-4.0,-31.0
1776887612.5751028,0.0,-3.0,-27.0
1776887612.5851028,2.0,-2.0,-31.0
1776887612.5951028,1.0,2.0,-31.0
1776887612.6051028,3.0,1.0,-27.0
1776887612.6151028,0.0,5.0,-28.0
1776887612.6251028,1.0,1.0,-28.0
1776887612.6351027,7.0,1.0,-28.0
1776887612.6451027,4.0,4.0,-36.0
1776887612.6551027,10.0,2.0,-34.0
1776887612.6651027,14.0,-1.0,-33.0
1776887612.6751027,11.0,-4.0,-40.0
1776887612.6851027,10.0,-2.0,-38.0
1776887612.6951027,7.0,0.0,-37.0
1776887612.7051027,8.0,0.0,-39.0
1776887612.715103,6.0,0.0,-47.0
1776887612.725103,10.0,1.0,-46.0
1776887612.735103,13.0,-1.0,-40.0
1776887612.7451026,9.0,0.0,-41.0
1776887612.7551026,9.0,4.0,-39.0
1776887612.7651026,4.0,7.0,-41.0
1776887612.7751029,5.0,4.0,-45.0
1776887612.7851028,8.0,0.0,-42.0
1776887612.7951028,7.0,1.0,-48.0
1776887612.8051028,5.0,-1.0,-49.0
1776887612.8151028,5.0,1.0,-45.0
1776887612.8251028,5.0,1.0,-40.0
1776887612.8351028,8.0,-7.0,-44.0
1776887612.8451028,9.0,-11.0,-36.0
1776887612.8551028,3.0,-9.0,-33.0
1776887612.8651028,0.0,-11.0,-33.0
1776887612.8751028,0.0,-13.0,-29.0
1776887612.8851027,4.0,-8.0,-28.0
1776887612.8951027,2.0,-5.0,-32.0
1776887612.9051027,-1.0,-2.0,-33.0
1776887612.9151027,2.0,0.0,-34.0
1776887612.9251027,0.0,-3.0,-34.0
1776887612.9351027,0.0,0.0,-38.0
1776887612.9451027,-3.0,-1.0,-40.0
1776887612.9551027,-6.0,-1.0,-42.0
1776887612.965103,-7.0,0.0,-45.0
1776887612.975103,-8.0,-2.0,-40.0
1776887612.985103,-7.0,0.0,-42.0
1776887612.9951026,-7.0,-5.0,-42.0
1776887613.0051026,-5.0,-8.0,-45.0
1776887613.0151026,-7.0,-6.0,-44.0
1776887613.0251029,-3.0,0.0,-40.0
1776887613.0351028,-2.0,-3.0,-41.0
1776887613.0451028,-6.0,-3.0,-43.0
1776887613.0551028,-2.0,-4.0,-40.0
1776887613.0651028,-2.0,-5.0,-32.0
1776887613.0751028,0.0,-1.0,-32.0
1776887613.0851028,0.0,2.0,-33.0
1776887613.0951028,2.0,2.0,-41.0
1776887613.1051028,3.0,-1.0,-40.0
1776887613.1151028,3.0,-4.0,-45.0
1776887613.1251028,4.0,-6.0,-40.0
1776887613.1351027,2.0,-7.0,-37.0
1776887613.1451027,-1.0,0.0,-39.0
1776887613.1551027,-1.0,2.0,-31.0
1776887613.1651027,-2.0,2.0,-25.0
1776887613.1751027,-3.0,0.0,-25.0
1776887613.1851027,-4.0,4.0,-22.0
1776887613.1951027,-2.0,0.0,-26.0
1776887613.2051027,-3.0,-5.0,-27.0
1776887613.215103,-2.0,-7.0,-24.0
1776887613.225103,1.0,-4.0,-28.0
1776887613.235103,-1.0,-3.0,-34.0
1776887613.2451026,2.0,-2.0,-36.0
1776887613.2551026,6.0,-3.0,-40.0
1776887613.2651026,8.0,-3.0,-40.0
1776887613.2751029,5.0,-6.0,-41.0
1776887613.2851028,7.0,-5.0,-45.0
1776887613.2951028,7.0,-3.0,-35.0
1776887613.3051028,5.0,-6.0,-30.0
1776887613.3151028,0.0,-7.0,-23.0
1776887613.3251028,-2.0,-5.0,-23.0
1776887613.3351028,0.0,-6.0,-18.0
1776887613.3451028,6.0,-1.0,-22.0
1776887613.3551028,9.0,2.0,-23.0
1776887613.3651028,9.0,0.0,-20.0
1776887613.3751028,7.0,-1.0,-28.0
1776887613.3851027,7.0,-4.0,-37.0
1776887613.3951027,2.0,-4.0,-36.0
1776887613.4051027,0.0,-5.0,-34.0
1776887613.4151027,-1.0,-1.0,-32.0
1776887613.4251027,-3.0,3.0,-30.0
1776887613.4351027,-7.0,3.0,-26.0
1776887613.4451027,-4.0,0.0,-27.0
1776887613.4551027,-2.0,0.0,-25.0
1776887613.465103,-4.0,0.0,-33.0
1776887613.475103,-6.0,-1.0,-36.0
1776887613.485103,0.0,-1.0,-33.0
1776887613.4951026,-1.0,1.0,-30.0
1776887613.5051026,0.0,0.0,-26.0
1776887613.5151026,-4.0,0.0,-29.0
1776887613.5251029,-6.0,-1.0,-30.0
1776887613.5351028,-6.0,-2.0,-26.0
1776887613.5451028,-4.0,-2.0,-30.0
1776887613.5551028,0.0,-2.0,-37.0
1776887613.5651028,0.0,0.0,-34.0
1776887613.5751028,0.0,2.0,-35.0
1776887613.5851028,3.0,0.0,-26.0
1776887613.5951028,-1.0,-3.0,-30.0
1776887613.6051028,-2.0,-5.0,-33.0
1776887613.6151028,2.0,-4.0,-30.0
1776887613.6251028,0.0,-4.0,-38.0
1776887613.6351027,2.0,-4.0,-38.0
1776887613.6451027,1.0,-3.0,-35.0
1776887613.6551027,2.0,0.0,-38.0
1776887613.6651027,0.0,-2.0,-32.0
1776887613.6751027,-6.0,0.0,-24.0
1776887613.6851027,-2.0,1.0,-18.0
1776887613.6951027,-1.0,7.0,-20.0
1776887613.7051027,3.0,5.0,-25.0
1776887613.715103,6.0,5.0,-23.0
1776887613.725103,5.0,5.0,-28.0
1776887613.735103,3.0,4.0,-26.0
1776887613.7451026,0.0,4.0,-25.0
1776887613.7551026,-3.0,0.0,-33.0
1776887613.7651026,-2.0,4.0,-36.0
1776887613.7751029,-2.0,0.0,-41.0
1776887613.7851028,-2.0,0.0,-39.0
1776887613.7951028,0.0,0.0,-39.0
1776887613.8051028,0.0,2.0,-38.0
1776887613.8151028,0.0,2.0,-34.0
1776887613.8251028,0.0,0.0,-30.0
1776887613.8351028,4.0,2.0,-28.0
1776887613.8451028,0.0,2.0,-26.0
1776887613.8551028,4.0,5.0,-29.0
1776887613.8651028,5.0,2.0,-30.0
1776887613.8751028,5.0,-1.0,-31.0
1776887613.8851027,3.0,-1.0,-36.0
1776887613.8951027,0.0,-3.0,-37.0
1776887613.9051027,1.0,-7.0,-40.0
1776887613.9151027,-1.0,-7.0,-38.0
1776887613.9251027,1.0,-2.0,-42.0
1776887613.9351027,2.0,1.0,-41.0
1776887613.9451027,4.0,1.0,-42.0
1776887613.9551027,10.0,3.0,-37.0
1776887613.965103,9.0,1.0,-36.0
1776887613.975103,8.0,1.0,-42.0
1776887613.985103,1.0,-1.0,-40.0
1776887613.9951026,0.0,-3.0,-42.0
1776887614.0051026,-1.0,-5.0,-39.0
1776887614.0151026,0.0,3.0,-41.0
1776887614.0251029,-1.0,0.0,-46.0
1776887614.0361028,1.0,0.0,-48.0
1776887614.0461028,3.0,1.0,-43.0
1776887614.0561028,1.0,-3.0,-42.0
1776887614.0661027,-3.0,-3.0,-43.0
1776887614.0761027,-5.0,-4.0,-39.0
1776887614.0861027,-1.0,-2.0,-35.0
1776887614.0961027,-2.0,-4.0,-28.0
1776887614.1061027,-3.0,-7.0,-27.0
1776887614.1161027,-3.0,-10.0,-28.0
1776887614.1261027,-4.0,-9.0,-32.0
1776887614.136103,-6.0,-8.0,-30.0
1776887614.146103,-2.0,-7.0,-30.0
1776887614.156103,-2.0,-3.0,-34.0
1776887614.1661026,-4.0,0.0,-39.0
1776887614.1761026,-7.0,1.0,-42.0
1776887614.1861026,-7.0,2.0,-40.0
1776887614.1961029,-4.0,-1.0,-46.0
1776887614.2061028,0.0,-1.0,-42.0
1776887614.2161028,-3.0,-2.0,-39.0
1776887614.2261028,0.0,0.0,-39.0
1776887614.2361028,-8.0,0.0,-43.0
1776887614.2461028,-7.0,1.0,-53.0
1776887614.2561028,-6.0,1.0,-51.0
1776887614.2661028,-3.0,2.0,-45.0
1776887614.2761028,-3.0,0.0,-43.0
1776887614.2861028,1.0,2.0,-42.0
1776887614.2961028,1.0,-2.0,-49.0
1776887614.3061028,0.0,-3.0,-47.0
1776887614.3161027,0.0,-10.0,-48.0
1776887614.3261027,0.0,-10.0,-39.0
1776887614.3361027,-3.0,-7.0,-44.0
1776887614.3461027,-2.0,-7.0,-48.0
1776887614.3561027,-2.0,-8.0,-43.0
1776887614.3661027,-2.0,-4.0,-40.0
1776887614.3761027,-2.0,-5.0,-40.0
1776887614.386103,-2.0,-4.0,-37.0
1776887614.396103,-6.0,0.0,-35.0
1776887614.406103,-5.0,3.0,-30.0
1776887614.4161026,2.0,6.0,-31.0
1776887614.4261026,4.0,1.0,-31.0
1776887614.4361026,-1.0,-3.0,-32.0
1776887614.4461029,1.0,-1.0,-39.0
1776887614.4561028,0.0,-1.0,-38.0
1776887614.4661028,-2.0,0.0,-35.0
1776887614.4761028,0.0,2.0,-31.0
1776887614.4861028,3.0,0.0,-32.0
1776887614.4961028,2.0,-2.0,-32.0
1776887614.5061028,6.0,-2.0,-30.0
1776887614.5161028,4.0,-4.0,-36.0
1776887614.5261028,3.0,-7.0,-35.0
1776887614.5361028,2.0,-6.0,-31.0
1776887614.5461028,4.0,0.0,-37.0
1776887614.5561028,6.0,-1.0,-34.0
1776887614.5661027,5.0,0.0,-39.0
1776887614.5761027,8.0,4.0,-34.0
1776887614.5861027,6.0,6.0,-35.0
1776887614.5961027,6.0,7.0,-35.0
1776887614.6061027,4.0,8.0,-39.0
1776887614.6161027,1.0,5.0,-48.0
1776887614.6261027,5.0,2.0,-46.0
1776887614.636103,6.0,-3.0,-40.0
1776887614.646103,5.0,0.0,-33.0
1776887614.656103,4.0,-4.0,-29.0
1776887614.6661026,7.0,-3.0,-31.0
1776887614.6761026,6.0,0.0,-29.0
1776887614.6861026,5.0,1.0,-31.0
1776887614.6961029,5.0,0.0,-38.0
1776887614.7061028,4.0,-1.0,-35.0
1776887614.7161028,4.0,0.0,-35.0
1776887614.7261028,0.0,0.0,-37.0
1776887614.7361028,-1.0,-2.0,-36.0
1776887614.7461028,1.0,0.0,-35.0
1776887614.7561028,1.0,0.0,-28.0
1776887614.7661028,-1.0,1.0,-36.0
1776887614.7761028,-1.0,-1.0,-36.0
1776887614.7861028,-5.0,-1.0,-37.0
1776887614.7961028,-6.0,-1.0,-36.0
1776887614.8061028,-8.0,-2.0,-32.0
1776887614.8161027,-8.0,3.0,-27.0
1776887614.8261027,-9.0,2.0,-29.0
1776887614.8361027,-6.0,1.0,-24.0
1776887614.8461027,-4.0,-2.0,-23.0
1776887614.8561027,-4.0,-1.0,-22.0
1776887614.8661027,-3.0,0.0,-32.0
1776887614.8761027,-3.0,-3.0,-37.0
1776887614.886103,-2.0,-3.0,-38.0
1776887614.896103,1.0,-3.0,-30.0
1776887614.906103,3.0,-3.0,-28.0
1776887614.9161026,6.0,-2.0,-33.0
1776887614.9261026,7.0,-3.0,-27.0
1776887614.9361026,7.0,-4.0,-31.0
1776887614.9461029,4.0,-4.0,-27.0
1776887614.9561028,2.0,-2.0,-34.0
1776887614.9661028,0.0,3.0,-36.0
1776887614.9761028,0.0,3.0,-40.0
1776887614.9861028,0.0,3.0,-35.0
1776887614.9961028,1.0,1.0,-30.0
1776887615.0061028,3.0,0.0,-34.0
1776887615.0161028,1.0,-3.0,-32.0
1776887615.0261028,4.0,-2.0,-30.0
1776887615.0361028,5.0,3.0,-25.0
1776887615.0461028,6.0,0.0,-25.0
1776887615.0561028,0.0,0.0,-33.0
1776887615.0661027,0.0,0.0,-41.0
1776887615.0761027,0.0,-2.0,-42.0
1776887615.0861027,0.0,-3.0,-46.0
1776887615.0961027,0.0,-4.0,-42.0
1776887615.1061027,3.0,-2.0,-41.0
1776887615.1161027,3.0,0.0,-50.0
1776887615.1261027,0.0,0.0,-52.0
1776887615.136103,0.0,-2.0,-48.0
1776887615.146103,-1.0,-3.0,-39.0
1776887615.156103,0.0,-5.0,-43.0
1776887615.1661026,0.0,-5.0,-40.0
1776887615.1761026,-3.0,1.0,-41.0
1776887615.1861026,-1.0,3.0,-39.0
1776887615.1961029,0.0,3.0,-41.0
1776887615.2061028,3.0,6.0,-45.0
1776887615.2161028,3.0,1.0,-38.0
1776887615.2261028,5.0,0.0,-35.0
1776887615.2361028,5.0,3.0,-31.0
1776887615.2461028,4.0,3.0,-33.0
1776887615.2561028,2.0,-3.0,-36.0
1776887615.2661028,-2.0,-3.0,-38.0
1776887615.2761028,-4.0,-3.0,-39.0
1776887615.2861028,-2.0,1.0,-42.0
1776887615.2961028,-1.0,2.0,-41.0
1776887615.3061028,1.0,-1.0,-41.0
1776887615.3161027,2.0,-3.0,-44.0
1776887615.3261027,0.0,0.0,-38.0
1776887615.3361027,0.0,-2.0,-32.0
1776887615.3461027,1.0,0.0,-37.0
1776887615.3561027,5.0,-2.0,-30.0
1776887615.3661027,6.0,0.0,-31.0
1776887615.3761027,5.0,0.0,-37.0
1776887615.386103,0.0,0.0,-43.0
1776887615.396103,1.0,0.0,-40.0
1776887615.406103,1.0,-3.0,-38.0
1776887615.4161026,-2.0,-4.0,-43.0
1776887615.4261026,-2.0,-1.0,-37.0
1776887615.4361026,0.0,-1.0,-43.0
1776887615.4461029,-2.0,0.0,-41.0
1776887615.4561028,0.0,-2.0,-34.0
1776887615.4661028,5.0,-3.0,-34.0
1776887615.4761028,2.0,0.0,-32.0
1776887615.4861028,3.0,0.0,-36.0
1776887615.4961028,0.0,2.0,-30.0
1776887615.5061028,3.0,2.0,-30.0
1776887615.5161028,7.0,6.0,-30.0
1776887615.5261028,5.0,3.0,-35.0
1776887615.5361028,6.0,0.0,-33.0
1776887615.5461028,3.0,0.0,-39.0
1776887615.5561028,-1.0,4.0,-40.0
1776887615.5661027,-3.0,0.0,-40.0
1776887615.5761027,2.0,-3.0,-36.0
1776887615.5861027,5.0,-2.0,-29.0
1776887615.5961027,2.0,-2.0,-32.0
1776887615.6061027,2.0,-1.0,-26.0
1776887615.6161027,1.0,0.0,-30.0
1776887615.6261027,2.0,0.0,-33.0
1776887615.636103,3.0,-1.0,-34.0
1776887615.646103,1.0,-5.0,-28.0
1776887615.656103,0.0,-4.0,-29.0
1776887615.6661026,-1.0,-1.0,-31.0
1776887615.6761026,0.0,1.0,-33.0
1776887615.6861026,0.0,1.0,-35.0
1776887615.6961029,0.0,0.0,-36.0
1776887615.7061028,0.0,-1.0,-41.0
1776887615.7161028,4.0,0.0,-52.0
1776887615.7261028,9.0,-1.0,-54.0
1776887615.7361028,11.0,-4.0,-49.0
1776887615.7461028,13.0,-2.0,-45.0
1776887615.7561028,8.0,-1.0,-52.0
1776887615.7661028,7.0,-4.0,-48.0
1776887615.7761028,7.0,1.0,-42.0
1776887615.7861028,5.0,0.0,-46.0
1776887615.7961028,3.0,4.0,-49.0
1776887615.8061028,2.0,2.0,-55.0
1776887615.8161027,1.0,2.0,-52.0
1776887615.8261027,-2.0,2.0,-53.0
1776887615.8361027,-1.0,0.0,-46.0
1776887615.8461027,3.0,0.0,-43.0
1776887615.8561027,1.0,0.0,-38.0
1776887615.8661027,1.0,-2.0,-37.0
1776887615.8761027,3.0,-3.0,-38.0
1776887615.886103,7.0,-6.0,-42.0
1776887615.896103,7.0,-2.0,-43.0
1776887615.906103,3.0,0.0,-40.0
1776887615.9161026,3.0,3.0,-36.0
1776887615.9261026,1.0,0.0,-38.0
1776887615.9361026,1.0,1.0,-39.0
1776887615.9461029,2.0,2.0,-39.0
1776887615.9561028,4.0,-1.0,-49.0
1776887615.9661028,3.0,-6.0,-54.0
1776887615.9761028,1.0,-8.0,-52.0
1776887615.9861028,-1.0,-10.0,-49.0
1776887615.9961028,4.0,-10.0,-47.0
1776887616.0061028,5.0,-6.0,-47.0
1776887616.0161028,8.0,0.0,-36.0
1776887616.0261028,9.0,0.0,-34.0
1776887616.0371027,5.0,-3.0,-35.0
1776887616.0461028,3.0,-1.0,-38.0
1776887616.057103,6.0,-3.0,-37.0
1776887616.067103,2.0,-2.0,-35.0
1776887616.077103,0.0,-5.0,-36.0
1776887616.087103,2.0,-7.0,-33.0
1776887616.0971026,-3.0,-8.0,-31.0
1776887616.1071026,-1.0,-6.0,-26.0
1776887616.1171026,0.0,-3.0,-26.0
1776887616.1271029,1.0,-2.0,-29.0
1776887616.1371028,1.0,3.0,-29.0
1776887616.1471028,2.0,6.0,-33.0
1776887616.1571028,0.0,6.0,-45.0
1776887616.1671028,-4.0,2.0,-48.0
1776887616.1771028,-2.0,4.0,-48.0
1776887616.1871028,-4.0,2.0,-45.0
1776887616.1971028,-4.0,0.0,-47.0
1776887616.2071028,-5.0,0.0,-47.0
1776887616.2171028,1.0,-1.0,-43.0
1776887616.2271028,5.0,2.0,-45.0
1776887616.2371027,4.0,2.0,-38.0
1776887616.2471027,3.0,2.0,-37.0
1776887616.2571027,4.0,0.0,-44.0
1776887616.2671027,5.0,0.0,-46.0
1776887616.2771027,3.0,-1.0,-42.0
1776887616.2871027,1.0,-2.0,-38.0
1776887616.2971027,-1.0,-2.0,-41.0
1776887616.307103,0.0,-4.0,-39.0
1776887616.317103,2.0,-4.0,-35.0
1776887616.327103,0.0,-5.0,-39.0
1776887616.337103,-1.0,-3.0,-37.0
1776887616.3471026,-1.0,-7.0,-41.0
1776887616.3571026,-3.0,-9.0,-35.0
1776887616.3671026,-3.0,-9.0,-32.0
1776887616.3771029,-4.0,-10.0,-38.0
1776887616.3871028,-2.0,-7.0,-37.0
1776887616.3971028,0.0,-9.0,-37.0
1776887616.4071028,0.0,-9.0,-37.0
1776887616.4171028,3.0,-11.0,-36.0
1776887616.4271028,6.0,-9.0,-37.0
1776887616.4371028,3.0,-9.0,-36.0
1776887616.4471028,-1.0,-8.0,-39.0
1776887616.4571028,0.0,-6.0,-39.0
1776887616.4671028,0.0,-1.0,-36.0
1776887616.4771028,5.0,0.0,-41.0
1776887616.4871027,6.0,0.0,-41.0
1776887616.4971027,2.0,-1.0,-46.0
1776887616.5071027,0.0,0.0,-45.0
1776887616.5171027,-1.0,-4.0,-35.0
1776887616.5271027,-2.0,0.0,-37.0
1776887616.5371027,-1.0,-2.0,-37.0
1776887616.5471027,-2.0,-5.0,-37.0
1776887616.557103,-2.0,-2.0,-41.0
1776887616.567103,0.0,2.0,-43.0
1776887616.577103,2.0,1.0,-43.0
1776887616.587103,6.0,0.0,-45.0
1776887616.5971026,7.0,0.0,-45.0
1776887616.6071026,9.0,1.0,-41.0
1776887616.6171026,0.0,-3.0,-41.0
1776887616.6271029,2.0,-6.0,-42.0
1776887616.6371028,4.0,-8.0,-39.0
1776887616.6471028,3.0,-10.0,-41.0
1776887616.6571028,2.0,-9.0,-44.0
1776887616.6671028,0.0,-7.0,-43.0
1776887616.6771028,1.0,-5.0,-38.0
1776887616.6871028,-2.0,-3.0,-38.0
1776887616.6971028,0.0,1.0,-42.0
1776887616.7071028,6.0,1.0,-40.0
1776887616.7171028,7.0,3.0,-38.0
1776887616.7271028,6.0,2.0,-39.0
1776887616.7371027,5.0,1.0,-37.0
1776887616.7471027,5.0,3.0,-38.0
1776887616.7571027,0.0,0.0,-37.0
1776887616.7671027,3.0,1.0,-35.0
1776887616.7771027,3.0,1.0,-30.0
1776887616.7871027,3.0,-2.0,-29.0
1776887616.7971027,2.0,-1.0,-38.0
1776887616.807103,3.0,-2.0,-35.0
1776887616.817103,6.0,1.0,-35.0
1776887616.827103,2.0,0.0,-33.0
1776887616.837103,2.0,-3.0,-34.0
1776887616.8471026,1.0,-1.0,-35.0
1776887616.8571026,0.0,-1.0,-43.0
1776887616.8671026,3.0,-1.0,-43.0
1776887616.8771029,1.0,-2.0,-41.0
1776887616.8871028,2.0,0.0,-40.0
1776887616.8971028,0.0,0.0,-44.0
1776887616.9071028,-2.0,2.0,-42.0
1776887616.9171028,0.0,3.0,-45.0
1776887616.9271028,3.0,0.0,-48.0
1776887616.9371028,0.0,-4.0,-52.0
1776887616.9471028,0.0,0.0,-47.0
1776887616.9571028,1.0,5.0,-42.0
1776887616.9671028,1.0,6.0,-41.0
1776887616.9771028,-2.0,1.0,-37.0
1776887616.9871027,-2.0,2.0,-33.0
1776887616.9971027,-1.0,0.0,-31.0
1776887617.0071027,3.0,-3.0,-38.0
1776887617.0171027,6.0,0.0,-37.0
1776887617.0271027,5.0,0.0,-32.0
1776887617.0371027,3.0,-1.0,-28.0
1776887617.0471027,2.0,-3.0,-35.0
1776887617.057103,0.0,-3.0,-36.0
1776887617.067103,-6.0,-1.0,-41.0
1776887617.077103,-5.0,-5.0,-40.0
1776887617.087103,1.0,-1.0,-39.0
1776887617.0971026,2.0,0.0,-39.0
1776887617.1071026,0.0,-1.0,-42.0
1776887617.1171026,1.0,-3.0,-40.0
1776887617.1271029,0.0,-6.0,-39.0
1776887617.1371028,0.0,-2.0,-38.0
1776887617.1471028,-3.0,-3.0,-42.0
1776887617.1571028,-3.0,-4.0,-40.0
1776887617.1671028,1.0,-6.0,-44.0
1776887617.1771028,3.0,-6.0,-45.0
1776887617.1871028,1.0,-8.0,-41.0
1776887617.1971028,0.0,-8.0,-40.0
1776887617.2071028,2.0,-5.0,-35.0
1776887617.2171028,0.0,-3.0,-32.0
1776887617.2271028,5.0,-2.0,-24.0
1776887617.2371027,2.0,-3.0,-26.0
1776887617.2471027,2.0,-1.0,-29.0
1776887617.2571027,-2.0,0.0,-29.0
1776887617.2671027,-4.0,2.0,-27.0
1776887617.2771027,0.0,5.0,-34.0
1776887617.2871027,1.0,6.0,-34.0
1776887617.2971027,1.0,7.0,-35.0
1776887617.307103,1.0,8.0,-33.0
1776887617.317103,-3.0,7.0,-35.0
1776887617.327103,-1.0,2.0,-33.0
1776887617.337103,3.0,0.0,-36.0
1776887617.3471026,2.0,-4.0,-35.0
1776887617.3571026,3.0,-2.0,-35.0
1776887617.3671026,5.0,-1.0,-33.0
1776887617.3771029,5.0,0.0,-35.0
1776887617.3871028,5.0,1.0,-32.0
1776887617.3971028,8.0,-1.0,-37.0
1776887617.4071028,0.0,-4.0,-40.0
1776887617.4171028,1.0,-3.0,-38.0
1776887617.4271028,0.0,1.0,-38.0
1776887617.4371028,0.0,-1.0,-35.0
1776887617.4471028,2.0,-1.0,-42.0
1776887617.4571028,3.0,-3.0,-46.0
1776887617.4671028,7.0,-7.0,-44.0
1776887617.4771028,2.0,-5.0,-43.0
1776887617.4871027,0.0,-3.0,-49.0
1776887617.4971027,0.0,0.0,-47.0
1776887617.5071027,1.0,0.0,-44.0
1776887617.5171027,2.0,-1.0,-40.0
1776887617.5271027,3.0,1.0,-35.0
1776887617.5371027,1.0,3.0,-40.0
1776887617.5471027,-1.0,2.0,-39.0
1776887617.557103,-2.0,1.0,-41.0
1776887617.567103,-3.0,3.0,-39.0
1776887617.577103,-2.0,0.0,-35.0
1776887617.587103,-3.0,-4.0,-38.0
1776887617.5971026,-6.0,-5.0,-41.0
1776887617.6071026,-5.0,0.0,-40.0
1776887617.6171026,0.0,0.0,-37.0
1776887617.6271029,0.0,1.0,-46.0
1776887617.6371028,3.0,3.0,-42.0
1776887617.6471028,7.0,3.0,-44.0
1776887617.6571028,10.0,-1.0,-47.0
1776887617.6671028,7.0,2.0,-43.0
1776887617.6771028,4.0,4.0,-46.0
1776887617.6871028,3.0,-1.0,-43.0
1776887617.6971028,5.0,0.0,-36.0
1776887617.7071028,9.0,-2.0,-40.0
1776887617.7171028,11.0,-4.0,-39.0
1776887617.7271028,9.0,1.0,-32.0
1776887617.7371027,10.0,2.0,-34.0
1776887617.7471027,8.0,0.0,-38.0
1776887617.7571027,7.0,-2.0,-37.0
1776887617.7671027,5.0,0.0,-32.0
1776887617.7771027,2.0,-1.0,-32.0
1776887617.7871027,4.0,-2.0,-31.0
1776887617.7971027,7.0,-5.0,-33.0
1776887617.807103,6.0,-3.0,-35.0
1776887617.817103,2.0,-4.0,-34.0
1776887617.827103,1.0,-1.0,-33.0
1776887617.837103,1.0,2.0,-35.0
1776887617.8471026,-1.0,2.0,-36.0
1776887617.8571026,-3.0,-3.0,-39.0
1776887617.8671026,-9.0,-6.0,-28.0
1776887617.8771029,-6.0,-7.0,-30.0
1776887617.8871028,-4.0,-4.0,-33.0
1776887617.8971028,-4.0,-6.0,-36.0
1776887617.9071028,0.0,-6.0,-37.0
1776887617.9171028,-4.0,-8.0,-40.0
1776887617.9271028,-1.0,-9.0,-46.0
1776887617.9371028,-1.0,-8.0,-37.0
1776887617.9471028,0.0,-4.0,-37.0
1776887617.9571028,0.0,-6.0,-38.0
1776887617.9671028,-2.0,-5.0,-45.0
1776887617.9771028,-3.0,-7.0,-45.0
1776887617.9871027,0.0,-8.0,-44.0
1776887617.9971027,-2.0,-6.0,-50.0
1776887618.0071027,-1.0,-7.0,-50.0
1776887618.0171027,0.0,-6.0,-44.0
1776887618.0271027,1.0,-3.0,-37.0
1776887618.0371027,4.0,-4.0,-34.0
1776887618.0481029,4.0,-4.0,-35.0
1776887618.0581028,7.0,-6.0,-34.0
1776887618.0681028,9.0,-8.0,-42.0
1776887618.0781028,9.0,-10.0,-37.0
1776887618.0881028,6.0,-9.0,-33.0
1776887618.0981028,9.0,-6.0,-27.0
1776887618.1081028,5.0,-10.0,-20.0
1776887618.1181028,2.0,-13.0,-23.0
1776887618.1281028,0.0,-6.0,-26.0
1776887618.1381028,1.0,-1.0,-30.0
1776887618.1481028,5.0,-4.0,-31.0
1776887618.1581028,2.0,-1.0,-30.0
1776887618.1681027,0.0,0.0,-34.0
1776887618.1781027,0.0,4.0,-36.0
1776887618.1881027,0.0,6.0,-26.0
1776887618.1981027,2.0,6.0,-24.0
1776887618.2081027,0.0,5.0,-26.0
1776887618.2181027,0.0,4.0,-32.0
1776887618.2281027,-1.0,0.0,-37.0
1776887618.238103,-1.0,-1.0,-43.0
1776887618.248103,-4.0,0.0,-40.0
1776887618.258103,-1.0,0.0,-44.0
1776887618.2681026,-4.0,-1.0,-41.0
1776887618.2781026,-6.0,0.0,-34.0
1776887618.2881026,-9.0,2.0,-39.0
1776887618.2981029,-4.0,-2.0,-43.0
1776887618.3081028,0.0,-1.0,-39.0
1776887618.3181028,0.0,3.0,-39.0
1776887618.3281028,0.0,5.0,-39.0
1776887618.3381028,1.0,6.0,-44.0
1776887618.3481028,0.0,4.0,-43.0
1776887618.3581028,2.0,3.0,-37.0
1776887618.3681028,6.0,0.0,-36.0
1776887618.3781028,4.0,4.0,-38.0
1776887618.3881028,3.0,3.0,-31.0
1776887618.3981028,4.0,3.0,-34.0
1776887618.4081028,3.0,2.0,-41.0
1776887618.4181027,2.0,-2.0,-44.0
1776887618.4281027,3.0,-4.0,-45.0
1776887618.4381027,5.0,-5.0,-37.0
1776887618.4481027,1.0,-3.0,-38.0
1776887618.4581027,0.0,-1.0,-41.0
1776887618.4681027,-1.0,0.0,-43.0
1776887618.4781027,-2.0,-5.0,-41.0
1776887618.488103,-2.0,-6.0,-42.0
1776887618.498103,-2.0,-4.0,-48.0
1776887618.508103,0.0,-4.0,-48.0
1776887618.5181026,4.0,-4.0,-45.0
1776887618.5281026,5.0,0.0,-45.0
1776887618.5381026,1.0,-4.0,-47.0
1776887618.5481029,0.0,-2.0,-43.0
1776887618.5581028,1.0,-6.0,-34.0
1776887618.5681028,6.0,-3.0,-30.0
1776887618.5781028,7.0,0.0,-32.0
1776887618.5881028,7.0,-2.0,-31.0
1776887618.5981028,8.0,0.0,-29.0
1776887618.6081028,9.0,0.0,-23.0
1776887618.6181028,4.0,0.0,-24.0
1776887618.6281028,5.0,2.0,-28.0
1776887618.6381028,4.0,-1.0,-23.0
1776887618.6481028,1.0,-2.0,-27.0
1776887618.6581028,-1.0,1.0,-21.0
1776887618.6681027,-3.0,5.0,-22.0
1776887618.6781027,-4.0,3.0,-24.0
1776887618.6881027,-2.0,1.0,-29.0
1776887618.6981027,-2.0,0.0,-36.0
1776887618.7081027,2.0,2.0,-40.0
1776887618.7181027,5.0,4.0,-44.0
1776887618.7281027,7.0,3.0,-35.0
1776887618.738103,6.0,0.0,-34.0
1776887618.748103,4.0,-2.0,-40.0
1776887618.758103,6.0,-2.0,-36.0
1776887618.7681026,6.0,-4.0,-36.0
1776887618.7781026,6.0,-7.0,-36.0
1776887618.7881026,3.0,-10.0,-30.0
1776887618.7981029,2.0,-10.0,-30.0
1776887618.8081028,0.0,-5.0,-27.0
1776887618.8181028,3.0,-3.0,-33.0
1776887618.8281028,5.0,-1.0,-33.0
1776887618.8381028,8.0,-4.0,-35.0
1776887618.8481028,6.0,-2.0,-40.0
1776887618.8581028,2.0,-7.0,-42.0
1776887618.8681028,-1.0,-7.0,-37.0
1776887618.8781028,-1.0,-6.0,-37.0
1776887618.8881028,0.0,-4.0,-35.0
1776887618.8981028,-2.0,-3.0,-30.0
1776887618.9081028,0.0,-1.0,-31.0
1776887618.9181027,4.0,0.0,-33.0
1776887618.9281027,6.0,-2.0,-41.0
1776887618.9381027,6.0,-1.0,-45.0
1776887618.9481027,11.0,-1.0,-45.0
1776887618.9581027,3.0,4.0,-44.0
1776887618.9681027,1.0,3.0,-41.0
1776887618.9781027,3.0,2.0,-40.0
1776887618.988103,0.0,0.0,-39.0
1776887618.998103,0.0,-1.0,-37.0
1776887619.008103,0.0,-2.0,-32.0
1776887619.0181026,0.0,-3.0,-31.0
1776887619.0281026,8.0,-3.0,-33.0
1776887619.0381026,1.0,2.0,-33.0
1776887619.0481029,4.0,6.0,-28.0
1776887619.0581028,3.0,6.0,-31.0
1776887619.0681028,4.0,6.0,-34.0
1776887619.0781028,2.0,2.0,-34.0
1776887619.0881028,0.0,-1.0,-28.0
1776887619.0981028,3.0,-4.0,-29.0
1776887619.1081028,6.0,-7.0,-26.0
1776887619.1181028,8.0,-3.0,-32.0
1776887619.1281028,9.0,-2.0,-34.0
1776887619.1381028,7.0,-2.0,-33.0
1776887619.1481028,7.0,-1.0,-34.0
1776887619.1581028,5.0,-1.0,-37.0
1776887619.1681027,5.0,-2.0,-36.0
1776887619.1781027,3.0,-1.0,-40.0
1776887619.1881027,2.0,-4.0,-36.0
1776887619.1981027,7.0,-5.0,-30.0
1776887619.2081027,9.0,-6.0,-29.0
1776887619.2181027,7.0,-8.0,-29.0
1776887619.2281027,7.0,-4.0,-32.0
1776887619.238103,0.0,-3.0,-35.0
1776887619.248103,-1.0,-1.0,-29.0
1776887619.258103,2.0,-1.0,-31.0
1776887619.2681026,1.0,-1.0,-31.0
1776887619.2781026,-4.0,-1.0,-37.0
1776887619.2881026,-3.0,-1.0,-42.0
1776887619.2981029,-3.0,-1.0,-38.0
1776887619.3081028,0.0,-4.0,-34.0
1776887619.3181028,0.0,-6.0,-30.0
1776887619.3281028,4.0,-8.0,-31.0
1776887619.3381028,4.0,-5.0,-38.0
1776887619.3481028,0.0,-5.0,-43.0
1776887619.3581028,-1.0,-5.0,-46.0
1776887619.3681028,-2.0,-5.0,-46.0
1776887619.3781028,0.0,-7.0,-44.0
1776887619.3881028,0.0,-8.0,-48.0
1776887619.3981028,4.0,-4.0,-43.0
1776887619.4081028,4.0,-4.0,-45.0
1776887619.4181027,4.0,0.0,-41.0
1776887619.4281027,4.0,0.0,-35.0
1776887619.4381027,0.0,-4.0,-35.0
1776887619.4481027,0.0,-3.0,-34.0
1776887619.4581027,0.0,-4.0,-35.0
1776887619.4681027,0.0,1.0,-39.0
1776887619.4781027,3.0,2.0,-35.0
1776887619.488103,-1.0,-3.0,-37.0
1776887619.498103,-1.0,-1.0,-43.0
1776887619.508103,-4.0,0.0,-37.0
1776887619.5181026,-5.0,0.0,-37.0
1776887619.5281026,-1.0,-4.0,-36.0
1776887619.5381026,0.0,-5.0,-37.0
1776887619.5481029,0.0,-4.0,-39.0
1776887619.5581028,-3.0,-5.0,-38.0
1776887619.5681028,0.0,-7.0,-37.0
1776887619.5781028,-4.0,-5.0,-37.0
1776887619.5881028,-3.0,-4.0,-44.0
1776887619.5981028,-2.0,-3.0,-48.0
1776887619.6081028,-3.0,-3.0,-46.0
1776887619.6181028,0.0,-2.0,-43.0
1776887619.6281028,0.0,-4.0,-41.0
1776887619.6381028,2.0,-6.0,-37.0
1776887619.6481028,3.0,-5.0,-32.0
1776887619.6581028,2.0,-7.0,-31.0
1776887619.6681027,3.0,-4.0,-31.0
1776887619.6781027,0.0,-5.0,-28.0
1776887619.6881027,0.0,-6.0,-30.0
1776887619.6981027,-2.0,-4.0,-28.0
1776887619.7081027,-4.0,-6.0,-35.0
1776887619.7181027,-3.0,-2.0,-31.0
1776887619.7281027,-5.0,0.0,-26.0
1776887619.738103,-1.0,1.0,-30.0
1776887619.748103,1.0,-1.0,-35.0
1776887619.758103,1.0,-5.0,-35.0
1776887619.7681026,0.0,-5.0,-38.0
1776887619.7781026,1.0,-3.0,-37.0
1776887619.7881026,0.0,-2.0,-39.0
1776887619.7981029,-3.0,0.0,-31.0
1776887619.8081028,0.0,2.0,-30.0
1776887619.8181028,0.0,4.0,-32.0
1776887619.8281028,3.0,5.0,-33.0
1776887619.8381028,4.0,1.0,-41.0
1776887619.8481028,1.0,0.0,-41.0
1776887619.8581028,1.0,4.0,-43.0
1776887619.8681028,3.0,5.0,-38.0
1776887619.8781028,4.0,1.0,-41.0
1776887619.8881028,2.0,-4.0,-37.0
1776887619.8981028,-1.0,-5.0,-41.0
1776887619.9081028,-2.0,-5.0,-45.0
1776887619.9181027,-3.0,-3.0,-37.0
1776887619.9281027,-4.0,-2.0,-40.0
1776887619.9381027,-4.0,-2.0,-33.0
1776887619.9481027,-2.0,-3.0,-31.0
1776887619.9581027,1.0,0.0,-37.0
1776887619.9681027,0.0,1.0,-41.0
1776887619.9781027,0.0,2.0,-39.0
1776887619.988103,0.0,0.0,-35.0
1776887619.998103,1.0,-3.0,-35.0
1776887620.008103,1.0,-3.0,-35.0
1776887620.0181026,0.0,0.0,-42.0
1776887620.0281026,-2.0,-1.0,-42.0
1776887620.0381026,-1.0,0.0,-40.0
1776887620.0481029,-2.0,-4.0,-40.0
1776887620.0581028,-8.0,-7.0,-36.0
1776887620.0681028,-4.0,-10.0,-42.0
1776887620.0791028,-2.0,-6.0,-40.0
1776887620.0891027,1.0,-6.0,-34.0
1776887620.0991027,5.0,0.0,-34.0
1776887620.1091027,6.0,-1.0,-35.0
1776887620.1191027,3.0,1.0,-37.0
1776887620.1291027,4.0,0.0,-45.0
1776887620.1391027,0.0,-5.0,-43.0
1776887620.1491027,2.0,-8.0,-44.0
1776887620.159103,2.0,-10.0,-45.0
1776887620.169103,4.0,-6.0,-46.0
1776887620.179103,4.0,-4.0,-43.0
1776887620.1891026,2.0,-5.0,-35.0
1776887620.1991026,0.0,-8.0,-35.0
1776887620.2091026,0.0,-6.0,-32.0
1776887620.2191026,3.0,-3.0,-38.0
1776887620.2291028,7.0,-1.0,-42.0
1776887620.2391028,4.0,-3.0,-48.0
1776887620.2491028,5.0,-4.0,-41.0
1776887620.2591028,5.0,-5.0,-43.0
1776887620.2691028,0.0,-3.0,-38.0
1776887620.2791028,-2.0,-5.0,-44.0
1776887620.2891028,0.0,-7.0,-38.0
1776887620.2991028,3.0,-9.0,-38.0
1776887620.3091028,4.0,-7.0,-44.0
1776887620.3191028,2.0,-8.0,-44.0
1776887620.3291028,-1.0,-4.0,-42.0
1776887620.3391027,-3.0,-8.0,-42.0
1776887620.3491027,-1.0,-9.0,-35.0
1776887620.3591027,0.0,-8.0,-38.0
1776887620.3691027,0.0,-8.0,-41.0
1776887620.3791027,0.0,-11.0,-41.0
1776887620.3891027,2.0,-7.0,-38.0
1776887620.3991027,3.0,0.0,-38.0
1776887620.409103,6.0,-1.0,-39.0
1776887620.419103,2.0,2.0,-39.0
1776887620.429103,3.0,1.0,-46.0
1776887620.4391026,1.0,0.0,-51.0
1776887620.4491026,0.0,0.0,-51.0
1776887620.4591026,-5.0,1.0,-50.0
1776887620.4691026,0.0,0.0,-49.0
1776887620.4791028,4.0,0.0,-48.0
1776887620.4891028,5.0,-2.0,-42.0
1776887620.4991028,0.0,-2.0,-40.0
1776887620.5091028,1.0,-1.0,-36.0
1776887620.5191028,2.0,0.0,-38.0
1776887620.5291028,0.0,-3.0,-34.0
1776887620.5391028,-1.0,-1.0,-32.0
1776887620.5491028,-1.0,0.0,-27.0
1776887620.5591028,1.0,0.0,-28.0
1776887620.5691028,1.0,-2.0,-31.0
1776887620.5791028,4.0,-2.0,-33.0
1776887620.5891027,5.0,-4.0,-31.0
1776887620.5991027,6.0,-6.0,-32.0
1776887620.6091027,3.0,-6.0,-35.0
1776887620.6191027,1.0,-5.0,-36.0
1776887620.6291027,1.0,-9.0,-32.0
1776887620.6391027,-1.0,-8.0,-34.0
1776887620.6491027,-5.0,-3.0,-37.0
1776887620.659103,-5.0,0.0,-40.0
1776887620.669103,-7.0,-2.0,-40.0
1776887620.679103,0.0,-1.0,-36.0
1776887620.6891026,1.0,-4.0,-41.0
1776887620.6991026,0.0,-6.0,-39.0
1776887620.7091026,4.0,-4.0,-35.0
1776887620.7191026,5.0,-6.0,-32.0
1776887620.7291028,7.0,-1.0,-32.0
1776887620.7391028,8.0,1.0,-31.0
1776887620.7491028,4.0,0.0,-28.0
1776887620.7591028,-1.0,-1.0,-35.0
1776887620.7691028,-1.0,-4.0,-35.0
1776887620.7791028,-2.0,-4.0,-33.0
1776887620.7891028,1.0,-5.0,-33.0
1776887620.7991028,0.0,-4.0,-36.0
1776887620.8091028,0.0,-7.0,-31.0
1776887620.8191028,1.0,-9.0,-35.0
1776887620.8291028,-3.0,-5.0,-39.0
1776887620.8391027,-2.0,-2.0,-40.0
1776887620.8491027,0.0,-2.0,-42.0
1776887620.8591027,3.0,-6.0,-40.0
1776887620.8691027,1.0,-5.0,-46.0
1776887620.8791027,0.0,-4.0,-49.0
1776887620.8891027,1.0,0.0,-43.0
1776887620.8991027,5.0,-1.0,-37.0
1776887620.909103,2.0,-1.0,-36.0
1776887620.919103,4.0,-1.0,-32.0
1776887620.929103,2.0,4.0,-36.0
1776887620.9391026,3.0,2.0,-32.0
1776887620.9491026,2.0,2.0,-42.0
1776887620.9591026,3.0,1.0,-42.0
1776887620.9691026,1.0,1.0,-42.0
1776887620.9791028,-1.0,3.0,-36.0
1776887620.9891028,-1.0,0.0,-32.0
1776887620.9991028,-4.0,1.0,-33.0
1776887621.0091028,-3.0,1.0,-34.0
1776887621.0191028,-3.0,-1.0,-35.0
1776887621.0291028,0.0,0.0,-37.0
1776887621.0391028,3.0,-4.0,-35.0
1776887621.0491028,6.0,-4.0,-40.0
1776887621.0591028,2.0,0.0,-43.0
1776887621.0691028,0.0,0.0,-37.0
1776887621.0791028,2.0,0.0,-38.0
1776887621.0891027,3.0,4.0,-44.0
1776887621.0991027,-1.0,2.0,-42.0
1776887621.1091027,-6.0,7.0,-38.0
1776887621.1191027,-1.0,5.0,-39.0
1776887621.1291027,0.0,0.0,-39.0
1776887621.1391027,1.0,0.0,-35.0
1776887621.1491027,0.0,-2.0,-35.0
1776887621.159103,3.0,-7.0,-37.0
1776887621.169103,0.0,-5.0,-35.0
1776887621.179103,-4.0,-5.0,-30.0
1776887621.1891026,-6.0,-3.0,-33.0
1776887621.1991026,-3.0,-1.0,-35.0
1776887621.2091026,-7.0,1.0,-35.0
1776887621.2191026,-5.0,-1.0,-36.0
1776887621.2291028,-3.0,0.0,-35.0
1776887621.2391028,-7.0,0.0,-31.0
1776887621.2491028,-3.0,0.0,-30.0
1776887621.2591028,0.0,0.0,-30.0
1776887621.2691028,0.0,-2.0,-41.0
1776887621.2791028,-4.0,0.0,-37.0
1776887621.2901027,-3.0,0.0,-38.0
1776887621.2991028,-1.0,-4.0,-33.0
1776887621.3091028,-2.0,0.0,-27.0
1776887621.3191028,3.0,-2.0,-22.0
1776887621.3291028,-1.0,-5.0,-16.0
1776887621.3391027,-2.0,-3.0,-21.0
1776887621.3491027,-3.0,-1.0,-26.0
1776887621.3591027,-3.0,-1.0,-27.0
1776887621.3691027,0.0,-3.0,-29.0
1776887621.3791027,-1.0,0.0,-31.0
1776887621.3891027,-3.0,4.0,-31.0
1776887621.3991027,-6.0,5.0,-30.0
1776887621.409103,-6.0,1.0,-39.0
1776887621.419103,-3.0,-1.0,-42.0
1776887621.429103,-3.0,-1.0,-42.0
1776887621.4391026,-4.0,0.0,-38.0
1776887621.4491026,-4.0,0.0,-40.0
1776887621.4591026,-1.0,1.0,-44.0
1776887621.4691026,0.0,-1.0,-41.0
1776887621.4791028,0.0,-1.0,-38.0
1776887621.4891028,3.0,2.0,-42.0
1776887621.4991028,2.0,1.0,-43.0
1776887621.5091028,5.0,0.0,-43.0
1776887621.5191028,7.0,2.0,-44.0
1776887621.5291028,6.0,1.0,-39.0
1776887621.5391028,6.0,0.0,-37.0
1776887621.5491028,8.0,-1.0,-41.0
1776887621.5591028,6.0,0.0,-44.0
1776887621.5691028,8.0,1.0,-48.0
1776887621.5791028,11.0,2.0,-53.0
1776887621.5891027,7.0,-1.0,-42.0
1776887621.5991027,5.0,-1.0,-44.0
1776887621.6091027,2.0,0.0,-38.0
1776887621.6191027,1.0,0.0,-38.0
1776887621.6291027,2.0,-1.0,-38.0
1776887621.6391027,0.0,0.0,-37.0
1776887621.6491027,-4.0,3.0,-40.0
1776887621.659103,-5.0,3.0,-35.0
1776887621.669103,-5.0,0.0,-34.0
1776887621.679103,-4.0,0.0,-40.0
1776887621.6891026,-4.0,-4.0,-35.0
1776887621.6991026,-4.0,-6.0,-33.0
1776887621.7091026,-1.0,-11.0,-36.0
1776887621.7191026,0.0,-6.0,-36.0
1776887621.7291028,0.0,-8.0,-38.0
1776887621.7391028,2.0,-6.0,-44.0
1776887621.7491028,0.0,0.0,-40.0
1776887621.7591028,0.0,1.0,-36.0
1776887621.7691028,3.0,0.0,-38.0
1776887621.7791028,5.0,3.0,-44.0
1776887621.7891028,6.0,1.0,-43.0
1776887621.7991028,6.0,2.0,-42.0
1776887621.8091028,6.0,2.0,-40.0
1776887621.8191028,4.0,2.0,-33.0
1776887621.8291028,0.0,0.0,-36.0
1776887621.8391027,-2.0,0.0,-41.0
1776887621.8491027,-2.0,-1.0,-39.0
1776887621.8591027,-2.0,-2.0,-36.0
1776887621.8691027,-7.0,0.0,-36.0
1776887621.8791027,-8.0,-2.0,-33.0
1776887621.8891027,-3.0,0.0,-33.0
1776887621.8991027,-1.0,0.0,-37.0
1776887621.909103,-1.0,0.0,-34.0
1776887621.919103,1.0,0.0,-39.0
1776887621.929103,3.0,0.0,-32.0
1776887621.9391026,1.0,1.0,-35.0
1776887621.9491026,-2.0,1.0,-36.0
1776887621.9591026,-3.0,1.0,-35.0
1776887621.9691026,-2.0,2.0,-38.0
1776887621.9791028,0.0,1.0,-34.0
1776887621.9891028,0.0,-1.0,-31.0
1776887621.9991028,-1.0,0.0,-34.0
1776887622.0091028,0.0,0.0,-35.0
1776887622.0191028,3.0,-4.0,-30.0
1776887622.0291028,5.0,-2.0,-31.0
1776887622.0391028,7.0,-2.0,-34.0
1776887622.0491028,9.0,0.0,-38.0
1776887622.0601027,6.0,0.0,-43.0
1776887622.0701027,6.0,0.0,-41.0
1776887622.0801027,1.0,0.0,-42.0
1776887622.090103,2.0,5.0,-43.0
1776887622.100103,3.0,0.0,-44.0
1776887622.110103,2.0,-1.0,-42.0
1776887622.1201026,0.0,-4.0,-39.0
1776887622.1301026,-3.0,-3.0,-46.0
1776887622.1401026,-6.0,-4.0,-54.0
1776887622.1501029,-9.0,-5.0,-53.0
1776887622.1601028,-12.0,-7.0,-49.0
1776887622.1701028,-10.0,-3.0,-48.0
1776887622.1801028,-11.0,0.0,-49.0
1776887622.1901028,-8.0,0.0,-45.0
1776887622.2001028,-4.0,1.0,-46.0
1776887622.2101028,1.0,0.0,-39.0
1776887622.2201028,0.0,0.0,-41.0
1776887622.2301028,1.0,-1.0,-37.0
1776887622.2401028,0.0,0.0,-38.0
1776887622.2501028,0.0,0.0,-41.0
1776887622.2601027,-1.0,1.0,-43.0
1776887622.2701027,-1.0,-2.0,-45.0
1776887622.2801027,-3.0,-2.0,-47.0
1776887622.2901027,-6.0,-6.0,-47.0
1776887622.3001027,-3.0,-7.0,-42.0
1776887622.3101027,-2.0,-8.0,-38.0
1776887622.3201027,1.0,-6.0,-43.0
1776887622.3301027,3.0,-6.0,-40.0
1776887622.340103,6.0,-3.0,-38.0
1776887622.350103,8.0,1.0,-35.0
1776887622.360103,10.0,0.0,-30.0
1776887622.3701026,5.0,4.0,-32.0
1776887622.3801026,1.0,1.0,-28.0
1776887622.3901026,8.0,2.0,-26.0
1776887622.4001029,5.0,1.0,-22.0
1776887622.4101028,0.0,4.0,-27.0
1776887622.4201028,0.0,4.0,-26.0
1776887622.4301028,1.0,2.0,-33.0
1776887622.4401028,5.0,4.0,-35.0
1776887622.4501028,2.0,-2.0,-32.0
1776887622.4601028,1.0,0.0,-32.0
1776887622.4701028,0.0,1.0,-39.0
1776887622.4801028,-1.0,2.0,-36.0
1776887622.4901028,-1.0,0.0,-36.0
1776887622.5001028,-6.0,-2.0,-43.0
1776887622.5101027,-6.0,-4.0,-39.0
1776887622.5201027,-6.0,-4.0,-41.0
1776887622.5301027,-2.0,0.0,-44.0
1776887622.5401027,0.0,2.0,-40.0
1776887622.5501027,0.0,1.0,-37.0
1776887622.5601027,-5.0,2.0,-37.0
1776887622.5701027,-6.0,0.0,-36.0
1776887622.5801027,0.0,-3.0,-33.0
1776887622.590103,0.0,0.0,-32.0
1776887622.600103,0.0,0.0,-26.0
1776887622.610103,0.0,0.0,-25.0
1776887622.6201026,9.0,4.0,-29.0
1776887622.6301026,9.0,2.0,-30.0
1776887622.6401026,9.0,2.0,-33.0
1776887622.6501029,6.0,2.0,-38.0
1776887622.6601028,6.0,0.0,-46.0
1776887622.6701028,8.0,-1.0,-43.0
1776887622.6801028,7.0,-4.0,-35.0
1776887622.6901028,5.0,-5.0,-37.0
1776887622.7001028,8.0,-4.0,-33.0
1776887622.7101028,7.0,-5.0,-40.0
1776887622.7201028,4.0,-4.0,-36.0
1776887622.7301028,0.0,0.0,-37.0
1776887622.7401028,0.0,2.0,-35.0
1776887622.7501028,0.0,1.0,-41.0
1776887622.7601027,0.0,2.0,-36.0
1776887622.7701027,-1.0,0.0,-33.0
1776887622.7801027,-6.0,-1.0,-39.0
1776887622.7901027,-3.0,-3.0,-40.0
1776887622.8001027,-5.0,-4.0,-41.0
1776887622.8101027,-5.0,-3.0,-44.0
1776887622.8201027,-4.0,2.0,-42.0
1776887622.8301027,-2.0,0.0,-38.0
1776887622.840103,-5.0,0.0,-30.0
1776887622.850103,-2.0,2.0,-38.0
1776887622.860103,2.0,0.0,-41.0
1776887622.8701026,6.0,0.0,-38.0
1776887622.8801026,7.0,-1.0,-41.0
1776887622.8901026,5.0,-1.0,-43.0
1776887622.9001029,3.0,-1.0,-49.0
1776887622.9101028,1.0,0.0,-47.0
1776887622.9201028,-3.0,0.0,-52.0
1776887622.9301028,-1.0,-1.0,-48.0
1776887622.9401028,-3.0,0.0,-49.0
1776887622.9501028,-4.0,0.0,-49.0
1776887622.9601028,-1.0,-2.0,-45.0
1776887622.9701028,-5.0,-1.0,-43.0
1776887622.9801028,2.0,-4.0,-42.0
1776887622.9901028,2.0,-3.0,-38.0
1776887623.0001028,0.0,-3.0,-35.0
1776887623.0101027,-3.0,-6.0,-36.0
1776887623.0201027,1.0,-5.0,-37.0
1776887623.0301027,-2.0,-2.0,-39.0
1776887623.0401027,-3.0,2.0,-40.0
1776887623.0501027,-1.0,2.0,-41.0
1776887623.0601027,0.0,2.0,-37.0
1776887623.0701027,-2.0,5.0,-35.0
1776887623.0801027,-3.0,4.0,-39.0
1776887623.090103,-6.0,4.0,-38.0
1776887623.100103,-7.0,2.0,-35.0
1776887623.110103,-2.0,0.0,-30.0
1776887623.1201026,-4.0,0.0,-33.0
1776887623.1301026,-6.0,1.0,-32.0
1776887623.1401026,-7.0,4.0,-30.0
1776887623.1501029,-2.0,5.0,-28.0
1776887623.1601028,0.0,2.0,-33.0
1776887623.1701028,1.0,0.0,-40.0
1776887623.1801028,4.0,1.0,-38.0
1776887623.1901028,3.0,2.0,-38.0
1776887623.2001028,5.0,3.0,-34.0
1776887623.2101028,7.0,0.0,-37.0
1776887623.2201028,9.0,0.0,-38.0
1776887623.2301028,5.0,-2.0,-25.0
1776887623.2401028,3.0,-2.0,-21.0
1776887623.2501028,2.0,0.0,-28.0
1776887623.2601027,2.0,-2.0,-31.0
1776887623.2701027,0.0,-3.0,-33.0
1776887623.2801027,-1.0,-4.0,-39.0
1776887623.2901027,4.0,-4.0,-38.0
1776887623.3001027,3.0,-5.0,-36.0
1776887623.3101027,1.0,-6.0,-36.0
1776887623.3201027,3.0,-4.0,-35.0
1776887623.3301027,3.0,-5.0,-39.0
1776887623.340103,2.0,-5.0,-39.0
1776887623.350103,0.0,-1.0,-41.0
1776887623.360103,-2.0,0.0,-34.0
1776887623.3701026,-2.0,0.0,-35.0
1776887623.3801026,0.0,-1.0,-38.0
1776887623.3901026,-4.0,0.0,-34.0
1776887623.4001029,-2.0,0.0,-33.0
1776887623.4101028,0.0,2.0,-32.0
1776887623.4201028,-2.0,4.0,-29.0
1776887623.4301028,-1.0,6.0,-26.0
1776887623.4401028,0.0,5.0,-26.0
1776887623.4501028,0.0,3.0,-33.0
1776887623.4601028,3.0,-2.0,-39.0
1776887623.4701028,3.0,-6.0,-44.0
1776887623.4801028,0.0,-5.0,-45.0
1776887623.4901028,1.0,-10.0,-45.0
1776887623.5001028,0.0,-8.0,-41.0
1776887623.5101027,4.0,-4.0,-37.0
1776887623.5201027,1.0,-8.0,-37.0
1776887623.5301027,2.0,-7.0,-31.0
1776887623.5401027,4.0,-2.0,-32.0
1776887623.5501027,7.0,3.0,-33.0
1776887623.5601027,6.0,1.0,-35.0
1776887623.5701027,6.0,1.0,-39.0
1776887623.5801027,6.0,2.0,-34.0
1776887623.590103,8.0,4.0,-34.0
1776887623.600103,13.0,6.0,-34.0
1776887623.610103,13.0,8.0,-31.0
1776887623.6201026,12.0,8.0,-38.0
1776887623.6301026,7.0,6.0,-35.0
1776887623.6401026,1.0,7.0,-32.0
1776887623.6501029,4.0,5.0,-34.0
1776887623.6601028,4.0,5.0,-34.0
1776887623.6701028,7.0,5.0,-31.0
1776887623.6801028,5.0,1.0,-35.0
1776887623.6901028,5.0,3.0,-34.0
1776887623.7001028,7.0,2.0,-42.0
1776887623.7101028,5.0,-1.0,-46.0
1776887623.7201028,4.0,-1.0,-42.0
1776887623.7301028,0.0,-5.0,-39.0
1776887623.7401028,-1.0,-3.0,-34.0
1776887623.7501028,0.0,2.0,-38.0
1776887623.7601027,-4.0,7.0,-43.0
1776887623.7701027,0.0,8.0,-37.0
1776887623.7801027,1.0,4.0,-37.0
1776887623.7901027,-3.0,3.0,-34.0
1776887623.8001027,-1.0,-2.0,-34.0
1776887623.8101027,-2.0,0.0,-41.0
1776887623.8201027,-2.0,-1.0,-40.0
1776887623.8301027,-5.0,-2.0,-44.0
1776887623.840103,-3.0,-1.0,-48.0
1776887623.850103,-1.0,-4.0,-45.0
1776887623.860103,0.0,-6.0,-35.0
1776887623.8701026,3.0,-5.0,-36.0
1776887623.8801026,6.0,-6.0,-35.0
1776887623.8901026,4.0,-6.0,-36.0
1776887623.9001029,-2.0,-4.0,-27.0
1776887623.9101028,3.0,-3.0,-35.0
1776887623.9201028,0.0,-3.0,-33.0
1776887623.9301028,0.0,0.0,-39.0
1776887623.9401028,0.0,0.0,-44.0
1776887623.9501028,1.0,0.0,-45.0
1776887623.9601028,5.0,0.0,-44.0
1776887623.9701028,8.0,-2.0,-46.0
1776887623.9801028,7.0,-3.0,-43.0
1776887623.9901028,5.0,-3.0,-39.0
1776887624.0001028,2.0,-4.0,-43.0
1776887624.0101027,5.0,-5.0,-43.0
1776887624.0201027,4.0,-5.0,-43.0
1776887624.0301027,4.0,-9.0,-45.0
1776887624.0401027,0.0,-3.0,-49.0
1776887624.0511026,3.0,0.0,-51.0
1776887624.0611026,2.0,2.0,-47.0
1776887624.0711029,4.0,4.0,-39.0
1776887624.0811028,3.0,2.0,-31.0
1776887624.0911028,3.0,-1.0,-28.0
1776887624.1011028,4.0,-4.0,-29.0
1776887624.1111028,6.0,-6.0,-39.0
1776887624.1211028,3.0,-9.0,-37.0
1776887624.1311028,0.0,-8.0,-36.0
1776887624.1411028,-1.0,-7.0,-40.0
1776887624.1511028,2.0,-4.0,-37.0
1776887624.1611028,3.0,-3.0,-29.0
1776887624.1711028,4.0,0.0,-29.0
1776887624.1811028,7.0,0.0,-28.0
1776887624.1911027,1.0,-1.0,-31.0
1776887624.2011027,0.0,0.0,-35.0
1776887624.2111027,2.0,-2.0,-35.0
1776887624.2211027,4.0,-4.0,-39.0
1776887624.2311027,5.0,-2.0,-38.0
1776887624.2411027,3.0,0.0,-37.0
1776887624.2511027,5.0,0.0,-40.0
1776887624.261103,3.0,4.0,-40.0
1776887624.271103,3.0,2.0,-42.0
1776887624.281103,3.0,2.0,-47.0
1776887624.2911026,-2.0,0.0,-45.0
1776887624.3011026,1.0,-3.0,-43.0
1776887624.3111026,2.0,-7.0,-41.0
1776887624.3211029,0.0,-8.0,-41.0
1776887624.3311028,1.0,-7.0,-35.0
1776887624.3411028,2.0,-5.0,-38.0
1776887624.3511028,2.0,-3.0,-37.0
1776887624.3611028,3.0,-1.0,-42.0
1776887624.3711028,2.0,-1.0,-43.0
1776887624.3811028,-1.0,0.0,-47.0
1776887624.3911028,-1.0,-4.0,-49.0
1776887624.4011028,-5.0,-4.0,-44.0
1776887624.4111028,0.0,-4.0,-49.0
1776887624.4211028,-1.0,0.0,-49.0
1776887624.4311028,-1.0,0.0,-53.0
1776887624.4411027,-1.0,0.0,-49.0
1776887624.4511027,-5.0,-6.0,-41.0
1776887624.4611027,0.0,-6.0,-39.0
1776887624.4711027,0.0,-5.0,-37.0
1776887624.4811027,1.0,-4.0,-38.0
1776887624.4911027,3.0,-3.0,-45.0
1776887624.5011027,4.0,-2.0,-43.0
1776887624.511103,1.0,-4.0,-41.0
1776887624.521103,0.0,-2.0,-42.0
1776887624.531103,1.0,-2.0,-44.0
1776887624.5411026,1.0,0.0,-40.0
1776887624.5511026,1.0,-2.0,-36.0
1776887624.5611026,0.0,-3.0,-33.0
1776887624.5711029,-6.0,-3.0,-33.0
1776887624.5811028,-4.0,-6.0,-30.0
1776887624.5911028,-3.0,-5.0,-29.0
1776887624.6011028,-1.0,-6.0,-34.0
1776887624.6111028,-2.0,-6.0,-34.0
1776887624.6211028,-4.0,-4.0,-34.0
1776887624.6311028,-4.0,-3.0,-36.0
1776887624.6411028,0.0,0.0,-41.0
1776887624.6511028,2.0,-1.0,-47.0
1776887624.6611028,5.0,0.0,-45.0
1776887624.6711028,5.0,0.0,-41.0
1776887624.6811028,-2.0,-4.0,-40.0
1776887624.6911027,-5.0,-2.0,-38.0
1776887624.7011027,-5.0,-2.0,-36.0
1776887624.7111027,-4.0,-1.0,-37.0
1776887624.7211027,-9.0,-2.0,-41.0
1776887624.7311027,-6.0,0.0,-36.0
1776887624.7411027,-3.0,2.0,-33.0
1776887624.7511027,-7.0,3.0,-30.0
1776887624.761103,-4.0,-1.0,-33.0
1776887624.771103,-1.0,-1.0,-32.0
1776887624.781103,0.0,0.0,-33.0
1776887624.7911026,-3.0,-3.0,-29.0
1776887624.8011026,-3.0,-4.0,-29.0
1776887624.8111026,-5.0,-1.0,-33.0
1776887624.8211029,-5.0,1.0,-30.0
1776887624.8311028,-7.0,0.0,-36.0
1776887624.8411028,-6.0,2.0,-38.0
1776887624.8511028,-1.0,1.0,-40.0
1776887624.8611028,-1.0,1.0,-39.0
1776887624.8711028,1.0,-1.0,-42.0
1776887624.8811028,2.0,0.0,-37.0
1776887624.8911028,6.0,0.0,-34.0
1776887624.9011028,7.0,1.0,-29.0
1776887624.9111028,10.0,1.0,-29.0
1776887624.9211028,8.0,0.0,-35.0
1776887624.9311028,7.0,4.0,-41.0
1776887624.9411027,7.0,6.0,-34.0
1776887624.9511027,6.0,2.0,-34.0
1776887624.9611027,4.0,6.0,-32.0
1776887624.9711027,4.0,5.0,-31.0
1776887624.9811027,3.0,0.0,-30.0
1776887624.9911027,1.0,0.0,-28.0
1776887625.0011027,-1.0,0.0,-38.0
1776887625.011103,-3.0,1.0,-38.0
1776887625.021103,0.0,2.0,-35.0
1776887625.031103,1.0,1.0,-32.0
1776887625.0411026,0.0,1.0,-37.0
1776887625.0511026,-3.0,0.0,-33.0
1776887625.0611026,-2.0,0.0,-36.0
1776887625.0711029,-3.0,-3.0,-32.0
1776887625.0811028,-2.0,-3.0,-31.0
1776887625.0911028,-4.0,-3.0,-32.0
1776887625.1011028,-4.0,-3.0,-36.0
1776887625.1111028,-3.0,-2.0,-35.0
1776887625.1211028,0.0,0.0,-36.0
1776887625.1311028,-5.0,-1.0,-42.0
1776887625.1411028,-1.0,0.0,-39.0
1776887625.1511028,-1.0,-2.0,-33.0
1776887625.1611028,-1.0,-1.0,-36.0
1776887625.1711028,2.0,0.0,-44.0
1776887625.1811028,0.0,2.0,-43.0
1776887625.1911027,-5.0,1.0,-38.0
1776887625.2011027,-1.0,2.0,-35.0
1776887625.2111027,2.0,0.0,-39.0
1776887625.2211027,3.0,2.0,-42.0
1776887625.2311027,5.0,1.0,-40.0
1776887625.2411027,3.0,0.0,-42.0
1776887625.2511027,6.0,2.0,-42.0
1776887625.261103,4.0,0.0,-35.0
1776887625.271103,5.0,0.0,-37.0
1776887625.281103,7.0,0.0,-41.0
1776887625.2911026,5.0,-1.0,-42.0
1776887625.3011026,5.0,-4.0,-42.0
1776887625.3111026,3.0,-5.0,-37.0
1776887625.3211029,0.0,-6.0,-40.0
1776887625.3311028,-1.0,0.0,-30.0
1776887625.3411028,1.0,-4.0,-26.0
1776887625.3511028,1.0,-4.0,-24.0
1776887625.3611028,2.0,-3.0,-29.0
1776887625.3711028,6.0,-4.0,-35.0
1776887625.3811028,7.0,-4.0,-34.0
1776887625.3911028,8.0,-4.0,-34.0
1776887625.4011028,7.0,-5.0,-32.0
1776887625.4111028,1.0,-8.0,-30.0
1776887625.4211028,-4.0,-7.0,-35.0
1776887625.4311028,-6.0,-4.0,-37.0
1776887625.4411027,-4.0,-2.0,-38.0
1776887625.4511027,-3.0,-8.0,-39.0
1776887625.4611027,-5.0,-7.0,-35.0
1776887625.4711027,-3.0,-6.0,-39.0
1776887625.4811027,0.0,-4.0,-43.0
1776887625.4911027,2.0,-2.0,-38.0
1776887625.5011027,1.0,-2.0,-36.0
1776887625.511103,4.0,-3.0,-31.0
1776887625.521103,8.0,-2.0,-36.0
1776887625.531103,5.0,-4.0,-38.0
1776887625.5411026,1.0,2.0,-39.0
1776887625.5511026,0.0,3.0,-34.0
1776887625.5611026,-4.0,0.0,-36.0
1776887625.5711029,-4.0,-4.0,-38.0
1776887625.5811028,1.0,-2.0,-36.0
1776887625.5911028,4.0,1.0,-42.0
1776887625.6011028,0.0,1.0,-43.0
1776887625.6111028,-1.0,3.0,-41.0
1776887625.6211028,-1.0,3.0,-42.0
1776887625.6311028,-7.0,0.0,-38.0
1776887625.6411028,-7.0,2.0,-36.0
1776887625.6511028,-10.0,0.0,-29.0
1776887625.6611028,-8.0,-1.0,-28.0
1776887625.6711028,-10.0,-3.0,-32.0
1776887625.6811028,-10.0,-1.0,-38.0
1776887625.6911027,-5.0,0.0,-39.0
1776887625.7011027,-3.0,0.0,-41.0
1776887625.7111027,-3.0,1.0,-34.0
1776887625.7211027,-3.0,-1.0,-40.0
1776887625.7311027,0.0,0.0,-41.0
1776887625.7411027,0.0,0.0,-45.0
1776887625.7511027,-1.0,-1.0,-43.0
1776887625.761103,-7.0,-1.0,-45.0
1776887625.771103,-4.0,0.0,-43.0
1776887625.781103,3.0,-2.0,-44.0
1776887625.7911026,3.0,-3.0,-46.0
1776887625.8011026,1.0,0.0,-39.0
1776887625.8111026,2.0,0.0,-35.0
1776887625.8211029,1.0,-1.0,-30.0
1776887625.8311028,1.0,-2.0,-32.0
1776887625.8411028,-1.0,-4.0,-41.0
1776887625.8511028,-1.0,-3.0,-36.0
1776887625.8611028,-4.0,0.0,-36.0
1776887625.8711028,-2.0,0.0,-37.0
1776887625.8811028,0.0,-3.0,-38.0
1776887625.8911028,0.0,-4.0,-30.0
1776887625.9011028,2.0,-9.0,-30.0
1776887625.9111028,3.0,-12.0,-32.0
1776887625.9211028,1.0,-10.0,-31.0
1776887625.9311028,3.0,-4.0,-30.0
1776887625.9411027,2.0,-4.0,-28.0
1776887625.9511027,1.0,-3.0,-26.0
1776887625.9611027,4.0,-2.0,-42.0
1776887625.9711027,4.0,-6.0,-39.0
1776887625.9811027,5.0,-5.0,-37.0
1776887625.9911027,0.0,-5.0,-41.0
1776887626.0011027,-1.0,-6.0,-35.0
1776887626.011103,5.0,-5.0,-35.0
1776887626.021103,1.0,-4.0,-32.0
1776887626.031103,-3.0,-2.0,-30.0
1776887626.0411026,-4.0,0.0,-23.0
1776887626.0521028,0.0,0.0,-24.0
1776887626.0611026,0.0,-4.0,-22.0
1776887626.0721028,-1.0,-2.0,-31.0
1776887626.0811028,-9.0,-2.0,-34.0
1776887626.0921028,-9.0,-1.0,-37.0
1776887626.1031027,-4.0,-4.0,-35.0
1776887626.1121027,0.0,-2.0,-34.0
1776887626.1221027,1.0,-1.0,-33.0
1776887626.1321027,0.0,1.0,-36.0
1776887626.1421027,0.0,0.0,-35.0
1776887626.1521027,-3.0,-1.0,-28.0
1776887626.1621027,-1.0,-1.0,-29.0
1776887626.1721027,1.0,0.0,-33.0
1776887626.182103,4.0,0.0,-33.0
1776887626.192103,1.0,1.0,-37.0
1776887626.202103,-4.0,2.0,-38.0
1776887626.212103,-3.0,2.0,-32.0
1776887626.2221026,0.0,3.0,-39.0
1776887626.2321026,2.0,3.0,-42.0
1776887626.2421026,1.0,0.0,-43.0
1776887626.2521029,-1.0,0.0,-37.0
1776887626.2621028,0.0,0.0,-36.0
1776887626.2721028,-1.0,1.0,-38.0
1776887626.2821028,4.0,0.0,-33.0
1776887626.2921028,4.0,-3.0,-34.0
1776887626.3021028,3.0,0.0,-37.0
1776887626.3121028,0.0,1.0,-33.0
1776887626.3221028,-1.0,3.0,-26.0
1776887626.3321028,-8.0,2.0,-34.0
1776887626.3421028,-6.0,2.0,-36.0
1776887626.3521028,-5.0,2.0,-40.0
1776887626.3621027,0.0,0.0,-38.0
1776887626.3721027,-2.0,-2.0,-39.0
1776887626.3821027,2.0,-4.0,-39.0
1776887626.3921027,0.0,-1.0,-39.0
1776887626.4021027,0.0,0.0,-36.0
1776887626.4121027,-2.0,0.0,-36.0
1776887626.4221027,-1.0,4.0,-35.0
1776887626.432103,0.0,3.0,-39.0
1776887626.442103,-3.0,1.0,-38.0
1776887626.452103,-3.0,4.0,-36.0
1776887626.462103,0.0,3.0,-34.0
1776887626.4721026,-1.0,2.0,-35.0
1776887626.4821026,-1.0,0.0,-41.0
1776887626.4921026,0.0,1.0,-42.0
1776887626.5021029,2.0,0.0,-40.0
1776887626.5121028,2.0,1.0,-37.0
1776887626.5221028,8.0,0.0,-36.0
1776887626.5321028,8.0,0.0,-34.0
1776887626.5421028,8.0,-1.0,-26.0
1776887626.5521028,10.0,-1.0,-27.0
1776887626.5621028,11.0,-3.0,-29.0
1776887626.5721028,7.0,-4.0,-34.0
1776887626.5821028,10.0,-5.0,-37.0
1776887626.5921028,0.0,-4.0,-44.0
1776887626.6021028,0.0,1.0,-44.0
1776887626.6121027,0.0,2.0,-41.0
1776887626.6221027,0.0,2.0,-42.0
1776887626.6321027,-2.0,0.0,-39.0
1776887626.6421027,-1.0,1.0,-48.0
1776887626.6521027,-2.0,0.0,-44.0
1776887626.6621027,-1.0,-1.0,-39.0
1776887626.6721027,-5.0,-1.0,-40.0
1776887626.682103,-3.0,-1.0,-41.0
1776887626.692103,-1.0,0.0,-43.0
1776887626.702103,0.0,0.0,-44.0
1776887626.712103,-5.0,-2.0,-47.0
1776887626.7221026,-2.0,0.0,-47.0
1776887626.7321026,0.0,-2.0,-48.0
1776887626.7421026,1.0,0.0,-42.0
1776887626.7521029,0.0,0.0,-29.0
1776887626.7621028,-1.0,-3.0,-31.0
1776887626.7721028,-6.0,-2.0,-34.0
1776887626.7821028,-6.0,-1.0,-37.0
1776887626.7921028,-4.0,0.0,-33.0
1776887626.8021028,-8.0,0.0,-36.0
1776887626.8121028,-7.0,0.0,-37.0
1776887626.8221028,-6.0,3.0,-40.0
1776887626.8321028,-5.0,4.0,-41.0
1776887626.8421028,-2.0,3.0,-29.0
1776887626.8521028,0.0,1.0,-27.0
1776887626.8621027,-4.0,-3.0,-33.0
1776887626.8721027,-4.0,-1.0,-32.0
1776887626.8821027,-2.0,0.0,-38.0
1776887626.8921027,-1.0,-4.0,-37.0
1776887626.9021027,1.0,-7.0,-40.0
1776887626.9121027,0.0,-4.0,-38.0
1776887626.9221027,1.0,-1.0,-43.0
1776887626.932103,3.0,2.0,-47.0
1776887626.942103,3.0,5.0,-44.0
1776887626.952103,9.0,6.0,-35.0
1776887626.962103,8.0,1.0,-27.0
1776887626.9721026,4.0,0.0,-29.0
1776887626.9821026,3.0,1.0,-32.0
1776887626.9921026,5.0,4.0,-32.0
1776887627.0021029,6.0,5.0,-29.0
1776887627.0121028,5.0,3.0,-30.0
1776887627.0221028,0.0,4.0,-28.0
1776887627.0321028,1.0,0.0,-27.0
1776887627.0421028,4.0,0.0,-32.0
1776887627.0521028,3.0,-2.0,-24.0
1776887627.0621028,2.0,0.0,-24.0
1776887627.0721028,2.0,-1.0,-27.0
1776887627.0821028,0.0,-3.0,-27.0
1776887627.0921028,-5.0,-8.0,-25.0
1776887627.1021028,-7.0,-4.0,-23.0
1776887627.1121027,-6.0,-4.0,-23.0
1776887627.1221027,-3.0,-5.0,-25.0
1776887627.1321027,-4.0,-5.0,-36.0
1776887627.1421027,1.0,-2.0,-31.0
1776887627.1521027,3.0,0.0,-35.0
1776887627.1621027,2.0,2.0,-33.0
1776887627.1721027,1.0,3.0,-36.0
1776887627.182103,0.0,5.0,-29.0
1776887627.192103,2.0,0.0,-27.0
1776887627.202103,-1.0,0.0,-32.0
1776887627.212103,2.0,0.0,-32.0
1776887627.2221026,3.0,1.0,-35.0
1776887627.2321026,4.0,1.0,-39.0
1776887627.2421026,5.0,2.0,-40.0
1776887627.2521029,3.0,1.0,-33.0
1776887627.2621028,1.0,-1.0,-24.0
1776887627.2721028,0.0,-1.0,-24.0
1776887627.2821028,4.0,-3.0,-27.0
1776887627.2921028,2.0,-1.0,-31.0
1776887627.3021028,4.0,-3.0,-31.0
1776887627.3121028,6.0,-3.0,-33.0
1776887627.3221028,0.0,-5.0,-36.0
1776887627.3321028,0.0,-7.0,-33.0
1776887627.3421028,-4.0,-12.0,-36.0
1776887627.3521028,2.0,-8.0,-37.0
1776887627.3621027,2.0,-9.0,-34.0
1776887627.3721027,2.0,-8.0,-35.0
1776887627.3821027,3.0,-5.0,-33.0
1776887627.3921027,5.0,-3.0,-36.0
1776887627.4021027,5.0,-1.0,-35.0
1776887627.4121027,6.0,-1.0,-30.0
1776887627.4221027,7.0,1.0,-36.0
1776887627.432103,5.0,2.0,-34.0
1776887627.442103,3.0,1.0,-37.0
1776887627.452103,1.0,5.0,-42.0
1776887627.462103,1.0,2.0,-46.0
1776887627.4721026,0.0,2.0,-40.0
1776887627.4821026,4.0,-1.0,-36.0
1776887627.4921026,5.0,-3.0,-42.0
1776887627.5021029,2.0,-2.0,-48.0
1776887627.5121028,-1.0,-1.0,-43.0
1776887627.5221028,-1.0,0.0,-36.0
1776887627.5321028,3.0,0.0,-40.0
1776887627.5421028,1.0,-1.0,-36.0
1776887627.5521028,-1.0,-2.0,-31.0
1776887627.5621028,-2.0,-4.0,-30.0
1776887627.5721028,-2.0,-5.0,-36.0
1776887627.5821028,0.0,-7.0,-36.0
1776887627.5921028,2.0,-6.0,-35.0
1776887627.6021028,4.0,-1.0,-26.0
1776887627.6121027,7.0,-3.0,-28.0
1776887627.6221027,5.0,-7.0,-39.0
1776887627.6321027,6.0,-5.0,-41.0
1776887627.6421027,9.0,-2.0,-41.0
1776887627.6521027,11.0,0.0,-51.0
1776887627.6621027,10.0,0.0,-46.0
1776887627.6721027,9.0,0.0,-52.0
1776887627.682103,4.0,0.0,-49.0
1776887627.692103,0.0,2.0,-39.0
1776887627.702103,-1.0,3.0,-42.0
1776887627.712103,0.0,1.0,-44.0
1776887627.7221026,0.0,0.0,-40.0
1776887627.7321026,-3.0,0.0,-36.0
1776887627.7421026,0.0,0.0,-38.0
1776887627.7521029,-2.0,2.0,-43.0
1776887627.7621028,-3.0,6.0,-42.0
1776887627.7721028,-6.0,4.0,-39.0
1776887627.7821028,-2.0,2.0,-41.0
1776887627.7921028,-6.0,2.0,-44.0
1776887627.8021028,-1.0,0.0,-42.0
1776887627.8121028,0.0,1.0,-38.0
1776887627.8221028,0.0,3.0,-32.0
1776887627.8321028,-1.0,0.0,-35.0
1776887627.8421028,0.0,0.0,-34.0
1776887627.8521028,0.0,-1.0,-36.0
1776887627.8621027,4.0,-4.0,-41.0
1776887627.8721027,3.0,-3.0,-46.0
1776887627.8821027,3.0,2.0,-47.0
1776887627.8921027,0.0,0.0,-46.0
1776887627.9021027,0.0,-1.0,-49.0
1776887627.9121027,1.0,-2.0,-47.0
1776887627.9221027,0.0,-3.0,-43.0
1776887627.932103,-4.0,-2.0,-41.0
1776887627.942103,-5.0,-1.0,-38.0
1776887627.952103,-5.0,-2.0,-35.0
1776887627.962103,-4.0,0.0,-35.0
1776887627.9721026,-2.0,1.0,-39.0
1776887627.9821026,-6.0,3.0,-41.0
1776887627.9921026,-1.0,3.0,-43.0
1776887628.0021029,0.0,2.0,-43.0
1776887628.0121028,3.0,2.0,-44.0
1776887628.0221028,0.0,0.0,-43.0
1776887628.0321028,0.0,-1.0,-39.0
1776887628.0431027,2.0,0.0,-33.0
1776887628.0521028,0.0,-4.0,-29.0
1776887628.0621028,1.0,0.0,-31.0
1776887628.0731027,0.0,2.0,-35.0
1776887628.0831027,0.0,-2.0,-34.0
1776887628.0931027,-5.0,-3.0,-35.0
1776887628.1031027,-3.0,-4.0,-35.0
1776887628.113103,-3.0,-6.0,-34.0
1776887628.123103,-5.0,-4.0,-42.0
1776887628.133103,-8.0,0.0,-44.0
1776887628.1431026,-8.0,0.0,-44.0
1776887628.1531026,-8.0,-2.0,-39.0
1776887628.1631026,-6.0,-3.0,-40.0
1776887628.1731029,-2.0,-8.0,-42.0
1776887628.1831028,0.0,-8.0,-39.0
1776887628.1931028,2.0,-4.0,-42.0
1776887628.2031028,1.0,-2.0,-44.0
1776887628.2131028,2.0,0.0,-44.0
1776887628.2231028,1.0,3.0,-46.0
1776887628.2331028,-3.0,7.0,-43.0
1776887628.2431028,-5.0,7.0,-43.0
1776887628.2531028,-5.0,9.0,-40.0
1776887628.2631028,-6.0,8.0,-36.0
1776887628.2731028,-6.0,4.0,-31.0
1776887628.2831028,-4.0,3.0,-26.0
1776887628.2931027,-1.0,2.0,-29.0
1776887628.3031027,-1.0,2.0,-30.0
1776887628.3131027,1.0,2.0,-34.0
1776887628.3231027,1.0,0.0,-36.0
1776887628.3331027,-1.0,0.0,-33.0
1776887628.3431027,-1.0,0.0,-38.0
1776887628.3531027,-2.0,4.0,-30.0
1776887628.363103,0.0,0.0,-33.0
1776887628.373103,1.0,-7.0,-36.0
1776887628.383103,2.0,-8.0,-44.0
1776887628.3931026,3.0,-3.0,-49.0
1776887628.4031026,-3.0,-5.0,-54.0
1776887628.4131026,-5.0,-5.0,-49.0
1776887628.4231029,-3.0,-3.0,-45.0
1776887628.4331028,-12.0,-1.0,-41.0
1776887628.4431028,-11.0,-2.0,-41.0
1776887628.4531028,-8.0,-4.0,-41.0
1776887628.4631028,-12.0,-8.0,-41.0
1776887628.4731028,-10.0,-7.0,-47.0
1776887628.4831028,-7.0,-4.0,-44.0
1776887628.4931028,-6.0,-8.0,-37.0
1776887628.5031028,-4.0,-10.0,-27.0
1776887628.5131028,-8.0,-6.0,-27.0
1776887628.5231028,-3.0,-6.0,-31.0
1776887628.5331028,1.0,-4.0,-33.0
1776887628.5431027,8.0,-4.0,-29.0
1776887628.5531027,8.0,-5.0,-30.0
1776887628.5631027,8.0,-7.0,-39.0
1776887628.5731027,5.0,-7.0,-39.0
1776887628.5831027,5.0,-6.0,-33.0
1776887628.5931027,12.0,-7.0,-34.0
1776887628.6031027,10.0,-6.0,-41.0
1776887628.613103,9.0,-5.0,-43.0
1776887628.623103,6.0,-6.0,-32.0
1776887628.633103,2.0,-6.0,-36.0
1776887628.6431026,2.0,-4.0,-38.0
1776887628.6531026,-2.0,0.0,-38.0
1776887628.6631026,-1.0,0.0,-34.0
1776887628.6731029,1.0,-1.0,-40.0
1776887628.6831028,4.0,0.0,-36.0
1776887628.6931028,4.0,0.0,-34.0
1776887628.7031028,1.0,-1.0,-31.0
1776887628.7131028,2.0,-1.0,-30.0
1776887628.7231028,0.0,-1.0,-27.0
1776887628.7331028,0.0,-5.0,-26.0
1776887628.7431028,-5.0,-6.0,-26.0
1776887628.7531028,-2.0,-7.0,-28.0
1776887628.7631028,1.0,-2.0,-31.0
1776887628.7731028,2.0,0.0,-32.0
1776887628.7831028,0.0,2.0,-33.0
1776887628.7931027,2.0,-3.0,-38.0
1776887628.8031027,5.0,-4.0,-34.0
1776887628.8131027,1.0,0.0,-38.0
1776887628.8231027,0.0,-2.0,-46.0
1776887628.8331027,6.0,-2.0,-46.0
1776887628.8431027,6.0,-1.0,-48.0
1776887628.8531027,3.0,-1.0,-44.0
1776887628.863103,0.0,-1.0,-43.0
1776887628.873103,3.0,-1.0,-43.0
1776887628.883103,3.0,1.0,-42.0
1776887628.8931026,0.0,0.0,-44.0
1776887628.9031026,-3.0,0.0,-38.0
1776887628.9131026,-4.0,-1.0,-32.0
1776887628.9231029,0.0,-4.0,-31.0
1776887628.9331028,-3.0,-3.0,-37.0
1776887628.9431028,0.0,-6.0,-37.0
1776887628.9531028,1.0,-4.0,-38.0
1776887628.9631028,0.0,-2.0,-39.0
1776887628.9731028,0.0,-4.0,-46.0
1776887628.9831028,-1.0,-2.0,-48.0
1776887628.9931028,-5.0,-2.0,-49.0
1776887629.0031028,-5.0,0.0,-38.0
1776887629.0131028,-5.0,0.0,-31.0
1776887629.0231028,-2.0,0.0,-27.0
1776887629.0331028,2.0,-1.0,-31.0
1776887629.0431027,0.0,-3.0,-42.0
1776887629.0531027,1.0,-4.0,-43.0
1776887629.0631027,-3.0,-4.0,-43.0
1776887629.0731027,-2.0,-2.0,-39.0
1776887629.0831027,-5.0,1.0,-45.0
1776887629.0931027,-7.0,0.0,-38.0
1776887629.1031027,-7.0,-4.0,-37.0
1776887629.113103,-5.0,-2.0,-37.0
1776887629.123103,-1.0,-3.0,-34.0
1776887629.133103,0.0,-1.0,-38.0
1776887629.1431026,0.0,-1.0,-37.0
1776887629.1531026,-2.0,0.0,-35.0
1776887629.1631026,-1.0,0.0,-37.0
1776887629.1731029,0.0,0.0,-37.0
1776887629.1831028,1.0,3.0,-38.0
1776887629.1931028,3.0,2.0,-36.0
1776887629.2031028,0.0,1.0,-36.0
1776887629.2131028,-2.0,4.0,-32.0
1776887629.2231028,0.0,5.0,-37.0
1776887629.2331028,-1.0,4.0,-40.0
1776887629.2431028,-3.0,2.0,-39.0
1776887629.2531028,-4.0,0.0,-40.0
1776887629.2631028,-2.0,0.0,-43.0
1776887629.2731028,-3.0,4.0,-41.0
1776887629.2831028,-6.0,4.0,-37.0
1776887629.2931027,-10.0,3.0,-40.0
1776887629.3031027,-10.0,1.0,-41.0
1776887629.3131027,-7.0,-2.0,-39.0
1776887629.3231027,-3.0,-1.0,-35.0
1776887629.3331027,-2.0,-1.0,-34.0
1776887629.3431027,0.0,-1.0,-36.0
1776887629.3531027,1.0,-4.0,-41.0
1776887629.363103,2.0,-2.0,-36.0
1776887629.373103,3.0,0.0,-39.0
1776887629.383103,2.0,0.0,-36.0
1776887629.3931026,1.0,0.0,-32.0
1776887629.4031026,-2.0,-1.0,-31.0
1776887629.4131026,-5.0,-4.0,-37.0
1776887629.4231029,-5.0,-3.0,-41.0
1776887629.4331028,-4.0,-3.0,-44.0
1776887629.4431028,-2.0,-1.0,-43.0
1776887629.4531028,0.0,-1.0,-40.0
1776887629.4631028,-1.0,0.0,-44.0
1776887629.4731028,-3.0,-1.0,-48.0
1776887629.4831028,-5.0,-4.0,-45.0
1776887629.4931028,-7.0,-3.0,-42.0
1776887629.5031028,-12.0,-1.0,-45.0
1776887629.5131028,-9.0,1.0,-48.0
1776887629.5231028,-8.0,0.0,-39.0
1776887629.5331028,-3.0,0.0,-33.0
1776887629.5431027,3.0,4.0,-35.0
1776887629.5531027,6.0,2.0,-47.0
1776887629.5631027,4.0,3.0,-43.0
1776887629.5731027,4.0,3.0,-39.0
1776887629.5831027,4.0,0.0,-35.0
1776887629.5931027,1.0,-1.0,-38.0
1776887629.6031027,-1.0,-2.0,-43.0
1776887629.613103,0.0,-6.0,-44.0
1776887629.623103,-2.0,-7.0,-46.0
1776887629.633103,-1.0,-4.0,-50.0
1776887629.6431026,-4.0,-9.0,-45.0
1776887629.6531026,-4.0,-11.0,-37.0
1776887629.6631026,-4.0,-9.0,-39.0
1776887629.6731029,-7.0,-3.0,-43.0
1776887629.6831028,-2.0,-1.0,-40.0
1776887629.6931028,0.0,2.0,-41.0
1776887629.7031028,0.0,0.0,-40.0
1776887629.7131028,3.0,-2.0,-40.0
1776887629.7231028,2.0,0.0,-39.0
1776887629.7331028,1.0,1.0,-37.0
1776887629.7431028,2.0,-1.0,-37.0
1776887629.7531028,2.0,3.0,-40.0
1776887629.7631028,1.0,3.0,-43.0
1776887629.7731028,0.0,-1.0,-39.0
1776887629.7831028,0.0,0.0,-40.0
1776887629.7931027,0.0,0.0,-39.0
1776887629.8031027,3.0,1.0,-36.0
1776887629.8131027,6.0,0.0,-43.0
1776887629.8231027,6.0,2.0,-39.0
1776887629.8331027,8.0,2.0,-37.0
1776887629.8431027,8.0,1.0,-36.0
1776887629.8531027,1.0,0.0,-39.0
1776887629.863103,3.0,0.0,-40.0
1776887629.873103,5.0,-1.0,-43.0
1776887629.883103,0.0,1.0,-41.0
1776887629.8931026,1.0,4.0,-42.0
1776887629.9031026,-5.0,2.0,-41.0
1776887629.9131026,-5.0,2.0,-36.0
1776887629.9231029,-5.0,0.0,-31.0
1776887629.9331028,0.0,2.0,-33.0
1776887629.9431028,-2.0,0.0,-39.0
1776887629.9531028,-2.0,-2.0,-45.0
1776887629.9631028,2.0,-2.0,-43.0
1776887629.9731028,5.0,-2.0,-41.0
1776887629.9831028,5.0,0.0,-28.0
1776887629.9931028,-1.0,0.0,-27.0
1776887630.0031028,0.0,0.0,-29.0
1776887630.0131028,-1.0,3.0,-39.0
1776887630.0231028,0.0,4.0,-32.0
1776887630.034103,1.0,9.0,-34.0
1776887630.044103,2.0,6.0,-31.0
1776887630.054103,6.0,1.0,-31.0
1776887630.0641026,8.0,1.0,-36.0
1776887630.0741026,10.0,-3.0,-40.0
1776887630.0841026,8.0,-3.0,-30.0
1776887630.0941026,6.0,-3.0,-28.0
1776887630.1041028,4.0,0.0,-27.0
1776887630.1141028,4.0,-1.0,-28.0
1776887630.1241028,0.0,-3.0,-26.0
1776887630.1341028,0.0,-6.0,-23.0
1776887630.1441028,4.0,-9.0,-25.0
1776887630.1541028,3.0,-8.0,-26.0
1776887630.1641028,4.0,-6.0,-30.0
1776887630.1741028,1.0,-4.0,-34.0
1776887630.1841028,0.0,-6.0,-36.0
1776887630.1941028,0.0,-6.0,-39.0
1776887630.2041028,-4.0,-3.0,-41.0
1776887630.2141027,-4.0,-1.0,-37.0
1776887630.2241027,-4.0,-4.0,-44.0
1776887630.2341027,-3.0,0.0,-44.0
1776887630.2441027,-7.0,-5.0,-49.0
1776887630.2541027,-9.0,-6.0,-44.0
1776887630.2641027,-8.0,-8.0,-42.0
1776887630.2741027,-11.0,-6.0,-39.0
1776887630.284103,-9.0,-5.0,-40.0
1776887630.294103,-7.0,2.0,-41.0
1776887630.304103,-10.0,-1.0,-44.0
1776887630.3141026,-12.0,-1.0,-38.0
1776887630.3241026,-7.0,-5.0,-39.0
1776887630.3341026,-3.0,-3.0,-45.0
1776887630.3441026,-3.0,-4.0,-44.0
1776887630.3541028,-3.0,-4.0,-40.0
1776887630.3641028,-2.0,-1.0,-38.0
1776887630.3741028,-4.0,-3.0,-37.0
1776887630.3841028,-5.0,-2.0,-34.0
1776887630.3941028,-3.0,-2.0,-39.0
1776887630.4041028,-5.0,-3.0,-40.0
1776887630.4141028,-2.0,-5.0,-36.0
1776887630.4241028,-1.0,-7.0,-35.0
1776887630.4341028,2.0,-8.0,-42.0
1776887630.4441028,3.0,-10.0,-42.0
1776887630.4541028,7.0,-8.0,-44.0
1776887630.4641027,5.0,-9.0,-45.0
1776887630.4741027,0.0,-5.0,-44.0
1776887630.4841027,-1.0,-4.0,-38.0
1776887630.4941027,-3.0,-3.0,-43.0
1776887630.5041027,-1.0,-3.0,-39.0
1776887630.5141027,1.0,-5.0,-33.0
1776887630.5241027,2.0,-1.0,-34.0
1776887630.534103,1.0,0.0,-31.0
1776887630.544103,3.0,1.0,-27.0
1776887630.554103,6.0,0.0,-35.0
1776887630.5641026,6.0,0.0,-42.0
1776887630.5741026,8.0,4.0,-40.0
1776887630.5841026,12.0,0.0,-38.0
1776887630.5941026,8.0,-2.0,-37.0
1776887630.6041028,6.0,0.0,-33.0
1776887630.6141028,3.0,4.0,-38.0
1776887630.6241028,7.0,5.0,-39.0
1776887630.6341028,3.0,5.0,-41.0
1776887630.6441028,0.0,3.0,-38.0
1776887630.6541028,3.0,2.0,-38.0
1776887630.6641028,1.0,0.0,-44.0
1776887630.6741028,-2.0,0.0,-44.0
1776887630.6841028,-2.0,-1.0,-44.0
1776887630.6941028,-6.0,2.0,-42.0
1776887630.7041028,-8.0,0.0,-41.0
1776887630.7141027,-5.0,1.0,-38.0
1776887630.7241027,-10.0,1.0,-36.0
1776887630.7341027,-10.0,3.0,-34.0
1776887630.7441027,-8.0,2.0,-29.0
1776887630.7541027,-5.0,5.0,-22.0
1776887630.7641027,-6.0,3.0,-24.0
1776887630.7741027,-4.0,2.0,-25.0
1776887630.784103,-2.0,0.0,-26.0
1776887630.794103,-7.0,4.0,-24.0
1776887630.804103,-3.0,7.0,-30.0
1776887630.8141026,-7.0,7.0,-36.0
1776887630.8241026,-1.0,6.0,-41.0
1776887630.8341026,0.0,2.0,-37.0
1776887630.8441026,1.0,4.0,-36.0
1776887630.8541028,-2.0,1.0,-42.0
1776887630.8641028,-2.0,2.0,-44.0
1776887630.8741028,3.0,6.0,-46.0
1776887630.8841028,3.0,4.0,-46.0
1776887630.8941028,0.0,2.0,-43.0
1776887630.9041028,1.0,-1.0,-45.0
1776887630.9141028,2.0,0.0,-43.0
1776887630.9241028,3.0,-2.0,-42.0
1776887630.9341028,7.0,-5.0,-40.0
1776887630.9441028,4.0,-3.0,-39.0
1776887630.9541028,2.0,-5.0,-38.0
1776887630.9641027,0.0,-5.0,-31.0
1776887630.9741027,0.0,-4.0,-29.0
1776887630.9841027,2.0,-6.0,-30.0
1776887630.9941027,0.0,-8.0,-36.0
1776887631.0041027,-1.0,-7.0,-42.0
1776887631.0141027,0.0,-6.0,-45.0
1776887631.0241027,1.0,-9.0,-42.0
1776887631.034103,2.0,-8.0,-37.0
1776887631.044103,5.0,-8.0,-36.0
1776887631.054103,-4.0,-10.0,-38.0
1776887631.0641026,-4.0,-3.0,-35.0
1776887631.0741026,-2.0,-4.0,-37.0
1776887631.0841026,-6.0,3.0,-40.0
1776887631.0941026,-3.0,4.0,-39.0
1776887631.1041028,0.0,7.0,-37.0
1776887631.1141028,2.0,7.0,-46.0
1776887631.1241028,5.0,4.0,-47.0
1776887631.1341028,6.0,4.0,-43.0
1776887631.1441028,8.0,2.0,-43.0
1776887631.1541028,7.0,1.0,-42.0
1776887631.1641028,2.0,-2.0,-39.0
1776887631.1741028,3.0,-3.0,-38.0
1776887631.1841028,4.0,1.0,-43.0
1776887631.1941028,-1.0,0.0,-40.0
1776887631.2041028,-4.0,-3.0,-37.0
1776887631.2141027,-2.0,-9.0,-39.0
1776887631.2241027,0.0,-8.0,-38.0
1776887631.2341027,0.0,-6.0,-34.0
1776887631.2441027,0.0,-7.0,-33.0
1776887631.2541027,-5.0,-7.0,-32.0
1776887631.2641027,-5.0,-7.0,-37.0
1776887631.2741027,-4.0,-2.0,-40.0
1776887631.284103,-2.0,2.0,-44.0
1776887631.294103,-1.0,0.0,-38.0
1776887631.304103,0.0,-3.0,-30.0
1776887631.3141026,-2.0,-5.0,-33.0
1776887631.3241026,0.0,-6.0,-36.0
1776887631.3341026,1.0,-4.0,-29.0
1776887631.3441026,4.0,-1.0,-33.0
1776887631.3541028,1.0,0.0,-35.0
1776887631.3641028,0.0,0.0,-35.0
1776887631.3741028,-4.0,0.0,-33.0
1776887631.3841028,-3.0,2.0,-33.0
1776887631.3941028,-1.0,0.0,-32.0
1776887631.4041028,2.0,-1.0,-31.0
1776887631.4141028,3.0,-2.0,-30.0
1776887631.4241028,5.0,-3.0,-36.0
1776887631.4341028,5.0,-1.0,-44.0
1776887631.4441028,4.0,-3.0,-40.0
1776887631.4541028,3.0,0.0,-40.0
1776887631.4641027,4.0,1.0,-39.0
1776887631.4741027,0.0,2.0,-40.0
1776887631.4841027,4.0,1.0,-41.0
1776887631.4941027,1.0,0.0,-39.0
1776887631.5041027,3.0,2.0,-30.0
1776887631.5141027,0.0,0.0,-32.0
1776887631.5241027,0.0,-1.0,-26.0
1776887631.534103,-1.0,2.0,-20.0
1776887631.544103,-7.0,0.0,-19.0
1776887631.554103,-7.0,0.0,-23.0
1776887631.5641026,-3.0,0.0,-26.0
1776887631.5741026,0.0,1.0,-21.0
1776887631.5841026,-1.0,2.0,-22.0
1776887631.5941026,-5.0,1.0,-23.0
1776887631.6041028,-4.0,0.0,-27.0
1776887631.6141028,-5.0,-5.0,-29.0
1776887631.6241028,-1.0,-4.0,-29.0
1776887631.6341028,0.0,-4.0,-35.0
1776887631.6441028,0.0,-1.0,-35.0
1776887631.6541028,-1.0,0.0,-32.0
1776887631.6641028,-6.0,-2.0,-40.0
1776887631.6741028,0.0,-6.0,-46.0
1776887631.6841028,4.0,-8.0,-45.0
1776887631.6941028,4.0,-7.0,-43.0
1776887631.7041028,4.0,-8.0,-37.0
1776887631.7141027,1.0,-8.0,-31.0
1776887631.7241027,2.0,-4.0,-35.0
1776887631.7341027,0.0,-2.0,-40.0
1776887631.7441027,-3.0,1.0,-41.0
1776887631.7541027,0.0,0.0,-41.0
1776887631.7641027,3.0,-1.0,-39.0
1776887631.7741027,2.0,-1.0,-44.0
1776887631.784103,3.0,4.0,-39.0
1776887631.794103,3.0,1.0,-43.0
1776887631.804103,8.0,0.0,-43.0
1776887631.8141026,1.0,0.0,-38.0
1776887631.8241026,0.0,4.0,-41.0
1776887631.8341026,3.0,1.0,-42.0
1776887631.8441026,3.0,0.0,-42.0
1776887631.8541028,0.0,-1.0,-48.0
1776887631.8641028,0.0,-2.0,-48.0
1776887631.8741028,0.0,-1.0,-48.0
1776887631.8841028,0.0,-1.0,-46.0
1776887631.8941028,0.0,-2.0,-41.0
1776887631.9041028,0.0,0.0,-42.0
1776887631.9141028,1.0,-3.0,-35.0
1776887631.9241028,1.0,-1.0,-30.0
1776887631.9341028,0.0,0.0,-30.0
1776887631.9441028,0.0,-2.0,-35.0
1776887631.9541028,0.0,-1.0,-41.0
1776887631.9641027,2.0,-4.0,-37.0
1776887631.9741027,3.0,-4.0,-40.0
1776887631.9841027,-1.0,-5.0,-41.0
1776887631.9941027,1.0,0.0,-44.0
1776887632.0041027,-1.0,-2.0,-38.0
1776887632.0141027,-2.0,-2.0,-33.0
1776887632.0241027,-2.0,1.0,-32.0
1776887632.034103,-2.0,3.0,-33.0
1776887632.044103,-1.0,0.0,-28.0
1776887632.054103,-4.0,1.0,-30.0
1776887632.0641026,-5.0,2.0,-31.0
1776887632.0751028,-5.0,2.0,-34.0
1776887632.0851028,-5.0,0.0,-34.0
1776887632.0951028,-8.0,0.0,-37.0
1776887632.1051028,-5.0,0.0,-35.0
1776887632.1151028,-3.0,-1.0,-31.0
1776887632.1251028,3.0,0.0,-30.0
1776887632.1351027,2.0,-1.0,-35.0
1776887632.1451027,0.0,-3.0,-35.0
1776887632.1551027,-2.0,0.0,-41.0
1776887632.1651027,-2.0,2.0,-47.0
1776887632.1751027,-3.0,1.0,-44.0
1776887632.1851027,0.0,0.0,-47.0
1776887632.1951027,2.0,0.0,-44.0
1776887632.2051027,0.0,2.0,-46.0
1776887632.215103,-1.0,1.0,-47.0
1776887632.225103,1.0,0.0,-47.0
1776887632.235103,2.0,0.0,-48.0
1776887632.2451026,-1.0,0.0,-47.0
1776887632.2551026,-2.0,-2.0,-45.0
1776887632.2651026,-2.0,-1.0,-44.0
1776887632.2751029,0.0,-1.0,-46.0
1776887632.2851028,0.0,4.0,-49.0
1776887632.2951028,-1.0,1.0,-44.0
1776887632.3051028,3.0,2.0,-36.0
1776887632.3151028,2.0,2.0,-35.0
1776887632.3251028,2.0,3.0,-44.0
1776887632.3351028,3.0,2.0,-46.0
1776887632.3451028,0.0,1.0,-43.0
1776887632.3551028,-3.0,1.0,-45.0
1776887632.3651028,-2.0,-1.0,-38.0
1776887632.3751028,0.0,-1.0,-35.0
1776887632.3851027,6.0,-2.0,-32.0
1776887632.3951027,3.0,1.0,-32.0
1776887632.4051027,3.0,0.0,-34.0
1776887632.4151027,5.0,3.0,-34.0
1776887632.4251027,3.0,1.0,-35.0
1776887632.4351027,4.0,-2.0,-36.0
1776887632.4451027,0.0,0.0,-36.0
1776887632.4551027,0.0,-2.0,-34.0
1776887632.465103,-1.0,1.0,-31.0
1776887632.475103,-4.0,5.0,-38.0
1776887632.485103,-3.0,5.0,-37.0
1776887632.4951026,-5.0,6.0,-38.0
1776887632.5051026,-2.0,8.0,-42.0
1776887632.5151026,-2.0,3.0,-42.0
1776887632.5251029,0.0,0.0,-36.0
1776887632.5351028,0.0,0.0,-38.0
1776887632.5451028,0.0,0.0,-36.0
1776887632.5551028,-7.0,-2.0,-36.0
1776887632.5651028,-6.0,-2.0,-35.0
1776887632.5751028,-6.0,-1.0,-35.0
1776887632.5851028,-1.0,2.0,-36.0
1776887632.5951028,0.0,2.0,-37.0
1776887632.6051028,0.0,3.0,-35.0
1776887632.6151028,2.0,1.0,-39.0
1776887632.6251028,0.0,4.0,-39.0
1776887632.6351027,-3.0,6.0,-40.0
1776887632.6451027,-1.0,6.0,-42.0
1776887632.6551027,2.0,1.0,-45.0
1776887632.6651027,3.0,0.0,-49.0
1776887632.6751027,0.0,1.0,-47.0
1776887632.6851027,-1.0,0.0,-42.0
1776887632.6951027,2.0,-1.0,-40.0
1776887632.7051027,5.0,-2.0,-39.0
1776887632.715103,2.0,-3.0,-39.0
1776887632.725103,0.0,-1.0,-36.0
1776887632.735103,0.0,-4.0,-38.0
1776887632.7451026,-2.0,-1.0,-33.0
1776887632.7551026,0.0,-2.0,-38.0
1776887632.7651026,6.0,0.0,-39.0
1776887632.7751029,4.0,-1.0,-42.0
1776887632.7851028,2.0,-1.0,-43.0
1776887632.7951028,1.0,0.0,-42.0
1776887632.8051028,1.0,1.0,-47.0
1776887632.8151028,5.0,1.0,-40.0
1776887632.8251028,6.0,0.0,-37.0
1776887632.8351028,8.0,0.0,-37.0
1776887632.8451028,8.0,0.0,-42.0
1776887632.8551028,5.0,-2.0,-40.0
1776887632.8651028,7.0,-2.0,-39.0
1776887632.8751028,4.0,-1.0,-34.0
1776887632.8851027,3.0,-2.0,-35.0
1776887632.8951027,6.0,0.0,-39.0
1776887632.9051027,7.0,2.0,-37.0
1776887632.9151027,4.0,1.0,-42.0
1776887632.9251027,4.0,3.0,-42.0
1776887632.9351027,2.0,5.0,-43.0
1776887632.9451027,-2.0,0.0,-49.0
1776887632.9551027,0.0,5.0,-41.0
1776887632.965103,0.0,1.0,-42.0
1776887632.975103,0.0,0.0,-36.0
1776887632.985103,-1.0,0.0,-37.0
1776887632.9951026,0.0,0.0,-41.0
1776887633.0051026,0.0,-5.0,-41.0
1776887633.0151026,1.0,-5.0,-41.0
1776887633.0251029,-1.0,-7.0,-48.0
1776887633.0351028,0.0,-6.0,-48.0
1776887633.0451028,6.0,-4.0,-43.0
1776887633.0551028,9.0,-4.0,-34.0
1776887633.0651028,5.0,-8.0,-32.0
1776887633.0751028,0.0,-9.0,-36.0
1776887633.0851028,-3.0,-9.0,-34.0
1776887633.0951028,0.0,-10.0,-34.0
1776887633.1051028,0.0,-7.0,-33.0
1776887633.1151028,-2.0,-10.0,-34.0
1776887633.1251028,-1.0,-9.0,-34.0
1776887633.1351027,3.0,-4.0,-32.0
1776887633.1451027,1.0,0.0,-36.0
1776887633.1551027,0.0,0.0,-34.0
1776887633.1651027,3.0,2.0,-40.0
1776887633.1751027,7.0,6.0,-42.0
1776887633.1851027,7.0,9.0,-42.0
1776887633.1951027,9.0,7.0,-36.0
1776887633.2051027,7.0,3.0,-29.0
1776887633.215103,9.0,3.0,-31.0
1776887633.225103,6.0,1.0,-41.0
1776887633.235103,4.0,-1.0,-39.0
1776887633.2451026,5.0,0.0,-38.0
1776887633.2551026,0.0,-3.0,-37.0
1776887633.2651026,0.0,-2.0,-34.0
1776887633.2751029,0.0,-4.0,-34.0
1776887633.2851028,0.0,-3.0,-33.0
1776887633.2951028,2.0,-1.0,-26.0
1776887633.3051028,1.0,-2.0,-30.0
1776887633.3151028,2.0,-3.0,-27.0
1776887633.3251028,8.0,-4.0,-26.0
1776887633.3351028,5.0,-6.0,-27.0
1776887633.3451028,4.0,-7.0,-31.0
1776887633.3551028,6.0,-10.0,-35.0
1776887633.3651028,5.0,-5.0,-40.0
1776887633.3751028,4.0,-2.0,-34.0
1776887633.3851027,7.0,-2.0,-27.0
1776887633.3951027,11.0,0.0,-30.0
1776887633.4051027,13.0,0.0,-25.0
1776887633.4151027,9.0,0.0,-26.0
1776887633.4251027,6.0,-2.0,-28.0
1776887633.4351027,3.0,-7.0,-28.0
1776887633.4451027,2.0,-2.0,-38.0
1776887633.4551027,4.0,1.0,-32.0
1776887633.465103,10.0,0.0,-31.0
1776887633.4761028,7.0,2.0,-29.0
1776887633.485103,-4.0,-1.0,-36.0
1776887633.4951026,-4.0,0.0,-39.0
1776887633.5051026,-4.0,0.0,-43.0
1776887633.5151026,-3.0,0.0,-42.0
1776887633.5251029,-1.0,-1.0,-43.0
1776887633.5351028,1.0,-4.0,-42.0
1776887633.5451028,1.0,-4.0,-42.0
1776887633.5551028,1.0,-3.0,-42.0
1776887633.5651028,1.0,0.0,-41.0
1776887633.5751028,2.0,-2.0,-37.0
1776887633.5851028,2.0,-2.0,-33.0
1776887633.5951028,2.0,-1.0,-28.0
1776887633.6051028,5.0,1.0,-28.0
1776887633.6151028,4.0,2.0,-28.0
1776887633.6251028,3.0,1.0,-30.0
1776887633.6351027,4.0,-6.0,-36.0
1776887633.6451027,4.0,-7.0,-32.0
1776887633.6551027,5.0,-5.0,-36.0
1776887633.6651027,0.0,0.0,-35.0
1776887633.6751027,-2.0,0.0,-30.0
1776887633.6851027,0.0,-2.0,-28.0
1776887633.6951027,-4.0,-3.0,-35.0
1776887633.7051027,-5.0,-6.0,-31.0
1776887633.715103,-3.0,-5.0,-34.0
1776887633.725103,-4.0,-6.0,-29.0
1776887633.735103,-2.0,-4.0,-35.0
1776887633.7451026,2.0,0.0,-32.0
1776887633.7551026,-1.0,0.0,-29.0
1776887633.7651026,-1.0,0.0,-32.0
1776887633.7751029,-2.0,0.0,-32.0
1776887633.7851028,-3.0,0.0,-29.0
1776887633.7951028,-1.0,3.0,-27.0
1776887633.8051028,0.0,5.0,-33.0
1776887633.8151028,1.0,8.0,-33.0
1776887633.8251028,0.0,8.0,-35.0
1776887633.8351028,1.0,7.0,-32.0
1776887633.8451028,1.0,5.0,-30.0
1776887633.8551028,0.0,3.0,-30.0
1776887633.8651028,0.0,0.0,-22.0
1776887633.8751028,1.0,-4.0,-27.0
1776887633.8851027,1.0,-1.0,-25.0
1776887633.8951027,4.0,-1.0,-29.0
1776887633.9051027,5.0,0.0,-32.0
1776887633.9151027,8.0,4.0,-27.0
1776887633.9251027,5.0,0.0,-29.0
1776887633.9351027,9.0,0.0,-32.0
1776887633.9451027,7.0,-1.0,-35.0
1776887633.9551027,6.0,0.0,-42.0
1776887633.965103,9.0,-2.0,-43.0
1776887633.975103,5.0,-6.0,-39.0
1776887633.985103,4.0,-2.0,-43.0
1776887633.9951026,7.0,-2.0,-46.0
1776887634.0051026,9.0,-2.0,-43.0
1776887634.0151026,8.0,-9.0,-38.0
1776887634.0251029,7.0,-10.0,-34.0
1776887634.0351028,5.0,-10.0,-36.0
1776887634.0451028,5.0,-5.0,-33.0
1776887634.0551028,2.0,-3.0,-37.0
1776887634.0661027,-4.0,-3.0,-44.0
1776887634.0761027,-1.0,0.0,-38.0
1776887634.0861027,1.0,4.0,-35.0
1776887634.0961027,-1.0,2.0,-34.0
1776887634.1061027,2.0,-2.0,-38.0
1776887634.1161027,3.0,-4.0,-37.0
1776887634.1261027,6.0,-3.0,-34.0
1776887634.136103,4.0,-2.0,-34.0
1776887634.146103,5.0,-2.0,-30.0
1776887634.156103,6.0,-3.0,-33.0
1776887634.1661026,5.0,-4.0,-41.0
1776887634.1761026,4.0,1.0,-39.0
1776887634.1861026,4.0,0.0,-42.0
1776887634.1961029,2.0,0.0,-41.0
1776887634.2061028,0.0,4.0,-36.0
1776887634.2161028,-1.0,3.0,-38.0
1776887634.2261028,0.0,2.0,-31.0
1776887634.2361028,0.0,0.0,-27.0
1776887634.2461028,0.0,-1.0,-34.0
1776887634.2561028,5.0,0.0,-40.0
1776887634.2661028,5.0,2.0,-39.0
1776887634.2761028,0.0,-2.0,-26.0
1776887634.2861028,-3.0,-8.0,-27.0
1776887634.2961028,-4.0,-7.0,-27.0
1776887634.3061028,-1.0,-5.0,-32.0
1776887634.3161027,0.0,-6.0,-32.0
1776887634.3261027,0.0,-2.0,-27.0
1776887634.3361027,0.0,-1.0,-31.0
1776887634.3461027,2.0,0.0,-36.0
1776887634.3561027,0.0,-1.0,-43.0
1776887634.3661027,0.0,-2.0,-40.0
1776887634.3761027,7.0,-5.0,-35.0
1776887634.386103,1.0,-2.0,-38.0
1776887634.396103,0.0,-4.0,-36.0
1776887634.406103,1.0,-5.0,-38.0
1776887634.4161026,1.0,-5.0,-31.0
1776887634.4261026,0.0,-6.0,-34.0
1776887634.4361026,-1.0,-3.0,-40.0
1776887634.4461029,1.0,-3.0,-42.0
1776887634.4561028,0.0,-6.0,-42.0
1776887634.4661028,-4.0,-5.0,-39.0
1776887634.4761028,-4.0,0.0,-37.0
1776887634.4861028,-2.0,-1.0,-47.0
1776887634.4961028,-2.0,2.0,-46.0
1776887634.5061028,-2.0,0.0,-43.0
1776887634.5161028,0.0,-3.0,-42.0
1776887634.5261028,2.0,-4.0,-43.0
1776887634.5361028,4.0,-7.0,-39.0
1776887634.5461028,4.0,-12.0,-32.0
1776887634.5561028,2.0,-10.0,-27.0
1776887634.5661027,3.0,-8.0,-31.0
1776887634.5761027,6.0,-9.0,-31.0
1776887634.5861027,6.0,-5.0,-35.0
1776887634.5961027,3.0,-3.0,-34.0
1776887634.6061027,-1.0,-8.0,-36.0
1776887634.6161027,0.0,-8.0,-44.0
1776887634.6261027,0.0,0.0,-45.0
1776887634.636103,-6.0,-3.0,-36.0
1776887634.646103,-5.0,-1.0,-41.0
1776887634.656103,-5.0,-2.0,-37.0
1776887634.6661026,-5.0,-1.0,-39.0
1776887634.6761026,-3.0,0.0,-38.0
1776887634.6861026,-5.0,-1.0,-31.0
1776887634.6961029,-3.0,-2.0,-30.0
1776887634.7061028,1.0,-1.0,-38.0
1776887634.7161028,1.0,-5.0,-42.0
1776887634.7261028,2.0,-6.0,-45.0
1776887634.7361028,2.0,-1.0,-46.0
1776887634.7461028,3.0,0.0,-47.0
1776887634.7561028,6.0,1.0,-42.0
1776887634.7661028,1.0,2.0,-48.0
1776887634.7761028,4.0,2.0,-46.0
1776887634.7861028,1.0,-1.0,-42.0
1776887634.7961028,2.0,-3.0,-39.0
1776887634.8061028,1.0,-5.0,-35.0
1776887634.8161027,2.0,-4.0,-40.0
1776887634.8261027,3.0,-5.0,-33.0
1776887634.8361027,7.0,-4.0,-32.0
1776887634.8461027,5.0,0.0,-30.0
1776887634.8561027,6.0,-5.0,-33.0
1776887634.8661027,7.0,-4.0,-35.0
1776887634.8761027,1.0,-4.0,-38.0
1776887634.886103,-2.0,-7.0,-40.0
1776887634.896103,-5.0,-6.0,-42.0
1776887634.906103,-4.0,-3.0,-43.0
1776887634.9161026,0.0,-3.0,-44.0
1776887634.9261026,3.0,-4.0,-47.0
1776887634.9361026,2.0,-3.0,-46.0
1776887634.9461029,0.0,-3.0,-51.0
1776887634.9561028,-1.0,-2.0,-41.0
1776887634.9661028,-2.0,2.0,-38.0
1776887634.9761028,0.0,0.0,-43.0
1776887634.9861028,3.0,0.0,-31.0
1776887634.9961028,1.0,0.0,-25.0
1776887635.0061028,5.0,0.0,-28.0
1776887635.0161028,4.0,1.0,-31.0
1776887635.0261028,3.0,3.0,-33.0
1776887635.0361028,3.0,5.0,-31.0
1776887635.0461028,0.0,5.0,-22.0
1776887635.0561028,-1.0,5.0,-26.0
1776887635.0661027,0.0,6.0,-28.0
1776887635.0761027,0.0,2.0,-36.0
1776887635.0861027,0.0,4.0,-35.0
1776887635.0961027,5.0,5.0,-38.0
1776887635.1061027,8.0,4.0,-28.0
1776887635.1161027,4.0,3.0,-32.0
1776887635.1261027,5.0,0.0,-36.0
1776887635.136103,6.0,-1.0,-39.0
1776887635.146103,1.0,-1.0,-39.0
1776887635.156103,0.0,-1.0,-38.0
1776887635.1661026,1.0,-3.0,-40.0
1776887635.1761026,4.0,-7.0,-42.0
1776887635.1861026,5.0,-7.0,-33.0
1776887635.1961029,2.0,-4.0,-30.0
1776887635.2061028,0.0,-1.0,-28.0
1776887635.2171028,0.0,-2.0,-33.0
1776887635.2261028,-2.0,-2.0,-30.0
1776887635.2361028,-2.0,-3.0,-30.0
1776887635.2461028,0.0,-2.0,-34.0
1776887635.2561028,0.0,0.0,-36.0
1776887635.2661028,-3.0,0.0,-32.0
1776887635.2761028,0.0,0.0,-35.0
1776887635.2861028,0.0,0.0,-35.0
1776887635.2961028,3.0,-1.0,-35.0
1776887635.3061028,7.0,-4.0,-38.0
1776887635.3161027,2.0,0.0,-34.0
1776887635.3261027,4.0,1.0,-29.0
1776887635.3361027,3.0,4.0,-24.0
1776887635.3461027,4.0,8.0,-26.0
1776887635.3561027,6.0,5.0,-33.0
1776887635.3661027,4.0,0.0,-33.0
1776887635.3761027,-1.0,-1.0,-35.0
1776887635.386103,0.0,0.0,-37.0
1776887635.396103,0.0,0.0,-40.0
1776887635.406103,-1.0,0.0,-43.0
1776887635.4161026,0.0,0.0,-40.0
1776887635.4261026,3.0,1.0,-30.0
1776887635.4361026,4.0,2.0,-29.0
1776887635.4461029,4.0,4.0,-34.0
1776887635.4561028,0.0,8.0,-36.0
1776887635.4661028,0.0,3.0,-42.0
1776887635.4761028,0.0,0.0,-43.0
1776887635.4861028,1.0,-2.0,-42.0
1776887635.4961028,1.0,-1.0,-33.0
1776887635.5061028,-2.0,0.0,-41.0
1776887635.5161028,-5.0,-4.0,-34.0
1776887635.5261028,-6.0,-1.0,-29.0
1776887635.5361028,-4.0,2.0,-30.0
1776887635.5461028,-5.0,4.0,-33.0
1776887635.5561028,0.0,3.0,-39.0
1776887635.5661027,0.0,2.0,-39.0
1776887635.5761027,0.0,2.0,-37.0
1776887635.5861027,1.0,4.0,-30.0
1776887635.5961027,4.0,2.0,-30.0
1776887635.6061027,0.0,0.0,-32.0
1776887635.6161027,-2.0,-5.0,-30.0
1776887635.6261027,-6.0,-3.0,-23.0
1776887635.636103,-5.0,-3.0,-28.0
1776887635.646103,-4.0,0.0,-24.0
1776887635.656103,0.0,2.0,-32.0
1776887635.6661026,5.0,1.0,-34.0
1776887635.6761026,2.0,1.0,-36.0
1776887635.6861026,6.0,4.0,-32.0
1776887635.6961029,2.0,6.0,-35.0
1776887635.7061028,0.0,0.0,-32.0
1776887635.7161028,1.0,0.0,-33.0
1776887635.7261028,-1.0,1.0,-28.0
1776887635.7361028,-1.0,1.0,-36.0
1776887635.7461028,-1.0,2.0,-34.0
1776887635.7561028,0.0,4.0,-36.0
1776887635.7661028,-3.0,0.0,-37.0
1776887635.7761028,-7.0,-6.0,-35.0
1776887635.7861028,-5.0,-7.0,-31.0
1776887635.7961028,-2.0,-8.0,-33.0
1776887635.8061028,0.0,-7.0,-35.0
1776887635.8161027,2.0,-11.0,-33.0
1776887635.8261027,6.0,-10.0,-32.0
1776887635.8361027,9.0,-7.0,-35.0
1776887635.8461027,9.0,-4.0,-39.0
1776887635.8561027,3.0,-9.0,-35.0
1776887635.8661027,3.0,-8.0,-32.0
1776887635.8761027,2.0,-6.0,-27.0
1776887635.886103,3.0,-3.0,-24.0
1776887635.896103,7.0,-3.0,-22.0
1776887635.906103,2.0,-4.0,-30.0
1776887635.9161026,0.0,-6.0,-41.0
1776887635.9261026,2.0,-4.0,-43.0
1776887635.9361026,0.0,-1.0,-43.0
1776887635.9461029,0.0,1.0,-46.0
1776887635.9561028,-2.0,0.0,-51.0
1776887635.9661028,-4.0,1.0,-43.0
1776887635.9761028,-5.0,0.0,-38.0
1776887635.9861028,-3.0,-3.0,-29.0
1776887635.9961028,0.0,-4.0,-23.0
1776887636.0061028,4.0,-1.0,-26.0
1776887636.0161028,6.0,-1.0,-29.0
1776887636.0261028,5.0,-1.0,-24.0
1776887636.0361028,2.0,1.0,-32.0
1776887636.0461028,-1.0,0.0,-35.0
1776887636.0561028,-1.0,1.0,-30.0
1776887636.0661027,2.0,4.0,-27.0
1776887636.0761027,3.0,1.0,-30.0
1776887636.087103,1.0,1.0,-27.0
1776887636.0971026,5.0,0.0,-31.0
1776887636.1071026,6.0,1.0,-35.0
1776887636.1171026,4.0,4.0,-36.0
1776887636.1271029,1.0,5.0,-35.0
1776887636.1371028,0.0,2.0,-33.0
1776887636.1471028,-1.0,0.0,-42.0
1776887636.1571028,-3.0,-2.0,-38.0
1776887636.1671028,-3.0,-7.0,-34.0
1776887636.1771028,-2.0,-3.0,-29.0
1776887636.1871028,0.0,-5.0,-29.0
1776887636.1971028,0.0,0.0,-35.0
1776887636.2071028,0.0,0.0,-32.0
1776887636.2171028,-4.0,2.0,-32.0
1776887636.2271028,2.0,0.0,-38.0
1776887636.2371027,3.0,0.0,-40.0
1776887636.2471027,4.0,-4.0,-37.0
1776887636.2571027,4.0,-5.0,-39.0
1776887636.2671027,3.0,-8.0,-40.0
1776887636.2771027,2.0,-6.0,-34.0
1776887636.2871027,5.0,-9.0,-31.0
1776887636.2971027,10.0,-9.0,-34.0
1776887636.307103,11.0,-6.0,-39.0
1776887636.317103,14.0,-2.0,-36.0
1776887636.327103,16.0,3.0,-37.0
1776887636.337103,13.0,6.0,-40.0
1776887636.3471026,11.0,4.0,-39.0
1776887636.3571026,10.0,4.0,-36.0
1776887636.3671026,10.0,3.0,-35.0
1776887636.3771029,2.0,0.0,-35.0
1776887636.3871028,0.0,2.0,-37.0
1776887636.3971028,2.0,-1.0,-45.0
1776887636.4071028,0.0,-1.0,-45.0
1776887636.4171028,2.0,-1.0,-50.0
1776887636.4271028,3.0,1.0,-45.0
1776887636.4371028,4.0,0.0,-42.0
1776887636.4471028,4.0,-1.0,-39.0
1776887636.4571028,3.0,-1.0,-39.0
1776887636.4671028,2.0,0.0,-35.0
1776887636.4771028,3.0,-3.0,-33.0
1776887636.4871027,0.0,-1.0,-35.0
1776887636.4971027,-1.0,-3.0,-32.0
1776887636.5071027,-3.0,0.0,-35.0
1776887636.5171027,-1.0,-2.0,-32.0
1776887636.5271027,-1.0,-1.0,-30.0
1776887636.5371027,-2.0,-3.0,-41.0
1776887636.5471027,0.0,-4.0,-38.0
1776887636.557103,-1.0,-5.0,-36.0
1776887636.567103,-1.0,-4.0,-38.0
1776887636.577103,-3.0,-1.0,-42.0
1776887636.587103,-2.0,0.0,-44.0
1776887636.5971026,-1.0,1.0,-42.0
1776887636.6071026,-3.0,0.0,-40.0
1776887636.6171026,0.0,1.0,-34.0
1776887636.6271029,-1.0,3.0,-30.0
1776887636.6371028,-2.0,6.0,-29.0
1776887636.6471028,0.0,5.0,-30.0
1776887636.6571028,5.0,0.0,-37.0
1776887636.6671028,5.0,-2.0,-34.0
1776887636.6771028,10.0,-6.0,-36.0
1776887636.6871028,10.0,-3.0,-35.0
1776887636.6971028,5.0,-3.0,-37.0
1776887636.7071028,7.0,0.0,-32.0
1776887636.7171028,6.0,2.0,-31.0
1776887636.7271028,7.0,4.0,-34.0
1776887636.7371027,12.0,3.0,-32.0
1776887636.7471027,11.0,0.0,-30.0
1776887636.7571027,9.0,1.0,-28.0
1776887636.7671027,8.0,1.0,-30.0
1776887636.7771027,9.0,2.0,-34.0
1776887636.7871027,7.0,-2.0,-36.0
1776887636.7971027,3.0,0.0,-37.0
1776887636.807103,3.0,-2.0,-45.0
1776887636.817103,1.0,-3.0,-43.0
1776887636.827103,6.0,-1.0,-40.0
1776887636.837103,6.0,-3.0,-38.0
1776887636.8471026,2.0,-7.0,-34.0
1776887636.8571026,6.0,-3.0,-28.0
1776887636.8671026,4.0,-4.0,-29.0
1776887636.8771029,0.0,-4.0,-34.0
1776887636.8871028,3.0,-2.0,-33.0
1776887636.8971028,1.0,-3.0,-34.0
1776887636.9071028,0.0,-2.0,-34.0
1776887636.9171028,2.0,-5.0,-36.0
1776887636.9271028,-2.0,-9.0,-37.0
1776887636.9371028,0.0,-6.0,-38.0
1776887636.9471028,-2.0,-2.0,-35.0
1776887636.9571028,0.0,-3.0,-34.0
1776887636.9671028,3.0,-4.0,-37.0
1776887636.9771028,4.0,-6.0,-36.0
1776887636.9871027,7.0,-8.0,-31.0
1776887636.9971027,5.0,-7.0,-31.0
1776887637.0071027,5.0,-6.0,-34.0
1776887637.0171027,4.0,-7.0,-36.0
1776887637.0271027,4.0,-7.0,-35.0
1776887637.0371027,5.0,-2.0,-34.0
1776887637.0471027,11.0,0.0,-36.0
1776887637.057103,9.0,1.0,-35.0
1776887637.067103,7.0,0.0,-29.0
1776887637.077103,7.0,0.0,-34.0
1776887637.087103,5.0,0.0,-31.0
1776887637.0971026,6.0,0.0,-33.0
1776887637.1071026,0.0,-1.0,-33.0
1776887637.1171026,0.0,0.0,-32.0
1776887637.1271029,-1.0,0.0,-33.0
1776887637.1371028,2.0,-1.0,-29.0
1776887637.1471028,3.0,-3.0,-34.0
1776887637.1571028,2.0,0.0,-37.0
1776887637.1671028,1.0,-4.0,-35.0
1776887637.1771028,1.0,-6.0,-36.0
1776887637.1871028,5.0,-5.0,-37.0
1776887637.1971028,2.0,-5.0,-40.0
1776887637.2071028,2.0,-6.0,-40.0
1776887637.2171028,4.0,-7.0,-39.0
1776887637.2271028,0.0,-7.0,-42.0
1776887637.2371027,-2.0,-6.0,-49.0
1776887637.2471027,0.0,-3.0,-48.0
1776887637.2571027,0.0,-2.0,-44.0
1776887637.2671027,1.0,-2.0,-41.0
1776887637.2771027,2.0,0.0,-39.0
1776887637.2871027,-1.0,-1.0,-37.0
1776887637.2971027,-1.0,-3.0,-35.0
1776887637.307103,0.0,-6.0,-39.0
1776887637.317103,0.0,-11.0,-35.0
1776887637.327103,-4.0,-15.0,-32.0
1776887637.337103,-7.0,-12.0,-33.0
1776887637.3471026,-6.0,-11.0,-34.0
1776887637.3571026,-5.0,-7.0,-27.0
1776887637.3671026,-5.0,-4.0,-27.0
1776887637.3771029,-8.0,-3.0,-26.0
1776887637.3871028,-7.0,-1.0,-29.0
1776887637.3971028,-3.0,0.0,-24.0
1776887637.4071028,-2.0,-4.0,-19.0
1776887637.4171028,2.0,-6.0,-26.0
1776887637.4271028,4.0,-6.0,-35.0
1776887637.4371028,2.0,-5.0,-33.0
1776887637.4471028,7.0,-2.0,-32.0
1776887637.4571028,7.0,0.0,-29.0
1776887637.4671028,10.0,-1.0,-34.0
1776887637.4771028,10.0,0.0,-42.0
1776887637.4871027,9.0,0.0,-46.0
1776887637.4971027,9.0,0.0,-52.0
1776887637.5071027,9.0,0.0,-52.0
1776887637.5171027,5.0,-2.0,-55.0
1776887637.5271027,6.0,0.0,-54.0
1776887637.5371027,5.0,0.0,-51.0
1776887637.5471027,4.0,-2.0,-50.0
1776887637.557103,-1.0,0.0,-43.0
1776887637.567103,4.0,0.0,-38.0
1776887637.577103,4.0,-1.0,-38.0
1776887637.587103,8.0,-3.0,-41.0
1776887637.5971026,9.0,-8.0,-41.0
1776887637.6071026,8.0,-12.0,-40.0
1776887637.6171026,2.0,-10.0,-41.0
1776887637.6271029,3.0,-2.0,-47.0
1776887637.6371028,5.0,0.0,-43.0
1776887637.6471028,8.0,3.0,-42.0
1776887637.6571028,2.0,6.0,-37.0
1776887637.6671028,2.0,5.0,-33.0
1776887637.6771028,0.0,1.0,-35.0
1776887637.6871028,0.0,2.0,-28.0
1776887637.6971028,0.0,-1.0,-28.0
1776887637.7071028,-2.0,-6.0,-24.0
1776887637.7171028,-3.0,-7.0,-30.0
1776887637.7271028,1.0,-6.0,-38.0
1776887637.7371027,6.0,-3.0,-39.0
1776887637.7471027,7.0,0.0,-46.0
1776887637.7571027,4.0,0.0,-43.0
1776887637.7671027,6.0,1.0,-45.0
1776887637.7771027,7.0,1.0,-42.0
1776887637.7871027,1.0,1.0,-36.0
1776887637.7971027,4.0,-1.0,-35.0
1776887637.807103,2.0,2.0,-25.0
1776887637.817103,4.0,-1.0,-37.0
1776887637.827103,0.0,1.0,-44.0
1776887637.837103,0.0,0.0,-43.0
1776887637.8471026,3.0,2.0,-45.0
1776887637.8571026,3.0,1.0,-40.0
1776887637.8671026,3.0,2.0,-36.0
1776887637.8771029,1.0,3.0,-33.0
1776887637.8871028,-1.0,5.0,-41.0
1776887637.8971028,-1.0,3.0,-34.0
1776887637.9071028,0.0,0.0,-30.0
1776887637.9171028,-5.0,0.0,-35.0
1776887637.9271028,-4.0,-1.0,-35.0
1776887637.9371028,-2.0,2.0,-35.0
1776887637.9471028,0.0,-1.0,-38.0
1776887637.9571028,0.0,-8.0,-33.0
1776887637.9671028,6.0,-9.0,-25.0
1776887637.9771028,8.0,-3.0,-23.0
1776887637.9871027,5.0,-4.0,-22.0
1776887637.9971027,3.0,-2.0,-27.0
1776887638.0071027,4.0,-3.0,-26.0
1776887638.0171027,1.0,-1.0,-23.0
1776887638.0271027,0.0,0.0,-23.0
1776887638.0371027,1.0,2.0,-29.0
1776887638.0481029,2.0,0.0,-26.0
1776887638.0581028,0.0,0.0,-24.0
1776887638.067103,6.0,0.0,-20.0
1776887638.0781028,4.0,1.0,-21.0
1776887638.0881028,5.0,3.0,-21.0
1776887638.0981028,3.0,6.0,-26.0
1776887638.1081028,5.0,7.0,-27.0
1776887638.1181028,1.0,7.0,-28.0
1776887638.1281028,0.0,8.0,-24.0
1776887638.1381028,0.0,3.0,-27.0
1776887638.1481028,0.0,0.0,-27.0
1776887638.1581028,0.0,-1.0,-35.0
1776887638.1681027,-1.0,-6.0,-37.0
1776887638.1781027,1.0,-7.0,-40.0
1776887638.1881027,6.0,-1.0,-33.0
1776887638.1981027,10.0,-3.0,-36.0
1776887638.2081027,13.0,-1.0,-39.0
1776887638.2181027,8.0,-1.0,-42.0
1776887638.2281027,10.0,-1.0,-45.0
1776887638.238103,8.0,-6.0,-43.0
1776887638.248103,8.0,-1.0,-42.0
1776887638.258103,8.0,0.0,-40.0
1776887638.2681026,8.0,3.0,-42.0
1776887638.2781026,6.0,0.0,-43.0
1776887638.2891028,2.0,2.0,-43.0
1776887638.2981029,-1.0,2.0,-47.0
1776887638.3081028,-1.0,1.0,-46.0
1776887638.3181028,1.0,0.0,-36.0
1776887638.3281028,0.0,1.0,-40.0
1776887638.3381028,-3.0,-3.0,-40.0
1776887638.3481028,-10.0,-5.0,-47.0
1776887638.3581028,-10.0,-8.0,-47.0
1776887638.3681028,-6.0,-6.0,-48.0
1776887638.3781028,2.0,-4.0,-41.0
1776887638.3881028,5.0,-2.0,-38.0
1776887638.3981028,6.0,-4.0,-34.0
1776887638.4081028,2.0,-7.0,-38.0
1776887638.4181027,2.0,-6.0,-35.0
1776887638.4281027,1.0,-9.0,-34.0
1776887638.4381027,4.0,-10.0,-35.0
1776887638.4481027,8.0,-5.0,-35.0
1776887638.4581027,9.0,-2.0,-37.0
1776887638.4681027,7.0,-1.0,-38.0
1776887638.4781027,4.0,-1.0,-47.0
1776887638.488103,2.0,-3.0,-41.0
1776887638.498103,2.0,-3.0,-34.0
1776887638.508103,4.0,-6.0,-34.0
1776887638.5181026,4.0,-5.0,-37.0
1776887638.5281026,1.0,-5.0,-43.0
1776887638.5381026,-1.0,-5.0,-38.0
1776887638.5481029,-2.0,-6.0,-32.0
1776887638.5581028,-1.0,-3.0,-36.0
1776887638.5681028,-2.0,-1.0,-30.0
1776887638.5781028,-5.0,0.0,-37.0
1776887638.5881028,-3.0,1.0,-36.0
1776887638.5981028,-2.0,3.0,-34.0
1776887638.6081028,4.0,2.0,-35.0
1776887638.6181028,5.0,6.0,-31.0
1776887638.6281028,5.0,5.0,-37.0
1776887638.6381028,0.0,2.0,-42.0
1776887638.6481028,-2.0,0.0,-46.0
1776887638.6581028,2.0,0.0,-49.0
1776887638.6681027,3.0,5.0,-51.0
1776887638.6781027,7.0,5.0,-48.0
1776887638.6881027,3.0,3.0,-48.0
1776887638.6981027,-3.0,1.0,-45.0
1776887638.7081027,-1.0,2.0,-43.0
1776887638.7181027,0.0,4.0,-40.0
1776887638.7281027,0.0,0.0,-36.0
1776887638.738103,1.0,1.0,-31.0
1776887638.748103,2.0,-3.0,-32.0
1776887638.758103,4.0,-5.0,-39.0
1776887638.7681026,3.0,-8.0,-43.0
1776887638.7781026,4.0,-6.0,-41.0
1776887638.7881026,1.0,-5.0,-35.0
1776887638.7981029,0.0,-4.0,-37.0
1776887638.8081028,1.0,-7.0,-39.0
1776887638.8181028,0.0,-6.0,-46.0
1776887638.8281028,0.0,-3.0,-45.0
1776887638.8381028,-3.0,-3.0,-41.0
1776887638.8481028,-1.0,-2.0,-48.0
1776887638.8581028,-2.0,-3.0,-45.0
1776887638.8681028,-1.0,-8.0,-36.0
1776887638.8781028,-3.0,-6.0,-34.0
1776887638.8881028,-5.0,-2.0,-37.0
1776887638.8981028,-4.0,-2.0,-41.0
1776887638.9081028,0.0,3.0,-43.0
1776887638.9181027,0.0,1.0,-45.0
1776887638.9281027,0.0,-1.0,-43.0
1776887638.9381027,0.0,1.0,-44.0
1776887638.9481027,0.0,3.0,-44.0
1776887638.9581027,0.0,0.0,-42.0
1776887638.9681027,1.0,-1.0,-37.0
1776887638.9781027,-1.0,-2.0,-31.0
1776887638.988103,4.0,0.0,-29.0
1776887638.998103,5.0,-3.0,-31.0
1776887639.008103,6.0,-2.0,-36.0
1776887639.0181026,1.0,-1.0,-32.0
1776887639.0281026,1.0,0.0,-22.0
1776887639.0381026,2.0,-3.0,-22.0
1776887639.0481029,-1.0,-4.0,-31.0
1776887639.0581028,-3.0,-6.0,-35.0
1776887639.0681028,-2.0,-4.0,-30.0
1776887639.0781028,-5.0,-3.0,-33.0
1776887639.0881028,-1.0,-4.0,-35.0
1776887639.0981028,-1.0,-5.0,-40.0
1776887639.1081028,-1.0,-3.0,-40.0
1776887639.1181028,-5.0,-1.0,-40.0
1776887639.1281028,-1.0,1.0,-35.0
1776887639.1381028,-2.0,0.0,-34.0
1776887639.1481028,-4.0,0.0,-41.0
1776887639.1581028,-5.0,1.0,-41.0
1776887639.1681027,-5.0,2.0,-37.0
1776887639.1781027,-7.0,2.0,-42.0
1776887639.1881027,-3.0,-5.0,-43.0
1776887639.1981027,-3.0,-4.0,-49.0
1776887639.2081027,2.0,-1.0,-38.0
1776887639.2181027,3.0,-2.0,-32.0
1776887639.2281027,-1.0,0.0,-42.0
1776887639.238103,-3.0,0.0,-49.0
1776887639.248103,0.0,-2.0,-47.0
1776887639.258103,0.0,-5.0,-51.0
1776887639.2681026,0.0,-4.0,-41.0
1776887639.2781026,0.0,-6.0,-33.0
1776887639.2881026,2.0,-8.0,-40.0
1776887639.2981029,2.0,-6.0,-39.0
1776887639.3081028,6.0,-4.0,-41.0
1776887639.3181028,1.0,-5.0,-38.0
1776887639.3281028,1.0,-5.0,-38.0
1776887639.3381028,-2.0,-9.0,-35.0
1776887639.3481028,-2.0,-6.0,-34.0
1776887639.3581028,-4.0,-4.0,-35.0
1776887639.3681028,-1.0,-4.0,-40.0
1776887639.3781028,0.0,-1.0,-41.0
1776887639.3881028,0.0,-1.0,-36.0
1776887639.3981028,0.0,-2.0,-39.0
1776887639.4081028,0.0,1.0,-40.0
1776887639.4181027,2.0,2.0,-36.0
1776887639.4281027,-3.0,1.0,-30.0
1776887639.4381027,2.0,1.0,-33.0
1776887639.4481027,3.0,0.0,-36.0
1776887639.4581027,5.0,0.0,-39.0
1776887639.4681027,4.0,0.0,-32.0
1776887639.4781027,1.0,-1.0,-32.0
1776887639.488103,-1.0,1.0,-37.0
1776887639.498103,-2.0,0.0,-34.0
1776887639.508103,-7.0,-3.0,-31.0
1776887639.5181026,-5.0,0.0,-33.0
1776887639.5281026,-4.0,-3.0,-27.0
1776887639.5381026,0.0,-2.0,-26.0
1776887639.5481029,2.0,-2.0,-28.0
1776887639.5581028,3.0,-1.0,-28.0
1776887639.5681028,3.0,-5.0,-28.0
1776887639.5781028,3.0,-4.0,-29.0
1776887639.5881028,4.0,3.0,-32.0
1776887639.5981028,1.0,0.0,-45.0
1776887639.6081028,2.0,0.0,-44.0
1776887639.6181028,7.0,-3.0,-44.0
1776887639.6281028,5.0,-2.0,-45.0
1776887639.6381028,6.0,-1.0,-43.0
1776887639.6481028,3.0,-4.0,-43.0
1776887639.6581028,1.0,0.0,-38.0
1776887639.6681027,1.0,0.0,-34.0
1776887639.6781027,1.0,-2.0,-30.0
1776887639.6881027,-1.0,0.0,-30.0
1776887639.6981027,-2.0,-4.0,-37.0
1776887639.7081027,-3.0,-2.0,-37.0
1776887639.7181027,-1.0,-4.0,-33.0
1776887639.7281027,3.0,-5.0,-38.0
1776887639.738103,4.0,-2.0,-34.0
1776887639.748103,1.0,0.0,-29.0
1776887639.758103,0.0,-2.0,-32.0
1776887639.7681026,0.0,-4.0,-29.0
1776887639.7781026,0.0,-5.0,-33.0
1776887639.7881026,-1.0,-3.0,-31.0
1776887639.7981029,-2.0,0.0,-34.0
1776887639.8081028,-2.0,3.0,-40.0
1776887639.8181028,2.0,1.0,-41.0
1776887639.8281028,0.0,1.0,-43.0
1776887639.8381028,0.0,3.0,-52.0
1776887639.8481028,3.0,1.0,-55.0
1776887639.8581028,1.0,-1.0,-51.0
1776887639.8681028,2.0,-2.0,-44.0
1776887639.8781028,0.0,0.0,-37.0
1776887639.8881028,4.0,1.0,-38.0
1776887639.8981028,0.0,1.0,-38.0
1776887639.9081028,1.0,-1.0,-31.0
1776887639.9181027,0.0,-3.0,-31.0
1776887639.9281027,2.0,0.0,-28.0
1776887639.9381027,4.0,-2.0,-28.0
1776887639.9481027,2.0,-6.0,-25.0
1776887639.9581027,0.0,-10.0,-22.0
1776887639.9681027,4.0,-9.0,-24.0
1776887639.9781027,4.0,-4.0,-31.0
1776887639.988103,-2.0,-2.0,-26.0
1776887639.998103,0.0,-3.0,-22.0
1776887640.008103,-3.0,-3.0,-19.0
1776887640.0181026,-2.0,-3.0,-22.0
1776887640.0281026,1.0,0.0,-27.0
1776887640.0391028,5.0,4.0,-28.0
1776887640.0491028,1.0,2.0,-27.0
1776887640.0591028,1.0,0.0,-27.0
1776887640.0681028,5.0,3.0,-32.0
1776887640.0791028,3.0,0.0,-41.0
1776887640.0891027,1.0,-3.0,-46.0
1776887640.0991027,0.0,-8.0,-42.0
1776887640.1091027,2.0,-8.0,-37.0
1776887640.1191027,2.0,-1.0,-30.0
1776887640.1291027,2.0,-3.0,-31.0
1776887640.1391027,1.0,-7.0,-25.0
1776887640.1491027,0.0,-6.0,-27.0
1776887640.159103,-3.0,-3.0,-28.0
1776887640.169103,0.0,-1.0,-33.0
1776887640.179103,-5.0,0.0,-37.0
1776887640.1891026,-1.0,1.0,-36.0
1776887640.1991026,-4.0,-1.0,-31.0
1776887640.2091026,0.0,-1.0,-35.0
1776887640.2191026,0.0,-3.0,-36.0
1776887640.2291028,-1.0,-4.0,-39.0
1776887640.2391028,0.0,-5.0,-40.0
1776887640.2491028,4.0,-4.0,-39.0
1776887640.2591028,3.0,0.0,-42.0
1776887640.2691028,3.0,0.0,-44.0
1776887640.2791028,3.0,-7.0,-48.0
1776887640.2891028,1.0,-9.0,-35.0
1776887640.2991028,2.0,-4.0,-34.0
1776887640.3091028,5.0,-1.0,-41.0
1776887640.3191028,4.0,1.0,-43.0
1776887640.3291028,6.0,2.0,-52.0
1776887640.3391027,2.0,-2.0,-49.0
1776887640.3491027,1.0,-3.0,-45.0
1776887640.3591027,3.0,-1.0,-47.0
1776887640.3691027,1.0,0.0,-47.0
1776887640.3791027,1.0,-1.0,-45.0
1776887640.3891027,0.0,-1.0,-40.0
1776887640.3991027,0.0,3.0,-40.0
1776887640.409103,0.0,1.0,-42.0
1776887640.419103,1.0,-1.0,-47.0
1776887640.429103,1.0,0.0,-46.0
1776887640.4391026,3.0,-3.0,-48.0
1776887640.4491026,2.0,-1.0,-47.0
1776887640.4591026,0.0,-1.0,-48.0
1776887640.4691026,0.0,-2.0,-40.0
1776887640.4791028,0.0,-5.0,-34.0
1776887640.4891028,0.0,-1.0,-30.0
1776887640.4991028,1.0,0.0,-28.0
1776887640.5091028,5.0,-1.0,-32.0
1776887640.5191028,3.0,-2.0,-32.0
1776887640.5291028,4.0,-3.0,-36.0
1776887640.5391028,3.0,-6.0,-38.0
1776887640.5491028,1.0,-7.0,-37.0
1776887640.5591028,-1.0,-8.0,-33.0
1776887640.5691028,-1.0,-3.0,-42.0
1776887640.5791028,-3.0,-3.0,-38.0
1776887640.5891027,-4.0,0.0,-35.0
1776887640.5991027,-6.0,0.0,-36.0
1776887640.6091027,-4.0,0.0,-33.0
1776887640.6191027,1.0,2.0,-29.0
1776887640.6291027,4.0,0.0,-30.0
1776887640.6391027,6.0,1.0,-31.0
1776887640.6491027,2.0,1.0,-35.0
1776887640.659103,0.0,0.0,-31.0
1776887640.669103,0.0,2.0,-27.0
1776887640.679103,2.0,2.0,-24.0
1776887640.6891026,2.0,3.0,-30.0
1776887640.6991026,4.0,1.0,-35.0
1776887640.7091026,5.0,-4.0,-34.0
1776887640.7191026,5.0,-1.0,-38.0
1776887640.7291028,2.0,-1.0,-40.0
1776887640.7391028,3.0,-5.0,-39.0
1776887640.7491028,4.0,-6.0,-39.0
1776887640.7591028,1.0,-4.0,-41.0
1776887640.7691028,-3.0,-3.0,-42.0
1776887640.7791028,-4.0,-5.0,-37.0
1776887640.7891028,-4.0,-9.0,-38.0
1776887640.7991028,-4.0,-6.0,-30.0
1776887640.8091028,-3.0,0.0,-28.0
1776887640.8191028,-1.0,1.0,-27.0
1776887640.8291028,0.0,1.0,-30.0
1776887640.8391027,-2.0,0.0,-35.0
1776887640.8491027,0.0,0.0,-41.0
1776887640.8591027,0.0,0.0,-39.0
1776887640.8691027,2.0,2.0,-40.0
1776887640.8791027,0.0,2.0,-37.0
1776887640.8891027,1.0,0.0,-41.0
1776887640.8991027,5.0,-2.0,-35.0
1776887640.909103,6.0,-4.0,-38.0
1776887640.919103,10.0,-6.0,-35.0
1776887640.929103,8.0,-4.0,-36.0
1776887640.9391026,8.0,-9.0,-40.0
1776887640.9491026,9.0,-12.0,-38.0
1776887640.9591026,9.0,-6.0,-35.0
1776887640.9691026,9.0,-11.0,-33.0
1776887640.9791028,2.0,-7.0,-34.0
1776887640.9891028,-4.0,-7.0,-33.0
1776887640.9991028,-3.0,-7.0,-32.0
1776887641.0091028,-5.0,-6.0,-37.0
1776887641.0191028,-7.0,-5.0,-36.0
1776887641.0291028,-3.0,-3.0,-44.0
1776887641.0391028,0.0,-1.0,-40.0
1776887641.0491028,0.0,-1.0,-36.0
1776887641.0591028,1.0,-1.0,-38.0
1776887641.0691028,4.0,-4.0,-36.0
1776887641.0791028,4.0,-2.0,-32.0
1776887641.0891027,2.0,0.0,-29.0
1776887641.0991027,1.0,-3.0,-25.0
1776887641.1091027,1.0,0.0,-22.0
1776887641.1191027,1.0,0.0,-30.0
1776887641.1291027,-5.0,-1.0,-34.0
1776887641.1391027,-6.0,1.0,-30.0
1776887641.1491027,-7.0,2.0,-34.0
1776887641.159103,-3.0,4.0,-39.0
1776887641.169103,-2.0,1.0,-40.0
1776887641.179103,-5.0,0.0,-39.0
1776887641.1891026,-5.0,2.0,-40.0
1776887641.1991026,-6.0,0.0,-34.0
1776887641.2091026,-5.0,-3.0,-37.0
1776887641.2191026,-4.0,0.0,-40.0
1776887641.2291028,-3.0,-1.0,-38.0
1776887641.2391028,-4.0,0.0,-37.0
1776887641.2491028,-5.0,2.0,-33.0
1776887641.2591028,-6.0,4.0,-28.0
1776887641.2691028,-6.0,-1.0,-31.0
1776887641.2791028,-9.0,-2.0,-32.0
1776887641.2891028,-8.0,-7.0,-38.0
1776887641.2991028,-5.0,-8.0,-41.0
1776887641.3091028,-2.0,-4.0,-33.0
1776887641.3191028,-1.0,-9.0,-35.0
1776887641.3291028,-7.0,-5.0,-30.0
1776887641.3391027,-10.0,-4.0,-29.0
1776887641.3491027,-3.0,-3.0,-32.0
1776887641.3591027,-3.0,-3.0,-40.0
1776887641.3691027,-6.0,-2.0,-30.0
1776887641.3791027,-3.0,0.0,-29.0
1776887641.3891027,-2.0,2.0,-31.0
1776887641.3991027,-3.0,2.0,-28.0
1776887641.409103,-2.0,3.0,-28.0
1776887641.419103,-2.0,1.0,-24.0
1776887641.429103,-1.0,1.0,-26.0
1776887641.4391026,0.0,2.0,-27.0
1776887641.4491026,0.0,4.0,-36.0
1776887641.4591026,3.0,3.0,-38.0
1776887641.4691026,7.0,0.0,-34.0
1776887641.4791028,4.0,-2.0,-38.0
1776887641.4891028,7.0,0.0,-42.0
1776887641.4991028,6.0,-1.0,-41.0
1776887641.5091028,6.0,-5.0,-40.0
1776887641.5191028,8.0,-7.0,-43.0
1776887641.5291028,5.0,-5.0,-42.0
1776887641.5391028,2.0,4.0,-39.0
1776887641.5491028,2.0,1.0,-37.0
1776887641.5591028,4.0,2.0,-33.0
1776887641.5691028,8.0,0.0,-33.0
1776887641.5791028,4.0,1.0,-29.0
1776887641.5891027,3.0,2.0,-34.0
1776887641.5991027,0.0,1.0,-32.0
1776887641.6091027,0.0,1.0,-32.0
1776887641.6191027,1.0,0.0,-36.0
1776887641.6291027,-1.0,1.0,-38.0
1776887641.6391027,0.0,2.0,-30.0
1776887641.6491027,-1.0,0.0,-36.0
1776887641.659103,2.0,0.0,-39.0
1776887641.669103,2.0,0.0,-38.0
1776887641.679103,3.0,-2.0,-36.0
1776887641.6891026,1.0,-3.0,-43.0
1776887641.6991026,0.0,3.0,-47.0
1776887641.7091026,-3.0,1.0,-46.0
1776887641.7191026,-1.0,1.0,-39.0
1776887641.7291028,-2.0,2.0,-38.0
1776887641.7391028,-1.0,0.0,-33.0
1776887641.7491028,2.0,0.0,-39.0
1776887641.7591028,2.0,0.0,-38.0
1776887641.7691028,0.0,0.0,-37.0
1776887641.7791028,3.0,-1.0,-35.0
1776887641.7891028,3.0,0.0,-30.0
1776887641.7991028,0.0,2.0,-27.0
1776887641.8091028,3.0,-2.0,-34.0
1776887641.8191028,1.0,-5.0,-43.0
1776887641.8291028,0.0,-3.0,-43.0
1776887641.8391027,1.0,-1.0,-40.0
1776887641.8491027,3.0,0.0,-34.0
1776887641.8591027,0.0,5.0,-39.0
1776887641.8691027,-2.0,5.0,-41.0
1776887641.8791027,-3.0,4.0,-40.0
1776887641.8891027,-1.0,0.0,-37.0
1776887641.8991027,0.0,-3.0,-40.0
1776887641.909103,3.0,0.0,-40.0
1776887641.919103,3.0,-2.0,-41.0
1776887641.929103,3.0,-5.0,-37.0
1776887641.9391026,3.0,-9.0,-35.0
1776887641.9491026,7.0,-9.0,-37.0
1776887641.9591026,2.0,-8.0,-35.0
1776887641.9691026,2.0,-7.0,-27.0
1776887641.9791028,2.0,-5.0,-28.0
1776887641.9891028,0.0,0.0,-31.0
1776887641.9991028,1.0,-2.0,-33.0
1776887642.0091028,3.0,-1.0,-32.0
1776887642.0191028,1.0,-2.0,-34.0
1776887642.0291028,2.0,-2.0,-35.0
1776887642.0391028,4.0,-4.0,-31.0
1776887642.0491028,4.0,-6.0,-29.0
1776887642.0601027,0.0,-4.0,-30.0
1776887642.0701027,0.0,-2.0,-32.0
1776887642.0791028,0.0,0.0,-28.0
1776887642.090103,-4.0,0.0,-27.0
1776887642.100103,-6.0,0.0,-32.0
1776887642.110103,-9.0,1.0,-35.0
1776887642.1201026,-5.0,0.0,-36.0
1776887642.1301026,-3.0,4.0,-40.0
1776887642.1401026,-2.0,5.0,-44.0
1776887642.1501029,-2.0,5.0,-45.0
1776887642.1601028,0.0,0.0,-44.0
1776887642.1701028,-4.0,-4.0,-45.0
1776887642.1801028,-1.0,-9.0,-45.0
1776887642.1901028,0.0,-5.0,-41.0
1776887642.2001028,0.0,-1.0,-36.0
1776887642.2101028,5.0,0.0,-37.0
1776887642.2201028,8.0,2.0,-39.0
1776887642.2301028,4.0,3.0,-35.0
1776887642.2401028,0.0,2.0,-30.0
1776887642.2501028,1.0,0.0,-31.0
1776887642.2601027,1.0,0.0,-35.0
1776887642.2701027,0.0,-1.0,-33.0
1776887642.2801027,-8.0,-2.0,-29.0
1776887642.2901027,-9.0,-3.0,-32.0
1776887642.3001027,-6.0,-1.0,-32.0
1776887642.3101027,-6.0,-3.0,-35.0
1776887642.3201027,-2.0,-1.0,-34.0
1776887642.3301027,1.0,0.0,-33.0
1776887642.340103,4.0,-3.0,-44.0
1776887642.350103,5.0,-5.0,-46.0
1776887642.360103,6.0,-2.0,-42.0
1776887642.3701026,7.0,-2.0,-42.0
1776887642.3801026,11.0,-3.0,-35.0
1776887642.3901026,9.0,-2.0,-33.0
1776887642.4001029,9.0,2.0,-38.0
1776887642.4101028,3.0,3.0,-47.0
1776887642.4201028,1.0,3.0,-49.0
1776887642.4301028,2.0,1.0,-38.0
1776887642.4401028,4.0,1.0,-39.0
1776887642.4501028,9.0,0.0,-42.0
1776887642.4601028,8.0,0.0,-40.0
1776887642.4701028,8.0,-3.0,-40.0
1776887642.4801028,3.0,0.0,-38.0
1776887642.4901028,5.0,-3.0,-37.0
1776887642.5001028,8.0,0.0,-38.0
1776887642.5101027,8.0,2.0,-39.0
1776887642.5201027,6.0,3.0,-34.0
1776887642.5301027,2.0,5.0,-32.0
1776887642.5401027,0.0,3.0,-36.0
1776887642.5501027,0.0,3.0,-34.0
1776887642.5601027,2.0,0.0,-31.0
1776887642.5701027,3.0,1.0,-39.0
1776887642.5801027,4.0,7.0,-37.0
1776887642.590103,5.0,7.0,-37.0
1776887642.600103,3.0,5.0,-35.0
1776887642.610103,2.0,4.0,-39.0
1776887642.6201026,1.0,5.0,-34.0
1776887642.6301026,-1.0,0.0,-34.0
1776887642.6401026,-1.0,1.0,-34.0
1776887642.6501029,-6.0,0.0,-34.0
1776887642.6601028,-2.0,-1.0,-26.0
1776887642.6701028,-6.0,-1.0,-27.0
1776887642.6801028,-3.0,-3.0,-21.0
1776887642.6901028,-3.0,-2.0,-32.0
1776887642.7001028,-5.0,0.0,-43.0
1776887642.7101028,-7.0,-1.0,-38.0
1776887642.7201028,-8.0,-1.0,-39.0
1776887642.7301028,-3.0,0.0,-46.0
1776887642.7401028,3.0,3.0,-44.0
1776887642.7501028,5.0,1.0,-42.0
1776887642.7601027,5.0,0.0,-40.0
1776887642.7701027,7.0,0.0,-38.0
1776887642.7801027,7.0,0.0,-42.0
1776887642.7901027,8.0,3.0,-46.0
1776887642.8001027,9.0,4.0,-41.0
1776887642.8101027,3.0,2.0,-35.0
1776887642.8201027,0.0,0.0,-33.0
1776887642.8301027,-2.0,-1.0,-37.0
1776887642.840103,-3.0,0.0,-31.0
1776887642.850103,-2.0,-3.0,-36.0
1776887642.860103,-3.0,-5.0,-32.0
1776887642.8701026,-4.0,-5.0,-33.0
1776887642.8801026,-1.0,0.0,-40.0
1776887642.8901026,2.0,-1.0,-48.0
1776887642.9001029,-2.0,0.0,-47.0
1776887642.9101028,-4.0,1.0,-47.0
1776887642.9201028,-2.0,-1.0,-47.0
1776887642.9301028,0.0,-3.0,-48.0
1776887642.9401028,0.0,-7.0,-46.0
1776887642.9501028,2.0,-6.0,-47.0
1776887642.9601028,2.0,-3.0,-43.0
1776887642.9701028,0.0,0.0,-40.0
1776887642.9801028,1.0,3.0,-36.0
1776887642.9901028,-2.0,5.0,-38.0
1776887643.0001028,0.0,4.0,-35.0
1776887643.0101027,0.0,-1.0,-41.0
1776887643.0201027,-1.0,-3.0,-38.0
1776887643.0301027,-4.0,2.0,-38.0
1776887643.0401027,-3.0,1.0,-39.0
1776887643.0501027,-5.0,0.0,-38.0
1776887643.0601027,-4.0,0.0,-34.0
1776887643.0701027,-2.0,0.0,-31.0
1776887643.0801027,-5.0,0.0,-36.0
1776887643.090103,-3.0,-3.0,-37.0
1776887643.100103,-1.0,-3.0,-37.0
1776887643.110103,1.0,-5.0,-32.0
1776887643.1201026,2.0,-5.0,-34.0
1776887643.1301026,3.0,-7.0,-36.0
1776887643.1401026,2.0,-9.0,-39.0
1776887643.1501029,0.0,-7.0,-45.0
1776887643.1601028,1.0,-7.0,-44.0
1776887643.1701028,2.0,-11.0,-41.0
1776887643.1801028,1.0,-10.0,-34.0
1776887643.1901028,1.0,-10.0,-32.0
1776887643.2001028,4.0,-9.0,-35.0
1776887643.2101028,7.0,-1.0,-29.0
1776887643.2201028,7.0,0.0,-30.0
1776887643.2301028,9.0,4.0,-30.0
1776887643.2401028,13.0,2.0,-29.0
1776887643.2501028,13.0,0.0,-36.0
1776887643.2601027,9.0,-2.0,-38.0
1776887643.2701027,8.0,-2.0,-31.0
1776887643.2801027,6.0,0.0,-27.0
1776887643.2901027,8.0,0.0,-26.0
1776887643.3001027,4.0,-3.0,-27.0
1776887643.3101027,5.0,-6.0,-34.0
1776887643.3201027,4.0,-5.0,-37.0
1776887643.3301027,6.0,-1.0,-44.0
1776887643.340103,7.0,-2.0,-46.0
1776887643.350103,5.0,1.0,-45.0
1776887643.360103,5.0,2.0,-46.0
1776887643.3701026,1.0,0.0,-43.0
1776887643.3801026,-2.0,-2.0,-28.0
1776887643.3901026,0.0,-1.0,-29.0
1776887643.4001029,0.0,-5.0,-37.0
1776887643.4101028,0.0,-3.0,-41.0
1776887643.4201028,-4.0,1.0,-44.0
1776887643.4301028,-3.0,7.0,-44.0
1776887643.4401028,3.0,6.0,-38.0
1776887643.4501028,2.0,-1.0,-39.0
1776887643.4601028,2.0,-2.0,-37.0
1776887643.4701028,3.0,3.0,-44.0
1776887643.4801028,0.0,2.0,-41.0
1776887643.4901028,-3.0,0.0,-33.0
1776887643.5001028,-4.0,1.0,-30.0
1776887643.5101027,-4.0,2.0,-32.0
1776887643.5201027,0.0,3.0,-35.0
1776887643.5301027,1.0,0.0,-33.0
1776887643.5401027,0.0,1.0,-32.0
1776887643.5501027,-5.0,-2.0,-36.0
1776887643.5601027,-3.0,0.0,-38.0
1776887643.5701027,0.0,0.0,-42.0
1776887643.5801027,-2.0,1.0,-38.0
1776887643.590103,-2.0,3.0,-40.0
1776887643.600103,-1.0,-1.0,-42.0
1776887643.610103,0.0,-3.0,-37.0
1776887643.6201026,0.0,-2.0,-36.0
1776887643.6301026,1.0,-1.0,-33.0
1776887643.6401026,2.0,0.0,-27.0
1776887643.6501029,3.0,-5.0,-25.0
1776887643.6601028,0.0,-8.0,-23.0
1776887643.6701028,-1.0,-10.0,-25.0
1776887643.6801028,-3.0,-6.0,-26.0
1776887643.6901028,-2.0,1.0,-32.0
1776887643.7001028,-2.0,3.0,-31.0
1776887643.7101028,0.0,0.0,-30.0
1776887643.7201028,-1.0,0.0,-27.0
1776887643.7301028,-2.0,2.0,-30.0
1776887643.7401028,1.0,-1.0,-28.0
1776887643.7501028,2.0,0.0,-34.0
1776887643.7601027,0.0,-1.0,-35.0
1776887643.7701027,-1.0,-1.0,-38.0
1776887643.7801027,-5.0,-3.0,-44.0
1776887643.7901027,-6.0,-1.0,-49.0
1776887643.8001027,-7.0,0.0,-41.0
1776887643.8101027,-8.0,1.0,-42.0
1776887643.8201027,-4.0,0.0,-46.0
1776887643.8301027,-2.0,-3.0,-42.0
1776887643.840103,-2.0,-3.0,-47.0
1776887643.850103,-2.0,-3.0,-45.0
1776887643.860103,-5.0,-5.0,-39.0
1776887643.8701026,-6.0,-3.0,-43.0
1776887643.8801026,-1.0,-6.0,-43.0
1776887643.8901026,3.0,-5.0,-37.0
1776887643.9001029,2.0,-10.0,-32.0
1776887643.9101028,-4.0,-6.0,-32.0
1776887643.9201028,-7.0,-5.0,-36.0
1776887643.9301028,-5.0,-8.0,-33.0
1776887643.9401028,-5.0,-7.0,-41.0
1776887643.9501028,-4.0,-6.0,-41.0
1776887643.9601028,-4.0,-11.0,-47.0
1776887643.9701028,-3.0,-7.0,-47.0
1776887643.9801028,-4.0,-6.0,-46.0
1776887643.9901028,-1.0,-9.0,-42.0
1776887644.0001028,1.0,-8.0,-43.0
1776887644.0101027,0.0,-4.0,-39.0
1776887644.0201027,-8.0,-4.0,-35.0
1776887644.0301027,-7.0,-2.0,-30.0
1776887644.0401027,-3.0,-3.0,-34.0
1776887644.0501027,-1.0,-3.0,-31.0
1776887644.0601027,0.0,0.0,-28.0
1776887644.0711029,-4.0,0.0,-28.0
1776887644.0811028,-5.0,-2.0,-37.0
1776887644.0911028,-3.0,-1.0,-39.0
1776887644.1011028,-2.0,-4.0,-36.0
1776887644.1111028,-1.0,-3.0,-29.0
1776887644.1211028,-1.0,0.0,-26.0
1776887644.1311028,-4.0,5.0,-22.0
1776887644.1411028,-4.0,4.0,-31.0
1776887644.1511028,-5.0,0.0,-38.0
1776887644.1611028,-5.0,2.0,-33.0
1776887644.1711028,-4.0,2.0,-26.0
1776887644.1811028,0.0,2.0,-30.0
1776887644.1911027,2.0,3.0,-37.0
1776887644.2011027,0.0,1.0,-34.0
1776887644.2111027,-7.0,0.0,-36.0
1776887644.2211027,-3.0,1.0,-34.0
1776887644.2311027,-5.0,1.0,-35.0
1776887644.2411027,-4.0,1.0,-34.0
1776887644.2511027,-6.0,4.0,-28.0
1776887644.261103,-7.0,0.0,-29.0
1776887644.271103,-6.0,1.0,-25.0
1776887644.281103,-6.0,0.0,-21.0
1776887644.2911026,-6.0,-1.0,-16.0
1776887644.3011026,-6.0,-2.0,-13.0
1776887644.3111026,-4.0,-5.0,-16.0
1776887644.3211029,-2.0,-4.0,-17.0
1776887644.3311028,-1.0,-5.0,-19.0
1776887644.3411028,-6.0,-7.0,-24.0
1776887644.3511028,-8.0,-2.0,-27.0
1776887644.3611028,-6.0,-2.0,-29.0
1776887644.3711028,-8.0,-5.0,-34.0
1776887644.3811028,-9.0,-8.0,-35.0
1776887644.3911028,-6.0,-9.0,-35.0
1776887644.4011028,-4.0,-7.0,-34.0
1776887644.4111028,-4.0,-3.0,-37.0
1776887644.4211028,-7.0,1.0,-42.0
1776887644.4311028,-2.0,3.0,-48.0
1776887644.4411027,0.0,-1.0,-49.0
1776887644.4511027,2.0,-2.0,-48.0
1776887644.4611027,0.0,1.0,-42.0
1776887644.4711027,2.0,4.0,-40.0
1776887644.4811027,2.0,2.0,-42.0
1776887644.4911027,3.0,0.0,-33.0
1776887644.5011027,3.0,-2.0,-40.0
1776887644.511103,5.0,-2.0,-43.0
1776887644.521103,6.0,0.0,-43.0
1776887644.531103,3.0,0.0,-39.0
1776887644.5411026,1.0,-1.0,-31.0
1776887644.5511026,0.0,0.0,-34.0
1776887644.5611026,-1.0,0.0,-31.0
1776887644.5711029,-3.0,0.0,-33.0
1776887644.5811028,0.0,3.0,-40.0
1776887644.5911028,0.0,4.0,-39.0
1776887644.6011028,2.0,3.0,-40.0
1776887644.6111028,2.0,3.0,-43.0
1776887644.6211028,0.0,1.0,-44.0
1776887644.6311028,-3.0,-1.0,-47.0
1776887644.6411028,-4.0,0.0,-40.0
1776887644.6511028,-4.0,2.0,-37.0
1776887644.6611028,0.0,4.0,-33.0
1776887644.6711028,3.0,0.0,-31.0
1776887644.6811028,0.0,0.0,-33.0
1776887644.6911027,-4.0,4.0,-39.0
1776887644.7011027,-6.0,6.0,-35.0
1776887644.7111027,-4.0,9.0,-34.0
1776887644.7211027,-4.0,10.0,-29.0
1776887644.7311027,-8.0,7.0,-33.0
1776887644.7411027,-7.0,1.0,-34.0
1776887644.7511027,-5.0,0.0,-37.0
1776887644.761103,-3.0,0.0,-39.0
1776887644.771103,1.0,-3.0,-41.0
1776887644.781103,0.0,-5.0,-39.0
1776887644.7911026,-4.0,-6.0,-39.0
1776887644.8011026,-8.0,-6.0,-48.0
1776887644.8111026,-8.0,-4.0,-40.0
1776887644.8211029,-4.0,0.0,-38.0
1776887644.8311028,0.0,0.0,-40.0
1776887644.8411028,5.0,3.0,-32.0
1776887644.8511028,0.0,4.0,-35.0
1776887644.8611028,1.0,2.0,-35.0
1776887644.8711028,-4.0,-2.0,-39.0
1776887644.8811028,-6.0,-1.0,-38.0
1776887644.8911028,0.0,0.0,-40.0
1776887644.9011028,1.0,2.0,-38.0
1776887644.9111028,0.0,5.0,-36.0
1776887644.9211028,2.0,2.0,-43.0
1776887644.9311028,0.0,-1.0,-53.0
1776887644.9411027,1.0,-2.0,-52.0
1776887644.9511027,0.0,-2.0,-46.0
1776887644.9611027,1.0,0.0,-47.0
1776887644.9711027,0.0,-2.0,-46.0
1776887644.9811027,1.0,-2.0,-38.0
1776887644.9911027,3.0,0.0,-38.0
1776887645.0011027,8.0,4.0,-35.0
1776887645.011103,7.0,6.0,-34.0
1776887645.021103,1.0,11.0,-32.0
1776887645.031103,2.0,11.0,-34.0
1776887645.0411026,3.0,11.0,-40.0
1776887645.0511026,6.0,10.0,-44.0
1776887645.0611026,4.0,8.0,-47.0
1776887645.0711029,2.0,3.0,-50.0
1776887645.0811028,4.0,4.0,-42.0
1776887645.0911028,9.0,2.0,-38.0
1776887645.1011028,7.0,0.0,-40.0
1776887645.1111028,6.0,3.0,-38.0
1776887645.1211028,3.0,2.0,-37.0
1776887645.1311028,5.0,4.0,-38.0
1776887645.1411028,6.0,2.0,-36.0
1776887645.1511028,4.0,4.0,-31.0
1776887645.1611028,0.0,3.0,-26.0
1776887645.1711028,1.0,3.0,-29.0
1776887645.1811028,5.0,3.0,-35.0
1776887645.1911027,4.0,3.0,-38.0
1776887645.2011027,1.0,3.0,-41.0
1776887645.2111027,1.0,3.0,-38.0
1776887645.2211027,6.0,-1.0,-35.0
1776887645.2311027,8.0,-3.0,-28.0
1776887645.2411027,9.0,-3.0,-24.0
1776887645.2511027,7.0,-4.0,-30.0
1776887645.261103,4.0,-2.0,-35.0
1776887645.271103,1.0,-2.0,-37.0
1776887645.281103,6.0,-2.0,-36.0
1776887645.2911026,4.0,0.0,-33.0
1776887645.3011026,0.0,1.0,-39.0
1776887645.3111026,-2.0,4.0,-39.0
1776887645.3211029,-5.0,3.0,-32.0
1776887645.3311028,-6.0,1.0,-25.0
1776887645.3411028,-10.0,1.0,-25.0
1776887645.3511028,-9.0,3.0,-31.0
1776887645.3611028,-10.0,0.0,-30.0
1776887645.3711028,-11.0,0.0,-35.0
1776887645.3811028,-9.0,-1.0,-30.0
1776887645.3911028,-9.0,-4.0,-37.0
1776887645.4011028,-2.0,0.0,-39.0
1776887645.4111028,-5.0,0.0,-36.0
1776887645.4211028,-7.0,-1.0,-43.0
1776887645.4311028,0.0,0.0,-38.0
1776887645.4411027,1.0,0.0,-33.0
1776887645.4511027,1.0,-2.0,-34.0
1776887645.4611027,6.0,-1.0,-30.0
1776887645.4711027,3.0,-1.0,-23.0
1776887645.4811027,10.0,-3.0,-31.0
1776887645.4911027,8.0,-2.0,-29.0
1776887645.5011027,6.0,0.0,-33.0
1776887645.511103,4.0,0.0,-36.0
1776887645.521103,1.0,-2.0,-32.0
1776887645.531103,1.0,-6.0,-36.0
1776887645.5411026,0.0,-8.0,-44.0
1776887645.5511026,1.0,-5.0,-46.0
1776887645.5611026,-1.0,-4.0,-47.0
1776887645.5711029,0.0,0.0,-39.0
1776887645.5811028,4.0,-1.0,-31.0
1776887645.5911028,4.0,-2.0,-33.0
1776887645.6011028,3.0,-2.0,-32.0
1776887645.6111028,3.0,-5.0,-32.0
1776887645.6211028,5.0,-3.0,-34.0
1776887645.6311028,7.0,-3.0,-36.0
1776887645.6411028,7.0,-5.0,-39.0
1776887645.6511028,7.0,-6.0,-39.0
1776887645.6611028,0.0,-5.0,-39.0
1776887645.6711028,-4.0,-1.0,-39.0
1776887645.6811028,0.0,0.0,-38.0
1776887645.6911027,0.0,-2.0,-37.0
1776887645.7011027,0.0,0.0,-34.0
1776887645.7111027,3.0,1.0,-33.0
1776887645.7211027,0.0,0.0,-39.0
1776887645.7311027,2.0,3.0,-42.0
1776887645.7411027,-1.0,2.0,-44.0
1776887645.7511027,-3.0,-1.0,-34.0
1776887645.761103,4.0,0.0,-42.0
1776887645.771103,7.0,2.0,-43.0
1776887645.781103,4.0,1.0,-39.0
1776887645.7911026,0.0,3.0,-38.0
1776887645.8011026,-3.0,3.0,-38.0
1776887645.8111026,1.0,1.0,-41.0
1776887645.8211029,2.0,-1.0,-36.0
1776887645.8311028,6.0,1.0,-32.0
1776887645.8411028,7.0,2.0,-30.0
1776887645.8511028,4.0,0.0,-26.0
1776887645.8611028,1.0,-1.0,-28.0
1776887645.8711028,1.0,-1.0,-30.0
1776887645.8811028,-3.0,-1.0,-33.0
1776887645.8911028,-4.0,0.0,-38.0
1776887645.9011028,-8.0,0.0,-38.0
1776887645.9111028,-6.0,-2.0,-43.0
1776887645.9211028,-2.0,-1.0,-42.0
1776887645.9311028,-1.0,-1.0,-41.0
1776887645.9411027,2.0,0.0,-43.0
1776887645.9511027,0.0,0.0,-44.0
1776887645.9611027,-2.0,-3.0,-38.0
1776887645.9711027,0.0,-4.0,-46.0
1776887645.9811027,-1.0,-4.0,-43.0
1776887645.9911027,-3.0,-3.0,-43.0
1776887646.0011027,-1.0,-1.0,-37.0
1776887646.011103,-3.0,0.0,-37.0
1776887646.021103,-6.0,0.0,-33.0
1776887646.031103,-5.0,0.0,-37.0
1776887646.0411026,-9.0,0.0,-38.0
1776887646.0511026,-8.0,-4.0,-38.0
1776887646.0611026,-8.0,0.0,-38.0
1776887646.0711029,-7.0,-2.0,-40.0
1776887646.0821028,-2.0,-4.0,-43.0
1776887646.0921028,-4.0,-3.0,-46.0
1776887646.1011028,-1.0,-3.0,-48.0
1776887646.1121027,0.0,0.0,-51.0
1776887646.1221027,3.0,0.0,-50.0
1776887646.1321027,0.0,0.0,-43.0
1776887646.1421027,-2.0,-3.0,-39.0
1776887646.1521027,-2.0,0.0,-45.0
1776887646.1621027,-1.0,4.0,-41.0
1776887646.1721027,-2.0,3.0,-43.0
1776887646.182103,-4.0,2.0,-46.0
1776887646.192103,-2.0,2.0,-36.0
1776887646.202103,-1.0,2.0,-25.0
1776887646.212103,-2.0,0.0,-28.0
1776887646.2221026,0.0,0.0,-33.0
1776887646.2321026,-1.0,0.0,-39.0
1776887646.2421026,-2.0,1.0,-33.0
1776887646.2521029,0.0,-1.0,-31.0
1776887646.2621028,0.0,-5.0,-34.0
1776887646.2721028,0.0,-3.0,-41.0
1776887646.2821028,0.0,4.0,-45.0
1776887646.2921028,1.0,3.0,-50.0
1776887646.3021028,2.0,0.0,-46.0
1776887646.3121028,0.0,-4.0,-43.0
1776887646.3221028,3.0,-2.0,-42.0
1776887646.3321028,1.0,0.0,-41.0
1776887646.3421028,2.0,-2.0,-38.0
1776887646.3521028,0.0,-3.0,-34.0
1776887646.3621027,-3.0,-5.0,-40.0
1776887646.3721027,0.0,-2.0,-41.0
1776887646.3821027,1.0,0.0,-39.0
1776887646.3921027,-1.0,3.0,-37.0
1776887646.4021027,2.0,2.0,-35.0
1776887646.4121027,2.0,4.0,-38.0
1776887646.4221027,3.0,4.0,-31.0
1776887646.432103,3.0,2.0,-32.0
1776887646.442103,1.0,-2.0,-29.0
1776887646.452103,0.0,-2.0,-32.0
1776887646.462103,4.0,0.0,-28.0
1776887646.4721026,4.0,0.0,-27.0
1776887646.4821026,1.0,5.0,-26.0
1776887646.4921026,1.0,4.0,-24.0
1776887646.5021029,0.0,-2.0,-29.0
1776887646.5121028,2.0,0.0,-37.0
1776887646.5221028,0.0,-1.0,-38.0
1776887646.5321028,-5.0,-2.0,-42.0
1776887646.5421028,-1.0,-5.0,-40.0
1776887646.5521028,-1.0,-2.0,-41.0
1776887646.5621028,2.0,3.0,-45.0
1776887646.5721028,2.0,3.0,-45.0
1776887646.5821028,0.0,1.0,-41.0
1776887646.5921028,2.0,0.0,-38.0
1776887646.6021028,1.0,1.0,-37.0
1776887646.6121027,0.0,2.0,-46.0
1776887646.6221027,-2.0,0.0,-45.0
1776887646.6321027,-4.0,0.0,-43.0
1776887646.6421027,-8.0,-1.0,-43.0
1776887646.6521027,-8.0,-3.0,-40.0
1776887646.6621027,-4.0,0.0,-37.0
1776887646.6721027,-8.0,1.0,-35.0
1776887646.682103,-8.0,-3.0,-35.0
1776887646.692103,-9.0,0.0,-29.0
1776887646.702103,-4.0,2.0,-24.0
1776887646.712103,0.0,1.0,-24.0
1776887646.7221026,1.0,-1.0,-28.0
1776887646.7321026,4.0,0.0,-35.0
1776887646.7421026,3.0,0.0,-37.0
1776887646.7521029,0.0,-1.0,-38.0
1776887646.7621028,3.0,-2.0,-41.0
1776887646.7721028,0.0,-1.0,-39.0
1776887646.7821028,-1.0,-4.0,-39.0
1776887646.7921028,0.0,-5.0,-35.0
1776887646.8021028,0.0,-3.0,-38.0
1776887646.8121028,5.0,-4.0,-40.0
1776887646.8221028,9.0,-2.0,-34.0
1776887646.8321028,8.0,-4.0,-32.0
1776887646.8421028,5.0,-5.0,-29.0
1776887646.8521028,1.0,-3.0,-30.0
1776887646.8621027,-4.0,-4.0,-30.0
1776887646.8721027,-4.0,-3.0,-34.0
1776887646.8821027,-2.0,-2.0,-31.0
1776887646.8921027,-1.0,-1.0,-29.0
1776887646.9021027,-5.0,-4.0,-36.0
1776887646.9121027,-4.0,-1.0,-30.0
1776887646.9221027,0.0,-4.0,-21.0
1776887646.932103,7.0,-5.0,-21.0
1776887646.942103,10.0,-5.0,-22.0
1776887646.952103,4.0,-4.0,-30.0
1776887646.962103,1.0,-3.0,-30.0
1776887646.9721026,1.0,-4.0,-36.0
1776887646.9821026,2.0,-3.0,-33.0
1776887646.9921026,4.0,-3.0,-34.0
1776887647.0021029,5.0,-2.0,-33.0
1776887647.0121028,2.0,-4.0,-29.0
1776887647.0221028,0.0,-2.0,-29.0
1776887647.0321028,0.0,-2.0,-30.0
1776887647.0421028,2.0,-3.0,-28.0
1776887647.0521028,-2.0,-2.0,-33.0
1776887647.0621028,0.0,3.0,-43.0
1776887647.0721028,-1.0,1.0,-45.0
1776887647.0821028,0.0,3.0,-49.0
1776887647.0921028,2.0,1.0,-43.0
1776887647.1021028,5.0,2.0,-40.0
1776887647.1121027,4.0,-2.0,-37.0
1776887647.1221027,4.0,-3.0,-32.0
1776887647.1321027,3.0,-4.0,-26.0
1776887647.1421027,3.0,-4.0,-26.0
1776887647.1521027,0.0,-5.0,-29.0
1776887647.1621027,0.0,-7.0,-27.0
1776887647.1721027,0.0,-6.0,-24.0
1776887647.182103,0.0,-5.0,-25.0
1776887647.192103,0.0,-5.0,-27.0
1776887647.202103,-2.0,-3.0,-29.0
1776887647.212103,-1.0,-2.0,-23.0
1776887647.2221026,-3.0,1.0,-23.0
1776887647.2321026,-3.0,-3.0,-24.0
1776887647.2421026,-2.0,-4.0,-28.0
1776887647.2521029,2.0,-3.0,-24.0
1776887647.2621028,2.0,0.0,-28.0
1776887647.2721028,0.0,3.0,-33.0
1776887647.2821028,1.0,0.0,-32.0
1776887647.2921028,0.0,-3.0,-29.0
1776887647.3021028,-2.0,-3.0,-30.0
1776887647.3121028,0.0,-5.0,-29.0
1776887647.3221028,0.0,-4.0,-23.0
1776887647.3321028,0.0,-3.0,-22.0
1776887647.3421028,0.0,-2.0,-23.0
1776887647.3521028,0.0,1.0,-28.0
1776887647.3621027,-4.0,-1.0,-31.0
1776887647.3721027,-8.0,-3.0,-26.0
1776887647.3821027,-5.0,-4.0,-32.0
1776887647.3921027,-4.0,-4.0,-40.0
1776887647.4021027,-2.0,0.0,-39.0
1776887647.4121027,1.0,3.0,-36.0
1776887647.4221027,0.0,0.0,-36.0
1776887647.432103,3.0,-6.0,-38.0
1776887647.442103,6.0,-4.0,-43.0
1776887647.452103,3.0,-1.0,-44.0
1776887647.462103,4.0,2.0,-40.0
1776887647.4721026,4.0,2.0,-43.0
1776887647.4821026,6.0,5.0,-41.0
1776887647.4921026,5.0,2.0,-37.0
1776887647.5021029,-1.0,4.0,-36.0
1776887647.5121028,-1.0,8.0,-36.0
1776887647.5221028,-2.0,9.0,-35.0
1776887647.5321028,-4.0,11.0,-36.0
1776887647.5421028,0.0,9.0,-34.0
1776887647.5521028,-3.0,8.0,-32.0
1776887647.5621028,0.0,1.0,-38.0
1776887647.5721028,0.0,-2.0,-39.0
1776887647.5821028,0.0,-2.0,-36.0
1776887647.5921028,4.0,-3.0,-39.0
1776887647.6021028,4.0,-2.0,-40.0
1776887647.6121027,1.0,0.0,-36.0
1776887647.6221027,0.0,3.0,-35.0
1776887647.6321027,0.0,5.0,-33.0
1776887647.6421027,-3.0,2.0,-39.0
1776887647.6521027,-3.0,-1.0,-36.0
1776887647.6621027,-2.0,1.0,-31.0
1776887647.6721027,-6.0,4.0,-27.0
1776887647.682103,-9.0,5.0,-25.0
1776887647.692103,-7.0,1.0,-31.0
1776887647.702103,-4.0,3.0,-25.0
1776887647.712103,-7.0,4.0,-26.0
1776887647.7221026,-5.0,7.0,-24.0
1776887647.7321026,-8.0,7.0,-26.0
1776887647.7421026,-4.0,4.0,-26.0
1776887647.7521029,-6.0,0.0,-20.0
1776887647.7621028,-8.0,2.0,-23.0
1776887647.7721028,-5.0,2.0,-25.0
1776887647.7821028,-3.0,0.0,-22.0
1776887647.7921028,0.0,-2.0,-30.0
1776887647.8021028,-1.0,-3.0,-28.0
1776887647.8121028,0.0,-2.0,-27.0
1776887647.8221028,1.0,-1.0,-24.0
1776887647.8321028,-1.0,0.0,-25.0
1776887647.8421028,0.0,-4.0,-33.0
1776887647.8521028,-3.0,-5.0,-32.0
1776887647.8621027,-6.0,-3.0,-26.0
1776887647.8721027,-3.0,0.0,-27.0
1776887647.8821027,2.0,-1.0,-34.0
1776887647.8921027,1.0,-6.0,-34.0
1776887647.9021027,4.0,-6.0,-36.0
1776887647.9121027,1.0,-4.0,-39.0
1776887647.9221027,2.0,-7.0,-36.0
1776887647.932103,0.0,-5.0,-35.0
1776887647.942103,0.0,-5.0,-36.0
1776887647.952103,0.0,-5.0,-37.0
1776887647.962103,4.0,-5.0,-39.0
1776887647.9721026,6.0,-9.0,-39.0
1776887647.9821026,0.0,-9.0,-44.0
1776887647.9921026,0.0,-9.0,-45.0
1776887648.0021029,4.0,-5.0,-39.0
1776887648.0121028,5.0,-4.0,-38.0
1776887648.0221028,6.0,-3.0,-40.0
1776887648.0321028,7.0,0.0,-41.0
1776887648.0421028,6.0,3.0,-40.0
1776887648.0521028,3.0,1.0,-35.0
1776887648.0621028,0.0,0.0,-34.0
1776887648.0731027,0.0,2.0,-34.0
1776887648.0821028,0.0,4.0,-41.0
1776887648.0921028,0.0,0.0,-44.0
1776887648.1031027,3.0,-3.0,-36.0
1776887648.1121027,5.0,-2.0,-37.0
1776887648.123103,3.0,-2.0,-39.0
1776887648.133103,-1.0,0.0,-37.0
1776887648.1431026,0.0,-3.0,-30.0
1776887648.1531026,3.0,-7.0,-24.0
1776887648.1631026,9.0,-6.0,-20.0
1776887648.1731029,8.0,-3.0,-27.0
1776887648.1831028,9.0,0.0,-30.0
1776887648.1931028,8.0,0.0,-27.0
1776887648.2031028,4.0,0.0,-26.0
1776887648.2131028,1.0,2.0,-30.0
1776887648.2231028,4.0,-1.0,-32.0
1776887648.2331028,4.0,-2.0,-37.0
1776887648.2431028,9.0,0.0,-40.0
1776887648.2531028,8.0,2.0,-38.0
1776887648.2631028,8.0,-2.0,-35.0
1776887648.2731028,10.0,-3.0,-30.0
1776887648.2831028,4.0,-4.0,-32.0
1776887648.2931027,2.0,-4.0,-34.0
1776887648.3031027,3.0,-3.0,-39.0
1776887648.3131027,2.0,0.0,-34.0
1776887648.3231027,3.0,2.0,-27.0
1776887648.3331027,0.0,0.0,-33.0
1776887648.3431027,4.0,0.0,-31.0
1776887648.3531027,1.0,3.0,-38.0
1776887648.363103,-3.0,5.0,-41.0
1776887648.373103,-5.0,3.0,-39.0
1776887648.383103,0.0,2.0,-42.0
1776887648.3931026,1.0,5.0,-30.0
1776887648.4031026,5.0,2.0,-25.0
1776887648.4131026,3.0,0.0,-27.0
1776887648.4231029,0.0,-1.0,-25.0
1776887648.4331028,-2.0,0.0,-30.0
1776887648.4431028,-2.0,-2.0,-35.0
1776887648.4531028,-1.0,-3.0,-36.0
1776887648.4631028,1.0,-8.0,-36.0
1776887648.4731028,3.0,-6.0,-35.0
1776887648.4831028,5.0,-6.0,-31.0
1776887648.4931028,7.0,-4.0,-27.0
1776887648.5031028,7.0,-2.0,-25.0
1776887648.5131028,5.0,-2.0,-26.0
1776887648.5231028,7.0,2.0,-28.0
1776887648.5331028,4.0,0.0,-31.0
1776887648.5431027,3.0,-1.0,-35.0
1776887648.5531027,5.0,-3.0,-35.0
1776887648.5631027,4.0,-3.0,-33.0
1776887648.5731027,0.0,-3.0,-27.0
1776887648.5831027,-5.0,-2.0,-32.0
1776887648.5931027,1.0,-1.0,-35.0
1776887648.6031027,0.0,1.0,-38.0
1776887648.613103,0.0,4.0,-36.0
1776887648.623103,1.0,3.0,-41.0
1776887648.633103,-3.0,0.0,-36.0
1776887648.6431026,-6.0,3.0,-34.0
1776887648.6531026,-7.0,1.0,-35.0
1776887648.6631026,-5.0,-3.0,-38.0
1776887648.6731029,-2.0,-4.0,-39.0
1776887648.6831028,-3.0,0.0,-42.0
1776887648.6931028,-1.0,0.0,-43.0
1776887648.7031028,1.0,1.0,-38.0
1776887648.7131028,0.0,0.0,-38.0
1776887648.7231028,-2.0,2.0,-37.0
1776887648.7331028,-2.0,0.0,-40.0
1776887648.7431028,3.0,-3.0,-43.0
1776887648.7531028,3.0,-2.0,-41.0
1776887648.7631028,3.0,-3.0,-47.0
1776887648.7731028,4.0,-4.0,-49.0
1776887648.7831028,1.0,-3.0,-41.0
1776887648.7931027,-2.0,0.0,-35.0
1776887648.8031027,0.0,4.0,-41.0
1776887648.8131027,0.0,1.0,-42.0
1776887648.8231027,1.0,2.0,-44.0
1776887648.8331027,0.0,2.0,-41.0
1776887648.8431027,-3.0,2.0,-37.0
1776887648.8531027,-2.0,1.0,-41.0
1776887648.863103,-3.0,-1.0,-40.0
1776887648.873103,0.0,4.0,-35.0
1776887648.883103,0.0,7.0,-34.0
1776887648.8931026,-2.0,5.0,-36.0
1776887648.9031026,-4.0,8.0,-36.0
1776887648.9131026,-7.0,8.0,-33.0
1776887648.9231029,-4.0,12.0,-28.0
1776887648.9331028,-2.0,11.0,-34.0
1776887648.9431028,-3.0,12.0,-39.0
1776887648.9531028,-4.0,8.0,-40.0
1776887648.9631028,-5.0,5.0,-39.0
1776887648.9731028,-3.0,4.0,-37.0
1776887648.9831028,-7.0,1.0,-37.0
1776887648.9931028,-4.0,-2.0,-36.0
1776887649.0031028,-5.0,-5.0,-37.0
1776887649.0131028,4.0,-5.0,-40.0
1776887649.0231028,3.0,-3.0,-39.0
1776887649.0331028,3.0,0.0,-44.0
1776887649.0431027,3.0,1.0,-31.0
1776887649.0531027,0.0,3.0,-34.0
1776887649.0631027,3.0,0.0,-31.0
1776887649.0731027,3.0,1.0,-31.0
1776887649.0831027,3.0,0.0,-29.0
1776887649.0931027,1.0,0.0,-28.0
1776887649.1031027,4.0,2.0,-26.0
1776887649.113103,1.0,0.0,-25.0
1776887649.123103,0.0,4.0,-28.0
1776887649.133103,-2.0,0.0,-28.0
1776887649.1431026,0.0,-2.0,-36.0
1776887649.1531026,-1.0,-6.0,-39.0
1776887649.1631026,-3.0,-6.0,-39.0
1776887649.1731029,-4.0,-6.0,-32.0
1776887649.1831028,0.0,-8.0,-29.0
1776887649.1931028,-3.0,-2.0,-44.0
1776887649.2031028,1.0,-1.0,-50.0
1776887649.2131028,0.0,0.0,-45.0
1776887649.2231028,0.0,-2.0,-38.0
1776887649.2331028,-1.0,0.0,-41.0
1776887649.2431028,-4.0,0.0,-43.0
1776887649.2531028,0.0,-2.0,-38.0
1776887649.2631028,5.0,0.0,-36.0
1776887649.2731028,9.0,-2.0,-39.0
1776887649.2831028,10.0,-4.0,-40.0
1776887649.2931027,3.0,-6.0,-46.0
1776887649.3031027,2.0,-2.0,-45.0
1776887649.3131027,-1.0,-4.0,-49.0
1776887649.3231027,0.0,-6.0,-46.0
1776887649.3331027,-4.0,-6.0,-44.0
1776887649.3431027,0.0,-1.0,-37.0
1776887649.3531027,-1.0,2.0,-45.0
1776887649.363103,1.0,1.0,-42.0
1776887649.373103,-1.0,3.0,-49.0
1776887649.383103,1.0,4.0,-52.0
1776887649.3931026,5.0,0.0,-49.0
1776887649.4031026,9.0,-1.0,-43.0
1776887649.4131026,7.0,-2.0,-42.0
1776887649.4231029,4.0,-3.0,-41.0
1776887649.4331028,4.0,-3.0,-45.0
1776887649.4431028,5.0,-4.0,-42.0
1776887649.4531028,6.0,1.0,-39.0
1776887649.4631028,8.0,2.0,-36.0
1776887649.4731028,4.0,0.0,-36.0
1776887649.4831028,3.0,0.0,-33.0
1776887649.4931028,1.0,1.0,-39.0
1776887649.5031028,3.0,0.0,-43.0
1776887649.5131028,8.0,3.0,-47.0
1776887649.5231028,11.0,1.0,-39.0
1776887649.5331028,8.0,0.0,-45.0
1776887649.5431027,8.0,0.0,-37.0
1776887649.5531027,6.0,0.0,-29.0
1776887649.5631027,3.0,2.0,-31.0
1776887649.5731027,3.0,3.0,-33.0
1776887649.5831027,4.0,2.0,-38.0
1776887649.5931027,4.0,0.0,-42.0
1776887649.6031027,4.0,-4.0,-48.0
1776887649.613103,3.0,-2.0,-50.0
1776887649.623103,1.0,-1.0,-42.0
1776887649.633103,-5.0,0.0,-36.0
1776887649.6431026,-3.0,-3.0,-42.0
1776887649.6531026,-4.0,-2.0,-43.0
1776887649.6631026,-5.0,-3.0,-36.0
1776887649.6731029,0.0,-1.0,-32.0
1776887649.6831028,-2.0,2.0,-30.0
1776887649.6931028,0.0,3.0,-33.0
1776887649.7031028,3.0,5.0,-29.0
1776887649.7131028,3.0,4.0,-27.0
1776887649.7231028,0.0,5.0,-30.0
1776887649.7331028,0.0,2.0,-38.0
1776887649.7431028,1.0,1.0,-34.0
1776887649.7531028,-1.0,1.0,-33.0
1776887649.7631028,-1.0,0.0,-41.0
1776887649.7731028,3.0,2.0,-46.0
1776887649.7831028,2.0,5.0,-47.0
1776887649.7931027,3.0,3.0,-37.0
1776887649.8031027,5.0,-2.0,-27.0
1776887649.8131027,2.0,-4.0,-27.0
1776887649.8231027,-1.0,-1.0,-28.0
1776887649.8331027,1.0,-1.0,-27.0
1776887649.8431027,3.0,-1.0,-31.0
1776887649.8531027,4.0,-1.0,-38.0
1776887649.863103,0.0,0.0,-41.0
1776887649.873103,-1.0,-3.0,-43.0
1776887649.883103,4.0,0.0,-37.0
1776887649.8931026,3.0,-1.0,-34.0
1776887649.9031026,0.0,2.0,-40.0
1776887649.9131026,-1.0,3.0,-43.0
1776887649.9231029,-8.0,0.0,-38.0
1776887649.9331028,-7.0,-4.0,-33.0
1776887649.9431028,-7.0,-2.0,-33.0
1776887649.9531028,-5.0,-2.0,-42.0
1776887649.9631028,-3.0,-2.0,-41.0
1776887649.9731028,-6.0,-3.0,-37.0
1776887649.9831028,-10.0,-5.0,-38.0
1776887649.9931028,-6.0,-4.0,-30.0
1776887650.0031028,0.0,-5.0,-38.0
1776887650.0131028,5.0,-9.0,-40.0
1776887650.0231028,5.0,-5.0,-43.0
1776887650.0331028,1.0,-1.0,-42.0
1776887650.0431027,0.0,-4.0,-39.0
1776887650.0531027,-4.0,-3.0,-39.0
1776887650.0641026,-4.0,-3.0,-38.0
1776887650.0741026,-3.0,-2.0,-42.0
1776887650.0841026,-1.0,2.0,-42.0
1776887650.0941026,2.0,0.0,-44.0
1776887650.1041028,4.0,0.0,-41.0
1776887650.1141028,4.0,0.0,-45.0
1776887650.1241028,6.0,-1.0,-48.0
1776887650.1341028,4.0,0.0,-49.0
1776887650.1441028,5.0,2.0,-47.0
1776887650.1541028,7.0,5.0,-41.0
1776887650.1641028,2.0,3.0,-41.0
1776887650.1741028,2.0,0.0,-40.0
1776887650.1841028,1.0,-3.0,-36.0
1776887650.1941028,2.0,-1.0,-38.0
1776887650.2041028,2.0,-1.0,-34.0
1776887650.2141027,1.0,-1.0,-37.0
1776887650.2241027,-2.0,-1.0,-34.0
1776887650.2341027,-1.0,-2.0,-28.0
1776887650.2441027,1.0,-2.0,-30.0
1776887650.2541027,0.0,0.0,-26.0
1776887650.2641027,-4.0,6.0,-31.0
1776887650.2741027,-8.0,2.0,-29.0
1776887650.284103,-8.0,1.0,-26.0
1776887650.294103,-8.0,2.0,-21.0
1776887650.304103,-2.0,-1.0,-21.0
1776887650.3141026,0.0,1.0,-24.0
1776887650.3241026,1.0,-1.0,-29.0
1776887650.3341026,2.0,0.0,-29.0
1776887650.3441026,5.0,0.0,-29.0
1776887650.3541028,4.0,-1.0,-32.0
1776887650.3641028,3.0,0.0,-36.0
1776887650.3741028,-1.0,-7.0,-35.0
1776887650.3841028,-6.0,-6.0,-37.0
1776887650.3941028,-8.0,-4.0,-40.0
1776887650.4041028,-9.0,0.0,-33.0
1776887650.4141028,-8.0,3.0,-33.0
1776887650.4241028,-8.0,2.0,-31.0
1776887650.4341028,-5.0,1.0,-38.0
1776887650.4441028,-2.0,-1.0,-35.0
1776887650.4541028,-1.0,2.0,-36.0
1776887650.4641027,-1.0,-1.0,-37.0
1776887650.4741027,0.0,-5.0,-36.0
1776887650.4841027,0.0,-5.0,-39.0
1776887650.4941027,0.0,0.0,-45.0
1776887650.5041027,-1.0,-2.0,-50.0
1776887650.5141027,0.0,-4.0,-45.0
1776887650.5241027,1.0,-1.0,-43.0
1776887650.534103,-1.0,-3.0,-45.0
1776887650.544103,-2.0,-3.0,-39.0
1776887650.554103,-6.0,0.0,-41.0
1776887650.5641026,-6.0,4.0,-45.0
1776887650.5741026,0.0,2.0,-39.0
1776887650.5841026,-2.0,3.0,-36.0
1776887650.5941026,-2.0,1.0,-36.0
1776887650.6041028,0.0,1.0,-35.0
1776887650.6141028,-1.0,2.0,-32.0
1776887650.6241028,-3.0,-2.0,-25.0
1776887650.6341028,-4.0,-1.0,-29.0
1776887650.6441028,1.0,-2.0,-30.0
1776887650.6541028,3.0,0.0,-33.0
1776887650.6641028,-1.0,0.0,-41.0
1776887650.6741028,-2.0,0.0,-42.0
1776887650.6841028,-2.0,3.0,-37.0
1776887650.6941028,0.0,2.0,-34.0
1776887650.7041028,0.0,1.0,-39.0
1776887650.7141027,7.0,0.0,-49.0
1776887650.7241027,5.0,2.0,-46.0
1776887650.7341027,6.0,3.0,-46.0
1776887650.7441027,4.0,2.0,-49.0
1776887650.7541027,7.0,1.0,-45.0
1776887650.7641027,6.0,2.0,-39.0
1776887650.7741027,3.0,3.0,-34.0
1776887650.784103,7.0,1.0,-34.0
1776887650.794103,1.0,-1.0,-32.0
1776887650.804103,1.0,0.0,-31.0
1776887650.8141026,1.0,0.0,-33.0
1776887650.8241026,0.0,0.0,-24.0
1776887650.8341026,-1.0,0.0,-20.0
1776887650.8441026,1.0,1.0,-24.0
1776887650.8541028,1.0,4.0,-34.0
1776887650.8641028,3.0,0.0,-38.0
1776887650.8741028,2.0,-1.0,-36.0
1776887650.8841028,0.0,0.0,-38.0
1776887650.8941028,-1.0,-6.0,-38.0
1776887650.9041028,1.0,-11.0,-36.0
1776887650.9141028,3.0,-6.0,-37.0
1776887650.9241028,2.0,-5.0,-41.0
1776887650.9341028,1.0,-5.0,-47.0
1776887650.9441028,0.0,-3.0,-44.0
1776887650.9541028,0.0,-4.0,-44.0
1776887650.9641027,0.0,-2.0,-42.0
1776887650.9741027,0.0,0.0,-37.0
1776887650.9841027,2.0,-2.0,-31.0
1776887650.9941027,0.0,-3.0,-29.0
1776887651.0041027,-1.0,-3.0,-36.0
1776887651.0141027,-2.0,-6.0,-30.0
1776887651.0241027,-5.0,-6.0,-30.0
1776887651.034103,-4.0,-7.0,-35.0
1776887651.044103,0.0,-5.0,-30.0
1776887651.054103,0.0,-5.0,-29.0
1776887651.0641026,-3.0,-5.0,-31.0
1776887651.0741026,-3.0,-4.0,-27.0
1776887651.0841026,0.0,1.0,-27.0
1776887651.0941026,1.0,-1.0,-26.0
1776887651.1041028,1.0,0.0,-28.0
1776887651.1141028,0.0,0.0,-34.0
1776887651.1241028,0.0,0.0,-31.0
1776887651.1341028,2.0,-1.0,-27.0
1776887651.1441028,1.0,-3.0,-29.0
1776887651.1541028,1.0,-5.0,-35.0
1776887651.1641028,3.0,-6.0,-42.0
1776887651.1741028,1.0,-7.0,-47.0
1776887651.1841028,-1.0,-6.0,-49.0
1776887651.1941028,-2.0,-2.0,-46.0
1776887651.2041028,0.0,-1.0,-43.0
1776887651.2141027,-4.0,-3.0,-42.0
1776887651.2241027,-1.0,-1.0,-33.0
1776887651.2341027,0.0,0.0,-27.0
1776887651.2441027,-1.0,0.0,-25.0
1776887651.2541027,-1.0,-1.0,-22.0
1776887651.2641027,3.0,0.0,-20.0
1776887651.2741027,9.0,0.0,-19.0
1776887651.284103,9.0,-1.0,-21.0
1776887651.294103,10.0,-6.0,-21.0
1776887651.304103,0.0,-3.0,-31.0
1776887651.3141026,0.0,-3.0,-24.0
1776887651.3241026,0.0,-3.0,-16.0
1776887651.3341026,-3.0,-2.0,-18.0
1776887651.3441026,-1.0,-1.0,-27.0
1776887651.3541028,-1.0,-3.0,-27.0
1776887651.3641028,0.0,-3.0,-25.0
1776887651.3741028,3.0,-2.0,-32.0
1776887651.3841028,1.0,0.0,-34.0
1776887651.3941028,1.0,2.0,-29.0
1776887651.4041028,-3.0,2.0,-36.0
1776887651.4141028,-4.0,2.0,-37.0
1776887651.4241028,-3.0,1.0,-41.0
1776887651.4341028,0.0,-6.0,-36.0
1776887651.4441028,0.0,-5.0,-38.0
1776887651.4541028,0.0,-10.0,-38.0
1776887651.4641027,-2.0,-10.0,-41.0
1776887651.4741027,-5.0,-9.0,-40.0
1776887651.4841027,-1.0,-8.0,-35.0
1776887651.4941027,-3.0,-6.0,-38.0
1776887651.5041027,0.0,-7.0,-28.0
1776887651.5141027,-5.0,0.0,-25.0
1776887651.5241027,-4.0,0.0,-30.0
1776887651.534103,-6.0,0.0,-29.0
1776887651.544103,-7.0,-2.0,-25.0
1776887651.554103,-4.0,-2.0,-20.0
1776887651.5641026,-6.0,-1.0,-21.0
1776887651.5741026,-1.0,-2.0,-26.0
1776887651.5841026,4.0,-1.0,-27.0
1776887651.5941026,5.0,4.0,-28.0
1776887651.6041028,6.0,3.0,-31.0
1776887651.6141028,4.0,2.0,-23.0
1776887651.6241028,3.0,0.0,-24.0
1776887651.6341028,4.0,-2.0,-31.0
1776887651.6441028,5.0,-2.0,-37.0
1776887651.6541028,5.0,0.0,-39.0
1776887651.6641028,5.0,0.0,-42.0
1776887651.6741028,4.0,1.0,-45.0
1776887651.6841028,1.0,1.0,-39.0
1776887651.6941028,1.0,3.0,-37.0
1776887651.7041028,4.0,3.0,-37.0
1776887651.7141027,2.0,0.0,-36.0
1776887651.7241027,4.0,-1.0,-35.0
1776887651.7341027,6.0,0.0,-38.0
1776887651.7441027,2.0,-1.0,-33.0
1776887651.7541027,4.0,-4.0,-35.0
1776887651.7641027,3.0,-5.0,-29.0
1776887651.7741027,5.0,-3.0,-31.0
1776887651.784103,4.0,0.0,-35.0
1776887651.794103,3.0,1.0,-37.0
1776887651.804103,0.0,3.0,-36.0
1776887651.8141026,-2.0,6.0,-35.0
1776887651.8241026,0.0,7.0,-37.0
1776887651.8341026,4.0,3.0,-36.0
1776887651.8441026,5.0,4.0,-33.0
1776887651.8541028,3.0,3.0,-29.0
1776887651.8641028,3.0,2.0,-26.0
1776887651.8741028,1.0,2.0,-29.0
1776887651.8841028,2.0,2.0,-32.0
1776887651.8941028,3.0,-1.0,-32.0
1776887651.9041028,4.0,1.0,-39.0
1776887651.9141028,0.0,-1.0,-42.0
1776887651.9241028,0.0,0.0,-46.0
1776887651.9341028,1.0,1.0,-45.0
1776887651.9441028,0.0,-1.0,-47.0
1776887651.9541028,-2.0,1.0,-47.0
1776887651.9641027,-3.0,2.0,-44.0
1776887651.9741027,-4.0,5.0,-39.0
1776887651.9841027,2.0,5.0,-38.0
1776887651.9941027,1.0,3.0,-35.0
1776887652.0041027,2.0,0.0,-34.0
1776887652.0141027,4.0,0.0,-31.0
1776887652.0241027,4.0,-2.0,-32.0
1776887652.034103,5.0,-3.0,-33.0
1776887652.044103,2.0,-5.0,-34.0
1776887652.054103,3.0,-6.0,-36.0
1776887652.0641026,1.0,-5.0,-37.0
1776887652.0741026,-1.0,-7.0,-33.0
1776887652.0851028,0.0,-1.0,-32.0
1776887652.0941026,4.0,2.0,-30.0
1776887652.1051028,0.0,0.0,-33.0
1776887652.1151028,-3.0,-5.0,-31.0
1776887652.1251028,-3.0,-2.0,-39.0
1776887652.1351027,-5.0,-4.0,-45.0
1776887652.1451027,-7.0,-6.0,-44.0
1776887652.1551027,-10.0,-1.0,-34.0
1776887652.1651027,-6.0,2.0,-25.0
1776887652.1751027,0.0,2.0,-25.0
1776887652.1851027,1.0,2.0,-30.0
1776887652.1951027,-3.0,0.0,-32.0
1776887652.2051027,-2.0,0.0,-32.0
1776887652.215103,-4.0,6.0,-33.0
1776887652.225103,-4.0,4.0,-36.0
1776887652.235103,0.0,1.0,-35.0
1776887652.2451026,5.0,0.0,-37.0
1776887652.2551026,5.0,-2.0,-32.0
1776887652.2651026,5.0,0.0,-36.0
1776887652.2751029,7.0,-2.0,-37.0
1776887652.2851028,2.0,-3.0,-42.0
1776887652.2951028,4.0,-1.0,-49.0
1776887652.3051028,2.0,-3.0,-48.0
1776887652.3151028,2.0,-1.0,-46.0
1776887652.3251028,0.0,-3.0,-39.0
1776887652.3351028,0.0,-5.0,-39.0
1776887652.3451028,3.0,-1.0,-38.0
1776887652.3551028,0.0,-3.0,-38.0
1776887652.3651028,0.0,-3.0,-37.0
1776887652.3751028,1.0,-4.0,-38.0
1776887652.3851027,1.0,0.0,-35.0
1776887652.3951027,-1.0,2.0,-32.0
1776887652.4051027,0.0,0.0,-20.0
1776887652.4151027,-1.0,-2.0,-21.0
1776887652.4251027,-2.0,-4.0,-27.0
1776887652.4351027,4.0,-3.0,-33.0
1776887652.4451027,1.0,-2.0,-40.0
1776887652.4551027,0.0,-4.0,-44.0
1776887652.465103,-4.0,-3.0,-41.0
1776887652.475103,-1.0,-1.0,-41.0
1776887652.485103,-2.0,-1.0,-38.0
1776887652.4951026,-3.0,-1.0,-37.0
1776887652.5051026,0.0,0.0,-37.0
1776887652.5151026,0.0,0.0,-40.0
1776887652.5251029,0.0,6.0,-42.0
1776887652.5351028,-1.0,2.0,-45.0
1776887652.5451028,-3.0,1.0,-40.0
1776887652.5551028,-3.0,2.0,-39.0
1776887652.5651028,-9.0,4.0,-45.0
1776887652.5751028,-9.0,3.0,-44.0
1776887652.5851028,-5.0,1.0,-43.0
1776887652.5951028,0.0,0.0,-33.0
1776887652.6051028,-2.0,0.0,-32.0
1776887652.6151028,0.0,-2.0,-32.0
1776887652.6251028,0.0,-5.0,-35.0
1776887652.6351027,3.0,-6.0,-34.0
1776887652.6451027,1.0,-4.0,-35.0
1776887652.6551027,3.0,-1.0,-34.0
1776887652.6651027,3.0,0.0,-34.0
1776887652.6751027,0.0,-4.0,-39.0
1776887652.6851027,-1.0,-5.0,-41.0
1776887652.6951027,0.0,-7.0,-40.0
1776887652.7051027,0.0,-7.0,-38.0
1776887652.715103,-1.0,-5.0,-35.0
1776887652.725103,0.0,-7.0,-38.0
1776887652.735103,1.0,-6.0,-39.0
1776887652.7451026,2.0,-6.0,-43.0
1776887652.7551026,0.0,-9.0,-49.0
1776887652.7651026,-1.0,-5.0,-44.0
1776887652.7751029,-4.0,-6.0,-41.0
1776887652.7851028,-4.0,-7.0,-43.0
1776887652.7951028,-7.0,-5.0,-42.0
1776887652.8051028,-10.0,-3.0,-49.0
1776887652.8151028,-7.0,0.0,-52.0
1776887652.8251028,-7.0,0.0,-50.0
1776887652.8351028,-3.0,0.0,-49.0
1776887652.8451028,-1.0,-1.0,-49.0
1776887652.8551028,-1.0,-3.0,-43.0
1776887652.8651028,-2.0,-7.0,-46.0
1776887652.8751028,-3.0,-6.0,-45.0
1776887652.8851027,-4.0,-3.0,-47.0
1776887652.8951027,-2.0,0.0,-43.0
1776887652.9051027,5.0,-2.0,-42.0
1776887652.9151027,8.0,-4.0,-41.0
1776887652.9251027,4.0,-3.0,-42.0
1776887652.9351027,0.0,0.0,-37.0
1776887652.9451027,5.0,-2.0,-39.0
1776887652.9551027,7.0,-3.0,-38.0
1776887652.965103,0.0,-3.0,-31.0
1776887652.975103,3.0,-7.0,-33.0
1776887652.985103,7.0,-9.0,-30.0
1776887652.9951026,9.0,-6.0,-33.0
1776887653.0051026,7.0,-3.0,-39.0
1776887653.0151026,3.0,-3.0,-43.0
1776887653.0251029,2.0,0.0,-37.0
1776887653.0351028,0.0,0.0,-30.0
1776887653.0451028,0.0,1.0,-28.0
1776887653.0551028,-4.0,3.0,-25.0
1776887653.0651028,0.0,4.0,-26.0
1776887653.0751028,0.0,3.0,-27.0
1776887653.0851028,0.0,6.0,-34.0
1776887653.0951028,2.0,5.0,-32.0
1776887653.1051028,0.0,1.0,-39.0
1776887653.1151028,0.0,-1.0,-38.0
1776887653.1251028,0.0,-2.0,-38.0
1776887653.1351027,-2.0,2.0,-33.0
1776887653.1451027,-1.0,0.0,-30.0
1776887653.1551027,0.0,-5.0,-32.0
1776887653.1651027,2.0,-3.0,-33.0
1776887653.1751027,0.0,-3.0,-31.0
1776887653.1851027,0.0,-3.0,-41.0
1776887653.1951027,-2.0,-2.0,-41.0
1776887653.2051027,-1.0,0.0,-39.0
1776887653.215103,2.0,1.0,-41.0
1776887653.225103,0.0,-2.0,-35.0
1776887653.235103,1.0,-1.0,-33.0
1776887653.2451026,-3.0,0.0,-36.0
1776887653.2551026,0.0,0.0,-42.0
1776887653.2651026,0.0,4.0,-39.0
1776887653.2751029,-7.0,0.0,-37.0
1776887653.2851028,-3.0,0.0,-36.0
1776887653.2951028,-2.0,0.0,-26.0
1776887653.3051028,-2.0,2.0,-30.0
1776887653.3151028,-1.0,1.0,-37.0
1776887653.3251028,2.0,2.0,-41.0
1776887653.3351028,6.0,0.0,-42.0
1776887653.3451028,7.0,0.0,-50.0
1776887653.3551028,4.0,-1.0,-49.0
1776887653.3651028,4.0,-1.0,-49.0
1776887653.3751028,7.0,1.0,-44.0
1776887653.3851027,4.0,2.0,-40.0
1776887653.3951027,-1.0,3.0,-38.0
1776887653.4051027,-1.0,1.0,-42.0
1776887653.4151027,-4.0,0.0,-45.0
1776887653.4251027,-4.0,-2.0,-48.0
1776887653.4351027,-2.0,-2.0,-55.0
1776887653.4451027,-1.0,-1.0,-50.0
1776887653.4551027,0.0,-6.0,-49.0
1776887653.465103,-3.0,-6.0,-38.0
1776887653.475103,-1.0,-6.0,-39.0
1776887653.485103,-1.0,-6.0,-42.0
1776887653.4951026,-1.0,-5.0,-41.0
1776887653.5051026,-8.0,-3.0,-40.0
1776887653.5151026,-6.0,-2.0,-43.0
1776887653.5251029,-10.0,-3.0,-38.0
1776887653.5351028,-9.0,-2.0,-34.0
1776887653.5451028,-6.0,3.0,-29.0
1776887653.5551028,-3.0,3.0,-25.0
1776887653.5651028,-3.0,0.0,-25.0
1776887653.5751028,-2.0,1.0,-27.0
1776887653.5851028,-2.0,-1.0,-27.0
1776887653.5951028,-2.0,0.0,-37.0
1776887653.6051028,-2.0,-3.0,-36.0
1776887653.6151028,0.0,-3.0,-32.0
1776887653.6251028,0.0,0.0,-34.0
1776887653.6351027,-1.0,1.0,-35.0
1776887653.6451027,-2.0,6.0,-35.0
1776887653.6551027,-2.0,2.0,-33.0
1776887653.6651027,-5.0,0.0,-32.0
1776887653.6751027,0.0,-3.0,-29.0
1776887653.6851027,3.0,-5.0,-28.0
1776887653.6951027,0.0,-4.0,-32.0
1776887653.7051027,6.0,0.0,-32.0
1776887653.715103,7.0,1.0,-37.0
1776887653.725103,6.0,1.0,-39.0
1776887653.735103,4.0,-4.0,-45.0
1776887653.7451026,0.0,-2.0,-42.0
1776887653.7551026,1.0,-1.0,-41.0
1776887653.7651026,4.0,-3.0,-42.0
1776887653.7751029,6.0,-1.0,-40.0
1776887653.7851028,9.0,0.0,-33.0
1776887653.7951028,5.0,3.0,-29.0
1776887653.8051028,1.0,1.0,-35.0
1776887653.8151028,2.0,-1.0,-42.0
1776887653.8251028,0.0,-2.0,-32.0
1776887653.8351028,0.0,1.0,-34.0
1776887653.8451028,0.0,4.0,-38.0
1776887653.8551028,5.0,5.0,-43.0
1776887653.8651028,8.0,3.0,-41.0
1776887653.8751028,9.0,1.0,-44.0
1776887653.8851027,4.0,-1.0,-46.0
1776887653.8951027,5.0,-3.0,-45.0
1776887653.9051027,8.0,-3.0,-42.0
1776887653.9151027,6.0,-1.0,-48.0
1776887653.9251027,12.0,0.0,-49.0
1776887653.9351027,12.0,1.0,-56.0
1776887653.9451027,9.0,2.0,-48.0
1776887653.9551027,5.0,1.0,-40.0
1776887653.965103,4.0,-3.0,-34.0
1776887653.975103,5.0,-1.0,-38.0
1776887653.985103,5.0,-1.0,-38.0
1776887653.9951026,6.0,-2.0,-38.0
1776887654.0051026,1.0,-4.0,-36.0
1776887654.0151026,1.0,-2.0,-41.0
1776887654.0251029,2.0,-4.0,-35.0
1776887654.0351028,6.0,2.0,-32.0
1776887654.0451028,6.0,0.0,-33.0
1776887654.0551028,8.0,-2.0,-38.0
1776887654.0651028,6.0,-2.0,-42.0
1776887654.0751028,2.0,0.0,-39.0
1776887654.0861027,2.0,-4.0,-41.0
1776887654.0961027,3.0,-5.0,-38.0
1776887654.1061027,2.0,-3.0,-37.0
1776887654.1161027,3.0,-4.0,-43.0
1776887654.1251028,4.0,-3.0,-44.0
1776887654.136103,3.0,-5.0,-47.0
1776887654.146103,5.0,-4.0,-45.0
1776887654.156103,3.0,0.0,-45.0
1776887654.1661026,1.0,1.0,-51.0
1776887654.1761026,1.0,0.0,-48.0
1776887654.1861026,2.0,0.0,-49.0
1776887654.1961029,5.0,-2.0,-44.0
1776887654.2061028,5.0,-1.0,-38.0
1776887654.2161028,3.0,-1.0,-44.0
1776887654.2261028,-1.0,-4.0,-45.0
1776887654.2361028,2.0,-5.0,-46.0
1776887654.2461028,1.0,-6.0,-45.0
1776887654.2561028,4.0,-5.0,-43.0
1776887654.2661028,2.0,-3.0,-39.0
1776887654.2761028,2.0,0.0,-41.0
1776887654.2861028,3.0,0.0,-45.0
1776887654.2961028,1.0,-5.0,-48.0
1776887654.3061028,3.0,-4.0,-47.0
1776887654.3161027,0.0,-4.0,-45.0
1776887654.3261027,0.0,-8.0,-48.0
1776887654.3361027,-3.0,-8.0,-45.0
1776887654.3461027,3.0,-7.0,-35.0
1776887654.3561027,4.0,-4.0,-34.0
1776887654.3661027,6.0,-2.0,-32.0
1776887654.3761027,10.0,0.0,-37.0
1776887654.386103,8.0,-1.0,-38.0
1776887654.396103,6.0,0.0,-39.0
1776887654.406103,0.0,-1.0,-38.0
1776887654.4161026,-2.0,1.0,-36.0
1776887654.4261026,-5.0,0.0,-38.0
1776887654.4361026,-4.0,-3.0,-45.0
1776887654.4461029,-4.0,-5.0,-42.0
1776887654.4561028,-5.0,-7.0,-48.0
1776887654.4661028,-6.0,-6.0,-48.0
1776887654.4761028,-6.0,-2.0,-49.0
1776887654.4861028,-2.0,0.0,-44.0
1776887654.4961028,-7.0,1.0,-45.0
1776887654.5061028,-8.0,0.0,-46.0
1776887654.5161028,-4.0,1.0,-46.0
1776887654.5261028,-3.0,1.0,-38.0
1776887654.5361028,-4.0,1.0,-42.0
1776887654.5461028,-2.0,-2.0,-41.0
1776887654.5561028,-1.0,-4.0,-44.0
1776887654.5661027,1.0,-4.0,-41.0
1776887654.5761027,2.0,-1.0,-31.0
1776887654.5861027,0.0,0.0,-29.0
1776887654.5961027,0.0,1.0,-36.0
1776887654.6061027,2.0,3.0,-35.0
1776887654.6161027,5.0,2.0,-37.0
1776887654.6261027,2.0,3.0,-37.0
1776887654.636103,1.0,-1.0,-37.0
1776887654.646103,0.0,0.0,-41.0
1776887654.656103,1.0,1.0,-41.0
1776887654.6661026,-2.0,2.0,-38.0
1776887654.6761026,0.0,3.0,-38.0
1776887654.6861026,0.0,3.0,-35.0
1776887654.6961029,2.0,-1.0,-29.0
1776887654.7061028,1.0,1.0,-30.0
1776887654.7161028,4.0,2.0,-32.0
1776887654.7261028,4.0,1.0,-33.0
1776887654.7361028,0.0,-1.0,-38.0
1776887654.7461028,1.0,-4.0,-38.0
1776887654.7561028,2.0,-10.0,-44.0
1776887654.7661028,8.0,-7.0,-44.0
1776887654.7761028,6.0,-6.0,-49.0
1776887654.7861028,0.0,-6.0,-46.0
1776887654.7961028,-4.0,-4.0,-43.0
1776887654.8061028,-1.0,-2.0,-42.0
1776887654.8161027,-1.0,-2.0,-38.0
1776887654.8261027,4.0,-3.0,-38.0
1776887654.8361027,0.0,-5.0,-42.0
1776887654.8461027,0.0,-5.0,-51.0
1776887654.8561027,-3.0,-2.0,-48.0
1776887654.8661027,4.0,-2.0,-44.0
1776887654.8761027,6.0,-5.0,-40.0
1776887654.886103,6.0,-5.0,-42.0
1776887654.896103,5.0,0.0,-47.0
1776887654.906103,5.0,3.0,-42.0
1776887654.9161026,2.0,0.0,-46.0
1776887654.9261026,1.0,2.0,-41.0
1776887654.9361026,-1.0,1.0,-39.0
1776887654.9461029,-3.0,1.0,-37.0
1776887654.9561028,-6.0,2.0,-41.0
1776887654.9661028,-3.0,2.0,-46.0
1776887654.9761028,0.0,5.0,-48.0
1776887654.9861028,0.0,4.0,-46.0
1776887654.9961028,-3.0,3.0,-47.0
1776887655.0061028,-4.0,0.0,-49.0
1776887655.0161028,-3.0,-2.0,-47.0
1776887655.0261028,-1.0,0.0,-42.0
1776887655.0361028,0.0,-1.0,-47.0
1776887655.0461028,0.0,-1.0,-50.0
1776887655.0561028,1.0,0.0,-48.0
1776887655.0661027,4.0,-3.0,-45.0
1776887655.0761027,2.0,-7.0,-42.0
1776887655.0861027,1.0,-7.0,-42.0
1776887655.0961027,6.0,-8.0,-42.0
1776887655.1061027,3.0,-2.0,-43.0
1776887655.1161027,2.0,0.0,-43.0
1776887655.1261027,0.0,0.0,-40.0
1776887655.136103,1.0,3.0,-43.0
1776887655.146103,2.0,4.0,-40.0
1776887655.156103,2.0,2.0,-32.0
1776887655.1661026,2.0,4.0,-31.0
1776887655.1761026,-1.0,5.0,-35.0
1776887655.1861026,-5.0,5.0,-38.0
1776887655.1961029,0.0,3.0,-28.0
1776887655.2061028,0.0,2.0,-24.0
1776887655.2161028,-1.0,0.0,-26.0
1776887655.2261028,1.0,-1.0,-26.0
1776887655.2361028,3.0,-2.0,-27.0
1776887655.2461028,1.0,-7.0,-27.0
1776887655.2561028,-2.0,-5.0,-28.0
1776887655.2661028,4.0,-3.0,-28.0
1776887655.2761028,10.0,-1.0,-32.0
1776887655.2861028,8.0,-2.0,-34.0
1776887655.2961028,3.0,-1.0,-32.0
1776887655.3061028,2.0,0.0,-37.0
1776887655.3161027,3.0,4.0,-45.0
1776887655.3261027,-5.0,5.0,-43.0
1776887655.3361027,-3.0,4.0,-38.0
1776887655.3461027,-3.0,0.0,-33.0
1776887655.3561027,-1.0,1.0,-32.0
1776887655.3661027,-3.0,1.0,-28.0
1776887655.3761027,0.0,0.0,-33.0
1776887655.386103,2.0,-2.0,-30.0
1776887655.396103,4.0,0.0,-35.0
1776887655.406103,4.0,-1.0,-41.0
1776887655.4161026,2.0,0.0,-47.0
1776887655.4261026,2.0,-1.0,-47.0
1776887655.4361026,4.0,-6.0,-41.0
1776887655.4461029,-3.0,-5.0,-41.0
1776887655.4561028,-4.0,-3.0,-31.0
1776887655.4661028,-4.0,-5.0,-26.0
1776887655.4761028,-6.0,-3.0,-36.0
1776887655.4861028,-3.0,0.0,-42.0
1776887655.4961028,0.0,-1.0,-43.0
1776887655.5061028,0.0,-1.0,-41.0
1776887655.5161028,0.0,-4.0,-36.0
1776887655.5261028,-3.0,-5.0,-37.0
1776887655.5361028,-8.0,-7.0,-39.0
1776887655.5461028,-9.0,-6.0,-36.0
1776887655.5561028,-9.0,-7.0,-34.0
1776887655.5661027,-7.0,-7.0,-36.0
1776887655.5761027,-9.0,-2.0,-38.0
1776887655.5861027,-9.0,0.0,-41.0
1776887655.5961027,-1.0,-2.0,-42.0
1776887655.6061027,-4.0,-6.0,-40.0
1776887655.6161027,-3.0,1.0,-40.0
1776887655.6261027,-3.0,5.0,-37.0
1776887655.636103,-2.0,1.0,-40.0
1776887655.646103,0.0,2.0,-42.0
1776887655.656103,-2.0,0.0,-47.0
1776887655.6661026,-2.0,-4.0,-45.0
1776887655.6761026,1.0,-7.0,-48.0
1776887655.6861026,7.0,-6.0,-49.0
1776887655.6961029,5.0,-3.0,-43.0
1776887655.7061028,9.0,-4.0,-40.0
1776887655.7161028,7.0,-4.0,-41.0
1776887655.7261028,8.0,-2.0,-43.0
1776887655.7361028,5.0,0.0,-41.0
1776887655.7461028,3.0,0.0,-41.0
1776887655.7561028,3.0,-1.0,-37.0
1776887655.7661028,1.0,1.0,-34.0
1776887655.7761028,3.0,0.0,-38.0
1776887655.7861028,2.0,-1.0,-34.0
1776887655.7961028,0.0,0.0,-38.0
1776887655.8061028,2.0,0.0,-36.0
1776887655.8161027,2.0,-1.0,-32.0
1776887655.8261027,0.0,-1.0,-35.0
1776887655.8361027,-1.0,-2.0,-33.0
1776887655.8461027,0.0,-4.0,-36.0
1776887655.8561027,0.0,-6.0,-39.0
1776887655.8661027,4.0,-10.0,-39.0
1776887655.8761027,3.0,-10.0,-36.0
1776887655.886103,6.0,-9.0,-39.0
1776887655.896103,4.0,-9.0,-37.0
1776887655.906103,0.0,-10.0,-41.0
1776887655.9161026,-7.0,-6.0,-41.0
1776887655.9261026,-5.0,-2.0,-41.0
1776887655.9361026,-4.0,0.0,-36.0
1776887655.9461029,-2.0,-5.0,-39.0
1776887655.9561028,-2.0,-6.0,-33.0
1776887655.9661028,0.0,-5.0,-42.0
1776887655.9761028,6.0,-4.0,-39.0
1776887655.9861028,-1.0,-6.0,-38.0
1776887655.9961028,-1.0,-9.0,-34.0
1776887656.0061028,1.0,-6.0,-40.0
1776887656.0161028,-3.0,-6.0,-44.0
1776887656.0261028,-1.0,-1.0,-44.0
1776887656.0361028,-1.0,0.0,-46.0
1776887656.0461028,-1.0,0.0,-48.0
1776887656.0561028,-2.0,-1.0,-39.0
1776887656.0661027,-5.0,0.0,-40.0
1776887656.0761027,-7.0,0.0,-40.0
1776887656.0861027,-5.0,0.0,-39.0
1776887656.0971026,-2.0,-1.0,-39.0
1776887656.1061027,-1.0,0.0,-38.0
1776887656.1171026,4.0,0.0,-40.0
1776887656.1271029,4.0,-2.0,-41.0
1776887656.1371028,2.0,-4.0,-39.0
1776887656.1471028,0.0,-6.0,-44.0
1776887656.1571028,-1.0,-3.0,-37.0
1776887656.1671028,1.0,-4.0,-40.0
1776887656.1771028,4.0,-2.0,-38.0
1776887656.1871028,7.0,-1.0,-37.0
1776887656.1971028,13.0,-3.0,-42.0
1776887656.2071028,12.0,-2.0,-40.0
1776887656.2171028,9.0,-1.0,-41.0
1776887656.2271028,8.0,0.0,-42.0
1776887656.2371027,1.0,1.0,-49.0
1776887656.2471027,0.0,1.0,-46.0
1776887656.2571027,4.0,-1.0,-40.0
1776887656.2671027,0.0,0.0,-40.0
1776887656.2771027,1.0,-1.0,-39.0
1776887656.2871027,-3.0,0.0,-36.0
1776887656.2971027,-1.0,-1.0,-32.0
1776887656.307103,0.0,0.0,-29.0
1776887656.317103,4.0,0.0,-30.0
1776887656.327103,1.0,-3.0,-30.0
1776887656.337103,1.0,-5.0,-43.0
1776887656.3471026,4.0,-2.0,-43.0
1776887656.3571026,8.0,-5.0,-45.0
1776887656.3671026,11.0,-7.0,-43.0
1776887656.3771029,12.0,-3.0,-39.0
1776887656.3871028,12.0,1.0,-37.0
1776887656.3971028,8.0,-2.0,-35.0
1776887656.4071028,6.0,-5.0,-37.0
1776887656.4171028,1.0,-1.0,-41.0
1776887656.4271028,3.0,-4.0,-33.0
1776887656.4371028,7.0,-8.0,-31.0
1776887656.4471028,4.0,-5.0,-34.0
1776887656.4571028,3.0,-1.0,-38.0
1776887656.4671028,6.0,-1.0,-34.0
1776887656.4771028,7.0,-5.0,-36.0
1776887656.4871027,0.0,-1.0,-33.0
1776887656.4971027,-2.0,0.0,-42.0
1776887656.5071027,-6.0,-4.0,-36.0
1776887656.5171027,-4.0,-4.0,-31.0
1776887656.5271027,-2.0,-5.0,-36.0
1776887656.5371027,-3.0,-2.0,-39.0
1776887656.5471027,-1.0,-3.0,-40.0
1776887656.557103,0.0,-1.0,-40.0
1776887656.567103,-1.0,0.0,-38.0
1776887656.577103,-2.0,0.0,-39.0
1776887656.587103,0.0,0.0,-39.0
1776887656.5971026,0.0,-5.0,-39.0
1776887656.6071026,3.0,-4.0,-38.0
1776887656.6171026,0.0,-2.0,-40.0
1776887656.6271029,-1.0,0.0,-41.0
1776887656.6371028,0.0,0.0,-38.0
1776887656.6471028,0.0,-2.0,-31.0
1776887656.6571028,1.0,-6.0,-27.0
1776887656.6671028,0.0,-6.0,-29.0
1776887656.6771028,-3.0,-4.0,-29.0
1776887656.6871028,2.0,1.0,-21.0
1776887656.6971028,6.0,6.0,-19.0
1776887656.7071028,0.0,6.0,-23.0
1776887656.7171028,-4.0,5.0,-26.0
1776887656.7271028,-2.0,3.0,-25.0
1776887656.7371027,1.0,0.0,-30.0
1776887656.7471027,6.0,0.0,-23.0
1776887656.7571027,1.0,0.0,-22.0
1776887656.7671027,0.0,0.0,-25.0
1776887656.7771027,0.0,-2.0,-35.0
1776887656.7871027,-2.0,-5.0,-42.0
1776887656.7971027,-2.0,0.0,-41.0
1776887656.807103,-5.0,-1.0,-42.0
1776887656.817103,-4.0,0.0,-43.0
1776887656.827103,-1.0,-2.0,-35.0
1776887656.837103,-1.0,-8.0,-36.0
1776887656.8471026,-2.0,-11.0,-38.0
1776887656.8571026,0.0,-11.0,-42.0
1776887656.8671026,-2.0,-6.0,-34.0
1776887656.8771029,-7.0,-9.0,-34.0
1776887656.8871028,-5.0,-7.0,-35.0
1776887656.8971028,-6.0,-7.0,-31.0
1776887656.9071028,-7.0,-5.0,-28.0
1776887656.9171028,-11.0,-2.0,-27.0
1776887656.9271028,-8.0,1.0,-26.0
1776887656.9371028,-3.0,1.0,-31.0
1776887656.9471028,-5.0,2.0,-33.0
1776887656.9571028,-9.0,1.0,-37.0
1776887656.9671028,-7.0,-4.0,-36.0
1776887656.9771028,-10.0,-6.0,-29.0
1776887656.9871027,-9.0,-4.0,-31.0
1776887656.9971027,-7.0,-2.0,-30.0
1776887657.0071027,-5.0,0.0,-40.0
1776887657.0171027,1.0,2.0,-44.0
1776887657.0271027,3.0,1.0,-42.0
1776887657.0371027,2.0,1.0,-41.0
1776887657.0471027,3.0,3.0,-41.0
1776887657.057103,4.0,0.0,-39.0
1776887657.067103,1.0,1.0,-42.0
1776887657.077103,3.0,0.0,-43.0
1776887657.087103,3.0,0.0,-41.0
1776887657.0971026,4.0,0.0,-34.0
1776887657.1071026,0.0,0.0,-33.0
1776887657.1171026,1.0,1.0,-30.0
1776887657.1271029,1.0,0.0,-35.0
1776887657.1371028,5.0,-5.0,-41.0
1776887657.1471028,6.0,-3.0,-39.0
1776887657.1571028,3.0,-8.0,-34.0
1776887657.1671028,1.0,-8.0,-29.0
1776887657.1771028,0.0,-7.0,-34.0
1776887657.1871028,-2.0,-11.0,-38.0
1776887657.1971028,-3.0,-8.0,-34.0
1776887657.2071028,-1.0,-8.0,-37.0
1776887657.2171028,-1.0,-8.0,-39.0
1776887657.2271028,-5.0,-4.0,-42.0
1776887657.2371027,-7.0,-3.0,-37.0
1776887657.2471027,-3.0,0.0,-36.0
1776887657.2571027,-7.0,-2.0,-35.0
1776887657.2671027,-7.0,0.0,-37.0
1776887657.2771027,-3.0,4.0,-33.0
1776887657.2871027,-3.0,5.0,-38.0
1776887657.2971027,-1.0,3.0,-40.0
1776887657.307103,0.0,2.0,-43.0
1776887657.317103,0.0,0.0,-45.0
1776887657.327103,-2.0,0.0,-49.0
1776887657.337103,-3.0,-4.0,-47.0
1776887657.3471026,-5.0,-5.0,-43.0
1776887657.3571026,-2.0,-5.0,-40.0
1776887657.3671026,0.0,-5.0,-34.0
1776887657.3771029,3.0,-5.0,-30.0
1776887657.3871028,3.0,-7.0,-32.0
1776887657.3971028,7.0,0.0,-36.0
1776887657.4071028,3.0,0.0,-39.0
1776887657.4171028,4.0,-1.0,-47.0
1776887657.4271028,2.0,-1.0,-48.0
1776887657.4371028,4.0,-2.0,-41.0
1776887657.4471028,3.0,0.0,-36.0
1776887657.4571028,-1.0,-2.0,-38.0
1776887657.4671028,-6.0,-4.0,-31.0
1776887657.4771028,-4.0,-6.0,-33.0
1776887657.4871027,-6.0,-2.0,-37.0
1776887657.4971027,-4.0,1.0,-36.0
1776887657.5071027,0.0,2.0,-35.0
1776887657.5171027,0.0,0.0,-30.0
1776887657.5271027,2.0,1.0,-37.0
1776887657.5371027,6.0,3.0,-37.0
1776887657.5471027,8.0,1.0,-35.0
1776887657.557103,4.0,2.0,-26.0
1776887657.567103,3.0,0.0,-26.0
1776887657.577103,0.0,-1.0,-21.0
1776887657.587103,-5.0,0.0,-18.0
1776887657.5971026,-3.0,-1.0,-13.0
1776887657.6071026,-3.0,-1.0,-9.0
1776887657.6171026,-1.0,0.0,-15.0
1776887657.6271029,-2.0,-1.0,-12.0
1776887657.6371028,-2.0,-1.0,-17.0
1776887657.6471028,0.0,-2.0,-22.0
1776887657.6571028,2.0,-1.0,-25.0
1776887657.6671028,4.0,0.0,-31.0
1776887657.6771028,0.0,0.0,-33.0
1776887657.6871028,3.0,-1.0,-40.0
1776887657.6971028,6.0,-3.0,-29.0
1776887657.7071028,8.0,-2.0,-28.0
1776887657.7171028,3.0,-2.0,-31.0
1776887657.7271028,8.0,-4.0,-37.0
1776887657.7371027,6.0,-8.0,-41.0
1776887657.7471027,7.0,-9.0,-43.0
1776887657.7571027,8.0,-6.0,-38.0
1776887657.7671027,4.0,-9.0,-40.0
1776887657.7771027,1.0,-7.0,-40.0
1776887657.7871027,-1.0,-11.0,-36.0
1776887657.7971027,2.0,-9.0,-41.0
1776887657.807103,0.0,-9.0,-44.0
1776887657.817103,-2.0,-14.0,-36.0
1776887657.827103,-3.0,-13.0,-34.0
1776887657.837103,-2.0,-11.0,-35.0
1776887657.8471026,-1.0,-8.0,-37.0
1776887657.8571026,1.0,-4.0,-38.0
1776887657.8671026,1.0,-5.0,-37.0
1776887657.8771029,1.0,-9.0,-44.0
1776887657.8871028,0.0,-7.0,-42.0
1776887657.8971028,-2.0,-5.0,-43.0
1776887657.9071028,-2.0,-2.0,-40.0
1776887657.9171028,-1.0,0.0,-38.0
1776887657.9271028,0.0,0.0,-39.0
1776887657.9371028,4.0,0.0,-41.0
1776887657.9471028,6.0,-6.0,-43.0
1776887657.9571028,5.0,-11.0,-43.0
1776887657.9671028,2.0,-7.0,-42.0
1776887657.9771028,0.0,-6.0,-40.0
1776887657.9871027,0.0,0.0,-35.0
1776887657.9971027,1.0,-1.0,-38.0
1776887658.0071027,0.0,-1.0,-38.0
1776887658.0171027,-3.0,0.0,-35.0
1776887658.0271027,-5.0,-5.0,-38.0
1776887658.0371027,-3.0,-6.0,-40.0
1776887658.0471027,-2.0,-7.0,-48.0
1776887658.057103,0.0,-9.0,-42.0
1776887658.067103,2.0,-6.0,-40.0
1776887658.077103,2.0,-4.0,-43.0
1776887658.0881028,0.0,-4.0,-47.0
1776887658.0981028,-7.0,-5.0,-45.0
1776887658.1081028,-9.0,-3.0,-47.0
1776887658.1181028,-4.0,-4.0,-47.0
1776887658.1281028,-2.0,-3.0,-51.0
1776887658.1381028,-6.0,-2.0,-44.0
1776887658.1481028,-5.0,0.0,-44.0
1776887658.1581028,-4.0,1.0,-39.0
1776887658.1681027,-5.0,2.0,-29.0
1776887658.1781027,-10.0,2.0,-30.0
1776887658.1881027,-5.0,-6.0,-34.0
1776887658.1981027,-1.0,-7.0,-31.0
1776887658.2081027,0.0,-4.0,-27.0
1776887658.2181027,0.0,0.0,-30.0
1776887658.2281027,0.0,0.0,-35.0
1776887658.238103,0.0,3.0,-33.0
1776887658.248103,2.0,1.0,-35.0
1776887658.258103,3.0,0.0,-37.0
1776887658.2681026,-2.0,-1.0,-43.0
1776887658.2781026,-2.0,-3.0,-38.0
1776887658.2881026,-2.0,-1.0,-38.0
1776887658.2981029,-7.0,-2.0,-46.0
1776887658.3081028,-5.0,-5.0,-50.0
1776887658.3181028,-3.0,-3.0,-57.0
1776887658.3281028,-3.0,0.0,-49.0
1776887658.3381028,0.0,4.0,-43.0
1776887658.3481028,3.0,1.0,-44.0
1776887658.3581028,2.0,1.0,-45.0
1776887658.3681028,6.0,1.0,-45.0
1776887658.3781028,11.0,0.0,-45.0
1776887658.3881028,10.0,2.0,-49.0
1776887658.3981028,5.0,1.0,-48.0
1776887658.4081028,8.0,1.0,-44.0
1776887658.4181027,5.0,0.0,-43.0
1776887658.4281027,1.0,-2.0,-37.0
1776887658.4381027,-1.0,0.0,-34.0
1776887658.4481027,1.0,0.0,-30.0
1776887658.4581027,-1.0,-2.0,-32.0
1776887658.4681027,0.0,1.0,-32.0
1776887658.4781027,4.0,2.0,-32.0
1776887658.488103,3.0,3.0,-32.0
1776887658.498103,5.0,2.0,-37.0
1776887658.508103,0.0,0.0,-37.0
1776887658.5181026,2.0,0.0,-41.0
1776887658.5281026,-1.0,0.0,-38.0
1776887658.5381026,0.0,-2.0,-36.0
1776887658.5481029,0.0,-2.0,-36.0
1776887658.5581028,-1.0,-6.0,-33.0
1776887658.5681028,-1.0,-4.0,-32.0
1776887658.5781028,-6.0,-2.0,-37.0
1776887658.5881028,-3.0,1.0,-35.0
1776887658.5981028,-4.0,1.0,-36.0
1776887658.6081028,-4.0,1.0,-37.0
1776887658.6181028,2.0,0.0,-36.0
1776887658.6281028,2.0,-3.0,-33.0
1776887658.6381028,2.0,-4.0,-35.0
1776887658.6481028,3.0,-3.0,-33.0
1776887658.6581028,0.0,-1.0,-34.0
1776887658.6681027,0.0,-4.0,-33.0
1776887658.6781027,1.0,-2.0,-34.0
1776887658.6881027,1.0,-6.0,-34.0
1776887658.6981027,0.0,-5.0,-35.0
1776887658.7081027,0.0,-4.0,-41.0
1776887658.7181027,0.0,-9.0,-41.0
1776887658.7281027,-2.0,-9.0,-37.0
1776887658.738103,-1.0,-13.0,-35.0
1776887658.748103,2.0,-12.0,-29.0
1776887658.758103,2.0,-9.0,-34.0
1776887658.7681026,2.0,-6.0,-36.0
1776887658.7781026,1.0,-4.0,-34.0
1776887658.7881026,0.0,-5.0,-30.0
1776887658.7981029,-1.0,-8.0,-33.0
1776887658.8081028,-1.0,-3.0,-29.0
1776887658.8181028,0.0,1.0,-31.0
1776887658.8281028,-2.0,0.0,-37.0
1776887658.8381028,-1.0,-2.0,-33.0
1776887658.8481028,-4.0,-4.0,-32.0
1776887658.8581028,-4.0,-2.0,-33.0
1776887658.8681028,-3.0,0.0,-40.0
1776887658.8781028,-4.0,2.0,-40.0
1776887658.8881028,-3.0,6.0,-33.0
1776887658.8981028,0.0,6.0,-26.0
1776887658.9081028,0.0,5.0,-28.0
1776887658.9181027,1.0,6.0,-35.0
1776887658.9281027,-1.0,5.0,-37.0
1776887658.9381027,1.0,0.0,-41.0
1776887658.9481027,6.0,1.0,-47.0
1776887658.9581027,4.0,-1.0,-45.0
1776887658.9681027,7.0,0.0,-50.0
1776887658.9781027,8.0,0.0,-48.0
1776887658.988103,5.0,0.0,-43.0
1776887658.998103,8.0,-3.0,-39.0
1776887659.008103,6.0,0.0,-41.0
1776887659.0181026,3.0,-3.0,-43.0
1776887659.0281026,0.0,-4.0,-43.0
1776887659.0381026,2.0,-2.0,-35.0
1776887659.0481029,0.0,-1.0,-33.0
1776887659.0581028,-3.0,0.0,-38.0
1776887659.0681028,-3.0,0.0,-37.0
1776887659.0781028,-2.0,-2.0,-36.0
1776887659.0881028,-6.0,-7.0,-36.0
1776887659.0981028,-6.0,-7.0,-36.0
1776887659.1081028,-2.0,-9.0,-29.0
1776887659.1181028,1.0,-6.0,-27.0
1776887659.1281028,0.0,-6.0,-30.0
1776887659.1381028,0.0,-1.0,-30.0
1776887659.1481028,0.0,1.0,-33.0
1776887659.1581028,0.0,-4.0,-30.0
1776887659.1681027,5.0,-7.0,-26.0
1776887659.1781027,3.0,-6.0,-29.0
1776887659.1881027,0.0,-9.0,-29.0
1776887659.1981027,0.0,-11.0,-31.0
1776887659.2081027,0.0,-10.0,-35.0
1776887659.2181027,-2.0,-5.0,-36.0
1776887659.2281027,-4.0,-8.0,-33.0
1776887659.238103,-6.0,-9.0,-30.0
1776887659.248103,-5.0,-9.0,-33.0
1776887659.258103,-5.0,-6.0,-34.0
1776887659.2681026,-1.0,-3.0,-34.0
1776887659.2781026,0.0,-3.0,-39.0
1776887659.2881026,0.0,-4.0,-40.0
1776887659.2981029,0.0,-8.0,-37.0
1776887659.3081028,3.0,-3.0,-42.0
1776887659.3181028,3.0,2.0,-43.0
1776887659.3281028,2.0,1.0,-43.0
1776887659.3381028,7.0,0.0,-45.0
1776887659.3481028,4.0,0.0,-46.0
1776887659.3581028,1.0,1.0,-44.0
1776887659.3681028,4.0,3.0,-46.0
1776887659.3781028,4.0,0.0,-40.0
1776887659.3881028,4.0,0.0,-35.0
1776887659.3981028,1.0,-1.0,-35.0
1776887659.4081028,0.0,-3.0,-34.0
1776887659.4181027,0.0,-4.0,-30.0
1776887659.4281027,1.0,-9.0,-31.0
1776887659.4381027,1.0,-4.0,-38.0
1776887659.4481027,1.0,-1.0,-37.0
1776887659.4581027,0.0,-3.0,-34.0
1776887659.4681027,1.0,0.0,-30.0
1776887659.4781027,0.0,-2.0,-39.0
1776887659.488103,1.0,-1.0,-43.0
1776887659.498103,2.0,0.0,-43.0
1776887659.508103,1.0,-2.0,-43.0
1776887659.5181026,0.0,-1.0,-51.0
1776887659.5281026,0.0,-4.0,-52.0
1776887659.5381026,4.0,-3.0,-49.0
1776887659.5481029,2.0,-3.0,-46.0
1776887659.5581028,5.0,-7.0,-52.0
1776887659.5681028,1.0,-8.0,-49.0
1776887659.5781028,3.0,-10.0,-48.0
1776887659.5891027,3.0,-14.0,-46.0
1776887659.5981028,5.0,-12.0,-43.0
1776887659.6081028,6.0,-12.0,-33.0
1776887659.6181028,4.0,-9.0,-30.0
1776887659.6281028,10.0,-9.0,-32.0
1776887659.6381028,6.0,-3.0,-39.0
1776887659.6481028,6.0,-3.0,-36.0
1776887659.6581028,5.0,-9.0,-34.0
1776887659.6681027,2.0,-6.0,-32.0
1776887659.6781027,1.0,-6.0,-35.0
1776887659.6881027,0.0,0.0,-33.0
1776887659.6981027,4.0,-4.0,-33.0
1776887659.7081027,5.0,-6.0,-34.0
1776887659.7181027,3.0,-2.0,-30.0
1776887659.7281027,6.0,-3.0,-33.0
1776887659.738103,3.0,-4.0,-33.0
1776887659.748103,0.0,-2.0,-36.0
1776887659.758103,0.0,-1.0,-36.0
1776887659.7681026,-1.0,-3.0,-38.0
1776887659.7781026,-1.0,-1.0,-35.0
1776887659.7881026,-2.0,-4.0,-34.0
1776887659.7981029,0.0,-7.0,-36.0
1776887659.8081028,-5.0,-5.0,-31.0
1776887659.8181028,-2.0,-8.0,-31.0
1776887659.8281028,0.0,-6.0,-31.0
1776887659.8381028,1.0,-4.0,-35.0
1776887659.8481028,5.0,-3.0,-35.0
1776887659.8581028,4.0,-6.0,-28.0
1776887659.8681028,3.0,-4.0,-23.0
1776887659.8781028,7.0,-4.0,-24.0
1776887659.8881028,6.0,-2.0,-30.0
1776887659.8981028,3.0,-4.0,-30.0
1776887659.9081028,-2.0,-1.0,-34.0
1776887659.9181027,-2.0,1.0,-36.0
1776887659.9281027,2.0,1.0,-35.0
1776887659.9381027,3.0,-2.0,-32.0
1776887659.9481027,0.0,-3.0,-33.0
1776887659.9581027,1.0,-7.0,-37.0
1776887659.9681027,1.0,-10.0,-32.0
1776887659.9781027,4.0,-6.0,-34.0
1776887659.988103,4.0,-6.0,-40.0
1776887659.998103,8.0,-1.0,-39.0
1776887660.008103,3.0,-1.0,-35.0
1776887660.0181026,4.0,3.0,-31.0
1776887660.0281026,2.0,4.0,-39.0
1776887660.0381026,4.0,5.0,-38.0
1776887660.0481029,3.0,2.0,-40.0
1776887660.0581028,5.0,2.0,-44.0
1776887660.0681028,5.0,2.0,-41.0
1776887660.0791028,4.0,3.0,-37.0
1776887660.0891027,4.0,3.0,-31.0
1776887660.0991027,1.0,4.0,-33.0
1776887660.1091027,1.0,4.0,-29.0
1776887660.1191027,-1.0,-1.0,-35.0
1776887660.1291027,-2.0,0.0,-39.0
1776887660.1391027,0.0,-1.0,-45.0
1776887660.1491027,4.0,-1.0,-42.0
1776887660.159103,0.0,-2.0,-36.0
1776887660.169103,1.0,0.0,-38.0
1776887660.179103,2.0,0.0,-37.0
1776887660.1891026,2.0,0.0,-35.0
1776887660.1991026,-1.0,-1.0,-35.0
1776887660.2091026,0.0,-7.0,-32.0
1776887660.2191026,0.0,-5.0,-34.0
1776887660.2291028,0.0,-6.0,-38.0
1776887660.2391028,1.0,-2.0,-37.0
1776887660.2491028,4.0,-3.0,-43.0
1776887660.2591028,1.0,-1.0,-41.0
1776887660.2691028,-1.0,-2.0,-34.0
1776887660.2791028,3.0,-6.0,-34.0
1776887660.2891028,3.0,-6.0,-39.0
1776887660.2991028,-3.0,-5.0,-41.0
1776887660.3091028,0.0,-8.0,-38.0
1776887660.3191028,0.0,-3.0,-37.0
1776887660.3291028,1.0,4.0,-33.0
1776887660.3391027,0.0,6.0,-25.0
1776887660.3491027,-3.0,1.0,-29.0
1776887660.3591027,0.0,2.0,-29.0
1776887660.3691027,-6.0,1.0,-32.0
1776887660.3791027,-2.0,2.0,-34.0
1776887660.3891027,2.0,-1.0,-33.0
1776887660.3991027,-1.0,-4.0,-30.0
1776887660.409103,5.0,-3.0,-39.0
1776887660.419103,6.0,0.0,-41.0
1776887660.429103,4.0,2.0,-34.0
1776887660.4391026,1.0,2.0,-34.0
1776887660.4491026,1.0,5.0,-35.0
1776887660.4591026,0.0,5.0,-35.0
1776887660.4691026,-1.0,2.0,-33.0
1776887660.4791028,-5.0,1.0,-32.0
1776887660.4891028,-4.0,2.0,-37.0
1776887660.4991028,-1.0,1.0,-42.0
1776887660.5091028,0.0,3.0,-31.0
1776887660.5191028,0.0,0.0,-32.0
1776887660.5291028,2.0,-1.0,-35.0
1776887660.5391028,-1.0,-4.0,-37.0
1776887660.5491028,0.0,-8.0,-30.0
1776887660.5591028,0.0,-6.0,-33.0
1776887660.5691028,-4.0,-9.0,-41.0
1776887660.5791028,-8.0,-8.0,-38.0
1776887660.5891027,-5.0,-5.0,-36.0
1776887660.5991027,0.0,-3.0,-37.0
1776887660.6091027,1.0,-5.0,-37.0
1776887660.6191027,2.0,-8.0,-31.0
1776887660.6291027,2.0,-6.0,-28.0
1776887660.6391027,4.0,-6.0,-29.0
1776887660.6491027,6.0,-4.0,-33.0
1776887660.659103,0.0,-3.0,-38.0
1776887660.669103,0.0,0.0,-39.0
1776887660.679103,-1.0,-2.0,-34.0
1776887660.6891026,-1.0,-2.0,-34.0
1776887660.6991026,-1.0,-3.0,-33.0
1776887660.7091026,1.0,-4.0,-41.0
1776887660.7191026,0.0,-6.0,-44.0
1776887660.7291028,-3.0,-5.0,-45.0
1776887660.7391028,3.0,-5.0,-46.0
1776887660.7491028,6.0,-3.0,-41.0
1776887660.7591028,7.0,-2.0,-44.0
1776887660.7691028,9.0,-2.0,-45.0
1776887660.7791028,5.0,-2.0,-44.0
1776887660.7891028,1.0,-2.0,-43.0
1776887660.7991028,2.0,-5.0,-41.0
1776887660.8091028,6.0,-8.0,-43.0
1776887660.8191028,8.0,-6.0,-37.0
1776887660.8291028,10.0,-5.0,-32.0
1776887660.8391027,12.0,-4.0,-24.0
1776887660.8491027,8.0,-5.0,-18.0
1776887660.8591027,10.0,-4.0,-28.0
1776887660.8691027,3.0,0.0,-27.0
1776887660.8791027,2.0,0.0,-35.0
1776887660.8891027,1.0,1.0,-35.0
1776887660.8991027,2.0,0.0,-33.0
1776887660.909103,0.0,0.0,-35.0
1776887660.919103,-1.0,-1.0,-35.0
1776887660.929103,0.0,-1.0,-31.0
1776887660.9391026,-2.0,0.0,-32.0
1776887660.9491026,0.0,-1.0,-36.0
1776887660.9591026,2.0,-3.0,-36.0
1776887660.9691026,5.0,-5.0,-39.0
1776887660.9791028,4.0,-4.0,-36.0
1776887660.9891028,4.0,-6.0,-33.0
1776887660.9991028,1.0,-4.0,-32.0
1776887661.0091028,3.0,-3.0,-35.0
1776887661.0191028,0.0,-3.0,-32.0
1776887661.0291028,0.0,-4.0,-32.0
1776887661.0391028,0.0,-5.0,-35.0
1776887661.0491028,-3.0,-4.0,-34.0
1776887661.0591028,-5.0,-5.0,-31.0
1776887661.0691028,-5.0,-8.0,-23.0
1776887661.0791028,-4.0,-6.0,-20.0
1776887661.0891027,-2.0,-6.0,-24.0
1776887661.0991027,5.0,-5.0,-27.0
1776887661.1091027,1.0,-5.0,-29.0
1776887661.1191027,4.0,-6.0,-27.0
1776887661.1291027,6.0,-10.0,-22.0
1776887661.1391027,5.0,-12.0,-25.0
1776887661.1491027,7.0,-5.0,-22.0
1776887661.159103,6.0,-4.0,-20.0
1776887661.169103,3.0,-2.0,-26.0
1776887661.179103,1.0,2.0,-21.0
1776887661.1891026,0.0,1.0,-17.0
1776887661.1991026,-6.0,0.0,-27.0
1776887661.2091026,-5.0,-2.0,-29.0
1776887661.2191026,-6.0,0.0,-31.0
1776887661.2291028,-1.0,0.0,-34.0
1776887661.2391028,1.0,-4.0,-32.0
1776887661.2491028,2.0,-8.0,-31.0
1776887661.2591028,3.0,-11.0,-26.0
1776887661.2691028,2.0,-8.0,-24.0
1776887661.2791028,0.0,-1.0,-25.0
1776887661.2891028,-1.0,1.0,-17.0
1776887661.2991028,-2.0,0.0,-27.0
1776887661.3091028,0.0,-1.0,-28.0
1776887661.3191028,4.0,-1.0,-28.0
1776887661.3291028,1.0,0.0,-26.0
1776887661.3391027,0.0,0.0,-24.0
1776887661.3491027,2.0,-5.0,-20.0
1776887661.3591027,-2.0,-2.0,-29.0
1776887661.3691027,-2.0,0.0,-31.0
1776887661.3791027,1.0,-7.0,-32.0
1776887661.3891027,-1.0,-7.0,-34.0
1776887661.3991027,0.0,-8.0,-37.0
1776887661.409103,-5.0,-3.0,-41.0
1776887661.419103,-7.0,0.0,-47.0
1776887661.429103,-8.0,-3.0,-48.0
1776887661.4391026,-9.0,-1.0,-44.0
1776887661.4491026,-1.0,-2.0,-42.0
1776887661.4591026,-1.0,-4.0,-43.0
1776887661.4691026,-2.0,-3.0,-45.0
1776887661.4791028,-1.0,-8.0,-45.0
1776887661.4891028,0.0,-6.0,-32.0
1776887661.4991028,2.0,-3.0,-34.0
1776887661.5091028,-5.0,-1.0,-38.0
1776887661.5191028,-4.0,0.0,-35.0
1776887661.5291028,-1.0,0.0,-30.0
1776887661.5391028,-4.0,-2.0,-25.0
1776887661.5491028,-7.0,-4.0,-23.0
1776887661.5591028,-7.0,-3.0,-28.0
1776887661.5691028,-5.0,-6.0,-28.0
1776887661.5791028,-4.0,-6.0,-34.0
1776887661.5891027,-7.0,-6.0,-38.0
1776887661.5991027,-4.0,-6.0,-37.0
1776887661.6091027,-1.0,-3.0,-38.0
1776887661.6191027,-2.0,-2.0,-31.0
1776887661.6291027,-1.0,-4.0,-37.0
1776887661.6391027,1.0,-1.0,-46.0
1776887661.6491027,4.0,-1.0,-47.0
1776887661.659103,1.0,-5.0,-46.0
1776887661.669103,0.0,-4.0,-39.0
1776887661.679103,0.0,-4.0,-31.0
1776887661.6891026,0.0,-5.0,-35.0
1776887661.6991026,0.0,-9.0,-44.0
1776887661.7091026,-1.0,-12.0,-51.0
1776887661.7191026,-3.0,-10.0,-53.0
1776887661.7291028,-3.0,-10.0,-50.0
1776887661.7391028,0.0,-6.0,-48.0
1776887661.7491028,-1.0,-4.0,-47.0
1776887661.7591028,-3.0,-4.0,-42.0
1776887661.7691028,-3.0,0.0,-40.0
1776887661.7791028,-2.0,-2.0,-39.0
1776887661.7891028,4.0,-1.0,-36.0
1776887661.7991028,6.0,-3.0,-35.0
1776887661.8091028,8.0,-1.0,-32.0
1776887661.8191028,7.0,0.0,-38.0
1776887661.8291028,6.0,-3.0,-39.0
1776887661.8391027,6.0,-2.0,-41.0
1776887661.8491027,3.0,-1.0,-41.0
1776887661.8591027,2.0,0.0,-43.0
1776887661.8691027,7.0,0.0,-43.0
1776887661.8791027,9.0,0.0,-44.0
1776887661.8891027,8.0,-1.0,-45.0
1776887661.8991027,7.0,-4.0,-45.0
1776887661.909103,8.0,-1.0,-45.0
1776887661.919103,2.0,-5.0,-42.0
1776887661.929103,6.0,-3.0,-41.0
1776887661.9391026,3.0,-8.0,-38.0
1776887661.9491026,4.0,-6.0,-37.0
1776887661.9591026,2.0,-3.0,-32.0
1776887661.9691026,0.0,-3.0,-30.0
1776887661.9791028,-4.0,-2.0,-32.0
1776887661.9891028,-4.0,-4.0,-26.0
1776887661.9991028,-2.0,0.0,-31.0
1776887662.0091028,0.0,1.0,-31.0
1776887662.0191028,1.0,1.0,-32.0
1776887662.0291028,-1.0,0.0,-34.0
1776887662.0391028,-3.0,-1.0,-39.0
1776887662.0491028,2.0,3.0,-40.0
1776887662.0591028,2.0,3.0,-41.0
1776887662.0691028,4.0,2.0,-36.0
1776887662.0791028,5.0,0.0,-36.0
1776887662.0891027,0.0,-2.0,-31.0
1776887662.100103,-5.0,-2.0,-34.0
1776887662.110103,-4.0,-1.0,-39.0
1776887662.1201026,-1.0,0.0,-41.0
1776887662.1301026,-4.0,0.0,-32.0
1776887662.1401026,-4.0,0.0,-32.0
1776887662.1501029,-4.0,0.0,-32.0
1776887662.1601028,-6.0,0.0,-25.0
1776887662.1701028,-6.0,0.0,-28.0
1776887662.1801028,-10.0,-3.0,-31.0
1776887662.1891026,-9.0,0.0,-34.0
1776887662.2001028,-7.0,-2.0,-32.0
1776887662.2101028,-5.0,0.0,-33.0
1776887662.2201028,-3.0,0.0,-34.0
1776887662.2301028,-4.0,1.0,-39.0
1776887662.2401028,-3.0,-2.0,-30.0
1776887662.2501028,-5.0,1.0,-22.0
1776887662.2601027,-4.0,3.0,-25.0
1776887662.2701027,0.0,6.0,-30.0
1776887662.2801027,2.0,9.0,-29.0
1776887662.2901027,0.0,4.0,-29.0
1776887662.3001027,4.0,2.0,-29.0
1776887662.3101027,3.0,2.0,-31.0
1776887662.3201027,5.0,-1.0,-32.0
1776887662.3301027,2.0,6.0,-38.0
1776887662.340103,4.0,3.0,-32.0
1776887662.350103,0.0,-1.0,-34.0
1776887662.360103,-1.0,-6.0,-38.0
1776887662.3701026,-1.0,-7.0,-41.0
1776887662.3801026,4.0,-5.0,-45.0
1776887662.3901026,5.0,-4.0,-49.0
1776887662.4001029,9.0,-2.0,-45.0
1776887662.4101028,13.0,-4.0,-41.0
1776887662.4201028,15.0,3.0,-36.0
1776887662.4301028,14.0,5.0,-35.0
1776887662.4401028,14.0,7.0,-31.0
1776887662.4501028,8.0,6.0,-26.0
1776887662.4601028,7.0,3.0,-34.0
1776887662.4701028,4.0,0.0,-37.0
1776887662.4801028,5.0,1.0,-42.0
1776887662.4901028,2.0,0.0,-42.0
1776887662.5001028,3.0,0.0,-44.0
1776887662.5101027,2.0,0.0,-41.0
1776887662.5201027,0.0,5.0,-34.0
1776887662.5301027,0.0,6.0,-34.0
1776887662.5401027,-2.0,4.0,-37.0
1776887662.5501027,-3.0,2.0,-39.0
1776887662.5601027,-1.0,2.0,-34.0
1776887662.5701027,1.0,4.0,-30.0
1776887662.5801027,3.0,5.0,-30.0
1776887662.590103,1.0,5.0,-29.0
1776887662.600103,1.0,2.0,-27.0
1776887662.610103,5.0,6.0,-26.0
1776887662.6201026,4.0,7.0,-29.0
1776887662.6301026,1.0,1.0,-31.0
1776887662.6401026,4.0,0.0,-28.0
1776887662.6501029,1.0,0.0,-26.0
1776887662.6601028,1.0,0.0,-26.0
1776887662.6701028,-1.0,-2.0,-37.0
1776887662.6801028,1.0,-2.0,-45.0
1776887662.6901028,-1.0,1.0,-43.0
1776887662.7001028,-3.0,1.0,-46.0
1776887662.7101028,-3.0,-2.0,-45.0
1776887662.7201028,0.0,-6.0,-41.0
1776887662.7301028,1.0,-3.0,-39.0
1776887662.7401028,3.0,-3.0,-39.0
1776887662.7501028,2.0,0.0,-36.0
1776887662.7601027,1.0,2.0,-40.0
1776887662.7701027,5.0,2.0,-37.0
1776887662.7801027,4.0,-2.0,-37.0
1776887662.7901027,4.0,-2.0,-39.0
1776887662.8001027,6.0,0.0,-39.0
1776887662.8101027,6.0,0.0,-42.0
1776887662.8201027,-2.0,0.0,-48.0
1776887662.8301027,-4.0,0.0,-51.0
1776887662.840103,-4.0,-4.0,-43.0
1776887662.850103,-5.0,-2.0,-42.0
1776887662.860103,-1.0,-3.0,-36.0
1776887662.8701026,0.0,-1.0,-34.0
1776887662.8801026,1.0,0.0,-36.0
1776887662.8901026,0.0,1.0,-41.0
1776887662.9001029,1.0,-1.0,-39.0
1776887662.9101028,-1.0,0.0,-35.0
1776887662.9201028,1.0,-3.0,-34.0
1776887662.9301028,2.0,0.0,-38.0
1776887662.9401028,-2.0,0.0,-34.0
1776887662.9501028,-1.0,0.0,-31.0
1776887662.9601028,1.0,-3.0,-27.0
1776887662.9701028,-2.0,-3.0,-28.0
1776887662.9801028,-3.0,-2.0,-34.0
1776887662.9901028,-1.0,-1.0,-31.0
1776887663.0001028,-3.0,0.0,-36.0
1776887663.0101027,-1.0,-3.0,-43.0
1776887663.0201027,-2.0,0.0,-45.0
1776887663.0301027,-2.0,-1.0,-43.0
1776887663.0401027,-3.0,-4.0,-43.0
1776887663.0501027,-2.0,-4.0,-41.0
1776887663.0601027,-2.0,-3.0,-33.0
1776887663.0701027,0.0,-5.0,-32.0
1776887663.0801027,5.0,-2.0,-35.0
1776887663.090103,4.0,-3.0,-33.0
1776887663.100103,2.0,-1.0,-38.0
1776887663.110103,1.0,1.0,-37.0
1776887663.1201026,1.0,-3.0,-36.0
1776887663.1301026,0.0,0.0,-35.0
1776887663.1401026,0.0,-1.0,-36.0
1776887663.1501029,-5.0,0.0,-35.0
1776887663.1601028,-3.0,1.0,-36.0
1776887663.1701028,-3.0,0.0,-25.0
1776887663.1801028,0.0,1.0,-21.0
1776887663.1901028,1.0,3.0,-15.0
1776887663.2001028,2.0,6.0,-23.0
1776887663.2101028,2.0,7.0,-25.0
1776887663.2201028,4.0,3.0,-26.0
1776887663.2301028,3.0,2.0,-29.0
1776887663.2401028,1.0,1.0,-25.0
1776887663.2501028,0.0,2.0,-29.0
1776887663.2601027,0.0,-2.0,-25.0
1776887663.2701027,-2.0,0.0,-25.0
1776887663.2801027,2.0,-3.0,-23.0
1776887663.2901027,2.0,0.0,-19.0
1776887663.3001027,3.0,-1.0,-23.0
1776887663.3101027,5.0,-3.0,-26.0
1776887663.3201027,8.0,-4.0,-29.0
1776887663.3301027,6.0,-8.0,-33.0
1776887663.340103,1.0,-9.0,-34.0
1776887663.350103,1.0,-8.0,-34.0
1776887663.360103,0.0,-11.0,-39.0
1776887663.3701026,0.0,-9.0,-43.0
1776887663.3801026,-2.0,-3.0,-41.0
1776887663.3901026,-2.0,-1.0,-39.0
1776887663.4001029,0.0,0.0,-35.0
1776887663.4101028,-2.0,-1.0,-40.0
1776887663.4201028,-2.0,0.0,-37.0
1776887663.4301028,0.0,-1.0,-41.0
1776887663.4401028,0.0,-1.0,-39.0
1776887663.4501028,0.0,-1.0,-34.0
1776887663.4601028,4.0,-3.0,-37.0
1776887663.4701028,7.0,-1.0,-45.0
1776887663.4801028,6.0,-5.0,-41.0
1776887663.4901028,2.0,-5.0,-45.0
1776887663.5001028,-4.0,-4.0,-46.0
1776887663.5101027,-2.0,-4.0,-48.0
1776887663.5201027,-2.0,-8.0,-37.0
1776887663.5301027,0.0,-7.0,-43.0
1776887663.5401027,5.0,-8.0,-36.0
1776887663.5501027,6.0,-7.0,-30.0
1776887663.5601027,5.0,-3.0,-29.0
1776887663.5701027,1.0,-3.0,-26.0
1776887663.5801027,-4.0,1.0,-24.0
1776887663.590103,-2.0,2.0,-24.0
1776887663.600103,-1.0,1.0,-24.0
1776887663.610103,1.0,0.0,-25.0
1776887663.6201026,3.0,-6.0,-30.0
1776887663.6301026,6.0,-3.0,-23.0
1776887663.6401026,2.0,-2.0,-28.0
1776887663.6501029,1.0,0.0,-24.0
1776887663.6601028,3.0,0.0,-20.0
1776887663.6701028,5.0,0.0,-24.0
1776887663.6801028,2.0,1.0,-30.0
1776887663.6901028,0.0,4.0,-30.0
1776887663.7001028,-4.0,1.0,-26.0
1776887663.7101028,-1.0,2.0,-25.0
1776887663.7201028,1.0,1.0,-22.0
1776887663.7301028,1.0,3.0,-19.0
1776887663.7401028,3.0,1.0,-28.0
1776887663.7501028,3.0,0.0,-35.0
1776887663.7601027,3.0,-1.0,-37.0
1776887663.7701027,5.0,-2.0,-39.0
1776887663.7801027,0.0,-6.0,-36.0
1776887663.7901027,1.0,-5.0,-34.0
1776887663.8001027,0.0,-1.0,-44.0
1776887663.8101027,0.0,-2.0,-43.0
1776887663.8201027,4.0,-3.0,-41.0
1776887663.8301027,4.0,-3.0,-40.0
1776887663.840103,3.0,-3.0,-42.0
1776887663.850103,6.0,-2.0,-37.0
1776887663.860103,7.0,-6.0,-31.0
1776887663.8701026,3.0,-3.0,-29.0
1776887663.8801026,5.0,-6.0,-29.0
1776887663.8901026,9.0,-6.0,-30.0
1776887663.9001029,5.0,-4.0,-29.0
1776887663.9101028,4.0,-2.0,-35.0
1776887663.9201028,0.0,-3.0,-37.0
1776887663.9301028,-1.0,0.0,-25.0
1776887663.9401028,-4.0,0.0,-26.0
1776887663.9501028,-1.0,-3.0,-32.0
1776887663.9601028,0.0,-7.0,-37.0
1776887663.9701028,0.0,-6.0,-32.0
1776887663.9801028,-2.0,-8.0,-36.0
1776887663.9901028,0.0,-7.0,-36.0
1776887664.0001028,0.0,-9.0,-39.0
1776887664.0101027,1.0,-7.0,-40.0
1776887664.0201027,2.0,-7.0,-34.0
1776887664.0301027,7.0,-4.0,-35.0
1776887664.0401027,4.0,-2.0,-42.0
1776887664.0501027,5.0,1.0,-36.0
1776887664.0601027,7.0,5.0,-32.0
1776887664.0701027,6.0,8.0,-35.0
1776887664.0801027,7.0,8.0,-32.0
1776887664.090103,6.0,4.0,-24.0
1776887664.100103,4.0,-4.0,-24.0
1776887664.110103,4.0,-10.0,-29.0
1776887664.1201026,-2.0,-7.0,-29.0
1776887664.1311028,0.0,-6.0,-32.0
1776887664.1401026,0.0,-4.0,-39.0
1776887664.1511028,0.0,-6.0,-36.0
1776887664.1611028,-3.0,-7.0,-40.0
1776887664.1711028,-3.0,-4.0,-41.0
1776887664.1811028,0.0,-4.0,-43.0
1776887664.1901028,-2.0,-9.0,-45.0
1776887664.2011027,-4.0,-8.0,-36.0
1776887664.2111027,-4.0,-8.0,-33.0
1776887664.2211027,-4.0,-6.0,-37.0
1776887664.2311027,-7.0,0.0,-41.0
1776887664.2411027,-8.0,1.0,-38.0
1776887664.2511027,-5.0,4.0,-37.0
1776887664.261103,-2.0,0.0,-36.0
1776887664.271103,-1.0,-2.0,-37.0
1776887664.281103,-2.0,-2.0,-32.0
1776887664.2901027,0.0,0.0,-34.0
1776887664.3011026,0.0,3.0,-26.0
1776887664.3111026,0.0,3.0,-24.0
1776887664.3211029,-1.0,2.0,-24.0
1776887664.3311028,5.0,0.0,-29.0
1776887664.3411028,3.0,3.0,-31.0
1776887664.3511028,0.0,5.0,-33.0
1776887664.3611028,-3.0,8.0,-28.0
1776887664.3711028,0.0,7.0,-33.0
1776887664.3811028,5.0,5.0,-34.0
1776887664.3911028,0.0,6.0,-33.0
1776887664.4011028,0.0,7.0,-40.0
1776887664.4111028,-5.0,7.0,-46.0
1776887664.4211028,-4.0,7.0,-41.0
1776887664.4311028,-5.0,8.0,-42.0
1776887664.4411027,-1.0,5.0,-36.0
1776887664.4511027,1.0,0.0,-42.0
1776887664.4611027,1.0,-4.0,-38.0
1776887664.4711027,-1.0,-4.0,-30.0
1776887664.4811027,0.0,-2.0,-35.0
1776887664.4911027,0.0,0.0,-33.0
1776887664.5011027,0.0,-3.0,-27.0
1776887664.511103,-1.0,-1.0,-33.0
1776887664.521103,1.0,-5.0,-34.0
1776887664.531103,-2.0,-1.0,-31.0
1776887664.5411026,-3.0,0.0,-25.0
1776887664.5511026,-5.0,-3.0,-28.0
1776887664.5611026,-8.0,-3.0,-31.0
1776887664.5711029,-7.0,-2.0,-35.0
1776887664.5811028,-4.0,-1.0,-41.0
1776887664.5911028,-2.0,0.0,-49.0
1776887664.6011028,-6.0,0.0,-39.0
1776887664.6111028,-7.0,0.0,-36.0
1776887664.6211028,-7.0,3.0,-35.0
1776887664.6311028,-2.0,1.0,-40.0
1776887664.6411028,-4.0,1.0,-42.0
1776887664.6511028,-6.0,3.0,-40.0
1776887664.6611028,-7.0,0.0,-41.0
1776887664.6711028,-11.0,0.0,-47.0
1776887664.6811028,-5.0,0.0,-40.0
1776887664.6911027,-2.0,0.0,-37.0
1776887664.7011027,1.0,-2.0,-36.0
1776887664.7111027,2.0,-4.0,-31.0
1776887664.7211027,0.0,-3.0,-33.0
1776887664.7311027,0.0,-1.0,-39.0
1776887664.7411027,-1.0,-3.0,-37.0
1776887664.7511027,-5.0,1.0,-25.0
1776887664.761103,-2.0,0.0,-31.0
1776887664.771103,1.0,-1.0,-35.0
1776887664.781103,1.0,-2.0,-29.0
1776887664.7911026,4.0,-3.0,-34.0
1776887664.8011026,5.0,0.0,-34.0
1776887664.8111026,0.0,1.0,-38.0
1776887664.8211029,1.0,0.0,-39.0
1776887664.8311028,1.0,0.0,-43.0
1776887664.8411028,4.0,2.0,-39.0
1776887664.8511028,5.0,2.0,-36.0
1776887664.8611028,2.0,2.0,-34.0
1776887664.8711028,4.0,0.0,-39.0
1776887664.8811028,8.0,-2.0,-50.0
1776887664.8911028,10.0,-5.0,-46.0
1776887664.9011028,4.0,-2.0,-42.0
1776887664.9111028,1.0,0.0,-45.0
1776887664.9211028,2.0,-4.0,-42.0
1776887664.9311028,2.0,0.0,-35.0
1776887664.9411027,3.0,0.0,-36.0
1776887664.9511027,6.0,-5.0,-26.0
1776887664.9611027,8.0,-5.0,-21.0
1776887664.9711027,2.0,-5.0,-31.0
1776887664.9811027,2.0,-5.0,-41.0
1776887664.9911027,3.0,-5.0,-38.0
1776887665.0011027,3.0,-2.0,-45.0
1776887665.011103,1.0,-2.0,-39.0
1776887665.021103,0.0,-4.0,-34.0
1776887665.031103,6.0,-3.0,-33.0
1776887665.0411026,5.0,2.0,-31.0
1776887665.0511026,4.0,4.0,-33.0
1776887665.0611026,4.0,1.0,-34.0
1776887665.0711029,5.0,5.0,-39.0
1776887665.0811028,3.0,4.0,-35.0
1776887665.0911028,5.0,4.0,-36.0
1776887665.1011028,3.0,3.0,-31.0
1776887665.1111028,0.0,2.0,-31.0
1776887665.1211028,-1.0,0.0,-26.0
1776887665.1311028,3.0,-2.0,-26.0
1776887665.1411028,7.0,-5.0,-25.0
1776887665.1511028,7.0,-1.0,-27.0
1776887665.1611028,4.0,3.0,-29.0
1776887665.1711028,2.0,2.0,-34.0
1776887665.1811028,3.0,8.0,-34.0
1776887665.1911027,3.0,3.0,-36.0
1776887665.2011027,5.0,3.0,-36.0
1776887665.2111027,6.0,2.0,-38.0
1776887665.2211027,8.0,2.0,-38.0
1776887665.2311027,8.0,2.0,-33.0
1776887665.2411027,4.0,4.0,-41.0
1776887665.2511027,1.0,4.0,-43.0
1776887665.261103,2.0,8.0,-45.0
1776887665.271103,5.0,5.0,-48.0
1776887665.281103,6.0,0.0,-42.0
1776887665.2911026,0.0,-3.0,-41.0
1776887665.3011026,0.0,-4.0,-41.0
1776887665.3111026,-2.0,-4.0,-37.0
1776887665.3211029,-4.0,1.0,-42.0
1776887665.3311028,-5.0,5.0,-44.0
1776887665.3411028,-5.0,8.0,-42.0
1776887665.3511028,-3.0,9.0,-35.0
1776887665.3611028,0.0,9.0,-33.0
1776887665.3711028,3.0,4.0,-24.0
1776887665.3811028,8.0,-1.0,-27.0
1776887665.3911028,7.0,-3.0,-30.0
1776887665.4011028,5.0,-5.0,-31.0
1776887665.4111028,2.0,-4.0,-27.0
1776887665.4211028,-1.0,-7.0,-24.0
1776887665.4311028,2.0,-4.0,-29.0
1776887665.4411027,0.0,-2.0,-35.0
1776887665.4511027,-2.0,1.0,-31.0
1776887665.4611027,-4.0,-1.0,-30.0
1776887665.4711027,-3.0,-5.0,-34.0
1776887665.4811027,-1.0,-2.0,-39.0
1776887665.4911027,-1.0,-4.0,-41.0
1776887665.5011027,-2.0,-8.0,-44.0
1776887665.511103,-2.0,-8.0,-42.0
1776887665.521103,0.0,-6.0,-45.0
1776887665.531103,1.0,-7.0,-46.0
1776887665.5411026,0.0,-8.0,-39.0
1776887665.5511026,7.0,-4.0,-44.0
1776887665.5611026,3.0,-4.0,-43.0
1776887665.5711029,-1.0,-4.0,-45.0
1776887665.5811028,-2.0,-4.0,-45.0
1776887665.5911028,0.0,-8.0,-39.0
1776887665.6011028,1.0,-5.0,-36.0
1776887665.6111028,4.0,-7.0,-33.0
1776887665.6211028,1.0,-1.0,-29.0
1776887665.6311028,3.0,-1.0,-30.0
1776887665.6411028,2.0,0.0,-30.0
1776887665.6511028,4.0,0.0,-34.0
1776887665.6611028,4.0,0.0,-40.0
1776887665.6711028,3.0,-5.0,-45.0
1776887665.6811028,8.0,-8.0,-42.0
1776887665.6911027,6.0,-6.0,-46.0
1776887665.7011027,0.0,-2.0,-43.0
1776887665.7111027,-2.0,-1.0,-41.0
1776887665.7211027,-1.0,-4.0,-41.0
1776887665.7311027,0.0,-3.0,-42.0
1776887665.7411027,2.0,-6.0,-41.0
1776887665.7511027,3.0,-5.0,-43.0
1776887665.761103,3.0,-3.0,-41.0
1776887665.771103,0.0,-5.0,-43.0
1776887665.781103,3.0,-5.0,-45.0
1776887665.7911026,2.0,-6.0,-39.0
1776887665.8011026,0.0,-3.0,-36.0
1776887665.8111026,0.0,2.0,-32.0
1776887665.8211029,2.0,-1.0,-30.0
1776887665.8311028,8.0,0.0,-32.0
1776887665.8411028,5.0,0.0,-29.0
1776887665.8511028,4.0,-3.0,-34.0
1776887665.8611028,3.0,0.0,-25.0
1776887665.8711028,0.0,0.0,-35.0
1776887665.8811028,-7.0,0.0,-42.0
1776887665.8911028,-4.0,-2.0,-43.0
1776887665.9011028,-3.0,-2.0,-40.0
1776887665.9111028,-1.0,0.0,-34.0
1776887665.9211028,0.0,0.0,-37.0
1776887665.9311028,1.0,0.0,-36.0
1776887665.9411027,0.0,0.0,-37.0
1776887665.9511027,0.0,-1.0,-38.0
1776887665.9611027,-5.0,0.0,-42.0
1776887665.9711027,-4.0,0.0,-36.0
1776887665.9811027,-1.0,2.0,-39.0
1776887665.9911027,1.0,1.0,-27.0
1776887666.0011027,2.0,1.0,-24.0
1776887666.011103,0.0,-3.0,-26.0
1776887666.021103,-3.0,-1.0,-32.0
1776887666.031103,-2.0,-3.0,-33.0
1776887666.0411026,0.0,1.0,-37.0
1776887666.0511026,0.0,-1.0,-37.0
1776887666.0611026,-1.0,-6.0,-36.0
1776887666.0711029,0.0,-6.0,-35.0
1776887666.0811028,-1.0,-6.0,-35.0
1776887666.0911028,-2.0,-5.0,-39.0
1776887666.1021028,1.0,-1.0,-38.0
1776887666.1121027,4.0,-2.0,-33.0
1776887666.1221027,2.0,-1.0,-28.0
1776887666.1321027,1.0,-5.0,-32.0
1776887666.1421027,0.0,-2.0,-36.0
1776887666.1521027,-1.0,-1.0,-41.0
1776887666.1621027,-3.0,1.0,-37.0
1776887666.1721027,-2.0,0.0,-37.0
1776887666.182103,2.0,-5.0,-38.0
1776887666.192103,4.0,-5.0,-38.0
1776887666.202103,2.0,-3.0,-35.0
1776887666.212103,1.0,-1.0,-27.0
1776887666.2221026,1.0,-1.0,-37.0
1776887666.2321026,3.0,-1.0,-36.0
1776887666.2421026,1.0,-2.0,-37.0
1776887666.2521029,3.0,-5.0,-41.0
1776887666.2621028,2.0,-8.0,-43.0
1776887666.2721028,2.0,-4.0,-38.0
1776887666.2821028,-2.0,-1.0,-35.0
1776887666.2921028,-4.0,0.0,-31.0
1776887666.3021028,-2.0,1.0,-30.0
1776887666.3121028,1.0,-1.0,-36.0
1776887666.3221028,0.0,-6.0,-38.0
1776887666.3321028,2.0,2.0,-37.0
1776887666.3421028,2.0,5.0,-36.0
1776887666.3521028,2.0,4.0,-40.0
1776887666.3621027,0.0,1.0,-41.0
1776887666.3721027,-3.0,0.0,-34.0
1776887666.3821027,-4.0,-1.0,-31.0
1776887666.3921027,0.0,-2.0,-30.0
1776887666.4021027,0.0,-5.0,-36.0
1776887666.4121027,-2.0,-4.0,-39.0
1776887666.4221027,0.0,-1.0,-45.0
1776887666.432103,-1.0,-3.0,-48.0
1776887666.442103,3.0,-6.0,-47.0
1776887666.452103,1.0,-7.0,-40.0
1776887666.462103,-1.0,-7.0,-44.0
1776887666.4721026,-1.0,-7.0,-37.0
1776887666.4821026,0.0,-9.0,-37.0
1776887666.4921026,-3.0,-8.0,-39.0
1776887666.5021029,-4.0,-3.0,-34.0
1776887666.5121028,-2.0,0.0,-36.0
1776887666.5221028,-1.0,-3.0,-30.0
1776887666.5321028,0.0,0.0,-32.0
1776887666.5421028,1.0,-2.0,-31.0
1776887666.5521028,2.0,-4.0,-31.0
1776887666.5621028,7.0,-3.0,-32.0
1776887666.5721028,1.0,-2.0,-34.0
1776887666.5821028,0.0,-7.0,-32.0
1776887666.5921028,-1.0,-6.0,-31.0
1776887666.6021028,1.0,-4.0,-30.0
1776887666.6121027,10.0,-3.0,-29.0
1776887666.6221027,7.0,-1.0,-33.0
1776887666.6321027,8.0,0.0,-38.0
1776887666.6421027,5.0,-3.0,-40.0
1776887666.6521027,4.0,-4.0,-36.0
1776887666.6621027,5.0,-2.0,-35.0
1776887666.6721027,8.0,-1.0,-31.0
1776887666.682103,11.0,0.0,-27.0
1776887666.692103,3.0,3.0,-34.0
1776887666.702103,4.0,4.0,-37.0
1776887666.712103,8.0,1.0,-34.0
1776887666.7221026,7.0,1.0,-33.0
1776887666.7321026,1.0,5.0,-38.0
1776887666.7421026,0.0,2.0,-38.0
1776887666.7521029,4.0,3.0,-40.0
1776887666.7621028,5.0,0.0,-38.0
1776887666.7721028,2.0,-1.0,-31.0
1776887666.7821028,3.0,0.0,-29.0
1776887666.7921028,5.0,-1.0,-31.0
1776887666.8021028,4.0,0.0,-31.0
1776887666.8121028,3.0,2.0,-31.0
1776887666.8221028,1.0,1.0,-33.0
1776887666.8321028,0.0,2.0,-28.0
1776887666.8421028,-4.0,2.0,-34.0
1776887666.8521028,-3.0,2.0,-33.0
1776887666.8621027,-6.0,0.0,-27.0
1776887666.8721027,-1.0,2.0,-26.0
1776887666.8821027,1.0,5.0,-29.0
1776887666.8921027,1.0,6.0,-34.0
1776887666.9021027,0.0,0.0,-40.0
1776887666.9121027,3.0,-1.0,-43.0
1776887666.9221027,3.0,-1.0,-44.0
1776887666.932103,-3.0,-1.0,-50.0
1776887666.942103,-2.0,3.0,-46.0
1776887666.952103,-2.0,-1.0,-40.0
1776887666.962103,0.0,-3.0,-33.0
1776887666.9721026,0.0,0.0,-29.0
1776887666.9821026,-1.0,-1.0,-32.0
1776887666.9921026,-7.0,-6.0,-35.0
1776887667.0021029,-8.0,-6.0,-34.0
1776887667.0121028,-3.0,-2.0,-35.0
1776887667.0221028,0.0,0.0,-36.0
1776887667.0321028,0.0,0.0,-36.0
1776887667.0421028,0.0,3.0,-35.0
1776887667.0521028,-6.0,2.0,-43.0
1776887667.0621028,-8.0,2.0,-44.0
1776887667.0721028,-6.0,0.0,-38.0
1776887667.0821028,-3.0,-2.0,-42.0
1776887667.0921028,-4.0,2.0,-38.0
1776887667.1021028,-2.0,3.0,-35.0
1776887667.1121027,-1.0,-1.0,-38.0
1776887667.1221027,0.0,-3.0,-41.0
1776887667.1321027,3.0,-4.0,-41.0
1776887667.1421027,5.0,-1.0,-32.0
1776887667.1521027,6.0,-3.0,-36.0
1776887667.1621027,0.0,-3.0,-32.0
1776887667.1721027,1.0,-3.0,-30.0
1776887667.182103,3.0,-2.0,-33.0
1776887667.192103,0.0,-7.0,-35.0
1776887667.202103,0.0,-6.0,-28.0
1776887667.212103,1.0,-2.0,-32.0
1776887667.2221026,2.0,-1.0,-32.0
1776887667.2321026,3.0,2.0,-40.0
1776887667.2421026,0.0,2.0,-41.0
1776887667.2521029,2.0,1.0,-37.0
1776887667.2621028,1.0,1.0,-40.0
1776887667.2721028,-1.0,0.0,-31.0
1776887667.2821028,3.0,2.0,-27.0
1776887667.2921028,0.0,5.0,-33.0
1776887667.3021028,-2.0,0.0,-32.0
1776887667.3121028,-8.0,-1.0,-32.0
1776887667.3221028,-6.0,3.0,-32.0
1776887667.3321028,-8.0,1.0,-34.0
1776887667.3421028,-8.0,4.0,-36.0
1776887667.3521028,-6.0,4.0,-35.0
1776887667.3621027,-3.0,1.0,-36.0
1776887667.3721027,-2.0,0.0,-41.0
1776887667.3821027,0.0,0.0,-33.0
1776887667.3921027,2.0,0.0,-26.0
1776887667.4021027,-1.0,0.0,-28.0
1776887667.4121027,0.0,-3.0,-32.0
1776887667.4221027,-2.0,-5.0,-32.0
1776887667.432103,-4.0,-5.0,-36.0
1776887667.442103,-4.0,-3.0,-31.0
1776887667.452103,-3.0,-4.0,-31.0
1776887667.462103,-6.0,-2.0,-34.0
1776887667.4721026,-4.0,0.0,-39.0
1776887667.4821026,1.0,-1.0,-41.0
1776887667.4921026,-3.0,-5.0,-40.0
1776887667.5021029,-3.0,-8.0,-40.0
1776887667.5121028,0.0,-9.0,-39.0
1776887667.5221028,-1.0,-10.0,-35.0
1776887667.5321028,-3.0,-6.0,-35.0
1776887667.5421028,-2.0,-6.0,-37.0
1776887667.5521028,-3.0,-5.0,-35.0
1776887667.5621028,-3.0,-6.0,-39.0
1776887667.5721028,-5.0,-8.0,-43.0
1776887667.5821028,-7.0,-7.0,-39.0
1776887667.5921028,-9.0,-9.0,-37.0
1776887667.6021028,-9.0,-5.0,-39.0
1776887667.6121027,-6.0,2.0,-36.0
1776887667.6221027,-1.0,1.0,-36.0
1776887667.6321027,0.0,5.0,-40.0
1776887667.6421027,-2.0,4.0,-43.0
1776887667.6521027,-2.0,3.0,-42.0
1776887667.6621027,0.0,1.0,-42.0
1776887667.6721027,2.0,0.0,-34.0
1776887667.682103,3.0,0.0,-35.0
1776887667.692103,1.0,0.0,-37.0
1776887667.702103,3.0,-3.0,-37.0
1776887667.712103,4.0,-2.0,-33.0
1776887667.7221026,4.0,1.0,-35.0
1776887667.7321026,0.0,-4.0,-31.0
1776887667.7421026,-1.0,-4.0,-26.0
1776887667.7521029,0.0,1.0,-29.0
1776887667.7621028,1.0,0.0,-33.0
1776887667.7721028,0.0,-6.0,-38.0
1776887667.7821028,3.0,-4.0,-42.0
1776887667.7921028,-2.0,-1.0,-39.0
1776887667.8021028,-3.0,-1.0,-38.0
1776887667.8121028,-2.0,-1.0,-32.0
1776887667.8221028,-5.0,-2.0,-38.0
1776887667.8321028,-4.0,-2.0,-37.0
1776887667.8421028,-6.0,-4.0,-39.0
1776887667.8521028,-9.0,-3.0,-40.0
1776887667.8621027,-8.0,-2.0,-40.0
1776887667.8721027,0.0,-3.0,-42.0
1776887667.8821027,0.0,-4.0,-39.0
1776887667.8921027,3.0,0.0,-36.0
1776887667.9021027,1.0,0.0,-33.0
1776887667.9121027,2.0,3.0,-27.0
1776887667.9221027,0.0,0.0,-31.0
1776887667.932103,0.0,-1.0,-37.0
1776887667.942103,-5.0,-1.0,-37.0
1776887667.952103,-5.0,0.0,-34.0
1776887667.962103,-1.0,0.0,-33.0
1776887667.9721026,0.0,0.0,-36.0
1776887667.9821026,-1.0,1.0,-33.0
1776887667.9921026,0.0,2.0,-29.0
1776887668.0021029,1.0,4.0,-33.0
1776887668.0121028,0.0,3.0,-38.0
1776887668.0221028,4.0,1.0,-32.0
1776887668.0321028,6.0,0.0,-32.0
1776887668.0421028,5.0,0.0,-30.0
1776887668.0521028,4.0,0.0,-28.0
1776887668.0621028,1.0,0.0,-22.0
1776887668.0721028,1.0,3.0,-23.0
1776887668.0821028,1.0,2.0,-23.0
1776887668.0921028,1.0,2.0,-30.0
1776887668.1031027,1.0,-2.0,-27.0
1776887668.113103,-1.0,-4.0,-31.0
1776887668.123103,2.0,-5.0,-37.0
1776887668.133103,2.0,-5.0,-39.0
1776887668.1431026,2.0,-4.0,-35.0
1776887668.1531026,2.0,-3.0,-35.0
1776887668.1631026,6.0,-4.0,-34.0
1776887668.1731029,5.0,-1.0,-37.0
1776887668.1831028,5.0,-4.0,-30.0
1776887668.1931028,4.0,-6.0,-38.0
1776887668.2031028,3.0,-7.0,-33.0
1776887668.2131028,5.0,-8.0,-30.0
1776887668.2231028,6.0,-6.0,-33.0
1776887668.2331028,5.0,-7.0,-42.0
1776887668.2431028,1.0,-3.0,-45.0
1776887668.2531028,-1.0,-1.0,-47.0
1776887668.2631028,-3.0,-3.0,-46.0
1776887668.2731028,1.0,-6.0,-37.0
1776887668.2831028,0.0,-4.0,-35.0
1776887668.2931027,-5.0,-2.0,-37.0
1776887668.3031027,-4.0,-5.0,-42.0
1776887668.3131027,-3.0,-5.0,-36.0
1776887668.3231027,-4.0,-5.0,-35.0
1776887668.3331027,-8.0,-4.0,-34.0
1776887668.3431027,-12.0,-4.0,-33.0
1776887668.3531027,-10.0,-5.0,-36.0
1776887668.363103,-8.0,-8.0,-31.0
1776887668.373103,-6.0,-8.0,-27.0
1776887668.383103,-1.0,-5.0,-26.0
1776887668.3931026,-4.0,-2.0,-32.0
1776887668.4031026,0.0,0.0,-34.0
1776887668.4131026,5.0,-4.0,-35.0
1776887668.4231029,7.0,-6.0,-33.0
1776887668.4331028,2.0,-3.0,-38.0
1776887668.4431028,-1.0,-2.0,-37.0
1776887668.4531028,0.0,0.0,-37.0
1776887668.4631028,-2.0,0.0,-42.0
1776887668.4731028,0.0,0.0,-33.0
1776887668.4831028,2.0,-1.0,-34.0
1776887668.4931028,2.0,-1.0,-32.0
1776887668.5031028,4.0,1.0,-32.0
1776887668.5131028,0.0,2.0,-32.0
1776887668.5231028,2.0,4.0,-35.0
1776887668.5331028,0.0,7.0,-34.0
1776887668.5431027,9.0,5.0,-39.0
1776887668.5531027,7.0,1.0,-34.0
1776887668.5631027,3.0,3.0,-30.0
1776887668.5731027,0.0,5.0,-34.0
1776887668.5831027,0.0,3.0,-34.0
1776887668.5931027,5.0,4.0,-33.0
1776887668.6031027,7.0,4.0,-35.0
1776887668.613103,8.0,4.0,-34.0
1776887668.623103,8.0,2.0,-37.0
1776887668.633103,2.0,-1.0,-35.0
1776887668.6431026,6.0,-3.0,-32.0
1776887668.6531026,3.0,1.0,-32.0
1776887668.6631026,3.0,-4.0,-38.0
1776887668.6731029,3.0,-5.0,-43.0
1776887668.6831028,3.0,-8.0,-42.0
1776887668.6931028,0.0,-4.0,-37.0
1776887668.7031028,-1.0,-1.0,-36.0
1776887668.7131028,-1.0,-3.0,-41.0
1776887668.7231028,0.0,-3.0,-40.0
1776887668.7331028,2.0,-1.0,-44.0
1776887668.7431028,3.0,0.0,-45.0
1776887668.7531028,4.0,-2.0,-44.0
1776887668.7631028,4.0,-1.0,-40.0
1776887668.7731028,7.0,0.0,-39.0
1776887668.7831028,9.0,0.0,-34.0
1776887668.7931027,6.0,-3.0,-29.0
1776887668.8031027,6.0,-8.0,-29.0
1776887668.8131027,3.0,-2.0,-28.0
1776887668.8231027,1.0,-2.0,-32.0
1776887668.8331027,5.0,-4.0,-35.0
1776887668.8431027,8.0,0.0,-28.0
1776887668.8531027,1.0,0.0,-29.0
1776887668.863103,4.0,0.0,-29.0
1776887668.873103,4.0,-2.0,-32.0
1776887668.883103,0.0,0.0,-33.0
1776887668.8931026,5.0,1.0,-33.0
1776887668.9031026,6.0,0.0,-38.0
1776887668.9131026,8.0,-3.0,-40.0
1776887668.9231029,7.0,1.0,-42.0
1776887668.9331028,4.0,2.0,-42.0
1776887668.9431028,2.0,4.0,-39.0
1776887668.9531028,0.0,1.0,-37.0
1776887668.9631028,1.0,4.0,-38.0
1776887668.9731028,3.0,4.0,-38.0
1776887668.9831028,3.0,8.0,-37.0
1776887668.9931028,4.0,11.0,-39.0
1776887669.0031028,4.0,7.0,-37.0
1776887669.0131028,0.0,4.0,-36.0
1776887669.0231028,-1.0,3.0,-33.0
1776887669.0331028,0.0,0.0,-30.0
1776887669.0431027,0.0,0.0,-25.0
1776887669.0531027,1.0,0.0,-27.0
1776887669.0631027,1.0,-2.0,-35.0
1776887669.0731027,-1.0,-2.0,-35.0
1776887669.0831027,0.0,-2.0,-38.0
1776887669.0931027,0.0,-4.0,-34.0
1776887669.1031027,4.0,-6.0,-40.0
1776887669.113103,5.0,-6.0,-36.0
1776887669.123103,6.0,-4.0,-35.0
1776887669.133103,4.0,-2.0,-39.0
1776887669.1431026,8.0,-2.0,-38.0
1776887669.1531026,10.0,-2.0,-38.0
1776887669.1631026,8.0,3.0,-35.0
1776887669.1731029,7.0,2.0,-38.0
1776887669.1831028,4.0,0.0,-32.0
1776887669.1931028,2.0,-1.0,-31.0
1776887669.2031028,4.0,-1.0,-30.0
1776887669.2131028,9.0,0.0,-34.0
1776887669.2231028,4.0,0.0,-37.0
1776887669.2331028,2.0,-1.0,-41.0
1776887669.2431028,0.0,-3.0,-37.0
1776887669.2531028,1.0,-7.0,-31.0
1776887669.2631028,3.0,-9.0,-37.0
1776887669.2731028,4.0,-8.0,-32.0
1776887669.2831028,1.0,-6.0,-27.0
1776887669.2931027,-1.0,-3.0,-27.0
1776887669.3031027,-5.0,-1.0,-31.0
1776887669.3131027,-3.0,-2.0,-35.0
1776887669.3231027,-10.0,-4.0,-38.0
1776887669.3331027,-9.0,-4.0,-37.0
1776887669.3431027,-6.0,-4.0,-45.0
1776887669.3531027,-3.0,-1.0,-48.0
1776887669.363103,-2.0,-1.0,-49.0
1776887669.373103,-4.0,-5.0,-50.0
1776887669.383103,-8.0,0.0,-50.0
1776887669.3931026,-9.0,0.0,-48.0
1776887669.4031026,-1.0,0.0,-49.0
1776887669.4131026,0.0,-1.0,-54.0
1776887669.4231029,5.0,-3.0,-51.0
1776887669.4331028,8.0,-6.0,-43.0
1776887669.4431028,10.0,-6.0,-44.0
1776887669.4531028,13.0,-6.0,-47.0
1776887669.4631028,13.0,-4.0,-46.0
1776887669.4731028,7.0,-6.0,-46.0
1776887669.4831028,6.0,-2.0,-35.0
1776887669.4931028,7.0,1.0,-37.0
1776887669.5031028,3.0,4.0,-40.0
1776887669.5131028,0.0,4.0,-37.0
1776887669.5231028,-2.0,2.0,-33.0
1776887669.5331028,-3.0,0.0,-36.0
1776887669.5431027,-3.0,0.0,-39.0
1776887669.5531027,-7.0,0.0,-40.0
1776887669.5631027,-7.0,0.0,-34.0
1776887669.5731027,-5.0,0.0,-30.0
1776887669.5831027,1.0,2.0,-27.0
1776887669.5931027,2.0,3.0,-31.0
1776887669.6031027,2.0,4.0,-34.0
1776887669.613103,6.0,6.0,-39.0
1776887669.623103,8.0,9.0,-44.0
1776887669.633103,9.0,7.0,-35.0
1776887669.6431026,4.0,7.0,-35.0
1776887669.6531026,6.0,6.0,-39.0
1776887669.6631026,6.0,2.0,-43.0
1776887669.6731029,6.0,1.0,-48.0
1776887669.6831028,9.0,-2.0,-50.0
1776887669.6931028,8.0,0.0,-45.0
1776887669.7031028,4.0,0.0,-38.0
1776887669.7131028,-1.0,-1.0,-39.0
1776887669.7231028,0.0,-1.0,-34.0
1776887669.7331028,1.0,-1.0,-33.0
1776887669.7431028,1.0,-3.0,-34.0
1776887669.7531028,2.0,0.0,-33.0
1776887669.7631028,7.0,-2.0,-34.0
1776887669.7731028,7.0,-5.0,-38.0
1776887669.7831028,6.0,-5.0,-38.0
1776887669.7931027,7.0,-4.0,-37.0
1776887669.8031027,3.0,0.0,-36.0
1776887669.8131027,5.0,-6.0,-37.0
1776887669.8231027,3.0,-2.0,-32.0
1776887669.8331027,-3.0,-2.0,-35.0
1776887669.8431027,-1.0,-1.0,-40.0
1776887669.8531027,-2.0,-1.0,-34.0
1776887669.863103,3.0,1.0,-37.0
1776887669.873103,3.0,2.0,-46.0
1776887669.883103,5.0,3.0,-44.0
1776887669.8931026,5.0,5.0,-39.0
1776887669.9031026,0.0,4.0,-35.0
1776887669.9131026,-3.0,5.0,-35.0
1776887669.9231029,-6.0,4.0,-30.0
1776887669.9331028,-4.0,1.0,-30.0
1776887669.9431028,-5.0,2.0,-35.0
1776887669.9531028,-4.0,0.0,-34.0
1776887669.9631028,-7.0,-3.0,-34.0
1776887669.9731028,-3.0,-1.0,-37.0
1776887669.9831028,0.0,0.0,-33.0
1776887669.9931028,5.0,1.0,-31.0
1776887670.0031028,8.0,-1.0,-31.0
1776887670.0131028,7.0,-3.0,-35.0
1776887670.0231028,6.0,0.0,-36.0
1776887670.0331028,3.0,-4.0,-33.0
1776887670.0431027,2.0,-2.0,-30.0
1776887670.0531027,-1.0,-5.0,-27.0
1776887670.0631027,-1.0,-5.0,-27.0
1776887670.0731027,0.0,-4.0,-32.0
1776887670.0841026,1.0,-4.0,-28.0
1776887670.0941026,-2.0,-4.0,-34.0
1776887670.1041028,-1.0,0.0,-33.0
1776887670.1141028,1.0,1.0,-36.0
1776887670.1241028,0.0,1.0,-39.0
1776887670.1341028,3.0,1.0,-44.0
1776887670.1441028,7.0,-1.0,-43.0
1776887670.1541028,9.0,0.0,-42.0
1776887670.1641028,5.0,2.0,-33.0
1776887670.1741028,0.0,0.0,-32.0
1776887670.1841028,2.0,0.0,-37.0
1776887670.1941028,1.0,0.0,-39.0
1776887670.2041028,1.0,-4.0,-37.0
1776887670.2141027,1.0,-10.0,-36.0
1776887670.2241027,0.0,-10.0,-32.0
1776887670.2341027,0.0,-6.0,-31.0
1776887670.2441027,3.0,-4.0,-36.0
1776887670.2541027,1.0,0.0,-40.0
1776887670.2641027,2.0,1.0,-40.0
1776887670.2741027,2.0,0.0,-35.0
1776887670.284103,0.0,-2.0,-38.0
1776887670.294103,1.0,2.0,-40.0
1776887670.304103,-1.0,2.0,-42.0
1776887670.3141026,-1.0,1.0,-41.0
1776887670.3241026,-3.0,0.0,-46.0
1776887670.3341026,-3.0,-1.0,-43.0
1776887670.3441026,-3.0,-4.0,-41.0
1776887670.3541028,-5.0,-1.0,-35.0
1776887670.3641028,-2.0,-3.0,-34.0
1776887670.3741028,0.0,1.0,-39.0
1776887670.3841028,3.0,-2.0,-39.0
1776887670.3941028,4.0,1.0,-42.0
1776887670.4041028,-2.0,3.0,-37.0
1776887670.4141028,-3.0,0.0,-45.0
1776887670.4241028,-3.0,3.0,-47.0
1776887670.4341028,0.0,3.0,-49.0
1776887670.4441028,3.0,2.0,-51.0
1776887670.4541028,2.0,0.0,-54.0
1776887670.4641027,4.0,0.0,-45.0
1776887670.4741027,9.0,0.0,-42.0
1776887670.4841027,10.0,0.0,-40.0
1776887670.4941027,10.0,4.0,-46.0
1776887670.5041027,9.0,4.0,-44.0
1776887670.5141027,13.0,1.0,-48.0
1776887670.5241027,13.0,6.0,-48.0
1776887670.534103,11.0,0.0,-48.0
1776887670.544103,7.0,-3.0,-42.0
1776887670.554103,4.0,-2.0,-36.0
1776887670.5641026,3.0,-3.0,-37.0
1776887670.5741026,2.0,-1.0,-40.0
1776887670.5841026,-1.0,-2.0,-41.0
1776887670.5941026,0.0,-5.0,-48.0
1776887670.6041028,1.0,-9.0,-48.0
1776887670.6141028,-1.0,-8.0,-42.0
1776887670.6241028,-4.0,-6.0,-41.0
1776887670.6341028,-1.0,-4.0,-43.0
1776887670.6441028,3.0,1.0,-45.0
1776887670.6541028,-3.0,0.0,-42.0
1776887670.6641028,-1.0,-3.0,-44.0
1776887670.6741028,-2.0,-3.0,-42.0
1776887670.6841028,-4.0,-3.0,-41.0
1776887670.6941028,0.0,0.0,-40.0
1776887670.7041028,1.0,1.0,-43.0
1776887670.7141027,2.0,-2.0,-45.0
1776887670.7241027,2.0,-3.0,-44.0
1776887670.7341027,-5.0,-3.0,-40.0
1776887670.7441027,-2.0,-4.0,-40.0
1776887670.7541027,-2.0,-6.0,-34.0
1776887670.7641027,-3.0,-5.0,-36.0
1776887670.7741027,-2.0,-4.0,-40.0
1776887670.784103,1.0,-6.0,-43.0
1776887670.794103,3.0,-6.0,-35.0
1776887670.804103,1.0,-6.0,-35.0
1776887670.8141026,0.0,-7.0,-31.0
1776887670.8241026,1.0,-7.0,-33.0
1776887670.8341026,2.0,-3.0,-36.0
1776887670.8441026,0.0,0.0,-35.0
1776887670.8541028,3.0,0.0,-42.0
1776887670.8641028,5.0,0.0,-44.0
1776887670.8741028,4.0,0.0,-40.0
1776887670.8841028,5.0,-4.0,-36.0
1776887670.8941028,1.0,-6.0,-31.0
1776887670.9041028,1.0,-1.0,-28.0
1776887670.9141028,1.0,0.0,-29.0
1776887670.9241028,0.0,2.0,-32.0
1776887670.9341028,-1.0,1.0,-29.0
1776887670.9441028,-3.0,-1.0,-31.0
1776887670.9541028,-3.0,0.0,-32.0
1776887670.9641027,-3.0,0.0,-32.0
1776887670.9741027,-4.0,-1.0,-36.0
1776887670.9841027,0.0,-2.0,-41.0
1776887670.9941027,0.0,-1.0,-38.0
1776887671.0041027,1.0,-3.0,-44.0
1776887671.0141027,1.0,3.0,-42.0
1776887671.0241027,4.0,3.0,-38.0
1776887671.034103,5.0,1.0,-36.0
1776887671.044103,2.0,1.0,-35.0
1776887671.054103,1.0,1.0,-34.0
1776887671.0641026,2.0,1.0,-31.0
1776887671.0741026,2.0,-2.0,-34.0
1776887671.0841026,0.0,1.0,-37.0
1776887671.0941026,-4.0,2.0,-34.0
1776887671.1041028,-2.0,9.0,-33.0
1776887671.1141028,0.0,15.0,-38.0
1776887671.1241028,-1.0,14.0,-42.0
1776887671.1341028,0.0,9.0,-41.0
1776887671.1441028,2.0,5.0,-38.0
1776887671.1541028,3.0,3.0,-43.0
1776887671.1641028,6.0,-2.0,-40.0
1776887671.1741028,3.0,-6.0,-43.0
1776887671.1841028,0.0,-5.0,-44.0
1776887671.1941028,-1.0,-1.0,-45.0
1776887671.2041028,0.0,-1.0,-40.0
1776887671.2141027,3.0,-2.0,-35.0
1776887671.2241027,0.0,-1.0,-34.0
1776887671.2341027,1.0,-1.0,-37.0
1776887671.2441027,5.0,0.0,-41.0
1776887671.2541027,6.0,-1.0,-43.0
1776887671.2641027,0.0,2.0,-40.0
1776887671.2741027,-6.0,2.0,-38.0
1776887671.284103,-3.0,-2.0,-37.0
1776887671.294103,-2.0,-1.0,-49.0
1776887671.304103,0.0,-5.0,-47.0
1776887671.3141026,0.0,-8.0,-44.0
1776887671.3241026,5.0,-9.0,-47.0
1776887671.3341026,3.0,-7.0,-42.0
1776887671.3441026,4.0,-4.0,-35.0
1776887671.3541028,1.0,-4.0,-33.0
1776887671.3641028,0.0,-5.0,-31.0
1776887671.3741028,0.0,-1.0,-29.0
1776887671.3841028,0.0,-1.0,-27.0
1776887671.3941028,0.0,2.0,-28.0
1776887671.4041028,-2.0,1.0,-28.0
1776887671.4141028,-6.0,1.0,-28.0
1776887671.4241028,-2.0,-1.0,-36.0
1776887671.4341028,1.0,-6.0,-35.0
1776887671.4441028,0.0,-1.0,-29.0
1776887671.4541028,1.0,1.0,-28.0
1776887671.4641027,7.0,3.0,-36.0
1776887671.4741027,6.0,2.0,-32.0
1776887671.4841027,6.0,2.0,-30.0
1776887671.4941027,3.0,0.0,-31.0
1776887671.5041027,2.0,-1.0,-27.0
1776887671.5141027,1.0,-1.0,-20.0
1776887671.5241027,0.0,-1.0,-30.0
1776887671.534103,1.0,0.0,-32.0
1776887671.544103,7.0,-1.0,-32.0
1776887671.554103,4.0,-1.0,-34.0
1776887671.5641026,5.0,-7.0,-40.0
1776887671.5741026,4.0,-8.0,-49.0
1776887671.5841026,1.0,-5.0,-43.0
1776887671.5941026,6.0,-4.0,-42.0
1776887671.6041028,5.0,-2.0,-49.0
1776887671.6141028,4.0,-4.0,-46.0
1776887671.6241028,1.0,-5.0,-43.0
1776887671.6341028,0.0,-7.0,-39.0
1776887671.6441028,0.0,-10.0,-40.0
1776887671.6541028,-1.0,-10.0,-37.0
1776887671.6641028,-3.0,-7.0,-35.0
1776887671.6741028,-9.0,-4.0,-32.0
1776887671.6841028,-6.0,-4.0,-37.0
1776887671.6941028,-5.0,-5.0,-38.0
1776887671.7041028,-7.0,0.0,-42.0
1776887671.7141027,-4.0,-2.0,-45.0
1776887671.7241027,-2.0,0.0,-46.0
1776887671.7341027,0.0,-3.0,-41.0
1776887671.7441027,3.0,-2.0,-40.0
1776887671.7541027,3.0,-3.0,-44.0
1776887671.7641027,8.0,0.0,-44.0
1776887671.7741027,4.0,0.0,-38.0
1776887671.784103,1.0,-4.0,-36.0
1776887671.794103,1.0,-1.0,-37.0
1776887671.804103,3.0,0.0,-40.0
1776887671.8141026,4.0,-2.0,-40.0
1776887671.8241026,0.0,-4.0,-37.0
1776887671.8341026,-2.0,-5.0,-39.0
1776887671.8441026,1.0,-4.0,-42.0
1776887671.8541028,0.0,-4.0,-42.0
1776887671.8641028,1.0,-4.0,-43.0
1776887671.8741028,0.0,-1.0,-38.0
1776887671.8841028,3.0,-4.0,-42.0
1776887671.8941028,3.0,-5.0,-33.0
1776887671.9041028,2.0,-7.0,-35.0
1776887671.9141028,6.0,-8.0,-36.0
1776887671.9241028,1.0,-6.0,-39.0
1776887671.9341028,4.0,-8.0,-41.0
1776887671.9441028,-1.0,-4.0,-39.0
1776887671.9541028,-5.0,-5.0,-42.0
1776887671.9641027,-5.0,-6.0,-41.0
1776887671.9741027,-8.0,-6.0,-44.0
1776887671.9841027,-13.0,-7.0,-52.0
1776887671.9941027,-12.0,-7.0,-51.0
1776887672.0041027,-8.0,-5.0,-40.0
1776887672.0141027,-3.0,-7.0,-38.0
1776887672.0241027,-1.0,-6.0,-36.0
1776887672.034103,5.0,-1.0,-39.0
1776887672.044103,6.0,-3.0,-36.0
1776887672.054103,6.0,0.0,-38.0
1776887672.0641026,5.0,0.0,-36.0
1776887672.0741026,4.0,-1.0,-35.0
1776887672.0841026,0.0,-2.0,-33.0
1776887672.0941026,0.0,0.0,-34.0
1776887672.1041028,-5.0,3.0,-34.0
1776887672.1151028,-1.0,3.0,-27.0
1776887672.1251028,-3.0,-1.0,-34.0
1776887672.1351027,-7.0,-2.0,-40.0
1776887672.1451027,-11.0,-2.0,-35.0
1776887672.1551027,-10.0,-4.0,-34.0
1776887672.1651027,-7.0,-1.0,-34.0
1776887672.1751027,-9.0,-3.0,-40.0
1776887672.1851027,-8.0,-7.0,-39.0
1776887672.1951027,-7.0,-8.0,-39.0
1776887672.2051027,-2.0,-12.0,-41.0
1776887672.215103,-2.0,-13.0,-38.0
1776887672.225103,-6.0,-11.0,-37.0
1776887672.235103,-4.0,-6.0,-37.0
1776887672.2451026,-4.0,-2.0,-36.0
1776887672.2551026,-3.0,-4.0,-38.0
1776887672.2651026,-6.0,-6.0,-37.0
1776887672.2751029,-6.0,-3.0,-36.0
1776887672.2851028,-9.0,-2.0,-35.0
1776887672.2951028,-7.0,-3.0,-33.0
1776887672.3051028,-3.0,3.0,-33.0
1776887672.3151028,-2.0,3.0,-39.0
1776887672.3251028,-2.0,2.0,-40.0
1776887672.3351028,0.0,1.0,-41.0
1776887672.3451028,5.0,0.0,-38.0
1776887672.3551028,1.0,-1.0,-31.0
1776887672.3651028,3.0,-3.0,-35.0
1776887672.3751028,5.0,-5.0,-38.0
1776887672.3851027,7.0,-6.0,-43.0
1776887672.3951027,3.0,-5.0,-42.0
1776887672.4051027,2.0,-2.0,-32.0
1776887672.4151027,2.0,0.0,-34.0
1776887672.4251027,0.0,0.0,-39.0
1776887672.4351027,-4.0,-2.0,-43.0
1776887672.4451027,0.0,-4.0,-37.0
1776887672.4551027,0.0,-4.0,-42.0
1776887672.465103,0.0,-1.0,-39.0
1776887672.475103,3.0,0.0,-35.0
1776887672.485103,2.0,-4.0,-33.0
1776887672.4951026,0.0,2.0,-34.0
1776887672.5051026,3.0,0.0,-34.0
1776887672.5151026,5.0,-2.0,-32.0
1776887672.5251029,5.0,-5.0,-30.0
1776887672.5351028,3.0,-2.0,-32.0
1776887672.5451028,4.0,0.0,-32.0
1776887672.5551028,4.0,0.0,-38.0
1776887672.5651028,4.0,0.0,-33.0
1776887672.5751028,4.0,2.0,-38.0
1776887672.5851028,2.0,1.0,-40.0
1776887672.5951028,5.0,0.0,-46.0
1776887672.6051028,6.0,-7.0,-46.0
1776887672.6151028,0.0,-8.0,-43.0
1776887672.6251028,3.0,-11.0,-45.0
1776887672.6351027,2.0,-9.0,-39.0
1776887672.6451027,-2.0,-8.0,-39.0
1776887672.6551027,0.0,-7.0,-38.0
1776887672.6651027,4.0,-2.0,-39.0
1776887672.6751027,5.0,0.0,-38.0
1776887672.6851027,4.0,-1.0,-32.0
1776887672.6951027,3.0,-1.0,-33.0
1776887672.7051027,0.0,0.0,-37.0
1776887672.715103,2.0,-2.0,-44.0
1776887672.725103,2.0,-4.0,-37.0
1776887672.735103,6.0,0.0,-34.0
1776887672.7451026,7.0,1.0,-31.0
1776887672.7551026,5.0,2.0,-31.0
1776887672.7651026,4.0,0.0,-34.0
1776887672.7751029,4.0,0.0,-36.0
1776887672.7851028,5.0,0.0,-34.0
1776887672.7951028,3.0,0.0,-38.0
1776887672.8051028,0.0,0.0,-42.0
1776887672.8151028,-4.0,0.0,-39.0
1776887672.8251028,-2.0,-7.0,-43.0
1776887672.8351028,-4.0,-8.0,-45.0
1776887672.8451028,0.0,-8.0,-54.0
1776887672.8551028,1.0,-4.0,-47.0
1776887672.8651028,-2.0,-2.0,-46.0
1776887672.8751028,0.0,-2.0,-50.0
1776887672.8851027,0.0,-2.0,-45.0
1776887672.8951027,0.0,0.0,-43.0
1776887672.9051027,1.0,1.0,-39.0
1776887672.9151027,0.0,-4.0,-38.0
1776887672.9251027,-2.0,-6.0,-33.0
1776887672.9351027,0.0,-5.0,-37.0
1776887672.9451027,0.0,-2.0,-34.0
1776887672.9551027,-1.0,-1.0,-36.0
1776887672.965103,-6.0,2.0,-40.0
1776887672.975103,-4.0,2.0,-51.0
1776887672.985103,1.0,4.0,-51.0
1776887672.9951026,5.0,-2.0,-52.0
1776887673.0051026,6.0,-3.0,-54.0
1776887673.0151026,9.0,-5.0,-44.0
1776887673.0251029,5.0,-4.0,-41.0
1776887673.0351028,8.0,-3.0,-41.0
1776887673.0451028,6.0,-2.0,-46.0
1776887673.0551028,4.0,-2.0,-47.0
1776887673.0651028,1.0,0.0,-44.0
1776887673.0751028,1.0,5.0,-47.0
1776887673.0851028,2.0,5.0,-53.0
1776887673.0951028,1.0,2.0,-51.0
1776887673.1051028,-2.0,2.0,-46.0
1776887673.1151028,-5.0,5.0,-38.0
1776887673.1251028,-7.0,0.0,-34.0
1776887673.1351027,-9.0,-2.0,-36.0
1776887673.1451027,-14.0,-2.0,-35.0
1776887673.1551027,-12.0,0.0,-39.0
1776887673.1651027,-14.0,-3.0,-36.0
1776887673.1751027,-15.0,-6.0,-35.0
1776887673.1851027,-9.0,-7.0,-37.0
1776887673.1951027,-1.0,-3.0,-37.0
1776887673.2051027,-3.0,-1.0,-36.0
1776887673.215103,-5.0,-3.0,-35.0
1776887673.225103,-3.0,-3.0,-36.0
1776887673.235103,0.0,-5.0,-40.0
1776887673.2451026,-1.0,-5.0,-48.0
1776887673.2551026,-2.0,-4.0,-48.0
1776887673.2651026,-1.0,-3.0,-41.0
1776887673.2751029,-2.0,-4.0,-36.0
1776887673.2851028,1.0,-1.0,-41.0
1776887673.2951028,-1.0,-2.0,-39.0
1776887673.3051028,-2.0,0.0,-37.0
1776887673.3151028,-2.0,0.0,-34.0
1776887673.3251028,-2.0,0.0,-29.0
1776887673.3351028,0.0,3.0,-32.0
1776887673.3451028,0.0,-2.0,-40.0
1776887673.3551028,4.0,-5.0,-39.0
1776887673.3651028,1.0,-4.0,-40.0
1776887673.3751028,0.0,-6.0,-34.0
1776887673.3851027,0.0,0.0,-38.0
1776887673.3951027,4.0,-1.0,-31.0
1776887673.4051027,0.0,-2.0,-34.0
1776887673.4151027,-2.0,-2.0,-34.0
1776887673.4251027,-1.0,0.0,-34.0
1776887673.4351027,-2.0,-3.0,-39.0
1776887673.4451027,0.0,0.0,-40.0
1776887673.4551027,5.0,0.0,-38.0
1776887673.465103,1.0,1.0,-34.0
1776887673.475103,4.0,0.0,-39.0
1776887673.485103,5.0,0.0,-36.0
1776887673.4951026,5.0,-4.0,-34.0
1776887673.5051026,7.0,-9.0,-36.0
1776887673.5161028,5.0,-4.0,-38.0
1776887673.5251029,0.0,-3.0,-37.0
1776887673.5351028,0.0,0.0,-36.0
1776887673.5451028,1.0,1.0,-35.0
1776887673.5551028,3.0,-2.0,-40.0
1776887673.5651028,1.0,0.0,-32.0
1776887673.5751028,3.0,0.0,-36.0
1776887673.5851028,0.0,-1.0,-35.0
1776887673.5951028,-3.0,0.0,-35.0
1776887673.6051028,-1.0,-4.0,-40.0
1776887673.6151028,-2.0,-7.0,-46.0
1776887673.6261027,-1.0,-7.0,-44.0
1776887673.6351027,-6.0,-7.0,-37.0
1776887673.6451027,-8.0,-5.0,-38.0
1776887673.6551027,-8.0,-6.0,-37.0
1776887673.6651027,-7.0,-3.0,-43.0
1776887673.6751027,-11.0,-2.0,-40.0
1776887673.6851027,-4.0,-2.0,-42.0
1776887673.6951027,0.0,0.0,-38.0
1776887673.7051027,1.0,-3.0,-33.0
1776887673.715103,4.0,-2.0,-29.0
1776887673.725103,-1.0,-6.0,-34.0
1776887673.735103,2.0,-7.0,-25.0
1776887673.7451026,3.0,-5.0,-25.0
1776887673.7551026,0.0,-4.0,-34.0
1776887673.7651026,0.0,-5.0,-31.0
1776887673.7751029,0.0,-4.0,-28.0
1776887673.7851028,-3.0,-3.0,-30.0
1776887673.7951028,0.0,-6.0,-31.0
1776887673.8051028,-1.0,-4.0,-31.0
1776887673.8151028,0.0,-7.0,-30.0
1776887673.8251028,0.0,-7.0,-33.0
1776887673.8351028,-2.0,-7.0,-39.0
1776887673.8451028,1.0,-3.0,-38.0
1776887673.8551028,0.0,0.0,-43.0
1776887673.8651028,1.0,2.0,-38.0
1776887673.8751028,0.0,5.0,-38.0
1776887673.8851027,-3.0,4.0,-41.0
1776887673.8951027,-1.0,1.0,-43.0
1776887673.9051027,-3.0,4.0,-42.0
1776887673.9151027,-1.0,4.0,-39.0
1776887673.9251027,0.0,3.0,-39.0
1776887673.9351027,-2.0,1.0,-38.0
1776887673.9451027,-6.0,4.0,-40.0
1776887673.9551027,-7.0,6.0,-40.0
1776887673.965103,-4.0,5.0,-40.0
1776887673.975103,-3.0,5.0,-39.0
1776887673.985103,1.0,5.0,-42.0
1776887673.9951026,3.0,4.0,-43.0
1776887674.0051026,2.0,0.0,-36.0
1776887674.0151026,1.0,-2.0,-37.0
1776887674.0251029,1.0,-5.0,-38.0
1776887674.0351028,0.0,-5.0,-42.0
1776887674.0451028,-1.0,-6.0,-41.0
1776887674.0551028,0.0,-5.0,-30.0
1776887674.0651028,-3.0,-5.0,-27.0
1776887674.0751028,0.0,-6.0,-32.0
1776887674.0851028,1.0,-5.0,-31.0
1776887674.0961027,0.0,-2.0,-30.0
1776887674.1051028,3.0,-3.0,-28.0
1776887674.1161027,0.0,-3.0,-30.0
1776887674.1261027,0.0,0.0,-30.0
1776887674.136103,2.0,-4.0,-30.0
1776887674.146103,0.0,-5.0,-40.0
1776887674.156103,0.0,-4.0,-41.0
1776887674.1661026,-1.0,-4.0,-36.0
1776887674.1761026,-3.0,-1.0,-39.0
1776887674.1861026,-5.0,3.0,-30.0
1776887674.1961029,-5.0,-2.0,-36.0
1776887674.2061028,-4.0,-1.0,-34.0
1776887674.2161028,-2.0,1.0,-36.0
1776887674.2261028,-1.0,-1.0,-33.0
1776887674.2361028,0.0,-1.0,-36.0
1776887674.2461028,0.0,0.0,-39.0
1776887674.2561028,0.0,0.0,-40.0
1776887674.2661028,-1.0,0.0,-38.0
1776887674.2761028,1.0,-1.0,-33.0
1776887674.2861028,1.0,0.0,-32.0
1776887674.2961028,-1.0,-2.0,-29.0
1776887674.3061028,0.0,-6.0,-30.0
1776887674.3161027,0.0,-5.0,-32.0
1776887674.3261027,2.0,-7.0,-38.0
1776887674.3361027,4.0,-8.0,-32.0
1776887674.3461027,0.0,-3.0,-37.0
1776887674.3561027,5.0,0.0,-35.0
1776887674.3661027,8.0,2.0,-34.0
1776887674.3761027,10.0,-2.0,-32.0
1776887674.386103,8.0,0.0,-29.0
1776887674.396103,3.0,1.0,-24.0
1776887674.406103,1.0,0.0,-29.0
1776887674.4161026,4.0,-3.0,-33.0
1776887674.4261026,0.0,-4.0,-40.0
1776887674.4361026,-3.0,-6.0,-45.0
1776887674.4461029,-2.0,-6.0,-41.0
1776887674.4561028,2.0,-5.0,-44.0
1776887674.4661028,2.0,-3.0,-46.0
1776887674.4761028,4.0,-3.0,-42.0
1776887674.4861028,5.0,0.0,-36.0
1776887674.4961028,4.0,0.0,-36.0
1776887674.5061028,4.0,-1.0,-31.0
1776887674.5161028,2.0,-2.0,-31.0
1776887674.5261028,0.0,0.0,-33.0
1776887674.5361028,-1.0,0.0,-34.0
1776887674.5461028,-3.0,3.0,-34.0
1776887674.5561028,-5.0,2.0,-31.0
1776887674.5661027,-6.0,4.0,-24.0
1776887674.5761027,-5.0,3.0,-27.0
1776887674.5861027,0.0,3.0,-22.0
1776887674.5961027,-1.0,0.0,-25.0
1776887674.6061027,-2.0,-2.0,-28.0
1776887674.6161027,-4.0,-5.0,-28.0
1776887674.6261027,-3.0,-9.0,-23.0
1776887674.636103,0.0,-13.0,-21.0
1776887674.646103,1.0,-8.0,-28.0
1776887674.656103,2.0,-5.0,-31.0
1776887674.6661026,0.0,-8.0,-34.0
1776887674.6761026,-1.0,-8.0,-36.0
1776887674.6861026,0.0,-5.0,-30.0
1776887674.6961029,-1.0,-2.0,-24.0
1776887674.7061028,0.0,0.0,-24.0
1776887674.7161028,0.0,1.0,-30.0
1776887674.7261028,-1.0,2.0,-30.0
1776887674.7361028,6.0,-2.0,-28.0
1776887674.7461028,8.0,-3.0,-30.0
1776887674.7561028,7.0,-4.0,-34.0
1776887674.7661028,4.0,-4.0,-36.0
1776887674.7761028,8.0,-3.0,-36.0
1776887674.7861028,8.0,-2.0,-38.0
1776887674.7961028,5.0,0.0,-39.0
1776887674.8061028,3.0,2.0,-41.0
1776887674.8161027,0.0,3.0,-44.0
1776887674.8261027,-2.0,1.0,-42.0
1776887674.8361027,-5.0,-4.0,-41.0
1776887674.8461027,0.0,-3.0,-42.0
1776887674.8561027,3.0,-3.0,-41.0
1776887674.8661027,4.0,-6.0,-37.0
1776887674.8761027,3.0,-4.0,-38.0
1776887674.886103,0.0,0.0,-45.0
1776887674.896103,0.0,0.0,-44.0
1776887674.906103,2.0,-2.0,-41.0
1776887674.9161026,1.0,-1.0,-45.0
1776887674.9261026,3.0,-6.0,-43.0
1776887674.9361026,4.0,-3.0,-42.0
1776887674.9461029,3.0,-4.0,-39.0
1776887674.9561028,5.0,-1.0,-36.0
1776887674.9661028,2.0,2.0,-38.0
1776887674.9761028,1.0,3.0,-41.0
1776887674.9861028,2.0,7.0,-33.0
1776887674.9961028,3.0,9.0,-30.0
1776887675.0061028,1.0,12.0,-28.0
1776887675.0161028,0.0,7.0,-25.0
1776887675.0261028,-3.0,3.0,-31.0
1776887675.0361028,-2.0,0.0,-32.0
1776887675.0461028,-3.0,-2.0,-22.0
1776887675.0561028,-2.0,1.0,-31.0
1776887675.0661027,-3.0,-3.0,-33.0
1776887675.0761027,-3.0,-7.0,-32.0
1776887675.0861027,-2.0,-7.0,-33.0
1776887675.0961027,-2.0,-4.0,-29.0
1776887675.1061027,1.0,-4.0,-29.0
1776887675.1161027,0.0,-5.0,-37.0
1776887675.1261027,2.0,-4.0,-39.0
1776887675.136103,0.0,-2.0,-38.0
1776887675.146103,-2.0,0.0,-38.0
1776887675.156103,-4.0,0.0,-42.0
1776887675.1661026,-1.0,-1.0,-39.0
1776887675.1761026,-2.0,0.0,-43.0
1776887675.1861026,-7.0,3.0,-47.0
1776887675.1961029,-7.0,0.0,-45.0
1776887675.2061028,-7.0,0.0,-45.0
1776887675.2161028,0.0,0.0,-44.0
1776887675.2261028,4.0,-3.0,-37.0
1776887675.2361028,5.0,-1.0,-34.0
1776887675.2461028,8.0,-3.0,-32.0
1776887675.2561028,6.0,0.0,-37.0
1776887675.2661028,6.0,0.0,-43.0
1776887675.2761028,1.0,0.0,-46.0
1776887675.2861028,1.0,0.0,-45.0
1776887675.2961028,-2.0,0.0,-46.0
1776887675.3061028,1.0,3.0,-43.0
1776887675.3161027,0.0,1.0,-45.0
1776887675.3261027,0.0,1.0,-45.0
1776887675.3361027,0.0,0.0,-42.0
1776887675.3461027,-3.0,0.0,-35.0
1776887675.3561027,-6.0,0.0,-33.0
1776887675.3661027,1.0,-4.0,-34.0
1776887675.3761027,-2.0,-9.0,-36.0
1776887675.386103,0.0,-6.0,-39.0
1776887675.396103,-1.0,-5.0,-36.0
1776887675.406103,0.0,-2.0,-33.0
1776887675.4161026,0.0,-1.0,-31.0
1776887675.4261026,-1.0,1.0,-28.0
1776887675.4361026,0.0,-2.0,-29.0
1776887675.4461029,0.0,-1.0,-28.0
1776887675.4561028,-5.0,-2.0,-26.0
1776887675.4661028,-3.0,-1.0,-32.0
1776887675.4761028,-5.0,-3.0,-27.0
1776887675.4861028,0.0,-2.0,-31.0
1776887675.4961028,1.0,-4.0,-26.0
1776887675.5061028,-1.0,-5.0,-26.0
1776887675.5161028,-3.0,-6.0,-34.0
1776887675.5261028,0.0,-6.0,-34.0
1776887675.5361028,0.0,-10.0,-32.0
1776887675.5461028,0.0,-10.0,-34.0
1776887675.5561028,5.0,-12.0,-32.0
1776887675.5661027,3.0,-9.0,-34.0
1776887675.5761027,-1.0,-5.0,-36.0
1776887675.5861027,2.0,-7.0,-32.0
1776887675.5961027,2.0,-6.0,-29.0
1776887675.6061027,1.0,-1.0,-31.0
1776887675.6161027,0.0,-1.0,-36.0
1776887675.6261027,0.0,1.0,-36.0
1776887675.636103,6.0,-4.0,-39.0
1776887675.646103,7.0,-4.0,-46.0
1776887675.656103,4.0,-2.0,-48.0
1776887675.6661026,2.0,-2.0,-45.0
1776887675.6761026,0.0,0.0,-42.0
1776887675.6861026,-2.0,0.0,-37.0
1776887675.6961029,1.0,1.0,-37.0
1776887675.7061028,-1.0,3.0,-35.0
1776887675.7161028,-1.0,3.0,-33.0
1776887675.7261028,-5.0,3.0,-26.0
1776887675.7361028,-6.0,0.0,-32.0
1776887675.7461028,0.0,-2.0,-33.0
1776887675.7561028,0.0,-1.0,-39.0
1776887675.7661028,0.0,-1.0,-42.0
1776887675.7761028,3.0,-1.0,-44.0
1776887675.7861028,-1.0,0.0,-45.0
1776887675.7961028,-2.0,3.0,-40.0
1776887675.8061028,1.0,3.0,-40.0
1776887675.8161027,-5.0,0.0,-36.0
1776887675.8261027,-3.0,1.0,-34.0
1776887675.8361027,-2.0,0.0,-30.0
1776887675.8461027,-4.0,-2.0,-32.0
1776887675.8561027,-9.0,-2.0,-38.0
1776887675.8661027,-6.0,-1.0,-40.0
1776887675.8761027,-6.0,3.0,-37.0
1776887675.886103,-8.0,-2.0,-33.0
1776887675.896103,-7.0,0.0,-29.0
1776887675.906103,-1.0,1.0,-31.0
1776887675.9161026,-1.0,3.0,-27.0
1776887675.9261026,1.0,2.0,-24.0
1776887675.9361026,-2.0,1.0,-27.0
1776887675.9461029,1.0,2.0,-28.0
1776887675.9561028,1.0,-2.0,-32.0
1776887675.9661028,-1.0,-3.0,-34.0
1776887675.9761028,0.0,-4.0,-32.0
1776887675.9861028,-4.0,-4.0,-39.0
1776887675.9961028,-6.0,-7.0,-40.0
1776887676.0061028,-4.0,-9.0,-41.0
1776887676.0161028,-1.0,-2.0,-42.0
1776887676.0261028,1.0,-3.0,-39.0
1776887676.0361028,5.0,-3.0,-36.0
1776887676.0461028,3.0,0.0,-38.0
1776887676.0561028,8.0,-2.0,-36.0
1776887676.0661027,6.0,-4.0,-36.0
1776887676.077103,4.0,0.0,-32.0
1776887676.087103,3.0,0.0,-37.0
1776887676.0961027,3.0,-1.0,-43.0
1776887676.1071026,2.0,0.0,-43.0
1776887676.1171026,2.0,2.0,-36.0
1776887676.1271029,3.0,3.0,-30.0
1776887676.1371028,-3.0,2.0,-26.0
1776887676.1471028,-1.0,2.0,-28.0
1776887676.1571028,1.0,3.0,-30.0
1776887676.1671028,0.0,2.0,-31.0
1776887676.1771028,1.0,0.0,-30.0
1776887676.1871028,-2.0,-2.0,-32.0
1776887676.1971028,-5.0,-2.0,-36.0
1776887676.2071028,-3.0,0.0,-35.0
1776887676.2171028,0.0,-5.0,-35.0
1776887676.2271028,2.0,-8.0,-34.0
1776887676.2371027,0.0,-3.0,-39.0
1776887676.2471027,-3.0,2.0,-29.0
1776887676.2571027,-3.0,2.0,-35.0
1776887676.2671027,0.0,3.0,-40.0
1776887676.2771027,0.0,2.0,-38.0
1776887676.2871027,-1.0,1.0,-36.0
1776887676.2971027,-2.0,1.0,-34.0
1776887676.307103,-2.0,5.0,-40.0
1776887676.317103,-1.0,6.0,-46.0
1776887676.327103,3.0,4.0,-43.0
1776887676.337103,3.0,1.0,-36.0
1776887676.3471026,2.0,3.0,-32.0
1776887676.3571026,1.0,0.0,-33.0
1776887676.3671026,0.0,0.0,-37.0
1776887676.3771029,1.0,-3.0,-42.0
1776887676.3871028,0.0,-3.0,-36.0
1776887676.3971028,2.0,-5.0,-36.0
1776887676.4071028,0.0,-5.0,-31.0
1776887676.4171028,3.0,-6.0,-33.0
1776887676.4271028,6.0,-4.0,-33.0
1776887676.4371028,4.0,-4.0,-39.0
1776887676.4471028,3.0,-4.0,-33.0
1776887676.4571028,6.0,-1.0,-35.0
1776887676.4671028,4.0,-1.0,-38.0
1776887676.4771028,2.0,-3.0,-36.0
1776887676.4871027,3.0,-2.0,-33.0
1776887676.4971027,4.0,-2.0,-30.0
1776887676.5071027,0.0,-2.0,-31.0
1776887676.5171027,-1.0,-4.0,-30.0
1776887676.5271027,-4.0,-9.0,-39.0
1776887676.5371027,-3.0,-7.0,-42.0
1776887676.5471027,-5.0,-2.0,-38.0
1776887676.557103,-7.0,-2.0,-42.0
1776887676.567103,-3.0,-2.0,-40.0
1776887676.577103,0.0,-4.0,-35.0
1776887676.5881028,4.0,-1.0,-35.0
1776887676.5971026,2.0,-3.0,-40.0
1776887676.6071026,4.0,1.0,-46.0
1776887676.6171026,0.0,1.0,-42.0
1776887676.6271029,0.0,2.0,-36.0
1776887676.6371028,-5.0,0.0,-37.0
1776887676.6471028,-7.0,2.0,-34.0
1776887676.6571028,-8.0,-1.0,-41.0
1776887676.6671028,-7.0,-3.0,-49.0
1776887676.6771028,-8.0,0.0,-50.0
1776887676.6871028,-6.0,-2.0,-42.0
1776887676.6971028,-6.0,0.0,-43.0
1776887676.7071028,-4.0,-1.0,-33.0
1776887676.7171028,-2.0,-2.0,-30.0
1776887676.7271028,-2.0,-1.0,-32.0
1776887676.7371027,-4.0,-3.0,-29.0
1776887676.7471027,-6.0,0.0,-28.0
1776887676.7571027,-1.0,0.0,-25.0
1776887676.7671027,-4.0,-3.0,-25.0
1776887676.7771027,-2.0,-2.0,-22.0
1776887676.7871027,0.0,-2.0,-24.0
1776887676.7971027,1.0,-2.0,-20.0
1776887676.807103,-1.0,0.0,-17.0
1776887676.817103,-5.0,2.0,-21.0
1776887676.827103,-2.0,-1.0,-24.0
1776887676.837103,2.0,-2.0,-33.0
1776887676.8471026,3.0,-1.0,-37.0
1776887676.8571026,7.0,0.0,-43.0
1776887676.8671026,3.0,2.0,-40.0
1776887676.8771029,0.0,0.0,-41.0
1776887676.8871028,1.0,-2.0,-38.0
1776887676.8971028,1.0,-4.0,-40.0
1776887676.9071028,1.0,-5.0,-36.0
1776887676.9171028,0.0,-3.0,-34.0
1776887676.9271028,-1.0,-7.0,-37.0
1776887676.9371028,-2.0,-5.0,-39.0
1776887676.9471028,-3.0,-2.0,-33.0
1776887676.9571028,-5.0,-2.0,-32.0
1776887676.9671028,-2.0,-2.0,-30.0
1776887676.9771028,-5.0,-4.0,-35.0
1776887676.9871027,-2.0,-3.0,-35.0
1776887676.9971027,0.0,-2.0,-38.0
1776887677.0071027,7.0,-6.0,-36.0
1776887677.0171027,9.0,-7.0,-40.0
1776887677.0271027,7.0,-8.0,-40.0
1776887677.0371027,10.0,-9.0,-42.0
1776887677.0471027,6.0,-7.0,-44.0
1776887677.057103,5.0,-4.0,-42.0
1776887677.067103,2.0,1.0,-41.0
1776887677.077103,-3.0,1.0,-40.0
1776887677.087103,1.0,0.0,-40.0
1776887677.0971026,-2.0,0.0,-43.0
1776887677.1071026,-9.0,-2.0,-43.0
1776887677.1171026,-7.0,1.0,-48.0
1776887677.1271029,-4.0,0.0,-45.0
1776887677.1371028,-7.0,-6.0,-46.0
1776887677.1471028,-9.0,-9.0,-45.0
1776887677.1571028,-8.0,-9.0,-44.0
1776887677.1671028,-6.0,-5.0,-36.0
1776887677.1771028,-5.0,-1.0,-33.0
1776887677.1871028,-8.0,1.0,-32.0
1776887677.1971028,-9.0,2.0,-31.0
1776887677.2071028,-6.0,4.0,-27.0
1776887677.2171028,-4.0,6.0,-30.0
1776887677.2271028,0.0,4.0,-34.0
1776887677.2371027,0.0,3.0,-34.0
1776887677.2471027,-2.0,-1.0,-37.0
1776887677.2571027,-1.0,-4.0,-38.0
1776887677.2671027,0.0,-5.0,-33.0
1776887677.2771027,0.0,-8.0,-27.0
1776887677.2871027,3.0,-4.0,-27.0
1776887677.2971027,2.0,0.0,-29.0
1776887677.307103,4.0,0.0,-33.0
1776887677.317103,3.0,-3.0,-37.0
1776887677.327103,4.0,-5.0,-41.0
1776887677.337103,3.0,-7.0,-36.0
1776887677.3471026,0.0,-4.0,-37.0
1776887677.3571026,-1.0,-8.0,-32.0
1776887677.3671026,0.0,-8.0,-26.0
1776887677.3771029,2.0,-5.0,-28.0
1776887677.3871028,2.0,-3.0,-30.0
1776887677.3971028,4.0,-2.0,-33.0
1776887677.4071028,2.0,-4.0,-27.0
1776887677.4171028,0.0,-2.0,-32.0
1776887677.4271028,2.0,-3.0,-34.0
1776887677.4371028,2.0,0.0,-38.0
1776887677.4471028,3.0,0.0,-38.0
1776887677.4571028,3.0,-2.0,-30.0
1776887677.4671028,4.0,-3.0,-23.0
1776887677.4771028,6.0,-3.0,-22.0
1776887677.4871027,2.0,-4.0,-26.0
1776887677.4971027,-1.0,-2.0,-28.0
1776887677.5071027,-4.0,0.0,-28.0
1776887677.5171027,-4.0,0.0,-30.0
1776887677.5271027,-1.0,-4.0,-28.0
1776887677.5371027,3.0,-3.0,-27.0
1776887677.5471027,6.0,-5.0,-22.0
1776887677.557103,7.0,-2.0,-29.0
1776887677.567103,7.0,-6.0,-24.0
1776887677.577103,4.0,-5.0,-29.0
1776887677.587103,3.0,-7.0,-33.0
1776887677.5971026,4.0,-6.0,-34.0
1776887677.6071026,1.0,-4.0,-39.0
1776887677.6171026,0.0,-3.0,-40.0
1776887677.6271029,-2.0,-6.0,-41.0
1776887677.6371028,-2.0,-6.0,-37.0
1776887677.6471028,-6.0,-1.0,-34.0
1776887677.6571028,-10.0,0.0,-30.0
1776887677.6671028,-10.0,1.0,-31.0
1776887677.6771028,-7.0,4.0,-37.0
1776887677.6871028,-2.0,5.0,-44.0
1776887677.6971028,-2.0,2.0,-44.0
1776887677.7071028,0.0,2.0,-43.0
1776887677.7171028,1.0,0.0,-44.0
1776887677.7271028,0.0,-1.0,-42.0
1776887677.7371027,2.0,-1.0,-39.0
1776887677.7471027,4.0,0.0,-43.0
1776887677.7571027,2.0,0.0,-47.0
1776887677.7671027,0.0,-1.0,-42.0
1776887677.7771027,2.0,1.0,-42.0
1776887677.7871027,4.0,-1.0,-44.0
1776887677.7971027,2.0,-4.0,-39.0
1776887677.807103,2.0,-3.0,-40.0
1776887677.817103,0.0,-5.0,-41.0
1776887677.827103,0.0,-2.0,-39.0
1776887677.837103,0.0,0.0,-36.0
1776887677.8471026,3.0,1.0,-37.0
1776887677.8571026,-1.0,0.0,-35.0
1776887677.8671026,-6.0,1.0,-40.0
1776887677.8771029,-4.0,0.0,-43.0
1776887677.8871028,-8.0,0.0,-39.0
1776887677.8971028,-5.0,1.0,-36.0
1776887677.9071028,-1.0,0.0,-39.0
1776887677.9171028,3.0,-2.0,-34.0
1776887677.9271028,3.0,0.0,-41.0
1776887677.9371028,5.0,-4.0,-39.0
1776887677.9471028,4.0,-8.0,-33.0
1776887677.9571028,0.0,-9.0,-35.0
1776887677.9671028,-3.0,-7.0,-34.0
1776887677.9771028,2.0,-4.0,-24.0
1776887677.9871027,8.0,0.0,-21.0
1776887677.9971027,3.0,1.0,-22.0
1776887678.0071027,2.0,0.0,-29.0
1776887678.0171027,1.0,-4.0,-26.0
1776887678.0271027,-4.0,-2.0,-28.0
1776887678.0371027,-1.0,0.0,-27.0
1776887678.0471027,0.0,-1.0,-34.0
1776887678.057103,-3.0,0.0,-37.0
1776887678.067103,-5.0,0.0,-32.0
1776887678.0781028,0.0,0.0,-28.0
1776887678.0881028,-1.0,0.0,-30.0
1776887678.0981028,-3.0,-2.0,-35.0
1776887678.1081028,-8.0,-4.0,-36.0
1776887678.1181028,-4.0,-2.0,-34.0
1776887678.1281028,0.0,-7.0,-33.0
1776887678.1381028,1.0,-7.0,-31.0
1776887678.1481028,0.0,-6.0,-40.0
1776887678.1581028,3.0,-5.0,-45.0
1776887678.1681027,1.0,0.0,-43.0
1776887678.1781027,4.0,2.0,-45.0
1776887678.1881027,3.0,2.0,-46.0
1776887678.1981027,3.0,3.0,-50.0
1776887678.2081027,1.0,9.0,-49.0
1776887678.2181027,3.0,9.0,-41.0
1776887678.2281027,2.0,7.0,-39.0
1776887678.238103,0.0,6.0,-36.0
1776887678.248103,1.0,3.0,-31.0
1776887678.258103,-1.0,1.0,-29.0
1776887678.2681026,-2.0,-1.0,-31.0
1776887678.2781026,1.0,-2.0,-30.0
1776887678.2881026,2.0,-3.0,-34.0
1776887678.2981029,0.0,-3.0,-30.0
1776887678.3081028,0.0,1.0,-32.0
1776887678.3181028,-1.0,1.0,-36.0
1776887678.3281028,2.0,0.0,-41.0
1776887678.3381028,1.0,-1.0,-48.0
1776887678.3481028,5.0,0.0,-43.0
1776887678.3581028,7.0,0.0,-40.0
1776887678.3681028,8.0,-2.0,-43.0
1776887678.3781028,2.0,-1.0,-47.0
1776887678.3881028,6.0,0.0,-52.0
1776887678.3981028,9.0,0.0,-56.0
1776887678.4081028,8.0,1.0,-48.0
1776887678.4181027,11.0,-3.0,-40.0
1776887678.4281027,8.0,-5.0,-36.0
1776887678.4381027,6.0,-3.0,-37.0
1776887678.4481027,3.0,-6.0,-38.0
1776887678.4581027,2.0,-4.0,-40.0
1776887678.4681027,2.0,-4.0,-35.0
1776887678.4781027,-2.0,-1.0,-40.0
1776887678.488103,-4.0,-1.0,-35.0
1776887678.498103,-6.0,0.0,-37.0
1776887678.508103,-8.0,2.0,-33.0
1776887678.5181026,-8.0,5.0,-38.0
1776887678.5281026,-3.0,1.0,-40.0
1776887678.5381026,-1.0,0.0,-41.0
1776887678.5481029,-5.0,2.0,-42.0
1776887678.5581028,-4.0,1.0,-43.0
1776887678.5681028,-4.0,1.0,-35.0
1776887678.5781028,-7.0,0.0,-36.0
1776887678.5881028,-3.0,0.0,-38.0
1776887678.5981028,-3.0,-4.0,-45.0
1776887678.6081028,-4.0,-5.0,-49.0
1776887678.6181028,-2.0,-8.0,-47.0
1776887678.6281028,-3.0,-6.0,-43.0
1776887678.6381028,-2.0,-7.0,-34.0
1776887678.6481028,-3.0,-7.0,-31.0
1776887678.6581028,-3.0,-4.0,-37.0
1776887678.6681027,-3.0,-5.0,-33.0
1776887678.6781027,1.0,1.0,-35.0
1776887678.6881027,2.0,1.0,-40.0
1776887678.6981027,1.0,1.0,-43.0
1776887678.7081027,2.0,1.0,-43.0
1776887678.7181027,4.0,2.0,-34.0
1776887678.7281027,5.0,0.0,-31.0
1776887678.738103,3.0,1.0,-31.0
1776887678.748103,1.0,1.0,-29.0
1776887678.758103,-1.0,2.0,-33.0
1776887678.7681026,1.0,2.0,-35.0
1776887678.7781026,1.0,4.0,-32.0
1776887678.7881026,-4.0,1.0,-37.0
1776887678.7981029,-1.0,2.0,-44.0
1776887678.8081028,3.0,2.0,-37.0
1776887678.8181028,3.0,5.0,-33.0
1776887678.8281028,6.0,5.0,-34.0
1776887678.8381028,8.0,4.0,-32.0
1776887678.8481028,8.0,4.0,-43.0
1776887678.8581028,5.0,2.0,-40.0
1776887678.8681028,2.0,-2.0,-38.0
1776887678.8781028,0.0,-3.0,-38.0
1776887678.8881028,0.0,-1.0,-39.0
1776887678.8981028,-1.0,-2.0,-35.0
1776887678.9081028,-5.0,-7.0,-34.0
1776887678.9181027,-6.0,-2.0,-32.0
1776887678.9281027,0.0,-5.0,-39.0
1776887678.9381027,0.0,-2.0,-38.0
1776887678.9481027,3.0,-1.0,-34.0
1776887678.9581027,7.0,-3.0,-34.0
1776887678.9681027,4.0,-5.0,-32.0
1776887678.9781027,2.0,-2.0,-30.0
1776887678.988103,4.0,-5.0,-39.0
1776887678.998103,8.0,-3.0,-37.0
1776887679.008103,9.0,-4.0,-38.0
1776887679.0181026,7.0,0.0,-36.0
1776887679.0281026,6.0,-2.0,-30.0
1776887679.0381026,9.0,0.0,-27.0
1776887679.0481029,9.0,-3.0,-26.0
1776887679.0581028,3.0,1.0,-30.0
1776887679.0681028,-3.0,2.0,-32.0
1776887679.0781028,-3.0,5.0,-36.0
1776887679.0881028,-3.0,3.0,-36.0
1776887679.0981028,-3.0,2.0,-39.0
1776887679.1081028,0.0,1.0,-41.0
1776887679.1181028,0.0,1.0,-35.0
1776887679.1281028,1.0,-2.0,-36.0
1776887679.1381028,-2.0,0.0,-36.0
1776887679.1481028,-3.0,1.0,-38.0
1776887679.1581028,-1.0,3.0,-43.0
1776887679.1681027,3.0,2.0,-34.0
1776887679.1781027,1.0,5.0,-35.0
1776887679.1881027,-4.0,3.0,-37.0
1776887679.1981027,-2.0,2.0,-34.0
1776887679.2081027,0.0,0.0,-35.0
1776887679.2181027,1.0,-1.0,-32.0
1776887679.2281027,3.0,-1.0,-30.0
1776887679.238103,0.0,-2.0,-31.0
1776887679.248103,1.0,-2.0,-32.0
1776887679.258103,5.0,-5.0,-31.0
1776887679.2681026,6.0,-1.0,-34.0
1776887679.2781026,6.0,-4.0,-35.0
1776887679.2881026,2.0,-3.0,-39.0
1776887679.2981029,4.0,-3.0,-40.0
1776887679.3081028,3.0,-1.0,-39.0
1776887679.3181028,4.0,0.0,-36.0
1776887679.3281028,5.0,0.0,-41.0
1776887679.3381028,5.0,-2.0,-37.0
1776887679.3481028,5.0,-4.0,-35.0
1776887679.3581028,4.0,0.0,-31.0
1776887679.3681028,0.0,-2.0,-29.0
1776887679.3781028,-1.0,-4.0,-23.0
1776887679.3881028,-3.0,-4.0,-27.0
1776887679.3981028,0.0,-4.0,-30.0
1776887679.4081028,3.0,-9.0,-33.0
1776887679.4181027,4.0,-7.0,-33.0
1776887679.4281027,4.0,-5.0,-30.0
1776887679.4381027,3.0,-7.0,-28.0
1776887679.4481027,3.0,-5.0,-33.0
1776887679.4581027,0.0,-2.0,-34.0
1776887679.4681027,0.0,-2.0,-32.0
1776887679.4781027,1.0,1.0,-37.0
1776887679.488103,0.0,1.0,-41.0
1776887679.498103,0.0,1.0,-36.0
1776887679.508103,-3.0,-5.0,-41.0
1776887679.5181026,-6.0,-5.0,-46.0
1776887679.5281026,-7.0,-5.0,-46.0
1776887679.5381026,-10.0,0.0,-38.0
1776887679.5481029,-7.0,1.0,-35.0
1776887679.5581028,-7.0,3.0,-30.0
1776887679.5681028,-10.0,0.0,-33.0
1776887679.5781028,-8.0,-2.0,-38.0
1776887679.5881028,-12.0,-4.0,-38.0
1776887679.5981028,-8.0,-5.0,-35.0
1776887679.6081028,-7.0,-7.0,-38.0
1776887679.6181028,-4.0,-4.0,-29.0
1776887679.6281028,-6.0,-2.0,-34.0
1776887679.6381028,-2.0,-4.0,-30.0
1776887679.6481028,-5.0,-3.0,-32.0
1776887679.6581028,-5.0,-2.0,-29.0
1776887679.6681027,-3.0,-1.0,-28.0
1776887679.6781027,-5.0,0.0,-34.0
1776887679.6881027,-6.0,0.0,-34.0
1776887679.6981027,-3.0,4.0,-34.0
1776887679.7081027,-1.0,4.0,-35.0
1776887679.7181027,0.0,3.0,-35.0
1776887679.7281027,0.0,1.0,-35.0
1776887679.738103,0.0,2.0,-40.0
1776887679.748103,2.0,5.0,-35.0
1776887679.758103,3.0,3.0,-37.0
1776887679.7681026,5.0,2.0,-39.0
1776887679.7781026,2.0,-1.0,-35.0
1776887679.7881026,1.0,-4.0,-36.0
1776887679.7981029,-2.0,-5.0,-38.0
1776887679.8081028,-8.0,-2.0,-40.0
1776887679.8181028,-6.0,0.0,-36.0
1776887679.8281028,0.0,2.0,-41.0
1776887679.8381028,2.0,0.0,-38.0
1776887679.8481028,5.0,-2.0,-37.0
1776887679.8581028,2.0,-3.0,-36.0
1776887679.8681028,0.0,-1.0,-36.0
1776887679.8781028,-3.0,-3.0,-35.0
1776887679.8881028,-5.0,-2.0,-38.0
1776887679.8981028,-2.0,0.0,-32.0
1776887679.9081028,2.0,-2.0,-38.0
1776887679.9181027,0.0,-2.0,-39.0
1776887679.9281027,-3.0,-3.0,-35.0
1776887679.9381027,-6.0,0.0,-38.0
1776887679.9481027,-1.0,2.0,-34.0
1776887679.9581027,0.0,4.0,-36.0
1776887679.9681027,-5.0,4.0,-37.0
1776887679.9781027,0.0,5.0,-29.0
1776887679.988103,3.0,4.0,-28.0
1776887679.998103,1.0,4.0,-36.0
1776887680.008103,1.0,2.0,-40.0
1776887680.0181026,1.0,6.0,-36.0
1776887680.0281026,2.0,5.0,-28.0
1776887680.0381026,-3.0,2.0,-33.0
1776887680.0481029,-3.0,6.0,-30.0
1776887680.0581028,0.0,5.0,-37.0
1776887680.0681028,0.0,6.0,-44.0
1776887680.0781028,-1.0,5.0,-41.0
1776887680.0891027,-4.0,3.0,-39.0
1776887680.0991027,0.0,2.0,-34.0
1776887680.1091027,-1.0,1.0,-41.0
1776887680.1191027,-2.0,-4.0,-41.0
1776887680.1291027,1.0,-3.0,-40.0
1776887680.1391027,0.0,-1.0,-37.0
1776887680.1491027,0.0,-1.0,-38.0
1776887680.159103,2.0,2.0,-42.0
1776887680.169103,2.0,2.0,-38.0
1776887680.179103,3.0,2.0,-40.0
1776887680.1891026,2.0,1.0,-37.0
1776887680.1991026,4.0,-4.0,-37.0
1776887680.2091026,4.0,-4.0,-39.0
1776887680.2191026,0.0,-3.0,-37.0
1776887680.2291028,3.0,-5.0,-34.0
1776887680.2391028,3.0,-4.0,-30.0
1776887680.2491028,2.0,-5.0,-28.0
1776887680.2591028,0.0,-7.0,-28.0
1776887680.2691028,1.0,-4.0,-33.0
1776887680.2791028,-1.0,-1.0,-38.0
1776887680.2891028,-8.0,3.0,-40.0
1776887680.2991028,-7.0,4.0,-38.0
1776887680.3091028,-4.0,-1.0,-36.0
1776887680.3191028,0.0,0.0,-40.0
1776887680.3291028,5.0,0.0,-37.0
1776887680.3391027,4.0,4.0,-31.0
1776887680.3491027,9.0,0.0,-28.0
1776887680.3591027,5.0,-3.0,-34.0
1776887680.3691027,5.0,-1.0,-34.0
1776887680.3791027,5.0,-1.0,-32.0
1776887680.3891027,4.0,0.0,-38.0
1776887680.3991027,3.0,0.0,-43.0
1776887680.409103,5.0,3.0,-40.0
1776887680.419103,8.0,3.0,-38.0
1776887680.429103,13.0,3.0,-50.0
1776887680.4391026,10.0,7.0,-53.0
1776887680.4491026,9.0,6.0,-47.0
1776887680.4591026,4.0,0.0,-35.0
1776887680.4691026,1.0,-2.0,-34.0
1776887680.4791028,1.0,-4.0,-41.0
1776887680.4891028,1.0,1.0,-38.0
1776887680.4991028,3.0,3.0,-42.0
1776887680.5091028,2.0,2.0,-41.0
1776887680.5191028,6.0,2.0,-37.0
1776887680.5291028,6.0,4.0,-39.0
1776887680.5391028,3.0,3.0,-41.0
1776887680.5491028,0.0,5.0,-41.0
1776887680.5591028,-3.0,4.0,-48.0
1776887680.5691028,-3.0,0.0,-38.0
1776887680.5791028,0.0,-1.0,-37.0
1776887680.5891027,-1.0,-2.0,-40.0
1776887680.5991027,-5.0,1.0,-42.0
1776887680.6091027,-8.0,-3.0,-37.0
1776887680.6191027,-10.0,-4.0,-38.0
1776887680.6291027,-2.0,-3.0,-37.0
1776887680.6391027,-2.0,0.0,-32.0
1776887680.6491027,0.0,0.0,-30.0
1776887680.659103,-2.0,-1.0,-34.0
1776887680.669103,-6.0,0.0,-44.0
1776887680.679103,-2.0,-1.0,-36.0
1776887680.6891026,5.0,-3.0,-29.0
1776887680.6991026,7.0,-8.0,-35.0
1776887680.7091026,8.0,-8.0,-34.0
1776887680.7191026,3.0,-7.0,-37.0
1776887680.7291028,0.0,-4.0,-36.0
1776887680.7391028,1.0,-2.0,-35.0
1776887680.7491028,2.0,0.0,-37.0
1776887680.7591028,0.0,-2.0,-31.0
1776887680.7691028,-1.0,-7.0,-32.0
1776887680.7791028,-3.0,-5.0,-39.0
1776887680.7891028,-3.0,-6.0,-41.0
1776887680.7991028,0.0,-1.0,-41.0
1776887680.8091028,0.0,0.0,-31.0
1776887680.8191028,-3.0,3.0,-28.0
1776887680.8291028,-2.0,2.0,-29.0
1776887680.8391027,2.0,0.0,-29.0
1776887680.8491027,5.0,-2.0,-29.0
1776887680.8591027,6.0,0.0,-34.0
1776887680.8691027,7.0,-2.0,-30.0
1776887680.8791027,10.0,-1.0,-35.0
1776887680.8891027,5.0,-3.0,-37.0
1776887680.8991027,0.0,-5.0,-38.0
1776887680.909103,0.0,-3.0,-40.0
1776887680.919103,-1.0,-5.0,-37.0
1776887680.929103,-1.0,-6.0,-31.0
1776887680.9391026,-3.0,-1.0,-29.0
1776887680.9491026,-4.0,1.0,-31.0
1776887680.9591026,-2.0,0.0,-38.0
1776887680.9691026,-2.0,3.0,-41.0
1776887680.9791028,-3.0,4.0,-38.0
1776887680.9891028,-2.0,2.0,-40.0
1776887680.9991028,3.0,-2.0,-44.0
1776887681.0091028,4.0,-2.0,-35.0
1776887681.0191028,3.0,-6.0,-40.0
1776887681.0291028,2.0,-4.0,-46.0
1776887681.0391028,2.0,-3.0,-39.0
1776887681.0491028,0.0,-1.0,-33.0
1776887681.0591028,2.0,1.0,-33.0
1776887681.0691028,4.0,1.0,-31.0
1776887681.0791028,7.0,0.0,-27.0
1776887681.0891027,6.0,-3.0,-24.0
1776887681.0991027,3.0,-2.0,-23.0
1776887681.1091027,0.0,1.0,-24.0
1776887681.1191027,0.0,0.0,-32.0
1776887681.1291027,4.0,-1.0,-32.0
1776887681.1391027,10.0,-2.0,-25.0
1776887681.1491027,9.0,1.0,-26.0
1776887681.159103,7.0,3.0,-25.0
1776887681.169103,9.0,2.0,-23.0
1776887681.179103,8.0,-6.0,-21.0
1776887681.1891026,6.0,-2.0,-27.0
1776887681.1991026,7.0,-1.0,-25.0
1776887681.2091026,9.0,0.0,-23.0
1776887681.2191026,6.0,0.0,-30.0
1776887681.2291028,1.0,-4.0,-34.0
1776887681.2391028,0.0,-8.0,-31.0
1776887681.2491028,0.0,-7.0,-24.0
1776887681.2591028,1.0,-4.0,-22.0
1776887681.2691028,0.0,-2.0,-29.0
1776887681.2791028,0.0,-2.0,-32.0
1776887681.2891028,0.0,-3.0,-27.0
1776887681.2991028,0.0,0.0,-31.0
1776887681.3091028,0.0,1.0,-30.0
1776887681.3191028,-1.0,4.0,-34.0
1776887681.3291028,0.0,4.0,-32.0
1776887681.3391027,3.0,0.0,-31.0
1776887681.3491027,2.0,-2.0,-31.0
1776887681.3591027,3.0,-3.0,-33.0
1776887681.3691027,-5.0,-4.0,-32.0
1776887681.3791027,-3.0,-9.0,-31.0
1776887681.3891027,0.0,-11.0,-29.0
1776887681.3991027,3.0,-10.0,-26.0
1776887681.409103,2.0,-8.0,-27.0
1776887681.419103,7.0,-8.0,-32.0
1776887681.429103,3.0,-8.0,-41.0
1776887681.4391026,2.0,-6.0,-38.0
1776887681.4491026,0.0,-4.0,-39.0
1776887681.4591026,0.0,-4.0,-42.0
1776887681.4691026,4.0,-4.0,-38.0
1776887681.4791028,3.0,-2.0,-38.0
1776887681.4891028,0.0,-3.0,-43.0
1776887681.4991028,1.0,-4.0,-41.0
1776887681.5091028,5.0,-5.0,-42.0
1776887681.5191028,1.0,-2.0,-48.0
1776887681.5291028,-4.0,-5.0,-47.0
1776887681.5391028,-6.0,-4.0,-52.0
1776887681.5491028,-4.0,-6.0,-44.0
1776887681.5591028,-2.0,-8.0,-41.0
1776887681.5691028,-2.0,-11.0,-38.0
1776887681.5791028,-4.0,-11.0,-39.0
1776887681.5891027,-9.0,-13.0,-40.0
1776887681.5991027,-5.0,-12.0,-35.0
1776887681.6091027,-4.0,-7.0,-28.0
1776887681.6191027,-1.0,-6.0,-23.0
1776887681.6291027,1.0,-5.0,-23.0
1776887681.6391027,1.0,-6.0,-29.0
1776887681.6491027,1.0,-6.0,-36.0
1776887681.659103,1.0,-3.0,-37.0
1776887681.669103,1.0,-3.0,-39.0
1776887681.679103,2.0,-5.0,-42.0
1776887681.6891026,1.0,-5.0,-45.0
1776887681.6991026,3.0,-2.0,-43.0
1776887681.7091026,0.0,-3.0,-42.0
1776887681.7191026,1.0,2.0,-43.0
1776887681.7291028,0.0,-2.0,-43.0
1776887681.7391028,1.0,1.0,-44.0
1776887681.7491028,3.0,-1.0,-42.0
1776887681.7591028,6.0,1.0,-39.0
1776887681.7691028,4.0,-4.0,-34.0
1776887681.7791028,9.0,-7.0,-33.0
1776887681.7891028,10.0,-8.0,-35.0
1776887681.7991028,4.0,-8.0,-37.0
1776887681.8091028,-4.0,-7.0,-36.0
1776887681.8191028,-4.0,-7.0,-32.0
1776887681.8291028,0.0,-12.0,-35.0
1776887681.8391027,0.0,-11.0,-32.0
1776887681.8491027,1.0,-6.0,-32.0
1776887681.8591027,5.0,-2.0,-40.0
1776887681.8691027,0.0,-1.0,-34.0
1776887681.8791027,-6.0,0.0,-29.0
1776887681.8891027,-5.0,0.0,-30.0
1776887681.8991027,-5.0,1.0,-31.0
1776887681.909103,-2.0,4.0,-29.0
1776887681.919103,-2.0,3.0,-30.0
1776887681.929103,-3.0,3.0,-37.0
1776887681.9391026,-2.0,4.0,-35.0
1776887681.9491026,0.0,5.0,-29.0
1776887681.9591026,3.0,1.0,-35.0
1776887681.9691026,-1.0,1.0,-33.0
1776887681.9791028,-1.0,1.0,-34.0
1776887681.9891028,2.0,-2.0,-34.0
1776887681.9991028,7.0,-2.0,-33.0
1776887682.0091028,7.0,-3.0,-39.0
1776887682.0191028,9.0,0.0,-38.0
1776887682.0291028,6.0,3.0,-30.0
1776887682.0391028,9.0,2.0,-24.0
1776887682.0491028,8.0,5.0,-33.0
1776887682.0591028,6.0,1.0,-36.0
1776887682.0691028,9.0,1.0,-34.0
1776887682.0791028,8.0,0.0,-37.0
1776887682.090103,9.0,0.0,-36.0
1776887682.0991027,15.0,1.0,-39.0
1776887682.1091027,11.0,2.0,-34.0
1776887682.1201026,9.0,1.0,-31.0
1776887682.1291027,7.0,0.0,-27.0
1776887682.1401026,4.0,-2.0,-30.0
1776887682.1501029,6.0,-5.0,-30.0
1776887682.1601028,0.0,-4.0,-30.0
1776887682.1701028,-2.0,-2.0,-30.0
1776887682.179103,0.0,-3.0,-30.0
1776887682.1901028,1.0,0.0,-37.0
1776887682.2001028,-1.0,0.0,-45.0
1776887682.2101028,-2.0,2.0,-45.0
1776887682.2201028,2.0,2.0,-44.0
1776887682.2301028,3.0,1.0,-40.0
1776887682.2401028,2.0,2.0,-44.0
1776887682.2501028,0.0,4.0,-40.0
1776887682.2601027,0.0,4.0,-40.0
1776887682.2701027,4.0,1.0,-39.0
1776887682.2801027,4.0,0.0,-41.0
1776887682.2901027,2.0,0.0,-40.0
1776887682.3001027,4.0,0.0,-40.0
1776887682.3101027,5.0,1.0,-37.0
1776887682.3201027,0.0,0.0,-36.0
1776887682.3301027,0.0,-3.0,-33.0
1776887682.340103,-1.0,-7.0,-39.0
1776887682.350103,-5.0,-10.0,-39.0
1776887682.360103,0.0,-7.0,-38.0
1776887682.3701026,2.0,-6.0,-38.0
1776887682.3801026,0.0,-10.0,-43.0
1776887682.3901026,3.0,-10.0,-37.0
1776887682.4001029,1.0,-8.0,-39.0
1776887682.4101028,4.0,-3.0,-33.0
1776887682.4201028,7.0,1.0,-33.0
1776887682.4301028,6.0,0.0,-30.0
1776887682.4401028,2.0,0.0,-27.0
1776887682.4501028,-5.0,-1.0,-25.0
1776887682.4601028,-5.0,-3.0,-30.0
1776887682.4701028,-4.0,1.0,-34.0
1776887682.4801028,-2.0,-1.0,-36.0
1776887682.4901028,0.0,-4.0,-34.0
1776887682.5001028,0.0,-6.0,-41.0
1776887682.5101027,2.0,-3.0,-41.0
1776887682.5201027,2.0,-5.0,-45.0
1776887682.5301027,0.0,-1.0,-44.0
1776887682.5401027,-4.0,-2.0,-40.0
1776887682.5501027,-6.0,-4.0,-35.0
1776887682.5601027,0.0,-3.0,-38.0
1776887682.5701027,1.0,-4.0,-34.0
1776887682.5801027,-2.0,-2.0,-41.0
1776887682.590103,-3.0,1.0,-38.0
1776887682.600103,-3.0,0.0,-36.0
1776887682.610103,0.0,-3.0,-36.0
1776887682.6201026,0.0,-6.0,-41.0
1776887682.6301026,2.0,-4.0,-40.0
1776887682.6401026,3.0,0.0,-33.0
1776887682.6501029,3.0,-2.0,-32.0
1776887682.6601028,4.0,-4.0,-37.0
1776887682.6701028,1.0,-2.0,-40.0
1776887682.6801028,2.0,0.0,-38.0
1776887682.6901028,0.0,1.0,-35.0
1776887682.7001028,0.0,0.0,-32.0
1776887682.7101028,-4.0,1.0,-32.0
1776887682.7201028,-7.0,1.0,-36.0
1776887682.7301028,-8.0,3.0,-38.0
1776887682.7401028,-3.0,3.0,-38.0
1776887682.7501028,-3.0,0.0,-37.0
1776887682.7601027,-3.0,2.0,-36.0
1776887682.7701027,-1.0,0.0,-35.0
1776887682.7801027,0.0,-2.0,-44.0
1776887682.7901027,-1.0,1.0,-39.0
1776887682.8001027,5.0,-2.0,-39.0
1776887682.8101027,3.0,1.0,-35.0
1776887682.8201027,2.0,3.0,-42.0
1776887682.8301027,2.0,0.0,-41.0
1776887682.840103,-1.0,0.0,-41.0
1776887682.850103,-2.0,2.0,-40.0
1776887682.860103,0.0,1.0,-33.0
1776887682.8701026,-4.0,0.0,-29.0
1776887682.8801026,-5.0,-1.0,-28.0
1776887682.8901026,-2.0,-3.0,-37.0
1776887682.9001029,3.0,-1.0,-43.0
1776887682.9101028,0.0,1.0,-41.0
1776887682.9201028,-5.0,0.0,-40.0
1776887682.9301028,-11.0,-3.0,-40.0
1776887682.9401028,-14.0,-2.0,-36.0
1776887682.9501028,-11.0,0.0,-40.0
1776887682.9601028,-8.0,-1.0,-34.0
1776887682.9701028,-10.0,0.0,-26.0
1776887682.9801028,-5.0,0.0,-30.0
1776887682.9901028,-4.0,-1.0,-27.0
1776887683.0001028,-3.0,1.0,-29.0
1776887683.0101027,0.0,1.0,-27.0
1776887683.0201027,3.0,-3.0,-25.0
1776887683.0301027,4.0,-4.0,-32.0
1776887683.0401027,1.0,-6.0,-33.0
1776887683.0501027,3.0,-7.0,-35.0
1776887683.0601027,1.0,-6.0,-35.0
1776887683.0701027,0.0,-5.0,-34.0
1776887683.0801027,-4.0,-5.0,-33.0
1776887683.090103,-6.0,0.0,-30.0
1776887683.100103,-6.0,0.0,-28.0
1776887683.110103,-4.0,0.0,-31.0
1776887683.1201026,-6.0,-2.0,-34.0
1776887683.1301026,-9.0,-2.0,-36.0
1776887683.1401026,-8.0,0.0,-35.0
1776887683.1501029,-5.0,-1.0,-41.0
1776887683.1601028,-2.0,0.0,-39.0
1776887683.1701028,-4.0,3.0,-37.0
1776887683.1801028,0.0,4.0,-35.0
1776887683.1901028,5.0,3.0,-40.0
1776887683.2001028,2.0,5.0,-41.0
1776887683.2101028,-1.0,8.0,-41.0
1776887683.2201028,3.0,6.0,-36.0
1776887683.2301028,3.0,7.0,-32.0
1776887683.2401028,3.0,4.0,-35.0
1776887683.2501028,6.0,0.0,-36.0
1776887683.2601027,8.0,-2.0,-35.0
1776887683.2701027,11.0,3.0,-35.0
1776887683.2801027,8.0,4.0,-36.0
1776887683.2901027,7.0,2.0,-37.0
1776887683.3001027,9.0,2.0,-39.0
1776887683.3101027,8.0,0.0,-37.0
1776887683.3201027,9.0,-3.0,-35.0
1776887683.3301027,2.0,-6.0,-35.0
1776887683.340103,3.0,-4.0,-36.0
1776887683.350103,2.0,-1.0,-26.0
1776887683.360103,-3.0,0.0,-29.0
1776887683.3701026,-5.0,0.0,-33.0
1776887683.3801026,-7.0,0.0,-38.0
1776887683.3901026,-6.0,0.0,-34.0
1776887683.4001029,-3.0,0.0,-37.0
1776887683.4101028,2.0,1.0,-37.0
1776887683.4201028,7.0,4.0,-30.0
1776887683.4301028,9.0,3.0,-33.0
1776887683.4401028,11.0,5.0,-33.0
1776887683.4501028,10.0,2.0,-31.0
1776887683.4601028,9.0,-2.0,-28.0
1776887683.4701028,7.0,-5.0,-26.0
1776887683.4801028,3.0,-9.0,-26.0
1776887683.4901028,0.0,-10.0,-26.0
1776887683.5001028,4.0,-5.0,-31.0
1776887683.5101027,3.0,-4.0,-31.0
1776887683.5201027,-1.0,-4.0,-30.0
1776887683.5301027,0.0,-7.0,-34.0
1776887683.5401027,-2.0,-8.0,-32.0
1776887683.5501027,-2.0,-3.0,-40.0
1776887683.5601027,-3.0,-4.0,-44.0
1776887683.5701027,-1.0,0.0,-43.0
1776887683.5801027,-1.0,1.0,-37.0
1776887683.590103,-3.0,0.0,-41.0
1776887683.600103,-2.0,-2.0,-34.0
1776887683.610103,1.0,-2.0,-25.0
1776887683.6201026,-2.0,-4.0,-22.0
1776887683.6301026,-7.0,-7.0,-25.0
1776887683.6401026,-7.0,-11.0,-30.0
1776887683.6501029,-3.0,-12.0,-31.0
1776887683.6601028,3.0,-12.0,-27.0
1776887683.6701028,-1.0,-4.0,-24.0
1776887683.6801028,-2.0,0.0,-26.0
1776887683.6901028,-1.0,0.0,-32.0
1776887683.7001028,4.0,0.0,-37.0
1776887683.7101028,7.0,-3.0,-38.0
1776887683.7201028,4.0,-5.0,-35.0
1776887683.7301028,6.0,-3.0,-34.0
1776887683.7401028,9.0,0.0,-33.0
1776887683.7501028,7.0,-2.0,-34.0
1776887683.7601027,6.0,-4.0,-39.0
1776887683.7701027,5.0,0.0,-35.0
1776887683.7801027,3.0,2.0,-37.0
1776887683.7901027,-2.0,8.0,-45.0
1776887683.8001027,-2.0,7.0,-48.0
1776887683.8101027,-3.0,3.0,-43.0
1776887683.8201027,-8.0,0.0,-45.0
1776887683.8301027,-6.0,2.0,-37.0
1776887683.840103,-10.0,-2.0,-36.0
1776887683.850103,-8.0,-2.0,-35.0
1776887683.860103,-5.0,-2.0,-33.0
1776887683.8701026,-4.0,-2.0,-32.0
1776887683.8801026,-4.0,-3.0,-37.0
1776887683.8901026,-5.0,0.0,-35.0
1776887683.9001029,-5.0,3.0,-42.0
1776887683.9101028,-3.0,3.0,-50.0
1776887683.9201028,0.0,3.0,-49.0
1776887683.9301028,5.0,3.0,-41.0
1776887683.9401028,0.0,-4.0,-42.0
1776887683.9501028,1.0,-5.0,-40.0
1776887683.9601028,3.0,-4.0,-37.0
1776887683.9701028,2.0,-10.0,-27.0
1776887683.9801028,5.0,-7.0,-33.0
1776887683.9901028,3.0,-3.0,-33.0
1776887684.0001028,2.0,-7.0,-34.0
1776887684.0101027,-2.0,-2.0,-42.0
1776887684.0201027,-5.0,1.0,-43.0
1776887684.0301027,-4.0,-5.0,-41.0
1776887684.0401027,-6.0,-8.0,-42.0
1776887684.0501027,-10.0,-5.0,-39.0
1776887684.0601027,-7.0,-3.0,-40.0
1776887684.0701027,-2.0,-6.0,-41.0
1776887684.0811028,2.0,0.0,-35.0
1776887684.0911028,4.0,0.0,-28.0
1776887684.100103,2.0,1.0,-26.0
1776887684.110103,4.0,0.0,-30.0
1776887684.1201026,4.0,-4.0,-35.0
1776887684.1311028,3.0,-4.0,-34.0
1776887684.1411028,-2.0,-9.0,-28.0
1776887684.1511028,-3.0,-9.0,-34.0
1776887684.1611028,0.0,-9.0,-33.0
1776887684.1711028,0.0,-7.0,-33.0
1776887684.1811028,-1.0,-8.0,-37.0
1776887684.1911027,-4.0,-6.0,-39.0
1776887684.2011027,4.0,-3.0,-41.0
1776887684.2111027,3.0,-6.0,-44.0
1776887684.2211027,0.0,-7.0,-48.0
1776887684.2311027,-2.0,-6.0,-45.0
1776887684.2411027,-6.0,-4.0,-42.0
1776887684.2511027,-5.0,-3.0,-42.0
1776887684.261103,0.0,0.0,-41.0
1776887684.271103,0.0,-2.0,-33.0
1776887684.281103,-1.0,-1.0,-40.0
1776887684.2911026,-4.0,-8.0,-38.0
1776887684.3011026,-4.0,-5.0,-33.0
1776887684.3111026,-4.0,-2.0,-31.0
1776887684.3211029,-4.0,0.0,-29.0
1776887684.3311028,-1.0,-5.0,-34.0
1776887684.3411028,3.0,-3.0,-37.0
1776887684.3511028,0.0,2.0,-34.0
1776887684.3611028,-7.0,2.0,-35.0
1776887684.3711028,-6.0,0.0,-32.0
1776887684.3811028,-5.0,1.0,-26.0
1776887684.3911028,0.0,3.0,-28.0
1776887684.4011028,0.0,3.0,-32.0
1776887684.4111028,1.0,6.0,-31.0
1776887684.4211028,4.0,1.0,-29.0
1776887684.4311028,0.0,0.0,-30.0
1776887684.4411027,-2.0,0.0,-31.0
1776887684.4511027,0.0,0.0,-36.0
1776887684.4611027,-1.0,0.0,-37.0
1776887684.4711027,-1.0,2.0,-37.0
1776887684.4811027,-3.0,0.0,-37.0
1776887684.4911027,1.0,-1.0,-38.0
1776887684.5011027,0.0,1.0,-36.0
1776887684.511103,3.0,0.0,-32.0
1776887684.521103,3.0,4.0,-31.0
1776887684.531103,6.0,1.0,-30.0
1776887684.5411026,2.0,0.0,-30.0
1776887684.5511026,6.0,-2.0,-38.0
1776887684.5611026,5.0,-1.0,-43.0
1776887684.5711029,5.0,-1.0,-47.0
1776887684.5811028,3.0,-4.0,-46.0
1776887684.5911028,2.0,-7.0,-49.0
1776887684.6011028,4.0,-5.0,-47.0
1776887684.6111028,4.0,-5.0,-47.0
1776887684.6211028,2.0,-6.0,-38.0
1776887684.6311028,0.0,-3.0,-36.0
1776887684.6411028,1.0,-1.0,-35.0
1776887684.6511028,1.0,-3.0,-32.0
1776887684.6611028,3.0,-3.0,-31.0
1776887684.6711028,-1.0,-1.0,-34.0
1776887684.6811028,0.0,0.0,-33.0
1776887684.6911027,1.0,0.0,-36.0
1776887684.7011027,-2.0,0.0,-36.0
1776887684.7111027,0.0,2.0,-42.0
1776887684.7211027,-6.0,4.0,-42.0
1776887684.7311027,-8.0,3.0,-32.0
1776887684.7411027,-2.0,4.0,-36.0
1776887684.7511027,4.0,5.0,-37.0
1776887684.761103,-2.0,1.0,-28.0
1776887684.771103,-1.0,1.0,-22.0
1776887684.781103,0.0,2.0,-24.0
1776887684.7911026,-3.0,3.0,-29.0
1776887684.8011026,-3.0,5.0,-33.0
1776887684.8111026,-2.0,5.0,-29.0
1776887684.8211029,-1.0,6.0,-32.0
1776887684.8311028,-3.0,5.0,-31.0
1776887684.8411028,1.0,3.0,-34.0
1776887684.8511028,3.0,1.0,-34.0
1776887684.8611028,2.0,-3.0,-33.0
1776887684.8711028,4.0,-2.0,-30.0
1776887684.8811028,4.0,-2.0,-26.0
1776887684.8911028,0.0,-10.0,-24.0
1776887684.9011028,-1.0,-11.0,-20.0
1776887684.9111028,-1.0,-13.0,-20.0
1776887684.9211028,-2.0,-8.0,-30.0
1776887684.9311028,0.0,-4.0,-31.0
1776887684.9411027,-3.0,-4.0,-35.0
1776887684.9511027,0.0,0.0,-34.0
1776887684.9611027,0.0,-3.0,-33.0
1776887684.9711027,4.0,-4.0,-31.0
1776887684.9811027,3.0,-8.0,-37.0
1776887684.9911027,2.0,-7.0,-40.0
1776887685.0011027,2.0,-5.0,-39.0
1776887685.011103,3.0,-2.0,-37.0
1776887685.021103,6.0,-5.0,-37.0
1776887685.031103,6.0,-3.0,-34.0
1776887685.0411026,4.0,0.0,-30.0
1776887685.0511026,2.0,0.0,-31.0
1776887685.0611026,2.0,-2.0,-32.0
1776887685.0711029,0.0,0.0,-33.0
1776887685.0811028,0.0,-2.0,-35.0
1776887685.0911028,2.0,-3.0,-30.0
1776887685.1011028,2.0,-1.0,-21.0
1776887685.1111028,1.0,-2.0,-24.0
1776887685.1211028,4.0,1.0,-30.0
1776887685.1311028,2.0,0.0,-33.0
1776887685.1411028,3.0,-1.0,-33.0
1776887685.1511028,1.0,-2.0,-29.0
1776887685.1611028,0.0,-3.0,-29.0
1776887685.1711028,-2.0,1.0,-29.0
1776887685.1811028,-3.0,0.0,-32.0
1776887685.1911027,-4.0,0.0,-32.0
1776887685.2011027,1.0,0.0,-34.0
1776887685.2111027,1.0,1.0,-35.0
1776887685.2211027,0.0,3.0,-28.0
1776887685.2311027,0.0,1.0,-30.0
1776887685.2411027,-2.0,3.0,-38.0
1776887685.2511027,-2.0,1.0,-34.0
1776887685.261103,3.0,-2.0,-40.0
1776887685.271103,2.0,-4.0,-41.0
1776887685.281103,0.0,-9.0,-38.0
1776887685.2911026,0.0,-11.0,-41.0
1776887685.3011026,0.0,-9.0,-44.0
1776887685.3111026,0.0,-8.0,-45.0
1776887685.3211029,-4.0,-5.0,-48.0
1776887685.3311028,-2.0,-8.0,-47.0
1776887685.3411028,-1.0,-8.0,-45.0
1776887685.3511028,-1.0,-8.0,-34.0
1776887685.3611028,-1.0,-3.0,-36.0
1776887685.3711028,-7.0,-1.0,-37.0
1776887685.3811028,-7.0,-2.0,-32.0
1776887685.3911028,-9.0,-4.0,-34.0
1776887685.4011028,-7.0,-4.0,-37.0
1776887685.4111028,-7.0,-5.0,-40.0
1776887685.4211028,-5.0,-1.0,-32.0
1776887685.4311028,-5.0,-1.0,-35.0
1776887685.4411027,-3.0,1.0,-35.0
1776887685.4511027,-1.0,0.0,-39.0
1776887685.4611027,-2.0,3.0,-36.0
1776887685.4711027,-1.0,1.0,-28.0
1776887685.4811027,0.0,-2.0,-28.0
1776887685.4911027,-5.0,-5.0,-33.0
1776887685.5011027,-2.0,-4.0,-40.0
1776887685.511103,-2.0,-5.0,-37.0
1776887685.521103,0.0,-5.0,-39.0
1776887685.531103,4.0,-7.0,-38.0
1776887685.5411026,0.0,-7.0,-34.0
1776887685.5511026,2.0,-6.0,-32.0
1776887685.5611026,1.0,-5.0,-34.0
1776887685.5711029,-4.0,-1.0,-41.0
1776887685.5811028,0.0,-3.0,-41.0
1776887685.5911028,2.0,-8.0,-33.0
1776887685.6011028,3.0,-6.0,-31.0
1776887685.6111028,4.0,-3.0,-29.0
1776887685.6211028,2.0,-7.0,-33.0
1776887685.6311028,3.0,-3.0,-33.0
1776887685.6411028,6.0,-2.0,-29.0
1776887685.6511028,3.0,-4.0,-23.0
1776887685.6611028,3.0,1.0,-31.0
1776887685.6711028,1.0,0.0,-37.0
1776887685.6811028,-1.0,1.0,-36.0
1776887685.6911027,-2.0,3.0,-38.0
1776887685.702103,-1.0,4.0,-35.0
1776887685.7111027,-2.0,1.0,-42.0
1776887685.7211027,-5.0,0.0,-46.0
1776887685.7311027,0.0,2.0,-42.0
1776887685.7411027,1.0,-3.0,-42.0
1776887685.7511027,-4.0,-4.0,-37.0
1776887685.761103,-5.0,-3.0,-45.0
1776887685.771103,-9.0,-1.0,-40.0
1776887685.781103,-7.0,-3.0,-35.0
1776887685.7911026,-5.0,-3.0,-36.0
1776887685.8011026,-4.0,-3.0,-34.0
1776887685.8111026,-3.0,-2.0,-27.0
1776887685.8211029,-3.0,-3.0,-20.0
1776887685.8311028,-1.0,-3.0,-20.0
1776887685.8411028,-3.0,-2.0,-24.0
1776887685.8511028,-3.0,-11.0,-25.0
1776887685.8611028,0.0,-9.0,-25.0
1776887685.8711028,-3.0,-7.0,-25.0
1776887685.8811028,-6.0,-10.0,-28.0
1776887685.8911028,-2.0,-5.0,-31.0
1776887685.9011028,0.0,0.0,-34.0
1776887685.9111028,4.0,-2.0,-32.0
1776887685.9211028,0.0,-1.0,-43.0
1776887685.9311028,2.0,-2.0,-47.0
1776887685.9411027,4.0,-8.0,-44.0
1776887685.9511027,4.0,-7.0,-38.0
1776887685.9611027,4.0,-6.0,-40.0
1776887685.9711027,4.0,-4.0,-35.0
1776887685.9811027,8.0,-1.0,-39.0
1776887685.9911027,5.0,0.0,-36.0
1776887686.0011027,7.0,0.0,-39.0
1776887686.011103,9.0,0.0,-38.0
1776887686.021103,10.0,4.0,-44.0
1776887686.031103,9.0,5.0,-43.0
1776887686.0411026,9.0,3.0,-42.0
1776887686.0511026,10.0,1.0,-39.0
1776887686.0611026,11.0,6.0,-36.0
1776887686.0711029,4.0,3.0,-36.0
1776887686.0821028,2.0,1.0,-36.0
1776887686.0911028,2.0,-1.0,-39.0
1776887686.1021028,2.0,-5.0,-34.0
1776887686.1121027,0.0,-4.0,-34.0
1776887686.1211028,0.0,-3.0,-42.0
1776887686.1311028,5.0,-5.0,-48.0
1776887686.1421027,6.0,-4.0,-45.0
1776887686.1521027,5.0,-2.0,-45.0
1776887686.1621027,8.0,0.0,-41.0
1776887686.1711028,11.0,-3.0,-40.0
1776887686.182103,10.0,-4.0,-38.0
1776887686.192103,4.0,-1.0,-35.0
1776887686.202103,2.0,1.0,-34.0
1776887686.212103,2.0,0.0,-35.0
1776887686.2221026,-2.0,-3.0,-29.0
1776887686.2321026,0.0,1.0,-30.0
1776887686.2421026,3.0,0.0,-36.0
1776887686.2521029,-3.0,-4.0,-36.0
1776887686.2621028,-8.0,-2.0,-33.0
1776887686.2721028,-8.0,0.0,-32.0
1776887686.2821028,-3.0,3.0,-38.0
1776887686.2921028,-3.0,3.0,-41.0
1776887686.3021028,0.0,1.0,-40.0
1776887686.3121028,2.0,2.0,-39.0
1776887686.3221028,-5.0,0.0,-43.0
1776887686.3321028,-5.0,-4.0,-38.0
1776887686.3421028,-3.0,-3.0,-44.0
1776887686.3521028,0.0,-5.0,-40.0
1776887686.3621027,1.0,-5.0,-48.0
1776887686.3721027,4.0,-3.0,-43.0
1776887686.3821027,5.0,0.0,-42.0
1776887686.3921027,7.0,0.0,-43.0
1776887686.4021027,7.0,-3.0,-40.0
1776887686.4121027,3.0,2.0,-34.0
1776887686.4221027,3.0,2.0,-34.0
1776887686.432103,1.0,2.0,-35.0
1776887686.442103,3.0,2.0,-34.0
1776887686.452103,6.0,4.0,-36.0
1776887686.462103,8.0,1.0,-37.0
1776887686.4721026,5.0,1.0,-35.0
1776887686.4821026,3.0,0.0,-35.0
1776887686.4921026,5.0,-3.0,-35.0
1776887686.5021029,4.0,-3.0,-36.0
1776887686.5121028,7.0,-4.0,-38.0
1776887686.5221028,7.0,-1.0,-40.0
1776887686.5321028,0.0,0.0,-33.0
1776887686.5421028,-1.0,0.0,-34.0
1776887686.5521028,1.0,0.0,-31.0
1776887686.5621028,1.0,3.0,-34.0
1776887686.5721028,2.0,3.0,-36.0
1776887686.5821028,3.0,4.0,-32.0
1776887686.5921028,0.0,0.0,-31.0
1776887686.6021028,0.0,1.0,-30.0
1776887686.6121027,4.0,4.0,-22.0
1776887686.6221027,-1.0,6.0,-21.0
1776887686.6321027,0.0,0.0,-23.0
1776887686.6421027,5.0,-5.0,-25.0
1776887686.6521027,1.0,-3.0,-30.0
1776887686.6621027,0.0,0.0,-35.0
1776887686.6721027,0.0,0.0,-38.0
1776887686.682103,-1.0,2.0,-37.0
1776887686.692103,-1.0,3.0,-31.0
1776887686.702103,-6.0,0.0,-27.0
1776887686.712103,-2.0,0.0,-27.0
1776887686.7221026,-5.0,-2.0,-25.0
1776887686.7321026,-2.0,0.0,-26.0
1776887686.7421026,-5.0,-1.0,-26.0
1776887686.7521029,-1.0,-2.0,-25.0
1776887686.7621028,0.0,-3.0,-28.0
1776887686.7721028,4.0,-3.0,-38.0
1776887686.7821028,3.0,-4.0,-43.0
1776887686.7921028,3.0,-3.0,-44.0
1776887686.8021028,0.0,-4.0,-48.0
1776887686.8121028,-1.0,-5.0,-43.0
1776887686.8221028,1.0,-10.0,-40.0
1776887686.8321028,5.0,-9.0,-37.0
1776887686.8421028,7.0,-8.0,-43.0
1776887686.8521028,9.0,-6.0,-40.0
1776887686.8621027,4.0,-6.0,-41.0
1776887686.8721027,4.0,-5.0,-41.0
1776887686.8821027,5.0,-1.0,-37.0
1776887686.8921027,7.0,0.0,-43.0
1776887686.9021027,3.0,0.0,-39.0
1776887686.9121027,-2.0,-2.0,-37.0
1776887686.9221027,-1.0,0.0,-34.0
1776887686.932103,0.0,0.0,-27.0
1776887686.942103,0.0,-1.0,-34.0
1776887686.952103,-4.0,2.0,-33.0
1776887686.962103,-1.0,4.0,-36.0
1776887686.9721026,-2.0,3.0,-39.0
1776887686.9821026,-2.0,2.0,-38.0
1776887686.9921026,-5.0,5.0,-46.0
1776887687.0021029,-9.0,1.0,-40.0
1776887687.0121028,-8.0,0.0,-40.0
1776887687.0221028,-4.0,4.0,-40.0
1776887687.0321028,-4.0,3.0,-35.0
1776887687.0421028,-8.0,-2.0,-31.0
1776887687.0521028,-1.0,0.0,-24.0
1776887687.0621028,-1.0,-1.0,-13.0
1776887687.0721028,0.0,0.0,-10.0
1776887687.0821028,0.0,-2.0,-15.0
1776887687.0921028,0.0,-3.0,-21.0
1776887687.1021028,-2.0,-2.0,-21.0
1776887687.1121027,-1.0,-1.0,-25.0
1776887687.1221027,1.0,-6.0,-26.0
1776887687.1321027,2.0,-7.0,-33.0
1776887687.1421027,1.0,-9.0,-35.0
1776887687.1521027,0.0,-11.0,-35.0
1776887687.1621027,6.0,-8.0,-31.0
1776887687.1721027,4.0,-8.0,-30.0
1776887687.182103,8.0,-4.0,-32.0
1776887687.192103,10.0,-3.0,-33.0
1776887687.202103,8.0,-5.0,-34.0
1776887687.212103,4.0,-3.0,-34.0
1776887687.2221026,4.0,-4.0,-33.0
1776887687.2321026,2.0,-4.0,-32.0
1776887687.2421026,4.0,-1.0,-33.0
1776887687.2521029,3.0,0.0,-29.0
1776887687.2621028,-1.0,-2.0,-33.0
1776887687.2721028,-1.0,-2.0,-35.0
1776887687.2821028,-3.0,-6.0,-33.0
1776887687.2921028,1.0,-4.0,-37.0
1776887687.3021028,1.0,-1.0,-31.0
1776887687.3121028,3.0,-3.0,-34.0
1776887687.3221028,0.0,0.0,-32.0
1776887687.3321028,-2.0,4.0,-29.0
1776887687.3421028,-2.0,4.0,-34.0
1776887687.3521028,0.0,0.0,-38.0
1776887687.3621027,1.0,-1.0,-35.0
1776887687.3721027,-1.0,-5.0,-37.0
1776887687.3821027,0.0,-4.0,-38.0
1776887687.3921027,-1.0,-1.0,-44.0
1776887687.4021027,-3.0,0.0,-44.0
1776887687.4121027,-2.0,0.0,-39.0
1776887687.4221027,-3.0,-4.0,-34.0
1776887687.432103,-1.0,-1.0,-37.0
1776887687.442103,-3.0,0.0,-44.0
1776887687.452103,-1.0,4.0,-40.0
1776887687.462103,1.0,2.0,-33.0
1776887687.4721026,-1.0,0.0,-33.0
1776887687.4821026,-1.0,0.0,-27.0
1776887687.4921026,-2.0,0.0,-29.0
1776887687.5021029,1.0,0.0,-27.0
1776887687.5121028,0.0,1.0,-23.0
1776887687.5221028,-2.0,3.0,-23.0
1776887687.5321028,1.0,4.0,-28.0
1776887687.5421028,0.0,-1.0,-29.0
1776887687.5521028,-1.0,-2.0,-33.0
1776887687.5621028,0.0,-1.0,-42.0
1776887687.5721028,-1.0,1.0,-44.0
1776887687.5821028,-2.0,4.0,-45.0
1776887687.5921028,-4.0,3.0,-47.0
1776887687.6021028,-3.0,3.0,-46.0
1776887687.6121027,-4.0,2.0,-41.0
1776887687.6221027,0.0,0.0,-41.0
1776887687.6321027,-3.0,-3.0,-44.0
1776887687.6421027,-2.0,-2.0,-43.0
1776887687.6521027,-3.0,-3.0,-42.0
1776887687.6621027,-2.0,-2.0,-39.0
1776887687.6721027,0.0,0.0,-43.0
1776887687.682103,-1.0,0.0,-45.0
1776887687.692103,2.0,-1.0,-43.0
1776887687.702103,3.0,-3.0,-44.0
1776887687.712103,2.0,-8.0,-36.0
1776887687.7221026,3.0,-4.0,-28.0
1776887687.7321026,3.0,0.0,-23.0
1776887687.7421026,7.0,1.0,-29.0
1776887687.7521029,5.0,0.0,-32.0
1776887687.7621028,3.0,0.0,-32.0
1776887687.7721028,4.0,1.0,-28.0
1776887687.7821028,0.0,2.0,-22.0
1776887687.7921028,0.0,1.0,-25.0
1776887687.8021028,0.0,0.0,-26.0
1776887687.8121028,-5.0,-6.0,-31.0
1776887687.8221028,-7.0,-5.0,-33.0
1776887687.8321028,-6.0,-2.0,-32.0
1776887687.8421028,-4.0,-4.0,-37.0
1776887687.8521028,-6.0,-1.0,-36.0
1776887687.8621027,-4.0,-4.0,-33.0
1776887687.8721027,-3.0,-1.0,-36.0
1776887687.8821027,0.0,-3.0,-32.0
1776887687.8921027,0.0,-3.0,-33.0
1776887687.9021027,1.0,1.0,-30.0
1776887687.9121027,0.0,0.0,-28.0
1776887687.9221027,4.0,-4.0,-32.0
1776887687.932103,5.0,-4.0,-37.0
1776887687.942103,5.0,-7.0,-35.0
1776887687.952103,4.0,-3.0,-39.0
1776887687.962103,0.0,-3.0,-39.0
1776887687.9721026,0.0,-4.0,-43.0
1776887687.9821026,0.0,-3.0,-45.0
1776887687.9921026,0.0,-3.0,-43.0
1776887688.0021029,0.0,-4.0,-44.0
1776887688.0121028,1.0,-2.0,-40.0
1776887688.0221028,-1.0,0.0,-45.0
1776887688.0321028,-1.0,0.0,-38.0
1776887688.0421028,-8.0,-2.0,-39.0
1776887688.0521028,-8.0,-7.0,-38.0
1776887688.0621028,-7.0,-5.0,-29.0
1776887688.0721028,-7.0,-8.0,-31.0
1776887688.0831027,-4.0,-6.0,-30.0
1776887688.0921028,-6.0,-2.0,-34.0
1776887688.1031027,-7.0,-7.0,-34.0
1776887688.113103,-7.0,-5.0,-35.0
1776887688.123103,-5.0,-5.0,-32.0
1776887688.133103,-9.0,-7.0,-28.0
1776887688.1431026,-7.0,-6.0,-27.0
1776887688.1531026,-5.0,-7.0,-32.0
1776887688.1631026,-1.0,-5.0,-35.0
1776887688.1731029,2.0,-3.0,-35.0
1776887688.1831028,8.0,-1.0,-40.0
1776887688.1931028,5.0,-2.0,-40.0
1776887688.2031028,3.0,-3.0,-38.0
1776887688.2131028,1.0,-4.0,-36.0
1776887688.2231028,-1.0,-4.0,-37.0
1776887688.2331028,1.0,0.0,-40.0
1776887688.2431028,2.0,2.0,-39.0
1776887688.2531028,2.0,0.0,-39.0
1776887688.2631028,2.0,0.0,-39.0
1776887688.2731028,0.0,0.0,-41.0
1776887688.2831028,-4.0,-1.0,-38.0
1776887688.2931027,-4.0,-2.0,-32.0
1776887688.3031027,-4.0,-3.0,-37.0
1776887688.3131027,-4.0,-4.0,-41.0
1776887688.3231027,1.0,-2.0,-42.0
1776887688.3331027,3.0,1.0,-38.0
1776887688.3431027,1.0,5.0,-34.0
1776887688.3531027,2.0,6.0,-32.0
1776887688.363103,-1.0,7.0,-36.0
1776887688.373103,-8.0,3.0,-32.0
1776887688.383103,-8.0,3.0,-32.0
1776887688.3931026,-4.0,2.0,-36.0
1776887688.4031026,0.0,0.0,-41.0
1776887688.4131026,0.0,5.0,-41.0
1776887688.4231029,1.0,2.0,-39.0
1776887688.4331028,-1.0,1.0,-39.0
1776887688.4431028,1.0,2.0,-32.0
1776887688.4531028,4.0,7.0,-35.0
1776887688.4631028,2.0,7.0,-30.0
1776887688.4731028,2.0,7.0,-31.0
1776887688.4831028,-2.0,8.0,-35.0
1776887688.4931028,-4.0,2.0,-30.0
1776887688.5031028,-5.0,2.0,-34.0
1776887688.5131028,-4.0,-3.0,-37.0
1776887688.5231028,-7.0,0.0,-34.0
1776887688.5331028,-6.0,0.0,-38.0
1776887688.5431027,-7.0,5.0,-35.0
1776887688.5531027,1.0,5.0,-33.0
1776887688.5631027,0.0,2.0,-35.0
1776887688.5731027,0.0,-1.0,-38.0
1776887688.5831027,-2.0,-3.0,-37.0
1776887688.5931027,0.0,0.0,-39.0
1776887688.6031027,1.0,2.0,-40.0
1776887688.613103,1.0,2.0,-35.0
1776887688.623103,2.0,2.0,-31.0
1776887688.633103,5.0,-1.0,-31.0
1776887688.6431026,0.0,-6.0,-35.0
1776887688.6531026,-3.0,-2.0,-40.0
1776887688.6631026,-4.0,-1.0,-41.0
1776887688.6731029,0.0,-2.0,-39.0
1776887688.6831028,-4.0,-3.0,-38.0
1776887688.6931028,-5.0,0.0,-33.0
1776887688.7031028,-8.0,-3.0,-33.0
1776887688.7131028,-4.0,-1.0,-33.0
1776887688.7231028,-3.0,0.0,-32.0
1776887688.7331028,0.0,0.0,-31.0
1776887688.7431028,-1.0,1.0,-36.0
1776887688.7531028,-2.0,-3.0,-29.0
1776887688.7631028,0.0,-2.0,-29.0
1776887688.7731028,3.0,0.0,-38.0
1776887688.7831028,3.0,1.0,-39.0
1776887688.7931027,1.0,4.0,-39.0
1776887688.8031027,2.0,2.0,-41.0
1776887688.8131027,4.0,0.0,-41.0
1776887688.8231027,3.0,-1.0,-42.0
1776887688.8331027,3.0,-3.0,-37.0
1776887688.8431027,0.0,-1.0,-33.0
1776887688.8531027,1.0,1.0,-39.0
1776887688.863103,2.0,0.0,-35.0
1776887688.873103,0.0,-3.0,-28.0
1776887688.883103,-3.0,-7.0,-32.0
1776887688.8931026,0.0,-7.0,-41.0
1776887688.9031026,0.0,-7.0,-38.0
1776887688.9131026,0.0,-9.0,-37.0
1776887688.9231029,0.0,-8.0,-41.0
1776887688.9331028,-2.0,-4.0,-39.0
1776887688.9431028,-2.0,-3.0,-40.0
1776887688.9531028,0.0,-1.0,-36.0
1776887688.9631028,0.0,-2.0,-33.0
1776887688.9731028,2.0,-4.0,-32.0
1776887688.9831028,-4.0,0.0,-39.0
1776887688.9931028,-6.0,1.0,-40.0
1776887689.0031028,-2.0,0.0,-41.0
1776887689.0131028,1.0,-3.0,-38.0
1776887689.0231028,2.0,-4.0,-38.0
1776887689.0331028,6.0,-4.0,-30.0
1776887689.0431027,1.0,-5.0,-35.0
1776887689.0531027,0.0,-1.0,-34.0
1776887689.0631027,-3.0,0.0,-29.0
1776887689.0731027,-1.0,0.0,-27.0
1776887689.0831027,0.0,2.0,-25.0
1776887689.0931027,-3.0,0.0,-35.0
1776887689.1031027,-6.0,1.0,-45.0
1776887689.113103,-6.0,4.0,-41.0
1776887689.123103,-2.0,3.0,-40.0
1776887689.133103,1.0,1.0,-40.0
1776887689.1431026,2.0,-4.0,-45.0
1776887689.1531026,6.0,-3.0,-46.0
1776887689.1631026,6.0,-1.0,-46.0
1776887689.1731029,4.0,0.0,-42.0
1776887689.1831028,3.0,-2.0,-41.0
1776887689.1931028,8.0,-5.0,-31.0
1776887689.2031028,5.0,-4.0,-35.0
1776887689.2131028,7.0,-5.0,-39.0
1776887689.2231028,0.0,-9.0,-40.0
1776887689.2331028,4.0,-11.0,-39.0
1776887689.2431028,5.0,-11.0,-42.0
1776887689.2531028,4.0,-9.0,-36.0
1776887689.2631028,7.0,-9.0,-31.0
1776887689.2731028,6.0,-7.0,-31.0
1776887689.2831028,6.0,-5.0,-39.0
1776887689.2931027,5.0,-4.0,-40.0
1776887689.3031027,6.0,-1.0,-38.0
1776887689.3131027,12.0,-1.0,-44.0
1776887689.3231027,7.0,-4.0,-45.0
1776887689.3331027,5.0,-4.0,-46.0
1776887689.3431027,2.0,-4.0,-46.0
1776887689.3531027,0.0,0.0,-48.0
1776887689.363103,2.0,-2.0,-40.0
1776887689.373103,1.0,-2.0,-32.0
1776887689.383103,3.0,-1.0,-31.0
1776887689.3931026,2.0,-1.0,-34.0
1776887689.4031026,1.0,1.0,-29.0
1776887689.4131026,1.0,-1.0,-30.0
1776887689.4231029,0.0,0.0,-34.0
1776887689.4331028,0.0,-3.0,-35.0
1776887689.4431028,3.0,0.0,-34.0
1776887689.4531028,1.0,-3.0,-32.0
1776887689.4631028,1.0,-4.0,-34.0
1776887689.4731028,0.0,-2.0,-32.0
1776887689.4831028,0.0,-2.0,-31.0
1776887689.4931028,0.0,0.0,-26.0
1776887689.5031028,1.0,-1.0,-32.0
1776887689.5131028,1.0,-1.0,-39.0
1776887689.5231028,3.0,-1.0,-37.0
1776887689.5331028,5.0,0.0,-33.0
1776887689.5431027,2.0,-2.0,-37.0
1776887689.5531027,7.0,2.0,-44.0
1776887689.5631027,5.0,2.0,-43.0
1776887689.5731027,2.0,0.0,-44.0
1776887689.5831027,0.0,-2.0,-43.0
1776887689.5931027,0.0,-4.0,-39.0
1776887689.6031027,6.0,-5.0,-36.0
1776887689.613103,3.0,-7.0,-36.0
1776887689.623103,0.0,-1.0,-33.0
1776887689.633103,-4.0,-2.0,-36.0
1776887689.6431026,-1.0,-3.0,-36.0
1776887689.6531026,-2.0,-3.0,-38.0
1776887689.6631026,-1.0,-4.0,-35.0
1776887689.6731029,1.0,-5.0,-37.0
1776887689.6831028,2.0,-6.0,-37.0
1776887689.6931028,0.0,-11.0,-37.0
1776887689.7031028,-2.0,-10.0,-38.0
1776887689.7131028,-2.0,-8.0,-41.0
1776887689.7231028,-3.0,-5.0,-39.0
1776887689.7331028,-1.0,-5.0,-37.0
1776887689.7431028,1.0,-5.0,-36.0
1776887689.7531028,1.0,-5.0,-41.0
1776887689.7631028,0.0,-11.0,-41.0
1776887689.7731028,4.0,-9.0,-39.0
1776887689.7831028,2.0,-6.0,-34.0
1776887689.7931027,0.0,-5.0,-30.0
1776887689.8031027,-3.0,-3.0,-29.0
1776887689.8131027,-3.0,-3.0,-26.0
1776887689.8231027,-1.0,3.0,-43.0
1776887689.8331027,-2.0,0.0,-41.0
1776887689.8431027,0.0,-1.0,-36.0
1776887689.8531027,0.0,0.0,-39.0
1776887689.863103,-1.0,1.0,-34.0
1776887689.873103,-2.0,0.0,-34.0
1776887689.883103,2.0,0.0,-35.0
1776887689.8931026,2.0,-5.0,-37.0
1776887689.9031026,0.0,-7.0,-38.0
1776887689.9131026,-5.0,-7.0,-39.0
1776887689.9231029,-3.0,-10.0,-43.0
1776887689.9331028,0.0,-7.0,-47.0
1776887689.9431028,0.0,-2.0,-49.0
1776887689.9531028,1.0,-2.0,-42.0
1776887689.9631028,2.0,-1.0,-41.0
1776887689.9731028,2.0,-6.0,-39.0
1776887689.9831028,3.0,-2.0,-38.0
1776887689.9931028,3.0,-3.0,-41.0
1776887690.0031028,0.0,-5.0,-42.0
1776887690.0131028,-2.0,-3.0,-39.0
1776887690.0231028,-6.0,0.0,-42.0
1776887690.0331028,-5.0,4.0,-40.0
1776887690.0431027,-8.0,1.0,-42.0
1776887690.0531027,-4.0,0.0,-43.0
1776887690.0631027,0.0,0.0,-50.0
1776887690.0731027,0.0,-2.0,-44.0
1776887690.0831027,4.0,-5.0,-43.0
1776887690.0931027,2.0,-5.0,-36.0
1776887690.1031027,-3.0,-6.0,-35.0
1776887690.1141028,-12.0,-5.0,-38.0
1776887690.1241028,-8.0,-3.0,-39.0
1776887690.133103,-8.0,-3.0,-37.0
1776887690.1441028,-9.0,2.0,-39.0
1776887690.1541028,-7.0,5.0,-40.0
1776887690.1641028,-4.0,1.0,-44.0
1776887690.1741028,-1.0,4.0,-43.0
1776887690.1841028,0.0,4.0,-41.0
1776887690.1941028,1.0,2.0,-44.0
1776887690.2041028,6.0,2.0,-43.0
1776887690.2141027,8.0,3.0,-48.0
1776887690.2241027,4.0,0.0,-52.0
1776887690.2341027,2.0,-5.0,-49.0
1776887690.2441027,3.0,-5.0,-43.0
1776887690.2541027,3.0,-3.0,-38.0
1776887690.2641027,2.0,-3.0,-34.0
1776887690.2741027,0.0,-3.0,-37.0
1776887690.284103,-3.0,-5.0,-34.0
1776887690.294103,-6.0,-6.0,-32.0
1776887690.304103,-4.0,-4.0,-42.0
1776887690.3141026,-3.0,0.0,-52.0
1776887690.3241026,0.0,1.0,-49.0
1776887690.3341026,-1.0,-2.0,-49.0
1776887690.3441026,0.0,-2.0,-38.0
1776887690.3541028,0.0,-3.0,-35.0
1776887690.3641028,0.0,-3.0,-39.0
1776887690.3741028,-2.0,-5.0,-45.0
1776887690.3841028,0.0,-6.0,-50.0
1776887690.3941028,4.0,-9.0,-49.0
1776887690.4041028,6.0,-8.0,-48.0
1776887690.4141028,4.0,-5.0,-48.0
1776887690.4241028,3.0,-7.0,-42.0
1776887690.4341028,0.0,-4.0,-42.0
1776887690.4441028,-2.0,0.0,-43.0
1776887690.4541028,-4.0,0.0,-46.0
1776887690.4641027,-3.0,-1.0,-45.0
1776887690.4741027,-4.0,1.0,-48.0
1776887690.4841027,0.0,2.0,-47.0
1776887690.4941027,0.0,0.0,-39.0
1776887690.5041027,0.0,0.0,-37.0
1776887690.5151026,1.0,4.0,-38.0
1776887690.5241027,3.0,0.0,-35.0
1776887690.534103,2.0,2.0,-41.0
1776887690.544103,0.0,2.0,-39.0
1776887690.554103,-3.0,0.0,-40.0
1776887690.5641026,-2.0,0.0,-36.0
1776887690.5741026,-5.0,0.0,-34.0
1776887690.5841026,-5.0,1.0,-30.0
1776887690.5941026,-5.0,1.0,-28.0
1776887690.6041028,0.0,-1.0,-28.0
1776887690.6141028,0.0,0.0,-34.0
1776887690.6241028,3.0,0.0,-37.0
1776887690.6341028,-1.0,-4.0,-42.0
1776887690.6441028,0.0,-5.0,-45.0
1776887690.6541028,-1.0,-6.0,-43.0
1776887690.6641028,-3.0,-2.0,-44.0
1776887690.6741028,0.0,0.0,-45.0
1776887690.6841028,5.0,-2.0,-52.0
1776887690.6941028,1.0,0.0,-50.0
1776887690.7041028,0.0,0.0,-39.0
1776887690.7141027,2.0,2.0,-37.0
1776887690.7241027,2.0,3.0,-35.0
1776887690.7341027,2.0,3.0,-42.0
1776887690.7441027,-2.0,-1.0,-37.0
1776887690.7541027,-2.0,2.0,-35.0
1776887690.7641027,-5.0,0.0,-37.0
1776887690.7741027,-7.0,-3.0,-43.0
1776887690.784103,-6.0,0.0,-39.0
1776887690.794103,-2.0,-4.0,-39.0
1776887690.804103,-5.0,-8.0,-35.0
1776887690.8141026,-3.0,-10.0,-27.0
1776887690.8241026,-6.0,-8.0,-30.0
1776887690.8341026,-3.0,-7.0,-34.0
1776887690.8441026,-5.0,-6.0,-35.0
1776887690.8541028,-10.0,-1.0,-32.0
1776887690.8641028,-7.0,-2.0,-36.0
1776887690.8741028,-4.0,-1.0,-39.0
1776887690.8841028,-2.0,-4.0,-44.0
1776887690.8941028,0.0,-3.0,-47.0
1776887690.9041028,-1.0,1.0,-50.0
1776887690.9141028,-5.0,1.0,-50.0
1776887690.9241028,-3.0,-1.0,-45.0
1776887690.9341028,-2.0,-1.0,-48.0
1776887690.9441028,-1.0,-1.0,-47.0
1776887690.9541028,-6.0,-3.0,-43.0
1776887690.9641027,0.0,-3.0,-44.0
1776887690.9741027,0.0,-2.0,-46.0
1776887690.9841027,2.0,-1.0,-51.0
1776887690.9941027,6.0,-4.0,-48.0
1776887691.0041027,2.0,-3.0,-45.0
1776887691.0141027,3.0,-2.0,-41.0
1776887691.0241027,0.0,2.0,-42.0
1776887691.034103,-1.0,0.0,-40.0
1776887691.044103,-5.0,0.0,-45.0
1776887691.054103,-8.0,0.0,-48.0
1776887691.0641026,-4.0,-3.0,-46.0
1776887691.0741026,-3.0,-5.0,-44.0
1776887691.0841026,-4.0,-5.0,-43.0
1776887691.0941026,-3.0,-2.0,-44.0
1776887691.1041028,0.0,-5.0,-39.0
1776887691.1141028,5.0,-1.0,-40.0
1776887691.1241028,5.0,0.0,-48.0
1776887691.1341028,5.0,0.0,-47.0
1776887691.1441028,5.0,0.0,-44.0
1776887691.1541028,-1.0,-2.0,-44.0
1776887691.1641028,-1.0,-3.0,-41.0
1776887691.1741028,-1.0,-2.0,-45.0
1776887691.1841028,0.0,-3.0,-44.0
1776887691.1941028,3.0,-5.0,-40.0
1776887691.2041028,1.0,-8.0,-34.0
1776887691.2141027,2.0,-8.0,-36.0
1776887691.2241027,1.0,-12.0,-36.0
1776887691.2341027,0.0,-9.0,-33.0
1776887691.2441027,2.0,-10.0,-31.0
1776887691.2541027,2.0,-9.0,-35.0
1776887691.2641027,0.0,-6.0,-33.0
1776887691.2741027,0.0,-1.0,-29.0
1776887691.284103,-3.0,-2.0,-31.0
1776887691.294103,-1.0,0.0,-36.0
1776887691.304103,0.0,1.0,-35.0
1776887691.3141026,4.0,-3.0,-33.0
1776887691.3241026,5.0,-2.0,-33.0
1776887691.3341026,2.0,-2.0,-32.0
1776887691.3441026,1.0,0.0,-37.0
1776887691.3541028,2.0,0.0,-39.0
1776887691.3641028,3.0,-6.0,-41.0
1776887691.3741028,4.0,-7.0,-38.0
1776887691.3841028,3.0,-5.0,-37.0
1776887691.3941028,0.0,2.0,-32.0
1776887691.4041028,0.0,0.0,-31.0
1776887691.4141028,-1.0,0.0,-34.0
1776887691.4241028,-4.0,-2.0,-35.0
1776887691.4341028,-5.0,-2.0,-40.0
1776887691.4441028,-3.0,-5.0,-42.0
1776887691.4541028,0.0,-2.0,-48.0
1776887691.4641027,0.0,3.0,-41.0
1776887691.4741027,0.0,0.0,-41.0
1776887691.4841027,-4.0,1.0,-41.0
1776887691.4941027,0.0,3.0,-45.0
1776887691.5041027,0.0,2.0,-38.0
1776887691.5141027,2.0,-4.0,-40.0
1776887691.5241027,5.0,-3.0,-41.0
1776887691.534103,3.0,-4.0,-39.0
1776887691.544103,8.0,-5.0,-35.0
1776887691.554103,8.0,-3.0,-34.0
1776887691.5641026,10.0,-1.0,-40.0
1776887691.5741026,17.0,-4.0,-35.0
1776887691.5841026,10.0,-6.0,-33.0
1776887691.5941026,0.0,-10.0,-41.0
1776887691.6041028,0.0,-9.0,-41.0
1776887691.6141028,0.0,-4.0,-44.0
1776887691.6241028,-2.0,-1.0,-38.0
1776887691.6341028,0.0,-4.0,-39.0
1776887691.6441028,2.0,-1.0,-36.0
1776887691.6541028,0.0,-2.0,-31.0
1776887691.6641028,-3.0,2.0,-28.0
1776887691.6741028,-5.0,4.0,-34.0
1776887691.6841028,-6.0,2.0,-43.0
1776887691.6941028,-3.0,0.0,-43.0
1776887691.7041028,-2.0,1.0,-39.0
1776887691.7141027,-1.0,-1.0,-41.0
1776887691.7241027,3.0,-1.0,-37.0
1776887691.7341027,1.0,-2.0,-33.0
1776887691.7441027,-2.0,-1.0,-38.0
1776887691.7541027,-2.0,-1.0,-46.0
1776887691.7641027,0.0,-5.0,-44.0
1776887691.7741027,1.0,-4.0,-44.0
1776887691.784103,-1.0,-5.0,-46.0
1776887691.794103,-2.0,-7.0,-40.0
1776887691.804103,-2.0,-6.0,-35.0
1776887691.8141026,-5.0,-4.0,-37.0
1776887691.8241026,-4.0,-5.0,-39.0
1776887691.8341026,-6.0,-11.0,-42.0
1776887691.8441026,-6.0,-10.0,-35.0
1776887691.8541028,-6.0,-9.0,-29.0
1776887691.8641028,-8.0,-8.0,-26.0
1776887691.8741028,-8.0,-4.0,-23.0
1776887691.8841028,-8.0,-1.0,-29.0
1776887691.8941028,-5.0,-5.0,-38.0
1776887691.9041028,-4.0,-3.0,-36.0
1776887691.9141028,0.0,0.0,-30.0
1776887691.9241028,1.0,0.0,-31.0
1776887691.9341028,-1.0,-4.0,-33.0
1776887691.9441028,0.0,-2.0,-33.0
1776887691.9541028,0.0,-6.0,-36.0
1776887691.9641027,0.0,-6.0,-37.0
1776887691.9741027,-1.0,-4.0,-36.0
1776887691.9841027,-3.0,-5.0,-37.0
1776887691.9941027,-1.0,-3.0,-40.0
1776887692.0041027,3.0,-6.0,-39.0
1776887692.0141027,4.0,-5.0,-37.0
1776887692.0241027,0.0,-2.0,-36.0
1776887692.034103,-1.0,0.0,-30.0
1776887692.044103,-3.0,0.0,-31.0
1776887692.054103,-2.0,-2.0,-36.0
1776887692.0641026,-1.0,-1.0,-36.0
1776887692.0741026,-2.0,-2.0,-40.0
1776887692.0841026,-2.0,0.0,-44.0
1776887692.0941026,-1.0,-1.0,-38.0
1776887692.1041028,-5.0,-2.0,-36.0
1776887692.1151028,-7.0,-2.0,-34.0
1776887692.1241028,-8.0,-3.0,-28.0
1776887692.1351027,-9.0,-5.0,-28.0
1776887692.1451027,-10.0,0.0,-29.0
1776887692.1551027,-9.0,-1.0,-31.0
1776887692.1651027,-5.0,0.0,-37.0
1776887692.1751027,-2.0,0.0,-38.0
1776887692.1851027,-2.0,-1.0,-32.0
1776887692.1951027,-2.0,-5.0,-26.0
1776887692.2051027,-2.0,-5.0,-32.0
1776887692.215103,-5.0,-2.0,-39.0
1776887692.225103,-1.0,-5.0,-44.0
1776887692.235103,-3.0,-2.0,-45.0
1776887692.2451026,2.0,-1.0,-42.0
1776887692.2551026,-1.0,0.0,-40.0
1776887692.2651026,-1.0,3.0,-39.0
1776887692.2751029,1.0,2.0,-37.0
1776887692.2851028,4.0,2.0,-39.0
1776887692.2951028,8.0,1.0,-36.0
1776887692.3051028,8.0,2.0,-38.0
1776887692.3151028,6.0,0.0,-33.0
1776887692.3251028,7.0,0.0,-37.0
1776887692.3351028,9.0,2.0,-40.0
1776887692.3451028,5.0,1.0,-37.0
1776887692.3551028,1.0,-2.0,-37.0
1776887692.3651028,-3.0,0.0,-32.0
1776887692.3751028,-3.0,0.0,-29.0
1776887692.3851027,-1.0,2.0,-28.0
1776887692.3951027,1.0,1.0,-24.0
1776887692.4051027,2.0,0.0,-21.0
1776887692.4151027,7.0,2.0,-29.0
1776887692.4251027,0.0,2.0,-30.0
1776887692.4351027,1.0,0.0,-32.0
1776887692.4451027,4.0,3.0,-29.0
1776887692.4551027,4.0,1.0,-36.0
1776887692.465103,3.0,2.0,-43.0
1776887692.475103,0.0,1.0,-38.0
1776887692.485103,-2.0,2.0,-40.0
1776887692.4951026,1.0,3.0,-38.0
1776887692.5051026,3.0,2.0,-33.0
1776887692.5151026,1.0,0.0,-41.0
1776887692.5251029,0.0,2.0,-43.0
1776887692.5351028,0.0,4.0,-48.0
1776887692.5451028,2.0,0.0,-40.0
1776887692.5551028,0.0,-2.0,-37.0
1776887692.5651028,3.0,-3.0,-34.0
1776887692.5751028,0.0,-3.0,-29.0
1776887692.5851028,-4.0,-1.0,-31.0
1776887692.5951028,-3.0,3.0,-32.0
1776887692.6051028,1.0,0.0,-33.0
1776887692.6151028,3.0,0.0,-28.0
1776887692.6251028,5.0,1.0,-22.0
1776887692.6351027,4.0,-2.0,-21.0
1776887692.6451027,2.0,-5.0,-30.0
1776887692.6551027,-1.0,-10.0,-35.0
1776887692.6651027,-2.0,-7.0,-29.0
1776887692.6751027,-3.0,-8.0,-34.0
1776887692.6851027,-8.0,-8.0,-45.0
1776887692.6951027,-6.0,0.0,-48.0
1776887692.7051027,-6.0,0.0,-43.0
1776887692.715103,-9.0,-1.0,-33.0
1776887692.725103,-9.0,-5.0,-30.0
1776887692.735103,-10.0,-4.0,-31.0
1776887692.7451026,-8.0,0.0,-27.0
1776887692.7551026,-3.0,0.0,-27.0
1776887692.7651026,3.0,1.0,-32.0
1776887692.7751029,2.0,-3.0,-36.0
1776887692.7851028,4.0,0.0,-41.0
1776887692.7951028,2.0,0.0,-42.0
1776887692.8051028,1.0,0.0,-37.0
1776887692.8151028,3.0,1.0,-34.0
1776887692.8251028,1.0,-3.0,-33.0
1776887692.8351028,1.0,-4.0,-37.0
1776887692.8451028,0.0,-7.0,-36.0
1776887692.8551028,2.0,-5.0,-38.0
1776887692.8651028,2.0,-4.0,-38.0
1776887692.8751028,2.0,-7.0,-34.0
1776887692.8851027,0.0,-6.0,-34.0
1776887692.8951027,4.0,-4.0,-41.0
1776887692.9051027,2.0,-1.0,-41.0
1776887692.9151027,0.0,-1.0,-40.0
1776887692.9251027,4.0,0.0,-38.0
1776887692.9351027,4.0,0.0,-37.0
1776887692.9451027,3.0,0.0,-34.0
1776887692.9551027,2.0,-1.0,-32.0
1776887692.965103,0.0,0.0,-37.0
1776887692.975103,0.0,-2.0,-43.0
1776887692.985103,0.0,-1.0,-46.0
1776887692.9951026,-4.0,1.0,-46.0
1776887693.0051026,-1.0,2.0,-42.0
1776887693.0151026,-1.0,1.0,-39.0
1776887693.0251029,-1.0,-1.0,-35.0
1776887693.0351028,-1.0,-1.0,-33.0
1776887693.0451028,0.0,0.0,-34.0
1776887693.0551028,-2.0,2.0,-33.0
1776887693.0651028,-3.0,1.0,-35.0
1776887693.0751028,-2.0,2.0,-34.0
1776887693.0851028,-1.0,0.0,-33.0
1776887693.0951028,4.0,-1.0,-32.0
1776887693.1051028,2.0,-1.0,-32.0
1776887693.1151028,0.0,-3.0,-33.0
1776887693.1251028,2.0,-1.0,-37.0
1776887693.1351027,1.0,-1.0,-36.0
1776887693.1451027,0.0,0.0,-35.0
1776887693.1551027,-1.0,0.0,-30.0
1776887693.1651027,-2.0,0.0,-37.0
1776887693.1751027,-2.0,0.0,-43.0
1776887693.1851027,-5.0,0.0,-42.0
1776887693.1951027,-1.0,0.0,-39.0
1776887693.2051027,-2.0,1.0,-44.0
1776887693.215103,3.0,2.0,-39.0
1776887693.225103,0.0,5.0,-42.0
1776887693.235103,5.0,3.0,-43.0
1776887693.2451026,4.0,2.0,-47.0
1776887693.2551026,1.0,-3.0,-39.0
1776887693.2651026,0.0,-1.0,-36.0
1776887693.2751029,0.0,-5.0,-41.0
1776887693.2851028,0.0,-6.0,-36.0
1776887693.2951028,-3.0,-8.0,-42.0
1776887693.3051028,-4.0,-6.0,-42.0
1776887693.3151028,-3.0,0.0,-35.0
1776887693.3251028,-3.0,2.0,-38.0
1776887693.3351028,-3.0,2.0,-37.0
1776887693.3451028,-7.0,0.0,-29.0
1776887693.3551028,-5.0,-1.0,-28.0
1776887693.3651028,-9.0,-1.0,-33.0
1776887693.3751028,-8.0,2.0,-34.0
1776887693.3851027,-6.0,3.0,-38.0
1776887693.3951027,-6.0,2.0,-28.0
1776887693.4051027,-5.0,4.0,-29.0
1776887693.4151027,-3.0,4.0,-32.0
1776887693.4251027,-2.0,1.0,-35.0
1776887693.4351027,-2.0,-6.0,-43.0
1776887693.4451027,3.0,-3.0,-35.0
1776887693.4551027,2.0,0.0,-30.0
1776887693.465103,2.0,5.0,-34.0
1776887693.475103,1.0,3.0,-28.0
1776887693.485103,0.0,1.0,-37.0
1776887693.4951026,-1.0,3.0,-31.0
1776887693.5051026,0.0,-2.0,-28.0
1776887693.5151026,-1.0,-5.0,-35.0
1776887693.5251029,0.0,-5.0,-39.0
1776887693.5351028,-2.0,-7.0,-40.0
1776887693.5451028,-2.0,-3.0,-39.0
1776887693.5551028,0.0,-2.0,-42.0
1776887693.5651028,1.0,0.0,-38.0
1776887693.5751028,0.0,2.0,-39.0
1776887693.5851028,2.0,0.0,-50.0
1776887693.5951028,5.0,-4.0,-48.0
1776887693.6051028,1.0,-6.0,-46.0
1776887693.6151028,0.0,-6.0,-50.0
1776887693.6251028,0.0,-3.0,-50.0
1776887693.6351027,3.0,-6.0,-47.0
1776887693.6451027,3.0,-6.0,-43.0
1776887693.6551027,2.0,-1.0,-46.0
1776887693.6651027,3.0,0.0,-50.0
1776887693.6751027,1.0,-3.0,-47.0
1776887693.6851027,-2.0,-3.0,-48.0
1776887693.6951027,-4.0,-2.0,-42.0
1776887693.7051027,-3.0,-5.0,-40.0
1776887693.715103,-1.0,-2.0,-43.0
1776887693.725103,-4.0,-1.0,-42.0
1776887693.735103,-4.0,-1.0,-40.0
1776887693.7451026,-4.0,-3.0,-41.0
1776887693.7551026,-6.0,0.0,-43.0
1776887693.7651026,-6.0,-1.0,-43.0
1776887693.7751029,-5.0,0.0,-39.0
1776887693.7851028,-5.0,2.0,-38.0
1776887693.7951028,0.0,0.0,-38.0
1776887693.8051028,4.0,1.0,-39.0
1776887693.8151028,4.0,2.0,-39.0
1776887693.8251028,6.0,3.0,-46.0
1776887693.8351028,4.0,1.0,-45.0
1776887693.8451028,6.0,1.0,-46.0
1776887693.8551028,5.0,-3.0,-40.0
1776887693.8651028,0.0,-5.0,-37.0
1776887693.8751028,1.0,-3.0,-40.0
1776887693.8851027,-1.0,0.0,-40.0
1776887693.8951027,-1.0,2.0,-36.0
1776887693.9051027,-2.0,0.0,-41.0
1776887693.9151027,-2.0,-3.0,-45.0
1776887693.9251027,-5.0,-5.0,-42.0
1776887693.9351027,-3.0,-5.0,-49.0
1776887693.9451027,0.0,-4.0,-38.0
1776887693.9551027,0.0,-6.0,-37.0
1776887693.965103,3.0,-2.0,-32.0
1776887693.975103,2.0,0.0,-34.0
1776887693.985103,2.0,0.0,-38.0
1776887693.9951026,6.0,-2.0,-35.0
1776887694.0051026,6.0,-2.0,-34.0
1776887694.0151026,3.0,-7.0,-39.0
1776887694.0251029,4.0,-1.0,-38.0
1776887694.0351028,4.0,-2.0,-40.0
1776887694.0451028,4.0,-2.0,-42.0
1776887694.0551028,5.0,-3.0,-38.0
1776887694.0651028,3.0,-3.0,-37.0
1776887694.0751028,5.0,-5.0,-44.0
1776887694.0851028,2.0,-6.0,-45.0
1776887694.0951028,-1.0,-4.0,-43.0
1776887694.1051028,1.0,-2.0,-40.0
1776887694.1151028,6.0,-1.0,-41.0
1776887694.1261027,5.0,-2.0,-35.0
1776887694.1351027,9.0,-5.0,-32.0
1776887694.146103,10.0,-3.0,-31.0
1776887694.156103,8.0,-4.0,-35.0
1776887694.1661026,6.0,0.0,-36.0
1776887694.1761026,0.0,-1.0,-39.0
1776887694.1861026,-2.0,-1.0,-40.0
1776887694.1961029,-5.0,-4.0,-38.0
1776887694.2061028,-3.0,-2.0,-41.0
1776887694.2161028,1.0,-1.0,-46.0
1776887694.2261028,2.0,0.0,-53.0
1776887694.2361028,-1.0,0.0,-49.0
1776887694.2461028,0.0,1.0,-47.0
1776887694.2561028,-2.0,-5.0,-41.0
1776887694.2661028,3.0,-3.0,-42.0
1776887694.2761028,2.0,-2.0,-43.0
1776887694.2861028,7.0,0.0,-44.0
1776887694.2961028,8.0,0.0,-46.0
1776887694.3061028,6.0,-1.0,-44.0
1776887694.3161027,0.0,-3.0,-47.0
1776887694.3261027,-1.0,-1.0,-38.0
1776887694.3361027,-2.0,-3.0,-33.0
1776887694.3461027,-3.0,-5.0,-33.0
1776887694.3561027,1.0,-5.0,-36.0
1776887694.3661027,3.0,-7.0,-37.0
1776887694.3761027,4.0,-8.0,-29.0
1776887694.386103,5.0,-10.0,-28.0
1776887694.396103,9.0,-5.0,-31.0
1776887694.406103,2.0,0.0,-41.0
1776887694.4161026,4.0,0.0,-39.0
1776887694.4261026,5.0,-1.0,-41.0
1776887694.4361026,7.0,-1.0,-42.0
1776887694.4461029,2.0,1.0,-39.0
1776887694.4561028,4.0,2.0,-36.0
1776887694.4661028,2.0,0.0,-36.0
1776887694.4761028,5.0,-1.0,-42.0
1776887694.4861028,6.0,-2.0,-36.0
1776887694.4961028,3.0,-2.0,-37.0
1776887694.5061028,-2.0,-4.0,-25.0
1776887694.5161028,-2.0,-2.0,-27.0
1776887694.5261028,-4.0,-4.0,-28.0
1776887694.5361028,-5.0,-6.0,-23.0
1776887694.5461028,0.0,-1.0,-22.0
1776887694.5561028,-3.0,-2.0,-29.0
1776887694.5661027,2.0,-3.0,-34.0
1776887694.5761027,0.0,-3.0,-38.0
1776887694.5861027,2.0,-2.0,-33.0
1776887694.5961027,7.0,-1.0,-34.0
1776887694.6061027,5.0,-1.0,-38.0
1776887694.6161027,2.0,1.0,-40.0
1776887694.6261027,0.0,-4.0,-42.0
1776887694.636103,0.0,-3.0,-38.0
1776887694.646103,2.0,-1.0,-35.0
1776887694.656103,2.0,0.0,-36.0
1776887694.6661026,2.0,2.0,-34.0
1776887694.6761026,7.0,2.0,-27.0
1776887694.6861026,3.0,0.0,-22.0
1776887694.6961029,2.0,-3.0,-28.0
1776887694.7061028,0.0,-4.0,-37.0
1776887694.7161028,-3.0,-2.0,-32.0
1776887694.7261028,3.0,-5.0,-31.0
1776887694.7361028,0.0,-4.0,-34.0
1776887694.7461028,-1.0,-3.0,-39.0
1776887694.7561028,0.0,0.0,-35.0
1776887694.7661028,5.0,0.0,-25.0
1776887694.7761028,7.0,-1.0,-23.0
1776887694.7861028,7.0,-5.0,-28.0
1776887694.7961028,5.0,-6.0,-29.0
1776887694.8061028,2.0,1.0,-32.0
1776887694.8161027,2.0,0.0,-28.0
1776887694.8261027,0.0,1.0,-29.0
1776887694.8361027,0.0,0.0,-33.0
1776887694.8461027,3.0,2.0,-38.0
1776887694.8561027,3.0,0.0,-46.0
1776887694.8661027,2.0,-1.0,-46.0
1776887694.8761027,0.0,1.0,-40.0
1776887694.886103,3.0,1.0,-31.0
1776887694.896103,0.0,1.0,-31.0
1776887694.906103,2.0,1.0,-33.0
1776887694.9161026,3.0,-1.0,-38.0
1776887694.9261026,4.0,-3.0,-39.0
1776887694.9361026,3.0,-3.0,-46.0
1776887694.9461029,1.0,-2.0,-46.0
1776887694.9561028,4.0,-1.0,-42.0
1776887694.9661028,3.0,-2.0,-47.0
1776887694.9761028,-2.0,0.0,-36.0
1776887694.9861028,-1.0,6.0,-43.0
1776887694.9961028,-1.0,9.0,-37.0
1776887695.0061028,1.0,9.0,-42.0
1776887695.0161028,0.0,7.0,-44.0
1776887695.0261028,-1.0,9.0,-34.0
1776887695.0361028,4.0,9.0,-41.0
1776887695.0461028,7.0,9.0,-43.0
1776887695.0561028,5.0,5.0,-39.0
1776887695.0661027,2.0,2.0,-43.0
1776887695.0761027,1.0,4.0,-41.0
1776887695.0861027,0.0,4.0,-42.0
1776887695.0961027,-2.0,4.0,-40.0
1776887695.1061027,-2.0,5.0,-35.0
1776887695.1161027,-5.0,7.0,-39.0
1776887695.1261027,-5.0,4.0,-37.0
1776887695.136103,-3.0,3.0,-33.0
1776887695.146103,0.0,0.0,-30.0
1776887695.156103,2.0,-1.0,-31.0
1776887695.1661026,0.0,-1.0,-35.0
1776887695.1761026,-2.0,-3.0,-28.0
1776887695.1861026,0.0,-1.0,-26.0
1776887695.1961029,0.0,-4.0,-26.0
1776887695.2061028,0.0,-4.0,-25.0
1776887695.2161028,4.0,-1.0,-30.0
1776887695.2261028,5.0,-1.0,-33.0
1776887695.2361028,2.0,-7.0,-34.0
1776887695.2461028,2.0,-11.0,-34.0
1776887695.2561028,0.0,-12.0,-26.0
1776887695.2661028,0.0,-9.0,-27.0
1776887695.2761028,-1.0,-10.0,-37.0
1776887695.2861028,4.0,-9.0,-40.0
1776887695.2961028,2.0,-8.0,-43.0
1776887695.3061028,2.0,-8.0,-38.0
1776887695.3161027,6.0,-5.0,-45.0
1776887695.3261027,6.0,-7.0,-44.0
1776887695.3361027,7.0,-2.0,-31.0
1776887695.3461027,6.0,-3.0,-30.0
1776887695.3561027,2.0,-2.0,-36.0
1776887695.3661027,-2.0,-1.0,-36.0
1776887695.3761027,0.0,2.0,-37.0
1776887695.386103,4.0,1.0,-24.0
1776887695.396103,0.0,1.0,-29.0
1776887695.406103,0.0,-1.0,-35.0
1776887695.4161026,-3.0,-1.0,-37.0
1776887695.4261026,-2.0,-1.0,-40.0
1776887695.4361026,-8.0,-6.0,-42.0
1776887695.4461029,-6.0,-4.0,-48.0
1776887695.4561028,-6.0,-6.0,-52.0
1776887695.4661028,-8.0,-6.0,-43.0
1776887695.4761028,-8.0,-6.0,-39.0
1776887695.4861028,-9.0,-4.0,-40.0
1776887695.4961028,-5.0,-3.0,-42.0
1776887695.5061028,-4.0,0.0,-45.0
1776887695.5161028,-1.0,-1.0,-39.0
1776887695.5261028,1.0,-6.0,-40.0
1776887695.5361028,0.0,-7.0,-36.0
1776887695.5461028,3.0,-9.0,-41.0
1776887695.5561028,0.0,-11.0,-42.0
1776887695.5661027,1.0,-8.0,-41.0
1776887695.5761027,-2.0,-6.0,-41.0
1776887695.5861027,-3.0,-3.0,-48.0
1776887695.5961027,-8.0,1.0,-44.0
1776887695.6061027,-9.0,1.0,-36.0
1776887695.6161027,-9.0,-2.0,-27.0
1776887695.6261027,-8.0,-3.0,-30.0
1776887695.636103,-2.0,-8.0,-27.0
1776887695.646103,-1.0,-7.0,-27.0
1776887695.656103,2.0,-7.0,-36.0
1776887695.6661026,1.0,-6.0,-44.0
1776887695.6761026,-2.0,-8.0,-40.0
1776887695.6861026,-1.0,-4.0,-41.0
1776887695.6961029,-1.0,0.0,-37.0
1776887695.7061028,-5.0,6.0,-39.0
1776887695.7161028,-1.0,3.0,-36.0
1776887695.7261028,-3.0,0.0,-37.0
1776887695.7361028,0.0,0.0,-38.0
1776887695.7461028,0.0,0.0,-36.0
1776887695.7561028,4.0,2.0,-36.0
1776887695.7661028,8.0,6.0,-41.0
1776887695.7761028,5.0,0.0,-36.0
1776887695.7861028,3.0,-1.0,-41.0
1776887695.7961028,7.0,0.0,-37.0
1776887695.8061028,6.0,0.0,-34.0
1776887695.8161027,4.0,-1.0,-37.0
1776887695.8261027,4.0,-5.0,-36.0
1776887695.8361027,3.0,-4.0,-34.0
1776887695.8461027,4.0,-2.0,-39.0
1776887695.8561027,0.0,-3.0,-32.0
1776887695.8661027,0.0,0.0,-25.0
1776887695.8761027,-2.0,1.0,-24.0
1776887695.886103,-6.0,1.0,-36.0
1776887695.896103,-5.0,7.0,-38.0
1776887695.906103,-6.0,5.0,-43.0
1776887695.9161026,-5.0,2.0,-38.0
1776887695.9261026,-5.0,1.0,-41.0
1776887695.9361026,-5.0,0.0,-39.0
1776887695.9461029,-1.0,1.0,-40.0
1776887695.9561028,0.0,2.0,-44.0
1776887695.9661028,1.0,3.0,-46.0
1776887695.9761028,6.0,1.0,-48.0
1776887695.9861028,2.0,2.0,-47.0
1776887695.9961028,-2.0,0.0,-50.0
1776887696.0061028,-2.0,0.0,-47.0
1776887696.0161028,-1.0,0.0,-45.0
1776887696.0261028,2.0,-1.0,-42.0
1776887696.0361028,0.0,-4.0,-40.0
1776887696.0461028,0.0,-1.0,-41.0
1776887696.0561028,-4.0,-3.0,-45.0
1776887696.0661027,-6.0,0.0,-46.0
1776887696.0761027,-7.0,-3.0,-45.0
1776887696.0861027,-3.0,-5.0,-41.0
1776887696.0961027,-4.0,-3.0,-37.0
1776887696.1061027,-6.0,0.0,-33.0
1776887696.1171026,-7.0,0.0,-31.0
1776887696.1261027,0.0,-2.0,-31.0
1776887696.136103,3.0,-8.0,-32.0
1776887696.1471028,1.0,-5.0,-33.0
1776887696.1571028,-1.0,-4.0,-28.0
1776887696.1671028,0.0,-6.0,-37.0
1776887696.1771028,0.0,-4.0,-35.0
1776887696.1871028,-2.0,-2.0,-31.0
1776887696.1971028,0.0,2.0,-32.0
1776887696.2071028,-4.0,2.0,-32.0
1776887696.2171028,-4.0,3.0,-39.0
1776887696.2271028,-4.0,3.0,-38.0
1776887696.2371027,-4.0,6.0,-37.0
1776887696.2471027,-3.0,5.0,-43.0
1776887696.2571027,-1.0,3.0,-41.0
1776887696.2671027,0.0,4.0,-33.0
1776887696.2771027,1.0,6.0,-36.0
1776887696.2871027,-2.0,5.0,-34.0
1776887696.2971027,-5.0,5.0,-34.0
1776887696.307103,-3.0,3.0,-41.0
1776887696.317103,-2.0,0.0,-40.0
1776887696.327103,-4.0,1.0,-41.0
1776887696.337103,-1.0,0.0,-41.0
1776887696.3471026,4.0,2.0,-39.0
1776887696.3571026,3.0,0.0,-33.0
1776887696.3671026,1.0,0.0,-33.0
1776887696.3771029,3.0,-4.0,-30.0
1776887696.3871028,1.0,-4.0,-27.0
1776887696.3971028,-2.0,-3.0,-22.0
1776887696.4071028,0.0,0.0,-17.0
1776887696.4171028,-3.0,0.0,-26.0
1776887696.4271028,-1.0,1.0,-32.0
1776887696.4371028,-2.0,3.0,-34.0
1776887696.4471028,1.0,5.0,-36.0
1776887696.4571028,3.0,1.0,-32.0
1776887696.4671028,2.0,0.0,-33.0
1776887696.4771028,0.0,-2.0,-34.0
1776887696.4871027,1.0,-3.0,-26.0
1776887696.4971027,0.0,-3.0,-23.0
1776887696.5071027,0.0,-2.0,-27.0
1776887696.5171027,2.0,-2.0,-33.0
1776887696.5271027,3.0,-3.0,-36.0
1776887696.5371027,1.0,-5.0,-41.0
1776887696.5471027,4.0,-3.0,-40.0
1776887696.557103,1.0,-2.0,-40.0
1776887696.567103,1.0,0.0,-41.0
1776887696.577103,0.0,-1.0,-46.0
1776887696.587103,0.0,-2.0,-44.0
1776887696.5971026,4.0,0.0,-42.0
1776887696.6071026,3.0,1.0,-42.0
1776887696.6171026,0.0,3.0,-43.0
1776887696.6271029,1.0,5.0,-44.0
1776887696.6371028,6.0,4.0,-39.0
1776887696.6471028,4.0,3.0,-37.0
1776887696.6571028,2.0,2.0,-36.0
1776887696.6671028,3.0,0.0,-35.0
1776887696.6771028,5.0,1.0,-39.0
1776887696.6871028,6.0,-3.0,-38.0
1776887696.6971028,11.0,-3.0,-37.0
1776887696.7071028,6.0,0.0,-27.0
1776887696.7171028,4.0,-1.0,-31.0
1776887696.7271028,3.0,0.0,-37.0
1776887696.7371027,1.0,4.0,-35.0
1776887696.7471027,3.0,4.0,-34.0
1776887696.7571027,5.0,3.0,-36.0
1776887696.7671027,1.0,2.0,-35.0
1776887696.7771027,-4.0,0.0,-25.0
1776887696.7871027,-5.0,1.0,-23.0
1776887696.7971027,-6.0,0.0,-28.0
1776887696.807103,-4.0,0.0,-31.0
1776887696.817103,0.0,-2.0,-33.0
1776887696.827103,2.0,-4.0,-28.0
1776887696.837103,2.0,-3.0,-33.0
1776887696.8471026,2.0,-1.0,-33.0
1776887696.8571026,0.0,-5.0,-29.0
1776887696.8671026,3.0,-3.0,-24.0
1776887696.8771029,0.0,-6.0,-24.0
1776887696.8871028,-2.0,-1.0,-29.0
1776887696.8971028,-5.0,0.0,-24.0
1776887696.9071028,-7.0,-2.0,-23.0
1776887696.9171028,-2.0,-4.0,-23.0
1776887696.9271028,-5.0,-3.0,-27.0
1776887696.9371028,-4.0,-2.0,-28.0
1776887696.9471028,0.0,-3.0,-28.0
1776887696.9571028,-3.0,-3.0,-34.0
1776887696.9671028,-2.0,-3.0,-36.0
1776887696.9771028,-2.0,-2.0,-38.0
1776887696.9871027,-4.0,-2.0,-37.0
1776887696.9971027,0.0,0.0,-39.0
1776887697.0071027,1.0,0.0,-36.0
1776887697.0171027,3.0,4.0,-40.0
1776887697.0271027,5.0,7.0,-47.0
1776887697.0371027,5.0,3.0,-53.0
1776887697.0471027,6.0,1.0,-42.0
1776887697.057103,4.0,1.0,-39.0
1776887697.067103,2.0,-1.0,-41.0
1776887697.077103,4.0,-1.0,-41.0
1776887697.087103,6.0,0.0,-39.0
1776887697.0971026,0.0,-1.0,-37.0
1776887697.1071026,-5.0,0.0,-33.0
1776887697.1171026,-6.0,-2.0,-31.0
1776887697.1271029,-4.0,-2.0,-34.0
1776887697.1371028,-6.0,-3.0,-35.0
1776887697.1471028,-3.0,-3.0,-28.0
1776887697.1571028,0.0,-4.0,-28.0
1776887697.1671028,0.0,-2.0,-31.0
1776887697.1771028,0.0,0.0,-31.0
1776887697.1871028,-2.0,0.0,-30.0
1776887697.1971028,0.0,-3.0,-29.0
1776887697.2071028,-4.0,-2.0,-32.0
1776887697.2171028,2.0,2.0,-31.0
1776887697.2271028,0.0,6.0,-26.0
1776887697.2371027,1.0,4.0,-22.0
1776887697.2471027,-2.0,1.0,-24.0
1776887697.2571027,-3.0,4.0,-32.0
1776887697.2671027,0.0,6.0,-37.0
1776887697.2771027,0.0,4.0,-39.0
1776887697.2871027,1.0,0.0,-40.0
1776887697.2971027,5.0,1.0,-38.0
1776887697.307103,5.0,1.0,-41.0
1776887697.317103,4.0,-1.0,-43.0
1776887697.327103,4.0,-1.0,-45.0
1776887697.337103,11.0,1.0,-40.0
1776887697.3471026,13.0,2.0,-34.0
1776887697.3571026,9.0,0.0,-36.0
1776887697.3671026,9.0,-3.0,-36.0
1776887697.3771029,7.0,-3.0,-37.0
1776887697.3871028,8.0,-1.0,-42.0
1776887697.3971028,11.0,0.0,-43.0
1776887697.4071028,1.0,2.0,-45.0
1776887697.4171028,0.0,2.0,-43.0
1776887697.4271028,2.0,1.0,-38.0
1776887697.4371028,3.0,0.0,-42.0
1776887697.4471028,7.0,-1.0,-44.0
1776887697.4571028,5.0,0.0,-49.0
1776887697.4671028,4.0,2.0,-47.0
1776887697.4771028,10.0,0.0,-41.0
1776887697.4871027,4.0,-1.0,-39.0
1776887697.4971027,3.0,-3.0,-37.0
1776887697.5071027,0.0,-2.0,-35.0
1776887697.5171027,2.0,-4.0,-28.0
1776887697.5271027,1.0,-7.0,-28.0
1776887697.5371027,4.0,-5.0,-33.0
1776887697.5471027,4.0,-6.0,-37.0
1776887697.557103,0.0,-1.0,-46.0
1776887697.567103,0.0,0.0,-40.0
1776887697.577103,0.0,2.0,-44.0
1776887697.587103,1.0,6.0,-48.0
1776887697.5971026,2.0,5.0,-37.0
1776887697.6071026,0.0,1.0,-35.0
1776887697.6171026,0.0,0.0,-34.0
1776887697.6271029,0.0,4.0,-32.0
1776887697.6371028,5.0,6.0,-35.0
1776887697.6471028,6.0,8.0,-36.0
1776887697.6571028,9.0,7.0,-33.0
1776887697.6671028,7.0,3.0,-31.0
1776887697.6771028,8.0,2.0,-34.0
1776887697.6871028,6.0,2.0,-37.0
1776887697.6971028,5.0,-1.0,-41.0
1776887697.7071028,6.0,-2.0,-37.0
1776887697.7171028,5.0,-3.0,-35.0
1776887697.7271028,8.0,-3.0,-38.0
1776887697.7371027,5.0,-2.0,-33.0
1776887697.7471027,4.0,-1.0,-29.0
1776887697.7571027,4.0,-1.0,-25.0
1776887697.7671027,8.0,-3.0,-26.0
1776887697.7771027,3.0,-5.0,-26.0
1776887697.7871027,3.0,-5.0,-34.0
1776887697.7971027,4.0,-9.0,-26.0
1776887697.807103,1.0,-8.0,-27.0
1776887697.817103,5.0,-9.0,-32.0
1776887697.827103,3.0,-5.0,-37.0
1776887697.837103,3.0,-4.0,-36.0
1776887697.8471026,0.0,-1.0,-37.0
1776887697.8571026,-3.0,0.0,-39.0
1776887697.8671026,-3.0,-4.0,-33.0
1776887697.8771029,0.0,-8.0,-27.0
1776887697.8871028,2.0,-8.0,-35.0
1776887697.8971028,-2.0,-7.0,-34.0
1776887697.9071028,-1.0,-4.0,-35.0
1776887697.9171028,0.0,-2.0,-38.0
1776887697.9271028,0.0,-1.0,-43.0
1776887697.9371028,0.0,0.0,-40.0
1776887697.9471028,-1.0,-1.0,-36.0
1776887697.9571028,-3.0,-2.0,-42.0
1776887697.9671028,0.0,-1.0,-34.0
1776887697.9771028,-3.0,0.0,-36.0
1776887697.9871027,-6.0,-4.0,-35.0
1776887697.9971027,-5.0,-5.0,-34.0
1776887698.0071027,-3.0,-7.0,-40.0
1776887698.0171027,-4.0,-10.0,-38.0
1776887698.0271027,-2.0,-12.0,-37.0
1776887698.0371027,-2.0,-11.0,-32.0
1776887698.0471027,0.0,-10.0,-33.0
1776887698.057103,2.0,-7.0,-37.0
1776887698.067103,2.0,-6.0,-40.0
1776887698.077103,5.0,-2.0,-34.0
1776887698.087103,7.0,-2.0,-34.0
1776887698.0971026,7.0,0.0,-28.0
1776887698.1081028,6.0,-2.0,-25.0
1776887698.1171026,5.0,-5.0,-20.0
1776887698.1271029,2.0,-3.0,-22.0
1776887698.1381028,5.0,0.0,-22.0
1776887698.1481028,8.0,0.0,-24.0
1776887698.1581028,9.0,0.0,-29.0
1776887698.1681027,6.0,-3.0,-33.0
1776887698.1781027,5.0,-3.0,-32.0
1776887698.1881027,4.0,-6.0,-32.0
1776887698.1981027,3.0,-6.0,-28.0
1776887698.2081027,7.0,-5.0,-24.0
1776887698.2181027,9.0,-2.0,-27.0
1776887698.2281027,4.0,-4.0,-36.0
1776887698.238103,1.0,0.0,-36.0
1776887698.248103,2.0,0.0,-36.0
1776887698.258103,1.0,-1.0,-34.0
1776887698.2681026,3.0,1.0,-35.0
1776887698.2781026,1.0,0.0,-34.0
1776887698.2881026,2.0,-1.0,-34.0
1776887698.2981029,-2.0,2.0,-29.0
1776887698.3081028,-3.0,1.0,-31.0
1776887698.3181028,0.0,1.0,-29.0
1776887698.3281028,-1.0,0.0,-26.0
1776887698.3381028,-1.0,0.0,-28.0
1776887698.3481028,0.0,1.0,-26.0
1776887698.3581028,0.0,1.0,-26.0
1776887698.3681028,-1.0,0.0,-34.0
1776887698.3781028,-3.0,0.0,-33.0
1776887698.3881028,-3.0,-1.0,-34.0
1776887698.3981028,-5.0,-2.0,-31.0
1776887698.4081028,-4.0,-2.0,-30.0
1776887698.4181027,-3.0,-1.0,-26.0
1776887698.4281027,-3.0,-1.0,-28.0
1776887698.4381027,-1.0,-4.0,-27.0
1776887698.4481027,-2.0,1.0,-29.0
1776887698.4581027,-4.0,0.0,-24.0
1776887698.4681027,-1.0,0.0,-27.0
1776887698.4781027,3.0,0.0,-25.0
1776887698.488103,2.0,1.0,-23.0
1776887698.498103,1.0,2.0,-25.0
1776887698.508103,0.0,1.0,-26.0
1776887698.5181026,-1.0,4.0,-29.0
1776887698.5281026,-1.0,1.0,-29.0
1776887698.5381026,-2.0,3.0,-34.0
1776887698.5481029,-3.0,4.0,-35.0
1776887698.5581028,-3.0,2.0,-31.0
1776887698.5681028,-7.0,0.0,-38.0
1776887698.5781028,-3.0,-3.0,-42.0
1776887698.5881028,-2.0,-1.0,-43.0
1776887698.5981028,-5.0,-3.0,-49.0
1776887698.6081028,0.0,-5.0,-49.0
1776887698.6181028,2.0,-3.0,-43.0
1776887698.6281028,1.0,-3.0,-41.0
1776887698.6381028,6.0,-2.0,-39.0
1776887698.6481028,5.0,-8.0,-37.0
1776887698.6581028,3.0,-9.0,-37.0
1776887698.6681027,1.0,-10.0,-30.0
1776887698.6781027,0.0,-7.0,-28.0
1776887698.6881027,0.0,-8.0,-21.0
1776887698.6981027,2.0,-7.0,-28.0
1776887698.7081027,2.0,-5.0,-34.0
1776887698.7181027,-4.0,-6.0,-26.0
1776887698.7281027,-2.0,-2.0,-25.0
1776887698.738103,1.0,0.0,-25.0
1776887698.748103,0.0,0.0,-30.0
1776887698.758103,1.0,0.0,-34.0
1776887698.7681026,0.0,4.0,-40.0
1776887698.7781026,-5.0,4.0,-40.0
1776887698.7881026,2.0,7.0,-44.0
1776887698.7981029,2.0,5.0,-40.0
1776887698.8081028,1.0,0.0,-33.0
1776887698.8181028,2.0,-3.0,-33.0
1776887698.8281028,4.0,-2.0,-33.0
1776887698.8381028,4.0,0.0,-32.0
1776887698.8481028,4.0,0.0,-33.0
1776887698.8581028,7.0,0.0,-38.0
1776887698.8681028,3.0,-3.0,-41.0
1776887698.8781028,3.0,-1.0,-43.0
1776887698.8881028,3.0,2.0,-53.0
1776887698.8981028,2.0,2.0,-49.0
1776887698.9081028,0.0,-1.0,-42.0
1776887698.9181027,2.0,-4.0,-44.0
1776887698.9281027,3.0,-2.0,-42.0
1776887698.9381027,4.0,-3.0,-40.0
1776887698.9481027,3.0,-3.0,-45.0
1776887698.9581027,5.0,-4.0,-46.0
1776887698.9681027,0.0,-1.0,-44.0
1776887698.9781027,0.0,0.0,-41.0
1776887698.988103,0.0,3.0,-46.0
1776887698.998103,1.0,0.0,-39.0
1776887699.008103,8.0,-1.0,-39.0
1776887699.0181026,5.0,-6.0,-48.0
1776887699.0281026,9.0,-3.0,-53.0
1776887699.0381026,11.0,-3.0,-48.0
1776887699.0481029,9.0,-5.0,-48.0
1776887699.0581028,12.0,-1.0,-48.0
1776887699.0681028,8.0,-4.0,-42.0
1776887699.0781028,9.0,-2.0,-43.0
1776887699.0881028,6.0,-4.0,-43.0
1776887699.0981028,1.0,-2.0,-35.0
1776887699.1081028,1.0,-1.0,-34.0
1776887699.1181028,-1.0,-4.0,-32.0
1776887699.1281028,-7.0,-3.0,-30.0
1776887699.1381028,-7.0,-2.0,-32.0
1776887699.1481028,-6.0,-4.0,-21.0
1776887699.1581028,-6.0,-7.0,-25.0
1776887699.1681027,-8.0,-5.0,-23.0
1776887699.1781027,-6.0,-8.0,-30.0
1776887699.1881027,-8.0,-7.0,-35.0
1776887699.1981027,-1.0,-5.0,-33.0
1776887699.2081027,0.0,-4.0,-39.0
1776887699.2181027,6.0,-6.0,-49.0
1776887699.2281027,8.0,-7.0,-50.0
1776887699.238103,6.0,-7.0,-45.0
1776887699.248103,8.0,-8.0,-39.0
1776887699.258103,4.0,-6.0,-41.0
1776887699.2681026,0.0,-10.0,-43.0
1776887699.2781026,1.0,-8.0,-45.0
1776887699.2881026,5.0,-5.0,-34.0
1776887699.2981029,0.0,-2.0,-34.0
1776887699.3081028,3.0,-2.0,-32.0
1776887699.3181028,5.0,0.0,-35.0
1776887699.3281028,5.0,-2.0,-34.0
1776887699.3381028,4.0,-4.0,-36.0
1776887699.3481028,6.0,-1.0,-38.0
1776887699.3581028,5.0,-4.0,-34.0
1776887699.3681028,4.0,-1.0,-34.0
1776887699.3781028,-1.0,0.0,-37.0
1776887699.3881028,3.0,3.0,-38.0
1776887699.3981028,3.0,1.0,-31.0
1776887699.4081028,4.0,-2.0,-27.0
1776887699.4181027,6.0,-3.0,-27.0
1776887699.4281027,3.0,-1.0,-23.0
1776887699.4381027,0.0,0.0,-21.0
1776887699.4481027,-2.0,2.0,-21.0
1776887699.4581027,0.0,0.0,-25.0
1776887699.4681027,1.0,0.0,-31.0
1776887699.4781027,4.0,0.0,-35.0
1776887699.488103,2.0,2.0,-37.0
1776887699.498103,-2.0,3.0,-33.0
1776887699.508103,-5.0,3.0,-28.0
1776887699.5181026,-3.0,-1.0,-31.0
1776887699.5281026,-4.0,1.0,-33.0
1776887699.5381026,-3.0,2.0,-35.0
1776887699.5481029,-2.0,0.0,-35.0
1776887699.5581028,4.0,0.0,-35.0
1776887699.5681028,5.0,2.0,-30.0
1776887699.5781028,9.0,0.0,-27.0
1776887699.5881028,5.0,1.0,-23.0
1776887699.5981028,5.0,-4.0,-26.0
1776887699.6081028,0.0,-8.0,-27.0
1776887699.6181028,5.0,-9.0,-28.0
1776887699.6281028,2.0,-9.0,-27.0
1776887699.6381028,0.0,-6.0,-33.0
1776887699.6481028,2.0,-1.0,-31.0
1776887699.6581028,3.0,1.0,-35.0
1776887699.6681027,6.0,0.0,-30.0
1776887699.6781027,2.0,-5.0,-30.0
1776887699.6881027,0.0,-3.0,-37.0
1776887699.6981027,-1.0,-1.0,-34.0
1776887699.7081027,-1.0,-3.0,-34.0
1776887699.7181027,-5.0,-1.0,-34.0
1776887699.7281027,-3.0,-1.0,-33.0
1776887699.738103,-1.0,2.0,-31.0
1776887699.748103,-3.0,0.0,-34.0
1776887699.758103,-3.0,1.0,-37.0
1776887699.7681026,-5.0,0.0,-35.0
1776887699.7781026,-2.0,0.0,-32.0
1776887699.7881026,3.0,-2.0,-37.0
1776887699.7981029,8.0,-3.0,-45.0
1776887699.8081028,5.0,0.0,-45.0
1776887699.8181028,2.0,1.0,-44.0
1776887699.8281028,6.0,1.0,-37.0
1776887699.8381028,10.0,0.0,-37.0
1776887699.8481028,10.0,3.0,-37.0
1776887699.8581028,6.0,1.0,-33.0
1776887699.8681028,4.0,0.0,-30.0
1776887699.8781028,0.0,-2.0,-35.0
1776887699.8881028,-4.0,0.0,-36.0
1776887699.8981028,-5.0,0.0,-25.0
1776887699.9081028,-4.0,0.0,-26.0
1776887699.9181027,0.0,4.0,-25.0
1776887699.9281027,0.0,0.0,-25.0
1776887699.9381027,4.0,1.0,-28.0
1776887699.9481027,7.0,0.0,-36.0
1776887699.9581027,0.0,-2.0,-37.0
1776887699.9681027,-1.0,0.0,-40.0
1776887699.9781027,0.0,0.0,-34.0
1776887699.988103,0.0,0.0,-38.0
1776887699.998103,5.0,1.0,-41.0
1776887700.008103,7.0,4.0,-33.0
1776887700.0181026,9.0,7.0,-36.0
1776887700.0281026,6.0,6.0,-39.0
1776887700.0381026,5.0,4.0,-39.0
1776887700.0481029,0.0,3.0,-40.0
1776887700.0581028,0.0,3.0,-34.0
1776887700.0681028,0.0,4.0,-37.0
1776887700.0781028,0.0,5.0,-42.0
1776887700.0881028,1.0,3.0,-48.0
1776887700.0981028,-1.0,0.0,-47.0
1776887700.1091027,-5.0,2.0,-44.0
1776887700.1181028,-3.0,2.0,-41.0
1776887700.1291027,-4.0,6.0,-39.0
1776887700.1391027,-7.0,5.0,-42.0
1776887700.1491027,-4.0,7.0,-32.0
1776887700.159103,-2.0,5.0,-32.0
1776887700.169103,-2.0,7.0,-32.0
1776887700.179103,-4.0,5.0,-33.0
1776887700.1891026,0.0,2.0,-36.0
1776887700.1991026,-3.0,7.0,-32.0
1776887700.2091026,-1.0,8.0,-27.0
1776887700.2191026,1.0,6.0,-27.0
1776887700.2291028,9.0,3.0,-30.0
1776887700.2391028,9.0,3.0,-33.0
1776887700.2491028,0.0,0.0,-36.0
1776887700.2591028,-3.0,-1.0,-41.0
1776887700.2691028,-3.0,2.0,-40.0
1776887700.2791028,1.0,0.0,-37.0
1776887700.2891028,2.0,-1.0,-40.0
1776887700.2991028,2.0,0.0,-32.0
1776887700.3091028,2.0,5.0,-31.0
1776887700.3191028,0.0,2.0,-32.0
1776887700.3291028,-3.0,1.0,-34.0
1776887700.3391027,0.0,2.0,-30.0
1776887700.3491027,-3.0,1.0,-28.0
1776887700.3591027,-2.0,-1.0,-29.0
1776887700.3691027,2.0,-2.0,-23.0
1776887700.3791027,2.0,0.0,-27.0
1776887700.3891027,3.0,-1.0,-29.0
1776887700.3991027,1.0,-1.0,-33.0
1776887700.409103,0.0,-3.0,-38.0
1776887700.419103,-2.0,-1.0,-36.0
1776887700.429103,-7.0,0.0,-31.0
1776887700.4391026,-5.0,0.0,-26.0
1776887700.4491026,-2.0,-1.0,-28.0
1776887700.4591026,-1.0,1.0,-37.0
1776887700.4691026,0.0,-2.0,-40.0
1776887700.4791028,1.0,-3.0,-38.0
1776887700.4891028,-4.0,-2.0,-33.0
1776887700.4991028,-4.0,-4.0,-29.0
1776887700.5091028,-3.0,-5.0,-28.0
1776887700.5191028,-2.0,-4.0,-30.0
1776887700.5291028,-1.0,-4.0,-28.0
1776887700.5391028,-1.0,-2.0,-31.0
1776887700.5491028,4.0,0.0,-39.0
1776887700.5591028,1.0,-3.0,-41.0
1776887700.5691028,3.0,-2.0,-39.0
1776887700.5791028,4.0,-1.0,-41.0
1776887700.5891027,-1.0,-5.0,-45.0
1776887700.5991027,2.0,-6.0,-41.0
1776887700.6091027,3.0,-10.0,-45.0
1776887700.6191027,1.0,-8.0,-47.0
1776887700.6291027,2.0,-8.0,-41.0
1776887700.6391027,6.0,-9.0,-39.0
1776887700.6491027,9.0,-4.0,-30.0
1776887700.659103,3.0,-3.0,-38.0
1776887700.669103,7.0,-7.0,-48.0
1776887700.679103,7.0,-1.0,-48.0
1776887700.6891026,1.0,-2.0,-51.0
1776887700.6991026,0.0,-4.0,-54.0
1776887700.7091026,2.0,-3.0,-49.0
1776887700.7191026,0.0,-2.0,-46.0
1776887700.7291028,0.0,0.0,-47.0
1776887700.7391028,-3.0,0.0,-43.0
1776887700.7491028,-1.0,-2.0,-39.0
1776887700.7591028,-1.0,-6.0,-46.0
1776887700.7691028,4.0,-3.0,-44.0
1776887700.7791028,3.0,-4.0,-45.0
1776887700.7891028,0.0,-5.0,-39.0
1776887700.7991028,1.0,-5.0,-35.0
1776887700.8091028,0.0,-5.0,-38.0
1776887700.8191028,-3.0,-3.0,-45.0
1776887700.8291028,-2.0,1.0,-41.0
1776887700.8391027,3.0,2.0,-38.0
1776887700.8491027,4.0,-1.0,-33.0
1776887700.8591027,2.0,-3.0,-25.0
1776887700.8691027,-4.0,-7.0,-29.0
1776887700.8791027,-5.0,-3.0,-29.0
1776887700.8891027,-5.0,-2.0,-33.0
1776887700.8991027,-4.0,-5.0,-34.0
1776887700.909103,-6.0,-1.0,-32.0
1776887700.919103,-6.0,-1.0,-36.0
1776887700.929103,-4.0,-5.0,-36.0
1776887700.9391026,-5.0,-7.0,-35.0
1776887700.9491026,-5.0,-5.0,-36.0
1776887700.9591026,-2.0,-2.0,-30.0
1776887700.9691026,-2.0,-2.0,-31.0
1776887700.9791028,0.0,0.0,-34.0
1776887700.9891028,-2.0,3.0,-41.0
1776887700.9991028,-4.0,5.0,-45.0
1776887701.0091028,-7.0,6.0,-43.0
1776887701.0191028,-4.0,5.0,-40.0
1776887701.0291028,0.0,7.0,-41.0
1776887701.0391028,2.0,6.0,-41.0
1776887701.0491028,4.0,7.0,-37.0
1776887701.0591028,1.0,8.0,-37.0
1776887701.0691028,0.0,8.0,-36.0
1776887701.0791028,4.0,5.0,-42.0
1776887701.0891027,2.0,2.0,-36.0
1776887701.0991027,4.0,2.0,-32.0
1776887701.1091027,3.0,-1.0,-34.0
1776887701.1191027,4.0,0.0,-33.0
1776887701.1291027,2.0,3.0,-37.0
1776887701.1391027,5.0,4.0,-43.0
1776887701.1491027,5.0,3.0,-44.0
1776887701.159103,5.0,0.0,-46.0
1776887701.169103,0.0,0.0,-45.0
1776887701.179103,-7.0,2.0,-46.0
1776887701.1891026,-6.0,2.0,-43.0
1776887701.1991026,-3.0,1.0,-39.0
1776887701.2091026,-4.0,3.0,-39.0
1776887701.2191026,-10.0,6.0,-36.0
1776887701.2291028,-8.0,5.0,-38.0
1776887701.2391028,-2.0,4.0,-42.0
1776887701.2491028,1.0,0.0,-35.0
1776887701.2591028,-2.0,4.0,-38.0
1776887701.2691028,-8.0,4.0,-36.0
1776887701.2791028,-6.0,1.0,-35.0
1776887701.2891028,-4.0,-1.0,-35.0
1776887701.2991028,0.0,-2.0,-35.0
1776887701.3091028,-3.0,-2.0,-35.0
1776887701.3191028,-4.0,-1.0,-33.0
1776887701.3291028,-3.0,0.0,-32.0
1776887701.3391027,-3.0,4.0,-36.0
1776887701.3491027,-3.0,1.0,-37.0
1776887701.3591027,0.0,0.0,-36.0
1776887701.3691027,-1.0,-2.0,-39.0
1776887701.3791027,0.0,0.0,-35.0
1776887701.3891027,5.0,-4.0,-29.0
1776887701.3991027,6.0,0.0,-32.0
1776887701.409103,4.0,1.0,-29.0
1776887701.419103,3.0,0.0,-30.0
1776887701.429103,0.0,-2.0,-30.0
1776887701.4391026,4.0,-6.0,-25.0
1776887701.4491026,6.0,-7.0,-27.0
1776887701.4591026,5.0,-7.0,-27.0
1776887701.4691026,6.0,-5.0,-29.0
1776887701.4791028,5.0,-5.0,-26.0
1776887701.4891028,2.0,-4.0,-28.0
1776887701.4991028,4.0,-4.0,-26.0
1776887701.5091028,9.0,-2.0,-30.0
1776887701.5191028,8.0,-2.0,-29.0
1776887701.5291028,6.0,-4.0,-36.0
1776887701.5391028,8.0,-5.0,-33.0
1776887701.5491028,5.0,-3.0,-40.0
1776887701.5591028,1.0,-5.0,-42.0
1776887701.5691028,0.0,-7.0,-43.0
1776887701.5791028,-2.0,-5.0,-38.0
1776887701.5891027,0.0,-6.0,-44.0
1776887701.5991027,1.0,-4.0,-41.0
1776887701.6091027,3.0,-4.0,-40.0
1776887701.6191027,3.0,-3.0,-37.0
1776887701.6291027,0.0,-4.0,-35.0
1776887701.6391027,1.0,-2.0,-32.0
1776887701.6491027,2.0,-7.0,-30.0
1776887701.659103,1.0,-7.0,-34.0
1776887701.669103,4.0,-1.0,-33.0
1776887701.679103,4.0,0.0,-34.0
1776887701.6891026,3.0,0.0,-34.0
1776887701.6991026,3.0,0.0,-29.0
1776887701.7091026,3.0,1.0,-29.0
1776887701.7191026,0.0,0.0,-30.0
1776887701.7291028,-2.0,3.0,-30.0
1776887701.7391028,3.0,7.0,-28.0
1776887701.7491028,1.0,0.0,-33.0
1776887701.7591028,0.0,-2.0,-39.0
1776887701.7691028,0.0,-1.0,-41.0
1776887701.7791028,4.0,0.0,-38.0
1776887701.7891028,3.0,0.0,-35.0
1776887701.7991028,5.0,1.0,-33.0
1776887701.8091028,3.0,-2.0,-29.0
1776887701.8191028,4.0,-4.0,-31.0
1776887701.8291028,3.0,-3.0,-30.0
1776887701.8391027,2.0,0.0,-31.0
1776887701.8491027,0.0,0.0,-34.0
1776887701.8591027,-1.0,-1.0,-32.0
1776887701.8691027,1.0,-4.0,-30.0
1776887701.8791027,-1.0,-5.0,-29.0
1776887701.8891027,3.0,-4.0,-29.0
1776887701.8991027,5.0,-1.0,-30.0
1776887701.909103,3.0,2.0,-31.0
1776887701.919103,-1.0,-1.0,-23.0
1776887701.929103,1.0,-6.0,-26.0
1776887701.9391026,0.0,-8.0,-31.0
1776887701.9491026,0.0,-8.0,-30.0
1776887701.9591026,-3.0,-11.0,-31.0
1776887701.9691026,-5.0,-9.0,-37.0
1776887701.9791028,-4.0,-5.0,-37.0
1776887701.9891028,-4.0,-3.0,-32.0
1776887701.9991028,-3.0,-3.0,-35.0
1776887702.0091028,0.0,-4.0,-39.0
1776887702.0191028,-1.0,-5.0,-39.0
1776887702.0291028,-1.0,-8.0,-38.0
1776887702.0391028,-4.0,-10.0,-32.0
1776887702.0491028,-3.0,-7.0,-34.0
1776887702.0591028,-4.0,-3.0,-36.0
1776887702.0691028,0.0,-3.0,-39.0
1776887702.0791028,0.0,-6.0,-44.0
1776887702.0891027,3.0,-13.0,-44.0
1776887702.0991027,3.0,-11.0,-44.0
1776887702.1091027,2.0,-8.0,-48.0
1776887702.1191027,2.0,-6.0,-41.0
1776887702.1301026,3.0,-4.0,-33.0
1776887702.1401026,1.0,-1.0,-32.0
1776887702.1501029,-2.0,-1.0,-39.0
1776887702.159103,-2.0,-1.0,-37.0
1776887702.1701028,-1.0,-4.0,-38.0
1776887702.1801028,-4.0,-4.0,-38.0
1776887702.1901028,-2.0,-3.0,-37.0
1776887702.2001028,-1.0,0.0,-42.0
1776887702.2091026,-3.0,0.0,-41.0
1776887702.2201028,0.0,-2.0,-40.0
1776887702.2301028,0.0,-3.0,-38.0
1776887702.2401028,-1.0,0.0,-35.0
1776887702.2501028,3.0,2.0,-38.0
1776887702.2601027,2.0,2.0,-42.0
1776887702.2701027,4.0,3.0,-39.0
1776887702.2801027,7.0,3.0,-44.0
1776887702.2901027,5.0,3.0,-38.0
1776887702.3001027,3.0,2.0,-35.0
1776887702.3101027,2.0,1.0,-29.0
1776887702.3201027,3.0,1.0,-24.0
1776887702.3301027,2.0,1.0,-31.0
1776887702.340103,0.0,2.0,-34.0
1776887702.350103,0.0,0.0,-27.0
1776887702.360103,-4.0,-3.0,-27.0
1776887702.3701026,-5.0,-2.0,-28.0
1776887702.3801026,-6.0,-4.0,-30.0
1776887702.3901026,-3.0,-5.0,-25.0
1776887702.4001029,-4.0,-6.0,-29.0
1776887702.4101028,-5.0,-3.0,-35.0
1776887702.4201028,1.0,-6.0,-38.0
1776887702.4301028,-3.0,-4.0,-37.0
1776887702.4401028,0.0,-3.0,-38.0
1776887702.4501028,1.0,0.0,-39.0
1776887702.4601028,0.0,1.0,-36.0
1776887702.4701028,3.0,-2.0,-36.0
1776887702.4801028,3.0,-5.0,-33.0
1776887702.4901028,-2.0,-9.0,-30.0
1776887702.5001028,0.0,-6.0,-35.0
1776887702.5101027,5.0,-11.0,-34.0
1776887702.5201027,6.0,-8.0,-32.0
1776887702.5301027,11.0,-5.0,-29.0
1776887702.5401027,9.0,-2.0,-38.0
1776887702.5501027,6.0,-1.0,-46.0
1776887702.5601027,7.0,-5.0,-47.0
1776887702.5701027,8.0,-7.0,-41.0
1776887702.5801027,11.0,-11.0,-36.0
1776887702.590103,8.0,-9.0,-37.0
1776887702.600103,10.0,-3.0,-37.0
1776887702.610103,9.0,-4.0,-34.0
1776887702.6201026,5.0,-5.0,-28.0
1776887702.6301026,1.0,-4.0,-27.0
1776887702.6401026,2.0,-7.0,-32.0
1776887702.6501029,3.0,-4.0,-36.0
1776887702.6601028,0.0,-6.0,-34.0
1776887702.6701028,0.0,-6.0,-35.0
1776887702.6801028,-2.0,-1.0,-34.0
1776887702.6901028,-2.0,-3.0,-33.0
1776887702.7001028,3.0,-3.0,-27.0
1776887702.7101028,4.0,-5.0,-32.0
1776887702.7201028,2.0,1.0,-34.0
1776887702.7301028,3.0,1.0,-28.0
1776887702.7401028,1.0,2.0,-22.0
1776887702.7501028,2.0,1.0,-26.0
1776887702.7601027,0.0,0.0,-31.0
1776887702.7701027,3.0,3.0,-35.0
1776887702.7801027,-2.0,3.0,-32.0
1776887702.7901027,-2.0,3.0,-35.0
1776887702.8001027,-2.0,4.0,-34.0
1776887702.8101027,-2.0,6.0,-44.0
1776887702.8201027,-5.0,5.0,-44.0
1776887702.8301027,-2.0,1.0,-47.0
1776887702.840103,-2.0,0.0,-42.0
1776887702.850103,-3.0,1.0,-45.0
1776887702.860103,0.0,3.0,-46.0
1776887702.8701026,-4.0,-1.0,-48.0
1776887702.8801026,-1.0,0.0,-48.0
1776887702.8901026,0.0,2.0,-37.0
1776887702.9001029,2.0,-2.0,-41.0
1776887702.9101028,5.0,0.0,-35.0
1776887702.9201028,3.0,-2.0,-33.0
1776887702.9301028,0.0,-1.0,-31.0
1776887702.9401028,1.0,3.0,-30.0
1776887702.9501028,0.0,4.0,-27.0
1776887702.9601028,0.0,1.0,-27.0
1776887702.9701028,3.0,0.0,-30.0
1776887702.9801028,0.0,-1.0,-26.0
1776887702.9901028,2.0,-5.0,-28.0
1776887703.0001028,0.0,-1.0,-30.0
1776887703.0101027,2.0,3.0,-31.0
1776887703.0201027,2.0,1.0,-31.0
1776887703.0301027,0.0,0.0,-30.0
1776887703.0401027,1.0,3.0,-33.0
1776887703.0501027,4.0,-1.0,-31.0
1776887703.0601027,4.0,0.0,-29.0
1776887703.0701027,1.0,1.0,-33.0
1776887703.0801027,1.0,1.0,-35.0
1776887703.090103,5.0,4.0,-38.0
1776887703.100103,6.0,4.0,-38.0
1776887703.110103,3.0,4.0,-41.0
1776887703.1201026,4.0,0.0,-44.0
1776887703.1301026,1.0,-2.0,-40.0
1776887703.1401026,-1.0,-2.0,-34.0
1776887703.1501029,-1.0,-4.0,-31.0
1776887703.1601028,-3.0,-8.0,-37.0
1776887703.1701028,-3.0,-5.0,-37.0
1776887703.1801028,-4.0,-4.0,-36.0
1776887703.1901028,0.0,-7.0,-32.0
1776887703.2001028,-1.0,-4.0,-35.0
1776887703.2101028,-4.0,0.0,-37.0
1776887703.2201028,-5.0,4.0,-31.0
1776887703.2301028,0.0,5.0,-31.0
1776887703.2401028,-1.0,2.0,-37.0
1776887703.2501028,0.0,0.0,-41.0
1776887703.2601027,1.0,2.0,-35.0
1776887703.2701027,3.0,4.0,-31.0
1776887703.2801027,4.0,1.0,-27.0
1776887703.2901027,-1.0,4.0,-36.0
1776887703.3001027,0.0,2.0,-35.0
1776887703.3101027,-2.0,1.0,-41.0
1776887703.3201027,-2.0,4.0,-47.0
1776887703.3301027,-1.0,8.0,-43.0
1776887703.340103,-2.0,8.0,-46.0
1776887703.350103,2.0,8.0,-46.0
1776887703.360103,-2.0,0.0,-42.0
1776887703.3701026,1.0,0.0,-41.0
1776887703.3801026,4.0,0.0,-42.0
1776887703.3901026,0.0,0.0,-37.0
1776887703.4001029,5.0,-2.0,-41.0
1776887703.4101028,7.0,-3.0,-39.0
1776887703.4201028,9.0,-2.0,-34.0
1776887703.4301028,7.0,-2.0,-39.0
1776887703.4401028,9.0,-2.0,-40.0
1776887703.4501028,10.0,-5.0,-42.0
1776887703.4601028,6.0,1.0,-45.0
1776887703.4701028,5.0,-3.0,-47.0
1776887703.4801028,2.0,1.0,-43.0
1776887703.4901028,0.0,5.0,-41.0
1776887703.5001028,7.0,1.0,-42.0
1776887703.5101027,6.0,0.0,-40.0
1776887703.5201027,6.0,-4.0,-40.0
1776887703.5301027,0.0,-4.0,-37.0
1776887703.5401027,-3.0,-4.0,-35.0
1776887703.5501027,-3.0,-7.0,-35.0
1776887703.5601027,-1.0,-8.0,-36.0
1776887703.5701027,-6.0,-8.0,-40.0
1776887703.5801027,-9.0,-8.0,-40.0
1776887703.590103,-4.0,-8.0,-39.0
1776887703.600103,-5.0,-6.0,-40.0
1776887703.610103,-5.0,-7.0,-32.0
1776887703.6201026,-4.0,-3.0,-33.0
1776887703.6301026,-2.0,0.0,-34.0
1776887703.6401026,0.0,-1.0,-29.0
1776887703.6501029,0.0,0.0,-28.0
1776887703.6601028,1.0,2.0,-36.0
1776887703.6701028,0.0,3.0,-33.0
1776887703.6801028,0.0,1.0,-30.0
1776887703.6901028,2.0,1.0,-30.0
1776887703.7001028,0.0,2.0,-29.0
1776887703.7101028,-5.0,3.0,-21.0
1776887703.7201028,2.0,-1.0,-20.0
1776887703.7301028,3.0,-3.0,-19.0
1776887703.7401028,6.0,-9.0,-23.0
1776887703.7501028,6.0,-10.0,-23.0
1776887703.7601027,6.0,-4.0,-28.0
1776887703.7701027,2.0,-1.0,-29.0
1776887703.7801027,2.0,1.0,-31.0
1776887703.7901027,-3.0,0.0,-34.0
1776887703.8001027,-7.0,1.0,-36.0
1776887703.8101027,0.0,1.0,-38.0
1776887703.8201027,0.0,1.0,-37.0
1776887703.8301027,3.0,0.0,-37.0
1776887703.840103,3.0,0.0,-36.0
1776887703.850103,2.0,0.0,-33.0
1776887703.860103,0.0,-3.0,-28.0
1776887703.8701026,1.0,0.0,-35.0
1776887703.8801026,-4.0,0.0,-39.0
1776887703.8901026,-1.0,-2.0,-42.0
1776887703.9001029,2.0,0.0,-35.0
1776887703.9101028,1.0,-1.0,-40.0
1776887703.9201028,0.0,2.0,-35.0
1776887703.9301028,0.0,6.0,-29.0
1776887703.9401028,-1.0,4.0,-37.0
1776887703.9501028,3.0,2.0,-40.0
1776887703.9601028,0.0,0.0,-39.0
1776887703.9701028,5.0,0.0,-40.0
1776887703.9801028,3.0,-1.0,-45.0
1776887703.9901028,5.0,-2.0,-47.0
1776887704.0001028,1.0,-3.0,-45.0
1776887704.0101027,0.0,-3.0,-43.0
1776887704.0201027,1.0,-4.0,-40.0
1776887704.0301027,1.0,-4.0,-31.0
1776887704.0401027,-3.0,-5.0,-31.0
1776887704.0501027,-4.0,-1.0,-30.0
1776887704.0601027,-7.0,-3.0,-31.0
1776887704.0701027,-8.0,-2.0,-37.0
1776887704.0801027,-8.0,1.0,-32.0
1776887704.090103,-4.0,1.0,-30.0
1776887704.100103,3.0,0.0,-29.0
1776887704.110103,5.0,3.0,-27.0
1776887704.1201026,0.0,1.0,-34.0
1776887704.1301026,-2.0,-2.0,-35.0
1776887704.1401026,1.0,-3.0,-38.0
1776887704.1511028,-1.0,-3.0,-45.0
1776887704.1611028,0.0,-6.0,-39.0
1776887704.1711028,1.0,-7.0,-45.0
1776887704.1811028,1.0,-7.0,-46.0
1776887704.1911027,3.0,-7.0,-43.0
1776887704.2011027,8.0,-6.0,-38.0
1776887704.2111027,5.0,-5.0,-34.0
1776887704.2211027,2.0,-4.0,-35.0
1776887704.2311027,1.0,0.0,-30.0
1776887704.2411027,0.0,-3.0,-26.0
1776887704.2511027,-3.0,-4.0,-32.0
1776887704.261103,0.0,-5.0,-37.0
1776887704.271103,1.0,-2.0,-35.0
1776887704.281103,3.0,-5.0,-35.0
1776887704.2911026,0.0,-2.0,-36.0
1776887704.3011026,0.0,-3.0,-30.0
1776887704.3111026,0.0,-5.0,-27.0
1776887704.3211029,2.0,-8.0,-25.0
1776887704.3311028,2.0,-4.0,-26.0
1776887704.3411028,0.0,-5.0,-30.0
1776887704.3511028,2.0,-4.0,-36.0
1776887704.3611028,4.0,-3.0,-39.0
1776887704.3711028,6.0,-1.0,-47.0
1776887704.3811028,5.0,0.0,-47.0
1776887704.3911028,3.0,0.0,-44.0
1776887704.4011028,0.0,0.0,-43.0
1776887704.4111028,0.0,3.0,-38.0
1776887704.4211028,1.0,3.0,-32.0
1776887704.4311028,1.0,0.0,-36.0
1776887704.4411027,3.0,-5.0,-39.0
1776887704.4511027,5.0,-1.0,-43.0
1776887704.4611027,5.0,0.0,-41.0
1776887704.4711027,4.0,-2.0,-36.0
1776887704.4811027,6.0,0.0,-36.0
1776887704.4911027,0.0,1.0,-36.0
1776887704.5011027,-1.0,0.0,-37.0
1776887704.511103,0.0,1.0,-34.0
1776887704.521103,3.0,-2.0,-33.0
1776887704.531103,9.0,-1.0,-34.0
1776887704.5411026,9.0,-1.0,-40.0
1776887704.5511026,6.0,0.0,-45.0
1776887704.5611026,6.0,0.0,-49.0
1776887704.5711029,3.0,0.0,-42.0
1776887704.5811028,5.0,-1.0,-46.0
1776887704.5911028,7.0,-1.0,-40.0
1776887704.6011028,5.0,-3.0,-40.0
1776887704.6111028,2.0,-2.0,-32.0
1776887704.6211028,3.0,0.0,-23.0
1776887704.6311028,4.0,-2.0,-22.0
1776887704.6411028,7.0,-2.0,-23.0
1776887704.6511028,10.0,-6.0,-30.0
1776887704.6611028,10.0,-4.0,-32.0
1776887704.6711028,8.0,-3.0,-34.0
1776887704.6811028,11.0,-4.0,-32.0
1776887704.6911027,10.0,-2.0,-31.0
1776887704.7011027,6.0,-1.0,-27.0
1776887704.7111027,1.0,-5.0,-27.0
1776887704.7211027,-2.0,-7.0,-30.0
1776887704.7311027,-4.0,-7.0,-30.0
1776887704.7411027,-5.0,-9.0,-34.0
1776887704.7511027,-3.0,-8.0,-38.0
1776887704.761103,0.0,-4.0,-42.0
1776887704.771103,-1.0,-8.0,-33.0
1776887704.781103,-4.0,-13.0,-35.0
1776887704.7911026,-4.0,-10.0,-33.0
1776887704.8011026,-5.0,-5.0,-34.0
1776887704.8111026,-7.0,-4.0,-37.0
1776887704.8211029,-8.0,0.0,-33.0
1776887704.8311028,-5.0,3.0,-42.0
1776887704.8411028,-6.0,6.0,-37.0
1776887704.8511028,-5.0,5.0,-42.0
1776887704.8611028,-1.0,0.0,-38.0
1776887704.8711028,-3.0,-2.0,-48.0
1776887704.8811028,-5.0,-1.0,-50.0
1776887704.8911028,-5.0,-5.0,-46.0
1776887704.9011028,-2.0,-5.0,-48.0
1776887704.9111028,-1.0,-5.0,-45.0
1776887704.9211028,-3.0,-4.0,-40.0
1776887704.9311028,-4.0,-4.0,-34.0
1776887704.9411027,-2.0,-3.0,-42.0
1776887704.9511027,0.0,-4.0,-37.0
1776887704.9611027,-1.0,-3.0,-41.0
1776887704.9711027,-2.0,0.0,-38.0
1776887704.9811027,-5.0,-2.0,-34.0
1776887704.9911027,-5.0,-6.0,-36.0
1776887705.0011027,-9.0,-8.0,-35.0
1776887705.011103,-5.0,-6.0,-41.0
1776887705.021103,-2.0,-6.0,-34.0
1776887705.031103,-3.0,-2.0,-34.0
1776887705.0411026,-1.0,-9.0,-38.0
1776887705.0511026,-2.0,-8.0,-31.0
1776887705.0611026,-3.0,-8.0,-32.0
1776887705.0711029,-3.0,-6.0,-29.0
1776887705.0811028,-5.0,-3.0,-26.0
1776887705.0911028,-2.0,-1.0,-24.0
1776887705.1011028,0.0,1.0,-23.0
1776887705.1111028,-1.0,4.0,-30.0
1776887705.1211028,2.0,5.0,-33.0
1776887705.1311028,2.0,1.0,-40.0
1776887705.1411028,6.0,3.0,-41.0
1776887705.1511028,6.0,6.0,-40.0
1776887705.1611028,4.0,4.0,-39.0
1776887705.1711028,0.0,6.0,-35.0
1776887705.1811028,3.0,7.0,-37.0
1776887705.1911027,6.0,4.0,-45.0
1776887705.2011027,6.0,0.0,-45.0
1776887705.2111027,6.0,-1.0,-44.0
1776887705.2211027,2.0,-3.0,-47.0
1776887705.2311027,3.0,-3.0,-45.0
1776887705.2411027,7.0,-1.0,-40.0
1776887705.2511027,2.0,0.0,-37.0
1776887705.261103,-1.0,-3.0,-38.0
1776887705.271103,-1.0,-3.0,-38.0
1776887705.281103,-1.0,-2.0,-33.0
1776887705.2911026,0.0,0.0,-34.0
1776887705.3011026,4.0,1.0,-35.0
1776887705.3111026,6.0,5.0,-35.0
1776887705.3211029,9.0,5.0,-34.0
1776887705.3311028,6.0,6.0,-32.0
1776887705.3411028,4.0,2.0,-29.0
1776887705.3511028,0.0,-2.0,-33.0
1776887705.3611028,0.0,-2.0,-30.0
1776887705.3711028,5.0,-4.0,-30.0
1776887705.3811028,0.0,-4.0,-31.0
1776887705.3911028,0.0,-1.0,-35.0
1776887705.4011028,1.0,0.0,-39.0
1776887705.4111028,5.0,-1.0,-36.0
1776887705.4211028,8.0,-2.0,-41.0
1776887705.4311028,4.0,-8.0,-44.0
1776887705.4411027,3.0,-9.0,-44.0
1776887705.4511027,0.0,-8.0,-45.0
1776887705.4611027,0.0,-7.0,-47.0
1776887705.4711027,-1.0,-6.0,-49.0
1776887705.4811027,-2.0,-5.0,-47.0
1776887705.4911027,-2.0,-6.0,-47.0
1776887705.5011027,-2.0,-5.0,-45.0
1776887705.511103,-3.0,-4.0,-36.0
1776887705.521103,-3.0,-2.0,-31.0
1776887705.531103,-6.0,-1.0,-29.0
1776887705.5411026,-7.0,-6.0,-34.0
1776887705.5511026,-9.0,-4.0,-32.0
1776887705.5611026,-5.0,-4.0,-33.0
1776887705.5711029,0.0,-1.0,-33.0
1776887705.5811028,0.0,-2.0,-36.0
1776887705.5911028,0.0,0.0,-28.0
1776887705.6011028,-3.0,6.0,-37.0
1776887705.6111028,0.0,6.0,-41.0
1776887705.6211028,1.0,2.0,-42.0
1776887705.6311028,3.0,2.0,-45.0
1776887705.6411028,0.0,3.0,-43.0
1776887705.6511028,0.0,1.0,-46.0
1776887705.6611028,-6.0,3.0,-47.0
1776887705.6711028,-7.0,-1.0,-43.0
1776887705.6811028,-5.0,-1.0,-44.0
1776887705.6911027,-5.0,-5.0,-40.0
1776887705.7011027,-5.0,-4.0,-37.0
1776887705.7111027,-2.0,-4.0,-31.0
1776887705.7211027,2.0,-10.0,-32.0
1776887705.7311027,0.0,-4.0,-29.0
1776887705.7411027,2.0,-3.0,-33.0
1776887705.7511027,3.0,-4.0,-27.0
1776887705.761103,0.0,-2.0,-34.0
1776887705.771103,-5.0,-3.0,-37.0
1776887705.781103,-4.0,0.0,-36.0
1776887705.7911026,-2.0,-1.0,-33.0
1776887705.8011026,0.0,-4.0,-27.0
1776887705.8111026,4.0,-5.0,-23.0
1776887705.8211029,-1.0,-4.0,-22.0
1776887705.8311028,-1.0,-6.0,-20.0
1776887705.8411028,-3.0,-5.0,-28.0
1776887705.8511028,-3.0,-3.0,-34.0
1776887705.8611028,-3.0,-3.0,-31.0
1776887705.8711028,-4.0,-1.0,-34.0
1776887705.8811028,-4.0,-3.0,-24.0
1776887705.8911028,-1.0,0.0,-19.0
1776887705.9011028,-2.0,1.0,-22.0
1776887705.9111028,-3.0,3.0,-27.0
1776887705.9211028,0.0,3.0,-28.0
1776887705.9311028,-4.0,-3.0,-31.0
1776887705.9411027,-6.0,-5.0,-31.0
1776887705.9511027,-5.0,-4.0,-35.0
1776887705.9611027,-2.0,-4.0,-39.0
1776887705.9711027,0.0,-7.0,-34.0
1776887705.9811027,4.0,-6.0,-29.0
1776887705.9911027,5.0,-5.0,-30.0
1776887706.0011027,5.0,-2.0,-40.0
1776887706.011103,7.0,-3.0,-44.0
1776887706.021103,7.0,3.0,-39.0
1776887706.031103,6.0,4.0,-33.0
1776887706.0411026,6.0,4.0,-31.0
1776887706.0511026,5.0,0.0,-35.0
1776887706.0611026,1.0,0.0,-32.0
1776887706.0711029,2.0,2.0,-34.0
1776887706.0811028,4.0,5.0,-43.0
1776887706.0911028,0.0,6.0,-46.0
1776887706.1011028,-1.0,8.0,-43.0
1776887706.1111028,-2.0,4.0,-38.0
1776887706.1211028,-5.0,4.0,-35.0
1776887706.1321027,-6.0,1.0,-38.0
1776887706.1411028,-8.0,2.0,-42.0
1776887706.1521027,-5.0,0.0,-42.0
1776887706.1621027,-2.0,4.0,-41.0
1776887706.1721027,-1.0,1.0,-35.0
1776887706.182103,4.0,1.0,-36.0
1776887706.192103,6.0,3.0,-30.0
1776887706.202103,10.0,0.0,-34.0
1776887706.212103,10.0,3.0,-36.0
1776887706.2221026,11.0,3.0,-39.0
1776887706.2321026,9.0,-3.0,-38.0
1776887706.2421026,7.0,-6.0,-42.0
1776887706.2521029,0.0,0.0,-41.0
1776887706.2621028,-1.0,-2.0,-35.0
1776887706.2721028,-3.0,-3.0,-30.0
1776887706.2821028,-3.0,-4.0,-35.0
1776887706.2921028,1.0,-1.0,-37.0
1776887706.3021028,2.0,-1.0,-35.0
1776887706.3121028,2.0,-1.0,-33.0
1776887706.3221028,2.0,-1.0,-35.0
1776887706.3321028,7.0,-4.0,-34.0
1776887706.3421028,6.0,-11.0,-33.0
1776887706.3521028,3.0,-7.0,-35.0
1776887706.3621027,5.0,-6.0,-31.0
1776887706.3721027,6.0,-6.0,-37.0
1776887706.3821027,1.0,-1.0,-34.0
1776887706.3921027,6.0,0.0,-33.0
1776887706.4021027,5.0,-3.0,-38.0
1776887706.4121027,4.0,-1.0,-41.0
1776887706.4221027,6.0,-1.0,-38.0
1776887706.432103,8.0,-3.0,-34.0
1776887706.442103,4.0,1.0,-38.0
1776887706.452103,2.0,4.0,-42.0
1776887706.462103,0.0,5.0,-42.0
1776887706.4721026,0.0,2.0,-41.0
1776887706.4821026,-1.0,-1.0,-36.0
1776887706.4921026,-2.0,-1.0,-32.0
1776887706.5021029,0.0,0.0,-29.0
1776887706.5121028,3.0,3.0,-34.0
1776887706.5221028,4.0,1.0,-38.0
1776887706.5321028,5.0,4.0,-37.0
1776887706.5421028,8.0,6.0,-35.0
1776887706.5521028,5.0,5.0,-35.0
1776887706.5621028,3.0,4.0,-34.0
1776887706.5721028,0.0,0.0,-37.0
1776887706.5821028,0.0,0.0,-39.0
1776887706.5921028,0.0,0.0,-37.0
1776887706.6021028,4.0,1.0,-41.0
1776887706.6121027,5.0,1.0,-38.0
1776887706.6221027,3.0,0.0,-41.0
1776887706.6321027,4.0,-1.0,-42.0
1776887706.6421027,3.0,1.0,-39.0
1776887706.6521027,5.0,0.0,-35.0
1776887706.6621027,6.0,0.0,-38.0
1776887706.6721027,6.0,-2.0,-36.0
1776887706.682103,1.0,-2.0,-37.0
1776887706.692103,3.0,0.0,-36.0
1776887706.702103,4.0,0.0,-34.0
1776887706.712103,4.0,0.0,-41.0
1776887706.7221026,4.0,5.0,-46.0
1776887706.7321026,3.0,6.0,-47.0
1776887706.7421026,1.0,7.0,-45.0
1776887706.7521029,-1.0,8.0,-47.0
1776887706.7621028,0.0,4.0,-43.0
1776887706.7721028,0.0,5.0,-43.0
1776887706.7821028,4.0,6.0,-40.0
1776887706.7921028,3.0,4.0,-40.0
1776887706.8021028,2.0,2.0,-44.0
1776887706.8121028,1.0,5.0,-37.0
1776887706.8221028,-1.0,5.0,-33.0
1776887706.8321028,0.0,3.0,-33.0
1776887706.8421028,-1.0,4.0,-31.0
1776887706.8521028,0.0,2.0,-29.0
1776887706.8621027,6.0,-2.0,-32.0
1776887706.8721027,2.0,-6.0,-32.0
1776887706.8821027,0.0,-9.0,-33.0
1776887706.8921027,3.0,-10.0,-36.0
1776887706.9021027,4.0,-9.0,-34.0
1776887706.9121027,0.0,-7.0,-32.0
1776887706.9221027,2.0,-4.0,-32.0
1776887706.932103,7.0,-4.0,-33.0
1776887706.942103,5.0,-7.0,-30.0
1776887706.952103,2.0,-10.0,-28.0
1776887706.962103,0.0,-10.0,-34.0
1776887706.9721026,0.0,-8.0,-35.0
1776887706.9821026,0.0,-5.0,-37.0
1776887706.9921026,0.0,-1.0,-37.0
1776887707.0021029,-2.0,0.0,-39.0
1776887707.0121028,-3.0,1.0,-44.0
1776887707.0221028,-2.0,2.0,-49.0
1776887707.0321028,-5.0,1.0,-45.0
1776887707.0421028,-5.0,1.0,-38.0
1776887707.0521028,-4.0,-2.0,-33.0
1776887707.0621028,-1.0,-3.0,-28.0
1776887707.0721028,-4.0,-1.0,-30.0
1776887707.0821028,-1.0,-1.0,-34.0
1776887707.0921028,1.0,-3.0,-37.0
1776887707.1021028,0.0,-2.0,-33.0
1776887707.1121027,1.0,-4.0,-36.0
1776887707.1221027,-3.0,-3.0,-29.0
1776887707.1321027,0.0,2.0,-25.0
1776887707.1421027,2.0,3.0,-24.0
1776887707.1521027,4.0,6.0,-25.0
1776887707.1621027,6.0,8.0,-27.0
1776887707.1721027,1.0,4.0,-28.0
1776887707.182103,-4.0,3.0,-26.0
1776887707.192103,0.0,3.0,-29.0
1776887707.202103,0.0,1.0,-36.0
1776887707.212103,3.0,2.0,-42.0
1776887707.2221026,1.0,3.0,-42.0
1776887707.2321026,-3.0,6.0,-42.0
1776887707.2421026,-2.0,5.0,-42.0
1776887707.2521029,1.0,2.0,-47.0
1776887707.2621028,-1.0,0.0,-44.0
1776887707.2721028,0.0,0.0,-46.0
1776887707.2821028,-1.0,2.0,-40.0
1776887707.2921028,1.0,2.0,-34.0
1776887707.3021028,2.0,0.0,-34.0
1776887707.3121028,1.0,5.0,-41.0
1776887707.3221028,3.0,3.0,-35.0
1776887707.3321028,1.0,5.0,-36.0
1776887707.3421028,-1.0,5.0,-36.0
1776887707.3521028,0.0,4.0,-38.0
1776887707.3621027,2.0,0.0,-43.0
1776887707.3721027,-1.0,0.0,-37.0
1776887707.3821027,1.0,0.0,-40.0
1776887707.3921027,4.0,-1.0,-46.0
1776887707.4021027,0.0,1.0,-47.0
1776887707.4121027,1.0,-1.0,-38.0
1776887707.4221027,1.0,-2.0,-40.0
1776887707.432103,1.0,-2.0,-37.0
1776887707.442103,3.0,-2.0,-34.0
1776887707.452103,6.0,0.0,-37.0
1776887707.462103,4.0,-4.0,-32.0
1776887707.4721026,6.0,-1.0,-43.0
1776887707.4821026,1.0,-1.0,-43.0
1776887707.4921026,2.0,0.0,-40.0
1776887707.5021029,2.0,0.0,-38.0
1776887707.5121028,0.0,2.0,-39.0
1776887707.5221028,-2.0,5.0,-31.0
1776887707.5321028,1.0,0.0,-33.0
1776887707.5421028,3.0,3.0,-36.0
1776887707.5521028,1.0,1.0,-43.0
1776887707.5621028,0.0,2.0,-41.0
1776887707.5721028,0.0,3.0,-33.0
1776887707.5821028,3.0,7.0,-36.0
1776887707.5921028,0.0,6.0,-31.0
1776887707.6021028,0.0,6.0,-32.0
1776887707.6121027,1.0,2.0,-34.0
1776887707.6221027,2.0,-3.0,-29.0
1776887707.6321027,2.0,-5.0,-33.0
1776887707.6421027,0.0,-3.0,-38.0
1776887707.6521027,-2.0,-4.0,-45.0
1776887707.6621027,-3.0,-3.0,-39.0
1776887707.6721027,-4.0,-4.0,-31.0
1776887707.682103,-6.0,-3.0,-29.0
1776887707.692103,-3.0,-7.0,-29.0
1776887707.7031028,-1.0,-4.0,-35.0
1776887707.712103,3.0,-5.0,-41.0
1776887707.7221026,5.0,-5.0,-41.0
1776887707.7321026,0.0,-7.0,-36.0
1776887707.7421026,3.0,-2.0,-28.0
1776887707.7521029,4.0,-2.0,-28.0
1776887707.7621028,3.0,0.0,-30.0
1776887707.7721028,4.0,-2.0,-23.0
1776887707.7821028,3.0,2.0,-27.0
1776887707.7921028,9.0,2.0,-32.0
1776887707.8021028,11.0,-1.0,-35.0
1776887707.8121028,11.0,-5.0,-33.0
1776887707.8221028,11.0,-1.0,-42.0
1776887707.8321028,12.0,-1.0,-47.0
1776887707.8421028,10.0,-2.0,-45.0
1776887707.8521028,5.0,2.0,-46.0
1776887707.8621027,1.0,3.0,-44.0
1776887707.8721027,-1.0,0.0,-38.0
1776887707.8821027,1.0,-2.0,-43.0
1776887707.8921027,2.0,0.0,-39.0
1776887707.9021027,0.0,2.0,-42.0
1776887707.9121027,0.0,2.0,-42.0
1776887707.9221027,2.0,-1.0,-47.0
1776887707.932103,5.0,2.0,-44.0
1776887707.942103,7.0,-1.0,-41.0
1776887707.952103,2.0,2.0,-33.0
1776887707.962103,-1.0,0.0,-25.0
1776887707.9721026,-3.0,-1.0,-33.0
1776887707.9821026,-2.0,-2.0,-38.0
1776887707.9921026,-1.0,0.0,-37.0
1776887708.0021029,-2.0,1.0,-45.0
1776887708.0121028,0.0,4.0,-40.0
1776887708.0221028,-4.0,6.0,-39.0
1776887708.0321028,-5.0,1.0,-47.0
1776887708.0421028,-10.0,0.0,-44.0
1776887708.0521028,-5.0,0.0,-46.0
1776887708.0621028,-10.0,1.0,-40.0
1776887708.0721028,-7.0,2.0,-40.0
1776887708.0821028,-6.0,3.0,-43.0
1776887708.0921028,-4.0,-2.0,-44.0
1776887708.1021028,-1.0,-1.0,-40.0
1776887708.1121027,-2.0,-1.0,-39.0
1776887708.1221027,2.0,0.0,-38.0
1776887708.133103,6.0,1.0,-40.0
1776887708.1431026,7.0,-2.0,-39.0
1776887708.1521027,9.0,-8.0,-35.0
1776887708.1631026,10.0,-10.0,-38.0
1776887708.1731029,11.0,-11.0,-43.0
1776887708.1831028,7.0,-10.0,-39.0
1776887708.1931028,7.0,-6.0,-36.0
1776887708.2031028,4.0,-4.0,-34.0
1776887708.2131028,11.0,0.0,-39.0
1776887708.2231028,9.0,0.0,-33.0
1776887708.2331028,7.0,2.0,-34.0
1776887708.2431028,4.0,2.0,-32.0
1776887708.2531028,1.0,6.0,-26.0
1776887708.2631028,-1.0,0.0,-28.0
1776887708.2731028,-2.0,-2.0,-30.0
1776887708.2831028,0.0,-5.0,-34.0
1776887708.2931027,-2.0,-7.0,-40.0
1776887708.3031027,-1.0,-10.0,-34.0
1776887708.3131027,-2.0,-13.0,-34.0
1776887708.3231027,-5.0,-7.0,-32.0
1776887708.3331027,-8.0,-10.0,-30.0
1776887708.3431027,-6.0,-9.0,-26.0
1776887708.3531027,-3.0,-6.0,-25.0
1776887708.363103,-3.0,-2.0,-31.0
1776887708.373103,1.0,1.0,-36.0
1776887708.383103,-4.0,-3.0,-37.0
1776887708.3931026,-8.0,-1.0,-37.0
1776887708.4031026,-9.0,-2.0,-32.0
1776887708.4131026,-6.0,-6.0,-30.0
1776887708.4231029,-4.0,-7.0,-19.0
1776887708.4331028,-6.0,-9.0,-24.0
1776887708.4431028,-7.0,-5.0,-23.0
1776887708.4531028,-8.0,-6.0,-20.0
1776887708.4631028,-3.0,-7.0,-23.0
1776887708.4731028,-7.0,-8.0,-27.0
1776887708.4831028,-1.0,-9.0,-31.0
1776887708.4931028,0.0,-10.0,-23.0
1776887708.5031028,2.0,-7.0,-28.0
1776887708.5131028,2.0,-4.0,-29.0
1776887708.5231028,0.0,-7.0,-33.0
1776887708.5331028,3.0,-5.0,-40.0
1776887708.5431027,5.0,-4.0,-43.0
1776887708.5531027,3.0,-5.0,-43.0
1776887708.5631027,6.0,-3.0,-42.0
1776887708.5731027,2.0,-4.0,-33.0
1776887708.5831027,4.0,-2.0,-34.0
1776887708.5931027,4.0,2.0,-35.0
1776887708.6031027,7.0,3.0,-38.0
1776887708.613103,2.0,-1.0,-33.0
1776887708.623103,1.0,2.0,-24.0
1776887708.633103,0.0,4.0,-24.0
1776887708.6431026,-1.0,2.0,-28.0
1776887708.6531026,0.0,1.0,-27.0
1776887708.6631026,6.0,0.0,-32.0
1776887708.6731029,6.0,0.0,-28.0
1776887708.6831028,6.0,-2.0,-32.0
1776887708.6931028,4.0,0.0,-22.0
1776887708.7031028,2.0,-3.0,-26.0
1776887708.7131028,-3.0,0.0,-26.0
1776887708.7231028,1.0,1.0,-29.0
1776887708.7331028,0.0,0.0,-25.0
1776887708.7431028,1.0,2.0,-27.0
1776887708.7531028,4.0,0.0,-29.0
1776887708.7631028,1.0,-2.0,-28.0
1776887708.7731028,3.0,-3.0,-28.0
1776887708.7831028,0.0,-2.0,-36.0
1776887708.7931027,0.0,0.0,-42.0
1776887708.8031027,3.0,-1.0,-38.0
1776887708.8131027,2.0,3.0,-28.0
1776887708.8231027,1.0,4.0,-27.0
1776887708.8331027,-1.0,4.0,-30.0
1776887708.8431027,-4.0,1.0,-34.0
1776887708.8531027,-5.0,1.0,-37.0
1776887708.863103,-2.0,2.0,-43.0
1776887708.873103,-6.0,1.0,-50.0
1776887708.883103,-2.0,-2.0,-38.0
1776887708.8931026,-1.0,-5.0,-43.0
1776887708.9031026,-2.0,-3.0,-46.0
1776887708.9131026,1.0,0.0,-44.0
1776887708.9231029,-1.0,-2.0,-35.0
1776887708.9331028,0.0,-3.0,-37.0
1776887708.9431028,-1.0,0.0,-33.0
1776887708.9531028,0.0,-1.0,-29.0
1776887708.9631028,1.0,1.0,-37.0
1776887708.9731028,3.0,1.0,-35.0
1776887708.9831028,0.0,3.0,-33.0
1776887708.9931028,-1.0,1.0,-34.0
1776887709.0031028,-5.0,1.0,-35.0
1776887709.0131028,-4.0,2.0,-36.0
1776887709.0231028,-4.0,5.0,-31.0
1776887709.0331028,-5.0,0.0,-38.0
1776887709.0431027,-9.0,0.0,-40.0
1776887709.0531027,-8.0,-1.0,-38.0
1776887709.0631027,-6.0,-2.0,-41.0
1776887709.0731027,-7.0,-2.0,-45.0
1776887709.0831027,-7.0,0.0,-42.0
1776887709.0931027,-8.0,0.0,-39.0
1776887709.1031027,-8.0,0.0,-36.0
1776887709.113103,-6.0,-2.0,-32.0
1776887709.123103,-5.0,0.0,-31.0
1776887709.133103,-4.0,2.0,-36.0
1776887709.1431026,0.0,2.0,-36.0
1776887709.1531026,0.0,0.0,-31.0
1776887709.1631026,2.0,3.0,-28.0
1776887709.1731029,0.0,3.0,-28.0
1776887709.1831028,1.0,2.0,-28.0
1776887709.1931028,6.0,3.0,-25.0
1776887709.2031028,7.0,2.0,-24.0
1776887709.2131028,3.0,0.0,-28.0
1776887709.2231028,2.0,-2.0,-32.0
1776887709.2331028,4.0,-3.0,-35.0
1776887709.2431028,0.0,-4.0,-38.0
1776887709.2531028,-7.0,-3.0,-44.0
1776887709.2631028,-8.0,-3.0,-41.0
1776887709.2731028,-3.0,-4.0,-38.0
1776887709.2831028,-5.0,-1.0,-35.0
1776887709.2931027,-4.0,4.0,-30.0
1776887709.3031027,1.0,3.0,-22.0
1776887709.3131027,0.0,0.0,-22.0
1776887709.3231027,4.0,-1.0,-28.0
1776887709.3331027,6.0,0.0,-31.0
1776887709.3431027,5.0,0.0,-35.0
1776887709.3531027,3.0,0.0,-37.0
1776887709.363103,-3.0,-1.0,-26.0
1776887709.373103,-1.0,-5.0,-30.0
1776887709.383103,-1.0,0.0,-28.0
1776887709.3931026,-6.0,1.0,-32.0
1776887709.4031026,-8.0,0.0,-27.0
1776887709.4131026,-7.0,-1.0,-27.0
1776887709.4231029,-5.0,1.0,-37.0
1776887709.4331028,-1.0,2.0,-40.0
1776887709.4431028,0.0,0.0,-34.0
1776887709.4531028,0.0,2.0,-36.0
1776887709.4631028,-1.0,1.0,-37.0
1776887709.4731028,0.0,3.0,-37.0
1776887709.4831028,-3.0,-1.0,-36.0
1776887709.4931028,-3.0,1.0,-38.0
1776887709.5031028,-2.0,4.0,-39.0
1776887709.5131028,-2.0,3.0,-42.0
1776887709.5231028,0.0,3.0,-36.0
1776887709.5331028,0.0,3.0,-30.0
1776887709.5431027,0.0,5.0,-31.0
1776887709.5531027,-1.0,6.0,-37.0
1776887709.5631027,-2.0,-1.0,-34.0
1776887709.5731027,1.0,-3.0,-43.0
1776887709.5831027,0.0,0.0,-48.0
1776887709.5931027,0.0,-4.0,-47.0
1776887709.6031027,-1.0,-2.0,-46.0
1776887709.613103,-2.0,-1.0,-48.0
1776887709.623103,-2.0,-3.0,-50.0
1776887709.633103,0.0,-5.0,-46.0
1776887709.6431026,1.0,-6.0,-53.0
1776887709.6531026,3.0,-8.0,-43.0
1776887709.6631026,6.0,-6.0,-38.0
1776887709.6731029,9.0,-2.0,-40.0
1776887709.6831028,13.0,-1.0,-44.0
1776887709.6931028,7.0,1.0,-44.0
1776887709.7031028,3.0,4.0,-49.0
1776887709.7131028,6.0,6.0,-45.0
1776887709.7231028,4.0,6.0,-44.0
1776887709.7331028,5.0,4.0,-41.0
1776887709.7431028,2.0,4.0,-42.0
1776887709.7531028,2.0,0.0,-38.0
1776887709.7641027,-1.0,0.0,-35.0
1776887709.7731028,-1.0,-3.0,-35.0
1776887709.7831028,0.0,-2.0,-34.0
1776887709.7931027,0.0,1.0,-40.0
1776887709.8031027,7.0,2.0,-35.0
1776887709.8131027,4.0,-2.0,-28.0
1776887709.8231027,7.0,-3.0,-31.0
1776887709.8331027,9.0,-2.0,-36.0
1776887709.8431027,8.0,-3.0,-40.0
1776887709.8531027,6.0,-3.0,-43.0
1776887709.863103,9.0,-2.0,-38.0
1776887709.873103,10.0,-5.0,-36.0
1776887709.883103,5.0,-5.0,-37.0
1776887709.8931026,3.0,-8.0,-40.0
1776887709.9031026,8.0,-8.0,-39.0
1776887709.9131026,7.0,-9.0,-36.0
1776887709.9231029,7.0,-7.0,-36.0
1776887709.9331028,5.0,-8.0,-39.0
1776887709.9431028,5.0,-6.0,-40.0
1776887709.9531028,3.0,-5.0,-41.0
1776887709.9631028,0.0,-8.0,-37.0
1776887709.9731028,-1.0,-10.0,-44.0
1776887709.9831028,0.0,-5.0,-39.0
1776887709.9931028,0.0,0.0,-41.0
1776887710.0031028,0.0,4.0,-40.0
1776887710.0131028,-5.0,4.0,-42.0
1776887710.0231028,-4.0,1.0,-41.0
1776887710.0331028,1.0,3.0,-39.0
1776887710.0431027,3.0,2.0,-36.0
1776887710.0531027,3.0,1.0,-31.0
1776887710.0631027,1.0,-3.0,-28.0
1776887710.0731027,-1.0,-4.0,-25.0
1776887710.0831027,0.0,-2.0,-18.0
1776887710.0931027,0.0,0.0,-22.0
1776887710.1031027,0.0,2.0,-30.0
1776887710.113103,2.0,2.0,-36.0
1776887710.1241028,4.0,0.0,-39.0
1776887710.133103,2.0,-1.0,-42.0
1776887710.1441028,1.0,-3.0,-45.0
1776887710.1531026,-1.0,-4.0,-48.0
1776887710.1641028,-6.0,-2.0,-50.0
1776887710.1741028,-4.0,0.0,-46.0
1776887710.1841028,-4.0,1.0,-37.0
1776887710.1941028,-6.0,1.0,-39.0
1776887710.2041028,-4.0,-4.0,-40.0
1776887710.2141027,-2.0,-6.0,-36.0
1776887710.2241027,-1.0,-2.0,-37.0
1776887710.2341027,-4.0,-2.0,-38.0
1776887710.2441027,-4.0,0.0,-35.0
1776887710.2541027,0.0,0.0,-29.0
1776887710.2641027,0.0,1.0,-32.0
1776887710.2741027,0.0,-6.0,-35.0
1776887710.284103,0.0,-4.0,-35.0
1776887710.294103,1.0,-1.0,-35.0
1776887710.304103,3.0,0.0,-33.0
1776887710.3141026,1.0,0.0,-32.0
1776887710.3241026,-1.0,2.0,-31.0
1776887710.3341026,-3.0,5.0,-29.0
1776887710.3441026,-2.0,7.0,-27.0
1776887710.3541028,-1.0,4.0,-29.0
1776887710.3641028,0.0,3.0,-37.0
1776887710.3741028,3.0,0.0,-45.0
1776887710.3841028,0.0,2.0,-39.0
1776887710.3941028,-2.0,-5.0,-42.0
1776887710.4041028,0.0,-3.0,-42.0
1776887710.4141028,4.0,-2.0,-41.0
1776887710.4241028,6.0,-5.0,-34.0
1776887710.4341028,7.0,-5.0,-27.0
1776887710.4441028,6.0,-4.0,-30.0
1776887710.4541028,2.0,-1.0,-34.0
1776887710.4641027,0.0,-2.0,-32.0
1776887710.4741027,-2.0,0.0,-31.0
1776887710.4841027,-6.0,2.0,-39.0
1776887710.4941027,-6.0,0.0,-39.0
1776887710.5041027,-9.0,-1.0,-39.0
1776887710.5141027,-8.0,-3.0,-36.0
1776887710.5241027,-3.0,-1.0,-32.0
1776887710.534103,-5.0,-1.0,-34.0
1776887710.544103,-5.0,-1.0,-28.0
1776887710.554103,-8.0,-3.0,-36.0
1776887710.5641026,-4.0,-4.0,-43.0
1776887710.5741026,-2.0,-6.0,-44.0
1776887710.5841026,0.0,-11.0,-40.0
1776887710.5941026,0.0,-8.0,-45.0
1776887710.6041028,2.0,-7.0,-44.0
1776887710.6141028,3.0,-4.0,-40.0
1776887710.6241028,2.0,-2.0,-37.0
1776887710.6341028,3.0,1.0,-42.0
1776887710.6441028,3.0,0.0,-38.0
1776887710.6541028,0.0,0.0,-32.0
1776887710.6641028,1.0,0.0,-31.0
1776887710.6741028,1.0,-4.0,-30.0
1776887710.6841028,0.0,-1.0,-35.0
1776887710.6941028,1.0,0.0,-33.0
1776887710.7041028,2.0,1.0,-36.0
1776887710.7141027,2.0,0.0,-38.0
1776887710.7241027,1.0,4.0,-39.0
1776887710.7341027,0.0,2.0,-39.0
1776887710.7441027,2.0,-1.0,-41.0
1776887710.7541027,4.0,0.0,-42.0
1776887710.7641027,2.0,0.0,-49.0
1776887710.7741027,2.0,-2.0,-49.0
1776887710.784103,3.0,-2.0,-46.0
1776887710.794103,3.0,-4.0,-40.0
1776887710.804103,-1.0,-2.0,-37.0
1776887710.8141026,-3.0,-5.0,-39.0
1776887710.8241026,0.0,-3.0,-40.0
1776887710.8341026,2.0,-1.0,-40.0
1776887710.8441026,2.0,-1.0,-44.0
1776887710.8541028,2.0,-4.0,-48.0
1776887710.8641028,0.0,-6.0,-47.0
1776887710.8741028,3.0,-7.0,-49.0
1776887710.8841028,7.0,-3.0,-46.0
1776887710.8941028,7.0,-4.0,-42.0
1776887710.9041028,4.0,-3.0,-39.0
1776887710.9141028,2.0,-4.0,-31.0
1776887710.9241028,2.0,-3.0,-34.0
1776887710.9341028,0.0,-3.0,-38.0
1776887710.9441028,0.0,-2.0,-36.0
1776887710.9541028,2.0,-1.0,-33.0
1776887710.9641027,2.0,1.0,-28.0
1776887710.9741027,6.0,4.0,-26.0
1776887710.9841027,6.0,0.0,-25.0
1776887710.9941027,3.0,2.0,-25.0
1776887711.0041027,3.0,4.0,-26.0
1776887711.0141027,1.0,7.0,-24.0
1776887711.0241027,0.0,4.0,-26.0
1776887711.034103,-1.0,7.0,-36.0
1776887711.044103,-6.0,4.0,-40.0
1776887711.054103,-6.0,1.0,-43.0
1776887711.0641026,-4.0,-3.0,-40.0
1776887711.0741026,-1.0,-6.0,-37.0
1776887711.0841026,-1.0,-4.0,-35.0
1776887711.0941026,-4.0,-3.0,-30.0
1776887711.1041028,-5.0,2.0,-36.0
1776887711.1141028,-1.0,1.0,-38.0
1776887711.1241028,-4.0,0.0,-38.0
1776887711.1341028,-1.0,1.0,-37.0
1776887711.1441028,0.0,2.0,-38.0
1776887711.1541028,2.0,-1.0,-41.0
1776887711.1641028,7.0,-2.0,-40.0
1776887711.1741028,4.0,0.0,-41.0
1776887711.1841028,2.0,3.0,-37.0
1776887711.1941028,5.0,5.0,-32.0
1776887711.2041028,9.0,1.0,-37.0
1776887711.2141027,2.0,1.0,-40.0
1776887711.2241027,1.0,1.0,-37.0
1776887711.2341027,2.0,7.0,-40.0
1776887711.2441027,0.0,8.0,-39.0
1776887711.2541027,-1.0,8.0,-41.0
1776887711.2641027,-2.0,7.0,-42.0
1776887711.2741027,-3.0,2.0,-49.0
1776887711.284103,0.0,-2.0,-46.0
1776887711.294103,0.0,-6.0,-40.0
1776887711.304103,0.0,-10.0,-41.0
1776887711.3141026,-5.0,-11.0,-32.0
1776887711.3241026,-8.0,-10.0,-28.0
1776887711.3341026,-5.0,-4.0,-28.0
1776887711.3441026,-1.0,1.0,-29.0
1776887711.3541028,0.0,0.0,-35.0
1776887711.3641028,0.0,-3.0,-35.0
1776887711.3741028,0.0,-6.0,-37.0
1776887711.3841028,0.0,-8.0,-33.0
1776887711.3941028,-5.0,-7.0,-27.0
1776887711.4041028,-4.0,-4.0,-23.0
1776887711.4141028,-1.0,-5.0,-31.0
1776887711.4241028,4.0,-6.0,-27.0
1776887711.4341028,5.0,-3.0,-35.0
1776887711.4441028,4.0,-7.0,-43.0
1776887711.4541028,4.0,-4.0,-38.0
1776887711.4641027,3.0,-5.0,-41.0
1776887711.4741027,5.0,-6.0,-40.0
1776887711.4841027,4.0,-9.0,-45.0
1776887711.4941027,1.0,-6.0,-42.0
1776887711.5041027,3.0,-8.0,-44.0
1776887711.5141027,4.0,-7.0,-39.0
1776887711.5241027,0.0,-8.0,-41.0
1776887711.534103,-3.0,-8.0,-42.0
1776887711.544103,-6.0,-9.0,-39.0
1776887711.554103,-7.0,-9.0,-44.0
1776887711.5641026,-1.0,-6.0,-42.0
1776887711.5741026,0.0,-3.0,-34.0
1776887711.5841026,0.0,-2.0,-36.0
1776887711.5941026,1.0,-3.0,-41.0
1776887711.6041028,1.0,-3.0,-42.0
1776887711.6141028,3.0,-2.0,-47.0
1776887711.6241028,3.0,-2.0,-43.0
1776887711.6341028,4.0,-2.0,-40.0
1776887711.6441028,1.0,1.0,-39.0
1776887711.6541028,4.0,1.0,-45.0
1776887711.6641028,4.0,0.0,-39.0
1776887711.6741028,5.0,-1.0,-42.0
1776887711.6841028,1.0,-4.0,-46.0
1776887711.6941028,-1.0,-1.0,-45.0
1776887711.7041028,0.0,0.0,-45.0
1776887711.7141027,3.0,0.0,-37.0
1776887711.7241027,0.0,0.0,-32.0
1776887711.7341027,2.0,1.0,-28.0
1776887711.7441027,7.0,3.0,-27.0
1776887711.7541027,6.0,4.0,-26.0
1776887711.7641027,5.0,4.0,-38.0
1776887711.7741027,5.0,3.0,-34.0
1776887711.784103,3.0,2.0,-37.0
1776887711.794103,3.0,0.0,-38.0
1776887711.804103,3.0,0.0,-45.0
1776887711.8141026,-1.0,-3.0,-43.0
1776887711.8241026,-1.0,-6.0,-45.0
1776887711.8341026,-4.0,-3.0,-41.0
1776887711.8441026,-4.0,0.0,-40.0
1776887711.8541028,-2.0,1.0,-43.0
1776887711.8641028,-1.0,-1.0,-40.0
1776887711.8741028,0.0,-2.0,-43.0
1776887711.8841028,3.0,1.0,-42.0
1776887711.8941028,1.0,0.0,-39.0
1776887711.9041028,2.0,2.0,-38.0
1776887711.9141028,4.0,1.0,-33.0
1776887711.9241028,3.0,0.0,-34.0
1776887711.9341028,6.0,0.0,-36.0
1776887711.9441028,3.0,0.0,-40.0
1776887711.9541028,6.0,3.0,-34.0
1776887711.9641027,1.0,1.0,-40.0
1776887711.9741027,0.0,3.0,-43.0
1776887711.9841027,0.0,4.0,-40.0
1776887711.9941027,4.0,2.0,-44.0
1776887712.0041027,3.0,1.0,-42.0
1776887712.0141027,10.0,-2.0,-44.0
1776887712.0241027,9.0,-3.0,-42.0
1776887712.034103,7.0,-4.0,-40.0
1776887712.044103,4.0,-2.0,-44.0
1776887712.054103,6.0,-4.0,-38.0
1776887712.0641026,5.0,-3.0,-43.0
1776887712.0741026,3.0,-2.0,-42.0
1776887712.0841026,1.0,-3.0,-41.0
1776887712.0941026,4.0,-1.0,-43.0
1776887712.1041028,8.0,-3.0,-42.0
1776887712.1151028,8.0,-2.0,-44.0
1776887712.1241028,5.0,1.0,-38.0
1776887712.1351027,4.0,-2.0,-36.0
1776887712.1451027,8.0,0.0,-35.0
1776887712.1541028,6.0,0.0,-35.0
1776887712.1651027,3.0,-2.0,-36.0
1776887712.1751027,3.0,-2.0,-36.0
1776887712.1851027,2.0,-5.0,-38.0
1776887712.1951027,3.0,-5.0,-38.0
1776887712.2051027,7.0,-6.0,-31.0
1776887712.215103,6.0,-4.0,-29.0
1776887712.225103,0.0,-4.0,-31.0
1776887712.235103,-4.0,-2.0,-37.0
1776887712.2451026,-3.0,1.0,-33.0
1776887712.2551026,-7.0,1.0,-38.0
1776887712.2651026,-5.0,1.0,-39.0
1776887712.2751029,-5.0,5.0,-44.0
1776887712.2851028,-2.0,0.0,-44.0
1776887712.2951028,4.0,-2.0,-40.0
1776887712.3051028,5.0,0.0,-37.0
1776887712.3151028,0.0,0.0,-32.0
1776887712.3251028,0.0,-1.0,-36.0
1776887712.3351028,-2.0,-3.0,-28.0
1776887712.3451028,-1.0,-1.0,-35.0
1776887712.3551028,0.0,0.0,-29.0
1776887712.3651028,1.0,0.0,-28.0
1776887712.3751028,0.0,-1.0,-32.0
1776887712.3851027,0.0,-3.0,-29.0
1776887712.3951027,4.0,-3.0,-28.0
1776887712.4051027,2.0,-3.0,-27.0
1776887712.4151027,4.0,0.0,-31.0
1776887712.4251027,3.0,0.0,-33.0
1776887712.4351027,0.0,1.0,-32.0
1776887712.4451027,-4.0,2.0,-36.0
1776887712.4551027,-1.0,0.0,-36.0
1776887712.465103,-1.0,0.0,-30.0
1776887712.475103,0.0,2.0,-34.0
1776887712.485103,0.0,5.0,-40.0
1776887712.4951026,0.0,5.0,-37.0
1776887712.5051026,5.0,3.0,-31.0
1776887712.5151026,4.0,3.0,-32.0
1776887712.5251029,0.0,0.0,-35.0
1776887712.5351028,3.0,-1.0,-38.0
1776887712.5451028,2.0,-4.0,-44.0
1776887712.5551028,4.0,0.0,-41.0
1776887712.5651028,5.0,0.0,-38.0
1776887712.5751028,-2.0,-1.0,-36.0
1776887712.5851028,-4.0,0.0,-31.0
1776887712.5951028,-4.0,0.0,-36.0
1776887712.6051028,-7.0,3.0,-33.0
1776887712.6151028,-5.0,3.0,-30.0
1776887712.6251028,-3.0,1.0,-35.0
1776887712.6351027,-7.0,-1.0,-34.0
1776887712.6451027,-5.0,-2.0,-38.0
1776887712.6551027,-1.0,-1.0,-43.0
1776887712.6651027,0.0,0.0,-44.0
1776887712.6751027,-1.0,0.0,-41.0
1776887712.6851027,0.0,-3.0,-41.0
1776887712.6951027,3.0,-2.0,-39.0
1776887712.7051027,2.0,-2.0,-41.0
1776887712.715103,-3.0,-1.0,-41.0
1776887712.725103,-4.0,-3.0,-42.0
1776887712.735103,0.0,0.0,-38.0
1776887712.7451026,1.0,0.0,-35.0
1776887712.7551026,0.0,0.0,-31.0
1776887712.7651026,-2.0,-2.0,-35.0
1776887712.7751029,-4.0,-2.0,-32.0
1776887712.7851028,-4.0,-6.0,-30.0
1776887712.7951028,-1.0,-6.0,-31.0
1776887712.8051028,-1.0,-5.0,-36.0
1776887712.8151028,-1.0,-2.0,-39.0
1776887712.8251028,1.0,-3.0,-39.0
1776887712.8351028,8.0,0.0,-34.0
1776887712.8451028,8.0,2.0,-36.0
1776887712.8551028,7.0,2.0,-33.0
1776887712.8651028,3.0,3.0,-35.0
1776887712.8751028,1.0,0.0,-34.0
1776887712.8851027,-1.0,-3.0,-30.0
1776887712.8951027,-2.0,-3.0,-32.0
1776887712.9051027,1.0,-3.0,-27.0
1776887712.9151027,3.0,0.0,-29.0
1776887712.9251027,0.0,2.0,-34.0
1776887712.9351027,0.0,0.0,-39.0
1776887712.9451027,0.0,0.0,-47.0
1776887712.9551027,-3.0,-3.0,-45.0
1776887712.965103,-4.0,-5.0,-39.0
1776887712.975103,-6.0,-5.0,-39.0
1776887712.985103,-5.0,-5.0,-41.0
1776887712.9951026,-1.0,-4.0,-32.0
1776887713.0051026,-1.0,-1.0,-26.0
1776887713.0151026,2.0,-1.0,-28.0
1776887713.0251029,0.0,2.0,-29.0
1776887713.0351028,2.0,-1.0,-24.0
1776887713.0451028,2.0,1.0,-29.0
1776887713.0551028,3.0,4.0,-32.0
1776887713.0651028,0.0,-2.0,-34.0
1776887713.0751028,0.0,-3.0,-38.0
1776887713.0851028,1.0,-1.0,-40.0
1776887713.0951028,1.0,2.0,-35.0
1776887713.1051028,0.0,-1.0,-36.0
1776887713.1151028,-1.0,0.0,-34.0
1776887713.1251028,-1.0,-3.0,-35.0
1776887713.1351027,-3.0,-4.0,-37.0
1776887713.1451027,-4.0,-1.0,-45.0
1776887713.1551027,-5.0,-1.0,-43.0
1776887713.1651027,-6.0,-2.0,-43.0
1776887713.1751027,-2.0,-2.0,-43.0
1776887713.1851027,-3.0,-1.0,-45.0
1776887713.1951027,-3.0,-2.0,-44.0
1776887713.2051027,0.0,-1.0,-43.0
1776887713.215103,0.0,-1.0,-44.0
1776887713.225103,1.0,0.0,-46.0
1776887713.235103,4.0,0.0,-41.0
1776887713.2451026,7.0,-1.0,-32.0
1776887713.2551026,5.0,-2.0,-36.0
1776887713.2651026,4.0,0.0,-37.0
1776887713.2751029,4.0,-1.0,-39.0
1776887713.2851028,1.0,1.0,-43.0
1776887713.2951028,4.0,-1.0,-44.0
1776887713.3051028,5.0,-2.0,-46.0
1776887713.3151028,9.0,0.0,-48.0
1776887713.3251028,6.0,-2.0,-50.0
1776887713.3351028,4.0,-5.0,-48.0
1776887713.3451028,3.0,-7.0,-45.0
1776887713.3551028,0.0,-3.0,-44.0
1776887713.3651028,0.0,-5.0,-42.0
1776887713.3751028,1.0,-8.0,-39.0
1776887713.3851027,-3.0,-10.0,-40.0
1776887713.3951027,-4.0,-11.0,-44.0
1776887713.4051027,-5.0,-11.0,-47.0
1776887713.4151027,-3.0,-10.0,-46.0
1776887713.4251027,-6.0,-10.0,-42.0
1776887713.4351027,-5.0,-8.0,-34.0
1776887713.4451027,-6.0,-5.0,-27.0
1776887713.4551027,-5.0,-5.0,-28.0
1776887713.465103,-5.0,-5.0,-34.0
1776887713.475103,0.0,-1.0,-34.0
1776887713.485103,2.0,3.0,-41.0
1776887713.4951026,3.0,0.0,-43.0
1776887713.5051026,3.0,0.0,-44.0
1776887713.5151026,5.0,-2.0,-47.0
1776887713.5251029,5.0,-1.0,-45.0
1776887713.5351028,3.0,-3.0,-40.0
1776887713.5451028,2.0,-4.0,-34.0
1776887713.5551028,0.0,-2.0,-28.0
1776887713.5651028,-1.0,-1.0,-27.0
1776887713.5751028,-5.0,-1.0,-36.0
1776887713.5851028,-4.0,0.0,-29.0
1776887713.5951028,-2.0,1.0,-29.0
1776887713.6051028,-1.0,4.0,-36.0
1776887713.6151028,0.0,0.0,-37.0
1776887713.6251028,2.0,2.0,-32.0
1776887713.6351027,7.0,0.0,-36.0
1776887713.6451027,4.0,-3.0,-32.0
1776887713.6551027,3.0,-7.0,-28.0
1776887713.6651027,3.0,-5.0,-31.0
1776887713.6751027,3.0,-1.0,-30.0
1776887713.6851027,2.0,-3.0,-32.0
1776887713.6951027,-3.0,-1.0,-28.0
1776887713.7051027,-1.0,-1.0,-28.0
1776887713.715103,4.0,-3.0,-38.0
1776887713.725103,4.0,-6.0,-37.0
1776887713.735103,6.0,-14.0,-42.0
1776887713.7451026,2.0,-11.0,-45.0
1776887713.7551026,1.0,-7.0,-44.0
1776887713.7651026,0.0,-3.0,-40.0
1776887713.7751029,2.0,-4.0,-40.0
1776887713.7851028,4.0,0.0,-48.0
1776887713.7951028,1.0,-2.0,-51.0
1776887713.8051028,3.0,-2.0,-51.0
1776887713.8151028,4.0,0.0,-51.0
1776887713.8251028,6.0,-6.0,-50.0
1776887713.8351028,8.0,-2.0,-50.0
1776887713.8451028,8.0,-2.0,-42.0
1776887713.8551028,8.0,-2.0,-35.0
1776887713.8651028,9.0,-6.0,-36.0
1776887713.8751028,4.0,-6.0,-36.0
1776887713.8851027,8.0,-5.0,-35.0
1776887713.8951027,9.0,-3.0,-36.0
1776887713.9051027,5.0,-2.0,-29.0
1776887713.9151027,1.0,0.0,-29.0
1776887713.9251027,2.0,-1.0,-33.0
1776887713.9351027,1.0,-3.0,-30.0
1776887713.9451027,4.0,-5.0,-36.0
1776887713.9551027,4.0,-5.0,-38.0
1776887713.965103,0.0,-2.0,-40.0
1776887713.975103,2.0,-3.0,-36.0
1776887713.985103,2.0,-3.0,-36.0
1776887713.9951026,5.0,3.0,-39.0
1776887714.0051026,5.0,0.0,-43.0
1776887714.0151026,1.0,0.0,-44.0
1776887714.0251029,0.0,0.0,-44.0
1776887714.0351028,-6.0,-1.0,-42.0
1776887714.0451028,-1.0,-3.0,-41.0
1776887714.0551028,5.0,-4.0,-42.0
1776887714.0651028,4.0,-1.0,-43.0
1776887714.0751028,2.0,-2.0,-39.0
1776887714.0851028,0.0,0.0,-42.0
1776887714.0951028,-2.0,0.0,-45.0
1776887714.1051028,0.0,-1.0,-45.0
1776887714.1151028,0.0,6.0,-44.0
1776887714.1251028,-6.0,6.0,-43.0
1776887714.136103,-7.0,2.0,-44.0
1776887714.1451027,-3.0,0.0,-42.0
1776887714.156103,0.0,0.0,-42.0
1776887714.1661026,1.0,0.0,-46.0
1776887714.1761026,5.0,2.0,-43.0
1776887714.1861026,5.0,1.0,-43.0
1776887714.1961029,5.0,1.0,-40.0
1776887714.2061028,8.0,0.0,-33.0
1776887714.2161028,9.0,0.0,-34.0
1776887714.2261028,13.0,1.0,-37.0
1776887714.2361028,13.0,4.0,-41.0
1776887714.2461028,7.0,0.0,-33.0
1776887714.2561028,10.0,4.0,-37.0
1776887714.2661028,9.0,4.0,-44.0
1776887714.2761028,11.0,0.0,-38.0
1776887714.2861028,10.0,-5.0,-32.0
1776887714.2961028,6.0,0.0,-29.0
1776887714.3061028,6.0,0.0,-33.0
1776887714.3161027,3.0,0.0,-36.0
1776887714.3261027,-1.0,2.0,-42.0
1776887714.3361027,2.0,2.0,-47.0
1776887714.3461027,-1.0,5.0,-46.0
1776887714.3561027,-4.0,3.0,-44.0
1776887714.3661027,-2.0,4.0,-42.0
1776887714.3761027,-6.0,4.0,-45.0
1776887714.386103,-6.0,4.0,-41.0
1776887714.396103,-5.0,-2.0,-43.0
1776887714.406103,-5.0,-1.0,-35.0
1776887714.4161026,4.0,-5.0,-32.0
1776887714.4261026,3.0,-6.0,-35.0
1776887714.4361026,6.0,-4.0,-32.0
1776887714.4461029,6.0,-3.0,-37.0
1776887714.4561028,3.0,-6.0,-41.0
1776887714.4661028,1.0,-4.0,-36.0
1776887714.4761028,1.0,-4.0,-34.0
1776887714.4861028,1.0,0.0,-36.0
1776887714.4961028,0.0,2.0,-41.0
1776887714.5061028,1.0,2.0,-40.0
1776887714.5161028,0.0,2.0,-34.0
1776887714.5261028,0.0,4.0,-35.0
1776887714.5361028,-4.0,3.0,-36.0
1776887714.5461028,-3.0,5.0,-39.0
1776887714.5561028,-4.0,5.0,-41.0
1776887714.5661027,-1.0,3.0,-44.0
1776887714.5761027,-1.0,5.0,-42.0
1776887714.5861027,-3.0,3.0,-32.0
1776887714.5961027,-2.0,1.0,-34.0
1776887714.6061027,-2.0,-1.0,-32.0
1776887714.6161027,4.0,-5.0,-35.0
1776887714.6261027,2.0,-4.0,-37.0
1776887714.636103,2.0,3.0,-41.0
1776887714.646103,0.0,1.0,-40.0
1776887714.656103,-1.0,-4.0,-36.0
1776887714.6661026,0.0,-4.0,-37.0
1776887714.6761026,0.0,-2.0,-39.0
1776887714.6861026,-3.0,0.0,-36.0
1776887714.6961029,-2.0,-3.0,-37.0
1776887714.7061028,1.0,-2.0,-38.0
1776887714.7161028,0.0,-1.0,-48.0
1776887714.7261028,3.0,-1.0,-37.0
1776887714.7361028,2.0,-1.0,-36.0
1776887714.7461028,0.0,-4.0,-39.0
1776887714.7561028,0.0,-1.0,-39.0
1776887714.7661028,3.0,-5.0,-38.0
1776887714.7761028,5.0,-8.0,-39.0
1776887714.7861028,3.0,-8.0,-37.0
1776887714.7961028,5.0,-8.0,-43.0
1776887714.8061028,2.0,-9.0,-44.0
1776887714.8161027,0.0,-7.0,-39.0
1776887714.8261027,1.0,-6.0,-45.0
1776887714.8361027,1.0,-4.0,-48.0
1776887714.8461027,4.0,-8.0,-43.0
1776887714.8561027,0.0,-7.0,-43.0
1776887714.8661027,1.0,-5.0,-42.0
1776887714.8761027,7.0,-3.0,-40.0
1776887714.886103,5.0,0.0,-48.0
1776887714.896103,4.0,0.0,-49.0
1776887714.906103,1.0,-2.0,-52.0
1776887714.9161026,1.0,-3.0,-46.0
1776887714.9261026,0.0,-5.0,-43.0
1776887714.9361026,-1.0,-3.0,-39.0
1776887714.9461029,-2.0,-5.0,-36.0
1776887714.9561028,0.0,-5.0,-34.0
1776887714.9661028,0.0,0.0,-39.0
1776887714.9761028,0.0,-1.0,-35.0
1776887714.9861028,3.0,-3.0,-40.0
1776887714.9961028,-3.0,0.0,-39.0
1776887715.0061028,-3.0,-1.0,-39.0
1776887715.0161028,-1.0,0.0,-42.0
1776887715.0261028,-1.0,-1.0,-47.0
1776887715.0361028,0.0,0.0,-44.0
1776887715.0461028,-4.0,0.0,-46.0
1776887715.0561028,-3.0,0.0,-42.0
1776887715.0661027,-6.0,1.0,-41.0
1776887715.0761027,-7.0,0.0,-37.0
1776887715.0861027,-2.0,-3.0,-38.0
1776887715.0961027,-2.0,-4.0,-41.0
1776887715.1061027,-1.0,-5.0,-45.0
1776887715.1161027,2.0,-4.0,-45.0
1776887715.1261027,0.0,-3.0,-46.0
1776887715.136103,-2.0,-5.0,-42.0
1776887715.146103,0.0,-6.0,-44.0
1776887715.156103,1.0,-6.0,-45.0
1776887715.1661026,0.0,-3.0,-37.0
1776887715.1761026,1.0,-1.0,-40.0
1776887715.1861026,-1.0,1.0,-35.0
1776887715.1961029,0.0,0.0,-29.0
1776887715.2061028,0.0,-1.0,-31.0
1776887715.2161028,-6.0,-3.0,-31.0
1776887715.2261028,-4.0,-3.0,-34.0
1776887715.2361028,0.0,-1.0,-39.0
1776887715.2461028,-2.0,2.0,-39.0
1776887715.2561028,-2.0,4.0,-43.0
1776887715.2661028,-7.0,6.0,-46.0
1776887715.2761028,-7.0,9.0,-44.0
1776887715.2861028,-1.0,6.0,-48.0
1776887715.2961028,0.0,4.0,-42.0
1776887715.3061028,-2.0,2.0,-39.0
1776887715.3161027,-2.0,1.0,-34.0
1776887715.3261027,-3.0,2.0,-34.0
1776887715.3361027,0.0,2.0,-38.0
1776887715.3461027,0.0,0.0,-38.0
1776887715.3561027,0.0,3.0,-45.0
1776887715.3661027,-2.0,3.0,-47.0
1776887715.3761027,1.0,2.0,-49.0
1776887715.386103,-1.0,3.0,-51.0
1776887715.396103,0.0,1.0,-54.0
1776887715.406103,0.0,0.0,-53.0
1776887715.4161026,-1.0,-5.0,-58.0
1776887715.4261026,-2.0,-7.0,-50.0
1776887715.4361026,6.0,-4.0,-48.0
1776887715.4461029,8.0,-3.0,-40.0
1776887715.4561028,9.0,-2.0,-39.0
1776887715.4661028,11.0,-1.0,-38.0
1776887715.4761028,8.0,-2.0,-40.0
1776887715.4861028,0.0,-6.0,-38.0
1776887715.4961028,2.0,-5.0,-40.0
1776887715.5061028,4.0,-2.0,-39.0
1776887715.5161028,1.0,-2.0,-38.0
1776887715.5261028,0.0,-3.0,-38.0
1776887715.5361028,0.0,0.0,-35.0
1776887715.5461028,5.0,0.0,-38.0
1776887715.5561028,4.0,0.0,-33.0
1776887715.5661027,3.0,-1.0,-35.0
1776887715.5761027,2.0,-4.0,-35.0
1776887715.5861027,-1.0,-3.0,-32.0
1776887715.5961027,-5.0,-1.0,-27.0
1776887715.6061027,0.0,1.0,-32.0
1776887715.6161027,-2.0,0.0,-30.0
1776887715.6261027,0.0,1.0,-35.0
1776887715.636103,1.0,0.0,-43.0
1776887715.646103,3.0,0.0,-41.0
1776887715.656103,6.0,-4.0,-37.0
1776887715.6661026,6.0,-4.0,-35.0
1776887715.6761026,7.0,-1.0,-36.0
1776887715.6861026,5.0,0.0,-42.0
1776887715.6961029,2.0,0.0,-48.0
1776887715.7061028,3.0,0.0,-50.0
1776887715.7161028,4.0,0.0,-48.0
1776887715.7261028,4.0,-3.0,-46.0
1776887715.7361028,2.0,-1.0,-39.0
1776887715.7461028,0.0,0.0,-36.0
1776887715.7561028,-2.0,-1.0,-34.0
1776887715.7661028,-3.0,-3.0,-38.0
1776887715.7761028,-2.0,-1.0,-35.0
1776887715.7861028,-4.0,0.0,-37.0
1776887715.7961028,-5.0,2.0,-38.0
1776887715.8061028,-1.0,4.0,-41.0
1776887715.8161027,0.0,1.0,-40.0
1776887715.8261027,-1.0,1.0,-38.0
1776887715.8361027,-2.0,0.0,-32.0
1776887715.8461027,0.0,-1.0,-28.0
1776887715.8561027,1.0,0.0,-31.0
1776887715.8661027,2.0,-1.0,-29.0
1776887715.8761027,3.0,0.0,-32.0
1776887715.886103,0.0,-2.0,-38.0
1776887715.896103,-2.0,1.0,-36.0
1776887715.906103,-4.0,-1.0,-32.0
1776887715.9161026,-3.0,-6.0,-34.0
1776887715.9261026,-4.0,-5.0,-34.0
1776887715.9361026,-3.0,-5.0,-34.0
1776887715.9461029,0.0,-5.0,-30.0
1776887715.9561028,1.0,-3.0,-29.0
1776887715.9661028,-3.0,-2.0,-29.0
1776887715.9761028,-1.0,-3.0,-31.0
1776887715.9861028,-1.0,-4.0,-33.0
1776887715.9961028,-3.0,-4.0,-37.0
1776887716.0061028,-1.0,-6.0,-36.0
1776887716.0161028,-6.0,-2.0,-32.0
1776887716.0261028,-5.0,0.0,-33.0
1776887716.0361028,-3.0,-2.0,-31.0
1776887716.0461028,-3.0,-2.0,-29.0
1776887716.0561028,0.0,1.0,-26.0
1776887716.0661027,1.0,0.0,-28.0
1776887716.0761027,0.0,1.0,-28.0
1776887716.0861027,6.0,-2.0,-32.0
1776887716.0961027,5.0,-2.0,-32.0
1776887716.1061027,0.0,-3.0,-33.0
1776887716.1161027,0.0,-5.0,-34.0
1776887716.1261027,0.0,-5.0,-37.0
1776887716.136103,0.0,-3.0,-38.0
1776887716.146103,-9.0,-2.0,-39.0
1776887716.1571028,-7.0,0.0,-34.0
1776887716.1671028,-3.0,-3.0,-31.0
1776887716.1771028,3.0,-6.0,-25.0
1776887716.1871028,1.0,-10.0,-28.0
1776887716.1971028,-2.0,-11.0,-29.0
1776887716.2071028,0.0,-14.0,-24.0
1776887716.2171028,4.0,-12.0,-23.0
1776887716.2271028,1.0,-11.0,-24.0
1776887716.2371027,1.0,-9.0,-24.0
1776887716.2471027,0.0,-8.0,-31.0
1776887716.2571027,0.0,-5.0,-35.0
1776887716.2671027,0.0,-2.0,-33.0
1776887716.2771027,-4.0,-1.0,-34.0
1776887716.2871027,-4.0,0.0,-33.0
1776887716.2971027,-2.0,-1.0,-30.0
1776887716.307103,1.0,-4.0,-30.0
1776887716.317103,2.0,-4.0,-39.0
1776887716.327103,-1.0,-2.0,-37.0
1776887716.337103,-4.0,-4.0,-36.0
1776887716.3471026,-5.0,-3.0,-34.0
1776887716.3571026,-5.0,-4.0,-39.0
1776887716.3671026,-1.0,-2.0,-40.0
1776887716.3771029,0.0,0.0,-38.0
1776887716.3871028,3.0,0.0,-33.0
1776887716.3971028,5.0,-1.0,-39.0
1776887716.4071028,5.0,-5.0,-40.0
1776887716.4171028,3.0,-3.0,-39.0
1776887716.4271028,4.0,-4.0,-45.0
1776887716.4371028,-1.0,-5.0,-39.0
1776887716.4471028,-1.0,-2.0,-39.0
1776887716.4571028,0.0,0.0,-37.0
1776887716.4671028,5.0,-1.0,-38.0
1776887716.4771028,9.0,-2.0,-42.0
1776887716.4871027,8.0,0.0,-49.0
1776887716.4971027,8.0,0.0,-44.0
1776887716.5071027,2.0,0.0,-32.0
1776887716.5171027,1.0,-2.0,-32.0
1776887716.5271027,-4.0,-2.0,-39.0
1776887716.5371027,-3.0,0.0,-36.0
1776887716.5471027,0.0,0.0,-37.0
1776887716.557103,5.0,-1.0,-38.0
1776887716.567103,6.0,-3.0,-41.0
1776887716.577103,0.0,-2.0,-41.0
1776887716.587103,-2.0,-2.0,-40.0
1776887716.5971026,-6.0,0.0,-40.0
1776887716.6071026,-5.0,0.0,-43.0
1776887716.6171026,-7.0,5.0,-42.0
1776887716.6281028,-3.0,4.0,-45.0
1776887716.6371028,-4.0,1.0,-45.0
1776887716.6471028,-3.0,2.0,-42.0
1776887716.6571028,0.0,-2.0,-37.0
1776887716.6671028,4.0,-3.0,-41.0
1776887716.6771028,7.0,-4.0,-45.0
1776887716.6871028,5.0,-5.0,-43.0
1776887716.6971028,3.0,-3.0,-38.0
1776887716.7071028,4.0,-3.0,-36.0
1776887716.7171028,6.0,-4.0,-37.0
1776887716.7271028,4.0,-4.0,-37.0
1776887716.7371027,10.0,-4.0,-36.0
1776887716.7471027,7.0,-6.0,-33.0
1776887716.7571027,4.0,-9.0,-34.0
1776887716.7671027,9.0,-6.0,-36.0
1776887716.7771027,6.0,-4.0,-32.0
1776887716.7871027,3.0,-5.0,-37.0
1776887716.7971027,2.0,-5.0,-40.0
1776887716.807103,3.0,-3.0,-42.0
1776887716.817103,5.0,2.0,-45.0
1776887716.827103,-1.0,2.0,-47.0
1776887716.837103,1.0,0.0,-38.0
1776887716.8471026,0.0,-3.0,-39.0
1776887716.8571026,-6.0,-3.0,-43.0
1776887716.8671026,-8.0,-1.0,-36.0
1776887716.8771029,-3.0,0.0,-35.0
1776887716.8871028,-2.0,1.0,-37.0
1776887716.8971028,1.0,0.0,-36.0
1776887716.9071028,1.0,-3.0,-41.0
1776887716.9171028,0.0,-3.0,-43.0
1776887716.9271028,2.0,-1.0,-48.0
1776887716.9371028,5.0,1.0,-44.0
1776887716.9471028,4.0,0.0,-38.0
1776887716.9571028,8.0,4.0,-34.0
1776887716.9671028,9.0,4.0,-39.0
1776887716.9771028,4.0,3.0,-39.0
1776887716.9871027,7.0,0.0,-39.0
1776887716.9971027,6.0,2.0,-40.0
1776887717.0071027,0.0,2.0,-40.0
1776887717.0171027,-2.0,0.0,-43.0
1776887717.0271027,1.0,-2.0,-38.0
1776887717.0371027,0.0,-4.0,-36.0
1776887717.0471027,-3.0,-1.0,-31.0
1776887717.057103,-1.0,5.0,-34.0
1776887717.067103,0.0,3.0,-29.0
1776887717.077103,-1.0,-1.0,-33.0
1776887717.087103,-3.0,-3.0,-32.0
1776887717.0971026,-5.0,-1.0,-28.0
1776887717.1071026,-4.0,-2.0,-31.0
1776887717.1171026,-8.0,-3.0,-27.0
1776887717.1271029,-4.0,0.0,-29.0
1776887717.1371028,-2.0,0.0,-30.0
1776887717.1471028,0.0,-1.0,-30.0
1776887717.1571028,5.0,-6.0,-32.0
1776887717.1671028,5.0,-9.0,-34.0
1776887717.1771028,4.0,-5.0,-30.0
1776887717.1871028,7.0,-1.0,-34.0
1776887717.1971028,7.0,0.0,-33.0
1776887717.2071028,5.0,-3.0,-40.0
1776887717.2171028,2.0,-4.0,-41.0
1776887717.2271028,3.0,0.0,-38.0
1776887717.2371027,1.0,-2.0,-42.0
1776887717.2471027,4.0,-3.0,-41.0
1776887717.2571027,3.0,0.0,-36.0
1776887717.2671027,0.0,0.0,-40.0
1776887717.2771027,0.0,-1.0,-36.0
1776887717.2871027,0.0,-3.0,-36.0
1776887717.2971027,0.0,-1.0,-35.0
1776887717.307103,0.0,1.0,-35.0
1776887717.317103,-2.0,5.0,-36.0
1776887717.327103,-4.0,2.0,-36.0
1776887717.337103,0.0,0.0,-45.0
1776887717.3471026,3.0,0.0,-42.0
1776887717.3571026,2.0,-2.0,-38.0
1776887717.3671026,2.0,-6.0,-41.0
1776887717.3771029,1.0,-5.0,-43.0
1776887717.3871028,1.0,-4.0,-41.0
1776887717.3971028,0.0,-3.0,-35.0
1776887717.4071028,0.0,0.0,-39.0
1776887717.4171028,0.0,1.0,-42.0
1776887717.4271028,0.0,1.0,-47.0
1776887717.4371028,-1.0,0.0,-44.0
1776887717.4471028,-2.0,-1.0,-42.0
1776887717.4571028,1.0,0.0,-34.0
1776887717.4671028,0.0,-3.0,-28.0
1776887717.4771028,2.0,-6.0,-27.0
1776887717.4871027,-1.0,-1.0,-34.0
1776887717.4971027,-3.0,2.0,-40.0
1776887717.5071027,1.0,1.0,-42.0
1776887717.5171027,0.0,0.0,-36.0
1776887717.5271027,0.0,-4.0,-37.0
1776887717.5371027,0.0,-1.0,-40.0
1776887717.5471027,-2.0,2.0,-35.0
1776887717.557103,0.0,2.0,-34.0
1776887717.567103,2.0,2.0,-33.0
1776887717.577103,0.0,2.0,-34.0
1776887717.587103,1.0,0.0,-40.0
1776887717.5971026,1.0,-3.0,-44.0
1776887717.6071026,0.0,-4.0,-47.0
1776887717.6171026,-2.0,-4.0,-45.0
1776887717.6271029,-3.0,-3.0,-48.0
1776887717.6371028,0.0,-1.0,-44.0
1776887717.6471028,1.0,-2.0,-41.0
1776887717.6571028,1.0,0.0,-40.0
1776887717.6671028,2.0,2.0,-38.0
1776887717.6771028,0.0,1.0,-35.0
1776887717.6871028,0.0,1.0,-25.0
1776887717.6971028,-3.0,2.0,-25.0
1776887717.7071028,-2.0,5.0,-29.0
1776887717.7171028,-3.0,0.0,-28.0
1776887717.7271028,-3.0,1.0,-26.0
1776887717.7371027,-2.0,0.0,-30.0
1776887717.7471027,-2.0,-3.0,-34.0
1776887717.7571027,0.0,-3.0,-32.0
1776887717.7671027,-1.0,-4.0,-33.0
1776887717.7771027,0.0,-4.0,-33.0
1776887717.7871027,0.0,-3.0,-37.0
1776887717.7971027,-5.0,0.0,-37.0
1776887717.807103,-1.0,-3.0,-36.0
1776887717.817103,-1.0,-6.0,-31.0
1776887717.827103,3.0,-11.0,-35.0
1776887717.837103,4.0,-8.0,-36.0
1776887717.8471026,1.0,-12.0,-38.0
1776887717.8571026,1.0,-9.0,-37.0
1776887717.8671026,-1.0,-8.0,-36.0
1776887717.8771029,4.0,-6.0,-32.0
1776887717.8871028,4.0,-1.0,-28.0
1776887717.8971028,0.0,-6.0,-32.0
1776887717.9071028,-2.0,0.0,-37.0
1776887717.9171028,2.0,-2.0,-36.0
1776887717.9271028,3.0,-2.0,-32.0
1776887717.9371028,5.0,-3.0,-28.0
1776887717.9471028,5.0,-1.0,-28.0
1776887717.9571028,2.0,-4.0,-26.0
1776887717.9671028,0.0,-2.0,-25.0
1776887717.9771028,0.0,0.0,-30.0
1776887717.9871027,0.0,-1.0,-25.0
1776887717.9971027,0.0,-3.0,-19.0
1776887718.0071027,1.0,-3.0,-18.0
1776887718.0171027,3.0,-3.0,-27.0
1776887718.0271027,1.0,-3.0,-27.0
1776887718.0371027,-2.0,-3.0,-26.0
1776887718.0471027,0.0,-2.0,-36.0
1776887718.057103,3.0,-1.0,-31.0
1776887718.067103,4.0,0.0,-34.0
1776887718.077103,4.0,0.0,-36.0
1776887718.087103,5.0,1.0,-32.0
1776887718.0971026,4.0,0.0,-39.0
1776887718.1071026,6.0,1.0,-35.0
1776887718.1171026,6.0,1.0,-31.0
1776887718.1271029,7.0,1.0,-33.0
1776887718.1381028,3.0,2.0,-33.0
1776887718.1481028,4.0,4.0,-36.0
1776887718.1581028,7.0,2.0,-40.0
1776887718.1681027,6.0,0.0,-41.0
1776887718.1781027,7.0,-1.0,-46.0
1776887718.1881027,2.0,0.0,-46.0
1776887718.1981027,3.0,0.0,-36.0
1776887718.2081027,3.0,-2.0,-36.0
1776887718.2181027,1.0,-5.0,-36.0
1776887718.2281027,0.0,-2.0,-34.0
1776887718.238103,2.0,-2.0,-29.0
1776887718.248103,-1.0,-6.0,-33.0
1776887718.258103,0.0,-6.0,-41.0
1776887718.2681026,1.0,-5.0,-44.0
1776887718.2781026,1.0,-2.0,-44.0
1776887718.2881026,1.0,0.0,-44.0
1776887718.2981029,-1.0,0.0,-46.0
1776887718.3081028,-3.0,3.0,-46.0
1776887718.3181028,-2.0,0.0,-47.0
1776887718.3281028,-1.0,-3.0,-49.0
1776887718.3381028,7.0,-3.0,-44.0
1776887718.3481028,6.0,-3.0,-40.0
1776887718.3581028,4.0,2.0,-43.0
1776887718.3681028,2.0,4.0,-41.0
1776887718.3781028,0.0,2.0,-38.0
1776887718.3881028,1.0,0.0,-37.0
1776887718.3981028,4.0,-6.0,-42.0
1776887718.4081028,5.0,-4.0,-38.0
1776887718.4181027,4.0,0.0,-34.0
1776887718.4281027,5.0,-1.0,-35.0
1776887718.4381027,9.0,0.0,-37.0
1776887718.4481027,11.0,0.0,-40.0
1776887718.4581027,8.0,0.0,-35.0
1776887718.4681027,13.0,2.0,-30.0
1776887718.4781027,10.0,2.0,-27.0
1776887718.488103,8.0,5.0,-28.0
1776887718.498103,8.0,10.0,-28.0
1776887718.508103,6.0,5.0,-29.0
1776887718.5181026,4.0,3.0,-31.0
1776887718.5281026,4.0,0.0,-24.0
1776887718.5381026,3.0,0.0,-26.0
1776887718.5481029,2.0,4.0,-27.0
1776887718.5581028,0.0,2.0,-29.0
1776887718.5681028,6.0,1.0,-33.0
1776887718.5781028,3.0,-5.0,-37.0
1776887718.5881028,4.0,-3.0,-34.0
1776887718.5981028,3.0,-2.0,-34.0
1776887718.6081028,3.0,-2.0,-31.0
1776887718.6181028,3.0,-3.0,-32.0
1776887718.6281028,3.0,-2.0,-32.0
1776887718.6381028,3.0,0.0,-42.0
1776887718.6481028,1.0,-1.0,-34.0
1776887718.6581028,0.0,0.0,-35.0
1776887718.6681027,0.0,-3.0,-39.0
1776887718.6781027,0.0,-3.0,-38.0
1776887718.6881027,0.0,-6.0,-34.0
1776887718.6981027,-1.0,-6.0,-30.0
1776887718.7081027,0.0,-2.0,-27.0
1776887718.7181027,1.0,1.0,-29.0
1776887718.7281027,-2.0,2.0,-27.0
1776887718.738103,-1.0,4.0,-29.0
1776887718.748103,-2.0,2.0,-22.0
1776887718.758103,-6.0,1.0,-22.0
1776887718.7681026,-8.0,1.0,-27.0
1776887718.7781026,-5.0,1.0,-28.0
1776887718.7881026,-5.0,0.0,-29.0
1776887718.7981029,-8.0,0.0,-27.0
1776887718.8081028,-7.0,0.0,-29.0
1776887718.8181028,-9.0,-1.0,-26.0
1776887718.8281028,-8.0,-1.0,-24.0
1776887718.8381028,-7.0,-1.0,-25.0
1776887718.8481028,-2.0,0.0,-24.0
1776887718.8581028,2.0,2.0,-31.0
1776887718.8681028,-1.0,0.0,-36.0
1776887718.8781028,2.0,0.0,-37.0
1776887718.8881028,0.0,2.0,-39.0
1776887718.8981028,1.0,3.0,-42.0
1776887718.9081028,0.0,1.0,-41.0
1776887718.9181027,-2.0,0.0,-38.0
1776887718.9281027,1.0,0.0,-40.0
1776887718.9381027,1.0,4.0,-40.0
1776887718.9481027,-1.0,7.0,-38.0
1776887718.9581027,-2.0,6.0,-39.0
1776887718.9681027,-2.0,0.0,-40.0
1776887718.9781027,-3.0,-5.0,-37.0
1776887718.988103,-6.0,-6.0,-35.0
1776887718.998103,-9.0,-9.0,-33.0
1776887719.008103,-9.0,-10.0,-39.0
1776887719.0181026,-7.0,-7.0,-28.0
1776887719.0281026,-5.0,-11.0,-24.0
1776887719.0381026,-2.0,-8.0,-25.0
1776887719.0481029,-1.0,-5.0,-30.0
1776887719.0581028,2.0,-4.0,-28.0
1776887719.0681028,-3.0,-3.0,-27.0
1776887719.0781028,-1.0,-6.0,-33.0
1776887719.0881028,-1.0,-6.0,-34.0
1776887719.0981028,-3.0,-9.0,-34.0
1776887719.1081028,-4.0,-2.0,-38.0
1776887719.1181028,0.0,-5.0,-41.0
1776887719.1281028,3.0,-5.0,-34.0
1776887719.1381028,4.0,-4.0,-44.0
1776887719.1481028,2.0,-5.0,-43.0
1776887719.1581028,5.0,-5.0,-44.0
1776887719.1681027,5.0,-7.0,-43.0
1776887719.1781027,4.0,-4.0,-46.0
1776887719.1881027,3.0,-4.0,-43.0
1776887719.1981027,3.0,-4.0,-40.0
1776887719.2081027,6.0,-6.0,-38.0
1776887719.2181027,5.0,-5.0,-41.0
1776887719.2281027,0.0,-6.0,-32.0
1776887719.238103,2.0,-6.0,-26.0
1776887719.248103,0.0,0.0,-22.0
1776887719.258103,-1.0,-2.0,-26.0
1776887719.2681026,2.0,0.0,-30.0
1776887719.2781026,2.0,-1.0,-29.0
1776887719.2881026,4.0,-1.0,-29.0
1776887719.2981029,3.0,-6.0,-30.0
1776887719.3081028,7.0,-7.0,-30.0
1776887719.3181028,3.0,-4.0,-33.0
1776887719.3281028,4.0,0.0,-32.0
1776887719.3381028,7.0,0.0,-32.0
1776887719.3481028,6.0,-4.0,-32.0
1776887719.3581028,10.0,-1.0,-26.0
1776887719.3681028,9.0,1.0,-28.0
1776887719.3781028,9.0,2.0,-35.0
1776887719.3881028,7.0,1.0,-39.0
1776887719.3981028,8.0,0.0,-39.0
1776887719.4081028,9.0,0.0,-40.0
1776887719.4181027,6.0,1.0,-45.0
1776887719.4281027,5.0,1.0,-43.0
1776887719.4381027,5.0,-1.0,-40.0
1776887719.4481027,6.0,-2.0,-37.0
1776887719.4581027,6.0,-4.0,-38.0
1776887719.4681027,1.0,0.0,-38.0
1776887719.4781027,-1.0,0.0,-37.0
1776887719.488103,2.0,0.0,-36.0
1776887719.498103,0.0,-1.0,-39.0
1776887719.508103,1.0,0.0,-37.0
1776887719.5181026,-1.0,2.0,-43.0
1776887719.5281026,4.0,2.0,-44.0
1776887719.5381026,4.0,5.0,-45.0
1776887719.5481029,3.0,1.0,-45.0
1776887719.5581028,2.0,0.0,-50.0
1776887719.5681028,2.0,-3.0,-54.0
1776887719.5781028,4.0,-6.0,-49.0
1776887719.5881028,8.0,-5.0,-36.0
1776887719.5981028,6.0,-5.0,-29.0
1776887719.6081028,1.0,-8.0,-30.0
1776887719.6181028,0.0,-11.0,-28.0
1776887719.6281028,0.0,-6.0,-31.0
1776887719.6381028,-1.0,-5.0,-30.0
1776887719.6481028,-3.0,-1.0,-29.0
1776887719.6581028,-2.0,0.0,-31.0
1776887719.6681027,0.0,-1.0,-35.0
1776887719.6781027,0.0,-3.0,-37.0
1776887719.6881027,0.0,-10.0,-35.0
1776887719.6981027,0.0,-7.0,-38.0
1776887719.7081027,0.0,-9.0,-37.0
1776887719.7181027,0.0,-6.0,-39.0
1776887719.7281027,-2.0,-3.0,-35.0
1776887719.738103,-3.0,-3.0,-33.0
1776887719.748103,-2.0,-1.0,-32.0
1776887719.758103,-4.0,-2.0,-35.0
1776887719.7681026,-3.0,-2.0,-42.0
1776887719.7781026,-2.0,0.0,-44.0
1776887719.7881026,-5.0,3.0,-45.0
1776887719.7981029,-6.0,3.0,-44.0
1776887719.8081028,-6.0,2.0,-37.0
1776887719.8181028,-8.0,-1.0,-32.0
1776887719.8281028,-6.0,0.0,-29.0
1776887719.8381028,-6.0,1.0,-33.0
1776887719.8481028,-4.0,-2.0,-33.0
1776887719.8581028,-6.0,-2.0,-36.0
1776887719.8681028,-6.0,-2.0,-42.0
1776887719.8781028,-3.0,2.0,-44.0
1776887719.8881028,-3.0,6.0,-42.0
1776887719.8981028,-2.0,3.0,-38.0
1776887719.9081028,0.0,-1.0,-36.0
1776887719.9181027,-2.0,0.0,-35.0
1776887719.9281027,-2.0,-2.0,-38.0
1776887719.9381027,-5.0,-1.0,-36.0
1776887719.9481027,-1.0,0.0,-32.0
1776887719.9581027,-1.0,-2.0,-35.0
1776887719.9681027,-1.0,2.0,-36.0
1776887719.9781027,0.0,1.0,-42.0
1776887719.988103,3.0,1.0,-38.0
1776887719.998103,2.0,-2.0,-37.0
1776887720.008103,2.0,-1.0,-42.0
1776887720.0181026,4.0,-1.0,-47.0
1776887720.0281026,6.0,-2.0,-45.0
1776887720.0381026,0.0,-2.0,-41.0
1776887720.0481029,1.0,-2.0,-43.0
1776887720.0581028,3.0,-4.0,-41.0
1776887720.0681028,0.0,-3.0,-33.0
1776887720.0781028,-2.0,0.0,-28.0
1776887720.0881028,-1.0,-1.0,-23.0
1776887720.0981028,-2.0,-2.0,-28.0
1776887720.1081028,-1.0,-2.0,-33.0
1776887720.1181028,-1.0,-1.0,-41.0
1776887720.1281028,0.0,-2.0,-38.0
1776887720.1381028,0.0,-5.0,-40.0
1776887720.1481028,5.0,-5.0,-38.0
1776887720.159103,4.0,-4.0,-40.0
1776887720.169103,3.0,0.0,-43.0
1776887720.179103,4.0,0.0,-43.0
1776887720.1891026,3.0,-1.0,-44.0
1776887720.1991026,1.0,0.0,-41.0
1776887720.2091026,3.0,0.0,-35.0
1776887720.2191026,5.0,-1.0,-37.0
1776887720.2291028,6.0,0.0,-49.0
1776887720.2391028,4.0,2.0,-52.0
1776887720.2491028,9.0,2.0,-44.0
1776887720.2591028,3.0,-1.0,-38.0
1776887720.2691028,4.0,-3.0,-40.0
1776887720.2791028,7.0,-1.0,-35.0
1776887720.2891028,9.0,-5.0,-33.0
1776887720.2991028,2.0,0.0,-29.0
1776887720.3091028,-3.0,4.0,-31.0
1776887720.3191028,-2.0,2.0,-33.0
1776887720.3291028,-1.0,4.0,-33.0
1776887720.3391027,0.0,6.0,-31.0
1776887720.3491027,1.0,4.0,-31.0
1776887720.3591027,5.0,0.0,-26.0
1776887720.3691027,6.0,-2.0,-31.0
1776887720.3791027,6.0,-2.0,-30.0
1776887720.3891027,0.0,-1.0,-39.0
1776887720.3991027,-1.0,-4.0,-37.0
1776887720.409103,2.0,-6.0,-33.0
1776887720.419103,2.0,-10.0,-35.0
1776887720.429103,0.0,-11.0,-29.0
1776887720.4391026,1.0,-11.0,-31.0
1776887720.4491026,4.0,-11.0,-36.0
1776887720.4591026,0.0,-8.0,-30.0
1776887720.4691026,0.0,-6.0,-39.0
1776887720.4791028,0.0,-4.0,-47.0
1776887720.4891028,2.0,-4.0,-44.0
1776887720.4991028,7.0,-4.0,-39.0
1776887720.5091028,6.0,-2.0,-40.0
1776887720.5191028,2.0,-3.0,-44.0
1776887720.5291028,2.0,0.0,-45.0
1776887720.5391028,2.0,-4.0,-40.0
1776887720.5491028,0.0,0.0,-33.0
1776887720.5591028,0.0,-1.0,-30.0
1776887720.5691028,0.0,1.0,-31.0
1776887720.5791028,0.0,-2.0,-31.0
1776887720.5891027,-2.0,-1.0,-35.0
1776887720.5991027,-4.0,-1.0,-35.0
1776887720.6091027,0.0,-3.0,-36.0
1776887720.6191027,-2.0,-4.0,-31.0
1776887720.6291027,0.0,-4.0,-28.0
1776887720.6391027,4.0,-6.0,-36.0
1776887720.6491027,5.0,-3.0,-46.0
1776887720.659103,7.0,0.0,-41.0
1776887720.669103,4.0,0.0,-35.0
1776887720.679103,-4.0,1.0,-36.0
1776887720.6891026,0.0,2.0,-45.0
1776887720.6991026,0.0,4.0,-54.0
1776887720.7091026,0.0,1.0,-52.0
1776887720.7191026,-1.0,0.0,-44.0
1776887720.7291028,-4.0,0.0,-38.0
1776887720.7391028,-4.0,-3.0,-29.0
1776887720.7491028,0.0,-3.0,-33.0
1776887720.7591028,0.0,-2.0,-37.0
1776887720.7691028,2.0,-3.0,-33.0
1776887720.7791028,2.0,-8.0,-34.0
1776887720.7891028,1.0,-4.0,-39.0
1776887720.7991028,0.0,-1.0,-45.0
1776887720.8091028,-1.0,-2.0,-44.0
1776887720.8191028,0.0,1.0,-41.0
1776887720.8291028,0.0,-1.0,-35.0
1776887720.840103,0.0,-1.0,-36.0
1776887720.8491027,0.0,-2.0,-41.0
1776887720.8591027,0.0,-4.0,-42.0
1776887720.8691027,0.0,-4.0,-41.0
1776887720.8791027,0.0,-4.0,-40.0
1776887720.8891027,3.0,0.0,-38.0
1776887720.8991027,3.0,-2.0,-40.0
1776887720.909103,2.0,0.0,-37.0
1776887720.919103,5.0,1.0,-39.0
1776887720.929103,6.0,0.0,-37.0
1776887720.9391026,5.0,-1.0,-33.0
1776887720.9491026,5.0,0.0,-34.0
1776887720.9591026,0.0,-4.0,-29.0
1776887720.9691026,0.0,-2.0,-31.0
1776887720.9791028,-5.0,-2.0,-32.0
1776887720.9891028,-11.0,0.0,-43.0
1776887720.9991028,-7.0,0.0,-37.0
1776887721.0091028,-6.0,-3.0,-35.0
1776887721.0191028,-7.0,1.0,-37.0
1776887721.0291028,-1.0,0.0,-39.0
1776887721.0391028,3.0,-1.0,-43.0
1776887721.0491028,5.0,-1.0,-43.0
1776887721.0591028,3.0,-2.0,-39.0
1776887721.0691028,3.0,1.0,-47.0
1776887721.0791028,0.0,1.0,-42.0
1776887721.0891027,-1.0,2.0,-32.0
1776887721.0991027,-3.0,6.0,-38.0
1776887721.1091027,2.0,6.0,-42.0
1776887721.1191027,1.0,2.0,-40.0
1776887721.1291027,1.0,0.0,-35.0
1776887721.1391027,-3.0,0.0,-35.0
1776887721.1491027,-3.0,0.0,-32.0
1776887721.159103,-3.0,3.0,-31.0
1776887721.169103,-4.0,1.0,-33.0
1776887721.179103,0.0,0.0,-39.0
1776887721.1891026,3.0,-1.0,-43.0
1776887721.1991026,2.0,-5.0,-38.0
1776887721.2091026,-1.0,-3.0,-30.0
1776887721.2191026,-2.0,0.0,-36.0
1776887721.2291028,-4.0,0.0,-43.0
1776887721.2391028,-5.0,0.0,-36.0
1776887721.2491028,-3.0,1.0,-38.0
1776887721.2591028,-4.0,4.0,-35.0
1776887721.2691028,-7.0,5.0,-44.0
1776887721.2791028,-4.0,3.0,-42.0
1776887721.2891028,-1.0,3.0,-39.0
1776887721.2991028,-2.0,4.0,-37.0
1776887721.3091028,0.0,3.0,-45.0
1776887721.3191028,-2.0,1.0,-41.0
1776887721.3291028,-2.0,0.0,-38.0
1776887721.3391027,-2.0,0.0,-38.0
1776887721.3491027,0.0,0.0,-39.0
1776887721.3591027,-1.0,2.0,-36.0
1776887721.3691027,-4.0,3.0,-39.0
1776887721.3791027,1.0,0.0,-37.0
1776887721.3891027,1.0,-1.0,-44.0
1776887721.3991027,1.0,-4.0,-37.0
1776887721.409103,2.0,-6.0,-34.0
1776887721.419103,3.0,-3.0,-38.0
1776887721.429103,5.0,-5.0,-39.0
1776887721.4391026,0.0,-5.0,-39.0
1776887721.4491026,1.0,-1.0,-43.0
1776887721.4591026,-1.0,0.0,-37.0
1776887721.4691026,-1.0,-1.0,-30.0
1776887721.4791028,0.0,-1.0,-31.0
1776887721.4891028,0.0,0.0,-35.0
1776887721.4991028,0.0,-2.0,-29.0
1776887721.5091028,2.0,-7.0,-32.0
1776887721.5191028,1.0,-10.0,-32.0
1776887721.5291028,0.0,-9.0,-33.0
1776887721.5391028,3.0,-7.0,-35.0
1776887721.5491028,1.0,-5.0,-36.0
1776887721.5591028,0.0,-7.0,-41.0
1776887721.5691028,1.0,-6.0,-36.0
1776887721.5791028,-1.0,-5.0,-43.0
1776887721.5891027,0.0,-5.0,-37.0
1776887721.5991027,-2.0,-3.0,-38.0
1776887721.6091027,-1.0,0.0,-37.0
1776887721.6191027,0.0,3.0,-40.0
1776887721.6291027,-4.0,3.0,-38.0
1776887721.6391027,-6.0,3.0,-33.0
1776887721.6491027,-6.0,2.0,-37.0
1776887721.659103,-5.0,4.0,-36.0
1776887721.669103,-7.0,2.0,-36.0
1776887721.679103,-2.0,0.0,-34.0
1776887721.6891026,-7.0,0.0,-38.0
1776887721.6991026,-4.0,0.0,-33.0
1776887721.7091026,-3.0,0.0,-39.0
1776887721.7191026,-4.0,0.0,-38.0
1776887721.7291028,-3.0,-1.0,-29.0
1776887721.7391028,-1.0,0.0,-32.0
1776887721.7491028,1.0,3.0,-43.0
1776887721.7591028,1.0,4.0,-36.0
1776887721.7691028,3.0,3.0,-36.0
1776887721.7791028,3.0,2.0,-35.0
1776887721.7891028,7.0,2.0,-37.0
1776887721.7991028,9.0,-3.0,-43.0
1776887721.8091028,6.0,3.0,-44.0
1776887721.8191028,6.0,1.0,-42.0
1776887721.8291028,7.0,1.0,-34.0
1776887721.8391027,4.0,-2.0,-26.0
1776887721.8491027,3.0,-5.0,-25.0
1776887721.8591027,9.0,-6.0,-37.0
1776887721.8691027,9.0,-4.0,-38.0
1776887721.8791027,10.0,-5.0,-33.0
1776887721.8891027,7.0,-4.0,-34.0
1776887721.8991027,3.0,-6.0,-37.0
1776887721.909103,0.0,-5.0,-31.0
1776887721.919103,0.0,-3.0,-31.0
1776887721.929103,0.0,-3.0,-33.0
1776887721.9391026,3.0,-1.0,-33.0
1776887721.9491026,2.0,-5.0,-36.0
1776887721.9591026,1.0,-4.0,-32.0
1776887721.9691026,-1.0,-2.0,-31.0
1776887721.9791028,-3.0,-2.0,-37.0
1776887721.9891028,-7.0,-3.0,-30.0
1776887721.9991028,-8.0,-3.0,-32.0
1776887722.0091028,-1.0,1.0,-37.0
1776887722.0191028,-2.0,-1.0,-41.0
1776887722.0291028,0.0,-6.0,-41.0
1776887722.0391028,-2.0,-4.0,-40.0
1776887722.0491028,-2.0,-5.0,-40.0
1776887722.0591028,-5.0,-1.0,-43.0
1776887722.0691028,-4.0,-1.0,-47.0
1776887722.0791028,-1.0,0.0,-47.0
1776887722.0891027,2.0,-1.0,-51.0
1776887722.0991027,3.0,-1.0,-54.0
1776887722.1091027,4.0,-4.0,-52.0
1776887722.1191027,4.0,-2.0,-48.0
1776887722.1291027,1.0,2.0,-45.0
1776887722.1391027,4.0,0.0,-40.0
1776887722.1491027,5.0,-4.0,-38.0
1776887722.1601028,4.0,-4.0,-43.0
1776887722.169103,2.0,-6.0,-36.0
1776887722.1801028,2.0,-7.0,-39.0
1776887722.1901028,0.0,-7.0,-35.0
1776887722.2001028,-2.0,-6.0,-27.0
1776887722.2101028,0.0,-9.0,-29.0
1776887722.2201028,0.0,-8.0,-39.0
1776887722.2301028,0.0,-4.0,-38.0
1776887722.2401028,-4.0,-3.0,-36.0
1776887722.2501028,-4.0,-3.0,-39.0
1776887722.2601027,-4.0,-6.0,-34.0
1776887722.2701027,0.0,-6.0,-34.0
1776887722.2801027,-3.0,-5.0,-34.0
1776887722.2901027,0.0,0.0,-38.0
1776887722.3001027,2.0,0.0,-36.0
1776887722.3101027,-4.0,-1.0,-36.0
1776887722.3201027,-2.0,-5.0,-43.0
1776887722.3301027,-2.0,-6.0,-49.0
1776887722.340103,-2.0,-4.0,-47.0
1776887722.350103,0.0,-3.0,-42.0
1776887722.360103,5.0,-3.0,-41.0
1776887722.3701026,3.0,-3.0,-41.0
1776887722.3801026,0.0,-1.0,-35.0
1776887722.3901026,3.0,0.0,-37.0
1776887722.4001029,3.0,0.0,-39.0
1776887722.4101028,3.0,-1.0,-38.0
1776887722.4201028,1.0,-2.0,-36.0
1776887722.4301028,-1.0,-1.0,-35.0
1776887722.4401028,0.0,-5.0,-42.0
1776887722.4501028,1.0,-1.0,-44.0
1776887722.4601028,-3.0,-2.0,-44.0
1776887722.4701028,-3.0,-2.0,-48.0
1776887722.4801028,-2.0,0.0,-46.0
1776887722.4901028,3.0,0.0,-46.0
1776887722.5001028,6.0,0.0,-51.0
1776887722.5101027,5.0,3.0,-51.0
1776887722.5201027,2.0,4.0,-53.0
1776887722.5301027,4.0,2.0,-50.0
1776887722.5401027,9.0,0.0,-41.0
1776887722.5501027,7.0,-1.0,-37.0
1776887722.5601027,5.0,2.0,-40.0
1776887722.5701027,5.0,10.0,-34.0
1776887722.5801027,0.0,7.0,-33.0
1776887722.590103,-2.0,7.0,-38.0
1776887722.600103,-2.0,5.0,-41.0
1776887722.610103,1.0,-1.0,-47.0
1776887722.6201026,0.0,3.0,-34.0
1776887722.6301026,-2.0,0.0,-33.0
1776887722.6401026,-1.0,0.0,-32.0
1776887722.6501029,1.0,0.0,-31.0
1776887722.6601028,2.0,3.0,-28.0
1776887722.6701028,2.0,7.0,-31.0
1776887722.6801028,0.0,7.0,-26.0
1776887722.6901028,0.0,4.0,-25.0
1776887722.7001028,2.0,3.0,-24.0
1776887722.7101028,8.0,3.0,-25.0
1776887722.7201028,8.0,2.0,-22.0
1776887722.7301028,7.0,1.0,-25.0
1776887722.7401028,5.0,0.0,-28.0
1776887722.7501028,2.0,0.0,-36.0
1776887722.7601027,4.0,-4.0,-45.0
1776887722.7701027,5.0,1.0,-43.0
1776887722.7801027,3.0,0.0,-39.0
1776887722.7901027,3.0,0.0,-39.0
1776887722.8001027,0.0,3.0,-38.0
1776887722.8101027,-3.0,4.0,-45.0
1776887722.8201027,-3.0,1.0,-47.0
1776887722.8301027,-1.0,2.0,-41.0
1776887722.840103,3.0,7.0,-35.0
1776887722.850103,4.0,7.0,-34.0
1776887722.860103,3.0,3.0,-37.0
1776887722.8701026,6.0,-2.0,-44.0
1776887722.8801026,0.0,-6.0,-43.0
1776887722.8901026,0.0,-7.0,-40.0
1776887722.9001029,-1.0,-2.0,-44.0
1776887722.9101028,-1.0,0.0,-39.0
1776887722.9201028,0.0,0.0,-39.0
1776887722.9301028,0.0,0.0,-38.0
1776887722.9401028,4.0,1.0,-38.0
1776887722.9501028,4.0,0.0,-41.0
1776887722.9601028,6.0,2.0,-32.0
1776887722.9701028,4.0,2.0,-36.0
1776887722.9801028,0.0,0.0,-43.0
1776887722.9901028,2.0,-2.0,-43.0
1776887723.0001028,8.0,3.0,-39.0
1776887723.0101027,6.0,0.0,-37.0
1776887723.0201027,4.0,-2.0,-42.0
1776887723.0301027,2.0,-2.0,-34.0
1776887723.0401027,2.0,-1.0,-28.0
1776887723.0501027,0.0,0.0,-26.0
1776887723.0601027,-3.0,4.0,-34.0
1776887723.0701027,-9.0,2.0,-35.0
1776887723.0801027,-1.0,3.0,-38.0
1776887723.090103,0.0,4.0,-40.0
1776887723.100103,-2.0,3.0,-39.0
1776887723.110103,-1.0,1.0,-43.0
1776887723.1201026,-5.0,1.0,-41.0
1776887723.1301026,-9.0,0.0,-41.0
1776887723.1401026,-6.0,0.0,-40.0
1776887723.1501029,-6.0,-2.0,-40.0
1776887723.1601028,-4.0,-2.0,-38.0
1776887723.1701028,-3.0,-2.0,-36.0
1776887723.1801028,0.0,-1.0,-35.0
1776887723.1901028,-3.0,0.0,-35.0
1776887723.2001028,-6.0,0.0,-36.0
1776887723.2101028,-8.0,1.0,-41.0
1776887723.2201028,-9.0,3.0,-42.0
1776887723.2301028,-1.0,0.0,-40.0
1776887723.2401028,0.0,-5.0,-43.0
1776887723.2501028,-1.0,-8.0,-42.0
1776887723.2601027,-5.0,-5.0,-40.0
1776887723.2701027,-5.0,-4.0,-43.0
1776887723.2801027,-2.0,-2.0,-40.0
1776887723.2901027,1.0,-1.0,-31.0
1776887723.3001027,8.0,0.0,-34.0
1776887723.3101027,9.0,-2.0,-34.0
1776887723.3201027,5.0,-3.0,-28.0
1776887723.3301027,2.0,-4.0,-33.0
1776887723.340103,1.0,-1.0,-37.0
1776887723.350103,0.0,-3.0,-36.0
1776887723.360103,3.0,-4.0,-30.0
1776887723.3701026,2.0,-1.0,-32.0
1776887723.3801026,3.0,-1.0,-32.0
1776887723.3901026,2.0,-2.0,-33.0
1776887723.4001029,2.0,-1.0,-34.0
1776887723.4101028,2.0,0.0,-35.0
1776887723.4201028,2.0,-2.0,-30.0
1776887723.4301028,-1.0,-2.0,-32.0
1776887723.4401028,-6.0,-2.0,-30.0
1776887723.4501028,-6.0,-2.0,-36.0
1776887723.4601028,-6.0,-2.0,-33.0
1776887723.4701028,-5.0,-2.0,-36.0
1776887723.4801028,-3.0,-2.0,-44.0
1776887723.4901028,-4.0,0.0,-47.0
1776887723.5001028,-1.0,-4.0,-45.0
1776887723.5101027,-2.0,-3.0,-45.0
1776887723.5201027,1.0,-5.0,-42.0
1776887723.5301027,0.0,-5.0,-41.0
1776887723.5401027,0.0,-8.0,-40.0
1776887723.5501027,-2.0,-7.0,-44.0
1776887723.5601027,-10.0,-8.0,-46.0
1776887723.5701027,-9.0,-7.0,-42.0
1776887723.5801027,-13.0,-3.0,-41.0
1776887723.590103,-8.0,-3.0,-36.0
1776887723.600103,-5.0,0.0,-38.0
1776887723.610103,-6.0,5.0,-38.0
1776887723.6201026,-3.0,5.0,-37.0
1776887723.6301026,-2.0,4.0,-35.0
1776887723.6401026,-2.0,3.0,-37.0
1776887723.6501029,-4.0,0.0,-36.0
1776887723.6601028,-8.0,2.0,-36.0
1776887723.6701028,-6.0,5.0,-36.0
1776887723.6801028,-7.0,1.0,-35.0
1776887723.6901028,-11.0,0.0,-31.0
1776887723.7001028,-11.0,0.0,-28.0
1776887723.7101028,-11.0,0.0,-28.0
1776887723.7201028,-10.0,-2.0,-25.0
1776887723.7301028,-4.0,0.0,-30.0
1776887723.7401028,-1.0,-2.0,-37.0
1776887723.7501028,0.0,0.0,-37.0
1776887723.7601027,4.0,-2.0,-34.0
1776887723.7701027,4.0,-3.0,-36.0
1776887723.7801027,5.0,-3.0,-37.0
1776887723.7901027,7.0,-6.0,-42.0
1776887723.8001027,8.0,-7.0,-40.0
1776887723.8101027,7.0,-2.0,-40.0
1776887723.8201027,8.0,-4.0,-42.0
1776887723.8301027,6.0,-2.0,-44.0
1776887723.840103,2.0,-7.0,-30.0
1776887723.850103,-1.0,-5.0,-31.0
1776887723.860103,-2.0,-5.0,-33.0
1776887723.8701026,-3.0,-2.0,-30.0
1776887723.8801026,-2.0,-1.0,-38.0
1776887723.8901026,5.0,-2.0,-42.0
1776887723.9001029,9.0,-3.0,-40.0
1776887723.9101028,4.0,-4.0,-43.0
1776887723.9201028,2.0,-3.0,-40.0
1776887723.9301028,3.0,-6.0,-46.0
1776887723.9401028,4.0,-7.0,-38.0
1776887723.9501028,-2.0,-7.0,-41.0
1776887723.9601028,-4.0,-8.0,-40.0
1776887723.9701028,-5.0,-6.0,-43.0
1776887723.9801028,-4.0,-2.0,-37.0
1776887723.9901028,-3.0,0.0,-36.0
1776887724.0001028,-3.0,-1.0,-35.0
1776887724.0101027,-1.0,-5.0,-30.0
1776887724.0201027,-3.0,-6.0,-30.0
1776887724.0301027,-4.0,-2.0,-23.0
1776887724.0401027,-4.0,-3.0,-30.0
1776887724.0501027,-2.0,-2.0,-26.0
1776887724.0601027,0.0,-2.0,-26.0
1776887724.0701027,3.0,-3.0,-29.0
1776887724.0801027,2.0,-4.0,-31.0
1776887724.090103,2.0,0.0,-30.0
1776887724.100103,3.0,1.0,-31.0
1776887724.110103,5.0,2.0,-38.0
1776887724.1201026,0.0,4.0,-34.0
1776887724.1311028,-4.0,4.0,-32.0
1776887724.1401026,-3.0,0.0,-31.0
1776887724.1501029,0.0,-7.0,-30.0
1776887724.1601028,-2.0,-6.0,-25.0
1776887724.1711028,0.0,-8.0,-20.0
1776887724.1811028,-2.0,-6.0,-17.0
1776887724.1911027,2.0,-5.0,-15.0
1776887724.2011027,7.0,-8.0,-20.0
1776887724.2111027,8.0,-8.0,-20.0
1776887724.2211027,5.0,-1.0,-29.0
1776887724.2311027,1.0,-4.0,-35.0
1776887724.2401028,5.0,-1.0,-34.0
1776887724.2511027,3.0,6.0,-33.0
1776887724.261103,2.0,6.0,-40.0
1776887724.271103,1.0,4.0,-43.0
1776887724.281103,0.0,5.0,-45.0
1776887724.2911026,1.0,4.0,-44.0
1776887724.3011026,0.0,2.0,-47.0
1776887724.3111026,0.0,0.0,-55.0
1776887724.3211029,0.0,-1.0,-55.0
1776887724.3311028,-1.0,-4.0,-47.0
1776887724.3411028,-4.0,-3.0,-46.0
1776887724.3511028,-3.0,-2.0,-45.0
1776887724.3611028,2.0,0.0,-44.0
1776887724.3711028,6.0,-2.0,-38.0
1776887724.3811028,6.0,-5.0,-42.0
1776887724.3911028,5.0,-5.0,-38.0
1776887724.4011028,5.0,-3.0,-39.0
1776887724.4111028,3.0,-3.0,-31.0
1776887724.4211028,0.0,-2.0,-26.0
1776887724.4311028,5.0,-1.0,-27.0
1776887724.4411027,3.0,3.0,-30.0
1776887724.4511027,5.0,6.0,-28.0
1776887724.4611027,-2.0,4.0,-27.0
1776887724.4711027,-2.0,0.0,-32.0
1776887724.4811027,0.0,-3.0,-29.0
1776887724.4911027,-2.0,-3.0,-32.0
1776887724.5011027,1.0,-2.0,-39.0
1776887724.511103,0.0,-3.0,-43.0
1776887724.521103,0.0,-2.0,-46.0
1776887724.531103,-5.0,3.0,-42.0
1776887724.5411026,-7.0,0.0,-37.0
1776887724.5511026,-6.0,0.0,-42.0
1776887724.5611026,-5.0,1.0,-48.0
1776887724.5711029,-7.0,1.0,-49.0
1776887724.5811028,-8.0,0.0,-50.0
1776887724.5911028,-8.0,0.0,-49.0
1776887724.6011028,-6.0,0.0,-52.0
1776887724.6111028,-2.0,2.0,-52.0
1776887724.6211028,0.0,1.0,-53.0
1776887724.6311028,1.0,0.0,-45.0
1776887724.6411028,0.0,0.0,-43.0
1776887724.6511028,1.0,4.0,-39.0
1776887724.6611028,4.0,7.0,-39.0
1776887724.6711028,0.0,4.0,-40.0
1776887724.6811028,4.0,2.0,-43.0
1776887724.6911027,0.0,-1.0,-39.0
1776887724.7011027,-2.0,-3.0,-38.0
1776887724.7111027,-1.0,-4.0,-35.0
1776887724.7211027,0.0,-4.0,-27.0
1776887724.7311027,0.0,-6.0,-30.0
1776887724.7411027,0.0,-2.0,-35.0
1776887724.7511027,2.0,2.0,-40.0
1776887724.761103,2.0,4.0,-40.0
1776887724.771103,6.0,-1.0,-36.0
1776887724.781103,4.0,-2.0,-38.0
1776887724.7911026,-2.0,-2.0,-33.0
1776887724.8011026,0.0,-1.0,-31.0
1776887724.8111026,-2.0,-2.0,-36.0
1776887724.8211029,-2.0,0.0,-42.0
1776887724.8311028,0.0,-4.0,-45.0
1776887724.8411028,-1.0,-7.0,-41.0
1776887724.8511028,-6.0,-4.0,-39.0
1776887724.8611028,-6.0,-5.0,-40.0
1776887724.8711028,-1.0,-2.0,-39.0
1776887724.8811028,0.0,-1.0,-36.0
1776887724.8911028,-3.0,-1.0,-36.0
1776887724.9011028,-1.0,-4.0,-35.0
1776887724.9111028,0.0,-1.0,-38.0
1776887724.9211028,-3.0,-1.0,-41.0
1776887724.9311028,-4.0,-1.0,-40.0
1776887724.9411027,-3.0,-4.0,-38.0
1776887724.9511027,0.0,-7.0,-29.0
1776887724.9611027,-3.0,-2.0,-29.0
1776887724.9711027,4.0,1.0,-30.0
1776887724.9811027,4.0,1.0,-32.0
1776887724.9911027,3.0,1.0,-33.0
1776887725.0011027,4.0,0.0,-30.0
1776887725.011103,1.0,-1.0,-28.0
1776887725.021103,0.0,0.0,-33.0
1776887725.031103,0.0,-2.0,-32.0
1776887725.0411026,4.0,-4.0,-32.0
1776887725.0511026,1.0,-7.0,-28.0
1776887725.0611026,-2.0,-5.0,-27.0
1776887725.0711029,0.0,0.0,-32.0
1776887725.0811028,-3.0,-4.0,-35.0
1776887725.0911028,-2.0,-6.0,-38.0
1776887725.1011028,-4.0,-5.0,-31.0
1776887725.1111028,-2.0,-3.0,-26.0
1776887725.1211028,-1.0,-1.0,-23.0
1776887725.1311028,-1.0,-3.0,-19.0
1776887725.1411028,1.0,-4.0,-22.0
1776887725.1511028,4.0,-8.0,-28.0
1776887725.1611028,3.0,-8.0,-21.0
1776887725.1711028,0.0,-5.0,-25.0
1776887725.1811028,0.0,-6.0,-23.0
1776887725.1911027,-4.0,-4.0,-26.0
1776887725.2011027,0.0,-3.0,-36.0
1776887725.2111027,0.0,-2.0,-44.0
1776887725.2211027,-2.0,-2.0,-43.0
1776887725.2311027,-2.0,-5.0,-43.0
1776887725.2411027,1.0,-6.0,-45.0
1776887725.2511027,0.0,-1.0,-45.0
1776887725.261103,1.0,-2.0,-38.0
1776887725.271103,4.0,-2.0,-39.0
1776887725.281103,4.0,-1.0,-37.0
1776887725.2911026,7.0,-3.0,-37.0
1776887725.3011026,9.0,-2.0,-29.0
1776887725.3111026,8.0,-3.0,-31.0
1776887725.3211029,8.0,-4.0,-33.0
1776887725.3311028,8.0,-3.0,-34.0
1776887725.3411028,8.0,-4.0,-45.0
1776887725.3511028,10.0,0.0,-39.0
1776887725.3611028,10.0,-1.0,-39.0
1776887725.3711028,7.0,-5.0,-40.0
1776887725.3811028,6.0,-6.0,-36.0
1776887725.3911028,8.0,-6.0,-36.0
1776887725.4011028,6.0,-5.0,-36.0
1776887725.4111028,1.0,-5.0,-33.0
1776887725.4211028,-3.0,-3.0,-34.0
1776887725.4311028,-6.0,-3.0,-38.0
1776887725.4411027,-9.0,-2.0,-48.0
1776887725.4511027,0.0,3.0,-54.0
1776887725.4611027,0.0,0.0,-55.0
1776887725.4711027,-2.0,0.0,-57.0
1776887725.4811027,1.0,0.0,-45.0
1776887725.4911027,0.0,-1.0,-44.0
1776887725.5011027,-2.0,0.0,-45.0
1776887725.511103,-4.0,-3.0,-43.0
1776887725.521103,-3.0,-4.0,-43.0
1776887725.531103,-2.0,-5.0,-45.0
1776887725.5411026,-1.0,-6.0,-40.0
1776887725.5511026,-2.0,-3.0,-33.0
1776887725.5611026,-5.0,-7.0,-32.0
1776887725.5711029,-3.0,-7.0,-33.0
1776887725.5811028,-3.0,-5.0,-29.0
1776887725.5911028,0.0,-1.0,-19.0
1776887725.6011028,-1.0,-2.0,-25.0
1776887725.6111028,-2.0,-4.0,-33.0
1776887725.6211028,-1.0,-6.0,-39.0
1776887725.6311028,0.0,1.0,-45.0
1776887725.6411028,0.0,1.0,-35.0
1776887725.6511028,4.0,-2.0,-32.0
1776887725.6611028,3.0,-1.0,-34.0
1776887725.6711028,1.0,0.0,-35.0
1776887725.6811028,2.0,0.0,-35.0
1776887725.6911027,0.0,1.0,-41.0
1776887725.7011027,1.0,0.0,-43.0
1776887725.7111027,0.0,1.0,-39.0
1776887725.7211027,-1.0,2.0,-36.0
1776887725.7311027,-2.0,2.0,-32.0
1776887725.7411027,0.0,4.0,-34.0
1776887725.7511027,1.0,2.0,-39.0
1776887725.761103,3.0,2.0,-41.0
1776887725.771103,6.0,-1.0,-40.0
1776887725.781103,4.0,-1.0,-36.0
1776887725.7911026,2.0,2.0,-33.0
1776887725.8011026,3.0,0.0,-35.0
1776887725.8111026,4.0,-3.0,-39.0
1776887725.8211029,0.0,-4.0,-38.0
1776887725.8311028,-1.0,-4.0,-41.0
1776887725.8411028,2.0,-2.0,-40.0
1776887725.8511028,6.0,-2.0,-37.0
1776887725.8611028,5.0,-1.0,-37.0
1776887725.8711028,6.0,-4.0,-40.0
1776887725.8811028,6.0,-7.0,-35.0
1776887725.8911028,4.0,-10.0,-36.0
1776887725.9011028,5.0,-5.0,-36.0
1776887725.9111028,4.0,-4.0,-32.0
1776887725.9211028,0.0,0.0,-35.0
1776887725.9311028,5.0,-2.0,-38.0
1776887725.9411027,8.0,-5.0,-44.0
1776887725.9511027,6.0,-5.0,-38.0
1776887725.9611027,8.0,-4.0,-35.0
1776887725.9711027,10.0,0.0,-33.0
1776887725.9811027,7.0,0.0,-31.0
1776887725.9911027,5.0,-2.0,-32.0
1776887726.0011027,5.0,-2.0,-30.0
1776887726.011103,3.0,0.0,-26.0
1776887726.021103,2.0,0.0,-27.0
1776887726.031103,3.0,0.0,-28.0
1776887726.0411026,0.0,2.0,-34.0
1776887726.0511026,4.0,0.0,-36.0
1776887726.0611026,6.0,-3.0,-35.0
1776887726.0711029,6.0,0.0,-35.0
1776887726.0811028,5.0,0.0,-39.0
1776887726.0911028,4.0,3.0,-39.0
1776887726.1011028,3.0,4.0,-41.0
1776887726.1111028,3.0,2.0,-37.0
1776887726.1211028,0.0,-1.0,-38.0
1776887726.1321027,1.0,-2.0,-35.0
1776887726.1421027,4.0,-4.0,-28.0
1776887726.1511028,0.0,-6.0,-33.0
1776887726.1611028,0.0,-8.0,-34.0
1776887726.1721027,5.0,-8.0,-39.0
1776887726.182103,10.0,-8.0,-45.0
1776887726.192103,8.0,-11.0,-42.0
1776887726.202103,7.0,-6.0,-40.0
1776887726.212103,4.0,-7.0,-45.0
1776887726.2221026,3.0,-6.0,-46.0
1776887726.2321026,5.0,-1.0,-42.0
1776887726.2421026,4.0,-7.0,-43.0
1776887726.2521029,4.0,-4.0,-43.0
1776887726.2621028,4.0,1.0,-46.0
1776887726.2721028,5.0,0.0,-43.0
1776887726.2821028,8.0,0.0,-44.0
1776887726.2921028,5.0,0.0,-44.0
1776887726.3021028,4.0,1.0,-40.0
1776887726.3121028,10.0,-1.0,-40.0
1776887726.3221028,8.0,-2.0,-41.0
1776887726.3321028,3.0,0.0,-37.0
1776887726.3421028,1.0,-3.0,-35.0
1776887726.3521028,2.0,-2.0,-33.0
1776887726.3621027,2.0,-4.0,-33.0
1776887726.3721027,1.0,0.0,-39.0
1776887726.3821027,5.0,0.0,-41.0
1776887726.3921027,2.0,0.0,-39.0
1776887726.4021027,6.0,5.0,-40.0
1776887726.4121027,5.0,1.0,-43.0
1776887726.4221027,0.0,0.0,-40.0
1776887726.432103,2.0,-3.0,-35.0
1776887726.442103,2.0,-6.0,-39.0
1776887726.452103,1.0,-2.0,-32.0
1776887726.462103,0.0,3.0,-34.0
1776887726.4721026,0.0,2.0,-41.0
1776887726.4821026,-2.0,4.0,-41.0
1776887726.4921026,-5.0,6.0,-40.0
1776887726.5021029,0.0,4.0,-41.0
1776887726.5121028,-3.0,4.0,-38.0
1776887726.5221028,-4.0,6.0,-40.0
1776887726.5321028,-3.0,2.0,-43.0
1776887726.5421028,-4.0,2.0,-42.0
1776887726.5521028,0.0,2.0,-39.0
1776887726.5621028,-2.0,2.0,-37.0
1776887726.5721028,1.0,-1.0,-33.0
1776887726.5821028,3.0,2.0,-32.0
1776887726.5921028,7.0,0.0,-32.0
1776887726.6021028,6.0,2.0,-33.0
1776887726.6121027,3.0,2.0,-29.0
1776887726.6221027,2.0,5.0,-32.0
1776887726.6321027,1.0,3.0,-35.0
1776887726.6421027,-2.0,0.0,-36.0
1776887726.6521027,0.0,-2.0,-29.0
1776887726.6621027,1.0,-8.0,-32.0
1776887726.6721027,0.0,-8.0,-34.0
1776887726.682103,0.0,-5.0,-41.0
1776887726.692103,0.0,-9.0,-39.0
1776887726.702103,-1.0,-6.0,-42.0
1776887726.712103,-2.0,-2.0,-46.0
1776887726.7221026,-3.0,-6.0,-37.0
1776887726.7321026,0.0,-6.0,-38.0
1776887726.7421026,0.0,-5.0,-38.0
1776887726.7521029,-1.0,-6.0,-43.0
1776887726.7621028,-2.0,-4.0,-46.0
1776887726.7721028,-3.0,-5.0,-44.0
1776887726.7821028,-5.0,-3.0,-40.0
1776887726.7921028,-3.0,0.0,-35.0
1776887726.8021028,-7.0,-2.0,-39.0
1776887726.8121028,-5.0,-6.0,-38.0
1776887726.8221028,-6.0,-9.0,-37.0
1776887726.8321028,-4.0,-8.0,-30.0
1776887726.8421028,-1.0,-5.0,-28.0
1776887726.8521028,5.0,-5.0,-24.0
1776887726.8621027,7.0,-6.0,-29.0
1776887726.8721027,6.0,-3.0,-35.0
1776887726.8821027,5.0,-3.0,-41.0
1776887726.8921027,2.0,0.0,-40.0
1776887726.9021027,2.0,-1.0,-42.0
1776887726.9121027,0.0,0.0,-44.0
1776887726.9221027,1.0,2.0,-44.0
1776887726.932103,0.0,1.0,-44.0
1776887726.942103,1.0,0.0,-49.0
1776887726.952103,0.0,1.0,-47.0
1776887726.962103,0.0,0.0,-44.0
1776887726.9721026,0.0,0.0,-46.0
1776887726.9821026,1.0,0.0,-49.0
1776887726.9921026,2.0,-1.0,-42.0
1776887727.0021029,2.0,1.0,-34.0
1776887727.0121028,-2.0,2.0,-29.0
1776887727.0221028,-1.0,4.0,-33.0
1776887727.0321028,-1.0,4.0,-32.0
1776887727.0421028,-3.0,1.0,-29.0
1776887727.0521028,0.0,-1.0,-31.0
1776887727.0621028,-1.0,0.0,-31.0
1776887727.0721028,-1.0,0.0,-33.0
1776887727.0821028,0.0,-2.0,-33.0
1776887727.0921028,2.0,-3.0,-34.0
1776887727.1021028,1.0,-2.0,-32.0
1776887727.1121027,0.0,-1.0,-37.0
1776887727.1221027,0.0,-1.0,-34.0
1776887727.1321027,2.0,2.0,-35.0
1776887727.1421027,4.0,5.0,-28.0
1776887727.1521027,6.0,6.0,-31.0
1776887727.1621027,4.0,4.0,-36.0
1776887727.1721027,9.0,4.0,-33.0
1776887727.182103,7.0,1.0,-38.0
1776887727.192103,4.0,2.0,-38.0
1776887727.202103,5.0,0.0,-35.0
1776887727.212103,5.0,-4.0,-32.0
1776887727.2221026,6.0,-3.0,-34.0
1776887727.2321026,9.0,-4.0,-33.0
1776887727.2421026,7.0,-2.0,-35.0
1776887727.2521029,7.0,-2.0,-38.0
1776887727.2621028,8.0,-1.0,-35.0
1776887727.2721028,7.0,-4.0,-41.0
1776887727.2821028,10.0,-1.0,-40.0
1776887727.2921028,7.0,-2.0,-30.0
1776887727.3021028,8.0,-5.0,-27.0
1776887727.3121028,5.0,-8.0,-25.0
1776887727.3221028,2.0,-8.0,-34.0
1776887727.3321028,-1.0,-3.0,-44.0
1776887727.3421028,-2.0,-5.0,-41.0
1776887727.3521028,-4.0,-4.0,-36.0
1776887727.3621027,-6.0,-3.0,-38.0
1776887727.3721027,-2.0,-4.0,-33.0
1776887727.3821027,0.0,0.0,-34.0
1776887727.3921027,0.0,1.0,-31.0
1776887727.4021027,3.0,2.0,-32.0
1776887727.4121027,5.0,-4.0,-40.0
1776887727.4221027,5.0,-3.0,-41.0
1776887727.432103,3.0,-1.0,-39.0
1776887727.442103,1.0,0.0,-45.0
1776887727.452103,1.0,1.0,-43.0
1776887727.462103,5.0,0.0,-42.0
1776887727.4721026,8.0,-1.0,-49.0
1776887727.4821026,3.0,0.0,-51.0
1776887727.4921026,2.0,1.0,-44.0
1776887727.5021029,4.0,3.0,-42.0
1776887727.5121028,4.0,2.0,-39.0
1776887727.5221028,4.0,0.0,-33.0
1776887727.5321028,9.0,-1.0,-33.0
1776887727.5421028,8.0,-4.0,-42.0
1776887727.5521028,6.0,-8.0,-46.0
1776887727.5621028,14.0,-8.0,-43.0
1776887727.5721028,15.0,-4.0,-45.0
1776887727.5821028,12.0,0.0,-43.0
1776887727.5921028,13.0,3.0,-42.0
1776887727.6021028,12.0,2.0,-33.0
1776887727.6121027,9.0,4.0,-33.0
1776887727.6221027,8.0,0.0,-38.0
1776887727.6321027,11.0,-2.0,-41.0
1776887727.6421027,8.0,-4.0,-38.0
1776887727.6521027,7.0,-5.0,-41.0
1776887727.6621027,5.0,-5.0,-42.0
1776887727.6721027,3.0,-4.0,-39.0
1776887727.682103,2.0,-8.0,-35.0
1776887727.692103,3.0,-6.0,-27.0
1776887727.702103,2.0,-4.0,-28.0
1776887727.712103,-1.0,-6.0,-32.0
1776887727.7221026,2.0,-10.0,-35.0
1776887727.7321026,-1.0,-6.0,-36.0
1776887727.7421026,-1.0,-5.0,-39.0
1776887727.7521029,0.0,-2.0,-38.0
1776887727.7621028,2.0,-1.0,-38.0
1776887727.7721028,3.0,-3.0,-36.0
1776887727.7821028,5.0,-1.0,-41.0
1776887727.7921028,4.0,-2.0,-40.0
1776887727.8021028,3.0,-3.0,-42.0
1776887727.8121028,0.0,-3.0,-41.0
1776887727.8221028,2.0,0.0,-33.0
1776887727.8321028,5.0,1.0,-31.0
1776887727.8421028,9.0,0.0,-34.0
1776887727.8521028,6.0,0.0,-36.0
1776887727.8621027,3.0,-3.0,-35.0
1776887727.8721027,5.0,1.0,-35.0
1776887727.8821027,3.0,3.0,-31.0
1776887727.8921027,2.0,2.0,-31.0
1776887727.9021027,1.0,2.0,-26.0
1776887727.9121027,1.0,1.0,-26.0
1776887727.9221027,0.0,1.0,-33.0
1776887727.932103,0.0,2.0,-37.0
1776887727.942103,5.0,2.0,-39.0
1776887727.952103,6.0,5.0,-45.0
1776887727.962103,7.0,4.0,-46.0
1776887727.9721026,2.0,4.0,-44.0
1776887727.9821026,-4.0,6.0,-46.0
1776887727.9921026,-8.0,2.0,-42.0
1776887728.0021029,-8.0,0.0,-43.0
1776887728.0121028,-10.0,1.0,-50.0
1776887728.0221028,-11.0,0.0,-44.0
1776887728.0321028,-8.0,0.0,-50.0
1776887728.0421028,-8.0,-3.0,-50.0
1776887728.0521028,-8.0,-4.0,-48.0
1776887728.0621028,-8.0,-1.0,-48.0
1776887728.0721028,-5.0,-2.0,-47.0
1776887728.0821028,-3.0,2.0,-48.0
1776887728.0921028,0.0,5.0,-49.0
1776887728.1021028,4.0,2.0,-47.0
1776887728.1121027,0.0,2.0,-48.0
1776887728.1221027,0.0,1.0,-48.0
1776887728.1321027,-3.0,-2.0,-48.0
1776887728.1421027,-2.0,-4.0,-44.0
1776887728.1521027,0.0,-3.0,-37.0
1776887728.1631026,3.0,0.0,-37.0
1776887728.1721027,-2.0,0.0,-39.0
1776887728.1831028,-5.0,0.0,-36.0
1776887728.1931028,-2.0,-2.0,-33.0
1776887728.2031028,-4.0,0.0,-45.0
1776887728.2131028,-6.0,-1.0,-45.0
1776887728.2231028,-4.0,-1.0,-42.0
1776887728.2331028,-4.0,-3.0,-47.0
1776887728.2431028,-5.0,-4.0,-47.0
1776887728.2531028,-1.0,-6.0,-47.0
1776887728.2631028,0.0,-6.0,-42.0
1776887728.2731028,-1.0,-3.0,-38.0
1776887728.2831028,-6.0,0.0,-43.0
1776887728.2931027,-6.0,-1.0,-45.0
1776887728.3031027,-5.0,-2.0,-46.0
1776887728.3131027,-4.0,-3.0,-35.0
1776887728.3231027,0.0,0.0,-30.0
1776887728.3331027,2.0,-3.0,-21.0
1776887728.3431027,2.0,-1.0,-32.0
1776887728.3531027,4.0,-3.0,-30.0
1776887728.363103,6.0,-4.0,-36.0
1776887728.373103,1.0,-4.0,-45.0
1776887728.383103,-1.0,-3.0,-44.0
1776887728.3931026,-6.0,-3.0,-47.0
1776887728.4031026,-9.0,0.0,-44.0
1776887728.4131026,-7.0,0.0,-48.0
1776887728.4231029,-7.0,-1.0,-46.0
1776887728.4331028,-3.0,0.0,-39.0
1776887728.4431028,-1.0,3.0,-32.0
1776887728.4531028,1.0,2.0,-30.0
1776887728.4631028,2.0,0.0,-29.0
1776887728.4731028,2.0,-2.0,-33.0
1776887728.4831028,-2.0,-6.0,-35.0
1776887728.4931028,-4.0,-5.0,-44.0
1776887728.5031028,0.0,-5.0,-41.0
1776887728.5131028,0.0,-3.0,-49.0
1776887728.5231028,0.0,-3.0,-44.0
1776887728.5331028,0.0,-3.0,-35.0
1776887728.5431027,2.0,-3.0,-34.0
1776887728.5531027,0.0,-3.0,-38.0
1776887728.5631027,0.0,-2.0,-38.0
1776887728.5731027,-1.0,0.0,-40.0
1776887728.5831027,0.0,-3.0,-45.0
1776887728.5931027,0.0,-2.0,-40.0
1776887728.6031027,4.0,-6.0,-39.0
1776887728.613103,1.0,-7.0,-41.0
1776887728.623103,3.0,-5.0,-35.0
1776887728.633103,4.0,-4.0,-33.0
1776887728.6431026,4.0,-4.0,-32.0
1776887728.6531026,1.0,-5.0,-34.0
1776887728.6631026,0.0,-10.0,-40.0
1776887728.6731029,0.0,-11.0,-46.0
1776887728.6831028,0.0,-10.0,-43.0
1776887728.6931028,-1.0,-5.0,-33.0
1776887728.7031028,-1.0,-3.0,-33.0
1776887728.7131028,-1.0,0.0,-32.0
1776887728.7231028,0.0,0.0,-29.0
1776887728.7331028,2.0,-2.0,-25.0
1776887728.7431028,0.0,1.0,-26.0
1776887728.7531028,-2.0,1.0,-33.0
1776887728.7631028,0.0,-2.0,-34.0
1776887728.7731028,-1.0,-1.0,-35.0
1776887728.7831028,0.0,0.0,-28.0
1776887728.7931027,2.0,-2.0,-29.0
1776887728.8031027,-5.0,-1.0,-30.0
1776887728.8141026,-1.0,-1.0,-31.0
1776887728.8231027,1.0,-6.0,-36.0
1776887728.8331027,1.0,-1.0,-33.0
1776887728.8431027,2.0,2.0,-34.0
1776887728.8531027,4.0,1.0,-35.0
1776887728.863103,0.0,0.0,-40.0
1776887728.873103,1.0,4.0,-43.0
1776887728.883103,6.0,5.0,-45.0
1776887728.8931026,3.0,1.0,-48.0
1776887728.9031026,2.0,0.0,-44.0
1776887728.9131026,2.0,-4.0,-39.0
1776887728.9231029,2.0,-6.0,-38.0
1776887728.9331028,2.0,-13.0,-41.0
1776887728.9431028,-2.0,-10.0,-36.0
1776887728.9531028,0.0,-8.0,-33.0
1776887728.9631028,-1.0,-6.0,-28.0
1776887728.9731028,0.0,-7.0,-29.0
1776887728.9831028,1.0,-8.0,-28.0
1776887728.9931028,1.0,-4.0,-24.0
1776887729.0031028,1.0,0.0,-30.0
1776887729.0131028,4.0,-1.0,-34.0
1776887729.0231028,0.0,3.0,-35.0
1776887729.0331028,1.0,3.0,-35.0
1776887729.0431027,1.0,1.0,-36.0
1776887729.0531027,0.0,2.0,-36.0
1776887729.0631027,0.0,3.0,-37.0
1776887729.0731027,1.0,3.0,-37.0
1776887729.0831027,-3.0,5.0,-44.0
1776887729.0931027,-2.0,6.0,-41.0
1776887729.1031027,0.0,2.0,-38.0
1776887729.113103,3.0,0.0,-38.0
1776887729.123103,4.0,2.0,-43.0
1776887729.133103,-2.0,2.0,-42.0
1776887729.1431026,-1.0,2.0,-38.0
1776887729.1531026,-5.0,3.0,-43.0
1776887729.1631026,0.0,3.0,-41.0
1776887729.1731029,5.0,2.0,-41.0
1776887729.1831028,4.0,1.0,-32.0
1776887729.1931028,3.0,0.0,-38.0
1776887729.2031028,3.0,-1.0,-33.0
1776887729.2131028,3.0,0.0,-27.0
1776887729.2231028,1.0,2.0,-27.0
1776887729.2331028,7.0,0.0,-32.0
1776887729.2431028,4.0,-2.0,-32.0
1776887729.2531028,0.0,-5.0,-28.0
1776887729.2631028,-5.0,-5.0,-33.0
1776887729.2731028,-6.0,-1.0,-33.0
1776887729.2831028,-10.0,0.0,-38.0
1776887729.2931027,-6.0,2.0,-40.0
1776887729.3031027,-1.0,0.0,-43.0
1776887729.3131027,0.0,-2.0,-43.0
1776887729.3231027,-4.0,-2.0,-45.0
1776887729.3331027,-10.0,-6.0,-42.0
1776887729.3431027,-6.0,-5.0,-41.0
1776887729.3531027,-5.0,0.0,-41.0
1776887729.363103,-4.0,-4.0,-40.0
1776887729.373103,-3.0,-6.0,-35.0
1776887729.383103,0.0,-5.0,-35.0
1776887729.3931026,6.0,-7.0,-33.0
1776887729.4031026,9.0,-7.0,-32.0
1776887729.4131026,9.0,-6.0,-37.0
1776887729.4231029,10.0,-1.0,-36.0
1776887729.4331028,9.0,-2.0,-32.0
1776887729.4431028,8.0,0.0,-29.0
1776887729.4531028,2.0,0.0,-29.0
1776887729.4631028,1.0,-3.0,-28.0
1776887729.4731028,2.0,-2.0,-31.0
1776887729.4831028,1.0,-1.0,-28.0
1776887729.4931028,0.0,-4.0,-27.0
1776887729.5031028,0.0,-9.0,-28.0
1776887729.5131028,0.0,-8.0,-35.0
1776887729.5231028,-5.0,-9.0,-38.0
1776887729.5331028,-5.0,-3.0,-37.0
1776887729.5431027,1.0,1.0,-33.0
1776887729.5531027,0.0,-3.0,-33.0
1776887729.5631027,0.0,-6.0,-35.0
1776887729.5731027,-2.0,-9.0,-43.0
1776887729.5831027,0.0,-10.0,-45.0
1776887729.5931027,0.0,-8.0,-49.0
1776887729.6031027,3.0,-4.0,-47.0
1776887729.613103,4.0,-4.0,-44.0
1776887729.623103,4.0,-5.0,-44.0
1776887729.633103,3.0,0.0,-41.0
1776887729.6431026,0.0,-2.0,-36.0
1776887729.6531026,1.0,-3.0,-38.0
1776887729.6631026,2.0,0.0,-28.0
1776887729.6731029,6.0,-1.0,-30.0
1776887729.6831028,7.0,-3.0,-27.0
1776887729.6931028,5.0,-1.0,-27.0
1776887729.7031028,0.0,-2.0,-29.0
1776887729.7131028,1.0,-3.0,-25.0
1776887729.7231028,-1.0,-4.0,-28.0
1776887729.7331028,-5.0,-7.0,-25.0
1776887729.7431028,-5.0,-2.0,-32.0
1776887729.7531028,0.0,0.0,-34.0
1776887729.7631028,0.0,0.0,-38.0
1776887729.7731028,0.0,-1.0,-38.0
1776887729.7831028,0.0,-4.0,-34.0
1776887729.7931027,-2.0,-1.0,-33.0
1776887729.8031027,0.0,-2.0,-27.0
1776887729.8131027,0.0,-1.0,-37.0
1776887729.8231027,-1.0,0.0,-35.0
1776887729.8331027,-6.0,0.0,-37.0
1776887729.8431027,-4.0,1.0,-35.0
1776887729.8531027,-5.0,-3.0,-42.0
1776887729.863103,-3.0,-2.0,-39.0
1776887729.873103,0.0,-3.0,-42.0
1776887729.883103,0.0,-5.0,-41.0
1776887729.8931026,0.0,-6.0,-41.0
1776887729.9031026,3.0,-7.0,-42.0
1776887729.9131026,2.0,-5.0,-44.0
1776887729.9231029,2.0,-8.0,-39.0
1776887729.9331028,4.0,-7.0,-40.0
1776887729.9431028,3.0,-1.0,-44.0
1776887729.9531028,5.0,0.0,-40.0
1776887729.9631028,7.0,-4.0,-39.0
1776887729.9731028,4.0,-2.0,-38.0
1776887729.9831028,5.0,-4.0,-45.0
1776887729.9931028,4.0,-3.0,-36.0
1776887730.0031028,4.0,-3.0,-31.0
1776887730.0131028,4.0,-5.0,-26.0
1776887730.0231028,4.0,-7.0,-24.0
1776887730.0331028,5.0,-8.0,-27.0
1776887730.0431027,7.0,-7.0,-30.0
1776887730.0531027,3.0,-5.0,-35.0
1776887730.0631027,3.0,-3.0,-37.0
1776887730.0731027,3.0,-3.0,-34.0
1776887730.0831027,0.0,-4.0,-34.0
1776887730.0931027,-4.0,-1.0,-36.0
1776887730.1031027,0.0,1.0,-36.0
1776887730.113103,2.0,-6.0,-38.0
1776887730.123103,3.0,-7.0,-30.0
1776887730.133103,4.0,-7.0,-31.0
1776887730.1431026,8.0,-8.0,-34.0
1776887730.1541028,8.0,-5.0,-35.0
1776887730.1641028,6.0,-5.0,-37.0
1776887730.1741028,1.0,-5.0,-33.0
1776887730.1831028,1.0,-4.0,-28.0
1776887730.1941028,0.0,-2.0,-30.0
1776887730.2041028,-1.0,-2.0,-35.0
1776887730.2141027,1.0,-1.0,-32.0
1776887730.2241027,3.0,-4.0,-33.0
1776887730.2341027,3.0,-6.0,-39.0
1776887730.2441027,0.0,-3.0,-37.0
1776887730.2541027,1.0,-2.0,-35.0
1776887730.2641027,4.0,0.0,-35.0
1776887730.2741027,0.0,0.0,-34.0
1776887730.284103,0.0,-2.0,-41.0
1776887730.294103,2.0,-3.0,-40.0
1776887730.304103,5.0,-2.0,-38.0
1776887730.3141026,3.0,-6.0,-31.0
1776887730.3241026,5.0,0.0,-31.0
1776887730.3341026,9.0,4.0,-33.0
1776887730.3441026,11.0,0.0,-38.0
1776887730.3541028,4.0,0.0,-38.0
1776887730.3641028,3.0,0.0,-41.0
1776887730.3741028,1.0,-1.0,-39.0
1776887730.3841028,-2.0,-4.0,-33.0
1776887730.3941028,-6.0,-4.0,-32.0
1776887730.4041028,-3.0,-5.0,-30.0
1776887730.4141028,-4.0,-4.0,-26.0
1776887730.4241028,-2.0,-6.0,-25.0
1776887730.4341028,-5.0,-3.0,-22.0
1776887730.4441028,-2.0,-1.0,-31.0
1776887730.4541028,-2.0,-1.0,-33.0
1776887730.4641027,0.0,-4.0,-41.0
1776887730.4741027,2.0,-2.0,-46.0
1776887730.4841027,3.0,-4.0,-49.0
1776887730.4941027,3.0,-2.0,-50.0
1776887730.5041027,4.0,0.0,-48.0
1776887730.5141027,4.0,0.0,-49.0
1776887730.5241027,4.0,-5.0,-48.0
1776887730.534103,4.0,-3.0,-50.0
1776887730.544103,5.0,-3.0,-52.0
1776887730.554103,3.0,1.0,-44.0
1776887730.5641026,1.0,3.0,-38.0
1776887730.5741026,-2.0,4.0,-36.0
1776887730.5841026,-1.0,0.0,-38.0
1776887730.5941026,-3.0,2.0,-37.0
1776887730.6041028,0.0,0.0,-39.0
1776887730.6141028,-2.0,-4.0,-38.0
1776887730.6241028,1.0,-5.0,-36.0
1776887730.6341028,3.0,-1.0,-32.0
1776887730.6441028,3.0,0.0,-30.0
1776887730.6541028,0.0,-3.0,-27.0
1776887730.6641028,0.0,-5.0,-33.0
1776887730.6741028,-5.0,-3.0,-37.0
1776887730.6841028,-8.0,-3.0,-35.0
1776887730.6941028,-9.0,-4.0,-30.0
1776887730.7041028,-9.0,-3.0,-35.0
1776887730.7141027,-6.0,0.0,-34.0
1776887730.7241027,-6.0,-1.0,-32.0
1776887730.7341027,-1.0,6.0,-36.0
1776887730.7441027,1.0,4.0,-35.0
1776887730.7541027,7.0,1.0,-31.0
1776887730.7641027,6.0,2.0,-29.0
1776887730.7741027,6.0,4.0,-33.0
1776887730.784103,-1.0,3.0,-42.0
1776887730.794103,-8.0,-1.0,-43.0
1776887730.804103,-5.0,-3.0,-52.0
1776887730.8141026,-2.0,-4.0,-47.0
1776887730.8241026,-4.0,-4.0,-40.0
1776887730.8341026,-3.0,-8.0,-40.0
1776887730.8441026,-6.0,-4.0,-39.0
1776887730.8541028,-2.0,-2.0,-42.0
1776887730.8641028,-4.0,0.0,-45.0
1776887730.8741028,-5.0,-3.0,-45.0
1776887730.8841028,-4.0,-1.0,-44.0
1776887730.8941028,-4.0,-2.0,-43.0
1776887730.9041028,0.0,-5.0,-43.0
1776887730.9141028,-3.0,-3.0,-42.0
1776887730.9241028,-2.0,-1.0,-37.0
1776887730.9341028,-3.0,-3.0,-32.0
1776887730.9441028,-1.0,-5.0,-25.0
1776887730.9541028,1.0,-8.0,-30.0
1776887730.9641027,7.0,-5.0,-30.0
1776887730.9741027,9.0,-5.0,-31.0
1776887730.9841027,7.0,-7.0,-32.0
1776887730.9941027,8.0,-8.0,-27.0
1776887731.0041027,9.0,-6.0,-30.0
1776887731.0141027,11.0,-7.0,-32.0
1776887731.0241027,8.0,-9.0,-24.0
1776887731.034103,5.0,-7.0,-31.0
1776887731.044103,4.0,-6.0,-31.0
1776887731.054103,1.0,-4.0,-26.0
1776887731.0641026,-1.0,-6.0,-25.0
1776887731.0741026,4.0,-4.0,-34.0
1776887731.0841026,6.0,-3.0,-37.0
1776887731.0941026,3.0,0.0,-34.0
1776887731.1041028,0.0,0.0,-32.0
1776887731.1141028,-3.0,-1.0,-25.0
1776887731.1241028,-2.0,-3.0,-31.0
1776887731.1341028,2.0,-5.0,-38.0
1776887731.1441028,4.0,-6.0,-42.0
1776887731.1541028,3.0,-6.0,-51.0
1776887731.1641028,2.0,-5.0,-46.0
1776887731.1741028,-2.0,-4.0,-46.0
1776887731.1841028,-5.0,0.0,-37.0
1776887731.1941028,-3.0,0.0,-34.0
1776887731.2041028,-1.0,1.0,-40.0
1776887731.2141027,-3.0,1.0,-36.0
1776887731.2241027,-3.0,1.0,-35.0
1776887731.2341027,-7.0,3.0,-40.0
1776887731.2441027,-9.0,4.0,-42.0
1776887731.2541027,-3.0,1.0,-40.0
1776887731.2641027,-3.0,-3.0,-39.0
1776887731.2741027,-8.0,-1.0,-45.0
1776887731.284103,0.0,-2.0,-47.0
1776887731.294103,1.0,-5.0,-47.0
1776887731.304103,0.0,-6.0,-46.0
1776887731.3141026,2.0,-4.0,-46.0
1776887731.3241026,4.0,0.0,-46.0
1776887731.3341026,4.0,0.0,-46.0
1776887731.3441026,3.0,0.0,-50.0
1776887731.3541028,2.0,0.0,-49.0
1776887731.3641028,0.0,2.0,-40.0
1776887731.3741028,0.0,4.0,-41.0
1776887731.3841028,-1.0,1.0,-41.0
1776887731.3941028,-2.0,2.0,-43.0
1776887731.4041028,-3.0,0.0,-39.0
1776887731.4141028,-6.0,0.0,-35.0
1776887731.4241028,-2.0,-2.0,-34.0
1776887731.4341028,1.0,-2.0,-35.0
1776887731.4441028,1.0,-1.0,-44.0
1776887731.4541028,-1.0,-2.0,-45.0
1776887731.4641027,-1.0,0.0,-37.0
1776887731.4741027,2.0,1.0,-37.0
1776887731.4841027,2.0,0.0,-37.0
1776887731.4941027,5.0,1.0,-42.0
1776887731.5041027,5.0,0.0,-46.0
1776887731.5141027,3.0,1.0,-39.0
1776887731.5241027,6.0,5.0,-34.0
1776887731.534103,3.0,2.0,-28.0
1776887731.544103,1.0,-3.0,-28.0
1776887731.554103,0.0,-5.0,-29.0
1776887731.5641026,5.0,-1.0,-33.0
1776887731.5741026,8.0,1.0,-36.0
1776887731.5841026,6.0,1.0,-35.0
1776887731.5941026,5.0,1.0,-33.0
1776887731.6041028,1.0,1.0,-35.0
1776887731.6141028,-2.0,2.0,-38.0
1776887731.6241028,-4.0,3.0,-40.0
1776887731.6341028,2.0,4.0,-44.0
1776887731.6441028,4.0,6.0,-41.0
1776887731.6541028,5.0,2.0,-42.0
1776887731.6641028,3.0,0.0,-40.0
1776887731.6741028,4.0,0.0,-31.0
1776887731.6841028,4.0,4.0,-35.0
1776887731.6941028,1.0,3.0,-36.0
1776887731.7041028,0.0,2.0,-31.0
1776887731.7141027,-2.0,2.0,-35.0
1776887731.7241027,-3.0,5.0,-30.0
1776887731.7341027,1.0,4.0,-36.0
1776887731.7441027,0.0,4.0,-27.0
1776887731.7541027,-3.0,3.0,-33.0
1776887731.7641027,-6.0,3.0,-35.0
1776887731.7741027,-7.0,1.0,-30.0
1776887731.784103,-9.0,3.0,-26.0
1776887731.794103,-5.0,2.0,-29.0
1776887731.804103,2.0,-1.0,-36.0
1776887731.8141026,3.0,-3.0,-37.0
1776887731.8241026,2.0,-1.0,-40.0
1776887731.8341026,0.0,0.0,-39.0
1776887731.8441026,3.0,2.0,-37.0
1776887731.8541028,2.0,0.0,-38.0
1776887731.8641028,7.0,0.0,-41.0
1776887731.8741028,7.0,0.0,-36.0
1776887731.8841028,8.0,0.0,-43.0
1776887731.8941028,1.0,4.0,-47.0
1776887731.9041028,-6.0,3.0,-51.0
1776887731.9141028,-3.0,2.0,-43.0
1776887731.9241028,-3.0,0.0,-39.0
1776887731.9341028,-4.0,3.0,-39.0
1776887731.9441028,-4.0,5.0,-36.0
1776887731.9541028,-5.0,0.0,-36.0
1776887731.965103,-8.0,2.0,-31.0
1776887731.9741027,-7.0,0.0,-28.0
1776887731.9841027,-2.0,0.0,-31.0
1776887731.9941027,1.0,0.0,-37.0
1776887732.0041027,1.0,-3.0,-36.0
1776887732.0141027,0.0,-3.0,-37.0
1776887732.0241027,-1.0,-3.0,-31.0
1776887732.034103,0.0,0.0,-27.0
1776887732.044103,-1.0,-2.0,-27.0
1776887732.054103,-1.0,-3.0,-38.0
1776887732.0641026,-1.0,-7.0,-41.0
1776887732.0741026,0.0,-9.0,-34.0
1776887732.0841026,-2.0,-6.0,-40.0
1776887732.0941026,-2.0,-2.0,-45.0
1776887732.1041028,-3.0,-1.0,-40.0
1776887732.1141028,-2.0,3.0,-39.0
1776887732.1241028,0.0,0.0,-37.0
1776887732.1341028,-5.0,0.0,-37.0
1776887732.1441028,-7.0,0.0,-39.0
1776887732.1541028,-4.0,0.0,-37.0
1776887732.1651027,0.0,0.0,-38.0
1776887732.1751027,1.0,0.0,-41.0
1776887732.1841028,0.0,6.0,-46.0
1776887732.1951027,2.0,6.0,-41.0
1776887732.2051027,3.0,3.0,-38.0
1776887732.215103,1.0,3.0,-40.0
1776887732.225103,-2.0,0.0,-39.0
1776887732.235103,0.0,1.0,-41.0
1776887732.2451026,3.0,-2.0,-37.0
1776887732.2551026,2.0,-1.0,-36.0
1776887732.2651026,4.0,0.0,-40.0
1776887732.2751029,2.0,0.0,-46.0
1776887732.2851028,5.0,-1.0,-41.0
1776887732.2951028,2.0,-3.0,-38.0
1776887732.3051028,0.0,-4.0,-39.0
1776887732.3151028,0.0,-4.0,-37.0
1776887732.3251028,-1.0,-1.0,-37.0
1776887732.3351028,-2.0,4.0,-42.0
1776887732.3451028,0.0,2.0,-44.0
1776887732.3551028,-1.0,2.0,-44.0
1776887732.3651028,3.0,0.0,-44.0
1776887732.3751028,4.0,-1.0,-40.0
1776887732.3851027,1.0,-1.0,-36.0
1776887732.3951027,1.0,2.0,-38.0
1776887732.4051027,5.0,1.0,-36.0
1776887732.4151027,9.0,-5.0,-34.0
1776887732.4251027,12.0,-7.0,-37.0
1776887732.4351027,15.0,-9.0,-37.0
1776887732.4451027,15.0,-7.0,-36.0
1776887732.4551027,12.0,-5.0,-40.0
1776887732.465103,7.0,-2.0,-38.0
1776887732.475103,1.0,-2.0,-37.0
1776887732.485103,-2.0,0.0,-43.0
1776887732.4951026,-5.0,-3.0,-45.0
1776887732.5051026,-2.0,-3.0,-42.0
1776887732.5151026,-7.0,-1.0,-35.0
1776887732.5251029,-4.0,1.0,-40.0
1776887732.5351028,-2.0,0.0,-45.0
1776887732.5451028,-2.0,0.0,-46.0
1776887732.5551028,0.0,-1.0,-32.0
1776887732.5651028,-5.0,-1.0,-31.0
1776887732.5751028,2.0,-2.0,-39.0
1776887732.5851028,-2.0,-1.0,-32.0
1776887732.5951028,2.0,-2.0,-31.0
1776887732.6051028,0.0,-4.0,-29.0
1776887732.6151028,0.0,-1.0,-30.0
1776887732.6251028,6.0,-5.0,-34.0
1776887732.6351027,5.0,-4.0,-31.0
1776887732.6451027,1.0,-5.0,-31.0
1776887732.6551027,0.0,-4.0,-23.0
1776887732.6651027,0.0,0.0,-19.0
1776887732.6751027,1.0,-1.0,-20.0
1776887732.6851027,3.0,1.0,-23.0
1776887732.6951027,4.0,1.0,-26.0
1776887732.7051027,4.0,5.0,-30.0
1776887732.715103,3.0,1.0,-40.0
1776887732.725103,0.0,2.0,-33.0
1776887732.735103,-1.0,1.0,-29.0
1776887732.7451026,-3.0,0.0,-31.0
1776887732.7551026,-1.0,-3.0,-35.0
1776887732.7651026,-3.0,-3.0,-31.0
1776887732.7751029,-2.0,-3.0,-34.0
1776887732.7851028,-4.0,-4.0,-28.0
1776887732.7951028,-1.0,-5.0,-33.0
1776887732.8051028,-5.0,-4.0,-39.0
1776887732.8151028,-1.0,-7.0,-34.0
1776887732.8251028,0.0,-8.0,-31.0
1776887732.8351028,1.0,-4.0,-27.0
1776887732.8451028,3.0,-4.0,-27.0
1776887732.8551028,5.0,1.0,-29.0
1776887732.8651028,1.0,0.0,-32.0
1776887732.8751028,0.0,-4.0,-31.0
1776887732.8851027,-1.0,-3.0,-29.0
1776887732.8951027,2.0,-3.0,-31.0
1776887732.9051027,1.0,-7.0,-31.0
1776887732.9151027,-2.0,-8.0,-34.0
1776887732.9251027,0.0,-7.0,-32.0
1776887732.9351027,2.0,-6.0,-37.0
1776887732.9451027,2.0,-4.0,-33.0
1776887732.9551027,0.0,-5.0,-36.0
1776887732.965103,-1.0,-4.0,-42.0
1776887732.975103,-5.0,-3.0,-45.0
1776887732.985103,-4.0,-4.0,-46.0
1776887732.9951026,-2.0,0.0,-43.0
1776887733.0051026,0.0,0.0,-40.0
1776887733.0151026,4.0,-3.0,-34.0
1776887733.0251029,1.0,-5.0,-37.0
1776887733.0351028,4.0,-2.0,-31.0
1776887733.0451028,3.0,-3.0,-30.0
1776887733.0551028,4.0,-2.0,-31.0
1776887733.0651028,2.0,-1.0,-30.0
1776887733.0751028,-1.0,-3.0,-33.0
1776887733.0851028,-5.0,-4.0,-34.0
1776887733.0951028,-2.0,-3.0,-35.0
1776887733.1051028,-2.0,-4.0,-36.0
1776887733.1151028,0.0,1.0,-37.0
1776887733.1251028,3.0,-2.0,-29.0
1776887733.1351027,5.0,-1.0,-25.0
1776887733.1451027,5.0,-2.0,-29.0
1776887733.1551027,10.0,-2.0,-30.0
1776887733.1651027,11.0,-3.0,-36.0
1776887733.1751027,8.0,1.0,-41.0
1776887733.1851027,7.0,-2.0,-32.0
1776887733.1951027,1.0,-1.0,-27.0
1776887733.2051027,-3.0,0.0,-25.0
1776887733.215103,-6.0,-5.0,-23.0
1776887733.225103,0.0,-7.0,-31.0
1776887733.235103,-1.0,-5.0,-35.0
1776887733.2451026,0.0,-2.0,-39.0
1776887733.2551026,-1.0,-4.0,-43.0
1776887733.2651026,-1.0,-7.0,-45.0
1776887733.2751029,2.0,-7.0,-50.0
1776887733.2851028,0.0,-6.0,-47.0
1776887733.2951028,-4.0,-6.0,-41.0
1776887733.3051028,2.0,-2.0,-38.0
1776887733.3151028,3.0,0.0,-42.0
1776887733.3251028,3.0,4.0,-40.0
1776887733.3351028,5.0,3.0,-35.0
1776887733.3451028,5.0,5.0,-33.0
1776887733.3551028,4.0,5.0,-33.0
1776887733.3651028,4.0,8.0,-34.0
1776887733.3751028,4.0,3.0,-34.0
1776887733.3851027,7.0,3.0,-40.0
1776887733.3951027,3.0,0.0,-42.0
1776887733.4051027,2.0,-1.0,-39.0
1776887733.4151027,-2.0,-5.0,-38.0
1776887733.4251027,-6.0,-5.0,-37.0
1776887733.4351027,-1.0,-3.0,-38.0
1776887733.4451027,-2.0,-1.0,-47.0
1776887733.4551027,0.0,0.0,-42.0
1776887733.465103,0.0,-1.0,-43.0
1776887733.475103,0.0,0.0,-38.0
1776887733.485103,-2.0,1.0,-34.0
1776887733.4951026,1.0,0.0,-29.0
1776887733.5051026,5.0,-6.0,-32.0
1776887733.5151026,2.0,-5.0,-35.0
1776887733.5251029,1.0,-3.0,-37.0
1776887733.5351028,-2.0,-2.0,-36.0
1776887733.5451028,-1.0,-3.0,-32.0
1776887733.5551028,0.0,-4.0,-31.0
1776887733.5651028,3.0,-1.0,-36.0
1776887733.5751028,1.0,0.0,-36.0
1776887733.5851028,-3.0,4.0,-41.0
1776887733.5951028,-4.0,6.0,-37.0
1776887733.6051028,2.0,7.0,-38.0
1776887733.6151028,1.0,4.0,-28.0
1776887733.6251028,0.0,0.0,-34.0
1776887733.6351027,-2.0,0.0,-35.0
1776887733.6451027,-7.0,0.0,-32.0
1776887733.6551027,-4.0,0.0,-41.0
1776887733.6651027,-5.0,1.0,-39.0
1776887733.6751027,-8.0,2.0,-38.0
1776887733.6851027,-4.0,-1.0,-36.0
1776887733.6951027,-2.0,2.0,-31.0
1776887733.7051027,1.0,3.0,-40.0
1776887733.715103,6.0,3.0,-37.0
1776887733.725103,7.0,4.0,-37.0
1776887733.735103,4.0,2.0,-39.0
1776887733.7451026,0.0,2.0,-40.0
1776887733.7551026,1.0,2.0,-41.0
1776887733.7651026,0.0,2.0,-36.0
1776887733.7751029,-1.0,2.0,-34.0
1776887733.7851028,-2.0,4.0,-32.0
1776887733.7951028,-4.0,2.0,-25.0
1776887733.8051028,0.0,3.0,-26.0
1776887733.8151028,0.0,-1.0,-35.0
1776887733.8251028,5.0,-3.0,-37.0
1776887733.8351028,3.0,0.0,-39.0
1776887733.8451028,7.0,-1.0,-40.0
1776887733.8551028,6.0,-1.0,-43.0
1776887733.8651028,8.0,-3.0,-45.0
1776887733.8751028,6.0,-6.0,-44.0
1776887733.8851027,8.0,-9.0,-42.0
1776887733.8951027,5.0,-2.0,-39.0
1776887733.9051027,8.0,-2.0,-36.0
1776887733.9151027,8.0,-5.0,-33.0
1776887733.9251027,10.0,-4.0,-28.0
1776887733.9351027,3.0,-2.0,-24.0
1776887733.9451027,1.0,-3.0,-29.0
1776887733.9551027,3.0,-1.0,-30.0
1776887733.965103,2.0,-2.0,-34.0
1776887733.975103,0.0,0.0,-39.0
1776887733.985103,0.0,-3.0,-31.0
1776887733.9951026,3.0,-1.0,-31.0
1776887734.0051026,0.0,-3.0,-34.0
1776887734.0151026,-1.0,-5.0,-38.0
1776887734.0251029,4.0,-6.0,-40.0
1776887734.0351028,2.0,-3.0,-43.0
1776887734.0451028,-2.0,-1.0,-41.0
1776887734.0551028,-3.0,-1.0,-44.0
1776887734.0651028,-4.0,-3.0,-45.0
1776887734.0751028,-1.0,-5.0,-45.0
1776887734.0851028,1.0,-7.0,-46.0
1776887734.0951028,1.0,-7.0,-52.0
1776887734.1051028,1.0,-11.0,-43.0
1776887734.1151028,-2.0,-10.0,-45.0
1776887734.1251028,-4.0,-2.0,-46.0
1776887734.1351027,-8.0,-1.0,-35.0
1776887734.146103,-8.0,-1.0,-33.0
1776887734.1551027,-9.0,-7.0,-30.0
1776887734.1661026,-6.0,-1.0,-38.0
1776887734.1761026,-5.0,-1.0,-44.0
1776887734.1861026,-4.0,-3.0,-47.0
1776887734.1961029,-6.0,-5.0,-46.0
1776887734.2061028,-3.0,-6.0,-43.0
1776887734.2161028,-4.0,0.0,-45.0
1776887734.2261028,1.0,0.0,-43.0
1776887734.2361028,5.0,0.0,-49.0
1776887734.2461028,0.0,-3.0,-54.0
1776887734.2561028,7.0,-5.0,-55.0
1776887734.2661028,11.0,-5.0,-53.0
1776887734.2761028,7.0,-5.0,-42.0
1776887734.2861028,0.0,-2.0,-45.0
1776887734.2961028,0.0,2.0,-45.0
1776887734.3061028,1.0,0.0,-42.0
1776887734.3161027,0.0,0.0,-45.0
1776887734.3261027,-3.0,1.0,-45.0
1776887734.3361027,-2.0,1.0,-45.0
1776887734.3461027,-3.0,1.0,-44.0
1776887734.3561027,-2.0,3.0,-45.0
1776887734.3661027,0.0,1.0,-38.0
1776887734.3761027,0.0,-2.0,-38.0
1776887734.386103,2.0,-6.0,-38.0
1776887734.396103,7.0,-9.0,-36.0
1776887734.406103,5.0,-9.0,-30.0
1776887734.4161026,5.0,-7.0,-31.0
1776887734.4261026,5.0,-7.0,-35.0
1776887734.4361026,4.0,-6.0,-35.0
1776887734.4461029,0.0,-6.0,-40.0
1776887734.4561028,0.0,-4.0,-43.0
1776887734.4661028,3.0,-2.0,-42.0
1776887734.4761028,5.0,-1.0,-40.0
1776887734.4861028,8.0,-2.0,-41.0
1776887734.4961028,4.0,-1.0,-43.0
1776887734.5061028,9.0,-3.0,-41.0
1776887734.5161028,9.0,-3.0,-42.0
1776887734.5261028,6.0,-4.0,-45.0
1776887734.5361028,1.0,1.0,-40.0
1776887734.5461028,-4.0,0.0,-32.0
1776887734.5561028,-3.0,-4.0,-29.0
1776887734.5661027,-5.0,-3.0,-35.0
1776887734.5761027,-5.0,0.0,-36.0
1776887734.5861027,-3.0,-1.0,-37.0
1776887734.5961027,-4.0,-1.0,-39.0
1776887734.6061027,-5.0,-1.0,-38.0
1776887734.6161027,-5.0,-3.0,-31.0
1776887734.6261027,-1.0,1.0,-35.0
1776887734.636103,-3.0,4.0,-36.0
1776887734.646103,-3.0,0.0,-35.0
1776887734.656103,0.0,-4.0,-38.0
1776887734.6661026,0.0,-3.0,-42.0
1776887734.6761026,0.0,-6.0,-43.0
1776887734.6861026,-1.0,-3.0,-37.0
1776887734.6961029,-3.0,-4.0,-39.0
1776887734.7061028,-1.0,-3.0,-39.0
1776887734.7161028,0.0,-7.0,-34.0
1776887734.7261028,-3.0,-7.0,-31.0
1776887734.7361028,0.0,-7.0,-37.0
1776887734.7461028,-1.0,-4.0,-44.0
1776887734.7561028,-2.0,-7.0,-42.0
1776887734.7661028,-4.0,-5.0,-41.0
1776887734.7761028,-1.0,-3.0,-45.0
1776887734.7861028,0.0,-2.0,-48.0
1776887734.7961028,0.0,-1.0,-41.0
1776887734.8061028,-1.0,-1.0,-42.0
1776887734.8161027,-5.0,-6.0,-41.0
1776887734.8261027,-2.0,-3.0,-46.0
1776887734.8361027,-2.0,0.0,-43.0
1776887734.8461027,-1.0,-1.0,-45.0
1776887734.8561027,0.0,-2.0,-44.0
1776887734.8661027,2.0,-5.0,-37.0
1776887734.8761027,4.0,-4.0,-35.0
1776887734.886103,7.0,-4.0,-40.0
1776887734.896103,0.0,0.0,-42.0
1776887734.906103,0.0,0.0,-47.0
1776887734.9161026,4.0,1.0,-45.0
1776887734.9261026,5.0,-2.0,-44.0
1776887734.9361026,3.0,-2.0,-39.0
1776887734.9461029,3.0,1.0,-37.0
1776887734.9561028,4.0,-2.0,-41.0
1776887734.9661028,4.0,0.0,-40.0
1776887734.9761028,0.0,2.0,-37.0
1776887734.9861028,-9.0,1.0,-33.0
1776887734.9961028,-6.0,0.0,-39.0
1776887735.0061028,-4.0,0.0,-40.0
1776887735.0161028,-5.0,0.0,-42.0
1776887735.0261028,-3.0,0.0,-41.0
1776887735.0361028,-1.0,-2.0,-40.0
1776887735.0461028,2.0,-2.0,-38.0
1776887735.0561028,3.0,-2.0,-40.0
1776887735.0661027,1.0,1.0,-42.0
1776887735.0761027,1.0,1.0,-37.0
1776887735.0861027,4.0,1.0,-36.0
1776887735.0961027,4.0,0.0,-35.0
1776887735.1061027,0.0,-2.0,-37.0
1776887735.1161027,-3.0,-4.0,-33.0
1776887735.1261027,-1.0,-1.0,-25.0
1776887735.136103,4.0,-2.0,-29.0
1776887735.146103,6.0,-3.0,-35.0
1776887735.156103,4.0,-5.0,-39.0
1776887735.1661026,8.0,-1.0,-43.0
1776887735.1761026,6.0,0.0,-44.0
1776887735.1861026,9.0,2.0,-38.0
1776887735.1961029,6.0,4.0,-35.0
1776887735.2061028,5.0,4.0,-26.0
1776887735.2161028,4.0,2.0,-24.0
1776887735.2261028,1.0,0.0,-26.0
1776887735.2361028,0.0,-3.0,-28.0
1776887735.2461028,0.0,-6.0,-32.0
1776887735.2561028,-1.0,-6.0,-39.0
1776887735.2661028,-2.0,-6.0,-38.0
1776887735.2761028,0.0,-7.0,-42.0
1776887735.2861028,2.0,-4.0,-45.0
1776887735.2961028,2.0,-4.0,-38.0
1776887735.3061028,6.0,-7.0,-39.0
1776887735.3161027,8.0,-8.0,-35.0
1776887735.3261027,6.0,-7.0,-27.0
1776887735.3361027,6.0,-5.0,-29.0
1776887735.3461027,7.0,-2.0,-39.0
1776887735.3561027,9.0,-2.0,-43.0
1776887735.3661027,3.0,-4.0,-37.0
1776887735.3761027,2.0,-4.0,-38.0
1776887735.386103,-2.0,-3.0,-37.0
1776887735.396103,0.0,-4.0,-37.0
1776887735.406103,4.0,-1.0,-35.0
1776887735.4161026,0.0,-2.0,-31.0
1776887735.4261026,2.0,-3.0,-29.0
1776887735.4361026,-2.0,-4.0,-38.0
1776887735.4461029,0.0,-3.0,-35.0
1776887735.4561028,-3.0,1.0,-32.0
1776887735.4661028,-4.0,1.0,-33.0
1776887735.4761028,-6.0,4.0,-32.0
1776887735.4861028,-2.0,5.0,-33.0
1776887735.4961028,0.0,6.0,-31.0
1776887735.5061028,4.0,4.0,-31.0
1776887735.5161028,2.0,2.0,-29.0
1776887735.5261028,2.0,2.0,-36.0
1776887735.5361028,1.0,-3.0,-26.0
1776887735.5461028,4.0,-3.0,-24.0
1776887735.5561028,1.0,-1.0,-21.0
1776887735.5661027,0.0,-7.0,-23.0
1776887735.5761027,1.0,-6.0,-32.0
1776887735.5861027,-1.0,-7.0,-35.0
1776887735.5961027,0.0,-4.0,-30.0
1776887735.6061027,-1.0,-4.0,-30.0
1776887735.6161027,0.0,-9.0,-37.0
1776887735.6261027,0.0,-8.0,-37.0
1776887735.636103,4.0,-7.0,-40.0
1776887735.646103,8.0,-2.0,-42.0
1776887735.656103,2.0,3.0,-42.0
1776887735.6661026,7.0,1.0,-49.0
1776887735.6761026,4.0,-1.0,-36.0
1776887735.6861026,2.0,-2.0,-39.0
1776887735.6961029,-1.0,-4.0,-29.0
1776887735.7061028,-3.0,-9.0,-31.0
1776887735.7161028,0.0,-5.0,-28.0
1776887735.7261028,-1.0,-4.0,-31.0
1776887735.7361028,-1.0,0.0,-31.0
1776887735.7461028,-5.0,-5.0,-41.0
1776887735.7561028,-6.0,-3.0,-38.0
1776887735.7661028,-7.0,-2.0,-34.0
1776887735.7761028,-10.0,-1.0,-26.0
1776887735.7861028,-7.0,-3.0,-30.0
1776887735.7961028,-3.0,-2.0,-39.0
1776887735.8061028,-2.0,-1.0,-34.0
1776887735.8161027,2.0,2.0,-34.0
1776887735.8261027,2.0,3.0,-29.0
1776887735.8361027,7.0,0.0,-22.0
1776887735.8461027,1.0,1.0,-30.0
1776887735.8561027,-1.0,0.0,-39.0
1776887735.8661027,-2.0,2.0,-35.0
1776887735.8761027,-3.0,4.0,-31.0
1776887735.886103,0.0,2.0,-30.0
1776887735.896103,1.0,1.0,-27.0
1776887735.906103,4.0,-2.0,-28.0
1776887735.9161026,2.0,-5.0,-26.0
1776887735.9261026,-1.0,-4.0,-27.0
1776887735.9361026,1.0,-4.0,-31.0
1776887735.9461029,0.0,0.0,-38.0
1776887735.9561028,0.0,0.0,-43.0
1776887735.9661028,0.0,2.0,-47.0
1776887735.9761028,-2.0,5.0,-47.0
1776887735.9861028,-1.0,4.0,-43.0
1776887735.9961028,-2.0,4.0,-43.0
1776887736.0061028,-1.0,6.0,-38.0
1776887736.0161028,-1.0,6.0,-34.0
1776887736.0261028,0.0,2.0,-30.0
1776887736.0361028,6.0,3.0,-42.0
1776887736.0461028,9.0,7.0,-42.0
1776887736.0561028,7.0,5.0,-34.0
1776887736.0661027,4.0,4.0,-32.0
1776887736.0761027,5.0,1.0,-39.0
1776887736.0861027,6.0,2.0,-40.0
1776887736.0961027,3.0,4.0,-45.0
1776887736.1061027,1.0,5.0,-50.0
1776887736.1161027,0.0,4.0,-43.0
1776887736.1261027,0.0,4.0,-40.0
1776887736.1371028,1.0,3.0,-37.0
1776887736.146103,1.0,-3.0,-33.0
1776887736.156103,0.0,-3.0,-34.0
1776887736.1661026,-1.0,-2.0,-40.0
1776887736.1761026,-2.0,-3.0,-43.0
1776887736.1871028,2.0,-3.0,-41.0
1776887736.1961029,3.0,-4.0,-37.0
1776887736.2071028,-2.0,-4.0,-31.0
1776887736.2171028,-3.0,1.0,-33.0
1776887736.2271028,0.0,3.0,-39.0
1776887736.2371027,0.0,2.0,-38.0
1776887736.2471027,7.0,2.0,-38.0
1776887736.2571027,7.0,-8.0,-40.0
1776887736.2671027,8.0,-6.0,-36.0
1776887736.2771027,8.0,-7.0,-32.0
1776887736.2871027,5.0,-5.0,-32.0
1776887736.2971027,6.0,-3.0,-31.0
1776887736.307103,6.0,-2.0,-34.0
1776887736.317103,6.0,-2.0,-34.0
1776887736.327103,5.0,-1.0,-34.0
1776887736.337103,1.0,1.0,-39.0
1776887736.3471026,3.0,5.0,-42.0
1776887736.3571026,0.0,8.0,-41.0
1776887736.3671026,-2.0,10.0,-38.0
1776887736.3771029,0.0,8.0,-42.0
1776887736.3871028,0.0,5.0,-45.0
1776887736.3971028,-5.0,3.0,-36.0
1776887736.4071028,0.0,0.0,-32.0
1776887736.4171028,0.0,0.0,-32.0
1776887736.4271028,3.0,0.0,-42.0
1776887736.4371028,4.0,0.0,-41.0
1776887736.4471028,7.0,-1.0,-39.0
1776887736.4571028,7.0,-2.0,-43.0
1776887736.4671028,5.0,1.0,-43.0
1776887736.4771028,5.0,3.0,-47.0
1776887736.4871027,2.0,-2.0,-51.0
1776887736.4971027,2.0,-1.0,-48.0
1776887736.5071027,0.0,0.0,-42.0
1776887736.5171027,2.0,-2.0,-38.0
1776887736.5271027,5.0,0.0,-40.0
1776887736.5371027,1.0,-3.0,-38.0
1776887736.5471027,1.0,-4.0,-44.0
1776887736.557103,0.0,-6.0,-46.0
1776887736.567103,-4.0,-4.0,-42.0
1776887736.577103,1.0,-2.0,-49.0
1776887736.587103,1.0,0.0,-48.0
1776887736.5971026,3.0,-1.0,-38.0
1776887736.6071026,5.0,1.0,-31.0
1776887736.6171026,0.0,1.0,-29.0
1776887736.6271029,0.0,0.0,-26.0
1776887736.6371028,0.0,-2.0,-27.0
1776887736.6471028,4.0,-4.0,-34.0
1776887736.6571028,3.0,-6.0,-30.0
1776887736.6671028,2.0,-5.0,-32.0
1776887736.6771028,4.0,-5.0,-34.0
1776887736.6871028,7.0,-7.0,-36.0
1776887736.6971028,8.0,-4.0,-42.0
1776887736.7071028,7.0,-5.0,-47.0
1776887736.7171028,9.0,-7.0,-46.0
1776887736.7271028,7.0,-4.0,-45.0
1776887736.7371027,5.0,0.0,-45.0
1776887736.7471027,5.0,-2.0,-47.0
1776887736.7571027,4.0,0.0,-52.0
1776887736.7671027,0.0,1.0,-45.0
1776887736.7771027,-2.0,0.0,-43.0
1776887736.7871027,-3.0,3.0,-44.0
1776887736.7971027,-3.0,3.0,-39.0
1776887736.807103,0.0,7.0,-35.0
1776887736.817103,-3.0,7.0,-41.0
1776887736.827103,-1.0,3.0,-36.0
1776887736.837103,0.0,3.0,-29.0
1776887736.8471026,-1.0,1.0,-30.0
1776887736.8571026,1.0,8.0,-32.0
1776887736.8671026,-1.0,13.0,-38.0
1776887736.8771029,-1.0,16.0,-35.0
1776887736.8871028,-1.0,10.0,-36.0
1776887736.8971028,-3.0,5.0,-38.0
1776887736.9071028,-1.0,7.0,-34.0
1776887736.9171028,-1.0,8.0,-34.0
1776887736.9271028,-4.0,5.0,-36.0
1776887736.9371028,-6.0,1.0,-35.0
1776887736.9471028,-5.0,4.0,-39.0
1776887736.9571028,-2.0,3.0,-39.0
1776887736.9671028,1.0,0.0,-32.0
1776887736.9771028,0.0,0.0,-37.0
1776887736.9871027,-1.0,4.0,-42.0
1776887736.9971027,-1.0,1.0,-38.0
1776887737.0071027,4.0,0.0,-34.0
1776887737.0171027,5.0,-3.0,-35.0
1776887737.0271027,6.0,-2.0,-35.0
1776887737.0381026,4.0,0.0,-38.0
1776887737.0471027,2.0,0.0,-34.0
1776887737.057103,3.0,-2.0,-28.0
1776887737.067103,2.0,-3.0,-26.0
1776887737.077103,2.0,-5.0,-21.0
1776887737.087103,2.0,-4.0,-24.0
1776887737.0971026,2.0,-1.0,-32.0
1776887737.1071026,0.0,-1.0,-35.0
1776887737.1171026,0.0,3.0,-35.0
1776887737.1271029,-3.0,4.0,-35.0
1776887737.1371028,-9.0,5.0,-36.0
1776887737.1471028,-6.0,5.0,-35.0
1776887737.1571028,-6.0,5.0,-36.0
1776887737.1671028,-3.0,4.0,-39.0
1776887737.1771028,-4.0,1.0,-36.0
1776887737.1871028,-3.0,1.0,-33.0
1776887737.1971028,0.0,-1.0,-26.0
1776887737.2071028,4.0,-1.0,-42.0
1776887737.2171028,4.0,0.0,-41.0
1776887737.2271028,5.0,-5.0,-38.0
1776887737.2371027,6.0,-8.0,-34.0
1776887737.2471027,6.0,-11.0,-30.0
1776887737.2571027,4.0,-9.0,-34.0
1776887737.2671027,8.0,-8.0,-40.0
1776887737.2771027,13.0,-3.0,-33.0
1776887737.2871027,11.0,-5.0,-36.0
1776887737.2971027,10.0,-3.0,-39.0
1776887737.307103,5.0,-4.0,-37.0
1776887737.317103,-1.0,0.0,-32.0
1776887737.327103,1.0,3.0,-27.0
1776887737.337103,1.0,0.0,-29.0
1776887737.3471026,9.0,-1.0,-33.0
1776887737.3571026,12.0,0.0,-36.0
1776887737.3671026,8.0,-1.0,-34.0
1776887737.3771029,4.0,-2.0,-27.0
1776887737.3871028,2.0,-3.0,-30.0
1776887737.3971028,0.0,1.0,-30.0
1776887737.4071028,-1.0,-2.0,-40.0
1776887737.4171028,-3.0,-2.0,-42.0
1776887737.4271028,-3.0,3.0,-39.0
1776887737.4371028,-6.0,2.0,-34.0
1776887737.4471028,-5.0,5.0,-33.0
1776887737.4571028,-2.0,7.0,-29.0
1776887737.4671028,3.0,10.0,-22.0
1776887737.4771028,1.0,11.0,-21.0
1776887737.4871027,-3.0,7.0,-20.0
1776887737.4971027,-2.0,7.0,-28.0
1776887737.5071027,0.0,6.0,-32.0
1776887737.5171027,-1.0,5.0,-31.0
1776887737.5271027,-1.0,1.0,-35.0
1776887737.5371027,0.0,3.0,-37.0
1776887737.5471027,-3.0,3.0,-42.0
1776887737.557103,0.0,1.0,-35.0
1776887737.567103,2.0,2.0,-34.0
1776887737.577103,1.0,5.0,-36.0
1776887737.587103,2.0,3.0,-43.0
1776887737.5971026,3.0,8.0,-42.0
1776887737.6071026,-1.0,4.0,-37.0
1776887737.6171026,-4.0,2.0,-36.0
1776887737.6271029,-3.0,3.0,-33.0
1776887737.6371028,-3.0,2.0,-33.0
1776887737.6471028,-1.0,2.0,-38.0
1776887737.6571028,-4.0,-1.0,-35.0
1776887737.6671028,-4.0,-2.0,-43.0
1776887737.6771028,-3.0,0.0,-41.0
1776887737.6871028,-6.0,0.0,-36.0
1776887737.6971028,-5.0,2.0,-30.0
1776887737.7071028,-5.0,1.0,-29.0
1776887737.7171028,-4.0,1.0,-32.0
1776887737.7271028,-5.0,0.0,-28.0
1776887737.7371027,-3.0,0.0,-25.0
1776887737.7471027,-1.0,-4.0,-28.0
1776887737.7571027,0.0,-8.0,-22.0
1776887737.7671027,-1.0,-3.0,-29.0
1776887737.7771027,-1.0,-1.0,-35.0
1776887737.7871027,1.0,-1.0,-38.0
1776887737.7971027,1.0,-5.0,-43.0
1776887737.807103,-2.0,-6.0,-46.0
1776887737.817103,-2.0,-4.0,-44.0
1776887737.827103,0.0,-4.0,-43.0
1776887737.837103,0.0,-3.0,-41.0
1776887737.8471026,2.0,-3.0,-39.0
1776887737.8571026,0.0,-2.0,-45.0
1776887737.8671026,-3.0,-1.0,-40.0
1776887737.8771029,-6.0,-2.0,-38.0
1776887737.8871028,-6.0,-2.0,-41.0
1776887737.8971028,-5.0,1.0,-45.0
1776887737.9071028,-2.0,1.0,-37.0
1776887737.9171028,0.0,-1.0,-43.0
1776887737.9281027,-2.0,2.0,-37.0
1776887737.9371028,-1.0,1.0,-39.0
1776887737.9471028,-2.0,-1.0,-40.0
1776887737.9571028,-1.0,0.0,-36.0
1776887737.9671028,5.0,1.0,-39.0
1776887737.9771028,5.0,1.0,-39.0
1776887737.9871027,6.0,-3.0,-40.0
1776887737.9971027,6.0,-2.0,-43.0
1776887738.0071027,8.0,-3.0,-42.0
1776887738.0171027,5.0,-2.0,-40.0
1776887738.0271027,7.0,-6.0,-33.0
1776887738.0371027,6.0,-4.0,-29.0
1776887738.0471027,4.0,-3.0,-31.0
1776887738.057103,-2.0,-2.0,-34.0
1776887738.067103,-3.0,-2.0,-34.0
1776887738.077103,-2.0,0.0,-31.0
1776887738.087103,0.0,0.0,-38.0
1776887738.0971026,0.0,1.0,-38.0
1776887738.1071026,2.0,3.0,-35.0
1776887738.1171026,5.0,1.0,-37.0
1776887738.1271029,-1.0,5.0,-39.0
1776887738.1371028,-3.0,2.0,-38.0
1776887738.1481028,-1.0,5.0,-32.0
1776887738.1571028,1.0,3.0,-35.0
1776887738.1681027,5.0,6.0,-30.0
1776887738.1771028,3.0,5.0,-31.0
1776887738.1871028,2.0,5.0,-33.0
1776887738.1981027,0.0,1.0,-39.0
1776887738.2081027,0.0,-2.0,-39.0
1776887738.2181027,-1.0,-3.0,-36.0
1776887738.2281027,0.0,-3.0,-28.0
1776887738.238103,-3.0,1.0,-27.0
1776887738.248103,-6.0,2.0,-31.0
1776887738.258103,2.0,-2.0,-37.0
1776887738.2681026,0.0,-6.0,-43.0
1776887738.2781026,-2.0,-7.0,-39.0
1776887738.2881026,-11.0,-8.0,-38.0
1776887738.2981029,-10.0,-7.0,-36.0
1776887738.3081028,-6.0,-6.0,-37.0
1776887738.3181028,-10.0,-3.0,-34.0
1776887738.3281028,-7.0,-7.0,-31.0
1776887738.3381028,-4.0,-3.0,-32.0
1776887738.3481028,-2.0,-1.0,-34.0
1776887738.3581028,-4.0,0.0,-27.0
1776887738.3681028,-4.0,0.0,-27.0
1776887738.3781028,-3.0,3.0,-26.0
1776887738.3881028,2.0,3.0,-31.0
1776887738.3981028,3.0,4.0,-35.0
1776887738.4081028,7.0,-1.0,-42.0
1776887738.4181027,0.0,-1.0,-39.0
1776887738.4281027,1.0,0.0,-33.0
1776887738.4381027,0.0,-3.0,-34.0
1776887738.4481027,0.0,-4.0,-33.0
1776887738.4581027,2.0,-5.0,-43.0
1776887738.4681027,2.0,-7.0,-37.0
1776887738.4781027,3.0,-6.0,-30.0
1776887738.488103,3.0,-2.0,-32.0
1776887738.498103,4.0,-1.0,-32.0
1776887738.508103,4.0,-4.0,-32.0
1776887738.5181026,5.0,-6.0,-30.0
1776887738.5281026,8.0,-5.0,-34.0
1776887738.5381026,9.0,-4.0,-37.0
1776887738.5481029,0.0,0.0,-42.0
1776887738.5581028,3.0,2.0,-38.0
1776887738.5681028,5.0,2.0,-37.0
1776887738.5781028,5.0,-4.0,-41.0
1776887738.5881028,7.0,-5.0,-43.0
1776887738.5981028,5.0,-5.0,-38.0
1776887738.6081028,6.0,-5.0,-41.0
1776887738.6181028,3.0,-6.0,-44.0
1776887738.6281028,2.0,-5.0,-43.0
1776887738.6381028,3.0,0.0,-45.0
1776887738.6481028,0.0,2.0,-50.0
1776887738.6581028,1.0,1.0,-44.0
1776887738.6681027,0.0,-1.0,-39.0
1776887738.6781027,2.0,-5.0,-34.0
1776887738.6881027,2.0,-3.0,-35.0
1776887738.6981027,2.0,-6.0,-43.0
1776887738.7081027,4.0,-2.0,-45.0
1776887738.7181027,6.0,-2.0,-43.0
1776887738.7281027,5.0,-3.0,-40.0
1776887738.738103,2.0,-8.0,-36.0
1776887738.748103,6.0,-8.0,-33.0
1776887738.758103,2.0,-5.0,-31.0
1776887738.7681026,0.0,-8.0,-33.0
1776887738.7781026,0.0,-5.0,-28.0
1776887738.7881026,0.0,-2.0,-29.0
1776887738.7981029,0.0,-4.0,-33.0
1776887738.8081028,1.0,-1.0,-35.0
1776887738.8181028,3.0,2.0,-31.0
1776887738.8281028,1.0,4.0,-41.0
1776887738.8381028,3.0,2.0,-45.0
1776887738.8481028,0.0,1.0,-41.0
1776887738.8581028,0.0,0.0,-36.0
1776887738.8681028,0.0,3.0,-34.0
1776887738.8781028,0.0,0.0,-30.0
1776887738.8881028,-4.0,2.0,-33.0
1776887738.8981028,-4.0,2.0,-31.0
1776887738.9081028,-7.0,0.0,-30.0
1776887738.9181027,-7.0,5.0,-32.0
1776887738.9281027,-4.0,1.0,-31.0
1776887738.9381027,0.0,2.0,-36.0
1776887738.9481027,0.0,0.0,-42.0
1776887738.9581027,-1.0,1.0,-43.0
1776887738.9681027,1.0,0.0,-39.0
1776887738.9781027,-1.0,3.0,-39.0
1776887738.988103,-1.0,3.0,-41.0
1776887738.998103,-2.0,4.0,-43.0
1776887739.008103,1.0,3.0,-41.0
1776887739.0181026,2.0,8.0,-42.0
1776887739.0281026,-1.0,3.0,-40.0
1776887739.0381026,-4.0,0.0,-44.0
1776887739.0481029,-6.0,-2.0,-46.0
1776887739.0581028,-2.0,-6.0,-44.0
1776887739.0681028,0.0,-7.0,-42.0
1776887739.0781028,1.0,-5.0,-43.0
1776887739.0881028,5.0,-2.0,-48.0
1776887739.0981028,-1.0,-3.0,-43.0
1776887739.1081028,-2.0,0.0,-36.0
1776887739.1181028,-4.0,2.0,-36.0
1776887739.1281028,0.0,1.0,-49.0
1776887739.1381028,2.0,3.0,-47.0
1776887739.1481028,4.0,-1.0,-44.0
1776887739.1581028,6.0,-2.0,-41.0
1776887739.1681027,3.0,-9.0,-35.0
1776887739.1781027,3.0,-8.0,-37.0
1776887739.1881027,0.0,-3.0,-35.0
1776887739.1981027,1.0,0.0,-36.0
1776887739.2081027,-3.0,0.0,-32.0
1776887739.2181027,-4.0,0.0,-36.0
1776887739.2281027,-5.0,0.0,-41.0
1776887739.238103,-7.0,-1.0,-40.0
1776887739.248103,-4.0,0.0,-32.0
1776887739.258103,-4.0,0.0,-31.0
1776887739.2681026,-2.0,0.0,-33.0
1776887739.2781026,1.0,3.0,-46.0
1776887739.2881026,1.0,0.0,-48.0
1776887739.2981029,0.0,-2.0,-43.0
1776887739.3081028,0.0,0.0,-41.0
1776887739.3181028,-3.0,-2.0,-42.0
1776887739.3281028,-4.0,0.0,-34.0
1776887739.3381028,-3.0,-3.0,-31.0
1776887739.3481028,0.0,-7.0,-25.0
1776887739.3581028,2.0,-5.0,-23.0
1776887739.3681028,2.0,-3.0,-27.0
1776887739.3781028,0.0,-5.0,-28.0
1776887739.3881028,2.0,-9.0,-28.0
1776887739.3981028,5.0,-2.0,-36.0
1776887739.4081028,4.0,-2.0,-36.0
1776887739.4181027,4.0,0.0,-35.0
1776887739.4281027,1.0,3.0,-38.0
1776887739.4381027,5.0,2.0,-39.0
1776887739.4481027,5.0,1.0,-35.0
1776887739.4581027,5.0,1.0,-38.0
1776887739.4681027,1.0,2.0,-33.0
1776887739.4781027,-2.0,1.0,-33.0
1776887739.488103,-2.0,1.0,-29.0
1776887739.498103,1.0,-2.0,-30.0
1776887739.508103,-1.0,3.0,-25.0
1776887739.5181026,-5.0,4.0,-27.0
1776887739.5281026,-4.0,1.0,-31.0
1776887739.5381026,-2.0,0.0,-30.0
1776887739.5481029,-2.0,-3.0,-35.0
1776887739.5581028,-2.0,-2.0,-35.0
1776887739.5681028,-2.0,-2.0,-38.0
1776887739.5781028,0.0,0.0,-40.0
1776887739.5881028,0.0,0.0,-37.0
1776887739.5981028,-2.0,0.0,-36.0
1776887739.6081028,0.0,-2.0,-38.0
1776887739.6181028,3.0,0.0,-39.0
1776887739.6281028,1.0,-2.0,-43.0
1776887739.6381028,-1.0,-3.0,-41.0
1776887739.6481028,2.0,-3.0,-37.0
1776887739.6581028,1.0,0.0,-37.0
1776887739.6681027,-5.0,0.0,-34.0
1776887739.6781027,-4.0,-3.0,-32.0
1776887739.6881027,-4.0,-7.0,-27.0
1776887739.6981027,-3.0,-6.0,-29.0
1776887739.7081027,-1.0,-7.0,-32.0
1776887739.7181027,0.0,-9.0,-34.0
1776887739.7281027,2.0,-7.0,-32.0
1776887739.738103,0.0,-8.0,-36.0
1776887739.748103,-3.0,-6.0,-34.0
1776887739.758103,-5.0,-9.0,-35.0
1776887739.7681026,4.0,-6.0,-30.0
1776887739.7781026,5.0,-4.0,-26.0
1776887739.7881026,5.0,-2.0,-25.0
1776887739.7981029,7.0,-4.0,-30.0
1776887739.8081028,4.0,-1.0,-33.0
1776887739.8181028,5.0,2.0,-33.0
1776887739.8281028,3.0,-1.0,-28.0
1776887739.8381028,3.0,-3.0,-31.0
1776887739.8481028,5.0,-2.0,-24.0
1776887739.8581028,9.0,0.0,-24.0
1776887739.8681028,5.0,3.0,-28.0
1776887739.8781028,3.0,3.0,-36.0
1776887739.8881028,-2.0,4.0,-38.0
1776887739.8981028,-5.0,0.0,-41.0
1776887739.9081028,-3.0,-4.0,-38.0
1776887739.9181027,-6.0,-1.0,-47.0
1776887739.9281027,-2.0,-1.0,-43.0
1776887739.9381027,0.0,-2.0,-44.0
1776887739.9481027,0.0,0.0,-43.0
1776887739.9581027,-3.0,-3.0,-38.0
1776887739.9681027,-1.0,-4.0,-40.0
1776887739.9781027,-2.0,-3.0,-36.0
1776887739.988103,-2.0,1.0,-30.0
1776887739.998103,-4.0,0.0,-32.0
1776887740.008103,-6.0,0.0,-37.0
1776887740.0181026,-2.0,-2.0,-37.0
1776887740.0281026,2.0,-1.0,-31.0
1776887740.0381026,-2.0,-2.0,-31.0
1776887740.0481029,-2.0,0.0,-28.0
1776887740.0581028,-5.0,-4.0,-27.0
1776887740.0681028,0.0,-5.0,-35.0
1776887740.0781028,1.0,-6.0,-39.0
1776887740.0881028,0.0,-4.0,-44.0
1776887740.0981028,0.0,-7.0,-42.0
1776887740.1081028,-1.0,-6.0,-43.0
1776887740.1181028,1.0,-5.0,-40.0
1776887740.1281028,6.0,-3.0,-42.0
1776887740.1381028,5.0,-2.0,-41.0
1776887740.1481028,1.0,-2.0,-36.0
1776887740.1581028,-1.0,-4.0,-33.0
1776887740.1681027,-2.0,-1.0,-34.0
1776887740.1781027,-1.0,-1.0,-37.0
1776887740.1891026,-1.0,2.0,-38.0
1776887740.1991026,0.0,4.0,-38.0
1776887740.2091026,2.0,5.0,-35.0
1776887740.2191026,5.0,0.0,-39.0
1776887740.2291028,6.0,0.0,-31.0
1776887740.2391028,3.0,2.0,-23.0
1776887740.2491028,4.0,2.0,-28.0
1776887740.2591028,4.0,-4.0,-27.0
1776887740.2691028,6.0,-1.0,-31.0
1776887740.2791028,5.0,-4.0,-29.0
1776887740.2891028,3.0,-3.0,-28.0
1776887740.2991028,0.0,-4.0,-33.0
1776887740.3091028,0.0,-6.0,-34.0
1776887740.3191028,2.0,-1.0,-42.0
1776887740.3291028,2.0,-1.0,-42.0
1776887740.3391027,0.0,-1.0,-38.0
1776887740.3491027,-3.0,-1.0,-44.0
1776887740.3591027,-2.0,0.0,-44.0
1776887740.3691027,-1.0,0.0,-45.0
1776887740.3791027,-3.0,-2.0,-41.0
1776887740.3891027,-4.0,-2.0,-42.0
1776887740.3991027,-3.0,0.0,-43.0
1776887740.409103,-6.0,-1.0,-36.0
1776887740.419103,-4.0,0.0,-40.0
1776887740.429103,-8.0,0.0,-43.0
1776887740.4391026,-5.0,0.0,-48.0
1776887740.4491026,-1.0,0.0,-44.0
1776887740.4591026,1.0,0.0,-46.0
1776887740.4691026,0.0,2.0,-47.0
1776887740.4791028,2.0,1.0,-38.0
1776887740.4891028,-1.0,0.0,-36.0
1776887740.4991028,0.0,-2.0,-42.0
1776887740.5091028,-2.0,-4.0,-48.0
1776887740.5191028,0.0,-3.0,-53.0
1776887740.5291028,-1.0,-3.0,-55.0
1776887740.5391028,-1.0,-8.0,-51.0
1776887740.5491028,-4.0,-7.0,-54.0
1776887740.5591028,0.0,-7.0,-51.0
1776887740.5691028,-4.0,-6.0,-42.0
1776887740.5791028,-6.0,-4.0,-44.0
1776887740.5891027,-3.0,-8.0,-42.0
1776887740.5991027,0.0,-8.0,-43.0
1776887740.6091027,4.0,-3.0,-40.0
1776887740.6191027,5.0,-3.0,-37.0
1776887740.6291027,4.0,-4.0,-39.0
1776887740.6391027,4.0,-3.0,-41.0
1776887740.6491027,4.0,0.0,-35.0
1776887740.659103,4.0,1.0,-39.0
1776887740.669103,2.0,1.0,-34.0
1776887740.679103,2.0,2.0,-31.0
1776887740.6891026,-1.0,-4.0,-33.0
1776887740.6991026,0.0,-3.0,-36.0
1776887740.7091026,-2.0,-2.0,-41.0
1776887740.7191026,-3.0,1.0,-40.0
1776887740.7291028,-6.0,-1.0,-46.0
1776887740.7391028,-1.0,-7.0,-47.0
1776887740.7491028,2.0,-4.0,-49.0
1776887740.7591028,2.0,-3.0,-46.0
1776887740.7691028,5.0,-7.0,-46.0
1776887740.7791028,2.0,-8.0,-37.0
1776887740.7891028,4.0,0.0,-35.0
1776887740.7991028,3.0,0.0,-34.0
1776887740.8091028,2.0,-1.0,-34.0
1776887740.8191028,0.0,-1.0,-37.0
1776887740.8291028,0.0,-3.0,-33.0
1776887740.8391027,-1.0,-5.0,-38.0
1776887740.8491027,0.0,-1.0,-35.0
1776887740.8591027,0.0,-4.0,-41.0
1776887740.8691027,2.0,-1.0,-37.0
1776887740.8791027,2.0,-2.0,-36.0
1776887740.8891027,4.0,-2.0,-38.0
1776887740.8991027,2.0,-3.0,-44.0
1776887740.909103,-3.0,0.0,-48.0
1776887740.919103,-5.0,0.0,-52.0
1776887740.929103,-2.0,0.0,-46.0
1776887740.9391026,1.0,0.0,-43.0
1776887740.9491026,1.0,0.0,-40.0
1776887740.9591026,-2.0,0.0,-33.0
1776887740.9691026,3.0,0.0,-30.0
1776887740.9791028,-1.0,0.0,-28.0
1776887740.9891028,-5.0,2.0,-31.0
1776887740.9991028,-4.0,4.0,-35.0
1776887741.0091028,-5.0,6.0,-38.0
1776887741.0191028,-4.0,12.0,-40.0
1776887741.0291028,-4.0,8.0,-43.0
1776887741.0391028,-3.0,4.0,-45.0
1776887741.0491028,-5.0,1.0,-42.0
1776887741.0591028,-5.0,0.0,-44.0
1776887741.0691028,-3.0,1.0,-42.0
1776887741.0791028,-3.0,0.0,-42.0
1776887741.0891027,-2.0,1.0,-52.0
1776887741.0991027,-2.0,-1.0,-47.0
1776887741.1091027,2.0,-3.0,-41.0
1776887741.1191027,4.0,-1.0,-35.0
1776887741.1291027,0.0,3.0,-36.0
1776887741.1391027,4.0,3.0,-41.0
1776887741.1491027,2.0,-2.0,-41.0
1776887741.159103,3.0,-2.0,-34.0
1776887741.169103,2.0,0.0,-34.0
1776887741.179103,1.0,0.0,-36.0
1776887741.1891026,2.0,-2.0,-45.0
1776887741.1991026,3.0,-5.0,-48.0
1776887741.2091026,4.0,-5.0,-43.0
1776887741.2191026,4.0,-3.0,-40.0
1776887741.2291028,2.0,0.0,-35.0
1776887741.2391028,2.0,2.0,-32.0
1776887741.2491028,9.0,1.0,-39.0
1776887741.2591028,9.0,1.0,-46.0
1776887741.2691028,5.0,0.0,-46.0
1776887741.2791028,3.0,1.0,-45.0
1776887741.2891028,4.0,0.0,-41.0
1776887741.2991028,2.0,0.0,-33.0
1776887741.3091028,9.0,0.0,-29.0
1776887741.3191028,9.0,-1.0,-35.0
1776887741.3291028,7.0,-1.0,-40.0
1776887741.3391027,6.0,1.0,-44.0
1776887741.3491027,7.0,0.0,-34.0
1776887741.3591027,6.0,1.0,-33.0
1776887741.3691027,2.0,2.0,-29.0
1776887741.3791027,0.0,4.0,-26.0
1776887741.3891027,0.0,5.0,-26.0
1776887741.3991027,0.0,4.0,-29.0
1776887741.409103,0.0,0.0,-32.0
1776887741.419103,1.0,1.0,-36.0
1776887741.429103,2.0,-1.0,-32.0
1776887741.4391026,2.0,0.0,-35.0
1776887741.4491026,5.0,-2.0,-31.0
1776887741.4591026,3.0,-2.0,-25.0
1776887741.4691026,4.0,-5.0,-24.0
1776887741.4791028,1.0,-4.0,-26.0
1776887741.4891028,6.0,-1.0,-27.0
1776887741.4991028,10.0,1.0,-34.0
1776887741.5091028,7.0,-2.0,-38.0
1776887741.5191028,1.0,1.0,-32.0
1776887741.5291028,2.0,1.0,-34.0
1776887741.5391028,2.0,0.0,-31.0
1776887741.5491028,4.0,-3.0,-32.0
1776887741.5591028,4.0,0.0,-38.0
1776887741.5691028,6.0,0.0,-42.0
1776887741.5791028,0.0,0.0,-42.0
1776887741.5891027,-3.0,0.0,-48.0
1776887741.5991027,2.0,3.0,-53.0
1776887741.6091027,1.0,1.0,-48.0
1776887741.6191027,4.0,-1.0,-42.0
1776887741.6291027,3.0,0.0,-31.0
1776887741.6391027,1.0,-2.0,-30.0
1776887741.6491027,2.0,-1.0,-36.0
1776887741.659103,1.0,-2.0,-43.0
1776887741.669103,5.0,0.0,-44.0
1776887741.679103,1.0,1.0,-38.0
1776887741.6891026,3.0,3.0,-40.0
1776887741.6991026,0.0,3.0,-42.0
1776887741.7091026,-2.0,2.0,-41.0
1776887741.7191026,0.0,-1.0,-41.0
1776887741.7291028,4.0,-2.0,-43.0
1776887741.7391028,5.0,-1.0,-42.0
1776887741.7491028,7.0,-2.0,-45.0
1776887741.7591028,14.0,1.0,-41.0
1776887741.7691028,13.0,4.0,-49.0
1776887741.7791028,8.0,2.0,-45.0
1776887741.7891028,2.0,-1.0,-42.0
1776887741.7991028,0.0,0.0,-40.0
1776887741.8091028,0.0,-2.0,-41.0
1776887741.8191028,-5.0,2.0,-38.0
1776887741.8291028,-4.0,0.0,-40.0
1776887741.8391027,-2.0,0.0,-37.0
1776887741.8491027,-1.0,1.0,-36.0
1776887741.8591027,-1.0,-4.0,-38.0
1776887741.8691027,0.0,-2.0,-33.0
1776887741.8791027,2.0,0.0,-28.0
1776887741.8891027,4.0,0.0,-35.0
1776887741.8991027,1.0,1.0,-39.0
1776887741.909103,0.0,0.0,-43.0
1776887741.919103,2.0,0.0,-39.0
1776887741.929103,3.0,0.0,-34.0
1776887741.9391026,4.0,1.0,-33.0
1776887741.9491026,4.0,0.0,-38.0
1776887741.9591026,2.0,0.0,-39.0
1776887741.9691026,0.0,3.0,-36.0
1776887741.9791028,2.0,3.0,-34.0
1776887741.9891028,3.0,0.0,-32.0
1776887741.9991028,3.0,-5.0,-31.0
1776887742.0091028,2.0,-5.0,-31.0
1776887742.0191028,5.0,-7.0,-25.0
1776887742.0291028,3.0,-3.0,-35.0
1776887742.0391028,1.0,-2.0,-28.0
1776887742.0491028,0.0,-1.0,-24.0
1776887742.0591028,0.0,1.0,-24.0
1776887742.0691028,0.0,0.0,-28.0
1776887742.0791028,-2.0,0.0,-30.0
1776887742.0891027,-3.0,-2.0,-18.0
1776887742.0991027,3.0,-2.0,-23.0
1776887742.1091027,5.0,0.0,-28.0
1776887742.1191027,7.0,-4.0,-25.0
1776887742.1291027,9.0,-2.0,-30.0
1776887742.1391027,9.0,-3.0,-28.0
1776887742.1491027,3.0,-5.0,-26.0
1776887742.159103,5.0,-1.0,-28.0
1776887742.169103,6.0,0.0,-24.0
1776887742.179103,8.0,-1.0,-26.0
1776887742.1891026,10.0,0.0,-28.0
1776887742.2001028,13.0,0.0,-31.0
1776887742.2101028,13.0,-3.0,-36.0
1776887742.2201028,12.0,-3.0,-40.0
1776887742.2301028,8.0,-2.0,-32.0
1776887742.2401028,3.0,-4.0,-29.0
1776887742.2501028,3.0,-8.0,-36.0
1776887742.2601027,4.0,-4.0,-38.0
1776887742.2701027,3.0,-3.0,-36.0
1776887742.2801027,4.0,-1.0,-39.0
1776887742.2901027,4.0,-1.0,-44.0
1776887742.3001027,4.0,-2.0,-40.0
1776887742.3101027,-1.0,-3.0,-33.0
1776887742.3201027,-1.0,-2.0,-33.0
1776887742.3301027,0.0,0.0,-35.0
1776887742.340103,2.0,-3.0,-34.0
1776887742.350103,2.0,-4.0,-34.0
1776887742.360103,0.0,-2.0,-30.0
1776887742.3701026,3.0,-2.0,-31.0
1776887742.3801026,7.0,-3.0,-33.0
1776887742.3901026,2.0,-1.0,-31.0
1776887742.4001029,7.0,0.0,-35.0
1776887742.4101028,8.0,-2.0,-38.0
1776887742.4201028,3.0,-2.0,-45.0
1776887742.4301028,0.0,-4.0,-42.0
1776887742.4401028,-4.0,-3.0,-37.0
1776887742.4501028,-5.0,-2.0,-35.0
1776887742.4601028,-8.0,-2.0,-32.0
1776887742.4701028,-7.0,-1.0,-27.0
1776887742.4801028,-4.0,-2.0,-28.0
1776887742.4901028,2.0,-3.0,-29.0
1776887742.5001028,6.0,-3.0,-30.0
1776887742.5101027,5.0,-4.0,-33.0
1776887742.5201027,4.0,-1.0,-29.0
1776887742.5301027,4.0,0.0,-29.0
1776887742.5401027,5.0,-3.0,-23.0
1776887742.5501027,8.0,-3.0,-25.0
1776887742.5601027,10.0,-3.0,-22.0
1776887742.5701027,7.0,0.0,-25.0
1776887742.5801027,6.0,0.0,-23.0
1776887742.590103,2.0,0.0,-29.0
1776887742.600103,-2.0,-2.0,-29.0
1776887742.610103,-1.0,-4.0,-31.0
1776887742.6201026,0.0,-1.0,-36.0
1776887742.6301026,0.0,-1.0,-28.0
1776887742.6401026,3.0,-3.0,-25.0
1776887742.6501029,5.0,-1.0,-34.0
1776887742.6601028,5.0,3.0,-30.0
1776887742.6701028,-2.0,5.0,-30.0
1776887742.6801028,-2.0,2.0,-29.0
1776887742.6901028,0.0,0.0,-34.0
1776887742.7001028,1.0,0.0,-37.0
1776887742.7101028,2.0,2.0,-34.0
1776887742.7201028,2.0,-4.0,-33.0
1776887742.7301028,-1.0,-4.0,-33.0
1776887742.7411027,-1.0,-2.0,-29.0
1776887742.7501028,0.0,-2.0,-30.0
1776887742.7601027,9.0,-7.0,-32.0
1776887742.7701027,6.0,-4.0,-34.0
1776887742.7801027,3.0,-1.0,-40.0
1776887742.7901027,3.0,-2.0,-43.0
1776887742.8001027,2.0,-2.0,-39.0
1776887742.8101027,-3.0,0.0,-36.0
1776887742.8201027,0.0,-1.0,-39.0
1776887742.8301027,-1.0,0.0,-41.0
1776887742.840103,2.0,0.0,-42.0
1776887742.850103,6.0,0.0,-34.0
1776887742.860103,7.0,-2.0,-37.0
1776887742.8701026,8.0,-1.0,-40.0
1776887742.8801026,4.0,-3.0,-40.0
1776887742.8901026,2.0,-7.0,-43.0
1776887742.9001029,6.0,-7.0,-43.0
1776887742.9101028,4.0,-3.0,-43.0
1776887742.9201028,6.0,-6.0,-41.0
1776887742.9301028,5.0,-6.0,-40.0
1776887742.9401028,7.0,-4.0,-42.0
1776887742.9501028,5.0,-6.0,-49.0
1776887742.9601028,1.0,-4.0,-51.0
1776887742.9701028,1.0,-3.0,-46.0
1776887742.9801028,-3.0,-4.0,-46.0
1776887742.9901028,-5.0,-6.0,-48.0
1776887743.0001028,-2.0,-6.0,-49.0
1776887743.0101027,-4.0,-3.0,-43.0
1776887743.0201027,0.0,0.0,-38.0
1776887743.0301027,1.0,0.0,-38.0
1776887743.0401027,-1.0,0.0,-40.0
1776887743.0501027,-2.0,1.0,-45.0
1776887743.0601027,-5.0,0.0,-47.0
1776887743.0701027,-3.0,-4.0,-42.0
1776887743.0801027,-2.0,-4.0,-38.0
1776887743.090103,-1.0,-2.0,-44.0
1776887743.100103,-3.0,1.0,-42.0
1776887743.110103,-3.0,2.0,-43.0
1776887743.1201026,-2.0,1.0,-41.0
1776887743.1301026,-4.0,2.0,-42.0
1776887743.1401026,-4.0,3.0,-48.0
1776887743.1501029,-3.0,2.0,-47.0
1776887743.1601028,-2.0,1.0,-45.0
1776887743.1701028,3.0,-1.0,-46.0
1776887743.1801028,5.0,0.0,-43.0
1776887743.1901028,0.0,-1.0,-44.0
1776887743.2001028,-2.0,-1.0,-40.0
1776887743.2101028,2.0,-2.0,-42.0
1776887743.2201028,4.0,-3.0,-44.0
1776887743.2301028,7.0,-3.0,-42.0
1776887743.2401028,5.0,-2.0,-43.0
1776887743.2501028,9.0,2.0,-44.0
1776887743.2601027,10.0,2.0,-43.0
1776887743.2701027,10.0,1.0,-44.0
1776887743.2801027,3.0,0.0,-46.0
1776887743.2901027,7.0,1.0,-42.0
1776887743.3001027,2.0,3.0,-42.0
1776887743.3101027,5.0,0.0,-41.0
1776887743.3201027,1.0,-3.0,-39.0
1776887743.3301027,0.0,-4.0,-40.0
1776887743.340103,0.0,-2.0,-37.0
1776887743.350103,0.0,-5.0,-39.0
1776887743.360103,-1.0,-7.0,-44.0
1776887743.3701026,-1.0,0.0,-42.0
1776887743.3801026,0.0,0.0,-43.0
1776887743.3901026,-2.0,0.0,-42.0
1776887743.4001029,1.0,4.0,-40.0
1776887743.4101028,2.0,0.0,-40.0
1776887743.4201028,0.0,-2.0,-41.0
1776887743.4301028,1.0,-4.0,-40.0
1776887743.4401028,0.0,-5.0,-40.0
1776887743.4501028,5.0,-1.0,-44.0
1776887743.4601028,0.0,2.0,-42.0
1776887743.4701028,0.0,6.0,-38.0
1776887743.4801028,0.0,3.0,-36.0
1776887743.4901028,5.0,2.0,-42.0
1776887743.5001028,7.0,0.0,-42.0
1776887743.5101027,4.0,-2.0,-42.0
1776887743.5201027,-1.0,2.0,-43.0
1776887743.5301027,0.0,3.0,-47.0
1776887743.5401027,0.0,3.0,-51.0
1776887743.5501027,-2.0,1.0,-53.0
1776887743.5601027,0.0,1.0,-45.0
1776887743.5701027,1.0,2.0,-41.0
1776887743.5801027,0.0,4.0,-41.0
1776887743.590103,-4.0,4.0,-26.0
1776887743.600103,-5.0,0.0,-27.0
1776887743.610103,-6.0,-1.0,-31.0
1776887743.6201026,-6.0,-3.0,-38.0
1776887743.6301026,-3.0,-3.0,-37.0
1776887743.6401026,1.0,-6.0,-37.0
1776887743.6501029,0.0,-7.0,-37.0
1776887743.6601028,-1.0,-9.0,-32.0
1776887743.6701028,-8.0,-8.0,-30.0
1776887743.6801028,-3.0,-3.0,-32.0
1776887743.6901028,-1.0,-1.0,-33.0
1776887743.7001028,0.0,-3.0,-28.0
1776887743.7101028,7.0,-6.0,-36.0
1776887743.7201028,8.0,-3.0,-38.0
1776887743.7301028,2.0,-7.0,-30.0
1776887743.7401028,1.0,-6.0,-32.0
1776887743.7501028,0.0,-6.0,-34.0
1776887743.7601027,-6.0,-1.0,-29.0
1776887743.7701027,-7.0,-3.0,-27.0
1776887743.7801027,-3.0,-6.0,-27.0
1776887743.7901027,-6.0,-6.0,-26.0
1776887743.8001027,-3.0,-4.0,-29.0
1776887743.8101027,-2.0,0.0,-38.0
1776887743.8201027,-6.0,0.0,-32.0
1776887743.8301027,-8.0,3.0,-28.0
1776887743.840103,-3.0,2.0,-29.0
1776887743.850103,3.0,-1.0,-34.0
1776887743.860103,5.0,-5.0,-35.0
1776887743.8701026,4.0,-7.0,-37.0
1776887743.8801026,0.0,-8.0,-38.0
1776887743.8901026,4.0,-4.0,-40.0
1776887743.9001029,2.0,-2.0,-40.0
1776887743.9101028,0.0,-3.0,-37.0
1776887743.9201028,2.0,-2.0,-29.0
1776887743.9301028,5.0,-2.0,-30.0
1776887743.9401028,3.0,-4.0,-31.0
1776887743.9501028,1.0,0.0,-35.0
1776887743.9601028,0.0,4.0,-36.0
1776887743.9701028,-2.0,3.0,-34.0
1776887743.9801028,-4.0,0.0,-34.0
1776887743.9901028,-6.0,-3.0,-34.0
1776887744.0001028,-10.0,0.0,-33.0
1776887744.0101027,-8.0,2.0,-23.0
1776887744.0201027,-13.0,0.0,-23.0
1776887744.0301027,-17.0,-4.0,-33.0
1776887744.0401027,-10.0,0.0,-25.0
1776887744.0501027,0.0,3.0,-24.0
1776887744.0601027,1.0,4.0,-31.0
1776887744.0701027,4.0,3.0,-33.0
1776887744.0801027,5.0,0.0,-33.0
1776887744.090103,1.0,-1.0,-30.0
1776887744.100103,2.0,-3.0,-34.0
1776887744.110103,0.0,-1.0,-34.0
1776887744.1201026,2.0,-1.0,-36.0
1776887744.1301026,1.0,-1.0,-41.0
1776887744.1401026,1.0,1.0,-37.0
1776887744.1501029,0.0,6.0,-29.0
1776887744.1611028,0.0,7.0,-28.0
1776887744.1711028,0.0,7.0,-35.0
1776887744.1801028,-3.0,6.0,-32.0
1776887744.1901028,-5.0,7.0,-34.0
1776887744.2011027,-8.0,6.0,-35.0
1776887744.2111027,-8.0,6.0,-32.0
1776887744.2211027,-6.0,6.0,-31.0
1776887744.2311027,-6.0,3.0,-35.0
1776887744.2411027,-3.0,1.0,-31.0
1776887744.2511027,-4.0,0.0,-36.0
1776887744.261103,-3.0,-6.0,-40.0
1776887744.271103,-1.0,-6.0,-43.0
1776887744.281103,1.0,-5.0,-38.0
1776887744.2911026,3.0,-2.0,-36.0
1776887744.3011026,-1.0,0.0,-36.0
1776887744.3111026,-1.0,1.0,-39.0
1776887744.3211029,0.0,1.0,-38.0
1776887744.3311028,-4.0,1.0,-37.0
1776887744.3411028,-4.0,0.0,-37.0
1776887744.3511028,-4.0,-4.0,-35.0
1776887744.3611028,3.0,0.0,-40.0
1776887744.3711028,3.0,1.0,-41.0
1776887744.3811028,6.0,-1.0,-43.0
1776887744.3911028,9.0,-4.0,-41.0
1776887744.4011028,14.0,-2.0,-43.0
1776887744.4111028,12.0,-2.0,-39.0
1776887744.4211028,12.0,-3.0,-34.0
1776887744.4311028,7.0,-4.0,-35.0
1776887744.4411027,1.0,-5.0,-36.0
1776887744.4511027,0.0,-5.0,-38.0
1776887744.4611027,0.0,-5.0,-34.0
1776887744.4711027,0.0,-3.0,-28.0
1776887744.4811027,3.0,-2.0,-32.0
1776887744.4911027,3.0,-8.0,-35.0
1776887744.5011027,5.0,-5.0,-35.0
1776887744.511103,6.0,-5.0,-34.0
1776887744.521103,5.0,-2.0,-35.0
1776887744.531103,4.0,-1.0,-31.0
1776887744.5411026,7.0,0.0,-33.0
1776887744.5511026,11.0,2.0,-32.0
1776887744.5611026,7.0,4.0,-38.0
1776887744.5711029,8.0,6.0,-35.0
1776887744.5811028,7.0,5.0,-30.0
1776887744.5911028,7.0,5.0,-32.0
1776887744.6011028,9.0,4.0,-27.0
1776887744.6111028,5.0,5.0,-23.0
1776887744.6211028,6.0,3.0,-26.0
1776887744.6311028,6.0,3.0,-25.0
1776887744.6411028,11.0,0.0,-29.0
1776887744.6511028,5.0,-1.0,-32.0
1776887744.6611028,3.0,0.0,-29.0
1776887744.6711028,4.0,-1.0,-27.0
1776887744.6811028,3.0,0.0,-30.0
1776887744.6911027,2.0,0.0,-33.0
1776887744.7011027,1.0,-2.0,-32.0
1776887744.7111027,-1.0,-2.0,-33.0
1776887744.7211027,-1.0,2.0,-35.0
1776887744.7311027,4.0,-2.0,-36.0
1776887744.7411027,5.0,-7.0,-33.0
1776887744.7511027,6.0,-7.0,-30.0
1776887744.761103,7.0,-7.0,-24.0
1776887744.771103,8.0,-8.0,-21.0
1776887744.781103,9.0,-8.0,-18.0
1776887744.7911026,10.0,-6.0,-23.0
1776887744.8011026,13.0,-6.0,-32.0
1776887744.8111026,14.0,-5.0,-39.0
1776887744.8211029,9.0,-5.0,-32.0
1776887744.8311028,11.0,-7.0,-32.0
1776887744.8411028,8.0,-3.0,-36.0
1776887744.8511028,6.0,0.0,-42.0
1776887744.8611028,6.0,-1.0,-38.0
1776887744.8711028,6.0,0.0,-33.0
1776887744.8811028,4.0,0.0,-29.0
1776887744.8911028,0.0,3.0,-23.0
1776887744.9011028,-2.0,5.0,-26.0
1776887744.9111028,-1.0,5.0,-30.0
1776887744.9211028,1.0,7.0,-36.0
1776887744.9311028,-4.0,8.0,-36.0
1776887744.9411027,0.0,7.0,-37.0
1776887744.9511027,-3.0,5.0,-41.0
1776887744.9611027,-2.0,5.0,-37.0
1776887744.9711027,-3.0,1.0,-40.0
1776887744.9811027,-4.0,-2.0,-35.0
1776887744.9911027,-3.0,-5.0,-36.0
1776887745.0011027,5.0,-1.0,-29.0
1776887745.011103,5.0,-1.0,-21.0
1776887745.021103,5.0,-2.0,-20.0
1776887745.031103,3.0,-2.0,-21.0
1776887745.0411026,2.0,-1.0,-29.0
1776887745.0511026,3.0,0.0,-31.0
1776887745.0611026,5.0,-1.0,-35.0
1776887745.0711029,2.0,-4.0,-37.0
1776887745.0811028,-1.0,-2.0,-44.0
1776887745.0911028,0.0,1.0,-41.0
1776887745.1011028,0.0,-1.0,-33.0
1776887745.1111028,-2.0,-5.0,-31.0
1776887745.1211028,2.0,-8.0,-29.0
1776887745.1311028,-2.0,-5.0,-36.0
1776887745.1411028,-9.0,-4.0,-34.0
1776887745.1511028,-6.0,-3.0,-33.0
1776887745.1611028,-4.0,0.0,-33.0
1776887745.1711028,-7.0,1.0,-25.0
1776887745.1811028,0.0,-4.0,-28.0
1776887745.1911027,-2.0,-4.0,-28.0
1776887745.2011027,0.0,-5.0,-30.0
1776887745.2111027,-2.0,-5.0,-36.0
1776887745.2211027,-3.0,0.0,-32.0
1776887745.2311027,-3.0,-4.0,-31.0
1776887745.2411027,-1.0,-4.0,-32.0
1776887745.2511027,-3.0,-3.0,-28.0
1776887745.261103,-3.0,-3.0,-33.0
1776887745.271103,-3.0,-3.0,-35.0
1776887745.281103,-3.0,-7.0,-43.0
1776887745.2911026,-2.0,-6.0,-44.0
1776887745.3011026,1.0,-2.0,-40.0
1776887745.3111026,0.0,4.0,-39.0
1776887745.3211029,-4.0,0.0,-39.0
1776887745.3311028,-1.0,0.0,-37.0
1776887745.3411028,0.0,-1.0,-31.0
1776887745.3511028,-3.0,-2.0,-36.0
1776887745.3611028,-2.0,-4.0,-40.0
1776887745.3711028,0.0,1.0,-35.0
1776887745.3811028,1.0,0.0,-36.0
1776887745.3911028,5.0,1.0,-36.0
1776887745.4011028,0.0,-2.0,-36.0
1776887745.4111028,-3.0,-6.0,-35.0
1776887745.4211028,-2.0,-7.0,-37.0
1776887745.4311028,-2.0,-7.0,-36.0
1776887745.4411027,-3.0,-11.0,-30.0
1776887745.4511027,-4.0,-9.0,-26.0
1776887745.4611027,1.0,-2.0,-30.0
1776887745.4711027,-4.0,0.0,-34.0
1776887745.4811027,-4.0,0.0,-37.0
1776887745.4911027,-3.0,-3.0,-41.0
1776887745.5011027,0.0,-4.0,-44.0
1776887745.511103,-5.0,-1.0,-47.0
1776887745.521103,-3.0,-2.0,-48.0
1776887745.531103,-5.0,0.0,-48.0
1776887745.5411026,-1.0,3.0,-46.0
1776887745.5511026,0.0,0.0,-41.0
1776887745.5611026,0.0,-4.0,-39.0
1776887745.5711029,-2.0,-5.0,-39.0
1776887745.5811028,-2.0,-7.0,-38.0
1776887745.5911028,0.0,-6.0,-37.0
1776887745.6011028,3.0,-3.0,-37.0
1776887745.6111028,5.0,-1.0,-39.0
1776887745.6211028,4.0,0.0,-36.0
1776887745.6311028,4.0,0.0,-36.0
1776887745.6411028,7.0,-3.0,-37.0
1776887745.6511028,8.0,-1.0,-44.0
1776887745.6611028,10.0,-2.0,-40.0
1776887745.6711028,8.0,-3.0,-41.0
1776887745.6811028,7.0,-6.0,-42.0
1776887745.6911027,10.0,-3.0,-42.0
1776887745.7011027,8.0,-3.0,-43.0
1776887745.7111027,4.0,-5.0,-44.0
1776887745.7211027,4.0,-5.0,-47.0
1776887745.7311027,3.0,-5.0,-48.0
1776887745.7411027,6.0,-2.0,-45.0
1776887745.7511027,4.0,-2.0,-40.0
1776887745.761103,7.0,-1.0,-39.0
1776887745.771103,4.0,-2.0,-32.0
1776887745.781103,3.0,-1.0,-31.0
1776887745.7911026,3.0,-2.0,-30.0
1776887745.8011026,2.0,-4.0,-32.0
1776887745.8111026,-1.0,0.0,-35.0
1776887745.8211029,0.0,1.0,-34.0
1776887745.8311028,1.0,3.0,-38.0
1776887745.8411028,0.0,6.0,-41.0
1776887745.8511028,-5.0,1.0,-37.0
1776887745.8611028,-3.0,-2.0,-33.0
1776887745.8711028,-1.0,-3.0,-35.0
1776887745.8811028,0.0,-1.0,-34.0
1776887745.8911028,1.0,0.0,-33.0
1776887745.9011028,-3.0,0.0,-30.0
1776887745.9111028,-1.0,0.0,-32.0
1776887745.9211028,-2.0,-1.0,-34.0
1776887745.9311028,-1.0,-4.0,-39.0
1776887745.9411027,0.0,-5.0,-41.0
1776887745.9511027,1.0,-8.0,-44.0
1776887745.9611027,2.0,-7.0,-45.0
1776887745.9711027,5.0,-4.0,-44.0
1776887745.9811027,3.0,-2.0,-46.0
1776887745.9911027,2.0,0.0,-43.0
1776887746.0011027,3.0,1.0,-36.0
1776887746.011103,3.0,-3.0,-36.0
1776887746.021103,7.0,-6.0,-37.0
1776887746.031103,2.0,-6.0,-37.0
1776887746.0411026,2.0,-2.0,-38.0
1776887746.0511026,-1.0,0.0,-43.0
1776887746.0611026,-3.0,-3.0,-41.0
1776887746.0711029,0.0,-2.0,-42.0
1776887746.0811028,1.0,0.0,-43.0
1776887746.0911028,-3.0,-4.0,-42.0
1776887746.1011028,-1.0,-3.0,-39.0
1776887746.1111028,1.0,-3.0,-32.0
1776887746.1211028,5.0,-2.0,-31.0
1776887746.1311028,5.0,-1.0,-24.0
1776887746.1411028,3.0,-2.0,-27.0
1776887746.1511028,2.0,-4.0,-32.0
1776887746.1611028,-2.0,-4.0,-33.0
1776887746.1711028,-3.0,0.0,-35.0
1776887746.182103,-4.0,3.0,-39.0
1776887746.192103,0.0,0.0,-43.0
1776887746.202103,3.0,3.0,-38.0
1776887746.212103,1.0,2.0,-38.0
1776887746.2221026,-2.0,-1.0,-38.0
1776887746.2321026,-4.0,-2.0,-35.0
1776887746.2421026,-5.0,-1.0,-32.0
1776887746.2521029,-3.0,-3.0,-38.0
1776887746.2621028,0.0,-6.0,-39.0
1776887746.2721028,0.0,-5.0,-42.0
1776887746.2821028,-3.0,-5.0,-41.0
1776887746.2921028,-9.0,-5.0,-40.0
1776887746.3021028,-8.0,-5.0,-35.0
1776887746.3121028,-2.0,-2.0,-35.0
1776887746.3221028,-5.0,-4.0,-42.0
1776887746.3321028,-6.0,-4.0,-37.0
1776887746.3421028,-4.0,-7.0,-34.0
1776887746.3521028,1.0,-7.0,-36.0
1776887746.3621027,5.0,-7.0,-35.0
1776887746.3721027,-1.0,-4.0,-35.0
1776887746.3821027,-2.0,-3.0,-31.0
1776887746.3921027,-1.0,-3.0,-29.0
1776887746.4021027,3.0,-1.0,-29.0
1776887746.4121027,1.0,2.0,-30.0
1776887746.4221027,1.0,0.0,-27.0
1776887746.432103,0.0,-3.0,-26.0
1776887746.442103,3.0,-6.0,-26.0
1776887746.452103,0.0,-4.0,-27.0
1776887746.462103,1.0,-1.0,-36.0
1776887746.4721026,0.0,-1.0,-35.0
1776887746.4821026,-2.0,3.0,-35.0
1776887746.4921026,0.0,7.0,-36.0
1776887746.5021029,-1.0,7.0,-30.0
1776887746.5121028,0.0,7.0,-26.0
1776887746.5221028,-2.0,2.0,-26.0
1776887746.5321028,0.0,0.0,-29.0
1776887746.5421028,2.0,-4.0,-30.0
1776887746.5521028,-2.0,-1.0,-31.0
1776887746.5621028,0.0,5.0,-32.0
1776887746.5721028,0.0,1.0,-27.0
1776887746.5821028,0.0,1.0,-26.0
1776887746.5921028,7.0,1.0,-33.0
1776887746.6021028,5.0,0.0,-37.0
1776887746.6121027,3.0,0.0,-39.0
1776887746.6221027,3.0,-1.0,-41.0
1776887746.6321027,0.0,0.0,-41.0
1776887746.6421027,1.0,1.0,-35.0
1776887746.6521027,-2.0,-1.0,-34.0
1776887746.6621027,-1.0,0.0,-33.0
1776887746.6721027,-1.0,2.0,-30.0
1776887746.682103,-1.0,1.0,-29.0
1776887746.692103,-1.0,0.0,-35.0
1776887746.702103,0.0,-2.0,-40.0
1776887746.712103,2.0,-3.0,-36.0
1776887746.7221026,1.0,-3.0,-33.0
1776887746.7321026,0.0,0.0,-29.0
1776887746.7421026,-2.0,-1.0,-35.0
1776887746.7521029,-3.0,2.0,-37.0
1776887746.7621028,-4.0,1.0,-38.0
1776887746.7721028,0.0,0.0,-39.0
1776887746.7821028,5.0,2.0,-37.0
1776887746.7921028,5.0,4.0,-40.0
1776887746.8021028,5.0,0.0,-42.0
1776887746.8121028,1.0,0.0,-43.0
1776887746.8221028,1.0,-3.0,-42.0
1776887746.8321028,5.0,-4.0,-35.0
1776887746.8421028,2.0,-1.0,-37.0
1776887746.8521028,2.0,-5.0,-37.0
1776887746.8621027,5.0,-6.0,-32.0
1776887746.8721027,7.0,-10.0,-39.0
1776887746.8821027,8.0,-7.0,-37.0
1776887746.8921027,11.0,-5.0,-32.0
1776887746.9021027,9.0,-1.0,-25.0
1776887746.9121027,5.0,-2.0,-28.0
1776887746.9221027,1.0,-3.0,-28.0
1776887746.932103,-3.0,0.0,-30.0
1776887746.942103,-10.0,4.0,-35.0
1776887746.952103,-9.0,4.0,-41.0
1776887746.962103,-5.0,4.0,-45.0
1776887746.9721026,1.0,3.0,-44.0
1776887746.9821026,1.0,0.0,-46.0
1776887746.9921026,-1.0,1.0,-48.0
1776887747.0021029,0.0,4.0,-49.0
1776887747.0121028,2.0,3.0,-48.0
1776887747.0221028,-2.0,0.0,-50.0
1776887747.0321028,-6.0,-7.0,-48.0
1776887747.0421028,-3.0,-10.0,-45.0
1776887747.0521028,-1.0,-8.0,-39.0
1776887747.0621028,3.0,-5.0,-37.0
1776887747.0721028,8.0,0.0,-44.0
1776887747.0821028,9.0,-2.0,-39.0
1776887747.0921028,10.0,-6.0,-37.0
1776887747.1021028,10.0,-7.0,-43.0
1776887747.1121027,4.0,-5.0,-43.0
1776887747.1221027,1.0,-8.0,-41.0
1776887747.1321027,0.0,-11.0,-38.0
1776887747.1421027,-1.0,-9.0,-32.0
1776887747.1521027,-4.0,-6.0,-33.0
1776887747.1621027,-4.0,-5.0,-33.0
1776887747.1721027,-4.0,-8.0,-36.0
1776887747.182103,0.0,-4.0,-38.0
1776887747.192103,0.0,-2.0,-35.0
1776887747.202103,0.0,-4.0,-36.0
1776887747.212103,0.0,-4.0,-40.0
1776887747.2221026,1.0,-5.0,-43.0
1776887747.2321026,0.0,-5.0,-38.0
1776887747.2421026,0.0,-4.0,-39.0
1776887747.2521029,-3.0,-4.0,-39.0
1776887747.2621028,-8.0,-1.0,-28.0
1776887747.2721028,-8.0,2.0,-27.0
1776887747.2821028,-8.0,-3.0,-27.0
1776887747.2921028,-6.0,-3.0,-29.0
1776887747.3021028,-4.0,-6.0,-30.0
1776887747.3121028,1.0,-7.0,-31.0
1776887747.3221028,0.0,-3.0,-37.0
1776887747.3321028,0.0,-5.0,-38.0
1776887747.3421028,0.0,-5.0,-42.0
1776887747.3521028,2.0,-4.0,-44.0
1776887747.3621027,-1.0,-4.0,-40.0
1776887747.3721027,0.0,-4.0,-44.0
1776887747.3821027,0.0,-6.0,-43.0
1776887747.3921027,2.0,-8.0,-45.0
1776887747.4021027,0.0,-6.0,-48.0
1776887747.4121027,-3.0,-2.0,-46.0
1776887747.4221027,-9.0,-5.0,-40.0
1776887747.432103,-10.0,-5.0,-34.0
1776887747.442103,-9.0,-2.0,-32.0
1776887747.452103,-8.0,-1.0,-36.0
1776887747.462103,-7.0,-1.0,-38.0
1776887747.4721026,-3.0,-1.0,-50.0
1776887747.4821026,-3.0,-3.0,-47.0
1776887747.4921026,1.0,-4.0,-41.0
1776887747.5021029,3.0,-6.0,-41.0
1776887747.5121028,0.0,-6.0,-30.0
1776887747.5221028,0.0,-4.0,-32.0
1776887747.5321028,-5.0,-4.0,-30.0
1776887747.5421028,-4.0,-5.0,-30.0
1776887747.5521028,-5.0,-7.0,-34.0
1776887747.5621028,-8.0,-4.0,-26.0
1776887747.5721028,-4.0,0.0,-20.0
1776887747.5821028,-4.0,0.0,-28.0
1776887747.5921028,-3.0,0.0,-34.0
1776887747.6021028,-9.0,-4.0,-33.0
1776887747.6121027,-5.0,-2.0,-45.0
1776887747.6221027,-5.0,-3.0,-46.0
1776887747.6321027,1.0,-2.0,-45.0
1776887747.6421027,-6.0,0.0,-44.0
1776887747.6521027,-2.0,0.0,-42.0
1776887747.6621027,4.0,-2.0,-41.0
1776887747.6721027,1.0,-4.0,-38.0
1776887747.682103,4.0,0.0,-36.0
1776887747.692103,1.0,1.0,-38.0
1776887747.702103,5.0,0.0,-43.0
1776887747.712103,-1.0,-1.0,-41.0
1776887747.7221026,-3.0,4.0,-34.0
1776887747.7321026,-2.0,1.0,-29.0
1776887747.7421026,0.0,3.0,-31.0
1776887747.7521029,0.0,0.0,-35.0
1776887747.7621028,0.0,0.0,-33.0
1776887747.7721028,0.0,1.0,-26.0
1776887747.7821028,-2.0,-3.0,-27.0
1776887747.7921028,-4.0,-3.0,-36.0
1776887747.8021028,-3.0,-1.0,-38.0
1776887747.8121028,-2.0,0.0,-41.0
1776887747.8221028,0.0,2.0,-42.0
1776887747.8321028,2.0,4.0,-44.0
1776887747.8421028,-3.0,1.0,-42.0
1776887747.8521028,-5.0,2.0,-42.0
1776887747.8621027,0.0,0.0,-43.0
1776887747.8721027,-1.0,1.0,-45.0
1776887747.8821027,-2.0,1.0,-41.0
1776887747.8921027,0.0,0.0,-42.0
1776887747.9021027,2.0,0.0,-45.0
1776887747.9121027,4.0,-1.0,-43.0
1776887747.9221027,4.0,0.0,-38.0
1776887747.932103,3.0,0.0,-39.0
1776887747.942103,7.0,-2.0,-37.0
1776887747.952103,0.0,-4.0,-32.0
1776887747.962103,-1.0,-2.0,-31.0
1776887747.9721026,-3.0,-3.0,-33.0
1776887747.9821026,-3.0,-1.0,-29.0
1776887747.9921026,-7.0,0.0,-33.0
1776887748.0021029,-3.0,-2.0,-33.0
1776887748.0121028,-4.0,-2.0,-39.0
1776887748.0221028,-1.0,-5.0,-44.0
1776887748.0321028,0.0,-5.0,-39.0
1776887748.0421028,1.0,-5.0,-37.0
1776887748.0521028,3.0,-4.0,-36.0
1776887748.0621028,4.0,-2.0,-33.0
1776887748.0721028,6.0,0.0,-33.0
1776887748.0821028,5.0,1.0,-32.0
1776887748.0921028,0.0,1.0,-33.0
1776887748.1021028,-1.0,-3.0,-34.0
1776887748.1121027,-7.0,0.0,-33.0
1776887748.1221027,-5.0,-4.0,-37.0
1776887748.1321027,-2.0,-3.0,-37.0
1776887748.1421027,-6.0,0.0,-37.0
1776887748.1521027,-1.0,-2.0,-41.0
1776887748.1631026,2.0,0.0,-32.0
1776887748.1731029,2.0,0.0,-34.0
1776887748.182103,2.0,0.0,-37.0
1776887748.192103,2.0,2.0,-40.0
1776887748.202103,1.0,4.0,-37.0
1776887748.212103,1.0,4.0,-38.0
1776887748.2231028,0.0,1.0,-40.0
1776887748.2331028,0.0,0.0,-34.0
1776887748.2431028,3.0,2.0,-44.0
1776887748.2531028,6.0,2.0,-41.0
1776887748.2631028,7.0,0.0,-43.0
1776887748.2731028,5.0,6.0,-41.0
1776887748.2831028,0.0,5.0,-35.0
1776887748.2931027,1.0,0.0,-32.0
1776887748.3031027,-1.0,1.0,-32.0
1776887748.3131027,0.0,0.0,-39.0
1776887748.3231027,3.0,2.0,-39.0
1776887748.3331027,3.0,3.0,-43.0
1776887748.3431027,4.0,4.0,-40.0
1776887748.3531027,3.0,4.0,-39.0
1776887748.363103,0.0,2.0,-42.0
1776887748.373103,2.0,0.0,-49.0
1776887748.383103,-2.0,-1.0,-45.0
1776887748.3931026,0.0,0.0,-43.0
1776887748.4031026,1.0,4.0,-36.0
1776887748.4131026,6.0,4.0,-40.0
1776887748.4231029,9.0,4.0,-43.0
1776887748.4331028,11.0,0.0,-49.0
1776887748.4431028,9.0,0.0,-50.0
1776887748.4531028,8.0,3.0,-42.0
1776887748.4631028,9.0,5.0,-42.0
1776887748.4731028,11.0,4.0,-43.0
1776887748.4831028,10.0,3.0,-41.0
1776887748.4931028,10.0,6.0,-40.0
1776887748.5031028,12.0,6.0,-48.0
1776887748.5131028,7.0,6.0,-54.0
1776887748.5231028,5.0,4.0,-53.0
1776887748.5331028,1.0,1.0,-44.0
1776887748.5431027,2.0,1.0,-49.0
1776887748.5531027,4.0,2.0,-49.0
1776887748.5631027,3.0,2.0,-46.0
1776887748.5731027,4.0,4.0,-43.0
1776887748.5831027,0.0,3.0,-39.0
1776887748.5931027,2.0,0.0,-35.0
1776887748.6031027,0.0,-3.0,-41.0
1776887748.613103,-1.0,-4.0,-44.0
1776887748.623103,-4.0,-4.0,-37.0
1776887748.633103,-7.0,-8.0,-38.0
1776887748.6431026,-5.0,-8.0,-34.0
1776887748.6531026,-1.0,-9.0,-37.0
1776887748.6631026,0.0,-11.0,-34.0
1776887748.6731029,1.0,-9.0,-35.0
1776887748.6831028,0.0,-6.0,-39.0
1776887748.6931028,0.0,-2.0,-42.0
1776887748.7031028,-2.0,-4.0,-45.0
1776887748.7131028,0.0,-2.0,-47.0
1776887748.7231028,0.0,-2.0,-50.0
1776887748.7331028,-2.0,0.0,-43.0
1776887748.7431028,0.0,-2.0,-39.0
1776887748.7531028,-1.0,-2.0,-43.0
1776887748.7631028,2.0,-3.0,-47.0
1776887748.7731028,4.0,-3.0,-53.0
1776887748.7831028,0.0,-4.0,-46.0
1776887748.7931027,-1.0,-2.0,-42.0
1776887748.8031027,-2.0,-1.0,-41.0
1776887748.8131027,-4.0,-3.0,-40.0
1776887748.8231027,0.0,-4.0,-36.0
1776887748.8331027,7.0,-1.0,-41.0
1776887748.8431027,12.0,-2.0,-43.0
1776887748.8531027,8.0,0.0,-43.0
1776887748.863103,7.0,3.0,-32.0
1776887748.873103,8.0,5.0,-38.0
1776887748.883103,3.0,3.0,-33.0
1776887748.8931026,-1.0,1.0,-31.0
1776887748.9031026,-1.0,6.0,-41.0
1776887748.9131026,2.0,4.0,-38.0
1776887748.9231029,6.0,0.0,-40.0
1776887748.9331028,2.0,1.0,-46.0
1776887748.9431028,-2.0,0.0,-45.0
1776887748.9531028,3.0,0.0,-40.0
1776887748.9631028,7.0,-1.0,-28.0
1776887748.9731028,5.0,1.0,-25.0
1776887748.9831028,7.0,-1.0,-25.0
1776887748.9931028,3.0,-1.0,-24.0
1776887749.0031028,1.0,-2.0,-27.0
1776887749.0131028,-2.0,2.0,-34.0
1776887749.0231028,1.0,1.0,-35.0
1776887749.0331028,1.0,1.0,-38.0
1776887749.0431027,5.0,2.0,-39.0
1776887749.0531027,3.0,-1.0,-39.0
1776887749.0631027,6.0,-4.0,-35.0
1776887749.0731027,3.0,-3.0,-38.0
1776887749.0831027,2.0,-6.0,-45.0
1776887749.0931027,0.0,-4.0,-43.0
1776887749.1031027,0.0,0.0,-41.0
1776887749.113103,0.0,-1.0,-46.0
1776887749.123103,-1.0,0.0,-42.0
1776887749.133103,4.0,0.0,-41.0
1776887749.1431026,4.0,1.0,-45.0
1776887749.1531026,5.0,1.0,-45.0
1776887749.1631026,0.0,-2.0,-48.0
1776887749.1731029,0.0,-2.0,-42.0
1776887749.1831028,0.0,-1.0,-41.0
1776887749.1931028,0.0,-1.0,-40.0
1776887749.2031028,3.0,1.0,-33.0
1776887749.2131028,6.0,5.0,-39.0
1776887749.2231028,3.0,6.0,-37.0
1776887749.2331028,0.0,12.0,-35.0
1776887749.2431028,-2.0,7.0,-33.0
1776887749.2531028,-2.0,6.0,-33.0
1776887749.2631028,-3.0,9.0,-29.0
1776887749.2731028,1.0,2.0,-32.0
1776887749.2831028,0.0,0.0,-31.0
1776887749.2931027,1.0,0.0,-25.0
1776887749.3031027,4.0,-1.0,-32.0
1776887749.3131027,0.0,-1.0,-39.0
1776887749.3231027,2.0,3.0,-41.0
1776887749.3331027,4.0,2.0,-40.0
1776887749.3431027,2.0,0.0,-38.0
1776887749.3531027,-4.0,0.0,-37.0
1776887749.363103,-4.0,0.0,-45.0
1776887749.373103,-1.0,4.0,-44.0
1776887749.383103,-2.0,-1.0,-44.0
1776887749.3931026,0.0,-4.0,-42.0
1776887749.4031026,-4.0,-8.0,-34.0
1776887749.4131026,-4.0,-10.0,-32.0
1776887749.4231029,-5.0,-6.0,-30.0
1776887749.4331028,-3.0,-3.0,-30.0
1776887749.4431028,-3.0,-1.0,-32.0
1776887749.4531028,0.0,4.0,-34.0
1776887749.4631028,-1.0,6.0,-32.0
1776887749.4731028,-3.0,4.0,-28.0
1776887749.4831028,-6.0,5.0,-37.0
1776887749.4931028,-9.0,4.0,-35.0
1776887749.5031028,-8.0,5.0,-29.0
1776887749.5131028,-7.0,2.0,-22.0
1776887749.5231028,-7.0,-1.0,-25.0
1776887749.5331028,-4.0,0.0,-30.0
1776887749.5431027,-5.0,2.0,-36.0
1776887749.5531027,-6.0,0.0,-37.0
1776887749.5631027,-2.0,-4.0,-37.0
1776887749.5731027,-4.0,-4.0,-37.0
1776887749.5831027,-7.0,-3.0,-39.0
1776887749.5931027,-4.0,-2.0,-40.0
1776887749.6031027,-8.0,0.0,-36.0
1776887749.613103,-5.0,1.0,-36.0
1776887749.623103,0.0,5.0,-37.0
1776887749.633103,0.0,8.0,-34.0
1776887749.6431026,0.0,3.0,-28.0
1776887749.6531026,0.0,3.0,-29.0
1776887749.6631026,-1.0,-1.0,-33.0
1776887749.6731029,-1.0,-2.0,-34.0
1776887749.6831028,-3.0,-3.0,-40.0
1776887749.6931028,-9.0,-4.0,-42.0
1776887749.7031028,-3.0,0.0,-48.0
1776887749.7131028,0.0,0.0,-47.0
1776887749.7231028,4.0,2.0,-44.0
1776887749.7331028,1.0,4.0,-34.0
1776887749.7431028,-2.0,2.0,-39.0
1776887749.7531028,-4.0,2.0,-39.0
1776887749.7631028,-4.0,5.0,-35.0
1776887749.7731028,-7.0,8.0,-35.0
1776887749.7831028,-5.0,2.0,-37.0
1776887749.7931027,-3.0,1.0,-43.0
1776887749.8031027,1.0,0.0,-44.0
1776887749.8131027,0.0,-5.0,-41.0
1776887749.8231027,-1.0,-8.0,-38.0
1776887749.8331027,-1.0,-6.0,-40.0
1776887749.8431027,-3.0,-2.0,-37.0
1776887749.8531027,-3.0,-3.0,-41.0
1776887749.863103,-5.0,-5.0,-43.0
1776887749.873103,-6.0,-7.0,-35.0
1776887749.883103,-4.0,-6.0,-43.0
1776887749.8931026,-2.0,-4.0,-43.0
1776887749.9031026,0.0,-7.0,-40.0
1776887749.9131026,0.0,-11.0,-43.0
1776887749.9231029,1.0,-9.0,-46.0
1776887749.9331028,4.0,-5.0,-42.0
1776887749.9431028,6.0,-7.0,-40.0
1776887749.9531028,1.0,-5.0,-38.0
1776887749.9631028,0.0,0.0,-40.0
1776887749.9731028,0.0,0.0,-43.0
1776887749.9831028,0.0,0.0,-42.0
1776887749.9931028,0.0,-2.0,-46.0
1776887750.0031028,-1.0,-4.0,-51.0
1776887750.0131028,0.0,-6.0,-55.0
1776887750.0231028,2.0,-10.0,-53.0
1776887750.0331028,6.0,-8.0,-47.0
1776887750.0431027,2.0,-5.0,-47.0
1776887750.0531027,0.0,-6.0,-43.0
1776887750.0631027,1.0,-8.0,-41.0
1776887750.0731027,3.0,-7.0,-41.0
1776887750.0831027,0.0,-6.0,-43.0
1776887750.0931027,0.0,-8.0,-38.0
1776887750.1031027,0.0,-10.0,-36.0
1776887750.1141028,2.0,-8.0,-37.0
1776887750.123103,0.0,-8.0,-35.0
1776887750.133103,0.0,-8.0,-34.0
1776887750.1431026,-5.0,-9.0,-32.0
1776887750.1531026,-9.0,-7.0,-37.0
1776887750.1631026,-5.0,-4.0,-36.0
1776887750.1731029,-4.0,-3.0,-36.0
1776887750.1831028,0.0,-2.0,-38.0
1776887750.1941028,3.0,0.0,-40.0
1776887750.2031028,3.0,-1.0,-41.0
1776887750.2141027,3.0,0.0,-42.0
1776887750.2241027,1.0,-1.0,-38.0
1776887750.2341027,0.0,-2.0,-43.0
1776887750.2441027,1.0,-4.0,-43.0
1776887750.2541027,2.0,-3.0,-42.0
1776887750.2641027,-4.0,1.0,-46.0
1776887750.2741027,-6.0,2.0,-47.0
1776887750.284103,-5.0,-6.0,-51.0
1776887750.294103,-3.0,-4.0,-54.0
1776887750.304103,-6.0,-3.0,-46.0
1776887750.3141026,-3.0,-3.0,-43.0
1776887750.3241026,-5.0,-8.0,-41.0
1776887750.3341026,0.0,-9.0,-36.0
1776887750.3441026,-1.0,-8.0,-36.0
1776887750.3541028,-1.0,-5.0,-39.0
1776887750.3641028,0.0,-1.0,-38.0
1776887750.3741028,-1.0,-1.0,-33.0
1776887750.3841028,-3.0,1.0,-34.0
1776887750.3941028,-4.0,-1.0,-38.0
1776887750.4041028,-3.0,-1.0,-41.0
1776887750.4141028,-3.0,-2.0,-46.0
1776887750.4241028,0.0,-3.0,-41.0
1776887750.4341028,0.0,-4.0,-34.0
1776887750.4441028,0.0,-8.0,-40.0
1776887750.4541028,2.0,-4.0,-37.0
1776887750.4641027,-3.0,-4.0,-37.0
1776887750.4741027,-1.0,-6.0,-35.0
1776887750.4841027,0.0,-9.0,-27.0
1776887750.4941027,0.0,-9.0,-32.0
1776887750.5041027,-4.0,-6.0,-35.0
1776887750.5141027,-5.0,-3.0,-34.0
1776887750.5241027,-7.0,-5.0,-36.0
1776887750.534103,-2.0,-1.0,-42.0
1776887750.544103,0.0,-1.0,-42.0
1776887750.554103,1.0,-2.0,-39.0
1776887750.5641026,2.0,1.0,-41.0
1776887750.5741026,2.0,1.0,-41.0
1776887750.5841026,1.0,0.0,-42.0
1776887750.5941026,4.0,-1.0,-39.0
1776887750.6041028,3.0,-3.0,-46.0
1776887750.6141028,4.0,-7.0,-48.0
1776887750.6241028,4.0,-5.0,-45.0
1776887750.6341028,3.0,-5.0,-44.0
1776887750.6441028,3.0,-5.0,-39.0
1776887750.6541028,0.0,2.0,-42.0
1776887750.6641028,2.0,0.0,-40.0
1776887750.6741028,4.0,1.0,-38.0
1776887750.6841028,0.0,2.0,-36.0
1776887750.6941028,-3.0,-1.0,-30.0
1776887750.7041028,0.0,-1.0,-28.0
1776887750.7141027,-3.0,-4.0,-33.0
1776887750.7241027,-3.0,-2.0,-36.0
1776887750.7341027,-1.0,-3.0,-38.0
1776887750.7441027,4.0,0.0,-33.0
1776887750.7541027,2.0,0.0,-38.0
1776887750.7641027,0.0,0.0,-43.0
1776887750.7741027,2.0,0.0,-42.0
1776887750.784103,2.0,-3.0,-38.0
1776887750.794103,4.0,1.0,-39.0
1776887750.804103,6.0,0.0,-42.0
1776887750.8141026,4.0,0.0,-36.0
1776887750.8241026,5.0,2.0,-34.0
1776887750.8341026,5.0,0.0,-35.0
1776887750.8441026,6.0,0.0,-34.0
1776887750.8541028,4.0,-1.0,-37.0
1776887750.8641028,0.0,-1.0,-27.0
1776887750.8741028,1.0,0.0,-22.0
1776887750.8841028,-1.0,-1.0,-28.0
1776887750.8941028,-3.0,-2.0,-28.0
1776887750.9041028,2.0,0.0,-33.0
1776887750.9141028,1.0,-5.0,-35.0
1776887750.9241028,-4.0,-7.0,-41.0
1776887750.9341028,-3.0,-6.0,-34.0
1776887750.9441028,0.0,-2.0,-31.0
1776887750.9541028,2.0,-1.0,-34.0
1776887750.9641027,4.0,1.0,-29.0
1776887750.9741027,2.0,0.0,-35.0
1776887750.9841027,-3.0,0.0,-40.0
1776887750.9941027,-2.0,2.0,-41.0
1776887751.0041027,0.0,4.0,-35.0
1776887751.0141027,-4.0,5.0,-42.0
1776887751.0241027,-3.0,4.0,-42.0
1776887751.034103,-6.0,5.0,-46.0
1776887751.044103,-1.0,3.0,-47.0
1776887751.054103,5.0,7.0,-47.0
1776887751.0641026,11.0,4.0,-47.0
1776887751.0741026,16.0,3.0,-46.0
1776887751.0841026,12.0,2.0,-44.0
1776887751.0941026,10.0,0.0,-44.0
1776887751.1041028,6.0,-3.0,-38.0
1776887751.1141028,5.0,-4.0,-35.0
1776887751.1241028,3.0,-7.0,-35.0
1776887751.1341028,2.0,-4.0,-32.0
1776887751.1441028,-4.0,-4.0,-31.0
1776887751.1541028,-5.0,-2.0,-34.0
1776887751.1641028,-2.0,0.0,-39.0
1776887751.1741028,-4.0,-4.0,-37.0
1776887751.1841028,-11.0,-4.0,-35.0
1776887751.1941028,-8.0,0.0,-43.0
1776887751.2041028,-7.0,0.0,-43.0
1776887751.2141027,-10.0,0.0,-47.0
1776887751.2241027,-4.0,-4.0,-39.0
1776887751.2341027,-4.0,-5.0,-37.0
1776887751.2441027,0.0,-2.0,-39.0
1776887751.2541027,4.0,-5.0,-37.0
1776887751.2641027,5.0,-3.0,-40.0
1776887751.2741027,4.0,-1.0,-37.0
1776887751.284103,3.0,-1.0,-39.0
1776887751.294103,-3.0,0.0,-46.0
1776887751.304103,-2.0,-3.0,-46.0
1776887751.3141026,-7.0,-2.0,-43.0
1776887751.3241026,-5.0,-1.0,-38.0
1776887751.3341026,-2.0,0.0,-45.0
1776887751.3441026,-1.0,0.0,-48.0
1776887751.3541028,-1.0,4.0,-45.0
1776887751.3641028,-2.0,5.0,-44.0
1776887751.3741028,-3.0,3.0,-42.0
1776887751.3841028,-3.0,4.0,-40.0
1776887751.3941028,-6.0,4.0,-34.0
1776887751.4041028,-1.0,1.0,-39.0
1776887751.4141028,0.0,-2.0,-40.0
1776887751.4241028,-2.0,-1.0,-36.0
1776887751.4341028,0.0,0.0,-34.0
1776887751.4441028,0.0,0.0,-41.0
1776887751.4541028,1.0,-3.0,-40.0
1776887751.4641027,0.0,-1.0,-43.0
1776887751.4741027,2.0,-2.0,-40.0
1776887751.4841027,-2.0,-2.0,-43.0
1776887751.4941027,-4.0,-2.0,-41.0
1776887751.5041027,-1.0,-5.0,-46.0
1776887751.5141027,0.0,-8.0,-42.0
1776887751.5241027,-1.0,-1.0,-36.0
1776887751.534103,-3.0,2.0,-36.0
1776887751.544103,-6.0,2.0,-38.0
1776887751.554103,-4.0,1.0,-36.0
1776887751.5641026,-4.0,-1.0,-49.0
1776887751.5741026,-4.0,1.0,-48.0
1776887751.5841026,0.0,2.0,-50.0
1776887751.5941026,0.0,0.0,-46.0
1776887751.6041028,-1.0,1.0,-42.0
1776887751.6141028,0.0,3.0,-46.0
1776887751.6241028,-4.0,3.0,-46.0
1776887751.6341028,-6.0,2.0,-45.0
1776887751.6441028,-3.0,0.0,-38.0
1776887751.6541028,-5.0,-1.0,-37.0
1776887751.6641028,-5.0,-1.0,-36.0
1776887751.6741028,-4.0,-1.0,-39.0
1776887751.6841028,-3.0,-2.0,-31.0
1776887751.6941028,-2.0,-3.0,-28.0
1776887751.7041028,-1.0,-4.0,-27.0
1776887751.7141027,-2.0,-5.0,-26.0
1776887751.7241027,-4.0,-3.0,-29.0
1776887751.7341027,-8.0,0.0,-29.0
1776887751.7441027,-7.0,2.0,-29.0
1776887751.7541027,-8.0,-2.0,-29.0
1776887751.7641027,-4.0,-2.0,-34.0
1776887751.7741027,-4.0,-2.0,-37.0
1776887751.784103,-4.0,-3.0,-42.0
1776887751.794103,-5.0,-4.0,-39.0
1776887751.804103,-3.0,-5.0,-35.0
1776887751.8141026,-4.0,-3.0,-39.0
1776887751.8241026,-2.0,-4.0,-42.0
1776887751.8341026,-1.0,-5.0,-46.0
1776887751.8441026,1.0,-3.0,-43.0
1776887751.8541028,0.0,-2.0,-38.0
1776887751.8641028,6.0,1.0,-42.0
1776887751.8741028,5.0,-3.0,-47.0
1776887751.8841028,4.0,-8.0,-48.0
1776887751.8941028,4.0,-11.0,-51.0
1776887751.9041028,6.0,-8.0,-50.0
1776887751.9141028,4.0,-5.0,-47.0
1776887751.9241028,-2.0,-5.0,-44.0
1776887751.9341028,0.0,-5.0,-41.0
1776887751.9441028,1.0,-7.0,-42.0
1776887751.9541028,8.0,-5.0,-44.0
1776887751.9641027,7.0,-1.0,-40.0
1776887751.9741027,5.0,0.0,-40.0
1776887751.9841027,6.0,0.0,-38.0
1776887751.9941027,3.0,-5.0,-39.0
1776887752.0041027,2.0,-3.0,-39.0
1776887752.0141027,3.0,-5.0,-41.0
1776887752.0241027,9.0,-8.0,-43.0
1776887752.034103,5.0,-5.0,-47.0
1776887752.044103,3.0,-6.0,-40.0
1776887752.054103,2.0,-5.0,-39.0
1776887752.0641026,0.0,-6.0,-33.0
1776887752.0741026,-1.0,-6.0,-30.0
1776887752.0841026,-6.0,-3.0,-25.0
1776887752.0941026,-2.0,0.0,-28.0
1776887752.1041028,0.0,2.0,-31.0
1776887752.1141028,-1.0,1.0,-30.0
1776887752.1241028,-2.0,0.0,-33.0
1776887752.1341028,-4.0,-2.0,-38.0
1776887752.1441028,-7.0,-1.0,-41.0
1776887752.1541028,-5.0,-2.0,-39.0
1776887752.1641028,-10.0,-6.0,-30.0
1776887752.1741028,-5.0,-5.0,-26.0
1776887752.1851027,-4.0,-5.0,-30.0
1776887752.1951027,-5.0,-7.0,-29.0
1776887752.2051027,-4.0,-4.0,-39.0
1776887752.215103,-1.0,-1.0,-46.0
1776887752.225103,-3.0,-6.0,-42.0
1776887752.235103,-3.0,-4.0,-34.0
1776887752.2451026,-5.0,-7.0,-33.0
1776887752.2551026,-1.0,-5.0,-35.0
1776887752.2651026,-3.0,-1.0,-39.0
1776887752.2751029,-4.0,3.0,-40.0
1776887752.2851028,-4.0,5.0,-37.0
1776887752.2951028,0.0,5.0,-41.0
1776887752.3051028,0.0,5.0,-40.0
1776887752.3151028,-2.0,2.0,-42.0
1776887752.3251028,-1.0,0.0,-49.0
1776887752.3351028,2.0,-2.0,-52.0
1776887752.3451028,2.0,-2.0,-44.0
1776887752.3551028,3.0,-5.0,-39.0
1776887752.3651028,2.0,-5.0,-41.0
1776887752.3751028,2.0,-4.0,-37.0
1776887752.3851027,2.0,0.0,-36.0
1776887752.3951027,0.0,1.0,-35.0
1776887752.4051027,1.0,-1.0,-31.0
1776887752.4151027,0.0,-3.0,-30.0
1776887752.4251027,-1.0,-6.0,-32.0
1776887752.4351027,-1.0,-7.0,-30.0
1776887752.4451027,-4.0,-7.0,-31.0
1776887752.4551027,-1.0,-9.0,-31.0
1776887752.465103,-2.0,-6.0,-36.0
1776887752.475103,-1.0,-6.0,-35.0
1776887752.485103,-1.0,-1.0,-34.0
1776887752.4951026,0.0,0.0,-37.0
1776887752.5051026,-1.0,3.0,-41.0
1776887752.5151026,0.0,1.0,-39.0
1776887752.5251029,-1.0,-4.0,-41.0
1776887752.5351028,-3.0,-5.0,-45.0
1776887752.5451028,-6.0,-5.0,-38.0
1776887752.5551028,-1.0,-1.0,-27.0
1776887752.5651028,-3.0,2.0,-29.0
1776887752.5751028,2.0,1.0,-29.0
1776887752.5851028,5.0,0.0,-33.0
1776887752.5951028,4.0,1.0,-39.0
1776887752.6051028,0.0,0.0,-40.0
1776887752.6151028,-1.0,0.0,-47.0
1776887752.6251028,0.0,-3.0,-49.0
1776887752.6351027,-2.0,-2.0,-48.0
1776887752.6451027,-1.0,-3.0,-46.0
1776887752.6551027,-2.0,-4.0,-45.0
1776887752.6651027,0.0,-3.0,-46.0
1776887752.6751027,5.0,0.0,-48.0
1776887752.6851027,-1.0,0.0,-46.0
1776887752.6951027,-6.0,1.0,-42.0
1776887752.7051027,-7.0,4.0,-38.0
1776887752.715103,-8.0,1.0,-40.0
1776887752.725103,-5.0,0.0,-34.0
1776887752.735103,-5.0,0.0,-29.0
1776887752.7451026,-6.0,0.0,-33.0
1776887752.7551026,-9.0,2.0,-34.0
1776887752.7651026,-4.0,0.0,-38.0
1776887752.7751029,-2.0,-4.0,-31.0
1776887752.7851028,-3.0,0.0,-36.0
1776887752.7951028,-2.0,0.0,-36.0
1776887752.8051028,-3.0,0.0,-40.0
1776887752.8151028,-3.0,0.0,-41.0
1776887752.8251028,-3.0,-1.0,-44.0
1776887752.8351028,-2.0,-4.0,-46.0
1776887752.8451028,-4.0,-7.0,-41.0
1776887752.8551028,-4.0,-8.0,-34.0
1776887752.8651028,0.0,-6.0,-31.0
1776887752.8751028,-1.0,-3.0,-31.0
1776887752.8851027,5.0,-2.0,-35.0
1776887752.8951027,4.0,-8.0,-34.0
1776887752.9051027,5.0,-6.0,-34.0
1776887752.9151027,5.0,-1.0,-35.0
1776887752.9251027,7.0,1.0,-34.0
1776887752.9351027,5.0,0.0,-30.0
1776887752.9451027,4.0,1.0,-32.0
1776887752.9551027,0.0,-1.0,-34.0
1776887752.965103,-3.0,-6.0,-40.0
1776887752.975103,-2.0,-4.0,-45.0
1776887752.985103,-1.0,0.0,-45.0
1776887752.9951026,3.0,-3.0,-38.0
1776887753.0051026,5.0,-2.0,-39.0
1776887753.0151026,4.0,0.0,-42.0
1776887753.0251029,0.0,0.0,-45.0
1776887753.0351028,0.0,3.0,-49.0
1776887753.0451028,1.0,4.0,-45.0
1776887753.0551028,2.0,1.0,-41.0
1776887753.0651028,4.0,2.0,-37.0
1776887753.0751028,1.0,2.0,-43.0
1776887753.0851028,2.0,3.0,-41.0
1776887753.0951028,1.0,0.0,-35.0
1776887753.1051028,4.0,0.0,-32.0
1776887753.1151028,6.0,3.0,-36.0
1776887753.1251028,4.0,3.0,-36.0
1776887753.1351027,1.0,6.0,-38.0
1776887753.1451027,2.0,4.0,-35.0
1776887753.1551027,3.0,0.0,-38.0
1776887753.1651027,6.0,0.0,-45.0
1776887753.1751027,4.0,0.0,-39.0
1776887753.1851027,3.0,2.0,-42.0
1776887753.1951027,4.0,0.0,-44.0
1776887753.2051027,2.0,-3.0,-48.0
1776887753.215103,0.0,-2.0,-47.0
1776887753.225103,-1.0,-5.0,-49.0
1776887753.235103,5.0,0.0,-47.0
1776887753.2451026,10.0,-5.0,-41.0
1776887753.2551026,8.0,-2.0,-41.0
1776887753.2651026,6.0,-1.0,-44.0
1776887753.2751029,10.0,1.0,-47.0
1776887753.2851028,12.0,4.0,-46.0
1776887753.2951028,12.0,0.0,-51.0
1776887753.3051028,9.0,-4.0,-38.0
1776887753.3151028,4.0,-2.0,-32.0
1776887753.3251028,8.0,-2.0,-32.0
1776887753.3351028,7.0,0.0,-30.0
1776887753.3451028,7.0,-2.0,-26.0
1776887753.3551028,3.0,0.0,-30.0
1776887753.3651028,0.0,-1.0,-34.0
1776887753.3751028,-4.0,-5.0,-37.0
1776887753.3851027,-5.0,-2.0,-40.0
1776887753.3951027,0.0,-4.0,-42.0
1776887753.4051027,-1.0,-5.0,-33.0
1776887753.4151027,1.0,-5.0,-37.0
1776887753.4251027,-1.0,-3.0,-39.0
1776887753.4351027,-5.0,-8.0,-40.0
1776887753.4451027,-7.0,-7.0,-41.0
1776887753.4551027,-6.0,-10.0,-41.0
1776887753.465103,-5.0,-9.0,-43.0
1776887753.475103,-4.0,-7.0,-35.0
1776887753.485103,-8.0,-6.0,-37.0
1776887753.4951026,-5.0,-5.0,-35.0
1776887753.5051026,-1.0,-3.0,-38.0
1776887753.5151026,-1.0,-1.0,-38.0
1776887753.5251029,0.0,0.0,-37.0
1776887753.5351028,-2.0,2.0,-34.0
1776887753.5451028,-1.0,2.0,-33.0
1776887753.5551028,-3.0,1.0,-37.0
1776887753.5651028,-4.0,2.0,-37.0
1776887753.5751028,0.0,3.0,-42.0
1776887753.5851028,1.0,0.0,-40.0
1776887753.5951028,3.0,0.0,-38.0
1776887753.6051028,0.0,0.0,-35.0
1776887753.6151028,1.0,0.0,-34.0
1776887753.6251028,0.0,-3.0,-34.0
1776887753.6351027,0.0,-7.0,-35.0
1776887753.6451027,-1.0,-4.0,-31.0
1776887753.6551027,-2.0,-4.0,-27.0
1776887753.6651027,-1.0,-3.0,-31.0
1776887753.6751027,-6.0,-1.0,-25.0
1776887753.6851027,-7.0,0.0,-32.0
1776887753.6951027,-6.0,4.0,-34.0
1776887753.7051027,-4.0,3.0,-39.0
1776887753.715103,-6.0,0.0,-38.0
1776887753.725103,-6.0,0.0,-31.0
1776887753.735103,-3.0,0.0,-40.0
1776887753.7451026,-1.0,0.0,-32.0
1776887753.7551026,0.0,0.0,-31.0
1776887753.7651026,-3.0,0.0,-35.0
1776887753.7751029,-2.0,0.0,-38.0
1776887753.7851028,0.0,-1.0,-36.0
1776887753.7951028,-1.0,0.0,-38.0
1776887753.8051028,-4.0,0.0,-39.0
1776887753.8151028,-3.0,1.0,-39.0
1776887753.8251028,0.0,1.0,-38.0
1776887753.8351028,3.0,2.0,-24.0
1776887753.8451028,0.0,2.0,-21.0
1776887753.8551028,1.0,1.0,-27.0
1776887753.8651028,0.0,0.0,-31.0
1776887753.8751028,0.0,1.0,-31.0
1776887753.8851027,0.0,3.0,-37.0
1776887753.8951027,-2.0,2.0,-40.0
1776887753.9051027,-1.0,-1.0,-34.0
1776887753.9151027,0.0,-2.0,-31.0
1776887753.9251027,4.0,0.0,-32.0
1776887753.9351027,3.0,-3.0,-37.0
1776887753.9451027,2.0,-2.0,-40.0
1776887753.9551027,0.0,-5.0,-39.0
1776887753.965103,-1.0,-5.0,-42.0
1776887753.975103,-3.0,-4.0,-42.0
1776887753.985103,4.0,-6.0,-37.0
1776887753.9951026,5.0,-7.0,-41.0
1776887754.0051026,5.0,-3.0,-38.0
1776887754.0151026,4.0,0.0,-39.0
1776887754.0251029,2.0,1.0,-35.0
1776887754.0351028,-2.0,-1.0,-32.0
1776887754.0451028,-1.0,-4.0,-37.0
1776887754.0551028,0.0,-4.0,-44.0
1776887754.0651028,0.0,-6.0,-47.0
1776887754.0751028,0.0,-5.0,-43.0
1776887754.0851028,-2.0,-8.0,-46.0
1776887754.0951028,-5.0,-10.0,-42.0
1776887754.1051028,-6.0,-8.0,-42.0
1776887754.1151028,-3.0,-4.0,-49.0
1776887754.1251028,-1.0,-1.0,-51.0
1776887754.1351027,2.0,-3.0,-39.0
1776887754.1451027,0.0,0.0,-35.0
1776887754.156103,1.0,0.0,-33.0
1776887754.1651027,0.0,-2.0,-29.0
1776887754.1751027,1.0,-5.0,-31.0
1776887754.1851027,-3.0,-5.0,-31.0
1776887754.1961029,-2.0,-7.0,-32.0
1776887754.2061028,0.0,-8.0,-35.0
1776887754.215103,3.0,-6.0,-39.0
1776887754.2261028,5.0,-6.0,-31.0
1776887754.2361028,2.0,-3.0,-30.0
1776887754.2461028,0.0,0.0,-36.0
1776887754.2561028,0.0,-3.0,-35.0
1776887754.2651026,2.0,0.0,-35.0
1776887754.2761028,3.0,1.0,-31.0
1776887754.2861028,6.0,0.0,-36.0
1776887754.2961028,3.0,2.0,-33.0
1776887754.3061028,0.0,0.0,-32.0
1776887754.3161027,-5.0,-1.0,-35.0
1776887754.3261027,-4.0,0.0,-40.0
1776887754.3361027,-3.0,-1.0,-36.0
1776887754.3461027,-6.0,0.0,-37.0
1776887754.3561027,-3.0,-1.0,-45.0
1776887754.3661027,0.0,-1.0,-43.0
1776887754.3761027,0.0,-5.0,-35.0
1776887754.386103,4.0,-2.0,-40.0
1776887754.396103,1.0,3.0,-40.0
1776887754.406103,-2.0,9.0,-44.0
1776887754.4161026,-2.0,9.0,-41.0
1776887754.4261026,-1.0,9.0,-35.0
1776887754.4361026,1.0,8.0,-38.0
1776887754.4461029,-2.0,4.0,-37.0
1776887754.4561028,-5.0,4.0,-41.0
1776887754.4661028,-1.0,2.0,-43.0
1776887754.4761028,-1.0,4.0,-39.0
1776887754.4861028,-1.0,1.0,-42.0
1776887754.4961028,-3.0,0.0,-48.0
1776887754.5061028,-2.0,-6.0,-39.0
1776887754.5161028,1.0,-6.0,-37.0
1776887754.5261028,0.0,-5.0,-36.0
1776887754.5361028,-2.0,-3.0,-36.0
1776887754.5461028,-8.0,-1.0,-31.0
1776887754.5561028,-9.0,-1.0,-33.0
1776887754.5661027,-6.0,0.0,-36.0
1776887754.5761027,-2.0,0.0,-36.0
1776887754.5861027,-5.0,-3.0,-33.0
1776887754.5961027,0.0,-1.0,-32.0
1776887754.6061027,1.0,0.0,-38.0
1776887754.6161027,5.0,1.0,-46.0
1776887754.6261027,1.0,4.0,-44.0
1776887754.636103,-4.0,2.0,-44.0
1776887754.646103,-2.0,-2.0,-39.0
1776887754.656103,0.0,-1.0,-38.0
1776887754.6661026,5.0,3.0,-35.0
1776887754.6761026,7.0,0.0,-42.0
1776887754.6861026,4.0,-2.0,-45.0
1776887754.6961029,0.0,-1.0,-44.0
1776887754.7061028,0.0,1.0,-45.0
1776887754.7161028,-1.0,0.0,-42.0
1776887754.7261028,1.0,1.0,-35.0
1776887754.7361028,-2.0,0.0,-35.0
1776887754.7461028,0.0,-3.0,-38.0
1776887754.7561028,2.0,-3.0,-45.0
1776887754.7661028,1.0,-3.0,-42.0
1776887754.7761028,-1.0,-1.0,-35.0
1776887754.7861028,-4.0,-3.0,-37.0
1776887754.7961028,-5.0,-1.0,-39.0
1776887754.8061028,-7.0,-5.0,-41.0
1776887754.8161027,-4.0,-10.0,-40.0
1776887754.8261027,-3.0,-4.0,-41.0
1776887754.8361027,0.0,-4.0,-37.0
1776887754.8461027,-1.0,-4.0,-36.0
1776887754.8561027,3.0,-5.0,-36.0
1776887754.8661027,2.0,-7.0,-27.0
1776887754.8761027,0.0,-9.0,-34.0
1776887754.886103,1.0,-6.0,-39.0
1776887754.896103,1.0,-1.0,-42.0
1776887754.906103,-1.0,-2.0,-46.0
1776887754.9161026,-1.0,-1.0,-43.0
1776887754.9271028,-6.0,-3.0,-42.0
1776887754.9361026,-6.0,-4.0,-39.0
1776887754.9461029,0.0,-3.0,-45.0
1776887754.9561028,0.0,-2.0,-52.0
1776887754.9661028,1.0,-1.0,-49.0
1776887754.9761028,1.0,1.0,-41.0
1776887754.9861028,0.0,2.0,-36.0
1776887754.9961028,-3.0,4.0,-37.0
1776887755.0061028,0.0,3.0,-39.0
1776887755.0161028,2.0,1.0,-38.0
1776887755.0261028,3.0,-1.0,-38.0
1776887755.0361028,3.0,-1.0,-33.0
1776887755.0461028,0.0,3.0,-37.0
1776887755.0561028,3.0,4.0,-43.0
1776887755.0661027,4.0,4.0,-45.0
1776887755.0761027,0.0,3.0,-41.0
1776887755.0861027,2.0,3.0,-40.0
1776887755.0961027,7.0,5.0,-37.0
1776887755.1061027,4.0,3.0,-36.0
1776887755.1161027,9.0,0.0,-37.0
1776887755.1261027,14.0,0.0,-41.0
1776887755.136103,14.0,2.0,-40.0
1776887755.146103,10.0,1.0,-40.0
1776887755.156103,7.0,0.0,-42.0
1776887755.1661026,4.0,0.0,-45.0
1776887755.1761026,4.0,2.0,-47.0
1776887755.1861026,1.0,1.0,-45.0
1776887755.1961029,-3.0,0.0,-48.0
1776887755.2061028,-8.0,0.0,-37.0
1776887755.2161028,-4.0,3.0,-26.0
1776887755.2261028,-4.0,2.0,-26.0
1776887755.2361028,-1.0,3.0,-27.0
1776887755.2461028,-1.0,3.0,-30.0
1776887755.2561028,-1.0,1.0,-29.0
1776887755.2661028,-6.0,-1.0,-31.0
1776887755.2761028,-11.0,-3.0,-29.0
1776887755.2861028,-6.0,-2.0,-32.0
1776887755.2961028,0.0,-4.0,-32.0
1776887755.3061028,-1.0,-4.0,-30.0
1776887755.3161027,1.0,-4.0,-34.0
1776887755.3261027,2.0,-4.0,-34.0
1776887755.3361027,1.0,-4.0,-36.0
1776887755.3461027,-1.0,-6.0,-37.0
1776887755.3561027,-1.0,-7.0,-41.0
1776887755.3661027,-1.0,-7.0,-41.0
1776887755.3761027,0.0,-6.0,-42.0
1776887755.386103,2.0,-6.0,-49.0
1776887755.396103,1.0,-5.0,-47.0
1776887755.406103,0.0,-5.0,-52.0
1776887755.4161026,0.0,-3.0,-53.0
1776887755.4261026,1.0,-2.0,-55.0
1776887755.4361026,0.0,-4.0,-46.0
1776887755.4461029,2.0,-3.0,-39.0
1776887755.4561028,1.0,-6.0,-39.0
1776887755.4661028,1.0,-6.0,-35.0
1776887755.4761028,4.0,-3.0,-34.0
1776887755.4861028,4.0,-2.0,-32.0
1776887755.4961028,1.0,0.0,-35.0
1776887755.5061028,0.0,0.0,-41.0
1776887755.5161028,0.0,0.0,-39.0
1776887755.5261028,1.0,-6.0,-41.0
1776887755.5361028,2.0,-6.0,-38.0
1776887755.5461028,0.0,-3.0,-38.0
1776887755.5561028,0.0,-5.0,-39.0
1776887755.5661027,0.0,-6.0,-42.0
1776887755.5761027,5.0,-6.0,-42.0
1776887755.5861027,4.0,-12.0,-46.0
1776887755.5961027,2.0,-17.0,-50.0
1776887755.6061027,1.0,-13.0,-55.0
1776887755.6161027,-1.0,-13.0,-56.0
1776887755.6261027,1.0,-6.0,-52.0
1776887755.636103,0.0,-3.0,-57.0
1776887755.646103,4.0,-9.0,-57.0
1776887755.656103,8.0,-8.0,-59.0
1776887755.6661026,6.0,-10.0,-58.0
1776887755.6761026,5.0,-9.0,-50.0
1776887755.6861026,6.0,-10.0,-49.0
1776887755.6961029,0.0,-10.0,-41.0
1776887755.7061028,0.0,-8.0,-42.0
1776887755.7161028,-1.0,-7.0,-48.0
1776887755.7261028,0.0,-4.0,-48.0
1776887755.7361028,0.0,-4.0,-43.0
1776887755.7461028,0.0,-3.0,-41.0
1776887755.7561028,0.0,0.0,-39.0
1776887755.7661028,0.0,0.0,-35.0
1776887755.7761028,-5.0,0.0,-45.0
1776887755.7861028,-1.0,-2.0,-41.0
1776887755.7961028,-6.0,-5.0,-40.0
1776887755.8061028,-3.0,-5.0,-45.0
1776887755.8161027,-4.0,-6.0,-45.0
1776887755.8261027,-1.0,-3.0,-46.0
1776887755.8361027,1.0,-2.0,-44.0
1776887755.8461027,0.0,-3.0,-45.0
1776887755.8561027,2.0,-1.0,-46.0
1776887755.8661027,4.0,0.0,-36.0
1776887755.8761027,5.0,1.0,-33.0
1776887755.886103,6.0,-2.0,-40.0
1776887755.896103,3.0,0.0,-46.0
1776887755.906103,2.0,3.0,-37.0
1776887755.9161026,-1.0,5.0,-41.0
1776887755.9261026,-1.0,2.0,-43.0
1776887755.9361026,-5.0,0.0,-41.0
1776887755.9461029,-2.0,-4.0,-39.0
1776887755.9561028,2.0,-6.0,-38.0
1776887755.9661028,5.0,-6.0,-36.0
1776887755.9761028,4.0,-4.0,-36.0
1776887755.9861028,3.0,-7.0,-36.0
1776887755.9961028,1.0,-6.0,-35.0
1776887756.0061028,-4.0,-7.0,-35.0
1776887756.0161028,-4.0,-4.0,-37.0
1776887756.0261028,-4.0,-6.0,-31.0
1776887756.0361028,-5.0,-4.0,-35.0
1776887756.0461028,-8.0,0.0,-36.0
1776887756.0561028,-11.0,-2.0,-43.0
1776887756.0661027,-4.0,-6.0,-40.0
1776887756.0761027,-2.0,-8.0,-39.0
1776887756.0861027,0.0,-7.0,-37.0
1776887756.0961027,2.0,-5.0,-43.0
1776887756.1061027,-3.0,-6.0,-47.0
1776887756.1161027,-1.0,-5.0,-44.0
1776887756.1261027,-2.0,-5.0,-41.0
1776887756.136103,-1.0,-1.0,-39.0
1776887756.146103,0.0,-5.0,-40.0
1776887756.156103,0.0,-3.0,-48.0
1776887756.1661026,4.0,-4.0,-48.0
1776887756.1771028,2.0,-4.0,-46.0
1776887756.1861026,-4.0,-5.0,-41.0
1776887756.1961029,-6.0,-4.0,-46.0
1776887756.2061028,-3.0,-2.0,-43.0
1776887756.2161028,0.0,-3.0,-41.0
1776887756.2271028,0.0,-2.0,-37.0
1776887756.2371027,0.0,-1.0,-33.0
1776887756.2471027,0.0,-2.0,-32.0
1776887756.2571027,-2.0,-3.0,-31.0
1776887756.2671027,-3.0,-4.0,-35.0
1776887756.2771027,-3.0,-6.0,-35.0
1776887756.2871027,-3.0,-3.0,-34.0
1776887756.2971027,-1.0,-2.0,-37.0
1776887756.307103,1.0,-5.0,-28.0
1776887756.317103,2.0,-6.0,-21.0
1776887756.327103,-1.0,-8.0,-27.0
1776887756.337103,-1.0,-9.0,-35.0
1776887756.3471026,-1.0,-8.0,-39.0
1776887756.3571026,0.0,-9.0,-37.0
1776887756.3671026,2.0,-8.0,-36.0
1776887756.3771029,-1.0,-2.0,-32.0
1776887756.3871028,0.0,-7.0,-30.0
1776887756.3971028,0.0,-6.0,-28.0
1776887756.4071028,-1.0,-9.0,-28.0
1776887756.4171028,0.0,-10.0,-29.0
1776887756.4271028,0.0,-7.0,-26.0
1776887756.4371028,0.0,-6.0,-29.0
1776887756.4471028,1.0,-7.0,-29.0
1776887756.4571028,0.0,-8.0,-35.0
1776887756.4671028,1.0,-5.0,-33.0
1776887756.4771028,4.0,-2.0,-34.0
1776887756.4871027,3.0,-7.0,-34.0
1776887756.4971027,0.0,-8.0,-42.0
1776887756.5071027,-2.0,-3.0,-37.0
1776887756.5171027,-2.0,-4.0,-42.0
1776887756.5271027,0.0,-6.0,-44.0
1776887756.5371027,0.0,-8.0,-38.0
1776887756.5471027,0.0,-7.0,-41.0
1776887756.557103,1.0,-6.0,-32.0
1776887756.567103,-1.0,-5.0,-26.0
1776887756.577103,3.0,-6.0,-29.0
1776887756.587103,2.0,-3.0,-32.0
1776887756.5971026,-2.0,-3.0,-35.0
1776887756.6071026,-3.0,-2.0,-31.0
1776887756.6171026,-7.0,-2.0,-34.0
1776887756.6271029,-1.0,-2.0,-31.0
1776887756.6371028,0.0,-3.0,-36.0
1776887756.6471028,2.0,-2.0,-40.0
1776887756.6571028,1.0,-2.0,-37.0
1776887756.6671028,4.0,2.0,-32.0
1776887756.6771028,8.0,2.0,-28.0
1776887756.6871028,4.0,1.0,-39.0
1776887756.6971028,2.0,2.0,-41.0
1776887756.7071028,0.0,-2.0,-43.0
1776887756.7171028,0.0,-6.0,-38.0
1776887756.7271028,2.0,-4.0,-44.0
1776887756.7371027,2.0,-3.0,-36.0
1776887756.7471027,6.0,-5.0,-33.0
1776887756.7571027,4.0,-8.0,-32.0
1776887756.7671027,6.0,-10.0,-29.0
1776887756.7771027,5.0,-7.0,-33.0
1776887756.7871027,5.0,-4.0,-31.0
1776887756.7971027,1.0,-3.0,-33.0
1776887756.807103,4.0,-6.0,-32.0
1776887756.817103,10.0,-1.0,-36.0
1776887756.827103,8.0,-1.0,-32.0
1776887756.837103,10.0,-3.0,-37.0
1776887756.8471026,3.0,-3.0,-41.0
1776887756.8571026,2.0,-3.0,-44.0
1776887756.8671026,-1.0,-4.0,-43.0
1776887756.8771029,-1.0,-9.0,-40.0
1776887756.8871028,0.0,-10.0,-35.0
1776887756.8971028,-6.0,-10.0,-33.0
1776887756.9071028,-8.0,-7.0,-32.0
1776887756.9171028,-8.0,-6.0,-28.0
1776887756.9271028,-6.0,-5.0,-33.0
1776887756.9371028,-3.0,-2.0,-31.0
1776887756.9471028,-3.0,-3.0,-28.0
1776887756.9571028,-2.0,0.0,-28.0
1776887756.9671028,-1.0,1.0,-32.0
1776887756.9771028,-1.0,2.0,-40.0
1776887756.9871027,-2.0,5.0,-39.0
1776887756.9971027,-3.0,5.0,-34.0
1776887757.0071027,-5.0,4.0,-34.0
1776887757.0171027,-8.0,1.0,-41.0
1776887757.0271027,-7.0,-1.0,-47.0
1776887757.0371027,-2.0,0.0,-36.0
1776887757.0471027,-1.0,1.0,-38.0
1776887757.057103,1.0,-2.0,-31.0
1776887757.067103,0.0,-3.0,-36.0
1776887757.077103,-1.0,-3.0,-37.0
1776887757.087103,-1.0,2.0,-27.0
1776887757.0971026,0.0,4.0,-30.0
1776887757.1071026,-1.0,0.0,-30.0
1776887757.1171026,0.0,-1.0,-35.0
1776887757.1271029,-4.0,0.0,-40.0
1776887757.1371028,1.0,3.0,-42.0
1776887757.1471028,-2.0,2.0,-42.0
1776887757.1571028,-2.0,3.0,-47.0
1776887757.1671028,-1.0,4.0,-49.0
1776887757.1771028,-2.0,5.0,-53.0
1776887757.1871028,-1.0,2.0,-48.0
1776887757.1971028,-5.0,2.0,-46.0
1776887757.2071028,-6.0,0.0,-41.0
1776887757.2171028,-6.0,-3.0,-42.0
1776887757.2271028,0.0,-3.0,-37.0
1776887757.2371027,5.0,-3.0,-35.0
1776887757.2471027,3.0,-4.0,-31.0
1776887757.2571027,2.0,-4.0,-32.0
1776887757.2671027,4.0,-3.0,-33.0
1776887757.2771027,6.0,-2.0,-32.0
1776887757.2871027,7.0,-5.0,-34.0
1776887757.2971027,5.0,-3.0,-40.0
1776887757.307103,6.0,-6.0,-40.0
1776887757.317103,6.0,-6.0,-46.0
1776887757.327103,4.0,-4.0,-44.0
1776887757.337103,4.0,-3.0,-38.0
1776887757.3471026,0.0,-4.0,-40.0
1776887757.3571026,-2.0,-5.0,-46.0
1776887757.3671026,-1.0,-6.0,-47.0
1776887757.3771029,0.0,-2.0,-42.0
1776887757.3871028,6.0,-5.0,-40.0
1776887757.3971028,6.0,-8.0,-44.0
1776887757.4071028,4.0,-3.0,-38.0
1776887757.4171028,3.0,-5.0,-38.0
1776887757.4271028,3.0,-8.0,-47.0
1776887757.4371028,0.0,-7.0,-42.0
1776887757.4471028,-3.0,-8.0,-40.0
1776887757.4571028,-6.0,-10.0,-41.0
1776887757.4671028,-5.0,-6.0,-36.0
1776887757.4771028,-6.0,-2.0,-38.0
1776887757.4871027,-6.0,0.0,-36.0
1776887757.4971027,0.0,3.0,-37.0
1776887757.5071027,0.0,8.0,-39.0
1776887757.5171027,1.0,4.0,-40.0
1776887757.5271027,2.0,-1.0,-37.0
1776887757.5371027,1.0,0.0,-35.0
1776887757.5471027,-1.0,0.0,-37.0
1776887757.557103,2.0,-2.0,-34.0
1776887757.567103,2.0,1.0,-26.0
1776887757.577103,-2.0,1.0,-23.0
1776887757.587103,-1.0,2.0,-26.0
1776887757.5971026,2.0,2.0,-26.0
1776887757.6071026,4.0,0.0,-31.0
1776887757.6171026,1.0,-2.0,-27.0
1776887757.6271029,2.0,-6.0,-36.0
1776887757.6371028,3.0,-9.0,-44.0
1776887757.6471028,4.0,-8.0,-38.0
1776887757.6571028,3.0,-3.0,-34.0
1776887757.6671028,1.0,-2.0,-37.0
1776887757.6771028,2.0,-5.0,-42.0
1776887757.6871028,5.0,-8.0,-43.0
1776887757.6971028,2.0,-9.0,-46.0
1776887757.7071028,0.0,-6.0,-48.0
1776887757.7171028,2.0,-5.0,-43.0
1776887757.7271028,4.0,-3.0,-48.0
1776887757.7371027,4.0,-1.0,-49.0
1776887757.7471027,3.0,-5.0,-42.0
1776887757.7571027,6.0,-6.0,-39.0
1776887757.7671027,5.0,-2.0,-41.0
1776887757.7771027,7.0,-7.0,-45.0
1776887757.7871027,3.0,-8.0,-44.0
1776887757.7971027,5.0,-11.0,-47.0
1776887757.807103,4.0,-8.0,-47.0
1776887757.817103,2.0,-7.0,-42.0
1776887757.827103,5.0,-4.0,-45.0
1776887757.837103,7.0,-2.0,-47.0
1776887757.8471026,9.0,-2.0,-51.0
1776887757.8571026,7.0,0.0,-52.0
1776887757.8671026,1.0,0.0,-50.0
1776887757.8771029,4.0,0.0,-48.0
1776887757.8871028,6.0,-1.0,-54.0
1776887757.8971028,7.0,0.0,-47.0
1776887757.9071028,8.0,0.0,-48.0
1776887757.9171028,3.0,-3.0,-45.0
1776887757.9271028,6.0,1.0,-45.0
1776887757.9371028,4.0,2.0,-43.0
1776887757.9471028,6.0,-1.0,-45.0
1776887757.9571028,1.0,-3.0,-44.0
1776887757.9671028,-2.0,-3.0,-40.0
1776887757.9771028,-1.0,-4.0,-37.0
1776887757.9871027,0.0,-7.0,-37.0
1776887757.9971027,0.0,-9.0,-37.0
1776887758.0071027,2.0,-7.0,-35.0
1776887758.0171027,0.0,-7.0,-31.0
1776887758.0271027,2.0,-8.0,-32.0
1776887758.0371027,6.0,-5.0,-36.0
1776887758.0471027,7.0,-3.0,-39.0
1776887758.057103,4.0,-4.0,-40.0
1776887758.067103,3.0,-4.0,-37.0
1776887758.077103,0.0,-2.0,-37.0
1776887758.087103,-1.0,0.0,-39.0
1776887758.0971026,0.0,-3.0,-41.0
1776887758.1071026,-4.0,-6.0,-40.0
1776887758.1171026,-5.0,-7.0,-39.0
1776887758.1271029,-3.0,-10.0,-33.0
1776887758.1371028,-3.0,-10.0,-33.0
1776887758.1471028,0.0,-7.0,-37.0
1776887758.1571028,0.0,-3.0,-35.0
1776887758.1671028,0.0,-3.0,-28.0
1776887758.1781027,-2.0,-5.0,-30.0
1776887758.1881027,-2.0,-6.0,-24.0
1776887758.1981027,0.0,-1.0,-23.0
1776887758.2081027,-1.0,-1.0,-30.0
1776887758.2181027,-2.0,-5.0,-29.0
1776887758.2281027,0.0,-4.0,-33.0
1776887758.238103,-1.0,-4.0,-30.0
1776887758.248103,-3.0,-4.0,-29.0
1776887758.258103,-3.0,-4.0,-26.0
1776887758.2681026,0.0,-3.0,-28.0
1776887758.2781026,1.0,-5.0,-24.0
1776887758.2881026,-6.0,-5.0,-32.0
1776887758.2981029,-8.0,-5.0,-33.0
1776887758.3081028,-7.0,-9.0,-32.0
1776887758.3181028,-5.0,-7.0,-31.0
1776887758.3281028,-4.0,-8.0,-29.0
1776887758.3381028,-6.0,-4.0,-27.0
1776887758.3481028,-6.0,-5.0,-28.0
1776887758.3581028,-9.0,-4.0,-23.0
1776887758.3681028,-6.0,-7.0,-28.0
1776887758.3781028,-1.0,-7.0,-22.0
1776887758.3881028,-4.0,-7.0,-35.0
1776887758.3981028,-1.0,-6.0,-39.0
1776887758.4081028,-1.0,-5.0,-40.0
1776887758.4181027,-2.0,-6.0,-36.0
1776887758.4281027,0.0,-2.0,-32.0
1776887758.4381027,3.0,-3.0,-29.0
1776887758.4481027,1.0,-6.0,-31.0
1776887758.4581027,-2.0,-8.0,-35.0
1776887758.4681027,0.0,-9.0,-42.0
1776887758.4781027,2.0,-3.0,-38.0
1776887758.488103,-3.0,0.0,-36.0
1776887758.498103,-2.0,-4.0,-39.0
1776887758.508103,-2.0,-4.0,-44.0
1776887758.5181026,-3.0,-6.0,-46.0
1776887758.5281026,-4.0,-2.0,-50.0
1776887758.5381026,-6.0,-2.0,-45.0
1776887758.5481029,-3.0,-2.0,-36.0
1776887758.5581028,-1.0,-1.0,-37.0
1776887758.5681028,1.0,0.0,-36.0
1776887758.5781028,0.0,3.0,-36.0
1776887758.5881028,0.0,6.0,-36.0
1776887758.5981028,0.0,6.0,-37.0
1776887758.6081028,1.0,3.0,-30.0
1776887758.6181028,3.0,0.0,-24.0
1776887758.6281028,1.0,0.0,-27.0
1776887758.6381028,3.0,0.0,-32.0
1776887758.6481028,2.0,0.0,-33.0
1776887758.6581028,4.0,0.0,-34.0
1776887758.6681027,3.0,4.0,-34.0
1776887758.6781027,3.0,8.0,-33.0
1776887758.6881027,0.0,7.0,-31.0
1776887758.6981027,1.0,4.0,-39.0
1776887758.7081027,0.0,2.0,-47.0
1776887758.7181027,-1.0,0.0,-44.0
1776887758.7281027,-1.0,-1.0,-44.0
1776887758.738103,-5.0,-1.0,-42.0
1776887758.748103,-1.0,-3.0,-32.0
1776887758.758103,0.0,-1.0,-38.0
1776887758.7681026,-2.0,0.0,-39.0
1776887758.7781026,-2.0,-2.0,-42.0
1776887758.7881026,-3.0,2.0,-43.0
1776887758.7981029,2.0,1.0,-44.0
1776887758.8081028,0.0,4.0,-43.0
1776887758.8181028,0.0,4.0,-38.0
1776887758.8281028,0.0,1.0,-39.0
1776887758.8381028,-2.0,-1.0,-40.0
1776887758.8481028,0.0,0.0,-38.0
1776887758.8581028,5.0,-2.0,-42.0
1776887758.8681028,5.0,0.0,-37.0
1776887758.8781028,5.0,2.0,-39.0
1776887758.8881028,8.0,6.0,-34.0
1776887758.8981028,7.0,4.0,-38.0
1776887758.9081028,5.0,3.0,-36.0
1776887758.9181027,2.0,1.0,-37.0
1776887758.9281027,5.0,0.0,-34.0
1776887758.9381027,9.0,-3.0,-29.0
1776887758.9481027,8.0,-3.0,-35.0
1776887758.9581027,7.0,-4.0,-38.0
1776887758.9681027,9.0,-3.0,-35.0
1776887758.9781027,9.0,0.0,-35.0
1776887758.988103,9.0,-5.0,-42.0
1776887758.998103,6.0,-3.0,-49.0
1776887759.008103,1.0,-4.0,-50.0
1776887759.0181026,0.0,-5.0,-49.0
1776887759.0281026,0.0,-3.0,-42.0
1776887759.0381026,1.0,0.0,-46.0
1776887759.0481029,5.0,1.0,-46.0
1776887759.0581028,7.0,0.0,-47.0
1776887759.0681028,7.0,0.0,-46.0
1776887759.0781028,9.0,-1.0,-47.0
1776887759.0881028,9.0,-4.0,-42.0
1776887759.0981028,4.0,-4.0,-37.0
1776887759.1081028,0.0,-3.0,-38.0
1776887759.1181028,-4.0,-7.0,-42.0
1776887759.1281028,-6.0,-4.0,-44.0
1776887759.1381028,-8.0,-3.0,-40.0
1776887759.1481028,-5.0,-3.0,-37.0
1776887759.1581028,-3.0,0.0,-29.0
1776887759.1681027,-2.0,-3.0,-23.0
1776887759.1781027,0.0,-4.0,-29.0
1776887759.1881027,-2.0,0.0,-33.0
1776887759.1981027,-3.0,-4.0,-29.0
1776887759.2081027,-1.0,-3.0,-28.0
1776887759.2181027,0.0,0.0,-36.0
1776887759.2281027,-4.0,-2.0,-41.0
1776887759.238103,-6.0,-5.0,-42.0
1776887759.248103,-2.0,-6.0,-42.0
1776887759.258103,0.0,-4.0,-41.0
1776887759.2681026,1.0,-6.0,-41.0
1776887759.2781026,3.0,-5.0,-37.0
1776887759.2881026,2.0,-3.0,-30.0
1776887759.2981029,1.0,-2.0,-27.0
1776887759.3081028,1.0,-2.0,-24.0
1776887759.3181028,2.0,-4.0,-23.0
1776887759.3281028,0.0,-1.0,-25.0
1776887759.3381028,0.0,1.0,-24.0
1776887759.3481028,-2.0,0.0,-24.0
1776887759.3581028,-2.0,-1.0,-26.0
1776887759.3681028,-3.0,-2.0,-23.0
1776887759.3781028,-4.0,-1.0,-30.0
1776887759.3881028,-8.0,0.0,-28.0
1776887759.3981028,-7.0,2.0,-27.0
1776887759.4081028,-4.0,0.0,-28.0
1776887759.4181027,3.0,4.0,-26.0
1776887759.4281027,5.0,4.0,-29.0
1776887759.4381027,4.0,3.0,-30.0
1776887759.4481027,2.0,0.0,-32.0
1776887759.4581027,2.0,0.0,-33.0
1776887759.4681027,5.0,0.0,-37.0
1776887759.4781027,6.0,-2.0,-42.0
1776887759.488103,3.0,-1.0,-34.0
1776887759.498103,1.0,-5.0,-33.0
1776887759.508103,-1.0,-5.0,-34.0
1776887759.5181026,-1.0,-3.0,-33.0
1776887759.5281026,0.0,-9.0,-33.0
1776887759.5381026,1.0,-9.0,-29.0
1776887759.5481029,4.0,-10.0,-31.0
1776887759.5581028,6.0,-12.0,-28.0
1776887759.5681028,7.0,-9.0,-27.0
1776887759.5781028,4.0,-8.0,-28.0
1776887759.5881028,0.0,-11.0,-31.0
1776887759.5981028,5.0,-7.0,-28.0
1776887759.6081028,7.0,-4.0,-34.0
1776887759.6181028,1.0,-1.0,-33.0
1776887759.6281028,0.0,-4.0,-43.0
1776887759.6381028,0.0,-3.0,-45.0
1776887759.6481028,-2.0,-5.0,-45.0
1776887759.6581028,-5.0,-4.0,-42.0
1776887759.6681027,-4.0,-5.0,-39.0
1776887759.6781027,-3.0,-5.0,-40.0
1776887759.6881027,0.0,-5.0,-44.0
1776887759.6981027,0.0,-4.0,-45.0
1776887759.7081027,1.0,-5.0,-49.0
1776887759.7181027,2.0,-5.0,-43.0
1776887759.7281027,2.0,-3.0,-40.0
1776887759.738103,4.0,-1.0,-40.0
1776887759.748103,10.0,-2.0,-45.0
1776887759.758103,7.0,-2.0,-38.0
1776887759.7681026,1.0,-2.0,-36.0
1776887759.7781026,0.0,-2.0,-43.0
1776887759.7881026,-2.0,0.0,-39.0
1776887759.7981029,-3.0,1.0,-37.0
1776887759.8081028,-2.0,4.0,-40.0
1776887759.8181028,-8.0,0.0,-47.0
1776887759.8281028,-10.0,3.0,-44.0
1776887759.8381028,-6.0,1.0,-47.0
1776887759.8481028,-9.0,1.0,-46.0
1776887759.8581028,-4.0,4.0,-43.0
1776887759.8681028,-11.0,3.0,-47.0
1776887759.8781028,-12.0,1.0,-47.0
1776887759.8881028,-8.0,0.0,-44.0
1776887759.8981028,-7.0,1.0,-44.0
1776887759.9081028,-4.0,-1.0,-42.0
1776887759.9181027,-2.0,-3.0,-45.0
1776887759.9281027,-3.0,-6.0,-42.0
1776887759.9381027,-2.0,-5.0,-48.0
1776887759.9481027,-1.0,-1.0,-48.0
1776887759.9581027,0.0,1.0,-49.0
1776887759.9681027,-2.0,1.0,-43.0
1776887759.9781027,-6.0,2.0,-38.0
1776887759.988103,-6.0,1.0,-41.0
1776887759.998103,-1.0,1.0,-43.0
1776887760.008103,0.0,1.0,-47.0
1776887760.0181026,0.0,-4.0,-43.0
1776887760.0281026,0.0,-4.0,-40.0
1776887760.0381026,0.0,-7.0,-38.0
1776887760.0481029,3.0,-5.0,-38.0
1776887760.0581028,9.0,-4.0,-43.0
1776887760.0681028,10.0,-5.0,-42.0
1776887760.0781028,11.0,-4.0,-44.0
1776887760.0881028,5.0,-2.0,-36.0
1776887760.0981028,2.0,-2.0,-37.0
1776887760.1081028,0.0,-5.0,-32.0
1776887760.1181028,-3.0,-3.0,-22.0
1776887760.1281028,-3.0,-3.0,-34.0
1776887760.1381028,-2.0,-2.0,-31.0
1776887760.1481028,0.0,-2.0,-35.0
1776887760.1581028,0.0,0.0,-37.0
1776887760.1681027,1.0,3.0,-42.0
1776887760.1781027,3.0,3.0,-42.0
1776887760.1881027,1.0,3.0,-46.0
1776887760.1981027,0.0,1.0,-45.0
1776887760.2081027,-1.0,0.0,-47.0
1776887760.2191026,3.0,2.0,-52.0
1776887760.2291028,7.0,1.0,-43.0
1776887760.2391028,5.0,2.0,-37.0
1776887760.2491028,3.0,1.0,-40.0
1776887760.2591028,-1.0,-1.0,-38.0
1776887760.2691028,-2.0,-2.0,-43.0
1776887760.2791028,1.0,-3.0,-41.0
1776887760.2891028,0.0,-6.0,-40.0
1776887760.2991028,-1.0,-1.0,-29.0
1776887760.3091028,0.0,-2.0,-26.0
1776887760.3191028,0.0,-3.0,-29.0
1776887760.3291028,0.0,0.0,-37.0
1776887760.3391027,0.0,1.0,-36.0
1776887760.3491027,3.0,1.0,-38.0
1776887760.3591027,0.0,2.0,-35.0
1776887760.3691027,-2.0,2.0,-33.0
1776887760.3791027,1.0,3.0,-34.0
1776887760.3891027,0.0,3.0,-36.0
1776887760.3991027,-3.0,6.0,-34.0
1776887760.409103,-5.0,3.0,-40.0
1776887760.419103,-1.0,0.0,-38.0
1776887760.429103,4.0,0.0,-35.0
1776887760.4391026,3.0,-3.0,-37.0
1776887760.4491026,1.0,0.0,-32.0
1776887760.4591026,6.0,0.0,-32.0
1776887760.4691026,4.0,-1.0,-25.0
1776887760.4791028,6.0,0.0,-27.0
1776887760.4891028,9.0,0.0,-34.0
1776887760.4991028,6.0,-1.0,-35.0
1776887760.5091028,2.0,-2.0,-31.0
1776887760.5191028,1.0,0.0,-26.0
1776887760.5291028,0.0,-2.0,-24.0
1776887760.5391028,0.0,-1.0,-34.0
1776887760.5491028,-2.0,-1.0,-31.0
1776887760.5591028,0.0,-1.0,-34.0
1776887760.5691028,-1.0,-3.0,-37.0
1776887760.5791028,-1.0,-2.0,-37.0
1776887760.5891027,0.0,0.0,-39.0
1776887760.5991027,4.0,-1.0,-37.0
1776887760.6091027,4.0,-6.0,-34.0
1776887760.6191027,5.0,-4.0,-39.0
1776887760.6291027,6.0,-6.0,-39.0
1776887760.6391027,8.0,-6.0,-41.0
1776887760.6491027,7.0,-6.0,-41.0
1776887760.659103,5.0,-10.0,-41.0
1776887760.669103,0.0,-7.0,-38.0
1776887760.679103,1.0,-8.0,-39.0
1776887760.6891026,1.0,-8.0,-41.0
1776887760.6991026,-4.0,-5.0,-44.0
1776887760.7091026,-4.0,0.0,-46.0
1776887760.7191026,-2.0,0.0,-44.0
1776887760.7291028,-2.0,0.0,-50.0
1776887760.7391028,-4.0,-1.0,-44.0
1776887760.7491028,-1.0,0.0,-44.0
1776887760.7591028,0.0,0.0,-42.0
1776887760.7691028,-2.0,-4.0,-39.0
1776887760.7791028,-2.0,-3.0,-40.0
1776887760.7891028,5.0,-6.0,-38.0
1776887760.7991028,5.0,-11.0,-30.0
1776887760.8091028,2.0,-10.0,-34.0
1776887760.8191028,1.0,-10.0,-33.0
1776887760.8291028,0.0,-7.0,-36.0
1776887760.8391027,0.0,-1.0,-37.0
1776887760.8491027,-2.0,0.0,-30.0
1776887760.8591027,-3.0,0.0,-35.0
1776887760.8691027,-1.0,-3.0,-42.0
1776887760.8791027,0.0,-3.0,-40.0
1776887760.8891027,0.0,-2.0,-43.0
1776887760.8991027,3.0,-2.0,-43.0
1776887760.909103,-2.0,-6.0,-39.0
1776887760.919103,0.0,-4.0,-30.0
1776887760.929103,0.0,-1.0,-33.0
1776887760.9391026,0.0,-2.0,-29.0
1776887760.9491026,1.0,-1.0,-28.0
1776887760.9591026,2.0,1.0,-36.0
1776887760.9691026,2.0,0.0,-36.0
1776887760.9791028,6.0,0.0,-37.0
1776887760.9891028,10.0,-2.0,-39.0
1776887760.9991028,12.0,-5.0,-39.0
1776887761.0091028,11.0,-1.0,-36.0
1776887761.0191028,13.0,0.0,-45.0
1776887761.0291028,11.0,-2.0,-47.0
1776887761.0391028,7.0,0.0,-41.0
1776887761.0491028,1.0,0.0,-36.0
1776887761.0591028,0.0,-4.0,-39.0
1776887761.0691028,-3.0,-5.0,-33.0
1776887761.0791028,-4.0,-2.0,-35.0
1776887761.0891027,-5.0,-3.0,-37.0
1776887761.0991027,-3.0,-4.0,-30.0
1776887761.1091027,-2.0,-8.0,-26.0
1776887761.1191027,3.0,-11.0,-22.0
1776887761.1291027,5.0,-8.0,-25.0
1776887761.1391027,4.0,-5.0,-27.0
1776887761.1491027,6.0,-8.0,-31.0
1776887761.159103,1.0,-8.0,-38.0
1776887761.169103,3.0,-7.0,-34.0
1776887761.179103,3.0,-6.0,-31.0
1776887761.1891026,4.0,-10.0,-32.0
1776887761.1991026,1.0,-5.0,-28.0
1776887761.2091026,-1.0,-5.0,-31.0
1776887761.2191026,-2.0,-7.0,-31.0
1776887761.2291028,-4.0,-6.0,-31.0
1776887761.2391028,-5.0,-5.0,-28.0
1776887761.2491028,-5.0,-6.0,-26.0
1776887761.2591028,0.0,-3.0,-30.0
1776887761.2691028,5.0,-1.0,-37.0
1776887761.2791028,5.0,-1.0,-35.0
1776887761.2891028,12.0,-5.0,-30.0
1776887761.2991028,7.0,-6.0,-32.0
1776887761.3091028,6.0,-1.0,-38.0
1776887761.3191028,8.0,-1.0,-37.0
1776887761.3291028,8.0,1.0,-32.0
1776887761.3391027,6.0,-1.0,-34.0
1776887761.3491027,6.0,-4.0,-36.0
1776887761.3591027,5.0,-2.0,-37.0
1776887761.3691027,1.0,-6.0,-35.0
1776887761.3791027,6.0,-9.0,-25.0
1776887761.3891027,7.0,-7.0,-28.0
1776887761.3991027,5.0,-4.0,-27.0
1776887761.409103,-1.0,-2.0,-30.0
1776887761.419103,-3.0,-1.0,-34.0
1776887761.429103,0.0,-1.0,-38.0
1776887761.4391026,-2.0,-4.0,-42.0
1776887761.4491026,-2.0,-3.0,-42.0
1776887761.4591026,-3.0,-4.0,-36.0
1776887761.4691026,-3.0,-5.0,-36.0
1776887761.4791028,1.0,-1.0,-33.0
1776887761.4891028,1.0,-1.0,-32.0
1776887761.4991028,0.0,-4.0,-37.0
1776887761.5091028,0.0,-5.0,-38.0
1776887761.5191028,-3.0,-1.0,-37.0
1776887761.5291028,-3.0,0.0,-34.0
1776887761.5391028,-3.0,0.0,-38.0
1776887761.5491028,-6.0,-3.0,-38.0
1776887761.5591028,-3.0,-5.0,-36.0
1776887761.5691028,-1.0,-9.0,-34.0
1776887761.5791028,0.0,-6.0,-41.0
1776887761.5891027,0.0,-6.0,-45.0
1776887761.5991027,-2.0,-1.0,-45.0
1776887761.6091027,-2.0,2.0,-38.0
1776887761.6191027,-1.0,-1.0,-34.0
1776887761.6291027,-4.0,-5.0,-38.0
1776887761.6391027,-3.0,-7.0,-34.0
1776887761.6491027,-3.0,-4.0,-26.0
1776887761.659103,-8.0,-6.0,-22.0
1776887761.669103,-3.0,-2.0,-29.0
1776887761.679103,0.0,-4.0,-29.0
1776887761.6891026,-1.0,-2.0,-31.0
1776887761.6991026,-1.0,-2.0,-28.0
1776887761.7091026,-5.0,-7.0,-27.0
1776887761.7191026,-11.0,-9.0,-26.0
1776887761.7291028,-13.0,-10.0,-26.0
1776887761.7391028,-8.0,-6.0,-29.0
1776887761.7491028,0.0,-4.0,-36.0
1776887761.7591028,6.0,-4.0,-35.0
1776887761.7691028,3.0,-3.0,-33.0
1776887761.7791028,-2.0,-6.0,-44.0
1776887761.7891028,-6.0,-8.0,-48.0
1776887761.7991028,-7.0,-11.0,-49.0
1776887761.8091028,-1.0,-8.0,-45.0
1776887761.8191028,-1.0,-4.0,-47.0
1776887761.8291028,1.0,-2.0,-47.0
1776887761.8391027,-4.0,0.0,-45.0
1776887761.8491027,-7.0,0.0,-39.0
1776887761.8591027,-1.0,0.0,-44.0
1776887761.8691027,5.0,1.0,-44.0
1776887761.8791027,6.0,0.0,-43.0
1776887761.8891027,1.0,-2.0,-32.0
1776887761.8991027,0.0,1.0,-36.0
1776887761.909103,-2.0,2.0,-43.0
1776887761.919103,-5.0,0.0,-53.0
1776887761.929103,-5.0,-1.0,-51.0
1776887761.9391026,-5.0,-3.0,-52.0
1776887761.9491026,-2.0,-5.0,-50.0
1776887761.9591026,1.0,-7.0,-56.0
1776887761.9691026,-1.0,-7.0,-50.0
1776887761.9791028,-2.0,-5.0,-44.0
1776887761.9891028,1.0,0.0,-41.0
1776887761.9991028,3.0,2.0,-43.0
1776887762.0091028,5.0,3.0,-43.0
1776887762.0191028,2.0,3.0,-37.0
1776887762.0291028,-2.0,2.0,-35.0
1776887762.0391028,-4.0,0.0,-42.0
1776887762.0491028,-2.0,0.0,-36.0
1776887762.0591028,1.0,0.0,-42.0
1776887762.0691028,-2.0,2.0,-37.0
1776887762.0791028,2.0,0.0,-39.0
1776887762.0891027,5.0,-1.0,-41.0
1776887762.0991027,2.0,0.0,-40.0
1776887762.1091027,5.0,0.0,-41.0
1776887762.1191027,3.0,-2.0,-36.0
1776887762.1291027,2.0,-2.0,-32.0
1776887762.1391027,-2.0,0.0,-37.0
1776887762.1491027,0.0,0.0,-42.0
1776887762.159103,0.0,-1.0,-46.0
1776887762.169103,-1.0,0.0,-48.0
1776887762.1801028,5.0,-2.0,-55.0
1776887762.1891026,4.0,-5.0,-45.0
1776887762.1991026,4.0,0.0,-41.0
1776887762.2101028,0.0,0.0,-41.0
1776887762.2201028,1.0,1.0,-40.0
1776887762.2301028,-1.0,-5.0,-38.0
1776887762.2401028,0.0,-4.0,-39.0
1776887762.2501028,0.0,0.0,-37.0
1776887762.2601027,2.0,-2.0,-30.0
1776887762.2691028,9.0,-1.0,-31.0
1776887762.2801027,7.0,-2.0,-33.0
1776887762.2901027,6.0,-1.0,-29.0
1776887762.3001027,2.0,-2.0,-31.0
1776887762.3101027,4.0,0.0,-38.0
1776887762.3201027,7.0,2.0,-38.0
1776887762.3301027,9.0,0.0,-49.0
1776887762.340103,3.0,0.0,-47.0
1776887762.350103,0.0,-2.0,-45.0
1776887762.360103,-3.0,-2.0,-42.0
1776887762.3701026,-3.0,-2.0,-39.0
1776887762.3801026,0.0,1.0,-40.0
1776887762.3901026,3.0,0.0,-41.0
1776887762.4001029,4.0,0.0,-38.0
1776887762.4101028,2.0,-2.0,-37.0
1776887762.4201028,0.0,-3.0,-40.0
1776887762.4301028,2.0,-1.0,-42.0
1776887762.4401028,1.0,0.0,-44.0
1776887762.4501028,1.0,0.0,-48.0
1776887762.4601028,3.0,-2.0,-46.0
1776887762.4701028,6.0,1.0,-35.0
1776887762.4801028,3.0,1.0,-33.0
1776887762.4901028,1.0,0.0,-30.0
1776887762.5001028,4.0,2.0,-34.0
1776887762.5101027,3.0,0.0,-38.0
1776887762.5201027,1.0,-1.0,-38.0
1776887762.5301027,2.0,0.0,-36.0
1776887762.5401027,2.0,0.0,-42.0
1776887762.5501027,0.0,0.0,-46.0
1776887762.5601027,1.0,0.0,-40.0
1776887762.5701027,0.0,0.0,-50.0
1776887762.5801027,-3.0,-3.0,-44.0
1776887762.590103,-7.0,-7.0,-36.0
1776887762.600103,-5.0,-2.0,-38.0
1776887762.610103,-5.0,-1.0,-46.0
1776887762.6201026,0.0,-2.0,-44.0
1776887762.6301026,-2.0,-2.0,-46.0
1776887762.6401026,-6.0,-1.0,-41.0
1776887762.6501029,0.0,0.0,-34.0
1776887762.6601028,0.0,1.0,-29.0
1776887762.6701028,2.0,2.0,-31.0
1776887762.6801028,3.0,2.0,-27.0
1776887762.6901028,1.0,4.0,-28.0
1776887762.7001028,1.0,3.0,-30.0
1776887762.7101028,-1.0,2.0,-36.0
1776887762.7201028,0.0,2.0,-35.0
1776887762.7301028,0.0,2.0,-40.0
1776887762.7401028,-2.0,6.0,-45.0
1776887762.7501028,5.0,4.0,-46.0
1776887762.7601027,7.0,4.0,-42.0
1776887762.7701027,5.0,9.0,-44.0
1776887762.7801027,8.0,12.0,-47.0
1776887762.7901027,12.0,11.0,-46.0
1776887762.8001027,7.0,10.0,-42.0
1776887762.8101027,7.0,9.0,-40.0
1776887762.8201027,0.0,7.0,-40.0
1776887762.8301027,2.0,5.0,-43.0
1776887762.840103,1.0,1.0,-49.0
1776887762.850103,7.0,1.0,-46.0
1776887762.860103,7.0,0.0,-47.0
1776887762.8701026,9.0,-3.0,-46.0
1776887762.8801026,6.0,-1.0,-41.0
1776887762.8901026,2.0,0.0,-37.0
1776887762.9001029,2.0,-6.0,-37.0
1776887762.9101028,2.0,-8.0,-36.0
1776887762.9201028,2.0,-6.0,-38.0
1776887762.9301028,0.0,-5.0,-35.0
1776887762.9401028,-1.0,-3.0,-34.0
1776887762.9501028,0.0,-4.0,-41.0
1776887762.9601028,-1.0,0.0,-41.0
1776887762.9701028,0.0,3.0,-38.0
1776887762.9801028,-5.0,0.0,-37.0
1776887762.9901028,-7.0,-3.0,-39.0
1776887763.0001028,-2.0,-5.0,-45.0
1776887763.0101027,-5.0,0.0,-48.0
1776887763.0201027,-9.0,-3.0,-38.0
1776887763.0301027,-8.0,-2.0,-43.0
1776887763.0401027,-7.0,0.0,-44.0
1776887763.0501027,0.0,0.0,-48.0
1776887763.0601027,-1.0,0.0,-46.0
1776887763.0701027,-1.0,-2.0,-43.0
1776887763.0801027,-3.0,-5.0,-42.0
1776887763.090103,-1.0,-2.0,-37.0
1776887763.100103,-2.0,-5.0,-29.0
1776887763.110103,-1.0,-5.0,-27.0
1776887763.1201026,-1.0,-2.0,-25.0
1776887763.1301026,1.0,0.0,-28.0
1776887763.1401026,1.0,-1.0,-34.0
1776887763.1501029,0.0,-1.0,-36.0
1776887763.1601028,-1.0,1.0,-36.0
1776887763.1701028,0.0,0.0,-34.0
1776887763.1801028,-3.0,4.0,-37.0
1776887763.1901028,0.0,1.0,-35.0
1776887763.2001028,2.0,0.0,-41.0
1776887763.2101028,-2.0,-1.0,-43.0
1776887763.2201028,-4.0,-3.0,-40.0
1776887763.2301028,-2.0,-5.0,-37.0
1776887763.2401028,0.0,-4.0,-38.0
1776887763.2501028,-1.0,-4.0,-38.0
1776887763.2601027,2.0,-2.0,-36.0
1776887763.2701027,2.0,3.0,-31.0
1776887763.2801027,1.0,7.0,-35.0
1776887763.2901027,2.0,4.0,-42.0
1776887763.3001027,-1.0,2.0,-41.0
1776887763.3101027,0.0,1.0,-38.0
1776887763.3201027,1.0,0.0,-35.0
1776887763.3301027,0.0,-1.0,-34.0
1776887763.340103,-1.0,-7.0,-27.0
1776887763.350103,2.0,-2.0,-32.0
1776887763.360103,-2.0,0.0,-29.0
1776887763.3701026,-2.0,0.0,-27.0
1776887763.3801026,-2.0,0.0,-27.0
1776887763.3901026,6.0,-3.0,-33.0
1776887763.4001029,6.0,-4.0,-39.0
1776887763.4101028,3.0,-4.0,-44.0
1776887763.4201028,2.0,-2.0,-51.0
1776887763.4301028,5.0,0.0,-51.0
1776887763.4401028,3.0,-1.0,-46.0
1776887763.4501028,4.0,-2.0,-46.0
1776887763.4601028,3.0,0.0,-44.0
1776887763.4701028,1.0,-3.0,-43.0
1776887763.4801028,0.0,-1.0,-39.0
1776887763.4901028,-1.0,0.0,-41.0
1776887763.5001028,4.0,0.0,-39.0
1776887763.5101027,6.0,-3.0,-33.0
1776887763.5201027,5.0,-3.0,-34.0
1776887763.5301027,5.0,-5.0,-41.0
1776887763.5401027,3.0,-3.0,-36.0
1776887763.5501027,0.0,-1.0,-43.0
1776887763.5601027,4.0,-2.0,-42.0
1776887763.5701027,0.0,-1.0,-39.0
1776887763.5801027,3.0,-1.0,-44.0
1776887763.590103,5.0,-1.0,-42.0
1776887763.600103,0.0,0.0,-37.0
1776887763.610103,-1.0,0.0,-37.0
1776887763.6201026,-3.0,-1.0,-43.0
1776887763.6301026,0.0,0.0,-46.0
1776887763.6401026,0.0,0.0,-43.0
1776887763.6501029,0.0,0.0,-42.0
1776887763.6601028,0.0,2.0,-42.0
1776887763.6701028,0.0,3.0,-42.0
1776887763.6801028,2.0,0.0,-45.0
1776887763.6901028,0.0,0.0,-42.0
1776887763.7001028,-2.0,-2.0,-43.0
1776887763.7101028,-4.0,0.0,-45.0
1776887763.7201028,-2.0,0.0,-44.0
1776887763.7301028,1.0,-2.0,-52.0
1776887763.7401028,5.0,-2.0,-48.0
1776887763.7501028,4.0,-4.0,-45.0
1776887763.7601027,-3.0,0.0,-38.0
1776887763.7701027,-2.0,0.0,-37.0
1776887763.7801027,-6.0,0.0,-37.0
1776887763.7901027,-4.0,3.0,-37.0
1776887763.8001027,0.0,0.0,-41.0
1776887763.8101027,2.0,1.0,-43.0
1776887763.8201027,3.0,0.0,-43.0
1776887763.8301027,0.0,1.0,-44.0
1776887763.840103,1.0,0.0,-41.0
1776887763.850103,3.0,0.0,-36.0
1776887763.860103,6.0,-2.0,-38.0
1776887763.8701026,5.0,0.0,-41.0
1776887763.8801026,6.0,1.0,-43.0
1776887763.8901026,3.0,1.0,-40.0
1776887763.9001029,0.0,0.0,-33.0
1776887763.9101028,0.0,-3.0,-27.0
1776887763.9201028,-2.0,-2.0,-34.0
1776887763.9301028,-6.0,-1.0,-35.0
1776887763.9401028,-6.0,-2.0,-36.0
1776887763.9501028,-3.0,-5.0,-37.0
1776887763.9601028,-3.0,-4.0,-28.0
1776887763.9701028,-4.0,-4.0,-29.0
1776887763.9801028,-6.0,-1.0,-38.0
1776887763.9901028,-1.0,1.0,-36.0
1776887764.0001028,0.0,3.0,-38.0
1776887764.0101027,4.0,-2.0,-34.0
1776887764.0201027,8.0,0.0,-30.0
1776887764.0301027,6.0,0.0,-34.0
1776887764.0411026,2.0,-5.0,-39.0
1776887764.0501027,3.0,-8.0,-39.0
1776887764.0601027,2.0,-6.0,-38.0
1776887764.0701027,6.0,-6.0,-43.0
1776887764.0801027,2.0,-5.0,-49.0
1776887764.090103,4.0,-2.0,-45.0
1776887764.100103,4.0,-7.0,-44.0
1776887764.110103,7.0,-7.0,-47.0
1776887764.1201026,9.0,-6.0,-42.0
1776887764.1301026,8.0,-2.0,-42.0
1776887764.1401026,3.0,-2.0,-36.0
1776887764.1501029,7.0,-7.0,-44.0
1776887764.1601028,7.0,-4.0,-47.0
1776887764.1701028,2.0,0.0,-46.0
1776887764.1801028,0.0,-3.0,-43.0
1776887764.1901028,0.0,-4.0,-42.0
1776887764.2001028,0.0,-6.0,-40.0
1776887764.2101028,2.0,-3.0,-34.0
1776887764.2211027,2.0,-1.0,-28.0
1776887764.2311027,0.0,-2.0,-29.0
1776887764.2411027,0.0,-1.0,-33.0
1776887764.2511027,2.0,4.0,-29.0
1776887764.261103,0.0,2.0,-25.0
1776887764.271103,0.0,1.0,-19.0
1776887764.281103,-4.0,0.0,-18.0
1776887764.2911026,1.0,-1.0,-24.0
1776887764.3011026,1.0,0.0,-29.0
1776887764.3111026,2.0,0.0,-32.0
1776887764.3211029,2.0,-4.0,-35.0
1776887764.3311028,0.0,-5.0,-38.0
1776887764.3411028,3.0,0.0,-39.0
1776887764.3511028,0.0,-2.0,-41.0
1776887764.3611028,4.0,-1.0,-49.0
1776887764.3711028,3.0,0.0,-42.0
1776887764.3811028,2.0,0.0,-39.0
1776887764.3911028,-1.0,3.0,-45.0
1776887764.4011028,-2.0,2.0,-43.0
1776887764.4111028,-4.0,2.0,-49.0
1776887764.4211028,-11.0,0.0,-46.0
1776887764.4311028,-13.0,0.0,-46.0
1776887764.4411027,-4.0,1.0,-45.0
1776887764.4511027,-1.0,0.0,-46.0
1776887764.4611027,-3.0,1.0,-46.0
1776887764.4711027,-5.0,0.0,-48.0
1776887764.4811027,-2.0,-4.0,-51.0
1776887764.4911027,-1.0,0.0,-47.0
1776887764.5011027,-3.0,-4.0,-43.0
1776887764.511103,-2.0,-5.0,-43.0
1776887764.521103,0.0,-4.0,-43.0
1776887764.531103,-1.0,-3.0,-43.0
1776887764.5411026,-3.0,-2.0,-44.0
1776887764.5511026,-2.0,-5.0,-40.0
1776887764.5611026,2.0,-5.0,-39.0
1776887764.5711029,3.0,-7.0,-43.0
1776887764.5811028,3.0,-7.0,-43.0
1776887764.5911028,6.0,-3.0,-41.0
1776887764.6011028,3.0,0.0,-41.0
1776887764.6111028,-1.0,3.0,-40.0
1776887764.6211028,1.0,5.0,-40.0
1776887764.6311028,0.0,3.0,-44.0
1776887764.6411028,3.0,0.0,-47.0
1776887764.6511028,6.0,2.0,-41.0
1776887764.6611028,7.0,5.0,-35.0
1776887764.6711028,11.0,6.0,-26.0
1776887764.6811028,8.0,7.0,-33.0
1776887764.6911027,3.0,9.0,-33.0
1776887764.7011027,1.0,5.0,-33.0
1776887764.7111027,0.0,3.0,-36.0
1776887764.7211027,-4.0,4.0,-35.0
1776887764.7311027,-3.0,5.0,-42.0
1776887764.7411027,-4.0,6.0,-48.0
1776887764.7511027,-5.0,3.0,-40.0
1776887764.761103,-3.0,3.0,-39.0
1776887764.771103,0.0,2.0,-36.0
1776887764.781103,-1.0,0.0,-35.0
1776887764.7911026,3.0,-1.0,-24.0
1776887764.8011026,5.0,-3.0,-24.0
1776887764.8111026,4.0,0.0,-26.0
1776887764.8211029,3.0,4.0,-32.0
1776887764.8311028,-1.0,5.0,-36.0
1776887764.8411028,1.0,7.0,-34.0
1776887764.8511028,3.0,4.0,-28.0
1776887764.8611028,1.0,0.0,-28.0
1776887764.8711028,2.0,-3.0,-30.0
1776887764.8811028,0.0,0.0,-24.0
1776887764.8911028,1.0,0.0,-28.0
1776887764.9011028,2.0,0.0,-25.0
1776887764.9111028,3.0,-2.0,-30.0
1776887764.9211028,1.0,-1.0,-34.0
1776887764.9311028,0.0,-1.0,-30.0
1776887764.9411027,2.0,0.0,-27.0
1776887764.9511027,3.0,-2.0,-28.0
1776887764.9611027,5.0,-2.0,-35.0
1776887764.9711027,0.0,0.0,-36.0
1776887764.9811027,0.0,2.0,-36.0
1776887764.9911027,0.0,0.0,-37.0
1776887765.0011027,2.0,4.0,-40.0
1776887765.011103,3.0,0.0,-41.0
1776887765.021103,0.0,-1.0,-42.0
1776887765.031103,-1.0,0.0,-33.0
1776887765.0411026,0.0,1.0,-35.0
1776887765.0511026,2.0,1.0,-30.0
1776887765.0611026,0.0,2.0,-25.0
1776887765.0711029,0.0,0.0,-29.0
1776887765.0811028,0.0,0.0,-38.0
1776887765.0911028,2.0,-1.0,-38.0
1776887765.1011028,-3.0,-1.0,-31.0
1776887765.1111028,-3.0,-2.0,-30.0
1776887765.1211028,-4.0,0.0,-35.0
1776887765.1311028,-5.0,3.0,-39.0
1776887765.1411028,-4.0,2.0,-42.0
1776887765.1511028,-8.0,2.0,-45.0
1776887765.1611028,-6.0,0.0,-52.0
1776887765.1711028,-1.0,1.0,-49.0
1776887765.1811028,0.0,0.0,-47.0
1776887765.1911027,3.0,-1.0,-41.0
1776887765.2011027,6.0,-1.0,-42.0
1776887765.2111027,8.0,-3.0,-44.0
1776887765.2211027,5.0,-4.0,-41.0
1776887765.2311027,3.0,-3.0,-39.0
1776887765.2411027,4.0,-4.0,-36.0
1776887765.2511027,0.0,-2.0,-32.0
1776887765.261103,0.0,0.0,-30.0
1776887765.271103,-2.0,0.0,-32.0
1776887765.281103,-3.0,0.0,-32.0
1776887765.2911026,0.0,4.0,-34.0
1776887765.3011026,0.0,1.0,-39.0
1776887765.3111026,-3.0,4.0,-46.0
1776887765.3211029,-5.0,3.0,-49.0
1776887765.3311028,-7.0,-2.0,-46.0
1776887765.3411028,-9.0,-3.0,-42.0
1776887765.3511028,-7.0,-3.0,-41.0
1776887765.3611028,-5.0,-6.0,-34.0
1776887765.3711028,-2.0,-3.0,-30.0
1776887765.3811028,-8.0,-1.0,-34.0
1776887765.3911028,-9.0,3.0,-30.0
1776887765.4011028,-5.0,0.0,-29.0
1776887765.4111028,0.0,0.0,-32.0
1776887765.4211028,2.0,-1.0,-36.0
1776887765.4311028,4.0,3.0,-36.0
1776887765.4411027,5.0,5.0,-33.0
1776887765.4511027,6.0,3.0,-32.0
1776887765.4611027,3.0,5.0,-32.0
1776887765.4711027,1.0,3.0,-41.0
1776887765.4811027,-1.0,2.0,-42.0
1776887765.4911027,-4.0,0.0,-46.0
1776887765.5011027,-3.0,-1.0,-39.0
1776887765.511103,1.0,-3.0,-37.0
1776887765.521103,2.0,0.0,-41.0
1776887765.531103,2.0,-2.0,-48.0
1776887765.5411026,6.0,0.0,-51.0
1776887765.5511026,4.0,3.0,-41.0
1776887765.5611026,4.0,-2.0,-32.0
1776887765.5711029,8.0,-1.0,-31.0
1776887765.5811028,3.0,-3.0,-31.0
1776887765.5911028,0.0,-5.0,-30.0
1776887765.6011028,-2.0,-7.0,-27.0
1776887765.6111028,-2.0,-5.0,-28.0
1776887765.6211028,0.0,-5.0,-25.0
1776887765.6311028,0.0,-2.0,-25.0
1776887765.6411028,2.0,-5.0,-27.0
1776887765.6511028,2.0,-1.0,-33.0
1776887765.6611028,4.0,-2.0,-38.0
1776887765.6711028,5.0,0.0,-34.0
1776887765.6811028,4.0,0.0,-40.0
1776887765.6911027,4.0,-1.0,-45.0
1776887765.7011027,1.0,-4.0,-40.0
1776887765.7111027,-1.0,-4.0,-37.0
1776887765.7211027,4.0,-3.0,-35.0
1776887765.7311027,1.0,-3.0,-35.0
1776887765.7411027,2.0,-1.0,-35.0
1776887765.7511027,1.0,-3.0,-29.0
1776887765.761103,4.0,-2.0,-36.0
1776887765.771103,4.0,-1.0,-38.0
1776887765.781103,3.0,-1.0,-35.0
1776887765.7911026,1.0,-1.0,-38.0
1776887765.8011026,3.0,-3.0,-43.0
1776887765.8111026,5.0,-5.0,-42.0
1776887765.8211029,4.0,-3.0,-41.0
1776887765.8311028,2.0,-6.0,-36.0
1776887765.8411028,4.0,-4.0,-39.0
1776887765.8511028,3.0,-1.0,-36.0
1776887765.8611028,3.0,0.0,-35.0
1776887765.8711028,1.0,-1.0,-30.0
1776887765.8811028,0.0,0.0,-31.0
1776887765.8911028,4.0,-2.0,-32.0
1776887765.9011028,1.0,0.0,-29.0
1776887765.9111028,0.0,0.0,-28.0
1776887765.9211028,2.0,0.0,-34.0
1776887765.9311028,0.0,3.0,-42.0
1776887765.9411027,-4.0,3.0,-41.0
1776887765.9511027,-4.0,2.0,-46.0
1776887765.9611027,-1.0,7.0,-48.0
1776887765.9711027,-2.0,9.0,-45.0
1776887765.9811027,0.0,6.0,-43.0
1776887765.9911027,0.0,6.0,-41.0
1776887766.0011027,2.0,6.0,-37.0
1776887766.011103,3.0,10.0,-37.0
1776887766.021103,2.0,6.0,-34.0
1776887766.031103,4.0,5.0,-35.0
1776887766.0411026,8.0,5.0,-39.0
1776887766.0511026,0.0,4.0,-37.0
1776887766.0611026,3.0,7.0,-39.0
1776887766.0711029,7.0,9.0,-42.0
1776887766.0811028,4.0,5.0,-44.0
1776887766.0911028,2.0,5.0,-42.0
1776887766.1011028,4.0,5.0,-38.0
1776887766.1111028,4.0,7.0,-43.0
1776887766.1211028,0.0,5.0,-42.0
1776887766.1311028,-4.0,6.0,-31.0
1776887766.1411028,0.0,2.0,-27.0
1776887766.1511028,1.0,3.0,-31.0
1776887766.1611028,0.0,3.0,-31.0
1776887766.1711028,-3.0,6.0,-32.0
1776887766.1811028,-3.0,5.0,-35.0
1776887766.1911027,-1.0,5.0,-37.0
1776887766.2011027,-4.0,2.0,-36.0
1776887766.212103,-4.0,5.0,-37.0
1776887766.2221026,-5.0,-1.0,-36.0
1776887766.2321026,0.0,-2.0,-39.0
1776887766.2421026,4.0,0.0,-32.0
1776887766.2521029,7.0,-1.0,-32.0
1776887766.2621028,6.0,-1.0,-27.0
1776887766.2721028,5.0,-1.0,-26.0
1776887766.2821028,6.0,0.0,-32.0
1776887766.2921028,2.0,2.0,-29.0
1776887766.3021028,3.0,0.0,-30.0
1776887766.3121028,3.0,0.0,-29.0
1776887766.3221028,5.0,-2.0,-26.0
1776887766.3321028,4.0,-2.0,-23.0
1776887766.3421028,0.0,-5.0,-27.0
1776887766.3521028,1.0,-5.0,-29.0
1776887766.3621027,-2.0,-6.0,-28.0
1776887766.3721027,-4.0,-3.0,-30.0
1776887766.3821027,-3.0,-2.0,-28.0
1776887766.3921027,-2.0,2.0,-27.0
1776887766.4021027,-4.0,0.0,-34.0
1776887766.4121027,-1.0,-1.0,-35.0
1776887766.4221027,2.0,-2.0,-34.0
1776887766.432103,3.0,-4.0,-35.0
1776887766.442103,1.0,1.0,-32.0
1776887766.452103,0.0,4.0,-27.0
1776887766.462103,-1.0,0.0,-31.0
1776887766.4721026,-1.0,0.0,-34.0
1776887766.4821026,-1.0,3.0,-37.0
1776887766.4921026,-1.0,5.0,-40.0
1776887766.5021029,-2.0,8.0,-37.0
1776887766.5121028,4.0,6.0,-35.0
1776887766.5221028,5.0,6.0,-31.0
1776887766.5321028,6.0,1.0,-27.0
1776887766.5421028,1.0,-4.0,-30.0
1776887766.5521028,0.0,-4.0,-29.0
1776887766.5621028,2.0,-2.0,-27.0
1776887766.5721028,0.0,-3.0,-23.0
1776887766.5821028,3.0,-2.0,-30.0
1776887766.5921028,2.0,0.0,-32.0
1776887766.6021028,0.0,1.0,-32.0
1776887766.6121027,1.0,4.0,-26.0
1776887766.6221027,0.0,7.0,-27.0
1776887766.6321027,0.0,2.0,-35.0
1776887766.6421027,-1.0,4.0,-32.0
1776887766.6521027,0.0,6.0,-32.0
1776887766.6621027,0.0,3.0,-33.0
1776887766.6721027,0.0,6.0,-34.0
1776887766.682103,0.0,5.0,-29.0
1776887766.692103,1.0,5.0,-31.0
1776887766.702103,-1.0,0.0,-33.0
1776887766.712103,-1.0,-2.0,-34.0
1776887766.7221026,2.0,-1.0,-36.0
1776887766.7321026,0.0,0.0,-35.0
1776887766.7421026,3.0,0.0,-30.0
1776887766.7521029,6.0,-3.0,-28.0
1776887766.7621028,8.0,0.0,-28.0
1776887766.7721028,10.0,-1.0,-32.0
1776887766.7821028,8.0,-2.0,-31.0
1776887766.7921028,8.0,-3.0,-32.0
1776887766.8021028,9.0,-9.0,-38.0
1776887766.8121028,10.0,-6.0,-31.0
1776887766.8221028,9.0,-4.0,-31.0
1776887766.8321028,5.0,-2.0,-33.0
1776887766.8421028,5.0,-9.0,-36.0
1776887766.8521028,9.0,-12.0,-38.0
1776887766.8621027,5.0,-10.0,-40.0
1776887766.8721027,1.0,-6.0,-39.0
1776887766.8821027,-2.0,-8.0,-41.0
1776887766.8921027,-1.0,-10.0,-40.0
1776887766.9021027,0.0,-7.0,-40.0
1776887766.9121027,-1.0,-7.0,-35.0
1776887766.9221027,-6.0,-7.0,-31.0
1776887766.932103,-4.0,-4.0,-30.0
1776887766.942103,0.0,-6.0,-31.0
1776887766.952103,2.0,-1.0,-34.0
1776887766.962103,4.0,-1.0,-33.0
1776887766.9721026,6.0,-2.0,-31.0
1776887766.9821026,4.0,-3.0,-36.0
1776887766.9921026,4.0,-1.0,-31.0
1776887767.0021029,5.0,-1.0,-32.0
1776887767.0121028,6.0,3.0,-30.0
1776887767.0221028,2.0,3.0,-35.0
1776887767.0321028,0.0,0.0,-42.0
1776887767.0421028,-1.0,0.0,-42.0
1776887767.0521028,2.0,-4.0,-51.0
1776887767.0621028,1.0,-4.0,-48.0
1776887767.0721028,-1.0,-3.0,-40.0
1776887767.0821028,0.0,0.0,-39.0
1776887767.0921028,-1.0,1.0,-32.0
1776887767.1021028,-1.0,1.0,-35.0
1776887767.1121027,0.0,2.0,-35.0
1776887767.1221027,0.0,0.0,-30.0
1776887767.1321027,0.0,0.0,-28.0
1776887767.1421027,0.0,0.0,-29.0
1776887767.1521027,1.0,0.0,-28.0
1776887767.1621027,2.0,-2.0,-21.0
1776887767.1721027,-2.0,-3.0,-20.0
1776887767.182103,-3.0,-6.0,-27.0
1776887767.192103,-1.0,-4.0,-20.0
1776887767.202103,0.0,-4.0,-29.0
1776887767.212103,-1.0,-3.0,-38.0
1776887767.2221026,-6.0,-2.0,-34.0
1776887767.2321026,-2.0,-2.0,-35.0
1776887767.2421026,1.0,-3.0,-35.0
1776887767.2521029,4.0,-2.0,-34.0
1776887767.2621028,2.0,-4.0,-32.0
1776887767.2721028,4.0,-3.0,-33.0
1776887767.2821028,5.0,-2.0,-36.0
1776887767.2921028,3.0,1.0,-40.0
1776887767.3021028,0.0,3.0,-42.0
1776887767.3121028,-1.0,0.0,-47.0
1776887767.3221028,-3.0,-2.0,-45.0
1776887767.3321028,-5.0,-4.0,-46.0
1776887767.3421028,0.0,2.0,-52.0
1776887767.3521028,0.0,2.0,-50.0
1776887767.3621027,0.0,2.0,-43.0
1776887767.3721027,2.0,1.0,-42.0
1776887767.3821027,2.0,0.0,-38.0
1776887767.3921027,4.0,0.0,-42.0
1776887767.4021027,0.0,0.0,-43.0
1776887767.4121027,-2.0,2.0,-37.0
1776887767.4221027,-4.0,4.0,-33.0
1776887767.432103,-3.0,2.0,-34.0
1776887767.442103,-3.0,0.0,-37.0
1776887767.452103,-7.0,0.0,-27.0
1776887767.462103,-7.0,0.0,-40.0
1776887767.4721026,-6.0,2.0,-45.0
1776887767.4821026,-5.0,2.0,-41.0
1776887767.4921026,-7.0,2.0,-37.0
1776887767.5021029,-6.0,0.0,-36.0
1776887767.5121028,-5.0,1.0,-31.0
1776887767.5221028,0.0,1.0,-34.0
1776887767.5321028,1.0,-1.0,-37.0
1776887767.5421028,0.0,0.0,-39.0
1776887767.5521028,-3.0,2.0,-39.0
1776887767.5621028,-1.0,2.0,-37.0
1776887767.5721028,-1.0,1.0,-37.0
1776887767.5821028,1.0,2.0,-33.0
1776887767.5921028,5.0,2.0,-28.0
1776887767.6021028,4.0,0.0,-29.0
1776887767.6121027,2.0,0.0,-31.0
1776887767.6221027,0.0,-2.0,-30.0
1776887767.6321027,-1.0,0.0,-31.0
1776887767.6421027,-2.0,2.0,-30.0
1776887767.6521027,-1.0,1.0,-33.0
1776887767.6621027,0.0,4.0,-34.0
1776887767.6721027,-2.0,5.0,-33.0
1776887767.682103,3.0,7.0,-37.0
1776887767.692103,1.0,3.0,-41.0
1776887767.702103,-4.0,5.0,-40.0
1776887767.712103,-4.0,8.0,-38.0
1776887767.7221026,-4.0,4.0,-31.0
1776887767.7321026,-5.0,2.0,-27.0
1776887767.7421026,-1.0,4.0,-24.0
1776887767.7521029,4.0,4.0,-26.0
1776887767.7621028,7.0,3.0,-30.0
1776887767.7721028,5.0,1.0,-23.0
1776887767.7821028,0.0,0.0,-29.0
1776887767.7921028,0.0,0.0,-28.0
1776887767.8021028,2.0,4.0,-36.0
1776887767.8121028,3.0,0.0,-40.0
1776887767.8221028,5.0,-1.0,-40.0
1776887767.8321028,2.0,0.0,-41.0
1776887767.8421028,0.0,1.0,-43.0
1776887767.8521028,4.0,4.0,-45.0
1776887767.8621027,4.0,3.0,-44.0
1776887767.8721027,5.0,3.0,-49.0
1776887767.8821027,8.0,1.0,-46.0
1776887767.8921027,8.0,2.0,-46.0
1776887767.9021027,5.0,0.0,-46.0
1776887767.9121027,6.0,1.0,-39.0
1776887767.9221027,4.0,0.0,-41.0
1776887767.932103,1.0,-2.0,-39.0
1776887767.942103,-1.0,-2.0,-43.0
1776887767.952103,2.0,-5.0,-44.0
1776887767.962103,5.0,-4.0,-38.0
1776887767.9721026,10.0,-3.0,-33.0
1776887767.9821026,12.0,0.0,-33.0
1776887767.9921026,9.0,0.0,-27.0
1776887768.0021029,4.0,-4.0,-30.0
1776887768.0121028,3.0,-2.0,-33.0
1776887768.0221028,6.0,-2.0,-29.0
1776887768.0321028,4.0,-2.0,-28.0
1776887768.0421028,4.0,0.0,-31.0
1776887768.0521028,5.0,0.0,-39.0
1776887768.0621028,5.0,1.0,-41.0
1776887768.0721028,7.0,0.0,-43.0
1776887768.0821028,6.0,0.0,-37.0
1776887768.0921028,2.0,4.0,-40.0
1776887768.1021028,1.0,4.0,-35.0
1776887768.1121027,5.0,2.0,-30.0
1776887768.1221027,0.0,4.0,-34.0
1776887768.1321027,0.0,3.0,-24.0
1776887768.1421027,0.0,-2.0,-20.0
1776887768.1521027,0.0,0.0,-20.0
1776887768.1621027,-2.0,0.0,-25.0
1776887768.1721027,2.0,-1.0,-28.0
1776887768.182103,2.0,-3.0,-23.0
1776887768.192103,2.0,-3.0,-29.0
1776887768.202103,0.0,2.0,-34.0
1776887768.2131028,2.0,8.0,-32.0
1776887768.2231028,0.0,7.0,-28.0
1776887768.2331028,0.0,8.0,-21.0
1776887768.2431028,-1.0,8.0,-22.0
1776887768.2531028,-3.0,8.0,-22.0
1776887768.2631028,-2.0,6.0,-33.0
1776887768.2731028,-7.0,5.0,-37.0
1776887768.2831028,-5.0,5.0,-36.0
1776887768.2931027,-1.0,3.0,-38.0
1776887768.3031027,2.0,1.0,-29.0
1776887768.3131027,3.0,-3.0,-22.0
1776887768.3231027,8.0,-2.0,-23.0
1776887768.3331027,7.0,-4.0,-28.0
1776887768.3431027,7.0,-1.0,-29.0
1776887768.3531027,6.0,4.0,-33.0
1776887768.363103,-1.0,2.0,-36.0
1776887768.373103,-3.0,3.0,-38.0
1776887768.383103,0.0,0.0,-42.0
1776887768.3931026,0.0,-6.0,-46.0
1776887768.4031026,0.0,-6.0,-43.0
1776887768.4131026,0.0,-4.0,-41.0
1776887768.4231029,-1.0,0.0,-39.0
1776887768.4331028,2.0,-3.0,-39.0
1776887768.4431028,6.0,-3.0,-47.0
1776887768.4531028,8.0,-4.0,-45.0
1776887768.4631028,8.0,-7.0,-42.0
1776887768.4731028,6.0,-5.0,-32.0
1776887768.4831028,0.0,-7.0,-35.0
1776887768.4931028,2.0,-4.0,-39.0
1776887768.5031028,1.0,-7.0,-41.0
1776887768.5131028,0.0,-9.0,-38.0
1776887768.5231028,-1.0,-9.0,-37.0
1776887768.5331028,-4.0,-9.0,-33.0
1776887768.5431027,-5.0,-8.0,-40.0
1776887768.5531027,-3.0,-10.0,-41.0
1776887768.5631027,-5.0,-12.0,-38.0
1776887768.5731027,-3.0,-8.0,-37.0
1776887768.5831027,-2.0,-7.0,-37.0
1776887768.5931027,-1.0,-8.0,-42.0
1776887768.6031027,-1.0,-7.0,-45.0
1776887768.613103,-1.0,-6.0,-43.0
1776887768.623103,-4.0,-4.0,-45.0
1776887768.633103,-1.0,-2.0,-42.0
1776887768.6431026,-1.0,-2.0,-38.0
1776887768.6531026,-2.0,-1.0,-37.0
1776887768.6631026,-2.0,0.0,-42.0
1776887768.6731029,-3.0,0.0,-41.0
1776887768.6831028,-4.0,-2.0,-41.0
1776887768.6931028,1.0,-4.0,-34.0
1776887768.7031028,0.0,-3.0,-34.0
1776887768.7131028,-2.0,-2.0,-34.0
1776887768.7231028,-1.0,-2.0,-35.0
1776887768.7331028,1.0,-3.0,-40.0
1776887768.7431028,2.0,-3.0,-42.0
1776887768.7531028,4.0,0.0,-39.0
1776887768.7631028,0.0,0.0,-40.0
1776887768.7731028,-4.0,0.0,-33.0
1776887768.7831028,-7.0,0.0,-35.0
1776887768.7931027,-11.0,0.0,-32.0
1776887768.8031027,-7.0,1.0,-30.0
1776887768.8131027,-5.0,2.0,-30.0
1776887768.8231027,-2.0,3.0,-33.0
1776887768.8331027,0.0,0.0,-27.0
1776887768.8431027,-2.0,-3.0,-28.0
1776887768.8541028,-1.0,-1.0,-29.0
1776887768.863103,4.0,-4.0,-26.0
1776887768.873103,3.0,1.0,-28.0
1776887768.883103,5.0,0.0,-32.0
1776887768.8931026,1.0,1.0,-33.0
1776887768.9031026,2.0,-1.0,-33.0
1776887768.9131026,4.0,-4.0,-28.0
1776887768.9231029,8.0,-4.0,-33.0
1776887768.9331028,7.0,-5.0,-38.0
1776887768.9431028,11.0,-5.0,-38.0
1776887768.9531028,15.0,-6.0,-36.0
1776887768.9631028,9.0,-6.0,-26.0
1776887768.9731028,3.0,-7.0,-24.0
1776887768.9831028,2.0,-9.0,-34.0
1776887768.9931028,-4.0,-7.0,-35.0
1776887769.0031028,-3.0,-5.0,-39.0
1776887769.0131028,-1.0,-1.0,-45.0
1776887769.0231028,0.0,1.0,-38.0
1776887769.0331028,5.0,1.0,-37.0
1776887769.0431027,0.0,1.0,-39.0
1776887769.0531027,2.0,4.0,-41.0
1776887769.0631027,3.0,1.0,-46.0
1776887769.0731027,4.0,-4.0,-42.0
1776887769.0831027,4.0,-3.0,-47.0
1776887769.0931027,1.0,-1.0,-40.0
1776887769.1031027,0.0,1.0,-36.0
1776887769.113103,0.0,3.0,-34.0
1776887769.123103,-4.0,3.0,-37.0
1776887769.133103,-7.0,2.0,-42.0
1776887769.1431026,-5.0,2.0,-40.0
1776887769.1531026,-3.0,3.0,-43.0
1776887769.1631026,1.0,2.0,-38.0
1776887769.1731029,-1.0,2.0,-36.0
1776887769.1831028,-3.0,0.0,-32.0
1776887769.1931028,-4.0,0.0,-30.0
1776887769.2031028,-4.0,-2.0,-26.0
1776887769.2131028,-1.0,3.0,-25.0
1776887769.2231028,0.0,2.0,-29.0
1776887769.2331028,0.0,2.0,-34.0
1776887769.2431028,1.0,4.0,-38.0
1776887769.2531028,2.0,5.0,-41.0
1776887769.2631028,-1.0,5.0,-44.0
1776887769.2731028,0.0,6.0,-45.0
1776887769.2831028,1.0,0.0,-42.0
1776887769.2931027,2.0,3.0,-38.0
1776887769.3031027,4.0,2.0,-38.0
1776887769.3131027,4.0,-3.0,-39.0
1776887769.3231027,8.0,-2.0,-42.0
1776887769.3331027,10.0,-1.0,-38.0
1776887769.3431027,12.0,-5.0,-38.0
1776887769.3531027,11.0,-4.0,-40.0
1776887769.363103,13.0,-7.0,-32.0
1776887769.373103,8.0,-2.0,-32.0
1776887769.383103,3.0,0.0,-36.0
1776887769.3931026,3.0,4.0,-31.0
1776887769.4031026,1.0,10.0,-34.0
1776887769.4131026,3.0,9.0,-36.0
1776887769.4231029,4.0,7.0,-36.0
1776887769.4331028,4.0,4.0,-28.0
1776887769.4431028,3.0,5.0,-35.0
1776887769.4531028,1.0,5.0,-44.0
1776887769.4631028,2.0,0.0,-45.0
1776887769.4731028,0.0,-3.0,-43.0
1776887769.4831028,3.0,-3.0,-35.0
1776887769.4931028,2.0,-1.0,-40.0
1776887769.5031028,7.0,-3.0,-40.0
1776887769.5131028,9.0,-4.0,-42.0
1776887769.5231028,6.0,-8.0,-38.0
1776887769.5331028,8.0,-7.0,-45.0
1776887769.5431027,3.0,-3.0,-48.0
1776887769.5531027,4.0,-2.0,-42.0
1776887769.5631027,0.0,0.0,-40.0
1776887769.5731027,0.0,0.0,-34.0
1776887769.5831027,0.0,-1.0,-33.0
1776887769.5931027,-3.0,-5.0,-38.0
1776887769.6031027,-5.0,-3.0,-40.0
1776887769.613103,-5.0,-6.0,-38.0
1776887769.623103,-2.0,-5.0,-43.0
1776887769.633103,0.0,-5.0,-46.0
1776887769.6431026,0.0,0.0,-41.0
1776887769.6531026,1.0,-3.0,-35.0
1776887769.6631026,4.0,-3.0,-27.0
1776887769.6731029,4.0,-1.0,-30.0
1776887769.6831028,1.0,-3.0,-37.0
1776887769.6931028,0.0,-4.0,-38.0
1776887769.7031028,6.0,-2.0,-36.0
1776887769.7131028,6.0,2.0,-32.0
1776887769.7231028,6.0,5.0,-32.0
1776887769.7331028,1.0,5.0,-27.0
1776887769.7431028,3.0,6.0,-36.0
1776887769.7531028,0.0,3.0,-35.0
1776887769.7631028,-3.0,-4.0,-34.0
1776887769.7731028,-6.0,-8.0,-32.0
1776887769.7831028,-5.0,-5.0,-29.0
1776887769.7931027,-2.0,0.0,-32.0
1776887769.8031027,1.0,0.0,-29.0
1776887769.8131027,1.0,3.0,-24.0
1776887769.8231027,0.0,2.0,-25.0
1776887769.8331027,0.0,3.0,-29.0
1776887769.8431027,-3.0,1.0,-39.0
1776887769.8531027,-3.0,3.0,-42.0
1776887769.863103,-3.0,6.0,-42.0
1776887769.873103,0.0,6.0,-42.0
1776887769.883103,0.0,3.0,-42.0
1776887769.8931026,1.0,4.0,-40.0
1776887769.9031026,1.0,3.0,-41.0
1776887769.9131026,0.0,-1.0,-44.0
1776887769.9231029,-2.0,3.0,-47.0
1776887769.9331028,4.0,4.0,-46.0
1776887769.9431028,8.0,2.0,-48.0
1776887769.9531028,9.0,3.0,-38.0
1776887769.9631028,8.0,6.0,-36.0
1776887769.9731028,7.0,10.0,-38.0
1776887769.9831028,6.0,8.0,-39.0
1776887769.9931028,9.0,3.0,-44.0
1776887770.0031028,9.0,0.0,-44.0
1776887770.0131028,10.0,0.0,-39.0
1776887770.0231028,8.0,4.0,-37.0
1776887770.0331028,7.0,5.0,-37.0
1776887770.0431027,4.0,4.0,-34.0
1776887770.0531027,3.0,0.0,-33.0
1776887770.0631027,3.0,0.0,-40.0
1776887770.0731027,1.0,-5.0,-36.0
1776887770.0831027,0.0,-6.0,-38.0
1776887770.0931027,4.0,-6.0,-42.0
1776887770.1031027,4.0,-4.0,-36.0
1776887770.113103,6.0,-3.0,-29.0
1776887770.123103,7.0,-2.0,-27.0
1776887770.133103,6.0,-4.0,-30.0
1776887770.1431026,5.0,-4.0,-31.0
1776887770.1531026,5.0,-7.0,-37.0
1776887770.1631026,2.0,-6.0,-41.0
1776887770.1731029,5.0,-3.0,-42.0
1776887770.1831028,8.0,-2.0,-38.0
1776887770.1931028,4.0,-4.0,-40.0
1776887770.2031028,0.0,-1.0,-42.0
1776887770.2141027,-2.0,1.0,-38.0
1776887770.2231028,-2.0,0.0,-37.0
1776887770.2331028,-1.0,0.0,-35.0
1776887770.2441027,2.0,2.0,-39.0
1776887770.2541027,3.0,3.0,-37.0
1776887770.2641027,1.0,-1.0,-34.0
1776887770.2741027,5.0,-2.0,-34.0
1776887770.284103,5.0,-1.0,-37.0
1776887770.294103,4.0,-1.0,-35.0
1776887770.304103,0.0,-4.0,-36.0
1776887770.3141026,0.0,-4.0,-35.0
1776887770.3241026,4.0,0.0,-35.0
1776887770.3341026,5.0,2.0,-37.0
1776887770.3441026,9.0,3.0,-38.0
1776887770.3541028,7.0,0.0,-39.0
1776887770.3641028,1.0,0.0,-38.0
1776887770.3741028,-1.0,-1.0,-39.0
1776887770.3841028,-4.0,1.0,-36.0
1776887770.3941028,-2.0,0.0,-41.0
1776887770.4041028,2.0,-1.0,-36.0
1776887770.4141028,6.0,0.0,-33.0
1776887770.4241028,9.0,2.0,-38.0
1776887770.4341028,7.0,-3.0,-34.0
1776887770.4441028,2.0,-6.0,-28.0
1776887770.4541028,4.0,-8.0,-31.0
1776887770.4641027,4.0,-4.0,-34.0
1776887770.4741027,4.0,-2.0,-38.0
1776887770.4841027,9.0,0.0,-34.0
1776887770.4941027,4.0,4.0,-31.0
1776887770.5041027,3.0,3.0,-34.0
1776887770.5141027,2.0,0.0,-38.0
1776887770.5241027,1.0,0.0,-47.0
1776887770.534103,0.0,-4.0,-44.0
1776887770.544103,0.0,-6.0,-39.0
1776887770.554103,2.0,-7.0,-41.0
1776887770.5641026,2.0,-8.0,-38.0
1776887770.5741026,3.0,-6.0,-34.0
1776887770.5841026,-1.0,-7.0,-34.0
1776887770.5941026,-8.0,-7.0,-34.0
1776887770.6041028,-5.0,-8.0,-31.0
1776887770.6141028,-4.0,-9.0,-25.0
1776887770.6241028,-7.0,-5.0,-26.0
1776887770.6341028,-6.0,-3.0,-31.0
1776887770.6441028,-1.0,-3.0,-33.0
1776887770.6541028,3.0,0.0,-30.0
1776887770.6641028,4.0,-3.0,-32.0
1776887770.6741028,0.0,-4.0,-35.0
1776887770.6841028,0.0,-2.0,-32.0
1776887770.6941028,0.0,-7.0,-38.0
1776887770.7041028,-3.0,-7.0,-34.0
1776887770.7141027,-4.0,-8.0,-31.0
1776887770.7241027,-2.0,-8.0,-27.0
1776887770.7341027,-2.0,-8.0,-29.0
1776887770.7441027,0.0,-9.0,-31.0
1776887770.7541027,-2.0,-9.0,-32.0
1776887770.7641027,-4.0,-6.0,-31.0
1776887770.7741027,-4.0,-2.0,-30.0
1776887770.784103,-2.0,-2.0,-39.0
1776887770.794103,0.0,-6.0,-37.0
1776887770.804103,0.0,-3.0,-36.0
1776887770.8141026,3.0,-4.0,-41.0
1776887770.8241026,1.0,0.0,-46.0
1776887770.8341026,2.0,0.0,-38.0
1776887770.8441026,0.0,1.0,-29.0
1776887770.8541028,2.0,-1.0,-24.0
1776887770.8641028,0.0,-3.0,-28.0
1776887770.8741028,0.0,0.0,-25.0
1776887770.8841028,1.0,0.0,-27.0
1776887770.8941028,1.0,0.0,-30.0
1776887770.9041028,0.0,0.0,-30.0
1776887770.9141028,0.0,-5.0,-34.0
1776887770.9241028,-4.0,-7.0,-32.0
1776887770.9341028,-3.0,-8.0,-30.0
1776887770.9441028,-3.0,-5.0,-33.0
1776887770.9541028,0.0,-5.0,-38.0
1776887770.9641027,0.0,-5.0,-39.0
1776887770.9741027,0.0,-4.0,-41.0
1776887770.9841027,0.0,-2.0,-38.0
1776887770.9941027,1.0,-1.0,-38.0
1776887771.0041027,3.0,-5.0,-37.0
1776887771.0141027,9.0,0.0,-37.0
1776887771.0241027,7.0,0.0,-40.0
1776887771.034103,6.0,-3.0,-38.0
1776887771.044103,8.0,-2.0,-38.0
1776887771.054103,12.0,-3.0,-40.0
1776887771.0641026,9.0,-6.0,-46.0
1776887771.0741026,3.0,-1.0,-44.0
1776887771.0841026,0.0,1.0,-40.0
1776887771.0941026,0.0,0.0,-32.0
1776887771.1041028,3.0,-3.0,-35.0
1776887771.1141028,5.0,-2.0,-38.0
1776887771.1241028,2.0,-2.0,-40.0
1776887771.1341028,-2.0,-5.0,-38.0
1776887771.1441028,2.0,-2.0,-39.0
1776887771.1541028,1.0,-3.0,-42.0
1776887771.1641028,1.0,-5.0,-43.0
1776887771.1741028,2.0,-2.0,-39.0
1776887771.1841028,4.0,-1.0,-40.0
1776887771.1941028,1.0,-3.0,-34.0
1776887771.2041028,3.0,-3.0,-30.0
1776887771.2141027,0.0,-2.0,-33.0
1776887771.2241027,1.0,-4.0,-40.0
1776887771.2341027,5.0,-2.0,-37.0
1776887771.2441027,2.0,-1.0,-38.0
1776887771.2541027,1.0,-3.0,-46.0
1776887771.2641027,1.0,-1.0,-43.0
1776887771.2741027,6.0,-2.0,-45.0
1776887771.284103,6.0,-3.0,-45.0
1776887771.294103,4.0,-4.0,-45.0
1776887771.304103,-1.0,-3.0,-44.0
1776887771.3141026,0.0,-2.0,-36.0
1776887771.3241026,0.0,0.0,-38.0
1776887771.3341026,2.0,1.0,-34.0
1776887771.3441026,1.0,0.0,-33.0
1776887771.3541028,1.0,0.0,-40.0
1776887771.3641028,-1.0,2.0,-39.0
1776887771.3741028,-2.0,3.0,-39.0
1776887771.3841028,0.0,1.0,-46.0
1776887771.3941028,2.0,3.0,-44.0
1776887771.4041028,0.0,3.0,-43.0
1776887771.4141028,0.0,4.0,-41.0
1776887771.4241028,3.0,0.0,-37.0
1776887771.4341028,1.0,-2.0,-35.0
1776887771.4441028,3.0,-3.0,-35.0
1776887771.4541028,0.0,0.0,-41.0
1776887771.4641027,0.0,1.0,-45.0
1776887771.4741027,-2.0,0.0,-46.0
1776887771.4841027,-1.0,2.0,-43.0
1776887771.4941027,1.0,2.0,-42.0
1776887771.5041027,4.0,3.0,-41.0
1776887771.5141027,4.0,1.0,-41.0
1776887771.5241027,0.0,-1.0,-46.0
1776887771.534103,0.0,0.0,-42.0
1776887771.544103,1.0,1.0,-39.0
1776887771.554103,2.0,0.0,-37.0
1776887771.5641026,-1.0,0.0,-39.0
1776887771.5741026,-3.0,0.0,-35.0
1776887771.5841026,0.0,-3.0,-30.0
1776887771.5941026,1.0,-5.0,-35.0
1776887771.6041028,7.0,-6.0,-36.0
1776887771.6141028,-1.0,-6.0,-39.0
1776887771.6241028,-6.0,-2.0,-38.0
1776887771.6341028,-2.0,-2.0,-38.0
1776887771.6441028,0.0,-2.0,-36.0
1776887771.6541028,-1.0,-3.0,-31.0
1776887771.6641028,-1.0,-1.0,-32.0
1776887771.6741028,-4.0,-1.0,-28.0
1776887771.6841028,-6.0,0.0,-30.0
1776887771.6941028,-5.0,-7.0,-29.0
1776887771.7041028,-3.0,-4.0,-33.0
1776887771.7141027,-1.0,-2.0,-36.0
1776887771.7241027,3.0,-3.0,-34.0
1776887771.7341027,0.0,-4.0,-44.0
1776887771.7441027,0.0,-3.0,-39.0
1776887771.7541027,1.0,-2.0,-32.0
1776887771.7641027,0.0,-4.0,-30.0
1776887771.7741027,3.0,-4.0,-34.0
1776887771.784103,5.0,-4.0,-33.0
1776887771.794103,9.0,-2.0,-25.0
1776887771.804103,8.0,-5.0,-32.0
1776887771.8141026,5.0,-5.0,-33.0
1776887771.8241026,3.0,-6.0,-33.0
1776887771.8341026,3.0,-5.0,-36.0
1776887771.8441026,4.0,-2.0,-37.0
1776887771.8541028,0.0,0.0,-37.0
1776887771.8641028,0.0,0.0,-37.0
1776887771.8741028,4.0,0.0,-43.0
1776887771.8841028,2.0,-6.0,-43.0
1776887771.8941028,6.0,-8.0,-40.0
1776887771.9041028,6.0,-5.0,-36.0
1776887771.9141028,3.0,-7.0,-35.0
1776887771.9241028,2.0,-4.0,-43.0
1776887771.9341028,0.0,-3.0,-46.0
1776887771.9441028,0.0,-2.0,-43.0
1776887771.9541028,-3.0,0.0,-39.0
1776887771.9641027,-2.0,-2.0,-37.0
1776887771.9741027,0.0,-3.0,-38.0
1776887771.9841027,-1.0,-1.0,-39.0
1776887771.9941027,-1.0,-3.0,-34.0
1776887772.0041027,-6.0,-6.0,-28.0
1776887772.0141027,-6.0,-5.0,-34.0
1776887772.0241027,-1.0,-2.0,-35.0
1776887772.034103,-5.0,-1.0,-39.0
1776887772.044103,-4.0,-1.0,-40.0
1776887772.054103,0.0,-1.0,-37.0
1776887772.0641026,-4.0,2.0,-41.0
1776887772.0741026,-2.0,2.0,-36.0
1776887772.0841026,3.0,1.0,-36.0
1776887772.0941026,1.0,0.0,-42.0
1776887772.1041028,-2.0,2.0,-43.0
1776887772.1141028,-4.0,-1.0,-47.0
1776887772.1241028,-1.0,-4.0,-47.0
1776887772.1341028,-4.0,-3.0,-51.0
1776887772.1441028,-6.0,-7.0,-47.0
1776887772.1541028,-4.0,-8.0,-47.0
1776887772.1641028,-3.0,-5.0,-39.0
1776887772.1741028,0.0,-5.0,-45.0
1776887772.1841028,0.0,-2.0,-50.0
1776887772.1941028,-4.0,-1.0,-50.0
1776887772.2041028,-4.0,-1.0,-57.0
1776887772.215103,-6.0,-3.0,-53.0
1776887772.225103,-8.0,0.0,-54.0
1776887772.235103,-7.0,0.0,-46.0
1776887772.2451026,-7.0,0.0,-35.0
1776887772.2551026,-5.0,1.0,-35.0
1776887772.2651026,0.0,-3.0,-38.0
1776887772.2751029,-2.0,-2.0,-33.0
1776887772.2851028,-4.0,-4.0,-26.0
1776887772.2951028,-4.0,-7.0,-32.0
1776887772.3051028,-3.0,-6.0,-27.0
1776887772.3151028,0.0,-2.0,-32.0
1776887772.3251028,0.0,0.0,-30.0
1776887772.3351028,7.0,0.0,-29.0
1776887772.3451028,7.0,0.0,-33.0
1776887772.3551028,3.0,1.0,-33.0
1776887772.3651028,1.0,0.0,-37.0
1776887772.3751028,1.0,1.0,-38.0
1776887772.3851027,0.0,0.0,-37.0
1776887772.3951027,-2.0,4.0,-42.0
1776887772.4051027,-2.0,4.0,-38.0
1776887772.4151027,2.0,0.0,-33.0
1776887772.4251027,2.0,-1.0,-35.0
1776887772.4351027,3.0,0.0,-32.0
1776887772.4451027,4.0,-1.0,-27.0
1776887772.4551027,6.0,-1.0,-32.0
1776887772.465103,2.0,0.0,-28.0
1776887772.475103,0.0,-3.0,-33.0
1776887772.485103,-2.0,0.0,-35.0
1776887772.4951026,-2.0,-2.0,-38.0
1776887772.5051026,-7.0,-3.0,-38.0
1776887772.5151026,-5.0,-3.0,-39.0
1776887772.5251029,-4.0,-2.0,-44.0
1776887772.5351028,-7.0,0.0,-47.0
1776887772.5451028,-3.0,2.0,-46.0
1776887772.5551028,1.0,0.0,-48.0
1776887772.5651028,4.0,0.0,-44.0
1776887772.5751028,3.0,-2.0,-40.0
1776887772.5851028,2.0,-3.0,-36.0
1776887772.5951028,-7.0,-7.0,-37.0
1776887772.6051028,-8.0,-6.0,-31.0
1776887772.6151028,-10.0,-3.0,-33.0
1776887772.6251028,-11.0,-4.0,-32.0
1776887772.6351027,-10.0,-7.0,-39.0
1776887772.6451027,-8.0,-6.0,-42.0
1776887772.6551027,-4.0,-4.0,-38.0
1776887772.6651027,0.0,-5.0,-35.0
1776887772.6751027,-2.0,-3.0,-40.0
1776887772.6851027,-3.0,-1.0,-36.0
1776887772.6951027,-1.0,-4.0,-30.0
1776887772.7051027,-3.0,-3.0,-30.0
1776887772.715103,-1.0,-5.0,-34.0
1776887772.725103,0.0,-4.0,-35.0
1776887772.735103,0.0,-3.0,-31.0
1776887772.7451026,-1.0,-3.0,-25.0
1776887772.7551026,-5.0,-1.0,-24.0
1776887772.7651026,0.0,0.0,-20.0
1776887772.7751029,1.0,2.0,-20.0
1776887772.7851028,7.0,2.0,-19.0
1776887772.7951028,9.0,0.0,-25.0
1776887772.8051028,8.0,0.0,-23.0
1776887772.8151028,6.0,2.0,-19.0
1776887772.8251028,8.0,4.0,-24.0
1776887772.8351028,10.0,7.0,-30.0
1776887772.8451028,7.0,3.0,-37.0
1776887772.8551028,9.0,-1.0,-40.0
1776887772.8651028,7.0,-1.0,-49.0
1776887772.8751028,10.0,1.0,-52.0
1776887772.8851027,10.0,0.0,-48.0
1776887772.8951027,8.0,4.0,-47.0
1776887772.9051027,6.0,-1.0,-46.0
1776887772.9151027,3.0,-6.0,-45.0
1776887772.9251027,8.0,-3.0,-41.0
1776887772.9351027,0.0,-5.0,-36.0
1776887772.9451027,0.0,-5.0,-37.0
1776887772.9551027,0.0,-4.0,-34.0
1776887772.965103,-1.0,-6.0,-37.0
1776887772.975103,-3.0,-5.0,-36.0
1776887772.985103,-1.0,-6.0,-28.0
1776887772.9951026,0.0,-3.0,-25.0
1776887773.0051026,0.0,2.0,-25.0
1776887773.0151026,0.0,0.0,-27.0
1776887773.0251029,4.0,3.0,-30.0
1776887773.0351028,3.0,0.0,-27.0
1776887773.0451028,2.0,3.0,-26.0
1776887773.0551028,-1.0,1.0,-36.0
1776887773.0651028,1.0,-2.0,-38.0
1776887773.0751028,-2.0,0.0,-35.0
1776887773.0851028,-1.0,-1.0,-31.0
1776887773.0951028,0.0,0.0,-37.0
1776887773.1051028,0.0,-3.0,-42.0
1776887773.1151028,4.0,-3.0,-35.0
1776887773.1251028,9.0,-6.0,-36.0
1776887773.1351027,5.0,-9.0,-33.0
1776887773.1451027,4.0,-5.0,-36.0
1776887773.1551027,0.0,-6.0,-33.0
1776887773.1651027,-3.0,-4.0,-30.0
1776887773.1751027,0.0,-3.0,-28.0
1776887773.1851027,-1.0,-2.0,-37.0
1776887773.1951027,-2.0,-4.0,-37.0
1776887773.2051027,-3.0,-2.0,-40.0
1776887773.215103,-6.0,-2.0,-46.0
1776887773.225103,-6.0,0.0,-47.0
1776887773.235103,-6.0,1.0,-50.0
1776887773.2451026,-2.0,-1.0,-54.0
1776887773.2551026,0.0,-5.0,-50.0
1776887773.2651026,-1.0,-5.0,-41.0
1776887773.2751029,1.0,-3.0,-45.0
1776887773.2851028,2.0,-3.0,-46.0
1776887773.2951028,1.0,1.0,-46.0
1776887773.3051028,4.0,4.0,-45.0
1776887773.3151028,3.0,3.0,-47.0
1776887773.3251028,3.0,4.0,-53.0
1776887773.3351028,3.0,1.0,-57.0
1776887773.3451028,1.0,0.0,-54.0
1776887773.3551028,1.0,4.0,-53.0
1776887773.3651028,3.0,2.0,-53.0
1776887773.3751028,2.0,0.0,-50.0
1776887773.3851027,0.0,0.0,-45.0
1776887773.3951027,-1.0,-1.0,-42.0
1776887773.4051027,-5.0,-2.0,-38.0
1776887773.4151027,-5.0,-4.0,-32.0
1776887773.4251027,0.0,-2.0,-33.0
1776887773.4351027,1.0,0.0,-29.0
1776887773.4451027,3.0,-2.0,-29.0
1776887773.4551027,3.0,-3.0,-34.0
1776887773.465103,0.0,0.0,-34.0
1776887773.475103,0.0,0.0,-37.0
1776887773.485103,0.0,1.0,-39.0
1776887773.4951026,-4.0,-2.0,-37.0
1776887773.5051026,0.0,-6.0,-36.0
1776887773.5151026,-4.0,-4.0,-36.0
1776887773.5251029,-3.0,-3.0,-41.0
1776887773.5351028,-2.0,-4.0,-42.0
1776887773.5451028,-2.0,-2.0,-33.0
1776887773.5551028,-4.0,-3.0,-33.0
1776887773.5651028,-3.0,-6.0,-37.0
1776887773.5751028,0.0,-6.0,-33.0
1776887773.5851028,0.0,-8.0,-27.0
1776887773.5951028,1.0,-5.0,-23.0
1776887773.6051028,0.0,-3.0,-23.0
1776887773.6151028,0.0,-2.0,-33.0
1776887773.6251028,-3.0,0.0,-35.0
1776887773.6351027,0.0,0.0,-33.0
1776887773.6451027,4.0,-2.0,-31.0
1776887773.6551027,7.0,-8.0,-30.0
1776887773.6651027,1.0,-10.0,-32.0
1776887773.6751027,2.0,-8.0,-30.0
1776887773.6851027,6.0,-4.0,-26.0
1776887773.6951027,2.0,-1.0,-21.0
1776887773.7051027,-2.0,0.0,-19.0
1776887773.715103,-2.0,-2.0,-24.0
1776887773.725103,-8.0,-7.0,-26.0
1776887773.735103,-3.0,-6.0,-24.0
1776887773.7451026,-1.0,-5.0,-30.0
1776887773.7551026,-1.0,-4.0,-37.0
1776887773.7651026,-1.0,0.0,-37.0
1776887773.7751029,1.0,0.0,-33.0
1776887773.7851028,0.0,0.0,-35.0
1776887773.7951028,4.0,-4.0,-36.0
1776887773.8051028,7.0,-5.0,-35.0
1776887773.8151028,2.0,-5.0,-34.0
1776887773.8251028,2.0,0.0,-37.0
1776887773.8351028,3.0,0.0,-42.0
1776887773.8451028,3.0,-3.0,-38.0
1776887773.8551028,0.0,-6.0,-35.0
1776887773.8651028,1.0,-5.0,-40.0
1776887773.8751028,3.0,-5.0,-36.0
1776887773.8851027,4.0,-4.0,-37.0
1776887773.8951027,5.0,-5.0,-39.0
1776887773.9051027,1.0,-2.0,-39.0
1776887773.9151027,5.0,-4.0,-33.0
1776887773.9251027,4.0,-5.0,-35.0
1776887773.9351027,4.0,-1.0,-35.0
1776887773.9451027,-2.0,1.0,-35.0
1776887773.9551027,-6.0,1.0,-37.0
1776887773.965103,-4.0,0.0,-39.0
1776887773.975103,-6.0,0.0,-39.0
1776887773.985103,-6.0,0.0,-40.0
1776887773.9951026,-1.0,1.0,-32.0
1776887774.0051026,0.0,1.0,-30.0
1776887774.0151026,0.0,2.0,-38.0
1776887774.0251029,1.0,0.0,-35.0
1776887774.0351028,-1.0,0.0,-37.0
1776887774.0451028,7.0,-1.0,-33.0
1776887774.0551028,7.0,0.0,-34.0
1776887774.0651028,1.0,1.0,-40.0
1776887774.0751028,0.0,0.0,-36.0
1776887774.0851028,0.0,-4.0,-38.0
1776887774.0951028,-2.0,-5.0,-39.0
1776887774.1051028,3.0,-7.0,-30.0
1776887774.1151028,4.0,-4.0,-30.0
1776887774.1251028,2.0,-5.0,-38.0
1776887774.1351027,1.0,-3.0,-40.0
1776887774.1451027,4.0,-1.0,-48.0
1776887774.1551027,1.0,2.0,-49.0
1776887774.1651027,-5.0,5.0,-55.0
1776887774.1751027,-2.0,6.0,-54.0
1776887774.1851027,0.0,3.0,-45.0
1776887774.1951027,-1.0,0.0,-43.0
1776887774.2051027,-4.0,1.0,-48.0
1776887774.215103,-3.0,0.0,-46.0
1776887774.2261028,0.0,1.0,-43.0
1776887774.235103,3.0,1.0,-41.0
1776887774.2461028,0.0,4.0,-41.0
1776887774.2561028,-1.0,5.0,-38.0
1776887774.2661028,4.0,5.0,-35.0
1776887774.2761028,4.0,2.0,-34.0
1776887774.2861028,8.0,0.0,-27.0
1776887774.2961028,10.0,-7.0,-29.0
1776887774.3061028,9.0,-3.0,-33.0
1776887774.3161027,7.0,-3.0,-33.0
1776887774.3261027,9.0,-2.0,-35.0
1776887774.3361027,9.0,0.0,-34.0
1776887774.3461027,10.0,1.0,-31.0
1776887774.3561027,9.0,-3.0,-39.0
1776887774.3661027,5.0,0.0,-42.0
1776887774.3761027,3.0,1.0,-44.0
1776887774.386103,-2.0,2.0,-46.0
1776887774.396103,-4.0,-1.0,-43.0
1776887774.406103,-4.0,1.0,-37.0
1776887774.4161026,2.0,0.0,-42.0
1776887774.4261026,1.0,0.0,-41.0
1776887774.4361026,5.0,0.0,-39.0
1776887774.4461029,6.0,-6.0,-34.0
1776887774.4561028,1.0,-8.0,-32.0
1776887774.4661028,0.0,-6.0,-43.0
1776887774.4761028,0.0,-9.0,-44.0
1776887774.4861028,-3.0,-8.0,-38.0
1776887774.4961028,-2.0,-6.0,-34.0
1776887774.5061028,-4.0,-5.0,-36.0
1776887774.5161028,-2.0,-4.0,-36.0
1776887774.5261028,-1.0,-2.0,-34.0
1776887774.5361028,0.0,-1.0,-39.0
1776887774.5461028,0.0,0.0,-43.0
1776887774.5561028,-5.0,1.0,-40.0
1776887774.5661027,-7.0,-5.0,-37.0
1776887774.5761027,-5.0,-6.0,-38.0
1776887774.5861027,0.0,-2.0,-37.0
1776887774.5961027,1.0,-1.0,-34.0
1776887774.6061027,2.0,-2.0,-32.0
1776887774.6161027,3.0,-3.0,-35.0
1776887774.6261027,4.0,-4.0,-41.0
1776887774.636103,3.0,-5.0,-36.0
1776887774.646103,3.0,-4.0,-35.0
1776887774.656103,4.0,-2.0,-36.0
1776887774.6661026,4.0,0.0,-40.0
1776887774.6761026,-1.0,2.0,-39.0
1776887774.6861026,-4.0,-1.0,-39.0
1776887774.6961029,-5.0,1.0,-36.0
1776887774.7061028,-2.0,-1.0,-35.0
1776887774.7161028,0.0,-1.0,-31.0
1776887774.7261028,3.0,1.0,-28.0
1776887774.7361028,5.0,3.0,-28.0
1776887774.7461028,6.0,4.0,-29.0
1776887774.7561028,1.0,4.0,-28.0
1776887774.7661028,0.0,2.0,-25.0
1776887774.7761028,0.0,1.0,-25.0
1776887774.7861028,-2.0,0.0,-32.0
1776887774.7961028,-3.0,0.0,-35.0
1776887774.8061028,-2.0,-4.0,-38.0
1776887774.8161027,-1.0,-1.0,-33.0
1776887774.8261027,0.0,-1.0,-33.0
1776887774.8361027,-2.0,-4.0,-32.0
1776887774.8461027,4.0,-4.0,-34.0
1776887774.8561027,5.0,-4.0,-34.0
1776887774.8661027,6.0,-1.0,-36.0
1776887774.8761027,2.0,0.0,-34.0
1776887774.886103,2.0,0.0,-36.0
1776887774.896103,2.0,0.0,-35.0
1776887774.906103,2.0,3.0,-39.0
1776887774.9161026,0.0,0.0,-34.0
1776887774.9261026,-1.0,0.0,-33.0
1776887774.9361026,-5.0,-1.0,-28.0
1776887774.9461029,-8.0,-2.0,-23.0
1776887774.9561028,-9.0,0.0,-30.0
1776887774.9661028,-4.0,0.0,-29.0
1776887774.9761028,-6.0,3.0,-30.0
1776887774.9861028,-3.0,1.0,-33.0
1776887774.9961028,-1.0,0.0,-34.0
1776887775.0061028,-3.0,2.0,-34.0
1776887775.0161028,-3.0,5.0,-36.0
1776887775.0261028,0.0,4.0,-34.0
1776887775.0361028,3.0,4.0,-34.0
1776887775.0461028,2.0,5.0,-37.0
1776887775.0561028,1.0,7.0,-37.0
1776887775.0661027,-1.0,3.0,-39.0
1776887775.0761027,0.0,0.0,-32.0
1776887775.0861027,0.0,-2.0,-36.0
1776887775.0961027,0.0,-5.0,-32.0
1776887775.1061027,-2.0,-6.0,-30.0
1776887775.1161027,4.0,-5.0,-31.0
1776887775.1261027,0.0,-7.0,-30.0
1776887775.136103,-1.0,-4.0,-33.0
1776887775.146103,0.0,-9.0,-33.0
1776887775.156103,0.0,-7.0,-34.0
1776887775.1661026,-2.0,-5.0,-30.0
1776887775.1761026,0.0,-3.0,-30.0
1776887775.1861026,-1.0,0.0,-30.0
1776887775.1961029,0.0,-1.0,-34.0
1776887775.2061028,2.0,-4.0,-40.0
1776887775.2161028,0.0,-3.0,-44.0
1776887775.2261028,1.0,0.0,-43.0
1776887775.2361028,1.0,-2.0,-42.0
1776887775.2461028,-2.0,-1.0,-40.0
1776887775.2561028,-1.0,0.0,-37.0
1776887775.2661028,0.0,0.0,-38.0
1776887775.2761028,4.0,-2.0,-38.0
1776887775.2861028,4.0,-2.0,-37.0
1776887775.2961028,0.0,-8.0,-36.0
1776887775.3061028,2.0,-7.0,-34.0
1776887775.3161027,0.0,-9.0,-36.0
1776887775.3261027,6.0,-6.0,-39.0
1776887775.3361027,0.0,-5.0,-38.0
1776887775.3461027,1.0,-2.0,-45.0
1776887775.3561027,4.0,0.0,-48.0
1776887775.3661027,2.0,-1.0,-49.0
1776887775.3761027,7.0,2.0,-42.0
1776887775.386103,9.0,-1.0,-42.0
1776887775.396103,6.0,0.0,-41.0
1776887775.406103,7.0,-6.0,-41.0
1776887775.4161026,0.0,-6.0,-45.0
1776887775.4261026,-1.0,-7.0,-37.0
1776887775.4361026,-2.0,-8.0,-34.0
1776887775.4461029,-3.0,-8.0,-31.0
1776887775.4561028,0.0,-2.0,-34.0
1776887775.4661028,-3.0,0.0,-41.0
1776887775.4761028,-2.0,-2.0,-40.0
1776887775.4861028,2.0,-5.0,-38.0
1776887775.4961028,3.0,-3.0,-41.0
1776887775.5061028,5.0,-2.0,-40.0
1776887775.5161028,5.0,-1.0,-42.0
1776887775.5261028,6.0,-1.0,-36.0
1776887775.5361028,7.0,0.0,-31.0
1776887775.5461028,8.0,-1.0,-34.0
1776887775.5561028,3.0,-7.0,-33.0
1776887775.5661027,5.0,-2.0,-33.0
1776887775.5761027,3.0,-1.0,-31.0
1776887775.5861027,5.0,0.0,-36.0
1776887775.5961027,7.0,0.0,-36.0
1776887775.6061027,7.0,3.0,-39.0
1776887775.6161027,8.0,4.0,-34.0
1776887775.6261027,5.0,0.0,-33.0
1776887775.636103,-4.0,0.0,-36.0
1776887775.646103,-6.0,-1.0,-37.0
1776887775.656103,-2.0,0.0,-37.0
1776887775.6661026,-5.0,5.0,-38.0
1776887775.6761026,-4.0,6.0,-32.0
1776887775.6861026,-2.0,1.0,-32.0
1776887775.6961029,0.0,2.0,-34.0
1776887775.7061028,-1.0,1.0,-42.0
1776887775.7161028,2.0,-1.0,-36.0
1776887775.7261028,6.0,-2.0,-42.0
1776887775.7361028,5.0,-6.0,-42.0
1776887775.7461028,2.0,-4.0,-41.0
1776887775.7561028,5.0,-5.0,-34.0
1776887775.7661028,8.0,-3.0,-34.0
1776887775.7761028,14.0,-4.0,-34.0
1776887775.7861028,12.0,-4.0,-43.0
1776887775.7961028,11.0,-6.0,-41.0
1776887775.8061028,8.0,-6.0,-35.0
1776887775.8161027,4.0,-3.0,-45.0
1776887775.8261027,2.0,-3.0,-42.0
1776887775.8361027,0.0,-1.0,-42.0
1776887775.8461027,0.0,0.0,-44.0
1776887775.8561027,2.0,-1.0,-42.0
1776887775.8661027,0.0,-1.0,-44.0
1776887775.8761027,0.0,1.0,-48.0
1776887775.886103,-2.0,0.0,-46.0
1776887775.896103,-4.0,4.0,-39.0
1776887775.906103,-5.0,5.0,-42.0
1776887775.9161026,-4.0,1.0,-46.0
1776887775.9261026,-1.0,0.0,-54.0
1776887775.9361026,-1.0,-4.0,-51.0
1776887775.9461029,1.0,-1.0,-41.0
1776887775.9561028,1.0,-4.0,-38.0
1776887775.9661028,3.0,-5.0,-41.0
1776887775.9761028,3.0,-6.0,-40.0
1776887775.9861028,0.0,-6.0,-39.0
1776887775.9961028,0.0,-5.0,-37.0
1776887776.0061028,5.0,-4.0,-41.0
1776887776.0161028,6.0,-3.0,-39.0
1776887776.0261028,4.0,-5.0,-40.0
1776887776.0361028,0.0,-2.0,-49.0
1776887776.0461028,-5.0,-3.0,-45.0
1776887776.0561028,-9.0,-5.0,-42.0
1776887776.0661027,-4.0,0.0,-41.0
1776887776.0761027,-4.0,-4.0,-46.0
1776887776.0861027,-4.0,-1.0,-43.0
1776887776.0961027,-6.0,-1.0,-41.0
1776887776.1061027,-1.0,-3.0,-39.0
1776887776.1161027,-2.0,-5.0,-44.0
1776887776.1261027,0.0,-4.0,-36.0
1776887776.136103,1.0,-5.0,-30.0
1776887776.146103,2.0,-7.0,-31.0
1776887776.156103,0.0,-4.0,-35.0
1776887776.1661026,-2.0,-3.0,-33.0
1776887776.1761026,2.0,0.0,-36.0
1776887776.1861026,1.0,3.0,-44.0
1776887776.1971028,-3.0,1.0,-44.0
1776887776.2061028,-6.0,-1.0,-44.0
1776887776.2161028,-5.0,0.0,-40.0
1776887776.2271028,-6.0,1.0,-45.0
1776887776.2371027,-6.0,1.0,-42.0
1776887776.2471027,-4.0,2.0,-40.0
1776887776.2571027,-3.0,2.0,-40.0
1776887776.2671027,-2.0,0.0,-41.0
1776887776.2771027,-1.0,-6.0,-40.0
1776887776.2871027,2.0,-5.0,-42.0
1776887776.2971027,4.0,-9.0,-42.0
1776887776.307103,6.0,-10.0,-38.0
1776887776.317103,4.0,-10.0,-38.0
1776887776.327103,5.0,-8.0,-40.0
1776887776.337103,1.0,-4.0,-44.0
1776887776.3471026,2.0,-2.0,-39.0
1776887776.3571026,1.0,0.0,-34.0
1776887776.3671026,2.0,-4.0,-28.0
1776887776.3771029,0.0,-2.0,-23.0
1776887776.3871028,2.0,2.0,-21.0
1776887776.3971028,2.0,4.0,-20.0
1776887776.4071028,2.0,4.0,-22.0
1776887776.4171028,1.0,2.0,-22.0
1776887776.4271028,0.0,-1.0,-20.0
1776887776.4371028,-3.0,-2.0,-19.0
1776887776.4471028,-5.0,-2.0,-23.0
1776887776.4571028,-5.0,-6.0,-29.0
1776887776.4671028,-7.0,-1.0,-35.0
1776887776.4771028,-2.0,-3.0,-42.0
1776887776.4871027,0.0,-4.0,-38.0
1776887776.4971027,1.0,-4.0,-41.0
1776887776.5071027,5.0,0.0,-40.0
1776887776.5171027,-1.0,2.0,-44.0
1776887776.5271027,-1.0,4.0,-41.0
1776887776.5371027,1.0,3.0,-44.0
1776887776.5471027,5.0,2.0,-43.0
1776887776.557103,6.0,3.0,-38.0
1776887776.567103,8.0,0.0,-32.0
1776887776.577103,9.0,-5.0,-30.0
1776887776.587103,4.0,-5.0,-31.0
1776887776.5971026,2.0,-3.0,-31.0
1776887776.6071026,-2.0,-8.0,-36.0
1776887776.6171026,-3.0,-7.0,-34.0
1776887776.6271029,1.0,-9.0,-36.0
1776887776.6371028,1.0,-9.0,-37.0
1776887776.6471028,3.0,-7.0,-40.0
1776887776.6571028,2.0,-4.0,-41.0
1776887776.6671028,3.0,-6.0,-41.0
1776887776.6771028,0.0,-8.0,-43.0
1776887776.6871028,0.0,-8.0,-39.0
1776887776.6971028,3.0,-10.0,-30.0
1776887776.7071028,0.0,-9.0,-31.0
1776887776.7171028,4.0,-6.0,-33.0
1776887776.7271028,3.0,-8.0,-37.0
1776887776.7371027,0.0,-3.0,-30.0
1776887776.7471027,-2.0,-5.0,-35.0
1776887776.7571027,-4.0,-4.0,-34.0
1776887776.7671027,-6.0,-4.0,-32.0
1776887776.7771027,-6.0,-2.0,-34.0
1776887776.7871027,-5.0,2.0,-36.0
1776887776.7971027,-6.0,2.0,-39.0
1776887776.807103,-4.0,0.0,-32.0
1776887776.817103,-3.0,-2.0,-22.0
1776887776.827103,0.0,-1.0,-26.0
1776887776.837103,3.0,0.0,-33.0
1776887776.8471026,0.0,0.0,-31.0
1776887776.8571026,0.0,2.0,-25.0
1776887776.8671026,0.0,0.0,-28.0
1776887776.8771029,0.0,1.0,-32.0
1776887776.8871028,0.0,1.0,-34.0
1776887776.8971028,0.0,0.0,-34.0
1776887776.9071028,-1.0,0.0,-33.0
1776887776.9171028,-2.0,4.0,-33.0
1776887776.9271028,-2.0,2.0,-36.0
1776887776.9371028,0.0,1.0,-32.0
1776887776.9471028,0.0,0.0,-33.0
1776887776.9571028,1.0,2.0,-34.0
1776887776.9671028,-1.0,0.0,-34.0
1776887776.9771028,-3.0,0.0,-43.0
1776887776.9871027,-2.0,0.0,-40.0
1776887776.9971027,-2.0,1.0,-36.0
1776887777.0071027,-2.0,1.0,-35.0
1776887777.0171027,0.0,2.0,-37.0
1776887777.0271027,2.0,1.0,-33.0
1776887777.0371027,5.0,0.0,-35.0
1776887777.0471027,6.0,-1.0,-34.0
1776887777.057103,3.0,-1.0,-38.0
1776887777.067103,9.0,-2.0,-38.0
1776887777.077103,7.0,0.0,-33.0
1776887777.087103,8.0,3.0,-44.0
1776887777.0971026,4.0,1.0,-45.0
1776887777.1071026,3.0,0.0,-42.0
1776887777.1171026,3.0,0.0,-39.0
1776887777.1271029,1.0,3.0,-33.0
1776887777.1371028,1.0,5.0,-35.0
1776887777.1471028,2.0,1.0,-37.0
1776887777.1571028,0.0,2.0,-32.0
1776887777.1671028,-1.0,0.0,-28.0
1776887777.1771028,-3.0,6.0,-31.0
1776887777.1871028,-4.0,3.0,-31.0
1776887777.1971028,-3.0,7.0,-35.0
1776887777.2071028,-5.0,5.0,-37.0
1776887777.2171028,-4.0,5.0,-48.0
1776887777.2271028,-3.0,4.0,-45.0
1776887777.2371027,-2.0,0.0,-44.0
1776887777.2471027,-3.0,-3.0,-40.0
1776887777.2571027,0.0,-2.0,-42.0
1776887777.2671027,-2.0,-2.0,-38.0
1776887777.2771027,-1.0,0.0,-33.0
1776887777.2871027,5.0,1.0,-34.0
1776887777.2971027,4.0,-2.0,-39.0
1776887777.307103,5.0,-8.0,-38.0
1776887777.317103,5.0,-8.0,-38.0
1776887777.327103,7.0,-9.0,-35.0
1776887777.337103,4.0,-8.0,-30.0
1776887777.3471026,-1.0,-8.0,-33.0
1776887777.3571026,-3.0,-6.0,-34.0
1776887777.3671026,0.0,-1.0,-37.0
1776887777.3771029,2.0,-2.0,-39.0
1776887777.3871028,1.0,-6.0,-36.0
1776887777.3971028,4.0,-8.0,-40.0
1776887777.4071028,4.0,-5.0,-43.0
1776887777.4171028,2.0,-6.0,-35.0
1776887777.4271028,-1.0,-5.0,-40.0
1776887777.4371028,2.0,-4.0,-43.0
1776887777.4471028,2.0,-5.0,-43.0
1776887777.4571028,-6.0,-3.0,-32.0
1776887777.4671028,-2.0,-3.0,-40.0
1776887777.4771028,3.0,0.0,-39.0
1776887777.4871027,3.0,0.0,-34.0
1776887777.4971027,4.0,-1.0,-35.0
1776887777.5071027,-3.0,0.0,-38.0
1776887777.5171027,-7.0,1.0,-43.0
1776887777.5271027,-11.0,3.0,-43.0
1776887777.5371027,-8.0,3.0,-41.0
1776887777.5471027,-4.0,6.0,-43.0
1776887777.557103,-6.0,8.0,-35.0
1776887777.567103,-5.0,6.0,-40.0
1776887777.577103,-2.0,4.0,-46.0
1776887777.587103,-1.0,7.0,-41.0
1776887777.5971026,-4.0,3.0,-40.0
1776887777.6071026,0.0,3.0,-45.0
1776887777.6171026,0.0,3.0,-50.0
1776887777.6271029,-1.0,2.0,-47.0
1776887777.6371028,-2.0,2.0,-41.0
1776887777.6471028,0.0,1.0,-34.0
1776887777.6571028,-2.0,0.0,-29.0
1776887777.6671028,0.0,1.0,-21.0
1776887777.6771028,-1.0,0.0,-27.0
1776887777.6871028,0.0,-2.0,-28.0
1776887777.6971028,0.0,-6.0,-25.0
1776887777.7071028,5.0,-2.0,-26.0
1776887777.7171028,4.0,-4.0,-34.0
1776887777.7271028,6.0,-5.0,-32.0
1776887777.7371027,1.0,-5.0,-33.0
1776887777.7471027,0.0,-4.0,-33.0
1776887777.7571027,1.0,0.0,-35.0
1776887777.7671027,0.0,-1.0,-37.0
1776887777.7771027,0.0,-2.0,-42.0
1776887777.7871027,-1.0,-3.0,-40.0
1776887777.7971027,-2.0,-5.0,-39.0
1776887777.807103,1.0,-8.0,-41.0
1776887777.817103,3.0,-13.0,-40.0
1776887777.827103,3.0,-10.0,-37.0
1776887777.837103,1.0,-10.0,-40.0
1776887777.8471026,-1.0,-9.0,-38.0
1776887777.8571026,0.0,-8.0,-33.0
1776887777.8671026,0.0,-10.0,-33.0
1776887777.8771029,-8.0,-11.0,-36.0
1776887777.8871028,-7.0,-8.0,-44.0
1776887777.8971028,-9.0,-6.0,-49.0
1776887777.9071028,-8.0,-6.0,-47.0
1776887777.9171028,-7.0,-6.0,-50.0
1776887777.9271028,-6.0,-6.0,-51.0
1776887777.9371028,-3.0,-9.0,-48.0
1776887777.9471028,-2.0,-10.0,-49.0
1776887777.9571028,-2.0,-5.0,-48.0
1776887777.9671028,4.0,-1.0,-47.0
1776887777.9771028,7.0,0.0,-46.0
1776887777.9871027,12.0,0.0,-48.0
1776887777.9971027,12.0,2.0,-49.0
1776887778.0071027,7.0,0.0,-44.0
1776887778.0171027,3.0,4.0,-41.0
1776887778.0271027,2.0,9.0,-44.0
1776887778.0371027,4.0,7.0,-38.0
1776887778.0471027,-1.0,3.0,-37.0
1776887778.057103,-2.0,0.0,-38.0
1776887778.067103,-1.0,0.0,-35.0
1776887778.077103,-1.0,2.0,-37.0
1776887778.087103,-1.0,-1.0,-37.0
1776887778.0971026,-1.0,0.0,-42.0
1776887778.1071026,-5.0,-7.0,-43.0
1776887778.1171026,-5.0,-4.0,-46.0
1776887778.1271029,-2.0,-6.0,-49.0
1776887778.1371028,-1.0,-5.0,-46.0
1776887778.1471028,-1.0,0.0,-47.0
1776887778.1571028,2.0,3.0,-43.0
1776887778.1671028,3.0,0.0,-30.0
1776887778.1771028,4.0,2.0,-25.0
1776887778.1871028,6.0,1.0,-24.0
1776887778.1981027,3.0,3.0,-24.0
1776887778.2071028,4.0,0.0,-22.0
1776887778.2171028,4.0,-2.0,-26.0
1776887778.2271028,0.0,-5.0,-23.0
1776887778.238103,2.0,-5.0,-22.0
1776887778.248103,3.0,-6.0,-24.0
1776887778.258103,0.0,-5.0,-30.0
1776887778.2681026,-1.0,-3.0,-38.0
1776887778.2781026,-1.0,-2.0,-41.0
1776887778.2881026,1.0,-5.0,-44.0
1776887778.2981029,6.0,-8.0,-36.0
1776887778.3081028,3.0,-6.0,-33.0
1776887778.3181028,2.0,-4.0,-30.0
1776887778.3281028,5.0,-1.0,-29.0
1776887778.3381028,5.0,0.0,-27.0
1776887778.3481028,0.0,-2.0,-28.0
1776887778.3581028,3.0,-1.0,-27.0
1776887778.3681028,7.0,-1.0,-30.0
1776887778.3781028,6.0,0.0,-31.0
1776887778.3881028,8.0,1.0,-36.0
1776887778.3981028,8.0,3.0,-32.0
1776887778.4081028,7.0,-1.0,-33.0
1776887778.4181027,4.0,0.0,-36.0
1776887778.4281027,3.0,-3.0,-41.0
1776887778.4381027,5.0,-2.0,-41.0
1776887778.4481027,12.0,0.0,-40.0
1776887778.4581027,9.0,0.0,-29.0
1776887778.4681027,2.0,1.0,-32.0
1776887778.4781027,2.0,0.0,-37.0
1776887778.488103,-3.0,0.0,-32.0
1776887778.498103,-6.0,-5.0,-30.0
1776887778.508103,-5.0,-3.0,-38.0
1776887778.5181026,-3.0,-5.0,-43.0
1776887778.5281026,-4.0,-2.0,-41.0
1776887778.5381026,-4.0,-4.0,-35.0
1776887778.5481029,-1.0,-5.0,-26.0
1776887778.5581028,1.0,-3.0,-25.0
1776887778.5681028,0.0,0.0,-32.0
1776887778.5781028,0.0,1.0,-35.0
1776887778.5881028,-2.0,1.0,-35.0
1776887778.5981028,-1.0,2.0,-37.0
1776887778.6081028,-2.0,4.0,-41.0
1776887778.6181028,0.0,3.0,-38.0
1776887778.6281028,0.0,3.0,-35.0
1776887778.6381028,-1.0,-2.0,-36.0
1776887778.6481028,-2.0,-5.0,-31.0
1776887778.6581028,-3.0,-11.0,-27.0
1776887778.6681027,4.0,-12.0,-30.0
1776887778.6781027,6.0,-7.0,-28.0
1776887778.6881027,6.0,-5.0,-30.0
1776887778.6981027,0.0,-1.0,-27.0
1776887778.7081027,-1.0,0.0,-26.0
1776887778.7181027,0.0,-3.0,-29.0
1776887778.7281027,2.0,0.0,-30.0
1776887778.738103,0.0,0.0,-29.0
1776887778.748103,-4.0,0.0,-34.0
1776887778.758103,-7.0,-2.0,-34.0
1776887778.7681026,-5.0,-3.0,-35.0
1776887778.7781026,-3.0,0.0,-34.0
1776887778.7881026,-3.0,-1.0,-41.0
1776887778.7981029,-5.0,1.0,-41.0
1776887778.8081028,-8.0,4.0,-34.0
1776887778.8181028,-3.0,8.0,-35.0
1776887778.8281028,2.0,6.0,-35.0
1776887778.8381028,2.0,6.0,-33.0
1776887778.8481028,2.0,-1.0,-39.0
1776887778.8581028,1.0,-2.0,-41.0
1776887778.8681028,0.0,4.0,-40.0
1776887778.8781028,1.0,1.0,-41.0
1776887778.8881028,7.0,-2.0,-44.0
1776887778.8981028,7.0,-2.0,-45.0
1776887778.9081028,6.0,-1.0,-43.0
1776887778.9181027,0.0,-3.0,-43.0
1776887778.9281027,-4.0,-3.0,-41.0
1776887778.9381027,-5.0,-4.0,-37.0
1776887778.9481027,-7.0,-2.0,-28.0
1776887778.9581027,-8.0,0.0,-27.0
1776887778.9681027,-6.0,2.0,-23.0
1776887778.9781027,-9.0,3.0,-27.0
1776887778.988103,-8.0,3.0,-26.0
1776887778.998103,-8.0,6.0,-33.0
1776887779.008103,-1.0,2.0,-39.0
1776887779.0181026,8.0,0.0,-37.0
1776887779.0281026,11.0,0.0,-34.0
1776887779.0381026,7.0,4.0,-33.0
1776887779.0481029,6.0,3.0,-32.0
1776887779.0581028,5.0,-1.0,-32.0
1776887779.0681028,4.0,0.0,-38.0
1776887779.0781028,-1.0,1.0,-35.0
1776887779.0881028,-6.0,2.0,-30.0
1776887779.0981028,-10.0,2.0,-33.0
1776887779.1081028,-13.0,-2.0,-38.0
1776887779.1181028,-11.0,-2.0,-35.0
1776887779.1281028,-12.0,-2.0,-38.0
1776887779.1381028,-10.0,-1.0,-39.0
1776887779.1481028,-7.0,0.0,-40.0
1776887779.1581028,-11.0,-1.0,-45.0
1776887779.1681027,-10.0,-1.0,-49.0
1776887779.1781027,-7.0,-2.0,-54.0
1776887779.1881027,-5.0,-4.0,-46.0
1776887779.1981027,0.0,-2.0,-47.0
1776887779.2081027,-2.0,-3.0,-39.0
1776887779.2181027,-4.0,-3.0,-40.0
1776887779.2281027,-2.0,0.0,-39.0
1776887779.238103,-2.0,-3.0,-40.0
1776887779.248103,-2.0,-1.0,-40.0
1776887779.258103,-4.0,-1.0,-35.0
1776887779.2681026,-4.0,0.0,-35.0
1776887779.2781026,0.0,1.0,-37.0
1776887779.2881026,0.0,-4.0,-39.0
1776887779.2981029,0.0,-4.0,-40.0
1776887779.3081028,0.0,-1.0,-36.0
1776887779.3181028,1.0,-4.0,-38.0
1776887779.3281028,1.0,-3.0,-37.0
1776887779.3381028,4.0,0.0,-39.0
1776887779.3481028,6.0,3.0,-39.0
1776887779.3581028,6.0,0.0,-40.0
1776887779.3681028,5.0,0.0,-36.0
1776887779.3781028,8.0,0.0,-31.0
1776887779.3881028,12.0,-3.0,-29.0
1776887779.3981028,6.0,-5.0,-28.0
1776887779.4081028,2.0,-4.0,-32.0
1776887779.4181027,1.0,-4.0,-32.0
1776887779.4281027,0.0,-4.0,-40.0
1776887779.4381027,1.0,-3.0,-37.0
1776887779.4481027,1.0,-3.0,-27.0
1776887779.4581027,3.0,0.0,-29.0
1776887779.4681027,1.0,0.0,-25.0
1776887779.4781027,0.0,0.0,-30.0
1776887779.488103,2.0,-5.0,-32.0
1776887779.498103,0.0,-7.0,-31.0
1776887779.508103,1.0,-3.0,-33.0
1776887779.5181026,2.0,-2.0,-38.0
1776887779.5281026,0.0,-4.0,-44.0
1776887779.5381026,3.0,-5.0,-49.0
1776887779.5481029,5.0,-8.0,-41.0
1776887779.5581028,6.0,-5.0,-44.0
1776887779.5681028,2.0,-7.0,-48.0
1776887779.5781028,-1.0,-7.0,-45.0
1776887779.5881028,0.0,-2.0,-41.0
1776887779.5981028,0.0,0.0,-42.0
1776887779.6081028,2.0,2.0,-39.0
1776887779.6181028,4.0,-2.0,-36.0
1776887779.6281028,5.0,-5.0,-29.0
1776887779.6381028,5.0,-7.0,-28.0
1776887779.6481028,1.0,-5.0,-26.0
1776887779.6581028,-1.0,-6.0,-28.0
1776887779.6681027,3.0,-4.0,-35.0
1776887779.6781027,2.0,-6.0,-41.0
1776887779.6881027,0.0,0.0,-48.0
1776887779.6981027,4.0,2.0,-36.0
1776887779.7081027,7.0,-4.0,-34.0
1776887779.7181027,3.0,-8.0,-32.0
1776887779.7281027,0.0,-7.0,-29.0
1776887779.738103,0.0,-5.0,-39.0
1776887779.748103,0.0,-1.0,-45.0
1776887779.758103,0.0,-1.0,-47.0
1776887779.7681026,0.0,-1.0,-46.0
1776887779.7781026,2.0,0.0,-49.0
1776887779.7881026,7.0,0.0,-42.0
1776887779.7981029,3.0,-1.0,-40.0
1776887779.8081028,3.0,-2.0,-42.0
1776887779.8181028,3.0,-4.0,-41.0
1776887779.8281028,6.0,-2.0,-40.0
1776887779.8381028,9.0,-2.0,-38.0
1776887779.8481028,5.0,-7.0,-37.0
1776887779.8581028,4.0,-5.0,-42.0
1776887779.8681028,6.0,-4.0,-38.0
1776887779.8781028,2.0,-3.0,-45.0
1776887779.8881028,5.0,-7.0,-42.0
1776887779.8981028,1.0,-5.0,-40.0
1776887779.9081028,0.0,-1.0,-38.0
1776887779.9181027,6.0,-1.0,-42.0
1776887779.9281027,6.0,-2.0,-43.0
1776887779.9381027,2.0,-5.0,-39.0
1776887779.9481027,0.0,-3.0,-33.0
1776887779.9581027,-1.0,-3.0,-35.0
1776887779.9681027,-3.0,-1.0,-33.0
1776887779.9781027,-1.0,-4.0,-38.0
1776887779.988103,-3.0,-5.0,-34.0
1776887779.998103,0.0,-4.0,-33.0
1776887780.008103,0.0,-2.0,-37.0
1776887780.0181026,3.0,-4.0,-39.0
1776887780.0281026,0.0,-4.0,-44.0
1776887780.0381026,1.0,-2.0,-40.0
1776887780.0481029,-1.0,-2.0,-35.0
1776887780.0581028,2.0,1.0,-31.0
1776887780.0681028,1.0,1.0,-36.0
1776887780.0781028,6.0,0.0,-32.0
1776887780.0881028,6.0,0.0,-31.0
1776887780.0981028,9.0,-2.0,-31.0
1776887780.1081028,7.0,-3.0,-31.0
1776887780.1181028,2.0,0.0,-39.0
1776887780.1281028,5.0,2.0,-40.0
1776887780.1381028,8.0,6.0,-43.0
1776887780.1481028,5.0,8.0,-43.0
1776887780.1581028,7.0,5.0,-42.0
1776887780.1681027,6.0,2.0,-41.0
1776887780.1781027,4.0,0.0,-38.0
1776887780.1881027,3.0,1.0,-37.0
1776887780.1981027,3.0,2.0,-30.0
1776887780.2081027,5.0,0.0,-35.0
1776887780.2181027,3.0,2.0,-36.0
1776887780.2281027,4.0,4.0,-34.0
1776887780.2391028,9.0,3.0,-30.0
1776887780.2491028,8.0,0.0,-29.0
1776887780.2591028,5.0,1.0,-33.0
1776887780.2691028,4.0,0.0,-36.0
1776887780.2791028,5.0,4.0,-36.0
1776887780.2891028,6.0,7.0,-28.0
1776887780.2991028,2.0,8.0,-25.0
1776887780.3091028,0.0,5.0,-27.0
1776887780.3191028,2.0,3.0,-36.0
1776887780.3291028,3.0,3.0,-27.0
1776887780.3391027,5.0,4.0,-25.0
1776887780.3491027,1.0,2.0,-30.0
1776887780.3591027,-3.0,-1.0,-38.0
1776887780.3691027,-4.0,0.0,-36.0
1776887780.3791027,-2.0,2.0,-35.0
1776887780.3891027,3.0,1.0,-39.0
1776887780.3991027,3.0,0.0,-40.0
1776887780.409103,2.0,-5.0,-42.0
1776887780.419103,1.0,-7.0,-44.0
1776887780.429103,-1.0,-6.0,-40.0
1776887780.4391026,5.0,-9.0,-45.0
1776887780.4491026,5.0,-6.0,-40.0
1776887780.4591026,0.0,-4.0,-35.0
1776887780.4691026,0.0,0.0,-36.0
1776887780.4791028,-3.0,3.0,-35.0
1776887780.4891028,-5.0,2.0,-39.0
1776887780.4991028,-4.0,-2.0,-41.0
1776887780.5091028,-1.0,0.0,-43.0
1776887780.5191028,-1.0,-1.0,-35.0
1776887780.5291028,-4.0,1.0,-40.0
1776887780.5391028,-5.0,4.0,-34.0
1776887780.5491028,-4.0,4.0,-37.0
1776887780.5591028,-2.0,5.0,-34.0
1776887780.5691028,-5.0,6.0,-34.0
1776887780.5791028,-1.0,6.0,-33.0
1776887780.5891027,1.0,5.0,-34.0
1776887780.5991027,1.0,5.0,-31.0
1776887780.6091027,0.0,0.0,-35.0
1776887780.6191027,-5.0,0.0,-41.0
1776887780.6291027,-3.0,0.0,-41.0
1776887780.6391027,1.0,2.0,-32.0
1776887780.6491027,4.0,-4.0,-32.0
1776887780.659103,4.0,0.0,-40.0
1776887780.669103,3.0,-2.0,-43.0
1776887780.679103,5.0,0.0,-39.0
1776887780.6891026,6.0,1.0,-35.0
1776887780.6991026,3.0,5.0,-37.0
1776887780.7091026,6.0,7.0,-39.0
1776887780.7191026,3.0,2.0,-40.0
1776887780.7291028,7.0,3.0,-31.0
1776887780.7391028,5.0,1.0,-33.0
1776887780.7491028,4.0,-2.0,-35.0
1776887780.7591028,4.0,-4.0,-34.0
1776887780.7691028,2.0,-3.0,-39.0
1776887780.7791028,1.0,-4.0,-40.0
1776887780.7891028,1.0,-2.0,-38.0
1776887780.7991028,0.0,0.0,-39.0
1776887780.8091028,1.0,-1.0,-33.0
1776887780.8191028,2.0,1.0,-36.0
1776887780.8291028,4.0,1.0,-37.0
1776887780.8391027,2.0,2.0,-35.0
1776887780.8491027,0.0,3.0,-40.0
1776887780.8591027,-6.0,2.0,-38.0
1776887780.8691027,-12.0,1.0,-38.0
1776887780.8791027,-9.0,1.0,-35.0
1776887780.8891027,-4.0,0.0,-33.0
1776887780.8991027,-6.0,1.0,-36.0
1776887780.909103,-12.0,2.0,-44.0
1776887780.919103,-9.0,0.0,-44.0
1776887780.929103,-10.0,0.0,-42.0
1776887780.9391026,-5.0,-1.0,-37.0
1776887780.9491026,-1.0,0.0,-36.0
1776887780.9591026,-2.0,-5.0,-42.0
1776887780.9691026,0.0,-6.0,-39.0
1776887780.9791028,2.0,-2.0,-33.0
1776887780.9891028,3.0,3.0,-34.0
1776887780.9991028,0.0,1.0,-28.0
1776887781.0091028,1.0,0.0,-28.0
1776887781.0191028,1.0,1.0,-31.0
1776887781.0291028,-2.0,-1.0,-38.0
1776887781.0401027,1.0,-1.0,-41.0
1776887781.0491028,3.0,0.0,-45.0
1776887781.0591028,1.0,0.0,-41.0
1776887781.0691028,4.0,-2.0,-45.0
1776887781.0791028,2.0,-1.0,-43.0
1776887781.0891027,-4.0,2.0,-41.0
1776887781.0991027,-9.0,1.0,-38.0
1776887781.1091027,-5.0,1.0,-32.0
1776887781.1191027,-2.0,3.0,-38.0
1776887781.1291027,-3.0,2.0,-34.0
1776887781.1391027,-4.0,-1.0,-32.0
1776887781.1491027,-3.0,0.0,-33.0
1776887781.159103,-1.0,0.0,-33.0
1776887781.169103,-1.0,0.0,-35.0
1776887781.179103,-3.0,0.0,-38.0
1776887781.1891026,-6.0,0.0,-43.0
1776887781.1991026,-5.0,2.0,-35.0
1776887781.2091026,-1.0,0.0,-33.0
1776887781.2191026,-2.0,2.0,-34.0
1776887781.2291028,-4.0,0.0,-42.0
1776887781.2391028,-1.0,3.0,-43.0
1776887781.2491028,0.0,5.0,-42.0
1776887781.2591028,3.0,3.0,-38.0
1776887781.2691028,4.0,3.0,-34.0
1776887781.2791028,1.0,-1.0,-27.0
1776887781.2891028,0.0,-4.0,-22.0
1776887781.2991028,-6.0,-4.0,-23.0
1776887781.3091028,-5.0,-4.0,-31.0
1776887781.3191028,-7.0,-5.0,-35.0
1776887781.3291028,0.0,-2.0,-36.0
1776887781.3391027,2.0,-3.0,-33.0
1776887781.3491027,2.0,-7.0,-29.0
1776887781.3591027,0.0,-8.0,-31.0
1776887781.3691027,0.0,-5.0,-31.0
1776887781.3791027,0.0,-3.0,-38.0
1776887781.3891027,-2.0,-1.0,-45.0
1776887781.3991027,-2.0,0.0,-42.0
1776887781.409103,-1.0,0.0,-30.0
1776887781.419103,-3.0,-2.0,-35.0
1776887781.429103,0.0,-3.0,-35.0
1776887781.4391026,5.0,-2.0,-39.0
1776887781.4491026,6.0,-3.0,-41.0
1776887781.4591026,5.0,-7.0,-38.0
1776887781.4691026,1.0,-10.0,-34.0
1776887781.4791028,3.0,-5.0,-32.0
1776887781.4891028,0.0,-5.0,-32.0
1776887781.4991028,-6.0,-9.0,-38.0
1776887781.5091028,-5.0,-11.0,-36.0
1776887781.5191028,-3.0,-11.0,-31.0
1776887781.5291028,-1.0,-5.0,-29.0
1776887781.5391028,-5.0,-1.0,-32.0
1776887781.5491028,-5.0,0.0,-38.0
1776887781.5591028,-2.0,1.0,-40.0
1776887781.5691028,-4.0,0.0,-34.0
1776887781.5791028,-2.0,0.0,-37.0
1776887781.5891027,-3.0,0.0,-38.0
1776887781.5991027,-3.0,1.0,-32.0
1776887781.6091027,0.0,2.0,-37.0
1776887781.6191027,1.0,6.0,-34.0
1776887781.6291027,7.0,2.0,-39.0
1776887781.6391027,2.0,2.0,-37.0
1776887781.6491027,0.0,-1.0,-37.0
1776887781.659103,0.0,0.0,-34.0
1776887781.669103,-2.0,1.0,-35.0
1776887781.679103,-6.0,4.0,-45.0
1776887781.6891026,-3.0,6.0,-41.0
1776887781.6991026,5.0,5.0,-41.0
1776887781.7091026,5.0,1.0,-38.0
1776887781.7191026,5.0,0.0,-29.0
1776887781.7291028,3.0,-3.0,-34.0
1776887781.7391028,4.0,0.0,-36.0
1776887781.7491028,7.0,0.0,-38.0
1776887781.7591028,9.0,2.0,-34.0
1776887781.7691028,3.0,-1.0,-37.0
1776887781.7791028,3.0,-2.0,-40.0
1776887781.7891028,-2.0,-5.0,-44.0
1776887781.7991028,1.0,-7.0,-40.0
1776887781.8091028,0.0,-5.0,-39.0
1776887781.8191028,-5.0,-3.0,-33.0
1776887781.8291028,-4.0,-3.0,-27.0
1776887781.8391027,-4.0,-4.0,-30.0
1776887781.8491027,-1.0,-2.0,-36.0
1776887781.8591027,-3.0,-3.0,-33.0
1776887781.8691027,3.0,-3.0,-34.0
1776887781.8791027,2.0,-2.0,-30.0
1776887781.8891027,5.0,-3.0,-36.0
1776887781.8991027,5.0,-7.0,-36.0
1776887781.909103,-2.0,-4.0,-43.0
1776887781.919103,-6.0,-3.0,-41.0
1776887781.929103,-1.0,2.0,-40.0
1776887781.9391026,2.0,3.0,-36.0
1776887781.9491026,-3.0,2.0,-41.0
1776887781.9591026,-9.0,3.0,-38.0
1776887781.9691026,-7.0,2.0,-46.0
1776887781.9791028,-4.0,2.0,-49.0
1776887781.9891028,-2.0,-4.0,-44.0
1776887781.9991028,-2.0,-7.0,-43.0
1776887782.0091028,-4.0,-5.0,-43.0
1776887782.0191028,-4.0,-3.0,-34.0
1776887782.0291028,-2.0,0.0,-35.0
1776887782.0391028,-3.0,0.0,-38.0
1776887782.0491028,-3.0,0.0,-43.0
1776887782.0591028,-2.0,-5.0,-48.0
1776887782.0691028,-2.0,-4.0,-41.0
1776887782.0791028,-2.0,0.0,-34.0
1776887782.0891027,-2.0,-1.0,-31.0
1776887782.0991027,-1.0,0.0,-32.0
1776887782.1091027,0.0,4.0,-34.0
1776887782.1191027,0.0,0.0,-35.0
1776887782.1291027,3.0,-1.0,-32.0
1776887782.1391027,5.0,-1.0,-37.0
1776887782.1491027,6.0,0.0,-36.0
1776887782.159103,3.0,-3.0,-42.0
1776887782.169103,6.0,-4.0,-46.0
1776887782.179103,6.0,-1.0,-47.0
1776887782.1891026,8.0,-1.0,-43.0
1776887782.1991026,2.0,-1.0,-40.0
1776887782.2091026,4.0,1.0,-40.0
1776887782.2191026,7.0,4.0,-38.0
1776887782.2291028,7.0,1.0,-35.0
1776887782.2401028,4.0,-1.0,-40.0
1776887782.2501028,4.0,2.0,-39.0
1776887782.2601027,4.0,0.0,-41.0
1776887782.2701027,5.0,-4.0,-35.0
1776887782.2801027,4.0,-2.0,-30.0
1776887782.2901027,0.0,-1.0,-29.0
1776887782.3001027,0.0,-3.0,-26.0
1776887782.3101027,0.0,-5.0,-24.0
1776887782.3201027,4.0,-3.0,-29.0
1776887782.3301027,-1.0,-3.0,-35.0
1776887782.340103,-2.0,-5.0,-42.0
1776887782.350103,5.0,-3.0,-35.0
1776887782.360103,4.0,-3.0,-35.0
1776887782.3701026,4.0,0.0,-39.0
1776887782.3801026,4.0,0.0,-32.0
1776887782.3901026,7.0,-1.0,-36.0
1776887782.4001029,8.0,-5.0,-39.0
1776887782.4101028,5.0,-1.0,-37.0
1776887782.4201028,0.0,0.0,-31.0
1776887782.4301028,0.0,0.0,-28.0
1776887782.4401028,-2.0,0.0,-35.0
1776887782.4501028,-3.0,2.0,-37.0
1776887782.4601028,-4.0,1.0,-32.0
1776887782.4701028,-5.0,-2.0,-36.0
1776887782.4801028,-3.0,-6.0,-40.0
1776887782.4901028,-1.0,-4.0,-35.0
1776887782.5001028,-1.0,-7.0,-35.0
1776887782.5101027,0.0,-7.0,-38.0
1776887782.5201027,0.0,-6.0,-36.0
1776887782.5301027,0.0,-5.0,-35.0
1776887782.5401027,-1.0,-3.0,-36.0
1776887782.5501027,-1.0,0.0,-33.0
1776887782.5601027,1.0,3.0,-37.0
1776887782.5701027,4.0,1.0,-37.0
1776887782.5801027,2.0,2.0,-40.0
1776887782.590103,-2.0,2.0,-33.0
1776887782.600103,-1.0,5.0,-36.0
1776887782.610103,0.0,2.0,-34.0
1776887782.6201026,-1.0,-2.0,-29.0
1776887782.6301026,0.0,-4.0,-29.0
1776887782.6401026,3.0,-1.0,-36.0
1776887782.6501029,3.0,-1.0,-33.0
1776887782.6601028,2.0,-2.0,-42.0
1776887782.6701028,-1.0,-4.0,-38.0
1776887782.6801028,-1.0,-1.0,-40.0
1776887782.6901028,5.0,-4.0,-32.0
1776887782.7001028,6.0,-5.0,-29.0
1776887782.7101028,7.0,0.0,-39.0
1776887782.7201028,7.0,-2.0,-42.0
1776887782.7301028,8.0,-1.0,-47.0
1776887782.7401028,11.0,-3.0,-37.0
1776887782.7501028,10.0,-1.0,-35.0
1776887782.7601027,7.0,-1.0,-33.0
1776887782.7701027,0.0,3.0,-28.0
1776887782.7801027,1.0,4.0,-32.0
1776887782.7901027,4.0,0.0,-35.0
1776887782.8001027,1.0,3.0,-34.0
1776887782.8101027,3.0,0.0,-38.0
1776887782.8201027,1.0,-2.0,-32.0
1776887782.8301027,0.0,0.0,-31.0
1776887782.840103,1.0,1.0,-34.0
1776887782.850103,7.0,1.0,-35.0
1776887782.860103,9.0,2.0,-37.0
1776887782.8701026,9.0,3.0,-36.0
1776887782.8801026,8.0,0.0,-31.0
1776887782.8901026,8.0,3.0,-34.0
1776887782.9001029,4.0,0.0,-38.0
1776887782.9101028,4.0,0.0,-38.0
1776887782.9201028,2.0,-2.0,-37.0
1776887782.9301028,0.0,-2.0,-46.0
1776887782.9401028,0.0,-6.0,-41.0
1776887782.9501028,3.0,-11.0,-43.0
1776887782.9601028,1.0,-10.0,-34.0
1776887782.9701028,0.0,-10.0,-36.0
1776887782.9801028,-1.0,-11.0,-34.0
1776887782.9901028,0.0,-8.0,-32.0
1776887783.0001028,6.0,-8.0,-27.0
1776887783.0101027,6.0,-7.0,-33.0
1776887783.0201027,3.0,-5.0,-31.0
1776887783.0301027,4.0,-8.0,-31.0
1776887783.0401027,5.0,-10.0,-30.0
1776887783.0501027,7.0,-3.0,-26.0
1776887783.0601027,6.0,-3.0,-31.0
1776887783.0701027,3.0,-2.0,-36.0
1776887783.0801027,0.0,-1.0,-31.0
1776887783.090103,-2.0,-2.0,-36.0
1776887783.100103,2.0,1.0,-32.0
1776887783.110103,1.0,2.0,-32.0
1776887783.1201026,0.0,0.0,-25.0
1776887783.1301026,-2.0,1.0,-29.0
1776887783.1401026,-7.0,2.0,-35.0
1776887783.1501029,-8.0,2.0,-36.0
1776887783.1601028,-6.0,1.0,-31.0
1776887783.1701028,-8.0,0.0,-31.0
1776887783.1801028,-5.0,0.0,-31.0
1776887783.1901028,-7.0,0.0,-37.0
1776887783.2001028,-6.0,-1.0,-33.0
1776887783.2101028,-4.0,-5.0,-36.0
1776887783.2201028,-3.0,-4.0,-33.0
1776887783.2301028,-3.0,-6.0,-34.0
1776887783.2401028,-2.0,-3.0,-37.0
1776887783.2501028,-3.0,-5.0,-40.0
1776887783.2601027,-1.0,-6.0,-40.0
1776887783.2701027,3.0,-1.0,-45.0
1776887783.2801027,7.0,-1.0,-38.0
1776887783.2901027,6.0,0.0,-39.0
1776887783.3001027,0.0,-2.0,-51.0
1776887783.3101027,4.0,-3.0,-44.0
1776887783.3201027,5.0,-3.0,-36.0
1776887783.3301027,3.0,-4.0,-28.0
1776887783.340103,4.0,-3.0,-28.0
1776887783.350103,1.0,-4.0,-27.0
1776887783.360103,4.0,-2.0,-25.0
1776887783.3701026,5.0,-3.0,-22.0
1776887783.3801026,7.0,-5.0,-20.0
1776887783.3901026,3.0,-6.0,-24.0
1776887783.4001029,4.0,-4.0,-27.0
1776887783.4101028,2.0,-2.0,-31.0
1776887783.4201028,2.0,-2.0,-29.0
1776887783.4301028,3.0,0.0,-27.0
1776887783.4401028,5.0,0.0,-39.0
1776887783.4501028,8.0,1.0,-39.0
1776887783.4601028,4.0,2.0,-40.0
1776887783.4701028,5.0,4.0,-38.0
1776887783.4801028,3.0,3.0,-35.0
1776887783.4901028,1.0,1.0,-28.0
1776887783.5001028,0.0,1.0,-28.0
1776887783.5101027,0.0,0.0,-32.0
1776887783.5201027,-1.0,-1.0,-28.0
1776887783.5301027,0.0,0.0,-31.0
1776887783.5401027,4.0,0.0,-33.0
1776887783.5501027,3.0,1.0,-29.0
1776887783.5601027,0.0,3.0,-31.0
1776887783.5701027,0.0,2.0,-34.0
1776887783.5801027,2.0,7.0,-40.0
1776887783.590103,2.0,4.0,-44.0
1776887783.600103,10.0,4.0,-40.0
1776887783.610103,6.0,2.0,-39.0
1776887783.6201026,6.0,4.0,-40.0
1776887783.6301026,5.0,7.0,-45.0
1776887783.6401026,4.0,3.0,-46.0
1776887783.6501029,5.0,3.0,-46.0
1776887783.6601028,3.0,-2.0,-51.0
1776887783.6701028,3.0,-2.0,-41.0
1776887783.6801028,2.0,-4.0,-43.0
1776887783.6901028,3.0,-3.0,-41.0
1776887783.7001028,4.0,-2.0,-41.0
1776887783.7101028,6.0,-2.0,-37.0
1776887783.7201028,3.0,0.0,-38.0
1776887783.7301028,-1.0,3.0,-36.0
1776887783.7401028,0.0,2.0,-35.0
1776887783.7501028,-1.0,2.0,-31.0
1776887783.7601027,-2.0,3.0,-30.0
1776887783.7701027,-3.0,-1.0,-36.0
1776887783.7801027,-4.0,-4.0,-36.0
1776887783.7901027,-7.0,-4.0,-35.0
1776887783.8001027,-4.0,-4.0,-33.0
1776887783.8101027,-7.0,-9.0,-32.0
1776887783.8201027,-3.0,-9.0,-34.0
1776887783.8301027,0.0,-7.0,-38.0
1776887783.840103,4.0,-4.0,-43.0
1776887783.850103,3.0,-3.0,-39.0
1776887783.860103,6.0,-4.0,-41.0
1776887783.8701026,0.0,-4.0,-37.0
1776887783.8801026,1.0,-4.0,-35.0
1776887783.8901026,4.0,-1.0,-33.0
1776887783.9001029,4.0,2.0,-37.0
1776887783.9101028,4.0,-1.0,-40.0
1776887783.9201028,3.0,-4.0,-36.0
1776887783.9301028,4.0,-2.0,-36.0
1776887783.9401028,0.0,1.0,-34.0
1776887783.9501028,1.0,0.0,-33.0
1776887783.9601028,3.0,0.0,-31.0
1776887783.9701028,2.0,-1.0,-38.0
1776887783.9801028,0.0,-1.0,-42.0
1776887783.9901028,0.0,0.0,-37.0
1776887784.0001028,-4.0,1.0,-29.0
1776887784.0101027,-6.0,0.0,-27.0
1776887784.0201027,-5.0,-4.0,-27.0
1776887784.0301027,-4.0,-6.0,-29.0
1776887784.0401027,-6.0,-6.0,-26.0
1776887784.0501027,-4.0,-5.0,-28.0
1776887784.0601027,-4.0,-6.0,-32.0
1776887784.0701027,-1.0,-3.0,-34.0
1776887784.0801027,0.0,-3.0,-28.0
1776887784.090103,0.0,-3.0,-19.0
1776887784.100103,-1.0,0.0,-24.0
1776887784.110103,1.0,4.0,-30.0
1776887784.1201026,3.0,2.0,-34.0
1776887784.1301026,-1.0,1.0,-30.0
1776887784.1401026,-2.0,0.0,-29.0
1776887784.1501029,-3.0,-3.0,-35.0
1776887784.1601028,-8.0,-3.0,-38.0
1776887784.1701028,-7.0,3.0,-40.0
1776887784.1801028,-4.0,4.0,-47.0
1776887784.1901028,-1.0,1.0,-47.0
1776887784.2001028,-3.0,-2.0,-46.0
1776887784.2101028,-4.0,-5.0,-38.0
1776887784.2201028,-1.0,-5.0,-36.0
1776887784.2301028,-1.0,-8.0,-37.0
1776887784.2401028,-1.0,-11.0,-31.0
1776887784.2511027,3.0,-9.0,-27.0
1776887784.2601027,-1.0,-4.0,-31.0
1776887784.271103,-8.0,-2.0,-37.0
1776887784.281103,-4.0,0.0,-39.0
1776887784.2911026,-4.0,5.0,-40.0
1776887784.3011026,2.0,8.0,-35.0
1776887784.3111026,0.0,9.0,-27.0
1776887784.3211029,1.0,9.0,-37.0
1776887784.3311028,1.0,10.0,-35.0
1776887784.3411028,2.0,7.0,-30.0
1776887784.3511028,1.0,5.0,-28.0
1776887784.3611028,-6.0,0.0,-29.0
1776887784.3711028,-7.0,-3.0,-31.0
1776887784.3811028,-8.0,-3.0,-28.0
1776887784.3911028,-5.0,0.0,-32.0
1776887784.4011028,-2.0,0.0,-37.0
1776887784.4111028,0.0,0.0,-35.0
1776887784.4211028,2.0,-4.0,-32.0
1776887784.4311028,4.0,-2.0,-34.0
1776887784.4411027,2.0,-4.0,-38.0
1776887784.4511027,0.0,-8.0,-38.0
1776887784.4611027,-7.0,-7.0,-39.0
1776887784.4711027,-5.0,-4.0,-40.0
1776887784.4811027,-5.0,-2.0,-42.0
1776887784.4911027,-2.0,-3.0,-38.0
1776887784.5011027,-3.0,0.0,-34.0
1776887784.511103,-3.0,-6.0,-31.0
1776887784.521103,-5.0,-5.0,-23.0
1776887784.531103,-1.0,0.0,-21.0
1776887784.5411026,-3.0,0.0,-28.0
1776887784.5511026,-5.0,1.0,-32.0
1776887784.5611026,-6.0,2.0,-40.0
1776887784.5711029,-3.0,4.0,-44.0
1776887784.5811028,0.0,1.0,-39.0
1776887784.5911028,2.0,2.0,-38.0
1776887784.6011028,3.0,5.0,-37.0
1776887784.6111028,2.0,6.0,-41.0
1776887784.6211028,2.0,4.0,-39.0
1776887784.6311028,1.0,3.0,-37.0
1776887784.6411028,5.0,2.0,-34.0
1776887784.6511028,9.0,5.0,-31.0
1776887784.6611028,7.0,8.0,-39.0
1776887784.6711028,4.0,4.0,-38.0
1776887784.6811028,1.0,3.0,-43.0
1776887784.6911027,1.0,0.0,-40.0
1776887784.7011027,0.0,0.0,-41.0
1776887784.7111027,1.0,-1.0,-43.0
1776887784.7211027,3.0,-3.0,-39.0
1776887784.7311027,-1.0,0.0,-40.0
1776887784.7411027,-4.0,-3.0,-39.0
1776887784.7511027,1.0,0.0,-37.0
1776887784.761103,0.0,0.0,-32.0
1776887784.771103,-2.0,-3.0,-26.0
1776887784.781103,1.0,-4.0,-26.0
1776887784.7911026,4.0,-2.0,-23.0
1776887784.8011026,3.0,-3.0,-23.0
1776887784.8111026,0.0,-6.0,-28.0
1776887784.8211029,5.0,-6.0,-32.0
1776887784.8311028,4.0,-3.0,-37.0
1776887784.8411028,-1.0,-3.0,-38.0
1776887784.8511028,-1.0,0.0,-34.0
1776887784.8611028,-2.0,-5.0,-37.0
1776887784.8711028,-2.0,-7.0,-36.0
1776887784.8811028,-3.0,-4.0,-34.0
1776887784.8911028,3.0,0.0,-31.0
1776887784.9011028,4.0,2.0,-31.0
1776887784.9111028,0.0,1.0,-29.0
1776887784.9211028,0.0,1.0,-30.0
1776887784.9311028,0.0,-1.0,-28.0
1776887784.9411027,0.0,0.0,-27.0
1776887784.9511027,-2.0,-2.0,-37.0
1776887784.9611027,-5.0,-2.0,-35.0
1776887784.9711027,-7.0,0.0,-33.0
1776887784.9811027,-5.0,0.0,-38.0
1776887784.9911027,-7.0,-4.0,-35.0
1776887785.0011027,-7.0,-2.0,-35.0
1776887785.011103,-6.0,2.0,-34.0
1776887785.021103,-3.0,0.0,-27.0
1776887785.031103,-1.0,-4.0,-28.0
1776887785.0411026,0.0,-5.0,-31.0
1776887785.0511026,1.0,-2.0,-34.0
1776887785.0611026,4.0,-3.0,-42.0
1776887785.0711029,4.0,-6.0,-42.0
1776887785.0811028,7.0,-5.0,-40.0
1776887785.0911028,7.0,-7.0,-43.0
1776887785.1011028,5.0,-9.0,-37.0
1776887785.1111028,7.0,-6.0,-40.0
1776887785.1211028,7.0,-8.0,-34.0
1776887785.1311028,6.0,-5.0,-31.0
1776887785.1411028,3.0,-3.0,-35.0
1776887785.1511028,2.0,-2.0,-43.0
1776887785.1611028,2.0,-3.0,-39.0
1776887785.1711028,5.0,-1.0,-35.0
1776887785.1811028,8.0,0.0,-34.0
1776887785.1911027,8.0,-2.0,-29.0
1776887785.2011027,8.0,1.0,-25.0
1776887785.2111027,0.0,1.0,-29.0
1776887785.2211027,4.0,0.0,-27.0
1776887785.2311027,0.0,-1.0,-26.0
1776887785.2411027,-2.0,0.0,-27.0
1776887785.2511027,2.0,0.0,-25.0
1776887785.261103,-3.0,-4.0,-27.0
1776887785.271103,0.0,-1.0,-27.0
1776887785.281103,-1.0,-3.0,-26.0
1776887785.2911026,0.0,0.0,-34.0
1776887785.3011026,-3.0,-4.0,-41.0
1776887785.3111026,-3.0,-7.0,-45.0
1776887785.3211029,-3.0,-11.0,-43.0
1776887785.3311028,-4.0,-9.0,-34.0
1776887785.3411028,0.0,-6.0,-27.0
1776887785.3511028,0.0,-5.0,-27.0
1776887785.3611028,0.0,-4.0,-29.0
1776887785.3711028,-1.0,-6.0,-33.0
1776887785.3811028,-6.0,-4.0,-22.0
1776887785.3911028,-8.0,-3.0,-20.0
1776887785.4011028,-4.0,-3.0,-25.0
1776887785.4111028,-5.0,-4.0,-30.0
1776887785.4211028,-5.0,-2.0,-32.0
1776887785.4311028,0.0,0.0,-26.0
1776887785.4411027,8.0,2.0,-38.0
1776887785.4511027,7.0,0.0,-43.0
1776887785.4611027,9.0,0.0,-47.0
1776887785.4711027,7.0,-2.0,-52.0
1776887785.4811027,5.0,0.0,-54.0
1776887785.4911027,3.0,2.0,-52.0
1776887785.5011027,2.0,3.0,-47.0
1776887785.511103,2.0,1.0,-47.0
1776887785.521103,2.0,4.0,-48.0
1776887785.531103,4.0,3.0,-47.0
1776887785.5411026,1.0,1.0,-45.0
1776887785.5511026,1.0,2.0,-46.0
1776887785.5611026,0.0,3.0,-44.0
1776887785.5711029,0.0,1.0,-40.0
1776887785.5811028,-1.0,6.0,-43.0
1776887785.5911028,0.0,7.0,-42.0
1776887785.6011028,-1.0,0.0,-44.0
1776887785.6111028,-1.0,0.0,-45.0
1776887785.6211028,-2.0,2.0,-48.0
1776887785.6311028,0.0,1.0,-43.0
1776887785.6411028,0.0,0.0,-41.0
1776887785.6511028,-3.0,1.0,-45.0
1776887785.6611028,1.0,4.0,-44.0
1776887785.6711028,0.0,2.0,-43.0
1776887785.6811028,0.0,2.0,-38.0
1776887785.6911027,2.0,2.0,-39.0
1776887785.7011027,-1.0,2.0,-37.0
1776887785.7111027,-5.0,6.0,-30.0
1776887785.7211027,-5.0,2.0,-33.0
1776887785.7311027,-10.0,2.0,-37.0
1776887785.7411027,-7.0,0.0,-43.0
1776887785.7511027,-4.0,-1.0,-45.0
1776887785.761103,-3.0,-1.0,-45.0
1776887785.771103,-6.0,-1.0,-45.0
1776887785.781103,-3.0,-4.0,-42.0
1776887785.7911026,0.0,-7.0,-41.0
1776887785.8011026,-2.0,-7.0,-44.0
1776887785.8111026,3.0,-7.0,-38.0
1776887785.8211029,4.0,-7.0,-45.0
1776887785.8311028,5.0,-5.0,-50.0
1776887785.8411028,9.0,-1.0,-52.0
1776887785.8511028,6.0,0.0,-48.0
1776887785.8611028,6.0,-1.0,-42.0
1776887785.8711028,4.0,0.0,-35.0
1776887785.8811028,4.0,0.0,-39.0
1776887785.8911028,4.0,0.0,-40.0
1776887785.9011028,0.0,-2.0,-42.0
1776887785.9111028,-1.0,-3.0,-41.0
1776887785.9211028,-2.0,-2.0,-38.0
1776887785.9311028,0.0,-3.0,-39.0
1776887785.9411027,2.0,-1.0,-43.0
1776887785.9511027,3.0,-2.0,-48.0
1776887785.9611027,5.0,-5.0,-46.0
1776887785.9711027,5.0,-4.0,-46.0
1776887785.9811027,0.0,-2.0,-42.0
1776887785.9911027,2.0,-2.0,-45.0
1776887786.0011027,6.0,-2.0,-43.0
1776887786.011103,7.0,-3.0,-39.0
1776887786.021103,6.0,-1.0,-43.0
1776887786.031103,6.0,0.0,-39.0
1776887786.0411026,4.0,-2.0,-35.0
1776887786.0511026,0.0,2.0,-35.0
1776887786.0611026,-2.0,2.0,-28.0
1776887786.0711029,-1.0,0.0,-28.0
1776887786.0811028,4.0,3.0,-26.0
1776887786.0911028,7.0,0.0,-29.0
1776887786.1011028,5.0,0.0,-35.0
1776887786.1111028,10.0,0.0,-41.0
1776887786.1211028,9.0,0.0,-40.0
1776887786.1311028,1.0,0.0,-44.0
1776887786.1411028,0.0,0.0,-46.0
1776887786.1511028,1.0,2.0,-49.0
1776887786.1611028,0.0,3.0,-44.0
1776887786.1711028,2.0,4.0,-44.0
1776887786.1811028,4.0,7.0,-41.0
1776887786.1911027,4.0,8.0,-38.0
1776887786.2011027,1.0,7.0,-37.0
1776887786.2111027,1.0,5.0,-33.0
1776887786.2211027,0.0,4.0,-40.0
1776887786.2311027,-2.0,1.0,-33.0
1776887786.2411027,-4.0,0.0,-33.0
1776887786.2521029,0.0,2.0,-29.0
1776887786.2621028,-2.0,3.0,-30.0
1776887786.2721028,-5.0,4.0,-30.0
1776887786.2821028,0.0,3.0,-27.0
1776887786.2921028,0.0,0.0,-27.0
1776887786.3021028,-2.0,-1.0,-30.0
1776887786.3121028,-3.0,-1.0,-21.0
1776887786.3221028,-1.0,0.0,-24.0
1776887786.3321028,-1.0,0.0,-32.0
1776887786.3421028,-2.0,0.0,-34.0
1776887786.3521028,-1.0,-2.0,-38.0
1776887786.3621027,-2.0,-3.0,-35.0
1776887786.3721027,-1.0,-4.0,-40.0
1776887786.3821027,-3.0,-2.0,-43.0
1776887786.3921027,-3.0,-1.0,-36.0
1776887786.4021027,3.0,-3.0,-31.0
1776887786.4121027,7.0,-3.0,-33.0
1776887786.4221027,6.0,-3.0,-34.0
1776887786.432103,7.0,-2.0,-35.0
1776887786.442103,9.0,1.0,-33.0
1776887786.452103,6.0,0.0,-26.0
1776887786.462103,4.0,-1.0,-29.0
1776887786.4721026,3.0,-3.0,-28.0
1776887786.4821026,-1.0,-1.0,-28.0
1776887786.4921026,-2.0,0.0,-31.0
1776887786.5021029,0.0,0.0,-34.0
1776887786.5121028,-1.0,-3.0,-35.0
1776887786.5221028,-2.0,-5.0,-36.0
1776887786.5321028,2.0,-4.0,-37.0
1776887786.5421028,3.0,-1.0,-43.0
1776887786.5521028,1.0,-1.0,-38.0
1776887786.5621028,1.0,0.0,-36.0
1776887786.5721028,0.0,-4.0,-35.0
1776887786.5821028,3.0,-7.0,-27.0
1776887786.5921028,3.0,-3.0,-30.0
1776887786.6021028,-1.0,-3.0,-38.0
1776887786.6121027,-7.0,-4.0,-42.0
1776887786.6221027,-4.0,-4.0,-39.0
1776887786.6321027,-2.0,0.0,-36.0
1776887786.6421027,2.0,1.0,-38.0
1776887786.6521027,5.0,0.0,-39.0
1776887786.6621027,6.0,2.0,-33.0
1776887786.6721027,5.0,1.0,-37.0
1776887786.682103,0.0,-1.0,-34.0
1776887786.692103,-3.0,0.0,-39.0
1776887786.702103,-4.0,-1.0,-39.0
1776887786.712103,-3.0,-3.0,-42.0
1776887786.7221026,0.0,-3.0,-35.0
1776887786.7321026,2.0,-4.0,-32.0
1776887786.7421026,2.0,-4.0,-28.0
1776887786.7521029,5.0,0.0,-25.0
1776887786.7621028,-2.0,3.0,-26.0
1776887786.7721028,-1.0,-2.0,-27.0
1776887786.7821028,0.0,-2.0,-30.0
1776887786.7921028,-1.0,2.0,-34.0
1776887786.8021028,1.0,0.0,-41.0
1776887786.8121028,2.0,0.0,-36.0
1776887786.8221028,2.0,-1.0,-32.0
1776887786.8321028,0.0,1.0,-38.0
1776887786.8421028,1.0,0.0,-30.0
1776887786.8521028,3.0,0.0,-31.0
1776887786.8621027,4.0,-1.0,-33.0
1776887786.8721027,0.0,-5.0,-38.0
1776887786.8821027,0.0,-3.0,-41.0
1776887786.8921027,2.0,-1.0,-43.0
1776887786.9021027,0.0,0.0,-35.0
1776887786.9121027,2.0,0.0,-38.0
1776887786.9221027,1.0,2.0,-40.0
1776887786.932103,-2.0,1.0,-34.0
1776887786.942103,-3.0,-2.0,-30.0
1776887786.952103,-3.0,-4.0,-32.0
1776887786.962103,-2.0,-8.0,-34.0
1776887786.9721026,-2.0,-7.0,-43.0
1776887786.9821026,0.0,-9.0,-41.0
1776887786.9921026,3.0,-7.0,-36.0
1776887787.0021029,3.0,-7.0,-29.0
1776887787.0121028,0.0,-7.0,-28.0
1776887787.0221028,2.0,-4.0,-34.0
1776887787.0321028,1.0,-3.0,-43.0
1776887787.0421028,1.0,-2.0,-38.0
1776887787.0521028,3.0,0.0,-40.0
1776887787.0621028,1.0,0.0,-37.0
1776887787.0721028,3.0,2.0,-32.0
1776887787.0821028,1.0,5.0,-31.0
1776887787.0921028,0.0,1.0,-28.0
1776887787.1021028,2.0,1.0,-29.0
1776887787.1121027,6.0,0.0,-31.0
1776887787.1221027,0.0,-2.0,-32.0
1776887787.1321027,2.0,-3.0,-33.0
1776887787.1421027,5.0,-4.0,-37.0
1776887787.1521027,6.0,0.0,-42.0
1776887787.1621027,9.0,0.0,-46.0
1776887787.1721027,8.0,-2.0,-46.0
1776887787.182103,2.0,-1.0,-46.0
1776887787.192103,2.0,0.0,-44.0
1776887787.202103,3.0,-2.0,-40.0
1776887787.212103,0.0,0.0,-37.0
1776887787.2221026,-1.0,-2.0,-39.0
1776887787.2321026,-6.0,-2.0,-34.0
1776887787.2421026,0.0,-1.0,-38.0
1776887787.2521029,4.0,-2.0,-43.0
1776887787.2621028,4.0,-1.0,-43.0
1776887787.2721028,8.0,0.0,-42.0
1776887787.2821028,2.0,-5.0,-39.0
1776887787.2921028,3.0,-10.0,-47.0
1776887787.3021028,3.0,-12.0,-45.0
1776887787.3121028,1.0,-9.0,-39.0
1776887787.3221028,4.0,-7.0,-33.0
1776887787.3321028,5.0,-6.0,-35.0
1776887787.3421028,1.0,-4.0,-30.0
1776887787.3521028,1.0,-4.0,-26.0
1776887787.3621027,1.0,-2.0,-32.0
1776887787.3721027,0.0,0.0,-36.0
1776887787.3821027,0.0,2.0,-39.0
1776887787.3921027,-1.0,-2.0,-42.0
1776887787.4021027,-2.0,-1.0,-41.0
1776887787.4121027,4.0,-1.0,-43.0
1776887787.4221027,3.0,-2.0,-43.0
1776887787.432103,1.0,-4.0,-43.0
1776887787.442103,2.0,-5.0,-40.0
1776887787.452103,3.0,-2.0,-38.0
1776887787.462103,3.0,0.0,-39.0
1776887787.4721026,3.0,0.0,-34.0
1776887787.4821026,5.0,1.0,-34.0
1776887787.4921026,2.0,-2.0,-39.0
1776887787.5021029,5.0,-3.0,-37.0
1776887787.5121028,1.0,-3.0,-29.0
1776887787.5221028,1.0,-1.0,-31.0
1776887787.5321028,-4.0,1.0,-34.0
1776887787.5421028,-7.0,3.0,-35.0
1776887787.5521028,-9.0,4.0,-39.0
1776887787.5621028,-4.0,0.0,-37.0
1776887787.5721028,-2.0,0.0,-37.0
1776887787.5821028,-1.0,0.0,-35.0
1776887787.5921028,-4.0,0.0,-35.0
1776887787.6021028,-1.0,-1.0,-28.0
1776887787.6121027,-1.0,0.0,-30.0
1776887787.6221027,-1.0,-1.0,-33.0
1776887787.6321027,2.0,-4.0,-36.0
1776887787.6421027,2.0,-1.0,-36.0
1776887787.6521027,3.0,4.0,-34.0
1776887787.6621027,4.0,0.0,-34.0
1776887787.6721027,-2.0,0.0,-34.0
1776887787.682103,2.0,0.0,-34.0
1776887787.692103,8.0,-2.0,-33.0
1776887787.702103,10.0,-4.0,-32.0
1776887787.712103,6.0,-8.0,-40.0
1776887787.7221026,2.0,-4.0,-40.0
1776887787.7321026,4.0,0.0,-37.0
1776887787.7421026,0.0,0.0,-41.0
1776887787.7521029,-1.0,0.0,-37.0
1776887787.7621028,2.0,-1.0,-33.0
1776887787.7721028,2.0,-1.0,-28.0
1776887787.7821028,1.0,-5.0,-27.0
1776887787.7921028,0.0,-8.0,-30.0
1776887787.8021028,3.0,-10.0,-26.0
1776887787.8121028,4.0,-7.0,-29.0
1776887787.8221028,2.0,-5.0,-28.0
1776887787.8321028,0.0,-5.0,-24.0
1776887787.8421028,0.0,-5.0,-24.0
1776887787.8521028,4.0,-6.0,-25.0
1776887787.8621027,4.0,-3.0,-30.0
1776887787.8721027,7.0,-1.0,-31.0
1776887787.8821027,5.0,0.0,-30.0
1776887787.8921027,4.0,2.0,-27.0
1776887787.9021027,0.0,-1.0,-33.0
1776887787.9121027,-3.0,-3.0,-37.0
1776887787.9221027,0.0,-4.0,-38.0
1776887787.932103,0.0,-7.0,-41.0
1776887787.942103,0.0,-7.0,-46.0
1776887787.952103,0.0,-7.0,-47.0
1776887787.962103,-4.0,0.0,-49.0
1776887787.9721026,-3.0,0.0,-37.0
1776887787.9821026,1.0,0.0,-35.0
1776887787.9921026,5.0,0.0,-31.0
1776887788.0021029,9.0,3.0,-32.0
1776887788.0121028,5.0,4.0,-41.0
1776887788.0221028,0.0,0.0,-37.0
1776887788.0321028,-3.0,0.0,-39.0
1776887788.0421028,-1.0,-2.0,-46.0
1776887788.0521028,0.0,-2.0,-41.0
1776887788.0621028,-1.0,-4.0,-40.0
1776887788.0721028,-5.0,0.0,-41.0
1776887788.0821028,-2.0,3.0,-40.0
1776887788.0921028,0.0,3.0,-36.0
1776887788.1021028,1.0,2.0,-36.0
1776887788.1121027,5.0,1.0,-38.0
1776887788.1221027,4.0,-4.0,-32.0
1776887788.1321027,0.0,-6.0,-30.0
1776887788.1421027,0.0,0.0,-32.0
1776887788.1521027,0.0,-2.0,-33.0
1776887788.1621027,2.0,0.0,-34.0
1776887788.1721027,4.0,0.0,-30.0
1776887788.182103,2.0,1.0,-27.0
1776887788.192103,1.0,2.0,-29.0
1776887788.202103,-3.0,0.0,-33.0
1776887788.212103,-2.0,-1.0,-37.0
1776887788.2221026,-5.0,-2.0,-40.0
1776887788.2321026,-6.0,-3.0,-44.0
1776887788.2431028,-8.0,-4.0,-49.0
1776887788.2531028,-8.0,-4.0,-46.0
1776887788.2631028,-7.0,-4.0,-41.0
1776887788.2731028,-5.0,0.0,-41.0
1776887788.2831028,-5.0,-3.0,-45.0
1776887788.2931027,-4.0,-5.0,-41.0
1776887788.3031027,-1.0,-4.0,-42.0
1776887788.3131027,0.0,-4.0,-41.0
1776887788.3231027,2.0,-1.0,-42.0
1776887788.3331027,0.0,-2.0,-38.0
1776887788.3431027,-3.0,-7.0,-41.0
1776887788.3531027,0.0,-6.0,-37.0
1776887788.363103,0.0,-10.0,-31.0
1776887788.373103,-5.0,-7.0,-28.0
1776887788.383103,-4.0,-10.0,-31.0
1776887788.3931026,-3.0,-4.0,-32.0
1776887788.4031026,-3.0,0.0,-24.0
1776887788.4131026,-4.0,0.0,-23.0
1776887788.4231029,-5.0,-4.0,-23.0
1776887788.4331028,-5.0,-2.0,-26.0
1776887788.4431028,-2.0,-2.0,-30.0
1776887788.4531028,-3.0,-1.0,-30.0
1776887788.4631028,-3.0,-2.0,-30.0
1776887788.4731028,0.0,-3.0,-31.0
1776887788.4831028,-4.0,-5.0,-36.0
1776887788.4931028,-3.0,-1.0,-32.0
1776887788.5031028,-1.0,1.0,-30.0
1776887788.5131028,0.0,4.0,-36.0
1776887788.5231028,-1.0,5.0,-36.0
1776887788.5331028,4.0,0.0,-36.0
1776887788.5431027,0.0,3.0,-38.0
1776887788.5531027,-1.0,2.0,-42.0
1776887788.5631027,0.0,0.0,-36.0
1776887788.5731027,-1.0,-2.0,-36.0
1776887788.5831027,1.0,0.0,-38.0
1776887788.5931027,-1.0,1.0,-35.0
1776887788.6031027,0.0,2.0,-32.0
1776887788.613103,0.0,-2.0,-34.0
1776887788.623103,0.0,-1.0,-34.0
1776887788.633103,4.0,-2.0,-35.0
1776887788.6431026,0.0,-5.0,-35.0
1776887788.6531026,1.0,-3.0,-35.0
1776887788.6631026,2.0,-6.0,-36.0
1776887788.6731029,2.0,-6.0,-36.0
1776887788.6831028,4.0,-14.0,-32.0
1776887788.6931028,2.0,-14.0,-33.0
1776887788.7031028,0.0,-8.0,-29.0
1776887788.7131028,0.0,-3.0,-39.0
1776887788.7231028,-1.0,-4.0,-38.0
1776887788.7331028,-3.0,-4.0,-33.0
1776887788.7431028,-2.0,-7.0,-35.0
1776887788.7531028,0.0,-8.0,-41.0
1776887788.7631028,2.0,-6.0,-41.0
1776887788.7731028,0.0,-7.0,-44.0
1776887788.7831028,1.0,-5.0,-39.0
1776887788.7931027,0.0,-6.0,-38.0
1776887788.8031027,-4.0,-7.0,-36.0
1776887788.8131027,-7.0,-2.0,-34.0
1776887788.8231027,-8.0,-2.0,-39.0
1776887788.8331027,-7.0,2.0,-36.0
1776887788.8431027,-5.0,-2.0,-31.0
1776887788.8531027,-1.0,-6.0,-32.0
1776887788.863103,0.0,-4.0,-36.0
1776887788.873103,0.0,0.0,-36.0
1776887788.883103,-1.0,0.0,-31.0
1776887788.8931026,3.0,-6.0,-31.0
1776887788.9031026,3.0,-5.0,-33.0
1776887788.9131026,6.0,-2.0,-44.0
1776887788.9231029,1.0,1.0,-50.0
1776887788.9331028,0.0,3.0,-46.0
1776887788.9431028,-9.0,0.0,-47.0
1776887788.9531028,-9.0,-2.0,-46.0
1776887788.9631028,-7.0,0.0,-41.0
1776887788.9731028,-4.0,3.0,-33.0
1776887788.9831028,0.0,0.0,-32.0
1776887788.9931028,0.0,-1.0,-33.0
1776887789.0031028,3.0,1.0,-37.0
1776887789.0131028,4.0,-1.0,-37.0
1776887789.0231028,4.0,0.0,-35.0
1776887789.0331028,3.0,-3.0,-34.0
1776887789.0431027,-1.0,1.0,-28.0
1776887789.0531027,-2.0,2.0,-24.0
1776887789.0631027,-6.0,3.0,-19.0
1776887789.0731027,-11.0,0.0,-21.0
1776887789.0831027,-9.0,3.0,-22.0
1776887789.0931027,-10.0,3.0,-24.0
1776887789.1031027,-8.0,2.0,-22.0
1776887789.113103,-10.0,2.0,-30.0
1776887789.123103,-7.0,-2.0,-35.0
1776887789.133103,-6.0,0.0,-39.0
1776887789.1431026,-4.0,1.0,-38.0
1776887789.1531026,-6.0,-3.0,-33.0
1776887789.1631026,0.0,-6.0,-28.0
1776887789.1731029,3.0,-4.0,-28.0
1776887789.1831028,3.0,-6.0,-30.0
1776887789.1931028,0.0,-6.0,-34.0
1776887789.2031028,2.0,-6.0,-32.0
1776887789.2131028,0.0,-10.0,-31.0
1776887789.2231028,2.0,-6.0,-35.0
1776887789.2331028,5.0,-3.0,-31.0
1776887789.2431028,2.0,0.0,-36.0
1776887789.2531028,0.0,-4.0,-37.0
1776887789.2631028,0.0,0.0,-29.0
1776887789.2731028,-2.0,2.0,-22.0
1776887789.2831028,-3.0,3.0,-24.0
1776887789.2931027,-3.0,0.0,-24.0
1776887789.3031027,-1.0,0.0,-33.0
1776887789.3131027,1.0,1.0,-35.0
1776887789.3231027,-1.0,-1.0,-34.0
1776887789.3331027,-1.0,0.0,-32.0
1776887789.3431027,-2.0,-3.0,-34.0
1776887789.3531027,0.0,-2.0,-32.0
1776887789.363103,2.0,-3.0,-35.0
1776887789.373103,4.0,-7.0,-36.0
1776887789.383103,5.0,-4.0,-33.0
1776887789.3931026,4.0,-6.0,-32.0
1776887789.4031026,2.0,-3.0,-32.0
1776887789.4131026,3.0,-2.0,-33.0
1776887789.4231029,1.0,0.0,-31.0
1776887789.4331028,0.0,-1.0,-38.0
1776887789.4431028,1.0,-1.0,-40.0
1776887789.4531028,5.0,-3.0,-41.0
1776887789.4631028,3.0,-4.0,-40.0
1776887789.4731028,0.0,-6.0,-42.0
1776887789.4831028,-1.0,-3.0,-43.0
1776887789.4931028,0.0,0.0,-47.0
1776887789.5031028,1.0,0.0,-46.0
1776887789.5131028,0.0,0.0,-48.0
1776887789.5231028,1.0,0.0,-45.0
1776887789.5331028,2.0,-1.0,-45.0
1776887789.5431027,1.0,-1.0,-38.0
1776887789.5531027,-2.0,-1.0,-36.0
1776887789.5631027,0.0,0.0,-40.0
1776887789.5731027,0.0,-5.0,-42.0
1776887789.5831027,0.0,-4.0,-36.0
1776887789.5931027,-1.0,-6.0,-34.0
1776887789.6031027,0.0,-7.0,-36.0
1776887789.613103,1.0,-3.0,-34.0
1776887789.623103,0.0,-2.0,-39.0
1776887789.633103,3.0,-2.0,-38.0
1776887789.6431026,9.0,-4.0,-32.0
1776887789.6531026,11.0,-6.0,-33.0
1776887789.6631026,8.0,-5.0,-32.0
1776887789.6731029,4.0,-5.0,-34.0
1776887789.6831028,5.0,-3.0,-39.0
1776887789.6931028,4.0,-3.0,-43.0
1776887789.7031028,5.0,-3.0,-48.0
1776887789.7131028,4.0,-2.0,-49.0
1776887789.7231028,0.0,0.0,-46.0
1776887789.7331028,6.0,-1.0,-42.0
1776887789.7431028,6.0,0.0,-41.0
1776887789.7531028,6.0,0.0,-39.0
1776887789.7631028,7.0,-1.0,-39.0
1776887789.7731028,6.0,-1.0,-36.0
1776887789.7831028,3.0,0.0,-34.0
1776887789.7931027,4.0,-1.0,-34.0
1776887789.8031027,3.0,0.0,-31.0
1776887789.8131027,4.0,0.0,-34.0
1776887789.8231027,1.0,0.0,-35.0
1776887789.8331027,1.0,-3.0,-26.0
1776887789.8431027,5.0,-2.0,-27.0
1776887789.8531027,5.0,-8.0,-24.0
1776887789.863103,4.0,-4.0,-31.0
1776887789.873103,2.0,-6.0,-28.0
1776887789.883103,6.0,-2.0,-24.0
1776887789.8931026,5.0,0.0,-22.0
1776887789.9031026,5.0,-6.0,-27.0
1776887789.9131026,1.0,-7.0,-28.0
1776887789.9231029,0.0,-7.0,-27.0
1776887789.9331028,-1.0,-6.0,-37.0
1776887789.9431028,2.0,-4.0,-38.0
1776887789.9531028,3.0,-3.0,-38.0
1776887789.9631028,8.0,-1.0,-37.0
1776887789.9731028,10.0,1.0,-33.0
1776887789.9831028,11.0,1.0,-37.0
1776887789.9931028,7.0,0.0,-47.0
1776887790.0031028,7.0,-2.0,-43.0
1776887790.0131028,7.0,-2.0,-35.0
1776887790.0231028,2.0,-3.0,-33.0
1776887790.0331028,0.0,-6.0,-35.0
1776887790.0431027,-4.0,-4.0,-34.0
1776887790.0531027,0.0,-3.0,-35.0
1776887790.0631027,3.0,-1.0,-33.0
1776887790.0731027,2.0,0.0,-31.0
1776887790.0831027,2.0,-1.0,-30.0
1776887790.0931027,2.0,0.0,-32.0
1776887790.1031027,2.0,-5.0,-35.0
1776887790.113103,5.0,-6.0,-32.0
1776887790.123103,7.0,-6.0,-36.0
1776887790.133103,5.0,-5.0,-45.0
1776887790.1431026,7.0,-6.0,-43.0
1776887790.1531026,5.0,-8.0,-36.0
1776887790.1631026,2.0,-11.0,-26.0
1776887790.1731029,0.0,-6.0,-24.0
1776887790.1831028,0.0,-4.0,-21.0
1776887790.1931028,-1.0,-5.0,-26.0
1776887790.2031028,-2.0,-5.0,-36.0
1776887790.2131028,-1.0,-3.0,-36.0
1776887790.2231028,0.0,-1.0,-42.0
1776887790.2331028,0.0,0.0,-39.0
1776887790.2431028,3.0,3.0,-39.0
1776887790.2531028,9.0,2.0,-36.0
1776887790.2631028,5.0,1.0,-34.0
1776887790.2741027,2.0,2.0,-40.0
1776887790.284103,2.0,0.0,-39.0
1776887790.294103,0.0,3.0,-32.0
1776887790.304103,4.0,0.0,-31.0
1776887790.3141026,6.0,0.0,-25.0
1776887790.3241026,6.0,0.0,-25.0
1776887790.3341026,8.0,1.0,-31.0
1776887790.3441026,7.0,0.0,-37.0
1776887790.3541028,6.0,1.0,-41.0
1776887790.3641028,1.0,3.0,-44.0
1776887790.3741028,-2.0,6.0,-40.0
1776887790.3841028,-5.0,2.0,-38.0
1776887790.3941028,-4.0,-1.0,-41.0
1776887790.4041028,-9.0,-5.0,-34.0
1776887790.4141028,-6.0,-6.0,-29.0
1776887790.4241028,-4.0,-5.0,-27.0
1776887790.4341028,-2.0,-5.0,-29.0
1776887790.4441028,0.0,-4.0,-38.0
1776887790.4541028,1.0,-5.0,-42.0
1776887790.4641027,3.0,-6.0,-44.0
1776887790.4741027,-1.0,-5.0,-48.0
1776887790.4841027,0.0,-4.0,-45.0
1776887790.4941027,-1.0,-5.0,-42.0
1776887790.5041027,-5.0,-4.0,-40.0
1776887790.5141027,-6.0,-6.0,-31.0
1776887790.5241027,-9.0,-7.0,-30.0
1776887790.534103,-7.0,-12.0,-31.0
1776887790.544103,-3.0,-9.0,-29.0
1776887790.554103,-5.0,-8.0,-31.0
1776887790.5641026,-5.0,-12.0,-35.0
1776887790.5741026,-2.0,-10.0,-32.0
1776887790.5841026,-1.0,-11.0,-33.0
1776887790.5941026,-1.0,-9.0,-37.0
1776887790.6041028,0.0,-7.0,-35.0
1776887790.6141028,4.0,-5.0,-36.0
1776887790.6241028,6.0,-4.0,-38.0
1776887790.6341028,7.0,2.0,-36.0
1776887790.6441028,6.0,0.0,-38.0
1776887790.6541028,6.0,-4.0,-42.0
1776887790.6641028,6.0,-4.0,-42.0
1776887790.6741028,3.0,-1.0,-42.0
1776887790.6841028,3.0,-1.0,-41.0
1776887790.6941028,0.0,-4.0,-35.0
1776887790.7041028,0.0,-3.0,-37.0
1776887790.7141027,-2.0,-8.0,-41.0
1776887790.7241027,-4.0,-6.0,-43.0
1776887790.7341027,-2.0,-1.0,-50.0
1776887790.7441027,-4.0,-6.0,-47.0
1776887790.7541027,-2.0,-6.0,-46.0
1776887790.7641027,0.0,-3.0,-44.0
1776887790.7741027,0.0,-1.0,-43.0
1776887790.784103,-2.0,1.0,-47.0
1776887790.794103,-4.0,1.0,-43.0
1776887790.804103,-1.0,0.0,-43.0
1776887790.8141026,0.0,2.0,-41.0
1776887790.8241026,1.0,5.0,-39.0
1776887790.8341026,-3.0,5.0,-37.0
1776887790.8441026,-4.0,0.0,-37.0
1776887790.8541028,-4.0,0.0,-35.0
1776887790.8641028,-7.0,-2.0,-37.0
1776887790.8741028,-11.0,-5.0,-37.0
1776887790.8841028,-8.0,-5.0,-32.0
1776887790.8941028,-5.0,-1.0,-35.0
1776887790.9041028,-4.0,-3.0,-32.0
1776887790.9141028,-2.0,-4.0,-42.0
1776887790.9241028,-1.0,-4.0,-46.0
1776887790.9341028,0.0,-4.0,-43.0
1776887790.9441028,0.0,-4.0,-41.0
1776887790.9541028,1.0,-2.0,-40.0
1776887790.9641027,0.0,-4.0,-44.0
1776887790.9741027,0.0,-2.0,-40.0
1776887790.9841027,-1.0,-4.0,-32.0
1776887790.9941027,-2.0,-4.0,-32.0
1776887791.0041027,-2.0,-7.0,-32.0
1776887791.0141027,-4.0,-7.0,-39.0
1776887791.0241027,-2.0,-6.0,-35.0
1776887791.034103,-5.0,-7.0,-29.0
1776887791.044103,-2.0,-6.0,-24.0
1776887791.054103,1.0,-7.0,-33.0
1776887791.0641026,4.0,-8.0,-32.0
1776887791.0741026,3.0,-3.0,-33.0
1776887791.0841026,8.0,-6.0,-30.0
1776887791.0941026,7.0,-7.0,-24.0
1776887791.1041028,0.0,-6.0,-25.0
1776887791.1141028,-1.0,-6.0,-32.0
1776887791.1241028,0.0,-2.0,-28.0
1776887791.1341028,0.0,-6.0,-28.0
1776887791.1441028,-2.0,-2.0,-30.0
1776887791.1541028,-1.0,-4.0,-28.0
1776887791.1641028,-1.0,1.0,-22.0
1776887791.1741028,3.0,5.0,-23.0
1776887791.1841028,1.0,3.0,-27.0
1776887791.1941028,8.0,2.0,-32.0
1776887791.2041028,10.0,-1.0,-32.0
1776887791.2141027,11.0,4.0,-37.0
1776887791.2241027,10.0,4.0,-37.0
1776887791.2341027,2.0,2.0,-34.0
1776887791.2441027,4.0,0.0,-40.0
1776887791.2541027,6.0,-2.0,-44.0
1776887791.2641027,2.0,-1.0,-40.0
1776887791.2741027,4.0,-1.0,-38.0
1776887791.284103,3.0,-5.0,-34.0
1776887791.294103,0.0,-1.0,-28.0
1776887791.304103,1.0,0.0,-28.0
1776887791.3141026,-2.0,-2.0,-30.0
1776887791.3241026,-4.0,-6.0,-33.0
1776887791.3341026,-4.0,-7.0,-41.0
1776887791.3441026,-3.0,-4.0,-34.0
1776887791.3541028,-1.0,-2.0,-34.0
1776887791.3641028,3.0,-2.0,-37.0
1776887791.3741028,5.0,-6.0,-33.0
1776887791.3841028,2.0,-5.0,-38.0
1776887791.3941028,5.0,-2.0,-40.0
1776887791.4041028,8.0,0.0,-41.0
1776887791.4141028,3.0,0.0,-44.0
1776887791.4241028,-1.0,-3.0,-42.0
1776887791.4341028,2.0,-4.0,-44.0
1776887791.4441028,4.0,-4.0,-43.0
1776887791.4541028,0.0,0.0,-40.0
1776887791.4641027,0.0,-2.0,-41.0
1776887791.4741027,-2.0,-4.0,-40.0
1776887791.4841027,-1.0,-7.0,-39.0
1776887791.4941027,0.0,-5.0,-33.0
1776887791.5041027,7.0,-4.0,-36.0
1776887791.5141027,6.0,0.0,-42.0
1776887791.5241027,6.0,0.0,-38.0
1776887791.534103,5.0,0.0,-44.0
1776887791.544103,5.0,-1.0,-39.0
1776887791.554103,4.0,-1.0,-32.0
1776887791.5641026,8.0,0.0,-27.0
1776887791.5741026,9.0,0.0,-28.0
1776887791.5841026,8.0,-5.0,-34.0
1776887791.5941026,7.0,-4.0,-40.0
1776887791.6041028,3.0,0.0,-43.0
1776887791.6141028,6.0,2.0,-45.0
1776887791.6241028,3.0,1.0,-40.0
1776887791.6341028,5.0,0.0,-35.0
1776887791.6441028,2.0,-3.0,-44.0
1776887791.6541028,5.0,-5.0,-49.0
1776887791.6641028,3.0,1.0,-49.0
1776887791.6741028,4.0,1.0,-49.0
1776887791.6841028,0.0,1.0,-46.0
1776887791.6941028,6.0,0.0,-47.0
1776887791.7041028,5.0,2.0,-43.0
1776887791.7141027,0.0,1.0,-43.0
1776887791.7241027,3.0,0.0,-42.0
1776887791.7341027,0.0,0.0,-37.0
1776887791.7441027,-1.0,2.0,-33.0
1776887791.7541027,-1.0,2.0,-36.0
1776887791.7641027,-3.0,2.0,-32.0
1776887791.7741027,-2.0,3.0,-33.0
1776887791.784103,-1.0,5.0,-35.0
1776887791.794103,4.0,0.0,-38.0
1776887791.804103,3.0,-4.0,-38.0
1776887791.8141026,0.0,-4.0,-38.0
1776887791.8241026,0.0,-4.0,-40.0
1776887791.8341026,-1.0,-2.0,-38.0
1776887791.8441026,-4.0,-3.0,-36.0
1776887791.8541028,-10.0,-2.0,-31.0
1776887791.8641028,-8.0,-3.0,-35.0
1776887791.8741028,-8.0,-4.0,-39.0
1776887791.8841028,-1.0,-3.0,-37.0
1776887791.8941028,1.0,-7.0,-34.0
1776887791.9041028,-2.0,-9.0,-39.0
1776887791.9141028,-2.0,-12.0,-38.0
1776887791.9241028,0.0,-8.0,-43.0
1776887791.9341028,-2.0,-4.0,-45.0
1776887791.9441028,-4.0,0.0,-41.0
1776887791.9541028,-4.0,0.0,-40.0
1776887791.9641027,-5.0,0.0,-45.0
1776887791.9741027,-2.0,-1.0,-36.0
1776887791.9841027,-1.0,-1.0,-35.0
1776887791.9941027,0.0,-1.0,-32.0
1776887792.0041027,0.0,0.0,-24.0
1776887792.0141027,-1.0,-2.0,-30.0
1776887792.0241027,-1.0,-2.0,-30.0
1776887792.034103,-5.0,-5.0,-24.0
1776887792.044103,-4.0,-6.0,-32.0
1776887792.054103,-8.0,-4.0,-25.0
1776887792.0641026,-10.0,1.0,-32.0
1776887792.0741026,-11.0,0.0,-37.0
1776887792.0841026,-7.0,0.0,-42.0
1776887792.0941026,-12.0,5.0,-45.0
1776887792.1041028,-8.0,-2.0,-37.0
1776887792.1141028,-1.0,-5.0,-35.0
1776887792.1241028,4.0,-2.0,-38.0
1776887792.1341028,3.0,-1.0,-31.0
1776887792.1441028,4.0,0.0,-32.0
1776887792.1541028,1.0,-1.0,-32.0
1776887792.1641028,-3.0,-4.0,-31.0
1776887792.1741028,-2.0,-6.0,-30.0
1776887792.1841028,-2.0,-6.0,-28.0
1776887792.1941028,-4.0,-7.0,-38.0
1776887792.2041028,-5.0,-6.0,-38.0
1776887792.2141027,-4.0,-5.0,-37.0
1776887792.2241027,-4.0,-8.0,-34.0
1776887792.2341027,-1.0,-11.0,-39.0
1776887792.2451026,-4.0,-10.0,-34.0
1776887792.2551026,0.0,-9.0,-34.0
1776887792.2651026,3.0,-8.0,-32.0
1776887792.2751029,5.0,-4.0,-39.0
1776887792.2851028,9.0,-6.0,-42.0
1776887792.2951028,6.0,-4.0,-37.0
1776887792.3051028,5.0,-1.0,-38.0
1776887792.3151028,-1.0,0.0,-38.0
1776887792.3251028,-4.0,4.0,-45.0
1776887792.3351028,0.0,4.0,-41.0
1776887792.3451028,3.0,4.0,-37.0
1776887792.3551028,0.0,1.0,-42.0
1776887792.3651028,-2.0,2.0,-39.0
1776887792.3751028,-1.0,0.0,-37.0
1776887792.3851027,0.0,-1.0,-43.0
1776887792.3951027,0.0,-1.0,-47.0
1776887792.4051027,0.0,-1.0,-47.0
1776887792.4151027,4.0,-6.0,-43.0
1776887792.4251027,1.0,-3.0,-36.0
1776887792.4351027,0.0,0.0,-33.0
1776887792.4451027,1.0,0.0,-36.0
1776887792.4551027,4.0,-2.0,-36.0
1776887792.465103,5.0,-3.0,-35.0
1776887792.475103,5.0,-1.0,-35.0
1776887792.485103,4.0,-2.0,-29.0
1776887792.4951026,4.0,0.0,-30.0
1776887792.5051026,0.0,0.0,-29.0
1776887792.5151026,0.0,-1.0,-26.0
1776887792.5251029,2.0,0.0,-29.0
1776887792.5351028,-1.0,-1.0,-33.0
1776887792.5451028,-2.0,-5.0,-31.0
1776887792.5551028,-6.0,-3.0,-32.0
1776887792.5651028,-4.0,-4.0,-36.0
1776887792.5751028,-5.0,-6.0,-39.0
1776887792.5851028,-2.0,0.0,-41.0
1776887792.5951028,-1.0,0.0,-44.0
1776887792.6051028,-2.0,-2.0,-48.0
1776887792.6151028,4.0,-1.0,-45.0
1776887792.6251028,0.0,3.0,-42.0
1776887792.6351027,0.0,4.0,-42.0
1776887792.6451027,2.0,4.0,-45.0
1776887792.6551027,0.0,6.0,-43.0
1776887792.6651027,-5.0,1.0,-41.0
1776887792.6751027,-8.0,-3.0,-43.0
1776887792.6851027,-4.0,0.0,-45.0
1776887792.6951027,-1.0,1.0,-45.0
1776887792.7051027,1.0,2.0,-36.0
1776887792.715103,1.0,2.0,-37.0
1776887792.725103,0.0,0.0,-42.0
1776887792.735103,-1.0,-1.0,-42.0
1776887792.7451026,0.0,3.0,-40.0
1776887792.7551026,3.0,0.0,-36.0
1776887792.7651026,4.0,2.0,-33.0
1776887792.7751029,5.0,4.0,-34.0
1776887792.7851028,5.0,1.0,-26.0
1776887792.7951028,4.0,-2.0,-36.0
1776887792.8051028,-1.0,0.0,-31.0
1776887792.8151028,-4.0,-8.0,-34.0
1776887792.8251028,-2.0,-4.0,-33.0
1776887792.8351028,0.0,-4.0,-32.0
1776887792.8451028,2.0,-5.0,-35.0
1776887792.8551028,3.0,-4.0,-38.0
1776887792.8651028,3.0,-3.0,-37.0
1776887792.8751028,3.0,-7.0,-35.0
1776887792.8851027,0.0,-6.0,-36.0
1776887792.8951027,-4.0,-5.0,-34.0
1776887792.9051027,-2.0,-7.0,-29.0
1776887792.9151027,-1.0,-5.0,-32.0
1776887792.9251027,1.0,-2.0,-41.0
1776887792.9351027,-2.0,0.0,-41.0
1776887792.9451027,-5.0,-1.0,-39.0
1776887792.9551027,0.0,-5.0,-39.0
1776887792.965103,-1.0,-2.0,-41.0
1776887792.975103,0.0,-1.0,-43.0
1776887792.985103,-1.0,0.0,-44.0
1776887792.9951026,1.0,4.0,-45.0
1776887793.0051026,-2.0,5.0,-47.0
1776887793.0151026,-2.0,10.0,-50.0
1776887793.0251029,-2.0,4.0,-43.0
1776887793.0351028,-2.0,1.0,-34.0
1776887793.0451028,0.0,2.0,-31.0
1776887793.0551028,0.0,3.0,-29.0
1776887793.0651028,0.0,2.0,-27.0
1776887793.0751028,1.0,0.0,-29.0
1776887793.0851028,2.0,0.0,-27.0
1776887793.0951028,0.0,0.0,-24.0
1776887793.1051028,-2.0,4.0,-24.0
1776887793.1151028,-3.0,2.0,-20.0
1776887793.1251028,0.0,4.0,-30.0
1776887793.1351027,4.0,4.0,-31.0
1776887793.1451027,8.0,2.0,-35.0
1776887793.1551027,9.0,2.0,-31.0
1776887793.1651027,9.0,4.0,-30.0
1776887793.1751027,6.0,1.0,-35.0
1776887793.1851027,6.0,-3.0,-36.0
1776887793.1951027,6.0,-1.0,-40.0
1776887793.2051027,6.0,2.0,-44.0
1776887793.215103,5.0,4.0,-43.0
1776887793.225103,4.0,3.0,-46.0
1776887793.235103,0.0,4.0,-42.0
1776887793.2451026,1.0,4.0,-46.0
1776887793.2551026,1.0,0.0,-51.0
1776887793.2651026,0.0,1.0,-45.0
1776887793.2751029,-1.0,-2.0,-29.0
1776887793.2851028,-3.0,-7.0,-24.0
1776887793.2951028,-1.0,-2.0,-23.0
1776887793.3051028,-2.0,-4.0,-33.0
1776887793.3151028,-2.0,-8.0,-36.0
1776887793.3251028,-1.0,-5.0,-38.0
1776887793.3351028,0.0,-1.0,-41.0
1776887793.3451028,-1.0,0.0,-41.0
1776887793.3551028,0.0,-2.0,-40.0
1776887793.3651028,-1.0,-8.0,-41.0
1776887793.3751028,5.0,-7.0,-42.0
1776887793.3851027,3.0,-4.0,-46.0
1776887793.3951027,5.0,-7.0,-47.0
1776887793.4051027,0.0,-3.0,-42.0
1776887793.4151027,0.0,-1.0,-41.0
1776887793.4251027,2.0,0.0,-39.0
1776887793.4351027,0.0,-3.0,-36.0
1776887793.4451027,-2.0,-4.0,-37.0
1776887793.4551027,2.0,-6.0,-39.0
1776887793.465103,8.0,-1.0,-34.0
1776887793.475103,6.0,-1.0,-32.0
1776887793.485103,4.0,-1.0,-29.0
1776887793.4951026,4.0,4.0,-20.0
1776887793.5051026,3.0,3.0,-22.0
1776887793.5151026,1.0,0.0,-16.0
1776887793.5251029,4.0,0.0,-14.0
1776887793.5351028,5.0,1.0,-21.0
1776887793.5451028,2.0,-1.0,-25.0
1776887793.5551028,3.0,-3.0,-24.0
1776887793.5651028,4.0,2.0,-28.0
1776887793.5751028,6.0,2.0,-31.0
1776887793.5851028,1.0,2.0,-37.0
1776887793.5951028,0.0,-2.0,-35.0
1776887793.6051028,7.0,-4.0,-32.0
1776887793.6151028,6.0,-4.0,-37.0
1776887793.6251028,6.0,-1.0,-42.0
1776887793.6351027,9.0,0.0,-34.0
1776887793.6451027,8.0,-1.0,-37.0
1776887793.6551027,5.0,0.0,-43.0
1776887793.6651027,3.0,0.0,-43.0
1776887793.6751027,2.0,1.0,-42.0
1776887793.6851027,1.0,0.0,-42.0
1776887793.6951027,2.0,2.0,-37.0
1776887793.7051027,6.0,0.0,-41.0
1776887793.715103,8.0,1.0,-34.0
1776887793.725103,5.0,2.0,-34.0
1776887793.735103,1.0,0.0,-33.0
1776887793.7451026,0.0,1.0,-35.0
1776887793.7551026,3.0,0.0,-31.0
1776887793.7651026,2.0,0.0,-32.0
1776887793.7751029,4.0,2.0,-42.0
1776887793.7851028,3.0,2.0,-47.0
1776887793.7951028,0.0,2.0,-41.0
1776887793.8051028,-1.0,0.0,-41.0
1776887793.8151028,-1.0,-1.0,-41.0
1776887793.8251028,2.0,0.0,-43.0
1776887793.8351028,4.0,-5.0,-41.0
1776887793.8451028,9.0,-1.0,-36.0
1776887793.8551028,10.0,0.0,-31.0
1776887793.8651028,11.0,3.0,-31.0
1776887793.8751028,4.0,0.0,-30.0
1776887793.8851027,2.0,-3.0,-27.0
1776887793.8951027,0.0,-1.0,-26.0
1776887793.9051027,-3.0,0.0,-29.0
1776887793.9151027,-4.0,0.0,-37.0
1776887793.9251027,-7.0,-3.0,-44.0
1776887793.9351027,-6.0,-1.0,-40.0
1776887793.9451027,-3.0,-6.0,-39.0
1776887793.9551027,-10.0,-8.0,-37.0
1776887793.965103,-10.0,-9.0,-39.0
1776887793.975103,-11.0,-8.0,-44.0
1776887793.985103,-6.0,-4.0,-41.0
1776887793.9951026,-1.0,-2.0,-38.0
1776887794.0051026,3.0,-2.0,-35.0
1776887794.0151026,3.0,-1.0,-40.0
1776887794.0251029,7.0,0.0,-41.0
1776887794.0351028,8.0,0.0,-31.0
1776887794.0451028,1.0,-1.0,-27.0
1776887794.0551028,1.0,-2.0,-27.0
1776887794.0651028,2.0,-1.0,-36.0
1776887794.0751028,1.0,-3.0,-34.0
1776887794.0851028,3.0,-6.0,-40.0
1776887794.0951028,0.0,-5.0,-33.0
1776887794.1051028,0.0,-4.0,-30.0
1776887794.1151028,1.0,-6.0,-28.0
1776887794.1251028,1.0,-2.0,-29.0
1776887794.1351027,-5.0,-1.0,-30.0
1776887794.1451027,-5.0,-3.0,-24.0
1776887794.1551027,-6.0,-6.0,-18.0
1776887794.1651027,-5.0,-1.0,-21.0
1776887794.1751027,-5.0,-2.0,-24.0
1776887794.1851027,-3.0,-3.0,-36.0
1776887794.1951027,0.0,-3.0,-44.0
1776887794.2051027,3.0,-2.0,-45.0
1776887794.215103,1.0,-1.0,-50.0
1776887794.225103,3.0,-4.0,-48.0
1776887794.235103,7.0,-3.0,-46.0
1776887794.2451026,4.0,-6.0,-48.0
1776887794.2551026,2.0,-2.0,-44.0
1776887794.2661028,1.0,-2.0,-42.0
1776887794.2761028,1.0,-6.0,-35.0
1776887794.2861028,2.0,-7.0,-36.0
1776887794.2961028,-3.0,-5.0,-35.0
1776887794.3061028,-3.0,-5.0,-39.0
1776887794.3161027,-1.0,-3.0,-42.0
1776887794.3261027,0.0,-8.0,-40.0
1776887794.3361027,0.0,-7.0,-44.0
1776887794.3461027,-2.0,-4.0,-35.0
1776887794.3561027,1.0,-3.0,-29.0
1776887794.3661027,0.0,-3.0,-32.0
1776887794.3761027,-3.0,0.0,-31.0
1776887794.386103,-5.0,-2.0,-32.0
1776887794.396103,-6.0,-2.0,-33.0
1776887794.406103,0.0,0.0,-42.0
1776887794.4161026,3.0,-1.0,-46.0
1776887794.4261026,2.0,-5.0,-47.0
1776887794.4361026,5.0,-8.0,-45.0
1776887794.4461029,1.0,-2.0,-43.0
1776887794.4561028,-1.0,-1.0,-48.0
1776887794.4661028,-3.0,-1.0,-48.0
1776887794.4761028,3.0,0.0,-45.0
1776887794.4861028,1.0,-8.0,-42.0
1776887794.4961028,1.0,-7.0,-35.0
1776887794.5061028,0.0,-1.0,-38.0
1776887794.5161028,-1.0,3.0,-33.0
1776887794.5261028,1.0,2.0,-31.0
1776887794.5361028,-1.0,-1.0,-27.0
1776887794.5461028,1.0,-3.0,-23.0
1776887794.5561028,0.0,0.0,-29.0
1776887794.5661027,0.0,-3.0,-39.0
1776887794.5761027,0.0,-3.0,-36.0
1776887794.5861027,0.0,-3.0,-34.0
1776887794.5961027,6.0,-4.0,-34.0
1776887794.6061027,4.0,-8.0,-32.0
1776887794.6161027,4.0,-8.0,-29.0
1776887794.6261027,4.0,-11.0,-37.0
1776887794.636103,-2.0,-13.0,-36.0
1776887794.646103,-6.0,-10.0,-30.0
1776887794.656103,-3.0,-7.0,-38.0
1776887794.6661026,-3.0,-4.0,-44.0
1776887794.6761026,-3.0,-6.0,-40.0
1776887794.6861026,3.0,-5.0,-32.0
1776887794.6961029,8.0,-1.0,-40.0
1776887794.7061028,4.0,-3.0,-37.0
1776887794.7161028,4.0,-4.0,-38.0
1776887794.7261028,4.0,-3.0,-42.0
1776887794.7361028,10.0,-2.0,-45.0
1776887794.7461028,10.0,0.0,-46.0
1776887794.7561028,10.0,-1.0,-39.0
1776887794.7661028,6.0,-5.0,-43.0
1776887794.7761028,8.0,-5.0,-39.0
1776887794.7861028,5.0,-1.0,-35.0
1776887794.7961028,3.0,1.0,-31.0
1776887794.8061028,-4.0,0.0,-32.0
1776887794.8161027,-2.0,-2.0,-25.0
1776887794.8261027,-2.0,-7.0,-17.0
1776887794.8361027,0.0,-8.0,-24.0
1776887794.8461027,3.0,-2.0,-28.0
1776887794.8561027,6.0,-1.0,-34.0
1776887794.8661027,1.0,0.0,-40.0
1776887794.8761027,0.0,4.0,-41.0
1776887794.886103,0.0,2.0,-40.0
1776887794.896103,-3.0,1.0,-36.0
1776887794.906103,-3.0,0.0,-40.0
1776887794.9161026,-3.0,-3.0,-40.0
1776887794.9261026,-5.0,-3.0,-42.0
1776887794.9361026,-4.0,-4.0,-40.0
1776887794.9461029,-4.0,-1.0,-38.0
1776887794.9561028,-4.0,0.0,-43.0
1776887794.9661028,-7.0,0.0,-42.0
1776887794.9761028,-8.0,4.0,-40.0
1776887794.9861028,-8.0,-2.0,-37.0
1776887794.9961028,-13.0,0.0,-39.0
1776887795.0061028,-13.0,-2.0,-37.0
1776887795.0161028,-6.0,0.0,-28.0
1776887795.0261028,-6.0,0.0,-23.0
1776887795.0361028,-3.0,-2.0,-29.0
1776887795.0461028,-4.0,1.0,-36.0
1776887795.0561028,-2.0,0.0,-37.0
1776887795.0661027,0.0,0.0,-38.0
1776887795.0761027,4.0,2.0,-39.0
1776887795.0861027,9.0,1.0,-39.0
1776887795.0961027,7.0,0.0,-38.0
1776887795.1061027,2.0,-2.0,-46.0
1776887795.1161027,0.0,-2.0,-39.0
1776887795.1261027,-1.0,-4.0,-39.0
1776887795.136103,0.0,-2.0,-42.0
1776887795.146103,-1.0,-2.0,-45.0
1776887795.156103,-1.0,-5.0,-40.0
1776887795.1661026,-3.0,-4.0,-38.0
1776887795.1761026,-1.0,-6.0,-37.0
1776887795.1861026,-3.0,-6.0,-36.0
1776887795.1961029,-3.0,-3.0,-30.0
1776887795.2061028,-3.0,-6.0,-35.0
1776887795.2161028,-2.0,-4.0,-42.0
1776887795.2261028,-2.0,-2.0,-43.0
1776887795.2361028,0.0,-4.0,-46.0
1776887795.2461028,2.0,-6.0,-43.0
1776887795.2561028,6.0,-2.0,-42.0
1776887795.2661028,8.0,1.0,-37.0
1776887795.2761028,6.0,2.0,-38.0
1776887795.2861028,6.0,4.0,-40.0
1776887795.2961028,8.0,3.0,-38.0
1776887795.3061028,3.0,1.0,-42.0
1776887795.3161027,0.0,4.0,-47.0
1776887795.3261027,2.0,0.0,-46.0
1776887795.3361027,0.0,-5.0,-40.0
1776887795.3461027,0.0,0.0,-40.0
1776887795.3561027,3.0,-1.0,-36.0
1776887795.3661027,5.0,-2.0,-34.0
1776887795.3761027,8.0,0.0,-35.0
1776887795.386103,8.0,0.0,-39.0
1776887795.396103,10.0,1.0,-37.0
1776887795.406103,14.0,2.0,-38.0
1776887795.4161026,10.0,-1.0,-35.0
1776887795.4261026,6.0,0.0,-35.0
1776887795.4361026,4.0,-1.0,-31.0
1776887795.4461029,2.0,1.0,-29.0
1776887795.4561028,3.0,0.0,-27.0
1776887795.4661028,2.0,0.0,-32.0
1776887795.4761028,3.0,0.0,-30.0
1776887795.4861028,2.0,2.0,-30.0
1776887795.4961028,3.0,4.0,-31.0
1776887795.5061028,4.0,2.0,-34.0
1776887795.5161028,6.0,-1.0,-32.0
1776887795.5261028,6.0,-4.0,-31.0
1776887795.5361028,3.0,-5.0,-28.0
1776887795.5461028,4.0,-2.0,-37.0
1776887795.5561028,2.0,2.0,-42.0
1776887795.5661027,3.0,2.0,-44.0
1776887795.5761027,1.0,-2.0,-38.0
1776887795.5861027,5.0,-6.0,-34.0
1776887795.5961027,5.0,-5.0,-36.0
1776887795.6061027,5.0,-5.0,-40.0
1776887795.6161027,0.0,-6.0,-42.0
1776887795.6261027,-2.0,-4.0,-35.0
1776887795.636103,1.0,-1.0,-38.0
1776887795.646103,4.0,0.0,-39.0
1776887795.656103,6.0,-1.0,-32.0
1776887795.6661026,3.0,0.0,-30.0
1776887795.6761026,6.0,3.0,-31.0
1776887795.6861026,7.0,5.0,-33.0
1776887795.6961029,11.0,4.0,-29.0
1776887795.7061028,7.0,3.0,-31.0
1776887795.7161028,2.0,1.0,-29.0
1776887795.7261028,1.0,1.0,-28.0
1776887795.7361028,0.0,7.0,-30.0
1776887795.7461028,2.0,4.0,-32.0
1776887795.7561028,3.0,2.0,-34.0
1776887795.7661028,5.0,1.0,-25.0
1776887795.7761028,2.0,3.0,-28.0
1776887795.7861028,3.0,1.0,-30.0
1776887795.7961028,4.0,3.0,-34.0
1776887795.8061028,3.0,1.0,-29.0
1776887795.8161027,2.0,-1.0,-35.0
1776887795.8261027,3.0,0.0,-29.0
1776887795.8361027,2.0,1.0,-22.0
1776887795.8461027,2.0,4.0,-28.0
1776887795.8561027,-1.0,7.0,-31.0
1776887795.8661027,3.0,7.0,-38.0
1776887795.8761027,4.0,10.0,-38.0
1776887795.886103,6.0,3.0,-35.0
1776887795.896103,8.0,2.0,-35.0
1776887795.906103,2.0,2.0,-35.0
1776887795.9161026,-1.0,-2.0,-35.0
1776887795.9261026,-4.0,-5.0,-30.0
1776887795.9361026,-6.0,-3.0,-34.0
1776887795.9461029,-8.0,-2.0,-36.0
1776887795.9561028,-8.0,-4.0,-35.0
1776887795.9661028,-1.0,-2.0,-28.0
1776887795.9761028,5.0,-3.0,-31.0
1776887795.9861028,5.0,-2.0,-36.0
1776887795.9961028,4.0,-2.0,-36.0
1776887796.0061028,6.0,0.0,-34.0
1776887796.0161028,1.0,0.0,-28.0
1776887796.0261028,3.0,0.0,-29.0
1776887796.0361028,3.0,-3.0,-33.0
1776887796.0461028,5.0,-7.0,-35.0
1776887796.0561028,2.0,-6.0,-40.0
1776887796.0661027,3.0,-4.0,-41.0
1776887796.0761027,0.0,-6.0,-44.0
1776887796.0861027,0.0,-4.0,-40.0
1776887796.0961027,-4.0,-3.0,-34.0
1776887796.1061027,-1.0,-4.0,-29.0
1776887796.1161027,2.0,-9.0,-37.0
1776887796.1261027,3.0,-6.0,-36.0
1776887796.136103,0.0,-7.0,-33.0
1776887796.146103,0.0,-3.0,-33.0
1776887796.156103,0.0,-3.0,-32.0
1776887796.1661026,0.0,-4.0,-30.0
1776887796.1761026,-1.0,-2.0,-30.0
1776887796.1861026,-3.0,-2.0,-36.0
1776887796.1961029,-4.0,-1.0,-35.0
1776887796.2061028,-5.0,0.0,-39.0
1776887796.2161028,-2.0,-1.0,-35.0
1776887796.2261028,0.0,-2.0,-41.0
1776887796.2361028,0.0,-1.0,-39.0
1776887796.2461028,0.0,-1.0,-39.0
1776887796.2571027,-1.0,0.0,-38.0
1776887796.2671027,0.0,1.0,-40.0
1776887796.2761028,0.0,4.0,-38.0
1776887796.2871027,2.0,1.0,-35.0
1776887796.2971027,2.0,3.0,-38.0
1776887796.307103,7.0,3.0,-44.0
1776887796.317103,2.0,3.0,-47.0
1776887796.327103,1.0,3.0,-43.0
1776887796.337103,-1.0,5.0,-36.0
1776887796.3471026,-1.0,4.0,-38.0
1776887796.3571026,0.0,0.0,-34.0
1776887796.3671026,4.0,0.0,-34.0
1776887796.3771029,3.0,0.0,-35.0
1776887796.3871028,5.0,0.0,-31.0
1776887796.3971028,2.0,0.0,-24.0
1776887796.4071028,1.0,2.0,-18.0
1776887796.4171028,-3.0,5.0,-11.0
1776887796.4271028,-4.0,1.0,-18.0
1776887796.4371028,1.0,-2.0,-25.0
1776887796.4471028,5.0,0.0,-30.0
1776887796.4571028,5.0,-1.0,-32.0
1776887796.4671028,6.0,-2.0,-42.0
1776887796.4771028,3.0,-5.0,-45.0
1776887796.4871027,1.0,-6.0,-43.0
1776887796.4971027,0.0,-2.0,-42.0
1776887796.5071027,-1.0,-4.0,-46.0
1776887796.5171027,-2.0,-6.0,-37.0
1776887796.5271027,-9.0,-2.0,-25.0
1776887796.5371027,-7.0,1.0,-27.0
1776887796.5471027,0.0,2.0,-31.0
1776887796.557103,0.0,0.0,-34.0
1776887796.567103,1.0,1.0,-34.0
1776887796.577103,2.0,-2.0,-30.0
1776887796.587103,4.0,-1.0,-31.0
1776887796.5971026,4.0,-2.0,-38.0
1776887796.6071026,0.0,0.0,-46.0
1776887796.6171026,7.0,4.0,-52.0
1776887796.6271029,8.0,1.0,-53.0
1776887796.6371028,9.0,0.0,-52.0
1776887796.6471028,5.0,-2.0,-51.0
1776887796.6571028,1.0,-1.0,-47.0
1776887796.6671028,0.0,1.0,-41.0
1776887796.6771028,-4.0,1.0,-43.0
1776887796.6871028,-6.0,0.0,-39.0
1776887796.6971028,-10.0,-4.0,-35.0
1776887796.7071028,-7.0,-3.0,-37.0
1776887796.7171028,-4.0,-6.0,-41.0
1776887796.7271028,-2.0,-10.0,-41.0
1776887796.7371027,-1.0,-10.0,-42.0
1776887796.7471027,2.0,-7.0,-44.0
1776887796.7571027,5.0,-4.0,-48.0
1776887796.7671027,6.0,-4.0,-50.0
1776887796.7771027,9.0,-3.0,-45.0
1776887796.7871027,8.0,-2.0,-39.0
1776887796.7971027,9.0,-1.0,-34.0
1776887796.807103,6.0,-2.0,-30.0
1776887796.817103,5.0,1.0,-31.0
1776887796.827103,1.0,6.0,-38.0
1776887796.837103,0.0,7.0,-40.0
1776887796.8471026,-5.0,0.0,-43.0
1776887796.8571026,-4.0,2.0,-46.0
1776887796.8671026,-7.0,0.0,-45.0
1776887796.8771029,-6.0,-4.0,-45.0
1776887796.8871028,-4.0,0.0,-45.0
1776887796.8971028,-8.0,1.0,-45.0
1776887796.9071028,-6.0,4.0,-35.0
1776887796.9171028,-3.0,1.0,-40.0
1776887796.9271028,-3.0,0.0,-44.0
1776887796.9371028,-2.0,0.0,-40.0
1776887796.9471028,0.0,-1.0,-34.0
1776887796.9571028,-3.0,2.0,-32.0
1776887796.9671028,-6.0,-1.0,-30.0
1776887796.9771028,-7.0,2.0,-36.0
1776887796.9871027,-6.0,3.0,-35.0
1776887796.9971027,-7.0,3.0,-35.0
1776887797.0071027,-10.0,4.0,-42.0
1776887797.0171027,-8.0,6.0,-44.0
1776887797.0271027,-8.0,7.0,-44.0
1776887797.0371027,-9.0,5.0,-39.0
1776887797.0471027,-4.0,3.0,-37.0
1776887797.057103,-4.0,0.0,-33.0
1776887797.067103,-4.0,0.0,-36.0
1776887797.077103,-1.0,-1.0,-32.0
1776887797.087103,0.0,-4.0,-33.0
1776887797.0971026,-3.0,-3.0,-34.0
1776887797.1071026,-1.0,-3.0,-33.0
1776887797.1171026,0.0,-5.0,-31.0
1776887797.1271029,1.0,-2.0,-32.0
1776887797.1371028,5.0,0.0,-35.0
1776887797.1471028,7.0,3.0,-38.0
1776887797.1571028,7.0,4.0,-37.0
1776887797.1671028,7.0,6.0,-39.0
1776887797.1771028,5.0,5.0,-36.0
1776887797.1871028,4.0,1.0,-35.0
1776887797.1971028,1.0,-2.0,-31.0
1776887797.2071028,0.0,0.0,-34.0
1776887797.2171028,-1.0,0.0,-31.0
1776887797.2271028,-3.0,-3.0,-31.0
1776887797.2371027,-4.0,-7.0,-30.0
1776887797.2471027,-6.0,-6.0,-40.0
1776887797.2571027,-4.0,-2.0,-31.0
1776887797.2671027,-1.0,0.0,-32.0
1776887797.2771027,-2.0,-1.0,-30.0
1776887797.2871027,-1.0,-5.0,-28.0
1776887797.2971027,0.0,-6.0,-27.0
1776887797.307103,1.0,-6.0,-32.0
1776887797.317103,1.0,-5.0,-32.0
1776887797.327103,-1.0,-11.0,-28.0
1776887797.337103,-2.0,-8.0,-31.0
1776887797.3471026,-7.0,-8.0,-26.0
1776887797.3571026,-7.0,-10.0,-25.0
1776887797.3671026,-9.0,-9.0,-27.0
1776887797.3771029,-5.0,-9.0,-32.0
1776887797.3871028,-3.0,-8.0,-38.0
1776887797.3971028,0.0,-7.0,-36.0
1776887797.4071028,-1.0,-9.0,-36.0
1776887797.4171028,0.0,-10.0,-44.0
1776887797.4271028,4.0,-7.0,-43.0
1776887797.4371028,4.0,-5.0,-36.0
1776887797.4471028,4.0,-5.0,-40.0
1776887797.4571028,-1.0,-8.0,-47.0
1776887797.4671028,0.0,-7.0,-46.0
1776887797.4771028,0.0,-2.0,-36.0
1776887797.4871027,-4.0,-2.0,-37.0
1776887797.4971027,-1.0,-1.0,-36.0
1776887797.5071027,4.0,1.0,-35.0
1776887797.5171027,0.0,0.0,-34.0
1776887797.5271027,-8.0,-6.0,-38.0
1776887797.5371027,-4.0,-9.0,-37.0
1776887797.5471027,-5.0,-9.0,-37.0
1776887797.557103,-6.0,-8.0,-38.0
1776887797.567103,-3.0,-8.0,-40.0
1776887797.577103,-4.0,-10.0,-36.0
1776887797.587103,-1.0,-9.0,-42.0
1776887797.5971026,-1.0,-7.0,-39.0
1776887797.6071026,-1.0,-6.0,-36.0
1776887797.6171026,0.0,-4.0,-32.0
1776887797.6271029,0.0,-7.0,-32.0
1776887797.6381028,2.0,-12.0,-35.0
1776887797.6471028,0.0,-12.0,-41.0
1776887797.6571028,2.0,-9.0,-44.0
1776887797.6671028,3.0,-6.0,-41.0
1776887797.6771028,7.0,-5.0,-29.0
1776887797.6871028,7.0,-3.0,-27.0
1776887797.6971028,9.0,-2.0,-29.0
1776887797.7071028,8.0,0.0,-34.0
1776887797.7171028,4.0,1.0,-35.0
1776887797.7271028,1.0,4.0,-33.0
1776887797.7371027,1.0,4.0,-32.0
1776887797.7471027,1.0,1.0,-35.0
1776887797.7571027,5.0,0.0,-44.0
1776887797.7671027,3.0,-3.0,-44.0
1776887797.7771027,0.0,-5.0,-45.0
1776887797.7871027,-3.0,-8.0,-41.0
1776887797.7971027,0.0,-8.0,-50.0
1776887797.807103,0.0,-6.0,-53.0
1776887797.817103,-2.0,-10.0,-48.0
1776887797.827103,0.0,-12.0,-41.0
1776887797.837103,1.0,-8.0,-40.0
1776887797.8471026,1.0,-8.0,-37.0
1776887797.8571026,3.0,-6.0,-31.0
1776887797.8671026,5.0,-4.0,-37.0
1776887797.8771029,2.0,-3.0,-30.0
1776887797.8871028,2.0,-2.0,-32.0
1776887797.8971028,-2.0,-6.0,-31.0
1776887797.9071028,-1.0,-5.0,-27.0
1776887797.9171028,-2.0,-4.0,-30.0
1776887797.9271028,0.0,-5.0,-31.0
1776887797.9371028,-10.0,-5.0,-32.0
1776887797.9471028,-11.0,-9.0,-36.0
1776887797.9571028,-9.0,-4.0,-34.0
1776887797.9671028,-6.0,0.0,-38.0
1776887797.9771028,-2.0,0.0,-45.0
1776887797.9871027,-3.0,-1.0,-51.0
1776887797.9971027,0.0,-1.0,-52.0
1776887798.0071027,1.0,1.0,-53.0
1776887798.0171027,4.0,3.0,-50.0
1776887798.0271027,2.0,3.0,-39.0
1776887798.0371027,-2.0,1.0,-31.0
1776887798.0471027,0.0,1.0,-23.0
1776887798.057103,3.0,2.0,-23.0
1776887798.067103,6.0,0.0,-30.0
1776887798.077103,0.0,0.0,-29.0
1776887798.087103,0.0,1.0,-26.0
1776887798.0971026,-3.0,2.0,-25.0
1776887798.1071026,-5.0,3.0,-21.0
1776887798.1171026,-4.0,4.0,-23.0
1776887798.1271029,-2.0,0.0,-17.0
1776887798.1371028,-1.0,2.0,-20.0
1776887798.1471028,-3.0,6.0,-26.0
1776887798.1571028,-2.0,3.0,-31.0
1776887798.1671028,-1.0,4.0,-30.0
1776887798.1771028,1.0,2.0,-37.0
1776887798.1871028,1.0,2.0,-41.0
1776887798.1971028,5.0,3.0,-52.0
1776887798.2071028,5.0,1.0,-50.0
1776887798.2171028,1.0,-4.0,-53.0
1776887798.2271028,-1.0,-5.0,-51.0
1776887798.2371027,-4.0,-3.0,-51.0
1776887798.2471027,0.0,-1.0,-41.0
1776887798.2571027,0.0,0.0,-38.0
1776887798.2671027,3.0,-1.0,-40.0
1776887798.2781026,4.0,3.0,-32.0
1776887798.2881026,4.0,0.0,-35.0
1776887798.2981029,3.0,-2.0,-34.0
1776887798.3081028,3.0,-3.0,-39.0
1776887798.3181028,0.0,0.0,-33.0
1776887798.3281028,0.0,3.0,-41.0
1776887798.3381028,-1.0,1.0,-42.0
1776887798.3481028,1.0,-4.0,-46.0
1776887798.3581028,-4.0,-3.0,-45.0
1776887798.3681028,-4.0,-1.0,-49.0
1776887798.3781028,-3.0,0.0,-43.0
1776887798.3881028,-2.0,-1.0,-41.0
1776887798.3981028,-5.0,-2.0,-37.0
1776887798.4081028,-3.0,-5.0,-30.0
1776887798.4181027,0.0,-4.0,-31.0
1776887798.4281027,-2.0,-7.0,-30.0
1776887798.4381027,-1.0,-4.0,-29.0
1776887798.4481027,1.0,-3.0,-31.0
1776887798.4581027,6.0,-6.0,-39.0
1776887798.4681027,5.0,-3.0,-39.0
1776887798.4781027,2.0,-1.0,-40.0
1776887798.488103,-3.0,-2.0,-41.0
1776887798.498103,-3.0,0.0,-38.0
1776887798.508103,-3.0,2.0,-27.0
1776887798.5181026,2.0,0.0,-26.0
1776887798.5281026,9.0,-3.0,-32.0
1776887798.5381026,7.0,1.0,-35.0
1776887798.5481029,9.0,0.0,-34.0
1776887798.5581028,7.0,1.0,-35.0
1776887798.5681028,4.0,0.0,-35.0
1776887798.5781028,4.0,4.0,-34.0
1776887798.5881028,9.0,7.0,-32.0
1776887798.5981028,4.0,7.0,-31.0
1776887798.6081028,4.0,5.0,-28.0
1776887798.6181028,3.0,2.0,-23.0
1776887798.6281028,3.0,1.0,-22.0
1776887798.6381028,0.0,1.0,-30.0
1776887798.6481028,0.0,0.0,-31.0
1776887798.6581028,0.0,-1.0,-33.0
1776887798.6681027,2.0,-2.0,-39.0
1776887798.6781027,6.0,-3.0,-40.0
1776887798.6881027,8.0,-4.0,-32.0
1776887798.6981027,6.0,-5.0,-39.0
1776887798.7081027,3.0,-5.0,-36.0
1776887798.7181027,1.0,-3.0,-29.0
1776887798.7281027,3.0,0.0,-29.0
1776887798.738103,3.0,-1.0,-33.0
1776887798.748103,2.0,-3.0,-38.0
1776887798.758103,-1.0,-2.0,-39.0
1776887798.7681026,-1.0,-3.0,-42.0
1776887798.7781026,0.0,-5.0,-39.0
1776887798.7881026,2.0,-5.0,-39.0
1776887798.7981029,3.0,-2.0,-44.0
1776887798.8081028,2.0,-2.0,-47.0
1776887798.8181028,5.0,0.0,-42.0
1776887798.8281028,3.0,-1.0,-42.0
1776887798.8381028,1.0,0.0,-43.0
1776887798.8481028,2.0,0.0,-44.0
1776887798.8581028,0.0,-1.0,-39.0
1776887798.8681028,5.0,-2.0,-33.0
1776887798.8781028,4.0,0.0,-29.0
1776887798.8881028,0.0,2.0,-29.0
1776887798.8981028,1.0,1.0,-31.0
1776887798.9081028,5.0,0.0,-27.0
1776887798.9181027,1.0,-1.0,-26.0
1776887798.9281027,1.0,-3.0,-31.0
1776887798.9381027,7.0,-2.0,-39.0
1776887798.9481027,7.0,0.0,-43.0
1776887798.9581027,8.0,0.0,-40.0
1776887798.9681027,6.0,-1.0,-34.0
1776887798.9781027,7.0,0.0,-41.0
1776887798.988103,5.0,3.0,-36.0
1776887798.998103,4.0,3.0,-39.0
1776887799.008103,-1.0,6.0,-39.0
1776887799.0181026,1.0,2.0,-39.0
1776887799.0281026,2.0,0.0,-38.0
1776887799.0381026,3.0,0.0,-35.0
1776887799.0481029,2.0,1.0,-39.0
1776887799.0581028,1.0,0.0,-39.0
1776887799.0681028,0.0,-1.0,-38.0
1776887799.0781028,2.0,-3.0,-37.0
1776887799.0881028,0.0,-6.0,-34.0
1776887799.0981028,0.0,-4.0,-35.0
1776887799.1081028,2.0,-7.0,-29.0
1776887799.1181028,3.0,-8.0,-34.0
1776887799.1281028,5.0,-6.0,-29.0
1776887799.1381028,5.0,-3.0,-23.0
1776887799.1481028,3.0,0.0,-26.0
1776887799.1581028,7.0,-5.0,-26.0
1776887799.1681027,8.0,-1.0,-33.0
1776887799.1781027,8.0,3.0,-40.0
1776887799.1881027,7.0,-2.0,-37.0
1776887799.1981027,8.0,-3.0,-30.0
1776887799.2081027,4.0,-4.0,-34.0
1776887799.2181027,6.0,-7.0,-33.0
1776887799.2281027,2.0,-6.0,-39.0
1776887799.238103,0.0,-6.0,-42.0
1776887799.248103,1.0,-5.0,-40.0
1776887799.258103,-2.0,-3.0,-35.0
1776887799.2681026,-6.0,0.0,-37.0
1776887799.2781026,-6.0,-2.0,-34.0
1776887799.2881026,0.0,1.0,-33.0
1776887799.2981029,0.0,3.0,-34.0
1776887799.3081028,-2.0,8.0,-34.0
1776887799.3181028,0.0,5.0,-29.0
1776887799.3281028,-1.0,5.0,-33.0
1776887799.3381028,-3.0,3.0,-40.0
1776887799.3481028,-7.0,3.0,-40.0
1776887799.3581028,-1.0,-2.0,-32.0
1776887799.3681028,-2.0,-2.0,-31.0
1776887799.3781028,-1.0,-4.0,-34.0
1776887799.3881028,-1.0,-3.0,-36.0
1776887799.3981028,0.0,-5.0,-37.0
1776887799.4081028,-2.0,-6.0,-33.0
1776887799.4181027,-3.0,-6.0,-37.0
1776887799.4281027,-3.0,-7.0,-36.0
1776887799.4381027,-4.0,-3.0,-37.0
1776887799.4481027,-5.0,-3.0,-44.0
1776887799.4581027,-2.0,-5.0,-43.0
1776887799.4681027,-4.0,-6.0,-36.0
1776887799.4781027,-6.0,-4.0,-29.0
1776887799.488103,0.0,-5.0,-31.0
1776887799.498103,-1.0,-1.0,-30.0
1776887799.508103,0.0,-2.0,-29.0
1776887799.5181026,-1.0,-2.0,-36.0
1776887799.5281026,-3.0,-4.0,-39.0
1776887799.5381026,-4.0,0.0,-36.0
1776887799.5481029,-1.0,4.0,-31.0
1776887799.5581028,-2.0,2.0,-35.0
1776887799.5681028,-3.0,1.0,-39.0
1776887799.5781028,-5.0,2.0,-36.0
1776887799.5881028,-10.0,4.0,-37.0
1776887799.5981028,-9.0,2.0,-41.0
1776887799.6081028,-2.0,-3.0,-45.0
1776887799.6181028,-2.0,-5.0,-44.0
1776887799.6281028,1.0,-3.0,-40.0
1776887799.6381028,0.0,-3.0,-42.0
1776887799.6481028,1.0,0.0,-41.0
1776887799.6581028,0.0,0.0,-34.0
1776887799.6681027,0.0,0.0,-38.0
1776887799.6781027,1.0,0.0,-38.0
1776887799.6881027,0.0,-4.0,-38.0
1776887799.6981027,3.0,-5.0,-37.0
1776887799.7081027,0.0,-6.0,-34.0
1776887799.7181027,1.0,-5.0,-35.0
1776887799.7281027,7.0,-5.0,-38.0
1776887799.738103,4.0,-6.0,-40.0
1776887799.748103,8.0,-6.0,-42.0
1776887799.758103,8.0,-6.0,-43.0
1776887799.7681026,6.0,-4.0,-40.0
1776887799.7781026,6.0,-3.0,-34.0
1776887799.7881026,5.0,0.0,-33.0
1776887799.7981029,7.0,0.0,-27.0
1776887799.8081028,8.0,-1.0,-34.0
1776887799.8181028,5.0,-6.0,-32.0
1776887799.8281028,7.0,-5.0,-31.0
1776887799.8381028,2.0,-5.0,-30.0
1776887799.8481028,2.0,-2.0,-31.0
1776887799.8581028,0.0,-6.0,-25.0
1776887799.8681028,0.0,-7.0,-24.0
1776887799.8781028,3.0,-2.0,-24.0
1776887799.8881028,5.0,-3.0,-29.0
1776887799.8981028,8.0,-5.0,-30.0
1776887799.9081028,2.0,-7.0,-32.0
1776887799.9181027,4.0,-6.0,-31.0
1776887799.9281027,5.0,-6.0,-34.0
1776887799.9381027,2.0,-6.0,-37.0
1776887799.9481027,-3.0,-3.0,-37.0
1776887799.9581027,0.0,1.0,-33.0
1776887799.9681027,-2.0,-3.0,-32.0
1776887799.9781027,1.0,-1.0,-31.0
1776887799.988103,2.0,-2.0,-36.0
1776887799.998103,0.0,-1.0,-39.0
1776887800.008103,-2.0,2.0,-42.0
1776887800.0181026,-1.0,2.0,-44.0
1776887800.0281026,0.0,1.0,-36.0
1776887800.0381026,4.0,2.0,-36.0
1776887800.0481029,5.0,4.0,-44.0
1776887800.0581028,2.0,-2.0,-45.0
1776887800.0681028,5.0,-1.0,-44.0
1776887800.0781028,5.0,-5.0,-41.0
1776887800.0881028,3.0,-4.0,-40.0
1776887800.0981028,4.0,-3.0,-37.0
1776887800.1081028,0.0,-2.0,-37.0
1776887800.1181028,-3.0,1.0,-44.0
1776887800.1281028,-3.0,0.0,-37.0
1776887800.1381028,-2.0,-2.0,-34.0
1776887800.1481028,-6.0,0.0,-37.0
1776887800.1581028,-8.0,3.0,-40.0
1776887800.1681027,-11.0,3.0,-35.0
1776887800.1781027,-13.0,5.0,-35.0
1776887800.1881027,-10.0,4.0,-29.0
1776887800.1981027,-4.0,6.0,-28.0
1776887800.2081027,-3.0,7.0,-26.0
1776887800.2181027,-6.0,3.0,-27.0
1776887800.2281027,-3.0,0.0,-26.0
1776887800.238103,-2.0,3.0,-31.0
1776887800.2491028,1.0,3.0,-30.0
1776887800.258103,5.0,1.0,-34.0
1776887800.2691028,7.0,2.0,-27.0
1776887800.2781026,3.0,3.0,-38.0
1776887800.2891028,0.0,4.0,-28.0
1776887800.2991028,-3.0,4.0,-29.0
1776887800.3091028,-2.0,6.0,-26.0
1776887800.3191028,-4.0,4.0,-26.0
1776887800.3291028,0.0,2.0,-28.0
1776887800.3391027,-5.0,3.0,-27.0
1776887800.3491027,-7.0,2.0,-28.0
1776887800.3591027,-6.0,-1.0,-31.0
1776887800.3691027,-4.0,0.0,-33.0
1776887800.3791027,-2.0,1.0,-42.0
1776887800.3891027,1.0,2.0,-43.0
1776887800.3991027,0.0,6.0,-44.0
1776887800.409103,0.0,4.0,-43.0
1776887800.419103,1.0,2.0,-44.0
1776887800.429103,2.0,0.0,-38.0
1776887800.4391026,2.0,0.0,-36.0
1776887800.4491026,-1.0,5.0,-34.0
1776887800.4591026,0.0,3.0,-32.0
1776887800.4691026,-2.0,3.0,-31.0
1776887800.4791028,1.0,-1.0,-34.0
1776887800.4891028,7.0,1.0,-39.0
1776887800.4991028,13.0,-2.0,-39.0
1776887800.5091028,12.0,-3.0,-46.0
1776887800.5191028,10.0,0.0,-44.0
1776887800.5291028,9.0,0.0,-45.0
1776887800.5391028,8.0,1.0,-46.0
1776887800.5491028,3.0,4.0,-36.0
1776887800.5591028,0.0,3.0,-29.0
1776887800.5691028,1.0,6.0,-32.0
1776887800.5791028,4.0,2.0,-32.0
1776887800.5891027,5.0,1.0,-34.0
1776887800.5991027,6.0,3.0,-41.0
1776887800.6091027,8.0,6.0,-41.0
1776887800.6191027,6.0,0.0,-39.0
1776887800.6291027,2.0,-1.0,-42.0
1776887800.6391027,2.0,-5.0,-40.0
1776887800.6491027,-2.0,-3.0,-43.0
1776887800.659103,-2.0,-5.0,-38.0
1776887800.669103,1.0,-1.0,-37.0
1776887800.679103,1.0,0.0,-41.0
1776887800.6891026,2.0,-3.0,-43.0
1776887800.6991026,-2.0,0.0,-35.0
1776887800.7091026,-5.0,-1.0,-35.0
1776887800.7191026,-6.0,-6.0,-32.0
1776887800.7291028,-6.0,-4.0,-30.0
1776887800.7391028,-5.0,-3.0,-46.0
1776887800.7491028,-8.0,-3.0,-41.0
1776887800.7591028,-8.0,-4.0,-39.0
1776887800.7691028,-5.0,-3.0,-33.0
1776887800.7791028,-5.0,0.0,-29.0
1776887800.7891028,-4.0,0.0,-28.0
1776887800.7991028,-4.0,1.0,-28.0
1776887800.8091028,-1.0,2.0,-25.0
1776887800.8191028,-1.0,0.0,-23.0
1776887800.8291028,-2.0,1.0,-21.0
1776887800.8391027,0.0,0.0,-25.0
1776887800.8491027,4.0,0.0,-35.0
1776887800.8591027,1.0,0.0,-40.0
1776887800.8691027,0.0,1.0,-40.0
1776887800.8791027,6.0,2.0,-40.0
1776887800.8891027,4.0,6.0,-33.0
1776887800.8991027,3.0,3.0,-29.0
1776887800.909103,0.0,-2.0,-34.0
1776887800.919103,0.0,-2.0,-40.0
1776887800.929103,3.0,-3.0,-41.0
1776887800.9391026,2.0,-2.0,-37.0
1776887800.9491026,-2.0,-1.0,-43.0
1776887800.9591026,2.0,-4.0,-38.0
1776887800.9691026,4.0,-6.0,-32.0
1776887800.9791028,6.0,-6.0,-31.0
1776887800.9891028,7.0,-3.0,-29.0
1776887800.9991028,5.0,2.0,-34.0
1776887801.0091028,4.0,3.0,-30.0
1776887801.0191028,4.0,-2.0,-25.0
1776887801.0291028,2.0,-4.0,-23.0
1776887801.0391028,1.0,-5.0,-27.0
1776887801.0491028,0.0,0.0,-26.0
1776887801.0591028,-5.0,0.0,-30.0
1776887801.0691028,-1.0,0.0,-27.0
1776887801.0791028,-2.0,0.0,-28.0
1776887801.0891027,0.0,0.0,-29.0
1776887801.0991027,2.0,-4.0,-35.0
1776887801.1091027,2.0,-5.0,-39.0
1776887801.1191027,-2.0,-3.0,-38.0
1776887801.1291027,-2.0,-2.0,-41.0
1776887801.1391027,0.0,0.0,-37.0
1776887801.1491027,4.0,0.0,-34.0
1776887801.159103,3.0,0.0,-32.0
1776887801.169103,0.0,-5.0,-28.0
1776887801.179103,-4.0,-2.0,-31.0
1776887801.1891026,-4.0,-2.0,-33.0
1776887801.1991026,-3.0,0.0,-39.0
1776887801.2091026,0.0,5.0,-42.0
1776887801.2191026,-2.0,3.0,-42.0
1776887801.2291028,-3.0,0.0,-45.0
1776887801.2391028,-5.0,0.0,-40.0
1776887801.2491028,-4.0,0.0,-28.0
1776887801.2591028,-1.0,-2.0,-27.0
1776887801.2691028,0.0,-6.0,-32.0
1776887801.2791028,0.0,1.0,-34.0
1776887801.2891028,-2.0,0.0,-29.0
1776887801.2991028,3.0,-6.0,-32.0
1776887801.3091028,6.0,-2.0,-40.0
1776887801.3191028,10.0,-1.0,-42.0
1776887801.3291028,16.0,1.0,-37.0
1776887801.3391027,10.0,1.0,-36.0
1776887801.3491027,5.0,-2.0,-33.0
1776887801.3591027,4.0,-2.0,-34.0
1776887801.3691027,3.0,1.0,-29.0
1776887801.3791027,1.0,4.0,-32.0
1776887801.3891027,0.0,1.0,-35.0
1776887801.3991027,-3.0,4.0,-34.0
1776887801.409103,-5.0,1.0,-35.0
1776887801.419103,-7.0,-1.0,-34.0
1776887801.429103,-9.0,2.0,-41.0
1776887801.4391026,-8.0,5.0,-41.0
1776887801.4491026,-1.0,3.0,-45.0
1776887801.4591026,0.0,0.0,-46.0
1776887801.4691026,1.0,-1.0,-45.0
1776887801.4791028,3.0,-6.0,-35.0
1776887801.4891028,5.0,-5.0,-27.0
1776887801.4991028,8.0,-4.0,-33.0
1776887801.5091028,5.0,-3.0,-33.0
1776887801.5191028,1.0,0.0,-31.0
1776887801.5291028,0.0,-3.0,-38.0
1776887801.5391028,0.0,-3.0,-39.0
1776887801.5491028,0.0,0.0,-40.0
1776887801.5591028,-3.0,-1.0,-43.0
1776887801.5691028,-3.0,-1.0,-41.0
1776887801.5791028,1.0,-3.0,-38.0
1776887801.5891027,0.0,-2.0,-42.0
1776887801.5991027,-3.0,1.0,-39.0
1776887801.6091027,-2.0,-3.0,-41.0
1776887801.6191027,-5.0,-8.0,-41.0
1776887801.6291027,-6.0,-3.0,-40.0
1776887801.6391027,-5.0,-1.0,-44.0
1776887801.6491027,-4.0,-3.0,-39.0
1776887801.659103,-3.0,-4.0,-35.0
1776887801.669103,-2.0,-4.0,-43.0
1776887801.679103,-3.0,1.0,-47.0
1776887801.6891026,-6.0,2.0,-40.0
1776887801.6991026,-9.0,0.0,-33.0
1776887801.7091026,-7.0,0.0,-38.0
1776887801.7191026,-9.0,-2.0,-41.0
1776887801.7291028,-3.0,-1.0,-34.0
1776887801.7391028,0.0,-7.0,-33.0
1776887801.7491028,0.0,-6.0,-37.0
1776887801.7591028,1.0,-4.0,-37.0
1776887801.7691028,1.0,0.0,-39.0
1776887801.7791028,3.0,-2.0,-34.0
1776887801.7891028,1.0,-5.0,-29.0
1776887801.7991028,-3.0,-4.0,-36.0
1776887801.8091028,-1.0,-3.0,-33.0
1776887801.8191028,2.0,-4.0,-39.0
1776887801.8291028,1.0,-3.0,-32.0
1776887801.8391027,0.0,-1.0,-28.0
1776887801.8491027,-1.0,0.0,-24.0
1776887801.8591027,-1.0,-1.0,-27.0
1776887801.8691027,0.0,-1.0,-31.0
1776887801.8791027,-4.0,-1.0,-29.0
1776887801.8891027,-2.0,-1.0,-32.0
1776887801.8991027,-1.0,-1.0,-31.0
1776887801.909103,-3.0,0.0,-30.0
1776887801.919103,-1.0,-3.0,-35.0
1776887801.929103,2.0,-3.0,-35.0
1776887801.9391026,0.0,-2.0,-30.0
1776887801.9491026,4.0,-2.0,-33.0
1776887801.9591026,1.0,1.0,-38.0
1776887801.9691026,2.0,0.0,-34.0
1776887801.9791028,-1.0,0.0,-36.0
1776887801.9891028,-1.0,4.0,-39.0
1776887801.9991028,-5.0,2.0,-35.0
1776887802.0091028,-3.0,0.0,-37.0
1776887802.0191028,-3.0,-3.0,-37.0
1776887802.0291028,-3.0,-5.0,-39.0
1776887802.0391028,0.0,-2.0,-39.0
1776887802.0491028,0.0,1.0,-37.0
1776887802.0591028,0.0,5.0,-31.0
1776887802.0691028,0.0,2.0,-29.0
1776887802.0791028,0.0,-1.0,-30.0
1776887802.0891027,0.0,-2.0,-28.0
1776887802.0991027,-1.0,-2.0,-33.0
1776887802.1091027,-2.0,-3.0,-29.0
1776887802.1191027,-1.0,0.0,-31.0
1776887802.1291027,-1.0,1.0,-40.0
1776887802.1391027,-4.0,2.0,-40.0
1776887802.1491027,-4.0,2.0,-36.0
1776887802.159103,-2.0,0.0,-36.0
1776887802.169103,0.0,-5.0,-33.0
1776887802.179103,-2.0,-8.0,-37.0
1776887802.1891026,-3.0,-6.0,-35.0
1776887802.1991026,-2.0,-5.0,-27.0
1776887802.2091026,-3.0,-3.0,-30.0
1776887802.2191026,0.0,-6.0,-35.0
1776887802.2291028,4.0,-5.0,-32.0
1776887802.2401028,4.0,-1.0,-32.0
1776887802.2491028,3.0,-1.0,-30.0
1776887802.2601027,6.0,-2.0,-33.0
1776887802.2701027,4.0,-1.0,-29.0
1776887802.2801027,4.0,-3.0,-32.0
1776887802.2901027,0.0,-3.0,-34.0
1776887802.3001027,0.0,-2.0,-32.0
1776887802.3101027,1.0,-5.0,-31.0
1776887802.3201027,2.0,-3.0,-37.0
1776887802.3301027,4.0,-2.0,-34.0
1776887802.340103,3.0,-4.0,-32.0
1776887802.350103,1.0,-1.0,-31.0
1776887802.360103,0.0,-3.0,-31.0
1776887802.3701026,0.0,-4.0,-34.0
1776887802.3801026,-2.0,-2.0,-33.0
1776887802.3901026,-3.0,-2.0,-39.0
1776887802.4001029,2.0,0.0,-42.0
1776887802.4101028,0.0,-3.0,-40.0
1776887802.4201028,-1.0,-1.0,-37.0
1776887802.4301028,0.0,-2.0,-33.0
1776887802.4401028,-4.0,-1.0,-29.0
1776887802.4501028,-3.0,-2.0,-30.0
1776887802.4601028,-5.0,-4.0,-32.0
1776887802.4701028,-1.0,-7.0,-32.0
1776887802.4801028,0.0,-6.0,-31.0
1776887802.4901028,3.0,-2.0,-32.0
1776887802.5001028,-2.0,0.0,-28.0
1776887802.5101027,-1.0,0.0,-31.0
1776887802.5201027,-3.0,0.0,-27.0
1776887802.5301027,2.0,-5.0,-23.0
1776887802.5401027,0.0,-4.0,-30.0
1776887802.5501027,0.0,-4.0,-30.0
1776887802.5601027,6.0,-1.0,-32.0
1776887802.5701027,0.0,-3.0,-34.0
1776887802.5801027,1.0,-2.0,-29.0
1776887802.590103,-4.0,0.0,-32.0
1776887802.600103,-5.0,1.0,-25.0
1776887802.610103,-3.0,0.0,-22.0
1776887802.6201026,-4.0,0.0,-21.0
1776887802.6301026,-5.0,-2.0,-30.0
1776887802.6401026,-4.0,-4.0,-33.0
1776887802.6501029,-2.0,0.0,-31.0
1776887802.6601028,-3.0,-2.0,-35.0
1776887802.6701028,-4.0,-3.0,-32.0
1776887802.6801028,-3.0,-3.0,-34.0
1776887802.6901028,1.0,-3.0,-33.0
1776887802.7001028,0.0,-3.0,-38.0
1776887802.7101028,2.0,-3.0,-40.0
1776887802.7201028,7.0,0.0,-40.0
1776887802.7301028,3.0,0.0,-35.0
1776887802.7401028,1.0,0.0,-31.0
1776887802.7501028,6.0,3.0,-33.0
1776887802.7601027,5.0,1.0,-32.0
1776887802.7701027,0.0,0.0,-29.0
1776887802.7801027,0.0,2.0,-32.0
1776887802.7901027,2.0,3.0,-36.0
1776887802.8001027,1.0,1.0,-42.0
1776887802.8101027,0.0,2.0,-39.0
1776887802.8201027,3.0,3.0,-36.0
1776887802.8301027,1.0,1.0,-37.0
1776887802.840103,-2.0,0.0,-34.0
1776887802.850103,-6.0,1.0,-40.0
1776887802.860103,-3.0,0.0,-36.0
1776887802.8701026,-3.0,1.0,-28.0
1776887802.8801026,0.0,2.0,-27.0
1776887802.8901026,0.0,0.0,-27.0
1776887802.9001029,1.0,-2.0,-33.0
1776887802.9101028,-2.0,0.0,-30.0
1776887802.9201028,0.0,-2.0,-30.0
1776887802.9301028,-1.0,-2.0,-34.0
1776887802.9401028,1.0,-4.0,-28.0
1776887802.9501028,2.0,0.0,-25.0
1776887802.9601028,4.0,-3.0,-35.0
1776887802.9701028,3.0,-3.0,-33.0
1776887802.9801028,0.0,-6.0,-30.0
1776887802.9901028,1.0,-10.0,-38.0
1776887803.0001028,3.0,-12.0,-46.0
1776887803.0101027,6.0,-12.0,-51.0
1776887803.0201027,7.0,-10.0,-43.0
1776887803.0301027,3.0,-7.0,-38.0
1776887803.0401027,0.0,-8.0,-36.0
1776887803.0501027,-2.0,-5.0,-37.0
1776887803.0601027,-1.0,-1.0,-47.0
1776887803.0701027,4.0,3.0,-43.0
1776887803.0801027,8.0,6.0,-41.0
1776887803.090103,4.0,3.0,-44.0
1776887803.100103,3.0,3.0,-36.0
1776887803.110103,1.0,4.0,-36.0
1776887803.1201026,1.0,4.0,-36.0
1776887803.1301026,0.0,4.0,-39.0
1776887803.1401026,1.0,4.0,-38.0
1776887803.1501029,7.0,7.0,-32.0
1776887803.1601028,4.0,2.0,-36.0
1776887803.1701028,3.0,1.0,-41.0
1776887803.1801028,5.0,1.0,-38.0
1776887803.1901028,8.0,3.0,-36.0
1776887803.2001028,10.0,3.0,-35.0
1776887803.2101028,11.0,0.0,-43.0
1776887803.2201028,6.0,0.0,-45.0
1776887803.2301028,5.0,-1.0,-45.0
1776887803.2401028,4.0,-4.0,-44.0
1776887803.2501028,1.0,0.0,-44.0
1776887803.2601027,0.0,0.0,-48.0
1776887803.2701027,-2.0,-2.0,-48.0
1776887803.2801027,-3.0,0.0,-46.0
1776887803.2901027,-6.0,0.0,-49.0
1776887803.3001027,-6.0,3.0,-43.0
1776887803.3101027,-1.0,2.0,-40.0
1776887803.3201027,3.0,2.0,-35.0
1776887803.3301027,1.0,4.0,-34.0
1776887803.340103,-1.0,1.0,-32.0
1776887803.350103,3.0,-1.0,-36.0
1776887803.360103,2.0,-3.0,-37.0
1776887803.3701026,1.0,-4.0,-34.0
1776887803.3801026,0.0,-4.0,-30.0
1776887803.3901026,-4.0,-5.0,-38.0
1776887803.4001029,-4.0,-3.0,-32.0
1776887803.4101028,-7.0,0.0,-29.0
1776887803.4201028,-5.0,2.0,-30.0
1776887803.4301028,-8.0,2.0,-33.0
1776887803.4401028,-8.0,0.0,-32.0
1776887803.4501028,-3.0,0.0,-29.0
1776887803.4601028,0.0,0.0,-38.0
1776887803.4701028,4.0,0.0,-39.0
1776887803.4801028,4.0,-3.0,-46.0
1776887803.4901028,7.0,-3.0,-44.0
1776887803.5001028,6.0,-3.0,-43.0
1776887803.5101027,5.0,-1.0,-44.0
1776887803.5201027,3.0,-1.0,-48.0
1776887803.5301027,0.0,0.0,-44.0
1776887803.5401027,1.0,0.0,-42.0
1776887803.5501027,-1.0,-3.0,-40.0
1776887803.5601027,-4.0,-4.0,-34.0
1776887803.5701027,-5.0,-4.0,-38.0
1776887803.5801027,-2.0,0.0,-35.0
1776887803.590103,1.0,0.0,-36.0
1776887803.600103,0.0,-4.0,-34.0
1776887803.610103,1.0,-6.0,-34.0
1776887803.6201026,0.0,-6.0,-32.0
1776887803.6301026,0.0,-8.0,-30.0
1776887803.6401026,0.0,-2.0,-25.0
1776887803.6501029,1.0,0.0,-31.0
1776887803.6601028,1.0,-2.0,-37.0
1776887803.6701028,0.0,-2.0,-40.0
1776887803.6801028,0.0,0.0,-44.0
1776887803.6901028,0.0,4.0,-46.0
1776887803.7001028,1.0,4.0,-40.0
1776887803.7101028,2.0,-2.0,-35.0
1776887803.7201028,0.0,-3.0,-37.0
1776887803.7301028,0.0,-3.0,-34.0
1776887803.7401028,-2.0,0.0,-40.0
1776887803.7501028,-8.0,-6.0,-35.0
1776887803.7601027,-1.0,-6.0,-34.0
1776887803.7701027,2.0,-9.0,-31.0
1776887803.7801027,-1.0,-10.0,-34.0
1776887803.7901027,-3.0,-8.0,-33.0
1776887803.8001027,-1.0,-8.0,-28.0
1776887803.8101027,-3.0,-4.0,-27.0
1776887803.8201027,0.0,-3.0,-23.0
1776887803.8301027,0.0,-6.0,-30.0
1776887803.840103,1.0,-11.0,-32.0
1776887803.850103,7.0,-8.0,-35.0
1776887803.860103,5.0,-3.0,-30.0
1776887803.8701026,5.0,-6.0,-33.0
1776887803.8801026,8.0,-3.0,-38.0
1776887803.8901026,3.0,-1.0,-37.0
1776887803.9001029,8.0,-6.0,-38.0
1776887803.9101028,2.0,-6.0,-41.0
1776887803.9201028,3.0,-7.0,-40.0
1776887803.9301028,4.0,-4.0,-41.0
1776887803.9401028,6.0,-6.0,-39.0
1776887803.9501028,4.0,-7.0,-36.0
1776887803.9601028,2.0,-4.0,-39.0
1776887803.9701028,2.0,-4.0,-40.0
1776887803.9801028,5.0,-5.0,-38.0
1776887803.9901028,0.0,-3.0,-33.0
1776887804.0001028,4.0,-7.0,-37.0
1776887804.0101027,3.0,-5.0,-41.0
1776887804.0201027,1.0,-3.0,-36.0
1776887804.0301027,0.0,-4.0,-28.0
1776887804.0401027,-1.0,-5.0,-25.0
1776887804.0501027,-5.0,-7.0,-21.0
1776887804.0601027,-6.0,-7.0,-22.0
1776887804.0701027,-6.0,-11.0,-23.0
1776887804.0811028,-7.0,-4.0,-25.0
1776887804.090103,-6.0,-5.0,-30.0
1776887804.100103,-1.0,-7.0,-31.0
1776887804.110103,6.0,-5.0,-29.0
1776887804.1201026,7.0,-6.0,-31.0
1776887804.1301026,9.0,-6.0,-35.0
1776887804.1401026,7.0,-8.0,-34.0
1776887804.1501029,7.0,-8.0,-34.0
1776887804.1601028,2.0,-5.0,-31.0
1776887804.1701028,4.0,-4.0,-27.0
1776887804.1801028,4.0,-10.0,-31.0
1776887804.1901028,0.0,-8.0,-35.0
1776887804.2001028,-3.0,-8.0,-33.0
1776887804.2101028,1.0,-10.0,-39.0
1776887804.2201028,3.0,-9.0,-36.0
1776887804.2301028,3.0,-11.0,-34.0
1776887804.2401028,2.0,-11.0,-32.0
1776887804.2511027,3.0,-7.0,-35.0
1776887804.2601027,6.0,-5.0,-41.0
1776887804.2701027,5.0,-4.0,-44.0
1776887804.281103,3.0,-7.0,-44.0
1776887804.2911026,-2.0,-4.0,-41.0
1776887804.3011026,0.0,0.0,-33.0
1776887804.3111026,2.0,0.0,-32.0
1776887804.3211029,5.0,1.0,-35.0
1776887804.3311028,1.0,0.0,-46.0
1776887804.3411028,0.0,1.0,-41.0
1776887804.3511028,-1.0,2.0,-34.0
1776887804.3611028,1.0,1.0,-30.0
1776887804.3711028,3.0,3.0,-31.0
1776887804.3811028,0.0,0.0,-39.0
1776887804.3911028,-1.0,2.0,-35.0
1776887804.4011028,-3.0,-1.0,-30.0
1776887804.4111028,-6.0,-3.0,-35.0
1776887804.4211028,-3.0,0.0,-33.0
1776887804.4311028,-6.0,2.0,-34.0
1776887804.4411027,-7.0,3.0,-34.0
1776887804.4511027,-5.0,5.0,-37.0
1776887804.4611027,-4.0,6.0,-37.0
1776887804.4711027,0.0,7.0,-39.0
1776887804.4811027,0.0,8.0,-37.0
1776887804.4911027,0.0,6.0,-35.0
1776887804.5011027,1.0,5.0,-33.0
1776887804.511103,5.0,2.0,-33.0
1776887804.521103,2.0,1.0,-37.0
1776887804.531103,2.0,0.0,-34.0
1776887804.5411026,2.0,-2.0,-37.0
1776887804.5511026,5.0,0.0,-40.0
1776887804.5611026,2.0,0.0,-36.0
1776887804.5711029,0.0,-1.0,-38.0
1776887804.5811028,-1.0,-2.0,-35.0
1776887804.5911028,-1.0,-1.0,-36.0
1776887804.6011028,-1.0,-1.0,-42.0
1776887804.6111028,0.0,0.0,-44.0
1776887804.6211028,-1.0,-3.0,-40.0
1776887804.6311028,-3.0,-3.0,-37.0
1776887804.6411028,0.0,0.0,-31.0
1776887804.6511028,1.0,0.0,-34.0
1776887804.6611028,0.0,-1.0,-38.0
1776887804.6711028,-4.0,-2.0,-37.0
1776887804.6811028,-4.0,-1.0,-36.0
1776887804.6911027,-3.0,-3.0,-29.0
1776887804.7011027,-5.0,-3.0,-28.0
1776887804.7111027,-6.0,-3.0,-29.0
1776887804.7211027,0.0,-5.0,-30.0
1776887804.7311027,0.0,-5.0,-29.0
1776887804.7411027,5.0,-5.0,-34.0
1776887804.7511027,1.0,0.0,-31.0
1776887804.761103,-2.0,2.0,-37.0
1776887804.771103,-1.0,2.0,-33.0
1776887804.781103,-3.0,0.0,-32.0
1776887804.7911026,-5.0,-4.0,-33.0
1776887804.8011026,-2.0,-5.0,-30.0
1776887804.8111026,-4.0,-6.0,-37.0
1776887804.8211029,-3.0,-2.0,-36.0
1776887804.8311028,-4.0,0.0,-40.0
1776887804.8411028,-1.0,3.0,-39.0
1776887804.8511028,0.0,3.0,-37.0
1776887804.8611028,-2.0,3.0,-34.0
1776887804.8711028,-1.0,5.0,-35.0
1776887804.8811028,-1.0,2.0,-28.0
1776887804.8911028,0.0,2.0,-34.0
1776887804.9011028,0.0,1.0,-36.0
1776887804.9111028,0.0,2.0,-38.0
1776887804.9211028,0.0,-4.0,-35.0
1776887804.9311028,0.0,-6.0,-29.0
1776887804.9411027,0.0,-3.0,-30.0
1776887804.9511027,-2.0,-4.0,-30.0
1776887804.9611027,-4.0,-2.0,-30.0
1776887804.9711027,-7.0,-1.0,-32.0
1776887804.9811027,-8.0,0.0,-34.0
1776887804.9911027,-8.0,0.0,-42.0
1776887805.0011027,-4.0,0.0,-40.0
1776887805.011103,-2.0,2.0,-36.0
1776887805.021103,-2.0,5.0,-35.0
1776887805.031103,0.0,2.0,-35.0
1776887805.0411026,-1.0,1.0,-37.0
1776887805.0511026,2.0,1.0,-35.0
1776887805.0611026,0.0,0.0,-36.0
1776887805.0711029,0.0,-6.0,-32.0
1776887805.0811028,-3.0,-4.0,-39.0
1776887805.0911028,1.0,-1.0,-42.0
1776887805.1011028,1.0,-2.0,-43.0
1776887805.1111028,0.0,0.0,-38.0
1776887805.1211028,0.0,-1.0,-36.0
1776887805.1311028,3.0,-5.0,-32.0
1776887805.1411028,5.0,-4.0,-38.0
1776887805.1511028,4.0,-5.0,-37.0
1776887805.1611028,2.0,-6.0,-37.0
1776887805.1711028,2.0,-4.0,-34.0
1776887805.1811028,4.0,-7.0,-35.0
1776887805.1911027,7.0,-6.0,-34.0
1776887805.2011027,6.0,-2.0,-28.0
1776887805.2111027,4.0,-6.0,-34.0
1776887805.2211027,5.0,-2.0,-40.0
1776887805.2311027,7.0,-1.0,-47.0
1776887805.2411027,6.0,-1.0,-45.0
1776887805.2511027,9.0,0.0,-46.0
1776887805.261103,5.0,-3.0,-42.0
1776887805.271103,4.0,-1.0,-43.0
1776887805.281103,4.0,0.0,-51.0
1776887805.2911026,0.0,4.0,-54.0
1776887805.3011026,-2.0,4.0,-50.0
1776887805.3111026,-1.0,1.0,-51.0
1776887805.3211029,-1.0,3.0,-50.0
1776887805.3311028,-1.0,4.0,-43.0
1776887805.3411028,0.0,2.0,-40.0
1776887805.3511028,1.0,2.0,-40.0
1776887805.3611028,0.0,3.0,-42.0
1776887805.3711028,-1.0,7.0,-40.0
1776887805.3811028,1.0,6.0,-40.0
1776887805.3911028,5.0,3.0,-40.0
1776887805.4011028,2.0,5.0,-38.0
1776887805.4111028,4.0,3.0,-35.0
1776887805.4211028,1.0,6.0,-29.0
1776887805.4311028,0.0,4.0,-31.0
1776887805.4411027,-2.0,0.0,-39.0
1776887805.4511027,-2.0,-1.0,-41.0
1776887805.4611027,0.0,3.0,-37.0
1776887805.4711027,0.0,2.0,-38.0
1776887805.4811027,-2.0,2.0,-36.0
1776887805.4911027,-4.0,2.0,-37.0
1776887805.5011027,-1.0,1.0,-37.0
1776887805.511103,-2.0,0.0,-37.0
1776887805.521103,-2.0,-3.0,-38.0
1776887805.531103,0.0,-3.0,-29.0
1776887805.5411026,0.0,-3.0,-31.0
1776887805.5511026,-3.0,1.0,-33.0
1776887805.5611026,-1.0,0.0,-33.0
1776887805.5711029,-8.0,2.0,-36.0
1776887805.5811028,-8.0,2.0,-37.0
1776887805.5911028,-4.0,3.0,-41.0
1776887805.6011028,-3.0,0.0,-52.0
1776887805.6111028,-3.0,2.0,-47.0
1776887805.6211028,-1.0,0.0,-43.0
1776887805.6311028,-2.0,4.0,-44.0
1776887805.6411028,0.0,6.0,-40.0
1776887805.6511028,3.0,1.0,-42.0
1776887805.6611028,3.0,0.0,-39.0
1776887805.6711028,1.0,0.0,-36.0
1776887805.6811028,0.0,0.0,-39.0
1776887805.6911027,0.0,0.0,-38.0
1776887805.7011027,-1.0,0.0,-41.0
1776887805.7111027,-2.0,0.0,-41.0
1776887805.7211027,-3.0,0.0,-45.0
1776887805.7311027,-4.0,0.0,-42.0
1776887805.7411027,-6.0,0.0,-46.0
1776887805.7511027,-3.0,1.0,-45.0
1776887805.761103,-3.0,5.0,-44.0
1776887805.771103,-4.0,8.0,-46.0
1776887805.781103,0.0,5.0,-50.0
1776887805.7911026,0.0,4.0,-56.0
1776887805.8011026,0.0,1.0,-50.0
1776887805.8111026,-1.0,0.0,-50.0
1776887805.8211029,-2.0,-1.0,-46.0
1776887805.8311028,-2.0,-4.0,-46.0
1776887805.8411028,-4.0,-4.0,-47.0
1776887805.8511028,0.0,0.0,-49.0
1776887805.8611028,1.0,-2.0,-46.0
1776887805.8711028,3.0,0.0,-39.0
1776887805.8811028,2.0,0.0,-33.0
1776887805.8911028,4.0,0.0,-29.0
1776887805.9011028,4.0,0.0,-31.0
1776887805.9111028,5.0,4.0,-32.0
1776887805.9211028,0.0,3.0,-33.0
1776887805.9311028,5.0,3.0,-31.0
1776887805.9411027,7.0,5.0,-39.0
1776887805.9511027,4.0,7.0,-38.0
1776887805.9611027,5.0,5.0,-43.0
1776887805.9711027,4.0,2.0,-39.0
1776887805.9811027,2.0,0.0,-46.0
1776887805.9911027,2.0,-1.0,-47.0
1776887806.0011027,1.0,-1.0,-49.0
1776887806.011103,-1.0,0.0,-51.0
1776887806.021103,0.0,0.0,-44.0
1776887806.031103,5.0,1.0,-40.0
1776887806.0411026,6.0,3.0,-35.0
1776887806.0511026,3.0,3.0,-40.0
1776887806.0611026,6.0,-1.0,-41.0
1776887806.0711029,2.0,-1.0,-47.0
1776887806.0811028,1.0,-1.0,-46.0
1776887806.0911028,0.0,2.0,-41.0
1776887806.1011028,0.0,3.0,-41.0
1776887806.1111028,-1.0,2.0,-40.0
1776887806.1211028,-1.0,0.0,-46.0
1776887806.1311028,-1.0,1.0,-49.0
1776887806.1411028,-2.0,-1.0,-42.0
1776887806.1511028,-5.0,-1.0,-40.0
1776887806.1611028,-5.0,-2.0,-37.0
1776887806.1711028,-2.0,0.0,-35.0
1776887806.1811028,2.0,-3.0,-28.0
1776887806.1911027,1.0,-1.0,-33.0
1776887806.2011027,-1.0,0.0,-42.0
1776887806.2111027,-5.0,0.0,-32.0
1776887806.2211027,-2.0,1.0,-36.0
1776887806.2311027,1.0,0.0,-32.0
1776887806.2411027,-2.0,-6.0,-40.0
1776887806.2511027,-1.0,-6.0,-41.0
1776887806.261103,-5.0,-3.0,-41.0
1776887806.271103,-7.0,-3.0,-39.0
1776887806.281103,-3.0,-4.0,-33.0
1776887806.2921028,-2.0,-2.0,-30.0
1776887806.3021028,1.0,-2.0,-27.0
1776887806.3121028,0.0,-1.0,-30.0
1776887806.3221028,3.0,0.0,-31.0
1776887806.3321028,3.0,0.0,-34.0
1776887806.3421028,5.0,5.0,-36.0
1776887806.3521028,5.0,1.0,-35.0
1776887806.3621027,5.0,-4.0,-33.0
1776887806.3721027,4.0,-5.0,-27.0
1776887806.3821027,5.0,-9.0,-27.0
1776887806.3921027,4.0,-10.0,-30.0
1776887806.4021027,6.0,-8.0,-31.0
1776887806.4121027,8.0,-10.0,-32.0
1776887806.4221027,4.0,-10.0,-29.0
1776887806.432103,1.0,-10.0,-29.0
1776887806.442103,-5.0,-8.0,-27.0
1776887806.452103,0.0,-4.0,-28.0
1776887806.462103,1.0,-5.0,-33.0
1776887806.4721026,4.0,-6.0,-39.0
1776887806.4821026,2.0,-7.0,-33.0
1776887806.4921026,2.0,-8.0,-32.0
1776887806.5021029,-3.0,-10.0,-41.0
1776887806.5121028,-2.0,-7.0,-46.0
1776887806.5221028,-3.0,-3.0,-40.0
1776887806.5321028,-6.0,-1.0,-36.0
1776887806.5421028,-3.0,-3.0,-39.0
1776887806.5521028,0.0,-4.0,-39.0
1776887806.5621028,-2.0,-3.0,-41.0
1776887806.5721028,-5.0,-1.0,-38.0
1776887806.5821028,-6.0,0.0,-37.0
1776887806.5921028,0.0,0.0,-32.0
1776887806.6021028,4.0,0.0,-34.0
1776887806.6121027,5.0,-1.0,-33.0
1776887806.6221027,10.0,0.0,-33.0
1776887806.6321027,4.0,1.0,-36.0
1776887806.6421027,-1.0,1.0,-37.0
1776887806.6521027,-5.0,1.0,-31.0
1776887806.6621027,-7.0,-1.0,-27.0
1776887806.6721027,-9.0,-4.0,-30.0
1776887806.682103,-9.0,0.0,-36.0
1776887806.692103,-8.0,1.0,-44.0
1776887806.702103,-4.0,3.0,-47.0
1776887806.712103,-4.0,3.0,-47.0
1776887806.7221026,0.0,-2.0,-42.0
1776887806.7321026,1.0,1.0,-36.0
1776887806.7421026,-1.0,0.0,-42.0
1776887806.7521029,1.0,-1.0,-39.0
1776887806.7621028,5.0,-3.0,-44.0
1776887806.7721028,6.0,-5.0,-44.0
1776887806.7821028,4.0,-10.0,-43.0
1776887806.7921028,5.0,-9.0,-41.0
1776887806.8021028,4.0,-8.0,-38.0
1776887806.8121028,7.0,-5.0,-32.0
1776887806.8221028,4.0,-4.0,-38.0
1776887806.8321028,7.0,-2.0,-43.0
1776887806.8421028,8.0,-5.0,-47.0
1776887806.8521028,7.0,-8.0,-42.0
1776887806.8621027,4.0,-6.0,-47.0
1776887806.8721027,5.0,-7.0,-46.0
1776887806.8821027,4.0,-6.0,-41.0
1776887806.8921027,7.0,-5.0,-37.0
1776887806.9021027,4.0,-5.0,-37.0
1776887806.9121027,0.0,-5.0,-36.0
1776887806.9221027,0.0,-3.0,-29.0
1776887806.932103,0.0,-1.0,-29.0
1776887806.942103,-2.0,0.0,-30.0
1776887806.952103,0.0,0.0,-33.0
1776887806.962103,0.0,-1.0,-33.0
1776887806.9721026,1.0,-1.0,-39.0
1776887806.9821026,1.0,-4.0,-34.0
1776887806.9921026,3.0,-4.0,-29.0
1776887807.0021029,4.0,0.0,-35.0
1776887807.0121028,4.0,0.0,-37.0
1776887807.0221028,4.0,-3.0,-37.0
1776887807.0321028,4.0,-9.0,-29.0
1776887807.0421028,3.0,-8.0,-37.0
1776887807.0521028,0.0,-5.0,-37.0
1776887807.0621028,4.0,0.0,-35.0
1776887807.0721028,9.0,1.0,-41.0
1776887807.0821028,8.0,0.0,-40.0
1776887807.0921028,7.0,-2.0,-41.0
1776887807.1021028,5.0,-2.0,-34.0
1776887807.1121027,4.0,-5.0,-35.0
1776887807.1221027,3.0,-5.0,-32.0
1776887807.1321027,0.0,-5.0,-30.0
1776887807.1421027,-1.0,-2.0,-33.0
1776887807.1531026,0.0,-7.0,-37.0
1776887807.1621027,1.0,-5.0,-37.0
1776887807.1721027,-3.0,-6.0,-39.0
1776887807.182103,0.0,-6.0,-39.0
1776887807.192103,0.0,-3.0,-37.0
1776887807.202103,-3.0,-1.0,-35.0
1776887807.212103,0.0,-4.0,-31.0
1776887807.2221026,3.0,0.0,-30.0
1776887807.2321026,-1.0,1.0,-24.0
1776887807.2421026,-1.0,2.0,-29.0
1776887807.2521029,-3.0,-2.0,-30.0
1776887807.2621028,-5.0,-2.0,-41.0
1776887807.2721028,-7.0,-2.0,-48.0
1776887807.2821028,-6.0,-4.0,-48.0
1776887807.2921028,-7.0,-7.0,-51.0
1776887807.3021028,-3.0,-4.0,-51.0
1776887807.3121028,2.0,-6.0,-47.0
1776887807.3221028,6.0,-4.0,-45.0
1776887807.3321028,3.0,-2.0,-53.0
1776887807.3421028,0.0,0.0,-48.0
1776887807.3521028,5.0,0.0,-48.0
1776887807.3621027,8.0,-2.0,-47.0
1776887807.3721027,8.0,0.0,-48.0
1776887807.3821027,7.0,1.0,-43.0
1776887807.3921027,3.0,0.0,-45.0
1776887807.4021027,3.0,-2.0,-37.0
1776887807.4121027,0.0,-3.0,-38.0
1776887807.4221027,1.0,-1.0,-43.0
1776887807.432103,0.0,2.0,-43.0
1776887807.442103,-2.0,0.0,-45.0
1776887807.452103,0.0,2.0,-44.0
1776887807.462103,0.0,-1.0,-41.0
1776887807.4721026,1.0,0.0,-36.0
1776887807.4821026,-1.0,2.0,-36.0
1776887807.4921026,-2.0,2.0,-34.0
1776887807.5021029,-3.0,3.0,-28.0
1776887807.5121028,-1.0,4.0,-36.0
1776887807.5221028,3.0,-3.0,-35.0
1776887807.5321028,0.0,-6.0,-37.0
1776887807.5421028,0.0,-4.0,-42.0
1776887807.5521028,-1.0,-5.0,-39.0
1776887807.5621028,-1.0,-6.0,-46.0
1776887807.5721028,0.0,-9.0,-45.0
1776887807.5821028,2.0,-8.0,-34.0
1776887807.5921028,-2.0,-7.0,-30.0
1776887807.6021028,-5.0,-7.0,-31.0
1776887807.6121027,0.0,-2.0,-34.0
1776887807.6221027,-2.0,-1.0,-34.0
1776887807.6321027,0.0,-2.0,-30.0
1776887807.6421027,-5.0,0.0,-27.0
1776887807.6521027,-6.0,0.0,-34.0
1776887807.6621027,-4.0,-1.0,-39.0
1776887807.6721027,-3.0,-2.0,-43.0
1776887807.682103,-5.0,-4.0,-42.0
1776887807.692103,-7.0,-1.0,-45.0
1776887807.702103,-1.0,1.0,-45.0
1776887807.712103,-4.0,0.0,-40.0
1776887807.7221026,-7.0,0.0,-41.0
1776887807.7321026,-6.0,-1.0,-41.0
1776887807.7421026,-4.0,-2.0,-40.0
1776887807.7521029,-7.0,-2.0,-48.0
1776887807.7621028,-7.0,-1.0,-49.0
1776887807.7721028,-6.0,0.0,-40.0
1776887807.7821028,-3.0,-4.0,-35.0
1776887807.7921028,-3.0,-5.0,-31.0
1776887807.8021028,3.0,-5.0,-37.0
1776887807.8121028,1.0,-5.0,-40.0
1776887807.8221028,1.0,-5.0,-35.0
1776887807.8321028,1.0,-3.0,-29.0
1776887807.8421028,0.0,-3.0,-25.0
1776887807.8521028,-3.0,0.0,-29.0
1776887807.8621027,-3.0,-4.0,-32.0
1776887807.8721027,-4.0,-2.0,-39.0
1776887807.8821027,-4.0,-1.0,-38.0
1776887807.8921027,-1.0,-1.0,-37.0
1776887807.9021027,-1.0,-5.0,-44.0
1776887807.9121027,0.0,-4.0,-38.0
1776887807.9221027,0.0,-1.0,-40.0
1776887807.932103,0.0,0.0,-39.0
1776887807.942103,5.0,-5.0,-40.0
1776887807.952103,8.0,-5.0,-33.0
1776887807.962103,7.0,-2.0,-31.0
1776887807.9721026,5.0,-1.0,-29.0
1776887807.9821026,1.0,-2.0,-30.0
1776887807.9921026,0.0,1.0,-36.0
1776887808.0021029,0.0,-1.0,-42.0
1776887808.0121028,0.0,-5.0,-47.0
1776887808.0221028,0.0,-5.0,-51.0
1776887808.0321028,5.0,1.0,-50.0
1776887808.0421028,9.0,4.0,-49.0
1776887808.0521028,7.0,5.0,-53.0
1776887808.0621028,9.0,6.0,-51.0
1776887808.0721028,7.0,8.0,-50.0
1776887808.0821028,6.0,7.0,-48.0
1776887808.0921028,3.0,4.0,-49.0
1776887808.1021028,6.0,1.0,-46.0
1776887808.1121027,10.0,2.0,-45.0
1776887808.1221027,6.0,1.0,-41.0
1776887808.1321027,3.0,0.0,-41.0
1776887808.1421027,2.0,0.0,-40.0
1776887808.1521027,0.0,0.0,-45.0
1776887808.1621027,0.0,0.0,-43.0
1776887808.1721027,-2.0,-2.0,-34.0
1776887808.182103,-7.0,-2.0,-29.0
1776887808.192103,-4.0,0.0,-27.0
1776887808.202103,-5.0,-4.0,-27.0
1776887808.212103,-1.0,-3.0,-36.0
1776887808.2221026,1.0,-1.0,-42.0
1776887808.2321026,1.0,0.0,-46.0
1776887808.2421026,-2.0,-5.0,-46.0
1776887808.2521029,0.0,-5.0,-43.0
1776887808.2621028,-1.0,-3.0,-37.0
1776887808.2721028,-4.0,-1.0,-33.0
1776887808.2821028,-5.0,-3.0,-34.0
1776887808.2931027,-4.0,-1.0,-38.0
1776887808.3031027,-1.0,0.0,-39.0
1776887808.3131027,-1.0,2.0,-37.0
1776887808.3231027,-2.0,2.0,-27.0
1776887808.3331027,0.0,1.0,-25.0
1776887808.3431027,-6.0,3.0,-32.0
1776887808.3531027,-4.0,0.0,-33.0
1776887808.363103,-4.0,2.0,-40.0
1776887808.373103,-2.0,3.0,-40.0
1776887808.383103,-4.0,4.0,-42.0
1776887808.3931026,0.0,0.0,-48.0
1776887808.4031026,4.0,2.0,-46.0
1776887808.4131026,3.0,0.0,-42.0
1776887808.4231029,0.0,-3.0,-38.0
1776887808.4331028,-1.0,-5.0,-41.0
1776887808.4431028,4.0,-5.0,-44.0
1776887808.4531028,5.0,-7.0,-40.0
1776887808.4631028,6.0,-5.0,-42.0
1776887808.4731028,10.0,-3.0,-41.0
1776887808.4831028,7.0,-1.0,-47.0
1776887808.4931028,2.0,-3.0,-48.0
1776887808.5031028,3.0,-2.0,-44.0
1776887808.5131028,3.0,-2.0,-46.0
1776887808.5231028,5.0,-2.0,-44.0
1776887808.5331028,4.0,0.0,-41.0
1776887808.5431027,4.0,4.0,-36.0
1776887808.5531027,7.0,3.0,-33.0
1776887808.5631027,4.0,2.0,-36.0
1776887808.5731027,4.0,0.0,-46.0
1776887808.5831027,2.0,0.0,-46.0
1776887808.5931027,3.0,3.0,-44.0
1776887808.6031027,4.0,4.0,-41.0
1776887808.613103,0.0,4.0,-41.0
1776887808.623103,0.0,3.0,-42.0
1776887808.633103,1.0,1.0,-45.0
1776887808.6431026,1.0,-3.0,-41.0
1776887808.6531026,0.0,-5.0,-40.0
1776887808.6631026,0.0,-4.0,-35.0
1776887808.6731029,0.0,-6.0,-36.0
1776887808.6831028,2.0,0.0,-31.0
1776887808.6931028,1.0,1.0,-33.0
1776887808.7031028,0.0,3.0,-27.0
1776887808.7131028,1.0,5.0,-34.0
1776887808.7231028,-4.0,2.0,-33.0
1776887808.7331028,-5.0,5.0,-33.0
1776887808.7431028,-1.0,6.0,-41.0
1776887808.7531028,0.0,0.0,-38.0
1776887808.7631028,1.0,-1.0,-38.0
1776887808.7731028,3.0,0.0,-40.0
1776887808.7831028,0.0,-1.0,-34.0
1776887808.7931027,-4.0,1.0,-39.0
1776887808.8031027,-6.0,0.0,-38.0
1776887808.8131027,-1.0,1.0,-40.0
1776887808.8231027,0.0,1.0,-32.0
1776887808.8331027,3.0,0.0,-38.0
1776887808.8431027,3.0,1.0,-35.0
1776887808.8531027,1.0,2.0,-34.0
1776887808.863103,0.0,2.0,-34.0
1776887808.873103,-1.0,2.0,-34.0
1776887808.883103,0.0,2.0,-36.0
1776887808.8931026,1.0,3.0,-38.0
1776887808.9031026,-3.0,4.0,-40.0
1776887808.9131026,0.0,8.0,-44.0
1776887808.9231029,0.0,5.0,-40.0
1776887808.9331028,0.0,3.0,-36.0
1776887808.9431028,0.0,1.0,-35.0
1776887808.9531028,2.0,-1.0,-36.0
1776887808.9631028,-1.0,0.0,-40.0
1776887808.9731028,-2.0,0.0,-39.0
1776887808.9831028,4.0,0.0,-35.0
1776887808.9931028,5.0,-1.0,-37.0
1776887809.0031028,5.0,-1.0,-40.0
1776887809.0131028,0.0,-2.0,-29.0
1776887809.0231028,0.0,-3.0,-29.0
1776887809.0331028,-2.0,-3.0,-28.0
1776887809.0431027,2.0,-8.0,-25.0
1776887809.0531027,2.0,-6.0,-34.0
1776887809.0631027,1.0,-7.0,-42.0
1776887809.0731027,0.0,-5.0,-50.0
1776887809.0831027,1.0,-4.0,-45.0
1776887809.0931027,3.0,-7.0,-45.0
1776887809.1031027,3.0,-7.0,-43.0
1776887809.113103,0.0,-1.0,-43.0
1776887809.123103,-1.0,-1.0,-43.0
1776887809.133103,2.0,-2.0,-43.0
1776887809.1431026,3.0,-2.0,-38.0
1776887809.1531026,4.0,3.0,-37.0
1776887809.1631026,4.0,1.0,-37.0
1776887809.1731029,8.0,-3.0,-33.0
1776887809.1831028,7.0,-1.0,-27.0
1776887809.1931028,5.0,-3.0,-26.0
1776887809.2031028,5.0,1.0,-26.0
1776887809.2131028,1.0,-1.0,-18.0
1776887809.2231028,2.0,1.0,-17.0
1776887809.2331028,4.0,2.0,-23.0
1776887809.2431028,-1.0,0.0,-22.0
1776887809.2531028,-1.0,0.0,-25.0
1776887809.2631028,3.0,-1.0,-27.0
1776887809.2731028,2.0,-5.0,-26.0
1776887809.2831028,1.0,-8.0,-24.0
1776887809.2931027,5.0,-8.0,-31.0
1776887809.3031027,5.0,-5.0,-27.0
1776887809.3131027,2.0,-6.0,-24.0
1776887809.3231027,-1.0,-5.0,-27.0
1776887809.3331027,-1.0,-3.0,-30.0
1776887809.3431027,-1.0,0.0,-36.0
1776887809.3531027,0.0,-4.0,-38.0
1776887809.363103,-1.0,-4.0,-35.0
1776887809.373103,6.0,-3.0,-32.0
1776887809.383103,6.0,-6.0,-36.0
1776887809.3931026,0.0,-6.0,-42.0
1776887809.4031026,0.0,-5.0,-46.0
1776887809.4131026,-3.0,-6.0,-41.0
1776887809.4231029,1.0,-8.0,-40.0
1776887809.4331028,1.0,-8.0,-39.0
1776887809.4431028,-1.0,-7.0,-34.0
1776887809.4531028,6.0,-3.0,-39.0
1776887809.4631028,4.0,-1.0,-40.0
1776887809.4731028,4.0,-3.0,-36.0
1776887809.4831028,4.0,0.0,-36.0
1776887809.4931028,4.0,-2.0,-40.0
1776887809.5031028,0.0,-6.0,-46.0
1776887809.5131028,0.0,-7.0,-47.0
1776887809.5231028,0.0,-4.0,-47.0
1776887809.5331028,1.0,-6.0,-40.0
1776887809.5431027,2.0,-1.0,-37.0
1776887809.5531027,1.0,-1.0,-35.0
1776887809.5631027,0.0,-1.0,-30.0
1776887809.5731027,-1.0,1.0,-33.0
1776887809.5831027,-2.0,3.0,-35.0
1776887809.5931027,-1.0,2.0,-39.0
1776887809.6031027,0.0,2.0,-39.0
1776887809.613103,-1.0,0.0,-41.0
1776887809.623103,0.0,5.0,-48.0
1776887809.633103,2.0,10.0,-39.0
1776887809.6431026,0.0,9.0,-42.0
1776887809.6531026,3.0,11.0,-32.0
1776887809.6631026,4.0,7.0,-32.0
1776887809.6731029,1.0,1.0,-31.0
1776887809.6831028,3.0,0.0,-29.0
1776887809.6931028,0.0,0.0,-32.0
1776887809.7031028,-1.0,0.0,-40.0
1776887809.7131028,-2.0,-1.0,-38.0
1776887809.7231028,0.0,-2.0,-37.0
1776887809.7331028,2.0,-1.0,-31.0
1776887809.7431028,4.0,-2.0,-35.0
1776887809.7531028,4.0,-1.0,-33.0
1776887809.7631028,8.0,1.0,-31.0
1776887809.7731028,7.0,0.0,-34.0
1776887809.7831028,6.0,-2.0,-33.0
1776887809.7931027,3.0,-2.0,-34.0
1776887809.8031027,1.0,-7.0,-37.0
1776887809.8131027,0.0,-2.0,-37.0
1776887809.8231027,-1.0,0.0,-35.0
1776887809.8331027,0.0,2.0,-37.0
1776887809.8431027,2.0,0.0,-37.0
1776887809.8531027,2.0,0.0,-34.0
1776887809.863103,4.0,2.0,-35.0
1776887809.873103,6.0,4.0,-45.0
1776887809.883103,5.0,4.0,-42.0
1776887809.8931026,0.0,4.0,-42.0
1776887809.9031026,0.0,2.0,-44.0
1776887809.9131026,-3.0,5.0,-47.0
1776887809.9231029,-3.0,5.0,-44.0
1776887809.9331028,-4.0,6.0,-39.0
1776887809.9431028,-4.0,4.0,-40.0
1776887809.9531028,-3.0,1.0,-38.0
1776887809.9631028,-2.0,-1.0,-43.0
1776887809.9731028,-1.0,-5.0,-40.0
1776887809.9831028,0.0,-5.0,-41.0
1776887809.9931028,0.0,-4.0,-41.0
1776887810.0031028,-2.0,0.0,-43.0
1776887810.0131028,0.0,-1.0,-41.0
1776887810.0231028,-1.0,-1.0,-39.0
1776887810.0331028,-3.0,0.0,-33.0
1776887810.0431027,-3.0,-1.0,-34.0
1776887810.0531027,-4.0,0.0,-38.0
1776887810.0631027,-2.0,0.0,-43.0
1776887810.0731027,1.0,0.0,-46.0
1776887810.0831027,0.0,0.0,-39.0
1776887810.0931027,1.0,0.0,-37.0
1776887810.1031027,0.0,-6.0,-47.0
1776887810.113103,3.0,-2.0,-48.0
1776887810.123103,10.0,-3.0,-49.0
1776887810.133103,9.0,-3.0,-49.0
1776887810.1431026,5.0,0.0,-45.0
1776887810.1531026,0.0,-2.0,-50.0
1776887810.1631026,0.0,-3.0,-45.0
1776887810.1731029,1.0,-6.0,-47.0
1776887810.1831028,0.0,-3.0,-44.0
1776887810.1931028,-4.0,-1.0,-40.0
1776887810.2031028,-1.0,-2.0,-33.0
1776887810.2131028,-4.0,-3.0,-35.0
1776887810.2231028,-3.0,-1.0,-42.0
1776887810.2331028,-2.0,-1.0,-45.0
1776887810.2431028,0.0,-9.0,-43.0
1776887810.2531028,0.0,-9.0,-45.0
1776887810.2641027,-3.0,-7.0,-39.0
1776887810.2741027,-3.0,-6.0,-40.0
1776887810.284103,-3.0,-3.0,-39.0
1776887810.294103,0.0,-5.0,-37.0
1776887810.304103,2.0,-6.0,-35.0
1776887810.3141026,3.0,-3.0,-33.0
1776887810.3241026,-2.0,-2.0,-33.0
1776887810.3331027,-1.0,-1.0,-38.0
1776887810.3441026,1.0,0.0,-43.0
1776887810.3541028,0.0,1.0,-40.0
1776887810.3641028,-7.0,-2.0,-32.0
1776887810.3741028,-2.0,-3.0,-27.0
1776887810.3841028,0.0,-1.0,-35.0
1776887810.3941028,0.0,-2.0,-36.0
1776887810.4041028,-1.0,0.0,-40.0
1776887810.4141028,-4.0,-2.0,-41.0
1776887810.4241028,-3.0,-6.0,-47.0
1776887810.4341028,1.0,-7.0,-46.0
1776887810.4441028,0.0,-2.0,-38.0
1776887810.4541028,-4.0,1.0,-38.0
1776887810.4641027,-6.0,-1.0,-35.0
1776887810.4741027,-8.0,-2.0,-33.0
1776887810.4841027,-9.0,-1.0,-41.0
1776887810.4941027,-6.0,0.0,-43.0
1776887810.5041027,-11.0,0.0,-45.0
1776887810.5141027,-12.0,1.0,-48.0
1776887810.5241027,-8.0,0.0,-49.0
1776887810.534103,2.0,0.0,-44.0
1776887810.544103,2.0,0.0,-45.0
1776887810.554103,2.0,0.0,-48.0
1776887810.5641026,1.0,-1.0,-48.0
1776887810.5741026,-1.0,0.0,-43.0
1776887810.5841026,0.0,-2.0,-41.0
1776887810.5941026,2.0,-4.0,-47.0
1776887810.6041028,8.0,-3.0,-53.0
1776887810.6141028,9.0,0.0,-53.0
1776887810.6241028,5.0,0.0,-58.0
1776887810.6341028,3.0,-4.0,-54.0
1776887810.6441028,0.0,-6.0,-51.0
1776887810.6541028,-4.0,-8.0,-50.0
1776887810.6641028,3.0,-13.0,-49.0
1776887810.6741028,2.0,-11.0,-39.0
1776887810.6841028,1.0,-7.0,-34.0
1776887810.6941028,4.0,-5.0,-29.0
1776887810.7041028,0.0,-7.0,-34.0
1776887810.7141027,-1.0,-6.0,-32.0
1776887810.7241027,0.0,0.0,-36.0
1776887810.7341027,2.0,0.0,-36.0
1776887810.7441027,2.0,0.0,-40.0
1776887810.7541027,2.0,7.0,-47.0
1776887810.7641027,0.0,4.0,-42.0
1776887810.7741027,0.0,0.0,-46.0
1776887810.784103,2.0,-3.0,-47.0
1776887810.794103,0.0,0.0,-50.0
1776887810.804103,3.0,-2.0,-51.0
1776887810.8141026,2.0,-4.0,-49.0
1776887810.8241026,3.0,0.0,-55.0
1776887810.8341026,1.0,0.0,-44.0
1776887810.8441026,4.0,0.0,-32.0
1776887810.8541028,7.0,-1.0,-32.0
1776887810.8641028,12.0,-6.0,-33.0
1776887810.8741028,13.0,-1.0,-35.0
1776887810.8841028,7.0,2.0,-38.0
1776887810.8941028,-1.0,0.0,-37.0
1776887810.9041028,2.0,2.0,-41.0
1776887810.9141028,6.0,0.0,-39.0
1776887810.9241028,1.0,4.0,-36.0
1776887810.9341028,-1.0,5.0,-37.0
1776887810.9441028,0.0,5.0,-45.0
1776887810.9541028,-1.0,8.0,-40.0
1776887810.9641027,0.0,10.0,-38.0
1776887810.9741027,4.0,8.0,-41.0
1776887810.9841027,6.0,8.0,-40.0
1776887810.9941027,6.0,3.0,-40.0
1776887811.0041027,7.0,-5.0,-39.0
1776887811.0141027,9.0,-4.0,-38.0
1776887811.0241027,3.0,-7.0,-36.0
1776887811.034103,6.0,-8.0,-38.0
1776887811.044103,0.0,-2.0,-43.0
1776887811.054103,2.0,0.0,-42.0
1776887811.0641026,4.0,-3.0,-45.0
1776887811.0741026,4.0,-2.0,-48.0
1776887811.0841026,7.0,-3.0,-43.0
1776887811.0941026,7.0,-1.0,-44.0
1776887811.1041028,8.0,0.0,-40.0
1776887811.1141028,9.0,2.0,-37.0
1776887811.1241028,6.0,5.0,-38.0
1776887811.1341028,5.0,5.0,-43.0
1776887811.1441028,2.0,5.0,-44.0
1776887811.1541028,2.0,5.0,-46.0
1776887811.1641028,4.0,3.0,-44.0
1776887811.1741028,9.0,1.0,-38.0
1776887811.1841028,3.0,1.0,-34.0
1776887811.1941028,3.0,1.0,-37.0
1776887811.2041028,1.0,-1.0,-31.0
1776887811.2141027,0.0,-1.0,-29.0
1776887811.2241027,-4.0,0.0,-34.0
1776887811.2341027,0.0,-1.0,-36.0
1776887811.2441027,2.0,0.0,-32.0
1776887811.2541027,0.0,1.0,-28.0
1776887811.2641027,0.0,0.0,-36.0
1776887811.2741027,-2.0,1.0,-37.0
1776887811.284103,-6.0,1.0,-34.0
1776887811.294103,-1.0,-1.0,-35.0
1776887811.304103,-3.0,0.0,-35.0
1776887811.3141026,-2.0,4.0,-30.0
1776887811.3241026,-1.0,1.0,-27.0
1776887811.3341026,-1.0,-1.0,-34.0
1776887811.3441026,1.0,2.0,-37.0
1776887811.3541028,1.0,1.0,-39.0
1776887811.3641028,0.0,3.0,-39.0
1776887811.3741028,0.0,0.0,-48.0
1776887811.3841028,-1.0,-4.0,-47.0
1776887811.3941028,-2.0,-4.0,-35.0
1776887811.4041028,-6.0,-3.0,-39.0
1776887811.4141028,-2.0,-3.0,-43.0
1776887811.4241028,1.0,-6.0,-40.0
1776887811.4341028,-1.0,-4.0,-38.0
1776887811.4441028,0.0,-5.0,-38.0
1776887811.4541028,2.0,-5.0,-37.0
1776887811.4641027,1.0,-3.0,-34.0
1776887811.4741027,0.0,-2.0,-31.0
1776887811.4841027,0.0,-1.0,-32.0
1776887811.4941027,1.0,-2.0,-30.0
1776887811.5041027,1.0,-3.0,-29.0
1776887811.5141027,0.0,0.0,-29.0
1776887811.5241027,2.0,-3.0,-26.0
1776887811.534103,0.0,-3.0,-27.0
1776887811.544103,1.0,-4.0,-30.0
1776887811.554103,0.0,-2.0,-32.0
1776887811.5641026,-3.0,0.0,-35.0
1776887811.5741026,-1.0,3.0,-37.0
1776887811.5841026,0.0,0.0,-37.0
1776887811.5941026,1.0,-3.0,-34.0
1776887811.6041028,0.0,-5.0,-36.0
1776887811.6141028,2.0,-7.0,-34.0
1776887811.6241028,0.0,-3.0,-35.0
1776887811.6341028,-3.0,-4.0,-37.0
1776887811.6441028,-5.0,-6.0,-39.0
1776887811.6541028,-6.0,-7.0,-37.0
1776887811.6641028,-3.0,-5.0,-38.0
1776887811.6741028,-3.0,-8.0,-44.0
1776887811.6841028,-4.0,-9.0,-43.0
1776887811.6941028,3.0,-8.0,-40.0
1776887811.7041028,1.0,-10.0,-44.0
1776887811.7141027,-2.0,-12.0,-51.0
1776887811.7241027,0.0,-7.0,-54.0
1776887811.7341027,-5.0,-6.0,-49.0
1776887811.7441027,-2.0,-5.0,-48.0
1776887811.7541027,-2.0,-9.0,-45.0
1776887811.7641027,-3.0,-6.0,-45.0
1776887811.7741027,0.0,-4.0,-39.0
1776887811.784103,0.0,-2.0,-39.0
1776887811.794103,-1.0,0.0,-35.0
1776887811.804103,-1.0,0.0,-39.0
1776887811.8141026,1.0,-2.0,-41.0
1776887811.8251028,1.0,-3.0,-38.0
1776887811.8341026,-1.0,-2.0,-42.0
1776887811.8441026,2.0,0.0,-43.0
1776887811.8541028,0.0,1.0,-38.0
1776887811.8641028,-1.0,3.0,-30.0
1776887811.8741028,-2.0,4.0,-26.0
1776887811.8841028,-6.0,5.0,-23.0
1776887811.8941028,-3.0,-1.0,-33.0
1776887811.9041028,0.0,-3.0,-37.0
1776887811.9141028,3.0,1.0,-32.0
1776887811.9241028,1.0,2.0,-26.0
1776887811.9341028,2.0,0.0,-27.0
1776887811.9441028,1.0,1.0,-29.0
1776887811.9541028,0.0,3.0,-28.0
1776887811.9641027,-3.0,1.0,-25.0
1776887811.9741027,-6.0,1.0,-22.0
1776887811.9841027,-6.0,-2.0,-32.0
1776887811.9941027,-5.0,-2.0,-33.0
1776887812.0041027,0.0,1.0,-32.0
1776887812.0141027,1.0,-3.0,-32.0
1776887812.0241027,0.0,-2.0,-31.0
1776887812.034103,0.0,0.0,-29.0
1776887812.044103,-2.0,2.0,-28.0
1776887812.054103,0.0,-1.0,-35.0
1776887812.0641026,0.0,-2.0,-39.0
1776887812.0741026,0.0,-1.0,-44.0
1776887812.0841026,0.0,-2.0,-46.0
1776887812.0941026,2.0,-8.0,-45.0
1776887812.1041028,4.0,-6.0,-41.0
1776887812.1141028,6.0,-3.0,-36.0
1776887812.1241028,8.0,-1.0,-35.0
1776887812.1341028,12.0,0.0,-39.0
1776887812.1441028,14.0,0.0,-37.0
1776887812.1541028,6.0,-1.0,-40.0
1776887812.1641028,4.0,-3.0,-45.0
1776887812.1741028,2.0,1.0,-46.0
1776887812.1841028,5.0,4.0,-39.0
1776887812.1941028,3.0,6.0,-40.0
1776887812.2041028,4.0,3.0,-39.0
1776887812.2141027,7.0,-2.0,-34.0
1776887812.2241027,7.0,-5.0,-33.0
1776887812.2341027,4.0,-4.0,-32.0
1776887812.2441027,5.0,-3.0,-32.0
1776887812.2541027,1.0,-3.0,-29.0
1776887812.2651026,0.0,-3.0,-35.0
1776887812.2741027,-2.0,-2.0,-35.0
1776887812.2851028,-2.0,-5.0,-31.0
1776887812.294103,4.0,-6.0,-29.0
1776887812.3051028,9.0,-9.0,-29.0
1776887812.3151028,6.0,-6.0,-32.0
1776887812.3241026,1.0,-4.0,-34.0
1776887812.3351028,2.0,-4.0,-31.0
1776887812.3451028,0.0,-5.0,-23.0
1776887812.3551028,-1.0,-1.0,-29.0
1776887812.3651028,1.0,-3.0,-24.0
1776887812.3751028,4.0,-7.0,-29.0
1776887812.3851027,6.0,-4.0,-40.0
1776887812.3951027,5.0,-5.0,-36.0
1776887812.4051027,3.0,-5.0,-42.0
1776887812.4151027,9.0,-8.0,-44.0
1776887812.4251027,10.0,-5.0,-52.0
1776887812.4351027,10.0,-4.0,-45.0
1776887812.4451027,9.0,-2.0,-45.0
1776887812.4551027,6.0,0.0,-51.0
1776887812.465103,8.0,1.0,-53.0
1776887812.475103,7.0,-1.0,-44.0
1776887812.485103,5.0,2.0,-36.0
1776887812.4951026,10.0,0.0,-34.0
1776887812.5051026,8.0,-1.0,-37.0
1776887812.5151026,7.0,0.0,-30.0
1776887812.5251029,5.0,0.0,-33.0
1776887812.5351028,2.0,0.0,-35.0
1776887812.5451028,-3.0,0.0,-33.0
1776887812.5551028,0.0,-1.0,-32.0
1776887812.5651028,0.0,0.0,-32.0
1776887812.5751028,0.0,0.0,-28.0
1776887812.5851028,0.0,-2.0,-25.0
1776887812.5951028,0.0,-4.0,-27.0
1776887812.6051028,-2.0,-6.0,-31.0
1776887812.6151028,0.0,-2.0,-32.0
1776887812.6251028,5.0,-1.0,-28.0
1776887812.6351027,5.0,0.0,-36.0
1776887812.6451027,8.0,-1.0,-36.0
1776887812.6551027,7.0,0.0,-33.0
1776887812.6651027,7.0,3.0,-28.0
1776887812.6751027,5.0,5.0,-33.0
1776887812.6851027,4.0,2.0,-35.0
1776887812.6951027,1.0,5.0,-33.0
1776887812.7051027,-1.0,3.0,-40.0
1776887812.715103,-3.0,4.0,-37.0
1776887812.725103,0.0,5.0,-35.0
1776887812.735103,2.0,6.0,-39.0
1776887812.7451026,2.0,4.0,-32.0
1776887812.7551026,3.0,2.0,-39.0
1776887812.7651026,7.0,0.0,-47.0
1776887812.7751029,8.0,-2.0,-41.0
1776887812.7851028,9.0,-2.0,-36.0
1776887812.7951028,8.0,-3.0,-34.0
1776887812.8051028,7.0,-4.0,-36.0
1776887812.8151028,8.0,-5.0,-41.0
1776887812.8251028,7.0,-2.0,-36.0
1776887812.8351028,7.0,0.0,-34.0
1776887812.8451028,4.0,0.0,-38.0
1776887812.8551028,0.0,0.0,-45.0
1776887812.8651028,-3.0,5.0,-48.0
1776887812.8751028,-3.0,4.0,-39.0
1776887812.8851027,-2.0,7.0,-40.0
1776887812.8951027,3.0,4.0,-30.0
1776887812.9051027,4.0,0.0,-24.0
1776887812.9151027,3.0,3.0,-20.0
1776887812.9251027,2.0,2.0,-19.0
1776887812.9351027,2.0,2.0,-22.0
1776887812.9451027,2.0,4.0,-25.0
1776887812.9551027,3.0,3.0,-27.0
1776887812.965103,5.0,-1.0,-35.0
1776887812.975103,2.0,-3.0,-35.0
1776887812.985103,-2.0,-3.0,-34.0
1776887812.9951026,0.0,-2.0,-34.0
1776887813.0051026,4.0,0.0,-36.0
1776887813.0151026,4.0,0.0,-36.0
1776887813.0251029,2.0,-2.0,-42.0
1776887813.0351028,0.0,-3.0,-42.0
1776887813.0451028,-3.0,-3.0,-39.0
1776887813.0551028,-3.0,-2.0,-41.0
1776887813.0651028,-2.0,0.0,-42.0
1776887813.0751028,1.0,-2.0,-35.0
1776887813.0851028,1.0,-5.0,-33.0
1776887813.0951028,0.0,-4.0,-31.0
1776887813.1051028,-1.0,-3.0,-27.0
1776887813.1151028,-1.0,-6.0,-28.0
1776887813.1251028,3.0,-2.0,-35.0
1776887813.1351027,3.0,-1.0,-32.0
1776887813.1451027,0.0,-4.0,-35.0
1776887813.1551027,-2.0,-1.0,-39.0
1776887813.1651027,-3.0,-7.0,-39.0
1776887813.1751027,-2.0,-4.0,-40.0
1776887813.1851027,-5.0,0.0,-45.0
1776887813.1951027,-1.0,0.0,-50.0
1776887813.2051027,2.0,2.0,-46.0
1776887813.215103,2.0,1.0,-45.0
1776887813.225103,3.0,2.0,-40.0
1776887813.235103,2.0,5.0,-42.0
1776887813.2451026,0.0,2.0,-47.0
1776887813.2551026,1.0,-1.0,-43.0
1776887813.2651026,-2.0,0.0,-39.0
1776887813.2751029,-1.0,1.0,-41.0
1776887813.2851028,-1.0,0.0,-44.0
1776887813.2951028,-2.0,2.0,-46.0
1776887813.3051028,0.0,1.0,-42.0
1776887813.3151028,0.0,1.0,-40.0
1776887813.3251028,0.0,0.0,-37.0
1776887813.3351028,-4.0,1.0,-43.0
1776887813.3451028,-4.0,2.0,-41.0
1776887813.3551028,-5.0,3.0,-42.0
1776887813.3651028,-2.0,4.0,-43.0
1776887813.3751028,0.0,3.0,-45.0
1776887813.3851027,0.0,0.0,-36.0
1776887813.3951027,0.0,-4.0,-36.0
1776887813.4051027,0.0,-5.0,-31.0
1776887813.4151027,-1.0,-3.0,-33.0
1776887813.4251027,-2.0,-1.0,-35.0
1776887813.4351027,-4.0,-6.0,-35.0
1776887813.4451027,-6.0,-6.0,-34.0
1776887813.4551027,-5.0,-6.0,-37.0
1776887813.465103,-3.0,-4.0,-41.0
1776887813.475103,-2.0,-6.0,-44.0
1776887813.485103,1.0,-6.0,-37.0
1776887813.4951026,0.0,-1.0,-35.0
1776887813.5051026,-5.0,-4.0,-31.0
1776887813.5151026,-6.0,-4.0,-34.0
1776887813.5251029,-4.0,-4.0,-39.0
1776887813.5351028,1.0,-6.0,-40.0
1776887813.5451028,-1.0,-4.0,-46.0
1776887813.5551028,3.0,-2.0,-40.0
1776887813.5651028,3.0,0.0,-31.0
1776887813.5751028,3.0,0.0,-25.0
1776887813.5851028,0.0,1.0,-23.0
1776887813.5951028,-1.0,0.0,-30.0
1776887813.6051028,5.0,-2.0,-34.0
1776887813.6151028,1.0,-6.0,-34.0
1776887813.6251028,0.0,-4.0,-39.0
1776887813.6351027,-4.0,-3.0,-35.0
1776887813.6451027,-5.0,-6.0,-38.0
1776887813.6551027,-6.0,-7.0,-25.0
1776887813.6651027,-3.0,-4.0,-29.0
1776887813.6751027,-2.0,-6.0,-28.0
1776887813.6851027,-3.0,-3.0,-34.0
1776887813.6951027,0.0,-1.0,-36.0
1776887813.7051027,0.0,-1.0,-38.0
1776887813.715103,0.0,2.0,-44.0
1776887813.725103,-3.0,6.0,-39.0
1776887813.735103,-3.0,2.0,-38.0
1776887813.7451026,-1.0,-1.0,-38.0
1776887813.7551026,-1.0,-2.0,-35.0
1776887813.7651026,-3.0,-2.0,-37.0
1776887813.7751029,2.0,0.0,-40.0
1776887813.7851028,3.0,-4.0,-43.0
1776887813.7951028,2.0,-6.0,-38.0
1776887813.8051028,1.0,-6.0,-37.0
1776887813.8151028,2.0,-3.0,-35.0
1776887813.8251028,5.0,-1.0,-34.0
1776887813.8351028,2.0,-5.0,-33.0
1776887813.8451028,-3.0,-3.0,-34.0
1776887813.8551028,-3.0,-6.0,-32.0
1776887813.8651028,-3.0,-2.0,-29.0
1776887813.8751028,-3.0,0.0,-28.0
1776887813.8851027,-2.0,0.0,-39.0
1776887813.8951027,1.0,0.0,-40.0
1776887813.9051027,3.0,-5.0,-41.0
1776887813.9151027,6.0,-5.0,-38.0
1776887813.9251027,4.0,-1.0,-41.0
1776887813.9351027,2.0,-4.0,-39.0
1776887813.9451027,2.0,-8.0,-35.0
1776887813.9551027,5.0,-8.0,-32.0
1776887813.965103,5.0,-4.0,-35.0
1776887813.975103,3.0,-3.0,-34.0
1776887813.985103,0.0,-4.0,-30.0
1776887813.9951026,-4.0,-3.0,-30.0
1776887814.0051026,-4.0,0.0,-30.0
1776887814.0151026,0.0,2.0,-38.0
1776887814.0251029,-1.0,2.0,-43.0
1776887814.0351028,0.0,1.0,-44.0
1776887814.0451028,1.0,0.0,-44.0
1776887814.0551028,2.0,-4.0,-50.0
1776887814.0651028,0.0,-3.0,-48.0
1776887814.0751028,-5.0,-5.0,-44.0
1776887814.0851028,1.0,-4.0,-47.0
1776887814.0951028,0.0,0.0,-50.0
1776887814.1051028,-3.0,2.0,-42.0
1776887814.1151028,-4.0,2.0,-44.0
1776887814.1251028,-6.0,0.0,-48.0
1776887814.1351027,0.0,-2.0,-46.0
1776887814.1451027,1.0,-2.0,-39.0
1776887814.1551027,4.0,-4.0,-35.0
1776887814.1651027,4.0,-4.0,-37.0
1776887814.1751027,5.0,-5.0,-34.0
1776887814.1851027,4.0,-6.0,-33.0
1776887814.1951027,2.0,-4.0,-38.0
1776887814.2051027,2.0,-4.0,-31.0
1776887814.215103,0.0,0.0,-35.0
1776887814.225103,2.0,-1.0,-36.0
1776887814.235103,2.0,-3.0,-32.0
1776887814.2451026,3.0,-6.0,-36.0
1776887814.2551026,7.0,-6.0,-40.0
1776887814.2651026,5.0,-9.0,-41.0
1776887814.2761028,0.0,-6.0,-38.0
1776887814.2851028,1.0,-1.0,-35.0
1776887814.2961028,1.0,1.0,-40.0
1776887814.3061028,0.0,-2.0,-46.0
1776887814.3161027,-4.0,-5.0,-43.0
1776887814.3261027,-4.0,-6.0,-41.0
1776887814.3361027,-1.0,-5.0,-38.0
1776887814.3461027,0.0,-2.0,-42.0
1776887814.3561027,0.0,0.0,-43.0
1776887814.3661027,-1.0,-2.0,-40.0
1776887814.3761027,-3.0,-3.0,-42.0
1776887814.386103,1.0,-4.0,-41.0
1776887814.396103,-4.0,-3.0,-34.0
1776887814.406103,-6.0,-5.0,-33.0
1776887814.4161026,-2.0,-3.0,-23.0
1776887814.4261026,-1.0,-5.0,-27.0
1776887814.4361026,-1.0,-3.0,-31.0
1776887814.4461029,-5.0,-4.0,-37.0
1776887814.4561028,-8.0,-8.0,-34.0
1776887814.4661028,-5.0,-6.0,-37.0
1776887814.4761028,-7.0,-2.0,-36.0
1776887814.4861028,-7.0,-1.0,-38.0
1776887814.4961028,-1.0,-2.0,-35.0
1776887814.5061028,-1.0,-2.0,-30.0
1776887814.5161028,-2.0,-1.0,-24.0
1776887814.5261028,-1.0,2.0,-30.0
1776887814.5361028,-2.0,0.0,-37.0
1776887814.5461028,-4.0,2.0,-31.0
1776887814.5561028,0.0,1.0,-38.0
1776887814.5661027,2.0,1.0,-36.0
1776887814.5761027,0.0,0.0,-31.0
1776887814.5861027,-1.0,0.0,-33.0
1776887814.5961027,0.0,0.0,-38.0
1776887814.6061027,-2.0,2.0,-43.0
1776887814.6161027,-3.0,1.0,-42.0
1776887814.6261027,-2.0,2.0,-43.0
1776887814.636103,-3.0,2.0,-41.0
1776887814.646103,-4.0,0.0,-45.0
1776887814.656103,-4.0,1.0,-39.0
1776887814.6661026,-7.0,3.0,-37.0
1776887814.6761026,-6.0,3.0,-39.0
1776887814.6861026,0.0,5.0,-44.0
1776887814.6961029,0.0,5.0,-49.0
1776887814.7061028,-1.0,1.0,-53.0
1776887814.7161028,-4.0,1.0,-54.0
1776887814.7261028,-5.0,1.0,-45.0
1776887814.7361028,-3.0,2.0,-38.0
1776887814.7461028,-5.0,4.0,-37.0
1776887814.7561028,-5.0,0.0,-41.0
1776887814.7661028,0.0,0.0,-41.0
1776887814.7761028,0.0,-1.0,-32.0
1776887814.7861028,-3.0,0.0,-34.0
1776887814.7961028,-2.0,1.0,-34.0
1776887814.8061028,2.0,2.0,-35.0
1776887814.8161027,1.0,2.0,-36.0
1776887814.8261027,2.0,1.0,-35.0
1776887814.8361027,8.0,-1.0,-41.0
1776887814.8461027,7.0,-2.0,-39.0
1776887814.8561027,0.0,0.0,-46.0
1776887814.8661027,1.0,0.0,-45.0
1776887814.8761027,2.0,3.0,-39.0
1776887814.886103,2.0,5.0,-37.0
1776887814.896103,-3.0,6.0,-44.0
1776887814.906103,-6.0,2.0,-41.0
1776887814.9161026,-1.0,0.0,-43.0
1776887814.9261026,1.0,1.0,-43.0
1776887814.9361026,0.0,2.0,-38.0
1776887814.9461029,0.0,3.0,-40.0
1776887814.9561028,0.0,3.0,-40.0
1776887814.9661028,-3.0,4.0,-36.0
1776887814.9761028,-1.0,3.0,-43.0
1776887814.9861028,0.0,1.0,-44.0
1776887814.9961028,-5.0,-2.0,-45.0
1776887815.0061028,-4.0,0.0,-47.0
1776887815.0161028,-9.0,0.0,-45.0
1776887815.0261028,-4.0,1.0,-46.0
1776887815.0361028,-2.0,5.0,-44.0
1776887815.0461028,-2.0,3.0,-44.0
1776887815.0561028,4.0,1.0,-46.0
1776887815.0661027,11.0,2.0,-52.0
1776887815.0761027,9.0,1.0,-47.0
1776887815.0861027,13.0,0.0,-38.0
1776887815.0961027,10.0,-4.0,-33.0
1776887815.1061027,7.0,-11.0,-29.0
1776887815.1161027,6.0,-11.0,-34.0
1776887815.1261027,3.0,-9.0,-36.0
1776887815.136103,1.0,-6.0,-39.0
1776887815.146103,0.0,-3.0,-38.0
1776887815.156103,-2.0,-4.0,-34.0
1776887815.1661026,-1.0,-5.0,-30.0
1776887815.1761026,1.0,-2.0,-29.0
1776887815.1861026,1.0,0.0,-35.0
1776887815.1961029,1.0,3.0,-33.0
1776887815.2061028,0.0,1.0,-37.0
1776887815.2161028,-1.0,2.0,-36.0
1776887815.2261028,2.0,3.0,-34.0
1776887815.2361028,2.0,8.0,-31.0
1776887815.2461028,0.0,6.0,-40.0
1776887815.2561028,1.0,4.0,-40.0
1776887815.2661028,1.0,-2.0,-39.0
1776887815.2761028,3.0,-6.0,-42.0
1776887815.2861028,0.0,-5.0,-43.0
1776887815.2961028,2.0,0.0,-43.0
1776887815.3061028,8.0,-1.0,-41.0
1776887815.3161027,8.0,-2.0,-38.0
1776887815.3261027,4.0,-3.0,-33.0
1776887815.3361027,7.0,1.0,-37.0
1776887815.3461027,6.0,0.0,-38.0
1776887815.3561027,9.0,-2.0,-36.0
1776887815.3661027,9.0,-5.0,-27.0
1776887815.3761027,7.0,-5.0,-30.0
1776887815.386103,4.0,-3.0,-32.0
1776887815.396103,3.0,-3.0,-28.0
1776887815.406103,0.0,1.0,-22.0
1776887815.4161026,-1.0,-1.0,-24.0
1776887815.4261026,-3.0,1.0,-27.0
1776887815.4361026,-1.0,0.0,-30.0
1776887815.4461029,1.0,-4.0,-30.0
1776887815.4561028,-2.0,-6.0,-36.0
1776887815.4661028,-2.0,-11.0,-32.0
1776887815.4761028,0.0,-6.0,-28.0
1776887815.4861028,1.0,-2.0,-34.0
1776887815.4961028,4.0,0.0,-35.0
1776887815.5061028,4.0,2.0,-36.0
1776887815.5161028,2.0,1.0,-35.0
1776887815.5261028,-2.0,0.0,-40.0
1776887815.5361028,-1.0,-4.0,-32.0
1776887815.5461028,-1.0,-5.0,-25.0
1776887815.5561028,-6.0,-3.0,-24.0
1776887815.5661027,-2.0,-1.0,-29.0
1776887815.5761027,1.0,-3.0,-25.0
1776887815.5861027,6.0,-1.0,-31.0
1776887815.5961027,5.0,0.0,-35.0
1776887815.6061027,2.0,0.0,-33.0
1776887815.6161027,-4.0,-2.0,-32.0
1776887815.6261027,-5.0,1.0,-25.0
1776887815.636103,-3.0,1.0,-25.0
1776887815.646103,4.0,-5.0,-24.0
1776887815.656103,4.0,-2.0,-24.0
1776887815.6661026,1.0,-1.0,-32.0
1776887815.6761026,3.0,-6.0,-33.0
1776887815.6861026,-1.0,-7.0,-37.0
1776887815.6961029,-4.0,-5.0,-33.0
1776887815.7061028,-1.0,-7.0,-35.0
1776887815.7161028,0.0,-5.0,-31.0
1776887815.7261028,-2.0,-7.0,-31.0
1776887815.7361028,0.0,-6.0,-37.0
1776887815.7461028,0.0,-8.0,-39.0
1776887815.7561028,2.0,-6.0,-32.0
1776887815.7661028,1.0,-4.0,-35.0
1776887815.7761028,-3.0,-4.0,-31.0
1776887815.7861028,1.0,2.0,-26.0
1776887815.7961028,3.0,2.0,-26.0
1776887815.8061028,0.0,0.0,-28.0
1776887815.8161027,0.0,6.0,-43.0
1776887815.8261027,3.0,6.0,-38.0
1776887815.8361027,7.0,4.0,-41.0
1776887815.8461027,4.0,2.0,-37.0
1776887815.8561027,4.0,2.0,-32.0
1776887815.8661027,8.0,3.0,-33.0
1776887815.8761027,8.0,5.0,-31.0
1776887815.886103,4.0,4.0,-29.0
1776887815.896103,3.0,4.0,-35.0
1776887815.906103,-1.0,-2.0,-40.0
1776887815.9161026,-1.0,0.0,-41.0
1776887815.9261026,-2.0,-2.0,-40.0
1776887815.9361026,-5.0,-3.0,-40.0
1776887815.9461029,-6.0,-2.0,-33.0
1776887815.9561028,-5.0,-7.0,-35.0
1776887815.9661028,-6.0,-9.0,-39.0
1776887815.9761028,-5.0,-6.0,-38.0
1776887815.9861028,-4.0,-6.0,-34.0
1776887815.9961028,0.0,-6.0,-35.0
1776887816.0061028,2.0,-8.0,-38.0
1776887816.0161028,4.0,-8.0,-40.0
1776887816.0261028,2.0,-4.0,-43.0
1776887816.0361028,0.0,-7.0,-45.0
1776887816.0461028,2.0,-9.0,-45.0
1776887816.0561028,0.0,-9.0,-45.0
1776887816.0661027,2.0,-12.0,-48.0
1776887816.0761027,2.0,-10.0,-41.0
1776887816.0861027,3.0,-8.0,-39.0
1776887816.0961027,3.0,-8.0,-37.0
1776887816.1061027,3.0,-4.0,-39.0
1776887816.1161027,7.0,-4.0,-36.0
1776887816.1261027,0.0,-4.0,-38.0
1776887816.136103,-3.0,-8.0,-34.0
1776887816.146103,-5.0,-6.0,-33.0
1776887816.156103,-3.0,-6.0,-38.0
1776887816.1661026,-3.0,1.0,-38.0
1776887816.1761026,-2.0,0.0,-45.0
1776887816.1861026,-5.0,-1.0,-42.0
1776887816.1961029,-4.0,-1.0,-40.0
1776887816.2061028,-2.0,3.0,-45.0
1776887816.2161028,0.0,5.0,-46.0
1776887816.2261028,1.0,2.0,-48.0
1776887816.2361028,0.0,-1.0,-51.0
1776887816.2461028,1.0,0.0,-51.0
1776887816.2561028,0.0,-1.0,-47.0
1776887816.2661028,0.0,-2.0,-39.0
1776887816.2761028,-3.0,-4.0,-38.0
1776887816.2861028,0.0,-3.0,-32.0
1776887816.2971027,0.0,-2.0,-40.0
1776887816.307103,-1.0,-1.0,-37.0
1776887816.317103,0.0,0.0,-36.0
1776887816.327103,0.0,-4.0,-42.0
1776887816.337103,0.0,-2.0,-40.0
1776887816.3471026,0.0,-5.0,-42.0
1776887816.3571026,-1.0,-4.0,-41.0
1776887816.3671026,0.0,-1.0,-38.0
1776887816.3771029,0.0,-4.0,-38.0
1776887816.3871028,0.0,-1.0,-37.0
1776887816.3971028,0.0,-4.0,-36.0
1776887816.4071028,0.0,-9.0,-30.0
1776887816.4171028,-1.0,-8.0,-26.0
1776887816.4271028,1.0,-6.0,-28.0
1776887816.4371028,7.0,0.0,-33.0
1776887816.4471028,10.0,1.0,-35.0
1776887816.4571028,5.0,0.0,-31.0
1776887816.4671028,5.0,-5.0,-37.0
1776887816.4771028,6.0,-5.0,-37.0
1776887816.4871027,4.0,-5.0,-38.0
1776887816.4971027,4.0,-5.0,-40.0
1776887816.5071027,7.0,-7.0,-40.0
1776887816.5171027,6.0,-3.0,-35.0
1776887816.5271027,8.0,-4.0,-33.0
1776887816.5371027,8.0,-7.0,-30.0
1776887816.5471027,10.0,-5.0,-29.0
1776887816.557103,9.0,-5.0,-38.0
1776887816.567103,6.0,-3.0,-38.0
1776887816.577103,1.0,-2.0,-39.0
1776887816.587103,4.0,-3.0,-39.0
1776887816.5971026,1.0,-5.0,-37.0
1776887816.6071026,5.0,-3.0,-38.0
1776887816.6171026,9.0,-3.0,-38.0
1776887816.6271029,7.0,-4.0,-40.0
1776887816.6371028,0.0,-2.0,-40.0
1776887816.6471028,-1.0,-6.0,-36.0
1776887816.6571028,0.0,-3.0,-36.0
1776887816.6671028,-1.0,-4.0,-37.0
1776887816.6771028,-2.0,-3.0,-38.0
1776887816.6871028,1.0,-6.0,-33.0
1776887816.6971028,0.0,-10.0,-28.0
1776887816.7071028,0.0,-12.0,-32.0
1776887816.7171028,1.0,-15.0,-36.0
1776887816.7271028,-2.0,-11.0,-39.0
1776887816.7371027,-2.0,-6.0,-43.0
1776887816.7471027,-4.0,-4.0,-40.0
1776887816.7571027,-5.0,0.0,-38.0
1776887816.7671027,-1.0,2.0,-43.0
1776887816.7771027,-2.0,1.0,-50.0
1776887816.7871027,3.0,-1.0,-45.0
1776887816.7971027,8.0,-1.0,-41.0
1776887816.807103,8.0,0.0,-33.0
1776887816.817103,4.0,-5.0,-34.0
1776887816.827103,6.0,-7.0,-34.0
1776887816.837103,2.0,-5.0,-32.0
1776887816.8471026,0.0,-3.0,-28.0
1776887816.8571026,0.0,-3.0,-35.0
1776887816.8671026,0.0,-5.0,-41.0
1776887816.8771029,0.0,-6.0,-41.0
1776887816.8871028,1.0,-6.0,-41.0
1776887816.8971028,2.0,-1.0,-45.0
1776887816.9071028,1.0,0.0,-47.0
1776887816.9171028,-4.0,-2.0,-47.0
1776887816.9271028,-6.0,-4.0,-46.0
1776887816.9371028,-5.0,-6.0,-41.0
1776887816.9471028,-7.0,-2.0,-43.0
1776887816.9571028,-7.0,-3.0,-41.0
1776887816.9671028,-2.0,-5.0,-42.0
1776887816.9771028,-2.0,-4.0,-39.0
1776887816.9871027,-2.0,-2.0,-34.0
1776887816.9971027,1.0,-2.0,-34.0
1776887817.0071027,3.0,-2.0,-36.0
1776887817.0171027,5.0,0.0,-32.0
1776887817.0271027,5.0,0.0,-33.0
1776887817.0371027,1.0,-1.0,-23.0
1776887817.0471027,5.0,-1.0,-15.0
1776887817.057103,4.0,1.0,-17.0
1776887817.067103,0.0,4.0,-18.0
1776887817.077103,-2.0,2.0,-24.0
1776887817.087103,-1.0,-1.0,-22.0
1776887817.0971026,0.0,-2.0,-24.0
1776887817.1071026,0.0,-1.0,-31.0
1776887817.1171026,-3.0,0.0,-27.0
1776887817.1271029,-7.0,0.0,-32.0
1776887817.1371028,-5.0,1.0,-23.0
1776887817.1471028,0.0,1.0,-22.0
1776887817.1571028,-1.0,-1.0,-27.0
1776887817.1671028,-3.0,0.0,-25.0
1776887817.1771028,-4.0,0.0,-32.0
1776887817.1871028,0.0,-1.0,-32.0
1776887817.1971028,1.0,0.0,-34.0
1776887817.2071028,4.0,0.0,-29.0
1776887817.2171028,0.0,-1.0,-27.0
1776887817.2271028,0.0,-3.0,-27.0
1776887817.2371027,-4.0,0.0,-40.0
1776887817.2471027,-3.0,0.0,-39.0
1776887817.2571027,-1.0,-1.0,-36.0
1776887817.2671027,-1.0,-4.0,-36.0
1776887817.2771027,0.0,-6.0,-38.0
1776887817.2871027,1.0,-5.0,-40.0
1776887817.2971027,2.0,-3.0,-45.0
1776887817.307103,0.0,-3.0,-38.0
1776887817.317103,-1.0,-2.0,-36.0
1776887817.327103,0.0,0.0,-36.0
1776887817.337103,-7.0,0.0,-36.0
1776887817.3471026,-8.0,-1.0,-38.0
1776887817.3571026,-10.0,-3.0,-38.0
1776887817.3671026,-8.0,-6.0,-35.0
1776887817.3771029,-3.0,-3.0,-43.0
1776887817.3871028,2.0,0.0,-38.0
1776887817.3971028,0.0,-3.0,-37.0
1776887817.4071028,0.0,-2.0,-41.0
1776887817.4171028,0.0,-4.0,-35.0
1776887817.4271028,-2.0,-3.0,-37.0
1776887817.4371028,0.0,-3.0,-36.0
1776887817.4471028,1.0,0.0,-38.0
1776887817.4571028,2.0,1.0,-33.0
1776887817.4671028,0.0,2.0,-34.0
1776887817.4771028,-4.0,2.0,-38.0
1776887817.4871027,-6.0,2.0,-51.0
1776887817.4971027,-2.0,1.0,-50.0
1776887817.5071027,0.0,0.0,-48.0
1776887817.5171027,1.0,-3.0,-45.0
1776887817.5271027,3.0,0.0,-36.0
1776887817.5371027,-3.0,0.0,-38.0
1776887817.5471027,-3.0,0.0,-35.0
1776887817.557103,-1.0,1.0,-33.0
1776887817.567103,2.0,4.0,-29.0
1776887817.577103,6.0,1.0,-26.0
1776887817.587103,4.0,0.0,-28.0
1776887817.5971026,3.0,-4.0,-33.0
1776887817.6071026,1.0,-3.0,-35.0
1776887817.6171026,-4.0,-1.0,-31.0
1776887817.6271029,-7.0,-4.0,-26.0
1776887817.6371028,-7.0,-5.0,-23.0
1776887817.6471028,0.0,-4.0,-25.0
1776887817.6571028,-1.0,0.0,-26.0
1776887817.6671028,-3.0,2.0,-36.0
1776887817.6771028,0.0,0.0,-36.0
1776887817.6871028,-1.0,1.0,-31.0
1776887817.6971028,2.0,1.0,-30.0
1776887817.7071028,1.0,0.0,-32.0
1776887817.7171028,5.0,-4.0,-33.0
1776887817.7271028,7.0,-5.0,-36.0
1776887817.7371027,4.0,-3.0,-45.0
1776887817.7471027,6.0,-6.0,-50.0
1776887817.7571027,4.0,-7.0,-51.0
1776887817.7671027,1.0,-3.0,-38.0
1776887817.7771027,1.0,-1.0,-37.0
1776887817.7871027,-3.0,-4.0,-34.0
1776887817.7971027,-5.0,0.0,-33.0
1776887817.807103,-2.0,0.0,-37.0
1776887817.817103,0.0,1.0,-38.0
1776887817.827103,6.0,-1.0,-42.0
1776887817.837103,5.0,0.0,-47.0
1776887817.8471026,5.0,1.0,-41.0
1776887817.8571026,5.0,5.0,-32.0
1776887817.8671026,4.0,5.0,-31.0
1776887817.8771029,5.0,3.0,-30.0
1776887817.8871028,1.0,7.0,-37.0
1776887817.8971028,5.0,4.0,-39.0
1776887817.9071028,5.0,4.0,-31.0
1776887817.9171028,4.0,0.0,-30.0
1776887817.9271028,4.0,-4.0,-35.0
1776887817.9371028,1.0,-4.0,-34.0
1776887817.9471028,0.0,-8.0,-28.0
1776887817.9571028,-4.0,-5.0,-29.0
1776887817.9671028,-2.0,-3.0,-35.0
1776887817.9771028,-2.0,-4.0,-42.0
1776887817.9871027,-5.0,0.0,-43.0
1776887817.9971027,-4.0,0.0,-37.0
1776887818.0071027,-2.0,5.0,-42.0
1776887818.0171027,-4.0,4.0,-44.0
1776887818.0271027,-3.0,2.0,-39.0
1776887818.0371027,-2.0,0.0,-36.0
1776887818.0471027,-4.0,0.0,-32.0
1776887818.057103,-7.0,0.0,-32.0
1776887818.067103,-6.0,-1.0,-38.0
1776887818.077103,-8.0,0.0,-40.0
1776887818.087103,-4.0,0.0,-38.0
1776887818.0971026,-4.0,0.0,-42.0
1776887818.1071026,-2.0,0.0,-40.0
1776887818.1171026,-1.0,0.0,-37.0
1776887818.1271029,0.0,1.0,-31.0
1776887818.1371028,-1.0,3.0,-38.0
1776887818.1471028,0.0,1.0,-44.0
1776887818.1571028,3.0,0.0,-41.0
1776887818.1671028,4.0,-2.0,-42.0
1776887818.1771028,5.0,-1.0,-40.0
1776887818.1871028,1.0,-3.0,-41.0
1776887818.1971028,0.0,-2.0,-37.0
1776887818.2071028,2.0,-1.0,-39.0
1776887818.2171028,4.0,0.0,-44.0
1776887818.2271028,4.0,0.0,-39.0
1776887818.2371027,4.0,-2.0,-33.0
1776887818.2471027,0.0,-1.0,-35.0
1776887818.2571027,4.0,-3.0,-33.0
1776887818.2671027,3.0,-2.0,-36.0
1776887818.2771027,6.0,2.0,-38.0
1776887818.2871027,2.0,2.0,-39.0
1776887818.2981029,0.0,3.0,-43.0
1776887818.3081028,0.0,0.0,-49.0
1776887818.3181028,0.0,0.0,-49.0
1776887818.3281028,0.0,0.0,-50.0
1776887818.3381028,-2.0,2.0,-50.0
1776887818.3481028,-1.0,2.0,-54.0
1776887818.3581028,-2.0,0.0,-51.0
1776887818.3681028,-4.0,-1.0,-51.0
1776887818.3781028,3.0,-1.0,-47.0
1776887818.3881028,-2.0,-3.0,-47.0
1776887818.3981028,-1.0,-6.0,-47.0
1776887818.4081028,2.0,-5.0,-46.0
1776887818.4181027,-1.0,-6.0,-51.0
1776887818.4281027,-4.0,-7.0,-49.0
1776887818.4381027,-6.0,-2.0,-53.0
1776887818.4481027,0.0,-1.0,-47.0
1776887818.4581027,0.0,2.0,-41.0
1776887818.4681027,-3.0,3.0,-39.0
1776887818.4781027,-5.0,0.0,-41.0
1776887818.488103,-2.0,1.0,-33.0
1776887818.498103,-3.0,-1.0,-24.0
1776887818.508103,-2.0,-3.0,-24.0
1776887818.5181026,-4.0,-1.0,-25.0
1776887818.5281026,-2.0,-2.0,-30.0
1776887818.5381026,0.0,-3.0,-25.0
1776887818.5481029,-3.0,-4.0,-32.0
1776887818.5581028,0.0,0.0,-33.0
1776887818.5681028,-6.0,0.0,-31.0
1776887818.5781028,-9.0,1.0,-34.0
1776887818.5881028,-7.0,1.0,-37.0
1776887818.5981028,-5.0,0.0,-40.0
1776887818.6081028,-2.0,2.0,-41.0
1776887818.6181028,0.0,1.0,-38.0
1776887818.6281028,-2.0,0.0,-36.0
1776887818.6381028,-2.0,2.0,-39.0
1776887818.6481028,-8.0,1.0,-39.0
1776887818.6581028,-2.0,-1.0,-38.0
1776887818.6681027,2.0,-6.0,-36.0
1776887818.6781027,4.0,-9.0,-39.0
1776887818.6881027,1.0,-9.0,-47.0
1776887818.6981027,2.0,-5.0,-51.0
1776887818.7081027,2.0,-5.0,-47.0
1776887818.7181027,4.0,-5.0,-42.0
1776887818.7281027,5.0,-6.0,-40.0
1776887818.738103,1.0,-7.0,-37.0
1776887818.748103,0.0,-11.0,-34.0
1776887818.758103,-1.0,-10.0,-35.0
1776887818.7681026,2.0,-6.0,-28.0
1776887818.7781026,3.0,-2.0,-27.0
1776887818.7881026,5.0,0.0,-31.0
1776887818.7981029,0.0,0.0,-30.0
1776887818.8081028,4.0,-4.0,-41.0
1776887818.8181028,2.0,-1.0,-35.0
1776887818.8281028,5.0,-2.0,-35.0
1776887818.8381028,3.0,-3.0,-33.0
1776887818.8481028,1.0,-2.0,-33.0
1776887818.8581028,2.0,-6.0,-33.0
1776887818.8681028,4.0,-4.0,-28.0
1776887818.8781028,4.0,-5.0,-31.0
1776887818.8881028,-1.0,-3.0,-33.0
1776887818.8981028,-1.0,-1.0,-32.0
1776887818.9081028,-3.0,0.0,-26.0
1776887818.9181027,-4.0,0.0,-27.0
1776887818.9281027,0.0,1.0,-30.0
1776887818.9381027,1.0,1.0,-24.0
1776887818.9481027,1.0,0.0,-27.0
1776887818.9581027,0.0,-2.0,-32.0
1776887818.9681027,3.0,0.0,-30.0
1776887818.9781027,3.0,-1.0,-36.0
1776887818.988103,1.0,-6.0,-37.0
1776887818.998103,6.0,-7.0,-36.0
1776887819.008103,9.0,-6.0,-37.0
1776887819.0181026,3.0,-1.0,-34.0
1776887819.0281026,0.0,-6.0,-39.0
1776887819.0381026,0.0,-10.0,-46.0
1776887819.0481029,0.0,-5.0,-46.0
1776887819.0581028,-3.0,-5.0,-36.0
1776887819.0681028,0.0,-1.0,-35.0
1776887819.0781028,0.0,-2.0,-35.0
1776887819.0881028,0.0,-2.0,-34.0
1776887819.0981028,0.0,-1.0,-35.0
1776887819.1081028,-1.0,-1.0,-42.0
1776887819.1181028,3.0,-4.0,-46.0
1776887819.1281028,1.0,-3.0,-46.0
1776887819.1381028,-3.0,-5.0,-52.0
1776887819.1481028,-5.0,-5.0,-45.0
1776887819.1581028,-2.0,-9.0,-38.0
1776887819.1681027,-2.0,-7.0,-33.0
1776887819.1781027,-1.0,-7.0,-30.0
1776887819.1881027,-1.0,-7.0,-29.0
1776887819.1981027,0.0,0.0,-26.0
1776887819.2081027,0.0,-1.0,-33.0
1776887819.2181027,-5.0,-5.0,-34.0
1776887819.2281027,-4.0,-4.0,-37.0
1776887819.238103,-7.0,-5.0,-40.0
1776887819.248103,-9.0,-2.0,-38.0
1776887819.258103,-4.0,-5.0,-36.0
1776887819.2681026,-4.0,-9.0,-38.0
1776887819.2781026,-6.0,-1.0,-34.0
1776887819.2881026,0.0,-2.0,-33.0
1776887819.2981029,-2.0,-1.0,-34.0
1776887819.3081028,-1.0,-1.0,-35.0
1776887819.3181028,1.0,-1.0,-39.0
1776887819.3281028,4.0,1.0,-43.0
1776887819.3391027,0.0,1.0,-45.0
1776887819.3481028,1.0,2.0,-49.0
1776887819.3581028,2.0,5.0,-41.0
1776887819.3681028,1.0,5.0,-31.0
1776887819.3781028,5.0,2.0,-33.0
1776887819.3881028,5.0,1.0,-32.0
1776887819.3981028,1.0,0.0,-33.0
1776887819.4081028,-2.0,4.0,-32.0
1776887819.4181027,0.0,4.0,-34.0
1776887819.4281027,1.0,0.0,-33.0
1776887819.4381027,0.0,-1.0,-32.0
1776887819.4481027,-2.0,0.0,-27.0
1776887819.4581027,-4.0,-2.0,-34.0
1776887819.4681027,-4.0,-3.0,-33.0
1776887819.4781027,0.0,-3.0,-35.0
1776887819.488103,4.0,-1.0,-30.0
1776887819.498103,5.0,-2.0,-30.0
1776887819.508103,0.0,0.0,-35.0
1776887819.5181026,3.0,-4.0,-41.0
1776887819.5281026,2.0,0.0,-41.0
1776887819.5381026,1.0,-1.0,-37.0
1776887819.5481029,0.0,1.0,-36.0
1776887819.5581028,0.0,4.0,-40.0
1776887819.5681028,3.0,6.0,-40.0
1776887819.5781028,4.0,8.0,-37.0
1776887819.5881028,2.0,6.0,-31.0
1776887819.5981028,4.0,0.0,-35.0
1776887819.6081028,1.0,-3.0,-36.0
1776887819.6181028,0.0,-1.0,-37.0
1776887819.6281028,0.0,-2.0,-37.0
1776887819.6381028,2.0,-2.0,-28.0
1776887819.6481028,1.0,-3.0,-29.0
1776887819.6581028,3.0,-3.0,-36.0
1776887819.6681027,0.0,-6.0,-38.0
1776887819.6781027,-5.0,-3.0,-37.0
1776887819.6881027,-5.0,-2.0,-37.0
1776887819.6981027,0.0,0.0,-40.0
1776887819.7081027,0.0,4.0,-34.0
1776887819.7181027,-2.0,5.0,-41.0
1776887819.7281027,-2.0,3.0,-39.0
1776887819.738103,-4.0,1.0,-33.0
1776887819.748103,-3.0,3.0,-37.0
1776887819.758103,-2.0,0.0,-36.0
1776887819.7681026,1.0,2.0,-36.0
1776887819.7781026,0.0,2.0,-33.0
1776887819.7881026,0.0,1.0,-37.0
1776887819.7981029,0.0,2.0,-29.0
1776887819.8081028,1.0,0.0,-24.0
1776887819.8181028,0.0,0.0,-23.0
1776887819.8281028,0.0,-5.0,-25.0
1776887819.8381028,0.0,-3.0,-27.0
1776887819.8481028,1.0,-1.0,-30.0
1776887819.8581028,3.0,3.0,-34.0
1776887819.8681028,5.0,6.0,-35.0
1776887819.8781028,1.0,5.0,-32.0
1776887819.8881028,2.0,4.0,-32.0
1776887819.8981028,5.0,2.0,-32.0
1776887819.9081028,2.0,-1.0,-29.0
1776887819.9181027,0.0,-5.0,-25.0
1776887819.9281027,5.0,-6.0,-22.0
1776887819.9381027,4.0,-1.0,-25.0
1776887819.9481027,2.0,0.0,-32.0
1776887819.9581027,3.0,0.0,-32.0
1776887819.9681027,2.0,-2.0,-31.0
1776887819.9781027,2.0,-1.0,-27.0
1776887819.988103,4.0,0.0,-25.0
1776887819.998103,-1.0,0.0,-25.0
1776887820.008103,-3.0,-2.0,-32.0
1776887820.0181026,2.0,-1.0,-37.0
1776887820.0281026,-2.0,-2.0,-37.0
1776887820.0381026,-3.0,-4.0,-33.0
1776887820.0481029,-4.0,-6.0,-29.0
1776887820.0581028,-2.0,-8.0,-35.0
1776887820.0681028,-3.0,-5.0,-32.0
1776887820.0781028,0.0,-1.0,-31.0
1776887820.0881028,-1.0,-2.0,-36.0
1776887820.0981028,-3.0,-1.0,-42.0
1776887820.1081028,-1.0,0.0,-35.0
1776887820.1181028,0.0,2.0,-36.0
1776887820.1281028,0.0,0.0,-31.0
1776887820.1381028,3.0,-1.0,-38.0
1776887820.1481028,1.0,-2.0,-36.0
1776887820.1581028,3.0,-5.0,-39.0
1776887820.1681027,0.0,-5.0,-37.0
1776887820.1781027,1.0,-4.0,-35.0
1776887820.1881027,1.0,-4.0,-35.0
1776887820.1981027,5.0,0.0,-29.0
1776887820.2081027,13.0,0.0,-30.0
1776887820.2181027,9.0,-10.0,-34.0
1776887820.2281027,5.0,-7.0,-31.0
1776887820.238103,3.0,-6.0,-36.0
1776887820.248103,7.0,-8.0,-35.0
1776887820.258103,6.0,-5.0,-33.0
1776887820.2681026,1.0,0.0,-31.0
1776887820.2791028,-6.0,-4.0,-32.0
1776887820.2891028,-9.0,-4.0,-32.0
1776887820.2991028,-7.0,-2.0,-34.0
1776887820.3091028,-6.0,-2.0,-34.0
1776887820.3191028,-9.0,-2.0,-42.0
1776887820.3291028,-4.0,-4.0,-46.0
1776887820.3391027,-4.0,-5.0,-43.0
1776887820.3491027,-4.0,-3.0,-46.0
1776887820.3591027,0.0,-2.0,-45.0
1776887820.3691027,0.0,-3.0,-49.0
1776887820.3791027,2.0,-5.0,-46.0
1776887820.3891027,0.0,-2.0,-45.0
1776887820.3991027,-4.0,3.0,-41.0
1776887820.409103,-3.0,0.0,-30.0
1776887820.419103,-6.0,0.0,-35.0
1776887820.429103,-9.0,3.0,-33.0
1776887820.4391026,-9.0,3.0,-28.0
1776887820.4491026,-3.0,1.0,-28.0
1776887820.4591026,1.0,3.0,-29.0
1776887820.4691026,0.0,4.0,-30.0
1776887820.4791028,1.0,4.0,-33.0
1776887820.4891028,2.0,0.0,-32.0
1776887820.4991028,1.0,-3.0,-36.0
1776887820.5091028,2.0,-1.0,-38.0
1776887820.5191028,0.0,-4.0,-40.0
1776887820.5291028,1.0,-2.0,-42.0
1776887820.5391028,0.0,-1.0,-38.0
1776887820.5491028,-1.0,-5.0,-38.0
1776887820.5591028,0.0,-7.0,-35.0
1776887820.5691028,1.0,-6.0,-33.0
1776887820.5791028,2.0,-5.0,-36.0
1776887820.5891027,2.0,-5.0,-36.0
1776887820.5991027,1.0,-1.0,-40.0
1776887820.6091027,0.0,-3.0,-40.0
1776887820.6191027,1.0,-5.0,-40.0
1776887820.6291027,0.0,-3.0,-30.0
1776887820.6391027,2.0,-1.0,-31.0
1776887820.6491027,3.0,-2.0,-31.0
1776887820.659103,3.0,0.0,-34.0
1776887820.669103,4.0,0.0,-33.0
1776887820.679103,7.0,0.0,-35.0
1776887820.6891026,6.0,2.0,-35.0
1776887820.6991026,3.0,1.0,-33.0
1776887820.7091026,1.0,-4.0,-33.0
1776887820.7191026,0.0,-4.0,-35.0
1776887820.7291028,2.0,0.0,-37.0
1776887820.7391028,2.0,1.0,-34.0
1776887820.7491028,2.0,0.0,-37.0
1776887820.7591028,2.0,4.0,-43.0
1776887820.7691028,2.0,7.0,-47.0
1776887820.7791028,2.0,5.0,-43.0
1776887820.7891028,-4.0,2.0,-37.0
1776887820.7991028,-6.0,3.0,-28.0
1776887820.8091028,-6.0,2.0,-28.0
1776887820.8191028,-6.0,1.0,-32.0
1776887820.8291028,-7.0,2.0,-38.0
1776887820.8391027,-6.0,1.0,-34.0
1776887820.8491027,-5.0,-2.0,-37.0
1776887820.8591027,-8.0,1.0,-43.0
1776887820.8691027,-3.0,-3.0,-36.0
1776887820.8791027,0.0,-4.0,-35.0
1776887820.8891027,4.0,-7.0,-42.0
1776887820.8991027,2.0,-9.0,-41.0
1776887820.909103,3.0,-4.0,-43.0
1776887820.919103,2.0,-2.0,-36.0
1776887820.929103,0.0,-3.0,-38.0
1776887820.9391026,-2.0,-1.0,-32.0
1776887820.9491026,-1.0,0.0,-32.0
1776887820.9591026,0.0,0.0,-32.0
1776887820.9691026,-2.0,-2.0,-34.0
1776887820.9791028,-2.0,-3.0,-40.0
1776887820.9891028,-3.0,-2.0,-45.0
1776887820.9991028,-3.0,0.0,-44.0
1776887821.0091028,-1.0,-2.0,-34.0
1776887821.0191028,-4.0,-4.0,-38.0
1776887821.0291028,-2.0,-10.0,-34.0
1776887821.0391028,-2.0,-9.0,-36.0
1776887821.0491028,-4.0,-5.0,-41.0
1776887821.0591028,-3.0,-7.0,-42.0
1776887821.0691028,-5.0,-9.0,-39.0
1776887821.0801027,-3.0,-9.0,-37.0
1776887821.0891027,-1.0,-4.0,-38.0
1776887821.0991027,0.0,-1.0,-37.0
1776887821.1091027,-1.0,0.0,-38.0
1776887821.1191027,-3.0,-1.0,-39.0
1776887821.1291027,-4.0,0.0,-41.0
1776887821.1391027,-2.0,0.0,-44.0
1776887821.1491027,2.0,0.0,-49.0
1776887821.159103,6.0,0.0,-47.0
1776887821.169103,7.0,3.0,-45.0
1776887821.179103,6.0,0.0,-45.0
1776887821.1891026,5.0,0.0,-47.0
1776887821.1991026,6.0,-6.0,-37.0
1776887821.2091026,2.0,-5.0,-40.0
1776887821.2191026,-2.0,-2.0,-44.0
1776887821.2291028,-2.0,0.0,-45.0
1776887821.2391028,0.0,0.0,-48.0
1776887821.2491028,0.0,-4.0,-44.0
1776887821.2591028,2.0,-3.0,-40.0
1776887821.2691028,5.0,-6.0,-32.0
1776887821.2791028,5.0,-8.0,-29.0
1776887821.2891028,3.0,-8.0,-32.0
1776887821.2991028,-1.0,-10.0,-34.0
1776887821.3091028,1.0,-9.0,-32.0
1776887821.3191028,-1.0,-5.0,-30.0
1776887821.3291028,-4.0,-5.0,-28.0
1776887821.3391027,-3.0,-5.0,-29.0
1776887821.3491027,-1.0,-1.0,-37.0
1776887821.3591027,-4.0,0.0,-41.0
1776887821.3691027,0.0,-5.0,-39.0
1776887821.3791027,-3.0,-6.0,-38.0
1776887821.3891027,-7.0,-6.0,-42.0
1776887821.3991027,-4.0,-1.0,-47.0
1776887821.409103,0.0,-2.0,-44.0
1776887821.419103,2.0,-5.0,-42.0
1776887821.429103,2.0,-4.0,-42.0
1776887821.4391026,5.0,-4.0,-43.0
1776887821.4491026,6.0,-4.0,-46.0
1776887821.4591026,7.0,-3.0,-44.0
1776887821.4691026,4.0,-6.0,-44.0
1776887821.4791028,4.0,-1.0,-32.0
1776887821.4891028,4.0,0.0,-38.0
1776887821.4991028,1.0,1.0,-31.0
1776887821.5091028,-3.0,2.0,-28.0
1776887821.5191028,-2.0,3.0,-33.0
1776887821.5291028,0.0,0.0,-29.0
1776887821.5391028,-2.0,-1.0,-28.0
1776887821.5491028,-1.0,-3.0,-23.0
1776887821.5591028,2.0,-5.0,-23.0
1776887821.5691028,3.0,-4.0,-25.0
1776887821.5791028,7.0,3.0,-26.0
1776887821.5891027,8.0,4.0,-31.0
1776887821.5991027,11.0,3.0,-33.0
1776887821.6091027,10.0,3.0,-33.0
1776887821.6191027,7.0,2.0,-31.0
1776887821.6291027,7.0,5.0,-25.0
1776887821.6391027,3.0,3.0,-28.0
1776887821.6491027,1.0,2.0,-35.0
1776887821.659103,0.0,0.0,-39.0
1776887821.669103,0.0,-2.0,-43.0
1776887821.679103,2.0,0.0,-36.0
1776887821.6891026,4.0,-4.0,-42.0
1776887821.6991026,0.0,-7.0,-41.0
1776887821.7091026,-2.0,-4.0,-33.0
1776887821.7191026,-1.0,-2.0,-35.0
1776887821.7291028,-6.0,0.0,-31.0
1776887821.7391028,-7.0,1.0,-31.0
1776887821.7491028,-4.0,7.0,-38.0
1776887821.7591028,-9.0,1.0,-36.0
1776887821.7691028,-8.0,-1.0,-28.0
1776887821.7791028,-9.0,1.0,-27.0
1776887821.7891028,-4.0,4.0,-35.0
1776887821.7991028,-5.0,3.0,-32.0
1776887821.8091028,-2.0,3.0,-29.0
1776887821.8191028,2.0,0.0,-31.0
1776887821.8291028,1.0,-7.0,-37.0
1776887821.8391027,1.0,-3.0,-34.0
1776887821.8491027,7.0,-2.0,-30.0
1776887821.8591027,5.0,-3.0,-36.0
1776887821.8691027,1.0,-1.0,-38.0
1776887821.8791027,1.0,-8.0,-41.0
1776887821.8891027,3.0,-9.0,-37.0
1776887821.8991027,4.0,-11.0,-36.0
1776887821.909103,1.0,-7.0,-44.0
1776887821.919103,-2.0,-5.0,-48.0
1776887821.929103,-7.0,-6.0,-40.0
1776887821.9391026,-9.0,-4.0,-46.0
1776887821.9491026,-6.0,-6.0,-51.0
1776887821.9591026,-3.0,-7.0,-48.0
1776887821.9691026,-4.0,-8.0,-46.0
1776887821.9791028,-4.0,-10.0,-42.0
1776887821.9891028,-6.0,-13.0,-37.0
1776887821.9991028,-4.0,-10.0,-37.0
1776887822.0091028,-3.0,-10.0,-42.0
1776887822.0191028,0.0,-8.0,-42.0
1776887822.0291028,4.0,-7.0,-43.0
1776887822.0391028,2.0,-8.0,-44.0
1776887822.0491028,-1.0,-5.0,-38.0
1776887822.0591028,-3.0,-2.0,-37.0
1776887822.0691028,-2.0,-3.0,-34.0
1776887822.0791028,-1.0,0.0,-35.0
1776887822.0891027,-2.0,4.0,-30.0
1776887822.0991027,-3.0,5.0,-33.0
1776887822.1091027,0.0,3.0,-33.0
1776887822.1191027,6.0,4.0,-40.0
1776887822.1291027,3.0,4.0,-40.0
1776887822.1391027,1.0,1.0,-38.0
1776887822.1491027,-3.0,0.0,-32.0
1776887822.159103,1.0,-1.0,-35.0
1776887822.169103,4.0,-5.0,-36.0
1776887822.179103,4.0,0.0,-36.0
1776887822.1891026,-2.0,2.0,-33.0
1776887822.1991026,-6.0,1.0,-32.0
1776887822.2091026,-9.0,-1.0,-39.0
1776887822.2191026,-7.0,-1.0,-41.0
1776887822.2291028,-5.0,-1.0,-36.0
1776887822.2391028,-6.0,0.0,-31.0
1776887822.2491028,-2.0,-1.0,-34.0
1776887822.2591028,3.0,-4.0,-32.0
1776887822.2691028,5.0,-5.0,-32.0
1776887822.2791028,3.0,-4.0,-31.0
1776887822.2901027,0.0,0.0,-34.0
1776887822.2991028,-2.0,2.0,-42.0
1776887822.3101027,-5.0,2.0,-41.0
1776887822.3201027,-4.0,2.0,-35.0
1776887822.3301027,-1.0,-2.0,-33.0
1776887822.340103,2.0,-4.0,-37.0
1776887822.350103,2.0,-5.0,-37.0
1776887822.360103,-1.0,-6.0,-35.0
1776887822.3701026,-5.0,-3.0,-41.0
1776887822.3801026,-3.0,-3.0,-38.0
1776887822.3901026,-6.0,-1.0,-36.0
1776887822.4001029,-5.0,0.0,-36.0
1776887822.4101028,-4.0,-5.0,-29.0
1776887822.4201028,-2.0,-8.0,-26.0
1776887822.4301028,1.0,-5.0,-31.0
1776887822.4401028,2.0,-7.0,-35.0
1776887822.4501028,4.0,-8.0,-32.0
1776887822.4601028,6.0,-7.0,-27.0
1776887822.4701028,4.0,-4.0,-26.0
1776887822.4801028,4.0,-4.0,-25.0
1776887822.4901028,1.0,-5.0,-22.0
1776887822.5001028,0.0,2.0,-19.0
1776887822.5101027,-2.0,-1.0,-23.0
1776887822.5201027,-1.0,-3.0,-22.0
1776887822.5301027,-1.0,-3.0,-29.0
1776887822.5401027,-2.0,-5.0,-26.0
1776887822.5501027,-1.0,-3.0,-28.0
1776887822.5601027,5.0,0.0,-29.0
1776887822.5701027,6.0,-4.0,-29.0
1776887822.5801027,-2.0,-2.0,-23.0
1776887822.590103,-2.0,-8.0,-26.0
1776887822.600103,-1.0,-8.0,-28.0
1776887822.610103,0.0,-2.0,-39.0
1776887822.6201026,1.0,-3.0,-46.0
1776887822.6301026,0.0,-6.0,-49.0
1776887822.6401026,-1.0,-9.0,-48.0
1776887822.6501029,1.0,-9.0,-39.0
1776887822.6601028,4.0,-11.0,-41.0
1776887822.6701028,4.0,-11.0,-39.0
1776887822.6801028,7.0,-11.0,-40.0
1776887822.6901028,4.0,-8.0,-37.0
1776887822.7001028,6.0,-1.0,-44.0
1776887822.7101028,4.0,0.0,-43.0
1776887822.7201028,2.0,-2.0,-46.0
1776887822.7301028,2.0,-3.0,-45.0
1776887822.7401028,0.0,-1.0,-42.0
1776887822.7501028,-2.0,-2.0,-37.0
1776887822.7601027,-4.0,-1.0,-33.0
1776887822.7701027,-4.0,-3.0,-38.0
1776887822.7801027,-1.0,-2.0,-37.0
1776887822.7901027,0.0,0.0,-36.0
1776887822.8001027,2.0,2.0,-36.0
1776887822.8101027,5.0,0.0,-36.0
1776887822.8201027,9.0,0.0,-43.0
1776887822.8301027,4.0,0.0,-48.0
1776887822.840103,3.0,1.0,-41.0
1776887822.850103,-1.0,2.0,-41.0
1776887822.860103,-2.0,0.0,-41.0
1776887822.8701026,-1.0,-1.0,-46.0
1776887822.8801026,-2.0,-2.0,-49.0
1776887822.8901026,-8.0,-7.0,-50.0
1776887822.9001029,-3.0,-7.0,-49.0
1776887822.9101028,-4.0,-10.0,-42.0
1776887822.9201028,-2.0,-9.0,-42.0
1776887822.9301028,1.0,-11.0,-43.0
1776887822.9401028,5.0,-6.0,-47.0
1776887822.9501028,-1.0,-5.0,-46.0
1776887822.9601028,-1.0,-4.0,-40.0
1776887822.9701028,0.0,-5.0,-39.0
1776887822.9801028,-2.0,-6.0,-38.0
1776887822.9901028,-6.0,-2.0,-38.0
1776887823.0001028,-3.0,-1.0,-39.0
1776887823.0101027,-5.0,-1.0,-36.0
1776887823.0201027,-3.0,-1.0,-37.0
1776887823.0301027,0.0,-1.0,-25.0
1776887823.0401027,4.0,-3.0,-27.0
1776887823.0501027,1.0,-2.0,-32.0
1776887823.0601027,0.0,0.0,-25.0
1776887823.0701027,0.0,1.0,-21.0
1776887823.0801027,2.0,4.0,-26.0
1776887823.090103,3.0,4.0,-31.0
1776887823.100103,5.0,0.0,-30.0
1776887823.110103,6.0,1.0,-31.0
1776887823.1201026,6.0,0.0,-38.0
1776887823.1301026,0.0,-3.0,-39.0
1776887823.1401026,1.0,-1.0,-41.0
1776887823.1501029,1.0,-3.0,-44.0
1776887823.1601028,4.0,-4.0,-40.0
1776887823.1701028,3.0,-1.0,-41.0
1776887823.1801028,5.0,-3.0,-41.0
1776887823.1901028,5.0,-2.0,-48.0
1776887823.2001028,4.0,-2.0,-44.0
1776887823.2101028,5.0,-4.0,-34.0
1776887823.2201028,5.0,-2.0,-27.0
1776887823.2301028,2.0,1.0,-32.0
1776887823.2401028,5.0,0.0,-30.0
1776887823.2501028,4.0,0.0,-33.0
1776887823.2601027,6.0,-1.0,-31.0
1776887823.2701027,4.0,-2.0,-27.0
1776887823.2801027,5.0,0.0,-34.0
1776887823.2901027,4.0,-3.0,-34.0
1776887823.3001027,-2.0,-1.0,-38.0
1776887823.3101027,1.0,-2.0,-40.0
1776887823.3201027,3.0,-3.0,-40.0
1776887823.3301027,2.0,-2.0,-45.0
1776887823.340103,3.0,-5.0,-43.0
1776887823.350103,1.0,-6.0,-44.0
1776887823.360103,0.0,-3.0,-38.0
1776887823.3701026,2.0,-1.0,-32.0
1776887823.3801026,4.0,-2.0,-33.0
1776887823.3901026,-1.0,-3.0,-34.0
1776887823.4001029,-3.0,-3.0,-38.0
1776887823.4101028,1.0,-3.0,-43.0
1776887823.4201028,5.0,3.0,-45.0
1776887823.4301028,0.0,1.0,-44.0
1776887823.4401028,-2.0,1.0,-43.0
1776887823.4501028,-3.0,2.0,-41.0
1776887823.4601028,0.0,3.0,-39.0
1776887823.4701028,2.0,1.0,-37.0
1776887823.4801028,3.0,0.0,-40.0
1776887823.4901028,2.0,0.0,-37.0
1776887823.5001028,0.0,-3.0,-41.0
1776887823.5101027,0.0,-3.0,-41.0
1776887823.5201027,1.0,-6.0,-34.0
1776887823.5301027,0.0,0.0,-30.0
1776887823.5401027,1.0,1.0,-32.0
1776887823.5501027,0.0,2.0,-34.0
1776887823.5601027,2.0,1.0,-38.0
1776887823.5701027,6.0,5.0,-41.0
1776887823.5801027,2.0,3.0,-31.0
1776887823.590103,1.0,3.0,-30.0
1776887823.600103,0.0,-1.0,-30.0
1776887823.610103,0.0,-3.0,-36.0
1776887823.6201026,1.0,-4.0,-31.0
1776887823.6301026,0.0,-3.0,-30.0
1776887823.6401026,4.0,-2.0,-29.0
1776887823.6501029,4.0,-3.0,-25.0
1776887823.6601028,2.0,-7.0,-20.0
1776887823.6701028,-2.0,-1.0,-23.0
1776887823.6801028,-1.0,-1.0,-27.0
1776887823.6901028,0.0,-3.0,-30.0
1776887823.7001028,5.0,-2.0,-37.0
1776887823.7101028,5.0,0.0,-43.0
1776887823.7201028,5.0,0.0,-44.0
1776887823.7301028,4.0,0.0,-46.0
1776887823.7401028,1.0,0.0,-40.0
1776887823.7501028,0.0,-4.0,-34.0
1776887823.7601027,1.0,-6.0,-33.0
1776887823.7701027,-3.0,-6.0,-34.0
1776887823.7801027,-3.0,-8.0,-33.0
1776887823.7901027,1.0,-8.0,-28.0
1776887823.8001027,-1.0,-10.0,-29.0
1776887823.8101027,-2.0,-5.0,-33.0
1776887823.8201027,0.0,-1.0,-39.0
1776887823.8301027,-2.0,1.0,-34.0
1776887823.840103,-6.0,1.0,-32.0
1776887823.850103,-3.0,-2.0,-33.0
1776887823.860103,1.0,-3.0,-37.0
1776887823.8701026,3.0,-5.0,-36.0
1776887823.8801026,4.0,-4.0,-33.0
1776887823.8901026,0.0,-3.0,-28.0
1776887823.9001029,0.0,-4.0,-32.0
1776887823.9101028,2.0,-4.0,-35.0
1776887823.9211028,0.0,-7.0,-36.0
1776887823.9301028,2.0,-4.0,-38.0
1776887823.9401028,0.0,-2.0,-38.0
1776887823.9501028,3.0,-3.0,-36.0
1776887823.9601028,1.0,-7.0,-38.0
1776887823.9701028,1.0,-7.0,-35.0
1776887823.9801028,7.0,-6.0,-27.0
1776887823.9901028,10.0,-3.0,-26.0
1776887824.0001028,10.0,-5.0,-29.0
1776887824.0101027,10.0,-9.0,-33.0
1776887824.0201027,9.0,-8.0,-32.0
1776887824.0301027,10.0,-5.0,-32.0
1776887824.0401027,7.0,-2.0,-29.0
1776887824.0501027,8.0,-3.0,-27.0
1776887824.0601027,5.0,-3.0,-32.0
1776887824.0701027,3.0,-2.0,-39.0
1776887824.0801027,4.0,-2.0,-41.0
1776887824.090103,2.0,-5.0,-42.0
1776887824.100103,6.0,-1.0,-40.0
1776887824.110103,9.0,1.0,-38.0
1776887824.1201026,6.0,1.0,-31.0
1776887824.1301026,6.0,1.0,-29.0
1776887824.1401026,4.0,3.0,-33.0
1776887824.1501029,1.0,-1.0,-28.0
1776887824.1601028,1.0,2.0,-26.0
1776887824.1701028,-3.0,5.0,-25.0
1776887824.1801028,-2.0,6.0,-24.0
1776887824.1901028,0.0,4.0,-24.0
1776887824.2001028,0.0,3.0,-24.0
1776887824.2101028,0.0,2.0,-32.0
1776887824.2201028,-5.0,2.0,-34.0
1776887824.2301028,-7.0,0.0,-34.0
1776887824.2401028,-6.0,-2.0,-33.0
1776887824.2501028,-8.0,-3.0,-32.0
1776887824.2601027,-6.0,-2.0,-39.0
1776887824.2701027,0.0,-3.0,-43.0
1776887824.281103,2.0,-4.0,-39.0
1776887824.2911026,4.0,-6.0,-33.0
1776887824.3001027,1.0,-6.0,-39.0
1776887824.3111026,0.0,-3.0,-42.0
1776887824.3211029,0.0,-3.0,-41.0
1776887824.3311028,4.0,-2.0,-36.0
1776887824.3411028,2.0,2.0,-34.0
1776887824.3511028,4.0,1.0,-35.0
1776887824.3611028,6.0,-2.0,-36.0
1776887824.3711028,7.0,3.0,-33.0
1776887824.3811028,5.0,3.0,-29.0
1776887824.3911028,0.0,3.0,-33.0
1776887824.4011028,0.0,5.0,-34.0
1776887824.4111028,0.0,1.0,-32.0
1776887824.4211028,4.0,-3.0,-36.0
1776887824.4311028,4.0,-2.0,-37.0
1776887824.4411027,1.0,-3.0,-33.0
1776887824.4511027,0.0,-3.0,-37.0
1776887824.4611027,-2.0,-7.0,-37.0
1776887824.4711027,-2.0,-12.0,-40.0
1776887824.4811027,0.0,-7.0,-45.0
1776887824.4911027,3.0,-4.0,-37.0
1776887824.5011027,4.0,-1.0,-33.0
1776887824.511103,5.0,-4.0,-33.0
1776887824.521103,1.0,-8.0,-35.0
1776887824.531103,4.0,-10.0,-44.0
1776887824.5411026,3.0,-8.0,-35.0
1776887824.5511026,4.0,-4.0,-28.0
1776887824.5611026,4.0,-1.0,-34.0
1776887824.5711029,2.0,0.0,-36.0
1776887824.5811028,2.0,-2.0,-36.0
1776887824.5911028,0.0,-3.0,-31.0
1776887824.6011028,-2.0,-5.0,-30.0
1776887824.6111028,-4.0,-3.0,-32.0
1776887824.6211028,-7.0,-4.0,-34.0
1776887824.6311028,-10.0,-3.0,-29.0
1776887824.6411028,-6.0,-1.0,-29.0
1776887824.6511028,-8.0,-3.0,-27.0
1776887824.6611028,-11.0,-1.0,-30.0
1776887824.6711028,-4.0,-4.0,-36.0
1776887824.6811028,-1.0,-5.0,-32.0
1776887824.6911027,1.0,-6.0,-38.0
1776887824.7011027,-1.0,-6.0,-41.0
1776887824.7111027,-1.0,1.0,-44.0
1776887824.7211027,3.0,-2.0,-45.0
1776887824.7311027,1.0,-6.0,-40.0
1776887824.7411027,2.0,0.0,-39.0
1776887824.7511027,2.0,2.0,-42.0
1776887824.761103,0.0,2.0,-45.0
1776887824.771103,-2.0,1.0,-40.0
1776887824.781103,0.0,0.0,-36.0
1776887824.7911026,0.0,-2.0,-34.0
1776887824.8011026,5.0,-6.0,-34.0
1776887824.8111026,1.0,-7.0,-37.0
1776887824.8211029,4.0,-7.0,-37.0
1776887824.8311028,6.0,-5.0,-35.0
1776887824.8411028,4.0,-8.0,-35.0
1776887824.8511028,3.0,-6.0,-46.0
1776887824.8611028,2.0,-11.0,-43.0
1776887824.8711028,3.0,-10.0,-44.0
1776887824.8811028,2.0,-10.0,-46.0
1776887824.8911028,0.0,-7.0,-39.0
1776887824.9011028,0.0,-5.0,-40.0
1776887824.9111028,-3.0,-6.0,-41.0
1776887824.9211028,-4.0,-3.0,-35.0
1776887824.9311028,-5.0,-2.0,-33.0
1776887824.9411027,-8.0,-9.0,-35.0
1776887824.9511027,-2.0,-7.0,-36.0
1776887824.9611027,0.0,-6.0,-37.0
1776887824.9711027,0.0,-5.0,-39.0
1776887824.9811027,1.0,-6.0,-38.0
1776887824.9911027,0.0,-5.0,-35.0
1776887825.0011027,3.0,-6.0,-41.0
1776887825.011103,7.0,-8.0,-47.0
1776887825.021103,6.0,-7.0,-50.0
1776887825.031103,1.0,0.0,-45.0
1776887825.0411026,1.0,4.0,-39.0
1776887825.0511026,2.0,8.0,-41.0
1776887825.0611026,1.0,6.0,-41.0
1776887825.0711029,2.0,4.0,-33.0
1776887825.0811028,4.0,3.0,-35.0
1776887825.0911028,-2.0,10.0,-36.0
1776887825.1011028,-2.0,7.0,-26.0
1776887825.1111028,0.0,4.0,-29.0
1776887825.1211028,0.0,3.0,-30.0
1776887825.1311028,2.0,2.0,-34.0
1776887825.1411028,-1.0,3.0,-36.0
1776887825.1511028,-3.0,0.0,-33.0
1776887825.1611028,-4.0,1.0,-33.0
1776887825.1711028,-2.0,3.0,-35.0
1776887825.1811028,0.0,0.0,-38.0
1776887825.1911027,0.0,-3.0,-44.0
1776887825.2011027,0.0,-2.0,-41.0
1776887825.2111027,3.0,-5.0,-45.0
1776887825.2211027,4.0,-7.0,-37.0
1776887825.2311027,6.0,-8.0,-37.0
1776887825.2411027,7.0,-8.0,-32.0
1776887825.2511027,6.0,-7.0,-33.0
1776887825.261103,5.0,-6.0,-25.0
1776887825.271103,3.0,-4.0,-33.0
1776887825.281103,1.0,-4.0,-37.0
1776887825.2911026,5.0,-3.0,-37.0
1776887825.3011026,8.0,-1.0,-35.0
1776887825.3111026,5.0,-2.0,-42.0
1776887825.3211029,6.0,-3.0,-36.0
1776887825.3311028,5.0,-1.0,-38.0
1776887825.3411028,0.0,-2.0,-37.0
1776887825.3511028,0.0,-1.0,-35.0
1776887825.3611028,0.0,0.0,-27.0
1776887825.3711028,0.0,0.0,-25.0
1776887825.3811028,-1.0,-1.0,-26.0
1776887825.3911028,-5.0,-3.0,-30.0
1776887825.4011028,-2.0,-3.0,-32.0
1776887825.4111028,-4.0,1.0,-41.0
1776887825.4211028,-2.0,-1.0,-44.0
1776887825.4311028,0.0,-4.0,-38.0
1776887825.4411027,0.0,0.0,-40.0
1776887825.4511027,0.0,-4.0,-46.0
1776887825.4611027,0.0,-7.0,-43.0
1776887825.4711027,-3.0,-7.0,-36.0
1776887825.4811027,-2.0,0.0,-29.0
1776887825.4911027,3.0,-2.0,-34.0
1776887825.5011027,5.0,-6.0,-41.0
1776887825.511103,5.0,-10.0,-35.0
1776887825.521103,3.0,-8.0,-30.0
1776887825.531103,6.0,-7.0,-39.0
1776887825.5411026,4.0,-8.0,-37.0
1776887825.5511026,6.0,-3.0,-29.0
1776887825.5611026,5.0,-1.0,-28.0
1776887825.5711029,2.0,0.0,-27.0
1776887825.5811028,0.0,-1.0,-27.0
1776887825.5911028,0.0,-2.0,-40.0
1776887825.6011028,1.0,-3.0,-36.0
1776887825.6111028,2.0,-2.0,-38.0
1776887825.6211028,2.0,-2.0,-35.0
1776887825.6311028,4.0,-4.0,-30.0
1776887825.6411028,10.0,0.0,-32.0
1776887825.6511028,6.0,1.0,-33.0
1776887825.6611028,0.0,0.0,-36.0
1776887825.6711028,-3.0,1.0,-44.0
1776887825.6811028,-3.0,6.0,-45.0
1776887825.6911027,-7.0,2.0,-46.0
1776887825.7011027,-6.0,-1.0,-42.0
1776887825.7111027,-1.0,-8.0,-36.0
1776887825.7211027,-2.0,-9.0,-36.0
1776887825.7311027,0.0,-9.0,-34.0
1776887825.7411027,0.0,-5.0,-32.0
1776887825.7511027,5.0,-4.0,-38.0
1776887825.761103,2.0,-2.0,-40.0
1776887825.771103,0.0,-2.0,-40.0
1776887825.781103,5.0,1.0,-35.0
1776887825.7911026,8.0,1.0,-35.0
1776887825.8011026,7.0,-3.0,-44.0
1776887825.8111026,9.0,-1.0,-52.0
1776887825.8211029,5.0,4.0,-44.0
1776887825.8311028,5.0,1.0,-44.0
1776887825.8411028,4.0,0.0,-37.0
1776887825.8511028,1.0,-2.0,-33.0
1776887825.8611028,2.0,-4.0,-31.0
1776887825.8711028,3.0,-5.0,-29.0
1776887825.8811028,1.0,-4.0,-28.0
1776887825.8911028,0.0,-3.0,-27.0
1776887825.9011028,7.0,-4.0,-30.0
1776887825.9111028,7.0,-3.0,-30.0
1776887825.9211028,6.0,-2.0,-35.0
1776887825.9311028,2.0,0.0,-40.0
1776887825.9411027,-2.0,2.0,-38.0
1776887825.9511027,-7.0,1.0,-40.0
1776887825.9611027,-10.0,0.0,-48.0
1776887825.9711027,-11.0,0.0,-44.0
1776887825.9811027,-8.0,-2.0,-40.0
1776887825.9911027,-8.0,-2.0,-41.0
1776887826.0011027,-11.0,0.0,-38.0
1776887826.011103,-10.0,-4.0,-30.0
1776887826.021103,-5.0,-2.0,-30.0
1776887826.031103,-1.0,0.0,-24.0
1776887826.0411026,1.0,2.0,-26.0
1776887826.0511026,-1.0,10.0,-25.0
1776887826.0611026,-4.0,7.0,-32.0
1776887826.0711029,-4.0,6.0,-31.0
1776887826.0811028,0.0,5.0,-41.0
1776887826.0911028,-4.0,2.0,-42.0
1776887826.1011028,-6.0,6.0,-36.0
1776887826.1111028,-2.0,5.0,-31.0
1776887826.1211028,-7.0,3.0,-29.0
1776887826.1311028,-4.0,0.0,-29.0
1776887826.1411028,3.0,0.0,-27.0
1776887826.1511028,5.0,0.0,-30.0
1776887826.1611028,5.0,0.0,-35.0
1776887826.1711028,4.0,1.0,-33.0
1776887826.1811028,5.0,0.0,-35.0
1776887826.1911027,3.0,-5.0,-40.0
1776887826.2011027,0.0,-6.0,-32.0
1776887826.2111027,0.0,-5.0,-36.0
1776887826.2211027,0.0,-6.0,-38.0
1776887826.2311027,5.0,-5.0,-37.0
1776887826.2411027,0.0,-2.0,-33.0
1776887826.2511027,0.0,-2.0,-35.0
1776887826.261103,1.0,-5.0,-30.0
1776887826.271103,0.0,0.0,-30.0
1776887826.281103,6.0,0.0,-34.0
1776887826.2911026,4.0,0.0,-31.0
1776887826.3021028,6.0,-2.0,-25.0
1776887826.3121028,7.0,0.0,-28.0
1776887826.3221028,5.0,1.0,-31.0
1776887826.3321028,5.0,1.0,-36.0
1776887826.3421028,7.0,-2.0,-37.0
1776887826.3521028,5.0,0.0,-36.0
1776887826.3621027,5.0,0.0,-34.0
1776887826.3721027,1.0,-3.0,-33.0
1776887826.3821027,1.0,-4.0,-32.0
1776887826.3921027,0.0,-1.0,-28.0
1776887826.4021027,0.0,4.0,-38.0
1776887826.4121027,-3.0,3.0,-41.0
1776887826.4221027,-1.0,3.0,-41.0
1776887826.432103,-1.0,3.0,-48.0
1776887826.442103,-2.0,-3.0,-50.0
1776887826.452103,-3.0,-5.0,-43.0
1776887826.462103,-2.0,-8.0,-46.0
1776887826.4721026,0.0,-6.0,-45.0
1776887826.4821026,0.0,-2.0,-49.0
1776887826.4921026,-2.0,0.0,-51.0
1776887826.5021029,-4.0,-1.0,-54.0
1776887826.5121028,-1.0,-3.0,-51.0
1776887826.5221028,-3.0,-5.0,-40.0
1776887826.5321028,1.0,0.0,-36.0
1776887826.5421028,3.0,1.0,-36.0
1776887826.5521028,1.0,0.0,-39.0
1776887826.5621028,7.0,-2.0,-36.0
1776887826.5721028,3.0,-6.0,-40.0
1776887826.5821028,1.0,-4.0,-45.0
1776887826.5921028,0.0,-5.0,-40.0
1776887826.6021028,-2.0,-6.0,-40.0
1776887826.6121027,6.0,-9.0,-44.0
1776887826.6221027,5.0,-11.0,-42.0
1776887826.6321027,5.0,-12.0,-43.0
1776887826.6421027,3.0,-10.0,-42.0
1776887826.6521027,3.0,-10.0,-44.0
1776887826.6621027,2.0,-8.0,-43.0
1776887826.6721027,4.0,-8.0,-42.0
1776887826.682103,1.0,-10.0,-39.0
1776887826.692103,1.0,-8.0,-40.0
1776887826.702103,0.0,-6.0,-36.0
1776887826.712103,0.0,-4.0,-38.0
1776887826.7221026,2.0,-2.0,-32.0
1776887826.7321026,1.0,-6.0,-34.0
1776887826.7421026,2.0,-7.0,-37.0
1776887826.7521029,1.0,-1.0,-37.0
1776887826.7621028,0.0,-3.0,-37.0
1776887826.7721028,1.0,-2.0,-43.0
1776887826.7821028,-1.0,-1.0,-39.0
1776887826.7921028,0.0,-5.0,-35.0
1776887826.8021028,3.0,-3.0,-33.0
1776887826.8121028,2.0,-3.0,-30.0
1776887826.8221028,7.0,-7.0,-33.0
1776887826.8321028,6.0,-1.0,-37.0
1776887826.8421028,5.0,0.0,-38.0
1776887826.8521028,4.0,2.0,-39.0
1776887826.8621027,7.0,2.0,-34.0
1776887826.8721027,0.0,1.0,-30.0
1776887826.8821027,5.0,0.0,-35.0
1776887826.8921027,2.0,-2.0,-30.0
1776887826.9021027,-1.0,-3.0,-38.0
1776887826.9121027,0.0,0.0,-42.0
1776887826.9221027,-2.0,0.0,-37.0
1776887826.932103,-3.0,-2.0,-37.0
1776887826.942103,-6.0,-2.0,-36.0
1776887826.952103,-7.0,0.0,-44.0
1776887826.962103,-9.0,-1.0,-45.0
1776887826.9721026,-7.0,-3.0,-41.0
1776887826.9821026,-6.0,-5.0,-40.0
1776887826.9921026,-4.0,-4.0,-41.0
1776887827.0021029,-4.0,-7.0,-42.0
1776887827.0121028,-10.0,-10.0,-44.0
1776887827.0221028,-10.0,-10.0,-42.0
1776887827.0321028,-8.0,-5.0,-39.0
1776887827.0421028,-5.0,-5.0,-34.0
1776887827.0521028,-4.0,-4.0,-34.0
1776887827.0621028,-1.0,-2.0,-36.0
1776887827.0721028,2.0,3.0,-33.0
1776887827.0821028,6.0,4.0,-31.0
1776887827.0921028,3.0,-1.0,-38.0
1776887827.1021028,0.0,1.0,-42.0
1776887827.1121027,-7.0,0.0,-42.0
1776887827.1221027,-3.0,1.0,-40.0
1776887827.1321027,-2.0,0.0,-39.0
1776887827.1421027,-2.0,-2.0,-40.0
1776887827.1521027,-2.0,-2.0,-39.0
1776887827.1621027,0.0,-2.0,-43.0
1776887827.1721027,0.0,-3.0,-34.0
1776887827.182103,2.0,-5.0,-33.0
1776887827.192103,6.0,-7.0,-30.0
1776887827.202103,9.0,-8.0,-28.0
1776887827.212103,5.0,-3.0,-27.0
1776887827.2221026,1.0,-6.0,-28.0
1776887827.2321026,1.0,-5.0,-31.0
1776887827.2421026,5.0,-9.0,-29.0
1776887827.2521029,2.0,-10.0,-32.0
1776887827.2621028,7.0,-10.0,-33.0
1776887827.2721028,8.0,-5.0,-32.0
1776887827.2821028,6.0,-3.0,-30.0
1776887827.2921028,8.0,-5.0,-31.0
1776887827.3021028,4.0,-10.0,-34.0
1776887827.3121028,2.0,-6.0,-32.0
1776887827.3221028,4.0,1.0,-31.0
1776887827.3321028,6.0,1.0,-36.0
1776887827.3421028,7.0,0.0,-36.0
1776887827.3521028,2.0,-4.0,-37.0
1776887827.3621027,1.0,-5.0,-37.0
1776887827.3721027,3.0,-5.0,-42.0
1776887827.3821027,-1.0,-1.0,-43.0
1776887827.3921027,1.0,-4.0,-37.0
1776887827.4021027,0.0,0.0,-38.0
1776887827.4121027,3.0,2.0,-36.0
1776887827.4221027,4.0,4.0,-34.0
1776887827.432103,3.0,3.0,-37.0
1776887827.442103,1.0,4.0,-41.0
1776887827.452103,4.0,6.0,-49.0
1776887827.462103,3.0,7.0,-49.0
1776887827.4721026,2.0,6.0,-47.0
1776887827.4821026,4.0,2.0,-49.0
1776887827.4921026,6.0,0.0,-50.0
1776887827.5021029,6.0,-1.0,-44.0
1776887827.5121028,3.0,-2.0,-41.0
1776887827.5221028,0.0,2.0,-37.0
1776887827.5321028,-2.0,2.0,-32.0
1776887827.5421028,-7.0,0.0,-26.0
1776887827.5521028,-9.0,1.0,-31.0
1776887827.5621028,-11.0,2.0,-31.0
1776887827.5721028,-10.0,-1.0,-24.0
1776887827.5821028,-6.0,0.0,-28.0
1776887827.5921028,-2.0,0.0,-30.0
1776887827.6021028,-2.0,-4.0,-26.0
1776887827.6121027,-2.0,-6.0,-30.0
1776887827.6221027,-5.0,-4.0,-32.0
1776887827.6321027,-2.0,-3.0,-36.0
1776887827.6421027,0.0,-4.0,-34.0
1776887827.6521027,1.0,-5.0,-35.0
1776887827.6621027,6.0,-2.0,-34.0
1776887827.6721027,3.0,-3.0,-44.0
1776887827.682103,3.0,-3.0,-49.0
1776887827.692103,4.0,-7.0,-43.0
1776887827.702103,4.0,-4.0,-31.0
1776887827.712103,2.0,-6.0,-33.0
1776887827.7221026,5.0,-9.0,-35.0
1776887827.7321026,6.0,-6.0,-33.0
1776887827.7421026,3.0,-3.0,-37.0
1776887827.7521029,0.0,-3.0,-36.0
1776887827.7621028,0.0,-3.0,-36.0
1776887827.7721028,0.0,-3.0,-35.0
1776887827.7821028,-2.0,-5.0,-33.0
1776887827.7921028,1.0,-2.0,-35.0
1776887827.8021028,-2.0,-1.0,-34.0
1776887827.8121028,0.0,-3.0,-32.0
1776887827.8221028,4.0,-8.0,-33.0
1776887827.8321028,5.0,-8.0,-36.0
1776887827.8421028,-1.0,0.0,-36.0
1776887827.8521028,-3.0,3.0,-33.0
1776887827.8621027,0.0,1.0,-30.0
1776887827.8721027,1.0,-1.0,-26.0
1776887827.8821027,2.0,-5.0,-35.0
1776887827.8921027,0.0,-4.0,-36.0
1776887827.9021027,-4.0,-3.0,-35.0
1776887827.9121027,-7.0,-4.0,-33.0
1776887827.9221027,-10.0,-4.0,-37.0
1776887827.932103,-6.0,-8.0,-38.0
1776887827.942103,-4.0,-9.0,-30.0
1776887827.952103,-4.0,-10.0,-33.0
1776887827.962103,-6.0,-10.0,-39.0
1776887827.9721026,-7.0,-8.0,-42.0
1776887827.9821026,-3.0,-6.0,-49.0
1776887827.9921026,-4.0,-5.0,-41.0
1776887828.0021029,-5.0,0.0,-47.0
1776887828.0121028,-7.0,-2.0,-44.0
1776887828.0221028,-5.0,-5.0,-40.0
1776887828.0321028,-2.0,-8.0,-44.0
1776887828.0421028,-5.0,-5.0,-44.0
1776887828.0521028,-2.0,-5.0,-39.0
1776887828.0621028,-2.0,-4.0,-33.0
1776887828.0721028,0.0,-3.0,-32.0
1776887828.0821028,1.0,-2.0,-30.0
1776887828.0921028,3.0,0.0,-32.0
1776887828.1021028,1.0,-1.0,-29.0
1776887828.1121027,-1.0,0.0,-29.0
1776887828.1221027,-2.0,2.0,-34.0
1776887828.1321027,-3.0,4.0,-33.0
1776887828.1421027,-6.0,0.0,-37.0
1776887828.1521027,-9.0,-2.0,-38.0
1776887828.1621027,-7.0,-1.0,-34.0
1776887828.1721027,-3.0,0.0,-28.0
1776887828.182103,-3.0,-2.0,-31.0
1776887828.192103,-3.0,-1.0,-39.0
1776887828.202103,-5.0,1.0,-36.0
1776887828.212103,-4.0,-3.0,-37.0
1776887828.2221026,-2.0,-4.0,-31.0
1776887828.2321026,-4.0,-6.0,-33.0
1776887828.2421026,-2.0,-8.0,-33.0
1776887828.2521029,-2.0,-10.0,-36.0
1776887828.2621028,0.0,-7.0,-30.0
1776887828.2731028,0.0,-7.0,-30.0
1776887828.2831028,2.0,-3.0,-35.0
1776887828.2921028,4.0,-3.0,-37.0
1776887828.3021028,7.0,-2.0,-35.0
1776887828.3121028,6.0,-7.0,-38.0
1776887828.3231027,4.0,-11.0,-35.0
1776887828.3331027,0.0,-11.0,-35.0
1776887828.3431027,7.0,-5.0,-41.0
1776887828.3531027,6.0,-2.0,-39.0
1776887828.363103,7.0,-1.0,-41.0
1776887828.373103,12.0,-2.0,-41.0
1776887828.383103,5.0,-4.0,-45.0
1776887828.3931026,3.0,-2.0,-49.0
1776887828.4031026,6.0,0.0,-46.0
1776887828.4131026,9.0,5.0,-37.0
1776887828.4231029,5.0,4.0,-38.0
1776887828.4331028,1.0,0.0,-32.0
1776887828.4431028,3.0,-1.0,-32.0
1776887828.4531028,0.0,-3.0,-34.0
1776887828.4631028,0.0,-2.0,-25.0
1776887828.4731028,4.0,-5.0,-26.0
1776887828.4831028,7.0,-6.0,-25.0
1776887828.4931028,7.0,2.0,-23.0
1776887828.5031028,5.0,0.0,-25.0
1776887828.5131028,1.0,0.0,-33.0
1776887828.5231028,2.0,-2.0,-38.0
1776887828.5331028,5.0,-3.0,-41.0
1776887828.5431027,6.0,-6.0,-45.0
1776887828.5531027,0.0,-10.0,-42.0
1776887828.5631027,3.0,-10.0,-40.0
1776887828.5731027,5.0,-8.0,-48.0
1776887828.5831027,5.0,-10.0,-48.0
1776887828.5931027,7.0,-9.0,-53.0
1776887828.6031027,6.0,-7.0,-43.0
1776887828.613103,-1.0,-7.0,-41.0
1776887828.623103,0.0,-7.0,-43.0
1776887828.633103,-2.0,0.0,-36.0
1776887828.6431026,2.0,1.0,-37.0
1776887828.6531026,5.0,0.0,-43.0
1776887828.6631026,3.0,0.0,-47.0
1776887828.6731029,9.0,-3.0,-45.0
1776887828.6831028,11.0,-4.0,-41.0
1776887828.6931028,7.0,-3.0,-30.0
1776887828.7031028,6.0,-4.0,-35.0
1776887828.7131028,6.0,-7.0,-31.0
1776887828.7231028,4.0,-3.0,-28.0
1776887828.7331028,5.0,-1.0,-28.0
1776887828.7431028,9.0,3.0,-25.0
1776887828.7531028,8.0,-2.0,-29.0
1776887828.7631028,10.0,-2.0,-30.0
1776887828.7731028,6.0,0.0,-33.0
1776887828.7831028,3.0,-1.0,-26.0
1776887828.7931027,4.0,1.0,-20.0
1776887828.8031027,5.0,0.0,-24.0
1776887828.8131027,2.0,3.0,-22.0
1776887828.8231027,0.0,2.0,-15.0
1776887828.8331027,-2.0,2.0,-17.0
1776887828.8431027,-6.0,1.0,-15.0
1776887828.8531027,-8.0,4.0,-24.0
1776887828.863103,-9.0,0.0,-29.0
1776887828.873103,-6.0,-4.0,-35.0
1776887828.883103,-5.0,-6.0,-36.0
1776887828.8931026,-3.0,-6.0,-38.0
1776887828.9031026,-3.0,-6.0,-37.0
1776887828.9131026,-2.0,-9.0,-34.0
1776887828.9231029,0.0,-11.0,-32.0
1776887828.9331028,-1.0,-9.0,-31.0
1776887828.9431028,-2.0,-12.0,-35.0
1776887828.9531028,2.0,-9.0,-39.0
1776887828.9631028,0.0,-8.0,-40.0
1776887828.9731028,-3.0,-7.0,-33.0
1776887828.9831028,-5.0,-8.0,-37.0
1776887828.9931028,0.0,-6.0,-33.0
1776887829.0031028,-5.0,-2.0,-33.0
1776887829.0131028,-3.0,-2.0,-35.0
1776887829.0231028,-2.0,-2.0,-39.0
1776887829.0331028,1.0,-2.0,-38.0
1776887829.0431027,0.0,0.0,-36.0
1776887829.0531027,1.0,-1.0,-28.0
1776887829.0631027,0.0,-2.0,-27.0
1776887829.0731027,2.0,0.0,-30.0
1776887829.0831027,1.0,3.0,-32.0
1776887829.0931027,-2.0,2.0,-37.0
1776887829.1031027,-9.0,3.0,-35.0
1776887829.113103,-6.0,0.0,-39.0
1776887829.123103,-5.0,-1.0,-39.0
1776887829.133103,-2.0,0.0,-45.0
1776887829.1431026,0.0,0.0,-34.0
1776887829.1531026,1.0,-1.0,-31.0
1776887829.1631026,-1.0,0.0,-36.0
1776887829.1731029,-3.0,1.0,-40.0
1776887829.1831028,-2.0,-3.0,-36.0
1776887829.1931028,0.0,-3.0,-31.0
1776887829.2031028,6.0,-3.0,-33.0
1776887829.2131028,6.0,-7.0,-34.0
1776887829.2231028,1.0,-7.0,-36.0
1776887829.2331028,0.0,-4.0,-32.0
1776887829.2431028,0.0,-3.0,-31.0
1776887829.2531028,0.0,3.0,-32.0
1776887829.2631028,0.0,6.0,-31.0
1776887829.2731028,1.0,5.0,-29.0
1776887829.2831028,0.0,3.0,-32.0
1776887829.2931027,0.0,-1.0,-33.0
1776887829.3031027,-1.0,-6.0,-40.0
1776887829.3131027,-3.0,-7.0,-44.0
1776887829.3231027,0.0,-5.0,-46.0
1776887829.3331027,0.0,0.0,-49.0
1776887829.3431027,0.0,-3.0,-49.0
1776887829.3531027,2.0,-5.0,-44.0
1776887829.363103,-2.0,-3.0,-47.0
1776887829.373103,-1.0,-2.0,-37.0
1776887829.383103,-3.0,-4.0,-37.0
1776887829.3931026,-3.0,-3.0,-34.0
1776887829.4031026,-3.0,-1.0,-35.0
1776887829.4131026,-6.0,-2.0,-31.0
1776887829.4231029,-4.0,-4.0,-28.0
1776887829.4331028,-6.0,-2.0,-19.0
1776887829.4431028,-9.0,1.0,-25.0
1776887829.4531028,-6.0,2.0,-24.0
1776887829.4631028,0.0,2.0,-27.0
1776887829.4731028,2.0,6.0,-24.0
1776887829.4831028,6.0,6.0,-30.0
1776887829.4931028,0.0,3.0,-34.0
1776887829.5031028,0.0,0.0,-36.0
1776887829.5131028,-1.0,-1.0,-35.0
1776887829.5231028,-3.0,-1.0,-32.0
1776887829.5331028,-4.0,2.0,-33.0
1776887829.5431027,-2.0,0.0,-32.0
1776887829.5531027,-4.0,1.0,-29.0
1776887829.5631027,-4.0,5.0,-32.0
1776887829.5731027,0.0,2.0,-42.0
1776887829.5831027,0.0,0.0,-44.0
1776887829.5931027,1.0,-2.0,-40.0
1776887829.6031027,3.0,-5.0,-38.0
1776887829.613103,1.0,-5.0,-38.0
1776887829.623103,1.0,-4.0,-27.0
1776887829.633103,4.0,-4.0,-25.0
1776887829.6431026,7.0,-2.0,-24.0
1776887829.6531026,6.0,-3.0,-21.0
1776887829.6631026,3.0,-5.0,-24.0
1776887829.6731029,2.0,-8.0,-25.0
1776887829.6831028,3.0,-6.0,-26.0
1776887829.6931028,0.0,-6.0,-31.0
1776887829.7031028,2.0,-5.0,-31.0
1776887829.7131028,5.0,-5.0,-36.0
1776887829.7231028,2.0,-1.0,-37.0
1776887829.7331028,-2.0,0.0,-35.0
1776887829.7431028,-1.0,0.0,-33.0
1776887829.7531028,-1.0,4.0,-29.0
1776887829.7631028,2.0,6.0,-33.0
1776887829.7731028,2.0,3.0,-38.0
1776887829.7831028,0.0,1.0,-30.0
1776887829.7931027,5.0,2.0,-30.0
1776887829.8031027,4.0,3.0,-29.0
1776887829.8131027,0.0,6.0,-28.0
1776887829.8231027,0.0,2.0,-33.0
1776887829.8331027,0.0,0.0,-31.0
1776887829.8431027,1.0,-2.0,-39.0
1776887829.8531027,5.0,-6.0,-41.0
1776887829.863103,4.0,-4.0,-37.0
1776887829.873103,3.0,-8.0,-32.0
1776887829.883103,2.0,-7.0,-37.0
1776887829.8931026,6.0,-6.0,-39.0
1776887829.9031026,2.0,-4.0,-30.0
1776887829.9131026,4.0,-4.0,-26.0
1776887829.9231029,6.0,-4.0,-22.0
1776887829.9331028,5.0,-3.0,-25.0
1776887829.9431028,6.0,0.0,-27.0
1776887829.9531028,2.0,-1.0,-25.0
1776887829.9631028,-5.0,0.0,-28.0
1776887829.9731028,-3.0,-1.0,-29.0
1776887829.9831028,-1.0,0.0,-34.0
1776887829.9931028,-1.0,-1.0,-37.0
1776887830.0031028,2.0,-2.0,-33.0
1776887830.0131028,-1.0,0.0,-34.0
1776887830.0231028,-4.0,0.0,-36.0
1776887830.0331028,-5.0,-5.0,-41.0
1776887830.0431027,0.0,-4.0,-38.0
1776887830.0531027,1.0,-5.0,-38.0
1776887830.0631027,4.0,-8.0,-41.0
1776887830.0731027,6.0,-9.0,-39.0
1776887830.0831027,10.0,-9.0,-31.0
1776887830.0931027,9.0,-9.0,-28.0
1776887830.1031027,7.0,-7.0,-28.0
1776887830.113103,8.0,-5.0,-28.0
1776887830.123103,7.0,-7.0,-29.0
1776887830.133103,5.0,-8.0,-35.0
1776887830.1431026,5.0,-5.0,-39.0
1776887830.1531026,2.0,-5.0,-40.0
1776887830.1631026,4.0,-3.0,-38.0
1776887830.1731029,3.0,-2.0,-40.0
1776887830.1831028,2.0,-2.0,-42.0
1776887830.1931028,0.0,0.0,-40.0
1776887830.2031028,2.0,3.0,-41.0
1776887830.2131028,3.0,0.0,-42.0
1776887830.2231028,-3.0,0.0,-42.0
1776887830.2331028,-1.0,-2.0,-42.0
1776887830.2431028,-2.0,-8.0,-31.0
1776887830.2531028,-4.0,-7.0,-30.0
1776887830.2631028,0.0,-7.0,-30.0
1776887830.2731028,0.0,-7.0,-34.0
1776887830.2831028,0.0,-8.0,-37.0
1776887830.294103,2.0,-7.0,-34.0
1776887830.3031027,0.0,-2.0,-30.0
1776887830.3131027,0.0,0.0,-30.0
1776887830.3241026,4.0,0.0,-38.0
1776887830.3341026,3.0,0.0,-43.0
1776887830.3441026,2.0,-2.0,-42.0
1776887830.3541028,-4.0,-1.0,-44.0
1776887830.3641028,-3.0,-2.0,-48.0
1776887830.3741028,-3.0,-7.0,-46.0
1776887830.3841028,-1.0,-4.0,-49.0
1776887830.3941028,-5.0,-2.0,-47.0
1776887830.4041028,0.0,-1.0,-48.0
1776887830.4141028,3.0,-7.0,-47.0
1776887830.4241028,1.0,-6.0,-44.0
1776887830.4341028,2.0,-5.0,-53.0
1776887830.4441028,0.0,-3.0,-57.0
1776887830.4541028,-2.0,-6.0,-54.0
1776887830.4641027,-1.0,-12.0,-52.0
1776887830.4741027,-3.0,-8.0,-48.0
1776887830.4841027,0.0,-9.0,-47.0
1776887830.4941027,-1.0,-6.0,-42.0
1776887830.5041027,2.0,-4.0,-36.0
1776887830.5141027,4.0,-6.0,-32.0
1776887830.5241027,0.0,-5.0,-30.0
1776887830.534103,0.0,-5.0,-30.0
1776887830.544103,1.0,-3.0,-33.0
1776887830.554103,-1.0,-3.0,-38.0
1776887830.5641026,-3.0,-4.0,-38.0
1776887830.5741026,2.0,0.0,-38.0
1776887830.5841026,2.0,-1.0,-37.0
1776887830.5941026,5.0,-5.0,-32.0
1776887830.6041028,4.0,-2.0,-33.0
1776887830.6141028,3.0,-3.0,-34.0
1776887830.6241028,2.0,-3.0,-36.0
1776887830.6341028,5.0,-8.0,-35.0
1776887830.6441028,0.0,-7.0,-38.0
1776887830.6541028,0.0,-1.0,-36.0
1776887830.6641028,0.0,1.0,-42.0
1776887830.6741028,-1.0,-2.0,-38.0
1776887830.6841028,-1.0,-2.0,-34.0
1776887830.6941028,3.0,-2.0,-39.0
1776887830.7041028,0.0,-6.0,-41.0
1776887830.7141027,-1.0,-4.0,-39.0
1776887830.7241027,6.0,-5.0,-39.0
1776887830.7341027,8.0,-8.0,-40.0
1776887830.7441027,6.0,-5.0,-39.0
1776887830.7541027,7.0,-4.0,-40.0
1776887830.7641027,4.0,0.0,-38.0
1776887830.7741027,0.0,3.0,-34.0
1776887830.784103,0.0,4.0,-34.0
1776887830.794103,4.0,3.0,-39.0
1776887830.804103,8.0,1.0,-39.0
1776887830.8141026,9.0,0.0,-39.0
1776887830.8241026,4.0,1.0,-39.0
1776887830.8341026,2.0,1.0,-36.0
1776887830.8441026,5.0,-5.0,-32.0
1776887830.8541028,0.0,-6.0,-31.0
1776887830.8641028,5.0,-3.0,-34.0
1776887830.8741028,6.0,0.0,-32.0
1776887830.8841028,7.0,0.0,-30.0
1776887830.8941028,0.0,1.0,-35.0
1776887830.9041028,2.0,0.0,-32.0
1776887830.9141028,4.0,-2.0,-31.0
1776887830.9241028,4.0,0.0,-32.0
1776887830.9341028,2.0,0.0,-32.0
1776887830.9441028,0.0,2.0,-22.0
1776887830.9541028,6.0,0.0,-30.0
1776887830.9641027,2.0,0.0,-29.0
1776887830.9741027,0.0,-4.0,-27.0
1776887830.9841027,4.0,-2.0,-29.0
1776887830.9941027,7.0,-1.0,-28.0
1776887831.0041027,2.0,0.0,-33.0
1776887831.0141027,2.0,1.0,-37.0
1776887831.0241027,3.0,3.0,-41.0
1776887831.034103,6.0,0.0,-39.0
1776887831.044103,5.0,-6.0,-44.0
1776887831.054103,2.0,-3.0,-45.0
1776887831.0641026,0.0,-3.0,-45.0
1776887831.0741026,1.0,0.0,-37.0
1776887831.0841026,1.0,0.0,-44.0
1776887831.0941026,1.0,0.0,-46.0
1776887831.1041028,4.0,-1.0,-42.0
1776887831.1141028,4.0,-8.0,-38.0
1776887831.1241028,2.0,-10.0,-27.0
1776887831.1341028,1.0,-13.0,-26.0
1776887831.1441028,0.0,-11.0,-28.0
1776887831.1541028,-1.0,-9.0,-24.0
1776887831.1641028,-2.0,-7.0,-26.0
1776887831.1741028,-2.0,-5.0,-25.0
1776887831.1841028,0.0,0.0,-32.0
1776887831.1941028,-4.0,1.0,-36.0
1776887831.2041028,-1.0,-2.0,-37.0
1776887831.2141027,4.0,-2.0,-38.0
1776887831.2241027,6.0,-4.0,-42.0
1776887831.2341027,3.0,-3.0,-39.0
1776887831.2441027,0.0,-6.0,-40.0
1776887831.2541027,-3.0,-9.0,-43.0
1776887831.2641027,-5.0,-5.0,-39.0
1776887831.2741027,-7.0,-4.0,-43.0
1776887831.284103,-11.0,-2.0,-42.0
1776887831.294103,-9.0,0.0,-44.0
1776887831.304103,-9.0,1.0,-42.0
1776887831.3141026,-10.0,2.0,-40.0
1776887831.3241026,-2.0,0.0,-39.0
1776887831.3341026,-2.0,1.0,-34.0
1776887831.3441026,-3.0,2.0,-33.0
1776887831.3541028,-2.0,3.0,-35.0
1776887831.3641028,-2.0,0.0,-30.0
1776887831.3741028,0.0,0.0,-26.0
1776887831.3841028,2.0,0.0,-24.0
1776887831.3941028,2.0,-2.0,-26.0
1776887831.4041028,-1.0,-3.0,-25.0
1776887831.4141028,-3.0,-2.0,-28.0
1776887831.4241028,3.0,-1.0,-36.0
1776887831.4341028,2.0,5.0,-38.0
1776887831.4441028,0.0,4.0,-43.0
1776887831.4541028,-2.0,3.0,-40.0
1776887831.4641027,-5.0,4.0,-38.0
1776887831.4741027,-2.0,2.0,-41.0
1776887831.4841027,-1.0,1.0,-47.0
1776887831.4941027,0.0,0.0,-46.0
1776887831.5041027,-1.0,-2.0,-40.0
1776887831.5141027,-1.0,-2.0,-42.0
1776887831.5241027,0.0,-2.0,-47.0
1776887831.534103,-1.0,-1.0,-48.0
1776887831.544103,0.0,4.0,-47.0
1776887831.554103,-1.0,4.0,-42.0
1776887831.5641026,-1.0,0.0,-39.0
1776887831.5741026,-1.0,2.0,-38.0
1776887831.5841026,-2.0,0.0,-37.0
1776887831.5941026,-3.0,0.0,-34.0
1776887831.6041028,2.0,0.0,-26.0
1776887831.6141028,0.0,2.0,-24.0
1776887831.6241028,6.0,4.0,-33.0
1776887831.6341028,7.0,4.0,-35.0
1776887831.6441028,6.0,1.0,-31.0
1776887831.6541028,4.0,0.0,-38.0
1776887831.6641028,5.0,5.0,-32.0
1776887831.6741028,4.0,4.0,-35.0
1776887831.6841028,5.0,2.0,-38.0
1776887831.6941028,5.0,1.0,-40.0
1776887831.7041028,1.0,1.0,-41.0
1776887831.7141027,2.0,1.0,-41.0
1776887831.7241027,3.0,3.0,-40.0
1776887831.7341027,2.0,0.0,-35.0
1776887831.7441027,0.0,1.0,-31.0
1776887831.7541027,-3.0,0.0,-33.0
1776887831.7641027,-2.0,-2.0,-34.0
1776887831.7741027,-2.0,-4.0,-30.0
1776887831.784103,-2.0,-4.0,-28.0
1776887831.794103,-1.0,-5.0,-37.0
1776887831.804103,1.0,-3.0,-35.0
1776887831.8141026,1.0,-4.0,-34.0
1776887831.8241026,2.0,-5.0,-35.0
1776887831.8341026,0.0,0.0,-30.0
1776887831.8441026,2.0,-2.0,-29.0
1776887831.8541028,1.0,-3.0,-35.0
1776887831.8641028,1.0,-7.0,-33.0
1776887831.8741028,5.0,-5.0,-37.0
1776887831.8841028,1.0,-6.0,-41.0
1776887831.8941028,4.0,-5.0,-46.0
1776887831.9041028,5.0,-2.0,-43.0
1776887831.9141028,4.0,-1.0,-43.0
1776887831.9241028,1.0,1.0,-41.0
1776887831.9341028,6.0,1.0,-41.0
1776887831.9441028,7.0,3.0,-40.0
1776887831.9541028,7.0,2.0,-44.0
1776887831.9641027,3.0,5.0,-42.0
1776887831.9741027,3.0,1.0,-39.0
1776887831.9841027,4.0,2.0,-31.0
1776887831.9941027,0.0,0.0,-25.0
1776887832.0041027,0.0,0.0,-27.0
1776887832.0141027,2.0,0.0,-28.0
1776887832.0241027,0.0,2.0,-32.0
1776887832.034103,0.0,0.0,-33.0
1776887832.044103,1.0,-2.0,-37.0
1776887832.054103,2.0,-1.0,-41.0
1776887832.0641026,0.0,-3.0,-40.0
1776887832.0741026,0.0,-1.0,-39.0
1776887832.0841026,2.0,-3.0,-41.0
1776887832.0941026,3.0,-1.0,-42.0
1776887832.1041028,2.0,-1.0,-38.0
1776887832.1141028,0.0,-2.0,-38.0
1776887832.1241028,-5.0,-2.0,-43.0
1776887832.1341028,-4.0,-5.0,-34.0
1776887832.1441028,-3.0,-4.0,-39.0
1776887832.1541028,0.0,-5.0,-37.0
1776887832.1641028,0.0,-4.0,-36.0
1776887832.1741028,2.0,-1.0,-36.0
1776887832.1841028,7.0,-4.0,-34.0
1776887832.1941028,6.0,-1.0,-34.0
1776887832.2041028,6.0,3.0,-24.0
1776887832.2141027,7.0,0.0,-25.0
1776887832.2241027,4.0,-3.0,-24.0
1776887832.2341027,2.0,-4.0,-28.0
1776887832.2441027,-1.0,-6.0,-27.0
1776887832.2541027,0.0,-6.0,-36.0
1776887832.2641027,2.0,-3.0,-40.0
1776887832.2741027,5.0,-4.0,-47.0
1776887832.284103,4.0,-1.0,-51.0
1776887832.294103,4.0,1.0,-53.0
1776887832.304103,2.0,0.0,-51.0
1776887832.3151028,0.0,-4.0,-52.0
1776887832.3251028,3.0,-6.0,-46.0
1776887832.3351028,8.0,-8.0,-43.0
1776887832.3451028,7.0,-5.0,-44.0
1776887832.3551028,4.0,-4.0,-44.0
1776887832.3651028,3.0,-5.0,-42.0
1776887832.3751028,0.0,-8.0,-42.0
1776887832.3851027,-5.0,-12.0,-39.0
1776887832.3951027,-10.0,-10.0,-30.0
1776887832.4051027,-7.0,-11.0,-31.0
1776887832.4151027,-4.0,-8.0,-31.0
1776887832.4251027,-2.0,-7.0,-30.0
1776887832.4351027,-1.0,-3.0,-36.0
1776887832.4451027,-4.0,0.0,-42.0
1776887832.4551027,-7.0,1.0,-44.0
1776887832.465103,-9.0,0.0,-39.0
1776887832.475103,-8.0,1.0,-31.0
1776887832.485103,-6.0,0.0,-28.0
1776887832.4951026,-2.0,-3.0,-35.0
1776887832.5051026,-1.0,1.0,-35.0
1776887832.5151026,3.0,6.0,-39.0
1776887832.5251029,6.0,3.0,-33.0
1776887832.5351028,5.0,0.0,-38.0
1776887832.5451028,5.0,2.0,-38.0
1776887832.5551028,2.0,2.0,-37.0
1776887832.5651028,0.0,0.0,-36.0
1776887832.5751028,0.0,4.0,-40.0
1776887832.5851028,0.0,4.0,-36.0
1776887832.5951028,0.0,-2.0,-41.0
1776887832.6051028,1.0,-2.0,-35.0
1776887832.6151028,-4.0,0.0,-30.0
1776887832.6251028,-1.0,-3.0,-34.0
1776887832.6351027,-1.0,-3.0,-31.0
1776887832.6451027,-1.0,-3.0,-37.0
1776887832.6551027,-2.0,-1.0,-39.0
1776887832.6651027,0.0,0.0,-35.0
1776887832.6751027,0.0,-2.0,-32.0
1776887832.6851027,0.0,-3.0,-26.0
1776887832.6951027,-1.0,-1.0,-27.0
1776887832.7051027,7.0,-1.0,-32.0
1776887832.715103,4.0,-2.0,-28.0
1776887832.725103,0.0,-2.0,-29.0
1776887832.735103,0.0,-2.0,-30.0
1776887832.7451026,2.0,1.0,-33.0
1776887832.7551026,3.0,1.0,-30.0
1776887832.7651026,0.0,3.0,-28.0
1776887832.7751029,4.0,5.0,-26.0
1776887832.7851028,2.0,9.0,-29.0
1776887832.7951028,-2.0,6.0,-31.0
1776887832.8051028,-4.0,6.0,-27.0
1776887832.8151028,-5.0,2.0,-33.0
1776887832.8251028,-3.0,-1.0,-41.0
1776887832.8351028,-1.0,-1.0,-45.0
1776887832.8451028,4.0,-4.0,-38.0
1776887832.8551028,2.0,-1.0,-41.0
1776887832.8651028,0.0,1.0,-44.0
1776887832.8751028,0.0,-1.0,-44.0
1776887832.8851027,1.0,-3.0,-48.0
1776887832.8951027,-1.0,-2.0,-43.0
1776887832.9051027,0.0,-1.0,-47.0
1776887832.9151027,2.0,-2.0,-50.0
1776887832.9251027,2.0,-4.0,-49.0
1776887832.9351027,1.0,-5.0,-44.0
1776887832.9451027,5.0,-6.0,-36.0
1776887832.9551027,8.0,-11.0,-39.0
1776887832.965103,9.0,-6.0,-35.0
1776887832.975103,9.0,-5.0,-34.0
1776887832.985103,3.0,-4.0,-32.0
1776887832.9951026,0.0,-4.0,-30.0
1776887833.0051026,4.0,-5.0,-34.0
1776887833.0151026,4.0,-1.0,-32.0
1776887833.0251029,4.0,0.0,-28.0
1776887833.0351028,2.0,0.0,-31.0
1776887833.0451028,0.0,3.0,-33.0
1776887833.0551028,1.0,1.0,-32.0
1776887833.0651028,0.0,4.0,-32.0
1776887833.0751028,4.0,1.0,-28.0
1776887833.0851028,1.0,0.0,-31.0
1776887833.0951028,-1.0,3.0,-31.0
1776887833.1051028,0.0,1.0,-28.0
1776887833.1151028,0.0,0.0,-29.0
1776887833.1251028,4.0,3.0,-27.0
1776887833.1351027,0.0,1.0,-29.0
1776887833.1451027,-3.0,-1.0,-31.0
1776887833.1551027,0.0,-2.0,-33.0
1776887833.1651027,1.0,-4.0,-35.0
1776887833.1751027,0.0,-3.0,-34.0
1776887833.1851027,-5.0,0.0,-32.0
1776887833.1951027,-6.0,1.0,-37.0
1776887833.2051027,-5.0,0.0,-33.0
1776887833.215103,-2.0,-1.0,-31.0
1776887833.225103,-9.0,3.0,-34.0
1776887833.235103,-7.0,3.0,-30.0
1776887833.2451026,-6.0,-1.0,-33.0
1776887833.2551026,0.0,-3.0,-31.0
1776887833.2661028,0.0,-4.0,-26.0
1776887833.2751029,0.0,-4.0,-33.0
1776887833.2851028,-2.0,4.0,-35.0
1776887833.2951028,-8.0,4.0,-42.0
1776887833.3051028,-1.0,4.0,-40.0
1776887833.3151028,1.0,6.0,-36.0
1776887833.3251028,-2.0,3.0,-33.0
1776887833.3351028,-5.0,6.0,-34.0
1776887833.3451028,-5.0,7.0,-34.0
1776887833.3551028,-4.0,2.0,-29.0
1776887833.3651028,-2.0,1.0,-35.0
1776887833.3751028,-4.0,0.0,-38.0
1776887833.3851027,-3.0,0.0,-36.0
1776887833.3951027,-1.0,-2.0,-33.0
1776887833.4051027,6.0,0.0,-29.0
1776887833.4151027,3.0,-1.0,-24.0
1776887833.4251027,1.0,-1.0,-21.0
1776887833.4351027,0.0,1.0,-28.0
1776887833.4451027,1.0,0.0,-33.0
1776887833.4551027,-2.0,-3.0,-36.0
1776887833.465103,-4.0,-6.0,-35.0
1776887833.475103,-3.0,-2.0,-31.0
1776887833.485103,0.0,0.0,-30.0
1776887833.4951026,7.0,0.0,-36.0
1776887833.5051026,10.0,3.0,-37.0
1776887833.5151026,14.0,3.0,-33.0
1776887833.5251029,12.0,0.0,-33.0
1776887833.5351028,8.0,0.0,-35.0
1776887833.5451028,7.0,0.0,-32.0
1776887833.5551028,5.0,-1.0,-35.0
1776887833.5651028,6.0,1.0,-34.0
1776887833.5751028,8.0,2.0,-39.0
1776887833.5851028,8.0,3.0,-37.0
1776887833.5951028,5.0,0.0,-31.0
1776887833.6051028,0.0,0.0,-32.0
1776887833.6151028,1.0,1.0,-33.0
1776887833.6251028,3.0,8.0,-33.0
1776887833.6351027,-2.0,6.0,-27.0
1776887833.6451027,-4.0,9.0,-26.0
1776887833.6551027,-3.0,9.0,-24.0
1776887833.6651027,-3.0,8.0,-30.0
1776887833.6751027,-4.0,5.0,-39.0
1776887833.6851027,-9.0,0.0,-44.0
1776887833.6951027,-8.0,0.0,-42.0
1776887833.7051027,-7.0,1.0,-35.0
1776887833.715103,-4.0,4.0,-33.0
1776887833.725103,1.0,0.0,-31.0
1776887833.735103,0.0,1.0,-29.0
1776887833.7451026,-1.0,-2.0,-28.0
1776887833.7551026,1.0,0.0,-32.0
1776887833.7651026,0.0,0.0,-29.0
1776887833.7751029,-1.0,2.0,-31.0
1776887833.7851028,3.0,3.0,-36.0
1776887833.7951028,0.0,4.0,-37.0
1776887833.8051028,-1.0,8.0,-36.0
1776887833.8151028,1.0,3.0,-35.0
1776887833.8251028,1.0,2.0,-34.0
1776887833.8351028,1.0,0.0,-32.0
1776887833.8451028,-1.0,0.0,-34.0
1776887833.8551028,0.0,-2.0,-35.0
1776887833.8651028,-3.0,-1.0,-42.0
1776887833.8751028,1.0,-4.0,-42.0
1776887833.8851027,1.0,-2.0,-38.0
1776887833.8951027,-1.0,-1.0,-43.0
1776887833.9051027,-3.0,0.0,-36.0
1776887833.9151027,0.0,-1.0,-41.0
1776887833.9251027,-1.0,2.0,-37.0
1776887833.9351027,-1.0,5.0,-36.0
1776887833.9451027,0.0,5.0,-35.0
1776887833.9551027,0.0,2.0,-39.0
1776887833.965103,-2.0,2.0,-35.0
1776887833.975103,0.0,4.0,-35.0
1776887833.985103,-7.0,0.0,-36.0
1776887833.9951026,-3.0,0.0,-35.0
1776887834.0051026,-3.0,0.0,-39.0
1776887834.0151026,0.0,0.0,-43.0
1776887834.0251029,1.0,-1.0,-42.0
1776887834.0351028,5.0,-1.0,-37.0
1776887834.0451028,13.0,-4.0,-35.0
1776887834.0551028,18.0,-7.0,-34.0
1776887834.0651028,16.0,-7.0,-33.0
1776887834.0751028,11.0,-7.0,-31.0
1776887834.0851028,4.0,-6.0,-34.0
1776887834.0951028,1.0,-5.0,-36.0
1776887834.1051028,2.0,-4.0,-32.0
1776887834.1151028,3.0,-3.0,-33.0
1776887834.1251028,0.0,-2.0,-28.0
1776887834.1351027,-2.0,2.0,-29.0
1776887834.1451027,0.0,0.0,-28.0
1776887834.1551027,1.0,-1.0,-37.0
1776887834.1651027,0.0,0.0,-37.0
1776887834.1751027,-6.0,-1.0,-36.0
1776887834.1851027,-3.0,1.0,-33.0
1776887834.1951027,-4.0,2.0,-32.0
1776887834.2051027,0.0,-1.0,-33.0
1776887834.215103,0.0,0.0,-27.0
1776887834.225103,5.0,0.0,-25.0
1776887834.235103,2.0,0.0,-26.0
1776887834.2451026,8.0,-1.0,-26.0
1776887834.2551026,11.0,-2.0,-27.0
1776887834.2651026,7.0,1.0,-34.0
1776887834.2751029,6.0,0.0,-38.0
1776887834.2851028,3.0,1.0,-46.0
1776887834.2961028,3.0,3.0,-47.0
1776887834.3051028,4.0,1.0,-48.0
1776887834.3161027,5.0,-4.0,-49.0
1776887834.3261027,3.0,-4.0,-51.0
1776887834.3361027,-1.0,-2.0,-44.0
1776887834.3461027,-1.0,-2.0,-43.0
1776887834.3561027,0.0,-2.0,-40.0
1776887834.3661027,1.0,-3.0,-45.0
1776887834.3761027,0.0,1.0,-48.0
1776887834.386103,0.0,4.0,-43.0
1776887834.396103,-5.0,3.0,-49.0
1776887834.406103,-5.0,-1.0,-47.0
1776887834.4161026,-5.0,-2.0,-41.0
1776887834.4261026,-9.0,-2.0,-41.0
1776887834.4361026,-9.0,-2.0,-41.0
1776887834.4461029,-7.0,-3.0,-33.0
1776887834.4561028,-5.0,-3.0,-37.0
1776887834.4661028,-1.0,1.0,-41.0
1776887834.4761028,-4.0,2.0,-41.0
1776887834.4861028,0.0,2.0,-38.0
1776887834.4961028,-3.0,0.0,-33.0
1776887834.5061028,-3.0,0.0,-28.0
1776887834.5161028,0.0,-1.0,-33.0
1776887834.5261028,1.0,-1.0,-31.0
1776887834.5361028,4.0,-4.0,-22.0
1776887834.5461028,2.0,-5.0,-26.0
1776887834.5561028,-3.0,0.0,-25.0
1776887834.5661027,0.0,2.0,-24.0
1776887834.5761027,-1.0,2.0,-25.0
1776887834.5861027,1.0,1.0,-34.0
1776887834.5961027,4.0,5.0,-31.0
1776887834.6061027,0.0,7.0,-38.0
1776887834.6161027,1.0,4.0,-42.0
1776887834.6261027,0.0,4.0,-39.0
1776887834.636103,0.0,2.0,-35.0
1776887834.646103,6.0,-1.0,-31.0
1776887834.656103,6.0,-4.0,-36.0
1776887834.6661026,4.0,-1.0,-34.0
1776887834.6761026,0.0,-1.0,-33.0
1776887834.6861026,-4.0,-3.0,-37.0
1776887834.6961029,0.0,0.0,-34.0
1776887834.7061028,-1.0,-3.0,-37.0
1776887834.7161028,-2.0,-2.0,-33.0
1776887834.7261028,0.0,-2.0,-35.0
1776887834.7361028,-3.0,-4.0,-30.0
1776887834.7461028,-1.0,-4.0,-37.0
1776887834.7561028,4.0,-3.0,-40.0
1776887834.7661028,3.0,0.0,-51.0
1776887834.7761028,2.0,2.0,-45.0
1776887834.7861028,3.0,0.0,-46.0
1776887834.7961028,1.0,-1.0,-42.0
1776887834.8061028,-3.0,-5.0,-40.0
1776887834.8161027,-3.0,-6.0,-40.0
1776887834.8261027,-5.0,-5.0,-44.0
1776887834.8361027,-3.0,-2.0,-51.0
1776887834.8461027,-4.0,0.0,-44.0
1776887834.8561027,-4.0,2.0,-46.0
1776887834.8661027,-1.0,4.0,-41.0
1776887834.8761027,0.0,0.0,-41.0
1776887834.886103,-4.0,-1.0,-40.0
1776887834.896103,-5.0,-2.0,-42.0
1776887834.906103,-3.0,1.0,-38.0
1776887834.9161026,-1.0,-1.0,-38.0
1776887834.9261026,1.0,-2.0,-38.0
1776887834.9361026,2.0,-6.0,-42.0
1776887834.9461029,0.0,-6.0,-43.0
1776887834.9561028,1.0,-2.0,-38.0
1776887834.9661028,0.0,-2.0,-36.0
1776887834.9761028,0.0,-3.0,-36.0
1776887834.9861028,4.0,-3.0,-37.0
1776887834.9961028,3.0,0.0,-39.0
1776887835.0061028,3.0,1.0,-35.0
1776887835.0161028,1.0,1.0,-36.0
1776887835.0261028,1.0,2.0,-45.0
1776887835.0361028,1.0,2.0,-40.0
1776887835.0461028,4.0,0.0,-44.0
1776887835.0561028,3.0,-4.0,-45.0
1776887835.0661027,1.0,-1.0,-47.0
1776887835.0761027,3.0,1.0,-38.0
1776887835.0861027,3.0,0.0,-45.0
1776887835.0961027,6.0,-2.0,-49.0
1776887835.1061027,5.0,0.0,-51.0
1776887835.1161027,-1.0,3.0,-45.0
1776887835.1261027,1.0,3.0,-40.0
1776887835.136103,1.0,1.0,-39.0
1776887835.146103,0.0,-4.0,-31.0
1776887835.156103,-2.0,-5.0,-34.0
1776887835.1661026,-1.0,-2.0,-34.0
1776887835.1761026,-1.0,0.0,-37.0
1776887835.1861026,-3.0,4.0,-42.0
1776887835.1961029,0.0,4.0,-42.0
1776887835.2061028,0.0,2.0,-40.0
1776887835.2161028,0.0,2.0,-44.0
1776887835.2261028,-1.0,3.0,-46.0
1776887835.2361028,-2.0,2.0,-45.0
1776887835.2461028,-8.0,0.0,-40.0
1776887835.2561028,-8.0,-4.0,-39.0
1776887835.2661028,-11.0,-4.0,-40.0
1776887835.2761028,-11.0,-1.0,-39.0
1776887835.2861028,-9.0,-1.0,-36.0
1776887835.2961028,-5.0,-2.0,-33.0
1776887835.3061028,-1.0,-2.0,-38.0
1776887835.3161027,-2.0,0.0,-40.0
1776887835.3261027,1.0,-3.0,-43.0
1776887835.3361027,0.0,-7.0,-40.0
1776887835.3461027,0.0,-3.0,-42.0
1776887835.3561027,0.0,-1.0,-41.0
1776887835.3661027,3.0,-4.0,-40.0
1776887835.3761027,1.0,-2.0,-39.0
1776887835.386103,3.0,-5.0,-35.0
1776887835.396103,5.0,-5.0,-35.0
1776887835.406103,6.0,-9.0,-36.0
1776887835.4161026,-3.0,-7.0,-41.0
1776887835.4261026,-5.0,-7.0,-36.0
1776887835.4361026,-6.0,-4.0,-37.0
1776887835.4461029,-6.0,-2.0,-36.0
1776887835.4561028,-6.0,0.0,-34.0
1776887835.4661028,-6.0,1.0,-39.0
1776887835.4761028,-6.0,2.0,-42.0
1776887835.4861028,-4.0,4.0,-38.0
1776887835.4961028,-2.0,5.0,-28.0
1776887835.5061028,-1.0,0.0,-33.0
1776887835.5161028,2.0,-1.0,-36.0
1776887835.5261028,0.0,-3.0,-31.0
1776887835.5361028,4.0,0.0,-32.0
1776887835.5461028,7.0,3.0,-31.0
1776887835.5561028,6.0,1.0,-38.0
1776887835.5661027,5.0,2.0,-40.0
1776887835.5761027,2.0,1.0,-41.0
1776887835.5861027,3.0,-2.0,-40.0
1776887835.5961027,3.0,2.0,-36.0
1776887835.6061027,4.0,0.0,-43.0
1776887835.6161027,5.0,1.0,-42.0
1776887835.6261027,5.0,2.0,-40.0
1776887835.636103,3.0,-2.0,-41.0
1776887835.646103,0.0,0.0,-43.0
1776887835.656103,-1.0,3.0,-41.0
1776887835.6661026,0.0,1.0,-39.0
1776887835.6761026,2.0,1.0,-45.0
1776887835.6861026,0.0,0.0,-46.0
1776887835.6961029,2.0,3.0,-43.0
1776887835.7061028,3.0,3.0,-37.0
1776887835.7161028,3.0,0.0,-42.0
1776887835.7261028,5.0,-2.0,-43.0
1776887835.7361028,7.0,-7.0,-47.0
1776887835.7461028,5.0,-7.0,-49.0
1776887835.7561028,7.0,-7.0,-45.0
1776887835.7661028,9.0,-7.0,-44.0
1776887835.7761028,7.0,-8.0,-49.0
1776887835.7861028,3.0,-8.0,-52.0
1776887835.7961028,4.0,-7.0,-43.0
1776887835.8061028,2.0,-8.0,-42.0
1776887835.8161027,5.0,-12.0,-46.0
1776887835.8261027,2.0,-12.0,-44.0
1776887835.8361027,0.0,-8.0,-38.0
1776887835.8461027,-1.0,-7.0,-42.0
1776887835.8561027,1.0,-4.0,-39.0
1776887835.8661027,0.0,-4.0,-42.0
1776887835.8761027,3.0,-5.0,-43.0
1776887835.886103,2.0,-6.0,-33.0
1776887835.896103,1.0,-5.0,-29.0
1776887835.906103,6.0,-6.0,-31.0
1776887835.9161026,4.0,-8.0,-36.0
1776887835.9261026,-1.0,-9.0,-38.0
1776887835.9361026,2.0,-10.0,-39.0
1776887835.9461029,0.0,-8.0,-40.0
1776887835.9561028,-2.0,-5.0,-42.0
1776887835.9661028,0.0,-3.0,-38.0
1776887835.9761028,0.0,-1.0,-30.0
1776887835.9861028,-4.0,-3.0,-36.0
1776887835.9961028,-2.0,-4.0,-43.0
1776887836.0061028,-2.0,-1.0,-40.0
1776887836.0161028,1.0,0.0,-41.0
1776887836.0261028,0.0,0.0,-34.0
1776887836.0361028,0.0,1.0,-34.0
1776887836.0461028,1.0,10.0,-42.0
1776887836.0561028,2.0,10.0,-45.0
1776887836.0661027,-3.0,7.0,-48.0
1776887836.0761027,-1.0,8.0,-47.0
1776887836.0861027,-9.0,3.0,-44.0
1776887836.0961027,-8.0,3.0,-39.0
1776887836.1061027,-6.0,3.0,-45.0
1776887836.1161027,-6.0,-2.0,-45.0
1776887836.1261027,-4.0,0.0,-43.0
1776887836.136103,2.0,-1.0,-36.0
1776887836.146103,4.0,-3.0,-44.0
1776887836.156103,6.0,-2.0,-41.0
1776887836.1661026,0.0,-1.0,-34.0
1776887836.1761026,1.0,3.0,-35.0
1776887836.1861026,1.0,4.0,-33.0
1776887836.1961029,0.0,6.0,-33.0
1776887836.2061028,-2.0,4.0,-28.0
1776887836.2161028,-4.0,2.0,-32.0
1776887836.2261028,-2.0,4.0,-37.0
1776887836.2361028,-2.0,5.0,-33.0
1776887836.2461028,2.0,9.0,-26.0
1776887836.2561028,4.0,7.0,-20.0
1776887836.2661028,-1.0,11.0,-22.0
1776887836.2761028,-6.0,8.0,-23.0
1776887836.2861028,-7.0,2.0,-23.0
1776887836.2961028,-7.0,0.0,-25.0
1776887836.3061028,-3.0,2.0,-25.0
1776887836.3161027,-1.0,-3.0,-32.0
1776887836.327103,3.0,-3.0,-42.0
1776887836.337103,6.0,-5.0,-48.0
1776887836.3471026,8.0,-6.0,-44.0
1776887836.3571026,8.0,-3.0,-42.0
1776887836.3661027,9.0,-5.0,-37.0
1776887836.3771029,7.0,-8.0,-34.0
1776887836.3871028,3.0,-7.0,-28.0
1776887836.3971028,3.0,-5.0,-32.0
1776887836.4071028,5.0,-3.0,-29.0
1776887836.4171028,4.0,-2.0,-33.0
1776887836.4271028,3.0,0.0,-36.0
1776887836.4371028,5.0,2.0,-33.0
1776887836.4471028,3.0,2.0,-24.0
1776887836.4571028,3.0,2.0,-23.0
1776887836.4671028,0.0,1.0,-30.0
1776887836.4771028,1.0,-1.0,-29.0
1776887836.4871027,5.0,-3.0,-37.0
1776887836.4971027,4.0,-2.0,-38.0
1776887836.5071027,1.0,-4.0,-39.0
1776887836.5171027,1.0,-7.0,-37.0
1776887836.5271027,2.0,-10.0,-39.0
1776887836.5371027,0.0,-8.0,-41.0
1776887836.5471027,8.0,-5.0,-38.0
1776887836.557103,4.0,-2.0,-33.0
1776887836.567103,4.0,-1.0,-30.0
1776887836.577103,7.0,0.0,-32.0
1776887836.587103,5.0,2.0,-29.0
1776887836.5971026,2.0,0.0,-29.0
1776887836.6071026,4.0,-3.0,-28.0
1776887836.6171026,3.0,-1.0,-29.0
1776887836.6271029,1.0,0.0,-31.0
1776887836.6371028,2.0,-3.0,-32.0
1776887836.6471028,2.0,-5.0,-31.0
1776887836.6571028,5.0,-6.0,-29.0
1776887836.6671028,4.0,-8.0,-30.0
1776887836.6771028,-1.0,-3.0,-34.0
1776887836.6871028,0.0,-2.0,-29.0
1776887836.6971028,0.0,-3.0,-32.0
1776887836.7071028,-1.0,-2.0,-34.0
1776887836.7171028,1.0,0.0,-33.0
1776887836.7271028,0.0,1.0,-36.0
1776887836.7371027,3.0,0.0,-31.0
1776887836.7471027,6.0,0.0,-21.0
1776887836.7571027,3.0,1.0,-29.0
1776887836.7671027,0.0,0.0,-34.0
1776887836.7771027,3.0,-5.0,-38.0
1776887836.7871027,6.0,-5.0,-39.0
1776887836.7971027,2.0,-3.0,-44.0
1776887836.807103,1.0,-5.0,-42.0
1776887836.817103,3.0,-6.0,-39.0
1776887836.827103,3.0,-6.0,-40.0
1776887836.837103,-3.0,-3.0,-39.0
1776887836.8471026,-3.0,-4.0,-39.0
1776887836.8571026,-2.0,-5.0,-36.0
1776887836.8671026,-4.0,-1.0,-36.0
1776887836.8771029,-1.0,-3.0,-33.0
1776887836.8871028,-4.0,-2.0,-35.0
1776887836.8971028,-1.0,0.0,-39.0
1776887836.9071028,0.0,0.0,-39.0
1776887836.9171028,-2.0,1.0,-46.0
1776887836.9271028,3.0,4.0,-42.0
1776887836.9371028,2.0,4.0,-50.0
1776887836.9471028,1.0,3.0,-48.0
1776887836.9571028,2.0,2.0,-41.0
1776887836.9671028,2.0,4.0,-38.0
1776887836.9771028,7.0,0.0,-47.0
1776887836.9871027,6.0,0.0,-47.0
1776887836.9971027,6.0,1.0,-48.0
1776887837.0071027,8.0,4.0,-50.0
1776887837.0171027,9.0,2.0,-51.0
1776887837.0271027,11.0,0.0,-52.0
1776887837.0371027,6.0,0.0,-53.0
1776887837.0471027,5.0,-4.0,-48.0
1776887837.057103,6.0,-2.0,-48.0
1776887837.067103,3.0,-3.0,-50.0
1776887837.077103,-1.0,-7.0,-46.0
1776887837.087103,0.0,-3.0,-37.0
1776887837.0971026,-5.0,-1.0,-39.0
1776887837.1071026,-1.0,1.0,-38.0
1776887837.1171026,0.0,2.0,-37.0
1776887837.1271029,2.0,1.0,-38.0
1776887837.1371028,1.0,0.0,-41.0
1776887837.1471028,1.0,0.0,-38.0
1776887837.1571028,-1.0,0.0,-38.0
1776887837.1671028,-6.0,0.0,-41.0
1776887837.1771028,-2.0,3.0,-42.0
1776887837.1871028,-1.0,4.0,-41.0
1776887837.1971028,-3.0,4.0,-39.0
1776887837.2071028,-6.0,0.0,-34.0
1776887837.2171028,-1.0,0.0,-36.0
1776887837.2271028,-3.0,-1.0,-33.0
1776887837.2371027,-1.0,-2.0,-35.0
1776887837.2471027,0.0,-1.0,-36.0
1776887837.2571027,-5.0,1.0,-33.0
1776887837.2671027,-2.0,1.0,-31.0
1776887837.2771027,4.0,1.0,-33.0
1776887837.2871027,2.0,4.0,-29.0
1776887837.2971027,1.0,8.0,-29.0
1776887837.307103,3.0,7.0,-31.0
1776887837.317103,0.0,3.0,-29.0
1776887837.327103,3.0,0.0,-28.0
1776887837.337103,4.0,1.0,-31.0
1776887837.3471026,5.0,-1.0,-36.0
1776887837.3571026,0.0,-3.0,-38.0
1776887837.3671026,-1.0,-3.0,-34.0
1776887837.3771029,0.0,-1.0,-28.0
1776887837.3871028,0.0,-1.0,-33.0
1776887837.3971028,0.0,0.0,-32.0
1776887837.4071028,0.0,-1.0,-30.0
1776887837.4171028,0.0,0.0,-31.0
1776887837.4271028,0.0,-2.0,-37.0
1776887837.4371028,2.0,-5.0,-38.0
1776887837.4471028,0.0,-6.0,-35.0
1776887837.4571028,-3.0,-3.0,-37.0
1776887837.4671028,-3.0,-1.0,-38.0
1776887837.4771028,-2.0,0.0,-32.0
1776887837.4871027,-1.0,-1.0,-34.0
1776887837.4971027,-3.0,0.0,-37.0
1776887837.5071027,-2.0,0.0,-36.0
1776887837.5171027,-1.0,-1.0,-33.0
1776887837.5271027,-1.0,-5.0,-36.0
1776887837.5371027,3.0,-6.0,-37.0
1776887837.5471027,2.0,-4.0,-37.0
1776887837.557103,6.0,-3.0,-30.0
1776887837.567103,9.0,-3.0,-30.0
1776887837.577103,7.0,-3.0,-32.0
1776887837.587103,4.0,-1.0,-40.0
1776887837.5971026,4.0,5.0,-40.0
1776887837.6071026,3.0,0.0,-32.0
1776887837.6171026,2.0,0.0,-27.0
1776887837.6271029,0.0,0.0,-27.0
1776887837.6371028,1.0,3.0,-30.0
1776887837.6471028,0.0,3.0,-34.0
1776887837.6571028,1.0,1.0,-31.0
1776887837.6671028,2.0,0.0,-35.0
1776887837.6771028,4.0,0.0,-38.0
1776887837.6871028,4.0,-2.0,-40.0
1776887837.6971028,4.0,0.0,-38.0
1776887837.7071028,3.0,-1.0,-34.0
1776887837.7171028,4.0,0.0,-32.0
1776887837.7271028,0.0,0.0,-38.0
1776887837.7371027,-3.0,0.0,-36.0
1776887837.7471027,3.0,-2.0,-37.0
1776887837.7571027,4.0,-3.0,-39.0
1776887837.7671027,3.0,0.0,-32.0
1776887837.7771027,4.0,2.0,-27.0
1776887837.7871027,0.0,1.0,-32.0
1776887837.7971027,3.0,-2.0,-33.0
1776887837.807103,2.0,-5.0,-35.0
1776887837.817103,-3.0,-1.0,-44.0
1776887837.827103,-5.0,0.0,-43.0
1776887837.837103,-5.0,1.0,-41.0
1776887837.8471026,-8.0,1.0,-42.0
1776887837.8571026,-5.0,4.0,-39.0
1776887837.8671026,-3.0,3.0,-42.0
1776887837.8771029,0.0,6.0,-40.0
1776887837.8871028,0.0,6.0,-39.0
1776887837.8971028,0.0,7.0,-36.0
1776887837.9071028,0.0,2.0,-35.0
1776887837.9171028,0.0,1.0,-41.0
1776887837.9271028,3.0,0.0,-42.0
1776887837.9371028,6.0,0.0,-44.0
1776887837.9471028,9.0,1.0,-40.0
1776887837.9571028,8.0,3.0,-43.0
1776887837.9671028,4.0,10.0,-38.0
1776887837.9771028,4.0,10.0,-42.0
1776887837.9871027,8.0,6.0,-36.0
1776887837.9971027,9.0,5.0,-39.0
1776887838.0071027,9.0,6.0,-40.0
1776887838.0171027,5.0,4.0,-42.0
1776887838.0271027,4.0,2.0,-43.0
1776887838.0371027,8.0,4.0,-47.0
1776887838.0471027,5.0,2.0,-44.0
1776887838.057103,6.0,2.0,-47.0
1776887838.067103,5.0,0.0,-45.0
1776887838.077103,4.0,0.0,-42.0
1776887838.087103,-2.0,3.0,-39.0
1776887838.0971026,-4.0,5.0,-38.0
1776887838.1071026,-2.0,5.0,-32.0
1776887838.1171026,-3.0,3.0,-28.0
1776887838.1271029,-5.0,8.0,-24.0
1776887838.1371028,-8.0,5.0,-23.0
1776887838.1471028,-7.0,3.0,-27.0
1776887838.1571028,-6.0,0.0,-27.0
1776887838.1671028,-4.0,0.0,-23.0
1776887838.1771028,0.0,2.0,-21.0
1776887838.1871028,1.0,2.0,-25.0
1776887838.1971028,-1.0,-1.0,-31.0
1776887838.2071028,-1.0,-3.0,-33.0
1776887838.2171028,-2.0,-3.0,-37.0
1776887838.2271028,-5.0,-6.0,-36.0
1776887838.2371027,0.0,-7.0,-41.0
1776887838.2471027,0.0,-3.0,-45.0
1776887838.2571027,1.0,0.0,-40.0
1776887838.2671027,1.0,-1.0,-47.0
1776887838.2771027,4.0,0.0,-46.0
1776887838.2871027,6.0,2.0,-42.0
1776887838.2971027,9.0,0.0,-36.0
1776887838.307103,6.0,-2.0,-35.0
1776887838.317103,6.0,-2.0,-36.0
1776887838.3281028,4.0,-2.0,-35.0
1776887838.3381028,1.0,0.0,-38.0
1776887838.3481028,5.0,-1.0,-50.0
1776887838.3581028,4.0,-4.0,-39.0
1776887838.3681028,5.0,-4.0,-44.0
1776887838.3781028,5.0,-4.0,-43.0
1776887838.3881028,2.0,-3.0,-42.0
1776887838.3981028,2.0,-3.0,-36.0
1776887838.4081028,0.0,-2.0,-36.0
1776887838.4181027,1.0,-1.0,-28.0
1776887838.4281027,4.0,3.0,-30.0
1776887838.4381027,4.0,3.0,-32.0
1776887838.4481027,0.0,-2.0,-34.0
1776887838.4581027,-2.0,-5.0,-28.0
1776887838.4681027,-2.0,-8.0,-35.0
1776887838.4781027,-4.0,-8.0,-39.0
1776887838.488103,-3.0,-6.0,-40.0
1776887838.498103,-7.0,0.0,-40.0
1776887838.508103,-10.0,1.0,-37.0
1776887838.5181026,-11.0,3.0,-37.0
1776887838.5281026,-11.0,-1.0,-41.0
1776887838.5381026,-10.0,0.0,-36.0
1776887838.5481029,-4.0,0.0,-33.0
1776887838.5581028,-4.0,0.0,-34.0
1776887838.5681028,-4.0,0.0,-30.0
1776887838.5781028,-1.0,-1.0,-29.0
1776887838.5881028,-1.0,-6.0,-30.0
1776887838.5981028,0.0,-4.0,-24.0
1776887838.6081028,0.0,-5.0,-26.0
1776887838.6181028,0.0,-3.0,-35.0
1776887838.6281028,0.0,-3.0,-31.0
1776887838.6381028,-1.0,-3.0,-40.0
1776887838.6481028,2.0,-1.0,-38.0
1776887838.6581028,2.0,0.0,-38.0
1776887838.6681027,3.0,-1.0,-38.0
1776887838.6781027,3.0,-3.0,-43.0
1776887838.6881027,4.0,-2.0,-48.0
1776887838.6981027,1.0,0.0,-40.0
1776887838.7081027,0.0,0.0,-40.0
1776887838.7181027,-1.0,0.0,-36.0
1776887838.7281027,1.0,-2.0,-41.0
1776887838.738103,0.0,-4.0,-39.0
1776887838.748103,-1.0,-7.0,-44.0
1776887838.758103,0.0,-7.0,-38.0
1776887838.7681026,1.0,-7.0,-30.0
1776887838.7781026,0.0,-9.0,-32.0
1776887838.7881026,-8.0,-8.0,-30.0
1776887838.7981029,-7.0,-5.0,-30.0
1776887838.8081028,-5.0,-6.0,-34.0
1776887838.8181028,-1.0,-8.0,-33.0
1776887838.8281028,0.0,-7.0,-34.0
1776887838.8381028,4.0,-3.0,-32.0
1776887838.8481028,2.0,-1.0,-31.0
1776887838.8581028,2.0,0.0,-39.0
1776887838.8681028,1.0,1.0,-41.0
1776887838.8781028,5.0,2.0,-35.0
1776887838.8881028,2.0,2.0,-31.0
1776887838.8981028,4.0,3.0,-40.0
1776887838.9081028,6.0,4.0,-39.0
1776887838.9181027,3.0,2.0,-35.0
1776887838.9281027,0.0,0.0,-36.0
1776887838.9381027,-1.0,0.0,-40.0
1776887838.9481027,0.0,0.0,-34.0
1776887838.9581027,4.0,-1.0,-32.0
1776887838.9681027,6.0,-3.0,-34.0
1776887838.9781027,4.0,-2.0,-34.0
1776887838.988103,3.0,4.0,-30.0
1776887838.998103,0.0,4.0,-30.0
1776887839.008103,2.0,3.0,-30.0
1776887839.0181026,-1.0,2.0,-31.0
1776887839.0281026,-2.0,5.0,-36.0
1776887839.0381026,-5.0,0.0,-32.0
1776887839.0481029,0.0,2.0,-33.0
1776887839.0581028,4.0,2.0,-36.0
1776887839.0681028,7.0,1.0,-36.0
1776887839.0781028,6.0,0.0,-37.0
1776887839.0881028,2.0,1.0,-44.0
1776887839.0981028,-2.0,1.0,-40.0
1776887839.1081028,-4.0,0.0,-43.0
1776887839.1181028,0.0,-2.0,-36.0
1776887839.1281028,0.0,-5.0,-38.0
1776887839.1381028,4.0,-7.0,-35.0
1776887839.1481028,2.0,-6.0,-32.0
1776887839.1581028,7.0,-9.0,-38.0
1776887839.1681027,4.0,-8.0,-36.0
1776887839.1781027,2.0,-6.0,-33.0
1776887839.1881027,3.0,-6.0,-33.0
1776887839.1981027,4.0,0.0,-28.0
1776887839.2081027,4.0,-4.0,-17.0
1776887839.2181027,0.0,-5.0,-13.0
1776887839.2281027,0.0,-6.0,-15.0
1776887839.238103,0.0,0.0,-17.0
1776887839.248103,-1.0,2.0,-25.0
1776887839.258103,0.0,1.0,-30.0
1776887839.2681026,1.0,2.0,-34.0
1776887839.2781026,2.0,2.0,-34.0
1776887839.2881026,5.0,0.0,-38.0
1776887839.2981029,8.0,0.0,-41.0
1776887839.3081028,5.0,3.0,-40.0
1776887839.3181028,9.0,3.0,-36.0
1776887839.3281028,9.0,3.0,-30.0
1776887839.3381028,2.0,-1.0,-37.0
1776887839.3481028,0.0,-3.0,-40.0
1776887839.3581028,2.0,0.0,-45.0
1776887839.3681028,6.0,0.0,-45.0
1776887839.3781028,4.0,-2.0,-37.0
1776887839.3881028,6.0,0.0,-27.0
1776887839.3981028,4.0,0.0,-29.0
1776887839.4081028,3.0,0.0,-28.0
1776887839.4181027,0.0,3.0,-37.0
1776887839.4281027,-1.0,0.0,-33.0
1776887839.4381027,-1.0,0.0,-32.0
1776887839.4481027,3.0,0.0,-30.0
1776887839.4581027,0.0,0.0,-30.0
1776887839.4681027,4.0,1.0,-27.0
1776887839.4781027,1.0,0.0,-22.0
1776887839.488103,1.0,-6.0,-26.0
1776887839.498103,6.0,-5.0,-32.0
1776887839.508103,2.0,0.0,-33.0
1776887839.5181026,4.0,0.0,-31.0
1776887839.5281026,5.0,0.0,-27.0
1776887839.5381026,9.0,0.0,-34.0
1776887839.5481029,11.0,-2.0,-33.0
1776887839.5581028,10.0,0.0,-30.0
1776887839.5681028,5.0,-1.0,-23.0
1776887839.5781028,0.0,0.0,-17.0
1776887839.5881028,-1.0,2.0,-21.0
1776887839.5981028,-3.0,0.0,-26.0
1776887839.6081028,-3.0,1.0,-27.0
1776887839.6181028,-5.0,1.0,-25.0
1776887839.6281028,-4.0,0.0,-31.0
1776887839.6381028,-1.0,1.0,-37.0
1776887839.6481028,0.0,2.0,-38.0
1776887839.6581028,0.0,3.0,-32.0
1776887839.6681027,1.0,0.0,-33.0
1776887839.6781027,2.0,0.0,-33.0
1776887839.6881027,8.0,0.0,-35.0
1776887839.6981027,4.0,-2.0,-33.0
1776887839.7081027,1.0,-3.0,-41.0
1776887839.7181027,1.0,-2.0,-47.0
1776887839.7281027,2.0,-4.0,-43.0
1776887839.738103,6.0,-8.0,-38.0
1776887839.748103,3.0,-6.0,-36.0
1776887839.758103,2.0,-8.0,-31.0
1776887839.7681026,5.0,-9.0,-35.0
1776887839.7781026,5.0,-7.0,-36.0
1776887839.7881026,4.0,-5.0,-43.0
1776887839.7981029,3.0,-2.0,-43.0
1776887839.8081028,-2.0,0.0,-41.0
1776887839.8181028,-7.0,-1.0,-41.0
1776887839.8281028,-6.0,3.0,-33.0
1776887839.8381028,-2.0,2.0,-38.0
1776887839.8481028,-3.0,0.0,-38.0
1776887839.8581028,-4.0,-1.0,-30.0
1776887839.8681028,-7.0,-4.0,-31.0
1776887839.8781028,-9.0,-1.0,-29.0
1776887839.8881028,-6.0,0.0,-27.0
1776887839.8981028,-3.0,0.0,-25.0
1776887839.9081028,0.0,4.0,-34.0
1776887839.9181027,4.0,0.0,-35.0
1776887839.9281027,6.0,-3.0,-39.0
1776887839.9381027,2.0,0.0,-37.0
1776887839.9481027,-1.0,1.0,-36.0
1776887839.9581027,0.0,1.0,-43.0
1776887839.9681027,-3.0,1.0,-37.0
1776887839.9781027,-3.0,0.0,-31.0
1776887839.988103,-1.0,0.0,-33.0
1776887839.998103,-2.0,-2.0,-32.0
1776887840.008103,-1.0,-6.0,-35.0
1776887840.0181026,-1.0,-5.0,-39.0
1776887840.0281026,-1.0,-6.0,-39.0
1776887840.0381026,0.0,-7.0,-37.0
1776887840.0481029,0.0,-7.0,-35.0
1776887840.0581028,-1.0,-1.0,-39.0
1776887840.0681028,0.0,2.0,-36.0
1776887840.0781028,0.0,2.0,-37.0
1776887840.0881028,0.0,3.0,-31.0
1776887840.0981028,0.0,0.0,-36.0
1776887840.1081028,-1.0,2.0,-35.0
1776887840.1181028,1.0,0.0,-35.0
1776887840.1281028,2.0,-1.0,-38.0
1776887840.1381028,0.0,-2.0,-26.0
1776887840.1481028,2.0,-1.0,-25.0
1776887840.1581028,2.0,1.0,-27.0
1776887840.1681027,2.0,1.0,-34.0
1776887840.1781027,1.0,0.0,-34.0
1776887840.1881027,2.0,-5.0,-35.0
1776887840.1981027,-3.0,-3.0,-36.0
1776887840.2081027,-6.0,-4.0,-31.0
1776887840.2181027,-4.0,-4.0,-29.0
1776887840.2281027,-2.0,-4.0,-36.0
1776887840.238103,-2.0,0.0,-32.0
1776887840.248103,0.0,-4.0,-39.0
1776887840.258103,-3.0,-5.0,-34.0
1776887840.2681026,0.0,-9.0,-35.0
1776887840.2781026,4.0,-7.0,-33.0
1776887840.2881026,0.0,-4.0,-27.0
1776887840.2981029,0.0,-4.0,-27.0
1776887840.3091028,0.0,-1.0,-31.0
1776887840.3181028,0.0,3.0,-29.0
1776887840.3291028,-3.0,6.0,-33.0
1776887840.3391027,0.0,5.0,-34.0
1776887840.3491027,-3.0,1.0,-39.0
1776887840.3591027,-1.0,0.0,-33.0
1776887840.3691027,0.0,0.0,-35.0
1776887840.3791027,2.0,0.0,-29.0
1776887840.3891027,-5.0,-2.0,-29.0
1776887840.3991027,-6.0,-4.0,-30.0
1776887840.409103,-7.0,-9.0,-31.0
1776887840.419103,0.0,-6.0,-29.0
1776887840.429103,0.0,-8.0,-35.0
1776887840.4391026,4.0,-8.0,-40.0
1776887840.4491026,0.0,-4.0,-48.0
1776887840.4591026,-2.0,0.0,-49.0
1776887840.4691026,1.0,2.0,-45.0
1776887840.4791028,2.0,3.0,-47.0
1776887840.4891028,0.0,5.0,-47.0
1776887840.4991028,-3.0,6.0,-43.0
1776887840.5091028,0.0,9.0,-49.0
1776887840.5191028,-1.0,10.0,-50.0
1776887840.5291028,-1.0,9.0,-48.0
1776887840.5391028,3.0,6.0,-47.0
1776887840.5491028,4.0,6.0,-50.0
1776887840.5591028,3.0,3.0,-48.0
1776887840.5691028,2.0,-3.0,-40.0
1776887840.5791028,0.0,-6.0,-37.0
1776887840.5891027,-2.0,-3.0,-37.0
1776887840.5991027,-1.0,-6.0,-40.0
1776887840.6091027,-1.0,-8.0,-38.0
1776887840.6191027,-1.0,-6.0,-34.0
1776887840.6291027,-2.0,-3.0,-33.0
1776887840.6391027,-6.0,-2.0,-39.0
1776887840.6491027,-7.0,-3.0,-38.0
1776887840.659103,-6.0,-4.0,-42.0
1776887840.669103,-3.0,0.0,-46.0
1776887840.679103,-7.0,1.0,-39.0
1776887840.6891026,-10.0,4.0,-45.0
1776887840.6991026,-8.0,4.0,-39.0
1776887840.7091026,-12.0,2.0,-38.0
1776887840.7191026,-4.0,-3.0,-33.0
1776887840.7291028,0.0,-2.0,-36.0
1776887840.7391028,-6.0,0.0,-35.0
1776887840.7491028,-8.0,0.0,-33.0
1776887840.7591028,-7.0,1.0,-27.0
1776887840.7691028,-3.0,3.0,-28.0
1776887840.7791028,-3.0,2.0,-25.0
1776887840.7891028,-2.0,3.0,-23.0
1776887840.7991028,-1.0,1.0,-30.0
1776887840.8091028,1.0,0.0,-33.0
1776887840.8191028,-2.0,1.0,-38.0
1776887840.8291028,-1.0,-5.0,-41.0
1776887840.8391027,5.0,-1.0,-39.0
1776887840.8491027,0.0,-8.0,-37.0
1776887840.8591027,0.0,-8.0,-36.0
1776887840.8691027,1.0,-9.0,-36.0
1776887840.8791027,3.0,-10.0,-37.0
1776887840.8891027,5.0,-6.0,-35.0
1776887840.8991027,4.0,-1.0,-34.0
1776887840.909103,5.0,0.0,-34.0
1776887840.919103,7.0,0.0,-31.0
1776887840.929103,6.0,7.0,-34.0
1776887840.9391026,2.0,4.0,-35.0
1776887840.9491026,0.0,5.0,-34.0
1776887840.9591026,3.0,1.0,-34.0
1776887840.9691026,5.0,-3.0,-33.0
1776887840.9791028,5.0,-4.0,-31.0
1776887840.9891028,4.0,-7.0,-41.0
1776887840.9991028,7.0,-7.0,-37.0
1776887841.0091028,5.0,-8.0,-32.0
1776887841.0191028,0.0,-6.0,-30.0
1776887841.0291028,3.0,-1.0,-26.0
1776887841.0391028,1.0,0.0,-25.0
1776887841.0491028,3.0,-1.0,-21.0
1776887841.0591028,4.0,0.0,-19.0
1776887841.0691028,9.0,1.0,-19.0
1776887841.0791028,5.0,0.0,-25.0
1776887841.0891027,1.0,0.0,-36.0
1776887841.0991027,0.0,1.0,-39.0
1776887841.1091027,4.0,1.0,-40.0
1776887841.1191027,1.0,1.0,-41.0
1776887841.1291027,0.0,3.0,-38.0
1776887841.1391027,0.0,2.0,-42.0
1776887841.1491027,1.0,0.0,-46.0
1776887841.159103,1.0,0.0,-51.0
1776887841.169103,1.0,2.0,-54.0
1776887841.179103,0.0,-1.0,-60.0
1776887841.1891026,-7.0,-1.0,-58.0
1776887841.1991026,-10.0,0.0,-51.0
1776887841.2091026,-12.0,0.0,-43.0
1776887841.2191026,-9.0,1.0,-42.0
1776887841.2291028,-4.0,0.0,-48.0
1776887841.2391028,-6.0,1.0,-48.0
1776887841.2491028,-5.0,3.0,-53.0
1776887841.2591028,-5.0,3.0,-51.0
1776887841.2691028,2.0,2.0,-44.0
1776887841.2791028,2.0,-1.0,-49.0
1776887841.2891028,2.0,-5.0,-41.0
1776887841.2991028,3.0,-2.0,-35.0
1776887841.3091028,1.0,-4.0,-32.0
1776887841.3191028,0.0,-4.0,-36.0
1776887841.3291028,3.0,-4.0,-37.0
1776887841.3391027,4.0,-5.0,-36.0
1776887841.3491027,2.0,-3.0,-33.0
1776887841.3591027,4.0,-5.0,-34.0
1776887841.3691027,2.0,-5.0,-39.0
1776887841.3791027,4.0,-1.0,-36.0
1776887841.3891027,4.0,-3.0,-33.0
1776887841.3991027,5.0,-5.0,-33.0
1776887841.409103,2.0,0.0,-36.0
1776887841.419103,3.0,0.0,-39.0
1776887841.429103,-1.0,-1.0,-38.0
1776887841.4391026,-2.0,-1.0,-42.0
1776887841.4491026,-3.0,0.0,-41.0
1776887841.4591026,-2.0,0.0,-40.0
1776887841.4691026,0.0,2.0,-38.0
1776887841.4791028,-5.0,0.0,-40.0
1776887841.4891028,-5.0,-4.0,-38.0
1776887841.4991028,-7.0,-1.0,-36.0
1776887841.5091028,-5.0,1.0,-36.0
1776887841.5191028,-4.0,3.0,-31.0
1776887841.5291028,-1.0,0.0,-32.0
1776887841.5391028,-1.0,0.0,-39.0
1776887841.5491028,0.0,0.0,-43.0
1776887841.5591028,5.0,0.0,-41.0
1776887841.5691028,2.0,-1.0,-43.0
1776887841.5791028,0.0,-2.0,-39.0
1776887841.5891027,-5.0,-1.0,-36.0
1776887841.5991027,-10.0,-7.0,-44.0
1776887841.6091027,-8.0,-7.0,-43.0
1776887841.6191027,-3.0,-8.0,-43.0
1776887841.6291027,-3.0,-7.0,-39.0
1776887841.6391027,-3.0,-6.0,-36.0
1776887841.6491027,-1.0,-6.0,-38.0
1776887841.659103,-2.0,-6.0,-30.0
1776887841.669103,-2.0,-5.0,-33.0
1776887841.679103,-1.0,-6.0,-34.0
1776887841.6891026,4.0,-3.0,-26.0
1776887841.6991026,4.0,-2.0,-32.0
1776887841.7091026,3.0,-3.0,-35.0
1776887841.7191026,0.0,-3.0,-34.0
1776887841.7291028,-3.0,-4.0,-33.0
1776887841.7391028,-3.0,-3.0,-36.0
1776887841.7491028,1.0,0.0,-37.0
1776887841.7591028,2.0,5.0,-35.0
1776887841.7691028,0.0,2.0,-28.0
1776887841.7791028,0.0,3.0,-29.0
1776887841.7891028,0.0,2.0,-32.0
1776887841.7991028,-1.0,4.0,-39.0
1776887841.8091028,0.0,5.0,-43.0
1776887841.8191028,3.0,2.0,-44.0
1776887841.8291028,4.0,2.0,-45.0
1776887841.8391027,0.0,0.0,-38.0
1776887841.8491027,0.0,0.0,-39.0
1776887841.8591027,1.0,0.0,-41.0
1776887841.8691027,2.0,0.0,-48.0
1776887841.8791027,5.0,0.0,-46.0
1776887841.8891027,7.0,2.0,-46.0
1776887841.8991027,5.0,-4.0,-43.0
1776887841.909103,4.0,-5.0,-40.0
1776887841.919103,1.0,-4.0,-35.0
1776887841.929103,1.0,-4.0,-33.0
1776887841.9391026,-1.0,-5.0,-35.0
1776887841.9491026,-3.0,-7.0,-36.0
1776887841.9591026,-2.0,-4.0,-33.0
1776887841.9691026,-1.0,-9.0,-31.0
1776887841.9791028,1.0,-12.0,-31.0
1776887841.9891028,0.0,-15.0,-30.0
1776887841.9991028,1.0,-12.0,-35.0
1776887842.0091028,3.0,-14.0,-36.0
1776887842.0191028,5.0,-11.0,-35.0
1776887842.0291028,4.0,-4.0,-43.0
1776887842.0391028,0.0,0.0,-43.0
1776887842.0491028,1.0,1.0,-39.0
1776887842.0591028,6.0,0.0,-36.0
1776887842.0691028,6.0,3.0,-35.0
1776887842.0791028,4.0,2.0,-27.0
1776887842.0891027,5.0,2.0,-28.0
1776887842.0991027,4.0,0.0,-29.0
1776887842.1091027,0.0,0.0,-39.0
1776887842.1191027,-3.0,0.0,-38.0
1776887842.1291027,-4.0,1.0,-41.0
1776887842.1391027,-7.0,1.0,-34.0
1776887842.1491027,-6.0,1.0,-34.0
1776887842.159103,-4.0,-3.0,-36.0
1776887842.169103,-2.0,-6.0,-38.0
1776887842.179103,-5.0,-7.0,-33.0
1776887842.1891026,0.0,-2.0,-38.0
1776887842.1991026,4.0,1.0,-32.0
1776887842.2091026,6.0,2.0,-29.0
1776887842.2191026,8.0,-1.0,-41.0
1776887842.2291028,9.0,1.0,-37.0
1776887842.2391028,6.0,2.0,-33.0
1776887842.2491028,7.0,1.0,-37.0
1776887842.2591028,6.0,4.0,-40.0
1776887842.2691028,8.0,7.0,-42.0
1776887842.2791028,3.0,5.0,-36.0
1776887842.2891028,5.0,6.0,-34.0
1776887842.2991028,2.0,10.0,-39.0
1776887842.3091028,3.0,8.0,-40.0
1776887842.3191028,-3.0,4.0,-40.0
1776887842.3291028,-4.0,0.0,-33.0
1776887842.3391027,-1.0,-2.0,-33.0
1776887842.350103,0.0,0.0,-39.0
1776887842.360103,0.0,0.0,-39.0
1776887842.3701026,4.0,0.0,-39.0
1776887842.3801026,6.0,2.0,-44.0
1776887842.3891027,9.0,3.0,-43.0
1776887842.4001029,4.0,3.0,-39.0
1776887842.4101028,0.0,6.0,-39.0
1776887842.4201028,-2.0,6.0,-35.0
1776887842.4301028,-3.0,3.0,-34.0
1776887842.4391026,0.0,2.0,-33.0
1776887842.4501028,-3.0,2.0,-36.0
1776887842.4601028,-3.0,3.0,-35.0
1776887842.4701028,-5.0,1.0,-39.0
1776887842.4801028,-4.0,2.0,-40.0
1776887842.4901028,-5.0,2.0,-40.0
1776887842.5001028,-4.0,1.0,-41.0
1776887842.5101027,-1.0,2.0,-43.0
1776887842.5201027,0.0,3.0,-45.0
1776887842.5301027,-2.0,1.0,-46.0
1776887842.5401027,-2.0,0.0,-43.0
1776887842.5501027,-5.0,0.0,-39.0
1776887842.5601027,-3.0,0.0,-29.0
1776887842.5701027,1.0,2.0,-31.0
1776887842.5801027,3.0,3.0,-30.0
1776887842.590103,6.0,0.0,-29.0
1776887842.600103,6.0,1.0,-32.0
1776887842.610103,1.0,4.0,-30.0
1776887842.6201026,-1.0,2.0,-33.0
1776887842.6301026,0.0,5.0,-37.0
1776887842.6401026,4.0,1.0,-43.0
1776887842.6501029,0.0,0.0,-41.0
1776887842.6601028,-5.0,2.0,-34.0
1776887842.6701028,-9.0,0.0,-32.0
1776887842.6801028,-8.0,-3.0,-38.0
1776887842.6901028,-8.0,-4.0,-43.0
1776887842.7001028,-6.0,-1.0,-40.0
1776887842.7101028,-5.0,0.0,-40.0
1776887842.7201028,-5.0,-1.0,-43.0
1776887842.7301028,-3.0,-1.0,-44.0
1776887842.7401028,-3.0,2.0,-46.0
1776887842.7501028,-3.0,-1.0,-45.0
1776887842.7601027,-2.0,-2.0,-39.0
1776887842.7701027,-2.0,-5.0,-37.0
1776887842.7801027,-1.0,-3.0,-35.0
1776887842.7901027,2.0,-6.0,-42.0
1776887842.8001027,5.0,-9.0,-34.0
1776887842.8101027,5.0,-7.0,-30.0
1776887842.8201027,4.0,-2.0,-32.0
1776887842.8301027,3.0,0.0,-33.0
1776887842.840103,2.0,-1.0,-39.0
1776887842.850103,-4.0,-2.0,-41.0
1776887842.860103,-1.0,-2.0,-41.0
1776887842.8701026,0.0,0.0,-51.0
1776887842.8801026,5.0,0.0,-52.0
1776887842.8901026,3.0,2.0,-41.0
1776887842.9001029,-1.0,-2.0,-42.0
1776887842.9101028,-1.0,-4.0,-41.0
1776887842.9201028,0.0,-7.0,-44.0
1776887842.9301028,0.0,-6.0,-42.0
1776887842.9401028,-3.0,-3.0,-42.0
1776887842.9501028,0.0,-1.0,-42.0
1776887842.9601028,0.0,0.0,-41.0
1776887842.9701028,0.0,1.0,-42.0
1776887842.9801028,-2.0,1.0,-39.0
1776887842.9901028,-4.0,0.0,-38.0
1776887843.0001028,0.0,0.0,-37.0
1776887843.0101027,0.0,0.0,-38.0
1776887843.0201027,3.0,2.0,-41.0
1776887843.0301027,0.0,2.0,-35.0
1776887843.0401027,-1.0,2.0,-42.0
1776887843.0501027,0.0,4.0,-39.0
1776887843.0601027,0.0,-1.0,-36.0
1776887843.0701027,-4.0,-8.0,-33.0
1776887843.0801027,-3.0,-6.0,-39.0
1776887843.090103,-3.0,-3.0,-33.0
1776887843.100103,0.0,-1.0,-31.0
1776887843.110103,-3.0,-3.0,-37.0
1776887843.1201026,-5.0,-1.0,-41.0
1776887843.1301026,-6.0,-2.0,-39.0
1776887843.1401026,-2.0,1.0,-40.0
1776887843.1501029,-6.0,0.0,-39.0
1776887843.1601028,-3.0,1.0,-44.0
1776887843.1701028,0.0,-3.0,-48.0
1776887843.1801028,0.0,-1.0,-40.0
1776887843.1901028,2.0,2.0,-41.0
1776887843.2001028,1.0,6.0,-34.0
1776887843.2101028,0.0,5.0,-31.0
1776887843.2201028,-4.0,3.0,-33.0
1776887843.2301028,-4.0,1.0,-32.0
1776887843.2401028,-2.0,-1.0,-38.0
1776887843.2501028,-3.0,-3.0,-35.0
1776887843.2601027,1.0,-7.0,-26.0
1776887843.2701027,1.0,-7.0,-37.0
1776887843.2801027,0.0,-5.0,-43.0
1776887843.2901027,0.0,-4.0,-41.0
1776887843.3001027,2.0,-8.0,-40.0
1776887843.3101027,4.0,-7.0,-43.0
1776887843.3201027,3.0,-2.0,-37.0
1776887843.3301027,5.0,-2.0,-34.0
1776887843.340103,3.0,0.0,-34.0
1776887843.350103,2.0,4.0,-35.0
1776887843.360103,5.0,3.0,-37.0
1776887843.3701026,5.0,4.0,-35.0
1776887843.3801026,5.0,3.0,-35.0
1776887843.3901026,6.0,2.0,-35.0
1776887843.4001029,5.0,6.0,-46.0
1776887843.4101028,-2.0,2.0,-44.0
1776887843.4201028,-4.0,0.0,-40.0
1776887843.4301028,-8.0,-2.0,-33.0
1776887843.4401028,-3.0,-2.0,-30.0
1776887843.4501028,-2.0,1.0,-30.0
1776887843.4601028,-6.0,0.0,-34.0
1776887843.4701028,-5.0,-4.0,-38.0
1776887843.4801028,0.0,-7.0,-41.0
1776887843.4901028,1.0,-8.0,-34.0
1776887843.5001028,3.0,-1.0,-25.0
1776887843.5101027,-1.0,-2.0,-24.0
1776887843.5201027,0.0,-1.0,-23.0
1776887843.5301027,1.0,2.0,-26.0
1776887843.5401027,-4.0,7.0,-28.0
1776887843.5501027,0.0,4.0,-30.0
1776887843.5601027,-1.0,0.0,-35.0
1776887843.5701027,0.0,1.0,-35.0
1776887843.5801027,0.0,0.0,-35.0
1776887843.590103,0.0,0.0,-34.0
1776887843.600103,-1.0,0.0,-31.0
1776887843.610103,-4.0,1.0,-32.0
1776887843.6201026,-3.0,0.0,-31.0
1776887843.6301026,0.0,0.0,-32.0
1776887843.6401026,-6.0,-2.0,-30.0
1776887843.6501029,-6.0,-2.0,-27.0
1776887843.6601028,0.0,-4.0,-30.0
1776887843.6701028,5.0,-4.0,-37.0
1776887843.6801028,6.0,-6.0,-41.0
1776887843.6901028,4.0,-8.0,-36.0
1776887843.7001028,9.0,-2.0,-39.0
1776887843.7101028,10.0,-6.0,-34.0
1776887843.7201028,6.0,-6.0,-31.0
1776887843.7301028,4.0,-8.0,-27.0
1776887843.7401028,0.0,-9.0,-29.0
1776887843.7501028,-4.0,-6.0,-27.0
1776887843.7601027,1.0,-5.0,-29.0
1776887843.7701027,4.0,-2.0,-36.0
1776887843.7801027,1.0,0.0,-41.0
1776887843.7901027,3.0,-3.0,-42.0
1776887843.8001027,2.0,-2.0,-40.0
1776887843.8101027,3.0,0.0,-38.0
1776887843.8201027,3.0,0.0,-36.0
1776887843.8301027,2.0,2.0,-38.0
1776887843.840103,0.0,5.0,-34.0
1776887843.850103,1.0,2.0,-35.0
1776887843.860103,8.0,5.0,-37.0
1776887843.8701026,4.0,7.0,-37.0
1776887843.8801026,3.0,4.0,-39.0
1776887843.8901026,3.0,0.0,-40.0
1776887843.9001029,4.0,-4.0,-33.0
1776887843.9101028,2.0,1.0,-33.0
1776887843.9201028,0.0,1.0,-39.0
1776887843.9301028,1.0,0.0,-37.0
1776887843.9401028,0.0,-2.0,-36.0
1776887843.9501028,-1.0,0.0,-43.0
1776887843.9601028,0.0,-1.0,-44.0
1776887843.9701028,3.0,-2.0,-43.0
1776887843.9801028,1.0,4.0,-36.0
1776887843.9901028,2.0,3.0,-38.0
1776887844.0001028,3.0,3.0,-38.0
1776887844.0101027,4.0,0.0,-37.0
1776887844.0201027,4.0,0.0,-41.0
1776887844.0301027,6.0,4.0,-43.0
1776887844.0401027,8.0,2.0,-50.0
1776887844.0501027,6.0,-1.0,-48.0
1776887844.0601027,5.0,-2.0,-42.0
1776887844.0701027,5.0,0.0,-40.0
1776887844.0801027,4.0,0.0,-40.0
1776887844.090103,3.0,1.0,-46.0
1776887844.100103,3.0,2.0,-44.0
1776887844.110103,4.0,2.0,-46.0
1776887844.1201026,4.0,1.0,-45.0
1776887844.1301026,1.0,0.0,-44.0
1776887844.1401026,2.0,2.0,-39.0
1776887844.1501029,3.0,2.0,-30.0
1776887844.1601028,4.0,2.0,-31.0
1776887844.1701028,4.0,0.0,-28.0
1776887844.1801028,4.0,-3.0,-29.0
1776887844.1901028,3.0,-4.0,-28.0
1776887844.2001028,2.0,-2.0,-30.0
1776887844.2101028,7.0,0.0,-32.0
1776887844.2201028,9.0,0.0,-37.0
1776887844.2301028,7.0,2.0,-34.0
1776887844.2401028,1.0,-1.0,-32.0
1776887844.2501028,0.0,-3.0,-32.0
1776887844.2601027,3.0,-4.0,-30.0
1776887844.2701027,1.0,-4.0,-30.0
1776887844.2801027,2.0,-5.0,-31.0
1776887844.2901027,1.0,-3.0,-35.0
1776887844.3011026,1.0,-4.0,-37.0
1776887844.3111026,1.0,-4.0,-39.0
1776887844.3211029,0.0,-4.0,-40.0
1776887844.3311028,2.0,-5.0,-43.0
1776887844.3411028,3.0,-6.0,-40.0
1776887844.3511028,2.0,-4.0,-37.0
1776887844.3611028,3.0,-2.0,-36.0
1776887844.3711028,3.0,-1.0,-37.0
1776887844.3811028,2.0,0.0,-39.0
1776887844.3911028,0.0,0.0,-33.0
1776887844.4011028,1.0,0.0,-35.0
1776887844.4111028,1.0,0.0,-39.0
1776887844.4211028,-1.0,1.0,-33.0
1776887844.4311028,0.0,2.0,-31.0
1776887844.4411027,0.0,3.0,-33.0
1776887844.4511027,-3.0,2.0,-32.0
1776887844.4611027,-3.0,-1.0,-30.0
1776887844.4711027,-5.0,-1.0,-36.0
1776887844.4811027,-5.0,0.0,-38.0
1776887844.4911027,-2.0,4.0,-35.0
1776887844.5011027,0.0,3.0,-39.0
1776887844.511103,0.0,0.0,-40.0
1776887844.521103,-1.0,-2.0,-34.0
1776887844.531103,3.0,-3.0,-35.0
1776887844.5411026,0.0,-3.0,-33.0
1776887844.5511026,0.0,-4.0,-30.0
1776887844.5611026,1.0,-4.0,-29.0
1776887844.5711029,2.0,-6.0,-32.0
1776887844.5811028,6.0,-2.0,-35.0
1776887844.5911028,4.0,-7.0,-39.0
1776887844.6011028,3.0,-5.0,-32.0
1776887844.6111028,2.0,-6.0,-34.0
1776887844.6211028,-1.0,-6.0,-31.0
1776887844.6311028,3.0,-10.0,-26.0
1776887844.6411028,4.0,-10.0,-32.0
1776887844.6511028,4.0,-7.0,-32.0
1776887844.6611028,4.0,-5.0,-34.0
1776887844.6711028,3.0,-5.0,-37.0
1776887844.6811028,4.0,0.0,-37.0
1776887844.6911027,9.0,4.0,-42.0
1776887844.7011027,4.0,2.0,-46.0
1776887844.7111027,3.0,0.0,-42.0
1776887844.7211027,1.0,1.0,-44.0
1776887844.7311027,0.0,3.0,-45.0
1776887844.7411027,3.0,1.0,-43.0
1776887844.7511027,4.0,-3.0,-35.0
1776887844.761103,4.0,-2.0,-31.0
1776887844.771103,3.0,-3.0,-28.0
1776887844.781103,0.0,0.0,-29.0
1776887844.7911026,-4.0,-3.0,-31.0
1776887844.8011026,-2.0,-1.0,-35.0
1776887844.8111026,-1.0,-6.0,-37.0
1776887844.8211029,0.0,-5.0,-35.0
1776887844.8311028,0.0,-3.0,-39.0
1776887844.8411028,1.0,-5.0,-40.0
1776887844.8511028,2.0,0.0,-28.0
1776887844.8611028,3.0,0.0,-27.0
1776887844.8711028,0.0,2.0,-26.0
1776887844.8811028,0.0,4.0,-24.0
1776887844.8911028,6.0,3.0,-26.0
1776887844.9011028,10.0,2.0,-26.0
1776887844.9111028,7.0,3.0,-21.0
1776887844.9211028,7.0,2.0,-29.0
1776887844.9311028,10.0,0.0,-32.0
1776887844.9411027,9.0,-4.0,-28.0
1776887844.9511027,9.0,-5.0,-31.0
1776887844.9611027,6.0,-5.0,-37.0
1776887844.9711027,6.0,-4.0,-29.0
1776887844.9811027,9.0,-2.0,-25.0
1776887844.9911027,7.0,0.0,-32.0
1776887845.0011027,4.0,-1.0,-32.0
1776887845.011103,2.0,-1.0,-29.0
1776887845.021103,-1.0,0.0,-31.0
1776887845.031103,1.0,0.0,-36.0
1776887845.0411026,1.0,0.0,-37.0
1776887845.0511026,-1.0,3.0,-36.0
1776887845.0611026,-2.0,0.0,-32.0
1776887845.0711029,-1.0,-7.0,-35.0
1776887845.0811028,3.0,-6.0,-30.0
1776887845.0911028,3.0,-7.0,-32.0
1776887845.1011028,4.0,-7.0,-34.0
1776887845.1111028,2.0,-3.0,-43.0
1776887845.1211028,5.0,0.0,-48.0
1776887845.1311028,5.0,0.0,-46.0
1776887845.1411028,4.0,0.0,-44.0
1776887845.1511028,4.0,0.0,-48.0
1776887845.1611028,3.0,-2.0,-46.0
1776887845.1711028,3.0,-7.0,-40.0
1776887845.1811028,4.0,-8.0,-36.0
1776887845.1911027,2.0,-7.0,-37.0
1776887845.2011027,0.0,-4.0,-41.0
1776887845.2111027,-1.0,-1.0,-44.0
1776887845.2211027,-2.0,-2.0,-46.0
1776887845.2311027,0.0,2.0,-43.0
1776887845.2411027,0.0,0.0,-44.0
1776887845.2511027,0.0,-4.0,-41.0
1776887845.261103,0.0,-6.0,-38.0
1776887845.271103,0.0,-6.0,-39.0
1776887845.281103,-1.0,-7.0,-42.0
1776887845.2911026,-3.0,-9.0,-41.0
1776887845.3011026,-2.0,-8.0,-41.0
1776887845.3111026,2.0,-4.0,-38.0
1776887845.3211029,3.0,-1.0,-42.0
1776887845.3311028,6.0,0.0,-40.0
1776887845.3411028,5.0,-1.0,-38.0
1776887845.3511028,3.0,0.0,-35.0
1776887845.3611028,0.0,-4.0,-25.0
1776887845.3711028,-4.0,-2.0,-25.0
1776887845.3811028,-8.0,-2.0,-28.0
1776887845.3911028,-8.0,-6.0,-32.0
1776887845.4011028,-6.0,-2.0,-28.0
1776887845.4111028,-6.0,3.0,-28.0
1776887845.4211028,-9.0,1.0,-31.0
1776887845.4311028,-1.0,0.0,-31.0
1776887845.4411027,-1.0,-1.0,-33.0
1776887845.4511027,0.0,0.0,-31.0
1776887845.4611027,-4.0,-1.0,-26.0
1776887845.4711027,-6.0,0.0,-32.0
1776887845.4811027,2.0,-5.0,-35.0
1776887845.4911027,1.0,-4.0,-37.0
1776887845.5011027,-1.0,0.0,-33.0
1776887845.511103,1.0,1.0,-34.0
1776887845.521103,3.0,-1.0,-42.0
1776887845.531103,1.0,-3.0,-41.0
1776887845.5411026,1.0,2.0,-39.0
1776887845.5511026,1.0,2.0,-40.0
1776887845.5611026,3.0,0.0,-40.0
1776887845.5711029,1.0,0.0,-39.0
1776887845.5811028,0.0,4.0,-38.0
1776887845.5911028,-1.0,4.0,-38.0
1776887845.6011028,0.0,3.0,-46.0
1776887845.6111028,-3.0,3.0,-45.0
1776887845.6211028,-5.0,2.0,-41.0
1776887845.6311028,-1.0,4.0,-47.0
1776887845.6411028,-4.0,2.0,-48.0
1776887845.6511028,-2.0,-3.0,-44.0
1776887845.6611028,4.0,-4.0,-38.0
1776887845.6711028,7.0,-3.0,-33.0
1776887845.6811028,5.0,-7.0,-30.0
1776887845.6911027,2.0,-6.0,-32.0
1776887845.7011027,0.0,-3.0,-35.0
1776887845.7111027,-4.0,-6.0,-32.0
1776887845.7211027,-3.0,-4.0,-33.0
1776887845.7311027,1.0,0.0,-34.0
1776887845.7411027,2.0,-3.0,-35.0
1776887845.7511027,3.0,-4.0,-46.0
1776887845.761103,0.0,-5.0,-36.0
1776887845.771103,-5.0,-7.0,-35.0
1776887845.781103,-6.0,-4.0,-39.0
1776887845.7911026,-8.0,-5.0,-43.0
1776887845.8011026,-6.0,-5.0,-39.0
1776887845.8111026,-2.0,-7.0,-33.0
1776887845.8211029,-2.0,-9.0,-31.0
1776887845.8311028,-2.0,-6.0,-31.0
1776887845.8411028,-3.0,-4.0,-28.0
1776887845.8511028,-1.0,-6.0,-28.0
1776887845.8611028,0.0,-6.0,-32.0
1776887845.8711028,0.0,-1.0,-33.0
1776887845.8811028,-2.0,-5.0,-30.0
1776887845.8911028,0.0,-4.0,-40.0
1776887845.9011028,0.0,-6.0,-33.0
1776887845.9111028,-1.0,-7.0,-41.0
1776887845.9211028,-2.0,-5.0,-48.0
1776887845.9311028,-3.0,0.0,-48.0
1776887845.9411027,-2.0,2.0,-43.0
1776887845.9511027,0.0,4.0,-38.0
1776887845.9611027,0.0,0.0,-43.0
1776887845.9711027,0.0,-5.0,-43.0
1776887845.9811027,-2.0,-3.0,-41.0
1776887845.9911027,-1.0,0.0,-38.0
1776887846.0011027,-4.0,-4.0,-43.0
1776887846.011103,-5.0,-2.0,-38.0
1776887846.021103,-6.0,0.0,-35.0
1776887846.031103,-3.0,-5.0,-32.0
1776887846.0411026,0.0,-5.0,-33.0
1776887846.0511026,-1.0,-7.0,-37.0
1776887846.0611026,0.0,-6.0,-41.0
1776887846.0711029,0.0,-6.0,-41.0
1776887846.0811028,2.0,-5.0,-40.0
1776887846.0911028,2.0,-5.0,-34.0
1776887846.1011028,-1.0,-7.0,-34.0
1776887846.1111028,-6.0,-6.0,-36.0
1776887846.1211028,-7.0,-7.0,-34.0
1776887846.1311028,-3.0,-9.0,-33.0
1776887846.1411028,-5.0,-4.0,-37.0
1776887846.1511028,-5.0,-2.0,-33.0
1776887846.1611028,-5.0,-1.0,-36.0
1776887846.1711028,-1.0,-3.0,-39.0
1776887846.1811028,1.0,0.0,-34.0
1776887846.1911027,2.0,4.0,-35.0
1776887846.2011027,0.0,6.0,-42.0
1776887846.2111027,-2.0,0.0,-42.0
1776887846.2211027,-1.0,-3.0,-42.0
1776887846.2311027,0.0,-2.0,-41.0
1776887846.2411027,-3.0,-2.0,-45.0
1776887846.2511027,-7.0,-2.0,-48.0
1776887846.261103,-6.0,-5.0,-43.0
1776887846.271103,-6.0,-1.0,-38.0
1776887846.281103,-6.0,0.0,-36.0
1776887846.2911026,-6.0,-2.0,-35.0
1776887846.3021028,-5.0,-4.0,-35.0
1776887846.3111026,-4.0,-1.0,-29.0
1776887846.3211029,-7.0,0.0,-25.0
1776887846.3311028,-6.0,2.0,-31.0
1776887846.3411028,-6.0,1.0,-33.0
1776887846.3521028,-6.0,2.0,-34.0
1776887846.3621027,-4.0,3.0,-31.0
1776887846.3721027,-5.0,5.0,-34.0
1776887846.3821027,-2.0,6.0,-33.0
1776887846.3921027,0.0,3.0,-36.0
1776887846.4021027,3.0,3.0,-41.0
1776887846.4121027,3.0,2.0,-43.0
1776887846.4221027,2.0,5.0,-48.0
1776887846.432103,0.0,4.0,-48.0
1776887846.442103,3.0,5.0,-47.0
1776887846.452103,4.0,3.0,-45.0
1776887846.462103,8.0,3.0,-45.0
1776887846.4721026,11.0,1.0,-46.0
1776887846.4821026,13.0,2.0,-38.0
1776887846.4921026,12.0,2.0,-39.0
1776887846.5021029,6.0,6.0,-43.0
1776887846.5121028,6.0,-1.0,-44.0
1776887846.5221028,4.0,1.0,-39.0
1776887846.5321028,4.0,1.0,-40.0
1776887846.5421028,4.0,1.0,-39.0
1776887846.5521028,0.0,0.0,-35.0
1776887846.5621028,-1.0,0.0,-31.0
1776887846.5721028,-1.0,-3.0,-36.0
1776887846.5821028,0.0,0.0,-45.0
1776887846.5921028,0.0,1.0,-40.0
1776887846.6021028,-6.0,0.0,-29.0
1776887846.6121027,-5.0,-1.0,-23.0
1776887846.6221027,-7.0,-1.0,-25.0
1776887846.6321027,-3.0,-1.0,-28.0
1776887846.6421027,0.0,0.0,-31.0
1776887846.6521027,1.0,-1.0,-25.0
1776887846.6621027,1.0,1.0,-24.0
1776887846.6721027,-1.0,1.0,-25.0
1776887846.682103,0.0,0.0,-26.0
1776887846.692103,-7.0,0.0,-25.0
1776887846.702103,-6.0,1.0,-23.0
1776887846.712103,-9.0,0.0,-32.0
1776887846.7221026,-7.0,0.0,-43.0
1776887846.7321026,0.0,0.0,-42.0
1776887846.7421026,3.0,2.0,-44.0
1776887846.7521029,4.0,-2.0,-42.0
1776887846.7621028,2.0,-2.0,-39.0
1776887846.7721028,0.0,-3.0,-42.0
1776887846.7821028,-2.0,-1.0,-45.0
1776887846.7921028,0.0,-3.0,-36.0
1776887846.8021028,1.0,-4.0,-35.0
1776887846.8121028,1.0,-7.0,-38.0
1776887846.8221028,4.0,-7.0,-33.0
1776887846.8321028,2.0,-3.0,-35.0
1776887846.8421028,4.0,-4.0,-32.0
1776887846.8521028,-1.0,1.0,-32.0
1776887846.8621027,-1.0,1.0,-36.0
1776887846.8721027,0.0,2.0,-41.0
1776887846.8821027,0.0,1.0,-43.0
1776887846.8921027,-2.0,0.0,-43.0
1776887846.9021027,-3.0,-1.0,-35.0
1776887846.9121027,0.0,-1.0,-30.0
1776887846.9221027,-5.0,-4.0,-27.0
1776887846.932103,-3.0,0.0,-30.0
1776887846.942103,-6.0,2.0,-29.0
1776887846.952103,-2.0,3.0,-26.0
1776887846.962103,-5.0,0.0,-23.0
1776887846.9721026,-4.0,-3.0,-26.0
1776887846.9821026,-4.0,-6.0,-27.0
1776887846.9921026,-2.0,-4.0,-27.0
1776887847.0021029,3.0,-5.0,-38.0
1776887847.0121028,2.0,-3.0,-45.0
1776887847.0221028,1.0,-4.0,-43.0
1776887847.0321028,2.0,-5.0,-40.0
1776887847.0421028,2.0,-6.0,-39.0
1776887847.0521028,2.0,-6.0,-37.0
1776887847.0621028,5.0,-5.0,-32.0
1776887847.0721028,4.0,-6.0,-35.0
1776887847.0821028,4.0,-10.0,-32.0
1776887847.0921028,7.0,-11.0,-32.0
1776887847.1021028,1.0,-10.0,-26.0
1776887847.1121027,1.0,-6.0,-25.0
1776887847.1221027,-3.0,-1.0,-31.0
1776887847.1321027,-1.0,1.0,-30.0
1776887847.1421027,0.0,0.0,-24.0
1776887847.1521027,1.0,0.0,-26.0
1776887847.1621027,3.0,2.0,-23.0
1776887847.1721027,0.0,0.0,-30.0
1776887847.182103,-2.0,0.0,-38.0
1776887847.192103,-1.0,3.0,-40.0
1776887847.202103,-5.0,5.0,-35.0
1776887847.212103,0.0,6.0,-31.0
1776887847.2221026,1.0,1.0,-27.0
1776887847.2321026,-3.0,-5.0,-26.0
1776887847.2421026,-6.0,-6.0,-22.0
1776887847.2521029,-3.0,-4.0,-28.0
1776887847.2621028,-4.0,-8.0,-28.0
1776887847.2721028,-4.0,-8.0,-28.0
1776887847.2821028,-4.0,-6.0,-37.0
1776887847.2921028,-6.0,-3.0,-36.0
1776887847.3021028,-6.0,0.0,-43.0
1776887847.3121028,-4.0,1.0,-41.0
1776887847.3221028,0.0,3.0,-45.0
1776887847.3321028,1.0,3.0,-41.0
1776887847.3421028,1.0,1.0,-35.0
1776887847.3521028,4.0,3.0,-30.0
1776887847.3621027,0.0,2.0,-30.0
1776887847.3721027,0.0,1.0,-36.0
1776887847.3821027,4.0,5.0,-30.0
1776887847.3921027,2.0,2.0,-32.0
1776887847.4021027,0.0,2.0,-39.0
1776887847.4121027,0.0,0.0,-35.0
1776887847.4221027,-1.0,4.0,-31.0
1776887847.432103,-2.0,3.0,-27.0
1776887847.442103,1.0,0.0,-27.0
1776887847.452103,0.0,3.0,-30.0
1776887847.462103,3.0,3.0,-31.0
1776887847.4721026,2.0,6.0,-33.0
1776887847.4821026,3.0,5.0,-37.0
1776887847.4921026,-1.0,2.0,-43.0
1776887847.5021029,-2.0,0.0,-40.0
1776887847.5121028,0.0,0.0,-39.0
1776887847.5221028,0.0,-2.0,-40.0
1776887847.5321028,-4.0,-3.0,-46.0
1776887847.5421028,-4.0,0.0,-43.0
1776887847.5521028,-1.0,0.0,-36.0
1776887847.5621028,3.0,0.0,-38.0
1776887847.5721028,4.0,-3.0,-40.0
1776887847.5821028,3.0,0.0,-36.0
1776887847.5921028,2.0,-5.0,-33.0
1776887847.6021028,3.0,-7.0,-39.0
1776887847.6121027,7.0,-5.0,-41.0
1776887847.6221027,9.0,-5.0,-33.0
1776887847.6321027,3.0,-2.0,-40.0
1776887847.6421027,5.0,-2.0,-36.0
1776887847.6521027,3.0,-2.0,-36.0
1776887847.6621027,3.0,-4.0,-41.0
1776887847.6721027,4.0,-7.0,-41.0
1776887847.682103,0.0,-8.0,-41.0
1776887847.692103,2.0,-5.0,-41.0
1776887847.702103,6.0,-5.0,-45.0
1776887847.712103,7.0,-6.0,-40.0
1776887847.7221026,10.0,-13.0,-41.0
1776887847.7321026,4.0,-10.0,-39.0
1776887847.7421026,0.0,-5.0,-38.0
1776887847.7521029,2.0,-3.0,-44.0
1776887847.7621028,0.0,-4.0,-37.0
1776887847.7721028,0.0,-3.0,-33.0
1776887847.7821028,-3.0,0.0,-35.0
1776887847.7921028,-1.0,1.0,-33.0
1776887847.8021028,-2.0,1.0,-34.0
1776887847.8121028,-4.0,-1.0,-38.0
1776887847.8221028,-4.0,1.0,-39.0
1776887847.8321028,-4.0,3.0,-30.0
1776887847.8421028,-3.0,0.0,-31.0
1776887847.8521028,-3.0,-3.0,-30.0
1776887847.8621027,-1.0,-3.0,-24.0
1776887847.8721027,2.0,-2.0,-27.0
1776887847.8821027,4.0,0.0,-32.0
1776887847.8921027,4.0,0.0,-36.0
1776887847.9021027,1.0,-2.0,-39.0
1776887847.9121027,0.0,-2.0,-41.0
1776887847.9221027,0.0,1.0,-36.0
1776887847.932103,0.0,2.0,-38.0
1776887847.942103,-1.0,1.0,-36.0
1776887847.952103,-1.0,2.0,-30.0
1776887847.962103,3.0,0.0,-31.0
1776887847.9721026,-1.0,1.0,-30.0
1776887847.9821026,0.0,0.0,-32.0
1776887847.9921026,2.0,-1.0,-34.0
1776887848.0021029,0.0,-2.0,-36.0
1776887848.0121028,0.0,-4.0,-39.0
1776887848.0221028,2.0,-3.0,-36.0
1776887848.0321028,4.0,-3.0,-38.0
1776887848.0421028,7.0,-4.0,-34.0
1776887848.0521028,5.0,-5.0,-30.0
1776887848.0621028,3.0,-6.0,-23.0
1776887848.0721028,-1.0,-10.0,-23.0
1776887848.0821028,-4.0,-8.0,-31.0
1776887848.0921028,-4.0,-3.0,-29.0
1776887848.1021028,0.0,0.0,-30.0
1776887848.1121027,-2.0,-4.0,-29.0
1776887848.1221027,-2.0,-3.0,-38.0
1776887848.1321027,2.0,-3.0,-40.0
1776887848.1421027,3.0,-3.0,-32.0
1776887848.1521027,0.0,-5.0,-33.0
1776887848.1621027,0.0,-7.0,-28.0
1776887848.1721027,-2.0,-6.0,-29.0
1776887848.182103,-3.0,-6.0,-26.0
1776887848.192103,-1.0,-4.0,-32.0
1776887848.202103,0.0,-5.0,-39.0
1776887848.212103,-2.0,-5.0,-38.0
1776887848.2221026,0.0,-9.0,-41.0
1776887848.2321026,1.0,-6.0,-37.0
1776887848.2421026,0.0,-4.0,-31.0
1776887848.2521029,0.0,-6.0,-30.0
1776887848.2621028,-2.0,0.0,-29.0
1776887848.2721028,-1.0,1.0,-28.0
1776887848.2821028,2.0,0.0,-29.0
1776887848.2921028,1.0,-1.0,-31.0
1776887848.3021028,-1.0,-3.0,-38.0
1776887848.3121028,-2.0,-2.0,-42.0
1776887848.3221028,0.0,0.0,-42.0
1776887848.3331027,-2.0,6.0,-50.0
1776887848.3431027,-1.0,3.0,-52.0
1776887848.3531027,1.0,2.0,-45.0
1776887848.363103,0.0,5.0,-43.0
1776887848.373103,0.0,2.0,-38.0
1776887848.383103,4.0,2.0,-44.0
1776887848.3931026,4.0,2.0,-43.0
1776887848.4031026,5.0,0.0,-43.0
1776887848.4131026,7.0,0.0,-43.0
1776887848.4231029,5.0,3.0,-39.0
1776887848.4331028,2.0,3.0,-34.0
1776887848.4431028,1.0,3.0,-39.0
1776887848.4531028,0.0,2.0,-39.0
1776887848.4631028,1.0,0.0,-41.0
1776887848.4731028,0.0,-1.0,-46.0
1776887848.4831028,2.0,-3.0,-46.0
1776887848.4931028,3.0,-2.0,-46.0
1776887848.5031028,1.0,-5.0,-48.0
1776887848.5131028,-2.0,-3.0,-53.0
1776887848.5231028,1.0,-3.0,-48.0
1776887848.5331028,-3.0,-3.0,-43.0
1776887848.5431027,3.0,-5.0,-37.0
1776887848.5531027,5.0,-3.0,-42.0
1776887848.5631027,5.0,-3.0,-41.0
1776887848.5731027,6.0,-3.0,-43.0
1776887848.5831027,6.0,2.0,-38.0
1776887848.5931027,9.0,3.0,-33.0
1776887848.6031027,5.0,2.0,-33.0
1776887848.613103,0.0,4.0,-35.0
1776887848.623103,1.0,4.0,-36.0
1776887848.633103,3.0,4.0,-34.0
1776887848.6431026,4.0,2.0,-38.0
1776887848.6531026,-1.0,3.0,-27.0
1776887848.6631026,1.0,3.0,-29.0
1776887848.6731029,2.0,0.0,-30.0
1776887848.6831028,2.0,-4.0,-31.0
1776887848.6931028,2.0,-1.0,-38.0
1776887848.7031028,2.0,-3.0,-40.0
1776887848.7131028,2.0,-4.0,-35.0
1776887848.7231028,4.0,-7.0,-34.0
1776887848.7331028,3.0,-4.0,-33.0
1776887848.7431028,4.0,-3.0,-28.0
1776887848.7531028,4.0,-3.0,-33.0
1776887848.7631028,0.0,-2.0,-29.0
1776887848.7731028,2.0,-1.0,-34.0
1776887848.7831028,5.0,-1.0,-38.0
1776887848.7931027,3.0,1.0,-34.0
1776887848.8031027,2.0,0.0,-39.0
1776887848.8131027,0.0,0.0,-41.0
1776887848.8231027,0.0,-4.0,-33.0
1776887848.8331027,3.0,0.0,-29.0
1776887848.8431027,5.0,-1.0,-18.0
1776887848.8531027,7.0,-2.0,-20.0
1776887848.863103,7.0,0.0,-21.0
1776887848.873103,5.0,0.0,-20.0
1776887848.883103,1.0,2.0,-25.0
1776887848.8931026,-1.0,1.0,-30.0
1776887848.9031026,0.0,-2.0,-30.0
1776887848.9131026,0.0,-2.0,-32.0
1776887848.9231029,-5.0,0.0,-34.0
1776887848.9331028,-3.0,-1.0,-36.0
1776887848.9431028,-4.0,-1.0,-40.0
1776887848.9531028,-6.0,-5.0,-37.0
1776887848.9631028,-3.0,-2.0,-40.0
1776887848.9731028,-3.0,-4.0,-35.0
1776887848.9831028,1.0,-3.0,-37.0
1776887848.9931028,-1.0,-1.0,-39.0
1776887849.0031028,0.0,-1.0,-42.0
1776887849.0131028,0.0,-2.0,-45.0
1776887849.0231028,-3.0,-1.0,-45.0
1776887849.0331028,-2.0,3.0,-44.0
1776887849.0431027,1.0,4.0,-41.0
1776887849.0531027,3.0,3.0,-43.0
1776887849.0631027,2.0,1.0,-36.0
1776887849.0731027,0.0,1.0,-35.0
1776887849.0831027,2.0,-2.0,-36.0
1776887849.0931027,6.0,-2.0,-34.0
1776887849.1031027,6.0,-1.0,-34.0
1776887849.113103,3.0,-1.0,-42.0
1776887849.123103,5.0,-2.0,-41.0
1776887849.133103,4.0,-3.0,-41.0
1776887849.1431026,0.0,-2.0,-38.0
1776887849.1531026,1.0,-1.0,-33.0
1776887849.1631026,-3.0,-1.0,-29.0
1776887849.1731029,-3.0,-3.0,-28.0
1776887849.1831028,-8.0,-1.0,-34.0
1776887849.1931028,-7.0,0.0,-31.0
1776887849.2031028,-5.0,3.0,-36.0
1776887849.2131028,-2.0,3.0,-38.0
1776887849.2231028,-3.0,0.0,-36.0
1776887849.2331028,-6.0,-3.0,-32.0
1776887849.2431028,-6.0,-2.0,-34.0
1776887849.2531028,-2.0,-1.0,-31.0
1776887849.2631028,-1.0,0.0,-28.0
1776887849.2731028,0.0,-1.0,-29.0
1776887849.2831028,4.0,1.0,-33.0
1776887849.2931027,6.0,0.0,-32.0
1776887849.3031027,7.0,0.0,-35.0
1776887849.3131027,3.0,1.0,-39.0
1776887849.3231027,2.0,3.0,-38.0
1776887849.3331027,2.0,2.0,-41.0
1776887849.3431027,5.0,3.0,-37.0
1776887849.3531027,7.0,3.0,-41.0
1776887849.363103,4.0,1.0,-36.0
1776887849.373103,4.0,4.0,-30.0
1776887849.383103,4.0,2.0,-33.0
1776887849.3931026,4.0,-1.0,-36.0
1776887849.4031026,4.0,-1.0,-42.0
1776887849.4131026,2.0,0.0,-40.0
1776887849.4231029,0.0,-2.0,-35.0
1776887849.4331028,-2.0,-1.0,-39.0
1776887849.4431028,-2.0,-1.0,-42.0
1776887849.4531028,-3.0,-1.0,-40.0
1776887849.4631028,-3.0,2.0,-42.0
1776887849.4731028,-5.0,3.0,-36.0
1776887849.4831028,-2.0,4.0,-36.0
1776887849.4931028,-5.0,2.0,-39.0
1776887849.5031028,-3.0,3.0,-42.0
1776887849.5131028,-2.0,1.0,-37.0
1776887849.5231028,2.0,2.0,-39.0
1776887849.5331028,4.0,0.0,-41.0
1776887849.5431027,2.0,2.0,-43.0
1776887849.5531027,3.0,4.0,-38.0
1776887849.5631027,1.0,5.0,-41.0
1776887849.5731027,2.0,3.0,-39.0
1776887849.5831027,0.0,4.0,-36.0
1776887849.5931027,-2.0,0.0,-35.0
1776887849.6031027,-2.0,0.0,-34.0
1776887849.613103,0.0,-2.0,-31.0
1776887849.623103,-3.0,0.0,-41.0
1776887849.633103,-5.0,-1.0,-37.0
1776887849.6431026,-2.0,-3.0,-32.0
1776887849.6531026,0.0,-1.0,-34.0
1776887849.6631026,0.0,0.0,-38.0
1776887849.6731029,-1.0,0.0,-49.0
1776887849.6831028,-4.0,-6.0,-53.0
1776887849.6931028,0.0,-6.0,-49.0
1776887849.7031028,1.0,-1.0,-53.0
1776887849.7131028,3.0,-1.0,-47.0
1776887849.7231028,7.0,-3.0,-41.0
1776887849.7331028,5.0,-2.0,-36.0
1776887849.7431028,4.0,0.0,-36.0
1776887849.7531028,6.0,2.0,-39.0
1776887849.7631028,6.0,-2.0,-38.0
1776887849.7731028,9.0,-1.0,-40.0
1776887849.7831028,10.0,-1.0,-42.0
1776887849.7931027,10.0,0.0,-41.0
1776887849.8031027,7.0,-2.0,-43.0
1776887849.8131027,1.0,-1.0,-41.0
1776887849.8231027,2.0,0.0,-41.0
1776887849.8331027,1.0,0.0,-41.0
1776887849.8431027,-2.0,3.0,-38.0
1776887849.8531027,0.0,3.0,-41.0
1776887849.863103,2.0,0.0,-45.0
1776887849.873103,0.0,3.0,-42.0
1776887849.883103,0.0,6.0,-43.0
1776887849.8931026,2.0,8.0,-47.0
1776887849.9031026,3.0,2.0,-45.0
1776887849.9131026,0.0,2.0,-43.0
1776887849.9231029,0.0,5.0,-45.0
1776887849.9331028,0.0,4.0,-41.0
1776887849.9431028,0.0,6.0,-36.0
1776887849.9531028,-3.0,4.0,-38.0
1776887849.9631028,-3.0,3.0,-43.0
1776887849.9731028,-6.0,2.0,-43.0
1776887849.9831028,0.0,3.0,-41.0
1776887849.9931028,-4.0,6.0,-45.0
1776887850.0031028,0.0,4.0,-46.0
1776887850.0131028,-3.0,1.0,-40.0
1776887850.0231028,0.0,1.0,-40.0
1776887850.0331028,-2.0,0.0,-41.0
1776887850.0431027,-3.0,0.0,-39.0
1776887850.0531027,-3.0,2.0,-37.0
1776887850.0631027,1.0,1.0,-29.0
1776887850.0731027,4.0,-1.0,-30.0
1776887850.0831027,4.0,-1.0,-33.0
1776887850.0931027,8.0,-2.0,-42.0
1776887850.1031027,9.0,0.0,-35.0
1776887850.113103,6.0,1.0,-36.0
1776887850.123103,7.0,1.0,-38.0
1776887850.133103,7.0,-2.0,-44.0
1776887850.1431026,1.0,-3.0,-39.0
1776887850.1531026,2.0,0.0,-36.0
1776887850.1631026,3.0,2.0,-34.0
1776887850.1731029,-1.0,3.0,-39.0
1776887850.1831028,-3.0,0.0,-36.0
1776887850.1931028,-4.0,-1.0,-31.0
1776887850.2031028,-3.0,-2.0,-30.0
1776887850.2131028,0.0,-4.0,-33.0
1776887850.2231028,-4.0,-3.0,-35.0
1776887850.2331028,-6.0,-2.0,-41.0
1776887850.2431028,-4.0,-3.0,-38.0
1776887850.2531028,0.0,-6.0,-35.0
1776887850.2631028,0.0,-6.0,-36.0
1776887850.2731028,3.0,-4.0,-41.0
1776887850.2831028,1.0,-6.0,-45.0
1776887850.2931027,0.0,-5.0,-45.0
1776887850.304103,-4.0,-4.0,-44.0
1776887850.3131027,-5.0,-3.0,-43.0
1776887850.3241026,-3.0,-4.0,-37.0
1776887850.3341026,-1.0,-4.0,-35.0
1776887850.3431027,-4.0,-1.0,-37.0
1776887850.3541028,-2.0,-3.0,-38.0
1776887850.3641028,-6.0,0.0,-39.0
1776887850.3741028,-5.0,3.0,-34.0
1776887850.3841028,-5.0,0.0,-35.0
1776887850.3941028,-5.0,-1.0,-33.0
1776887850.4041028,-4.0,0.0,-35.0
1776887850.4141028,-1.0,-3.0,-33.0
1776887850.4241028,2.0,-2.0,-34.0
1776887850.4341028,0.0,-6.0,-43.0
1776887850.4441028,2.0,-6.0,-39.0
1776887850.4541028,2.0,-8.0,-43.0
1776887850.4641027,3.0,-7.0,-41.0
1776887850.4741027,1.0,-6.0,-41.0
1776887850.4841027,0.0,-1.0,-35.0
1776887850.4941027,-1.0,4.0,-37.0
1776887850.5041027,1.0,9.0,-38.0
1776887850.5141027,1.0,4.0,-32.0
1776887850.5241027,-2.0,5.0,-40.0
1776887850.534103,-1.0,2.0,-40.0
1776887850.544103,1.0,1.0,-36.0
1776887850.554103,3.0,-4.0,-34.0
1776887850.5641026,5.0,-5.0,-39.0
1776887850.5741026,1.0,-2.0,-34.0
1776887850.5841026,0.0,-2.0,-41.0
1776887850.5941026,1.0,0.0,-39.0
1776887850.6041028,2.0,-2.0,-39.0
1776887850.6141028,3.0,-3.0,-41.0
1776887850.6241028,-2.0,-2.0,-48.0
1776887850.6341028,-2.0,-1.0,-39.0
1776887850.6441028,3.0,-1.0,-41.0
1776887850.6541028,3.0,-7.0,-33.0
1776887850.6641028,7.0,-7.0,-36.0
1776887850.6741028,4.0,-2.0,-26.0
1776887850.6841028,4.0,1.0,-23.0
1776887850.6941028,4.0,0.0,-20.0
1776887850.7041028,6.0,0.0,-19.0
1776887850.7141027,5.0,-2.0,-24.0
1776887850.7241027,2.0,0.0,-32.0
1776887850.7341027,0.0,0.0,-38.0
1776887850.7441027,5.0,2.0,-30.0
1776887850.7541027,4.0,-3.0,-36.0
1776887850.7641027,3.0,-10.0,-34.0
1776887850.7741027,3.0,-10.0,-32.0
1776887850.784103,4.0,-6.0,-35.0
1776887850.794103,1.0,-4.0,-34.0
1776887850.804103,3.0,-4.0,-38.0
1776887850.8141026,4.0,-5.0,-38.0
1776887850.8241026,3.0,-2.0,-36.0
1776887850.8341026,-2.0,-2.0,-34.0
1776887850.8441026,1.0,-1.0,-35.0
1776887850.8541028,0.0,3.0,-35.0
1776887850.8641028,-6.0,2.0,-32.0
1776887850.8741028,-8.0,2.0,-34.0
1776887850.8841028,-4.0,0.0,-27.0
1776887850.8941028,-2.0,4.0,-27.0
1776887850.9041028,-4.0,1.0,-25.0
1776887850.9141028,-1.0,-1.0,-30.0
1776887850.9241028,0.0,-1.0,-32.0
1776887850.9341028,-3.0,-2.0,-33.0
1776887850.9441028,-5.0,-3.0,-33.0
1776887850.9541028,-5.0,0.0,-32.0
1776887850.9641027,-4.0,-4.0,-27.0
1776887850.9741027,-3.0,-3.0,-29.0
1776887850.9841027,-1.0,-5.0,-31.0
1776887850.9941027,1.0,-5.0,-37.0
1776887851.0041027,0.0,-2.0,-44.0
1776887851.0141027,-2.0,-1.0,-45.0
1776887851.0241027,-3.0,0.0,-42.0
1776887851.034103,-1.0,1.0,-37.0
1776887851.044103,-1.0,0.0,-24.0
1776887851.054103,0.0,-2.0,-20.0
1776887851.0641026,0.0,-1.0,-29.0
1776887851.0741026,-1.0,-1.0,-36.0
1776887851.0841026,0.0,0.0,-32.0
1776887851.0941026,0.0,0.0,-33.0
1776887851.1041028,0.0,2.0,-36.0
1776887851.1141028,1.0,1.0,-46.0
1776887851.1241028,3.0,-2.0,-48.0
1776887851.1341028,3.0,-3.0,-41.0
1776887851.1441028,4.0,0.0,-44.0
1776887851.1541028,0.0,0.0,-47.0
1776887851.1641028,1.0,1.0,-39.0
1776887851.1741028,0.0,0.0,-36.0
1776887851.1841028,0.0,3.0,-42.0
1776887851.1941028,0.0,2.0,-42.0
1776887851.2041028,2.0,0.0,-37.0
1776887851.2141027,6.0,-1.0,-36.0
1776887851.2241027,2.0,-1.0,-34.0
1776887851.2341027,6.0,-5.0,-35.0
1776887851.2441027,7.0,-7.0,-30.0
1776887851.2541027,12.0,-10.0,-34.0
1776887851.2641027,8.0,-8.0,-41.0
1776887851.2741027,6.0,-8.0,-36.0
1776887851.284103,2.0,-4.0,-34.0
1776887851.294103,2.0,-4.0,-32.0
1776887851.304103,-2.0,-6.0,-31.0
1776887851.3141026,0.0,-10.0,-36.0
1776887851.3241026,-2.0,-4.0,-32.0
1776887851.3341026,-4.0,-1.0,-32.0
1776887851.3441026,-3.0,-3.0,-33.0
1776887851.3541028,-2.0,-2.0,-31.0
1776887851.3641028,-3.0,-5.0,-34.0
1776887851.3741028,0.0,-2.0,-40.0
1776887851.3841028,5.0,-2.0,-35.0
1776887851.3941028,5.0,-2.0,-42.0
1776887851.4041028,5.0,3.0,-43.0
1776887851.4141028,4.0,0.0,-46.0
1776887851.4241028,3.0,0.0,-48.0
1776887851.4341028,2.0,-1.0,-52.0
1776887851.4441028,0.0,-2.0,-44.0
1776887851.4541028,2.0,-3.0,-49.0
1776887851.4641027,-1.0,-2.0,-42.0
1776887851.4741027,-4.0,-1.0,-40.0
1776887851.4841027,-1.0,-1.0,-36.0
1776887851.4941027,2.0,0.0,-30.0
1776887851.5041027,0.0,-1.0,-27.0
1776887851.5141027,-4.0,-5.0,-23.0
1776887851.5241027,-4.0,-1.0,-30.0
1776887851.534103,-7.0,-2.0,-36.0
1776887851.544103,-6.0,-3.0,-36.0
1776887851.554103,-6.0,-3.0,-36.0
1776887851.5641026,-3.0,-4.0,-31.0
1776887851.5741026,-4.0,-5.0,-30.0
1776887851.5841026,0.0,-2.0,-33.0
1776887851.5941026,-1.0,1.0,-35.0
1776887851.6041028,-4.0,2.0,-33.0
1776887851.6141028,-1.0,0.0,-29.0
1776887851.6241028,0.0,-5.0,-35.0
1776887851.6341028,3.0,-6.0,-39.0
1776887851.6441028,0.0,0.0,-37.0
1776887851.6541028,-4.0,2.0,-31.0
1776887851.6641028,-4.0,3.0,-35.0
1776887851.6741028,-10.0,2.0,-38.0
1776887851.6841028,-8.0,3.0,-34.0
1776887851.6941028,-2.0,0.0,-31.0
1776887851.7041028,-4.0,1.0,-31.0
1776887851.7141027,-3.0,3.0,-35.0
1776887851.7241027,1.0,3.0,-43.0
1776887851.7341027,7.0,2.0,-41.0
1776887851.7441027,4.0,-2.0,-34.0
1776887851.7541027,4.0,-3.0,-38.0
1776887851.7641027,0.0,1.0,-39.0
1776887851.7741027,3.0,4.0,-42.0
1776887851.784103,3.0,7.0,-47.0
1776887851.794103,8.0,3.0,-43.0
1776887851.804103,7.0,1.0,-45.0
1776887851.8141026,7.0,0.0,-46.0
1776887851.8241026,9.0,-1.0,-39.0
1776887851.8341026,8.0,1.0,-31.0
1776887851.8441026,8.0,2.0,-33.0
1776887851.8541028,4.0,3.0,-42.0
1776887851.8641028,2.0,-1.0,-48.0
1776887851.8741028,1.0,2.0,-54.0
1776887851.8841028,0.0,2.0,-49.0
1776887851.8941028,0.0,0.0,-45.0
1776887851.9041028,0.0,0.0,-37.0
1776887851.9141028,3.0,0.0,-42.0
1776887851.9241028,8.0,-1.0,-36.0
1776887851.9341028,3.0,0.0,-36.0
1776887851.9441028,5.0,4.0,-39.0
1776887851.9541028,5.0,0.0,-42.0
1776887851.9641027,6.0,-1.0,-47.0
1776887851.9741027,5.0,-5.0,-42.0
1776887851.9841027,4.0,-6.0,-39.0
1776887851.9941027,3.0,-5.0,-41.0
1776887852.0041027,2.0,-2.0,-45.0
1776887852.0141027,4.0,2.0,-44.0
1776887852.0241027,10.0,3.0,-44.0
1776887852.034103,7.0,3.0,-30.0
1776887852.044103,4.0,2.0,-28.0
1776887852.054103,5.0,0.0,-31.0
1776887852.0641026,1.0,3.0,-36.0
1776887852.0741026,0.0,-1.0,-44.0
1776887852.0841026,-1.0,0.0,-48.0
1776887852.0941026,-1.0,-2.0,-46.0
1776887852.1041028,-1.0,-1.0,-43.0
1776887852.1141028,0.0,-3.0,-46.0
1776887852.1241028,1.0,1.0,-44.0
1776887852.1341028,1.0,2.0,-42.0
1776887852.1441028,2.0,0.0,-43.0
1776887852.1541028,0.0,-2.0,-49.0
1776887852.1641028,-1.0,0.0,-43.0
1776887852.1741028,0.0,-4.0,-41.0
1776887852.1841028,4.0,-10.0,-40.0
1776887852.1941028,6.0,-10.0,-44.0
1776887852.2041028,4.0,-9.0,-48.0
1776887852.2141027,4.0,-8.0,-48.0
1776887852.2241027,6.0,-10.0,-50.0
1776887852.2341027,4.0,-8.0,-53.0
1776887852.2441027,3.0,-2.0,-57.0
1776887852.2541027,3.0,-5.0,-55.0
1776887852.2641027,2.0,-8.0,-49.0
1776887852.2741027,4.0,-4.0,-48.0
1776887852.284103,3.0,-1.0,-45.0
1776887852.294103,3.0,-1.0,-44.0
1776887852.304103,5.0,0.0,-46.0
1776887852.3141026,7.0,1.0,-50.0
1776887852.3241026,7.0,2.0,-56.0
1776887852.3341026,6.0,2.0,-54.0
1776887852.3451028,1.0,2.0,-56.0
1776887852.3551028,2.0,-2.0,-49.0
1776887852.3651028,6.0,-4.0,-44.0
1776887852.3751028,5.0,-3.0,-49.0
1776887852.3851027,4.0,-3.0,-50.0
1776887852.3951027,4.0,-4.0,-54.0
1776887852.4051027,2.0,-4.0,-49.0
1776887852.4151027,-1.0,0.0,-43.0
1776887852.4241028,-5.0,0.0,-38.0
1776887852.4351027,-3.0,2.0,-37.0
1776887852.4451027,1.0,4.0,-38.0
1776887852.4551027,1.0,5.0,-40.0
1776887852.465103,3.0,3.0,-42.0
1776887852.475103,2.0,-1.0,-42.0
1776887852.485103,-4.0,-3.0,-37.0
1776887852.4951026,-4.0,-2.0,-40.0
1776887852.5051026,1.0,-6.0,-36.0
1776887852.5151026,4.0,-8.0,-36.0
1776887852.5251029,5.0,-2.0,-40.0
1776887852.5351028,2.0,-2.0,-44.0
1776887852.5451028,1.0,0.0,-41.0
1776887852.5551028,4.0,0.0,-41.0
1776887852.5651028,4.0,0.0,-43.0
1776887852.5751028,6.0,1.0,-41.0
1776887852.5851028,4.0,1.0,-40.0
1776887852.5951028,5.0,3.0,-43.0
1776887852.6051028,8.0,1.0,-40.0
1776887852.6151028,7.0,0.0,-42.0
1776887852.6251028,4.0,5.0,-43.0
1776887852.6351027,4.0,5.0,-42.0
1776887852.6451027,1.0,2.0,-44.0
1776887852.6551027,-3.0,0.0,-43.0
1776887852.6651027,-5.0,3.0,-41.0
1776887852.6751027,-6.0,4.0,-46.0
1776887852.6851027,-4.0,2.0,-38.0
1776887852.6951027,-4.0,1.0,-38.0
1776887852.7051027,-10.0,2.0,-42.0
1776887852.715103,-12.0,-3.0,-46.0
1776887852.725103,-13.0,-6.0,-42.0
1776887852.735103,-9.0,-8.0,-33.0
1776887852.7451026,-4.0,-9.0,-33.0
1776887852.7551026,0.0,-5.0,-34.0
1776887852.7651026,-1.0,-4.0,-37.0
1776887852.7751029,-4.0,-5.0,-38.0
1776887852.7851028,-5.0,-6.0,-43.0
1776887852.7951028,-4.0,-9.0,-37.0
1776887852.8051028,-3.0,-6.0,-38.0
1776887852.8151028,-3.0,-4.0,-41.0
1776887852.8251028,0.0,-3.0,-43.0
1776887852.8351028,-6.0,-6.0,-44.0
1776887852.8451028,-4.0,-9.0,-41.0
1776887852.8551028,-6.0,-5.0,-39.0
1776887852.8651028,-4.0,-2.0,-38.0
1776887852.8751028,-7.0,-1.0,-38.0
1776887852.8851027,-8.0,1.0,-31.0
1776887852.8951027,-5.0,4.0,-26.0
1776887852.9051027,-2.0,3.0,-22.0
1776887852.9151027,-3.0,3.0,-32.0
1776887852.9251027,-4.0,0.0,-30.0
1776887852.9351027,-4.0,-1.0,-28.0
1776887852.9451027,0.0,-1.0,-30.0
1776887852.9551027,0.0,-6.0,-30.0
1776887852.965103,-2.0,-6.0,-30.0
1776887852.975103,-2.0,0.0,-23.0
1776887852.985103,-4.0,3.0,-18.0
1776887852.9951026,-4.0,4.0,-25.0
1776887853.0051026,-1.0,1.0,-28.0
1776887853.0151026,-2.0,0.0,-28.0
1776887853.0251029,-9.0,0.0,-29.0
1776887853.0351028,-6.0,1.0,-25.0
1776887853.0451028,-3.0,-3.0,-32.0
1776887853.0551028,-2.0,-6.0,-32.0
1776887853.0651028,0.0,-4.0,-31.0
1776887853.0751028,2.0,-1.0,-28.0
1776887853.0851028,6.0,0.0,-30.0
1776887853.0951028,3.0,-1.0,-28.0
1776887853.1051028,1.0,0.0,-30.0
1776887853.1151028,1.0,3.0,-31.0
1776887853.1251028,-4.0,2.0,-41.0
1776887853.1351027,-3.0,0.0,-39.0
1776887853.1451027,-2.0,-2.0,-38.0
1776887853.1551027,-2.0,-4.0,-44.0
1776887853.1651027,-2.0,-3.0,-38.0
1776887853.1751027,-3.0,-1.0,-43.0
1776887853.1851027,-3.0,0.0,-45.0
1776887853.1951027,-2.0,-1.0,-46.0
1776887853.2051027,-2.0,0.0,-43.0
1776887853.215103,-1.0,0.0,-41.0
1776887853.225103,1.0,0.0,-38.0
1776887853.235103,4.0,1.0,-38.0
1776887853.2451026,3.0,2.0,-37.0
1776887853.2551026,4.0,5.0,-37.0
1776887853.2651026,2.0,2.0,-36.0
1776887853.2751029,2.0,-2.0,-34.0
1776887853.2851028,8.0,-6.0,-37.0
1776887853.2951028,11.0,-5.0,-36.0
1776887853.3051028,13.0,-2.0,-32.0
1776887853.3151028,8.0,2.0,-30.0
1776887853.3251028,10.0,0.0,-37.0
1776887853.3351028,4.0,0.0,-35.0
1776887853.3451028,1.0,5.0,-38.0
1776887853.3551028,1.0,3.0,-41.0
1776887853.3651028,0.0,4.0,-40.0
1776887853.3751028,4.0,5.0,-48.0
1776887853.3851027,2.0,4.0,-47.0
1776887853.3951027,0.0,2.0,-39.0
1776887853.4051027,-2.0,1.0,-37.0
1776887853.4151027,-5.0,0.0,-37.0
1776887853.4251027,0.0,-1.0,-41.0
1776887853.4351027,-4.0,-3.0,-36.0
1776887853.4451027,-4.0,-2.0,-40.0
1776887853.4551027,-4.0,-4.0,-39.0
1776887853.465103,-7.0,-5.0,-39.0
1776887853.475103,-2.0,-12.0,-37.0
1776887853.485103,-3.0,-10.0,-40.0
1776887853.4951026,-5.0,-10.0,-40.0
1776887853.5051026,-6.0,-10.0,-42.0
1776887853.5151026,-7.0,-6.0,-46.0
1776887853.5251029,-5.0,-4.0,-43.0
1776887853.5351028,-5.0,-7.0,-43.0
1776887853.5451028,0.0,-9.0,-44.0
1776887853.5551028,0.0,-7.0,-37.0
1776887853.5651028,-2.0,-5.0,-40.0
1776887853.5751028,1.0,-2.0,-43.0
1776887853.5851028,1.0,-3.0,-41.0
1776887853.5951028,-5.0,0.0,-36.0
1776887853.6051028,1.0,1.0,-44.0
1776887853.6151028,0.0,1.0,-53.0
1776887853.6251028,0.0,0.0,-53.0
1776887853.6351027,-1.0,0.0,-52.0
1776887853.6451027,-3.0,6.0,-44.0
1776887853.6551027,1.0,4.0,-42.0
1776887853.6651027,4.0,0.0,-35.0
1776887853.6751027,4.0,-3.0,-35.0
1776887853.6851027,3.0,-1.0,-32.0
1776887853.6951027,-1.0,1.0,-36.0
1776887853.7051027,0.0,2.0,-36.0
1776887853.715103,-6.0,1.0,-35.0
1776887853.725103,-7.0,-1.0,-39.0
1776887853.735103,-3.0,-2.0,-45.0
1776887853.7451026,0.0,1.0,-40.0
1776887853.7551026,2.0,4.0,-39.0
1776887853.7651026,-1.0,3.0,-43.0
1776887853.7751029,-1.0,5.0,-42.0
1776887853.7851028,-1.0,3.0,-41.0
1776887853.7951028,-2.0,-1.0,-35.0
1776887853.8051028,2.0,0.0,-34.0
1776887853.8151028,2.0,1.0,-31.0
1776887853.8251028,0.0,0.0,-28.0
1776887853.8351028,3.0,-1.0,-31.0
1776887853.8451028,0.0,1.0,-30.0
1776887853.8551028,0.0,-1.0,-35.0
1776887853.8651028,-5.0,0.0,-30.0
1776887853.8751028,-6.0,2.0,-33.0
1776887853.8851027,-10.0,0.0,-37.0
1776887853.8951027,-10.0,3.0,-34.0
1776887853.9051027,-9.0,0.0,-32.0
1776887853.9151027,-5.0,0.0,-30.0
1776887853.9251027,-3.0,0.0,-32.0
1776887853.9351027,-9.0,-3.0,-39.0
1776887853.9451027,-3.0,-1.0,-46.0
1776887853.9551027,-6.0,-1.0,-53.0
1776887853.965103,-4.0,0.0,-45.0
1776887853.975103,-3.0,0.0,-42.0
1776887853.985103,-3.0,0.0,-41.0
1776887853.9951026,1.0,-1.0,-38.0
1776887854.0051026,3.0,0.0,-39.0
1776887854.0151026,4.0,0.0,-39.0
1776887854.0251029,1.0,-3.0,-38.0
1776887854.0351028,1.0,-4.0,-42.0
1776887854.0451028,-1.0,-5.0,-42.0
1776887854.0551028,2.0,-9.0,-41.0
1776887854.0651028,0.0,-10.0,-39.0
1776887854.0751028,0.0,-8.0,-39.0
1776887854.0851028,-1.0,-5.0,-41.0
1776887854.0951028,-1.0,-2.0,-33.0
1776887854.1051028,-3.0,-5.0,-28.0
1776887854.1151028,-2.0,-5.0,-39.0
1776887854.1251028,-4.0,-7.0,-40.0
1776887854.1351027,0.0,-4.0,-41.0
1776887854.1451027,0.0,0.0,-33.0
1776887854.1551027,0.0,-1.0,-29.0
1776887854.1651027,-2.0,-2.0,-30.0
1776887854.1751027,-1.0,-4.0,-37.0
1776887854.1851027,0.0,-3.0,-41.0
1776887854.1951027,-3.0,-1.0,-41.0
1776887854.2051027,-2.0,-1.0,-44.0
1776887854.215103,-3.0,-7.0,-39.0
1776887854.225103,0.0,-8.0,-44.0
1776887854.235103,-1.0,-8.0,-39.0
1776887854.2451026,0.0,-7.0,-39.0
1776887854.2551026,3.0,-6.0,-43.0
1776887854.2651026,4.0,-5.0,-39.0
1776887854.2751029,2.0,-6.0,-35.0
1776887854.2851028,0.0,-5.0,-37.0
1776887854.2951028,3.0,-5.0,-37.0
1776887854.3051028,7.0,-6.0,-39.0
1776887854.3151028,5.0,-5.0,-39.0
1776887854.3261027,3.0,-7.0,-35.0
1776887854.3361027,0.0,-7.0,-41.0
1776887854.3451028,1.0,-9.0,-44.0
1776887854.3561027,1.0,-9.0,-45.0
1776887854.3661027,3.0,-11.0,-43.0
1776887854.3761027,4.0,-10.0,-44.0
1776887854.386103,2.0,-5.0,-42.0
1776887854.396103,0.0,1.0,-44.0
1776887854.406103,1.0,4.0,-45.0
1776887854.4161026,2.0,2.0,-35.0
1776887854.4261026,0.0,0.0,-31.0
1776887854.4361026,3.0,0.0,-40.0
1776887854.4461029,7.0,-2.0,-46.0
1776887854.4561028,5.0,-1.0,-40.0
1776887854.4661028,4.0,0.0,-42.0
1776887854.4761028,5.0,-2.0,-38.0
1776887854.4861028,4.0,-5.0,-43.0
1776887854.4961028,3.0,-7.0,-44.0
1776887854.5061028,1.0,-6.0,-41.0
1776887854.5161028,-3.0,-4.0,-33.0
1776887854.5261028,-6.0,-1.0,-36.0
1776887854.5361028,-7.0,-1.0,-41.0
1776887854.5461028,-6.0,-2.0,-40.0
1776887854.5561028,-2.0,-1.0,-33.0
1776887854.5661027,0.0,-3.0,-35.0
1776887854.5761027,-1.0,-7.0,-35.0
1776887854.5861027,-2.0,-4.0,-32.0
1776887854.5961027,2.0,-3.0,-28.0
1776887854.6061027,6.0,-1.0,-28.0
1776887854.6161027,7.0,-3.0,-34.0
1776887854.6261027,7.0,-1.0,-40.0
1776887854.636103,5.0,-4.0,-42.0
1776887854.646103,6.0,-4.0,-36.0
1776887854.656103,3.0,-4.0,-38.0
1776887854.6661026,5.0,-6.0,-38.0
1776887854.6761026,4.0,-9.0,-41.0
1776887854.6861026,2.0,-8.0,-41.0
1776887854.6961029,-1.0,-7.0,-41.0
1776887854.7061028,-3.0,-2.0,-39.0
1776887854.7161028,-2.0,-7.0,-36.0
1776887854.7261028,-1.0,-5.0,-33.0
1776887854.7361028,0.0,0.0,-28.0
1776887854.7461028,0.0,-1.0,-25.0
1776887854.7561028,0.0,1.0,-34.0
1776887854.7661028,1.0,0.0,-32.0
1776887854.7761028,-2.0,-3.0,-32.0
1776887854.7861028,0.0,-1.0,-30.0
1776887854.7961028,-1.0,-2.0,-25.0
1776887854.8061028,0.0,0.0,-32.0
1776887854.8161027,0.0,3.0,-37.0
1776887854.8261027,2.0,1.0,-35.0
1776887854.8361027,1.0,0.0,-41.0
1776887854.8461027,0.0,1.0,-40.0
1776887854.8561027,-1.0,0.0,-37.0
1776887854.8661027,-1.0,0.0,-35.0
1776887854.8761027,-2.0,0.0,-33.0
1776887854.886103,3.0,0.0,-37.0
1776887854.896103,3.0,-2.0,-35.0
1776887854.906103,2.0,-3.0,-31.0
1776887854.9161026,3.0,0.0,-32.0
1776887854.9261026,8.0,0.0,-36.0
1776887854.9361026,7.0,2.0,-32.0
1776887854.9461029,7.0,2.0,-31.0
1776887854.9561028,10.0,0.0,-36.0
1776887854.9661028,13.0,0.0,-41.0
1776887854.9761028,9.0,3.0,-46.0
1776887854.9861028,8.0,5.0,-43.0
1776887854.9961028,5.0,4.0,-38.0
1776887855.0061028,7.0,2.0,-32.0
1776887855.0161028,6.0,3.0,-30.0
1776887855.0261028,8.0,0.0,-28.0
1776887855.0361028,7.0,-1.0,-33.0
1776887855.0461028,7.0,0.0,-31.0
1776887855.0561028,8.0,-1.0,-33.0
1776887855.0661027,7.0,-2.0,-33.0
1776887855.0761027,3.0,-6.0,-36.0
1776887855.0861027,2.0,-6.0,-36.0
1776887855.0961027,1.0,-6.0,-41.0
1776887855.1061027,0.0,-4.0,-44.0
1776887855.1161027,0.0,-3.0,-40.0
1776887855.1261027,1.0,-2.0,-43.0
1776887855.136103,0.0,-3.0,-48.0
1776887855.146103,-1.0,-5.0,-50.0
1776887855.156103,-2.0,-4.0,-44.0
1776887855.1661026,-2.0,-2.0,-45.0
1776887855.1761026,-1.0,0.0,-45.0
1776887855.1861026,-4.0,0.0,-43.0
1776887855.1961029,-5.0,2.0,-40.0
1776887855.2061028,0.0,-2.0,-43.0
1776887855.2161028,-1.0,-4.0,-37.0
1776887855.2261028,-4.0,-6.0,-35.0
1776887855.2361028,-4.0,-5.0,-33.0
1776887855.2461028,-4.0,-4.0,-33.0
1776887855.2561028,-1.0,-2.0,-27.0
1776887855.2661028,-1.0,-5.0,-28.0
1776887855.2761028,-3.0,-4.0,-28.0
1776887855.2861028,-6.0,-7.0,-31.0
1776887855.2961028,-6.0,-10.0,-29.0
1776887855.3061028,-5.0,-6.0,-28.0
1776887855.3161027,-6.0,-1.0,-28.0
1776887855.3261027,-1.0,-3.0,-33.0
1776887855.3361027,3.0,-3.0,-38.0
1776887855.3461027,3.0,-5.0,-42.0
1776887855.3561027,1.0,-4.0,-38.0
1776887855.3661027,1.0,-2.0,-39.0
1776887855.3761027,3.0,1.0,-33.0
1776887855.386103,7.0,1.0,-36.0
1776887855.396103,6.0,-1.0,-35.0
1776887855.406103,7.0,-3.0,-42.0
1776887855.4161026,4.0,-1.0,-44.0
1776887855.4261026,-1.0,0.0,-52.0
1776887855.4361026,0.0,0.0,-50.0
1776887855.4461029,0.0,2.0,-47.0
1776887855.4561028,1.0,2.0,-48.0
1776887855.4661028,-2.0,0.0,-50.0
1776887855.4761028,1.0,2.0,-47.0
1776887855.4861028,3.0,1.0,-50.0
1776887855.4961028,1.0,-3.0,-53.0
1776887855.5061028,1.0,-6.0,-50.0
1776887855.5161028,4.0,-8.0,-48.0
1776887855.5261028,2.0,-6.0,-45.0
1776887855.5361028,3.0,-9.0,-43.0
1776887855.5461028,6.0,-10.0,-40.0
1776887855.5561028,3.0,-14.0,-38.0
1776887855.5661027,5.0,-12.0,-39.0
1776887855.5761027,4.0,-14.0,-43.0
1776887855.5861027,6.0,-11.0,-47.0
1776887855.5961027,9.0,-5.0,-39.0
1776887855.6061027,9.0,-5.0,-35.0
1776887855.6161027,12.0,-7.0,-39.0
1776887855.6261027,7.0,-9.0,-38.0
1776887855.636103,4.0,-9.0,-34.0
1776887855.646103,-1.0,-6.0,-30.0
1776887855.656103,-1.0,-7.0,-38.0
1776887855.6661026,4.0,-9.0,-38.0
1776887855.6761026,8.0,-12.0,-34.0
1776887855.6861026,8.0,-8.0,-41.0
1776887855.6961029,1.0,-9.0,-39.0
1776887855.7061028,2.0,-11.0,-34.0
1776887855.7161028,0.0,-8.0,-35.0
1776887855.7261028,1.0,-10.0,-35.0
1776887855.7361028,4.0,-9.0,-38.0
1776887855.7461028,2.0,-7.0,-38.0
1776887855.7561028,1.0,-6.0,-36.0
1776887855.7661028,2.0,-2.0,-32.0
1776887855.7761028,5.0,0.0,-34.0
1776887855.7861028,7.0,2.0,-32.0
1776887855.7961028,4.0,0.0,-32.0
1776887855.8061028,7.0,1.0,-32.0
1776887855.8161027,5.0,3.0,-36.0
1776887855.8261027,1.0,-1.0,-34.0
1776887855.8361027,-3.0,-4.0,-36.0
1776887855.8461027,-2.0,-2.0,-37.0
1776887855.8561027,-1.0,2.0,-39.0
1776887855.8661027,0.0,-1.0,-39.0
1776887855.8761027,1.0,-2.0,-43.0
1776887855.886103,6.0,-6.0,-37.0
1776887855.896103,0.0,-5.0,-37.0
1776887855.906103,4.0,-6.0,-41.0
1776887855.9161026,4.0,-6.0,-47.0
1776887855.9261026,3.0,-7.0,-51.0
1776887855.9361026,1.0,-11.0,-53.0
1776887855.9461029,0.0,-11.0,-51.0
1776887855.9561028,-1.0,-7.0,-48.0
1776887855.9661028,2.0,-5.0,-41.0
1776887855.9761028,2.0,-6.0,-36.0
1776887855.9861028,8.0,-9.0,-40.0
1776887855.9961028,6.0,-10.0,-39.0
1776887856.0061028,4.0,-7.0,-43.0
1776887856.0161028,3.0,-4.0,-50.0
1776887856.0261028,2.0,-4.0,-51.0
1776887856.0361028,2.0,-5.0,-50.0
1776887856.0461028,-1.0,-2.0,-51.0
1776887856.0561028,-3.0,-9.0,-49.0
1776887856.0661027,-3.0,-9.0,-53.0
1776887856.0761027,-4.0,-13.0,-55.0
1776887856.0861027,-2.0,-9.0,-56.0
1776887856.0961027,-2.0,-5.0,-54.0
1776887856.1061027,4.0,-1.0,-53.0
1776887856.1161027,1.0,0.0,-54.0
1776887856.1261027,0.0,-1.0,-48.0
1776887856.136103,0.0,-1.0,-44.0
1776887856.146103,6.0,0.0,-43.0
1776887856.156103,4.0,0.0,-35.0
1776887856.1661026,3.0,-4.0,-32.0
1776887856.1761026,0.0,-8.0,-33.0
1776887856.1861026,-1.0,-14.0,-39.0
1776887856.1961029,-3.0,-9.0,-41.0
1776887856.2061028,0.0,-6.0,-41.0
1776887856.2161028,5.0,0.0,-40.0
1776887856.2261028,8.0,0.0,-37.0
1776887856.2361028,6.0,0.0,-33.0
1776887856.2461028,7.0,-1.0,-31.0
1776887856.2561028,5.0,1.0,-32.0
1776887856.2661028,6.0,1.0,-33.0
1776887856.2761028,4.0,-1.0,-39.0
1776887856.2861028,6.0,0.0,-38.0
1776887856.2961028,8.0,0.0,-39.0
1776887856.3061028,6.0,0.0,-33.0
1776887856.3161027,6.0,3.0,-31.0
1776887856.327103,6.0,3.0,-29.0
1776887856.337103,4.0,4.0,-26.0
1776887856.3461027,4.0,5.0,-23.0
1776887856.3571026,4.0,3.0,-33.0
1776887856.3671026,2.0,2.0,-34.0
1776887856.3771029,2.0,5.0,-25.0
1776887856.3871028,4.0,3.0,-27.0
1776887856.3971028,1.0,3.0,-29.0
1776887856.4071028,2.0,1.0,-20.0
1776887856.4171028,2.0,2.0,-21.0
1776887856.4271028,4.0,1.0,-29.0
1776887856.4371028,0.0,1.0,-24.0
1776887856.4471028,0.0,1.0,-20.0
1776887856.4571028,2.0,1.0,-27.0
1776887856.4671028,4.0,3.0,-33.0
1776887856.4771028,4.0,2.0,-43.0
1776887856.4871027,1.0,0.0,-44.0
1776887856.4971027,-1.0,4.0,-40.0
1776887856.5071027,1.0,6.0,-42.0
1776887856.5171027,3.0,2.0,-42.0
1776887856.5271027,6.0,0.0,-38.0
1776887856.5371027,8.0,1.0,-38.0
1776887856.5471027,8.0,-2.0,-38.0
1776887856.557103,4.0,-3.0,-39.0
1776887856.567103,3.0,-1.0,-39.0
1776887856.577103,0.0,1.0,-46.0
1776887856.587103,-1.0,-2.0,-43.0
1776887856.5971026,-3.0,-4.0,-47.0
1776887856.6071026,1.0,-2.0,-41.0
1776887856.6171026,1.0,-3.0,-40.0
1776887856.6271029,0.0,-3.0,-38.0
1776887856.6371028,-1.0,-5.0,-38.0
1776887856.6471028,-3.0,-7.0,-39.0
1776887856.6571028,-1.0,-6.0,-38.0
1776887856.6671028,2.0,-3.0,-37.0
1776887856.6771028,1.0,2.0,-34.0
1776887856.6871028,-1.0,5.0,-26.0
1776887856.6971028,0.0,4.0,-24.0
1776887856.7071028,1.0,-1.0,-23.0
1776887856.7171028,3.0,1.0,-27.0
1776887856.7271028,1.0,-2.0,-32.0
1776887856.7371027,2.0,-1.0,-39.0
1776887856.7471027,6.0,-4.0,-38.0
1776887856.7571027,2.0,-2.0,-41.0
1776887856.7671027,5.0,0.0,-46.0
1776887856.7771027,5.0,-3.0,-49.0
1776887856.7871027,3.0,-5.0,-45.0
1776887856.7971027,4.0,-7.0,-41.0
1776887856.807103,2.0,-4.0,-38.0
1776887856.817103,1.0,-3.0,-37.0
1776887856.827103,0.0,0.0,-32.0
1776887856.837103,0.0,0.0,-34.0
1776887856.8471026,0.0,-2.0,-33.0
1776887856.8571026,0.0,-8.0,-28.0
1776887856.8671026,2.0,-9.0,-27.0
1776887856.8771029,5.0,-5.0,-28.0
1776887856.8871028,8.0,-6.0,-29.0
1776887856.8971028,5.0,-6.0,-29.0
1776887856.9071028,6.0,-4.0,-37.0
1776887856.9171028,7.0,-3.0,-33.0
1776887856.9271028,6.0,-6.0,-33.0
1776887856.9371028,4.0,-6.0,-35.0
1776887856.9471028,3.0,-1.0,-45.0
1776887856.9571028,4.0,-2.0,-39.0
1776887856.9671028,-1.0,-6.0,-36.0
1776887856.9771028,-2.0,-7.0,-40.0
1776887856.9871027,-2.0,-7.0,-45.0
1776887856.9971027,-1.0,-6.0,-46.0
1776887857.0071027,-5.0,0.0,-48.0
1776887857.0171027,-6.0,1.0,-50.0
1776887857.0271027,-4.0,-3.0,-47.0
1776887857.0371027,-2.0,0.0,-47.0
1776887857.0471027,2.0,-1.0,-41.0
1776887857.057103,3.0,-5.0,-43.0
1776887857.067103,3.0,-6.0,-39.0
1776887857.077103,4.0,-6.0,-37.0
1776887857.087103,2.0,-3.0,-31.0
1776887857.0971026,0.0,0.0,-30.0
1776887857.1071026,3.0,-1.0,-31.0
1776887857.1171026,6.0,7.0,-36.0
1776887857.1271029,3.0,6.0,-32.0
1776887857.1371028,1.0,6.0,-40.0
1776887857.1471028,0.0,3.0,-35.0
1776887857.1571028,0.0,3.0,-32.0
1776887857.1671028,-1.0,4.0,-34.0
1776887857.1771028,-2.0,3.0,-27.0
1776887857.1871028,-3.0,4.0,-36.0
1776887857.1971028,-4.0,9.0,-42.0
1776887857.2071028,-3.0,11.0,-39.0
1776887857.2171028,-5.0,9.0,-40.0
1776887857.2271028,-7.0,6.0,-46.0
1776887857.2371027,-6.0,0.0,-44.0
1776887857.2471027,-7.0,7.0,-40.0
1776887857.2571027,-4.0,3.0,-37.0
1776887857.2671027,0.0,5.0,-32.0
1776887857.2771027,-2.0,6.0,-26.0
1776887857.2871027,0.0,4.0,-30.0
1776887857.2971027,1.0,1.0,-35.0
1776887857.307103,-1.0,-2.0,-37.0
1776887857.317103,-4.0,-8.0,-43.0
1776887857.327103,-5.0,-8.0,-37.0
1776887857.337103,-4.0,-8.0,-36.0
1776887857.3471026,-2.0,-7.0,-40.0
1776887857.3571026,0.0,-8.0,-41.0
1776887857.3671026,0.0,-4.0,-38.0
1776887857.3771029,-2.0,-2.0,-44.0
1776887857.3871028,-5.0,2.0,-43.0
1776887857.3971028,-4.0,3.0,-44.0
1776887857.4071028,0.0,0.0,-39.0
1776887857.4171028,-1.0,-4.0,-36.0
1776887857.4271028,0.0,-3.0,-36.0
1776887857.4371028,4.0,0.0,-38.0
1776887857.4471028,3.0,1.0,-39.0
1776887857.4571028,1.0,0.0,-37.0
1776887857.4671028,-2.0,-1.0,-37.0
1776887857.4771028,0.0,-2.0,-34.0
1776887857.4871027,3.0,-6.0,-33.0
1776887857.4971027,2.0,-3.0,-37.0
1776887857.5071027,1.0,-1.0,-31.0
1776887857.5171027,4.0,-2.0,-28.0
1776887857.5271027,3.0,-7.0,-22.0
1776887857.5371027,0.0,-4.0,-24.0
1776887857.5471027,1.0,-3.0,-28.0
1776887857.557103,2.0,-3.0,-25.0
1776887857.567103,2.0,-1.0,-21.0
1776887857.577103,5.0,-5.0,-20.0
1776887857.587103,3.0,-6.0,-21.0
1776887857.5971026,-1.0,-2.0,-27.0
1776887857.6071026,-1.0,2.0,-33.0
1776887857.6171026,-5.0,0.0,-35.0
1776887857.6271029,-3.0,0.0,-36.0
1776887857.6371028,-4.0,-2.0,-28.0
1776887857.6471028,-3.0,-7.0,-26.0
1776887857.6571028,-4.0,-10.0,-27.0
1776887857.6671028,-8.0,-5.0,-29.0
1776887857.6771028,-3.0,-1.0,-32.0
1776887857.6871028,2.0,-3.0,-39.0
1776887857.6971028,4.0,-4.0,-43.0
1776887857.7071028,2.0,-1.0,-37.0
1776887857.7171028,6.0,-2.0,-34.0
1776887857.7271028,3.0,-5.0,-32.0
1776887857.7371027,-2.0,-7.0,-35.0
1776887857.7471027,-3.0,-4.0,-34.0
1776887857.7571027,-5.0,-8.0,-32.0
1776887857.7671027,-10.0,-8.0,-31.0
1776887857.7771027,-7.0,-6.0,-38.0
1776887857.7871027,-9.0,-5.0,-42.0
1776887857.7971027,-3.0,-4.0,-39.0
1776887857.807103,4.0,-6.0,-41.0
1776887857.817103,9.0,-3.0,-41.0
1776887857.827103,8.0,-2.0,-49.0
1776887857.837103,2.0,-1.0,-53.0
1776887857.8471026,3.0,1.0,-54.0
1776887857.8571026,-1.0,2.0,-47.0
1776887857.8671026,-2.0,2.0,-50.0
1776887857.8771029,0.0,0.0,-44.0
1776887857.8871028,-2.0,-3.0,-42.0
1776887857.8971028,-4.0,1.0,-42.0
1776887857.9071028,-1.0,0.0,-40.0
1776887857.9171028,4.0,1.0,-45.0
1776887857.9271028,1.0,1.0,-48.0
1776887857.9371028,3.0,1.0,-44.0
1776887857.9471028,4.0,0.0,-35.0
1776887857.9571028,1.0,2.0,-36.0
1776887857.9671028,0.0,-1.0,-37.0
1776887857.9771028,0.0,-2.0,-34.0
1776887857.9871027,0.0,0.0,-35.0
1776887857.9971027,0.0,-1.0,-41.0
1776887858.0071027,0.0,-2.0,-44.0
1776887858.0171027,-2.0,-2.0,-42.0
1776887858.0271027,0.0,-5.0,-43.0
1776887858.0371027,-2.0,-7.0,-41.0
1776887858.0471027,-1.0,-8.0,-39.0
1776887858.057103,-3.0,-11.0,-44.0
1776887858.067103,1.0,-5.0,-45.0
1776887858.077103,1.0,-3.0,-44.0
1776887858.087103,2.0,-2.0,-46.0
1776887858.0971026,8.0,-1.0,-44.0
1776887858.1071026,2.0,-4.0,-45.0
1776887858.1171026,1.0,-6.0,-50.0
1776887858.1271029,2.0,-4.0,-47.0
1776887858.1371028,0.0,-3.0,-32.0
1776887858.1471028,1.0,-2.0,-36.0
1776887858.1571028,0.0,0.0,-41.0
1776887858.1671028,0.0,2.0,-42.0
1776887858.1771028,0.0,2.0,-46.0
1776887858.1871028,-1.0,3.0,-43.0
1776887858.1971028,0.0,2.0,-41.0
1776887858.2071028,0.0,1.0,-36.0
1776887858.2171028,1.0,-3.0,-37.0
1776887858.2271028,2.0,-4.0,-38.0
1776887858.2371027,-2.0,-1.0,-35.0
1776887858.2471027,-4.0,3.0,-37.0
1776887858.2571027,0.0,8.0,-40.0
1776887858.2671027,-1.0,10.0,-42.0
1776887858.2771027,0.0,6.0,-42.0
1776887858.2871027,2.0,7.0,-38.0
1776887858.2971027,2.0,4.0,-28.0
1776887858.307103,-1.0,3.0,-38.0
1776887858.317103,-1.0,-1.0,-34.0
1776887858.327103,-4.0,-4.0,-29.0
1776887858.337103,-7.0,0.0,-27.0
1776887858.3471026,-10.0,0.0,-30.0
1776887858.3581028,-8.0,-1.0,-26.0
1776887858.3671026,-3.0,2.0,-32.0
1776887858.3781028,0.0,1.0,-36.0
1776887858.3881028,-2.0,-2.0,-37.0
1776887858.3981028,2.0,-3.0,-37.0
1776887858.4081028,2.0,-1.0,-35.0
1776887858.4181027,1.0,0.0,-38.0
1776887858.4281027,3.0,1.0,-36.0
1776887858.4381027,0.0,2.0,-39.0
1776887858.4481027,4.0,1.0,-42.0
1776887858.4581027,6.0,3.0,-44.0
1776887858.4681027,2.0,0.0,-40.0
1776887858.4781027,-1.0,-1.0,-36.0
1776887858.488103,-5.0,-1.0,-30.0
1776887858.498103,-7.0,0.0,-30.0
1776887858.508103,-8.0,1.0,-33.0
1776887858.5181026,-2.0,2.0,-30.0
1776887858.5281026,-3.0,-6.0,-29.0
1776887858.5381026,-4.0,-8.0,-28.0
1776887858.5481029,-1.0,-4.0,-30.0
1776887858.5581028,-2.0,-4.0,-30.0
1776887858.5681028,0.0,-3.0,-35.0
1776887858.5781028,0.0,-2.0,-36.0
1776887858.5881028,-1.0,-2.0,-25.0
1776887858.5981028,2.0,-2.0,-26.0
1776887858.6081028,2.0,-3.0,-31.0
1776887858.6181028,5.0,-1.0,-34.0
1776887858.6281028,6.0,0.0,-29.0
1776887858.6381028,8.0,-2.0,-34.0
1776887858.6481028,4.0,0.0,-35.0
1776887858.6581028,3.0,-1.0,-36.0
1776887858.6681027,4.0,0.0,-39.0
1776887858.6781027,7.0,0.0,-45.0
1776887858.6881027,7.0,1.0,-46.0
1776887858.6981027,2.0,0.0,-42.0
1776887858.7081027,2.0,1.0,-40.0
1776887858.7181027,3.0,1.0,-36.0
1776887858.7281027,2.0,0.0,-34.0
1776887858.738103,2.0,-1.0,-31.0
1776887858.748103,1.0,-4.0,-39.0
1776887858.758103,0.0,0.0,-38.0
1776887858.7681026,4.0,1.0,-41.0
1776887858.7781026,2.0,0.0,-35.0
1776887858.7881026,-2.0,0.0,-34.0
1776887858.7981029,-4.0,2.0,-27.0
1776887858.8081028,-3.0,3.0,-33.0
1776887858.8181028,-1.0,1.0,-36.0
1776887858.8281028,1.0,-1.0,-35.0
1776887858.8381028,1.0,-1.0,-30.0
1776887858.8481028,5.0,-1.0,-31.0
1776887858.8581028,8.0,0.0,-34.0
1776887858.8681028,5.0,-2.0,-38.0
1776887858.8781028,7.0,-4.0,-34.0
1776887858.8881028,6.0,-4.0,-38.0
1776887858.8981028,6.0,-1.0,-41.0
1776887858.9081028,5.0,0.0,-44.0
1776887858.9181027,5.0,-1.0,-45.0
1776887858.9281027,7.0,-1.0,-47.0
1776887858.9381027,7.0,2.0,-40.0
1776887858.9481027,3.0,2.0,-34.0
1776887858.9581027,1.0,3.0,-35.0
1776887858.9681027,4.0,1.0,-27.0
1776887858.9781027,4.0,2.0,-30.0
1776887858.988103,2.0,-1.0,-33.0
1776887858.998103,3.0,0.0,-34.0
1776887859.008103,3.0,0.0,-37.0
1776887859.0181026,6.0,0.0,-40.0
1776887859.0281026,5.0,3.0,-38.0
1776887859.0381026,0.0,2.0,-34.0
1776887859.0481029,-2.0,0.0,-31.0
1776887859.0581028,0.0,0.0,-41.0
1776887859.0681028,-2.0,0.0,-43.0
1776887859.0781028,-4.0,-4.0,-43.0
1776887859.0881028,-2.0,-4.0,-44.0
1776887859.0981028,-6.0,-2.0,-45.0
1776887859.1081028,-4.0,-5.0,-52.0
1776887859.1181028,-1.0,-3.0,-50.0
1776887859.1281028,-5.0,-6.0,-47.0
1776887859.1381028,-4.0,-4.0,-40.0
1776887859.1481028,-6.0,-5.0,-34.0
1776887859.1581028,0.0,-3.0,-26.0
1776887859.1681027,3.0,-4.0,-21.0
1776887859.1781027,6.0,0.0,-25.0
1776887859.1881027,5.0,-5.0,-29.0
1776887859.1981027,5.0,-6.0,-31.0
1776887859.2081027,6.0,-8.0,-36.0
1776887859.2181027,2.0,-9.0,-31.0
1776887859.2281027,3.0,-7.0,-22.0
1776887859.238103,3.0,-5.0,-24.0
1776887859.248103,1.0,-4.0,-27.0
1776887859.258103,4.0,-3.0,-27.0
1776887859.2681026,7.0,-5.0,-26.0
1776887859.2781026,7.0,-4.0,-28.0
1776887859.2881026,5.0,-7.0,-26.0
1776887859.2981029,5.0,-3.0,-26.0
1776887859.3081028,6.0,-1.0,-30.0
1776887859.3181028,4.0,1.0,-37.0
1776887859.3281028,5.0,0.0,-38.0
1776887859.3381028,1.0,-3.0,-39.0
1776887859.3481028,1.0,-4.0,-41.0
1776887859.3581028,-1.0,-7.0,-40.0
1776887859.3681028,-2.0,0.0,-38.0
1776887859.3781028,-1.0,-2.0,-34.0
1776887859.3881028,0.0,-2.0,-32.0
1776887859.3981028,1.0,-4.0,-36.0
1776887859.4081028,1.0,-6.0,-38.0
1776887859.4181027,6.0,-7.0,-41.0
1776887859.4281027,7.0,-8.0,-43.0
1776887859.4381027,3.0,-7.0,-43.0
1776887859.4481027,0.0,-3.0,-38.0
1776887859.4581027,-1.0,-4.0,-33.0
1776887859.4681027,1.0,-1.0,-26.0
1776887859.4781027,3.0,0.0,-30.0
1776887859.488103,4.0,0.0,-35.0
1776887859.498103,2.0,-1.0,-40.0
1776887859.508103,4.0,-1.0,-42.0
1776887859.5181026,2.0,1.0,-45.0
1776887859.5281026,1.0,0.0,-43.0
1776887859.5381026,0.0,-4.0,-42.0
1776887859.5481029,-1.0,-5.0,-36.0
1776887859.5581028,0.0,-2.0,-36.0
1776887859.5681028,4.0,-5.0,-38.0
1776887859.5781028,1.0,-6.0,-38.0
1776887859.5881028,1.0,-7.0,-35.0
1776887859.5981028,1.0,-9.0,-37.0
1776887859.6081028,4.0,-9.0,-37.0
1776887859.6181028,6.0,-12.0,-36.0
1776887859.6281028,7.0,-12.0,-41.0
1776887859.6381028,5.0,-10.0,-40.0
1776887859.6481028,3.0,-5.0,-46.0
1776887859.6581028,0.0,-3.0,-41.0
1776887859.6681027,2.0,-2.0,-38.0
1776887859.6781027,2.0,-2.0,-40.0
1776887859.6881027,-3.0,3.0,-42.0
1776887859.6981027,3.0,1.0,-43.0
1776887859.7081027,4.0,4.0,-38.0
1776887859.7181027,5.0,2.0,-39.0
1776887859.7281027,3.0,-3.0,-45.0
1776887859.738103,2.0,-4.0,-50.0
1776887859.748103,-2.0,-2.0,-45.0
1776887859.758103,-2.0,-1.0,-41.0
1776887859.7681026,1.0,-2.0,-40.0
1776887859.7781026,0.0,-5.0,-46.0
1776887859.7881026,0.0,-4.0,-47.0
1776887859.7981029,-1.0,-2.0,-44.0
1776887859.8081028,-2.0,0.0,-38.0
1776887859.8181028,0.0,0.0,-37.0
1776887859.8281028,0.0,2.0,-32.0
1776887859.8381028,5.0,2.0,-31.0
1776887859.8481028,8.0,3.0,-33.0
1776887859.8581028,6.0,3.0,-37.0
1776887859.8681028,2.0,3.0,-37.0
1776887859.8781028,1.0,2.0,-33.0
1776887859.8881028,1.0,3.0,-28.0
1776887859.8981028,3.0,0.0,-35.0
1776887859.9081028,4.0,0.0,-31.0
1776887859.9181027,6.0,-1.0,-38.0
1776887859.9281027,10.0,0.0,-32.0
1776887859.9381027,9.0,0.0,-30.0
1776887859.9481027,8.0,0.0,-28.0
1776887859.9581027,7.0,0.0,-33.0
1776887859.9681027,11.0,-2.0,-32.0
1776887859.9781027,8.0,-3.0,-34.0
1776887859.988103,6.0,-1.0,-40.0
1776887859.998103,9.0,0.0,-36.0
1776887860.008103,6.0,-2.0,-38.0
1776887860.0181026,6.0,-3.0,-36.0
1776887860.0281026,2.0,-4.0,-41.0
1776887860.0381026,1.0,-7.0,-44.0
1776887860.0481029,1.0,-3.0,-35.0
1776887860.0581028,2.0,-2.0,-32.0
1776887860.0681028,-1.0,-4.0,-30.0
1776887860.0781028,0.0,-4.0,-31.0
1776887860.0881028,5.0,-8.0,-30.0
1776887860.0981028,8.0,-4.0,-32.0
1776887860.1081028,4.0,1.0,-27.0
1776887860.1181028,0.0,3.0,-23.0
1776887860.1281028,-1.0,2.0,-27.0
1776887860.1381028,1.0,1.0,-34.0
1776887860.1481028,3.0,-1.0,-37.0
1776887860.1581028,0.0,-4.0,-35.0
1776887860.1681027,-5.0,-6.0,-37.0
1776887860.1781027,-3.0,-7.0,-34.0
1776887860.1881027,3.0,-7.0,-33.0
1776887860.1981027,7.0,-5.0,-38.0
1776887860.2081027,3.0,-3.0,-40.0
1776887860.2181027,2.0,-3.0,-35.0
1776887860.2281027,0.0,0.0,-40.0
1776887860.238103,0.0,-1.0,-40.0
1776887860.248103,-2.0,0.0,-45.0
1776887860.258103,-3.0,0.0,-43.0
1776887860.2681026,-6.0,1.0,-45.0
1776887860.2781026,-6.0,0.0,-43.0
1776887860.2881026,-5.0,8.0,-40.0
1776887860.2981029,-5.0,8.0,-35.0
1776887860.3081028,-5.0,6.0,-33.0
1776887860.3181028,-4.0,4.0,-32.0
1776887860.3281028,-9.0,2.0,-34.0
1776887860.3381028,-7.0,1.0,-38.0
1776887860.3481028,-1.0,4.0,-37.0
1776887860.3581028,2.0,3.0,-35.0
1776887860.3681028,4.0,-1.0,-33.0
1776887860.3791027,4.0,1.0,-34.0
1776887860.3891027,1.0,-1.0,-35.0
1776887860.3991027,0.0,0.0,-42.0
1776887860.409103,6.0,0.0,-39.0
1776887860.419103,7.0,-5.0,-38.0
1776887860.429103,3.0,-6.0,-35.0
1776887860.4391026,4.0,-6.0,-32.0
1776887860.4491026,6.0,-5.0,-31.0
1776887860.4591026,4.0,-2.0,-37.0
1776887860.4691026,6.0,0.0,-33.0
1776887860.4791028,8.0,0.0,-35.0
1776887860.4891028,5.0,1.0,-38.0
1776887860.4991028,7.0,3.0,-37.0
1776887860.5091028,4.0,1.0,-36.0
1776887860.5191028,6.0,3.0,-32.0
1776887860.5291028,3.0,4.0,-31.0
1776887860.5391028,5.0,5.0,-38.0
1776887860.5491028,1.0,5.0,-35.0
1776887860.5591028,1.0,1.0,-32.0
1776887860.5691028,-3.0,0.0,-36.0
1776887860.5791028,-3.0,2.0,-42.0
1776887860.5891027,-1.0,0.0,-37.0
1776887860.5991027,-2.0,0.0,-35.0
1776887860.6091027,0.0,-2.0,-39.0
1776887860.6191027,4.0,0.0,-45.0
1776887860.6291027,2.0,1.0,-45.0
1776887860.6391027,2.0,0.0,-44.0
1776887860.6491027,2.0,-4.0,-44.0
1776887860.659103,2.0,-3.0,-38.0
1776887860.669103,0.0,0.0,-35.0
1776887860.679103,0.0,-2.0,-30.0
1776887860.6891026,3.0,0.0,-27.0
1776887860.6991026,-2.0,-2.0,-32.0
1776887860.7091026,-2.0,1.0,-33.0
1776887860.7191026,0.0,0.0,-35.0
1776887860.7291028,0.0,3.0,-32.0
1776887860.7391028,0.0,0.0,-38.0
1776887860.7491028,4.0,0.0,-39.0
1776887860.7591028,-1.0,-1.0,-42.0
1776887860.7691028,0.0,-1.0,-45.0
1776887860.7791028,0.0,-1.0,-45.0
1776887860.7891028,-3.0,2.0,-44.0
1776887860.7991028,-7.0,1.0,-40.0
1776887860.8091028,-7.0,-1.0,-43.0
1776887860.8191028,-9.0,0.0,-41.0
1776887860.8291028,-7.0,0.0,-39.0
1776887860.8391027,-9.0,2.0,-38.0
1776887860.8491027,-6.0,0.0,-40.0
1776887860.8591027,-6.0,2.0,-44.0
1776887860.8691027,-4.0,0.0,-47.0
1776887860.8791027,-1.0,-4.0,-46.0
1776887860.8891027,1.0,-3.0,-45.0
1776887860.8991027,0.0,-2.0,-54.0
1776887860.909103,-2.0,-3.0,-47.0
1776887860.919103,-2.0,-1.0,-44.0
1776887860.929103,0.0,-1.0,-46.0
1776887860.9391026,0.0,-5.0,-41.0
1776887860.9491026,4.0,-3.0,-38.0
1776887860.9591026,8.0,1.0,-34.0
1776887860.9691026,6.0,0.0,-30.0
1776887860.9791028,10.0,-1.0,-32.0
1776887860.9891028,5.0,0.0,-30.0
1776887860.9991028,3.0,-1.0,-32.0
1776887861.0091028,-1.0,-2.0,-24.0
1776887861.0191028,-2.0,-4.0,-31.0
1776887861.0291028,-5.0,-1.0,-41.0
1776887861.0391028,-6.0,-1.0,-44.0
1776887861.0491028,-4.0,0.0,-44.0
1776887861.0591028,-7.0,2.0,-45.0
1776887861.0691028,-7.0,3.0,-48.0
1776887861.0791028,-5.0,1.0,-49.0
1776887861.0891027,-5.0,-2.0,-50.0
1776887861.0991027,-6.0,-1.0,-47.0
1776887861.1091027,-9.0,-1.0,-35.0
1776887861.1191027,-1.0,0.0,-33.0
1776887861.1291027,-3.0,-3.0,-35.0
1776887861.1391027,-2.0,-6.0,-34.0
1776887861.1491027,-1.0,-4.0,-28.0
1776887861.159103,0.0,-3.0,-26.0
1776887861.169103,0.0,-4.0,-30.0
1776887861.179103,1.0,-6.0,-29.0
1776887861.1891026,2.0,-5.0,-31.0
1776887861.1991026,2.0,-3.0,-30.0
1776887861.2091026,3.0,0.0,-33.0
1776887861.2191026,-2.0,1.0,-35.0
1776887861.2291028,1.0,-2.0,-37.0
1776887861.2391028,-3.0,-1.0,-38.0
1776887861.2491028,-3.0,0.0,-34.0
1776887861.2591028,-4.0,-4.0,-27.0
1776887861.2691028,-6.0,-3.0,-33.0
1776887861.2791028,-2.0,-4.0,-35.0
1776887861.2891028,0.0,0.0,-33.0
1776887861.2991028,-3.0,-1.0,-28.0
1776887861.3091028,0.0,-2.0,-31.0
1776887861.3191028,3.0,-5.0,-33.0
1776887861.3291028,2.0,-6.0,-35.0
1776887861.3391027,3.0,-3.0,-31.0
1776887861.3491027,4.0,-4.0,-30.0
1776887861.3591027,3.0,-1.0,-33.0
1776887861.3691027,2.0,1.0,-40.0
1776887861.3791027,2.0,3.0,-36.0
1776887861.3891027,5.0,0.0,-37.0
1776887861.3991027,4.0,1.0,-41.0
1776887861.409103,3.0,4.0,-46.0
1776887861.419103,6.0,7.0,-43.0
1776887861.429103,6.0,8.0,-38.0
1776887861.4391026,6.0,4.0,-38.0
1776887861.4491026,6.0,4.0,-40.0
1776887861.4591026,0.0,1.0,-41.0
1776887861.4691026,1.0,-4.0,-47.0
1776887861.4791028,5.0,-7.0,-39.0
1776887861.4891028,3.0,-6.0,-41.0
1776887861.4991028,6.0,-8.0,-43.0
1776887861.5091028,1.0,-9.0,-39.0
1776887861.5191028,0.0,-8.0,-38.0
1776887861.5291028,0.0,-9.0,-43.0
1776887861.5391028,5.0,-12.0,-41.0
1776887861.5491028,5.0,-13.0,-34.0
1776887861.5591028,9.0,-11.0,-27.0
1776887861.5691028,8.0,-6.0,-31.0
1776887861.5791028,5.0,-3.0,-34.0
1776887861.5891027,8.0,-2.0,-41.0
1776887861.5991027,8.0,0.0,-37.0
1776887861.6091027,8.0,-1.0,-31.0
1776887861.6191027,5.0,0.0,-36.0
1776887861.6291027,5.0,1.0,-39.0
1776887861.6391027,4.0,-3.0,-32.0
1776887861.6491027,0.0,1.0,-39.0
1776887861.659103,-2.0,-1.0,-32.0
1776887861.669103,-2.0,-3.0,-30.0
1776887861.679103,-2.0,-7.0,-37.0
1776887861.6891026,0.0,-5.0,-40.0
1776887861.6991026,1.0,0.0,-39.0
1776887861.7091026,0.0,4.0,-41.0
1776887861.7191026,-1.0,1.0,-37.0
1776887861.7291028,0.0,-2.0,-35.0
1776887861.7391028,0.0,-5.0,-34.0
1776887861.7491028,-1.0,-4.0,-36.0
1776887861.7591028,-2.0,-3.0,-37.0
1776887861.7691028,-2.0,-6.0,-37.0
1776887861.7791028,-2.0,-1.0,-38.0
1776887861.7891028,-4.0,-1.0,-35.0
1776887861.7991028,-5.0,-4.0,-35.0
1776887861.8091028,-9.0,-6.0,-30.0
1776887861.8191028,-6.0,-6.0,-29.0
1776887861.8291028,-5.0,-5.0,-31.0
1776887861.8391027,-1.0,-4.0,-24.0
1776887861.8491027,2.0,-3.0,-30.0
1776887861.8591027,2.0,-2.0,-35.0
1776887861.8691027,2.0,-1.0,-29.0
1776887861.8791027,2.0,0.0,-32.0
1776887861.8891027,-1.0,0.0,-31.0
1776887861.8991027,0.0,0.0,-29.0
1776887861.909103,-3.0,-1.0,-38.0
1776887861.919103,-3.0,-1.0,-39.0
1776887861.929103,-4.0,-2.0,-43.0
1776887861.9391026,-7.0,-4.0,-40.0
1776887861.9491026,-2.0,-3.0,-47.0
1776887861.9591026,-4.0,-7.0,-40.0
1776887861.9691026,-5.0,-3.0,-36.0
1776887861.9791028,-5.0,1.0,-33.0
1776887861.9891028,-2.0,2.0,-27.0
1776887861.9991028,-3.0,0.0,-33.0
1776887862.0091028,-6.0,0.0,-28.0
1776887862.0191028,-5.0,0.0,-33.0
1776887862.0291028,2.0,0.0,-40.0
1776887862.0391028,6.0,-1.0,-45.0
1776887862.0491028,6.0,-3.0,-44.0
1776887862.0591028,5.0,0.0,-42.0
1776887862.0691028,1.0,0.0,-36.0
1776887862.0791028,-1.0,0.0,-32.0
1776887862.0891027,-3.0,3.0,-31.0
1776887862.0991027,0.0,5.0,-30.0
1776887862.1091027,0.0,7.0,-33.0
1776887862.1191027,1.0,6.0,-33.0
1776887862.1291027,-1.0,3.0,-33.0
1776887862.1391027,-5.0,2.0,-26.0
1776887862.1491027,-3.0,3.0,-26.0
1776887862.159103,0.0,4.0,-25.0
1776887862.169103,0.0,2.0,-29.0
1776887862.179103,6.0,3.0,-24.0
1776887862.1891026,6.0,1.0,-32.0
1776887862.1991026,7.0,-1.0,-38.0
1776887862.2091026,5.0,-7.0,-39.0
1776887862.2191026,3.0,-8.0,-40.0
1776887862.2291028,0.0,-6.0,-40.0
1776887862.2391028,4.0,-7.0,-37.0
1776887862.2491028,1.0,-6.0,-39.0
1776887862.2591028,0.0,-9.0,-33.0
1776887862.2691028,4.0,-8.0,-33.0
1776887862.2791028,4.0,-4.0,-37.0
1776887862.2891028,5.0,-3.0,-38.0
1776887862.2991028,2.0,1.0,-36.0
1776887862.3091028,0.0,-1.0,-38.0
1776887862.3191028,1.0,2.0,-38.0
1776887862.3301027,-2.0,0.0,-47.0
1776887862.340103,3.0,2.0,-43.0
1776887862.350103,3.0,4.0,-38.0
1776887862.3591027,-1.0,6.0,-39.0
1776887862.3701026,-2.0,3.0,-28.0
1776887862.3801026,-2.0,3.0,-33.0
1776887862.3901026,-1.0,2.0,-23.0
1776887862.4001029,0.0,0.0,-24.0
1776887862.4101028,-4.0,-2.0,-23.0
1776887862.4201028,-6.0,-5.0,-23.0
1776887862.4301028,-5.0,-5.0,-19.0
1776887862.4401028,-4.0,-4.0,-16.0
1776887862.4501028,-3.0,-3.0,-24.0
1776887862.4601028,-5.0,-4.0,-28.0
1776887862.4701028,-2.0,-3.0,-31.0
1776887862.4801028,3.0,-1.0,-37.0
1776887862.4901028,6.0,-2.0,-40.0
1776887862.5001028,1.0,0.0,-39.0
1776887862.5101027,3.0,2.0,-38.0
1776887862.5201027,2.0,4.0,-29.0
1776887862.5301027,1.0,0.0,-31.0
1776887862.5401027,-2.0,-6.0,-29.0
1776887862.5501027,0.0,-7.0,-32.0
1776887862.5601027,1.0,-4.0,-36.0
1776887862.5701027,0.0,-6.0,-31.0
1776887862.5801027,-4.0,-7.0,-32.0
1776887862.590103,0.0,-2.0,-27.0
1776887862.600103,1.0,0.0,-31.0
1776887862.610103,4.0,-1.0,-40.0
1776887862.6201026,1.0,1.0,-44.0
1776887862.6301026,2.0,2.0,-40.0
1776887862.6401026,6.0,3.0,-36.0
1776887862.6501029,0.0,7.0,-36.0
1776887862.6601028,-4.0,3.0,-45.0
1776887862.6701028,-2.0,-3.0,-46.0
1776887862.6801028,-1.0,-8.0,-44.0
1776887862.6901028,-2.0,-5.0,-44.0
1776887862.7001028,-3.0,-6.0,-43.0
1776887862.7101028,0.0,-8.0,-45.0
1776887862.7201028,1.0,-3.0,-41.0
1776887862.7301028,2.0,-1.0,-37.0
1776887862.7401028,1.0,-3.0,-39.0
1776887862.7501028,-4.0,-3.0,-33.0
1776887862.7601027,-2.0,0.0,-32.0
1776887862.7701027,-1.0,-2.0,-40.0
1776887862.7801027,0.0,-3.0,-36.0
1776887862.7901027,2.0,-7.0,-35.0
1776887862.8001027,2.0,-5.0,-37.0
1776887862.8101027,0.0,-6.0,-39.0
1776887862.8201027,1.0,-2.0,-49.0
1776887862.8301027,0.0,-3.0,-49.0
1776887862.840103,0.0,-1.0,-52.0
1776887862.850103,0.0,-3.0,-50.0
1776887862.860103,4.0,-2.0,-46.0
1776887862.8701026,3.0,1.0,-46.0
1776887862.8801026,2.0,0.0,-43.0
1776887862.8901026,0.0,-2.0,-42.0
1776887862.9001029,3.0,0.0,-40.0
1776887862.9101028,4.0,0.0,-36.0
1776887862.9201028,1.0,0.0,-33.0
1776887862.9301028,0.0,0.0,-37.0
1776887862.9401028,0.0,1.0,-44.0
1776887862.9501028,0.0,-2.0,-43.0
1776887862.9601028,0.0,-3.0,-45.0
1776887862.9701028,2.0,-3.0,-49.0
1776887862.9801028,6.0,-4.0,-37.0
1776887862.9901028,1.0,-5.0,-30.0
1776887863.0001028,0.0,-6.0,-33.0
1776887863.0101027,2.0,-5.0,-38.0
1776887863.0201027,0.0,-9.0,-38.0
1776887863.0301027,-4.0,-8.0,-31.0
1776887863.0401027,0.0,-7.0,-36.0
1776887863.0501027,1.0,-7.0,-33.0
1776887863.0601027,-2.0,-3.0,-29.0
1776887863.0701027,-7.0,0.0,-30.0
1776887863.0801027,-6.0,-1.0,-27.0
1776887863.090103,-5.0,-2.0,-35.0
1776887863.100103,-3.0,-4.0,-37.0
1776887863.110103,0.0,-3.0,-39.0
1776887863.1201026,0.0,-7.0,-41.0
1776887863.1301026,0.0,-6.0,-35.0
1776887863.1401026,1.0,-5.0,-36.0
1776887863.1501029,2.0,-7.0,-40.0
1776887863.1601028,0.0,-8.0,-40.0
1776887863.1701028,2.0,-5.0,-39.0
1776887863.1801028,4.0,-3.0,-41.0
1776887863.1901028,3.0,-4.0,-43.0
1776887863.2001028,-1.0,0.0,-40.0
1776887863.2101028,-7.0,-4.0,-36.0
1776887863.2201028,-8.0,-6.0,-35.0
1776887863.2301028,-6.0,-6.0,-38.0
1776887863.2401028,-2.0,-4.0,-40.0
1776887863.2501028,-3.0,-5.0,-37.0
1776887863.2601027,-4.0,-2.0,-27.0
1776887863.2701027,-4.0,0.0,-22.0
1776887863.2801027,1.0,1.0,-24.0
1776887863.2901027,1.0,0.0,-29.0
1776887863.3001027,4.0,4.0,-34.0
1776887863.3101027,4.0,3.0,-37.0
1776887863.3211029,4.0,2.0,-39.0
1776887863.3301027,7.0,3.0,-38.0
1776887863.340103,10.0,-2.0,-43.0
1776887863.350103,2.0,0.0,-46.0
1776887863.360103,-4.0,-2.0,-38.0
1776887863.3701026,-4.0,0.0,-34.0
1776887863.3801026,-3.0,0.0,-29.0
1776887863.3901026,-4.0,0.0,-26.0
1776887863.4001029,-4.0,2.0,-29.0
1776887863.4101028,-3.0,5.0,-32.0
1776887863.4201028,-2.0,3.0,-28.0
1776887863.4301028,-2.0,1.0,-36.0
1776887863.4401028,-3.0,1.0,-41.0
1776887863.4501028,0.0,2.0,-44.0
1776887863.4601028,5.0,0.0,-43.0
1776887863.4701028,4.0,-2.0,-40.0
1776887863.4801028,1.0,1.0,-34.0
1776887863.4901028,2.0,0.0,-37.0
1776887863.5001028,3.0,0.0,-39.0
1776887863.5101027,6.0,-3.0,-38.0
1776887863.5201027,5.0,-3.0,-42.0
1776887863.5301027,2.0,0.0,-41.0
1776887863.5401027,-2.0,0.0,-39.0
1776887863.5501027,0.0,0.0,-37.0
1776887863.5601027,0.0,-2.0,-33.0
1776887863.5701027,2.0,-2.0,-30.0
1776887863.5801027,-2.0,-4.0,-37.0
1776887863.590103,-2.0,-5.0,-42.0
1776887863.600103,-7.0,0.0,-45.0
1776887863.610103,-5.0,1.0,-48.0
1776887863.6201026,-4.0,0.0,-49.0
1776887863.6301026,-6.0,-2.0,-44.0
1776887863.6401026,-5.0,-4.0,-39.0
1776887863.6501029,-2.0,-8.0,-34.0
1776887863.6601028,0.0,-8.0,-29.0
1776887863.6701028,-2.0,-6.0,-33.0
1776887863.6801028,-2.0,-4.0,-32.0
1776887863.6901028,-2.0,-3.0,-35.0
1776887863.7001028,-4.0,-7.0,-35.0
1776887863.7101028,-8.0,-7.0,-36.0
1776887863.7201028,-7.0,-7.0,-36.0
1776887863.7301028,-6.0,-7.0,-32.0
1776887863.7401028,-3.0,-7.0,-31.0
1776887863.7501028,0.0,-2.0,-31.0
1776887863.7601027,-1.0,5.0,-37.0
1776887863.7701027,-2.0,-1.0,-39.0
1776887863.7801027,0.0,-4.0,-30.0
1776887863.7901027,2.0,-1.0,-27.0
1776887863.8001027,2.0,1.0,-24.0
1776887863.8101027,4.0,4.0,-27.0
1776887863.8201027,3.0,4.0,-25.0
1776887863.8301027,1.0,0.0,-26.0
1776887863.840103,0.0,0.0,-29.0
1776887863.850103,4.0,-3.0,-37.0
1776887863.860103,0.0,-3.0,-38.0
1776887863.8701026,0.0,-7.0,-42.0
1776887863.8801026,-2.0,-7.0,-36.0
1776887863.8901026,4.0,-8.0,-45.0
1776887863.9001029,6.0,-8.0,-48.0
1776887863.9101028,4.0,-9.0,-42.0
1776887863.9201028,4.0,-5.0,-37.0
1776887863.9301028,5.0,-6.0,-32.0
1776887863.9401028,3.0,-5.0,-35.0
1776887863.9501028,5.0,-8.0,-40.0
1776887863.9601028,2.0,-8.0,-34.0
1776887863.9701028,1.0,-11.0,-30.0
1776887863.9801028,1.0,-11.0,-31.0
1776887863.9901028,0.0,-11.0,-27.0
1776887864.0001028,2.0,-9.0,-27.0
1776887864.0101027,0.0,-7.0,-30.0
1776887864.0201027,-5.0,-4.0,-38.0
1776887864.0301027,-2.0,-3.0,-30.0
1776887864.0401027,-5.0,-1.0,-37.0
1776887864.0501027,-5.0,2.0,-36.0
1776887864.0601027,-1.0,3.0,-45.0
1776887864.0701027,2.0,6.0,-47.0
1776887864.0801027,4.0,5.0,-49.0
1776887864.090103,3.0,4.0,-48.0
1776887864.100103,2.0,0.0,-49.0
1776887864.110103,3.0,2.0,-40.0
1776887864.1201026,1.0,0.0,-36.0
1776887864.1301026,-1.0,1.0,-33.0
1776887864.1401026,-1.0,-4.0,-34.0
1776887864.1501029,-1.0,-4.0,-42.0
1776887864.1601028,-1.0,-5.0,-37.0
1776887864.1701028,-2.0,-8.0,-37.0
1776887864.1801028,0.0,-9.0,-37.0
1776887864.1901028,3.0,-7.0,-42.0
1776887864.2001028,4.0,-3.0,-43.0
1776887864.2101028,6.0,-2.0,-41.0
1776887864.2201028,2.0,0.0,-40.0
1776887864.2301028,4.0,1.0,-40.0
1776887864.2401028,5.0,2.0,-40.0
1776887864.2501028,1.0,2.0,-44.0
1776887864.2601027,0.0,3.0,-41.0
1776887864.2701027,2.0,6.0,-41.0
1776887864.2801027,2.0,10.0,-43.0
1776887864.2901027,-1.0,8.0,-49.0
1776887864.3001027,-5.0,8.0,-47.0
1776887864.3101027,-7.0,5.0,-42.0
1776887864.3201027,-5.0,5.0,-42.0
1776887864.3301027,-4.0,3.0,-41.0
1776887864.3411028,-3.0,3.0,-41.0
1776887864.3511028,0.0,3.0,-36.0
1776887864.3611028,0.0,3.0,-35.0
1776887864.3711028,-2.0,4.0,-35.0
1776887864.3811028,-5.0,2.0,-34.0
1776887864.3911028,-6.0,0.0,-39.0
1776887864.4011028,0.0,2.0,-37.0
1776887864.4111028,1.0,-2.0,-35.0
1776887864.4201028,4.0,-3.0,-35.0
1776887864.4311028,0.0,-3.0,-32.0
1776887864.4411027,0.0,-2.0,-36.0
1776887864.4511027,3.0,-2.0,-38.0
1776887864.4611027,0.0,-1.0,-38.0
1776887864.4711027,-4.0,-1.0,-40.0
1776887864.4811027,-6.0,0.0,-41.0
1776887864.4911027,-7.0,1.0,-41.0
1776887864.5011027,-7.0,1.0,-36.0
1776887864.511103,-8.0,3.0,-37.0
1776887864.521103,-6.0,2.0,-38.0
1776887864.531103,-3.0,-3.0,-38.0
1776887864.5411026,-3.0,-7.0,-35.0
1776887864.5511026,-5.0,-7.0,-35.0
1776887864.5611026,-4.0,-4.0,-30.0
1776887864.5711029,-6.0,-4.0,-26.0
1776887864.5811028,-7.0,-5.0,-27.0
1776887864.5911028,-8.0,-7.0,-33.0
1776887864.6011028,-5.0,-5.0,-38.0
1776887864.6111028,-3.0,-6.0,-35.0
1776887864.6211028,-3.0,-6.0,-35.0
1776887864.6311028,-5.0,-8.0,-34.0
1776887864.6411028,-2.0,-9.0,-35.0
1776887864.6511028,0.0,-3.0,-32.0
1776887864.6611028,2.0,0.0,-29.0
1776887864.6711028,3.0,0.0,-28.0
1776887864.6811028,1.0,0.0,-28.0
1776887864.6911027,3.0,0.0,-34.0
1776887864.7011027,6.0,-1.0,-36.0
1776887864.7111027,3.0,0.0,-37.0
1776887864.7211027,2.0,-6.0,-40.0
1776887864.7311027,1.0,-6.0,-41.0
1776887864.7411027,2.0,-9.0,-41.0
1776887864.7511027,1.0,-7.0,-41.0
1776887864.761103,3.0,-2.0,-41.0
1776887864.771103,-4.0,-1.0,-42.0
1776887864.781103,-4.0,-3.0,-36.0
1776887864.7911026,0.0,0.0,-38.0
1776887864.8011026,-5.0,0.0,-38.0
1776887864.8111026,-4.0,0.0,-42.0
1776887864.8211029,-2.0,-3.0,-41.0
1776887864.8311028,1.0,-7.0,-35.0
1776887864.8411028,-2.0,-5.0,-30.0
1776887864.8511028,-4.0,0.0,-35.0
1776887864.8611028,-6.0,0.0,-30.0
1776887864.8711028,-7.0,-3.0,-24.0
1776887864.8811028,1.0,-4.0,-23.0
1776887864.8911028,2.0,-8.0,-21.0
1776887864.9011028,6.0,-9.0,-23.0
1776887864.9111028,6.0,-7.0,-28.0
1776887864.9211028,8.0,-8.0,-37.0
1776887864.9311028,11.0,-9.0,-39.0
1776887864.9411027,9.0,-13.0,-48.0
1776887864.9511027,8.0,-16.0,-41.0
1776887864.9611027,3.0,-14.0,-47.0
1776887864.9711027,2.0,-7.0,-45.0
1776887864.9811027,0.0,-6.0,-46.0
1776887864.9911027,2.0,-9.0,-43.0
1776887865.0011027,3.0,-9.0,-44.0
1776887865.011103,3.0,-4.0,-43.0
1776887865.021103,1.0,-1.0,-40.0
1776887865.031103,1.0,0.0,-43.0
1776887865.0411026,5.0,0.0,-40.0
1776887865.0511026,8.0,3.0,-38.0
1776887865.0611026,6.0,6.0,-32.0
1776887865.0711029,9.0,8.0,-36.0
1776887865.0811028,6.0,6.0,-32.0
1776887865.0911028,-5.0,2.0,-30.0
1776887865.1011028,-8.0,2.0,-35.0
1776887865.1111028,-4.0,5.0,-34.0
1776887865.1211028,-2.0,6.0,-31.0
1776887865.1311028,0.0,6.0,-35.0
1776887865.1411028,4.0,4.0,-38.0
1776887865.1511028,1.0,0.0,-32.0
1776887865.1611028,0.0,-2.0,-28.0
1776887865.1711028,0.0,0.0,-31.0
1776887865.1811028,0.0,2.0,-32.0
1776887865.1911027,0.0,0.0,-28.0
1776887865.2011027,-1.0,0.0,-31.0
1776887865.2111027,-6.0,-2.0,-31.0
1776887865.2211027,-8.0,-5.0,-34.0
1776887865.2311027,-6.0,-1.0,-31.0
1776887865.2411027,-4.0,0.0,-29.0
1776887865.2511027,-2.0,3.0,-23.0
1776887865.261103,-1.0,5.0,-27.0
1776887865.271103,-3.0,4.0,-36.0
1776887865.281103,-2.0,2.0,-39.0
1776887865.2911026,0.0,3.0,-37.0
1776887865.3011026,2.0,1.0,-37.0
1776887865.3111026,4.0,2.0,-35.0
1776887865.3211029,5.0,0.0,-34.0
1776887865.3311028,7.0,-2.0,-28.0
1776887865.3411028,2.0,-2.0,-28.0
1776887865.3511028,6.0,-3.0,-29.0
1776887865.3611028,4.0,-6.0,-40.0
1776887865.3711028,8.0,-5.0,-48.0
1776887865.3811028,8.0,-2.0,-51.0
1776887865.3911028,2.0,0.0,-51.0
1776887865.4011028,-1.0,-1.0,-48.0
1776887865.4111028,0.0,-4.0,-45.0
1776887865.4211028,3.0,-4.0,-47.0
1776887865.4311028,3.0,3.0,-40.0
1776887865.4411027,-1.0,4.0,-36.0
1776887865.4511027,-1.0,5.0,-40.0
1776887865.4611027,-3.0,6.0,-42.0
1776887865.4711027,-3.0,5.0,-43.0
1776887865.4811027,0.0,2.0,-43.0
1776887865.4911027,1.0,0.0,-37.0
1776887865.5011027,2.0,-4.0,-39.0
1776887865.511103,-3.0,-5.0,-40.0
1776887865.521103,-1.0,-12.0,-31.0
1776887865.531103,0.0,-16.0,-34.0
1776887865.5411026,-1.0,-14.0,-41.0
1776887865.5511026,-1.0,-15.0,-39.0
1776887865.5611026,-3.0,-14.0,-36.0
1776887865.5711029,-5.0,-9.0,-40.0
1776887865.5811028,-5.0,-7.0,-47.0
1776887865.5911028,-3.0,-3.0,-47.0
1776887865.6011028,0.0,-2.0,-40.0
1776887865.6111028,0.0,-5.0,-38.0
1776887865.6211028,-3.0,-3.0,-37.0
1776887865.6311028,-1.0,-2.0,-45.0
1776887865.6411028,-1.0,1.0,-43.0
1776887865.6511028,-6.0,1.0,-42.0
1776887865.6611028,-6.0,-2.0,-41.0
1776887865.6711028,-5.0,-2.0,-38.0
1776887865.6811028,-1.0,0.0,-40.0
1776887865.6911027,0.0,0.0,-38.0
1776887865.7011027,0.0,1.0,-34.0
1776887865.7111027,0.0,3.0,-28.0
1776887865.7211027,0.0,4.0,-24.0
1776887865.7311027,-2.0,3.0,-28.0
1776887865.7411027,-10.0,3.0,-35.0
1776887865.7511027,-6.0,0.0,-32.0
1776887865.761103,-10.0,2.0,-34.0
1776887865.771103,-5.0,5.0,-27.0
1776887865.781103,-1.0,5.0,-25.0
1776887865.7911026,0.0,4.0,-31.0
1776887865.8011026,1.0,1.0,-32.0
1776887865.8111026,3.0,-1.0,-33.0
1776887865.8211029,2.0,3.0,-32.0
1776887865.8311028,4.0,4.0,-26.0
1776887865.8411028,5.0,6.0,-24.0
1776887865.8511028,7.0,6.0,-25.0
1776887865.8611028,3.0,5.0,-27.0
1776887865.8711028,4.0,7.0,-32.0
1776887865.8811028,2.0,4.0,-34.0
1776887865.8911028,3.0,4.0,-33.0
1776887865.9011028,4.0,-1.0,-32.0
1776887865.9111028,3.0,-3.0,-30.0
1776887865.9211028,1.0,-5.0,-30.0
1776887865.9311028,0.0,-4.0,-36.0
1776887865.9411027,-1.0,-3.0,-31.0
1776887865.9511027,3.0,-5.0,-33.0
1776887865.9611027,-1.0,-2.0,-37.0
1776887865.9711027,-2.0,-2.0,-37.0
1776887865.9811027,-2.0,-3.0,-33.0
1776887865.9911027,-4.0,-3.0,-33.0
1776887866.0011027,-5.0,-3.0,-32.0
1776887866.011103,-5.0,-2.0,-29.0
1776887866.021103,-5.0,0.0,-34.0
1776887866.031103,-8.0,1.0,-33.0
1776887866.0411026,-6.0,4.0,-30.0
1776887866.0511026,-6.0,4.0,-34.0
1776887866.0611026,0.0,2.0,-38.0
1776887866.0711029,1.0,1.0,-36.0
1776887866.0811028,1.0,-2.0,-31.0
1776887866.0911028,0.0,-2.0,-31.0
1776887866.1011028,2.0,-3.0,-32.0
1776887866.1111028,2.0,-2.0,-32.0
1776887866.1211028,1.0,-4.0,-29.0
1776887866.1311028,-1.0,-3.0,-32.0
1776887866.1411028,-1.0,-3.0,-33.0
1776887866.1511028,1.0,-3.0,-33.0
1776887866.1611028,7.0,0.0,-29.0
1776887866.1711028,8.0,-1.0,-32.0
1776887866.1811028,4.0,0.0,-33.0
1776887866.1911027,0.0,3.0,-33.0
1776887866.2011027,0.0,0.0,-31.0
1776887866.2111027,0.0,-1.0,-34.0
1776887866.2211027,-2.0,-3.0,-38.0
1776887866.2311027,-1.0,-4.0,-42.0
1776887866.2411027,-1.0,-5.0,-36.0
1776887866.2511027,0.0,-2.0,-33.0
1776887866.261103,-5.0,0.0,-33.0
1776887866.271103,-10.0,-3.0,-32.0
1776887866.281103,-8.0,-7.0,-25.0
1776887866.2911026,-8.0,-3.0,-26.0
1776887866.3011026,-7.0,-5.0,-27.0
1776887866.3111026,-7.0,-3.0,-28.0
1776887866.3211029,-2.0,-1.0,-27.0
1776887866.3311028,-2.0,-1.0,-27.0
1776887866.3411028,0.0,1.0,-32.0
1776887866.3511028,1.0,2.0,-36.0
1776887866.3621027,4.0,3.0,-28.0
1776887866.3721027,5.0,0.0,-30.0
1776887866.3821027,1.0,-2.0,-28.0
1776887866.3921027,-2.0,0.0,-33.0
1776887866.4021027,-4.0,2.0,-34.0
1776887866.4121027,-3.0,1.0,-32.0
1776887866.4221027,-1.0,1.0,-39.0
1776887866.432103,-3.0,3.0,-44.0
1776887866.442103,-5.0,-1.0,-38.0
1776887866.452103,-7.0,-3.0,-34.0
1776887866.462103,-3.0,-6.0,-30.0
1776887866.4721026,0.0,-3.0,-30.0
1776887866.4821026,6.0,0.0,-29.0
1776887866.4921026,1.0,2.0,-27.0
1776887866.5021029,-2.0,-2.0,-33.0
1776887866.5121028,-1.0,-5.0,-33.0
1776887866.5221028,0.0,-2.0,-33.0
1776887866.5321028,3.0,-2.0,-40.0
1776887866.5421028,5.0,-2.0,-47.0
1776887866.5521028,0.0,-5.0,-44.0
1776887866.5621028,-1.0,-3.0,-36.0
1776887866.5721028,-1.0,-1.0,-43.0
1776887866.5821028,0.0,-2.0,-42.0
1776887866.5921028,1.0,0.0,-41.0
1776887866.6021028,0.0,-1.0,-35.0
1776887866.6121027,1.0,0.0,-29.0
1776887866.6221027,1.0,-1.0,-32.0
1776887866.6321027,0.0,-5.0,-32.0
1776887866.6421027,5.0,-3.0,-34.0
1776887866.6521027,7.0,0.0,-36.0
1776887866.6621027,4.0,-1.0,-34.0
1776887866.6721027,1.0,-1.0,-35.0
1776887866.682103,3.0,-1.0,-35.0
1776887866.692103,5.0,-2.0,-37.0
1776887866.702103,3.0,-1.0,-32.0
1776887866.712103,3.0,0.0,-36.0
1776887866.7221026,0.0,-4.0,-41.0
1776887866.7321026,0.0,-4.0,-31.0
1776887866.7421026,-1.0,-7.0,-29.0
1776887866.7521029,2.0,-7.0,-25.0
1776887866.7621028,3.0,-7.0,-28.0
1776887866.7721028,2.0,-5.0,-31.0
1776887866.7821028,4.0,1.0,-33.0
1776887866.7921028,-1.0,0.0,-33.0
1776887866.8021028,0.0,-5.0,-33.0
1776887866.8121028,4.0,-7.0,-38.0
1776887866.8221028,6.0,-6.0,-39.0
1776887866.8321028,4.0,-4.0,-35.0
1776887866.8421028,3.0,-1.0,-38.0
1776887866.8521028,0.0,-2.0,-44.0
1776887866.8621027,0.0,1.0,-40.0
1776887866.8721027,-1.0,3.0,-36.0
1776887866.8821027,-1.0,4.0,-35.0
1776887866.8921027,0.0,2.0,-32.0
1776887866.9021027,-3.0,3.0,-36.0
1776887866.9121027,-3.0,1.0,-35.0
1776887866.9221027,-1.0,2.0,-32.0
1776887866.932103,-2.0,5.0,-29.0
1776887866.942103,-2.0,1.0,-34.0
1776887866.952103,-3.0,2.0,-41.0
1776887866.962103,-4.0,0.0,-46.0
1776887866.9721026,-1.0,0.0,-46.0
1776887866.9821026,3.0,-2.0,-50.0
1776887866.9921026,5.0,-4.0,-54.0
1776887867.0021029,4.0,-4.0,-51.0
1776887867.0121028,9.0,-6.0,-44.0
1776887867.0221028,8.0,-7.0,-39.0
1776887867.0321028,6.0,-7.0,-38.0
1776887867.0421028,0.0,-7.0,-36.0
1776887867.0521028,3.0,-9.0,-40.0
1776887867.0621028,2.0,-5.0,-34.0
1776887867.0721028,3.0,-7.0,-33.0
1776887867.0821028,-3.0,-10.0,-38.0
1776887867.0921028,-4.0,-8.0,-38.0
1776887867.1021028,0.0,-5.0,-44.0
1776887867.1121027,0.0,-6.0,-41.0
1776887867.1221027,2.0,-9.0,-46.0
1776887867.1321027,0.0,-7.0,-43.0
1776887867.1421027,0.0,-6.0,-38.0
1776887867.1521027,0.0,-1.0,-33.0
1776887867.1621027,2.0,-2.0,-32.0
1776887867.1721027,3.0,-1.0,-31.0
1776887867.182103,9.0,0.0,-34.0
1776887867.192103,8.0,-2.0,-37.0
1776887867.202103,7.0,-2.0,-39.0
1776887867.212103,8.0,-1.0,-32.0
1776887867.2221026,7.0,-1.0,-27.0
1776887867.2321026,8.0,2.0,-37.0
1776887867.2421026,7.0,3.0,-41.0
1776887867.2521029,7.0,1.0,-39.0
1776887867.2621028,3.0,-2.0,-35.0
1776887867.2721028,4.0,-5.0,-30.0
1776887867.2821028,1.0,-4.0,-29.0
1776887867.2921028,0.0,-2.0,-31.0
1776887867.3021028,0.0,-1.0,-34.0
1776887867.3121028,-1.0,0.0,-37.0
1776887867.3221028,1.0,-2.0,-41.0
1776887867.3321028,2.0,-10.0,-44.0
1776887867.3421028,4.0,-11.0,-43.0
1776887867.3521028,5.0,-9.0,-44.0
1776887867.3621027,2.0,-8.0,-42.0
1776887867.3721027,4.0,-5.0,-43.0
1776887867.3821027,3.0,-5.0,-42.0
1776887867.3921027,1.0,-4.0,-46.0
1776887867.4021027,0.0,-6.0,-45.0
1776887867.4121027,5.0,-3.0,-45.0
1776887867.4221027,5.0,0.0,-41.0
1776887867.432103,4.0,0.0,-35.0
1776887867.442103,0.0,0.0,-39.0
1776887867.452103,-3.0,0.0,-39.0
1776887867.462103,0.0,0.0,-38.0
1776887867.4721026,-2.0,0.0,-34.0
1776887867.4821026,-4.0,0.0,-31.0
1776887867.4921026,-4.0,0.0,-28.0
1776887867.5021029,0.0,-1.0,-26.0
1776887867.5121028,2.0,-2.0,-33.0
1776887867.5221028,0.0,-4.0,-29.0
1776887867.5321028,2.0,-5.0,-24.0
1776887867.5421028,-2.0,-5.0,-28.0
1776887867.5521028,-2.0,-3.0,-30.0
1776887867.5621028,1.0,-2.0,-28.0
1776887867.5721028,0.0,-3.0,-31.0
1776887867.5821028,4.0,-1.0,-32.0
1776887867.5921028,7.0,0.0,-44.0
1776887867.6021028,6.0,0.0,-46.0
1776887867.6121027,-2.0,0.0,-42.0
1776887867.6221027,-5.0,-1.0,-41.0
1776887867.6321027,-3.0,-4.0,-36.0
1776887867.6421027,-5.0,-5.0,-34.0
1776887867.6521027,0.0,-7.0,-36.0
1776887867.6621027,0.0,-8.0,-32.0
1776887867.6721027,2.0,-8.0,-37.0
1776887867.682103,2.0,-4.0,-37.0
1776887867.692103,0.0,-2.0,-35.0
1776887867.702103,1.0,-2.0,-39.0
1776887867.712103,-2.0,-9.0,-38.0
1776887867.7221026,2.0,-9.0,-38.0
1776887867.7321026,2.0,-7.0,-38.0
1776887867.7421026,2.0,-6.0,-31.0
1776887867.7521029,3.0,-6.0,-29.0
1776887867.7621028,3.0,-3.0,-33.0
1776887867.7721028,3.0,0.0,-36.0
1776887867.7821028,4.0,1.0,-35.0
1776887867.7921028,2.0,1.0,-30.0
1776887867.8021028,2.0,2.0,-28.0
1776887867.8121028,0.0,2.0,-27.0
1776887867.8221028,0.0,4.0,-32.0
1776887867.8321028,2.0,5.0,-43.0
1776887867.8421028,1.0,4.0,-47.0
1776887867.8521028,0.0,0.0,-42.0
1776887867.8621027,0.0,0.0,-41.0
1776887867.8721027,0.0,-2.0,-43.0
1776887867.8821027,-4.0,2.0,-41.0
1776887867.8921027,-5.0,2.0,-42.0
1776887867.9021027,-6.0,4.0,-40.0
1776887867.9121027,-2.0,2.0,-41.0
1776887867.9221027,0.0,2.0,-41.0
1776887867.932103,0.0,0.0,-37.0
1776887867.942103,-2.0,-5.0,-33.0
1776887867.952103,-4.0,-5.0,-34.0
1776887867.962103,-2.0,-6.0,-33.0
1776887867.9721026,0.0,-6.0,-29.0
1776887867.9821026,0.0,-9.0,-33.0
1776887867.9921026,-1.0,-7.0,-36.0
1776887868.0021029,-1.0,-3.0,-36.0
1776887868.0121028,0.0,-1.0,-39.0
1776887868.0221028,-1.0,-4.0,-41.0
1776887868.0321028,0.0,-3.0,-38.0
1776887868.0421028,1.0,-2.0,-40.0
1776887868.0521028,1.0,0.0,-43.0
1776887868.0621028,5.0,-1.0,-39.0
1776887868.0721028,0.0,-3.0,-33.0
1776887868.0821028,-2.0,-3.0,-38.0
1776887868.0921028,-3.0,-6.0,-42.0
1776887868.1021028,-3.0,-3.0,-44.0
1776887868.1121027,-1.0,0.0,-34.0
1776887868.1221027,0.0,3.0,-34.0
1776887868.1321027,0.0,3.0,-35.0
1776887868.1421027,0.0,2.0,-39.0
1776887868.1521027,-1.0,-1.0,-43.0
1776887868.1621027,4.0,-5.0,-41.0
1776887868.1721027,2.0,-5.0,-33.0
1776887868.182103,4.0,-3.0,-34.0
1776887868.192103,4.0,-6.0,-40.0
1776887868.202103,7.0,-10.0,-37.0
1776887868.212103,5.0,-10.0,-37.0
1776887868.2221026,4.0,-11.0,-39.0
1776887868.2321026,4.0,-9.0,-40.0
1776887868.2421026,-5.0,-5.0,-39.0
1776887868.2521029,-8.0,-4.0,-39.0
1776887868.2621028,-11.0,-1.0,-35.0
1776887868.2721028,-4.0,-2.0,-36.0
1776887868.2821028,-7.0,-8.0,-41.0
1776887868.2921028,-12.0,-7.0,-41.0
1776887868.3021028,-11.0,-5.0,-37.0
1776887868.3121028,-8.0,-5.0,-34.0
1776887868.3221028,-3.0,-4.0,-39.0
1776887868.3321028,-2.0,-2.0,-40.0
1776887868.3421028,0.0,-4.0,-41.0
1776887868.3521028,0.0,-7.0,-41.0
1776887868.3621027,6.0,-6.0,-37.0
1776887868.373103,6.0,-8.0,-38.0
1776887868.383103,9.0,-7.0,-39.0
1776887868.3931026,10.0,-4.0,-33.0
1776887868.4021027,8.0,-4.0,-26.0
1776887868.4131026,3.0,-3.0,-31.0
1776887868.4231029,3.0,0.0,-34.0
1776887868.4331028,4.0,4.0,-34.0
1776887868.4431028,0.0,3.0,-32.0
1776887868.4531028,-3.0,0.0,-35.0
1776887868.4631028,-4.0,0.0,-35.0
1776887868.4731028,2.0,-1.0,-39.0
1776887868.4831028,6.0,-4.0,-41.0
1776887868.4931028,10.0,-2.0,-40.0
1776887868.5031028,6.0,0.0,-39.0
1776887868.5131028,6.0,-3.0,-37.0
1776887868.5231028,4.0,-7.0,-44.0
1776887868.5331028,2.0,-5.0,-47.0
1776887868.5431027,-1.0,-4.0,-45.0
1776887868.5531027,-3.0,-2.0,-41.0
1776887868.5631027,-5.0,0.0,-40.0
1776887868.5731027,-4.0,-3.0,-43.0
1776887868.5831027,1.0,-6.0,-37.0
1776887868.5931027,-2.0,-2.0,-35.0
1776887868.6031027,-2.0,-3.0,-38.0
1776887868.613103,-4.0,0.0,-36.0
1776887868.623103,0.0,-3.0,-31.0
1776887868.633103,0.0,0.0,-29.0
1776887868.6431026,-4.0,-1.0,-20.0
1776887868.6531026,-2.0,0.0,-25.0
1776887868.6631026,3.0,0.0,-30.0
1776887868.6731029,0.0,3.0,-22.0
1776887868.6831028,-2.0,2.0,-19.0
1776887868.6931028,0.0,-1.0,-24.0
1776887868.7031028,0.0,-2.0,-25.0
1776887868.7131028,1.0,-2.0,-25.0
1776887868.7231028,0.0,-2.0,-26.0
1776887868.7331028,3.0,-5.0,-35.0
1776887868.7431028,5.0,-9.0,-38.0
1776887868.7531028,2.0,-8.0,-47.0
1776887868.7631028,2.0,-3.0,-46.0
1776887868.7731028,0.0,-5.0,-49.0
1776887868.7831028,-2.0,-7.0,-47.0
1776887868.7931027,-5.0,-4.0,-48.0
1776887868.8031027,0.0,-5.0,-46.0
1776887868.8131027,-4.0,-5.0,-44.0
1776887868.8231027,-6.0,-4.0,-46.0
1776887868.8331027,-9.0,-8.0,-40.0
1776887868.8431027,-4.0,-7.0,-24.0
1776887868.8531027,3.0,-6.0,-28.0
1776887868.863103,1.0,-1.0,-25.0
1776887868.873103,0.0,0.0,-25.0
1776887868.883103,-2.0,0.0,-26.0
1776887868.8931026,-5.0,0.0,-31.0
1776887868.9031026,0.0,-1.0,-30.0
1776887868.9131026,-1.0,-4.0,-36.0
1776887868.9231029,-3.0,-4.0,-43.0
1776887868.9331028,-4.0,-4.0,-43.0
1776887868.9431028,-2.0,-7.0,-35.0
1776887868.9531028,-5.0,-3.0,-30.0
1776887868.9631028,-4.0,1.0,-30.0
1776887868.9731028,-4.0,5.0,-31.0
1776887868.9831028,-7.0,0.0,-36.0
1776887868.9931028,-6.0,3.0,-37.0
1776887869.0031028,-2.0,3.0,-31.0
1776887869.0131028,-1.0,0.0,-30.0
1776887869.0231028,-3.0,-2.0,-25.0
1776887869.0331028,-7.0,-2.0,-19.0
1776887869.0431027,-5.0,-2.0,-25.0
1776887869.0531027,-4.0,-1.0,-32.0
1776887869.0631027,0.0,0.0,-36.0
1776887869.0731027,4.0,2.0,-40.0
1776887869.0831027,4.0,1.0,-49.0
1776887869.0931027,-1.0,4.0,-46.0
1776887869.1031027,0.0,4.0,-39.0
1776887869.113103,3.0,2.0,-40.0
1776887869.123103,3.0,0.0,-36.0
1776887869.133103,0.0,0.0,-41.0
1776887869.1431026,0.0,0.0,-42.0
1776887869.1531026,-2.0,-3.0,-41.0
1776887869.1631026,1.0,-6.0,-47.0
1776887869.1731029,1.0,-11.0,-46.0
1776887869.1831028,0.0,-10.0,-39.0
1776887869.1931028,0.0,-5.0,-33.0
1776887869.2031028,0.0,-2.0,-30.0
1776887869.2131028,0.0,-2.0,-32.0
1776887869.2231028,-5.0,-4.0,-37.0
1776887869.2331028,-4.0,-6.0,-36.0
1776887869.2431028,0.0,-6.0,-37.0
1776887869.2531028,0.0,-6.0,-40.0
1776887869.2631028,2.0,-5.0,-42.0
1776887869.2731028,0.0,-2.0,-41.0
1776887869.2831028,-4.0,-2.0,-36.0
1776887869.2931027,-4.0,-5.0,-38.0
1776887869.3031027,-6.0,-1.0,-31.0
1776887869.3131027,-1.0,-2.0,-33.0
1776887869.3231027,-6.0,-2.0,-38.0
1776887869.3331027,-1.0,-2.0,-43.0
1776887869.3431027,-4.0,1.0,-44.0
1776887869.3531027,-2.0,0.0,-37.0
1776887869.363103,-1.0,1.0,-38.0
1776887869.373103,0.0,0.0,-41.0
1776887869.383103,1.0,0.0,-40.0
1776887869.3931026,0.0,0.0,-38.0
1776887869.4031026,0.0,0.0,-43.0
1776887869.4131026,0.0,-2.0,-45.0
1776887869.4231029,2.0,-1.0,-43.0
1776887869.4331028,1.0,-3.0,-45.0
1776887869.4431028,-3.0,-2.0,-36.0
1776887869.4531028,-2.0,-2.0,-40.0
1776887869.4631028,-4.0,-1.0,-42.0
1776887869.4731028,-3.0,-2.0,-42.0
1776887869.4831028,-1.0,2.0,-40.0
1776887869.4931028,-4.0,3.0,-33.0
1776887869.5031028,-3.0,3.0,-31.0
1776887869.5131028,-3.0,-1.0,-33.0
1776887869.5231028,0.0,0.0,-42.0
1776887869.5331028,-1.0,2.0,-35.0
1776887869.5431027,1.0,2.0,-34.0
1776887869.5531027,4.0,-1.0,-30.0
1776887869.5631027,3.0,-3.0,-36.0
1776887869.5731027,0.0,-4.0,-35.0
1776887869.5831027,0.0,-4.0,-41.0
1776887869.5931027,0.0,-1.0,-42.0
1776887869.6031027,-3.0,0.0,-41.0
1776887869.613103,-2.0,-2.0,-35.0
1776887869.623103,-2.0,-2.0,-39.0
1776887869.633103,0.0,0.0,-37.0
1776887869.6431026,-3.0,-2.0,-39.0
1776887869.6531026,0.0,-3.0,-45.0
1776887869.6631026,2.0,-1.0,-41.0
1776887869.6731029,2.0,-1.0,-41.0
1776887869.6831028,-1.0,0.0,-43.0
1776887869.6931028,-3.0,-1.0,-41.0
1776887869.7031028,-1.0,-2.0,-47.0
1776887869.7131028,-3.0,1.0,-46.0
1776887869.7231028,-4.0,-1.0,-46.0
1776887869.7331028,-5.0,-2.0,-42.0
1776887869.7431028,-1.0,-1.0,-38.0
1776887869.7531028,1.0,-1.0,-45.0
1776887869.7631028,-4.0,-5.0,-39.0
1776887869.7731028,-8.0,-6.0,-37.0
1776887869.7831028,-9.0,-2.0,-37.0
1776887869.7931027,-2.0,-5.0,-35.0
1776887869.8031027,2.0,-3.0,-34.0
1776887869.8131027,7.0,0.0,-28.0
1776887869.8231027,7.0,0.0,-27.0
1776887869.8331027,7.0,0.0,-22.0
1776887869.8431027,0.0,0.0,-16.0
1776887869.8531027,0.0,-2.0,-18.0
1776887869.863103,-1.0,-2.0,-26.0
1776887869.873103,-2.0,-2.0,-30.0
1776887869.883103,0.0,-4.0,-36.0
1776887869.8931026,0.0,-7.0,-28.0
1776887869.9031026,0.0,-8.0,-29.0
1776887869.9131026,-1.0,-4.0,-24.0
1776887869.9231029,0.0,-5.0,-28.0
1776887869.9331028,-1.0,-7.0,-31.0
1776887869.9431028,0.0,-7.0,-32.0
1776887869.9531028,2.0,-9.0,-34.0
1776887869.9631028,5.0,-3.0,-32.0
1776887869.9731028,3.0,-2.0,-31.0
1776887869.9831028,5.0,-2.0,-31.0
1776887869.9931028,11.0,-3.0,-28.0
1776887870.0031028,9.0,-4.0,-28.0
1776887870.0131028,4.0,-2.0,-35.0
1776887870.0231028,5.0,-4.0,-36.0
1776887870.0331028,6.0,-5.0,-37.0
1776887870.0431027,0.0,-5.0,-36.0
1776887870.0531027,0.0,-9.0,-37.0
1776887870.0631027,0.0,-8.0,-38.0
1776887870.0731027,-7.0,-6.0,-35.0
1776887870.0831027,-3.0,-4.0,-37.0
1776887870.0931027,-1.0,-1.0,-37.0
1776887870.1031027,2.0,0.0,-39.0
1776887870.113103,1.0,0.0,-44.0
1776887870.123103,3.0,2.0,-49.0
1776887870.133103,4.0,-2.0,-50.0
1776887870.1431026,6.0,-4.0,-51.0
1776887870.1531026,7.0,-5.0,-45.0
1776887870.1631026,11.0,-2.0,-39.0
1776887870.1731029,11.0,-3.0,-43.0
1776887870.1831028,8.0,-2.0,-44.0
1776887870.1931028,3.0,0.0,-49.0
1776887870.2031028,4.0,2.0,-47.0
1776887870.2131028,1.0,2.0,-49.0
1776887870.2231028,-1.0,8.0,-51.0
1776887870.2331028,-2.0,4.0,-44.0
1776887870.2431028,-2.0,7.0,-44.0
1776887870.2531028,-1.0,2.0,-35.0
1776887870.2631028,-2.0,2.0,-36.0
1776887870.2731028,2.0,0.0,-34.0
1776887870.2831028,5.0,2.0,-37.0
1776887870.2931027,1.0,6.0,-36.0
1776887870.3031027,1.0,6.0,-34.0
1776887870.3131027,-1.0,5.0,-35.0
1776887870.3231027,0.0,4.0,-37.0
1776887870.3331027,0.0,0.0,-38.0
1776887870.3431027,-2.0,-2.0,-41.0
1776887870.3531027,-1.0,-2.0,-44.0
1776887870.363103,-2.0,1.0,-40.0
1776887870.373103,0.0,0.0,-37.0
1776887870.383103,-1.0,-2.0,-43.0
1776887870.3941028,2.0,-3.0,-42.0
1776887870.4041028,7.0,-2.0,-37.0
1776887870.4141028,6.0,0.0,-40.0
1776887870.4241028,1.0,0.0,-35.0
1776887870.4341028,-3.0,-1.0,-38.0
1776887870.4441028,-7.0,-1.0,-43.0
1776887870.4541028,-6.0,-2.0,-46.0
1776887870.4641027,-1.0,-6.0,-43.0
1776887870.4741027,-4.0,-6.0,-41.0
1776887870.4841027,-4.0,-6.0,-39.0
1776887870.4941027,-3.0,-7.0,-36.0
1776887870.5041027,-3.0,-3.0,-38.0
1776887870.5141027,-1.0,-8.0,-33.0
1776887870.5241027,0.0,-7.0,-34.0
1776887870.534103,2.0,-10.0,-40.0
1776887870.544103,4.0,-9.0,-47.0
1776887870.554103,2.0,-9.0,-51.0
1776887870.5641026,3.0,-11.0,-53.0
1776887870.5741026,0.0,-5.0,-55.0
1776887870.5841026,-1.0,-3.0,-46.0
1776887870.5941026,0.0,-6.0,-40.0
1776887870.6041028,2.0,-11.0,-40.0
1776887870.6141028,2.0,-10.0,-40.0
1776887870.6241028,2.0,-13.0,-38.0
1776887870.6341028,2.0,-14.0,-36.0
1776887870.6441028,7.0,-10.0,-35.0
1776887870.6541028,10.0,-6.0,-39.0
1776887870.6641028,7.0,-4.0,-39.0
1776887870.6741028,7.0,-3.0,-33.0
1776887870.6841028,2.0,-3.0,-37.0
1776887870.6941028,2.0,-2.0,-37.0
1776887870.7041028,1.0,-4.0,-35.0
1776887870.7141027,-4.0,-1.0,-48.0
1776887870.7241027,-4.0,-1.0,-50.0
1776887870.7341027,-6.0,1.0,-52.0
1776887870.7441027,-4.0,1.0,-46.0
1776887870.7541027,-4.0,-3.0,-46.0
1776887870.7641027,0.0,-6.0,-48.0
1776887870.7741027,3.0,-6.0,-46.0
1776887870.784103,4.0,-9.0,-38.0
1776887870.794103,5.0,-6.0,-36.0
1776887870.804103,-1.0,-8.0,-42.0
1776887870.8141026,-4.0,-4.0,-48.0
1776887870.8241026,-3.0,0.0,-50.0
1776887870.8341026,-5.0,2.0,-48.0
1776887870.8441026,0.0,4.0,-46.0
1776887870.8541028,3.0,0.0,-42.0
1776887870.8641028,0.0,-2.0,-45.0
1776887870.8741028,-4.0,2.0,-45.0
1776887870.8841028,0.0,5.0,-43.0
1776887870.8941028,3.0,4.0,-44.0
1776887870.9041028,-1.0,1.0,-39.0
1776887870.9141028,-3.0,2.0,-33.0
1776887870.9241028,-2.0,-3.0,-38.0
1776887870.9341028,0.0,-1.0,-42.0
1776887870.9441028,0.0,-2.0,-38.0
1776887870.9541028,0.0,0.0,-47.0
1776887870.9641027,0.0,0.0,-49.0
1776887870.9741027,1.0,2.0,-47.0
1776887870.9841027,-1.0,1.0,-46.0
1776887870.9941027,-2.0,6.0,-42.0
1776887871.0041027,-1.0,2.0,-38.0
1776887871.0141027,2.0,0.0,-38.0
1776887871.0241027,2.0,-1.0,-32.0
1776887871.034103,2.0,-2.0,-33.0
1776887871.044103,1.0,-2.0,-34.0
1776887871.054103,0.0,-2.0,-36.0
1776887871.0641026,-1.0,-1.0,-40.0
1776887871.0741026,0.0,-6.0,-36.0
1776887871.0841026,-1.0,-7.0,-32.0
1776887871.0941026,-3.0,-8.0,-31.0
1776887871.1041028,-6.0,-9.0,-30.0
1776887871.1141028,-6.0,-11.0,-35.0
1776887871.1241028,-1.0,-14.0,-39.0
1776887871.1341028,-2.0,-10.0,-43.0
1776887871.1441028,0.0,-6.0,-44.0
1776887871.1541028,1.0,-2.0,-42.0
1776887871.1641028,0.0,-2.0,-39.0
1776887871.1741028,-5.0,-3.0,-36.0
1776887871.1841028,0.0,0.0,-35.0
1776887871.1941028,-1.0,0.0,-32.0
1776887871.2041028,0.0,-1.0,-33.0
1776887871.2141027,0.0,1.0,-41.0
1776887871.2241027,-6.0,0.0,-50.0
1776887871.2341027,-2.0,2.0,-48.0
1776887871.2441027,-3.0,0.0,-50.0
1776887871.2541027,-3.0,-5.0,-47.0
1776887871.2641027,0.0,-8.0,-43.0
1776887871.2741027,-3.0,-5.0,-46.0
1776887871.284103,0.0,-2.0,-45.0
1776887871.294103,0.0,0.0,-40.0
1776887871.304103,-3.0,2.0,-41.0
1776887871.3141026,1.0,8.0,-43.0
1776887871.3241026,3.0,9.0,-45.0
1776887871.3341026,5.0,3.0,-47.0
1776887871.3441026,6.0,2.0,-50.0
1776887871.3541028,7.0,2.0,-51.0
1776887871.3641028,7.0,2.0,-45.0
1776887871.3741028,9.0,4.0,-41.0
1776887871.3841028,4.0,4.0,-34.0
1776887871.3941028,0.0,0.0,-32.0
1776887871.4041028,1.0,-3.0,-30.0
1776887871.4141028,1.0,-3.0,-27.0
1776887871.4241028,0.0,0.0,-26.0
1776887871.4351027,-3.0,3.0,-25.0
1776887871.4441028,0.0,1.0,-24.0
1776887871.4541028,-2.0,-1.0,-29.0
1776887871.4641027,-4.0,0.0,-37.0
1776887871.4741027,-2.0,0.0,-36.0
1776887871.4841027,-4.0,0.0,-39.0
1776887871.4941027,-5.0,4.0,-40.0
1776887871.5041027,0.0,0.0,-40.0
1776887871.5141027,-1.0,1.0,-40.0
1776887871.5241027,0.0,-1.0,-37.0
1776887871.534103,4.0,-4.0,-41.0
1776887871.544103,-3.0,-4.0,-34.0
1776887871.554103,-5.0,-2.0,-38.0
1776887871.5651028,-8.0,0.0,-34.0
1776887871.5741026,-7.0,0.0,-37.0
1776887871.5841026,-3.0,1.0,-33.0
1776887871.5941026,-2.0,1.0,-30.0
1776887871.6041028,-1.0,2.0,-33.0
1776887871.6141028,-1.0,5.0,-38.0
1776887871.6241028,-1.0,3.0,-44.0
1776887871.6341028,0.0,6.0,-41.0
1776887871.6441028,1.0,6.0,-35.0
1776887871.6541028,-2.0,5.0,-37.0
1776887871.6641028,2.0,9.0,-41.0
1776887871.6741028,0.0,-1.0,-35.0
1776887871.6841028,-3.0,-1.0,-31.0
1776887871.6941028,-3.0,-1.0,-27.0
1776887871.7041028,-2.0,-2.0,-25.0
1776887871.7141027,0.0,-1.0,-27.0
1776887871.7241027,0.0,0.0,-31.0
1776887871.7341027,1.0,0.0,-34.0
1776887871.7441027,1.0,1.0,-35.0
1776887871.7541027,-2.0,1.0,-35.0
1776887871.7641027,-3.0,2.0,-47.0
1776887871.7741027,-7.0,-2.0,-48.0
1776887871.784103,-9.0,-3.0,-44.0
1776887871.794103,-13.0,-4.0,-43.0
1776887871.804103,-11.0,-2.0,-39.0
1776887871.8141026,-2.0,-3.0,-37.0
1776887871.8241026,-3.0,-3.0,-39.0
1776887871.8341026,-5.0,-2.0,-40.0
1776887871.8441026,-8.0,-3.0,-38.0
1776887871.8541028,-6.0,-3.0,-38.0
1776887871.8641028,-6.0,-5.0,-36.0
1776887871.8741028,-5.0,-4.0,-38.0
1776887871.8841028,-4.0,0.0,-37.0
1776887871.8941028,-4.0,4.0,-36.0
1776887871.9041028,-7.0,7.0,-34.0
1776887871.9141028,-12.0,3.0,-35.0
1776887871.9241028,-13.0,-1.0,-37.0
1776887871.9341028,-8.0,-6.0,-36.0
1776887871.9441028,-5.0,-9.0,-34.0
1776887871.9541028,0.0,-4.0,-30.0
1776887871.9641027,3.0,-3.0,-32.0
1776887871.9741027,7.0,-5.0,-37.0
1776887871.9841027,2.0,-6.0,-39.0
1776887871.9941027,0.0,-2.0,-42.0
1776887872.0041027,-1.0,-2.0,-42.0
1776887872.0141027,-4.0,0.0,-42.0
1776887872.0241027,0.0,0.0,-36.0
1776887872.034103,0.0,0.0,-42.0
1776887872.044103,0.0,2.0,-44.0
1776887872.054103,0.0,1.0,-45.0
1776887872.0641026,2.0,-3.0,-46.0
1776887872.0741026,3.0,-4.0,-45.0
1776887872.0841026,4.0,-4.0,-43.0
1776887872.0941026,4.0,-7.0,-36.0
1776887872.1041028,5.0,-3.0,-33.0
1776887872.1141028,4.0,-3.0,-30.0
1776887872.1241028,3.0,-1.0,-26.0
1776887872.1341028,2.0,0.0,-29.0
1776887872.1441028,2.0,-1.0,-25.0
1776887872.1541028,5.0,1.0,-35.0
1776887872.1641028,9.0,2.0,-36.0
1776887872.1741028,11.0,2.0,-35.0
1776887872.1841028,7.0,-2.0,-41.0
1776887872.1941028,7.0,-1.0,-44.0
1776887872.2041028,3.0,0.0,-38.0
1776887872.2141027,0.0,1.0,-37.0
1776887872.2241027,1.0,0.0,-36.0
1776887872.2341027,2.0,2.0,-26.0
1776887872.2441027,-1.0,4.0,-26.0
1776887872.2541027,0.0,7.0,-26.0
1776887872.2641027,1.0,8.0,-30.0
1776887872.2741027,0.0,9.0,-28.0
1776887872.284103,-4.0,6.0,-29.0
1776887872.294103,-5.0,6.0,-25.0
1776887872.304103,-5.0,5.0,-30.0
1776887872.3141026,0.0,1.0,-33.0
1776887872.3241026,1.0,1.0,-33.0
1776887872.3341026,3.0,0.0,-39.0
1776887872.3441026,4.0,2.0,-40.0
1776887872.3541028,0.0,3.0,-44.0
1776887872.3651028,0.0,-2.0,-47.0
1776887872.3751028,1.0,-1.0,-42.0
1776887872.3841028,2.0,0.0,-42.0
1776887872.3951027,2.0,0.0,-47.0
1776887872.4051027,3.0,1.0,-41.0
1776887872.4141028,5.0,1.0,-41.0
1776887872.4251027,5.0,3.0,-44.0
1776887872.4351027,6.0,1.0,-39.0
1776887872.4451027,4.0,2.0,-34.0
1776887872.4551027,3.0,4.0,-34.0
1776887872.465103,0.0,1.0,-33.0
1776887872.475103,-2.0,0.0,-28.0
1776887872.485103,0.0,-2.0,-29.0
1776887872.4951026,1.0,-2.0,-30.0
1776887872.5051026,2.0,0.0,-27.0
1776887872.5151026,6.0,2.0,-23.0
1776887872.5251029,7.0,0.0,-32.0
1776887872.5351028,1.0,1.0,-30.0
1776887872.5451028,3.0,-1.0,-29.0
1776887872.5551028,2.0,-2.0,-30.0
1776887872.5651028,-1.0,-7.0,-32.0
1776887872.5751028,2.0,-8.0,-36.0
1776887872.5851028,2.0,-10.0,-35.0
1776887872.5951028,0.0,-12.0,-29.0
1776887872.6051028,-4.0,-6.0,-23.0
1776887872.6151028,0.0,-9.0,-30.0
1776887872.6251028,3.0,-12.0,-27.0
1776887872.6351027,3.0,-12.0,-31.0
1776887872.6451027,3.0,-9.0,-34.0
1776887872.6551027,0.0,-5.0,-34.0
1776887872.6651027,0.0,-3.0,-37.0
1776887872.6751027,1.0,-3.0,-38.0
1776887872.6851027,1.0,-2.0,-33.0
1776887872.6951027,-1.0,-5.0,-27.0
1776887872.7051027,0.0,-7.0,-23.0
1776887872.715103,8.0,-7.0,-30.0
1776887872.725103,10.0,-6.0,-25.0
1776887872.735103,4.0,-3.0,-28.0
1776887872.7451026,2.0,-6.0,-31.0
1776887872.7551026,-5.0,-11.0,-36.0
1776887872.7651026,-4.0,-11.0,-35.0
1776887872.7751029,2.0,-9.0,-40.0
1776887872.7851028,3.0,-10.0,-37.0
1776887872.7951028,2.0,-9.0,-33.0
1776887872.8051028,2.0,-6.0,-34.0
1776887872.8151028,6.0,-7.0,-34.0
1776887872.8251028,3.0,-3.0,-36.0
1776887872.8351028,4.0,-3.0,-41.0
1776887872.8451028,3.0,-6.0,-41.0
1776887872.8551028,7.0,-7.0,-37.0
1776887872.8651028,9.0,-8.0,-34.0
1776887872.8751028,10.0,-6.0,-47.0
1776887872.8851027,10.0,-7.0,-49.0
1776887872.8951027,5.0,-6.0,-51.0
1776887872.9051027,4.0,-3.0,-50.0
1776887872.9151027,0.0,-2.0,-46.0
1776887872.9251027,-1.0,-2.0,-40.0
1776887872.9351027,-1.0,-8.0,-39.0
1776887872.9451027,1.0,-11.0,-41.0
1776887872.9551027,-4.0,-13.0,-44.0
1776887872.965103,-7.0,-6.0,-36.0
1776887872.975103,-9.0,-4.0,-29.0
1776887872.985103,-4.0,-5.0,-34.0
1776887872.9951026,-1.0,-1.0,-33.0
1776887873.0051026,0.0,-2.0,-33.0
1776887873.0151026,4.0,-2.0,-35.0
1776887873.0251029,2.0,-8.0,-37.0
1776887873.0351028,2.0,-8.0,-33.0
1776887873.0451028,0.0,-6.0,-39.0
1776887873.0551028,-2.0,-7.0,-35.0
1776887873.0651028,1.0,-7.0,-37.0
1776887873.0751028,-1.0,-9.0,-31.0
1776887873.0851028,-2.0,-7.0,-28.0
1776887873.0951028,5.0,-1.0,-29.0
1776887873.1051028,3.0,-3.0,-32.0
1776887873.1151028,-2.0,-6.0,-33.0
1776887873.1251028,-3.0,-5.0,-38.0
1776887873.1351027,-5.0,-3.0,-43.0
1776887873.1451027,-1.0,-3.0,-37.0
1776887873.1551027,-5.0,-2.0,-28.0
1776887873.1651027,-3.0,0.0,-28.0
1776887873.1751027,-1.0,4.0,-31.0
1776887873.1851027,-1.0,7.0,-32.0
1776887873.1951027,0.0,12.0,-37.0
1776887873.2051027,-1.0,13.0,-33.0
1776887873.215103,0.0,11.0,-30.0
1776887873.225103,0.0,8.0,-34.0
1776887873.235103,1.0,3.0,-32.0
1776887873.2451026,0.0,2.0,-34.0
1776887873.2551026,2.0,4.0,-34.0
1776887873.2651026,0.0,8.0,-33.0
1776887873.2751029,-1.0,5.0,-29.0
1776887873.2851028,1.0,3.0,-29.0
1776887873.2951028,4.0,2.0,-31.0
1776887873.3051028,2.0,0.0,-36.0
1776887873.3151028,1.0,1.0,-33.0
1776887873.3251028,5.0,1.0,-30.0
1776887873.3351028,-1.0,3.0,-25.0
1776887873.3451028,-1.0,1.0,-28.0
1776887873.3551028,1.0,0.0,-26.0
1776887873.3651028,3.0,-1.0,-29.0
1776887873.3751028,1.0,-5.0,-35.0
1776887873.3851027,3.0,-4.0,-33.0
1776887873.3951027,5.0,0.0,-42.0
1776887873.4051027,3.0,1.0,-42.0
1776887873.4151027,2.0,2.0,-39.0
1776887873.4251027,0.0,2.0,-35.0
1776887873.4351027,-4.0,0.0,-37.0
1776887873.4451027,-7.0,0.0,-41.0
1776887873.4551027,-6.0,0.0,-38.0
1776887873.465103,1.0,0.0,-38.0
1776887873.475103,-2.0,0.0,-37.0
1776887873.485103,0.0,0.0,-38.0
1776887873.4951026,-3.0,3.0,-33.0
1776887873.5051026,-2.0,-2.0,-32.0
1776887873.5151026,0.0,1.0,-28.0
1776887873.5251029,0.0,3.0,-32.0
1776887873.5351028,-3.0,0.0,-29.0
1776887873.5451028,-3.0,0.0,-30.0
1776887873.5551028,-2.0,-1.0,-41.0
1776887873.5651028,-3.0,0.0,-40.0
1776887873.5751028,-2.0,1.0,-43.0
1776887873.5851028,0.0,5.0,-35.0
1776887873.5951028,3.0,7.0,-31.0
1776887873.6051028,0.0,2.0,-31.0
1776887873.6151028,-4.0,-1.0,-27.0
1776887873.6251028,-2.0,0.0,-27.0
1776887873.6351027,-6.0,2.0,-24.0
1776887873.6451027,-7.0,3.0,-29.0
1776887873.6551027,-6.0,-1.0,-38.0
1776887873.6651027,-2.0,-5.0,-46.0
1776887873.6751027,-2.0,0.0,-48.0
1776887873.6851027,-1.0,-1.0,-39.0
1776887873.6951027,-2.0,-4.0,-33.0
1776887873.7051027,-3.0,-5.0,-31.0
1776887873.715103,-2.0,-1.0,-33.0
1776887873.725103,-2.0,0.0,-32.0
1776887873.735103,-3.0,-5.0,-34.0
1776887873.7451026,-3.0,-7.0,-41.0
1776887873.7551026,-8.0,-6.0,-35.0
1776887873.7651026,-8.0,-6.0,-41.0
1776887873.7751029,-9.0,-8.0,-39.0
1776887873.7851028,-1.0,-7.0,-41.0
1776887873.7951028,-4.0,-5.0,-47.0
1776887873.8051028,-1.0,-4.0,-41.0
1776887873.8151028,-1.0,-3.0,-36.0
1776887873.8251028,-3.0,0.0,-37.0
1776887873.8351028,-1.0,0.0,-37.0
1776887873.8451028,0.0,-5.0,-28.0
1776887873.8551028,2.0,-4.0,-28.0
1776887873.8651028,-1.0,-4.0,-32.0
1776887873.8751028,-1.0,-3.0,-36.0
1776887873.8851027,-4.0,-3.0,-33.0
1776887873.8951027,-2.0,-2.0,-33.0
1776887873.9051027,0.0,-3.0,-28.0
1776887873.9151027,-1.0,-5.0,-35.0
1776887873.9251027,-3.0,-1.0,-40.0
1776887873.9351027,-1.0,-4.0,-34.0
1776887873.9451027,0.0,-4.0,-33.0
1776887873.9551027,0.0,-2.0,-31.0
1776887873.965103,-1.0,-1.0,-26.0
1776887873.975103,-3.0,0.0,-29.0
1776887873.985103,-1.0,-2.0,-32.0
1776887873.9951026,-2.0,0.0,-40.0
1776887874.0051026,-3.0,3.0,-39.0
1776887874.0151026,1.0,3.0,-40.0
1776887874.0251029,3.0,3.0,-33.0
1776887874.0351028,1.0,5.0,-35.0
1776887874.0451028,-1.0,4.0,-40.0
1776887874.0551028,2.0,1.0,-38.0
1776887874.0651028,2.0,1.0,-33.0
1776887874.0751028,0.0,0.0,-28.0
1776887874.0851028,0.0,0.0,-31.0
1776887874.0951028,1.0,-1.0,-35.0
1776887874.1051028,-1.0,-5.0,-37.0
1776887874.1151028,-1.0,-4.0,-33.0
1776887874.1251028,0.0,-3.0,-38.0
1776887874.1351027,-1.0,-4.0,-33.0
1776887874.1451027,-1.0,-4.0,-30.0
1776887874.1551027,0.0,0.0,-31.0
1776887874.1651027,1.0,-3.0,-36.0
1776887874.1751027,1.0,-2.0,-36.0
1776887874.1851027,0.0,-3.0,-37.0
1776887874.1951027,-3.0,-5.0,-35.0
1776887874.2051027,-5.0,-6.0,-38.0
1776887874.215103,-2.0,-4.0,-36.0
1776887874.225103,0.0,-4.0,-37.0
1776887874.235103,-3.0,-5.0,-36.0
1776887874.2451026,-3.0,-2.0,-33.0
1776887874.2551026,0.0,-5.0,-36.0
1776887874.2651026,-3.0,-3.0,-37.0
1776887874.2751029,-4.0,1.0,-36.0
1776887874.2851028,-2.0,2.0,-34.0
1776887874.2951028,0.0,-1.0,-36.0
1776887874.3051028,0.0,-2.0,-38.0
1776887874.3151028,4.0,-9.0,-40.0
1776887874.3251028,1.0,-8.0,-40.0
1776887874.3351028,-5.0,-5.0,-40.0
1776887874.3451028,-6.0,-10.0,-39.0
1776887874.3551028,-7.0,-9.0,-39.0
1776887874.3661027,-7.0,-6.0,-36.0
1776887874.3761027,-5.0,-6.0,-35.0
1776887874.386103,-5.0,-3.0,-34.0
1776887874.396103,-1.0,-6.0,-36.0
1776887874.406103,4.0,-8.0,-44.0
1776887874.4161026,1.0,-6.0,-44.0
1776887874.4261026,0.0,-6.0,-40.0
1776887874.4361026,3.0,-9.0,-40.0
1776887874.4461029,2.0,-5.0,-43.0
1776887874.4561028,2.0,-1.0,-44.0
1776887874.4661028,6.0,3.0,-42.0
1776887874.4761028,6.0,3.0,-43.0
1776887874.4861028,1.0,2.0,-36.0
1776887874.4961028,0.0,1.0,-38.0
1776887874.5061028,0.0,2.0,-46.0
1776887874.5161028,2.0,2.0,-44.0
1776887874.5261028,5.0,-2.0,-49.0
1776887874.5361028,5.0,-3.0,-44.0
1776887874.5461028,0.0,-3.0,-42.0
1776887874.5561028,-1.0,0.0,-41.0
1776887874.5661027,0.0,4.0,-43.0
1776887874.5761027,-2.0,4.0,-44.0
1776887874.5861027,-5.0,1.0,-43.0
1776887874.5961027,-3.0,0.0,-44.0
1776887874.6061027,-4.0,-2.0,-45.0
1776887874.6161027,0.0,-1.0,-42.0
1776887874.6261027,0.0,0.0,-40.0
1776887874.636103,-2.0,0.0,-41.0
1776887874.646103,0.0,-1.0,-43.0
1776887874.656103,0.0,0.0,-43.0
1776887874.6661026,-1.0,3.0,-42.0
1776887874.6761026,1.0,9.0,-28.0
1776887874.6861026,1.0,8.0,-34.0
1776887874.6961029,0.0,3.0,-26.0
1776887874.7061028,0.0,2.0,-20.0
1776887874.7161028,-4.0,0.0,-28.0
1776887874.7261028,-6.0,-2.0,-29.0
1776887874.7361028,-2.0,-1.0,-32.0
1776887874.7461028,-4.0,0.0,-38.0
1776887874.7561028,-2.0,-3.0,-37.0
1776887874.7661028,-1.0,-3.0,-39.0
1776887874.7761028,1.0,-2.0,-41.0
1776887874.7861028,0.0,-3.0,-37.0
1776887874.7961028,2.0,-5.0,-38.0
1776887874.8061028,0.0,-3.0,-38.0
1776887874.8161027,-3.0,-4.0,-43.0
1776887874.8261027,-10.0,-1.0,-48.0
1776887874.8361027,-5.0,2.0,-42.0
1776887874.8461027,-4.0,2.0,-39.0
1776887874.8561027,-6.0,7.0,-43.0
1776887874.8661027,-4.0,7.0,-44.0
1776887874.8761027,-1.0,1.0,-43.0
1776887874.886103,-1.0,0.0,-44.0
1776887874.896103,-4.0,-2.0,-40.0
1776887874.906103,-5.0,-4.0,-38.0
1776887874.9161026,0.0,-4.0,-40.0
1776887874.9261026,0.0,-5.0,-38.0
1776887874.9361026,4.0,0.0,-44.0
1776887874.9461029,0.0,0.0,-45.0
1776887874.9561028,1.0,0.0,-43.0
1776887874.9661028,-1.0,2.0,-42.0
1776887874.9761028,-1.0,0.0,-44.0
1776887874.9861028,2.0,0.0,-41.0
1776887874.9961028,0.0,-4.0,-35.0
1776887875.0061028,-1.0,-9.0,-32.0
1776887875.0161028,-3.0,-11.0,-31.0
1776887875.0261028,-5.0,-5.0,-38.0
1776887875.0361028,-3.0,-7.0,-38.0
1776887875.0461028,-2.0,-7.0,-30.0
1776887875.0561028,5.0,-11.0,-35.0
1776887875.0661027,5.0,-9.0,-39.0
1776887875.0761027,6.0,-6.0,-42.0
1776887875.0861027,7.0,-6.0,-37.0
1776887875.0961027,2.0,-4.0,-37.0
1776887875.1061027,3.0,-4.0,-39.0
1776887875.1161027,4.0,-4.0,-36.0
1776887875.1261027,6.0,-3.0,-34.0
1776887875.136103,6.0,-3.0,-32.0
1776887875.146103,3.0,-1.0,-33.0
1776887875.156103,2.0,-5.0,-40.0
1776887875.1661026,2.0,-8.0,-36.0
1776887875.1761026,6.0,-8.0,-27.0
1776887875.1861026,11.0,-5.0,-32.0
1776887875.1961029,12.0,-5.0,-38.0
1776887875.2061028,9.0,-2.0,-40.0
1776887875.2161028,4.0,-5.0,-35.0
1776887875.2261028,4.0,-6.0,-33.0
1776887875.2361028,3.0,-6.0,-44.0
1776887875.2461028,1.0,-5.0,-35.0
1776887875.2561028,3.0,1.0,-34.0
1776887875.2661028,2.0,3.0,-35.0
1776887875.2761028,-1.0,2.0,-36.0
1776887875.2861028,0.0,3.0,-35.0
1776887875.2961028,4.0,4.0,-35.0
1776887875.3061028,2.0,7.0,-29.0
1776887875.3161027,0.0,5.0,-33.0
1776887875.3261027,-1.0,0.0,-29.0
1776887875.3361027,-1.0,-3.0,-32.0
1776887875.3461027,0.0,-4.0,-31.0
1776887875.3561027,3.0,-3.0,-35.0
1776887875.3661027,4.0,-2.0,-28.0
1776887875.3761027,4.0,0.0,-30.0
1776887875.386103,3.0,-2.0,-36.0
1776887875.396103,-1.0,-1.0,-34.0
1776887875.406103,2.0,-1.0,-27.0
1776887875.4161026,5.0,-1.0,-33.0
1776887875.4261026,6.0,-2.0,-37.0
1776887875.4361026,1.0,-3.0,-40.0
1776887875.4461029,0.0,0.0,-41.0
1776887875.4561028,-2.0,-3.0,-34.0
1776887875.4661028,0.0,-3.0,-34.0
1776887875.4761028,4.0,-1.0,-38.0
1776887875.4861028,5.0,0.0,-36.0
1776887875.4961028,4.0,-5.0,-41.0
1776887875.5061028,0.0,-7.0,-45.0
1776887875.5161028,0.0,-2.0,-42.0
1776887875.5261028,-1.0,1.0,-39.0
1776887875.5361028,-2.0,7.0,-43.0
1776887875.5461028,-2.0,6.0,-42.0
1776887875.5561028,-2.0,1.0,-41.0
1776887875.5661027,-2.0,3.0,-38.0
1776887875.5761027,0.0,2.0,-33.0
1776887875.5861027,0.0,-2.0,-33.0
1776887875.5961027,0.0,-2.0,-28.0
1776887875.6061027,1.0,1.0,-19.0
1776887875.6161027,5.0,-3.0,-22.0
1776887875.6261027,7.0,-6.0,-20.0
1776887875.636103,5.0,-4.0,-31.0
1776887875.646103,3.0,-4.0,-33.0
1776887875.656103,0.0,-3.0,-40.0
1776887875.6661026,0.0,-1.0,-39.0
1776887875.6761026,-1.0,0.0,-40.0
1776887875.6861026,-6.0,0.0,-43.0
1776887875.6961029,-3.0,0.0,-46.0
1776887875.7061028,-3.0,-2.0,-45.0
1776887875.7161028,-2.0,-2.0,-45.0
1776887875.7261028,0.0,-1.0,-50.0
1776887875.7361028,1.0,1.0,-46.0
1776887875.7461028,2.0,2.0,-46.0
1776887875.7561028,-1.0,0.0,-46.0
1776887875.7661028,-1.0,2.0,-47.0
1776887875.7761028,1.0,2.0,-41.0
1776887875.7861028,1.0,-1.0,-44.0
1776887875.7961028,2.0,0.0,-42.0
1776887875.8061028,-1.0,2.0,-44.0
1776887875.8161027,-2.0,2.0,-46.0
1776887875.8261027,0.0,4.0,-39.0
1776887875.8361027,0.0,4.0,-37.0
1776887875.8461027,-1.0,5.0,-37.0
1776887875.8561027,-5.0,4.0,-38.0
1776887875.8661027,-2.0,5.0,-38.0
1776887875.8761027,-6.0,4.0,-31.0
1776887875.886103,-4.0,4.0,-43.0
1776887875.896103,0.0,0.0,-42.0
1776887875.906103,0.0,0.0,-42.0
1776887875.9161026,0.0,0.0,-39.0
1776887875.9261026,6.0,-4.0,-40.0
1776887875.9361026,5.0,-2.0,-39.0
1776887875.9461029,2.0,-1.0,-32.0
1776887875.9561028,1.0,3.0,-38.0
1776887875.9661028,1.0,-1.0,-32.0
1776887875.9761028,-2.0,-3.0,-36.0
1776887875.9861028,0.0,-4.0,-37.0
1776887875.9961028,0.0,0.0,-36.0
1776887876.0061028,5.0,1.0,-42.0
1776887876.0161028,8.0,2.0,-38.0
1776887876.0261028,6.0,3.0,-36.0
1776887876.0361028,9.0,0.0,-35.0
1776887876.0461028,9.0,0.0,-32.0
1776887876.0561028,12.0,-1.0,-39.0
1776887876.0661027,18.0,-3.0,-41.0
1776887876.0761027,13.0,-4.0,-46.0
1776887876.0861027,9.0,-3.0,-42.0
1776887876.0961027,9.0,0.0,-39.0
1776887876.1061027,7.0,3.0,-33.0
1776887876.1161027,6.0,2.0,-36.0
1776887876.1261027,2.0,0.0,-32.0
1776887876.136103,5.0,1.0,-30.0
1776887876.146103,6.0,-2.0,-34.0
1776887876.156103,6.0,-3.0,-30.0
1776887876.1661026,5.0,-3.0,-34.0
1776887876.1761026,4.0,-6.0,-35.0
1776887876.1861026,2.0,-3.0,-36.0
1776887876.1961029,3.0,1.0,-39.0
1776887876.2061028,8.0,0.0,-43.0
1776887876.2161028,3.0,-1.0,-42.0
1776887876.2261028,0.0,-4.0,-43.0
1776887876.2361028,-1.0,-3.0,-36.0
1776887876.2461028,-3.0,-4.0,-30.0
1776887876.2561028,-3.0,-8.0,-35.0
1776887876.2661028,-2.0,-7.0,-37.0
1776887876.2761028,-3.0,-7.0,-38.0
1776887876.2861028,-6.0,-7.0,-42.0
1776887876.2961028,-5.0,-4.0,-41.0
1776887876.3061028,-5.0,-8.0,-41.0
1776887876.3161027,-3.0,-4.0,-39.0
1776887876.3261027,-1.0,-4.0,-35.0
1776887876.3361027,-1.0,-3.0,-33.0
1776887876.3461027,-2.0,0.0,-34.0
1776887876.3561027,1.0,2.0,-36.0
1776887876.3661027,1.0,1.0,-41.0
1776887876.3781028,2.0,3.0,-45.0
1776887876.3871028,0.0,3.0,-50.0
1776887876.3971028,6.0,1.0,-51.0
1776887876.4071028,4.0,-1.0,-46.0
1776887876.4171028,3.0,1.0,-41.0
1776887876.4271028,3.0,1.0,-43.0
1776887876.4371028,2.0,4.0,-36.0
1776887876.4471028,3.0,1.0,-32.0
1776887876.4571028,0.0,-3.0,-42.0
1776887876.4671028,1.0,-6.0,-42.0
1776887876.4771028,0.0,0.0,-32.0
1776887876.4871027,-3.0,3.0,-35.0
1776887876.4971027,-4.0,2.0,-41.0
1776887876.5071027,-2.0,-1.0,-37.0
1776887876.5171027,-4.0,0.0,-40.0
1776887876.5271027,-5.0,-1.0,-43.0
1776887876.5371027,-3.0,1.0,-42.0
1776887876.5471027,-3.0,1.0,-34.0
1776887876.557103,0.0,1.0,-27.0
1776887876.567103,1.0,0.0,-27.0
1776887876.577103,1.0,1.0,-35.0
1776887876.587103,1.0,1.0,-29.0
1776887876.5971026,5.0,-2.0,-31.0
1776887876.6071026,3.0,-4.0,-31.0
1776887876.6171026,4.0,-1.0,-36.0
1776887876.6271029,1.0,0.0,-35.0
1776887876.6371028,2.0,2.0,-33.0
1776887876.6471028,-2.0,0.0,-26.0
1776887876.6571028,-6.0,1.0,-25.0
1776887876.6671028,-8.0,2.0,-28.0
1776887876.6771028,-5.0,7.0,-38.0
1776887876.6871028,-4.0,6.0,-36.0
1776887876.6971028,-5.0,1.0,-40.0
1776887876.7071028,-6.0,0.0,-47.0
1776887876.7171028,0.0,-2.0,-49.0
1776887876.7271028,6.0,-5.0,-45.0
1776887876.7371027,2.0,-3.0,-35.0
1776887876.7471027,-2.0,-3.0,-33.0
1776887876.7571027,-6.0,-5.0,-31.0
1776887876.7671027,-2.0,-5.0,-25.0
1776887876.7771027,-2.0,-5.0,-25.0
1776887876.7871027,0.0,-4.0,-27.0
1776887876.7971027,0.0,-4.0,-25.0
1776887876.807103,1.0,-1.0,-31.0
1776887876.817103,1.0,-2.0,-33.0
1776887876.827103,0.0,0.0,-40.0
1776887876.837103,3.0,0.0,-42.0
1776887876.8471026,3.0,0.0,-36.0
1776887876.8571026,2.0,1.0,-33.0
1776887876.8671026,0.0,-1.0,-37.0
1776887876.8771029,1.0,2.0,-38.0
1776887876.8871028,2.0,12.0,-37.0
1776887876.8971028,6.0,13.0,-32.0
1776887876.9071028,8.0,11.0,-28.0
1776887876.9171028,6.0,12.0,-29.0
1776887876.9271028,9.0,11.0,-27.0
1776887876.9371028,12.0,12.0,-28.0
1776887876.9471028,9.0,10.0,-27.0
1776887876.9571028,10.0,3.0,-35.0
1776887876.9671028,5.0,0.0,-36.0
1776887876.9771028,0.0,-6.0,-34.0
1776887876.9871027,1.0,-6.0,-30.0
1776887876.9971027,0.0,-3.0,-29.0
1776887877.0071027,1.0,-2.0,-31.0
1776887877.0171027,2.0,-1.0,-35.0
1776887877.0271027,1.0,-1.0,-27.0
1776887877.0371027,-1.0,-3.0,-34.0
1776887877.0471027,-1.0,-5.0,-38.0
1776887877.057103,-2.0,-4.0,-44.0
1776887877.067103,-3.0,-7.0,-42.0
1776887877.077103,-5.0,-7.0,-43.0
1776887877.087103,-2.0,-7.0,-39.0
1776887877.0971026,-2.0,-1.0,-36.0
1776887877.1071026,0.0,4.0,-39.0
1776887877.1171026,0.0,3.0,-40.0
1776887877.1271029,3.0,0.0,-35.0
1776887877.1371028,1.0,0.0,-38.0
1776887877.1471028,6.0,-3.0,-29.0
1776887877.1571028,6.0,-1.0,-27.0
1776887877.1671028,2.0,-1.0,-26.0
1776887877.1771028,3.0,-1.0,-32.0
1776887877.1871028,2.0,-5.0,-36.0
1776887877.1971028,5.0,-7.0,-29.0
1776887877.2071028,6.0,-3.0,-26.0
1776887877.2171028,6.0,-2.0,-25.0
1776887877.2271028,8.0,-3.0,-29.0
1776887877.2371027,3.0,0.0,-35.0
1776887877.2471027,4.0,-3.0,-42.0
1776887877.2571027,4.0,-1.0,-41.0
1776887877.2671027,0.0,0.0,-36.0
1776887877.2771027,2.0,0.0,-36.0
1776887877.2871027,4.0,-1.0,-35.0
1776887877.2971027,4.0,-5.0,-30.0
1776887877.307103,5.0,-4.0,-32.0
1776887877.317103,4.0,0.0,-26.0
1776887877.327103,0.0,0.0,-27.0
1776887877.337103,0.0,0.0,-29.0
1776887877.3471026,0.0,-1.0,-25.0
1776887877.3571026,0.0,0.0,-26.0
1776887877.3671026,1.0,-4.0,-28.0
1776887877.3771029,1.0,-2.0,-23.0
1776887877.3871028,6.0,-3.0,-24.0
1776887877.3971028,7.0,1.0,-30.0
1776887877.4071028,6.0,2.0,-35.0
1776887877.4171028,3.0,3.0,-35.0
1776887877.4271028,2.0,-1.0,-33.0
1776887877.4371028,1.0,0.0,-29.0
1776887877.4471028,0.0,2.0,-31.0
1776887877.4571028,-1.0,1.0,-35.0
1776887877.4671028,-2.0,0.0,-32.0
1776887877.4771028,1.0,-1.0,-30.0
1776887877.4871027,7.0,0.0,-31.0
1776887877.4971027,1.0,1.0,-31.0
1776887877.5071027,0.0,0.0,-28.0
1776887877.5171027,-1.0,0.0,-26.0
1776887877.5271027,0.0,0.0,-25.0
1776887877.5371027,-5.0,-2.0,-25.0
1776887877.5471027,-4.0,-4.0,-26.0
1776887877.557103,5.0,-2.0,-27.0
1776887877.567103,1.0,-1.0,-34.0
1776887877.577103,3.0,-2.0,-38.0
1776887877.587103,1.0,-6.0,-46.0
1776887877.5971026,-1.0,-4.0,-40.0
1776887877.6071026,0.0,-3.0,-37.0
1776887877.6171026,2.0,-8.0,-34.0
1776887877.6271029,-1.0,-8.0,-26.0
1776887877.6371028,0.0,-3.0,-28.0
1776887877.6471028,1.0,-3.0,-35.0
1776887877.6571028,3.0,-4.0,-42.0
1776887877.6671028,10.0,-6.0,-43.0
1776887877.6771028,8.0,-4.0,-40.0
1776887877.6871028,7.0,-3.0,-40.0
1776887877.6971028,8.0,0.0,-44.0
1776887877.7071028,8.0,0.0,-42.0
1776887877.7171028,6.0,-4.0,-41.0
1776887877.7271028,3.0,-5.0,-43.0
1776887877.7371027,4.0,-5.0,-43.0
1776887877.7471027,4.0,-3.0,-46.0
1776887877.7571027,1.0,-5.0,-38.0
1776887877.7671027,4.0,-5.0,-35.0
1776887877.7771027,1.0,-7.0,-33.0
1776887877.7871027,0.0,-8.0,-37.0
1776887877.7971027,-5.0,-6.0,-36.0
1776887877.807103,-6.0,-4.0,-32.0
1776887877.817103,-1.0,-3.0,-36.0
1776887877.827103,2.0,-2.0,-34.0
1776887877.837103,2.0,-2.0,-34.0
1776887877.8471026,2.0,0.0,-39.0
1776887877.8571026,-1.0,-4.0,-43.0
1776887877.8671026,-1.0,0.0,-40.0
1776887877.8771029,-1.0,2.0,-49.0
1776887877.8871028,-5.0,0.0,-44.0
1776887877.8971028,-3.0,-2.0,-47.0
1776887877.9071028,-2.0,-3.0,-44.0
1776887877.9171028,0.0,-2.0,-45.0
1776887877.9271028,1.0,0.0,-42.0
1776887877.9371028,1.0,1.0,-43.0
1776887877.9471028,2.0,-1.0,-46.0
1776887877.9571028,0.0,-3.0,-42.0
1776887877.9671028,0.0,-6.0,-45.0
1776887877.9771028,-1.0,-2.0,-36.0
1776887877.9871027,-2.0,-2.0,-42.0
1776887877.9971027,-3.0,-6.0,-44.0
1776887878.0071027,-4.0,-5.0,-38.0
1776887878.0171027,-5.0,-4.0,-36.0
1776887878.0271027,-4.0,-4.0,-31.0
1776887878.0371027,-1.0,-2.0,-25.0
1776887878.0471027,0.0,-5.0,-27.0
1776887878.057103,-1.0,-3.0,-34.0
1776887878.067103,0.0,-1.0,-39.0
1776887878.077103,-1.0,-1.0,-40.0
1776887878.087103,-5.0,1.0,-37.0
1776887878.0971026,-5.0,-2.0,-42.0
1776887878.1071026,-7.0,-4.0,-45.0
1776887878.1171026,-1.0,-5.0,-48.0
1776887878.1271029,-3.0,-4.0,-49.0
1776887878.1371028,-6.0,0.0,-50.0
1776887878.1471028,-8.0,2.0,-46.0
1776887878.1571028,-3.0,-3.0,-42.0
1776887878.1671028,-2.0,-4.0,-46.0
1776887878.1771028,0.0,-8.0,-46.0
1776887878.1871028,1.0,-6.0,-37.0
1776887878.1971028,3.0,-7.0,-42.0
1776887878.2071028,3.0,-6.0,-43.0
1776887878.2171028,6.0,-4.0,-48.0
1776887878.2271028,6.0,-8.0,-51.0
1776887878.2371027,6.0,-7.0,-50.0
1776887878.2471027,3.0,-4.0,-48.0
1776887878.2571027,4.0,-6.0,-47.0
1776887878.2671027,5.0,-6.0,-42.0
1776887878.2771027,7.0,-5.0,-34.0
1776887878.2871027,8.0,-2.0,-37.0
1776887878.2971027,6.0,-1.0,-33.0
1776887878.307103,3.0,2.0,-27.0
1776887878.317103,5.0,3.0,-32.0
1776887878.327103,6.0,3.0,-31.0
1776887878.337103,6.0,3.0,-28.0
1776887878.3471026,8.0,0.0,-34.0
1776887878.3571026,9.0,-4.0,-36.0
1776887878.3671026,11.0,-5.0,-42.0
1776887878.3781028,16.0,-2.0,-43.0
1776887878.3871028,16.0,-3.0,-44.0
1776887878.3981028,12.0,-1.0,-41.0
1776887878.4081028,13.0,0.0,-42.0
1776887878.4181027,8.0,-3.0,-37.0
1776887878.4281027,6.0,-5.0,-35.0
1776887878.4381027,0.0,-4.0,-35.0
1776887878.4481027,4.0,-3.0,-32.0
1776887878.4581027,1.0,0.0,-32.0
1776887878.4681027,6.0,3.0,-31.0
1776887878.4781027,6.0,-3.0,-23.0
1776887878.488103,5.0,0.0,-29.0
1776887878.498103,-1.0,2.0,-32.0
1776887878.508103,-2.0,0.0,-36.0
1776887878.5181026,-4.0,-1.0,-41.0
1776887878.5281026,-4.0,-2.0,-36.0
1776887878.5381026,0.0,-2.0,-37.0
1776887878.5481029,-1.0,0.0,-37.0
1776887878.5581028,-4.0,3.0,-39.0
1776887878.5681028,-5.0,3.0,-38.0
1776887878.5781028,-3.0,3.0,-34.0
1776887878.5881028,-3.0,1.0,-35.0
1776887878.5981028,-2.0,1.0,-47.0
1776887878.6081028,-4.0,-3.0,-47.0
1776887878.6181028,-8.0,-7.0,-44.0
1776887878.6281028,-5.0,-3.0,-41.0
1776887878.6381028,-4.0,0.0,-39.0
1776887878.6481028,0.0,4.0,-37.0
1776887878.6581028,-2.0,4.0,-43.0
1776887878.6681027,-8.0,3.0,-44.0
1776887878.6781027,-10.0,2.0,-42.0
1776887878.6881027,-6.0,1.0,-39.0
1776887878.6981027,-5.0,6.0,-39.0
1776887878.7081027,-5.0,3.0,-42.0
1776887878.7181027,1.0,1.0,-47.0
1776887878.7281027,0.0,3.0,-35.0
1776887878.738103,-4.0,2.0,-29.0
1776887878.748103,-6.0,3.0,-33.0
1776887878.758103,-9.0,0.0,-33.0
1776887878.7681026,-4.0,0.0,-34.0
1776887878.7781026,-3.0,-2.0,-38.0
1776887878.7881026,-1.0,-3.0,-41.0
1776887878.7981029,2.0,3.0,-36.0
1776887878.8081028,3.0,4.0,-37.0
1776887878.8181028,0.0,4.0,-37.0
1776887878.8281028,1.0,7.0,-39.0
1776887878.8381028,3.0,5.0,-39.0
1776887878.8481028,0.0,3.0,-42.0
1776887878.8581028,-2.0,5.0,-44.0
1776887878.8681028,-2.0,4.0,-47.0
1776887878.8781028,-1.0,2.0,-47.0
1776887878.8881028,-2.0,0.0,-43.0
1776887878.8981028,-2.0,-1.0,-47.0
1776887878.9081028,4.0,-2.0,-44.0
1776887878.9181027,9.0,0.0,-40.0
1776887878.9281027,10.0,-5.0,-45.0
1776887878.9381027,11.0,-5.0,-47.0
1776887878.9481027,6.0,-5.0,-46.0
1776887878.9581027,3.0,-4.0,-41.0
1776887878.9681027,1.0,0.0,-45.0
1776887878.9781027,3.0,-3.0,-45.0
1776887878.988103,-1.0,-3.0,-47.0
1776887878.998103,0.0,0.0,-45.0
1776887879.008103,0.0,1.0,-47.0
1776887879.0181026,-5.0,-2.0,-48.0
1776887879.0281026,-3.0,-3.0,-40.0
1776887879.0381026,-5.0,-5.0,-42.0
1776887879.0481029,-3.0,-1.0,-41.0
1776887879.0581028,-5.0,-2.0,-38.0
1776887879.0681028,-3.0,-4.0,-43.0
1776887879.0781028,-6.0,-6.0,-46.0
1776887879.0881028,-6.0,-7.0,-42.0
1776887879.0981028,-8.0,-4.0,-45.0
1776887879.1081028,-4.0,-2.0,-46.0
1776887879.1181028,-1.0,-3.0,-47.0
1776887879.1281028,-1.0,-5.0,-48.0
1776887879.1381028,-1.0,-2.0,-41.0
1776887879.1481028,0.0,-1.0,-44.0
1776887879.1581028,5.0,2.0,-52.0
1776887879.1681027,2.0,3.0,-46.0
1776887879.1781027,-1.0,0.0,-42.0
1776887879.1881027,0.0,4.0,-38.0
1776887879.1981027,-1.0,4.0,-30.0
1776887879.2081027,0.0,3.0,-40.0
1776887879.2181027,2.0,-1.0,-45.0
1776887879.2281027,6.0,1.0,-45.0
1776887879.238103,5.0,5.0,-47.0
1776887879.248103,6.0,7.0,-49.0
1776887879.258103,7.0,3.0,-48.0
1776887879.2681026,4.0,-1.0,-44.0
1776887879.2781026,3.0,-5.0,-44.0
1776887879.2881026,9.0,-2.0,-39.0
1776887879.2981029,5.0,-2.0,-35.0
1776887879.3081028,0.0,-1.0,-28.0
1776887879.3181028,0.0,-2.0,-28.0
1776887879.3281028,3.0,-5.0,-30.0
1776887879.3381028,0.0,-4.0,-38.0
1776887879.3481028,2.0,-6.0,-40.0
1776887879.3581028,1.0,-3.0,-46.0
1776887879.3681028,5.0,-2.0,-49.0
1776887879.3781028,4.0,0.0,-52.0
1776887879.3881028,6.0,2.0,-49.0
1776887879.3981028,7.0,1.0,-38.0
1776887879.4081028,6.0,-3.0,-39.0
1776887879.4181027,6.0,0.0,-41.0
1776887879.4281027,4.0,0.0,-43.0
1776887879.4381027,6.0,0.0,-43.0
1776887879.4481027,3.0,0.0,-43.0
1776887879.4581027,2.0,0.0,-42.0
1776887879.4681027,-1.0,0.0,-41.0
1776887879.4781027,0.0,0.0,-36.0
1776887879.488103,0.0,-3.0,-36.0
1776887879.498103,0.0,-3.0,-34.0
1776887879.508103,5.0,0.0,-40.0
1776887879.5181026,6.0,-1.0,-40.0
1776887879.5281026,6.0,0.0,-39.0
1776887879.5381026,2.0,0.0,-40.0
1776887879.5481029,6.0,-1.0,-41.0
1776887879.5581028,6.0,-4.0,-44.0
1776887879.5681028,1.0,-4.0,-51.0
1776887879.5781028,-2.0,-9.0,-46.0
1776887879.5881028,-3.0,-9.0,-43.0
1776887879.5981028,-4.0,-6.0,-43.0
1776887879.6081028,-2.0,-1.0,-37.0
1776887879.6181028,2.0,0.0,-33.0
1776887879.6281028,-2.0,5.0,-29.0
1776887879.6381028,-2.0,3.0,-27.0
1776887879.6481028,3.0,6.0,-29.0
1776887879.6581028,1.0,6.0,-30.0
1776887879.6681027,3.0,8.0,-33.0
1776887879.6781027,3.0,6.0,-38.0
1776887879.6881027,1.0,1.0,-37.0
1776887879.6981027,-1.0,2.0,-40.0
1776887879.7081027,0.0,1.0,-43.0
1776887879.7181027,1.0,0.0,-49.0
1776887879.7281027,0.0,0.0,-49.0
1776887879.738103,1.0,-5.0,-44.0
1776887879.748103,0.0,-7.0,-41.0
1776887879.758103,0.0,-9.0,-46.0
1776887879.7681026,0.0,-11.0,-48.0
1776887879.7781026,-2.0,-10.0,-52.0
1776887879.7881026,-2.0,-8.0,-49.0
1776887879.7981029,-1.0,-9.0,-45.0
1776887879.8081028,-2.0,-11.0,-42.0
1776887879.8181028,-2.0,-5.0,-42.0
1776887879.8281028,-1.0,-7.0,-47.0
1776887879.8381028,1.0,-8.0,-51.0
1776887879.8481028,2.0,-5.0,-48.0
1776887879.8581028,4.0,-2.0,-45.0
1776887879.8681028,0.0,-2.0,-47.0
1776887879.8781028,-3.0,-5.0,-44.0
1776887879.8881028,1.0,-1.0,-39.0
1776887879.8981028,3.0,0.0,-38.0
1776887879.9081028,0.0,0.0,-40.0
1776887879.9181027,0.0,-1.0,-44.0
1776887879.9281027,2.0,0.0,-42.0
1776887879.9381027,7.0,0.0,-37.0
1776887879.9481027,5.0,2.0,-34.0
1776887879.9581027,6.0,0.0,-34.0
1776887879.9681027,7.0,0.0,-31.0
1776887879.9781027,2.0,0.0,-32.0
1776887879.988103,-4.0,-2.0,-31.0
1776887879.998103,-4.0,-4.0,-35.0
1776887880.008103,0.0,0.0,-34.0
1776887880.0181026,0.0,0.0,-36.0
1776887880.0281026,1.0,-2.0,-29.0
1776887880.0381026,3.0,-4.0,-30.0
1776887880.0481029,4.0,-2.0,-29.0
1776887880.0581028,1.0,-5.0,-24.0
1776887880.0681028,2.0,-4.0,-20.0
1776887880.0781028,1.0,-1.0,-26.0
1776887880.0881028,2.0,-2.0,-27.0
1776887880.0981028,6.0,-3.0,-28.0
1776887880.1081028,4.0,-2.0,-38.0
1776887880.1181028,0.0,-7.0,-39.0
1776887880.1281028,0.0,-8.0,-43.0
1776887880.1381028,-3.0,-3.0,-37.0
1776887880.1481028,-8.0,0.0,-41.0
1776887880.1581028,-8.0,1.0,-48.0
1776887880.1681027,-6.0,4.0,-52.0
1776887880.1781027,-5.0,4.0,-46.0
1776887880.1881027,-2.0,6.0,-46.0
1776887880.1981027,0.0,4.0,-45.0
1776887880.2081027,2.0,2.0,-42.0
1776887880.2181027,0.0,3.0,-41.0
1776887880.2281027,3.0,1.0,-39.0
1776887880.238103,4.0,2.0,-32.0
1776887880.248103,2.0,3.0,-33.0
1776887880.258103,0.0,1.0,-34.0
1776887880.2681026,3.0,3.0,-34.0
1776887880.2781026,5.0,3.0,-29.0
1776887880.2881026,0.0,3.0,-29.0
1776887880.2981029,-1.0,5.0,-31.0
1776887880.3081028,-1.0,5.0,-35.0
1776887880.3181028,0.0,-2.0,-38.0
1776887880.3281028,-3.0,-5.0,-38.0
1776887880.3381028,-7.0,-5.0,-37.0
1776887880.3481028,-10.0,-9.0,-39.0
1776887880.3581028,-8.0,-7.0,-43.0
1776887880.3691027,-9.0,-7.0,-42.0
1776887880.3791027,-9.0,-5.0,-40.0
1776887880.3891027,-6.0,-10.0,-36.0
1776887880.3991027,-6.0,-6.0,-31.0
1776887880.4081028,-4.0,-2.0,-39.0
1776887880.419103,3.0,-4.0,-45.0
1776887880.429103,3.0,-3.0,-49.0
1776887880.4391026,7.0,-7.0,-45.0
1776887880.4491026,7.0,-3.0,-40.0
1776887880.4591026,4.0,0.0,-33.0
1776887880.4691026,0.0,0.0,-33.0
1776887880.4791028,4.0,0.0,-38.0
1776887880.4891028,5.0,-1.0,-39.0
1776887880.4991028,6.0,-2.0,-35.0
1776887880.5091028,-1.0,1.0,-34.0
1776887880.5191028,-6.0,0.0,-28.0
1776887880.5291028,-3.0,3.0,-29.0
1776887880.5391028,-4.0,-2.0,-30.0
1776887880.5491028,-1.0,-8.0,-33.0
1776887880.5591028,-1.0,-10.0,-33.0
1776887880.5691028,-3.0,-8.0,-40.0
1776887880.5791028,-1.0,-5.0,-45.0
1776887880.5891027,5.0,0.0,-39.0
1776887880.5991027,1.0,-1.0,-25.0
1776887880.6091027,2.0,-5.0,-24.0
1776887880.6191027,2.0,-3.0,-19.0
1776887880.6291027,1.0,-1.0,-22.0
1776887880.6391027,0.0,0.0,-16.0
1776887880.6491027,-2.0,-3.0,-15.0
1776887880.659103,-2.0,0.0,-21.0
1776887880.669103,1.0,0.0,-21.0
1776887880.679103,0.0,0.0,-20.0
1776887880.6891026,1.0,-3.0,-23.0
1776887880.6991026,3.0,-4.0,-21.0
1776887880.7091026,4.0,-4.0,-25.0
1776887880.7191026,3.0,-1.0,-23.0
1776887880.7291028,5.0,-4.0,-29.0
1776887880.7391028,6.0,2.0,-28.0
1776887880.7491028,2.0,2.0,-32.0
1776887880.7591028,-1.0,2.0,-38.0
1776887880.7691028,-1.0,5.0,-37.0
1776887880.7791028,-2.0,2.0,-39.0
1776887880.7891028,-3.0,1.0,-39.0
1776887880.7991028,-2.0,2.0,-42.0
1776887880.8091028,0.0,5.0,-34.0
1776887880.8191028,-4.0,1.0,-34.0
1776887880.8291028,-3.0,0.0,-37.0
1776887880.8391027,-4.0,3.0,-41.0
1776887880.8491027,-5.0,4.0,-43.0
1776887880.8591027,-3.0,7.0,-45.0
1776887880.8691027,-4.0,6.0,-38.0
1776887880.8791027,-1.0,7.0,-34.0
1776887880.8891027,-2.0,4.0,-36.0
1776887880.8991027,0.0,3.0,-36.0
1776887880.909103,0.0,7.0,-33.0
1776887880.919103,-3.0,6.0,-29.0
1776887880.929103,-2.0,3.0,-34.0
1776887880.9391026,0.0,4.0,-35.0
1776887880.9491026,0.0,5.0,-37.0
1776887880.9591026,0.0,3.0,-33.0
1776887880.9691026,2.0,1.0,-30.0
1776887880.9791028,3.0,0.0,-31.0
1776887880.9891028,0.0,-1.0,-35.0
1776887880.9991028,-4.0,-4.0,-34.0
1776887881.0091028,0.0,-1.0,-36.0
1776887881.0191028,0.0,0.0,-29.0
1776887881.0291028,-4.0,0.0,-28.0
1776887881.0391028,-3.0,4.0,-26.0
1776887881.0491028,-1.0,0.0,-24.0
1776887881.0591028,3.0,4.0,-26.0
1776887881.0691028,0.0,0.0,-24.0
1776887881.0791028,3.0,1.0,-30.0
1776887881.0891027,5.0,4.0,-29.0
1776887881.0991027,3.0,4.0,-30.0
1776887881.1091027,-1.0,4.0,-31.0
1776887881.1191027,-2.0,3.0,-35.0
1776887881.1291027,-6.0,3.0,-38.0
1776887881.1391027,-4.0,2.0,-33.0
1776887881.1491027,1.0,2.0,-31.0
1776887881.159103,0.0,0.0,-26.0
1776887881.169103,0.0,-4.0,-33.0
1776887881.179103,3.0,-4.0,-30.0
1776887881.1891026,6.0,-5.0,-33.0
1776887881.1991026,7.0,-3.0,-29.0
1776887881.2091026,1.0,0.0,-37.0
1776887881.2191026,0.0,0.0,-36.0
1776887881.2291028,0.0,-1.0,-36.0
1776887881.2391028,-5.0,-6.0,-37.0
1776887881.2491028,-8.0,-4.0,-37.0
1776887881.2591028,-3.0,-4.0,-31.0
1776887881.2691028,1.0,-3.0,-37.0
1776887881.2791028,0.0,-4.0,-43.0
1776887881.2891028,1.0,-3.0,-45.0
1776887881.2991028,4.0,0.0,-38.0
1776887881.3091028,6.0,1.0,-39.0
1776887881.3191028,1.0,0.0,-37.0
1776887881.3291028,3.0,2.0,-38.0
1776887881.3391027,3.0,0.0,-40.0
1776887881.3491027,2.0,-4.0,-42.0
1776887881.3591027,3.0,-3.0,-37.0
1776887881.3691027,0.0,-1.0,-37.0
1776887881.3791027,0.0,-2.0,-37.0
1776887881.3891027,3.0,3.0,-36.0
1776887881.3991027,4.0,0.0,-36.0
1776887881.409103,3.0,0.0,-40.0
1776887881.419103,1.0,-4.0,-37.0
1776887881.429103,2.0,0.0,-39.0
1776887881.4391026,5.0,-5.0,-46.0
1776887881.4491026,5.0,-3.0,-44.0
1776887881.4591026,0.0,1.0,-42.0
1776887881.4691026,3.0,0.0,-46.0
1776887881.4791028,3.0,-1.0,-45.0
1776887881.4891028,8.0,-2.0,-39.0
1776887881.4991028,8.0,-3.0,-32.0
1776887881.5091028,10.0,-4.0,-35.0
1776887881.5191028,6.0,-4.0,-39.0
1776887881.5291028,5.0,-4.0,-37.0
1776887881.5391028,1.0,0.0,-32.0
1776887881.5491028,2.0,-2.0,-41.0
1776887881.5591028,5.0,0.0,-38.0
1776887881.5691028,1.0,-1.0,-47.0
1776887881.5791028,-1.0,-1.0,-39.0
1776887881.5891027,1.0,1.0,-37.0
1776887881.5991027,1.0,-2.0,-31.0
1776887881.6091027,0.0,-2.0,-30.0
1776887881.6191027,0.0,-4.0,-32.0
1776887881.6291027,1.0,-4.0,-31.0
1776887881.6391027,2.0,-5.0,-31.0
1776887881.6491027,4.0,-3.0,-31.0
1776887881.659103,3.0,0.0,-36.0
1776887881.669103,4.0,0.0,-39.0
1776887881.679103,7.0,2.0,-41.0
1776887881.6891026,7.0,1.0,-38.0
1776887881.6991026,6.0,2.0,-44.0
1776887881.7091026,2.0,3.0,-47.0
1776887881.7191026,-1.0,3.0,-39.0
1776887881.7291028,-1.0,3.0,-37.0
1776887881.7391028,-1.0,1.0,-36.0
1776887881.7491028,1.0,1.0,-45.0
1776887881.7591028,5.0,-2.0,-43.0
1776887881.7691028,10.0,-6.0,-36.0
1776887881.7791028,9.0,-6.0,-36.0
1776887881.7891028,3.0,-3.0,-35.0
1776887881.7991028,0.0,-2.0,-37.0
1776887881.8091028,2.0,-1.0,-38.0
1776887881.8191028,1.0,-2.0,-40.0
1776887881.8291028,4.0,-2.0,-41.0
1776887881.8391027,6.0,0.0,-44.0
1776887881.8491027,4.0,-1.0,-37.0
1776887881.8591027,1.0,0.0,-36.0
1776887881.8691027,2.0,0.0,-34.0
1776887881.8791027,0.0,0.0,-39.0
1776887881.8891027,-2.0,-2.0,-43.0
1776887881.8991027,0.0,-5.0,-41.0
1776887881.909103,0.0,-6.0,-45.0
1776887881.919103,2.0,-4.0,-42.0
1776887881.929103,3.0,-1.0,-40.0
1776887881.9391026,6.0,-1.0,-36.0
1776887881.9491026,5.0,0.0,-32.0
1776887881.9591026,6.0,-4.0,-39.0
1776887881.9691026,3.0,-8.0,-46.0
1776887881.9791028,5.0,-8.0,-49.0
1776887881.9891028,4.0,-8.0,-41.0
1776887881.9991028,7.0,-7.0,-37.0
1776887882.0091028,7.0,-8.0,-36.0
1776887882.0191028,5.0,-7.0,-40.0
1776887882.0291028,4.0,-5.0,-42.0
1776887882.0391028,-2.0,-5.0,-38.0
1776887882.0491028,0.0,-2.0,-39.0
1776887882.0591028,-1.0,-1.0,-39.0
1776887882.0691028,-3.0,-2.0,-38.0
1776887882.0791028,-3.0,-2.0,-35.0
1776887882.0891027,-6.0,-3.0,-37.0
1776887882.0991027,-7.0,-1.0,-40.0
1776887882.1091027,-4.0,-4.0,-31.0
1776887882.1191027,-4.0,-2.0,-26.0
1776887882.1291027,-2.0,-1.0,-23.0
1776887882.1391027,0.0,6.0,-22.0
1776887882.1491027,2.0,3.0,-27.0
1776887882.159103,6.0,0.0,-34.0
1776887882.169103,4.0,-2.0,-39.0
1776887882.179103,-2.0,-3.0,-42.0
1776887882.1891026,-4.0,-3.0,-39.0
1776887882.1991026,-4.0,-5.0,-38.0
1776887882.2091026,-6.0,-2.0,-35.0
1776887882.2191026,-8.0,2.0,-35.0
1776887882.2291028,-8.0,0.0,-38.0
1776887882.2391028,-2.0,3.0,-43.0
1776887882.2491028,0.0,6.0,-37.0
1776887882.2591028,2.0,7.0,-29.0
1776887882.2691028,4.0,5.0,-26.0
1776887882.2791028,4.0,5.0,-30.0
1776887882.2891028,7.0,1.0,-42.0
1776887882.2991028,7.0,3.0,-42.0
1776887882.3091028,3.0,0.0,-41.0
1776887882.3191028,1.0,-1.0,-40.0
1776887882.3291028,3.0,-1.0,-44.0
1776887882.3391027,1.0,1.0,-49.0
1776887882.3491027,1.0,1.0,-44.0
1776887882.3591027,1.0,-1.0,-46.0
1776887882.3691027,1.0,-4.0,-42.0
1776887882.3791027,1.0,-2.0,-42.0
1776887882.3901026,0.0,-2.0,-43.0
1776887882.4001029,0.0,-3.0,-43.0
1776887882.4101028,0.0,-5.0,-40.0
1776887882.4201028,-3.0,-4.0,-32.0
1776887882.4301028,-1.0,0.0,-34.0
1776887882.4401028,-2.0,-2.0,-33.0
1776887882.4501028,-4.0,0.0,-29.0
1776887882.4601028,-1.0,-1.0,-28.0
1776887882.4701028,4.0,-2.0,-30.0
1776887882.4801028,0.0,-2.0,-34.0
1776887882.4901028,-2.0,-2.0,-38.0
1776887882.5001028,-1.0,-3.0,-36.0
1776887882.5101027,-1.0,0.0,-31.0
1776887882.5201027,1.0,-2.0,-30.0
1776887882.5301027,0.0,-2.0,-33.0
1776887882.5401027,3.0,-3.0,-41.0
1776887882.5501027,0.0,0.0,-41.0
1776887882.5601027,1.0,1.0,-38.0
1776887882.5701027,-1.0,0.0,-35.0
1776887882.5801027,3.0,0.0,-35.0
1776887882.590103,0.0,1.0,-37.0
1776887882.600103,-1.0,-2.0,-43.0
1776887882.610103,2.0,-4.0,-39.0
1776887882.6201026,2.0,-3.0,-32.0
1776887882.6301026,0.0,-5.0,-33.0
1776887882.6401026,0.0,-3.0,-36.0
1776887882.6501029,0.0,-3.0,-36.0
1776887882.6601028,3.0,-3.0,-36.0
1776887882.6701028,2.0,-5.0,-36.0
1776887882.6801028,1.0,-8.0,-41.0
1776887882.6901028,0.0,-3.0,-42.0
1776887882.7001028,0.0,-1.0,-45.0
1776887882.7101028,4.0,1.0,-37.0
1776887882.7201028,-1.0,0.0,-37.0
1776887882.7301028,0.0,2.0,-43.0
1776887882.7401028,-3.0,-1.0,-45.0
1776887882.7501028,-6.0,-2.0,-41.0
1776887882.7601027,-7.0,0.0,-43.0
1776887882.7701027,-7.0,-1.0,-43.0
1776887882.7801027,-10.0,0.0,-42.0
1776887882.7901027,-12.0,0.0,-42.0
1776887882.8001027,-4.0,1.0,-39.0
1776887882.8101027,1.0,-1.0,-33.0
1776887882.8201027,0.0,0.0,-31.0
1776887882.8301027,2.0,0.0,-37.0
1776887882.840103,6.0,-3.0,-44.0
1776887882.850103,8.0,-3.0,-40.0
1776887882.860103,5.0,-4.0,-38.0
1776887882.8701026,0.0,-5.0,-38.0
1776887882.8801026,0.0,-7.0,-33.0
1776887882.8901026,-1.0,-1.0,-35.0
1776887882.9001029,0.0,1.0,-25.0
1776887882.9101028,-3.0,0.0,-34.0
1776887882.9201028,1.0,0.0,-35.0
1776887882.9301028,5.0,-1.0,-36.0
1776887882.9401028,3.0,-6.0,-33.0
1776887882.9501028,-3.0,-7.0,-34.0
1776887882.9601028,-5.0,-9.0,-33.0
1776887882.9701028,-7.0,-9.0,-39.0
1776887882.9801028,-11.0,-8.0,-47.0
1776887882.9901028,-12.0,-5.0,-45.0
1776887883.0001028,-3.0,-5.0,-50.0
1776887883.0101027,-1.0,-3.0,-47.0
1776887883.0201027,-2.0,-2.0,-43.0
1776887883.0301027,-1.0,-4.0,-41.0
1776887883.0401027,1.0,-9.0,-43.0
1776887883.0501027,0.0,-6.0,-34.0
1776887883.0601027,4.0,-4.0,-33.0
1776887883.0701027,2.0,-7.0,-38.0
1776887883.0801027,3.0,-6.0,-41.0
1776887883.090103,3.0,-4.0,-43.0
1776887883.100103,2.0,-2.0,-36.0
1776887883.110103,5.0,1.0,-40.0
1776887883.1201026,4.0,0.0,-36.0
1776887883.1301026,4.0,-1.0,-34.0
1776887883.1401026,6.0,-3.0,-36.0
1776887883.1501029,3.0,-2.0,-36.0
1776887883.1601028,2.0,-2.0,-35.0
1776887883.1701028,2.0,-3.0,-34.0
1776887883.1801028,3.0,0.0,-35.0
1776887883.1901028,0.0,-2.0,-37.0
1776887883.2001028,4.0,-2.0,-39.0
1776887883.2101028,4.0,-2.0,-41.0
1776887883.2201028,3.0,-4.0,-34.0
1776887883.2301028,2.0,-1.0,-33.0
1776887883.2401028,-1.0,-3.0,-29.0
1776887883.2501028,-1.0,-1.0,-38.0
1776887883.2601027,-4.0,-2.0,-36.0
1776887883.2701027,-2.0,-8.0,-29.0
1776887883.2801027,1.0,-4.0,-32.0
1776887883.2901027,1.0,-3.0,-35.0
1776887883.3001027,0.0,-1.0,-34.0
1776887883.3101027,-1.0,1.0,-37.0
1776887883.3201027,0.0,0.0,-36.0
1776887883.3301027,-3.0,-2.0,-31.0
1776887883.340103,-6.0,2.0,-36.0
1776887883.350103,-3.0,6.0,-33.0
1776887883.360103,-6.0,4.0,-25.0
1776887883.3701026,-10.0,2.0,-25.0
1776887883.3801026,-4.0,5.0,-26.0
1776887883.3901026,-2.0,7.0,-31.0
1776887883.4001029,0.0,10.0,-35.0
1776887883.4101028,0.0,8.0,-34.0
1776887883.4201028,0.0,4.0,-35.0
1776887883.4301028,0.0,0.0,-35.0
1776887883.4401028,-1.0,0.0,-30.0
1776887883.4501028,0.0,-1.0,-30.0
1776887883.4601028,-6.0,-3.0,-25.0
1776887883.4701028,-2.0,-2.0,-30.0
1776887883.4801028,1.0,-4.0,-31.0
1776887883.4901028,3.0,-2.0,-37.0
1776887883.5001028,2.0,-2.0,-46.0
1776887883.5101027,3.0,-4.0,-42.0
1776887883.5201027,-2.0,0.0,-37.0
1776887883.5301027,-1.0,2.0,-33.0
1776887883.5401027,-5.0,3.0,-28.0
1776887883.5501027,-3.0,5.0,-26.0
1776887883.5601027,0.0,0.0,-23.0
1776887883.5701027,3.0,-2.0,-25.0
1776887883.5801027,4.0,-1.0,-26.0
1776887883.590103,-2.0,0.0,-31.0
1776887883.600103,-1.0,-3.0,-35.0
1776887883.610103,2.0,-3.0,-34.0
1776887883.6201026,7.0,-2.0,-36.0
1776887883.6301026,6.0,-2.0,-38.0
1776887883.6401026,4.0,-6.0,-37.0
1776887883.6501029,1.0,-4.0,-36.0
1776887883.6601028,4.0,-5.0,-43.0
1776887883.6701028,2.0,-2.0,-44.0
1776887883.6801028,2.0,0.0,-47.0
1776887883.6901028,-3.0,0.0,-44.0
1776887883.7001028,-2.0,0.0,-37.0
1776887883.7101028,2.0,0.0,-37.0
1776887883.7201028,1.0,1.0,-32.0
1776887883.7301028,-1.0,0.0,-38.0
1776887883.7401028,-3.0,0.0,-42.0
1776887883.7501028,0.0,0.0,-47.0
1776887883.7601027,0.0,1.0,-37.0
1776887883.7701027,2.0,-3.0,-34.0
1776887883.7801027,5.0,0.0,-34.0
1776887883.7901027,5.0,1.0,-36.0
1776887883.8001027,5.0,-5.0,-42.0
1776887883.8101027,1.0,-8.0,-39.0
1776887883.8201027,7.0,-8.0,-36.0
1776887883.8301027,8.0,-5.0,-35.0
1776887883.840103,6.0,0.0,-38.0
1776887883.850103,1.0,1.0,-39.0
1776887883.860103,5.0,4.0,-31.0
1776887883.8701026,7.0,4.0,-26.0
1776887883.8801026,6.0,3.0,-27.0
1776887883.8901026,0.0,1.0,-35.0
1776887883.9001029,2.0,-2.0,-39.0
1776887883.9101028,0.0,-1.0,-43.0
1776887883.9201028,0.0,0.0,-39.0
1776887883.9301028,-3.0,0.0,-45.0
1776887883.9401028,-3.0,2.0,-39.0
1776887883.9501028,-3.0,1.0,-32.0
1776887883.9601028,-9.0,1.0,-32.0
1776887883.9701028,-11.0,-2.0,-31.0
1776887883.9801028,-13.0,-6.0,-25.0
1776887883.9901028,-9.0,-1.0,-22.0
1776887884.0001028,-6.0,-1.0,-29.0
1776887884.0101027,-4.0,-1.0,-27.0
1776887884.0201027,-1.0,0.0,-30.0
1776887884.0301027,3.0,0.0,-38.0
1776887884.0401027,4.0,-2.0,-43.0
1776887884.0501027,3.0,-1.0,-48.0
1776887884.0601027,4.0,-2.0,-43.0
1776887884.0701027,3.0,-4.0,-38.0
1776887884.0801027,0.0,-2.0,-36.0
1776887884.090103,-1.0,-2.0,-40.0
1776887884.100103,1.0,-4.0,-44.0
1776887884.110103,6.0,-3.0,-40.0
1776887884.1201026,0.0,-3.0,-37.0
1776887884.1301026,0.0,-4.0,-39.0
1776887884.1401026,0.0,-4.0,-35.0
1776887884.1501029,2.0,-4.0,-39.0
1776887884.1601028,-3.0,-4.0,-44.0
1776887884.1701028,-8.0,-4.0,-45.0
1776887884.1801028,-5.0,-7.0,-41.0
1776887884.1901028,-3.0,-4.0,-35.0
1776887884.2001028,-4.0,-5.0,-30.0
1776887884.2101028,-4.0,-3.0,-32.0
1776887884.2201028,-3.0,-3.0,-34.0
1776887884.2301028,-1.0,-3.0,-35.0
1776887884.2401028,0.0,-5.0,-38.0
1776887884.2501028,-4.0,-3.0,-38.0
1776887884.2601027,-3.0,-1.0,-35.0
1776887884.2701027,-4.0,-4.0,-31.0
1776887884.2801027,0.0,-5.0,-32.0
1776887884.2901027,0.0,-2.0,-29.0
1776887884.3001027,1.0,0.0,-28.0
1776887884.3101027,2.0,-1.0,-29.0
1776887884.3201027,6.0,1.0,-30.0
1776887884.3301027,7.0,0.0,-34.0
1776887884.340103,10.0,0.0,-31.0
1776887884.350103,11.0,1.0,-35.0
1776887884.360103,7.0,4.0,-36.0
1776887884.3711028,5.0,9.0,-31.0
1776887884.3811028,10.0,7.0,-31.0
1776887884.3901026,10.0,1.0,-40.0
1776887884.4011028,6.0,0.0,-40.0
1776887884.4101028,4.0,2.0,-38.0
1776887884.4211028,1.0,6.0,-39.0
1776887884.4311028,1.0,12.0,-36.0
1776887884.4411027,2.0,7.0,-38.0
1776887884.4511027,4.0,0.0,-44.0
1776887884.4611027,0.0,-1.0,-45.0
1776887884.4711027,2.0,-4.0,-50.0
1776887884.4811027,-2.0,0.0,-48.0
1776887884.4911027,0.0,1.0,-39.0
1776887884.5011027,0.0,2.0,-42.0
1776887884.511103,1.0,4.0,-38.0
1776887884.521103,2.0,3.0,-39.0
1776887884.531103,3.0,1.0,-39.0
1776887884.5411026,0.0,-2.0,-30.0
1776887884.5511026,-1.0,-2.0,-30.0
1776887884.5611026,-5.0,0.0,-30.0
1776887884.5711029,-5.0,0.0,-35.0
1776887884.5811028,-5.0,3.0,-42.0
1776887884.5911028,-7.0,1.0,-44.0
1776887884.6011028,-6.0,1.0,-42.0
1776887884.6111028,0.0,-2.0,-42.0
1776887884.6211028,1.0,-3.0,-42.0
1776887884.6311028,1.0,-4.0,-37.0
1776887884.6411028,4.0,0.0,-35.0
1776887884.6511028,1.0,0.0,-32.0
1776887884.6611028,4.0,0.0,-31.0
1776887884.6711028,3.0,0.0,-35.0
1776887884.6811028,4.0,0.0,-29.0
1776887884.6911027,2.0,1.0,-31.0
1776887884.7011027,2.0,2.0,-34.0
1776887884.7111027,1.0,-1.0,-34.0
1776887884.7211027,2.0,-4.0,-31.0
1776887884.7311027,0.0,-8.0,-31.0
1776887884.7411027,0.0,-3.0,-30.0
1776887884.7511027,0.0,-1.0,-30.0
1776887884.761103,-4.0,1.0,-29.0
1776887884.771103,-5.0,0.0,-26.0
1776887884.781103,-2.0,-3.0,-28.0
1776887884.7911026,0.0,-5.0,-32.0
1776887884.8011026,0.0,-5.0,-31.0
1776887884.8111026,3.0,-3.0,-28.0
1776887884.8211029,4.0,0.0,-31.0
1776887884.8311028,3.0,2.0,-38.0
1776887884.8411028,1.0,7.0,-38.0
1776887884.8511028,-1.0,3.0,-37.0
1776887884.8611028,1.0,-1.0,-36.0
1776887884.8711028,3.0,-1.0,-38.0
1776887884.8811028,-6.0,0.0,-35.0
1776887884.8911028,-4.0,0.0,-31.0
1776887884.9011028,-7.0,0.0,-32.0
1776887884.9111028,-6.0,2.0,-30.0
1776887884.9211028,0.0,-2.0,-23.0
1776887884.9311028,0.0,-4.0,-23.0
1776887884.9411027,1.0,-4.0,-27.0
1776887884.9511027,2.0,-4.0,-37.0
1776887884.9611027,0.0,-3.0,-34.0
1776887884.9711027,-2.0,-2.0,-34.0
1776887884.9811027,-1.0,-3.0,-34.0
1776887884.9911027,0.0,0.0,-32.0
1776887885.0011027,4.0,0.0,-30.0
1776887885.011103,1.0,0.0,-33.0
1776887885.021103,3.0,0.0,-32.0
1776887885.031103,2.0,-3.0,-26.0
1776887885.0411026,0.0,-1.0,-22.0
1776887885.0511026,0.0,-3.0,-23.0
1776887885.0611026,-2.0,-4.0,-21.0
1776887885.0711029,0.0,-5.0,-25.0
1776887885.0811028,-2.0,-4.0,-27.0
1776887885.0911028,-1.0,-1.0,-28.0
1776887885.1011028,-5.0,-1.0,-27.0
1776887885.1111028,-4.0,-4.0,-21.0
1776887885.1211028,-1.0,-7.0,-23.0
1776887885.1311028,0.0,-6.0,-30.0
1776887885.1411028,3.0,-9.0,-28.0
1776887885.1511028,2.0,-6.0,-27.0
1776887885.1611028,-1.0,-2.0,-21.0
1776887885.1711028,-4.0,-4.0,-23.0
1776887885.1811028,0.0,-1.0,-25.0
1776887885.1911027,0.0,-1.0,-31.0
1776887885.2011027,-3.0,-7.0,-35.0
1776887885.2111027,0.0,-12.0,-34.0
1776887885.2211027,0.0,-10.0,-41.0
1776887885.2311027,1.0,-8.0,-40.0
1776887885.2411027,-1.0,-4.0,-49.0
1776887885.2511027,-1.0,-4.0,-46.0
1776887885.261103,2.0,-1.0,-47.0
1776887885.271103,2.0,-2.0,-40.0
1776887885.281103,2.0,-4.0,-41.0
1776887885.2911026,1.0,-9.0,-37.0
1776887885.3011026,2.0,-12.0,-41.0
1776887885.3111026,0.0,-8.0,-43.0
1776887885.3211029,1.0,-8.0,-38.0
1776887885.3311028,2.0,-7.0,-40.0
1776887885.3411028,1.0,-11.0,-39.0
1776887885.3511028,2.0,-12.0,-39.0
1776887885.3611028,0.0,-6.0,-39.0
1776887885.3711028,3.0,0.0,-42.0
1776887885.3811028,3.0,1.0,-43.0
1776887885.3911028,2.0,3.0,-40.0
1776887885.4011028,0.0,2.0,-39.0
1776887885.4111028,1.0,1.0,-40.0
1776887885.4211028,2.0,3.0,-35.0
1776887885.4311028,1.0,4.0,-38.0
1776887885.4411027,0.0,4.0,-36.0
1776887885.4511027,2.0,3.0,-35.0
1776887885.4611027,0.0,0.0,-37.0
1776887885.4711027,0.0,0.0,-40.0
1776887885.4811027,5.0,4.0,-41.0
1776887885.4921026,5.0,0.0,-44.0
1776887885.5011027,0.0,0.0,-40.0
1776887885.511103,0.0,0.0,-43.0
1776887885.521103,0.0,1.0,-45.0
1776887885.531103,0.0,1.0,-43.0
1776887885.5411026,-3.0,0.0,-44.0
1776887885.5511026,-3.0,0.0,-42.0
1776887885.5611026,-7.0,0.0,-42.0
1776887885.5711029,-10.0,-1.0,-34.0
1776887885.5811028,-6.0,-2.0,-33.0
1776887885.5911028,-4.0,0.0,-40.0
1776887885.6011028,-6.0,0.0,-45.0
1776887885.6111028,-7.0,0.0,-45.0
1776887885.6211028,-8.0,-3.0,-40.0
1776887885.6311028,-10.0,-5.0,-36.0
1776887885.6411028,-11.0,-3.0,-33.0
1776887885.6511028,-12.0,-2.0,-38.0
1776887885.6611028,-10.0,-4.0,-35.0
1776887885.6711028,-7.0,-6.0,-44.0
1776887885.6811028,-5.0,-2.0,-43.0
1776887885.6911027,-4.0,-3.0,-43.0
1776887885.7011027,1.0,-4.0,-38.0
1776887885.7111027,2.0,-9.0,-32.0
1776887885.7211027,4.0,-9.0,-35.0
1776887885.7311027,3.0,-8.0,-29.0
1776887885.7411027,-2.0,-3.0,-31.0
1776887885.7511027,-3.0,-2.0,-30.0
1776887885.761103,-5.0,-1.0,-28.0
1776887885.771103,-3.0,-1.0,-30.0
1776887885.781103,-3.0,-1.0,-31.0
1776887885.7911026,-2.0,-1.0,-37.0
1776887885.8011026,-3.0,0.0,-34.0
1776887885.8111026,-4.0,0.0,-32.0
1776887885.8211029,-3.0,-2.0,-35.0
1776887885.8311028,-6.0,0.0,-37.0
1776887885.8411028,-4.0,-2.0,-37.0
1776887885.8511028,-2.0,-3.0,-42.0
1776887885.8611028,0.0,1.0,-40.0
1776887885.8711028,3.0,5.0,-38.0
1776887885.8811028,-1.0,2.0,-37.0
1776887885.8911028,-3.0,0.0,-39.0
1776887885.9011028,0.0,0.0,-43.0
1776887885.9111028,0.0,0.0,-45.0
1776887885.9211028,-1.0,0.0,-39.0
1776887885.9311028,-4.0,1.0,-38.0
1776887885.9411027,-2.0,4.0,-34.0
1776887885.9511027,0.0,0.0,-30.0
1776887885.9611027,-1.0,2.0,-35.0
1776887885.9711027,-3.0,2.0,-32.0
1776887885.9811027,-5.0,-1.0,-29.0
1776887885.9911027,0.0,-4.0,-35.0
1776887886.0011027,2.0,-3.0,-31.0
1776887886.011103,2.0,-4.0,-28.0
1776887886.021103,0.0,0.0,-24.0
1776887886.031103,-1.0,0.0,-28.0
1776887886.0411026,-5.0,1.0,-29.0
1776887886.0511026,-5.0,1.0,-21.0
1776887886.0611026,-2.0,-3.0,-25.0
1776887886.0711029,2.0,-6.0,-26.0
1776887886.0811028,-3.0,-2.0,-32.0
1776887886.0911028,-4.0,0.0,-28.0
1776887886.1011028,-1.0,0.0,-30.0
1776887886.1111028,-1.0,4.0,-34.0
1776887886.1211028,-1.0,2.0,-29.0
1776887886.1311028,-2.0,0.0,-33.0
1776887886.1411028,1.0,-5.0,-35.0
1776887886.1511028,1.0,-6.0,-38.0
1776887886.1611028,1.0,-6.0,-37.0
1776887886.1711028,0.0,-7.0,-37.0
1776887886.1811028,1.0,-10.0,-39.0
1776887886.1911027,4.0,-13.0,-38.0
1776887886.2011027,0.0,-10.0,-38.0
1776887886.2111027,-2.0,-6.0,-41.0
1776887886.2211027,0.0,-6.0,-45.0
1776887886.2311027,0.0,-5.0,-49.0
1776887886.2411027,0.0,3.0,-46.0
1776887886.2511027,1.0,2.0,-50.0
1776887886.261103,0.0,3.0,-44.0
1776887886.271103,0.0,3.0,-44.0
1776887886.281103,-2.0,1.0,-39.0
1776887886.2911026,4.0,3.0,-41.0
1776887886.3011026,5.0,2.0,-45.0
1776887886.3111026,0.0,-2.0,-46.0
1776887886.3211029,0.0,-5.0,-43.0
1776887886.3311028,0.0,-8.0,-37.0
1776887886.3411028,1.0,-8.0,-36.0
1776887886.3511028,1.0,-7.0,-31.0
1776887886.3611028,0.0,-10.0,-31.0
1776887886.3711028,-3.0,-7.0,-35.0
1776887886.3811028,-2.0,-3.0,-39.0
1776887886.3911028,-10.0,0.0,-35.0
1776887886.4011028,0.0,3.0,-30.0
1776887886.4121027,0.0,4.0,-37.0
1776887886.4221027,-2.0,4.0,-28.0
1776887886.432103,-3.0,6.0,-24.0
1776887886.4411027,0.0,7.0,-23.0
1776887886.452103,0.0,7.0,-28.0
1776887886.462103,-2.0,9.0,-33.0
1776887886.4721026,0.0,5.0,-42.0
1776887886.4821026,-2.0,7.0,-39.0
1776887886.4921026,0.0,6.0,-44.0
1776887886.5021029,-1.0,4.0,-47.0
1776887886.5121028,1.0,2.0,-41.0
1776887886.5221028,7.0,4.0,-36.0
1776887886.5321028,10.0,6.0,-38.0
1776887886.5421028,6.0,4.0,-39.0
1776887886.5521028,-1.0,4.0,-47.0
1776887886.5621028,2.0,3.0,-48.0
1776887886.5721028,4.0,0.0,-43.0
1776887886.5821028,5.0,-2.0,-43.0
1776887886.5921028,3.0,0.0,-38.0
1776887886.6021028,0.0,-1.0,-37.0
1776887886.6121027,5.0,-3.0,-35.0
1776887886.6221027,3.0,-4.0,-34.0
1776887886.6321027,-1.0,-2.0,-36.0
1776887886.6421027,-4.0,-2.0,-37.0
1776887886.6521027,-8.0,-1.0,-36.0
1776887886.6621027,-10.0,1.0,-32.0
1776887886.6721027,-5.0,2.0,-28.0
1776887886.682103,-3.0,2.0,-34.0
1776887886.692103,0.0,0.0,-38.0
1776887886.702103,-1.0,-2.0,-35.0
1776887886.712103,-4.0,-4.0,-38.0
1776887886.7221026,-6.0,-5.0,-42.0
1776887886.7321026,1.0,-8.0,-37.0
1776887886.7421026,1.0,-8.0,-34.0
1776887886.7521029,-2.0,-9.0,-32.0
1776887886.7621028,-5.0,-10.0,-31.0
1776887886.7721028,-1.0,-8.0,-36.0
1776887886.7821028,1.0,-10.0,-42.0
1776887886.7921028,6.0,-10.0,-41.0
1776887886.8021028,5.0,-5.0,-41.0
1776887886.8121028,4.0,-1.0,-39.0
1776887886.8221028,0.0,-1.0,-38.0
1776887886.8321028,2.0,-2.0,-42.0
1776887886.8421028,3.0,-3.0,-40.0
1776887886.8521028,2.0,-5.0,-41.0
1776887886.8621027,4.0,-7.0,-45.0
1776887886.8721027,11.0,-9.0,-41.0
1776887886.8821027,11.0,-6.0,-45.0
1776887886.8921027,17.0,-3.0,-52.0
1776887886.9021027,14.0,0.0,-38.0
1776887886.9121027,16.0,-1.0,-39.0
1776887886.9221027,12.0,0.0,-46.0
1776887886.932103,7.0,0.0,-48.0
1776887886.942103,2.0,0.0,-50.0
1776887886.952103,4.0,1.0,-48.0
1776887886.962103,4.0,3.0,-46.0
1776887886.9721026,5.0,1.0,-43.0
1776887886.9821026,5.0,-1.0,-42.0
1776887886.9921026,5.0,-3.0,-43.0
1776887887.0021029,2.0,-3.0,-42.0
1776887887.0121028,-1.0,-1.0,-44.0
1776887887.0221028,0.0,-3.0,-42.0
1776887887.0321028,2.0,-4.0,-40.0
1776887887.0421028,1.0,-5.0,-40.0
1776887887.0521028,-2.0,-6.0,-33.0
1776887887.0621028,-3.0,-1.0,-34.0
1776887887.0721028,-4.0,0.0,-41.0
1776887887.0821028,-2.0,1.0,-36.0
1776887887.0921028,-1.0,3.0,-37.0
1776887887.1021028,0.0,7.0,-34.0
1776887887.1121027,0.0,5.0,-39.0
1776887887.1221027,-1.0,3.0,-42.0
1776887887.1321027,-1.0,0.0,-36.0
1776887887.1421027,-6.0,-2.0,-36.0
1776887887.1521027,-9.0,0.0,-33.0
1776887887.1621027,-12.0,0.0,-39.0
1776887887.1721027,-8.0,0.0,-33.0
1776887887.182103,-6.0,0.0,-35.0
1776887887.192103,-4.0,-1.0,-40.0
1776887887.202103,0.0,1.0,-45.0
1776887887.212103,2.0,-1.0,-42.0
1776887887.2221026,0.0,-6.0,-47.0
1776887887.2321026,0.0,-4.0,-41.0
1776887887.2421026,1.0,0.0,-34.0
1776887887.2521029,2.0,4.0,-34.0
1776887887.2621028,3.0,9.0,-26.0
1776887887.2721028,0.0,4.0,-27.0
1776887887.2821028,-3.0,2.0,-22.0
1776887887.2921028,-5.0,0.0,-18.0
1776887887.3021028,-3.0,1.0,-26.0
1776887887.3121028,0.0,-1.0,-36.0
1776887887.3221028,-3.0,-2.0,-38.0
1776887887.3321028,-3.0,-5.0,-38.0
1776887887.3421028,-1.0,-7.0,-40.0
1776887887.3521028,0.0,-6.0,-37.0
1776887887.3621027,1.0,0.0,-40.0
1776887887.3721027,-4.0,3.0,-42.0
1776887887.3821027,-6.0,0.0,-37.0
1776887887.3921027,-6.0,4.0,-38.0
1776887887.4021027,0.0,6.0,-34.0
1776887887.4121027,0.0,1.0,-34.0
1776887887.4221027,1.0,0.0,-32.0
1776887887.432103,3.0,2.0,-31.0
1776887887.442103,4.0,-1.0,-35.0
1776887887.452103,2.0,-4.0,-35.0
1776887887.462103,1.0,-5.0,-29.0
1776887887.4721026,0.0,-1.0,-29.0
1776887887.4821026,-7.0,-1.0,-33.0
1776887887.4921026,-7.0,0.0,-36.0
1776887887.5021029,-3.0,-1.0,-31.0
1776887887.5121028,-2.0,-2.0,-27.0
1776887887.5221028,0.0,-1.0,-26.0
1776887887.5321028,0.0,-2.0,-27.0
1776887887.5421028,1.0,4.0,-26.0
1776887887.5521028,0.0,7.0,-27.0
1776887887.5621028,-3.0,1.0,-29.0
1776887887.5721028,-3.0,-1.0,-36.0
1776887887.5821028,-3.0,-6.0,-42.0
1776887887.5921028,-3.0,-4.0,-50.0
1776887887.6021028,2.0,-2.0,-43.0
1776887887.6121027,8.0,-4.0,-41.0
1776887887.6221027,8.0,-4.0,-38.0
1776887887.6321027,6.0,-2.0,-44.0
1776887887.6421027,5.0,0.0,-43.0
1776887887.6521027,6.0,0.0,-45.0
1776887887.6621027,3.0,-4.0,-42.0
1776887887.6721027,0.0,-5.0,-40.0
1776887887.682103,-7.0,0.0,-35.0
1776887887.692103,-4.0,3.0,-32.0
1776887887.702103,-2.0,0.0,-27.0
1776887887.712103,-1.0,2.0,-22.0
1776887887.7221026,0.0,0.0,-22.0
1776887887.7321026,0.0,4.0,-23.0
1776887887.7421026,-2.0,7.0,-26.0
1776887887.7521029,-6.0,2.0,-22.0
1776887887.7621028,-9.0,0.0,-27.0
1776887887.7721028,-5.0,3.0,-32.0
1776887887.7821028,-8.0,3.0,-40.0
1776887887.7921028,-11.0,3.0,-40.0
1776887887.8021028,-12.0,-1.0,-38.0
1776887887.8121028,-10.0,1.0,-32.0
1776887887.8221028,-11.0,3.0,-30.0
1776887887.8321028,-3.0,1.0,-29.0
1776887887.8421028,-2.0,2.0,-38.0
1776887887.8521028,-1.0,-2.0,-38.0
1776887887.8621027,0.0,-4.0,-27.0
1776887887.8721027,-1.0,-5.0,-27.0
1776887887.8821027,-5.0,-6.0,-31.0
1776887887.8921027,-3.0,-9.0,-28.0
1776887887.9021027,-4.0,-9.0,-30.0
1776887887.9121027,-2.0,-8.0,-31.0
1776887887.9221027,-1.0,-3.0,-20.0
1776887887.932103,0.0,-2.0,-17.0
1776887887.942103,4.0,-5.0,-24.0
1776887887.952103,2.0,-6.0,-29.0
1776887887.962103,2.0,-10.0,-29.0
1776887887.9721026,0.0,-10.0,-32.0
1776887887.9821026,0.0,-9.0,-39.0
1776887887.9921026,-5.0,-2.0,-43.0
1776887888.0021029,-4.0,-2.0,-47.0
1776887888.0121028,-1.0,-4.0,-48.0
1776887888.0221028,2.0,0.0,-50.0
1776887888.0321028,1.0,0.0,-47.0
1776887888.0421028,4.0,1.0,-49.0
1776887888.0521028,8.0,4.0,-52.0
1776887888.0621028,5.0,3.0,-46.0
1776887888.0721028,7.0,0.0,-50.0
1776887888.0821028,5.0,-1.0,-51.0
1776887888.0921028,1.0,-6.0,-51.0
1776887888.1021028,5.0,-2.0,-48.0
1776887888.1121027,4.0,1.0,-47.0
1776887888.1221027,0.0,-1.0,-42.0
1776887888.1321027,0.0,-1.0,-47.0
1776887888.1421027,1.0,-4.0,-48.0
1776887888.1521027,4.0,-3.0,-46.0
1776887888.1621027,3.0,-4.0,-49.0
1776887888.1721027,0.0,-5.0,-53.0
1776887888.182103,-3.0,-3.0,-50.0
1776887888.192103,-7.0,-3.0,-45.0
1776887888.202103,-4.0,-5.0,-43.0
1776887888.212103,0.0,-3.0,-44.0
1776887888.2221026,0.0,-1.0,-45.0
1776887888.2321026,-3.0,0.0,-46.0
1776887888.2421026,-1.0,-2.0,-38.0
1776887888.2521029,0.0,-1.0,-41.0
1776887888.2621028,2.0,3.0,-45.0
1776887888.2721028,-1.0,3.0,-51.0
1776887888.2821028,0.0,2.0,-45.0
1776887888.2921028,6.0,1.0,-39.0
1776887888.3021028,7.0,1.0,-40.0
1776887888.3121028,9.0,0.0,-35.0
1776887888.3221028,13.0,-1.0,-34.0
1776887888.3321028,7.0,-1.0,-40.0
1776887888.3421028,6.0,0.0,-45.0
1776887888.3521028,7.0,0.0,-43.0
1776887888.3621027,6.0,-4.0,-38.0
1776887888.3721027,5.0,-6.0,-31.0
1776887888.3821027,6.0,-5.0,-29.0
1776887888.3921027,6.0,-6.0,-28.0
1776887888.4021027,8.0,-8.0,-35.0
1776887888.4121027,3.0,-9.0,-35.0
1776887888.4231029,0.0,-7.0,-35.0
1776887888.4331028,0.0,-5.0,-37.0
1776887888.442103,0.0,-4.0,-39.0
1776887888.4531028,0.0,-4.0,-41.0
1776887888.4631028,2.0,0.0,-43.0
1776887888.4731028,0.0,3.0,-33.0
1776887888.4831028,1.0,0.0,-37.0
1776887888.4931028,5.0,-1.0,-38.0
1776887888.5031028,3.0,-2.0,-33.0
1776887888.5131028,2.0,0.0,-26.0
1776887888.5231028,0.0,-2.0,-33.0
1776887888.5331028,0.0,-2.0,-38.0
1776887888.5431027,0.0,0.0,-44.0
1776887888.5531027,1.0,-1.0,-41.0
1776887888.5631027,0.0,-8.0,-35.0
1776887888.5731027,0.0,-6.0,-33.0
1776887888.5831027,3.0,-5.0,-30.0
1776887888.5931027,4.0,-2.0,-24.0
1776887888.6031027,-1.0,0.0,-30.0
1776887888.613103,-3.0,0.0,-33.0
1776887888.623103,-6.0,-2.0,-37.0
1776887888.633103,-3.0,0.0,-35.0
1776887888.6431026,-5.0,3.0,-39.0
1776887888.6531026,-2.0,4.0,-40.0
1776887888.6631026,1.0,3.0,-41.0
1776887888.6731029,5.0,0.0,-39.0
1776887888.6831028,5.0,-1.0,-41.0
1776887888.6931028,2.0,-3.0,-40.0
1776887888.7031028,2.0,-3.0,-35.0
1776887888.7131028,1.0,-2.0,-34.0
1776887888.7231028,0.0,-2.0,-34.0
1776887888.7331028,-3.0,0.0,-41.0
1776887888.7431028,-1.0,-1.0,-42.0
1776887888.7531028,1.0,0.0,-54.0
1776887888.7631028,0.0,-3.0,-55.0
1776887888.7731028,-1.0,-5.0,-53.0
1776887888.7831028,5.0,-6.0,-49.0
1776887888.7931027,10.0,-7.0,-49.0
1776887888.8031027,7.0,-7.0,-46.0
1776887888.8131027,9.0,-6.0,-46.0
1776887888.8231027,8.0,-1.0,-39.0
1776887888.8331027,3.0,-4.0,-42.0
1776887888.8431027,8.0,-2.0,-44.0
1776887888.8531027,6.0,-1.0,-45.0
1776887888.863103,4.0,0.0,-41.0
1776887888.873103,1.0,-1.0,-46.0
1776887888.883103,3.0,-1.0,-43.0
1776887888.8931026,-1.0,1.0,-45.0
1776887888.9031026,-2.0,4.0,-42.0
1776887888.9131026,-5.0,1.0,-39.0
1776887888.9231029,-6.0,0.0,-36.0
1776887888.9331028,-3.0,0.0,-32.0
1776887888.9431028,-1.0,-1.0,-43.0
1776887888.9531028,0.0,0.0,-30.0
1776887888.9631028,0.0,-4.0,-27.0
1776887888.9731028,-2.0,-10.0,-25.0
1776887888.9831028,-7.0,-7.0,-25.0
1776887888.9931028,-10.0,-4.0,-31.0
1776887889.0031028,-3.0,-3.0,-32.0
1776887889.0131028,1.0,1.0,-36.0
1776887889.0231028,5.0,7.0,-38.0
1776887889.0331028,1.0,5.0,-31.0
1776887889.0431027,0.0,2.0,-33.0
1776887889.0531027,2.0,0.0,-33.0
1776887889.0631027,1.0,-2.0,-32.0
1776887889.0731027,-1.0,-3.0,-32.0
1776887889.0831027,0.0,-4.0,-36.0
1776887889.0931027,-4.0,-6.0,-37.0
1776887889.1031027,-3.0,-4.0,-33.0
1776887889.113103,-2.0,-6.0,-35.0
1776887889.123103,-4.0,-4.0,-32.0
1776887889.133103,-4.0,-1.0,-34.0
1776887889.1431026,-7.0,0.0,-28.0
1776887889.1531026,-7.0,0.0,-29.0
1776887889.1631026,-2.0,0.0,-23.0
1776887889.1731029,-1.0,0.0,-22.0
1776887889.1831028,-2.0,-1.0,-17.0
1776887889.1931028,-2.0,0.0,-18.0
1776887889.2031028,-3.0,1.0,-24.0
1776887889.2131028,-1.0,1.0,-24.0
1776887889.2231028,1.0,0.0,-27.0
1776887889.2331028,3.0,-1.0,-27.0
1776887889.2431028,2.0,4.0,-28.0
1776887889.2531028,-1.0,3.0,-29.0
1776887889.2631028,1.0,-1.0,-39.0
1776887889.2731028,5.0,-1.0,-40.0
1776887889.2831028,1.0,-2.0,-37.0
1776887889.2931027,0.0,0.0,-44.0
1776887889.3031027,4.0,0.0,-44.0
1776887889.3131027,2.0,-1.0,-43.0
1776887889.3231027,2.0,0.0,-35.0
1776887889.3331027,3.0,0.0,-32.0
1776887889.3431027,2.0,-3.0,-32.0
1776887889.3531027,3.0,0.0,-37.0
1776887889.363103,0.0,0.0,-34.0
1776887889.373103,-3.0,-2.0,-39.0
1776887889.383103,1.0,2.0,-32.0
1776887889.3931026,0.0,2.0,-43.0
1776887889.4031026,1.0,-1.0,-34.0
1776887889.4131026,0.0,0.0,-32.0
1776887889.4231029,-2.0,0.0,-29.0
1776887889.4331028,-2.0,0.0,-27.0
1776887889.4431028,1.0,-5.0,-26.0
1776887889.4531028,4.0,-3.0,-30.0
1776887889.4631028,2.0,-5.0,-26.0
1776887889.4731028,6.0,-6.0,-33.0
1776887889.4831028,4.0,-2.0,-35.0
1776887889.4931028,3.0,0.0,-38.0
1776887889.5031028,4.0,-4.0,-37.0
1776887889.5131028,6.0,0.0,-37.0
1776887889.5231028,6.0,-4.0,-30.0
1776887889.5331028,8.0,-6.0,-31.0
1776887889.5431027,2.0,-9.0,-34.0
1776887889.5531027,-2.0,-9.0,-38.0
1776887889.5631027,-1.0,-8.0,-43.0
1776887889.5731027,0.0,-8.0,-40.0
1776887889.5831027,-3.0,-5.0,-36.0
1776887889.5931027,0.0,-3.0,-34.0
1776887889.6031027,-1.0,-5.0,-40.0
1776887889.613103,3.0,0.0,-36.0
1776887889.623103,0.0,-3.0,-30.0
1776887889.633103,-2.0,-2.0,-29.0
1776887889.6431026,0.0,-3.0,-29.0
1776887889.6531026,1.0,-1.0,-27.0
1776887889.6631026,0.0,-1.0,-29.0
1776887889.6731029,3.0,1.0,-32.0
1776887889.6831028,0.0,3.0,-32.0
1776887889.6931028,0.0,1.0,-32.0
1776887889.7031028,1.0,-3.0,-34.0
1776887889.7131028,0.0,-1.0,-35.0
1776887889.7231028,3.0,-2.0,-37.0
1776887889.7331028,-2.0,-2.0,-41.0
1776887889.7431028,-3.0,1.0,-42.0
1776887889.7531028,-1.0,-1.0,-34.0
1776887889.7631028,0.0,-3.0,-34.0
1776887889.7731028,-3.0,-2.0,-31.0
1776887889.7831028,-2.0,2.0,-33.0
1776887889.7931027,-1.0,3.0,-38.0
1776887889.8031027,-6.0,0.0,-43.0
1776887889.8131027,-2.0,0.0,-38.0
1776887889.8231027,0.0,-3.0,-37.0
1776887889.8331027,-3.0,-1.0,-34.0
1776887889.8431027,-3.0,-2.0,-37.0
1776887889.8531027,-2.0,-6.0,-39.0
1776887889.863103,-4.0,-4.0,-36.0
1776887889.873103,-4.0,0.0,-39.0
1776887889.883103,-5.0,0.0,-39.0
1776887889.8931026,-1.0,-1.0,-37.0
1776887889.9031026,-2.0,0.0,-38.0
1776887889.9131026,-2.0,-1.0,-38.0
1776887889.9231029,0.0,1.0,-36.0
1776887889.9331028,0.0,4.0,-30.0
1776887889.9431028,-5.0,0.0,-24.0
1776887889.9531028,-4.0,0.0,-33.0
1776887889.9631028,-1.0,0.0,-36.0
1776887889.9731028,0.0,-5.0,-34.0
1776887889.9831028,0.0,-7.0,-35.0
1776887889.9931028,-5.0,-7.0,-33.0
1776887890.0031028,-3.0,-2.0,-31.0
1776887890.0131028,-6.0,-1.0,-30.0
1776887890.0231028,-4.0,-5.0,-26.0
1776887890.0331028,0.0,-6.0,-31.0
1776887890.0431027,-2.0,-3.0,-36.0
1776887890.0531027,-2.0,-3.0,-34.0
1776887890.0631027,1.0,-3.0,-36.0
1776887890.0731027,3.0,-3.0,-35.0
1776887890.0831027,-2.0,2.0,-46.0
1776887890.0931027,-2.0,-3.0,-49.0
1776887890.1031027,-1.0,-7.0,-48.0
1776887890.113103,2.0,-6.0,-56.0
1776887890.123103,4.0,-4.0,-47.0
1776887890.133103,5.0,-6.0,-48.0
1776887890.1431026,6.0,-2.0,-44.0
1776887890.1531026,6.0,-2.0,-45.0
1776887890.1631026,4.0,-5.0,-49.0
1776887890.1731029,5.0,-8.0,-45.0
1776887890.1831028,7.0,-7.0,-41.0
1776887890.1931028,11.0,-2.0,-40.0
1776887890.2031028,9.0,-2.0,-30.0
1776887890.2131028,5.0,-1.0,-30.0
1776887890.2231028,1.0,-3.0,-30.0
1776887890.2331028,4.0,0.0,-35.0
1776887890.2431028,0.0,-1.0,-27.0
1776887890.2531028,-5.0,-3.0,-27.0
1776887890.2631028,-5.0,-1.0,-29.0
1776887890.2731028,-3.0,-3.0,-32.0
1776887890.2831028,-4.0,-2.0,-28.0
1776887890.2931027,-1.0,-3.0,-32.0
1776887890.3031027,5.0,-4.0,-32.0
1776887890.3131027,5.0,-2.0,-34.0
1776887890.3231027,6.0,0.0,-35.0
1776887890.3331027,2.0,-3.0,-42.0
1776887890.3431027,2.0,-4.0,-43.0
1776887890.3531027,0.0,-5.0,-40.0
1776887890.363103,-1.0,-4.0,-36.0
1776887890.373103,1.0,-2.0,-37.0
1776887890.383103,2.0,-5.0,-39.0
1776887890.3931026,1.0,-7.0,-36.0
1776887890.4031026,6.0,-4.0,-31.0
1776887890.4131026,8.0,-5.0,-30.0
1776887890.4241028,3.0,-4.0,-36.0
1776887890.4341028,2.0,0.0,-39.0
1776887890.4441028,0.0,3.0,-37.0
1776887890.4541028,0.0,3.0,-45.0
1776887890.4641027,-1.0,0.0,-40.0
1776887890.4741027,0.0,1.0,-35.0
1776887890.4841027,-3.0,1.0,-39.0
1776887890.4941027,-4.0,0.0,-46.0
1776887890.5041027,-9.0,4.0,-43.0
1776887890.5141027,-5.0,7.0,-45.0
1776887890.5241027,-3.0,5.0,-43.0
1776887890.534103,4.0,2.0,-44.0
1776887890.544103,4.0,0.0,-36.0
1776887890.554103,0.0,-3.0,-39.0
1776887890.5641026,-2.0,-5.0,-40.0
1776887890.5741026,-1.0,-2.0,-40.0
1776887890.5841026,0.0,-5.0,-41.0
1776887890.5941026,5.0,-5.0,-43.0
1776887890.6041028,2.0,-6.0,-39.0
1776887890.6141028,3.0,-10.0,-34.0
1776887890.6241028,3.0,-10.0,-32.0
1776887890.6341028,-1.0,-6.0,-43.0
1776887890.6441028,0.0,-5.0,-35.0
1776887890.6541028,1.0,-6.0,-33.0
1776887890.6641028,1.0,-7.0,-37.0
1776887890.6741028,2.0,-7.0,-43.0
1776887890.6841028,1.0,-7.0,-46.0
1776887890.6941028,6.0,-1.0,-44.0
1776887890.7041028,7.0,0.0,-41.0
1776887890.7141027,4.0,0.0,-38.0
1776887890.7241027,1.0,0.0,-29.0
1776887890.7341027,2.0,2.0,-32.0
1776887890.7441027,0.0,7.0,-36.0
1776887890.7541027,-1.0,0.0,-32.0
1776887890.7641027,-2.0,-3.0,-35.0
1776887890.7741027,0.0,-6.0,-36.0
1776887890.784103,0.0,-4.0,-37.0
1776887890.794103,1.0,0.0,-39.0
1776887890.804103,-1.0,0.0,-43.0
1776887890.8141026,-3.0,1.0,-42.0
1776887890.8241026,0.0,1.0,-37.0
1776887890.8341026,0.0,-1.0,-43.0
1776887890.8441026,0.0,-1.0,-35.0
1776887890.8541028,0.0,-1.0,-35.0
1776887890.8641028,-3.0,0.0,-38.0
1776887890.8741028,-5.0,-2.0,-46.0
1776887890.8841028,-5.0,-5.0,-46.0
1776887890.8941028,-7.0,-4.0,-45.0
1776887890.9041028,-5.0,0.0,-43.0
1776887890.9141028,-1.0,2.0,-35.0
1776887890.9241028,-7.0,-1.0,-33.0
1776887890.9341028,-6.0,-3.0,-22.0
1776887890.9441028,-9.0,-5.0,-22.0
1776887890.9541028,-10.0,-4.0,-30.0
1776887890.9641027,-5.0,-4.0,-28.0
1776887890.9741027,-4.0,-2.0,-29.0
1776887890.9841027,1.0,-5.0,-36.0
1776887890.9941027,-1.0,-8.0,-39.0
1776887891.0041027,1.0,-8.0,-39.0
1776887891.0141027,1.0,-6.0,-40.0
1776887891.0241027,3.0,-5.0,-43.0
1776887891.034103,5.0,-7.0,-41.0
1776887891.044103,7.0,-4.0,-41.0
1776887891.054103,5.0,-4.0,-43.0
1776887891.0641026,4.0,-4.0,-35.0
1776887891.0741026,-2.0,-2.0,-39.0
1776887891.0841026,-7.0,-1.0,-41.0
1776887891.0941026,-7.0,0.0,-36.0
1776887891.1041028,-8.0,-1.0,-30.0
1776887891.1141028,-8.0,2.0,-31.0
1776887891.1241028,-7.0,3.0,-29.0
1776887891.1341028,-7.0,0.0,-28.0
1776887891.1441028,-3.0,0.0,-31.0
1776887891.1541028,-4.0,0.0,-27.0
1776887891.1641028,-2.0,0.0,-29.0
1776887891.1741028,-2.0,-2.0,-35.0
1776887891.1841028,-2.0,-4.0,-37.0
1776887891.1941028,-4.0,-5.0,-40.0
1776887891.2041028,-8.0,0.0,-44.0
1776887891.2141027,-8.0,3.0,-38.0
1776887891.2241027,-5.0,5.0,-35.0
1776887891.2341027,-4.0,6.0,-37.0
1776887891.2441027,-4.0,3.0,-33.0
1776887891.2541027,-6.0,4.0,-36.0
1776887891.2641027,-7.0,7.0,-34.0
1776887891.2741027,-3.0,3.0,-27.0
1776887891.284103,-2.0,3.0,-26.0
1776887891.294103,0.0,3.0,-29.0
1776887891.304103,4.0,2.0,-28.0
1776887891.3141026,4.0,2.0,-31.0
1776887891.3241026,1.0,0.0,-36.0
1776887891.3341026,2.0,-1.0,-35.0
1776887891.3441026,3.0,0.0,-36.0
1776887891.3541028,5.0,-1.0,-30.0
1776887891.3641028,0.0,-2.0,-31.0
1776887891.3741028,-3.0,-4.0,-42.0
1776887891.3841028,0.0,-1.0,-36.0
1776887891.3941028,1.0,-1.0,-26.0
1776887891.4041028,0.0,1.0,-29.0
1776887891.4141028,3.0,-3.0,-32.0
1776887891.4241028,0.0,-1.0,-38.0
1776887891.4341028,-1.0,0.0,-35.0
1776887891.4441028,0.0,0.0,-36.0
1776887891.4541028,3.0,0.0,-37.0
1776887891.4641027,7.0,5.0,-40.0
1776887891.4741027,7.0,3.0,-32.0
1776887891.4841027,5.0,6.0,-36.0
1776887891.4941027,7.0,3.0,-41.0
1776887891.5041027,5.0,1.0,-40.0
1776887891.5141027,4.0,-2.0,-41.0
1776887891.5241027,3.0,-1.0,-39.0
1776887891.534103,3.0,0.0,-41.0
1776887891.544103,1.0,4.0,-43.0
1776887891.554103,-4.0,3.0,-51.0
1776887891.5641026,-1.0,1.0,-49.0
1776887891.5741026,1.0,0.0,-42.0
1776887891.5841026,0.0,0.0,-40.0
1776887891.5941026,-4.0,0.0,-38.0
1776887891.6041028,-2.0,-7.0,-39.0
1776887891.6141028,-2.0,-2.0,-38.0
1776887891.6241028,0.0,-3.0,-29.0
1776887891.6341028,0.0,0.0,-32.0
1776887891.6441028,4.0,-1.0,-30.0
1776887891.6541028,1.0,-2.0,-34.0
1776887891.6641028,-3.0,-3.0,-40.0
1776887891.6741028,-1.0,-6.0,-47.0
1776887891.6841028,-2.0,-8.0,-50.0
1776887891.6941028,-1.0,-5.0,-47.0
1776887891.7041028,-1.0,-4.0,-45.0
1776887891.7141027,0.0,-4.0,-44.0
1776887891.7241027,0.0,-3.0,-47.0
1776887891.7341027,-3.0,0.0,-40.0
1776887891.7441027,-2.0,4.0,-37.0
1776887891.7541027,0.0,2.0,-49.0
1776887891.7641027,-1.0,1.0,-49.0
1776887891.7741027,-3.0,2.0,-49.0
1776887891.784103,1.0,0.0,-45.0
1776887891.794103,4.0,0.0,-43.0
1776887891.804103,3.0,-1.0,-41.0
1776887891.8141026,4.0,-2.0,-39.0
1776887891.8241026,3.0,-5.0,-36.0
1776887891.8341026,5.0,-5.0,-37.0
1776887891.8441026,8.0,-7.0,-43.0
1776887891.8541028,12.0,-4.0,-42.0
1776887891.8641028,13.0,-1.0,-44.0
1776887891.8741028,12.0,-5.0,-43.0
1776887891.8841028,10.0,-5.0,-40.0
1776887891.8941028,8.0,-6.0,-39.0
1776887891.9041028,2.0,-6.0,-36.0
1776887891.9141028,0.0,-2.0,-37.0
1776887891.9241028,3.0,-1.0,-39.0
1776887891.9341028,0.0,-4.0,-39.0
1776887891.9441028,0.0,-5.0,-42.0
1776887891.9541028,-1.0,-6.0,-38.0
1776887891.9641027,0.0,-2.0,-36.0
1776887891.9741027,-3.0,0.0,-33.0
1776887891.9841027,0.0,0.0,-27.0
1776887891.9941027,0.0,-3.0,-31.0
1776887892.0041027,0.0,-4.0,-33.0
1776887892.0141027,-3.0,-4.0,-36.0
1776887892.0241027,0.0,0.0,-38.0
1776887892.034103,2.0,-1.0,-38.0
1776887892.044103,-2.0,-2.0,-29.0
1776887892.054103,-2.0,-6.0,-33.0
1776887892.0641026,-3.0,-6.0,-33.0
1776887892.0741026,-6.0,-1.0,-28.0
1776887892.0841026,-5.0,-5.0,-33.0
1776887892.0941026,-9.0,-2.0,-34.0
1776887892.1041028,-10.0,-2.0,-35.0
1776887892.1141028,-6.0,0.0,-38.0
1776887892.1241028,-4.0,-1.0,-38.0
1776887892.1341028,0.0,0.0,-38.0
1776887892.1441028,-2.0,-1.0,-35.0
1776887892.1541028,0.0,-3.0,-33.0
1776887892.1641028,3.0,0.0,-37.0
1776887892.1741028,3.0,-6.0,-42.0
1776887892.1841028,1.0,-6.0,-40.0
1776887892.1941028,1.0,-5.0,-41.0
1776887892.2041028,-3.0,-5.0,-46.0
1776887892.2141027,-5.0,-6.0,-46.0
1776887892.2241027,-1.0,-3.0,-50.0
1776887892.2341027,1.0,-4.0,-46.0
1776887892.2441027,4.0,-4.0,-47.0
1776887892.2541027,1.0,-4.0,-43.0
1776887892.2641027,7.0,0.0,-36.0
1776887892.2741027,8.0,3.0,-41.0
1776887892.284103,2.0,1.0,-35.0
1776887892.294103,1.0,1.0,-25.0
1776887892.304103,7.0,2.0,-33.0
1776887892.3141026,5.0,-2.0,-33.0
1776887892.3241026,3.0,1.0,-30.0
1776887892.3341026,1.0,2.0,-35.0
1776887892.3441026,0.0,0.0,-39.0
1776887892.3541028,0.0,-1.0,-41.0
1776887892.3641028,3.0,-3.0,-31.0
1776887892.3741028,2.0,-3.0,-33.0
1776887892.3841028,-3.0,-1.0,-40.0
1776887892.3941028,-1.0,-2.0,-38.0
1776887892.4051027,0.0,-2.0,-45.0
1776887892.4151027,-2.0,-4.0,-48.0
1776887892.4251027,-4.0,0.0,-47.0
1776887892.4351027,-5.0,-1.0,-49.0
1776887892.4451027,-7.0,-7.0,-45.0
1776887892.4551027,-8.0,-5.0,-43.0
1776887892.465103,-3.0,-7.0,-39.0
1776887892.475103,0.0,-11.0,-43.0
1776887892.485103,0.0,-13.0,-44.0
1776887892.4951026,0.0,-13.0,-51.0
1776887892.5051026,-1.0,-8.0,-53.0
1776887892.5151026,-4.0,-6.0,-47.0
1776887892.5251029,-3.0,-2.0,-42.0
1776887892.5351028,-1.0,-5.0,-41.0
1776887892.5451028,0.0,-4.0,-36.0
1776887892.5551028,1.0,-1.0,-40.0
1776887892.5651028,0.0,-3.0,-47.0
1776887892.5751028,-1.0,-4.0,-44.0
1776887892.5851028,0.0,-3.0,-47.0
1776887892.5951028,-2.0,-3.0,-46.0
1776887892.6051028,-4.0,0.0,-41.0
1776887892.6151028,-4.0,3.0,-34.0
1776887892.6251028,-11.0,6.0,-37.0
1776887892.6351027,-9.0,5.0,-39.0
1776887892.6451027,-3.0,2.0,-39.0
1776887892.6551027,-3.0,0.0,-37.0
1776887892.6651027,-3.0,-1.0,-38.0
1776887892.6751027,-1.0,-4.0,-35.0
1776887892.6851027,0.0,-2.0,-33.0
1776887892.6951027,1.0,-3.0,-35.0
1776887892.7051027,7.0,-2.0,-43.0
1776887892.715103,13.0,-1.0,-44.0
1776887892.725103,13.0,-2.0,-44.0
1776887892.735103,10.0,-3.0,-43.0
1776887892.7451026,4.0,-4.0,-42.0
1776887892.7551026,3.0,-3.0,-42.0
1776887892.7651026,4.0,-6.0,-44.0
1776887892.7751029,1.0,-5.0,-37.0
1776887892.7851028,2.0,-3.0,-32.0
1776887892.7951028,3.0,-4.0,-34.0
1776887892.8051028,0.0,-4.0,-36.0
1776887892.8151028,0.0,-6.0,-39.0
1776887892.8251028,-1.0,-8.0,-34.0
1776887892.8351028,-5.0,-9.0,-40.0
1776887892.8451028,-3.0,-12.0,-38.0
1776887892.8551028,-5.0,-7.0,-41.0
1776887892.8651028,-6.0,-8.0,-42.0
1776887892.8751028,-4.0,0.0,-41.0
1776887892.8851027,-6.0,0.0,-40.0
1776887892.8951027,-9.0,0.0,-32.0
1776887892.9051027,-7.0,0.0,-37.0
1776887892.9151027,-5.0,-1.0,-41.0
1776887892.9251027,-5.0,0.0,-41.0
1776887892.9351027,-4.0,-2.0,-33.0
1776887892.9451027,-2.0,-1.0,-31.0
1776887892.9551027,-6.0,-1.0,-36.0
1776887892.965103,-8.0,-3.0,-40.0
1776887892.975103,-5.0,-4.0,-41.0
1776887892.985103,0.0,0.0,-32.0
1776887892.9951026,1.0,0.0,-26.0
1776887893.0051026,1.0,0.0,-24.0
1776887893.0151026,6.0,-4.0,-26.0
1776887893.0251029,9.0,0.0,-31.0
1776887893.0351028,9.0,-3.0,-27.0
1776887893.0451028,10.0,-3.0,-35.0
1776887893.0551028,8.0,-5.0,-37.0
1776887893.0651028,8.0,-9.0,-37.0
1776887893.0751028,2.0,-8.0,-35.0
1776887893.0851028,2.0,-1.0,-40.0
1776887893.0951028,-1.0,-3.0,-39.0
1776887893.1051028,3.0,-2.0,-38.0
1776887893.1151028,7.0,-7.0,-38.0
1776887893.1251028,7.0,-6.0,-42.0
1776887893.1351027,1.0,-5.0,-40.0
1776887893.1451027,6.0,-5.0,-39.0
1776887893.1551027,10.0,0.0,-39.0
1776887893.1651027,7.0,4.0,-38.0
1776887893.1751027,11.0,0.0,-37.0
1776887893.1851027,6.0,2.0,-29.0
1776887893.1951027,6.0,3.0,-36.0
1776887893.2051027,11.0,3.0,-40.0
1776887893.215103,5.0,4.0,-36.0
1776887893.225103,7.0,3.0,-33.0
1776887893.235103,4.0,2.0,-29.0
1776887893.2451026,3.0,0.0,-28.0
1776887893.2551026,2.0,0.0,-33.0
1776887893.2651026,1.0,2.0,-35.0
1776887893.2751029,0.0,3.0,-36.0
1776887893.2851028,1.0,4.0,-38.0
1776887893.2951028,1.0,4.0,-35.0
1776887893.3051028,3.0,4.0,-39.0
1776887893.3151028,7.0,1.0,-39.0
1776887893.3251028,5.0,0.0,-42.0
1776887893.3351028,0.0,0.0,-47.0
1776887893.3451028,2.0,-2.0,-48.0
1776887893.3551028,0.0,-2.0,-42.0
1776887893.3651028,-2.0,0.0,-39.0
1776887893.3751028,-10.0,2.0,-38.0
1776887893.3851027,-7.0,3.0,-37.0
1776887893.3951027,-5.0,6.0,-36.0
1776887893.4051027,-5.0,2.0,-38.0
1776887893.4151027,-2.0,-3.0,-38.0
1776887893.4251027,0.0,-3.0,-45.0
1776887893.4351027,0.0,-8.0,-49.0
1776887893.4451027,2.0,-10.0,-44.0
1776887893.4551027,3.0,-10.0,-41.0
1776887893.465103,4.0,-7.0,-35.0
1776887893.475103,5.0,-6.0,-27.0
1776887893.485103,7.0,-7.0,-31.0
1776887893.4951026,7.0,-8.0,-31.0
1776887893.5051026,4.0,-10.0,-33.0
1776887893.5151026,6.0,-8.0,-38.0
1776887893.5251029,2.0,-6.0,-32.0
1776887893.5351028,1.0,-4.0,-36.0
1776887893.5451028,3.0,-4.0,-39.0
1776887893.5551028,5.0,-5.0,-40.0
1776887893.5651028,6.0,-6.0,-38.0
1776887893.5751028,5.0,-5.0,-43.0
1776887893.5851028,5.0,-1.0,-43.0
1776887893.5951028,5.0,-1.0,-43.0
1776887893.6051028,1.0,0.0,-43.0
1776887893.6151028,3.0,-5.0,-41.0
1776887893.6251028,3.0,-5.0,-38.0
1776887893.6351027,4.0,-5.0,-38.0
1776887893.6451027,2.0,-4.0,-38.0
1776887893.6551027,3.0,-6.0,-36.0
1776887893.6651027,0.0,-5.0,-35.0
1776887893.6751027,0.0,-2.0,-39.0
1776887893.6851027,2.0,0.0,-40.0
1776887893.6951027,0.0,0.0,-35.0
1776887893.7051027,0.0,1.0,-36.0
1776887893.715103,0.0,3.0,-34.0
1776887893.725103,-3.0,-4.0,-34.0
1776887893.735103,-4.0,-6.0,-27.0
1776887893.7451026,-5.0,-6.0,-23.0
1776887893.7551026,-2.0,-2.0,-23.0
1776887893.7651026,0.0,-4.0,-29.0
1776887893.7751029,-2.0,-4.0,-34.0
1776887893.7851028,-4.0,-1.0,-35.0
1776887893.7951028,-2.0,-3.0,-38.0
1776887893.8051028,1.0,0.0,-42.0
1776887893.8151028,2.0,1.0,-43.0
1776887893.8251028,0.0,2.0,-44.0
1776887893.8351028,-1.0,-2.0,-49.0
1776887893.8451028,0.0,-1.0,-48.0
1776887893.8551028,2.0,3.0,-41.0
1776887893.8651028,-1.0,4.0,-33.0
1776887893.8751028,0.0,3.0,-33.0
1776887893.8851027,-2.0,0.0,-33.0
1776887893.8951027,-4.0,0.0,-33.0
1776887893.9051027,-3.0,-3.0,-30.0
1776887893.9151027,-1.0,-3.0,-28.0
1776887893.9251027,-1.0,0.0,-30.0
1776887893.9351027,-4.0,-3.0,-28.0
1776887893.9451027,1.0,0.0,-32.0
1776887893.9551027,3.0,5.0,-39.0
1776887893.965103,3.0,1.0,-41.0
1776887893.975103,2.0,1.0,-35.0
1776887893.985103,3.0,-1.0,-36.0
1776887893.9951026,1.0,2.0,-41.0
1776887894.0051026,1.0,6.0,-41.0
1776887894.0151026,0.0,2.0,-40.0
1776887894.0251029,0.0,-3.0,-41.0
1776887894.0351028,-2.0,-3.0,-41.0
1776887894.0451028,-4.0,-5.0,-42.0
1776887894.0551028,0.0,-5.0,-40.0
1776887894.0651028,-1.0,-3.0,-44.0
1776887894.0751028,-3.0,2.0,-45.0
1776887894.0851028,0.0,3.0,-39.0
1776887894.0951028,1.0,0.0,-34.0
1776887894.1051028,0.0,0.0,-31.0
1776887894.1151028,-5.0,1.0,-34.0
1776887894.1251028,-3.0,-1.0,-36.0
1776887894.1351027,-4.0,0.0,-33.0
1776887894.1451027,0.0,3.0,-36.0
1776887894.1551027,2.0,0.0,-45.0
1776887894.1651027,2.0,0.0,-45.0
1776887894.1751027,-4.0,0.0,-40.0
1776887894.1851027,-5.0,-1.0,-39.0
1776887894.1951027,-5.0,-2.0,-38.0
1776887894.2051027,-7.0,-3.0,-35.0
1776887894.215103,-4.0,-2.0,-28.0
1776887894.225103,0.0,-1.0,-32.0
1776887894.235103,0.0,0.0,-28.0
1776887894.2451026,-4.0,-2.0,-31.0
1776887894.2551026,-5.0,-3.0,-33.0
1776887894.2651026,-2.0,0.0,-37.0
1776887894.2751029,0.0,2.0,-41.0
1776887894.2851028,1.0,1.0,-38.0
1776887894.2951028,2.0,3.0,-33.0
1776887894.3051028,1.0,1.0,-33.0
1776887894.3151028,-1.0,0.0,-31.0
1776887894.3251028,0.0,-2.0,-35.0
1776887894.3351028,0.0,-3.0,-32.0
1776887894.3451028,-1.0,-7.0,-28.0
1776887894.3551028,-3.0,-4.0,-35.0
1776887894.3651028,-2.0,-8.0,-34.0
1776887894.3751028,-4.0,-7.0,-36.0
1776887894.386103,-2.0,-5.0,-38.0
1776887894.396103,-4.0,-2.0,-32.0
1776887894.406103,-6.0,-1.0,-25.0
1776887894.4161026,-7.0,0.0,-23.0
1776887894.4261026,2.0,1.0,-28.0
1776887894.4361026,3.0,2.0,-34.0
1776887894.4461029,4.0,0.0,-38.0
1776887894.4561028,0.0,-1.0,-47.0
1776887894.4661028,-1.0,-3.0,-50.0
1776887894.4761028,0.0,-2.0,-45.0
1776887894.4861028,0.0,-1.0,-40.0
1776887894.4961028,4.0,-1.0,-38.0
1776887894.5061028,7.0,-4.0,-40.0
1776887894.5161028,7.0,-5.0,-45.0
1776887894.5261028,4.0,-5.0,-44.0
1776887894.5361028,5.0,-4.0,-41.0
1776887894.5461028,7.0,-4.0,-40.0
1776887894.5561028,4.0,-4.0,-36.0
1776887894.5661027,5.0,-4.0,-31.0
1776887894.5761027,4.0,-7.0,-36.0
1776887894.5861027,1.0,-4.0,-38.0
1776887894.5961027,0.0,-8.0,-34.0
1776887894.6061027,-1.0,-10.0,-36.0
1776887894.6161027,-1.0,-6.0,-35.0
1776887894.6261027,-6.0,-2.0,-29.0
1776887894.636103,-3.0,0.0,-31.0
1776887894.646103,1.0,-1.0,-31.0
1776887894.656103,0.0,0.0,-32.0
1776887894.6661026,-1.0,0.0,-34.0
1776887894.6751027,6.0,0.0,-39.0
1776887894.6861026,10.0,-1.0,-40.0
1776887894.6961029,11.0,-2.0,-40.0
1776887894.7061028,9.0,0.0,-42.0
1776887894.7161028,8.0,0.0,-42.0
1776887894.7261028,10.0,-1.0,-50.0
1776887894.7361028,7.0,0.0,-51.0
1776887894.7461028,5.0,0.0,-49.0
1776887894.7561028,4.0,-1.0,-40.0
1776887894.7661028,5.0,-1.0,-28.0
1776887894.7761028,7.0,-3.0,-27.0
1776887894.7861028,9.0,-3.0,-29.0
1776887894.7961028,5.0,-6.0,-23.0
1776887894.8061028,1.0,-7.0,-25.0
1776887894.8161027,5.0,-7.0,-33.0
1776887894.8261027,4.0,-4.0,-37.0
1776887894.8361027,5.0,-5.0,-39.0
1776887894.8461027,7.0,0.0,-38.0
1776887894.8561027,7.0,-3.0,-38.0
1776887894.8661027,8.0,-1.0,-38.0
1776887894.8761027,11.0,-1.0,-37.0
1776887894.886103,8.0,3.0,-32.0
1776887894.896103,11.0,-1.0,-33.0
1776887894.906103,14.0,0.0,-34.0
1776887894.9161026,8.0,0.0,-34.0
1776887894.9261026,5.0,0.0,-38.0
1776887894.9361026,4.0,1.0,-37.0
1776887894.9461029,4.0,0.0,-37.0
1776887894.9561028,1.0,0.0,-32.0
1776887894.9661028,1.0,-1.0,-31.0
1776887894.9761028,2.0,-2.0,-38.0
1776887894.9861028,-1.0,-1.0,-39.0
1776887894.9961028,-1.0,-3.0,-47.0
1776887895.0061028,-1.0,-5.0,-45.0
1776887895.0161028,0.0,-7.0,-43.0
1776887895.0261028,-4.0,-5.0,-42.0
1776887895.0361028,-1.0,-4.0,-36.0
1776887895.0461028,0.0,-6.0,-38.0
1776887895.0561028,2.0,-8.0,-31.0
1776887895.0661027,6.0,-11.0,-30.0
1776887895.0761027,2.0,-7.0,-25.0
1776887895.0861027,4.0,-3.0,-24.0
1776887895.0961027,1.0,-1.0,-31.0
1776887895.1061027,0.0,0.0,-38.0
1776887895.1161027,-1.0,0.0,-36.0
1776887895.1261027,0.0,-3.0,-36.0
1776887895.136103,2.0,-6.0,-35.0
1776887895.146103,0.0,-4.0,-35.0
1776887895.156103,2.0,0.0,-36.0
1776887895.1661026,5.0,3.0,-35.0
1776887895.1761026,7.0,0.0,-36.0
1776887895.1861026,4.0,-3.0,-37.0
1776887895.1961029,7.0,-2.0,-34.0
1776887895.2061028,8.0,-5.0,-35.0
1776887895.2161028,4.0,-5.0,-40.0
1776887895.2261028,0.0,-1.0,-37.0
1776887895.2361028,3.0,1.0,-35.0
1776887895.2461028,0.0,-3.0,-39.0
1776887895.2561028,0.0,0.0,-37.0
1776887895.2661028,-2.0,0.0,-39.0
1776887895.2761028,-5.0,1.0,-47.0
1776887895.2861028,-8.0,-3.0,-43.0
1776887895.2961028,-9.0,-5.0,-40.0
1776887895.3061028,-8.0,-1.0,-43.0
1776887895.3161027,-3.0,-3.0,-39.0
1776887895.3261027,1.0,-1.0,-34.0
1776887895.3361027,4.0,-1.0,-34.0
1776887895.3461027,0.0,0.0,-42.0
1776887895.3561027,-1.0,-3.0,-37.0
1776887895.3661027,-1.0,-6.0,-35.0
1776887895.3761027,-2.0,-4.0,-34.0
1776887895.386103,-2.0,-5.0,-37.0
1776887895.396103,-3.0,-6.0,-38.0
1776887895.406103,-3.0,-5.0,-43.0
1776887895.4161026,-2.0,-6.0,-44.0
1776887895.4261026,-1.0,-8.0,-46.0
1776887895.4361026,-1.0,-9.0,-47.0
1776887895.4461029,-2.0,-7.0,-42.0
1776887895.4561028,0.0,-7.0,-36.0
1776887895.4661028,5.0,-9.0,-35.0
1776887895.4761028,5.0,-6.0,-28.0
1776887895.4861028,6.0,-7.0,-26.0
1776887895.4961028,6.0,-9.0,-31.0
1776887895.5061028,2.0,-6.0,-34.0
1776887895.5161028,3.0,-4.0,-31.0
1776887895.5261028,4.0,-2.0,-29.0
1776887895.5361028,7.0,-3.0,-24.0
1776887895.5461028,4.0,-2.0,-22.0
1776887895.5561028,4.0,-1.0,-23.0
1776887895.5661027,5.0,1.0,-31.0
1776887895.5761027,1.0,1.0,-25.0
1776887895.5861027,0.0,-1.0,-26.0
1776887895.5961027,-1.0,-2.0,-31.0
1776887895.6061027,-1.0,-1.0,-36.0
1776887895.6161027,0.0,-3.0,-38.0
1776887895.6261027,-3.0,-6.0,-41.0
1776887895.636103,-5.0,-4.0,-42.0
1776887895.646103,-3.0,-3.0,-36.0
1776887895.656103,-4.0,0.0,-36.0
1776887895.6661026,-1.0,-2.0,-36.0
1776887895.6761026,0.0,-5.0,-34.0
1776887895.6861026,3.0,-4.0,-32.0
1776887895.6961029,3.0,-4.0,-34.0
1776887895.7061028,-1.0,-1.0,-35.0
1776887895.7161028,-8.0,-1.0,-39.0
1776887895.7261028,-4.0,-2.0,-40.0
1776887895.7361028,-6.0,0.0,-35.0
1776887895.7461028,-9.0,-1.0,-33.0
1776887895.7561028,-8.0,-2.0,-28.0
1776887895.7661028,-8.0,-1.0,-29.0
1776887895.7761028,-10.0,2.0,-31.0
1776887895.7861028,-8.0,1.0,-29.0
1776887895.7961028,-8.0,0.0,-33.0
1776887895.8061028,-4.0,-2.0,-32.0
1776887895.8161027,1.0,-4.0,-38.0
1776887895.8261027,3.0,-1.0,-36.0
1776887895.8361027,6.0,-1.0,-39.0
1776887895.8461027,11.0,-4.0,-40.0
1776887895.8561027,8.0,-7.0,-40.0
1776887895.8661027,6.0,-3.0,-39.0
1776887895.8761027,6.0,2.0,-39.0
1776887895.886103,7.0,5.0,-43.0
1776887895.896103,6.0,1.0,-43.0
1776887895.906103,7.0,-3.0,-48.0
1776887895.9161026,1.0,-5.0,-40.0
1776887895.9261026,-6.0,-6.0,-39.0
1776887895.9361026,-8.0,-5.0,-37.0
1776887895.9461029,-6.0,0.0,-38.0
1776887895.9561028,-5.0,-1.0,-40.0
1776887895.9661028,-7.0,-4.0,-35.0
1776887895.9761028,-6.0,-6.0,-34.0
1776887895.9861028,-9.0,-5.0,-33.0
1776887895.9961028,-5.0,-7.0,-31.0
1776887896.0061028,-6.0,-6.0,-27.0
1776887896.0161028,-3.0,-8.0,-26.0
1776887896.0261028,0.0,-8.0,-27.0
1776887896.0361028,-5.0,-5.0,-30.0
1776887896.0461028,-5.0,-4.0,-33.0
1776887896.0561028,-4.0,-5.0,-30.0
1776887896.0661027,-3.0,-8.0,-31.0
1776887896.0761027,1.0,-6.0,-32.0
1776887896.0861027,3.0,-5.0,-29.0
1776887896.0961027,5.0,-5.0,-26.0
1776887896.1061027,6.0,-2.0,-27.0
1776887896.1161027,6.0,1.0,-31.0
1776887896.1261027,4.0,3.0,-30.0
1776887896.136103,0.0,1.0,-27.0
1776887896.146103,0.0,0.0,-17.0
1776887896.156103,1.0,-1.0,-24.0
1776887896.1661026,6.0,-5.0,-36.0
1776887896.1761026,6.0,-2.0,-34.0
1776887896.1861026,9.0,-2.0,-31.0
1776887896.1961029,10.0,0.0,-34.0
1776887896.2061028,6.0,-2.0,-32.0
1776887896.2161028,3.0,2.0,-26.0
1776887896.2261028,6.0,2.0,-21.0
1776887896.2361028,4.0,4.0,-27.0
1776887896.2461028,0.0,3.0,-26.0
1776887896.2561028,-1.0,1.0,-25.0
1776887896.2661028,-4.0,-2.0,-30.0
1776887896.2761028,-4.0,-1.0,-32.0
1776887896.2861028,-2.0,-4.0,-34.0
1776887896.2961028,0.0,-5.0,-33.0
1776887896.3061028,-5.0,-3.0,-30.0
1776887896.3161027,-2.0,-4.0,-30.0
1776887896.3261027,-4.0,-9.0,-34.0
1776887896.3361027,-2.0,-6.0,-36.0
1776887896.3461027,-1.0,-5.0,-37.0
1776887896.3561027,2.0,-1.0,-37.0
1776887896.3661027,0.0,3.0,-39.0
1776887896.3771029,-3.0,5.0,-40.0
1776887896.386103,-3.0,1.0,-40.0
1776887896.3971028,0.0,0.0,-40.0
1776887896.406103,2.0,1.0,-37.0
1776887896.4161026,5.0,-3.0,-36.0
1776887896.4271028,1.0,-5.0,-36.0
1776887896.4371028,0.0,-4.0,-33.0
1776887896.4471028,-4.0,-2.0,-32.0
1776887896.4571028,-8.0,0.0,-38.0
1776887896.4671028,-9.0,0.0,-42.0
1776887896.4771028,-10.0,3.0,-36.0
1776887896.4871027,-7.0,1.0,-40.0
1776887896.4971027,-9.0,0.0,-40.0
1776887896.5071027,-13.0,0.0,-35.0
1776887896.5171027,-12.0,-1.0,-36.0
1776887896.5271027,-10.0,0.0,-39.0
1776887896.5371027,-2.0,0.0,-38.0
1776887896.5471027,-3.0,-1.0,-34.0
1776887896.557103,-2.0,-4.0,-33.0
1776887896.567103,-5.0,-3.0,-29.0
1776887896.577103,-4.0,-5.0,-35.0
1776887896.587103,-3.0,-7.0,-40.0
1776887896.5971026,-6.0,-5.0,-43.0
1776887896.6071026,-7.0,-5.0,-43.0
1776887896.6171026,-6.0,-5.0,-36.0
1776887896.6271029,-8.0,-7.0,-42.0
1776887896.6371028,-5.0,-7.0,-43.0
1776887896.6471028,-6.0,-7.0,-41.0
1776887896.6571028,-4.0,-3.0,-38.0
1776887896.6671028,0.0,-1.0,-40.0
1776887896.6771028,0.0,0.0,-47.0
1776887896.6871028,1.0,3.0,-46.0
1776887896.6971028,0.0,3.0,-42.0
1776887896.7071028,0.0,2.0,-45.0
1776887896.7171028,0.0,-1.0,-48.0
1776887896.7271028,6.0,-3.0,-48.0
1776887896.7371027,6.0,-5.0,-41.0
1776887896.7471027,7.0,-2.0,-48.0
1776887896.7571027,7.0,-1.0,-48.0
1776887896.7671027,6.0,-5.0,-47.0
1776887896.7771027,5.0,-1.0,-44.0
1776887896.7871027,1.0,-6.0,-43.0
1776887896.7971027,-1.0,-8.0,-35.0
1776887896.807103,0.0,-4.0,-36.0
1776887896.817103,0.0,0.0,-43.0
1776887896.827103,1.0,0.0,-40.0
1776887896.837103,1.0,1.0,-40.0
1776887896.8471026,0.0,1.0,-34.0
1776887896.8571026,0.0,1.0,-37.0
1776887896.8671026,-4.0,-1.0,-39.0
1776887896.8771029,-6.0,-2.0,-39.0
1776887896.8871028,-6.0,0.0,-34.0
1776887896.8971028,-7.0,-1.0,-40.0
1776887896.9071028,-7.0,-5.0,-35.0
1776887896.9171028,-4.0,-3.0,-32.0
1776887896.9271028,1.0,-3.0,-30.0
1776887896.9371028,6.0,-1.0,-31.0
1776887896.9471028,5.0,-5.0,-32.0
1776887896.9571028,5.0,-4.0,-31.0
1776887896.9671028,2.0,-5.0,-36.0
1776887896.9771028,-3.0,-10.0,-32.0
1776887896.9871027,-1.0,-12.0,-34.0
1776887896.9971027,4.0,-6.0,-36.0
1776887897.0071027,2.0,-5.0,-37.0
1776887897.0171027,0.0,-1.0,-44.0
1776887897.0271027,-3.0,0.0,-41.0
1776887897.0371027,-1.0,0.0,-43.0
1776887897.0471027,-4.0,0.0,-41.0
1776887897.057103,-8.0,-1.0,-35.0
1776887897.067103,-6.0,-2.0,-31.0
1776887897.077103,-4.0,-4.0,-31.0
1776887897.087103,-2.0,-2.0,-33.0
1776887897.0971026,-1.0,-3.0,-30.0
1776887897.1071026,0.0,-3.0,-27.0
1776887897.1171026,0.0,-6.0,-26.0
1776887897.1271029,-1.0,-3.0,-31.0
1776887897.1371028,0.0,0.0,-31.0
1776887897.1471028,1.0,1.0,-40.0
1776887897.1571028,6.0,5.0,-38.0
1776887897.1671028,7.0,3.0,-31.0
1776887897.1771028,6.0,0.0,-37.0
1776887897.1871028,7.0,-2.0,-36.0
1776887897.1971028,4.0,-4.0,-41.0
1776887897.2071028,7.0,-6.0,-38.0
1776887897.2171028,7.0,-9.0,-38.0
1776887897.2271028,2.0,-10.0,-33.0
1776887897.2371027,-4.0,-9.0,-31.0
1776887897.2471027,-1.0,-7.0,-34.0
1776887897.2571027,1.0,-8.0,-28.0
1776887897.2671027,0.0,-7.0,-25.0
1776887897.2771027,1.0,-4.0,-23.0
1776887897.2871027,3.0,-2.0,-23.0
1776887897.2971027,2.0,-5.0,-33.0
1776887897.307103,0.0,-5.0,-33.0
1776887897.317103,-1.0,-4.0,-35.0
1776887897.327103,0.0,-2.0,-33.0
1776887897.337103,1.0,-6.0,-33.0
1776887897.3471026,0.0,-6.0,-37.0
1776887897.3571026,0.0,0.0,-39.0
1776887897.3671026,-5.0,1.0,-39.0
1776887897.3771029,-6.0,-2.0,-34.0
1776887897.3871028,-9.0,-1.0,-30.0
1776887897.3971028,-6.0,0.0,-30.0
1776887897.4071028,-1.0,3.0,-37.0
1776887897.4171028,-1.0,2.0,-40.0
1776887897.4271028,-2.0,5.0,-36.0
1776887897.4371028,-2.0,2.0,-36.0
1776887897.4471028,-2.0,-1.0,-31.0
1776887897.4571028,0.0,-5.0,-31.0
1776887897.4671028,-1.0,0.0,-35.0
1776887897.4771028,-2.0,-2.0,-37.0
1776887897.4871027,3.0,-1.0,-36.0
1776887897.4971027,3.0,0.0,-32.0
1776887897.5071027,0.0,-2.0,-33.0
1776887897.5171027,-1.0,-6.0,-35.0
1776887897.5271027,0.0,-3.0,-33.0
1776887897.5371027,5.0,-6.0,-39.0
1776887897.5471027,5.0,-4.0,-39.0
1776887897.557103,-1.0,-4.0,-38.0
1776887897.567103,3.0,-5.0,-40.0
1776887897.577103,6.0,-5.0,-39.0
1776887897.587103,3.0,-5.0,-38.0
1776887897.5971026,2.0,-6.0,-42.0
1776887897.6071026,-3.0,-6.0,-43.0
1776887897.6171026,-1.0,-3.0,-46.0
1776887897.6271029,-2.0,2.0,-44.0
1776887897.6371028,0.0,-3.0,-45.0
1776887897.6471028,3.0,-4.0,-47.0
1776887897.6571028,5.0,-1.0,-45.0
1776887897.6671028,7.0,-1.0,-46.0
1776887897.6781027,5.0,0.0,-45.0
1776887897.6871028,5.0,-1.0,-46.0
1776887897.6971028,4.0,-2.0,-46.0
1776887897.7071028,8.0,-2.0,-55.0
1776887897.7171028,12.0,-4.0,-54.0
1776887897.7271028,10.0,-1.0,-53.0
1776887897.7371027,5.0,0.0,-47.0
1776887897.7471027,6.0,0.0,-42.0
1776887897.7571027,5.0,-3.0,-46.0
1776887897.7671027,4.0,-4.0,-46.0
1776887897.7771027,1.0,-4.0,-40.0
1776887897.7871027,3.0,-6.0,-43.0
1776887897.7971027,2.0,-8.0,-43.0
1776887897.807103,0.0,-5.0,-45.0
1776887897.817103,2.0,-6.0,-46.0
1776887897.827103,1.0,-8.0,-42.0
1776887897.837103,2.0,-7.0,-43.0
1776887897.8471026,0.0,-2.0,-41.0
1776887897.8571026,2.0,-1.0,-31.0
1776887897.8671026,1.0,-2.0,-27.0
1776887897.8771029,-2.0,0.0,-30.0
1776887897.8871028,-1.0,0.0,-26.0
1776887897.8971028,-3.0,2.0,-27.0
1776887897.9071028,-5.0,1.0,-25.0
1776887897.9171028,-4.0,4.0,-32.0
1776887897.9271028,0.0,-4.0,-27.0
1776887897.9371028,0.0,-8.0,-32.0
1776887897.9471028,0.0,-8.0,-32.0
1776887897.9571028,5.0,-9.0,-36.0
1776887897.9671028,5.0,-6.0,-41.0
1776887897.9771028,3.0,-2.0,-38.0
1776887897.9871027,0.0,-5.0,-38.0
1776887897.9971027,0.0,-4.0,-40.0
1776887898.0071027,2.0,-6.0,-30.0
1776887898.0171027,5.0,-5.0,-28.0
1776887898.0271027,10.0,-5.0,-32.0
1776887898.0371027,8.0,-4.0,-33.0
1776887898.0471027,7.0,-5.0,-41.0
1776887898.057103,4.0,-4.0,-36.0
1776887898.067103,1.0,-3.0,-29.0
1776887898.077103,0.0,-2.0,-29.0
1776887898.087103,2.0,0.0,-32.0
1776887898.0971026,3.0,-2.0,-37.0
1776887898.1071026,3.0,-1.0,-35.0
1776887898.1171026,-1.0,-3.0,-34.0
1776887898.1271029,-2.0,-6.0,-34.0
1776887898.1371028,-4.0,-7.0,-31.0
1776887898.1471028,0.0,-6.0,-33.0
1776887898.1571028,3.0,-2.0,-33.0
1776887898.1671028,3.0,5.0,-36.0
1776887898.1771028,1.0,5.0,-32.0
1776887898.1871028,-3.0,0.0,-27.0
1776887898.1971028,-7.0,0.0,-33.0
1776887898.2071028,-11.0,0.0,-34.0
1776887898.2171028,-8.0,-5.0,-37.0
1776887898.2271028,-8.0,-5.0,-33.0
1776887898.2371027,-8.0,-5.0,-35.0
1776887898.2471027,-8.0,-7.0,-34.0
1776887898.2571027,-7.0,-5.0,-37.0
1776887898.2671027,-6.0,-4.0,-38.0
1776887898.2771027,-4.0,-2.0,-40.0
1776887898.2871027,0.0,1.0,-43.0
1776887898.2971027,0.0,3.0,-40.0
1776887898.307103,1.0,2.0,-37.0
1776887898.317103,4.0,5.0,-37.0
1776887898.327103,3.0,6.0,-38.0
1776887898.337103,7.0,1.0,-42.0
1776887898.3471026,5.0,0.0,-42.0
1776887898.3571026,5.0,-2.0,-31.0
1776887898.3671026,0.0,-4.0,-37.0
1776887898.3771029,1.0,-3.0,-37.0
1776887898.3881028,3.0,-2.0,-33.0
1776887898.3971028,1.0,-3.0,-37.0
1776887898.4081028,1.0,-5.0,-46.0
1776887898.4181027,0.0,-8.0,-49.0
1776887898.4281027,1.0,-4.0,-58.0
1776887898.4381027,1.0,-4.0,-56.0
1776887898.4481027,-2.0,-3.0,-51.0
1776887898.4581027,1.0,-2.0,-51.0
1776887898.4681027,4.0,0.0,-47.0
1776887898.4781027,6.0,2.0,-40.0
1776887898.488103,4.0,3.0,-43.0
1776887898.498103,8.0,2.0,-44.0
1776887898.508103,6.0,0.0,-39.0
1776887898.5181026,6.0,-1.0,-38.0
1776887898.5281026,6.0,-4.0,-38.0
1776887898.5381026,1.0,-1.0,-38.0
1776887898.5481029,-1.0,1.0,-38.0
1776887898.5581028,0.0,3.0,-37.0
1776887898.5681028,0.0,-1.0,-34.0
1776887898.5781028,0.0,-6.0,-34.0
1776887898.5881028,1.0,-8.0,-37.0
1776887898.5981028,4.0,-5.0,-38.0
1776887898.6081028,2.0,-8.0,-40.0
1776887898.6181028,6.0,-6.0,-42.0
1776887898.6281028,1.0,-5.0,-37.0
1776887898.6381028,0.0,-2.0,-31.0
1776887898.6481028,2.0,-4.0,-29.0
1776887898.6581028,0.0,-3.0,-36.0
1776887898.6681027,-1.0,-1.0,-40.0
1776887898.6781027,0.0,-2.0,-37.0
1776887898.6881027,0.0,-2.0,-33.0
1776887898.6981027,0.0,-2.0,-32.0
1776887898.7081027,-1.0,0.0,-27.0
1776887898.7181027,0.0,0.0,-28.0
1776887898.7281027,3.0,2.0,-38.0
1776887898.738103,7.0,-1.0,-31.0
1776887898.748103,4.0,-2.0,-36.0
1776887898.758103,4.0,0.0,-38.0
1776887898.7681026,0.0,-3.0,-42.0
1776887898.7781026,-3.0,-6.0,-44.0
1776887898.7881026,0.0,-4.0,-37.0
1776887898.7981029,0.0,-4.0,-43.0
1776887898.8081028,-4.0,-7.0,-42.0
1776887898.8181028,-3.0,-6.0,-41.0
1776887898.8281028,0.0,0.0,-45.0
1776887898.8381028,1.0,-2.0,-46.0
1776887898.8481028,-1.0,-3.0,-46.0
1776887898.8581028,-3.0,-4.0,-45.0
1776887898.8681028,0.0,-8.0,-42.0
1776887898.8781028,2.0,-1.0,-40.0
1776887898.8881028,2.0,0.0,-38.0
1776887898.8981028,2.0,-3.0,-44.0
1776887898.9081028,6.0,-4.0,-45.0
1776887898.9181027,4.0,-9.0,-46.0
1776887898.9281027,4.0,-8.0,-50.0
1776887898.9381027,2.0,-7.0,-49.0
1776887898.9481027,0.0,-10.0,-41.0
1776887898.9581027,0.0,-11.0,-38.0
1776887898.9681027,0.0,-10.0,-35.0
1776887898.9781027,-4.0,-4.0,-29.0
1776887898.988103,-8.0,-3.0,-34.0
1776887898.998103,-9.0,0.0,-37.0
1776887899.008103,-3.0,-1.0,-28.0
1776887899.0181026,-3.0,-1.0,-29.0
1776887899.0281026,0.0,-3.0,-33.0
1776887899.0381026,0.0,-1.0,-32.0
1776887899.0481029,0.0,-1.0,-38.0
1776887899.0581028,-1.0,-2.0,-36.0
1776887899.0681028,0.0,0.0,-35.0
1776887899.0781028,-1.0,-2.0,-26.0
1776887899.0881028,-2.0,0.0,-28.0
1776887899.0981028,-3.0,-2.0,-28.0
1776887899.1081028,-3.0,-2.0,-29.0
1776887899.1181028,1.0,-8.0,-32.0
1776887899.1281028,2.0,-8.0,-40.0
1776887899.1381028,3.0,-5.0,-36.0
1776887899.1481028,0.0,-1.0,-36.0
1776887899.1581028,1.0,0.0,-30.0
1776887899.1681027,0.0,0.0,-36.0
1776887899.1781027,-3.0,2.0,-34.0
1776887899.1881027,-7.0,0.0,-37.0
1776887899.1981027,-1.0,-5.0,-34.0
1776887899.2081027,-2.0,-6.0,-27.0
1776887899.2181027,-3.0,-2.0,-18.0
1776887899.2281027,-2.0,0.0,-22.0
1776887899.238103,2.0,-3.0,-24.0
1776887899.248103,2.0,-6.0,-28.0
1776887899.258103,2.0,-4.0,-28.0
1776887899.2681026,3.0,-4.0,-37.0
1776887899.2781026,3.0,-9.0,-40.0
1776887899.2881026,3.0,-10.0,-36.0
1776887899.2981029,2.0,-7.0,-33.0
1776887899.3081028,4.0,-1.0,-40.0
1776887899.3181028,5.0,2.0,-40.0
1776887899.3281028,1.0,-4.0,-39.0
1776887899.3381028,1.0,-3.0,-24.0
1776887899.3481028,0.0,0.0,-28.0
1776887899.3581028,-3.0,0.0,-38.0
1776887899.3681028,2.0,2.0,-38.0
1776887899.3781028,3.0,4.0,-38.0
1776887899.3881028,-2.0,0.0,-41.0
1776887899.3981028,-3.0,0.0,-41.0
1776887899.4081028,-3.0,1.0,-34.0
1776887899.4181027,-4.0,4.0,-32.0
1776887899.4281027,-2.0,1.0,-35.0
1776887899.4381027,-7.0,0.0,-38.0
1776887899.4481027,-5.0,-1.0,-36.0
1776887899.4581027,-4.0,-2.0,-33.0
1776887899.4681027,-4.0,-4.0,-31.0
1776887899.4781027,-7.0,-1.0,-35.0
1776887899.488103,-7.0,0.0,-33.0
1776887899.498103,-2.0,0.0,-38.0
1776887899.508103,-3.0,-2.0,-34.0
1776887899.5181026,-5.0,-3.0,-32.0
1776887899.5281026,0.0,-5.0,-33.0
1776887899.5381026,-1.0,-4.0,-33.0
1776887899.5481029,3.0,-6.0,-25.0
1776887899.5581028,3.0,-8.0,-25.0
1776887899.5681028,1.0,-4.0,-30.0
1776887899.5781028,2.0,-4.0,-35.0
1776887899.5881028,2.0,-5.0,-42.0
1776887899.5981028,3.0,-6.0,-46.0
1776887899.6081028,2.0,-3.0,-40.0
1776887899.6181028,0.0,-2.0,-35.0
1776887899.6281028,2.0,-3.0,-31.0
1776887899.6381028,1.0,0.0,-31.0
1776887899.6481028,2.0,-1.0,-36.0
1776887899.6581028,5.0,-1.0,-40.0
1776887899.6681027,7.0,-4.0,-38.0
1776887899.6781027,0.0,-5.0,-38.0
1776887899.6881027,-3.0,-4.0,-39.0
1776887899.6981027,-6.0,-3.0,-37.0
1776887899.7081027,-9.0,-1.0,-35.0
1776887899.7181027,-7.0,0.0,-40.0
1776887899.7281027,-9.0,-3.0,-44.0
1776887899.738103,-6.0,0.0,-51.0
1776887899.748103,-7.0,-2.0,-47.0
1776887899.758103,-2.0,-2.0,-45.0
1776887899.7681026,-2.0,-1.0,-45.0
1776887899.7781026,-4.0,0.0,-42.0
1776887899.7881026,-1.0,0.0,-48.0
1776887899.7981029,-3.0,-3.0,-48.0
1776887899.8081028,-3.0,0.0,-45.0
1776887899.8181028,-1.0,-1.0,-52.0
1776887899.8281028,0.0,0.0,-53.0
1776887899.8381028,-1.0,-2.0,-53.0
1776887899.8481028,-5.0,0.0,-47.0
1776887899.8581028,-4.0,4.0,-42.0
1776887899.8681028,-3.0,3.0,-37.0
1776887899.8781028,0.0,2.0,-36.0
1776887899.8881028,2.0,1.0,-33.0
1776887899.8981028,4.0,-1.0,-35.0
1776887899.9081028,1.0,0.0,-41.0
1776887899.9181027,3.0,2.0,-45.0
1776887899.9281027,0.0,0.0,-45.0
1776887899.9381027,-5.0,-2.0,-44.0
1776887899.9481027,-5.0,0.0,-39.0
1776887899.9581027,-2.0,0.0,-33.0
1776887899.9681027,-4.0,-5.0,-32.0
1776887899.9781027,0.0,-3.0,-35.0
1776887899.988103,1.0,-1.0,-33.0
1776887899.998103,2.0,-7.0,-34.0
1776887900.008103,1.0,-12.0,-33.0
1776887900.0181026,2.0,-11.0,-34.0
1776887900.0281026,1.0,-9.0,-34.0
1776887900.0381026,-1.0,-8.0,-37.0
1776887900.0481029,3.0,-5.0,-32.0
1776887900.0581028,8.0,-4.0,-36.0
1776887900.0681028,8.0,-6.0,-35.0
1776887900.0781028,5.0,-9.0,-26.0
1776887900.0881028,7.0,-6.0,-28.0
1776887900.0981028,11.0,-4.0,-30.0
1776887900.1081028,9.0,-2.0,-29.0
1776887900.1181028,4.0,-3.0,-33.0
1776887900.1281028,3.0,-4.0,-37.0
1776887900.1381028,0.0,-2.0,-32.0
1776887900.1481028,-4.0,-2.0,-38.0
1776887900.1581028,-5.0,-2.0,-37.0
1776887900.1681027,-5.0,-4.0,-36.0
1776887900.1781027,-8.0,-3.0,-27.0
1776887900.1881027,-4.0,0.0,-30.0
1776887900.1981027,-3.0,2.0,-31.0
1776887900.2081027,0.0,0.0,-32.0
1776887900.2181027,0.0,0.0,-36.0
1776887900.2281027,-4.0,-1.0,-40.0
1776887900.238103,-3.0,-2.0,-37.0
1776887900.248103,-3.0,0.0,-33.0
1776887900.258103,-4.0,0.0,-32.0
1776887900.2681026,0.0,-1.0,-36.0
1776887900.2781026,1.0,0.0,-41.0
1776887900.2881026,1.0,-2.0,-44.0
1776887900.2981029,2.0,-3.0,-42.0
1776887900.3081028,3.0,-5.0,-41.0
1776887900.3181028,1.0,-6.0,-38.0
1776887900.3281028,0.0,-2.0,-38.0
1776887900.3381028,0.0,1.0,-44.0
1776887900.3481028,1.0,0.0,-44.0
1776887900.3581028,2.0,2.0,-39.0
1776887900.3681028,2.0,3.0,-41.0
1776887900.3781028,0.0,0.0,-39.0
1776887900.3881028,-4.0,-2.0,-34.0
1776887900.3981028,0.0,1.0,-43.0
1776887900.409103,-1.0,0.0,-39.0
1776887900.419103,0.0,-3.0,-42.0
1776887900.429103,3.0,-5.0,-41.0
1776887900.4391026,2.0,-7.0,-46.0
1776887900.4491026,2.0,-6.0,-43.0
1776887900.4591026,-1.0,0.0,-38.0
1776887900.4691026,4.0,-1.0,-39.0
1776887900.4791028,9.0,-4.0,-38.0
1776887900.4891028,5.0,-5.0,-37.0
1776887900.4991028,1.0,-4.0,-36.0
1776887900.5091028,2.0,-4.0,-32.0
1776887900.5191028,1.0,-4.0,-37.0
1776887900.5291028,3.0,-2.0,-38.0
1776887900.5391028,0.0,-4.0,-35.0
1776887900.5491028,1.0,-7.0,-36.0
1776887900.5591028,0.0,-6.0,-32.0
1776887900.5691028,0.0,-1.0,-27.0
1776887900.5791028,7.0,-4.0,-28.0
1776887900.5891027,3.0,-5.0,-28.0
1776887900.5991027,5.0,-4.0,-32.0
1776887900.6091027,5.0,-5.0,-27.0
1776887900.6191027,3.0,-3.0,-24.0
1776887900.6291027,-1.0,-3.0,-29.0
1776887900.6391027,-1.0,-3.0,-26.0
1776887900.6491027,5.0,-3.0,-30.0
1776887900.659103,6.0,-3.0,-31.0
1776887900.669103,11.0,-5.0,-39.0
1776887900.679103,12.0,-5.0,-38.0
1776887900.6891026,10.0,-3.0,-38.0
1776887900.6991026,4.0,-5.0,-38.0
1776887900.7091026,3.0,-6.0,-31.0
1776887900.7191026,5.0,-6.0,-28.0
1776887900.7291028,4.0,-6.0,-31.0
1776887900.7391028,1.0,-9.0,-35.0
1776887900.7491028,6.0,-2.0,-36.0
1776887900.7591028,2.0,-2.0,-35.0
1776887900.7691028,0.0,-4.0,-38.0
1776887900.7791028,3.0,-6.0,-39.0
1776887900.7891028,-1.0,-1.0,-40.0
1776887900.7991028,-1.0,-2.0,-45.0
1776887900.8091028,5.0,2.0,-50.0
1776887900.8191028,5.0,5.0,-41.0
1776887900.8291028,0.0,4.0,-33.0
1776887900.8391027,4.0,0.0,-35.0
1776887900.8491027,5.0,1.0,-34.0
1776887900.8591027,4.0,0.0,-36.0
1776887900.8691027,5.0,0.0,-40.0
1776887900.8791027,0.0,-2.0,-42.0
1776887900.8891027,0.0,0.0,-41.0
1776887900.8991027,-5.0,-4.0,-40.0
1776887900.909103,-1.0,-4.0,-37.0
1776887900.919103,2.0,-5.0,-42.0
1776887900.929103,3.0,-4.0,-43.0
1776887900.9391026,3.0,-3.0,-38.0
1776887900.9491026,2.0,0.0,-40.0
1776887900.9591026,0.0,-2.0,-35.0
1776887900.9691026,0.0,-2.0,-37.0
1776887900.9791028,0.0,0.0,-32.0
1776887900.9891028,0.0,4.0,-30.0
1776887900.9991028,-2.0,4.0,-29.0
1776887901.0091028,-2.0,2.0,-36.0
1776887901.0191028,-4.0,2.0,-33.0
1776887901.0291028,-5.0,0.0,-26.0
1776887901.0391028,-6.0,-2.0,-33.0
1776887901.0491028,0.0,0.0,-36.0
1776887901.0591028,0.0,1.0,-38.0
1776887901.0691028,0.0,-3.0,-41.0
1776887901.0791028,6.0,-3.0,-34.0
1776887901.0891027,3.0,-9.0,-34.0
1776887901.0991027,3.0,-8.0,-37.0
1776887901.1091027,3.0,-4.0,-35.0
1776887901.1191027,1.0,-1.0,-32.0
1776887901.1291027,3.0,-1.0,-33.0
1776887901.1391027,3.0,0.0,-37.0
1776887901.1491027,1.0,0.0,-43.0
1776887901.159103,0.0,-2.0,-47.0
1776887901.169103,1.0,-2.0,-43.0
1776887901.179103,6.0,3.0,-37.0
1776887901.1891026,6.0,1.0,-33.0
1776887901.1991026,2.0,1.0,-40.0
1776887901.2091026,4.0,4.0,-39.0
1776887901.2191026,0.0,6.0,-44.0
1776887901.2291028,1.0,0.0,-52.0
1776887901.2391028,-3.0,0.0,-43.0
1776887901.2491028,-4.0,0.0,-40.0
1776887901.2591028,-3.0,0.0,-41.0
1776887901.2691028,1.0,-2.0,-40.0
1776887901.2791028,-2.0,-2.0,-40.0
1776887901.2891028,-1.0,-1.0,-39.0
1776887901.2991028,2.0,-2.0,-41.0
1776887901.3091028,3.0,-2.0,-41.0
1776887901.3191028,4.0,-1.0,-38.0
1776887901.3291028,1.0,-3.0,-31.0
1776887901.3391027,3.0,-5.0,-34.0
1776887901.3491027,3.0,-4.0,-35.0
1776887901.3591027,3.0,-5.0,-36.0
1776887901.3691027,5.0,-3.0,-32.0
1776887901.3791027,4.0,-9.0,-37.0
1776887901.3891027,2.0,-6.0,-43.0
1776887901.3991027,4.0,-4.0,-42.0
1776887901.409103,10.0,-4.0,-51.0
1776887901.419103,4.0,-4.0,-43.0
1776887901.429103,2.0,-3.0,-27.0
1776887901.4391026,2.0,1.0,-27.0
1776887901.4491026,6.0,2.0,-27.0
1776887901.4591026,5.0,1.0,-29.0
1776887901.4691026,-3.0,3.0,-28.0
1776887901.4791028,-6.0,0.0,-32.0
1776887901.4891028,-7.0,1.0,-31.0
1776887901.4991028,-6.0,-1.0,-34.0
1776887901.5091028,-8.0,0.0,-35.0
1776887901.5191028,-11.0,1.0,-31.0
1776887901.5291028,-7.0,1.0,-35.0
1776887901.5391028,-6.0,1.0,-39.0
1776887901.5491028,-7.0,0.0,-41.0
1776887901.5591028,-8.0,2.0,-41.0
1776887901.5691028,-2.0,4.0,-34.0
1776887901.5791028,0.0,0.0,-36.0
1776887901.5891027,1.0,0.0,-39.0
1776887901.5991027,2.0,0.0,-37.0
1776887901.6091027,4.0,-2.0,-35.0
1776887901.6191027,2.0,0.0,-36.0
1776887901.6291027,2.0,0.0,-44.0
1776887901.6391027,0.0,-2.0,-47.0
1776887901.6491027,1.0,-1.0,-49.0
1776887901.659103,3.0,0.0,-53.0
1776887901.669103,3.0,2.0,-55.0
1776887901.679103,-1.0,3.0,-60.0
1776887901.6891026,-1.0,5.0,-51.0
1776887901.6991026,1.0,2.0,-46.0
1776887901.7091026,3.0,0.0,-44.0
1776887901.7191026,2.0,0.0,-44.0
1776887901.7291028,-2.0,-1.0,-32.0
1776887901.7391028,0.0,-2.0,-35.0
1776887901.7491028,6.0,-2.0,-32.0
1776887901.7591028,6.0,-1.0,-38.0
1776887901.7691028,10.0,1.0,-35.0
1776887901.7791028,15.0,2.0,-32.0
1776887901.7891028,11.0,2.0,-39.0
1776887901.7991028,9.0,3.0,-39.0
1776887901.8091028,6.0,0.0,-41.0
1776887901.8191028,5.0,2.0,-44.0
1776887901.8291028,8.0,0.0,-34.0
1776887901.8391027,3.0,-3.0,-30.0
1776887901.8491027,-1.0,-1.0,-27.0
1776887901.8591027,4.0,-2.0,-29.0
1776887901.8691027,5.0,-2.0,-42.0
1776887901.8791027,3.0,-3.0,-45.0
1776887901.8891027,3.0,-5.0,-44.0
1776887901.8991027,5.0,-1.0,-39.0
1776887901.909103,0.0,-1.0,-37.0
1776887901.919103,4.0,-4.0,-38.0
1776887901.929103,3.0,-3.0,-34.0
1776887901.9391026,1.0,-6.0,-34.0
1776887901.9491026,2.0,-13.0,-34.0
1776887901.9591026,-1.0,-11.0,-32.0
1776887901.9691026,-2.0,-7.0,-30.0
1776887901.9791028,-2.0,-5.0,-28.0
1776887901.9891028,-4.0,-5.0,-29.0
1776887901.9991028,-1.0,-8.0,-30.0
1776887902.0091028,-1.0,-7.0,-30.0
1776887902.0191028,0.0,-8.0,-35.0
1776887902.0291028,0.0,-7.0,-33.0
1776887902.0391028,2.0,-2.0,-37.0
1776887902.0491028,2.0,0.0,-35.0
1776887902.0591028,-3.0,-1.0,-31.0
1776887902.0691028,-5.0,3.0,-28.0
1776887902.0791028,-2.0,5.0,-27.0
1776887902.0891027,0.0,4.0,-26.0
1776887902.0991027,2.0,5.0,-32.0
1776887902.1091027,5.0,0.0,-34.0
1776887902.1191027,8.0,0.0,-30.0
1776887902.1291027,6.0,2.0,-35.0
1776887902.1391027,4.0,2.0,-32.0
1776887902.1491027,1.0,0.0,-37.0
1776887902.159103,0.0,-1.0,-39.0
1776887902.169103,-1.0,-4.0,-42.0
1776887902.179103,0.0,-5.0,-36.0
1776887902.1891026,2.0,-2.0,-32.0
1776887902.1991026,3.0,0.0,-33.0
1776887902.2091026,2.0,1.0,-33.0
1776887902.2191026,5.0,4.0,-34.0
1776887902.2291028,4.0,4.0,-37.0
1776887902.2391028,1.0,4.0,-36.0
1776887902.2491028,1.0,1.0,-37.0
1776887902.2591028,0.0,-5.0,-37.0
1776887902.2691028,1.0,-11.0,-38.0
1776887902.2791028,3.0,-4.0,-39.0
1776887902.2891028,1.0,-1.0,-37.0
1776887902.2991028,4.0,-2.0,-34.0
1776887902.3091028,3.0,-2.0,-42.0
1776887902.3191028,5.0,0.0,-41.0
1776887902.3291028,5.0,2.0,-51.0
1776887902.3391027,5.0,4.0,-51.0
1776887902.3491027,7.0,3.0,-49.0
1776887902.3591027,7.0,1.0,-49.0
1776887902.3691027,5.0,4.0,-38.0
1776887902.3791027,2.0,3.0,-32.0
1776887902.3891027,0.0,3.0,-35.0
1776887902.3991027,-1.0,2.0,-42.0
1776887902.409103,-2.0,4.0,-49.0
1776887902.419103,-2.0,4.0,-53.0
1776887902.429103,-1.0,6.0,-49.0
1776887902.4401028,-1.0,6.0,-45.0
1776887902.4501028,3.0,5.0,-44.0
1776887902.4601028,5.0,1.0,-41.0
1776887902.4701028,4.0,-1.0,-42.0
1776887902.4801028,5.0,1.0,-34.0
1776887902.4911027,4.0,0.0,-33.0
1776887902.5001028,6.0,1.0,-27.0
1776887902.5101027,-2.0,0.0,-31.0
1776887902.5201027,-1.0,0.0,-29.0
1776887902.5301027,3.0,0.0,-23.0
1776887902.5401027,4.0,3.0,-26.0
1776887902.5501027,1.0,4.0,-32.0
1776887902.5601027,2.0,4.0,-34.0
1776887902.5701027,0.0,4.0,-38.0
1776887902.5801027,-1.0,1.0,-32.0
1776887902.590103,0.0,1.0,-38.0
1776887902.600103,4.0,-1.0,-43.0
1776887902.610103,6.0,-2.0,-44.0
1776887902.6201026,5.0,-7.0,-34.0
1776887902.6301026,6.0,-9.0,-39.0
1776887902.6401026,4.0,-8.0,-42.0
1776887902.6501029,4.0,-8.0,-40.0
1776887902.6601028,5.0,-5.0,-48.0
1776887902.6701028,0.0,2.0,-45.0
1776887902.6801028,-1.0,4.0,-41.0
1776887902.6901028,0.0,4.0,-39.0
1776887902.7001028,-4.0,4.0,-45.0
1776887902.7101028,-4.0,3.0,-46.0
1776887902.7201028,-2.0,1.0,-48.0
1776887902.7301028,-2.0,1.0,-43.0
1776887902.7401028,-5.0,0.0,-41.0
1776887902.7501028,-2.0,-3.0,-41.0
1776887902.7601027,0.0,-6.0,-46.0
1776887902.7701027,0.0,-5.0,-48.0
1776887902.7801027,3.0,-1.0,-39.0
1776887902.7901027,3.0,-4.0,-27.0
1776887902.8001027,4.0,-5.0,-32.0
1776887902.8101027,5.0,-5.0,-36.0
1776887902.8201027,9.0,-7.0,-39.0
1776887902.8301027,11.0,-8.0,-38.0
1776887902.840103,7.0,-8.0,-35.0
1776887902.850103,5.0,-4.0,-37.0
1776887902.860103,4.0,-4.0,-35.0
1776887902.8701026,0.0,-2.0,-34.0
1776887902.8801026,1.0,0.0,-39.0
1776887902.8901026,1.0,-2.0,-38.0
1776887902.9001029,2.0,-6.0,-35.0
1776887902.9101028,5.0,-7.0,-31.0
1776887902.9201028,2.0,-7.0,-32.0
1776887902.9301028,0.0,-5.0,-38.0
1776887902.9401028,0.0,-3.0,-45.0
1776887902.9501028,-2.0,-4.0,-44.0
1776887902.9601028,0.0,-2.0,-42.0
1776887902.9701028,-4.0,-6.0,-41.0
1776887902.9801028,-3.0,-5.0,-43.0
1776887902.9901028,0.0,-3.0,-35.0
1776887903.0001028,0.0,-2.0,-38.0
1776887903.0101027,-2.0,-4.0,-39.0
1776887903.0201027,-3.0,-5.0,-44.0
1776887903.0301027,0.0,-5.0,-42.0
1776887903.0401027,1.0,-9.0,-38.0
1776887903.0501027,-1.0,-7.0,-45.0
1776887903.0601027,-5.0,-7.0,-47.0
1776887903.0701027,-1.0,-5.0,-47.0
1776887903.0801027,-1.0,-3.0,-44.0
1776887903.090103,0.0,-2.0,-44.0
1776887903.100103,-1.0,-3.0,-36.0
1776887903.110103,-1.0,-2.0,-31.0
1776887903.1201026,0.0,-1.0,-34.0
1776887903.1301026,-4.0,-3.0,-39.0
1776887903.1401026,-5.0,-2.0,-35.0
1776887903.1501029,-4.0,0.0,-35.0
1776887903.1601028,-2.0,-1.0,-38.0
1776887903.1701028,-3.0,0.0,-36.0
1776887903.1801028,-4.0,4.0,-45.0
1776887903.1901028,-6.0,4.0,-50.0
1776887903.2001028,-6.0,3.0,-53.0
1776887903.2101028,-5.0,-1.0,-50.0
1776887903.2201028,-1.0,2.0,-44.0
1776887903.2301028,0.0,2.0,-38.0
1776887903.2401028,-3.0,0.0,-35.0
1776887903.2501028,-4.0,0.0,-31.0
1776887903.2601027,-1.0,0.0,-40.0
1776887903.2701027,1.0,2.0,-42.0
1776887903.2801027,4.0,0.0,-44.0
1776887903.2901027,9.0,0.0,-42.0
1776887903.3001027,8.0,-1.0,-41.0
1776887903.3101027,7.0,-7.0,-36.0
1776887903.3201027,5.0,-5.0,-35.0
1776887903.3301027,4.0,0.0,-36.0
1776887903.340103,0.0,0.0,-36.0
1776887903.350103,1.0,-1.0,-41.0
1776887903.360103,2.0,0.0,-43.0
1776887903.3701026,2.0,0.0,-43.0
1776887903.3801026,3.0,1.0,-42.0
1776887903.3901026,4.0,1.0,-39.0
1776887903.4001029,-1.0,0.0,-37.0
1776887903.4101028,2.0,0.0,-30.0
1776887903.4201028,0.0,1.0,-40.0
1776887903.4301028,1.0,0.0,-34.0
1776887903.4401028,1.0,-2.0,-31.0
1776887903.4501028,0.0,-1.0,-28.0
1776887903.4601028,3.0,-2.0,-28.0
1776887903.4701028,2.0,0.0,-31.0
1776887903.4801028,2.0,0.0,-31.0
1776887903.4901028,2.0,-1.0,-33.0
1776887903.5001028,3.0,1.0,-39.0
1776887903.5101027,0.0,0.0,-36.0
1776887903.5201027,5.0,-1.0,-38.0
1776887903.5301027,3.0,-5.0,-35.0
1776887903.5401027,0.0,-2.0,-35.0
1776887903.5501027,-1.0,0.0,-36.0
1776887903.5601027,-1.0,0.0,-31.0
1776887903.5701027,1.0,0.0,-28.0
1776887903.5801027,4.0,-2.0,-26.0
1776887903.590103,5.0,2.0,-30.0
1776887903.600103,2.0,7.0,-32.0
1776887903.610103,3.0,6.0,-30.0
1776887903.6201026,0.0,7.0,-30.0
1776887903.6301026,-2.0,4.0,-32.0
1776887903.6401026,0.0,4.0,-34.0
1776887903.6501029,-2.0,4.0,-38.0
1776887903.6601028,-1.0,0.0,-44.0
1776887903.6701028,0.0,0.0,-36.0
1776887903.6801028,0.0,0.0,-38.0
1776887903.6901028,-1.0,0.0,-32.0
1776887903.7001028,-3.0,1.0,-33.0
1776887903.7101028,-4.0,3.0,-36.0
1776887903.7201028,-1.0,5.0,-38.0
1776887903.7301028,3.0,3.0,-34.0
1776887903.7401028,2.0,3.0,-36.0
1776887903.7501028,0.0,2.0,-31.0
1776887903.7601027,-1.0,2.0,-35.0
1776887903.7701027,0.0,2.0,-35.0
1776887903.7801027,-1.0,0.0,-33.0
1776887903.7901027,-3.0,-3.0,-38.0
1776887903.8001027,0.0,-6.0,-45.0
1776887903.8101027,1.0,-3.0,-44.0
1776887903.8201027,-1.0,-3.0,-48.0
1776887903.8301027,2.0,-5.0,-42.0
1776887903.840103,1.0,-10.0,-45.0
1776887903.850103,-1.0,-6.0,-43.0
1776887903.860103,0.0,-1.0,-39.0
1776887903.8701026,2.0,-1.0,-33.0
1776887903.8801026,0.0,1.0,-36.0
1776887903.8901026,-3.0,1.0,-45.0
1776887903.9001029,-6.0,-1.0,-50.0
1776887903.9101028,0.0,-2.0,-49.0
1776887903.9201028,-1.0,0.0,-48.0
1776887903.9301028,-1.0,-1.0,-45.0
1776887903.9401028,-4.0,-1.0,-42.0
1776887903.9501028,-3.0,-2.0,-38.0
1776887903.9601028,1.0,-5.0,-35.0
1776887903.9701028,2.0,-2.0,-40.0
1776887903.9801028,0.0,0.0,-43.0
1776887903.9901028,-2.0,2.0,-35.0
1776887904.0001028,-1.0,4.0,-29.0
1776887904.0101027,0.0,0.0,-27.0
1776887904.0201027,-1.0,0.0,-28.0
1776887904.0301027,1.0,1.0,-26.0
1776887904.0401027,0.0,-4.0,-27.0
1776887904.0501027,0.0,-8.0,-31.0
1776887904.0601027,-1.0,-8.0,-42.0
1776887904.0701027,-1.0,-3.0,-47.0
1776887904.0801027,-2.0,0.0,-51.0
1776887904.090103,4.0,3.0,-46.0
1776887904.100103,1.0,1.0,-41.0
1776887904.110103,4.0,2.0,-40.0
1776887904.1201026,4.0,2.0,-36.0
1776887904.1301026,3.0,0.0,-38.0
1776887904.1401026,4.0,-6.0,-37.0
1776887904.1501029,2.0,-8.0,-34.0
1776887904.1601028,6.0,-3.0,-38.0
1776887904.1701028,5.0,1.0,-40.0
1776887904.1801028,3.0,4.0,-34.0
1776887904.1901028,4.0,6.0,-28.0
1776887904.2001028,1.0,7.0,-33.0
1776887904.2101028,4.0,5.0,-41.0
1776887904.2201028,4.0,3.0,-33.0
1776887904.2301028,3.0,1.0,-31.0
1776887904.2401028,0.0,2.0,-34.0
1776887904.2501028,3.0,3.0,-38.0
1776887904.2601027,4.0,0.0,-37.0
1776887904.2701027,3.0,-1.0,-35.0
1776887904.2801027,3.0,1.0,-28.0
1776887904.2901027,7.0,0.0,-30.0
1776887904.3001027,6.0,-3.0,-35.0
1776887904.3101027,-1.0,-2.0,-37.0
1776887904.3201027,0.0,-1.0,-33.0
1776887904.3301027,-1.0,-4.0,-37.0
1776887904.340103,-4.0,-3.0,-43.0
1776887904.350103,-2.0,-5.0,-42.0
1776887904.360103,-1.0,0.0,-42.0
1776887904.3701026,-4.0,2.0,-41.0
1776887904.3801026,-8.0,1.0,-37.0
1776887904.3901026,-6.0,3.0,-35.0
1776887904.4001029,-2.0,1.0,-34.0
1776887904.4101028,-5.0,0.0,-45.0
1776887904.4211028,-6.0,-2.0,-47.0
1776887904.4301028,0.0,-3.0,-46.0
1776887904.4411027,4.0,0.0,-48.0
1776887904.4511027,4.0,0.0,-53.0
1776887904.4611027,1.0,0.0,-49.0
1776887904.4711027,1.0,2.0,-44.0
1776887904.4811027,0.0,4.0,-42.0
1776887904.4911027,0.0,2.0,-44.0
1776887904.5011027,-1.0,2.0,-40.0
1776887904.511103,0.0,0.0,-45.0
1776887904.521103,-3.0,4.0,-44.0
1776887904.531103,0.0,4.0,-36.0
1776887904.5411026,-3.0,0.0,-34.0
1776887904.5511026,-3.0,1.0,-39.0
1776887904.5611026,-1.0,3.0,-39.0
1776887904.5711029,3.0,0.0,-44.0
1776887904.5811028,10.0,0.0,-43.0
1776887904.5911028,9.0,0.0,-44.0
1776887904.6011028,6.0,2.0,-43.0
1776887904.6111028,4.0,3.0,-41.0
1776887904.6211028,3.0,-1.0,-37.0
1776887904.6311028,4.0,-3.0,-33.0
1776887904.6411028,3.0,-2.0,-36.0
1776887904.6511028,1.0,-2.0,-38.0
1776887904.6611028,4.0,-5.0,-36.0
1776887904.6711028,3.0,-5.0,-37.0
1776887904.6811028,0.0,-4.0,-34.0
1776887904.6911027,1.0,-5.0,-40.0
1776887904.7011027,5.0,-6.0,-45.0
1776887904.7111027,10.0,-6.0,-44.0
1776887904.7211027,5.0,-5.0,-40.0
1776887904.7311027,0.0,-2.0,-36.0
1776887904.7411027,1.0,-3.0,-36.0
1776887904.7511027,4.0,-2.0,-34.0
1776887904.761103,5.0,-1.0,-37.0
1776887904.771103,5.0,-2.0,-29.0
1776887904.781103,4.0,-3.0,-32.0
1776887904.7911026,5.0,-1.0,-36.0
1776887904.8011026,2.0,1.0,-38.0
1776887904.8111026,-1.0,0.0,-34.0
1776887904.8211029,-2.0,-3.0,-28.0
1776887904.8311028,-2.0,-7.0,-34.0
1776887904.8411028,1.0,-11.0,-35.0
1776887904.8511028,3.0,-8.0,-36.0
1776887904.8611028,4.0,-4.0,-32.0
1776887904.8711028,2.0,-4.0,-27.0
1776887904.8811028,0.0,-2.0,-26.0
1776887904.8911028,3.0,0.0,-33.0
1776887904.9011028,2.0,-3.0,-40.0
1776887904.9111028,1.0,-5.0,-39.0
1776887904.9211028,4.0,-1.0,-39.0
1776887904.9311028,5.0,-1.0,-38.0
1776887904.9411027,5.0,-4.0,-38.0
1776887904.9511027,4.0,-7.0,-43.0
1776887904.9611027,5.0,-4.0,-42.0
1776887904.9711027,4.0,-1.0,-39.0
1776887904.9811027,5.0,-1.0,-42.0
1776887904.9911027,0.0,0.0,-41.0
1776887905.0011027,0.0,-2.0,-37.0
1776887905.011103,0.0,0.0,-35.0
1776887905.021103,1.0,0.0,-32.0
1776887905.031103,4.0,-1.0,-32.0
1776887905.0411026,2.0,1.0,-30.0
1776887905.0511026,0.0,5.0,-30.0
1776887905.0611026,-3.0,1.0,-36.0
1776887905.0711029,-1.0,2.0,-32.0
1776887905.0811028,-3.0,4.0,-26.0
1776887905.0911028,0.0,0.0,-25.0
1776887905.1011028,1.0,-3.0,-25.0
1776887905.1111028,0.0,-5.0,-30.0
1776887905.1211028,2.0,-6.0,-37.0
1776887905.1311028,6.0,-1.0,-34.0
1776887905.1411028,6.0,-1.0,-33.0
1776887905.1511028,4.0,-5.0,-27.0
1776887905.1611028,3.0,-5.0,-33.0
1776887905.1711028,4.0,0.0,-36.0
1776887905.1811028,5.0,-1.0,-41.0
1776887905.1911027,2.0,0.0,-40.0
1776887905.2011027,1.0,-5.0,-43.0
1776887905.2111027,1.0,-4.0,-48.0
1776887905.2211027,2.0,-2.0,-38.0
1776887905.2311027,7.0,-3.0,-27.0
1776887905.2411027,9.0,-2.0,-30.0
1776887905.2511027,8.0,-2.0,-38.0
1776887905.261103,14.0,0.0,-47.0
1776887905.271103,11.0,-4.0,-40.0
1776887905.281103,8.0,-3.0,-36.0
1776887905.2911026,6.0,-1.0,-30.0
1776887905.3011026,4.0,-1.0,-32.0
1776887905.3111026,4.0,-1.0,-28.0
1776887905.3211029,5.0,1.0,-20.0
1776887905.3311028,4.0,0.0,-18.0
1776887905.3411028,5.0,-4.0,-23.0
1776887905.3511028,0.0,-3.0,-20.0
1776887905.3611028,2.0,-2.0,-26.0
1776887905.3711028,0.0,-1.0,-30.0
1776887905.3811028,-2.0,0.0,-30.0
1776887905.3911028,-5.0,-4.0,-29.0
1776887905.4011028,-5.0,0.0,-28.0
1776887905.4111028,-4.0,0.0,-29.0
1776887905.4211028,0.0,-3.0,-36.0
1776887905.4311028,-8.0,-1.0,-38.0
1776887905.4411027,-7.0,-1.0,-37.0
1776887905.4511027,-4.0,-1.0,-33.0
1776887905.4611027,-2.0,-3.0,-35.0
1776887905.4711027,0.0,0.0,-39.0
1776887905.4811027,-1.0,-1.0,-37.0
1776887905.4911027,-3.0,0.0,-37.0
1776887905.5011027,-2.0,0.0,-36.0
1776887905.511103,-4.0,-4.0,-42.0
1776887905.521103,-4.0,-4.0,-50.0
1776887905.531103,-4.0,-4.0,-47.0
1776887905.5411026,-4.0,-4.0,-41.0
1776887905.5511026,-2.0,-2.0,-36.0
1776887905.5611026,0.0,-2.0,-39.0
1776887905.5711029,5.0,0.0,-41.0
1776887905.5811028,9.0,-3.0,-40.0
1776887905.5911028,6.0,-2.0,-31.0
1776887905.6011028,6.0,-3.0,-36.0
1776887905.6111028,7.0,-1.0,-37.0
1776887905.6211028,5.0,5.0,-31.0
1776887905.6311028,0.0,0.0,-38.0
1776887905.6411028,-3.0,0.0,-40.0
1776887905.6511028,-2.0,-1.0,-40.0
1776887905.6611028,-3.0,-3.0,-39.0
1776887905.6711028,-1.0,-3.0,-37.0
1776887905.6811028,0.0,-1.0,-32.0
1776887905.6911027,0.0,0.0,-35.0
1776887905.7011027,3.0,0.0,-34.0
1776887905.7111027,3.0,1.0,-34.0
1776887905.7211027,0.0,2.0,-34.0
1776887905.7311027,-4.0,3.0,-30.0
1776887905.7411027,-5.0,2.0,-28.0
1776887905.7511027,-1.0,3.0,-31.0
1776887905.761103,-5.0,0.0,-33.0
1776887905.771103,-3.0,0.0,-38.0
1776887905.781103,-4.0,-5.0,-41.0
1776887905.7911026,-5.0,-6.0,-39.0
1776887905.8011026,-4.0,-7.0,-39.0
1776887905.8111026,2.0,-3.0,-40.0
1776887905.8211029,5.0,-1.0,-40.0
1776887905.8311028,4.0,-3.0,-43.0
1776887905.8411028,2.0,-1.0,-43.0
1776887905.8511028,4.0,-1.0,-38.0
1776887905.8611028,5.0,-7.0,-38.0
1776887905.8711028,1.0,-8.0,-42.0
1776887905.8811028,2.0,-6.0,-42.0
1776887905.8911028,3.0,-2.0,-43.0
1776887905.9011028,2.0,-3.0,-39.0
1776887905.9111028,2.0,-3.0,-37.0
1776887905.9211028,4.0,-4.0,-33.0
1776887905.9311028,6.0,-5.0,-27.0
1776887905.9411027,3.0,-5.0,-28.0
1776887905.9511027,5.0,-5.0,-28.0
1776887905.9611027,3.0,-7.0,-25.0
1776887905.9711027,4.0,-6.0,-20.0
1776887905.9811027,0.0,-5.0,-20.0
1776887905.9911027,-2.0,-7.0,-24.0
1776887906.0011027,-1.0,-9.0,-30.0
1776887906.011103,-1.0,-6.0,-22.0
1776887906.021103,-4.0,-2.0,-23.0
1776887906.031103,-7.0,-1.0,-23.0
1776887906.0411026,-8.0,0.0,-33.0
1776887906.0511026,-10.0,-3.0,-28.0
1776887906.0611026,-12.0,-4.0,-33.0
1776887906.0711029,-14.0,-4.0,-34.0
1776887906.0811028,-7.0,-1.0,-38.0
1776887906.0911028,-3.0,1.0,-33.0
1776887906.1011028,-4.0,5.0,-37.0
1776887906.1111028,-4.0,2.0,-42.0
1776887906.1211028,-3.0,3.0,-39.0
1776887906.1311028,-2.0,4.0,-35.0
1776887906.1411028,-5.0,2.0,-33.0
1776887906.1511028,-3.0,3.0,-37.0
1776887906.1611028,0.0,2.0,-41.0
1776887906.1711028,-3.0,2.0,-33.0
1776887906.1811028,-5.0,6.0,-31.0
1776887906.1911027,0.0,7.0,-35.0
1776887906.2011027,-6.0,8.0,-37.0
1776887906.2111027,-5.0,4.0,-41.0
1776887906.2211027,-6.0,2.0,-49.0
1776887906.2311027,-8.0,0.0,-49.0
1776887906.2411027,-7.0,4.0,-42.0
1776887906.2511027,-6.0,2.0,-43.0
1776887906.261103,-8.0,0.0,-50.0
1776887906.271103,-7.0,-1.0,-42.0
1776887906.281103,-7.0,1.0,-35.0
1776887906.2911026,-2.0,2.0,-32.0
1776887906.3011026,1.0,-1.0,-31.0
1776887906.3111026,7.0,-5.0,-39.0
1776887906.3211029,8.0,-4.0,-40.0
1776887906.3311028,7.0,-2.0,-41.0
1776887906.3411028,5.0,-2.0,-40.0
1776887906.3511028,4.0,-1.0,-34.0
1776887906.3611028,2.0,-6.0,-34.0
1776887906.3711028,7.0,-7.0,-34.0
1776887906.3811028,7.0,-6.0,-37.0
1776887906.3911028,8.0,0.0,-46.0
1776887906.4011028,3.0,0.0,-46.0
1776887906.4111028,-1.0,2.0,-47.0
1776887906.4211028,-2.0,2.0,-43.0
1776887906.4311028,0.0,4.0,-41.0
1776887906.4411027,2.0,0.0,-40.0
1776887906.452103,7.0,-3.0,-41.0
1776887906.462103,1.0,-4.0,-40.0
1776887906.4721026,4.0,-3.0,-34.0
1776887906.4821026,7.0,-3.0,-35.0
1776887906.4921026,6.0,-5.0,-37.0
1776887906.5021029,8.0,-6.0,-38.0
1776887906.5121028,4.0,-4.0,-32.0
1776887906.5221028,6.0,-3.0,-32.0
1776887906.5321028,4.0,-1.0,-34.0
1776887906.5421028,5.0,0.0,-34.0
1776887906.5521028,3.0,4.0,-36.0
1776887906.5621028,4.0,7.0,-27.0
1776887906.5721028,2.0,3.0,-35.0
1776887906.5821028,0.0,2.0,-32.0
1776887906.5921028,5.0,2.0,-29.0
1776887906.6021028,5.0,0.0,-30.0
1776887906.6121027,-2.0,-1.0,-37.0
1776887906.6221027,-1.0,-1.0,-46.0
1776887906.6321027,-3.0,0.0,-54.0
1776887906.6421027,0.0,0.0,-54.0
1776887906.6521027,-1.0,0.0,-51.0
1776887906.6621027,-1.0,-2.0,-46.0
1776887906.6721027,0.0,-4.0,-48.0
1776887906.682103,-2.0,-2.0,-48.0
1776887906.692103,-1.0,0.0,-51.0
1776887906.702103,-1.0,0.0,-49.0
1776887906.712103,-5.0,1.0,-45.0
1776887906.7221026,-4.0,-2.0,-44.0
1776887906.7321026,-3.0,-6.0,-48.0
1776887906.7421026,-2.0,-8.0,-42.0
1776887906.7521029,0.0,-6.0,-43.0
1776887906.7621028,-1.0,0.0,-34.0
1776887906.7721028,2.0,1.0,-35.0
1776887906.7821028,1.0,2.0,-38.0
1776887906.7921028,4.0,3.0,-42.0
1776887906.8021028,1.0,-1.0,-41.0
1776887906.8121028,2.0,0.0,-34.0
1776887906.8221028,1.0,1.0,-31.0
1776887906.8321028,4.0,1.0,-32.0
1776887906.8421028,2.0,2.0,-33.0
1776887906.8521028,5.0,3.0,-34.0
1776887906.8621027,2.0,2.0,-39.0
1776887906.8721027,4.0,0.0,-35.0
1776887906.8821027,3.0,2.0,-32.0
1776887906.8921027,5.0,-1.0,-35.0
1776887906.9021027,2.0,-1.0,-42.0
1776887906.9121027,6.0,-3.0,-41.0
1776887906.9221027,6.0,-4.0,-34.0
1776887906.932103,5.0,-7.0,-35.0
1776887906.942103,4.0,-5.0,-33.0
1776887906.952103,6.0,-2.0,-34.0
1776887906.962103,6.0,0.0,-38.0
1776887906.9721026,5.0,-3.0,-42.0
1776887906.9821026,5.0,-3.0,-41.0
1776887906.9921026,4.0,-1.0,-47.0
1776887907.0021029,5.0,-4.0,-42.0
1776887907.0121028,5.0,-5.0,-39.0
1776887907.0221028,9.0,-5.0,-38.0
1776887907.0321028,9.0,-2.0,-41.0
1776887907.0421028,12.0,-4.0,-42.0
1776887907.0521028,11.0,-7.0,-39.0
1776887907.0621028,7.0,-6.0,-47.0
1776887907.0721028,3.0,0.0,-40.0
1776887907.0821028,0.0,0.0,-38.0
1776887907.0921028,3.0,5.0,-41.0
1776887907.1021028,1.0,3.0,-32.0
1776887907.1121027,1.0,1.0,-28.0
1776887907.1221027,3.0,1.0,-33.0
1776887907.1321027,2.0,0.0,-30.0
1776887907.1421027,4.0,-2.0,-34.0
1776887907.1521027,0.0,-5.0,-40.0
1776887907.1621027,0.0,-4.0,-38.0
1776887907.1721027,1.0,-5.0,-36.0
1776887907.182103,4.0,-2.0,-39.0
1776887907.192103,11.0,-2.0,-50.0
1776887907.202103,10.0,1.0,-41.0
1776887907.212103,4.0,-1.0,-46.0
1776887907.2221026,5.0,-4.0,-50.0
1776887907.2321026,5.0,1.0,-47.0
1776887907.2421026,0.0,4.0,-43.0
1776887907.2521029,-2.0,4.0,-38.0
1776887907.2621028,-3.0,5.0,-38.0
1776887907.2721028,-2.0,2.0,-41.0
1776887907.2821028,-4.0,1.0,-37.0
1776887907.2921028,-5.0,2.0,-38.0
1776887907.3021028,-6.0,2.0,-38.0
1776887907.3121028,-6.0,1.0,-32.0
1776887907.3221028,-8.0,0.0,-29.0
1776887907.3321028,1.0,3.0,-24.0
1776887907.3421028,2.0,2.0,-18.0
1776887907.3521028,0.0,0.0,-25.0
1776887907.3621027,-1.0,2.0,-28.0
1776887907.3721027,-2.0,3.0,-30.0
1776887907.3821027,0.0,3.0,-34.0
1776887907.3921027,-5.0,1.0,-35.0
1776887907.4021027,-4.0,0.0,-31.0
1776887907.4121027,0.0,1.0,-37.0
1776887907.4221027,3.0,4.0,-40.0
1776887907.432103,4.0,6.0,-37.0
1776887907.442103,2.0,3.0,-26.0
1776887907.452103,0.0,3.0,-28.0
1776887907.462103,-3.0,0.0,-28.0
1776887907.4721026,-3.0,-4.0,-31.0
1776887907.4821026,-7.0,-3.0,-28.0
1776887907.4921026,-10.0,-5.0,-28.0
1776887907.5021029,-5.0,-6.0,-33.0
1776887907.5121028,-1.0,-4.0,-37.0
1776887907.5221028,0.0,-3.0,-38.0
1776887907.5321028,1.0,0.0,-35.0
1776887907.5421028,5.0,0.0,-36.0
1776887907.5521028,0.0,-3.0,-39.0
1776887907.5621028,0.0,-1.0,-37.0
1776887907.5721028,0.0,2.0,-36.0
1776887907.5821028,-5.0,3.0,-44.0
1776887907.5921028,0.0,0.0,-37.0
1776887907.6021028,1.0,0.0,-38.0
1776887907.6121027,6.0,3.0,-44.0
1776887907.6221027,4.0,4.0,-42.0
1776887907.6321027,2.0,4.0,-43.0
1776887907.6421027,6.0,3.0,-42.0
1776887907.6521027,7.0,3.0,-41.0
1776887907.6621027,9.0,-2.0,-35.0
1776887907.6721027,11.0,-1.0,-41.0
1776887907.682103,8.0,-2.0,-45.0
1776887907.692103,5.0,-4.0,-46.0
1776887907.702103,2.0,-2.0,-45.0
1776887907.712103,4.0,1.0,-43.0
1776887907.7221026,2.0,-2.0,-42.0
1776887907.7321026,0.0,-1.0,-40.0
1776887907.7421026,1.0,-3.0,-43.0
1776887907.7521029,0.0,-1.0,-37.0
1776887907.7621028,-3.0,6.0,-38.0
1776887907.7721028,-2.0,6.0,-38.0
1776887907.7821028,-2.0,0.0,-39.0
1776887907.7921028,0.0,0.0,-38.0
1776887907.8021028,3.0,-2.0,-45.0
1776887907.8121028,5.0,-4.0,-44.0
1776887907.8221028,2.0,-6.0,-42.0
1776887907.8321028,2.0,-5.0,-43.0
1776887907.8421028,1.0,-2.0,-43.0
1776887907.8521028,5.0,-2.0,-50.0
1776887907.8621027,4.0,-6.0,-52.0
1776887907.8721027,4.0,-5.0,-49.0
1776887907.8821027,6.0,-1.0,-45.0
1776887907.8921027,6.0,0.0,-40.0
1776887907.9021027,8.0,0.0,-33.0
1776887907.9121027,4.0,0.0,-34.0
1776887907.9221027,3.0,2.0,-29.0
1776887907.932103,2.0,2.0,-33.0
1776887907.942103,0.0,-4.0,-37.0
1776887907.952103,0.0,-5.0,-40.0
1776887907.962103,1.0,-7.0,-36.0
1776887907.9721026,0.0,-14.0,-33.0
1776887907.9821026,-2.0,-13.0,-37.0
1776887907.9921026,0.0,-10.0,-36.0
1776887908.0021029,1.0,-8.0,-43.0
1776887908.0121028,-1.0,-7.0,-42.0
1776887908.0221028,-4.0,-3.0,-36.0
1776887908.0321028,-4.0,-3.0,-40.0
1776887908.0421028,-3.0,0.0,-37.0
1776887908.0521028,-4.0,-1.0,-35.0
1776887908.0621028,-7.0,-2.0,-37.0
1776887908.0721028,-3.0,-6.0,-30.0
1776887908.0821028,-3.0,-2.0,-38.0
1776887908.0921028,-2.0,-1.0,-44.0
1776887908.1021028,0.0,0.0,-39.0
1776887908.1121027,0.0,2.0,-38.0
1776887908.1221027,2.0,3.0,-39.0
1776887908.1321027,4.0,0.0,-39.0
1776887908.1421027,7.0,0.0,-42.0
1776887908.1521027,8.0,0.0,-44.0
1776887908.1621027,8.0,-2.0,-37.0
1776887908.1721027,3.0,-5.0,-30.0
1776887908.182103,2.0,-5.0,-34.0
1776887908.192103,0.0,-7.0,-36.0
1776887908.202103,4.0,-8.0,-37.0
1776887908.212103,3.0,-3.0,-39.0
1776887908.2221026,3.0,-3.0,-34.0
1776887908.2321026,4.0,-3.0,-32.0
1776887908.2421026,4.0,0.0,-30.0
1776887908.2521029,3.0,-3.0,-29.0
1776887908.2621028,1.0,0.0,-33.0
1776887908.2721028,5.0,-3.0,-30.0
1776887908.2821028,7.0,-3.0,-29.0
1776887908.2921028,11.0,0.0,-27.0
1776887908.3021028,13.0,3.0,-22.0
1776887908.3121028,11.0,1.0,-24.0
1776887908.3221028,10.0,3.0,-23.0
1776887908.3321028,10.0,0.0,-21.0
1776887908.3421028,5.0,0.0,-22.0
1776887908.3521028,3.0,2.0,-28.0
1776887908.3621027,2.0,2.0,-28.0
1776887908.3721027,2.0,4.0,-31.0
1776887908.3821027,2.0,1.0,-30.0
1776887908.3921027,2.0,0.0,-32.0
1776887908.4021027,3.0,-3.0,-37.0
1776887908.4121027,3.0,-2.0,-41.0
1776887908.4231029,5.0,1.0,-50.0
1776887908.432103,6.0,0.0,-51.0
1776887908.442103,4.0,0.0,-44.0
1776887908.4531028,2.0,0.0,-44.0
1776887908.4631028,4.0,4.0,-43.0
1776887908.4731028,3.0,2.0,-39.0
1776887908.4831028,1.0,-1.0,-38.0
1776887908.4931028,1.0,-4.0,-36.0
1776887908.5031028,0.0,-4.0,-32.0
1776887908.5131028,-5.0,-1.0,-29.0
1776887908.5231028,-6.0,-4.0,-28.0
1776887908.5331028,-3.0,-6.0,-30.0
1776887908.5431027,0.0,-7.0,-38.0
1776887908.5531027,0.0,-8.0,-42.0
1776887908.5631027,0.0,-8.0,-43.0
1776887908.5731027,0.0,-2.0,-45.0
1776887908.5831027,0.0,0.0,-36.0
1776887908.5931027,3.0,3.0,-35.0
1776887908.6031027,1.0,0.0,-35.0
1776887908.613103,4.0,1.0,-34.0
1776887908.623103,4.0,0.0,-36.0
1776887908.633103,6.0,0.0,-33.0
1776887908.6431026,5.0,-1.0,-38.0
1776887908.6531026,9.0,0.0,-43.0
1776887908.6631026,4.0,0.0,-42.0
1776887908.6731029,5.0,-3.0,-36.0
1776887908.6831028,2.0,0.0,-34.0
1776887908.6931028,1.0,4.0,-40.0
1776887908.7031028,1.0,0.0,-40.0
1776887908.7131028,1.0,-3.0,-43.0
1776887908.7231028,3.0,-1.0,-44.0
1776887908.7331028,1.0,-1.0,-40.0
1776887908.7431028,6.0,-5.0,-41.0
1776887908.7531028,7.0,-7.0,-38.0
1776887908.7631028,6.0,-5.0,-35.0
1776887908.7731028,11.0,-3.0,-32.0
1776887908.7831028,10.0,0.0,-33.0
1776887908.7931027,7.0,1.0,-39.0
1776887908.8031027,8.0,1.0,-37.0
1776887908.8131027,7.0,1.0,-35.0
1776887908.8231027,2.0,0.0,-34.0
1776887908.8331027,5.0,-1.0,-33.0
1776887908.8431027,4.0,0.0,-44.0
1776887908.8531027,8.0,4.0,-42.0
1776887908.863103,7.0,2.0,-36.0
1776887908.873103,1.0,0.0,-26.0
1776887908.883103,2.0,-1.0,-27.0
1776887908.8931026,1.0,0.0,-29.0
1776887908.9031026,2.0,0.0,-30.0
1776887908.9131026,-2.0,0.0,-36.0
1776887908.9231029,0.0,0.0,-31.0
1776887908.9331028,0.0,0.0,-28.0
1776887908.9431028,5.0,0.0,-29.0
1776887908.9531028,10.0,-2.0,-25.0
1776887908.9631028,5.0,-4.0,-26.0
1776887908.9731028,6.0,-3.0,-32.0
1776887908.9831028,3.0,-3.0,-35.0
1776887908.9931028,-1.0,-3.0,-28.0
1776887909.0031028,-2.0,-4.0,-27.0
1776887909.0131028,0.0,-6.0,-28.0
1776887909.0231028,1.0,-6.0,-38.0
1776887909.0331028,1.0,-3.0,-36.0
1776887909.0431027,4.0,-6.0,-37.0
1776887909.0531027,-2.0,-8.0,-26.0
1776887909.0631027,-2.0,-4.0,-26.0
1776887909.0731027,-2.0,-7.0,-24.0
1776887909.0831027,0.0,-10.0,-29.0
1776887909.0931027,5.0,-8.0,-37.0
1776887909.1031027,7.0,-8.0,-30.0
1776887909.113103,6.0,-4.0,-36.0
1776887909.123103,7.0,-2.0,-34.0
1776887909.133103,5.0,-2.0,-32.0
1776887909.1431026,0.0,0.0,-28.0
1776887909.1531026,0.0,2.0,-26.0
1776887909.1631026,2.0,0.0,-31.0
1776887909.1731029,2.0,3.0,-38.0
1776887909.1831028,2.0,1.0,-38.0
1776887909.1931028,0.0,0.0,-38.0
1776887909.2031028,2.0,2.0,-41.0
1776887909.2131028,2.0,1.0,-44.0
1776887909.2231028,0.0,0.0,-44.0
1776887909.2331028,-4.0,0.0,-44.0
1776887909.2431028,2.0,3.0,-40.0
1776887909.2531028,4.0,0.0,-34.0
1776887909.2631028,3.0,-4.0,-30.0
1776887909.2731028,4.0,-3.0,-29.0
1776887909.2831028,1.0,-7.0,-30.0
1776887909.2931027,0.0,-8.0,-38.0
1776887909.3031027,2.0,-9.0,-35.0
1776887909.3131027,7.0,-7.0,-30.0
1776887909.3231027,0.0,-3.0,-31.0
1776887909.3331027,-4.0,-1.0,-35.0
1776887909.3431027,-7.0,-1.0,-40.0
1776887909.3531027,-9.0,-2.0,-34.0
1776887909.363103,-12.0,-4.0,-27.0
1776887909.373103,-10.0,-7.0,-27.0
1776887909.383103,-3.0,-6.0,-26.0
1776887909.3931026,-2.0,-8.0,-32.0
1776887909.4031026,-3.0,-6.0,-30.0
1776887909.4131026,0.0,-5.0,-29.0
1776887909.4231029,-1.0,-5.0,-35.0
1776887909.4331028,-6.0,-5.0,-34.0
1776887909.4431028,-5.0,-1.0,-30.0
1776887909.4531028,-2.0,-4.0,-29.0
1776887909.4631028,-1.0,-5.0,-25.0
1776887909.4731028,1.0,-7.0,-21.0
1776887909.4831028,4.0,-5.0,-28.0
1776887909.4931028,5.0,-2.0,-31.0
1776887909.5031028,3.0,1.0,-37.0
1776887909.5131028,1.0,6.0,-38.0
1776887909.5231028,-1.0,4.0,-45.0
1776887909.5331028,-4.0,5.0,-44.0
1776887909.5431027,-1.0,4.0,-39.0
1776887909.5531027,0.0,3.0,-42.0
1776887909.5631027,1.0,2.0,-43.0
1776887909.5731027,1.0,2.0,-36.0
1776887909.5831027,-4.0,4.0,-34.0
1776887909.5931027,-3.0,4.0,-33.0
1776887909.6031027,-1.0,5.0,-38.0
1776887909.613103,0.0,4.0,-39.0
1776887909.623103,0.0,8.0,-41.0
1776887909.633103,1.0,4.0,-35.0
1776887909.6431026,5.0,4.0,-39.0
1776887909.6531026,4.0,2.0,-38.0
1776887909.6631026,0.0,1.0,-31.0
1776887909.6731029,-1.0,1.0,-22.0
1776887909.6831028,0.0,3.0,-24.0
1776887909.6931028,-3.0,-1.0,-24.0
1776887909.7031028,-5.0,-2.0,-26.0
1776887909.7131028,-7.0,-4.0,-29.0
1776887909.7231028,-6.0,-2.0,-35.0
1776887909.7331028,-2.0,2.0,-38.0
1776887909.7431028,-4.0,0.0,-43.0
1776887909.7531028,-1.0,3.0,-49.0
1776887909.7631028,-3.0,2.0,-53.0
1776887909.7731028,-2.0,0.0,-51.0
1776887909.7831028,0.0,1.0,-51.0
1776887909.7931027,0.0,0.0,-44.0
1776887909.8031027,-1.0,0.0,-42.0
1776887909.8131027,1.0,1.0,-46.0
1776887909.8231027,5.0,-1.0,-48.0
1776887909.8331027,8.0,0.0,-52.0
1776887909.8431027,7.0,1.0,-46.0
1776887909.8531027,7.0,-2.0,-49.0
1776887909.863103,9.0,-4.0,-44.0
1776887909.873103,0.0,-1.0,-40.0
1776887909.883103,-2.0,0.0,-41.0
1776887909.8931026,-3.0,0.0,-35.0
1776887909.9031026,-3.0,0.0,-41.0
1776887909.9131026,1.0,0.0,-34.0
1776887909.9231029,-1.0,-5.0,-33.0
1776887909.9331028,-5.0,1.0,-33.0
1776887909.9431028,-6.0,5.0,-37.0
1776887909.9531028,0.0,3.0,-37.0
1776887909.9631028,5.0,0.0,-38.0
1776887909.9731028,6.0,0.0,-30.0
1776887909.9831028,4.0,1.0,-21.0
1776887909.9931028,5.0,2.0,-19.0
1776887910.0031028,3.0,4.0,-22.0
1776887910.0131028,0.0,2.0,-24.0
1776887910.0231028,1.0,0.0,-25.0
1776887910.0331028,2.0,5.0,-19.0
1776887910.0431027,3.0,3.0,-21.0
1776887910.0531027,4.0,-1.0,-22.0
1776887910.0631027,2.0,-2.0,-25.0
1776887910.0731027,4.0,-1.0,-24.0
1776887910.0831027,3.0,-1.0,-27.0
1776887910.0931027,4.0,-5.0,-31.0
1776887910.1031027,5.0,-7.0,-30.0
1776887910.113103,4.0,-5.0,-32.0
1776887910.123103,3.0,-8.0,-37.0
1776887910.133103,2.0,-10.0,-35.0
1776887910.1431026,2.0,-11.0,-33.0
1776887910.1531026,-2.0,-9.0,-35.0
1776887910.1631026,-3.0,-6.0,-35.0
1776887910.1731029,-3.0,-6.0,-29.0
1776887910.1831028,0.0,-3.0,-22.0
1776887910.1931028,0.0,-4.0,-17.0
1776887910.2031028,0.0,-1.0,-19.0
1776887910.2131028,1.0,-1.0,-25.0
1776887910.2231028,1.0,-4.0,-24.0
1776887910.2331028,5.0,-1.0,-31.0
1776887910.2431028,5.0,0.0,-30.0
1776887910.2531028,0.0,1.0,-32.0
1776887910.2631028,0.0,0.0,-31.0
1776887910.2731028,-4.0,-5.0,-31.0
1776887910.2831028,-2.0,-8.0,-39.0
1776887910.2931027,1.0,-7.0,-35.0
1776887910.3031027,5.0,-9.0,-43.0
1776887910.3131027,1.0,-8.0,-40.0
1776887910.3231027,3.0,-1.0,-40.0
1776887910.3331027,1.0,2.0,-31.0
1776887910.3431027,1.0,1.0,-33.0
1776887910.3531027,0.0,1.0,-39.0
1776887910.363103,0.0,-1.0,-38.0
1776887910.373103,3.0,-2.0,-41.0
1776887910.383103,6.0,3.0,-44.0
1776887910.3931026,1.0,2.0,-43.0
1776887910.4031026,0.0,-7.0,-38.0
1776887910.4131026,0.0,-6.0,-37.0
1776887910.4231029,-3.0,-6.0,-38.0
1776887910.4331028,-2.0,-4.0,-40.0
1776887910.4431028,-3.0,-6.0,-39.0
1776887910.4531028,-2.0,-4.0,-36.0
1776887910.4641027,1.0,-1.0,-39.0
1776887910.4741027,0.0,0.0,-37.0
1776887910.4841027,-1.0,2.0,-42.0
1776887910.4941027,-5.0,1.0,-38.0
1776887910.5041027,-4.0,0.0,-35.0
1776887910.5141027,-5.0,-2.0,-32.0
1776887910.5241027,-5.0,-2.0,-29.0
1776887910.534103,-1.0,-1.0,-31.0
1776887910.544103,-2.0,0.0,-28.0
1776887910.554103,2.0,0.0,-39.0
1776887910.5641026,-1.0,-3.0,-44.0
1776887910.5741026,0.0,-1.0,-40.0
1776887910.5841026,1.0,-3.0,-36.0
1776887910.5941026,3.0,-6.0,-35.0
1776887910.6041028,4.0,-5.0,-34.0
1776887910.6141028,1.0,0.0,-35.0
1776887910.6241028,-1.0,-2.0,-37.0
1776887910.6341028,1.0,-3.0,-37.0
1776887910.6441028,-1.0,-4.0,-38.0
1776887910.6541028,-2.0,-6.0,-34.0
1776887910.6641028,-2.0,-2.0,-27.0
1776887910.6741028,-1.0,0.0,-30.0
1776887910.6841028,1.0,-5.0,-26.0
1776887910.6941028,1.0,-4.0,-25.0
1776887910.7041028,1.0,-1.0,-29.0
1776887910.7141027,4.0,2.0,-33.0
1776887910.7241027,-1.0,0.0,-34.0
1776887910.7341027,-6.0,-1.0,-34.0
1776887910.7441027,-4.0,-1.0,-35.0
1776887910.7541027,-7.0,0.0,-36.0
1776887910.7641027,-8.0,-3.0,-34.0
1776887910.7741027,-5.0,-3.0,-38.0
1776887910.784103,-2.0,-3.0,-32.0
1776887910.794103,-1.0,-4.0,-37.0
1776887910.804103,-1.0,-6.0,-34.0
1776887910.8141026,0.0,-5.0,-42.0
1776887910.8241026,-2.0,-4.0,-38.0
1776887910.8331027,0.0,-7.0,-38.0
1776887910.8441026,-1.0,-5.0,-40.0
1776887910.8541028,-2.0,-3.0,-41.0
1776887910.8641028,-3.0,-3.0,-45.0
1776887910.8741028,-6.0,-5.0,-42.0
1776887910.8841028,-3.0,-8.0,-43.0
1776887910.8941028,-4.0,-3.0,-44.0
1776887910.9041028,-3.0,-6.0,-45.0
1776887910.9141028,3.0,-8.0,-44.0
1776887910.9241028,5.0,-5.0,-36.0
1776887910.9341028,5.0,-7.0,-35.0
1776887910.9441028,5.0,-6.0,-34.0
1776887910.9541028,10.0,-2.0,-34.0
1776887910.9641027,15.0,1.0,-41.0
1776887910.9741027,11.0,1.0,-38.0
1776887910.9841027,9.0,0.0,-34.0
1776887910.9941027,3.0,-1.0,-38.0
1776887911.0041027,1.0,-1.0,-41.0
1776887911.0141027,3.0,-2.0,-43.0
1776887911.0241027,2.0,0.0,-45.0
1776887911.034103,4.0,0.0,-45.0
1776887911.044103,4.0,0.0,-44.0
1776887911.054103,6.0,2.0,-41.0
1776887911.0641026,8.0,1.0,-39.0
1776887911.0741026,2.0,2.0,-41.0
1776887911.0841026,2.0,3.0,-39.0
1776887911.0941026,6.0,1.0,-42.0
1776887911.1041028,4.0,2.0,-47.0
1776887911.1141028,0.0,0.0,-43.0
1776887911.1241028,0.0,1.0,-40.0
1776887911.1341028,-2.0,-3.0,-36.0
1776887911.1441028,-2.0,-5.0,-38.0
1776887911.1541028,-4.0,-2.0,-40.0
1776887911.1641028,-4.0,0.0,-31.0
1776887911.1741028,-4.0,2.0,-24.0
1776887911.1841028,-7.0,3.0,-23.0
1776887911.1941028,-3.0,2.0,-24.0
1776887911.2041028,-2.0,4.0,-25.0
1776887911.2141027,-1.0,6.0,-22.0
1776887911.2241027,-6.0,2.0,-18.0
1776887911.2341027,-2.0,1.0,-22.0
1776887911.2441027,2.0,0.0,-28.0
1776887911.2541027,4.0,-4.0,-37.0
1776887911.2641027,2.0,-6.0,-38.0
1776887911.2741027,3.0,-2.0,-33.0
1776887911.284103,1.0,-2.0,-34.0
1776887911.294103,0.0,0.0,-29.0
1776887911.304103,-3.0,1.0,-30.0
1776887911.3141026,-1.0,4.0,-38.0
1776887911.3241026,2.0,1.0,-41.0
1776887911.3341026,5.0,-1.0,-35.0
1776887911.3441026,4.0,-3.0,-38.0
1776887911.3541028,8.0,0.0,-42.0
1776887911.3641028,4.0,0.0,-47.0
1776887911.3741028,-1.0,-6.0,-51.0
1776887911.3841028,-5.0,-1.0,-46.0
1776887911.3941028,-1.0,-1.0,-41.0
1776887911.4041028,3.0,-1.0,-43.0
1776887911.4141028,5.0,1.0,-45.0
1776887911.4241028,1.0,2.0,-39.0
1776887911.4341028,2.0,2.0,-45.0
1776887911.4441028,2.0,0.0,-38.0
1776887911.4541028,1.0,1.0,-42.0
1776887911.4641027,0.0,-4.0,-39.0
1776887911.4741027,0.0,-4.0,-43.0
1776887911.4841027,2.0,0.0,-39.0
1776887911.4941027,1.0,-2.0,-32.0
1776887911.5041027,2.0,-9.0,-23.0
1776887911.5141027,2.0,-9.0,-20.0
1776887911.5241027,5.0,-6.0,-25.0
1776887911.534103,0.0,-6.0,-29.0
1776887911.544103,-1.0,-9.0,-34.0
1776887911.554103,-1.0,-10.0,-37.0
1776887911.5641026,0.0,-10.0,-39.0
1776887911.5741026,5.0,-14.0,-40.0
1776887911.5841026,5.0,-12.0,-44.0
1776887911.5941026,5.0,-5.0,-37.0
1776887911.6041028,3.0,-3.0,-39.0
1776887911.6141028,2.0,-4.0,-33.0
1776887911.6241028,1.0,-3.0,-30.0
1776887911.6341028,4.0,-4.0,-22.0
1776887911.6441028,5.0,-2.0,-24.0
1776887911.6541028,0.0,-3.0,-21.0
1776887911.6641028,0.0,-4.0,-18.0
1776887911.6741028,3.0,-1.0,-18.0
1776887911.6841028,0.0,-2.0,-25.0
1776887911.6941028,-2.0,-3.0,-28.0
1776887911.7041028,0.0,-3.0,-34.0
1776887911.7141027,-1.0,-2.0,-36.0
1776887911.7241027,0.0,-3.0,-35.0
1776887911.7341027,0.0,-1.0,-40.0
1776887911.7441027,3.0,3.0,-40.0
1776887911.7541027,3.0,3.0,-41.0
1776887911.7641027,4.0,1.0,-45.0
1776887911.7741027,0.0,2.0,-47.0
1776887911.784103,1.0,0.0,-48.0
1776887911.794103,0.0,0.0,-47.0
1776887911.804103,-2.0,-3.0,-52.0
1776887911.8141026,-3.0,1.0,-49.0
1776887911.8241026,-5.0,0.0,-41.0
1776887911.8341026,-5.0,-1.0,-43.0
1776887911.8441026,-4.0,-2.0,-39.0
1776887911.8541028,-1.0,-5.0,-43.0
1776887911.8641028,-1.0,-5.0,-37.0
1776887911.8741028,-4.0,-3.0,-30.0
1776887911.8841028,-7.0,-2.0,-31.0
1776887911.8941028,-7.0,-1.0,-25.0
1776887911.9041028,-4.0,1.0,-30.0
1776887911.9141028,-2.0,0.0,-33.0
1776887911.9241028,0.0,0.0,-36.0
1776887911.9341028,0.0,-2.0,-40.0
1776887911.9441028,1.0,-1.0,-44.0
1776887911.9541028,3.0,-3.0,-46.0
1776887911.9641027,3.0,-5.0,-44.0
1776887911.9741027,6.0,-7.0,-40.0
1776887911.9841027,7.0,-7.0,-39.0
1776887911.9941027,9.0,-7.0,-38.0
1776887912.0041027,10.0,-6.0,-37.0
1776887912.0141027,13.0,-5.0,-43.0
1776887912.0241027,8.0,-4.0,-48.0
1776887912.034103,7.0,-5.0,-46.0
1776887912.044103,3.0,-5.0,-42.0
1776887912.054103,1.0,-6.0,-43.0
1776887912.0641026,0.0,-8.0,-42.0
1776887912.0741026,-1.0,-7.0,-45.0
1776887912.0841026,-6.0,-2.0,-45.0
1776887912.0941026,-6.0,-3.0,-45.0
1776887912.1041028,3.0,-3.0,-41.0
1776887912.1141028,2.0,-3.0,-39.0
1776887912.1241028,2.0,-5.0,-40.0
1776887912.1341028,2.0,-3.0,-38.0
1776887912.1441028,0.0,-2.0,-38.0
1776887912.1541028,-1.0,-1.0,-40.0
1776887912.1641028,3.0,1.0,-41.0
1776887912.1741028,-5.0,-1.0,-38.0
1776887912.1841028,-3.0,2.0,-36.0
1776887912.1941028,1.0,4.0,-42.0
1776887912.2041028,7.0,1.0,-45.0
1776887912.2141027,6.0,0.0,-43.0
1776887912.2241027,8.0,-4.0,-47.0
1776887912.2341027,7.0,-9.0,-49.0
1776887912.2441027,4.0,-9.0,-43.0
1776887912.2541027,1.0,-7.0,-41.0
1776887912.2641027,0.0,-5.0,-37.0
1776887912.2741027,-3.0,-6.0,-37.0
1776887912.284103,-4.0,-5.0,-40.0
1776887912.294103,-6.0,-11.0,-42.0
1776887912.304103,-7.0,-11.0,-34.0
1776887912.3141026,-3.0,-8.0,-37.0
1776887912.3241026,-5.0,-6.0,-39.0
1776887912.3341026,-1.0,-4.0,-39.0
1776887912.3441026,2.0,-2.0,-44.0
1776887912.3541028,3.0,2.0,-42.0
1776887912.3641028,3.0,1.0,-39.0
1776887912.3741028,5.0,0.0,-38.0
1776887912.3841028,4.0,-1.0,-29.0
1776887912.3941028,0.0,2.0,-29.0
1776887912.4041028,-2.0,2.0,-31.0
1776887912.4141028,-2.0,-6.0,-29.0
1776887912.4241028,-6.0,-5.0,-31.0
1776887912.4341028,-5.0,0.0,-29.0
1776887912.4451027,-4.0,2.0,-34.0
1776887912.4541028,-1.0,3.0,-41.0
1776887912.4641027,-2.0,2.0,-39.0
1776887912.475103,0.0,0.0,-36.0
1776887912.485103,2.0,-4.0,-36.0
1776887912.4951026,5.0,-4.0,-32.0
1776887912.5051026,4.0,0.0,-33.0
1776887912.5151026,6.0,0.0,-34.0
1776887912.5251029,3.0,5.0,-37.0
1776887912.5351028,3.0,0.0,-49.0
1776887912.5451028,-3.0,-1.0,-52.0
1776887912.5551028,-5.0,-3.0,-51.0
1776887912.5651028,-1.0,-4.0,-49.0
1776887912.5751028,0.0,-5.0,-49.0
1776887912.5851028,-2.0,-3.0,-44.0
1776887912.5951028,-1.0,-2.0,-44.0
1776887912.6051028,0.0,-2.0,-43.0
1776887912.6151028,0.0,-2.0,-39.0
1776887912.6251028,-4.0,0.0,-35.0
1776887912.6351027,-3.0,3.0,-35.0
1776887912.6451027,-1.0,2.0,-41.0
1776887912.6551027,-4.0,5.0,-39.0
1776887912.6651027,-3.0,2.0,-39.0
1776887912.6751027,0.0,3.0,-41.0
1776887912.6851027,0.0,0.0,-48.0
1776887912.6951027,9.0,0.0,-51.0
1776887912.7051027,14.0,0.0,-49.0
1776887912.715103,16.0,-1.0,-42.0
1776887912.725103,12.0,-3.0,-42.0
1776887912.735103,8.0,-4.0,-37.0
1776887912.7451026,7.0,-7.0,-34.0
1776887912.7551026,5.0,-6.0,-36.0
1776887912.7651026,4.0,-2.0,-38.0
1776887912.7751029,7.0,0.0,-44.0
1776887912.7851028,7.0,2.0,-38.0
1776887912.7951028,3.0,5.0,-36.0
1776887912.8051028,4.0,0.0,-30.0
1776887912.8151028,-1.0,-4.0,-31.0
1776887912.8251028,0.0,-4.0,-33.0
1776887912.8351028,-2.0,-4.0,-37.0
1776887912.8451028,-9.0,-6.0,-37.0
1776887912.8551028,-5.0,-1.0,-37.0
1776887912.8651028,-4.0,-3.0,-40.0
1776887912.8751028,-2.0,-1.0,-39.0
1776887912.8851027,-2.0,-3.0,-42.0
1776887912.8951027,1.0,-1.0,-43.0
1776887912.9051027,0.0,0.0,-42.0
1776887912.9151027,-1.0,-1.0,-36.0
1776887912.9251027,1.0,-1.0,-38.0
1776887912.9351027,-3.0,3.0,-39.0
1776887912.9451027,-4.0,2.0,-38.0
1776887912.9551027,-3.0,1.0,-33.0
1776887912.965103,-5.0,0.0,-27.0
1776887912.975103,-6.0,1.0,-29.0
1776887912.985103,-7.0,1.0,-28.0
1776887912.9951026,-8.0,3.0,-29.0
1776887913.0051026,-9.0,2.0,-28.0
1776887913.0151026,-13.0,0.0,-32.0
1776887913.0251029,-5.0,2.0,-33.0
1776887913.0351028,0.0,3.0,-31.0
1776887913.0451028,0.0,0.0,-37.0
1776887913.0551028,-3.0,2.0,-47.0
1776887913.0651028,-3.0,5.0,-50.0
1776887913.0751028,-1.0,2.0,-48.0
1776887913.0851028,-2.0,0.0,-38.0
1776887913.0951028,-1.0,2.0,-35.0
1776887913.1051028,0.0,0.0,-35.0
1776887913.1151028,0.0,-4.0,-31.0
1776887913.1251028,1.0,-9.0,-32.0
1776887913.1351027,1.0,-6.0,-32.0
1776887913.1451027,-1.0,-2.0,-34.0
1776887913.1551027,-2.0,-6.0,-33.0
1776887913.1651027,-3.0,-8.0,-33.0
1776887913.1751027,-2.0,-5.0,-32.0
1776887913.1851027,-6.0,-5.0,-32.0
1776887913.1951027,-7.0,-7.0,-32.0
1776887913.2051027,-6.0,-4.0,-31.0
1776887913.215103,-4.0,0.0,-30.0
1776887913.225103,-5.0,-6.0,-28.0
1776887913.235103,0.0,-5.0,-31.0
1776887913.2451026,6.0,-3.0,-32.0
1776887913.2551026,8.0,0.0,-38.0
1776887913.2651026,10.0,1.0,-36.0
1776887913.2751029,10.0,3.0,-33.0
1776887913.2851028,11.0,-1.0,-32.0
1776887913.2951028,6.0,-5.0,-32.0
1776887913.3051028,6.0,-5.0,-38.0
1776887913.3151028,4.0,-4.0,-44.0
1776887913.3251028,3.0,-3.0,-51.0
1776887913.3351028,2.0,-4.0,-44.0
1776887913.3451028,0.0,-6.0,-43.0
1776887913.3551028,-3.0,-5.0,-39.0
1776887913.3651028,-4.0,-8.0,-40.0
1776887913.3751028,-3.0,-7.0,-37.0
1776887913.3851027,0.0,-9.0,-34.0
1776887913.3951027,0.0,-6.0,-37.0
1776887913.4051027,-2.0,-8.0,-31.0
1776887913.4151027,-2.0,-7.0,-35.0
1776887913.4251027,-2.0,-8.0,-44.0
1776887913.4351027,-5.0,-7.0,-38.0
1776887913.4451027,-2.0,-7.0,-29.0
1776887913.4551027,0.0,-8.0,-24.0
1776887913.465103,3.0,-5.0,-23.0
1776887913.475103,4.0,-2.0,-30.0
1776887913.485103,6.0,-3.0,-33.0
1776887913.4951026,8.0,-4.0,-43.0
1776887913.5051026,4.0,-3.0,-45.0
1776887913.5151026,4.0,-6.0,-47.0
1776887913.5251029,4.0,-10.0,-46.0
1776887913.5351028,0.0,-10.0,-41.0
1776887913.5451028,2.0,-8.0,-38.0
1776887913.5551028,4.0,-3.0,-41.0
1776887913.5651028,7.0,-4.0,-46.0
1776887913.5751028,9.0,-6.0,-47.0
1776887913.5851028,8.0,-4.0,-38.0
1776887913.5951028,6.0,-3.0,-38.0
1776887913.6051028,5.0,-6.0,-35.0
1776887913.6151028,2.0,-6.0,-34.0
1776887913.6251028,3.0,-6.0,-28.0
1776887913.6351027,6.0,-4.0,-30.0
1776887913.6451027,0.0,-7.0,-33.0
1776887913.6551027,4.0,-10.0,-31.0
1776887913.6651027,5.0,-6.0,-25.0
1776887913.6751027,4.0,-3.0,-30.0
1776887913.6851027,0.0,-4.0,-32.0
1776887913.6951027,5.0,0.0,-44.0
1776887913.7051027,4.0,3.0,-42.0
1776887913.715103,0.0,3.0,-40.0
1776887913.725103,-1.0,0.0,-40.0
1776887913.735103,0.0,0.0,-39.0
1776887913.7451026,-6.0,0.0,-40.0
1776887913.7551026,-3.0,3.0,-45.0
1776887913.7651026,0.0,1.0,-40.0
1776887913.7751029,-3.0,2.0,-38.0
1776887913.7851028,0.0,0.0,-38.0
1776887913.7951028,0.0,-2.0,-39.0
1776887913.8051028,-3.0,-1.0,-41.0
1776887913.8151028,-6.0,2.0,-41.0
1776887913.8251028,-7.0,-2.0,-41.0
1776887913.8351028,-4.0,-5.0,-43.0
1776887913.8451028,-2.0,-2.0,-43.0
1776887913.8551028,0.0,-5.0,-43.0
1776887913.8651028,1.0,-4.0,-39.0
1776887913.8751028,0.0,-4.0,-41.0
1776887913.8851027,0.0,-6.0,-46.0
1776887913.8951027,-2.0,-5.0,-48.0
1776887913.9051027,-3.0,-3.0,-42.0
1776887913.9151027,-4.0,-3.0,-35.0
1776887913.9251027,-6.0,-1.0,-33.0
1776887913.9351027,-8.0,-2.0,-38.0
1776887913.9451027,-5.0,-5.0,-37.0
1776887913.9551027,-8.0,-1.0,-38.0
1776887913.965103,-9.0,-1.0,-39.0
1776887913.975103,-2.0,0.0,-37.0
1776887913.985103,0.0,1.0,-32.0
1776887913.9951026,1.0,1.0,-28.0
1776887914.0051026,3.0,-1.0,-31.0
1776887914.0151026,2.0,-3.0,-27.0
1776887914.0251029,0.0,-3.0,-25.0
1776887914.0351028,-1.0,-2.0,-25.0
1776887914.0451028,-2.0,-3.0,-33.0
1776887914.0551028,-7.0,-2.0,-33.0
1776887914.0651028,-4.0,-1.0,-40.0
1776887914.0751028,-1.0,0.0,-40.0
1776887914.0851028,-2.0,0.0,-39.0
1776887914.0951028,0.0,2.0,-30.0
1776887914.1051028,0.0,0.0,-24.0
1776887914.1151028,0.0,1.0,-23.0
1776887914.1251028,-2.0,-1.0,-28.0
1776887914.1351027,-1.0,-1.0,-29.0
1776887914.1451027,-4.0,-4.0,-38.0
1776887914.1551027,-4.0,-3.0,-40.0
1776887914.1651027,-2.0,-3.0,-43.0
1776887914.1751027,-2.0,0.0,-39.0
1776887914.1851027,-1.0,5.0,-36.0
1776887914.1951027,0.0,3.0,-35.0
1776887914.2051027,1.0,2.0,-38.0
1776887914.215103,3.0,1.0,-38.0
1776887914.225103,2.0,-2.0,-43.0
1776887914.235103,-6.0,0.0,-39.0
1776887914.2451026,-6.0,-1.0,-32.0
1776887914.2551026,-3.0,-1.0,-34.0
1776887914.2651026,0.0,-2.0,-42.0
1776887914.2751029,0.0,2.0,-47.0
1776887914.2851028,1.0,3.0,-42.0
1776887914.2951028,-2.0,1.0,-36.0
1776887914.3051028,0.0,1.0,-35.0
1776887914.3151028,-2.0,0.0,-30.0
1776887914.3251028,0.0,-4.0,-30.0
1776887914.3351028,1.0,-4.0,-32.0
1776887914.3451028,0.0,0.0,-38.0
1776887914.3551028,-2.0,-7.0,-37.0
1776887914.3651028,-4.0,-6.0,-37.0
1776887914.3751028,-3.0,-1.0,-45.0
1776887914.3851027,-4.0,3.0,-45.0
1776887914.3951027,-3.0,4.0,-47.0
1776887914.4051027,-1.0,3.0,-46.0
1776887914.4161026,-2.0,1.0,-46.0
1776887914.4251027,4.0,3.0,-47.0
1776887914.4351027,3.0,4.0,-50.0
1776887914.4451027,2.0,0.0,-39.0
1776887914.4551027,2.0,-2.0,-34.0
1776887914.4661028,-1.0,-3.0,-32.0
1776887914.4761028,-4.0,2.0,-34.0
1776887914.4861028,-3.0,3.0,-32.0
1776887914.4961028,0.0,-3.0,-28.0
1776887914.5061028,-2.0,-7.0,-25.0
1776887914.5161028,-5.0,-3.0,-30.0
1776887914.5261028,-8.0,-3.0,-33.0
1776887914.5361028,-4.0,-1.0,-41.0
1776887914.5461028,-5.0,0.0,-45.0
1776887914.5561028,0.0,-2.0,-48.0
1776887914.5661027,-4.0,1.0,-45.0
1776887914.5761027,-3.0,6.0,-45.0
1776887914.5861027,-4.0,6.0,-40.0
1776887914.5961027,4.0,2.0,-41.0
1776887914.6061027,2.0,-4.0,-35.0
1776887914.6161027,0.0,-1.0,-35.0
1776887914.6261027,-3.0,-1.0,-29.0
1776887914.636103,0.0,2.0,-30.0
1776887914.646103,2.0,4.0,-28.0
1776887914.656103,0.0,3.0,-32.0
1776887914.6661026,-2.0,0.0,-34.0
1776887914.6771028,0.0,0.0,-32.0
1776887914.6861026,0.0,-1.0,-35.0
1776887914.6961029,4.0,-3.0,-37.0
1776887914.7061028,3.0,-1.0,-40.0
1776887914.7161028,2.0,-5.0,-45.0
1776887914.7261028,1.0,-3.0,-42.0
1776887914.7361028,0.0,-2.0,-43.0
1776887914.7461028,-3.0,-2.0,-45.0
1776887914.7561028,-1.0,0.0,-50.0
1776887914.7661028,-1.0,-1.0,-46.0
1776887914.7761028,0.0,1.0,-40.0
1776887914.7861028,0.0,0.0,-48.0
1776887914.7961028,0.0,-2.0,-47.0
1776887914.8061028,0.0,0.0,-48.0
1776887914.8161027,-1.0,0.0,-39.0
1776887914.8261027,1.0,0.0,-34.0
1776887914.8361027,2.0,-2.0,-32.0
1776887914.8461027,-1.0,0.0,-32.0
1776887914.8561027,-3.0,1.0,-38.0
1776887914.8661027,-4.0,4.0,-38.0
1776887914.8761027,-3.0,8.0,-38.0
1776887914.886103,-6.0,0.0,-36.0
1776887914.896103,-6.0,3.0,-38.0
1776887914.906103,-4.0,2.0,-40.0
1776887914.9161026,-2.0,5.0,-42.0
1776887914.9261026,0.0,8.0,-38.0
1776887914.9361026,0.0,6.0,-38.0
1776887914.9461029,1.0,3.0,-36.0
1776887914.9561028,4.0,3.0,-34.0
1776887914.9661028,3.0,1.0,-33.0
1776887914.9761028,1.0,2.0,-32.0
1776887914.9861028,0.0,1.0,-34.0
1776887914.9961028,0.0,1.0,-31.0
1776887915.0061028,5.0,1.0,-34.0
1776887915.0161028,5.0,0.0,-31.0
1776887915.0261028,5.0,1.0,-34.0
1776887915.0361028,7.0,3.0,-34.0
1776887915.0461028,2.0,6.0,-36.0
1776887915.0561028,4.0,5.0,-32.0
1776887915.0661027,6.0,2.0,-34.0
1776887915.0761027,10.0,1.0,-38.0
1776887915.0861027,6.0,0.0,-42.0
1776887915.0961027,1.0,-3.0,-39.0
1776887915.1061027,6.0,-6.0,-47.0
1776887915.1161027,6.0,-6.0,-47.0
1776887915.1261027,5.0,-4.0,-46.0
1776887915.136103,7.0,-4.0,-41.0
1776887915.146103,9.0,-4.0,-42.0
1776887915.156103,5.0,-3.0,-35.0
1776887915.1661026,6.0,-4.0,-30.0
1776887915.1761026,1.0,-4.0,-29.0
1776887915.1861026,1.0,-5.0,-32.0
1776887915.1961029,0.0,-4.0,-35.0
1776887915.2061028,0.0,-5.0,-34.0
1776887915.2161028,-2.0,-6.0,-32.0
1776887915.2261028,-5.0,-4.0,-42.0
1776887915.2361028,-9.0,-2.0,-37.0
1776887915.2461028,-11.0,-3.0,-40.0
1776887915.2561028,-11.0,-1.0,-47.0
1776887915.2661028,-16.0,0.0,-43.0
1776887915.2761028,-13.0,0.0,-44.0
1776887915.2861028,-9.0,-3.0,-41.0
1776887915.2961028,-6.0,1.0,-39.0
1776887915.3061028,-4.0,1.0,-38.0
1776887915.3161027,-4.0,0.0,-32.0
1776887915.3261027,-7.0,0.0,-34.0
1776887915.3361027,-3.0,-2.0,-33.0
1776887915.3461027,-3.0,2.0,-34.0
1776887915.3561027,-8.0,2.0,-37.0
1776887915.3661027,-9.0,7.0,-33.0
1776887915.3761027,-4.0,4.0,-32.0
1776887915.386103,-9.0,3.0,-31.0
1776887915.396103,-8.0,7.0,-28.0
1776887915.406103,-2.0,7.0,-31.0
1776887915.4161026,0.0,3.0,-36.0
1776887915.4261026,3.0,6.0,-37.0
1776887915.4361026,2.0,5.0,-37.0
1776887915.4461029,-2.0,7.0,-39.0
1776887915.4561028,-3.0,7.0,-41.0
1776887915.4661028,0.0,4.0,-46.0
1776887915.4761028,0.0,1.0,-41.0
1776887915.4861028,-1.0,2.0,-41.0
1776887915.4961028,-4.0,2.0,-45.0
1776887915.5061028,-1.0,3.0,-45.0
1776887915.5161028,-1.0,6.0,-41.0
1776887915.5261028,0.0,4.0,-41.0
1776887915.5361028,0.0,1.0,-42.0
1776887915.5461028,0.0,1.0,-40.0
1776887915.5561028,3.0,0.0,-36.0
1776887915.5661027,0.0,-2.0,-29.0
1776887915.5761027,1.0,-2.0,-28.0
1776887915.5861027,1.0,-4.0,-25.0
1776887915.5961027,-2.0,-1.0,-26.0
1776887915.6061027,-3.0,-3.0,-30.0
1776887915.6161027,1.0,-2.0,-28.0
1776887915.6261027,0.0,0.0,-31.0
1776887915.636103,-2.0,-3.0,-37.0
1776887915.646103,-4.0,-1.0,-36.0
1776887915.656103,-6.0,0.0,-42.0
1776887915.6661026,-12.0,-1.0,-37.0
1776887915.6761026,-9.0,0.0,-33.0
1776887915.6861026,-11.0,-2.0,-32.0
1776887915.6961029,-4.0,0.0,-35.0
1776887915.7061028,-2.0,0.0,-39.0
1776887915.7161028,-2.0,4.0,-39.0
1776887915.7261028,-4.0,8.0,-35.0
1776887915.7361028,-3.0,4.0,-38.0
1776887915.7461028,0.0,3.0,-38.0
1776887915.7561028,2.0,3.0,-37.0
1776887915.7661028,1.0,3.0,-34.0
1776887915.7761028,0.0,8.0,-31.0
1776887915.7861028,3.0,2.0,-32.0
1776887915.7961028,2.0,2.0,-27.0
1776887915.8061028,6.0,-1.0,-33.0
1776887915.8161027,4.0,-1.0,-39.0
1776887915.8261027,2.0,0.0,-44.0
1776887915.8361027,0.0,0.0,-47.0
1776887915.8461027,-5.0,0.0,-48.0
1776887915.8561027,-5.0,-1.0,-51.0
1776887915.8661027,-5.0,-1.0,-50.0
1776887915.8761027,-4.0,1.0,-46.0
1776887915.886103,-6.0,3.0,-47.0
1776887915.896103,-2.0,1.0,-48.0
1776887915.906103,1.0,-1.0,-44.0
1776887915.9161026,1.0,0.0,-41.0
1776887915.9261026,0.0,0.0,-41.0
1776887915.9361026,4.0,-1.0,-33.0
1776887915.9461029,4.0,-1.0,-30.0
1776887915.9561028,0.0,2.0,-32.0
1776887915.9661028,5.0,0.0,-33.0
1776887915.9761028,1.0,-2.0,-27.0
1776887915.9861028,0.0,-1.0,-27.0
1776887915.9961028,1.0,0.0,-33.0
1776887916.0061028,4.0,-3.0,-36.0
1776887916.0161028,5.0,-3.0,-33.0
1776887916.0261028,6.0,-7.0,-33.0
1776887916.0361028,4.0,-7.0,-35.0
1776887916.0461028,4.0,-5.0,-26.0
1776887916.0561028,4.0,0.0,-29.0
1776887916.0661027,0.0,1.0,-29.0
1776887916.0761027,0.0,1.0,-36.0
1776887916.0861027,6.0,-1.0,-44.0
1776887916.0961027,0.0,0.0,-36.0
1776887916.1061027,-1.0,-3.0,-39.0
1776887916.1161027,-4.0,0.0,-51.0
1776887916.1261027,0.0,2.0,-46.0
1776887916.136103,0.0,-2.0,-42.0
1776887916.146103,-4.0,0.0,-43.0
1776887916.156103,-2.0,0.0,-44.0
1776887916.1661026,0.0,0.0,-46.0
1776887916.1761026,-1.0,-1.0,-41.0
1776887916.1861026,2.0,0.0,-40.0
1776887916.1961029,6.0,-2.0,-44.0
1776887916.2061028,4.0,-2.0,-46.0
1776887916.2161028,2.0,-1.0,-43.0
1776887916.2261028,1.0,-4.0,-36.0
1776887916.2361028,0.0,-7.0,-30.0
1776887916.2461028,0.0,-1.0,-35.0
1776887916.2561028,0.0,0.0,-38.0
1776887916.2661028,2.0,0.0,-39.0
1776887916.2761028,0.0,1.0,-41.0
1776887916.2861028,-4.0,2.0,-44.0
1776887916.2961028,-6.0,1.0,-47.0
1776887916.3061028,-7.0,0.0,-49.0
1776887916.3161027,-7.0,0.0,-42.0
1776887916.3261027,-7.0,-3.0,-43.0
1776887916.3361027,-7.0,-2.0,-46.0
1776887916.3461027,-8.0,0.0,-41.0
1776887916.3561027,-5.0,2.0,-40.0
1776887916.3661027,-3.0,3.0,-48.0
1776887916.3761027,0.0,0.0,-46.0
1776887916.386103,-1.0,0.0,-43.0
1776887916.396103,0.0,-4.0,-39.0
1776887916.406103,1.0,-6.0,-37.0
1776887916.4161026,0.0,-4.0,-38.0
1776887916.4261026,2.0,-4.0,-42.0
1776887916.4361026,3.0,-5.0,-44.0
1776887916.4471028,1.0,-8.0,-36.0
1776887916.4571028,3.0,-3.0,-35.0
1776887916.4671028,4.0,0.0,-34.0
1776887916.4771028,4.0,-1.0,-34.0
1776887916.4871027,4.0,1.0,-36.0
1776887916.4971027,6.0,2.0,-33.0
1776887916.5071027,2.0,5.0,-43.0
1776887916.5171027,-1.0,-2.0,-40.0
1776887916.5271027,-6.0,-3.0,-40.0
1776887916.5371027,-8.0,-2.0,-43.0
1776887916.5471027,-7.0,0.0,-42.0
1776887916.557103,-5.0,1.0,-41.0
1776887916.567103,-5.0,0.0,-35.0
1776887916.577103,-3.0,0.0,-34.0
1776887916.587103,-3.0,1.0,-27.0
1776887916.5971026,-2.0,2.0,-25.0
1776887916.6071026,-3.0,3.0,-21.0
1776887916.6171026,-3.0,0.0,-34.0
1776887916.6271029,-4.0,1.0,-35.0
1776887916.6371028,-3.0,0.0,-33.0
1776887916.6471028,0.0,6.0,-29.0
1776887916.6571028,-7.0,8.0,-34.0
1776887916.6671028,1.0,5.0,-40.0
1776887916.6771028,3.0,4.0,-37.0
1776887916.6871028,1.0,1.0,-42.0
1776887916.6971028,0.0,2.0,-40.0
1776887916.7071028,5.0,0.0,-42.0
1776887916.7171028,4.0,-4.0,-44.0
1776887916.7271028,6.0,-4.0,-41.0
1776887916.7371027,3.0,-4.0,-43.0
1776887916.7471027,1.0,-8.0,-47.0
1776887916.7571027,0.0,-7.0,-44.0
1776887916.7671027,2.0,-6.0,-42.0
1776887916.7771027,1.0,-3.0,-43.0
1776887916.7871027,-1.0,-1.0,-41.0
1776887916.7971027,-5.0,2.0,-37.0
1776887916.807103,-5.0,2.0,-36.0
1776887916.817103,-5.0,3.0,-30.0
1776887916.827103,-9.0,0.0,-27.0
1776887916.837103,-7.0,0.0,-31.0
1776887916.8471026,-6.0,3.0,-30.0
1776887916.8571026,-3.0,5.0,-26.0
1776887916.8671026,-7.0,2.0,-27.0
1776887916.8781028,-8.0,1.0,-34.0
1776887916.8871028,-5.0,1.0,-39.0
1776887916.8971028,2.0,1.0,-40.0
1776887916.9071028,4.0,-1.0,-41.0
1776887916.9171028,4.0,-4.0,-36.0
1776887916.9271028,6.0,-1.0,-40.0
1776887916.9371028,9.0,-5.0,-38.0
1776887916.9471028,6.0,-3.0,-40.0
1776887916.9571028,6.0,0.0,-45.0
1776887916.9671028,8.0,-1.0,-46.0
1776887916.9771028,8.0,-1.0,-47.0
1776887916.9871027,3.0,-4.0,-45.0
1776887916.9971027,2.0,-3.0,-44.0
1776887917.0071027,3.0,-4.0,-43.0
1776887917.0171027,2.0,-4.0,-41.0
1776887917.0271027,8.0,-5.0,-40.0
1776887917.0371027,11.0,-2.0,-39.0
1776887917.0471027,12.0,-3.0,-39.0
1776887917.057103,5.0,-2.0,-43.0
1776887917.067103,5.0,-4.0,-46.0
1776887917.077103,9.0,-5.0,-44.0
1776887917.087103,9.0,-5.0,-40.0
1776887917.0971026,5.0,-5.0,-38.0
1776887917.1071026,0.0,-7.0,-37.0
1776887917.1171026,1.0,-8.0,-39.0
1776887917.1271029,-2.0,-5.0,-41.0
1776887917.1371028,-4.0,-4.0,-32.0
1776887917.1471028,-2.0,-5.0,-28.0
1776887917.1571028,-2.0,2.0,-27.0
1776887917.1671028,-3.0,6.0,-34.0
1776887917.1771028,-6.0,1.0,-33.0
1776887917.1871028,-5.0,0.0,-36.0
1776887917.1971028,-6.0,-2.0,-37.0
1776887917.2071028,-2.0,-1.0,-41.0
1776887917.2171028,1.0,-3.0,-35.0
1776887917.2271028,1.0,-2.0,-38.0
1776887917.2371027,0.0,0.0,-35.0
1776887917.2471027,0.0,0.0,-34.0
1776887917.2571027,-3.0,-1.0,-37.0
1776887917.2671027,-5.0,0.0,-37.0
1776887917.2771027,-3.0,-3.0,-39.0
1776887917.2871027,-5.0,0.0,-39.0
1776887917.2971027,-5.0,0.0,-35.0
1776887917.307103,-7.0,-3.0,-36.0
1776887917.317103,-2.0,-3.0,-42.0
1776887917.327103,2.0,-4.0,-42.0
1776887917.337103,5.0,-6.0,-46.0
1776887917.3471026,5.0,-4.0,-49.0
1776887917.3571026,4.0,-4.0,-52.0
1776887917.3671026,4.0,-7.0,-46.0
1776887917.3771029,3.0,-10.0,-38.0
1776887917.3871028,5.0,-8.0,-33.0
1776887917.3971028,5.0,-9.0,-31.0
1776887917.4071028,6.0,-12.0,-38.0
1776887917.4171028,3.0,-10.0,-38.0
1776887917.4271028,3.0,-9.0,-38.0
1776887917.4371028,3.0,-5.0,-37.0
1776887917.4471028,5.0,0.0,-33.0
1776887917.4571028,6.0,2.0,-33.0
1776887917.4671028,7.0,1.0,-31.0
1776887917.4771028,8.0,-1.0,-35.0
1776887917.4871027,6.0,-3.0,-33.0
1776887917.4971027,5.0,-2.0,-37.0
1776887917.5071027,9.0,-3.0,-37.0
1776887917.5171027,10.0,-1.0,-36.0
1776887917.5271027,9.0,-3.0,-36.0
1776887917.5371027,10.0,-3.0,-36.0
1776887917.5471027,10.0,-2.0,-36.0
1776887917.557103,4.0,1.0,-34.0
1776887917.567103,0.0,3.0,-36.0
1776887917.577103,0.0,2.0,-39.0
1776887917.587103,0.0,0.0,-32.0
1776887917.5971026,0.0,1.0,-35.0
1776887917.6071026,-1.0,0.0,-26.0
1776887917.6171026,-3.0,3.0,-25.0
1776887917.6271029,-2.0,5.0,-34.0
1776887917.6371028,-3.0,2.0,-43.0
1776887917.6471028,-3.0,2.0,-46.0
1776887917.6571028,-3.0,-2.0,-52.0
1776887917.6671028,-6.0,-1.0,-50.0
1776887917.6771028,1.0,-1.0,-47.0
1776887917.6871028,5.0,-1.0,-42.0
1776887917.6971028,5.0,-1.0,-40.0
1776887917.7071028,3.0,-1.0,-42.0
1776887917.7171028,5.0,-4.0,-41.0
1776887917.7271028,7.0,-4.0,-42.0
1776887917.7371027,2.0,-7.0,-41.0
1776887917.7471027,2.0,-4.0,-41.0
1776887917.7571027,3.0,-2.0,-41.0
1776887917.7671027,4.0,-2.0,-35.0
1776887917.7771027,1.0,-1.0,-36.0
1776887917.7871027,-2.0,-1.0,-39.0
1776887917.7971027,1.0,0.0,-38.0
1776887917.807103,2.0,1.0,-36.0
1776887917.817103,-3.0,2.0,-35.0
1776887917.827103,-4.0,0.0,-42.0
1776887917.837103,-5.0,-2.0,-42.0
1776887917.8471026,-1.0,-3.0,-40.0
1776887917.8571026,-4.0,0.0,-41.0
1776887917.8671026,-1.0,2.0,-39.0
1776887917.8771029,-1.0,1.0,-41.0
1776887917.8871028,-1.0,0.0,-30.0
1776887917.8971028,0.0,0.0,-29.0
1776887917.9071028,-2.0,1.0,-29.0
1776887917.9171028,-3.0,0.0,-30.0
1776887917.9271028,-2.0,0.0,-35.0
1776887917.9371028,0.0,-2.0,-35.0
1776887917.9471028,0.0,0.0,-39.0
1776887917.9571028,-1.0,-4.0,-36.0
1776887917.9671028,-5.0,-2.0,-31.0
1776887917.9771028,-5.0,-2.0,-37.0
1776887917.9871027,0.0,-2.0,-37.0
1776887917.9971027,-1.0,-4.0,-40.0
1776887918.0071027,-5.0,-2.0,-43.0
1776887918.0171027,-7.0,-1.0,-44.0
1776887918.0271027,-4.0,0.0,-41.0
1776887918.0371027,-2.0,1.0,-30.0
1776887918.0471027,3.0,2.0,-27.0
1776887918.057103,5.0,1.0,-28.0
1776887918.067103,4.0,0.0,-34.0
1776887918.077103,1.0,0.0,-29.0
1776887918.087103,0.0,3.0,-28.0
1776887918.0971026,4.0,0.0,-25.0
1776887918.1071026,3.0,-1.0,-30.0
1776887918.1171026,5.0,-2.0,-35.0
1776887918.1271029,5.0,-1.0,-38.0
1776887918.1371028,4.0,0.0,-37.0
1776887918.1471028,1.0,4.0,-37.0
1776887918.1571028,1.0,2.0,-33.0
1776887918.1671028,1.0,2.0,-39.0
1776887918.1771028,-2.0,1.0,-39.0
1776887918.1871028,1.0,1.0,-36.0
1776887918.1971028,1.0,0.0,-40.0
1776887918.2071028,0.0,-1.0,-36.0
1776887918.2171028,5.0,-3.0,-31.0
1776887918.2271028,4.0,-1.0,-38.0
1776887918.2371027,3.0,-1.0,-42.0
1776887918.2471027,4.0,-1.0,-36.0
1776887918.2571027,0.0,-2.0,-37.0
1776887918.2671027,0.0,-2.0,-34.0
1776887918.2771027,0.0,0.0,-34.0
1776887918.2871027,-3.0,3.0,-36.0
1776887918.2971027,2.0,-1.0,-44.0
1776887918.307103,2.0,-5.0,-47.0
1776887918.317103,-1.0,-8.0,-48.0
1776887918.327103,-5.0,-9.0,-44.0
1776887918.337103,-7.0,-9.0,-35.0
1776887918.3471026,-9.0,-3.0,-39.0
1776887918.3571026,-8.0,-5.0,-44.0
1776887918.3671026,-7.0,-4.0,-41.0
1776887918.3771029,-6.0,-3.0,-39.0
1776887918.3871028,-4.0,-2.0,-37.0
1776887918.3971028,0.0,-4.0,-37.0
1776887918.4071028,-2.0,-3.0,-41.0
1776887918.4171028,-5.0,-8.0,-42.0
1776887918.4271028,-11.0,-3.0,-33.0
1776887918.4371028,-13.0,-5.0,-34.0
1776887918.4481027,-7.0,-6.0,-35.0
1776887918.4581027,-4.0,-4.0,-32.0
1776887918.4681027,-7.0,-6.0,-31.0
1776887918.4781027,-10.0,-4.0,-33.0
1776887918.488103,-10.0,-5.0,-31.0
1776887918.498103,-3.0,-7.0,-37.0
1776887918.508103,-2.0,-8.0,-33.0
1776887918.5181026,-2.0,-3.0,-33.0
1776887918.5281026,1.0,-3.0,-21.0
1776887918.5381026,-3.0,-3.0,-21.0
1776887918.5481029,-3.0,-4.0,-26.0
1776887918.5581028,0.0,-3.0,-32.0
1776887918.5681028,1.0,-6.0,-42.0
1776887918.5781028,0.0,-5.0,-36.0
1776887918.5881028,3.0,-2.0,-32.0
1776887918.5981028,2.0,-1.0,-32.0
1776887918.6081028,1.0,0.0,-28.0
1776887918.6181028,0.0,1.0,-28.0
1776887918.6281028,-4.0,0.0,-26.0
1776887918.6381028,-6.0,1.0,-26.0
1776887918.6481028,-7.0,3.0,-29.0
1776887918.6581028,-11.0,4.0,-26.0
1776887918.6681027,-7.0,2.0,-30.0
1776887918.6781027,-3.0,-1.0,-25.0
1776887918.6881027,0.0,-3.0,-25.0
1776887918.6981027,4.0,-8.0,-27.0
1776887918.7081027,1.0,-6.0,-25.0
1776887918.7181027,3.0,-6.0,-31.0
1776887918.7281027,2.0,-2.0,-31.0
1776887918.738103,0.0,0.0,-33.0
1776887918.748103,-5.0,0.0,-31.0
1776887918.758103,-2.0,4.0,-32.0
1776887918.7681026,2.0,0.0,-26.0
1776887918.7781026,6.0,-2.0,-26.0
1776887918.7881026,5.0,-1.0,-27.0
1776887918.7981029,2.0,0.0,-28.0
1776887918.8081028,2.0,-3.0,-38.0
1776887918.8181028,2.0,-6.0,-38.0
1776887918.8281028,0.0,-3.0,-36.0
1776887918.8381028,0.0,-3.0,-33.0
1776887918.8481028,0.0,-3.0,-32.0
1776887918.8581028,5.0,-2.0,-34.0
1776887918.8681028,6.0,-3.0,-38.0
1776887918.8781028,0.0,0.0,-33.0
1776887918.8881028,0.0,2.0,-34.0
1776887918.8981028,2.0,1.0,-36.0
1776887918.9081028,1.0,2.0,-42.0
1776887918.9181027,0.0,3.0,-39.0
1776887918.9281027,4.0,2.0,-31.0
1776887918.9381027,6.0,-4.0,-29.0
1776887918.9481027,4.0,-5.0,-33.0
1776887918.9581027,9.0,-3.0,-43.0
1776887918.9681027,5.0,-1.0,-42.0
1776887918.9781027,1.0,-1.0,-38.0
1776887918.988103,1.0,-3.0,-40.0
1776887918.998103,-3.0,-2.0,-41.0
1776887919.008103,-1.0,1.0,-38.0
1776887919.0181026,-2.0,5.0,-44.0
1776887919.0281026,-4.0,5.0,-50.0
1776887919.0381026,-2.0,0.0,-46.0
1776887919.0481029,-4.0,0.0,-37.0
1776887919.0581028,-2.0,-4.0,-38.0
1776887919.0681028,-1.0,-4.0,-39.0
1776887919.0781028,1.0,-1.0,-43.0
1776887919.0881028,1.0,0.0,-34.0
1776887919.0981028,3.0,0.0,-30.0
1776887919.1081028,0.0,1.0,-29.0
1776887919.1181028,1.0,-2.0,-41.0
1776887919.1281028,0.0,-1.0,-43.0
1776887919.1381028,0.0,-7.0,-40.0
1776887919.1481028,3.0,-6.0,-34.0
1776887919.1581028,4.0,-1.0,-37.0
1776887919.1681027,4.0,-1.0,-28.0
1776887919.1781027,-3.0,0.0,-23.0
1776887919.1881027,-4.0,1.0,-20.0
1776887919.1981027,-6.0,3.0,-21.0
1776887919.2081027,-5.0,0.0,-28.0
1776887919.2181027,-3.0,0.0,-28.0
1776887919.2281027,1.0,-4.0,-36.0
1776887919.238103,2.0,-5.0,-34.0
1776887919.248103,2.0,-6.0,-35.0
1776887919.258103,7.0,-3.0,-29.0
1776887919.2681026,3.0,-2.0,-37.0
1776887919.2781026,-1.0,-2.0,-38.0
1776887919.2881026,-2.0,0.0,-43.0
1776887919.2981029,0.0,-1.0,-43.0
1776887919.3081028,0.0,-2.0,-43.0
1776887919.3181028,2.0,-3.0,-47.0
1776887919.3281028,2.0,-4.0,-47.0
1776887919.3381028,3.0,-1.0,-43.0
1776887919.3481028,3.0,-3.0,-38.0
1776887919.3581028,0.0,-5.0,-29.0
1776887919.3681028,-1.0,-3.0,-26.0
1776887919.3781028,-7.0,-2.0,-23.0
1776887919.3881028,-8.0,1.0,-27.0
1776887919.3981028,-11.0,-1.0,-29.0
1776887919.4081028,-6.0,0.0,-35.0
1776887919.4181027,-6.0,0.0,-30.0
1776887919.4281027,-10.0,-2.0,-33.0
1776887919.4381027,-9.0,-3.0,-34.0
1776887919.4481027,-8.0,-3.0,-40.0
1776887919.4581027,-7.0,-1.0,-40.0
1776887919.4681027,-4.0,-4.0,-37.0
1776887919.4781027,-6.0,-7.0,-33.0
1776887919.488103,-5.0,-6.0,-29.0
1776887919.498103,-3.0,-5.0,-26.0
1776887919.508103,-6.0,-6.0,-30.0
1776887919.5181026,-4.0,-6.0,-29.0
1776887919.5281026,-3.0,-5.0,-30.0
1776887919.5381026,-5.0,-3.0,-24.0
1776887919.5481029,0.0,-5.0,-24.0
1776887919.5581028,0.0,-4.0,-19.0
1776887919.5681028,4.0,-1.0,-22.0
1776887919.5781028,2.0,-6.0,-26.0
1776887919.5881028,2.0,-8.0,-24.0
1776887919.5981028,3.0,-7.0,-24.0
1776887919.6081028,1.0,-5.0,-26.0
1776887919.6181028,2.0,-3.0,-30.0
1776887919.6281028,0.0,-3.0,-32.0
1776887919.6381028,0.0,-4.0,-33.0
1776887919.6481028,-2.0,-5.0,-36.0
1776887919.6581028,2.0,-4.0,-34.0
1776887919.6681027,3.0,2.0,-35.0
1776887919.6781027,3.0,2.0,-37.0
1776887919.6881027,2.0,-1.0,-31.0
1776887919.6981027,5.0,0.0,-30.0
1776887919.7081027,5.0,-1.0,-29.0
1776887919.7181027,3.0,1.0,-26.0
1776887919.7281027,-1.0,5.0,-29.0
1776887919.738103,-1.0,5.0,-33.0
1776887919.748103,-2.0,9.0,-35.0
1776887919.758103,-2.0,7.0,-28.0
1776887919.7681026,-1.0,3.0,-35.0
1776887919.7781026,-3.0,0.0,-37.0
1776887919.7881026,-2.0,1.0,-41.0
1776887919.7981029,-1.0,3.0,-41.0
1776887919.8081028,-5.0,3.0,-42.0
1776887919.8181028,-2.0,4.0,-40.0
1776887919.8281028,2.0,1.0,-35.0
1776887919.8381028,2.0,-2.0,-33.0
1776887919.8481028,-1.0,-1.0,-36.0
1776887919.8581028,-2.0,-1.0,-39.0
1776887919.8681028,1.0,-1.0,-34.0
1776887919.8781028,2.0,-2.0,-43.0
1776887919.8881028,2.0,-3.0,-42.0
1776887919.8981028,1.0,-3.0,-41.0
1776887919.9081028,2.0,-5.0,-35.0
1776887919.9181027,4.0,-6.0,-33.0
1776887919.9281027,0.0,-7.0,-35.0
1776887919.9381027,-2.0,-2.0,-41.0
1776887919.9481027,0.0,-3.0,-47.0
1776887919.9581027,0.0,0.0,-50.0
1776887919.9681027,0.0,-4.0,-49.0
1776887919.9781027,0.0,-4.0,-44.0
1776887919.988103,0.0,-5.0,-41.0
1776887919.998103,-2.0,-9.0,-42.0
1776887920.008103,1.0,-4.0,-33.0
1776887920.0181026,-2.0,-4.0,-39.0
1776887920.0281026,0.0,-4.0,-44.0
1776887920.0381026,0.0,-5.0,-43.0
1776887920.0481029,6.0,-8.0,-43.0
1776887920.0581028,5.0,-6.0,-37.0
1776887920.0681028,5.0,-7.0,-33.0
1776887920.0781028,2.0,-10.0,-40.0
1776887920.0881028,1.0,-7.0,-35.0
1776887920.0981028,4.0,-1.0,-36.0
1776887920.1081028,3.0,-1.0,-27.0
1776887920.1181028,0.0,-1.0,-26.0
1776887920.1281028,5.0,-7.0,-27.0
1776887920.1381028,4.0,-9.0,-31.0
1776887920.1481028,2.0,-9.0,-35.0
1776887920.1581028,2.0,-6.0,-37.0
1776887920.1681027,1.0,-9.0,-45.0
1776887920.1781027,1.0,-8.0,-39.0
1776887920.1881027,2.0,-5.0,-39.0
1776887920.1981027,0.0,0.0,-40.0
1776887920.2081027,-1.0,0.0,-38.0
1776887920.2181027,-1.0,0.0,-30.0
1776887920.2281027,-3.0,-5.0,-32.0
1776887920.238103,-1.0,-8.0,-32.0
1776887920.248103,4.0,-4.0,-30.0
1776887920.258103,6.0,-1.0,-24.0
1776887920.2681026,3.0,0.0,-22.0
1776887920.2781026,1.0,1.0,-22.0
1776887920.2881026,2.0,-2.0,-26.0
1776887920.2981029,2.0,-3.0,-26.0
1776887920.3081028,3.0,-5.0,-27.0
1776887920.3181028,4.0,-7.0,-23.0
1776887920.3281028,5.0,-5.0,-27.0
1776887920.3381028,12.0,-6.0,-27.0
1776887920.3481028,10.0,-4.0,-28.0
1776887920.3581028,10.0,-7.0,-29.0
1776887920.3681028,6.0,-5.0,-35.0
1776887920.3781028,6.0,-3.0,-38.0
1776887920.3881028,7.0,-5.0,-40.0
1776887920.3981028,8.0,-4.0,-44.0
1776887920.4081028,8.0,-3.0,-46.0
1776887920.4181027,9.0,-3.0,-42.0
1776887920.4281027,8.0,-2.0,-37.0
1776887920.4381027,9.0,0.0,-32.0
1776887920.4491026,4.0,2.0,-29.0
1776887920.4591026,0.0,-1.0,-27.0
1776887920.4691026,-1.0,-4.0,-31.0
1776887920.4791028,2.0,-3.0,-34.0
1776887920.4891028,0.0,-5.0,-38.0
1776887920.4991028,0.0,-6.0,-34.0
1776887920.5091028,2.0,-7.0,-35.0
1776887920.5191028,3.0,-4.0,-31.0
1776887920.5291028,2.0,0.0,-30.0
1776887920.5391028,-2.0,0.0,-30.0
1776887920.5491028,1.0,0.0,-36.0
1776887920.5591028,1.0,1.0,-31.0
1776887920.5691028,-1.0,0.0,-31.0
1776887920.5791028,-3.0,0.0,-35.0
1776887920.5891027,-1.0,-4.0,-35.0
1776887920.5991027,-4.0,-7.0,-33.0
1776887920.6091027,-1.0,-6.0,-35.0
1776887920.6191027,-1.0,-5.0,-33.0
1776887920.6291027,2.0,-7.0,-31.0
1776887920.6391027,2.0,-5.0,-39.0
1776887920.6491027,2.0,0.0,-38.0
1776887920.659103,0.0,0.0,-34.0
1776887920.669103,-1.0,-2.0,-32.0
1776887920.679103,-1.0,2.0,-30.0
1776887920.6891026,5.0,3.0,-29.0
1776887920.6991026,6.0,-2.0,-28.0
1776887920.7091026,5.0,-4.0,-32.0
1776887920.7191026,4.0,-5.0,-28.0
1776887920.7291028,1.0,-2.0,-29.0
1776887920.7391028,4.0,-1.0,-31.0
1776887920.7491028,1.0,0.0,-35.0
1776887920.7591028,3.0,-2.0,-39.0
1776887920.7691028,3.0,-5.0,-38.0
1776887920.7791028,6.0,-3.0,-35.0
1776887920.7891028,4.0,-4.0,-33.0
1776887920.7991028,1.0,-5.0,-31.0
1776887920.8091028,0.0,-9.0,-28.0
1776887920.8191028,0.0,-8.0,-33.0
1776887920.8291028,1.0,-5.0,-31.0
1776887920.8391027,1.0,-3.0,-30.0
1776887920.8491027,0.0,-6.0,-29.0
1776887920.8591027,0.0,-7.0,-28.0
1776887920.8691027,-2.0,-6.0,-28.0
1776887920.8791027,-2.0,0.0,-27.0
1776887920.8891027,-5.0,3.0,-21.0
1776887920.8991027,-7.0,1.0,-20.0
1776887920.909103,-5.0,1.0,-25.0
1776887920.919103,-5.0,0.0,-32.0
1776887920.929103,-4.0,0.0,-32.0
1776887920.9391026,-2.0,-4.0,-27.0
1776887920.9491026,0.0,-6.0,-32.0
1776887920.9591026,-3.0,-7.0,-43.0
1776887920.9691026,-3.0,-7.0,-45.0
1776887920.9791028,-4.0,-7.0,-43.0
1776887920.9891028,-6.0,-8.0,-49.0
1776887920.9991028,-4.0,-5.0,-47.0
1776887921.0091028,0.0,0.0,-47.0
1776887921.0191028,3.0,0.0,-43.0
1776887921.0291028,-3.0,3.0,-39.0
1776887921.0391028,-4.0,-2.0,-46.0
1776887921.0491028,-6.0,-3.0,-43.0
1776887921.0591028,-4.0,-5.0,-43.0
1776887921.0691028,1.0,-1.0,-46.0
1776887921.0791028,4.0,-3.0,-51.0
1776887921.0891027,4.0,-7.0,-48.0
1776887921.0991027,3.0,-4.0,-51.0
1776887921.1091027,0.0,-1.0,-45.0
1776887921.1191027,-2.0,-4.0,-41.0
1776887921.1291027,-1.0,-7.0,-40.0
1776887921.1391027,2.0,-7.0,-39.0
1776887921.1491027,7.0,-5.0,-34.0
1776887921.159103,4.0,-5.0,-29.0
1776887921.169103,4.0,-3.0,-30.0
1776887921.179103,4.0,-8.0,-31.0
1776887921.1891026,4.0,-3.0,-30.0
1776887921.1991026,1.0,0.0,-32.0
1776887921.2091026,2.0,4.0,-29.0
1776887921.2191026,1.0,-1.0,-40.0
1776887921.2291028,0.0,-2.0,-46.0
1776887921.2391028,0.0,-6.0,-46.0
1776887921.2491028,-6.0,-2.0,-40.0
1776887921.2591028,-7.0,-1.0,-43.0
1776887921.2691028,-5.0,-1.0,-42.0
1776887921.2791028,-3.0,-3.0,-45.0
1776887921.2891028,0.0,-1.0,-41.0
1776887921.2991028,0.0,-1.0,-40.0
1776887921.3091028,0.0,-3.0,-33.0
1776887921.3191028,1.0,-4.0,-37.0
1776887921.3291028,-2.0,0.0,-43.0
1776887921.3391027,-2.0,-4.0,-47.0
1776887921.3491027,2.0,-5.0,-44.0
1776887921.3591027,-1.0,-4.0,-42.0
1776887921.3691027,-1.0,-6.0,-38.0
1776887921.3791027,0.0,-6.0,-41.0
1776887921.3891027,1.0,0.0,-45.0
1776887921.3991027,-2.0,-2.0,-40.0
1776887921.409103,-4.0,-2.0,-39.0
1776887921.419103,-7.0,0.0,-37.0
1776887921.429103,-2.0,-2.0,-37.0
1776887921.4391026,0.0,-3.0,-36.0
1776887921.4491026,-4.0,-3.0,-36.0
1776887921.4591026,-1.0,1.0,-33.0
1776887921.4691026,-2.0,0.0,-32.0
1776887921.4791028,-1.0,-3.0,-29.0
1776887921.4891028,-2.0,-1.0,-27.0
1776887921.4991028,-8.0,-1.0,-27.0
1776887921.5091028,-10.0,-2.0,-29.0
1776887921.5191028,-5.0,-2.0,-31.0
1776887921.5291028,-5.0,-4.0,-33.0
1776887921.5391028,-5.0,-3.0,-33.0
1776887921.5491028,-4.0,-3.0,-39.0
1776887921.5591028,-5.0,-3.0,-39.0
1776887921.5691028,-3.0,-4.0,-37.0
1776887921.5791028,-5.0,-10.0,-41.0
1776887921.5891027,-4.0,-9.0,-39.0
1776887921.5991027,0.0,-8.0,-40.0
1776887921.6091027,-4.0,-6.0,-35.0
1776887921.6191027,-3.0,-3.0,-38.0
1776887921.6291027,0.0,-9.0,-37.0
1776887921.6391027,0.0,-4.0,-37.0
1776887921.6491027,2.0,-2.0,-33.0
1776887921.659103,4.0,-5.0,-35.0
1776887921.669103,7.0,-5.0,-34.0
1776887921.679103,6.0,-8.0,-34.0
1776887921.6891026,7.0,-9.0,-37.0
1776887921.6991026,4.0,-8.0,-40.0
1776887921.7091026,1.0,-5.0,-42.0
1776887921.7191026,-4.0,-7.0,-42.0
1776887921.7291028,-4.0,-7.0,-38.0
1776887921.7391028,-1.0,-4.0,-42.0
1776887921.7491028,-1.0,0.0,-42.0
1776887921.7591028,1.0,-1.0,-48.0
1776887921.7691028,1.0,0.0,-46.0
1776887921.7791028,1.0,-3.0,-43.0
1776887921.7891028,0.0,-5.0,-41.0
1776887921.7991028,-1.0,-7.0,-34.0
1776887921.8091028,0.0,-8.0,-43.0
1776887921.8191028,0.0,-4.0,-42.0
1776887921.8291028,0.0,-3.0,-44.0
1776887921.8391027,0.0,0.0,-46.0
1776887921.8491027,6.0,0.0,-39.0
1776887921.8591027,2.0,-8.0,-40.0
1776887921.8691027,5.0,-8.0,-39.0
1776887921.8791027,6.0,-7.0,-45.0
1776887921.8891027,6.0,-6.0,-39.0
1776887921.8991027,1.0,-6.0,-38.0
1776887921.909103,2.0,-5.0,-35.0
1776887921.919103,1.0,-10.0,-28.0
1776887921.929103,2.0,-6.0,-27.0
1776887921.9391026,0.0,-4.0,-31.0
1776887921.9491026,2.0,-2.0,-34.0
1776887921.9591026,4.0,-5.0,-43.0
1776887921.9691026,3.0,-2.0,-40.0
1776887921.9791028,2.0,-7.0,-33.0
1776887921.9891028,4.0,-11.0,-32.0
1776887921.9991028,4.0,-14.0,-30.0
1776887922.0091028,1.0,-10.0,-27.0
1776887922.0191028,3.0,-6.0,-25.0
1776887922.0291028,6.0,0.0,-35.0
1776887922.0391028,2.0,5.0,-31.0
1776887922.0491028,2.0,4.0,-37.0
1776887922.0591028,1.0,2.0,-41.0
1776887922.0691028,4.0,2.0,-41.0
1776887922.0791028,6.0,-1.0,-37.0
1776887922.0891027,4.0,1.0,-41.0
1776887922.0991027,4.0,2.0,-42.0
1776887922.1091027,0.0,0.0,-41.0
1776887922.1191027,3.0,3.0,-42.0
1776887922.1291027,5.0,5.0,-35.0
1776887922.1391027,2.0,1.0,-35.0
1776887922.1491027,1.0,-1.0,-41.0
1776887922.159103,0.0,-7.0,-38.0
1776887922.169103,1.0,-11.0,-38.0
1776887922.179103,-1.0,-6.0,-33.0
1776887922.1891026,-1.0,-4.0,-31.0
1776887922.1991026,-2.0,-2.0,-32.0
1776887922.2091026,-1.0,-3.0,-30.0
1776887922.2191026,-1.0,-6.0,-27.0
1776887922.2291028,-1.0,-5.0,-27.0
1776887922.2391028,0.0,-4.0,-26.0
1776887922.2491028,2.0,-1.0,-27.0
1776887922.2591028,0.0,-3.0,-32.0
1776887922.2691028,4.0,-8.0,-30.0
1776887922.2791028,11.0,-13.0,-40.0
1776887922.2891028,10.0,-12.0,-44.0
1776887922.2991028,10.0,-11.0,-36.0
1776887922.3091028,9.0,-6.0,-38.0
1776887922.3191028,6.0,-3.0,-36.0
1776887922.3291028,5.0,-5.0,-35.0
1776887922.3391027,0.0,0.0,-35.0
1776887922.3491027,-1.0,-2.0,-35.0
1776887922.3591027,3.0,-4.0,-35.0
1776887922.3691027,-1.0,-3.0,-37.0
1776887922.3791027,-2.0,-3.0,-35.0
1776887922.3891027,-5.0,-2.0,-32.0
1776887922.3991027,-4.0,-2.0,-29.0
1776887922.409103,1.0,-4.0,-31.0
1776887922.419103,3.0,-2.0,-31.0
1776887922.429103,5.0,0.0,-27.0
1776887922.4391026,5.0,2.0,-20.0
1776887922.4491026,3.0,3.0,-19.0
1776887922.4601028,4.0,0.0,-24.0
1776887922.4701028,5.0,-2.0,-26.0
1776887922.4801028,4.0,-5.0,-29.0
1776887922.4901028,1.0,-5.0,-25.0
1776887922.5001028,3.0,-2.0,-22.0
1776887922.5101027,6.0,-2.0,-22.0
1776887922.5201027,6.0,0.0,-26.0
1776887922.5301027,4.0,1.0,-30.0
1776887922.5401027,3.0,0.0,-32.0
1776887922.5501027,4.0,-1.0,-40.0
1776887922.5601027,10.0,0.0,-35.0
1776887922.5701027,4.0,-2.0,-30.0
1776887922.5801027,5.0,-6.0,-27.0
1776887922.590103,0.0,-7.0,-24.0
1776887922.600103,0.0,-1.0,-26.0
1776887922.610103,0.0,0.0,-28.0
1776887922.6201026,1.0,-4.0,-33.0
1776887922.6301026,1.0,-6.0,-37.0
1776887922.6401026,5.0,-5.0,-40.0
1776887922.6501029,0.0,-8.0,-43.0
1776887922.6601028,2.0,-4.0,-44.0
1776887922.6701028,3.0,-5.0,-46.0
1776887922.6801028,5.0,-9.0,-39.0
1776887922.6901028,3.0,-6.0,-39.0
1776887922.7001028,5.0,-5.0,-41.0
1776887922.7101028,13.0,-5.0,-42.0
1776887922.7201028,11.0,-7.0,-38.0
1776887922.7301028,10.0,-8.0,-38.0
1776887922.7401028,6.0,-8.0,-35.0
1776887922.7501028,8.0,-3.0,-41.0
1776887922.7601027,5.0,-1.0,-39.0
1776887922.7701027,4.0,1.0,-34.0
1776887922.7801027,7.0,3.0,-30.0
1776887922.7901027,3.0,0.0,-40.0
1776887922.8001027,0.0,-3.0,-35.0
1776887922.8101027,2.0,0.0,-30.0
1776887922.8201027,6.0,4.0,-28.0
1776887922.8301027,2.0,1.0,-33.0
1776887922.840103,5.0,0.0,-35.0
1776887922.850103,4.0,-1.0,-30.0
1776887922.860103,0.0,0.0,-33.0
1776887922.8701026,-2.0,0.0,-35.0
1776887922.8801026,-3.0,2.0,-33.0
1776887922.8901026,-1.0,0.0,-38.0
1776887922.9001029,-7.0,-3.0,-46.0
1776887922.9101028,-9.0,-7.0,-40.0
1776887922.9201028,-6.0,-8.0,-41.0
1776887922.9301028,-2.0,-7.0,-34.0
1776887922.9401028,-3.0,-7.0,-35.0
1776887922.9501028,-3.0,-10.0,-42.0
1776887922.9601028,-2.0,-7.0,-44.0
1776887922.9701028,0.0,-5.0,-47.0
1776887922.9801028,0.0,-6.0,-45.0
1776887922.9901028,0.0,-9.0,-41.0
1776887923.0001028,0.0,-5.0,-44.0
1776887923.0101027,0.0,-4.0,-49.0
1776887923.0201027,0.0,-3.0,-48.0
1776887923.0301027,-5.0,-1.0,-42.0
1776887923.0401027,-1.0,0.0,-33.0
1776887923.0501027,-1.0,-6.0,-34.0
1776887923.0601027,0.0,-7.0,-35.0
1776887923.0701027,-1.0,-3.0,-30.0
1776887923.0801027,-1.0,0.0,-31.0
1776887923.090103,2.0,1.0,-31.0
1776887923.100103,2.0,-1.0,-31.0
1776887923.110103,9.0,-3.0,-28.0
1776887923.1201026,5.0,-1.0,-23.0
1776887923.1301026,5.0,0.0,-26.0
1776887923.1401026,5.0,-3.0,-32.0
1776887923.1501029,7.0,-4.0,-31.0
1776887923.1601028,4.0,-1.0,-37.0
1776887923.1701028,-1.0,-3.0,-38.0
1776887923.1801028,-2.0,-5.0,-40.0
1776887923.1901028,-8.0,-3.0,-35.0
1776887923.2001028,-4.0,0.0,-29.0
1776887923.2101028,-1.0,1.0,-30.0
1776887923.2201028,1.0,2.0,-33.0
1776887923.2301028,3.0,-1.0,-33.0
1776887923.2401028,5.0,-4.0,-35.0
1776887923.2501028,1.0,-4.0,-42.0
1776887923.2601027,-2.0,-6.0,-34.0
1776887923.2701027,-6.0,-3.0,-37.0
1776887923.2801027,-4.0,1.0,-32.0
1776887923.2901027,-3.0,4.0,-34.0
1776887923.3001027,-3.0,0.0,-34.0
1776887923.3101027,0.0,1.0,-34.0
1776887923.3201027,0.0,0.0,-43.0
1776887923.3301027,0.0,3.0,-43.0
1776887923.340103,-3.0,4.0,-45.0
1776887923.350103,-4.0,5.0,-43.0
1776887923.360103,-3.0,6.0,-42.0
1776887923.3701026,-1.0,4.0,-41.0
1776887923.3801026,1.0,5.0,-44.0
1776887923.3901026,2.0,4.0,-42.0
1776887923.4001029,3.0,4.0,-37.0
1776887923.4101028,-1.0,1.0,-39.0
1776887923.4201028,0.0,0.0,-39.0
1776887923.4301028,0.0,0.0,-42.0
1776887923.4401028,2.0,0.0,-42.0
1776887923.4501028,2.0,1.0,-40.0
1776887923.4601028,-1.0,-1.0,-46.0
1776887923.4701028,-4.0,0.0,-51.0
1776887923.4801028,-1.0,2.0,-45.0
1776887923.4901028,-1.0,2.0,-48.0
1776887923.5001028,-4.0,-2.0,-45.0
1776887923.5101027,0.0,0.0,-39.0
1776887923.5201027,3.0,2.0,-37.0
1776887923.5301027,4.0,-1.0,-38.0
1776887923.5401027,4.0,-5.0,-34.0
1776887923.5501027,4.0,-4.0,-34.0
1776887923.5601027,6.0,-3.0,-30.0
1776887923.5701027,4.0,-3.0,-28.0
1776887923.5801027,5.0,0.0,-33.0
1776887923.590103,5.0,-1.0,-33.0
1776887923.600103,7.0,-2.0,-36.0
1776887923.610103,5.0,-12.0,-37.0
1776887923.6201026,4.0,-10.0,-37.0
1776887923.6301026,3.0,-9.0,-42.0
1776887923.6401026,-2.0,-4.0,-43.0
1776887923.6501029,0.0,-3.0,-33.0
1776887923.6601028,3.0,-4.0,-38.0
1776887923.6701028,1.0,-2.0,-34.0
1776887923.6801028,3.0,0.0,-40.0
1776887923.6901028,4.0,-2.0,-42.0
1776887923.7001028,7.0,-4.0,-37.0
1776887923.7101028,9.0,-1.0,-38.0
1776887923.7201028,4.0,0.0,-35.0
1776887923.7301028,3.0,0.0,-29.0
1776887923.7401028,3.0,-1.0,-29.0
1776887923.7501028,-3.0,-3.0,-34.0
1776887923.7601027,-5.0,-5.0,-37.0
1776887923.7701027,-7.0,-2.0,-35.0
1776887923.7801027,-6.0,-1.0,-32.0
1776887923.7911026,-1.0,0.0,-31.0
1776887923.8001027,-1.0,0.0,-36.0
1776887923.8101027,-3.0,3.0,-40.0
1776887923.8201027,1.0,3.0,-39.0
1776887923.8301027,2.0,3.0,-39.0
1776887923.840103,0.0,0.0,-33.0
1776887923.850103,-3.0,1.0,-29.0
1776887923.860103,-3.0,0.0,-28.0
1776887923.8701026,-3.0,-2.0,-29.0
1776887923.8801026,1.0,0.0,-38.0
1776887923.8901026,4.0,-3.0,-40.0
1776887923.9001029,5.0,-5.0,-36.0
1776887923.9101028,2.0,-2.0,-38.0
1776887923.9201028,1.0,-2.0,-47.0
1776887923.9301028,5.0,-3.0,-49.0
1776887923.9401028,5.0,-3.0,-52.0
1776887923.9501028,6.0,-3.0,-51.0
1776887923.9601028,4.0,-4.0,-49.0
1776887923.9701028,2.0,-3.0,-50.0
1776887923.9801028,1.0,-3.0,-51.0
1776887923.9901028,-4.0,2.0,-43.0
1776887924.0001028,0.0,4.0,-46.0
1776887924.0101027,0.0,5.0,-46.0
1776887924.0201027,1.0,3.0,-41.0
1776887924.0301027,0.0,2.0,-46.0
1776887924.0401027,-2.0,-2.0,-48.0
1776887924.0501027,4.0,0.0,-42.0
1776887924.0601027,0.0,0.0,-38.0
1776887924.0701027,1.0,2.0,-38.0
1776887924.0801027,3.0,1.0,-35.0
1776887924.090103,7.0,1.0,-36.0
1776887924.100103,6.0,0.0,-30.0
1776887924.110103,3.0,-1.0,-26.0
1776887924.1201026,-1.0,0.0,-28.0
1776887924.1301026,-1.0,-4.0,-27.0
1776887924.1401026,-4.0,-5.0,-35.0
1776887924.1501029,-2.0,-1.0,-38.0
1776887924.1601028,0.0,-4.0,-33.0
1776887924.1701028,0.0,-2.0,-26.0
1776887924.1801028,3.0,-1.0,-29.0
1776887924.1901028,1.0,0.0,-31.0
1776887924.2001028,3.0,-2.0,-33.0
1776887924.2101028,3.0,-6.0,-33.0
1776887924.2201028,7.0,-4.0,-42.0
1776887924.2301028,4.0,-3.0,-38.0
1776887924.2401028,1.0,-3.0,-43.0
1776887924.2501028,2.0,-4.0,-43.0
1776887924.2601027,3.0,-2.0,-36.0
1776887924.2701027,3.0,-3.0,-38.0
1776887924.2801027,3.0,-6.0,-37.0
1776887924.2901027,2.0,-5.0,-29.0
1776887924.3001027,3.0,-1.0,-28.0
1776887924.3101027,0.0,-1.0,-28.0
1776887924.3201027,2.0,-2.0,-26.0
1776887924.3301027,0.0,-2.0,-27.0
1776887924.340103,-1.0,-5.0,-31.0
1776887924.350103,0.0,-6.0,-43.0
1776887924.360103,0.0,-9.0,-40.0
1776887924.3701026,2.0,-8.0,-44.0
1776887924.3801026,4.0,-3.0,-46.0
1776887924.3901026,4.0,1.0,-48.0
1776887924.4001029,11.0,8.0,-42.0
1776887924.4101028,11.0,0.0,-40.0
1776887924.4201028,7.0,0.0,-39.0
1776887924.4301028,6.0,-1.0,-42.0
1776887924.4401028,1.0,-2.0,-41.0
1776887924.4511027,3.0,-1.0,-44.0
1776887924.4611027,3.0,-1.0,-47.0
1776887924.4711027,6.0,-4.0,-47.0
1776887924.4811027,8.0,-1.0,-50.0
1776887924.4901028,8.0,0.0,-49.0
1776887924.5011027,8.0,0.0,-42.0
1776887924.511103,6.0,0.0,-38.0
1776887924.521103,8.0,2.0,-38.0
1776887924.531103,7.0,1.0,-36.0
1776887924.5411026,6.0,3.0,-38.0
1776887924.5511026,1.0,1.0,-41.0
1776887924.5611026,2.0,0.0,-35.0
1776887924.5711029,5.0,-3.0,-35.0
1776887924.5811028,6.0,-4.0,-37.0
1776887924.5911028,6.0,-9.0,-41.0
1776887924.6011028,6.0,-11.0,-34.0
1776887924.6111028,1.0,-9.0,-33.0
1776887924.6211028,-1.0,-10.0,-37.0
1776887924.6311028,0.0,-6.0,-37.0
1776887924.6411028,0.0,-6.0,-33.0
1776887924.6511028,1.0,-3.0,-37.0
1776887924.6611028,-1.0,-3.0,-40.0
1776887924.6711028,1.0,-4.0,-40.0
1776887924.6811028,0.0,0.0,-31.0
1776887924.6911027,-2.0,3.0,-31.0
1776887924.7011027,-2.0,-1.0,-33.0
1776887924.7111027,1.0,-4.0,-36.0
1776887924.7211027,-2.0,-6.0,-35.0
1776887924.7311027,-3.0,-4.0,-35.0
1776887924.7411027,-3.0,1.0,-37.0
1776887924.7511027,-1.0,3.0,-39.0
1776887924.761103,-1.0,3.0,-41.0
1776887924.771103,4.0,0.0,-42.0
1776887924.781103,5.0,0.0,-43.0
1776887924.7911026,5.0,-2.0,-44.0
1776887924.8011026,0.0,-4.0,-51.0
1776887924.8111026,-2.0,-3.0,-46.0
1776887924.8211029,-2.0,-5.0,-37.0
1776887924.8311028,-4.0,0.0,-37.0
1776887924.8411028,-3.0,1.0,-33.0
1776887924.8511028,-3.0,-2.0,-29.0
1776887924.8611028,-3.0,-3.0,-35.0
1776887924.8711028,-1.0,1.0,-35.0
1776887924.8811028,0.0,4.0,-34.0
1776887924.8911028,3.0,2.0,-38.0
1776887924.9011028,0.0,0.0,-35.0
1776887924.9111028,-2.0,2.0,-33.0
1776887924.9211028,0.0,4.0,-34.0
1776887924.9311028,-4.0,2.0,-30.0
1776887924.9411027,-1.0,3.0,-33.0
1776887924.9511027,0.0,3.0,-36.0
1776887924.9611027,8.0,5.0,-41.0
1776887924.9711027,6.0,5.0,-37.0
1776887924.9811027,0.0,5.0,-36.0
1776887924.9911027,-4.0,-2.0,-39.0
1776887925.0011027,-6.0,-5.0,-42.0
1776887925.011103,-3.0,-10.0,-36.0
1776887925.021103,-2.0,-8.0,-36.0
1776887925.031103,-1.0,-7.0,-40.0
1776887925.0411026,2.0,-7.0,-42.0
1776887925.0511026,6.0,-1.0,-40.0
1776887925.0611026,2.0,-1.0,-36.0
1776887925.0711029,0.0,-2.0,-31.0
1776887925.0811028,1.0,-8.0,-36.0
1776887925.0911028,7.0,-4.0,-33.0
1776887925.1011028,10.0,-3.0,-31.0
1776887925.1111028,9.0,-6.0,-36.0
1776887925.1211028,6.0,-9.0,-42.0
1776887925.1311028,4.0,-5.0,-35.0
1776887925.1411028,2.0,-5.0,-36.0
1776887925.1511028,4.0,-3.0,-41.0
1776887925.1611028,5.0,-2.0,-34.0
1776887925.1711028,13.0,0.0,-28.0
1776887925.1811028,11.0,-1.0,-26.0
1776887925.1911027,6.0,0.0,-33.0
1776887925.2011027,4.0,1.0,-38.0
1776887925.2111027,3.0,1.0,-40.0
1776887925.2211027,-2.0,-2.0,-33.0
1776887925.2311027,-7.0,-3.0,-29.0
1776887925.2411027,-7.0,0.0,-34.0
1776887925.2511027,-4.0,0.0,-26.0
1776887925.261103,-6.0,-1.0,-33.0
1776887925.271103,-4.0,1.0,-33.0
1776887925.281103,-2.0,2.0,-35.0
1776887925.2911026,-1.0,1.0,-33.0
1776887925.3011026,-2.0,-6.0,-38.0
1776887925.3111026,0.0,-3.0,-42.0
1776887925.3211029,-1.0,0.0,-42.0
1776887925.3311028,0.0,-4.0,-35.0
1776887925.3411028,2.0,-9.0,-30.0
1776887925.3511028,0.0,-10.0,-33.0
1776887925.3611028,2.0,-7.0,-36.0
1776887925.3711028,3.0,-6.0,-42.0
1776887925.3811028,2.0,-4.0,-39.0
1776887925.3911028,0.0,-3.0,-43.0
1776887925.4011028,4.0,-2.0,-44.0
1776887925.4111028,3.0,-2.0,-40.0
1776887925.4211028,2.0,-1.0,-40.0
1776887925.4311028,8.0,2.0,-41.0
1776887925.4411027,10.0,3.0,-40.0
1776887925.4511027,6.0,6.0,-44.0
1776887925.4611027,6.0,1.0,-41.0
1776887925.4711027,7.0,-3.0,-39.0
1776887925.4811027,4.0,-3.0,-34.0
1776887925.4911027,1.0,-4.0,-34.0
1776887925.5011027,2.0,-3.0,-42.0
1776887925.511103,3.0,0.0,-47.0
1776887925.521103,3.0,0.0,-47.0
1776887925.531103,0.0,-2.0,-42.0
1776887925.5411026,-1.0,-3.0,-39.0
1776887925.5511026,0.0,-3.0,-36.0
1776887925.5611026,2.0,3.0,-45.0
1776887925.5711029,6.0,4.0,-43.0
1776887925.5811028,6.0,-1.0,-47.0
1776887925.5911028,3.0,-3.0,-36.0
1776887925.6011028,2.0,-1.0,-34.0
1776887925.6111028,-1.0,0.0,-36.0
1776887925.6211028,0.0,-1.0,-38.0
1776887925.6311028,-1.0,-2.0,-40.0
1776887925.6411028,0.0,-1.0,-42.0
1776887925.6511028,0.0,0.0,-44.0
1776887925.6611028,3.0,0.0,-42.0
1776887925.6711028,7.0,0.0,-40.0
1776887925.6811028,3.0,0.0,-42.0
1776887925.6911027,3.0,-1.0,-45.0
1776887925.7011027,-1.0,0.0,-38.0
1776887925.7111027,-4.0,2.0,-36.0
1776887925.7211027,-1.0,0.0,-36.0
1776887925.7311027,0.0,0.0,-39.0
1776887925.7411027,0.0,1.0,-38.0
1776887925.7511027,1.0,2.0,-34.0
1776887925.761103,2.0,2.0,-46.0
1776887925.771103,-2.0,2.0,-44.0
1776887925.781103,-2.0,4.0,-39.0
1776887925.7911026,-2.0,4.0,-35.0
1776887925.8011026,-1.0,4.0,-37.0
1776887925.8111026,-1.0,7.0,-41.0
1776887925.8211029,-2.0,6.0,-45.0
1776887925.8311028,-1.0,3.0,-47.0
1776887925.8411028,-2.0,3.0,-46.0
1776887925.8511028,0.0,3.0,-38.0
1776887925.8611028,4.0,5.0,-36.0
1776887925.8711028,1.0,5.0,-43.0
1776887925.8811028,1.0,2.0,-41.0
1776887925.8911028,0.0,0.0,-39.0
1776887925.9011028,0.0,5.0,-36.0
1776887925.9111028,6.0,4.0,-37.0
1776887925.9211028,6.0,5.0,-34.0
1776887925.9311028,5.0,1.0,-38.0
1776887925.9411027,2.0,0.0,-40.0
1776887925.9511027,0.0,-3.0,-36.0
1776887925.9611027,0.0,-1.0,-32.0
1776887925.9711027,0.0,1.0,-41.0
1776887925.9811027,0.0,0.0,-43.0
1776887925.9911027,0.0,-1.0,-46.0
1776887926.0011027,-2.0,-2.0,-37.0
1776887926.011103,-4.0,-7.0,-36.0
1776887926.021103,-2.0,-7.0,-30.0
1776887926.031103,1.0,-7.0,-30.0
1776887926.0411026,3.0,-5.0,-41.0
1776887926.0511026,5.0,-4.0,-42.0
1776887926.0611026,4.0,-4.0,-36.0
1776887926.0711029,0.0,-6.0,-34.0
1776887926.0811028,2.0,-8.0,-30.0
1776887926.0911028,5.0,-6.0,-36.0
1776887926.1011028,4.0,-6.0,-34.0
1776887926.1111028,1.0,-3.0,-37.0
1776887926.1211028,-1.0,-2.0,-37.0
1776887926.1311028,-1.0,-5.0,-28.0
1776887926.1411028,-2.0,-1.0,-22.0
1776887926.1511028,-1.0,-2.0,-26.0
1776887926.1611028,-2.0,-5.0,-26.0
1776887926.1711028,-2.0,-8.0,-26.0
1776887926.1811028,-1.0,-10.0,-28.0
1776887926.1911027,-2.0,-4.0,-33.0
1776887926.2011027,-5.0,-2.0,-41.0
1776887926.2111027,-4.0,0.0,-47.0
1776887926.2211027,-3.0,-1.0,-43.0
1776887926.2311027,-4.0,0.0,-45.0
1776887926.2411027,-3.0,4.0,-40.0
1776887926.2511027,2.0,3.0,-38.0
1776887926.261103,5.0,6.0,-42.0
1776887926.271103,4.0,5.0,-45.0
1776887926.281103,4.0,8.0,-42.0
1776887926.2911026,1.0,5.0,-43.0
1776887926.3011026,0.0,5.0,-44.0
1776887926.3111026,0.0,4.0,-39.0
1776887926.3211029,0.0,5.0,-44.0
1776887926.3311028,-1.0,2.0,-46.0
1776887926.3411028,-3.0,0.0,-46.0
1776887926.3511028,-1.0,2.0,-41.0
1776887926.3611028,-5.0,2.0,-35.0
1776887926.3711028,-8.0,0.0,-32.0
1776887926.3811028,-10.0,1.0,-26.0
1776887926.3911028,-7.0,0.0,-26.0
1776887926.4011028,-5.0,0.0,-27.0
1776887926.4111028,0.0,2.0,-25.0
1776887926.4211028,4.0,1.0,-26.0
1776887926.432103,6.0,-1.0,-27.0
1776887926.4411027,3.0,0.0,-37.0
1776887926.4511027,0.0,-1.0,-36.0
1776887926.462103,4.0,-1.0,-31.0
1776887926.4711027,8.0,-2.0,-29.0
1776887926.4821026,2.0,-1.0,-31.0
1776887926.4911027,-1.0,-1.0,-31.0
1776887926.5021029,-1.0,0.0,-36.0
1776887926.5121028,0.0,-2.0,-33.0
1776887926.5221028,1.0,-2.0,-30.0
1776887926.5321028,0.0,0.0,-34.0
1776887926.5421028,-3.0,0.0,-32.0
1776887926.5521028,-8.0,-2.0,-33.0
1776887926.5621028,-7.0,-4.0,-33.0
1776887926.5721028,1.0,0.0,-33.0
1776887926.5821028,1.0,-2.0,-40.0
1776887926.5921028,1.0,-5.0,-45.0
1776887926.6021028,2.0,-3.0,-48.0
1776887926.6121027,2.0,-1.0,-45.0
1776887926.6221027,0.0,-1.0,-47.0
1776887926.6321027,-1.0,-5.0,-43.0
1776887926.6421027,4.0,-3.0,-41.0
1776887926.6521027,6.0,-3.0,-43.0
1776887926.6621027,6.0,-2.0,-38.0
1776887926.6721027,2.0,-2.0,-37.0
1776887926.682103,-2.0,1.0,-33.0
1776887926.692103,-3.0,2.0,-33.0
1776887926.702103,-3.0,0.0,-38.0
1776887926.712103,-9.0,-2.0,-40.0
1776887926.7221026,-5.0,-1.0,-39.0
1776887926.7321026,-2.0,-4.0,-38.0
1776887926.7421026,0.0,-4.0,-36.0
1776887926.7521029,0.0,-5.0,-35.0
1776887926.7621028,0.0,-8.0,-35.0
1776887926.7721028,7.0,-4.0,-39.0
1776887926.7821028,10.0,-8.0,-38.0
1776887926.7921028,6.0,-9.0,-32.0
1776887926.8021028,1.0,-9.0,-29.0
1776887926.8121028,0.0,-2.0,-30.0
1776887926.8221028,-4.0,0.0,-23.0
1776887926.8321028,-2.0,-3.0,-24.0
1776887926.8421028,-3.0,-3.0,-26.0
1776887926.8521028,-2.0,0.0,-29.0
1776887926.8621027,-4.0,-1.0,-35.0
1776887926.8721027,-2.0,0.0,-45.0
1776887926.8821027,4.0,-1.0,-46.0
1776887926.8921027,1.0,0.0,-44.0
1776887926.9021027,0.0,0.0,-44.0
1776887926.9121027,-2.0,1.0,-47.0
1776887926.9221027,-3.0,0.0,-51.0
1776887926.932103,-2.0,0.0,-42.0
1776887926.942103,0.0,0.0,-37.0
1776887926.952103,-3.0,0.0,-31.0
1776887926.962103,-6.0,1.0,-31.0
1776887926.9721026,-7.0,1.0,-30.0
1776887926.9821026,-4.0,0.0,-33.0
1776887926.9921026,-2.0,-2.0,-31.0
1776887927.0021029,-3.0,-1.0,-32.0
1776887927.0121028,2.0,0.0,-37.0
1776887927.0231028,5.0,1.0,-35.0
1776887927.0321028,0.0,0.0,-32.0
1776887927.0421028,-1.0,-4.0,-33.0
1776887927.0521028,0.0,-6.0,-33.0
1776887927.0621028,0.0,-5.0,-33.0
1776887927.0721028,2.0,-7.0,-32.0
1776887927.0821028,4.0,-3.0,-30.0
1776887927.0921028,3.0,0.0,-32.0
1776887927.1021028,1.0,0.0,-31.0
1776887927.1121027,1.0,-4.0,-33.0
1776887927.1221027,0.0,-3.0,-33.0
1776887927.1321027,0.0,-4.0,-31.0
1776887927.1421027,1.0,0.0,-32.0
1776887927.1521027,5.0,2.0,-32.0
1776887927.1621027,11.0,-2.0,-34.0
1776887927.1721027,15.0,-1.0,-34.0
1776887927.182103,8.0,0.0,-29.0
1776887927.192103,5.0,-4.0,-31.0
1776887927.202103,0.0,0.0,-36.0
1776887927.212103,-1.0,5.0,-37.0
1776887927.2221026,-1.0,2.0,-37.0
1776887927.2321026,0.0,3.0,-30.0
1776887927.2421026,4.0,4.0,-28.0
1776887927.2521029,4.0,7.0,-33.0
1776887927.2621028,5.0,3.0,-31.0
1776887927.2721028,4.0,-1.0,-33.0
1776887927.2821028,5.0,-4.0,-39.0
1776887927.2921028,4.0,-3.0,-34.0
1776887927.3021028,0.0,0.0,-31.0
1776887927.3121028,0.0,2.0,-33.0
1776887927.3221028,2.0,4.0,-31.0
1776887927.3321028,0.0,2.0,-27.0
1776887927.3421028,-2.0,0.0,-34.0
1776887927.3521028,0.0,-1.0,-34.0
1776887927.3621027,3.0,-3.0,-32.0
1776887927.3721027,2.0,-4.0,-33.0
1776887927.3821027,0.0,0.0,-29.0
1776887927.3921027,-7.0,0.0,-35.0
1776887927.4021027,-4.0,2.0,-39.0
1776887927.4121027,-3.0,4.0,-41.0
1776887927.4221027,-3.0,1.0,-43.0
1776887927.432103,-3.0,2.0,-38.0
1776887927.442103,0.0,2.0,-38.0
1776887927.452103,-4.0,6.0,-31.0
1776887927.462103,-5.0,4.0,-26.0
1776887927.4721026,-5.0,2.0,-29.0
1776887927.4821026,-7.0,-1.0,-34.0
1776887927.4921026,-3.0,0.0,-39.0
1776887927.5021029,0.0,-2.0,-34.0
1776887927.5121028,0.0,-5.0,-34.0
1776887927.5221028,-1.0,-3.0,-32.0
1776887927.5321028,0.0,-2.0,-33.0
1776887927.5421028,1.0,1.0,-34.0
1776887927.5521028,-3.0,4.0,-38.0
1776887927.5621028,-3.0,3.0,-47.0
1776887927.5721028,0.0,3.0,-43.0
1776887927.5821028,2.0,4.0,-41.0
1776887927.5921028,0.0,3.0,-37.0
1776887927.6021028,0.0,-1.0,-32.0
1776887927.6121027,-3.0,-1.0,-31.0
1776887927.6221027,-5.0,3.0,-30.0
1776887927.6321027,-6.0,2.0,-31.0
1776887927.6421027,-6.0,4.0,-32.0
1776887927.6521027,-1.0,1.0,-32.0
1776887927.6621027,0.0,-3.0,-33.0
1776887927.6721027,-1.0,1.0,-39.0
1776887927.682103,-8.0,5.0,-42.0
1776887927.692103,-10.0,1.0,-42.0
1776887927.702103,-12.0,2.0,-39.0
1776887927.712103,-9.0,2.0,-34.0
1776887927.7221026,-5.0,1.0,-37.0
1776887927.7321026,1.0,4.0,-45.0
1776887927.7421026,1.0,4.0,-42.0
1776887927.7521029,-1.0,3.0,-38.0
1776887927.7621028,2.0,0.0,-39.0
1776887927.7721028,2.0,0.0,-40.0
1776887927.7821028,0.0,1.0,-45.0
1776887927.7921028,0.0,3.0,-49.0
1776887927.8021028,-9.0,5.0,-43.0
1776887927.8121028,-14.0,5.0,-37.0
1776887927.8221028,-11.0,5.0,-43.0
1776887927.8321028,-9.0,7.0,-47.0
1776887927.8421028,-5.0,7.0,-40.0
1776887927.8521028,0.0,7.0,-32.0
1776887927.8621027,0.0,3.0,-27.0
1776887927.8721027,4.0,0.0,-29.0
1776887927.8821027,4.0,-1.0,-31.0
1776887927.8921027,7.0,0.0,-26.0
1776887927.9021027,7.0,4.0,-23.0
1776887927.9121027,6.0,1.0,-29.0
1776887927.9221027,4.0,0.0,-33.0
1776887927.932103,3.0,-2.0,-32.0
1776887927.942103,1.0,-2.0,-37.0
1776887927.952103,2.0,0.0,-34.0
1776887927.962103,2.0,0.0,-33.0
1776887927.9721026,1.0,0.0,-31.0
1776887927.9821026,1.0,-1.0,-34.0
1776887927.9921026,-1.0,0.0,-37.0
1776887928.0021029,2.0,-3.0,-42.0
1776887928.0121028,0.0,-2.0,-48.0
1776887928.0221028,0.0,-1.0,-37.0
1776887928.0321028,-1.0,0.0,-39.0
1776887928.0421028,-3.0,2.0,-38.0
1776887928.0521028,0.0,3.0,-41.0
1776887928.0621028,-2.0,0.0,-49.0
1776887928.0721028,-3.0,2.0,-43.0
1776887928.0821028,0.0,0.0,-47.0
1776887928.0921028,1.0,1.0,-38.0
1776887928.1021028,2.0,-1.0,-34.0
1776887928.1121027,0.0,1.0,-38.0
1776887928.1221027,-1.0,2.0,-35.0
1776887928.1321027,-5.0,1.0,-32.0
1776887928.1421027,-4.0,0.0,-32.0
1776887928.1521027,-1.0,-1.0,-34.0
1776887928.1621027,1.0,-5.0,-31.0
1776887928.1721027,1.0,-6.0,-32.0
1776887928.182103,2.0,-4.0,-37.0
1776887928.192103,0.0,0.0,-36.0
1776887928.202103,1.0,2.0,-38.0
1776887928.212103,4.0,-1.0,-37.0
1776887928.2221026,1.0,-1.0,-36.0
1776887928.2321026,2.0,-3.0,-41.0
1776887928.2421026,3.0,-2.0,-37.0
1776887928.2521029,2.0,0.0,-40.0
1776887928.2621028,1.0,1.0,-42.0
1776887928.2721028,0.0,3.0,-42.0
1776887928.2821028,3.0,5.0,-41.0
1776887928.2921028,3.0,6.0,-46.0
1776887928.3021028,6.0,6.0,-43.0
1776887928.3121028,8.0,5.0,-44.0
1776887928.3221028,7.0,2.0,-42.0
1776887928.3321028,4.0,1.0,-47.0
1776887928.3421028,3.0,1.0,-38.0
1776887928.3521028,1.0,2.0,-35.0
1776887928.3621027,-4.0,1.0,-32.0
1776887928.3721027,-3.0,0.0,-41.0
1776887928.3821027,-4.0,1.0,-46.0
1776887928.3921027,0.0,0.0,-50.0
1776887928.4021027,0.0,-4.0,-37.0
1776887928.4121027,0.0,-2.0,-30.0
1776887928.4221027,1.0,-4.0,-34.0
1776887928.4331028,1.0,-6.0,-35.0
1776887928.442103,1.0,-5.0,-48.0
1776887928.4531028,1.0,-4.0,-45.0
1776887928.462103,1.0,-3.0,-37.0
1776887928.4721026,3.0,0.0,-39.0
1776887928.4831028,5.0,-3.0,-36.0
1776887928.4931028,8.0,-5.0,-40.0
1776887928.5031028,8.0,0.0,-35.0
1776887928.5131028,9.0,3.0,-37.0
1776887928.5231028,8.0,3.0,-35.0
1776887928.5331028,7.0,2.0,-33.0
1776887928.5431027,3.0,1.0,-36.0
1776887928.5531027,6.0,-1.0,-42.0
1776887928.5631027,5.0,0.0,-41.0
1776887928.5731027,2.0,0.0,-39.0
1776887928.5831027,6.0,0.0,-36.0
1776887928.5931027,4.0,0.0,-38.0
1776887928.6041028,0.0,-1.0,-43.0
1776887928.613103,1.0,-1.0,-44.0
1776887928.623103,0.0,-2.0,-39.0
1776887928.633103,-2.0,-4.0,-31.0
1776887928.6431026,-1.0,-4.0,-28.0
1776887928.6531026,2.0,0.0,-29.0
1776887928.6631026,3.0,1.0,-35.0
1776887928.6731029,7.0,0.0,-36.0
1776887928.6831028,7.0,0.0,-31.0
1776887928.6931028,6.0,0.0,-34.0
1776887928.7031028,7.0,0.0,-39.0
1776887928.7131028,14.0,-1.0,-35.0
1776887928.7231028,16.0,-2.0,-27.0
1776887928.7331028,12.0,0.0,-26.0
1776887928.7431028,9.0,-3.0,-30.0
1776887928.7531028,6.0,-4.0,-31.0
1776887928.7631028,0.0,1.0,-27.0
1776887928.7731028,-3.0,0.0,-22.0
1776887928.7831028,-5.0,2.0,-20.0
1776887928.7931027,-2.0,1.0,-21.0
1776887928.8031027,0.0,2.0,-21.0
1776887928.8131027,4.0,0.0,-21.0
1776887928.8231027,3.0,0.0,-26.0
1776887928.8331027,1.0,2.0,-34.0
1776887928.8431027,-5.0,0.0,-33.0
1776887928.8531027,-10.0,-2.0,-35.0
1776887928.863103,-7.0,-6.0,-31.0
1776887928.873103,-3.0,-3.0,-28.0
1776887928.883103,0.0,0.0,-36.0
1776887928.8931026,0.0,-2.0,-33.0
1776887928.9031026,3.0,-1.0,-29.0
1776887928.9131026,3.0,3.0,-30.0
1776887928.9231029,5.0,2.0,-32.0
1776887928.9331028,0.0,2.0,-37.0
1776887928.9431028,2.0,4.0,-36.0
1776887928.9531028,7.0,7.0,-26.0
1776887928.9631028,6.0,8.0,-22.0
1776887928.9731028,6.0,8.0,-21.0
1776887928.9831028,1.0,5.0,-28.0
1776887928.9931028,2.0,6.0,-32.0
1776887929.0031028,6.0,8.0,-29.0
1776887929.0131028,6.0,6.0,-30.0
1776887929.0231028,9.0,7.0,-25.0
1776887929.0331028,6.0,6.0,-23.0
1776887929.0431027,5.0,4.0,-37.0
1776887929.0531027,3.0,5.0,-38.0
1776887929.0631027,5.0,0.0,-30.0
1776887929.0731027,8.0,-2.0,-24.0
1776887929.0831027,1.0,-4.0,-22.0
1776887929.0931027,-1.0,-5.0,-23.0
1776887929.1031027,-2.0,-3.0,-25.0
1776887929.113103,-5.0,-1.0,-32.0
1776887929.123103,-3.0,2.0,-25.0
1776887929.133103,0.0,2.0,-24.0
1776887929.1431026,0.0,5.0,-31.0
1776887929.1531026,-1.0,2.0,-42.0
1776887929.1631026,3.0,-1.0,-44.0
1776887929.1731029,3.0,-3.0,-46.0
1776887929.1831028,0.0,-5.0,-41.0
1776887929.1931028,0.0,-7.0,-43.0
1776887929.2031028,2.0,-8.0,-38.0
1776887929.2131028,3.0,-6.0,-37.0
1776887929.2231028,1.0,-4.0,-37.0
1776887929.2331028,0.0,-7.0,-37.0
1776887929.2431028,-2.0,-7.0,-38.0
1776887929.2531028,-2.0,-4.0,-36.0
1776887929.2631028,-1.0,-4.0,-40.0
1776887929.2731028,2.0,-4.0,-43.0
1776887929.2831028,3.0,-2.0,-36.0
1776887929.2931027,1.0,-4.0,-37.0
1776887929.3031027,2.0,-3.0,-39.0
1776887929.3131027,3.0,-3.0,-39.0
1776887929.3231027,8.0,-6.0,-38.0
1776887929.3331027,5.0,-6.0,-37.0
1776887929.3431027,4.0,-5.0,-40.0
1776887929.3531027,5.0,-3.0,-39.0
1776887929.363103,2.0,-4.0,-41.0
1776887929.373103,2.0,0.0,-40.0
1776887929.383103,-1.0,-4.0,-36.0
1776887929.3931026,-3.0,-3.0,-34.0
1776887929.4031026,0.0,-2.0,-29.0
1776887929.4131026,1.0,-4.0,-25.0
1776887929.4231029,1.0,-4.0,-31.0
1776887929.4331028,0.0,-4.0,-27.0
1776887929.4431028,-3.0,1.0,-23.0
1776887929.4531028,0.0,3.0,-27.0
1776887929.4631028,0.0,1.0,-39.0
1776887929.4731028,0.0,2.0,-47.0
1776887929.4831028,1.0,4.0,-42.0
1776887929.4931028,1.0,3.0,-37.0
1776887929.5031028,1.0,3.0,-36.0
1776887929.5131028,1.0,6.0,-44.0
1776887929.5231028,4.0,7.0,-54.0
1776887929.5331028,2.0,8.0,-55.0
1776887929.5431027,4.0,3.0,-57.0
1776887929.5531027,2.0,3.0,-50.0
1776887929.5631027,6.0,2.0,-40.0
1776887929.5731027,9.0,3.0,-32.0
1776887929.5831027,3.0,-1.0,-31.0
1776887929.5931027,5.0,0.0,-33.0
1776887929.6031027,5.0,-1.0,-34.0
1776887929.613103,6.0,-1.0,-43.0
1776887929.623103,6.0,0.0,-45.0
1776887929.633103,11.0,2.0,-47.0
1776887929.6431026,9.0,1.0,-38.0
1776887929.6531026,7.0,0.0,-32.0
1776887929.6631026,2.0,0.0,-37.0
1776887929.6731029,0.0,-1.0,-34.0
1776887929.6831028,-1.0,0.0,-36.0
1776887929.6931028,-1.0,-1.0,-44.0
1776887929.7031028,-2.0,-2.0,-38.0
1776887929.7131028,3.0,0.0,-34.0
1776887929.7231028,7.0,-1.0,-32.0
1776887929.7331028,8.0,-1.0,-37.0
1776887929.7431028,2.0,0.0,-38.0
1776887929.7531028,3.0,3.0,-33.0
1776887929.7631028,7.0,-2.0,-40.0
1776887929.7731028,6.0,-2.0,-37.0
1776887929.7831028,5.0,-3.0,-36.0
1776887929.7931027,2.0,-6.0,-36.0
1776887929.8031027,2.0,-4.0,-35.0
1776887929.8131027,7.0,-7.0,-29.0
1776887929.8231027,10.0,-4.0,-31.0
1776887929.8331027,6.0,0.0,-39.0
1776887929.8431027,1.0,-1.0,-41.0
1776887929.8531027,1.0,0.0,-37.0
1776887929.863103,2.0,0.0,-40.0
1776887929.873103,4.0,0.0,-41.0
1776887929.883103,4.0,-5.0,-35.0
1776887929.8931026,2.0,-4.0,-36.0
1776887929.9031026,8.0,-5.0,-34.0
1776887929.9131026,5.0,0.0,-33.0
1776887929.9231029,4.0,3.0,-40.0
1776887929.9331028,7.0,5.0,-44.0
1776887929.9431028,1.0,4.0,-44.0
1776887929.9531028,1.0,1.0,-37.0
1776887929.9631028,1.0,-1.0,-42.0
1776887929.9731028,5.0,-4.0,-37.0
1776887929.9831028,7.0,-7.0,-36.0
1776887929.9931028,9.0,-4.0,-44.0
1776887930.0031028,7.0,0.0,-44.0
1776887930.0131028,4.0,0.0,-53.0
1776887930.0231028,3.0,0.0,-48.0
1776887930.0331028,1.0,5.0,-43.0
1776887930.0431027,2.0,4.0,-43.0
1776887930.0531027,5.0,2.0,-49.0
1776887930.0631027,3.0,0.0,-47.0
1776887930.0731027,-1.0,0.0,-45.0
1776887930.0831027,0.0,-2.0,-43.0
1776887930.0931027,-4.0,-5.0,-35.0
1776887930.1031027,-8.0,-4.0,-32.0
1776887930.113103,-8.0,-3.0,-32.0
1776887930.123103,-6.0,0.0,-32.0
1776887930.133103,-4.0,0.0,-39.0
1776887930.1431026,-3.0,1.0,-46.0
1776887930.1531026,-3.0,-3.0,-39.0
1776887930.1631026,-6.0,-4.0,-39.0
1776887930.1731029,-8.0,0.0,-35.0
1776887930.1831028,-7.0,0.0,-35.0
1776887930.1931028,-4.0,0.0,-39.0
1776887930.2031028,1.0,2.0,-42.0
1776887930.2131028,3.0,0.0,-39.0
1776887930.2231028,1.0,2.0,-31.0
1776887930.2331028,3.0,4.0,-34.0
1776887930.2431028,0.0,4.0,-34.0
1776887930.2531028,-2.0,1.0,-34.0
1776887930.2631028,-4.0,2.0,-31.0
1776887930.2731028,-3.0,0.0,-19.0
1776887930.2831028,-5.0,3.0,-26.0
1776887930.2931027,0.0,3.0,-32.0
1776887930.3031027,1.0,1.0,-33.0
1776887930.3131027,1.0,-3.0,-27.0
1776887930.3231027,-1.0,-1.0,-29.0
1776887930.3331027,-6.0,0.0,-22.0
1776887930.3431027,-3.0,1.0,-26.0
1776887930.3531027,-3.0,0.0,-27.0
1776887930.363103,1.0,1.0,-25.0
1776887930.373103,3.0,4.0,-23.0
1776887930.383103,0.0,4.0,-30.0
1776887930.3931026,-2.0,2.0,-34.0
1776887930.4031026,-6.0,0.0,-33.0
1776887930.4131026,-6.0,-1.0,-33.0
1776887930.4231029,-3.0,-3.0,-34.0
1776887930.4331028,-3.0,0.0,-33.0
1776887930.4431028,-5.0,0.0,-26.0
1776887930.4531028,-2.0,-2.0,-30.0
1776887930.4631028,-2.0,0.0,-33.0
1776887930.4741027,-6.0,-1.0,-34.0
1776887930.4831028,-8.0,0.0,-32.0
1776887930.4941027,-4.0,4.0,-38.0
1776887930.5041027,-2.0,5.0,-32.0
1776887930.5141027,-1.0,5.0,-33.0
1776887930.5241027,-2.0,3.0,-38.0
1776887930.534103,0.0,3.0,-33.0
1776887930.544103,4.0,1.0,-29.0
1776887930.554103,4.0,3.0,-31.0
1776887930.5641026,0.0,5.0,-37.0
1776887930.5741026,5.0,4.0,-40.0
1776887930.5841026,1.0,7.0,-41.0
1776887930.5941026,2.0,5.0,-46.0
1776887930.6041028,-2.0,7.0,-41.0
1776887930.6141028,-10.0,6.0,-42.0
1776887930.6241028,-3.0,6.0,-45.0
1776887930.6341028,-4.0,4.0,-44.0
1776887930.6441028,-3.0,1.0,-43.0
1776887930.6541028,-6.0,-3.0,-39.0
1776887930.6641028,-8.0,-1.0,-41.0
1776887930.6741028,-8.0,0.0,-45.0
1776887930.6841028,-7.0,-3.0,-42.0
1776887930.6941028,-3.0,0.0,-43.0
1776887930.7041028,-3.0,1.0,-42.0
1776887930.7141027,-4.0,3.0,-37.0
1776887930.7241027,-4.0,4.0,-41.0
1776887930.7341027,-6.0,1.0,-42.0
1776887930.7441027,3.0,1.0,-42.0
1776887930.7541027,1.0,1.0,-41.0
1776887930.7641027,-1.0,-3.0,-37.0
1776887930.7741027,0.0,-3.0,-38.0
1776887930.784103,-4.0,-5.0,-33.0
1776887930.794103,0.0,-8.0,-28.0
1776887930.804103,0.0,-12.0,-29.0
1776887930.8141026,-2.0,-8.0,-39.0
1776887930.8241026,1.0,-5.0,-40.0
1776887930.8341026,3.0,-3.0,-35.0
1776887930.8441026,-2.0,-1.0,-38.0
1776887930.8541028,0.0,0.0,-44.0
1776887930.8641028,-2.0,-2.0,-49.0
1776887930.8741028,-5.0,-4.0,-47.0
1776887930.8841028,-9.0,0.0,-43.0
1776887930.8941028,-6.0,3.0,-46.0
1776887930.9041028,-6.0,1.0,-47.0
1776887930.9141028,-4.0,2.0,-48.0
1776887930.9241028,1.0,2.0,-48.0
1776887930.9341028,0.0,0.0,-48.0
1776887930.9441028,-1.0,0.0,-47.0
1776887930.9541028,1.0,-1.0,-47.0
1776887930.9641027,-2.0,0.0,-43.0
1776887930.9741027,0.0,0.0,-39.0
1776887930.9841027,5.0,0.0,-41.0
1776887930.9941027,0.0,2.0,-40.0
1776887931.0041027,3.0,3.0,-40.0
1776887931.0141027,4.0,-1.0,-46.0
1776887931.0241027,5.0,-5.0,-51.0
1776887931.034103,7.0,-3.0,-51.0
1776887931.044103,9.0,-5.0,-45.0
1776887931.054103,8.0,-5.0,-36.0
1776887931.0641026,9.0,-6.0,-38.0
1776887931.0741026,3.0,-10.0,-41.0
1776887931.0841026,2.0,-7.0,-40.0
1776887931.0941026,4.0,-4.0,-40.0
1776887931.1041028,5.0,-6.0,-40.0
1776887931.1141028,3.0,-4.0,-32.0
1776887931.1241028,6.0,-4.0,-36.0
1776887931.1341028,2.0,-1.0,-36.0
1776887931.1441028,3.0,2.0,-38.0
1776887931.1541028,4.0,1.0,-31.0
1776887931.1641028,0.0,3.0,-34.0
1776887931.1741028,0.0,0.0,-37.0
1776887931.1841028,3.0,1.0,-32.0
1776887931.1941028,3.0,3.0,-31.0
1776887931.2041028,4.0,5.0,-31.0
1776887931.2141027,0.0,6.0,-30.0
1776887931.2241027,2.0,4.0,-33.0
1776887931.2341027,4.0,3.0,-36.0
1776887931.2441027,1.0,0.0,-38.0
1776887931.2541027,-1.0,3.0,-38.0
1776887931.2641027,-5.0,4.0,-34.0
1776887931.2741027,6.0,2.0,-27.0
1776887931.284103,12.0,0.0,-29.0
1776887931.294103,8.0,-4.0,-34.0
1776887931.304103,3.0,-3.0,-29.0
1776887931.3141026,5.0,-3.0,-25.0
1776887931.3241026,1.0,0.0,-24.0
1776887931.3341026,0.0,1.0,-24.0
1776887931.3441026,-1.0,0.0,-25.0
1776887931.3541028,-3.0,-1.0,-38.0
1776887931.3641028,-4.0,1.0,-39.0
1776887931.3741028,-4.0,0.0,-45.0
1776887931.3841028,-3.0,-1.0,-49.0
1776887931.3941028,0.0,-3.0,-39.0
1776887931.4041028,0.0,1.0,-34.0
1776887931.4141028,0.0,2.0,-32.0
1776887931.4241028,3.0,3.0,-30.0
1776887931.4341028,1.0,-3.0,-36.0
1776887931.4441028,2.0,-2.0,-35.0
1776887931.4541028,3.0,-3.0,-36.0
1776887931.4641027,6.0,0.0,-35.0
1776887931.4741027,4.0,0.0,-34.0
1776887931.4841027,5.0,2.0,-33.0
1776887931.4941027,3.0,-2.0,-38.0
1776887931.5041027,2.0,0.0,-36.0
1776887931.5141027,2.0,1.0,-41.0
1776887931.5241027,2.0,0.0,-39.0
1776887931.534103,0.0,-4.0,-39.0
1776887931.544103,0.0,-6.0,-37.0
1776887931.554103,-2.0,0.0,-35.0
1776887931.5641026,0.0,0.0,-26.0
1776887931.5741026,0.0,4.0,-30.0
1776887931.5841026,0.0,3.0,-35.0
1776887931.5941026,1.0,0.0,-40.0
1776887931.6041028,3.0,1.0,-37.0
1776887931.6141028,1.0,3.0,-35.0
1776887931.6241028,1.0,3.0,-38.0
1776887931.6341028,0.0,0.0,-37.0
1776887931.6441028,7.0,-3.0,-38.0
1776887931.6541028,8.0,-1.0,-33.0
1776887931.6641028,6.0,0.0,-35.0
1776887931.6741028,0.0,-2.0,-38.0
1776887931.6841028,0.0,-1.0,-37.0
1776887931.6941028,2.0,0.0,-45.0
1776887931.7041028,3.0,0.0,-46.0
1776887931.7141027,2.0,0.0,-51.0
1776887931.7241027,5.0,-1.0,-50.0
1776887931.7341027,2.0,-4.0,-41.0
1776887931.7441027,0.0,-3.0,-42.0
1776887931.7541027,-1.0,-3.0,-46.0
1776887931.7641027,1.0,-1.0,-40.0
1776887931.7741027,-2.0,4.0,-43.0
1776887931.784103,-2.0,1.0,-43.0
1776887931.794103,0.0,1.0,-41.0
1776887931.804103,0.0,0.0,-36.0
1776887931.8141026,-2.0,3.0,-40.0
1776887931.8241026,-1.0,8.0,-46.0
1776887931.8341026,0.0,7.0,-50.0
1776887931.8441026,-4.0,6.0,-45.0
1776887931.8541028,-2.0,1.0,-43.0
1776887931.8641028,-3.0,2.0,-36.0
1776887931.8741028,2.0,0.0,-36.0
1776887931.8841028,3.0,-2.0,-43.0
1776887931.8941028,0.0,-3.0,-40.0
1776887931.9041028,0.0,0.0,-40.0
1776887931.9141028,0.0,0.0,-32.0
1776887931.9241028,0.0,0.0,-33.0
1776887931.9341028,-4.0,-1.0,-36.0
1776887931.9441028,-5.0,3.0,-31.0
1776887931.9541028,-2.0,3.0,-34.0
1776887931.9641027,3.0,-1.0,-41.0
1776887931.9741027,10.0,-4.0,-41.0
1776887931.9841027,9.0,-4.0,-38.0
1776887931.9941027,9.0,-1.0,-32.0
1776887932.0041027,3.0,0.0,-22.0
1776887932.0141027,2.0,-1.0,-16.0
1776887932.0241027,-3.0,-1.0,-22.0
1776887932.034103,-1.0,-3.0,-24.0
1776887932.044103,-1.0,-2.0,-21.0
1776887932.054103,-4.0,-5.0,-24.0
1776887932.0641026,-1.0,-5.0,-35.0
1776887932.0741026,0.0,-2.0,-35.0
1776887932.0841026,3.0,-2.0,-35.0
1776887932.0941026,1.0,-4.0,-32.0
1776887932.1041028,3.0,-5.0,-30.0
1776887932.1141028,2.0,0.0,-36.0
1776887932.1241028,0.0,2.0,-40.0
1776887932.1341028,2.0,6.0,-37.0
1776887932.1441028,5.0,5.0,-34.0
1776887932.1541028,0.0,3.0,-33.0
1776887932.1641028,-2.0,1.0,-35.0
1776887932.1741028,-2.0,0.0,-30.0
1776887932.1841028,-1.0,0.0,-28.0
1776887932.1941028,0.0,0.0,-37.0
1776887932.2041028,-1.0,0.0,-37.0
1776887932.2141027,-3.0,0.0,-38.0
1776887932.2241027,1.0,-4.0,-37.0
1776887932.2341027,3.0,-3.0,-44.0
1776887932.2441027,2.0,-1.0,-52.0
1776887932.2541027,0.0,0.0,-50.0
1776887932.2641027,-2.0,-4.0,-39.0
1776887932.2741027,-2.0,-9.0,-40.0
1776887932.284103,0.0,-6.0,-41.0
1776887932.294103,2.0,-8.0,-41.0
1776887932.304103,2.0,-5.0,-42.0
1776887932.3141026,-2.0,-9.0,-39.0
1776887932.3241026,-2.0,-7.0,-30.0
1776887932.3341026,3.0,-4.0,-27.0
1776887932.3441026,0.0,-1.0,-28.0
1776887932.3541028,-3.0,0.0,-28.0
1776887932.3641028,0.0,3.0,-27.0
1776887932.3741028,2.0,3.0,-29.0
1776887932.3841028,1.0,4.0,-29.0
1776887932.3941028,0.0,-1.0,-32.0
1776887932.4041028,0.0,1.0,-31.0
1776887932.4141028,-2.0,0.0,-38.0
1776887932.4241028,-7.0,0.0,-41.0
1776887932.4341028,-7.0,-2.0,-35.0
1776887932.4451027,-6.0,0.0,-37.0
1776887932.4541028,-5.0,2.0,-36.0
1776887932.4641027,0.0,2.0,-42.0
1776887932.4741027,2.0,2.0,-40.0
1776887932.4841027,4.0,1.0,-39.0
1776887932.4951026,1.0,3.0,-34.0
1776887932.5051026,3.0,4.0,-35.0
1776887932.5151026,7.0,6.0,-45.0
1776887932.5251029,5.0,5.0,-43.0
1776887932.5351028,4.0,0.0,-41.0
1776887932.5451028,0.0,-2.0,-35.0
1776887932.5551028,-2.0,-4.0,-35.0
1776887932.5651028,-1.0,-7.0,-33.0
1776887932.5751028,-2.0,-5.0,-33.0
1776887932.5851028,0.0,-3.0,-35.0
1776887932.5951028,0.0,-6.0,-37.0
1776887932.6051028,0.0,-6.0,-41.0
1776887932.6151028,2.0,-5.0,-43.0
1776887932.6251028,3.0,-3.0,-41.0
1776887932.6351027,1.0,-5.0,-37.0
1776887932.6451027,0.0,-3.0,-49.0
1776887932.6551027,3.0,0.0,-51.0
1776887932.6651027,9.0,-2.0,-47.0
1776887932.6751027,10.0,3.0,-37.0
1776887932.6851027,13.0,8.0,-40.0
1776887932.6951027,6.0,6.0,-46.0
1776887932.7051027,8.0,6.0,-45.0
1776887932.715103,7.0,3.0,-48.0
1776887932.725103,3.0,2.0,-52.0
1776887932.735103,6.0,-1.0,-50.0
1776887932.7451026,10.0,-1.0,-48.0
1776887932.7551026,7.0,0.0,-48.0
1776887932.7651026,9.0,0.0,-52.0
1776887932.7751029,4.0,5.0,-51.0
1776887932.7851028,3.0,4.0,-48.0
1776887932.7951028,3.0,5.0,-41.0
1776887932.8051028,3.0,1.0,-35.0
1776887932.8151028,1.0,0.0,-42.0
1776887932.8251028,2.0,1.0,-39.0
1776887932.8351028,5.0,-3.0,-35.0
1776887932.8451028,1.0,-3.0,-35.0
1776887932.8551028,1.0,-2.0,-35.0
1776887932.8651028,2.0,-2.0,-44.0
1776887932.8751028,0.0,0.0,-41.0
1776887932.8851027,3.0,3.0,-44.0
1776887932.8951027,5.0,-1.0,-40.0
1776887932.9051027,3.0,1.0,-39.0
1776887932.9151027,3.0,0.0,-33.0
1776887932.9251027,5.0,-2.0,-36.0
1776887932.9351027,2.0,-2.0,-36.0
1776887932.9451027,4.0,-1.0,-42.0
1776887932.9551027,2.0,0.0,-37.0
1776887932.965103,0.0,0.0,-35.0
1776887932.975103,2.0,-1.0,-27.0
1776887932.985103,3.0,0.0,-30.0
1776887932.9951026,1.0,0.0,-29.0
1776887933.0051026,-2.0,3.0,-31.0
1776887933.0151026,-4.0,-1.0,-33.0
1776887933.0251029,-2.0,-1.0,-27.0
1776887933.0351028,-1.0,-1.0,-29.0
1776887933.0451028,2.0,0.0,-33.0
1776887933.0551028,3.0,0.0,-37.0
1776887933.0651028,-3.0,-6.0,-36.0
1776887933.0751028,-6.0,-3.0,-34.0
1776887933.0851028,0.0,-3.0,-32.0
1776887933.0951028,2.0,-1.0,-37.0
1776887933.1051028,4.0,-6.0,-34.0
1776887933.1151028,2.0,-4.0,-37.0
1776887933.1251028,4.0,-6.0,-37.0
1776887933.1351027,2.0,0.0,-35.0
1776887933.1451027,4.0,1.0,-37.0
1776887933.1551027,2.0,1.0,-35.0
1776887933.1651027,4.0,1.0,-37.0
1776887933.1751027,-1.0,1.0,-33.0
1776887933.1851027,-5.0,2.0,-36.0
1776887933.1951027,-9.0,0.0,-36.0
1776887933.2051027,-6.0,-3.0,-38.0
1776887933.215103,-5.0,-4.0,-34.0
1776887933.225103,-6.0,0.0,-31.0
1776887933.235103,-3.0,1.0,-31.0
1776887933.2451026,0.0,1.0,-33.0
1776887933.2551026,2.0,-1.0,-32.0
1776887933.2651026,0.0,1.0,-35.0
1776887933.2751029,-5.0,0.0,-35.0
1776887933.2851028,-6.0,-1.0,-36.0
1776887933.2951028,-2.0,1.0,-37.0
1776887933.3051028,0.0,3.0,-35.0
1776887933.3151028,-1.0,1.0,-39.0
1776887933.3251028,-5.0,1.0,-41.0
1776887933.3351028,-4.0,3.0,-38.0
1776887933.3451028,-6.0,-3.0,-38.0
1776887933.3551028,-2.0,1.0,-34.0
1776887933.3651028,-2.0,-1.0,-24.0
1776887933.3751028,-4.0,-1.0,-27.0
1776887933.3851027,-3.0,0.0,-30.0
1776887933.3951027,-2.0,0.0,-30.0
1776887933.4051027,0.0,-2.0,-32.0
1776887933.4151027,-4.0,-4.0,-34.0
1776887933.4251027,-1.0,-2.0,-34.0
1776887933.4351027,2.0,-2.0,-37.0
1776887933.4451027,1.0,-2.0,-43.0
1776887933.4551027,-3.0,-2.0,-41.0
1776887933.465103,-2.0,-6.0,-44.0
1776887933.475103,0.0,-3.0,-45.0
1776887933.485103,0.0,-1.0,-41.0
1776887933.4951026,-1.0,-1.0,-38.0
1776887933.5051026,2.0,-4.0,-41.0
1776887933.5151026,1.0,-4.0,-35.0
1776887933.5251029,0.0,-4.0,-36.0
1776887933.5351028,-2.0,-5.0,-34.0
1776887933.5451028,0.0,-3.0,-29.0
1776887933.5551028,-2.0,-1.0,-32.0
1776887933.5651028,0.0,-1.0,-33.0
1776887933.5751028,-2.0,-1.0,-35.0
1776887933.5851028,0.0,-2.0,-33.0
1776887933.5951028,1.0,-2.0,-33.0
1776887933.6051028,1.0,-3.0,-30.0
1776887933.6151028,-3.0,-1.0,-32.0
1776887933.6251028,-4.0,-1.0,-34.0
1776887933.6351027,-7.0,-5.0,-34.0
1776887933.6451027,-7.0,-5.0,-31.0
1776887933.6551027,-7.0,-4.0,-26.0
1776887933.6651027,-4.0,0.0,-27.0
1776887933.6751027,-6.0,-3.0,-31.0
1776887933.6851027,-4.0,-7.0,-30.0
1776887933.6951027,-4.0,-8.0,-37.0
1776887933.7051027,-5.0,-9.0,-43.0
1776887933.715103,-5.0,-7.0,-45.0
1776887933.725103,0.0,0.0,-51.0
1776887933.735103,2.0,0.0,-49.0
1776887933.7451026,0.0,0.0,-46.0
1776887933.7551026,-2.0,4.0,-42.0
1776887933.7651026,-1.0,3.0,-38.0
1776887933.7751029,0.0,2.0,-35.0
1776887933.7851028,1.0,5.0,-37.0
1776887933.7951028,0.0,4.0,-42.0
1776887933.8051028,0.0,0.0,-38.0
1776887933.8151028,1.0,-1.0,-45.0
1776887933.8251028,6.0,-1.0,-47.0
1776887933.8351028,5.0,-1.0,-45.0
1776887933.8451028,6.0,-5.0,-40.0
1776887933.8551028,6.0,-8.0,-38.0
1776887933.8651028,1.0,-11.0,-33.0
1776887933.8751028,3.0,-8.0,-37.0
1776887933.8851027,3.0,-5.0,-36.0
1776887933.8951027,2.0,-5.0,-39.0
1776887933.9051027,2.0,0.0,-37.0
1776887933.9151027,3.0,0.0,-45.0
1776887933.9251027,4.0,0.0,-40.0
1776887933.9351027,4.0,0.0,-37.0
1776887933.9451027,3.0,0.0,-34.0
1776887933.9551027,3.0,0.0,-34.0
1776887933.965103,0.0,3.0,-31.0
1776887933.975103,0.0,2.0,-36.0
1776887933.985103,-3.0,0.0,-36.0
1776887933.9951026,0.0,0.0,-35.0
1776887934.0051026,1.0,0.0,-38.0
1776887934.0151026,-2.0,-2.0,-40.0
1776887934.0251029,-1.0,1.0,-33.0
1776887934.0351028,0.0,2.0,-32.0
1776887934.0451028,-3.0,-1.0,-27.0
1776887934.0551028,0.0,-4.0,-26.0
1776887934.0651028,2.0,-6.0,-16.0
1776887934.0751028,4.0,-3.0,-20.0
1776887934.0851028,6.0,0.0,-28.0
1776887934.0951028,4.0,-3.0,-31.0
1776887934.1051028,4.0,-5.0,-32.0
1776887934.1151028,2.0,-5.0,-29.0
1776887934.1251028,0.0,-4.0,-29.0
1776887934.1351027,3.0,-3.0,-29.0
1776887934.1451027,2.0,-6.0,-32.0
1776887934.1551027,0.0,-5.0,-34.0
1776887934.1651027,0.0,-4.0,-40.0
1776887934.1751027,-1.0,-3.0,-41.0
1776887934.1851027,-4.0,-6.0,-41.0
1776887934.1951027,-4.0,-6.0,-38.0
1776887934.2051027,-5.0,-5.0,-41.0
1776887934.215103,-3.0,-5.0,-44.0
1776887934.225103,-3.0,-3.0,-45.0
1776887934.235103,-3.0,-3.0,-46.0
1776887934.2451026,-1.0,-4.0,-43.0
1776887934.2551026,2.0,-7.0,-40.0
1776887934.2651026,1.0,-8.0,-43.0
1776887934.2751029,1.0,-6.0,-42.0
1776887934.2851028,0.0,-6.0,-45.0
1776887934.2951028,0.0,-8.0,-49.0
1776887934.3051028,-1.0,-6.0,-51.0
1776887934.3151028,0.0,-6.0,-49.0
1776887934.3251028,4.0,-5.0,-46.0
1776887934.3351028,5.0,-6.0,-46.0
1776887934.3451028,2.0,-4.0,-40.0
1776887934.3551028,0.0,-1.0,-48.0
1776887934.3651028,2.0,0.0,-44.0
1776887934.3751028,0.0,1.0,-42.0
1776887934.3851027,0.0,4.0,-42.0
1776887934.3951027,0.0,3.0,-39.0
1776887934.4051027,3.0,0.0,-47.0
1776887934.4151027,0.0,1.0,-42.0
1776887934.4251027,2.0,0.0,-38.0
1776887934.4351027,5.0,2.0,-37.0
1776887934.4451027,2.0,-2.0,-43.0
1776887934.4551027,3.0,-4.0,-42.0
1776887934.465103,-1.0,-2.0,-39.0
1776887934.4761028,-1.0,0.0,-45.0
1776887934.485103,0.0,0.0,-48.0
1776887934.4951026,3.0,-1.0,-46.0
1776887934.5061028,6.0,2.0,-44.0
1776887934.5161028,5.0,1.0,-41.0
1776887934.5261028,-2.0,1.0,-38.0
1776887934.5361028,0.0,1.0,-41.0
1776887934.5461028,2.0,0.0,-34.0
1776887934.5561028,2.0,0.0,-34.0
1776887934.5661027,0.0,-4.0,-46.0
1776887934.5761027,0.0,-4.0,-47.0
1776887934.5861027,0.0,-5.0,-43.0
1776887934.5961027,0.0,-5.0,-44.0
1776887934.6061027,0.0,-3.0,-38.0
1776887934.6161027,0.0,-1.0,-35.0
1776887934.6261027,5.0,2.0,-34.0
1776887934.636103,2.0,0.0,-27.0
1776887934.646103,4.0,-1.0,-31.0
1776887934.656103,1.0,-4.0,-36.0
1776887934.6661026,-1.0,-6.0,-39.0
1776887934.6761026,-2.0,-3.0,-41.0
1776887934.6861026,1.0,-3.0,-38.0
1776887934.6961029,1.0,-4.0,-36.0
1776887934.7061028,5.0,-2.0,-34.0
1776887934.7161028,2.0,-7.0,-30.0
1776887934.7261028,1.0,-5.0,-32.0
1776887934.7361028,0.0,-7.0,-35.0
1776887934.7461028,1.0,-4.0,-35.0
1776887934.7561028,1.0,-6.0,-31.0
1776887934.7661028,4.0,-6.0,-33.0
1776887934.7761028,5.0,-3.0,-33.0
1776887934.7861028,9.0,0.0,-40.0
1776887934.7961028,8.0,-1.0,-40.0
1776887934.8061028,10.0,0.0,-37.0
1776887934.8161027,8.0,4.0,-41.0
1776887934.8261027,5.0,7.0,-42.0
1776887934.8361027,-1.0,4.0,-38.0
1776887934.8461027,-2.0,4.0,-42.0
1776887934.8561027,0.0,0.0,-46.0
1776887934.8661027,6.0,0.0,-50.0
1776887934.8761027,5.0,-3.0,-50.0
1776887934.886103,3.0,-3.0,-44.0
1776887934.896103,1.0,-2.0,-36.0
1776887934.906103,-1.0,0.0,-34.0
1776887934.9161026,0.0,4.0,-34.0
1776887934.9261026,0.0,4.0,-41.0
1776887934.9361026,3.0,6.0,-42.0
1776887934.9461029,4.0,8.0,-41.0
1776887934.9561028,2.0,4.0,-36.0
1776887934.9661028,6.0,0.0,-33.0
1776887934.9761028,5.0,0.0,-34.0
1776887934.9861028,0.0,-1.0,-36.0
1776887934.9961028,0.0,-1.0,-36.0
1776887935.0061028,2.0,-6.0,-36.0
1776887935.0161028,-2.0,-4.0,-31.0
1776887935.0261028,-3.0,-6.0,-30.0
1776887935.0361028,-4.0,-4.0,-31.0
1776887935.0461028,-6.0,0.0,-25.0
1776887935.0561028,-5.0,0.0,-33.0
1776887935.0661027,-3.0,-1.0,-38.0
1776887935.0761027,-1.0,0.0,-37.0
1776887935.0861027,-2.0,-5.0,-38.0
1776887935.0961027,1.0,-5.0,-38.0
1776887935.1061027,1.0,-4.0,-31.0
1776887935.1161027,1.0,-1.0,-31.0
1776887935.1261027,4.0,-1.0,-37.0
1776887935.136103,8.0,-3.0,-34.0
1776887935.146103,5.0,-1.0,-39.0
1776887935.156103,2.0,-6.0,-51.0
1776887935.1661026,4.0,-8.0,-48.0
1776887935.1761026,3.0,-5.0,-49.0
1776887935.1861026,0.0,-8.0,-49.0
1776887935.1961029,-5.0,-5.0,-46.0
1776887935.2061028,-2.0,-2.0,-41.0
1776887935.2161028,0.0,1.0,-34.0
1776887935.2261028,0.0,0.0,-33.0
1776887935.2361028,-2.0,-2.0,-32.0
1776887935.2461028,5.0,-4.0,-36.0
1776887935.2561028,3.0,-1.0,-35.0
1776887935.2661028,2.0,0.0,-40.0
1776887935.2761028,4.0,0.0,-40.0
1776887935.2861028,5.0,0.0,-42.0
1776887935.2961028,6.0,3.0,-44.0
1776887935.3061028,4.0,-4.0,-46.0
1776887935.3161027,1.0,-7.0,-40.0
1776887935.3261027,3.0,-6.0,-36.0
1776887935.3361027,-1.0,-5.0,-39.0
1776887935.3461027,-3.0,-4.0,-40.0
1776887935.3561027,-11.0,-2.0,-39.0
1776887935.3661027,-10.0,0.0,-32.0
1776887935.3761027,-6.0,-5.0,-32.0
1776887935.386103,-7.0,-9.0,-28.0
1776887935.396103,-6.0,-5.0,-31.0
1776887935.406103,-10.0,-4.0,-32.0
1776887935.4161026,-8.0,-2.0,-30.0
1776887935.4261026,-5.0,0.0,-31.0
1776887935.4361026,-5.0,-2.0,-29.0
1776887935.4461029,0.0,0.0,-28.0
1776887935.4561028,0.0,-1.0,-32.0
1776887935.4661028,0.0,0.0,-32.0
1776887935.4761028,0.0,1.0,-28.0
1776887935.4861028,-2.0,0.0,-31.0
1776887935.4961028,-1.0,-1.0,-34.0
1776887935.5061028,0.0,2.0,-33.0
1776887935.5161028,1.0,3.0,-37.0
1776887935.5261028,0.0,6.0,-30.0
1776887935.5361028,3.0,4.0,-35.0
1776887935.5461028,6.0,8.0,-36.0
1776887935.5561028,2.0,7.0,-38.0
1776887935.5661027,7.0,1.0,-28.0
1776887935.5761027,2.0,0.0,-25.0
1776887935.5861027,2.0,0.0,-27.0
1776887935.5961027,3.0,0.0,-27.0
1776887935.6061027,1.0,-2.0,-28.0
1776887935.6161027,0.0,-3.0,-34.0
1776887935.6261027,-1.0,-4.0,-39.0
1776887935.636103,0.0,0.0,-39.0
1776887935.646103,2.0,7.0,-38.0
1776887935.656103,0.0,4.0,-41.0
1776887935.6661026,-6.0,6.0,-38.0
1776887935.6761026,0.0,8.0,-36.0
1776887935.6861026,-1.0,8.0,-38.0
1776887935.6961029,-8.0,9.0,-33.0
1776887935.7061028,-5.0,9.0,-32.0
1776887935.7161028,-3.0,10.0,-29.0
1776887935.7261028,-2.0,9.0,-33.0
1776887935.7361028,2.0,5.0,-35.0
1776887935.7461028,-1.0,0.0,-29.0
1776887935.7561028,-2.0,-1.0,-28.0
1776887935.7661028,-2.0,2.0,-28.0
1776887935.7761028,-1.0,0.0,-38.0
1776887935.7861028,0.0,-2.0,-40.0
1776887935.7961028,3.0,0.0,-34.0
1776887935.8061028,2.0,1.0,-36.0
1776887935.8161027,0.0,1.0,-41.0
1776887935.8261027,5.0,4.0,-41.0
1776887935.8361027,6.0,4.0,-31.0
1776887935.8461027,6.0,1.0,-39.0
1776887935.8561027,5.0,1.0,-36.0
1776887935.8661027,5.0,-2.0,-37.0
1776887935.8761027,5.0,-2.0,-36.0
1776887935.886103,0.0,-4.0,-36.0
1776887935.896103,2.0,-5.0,-27.0
1776887935.906103,2.0,-4.0,-26.0
1776887935.9161026,0.0,-3.0,-29.0
1776887935.9261026,1.0,0.0,-29.0
1776887935.9361026,0.0,-2.0,-33.0
1776887935.9461029,-1.0,1.0,-36.0
1776887935.9561028,-3.0,5.0,-37.0
1776887935.9661028,1.0,5.0,-39.0
1776887935.9761028,0.0,9.0,-43.0
1776887935.9861028,0.0,6.0,-35.0
1776887935.9961028,-1.0,8.0,-38.0
1776887936.0061028,0.0,5.0,-34.0
1776887936.0161028,-5.0,1.0,-30.0
1776887936.0261028,-2.0,5.0,-33.0
1776887936.0361028,-5.0,2.0,-34.0
1776887936.0461028,0.0,0.0,-33.0
1776887936.0561028,-1.0,-6.0,-31.0
1776887936.0661027,-1.0,-9.0,-29.0
1776887936.0761027,0.0,-8.0,-32.0
1776887936.0861027,-1.0,-9.0,-30.0
1776887936.0961027,-3.0,-5.0,-28.0
1776887936.1061027,0.0,-6.0,-30.0
1776887936.1161027,0.0,0.0,-33.0
1776887936.1261027,2.0,-2.0,-34.0
1776887936.136103,0.0,-1.0,-30.0
1776887936.146103,-2.0,-1.0,-28.0
1776887936.156103,0.0,2.0,-26.0
1776887936.1661026,3.0,1.0,-32.0
1776887936.1761026,3.0,-2.0,-31.0
1776887936.1861026,2.0,-1.0,-28.0
1776887936.1961029,1.0,4.0,-32.0
1776887936.2061028,0.0,5.0,-39.0
1776887936.2161028,-2.0,5.0,-42.0
1776887936.2261028,-1.0,1.0,-41.0
1776887936.2361028,-4.0,-2.0,-46.0
1776887936.2461028,-5.0,0.0,-41.0
1776887936.2561028,-1.0,0.0,-40.0
1776887936.2661028,-3.0,0.0,-34.0
1776887936.2761028,0.0,-2.0,-32.0
1776887936.2861028,1.0,-6.0,-33.0
1776887936.2961028,0.0,-4.0,-34.0
1776887936.3061028,-2.0,-4.0,-32.0
1776887936.3161027,0.0,0.0,-31.0
1776887936.3261027,-1.0,0.0,-29.0
1776887936.3361027,-2.0,8.0,-26.0
1776887936.3461027,-1.0,10.0,-21.0
1776887936.3561027,-2.0,8.0,-25.0
1776887936.3661027,1.0,5.0,-21.0
1776887936.3761027,0.0,6.0,-27.0
1776887936.386103,-4.0,6.0,-26.0
1776887936.396103,-1.0,2.0,-30.0
1776887936.406103,0.0,-1.0,-30.0
1776887936.4161026,0.0,1.0,-35.0
1776887936.4261026,2.0,2.0,-29.0
1776887936.4361026,0.0,5.0,-31.0
1776887936.4461029,-2.0,7.0,-31.0
1776887936.4561028,-1.0,7.0,-28.0
1776887936.4661028,-3.0,5.0,-28.0
1776887936.4761028,0.0,-1.0,-36.0
1776887936.4871027,-3.0,-3.0,-33.0
1776887936.4971027,0.0,2.0,-37.0
1776887936.5071027,-1.0,4.0,-39.0
1776887936.5171027,0.0,3.0,-29.0
1776887936.5271027,3.0,2.0,-18.0
1776887936.5371027,0.0,0.0,-21.0
1776887936.5471027,1.0,0.0,-32.0
1776887936.557103,-3.0,-3.0,-26.0
1776887936.567103,0.0,-3.0,-18.0
1776887936.577103,-3.0,-4.0,-20.0
1776887936.587103,-1.0,-6.0,-28.0
1776887936.5971026,0.0,-2.0,-37.0
1776887936.6071026,-3.0,-4.0,-42.0
1776887936.6171026,0.0,-4.0,-38.0
1776887936.6271029,0.0,-2.0,-31.0
1776887936.6371028,-3.0,-3.0,-25.0
1776887936.6471028,-6.0,-1.0,-28.0
1776887936.6571028,-6.0,0.0,-28.0
1776887936.6671028,-4.0,-3.0,-31.0
1776887936.6771028,-2.0,-7.0,-36.0
1776887936.6871028,0.0,-4.0,-35.0
1776887936.6971028,-5.0,-3.0,-39.0
1776887936.7071028,-4.0,1.0,-34.0
1776887936.7171028,0.0,0.0,-27.0
1776887936.7271028,0.0,1.0,-20.0
1776887936.7371027,2.0,0.0,-21.0
1776887936.7471027,3.0,-2.0,-26.0
1776887936.7571027,5.0,0.0,-31.0
1776887936.7671027,3.0,0.0,-36.0
1776887936.7771027,4.0,5.0,-36.0
1776887936.7871027,3.0,8.0,-37.0
1776887936.7971027,1.0,6.0,-39.0
1776887936.807103,0.0,6.0,-38.0
1776887936.817103,-1.0,4.0,-40.0
1776887936.827103,3.0,6.0,-40.0
1776887936.837103,3.0,2.0,-39.0
1776887936.8471026,2.0,5.0,-44.0
1776887936.8571026,1.0,1.0,-40.0
1776887936.8671026,4.0,0.0,-41.0
1776887936.8771029,1.0,3.0,-30.0
1776887936.8871028,1.0,2.0,-27.0
1776887936.8971028,2.0,0.0,-30.0
1776887936.9071028,2.0,2.0,-29.0
1776887936.9171028,5.0,3.0,-38.0
1776887936.9271028,3.0,3.0,-39.0
1776887936.9371028,4.0,1.0,-40.0
1776887936.9471028,4.0,0.0,-41.0
1776887936.9571028,3.0,-2.0,-43.0
1776887936.9671028,5.0,-1.0,-48.0
1776887936.9771028,4.0,-1.0,-52.0
1776887936.9871027,-2.0,3.0,-49.0
1776887936.9971027,-4.0,4.0,-49.0
1776887937.0071027,0.0,3.0,-50.0
1776887937.0171027,5.0,3.0,-51.0
1776887937.0271027,6.0,0.0,-54.0
1776887937.0371027,4.0,1.0,-49.0
1776887937.0471027,5.0,3.0,-44.0
1776887937.057103,3.0,1.0,-42.0
1776887937.067103,0.0,1.0,-38.0
1776887937.077103,4.0,-1.0,-39.0
1776887937.087103,6.0,0.0,-35.0
1776887937.0971026,4.0,3.0,-47.0
1776887937.1071026,2.0,6.0,-47.0
1776887937.1171026,1.0,3.0,-45.0
1776887937.1271029,-4.0,0.0,-41.0
1776887937.1371028,0.0,1.0,-36.0
1776887937.1471028,0.0,-3.0,-37.0
1776887937.1571028,0.0,-2.0,-32.0
1776887937.1671028,1.0,1.0,-38.0
1776887937.1771028,1.0,0.0,-36.0
1776887937.1871028,1.0,-1.0,-36.0
1776887937.1971028,5.0,0.0,-33.0
1776887937.2071028,8.0,2.0,-40.0
1776887937.2171028,2.0,3.0,-36.0
1776887937.2271028,-2.0,2.0,-36.0
1776887937.2371027,-5.0,0.0,-38.0
1776887937.2471027,-2.0,0.0,-34.0
1776887937.2571027,-2.0,-4.0,-38.0
1776887937.2671027,-2.0,0.0,-36.0
1776887937.2771027,0.0,0.0,-39.0
1776887937.2871027,-2.0,3.0,-40.0
1776887937.2971027,-3.0,2.0,-37.0
1776887937.307103,-2.0,1.0,-30.0
1776887937.317103,-5.0,2.0,-30.0
1776887937.327103,-5.0,-4.0,-33.0
1776887937.337103,-2.0,-6.0,-37.0
1776887937.3471026,-3.0,-4.0,-36.0
1776887937.3571026,-3.0,0.0,-30.0
1776887937.3671026,-3.0,1.0,-33.0
1776887937.3771029,0.0,2.0,-34.0
1776887937.3871028,1.0,2.0,-34.0
1776887937.3971028,0.0,4.0,-31.0
1776887937.4071028,-1.0,1.0,-30.0
1776887937.4171028,0.0,1.0,-34.0
1776887937.4271028,1.0,0.0,-37.0
1776887937.4371028,0.0,0.0,-36.0
1776887937.4471028,-3.0,1.0,-35.0
1776887937.4571028,-5.0,0.0,-33.0
1776887937.4671028,-6.0,1.0,-32.0
1776887937.4771028,-4.0,2.0,-31.0
1776887937.4871027,-4.0,5.0,-30.0
1776887937.4971027,0.0,3.0,-24.0
1776887937.5071027,2.0,3.0,-20.0
1776887937.5171027,6.0,-4.0,-20.0
1776887937.5271027,2.0,-4.0,-27.0
1776887937.5371027,-1.0,-1.0,-28.0
1776887937.5471027,0.0,0.0,-31.0
1776887937.557103,-2.0,0.0,-39.0
1776887937.567103,-3.0,1.0,-44.0
1776887937.577103,0.0,2.0,-48.0
1776887937.587103,3.0,2.0,-47.0
1776887937.5971026,1.0,2.0,-39.0
1776887937.6071026,0.0,-3.0,-37.0
1776887937.6171026,-3.0,0.0,-34.0
1776887937.6271029,-5.0,0.0,-35.0
1776887937.6371028,-1.0,-2.0,-39.0
1776887937.6471028,3.0,-3.0,-41.0
1776887937.6571028,0.0,-2.0,-40.0
1776887937.6671028,3.0,0.0,-43.0
1776887937.6771028,2.0,2.0,-39.0
1776887937.6871028,-3.0,5.0,-36.0
1776887937.6971028,-1.0,1.0,-36.0
1776887937.7071028,-3.0,0.0,-39.0
1776887937.7171028,3.0,0.0,-39.0
1776887937.7271028,3.0,0.0,-43.0
1776887937.7371027,1.0,0.0,-44.0
1776887937.7471027,1.0,3.0,-36.0
1776887937.7571027,-2.0,2.0,-38.0
1776887937.7671027,-6.0,0.0,-30.0
1776887937.7771027,-9.0,-3.0,-31.0
1776887937.7871027,-7.0,0.0,-35.0
1776887937.7971027,-5.0,0.0,-32.0
1776887937.807103,-4.0,4.0,-30.0
1776887937.817103,-5.0,3.0,-34.0
1776887937.827103,-4.0,2.0,-38.0
1776887937.837103,1.0,3.0,-35.0
1776887937.8471026,2.0,2.0,-33.0
1776887937.8571026,8.0,1.0,-33.0
1776887937.8671026,6.0,4.0,-39.0
1776887937.8771029,1.0,2.0,-39.0
1776887937.8871028,5.0,-1.0,-40.0
1776887937.8971028,6.0,-2.0,-42.0
1776887937.9071028,2.0,-5.0,-41.0
1776887937.9171028,6.0,-6.0,-43.0
1776887937.9271028,7.0,-7.0,-43.0
1776887937.9371028,0.0,-6.0,-42.0
1776887937.9471028,0.0,-6.0,-39.0
1776887937.9571028,0.0,-3.0,-43.0
1776887937.9671028,-3.0,2.0,-41.0
1776887937.9771028,0.0,0.0,-39.0
1776887937.9871027,4.0,-1.0,-38.0
1776887937.9971027,1.0,-3.0,-39.0
1776887938.0071027,3.0,-3.0,-42.0
1776887938.0171027,5.0,-2.0,-41.0
1776887938.0271027,-1.0,1.0,-40.0
1776887938.0371027,-4.0,-1.0,-38.0
1776887938.0471027,-2.0,1.0,-34.0
1776887938.057103,-4.0,4.0,-38.0
1776887938.067103,-5.0,0.0,-38.0
1776887938.077103,0.0,-2.0,-38.0
1776887938.087103,6.0,-4.0,-41.0
1776887938.0971026,10.0,-1.0,-47.0
1776887938.1071026,8.0,-1.0,-46.0
1776887938.1171026,10.0,2.0,-42.0
1776887938.1271029,8.0,4.0,-40.0
1776887938.1371028,6.0,6.0,-44.0
1776887938.1471028,9.0,1.0,-43.0
1776887938.1571028,10.0,1.0,-43.0
1776887938.1671028,6.0,2.0,-44.0
1776887938.1771028,2.0,0.0,-39.0
1776887938.1871028,4.0,1.0,-32.0
1776887938.1971028,3.0,1.0,-33.0
1776887938.2071028,3.0,5.0,-32.0
1776887938.2171028,3.0,-1.0,-32.0
1776887938.2271028,2.0,0.0,-38.0
1776887938.2371027,3.0,-2.0,-41.0
1776887938.2471027,2.0,-5.0,-38.0
1776887938.2571027,5.0,-5.0,-39.0
1776887938.2671027,3.0,-7.0,-41.0
1776887938.2771027,2.0,-11.0,-38.0
1776887938.2871027,1.0,-15.0,-35.0
1776887938.2971027,0.0,-12.0,-37.0
1776887938.307103,-4.0,-7.0,-34.0
1776887938.317103,-8.0,-3.0,-29.0
1776887938.327103,-7.0,-2.0,-38.0
1776887938.337103,-4.0,0.0,-40.0
1776887938.3471026,0.0,0.0,-43.0
1776887938.3571026,1.0,3.0,-44.0
1776887938.3671026,-2.0,0.0,-39.0
1776887938.3771029,-6.0,-3.0,-32.0
1776887938.3871028,-4.0,-1.0,-31.0
1776887938.3971028,-2.0,-3.0,-32.0
1776887938.4071028,0.0,0.0,-37.0
1776887938.4171028,1.0,1.0,-35.0
1776887938.4271028,2.0,-2.0,-40.0
1776887938.4371028,7.0,-2.0,-36.0
1776887938.4471028,4.0,-4.0,-34.0
1776887938.4571028,5.0,-7.0,-36.0
1776887938.4681027,8.0,-10.0,-39.0
1776887938.4771028,7.0,-9.0,-44.0
1776887938.488103,6.0,-3.0,-44.0
1776887938.4971027,11.0,-2.0,-38.0
1776887938.508103,7.0,-3.0,-35.0
1776887938.5181026,4.0,-4.0,-33.0
1776887938.5281026,5.0,-2.0,-33.0
1776887938.5381026,6.0,-3.0,-32.0
1776887938.5481029,4.0,-3.0,-34.0
1776887938.5581028,4.0,-4.0,-28.0
1776887938.5681028,2.0,-1.0,-25.0
1776887938.5781028,0.0,0.0,-17.0
1776887938.5881028,4.0,4.0,-9.0
1776887938.5981028,3.0,1.0,-16.0
1776887938.6081028,6.0,-1.0,-17.0
1776887938.6181028,5.0,-3.0,-12.0
1776887938.6281028,5.0,-3.0,-16.0
1776887938.6381028,2.0,1.0,-22.0
1776887938.6481028,-1.0,3.0,-31.0
1776887938.6581028,-2.0,2.0,-33.0
1776887938.6681027,0.0,3.0,-39.0
1776887938.6781027,-5.0,2.0,-35.0
1776887938.6881027,-6.0,2.0,-31.0
1776887938.6981027,-1.0,3.0,-31.0
1776887938.7081027,-3.0,2.0,-38.0
1776887938.7181027,-1.0,1.0,-41.0
1776887938.7281027,-1.0,2.0,-40.0
1776887938.738103,0.0,0.0,-36.0
1776887938.748103,0.0,-3.0,-41.0
1776887938.758103,0.0,-3.0,-42.0
1776887938.7681026,3.0,-4.0,-38.0
1776887938.7781026,3.0,-1.0,-39.0
1776887938.7881026,2.0,-2.0,-43.0
1776887938.7981029,-1.0,-2.0,-38.0
1776887938.8081028,-2.0,-7.0,-36.0
1776887938.8181028,-2.0,-6.0,-34.0
1776887938.8281028,1.0,-10.0,-38.0
1776887938.8381028,0.0,-9.0,-34.0
1776887938.8481028,2.0,-8.0,-37.0
1776887938.8581028,3.0,-7.0,-44.0
1776887938.8681028,0.0,-10.0,-43.0
1776887938.8781028,1.0,-11.0,-44.0
1776887938.8881028,0.0,-4.0,-44.0
1776887938.8981028,-1.0,-7.0,-46.0
1776887938.9081028,0.0,-2.0,-41.0
1776887938.9181027,2.0,-4.0,-44.0
1776887938.9281027,8.0,-5.0,-39.0
1776887938.9381027,6.0,-6.0,-36.0
1776887938.9481027,4.0,-7.0,-41.0
1776887938.9581027,6.0,-5.0,-45.0
1776887938.9681027,3.0,-5.0,-43.0
1776887938.9781027,4.0,-2.0,-40.0
1776887938.988103,1.0,-2.0,-35.0
1776887938.998103,-2.0,-1.0,-33.0
1776887939.008103,-6.0,0.0,-34.0
1776887939.0181026,-5.0,-4.0,-31.0
1776887939.0281026,1.0,-6.0,-37.0
1776887939.0381026,5.0,-3.0,-40.0
1776887939.0481029,1.0,-3.0,-41.0
1776887939.0581028,2.0,-1.0,-39.0
1776887939.0681028,5.0,0.0,-36.0
1776887939.0781028,1.0,0.0,-33.0
1776887939.0881028,5.0,-2.0,-33.0
1776887939.0981028,6.0,-2.0,-28.0
1776887939.1081028,4.0,-5.0,-28.0
1776887939.1181028,6.0,-4.0,-25.0
1776887939.1281028,4.0,-4.0,-30.0
1776887939.1381028,0.0,-8.0,-36.0
1776887939.1481028,1.0,-9.0,-35.0
1776887939.1581028,2.0,-7.0,-35.0
1776887939.1681027,2.0,-6.0,-40.0
1776887939.1781027,-2.0,-5.0,-38.0
1776887939.1881027,-7.0,-4.0,-39.0
1776887939.1981027,-10.0,-4.0,-37.0
1776887939.2081027,-12.0,-5.0,-33.0
1776887939.2181027,-5.0,-7.0,-18.0
1776887939.2281027,-3.0,-9.0,-27.0
1776887939.238103,0.0,-14.0,-30.0
1776887939.248103,1.0,-13.0,-34.0
1776887939.258103,3.0,-14.0,-33.0
1776887939.2681026,6.0,-11.0,-31.0
1776887939.2781026,4.0,-7.0,-38.0
1776887939.2881026,2.0,-2.0,-40.0
1776887939.2981029,3.0,0.0,-39.0
1776887939.3081028,6.0,0.0,-48.0
1776887939.3181028,4.0,0.0,-46.0
1776887939.3281028,0.0,-1.0,-47.0
1776887939.3381028,1.0,-5.0,-48.0
1776887939.3481028,0.0,-6.0,-46.0
1776887939.3581028,2.0,-4.0,-39.0
1776887939.3681028,5.0,-3.0,-34.0
1776887939.3781028,6.0,-2.0,-33.0
1776887939.3881028,2.0,-5.0,-40.0
1776887939.3981028,5.0,-8.0,-37.0
1776887939.4081028,4.0,-3.0,-32.0
1776887939.4181027,8.0,-3.0,-30.0
1776887939.4281027,5.0,0.0,-32.0
1776887939.4381027,4.0,-3.0,-34.0
1776887939.4481027,0.0,-6.0,-38.0
1776887939.4581027,-1.0,-7.0,-36.0
1776887939.4681027,-1.0,-9.0,-37.0
1776887939.4781027,-3.0,-6.0,-36.0
1776887939.488103,0.0,-4.0,-39.0
1776887939.498103,0.0,-1.0,-34.0
1776887939.508103,-2.0,-2.0,-25.0
1776887939.5181026,-2.0,0.0,-33.0
1776887939.5281026,-6.0,0.0,-28.0
1776887939.5381026,-5.0,0.0,-30.0
1776887939.5481029,-2.0,0.0,-33.0
1776887939.5581028,2.0,-2.0,-36.0
1776887939.5681028,1.0,2.0,-38.0
1776887939.5781028,5.0,0.0,-45.0
1776887939.5881028,5.0,0.0,-43.0
1776887939.5981028,2.0,-2.0,-37.0
1776887939.6081028,2.0,-6.0,-40.0
1776887939.6181028,2.0,-4.0,-41.0
1776887939.6281028,-2.0,-5.0,-40.0
1776887939.6381028,-5.0,-5.0,-38.0
1776887939.6481028,-3.0,-4.0,-38.0
1776887939.6581028,-1.0,-5.0,-35.0
1776887939.6681027,1.0,-5.0,-33.0
1776887939.6781027,-2.0,-4.0,-36.0
1776887939.6881027,0.0,-3.0,-44.0
1776887939.6981027,-2.0,-5.0,-41.0
1776887939.7081027,-6.0,-5.0,-47.0
1776887939.7181027,-6.0,-8.0,-45.0
1776887939.7281027,-5.0,-6.0,-43.0
1776887939.738103,-5.0,-2.0,-44.0
1776887939.748103,0.0,-2.0,-35.0
1776887939.758103,0.0,-1.0,-38.0
1776887939.7681026,2.0,0.0,-35.0
1776887939.7781026,1.0,-2.0,-25.0
1776887939.7881026,1.0,-2.0,-32.0
1776887939.7981029,1.0,-9.0,-39.0
1776887939.8081028,1.0,-10.0,-41.0
1776887939.8181028,1.0,-10.0,-41.0
1776887939.8281028,0.0,-14.0,-45.0
1776887939.8381028,1.0,-10.0,-48.0
1776887939.8481028,1.0,-8.0,-53.0
1776887939.8581028,-2.0,-5.0,-49.0
1776887939.8681028,0.0,-4.0,-48.0
1776887939.8781028,-1.0,-5.0,-43.0
1776887939.8881028,-5.0,2.0,-40.0
1776887939.8981028,-6.0,1.0,-41.0
1776887939.9081028,-1.0,-1.0,-39.0
1776887939.9181027,-2.0,-2.0,-38.0
1776887939.9281027,-3.0,-2.0,-42.0
1776887939.9381027,-4.0,-2.0,-43.0
1776887939.9481027,-8.0,-1.0,-41.0
1776887939.9581027,-4.0,0.0,-41.0
1776887939.9681027,1.0,-5.0,-45.0
1776887939.9781027,-3.0,-6.0,-44.0
1776887939.988103,-4.0,-6.0,-48.0
1776887939.998103,-3.0,-5.0,-41.0
1776887940.008103,-4.0,0.0,-45.0
1776887940.0181026,0.0,1.0,-39.0
1776887940.0281026,-1.0,4.0,-34.0
1776887940.0381026,0.0,2.0,-38.0
1776887940.0481029,-3.0,8.0,-28.0
1776887940.0581028,-6.0,7.0,-30.0
1776887940.0681028,-8.0,5.0,-31.0
1776887940.0781028,-6.0,2.0,-35.0
1776887940.0881028,-2.0,3.0,-37.0
1776887940.0981028,-1.0,4.0,-34.0
1776887940.1081028,-1.0,2.0,-38.0
1776887940.1181028,2.0,1.0,-39.0
1776887940.1281028,5.0,2.0,-36.0
1776887940.1381028,4.0,-1.0,-35.0
1776887940.1481028,3.0,-2.0,-37.0
1776887940.1581028,7.0,-3.0,-33.0
1776887940.1681027,5.0,-6.0,-33.0
1776887940.1781027,4.0,0.0,-37.0
1776887940.1881027,2.0,0.0,-33.0
1776887940.1981027,5.0,1.0,-33.0
1776887940.2081027,-2.0,2.0,-25.0
1776887940.2181027,0.0,-4.0,-24.0
1776887940.2281027,3.0,-6.0,-30.0
1776887940.238103,2.0,-6.0,-26.0
1776887940.248103,2.0,-3.0,-23.0
1776887940.258103,3.0,-2.0,-28.0
1776887940.2681026,3.0,-5.0,-34.0
1776887940.2781026,0.0,-4.0,-33.0
1776887940.2881026,-1.0,-4.0,-35.0
1776887940.2981029,-1.0,-4.0,-32.0
1776887940.3081028,1.0,0.0,-36.0
1776887940.3181028,0.0,2.0,-36.0
1776887940.3281028,1.0,0.0,-39.0
1776887940.3381028,3.0,-3.0,-43.0
1776887940.3481028,4.0,-10.0,-45.0
1776887940.3581028,5.0,-7.0,-42.0
1776887940.3681028,7.0,-3.0,-38.0
1776887940.3781028,10.0,-1.0,-36.0
1776887940.3881028,10.0,-1.0,-38.0
1776887940.3981028,9.0,0.0,-43.0
1776887940.4081028,5.0,-3.0,-38.0
1776887940.4181027,4.0,-2.0,-40.0
1776887940.4281027,6.0,0.0,-46.0
1776887940.4381027,5.0,6.0,-41.0
1776887940.4481027,0.0,3.0,-43.0
1776887940.4581027,-3.0,0.0,-40.0
1776887940.4691026,-7.0,-4.0,-39.0
1776887940.4781027,-2.0,0.0,-40.0
1776887940.488103,0.0,0.0,-36.0
1776887940.498103,0.0,2.0,-40.0
1776887940.5091028,-2.0,0.0,-30.0
1776887940.5191028,0.0,0.0,-26.0
1776887940.5291028,-2.0,0.0,-34.0
1776887940.5391028,-1.0,-3.0,-38.0
1776887940.5491028,-2.0,-2.0,-41.0
1776887940.5591028,0.0,-4.0,-40.0
1776887940.5691028,3.0,0.0,-45.0
1776887940.5791028,-1.0,0.0,-47.0
1776887940.5891027,-2.0,0.0,-50.0
1776887940.5991027,-3.0,3.0,-51.0
1776887940.6091027,-3.0,0.0,-54.0
1776887940.6191027,-6.0,-1.0,-49.0
1776887940.6291027,-6.0,-1.0,-42.0
1776887940.6391027,-6.0,-1.0,-45.0
1776887940.6491027,-3.0,-1.0,-38.0
1776887940.659103,1.0,1.0,-39.0
1776887940.669103,2.0,0.0,-42.0
1776887940.679103,0.0,1.0,-40.0
1776887940.6891026,-1.0,0.0,-37.0
1776887940.6991026,0.0,0.0,-35.0
1776887940.7091026,3.0,1.0,-32.0
1776887940.7191026,3.0,-1.0,-35.0
1776887940.7291028,3.0,-3.0,-31.0
1776887940.7391028,0.0,-7.0,-32.0
1776887940.7491028,-2.0,-3.0,-33.0
1776887940.7591028,-2.0,-2.0,-35.0
1776887940.7691028,-7.0,1.0,-38.0
1776887940.7791028,-11.0,3.0,-39.0
1776887940.7901027,-8.0,0.0,-39.0
1776887940.7991028,-5.0,0.0,-38.0
1776887940.8091028,3.0,0.0,-41.0
1776887940.8191028,0.0,0.0,-37.0
1776887940.8291028,-3.0,-3.0,-34.0
1776887940.8391027,-7.0,-1.0,-33.0
1776887940.8491027,-8.0,3.0,-29.0
1776887940.8591027,-5.0,0.0,-27.0
1776887940.8691027,-1.0,1.0,-23.0
1776887940.8791027,0.0,1.0,-29.0
1776887940.8891027,-1.0,0.0,-29.0
1776887940.8991027,-6.0,3.0,-30.0
1776887940.909103,-12.0,2.0,-30.0
1776887940.919103,-8.0,4.0,-32.0
1776887940.929103,-4.0,3.0,-32.0
1776887940.9391026,0.0,4.0,-32.0
1776887940.9491026,-2.0,-1.0,-26.0
1776887940.9591026,0.0,-1.0,-23.0
1776887940.9691026,0.0,-4.0,-25.0
1776887940.9791028,-2.0,-4.0,-25.0
1776887940.9891028,4.0,-5.0,-31.0
1776887940.9991028,4.0,-5.0,-38.0
1776887941.0091028,-3.0,-12.0,-39.0
1776887941.0191028,-6.0,-9.0,-35.0
1776887941.0291028,-7.0,-7.0,-32.0
1776887941.0391028,-7.0,-3.0,-33.0
1776887941.0491028,-2.0,-5.0,-32.0
1776887941.0591028,-2.0,-5.0,-32.0
1776887941.0691028,0.0,-5.0,-35.0
1776887941.0791028,1.0,-4.0,-38.0
1776887941.0891027,3.0,-3.0,-36.0
1776887941.0991027,-5.0,-1.0,-31.0
1776887941.1091027,-3.0,-1.0,-31.0
1776887941.1191027,-4.0,-3.0,-35.0
1776887941.1291027,-2.0,-8.0,-34.0
1776887941.1391027,-1.0,-8.0,-35.0
1776887941.1491027,1.0,-9.0,-39.0
1776887941.159103,0.0,-7.0,-48.0
1776887941.169103,0.0,-5.0,-37.0
1776887941.179103,0.0,2.0,-34.0
1776887941.1891026,1.0,-2.0,-31.0
1776887941.1991026,2.0,-1.0,-33.0
1776887941.2091026,8.0,0.0,-33.0
1776887941.2191026,7.0,0.0,-30.0
1776887941.2291028,8.0,2.0,-23.0
1776887941.2391028,4.0,1.0,-26.0
1776887941.2491028,3.0,-4.0,-27.0
1776887941.2591028,5.0,0.0,-27.0
1776887941.2691028,5.0,-5.0,-27.0
1776887941.2791028,4.0,-4.0,-17.0
1776887941.2891028,6.0,-3.0,-29.0
1776887941.2991028,7.0,-4.0,-33.0
1776887941.3091028,3.0,-1.0,-32.0
1776887941.3191028,1.0,1.0,-32.0
1776887941.3291028,-7.0,0.0,-33.0
1776887941.3391027,-6.0,0.0,-32.0
1776887941.3491027,0.0,-4.0,-36.0
1776887941.3591027,-2.0,0.0,-39.0
1776887941.3691027,5.0,1.0,-38.0
1776887941.3791027,-2.0,-2.0,-33.0
1776887941.3891027,4.0,-1.0,-31.0
1776887941.3991027,0.0,-1.0,-32.0
1776887941.409103,-1.0,-2.0,-35.0
1776887941.419103,0.0,-2.0,-37.0
1776887941.429103,-1.0,1.0,-33.0
1776887941.4391026,0.0,-3.0,-36.0
1776887941.4491026,5.0,0.0,-39.0
1776887941.4591026,3.0,-2.0,-41.0
1776887941.4691026,5.0,-3.0,-41.0
1776887941.4791028,7.0,-1.0,-40.0
1776887941.4891028,4.0,0.0,-40.0
1776887941.4991028,3.0,1.0,-47.0
1776887941.5091028,0.0,1.0,-48.0
1776887941.5191028,0.0,0.0,-39.0
1776887941.5291028,-3.0,1.0,-34.0
1776887941.5391028,-4.0,0.0,-38.0
1776887941.5491028,3.0,-1.0,-31.0
1776887941.5591028,1.0,-1.0,-33.0
1776887941.5691028,0.0,-4.0,-33.0
1776887941.5791028,1.0,-1.0,-34.0
1776887941.5891027,0.0,2.0,-38.0
1776887941.5991027,-1.0,1.0,-39.0
1776887941.6091027,-2.0,0.0,-37.0
1776887941.6191027,0.0,-2.0,-40.0
1776887941.6291027,1.0,-2.0,-35.0
1776887941.6391027,3.0,0.0,-29.0
1776887941.6491027,0.0,0.0,-30.0
1776887941.659103,2.0,-1.0,-31.0
1776887941.669103,6.0,2.0,-32.0
1776887941.679103,7.0,4.0,-37.0
1776887941.6891026,1.0,2.0,-31.0
1776887941.6991026,0.0,-1.0,-32.0
1776887941.7091026,-3.0,-4.0,-38.0
1776887941.7191026,-5.0,0.0,-35.0
1776887941.7291028,-5.0,-2.0,-36.0
1776887941.7391028,-3.0,0.0,-36.0
1776887941.7491028,-2.0,-1.0,-40.0
1776887941.7591028,4.0,-2.0,-38.0
1776887941.7691028,2.0,-2.0,-30.0
1776887941.7791028,2.0,0.0,-29.0
1776887941.7891028,3.0,0.0,-30.0
1776887941.7991028,2.0,-4.0,-29.0
1776887941.8091028,0.0,-1.0,-28.0
1776887941.8191028,3.0,0.0,-31.0
1776887941.8291028,7.0,2.0,-31.0
1776887941.8391027,4.0,1.0,-29.0
1776887941.8491027,3.0,-1.0,-27.0
1776887941.8591027,6.0,-1.0,-30.0
1776887941.8691027,3.0,-5.0,-31.0
1776887941.8791027,9.0,-5.0,-32.0
1776887941.8891027,11.0,-3.0,-27.0
1776887941.8991027,8.0,-4.0,-40.0
1776887941.909103,3.0,-7.0,-38.0
1776887941.919103,7.0,-8.0,-38.0
1776887941.929103,10.0,0.0,-41.0
1776887941.9391026,4.0,-4.0,-38.0
1776887941.9491026,5.0,-5.0,-37.0
1776887941.9591026,7.0,0.0,-44.0
1776887941.9691026,5.0,3.0,-44.0
1776887941.9791028,5.0,0.0,-47.0
1776887941.9891028,2.0,2.0,-45.0
1776887941.9991028,4.0,0.0,-47.0
1776887942.0091028,-3.0,3.0,-43.0
1776887942.0191028,-2.0,0.0,-42.0
1776887942.0291028,-1.0,-3.0,-38.0
1776887942.0391028,1.0,0.0,-39.0
1776887942.0491028,2.0,1.0,-25.0
1776887942.0591028,5.0,1.0,-23.0
1776887942.0691028,6.0,1.0,-27.0
1776887942.0791028,5.0,3.0,-32.0
1776887942.0891027,3.0,1.0,-31.0
1776887942.0991027,-3.0,3.0,-34.0
1776887942.1091027,-3.0,2.0,-34.0
1776887942.1191027,-3.0,0.0,-40.0
1776887942.1291027,-5.0,2.0,-41.0
1776887942.1391027,-4.0,3.0,-36.0
1776887942.1491027,-6.0,2.0,-38.0
1776887942.159103,-8.0,-1.0,-38.0
1776887942.169103,-5.0,-2.0,-39.0
1776887942.179103,-4.0,-1.0,-41.0
1776887942.1891026,-3.0,-3.0,-40.0
1776887942.1991026,-2.0,-4.0,-41.0
1776887942.2091026,0.0,-6.0,-42.0
1776887942.2191026,3.0,-5.0,-36.0
1776887942.2291028,0.0,-6.0,-31.0
1776887942.2391028,0.0,-3.0,-29.0
1776887942.2491028,3.0,-2.0,-29.0
1776887942.2591028,2.0,0.0,-23.0
1776887942.2691028,1.0,1.0,-30.0
1776887942.2791028,0.0,3.0,-31.0
1776887942.2891028,-2.0,7.0,-37.0
1776887942.2991028,-5.0,4.0,-35.0
1776887942.3091028,-5.0,3.0,-35.0
1776887942.3191028,0.0,0.0,-33.0
1776887942.3291028,1.0,0.0,-32.0
1776887942.3391027,7.0,-2.0,-32.0
1776887942.3491027,6.0,0.0,-35.0
1776887942.3591027,4.0,-2.0,-32.0
1776887942.3691027,0.0,3.0,-24.0
1776887942.3791027,4.0,1.0,-26.0
1776887942.3891027,1.0,0.0,-27.0
1776887942.3991027,-1.0,-3.0,-33.0
1776887942.409103,-1.0,-3.0,-33.0
1776887942.419103,2.0,-4.0,-36.0
1776887942.429103,1.0,-1.0,-36.0
1776887942.4391026,0.0,1.0,-36.0
1776887942.4491026,-1.0,0.0,-37.0
1776887942.4591026,0.0,0.0,-28.0
1776887942.4691026,2.0,4.0,-31.0
1776887942.4801028,6.0,2.0,-41.0
1776887942.4891028,4.0,0.0,-43.0
1776887942.5001028,6.0,-7.0,-49.0
1776887942.5091028,0.0,-5.0,-43.0
1776887942.5201027,-5.0,-3.0,-41.0
1776887942.5301027,-3.0,-2.0,-32.0
1776887942.5401027,-5.0,3.0,-31.0
1776887942.5501027,-3.0,2.0,-33.0
1776887942.5601027,-4.0,0.0,-33.0
1776887942.5701027,-3.0,-4.0,-34.0
1776887942.5801027,-3.0,-3.0,-38.0
1776887942.590103,0.0,-3.0,-44.0
1776887942.600103,-5.0,-2.0,-40.0
1776887942.610103,-6.0,-4.0,-39.0
1776887942.6201026,-4.0,-5.0,-38.0
1776887942.6301026,-2.0,-8.0,-41.0
1776887942.6401026,0.0,-4.0,-37.0
1776887942.6501029,-3.0,-4.0,-38.0
1776887942.6601028,0.0,0.0,-36.0
1776887942.6701028,1.0,0.0,-33.0
1776887942.6801028,0.0,-1.0,-35.0
1776887942.6901028,0.0,-5.0,-44.0
1776887942.7001028,0.0,-5.0,-41.0
1776887942.7101028,-7.0,-6.0,-44.0
1776887942.7201028,-6.0,-3.0,-38.0
1776887942.7301028,-6.0,0.0,-35.0
1776887942.7401028,-4.0,-3.0,-35.0
1776887942.7501028,-3.0,-3.0,-40.0
1776887942.7601027,0.0,-4.0,-40.0
1776887942.7701027,0.0,-5.0,-37.0
1776887942.7801027,0.0,-1.0,-38.0
1776887942.7901027,4.0,0.0,-39.0
1776887942.8001027,3.0,-2.0,-41.0
1776887942.8101027,3.0,-3.0,-40.0
1776887942.8201027,0.0,-1.0,-36.0
1776887942.8301027,-2.0,-4.0,-37.0
1776887942.840103,-5.0,-2.0,-37.0
1776887942.850103,-5.0,-3.0,-36.0
1776887942.860103,-6.0,-1.0,-39.0
1776887942.8701026,-3.0,0.0,-35.0
1776887942.8801026,-5.0,-1.0,-33.0
1776887942.8901026,-3.0,-1.0,-36.0
1776887942.9001029,-2.0,-6.0,-29.0
1776887942.9101028,0.0,-7.0,-28.0
1776887942.9201028,-1.0,-11.0,-31.0
1776887942.9301028,-1.0,-12.0,-35.0
1776887942.9401028,-3.0,-11.0,-32.0
1776887942.9501028,-3.0,-4.0,-35.0
1776887942.9601028,-4.0,2.0,-39.0
1776887942.9701028,-4.0,1.0,-40.0
1776887942.9801028,-3.0,-1.0,-37.0
1776887942.9901028,-5.0,-2.0,-39.0
1776887943.0001028,-1.0,-3.0,-37.0
1776887943.0101027,-1.0,1.0,-31.0
1776887943.0201027,0.0,0.0,-37.0
1776887943.0301027,0.0,-1.0,-38.0
1776887943.0401027,-2.0,0.0,-39.0
1776887943.0501027,2.0,0.0,-36.0
1776887943.0601027,0.0,0.0,-37.0
1776887943.0701027,-1.0,-3.0,-40.0
1776887943.0801027,1.0,-6.0,-40.0
1776887943.090103,0.0,-3.0,-42.0
1776887943.100103,5.0,-1.0,-40.0
1776887943.110103,5.0,-1.0,-37.0
1776887943.1201026,4.0,-4.0,-30.0
1776887943.1301026,4.0,-3.0,-27.0
1776887943.1401026,3.0,-4.0,-27.0
1776887943.1501029,3.0,-2.0,-29.0
1776887943.1601028,5.0,-1.0,-29.0
1776887943.1701028,8.0,-1.0,-33.0
1776887943.1801028,8.0,1.0,-35.0
1776887943.1901028,6.0,-2.0,-34.0
1776887943.2001028,5.0,-2.0,-37.0
1776887943.2101028,4.0,-4.0,-35.0
1776887943.2201028,4.0,-2.0,-35.0
1776887943.2301028,2.0,-2.0,-34.0
1776887943.2401028,-2.0,0.0,-33.0
1776887943.2501028,-7.0,-1.0,-28.0
1776887943.2601027,-8.0,-1.0,-24.0
1776887943.2701027,-11.0,-4.0,-27.0
1776887943.2801027,-8.0,-4.0,-27.0
1776887943.2901027,-2.0,-5.0,-29.0
1776887943.3001027,0.0,-4.0,-24.0
1776887943.3101027,-3.0,-3.0,-21.0
1776887943.3201027,0.0,-3.0,-17.0
1776887943.3301027,0.0,-3.0,-17.0
1776887943.340103,3.0,-4.0,-28.0
1776887943.350103,2.0,-4.0,-36.0
1776887943.360103,0.0,0.0,-37.0
1776887943.3701026,0.0,1.0,-36.0
1776887943.3801026,-1.0,0.0,-39.0
1776887943.3901026,0.0,1.0,-35.0
1776887943.4001029,-3.0,0.0,-31.0
1776887943.4101028,-5.0,-2.0,-32.0
1776887943.4201028,0.0,-4.0,-29.0
1776887943.4301028,0.0,0.0,-28.0
1776887943.4401028,1.0,-1.0,-29.0
1776887943.4501028,3.0,2.0,-41.0
1776887943.4601028,4.0,4.0,-48.0
1776887943.4701028,2.0,8.0,-48.0
1776887943.4801028,2.0,7.0,-41.0
1776887943.4901028,0.0,4.0,-39.0
1776887943.5001028,-2.0,1.0,-44.0
1776887943.5101027,0.0,-2.0,-42.0
1776887943.5201027,-4.0,0.0,-40.0
1776887943.5301027,-1.0,0.0,-38.0
1776887943.5401027,0.0,0.0,-41.0
1776887943.5501027,0.0,-2.0,-42.0
1776887943.5601027,-1.0,-5.0,-36.0
1776887943.5701027,1.0,-5.0,-36.0
1776887943.5801027,0.0,-6.0,-36.0
1776887943.590103,-7.0,-6.0,-37.0
1776887943.600103,-6.0,-6.0,-31.0
1776887943.610103,-5.0,-9.0,-28.0
1776887943.6201026,-1.0,-9.0,-29.0
1776887943.6301026,1.0,-7.0,-29.0
1776887943.6401026,0.0,-13.0,-30.0
1776887943.6501029,1.0,-10.0,-34.0
1776887943.6601028,3.0,-11.0,-30.0
1776887943.6701028,3.0,-5.0,-32.0
1776887943.6801028,0.0,0.0,-34.0
1776887943.6901028,-1.0,-3.0,-30.0
1776887943.7001028,-1.0,-3.0,-31.0
1776887943.7101028,-5.0,-5.0,-30.0
1776887943.7201028,-5.0,-1.0,-29.0
1776887943.7301028,-5.0,0.0,-32.0
1776887943.7401028,-1.0,-3.0,-34.0
1776887943.7501028,-1.0,-3.0,-32.0
1776887943.7601027,-6.0,0.0,-28.0
1776887943.7701027,-5.0,0.0,-29.0
1776887943.7801027,0.0,-2.0,-29.0
1776887943.7901027,4.0,-1.0,-37.0
1776887943.8001027,5.0,-2.0,-41.0
1776887943.8101027,8.0,-3.0,-36.0
1776887943.8201027,4.0,-1.0,-37.0
1776887943.8301027,0.0,2.0,-38.0
1776887943.840103,-1.0,5.0,-39.0
1776887943.850103,3.0,3.0,-37.0
1776887943.860103,3.0,0.0,-28.0
1776887943.8701026,0.0,2.0,-30.0
1776887943.8801026,0.0,5.0,-31.0
1776887943.8901026,7.0,6.0,-29.0
1776887943.9001029,9.0,6.0,-30.0
1776887943.9101028,7.0,8.0,-29.0
1776887943.9201028,3.0,5.0,-35.0
1776887943.9301028,5.0,3.0,-39.0
1776887943.9401028,2.0,1.0,-34.0
1776887943.9501028,1.0,2.0,-32.0
1776887943.9601028,2.0,3.0,-34.0
1776887943.9701028,5.0,0.0,-40.0
1776887943.9801028,0.0,2.0,-40.0
1776887943.9901028,0.0,-2.0,-33.0
1776887944.0001028,3.0,-2.0,-28.0
1776887944.0101027,2.0,-5.0,-26.0
1776887944.0201027,6.0,-3.0,-24.0
1776887944.0301027,9.0,2.0,-22.0
1776887944.0401027,5.0,0.0,-27.0
1776887944.0501027,3.0,1.0,-27.0
1776887944.0601027,0.0,-1.0,-33.0
1776887944.0701027,0.0,0.0,-38.0
1776887944.0801027,1.0,0.0,-36.0
1776887944.090103,0.0,0.0,-36.0
1776887944.100103,1.0,-1.0,-38.0
1776887944.110103,-1.0,0.0,-37.0
1776887944.1201026,-3.0,-3.0,-36.0
1776887944.1301026,-3.0,-5.0,-33.0
1776887944.1401026,-1.0,-5.0,-29.0
1776887944.1501029,1.0,-3.0,-38.0
1776887944.1601028,0.0,0.0,-43.0
1776887944.1701028,3.0,2.0,-43.0
1776887944.1801028,-2.0,3.0,-47.0
1776887944.1901028,-2.0,0.0,-48.0
1776887944.2001028,-3.0,0.0,-45.0
1776887944.2101028,0.0,0.0,-41.0
1776887944.2201028,3.0,0.0,-36.0
1776887944.2301028,1.0,4.0,-41.0
1776887944.2401028,0.0,1.0,-39.0
1776887944.2501028,0.0,-1.0,-38.0
1776887944.2601027,2.0,1.0,-32.0
1776887944.2701027,5.0,0.0,-26.0
1776887944.2801027,5.0,-2.0,-41.0
1776887944.2901027,2.0,-3.0,-45.0
1776887944.3001027,1.0,-2.0,-41.0
1776887944.3101027,-3.0,0.0,-44.0
1776887944.3201027,-3.0,0.0,-47.0
1776887944.3301027,-5.0,0.0,-49.0
1776887944.340103,-3.0,-2.0,-44.0
1776887944.350103,-3.0,-4.0,-43.0
1776887944.360103,-2.0,-3.0,-36.0
1776887944.3701026,1.0,-5.0,-36.0
1776887944.3801026,3.0,-5.0,-32.0
1776887944.3901026,0.0,-5.0,-35.0
1776887944.4001029,-4.0,-5.0,-45.0
1776887944.4101028,-1.0,-4.0,-40.0
1776887944.4201028,1.0,-7.0,-39.0
1776887944.4301028,3.0,-3.0,-36.0
1776887944.4401028,1.0,-1.0,-41.0
1776887944.4501028,1.0,-2.0,-44.0
1776887944.4611027,0.0,-2.0,-41.0
1776887944.4701028,2.0,-2.0,-38.0
1776887944.4801028,4.0,-2.0,-41.0
1776887944.4901028,6.0,0.0,-42.0
1776887944.5001028,1.0,-3.0,-39.0
1776887944.511103,5.0,-9.0,-35.0
1776887944.521103,5.0,-7.0,-36.0
1776887944.531103,3.0,-6.0,-42.0
1776887944.5411026,5.0,-4.0,-45.0
1776887944.5511026,7.0,-3.0,-43.0
1776887944.5611026,5.0,-2.0,-39.0
1776887944.5711029,8.0,0.0,-36.0
1776887944.5811028,7.0,1.0,-33.0
1776887944.5911028,5.0,-1.0,-27.0
1776887944.6011028,7.0,1.0,-29.0
1776887944.6111028,4.0,2.0,-34.0
1776887944.6211028,3.0,2.0,-36.0
1776887944.6311028,7.0,3.0,-38.0
1776887944.6411028,10.0,1.0,-34.0
1776887944.6511028,8.0,2.0,-29.0
1776887944.6611028,7.0,-1.0,-31.0
1776887944.6711028,6.0,1.0,-31.0
1776887944.6811028,6.0,0.0,-30.0
1776887944.6911027,3.0,1.0,-28.0
1776887944.7011027,3.0,0.0,-30.0
1776887944.7111027,1.0,-2.0,-29.0
1776887944.7211027,4.0,-3.0,-28.0
1776887944.7311027,3.0,0.0,-32.0
1776887944.7411027,3.0,0.0,-28.0
1776887944.7511027,3.0,-2.0,-33.0
1776887944.761103,2.0,-5.0,-29.0
1776887944.771103,1.0,-2.0,-31.0
1776887944.781103,0.0,-2.0,-29.0
1776887944.7911026,2.0,-4.0,-30.0
1776887944.8011026,3.0,0.0,-28.0
1776887944.8111026,2.0,0.0,-33.0
1776887944.8211029,0.0,1.0,-28.0
1776887944.8311028,1.0,1.0,-32.0
1776887944.8411028,0.0,2.0,-35.0
1776887944.8511028,2.0,4.0,-40.0
1776887944.8611028,7.0,2.0,-39.0
1776887944.8711028,7.0,0.0,-46.0
1776887944.8811028,3.0,0.0,-45.0
1776887944.8911028,1.0,2.0,-43.0
1776887944.9011028,3.0,0.0,-38.0
1776887944.9111028,3.0,1.0,-38.0
1776887944.9211028,6.0,2.0,-36.0
1776887944.9311028,8.0,0.0,-33.0
1776887944.9411027,5.0,-1.0,-26.0
1776887944.9511027,0.0,-3.0,-29.0
1776887944.9611027,2.0,-2.0,-35.0
1776887944.9711027,5.0,-6.0,-35.0
1776887944.9811027,5.0,-7.0,-35.0
1776887944.9911027,2.0,-6.0,-30.0
1776887945.0011027,-1.0,-1.0,-32.0
1776887945.011103,0.0,3.0,-38.0
1776887945.021103,-3.0,4.0,-36.0
1776887945.031103,-4.0,2.0,-39.0
1776887945.0411026,0.0,-1.0,-41.0
1776887945.0511026,2.0,-3.0,-39.0
1776887945.0611026,4.0,-4.0,-40.0
1776887945.0711029,8.0,-7.0,-46.0
1776887945.0811028,8.0,-3.0,-46.0
1776887945.0911028,0.0,-6.0,-44.0
1776887945.1011028,1.0,-7.0,-34.0
1776887945.1111028,2.0,-2.0,-29.0
1776887945.1211028,3.0,-4.0,-27.0
1776887945.1311028,3.0,-4.0,-30.0
1776887945.1411028,2.0,-6.0,-36.0
1776887945.1511028,-2.0,-6.0,-38.0
1776887945.1611028,-2.0,-8.0,-41.0
1776887945.1711028,1.0,-7.0,-38.0
1776887945.1811028,-2.0,-8.0,-42.0
1776887945.1911027,1.0,-5.0,-46.0
1776887945.2011027,7.0,-5.0,-42.0
1776887945.2111027,1.0,-8.0,-40.0
1776887945.2211027,-2.0,-3.0,-45.0
1776887945.2311027,-2.0,-2.0,-42.0
1776887945.2411027,-2.0,-5.0,-43.0
1776887945.2511027,-3.0,-7.0,-43.0
1776887945.261103,-4.0,-1.0,-37.0
1776887945.271103,-7.0,-3.0,-38.0
1776887945.281103,-6.0,-6.0,-41.0
1776887945.2911026,-5.0,-6.0,-42.0
1776887945.3011026,-3.0,-2.0,-45.0
1776887945.3111026,0.0,-2.0,-49.0
1776887945.3211029,-1.0,0.0,-41.0
1776887945.3311028,0.0,-1.0,-41.0
1776887945.3411028,0.0,-2.0,-36.0
1776887945.3511028,0.0,0.0,-39.0
1776887945.3611028,4.0,0.0,-36.0
1776887945.3711028,1.0,0.0,-40.0
1776887945.3811028,1.0,3.0,-41.0
1776887945.3911028,5.0,2.0,-41.0
1776887945.4011028,4.0,3.0,-37.0
1776887945.4111028,2.0,4.0,-40.0
1776887945.4211028,-3.0,4.0,-39.0
1776887945.4311028,-3.0,2.0,-42.0
1776887945.4411027,-3.0,1.0,-40.0
1776887945.4511027,-4.0,2.0,-37.0
1776887945.4611027,-5.0,0.0,-39.0
1776887945.4711027,0.0,-1.0,-39.0
1776887945.4811027,-1.0,-6.0,-33.0
1776887945.4911027,-2.0,-3.0,-39.0
1776887945.5011027,-1.0,-1.0,-37.0
1776887945.511103,-2.0,-1.0,-35.0
1776887945.521103,-2.0,-3.0,-33.0
1776887945.531103,0.0,-8.0,-34.0
1776887945.5411026,0.0,-5.0,-38.0
1776887945.5511026,-2.0,0.0,-38.0
1776887945.5611026,-2.0,4.0,-31.0
1776887945.5711029,-4.0,3.0,-35.0
1776887945.5811028,-6.0,2.0,-32.0
1776887945.5911028,-4.0,0.0,-28.0
1776887945.6011028,-2.0,-4.0,-28.0
1776887945.6111028,0.0,-4.0,-31.0
1776887945.6211028,-3.0,-6.0,-28.0
1776887945.6311028,0.0,-8.0,-33.0
1776887945.6411028,0.0,-9.0,-37.0
1776887945.6511028,1.0,-6.0,-38.0
1776887945.6611028,-1.0,-5.0,-37.0
1776887945.6711028,-2.0,-7.0,-39.0
1776887945.6811028,0.0,-7.0,-42.0
1776887945.6911027,0.0,-5.0,-46.0
1776887945.7011027,-2.0,-6.0,-48.0
1776887945.7111027,-1.0,-7.0,-49.0
1776887945.7211027,0.0,-7.0,-45.0
1776887945.7311027,2.0,-7.0,-50.0
1776887945.7411027,0.0,-8.0,-52.0
1776887945.7511027,-2.0,-7.0,-47.0
1776887945.761103,-6.0,-6.0,-46.0
1776887945.771103,-6.0,-5.0,-39.0
1776887945.781103,-4.0,-5.0,-40.0
1776887945.7911026,-2.0,-3.0,-43.0
1776887945.8011026,-4.0,0.0,-42.0
1776887945.8111026,0.0,0.0,-33.0
1776887945.8211029,3.0,2.0,-33.0
1776887945.8311028,1.0,-2.0,-35.0
1776887945.8411028,0.0,-4.0,-35.0
1776887945.8511028,-4.0,-6.0,-35.0
1776887945.8611028,-8.0,-3.0,-40.0
1776887945.8711028,-6.0,2.0,-40.0
1776887945.8811028,-1.0,1.0,-38.0
1776887945.8911028,6.0,7.0,-39.0
1776887945.9011028,3.0,9.0,-37.0
1776887945.9111028,1.0,3.0,-35.0
1776887945.9211028,6.0,-2.0,-36.0
1776887945.9311028,7.0,-5.0,-39.0
1776887945.9411027,6.0,-2.0,-36.0
1776887945.9511027,10.0,1.0,-36.0
1776887945.9611027,9.0,3.0,-35.0
1776887945.9711027,5.0,1.0,-39.0
1776887945.9811027,6.0,2.0,-42.0
1776887945.9911027,3.0,2.0,-34.0
1776887946.0011027,3.0,0.0,-32.0
1776887946.011103,2.0,-1.0,-34.0
1776887946.021103,3.0,-1.0,-31.0
1776887946.031103,4.0,0.0,-28.0
1776887946.0411026,1.0,-1.0,-30.0
1776887946.0511026,0.0,-5.0,-31.0
1776887946.0611026,1.0,-3.0,-37.0
1776887946.0711029,3.0,-6.0,-37.0
1776887946.0811028,2.0,-6.0,-39.0
1776887946.0911028,-1.0,-12.0,-42.0
1776887946.1011028,0.0,-7.0,-44.0
1776887946.1111028,-2.0,-4.0,-40.0
1776887946.1211028,0.0,-4.0,-36.0
1776887946.1311028,2.0,1.0,-37.0
1776887946.1411028,3.0,1.0,-39.0
1776887946.1511028,0.0,-1.0,-38.0
1776887946.1611028,0.0,0.0,-39.0
1776887946.1711028,5.0,0.0,-38.0
1776887946.1811028,8.0,0.0,-33.0
1776887946.1911027,8.0,2.0,-35.0
1776887946.2011027,9.0,-3.0,-34.0
1776887946.2111027,11.0,-2.0,-33.0
1776887946.2211027,9.0,0.0,-32.0
1776887946.2311027,10.0,0.0,-29.0
1776887946.2411027,6.0,0.0,-30.0
1776887946.2511027,13.0,0.0,-28.0
1776887946.261103,12.0,-4.0,-31.0
1776887946.271103,9.0,-5.0,-28.0
1776887946.281103,15.0,-7.0,-24.0
1776887946.2911026,14.0,-8.0,-32.0
1776887946.3011026,11.0,-6.0,-28.0
1776887946.3111026,11.0,-6.0,-35.0
1776887946.3211029,9.0,-9.0,-41.0
1776887946.3311028,8.0,-7.0,-41.0
1776887946.3411028,6.0,-8.0,-40.0
1776887946.3511028,4.0,-12.0,-40.0
1776887946.3611028,7.0,-6.0,-42.0
1776887946.3711028,2.0,-8.0,-41.0
1776887946.3811028,1.0,-7.0,-39.0
1776887946.3911028,2.0,-9.0,-37.0
1776887946.4011028,6.0,-5.0,-29.0
1776887946.4111028,7.0,-7.0,-31.0
1776887946.4211028,5.0,-8.0,-27.0
1776887946.4311028,2.0,-3.0,-31.0
1776887946.4411027,2.0,-3.0,-33.0
1776887946.4511027,4.0,-7.0,-35.0
1776887946.4611027,7.0,-3.0,-35.0
1776887946.4711027,5.0,-6.0,-36.0
1776887946.4821026,5.0,-7.0,-37.0
1776887946.4921026,0.0,-1.0,-36.0
1776887946.5011027,-1.0,0.0,-33.0
1776887946.5121028,0.0,3.0,-28.0
1776887946.521103,2.0,7.0,-32.0
1776887946.5321028,0.0,5.0,-30.0
1776887946.5421028,-1.0,-1.0,-31.0
1776887946.5521028,-1.0,-1.0,-34.0
1776887946.5621028,1.0,-2.0,-39.0
1776887946.5721028,1.0,0.0,-38.0
1776887946.5821028,0.0,-1.0,-32.0
1776887946.5921028,0.0,-3.0,-40.0
1776887946.6021028,-4.0,0.0,-40.0
1776887946.6121027,1.0,0.0,-39.0
1776887946.6221027,5.0,0.0,-43.0
1776887946.6321027,0.0,0.0,-39.0
1776887946.6421027,3.0,0.0,-40.0
1776887946.6521027,4.0,0.0,-34.0
1776887946.6621027,5.0,0.0,-34.0
1776887946.6721027,3.0,-5.0,-37.0
1776887946.682103,6.0,-3.0,-36.0
1776887946.692103,9.0,-4.0,-36.0
1776887946.702103,3.0,-2.0,-39.0
1776887946.712103,-1.0,0.0,-42.0
1776887946.7221026,0.0,0.0,-45.0
1776887946.7321026,1.0,0.0,-46.0
1776887946.7421026,0.0,3.0,-44.0
1776887946.7521029,-4.0,3.0,-44.0
1776887946.7621028,-4.0,0.0,-48.0
1776887946.7721028,-1.0,2.0,-46.0
1776887946.7821028,0.0,0.0,-36.0
1776887946.7921028,1.0,-2.0,-42.0
1776887946.8021028,3.0,-1.0,-43.0
1776887946.8121028,2.0,-1.0,-47.0
1776887946.8221028,3.0,-2.0,-42.0
1776887946.8321028,2.0,-1.0,-38.0
1776887946.8421028,0.0,-4.0,-36.0
1776887946.8521028,0.0,-6.0,-28.0
1776887946.8621027,0.0,-9.0,-28.0
1776887946.8721027,0.0,-2.0,-28.0
1776887946.8821027,-1.0,-5.0,-32.0
1776887946.8921027,-3.0,-6.0,-33.0
1776887946.9021027,-5.0,-1.0,-32.0
1776887946.9121027,-2.0,2.0,-29.0
1776887946.9221027,-4.0,2.0,-31.0
1776887946.932103,-1.0,3.0,-31.0
1776887946.942103,-1.0,1.0,-32.0
1776887946.952103,-1.0,1.0,-27.0
1776887946.962103,0.0,2.0,-22.0
1776887946.9721026,-1.0,-1.0,-24.0
1776887946.9821026,2.0,-3.0,-25.0
1776887946.9921026,3.0,-1.0,-32.0
1776887947.0021029,1.0,0.0,-28.0
1776887947.0121028,1.0,-2.0,-33.0
1776887947.0221028,3.0,-6.0,-35.0
1776887947.0321028,-2.0,-3.0,-33.0
1776887947.0421028,-5.0,0.0,-30.0
1776887947.0521028,-2.0,-2.0,-33.0
1776887947.0621028,-2.0,1.0,-31.0
1776887947.0721028,-1.0,-1.0,-33.0
1776887947.0821028,-4.0,-2.0,-34.0
1776887947.0921028,-5.0,0.0,-36.0
1776887947.1021028,-5.0,0.0,-33.0
1776887947.1121027,-1.0,2.0,-26.0
1776887947.1221027,-4.0,1.0,-28.0
1776887947.1321027,-6.0,1.0,-23.0
1776887947.1421027,-6.0,4.0,-33.0
1776887947.1521027,-4.0,1.0,-37.0
1776887947.1621027,-2.0,2.0,-41.0
1776887947.1721027,-2.0,2.0,-35.0
1776887947.182103,0.0,2.0,-36.0
1776887947.192103,-4.0,-2.0,-40.0
1776887947.202103,-1.0,-5.0,-41.0
1776887947.212103,0.0,-6.0,-39.0
1776887947.2221026,1.0,-6.0,-46.0
1776887947.2321026,5.0,-5.0,-44.0
1776887947.2421026,2.0,0.0,-38.0
1776887947.2521029,0.0,1.0,-29.0
1776887947.2621028,-1.0,-3.0,-32.0
1776887947.2721028,-2.0,-6.0,-34.0
1776887947.2821028,-3.0,-8.0,-30.0
1776887947.2921028,-3.0,-7.0,-24.0
1776887947.3021028,-2.0,-5.0,-21.0
1776887947.3121028,-1.0,-5.0,-23.0
1776887947.3221028,-2.0,-6.0,-30.0
1776887947.3321028,-1.0,-1.0,-36.0
1776887947.3421028,-1.0,1.0,-32.0
1776887947.3521028,0.0,3.0,-33.0
1776887947.3621027,-1.0,1.0,-31.0
1776887947.3721027,-2.0,-1.0,-30.0
1776887947.3821027,-1.0,-3.0,-27.0
1776887947.3921027,2.0,-1.0,-33.0
1776887947.4021027,2.0,-2.0,-33.0
1776887947.4121027,3.0,-5.0,-33.0
1776887947.4221027,3.0,-3.0,-32.0
1776887947.432103,3.0,-4.0,-33.0
1776887947.442103,2.0,-6.0,-34.0
1776887947.452103,2.0,-5.0,-37.0
1776887947.462103,5.0,-2.0,-37.0
1776887947.4721026,6.0,-1.0,-32.0
1776887947.4821026,8.0,0.0,-32.0
1776887947.4921026,7.0,0.0,-31.0
1776887947.5021029,11.0,-3.0,-33.0
1776887947.5121028,10.0,0.0,-32.0
1776887947.5221028,7.0,-1.0,-31.0
1776887947.5321028,11.0,-2.0,-27.0
1776887947.5421028,10.0,-3.0,-24.0
1776887947.5521028,9.0,-8.0,-26.0
1776887947.5621028,6.0,-3.0,-28.0
1776887947.5721028,4.0,1.0,-27.0
1776887947.5821028,0.0,0.0,-28.0
1776887947.5921028,1.0,1.0,-24.0
1776887947.6021028,3.0,0.0,-25.0
1776887947.6121027,5.0,2.0,-26.0
1776887947.6221027,5.0,0.0,-31.0
1776887947.6321027,6.0,2.0,-29.0
1776887947.6421027,6.0,4.0,-32.0
1776887947.6521027,3.0,0.0,-34.0
1776887947.6621027,5.0,1.0,-31.0
1776887947.6721027,5.0,0.0,-28.0
1776887947.682103,5.0,-5.0,-31.0
1776887947.692103,2.0,-4.0,-35.0
1776887947.702103,-1.0,-5.0,-38.0
1776887947.712103,0.0,-6.0,-42.0
1776887947.7221026,0.0,0.0,-41.0
1776887947.7321026,0.0,-3.0,-36.0
1776887947.7421026,-2.0,-5.0,-36.0
1776887947.7521029,-1.0,-4.0,-35.0
1776887947.7621028,2.0,-7.0,-39.0
1776887947.7721028,2.0,-6.0,-37.0
1776887947.7821028,2.0,-2.0,-33.0
1776887947.7921028,2.0,0.0,-33.0
1776887947.8021028,2.0,0.0,-33.0
1776887947.8121028,7.0,-4.0,-41.0
1776887947.8221028,9.0,-1.0,-38.0
1776887947.8321028,9.0,5.0,-45.0
1776887947.8421028,15.0,4.0,-48.0
1776887947.8521028,15.0,4.0,-46.0
1776887947.8621027,16.0,2.0,-41.0
1776887947.8721027,7.0,-1.0,-37.0
1776887947.8821027,2.0,1.0,-31.0
1776887947.8921027,2.0,0.0,-28.0
1776887947.9021027,-2.0,-2.0,-30.0
1776887947.9121027,0.0,1.0,-30.0
1776887947.9221027,1.0,-1.0,-37.0
1776887947.932103,0.0,-2.0,-34.0
1776887947.942103,-2.0,-5.0,-41.0
1776887947.952103,0.0,0.0,-47.0
1776887947.962103,-1.0,-3.0,-40.0
1776887947.9721026,-6.0,-6.0,-37.0
1776887947.9821026,-5.0,-6.0,-33.0
1776887947.9921026,0.0,-7.0,-37.0
1776887948.0021029,0.0,-7.0,-36.0
1776887948.0121028,4.0,-10.0,-36.0
1776887948.0221028,8.0,-9.0,-43.0
1776887948.0321028,6.0,-7.0,-45.0
1776887948.0421028,2.0,-6.0,-44.0
1776887948.0521028,4.0,-5.0,-40.0
1776887948.0621028,5.0,-6.0,-45.0
1776887948.0721028,5.0,0.0,-47.0
1776887948.0821028,4.0,-1.0,-43.0
1776887948.0921028,7.0,-2.0,-41.0
1776887948.1021028,8.0,-2.0,-39.0
1776887948.1121027,7.0,-6.0,-49.0
1776887948.1221027,10.0,-5.0,-43.0
1776887948.1321027,9.0,-6.0,-46.0
1776887948.1421027,4.0,-4.0,-39.0
1776887948.1521027,-2.0,-6.0,-35.0
1776887948.1621027,-6.0,-6.0,-35.0
1776887948.1721027,-9.0,-5.0,-36.0
1776887948.182103,-5.0,-1.0,-35.0
1776887948.192103,0.0,0.0,-37.0
1776887948.202103,4.0,-1.0,-36.0
1776887948.212103,0.0,-1.0,-38.0
1776887948.2221026,0.0,-2.0,-38.0
1776887948.2321026,3.0,-1.0,-34.0
1776887948.2421026,7.0,-6.0,-29.0
1776887948.2521029,5.0,-10.0,-25.0
1776887948.2621028,0.0,-5.0,-35.0
1776887948.2721028,7.0,-1.0,-36.0
1776887948.2821028,5.0,0.0,-28.0
1776887948.2921028,4.0,3.0,-29.0
1776887948.3021028,1.0,0.0,-31.0
1776887948.3121028,1.0,0.0,-26.0
1776887948.3221028,3.0,2.0,-22.0
1776887948.3321028,-3.0,0.0,-27.0
1776887948.3421028,-6.0,-1.0,-28.0
1776887948.3521028,-7.0,-4.0,-35.0
1776887948.3621027,0.0,-5.0,-34.0
1776887948.3721027,-1.0,-5.0,-34.0
1776887948.3821027,-5.0,-4.0,-29.0
1776887948.3921027,-7.0,-2.0,-39.0
1776887948.4021027,-8.0,-3.0,-41.0
1776887948.4121027,-8.0,-2.0,-38.0
1776887948.4221027,-2.0,0.0,-36.0
1776887948.432103,-3.0,-1.0,-43.0
1776887948.442103,-9.0,-5.0,-44.0
1776887948.452103,-6.0,-5.0,-43.0
1776887948.462103,-2.0,-4.0,-41.0
1776887948.4721026,-5.0,0.0,-43.0
1776887948.4821026,-6.0,0.0,-40.0
1776887948.4921026,-5.0,0.0,-37.0
1776887948.5021029,-5.0,1.0,-36.0
1776887948.5121028,-1.0,1.0,-31.0
1776887948.5221028,-2.0,0.0,-26.0
1776887948.5321028,-2.0,-1.0,-28.0
1776887948.5431027,0.0,-3.0,-34.0
1776887948.5531027,-1.0,-1.0,-35.0
1776887948.5631027,-1.0,0.0,-40.0
1776887948.5721028,0.0,1.0,-40.0
1776887948.5831027,0.0,-1.0,-37.0
1776887948.5931027,1.0,-1.0,-36.0
1776887948.6031027,0.0,0.0,-40.0
1776887948.613103,0.0,0.0,-46.0
1776887948.623103,0.0,-4.0,-42.0
1776887948.633103,1.0,-3.0,-40.0
1776887948.6431026,6.0,0.0,-35.0
1776887948.6531026,7.0,-2.0,-36.0
1776887948.6631026,2.0,-2.0,-43.0
1776887948.6731029,1.0,0.0,-42.0
1776887948.6831028,-2.0,-4.0,-34.0
1776887948.6931028,-2.0,-6.0,-32.0
1776887948.7031028,-1.0,-5.0,-34.0
1776887948.7131028,-1.0,-4.0,-36.0
1776887948.7231028,0.0,-6.0,-36.0
1776887948.7331028,0.0,-7.0,-45.0
1776887948.7431028,-2.0,-5.0,-41.0
1776887948.7531028,-1.0,-4.0,-38.0
1776887948.7631028,-3.0,-3.0,-29.0
1776887948.7731028,-6.0,-4.0,-29.0
1776887948.7831028,-3.0,-3.0,-33.0
1776887948.7931027,-6.0,1.0,-35.0
1776887948.8031027,0.0,2.0,-36.0
1776887948.8131027,0.0,-3.0,-44.0
1776887948.8231027,3.0,0.0,-40.0
1776887948.8331027,4.0,-2.0,-32.0
1776887948.8431027,1.0,0.0,-40.0
1776887948.8531027,2.0,4.0,-43.0
1776887948.863103,1.0,6.0,-41.0
1776887948.873103,1.0,6.0,-50.0
1776887948.883103,0.0,4.0,-51.0
1776887948.8931026,0.0,0.0,-46.0
1776887948.9031026,0.0,-1.0,-39.0
1776887948.9131026,4.0,0.0,-38.0
1776887948.9231029,3.0,1.0,-38.0
1776887948.9331028,3.0,2.0,-46.0
1776887948.9431028,2.0,2.0,-49.0
1776887948.9531028,2.0,0.0,-48.0
1776887948.9631028,3.0,2.0,-40.0
1776887948.9731028,2.0,0.0,-36.0
1776887948.9831028,-1.0,0.0,-31.0
1776887948.9931028,-1.0,0.0,-39.0
1776887949.0031028,-2.0,-2.0,-35.0
1776887949.0131028,1.0,-2.0,-38.0
1776887949.0231028,1.0,0.0,-37.0
1776887949.0331028,2.0,-3.0,-31.0
1776887949.0431027,-2.0,-3.0,-25.0
1776887949.0531027,1.0,-3.0,-26.0
1776887949.0631027,-1.0,-3.0,-30.0
1776887949.0731027,0.0,-2.0,-28.0
1776887949.0831027,-4.0,1.0,-38.0
1776887949.0931027,-1.0,0.0,-34.0
1776887949.1031027,-1.0,-2.0,-35.0
1776887949.113103,-4.0,-2.0,-30.0
1776887949.123103,-2.0,1.0,-26.0
1776887949.133103,-3.0,5.0,-27.0
1776887949.1431026,0.0,2.0,-26.0
1776887949.1531026,-2.0,2.0,-27.0
1776887949.1631026,-6.0,1.0,-28.0
1776887949.1731029,-7.0,-4.0,-34.0
1776887949.1831028,-9.0,-2.0,-39.0
1776887949.1931028,-5.0,-4.0,-40.0
1776887949.2031028,0.0,-4.0,-45.0
1776887949.2131028,3.0,-2.0,-42.0
1776887949.2231028,6.0,-2.0,-41.0
1776887949.2331028,3.0,0.0,-44.0
1776887949.2431028,0.0,-3.0,-41.0
1776887949.2531028,3.0,-1.0,-42.0
1776887949.2631028,2.0,-2.0,-47.0
1776887949.2731028,0.0,0.0,-47.0
1776887949.2831028,-1.0,5.0,-47.0
1776887949.2931027,0.0,2.0,-45.0
1776887949.3031027,2.0,0.0,-41.0
1776887949.3131027,1.0,0.0,-42.0
1776887949.3231027,1.0,0.0,-40.0
1776887949.3331027,7.0,-2.0,-32.0
1776887949.3431027,6.0,-6.0,-33.0
1776887949.3531027,3.0,-7.0,-33.0
1776887949.363103,1.0,-4.0,-34.0
1776887949.373103,4.0,-1.0,-37.0
1776887949.383103,7.0,-1.0,-39.0
1776887949.3931026,6.0,1.0,-43.0
1776887949.4031026,2.0,0.0,-47.0
1776887949.4131026,4.0,0.0,-46.0
1776887949.4231029,1.0,4.0,-43.0
1776887949.4331028,1.0,2.0,-44.0
1776887949.4431028,4.0,3.0,-34.0
1776887949.4531028,3.0,3.0,-29.0
1776887949.4631028,0.0,1.0,-38.0
1776887949.4731028,2.0,0.0,-38.0
1776887949.4831028,1.0,-3.0,-33.0
1776887949.4931028,-1.0,-4.0,-35.0
1776887949.5031028,-1.0,-4.0,-31.0
1776887949.5131028,-3.0,-2.0,-32.0
1776887949.5231028,-4.0,-2.0,-32.0
1776887949.5331028,-3.0,-2.0,-37.0
1776887949.5431027,0.0,3.0,-39.0
1776887949.5531027,1.0,3.0,-38.0
1776887949.5631027,0.0,0.0,-43.0
1776887949.5731027,1.0,-1.0,-47.0
1776887949.5831027,4.0,-1.0,-45.0
1776887949.5931027,1.0,0.0,-35.0
1776887949.6031027,4.0,-1.0,-35.0
1776887949.613103,7.0,0.0,-35.0
1776887949.623103,7.0,0.0,-43.0
1776887949.633103,8.0,2.0,-39.0
1776887949.6431026,4.0,2.0,-37.0
1776887949.6531026,7.0,2.0,-32.0
1776887949.6631026,3.0,1.0,-34.0
1776887949.6731029,1.0,0.0,-36.0
1776887949.6831028,0.0,-6.0,-37.0
1776887949.6931028,-2.0,-8.0,-38.0
1776887949.7031028,-1.0,-7.0,-37.0
1776887949.7131028,-1.0,-5.0,-37.0
1776887949.7231028,-7.0,-5.0,-35.0
1776887949.7331028,1.0,-5.0,-33.0
1776887949.7431028,4.0,0.0,-29.0
1776887949.7531028,6.0,3.0,-26.0
1776887949.7631028,1.0,4.0,-23.0
1776887949.7731028,3.0,3.0,-32.0
1776887949.7831028,4.0,3.0,-31.0
1776887949.7931027,1.0,-2.0,-33.0
1776887949.8031027,5.0,-4.0,-29.0
1776887949.8131027,9.0,-4.0,-33.0
1776887949.8231027,5.0,-1.0,-39.0
1776887949.8331027,0.0,-3.0,-41.0
1776887949.8431027,4.0,-3.0,-30.0
1776887949.8531027,6.0,-3.0,-37.0
1776887949.863103,0.0,-2.0,-33.0
1776887949.873103,-1.0,-5.0,-30.0
1776887949.883103,-4.0,0.0,-25.0
1776887949.8931026,-4.0,-1.0,-30.0
1776887949.9041028,-6.0,0.0,-28.0
1776887949.9131026,-7.0,0.0,-23.0
1776887949.9231029,-7.0,-1.0,-29.0
1776887949.9331028,-5.0,-3.0,-28.0
1776887949.9431028,-4.0,-2.0,-31.0
1776887949.9531028,-4.0,0.0,-38.0
1776887949.9631028,-3.0,-2.0,-39.0
1776887949.9731028,0.0,-4.0,-39.0
1776887949.9831028,2.0,-5.0,-36.0
1776887949.9931028,0.0,-5.0,-33.0
1776887950.0031028,3.0,-7.0,-34.0
1776887950.0131028,7.0,-4.0,-35.0
1776887950.0231028,2.0,0.0,-36.0
1776887950.0331028,3.0,0.0,-34.0
1776887950.0431027,3.0,2.0,-37.0
1776887950.0531027,1.0,1.0,-40.0
1776887950.0631027,0.0,1.0,-38.0
1776887950.0731027,0.0,0.0,-38.0
1776887950.0831027,2.0,-3.0,-30.0
1776887950.0931027,1.0,0.0,-35.0
1776887950.1031027,3.0,-1.0,-33.0
1776887950.113103,1.0,0.0,-36.0
1776887950.123103,1.0,1.0,-36.0
1776887950.133103,0.0,-2.0,-31.0
1776887950.1431026,3.0,-8.0,-24.0
1776887950.1531026,6.0,-7.0,-31.0
1776887950.1631026,6.0,-5.0,-34.0
1776887950.1731029,3.0,-4.0,-32.0
1776887950.1831028,-1.0,-6.0,-32.0
1776887950.1931028,0.0,-5.0,-33.0
1776887950.2031028,-6.0,-7.0,-30.0
1776887950.2131028,-5.0,-4.0,-34.0
1776887950.2231028,-3.0,-4.0,-38.0
1776887950.2341027,0.0,-1.0,-35.0
1776887950.2431028,0.0,2.0,-44.0
1776887950.2531028,0.0,1.0,-41.0
1776887950.2631028,6.0,2.0,-43.0
1776887950.2731028,8.0,1.0,-42.0
1776887950.2831028,7.0,2.0,-44.0
1776887950.2931027,9.0,0.0,-48.0
1776887950.3031027,3.0,-5.0,-47.0
1776887950.3131027,0.0,-4.0,-47.0
1776887950.3231027,0.0,0.0,-41.0
1776887950.3331027,3.0,-1.0,-43.0
1776887950.3431027,0.0,0.0,-44.0
1776887950.3531027,2.0,1.0,-43.0
1776887950.363103,1.0,1.0,-38.0
1776887950.373103,2.0,1.0,-33.0
1776887950.383103,-1.0,3.0,-37.0
1776887950.3931026,2.0,-1.0,-36.0
1776887950.4031026,7.0,-4.0,-28.0
1776887950.4131026,9.0,-3.0,-26.0
1776887950.4231029,9.0,-1.0,-30.0
1776887950.4331028,3.0,1.0,-33.0
1776887950.4431028,-1.0,1.0,-32.0
1776887950.4531028,-2.0,1.0,-28.0
1776887950.4631028,-1.0,-1.0,-30.0
1776887950.4731028,-1.0,-4.0,-32.0
1776887950.4831028,0.0,-3.0,-29.0
1776887950.4941027,2.0,0.0,-26.0
1776887950.5031028,0.0,1.0,-27.0
1776887950.5131028,2.0,1.0,-28.0
1776887950.5241027,-1.0,1.0,-31.0
1776887950.534103,-1.0,0.0,-35.0
1776887950.544103,2.0,1.0,-32.0
1776887950.554103,0.0,-2.0,-31.0
1776887950.5641026,2.0,-3.0,-32.0
1776887950.5741026,1.0,-2.0,-32.0
1776887950.5841026,1.0,-3.0,-28.0
1776887950.5941026,-1.0,0.0,-32.0
1776887950.6041028,1.0,2.0,-36.0
1776887950.6141028,1.0,2.0,-35.0
1776887950.6241028,1.0,2.0,-30.0
1776887950.6341028,0.0,1.0,-36.0
1776887950.6441028,-4.0,0.0,-41.0
1776887950.6541028,-5.0,2.0,-37.0
1776887950.6641028,0.0,1.0,-45.0
1776887950.6741028,1.0,0.0,-47.0
1776887950.6841028,0.0,-2.0,-40.0
1776887950.6941028,-1.0,1.0,-39.0
1776887950.7041028,-4.0,-3.0,-43.0
1776887950.7141027,-8.0,-1.0,-45.0
1776887950.7241027,-7.0,0.0,-44.0
1776887950.7341027,-8.0,0.0,-43.0
1776887950.7441027,-2.0,0.0,-39.0
1776887950.7541027,0.0,-4.0,-43.0
1776887950.7641027,-2.0,-1.0,-39.0
1776887950.7741027,-1.0,-4.0,-40.0
1776887950.784103,-1.0,-3.0,-43.0
1776887950.794103,0.0,-4.0,-46.0
1776887950.804103,4.0,-5.0,-45.0
1776887950.8141026,5.0,-5.0,-43.0
1776887950.8241026,2.0,-5.0,-45.0
1776887950.8341026,4.0,-6.0,-47.0
1776887950.8441026,0.0,-3.0,-52.0
1776887950.8541028,-2.0,-6.0,-52.0
1776887950.8641028,0.0,-4.0,-50.0
1776887950.8741028,5.0,-4.0,-51.0
1776887950.8841028,-1.0,-2.0,-44.0
1776887950.8941028,3.0,-3.0,-45.0
1776887950.9041028,4.0,-4.0,-39.0
1776887950.9141028,0.0,-2.0,-41.0
1776887950.9241028,1.0,0.0,-42.0
1776887950.9341028,2.0,0.0,-43.0
1776887950.9441028,2.0,1.0,-40.0
1776887950.9541028,3.0,3.0,-40.0
1776887950.9641027,1.0,2.0,-36.0
1776887950.9741027,6.0,0.0,-38.0
1776887950.9841027,3.0,-5.0,-36.0
1776887950.9941027,2.0,-7.0,-35.0
1776887951.0041027,6.0,-2.0,-33.0
1776887951.0141027,10.0,-1.0,-36.0
1776887951.0241027,8.0,-2.0,-43.0
1776887951.034103,7.0,0.0,-44.0
1776887951.044103,5.0,0.0,-48.0
1776887951.054103,3.0,0.0,-44.0
1776887951.0641026,0.0,-1.0,-48.0
1776887951.0741026,-2.0,1.0,-50.0
1776887951.0841026,-1.0,2.0,-48.0
1776887951.0941026,-4.0,2.0,-47.0
1776887951.1041028,-1.0,2.0,-41.0
1776887951.1141028,0.0,2.0,-38.0
1776887951.1241028,1.0,0.0,-40.0
1776887951.1341028,1.0,2.0,-41.0
1776887951.1441028,-4.0,4.0,-44.0
1776887951.1541028,-8.0,5.0,-35.0
1776887951.1641028,-5.0,7.0,-35.0
1776887951.1741028,-3.0,7.0,-33.0
1776887951.1841028,1.0,3.0,-29.0
1776887951.1941028,4.0,2.0,-28.0
1776887951.2041028,0.0,-1.0,-33.0
1776887951.2141027,-1.0,-5.0,-31.0
1776887951.2241027,0.0,-6.0,-33.0
1776887951.2341027,0.0,-3.0,-28.0
1776887951.2441027,0.0,1.0,-31.0
1776887951.2541027,1.0,0.0,-40.0
1776887951.2641027,4.0,2.0,-42.0
1776887951.2741027,8.0,2.0,-43.0
1776887951.284103,8.0,1.0,-38.0
1776887951.294103,5.0,1.0,-31.0
1776887951.304103,5.0,5.0,-28.0
1776887951.3141026,6.0,3.0,-34.0
1776887951.3241026,2.0,6.0,-35.0
1776887951.3341026,2.0,4.0,-38.0
1776887951.3441026,2.0,5.0,-39.0
1776887951.3541028,2.0,5.0,-37.0
1776887951.3641028,0.0,5.0,-37.0
1776887951.3741028,-1.0,3.0,-34.0
1776887951.3841028,1.0,3.0,-40.0
1776887951.3941028,0.0,7.0,-34.0
1776887951.4041028,-3.0,6.0,-37.0
1776887951.4141028,-1.0,5.0,-30.0
1776887951.4241028,-2.0,5.0,-33.0
1776887951.4341028,0.0,6.0,-36.0
1776887951.4441028,2.0,4.0,-39.0
1776887951.4541028,1.0,5.0,-36.0
1776887951.4641027,1.0,6.0,-33.0
1776887951.4741027,2.0,2.0,-42.0
1776887951.4841027,4.0,-2.0,-43.0
1776887951.4941027,0.0,-2.0,-43.0
1776887951.5041027,2.0,1.0,-43.0
1776887951.5141027,3.0,0.0,-40.0
1776887951.5241027,-1.0,1.0,-42.0
1776887951.534103,-3.0,0.0,-39.0
1776887951.544103,-7.0,-1.0,-36.0
1776887951.554103,-10.0,0.0,-35.0
1776887951.5641026,-7.0,0.0,-38.0
1776887951.5741026,-4.0,0.0,-38.0
1776887951.5841026,-1.0,-3.0,-38.0
1776887951.5941026,2.0,-1.0,-37.0
1776887951.6041028,4.0,-3.0,-39.0
1776887951.6141028,0.0,-6.0,-35.0
1776887951.6241028,3.0,-7.0,-30.0
1776887951.6341028,1.0,-4.0,-36.0
1776887951.6441028,0.0,-2.0,-37.0
1776887951.6541028,0.0,-5.0,-34.0
1776887951.6641028,2.0,-3.0,-38.0
1776887951.6741028,9.0,-1.0,-37.0
1776887951.6841028,8.0,1.0,-32.0
1776887951.6941028,12.0,0.0,-37.0
1776887951.7041028,8.0,-1.0,-36.0
1776887951.7141027,5.0,-3.0,-33.0
1776887951.7241027,-1.0,-2.0,-35.0
1776887951.7341027,0.0,0.0,-38.0
1776887951.7441027,-1.0,-2.0,-33.0
1776887951.7541027,0.0,-2.0,-31.0
1776887951.7641027,-1.0,-11.0,-33.0
1776887951.7741027,-1.0,-9.0,-34.0
1776887951.784103,2.0,-7.0,-35.0
1776887951.794103,0.0,-7.0,-37.0
1776887951.804103,-5.0,-6.0,-35.0
1776887951.8141026,-3.0,-5.0,-34.0
1776887951.8241026,-1.0,-1.0,-31.0
1776887951.8341026,0.0,-4.0,-33.0
1776887951.8441026,-2.0,0.0,-33.0
1776887951.8541028,-2.0,0.0,-32.0
1776887951.8641028,-1.0,0.0,-30.0
1776887951.8741028,-2.0,-2.0,-33.0
1776887951.8841028,1.0,-3.0,-33.0
1776887951.8941028,2.0,-6.0,-37.0
1776887951.9041028,5.0,-5.0,-37.0
1776887951.9141028,-1.0,-3.0,-40.0
1776887951.9241028,0.0,1.0,-39.0
1776887951.9341028,-4.0,2.0,-43.0
1776887951.9441028,-4.0,3.0,-45.0
1776887951.9541028,-2.0,2.0,-42.0
1776887951.9641027,-1.0,0.0,-36.0
1776887951.9741027,1.0,0.0,-33.0
1776887951.9841027,1.0,0.0,-38.0
1776887951.9941027,1.0,-2.0,-33.0
1776887952.0041027,4.0,-7.0,-38.0
1776887952.0141027,1.0,-4.0,-39.0
1776887952.0241027,-2.0,-7.0,-33.0
1776887952.034103,-1.0,-10.0,-36.0
1776887952.044103,-2.0,-8.0,-38.0
1776887952.054103,2.0,-10.0,-39.0
1776887952.0641026,0.0,-9.0,-39.0
1776887952.0741026,-3.0,-7.0,-37.0
1776887952.0841026,-2.0,-7.0,-39.0
1776887952.0941026,-6.0,-6.0,-53.0
1776887952.1041028,-1.0,-3.0,-54.0
1776887952.1141028,-5.0,-5.0,-53.0
1776887952.1241028,-5.0,-3.0,-46.0
1776887952.1341028,-5.0,-4.0,-45.0
1776887952.1441028,-4.0,-2.0,-46.0
1776887952.1541028,-3.0,2.0,-50.0
1776887952.1641028,0.0,2.0,-48.0
1776887952.1741028,0.0,2.0,-43.0
1776887952.1841028,1.0,4.0,-42.0
1776887952.1941028,0.0,0.0,-39.0
1776887952.2041028,-2.0,-1.0,-38.0
1776887952.2141027,-5.0,-1.0,-42.0
1776887952.2241027,-6.0,-1.0,-39.0
1776887952.2341027,-6.0,1.0,-31.0
1776887952.2441027,-7.0,0.0,-37.0
1776887952.2541027,-6.0,0.0,-35.0
1776887952.2641027,-9.0,0.0,-41.0
1776887952.2741027,-5.0,1.0,-41.0
1776887952.284103,-3.0,1.0,-42.0
1776887952.294103,-4.0,-3.0,-49.0
1776887952.304103,-5.0,-2.0,-47.0
1776887952.3141026,-6.0,-2.0,-44.0
1776887952.3241026,-3.0,-1.0,-39.0
1776887952.3341026,0.0,-1.0,-41.0
1776887952.3441026,3.0,0.0,-38.0
1776887952.3541028,3.0,0.0,-40.0
1776887952.3641028,0.0,0.0,-47.0
1776887952.3741028,-2.0,3.0,-44.0
1776887952.3841028,-2.0,4.0,-49.0
1776887952.3941028,2.0,4.0,-43.0
1776887952.4041028,5.0,3.0,-34.0
1776887952.4141028,4.0,4.0,-35.0
1776887952.4241028,2.0,5.0,-33.0
1776887952.4341028,1.0,2.0,-31.0
1776887952.4441028,1.0,0.0,-21.0
1776887952.4541028,1.0,-1.0,-20.0
1776887952.4641027,5.0,-1.0,-27.0
1776887952.4741027,4.0,1.0,-27.0
1776887952.4841027,4.0,4.0,-33.0
1776887952.4941027,0.0,6.0,-34.0
1776887952.5041027,1.0,3.0,-33.0
1776887952.5151026,2.0,-4.0,-36.0
1776887952.5241027,7.0,-4.0,-33.0
1776887952.5351028,10.0,-1.0,-33.0
1776887952.5451028,6.0,-3.0,-35.0
1776887952.5551028,4.0,-3.0,-30.0
1776887952.5651028,3.0,-3.0,-35.0
1776887952.5751028,1.0,-3.0,-36.0
1776887952.5851028,0.0,-4.0,-43.0
1776887952.5951028,0.0,0.0,-41.0
1776887952.6051028,0.0,0.0,-40.0
1776887952.6151028,3.0,1.0,-41.0
1776887952.6251028,0.0,2.0,-44.0
1776887952.6351027,2.0,-1.0,-42.0
1776887952.6451027,3.0,1.0,-41.0
1776887952.6551027,3.0,2.0,-40.0
1776887952.6651027,3.0,0.0,-39.0
1776887952.6751027,1.0,-1.0,-31.0
1776887952.6851027,1.0,0.0,-34.0
1776887952.6951027,0.0,-2.0,-37.0
1776887952.7051027,-1.0,-5.0,-31.0
1776887952.715103,-1.0,-3.0,-32.0
1776887952.725103,0.0,-6.0,-31.0
1776887952.735103,4.0,-1.0,-32.0
1776887952.7451026,4.0,0.0,-28.0
1776887952.7551026,1.0,3.0,-24.0
1776887952.7651026,-4.0,3.0,-35.0
1776887952.7751029,-5.0,1.0,-40.0
1776887952.7851028,-3.0,-5.0,-37.0
1776887952.7951028,-4.0,-3.0,-40.0
1776887952.8051028,-3.0,-7.0,-36.0
1776887952.8151028,-10.0,-7.0,-35.0
1776887952.8251028,-6.0,-5.0,-37.0
1776887952.8351028,-5.0,-7.0,-32.0
1776887952.8451028,-2.0,-7.0,-25.0
1776887952.8551028,0.0,-7.0,-30.0
1776887952.8651028,-1.0,-7.0,-33.0
1776887952.8751028,-3.0,-5.0,-32.0
1776887952.8851027,0.0,-5.0,-28.0
1776887952.8951027,-4.0,-5.0,-27.0
1776887952.9051027,-6.0,-1.0,-25.0
1776887952.9151027,-4.0,0.0,-28.0
1776887952.9251027,-1.0,-3.0,-26.0
1776887952.9351027,-1.0,-5.0,-29.0
1776887952.9451027,-1.0,-3.0,-26.0
1776887952.9551027,-2.0,1.0,-29.0
1776887952.965103,0.0,0.0,-34.0
1776887952.975103,0.0,-1.0,-33.0
1776887952.985103,-2.0,2.0,-34.0
1776887952.9951026,-4.0,-1.0,-30.0
1776887953.0051026,-6.0,-5.0,-31.0
1776887953.0151026,-9.0,-5.0,-34.0
1776887953.0251029,-10.0,-2.0,-36.0
1776887953.0351028,-5.0,-1.0,-38.0
1776887953.0451028,0.0,-3.0,-40.0
1776887953.0551028,5.0,-5.0,-38.0
1776887953.0651028,12.0,-1.0,-43.0
1776887953.0751028,8.0,0.0,-45.0
1776887953.0851028,7.0,-3.0,-45.0
1776887953.0951028,4.0,-3.0,-43.0
1776887953.1051028,5.0,-3.0,-42.0
1776887953.1151028,-2.0,-1.0,-32.0
1776887953.1251028,-1.0,-3.0,-28.0
1776887953.1351027,0.0,-4.0,-27.0
1776887953.1451027,0.0,-1.0,-27.0
1776887953.1551027,5.0,-1.0,-27.0
1776887953.1651027,3.0,-3.0,-28.0
1776887953.1751027,5.0,-1.0,-34.0
1776887953.1851027,-1.0,-2.0,-36.0
1776887953.1951027,-2.0,0.0,-30.0
1776887953.2051027,-4.0,-1.0,-25.0
1776887953.215103,-5.0,-4.0,-35.0
1776887953.225103,1.0,-7.0,-36.0
1776887953.235103,0.0,-5.0,-35.0
1776887953.2451026,3.0,0.0,-32.0
1776887953.2551026,4.0,0.0,-43.0
1776887953.2651026,2.0,-1.0,-45.0
1776887953.2751029,1.0,0.0,-42.0
1776887953.2851028,0.0,0.0,-42.0
1776887953.2951028,-2.0,-1.0,-39.0
1776887953.3051028,-7.0,-1.0,-40.0
1776887953.3151028,-5.0,0.0,-44.0
1776887953.3251028,-1.0,1.0,-48.0
1776887953.3351028,0.0,0.0,-45.0
1776887953.3451028,4.0,3.0,-48.0
1776887953.3551028,8.0,4.0,-40.0
1776887953.3651028,6.0,2.0,-37.0
1776887953.3751028,3.0,0.0,-36.0
1776887953.3851027,1.0,-1.0,-39.0
1776887953.3951027,0.0,0.0,-44.0
1776887953.4051027,0.0,0.0,-43.0
1776887953.4151027,-3.0,0.0,-41.0
1776887953.4251027,-3.0,-2.0,-37.0
1776887953.4351027,-1.0,-4.0,-29.0
1776887953.4451027,-4.0,-5.0,-30.0
1776887953.4551027,4.0,-2.0,-36.0
1776887953.465103,1.0,1.0,-33.0
1776887953.475103,-1.0,3.0,-33.0
1776887953.485103,0.0,1.0,-37.0
1776887953.4951026,1.0,2.0,-41.0
1776887953.5051026,0.0,2.0,-39.0
1776887953.5151026,-1.0,0.0,-37.0
1776887953.5251029,0.0,1.0,-38.0
1776887953.5351028,2.0,0.0,-32.0
1776887953.5451028,8.0,-3.0,-29.0
1776887953.5551028,6.0,-3.0,-34.0
1776887953.5651028,1.0,-1.0,-32.0
1776887953.5751028,-1.0,-3.0,-33.0
1776887953.5851028,0.0,-5.0,-37.0
1776887953.5951028,6.0,-8.0,-41.0
1776887953.6051028,0.0,-4.0,-38.0
1776887953.6151028,3.0,-1.0,-31.0
1776887953.6251028,1.0,-1.0,-27.0
1776887953.6351027,-1.0,0.0,-23.0
1776887953.6451027,-1.0,-1.0,-18.0
1776887953.6551027,-1.0,1.0,-17.0
1776887953.6651027,1.0,3.0,-23.0
1776887953.6751027,3.0,2.0,-26.0
1776887953.6851027,6.0,2.0,-26.0
1776887953.6951027,6.0,1.0,-24.0
1776887953.7051027,10.0,2.0,-19.0
1776887953.715103,10.0,3.0,-24.0
1776887953.725103,12.0,3.0,-21.0
1776887953.735103,12.0,1.0,-29.0
1776887953.7451026,14.0,0.0,-35.0
1776887953.7551026,12.0,1.0,-34.0
1776887953.7651026,3.0,-1.0,-34.0
1776887953.7751029,3.0,-1.0,-37.0
1776887953.7851028,2.0,0.0,-29.0
1776887953.7951028,4.0,-1.0,-29.0
1776887953.8051028,-2.0,0.0,-32.0
1776887953.8151028,1.0,1.0,-24.0
1776887953.8251028,5.0,0.0,-24.0
1776887953.8351028,3.0,0.0,-25.0
1776887953.8451028,6.0,2.0,-24.0
1776887953.8551028,6.0,-1.0,-35.0
1776887953.8651028,2.0,-3.0,-35.0
1776887953.8751028,0.0,0.0,-35.0
1776887953.8851027,0.0,-1.0,-38.0
1776887953.8951027,1.0,-2.0,-38.0
1776887953.9051027,2.0,1.0,-39.0
1776887953.9151027,4.0,1.0,-41.0
1776887953.9251027,5.0,-1.0,-38.0
1776887953.9351027,7.0,-3.0,-39.0
1776887953.9451027,5.0,0.0,-36.0
1776887953.9551027,8.0,6.0,-34.0
1776887953.965103,6.0,5.0,-34.0
1776887953.975103,8.0,6.0,-35.0
1776887953.985103,3.0,4.0,-33.0
1776887953.9951026,0.0,4.0,-38.0
1776887954.0051026,-1.0,3.0,-42.0
1776887954.0151026,-1.0,4.0,-43.0
1776887954.0251029,1.0,2.0,-45.0
1776887954.0351028,-1.0,0.0,-45.0
1776887954.0451028,-2.0,-1.0,-40.0
1776887954.0551028,-3.0,0.0,-34.0
1776887954.0651028,-3.0,1.0,-29.0
1776887954.0751028,-1.0,4.0,-30.0
1776887954.0851028,4.0,5.0,-29.0
1776887954.0951028,-2.0,11.0,-28.0
1776887954.1051028,2.0,9.0,-34.0
1776887954.1151028,0.0,6.0,-38.0
1776887954.1251028,-4.0,8.0,-38.0
1776887954.1351027,-3.0,4.0,-40.0
1776887954.1451027,-1.0,4.0,-37.0
1776887954.1551027,2.0,1.0,-42.0
1776887954.1651027,0.0,-1.0,-39.0
1776887954.1751027,2.0,-3.0,-38.0
1776887954.1851027,0.0,-5.0,-40.0
1776887954.1951027,4.0,-6.0,-39.0
1776887954.2051027,5.0,-10.0,-38.0
1776887954.215103,6.0,-4.0,-37.0
1776887954.225103,2.0,-4.0,-35.0
1776887954.235103,2.0,-5.0,-37.0
1776887954.2451026,0.0,-1.0,-43.0
1776887954.2551026,3.0,0.0,-45.0
1776887954.2651026,5.0,-1.0,-39.0
1776887954.2751029,7.0,1.0,-40.0
1776887954.2851028,5.0,0.0,-38.0
1776887954.2951028,4.0,-3.0,-38.0
1776887954.3051028,2.0,-8.0,-41.0
1776887954.3151028,0.0,-4.0,-43.0
1776887954.3251028,-4.0,-3.0,-39.0
1776887954.3351028,0.0,0.0,-41.0
1776887954.3451028,1.0,-5.0,-43.0
1776887954.3551028,0.0,-6.0,-40.0
1776887954.3651028,0.0,-5.0,-39.0
1776887954.3751028,0.0,0.0,-38.0
1776887954.3851027,-1.0,-2.0,-42.0
1776887954.3951027,0.0,-8.0,-45.0
1776887954.4051027,2.0,-7.0,-49.0
1776887954.4151027,0.0,-2.0,-52.0
1776887954.4251027,0.0,0.0,-48.0
1776887954.4351027,-3.0,0.0,-40.0
1776887954.4451027,-6.0,0.0,-32.0
1776887954.4551027,-3.0,0.0,-31.0
1776887954.465103,1.0,-2.0,-38.0
1776887954.4761028,2.0,-4.0,-31.0
1776887954.485103,0.0,-5.0,-35.0
1776887954.4951026,3.0,-9.0,-37.0
1776887954.5051026,7.0,-10.0,-36.0
1776887954.5151026,6.0,-12.0,-35.0
1776887954.5261028,11.0,-11.0,-36.0
1776887954.5361028,11.0,-7.0,-32.0
1776887954.5461028,11.0,-9.0,-26.0
1776887954.5561028,16.0,-7.0,-28.0
1776887954.5661027,15.0,-5.0,-27.0
1776887954.5761027,19.0,-4.0,-26.0
1776887954.5861027,16.0,-3.0,-25.0
1776887954.5961027,10.0,0.0,-31.0
1776887954.6061027,10.0,-4.0,-29.0
1776887954.6161027,9.0,-5.0,-33.0
1776887954.6261027,6.0,0.0,-31.0
1776887954.636103,5.0,0.0,-35.0
1776887954.646103,8.0,0.0,-33.0
1776887954.656103,4.0,1.0,-36.0
1776887954.6661026,0.0,1.0,-38.0
1776887954.6761026,0.0,0.0,-44.0
1776887954.6861026,1.0,0.0,-48.0
1776887954.6961029,0.0,1.0,-45.0
1776887954.7061028,1.0,0.0,-46.0
1776887954.7171028,-1.0,0.0,-38.0
1776887954.7261028,-2.0,-2.0,-30.0
1776887954.7361028,-3.0,-3.0,-39.0
1776887954.7461028,1.0,-5.0,-40.0
1776887954.7561028,0.0,-5.0,-41.0
1776887954.7661028,3.0,-3.0,-39.0
1776887954.7761028,4.0,-5.0,-42.0
1776887954.7861028,5.0,-2.0,-45.0
1776887954.7961028,5.0,-2.0,-44.0
1776887954.8061028,7.0,-4.0,-40.0
1776887954.8161027,7.0,-8.0,-40.0
1776887954.8261027,0.0,-6.0,-36.0
1776887954.8361027,0.0,-8.0,-35.0
1776887954.8461027,0.0,-6.0,-29.0
1776887954.8561027,0.0,-4.0,-30.0
1776887954.8661027,0.0,-5.0,-33.0
1776887954.8761027,-2.0,-5.0,-41.0
1776887954.886103,0.0,-5.0,-38.0
1776887954.896103,4.0,-5.0,-35.0
1776887954.906103,5.0,-2.0,-37.0
1776887954.9161026,2.0,0.0,-37.0
1776887954.9261026,0.0,-6.0,-39.0
1776887954.9361026,0.0,-1.0,-38.0
1776887954.9461029,1.0,-2.0,-39.0
1776887954.9561028,-3.0,-3.0,-36.0
1776887954.9661028,0.0,-4.0,-39.0
1776887954.9761028,0.0,-3.0,-42.0
1776887954.9861028,-1.0,-4.0,-41.0
1776887954.9961028,-1.0,-3.0,-42.0
1776887955.0061028,-1.0,-6.0,-42.0
1776887955.0161028,0.0,-5.0,-41.0
1776887955.0261028,0.0,-4.0,-37.0
1776887955.0361028,2.0,-4.0,-34.0
1776887955.0461028,3.0,-3.0,-30.0
1776887955.0561028,4.0,-3.0,-34.0
1776887955.0661027,3.0,-3.0,-40.0
1776887955.0761027,3.0,-3.0,-45.0
1776887955.0861027,2.0,-4.0,-46.0
1776887955.0961027,3.0,-5.0,-44.0
1776887955.1061027,0.0,-7.0,-42.0
1776887955.1161027,4.0,-7.0,-39.0
1776887955.1261027,7.0,-6.0,-35.0
1776887955.136103,6.0,-4.0,-32.0
1776887955.146103,4.0,-7.0,-31.0
1776887955.156103,6.0,-6.0,-29.0
1776887955.1661026,5.0,-6.0,-32.0
1776887955.1761026,5.0,-5.0,-33.0
1776887955.1861026,6.0,-2.0,-35.0
1776887955.1961029,5.0,-6.0,-29.0
1776887955.2061028,5.0,-6.0,-33.0
1776887955.2161028,4.0,-4.0,-31.0
1776887955.2261028,5.0,-1.0,-36.0
1776887955.2361028,6.0,-3.0,-45.0
1776887955.2461028,4.0,-2.0,-51.0
1776887955.2561028,2.0,-1.0,-47.0
1776887955.2661028,1.0,1.0,-40.0
1776887955.2761028,2.0,2.0,-44.0
1776887955.2861028,0.0,3.0,-49.0
1776887955.2961028,0.0,1.0,-44.0
1776887955.3061028,-1.0,-1.0,-44.0
1776887955.3161027,-4.0,0.0,-44.0
1776887955.3261027,-3.0,-4.0,-46.0
1776887955.3361027,1.0,-2.0,-40.0
1776887955.3461027,0.0,-2.0,-33.0
1776887955.3561027,0.0,-2.0,-32.0
1776887955.3661027,-1.0,-3.0,-28.0
1776887955.3761027,1.0,-3.0,-24.0
1776887955.386103,-1.0,-3.0,-28.0
1776887955.396103,-2.0,-3.0,-29.0
1776887955.406103,0.0,3.0,-36.0
1776887955.4161026,0.0,4.0,-32.0
1776887955.4261026,-1.0,1.0,-37.0
1776887955.4361026,-1.0,2.0,-36.0
1776887955.4461029,0.0,0.0,-36.0
1776887955.4561028,-1.0,-3.0,-37.0
1776887955.4661028,1.0,-4.0,-35.0
1776887955.4761028,1.0,-2.0,-30.0
1776887955.4861028,1.0,-3.0,-29.0
1776887955.4961028,0.0,-1.0,-26.0
1776887955.5061028,-6.0,0.0,-31.0
1776887955.5161028,-5.0,0.0,-35.0
1776887955.5261028,-3.0,2.0,-32.0
1776887955.5361028,-3.0,2.0,-33.0
1776887955.5461028,0.0,2.0,-35.0
1776887955.5561028,-3.0,4.0,-36.0
1776887955.5661027,-10.0,0.0,-33.0
1776887955.5761027,-5.0,0.0,-34.0
1776887955.5861027,-4.0,-1.0,-32.0
1776887955.5961027,-5.0,-2.0,-34.0
1776887955.6061027,-6.0,-6.0,-30.0
1776887955.6161027,-5.0,-7.0,-30.0
1776887955.6261027,-9.0,-8.0,-39.0
1776887955.636103,-2.0,-7.0,-38.0
1776887955.646103,0.0,-4.0,-36.0
1776887955.656103,2.0,-2.0,-36.0
1776887955.6661026,4.0,-1.0,-35.0
1776887955.6761026,2.0,-3.0,-39.0
1776887955.6861026,2.0,-7.0,-44.0
1776887955.6961029,3.0,-8.0,-44.0
1776887955.7061028,2.0,-7.0,-41.0
1776887955.7161028,2.0,-3.0,-34.0
1776887955.7261028,6.0,0.0,-28.0
1776887955.7361028,2.0,0.0,-23.0
1776887955.7461028,1.0,-2.0,-29.0
1776887955.7561028,-1.0,-1.0,-31.0
1776887955.7661028,0.0,-1.0,-36.0
1776887955.7761028,-5.0,-3.0,-40.0
1776887955.7861028,-3.0,-6.0,-40.0
1776887955.7961028,0.0,-4.0,-38.0
1776887955.8061028,4.0,-1.0,-45.0
1776887955.8161027,6.0,1.0,-37.0
1776887955.8261027,7.0,3.0,-37.0
1776887955.8361027,8.0,7.0,-36.0
1776887955.8461027,9.0,7.0,-39.0
1776887955.8561027,10.0,1.0,-41.0
1776887955.8661027,7.0,-1.0,-37.0
1776887955.8761027,5.0,-6.0,-37.0
1776887955.886103,6.0,-5.0,-35.0
1776887955.896103,2.0,-7.0,-33.0
1776887955.906103,2.0,-7.0,-28.0
1776887955.9161026,4.0,-3.0,-30.0
1776887955.9261026,3.0,-2.0,-43.0
1776887955.9361026,4.0,0.0,-44.0
1776887955.9461029,1.0,-4.0,-43.0
1776887955.9561028,1.0,-7.0,-46.0
1776887955.9661028,0.0,-5.0,-50.0
1776887955.9761028,0.0,-4.0,-45.0
1776887955.9861028,0.0,0.0,-49.0
1776887955.9961028,-1.0,0.0,-44.0
1776887956.0061028,0.0,2.0,-46.0
1776887956.0161028,-4.0,1.0,-42.0
1776887956.0261028,-4.0,0.0,-38.0
1776887956.0361028,-4.0,-2.0,-31.0
1776887956.0461028,-4.0,-2.0,-29.0
1776887956.0561028,-5.0,-9.0,-27.0
1776887956.0661027,0.0,-10.0,-31.0
1776887956.0761027,2.0,-12.0,-28.0
1776887956.0861027,6.0,-11.0,-27.0
1776887956.0961027,4.0,-3.0,-25.0
1776887956.1061027,-2.0,-3.0,-25.0
1776887956.1161027,-3.0,-5.0,-27.0
1776887956.1261027,-3.0,-2.0,-29.0
1776887956.136103,0.0,-4.0,-36.0
1776887956.146103,2.0,0.0,-33.0
1776887956.156103,4.0,0.0,-32.0
1776887956.1661026,3.0,2.0,-32.0
1776887956.1761026,0.0,0.0,-33.0
1776887956.1861026,1.0,-3.0,-40.0
1776887956.1961029,0.0,-3.0,-37.0
1776887956.2061028,-1.0,-5.0,-31.0
1776887956.2161028,-3.0,-9.0,-31.0
1776887956.2261028,-4.0,-7.0,-27.0
1776887956.2361028,0.0,-6.0,-29.0
1776887956.2461028,0.0,-6.0,-31.0
1776887956.2561028,1.0,-5.0,-33.0
1776887956.2661028,1.0,-5.0,-36.0
1776887956.2761028,1.0,-4.0,-42.0
1776887956.2861028,4.0,-2.0,-42.0
1776887956.2961028,0.0,0.0,-45.0
1776887956.3061028,-2.0,-2.0,-44.0
1776887956.3161027,-3.0,-4.0,-44.0
1776887956.3261027,-5.0,-2.0,-46.0
1776887956.3361027,-4.0,0.0,-46.0
1776887956.3461027,0.0,-2.0,-38.0
1776887956.3561027,2.0,-1.0,-41.0
1776887956.3661027,3.0,-4.0,-38.0
1776887956.3761027,0.0,-3.0,-44.0
1776887956.386103,-2.0,-2.0,-42.0
1776887956.396103,-1.0,0.0,-46.0
1776887956.406103,2.0,3.0,-46.0
1776887956.4161026,3.0,3.0,-45.0
1776887956.4261026,5.0,1.0,-45.0
1776887956.4361026,8.0,2.0,-45.0
1776887956.4461029,3.0,0.0,-48.0
1776887956.4561028,-2.0,0.0,-47.0
1776887956.4661028,-4.0,2.0,-53.0
1776887956.4761028,-8.0,0.0,-55.0
1776887956.4861028,-3.0,0.0,-46.0
1776887956.4961028,0.0,0.0,-46.0
1776887956.5061028,-3.0,0.0,-42.0
1776887956.5161028,1.0,-2.0,-38.0
1776887956.5261028,5.0,0.0,-44.0
1776887956.5371027,7.0,0.0,-43.0
1776887956.5471027,3.0,0.0,-38.0
1776887956.5561028,4.0,0.0,-43.0
1776887956.567103,8.0,-3.0,-34.0
1776887956.577103,8.0,-4.0,-26.0
1776887956.587103,6.0,-8.0,-25.0
1776887956.5971026,1.0,-4.0,-26.0
1776887956.6071026,0.0,0.0,-26.0
1776887956.6171026,2.0,0.0,-29.0
1776887956.6271029,0.0,3.0,-28.0
1776887956.6371028,2.0,4.0,-35.0
1776887956.6471028,2.0,3.0,-28.0
1776887956.6571028,3.0,0.0,-29.0
1776887956.6671028,0.0,0.0,-33.0
1776887956.6771028,1.0,-2.0,-34.0
1776887956.6871028,4.0,-2.0,-32.0
1776887956.6971028,4.0,-5.0,-36.0
1776887956.7071028,2.0,-4.0,-36.0
1776887956.7171028,0.0,-1.0,-38.0
1776887956.7271028,-2.0,-2.0,-39.0
1776887956.7371027,-1.0,-1.0,-39.0
1776887956.7471027,-3.0,-2.0,-46.0
1776887956.7571027,-7.0,-3.0,-44.0
1776887956.7671027,-1.0,-1.0,-41.0
1776887956.7771027,-3.0,-2.0,-33.0
1776887956.7871027,-1.0,1.0,-34.0
1776887956.7971027,-3.0,2.0,-46.0
1776887956.807103,-2.0,1.0,-47.0
1776887956.817103,0.0,3.0,-46.0
1776887956.827103,2.0,6.0,-49.0
1776887956.837103,0.0,3.0,-44.0
1776887956.8471026,0.0,2.0,-37.0
1776887956.8571026,-1.0,2.0,-35.0
1776887956.8671026,-4.0,5.0,-26.0
1776887956.8771029,-4.0,8.0,-28.0
1776887956.8871028,-1.0,6.0,-32.0
1776887956.8971028,1.0,7.0,-35.0
1776887956.9071028,3.0,5.0,-42.0
1776887956.9171028,4.0,0.0,-45.0
1776887956.9271028,2.0,-1.0,-39.0
1776887956.9371028,1.0,0.0,-34.0
1776887956.9471028,1.0,-2.0,-32.0
1776887956.9571028,3.0,0.0,-37.0
1776887956.9671028,5.0,-3.0,-35.0
1776887956.9771028,4.0,-5.0,-33.0
1776887956.9871027,1.0,-4.0,-36.0
1776887956.9971027,5.0,-6.0,-37.0
1776887957.0071027,7.0,-8.0,-41.0
1776887957.0171027,3.0,-9.0,-44.0
1776887957.0271027,-1.0,-9.0,-39.0
1776887957.0371027,-1.0,-3.0,-42.0
1776887957.0471027,4.0,-4.0,-38.0
1776887957.057103,5.0,-1.0,-33.0
1776887957.067103,2.0,-2.0,-25.0
1776887957.077103,3.0,-1.0,-20.0
1776887957.087103,2.0,-2.0,-24.0
1776887957.0971026,2.0,1.0,-22.0
1776887957.1071026,1.0,3.0,-17.0
1776887957.1171026,-3.0,1.0,-21.0
1776887957.1271029,-1.0,0.0,-21.0
1776887957.1371028,1.0,0.0,-16.0
1776887957.1471028,2.0,-3.0,-21.0
1776887957.1571028,0.0,-6.0,-25.0
1776887957.1671028,-1.0,-4.0,-25.0
1776887957.1771028,-1.0,-4.0,-33.0
1776887957.1871028,-1.0,-2.0,-28.0
1776887957.1971028,-1.0,-2.0,-27.0
1776887957.2071028,3.0,-4.0,-24.0
1776887957.2171028,2.0,-5.0,-29.0
1776887957.2271028,5.0,-1.0,-33.0
1776887957.2371027,12.0,-1.0,-28.0
1776887957.2471027,11.0,-1.0,-27.0
1776887957.2571027,4.0,-1.0,-29.0
1776887957.2671027,0.0,0.0,-31.0
1776887957.2771027,1.0,0.0,-26.0
1776887957.2871027,0.0,-2.0,-26.0
1776887957.2971027,-3.0,1.0,-32.0
1776887957.307103,-2.0,0.0,-34.0
1776887957.317103,-4.0,1.0,-28.0
1776887957.327103,0.0,2.0,-33.0
1776887957.337103,0.0,-1.0,-35.0
1776887957.3471026,-4.0,0.0,-37.0
1776887957.3571026,-3.0,-2.0,-38.0
1776887957.3671026,-2.0,0.0,-43.0
1776887957.3771029,0.0,0.0,-42.0
1776887957.3871028,2.0,-2.0,-45.0
1776887957.3971028,1.0,2.0,-43.0
1776887957.4071028,0.0,1.0,-48.0
1776887957.4171028,1.0,4.0,-51.0
1776887957.4271028,0.0,6.0,-53.0
1776887957.4371028,3.0,0.0,-49.0
1776887957.4471028,-1.0,-3.0,-35.0
1776887957.4571028,-5.0,-5.0,-39.0
1776887957.4671028,-5.0,-1.0,-39.0
1776887957.4771028,0.0,-1.0,-37.0
1776887957.4871027,-3.0,1.0,-37.0
1776887957.4971027,-1.0,0.0,-42.0
1776887957.5071027,2.0,0.0,-47.0
1776887957.5171027,0.0,-1.0,-49.0
1776887957.5271027,-5.0,1.0,-46.0
1776887957.5371027,-6.0,1.0,-44.0
1776887957.5471027,-6.0,0.0,-38.0
1776887957.557103,-7.0,1.0,-40.0
1776887957.567103,-3.0,0.0,-36.0
1776887957.577103,0.0,-4.0,-32.0
1776887957.587103,-1.0,-1.0,-29.0
1776887957.5971026,2.0,1.0,-29.0
1776887957.6071026,1.0,4.0,-27.0
1776887957.6171026,0.0,4.0,-23.0
1776887957.6271029,0.0,4.0,-26.0
1776887957.6371028,-2.0,10.0,-26.0
1776887957.6471028,-3.0,2.0,-28.0
1776887957.6571028,-1.0,0.0,-38.0
1776887957.6671028,-3.0,-1.0,-35.0
1776887957.6771028,-6.0,-4.0,-38.0
1776887957.6871028,-7.0,-6.0,-35.0
1776887957.6971028,-4.0,-6.0,-38.0
1776887957.7071028,-4.0,-5.0,-27.0
1776887957.7171028,-4.0,0.0,-32.0
1776887957.7271028,-5.0,0.0,-36.0
1776887957.7371027,-7.0,-1.0,-42.0
1776887957.7471027,-4.0,-2.0,-45.0
1776887957.7571027,-3.0,-2.0,-46.0
1776887957.7671027,-4.0,-3.0,-48.0
1776887957.7771027,-5.0,-1.0,-50.0
1776887957.7871027,-7.0,-1.0,-39.0
1776887957.7971027,-10.0,-2.0,-34.0
1776887957.807103,-7.0,-2.0,-36.0
1776887957.817103,-8.0,-4.0,-41.0
1776887957.827103,-3.0,-2.0,-43.0
1776887957.837103,-3.0,-7.0,-36.0
1776887957.8471026,-3.0,-8.0,-37.0
1776887957.8571026,-6.0,-10.0,-37.0
1776887957.8671026,-1.0,-6.0,-39.0
1776887957.8771029,-2.0,-1.0,-44.0
1776887957.8871028,-5.0,-1.0,-41.0
1776887957.8971028,-3.0,-1.0,-37.0
1776887957.9071028,-3.0,0.0,-37.0
1776887957.9171028,0.0,0.0,-41.0
1776887957.9271028,-4.0,2.0,-40.0
1776887957.9371028,0.0,0.0,-38.0
1776887957.9471028,-3.0,-1.0,-37.0
1776887957.9571028,-2.0,-5.0,-36.0
1776887957.9671028,0.0,-4.0,-43.0
1776887957.9771028,4.0,-5.0,-43.0
1776887957.9871027,6.0,-9.0,-44.0
1776887957.9971027,5.0,-5.0,-38.0
1776887958.0071027,1.0,-6.0,-33.0
1776887958.0171027,1.0,-4.0,-25.0
1776887958.0271027,0.0,-2.0,-25.0
1776887958.0371027,0.0,-3.0,-26.0
1776887958.0471027,0.0,-10.0,-29.0
1776887958.057103,0.0,-7.0,-40.0
1776887958.067103,1.0,-5.0,-38.0
1776887958.077103,5.0,-4.0,-37.0
1776887958.087103,2.0,-3.0,-44.0
1776887958.0971026,0.0,-3.0,-47.0
1776887958.1071026,-5.0,-2.0,-49.0
1776887958.1171026,-6.0,0.0,-53.0
1776887958.1271029,-5.0,-2.0,-44.0
1776887958.1371028,-4.0,-2.0,-40.0
1776887958.1471028,0.0,0.0,-37.0
1776887958.1571028,-1.0,-1.0,-40.0
1776887958.1671028,-3.0,0.0,-39.0
1776887958.1771028,0.0,0.0,-33.0
1776887958.1871028,4.0,4.0,-32.0
1776887958.1971028,3.0,0.0,-32.0
1776887958.2071028,0.0,0.0,-30.0
1776887958.2171028,3.0,0.0,-27.0
1776887958.2271028,2.0,0.0,-29.0
1776887958.2371027,-1.0,-2.0,-31.0
1776887958.2471027,-4.0,-4.0,-35.0
1776887958.2571027,-3.0,0.0,-31.0
1776887958.2671027,-4.0,-1.0,-34.0
1776887958.2771027,-5.0,-1.0,-33.0
1776887958.2871027,-1.0,-4.0,-31.0
1776887958.2971027,0.0,-3.0,-22.0
1776887958.307103,5.0,-1.0,-25.0
1776887958.317103,10.0,-1.0,-29.0
1776887958.327103,12.0,0.0,-33.0
1776887958.337103,6.0,0.0,-39.0
1776887958.3471026,5.0,-1.0,-32.0
1776887958.3571026,0.0,-1.0,-28.0
1776887958.3671026,-1.0,2.0,-34.0
1776887958.3771029,2.0,0.0,-41.0
1776887958.3871028,1.0,0.0,-46.0
1776887958.3971028,1.0,-3.0,-47.0
1776887958.4071028,3.0,-1.0,-44.0
1776887958.4171028,1.0,-2.0,-37.0
1776887958.4271028,2.0,-1.0,-37.0
1776887958.4371028,1.0,2.0,-39.0
1776887958.4471028,1.0,2.0,-39.0
1776887958.4571028,0.0,1.0,-41.0
1776887958.4671028,3.0,4.0,-49.0
1776887958.4771028,6.0,1.0,-53.0
1776887958.4871027,0.0,0.0,-55.0
1776887958.4971027,-4.0,0.0,-50.0
1776887958.5071027,-4.0,-1.0,-40.0
1776887958.5171027,-3.0,2.0,-39.0
1776887958.5271027,-5.0,-1.0,-37.0
1776887958.5381026,-9.0,-6.0,-40.0
1776887958.5481029,-6.0,-6.0,-50.0
1776887958.5581028,-5.0,-2.0,-44.0
1776887958.5681028,0.0,3.0,-38.0
1776887958.5781028,3.0,2.0,-33.0
1776887958.5881028,1.0,1.0,-34.0
1776887958.5981028,1.0,6.0,-32.0
1776887958.6081028,1.0,7.0,-33.0
1776887958.6181028,2.0,4.0,-37.0
1776887958.6281028,-3.0,5.0,-36.0
1776887958.6381028,-1.0,7.0,-37.0
1776887958.6481028,-6.0,5.0,-32.0
1776887958.6581028,-7.0,5.0,-31.0
1776887958.6681027,-7.0,4.0,-31.0
1776887958.6781027,-4.0,4.0,-28.0
1776887958.6881027,-1.0,5.0,-32.0
1776887958.6981027,-6.0,4.0,-34.0
1776887958.7081027,-8.0,-1.0,-33.0
1776887958.7181027,-10.0,-2.0,-33.0
1776887958.7281027,-11.0,0.0,-37.0
1776887958.738103,-8.0,0.0,-39.0
1776887958.748103,-4.0,-2.0,-39.0
1776887958.758103,-5.0,-3.0,-34.0
1776887958.7681026,-3.0,0.0,-35.0
1776887958.7781026,1.0,-4.0,-34.0
1776887958.7881026,-1.0,-4.0,-33.0
1776887958.7981029,-3.0,-2.0,-35.0
1776887958.8081028,-1.0,-4.0,-36.0
1776887958.8181028,-2.0,-7.0,-39.0
1776887958.8281028,-1.0,-6.0,-38.0
1776887958.8381028,2.0,-1.0,-44.0
1776887958.8481028,-2.0,1.0,-42.0
1776887958.8581028,0.0,0.0,-43.0
1776887958.8681028,0.0,0.0,-39.0
1776887958.8781028,-2.0,-5.0,-39.0
1776887958.8881028,-6.0,-7.0,-42.0
1776887958.8981028,-5.0,-5.0,-42.0
1776887958.9081028,-1.0,-2.0,-44.0
1776887958.9181027,-1.0,-2.0,-42.0
1776887958.9281027,-4.0,-3.0,-48.0
1776887958.9381027,-3.0,-2.0,-46.0
1776887958.9481027,-3.0,-1.0,-46.0
1776887958.9581027,0.0,2.0,-41.0
1776887958.9681027,-4.0,1.0,-39.0
1776887958.9781027,-3.0,2.0,-44.0
1776887958.988103,-1.0,3.0,-39.0
1776887958.998103,0.0,6.0,-33.0
1776887959.008103,-2.0,1.0,-29.0
1776887959.0181026,0.0,3.0,-26.0
1776887959.0281026,6.0,7.0,-26.0
1776887959.0381026,9.0,7.0,-29.0
1776887959.0481029,2.0,2.0,-36.0
1776887959.0581028,8.0,2.0,-34.0
1776887959.0681028,7.0,7.0,-33.0
1776887959.0781028,8.0,7.0,-34.0
1776887959.0881028,9.0,7.0,-36.0
1776887959.0981028,5.0,5.0,-30.0
1776887959.1081028,4.0,0.0,-28.0
1776887959.1181028,2.0,-2.0,-29.0
1776887959.1281028,0.0,-7.0,-32.0
1776887959.1381028,1.0,-10.0,-26.0
1776887959.1481028,0.0,-6.0,-30.0
1776887959.1581028,0.0,-7.0,-30.0
1776887959.1681027,-3.0,-3.0,-25.0
1776887959.1781027,-1.0,-3.0,-26.0
1776887959.1881027,2.0,-2.0,-23.0
1776887959.1981027,2.0,-1.0,-28.0
1776887959.2081027,-1.0,0.0,-31.0
1776887959.2181027,-6.0,1.0,-33.0
1776887959.2281027,-1.0,0.0,-36.0
1776887959.238103,-1.0,-3.0,-39.0
1776887959.248103,-3.0,-5.0,-43.0
1776887959.258103,0.0,0.0,-43.0
1776887959.2681026,2.0,0.0,-38.0
1776887959.2781026,6.0,-3.0,-35.0
1776887959.2881026,5.0,-3.0,-29.0
1776887959.2981029,0.0,1.0,-26.0
1776887959.3081028,0.0,5.0,-34.0
1776887959.3181028,4.0,4.0,-32.0
1776887959.3281028,5.0,2.0,-42.0
1776887959.3381028,8.0,0.0,-43.0
1776887959.3481028,6.0,-1.0,-43.0
1776887959.3581028,1.0,0.0,-42.0
1776887959.3681028,0.0,-4.0,-37.0
1776887959.3781028,-4.0,-4.0,-28.0
1776887959.3881028,-3.0,-4.0,-36.0
1776887959.3981028,-4.0,-2.0,-43.0
1776887959.4081028,0.0,0.0,-42.0
1776887959.4181027,1.0,-2.0,-40.0
1776887959.4281027,0.0,0.0,-37.0
1776887959.4381027,2.0,-2.0,-33.0
1776887959.4481027,4.0,-3.0,-30.0
1776887959.4581027,5.0,-4.0,-28.0
1776887959.4681027,5.0,-7.0,-27.0
1776887959.4781027,1.0,-6.0,-30.0
1776887959.488103,-2.0,-3.0,-34.0
1776887959.498103,0.0,-2.0,-33.0
1776887959.508103,3.0,-2.0,-30.0
1776887959.5181026,7.0,0.0,-33.0
1776887959.5281026,6.0,1.0,-34.0
1776887959.5381026,0.0,4.0,-34.0
1776887959.5481029,0.0,2.0,-36.0
1776887959.5581028,0.0,-2.0,-44.0
1776887959.5681028,-1.0,-3.0,-40.0
1776887959.5781028,-2.0,-2.0,-40.0
1776887959.5881028,-8.0,0.0,-35.0
1776887959.5981028,-5.0,1.0,-39.0
1776887959.6081028,-2.0,2.0,-38.0
1776887959.6181028,-5.0,2.0,-44.0
1776887959.6281028,-2.0,2.0,-45.0
1776887959.6381028,-2.0,0.0,-42.0
1776887959.6481028,-2.0,1.0,-37.0
1776887959.6581028,-3.0,2.0,-39.0
1776887959.6681027,0.0,-3.0,-42.0
1776887959.6781027,0.0,-3.0,-43.0
1776887959.6881027,-1.0,-2.0,-42.0
1776887959.6981027,-4.0,-4.0,-35.0
1776887959.7081027,0.0,-5.0,-33.0
1776887959.7181027,-2.0,-8.0,-31.0
1776887959.7281027,-6.0,-4.0,-35.0
1776887959.738103,-2.0,-2.0,-32.0
1776887959.748103,-6.0,-4.0,-32.0
1776887959.758103,-3.0,-6.0,-33.0
1776887959.7681026,1.0,-7.0,-41.0
1776887959.7781026,2.0,-8.0,-48.0
1776887959.7881026,2.0,-9.0,-54.0
1776887959.7981029,3.0,-8.0,-54.0
1776887959.8081028,5.0,-6.0,-55.0
1776887959.8181028,0.0,-3.0,-44.0
1776887959.8281028,1.0,0.0,-44.0
1776887959.8381028,4.0,-2.0,-41.0
1776887959.8481028,4.0,0.0,-34.0
1776887959.8581028,5.0,0.0,-33.0
1776887959.8681028,7.0,1.0,-35.0
1776887959.8781028,6.0,1.0,-34.0
1776887959.8881028,8.0,0.0,-29.0
1776887959.8981028,6.0,2.0,-29.0
1776887959.9081028,2.0,0.0,-24.0
1776887959.9181027,2.0,-1.0,-19.0
1776887959.9281027,-2.0,-1.0,-22.0
1776887959.9381027,0.0,-2.0,-27.0
1776887959.9481027,4.0,0.0,-31.0
1776887959.9581027,6.0,0.0,-31.0
1776887959.9681027,2.0,1.0,-29.0
1776887959.9781027,-2.0,-2.0,-32.0
1776887959.988103,-2.0,-1.0,-41.0
1776887959.998103,-4.0,-4.0,-39.0
1776887960.008103,-5.0,-7.0,-43.0
1776887960.0181026,-1.0,-6.0,-36.0
1776887960.0281026,0.0,-10.0,-32.0
1776887960.0381026,-3.0,-8.0,-36.0
1776887960.0481029,-1.0,-6.0,-38.0
1776887960.0581028,1.0,-1.0,-30.0
1776887960.0681028,10.0,-3.0,-32.0
1776887960.0781028,12.0,-3.0,-38.0
1776887960.0881028,11.0,-5.0,-38.0
1776887960.0981028,9.0,2.0,-37.0
1776887960.1081028,7.0,0.0,-38.0
1776887960.1181028,11.0,-2.0,-42.0
1776887960.1281028,8.0,-2.0,-52.0
1776887960.1381028,4.0,1.0,-51.0
1776887960.1481028,4.0,0.0,-44.0
1776887960.1581028,3.0,0.0,-37.0
1776887960.1681027,2.0,2.0,-39.0
1776887960.1781027,0.0,2.0,-32.0
1776887960.1881027,2.0,2.0,-36.0
1776887960.1981027,2.0,3.0,-31.0
1776887960.2081027,2.0,-4.0,-30.0
1776887960.2181027,0.0,-4.0,-32.0
1776887960.2281027,-1.0,0.0,-31.0
1776887960.238103,0.0,-4.0,-26.0
1776887960.248103,0.0,0.0,-28.0
1776887960.258103,-1.0,-4.0,-29.0
1776887960.2681026,-3.0,-3.0,-29.0
1776887960.2781026,-3.0,-4.0,-27.0
1776887960.2881026,-7.0,-2.0,-34.0
1776887960.2981029,-8.0,-3.0,-38.0
1776887960.3081028,-1.0,-3.0,-40.0
1776887960.3181028,0.0,-5.0,-44.0
1776887960.3281028,-1.0,-2.0,-45.0
1776887960.3381028,-2.0,-3.0,-38.0
1776887960.3481028,-3.0,0.0,-30.0
1776887960.3581028,-2.0,0.0,-32.0
1776887960.3681028,-1.0,-1.0,-37.0
1776887960.3781028,-1.0,0.0,-43.0
1776887960.3881028,-1.0,-1.0,-43.0
1776887960.3981028,0.0,0.0,-43.0
1776887960.4081028,0.0,-2.0,-38.0
1776887960.4181027,3.0,-5.0,-35.0
1776887960.4281027,2.0,-6.0,-32.0
1776887960.4381027,2.0,-3.0,-35.0
1776887960.4481027,1.0,1.0,-34.0
1776887960.4581027,1.0,0.0,-36.0
1776887960.4681027,5.0,0.0,-37.0
1776887960.4781027,4.0,0.0,-33.0
1776887960.488103,-1.0,1.0,-31.0
1776887960.498103,-4.0,1.0,-30.0
1776887960.508103,-3.0,0.0,-38.0
1776887960.5181026,0.0,0.0,-40.0
1776887960.5281026,0.0,0.0,-44.0
1776887960.5381026,0.0,0.0,-46.0
1776887960.5481029,0.0,-2.0,-41.0
1776887960.5581028,-3.0,-4.0,-39.0
1776887960.5691028,-2.0,-1.0,-32.0
1776887960.5791028,-2.0,-2.0,-37.0
1776887960.5891027,1.0,-4.0,-34.0
1776887960.5991027,7.0,0.0,-36.0
1776887960.6091027,7.0,-1.0,-37.0
1776887960.6191027,0.0,-5.0,-48.0
1776887960.6291027,2.0,-4.0,-50.0
1776887960.6391027,-2.0,-2.0,-40.0
1776887960.6491027,0.0,-1.0,-35.0
1776887960.659103,1.0,1.0,-35.0
1776887960.669103,6.0,2.0,-38.0
1776887960.679103,8.0,0.0,-38.0
1776887960.6891026,5.0,-7.0,-34.0
1776887960.6991026,6.0,-7.0,-30.0
1776887960.7091026,7.0,-6.0,-32.0
1776887960.7191026,1.0,-7.0,-32.0
1776887960.7291028,-1.0,-1.0,-32.0
1776887960.7391028,-2.0,-5.0,-34.0
1776887960.7491028,-5.0,-7.0,-32.0
1776887960.7591028,0.0,-9.0,-27.0
1776887960.7691028,2.0,-8.0,-26.0
1776887960.7791028,6.0,-8.0,-28.0
1776887960.7891028,3.0,-4.0,-26.0
1776887960.7991028,6.0,-2.0,-29.0
1776887960.8091028,8.0,0.0,-29.0
1776887960.8191028,8.0,1.0,-33.0
1776887960.8291028,7.0,3.0,-29.0
1776887960.8391027,4.0,5.0,-31.0
1776887960.8491027,0.0,5.0,-28.0
1776887960.8591027,0.0,8.0,-28.0
1776887960.8691027,1.0,6.0,-34.0
1776887960.8791027,2.0,5.0,-39.0
1776887960.8891027,3.0,4.0,-34.0
1776887960.8991027,4.0,1.0,-36.0
1776887960.909103,4.0,-1.0,-34.0
1776887960.919103,5.0,0.0,-36.0
1776887960.929103,2.0,1.0,-35.0
1776887960.9391026,5.0,-3.0,-34.0
1776887960.9491026,1.0,-3.0,-36.0
1776887960.9591026,-1.0,-3.0,-39.0
1776887960.9691026,1.0,-4.0,-41.0
1776887960.9791028,1.0,-1.0,-42.0
1776887960.9891028,0.0,-5.0,-33.0
1776887960.9991028,-3.0,-2.0,-31.0
1776887961.0091028,-2.0,-4.0,-33.0
1776887961.0191028,0.0,-2.0,-36.0
1776887961.0291028,-1.0,0.0,-34.0
1776887961.0391028,-1.0,1.0,-36.0
1776887961.0491028,-2.0,3.0,-34.0
1776887961.0591028,3.0,2.0,-31.0
1776887961.0691028,4.0,0.0,-37.0
1776887961.0791028,6.0,-2.0,-31.0
1776887961.0891027,0.0,-4.0,-32.0
1776887961.0991027,0.0,-6.0,-34.0
1776887961.1091027,-4.0,-5.0,-34.0
1776887961.1191027,-4.0,0.0,-33.0
1776887961.1291027,-3.0,0.0,-28.0
1776887961.1391027,-6.0,2.0,-36.0
1776887961.1491027,-6.0,0.0,-40.0
1776887961.159103,-3.0,-3.0,-42.0
1776887961.169103,-5.0,-4.0,-43.0
1776887961.179103,-5.0,-5.0,-46.0
1776887961.1891026,-6.0,-4.0,-40.0
1776887961.1991026,-5.0,-5.0,-28.0
1776887961.2091026,-5.0,-4.0,-25.0
1776887961.2191026,-3.0,-3.0,-28.0
1776887961.2291028,3.0,-8.0,-27.0
1776887961.2391028,4.0,-7.0,-33.0
1776887961.2491028,3.0,-7.0,-35.0
1776887961.2591028,3.0,-7.0,-34.0
1776887961.2691028,2.0,-5.0,-30.0
1776887961.2791028,0.0,-4.0,-34.0
1776887961.2891028,-2.0,-3.0,-42.0
1776887961.2991028,0.0,-5.0,-35.0
1776887961.3091028,0.0,-3.0,-39.0
1776887961.3191028,-2.0,-2.0,-40.0
1776887961.3291028,0.0,-2.0,-40.0
1776887961.3391027,2.0,0.0,-45.0
1776887961.3491027,-1.0,0.0,-40.0
1776887961.3591027,-2.0,4.0,-40.0
1776887961.3701026,0.0,2.0,-34.0
1776887961.3791027,0.0,-1.0,-39.0
1776887961.3891027,0.0,-1.0,-36.0
1776887961.3991027,0.0,-1.0,-34.0
1776887961.409103,2.0,0.0,-28.0
1776887961.419103,2.0,0.0,-26.0
1776887961.429103,3.0,-1.0,-34.0
1776887961.4391026,5.0,-4.0,-34.0
1776887961.4491026,8.0,-6.0,-26.0
1776887961.4591026,11.0,-3.0,-25.0
1776887961.4691026,13.0,-5.0,-28.0
1776887961.4791028,14.0,-5.0,-25.0
1776887961.4891028,14.0,-6.0,-27.0
1776887961.4991028,6.0,1.0,-30.0
1776887961.5091028,6.0,2.0,-31.0
1776887961.5191028,7.0,1.0,-35.0
1776887961.5291028,3.0,-4.0,-35.0
1776887961.5391028,4.0,-3.0,-27.0
1776887961.5491028,6.0,-2.0,-31.0
1776887961.5591028,5.0,3.0,-36.0
1776887961.5691028,4.0,5.0,-36.0
1776887961.5791028,-3.0,4.0,-34.0
1776887961.5891027,-7.0,2.0,-34.0
1776887961.5991027,-10.0,2.0,-37.0
1776887961.6091027,-11.0,3.0,-37.0
1776887961.6191027,-8.0,0.0,-37.0
1776887961.6291027,-6.0,2.0,-35.0
1776887961.6391027,-6.0,0.0,-36.0
1776887961.6491027,-8.0,-6.0,-35.0
1776887961.659103,-5.0,-6.0,-34.0
1776887961.669103,-5.0,-9.0,-30.0
1776887961.679103,0.0,-6.0,-29.0
1776887961.6891026,-3.0,-1.0,-35.0
1776887961.6991026,1.0,0.0,-43.0
1776887961.7091026,1.0,0.0,-41.0
1776887961.7191026,-2.0,-3.0,-44.0
1776887961.7291028,-2.0,-4.0,-48.0
1776887961.7391028,-1.0,-5.0,-48.0
1776887961.7491028,-1.0,-5.0,-51.0
1776887961.7591028,-2.0,-9.0,-51.0
1776887961.7691028,1.0,-5.0,-46.0
1776887961.7791028,8.0,-2.0,-42.0
1776887961.7891028,4.0,-5.0,-37.0
1776887961.7991028,4.0,-6.0,-32.0
1776887961.8091028,6.0,-1.0,-34.0
1776887961.8191028,6.0,1.0,-32.0
1776887961.8291028,4.0,-3.0,-29.0
1776887961.8391027,1.0,-8.0,-28.0
1776887961.8491027,2.0,-7.0,-30.0
1776887961.8591027,4.0,-4.0,-26.0
1776887961.8691027,6.0,-2.0,-25.0
1776887961.8791027,7.0,0.0,-30.0
1776887961.8891027,3.0,-2.0,-34.0
1776887961.8991027,0.0,-2.0,-37.0
1776887961.909103,0.0,-5.0,-35.0
1776887961.919103,1.0,-6.0,-40.0
1776887961.929103,2.0,-4.0,-41.0
1776887961.9391026,4.0,-2.0,-32.0
1776887961.9491026,1.0,-1.0,-36.0
1776887961.9591026,0.0,-4.0,-34.0
1776887961.9691026,-4.0,-8.0,-37.0
1776887961.9791028,-5.0,-5.0,-32.0
1776887961.9891028,-6.0,-1.0,-37.0
1776887961.9991028,-7.0,-4.0,-40.0
1776887962.0091028,-4.0,-3.0,-35.0
1776887962.0191028,-1.0,-2.0,-34.0
1776887962.0291028,0.0,-3.0,-40.0
1776887962.0391028,-4.0,-2.0,-35.0
1776887962.0491028,-3.0,-1.0,-36.0
1776887962.0591028,0.0,-1.0,-32.0
1776887962.0691028,0.0,-3.0,-33.0
1776887962.0791028,4.0,-2.0,-32.0
1776887962.090103,4.0,0.0,-34.0
1776887962.0991027,0.0,0.0,-33.0
1776887962.1091027,3.0,-2.0,-35.0
1776887962.1191027,4.0,-1.0,-37.0
1776887962.1291027,6.0,-3.0,-38.0
1776887962.1391027,6.0,-5.0,-32.0
1776887962.1491027,5.0,-4.0,-36.0
1776887962.159103,0.0,-2.0,-32.0
1776887962.169103,-2.0,3.0,-29.0
1776887962.179103,-5.0,6.0,-32.0
1776887962.1891026,-11.0,5.0,-26.0
1776887962.1991026,-11.0,2.0,-23.0
1776887962.2091026,-6.0,0.0,-26.0
1776887962.2191026,0.0,1.0,-33.0
1776887962.2291028,0.0,0.0,-30.0
1776887962.2391028,-3.0,-1.0,-31.0
1776887962.2491028,-4.0,2.0,-31.0
1776887962.2591028,-2.0,1.0,-31.0
1776887962.2691028,-1.0,0.0,-33.0
1776887962.2791028,0.0,-2.0,-29.0
1776887962.2891028,-3.0,0.0,-31.0
1776887962.2991028,-5.0,1.0,-37.0
1776887962.3091028,-6.0,1.0,-38.0
1776887962.3191028,-1.0,-1.0,-38.0
1776887962.3291028,-2.0,-2.0,-39.0
1776887962.3391027,-1.0,-1.0,-39.0
1776887962.3491027,1.0,-1.0,-37.0
1776887962.3591027,3.0,1.0,-34.0
1776887962.3691027,4.0,2.0,-41.0
1776887962.3791027,5.0,-1.0,-38.0
1776887962.3891027,7.0,-1.0,-33.0
1776887962.3991027,3.0,-2.0,-37.0
1776887962.409103,1.0,-7.0,-36.0
1776887962.419103,4.0,-6.0,-38.0
1776887962.429103,6.0,-3.0,-35.0
1776887962.4391026,6.0,-3.0,-32.0
1776887962.4491026,4.0,-8.0,-28.0
1776887962.4591026,0.0,-4.0,-33.0
1776887962.4691026,-2.0,-7.0,-39.0
1776887962.4791028,-2.0,-6.0,-45.0
1776887962.4891028,-3.0,-8.0,-42.0
1776887962.4991028,-2.0,-7.0,-40.0
1776887962.5091028,-1.0,-5.0,-39.0
1776887962.5191028,-3.0,-8.0,-34.0
1776887962.5291028,-1.0,-7.0,-35.0
1776887962.5401027,0.0,-11.0,-34.0
1776887962.5501027,2.0,-9.0,-31.0
1776887962.5601027,2.0,-2.0,-35.0
1776887962.5701027,-1.0,0.0,-41.0
1776887962.5801027,-1.0,2.0,-39.0
1776887962.590103,0.0,3.0,-38.0
1776887962.600103,-1.0,6.0,-36.0
1776887962.610103,0.0,4.0,-36.0
1776887962.6201026,0.0,1.0,-38.0
1776887962.6301026,0.0,-1.0,-36.0
1776887962.6401026,0.0,-3.0,-40.0
1776887962.6501029,-2.0,-4.0,-39.0
1776887962.6601028,-1.0,-5.0,-37.0
1776887962.6701028,0.0,-2.0,-34.0
1776887962.6801028,0.0,0.0,-29.0
1776887962.6901028,3.0,0.0,-30.0
1776887962.7001028,2.0,-2.0,-30.0
1776887962.7101028,3.0,0.0,-26.0
1776887962.7201028,2.0,-1.0,-21.0
1776887962.7301028,4.0,0.0,-23.0
1776887962.7401028,4.0,4.0,-27.0
1776887962.7501028,6.0,5.0,-28.0
1776887962.7601027,5.0,2.0,-32.0
1776887962.7701027,4.0,1.0,-37.0
1776887962.7801027,3.0,2.0,-43.0
1776887962.7901027,1.0,3.0,-38.0
1776887962.8001027,-1.0,5.0,-38.0
1776887962.8101027,-1.0,4.0,-38.0
1776887962.8201027,-1.0,4.0,-33.0
1776887962.8301027,-1.0,4.0,-40.0
1776887962.840103,2.0,1.0,-43.0
1776887962.850103,2.0,1.0,-37.0
1776887962.860103,5.0,-2.0,-30.0
1776887962.8701026,7.0,-1.0,-34.0
1776887962.8801026,3.0,4.0,-35.0
1776887962.8901026,0.0,4.0,-32.0
1776887962.9001029,-1.0,5.0,-33.0
1776887962.9101028,0.0,1.0,-39.0
1776887962.9201028,0.0,1.0,-39.0
1776887962.9301028,-6.0,2.0,-38.0
1776887962.9401028,-4.0,0.0,-46.0
1776887962.9501028,-5.0,0.0,-41.0
1776887962.9601028,-5.0,0.0,-43.0
1776887962.9701028,-3.0,3.0,-43.0
1776887962.9801028,0.0,1.0,-50.0
1776887962.9901028,-2.0,-1.0,-46.0
1776887963.0001028,-2.0,-3.0,-45.0
1776887963.0101027,-3.0,0.0,-45.0
1776887963.0201027,-1.0,-1.0,-46.0
1776887963.0301027,2.0,-3.0,-46.0
1776887963.0401027,7.0,-2.0,-53.0
1776887963.0501027,4.0,-1.0,-52.0
1776887963.0601027,6.0,-3.0,-49.0
1776887963.0701027,6.0,0.0,-40.0
1776887963.0801027,5.0,-1.0,-36.0
1776887963.090103,3.0,-4.0,-33.0
1776887963.100103,3.0,-5.0,-27.0
1776887963.110103,0.0,-6.0,-22.0
1776887963.1201026,-4.0,-5.0,-27.0
1776887963.1301026,-2.0,-7.0,-34.0
1776887963.1401026,-4.0,-8.0,-37.0
1776887963.1501029,-7.0,-4.0,-29.0
1776887963.1601028,-6.0,-3.0,-35.0
1776887963.1701028,-3.0,-6.0,-35.0
1776887963.1801028,-4.0,-9.0,-34.0
1776887963.1901028,-1.0,-8.0,-34.0
1776887963.2001028,0.0,-6.0,-34.0
1776887963.2101028,-1.0,-6.0,-39.0
1776887963.2201028,-2.0,-2.0,-38.0
1776887963.2301028,-3.0,-1.0,-40.0
1776887963.2401028,0.0,-6.0,-35.0
1776887963.2501028,-3.0,-3.0,-37.0
1776887963.2601027,-5.0,-1.0,-33.0
1776887963.2701027,-1.0,1.0,-31.0
1776887963.2801027,-1.0,0.0,-33.0
1776887963.2901027,-2.0,-2.0,-37.0
1776887963.3001027,3.0,-4.0,-34.0
1776887963.3101027,5.0,-1.0,-30.0
1776887963.3201027,5.0,0.0,-26.0
1776887963.3301027,7.0,0.0,-27.0
1776887963.340103,6.0,0.0,-36.0
1776887963.350103,4.0,0.0,-34.0
1776887963.360103,5.0,5.0,-40.0
1776887963.3701026,2.0,7.0,-41.0
1776887963.3801026,2.0,4.0,-46.0
1776887963.3901026,3.0,2.0,-50.0
1776887963.4001029,2.0,4.0,-54.0
1776887963.4101028,-1.0,2.0,-45.0
1776887963.4201028,-3.0,-1.0,-35.0
1776887963.4301028,-7.0,-2.0,-35.0
1776887963.4401028,-9.0,0.0,-32.0
1776887963.4501028,-11.0,5.0,-28.0
1776887963.4601028,-11.0,4.0,-29.0
1776887963.4701028,-10.0,1.0,-29.0
1776887963.4801028,-6.0,-1.0,-29.0
1776887963.4901028,-3.0,-7.0,-33.0
1776887963.5001028,0.0,-7.0,-31.0
1776887963.5101027,2.0,-4.0,-32.0
1776887963.5201027,-1.0,-4.0,-41.0
1776887963.5301027,0.0,-2.0,-41.0
1776887963.5401027,1.0,-2.0,-39.0
1776887963.5501027,-1.0,-1.0,-43.0
1776887963.5601027,0.0,-3.0,-40.0
1776887963.5701027,0.0,-5.0,-36.0
1776887963.5801027,-2.0,0.0,-35.0
1776887963.590103,0.0,-1.0,-35.0
1776887963.600103,2.0,-2.0,-39.0
1776887963.610103,2.0,-6.0,-43.0
1776887963.6201026,6.0,-4.0,-48.0
1776887963.6301026,7.0,-5.0,-47.0
1776887963.6401026,12.0,-3.0,-39.0
1776887963.6501029,7.0,-4.0,-36.0
1776887963.6601028,7.0,-3.0,-38.0
1776887963.6701028,7.0,-1.0,-37.0
1776887963.6801028,8.0,-4.0,-33.0
1776887963.6901028,5.0,-8.0,-32.0
1776887963.7001028,4.0,-6.0,-34.0
1776887963.7101028,5.0,-3.0,-36.0
1776887963.7201028,4.0,-1.0,-36.0
1776887963.7301028,8.0,-3.0,-36.0
1776887963.7401028,10.0,-6.0,-34.0
1776887963.7501028,10.0,-9.0,-33.0
1776887963.7601027,6.0,-10.0,-28.0
1776887963.7701027,1.0,-9.0,-29.0
1776887963.7801027,0.0,-6.0,-27.0
1776887963.7901027,3.0,-3.0,-33.0
1776887963.8001027,0.0,-2.0,-41.0
1776887963.8101027,-4.0,0.0,-42.0
1776887963.8201027,-5.0,-2.0,-44.0
1776887963.8301027,-7.0,-3.0,-44.0
1776887963.840103,-6.0,-2.0,-36.0
1776887963.850103,-5.0,-4.0,-32.0
1776887963.860103,-5.0,-5.0,-25.0
1776887963.8701026,0.0,-8.0,-18.0
1776887963.8801026,1.0,-6.0,-26.0
1776887963.8901026,2.0,-8.0,-26.0
1776887963.9001029,-2.0,-5.0,-30.0
1776887963.9101028,-2.0,-8.0,-30.0
1776887963.9201028,-7.0,-5.0,-32.0
1776887963.9301028,-3.0,-7.0,-36.0
1776887963.9401028,-3.0,-6.0,-35.0
1776887963.9501028,-4.0,-1.0,-40.0
1776887963.9601028,-6.0,-2.0,-39.0
1776887963.9701028,-5.0,-3.0,-41.0
1776887963.9801028,-5.0,-2.0,-43.0
1776887963.9901028,-4.0,-2.0,-38.0
1776887964.0001028,-2.0,-2.0,-39.0
1776887964.0101027,0.0,0.0,-50.0
1776887964.0201027,3.0,1.0,-50.0
1776887964.0301027,3.0,0.0,-41.0
1776887964.0401027,0.0,-1.0,-36.0
1776887964.0501027,-1.0,2.0,-33.0
1776887964.0601027,-1.0,3.0,-33.0
1776887964.0701027,1.0,4.0,-32.0
1776887964.0801027,2.0,1.0,-38.0
1776887964.090103,-1.0,0.0,-35.0
1776887964.100103,1.0,1.0,-37.0
1776887964.110103,0.0,2.0,-35.0
1776887964.1201026,4.0,0.0,-33.0
1776887964.1301026,5.0,-1.0,-33.0
1776887964.1401026,5.0,2.0,-39.0
1776887964.1501029,2.0,2.0,-36.0
1776887964.1601028,-2.0,-1.0,-28.0
1776887964.1701028,-4.0,-1.0,-22.0
1776887964.1801028,-2.0,2.0,-21.0
1776887964.1901028,-5.0,3.0,-20.0
1776887964.2001028,-6.0,1.0,-26.0
1776887964.2101028,-5.0,0.0,-29.0
1776887964.2201028,-5.0,2.0,-33.0
1776887964.2301028,-2.0,5.0,-31.0
1776887964.2401028,0.0,3.0,-33.0
1776887964.2501028,4.0,0.0,-35.0
1776887964.2601027,5.0,2.0,-32.0
1776887964.2701027,2.0,0.0,-33.0
1776887964.2801027,0.0,1.0,-35.0
1776887964.2901027,-4.0,-1.0,-35.0
1776887964.3001027,-5.0,-5.0,-36.0
1776887964.3101027,-3.0,-5.0,-34.0
1776887964.3201027,-7.0,-6.0,-35.0
1776887964.3301027,-4.0,-5.0,-37.0
1776887964.340103,0.0,-3.0,-44.0
1776887964.350103,-2.0,0.0,-48.0
1776887964.360103,-2.0,0.0,-46.0
1776887964.3701026,-1.0,-4.0,-47.0
1776887964.3801026,2.0,-1.0,-39.0
1776887964.3901026,1.0,1.0,-35.0
1776887964.4001029,2.0,2.0,-37.0
1776887964.4101028,2.0,1.0,-40.0
1776887964.4201028,-1.0,1.0,-37.0
1776887964.4301028,-2.0,0.0,-40.0
1776887964.4401028,-7.0,2.0,-45.0
1776887964.4501028,-7.0,0.0,-47.0
1776887964.4601028,-5.0,-2.0,-41.0
1776887964.4701028,-4.0,-1.0,-38.0
1776887964.4801028,1.0,0.0,-37.0
1776887964.4901028,0.0,1.0,-43.0
1776887964.5001028,-3.0,2.0,-43.0
1776887964.5101027,-6.0,3.0,-43.0
1776887964.521103,-10.0,5.0,-40.0
1776887964.5301027,-7.0,3.0,-38.0
1776887964.5411026,0.0,-1.0,-34.0
1776887964.5511026,2.0,-2.0,-30.0
1776887964.5611026,5.0,0.0,-30.0
1776887964.5711029,1.0,-1.0,-31.0
1776887964.5811028,0.0,3.0,-26.0
1776887964.5911028,-5.0,4.0,-26.0
1776887964.6011028,-7.0,2.0,-26.0
1776887964.6111028,-6.0,1.0,-22.0
1776887964.6211028,-2.0,5.0,-26.0
1776887964.6311028,3.0,7.0,-31.0
1776887964.6411028,6.0,6.0,-39.0
1776887964.6511028,3.0,2.0,-36.0
1776887964.6611028,2.0,0.0,-38.0
1776887964.6711028,0.0,0.0,-37.0
1776887964.6811028,0.0,-2.0,-42.0
1776887964.6911027,2.0,-3.0,-45.0
1776887964.7011027,-1.0,-3.0,-44.0
1776887964.7111027,-3.0,-4.0,-38.0
1776887964.7211027,-1.0,-6.0,-41.0
1776887964.7311027,-3.0,-6.0,-42.0
1776887964.7411027,0.0,-5.0,-40.0
1776887964.7511027,0.0,-5.0,-39.0
1776887964.761103,-1.0,-5.0,-30.0
1776887964.771103,-4.0,-5.0,-27.0
1776887964.781103,-1.0,-5.0,-23.0
1776887964.7911026,3.0,-6.0,-29.0
1776887964.8011026,3.0,-3.0,-28.0
1776887964.8111026,5.0,-2.0,-33.0
1776887964.8211029,1.0,1.0,-32.0
1776887964.8311028,1.0,2.0,-35.0
1776887964.8411028,0.0,-1.0,-43.0
1776887964.8511028,-1.0,2.0,-43.0
1776887964.8611028,-2.0,2.0,-31.0
1776887964.8711028,0.0,1.0,-33.0
1776887964.8811028,0.0,2.0,-32.0
1776887964.8911028,5.0,3.0,-34.0
1776887964.9011028,3.0,-1.0,-37.0
1776887964.9111028,4.0,0.0,-40.0
1776887964.9211028,6.0,-3.0,-43.0
1776887964.9311028,6.0,-8.0,-38.0
1776887964.9411027,4.0,-8.0,-32.0
1776887964.9511027,1.0,-3.0,-34.0
1776887964.9611027,2.0,-2.0,-42.0
1776887964.9711027,0.0,-2.0,-45.0
1776887964.9811027,0.0,-1.0,-45.0
1776887964.9911027,-4.0,-1.0,-46.0
1776887965.0011027,-2.0,-2.0,-43.0
1776887965.011103,0.0,-1.0,-33.0
1776887965.021103,3.0,1.0,-32.0
1776887965.031103,2.0,2.0,-42.0
1776887965.0411026,4.0,1.0,-38.0
1776887965.0511026,5.0,1.0,-41.0
1776887965.0611026,3.0,-3.0,-45.0
1776887965.0711029,1.0,-1.0,-42.0
1776887965.0811028,1.0,1.0,-38.0
1776887965.0911028,-3.0,3.0,-33.0
1776887965.1011028,0.0,1.0,-29.0
1776887965.1111028,-3.0,1.0,-28.0
1776887965.1211028,-3.0,4.0,-27.0
1776887965.1311028,-3.0,3.0,-32.0
1776887965.1411028,0.0,4.0,-30.0
1776887965.1511028,-2.0,3.0,-31.0
1776887965.1611028,-3.0,4.0,-29.0
1776887965.1711028,-8.0,0.0,-33.0
1776887965.1811028,-2.0,-1.0,-33.0
1776887965.1911027,0.0,-3.0,-31.0
1776887965.2011027,3.0,-7.0,-34.0
1776887965.2111027,5.0,-5.0,-36.0
1776887965.2211027,7.0,-4.0,-40.0
1776887965.2311027,3.0,-2.0,-42.0
1776887965.2411027,3.0,0.0,-45.0
1776887965.2511027,0.0,0.0,-44.0
1776887965.261103,0.0,-1.0,-43.0
1776887965.271103,3.0,-5.0,-42.0
1776887965.281103,0.0,-5.0,-42.0
1776887965.2911026,-1.0,-1.0,-43.0
1776887965.3011026,-1.0,-3.0,-43.0
1776887965.3111026,0.0,0.0,-41.0
1776887965.3211029,0.0,1.0,-45.0
1776887965.3311028,4.0,2.0,-43.0
1776887965.3411028,0.0,-1.0,-36.0
1776887965.3511028,-1.0,6.0,-23.0
1776887965.3611028,-3.0,2.0,-20.0
1776887965.3711028,0.0,3.0,-19.0
1776887965.3811028,1.0,-1.0,-15.0
1776887965.3911028,2.0,-2.0,-22.0
1776887965.4011028,-1.0,-3.0,-32.0
1776887965.4111028,3.0,-1.0,-28.0
1776887965.4211028,4.0,-2.0,-28.0
1776887965.4311028,5.0,-5.0,-36.0
1776887965.4411027,4.0,-6.0,-37.0
1776887965.4511027,6.0,-11.0,-37.0
1776887965.4611027,3.0,-12.0,-43.0
1776887965.4711027,2.0,-9.0,-44.0
1776887965.4811027,3.0,-6.0,-44.0
1776887965.4911027,2.0,-6.0,-51.0
1776887965.5011027,0.0,-3.0,-51.0
1776887965.511103,0.0,-2.0,-49.0
1776887965.521103,0.0,-4.0,-50.0
1776887965.531103,-2.0,-2.0,-46.0
1776887965.5411026,3.0,0.0,-44.0
1776887965.5511026,3.0,4.0,-43.0
1776887965.5611026,1.0,1.0,-44.0
1776887965.5711029,-4.0,3.0,-47.0
1776887965.5811028,-9.0,8.0,-50.0
1776887965.5911028,-12.0,8.0,-51.0
1776887965.6011028,-5.0,4.0,-47.0
1776887965.6111028,-4.0,4.0,-51.0
1776887965.6211028,0.0,5.0,-51.0
1776887965.6311028,0.0,5.0,-51.0
1776887965.6411028,-3.0,8.0,-49.0
1776887965.6511028,-7.0,4.0,-39.0
1776887965.6611028,-9.0,5.0,-34.0
1776887965.6711028,-7.0,7.0,-33.0
1776887965.6811028,-7.0,3.0,-33.0
1776887965.6911027,-2.0,2.0,-35.0
1776887965.7011027,-1.0,1.0,-38.0
1776887965.7111027,-2.0,0.0,-39.0
1776887965.7211027,-4.0,2.0,-44.0
1776887965.7311027,-2.0,2.0,-51.0
1776887965.7411027,1.0,6.0,-42.0
1776887965.7511027,5.0,3.0,-43.0
1776887965.761103,3.0,6.0,-36.0
1776887965.771103,1.0,6.0,-40.0
1776887965.781103,2.0,7.0,-41.0
1776887965.7911026,1.0,3.0,-32.0
1776887965.8011026,2.0,2.0,-33.0
1776887965.8111026,0.0,5.0,-32.0
1776887965.8211029,0.0,4.0,-33.0
1776887965.8311028,4.0,2.0,-35.0
1776887965.8411028,10.0,0.0,-32.0
1776887965.8511028,7.0,0.0,-29.0
1776887965.8611028,8.0,-3.0,-37.0
1776887965.8711028,10.0,-2.0,-44.0
1776887965.8811028,6.0,0.0,-41.0
1776887965.8911028,7.0,0.0,-44.0
1776887965.9011028,2.0,-3.0,-42.0
1776887965.9111028,0.0,-4.0,-41.0
1776887965.9211028,3.0,-3.0,-40.0
1776887965.9311028,4.0,-2.0,-43.0
1776887965.9411027,1.0,-3.0,-46.0
1776887965.9511027,0.0,-5.0,-47.0
1776887965.9611027,0.0,-2.0,-45.0
1776887965.9711027,0.0,-2.0,-43.0
1776887965.9811027,0.0,-3.0,-42.0
1776887965.9911027,-2.0,-1.0,-36.0
1776887966.0011027,-5.0,-2.0,-33.0
1776887966.011103,-6.0,2.0,-34.0
1776887966.021103,-4.0,-2.0,-30.0
1776887966.031103,0.0,-1.0,-32.0
1776887966.0411026,0.0,-1.0,-33.0
1776887966.0511026,-4.0,0.0,-34.0
1776887966.0611026,-5.0,0.0,-38.0
1776887966.0711029,-9.0,-2.0,-30.0
1776887966.0811028,-6.0,-2.0,-30.0
1776887966.0911028,-2.0,1.0,-33.0
1776887966.1011028,0.0,3.0,-38.0
1776887966.1111028,0.0,3.0,-37.0
1776887966.1211028,-1.0,4.0,-35.0
1776887966.1311028,-6.0,3.0,-34.0
1776887966.1411028,-3.0,1.0,-31.0
1776887966.1511028,-2.0,8.0,-25.0
1776887966.1611028,0.0,4.0,-30.0
1776887966.1711028,0.0,5.0,-32.0
1776887966.1811028,2.0,3.0,-39.0
1776887966.1911027,4.0,6.0,-38.0
1776887966.2011027,0.0,3.0,-38.0
1776887966.2111027,-3.0,5.0,-31.0
1776887966.2211027,-2.0,2.0,-32.0
1776887966.2311027,0.0,7.0,-36.0
1776887966.2411027,0.0,4.0,-38.0
1776887966.2511027,-4.0,0.0,-38.0
1776887966.261103,-3.0,-2.0,-35.0
1776887966.271103,-2.0,-6.0,-45.0
1776887966.281103,-4.0,-5.0,-42.0
1776887966.2911026,-11.0,-5.0,-38.0
1776887966.3011026,-8.0,-2.0,-40.0
1776887966.3111026,-7.0,-1.0,-39.0
1776887966.3211029,-1.0,0.0,-32.0
1776887966.3311028,0.0,-2.0,-27.0
1776887966.3411028,-1.0,-1.0,-29.0
1776887966.3511028,0.0,0.0,-25.0
1776887966.3611028,0.0,-3.0,-24.0
1776887966.3711028,4.0,-1.0,-26.0
1776887966.3811028,4.0,0.0,-25.0
1776887966.3911028,1.0,-2.0,-25.0
1776887966.4011028,2.0,0.0,-35.0
1776887966.4111028,0.0,0.0,-44.0
1776887966.4211028,-4.0,-3.0,-40.0
1776887966.4311028,-1.0,-5.0,-40.0
1776887966.4411027,1.0,-1.0,-36.0
1776887966.4511027,2.0,1.0,-35.0
1776887966.4611027,1.0,3.0,-32.0
1776887966.4711027,6.0,4.0,-39.0
1776887966.4811027,3.0,2.0,-34.0
1776887966.4911027,-3.0,4.0,-37.0
1776887966.5011027,-3.0,5.0,-36.0
1776887966.511103,-5.0,4.0,-37.0
1776887966.5221028,-6.0,3.0,-36.0
1776887966.531103,0.0,3.0,-39.0
1776887966.5411026,1.0,2.0,-41.0
1776887966.5511026,0.0,5.0,-42.0
1776887966.5621028,1.0,7.0,-42.0
1776887966.5721028,6.0,5.0,-44.0
1776887966.5821028,11.0,5.0,-42.0
1776887966.5921028,8.0,3.0,-46.0
1776887966.6021028,2.0,-3.0,-46.0
1776887966.6121027,0.0,-3.0,-44.0
1776887966.6221027,-5.0,-3.0,-38.0
1776887966.6321027,-3.0,-2.0,-36.0
1776887966.6421027,-6.0,0.0,-40.0
1776887966.6521027,-9.0,2.0,-44.0
1776887966.6621027,-6.0,8.0,-36.0
1776887966.6721027,-5.0,12.0,-30.0
1776887966.682103,0.0,13.0,-35.0
1776887966.692103,-2.0,11.0,-34.0
1776887966.702103,0.0,3.0,-30.0
1776887966.712103,-2.0,0.0,-37.0
1776887966.7221026,-2.0,-2.0,-41.0
1776887966.7321026,2.0,-3.0,-39.0
1776887966.7421026,0.0,-1.0,-36.0
1776887966.7521029,1.0,0.0,-34.0
1776887966.7621028,5.0,0.0,-36.0
1776887966.7721028,7.0,1.0,-30.0
1776887966.7821028,6.0,3.0,-28.0
1776887966.7921028,2.0,2.0,-31.0
1776887966.8021028,0.0,3.0,-31.0
1776887966.8121028,-4.0,1.0,-23.0
1776887966.8221028,-3.0,-5.0,-29.0
1776887966.8321028,-2.0,-3.0,-34.0
1776887966.8421028,-1.0,-5.0,-33.0
1776887966.8521028,1.0,-8.0,-32.0
1776887966.8621027,0.0,-9.0,-34.0
1776887966.8721027,-1.0,-8.0,-42.0
1776887966.8821027,0.0,-8.0,-44.0
1776887966.8921027,1.0,-5.0,-40.0
1776887966.9031026,2.0,-4.0,-41.0
1776887966.9121027,3.0,-2.0,-40.0
1776887966.9221027,1.0,-1.0,-36.0
1776887966.932103,5.0,-3.0,-36.0
1776887966.942103,5.0,-5.0,-38.0
1776887966.952103,6.0,-4.0,-30.0
1776887966.962103,9.0,-1.0,-29.0
1776887966.9721026,10.0,-1.0,-28.0
1776887966.9821026,13.0,-1.0,-34.0
1776887966.9921026,11.0,-2.0,-38.0
1776887967.0021029,7.0,-5.0,-37.0
1776887967.0121028,5.0,-8.0,-35.0
1776887967.0221028,5.0,-8.0,-32.0
1776887967.0321028,3.0,-7.0,-26.0
1776887967.0421028,5.0,-9.0,-26.0
1776887967.0521028,6.0,-1.0,-27.0
1776887967.0621028,7.0,0.0,-30.0
1776887967.0721028,12.0,1.0,-29.0
1776887967.0821028,9.0,0.0,-29.0
1776887967.0921028,11.0,0.0,-30.0
1776887967.1021028,9.0,-3.0,-27.0
1776887967.1121027,10.0,-4.0,-17.0
1776887967.1221027,7.0,-5.0,-23.0
1776887967.1321027,4.0,-9.0,-26.0
1776887967.1421027,3.0,-6.0,-31.0
1776887967.1521027,2.0,-4.0,-34.0
1776887967.1621027,0.0,0.0,-34.0
1776887967.1721027,-5.0,0.0,-35.0
1776887967.182103,-5.0,1.0,-35.0
1776887967.192103,-3.0,-2.0,-36.0
1776887967.202103,-2.0,-5.0,-35.0
1776887967.212103,-3.0,-4.0,-37.0
1776887967.2221026,-6.0,-2.0,-38.0
1776887967.2321026,-4.0,0.0,-36.0
1776887967.2421026,-6.0,-2.0,-31.0
1776887967.2521029,-2.0,-7.0,-33.0
1776887967.2621028,1.0,-8.0,-35.0
1776887967.2721028,4.0,-5.0,-30.0
1776887967.2821028,7.0,-2.0,-32.0
1776887967.2921028,5.0,0.0,-36.0
1776887967.3021028,4.0,2.0,-35.0
1776887967.3121028,6.0,2.0,-36.0
1776887967.3221028,3.0,-2.0,-43.0
1776887967.3321028,4.0,-4.0,-41.0
1776887967.3421028,2.0,-1.0,-43.0
1776887967.3521028,4.0,1.0,-50.0
1776887967.3621027,4.0,1.0,-44.0
1776887967.3721027,2.0,4.0,-43.0
1776887967.3821027,3.0,1.0,-41.0
1776887967.3921027,3.0,1.0,-41.0
1776887967.4021027,1.0,-4.0,-41.0
1776887967.4121027,1.0,-7.0,-43.0
1776887967.4221027,3.0,-1.0,-40.0
1776887967.432103,4.0,-1.0,-40.0
1776887967.442103,2.0,2.0,-42.0
1776887967.452103,2.0,-1.0,-36.0
1776887967.462103,4.0,-2.0,-34.0
1776887967.4721026,4.0,-7.0,-35.0
1776887967.4821026,1.0,-7.0,-38.0
1776887967.4921026,-3.0,-5.0,-32.0
1776887967.5021029,-4.0,-6.0,-27.0
1776887967.5121028,0.0,-6.0,-24.0
1776887967.5221028,-1.0,-4.0,-22.0
1776887967.5321028,-3.0,-3.0,-24.0
1776887967.5421028,-5.0,0.0,-34.0
1776887967.5521028,-3.0,-1.0,-41.0
1776887967.5621028,0.0,-7.0,-41.0
1776887967.5721028,-3.0,0.0,-45.0
1776887967.5821028,-2.0,-2.0,-40.0
1776887967.5921028,-5.0,-1.0,-39.0
1776887967.6021028,-5.0,0.0,-36.0
1776887967.6121027,-5.0,0.0,-29.0
1776887967.6221027,-3.0,-2.0,-39.0
1776887967.6321027,0.0,-1.0,-46.0
1776887967.6421027,0.0,-1.0,-51.0
1776887967.6521027,0.0,-5.0,-42.0
1776887967.6621027,0.0,-7.0,-43.0
1776887967.6721027,0.0,-5.0,-38.0
1776887967.682103,0.0,-4.0,-36.0
1776887967.692103,-3.0,-4.0,-35.0
1776887967.702103,0.0,-9.0,-36.0
1776887967.712103,0.0,-7.0,-39.0
1776887967.7221026,-3.0,-3.0,-41.0
1776887967.7321026,0.0,-5.0,-37.0
1776887967.7421026,3.0,-3.0,-37.0
1776887967.7521029,0.0,-1.0,-33.0
1776887967.7621028,5.0,-4.0,-37.0
1776887967.7721028,4.0,-11.0,-39.0
1776887967.7821028,-1.0,-10.0,-38.0
1776887967.7921028,-1.0,-8.0,-35.0
1776887967.8021028,-1.0,-7.0,-40.0
1776887967.8121028,-3.0,-9.0,-45.0
1776887967.8221028,-4.0,-9.0,-44.0
1776887967.8321028,0.0,-9.0,-41.0
1776887967.8421028,0.0,-3.0,-37.0
1776887967.8521028,-2.0,-2.0,-36.0
1776887967.8621027,-3.0,0.0,-39.0
1776887967.8721027,-3.0,2.0,-37.0
1776887967.8821027,-4.0,3.0,-32.0
1776887967.8921027,-3.0,1.0,-34.0
1776887967.9021027,0.0,1.0,-33.0
1776887967.9121027,0.0,3.0,-36.0
1776887967.9221027,0.0,0.0,-38.0
1776887967.932103,-2.0,0.0,-35.0
1776887967.942103,0.0,1.0,-47.0
1776887967.952103,3.0,-1.0,-43.0
1776887967.962103,3.0,-4.0,-40.0
1776887967.9721026,0.0,-3.0,-38.0
1776887967.9821026,2.0,-2.0,-35.0
1776887967.9921026,0.0,-3.0,-43.0
1776887968.0021029,-2.0,-1.0,-46.0
1776887968.0121028,2.0,0.0,-45.0
1776887968.0221028,6.0,2.0,-45.0
1776887968.0321028,2.0,5.0,-44.0
1776887968.0421028,0.0,0.0,-45.0
1776887968.0521028,0.0,-3.0,-44.0
1776887968.0621028,-3.0,-1.0,-49.0
1776887968.0721028,0.0,-1.0,-51.0
1776887968.0821028,5.0,-2.0,-47.0
1776887968.0921028,4.0,0.0,-41.0
1776887968.1021028,5.0,-3.0,-36.0
1776887968.1121027,8.0,0.0,-38.0
1776887968.1221027,4.0,3.0,-35.0
1776887968.1321027,5.0,2.0,-32.0
1776887968.1421027,9.0,2.0,-32.0
1776887968.1521027,10.0,2.0,-32.0
1776887968.1621027,10.0,0.0,-37.0
1776887968.1721027,9.0,-3.0,-47.0
1776887968.182103,8.0,-4.0,-49.0
1776887968.192103,6.0,-4.0,-46.0
1776887968.202103,1.0,0.0,-48.0
1776887968.212103,-3.0,0.0,-43.0
1776887968.2221026,0.0,-1.0,-39.0
1776887968.2321026,2.0,0.0,-36.0
1776887968.2421026,4.0,1.0,-38.0
1776887968.2521029,2.0,0.0,-37.0
1776887968.2621028,3.0,3.0,-37.0
1776887968.2721028,5.0,6.0,-35.0
1776887968.2821028,1.0,2.0,-30.0
1776887968.2921028,0.0,-1.0,-30.0
1776887968.3021028,5.0,-3.0,-32.0
1776887968.3121028,4.0,-3.0,-33.0
1776887968.3221028,4.0,-2.0,-39.0
1776887968.3321028,-4.0,-1.0,-32.0
1776887968.3421028,-7.0,1.0,-30.0
1776887968.3521028,-10.0,1.0,-36.0
1776887968.3621027,-8.0,0.0,-38.0
1776887968.3721027,-7.0,2.0,-39.0
1776887968.3821027,-10.0,0.0,-35.0
1776887968.3921027,-11.0,-3.0,-38.0
1776887968.4021027,-10.0,-3.0,-38.0
1776887968.4121027,-9.0,0.0,-27.0
1776887968.4221027,-2.0,-2.0,-34.0
1776887968.432103,3.0,-1.0,-29.0
1776887968.442103,0.0,-5.0,-25.0
1776887968.452103,-1.0,-9.0,-26.0
1776887968.462103,0.0,-7.0,-36.0
1776887968.4721026,-2.0,-4.0,-44.0
1776887968.4821026,-4.0,-3.0,-36.0
1776887968.4921026,-4.0,-1.0,-38.0
1776887968.5021029,-2.0,2.0,-41.0
1776887968.5121028,0.0,4.0,-39.0
1776887968.5221028,1.0,0.0,-41.0
1776887968.5321028,0.0,0.0,-37.0
1776887968.5421028,0.0,0.0,-39.0
1776887968.5521028,0.0,0.0,-43.0
1776887968.5631027,2.0,0.0,-46.0
1776887968.5731027,2.0,0.0,-44.0
1776887968.5831027,5.0,-4.0,-39.0
1776887968.5931027,4.0,-4.0,-41.0
1776887968.6031027,8.0,-3.0,-40.0
1776887968.613103,9.0,-3.0,-37.0
1776887968.623103,9.0,-4.0,-34.0
1776887968.633103,7.0,-3.0,-40.0
1776887968.6441028,5.0,5.0,-45.0
1776887968.6531026,7.0,4.0,-40.0
1776887968.6631026,5.0,0.0,-34.0
1776887968.6731029,6.0,0.0,-43.0
1776887968.6831028,6.0,1.0,-37.0
1776887968.6931028,11.0,0.0,-37.0
1776887968.7031028,11.0,-2.0,-41.0
1776887968.7131028,9.0,-1.0,-39.0
1776887968.7231028,9.0,0.0,-42.0
1776887968.7331028,3.0,0.0,-47.0
1776887968.7431028,2.0,-1.0,-43.0
1776887968.7531028,1.0,-3.0,-40.0
1776887968.7631028,1.0,-3.0,-39.0
1776887968.7731028,6.0,-1.0,-32.0
1776887968.7831028,5.0,0.0,-30.0
1776887968.7931027,5.0,0.0,-34.0
1776887968.8031027,3.0,-2.0,-38.0
1776887968.8131027,4.0,-1.0,-38.0
1776887968.8231027,3.0,-2.0,-31.0
1776887968.8331027,2.0,-5.0,-32.0
1776887968.8431027,0.0,-8.0,-36.0
1776887968.8531027,0.0,-9.0,-41.0
1776887968.863103,0.0,-13.0,-43.0
1776887968.873103,4.0,-6.0,-52.0
1776887968.883103,0.0,-4.0,-50.0
1776887968.8931026,0.0,-3.0,-42.0
1776887968.9031026,0.0,-4.0,-43.0
1776887968.9131026,1.0,0.0,-42.0
1776887968.9231029,0.0,2.0,-35.0
1776887968.9331028,-4.0,2.0,-30.0
1776887968.9431028,-6.0,2.0,-26.0
1776887968.9531028,0.0,0.0,-36.0
1776887968.9631028,-1.0,0.0,-39.0
1776887968.9731028,-3.0,-2.0,-42.0
1776887968.9831028,-2.0,-4.0,-45.0
1776887968.9931028,0.0,-2.0,-43.0
1776887969.0031028,0.0,-1.0,-41.0
1776887969.0131028,-4.0,-4.0,-35.0
1776887969.0231028,-5.0,-5.0,-40.0
1776887969.0331028,-4.0,-5.0,-39.0
1776887969.0431027,1.0,-5.0,-33.0
1776887969.0531027,1.0,1.0,-32.0
1776887969.0631027,-1.0,1.0,-38.0
1776887969.0731027,0.0,-1.0,-43.0
1776887969.0831027,-1.0,0.0,-43.0
1776887969.0931027,-4.0,1.0,-39.0
1776887969.1031027,-5.0,-2.0,-40.0
1776887969.113103,-10.0,-5.0,-40.0
1776887969.123103,-9.0,-3.0,-38.0
1776887969.133103,-8.0,-3.0,-40.0
1776887969.1431026,-7.0,-4.0,-38.0
1776887969.1531026,-9.0,-3.0,-36.0
1776887969.1631026,-7.0,0.0,-35.0
1776887969.1731029,-4.0,1.0,-34.0
1776887969.1831028,-5.0,1.0,-38.0
1776887969.1931028,-1.0,-4.0,-39.0
1776887969.2031028,-1.0,-5.0,-44.0
1776887969.2131028,-1.0,-7.0,-42.0
1776887969.2231028,4.0,-2.0,-41.0
1776887969.2331028,10.0,0.0,-41.0
1776887969.2431028,14.0,1.0,-35.0
1776887969.2531028,9.0,0.0,-33.0
1776887969.2631028,9.0,0.0,-34.0
1776887969.2731028,7.0,-1.0,-34.0
1776887969.2831028,2.0,-2.0,-31.0
1776887969.2931027,0.0,-3.0,-32.0
1776887969.3031027,0.0,1.0,-33.0
1776887969.3131027,-3.0,0.0,-32.0
1776887969.3231027,-2.0,0.0,-36.0
1776887969.3331027,0.0,-1.0,-36.0
1776887969.3431027,0.0,-4.0,-31.0
1776887969.3531027,0.0,-7.0,-25.0
1776887969.363103,-6.0,-8.0,-28.0
1776887969.373103,-3.0,-6.0,-30.0
1776887969.383103,-4.0,-7.0,-31.0
1776887969.3931026,-3.0,-9.0,-30.0
1776887969.4031026,-4.0,-8.0,-28.0
1776887969.4131026,-1.0,-3.0,-25.0
1776887969.4231029,2.0,-5.0,-33.0
1776887969.4331028,3.0,-9.0,-38.0
1776887969.4431028,4.0,-9.0,-40.0
1776887969.4531028,-2.0,-6.0,-36.0
1776887969.4631028,-3.0,-4.0,-32.0
1776887969.4731028,0.0,-6.0,-35.0
1776887969.4831028,2.0,-3.0,-40.0
1776887969.4931028,2.0,0.0,-36.0
1776887969.5031028,0.0,1.0,-41.0
1776887969.5131028,-3.0,1.0,-42.0
1776887969.5231028,3.0,3.0,-36.0
1776887969.5331028,4.0,-1.0,-40.0
1776887969.5431027,4.0,-1.0,-40.0
1776887969.5531027,4.0,1.0,-37.0
1776887969.5631027,1.0,1.0,-33.0
1776887969.5731027,0.0,4.0,-31.0
1776887969.5831027,-3.0,4.0,-36.0
1776887969.5931027,0.0,2.0,-40.0
1776887969.6031027,2.0,2.0,-34.0
1776887969.613103,3.0,-1.0,-38.0
1776887969.623103,3.0,-4.0,-30.0
1776887969.633103,8.0,-3.0,-32.0
1776887969.6431026,4.0,-1.0,-28.0
1776887969.6531026,5.0,-2.0,-21.0
1776887969.6631026,3.0,0.0,-23.0
1776887969.6731029,0.0,1.0,-25.0
1776887969.6831028,1.0,1.0,-25.0
1776887969.6931028,0.0,4.0,-27.0
1776887969.7031028,1.0,1.0,-32.0
1776887969.7131028,3.0,-3.0,-35.0
1776887969.7231028,3.0,-3.0,-43.0
1776887969.7331028,3.0,-1.0,-44.0
1776887969.7431028,3.0,-5.0,-40.0
1776887969.7531028,4.0,-3.0,-36.0
1776887969.7631028,2.0,-1.0,-35.0
1776887969.7731028,4.0,-2.0,-34.0
1776887969.7831028,3.0,-7.0,-32.0
1776887969.7931027,1.0,-4.0,-37.0
1776887969.8031027,3.0,0.0,-34.0
1776887969.8131027,1.0,1.0,-33.0
1776887969.8231027,-1.0,5.0,-26.0
1776887969.8331027,-3.0,4.0,-25.0
1776887969.8431027,-2.0,7.0,-21.0
1776887969.8531027,-5.0,5.0,-26.0
1776887969.863103,-5.0,4.0,-27.0
1776887969.873103,0.0,4.0,-34.0
1776887969.883103,0.0,0.0,-32.0
1776887969.8931026,-1.0,-3.0,-30.0
1776887969.9031026,1.0,0.0,-36.0
1776887969.9131026,-1.0,0.0,-31.0
1776887969.9231029,-2.0,-1.0,-36.0
1776887969.9331028,-2.0,0.0,-38.0
1776887969.9431028,0.0,-2.0,-40.0
1776887969.9531028,-2.0,-1.0,-42.0
1776887969.9631028,-3.0,-2.0,-35.0
1776887969.9731028,-5.0,0.0,-38.0
1776887969.9831028,-1.0,0.0,-42.0
1776887969.9931028,0.0,-1.0,-44.0
1776887970.0031028,0.0,0.0,-45.0
1776887970.0131028,-1.0,2.0,-43.0
1776887970.0231028,1.0,1.0,-50.0
1776887970.0331028,4.0,3.0,-52.0
1776887970.0431027,2.0,1.0,-49.0
1776887970.0531027,1.0,6.0,-50.0
1776887970.0631027,1.0,4.0,-50.0
1776887970.0731027,1.0,4.0,-41.0
1776887970.0831027,-2.0,0.0,-36.0
1776887970.0931027,0.0,0.0,-33.0
1776887970.1031027,0.0,-4.0,-27.0
1776887970.113103,0.0,-4.0,-29.0
1776887970.123103,-1.0,-3.0,-33.0
1776887970.133103,-4.0,-4.0,-32.0
1776887970.1431026,-5.0,-8.0,-32.0
1776887970.1531026,-1.0,-5.0,-35.0
1776887970.1631026,-2.0,-2.0,-38.0
1776887970.1731029,-4.0,-1.0,-36.0
1776887970.1831028,-5.0,0.0,-27.0
1776887970.1931028,1.0,-1.0,-24.0
1776887970.2031028,0.0,-3.0,-27.0
1776887970.2131028,0.0,0.0,-27.0
1776887970.2231028,1.0,-2.0,-28.0
1776887970.2331028,3.0,-4.0,-31.0
1776887970.2431028,4.0,-4.0,-36.0
1776887970.2531028,4.0,-2.0,-31.0
1776887970.2631028,0.0,1.0,-32.0
1776887970.2731028,1.0,1.0,-37.0
1776887970.2831028,3.0,0.0,-37.0
1776887970.2931027,2.0,-3.0,-33.0
1776887970.3031027,5.0,-2.0,-36.0
1776887970.3131027,3.0,-3.0,-30.0
1776887970.3231027,-4.0,-8.0,-33.0
1776887970.3331027,-2.0,-6.0,-22.0
1776887970.3431027,-2.0,-8.0,-23.0
1776887970.3531027,0.0,-2.0,-25.0
1776887970.363103,1.0,-2.0,-27.0
1776887970.373103,0.0,0.0,-29.0
1776887970.383103,0.0,0.0,-29.0
1776887970.3931026,0.0,0.0,-33.0
1776887970.4031026,-1.0,0.0,-32.0
1776887970.4131026,-3.0,3.0,-34.0
1776887970.4231029,-4.0,1.0,-32.0
1776887970.4331028,1.0,4.0,-30.0
1776887970.4431028,2.0,4.0,-28.0
1776887970.4531028,0.0,1.0,-31.0
1776887970.4631028,1.0,4.0,-37.0
1776887970.4731028,2.0,4.0,-30.0
1776887970.4831028,2.0,1.0,-33.0
1776887970.4931028,7.0,0.0,-31.0
1776887970.5031028,5.0,-3.0,-29.0
1776887970.5131028,5.0,0.0,-31.0
1776887970.5231028,2.0,0.0,-35.0
1776887970.534103,3.0,-1.0,-34.0
1776887970.5431027,1.0,-1.0,-37.0
1776887970.5531027,0.0,-2.0,-37.0
1776887970.5641026,2.0,-1.0,-35.0
1776887970.5731027,-3.0,-1.0,-26.0
1776887970.5841026,2.0,0.0,-25.0
1776887970.5941026,5.0,0.0,-27.0
1776887970.6041028,3.0,-2.0,-31.0
1776887970.6141028,7.0,-5.0,-27.0
1776887970.6241028,0.0,-6.0,-32.0
1776887970.6341028,-4.0,-7.0,-32.0
1776887970.6441028,0.0,-6.0,-30.0
1776887970.6541028,5.0,-5.0,-26.0
1776887970.6641028,9.0,-3.0,-29.0
1776887970.6741028,11.0,-3.0,-31.0
1776887970.6841028,6.0,-1.0,-30.0
1776887970.6941028,7.0,0.0,-29.0
1776887970.7041028,8.0,0.0,-24.0
1776887970.7141027,7.0,-1.0,-25.0
1776887970.7241027,8.0,-3.0,-21.0
1776887970.7341027,6.0,1.0,-25.0
1776887970.7441027,2.0,6.0,-27.0
1776887970.7541027,2.0,3.0,-22.0
1776887970.7641027,2.0,1.0,-16.0
1776887970.7741027,0.0,2.0,-29.0
1776887970.784103,0.0,3.0,-34.0
1776887970.794103,-4.0,0.0,-39.0
1776887970.804103,-3.0,-2.0,-45.0
1776887970.8141026,-2.0,-1.0,-31.0
1776887970.8241026,0.0,-4.0,-38.0
1776887970.8341026,3.0,-1.0,-43.0
1776887970.8441026,1.0,0.0,-38.0
1776887970.8541028,0.0,-7.0,-32.0
1776887970.8641028,-2.0,-5.0,-27.0
1776887970.8741028,-1.0,-2.0,-29.0
1776887970.8841028,-2.0,-2.0,-28.0
1776887970.8941028,-3.0,-3.0,-26.0
1776887970.9041028,2.0,0.0,-28.0
1776887970.9141028,4.0,1.0,-30.0
1776887970.9241028,1.0,0.0,-28.0
1776887970.9341028,0.0,-2.0,-25.0
1776887970.9441028,4.0,-3.0,-29.0
1776887970.9541028,3.0,-2.0,-34.0
1776887970.9641027,5.0,-3.0,-34.0
1776887970.9741027,4.0,-3.0,-37.0
1776887970.9841027,0.0,-5.0,-32.0
1776887970.9941027,1.0,-4.0,-32.0
1776887971.0041027,5.0,-3.0,-36.0
1776887971.0141027,0.0,-4.0,-39.0
1776887971.0241027,-1.0,-3.0,-40.0
1776887971.034103,-1.0,-1.0,-40.0
1776887971.044103,-4.0,-2.0,-36.0
1776887971.054103,-4.0,-1.0,-36.0
1776887971.0641026,-4.0,-4.0,-38.0
1776887971.0741026,0.0,-1.0,-42.0
1776887971.0841026,-3.0,-4.0,-41.0
1776887971.0941026,-1.0,-5.0,-36.0
1776887971.1041028,-2.0,-5.0,-39.0
1776887971.1141028,-4.0,-4.0,-36.0
1776887971.1241028,0.0,-3.0,-31.0
1776887971.1341028,0.0,-4.0,-37.0
1776887971.1441028,0.0,-5.0,-35.0
1776887971.1541028,-2.0,-1.0,-30.0
1776887971.1641028,0.0,0.0,-36.0
1776887971.1741028,-1.0,-3.0,-42.0
1776887971.1841028,1.0,-4.0,-44.0
1776887971.1941028,1.0,-2.0,-40.0
1776887971.2041028,-2.0,-1.0,-37.0
1776887971.2141027,-4.0,0.0,-29.0
1776887971.2241027,0.0,0.0,-37.0
1776887971.2341027,-4.0,-3.0,-32.0
1776887971.2441027,-1.0,-3.0,-39.0
1776887971.2541027,-1.0,0.0,-42.0
1776887971.2641027,-9.0,1.0,-38.0
1776887971.2741027,-9.0,-2.0,-32.0
1776887971.284103,-11.0,0.0,-33.0
1776887971.294103,-8.0,-1.0,-35.0
1776887971.304103,-4.0,-1.0,-36.0
1776887971.3141026,-2.0,-2.0,-38.0
1776887971.3241026,-2.0,1.0,-34.0
1776887971.3341026,-3.0,2.0,-28.0
1776887971.3441026,-2.0,1.0,-24.0
1776887971.3541028,-3.0,-3.0,-31.0
1776887971.3641028,2.0,-3.0,-36.0
1776887971.3741028,0.0,-1.0,-37.0
1776887971.3841028,-2.0,-2.0,-43.0
1776887971.3941028,4.0,0.0,-41.0
1776887971.4041028,2.0,0.0,-42.0
1776887971.4141028,1.0,3.0,-40.0
1776887971.4241028,3.0,5.0,-40.0
1776887971.4341028,0.0,4.0,-44.0
1776887971.4441028,-3.0,4.0,-44.0
1776887971.4541028,-6.0,0.0,-39.0
1776887971.4641027,-6.0,-1.0,-36.0
1776887971.4741027,-5.0,0.0,-39.0
1776887971.4841027,-2.0,0.0,-33.0
1776887971.4941027,-5.0,1.0,-42.0
1776887971.5041027,0.0,2.0,-41.0
1776887971.5141027,-2.0,1.0,-46.0
1776887971.5241027,0.0,0.0,-45.0
1776887971.534103,0.0,-3.0,-38.0
1776887971.544103,0.0,0.0,-37.0
1776887971.554103,-3.0,0.0,-35.0
1776887971.5641026,-1.0,1.0,-37.0
1776887971.5741026,0.0,2.0,-39.0
1776887971.5841026,3.0,-1.0,-39.0
1776887971.5941026,3.0,2.0,-42.0
1776887971.6041028,0.0,1.0,-41.0
1776887971.6141028,-2.0,0.0,-39.0
1776887971.6241028,0.0,-1.0,-37.0
1776887971.6341028,-2.0,1.0,-37.0
1776887971.6441028,0.0,0.0,-43.0
1776887971.6541028,0.0,-1.0,-42.0
1776887971.6641028,0.0,-2.0,-44.0
1776887971.6741028,1.0,0.0,-43.0
1776887971.6841028,1.0,0.0,-45.0
1776887971.6941028,-3.0,0.0,-37.0
1776887971.7041028,-10.0,3.0,-36.0
1776887971.7141027,-5.0,-1.0,-37.0
1776887971.7241027,-2.0,0.0,-33.0
1776887971.7341027,0.0,-3.0,-36.0
1776887971.7441027,0.0,-3.0,-34.0
1776887971.7541027,2.0,-5.0,-38.0
1776887971.7641027,1.0,-2.0,-37.0
1776887971.7741027,1.0,-2.0,-40.0
1776887971.784103,3.0,-2.0,-35.0
1776887971.794103,-2.0,-2.0,-37.0
1776887971.804103,0.0,-2.0,-33.0
1776887971.8141026,0.0,2.0,-37.0
1776887971.8241026,2.0,1.0,-35.0
1776887971.8341026,-2.0,0.0,-39.0
1776887971.8441026,-2.0,-1.0,-42.0
1776887971.8541028,2.0,-2.0,-40.0
1776887971.8641028,4.0,-4.0,-35.0
1776887971.8741028,4.0,-5.0,-33.0
1776887971.8841028,3.0,-3.0,-35.0
1776887971.8941028,1.0,-4.0,-34.0
1776887971.9041028,5.0,-9.0,-33.0
1776887971.9141028,3.0,-5.0,-35.0
1776887971.9241028,4.0,-6.0,-37.0
1776887971.9341028,6.0,-7.0,-41.0
1776887971.9441028,4.0,-2.0,-34.0
1776887971.9541028,6.0,-2.0,-35.0
1776887971.9641027,8.0,-5.0,-38.0
1776887971.9741027,4.0,-5.0,-37.0
1776887971.9841027,0.0,-4.0,-43.0
1776887971.9941027,2.0,-4.0,-40.0
1776887972.0041027,1.0,0.0,-36.0
1776887972.0141027,1.0,-1.0,-34.0
1776887972.0241027,3.0,-1.0,-39.0
1776887972.034103,2.0,-2.0,-39.0
1776887972.044103,0.0,0.0,-40.0
1776887972.054103,-3.0,0.0,-37.0
1776887972.0641026,-7.0,0.0,-38.0
1776887972.0741026,-5.0,0.0,-33.0
1776887972.0841026,-4.0,2.0,-28.0
1776887972.0941026,-3.0,9.0,-30.0
1776887972.1041028,0.0,11.0,-22.0
1776887972.1141028,0.0,10.0,-24.0
1776887972.1241028,0.0,6.0,-22.0
1776887972.1341028,3.0,4.0,-27.0
1776887972.1441028,7.0,0.0,-29.0
1776887972.1541028,-1.0,-2.0,-31.0
1776887972.1641028,0.0,-2.0,-42.0
1776887972.1741028,0.0,-2.0,-47.0
1776887972.1841028,1.0,1.0,-48.0
1776887972.1941028,3.0,4.0,-50.0
1776887972.2041028,0.0,0.0,-53.0
1776887972.2141027,2.0,0.0,-51.0
1776887972.2241027,-1.0,1.0,-48.0
1776887972.2341027,-4.0,0.0,-46.0
1776887972.2441027,-2.0,-4.0,-44.0
1776887972.2541027,1.0,-4.0,-42.0
1776887972.2641027,1.0,-3.0,-39.0
1776887972.2741027,1.0,-5.0,-33.0
1776887972.284103,0.0,-4.0,-39.0
1776887972.294103,0.0,0.0,-36.0
1776887972.304103,0.0,-1.0,-34.0
1776887972.3141026,-1.0,-2.0,-33.0
1776887972.3241026,0.0,-2.0,-34.0
1776887972.3341026,3.0,-5.0,-36.0
1776887972.3441026,3.0,-4.0,-29.0
1776887972.3541028,1.0,0.0,-28.0
1776887972.3641028,3.0,4.0,-32.0
1776887972.3741028,5.0,1.0,-36.0
1776887972.3841028,0.0,-1.0,-38.0
1776887972.3941028,0.0,0.0,-30.0
1776887972.4041028,-1.0,0.0,-27.0
1776887972.4141028,-1.0,1.0,-33.0
1776887972.4241028,-1.0,-1.0,-33.0
1776887972.4341028,0.0,0.0,-37.0
1776887972.4441028,1.0,-1.0,-38.0
1776887972.4541028,3.0,-5.0,-42.0
1776887972.4641027,2.0,-3.0,-45.0
1776887972.4741027,0.0,-1.0,-44.0
1776887972.4841027,2.0,-5.0,-45.0
1776887972.4941027,5.0,-4.0,-40.0
1776887972.5041027,9.0,-3.0,-36.0
1776887972.5141027,7.0,-2.0,-38.0
1776887972.5241027,6.0,0.0,-35.0
1776887972.534103,3.0,0.0,-37.0
1776887972.5451028,3.0,1.0,-39.0
1776887972.554103,3.0,-3.0,-41.0
1776887972.5651028,6.0,-5.0,-45.0
1776887972.5751028,2.0,-6.0,-41.0
1776887972.5851028,1.0,-1.0,-43.0
1776887972.5951028,0.0,0.0,-47.0
1776887972.6051028,-2.0,0.0,-47.0
1776887972.6151028,-2.0,1.0,-49.0
1776887972.6251028,2.0,2.0,-49.0
1776887972.6351027,0.0,2.0,-41.0
1776887972.6451027,4.0,2.0,-39.0
1776887972.6551027,2.0,3.0,-40.0
1776887972.6651027,2.0,5.0,-45.0
1776887972.6751027,-3.0,7.0,-42.0
1776887972.6851027,-2.0,6.0,-39.0
1776887972.6951027,-2.0,5.0,-44.0
1776887972.7051027,-4.0,7.0,-40.0
1776887972.715103,-4.0,6.0,-35.0
1776887972.725103,-1.0,2.0,-41.0
1776887972.735103,-4.0,0.0,-40.0
1776887972.7451026,-7.0,1.0,-44.0
1776887972.7551026,-9.0,4.0,-37.0
1776887972.7651026,-8.0,5.0,-38.0
1776887972.7751029,-2.0,-1.0,-32.0
1776887972.7851028,-3.0,-2.0,-32.0
1776887972.7951028,0.0,0.0,-30.0
1776887972.8051028,0.0,3.0,-31.0
1776887972.8151028,-4.0,0.0,-35.0
1776887972.8251028,0.0,-2.0,-28.0
1776887972.8351028,2.0,-4.0,-34.0
1776887972.8451028,4.0,-2.0,-38.0
1776887972.8551028,2.0,0.0,-43.0
1776887972.8651028,1.0,-1.0,-42.0
1776887972.8751028,-2.0,-1.0,-44.0
1776887972.8851027,0.0,-2.0,-38.0
1776887972.8951027,1.0,0.0,-39.0
1776887972.9051027,0.0,4.0,-44.0
1776887972.9151027,0.0,7.0,-47.0
1776887972.9251027,-2.0,6.0,-47.0
1776887972.9351027,1.0,2.0,-50.0
1776887972.9451027,-2.0,1.0,-47.0
1776887972.9551027,-3.0,-2.0,-39.0
1776887972.965103,-4.0,0.0,-41.0
1776887972.975103,-4.0,-1.0,-47.0
1776887972.985103,-3.0,-1.0,-43.0
1776887972.9951026,-4.0,-2.0,-43.0
1776887973.0051026,-6.0,-3.0,-39.0
1776887973.0151026,-6.0,-3.0,-37.0
1776887973.0251029,-5.0,0.0,-42.0
1776887973.0351028,0.0,0.0,-41.0
1776887973.0451028,-3.0,-2.0,-36.0
1776887973.0551028,-4.0,-3.0,-33.0
1776887973.0651028,-6.0,-3.0,-32.0
1776887973.0751028,-1.0,-3.0,-41.0
1776887973.0851028,0.0,0.0,-46.0
1776887973.0951028,0.0,-2.0,-44.0
1776887973.1051028,4.0,-5.0,-43.0
1776887973.1151028,3.0,-3.0,-43.0
1776887973.1251028,0.0,-5.0,-39.0
1776887973.1351027,2.0,-4.0,-40.0
1776887973.1451027,2.0,-2.0,-45.0
1776887973.1551027,1.0,-1.0,-39.0
1776887973.1651027,2.0,-3.0,-36.0
1776887973.1751027,3.0,-3.0,-33.0
1776887973.1851027,0.0,-5.0,-38.0
1776887973.1951027,3.0,-4.0,-29.0
1776887973.2051027,1.0,-3.0,-22.0
1776887973.215103,-4.0,-5.0,-25.0
1776887973.225103,0.0,-4.0,-31.0
1776887973.235103,-1.0,-2.0,-34.0
1776887973.2451026,2.0,0.0,-39.0
1776887973.2551026,0.0,0.0,-38.0
1776887973.2651026,5.0,0.0,-41.0
1776887973.2751029,6.0,4.0,-41.0
1776887973.2851028,5.0,0.0,-37.0
1776887973.2951028,7.0,5.0,-35.0
1776887973.3051028,6.0,7.0,-36.0
1776887973.3151028,4.0,7.0,-35.0
1776887973.3251028,4.0,5.0,-33.0
1776887973.3351028,2.0,4.0,-37.0
1776887973.3451028,0.0,0.0,-41.0
1776887973.3551028,1.0,0.0,-41.0
1776887973.3651028,4.0,-3.0,-45.0
1776887973.3751028,2.0,-5.0,-47.0
1776887973.3851027,-4.0,-3.0,-38.0
1776887973.3951027,-2.0,-3.0,-39.0
1776887973.4051027,-1.0,0.0,-44.0
1776887973.4151027,2.0,0.0,-41.0
1776887973.4251027,4.0,-1.0,-37.0
1776887973.4351027,3.0,-3.0,-29.0
1776887973.4451027,-2.0,-2.0,-29.0
1776887973.4551027,0.0,-1.0,-35.0
1776887973.465103,-5.0,-1.0,-30.0
1776887973.475103,-7.0,-2.0,-31.0
1776887973.485103,-6.0,-4.0,-29.0
1776887973.4951026,-5.0,-4.0,-27.0
1776887973.5051026,-6.0,-2.0,-27.0
1776887973.5151026,-5.0,1.0,-25.0
1776887973.5251029,-5.0,-1.0,-21.0
1776887973.5351028,-6.0,0.0,-31.0
1776887973.5451028,-7.0,-2.0,-36.0
1776887973.5551028,-9.0,-1.0,-42.0
1776887973.5651028,-7.0,0.0,-37.0
1776887973.5751028,-2.0,0.0,-33.0
1776887973.5851028,-2.0,1.0,-42.0
1776887973.5951028,0.0,-1.0,-44.0
1776887973.6051028,0.0,0.0,-48.0
1776887973.6151028,-2.0,-2.0,-50.0
1776887973.6251028,1.0,-2.0,-51.0
1776887973.6351027,3.0,-4.0,-55.0
1776887973.6451027,-1.0,-2.0,-50.0
1776887973.6551027,0.0,0.0,-45.0
1776887973.6651027,0.0,0.0,-40.0
1776887973.6751027,0.0,1.0,-34.0
1776887973.6851027,1.0,2.0,-34.0
1776887973.6951027,3.0,0.0,-39.0
1776887973.7051027,2.0,-2.0,-42.0
1776887973.715103,0.0,-4.0,-44.0
1776887973.725103,0.0,-3.0,-43.0
1776887973.735103,0.0,-1.0,-41.0
1776887973.7451026,0.0,-1.0,-36.0
1776887973.7551026,1.0,0.0,-41.0
1776887973.7651026,1.0,0.0,-37.0
1776887973.7751029,1.0,-1.0,-41.0
1776887973.7851028,3.0,0.0,-39.0
1776887973.7951028,3.0,1.0,-39.0
1776887973.8051028,8.0,0.0,-38.0
1776887973.8151028,9.0,-4.0,-41.0
1776887973.8251028,6.0,-3.0,-44.0
1776887973.8351028,3.0,-1.0,-40.0
1776887973.8451028,1.0,-5.0,-41.0
1776887973.8551028,4.0,-8.0,-39.0
1776887973.8651028,3.0,-3.0,-33.0
1776887973.8751028,1.0,-4.0,-31.0
1776887973.8851027,-3.0,-4.0,-27.0
1776887973.8951027,-4.0,-1.0,-29.0
1776887973.9051027,-2.0,1.0,-34.0
1776887973.9151027,-1.0,0.0,-35.0
1776887973.9251027,0.0,-1.0,-32.0
1776887973.9351027,-2.0,-5.0,-41.0
1776887973.9451027,-2.0,-6.0,-40.0
1776887973.9551027,-1.0,-8.0,-38.0
1776887973.965103,6.0,-8.0,-45.0
1776887973.975103,8.0,-7.0,-43.0
1776887973.985103,7.0,-4.0,-48.0
1776887973.9951026,4.0,2.0,-45.0
1776887974.0051026,5.0,0.0,-37.0
1776887974.0151026,5.0,-1.0,-36.0
1776887974.0251029,6.0,-4.0,-43.0
1776887974.0351028,3.0,-3.0,-35.0
1776887974.0451028,-1.0,-3.0,-32.0
1776887974.0551028,-1.0,-2.0,-32.0
1776887974.0651028,1.0,-2.0,-30.0
1776887974.0751028,1.0,-1.0,-31.0
1776887974.0851028,-4.0,-5.0,-32.0
1776887974.0951028,-3.0,-5.0,-37.0
1776887974.1051028,0.0,-4.0,-37.0
1776887974.1151028,0.0,0.0,-35.0
1776887974.1251028,0.0,0.0,-32.0
1776887974.1351027,2.0,0.0,-35.0
1776887974.1451027,2.0,2.0,-41.0
1776887974.1551027,3.0,5.0,-32.0
1776887974.1651027,4.0,3.0,-33.0
1776887974.1751027,3.0,0.0,-29.0
1776887974.1851027,0.0,0.0,-28.0
1776887974.1951027,1.0,2.0,-38.0
1776887974.2051027,0.0,1.0,-43.0
1776887974.215103,-1.0,1.0,-41.0
1776887974.225103,4.0,3.0,-37.0
1776887974.235103,6.0,0.0,-39.0
1776887974.2451026,6.0,0.0,-43.0
1776887974.2551026,5.0,0.0,-39.0
1776887974.2651026,7.0,-3.0,-42.0
1776887974.2751029,5.0,-6.0,-37.0
1776887974.2851028,5.0,-5.0,-35.0
1776887974.2951028,3.0,-3.0,-33.0
1776887974.3051028,5.0,-1.0,-34.0
1776887974.3151028,4.0,-1.0,-31.0
1776887974.3251028,0.0,0.0,-33.0
1776887974.3351028,2.0,-3.0,-31.0
1776887974.3451028,0.0,-1.0,-36.0
1776887974.3551028,-3.0,1.0,-40.0
1776887974.3651028,1.0,3.0,-38.0
1776887974.3751028,1.0,4.0,-31.0
1776887974.3851027,3.0,4.0,-32.0
1776887974.3951027,8.0,2.0,-30.0
1776887974.4051027,3.0,0.0,-35.0
1776887974.4151027,1.0,4.0,-36.0
1776887974.4251027,0.0,6.0,-37.0
1776887974.4351027,0.0,5.0,-44.0
1776887974.4451027,0.0,7.0,-42.0
1776887974.4551027,-1.0,5.0,-37.0
1776887974.465103,1.0,1.0,-31.0
1776887974.475103,3.0,0.0,-30.0
1776887974.485103,3.0,0.0,-29.0
1776887974.4951026,1.0,0.0,-27.0
1776887974.5051026,0.0,-4.0,-28.0
1776887974.5151026,2.0,-3.0,-30.0
1776887974.5251029,3.0,-5.0,-29.0
1776887974.5351028,6.0,-1.0,-33.0
1776887974.5451028,2.0,-8.0,-37.0
1776887974.5551028,1.0,-5.0,-40.0
1776887974.5651028,0.0,-5.0,-46.0
1776887974.5761027,2.0,-2.0,-35.0
1776887974.5861027,2.0,0.0,-34.0
1776887974.5961027,7.0,4.0,-36.0
1776887974.6061027,4.0,0.0,-34.0
1776887974.6161027,3.0,-1.0,-33.0
1776887974.6261027,-1.0,-2.0,-35.0
1776887974.636103,-2.0,-3.0,-33.0
1776887974.646103,0.0,0.0,-29.0
1776887974.656103,-1.0,-1.0,-30.0
1776887974.6661026,2.0,-4.0,-26.0
1776887974.6761026,5.0,-2.0,-25.0
1776887974.6861026,7.0,-1.0,-25.0
1776887974.6961029,3.0,0.0,-29.0
1776887974.7061028,4.0,-2.0,-34.0
1776887974.7161028,2.0,2.0,-39.0
1776887974.7261028,3.0,-1.0,-37.0
1776887974.7361028,2.0,-2.0,-36.0
1776887974.7461028,1.0,-4.0,-38.0
1776887974.7561028,1.0,-5.0,-41.0
1776887974.7661028,-1.0,-5.0,-42.0
1776887974.7761028,0.0,-6.0,-35.0
1776887974.7861028,-1.0,-2.0,-32.0
1776887974.7961028,-5.0,0.0,-30.0
1776887974.8061028,-4.0,-2.0,-28.0
1776887974.8161027,-2.0,0.0,-28.0
1776887974.8261027,0.0,2.0,-22.0
1776887974.8361027,2.0,0.0,-25.0
1776887974.8461027,4.0,-2.0,-24.0
1776887974.8561027,5.0,0.0,-23.0
1776887974.8661027,3.0,0.0,-33.0
1776887974.8761027,0.0,3.0,-34.0
1776887974.886103,-4.0,3.0,-36.0
1776887974.896103,-1.0,-1.0,-38.0
1776887974.906103,-4.0,-2.0,-47.0
1776887974.9161026,1.0,-6.0,-45.0
1776887974.9261026,0.0,-7.0,-41.0
1776887974.9361026,0.0,-5.0,-30.0
1776887974.9461029,-3.0,-5.0,-31.0
1776887974.9561028,-3.0,0.0,-29.0
1776887974.9661028,-3.0,0.0,-33.0
1776887974.9761028,-1.0,-2.0,-34.0
1776887974.9861028,-1.0,-2.0,-30.0
1776887974.9961028,0.0,-5.0,-29.0
1776887975.0061028,-3.0,-6.0,-36.0
1776887975.0161028,-3.0,-5.0,-35.0
1776887975.0261028,0.0,-6.0,-38.0
1776887975.0361028,-2.0,-2.0,-38.0
1776887975.0461028,1.0,-2.0,-37.0
1776887975.0561028,3.0,0.0,-30.0
1776887975.0661027,2.0,0.0,-26.0
1776887975.0761027,0.0,-1.0,-27.0
1776887975.0861027,0.0,0.0,-35.0
1776887975.0961027,0.0,2.0,-37.0
1776887975.1061027,0.0,1.0,-42.0
1776887975.1161027,0.0,2.0,-41.0
1776887975.1261027,1.0,5.0,-44.0
1776887975.136103,-3.0,7.0,-45.0
1776887975.146103,-8.0,4.0,-45.0
1776887975.156103,-10.0,5.0,-49.0
1776887975.1661026,-11.0,4.0,-47.0
1776887975.1761026,-11.0,2.0,-36.0
1776887975.1861026,-7.0,0.0,-32.0
1776887975.1961029,-6.0,2.0,-32.0
1776887975.2061028,-5.0,5.0,-40.0
1776887975.2161028,-2.0,8.0,-43.0
1776887975.2261028,5.0,8.0,-48.0
1776887975.2361028,4.0,8.0,-46.0
1776887975.2461028,2.0,1.0,-37.0
1776887975.2561028,0.0,0.0,-32.0
1776887975.2661028,-3.0,2.0,-32.0
1776887975.2761028,-2.0,0.0,-35.0
1776887975.2861028,-4.0,-1.0,-32.0
1776887975.2961028,-2.0,0.0,-33.0
1776887975.3061028,-2.0,1.0,-33.0
1776887975.3161027,-5.0,0.0,-38.0
1776887975.3261027,0.0,0.0,-41.0
1776887975.3361027,1.0,4.0,-39.0
1776887975.3461027,1.0,4.0,-39.0
1776887975.3561027,1.0,3.0,-39.0
1776887975.3661027,-1.0,1.0,-43.0
1776887975.3761027,-2.0,1.0,-39.0
1776887975.386103,2.0,1.0,-42.0
1776887975.396103,1.0,0.0,-47.0
1776887975.406103,1.0,-2.0,-55.0
1776887975.4161026,4.0,0.0,-54.0
1776887975.4261026,9.0,0.0,-48.0
1776887975.4361026,6.0,-3.0,-48.0
1776887975.4461029,8.0,0.0,-39.0
1776887975.4561028,2.0,2.0,-33.0
1776887975.4661028,0.0,1.0,-33.0
1776887975.4761028,0.0,1.0,-38.0
1776887975.4861028,2.0,3.0,-39.0
1776887975.4961028,-1.0,5.0,-36.0
1776887975.5061028,0.0,4.0,-28.0
1776887975.5161028,0.0,4.0,-26.0
1776887975.5261028,0.0,1.0,-29.0
1776887975.5361028,-3.0,0.0,-26.0
1776887975.5461028,-1.0,-1.0,-33.0
1776887975.5561028,1.0,0.0,-31.0
1776887975.5661027,5.0,0.0,-32.0
1776887975.5761027,8.0,0.0,-35.0
1776887975.5861027,4.0,-3.0,-31.0
1776887975.5961027,0.0,-5.0,-35.0
1776887975.6061027,1.0,-7.0,-40.0
1776887975.6161027,4.0,-7.0,-41.0
1776887975.6261027,2.0,-10.0,-42.0
1776887975.636103,-3.0,-8.0,-44.0
1776887975.646103,-1.0,-6.0,-40.0
1776887975.656103,1.0,-1.0,-32.0
1776887975.6661026,7.0,4.0,-33.0
1776887975.6761026,7.0,2.0,-36.0
1776887975.6861026,5.0,-1.0,-38.0
1776887975.6961029,7.0,0.0,-40.0
1776887975.7061028,4.0,0.0,-38.0
1776887975.7161028,3.0,-1.0,-31.0
1776887975.7261028,2.0,1.0,-33.0
1776887975.7361028,3.0,0.0,-31.0
1776887975.7461028,1.0,0.0,-36.0
1776887975.7561028,-4.0,2.0,-33.0
1776887975.7661028,-6.0,1.0,-31.0
1776887975.7761028,-4.0,-3.0,-32.0
1776887975.7861028,-1.0,-4.0,-34.0
1776887975.7961028,-3.0,-5.0,-37.0
1776887975.8061028,-4.0,-7.0,-34.0
1776887975.8161027,-8.0,-10.0,-32.0
1776887975.8261027,-12.0,-6.0,-32.0
1776887975.8361027,-8.0,-5.0,-29.0
1776887975.8461027,-10.0,-3.0,-27.0
1776887975.8561027,-9.0,-5.0,-23.0
1776887975.8661027,-6.0,-3.0,-20.0
1776887975.8761027,-2.0,-6.0,-27.0
1776887975.886103,0.0,-7.0,-30.0
1776887975.896103,4.0,-4.0,-34.0
1776887975.906103,-1.0,0.0,-35.0
1776887975.9161026,0.0,3.0,-35.0
1776887975.9261026,1.0,7.0,-39.0
1776887975.9361026,3.0,4.0,-38.0
1776887975.9461029,5.0,1.0,-38.0
1776887975.9561028,0.0,-3.0,-41.0
1776887975.9661028,2.0,-1.0,-36.0
1776887975.9761028,0.0,-1.0,-31.0
1776887975.9861028,-2.0,0.0,-26.0
1776887975.9961028,-1.0,-2.0,-28.0
1776887976.0061028,1.0,3.0,-25.0
1776887976.0171027,1.0,1.0,-29.0
1776887976.0261028,2.0,0.0,-34.0
1776887976.0361028,4.0,-1.0,-37.0
1776887976.0461028,5.0,0.0,-36.0
1776887976.0561028,2.0,-6.0,-40.0
1776887976.0661027,-3.0,-7.0,-41.0
1776887976.0761027,0.0,-2.0,-33.0
1776887976.0861027,0.0,1.0,-32.0
1776887976.0961027,0.0,0.0,-27.0
1776887976.1061027,2.0,-1.0,-36.0
1776887976.1161027,4.0,-3.0,-35.0
1776887976.1261027,6.0,-6.0,-31.0
1776887976.136103,8.0,-8.0,-26.0
1776887976.146103,6.0,-5.0,-24.0
1776887976.156103,5.0,-3.0,-32.0
1776887976.1661026,2.0,-2.0,-36.0
1776887976.1761026,2.0,0.0,-35.0
1776887976.1861026,1.0,0.0,-37.0
1776887976.1961029,1.0,1.0,-33.0
1776887976.2061028,4.0,0.0,-33.0
1776887976.2161028,3.0,3.0,-40.0
1776887976.2261028,7.0,4.0,-35.0
1776887976.2361028,9.0,2.0,-36.0
1776887976.2461028,16.0,2.0,-41.0
1776887976.2561028,13.0,0.0,-43.0
1776887976.2661028,14.0,1.0,-43.0
1776887976.2761028,17.0,3.0,-46.0
1776887976.2861028,16.0,5.0,-45.0
1776887976.2961028,11.0,6.0,-39.0
1776887976.3061028,4.0,2.0,-42.0
1776887976.3161027,0.0,0.0,-36.0
1776887976.3261027,1.0,-3.0,-39.0
1776887976.3361027,4.0,0.0,-45.0
1776887976.3461027,3.0,-2.0,-43.0
1776887976.3561027,2.0,0.0,-43.0
1776887976.3661027,-2.0,-1.0,-42.0
1776887976.3761027,-2.0,-1.0,-46.0
1776887976.386103,1.0,-3.0,-43.0
1776887976.396103,0.0,-1.0,-48.0
1776887976.406103,2.0,-2.0,-42.0
1776887976.4161026,2.0,-1.0,-42.0
1776887976.4261026,0.0,-2.0,-42.0
1776887976.4361026,-1.0,-2.0,-46.0
1776887976.4461029,1.0,-6.0,-46.0
1776887976.4561028,4.0,-7.0,-47.0
1776887976.4661028,3.0,-8.0,-47.0
1776887976.4761028,1.0,-5.0,-50.0
1776887976.4861028,3.0,-1.0,-46.0
1776887976.4961028,5.0,-1.0,-43.0
1776887976.5061028,0.0,-1.0,-45.0
1776887976.5161028,3.0,-3.0,-44.0
1776887976.5261028,5.0,-2.0,-40.0
1776887976.5361028,0.0,0.0,-38.0
1776887976.5471027,-3.0,-1.0,-32.0
1776887976.5561028,-11.0,-1.0,-38.0
1776887976.567103,-11.0,1.0,-38.0
1776887976.5761027,-9.0,0.0,-41.0
1776887976.587103,-9.0,-2.0,-40.0
1776887976.5971026,-5.0,-3.0,-40.0
1776887976.6071026,0.0,0.0,-36.0
1776887976.6171026,5.0,4.0,-38.0
1776887976.6271029,2.0,4.0,-31.0
1776887976.6371028,4.0,4.0,-32.0
1776887976.6471028,6.0,4.0,-35.0
1776887976.6571028,3.0,8.0,-33.0
1776887976.6671028,0.0,8.0,-40.0
1776887976.6771028,1.0,7.0,-37.0
1776887976.6871028,2.0,4.0,-39.0
1776887976.6971028,4.0,4.0,-39.0
1776887976.7071028,2.0,1.0,-37.0
1776887976.7171028,0.0,0.0,-42.0
1776887976.7271028,-3.0,0.0,-39.0
1776887976.7371027,4.0,-1.0,-34.0
1776887976.7471027,2.0,3.0,-46.0
1776887976.7571027,3.0,3.0,-40.0
1776887976.7671027,-2.0,1.0,-36.0
1776887976.7771027,1.0,0.0,-36.0
1776887976.7871027,-3.0,0.0,-29.0
1776887976.7971027,-3.0,0.0,-28.0
1776887976.807103,-2.0,0.0,-38.0
1776887976.817103,-6.0,1.0,-38.0
1776887976.827103,-2.0,1.0,-50.0
1776887976.837103,-1.0,0.0,-44.0
1776887976.8471026,-2.0,1.0,-45.0
1776887976.8571026,-1.0,-3.0,-40.0
1776887976.8671026,-5.0,-3.0,-34.0
1776887976.8771029,-2.0,-7.0,-31.0
1776887976.8871028,0.0,-9.0,-27.0
1776887976.8971028,-5.0,-10.0,-17.0
1776887976.9071028,-6.0,-9.0,-21.0
1776887976.9171028,-4.0,-7.0,-28.0
1776887976.9271028,-1.0,-4.0,-31.0
1776887976.9371028,-2.0,-2.0,-33.0
1776887976.9471028,-4.0,-2.0,-29.0
1776887976.9571028,-5.0,-3.0,-25.0
1776887976.9671028,-8.0,-1.0,-32.0
1776887976.9771028,-9.0,0.0,-29.0
1776887976.9871027,-7.0,-1.0,-27.0
1776887976.9971027,-8.0,-2.0,-23.0
1776887977.0071027,-13.0,1.0,-18.0
1776887977.0171027,-11.0,-1.0,-14.0
1776887977.0271027,-11.0,0.0,-16.0
1776887977.0371027,-10.0,0.0,-17.0
1776887977.0471027,-5.0,-2.0,-25.0
1776887977.057103,-2.0,-3.0,-33.0
1776887977.067103,-2.0,-3.0,-40.0
1776887977.077103,2.0,-7.0,-38.0
1776887977.087103,5.0,-5.0,-49.0
1776887977.0971026,2.0,-7.0,-53.0
1776887977.1071026,5.0,-4.0,-46.0
1776887977.1171026,6.0,0.0,-37.0
1776887977.1271029,5.0,0.0,-33.0
1776887977.1371028,4.0,0.0,-35.0
1776887977.1471028,3.0,-1.0,-37.0
1776887977.1571028,-4.0,-1.0,-35.0
1776887977.1671028,-3.0,-2.0,-34.0
1776887977.1771028,-5.0,0.0,-34.0
1776887977.1871028,-5.0,-3.0,-33.0
1776887977.1971028,-4.0,-3.0,-27.0
1776887977.2071028,-5.0,0.0,-33.0
1776887977.2171028,-1.0,0.0,-31.0
1776887977.2271028,0.0,2.0,-37.0
1776887977.2371027,0.0,0.0,-37.0
1776887977.2471027,-6.0,0.0,-39.0
1776887977.2571027,-3.0,0.0,-45.0
1776887977.2671027,-2.0,-2.0,-42.0
1776887977.2771027,-1.0,-2.0,-44.0
1776887977.2871027,0.0,-6.0,-41.0
1776887977.2971027,-4.0,-8.0,-39.0
1776887977.307103,0.0,-7.0,-37.0
1776887977.317103,-3.0,-5.0,-38.0
1776887977.327103,-2.0,-5.0,-41.0
1776887977.337103,-5.0,-2.0,-33.0
1776887977.3471026,0.0,0.0,-32.0
1776887977.3571026,2.0,-1.0,-38.0
1776887977.3671026,3.0,-5.0,-41.0
1776887977.3771029,4.0,-7.0,-33.0
1776887977.3871028,1.0,-7.0,-32.0
1776887977.3971028,3.0,-6.0,-33.0
1776887977.4071028,6.0,-4.0,-28.0
1776887977.4171028,6.0,-4.0,-22.0
1776887977.4271028,8.0,-7.0,-26.0
1776887977.4371028,9.0,-7.0,-26.0
1776887977.4471028,8.0,-7.0,-26.0
1776887977.4571028,5.0,-4.0,-28.0
1776887977.4671028,7.0,-6.0,-32.0
1776887977.4771028,5.0,-5.0,-32.0
1776887977.4871027,5.0,-6.0,-39.0
1776887977.4971027,1.0,-4.0,-38.0
1776887977.5071027,3.0,0.0,-40.0
1776887977.5171027,6.0,6.0,-38.0
1776887977.5271027,6.0,6.0,-34.0
1776887977.5371027,6.0,8.0,-35.0
1776887977.5471027,4.0,6.0,-38.0
1776887977.557103,0.0,1.0,-43.0
1776887977.567103,0.0,7.0,-46.0
1776887977.577103,0.0,5.0,-48.0
1776887977.587103,1.0,10.0,-42.0
1776887977.5971026,3.0,7.0,-41.0
1776887977.6071026,2.0,2.0,-35.0
1776887977.6171026,4.0,3.0,-35.0
1776887977.6271029,3.0,0.0,-33.0
1776887977.6371028,0.0,-3.0,-29.0
1776887977.6471028,-3.0,-5.0,-33.0
1776887977.6571028,-1.0,-2.0,-36.0
1776887977.6671028,0.0,0.0,-41.0
1776887977.6771028,0.0,-4.0,-38.0
1776887977.6871028,1.0,-4.0,-35.0
1776887977.6971028,3.0,-4.0,-36.0
1776887977.7071028,0.0,-4.0,-35.0
1776887977.7171028,0.0,-2.0,-34.0
1776887977.7271028,-1.0,0.0,-35.0
1776887977.7371027,0.0,-2.0,-33.0
1776887977.7471027,5.0,-8.0,-36.0
1776887977.7571027,5.0,-2.0,-38.0
1776887977.7671027,6.0,-2.0,-35.0
1776887977.7771027,7.0,0.0,-34.0
1776887977.7871027,4.0,-2.0,-34.0
1776887977.7971027,1.0,-6.0,-35.0
1776887977.807103,-1.0,-5.0,-35.0
1776887977.817103,-5.0,-4.0,-42.0
1776887977.827103,-3.0,-3.0,-47.0
1776887977.837103,-6.0,-6.0,-47.0
1776887977.8471026,-4.0,-4.0,-48.0
1776887977.8571026,-7.0,-3.0,-38.0
1776887977.8671026,-10.0,-6.0,-41.0
1776887977.8771029,-4.0,-9.0,-46.0
1776887977.8871028,-4.0,-6.0,-40.0
1776887977.8971028,-3.0,-6.0,-42.0
1776887977.9071028,-2.0,-2.0,-38.0
1776887977.9171028,-3.0,-2.0,-36.0
1776887977.9271028,-2.0,-1.0,-39.0
1776887977.9371028,-4.0,-2.0,-45.0
1776887977.9471028,-2.0,-2.0,-49.0
1776887977.9571028,0.0,-5.0,-43.0
1776887977.9671028,0.0,-3.0,-39.0
1776887977.9771028,5.0,-1.0,-33.0
1776887977.9871027,3.0,-2.0,-31.0
1776887977.9971027,2.0,-6.0,-27.0
1776887978.0071027,1.0,0.0,-27.0
1776887978.0171027,4.0,0.0,-22.0
1776887978.0271027,5.0,-1.0,-17.0
1776887978.0371027,2.0,-2.0,-18.0
1776887978.0471027,0.0,1.0,-19.0
1776887978.057103,-2.0,0.0,-22.0
1776887978.067103,-3.0,0.0,-32.0
1776887978.077103,-3.0,0.0,-37.0
1776887978.087103,-1.0,-1.0,-41.0
1776887978.0971026,0.0,1.0,-38.0
1776887978.1071026,-2.0,0.0,-31.0
1776887978.1171026,-1.0,0.0,-23.0
1776887978.1271029,1.0,-2.0,-34.0
1776887978.1371028,3.0,1.0,-36.0
1776887978.1471028,0.0,0.0,-41.0
1776887978.1571028,0.0,0.0,-34.0
1776887978.1671028,0.0,-1.0,-34.0
1776887978.1771028,1.0,-1.0,-33.0
1776887978.1871028,2.0,2.0,-35.0
1776887978.1971028,5.0,0.0,-40.0
1776887978.2071028,4.0,0.0,-34.0
1776887978.2171028,10.0,-1.0,-34.0
1776887978.2271028,10.0,-1.0,-32.0
1776887978.2371027,5.0,-3.0,-33.0
1776887978.2471027,3.0,2.0,-29.0
1776887978.2571027,2.0,5.0,-30.0
1776887978.2671027,7.0,6.0,-30.0
1776887978.2771027,6.0,4.0,-23.0
1776887978.2871027,1.0,0.0,-27.0
1776887978.2971027,-2.0,1.0,-27.0
1776887978.307103,-4.0,3.0,-26.0
1776887978.317103,-2.0,1.0,-31.0
1776887978.327103,-1.0,0.0,-27.0
1776887978.337103,2.0,0.0,-30.0
1776887978.3471026,0.0,-1.0,-33.0
1776887978.3571026,1.0,-1.0,-33.0
1776887978.3671026,6.0,0.0,-26.0
1776887978.3771029,5.0,-4.0,-28.0
1776887978.3871028,6.0,-4.0,-27.0
1776887978.3971028,0.0,-2.0,-28.0
1776887978.4071028,-2.0,0.0,-25.0
1776887978.4171028,-1.0,3.0,-29.0
1776887978.4271028,0.0,1.0,-27.0
1776887978.4371028,0.0,1.0,-29.0
1776887978.4471028,0.0,4.0,-28.0
1776887978.4571028,2.0,5.0,-32.0
1776887978.4671028,0.0,2.0,-37.0
1776887978.4771028,1.0,0.0,-40.0
1776887978.4871027,2.0,0.0,-43.0
1776887978.4971027,4.0,0.0,-41.0
1776887978.5071027,5.0,2.0,-34.0
1776887978.5171027,2.0,4.0,-38.0
1776887978.5271027,1.0,4.0,-34.0
1776887978.5371027,3.0,5.0,-36.0
1776887978.5471027,6.0,1.0,-29.0
1776887978.557103,6.0,-1.0,-24.0
1776887978.567103,7.0,-1.0,-27.0
1776887978.577103,12.0,-3.0,-30.0
1776887978.5881028,9.0,-4.0,-30.0
1776887978.5981028,4.0,-2.0,-37.0
1776887978.6081028,4.0,-5.0,-37.0
1776887978.6181028,3.0,-9.0,-36.0
1776887978.6281028,4.0,-4.0,-37.0
1776887978.6381028,1.0,-4.0,-41.0
1776887978.6481028,3.0,-4.0,-36.0
1776887978.6581028,1.0,-2.0,-40.0
1776887978.6681027,1.0,-2.0,-39.0
1776887978.6781027,3.0,-3.0,-41.0
1776887978.6881027,2.0,-2.0,-40.0
1776887978.6981027,2.0,-2.0,-33.0
1776887978.7081027,1.0,-5.0,-25.0
1776887978.7181027,1.0,-4.0,-28.0
1776887978.7281027,0.0,-2.0,-24.0
1776887978.738103,-2.0,-4.0,-28.0
1776887978.748103,0.0,-7.0,-34.0
1776887978.758103,2.0,-8.0,-34.0
1776887978.7681026,6.0,-7.0,-35.0
1776887978.7781026,10.0,-7.0,-33.0
1776887978.7881026,10.0,-5.0,-34.0
1776887978.7981029,9.0,-3.0,-26.0
1776887978.8081028,0.0,-1.0,-26.0
1776887978.8181028,-1.0,-4.0,-36.0
1776887978.8281028,-1.0,-5.0,-38.0
1776887978.8381028,1.0,-3.0,-36.0
1776887978.8481028,1.0,-3.0,-29.0
1776887978.8581028,3.0,-4.0,-30.0
1776887978.8681028,2.0,-6.0,-30.0
1776887978.8781028,2.0,-5.0,-33.0
1776887978.8881028,1.0,-4.0,-32.0
1776887978.8981028,5.0,-6.0,-32.0
1776887978.9081028,3.0,-3.0,-31.0
1776887978.9181027,4.0,-6.0,-27.0
1776887978.9281027,4.0,-4.0,-26.0
1776887978.9381027,5.0,-4.0,-28.0
1776887978.9481027,9.0,-4.0,-32.0
1776887978.9581027,9.0,0.0,-33.0
1776887978.9681027,5.0,1.0,-34.0
1776887978.9781027,2.0,1.0,-34.0
1776887978.988103,2.0,1.0,-31.0
1776887978.998103,2.0,0.0,-31.0
1776887979.008103,-3.0,-4.0,-36.0
1776887979.0181026,-5.0,-8.0,-40.0
1776887979.0281026,-8.0,-6.0,-39.0
1776887979.0381026,-5.0,-5.0,-33.0
1776887979.0481029,-3.0,-8.0,-35.0
1776887979.0581028,-1.0,-10.0,-31.0
1776887979.0681028,1.0,-6.0,-33.0
1776887979.0781028,4.0,-3.0,-34.0
1776887979.0881028,1.0,-1.0,-33.0
1776887979.0981028,0.0,6.0,-36.0
1776887979.1081028,1.0,5.0,-34.0
1776887979.1181028,2.0,0.0,-33.0
1776887979.1281028,7.0,-2.0,-36.0
1776887979.1381028,6.0,-2.0,-28.0
1776887979.1481028,6.0,0.0,-29.0
1776887979.1581028,4.0,0.0,-28.0
1776887979.1681027,4.0,1.0,-23.0
1776887979.1781027,6.0,2.0,-24.0
1776887979.1881027,5.0,3.0,-30.0
1776887979.1981027,4.0,2.0,-37.0
1776887979.2081027,5.0,-4.0,-38.0
1776887979.2181027,4.0,-1.0,-43.0
1776887979.2281027,3.0,1.0,-41.0
1776887979.238103,2.0,0.0,-41.0
1776887979.248103,0.0,0.0,-43.0
1776887979.258103,-3.0,-3.0,-47.0
1776887979.2681026,-5.0,-4.0,-42.0
1776887979.2781026,-4.0,-1.0,-41.0
1776887979.2881026,-1.0,-1.0,-35.0
1776887979.2981029,-2.0,-5.0,-40.0
1776887979.3081028,-5.0,-3.0,-39.0
1776887979.3181028,0.0,0.0,-38.0
1776887979.3281028,-1.0,-1.0,-36.0
1776887979.3381028,3.0,-1.0,-35.0
1776887979.3481028,2.0,0.0,-32.0
1776887979.3581028,3.0,0.0,-29.0
1776887979.3681028,3.0,-4.0,-23.0
1776887979.3781028,3.0,-10.0,-23.0
1776887979.3881028,0.0,-6.0,-22.0
1776887979.3981028,2.0,-4.0,-29.0
1776887979.4081028,-2.0,-5.0,-32.0
1776887979.4181027,2.0,-5.0,-31.0
1776887979.4281027,1.0,-4.0,-35.0
1776887979.4381027,-1.0,-6.0,-38.0
1776887979.4481027,-3.0,-7.0,-32.0
1776887979.4581027,-5.0,-5.0,-32.0
1776887979.4681027,-4.0,-5.0,-37.0
1776887979.4781027,-1.0,0.0,-38.0
1776887979.488103,2.0,6.0,-44.0
1776887979.498103,-3.0,6.0,-40.0
1776887979.508103,0.0,3.0,-39.0
1776887979.5181026,2.0,0.0,-36.0
1776887979.5281026,0.0,2.0,-38.0
1776887979.5381026,3.0,1.0,-34.0
1776887979.5481029,3.0,2.0,-39.0
1776887979.5581028,3.0,6.0,-36.0
1776887979.5681028,4.0,3.0,-27.0
1776887979.5781028,4.0,6.0,-27.0
1776887979.5881028,5.0,6.0,-31.0
1776887979.5981028,11.0,0.0,-31.0
1776887979.6081028,11.0,4.0,-36.0
1776887979.6181028,5.0,5.0,-40.0
1776887979.6281028,3.0,1.0,-37.0
1776887979.6381028,1.0,0.0,-32.0
1776887979.6481028,2.0,0.0,-32.0
1776887979.6581028,0.0,0.0,-27.0
1776887979.6681027,0.0,0.0,-31.0
1776887979.6781027,0.0,-4.0,-29.0
1776887979.6881027,2.0,-5.0,-33.0
1776887979.6981027,1.0,-1.0,-34.0
1776887979.7081027,0.0,-2.0,-38.0
1776887979.7181027,5.0,0.0,-48.0
1776887979.7281027,10.0,1.0,-43.0
1776887979.738103,6.0,2.0,-37.0
1776887979.748103,7.0,1.0,-36.0
1776887979.758103,6.0,-2.0,-32.0
1776887979.7681026,1.0,-1.0,-36.0
1776887979.7781026,0.0,-5.0,-34.0
1776887979.7881026,4.0,-4.0,-34.0
1776887979.7981029,5.0,0.0,-29.0
1776887979.8081028,4.0,-1.0,-29.0
1776887979.8181028,2.0,0.0,-28.0
1776887979.8281028,2.0,-2.0,-32.0
1776887979.8381028,-3.0,-4.0,-28.0
1776887979.8481028,0.0,-3.0,-30.0
1776887979.8581028,-2.0,-1.0,-32.0
1776887979.8681028,-1.0,0.0,-30.0
1776887979.8781028,-2.0,2.0,-30.0
1776887979.8881028,0.0,1.0,-33.0
1776887979.8981028,-2.0,-3.0,-34.0
1776887979.9081028,-1.0,0.0,-38.0
1776887979.9181027,1.0,-1.0,-37.0
1776887979.9281027,1.0,-1.0,-39.0
1776887979.9381027,3.0,-2.0,-49.0
1776887979.9481027,0.0,-1.0,-48.0
1776887979.9581027,-1.0,-3.0,-45.0
1776887979.9681027,1.0,-3.0,-41.0
1776887979.9781027,0.0,-6.0,-33.0
1776887979.988103,0.0,-4.0,-36.0
1776887979.998103,1.0,-4.0,-41.0
1776887980.008103,-3.0,-3.0,-35.0
1776887980.0181026,-4.0,-1.0,-32.0
1776887980.0281026,-3.0,0.0,-30.0
1776887980.0381026,-3.0,-2.0,-31.0
1776887980.0481029,-1.0,-2.0,-28.0
1776887980.0581028,-2.0,-5.0,-28.0
1776887980.0681028,-4.0,-6.0,-37.0
1776887980.0781028,2.0,-4.0,-39.0
1776887980.0881028,1.0,0.0,-35.0
1776887980.0981028,4.0,3.0,-34.0
1776887980.1081028,5.0,2.0,-39.0
1776887980.1181028,7.0,2.0,-42.0
1776887980.1281028,5.0,0.0,-41.0
1776887980.1381028,4.0,0.0,-38.0
1776887980.1481028,8.0,1.0,-36.0
1776887980.1581028,10.0,4.0,-34.0
1776887980.1681027,8.0,3.0,-33.0
1776887980.1781027,2.0,-2.0,-30.0
1776887980.1881027,4.0,0.0,-27.0
1776887980.1981027,2.0,1.0,-33.0
1776887980.2081027,4.0,2.0,-31.0
1776887980.2181027,0.0,1.0,-32.0
1776887980.2281027,-3.0,-1.0,-33.0
1776887980.238103,-7.0,-2.0,-32.0
1776887980.248103,-2.0,-2.0,-34.0
1776887980.258103,-4.0,-5.0,-35.0
1776887980.2681026,-6.0,-4.0,-41.0
1776887980.2781026,-3.0,-2.0,-45.0
1776887980.2881026,0.0,-5.0,-40.0
1776887980.2981029,4.0,-7.0,-42.0
1776887980.3081028,2.0,-3.0,-39.0
1776887980.3181028,-2.0,0.0,-40.0
1776887980.3281028,-3.0,2.0,-43.0
1776887980.3381028,-8.0,0.0,-43.0
1776887980.3481028,-3.0,2.0,-46.0
1776887980.3581028,0.0,6.0,-44.0
1776887980.3681028,-1.0,4.0,-39.0
1776887980.3781028,-1.0,6.0,-38.0
1776887980.3881028,-3.0,5.0,-38.0
1776887980.3981028,3.0,3.0,-38.0
1776887980.4081028,2.0,1.0,-32.0
1776887980.4181027,8.0,-1.0,-36.0
1776887980.4281027,3.0,-1.0,-34.0
1776887980.4381027,2.0,-2.0,-34.0
1776887980.4481027,4.0,-3.0,-31.0
1776887980.4581027,1.0,-3.0,-30.0
1776887980.4681027,-4.0,0.0,-37.0
1776887980.4781027,-5.0,0.0,-41.0
1776887980.488103,0.0,0.0,-42.0
1776887980.498103,4.0,-4.0,-40.0
1776887980.508103,4.0,1.0,-36.0
1776887980.5181026,2.0,2.0,-44.0
1776887980.5281026,0.0,0.0,-39.0
1776887980.5381026,-6.0,0.0,-42.0
1776887980.5481029,-4.0,4.0,-36.0
1776887980.5581028,0.0,0.0,-35.0
1776887980.5681028,1.0,1.0,-35.0
1776887980.5781028,5.0,0.0,-36.0
1776887980.5891027,6.0,2.0,-37.0
1776887980.5991027,5.0,-2.0,-32.0
1776887980.6091027,5.0,-6.0,-30.0
1776887980.6191027,5.0,-2.0,-30.0
1776887980.6291027,6.0,-5.0,-23.0
1776887980.6391027,3.0,-6.0,-27.0
1776887980.6491027,5.0,-5.0,-29.0
1776887980.659103,7.0,-6.0,-27.0
1776887980.669103,4.0,-7.0,-33.0
1776887980.679103,2.0,-1.0,-40.0
1776887980.6891026,5.0,0.0,-38.0
1776887980.6991026,4.0,0.0,-33.0
1776887980.7091026,6.0,0.0,-34.0
1776887980.7191026,3.0,-3.0,-37.0
1776887980.7291028,1.0,-5.0,-29.0
1776887980.7391028,1.0,-5.0,-28.0
1776887980.7491028,2.0,-10.0,-28.0
1776887980.7591028,0.0,-11.0,-32.0
1776887980.7691028,2.0,-11.0,-32.0
1776887980.7791028,2.0,-8.0,-37.0
1776887980.7891028,0.0,-4.0,-41.0
1776887980.7991028,5.0,0.0,-39.0
1776887980.8091028,2.0,0.0,-41.0
1776887980.8191028,1.0,2.0,-38.0
1776887980.8301027,2.0,1.0,-30.0
1776887980.8391027,0.0,-1.0,-29.0
1776887980.8491027,0.0,0.0,-23.0
1776887980.8591027,1.0,-2.0,-26.0
1776887980.8691027,1.0,0.0,-25.0
1776887980.8791027,0.0,0.0,-27.0
1776887980.8891027,-4.0,-4.0,-31.0
1776887980.8991027,-3.0,-4.0,-31.0
1776887980.909103,-3.0,-5.0,-35.0
1776887980.919103,-1.0,-3.0,-31.0
1776887980.929103,-2.0,-1.0,-30.0
1776887980.9391026,-3.0,-7.0,-33.0
1776887980.9491026,-5.0,-7.0,-31.0
1776887980.9591026,-2.0,-6.0,-28.0
1776887980.9691026,-4.0,-6.0,-23.0
1776887980.9791028,-1.0,-4.0,-22.0
1776887980.9891028,0.0,-3.0,-24.0
1776887980.9991028,-3.0,0.0,-24.0
1776887981.0091028,-2.0,-3.0,-27.0
1776887981.0191028,-1.0,-5.0,-34.0
1776887981.0291028,0.0,-6.0,-38.0
1776887981.0391028,1.0,-6.0,-40.0
1776887981.0491028,1.0,-7.0,-36.0
1776887981.0591028,4.0,-7.0,-34.0
1776887981.0691028,3.0,-3.0,-28.0
1776887981.0791028,0.0,-2.0,-27.0
1776887981.0891027,-6.0,-1.0,-28.0
1776887981.0991027,-8.0,2.0,-28.0
1776887981.1091027,-5.0,0.0,-27.0
1776887981.1191027,0.0,3.0,-30.0
1776887981.1291027,-1.0,0.0,-32.0
1776887981.1391027,0.0,2.0,-24.0
1776887981.1491027,-1.0,3.0,-28.0
1776887981.159103,-4.0,2.0,-28.0
1776887981.169103,-2.0,1.0,-29.0
1776887981.179103,0.0,-3.0,-41.0
1776887981.1891026,-1.0,-4.0,-41.0
1776887981.1991026,-2.0,-1.0,-39.0
1776887981.2091026,0.0,0.0,-44.0
1776887981.2191026,0.0,-2.0,-43.0
1776887981.2291028,1.0,-2.0,-41.0
1776887981.2391028,1.0,-1.0,-37.0
1776887981.2491028,0.0,0.0,-35.0
1776887981.2591028,-1.0,0.0,-30.0
1776887981.2691028,2.0,2.0,-37.0
1776887981.2791028,0.0,5.0,-41.0
1776887981.2891028,0.0,3.0,-38.0
1776887981.2991028,-4.0,1.0,-35.0
1776887981.3091028,-6.0,0.0,-36.0
1776887981.3191028,-1.0,-5.0,-37.0
1776887981.3291028,-4.0,-5.0,-39.0
1776887981.3391027,-8.0,-4.0,-42.0
1776887981.3491027,-7.0,-2.0,-37.0
1776887981.3591027,-3.0,0.0,-36.0
1776887981.3691027,0.0,0.0,-37.0
1776887981.3791027,-2.0,-4.0,-35.0
1776887981.3891027,-2.0,-9.0,-32.0
1776887981.3991027,-3.0,-8.0,-28.0
1776887981.409103,-6.0,-9.0,-28.0
1776887981.419103,-8.0,-5.0,-27.0
1776887981.429103,-6.0,-5.0,-33.0
1776887981.4391026,-3.0,-4.0,-28.0
1776887981.4491026,-4.0,-6.0,-30.0
1776887981.4591026,-4.0,-2.0,-28.0
1776887981.4691026,-3.0,0.0,-26.0
1776887981.4791028,-4.0,1.0,-32.0
1776887981.4891028,-3.0,0.0,-36.0
1776887981.4991028,1.0,0.0,-40.0
1776887981.5091028,-1.0,-2.0,-36.0
1776887981.5191028,0.0,-2.0,-35.0
1776887981.5291028,2.0,-1.0,-31.0
1776887981.5391028,2.0,0.0,-34.0
1776887981.5491028,-3.0,1.0,-33.0
1776887981.5591028,-3.0,-2.0,-33.0
1776887981.5691028,-4.0,-1.0,-38.0
1776887981.5791028,-5.0,-2.0,-35.0
1776887981.5891027,-7.0,0.0,-34.0
1776887981.5991027,-5.0,0.0,-32.0
1776887981.6091027,-4.0,-1.0,-35.0
1776887981.6191027,-5.0,-2.0,-41.0
1776887981.6291027,-3.0,-6.0,-41.0
1776887981.6391027,-1.0,-5.0,-37.0
1776887981.6491027,1.0,-2.0,-35.0
1776887981.659103,4.0,-1.0,-32.0
1776887981.669103,0.0,0.0,-33.0
1776887981.679103,0.0,4.0,-36.0
1776887981.6891026,1.0,3.0,-38.0
1776887981.6991026,0.0,0.0,-28.0
1776887981.7091026,-1.0,1.0,-35.0
1776887981.7191026,2.0,1.0,-39.0
1776887981.7291028,5.0,2.0,-32.0
1776887981.7391028,12.0,0.0,-23.0
1776887981.7491028,9.0,1.0,-23.0
1776887981.7591028,4.0,0.0,-29.0
1776887981.7691028,8.0,5.0,-26.0
1776887981.7791028,11.0,6.0,-24.0
1776887981.7891028,8.0,0.0,-32.0
1776887981.7991028,2.0,1.0,-34.0
1776887981.8091028,-2.0,-1.0,-29.0
1776887981.8191028,-1.0,2.0,-28.0
1776887981.8291028,-1.0,2.0,-33.0
1776887981.8391027,-1.0,3.0,-34.0
1776887981.8491027,0.0,1.0,-39.0
1776887981.8591027,-2.0,-1.0,-41.0
1776887981.8691027,-2.0,3.0,-40.0
1776887981.8791027,1.0,3.0,-43.0
1776887981.8891027,3.0,0.0,-39.0
1776887981.8991027,0.0,-3.0,-32.0
1776887981.909103,5.0,-1.0,-33.0
1776887981.919103,5.0,0.0,-32.0
1776887981.929103,4.0,3.0,-35.0
1776887981.9391026,3.0,1.0,-37.0
1776887981.9491026,3.0,1.0,-33.0
1776887981.9591026,1.0,0.0,-38.0
1776887981.9691026,5.0,2.0,-42.0
1776887981.9791028,4.0,-1.0,-44.0
1776887981.9891028,2.0,-6.0,-49.0
1776887981.9991028,0.0,-7.0,-47.0
1776887982.0091028,1.0,-8.0,-41.0
1776887982.0191028,3.0,-4.0,-39.0
1776887982.0291028,5.0,-1.0,-35.0
1776887982.0391028,9.0,-1.0,-37.0
1776887982.0491028,9.0,2.0,-38.0
1776887982.0591028,4.0,4.0,-37.0
1776887982.0691028,5.0,5.0,-34.0
1776887982.0791028,5.0,0.0,-35.0
1776887982.0891027,8.0,-2.0,-33.0
1776887982.0991027,6.0,0.0,-29.0
1776887982.1091027,9.0,-2.0,-27.0
1776887982.1191027,8.0,0.0,-29.0
1776887982.1291027,3.0,-3.0,-25.0
1776887982.1391027,-1.0,-6.0,-31.0
1776887982.1491027,-1.0,-7.0,-34.0
1776887982.159103,0.0,-6.0,-26.0
1776887982.169103,0.0,-3.0,-21.0
1776887982.179103,-1.0,1.0,-29.0
1776887982.1891026,-2.0,2.0,-33.0
1776887982.1991026,1.0,1.0,-33.0
1776887982.2091026,6.0,0.0,-33.0
1776887982.2191026,3.0,-3.0,-33.0
1776887982.2291028,-1.0,-3.0,-39.0
1776887982.2391028,-3.0,0.0,-44.0
1776887982.2491028,0.0,1.0,-37.0
1776887982.2591028,-6.0,-1.0,-37.0
1776887982.2691028,-4.0,-2.0,-36.0
1776887982.2791028,-8.0,0.0,-30.0
1776887982.2891028,-10.0,0.0,-33.0
1776887982.2991028,-6.0,0.0,-35.0
1776887982.3091028,-2.0,-1.0,-36.0
1776887982.3191028,0.0,-1.0,-33.0
1776887982.3291028,2.0,0.0,-30.0
1776887982.3391027,0.0,-2.0,-33.0
1776887982.3491027,2.0,-2.0,-35.0
1776887982.3591027,5.0,-1.0,-32.0
1776887982.3691027,4.0,-5.0,-29.0
1776887982.3791027,5.0,-5.0,-32.0
1776887982.3891027,8.0,-7.0,-33.0
1776887982.3991027,5.0,-10.0,-41.0
1776887982.409103,4.0,-10.0,-46.0
1776887982.419103,0.0,-7.0,-41.0
1776887982.429103,0.0,-4.0,-34.0
1776887982.4391026,1.0,-3.0,-35.0
1776887982.4491026,1.0,0.0,-34.0
1776887982.4591026,-1.0,0.0,-37.0
1776887982.4691026,-2.0,-1.0,-37.0
1776887982.4791028,0.0,0.0,-37.0
1776887982.4891028,1.0,0.0,-38.0
1776887982.4991028,4.0,-3.0,-44.0
1776887982.5091028,0.0,-5.0,-43.0
1776887982.5191028,1.0,1.0,-39.0
1776887982.5291028,2.0,3.0,-47.0
1776887982.5401027,0.0,2.0,-48.0
1776887982.5491028,-6.0,-1.0,-43.0
1776887982.5591028,-5.0,-2.0,-37.0
1776887982.5701027,-3.0,-3.0,-33.0
1776887982.5801027,0.0,-5.0,-27.0
1776887982.590103,-3.0,-5.0,-32.0
1776887982.600103,0.0,-3.0,-30.0
1776887982.610103,1.0,-1.0,-34.0
1776887982.6201026,-3.0,0.0,-34.0
1776887982.6301026,-3.0,3.0,-36.0
1776887982.6401026,-5.0,3.0,-34.0
1776887982.6501029,-3.0,0.0,-33.0
1776887982.6601028,-8.0,-4.0,-32.0
1776887982.6701028,-5.0,1.0,-37.0
1776887982.6801028,-7.0,0.0,-40.0
1776887982.6901028,-1.0,0.0,-38.0
1776887982.7001028,0.0,0.0,-35.0
1776887982.7101028,0.0,1.0,-39.0
1776887982.7201028,-3.0,3.0,-38.0
1776887982.7301028,-4.0,1.0,-38.0
1776887982.7401028,0.0,0.0,-38.0
1776887982.7501028,-3.0,1.0,-38.0
1776887982.7601027,-3.0,1.0,-33.0
1776887982.7701027,1.0,1.0,-38.0
1776887982.7801027,1.0,-2.0,-36.0
1776887982.7901027,3.0,-3.0,-37.0
1776887982.8001027,7.0,-3.0,-33.0
1776887982.8101027,8.0,-4.0,-38.0
1776887982.8201027,1.0,-3.0,-35.0
1776887982.8301027,-1.0,-6.0,-32.0
1776887982.840103,-3.0,-6.0,-28.0
1776887982.850103,-4.0,-11.0,-31.0
1776887982.860103,-3.0,-11.0,-29.0
1776887982.8701026,-3.0,-7.0,-29.0
1776887982.8801026,0.0,0.0,-35.0
1776887982.8901026,0.0,0.0,-33.0
1776887982.9001029,-3.0,0.0,-36.0
1776887982.9101028,2.0,-2.0,-29.0
1776887982.9201028,-1.0,-4.0,-31.0
1776887982.9301028,1.0,-6.0,-36.0
1776887982.9401028,0.0,-7.0,-33.0
1776887982.9501028,1.0,-6.0,-34.0
1776887982.9601028,-2.0,-3.0,-33.0
1776887982.9701028,-1.0,0.0,-35.0
1776887982.9801028,3.0,0.0,-41.0
1776887982.9901028,3.0,4.0,-38.0
1776887983.0001028,2.0,0.0,-33.0
1776887983.0101027,3.0,-4.0,-39.0
1776887983.0201027,2.0,-5.0,-43.0
1776887983.0301027,8.0,-1.0,-45.0
1776887983.0401027,7.0,4.0,-47.0
1776887983.0501027,7.0,6.0,-48.0
1776887983.0601027,5.0,6.0,-47.0
1776887983.0701027,9.0,4.0,-49.0
1776887983.0801027,13.0,4.0,-42.0
1776887983.090103,14.0,1.0,-41.0
1776887983.100103,13.0,3.0,-33.0
1776887983.110103,12.0,6.0,-32.0
1776887983.1201026,7.0,7.0,-34.0
1776887983.1301026,9.0,4.0,-31.0
1776887983.1401026,10.0,5.0,-25.0
1776887983.1501029,9.0,7.0,-28.0
1776887983.1601028,8.0,5.0,-33.0
1776887983.1701028,7.0,8.0,-32.0
1776887983.1801028,5.0,7.0,-33.0
1776887983.1901028,6.0,6.0,-34.0
1776887983.2001028,5.0,6.0,-40.0
1776887983.2101028,4.0,6.0,-42.0
1776887983.2201028,3.0,3.0,-43.0
1776887983.2301028,2.0,3.0,-39.0
1776887983.2401028,-1.0,6.0,-37.0
1776887983.2501028,0.0,10.0,-35.0
1776887983.2601027,-3.0,9.0,-37.0
1776887983.2701027,-3.0,4.0,-42.0
1776887983.2801027,-1.0,4.0,-40.0
1776887983.2901027,0.0,2.0,-46.0
1776887983.3001027,-1.0,-3.0,-43.0
1776887983.3101027,-4.0,-2.0,-43.0
1776887983.3201027,3.0,0.0,-46.0
1776887983.3301027,0.0,-3.0,-47.0
1776887983.340103,-2.0,0.0,-46.0
1776887983.350103,-3.0,-2.0,-44.0
1776887983.360103,0.0,-2.0,-38.0
1776887983.3701026,1.0,-5.0,-34.0
1776887983.3801026,0.0,-5.0,-37.0
1776887983.3901026,-1.0,0.0,-38.0
1776887983.4001029,0.0,0.0,-31.0
1776887983.4101028,0.0,0.0,-32.0
1776887983.4201028,2.0,-1.0,-32.0
1776887983.4301028,3.0,-1.0,-31.0
1776887983.4401028,4.0,-1.0,-38.0
1776887983.4501028,5.0,-3.0,-45.0
1776887983.4601028,0.0,-5.0,-47.0
1776887983.4701028,2.0,-5.0,-43.0
1776887983.4801028,0.0,-4.0,-44.0
1776887983.4901028,0.0,-6.0,-44.0
1776887983.5001028,-5.0,-5.0,-53.0
1776887983.5101027,0.0,-5.0,-56.0
1776887983.5201027,-2.0,-3.0,-52.0
1776887983.5301027,-1.0,-5.0,-45.0
1776887983.5401027,0.0,-8.0,-45.0
1776887983.5501027,0.0,-8.0,-43.0
1776887983.5601027,0.0,-7.0,-45.0
1776887983.5701027,0.0,-6.0,-39.0
1776887983.5801027,3.0,-5.0,-39.0
1776887983.590103,0.0,-7.0,-43.0
1776887983.600103,0.0,-7.0,-45.0
1776887983.610103,0.0,-5.0,-40.0
1776887983.6201026,0.0,-2.0,-38.0
1776887983.6301026,1.0,0.0,-36.0
1776887983.6401026,3.0,4.0,-30.0
1776887983.6501029,3.0,3.0,-24.0
1776887983.6601028,1.0,5.0,-32.0
1776887983.6701028,-4.0,4.0,-33.0
1776887983.6801028,-4.0,3.0,-38.0
1776887983.6901028,-1.0,0.0,-41.0
1776887983.7001028,1.0,-1.0,-38.0
1776887983.7101028,1.0,-4.0,-29.0
1776887983.7201028,3.0,-5.0,-38.0
1776887983.7301028,3.0,-4.0,-41.0
1776887983.7401028,1.0,-3.0,-43.0
1776887983.7501028,3.0,-4.0,-41.0
1776887983.7601027,4.0,-3.0,-35.0
1776887983.7701027,2.0,-1.0,-37.0
1776887983.7801027,0.0,-5.0,-33.0
1776887983.7901027,-2.0,-6.0,-30.0
1776887983.8001027,-2.0,-6.0,-29.0
1776887983.8101027,-1.0,-3.0,-29.0
1776887983.8201027,0.0,0.0,-31.0
1776887983.8301027,1.0,0.0,-31.0
1776887983.840103,4.0,-4.0,-31.0
1776887983.850103,4.0,-4.0,-33.0
1776887983.860103,0.0,-4.0,-31.0
1776887983.8701026,0.0,-3.0,-31.0
1776887983.8801026,-1.0,-3.0,-29.0
1776887983.8901026,4.0,4.0,-34.0
1776887983.9001029,2.0,3.0,-31.0
1776887983.9101028,2.0,0.0,-31.0
1776887983.9201028,2.0,-3.0,-39.0
1776887983.9301028,-1.0,0.0,-40.0
1776887983.9401028,0.0,-1.0,-36.0
1776887983.9501028,0.0,-2.0,-35.0
1776887983.9601028,4.0,-3.0,-34.0
1776887983.9701028,3.0,-2.0,-32.0
1776887983.9801028,1.0,-1.0,-30.0
1776887983.9901028,-2.0,-2.0,-33.0
1776887984.0001028,-5.0,0.0,-32.0
1776887984.0101027,-7.0,0.0,-32.0
1776887984.0201027,-6.0,-2.0,-40.0
1776887984.0301027,-6.0,-4.0,-45.0
1776887984.0401027,-4.0,-4.0,-43.0
1776887984.0501027,-9.0,-5.0,-40.0
1776887984.0601027,-7.0,-4.0,-31.0
1776887984.0701027,-1.0,0.0,-32.0
1776887984.0801027,-2.0,0.0,-29.0
1776887984.090103,0.0,2.0,-29.0
1776887984.100103,2.0,-3.0,-33.0
1776887984.110103,0.0,-5.0,-37.0
1776887984.1201026,0.0,-7.0,-42.0
1776887984.1301026,-2.0,-9.0,-36.0
1776887984.1401026,-1.0,-9.0,-37.0
1776887984.1501029,-2.0,-4.0,-40.0
1776887984.1601028,0.0,-2.0,-31.0
1776887984.1701028,-3.0,0.0,-22.0
1776887984.1801028,0.0,-1.0,-24.0
1776887984.1901028,-2.0,0.0,-27.0
1776887984.2001028,2.0,0.0,-30.0
1776887984.2101028,4.0,0.0,-35.0
1776887984.2201028,4.0,-1.0,-32.0
1776887984.2301028,0.0,-3.0,-30.0
1776887984.2401028,-2.0,-2.0,-31.0
1776887984.2501028,-6.0,-1.0,-31.0
1776887984.2601027,-7.0,0.0,-33.0
1776887984.2701027,-6.0,0.0,-28.0
1776887984.2801027,-11.0,0.0,-30.0
1776887984.2901027,-12.0,-2.0,-35.0
1776887984.3001027,-10.0,-9.0,-37.0
1776887984.3101027,-5.0,-4.0,-33.0
1776887984.3201027,-7.0,-6.0,-39.0
1776887984.3301027,-5.0,-8.0,-40.0
1776887984.340103,-5.0,-2.0,-42.0
1776887984.350103,-2.0,-6.0,-40.0
1776887984.360103,-6.0,0.0,-31.0
1776887984.3701026,-8.0,3.0,-33.0
1776887984.3801026,-4.0,9.0,-35.0
1776887984.3901026,-3.0,10.0,-38.0
1776887984.4001029,-1.0,8.0,-32.0
1776887984.4101028,-2.0,5.0,-39.0
1776887984.4201028,2.0,-4.0,-40.0
1776887984.4301028,3.0,-1.0,-45.0
1776887984.4401028,5.0,1.0,-42.0
1776887984.4501028,1.0,2.0,-38.0
1776887984.4601028,1.0,4.0,-35.0
1776887984.4701028,3.0,1.0,-34.0
1776887984.4801028,3.0,0.0,-33.0
1776887984.4901028,3.0,-1.0,-30.0
1776887984.5001028,1.0,-4.0,-32.0
1776887984.5101027,0.0,-5.0,-31.0
1776887984.5201027,0.0,-2.0,-33.0
1776887984.5301027,-3.0,-3.0,-38.0
1776887984.5401027,-2.0,-5.0,-34.0
1776887984.5501027,0.0,-3.0,-35.0
1776887984.5611026,3.0,-3.0,-38.0
1776887984.5701027,-3.0,-1.0,-38.0
1776887984.5811028,-4.0,0.0,-37.0
1776887984.5911028,0.0,-2.0,-34.0
1776887984.6011028,1.0,-2.0,-31.0
1776887984.610103,3.0,-7.0,-27.0
1776887984.6211028,5.0,-5.0,-27.0
1776887984.6311028,0.0,0.0,-28.0
1776887984.6411028,0.0,0.0,-31.0
1776887984.6511028,-1.0,-1.0,-36.0
1776887984.6611028,-2.0,0.0,-28.0
1776887984.6711028,-2.0,0.0,-34.0
1776887984.6811028,-1.0,-1.0,-39.0
1776887984.6911027,0.0,-1.0,-34.0
1776887984.7011027,3.0,0.0,-35.0
1776887984.7111027,1.0,2.0,-34.0
1776887984.7211027,3.0,2.0,-35.0
1776887984.7311027,5.0,-1.0,-36.0
1776887984.7411027,0.0,-3.0,-32.0
1776887984.7511027,0.0,-1.0,-30.0
1776887984.761103,-2.0,0.0,-28.0
1776887984.771103,-2.0,0.0,-29.0
1776887984.781103,-3.0,1.0,-29.0
1776887984.7911026,-3.0,1.0,-35.0
1776887984.8011026,1.0,0.0,-41.0
1776887984.8111026,0.0,1.0,-46.0
1776887984.8211029,-5.0,1.0,-47.0
1776887984.8311028,-12.0,2.0,-45.0
1776887984.8411028,-7.0,0.0,-47.0
1776887984.8511028,-2.0,-1.0,-45.0
1776887984.8611028,-3.0,-1.0,-43.0
1776887984.8711028,-3.0,-1.0,-36.0
1776887984.8811028,-1.0,-2.0,-31.0
1776887984.8911028,-1.0,-1.0,-27.0
1776887984.9011028,2.0,-4.0,-26.0
1776887984.9111028,0.0,-6.0,-30.0
1776887984.9211028,-1.0,-10.0,-31.0
1776887984.9311028,0.0,-10.0,-35.0
1776887984.9411027,1.0,-10.0,-33.0
1776887984.9511027,-2.0,-5.0,-31.0
1776887984.9611027,-5.0,-7.0,-32.0
1776887984.9711027,-4.0,-6.0,-41.0
1776887984.9811027,-4.0,-7.0,-38.0
1776887984.9911027,-6.0,-4.0,-36.0
1776887985.0011027,-6.0,-5.0,-30.0
1776887985.011103,-5.0,-2.0,-30.0
1776887985.021103,-1.0,0.0,-25.0
1776887985.031103,0.0,-2.0,-25.0
1776887985.0411026,0.0,-1.0,-31.0
1776887985.0511026,-1.0,-2.0,-27.0
1776887985.0611026,-1.0,0.0,-28.0
1776887985.0711029,-2.0,3.0,-25.0
1776887985.0811028,-5.0,0.0,-33.0
1776887985.0911028,-3.0,0.0,-36.0
1776887985.1011028,0.0,-3.0,-28.0
1776887985.1111028,1.0,0.0,-28.0
1776887985.1211028,3.0,3.0,-36.0
1776887985.1311028,0.0,4.0,-25.0
1776887985.1411028,-4.0,0.0,-28.0
1776887985.1511028,0.0,-3.0,-27.0
1776887985.1611028,-2.0,0.0,-28.0
1776887985.1711028,0.0,-3.0,-31.0
1776887985.1811028,1.0,-1.0,-28.0
1776887985.1911027,0.0,-5.0,-32.0
1776887985.2011027,-1.0,-6.0,-29.0
1776887985.2111027,-4.0,-7.0,-32.0
1776887985.2211027,-4.0,-8.0,-34.0
1776887985.2311027,-3.0,-3.0,-40.0
1776887985.2411027,-1.0,-1.0,-41.0
1776887985.2511027,-4.0,-3.0,-43.0
1776887985.261103,1.0,0.0,-35.0
1776887985.271103,0.0,1.0,-35.0
1776887985.281103,-1.0,-5.0,-34.0
1776887985.2911026,-4.0,-4.0,-28.0
1776887985.3011026,-2.0,-3.0,-32.0
1776887985.3111026,-3.0,-3.0,-35.0
1776887985.3211029,-4.0,2.0,-35.0
1776887985.3311028,-4.0,2.0,-38.0
1776887985.3411028,-4.0,3.0,-39.0
1776887985.3511028,3.0,1.0,-36.0
1776887985.3611028,9.0,-4.0,-37.0
1776887985.3711028,10.0,0.0,-41.0
1776887985.3811028,6.0,-2.0,-40.0
1776887985.3911028,4.0,-1.0,-38.0
1776887985.4011028,9.0,0.0,-36.0
1776887985.4111028,6.0,0.0,-40.0
1776887985.4211028,0.0,0.0,-40.0
1776887985.4311028,-4.0,-5.0,-39.0
1776887985.4411027,0.0,-4.0,-40.0
1776887985.4511027,1.0,0.0,-42.0
1776887985.4611027,6.0,0.0,-43.0
1776887985.4711027,10.0,4.0,-37.0
1776887985.4811027,6.0,4.0,-33.0
1776887985.4911027,5.0,5.0,-30.0
1776887985.5011027,4.0,3.0,-33.0
1776887985.511103,1.0,2.0,-34.0
1776887985.521103,1.0,4.0,-36.0
1776887985.531103,1.0,1.0,-35.0
1776887985.5411026,-2.0,0.0,-35.0
1776887985.5511026,-2.0,0.0,-35.0
1776887985.5611026,-2.0,0.0,-34.0
1776887985.5711029,-3.0,0.0,-36.0
1776887985.5811028,-3.0,0.0,-36.0
1776887985.5911028,-6.0,-3.0,-39.0
1776887985.6011028,-7.0,0.0,-37.0
1776887985.6111028,-5.0,-3.0,-36.0
1776887985.6211028,-4.0,-2.0,-48.0
1776887985.6311028,-5.0,-1.0,-48.0
1776887985.6411028,-2.0,-5.0,-39.0
1776887985.6511028,-4.0,-4.0,-34.0
1776887985.6611028,1.0,-3.0,-27.0
1776887985.6711028,4.0,-3.0,-25.0
1776887985.6811028,4.0,-2.0,-25.0
1776887985.6911027,2.0,-2.0,-25.0
1776887985.7011027,0.0,-5.0,-24.0
1776887985.7111027,-3.0,-4.0,-27.0
1776887985.7211027,-6.0,-2.0,-36.0
1776887985.7311027,-8.0,-1.0,-32.0
1776887985.7411027,-3.0,0.0,-25.0
1776887985.7511027,0.0,-5.0,-29.0
1776887985.761103,-3.0,-4.0,-37.0
1776887985.771103,-1.0,0.0,-39.0
1776887985.781103,-1.0,0.0,-34.0
1776887985.7911026,0.0,1.0,-35.0
1776887985.8011026,-1.0,0.0,-33.0
1776887985.8111026,0.0,0.0,-40.0
1776887985.8211029,-2.0,1.0,-32.0
1776887985.8311028,2.0,0.0,-33.0
1776887985.8411028,1.0,0.0,-38.0
1776887985.8511028,0.0,-6.0,-43.0
1776887985.8611028,0.0,-5.0,-43.0
1776887985.8711028,1.0,-1.0,-39.0
1776887985.8811028,0.0,3.0,-37.0
1776887985.8911028,2.0,0.0,-41.0
1776887985.9011028,6.0,-1.0,-34.0
1776887985.9111028,5.0,-5.0,-32.0
1776887985.9211028,3.0,-4.0,-34.0
1776887985.9311028,4.0,-2.0,-33.0
1776887985.9411027,5.0,-1.0,-37.0
1776887985.9511027,5.0,1.0,-37.0
1776887985.9611027,2.0,0.0,-40.0
1776887985.9711027,-1.0,0.0,-37.0
1776887985.9811027,2.0,-3.0,-41.0
1776887985.9911027,0.0,-1.0,-39.0
1776887986.0011027,0.0,0.0,-28.0
1776887986.011103,0.0,3.0,-33.0
1776887986.021103,-1.0,2.0,-37.0
1776887986.031103,0.0,-2.0,-33.0
1776887986.0411026,0.0,-3.0,-32.0
1776887986.0511026,1.0,0.0,-38.0
1776887986.0611026,5.0,-2.0,-37.0
1776887986.0711029,10.0,0.0,-40.0
1776887986.0811028,5.0,7.0,-41.0
1776887986.0911028,3.0,6.0,-38.0
1776887986.1011028,4.0,3.0,-43.0
1776887986.1111028,2.0,5.0,-42.0
1776887986.1211028,1.0,4.0,-35.0
1776887986.1311028,5.0,6.0,-32.0
1776887986.1411028,0.0,1.0,-28.0
1776887986.1511028,0.0,4.0,-24.0
1776887986.1611028,-2.0,0.0,-27.0
1776887986.1711028,-5.0,0.0,-32.0
1776887986.1811028,-2.0,0.0,-31.0
1776887986.1911027,0.0,0.0,-27.0
1776887986.2011027,4.0,1.0,-34.0
1776887986.2111027,5.0,0.0,-37.0
1776887986.2211027,1.0,-4.0,-31.0
1776887986.2311027,-3.0,-6.0,-31.0
1776887986.2411027,-3.0,-4.0,-29.0
1776887986.2511027,0.0,-2.0,-31.0
1776887986.261103,1.0,-4.0,-25.0
1776887986.271103,-3.0,-2.0,-29.0
1776887986.281103,-4.0,-4.0,-25.0
1776887986.2911026,-1.0,-6.0,-28.0
1776887986.3011026,2.0,-3.0,-37.0
1776887986.3111026,3.0,-2.0,-40.0
1776887986.3211029,0.0,-3.0,-32.0
1776887986.3311028,2.0,-1.0,-36.0
1776887986.3411028,2.0,3.0,-35.0
1776887986.3511028,0.0,6.0,-36.0
1776887986.3611028,-2.0,6.0,-42.0
1776887986.3711028,-5.0,5.0,-36.0
1776887986.3811028,-2.0,3.0,-43.0
1776887986.3911028,0.0,2.0,-47.0
1776887986.4011028,3.0,2.0,-43.0
1776887986.4111028,5.0,-2.0,-38.0
1776887986.4211028,2.0,-1.0,-39.0
1776887986.4311028,2.0,1.0,-37.0
1776887986.4411027,3.0,0.0,-36.0
1776887986.4511027,3.0,-2.0,-37.0
1776887986.4611027,0.0,0.0,-38.0
1776887986.4711027,0.0,0.0,-40.0
1776887986.4811027,5.0,-1.0,-38.0
1776887986.4911027,7.0,-2.0,-44.0
1776887986.5011027,1.0,-4.0,-43.0
1776887986.511103,6.0,-2.0,-41.0
1776887986.521103,6.0,3.0,-41.0
1776887986.531103,3.0,5.0,-46.0
1776887986.5411026,5.0,2.0,-43.0
1776887986.5511026,4.0,-3.0,-42.0
1776887986.5611026,6.0,-6.0,-43.0
1776887986.5711029,0.0,-7.0,-38.0
1776887986.5811028,-1.0,-7.0,-29.0
1776887986.5911028,2.0,-4.0,-36.0
1776887986.6021028,3.0,-3.0,-41.0
1776887986.6121027,3.0,-2.0,-47.0
1776887986.6221027,3.0,-3.0,-44.0
1776887986.6321027,0.0,-1.0,-42.0
1776887986.6421027,0.0,0.0,-38.0
1776887986.6521027,0.0,-2.0,-41.0
1776887986.6621027,0.0,-2.0,-41.0
1776887986.6721027,2.0,-1.0,-39.0
1776887986.682103,1.0,0.0,-38.0
1776887986.692103,1.0,-1.0,-36.0
1776887986.702103,-1.0,0.0,-39.0
1776887986.712103,0.0,-2.0,-39.0
1776887986.7221026,-1.0,0.0,-37.0
1776887986.7321026,-1.0,-3.0,-34.0
1776887986.7421026,-1.0,-4.0,-39.0
1776887986.7521029,-2.0,0.0,-33.0
1776887986.7621028,-1.0,0.0,-28.0
1776887986.7721028,0.0,0.0,-26.0
1776887986.7821028,0.0,-1.0,-25.0
1776887986.7921028,0.0,-6.0,-28.0
1776887986.8021028,-5.0,-7.0,-28.0
1776887986.8121028,-2.0,-9.0,-39.0
1776887986.8221028,1.0,-8.0,-38.0
1776887986.8321028,0.0,-8.0,-39.0
1776887986.8421028,1.0,-4.0,-39.0
1776887986.8521028,2.0,-2.0,-42.0
1776887986.8621027,0.0,-5.0,-49.0
1776887986.8721027,0.0,-1.0,-43.0
1776887986.8821027,-3.0,-2.0,-40.0
1776887986.8921027,-4.0,-2.0,-40.0
1776887986.9021027,-4.0,0.0,-31.0
1776887986.9121027,-3.0,0.0,-33.0
1776887986.9221027,0.0,1.0,-33.0
1776887986.932103,0.0,1.0,-33.0
1776887986.942103,3.0,0.0,-33.0
1776887986.952103,4.0,-1.0,-28.0
1776887986.962103,3.0,-7.0,-32.0
1776887986.9721026,0.0,-6.0,-31.0
1776887986.9821026,0.0,-8.0,-31.0
1776887986.9921026,-2.0,-5.0,-38.0
1776887987.0021029,-3.0,-2.0,-40.0
1776887987.0121028,-1.0,-1.0,-34.0
1776887987.0221028,-2.0,0.0,-34.0
1776887987.0321028,-6.0,-2.0,-35.0
1776887987.0421028,-3.0,-2.0,-34.0
1776887987.0521028,-4.0,-7.0,-34.0
1776887987.0621028,-1.0,-5.0,-37.0
1776887987.0721028,0.0,-8.0,-40.0
1776887987.0821028,-1.0,-5.0,-39.0
1776887987.0921028,4.0,-6.0,-32.0
1776887987.1021028,9.0,-5.0,-30.0
1776887987.1121027,10.0,-4.0,-32.0
1776887987.1221027,8.0,0.0,-31.0
1776887987.1321027,9.0,0.0,-33.0
1776887987.1421027,8.0,-1.0,-36.0
1776887987.1521027,8.0,-2.0,-40.0
1776887987.1621027,9.0,-2.0,-38.0
1776887987.1721027,4.0,-7.0,-35.0
1776887987.182103,1.0,-3.0,-41.0
1776887987.192103,-2.0,0.0,-36.0
1776887987.202103,1.0,-2.0,-40.0
1776887987.212103,5.0,-1.0,-36.0
1776887987.2221026,6.0,0.0,-33.0
1776887987.2321026,6.0,1.0,-40.0
1776887987.2421026,0.0,2.0,-41.0
1776887987.2521029,2.0,1.0,-36.0
1776887987.2621028,3.0,-1.0,-37.0
1776887987.2721028,4.0,3.0,-37.0
1776887987.2821028,-2.0,1.0,-35.0
1776887987.2921028,-5.0,0.0,-37.0
1776887987.3021028,-2.0,1.0,-38.0
1776887987.3121028,0.0,1.0,-38.0
1776887987.3221028,-3.0,-2.0,-39.0
1776887987.3321028,0.0,-3.0,-38.0
1776887987.3421028,0.0,-3.0,-40.0
1776887987.3521028,1.0,-7.0,-42.0
1776887987.3621027,2.0,-6.0,-45.0
1776887987.3721027,2.0,-1.0,-36.0
1776887987.3821027,1.0,-4.0,-34.0
1776887987.3921027,2.0,-3.0,-40.0
1776887987.4021027,3.0,0.0,-39.0
1776887987.4121027,0.0,-1.0,-40.0
1776887987.4221027,0.0,-2.0,-40.0
1776887987.432103,0.0,-5.0,-37.0
1776887987.442103,-1.0,-3.0,-36.0
1776887987.452103,0.0,-5.0,-38.0
1776887987.462103,1.0,-7.0,-32.0
1776887987.4721026,0.0,-3.0,-30.0
1776887987.4821026,0.0,0.0,-34.0
1776887987.4921026,0.0,2.0,-30.0
1776887987.5021029,-1.0,1.0,-26.0
1776887987.5121028,-3.0,2.0,-30.0
1776887987.5221028,-1.0,0.0,-33.0
1776887987.5321028,-1.0,-4.0,-38.0
1776887987.5421028,1.0,-5.0,-34.0
1776887987.5521028,-1.0,-3.0,-34.0
1776887987.5621028,1.0,0.0,-34.0
1776887987.5721028,-2.0,-2.0,-30.0
1776887987.5821028,-2.0,0.0,-31.0
1776887987.5921028,-3.0,-5.0,-35.0
1776887987.6021028,0.0,-4.0,-31.0
1776887987.6121027,0.0,-5.0,-33.0
1776887987.6221027,-3.0,-2.0,-33.0
1776887987.6321027,-2.0,-3.0,-39.0
1776887987.6421027,-1.0,-3.0,-36.0
1776887987.6521027,0.0,-2.0,-30.0
1776887987.6621027,-3.0,-1.0,-33.0
1776887987.6721027,-4.0,-4.0,-30.0
1776887987.682103,0.0,-8.0,-41.0
1776887987.692103,-2.0,-3.0,-40.0
1776887987.702103,-3.0,3.0,-37.0
1776887987.712103,-2.0,0.0,-42.0
1776887987.7221026,0.0,-1.0,-35.0
1776887987.7321026,-2.0,-2.0,-43.0
1776887987.7421026,3.0,-3.0,-38.0
1776887987.7521029,6.0,-6.0,-39.0
1776887987.7621028,4.0,-5.0,-41.0
1776887987.7721028,1.0,-6.0,-39.0
1776887987.7821028,3.0,-4.0,-33.0
1776887987.7921028,3.0,0.0,-31.0
1776887987.8021028,2.0,4.0,-30.0
1776887987.8121028,2.0,-1.0,-28.0
1776887987.8221028,1.0,0.0,-24.0
1776887987.8321028,-4.0,5.0,-28.0
1776887987.8421028,-3.0,9.0,-22.0
1776887987.8521028,-5.0,12.0,-24.0
1776887987.8621027,-5.0,8.0,-29.0
1776887987.8721027,-3.0,4.0,-33.0
1776887987.8821027,-5.0,3.0,-34.0
1776887987.8921027,0.0,2.0,-36.0
1776887987.9021027,0.0,1.0,-35.0
1776887987.9121027,2.0,1.0,-32.0
1776887987.9221027,3.0,-2.0,-28.0
1776887987.932103,3.0,-3.0,-31.0
1776887987.942103,5.0,0.0,-32.0
1776887987.952103,0.0,5.0,-32.0
1776887987.962103,0.0,5.0,-36.0
1776887987.9721026,2.0,4.0,-45.0
1776887987.9821026,2.0,7.0,-44.0
1776887987.9921026,3.0,3.0,-44.0
1776887988.0021029,5.0,2.0,-39.0
1776887988.0121028,0.0,0.0,-31.0
1776887988.0221028,0.0,0.0,-31.0
1776887988.0321028,1.0,1.0,-30.0
1776887988.0421028,0.0,4.0,-25.0
1776887988.0521028,0.0,-2.0,-26.0
1776887988.0621028,0.0,-6.0,-33.0
1776887988.0721028,-5.0,-7.0,-35.0
1776887988.0821028,0.0,-6.0,-35.0
1776887988.0921028,-2.0,-5.0,-33.0
1776887988.1021028,0.0,-2.0,-36.0
1776887988.1121027,0.0,-1.0,-41.0
1776887988.1221027,0.0,-1.0,-38.0
1776887988.1321027,0.0,3.0,-41.0
1776887988.1421027,6.0,4.0,-40.0
1776887988.1521027,2.0,4.0,-39.0
1776887988.1621027,0.0,0.0,-35.0
1776887988.1721027,-2.0,-1.0,-30.0
1776887988.182103,-3.0,-4.0,-32.0
1776887988.192103,-4.0,-4.0,-32.0
1776887988.2031028,-1.0,-4.0,-32.0
1776887988.212103,2.0,-1.0,-29.0
1776887988.2221026,6.0,0.0,-25.0
1776887988.2321026,4.0,0.0,-31.0
1776887988.2421026,2.0,-4.0,-37.0
1776887988.2521029,-3.0,-6.0,-33.0
1776887988.2621028,2.0,-4.0,-28.0
1776887988.2721028,-2.0,-2.0,-27.0
1776887988.2821028,-2.0,0.0,-31.0
1776887988.2921028,0.0,0.0,-39.0
1776887988.3021028,-2.0,2.0,-40.0
1776887988.3121028,-2.0,1.0,-36.0
1776887988.3221028,0.0,2.0,-35.0
1776887988.3321028,0.0,2.0,-26.0
1776887988.3421028,2.0,2.0,-29.0
1776887988.3521028,0.0,0.0,-35.0
1776887988.3621027,2.0,0.0,-33.0
1776887988.3721027,-2.0,-1.0,-31.0
1776887988.3821027,0.0,-2.0,-29.0
1776887988.3921027,1.0,-3.0,-23.0
1776887988.4021027,0.0,-6.0,-27.0
1776887988.4121027,0.0,-4.0,-30.0
1776887988.4221027,2.0,-3.0,-33.0
1776887988.432103,0.0,-1.0,-39.0
1776887988.442103,0.0,5.0,-34.0
1776887988.452103,0.0,5.0,-41.0
1776887988.462103,0.0,2.0,-39.0
1776887988.4721026,5.0,0.0,-34.0
1776887988.4821026,5.0,0.0,-31.0
1776887988.4921026,1.0,0.0,-28.0
1776887988.5021029,1.0,-4.0,-23.0
1776887988.5121028,-1.0,-3.0,-28.0
1776887988.5221028,-2.0,0.0,-31.0
1776887988.5321028,-1.0,5.0,-31.0
1776887988.5421028,-5.0,1.0,-34.0
1776887988.5521028,-6.0,0.0,-39.0
1776887988.5621028,-8.0,-3.0,-43.0
1776887988.5721028,-8.0,-1.0,-42.0
1776887988.5821028,0.0,2.0,-44.0
1776887988.5931027,-1.0,7.0,-38.0
1776887988.6031027,0.0,8.0,-36.0
1776887988.613103,-2.0,6.0,-44.0
1776887988.623103,-1.0,7.0,-44.0
1776887988.633103,-3.0,4.0,-39.0
1776887988.6431026,-3.0,0.0,-33.0
1776887988.6531026,-3.0,-1.0,-32.0
1776887988.6631026,0.0,-2.0,-35.0
1776887988.6731029,0.0,-1.0,-40.0
1776887988.6831028,4.0,-3.0,-35.0
1776887988.6931028,4.0,-1.0,-46.0
1776887988.7031028,2.0,0.0,-45.0
1776887988.7131028,2.0,-2.0,-36.0
1776887988.7231028,0.0,2.0,-35.0
1776887988.7331028,2.0,1.0,-33.0
1776887988.7431028,1.0,2.0,-39.0
1776887988.7531028,0.0,3.0,-35.0
1776887988.7631028,-2.0,-1.0,-35.0
1776887988.7731028,-2.0,-2.0,-33.0
1776887988.7831028,0.0,-1.0,-29.0
1776887988.7931027,0.0,-4.0,-34.0
1776887988.8031027,1.0,-4.0,-36.0
1776887988.8131027,0.0,-3.0,-39.0
1776887988.8231027,-1.0,-4.0,-38.0
1776887988.8331027,-1.0,-2.0,-36.0
1776887988.8431027,-2.0,-6.0,-34.0
1776887988.8531027,-4.0,-7.0,-33.0
1776887988.863103,-1.0,-8.0,-33.0
1776887988.873103,0.0,-9.0,-39.0
1776887988.883103,0.0,-4.0,-41.0
1776887988.8931026,6.0,-3.0,-49.0
1776887988.9031026,7.0,0.0,-42.0
1776887988.9131026,7.0,-1.0,-39.0
1776887988.9231029,2.0,-4.0,-34.0
1776887988.9331028,1.0,-1.0,-28.0
1776887988.9431028,0.0,0.0,-31.0
1776887988.9531028,-3.0,0.0,-36.0
1776887988.9631028,-4.0,1.0,-37.0
1776887988.9731028,-3.0,6.0,-33.0
1776887988.9831028,0.0,1.0,-32.0
1776887988.9931028,0.0,2.0,-31.0
1776887989.0031028,1.0,2.0,-26.0
1776887989.0131028,4.0,2.0,-25.0
1776887989.0231028,6.0,1.0,-28.0
1776887989.0331028,8.0,0.0,-39.0
1776887989.0431027,10.0,-4.0,-37.0
1776887989.0531027,7.0,-8.0,-39.0
1776887989.0631027,7.0,-9.0,-34.0
1776887989.0731027,5.0,-8.0,-37.0
1776887989.0831027,4.0,-5.0,-34.0
1776887989.0931027,1.0,-2.0,-33.0
1776887989.1031027,0.0,-2.0,-34.0
1776887989.113103,-5.0,-5.0,-30.0
1776887989.123103,-1.0,-5.0,-36.0
1776887989.133103,1.0,-4.0,-36.0
1776887989.1431026,1.0,-3.0,-35.0
1776887989.1531026,0.0,-3.0,-32.0
1776887989.1631026,0.0,0.0,-26.0
1776887989.1731029,3.0,2.0,-30.0
1776887989.1831028,8.0,0.0,-29.0
1776887989.1931028,5.0,-5.0,-26.0
1776887989.2031028,2.0,-4.0,-27.0
1776887989.2131028,0.0,-3.0,-35.0
1776887989.2231028,-2.0,-5.0,-33.0
1776887989.2331028,-6.0,-1.0,-29.0
1776887989.2431028,-3.0,0.0,-29.0
1776887989.2531028,-4.0,4.0,-32.0
1776887989.2631028,0.0,3.0,-31.0
1776887989.2731028,0.0,2.0,-33.0
1776887989.2831028,1.0,3.0,-31.0
1776887989.2931027,-1.0,5.0,-29.0
1776887989.3031027,-1.0,6.0,-31.0
1776887989.3131027,1.0,6.0,-39.0
1776887989.3231027,0.0,6.0,-39.0
1776887989.3331027,-2.0,0.0,-42.0
1776887989.3431027,-3.0,0.0,-41.0
1776887989.3531027,-4.0,-1.0,-42.0
1776887989.363103,-7.0,-4.0,-37.0
1776887989.373103,-6.0,-2.0,-38.0
1776887989.383103,-5.0,0.0,-33.0
1776887989.3931026,0.0,-4.0,-28.0
1776887989.4031026,0.0,-2.0,-30.0
1776887989.4131026,-1.0,0.0,-39.0
1776887989.4231029,0.0,3.0,-43.0
1776887989.4331028,-3.0,1.0,-38.0
1776887989.4431028,-2.0,-2.0,-37.0
1776887989.4531028,3.0,-4.0,-38.0
1776887989.4631028,-1.0,-1.0,-41.0
1776887989.4731028,-1.0,-2.0,-41.0
1776887989.4831028,-1.0,-2.0,-47.0
1776887989.4931028,-2.0,0.0,-47.0
1776887989.5031028,-3.0,-2.0,-43.0
1776887989.5131028,-3.0,-8.0,-36.0
1776887989.5231028,-2.0,-6.0,-27.0
1776887989.5331028,0.0,-6.0,-24.0
1776887989.5431027,0.0,-10.0,-31.0
1776887989.5531027,-3.0,-11.0,-41.0
1776887989.5631027,-4.0,-10.0,-39.0
1776887989.5731027,-5.0,-8.0,-34.0
1776887989.5831027,-4.0,-5.0,-36.0
1776887989.5931027,-2.0,-6.0,-36.0
1776887989.6031027,1.0,-8.0,-35.0
1776887989.613103,4.0,-8.0,-37.0
1776887989.623103,4.0,-7.0,-37.0
1776887989.633103,3.0,-7.0,-38.0
1776887989.6431026,6.0,-7.0,-39.0
1776887989.6531026,7.0,-5.0,-40.0
1776887989.6631026,4.0,-2.0,-45.0
1776887989.6731029,1.0,0.0,-42.0
1776887989.6831028,-1.0,1.0,-36.0
1776887989.6931028,0.0,3.0,-37.0
1776887989.7031028,2.0,-2.0,-39.0
1776887989.7131028,3.0,1.0,-36.0
1776887989.7231028,3.0,1.0,-34.0
1776887989.7331028,-3.0,3.0,-33.0
1776887989.7431028,-9.0,3.0,-33.0
1776887989.7531028,-8.0,0.0,-33.0
1776887989.7631028,-6.0,1.0,-29.0
1776887989.7731028,-4.0,0.0,-29.0
1776887989.7831028,-3.0,2.0,-40.0
1776887989.7931027,1.0,3.0,-38.0
1776887989.8031027,0.0,-1.0,-35.0
1776887989.8131027,-1.0,-2.0,-31.0
1776887989.8231027,-6.0,-3.0,-33.0
1776887989.8331027,-5.0,-5.0,-39.0
1776887989.8431027,-1.0,-6.0,-31.0
1776887989.8531027,-2.0,-6.0,-26.0
1776887989.863103,-1.0,-8.0,-30.0
1776887989.873103,-4.0,-8.0,-32.0
1776887989.883103,-1.0,-5.0,-31.0
1776887989.8931026,2.0,-5.0,-31.0
1776887989.9031026,5.0,-5.0,-35.0
1776887989.9131026,3.0,0.0,-41.0
1776887989.9231029,0.0,-1.0,-47.0
1776887989.9331028,1.0,2.0,-45.0
1776887989.9431028,3.0,4.0,-48.0
1776887989.9531028,2.0,1.0,-41.0
1776887989.9631028,1.0,2.0,-39.0
1776887989.9731028,4.0,4.0,-40.0
1776887989.9831028,8.0,1.0,-41.0
1776887989.9931028,7.0,-3.0,-40.0
1776887990.0031028,8.0,-2.0,-32.0
1776887990.0131028,7.0,0.0,-33.0
1776887990.0231028,5.0,-2.0,-32.0
1776887990.0331028,3.0,0.0,-29.0
1776887990.0431027,5.0,3.0,-32.0
1776887990.0531027,6.0,1.0,-30.0
1776887990.0631027,10.0,1.0,-34.0
1776887990.0731027,7.0,1.0,-34.0
1776887990.0831027,0.0,1.0,-36.0
1776887990.0931027,-1.0,3.0,-33.0
1776887990.1031027,-1.0,7.0,-29.0
1776887990.113103,-1.0,6.0,-26.0
1776887990.123103,-1.0,4.0,-32.0
1776887990.133103,0.0,5.0,-36.0
1776887990.1431026,-1.0,3.0,-37.0
1776887990.1531026,-3.0,3.0,-35.0
1776887990.1631026,-2.0,0.0,-33.0
1776887990.1731029,0.0,-4.0,-31.0
1776887990.1831028,0.0,-4.0,-35.0
1776887990.1931028,-1.0,-7.0,-35.0
1776887990.2031028,-1.0,-9.0,-32.0
1776887990.2131028,0.0,-9.0,-32.0
1776887990.2231028,-1.0,-6.0,-29.0
1776887990.2331028,0.0,-5.0,-33.0
1776887990.2431028,2.0,0.0,-40.0
1776887990.2531028,3.0,1.0,-47.0
1776887990.2631028,1.0,6.0,-36.0
1776887990.2731028,-4.0,6.0,-39.0
1776887990.2831028,-1.0,4.0,-38.0
1776887990.2931027,-2.0,7.0,-38.0
1776887990.3031027,-1.0,6.0,-39.0
1776887990.3131027,1.0,3.0,-42.0
1776887990.3231027,0.0,0.0,-45.0
1776887990.3331027,2.0,1.0,-44.0
1776887990.3431027,1.0,1.0,-43.0
1776887990.3531027,4.0,-1.0,-40.0
1776887990.363103,7.0,0.0,-35.0
1776887990.373103,9.0,2.0,-33.0
1776887990.383103,8.0,1.0,-31.0
1776887990.3931026,9.0,1.0,-30.0
1776887990.4031026,10.0,0.0,-38.0
1776887990.4131026,10.0,1.0,-36.0
1776887990.4231029,6.0,1.0,-35.0
1776887990.4331028,3.0,-5.0,-35.0
1776887990.4431028,2.0,-5.0,-32.0
1776887990.4531028,3.0,-5.0,-31.0
1776887990.4631028,0.0,0.0,-37.0
1776887990.4731028,0.0,0.0,-35.0
1776887990.4831028,0.0,-4.0,-31.0
1776887990.4931028,0.0,-6.0,-26.0
1776887990.5031028,0.0,-7.0,-24.0
1776887990.5131028,0.0,-5.0,-26.0
1776887990.5231028,2.0,-7.0,-31.0
1776887990.5331028,4.0,-5.0,-36.0
1776887990.5431027,-1.0,-2.0,-44.0
1776887990.5531027,4.0,0.0,-46.0
1776887990.5631027,6.0,-4.0,-43.0
1776887990.5731027,7.0,-4.0,-44.0
1776887990.5831027,5.0,-6.0,-34.0
1776887990.5931027,2.0,-4.0,-33.0
1776887990.6031027,1.0,-3.0,-34.0
1776887990.6141028,-2.0,-4.0,-34.0
1776887990.6241028,2.0,-5.0,-30.0
1776887990.6341028,3.0,-2.0,-28.0
1776887990.6441028,5.0,-2.0,-32.0
1776887990.6541028,4.0,0.0,-29.0
1776887990.6641028,2.0,0.0,-30.0
1776887990.6741028,-2.0,0.0,-27.0
1776887990.6841028,6.0,0.0,-31.0
1776887990.6941028,6.0,3.0,-34.0
1776887990.7041028,5.0,3.0,-31.0
1776887990.7141027,2.0,-2.0,-29.0
1776887990.7241027,2.0,-2.0,-36.0
1776887990.7341027,0.0,0.0,-42.0
1776887990.7441027,-3.0,-2.0,-43.0
1776887990.7541027,-3.0,-7.0,-50.0
1776887990.7641027,-3.0,-7.0,-46.0
1776887990.7741027,-3.0,-4.0,-47.0
1776887990.784103,0.0,-3.0,-47.0
1776887990.794103,-3.0,0.0,-37.0
1776887990.804103,0.0,1.0,-40.0
1776887990.8141026,0.0,0.0,-39.0
1776887990.8241026,1.0,-2.0,-35.0
1776887990.8341026,4.0,-4.0,-34.0
1776887990.8441026,6.0,-3.0,-37.0
1776887990.8541028,7.0,-3.0,-39.0
1776887990.8641028,2.0,-4.0,-43.0
1776887990.8741028,2.0,-2.0,-40.0
1776887990.8841028,-2.0,-4.0,-41.0
1776887990.8941028,-1.0,-6.0,-44.0
1776887990.9041028,2.0,-8.0,-45.0
1776887990.9141028,3.0,-9.0,-47.0
1776887990.9241028,3.0,-9.0,-41.0
1776887990.9341028,1.0,-8.0,-34.0
1776887990.9441028,0.0,-10.0,-35.0
1776887990.9541028,0.0,-8.0,-35.0
1776887990.9641027,0.0,-5.0,-32.0
1776887990.9741027,0.0,-2.0,-29.0
1776887990.9841027,1.0,-5.0,-31.0
1776887990.9941027,-2.0,-4.0,-29.0
1776887991.0041027,0.0,-5.0,-25.0
1776887991.0141027,-1.0,-3.0,-24.0
1776887991.0241027,0.0,-2.0,-25.0
1776887991.034103,3.0,-4.0,-33.0
1776887991.044103,5.0,-5.0,-35.0
1776887991.054103,7.0,-2.0,-38.0
1776887991.0641026,2.0,-2.0,-37.0
1776887991.0741026,2.0,-1.0,-37.0
1776887991.0841026,4.0,0.0,-39.0
1776887991.0941026,0.0,-1.0,-39.0
1776887991.1041028,0.0,-4.0,-38.0
1776887991.1141028,5.0,-7.0,-30.0
1776887991.1241028,4.0,-4.0,-21.0
1776887991.1341028,6.0,-3.0,-30.0
1776887991.1441028,7.0,-4.0,-29.0
1776887991.1541028,4.0,-5.0,-30.0
1776887991.1641028,4.0,-5.0,-26.0
1776887991.1741028,1.0,-1.0,-34.0
1776887991.1841028,-1.0,-3.0,-40.0
1776887991.1941028,-3.0,-3.0,-30.0
1776887991.2041028,1.0,-1.0,-31.0
1776887991.2141027,0.0,-2.0,-40.0
1776887991.2241027,-4.0,0.0,-46.0
1776887991.2341027,-6.0,2.0,-48.0
1776887991.2441027,-4.0,4.0,-52.0
1776887991.2541027,-4.0,3.0,-51.0
1776887991.2641027,1.0,7.0,-52.0
1776887991.2741027,3.0,10.0,-50.0
1776887991.284103,5.0,6.0,-45.0
1776887991.294103,5.0,6.0,-45.0
1776887991.304103,1.0,7.0,-43.0
1776887991.3141026,1.0,3.0,-43.0
1776887991.3241026,3.0,6.0,-40.0
1776887991.3341026,9.0,4.0,-40.0
1776887991.3441026,8.0,0.0,-37.0
1776887991.3541028,11.0,0.0,-32.0
1776887991.3641028,12.0,0.0,-30.0
1776887991.3741028,10.0,-3.0,-30.0
1776887991.3841028,12.0,-2.0,-32.0
1776887991.3941028,7.0,-4.0,-31.0
1776887991.4041028,2.0,-3.0,-34.0
1776887991.4141028,2.0,0.0,-28.0
1776887991.4241028,3.0,-1.0,-30.0
1776887991.4341028,1.0,0.0,-28.0
1776887991.4441028,0.0,1.0,-31.0
1776887991.4541028,-1.0,0.0,-34.0
1776887991.4641027,-3.0,-5.0,-35.0
1776887991.4741027,-2.0,-2.0,-34.0
1776887991.4841027,0.0,-1.0,-41.0
1776887991.4941027,0.0,-5.0,-50.0
1776887991.5041027,-1.0,-6.0,-48.0
1776887991.5141027,0.0,-3.0,-43.0
1776887991.5241027,1.0,-1.0,-39.0
1776887991.534103,3.0,-2.0,-42.0
1776887991.544103,1.0,0.0,-46.0
1776887991.554103,-1.0,-7.0,-48.0
1776887991.5641026,-1.0,-8.0,-41.0
1776887991.5741026,1.0,-5.0,-38.0
1776887991.5841026,3.0,-5.0,-40.0
1776887991.5941026,-1.0,-7.0,-37.0
1776887991.6041028,-7.0,-5.0,-39.0
1776887991.6141028,-6.0,-3.0,-37.0
1776887991.6241028,0.0,-1.0,-41.0
1776887991.6341028,2.0,-3.0,-41.0
1776887991.6441028,0.0,-2.0,-35.0
1776887991.6541028,3.0,-4.0,-36.0
1776887991.6641028,4.0,-9.0,-36.0
1776887991.6741028,3.0,-8.0,-38.0
1776887991.6841028,2.0,-5.0,-35.0
1776887991.6941028,8.0,-2.0,-38.0
1776887991.7041028,2.0,3.0,-43.0
1776887991.7141027,1.0,-1.0,-36.0
1776887991.7241027,0.0,0.0,-31.0
1776887991.7341027,3.0,-1.0,-31.0
1776887991.7441027,-1.0,-1.0,-30.0
1776887991.7541027,-8.0,-2.0,-33.0
1776887991.7641027,-4.0,-3.0,-37.0
1776887991.7741027,-4.0,-5.0,-35.0
1776887991.784103,-5.0,-4.0,-41.0
1776887991.794103,-6.0,-3.0,-42.0
1776887991.804103,-5.0,-4.0,-45.0
1776887991.8141026,-8.0,-8.0,-46.0
1776887991.8241026,-7.0,-6.0,-45.0
1776887991.8341026,-4.0,-3.0,-43.0
1776887991.8441026,-3.0,-3.0,-42.0
1776887991.8541028,0.0,-4.0,-38.0
1776887991.8641028,-2.0,-5.0,-36.0
1776887991.8741028,-2.0,-3.0,-41.0
1776887991.8841028,-5.0,-1.0,-44.0
1776887991.8941028,-5.0,0.0,-44.0
1776887991.9041028,-4.0,0.0,-41.0
1776887991.9141028,-1.0,-2.0,-41.0
1776887991.9241028,1.0,-7.0,-42.0
1776887991.9341028,2.0,-5.0,-35.0
1776887991.9441028,4.0,-4.0,-30.0
1776887991.9541028,0.0,-1.0,-31.0
1776887991.9641027,0.0,0.0,-31.0
1776887991.9741027,0.0,-2.0,-29.0
1776887991.9841027,-3.0,-3.0,-39.0
1776887991.9941027,-4.0,-2.0,-40.0
1776887992.0041027,-2.0,-3.0,-34.0
1776887992.0141027,0.0,-6.0,-37.0
1776887992.0241027,1.0,-3.0,-36.0
1776887992.034103,3.0,-6.0,-33.0
1776887992.044103,3.0,-3.0,-39.0
1776887992.054103,4.0,1.0,-37.0
1776887992.0641026,3.0,2.0,-31.0
1776887992.0741026,-2.0,-2.0,-38.0
1776887992.0841026,0.0,0.0,-33.0
1776887992.0941026,0.0,3.0,-31.0
1776887992.1041028,0.0,2.0,-32.0
1776887992.1141028,5.0,4.0,-31.0
1776887992.1241028,7.0,3.0,-31.0
1776887992.1341028,7.0,2.0,-32.0
1776887992.1441028,1.0,4.0,-43.0
1776887992.1541028,0.0,3.0,-48.0
1776887992.1641028,2.0,3.0,-42.0
1776887992.1741028,2.0,0.0,-42.0
1776887992.1841028,2.0,3.0,-35.0
1776887992.1941028,4.0,0.0,-38.0
1776887992.2041028,1.0,1.0,-41.0
1776887992.2141027,0.0,-2.0,-36.0
1776887992.2241027,1.0,-9.0,-36.0
1776887992.2341027,0.0,-9.0,-39.0
1776887992.2441027,-1.0,-8.0,-43.0
1776887992.2541027,-3.0,-9.0,-43.0
1776887992.2641027,-1.0,-10.0,-39.0
1776887992.2741027,-2.0,-10.0,-35.0
1776887992.284103,0.0,-8.0,-31.0
1776887992.294103,-1.0,-5.0,-34.0
1776887992.304103,1.0,-6.0,-30.0
1776887992.3141026,-2.0,-5.0,-30.0
1776887992.3241026,0.0,-2.0,-30.0
1776887992.3341026,1.0,-1.0,-31.0
1776887992.3441026,-3.0,-2.0,-30.0
1776887992.3541028,-3.0,-2.0,-31.0
1776887992.3641028,-3.0,-2.0,-28.0
1776887992.3741028,-3.0,-3.0,-23.0
1776887992.3841028,-4.0,-4.0,-20.0
1776887992.3941028,0.0,-4.0,-19.0
1776887992.4041028,3.0,-5.0,-25.0
1776887992.4141028,0.0,-6.0,-25.0
1776887992.4241028,2.0,-8.0,-33.0
1776887992.4341028,4.0,-7.0,-35.0
1776887992.4441028,1.0,-6.0,-41.0
1776887992.4541028,5.0,-4.0,-39.0
1776887992.4641027,6.0,-2.0,-40.0
1776887992.4741027,5.0,-1.0,-42.0
1776887992.4841027,-1.0,1.0,-41.0
1776887992.4941027,0.0,1.0,-39.0
1776887992.5041027,-1.0,0.0,-32.0
1776887992.5141027,-2.0,-2.0,-36.0
1776887992.5241027,-3.0,-1.0,-42.0
1776887992.534103,-3.0,2.0,-41.0
1776887992.544103,-1.0,3.0,-35.0
1776887992.554103,-1.0,1.0,-33.0
1776887992.5641026,2.0,0.0,-32.0
1776887992.5741026,4.0,-3.0,-34.0
1776887992.5841026,3.0,-2.0,-31.0
1776887992.5951028,3.0,-5.0,-22.0
1776887992.6051028,0.0,-4.0,-25.0
1776887992.6151028,0.0,-3.0,-28.0
1776887992.6241028,0.0,-2.0,-28.0
1776887992.6351027,-1.0,1.0,-21.0
1776887992.6451027,-1.0,2.0,-19.0
1776887992.6551027,-1.0,2.0,-25.0
1776887992.6651027,0.0,8.0,-34.0
1776887992.6751027,-3.0,6.0,-38.0
1776887992.6851027,1.0,4.0,-34.0
1776887992.6951027,-1.0,3.0,-34.0
1776887992.7051027,-2.0,0.0,-34.0
1776887992.715103,-1.0,0.0,-34.0
1776887992.725103,2.0,-1.0,-36.0
1776887992.735103,6.0,0.0,-33.0
1776887992.7451026,9.0,0.0,-30.0
1776887992.7551026,6.0,-1.0,-27.0
1776887992.7651026,-2.0,0.0,-27.0
1776887992.7751029,-4.0,5.0,-28.0
1776887992.7851028,-6.0,7.0,-29.0
1776887992.7951028,-4.0,4.0,-31.0
1776887992.8051028,-3.0,5.0,-32.0
1776887992.8151028,-2.0,2.0,-37.0
1776887992.8251028,-1.0,0.0,-44.0
1776887992.8351028,-3.0,1.0,-50.0
1776887992.8451028,-4.0,2.0,-50.0
1776887992.8551028,-2.0,-2.0,-48.0
1776887992.8651028,-1.0,-1.0,-45.0
1776887992.8751028,-5.0,1.0,-45.0
1776887992.8851027,-1.0,-1.0,-40.0
1776887992.8951027,2.0,-4.0,-37.0
1776887992.9051027,5.0,-3.0,-38.0
1776887992.9151027,0.0,-3.0,-40.0
1776887992.9251027,-1.0,-7.0,-34.0
1776887992.9351027,0.0,-4.0,-44.0
1776887992.9451027,2.0,-6.0,-44.0
1776887992.9551027,7.0,-5.0,-46.0
1776887992.965103,7.0,-4.0,-42.0
1776887992.975103,4.0,-3.0,-37.0
1776887992.985103,1.0,-1.0,-44.0
1776887992.9951026,-4.0,-1.0,-39.0
1776887993.0051026,-4.0,-2.0,-36.0
1776887993.0161028,-4.0,-2.0,-35.0
1776887993.0251029,-6.0,-1.0,-30.0
1776887993.0351028,-5.0,-3.0,-27.0
1776887993.0451028,0.0,-3.0,-27.0
1776887993.0551028,3.0,-1.0,-26.0
1776887993.0651028,0.0,-4.0,-32.0
1776887993.0751028,-3.0,-2.0,-35.0
1776887993.0851028,-2.0,-2.0,-38.0
1776887993.0951028,-2.0,-1.0,-40.0
1776887993.1051028,1.0,0.0,-42.0
1776887993.1151028,0.0,0.0,-39.0
1776887993.1251028,0.0,-1.0,-41.0
1776887993.1351027,0.0,-1.0,-34.0
1776887993.1451027,0.0,0.0,-30.0
1776887993.1551027,-1.0,2.0,-28.0
1776887993.1651027,-1.0,3.0,-31.0
1776887993.1751027,0.0,0.0,-34.0
1776887993.1851027,0.0,1.0,-37.0
1776887993.1951027,-4.0,-1.0,-33.0
1776887993.2051027,-3.0,0.0,-35.0
1776887993.215103,-2.0,-3.0,-33.0
1776887993.225103,2.0,-2.0,-29.0
1776887993.235103,0.0,-3.0,-29.0
1776887993.2451026,6.0,-3.0,-24.0
1776887993.2551026,4.0,-4.0,-36.0
1776887993.2651026,5.0,-5.0,-43.0
1776887993.2751029,8.0,-2.0,-45.0
1776887993.2851028,6.0,-6.0,-46.0
1776887993.2951028,6.0,-7.0,-41.0
1776887993.3051028,4.0,-3.0,-39.0
1776887993.3151028,5.0,-5.0,-38.0
1776887993.3251028,6.0,-2.0,-44.0
1776887993.3351028,5.0,-2.0,-47.0
1776887993.3451028,5.0,-2.0,-39.0
1776887993.3551028,7.0,-4.0,-38.0
1776887993.3651028,6.0,-7.0,-40.0
1776887993.3751028,3.0,-8.0,-46.0
1776887993.3851027,1.0,-5.0,-49.0
1776887993.3951027,4.0,-4.0,-44.0
1776887993.4051027,2.0,1.0,-42.0
1776887993.4151027,5.0,3.0,-40.0
1776887993.4251027,7.0,2.0,-35.0
1776887993.4351027,1.0,4.0,-32.0
1776887993.4451027,3.0,7.0,-31.0
1776887993.4551027,2.0,7.0,-33.0
1776887993.465103,4.0,7.0,-36.0
1776887993.475103,-1.0,9.0,-29.0
1776887993.485103,-3.0,8.0,-26.0
1776887993.4951026,-5.0,13.0,-24.0
1776887993.5051026,0.0,7.0,-29.0
1776887993.5151026,0.0,4.0,-28.0
1776887993.5251029,0.0,-1.0,-22.0
1776887993.5351028,-1.0,0.0,-21.0
1776887993.5451028,1.0,3.0,-26.0
1776887993.5551028,1.0,4.0,-28.0
1776887993.5651028,3.0,4.0,-33.0
1776887993.5751028,2.0,5.0,-38.0
1776887993.5851028,1.0,2.0,-45.0
1776887993.5951028,-1.0,0.0,-41.0
1776887993.6051028,1.0,0.0,-40.0
1776887993.6151028,5.0,1.0,-46.0
1776887993.6251028,0.0,-1.0,-43.0
1776887993.6351027,1.0,-3.0,-40.0
1776887993.6451027,3.0,-5.0,-37.0
1776887993.6551027,5.0,-6.0,-36.0
1776887993.6651027,6.0,-8.0,-31.0
1776887993.6751027,11.0,-3.0,-30.0
1776887993.6851027,12.0,-2.0,-31.0
1776887993.6951027,10.0,-3.0,-39.0
1776887993.7051027,11.0,-6.0,-37.0
1776887993.715103,9.0,-3.0,-32.0
1776887993.725103,6.0,0.0,-37.0
1776887993.735103,5.0,-2.0,-41.0
1776887993.7451026,-1.0,0.0,-46.0
1776887993.7551026,0.0,-1.0,-48.0
1776887993.7651026,-2.0,-4.0,-52.0
1776887993.7751029,-3.0,-5.0,-49.0
1776887993.7851028,-1.0,-2.0,-51.0
1776887993.7951028,-2.0,-3.0,-55.0
1776887993.8051028,-1.0,-2.0,-50.0
1776887993.8151028,-2.0,-3.0,-47.0
1776887993.8251028,2.0,0.0,-40.0
1776887993.8351028,2.0,1.0,-36.0
1776887993.8451028,2.0,-4.0,-31.0
1776887993.8551028,5.0,-1.0,-38.0
1776887993.8651028,3.0,-3.0,-42.0
1776887993.8751028,4.0,-3.0,-44.0
1776887993.8851027,5.0,-4.0,-51.0
1776887993.8951027,3.0,-9.0,-47.0
1776887993.9051027,1.0,-11.0,-42.0
1776887993.9151027,2.0,-11.0,-41.0
1776887993.9251027,3.0,-12.0,-38.0
1776887993.9351027,2.0,-13.0,-35.0
1776887993.9451027,0.0,-9.0,-40.0
1776887993.9551027,-1.0,-6.0,-47.0
1776887993.965103,-2.0,-4.0,-46.0
1776887993.975103,-3.0,-4.0,-44.0
1776887993.985103,-4.0,-7.0,-42.0
1776887993.9951026,-4.0,-5.0,-40.0
1776887994.0051026,-7.0,-3.0,-40.0
1776887994.0151026,-4.0,-4.0,-41.0
1776887994.0251029,-3.0,0.0,-38.0
1776887994.0351028,2.0,0.0,-36.0
1776887994.0451028,1.0,1.0,-44.0
1776887994.0551028,1.0,-1.0,-47.0
1776887994.0651028,0.0,1.0,-41.0
1776887994.0751028,1.0,1.0,-41.0
1776887994.0851028,2.0,0.0,-41.0
1776887994.0951028,7.0,1.0,-39.0
1776887994.1051028,11.0,-2.0,-38.0
1776887994.1151028,8.0,0.0,-42.0
1776887994.1251028,11.0,2.0,-42.0
1776887994.1351027,13.0,2.0,-36.0
1776887994.1451027,8.0,-6.0,-39.0
1776887994.1551027,6.0,-5.0,-33.0
1776887994.1651027,0.0,-8.0,-35.0
1776887994.1751027,-3.0,-8.0,-30.0
1776887994.1851027,1.0,-7.0,-29.0
1776887994.1951027,5.0,-5.0,-36.0
1776887994.2051027,8.0,-4.0,-38.0
1776887994.215103,8.0,-5.0,-40.0
1776887994.225103,2.0,-5.0,-40.0
1776887994.235103,2.0,-3.0,-40.0
1776887994.2451026,3.0,-6.0,-35.0
1776887994.2551026,5.0,-6.0,-35.0
1776887994.2651026,3.0,-5.0,-35.0
1776887994.2751029,3.0,-6.0,-31.0
1776887994.2851028,4.0,-8.0,-34.0
1776887994.2951028,3.0,-7.0,-34.0
1776887994.3051028,5.0,-5.0,-30.0
1776887994.3151028,5.0,-7.0,-36.0
1776887994.3251028,3.0,-5.0,-36.0
1776887994.3351028,4.0,-2.0,-35.0
1776887994.3451028,1.0,2.0,-31.0
1776887994.3551028,0.0,-1.0,-34.0
1776887994.3651028,2.0,-2.0,-36.0
1776887994.3751028,4.0,-2.0,-34.0
1776887994.3851027,5.0,-3.0,-29.0
1776887994.3951027,9.0,0.0,-32.0
1776887994.4051027,10.0,-2.0,-39.0
1776887994.4151027,8.0,0.0,-40.0
1776887994.4251027,2.0,2.0,-27.0
1776887994.4351027,2.0,3.0,-25.0
1776887994.4451027,5.0,1.0,-24.0
1776887994.4551027,7.0,3.0,-30.0
1776887994.465103,7.0,3.0,-38.0
1776887994.475103,6.0,1.0,-40.0
1776887994.485103,8.0,4.0,-42.0
1776887994.4951026,9.0,3.0,-48.0
1776887994.5051026,9.0,1.0,-45.0
1776887994.5151026,10.0,-2.0,-44.0
1776887994.5251029,6.0,-1.0,-42.0
1776887994.5351028,7.0,1.0,-40.0
1776887994.5451028,7.0,0.0,-41.0
1776887994.5551028,4.0,2.0,-45.0
1776887994.5661027,5.0,-1.0,-47.0
1776887994.5751028,5.0,-1.0,-47.0
1776887994.5851028,-3.0,-2.0,-45.0
1776887994.5951028,-4.0,5.0,-42.0
1776887994.6061027,3.0,2.0,-37.0
1776887994.6161027,3.0,3.0,-36.0
1776887994.6261027,2.0,0.0,-36.0
1776887994.636103,-3.0,-1.0,-32.0
1776887994.646103,-1.0,-1.0,-34.0
1776887994.656103,0.0,-5.0,-33.0
1776887994.6661026,2.0,-4.0,-38.0
1776887994.6761026,2.0,-6.0,-45.0
1776887994.6861026,0.0,-2.0,-39.0
1776887994.6961029,-8.0,-3.0,-39.0
1776887994.7061028,-9.0,1.0,-33.0
1776887994.7161028,-7.0,4.0,-32.0
1776887994.7261028,-4.0,4.0,-33.0
1776887994.7361028,-2.0,0.0,-36.0
1776887994.7461028,2.0,-3.0,-38.0
1776887994.7561028,4.0,-6.0,-43.0
1776887994.7661028,5.0,-2.0,-40.0
1776887994.7761028,5.0,-3.0,-40.0
1776887994.7861028,0.0,-6.0,-38.0
1776887994.7961028,0.0,-7.0,-42.0
1776887994.8061028,3.0,-10.0,-36.0
1776887994.8161027,2.0,-9.0,-27.0
1776887994.8261027,1.0,-7.0,-32.0
1776887994.8361027,0.0,-3.0,-35.0
1776887994.8461027,-3.0,0.0,-36.0
1776887994.8561027,-2.0,-5.0,-36.0
1776887994.8661027,0.0,-8.0,-25.0
1776887994.8761027,4.0,-8.0,-26.0
1776887994.886103,1.0,-4.0,-31.0
1776887994.896103,-1.0,0.0,-27.0
1776887994.906103,-3.0,-4.0,-26.0
1776887994.9161026,0.0,-1.0,-27.0
1776887994.9261026,0.0,0.0,-26.0
1776887994.9361026,0.0,0.0,-29.0
1776887994.9461029,2.0,-3.0,-31.0
1776887994.9561028,3.0,-9.0,-30.0
1776887994.9661028,3.0,-2.0,-30.0
1776887994.9761028,4.0,0.0,-29.0
1776887994.9861028,7.0,0.0,-25.0
1776887994.9961028,0.0,-1.0,-31.0
1776887995.0061028,1.0,-1.0,-29.0
1776887995.0161028,-3.0,-2.0,-24.0
1776887995.0261028,-1.0,3.0,-30.0
1776887995.0361028,0.0,3.0,-32.0
1776887995.0461028,1.0,6.0,-37.0
1776887995.0561028,-1.0,4.0,-37.0
1776887995.0661027,-9.0,2.0,-48.0
1776887995.0761027,-10.0,1.0,-45.0
1776887995.0861027,-7.0,4.0,-39.0
1776887995.0961027,1.0,5.0,-41.0
1776887995.1061027,3.0,2.0,-33.0
1776887995.1161027,0.0,0.0,-35.0
1776887995.1261027,1.0,4.0,-36.0
1776887995.136103,-1.0,4.0,-42.0
1776887995.146103,-2.0,2.0,-41.0
1776887995.156103,0.0,2.0,-35.0
1776887995.1661026,0.0,0.0,-30.0
1776887995.1761026,0.0,-1.0,-31.0
1776887995.1861026,0.0,1.0,-35.0
1776887995.1961029,-5.0,2.0,-32.0
1776887995.2061028,-6.0,0.0,-33.0
1776887995.2161028,-5.0,0.0,-34.0
1776887995.2261028,0.0,-3.0,-36.0
1776887995.2361028,1.0,-4.0,-33.0
1776887995.2461028,0.0,-5.0,-28.0
1776887995.2561028,0.0,-8.0,-33.0
1776887995.2661028,-2.0,-8.0,-34.0
1776887995.2761028,0.0,-12.0,-33.0
1776887995.2861028,2.0,-7.0,-30.0
1776887995.2961028,5.0,-4.0,-30.0
1776887995.3061028,3.0,-4.0,-27.0
1776887995.3161027,8.0,-7.0,-32.0
1776887995.3261027,6.0,-10.0,-38.0
1776887995.3361027,8.0,-8.0,-33.0
1776887995.3461027,6.0,-8.0,-33.0
1776887995.3561027,4.0,-7.0,-29.0
1776887995.3661027,6.0,-7.0,-29.0
1776887995.3761027,0.0,-9.0,-26.0
1776887995.386103,2.0,-8.0,-26.0
1776887995.396103,4.0,-6.0,-26.0
1776887995.406103,2.0,-10.0,-27.0
1776887995.4161026,6.0,-11.0,-25.0
1776887995.4261026,9.0,-4.0,-25.0
1776887995.4361026,14.0,-5.0,-18.0
1776887995.4461029,17.0,0.0,-24.0
1776887995.4561028,16.0,0.0,-20.0
1776887995.4661028,13.0,0.0,-30.0
1776887995.4761028,11.0,3.0,-37.0
1776887995.4861028,5.0,5.0,-39.0
1776887995.4961028,6.0,3.0,-38.0
1776887995.5061028,6.0,0.0,-36.0
1776887995.5161028,5.0,-1.0,-34.0
1776887995.5261028,7.0,-1.0,-38.0
1776887995.5361028,3.0,0.0,-43.0
1776887995.5461028,7.0,0.0,-43.0
1776887995.5561028,3.0,-2.0,-40.0
1776887995.5661027,4.0,-7.0,-37.0
1776887995.5761027,4.0,-5.0,-36.0
1776887995.5861027,4.0,-7.0,-35.0
1776887995.5961027,0.0,-9.0,-34.0
1776887995.6061027,0.0,-9.0,-35.0
1776887995.6161027,0.0,-6.0,-35.0
1776887995.6261027,0.0,-4.0,-28.0
1776887995.636103,-1.0,0.0,-29.0
1776887995.646103,3.0,0.0,-34.0
1776887995.656103,2.0,0.0,-36.0
1776887995.6661026,4.0,0.0,-44.0
1776887995.6761026,4.0,0.0,-43.0
1776887995.6861026,3.0,0.0,-34.0
1776887995.6961029,6.0,1.0,-28.0
1776887995.7061028,9.0,4.0,-30.0
1776887995.7161028,12.0,9.0,-30.0
1776887995.7261028,15.0,9.0,-32.0
1776887995.7361028,13.0,8.0,-33.0
1776887995.7461028,4.0,5.0,-25.0
1776887995.7561028,5.0,1.0,-22.0
1776887995.7661028,1.0,-4.0,-27.0
1776887995.7761028,2.0,0.0,-30.0
1776887995.7861028,4.0,0.0,-38.0
1776887995.7961028,2.0,2.0,-37.0
1776887995.8061028,-2.0,1.0,-35.0
1776887995.8161027,-2.0,0.0,-38.0
1776887995.8261027,-1.0,0.0,-35.0
1776887995.8361027,-1.0,-2.0,-39.0
1776887995.8461027,1.0,-7.0,-37.0
1776887995.8561027,3.0,-8.0,-37.0
1776887995.8661027,-2.0,-5.0,-40.0
1776887995.8761027,-1.0,-5.0,-45.0
1776887995.886103,-4.0,-3.0,-44.0
1776887995.896103,-6.0,0.0,-42.0
1776887995.906103,-3.0,-2.0,-41.0
1776887995.9161026,-4.0,-1.0,-43.0
1776887995.9261026,-1.0,0.0,-49.0
1776887995.9361026,-3.0,3.0,-45.0
1776887995.9461029,-5.0,5.0,-44.0
1776887995.9561028,-4.0,4.0,-46.0
1776887995.9661028,-5.0,6.0,-37.0
1776887995.9761028,-3.0,6.0,-36.0
1776887995.9861028,0.0,6.0,-42.0
1776887995.9961028,1.0,4.0,-39.0
1776887996.0061028,-1.0,-2.0,-38.0
1776887996.0161028,-1.0,-5.0,-34.0
1776887996.0261028,0.0,-7.0,-38.0
1776887996.0361028,-1.0,-2.0,-39.0
1776887996.0461028,3.0,1.0,-33.0
1776887996.0561028,0.0,-4.0,-34.0
1776887996.0661027,-3.0,-5.0,-38.0
1776887996.0761027,-4.0,-2.0,-38.0
1776887996.0861027,-7.0,-7.0,-33.0
1776887996.0961027,-9.0,-7.0,-27.0
1776887996.1061027,-7.0,-6.0,-29.0
1776887996.1161027,-7.0,-4.0,-21.0
1776887996.1261027,-3.0,-3.0,-23.0
1776887996.136103,-3.0,-1.0,-28.0
1776887996.146103,-4.0,1.0,-34.0
1776887996.156103,0.0,0.0,-40.0
1776887996.1661026,1.0,-1.0,-36.0
1776887996.1761026,-4.0,-6.0,-32.0
1776887996.1861026,-6.0,-5.0,-27.0
1776887996.1961029,-5.0,-7.0,-23.0
1776887996.2061028,-5.0,-7.0,-30.0
1776887996.2161028,-4.0,-4.0,-24.0
1776887996.2261028,-3.0,-4.0,-28.0
1776887996.2361028,-2.0,-4.0,-26.0
1776887996.2461028,-3.0,-7.0,-26.0
1776887996.2561028,-1.0,-9.0,-30.0
1776887996.2661028,0.0,-11.0,-30.0
1776887996.2761028,-4.0,-11.0,-32.0
1776887996.2861028,-2.0,-11.0,-37.0
1776887996.2961028,7.0,-9.0,-39.0
1776887996.3061028,9.0,-4.0,-37.0
1776887996.3161027,9.0,-5.0,-34.0
1776887996.3261027,8.0,-3.0,-32.0
1776887996.3361027,6.0,-2.0,-36.0
1776887996.3461027,5.0,-4.0,-32.0
1776887996.3561027,4.0,-10.0,-28.0
1776887996.3661027,5.0,-5.0,-25.0
1776887996.3761027,7.0,-5.0,-29.0
1776887996.386103,7.0,0.0,-35.0
1776887996.396103,4.0,0.0,-43.0
1776887996.406103,5.0,0.0,-39.0
1776887996.4161026,7.0,-1.0,-41.0
1776887996.4261026,6.0,-6.0,-35.0
1776887996.4361026,2.0,-6.0,-31.0
1776887996.4461029,3.0,-8.0,-27.0
1776887996.4561028,2.0,-6.0,-27.0
1776887996.4661028,0.0,-6.0,-28.0
1776887996.4761028,-1.0,-3.0,-30.0
1776887996.4861028,0.0,-3.0,-35.0
1776887996.4961028,0.0,-5.0,-36.0
1776887996.5061028,-5.0,-4.0,-36.0
1776887996.5161028,-5.0,-6.0,-34.0
1776887996.5261028,1.0,-4.0,-39.0
1776887996.5361028,-2.0,-4.0,-46.0
1776887996.5461028,0.0,-3.0,-46.0
1776887996.5561028,2.0,-3.0,-42.0
1776887996.5661027,4.0,-2.0,-39.0
1776887996.5761027,-1.0,-3.0,-39.0
1776887996.5861027,-1.0,-4.0,-42.0
1776887996.5961027,0.0,1.0,-41.0
1776887996.6061027,0.0,0.0,-39.0
1776887996.6171026,0.0,0.0,-40.0
1776887996.6271029,0.0,-2.0,-39.0
1776887996.6371028,0.0,-3.0,-39.0
1776887996.6471028,-4.0,-1.0,-35.0
1776887996.6571028,-5.0,1.0,-34.0
1776887996.6671028,-4.0,2.0,-38.0
1776887996.6761026,-1.0,0.0,-41.0
1776887996.6871028,-2.0,0.0,-32.0
1776887996.6971028,-2.0,-1.0,-30.0
1776887996.7071028,-4.0,-2.0,-36.0
1776887996.7171028,-4.0,0.0,-32.0
1776887996.7271028,-7.0,1.0,-31.0
1776887996.7371027,-8.0,1.0,-30.0
1776887996.7471027,-8.0,2.0,-29.0
1776887996.7571027,-7.0,0.0,-32.0
1776887996.7671027,-9.0,0.0,-34.0
1776887996.7771027,-6.0,2.0,-30.0
1776887996.7871027,-6.0,4.0,-29.0
1776887996.7971027,-4.0,0.0,-32.0
1776887996.807103,-4.0,-2.0,-27.0
1776887996.817103,-4.0,-3.0,-28.0
1776887996.827103,-1.0,-1.0,-26.0
1776887996.837103,0.0,-3.0,-28.0
1776887996.8471026,4.0,-6.0,-28.0
1776887996.8571026,5.0,-7.0,-30.0
1776887996.8671026,5.0,-2.0,-32.0
1776887996.8771029,5.0,-3.0,-31.0
1776887996.8871028,6.0,0.0,-30.0
1776887996.8971028,6.0,1.0,-32.0
1776887996.9071028,3.0,1.0,-32.0
1776887996.9171028,4.0,-2.0,-40.0
1776887996.9271028,1.0,-6.0,-39.0
1776887996.9371028,1.0,-4.0,-38.0
1776887996.9471028,-1.0,-4.0,-37.0
1776887996.9571028,0.0,-3.0,-44.0
1776887996.9671028,1.0,-1.0,-44.0
1776887996.9771028,0.0,0.0,-40.0
1776887996.9871027,-2.0,1.0,-34.0
1776887996.9971027,-2.0,0.0,-34.0
1776887997.0071027,0.0,0.0,-38.0
1776887997.0171027,0.0,3.0,-35.0
1776887997.0271027,-2.0,-1.0,-36.0
1776887997.0371027,-6.0,-2.0,-38.0
1776887997.0471027,-6.0,-2.0,-39.0
1776887997.057103,-2.0,-2.0,-41.0
1776887997.067103,-2.0,-1.0,-44.0
1776887997.077103,-1.0,3.0,-45.0
1776887997.087103,-4.0,-1.0,-43.0
1776887997.0971026,0.0,0.0,-37.0
1776887997.1071026,-2.0,3.0,-26.0
1776887997.1171026,0.0,5.0,-23.0
1776887997.1271029,0.0,5.0,-32.0
1776887997.1371028,0.0,5.0,-30.0
1776887997.1471028,5.0,1.0,-36.0
1776887997.1571028,7.0,1.0,-43.0
1776887997.1671028,7.0,0.0,-48.0
1776887997.1771028,5.0,-1.0,-44.0
1776887997.1871028,5.0,-4.0,-46.0
1776887997.1971028,4.0,-5.0,-47.0
1776887997.2071028,5.0,-4.0,-49.0
1776887997.2171028,4.0,-1.0,-44.0
1776887997.2271028,3.0,-2.0,-39.0
1776887997.2371027,3.0,-3.0,-33.0
1776887997.2471027,4.0,-2.0,-30.0
1776887997.2571027,2.0,-2.0,-40.0
1776887997.2671027,-1.0,-4.0,-41.0
1776887997.2771027,0.0,-3.0,-40.0
1776887997.2871027,-3.0,-4.0,-35.0
1776887997.2971027,-4.0,-4.0,-33.0
1776887997.307103,0.0,-5.0,-37.0
1776887997.317103,1.0,-6.0,-39.0
1776887997.327103,-2.0,-5.0,-30.0
1776887997.337103,-3.0,-6.0,-32.0
1776887997.3471026,-4.0,-6.0,-36.0
1776887997.3571026,-6.0,-2.0,-43.0
1776887997.3671026,-1.0,-2.0,-40.0
1776887997.3771029,0.0,-4.0,-40.0
1776887997.3871028,0.0,-4.0,-40.0
1776887997.3971028,3.0,-1.0,-43.0
1776887997.4071028,3.0,1.0,-39.0
1776887997.4171028,4.0,1.0,-41.0
1776887997.4271028,2.0,7.0,-36.0
1776887997.4371028,5.0,5.0,-35.0
1776887997.4471028,10.0,1.0,-37.0
1776887997.4571028,9.0,1.0,-40.0
1776887997.4671028,10.0,-2.0,-38.0
1776887997.4771028,8.0,-2.0,-39.0
1776887997.4871027,10.0,-4.0,-43.0
1776887997.4971027,11.0,-1.0,-35.0
1776887997.5071027,9.0,0.0,-34.0
1776887997.5171027,5.0,-3.0,-36.0
1776887997.5271027,9.0,-7.0,-44.0
1776887997.5371027,11.0,-8.0,-43.0
1776887997.5471027,6.0,-6.0,-38.0
1776887997.557103,1.0,-3.0,-38.0
1776887997.567103,1.0,1.0,-35.0
1776887997.577103,0.0,0.0,-44.0
1776887997.587103,0.0,2.0,-46.0
1776887997.5971026,-2.0,0.0,-40.0
1776887997.6071026,-2.0,0.0,-37.0
1776887997.6171026,-2.0,3.0,-24.0
1776887997.6271029,-1.0,-1.0,-21.0
1776887997.6371028,0.0,1.0,-26.0
1776887997.6471028,2.0,0.0,-32.0
1776887997.6571028,-1.0,0.0,-36.0
1776887997.6671028,-1.0,-1.0,-45.0
1776887997.6771028,-1.0,-2.0,-39.0
1776887997.6871028,-3.0,-1.0,-44.0
1776887997.6971028,-1.0,-1.0,-37.0
1776887997.7071028,-1.0,-2.0,-32.0
1776887997.7171028,3.0,0.0,-32.0
1776887997.7271028,6.0,-3.0,-30.0
1776887997.7371027,5.0,-2.0,-29.0
1776887997.7471027,2.0,0.0,-28.0
1776887997.7571027,0.0,-1.0,-36.0
1776887997.7671027,-1.0,-5.0,-38.0
1776887997.7771027,-2.0,-3.0,-41.0
1776887997.7871027,0.0,0.0,-35.0
1776887997.7971027,0.0,2.0,-34.0
1776887997.807103,0.0,-2.0,-37.0
1776887997.817103,0.0,-2.0,-46.0
1776887997.827103,1.0,-4.0,-45.0
1776887997.837103,1.0,-3.0,-38.0
1776887997.8471026,-2.0,-3.0,-38.0
1776887997.8571026,-2.0,0.0,-42.0
1776887997.8671026,4.0,0.0,-43.0
1776887997.8771029,7.0,-2.0,-44.0
1776887997.8871028,6.0,-3.0,-38.0
1776887997.8971028,5.0,-5.0,-34.0
1776887997.9071028,-1.0,-3.0,-28.0
1776887997.9171028,-1.0,-2.0,-22.0
1776887997.9271028,0.0,0.0,-18.0
1776887997.9371028,-3.0,-4.0,-18.0
1776887997.9471028,0.0,-2.0,-21.0
1776887997.9571028,3.0,-7.0,-17.0
1776887997.9671028,-1.0,-2.0,-16.0
1776887997.9771028,0.0,-2.0,-22.0
1776887997.9871027,-1.0,-4.0,-28.0
1776887997.9971027,1.0,-1.0,-32.0
1776887998.0071027,0.0,0.0,-40.0
1776887998.0171027,-1.0,1.0,-39.0
1776887998.0271027,2.0,1.0,-42.0
1776887998.0371027,6.0,0.0,-47.0
1776887998.0471027,5.0,-1.0,-45.0
1776887998.057103,6.0,-4.0,-45.0
1776887998.067103,7.0,-5.0,-45.0
1776887998.077103,6.0,-2.0,-49.0
1776887998.087103,4.0,-2.0,-49.0
1776887998.0971026,0.0,-1.0,-54.0
1776887998.1071026,0.0,-1.0,-46.0
1776887998.1171026,3.0,0.0,-40.0
1776887998.1271029,7.0,-2.0,-36.0
1776887998.1371028,3.0,0.0,-41.0
1776887998.1471028,0.0,-2.0,-37.0
1776887998.1571028,3.0,-1.0,-40.0
1776887998.1671028,6.0,0.0,-40.0
1776887998.1771028,9.0,-4.0,-40.0
1776887998.1871028,8.0,-2.0,-40.0
1776887998.1971028,7.0,-5.0,-34.0
1776887998.2071028,8.0,-6.0,-30.0
1776887998.2171028,4.0,-6.0,-33.0
1776887998.2271028,0.0,-5.0,-31.0
1776887998.2371027,2.0,-5.0,-30.0
1776887998.2471027,2.0,-8.0,-34.0
1776887998.2571027,0.0,-9.0,-40.0
1776887998.2671027,0.0,-10.0,-41.0
1776887998.2771027,1.0,-5.0,-38.0
1776887998.2871027,1.0,-4.0,-33.0
1776887998.2971027,2.0,-1.0,-29.0
1776887998.307103,5.0,-1.0,-32.0
1776887998.317103,5.0,-2.0,-34.0
1776887998.327103,2.0,3.0,-39.0
1776887998.337103,2.0,3.0,-37.0
1776887998.3471026,2.0,2.0,-40.0
1776887998.3571026,3.0,1.0,-38.0
1776887998.3671026,1.0,4.0,-41.0
1776887998.3771029,7.0,3.0,-39.0
1776887998.3871028,5.0,2.0,-38.0
1776887998.3971028,-1.0,3.0,-36.0
1776887998.4071028,-3.0,2.0,-37.0
1776887998.4171028,-3.0,0.0,-41.0
1776887998.4271028,-4.0,2.0,-39.0
1776887998.4371028,-10.0,1.0,-36.0
1776887998.4471028,-11.0,0.0,-34.0
1776887998.4571028,-10.0,-3.0,-32.0
1776887998.4671028,-6.0,1.0,-25.0
1776887998.4771028,-2.0,0.0,-23.0
1776887998.4871027,-3.0,0.0,-28.0
1776887998.4971027,-5.0,-1.0,-33.0
1776887998.5071027,-4.0,1.0,-28.0
1776887998.5171027,-5.0,0.0,-28.0
1776887998.5271027,1.0,-1.0,-35.0
1776887998.5371027,1.0,-1.0,-39.0
1776887998.5471027,1.0,-2.0,-39.0
1776887998.5571027,4.0,-2.0,-38.0
1776887998.5671027,3.0,-5.0,-35.0
1776887998.5771027,4.0,-2.0,-33.0
1776887998.5871027,0.0,-2.0,-30.0
1776887998.5981028,0.0,0.0,-35.0
1776887998.6071026,4.0,0.0,-36.0
1776887998.6171026,6.0,-1.0,-29.0
1776887998.6281028,3.0,1.0,-31.0
1776887998.6381028,4.0,3.0,-27.0
1776887998.6471028,4.0,4.0,-31.0
1776887998.6581028,6.0,9.0,-26.0
1776887998.6681027,4.0,8.0,-29.0
1776887998.6771028,1.0,7.0,-35.0
1776887998.6881027,0.0,6.0,-36.0
1776887998.6981027,-3.0,7.0,-38.0
1776887998.7081027,0.0,4.0,-35.0
1776887998.7181027,3.0,4.0,-30.0
1776887998.7281027,5.0,4.0,-32.0
1776887998.7381027,2.0,4.0,-30.0
1776887998.7481027,5.0,6.0,-21.0
1776887998.7581027,9.0,5.0,-17.0
1776887998.7681026,6.0,3.0,-17.0
1776887998.7781026,5.0,5.0,-19.0
1776887998.7881026,4.0,7.0,-25.0
1776887998.7981029,3.0,5.0,-27.0
1776887998.8081028,6.0,5.0,-30.0
1776887998.8181028,-1.0,4.0,-32.0
1776887998.8281028,-3.0,0.0,-30.0
1776887998.8381028,1.0,2.0,-32.0
1776887998.8481028,1.0,3.0,-34.0
1776887998.8581028,-2.0,0.0,-38.0
1776887998.8681028,1.0,3.0,-31.0
1776887998.8781028,0.0,0.0,-36.0
1776887998.8881028,-5.0,-4.0,-43.0
1776887998.8981028,-5.0,-7.0,-34.0
1776887998.9081028,-3.0,-10.0,-31.0
1776887998.9181027,2.0,-12.0,-28.0
1776887998.9281027,2.0,-7.0,-38.0
1776887998.9381027,0.0,-4.0,-34.0
1776887998.9481027,0.0,0.0,-29.0
1776887998.9581027,5.0,1.0,-27.0
1776887998.9681027,4.0,-1.0,-31.0
1776887998.9781027,3.0,-2.0,-37.0
1776887998.9881027,4.0,-4.0,-35.0
1776887998.9981027,1.0,-6.0,-27.0
1776887999.0081027,0.0,-6.0,-29.0
1776887999.0181026,0.0,-6.0,-33.0
1776887999.0281026,3.0,-3.0,-34.0
1776887999.0381026,0.0,0.0,-37.0
1776887999.0481029,1.0,0.0,-37.0
1776887999.0581028,0.0,2.0,-31.0
1776887999.0681028,0.0,1.0,-40.0
1776887999.0781028,5.0,2.0,-51.0
1776887999.0881028,5.0,1.0,-48.0
1776887999.0981028,5.0,-2.0,-40.0
1776887999.1081028,0.0,0.0,-38.0
1776887999.1181028,3.0,2.0,-32.0
1776887999.1281028,0.0,0.0,-29.0
1776887999.1381028,0.0,0.0,-28.0
1776887999.1481028,-1.0,0.0,-25.0
1776887999.1581028,4.0,-1.0,-29.0
1776887999.1681027,3.0,-4.0,-30.0
1776887999.1781027,2.0,-2.0,-27.0
1776887999.1881027,0.0,-4.0,-27.0
1776887999.1981027,1.0,-1.0,-27.0
1776887999.2081027,-1.0,0.0,-31.0
1776887999.2181027,-2.0,-3.0,-35.0
1776887999.2281027,-5.0,-4.0,-37.0
1776887999.2381027,-2.0,-2.0,-38.0
1776887999.2481027,-3.0,0.0,-33.0
1776887999.2581027,-2.0,-1.0,-26.0
1776887999.2681026,1.0,-5.0,-26.0
1776887999.2781026,7.0,0.0,-33.0
1776887999.2881026,5.0,0.0,-37.0
1776887999.2981029,3.0,1.0,-40.0
1776887999.3081028,6.0,3.0,-50.0
1776887999.3181028,6.0,6.0,-46.0
1776887999.3281028,1.0,4.0,-40.0
1776887999.3381028,4.0,1.0,-43.0
1776887999.3481028,8.0,0.0,-40.0
1776887999.3581028,6.0,2.0,-38.0
1776887999.3681028,3.0,6.0,-45.0
1776887999.3781028,4.0,3.0,-40.0
1776887999.3881028,6.0,2.0,-41.0
1776887999.3981028,6.0,2.0,-44.0
1776887999.4081028,9.0,2.0,-42.0
1776887999.4181027,6.0,2.0,-43.0
1776887999.4281027,6.0,-2.0,-50.0
1776887999.4381027,5.0,-3.0,-56.0
1776887999.4481027,2.0,-2.0,-51.0
1776887999.4581027,3.0,-1.0,-43.0
1776887999.4681027,0.0,0.0,-40.0
1776887999.4781027,1.0,0.0,-40.0
1776887999.4881027,1.0,-2.0,-37.0
1776887999.4981027,2.0,-3.0,-39.0
1776887999.5081027,3.0,-4.0,-39.0
1776887999.5181026,5.0,-4.0,-36.0
1776887999.5281026,5.0,-4.0,-32.0
1776887999.5381026,1.0,-1.0,-30.0
1776887999.5481029,0.0,0.0,-28.0
1776887999.5581028,0.0,3.0,-24.0
1776887999.5681028,0.0,0.0,-24.0
1776887999.5781028,0.0,0.0,-26.0
1776887999.5881028,-1.0,-2.0,-33.0
1776887999.5981028,-1.0,-1.0,-30.0
1776887999.6081028,-6.0,0.0,-36.0
1776887999.6181028,-4.0,-3.0,-43.0
1776887999.6281028,-6.0,-1.0,-42.0
1776887999.6381028,-6.0,-2.0,-42.0
1776887999.6481028,-3.0,-3.0,-36.0
1776887999.6581028,1.0,0.0,-33.0
1776887999.6681027,5.0,0.0,-34.0
1776887999.6781027,3.0,3.0,-42.0
1776887999.6881027,1.0,0.0,-41.0
1776887999.6981027,-3.0,1.0,-33.0
1776887999.7081027,-2.0,3.0,-36.0
1776887999.7181027,0.0,3.0,-35.0
1776887999.7281027,1.0,-5.0,-37.0
1776887999.7381027,6.0,-8.0,-39.0
1776887999.7481027,5.0,-12.0,-38.0
1776887999.7581027,1.0,-12.0,-41.0
1776887999.7681026,0.0,-7.0,-36.0
1776887999.7781026,0.0,0.0,-27.0
1776887999.7881026,-1.0,1.0,-28.0
1776887999.7981029,-2.0,3.0,-31.0
1776887999.8081028,3.0,4.0,-28.0
1776887999.8181028,5.0,2.0,-28.0
1776887999.8281028,0.0,2.0,-26.0
1776887999.8381028,2.0,3.0,-29.0
1776887999.8481028,4.0,0.0,-38.0
1776887999.8581028,1.0,4.0,-37.0
1776887999.8681028,2.0,2.0,-32.0
1776887999.8781028,3.0,-2.0,-31.0
1776887999.8881028,3.0,-1.0,-26.0
1776887999.8981028,2.0,1.0,-24.0
1776887999.9081028,0.0,0.0,-26.0
1776887999.9181027,-2.0,2.0,-30.0
1776887999.9281027,1.0,1.0,-37.0
1776887999.9381027,-1.0,0.0,-46.0
1776887999.9481027,-6.0,-1.0,-50.0
1776887999.9581027,-6.0,-3.0,-48.0
1776887999.9681027,-4.0,-5.0,-48.0
1776887999.9781027,-6.0,-6.0,-40.0
1776887999.9881027,-2.0,-4.0,-43.0
1776887999.9981027,-4.0,-5.0,-47.0
